{"resp_b": 0.1, "restrained_fit": true, "exclude_hydrogens": true, "convergence_tolerance": 1e-06, "max_iter": 500, "resp_a": 0.0005, "charge_constraints": {"charge_sum_constraints": [], "charge_equivalence_constraints": [], "molecules": [{"qcmol": {"schema_name": "qcschema_molecule", "schema_version": 2, "validated": true, "symbols": ["C", "C", "C", "C", "C", "C", "H", "H", "H", "H", "H", "H", "H", "H", "H", "H", "H", "H", "H", "H"], "geometry": [[0.0, 0.0, 0.0], [2.8892361896567516, 1.1341132086329436e-16, 4.2936359720555706e-16], [3.9969209203465383, 2.6729537537702575, 0.0], [6.8877146779345635, 2.8221458728786804, -0.2299826245384496], [7.730112087459967, 5.572347211229111, -0.5588095751351807], [8.250475847744225, 1.6179910193883291, 2.023647970858665], [-0.7436037091017857, -1.912209274043648, 0.008210941823714457], [-0.742672412461047, 0.9527496732070131, -1.65985818371517], [-0.7400800919677255, 0.9647285030183113, 1.65436259095274], [3.568759436149521, -1.018286702452959, -1.6525253218665283], [3.554636226651921, -1.0431890293878312, 1.637256095520023], [3.1673030090429215, 3.7179003791181273, -1.565763288918049], [3.40822791251521, 3.6516913682500425, 1.7136352621348387], [7.437082596716046, 1.7914861286391401, -1.9255128850226395], [6.847237046864953, 6.432956733420949, -2.199465426658772], [7.22504676712583, 6.696936214218128, 1.084955440498737], [9.763897212982874, 5.702710798517843, -0.801365069011335], [7.705941639857452, 2.5326690234933125, 3.7816486405156313], [10.284964568042874, 1.805759367637128, 1.829445205848588], [7.8334433944360695, -0.38048359161097955, 2.200477167928863]], "name": "C6H14", "identifiers": {"molecule_hash": "0389ced14066431c26b2a96d771e627d9920bb0a", "molecular_formula": "C6H14"}, "molecular_charge": 0.0, "molecular_multiplicity": 1, "connectivity": [[0, 1, 1.0], [0, 6, 1.0], [0, 7, 1.0], [0, 8, 1.0], [1, 2, 1.0], [1, 9, 1.0], [1, 10, 1.0], [2, 3, 1.0], [2, 11, 1.0], [2, 12, 1.0], [3, 4, 1.0], [3, 5, 1.0], [3, 13, 1.0], [4, 14, 1.0], [4, 15, 1.0], [4, 16, 1.0], [5, 17, 1.0], [5, 18, 1.0], [5, 19, 1.0]], "fix_com": true, "fix_orientation": true, "provenance": {"creator": "QCElemental", "version": "v0.22.0", "routine": "qcelemental.molparse.from_schema"}, "id": "80824"}, "charge": 0, "optimize_geometry": false, "conformers": [], "conformer_generation_options": {"n_conformer_pool": 4000, "n_max_conformers": 0, "rms_tolerance": 0.05, "energy_window": 15, "keep_original_conformer": true}, "stage_1_unrestrained_charges": null, "stage_1_restrained_charges": null, "stage_2_unrestrained_charges": null, "stage_2_restrained_charges": null, "keep_original_orientation": false, "reorientations": [], "translations": [], "rotations": []}], "unconstrained_atoms": [{"index": 0, "molecule": {"qcmol": {"schema_name": "qcschema_molecule", "schema_version": 2, "validated": true, "symbols": ["C", "C", "C", "C", "C", "C", "H", "H", "H", "H", "H", "H", "H", "H", "H", "H", "H", "H", "H", "H"], "geometry": [[0.0, 0.0, 0.0], [2.8892361896567516, 1.1341132086329436e-16, 4.2936359720555706e-16], [3.9969209203465383, 2.6729537537702575, 0.0], [6.8877146779345635, 2.8221458728786804, -0.2299826245384496], [7.730112087459967, 5.572347211229111, -0.5588095751351807], [8.250475847744225, 1.6179910193883291, 2.023647970858665], [-0.7436037091017857, -1.912209274043648, 0.008210941823714457], [-0.742672412461047, 0.9527496732070131, -1.65985818371517], [-0.7400800919677255, 0.9647285030183113, 1.65436259095274], [3.568759436149521, -1.018286702452959, -1.6525253218665283], [3.554636226651921, -1.0431890293878312, 1.637256095520023], [3.1673030090429215, 3.7179003791181273, -1.565763288918049], [3.40822791251521, 3.6516913682500425, 1.7136352621348387], [7.437082596716046, 1.7914861286391401, -1.9255128850226395], [6.847237046864953, 6.432956733420949, -2.199465426658772], [7.22504676712583, 6.696936214218128, 1.084955440498737], [9.763897212982874, 5.702710798517843, -0.801365069011335], [7.705941639857452, 2.5326690234933125, 3.7816486405156313], [10.284964568042874, 1.805759367637128, 1.829445205848588], [7.8334433944360695, -0.38048359161097955, 2.200477167928863]], "name": "C6H14", "identifiers": {"molecule_hash": "0389ced14066431c26b2a96d771e627d9920bb0a", "molecular_formula": "C6H14"}, "molecular_charge": 0.0, "molecular_multiplicity": 1, "connectivity": [[0, 1, 1.0], [0, 6, 1.0], [0, 7, 1.0], [0, 8, 1.0], [1, 2, 1.0], [1, 9, 1.0], [1, 10, 1.0], [2, 3, 1.0], [2, 11, 1.0], [2, 12, 1.0], [3, 4, 1.0], [3, 5, 1.0], [3, 13, 1.0], [4, 14, 1.0], [4, 15, 1.0], [4, 16, 1.0], [5, 17, 1.0], [5, 18, 1.0], [5, 19, 1.0]], "fix_com": true, "fix_orientation": true, "provenance": {"creator": "QCElemental", "version": "v0.22.0", "routine": "qcelemental.molparse.from_schema"}, "id": "80824"}, "charge": 0, "optimize_geometry": false, "conformers": [], "conformer_generation_options": {"n_conformer_pool": 4000, "n_max_conformers": 0, "rms_tolerance": 0.05, "energy_window": 15, "keep_original_conformer": true}, "stage_1_unrestrained_charges": null, "stage_1_restrained_charges": null, "stage_2_unrestrained_charges": null, "stage_2_restrained_charges": null, "keep_original_orientation": false, "reorientations": [], "translations": [], "rotations": []}}, {"index": 1, "molecule": {"qcmol": {"schema_name": "qcschema_molecule", "schema_version": 2, "validated": true, "symbols": ["C", "C", "C", "C", "C", "C", "H", "H", "H", "H", "H", "H", "H", "H", "H", "H", "H", "H", "H", "H"], "geometry": [[0.0, 0.0, 0.0], [2.8892361896567516, 1.1341132086329436e-16, 4.2936359720555706e-16], [3.9969209203465383, 2.6729537537702575, 0.0], [6.8877146779345635, 2.8221458728786804, -0.2299826245384496], [7.730112087459967, 5.572347211229111, -0.5588095751351807], [8.250475847744225, 1.6179910193883291, 2.023647970858665], [-0.7436037091017857, -1.912209274043648, 0.008210941823714457], [-0.742672412461047, 0.9527496732070131, -1.65985818371517], [-0.7400800919677255, 0.9647285030183113, 1.65436259095274], [3.568759436149521, -1.018286702452959, -1.6525253218665283], [3.554636226651921, -1.0431890293878312, 1.637256095520023], [3.1673030090429215, 3.7179003791181273, -1.565763288918049], [3.40822791251521, 3.6516913682500425, 1.7136352621348387], [7.437082596716046, 1.7914861286391401, -1.9255128850226395], [6.847237046864953, 6.432956733420949, -2.199465426658772], [7.22504676712583, 6.696936214218128, 1.084955440498737], [9.763897212982874, 5.702710798517843, -0.801365069011335], [7.705941639857452, 2.5326690234933125, 3.7816486405156313], [10.284964568042874, 1.805759367637128, 1.829445205848588], [7.8334433944360695, -0.38048359161097955, 2.200477167928863]], "name": "C6H14", "identifiers": {"molecule_hash": "0389ced14066431c26b2a96d771e627d9920bb0a", "molecular_formula": "C6H14"}, "molecular_charge": 0.0, "molecular_multiplicity": 1, "connectivity": [[0, 1, 1.0], [0, 6, 1.0], [0, 7, 1.0], [0, 8, 1.0], [1, 2, 1.0], [1, 9, 1.0], [1, 10, 1.0], [2, 3, 1.0], [2, 11, 1.0], [2, 12, 1.0], [3, 4, 1.0], [3, 5, 1.0], [3, 13, 1.0], [4, 14, 1.0], [4, 15, 1.0], [4, 16, 1.0], [5, 17, 1.0], [5, 18, 1.0], [5, 19, 1.0]], "fix_com": true, "fix_orientation": true, "provenance": {"creator": "QCElemental", "version": "v0.22.0", "routine": "qcelemental.molparse.from_schema"}, "id": "80824"}, "charge": 0, "optimize_geometry": false, "conformers": [], "conformer_generation_options": {"n_conformer_pool": 4000, "n_max_conformers": 0, "rms_tolerance": 0.05, "energy_window": 15, "keep_original_conformer": true}, "stage_1_unrestrained_charges": null, "stage_1_restrained_charges": null, "stage_2_unrestrained_charges": null, "stage_2_restrained_charges": null, "keep_original_orientation": false, "reorientations": [], "translations": [], "rotations": []}}, {"index": 2, "molecule": {"qcmol": {"schema_name": "qcschema_molecule", "schema_version": 2, "validated": true, "symbols": ["C", "C", "C", "C", "C", "C", "H", "H", "H", "H", "H", "H", "H", "H", "H", "H", "H", "H", "H", "H"], "geometry": [[0.0, 0.0, 0.0], [2.8892361896567516, 1.1341132086329436e-16, 4.2936359720555706e-16], [3.9969209203465383, 2.6729537537702575, 0.0], [6.8877146779345635, 2.8221458728786804, -0.2299826245384496], [7.730112087459967, 5.572347211229111, -0.5588095751351807], [8.250475847744225, 1.6179910193883291, 2.023647970858665], [-0.7436037091017857, -1.912209274043648, 0.008210941823714457], [-0.742672412461047, 0.9527496732070131, -1.65985818371517], [-0.7400800919677255, 0.9647285030183113, 1.65436259095274], [3.568759436149521, -1.018286702452959, -1.6525253218665283], [3.554636226651921, -1.0431890293878312, 1.637256095520023], [3.1673030090429215, 3.7179003791181273, -1.565763288918049], [3.40822791251521, 3.6516913682500425, 1.7136352621348387], [7.437082596716046, 1.7914861286391401, -1.9255128850226395], [6.847237046864953, 6.432956733420949, -2.199465426658772], [7.22504676712583, 6.696936214218128, 1.084955440498737], [9.763897212982874, 5.702710798517843, -0.801365069011335], [7.705941639857452, 2.5326690234933125, 3.7816486405156313], [10.284964568042874, 1.805759367637128, 1.829445205848588], [7.8334433944360695, -0.38048359161097955, 2.200477167928863]], "name": "C6H14", "identifiers": {"molecule_hash": "0389ced14066431c26b2a96d771e627d9920bb0a", "molecular_formula": "C6H14"}, "molecular_charge": 0.0, "molecular_multiplicity": 1, "connectivity": [[0, 1, 1.0], [0, 6, 1.0], [0, 7, 1.0], [0, 8, 1.0], [1, 2, 1.0], [1, 9, 1.0], [1, 10, 1.0], [2, 3, 1.0], [2, 11, 1.0], [2, 12, 1.0], [3, 4, 1.0], [3, 5, 1.0], [3, 13, 1.0], [4, 14, 1.0], [4, 15, 1.0], [4, 16, 1.0], [5, 17, 1.0], [5, 18, 1.0], [5, 19, 1.0]], "fix_com": true, "fix_orientation": true, "provenance": {"creator": "QCElemental", "version": "v0.22.0", "routine": "qcelemental.molparse.from_schema"}, "id": "80824"}, "charge": 0, "optimize_geometry": false, "conformers": [], "conformer_generation_options": {"n_conformer_pool": 4000, "n_max_conformers": 0, "rms_tolerance": 0.05, "energy_window": 15, "keep_original_conformer": true}, "stage_1_unrestrained_charges": null, "stage_1_restrained_charges": null, "stage_2_unrestrained_charges": null, "stage_2_restrained_charges": null, "keep_original_orientation": false, "reorientations": [], "translations": [], "rotations": []}}, {"index": 4, "molecule": {"qcmol": {"schema_name": "qcschema_molecule", "schema_version": 2, "validated": true, "symbols": ["C", "C", "C", "C", "C", "C", "H", "H", "H", "H", "H", "H", "H", "H", "H", "H", "H", "H", "H", "H"], "geometry": [[0.0, 0.0, 0.0], [2.8892361896567516, 1.1341132086329436e-16, 4.2936359720555706e-16], [3.9969209203465383, 2.6729537537702575, 0.0], [6.8877146779345635, 2.8221458728786804, -0.2299826245384496], [7.730112087459967, 5.572347211229111, -0.5588095751351807], [8.250475847744225, 1.6179910193883291, 2.023647970858665], [-0.7436037091017857, -1.912209274043648, 0.008210941823714457], [-0.742672412461047, 0.9527496732070131, -1.65985818371517], [-0.7400800919677255, 0.9647285030183113, 1.65436259095274], [3.568759436149521, -1.018286702452959, -1.6525253218665283], [3.554636226651921, -1.0431890293878312, 1.637256095520023], [3.1673030090429215, 3.7179003791181273, -1.565763288918049], [3.40822791251521, 3.6516913682500425, 1.7136352621348387], [7.437082596716046, 1.7914861286391401, -1.9255128850226395], [6.847237046864953, 6.432956733420949, -2.199465426658772], [7.22504676712583, 6.696936214218128, 1.084955440498737], [9.763897212982874, 5.702710798517843, -0.801365069011335], [7.705941639857452, 2.5326690234933125, 3.7816486405156313], [10.284964568042874, 1.805759367637128, 1.829445205848588], [7.8334433944360695, -0.38048359161097955, 2.200477167928863]], "name": "C6H14", "identifiers": {"molecule_hash": "0389ced14066431c26b2a96d771e627d9920bb0a", "molecular_formula": "C6H14"}, "molecular_charge": 0.0, "molecular_multiplicity": 1, "connectivity": [[0, 1, 1.0], [0, 6, 1.0], [0, 7, 1.0], [0, 8, 1.0], [1, 2, 1.0], [1, 9, 1.0], [1, 10, 1.0], [2, 3, 1.0], [2, 11, 1.0], [2, 12, 1.0], [3, 4, 1.0], [3, 5, 1.0], [3, 13, 1.0], [4, 14, 1.0], [4, 15, 1.0], [4, 16, 1.0], [5, 17, 1.0], [5, 18, 1.0], [5, 19, 1.0]], "fix_com": true, "fix_orientation": true, "provenance": {"creator": "QCElemental", "version": "v0.22.0", "routine": "qcelemental.molparse.from_schema"}, "id": "80824"}, "charge": 0, "optimize_geometry": false, "conformers": [], "conformer_generation_options": {"n_conformer_pool": 4000, "n_max_conformers": 0, "rms_tolerance": 0.05, "energy_window": 15, "keep_original_conformer": true}, "stage_1_unrestrained_charges": null, "stage_1_restrained_charges": null, "stage_2_unrestrained_charges": null, "stage_2_restrained_charges": null, "keep_original_orientation": false, "reorientations": [], "translations": [], "rotations": []}}, {"index": 5, "molecule": {"qcmol": {"schema_name": "qcschema_molecule", "schema_version": 2, "validated": true, "symbols": ["C", "C", "C", "C", "C", "C", "H", "H", "H", "H", "H", "H", "H", "H", "H", "H", "H", "H", "H", "H"], "geometry": [[0.0, 0.0, 0.0], [2.8892361896567516, 1.1341132086329436e-16, 4.2936359720555706e-16], [3.9969209203465383, 2.6729537537702575, 0.0], [6.8877146779345635, 2.8221458728786804, -0.2299826245384496], [7.730112087459967, 5.572347211229111, -0.5588095751351807], [8.250475847744225, 1.6179910193883291, 2.023647970858665], [-0.7436037091017857, -1.912209274043648, 0.008210941823714457], [-0.742672412461047, 0.9527496732070131, -1.65985818371517], [-0.7400800919677255, 0.9647285030183113, 1.65436259095274], [3.568759436149521, -1.018286702452959, -1.6525253218665283], [3.554636226651921, -1.0431890293878312, 1.637256095520023], [3.1673030090429215, 3.7179003791181273, -1.565763288918049], [3.40822791251521, 3.6516913682500425, 1.7136352621348387], [7.437082596716046, 1.7914861286391401, -1.9255128850226395], [6.847237046864953, 6.432956733420949, -2.199465426658772], [7.22504676712583, 6.696936214218128, 1.084955440498737], [9.763897212982874, 5.702710798517843, -0.801365069011335], [7.705941639857452, 2.5326690234933125, 3.7816486405156313], [10.284964568042874, 1.805759367637128, 1.829445205848588], [7.8334433944360695, -0.38048359161097955, 2.200477167928863]], "name": "C6H14", "identifiers": {"molecule_hash": "0389ced14066431c26b2a96d771e627d9920bb0a", "molecular_formula": "C6H14"}, "molecular_charge": 0.0, "molecular_multiplicity": 1, "connectivity": [[0, 1, 1.0], [0, 6, 1.0], [0, 7, 1.0], [0, 8, 1.0], [1, 2, 1.0], [1, 9, 1.0], [1, 10, 1.0], [2, 3, 1.0], [2, 11, 1.0], [2, 12, 1.0], [3, 4, 1.0], [3, 5, 1.0], [3, 13, 1.0], [4, 14, 1.0], [4, 15, 1.0], [4, 16, 1.0], [5, 17, 1.0], [5, 18, 1.0], [5, 19, 1.0]], "fix_com": true, "fix_orientation": true, "provenance": {"creator": "QCElemental", "version": "v0.22.0", "routine": "qcelemental.molparse.from_schema"}, "id": "80824"}, "charge": 0, "optimize_geometry": false, "conformers": [], "conformer_generation_options": {"n_conformer_pool": 4000, "n_max_conformers": 0, "rms_tolerance": 0.05, "energy_window": 15, "keep_original_conformer": true}, "stage_1_unrestrained_charges": null, "stage_1_restrained_charges": null, "stage_2_unrestrained_charges": null, "stage_2_restrained_charges": null, "keep_original_orientation": false, "reorientations": [], "translations": [], "rotations": []}}]}, "surface_constraints": {"matrix": [[286774531874306.9, 278176347950536.03, 267656190442238.62, 252023629118485.25, 241488072313866.28, 242300194725789.5, 288401273634850.06, 288303503636912.06, 288145271519030.44, 277441738618168.72, 277468399656636.38, 270158417522581.62, 267797536134122.94, 253194770788107.62, 239748130282211.25, 236773449609692.0, 239107980989664.47, 238151726569754.38, 239235335383494.2, 241287435418828.1], [278176347950536.03, 284315879464219.3, 276726413945528.0, 265041313098191.94, 255020018394861.53, 256225035113840.34, 275857519161335.72, 275852966813302.97, 275642156926900.0, 288024811430785.9, 288210256090025.44, 277212820396675.1, 277454154323381.1, 267531300653045.7, 253233496617163.75, 250797168629267.25, 252586726433043.97, 251310211033156.53, 253029806650207.2, 256793053708891.8], [267656190442238.62, 276726413945528.0, 283082552887014.5, 274282847996671.75, 266823228139802.56, 266831608740203.0, 266389868273798.47, 264048423010659.12, 263613148558155.12, 276217974236276.47, 276276001095608.75, 288056865825858.75, 288204968385041.5, 275427731056257.3, 265392099017928.38, 265170459385854.03, 263213180548129.9, 262932697296730.25, 265302243646568.66, 265646053693097.22], [252023629118485.25, 265041313098191.94, 274282847996671.75, 278838853265520.8, 274998172858149.28, 275084660194826.0, 249384523147417.38, 246808992367746.0, 248429137387618.56, 263853052673857.06, 266897878793265.62, 275116159520173.97, 275349797337523.06, 284485063311812.44, 274058732303803.44, 273611778772475.25, 273208297900316.38, 273837286665024.1, 273891143520551.75, 273530615534079.03], [241488072313866.28, 255020018394861.53, 266823228139802.56, 274998172858149.28, 285429292860139.8, 267004195084987.16, 238458956150958.5, 236569310499782.34, 237722499689898.34, 254175479274338.44, 255378027795573.16, 269181460304524.66, 265940784300161.1, 275971650027168.3, 288196870214975.6, 287822733626805.6, 287395077008694.94, 267213810478767.7, 264048564834036.0, 262684808687479.88], [242300194725789.5, 256225035113840.34, 266831608740203.0, 275084660194826.0, 267004195084987.16, 285659103568317.4, 238834402930992.5, 238242287216482.47, 237827000439993.66, 255656370436825.44, 257484623059008.0, 266774028809932.84, 267235018239825.25, 276065583149978.47, 262061001712299.4, 267052938955407.12, 264715537580131.4, 288149012766404.9, 288238158178038.75, 287871374416610.9], [288401273634850.06, 275857519161335.72, 266389868273798.47, 249384523147417.38, 238458956150958.5, 238834402930992.5, 302069921707123.75, 285650974545809.8, 285516322519264.2, 272151820767150.56, 274145679596519.03, 271492796569706.88, 265825212579856.0, 250672851468061.2, 237122841557744.44, 233121777917995.56, 236050430769586.8, 234479599074562.56, 236234270925712.4, 236856281795474.75], [288303503636912.06, 275852966813302.97, 264048423010659.12, 246808992367746.0, 236569310499782.34, 238242287216482.47, 285650974545809.8, 301665453931396.3, 285463754497104.5, 276319663391015.5, 272062720572025.6, 268488884737890.53, 262763365545129.5, 245695557782125.06, 233786245968063.3, 232774383413320.8, 234483419174836.03, 234734269392360.3, 235257070603695.03, 237407739511374.47], [288145271519030.44, 275642156926900.0, 263613148558155.12, 248429137387618.56, 237722499689898.34, 237827000439993.66, 285516322519264.2, 285463754497104.5, 301397330860800.4, 272975514354662.38, 275200074348326.5, 262989391623744.06, 265517167814967.03, 251003789818086.1, 236580739126942.1, 232448419522664.34, 235151289329274.7, 233861620578305.47, 234286093626805.84, 236476432892815.22], [277441738618168.72, 288024811430785.9, 276217974236276.47, 263853052673857.06, 254175479274338.44, 255656370436825.44, 272151820767150.56, 276319663391015.5, 272975514354662.38, 302958072371267.56, 287832896106778.06, 275086843577357.47, 275640373848331.7, 265112114325218.06, 253427720704209.97, 249120500398614.7, 251922559002052.8, 250531912539073.4, 251570620353608.2, 257877643175899.34], [277468399656636.38, 288210256090025.44, 276276001095608.75, 266897878793265.62, 255378027795573.16, 257484623059008.0, 274145679596519.03, 272062720572025.6, 275200074348326.5, 287832896106778.06, 303662769277690.4, 272935126922510.06, 275136129819717.5, 272694384496447.84, 252287106306264.25, 250600334755530.03, 253753986699321.22, 251411240793842.16, 253871088862620.06, 259227197263737.25], [270158417522581.62, 277212820396675.1, 288056865825858.75, 275116159520173.97, 269181460304524.66, 266774028809932.84, 271492796569706.88, 268488884737890.53, 262989391623744.06, 275086843577357.47, 272935126922510.06, 304544611895445.56, 288989642949940.25, 272205244808362.5, 268086696355475.75, 267940574472691.38, 265838772049894.38, 262312678279098.94, 267058901695365.3, 263726021565455.34], [267797536134122.94, 277454154323381.1, 288204968385041.5, 275349797337523.06, 265940784300161.1, 267235018239825.25, 265825212579856.0, 262763365545129.5, 265517167814967.03, 275640373848331.7, 275136129819717.5, 288989642949940.25, 304611097957972.6, 275366924408959.34, 264104432216128.4, 265875557429353.53, 259761466518007.03, 262863948573948.5, 265069034433436.1, 266622145231688.5], [253194770788107.62, 267531300653045.7, 275427731056257.3, 284485063311812.44, 275971650027168.3, 276065583149978.47, 250672851468061.2, 245695557782125.06, 251003789818086.1, 265112114325218.06, 272694384496447.84, 272205244808362.5, 275366924408959.34, 301290277353941.2, 275937697305503.5, 270536371276374.78, 273190925187131.34, 272804711368824.78, 273661309246435.0, 273600621913328.97], [239748130282211.25, 253233496617163.75, 265392099017928.38, 274058732303803.44, 288196870214975.6, 262061001712299.4, 237122841557744.44, 233786245968063.3, 236580739126942.1, 253427720704209.97, 252287106306264.25, 268086696355475.75, 264104432216128.4, 275937697305503.5, 302503220433547.4, 286252446598540.6, 286030527021329.44, 262544043023733.66, 258108602352704.47, 255665060667327.2], [236773449609692.0, 250797168629267.25, 265170459385854.03, 273611778772475.25, 287822733626805.6, 267052938955407.12, 233121777917995.56, 232774383413320.8, 232448419522664.34, 249120500398614.7, 250600334755530.03, 267940574472691.38, 265875557429353.53, 270536371276374.78, 286252446598540.6, 302162747007174.56, 285539694009514.0, 267575721087433.22, 264385453939515.3, 263085861444960.38], [239107980989664.47, 252586726433043.97, 263213180548129.9, 273208297900316.38, 287395077008694.94, 264715537580131.4, 236050430769586.8, 234483419174836.03, 235151289329274.7, 251922559002052.8, 253753986699321.22, 265838772049894.38, 259761466518007.03, 273190925187131.34, 286030527021329.44, 285539694009514.0, 300967159371728.06, 265265465016937.88, 261212548830937.6, 260192937384534.97], [238151726569754.38, 251310211033156.53, 262932697296730.25, 273837286665024.1, 267213810478767.7, 288149012766404.9, 234479599074562.56, 234734269392360.3, 233861620578305.47, 250531912539073.4, 251411240793842.16, 262312678279098.94, 262863948573948.5, 272804711368824.78, 262544043023733.66, 267575721087433.22, 265265465016937.88, 302428956246104.75, 286400977779372.56, 286128841698522.7], [239235335383494.2, 253029806650207.2, 265302243646568.66, 273891143520551.75, 264048564834036.0, 288238158178038.75, 236234270925712.4, 235257070603695.03, 234286093626805.84, 251570620353608.2, 253871088862620.06, 267058901695365.3, 265069034433436.1, 273661309246435.0, 258108602352704.47, 264385453939515.3, 261212548830937.6, 286400977779372.56, 302489701532536.1, 286329672024100.75], [241287435418828.1, 256793053708891.8, 265646053693097.22, 273530615534079.03, 262684808687479.88, 287871374416610.9, 236856281795474.75, 237407739511374.47, 236476432892815.22, 257877643175899.34, 259227197263737.25, 263726021565455.34, 266622145231688.5, 273600621913328.97, 255665060667327.2, 263085861444960.38, 260192937384534.97, 286128841698522.7, 286329672024100.75, 301653370535422.3], [1103595728918.7043, 1431106455875.1829, 1461534002198.0942, 1428037708546.8867, 1143248948354.404, 1145887254062.854, 1056042969351.8508, 981433364543.6737, 1051857318953.514, 1461680720353.5515, 1558161314265.9182, 1450429110990.5327, 1518525089253.393, 1686878799803.9226, 1144323440616.1235, 1037880585788.1388, 1086949926027.7244, 1068387103118.3463, 1105037916512.492, 1106238541028.0847]]}}