{"resp_b": 0.1, "restrained_fit": true, "exclude_hydrogens": true, "convergence_tolerance": 1e-06, "max_iter": 500, "resp_a": 0.0005, "charge_constraints": {"charge_sum_constraints": [], "charge_equivalence_constraints": [], "molecules": [{"qcmol": {"schema_name": "qcschema_molecule", "schema_version": 2, "validated": true, "symbols": ["C", "C", "C", "C", "C", "C", "H", "H", "H", "H", "H", "H", "H", "H", "H", "H", "H", "H", "H", "H"], "geometry": [[0.0, 0.0, 0.0], [2.8892361896567516, 1.1341132086329436e-16, 4.2936359720555706e-16], [3.9969209203465383, 2.6729537537702575, 0.0], [6.8877146779345635, 2.8221458728786804, -0.2299826245384496], [7.730112087459967, 5.572347211229111, -0.5588095751351807], [8.250475847744225, 1.6179910193883291, 2.023647970858665], [-0.7436037091017857, -1.912209274043648, 0.008210941823714457], [-0.742672412461047, 0.9527496732070131, -1.65985818371517], [-0.7400800919677255, 0.9647285030183113, 1.65436259095274], [3.568759436149521, -1.018286702452959, -1.6525253218665283], [3.554636226651921, -1.0431890293878312, 1.637256095520023], [3.1673030090429215, 3.7179003791181273, -1.565763288918049], [3.40822791251521, 3.6516913682500425, 1.7136352621348387], [7.437082596716046, 1.7914861286391401, -1.9255128850226395], [6.847237046864953, 6.432956733420949, -2.199465426658772], [7.22504676712583, 6.696936214218128, 1.084955440498737], [9.763897212982874, 5.702710798517843, -0.801365069011335], [7.705941639857452, 2.5326690234933125, 3.7816486405156313], [10.284964568042874, 1.805759367637128, 1.829445205848588], [7.8334433944360695, -0.38048359161097955, 2.200477167928863]], "name": "C6H14", "identifiers": {"molecule_hash": "0389ced14066431c26b2a96d771e627d9920bb0a", "molecular_formula": "C6H14"}, "molecular_charge": 0.0, "molecular_multiplicity": 1, "connectivity": [[0, 1, 1.0], [0, 6, 1.0], [0, 7, 1.0], [0, 8, 1.0], [1, 2, 1.0], [1, 9, 1.0], [1, 10, 1.0], [2, 3, 1.0], [2, 11, 1.0], [2, 12, 1.0], [3, 4, 1.0], [3, 5, 1.0], [3, 13, 1.0], [4, 14, 1.0], [4, 15, 1.0], [4, 16, 1.0], [5, 17, 1.0], [5, 18, 1.0], [5, 19, 1.0]], "fix_com": true, "fix_orientation": true, "provenance": {"creator": "QCElemental", "version": "v0.22.0", "routine": "qcelemental.molparse.from_schema"}, "id": "80824"}, "charge": 0, "optimize_geometry": false, "conformers": [], "conformer_generation_options": {"n_conformer_pool": 4000, "n_max_conformers": 0, "rms_tolerance": 0.05, "energy_window": 15, "keep_original_conformer": true}, "stage_1_unrestrained_charges": null, "stage_1_restrained_charges": null, "stage_2_unrestrained_charges": null, "stage_2_restrained_charges": null, "keep_original_orientation": false, "reorientations": [], "translations": [], "rotations": []}], "unconstrained_atoms": [{"index": 0, "molecule": {"qcmol": {"schema_name": "qcschema_molecule", "schema_version": 2, "validated": true, "symbols": ["C", "C", "C", "C", "C", "C", "H", "H", "H", "H", "H", "H", "H", "H", "H", "H", "H", "H", "H", "H"], "geometry": [[0.0, 0.0, 0.0], [2.8892361896567516, 1.1341132086329436e-16, 4.2936359720555706e-16], [3.9969209203465383, 2.6729537537702575, 0.0], [6.8877146779345635, 2.8221458728786804, -0.2299826245384496], [7.730112087459967, 5.572347211229111, -0.5588095751351807], [8.250475847744225, 1.6179910193883291, 2.023647970858665], [-0.7436037091017857, -1.912209274043648, 0.008210941823714457], [-0.742672412461047, 0.9527496732070131, -1.65985818371517], [-0.7400800919677255, 0.9647285030183113, 1.65436259095274], [3.568759436149521, -1.018286702452959, -1.6525253218665283], [3.554636226651921, -1.0431890293878312, 1.637256095520023], [3.1673030090429215, 3.7179003791181273, -1.565763288918049], [3.40822791251521, 3.6516913682500425, 1.7136352621348387], [7.437082596716046, 1.7914861286391401, -1.9255128850226395], [6.847237046864953, 6.432956733420949, -2.199465426658772], [7.22504676712583, 6.696936214218128, 1.084955440498737], [9.763897212982874, 5.702710798517843, -0.801365069011335], [7.705941639857452, 2.5326690234933125, 3.7816486405156313], [10.284964568042874, 1.805759367637128, 1.829445205848588], [7.8334433944360695, -0.38048359161097955, 2.200477167928863]], "name": "C6H14", "identifiers": {"molecule_hash": "0389ced14066431c26b2a96d771e627d9920bb0a", "molecular_formula": "C6H14"}, "molecular_charge": 0.0, "molecular_multiplicity": 1, "connectivity": [[0, 1, 1.0], [0, 6, 1.0], [0, 7, 1.0], [0, 8, 1.0], [1, 2, 1.0], [1, 9, 1.0], [1, 10, 1.0], [2, 3, 1.0], [2, 11, 1.0], [2, 12, 1.0], [3, 4, 1.0], [3, 5, 1.0], [3, 13, 1.0], [4, 14, 1.0], [4, 15, 1.0], [4, 16, 1.0], [5, 17, 1.0], [5, 18, 1.0], [5, 19, 1.0]], "fix_com": true, "fix_orientation": true, "provenance": {"creator": "QCElemental", "version": "v0.22.0", "routine": "qcelemental.molparse.from_schema"}, "id": "80824"}, "charge": 0, "optimize_geometry": false, "conformers": [], "conformer_generation_options": {"n_conformer_pool": 4000, "n_max_conformers": 0, "rms_tolerance": 0.05, "energy_window": 15, "keep_original_conformer": true}, "stage_1_unrestrained_charges": null, "stage_1_restrained_charges": null, "stage_2_unrestrained_charges": null, "stage_2_restrained_charges": null, "keep_original_orientation": false, "reorientations": [], "translations": [], "rotations": []}}, {"index": 1, "molecule": {"qcmol": {"schema_name": "qcschema_molecule", "schema_version": 2, "validated": true, "symbols": ["C", "C", "C", "C", "C", "C", "H", "H", "H", "H", "H", "H", "H", "H", "H", "H", "H", "H", "H", "H"], "geometry": [[0.0, 0.0, 0.0], [2.8892361896567516, 1.1341132086329436e-16, 4.2936359720555706e-16], [3.9969209203465383, 2.6729537537702575, 0.0], [6.8877146779345635, 2.8221458728786804, -0.2299826245384496], [7.730112087459967, 5.572347211229111, -0.5588095751351807], [8.250475847744225, 1.6179910193883291, 2.023647970858665], [-0.7436037091017857, -1.912209274043648, 0.008210941823714457], [-0.742672412461047, 0.9527496732070131, -1.65985818371517], [-0.7400800919677255, 0.9647285030183113, 1.65436259095274], [3.568759436149521, -1.018286702452959, -1.6525253218665283], [3.554636226651921, -1.0431890293878312, 1.637256095520023], [3.1673030090429215, 3.7179003791181273, -1.565763288918049], [3.40822791251521, 3.6516913682500425, 1.7136352621348387], [7.437082596716046, 1.7914861286391401, -1.9255128850226395], [6.847237046864953, 6.432956733420949, -2.199465426658772], [7.22504676712583, 6.696936214218128, 1.084955440498737], [9.763897212982874, 5.702710798517843, -0.801365069011335], [7.705941639857452, 2.5326690234933125, 3.7816486405156313], [10.284964568042874, 1.805759367637128, 1.829445205848588], [7.8334433944360695, -0.38048359161097955, 2.200477167928863]], "name": "C6H14", "identifiers": {"molecule_hash": "0389ced14066431c26b2a96d771e627d9920bb0a", "molecular_formula": "C6H14"}, "molecular_charge": 0.0, "molecular_multiplicity": 1, "connectivity": [[0, 1, 1.0], [0, 6, 1.0], [0, 7, 1.0], [0, 8, 1.0], [1, 2, 1.0], [1, 9, 1.0], [1, 10, 1.0], [2, 3, 1.0], [2, 11, 1.0], [2, 12, 1.0], [3, 4, 1.0], [3, 5, 1.0], [3, 13, 1.0], [4, 14, 1.0], [4, 15, 1.0], [4, 16, 1.0], [5, 17, 1.0], [5, 18, 1.0], [5, 19, 1.0]], "fix_com": true, "fix_orientation": true, "provenance": {"creator": "QCElemental", "version": "v0.22.0", "routine": "qcelemental.molparse.from_schema"}, "id": "80824"}, "charge": 0, "optimize_geometry": false, "conformers": [], "conformer_generation_options": {"n_conformer_pool": 4000, "n_max_conformers": 0, "rms_tolerance": 0.05, "energy_window": 15, "keep_original_conformer": true}, "stage_1_unrestrained_charges": null, "stage_1_restrained_charges": null, "stage_2_unrestrained_charges": null, "stage_2_restrained_charges": null, "keep_original_orientation": false, "reorientations": [], "translations": [], "rotations": []}}, {"index": 2, "molecule": {"qcmol": {"schema_name": "qcschema_molecule", "schema_version": 2, "validated": true, "symbols": ["C", "C", "C", "C", "C", "C", "H", "H", "H", "H", "H", "H", "H", "H", "H", "H", "H", "H", "H", "H"], "geometry": [[0.0, 0.0, 0.0], [2.8892361896567516, 1.1341132086329436e-16, 4.2936359720555706e-16], [3.9969209203465383, 2.6729537537702575, 0.0], [6.8877146779345635, 2.8221458728786804, -0.2299826245384496], [7.730112087459967, 5.572347211229111, -0.5588095751351807], [8.250475847744225, 1.6179910193883291, 2.023647970858665], [-0.7436037091017857, -1.912209274043648, 0.008210941823714457], [-0.742672412461047, 0.9527496732070131, -1.65985818371517], [-0.7400800919677255, 0.9647285030183113, 1.65436259095274], [3.568759436149521, -1.018286702452959, -1.6525253218665283], [3.554636226651921, -1.0431890293878312, 1.637256095520023], [3.1673030090429215, 3.7179003791181273, -1.565763288918049], [3.40822791251521, 3.6516913682500425, 1.7136352621348387], [7.437082596716046, 1.7914861286391401, -1.9255128850226395], [6.847237046864953, 6.432956733420949, -2.199465426658772], [7.22504676712583, 6.696936214218128, 1.084955440498737], [9.763897212982874, 5.702710798517843, -0.801365069011335], [7.705941639857452, 2.5326690234933125, 3.7816486405156313], [10.284964568042874, 1.805759367637128, 1.829445205848588], [7.8334433944360695, -0.38048359161097955, 2.200477167928863]], "name": "C6H14", "identifiers": {"molecule_hash": "0389ced14066431c26b2a96d771e627d9920bb0a", "molecular_formula": "C6H14"}, "molecular_charge": 0.0, "molecular_multiplicity": 1, "connectivity": [[0, 1, 1.0], [0, 6, 1.0], [0, 7, 1.0], [0, 8, 1.0], [1, 2, 1.0], [1, 9, 1.0], [1, 10, 1.0], [2, 3, 1.0], [2, 11, 1.0], [2, 12, 1.0], [3, 4, 1.0], [3, 5, 1.0], [3, 13, 1.0], [4, 14, 1.0], [4, 15, 1.0], [4, 16, 1.0], [5, 17, 1.0], [5, 18, 1.0], [5, 19, 1.0]], "fix_com": true, "fix_orientation": true, "provenance": {"creator": "QCElemental", "version": "v0.22.0", "routine": "qcelemental.molparse.from_schema"}, "id": "80824"}, "charge": 0, "optimize_geometry": false, "conformers": [], "conformer_generation_options": {"n_conformer_pool": 4000, "n_max_conformers": 0, "rms_tolerance": 0.05, "energy_window": 15, "keep_original_conformer": true}, "stage_1_unrestrained_charges": null, "stage_1_restrained_charges": null, "stage_2_unrestrained_charges": null, "stage_2_restrained_charges": null, "keep_original_orientation": false, "reorientations": [], "translations": [], "rotations": []}}, {"index": 4, "molecule": {"qcmol": {"schema_name": "qcschema_molecule", "schema_version": 2, "validated": true, "symbols": ["C", "C", "C", "C", "C", "C", "H", "H", "H", "H", "H", "H", "H", "H", "H", "H", "H", "H", "H", "H"], "geometry": [[0.0, 0.0, 0.0], [2.8892361896567516, 1.1341132086329436e-16, 4.2936359720555706e-16], [3.9969209203465383, 2.6729537537702575, 0.0], [6.8877146779345635, 2.8221458728786804, -0.2299826245384496], [7.730112087459967, 5.572347211229111, -0.5588095751351807], [8.250475847744225, 1.6179910193883291, 2.023647970858665], [-0.7436037091017857, -1.912209274043648, 0.008210941823714457], [-0.742672412461047, 0.9527496732070131, -1.65985818371517], [-0.7400800919677255, 0.9647285030183113, 1.65436259095274], [3.568759436149521, -1.018286702452959, -1.6525253218665283], [3.554636226651921, -1.0431890293878312, 1.637256095520023], [3.1673030090429215, 3.7179003791181273, -1.565763288918049], [3.40822791251521, 3.6516913682500425, 1.7136352621348387], [7.437082596716046, 1.7914861286391401, -1.9255128850226395], [6.847237046864953, 6.432956733420949, -2.199465426658772], [7.22504676712583, 6.696936214218128, 1.084955440498737], [9.763897212982874, 5.702710798517843, -0.801365069011335], [7.705941639857452, 2.5326690234933125, 3.7816486405156313], [10.284964568042874, 1.805759367637128, 1.829445205848588], [7.8334433944360695, -0.38048359161097955, 2.200477167928863]], "name": "C6H14", "identifiers": {"molecule_hash": "0389ced14066431c26b2a96d771e627d9920bb0a", "molecular_formula": "C6H14"}, "molecular_charge": 0.0, "molecular_multiplicity": 1, "connectivity": [[0, 1, 1.0], [0, 6, 1.0], [0, 7, 1.0], [0, 8, 1.0], [1, 2, 1.0], [1, 9, 1.0], [1, 10, 1.0], [2, 3, 1.0], [2, 11, 1.0], [2, 12, 1.0], [3, 4, 1.0], [3, 5, 1.0], [3, 13, 1.0], [4, 14, 1.0], [4, 15, 1.0], [4, 16, 1.0], [5, 17, 1.0], [5, 18, 1.0], [5, 19, 1.0]], "fix_com": true, "fix_orientation": true, "provenance": {"creator": "QCElemental", "version": "v0.22.0", "routine": "qcelemental.molparse.from_schema"}, "id": "80824"}, "charge": 0, "optimize_geometry": false, "conformers": [], "conformer_generation_options": {"n_conformer_pool": 4000, "n_max_conformers": 0, "rms_tolerance": 0.05, "energy_window": 15, "keep_original_conformer": true}, "stage_1_unrestrained_charges": null, "stage_1_restrained_charges": null, "stage_2_unrestrained_charges": null, "stage_2_restrained_charges": null, "keep_original_orientation": false, "reorientations": [], "translations": [], "rotations": []}}, {"index": 5, "molecule": {"qcmol": {"schema_name": "qcschema_molecule", "schema_version": 2, "validated": true, "symbols": ["C", "C", "C", "C", "C", "C", "H", "H", "H", "H", "H", "H", "H", "H", "H", "H", "H", "H", "H", "H"], "geometry": [[0.0, 0.0, 0.0], [2.8892361896567516, 1.1341132086329436e-16, 4.2936359720555706e-16], [3.9969209203465383, 2.6729537537702575, 0.0], [6.8877146779345635, 2.8221458728786804, -0.2299826245384496], [7.730112087459967, 5.572347211229111, -0.5588095751351807], [8.250475847744225, 1.6179910193883291, 2.023647970858665], [-0.7436037091017857, -1.912209274043648, 0.008210941823714457], [-0.742672412461047, 0.9527496732070131, -1.65985818371517], [-0.7400800919677255, 0.9647285030183113, 1.65436259095274], [3.568759436149521, -1.018286702452959, -1.6525253218665283], [3.554636226651921, -1.0431890293878312, 1.637256095520023], [3.1673030090429215, 3.7179003791181273, -1.565763288918049], [3.40822791251521, 3.6516913682500425, 1.7136352621348387], [7.437082596716046, 1.7914861286391401, -1.9255128850226395], [6.847237046864953, 6.432956733420949, -2.199465426658772], [7.22504676712583, 6.696936214218128, 1.084955440498737], [9.763897212982874, 5.702710798517843, -0.801365069011335], [7.705941639857452, 2.5326690234933125, 3.7816486405156313], [10.284964568042874, 1.805759367637128, 1.829445205848588], [7.8334433944360695, -0.38048359161097955, 2.200477167928863]], "name": "C6H14", "identifiers": {"molecule_hash": "0389ced14066431c26b2a96d771e627d9920bb0a", "molecular_formula": "C6H14"}, "molecular_charge": 0.0, "molecular_multiplicity": 1, "connectivity": [[0, 1, 1.0], [0, 6, 1.0], [0, 7, 1.0], [0, 8, 1.0], [1, 2, 1.0], [1, 9, 1.0], [1, 10, 1.0], [2, 3, 1.0], [2, 11, 1.0], [2, 12, 1.0], [3, 4, 1.0], [3, 5, 1.0], [3, 13, 1.0], [4, 14, 1.0], [4, 15, 1.0], [4, 16, 1.0], [5, 17, 1.0], [5, 18, 1.0], [5, 19, 1.0]], "fix_com": true, "fix_orientation": true, "provenance": {"creator": "QCElemental", "version": "v0.22.0", "routine": "qcelemental.molparse.from_schema"}, "id": "80824"}, "charge": 0, "optimize_geometry": false, "conformers": [], "conformer_generation_options": {"n_conformer_pool": 4000, "n_max_conformers": 0, "rms_tolerance": 0.05, "energy_window": 15, "keep_original_conformer": true}, "stage_1_unrestrained_charges": null, "stage_1_restrained_charges": null, "stage_2_unrestrained_charges": null, "stage_2_restrained_charges": null, "keep_original_orientation": false, "reorientations": [], "translations": [], "rotations": []}}]}, "surface_constraints": {"matrix": [[118594288809297.38, 114907047691995.62, 110151280309542.89, 103209601014468.89, 98485467486615.34, 98825311052749.17, 119009017270822.06, 118973566528961.14, 118887472604385.11, 114457885382205.33, 114451344066735.42, 111067724949515.3, 110091354034439.25, 103754680897172.28, 97652702563179.61, 96250505998798.81, 97338153002982.69, 96845413298508.6, 97437237544419.52, 98247213924640.34], [114907047691995.62, 117793127588317.52, 114290334089605.5, 108994117795461.89, 104445779104219.66, 104941563128877.5, 113621814837118.34, 113640523484451.39, 113523661106353.52, 119291948946866.28, 119336915654917.9, 114324330002701.67, 114477151494420.14, 110095884955744.11, 103605616414004.92, 102358825630562.62, 103236848104847.33, 102596950605985.72, 103479773325513.19, 105000459971409.3], [110151280309542.89, 114290334089605.5, 116969380118257.81, 112949073142451.05, 109457690395335.42, 109454491227125.98, 109376138044121.08, 108359028413261.84, 108180595499662.48, 113953849877095.36, 113967495014187.73, 118925320349332.95, 119068520598344.42, 113551238960209.06, 108758513380037.55, 108401541571771.44, 107725898273777.31, 107497112618530.14, 108702412398932.78, 108736337288097.42], [103209601014468.89, 108994117795461.89, 112949073142451.05, 114859481291989.27, 112962855109143.23, 112970736184308.08, 101900216738020.92, 100783733207875.31, 101491942674161.38, 108375696471512.53, 109679457369679.4, 113112759062276.33, 113312242576928.38, 117436892545595.55, 112469829678760.33, 111975824648380.03, 111993913769650.17, 112105347599153.27, 112355309427603.83, 112072191587624.38], [98485467486615.34, 104445779104219.66, 109457690395335.42, 112962855109143.23, 117391424819725.23, 109208879750188.67, 97035769438424.73, 96226935060373.52, 96719871592031.9, 104008226404177.67, 104514370241813.95, 110291778878556.56, 108952188111044.62, 113526301562324.3, 118489717394621.72, 117994480675003.33, 118048755701456.45, 108983502951300.84, 107837133642514.92, 107159956053352.44], [98825311052749.17, 104941563128877.5, 109454491227125.98, 112970736184308.08, 109208879750188.67, 117462473033786.95, 97187621311049.34, 96925738729477.53, 96772889440714.64, 104609590918742.08, 105383198451538.67, 109231418343312.72, 109552246369089.06, 113501325988747.44, 106991403224957.06, 108880385380042.34, 108050222841370.27, 118194504356156.5, 118482152814870.6, 118170626924074.34], [119009017270822.06, 113621814837118.34, 109376138044121.08, 101900216738020.92, 97035769438424.73, 97187621311049.34, 124651759451665.28, 117516385056340.16, 117462857919355.66, 111888655326946.05, 112749597033528.2, 111399666285022.2, 109020607907784.3, 102508006914472.6, 96368534094193.05, 94563196397121.48, 95889109659227.16, 95134966607204.66, 96004807477862.64, 96208835404664.64], [118973566528961.14, 113640523484451.39, 108359028413261.84, 100783733207875.31, 96226935060373.52, 96925738729477.53, 117516385056340.16, 124482894975103.88, 117422883486790.75, 113750579427999.19, 111846407061606.27, 110116977950648.48, 107676593738659.98, 100354943362382.38, 94970853388582.94, 94403161288091.2, 95213183636014.27, 95232185909870.06, 95576499213202.36, 96443636112727.4], [118887472604385.11, 113523661106353.52, 108180595499662.48, 101491942674161.38, 96719871592031.9, 96772889440714.64, 117462857919355.66, 117422883486790.75, 124326875017004.89, 112223152064434.88, 113215186181106.17, 107760095769142.39, 108899786834582.62, 102635841450815.3, 96132157095886.45, 94271252608016.23, 95509107405293.53, 94891175777121.11, 95198681833312.67, 96059155884250.53], [114457885382205.33, 119291948946866.28, 113953849877095.36, 108375696471512.53, 104008226404177.67, 104609590918742.08, 111888655326946.05, 113750579427999.19, 112223152064434.88, 125664029578064.1, 119025838720678.56, 113331359562512.81, 113540876047942.12, 108914197430898.27, 103628791253389.77, 101580795633673.38, 102869988838601.94, 102198404760941.92, 102776006078624.36, 105364859968575.19], [114451344066735.42, 119336915654917.9, 113967495014187.73, 109679457369679.4, 104514370241813.95, 105383198451538.67, 112749597033528.2, 111846407061606.27, 113215186181106.17, 119025838720678.56, 125881153880601.7, 112346642425371.7, 113398170553266.98, 112157987174560.28, 103124742601479.58, 102209484634167.05, 103657227308512.42, 102551262491415.62, 103750188267275.27, 105941906091157.02], [111067724949515.3, 114324330002701.67, 118925320349332.95, 113112759062276.33, 110291778878556.56, 109231418343312.72, 111399666285022.2, 110116977950648.48, 107760095769142.39, 113331359562512.81, 112346642425371.7, 125824304889843.45, 119198669199408.69, 111995715096855.53, 109749746330300.62, 109401802217689.33, 108682115049176.53, 107041695353184.53, 109244095056141.2, 107743562052089.95], [110091354034439.25, 114477151494420.14, 119068520598344.42, 113312242576928.38, 108952188111044.62, 109552246369089.06, 109020607907784.3, 107676593738659.98, 108899786834582.62, 113540876047942.12, 113398170553266.98, 119198669199408.69, 126002641386999.83, 113462061174278.27, 108063188297670.55, 108575002575966.86, 106144959233144.3, 107407860381357.4, 108549043124881.08, 109061218298242.05], [103754680897172.28, 110095884955744.11, 113551238960209.06, 117436892545595.55, 113526301562324.3, 113501325988747.44, 102508006914472.6, 100354943362382.38, 102635841450815.3, 108914197430898.27, 112157987174560.28, 111995715096855.53, 113462061174278.27, 124774571743601.86, 113423423126598.52, 110807716605750.67, 112119317159772.27, 111760869348059.88, 112371880558219.92, 112199602763802.11], [97652702563179.61, 103605616414004.92, 108758513380037.55, 112469829678760.33, 118489717394621.72, 106991403224957.06, 96368534094193.05, 94970853388582.94, 96132157095886.45, 103628791253389.77, 103124742601479.58, 109749746330300.62, 108063188297670.55, 113423423126598.52, 124520893076963.53, 117217269540286.02, 117366245668831.31, 106876967634330.28, 105206048950391.53, 104089829951529.92], [96250505998798.81, 102358825630562.62, 108401541571771.44, 111975824648380.03, 117994480675003.33, 108880385380042.34, 94563196397121.48, 94403161288091.2, 94271252608016.23, 101580795633673.38, 102209484634167.05, 109401802217689.33, 108575002575966.86, 110807716605750.67, 117217269540286.02, 123713378800732.06, 116838211988080.78, 108808924136075.78, 107626028765221.45, 107008197784967.55], [97338153002982.69, 103236848104847.33, 107725898273777.31, 111993913769650.17, 118048755701456.45, 108050222841370.27, 95889109659227.16, 95213183636014.27, 95509107405293.53, 102869988838601.94, 103657227308512.42, 108682115049176.53, 106144959233144.3, 112119317159772.27, 117366245668831.31, 116838211988080.78, 123688613679857.56, 107970058685881.3, 106471908051292.34, 105925926518940.42], [96845413298508.6, 102596950605985.72, 107497112618530.14, 112105347599153.27, 108983502951300.84, 118194504356156.5, 95134966607204.66, 95232185909870.06, 94891175777121.11, 102198404760941.92, 102551262491415.62, 107041695353184.53, 107407860381357.4, 111760869348059.88, 106876967634330.28, 108808924136075.78, 107970058685881.3, 123970932786193.11, 117347791133413.97, 117091208790787.44], [97437237544419.52, 103479773325513.19, 108702412398932.78, 112355309427603.83, 107837133642514.92, 118482152814870.6, 96004807477862.64, 95576499213202.36, 95198681833312.67, 102776006078624.36, 103750188267275.27, 109244095056141.2, 108549043124881.08, 112371880558219.92, 105206048950391.53, 107626028765221.45, 106471908051292.34, 117347791133413.97, 124506979830773.22, 117419546446279.78], [98247213924640.34, 105000459971409.3, 108736337288097.42, 112072191587624.38, 107159956053352.44, 118170626924074.34, 96208835404664.64, 96443636112727.4, 96059155884250.53, 105364859968575.19, 105941906091157.02, 107743562052089.95, 109061218298242.05, 112199602763802.11, 104089829951529.92, 107008197784967.55, 105925926518940.42, 117091208790787.44, 117419546446279.78, 123827081869706.48], [381308840185.91125, 528561738960.0365, 538482345012.95795, 522424800240.9096, 393120677885.3196, 392376389564.5556, 361404261063.00336, 329210999407.6869, 358569580873.67773, 542934662669.8816, 584085548107.1069, 531796313480.9011, 562483752355.7058, 638597894331.3547, 394222290796.262, 348013660671.8238, 368472739166.6872, 358763459705.5732, 374715992574.1118, 375083219142.80865]]}}