{"resp_b": 0.1, "restrained_fit": true, "exclude_hydrogens": true, "convergence_tolerance": 1e-06, "max_iter": 500, "resp_a": 0.0005, "charge_constraints": {"charge_sum_constraints": [], "charge_equivalence_constraints": [], "molecules": [{"qcmol": {"schema_name": "qcschema_molecule", "schema_version": 2, "validated": true, "symbols": ["C", "C", "C", "C", "C", "C", "H", "H", "H", "H", "H", "H", "H", "H", "H", "H", "H", "H", "H", "H"], "geometry": [[0.0, 0.0, 0.0], [2.8892361896567516, 1.1341132086329436e-16, 4.2936359720555706e-16], [3.9969209203465383, 2.6729537537702575, 0.0], [6.8877146779345635, 2.8221458728786804, -0.2299826245384496], [7.730112087459967, 5.572347211229111, -0.5588095751351807], [8.250475847744225, 1.6179910193883291, 2.023647970858665], [-0.7436037091017857, -1.912209274043648, 0.008210941823714457], [-0.742672412461047, 0.9527496732070131, -1.65985818371517], [-0.7400800919677255, 0.9647285030183113, 1.65436259095274], [3.568759436149521, -1.018286702452959, -1.6525253218665283], [3.554636226651921, -1.0431890293878312, 1.637256095520023], [3.1673030090429215, 3.7179003791181273, -1.565763288918049], [3.40822791251521, 3.6516913682500425, 1.7136352621348387], [7.437082596716046, 1.7914861286391401, -1.9255128850226395], [6.847237046864953, 6.432956733420949, -2.199465426658772], [7.22504676712583, 6.696936214218128, 1.084955440498737], [9.763897212982874, 5.702710798517843, -0.801365069011335], [7.705941639857452, 2.5326690234933125, 3.7816486405156313], [10.284964568042874, 1.805759367637128, 1.829445205848588], [7.8334433944360695, -0.38048359161097955, 2.200477167928863]], "name": "C6H14", "identifiers": {"molecule_hash": "0389ced14066431c26b2a96d771e627d9920bb0a", "molecular_formula": "C6H14"}, "molecular_charge": 0.0, "molecular_multiplicity": 1, "connectivity": [[0, 1, 1.0], [0, 6, 1.0], [0, 7, 1.0], [0, 8, 1.0], [1, 2, 1.0], [1, 9, 1.0], [1, 10, 1.0], [2, 3, 1.0], [2, 11, 1.0], [2, 12, 1.0], [3, 4, 1.0], [3, 5, 1.0], [3, 13, 1.0], [4, 14, 1.0], [4, 15, 1.0], [4, 16, 1.0], [5, 17, 1.0], [5, 18, 1.0], [5, 19, 1.0]], "fix_com": true, "fix_orientation": true, "provenance": {"creator": "QCElemental", "version": "v0.22.0", "routine": "qcelemental.molparse.from_schema"}, "id": "80824"}, "charge": 0, "optimize_geometry": false, "conformers": [], "conformer_generation_options": {"n_conformer_pool": 4000, "n_max_conformers": 0, "rms_tolerance": 0.05, "energy_window": 15, "keep_original_conformer": true}, "stage_1_unrestrained_charges": null, "stage_1_restrained_charges": null, "stage_2_unrestrained_charges": null, "stage_2_restrained_charges": null, "keep_original_orientation": false, "reorientations": [], "translations": [], "rotations": []}], "unconstrained_atoms": [{"index": 0, "molecule": {"qcmol": {"schema_name": "qcschema_molecule", "schema_version": 2, "validated": true, "symbols": ["C", "C", "C", "C", "C", "C", "H", "H", "H", "H", "H", "H", "H", "H", "H", "H", "H", "H", "H", "H"], "geometry": [[0.0, 0.0, 0.0], [2.8892361896567516, 1.1341132086329436e-16, 4.2936359720555706e-16], [3.9969209203465383, 2.6729537537702575, 0.0], [6.8877146779345635, 2.8221458728786804, -0.2299826245384496], [7.730112087459967, 5.572347211229111, -0.5588095751351807], [8.250475847744225, 1.6179910193883291, 2.023647970858665], [-0.7436037091017857, -1.912209274043648, 0.008210941823714457], [-0.742672412461047, 0.9527496732070131, -1.65985818371517], [-0.7400800919677255, 0.9647285030183113, 1.65436259095274], [3.568759436149521, -1.018286702452959, -1.6525253218665283], [3.554636226651921, -1.0431890293878312, 1.637256095520023], [3.1673030090429215, 3.7179003791181273, -1.565763288918049], [3.40822791251521, 3.6516913682500425, 1.7136352621348387], [7.437082596716046, 1.7914861286391401, -1.9255128850226395], [6.847237046864953, 6.432956733420949, -2.199465426658772], [7.22504676712583, 6.696936214218128, 1.084955440498737], [9.763897212982874, 5.702710798517843, -0.801365069011335], [7.705941639857452, 2.5326690234933125, 3.7816486405156313], [10.284964568042874, 1.805759367637128, 1.829445205848588], [7.8334433944360695, -0.38048359161097955, 2.200477167928863]], "name": "C6H14", "identifiers": {"molecule_hash": "0389ced14066431c26b2a96d771e627d9920bb0a", "molecular_formula": "C6H14"}, "molecular_charge": 0.0, "molecular_multiplicity": 1, "connectivity": [[0, 1, 1.0], [0, 6, 1.0], [0, 7, 1.0], [0, 8, 1.0], [1, 2, 1.0], [1, 9, 1.0], [1, 10, 1.0], [2, 3, 1.0], [2, 11, 1.0], [2, 12, 1.0], [3, 4, 1.0], [3, 5, 1.0], [3, 13, 1.0], [4, 14, 1.0], [4, 15, 1.0], [4, 16, 1.0], [5, 17, 1.0], [5, 18, 1.0], [5, 19, 1.0]], "fix_com": true, "fix_orientation": true, "provenance": {"creator": "QCElemental", "version": "v0.22.0", "routine": "qcelemental.molparse.from_schema"}, "id": "80824"}, "charge": 0, "optimize_geometry": false, "conformers": [], "conformer_generation_options": {"n_conformer_pool": 4000, "n_max_conformers": 0, "rms_tolerance": 0.05, "energy_window": 15, "keep_original_conformer": true}, "stage_1_unrestrained_charges": null, "stage_1_restrained_charges": null, "stage_2_unrestrained_charges": null, "stage_2_restrained_charges": null, "keep_original_orientation": false, "reorientations": [], "translations": [], "rotations": []}}, {"index": 1, "molecule": {"qcmol": {"schema_name": "qcschema_molecule", "schema_version": 2, "validated": true, "symbols": ["C", "C", "C", "C", "C", "C", "H", "H", "H", "H", "H", "H", "H", "H", "H", "H", "H", "H", "H", "H"], "geometry": [[0.0, 0.0, 0.0], [2.8892361896567516, 1.1341132086329436e-16, 4.2936359720555706e-16], [3.9969209203465383, 2.6729537537702575, 0.0], [6.8877146779345635, 2.8221458728786804, -0.2299826245384496], [7.730112087459967, 5.572347211229111, -0.5588095751351807], [8.250475847744225, 1.6179910193883291, 2.023647970858665], [-0.7436037091017857, -1.912209274043648, 0.008210941823714457], [-0.742672412461047, 0.9527496732070131, -1.65985818371517], [-0.7400800919677255, 0.9647285030183113, 1.65436259095274], [3.568759436149521, -1.018286702452959, -1.6525253218665283], [3.554636226651921, -1.0431890293878312, 1.637256095520023], [3.1673030090429215, 3.7179003791181273, -1.565763288918049], [3.40822791251521, 3.6516913682500425, 1.7136352621348387], [7.437082596716046, 1.7914861286391401, -1.9255128850226395], [6.847237046864953, 6.432956733420949, -2.199465426658772], [7.22504676712583, 6.696936214218128, 1.084955440498737], [9.763897212982874, 5.702710798517843, -0.801365069011335], [7.705941639857452, 2.5326690234933125, 3.7816486405156313], [10.284964568042874, 1.805759367637128, 1.829445205848588], [7.8334433944360695, -0.38048359161097955, 2.200477167928863]], "name": "C6H14", "identifiers": {"molecule_hash": "0389ced14066431c26b2a96d771e627d9920bb0a", "molecular_formula": "C6H14"}, "molecular_charge": 0.0, "molecular_multiplicity": 1, "connectivity": [[0, 1, 1.0], [0, 6, 1.0], [0, 7, 1.0], [0, 8, 1.0], [1, 2, 1.0], [1, 9, 1.0], [1, 10, 1.0], [2, 3, 1.0], [2, 11, 1.0], [2, 12, 1.0], [3, 4, 1.0], [3, 5, 1.0], [3, 13, 1.0], [4, 14, 1.0], [4, 15, 1.0], [4, 16, 1.0], [5, 17, 1.0], [5, 18, 1.0], [5, 19, 1.0]], "fix_com": true, "fix_orientation": true, "provenance": {"creator": "QCElemental", "version": "v0.22.0", "routine": "qcelemental.molparse.from_schema"}, "id": "80824"}, "charge": 0, "optimize_geometry": false, "conformers": [], "conformer_generation_options": {"n_conformer_pool": 4000, "n_max_conformers": 0, "rms_tolerance": 0.05, "energy_window": 15, "keep_original_conformer": true}, "stage_1_unrestrained_charges": null, "stage_1_restrained_charges": null, "stage_2_unrestrained_charges": null, "stage_2_restrained_charges": null, "keep_original_orientation": false, "reorientations": [], "translations": [], "rotations": []}}, {"index": 2, "molecule": {"qcmol": {"schema_name": "qcschema_molecule", "schema_version": 2, "validated": true, "symbols": ["C", "C", "C", "C", "C", "C", "H", "H", "H", "H", "H", "H", "H", "H", "H", "H", "H", "H", "H", "H"], "geometry": [[0.0, 0.0, 0.0], [2.8892361896567516, 1.1341132086329436e-16, 4.2936359720555706e-16], [3.9969209203465383, 2.6729537537702575, 0.0], [6.8877146779345635, 2.8221458728786804, -0.2299826245384496], [7.730112087459967, 5.572347211229111, -0.5588095751351807], [8.250475847744225, 1.6179910193883291, 2.023647970858665], [-0.7436037091017857, -1.912209274043648, 0.008210941823714457], [-0.742672412461047, 0.9527496732070131, -1.65985818371517], [-0.7400800919677255, 0.9647285030183113, 1.65436259095274], [3.568759436149521, -1.018286702452959, -1.6525253218665283], [3.554636226651921, -1.0431890293878312, 1.637256095520023], [3.1673030090429215, 3.7179003791181273, -1.565763288918049], [3.40822791251521, 3.6516913682500425, 1.7136352621348387], [7.437082596716046, 1.7914861286391401, -1.9255128850226395], [6.847237046864953, 6.432956733420949, -2.199465426658772], [7.22504676712583, 6.696936214218128, 1.084955440498737], [9.763897212982874, 5.702710798517843, -0.801365069011335], [7.705941639857452, 2.5326690234933125, 3.7816486405156313], [10.284964568042874, 1.805759367637128, 1.829445205848588], [7.8334433944360695, -0.38048359161097955, 2.200477167928863]], "name": "C6H14", "identifiers": {"molecule_hash": "0389ced14066431c26b2a96d771e627d9920bb0a", "molecular_formula": "C6H14"}, "molecular_charge": 0.0, "molecular_multiplicity": 1, "connectivity": [[0, 1, 1.0], [0, 6, 1.0], [0, 7, 1.0], [0, 8, 1.0], [1, 2, 1.0], [1, 9, 1.0], [1, 10, 1.0], [2, 3, 1.0], [2, 11, 1.0], [2, 12, 1.0], [3, 4, 1.0], [3, 5, 1.0], [3, 13, 1.0], [4, 14, 1.0], [4, 15, 1.0], [4, 16, 1.0], [5, 17, 1.0], [5, 18, 1.0], [5, 19, 1.0]], "fix_com": true, "fix_orientation": true, "provenance": {"creator": "QCElemental", "version": "v0.22.0", "routine": "qcelemental.molparse.from_schema"}, "id": "80824"}, "charge": 0, "optimize_geometry": false, "conformers": [], "conformer_generation_options": {"n_conformer_pool": 4000, "n_max_conformers": 0, "rms_tolerance": 0.05, "energy_window": 15, "keep_original_conformer": true}, "stage_1_unrestrained_charges": null, "stage_1_restrained_charges": null, "stage_2_unrestrained_charges": null, "stage_2_restrained_charges": null, "keep_original_orientation": false, "reorientations": [], "translations": [], "rotations": []}}, {"index": 4, "molecule": {"qcmol": {"schema_name": "qcschema_molecule", "schema_version": 2, "validated": true, "symbols": ["C", "C", "C", "C", "C", "C", "H", "H", "H", "H", "H", "H", "H", "H", "H", "H", "H", "H", "H", "H"], "geometry": [[0.0, 0.0, 0.0], [2.8892361896567516, 1.1341132086329436e-16, 4.2936359720555706e-16], [3.9969209203465383, 2.6729537537702575, 0.0], [6.8877146779345635, 2.8221458728786804, -0.2299826245384496], [7.730112087459967, 5.572347211229111, -0.5588095751351807], [8.250475847744225, 1.6179910193883291, 2.023647970858665], [-0.7436037091017857, -1.912209274043648, 0.008210941823714457], [-0.742672412461047, 0.9527496732070131, -1.65985818371517], [-0.7400800919677255, 0.9647285030183113, 1.65436259095274], [3.568759436149521, -1.018286702452959, -1.6525253218665283], [3.554636226651921, -1.0431890293878312, 1.637256095520023], [3.1673030090429215, 3.7179003791181273, -1.565763288918049], [3.40822791251521, 3.6516913682500425, 1.7136352621348387], [7.437082596716046, 1.7914861286391401, -1.9255128850226395], [6.847237046864953, 6.432956733420949, -2.199465426658772], [7.22504676712583, 6.696936214218128, 1.084955440498737], [9.763897212982874, 5.702710798517843, -0.801365069011335], [7.705941639857452, 2.5326690234933125, 3.7816486405156313], [10.284964568042874, 1.805759367637128, 1.829445205848588], [7.8334433944360695, -0.38048359161097955, 2.200477167928863]], "name": "C6H14", "identifiers": {"molecule_hash": "0389ced14066431c26b2a96d771e627d9920bb0a", "molecular_formula": "C6H14"}, "molecular_charge": 0.0, "molecular_multiplicity": 1, "connectivity": [[0, 1, 1.0], [0, 6, 1.0], [0, 7, 1.0], [0, 8, 1.0], [1, 2, 1.0], [1, 9, 1.0], [1, 10, 1.0], [2, 3, 1.0], [2, 11, 1.0], [2, 12, 1.0], [3, 4, 1.0], [3, 5, 1.0], [3, 13, 1.0], [4, 14, 1.0], [4, 15, 1.0], [4, 16, 1.0], [5, 17, 1.0], [5, 18, 1.0], [5, 19, 1.0]], "fix_com": true, "fix_orientation": true, "provenance": {"creator": "QCElemental", "version": "v0.22.0", "routine": "qcelemental.molparse.from_schema"}, "id": "80824"}, "charge": 0, "optimize_geometry": false, "conformers": [], "conformer_generation_options": {"n_conformer_pool": 4000, "n_max_conformers": 0, "rms_tolerance": 0.05, "energy_window": 15, "keep_original_conformer": true}, "stage_1_unrestrained_charges": null, "stage_1_restrained_charges": null, "stage_2_unrestrained_charges": null, "stage_2_restrained_charges": null, "keep_original_orientation": false, "reorientations": [], "translations": [], "rotations": []}}, {"index": 5, "molecule": {"qcmol": {"schema_name": "qcschema_molecule", "schema_version": 2, "validated": true, "symbols": ["C", "C", "C", "C", "C", "C", "H", "H", "H", "H", "H", "H", "H", "H", "H", "H", "H", "H", "H", "H"], "geometry": [[0.0, 0.0, 0.0], [2.8892361896567516, 1.1341132086329436e-16, 4.2936359720555706e-16], [3.9969209203465383, 2.6729537537702575, 0.0], [6.8877146779345635, 2.8221458728786804, -0.2299826245384496], [7.730112087459967, 5.572347211229111, -0.5588095751351807], [8.250475847744225, 1.6179910193883291, 2.023647970858665], [-0.7436037091017857, -1.912209274043648, 0.008210941823714457], [-0.742672412461047, 0.9527496732070131, -1.65985818371517], [-0.7400800919677255, 0.9647285030183113, 1.65436259095274], [3.568759436149521, -1.018286702452959, -1.6525253218665283], [3.554636226651921, -1.0431890293878312, 1.637256095520023], [3.1673030090429215, 3.7179003791181273, -1.565763288918049], [3.40822791251521, 3.6516913682500425, 1.7136352621348387], [7.437082596716046, 1.7914861286391401, -1.9255128850226395], [6.847237046864953, 6.432956733420949, -2.199465426658772], [7.22504676712583, 6.696936214218128, 1.084955440498737], [9.763897212982874, 5.702710798517843, -0.801365069011335], [7.705941639857452, 2.5326690234933125, 3.7816486405156313], [10.284964568042874, 1.805759367637128, 1.829445205848588], [7.8334433944360695, -0.38048359161097955, 2.200477167928863]], "name": "C6H14", "identifiers": {"molecule_hash": "0389ced14066431c26b2a96d771e627d9920bb0a", "molecular_formula": "C6H14"}, "molecular_charge": 0.0, "molecular_multiplicity": 1, "connectivity": [[0, 1, 1.0], [0, 6, 1.0], [0, 7, 1.0], [0, 8, 1.0], [1, 2, 1.0], [1, 9, 1.0], [1, 10, 1.0], [2, 3, 1.0], [2, 11, 1.0], [2, 12, 1.0], [3, 4, 1.0], [3, 5, 1.0], [3, 13, 1.0], [4, 14, 1.0], [4, 15, 1.0], [4, 16, 1.0], [5, 17, 1.0], [5, 18, 1.0], [5, 19, 1.0]], "fix_com": true, "fix_orientation": true, "provenance": {"creator": "QCElemental", "version": "v0.22.0", "routine": "qcelemental.molparse.from_schema"}, "id": "80824"}, "charge": 0, "optimize_geometry": false, "conformers": [], "conformer_generation_options": {"n_conformer_pool": 4000, "n_max_conformers": 0, "rms_tolerance": 0.05, "energy_window": 15, "keep_original_conformer": true}, "stage_1_unrestrained_charges": null, "stage_1_restrained_charges": null, "stage_2_unrestrained_charges": null, "stage_2_restrained_charges": null, "keep_original_orientation": false, "reorientations": [], "translations": [], "rotations": []}}]}, "surface_constraints": {"matrix": [[282655381051323.56, 274218286585010.56, 263901032241666.8, 248429595541964.75, 237906755432569.94, 238651700931960.12, 284255518490404.1, 284092103051194.8, 284096860656414.3, 273577889062753.7, 273480757381493.12, 266384030396119.12, 264088310283120.78, 249693279927436.78, 236128068031089.4, 233179431188286.94, 235614041798353.84, 234415683506733.28, 235627813989123.28, 237664484699025.9], [274218286585010.56, 280251834961006.72, 272807755584125.5, 261368062045072.47, 251409532904188.97, 252554508307232.06, 271964760036683.12, 271916865278255.72, 271843078932891.2, 283941859630938.6, 283983592462216.44, 273268273592696.06, 273506483340376.03, 263927523287447.2, 249624205649119.53, 247161207689722.97, 249080655932756.97, 247612063339813.2, 249461933790702.94, 253072200012431.8], [263901032241666.8, 272807755584125.5, 279062046048719.25, 270499396360899.47, 263176195633726.4, 263155912595077.5, 262661422452715.6, 260320858700630.5, 260025563766226.38, 272354154146510.03, 272296124132244.2, 283894631833111.94, 284024251817250.8, 271637965897983.2, 261725395366501.78, 261509543290418.38, 259735595481166.94, 259280640595273.0, 261698883226561.28, 261984627058148.03], [248429595541964.75, 261368062045072.47, 270499396360899.47, 275084262764033.1, 271321200904098.78, 271395662925739.34, 245766604799585.3, 243237188306297.8, 244999138229533.7, 260240811393609.28, 263130428139847.28, 271269433946844.5, 271506039725578.4, 280653128994785.72, 270345344558516.06, 269912652866773.12, 269708947615239.84, 270122208922180.56, 270284488853212.0, 269894777617204.75], [237906755432569.94, 251409532904188.97, 263176195633726.4, 271321200904098.78, 281605662301819.06, 263477318293926.38, 234899539275703.8, 232996840217711.3, 234227007205949.0, 250560240324692.03, 251713580588544.53, 265520100508917.7, 262272821057693.66, 272333603789158.53, 284244964581136.9, 283899227205615.75, 283680274763725.3, 263663842741743.72, 260613131992326.38, 259271199315720.75], [238651700931960.12, 252554508307232.06, 263155912595077.5, 271395662925739.34, 263477318293926.38, 281807091634162.25, 235207383062323.0, 234575644494478.56, 234296302450730.28, 251982992528339.03, 253731586392353.75, 263015074150572.4, 263623026505082.34, 272421563083435.6, 258583578062731.72, 263477483511504.75, 261375758524702.9, 284181115734055.8, 284390716259263.25, 283997904969810.5], [284255518490404.1, 271964760036683.12, 262661422452715.6, 245766604799585.3, 234899539275703.8, 235207383062323.0, 297550915437926.9, 281531663680654.94, 281543278522314.8, 268449078980714.3, 270269702797775.84, 267712545490115.53, 262187778389924.3, 247041217871979.38, 233476147883133.78, 229612573821586.44, 232603490897150.78, 230760251141231.56, 232647421442021.1, 233306905633171.12], [284092103051194.8, 271916865278255.72, 260320858700630.5, 243237188306297.8, 232996840217711.3, 234575644494478.56, 281531663680654.94, 297018988001097.4, 281426381538255.12, 272452938125502.12, 268232844038152.1, 264686861957660.62, 259132607816492.78, 242271536820199.94, 230230462396465.88, 229147757717731.84, 230961642980984.8, 230971038804589.22, 231570487348957.9, 233788741913008.66], [284096860656414.3, 271843078932891.2, 260025563766226.38, 244999138229533.7, 234227007205949.0, 234296302450730.28, 281543278522314.8, 281426381538255.12, 297106009679069.3, 269340128717068.9, 271355612296246.0, 259441147344568.6, 261913885892242.97, 247738349069624.53, 233009858240845.4, 228923673304139.66, 231744605451730.38, 230196589334445.88, 230805133778133.7, 232981352915794.72], [273577889062753.7, 283941859630938.6, 272354154146510.03, 260240811393609.28, 250560240324692.03, 251982992528339.03, 268449078980714.3, 272452938125502.12, 269340128717068.9, 298543166810608.75, 283700895141128.06, 271224523510748.4, 271798271875418.1, 261663214279054.72, 249842294505889.22, 245456846637280.25, 248345468961795.7, 246822537705326.53, 248066639242759.72, 254034636577717.62], [273480757381493.12, 283983592462216.44, 272296124132244.2, 263130428139847.28, 251713580588544.53, 253731586392353.75, 270269702797775.84, 268232844038152.1, 271355612296246.0, 283700895141128.06, 298900479778561.0, 269050987993562.62, 271176658731255.5, 268891351816470.28, 248638906368825.16, 246936402451636.03, 250195084243553.28, 247654944745420.88, 250234331726150.25, 255401771835391.2], [266384030396119.12, 273268273592696.06, 283894631833111.94, 271269433946844.5, 265520100508917.7, 263015074150572.4, 267712545490115.53, 264686861957660.62, 259441147344568.6, 271224523510748.4, 269050987993562.62, 299873748288283.9, 284816109551656.4, 268442613342535.8, 264388096878312.2, 264297175387381.28, 262342919297704.3, 258647254762343.88, 263258040323651.66, 259996455265486.7], [264088310283120.78, 273506483340376.03, 284024251817250.8, 271506039725578.4, 262272821057693.66, 263623026505082.34, 262187778389924.3, 259132607816492.78, 261913885892242.97, 271798271875418.1, 271176658731255.5, 284816109551656.4, 299910941444480.4, 271488132296590.0, 260425645207541.56, 262172225823568.03, 256308660859568.2, 259275048489719.47, 261603074925578.25, 263039035763623.47], [249693279927436.78, 263927523287447.2, 271637965897983.2, 280653128994785.72, 272333603789158.53, 272421563083435.6, 247041217871979.38, 242271536820199.94, 247738349069624.53, 261663214279054.72, 268891351816470.28, 268442613342535.8, 271488132296590.0, 297045308289631.94, 272255041779819.28, 267005722495364.5, 269776109860354.03, 269201129940671.2, 270178332407509.75, 270037098199462.12], [236128068031089.4, 249624205649119.53, 261725395366501.78, 270345344558516.06, 284244964581136.9, 258583578062731.72, 233476147883133.78, 230230462396465.88, 233009858240845.4, 249842294505889.22, 248638906368825.16, 264388096878312.2, 260425645207541.56, 272255041779819.28, 298093330240547.25, 282333432551002.56, 282304547617932.56, 259032285604218.88, 254748171346205.34, 252367617177186.88], [233179431188286.94, 247161207689722.97, 261509543290418.38, 269912652866773.12, 283899227205615.75, 263477483511504.75, 229612573821586.44, 229147757717731.84, 228923673304139.66, 245456846637280.25, 246936402451636.03, 264297175387381.28, 262172225823568.03, 267005722495364.5, 282333432551002.56, 297793358771617.0, 281831714036444.9, 263982775104713.12, 260870766363354.8, 259608940719111.66], [235614041798353.84, 249080655932756.97, 259735595481166.94, 269708947615239.84, 283680274763725.3, 261375758524702.9, 232603490897150.78, 230961642980984.8, 231744605451730.38, 248345468961795.7, 250195084243553.28, 262342919297704.3, 256308660859568.2, 269776109860354.03, 282304547617932.56, 281831714036444.9, 297048157123209.75, 261909143389955.56, 257978704844762.03, 256958332565365.8], [234415683506733.28, 247612063339813.2, 259280640595273.0, 270122208922180.56, 263663842741743.72, 284181115734055.8, 230760251141231.56, 230971038804589.22, 230196589334445.88, 246822537705326.53, 247654944745420.88, 258647254762343.88, 259275048489719.47, 269201129940671.2, 259032285604218.88, 263982775104713.12, 261909143389955.56, 297996174557033.56, 282556990919582.44, 282272820084324.8], [235627813989123.28, 249461933790702.94, 261698883226561.28, 270284488853212.0, 260613131992326.38, 284390716259263.25, 232647421442021.1, 231570487348957.9, 230805133778133.7, 248066639242759.72, 250234331726150.25, 263258040323651.66, 261603074925578.25, 270178332407509.75, 254748171346205.34, 260870766363354.8, 257978704844762.03, 282556990919582.44, 298335852094176.0, 282560101159995.5], [237664484699025.9, 253072200012431.8, 261984627058148.03, 269894777617204.75, 259271199315720.75, 283997904969810.5, 233306905633171.12, 233788741913008.66, 232981352915794.72, 254034636577717.62, 255401771835391.2, 259996455265486.7, 263039035763623.47, 270037098199462.12, 252367617177186.88, 259608940719111.66, 256958332565365.8, 282272820084324.8, 282560101159995.5, 297435237040718.06], [676789973342.7825, 881153832678.1155, 887193846676.8501, 864281333493.905, 691359161153.2363, 701708110383.03, 645589268303.7738, 610463841291.559, 646595470841.1434, 911599816910.2195, 953111100843.6865, 886824177225.7911, 913405343216.9528, 993918984265.9619, 689763847108.451, 635972698406.0051, 667957674103.8258, 669975947340.6821, 677836640506.6051, 685018758154.9307]]}}