{"resp_b": 0.1, "restrained_fit": true, "exclude_hydrogens": true, "convergence_tolerance": 1e-06, "max_iter": 500, "resp_a": 0.0005, "charge_constraints": {"charge_sum_constraints": [], "charge_equivalence_constraints": [], "molecules": [{"qcmol": {"schema_name": "qcschema_molecule", "schema_version": 2, "validated": true, "symbols": ["C", "C", "C", "C", "C", "C", "H", "H", "H", "H", "H", "H", "H", "H", "H", "H", "H", "H", "H", "H"], "geometry": [[0.0, 0.0, 0.0], [2.8892361896567516, 1.1341132086329436e-16, 4.2936359720555706e-16], [3.9969209203465383, 2.6729537537702575, 0.0], [6.8877146779345635, 2.8221458728786804, -0.2299826245384496], [7.730112087459967, 5.572347211229111, -0.5588095751351807], [8.250475847744225, 1.6179910193883291, 2.023647970858665], [-0.7436037091017857, -1.912209274043648, 0.008210941823714457], [-0.742672412461047, 0.9527496732070131, -1.65985818371517], [-0.7400800919677255, 0.9647285030183113, 1.65436259095274], [3.568759436149521, -1.018286702452959, -1.6525253218665283], [3.554636226651921, -1.0431890293878312, 1.637256095520023], [3.1673030090429215, 3.7179003791181273, -1.565763288918049], [3.40822791251521, 3.6516913682500425, 1.7136352621348387], [7.437082596716046, 1.7914861286391401, -1.9255128850226395], [6.847237046864953, 6.432956733420949, -2.199465426658772], [7.22504676712583, 6.696936214218128, 1.084955440498737], [9.763897212982874, 5.702710798517843, -0.801365069011335], [7.705941639857452, 2.5326690234933125, 3.7816486405156313], [10.284964568042874, 1.805759367637128, 1.829445205848588], [7.8334433944360695, -0.38048359161097955, 2.200477167928863]], "name": "C6H14", "identifiers": {"molecule_hash": "0389ced14066431c26b2a96d771e627d9920bb0a", "molecular_formula": "C6H14"}, "molecular_charge": 0.0, "molecular_multiplicity": 1, "connectivity": [[0, 1, 1.0], [0, 6, 1.0], [0, 7, 1.0], [0, 8, 1.0], [1, 2, 1.0], [1, 9, 1.0], [1, 10, 1.0], [2, 3, 1.0], [2, 11, 1.0], [2, 12, 1.0], [3, 4, 1.0], [3, 5, 1.0], [3, 13, 1.0], [4, 14, 1.0], [4, 15, 1.0], [4, 16, 1.0], [5, 17, 1.0], [5, 18, 1.0], [5, 19, 1.0]], "fix_com": true, "fix_orientation": true, "provenance": {"creator": "QCElemental", "version": "v0.22.0", "routine": "qcelemental.molparse.from_schema"}, "id": "80824"}, "charge": 0, "optimize_geometry": false, "conformers": [], "conformer_generation_options": {"n_conformer_pool": 4000, "n_max_conformers": 0, "rms_tolerance": 0.05, "energy_window": 15, "keep_original_conformer": true}, "stage_1_unrestrained_charges": null, "stage_1_restrained_charges": null, "stage_2_unrestrained_charges": null, "stage_2_restrained_charges": null, "keep_original_orientation": false, "reorientations": [], "translations": [], "rotations": []}], "unconstrained_atoms": [{"index": 0, "molecule": {"qcmol": {"schema_name": "qcschema_molecule", "schema_version": 2, "validated": true, "symbols": ["C", "C", "C", "C", "C", "C", "H", "H", "H", "H", "H", "H", "H", "H", "H", "H", "H", "H", "H", "H"], "geometry": [[0.0, 0.0, 0.0], [2.8892361896567516, 1.1341132086329436e-16, 4.2936359720555706e-16], [3.9969209203465383, 2.6729537537702575, 0.0], [6.8877146779345635, 2.8221458728786804, -0.2299826245384496], [7.730112087459967, 5.572347211229111, -0.5588095751351807], [8.250475847744225, 1.6179910193883291, 2.023647970858665], [-0.7436037091017857, -1.912209274043648, 0.008210941823714457], [-0.742672412461047, 0.9527496732070131, -1.65985818371517], [-0.7400800919677255, 0.9647285030183113, 1.65436259095274], [3.568759436149521, -1.018286702452959, -1.6525253218665283], [3.554636226651921, -1.0431890293878312, 1.637256095520023], [3.1673030090429215, 3.7179003791181273, -1.565763288918049], [3.40822791251521, 3.6516913682500425, 1.7136352621348387], [7.437082596716046, 1.7914861286391401, -1.9255128850226395], [6.847237046864953, 6.432956733420949, -2.199465426658772], [7.22504676712583, 6.696936214218128, 1.084955440498737], [9.763897212982874, 5.702710798517843, -0.801365069011335], [7.705941639857452, 2.5326690234933125, 3.7816486405156313], [10.284964568042874, 1.805759367637128, 1.829445205848588], [7.8334433944360695, -0.38048359161097955, 2.200477167928863]], "name": "C6H14", "identifiers": {"molecule_hash": "0389ced14066431c26b2a96d771e627d9920bb0a", "molecular_formula": "C6H14"}, "molecular_charge": 0.0, "molecular_multiplicity": 1, "connectivity": [[0, 1, 1.0], [0, 6, 1.0], [0, 7, 1.0], [0, 8, 1.0], [1, 2, 1.0], [1, 9, 1.0], [1, 10, 1.0], [2, 3, 1.0], [2, 11, 1.0], [2, 12, 1.0], [3, 4, 1.0], [3, 5, 1.0], [3, 13, 1.0], [4, 14, 1.0], [4, 15, 1.0], [4, 16, 1.0], [5, 17, 1.0], [5, 18, 1.0], [5, 19, 1.0]], "fix_com": true, "fix_orientation": true, "provenance": {"creator": "QCElemental", "version": "v0.22.0", "routine": "qcelemental.molparse.from_schema"}, "id": "80824"}, "charge": 0, "optimize_geometry": false, "conformers": [], "conformer_generation_options": {"n_conformer_pool": 4000, "n_max_conformers": 0, "rms_tolerance": 0.05, "energy_window": 15, "keep_original_conformer": true}, "stage_1_unrestrained_charges": null, "stage_1_restrained_charges": null, "stage_2_unrestrained_charges": null, "stage_2_restrained_charges": null, "keep_original_orientation": false, "reorientations": [], "translations": [], "rotations": []}}, {"index": 1, "molecule": {"qcmol": {"schema_name": "qcschema_molecule", "schema_version": 2, "validated": true, "symbols": ["C", "C", "C", "C", "C", "C", "H", "H", "H", "H", "H", "H", "H", "H", "H", "H", "H", "H", "H", "H"], "geometry": [[0.0, 0.0, 0.0], [2.8892361896567516, 1.1341132086329436e-16, 4.2936359720555706e-16], [3.9969209203465383, 2.6729537537702575, 0.0], [6.8877146779345635, 2.8221458728786804, -0.2299826245384496], [7.730112087459967, 5.572347211229111, -0.5588095751351807], [8.250475847744225, 1.6179910193883291, 2.023647970858665], [-0.7436037091017857, -1.912209274043648, 0.008210941823714457], [-0.742672412461047, 0.9527496732070131, -1.65985818371517], [-0.7400800919677255, 0.9647285030183113, 1.65436259095274], [3.568759436149521, -1.018286702452959, -1.6525253218665283], [3.554636226651921, -1.0431890293878312, 1.637256095520023], [3.1673030090429215, 3.7179003791181273, -1.565763288918049], [3.40822791251521, 3.6516913682500425, 1.7136352621348387], [7.437082596716046, 1.7914861286391401, -1.9255128850226395], [6.847237046864953, 6.432956733420949, -2.199465426658772], [7.22504676712583, 6.696936214218128, 1.084955440498737], [9.763897212982874, 5.702710798517843, -0.801365069011335], [7.705941639857452, 2.5326690234933125, 3.7816486405156313], [10.284964568042874, 1.805759367637128, 1.829445205848588], [7.8334433944360695, -0.38048359161097955, 2.200477167928863]], "name": "C6H14", "identifiers": {"molecule_hash": "0389ced14066431c26b2a96d771e627d9920bb0a", "molecular_formula": "C6H14"}, "molecular_charge": 0.0, "molecular_multiplicity": 1, "connectivity": [[0, 1, 1.0], [0, 6, 1.0], [0, 7, 1.0], [0, 8, 1.0], [1, 2, 1.0], [1, 9, 1.0], [1, 10, 1.0], [2, 3, 1.0], [2, 11, 1.0], [2, 12, 1.0], [3, 4, 1.0], [3, 5, 1.0], [3, 13, 1.0], [4, 14, 1.0], [4, 15, 1.0], [4, 16, 1.0], [5, 17, 1.0], [5, 18, 1.0], [5, 19, 1.0]], "fix_com": true, "fix_orientation": true, "provenance": {"creator": "QCElemental", "version": "v0.22.0", "routine": "qcelemental.molparse.from_schema"}, "id": "80824"}, "charge": 0, "optimize_geometry": false, "conformers": [], "conformer_generation_options": {"n_conformer_pool": 4000, "n_max_conformers": 0, "rms_tolerance": 0.05, "energy_window": 15, "keep_original_conformer": true}, "stage_1_unrestrained_charges": null, "stage_1_restrained_charges": null, "stage_2_unrestrained_charges": null, "stage_2_restrained_charges": null, "keep_original_orientation": false, "reorientations": [], "translations": [], "rotations": []}}, {"index": 2, "molecule": {"qcmol": {"schema_name": "qcschema_molecule", "schema_version": 2, "validated": true, "symbols": ["C", "C", "C", "C", "C", "C", "H", "H", "H", "H", "H", "H", "H", "H", "H", "H", "H", "H", "H", "H"], "geometry": [[0.0, 0.0, 0.0], [2.8892361896567516, 1.1341132086329436e-16, 4.2936359720555706e-16], [3.9969209203465383, 2.6729537537702575, 0.0], [6.8877146779345635, 2.8221458728786804, -0.2299826245384496], [7.730112087459967, 5.572347211229111, -0.5588095751351807], [8.250475847744225, 1.6179910193883291, 2.023647970858665], [-0.7436037091017857, -1.912209274043648, 0.008210941823714457], [-0.742672412461047, 0.9527496732070131, -1.65985818371517], [-0.7400800919677255, 0.9647285030183113, 1.65436259095274], [3.568759436149521, -1.018286702452959, -1.6525253218665283], [3.554636226651921, -1.0431890293878312, 1.637256095520023], [3.1673030090429215, 3.7179003791181273, -1.565763288918049], [3.40822791251521, 3.6516913682500425, 1.7136352621348387], [7.437082596716046, 1.7914861286391401, -1.9255128850226395], [6.847237046864953, 6.432956733420949, -2.199465426658772], [7.22504676712583, 6.696936214218128, 1.084955440498737], [9.763897212982874, 5.702710798517843, -0.801365069011335], [7.705941639857452, 2.5326690234933125, 3.7816486405156313], [10.284964568042874, 1.805759367637128, 1.829445205848588], [7.8334433944360695, -0.38048359161097955, 2.200477167928863]], "name": "C6H14", "identifiers": {"molecule_hash": "0389ced14066431c26b2a96d771e627d9920bb0a", "molecular_formula": "C6H14"}, "molecular_charge": 0.0, "molecular_multiplicity": 1, "connectivity": [[0, 1, 1.0], [0, 6, 1.0], [0, 7, 1.0], [0, 8, 1.0], [1, 2, 1.0], [1, 9, 1.0], [1, 10, 1.0], [2, 3, 1.0], [2, 11, 1.0], [2, 12, 1.0], [3, 4, 1.0], [3, 5, 1.0], [3, 13, 1.0], [4, 14, 1.0], [4, 15, 1.0], [4, 16, 1.0], [5, 17, 1.0], [5, 18, 1.0], [5, 19, 1.0]], "fix_com": true, "fix_orientation": true, "provenance": {"creator": "QCElemental", "version": "v0.22.0", "routine": "qcelemental.molparse.from_schema"}, "id": "80824"}, "charge": 0, "optimize_geometry": false, "conformers": [], "conformer_generation_options": {"n_conformer_pool": 4000, "n_max_conformers": 0, "rms_tolerance": 0.05, "energy_window": 15, "keep_original_conformer": true}, "stage_1_unrestrained_charges": null, "stage_1_restrained_charges": null, "stage_2_unrestrained_charges": null, "stage_2_restrained_charges": null, "keep_original_orientation": false, "reorientations": [], "translations": [], "rotations": []}}, {"index": 4, "molecule": {"qcmol": {"schema_name": "qcschema_molecule", "schema_version": 2, "validated": true, "symbols": ["C", "C", "C", "C", "C", "C", "H", "H", "H", "H", "H", "H", "H", "H", "H", "H", "H", "H", "H", "H"], "geometry": [[0.0, 0.0, 0.0], [2.8892361896567516, 1.1341132086329436e-16, 4.2936359720555706e-16], [3.9969209203465383, 2.6729537537702575, 0.0], [6.8877146779345635, 2.8221458728786804, -0.2299826245384496], [7.730112087459967, 5.572347211229111, -0.5588095751351807], [8.250475847744225, 1.6179910193883291, 2.023647970858665], [-0.7436037091017857, -1.912209274043648, 0.008210941823714457], [-0.742672412461047, 0.9527496732070131, -1.65985818371517], [-0.7400800919677255, 0.9647285030183113, 1.65436259095274], [3.568759436149521, -1.018286702452959, -1.6525253218665283], [3.554636226651921, -1.0431890293878312, 1.637256095520023], [3.1673030090429215, 3.7179003791181273, -1.565763288918049], [3.40822791251521, 3.6516913682500425, 1.7136352621348387], [7.437082596716046, 1.7914861286391401, -1.9255128850226395], [6.847237046864953, 6.432956733420949, -2.199465426658772], [7.22504676712583, 6.696936214218128, 1.084955440498737], [9.763897212982874, 5.702710798517843, -0.801365069011335], [7.705941639857452, 2.5326690234933125, 3.7816486405156313], [10.284964568042874, 1.805759367637128, 1.829445205848588], [7.8334433944360695, -0.38048359161097955, 2.200477167928863]], "name": "C6H14", "identifiers": {"molecule_hash": "0389ced14066431c26b2a96d771e627d9920bb0a", "molecular_formula": "C6H14"}, "molecular_charge": 0.0, "molecular_multiplicity": 1, "connectivity": [[0, 1, 1.0], [0, 6, 1.0], [0, 7, 1.0], [0, 8, 1.0], [1, 2, 1.0], [1, 9, 1.0], [1, 10, 1.0], [2, 3, 1.0], [2, 11, 1.0], [2, 12, 1.0], [3, 4, 1.0], [3, 5, 1.0], [3, 13, 1.0], [4, 14, 1.0], [4, 15, 1.0], [4, 16, 1.0], [5, 17, 1.0], [5, 18, 1.0], [5, 19, 1.0]], "fix_com": true, "fix_orientation": true, "provenance": {"creator": "QCElemental", "version": "v0.22.0", "routine": "qcelemental.molparse.from_schema"}, "id": "80824"}, "charge": 0, "optimize_geometry": false, "conformers": [], "conformer_generation_options": {"n_conformer_pool": 4000, "n_max_conformers": 0, "rms_tolerance": 0.05, "energy_window": 15, "keep_original_conformer": true}, "stage_1_unrestrained_charges": null, "stage_1_restrained_charges": null, "stage_2_unrestrained_charges": null, "stage_2_restrained_charges": null, "keep_original_orientation": false, "reorientations": [], "translations": [], "rotations": []}}, {"index": 5, "molecule": {"qcmol": {"schema_name": "qcschema_molecule", "schema_version": 2, "validated": true, "symbols": ["C", "C", "C", "C", "C", "C", "H", "H", "H", "H", "H", "H", "H", "H", "H", "H", "H", "H", "H", "H"], "geometry": [[0.0, 0.0, 0.0], [2.8892361896567516, 1.1341132086329436e-16, 4.2936359720555706e-16], [3.9969209203465383, 2.6729537537702575, 0.0], [6.8877146779345635, 2.8221458728786804, -0.2299826245384496], [7.730112087459967, 5.572347211229111, -0.5588095751351807], [8.250475847744225, 1.6179910193883291, 2.023647970858665], [-0.7436037091017857, -1.912209274043648, 0.008210941823714457], [-0.742672412461047, 0.9527496732070131, -1.65985818371517], [-0.7400800919677255, 0.9647285030183113, 1.65436259095274], [3.568759436149521, -1.018286702452959, -1.6525253218665283], [3.554636226651921, -1.0431890293878312, 1.637256095520023], [3.1673030090429215, 3.7179003791181273, -1.565763288918049], [3.40822791251521, 3.6516913682500425, 1.7136352621348387], [7.437082596716046, 1.7914861286391401, -1.9255128850226395], [6.847237046864953, 6.432956733420949, -2.199465426658772], [7.22504676712583, 6.696936214218128, 1.084955440498737], [9.763897212982874, 5.702710798517843, -0.801365069011335], [7.705941639857452, 2.5326690234933125, 3.7816486405156313], [10.284964568042874, 1.805759367637128, 1.829445205848588], [7.8334433944360695, -0.38048359161097955, 2.200477167928863]], "name": "C6H14", "identifiers": {"molecule_hash": "0389ced14066431c26b2a96d771e627d9920bb0a", "molecular_formula": "C6H14"}, "molecular_charge": 0.0, "molecular_multiplicity": 1, "connectivity": [[0, 1, 1.0], [0, 6, 1.0], [0, 7, 1.0], [0, 8, 1.0], [1, 2, 1.0], [1, 9, 1.0], [1, 10, 1.0], [2, 3, 1.0], [2, 11, 1.0], [2, 12, 1.0], [3, 4, 1.0], [3, 5, 1.0], [3, 13, 1.0], [4, 14, 1.0], [4, 15, 1.0], [4, 16, 1.0], [5, 17, 1.0], [5, 18, 1.0], [5, 19, 1.0]], "fix_com": true, "fix_orientation": true, "provenance": {"creator": "QCElemental", "version": "v0.22.0", "routine": "qcelemental.molparse.from_schema"}, "id": "80824"}, "charge": 0, "optimize_geometry": false, "conformers": [], "conformer_generation_options": {"n_conformer_pool": 4000, "n_max_conformers": 0, "rms_tolerance": 0.05, "energy_window": 15, "keep_original_conformer": true}, "stage_1_unrestrained_charges": null, "stage_1_restrained_charges": null, "stage_2_unrestrained_charges": null, "stage_2_restrained_charges": null, "keep_original_orientation": false, "reorientations": [], "translations": [], "rotations": []}}]}, "surface_constraints": {"matrix": [[116823411233858.95, 113198889747361.34, 108554612366431.47, 101584523907025.75, 96842082813599.34, 97155240921035.12, 117244976095608.98, 117197814172875.4, 117090341528159.08, 112750793342845.44, 112745100171384.02, 109493948079372.12, 108566982549251.08, 102127726766484.73, 96016194912650.6, 94619075943683.27, 95685421048324.88, 95128165845682.12, 95769974690533.98, 96601403949704.77], [113198889747361.34, 116030179949242.42, 112626621999086.61, 107341386992509.6, 102785957650489.33, 103257713122327.19, 111957062362006.78, 111970957790943.45, 111836018662861.42, 117475784131125.05, 117511527865554.03, 112686404944240.53, 112850051878421.67, 108443749249846.55, 101971870933899.19, 100701488253251.56, 101570069150250.66, 100890273490988.11, 101822399698106.98, 103303425155349.0], [108554612366431.47, 112626621999086.61, 115319433887014.2, 111286322548685.88, 107814773624480.86, 107802097578816.0, 107796417640025.52, 106802555638415.58, 106602083804261.38, 112275066346967.89, 112265602893498.52, 117267314117946.55, 117412220838639.05, 111848692939971.14, 107134080943574.45, 106766693627236.42, 106098030003359.48, 105839316519919.39, 107060341870101.56, 107102084622650.45], [101584523907025.75, 107341386992509.6, 111286322548685.88, 113099586112675.17, 111199468090138.61, 111206117964668.95, 100274054404307.7, 99198547934702.81, 99880122841279.14, 106723688181340.48, 107986832583177.66, 111470182015135.31, 111673544350304.95, 115609779343666.66, 110723993072514.77, 110221838535023.75, 110248070061995.61, 110314606985509.9, 110603931250440.1, 110350524635316.89], [96842082813599.34, 102785957650489.33, 107814773624480.86, 111199468090138.61, 115532640648249.33, 107479352602494.58, 95410888347303.89, 94615095509893.73, 95069651117789.97, 102321877623768.14, 102830080343038.89, 108688674909280.7, 107350180618362.95, 111748249262364.38, 116613568529146.88, 116121830020452.88, 116170731165145.61, 107232782135188.27, 106134172641653.56, 105489930789217.89], [97155240921035.12, 103257713122327.19, 107802097578816.0, 111206117964668.95, 107479352602494.58, 115586767683934.97, 95536159869167.83, 95277359051459.61, 95107723939904.38, 102898653192167.28, 103661752732961.4, 107590808953999.03, 107975053985772.05, 111730667181989.95, 105317001946739.05, 107144836872869.62, 106346739943873.0, 116253829087079.1, 116580650351419.03, 116309769254199.33], [117244976095608.98, 111957062362006.78, 107796417640025.52, 100274054404307.7, 95410888347303.89, 95536159869167.83, 122753433714630.67, 115794342353515.39, 115712766924574.69, 110265480547356.08, 111111413438619.62, 109823652848877.66, 107528767577025.77, 100837888789040.83, 94729572093513.38, 92974246144131.53, 94267881154747.19, 93433431149382.19, 94357422648578.45, 94603423149448.23], [117197814172875.4, 111970957790943.45, 106802555638415.58, 99198547934702.81, 94615095509893.73, 95277359051459.61, 115794342353515.39, 122561782902528.22, 115667915550368.44, 112077422941153.14, 110224437063283.17, 108560275198792.39, 106212505234910.81, 98797437445100.89, 93387811042021.8, 92780492478979.33, 93579219690690.73, 93533535516380.72, 93903791420746.89, 94826552981490.7], [117090341528159.08, 111836018662861.42, 106602083804261.38, 99880122841279.14, 95069651117789.97, 95107723939904.38, 115712766924574.69, 115667915550368.44, 122364687208283.22, 110569508804722.44, 111534394024619.7, 106227763804724.17, 107370716096761.64, 101032758314198.28, 94474154219475.25, 92637550387758.08, 93850111757187.56, 93161122823986.39, 93541863946378.0, 94430149723600.55], [112750793342845.44, 117475784131125.05, 112275066346967.89, 106723688181340.48, 102321877623768.14, 102898653192167.28, 110265480547356.08, 112077422941153.14, 110569508804722.44, 123659787124232.28, 117190935246937.44, 111686731514445.23, 111919606996801.8, 107311015241854.48, 101980644274591.2, 99884950563021.4, 101150861744042.55, 100458805125122.9, 101124199513959.36, 103588990494669.73], [112745100171384.02, 117511527865554.03, 112265602893498.52, 107986832583177.66, 102830080343038.89, 103661752732961.4, 111111413438619.62, 110224437063283.17, 111534394024619.7, 117190935246937.44, 123850895019826.23, 110716257212119.22, 111737026247791.19, 110432030258412.66, 101474218653959.88, 100536370957319.69, 101967369320770.6, 100821631168664.47, 102060122973801.56, 104191853520794.38], [109493948079372.12, 112686404944240.53, 117267314117946.55, 111470182015135.31, 108688674909280.7, 107590808953999.03, 109823652848877.66, 108560275198792.39, 106227763804724.17, 111686731514445.23, 110716257212119.22, 124017643566389.77, 117597083671430.17, 110350031213362.58, 108156716033623.6, 107818156448732.58, 107090379670622.36, 105422742773692.86, 107569282142216.9, 106125038333872.1], [108566982549251.08, 112850051878421.67, 117412220838639.05, 111673544350304.95, 107350180618362.95, 107975053985772.05, 107528767577025.77, 106212505234910.81, 107370716096761.64, 111919606996801.8, 111737026247791.19, 117597083671430.17, 124208430849514.33, 111765213025808.4, 106481509470516.97, 106969990006736.03, 104579082400311.03, 105823977686323.28, 107008996734245.6, 107509745500238.48], [102127726766484.73, 108443749249846.55, 111848692939971.14, 115609779343666.66, 111748249262364.38, 111730667181989.95, 100837888789040.83, 98797437445100.89, 101032758314198.28, 107311015241854.48, 110432030258412.66, 110350031213362.58, 111765213025808.4, 122730466964634.61, 111659276168229.83, 109095573102451.2, 110381829263180.97, 109992468527173.16, 110645583123406.98, 110492261178359.23], [96016194912650.6, 101971870933899.19, 107134080943574.45, 110723993072514.77, 116613568529146.88, 105317001946739.05, 94729572093513.38, 93387811042021.8, 94474154219475.25, 101980644274591.2, 101474218653959.88, 108156716033623.6, 106481509470516.97, 111659276168229.83, 122483470055741.95, 115385647366900.7, 115527330635245.45, 105174889718389.27, 103574500748236.47, 102500911708212.58], [94619075943683.27, 100701488253251.56, 106766693627236.42, 110221838535023.75, 116121830020452.88, 107144836872869.62, 92974246144131.53, 92780492478979.33, 92637550387758.08, 99884950563021.4, 100536370957319.69, 107818156448732.58, 106969990006736.03, 109095573102451.2, 115385647366900.7, 121671074573356.14, 115003810019114.58, 107054991457522.92, 105906131912313.03, 105320779448689.08], [95685421048324.88, 101570069150250.66, 106098030003359.48, 110248070061995.61, 116170731165145.61, 106346739943873.0, 94267881154747.19, 93579219690690.73, 93850111757187.56, 101150861744042.55, 101967369320770.6, 107090379670622.36, 104579082400311.03, 110381829263180.97, 115527330635245.45, 115003810019114.58, 121634519709956.19, 106252843354224.3, 104798472144813.5, 104277298470026.53], [95128165845682.12, 100890273490988.11, 105839316519919.39, 110314606985509.9, 107232782135188.27, 116253829087079.1, 93433431149382.19, 93533535516380.72, 93161122823986.39, 100458805125122.9, 100821631168664.47, 105422742773692.86, 105823977686323.28, 109992468527173.16, 105174889718389.27, 107054991457522.92, 106252843354224.3, 121810825114153.98, 115440088065365.03, 115222201477215.47], [95769974690533.98, 101822399698106.98, 107060341870101.56, 110603931250440.1, 106134172641653.56, 116580650351419.03, 94357422648578.45, 93903791420746.89, 93541863946378.0, 101124199513959.36, 102060122973801.56, 107569282142216.9, 107008996734245.6, 110645583123406.98, 103574500748236.47, 105906131912313.03, 104798472144813.5, 115440088065365.03, 122431065364214.48, 115582852662308.6], [96601403949704.77, 103303425155349.0, 107102084622650.45, 110350524635316.89, 105489930789217.89, 116309769254199.33, 94603423149448.23, 94826552981490.7, 94430149723600.55, 103588990494669.73, 104191853520794.38, 106125038333872.1, 107509745500238.48, 110492261178359.23, 102500911708212.58, 105320779448689.08, 104277298470026.53, 115222201477215.47, 115582852662308.6, 121835745354203.92], [234853432873.54587, 329927990582.08417, 316485465901.0439, 295722234883.82776, 196096391312.68564, 200817833171.68652, 223080361108.6192, 203592878418.53644, 221530645476.29242, 347778138003.2011, 367210391614.887, 310327482530.661, 327143603706.2945, 375147844013.81683, 200234126233.52066, 158724462727.52783, 181228011189.29327, 178733220950.92468, 186326677547.01834, 192940355234.02518]]}}