{"resp_b": 0.1, "restrained_fit": true, "exclude_hydrogens": true, "convergence_tolerance": 1e-06, "max_iter": 500, "resp_a": 0.0005, "charge_constraints": {"charge_sum_constraints": [], "charge_equivalence_constraints": [], "molecules": [{"qcmol": {"schema_name": "qcschema_molecule", "schema_version": 2, "validated": true, "symbols": ["C", "C", "C", "C", "C", "C", "H", "H", "H", "H", "H", "H", "H", "H", "H", "H", "H", "H", "H", "H"], "geometry": [[0.0, 0.0, 0.0], [2.8892361896567516, 1.1341132086329436e-16, 4.2936359720555706e-16], [3.9969209203465383, 2.6729537537702575, 0.0], [6.8877146779345635, 2.8221458728786804, -0.2299826245384496], [7.730112087459967, 5.572347211229111, -0.5588095751351807], [8.250475847744225, 1.6179910193883291, 2.023647970858665], [-0.7436037091017857, -1.912209274043648, 0.008210941823714457], [-0.742672412461047, 0.9527496732070131, -1.65985818371517], [-0.7400800919677255, 0.9647285030183113, 1.65436259095274], [3.568759436149521, -1.018286702452959, -1.6525253218665283], [3.554636226651921, -1.0431890293878312, 1.637256095520023], [3.1673030090429215, 3.7179003791181273, -1.565763288918049], [3.40822791251521, 3.6516913682500425, 1.7136352621348387], [7.437082596716046, 1.7914861286391401, -1.9255128850226395], [6.847237046864953, 6.432956733420949, -2.199465426658772], [7.22504676712583, 6.696936214218128, 1.084955440498737], [9.763897212982874, 5.702710798517843, -0.801365069011335], [7.705941639857452, 2.5326690234933125, 3.7816486405156313], [10.284964568042874, 1.805759367637128, 1.829445205848588], [7.8334433944360695, -0.38048359161097955, 2.200477167928863]], "name": "C6H14", "identifiers": {"molecule_hash": "0389ced14066431c26b2a96d771e627d9920bb0a", "molecular_formula": "C6H14"}, "molecular_charge": 0.0, "molecular_multiplicity": 1, "connectivity": [[0, 1, 1.0], [0, 6, 1.0], [0, 7, 1.0], [0, 8, 1.0], [1, 2, 1.0], [1, 9, 1.0], [1, 10, 1.0], [2, 3, 1.0], [2, 11, 1.0], [2, 12, 1.0], [3, 4, 1.0], [3, 5, 1.0], [3, 13, 1.0], [4, 14, 1.0], [4, 15, 1.0], [4, 16, 1.0], [5, 17, 1.0], [5, 18, 1.0], [5, 19, 1.0]], "fix_com": true, "fix_orientation": true, "provenance": {"creator": "QCElemental", "version": "v0.22.0", "routine": "qcelemental.molparse.from_schema"}, "id": "80824"}, "charge": 0, "optimize_geometry": false, "conformers": [], "conformer_generation_options": {"n_conformer_pool": 4000, "n_max_conformers": 0, "rms_tolerance": 0.05, "energy_window": 15, "keep_original_conformer": true}, "stage_1_unrestrained_charges": null, "stage_1_restrained_charges": null, "stage_2_unrestrained_charges": null, "stage_2_restrained_charges": null, "keep_original_orientation": false, "reorientations": [], "translations": [], "rotations": []}], "unconstrained_atoms": [{"index": 0, "molecule": {"qcmol": {"schema_name": "qcschema_molecule", "schema_version": 2, "validated": true, "symbols": ["C", "C", "C", "C", "C", "C", "H", "H", "H", "H", "H", "H", "H", "H", "H", "H", "H", "H", "H", "H"], "geometry": [[0.0, 0.0, 0.0], [2.8892361896567516, 1.1341132086329436e-16, 4.2936359720555706e-16], [3.9969209203465383, 2.6729537537702575, 0.0], [6.8877146779345635, 2.8221458728786804, -0.2299826245384496], [7.730112087459967, 5.572347211229111, -0.5588095751351807], [8.250475847744225, 1.6179910193883291, 2.023647970858665], [-0.7436037091017857, -1.912209274043648, 0.008210941823714457], [-0.742672412461047, 0.9527496732070131, -1.65985818371517], [-0.7400800919677255, 0.9647285030183113, 1.65436259095274], [3.568759436149521, -1.018286702452959, -1.6525253218665283], [3.554636226651921, -1.0431890293878312, 1.637256095520023], [3.1673030090429215, 3.7179003791181273, -1.565763288918049], [3.40822791251521, 3.6516913682500425, 1.7136352621348387], [7.437082596716046, 1.7914861286391401, -1.9255128850226395], [6.847237046864953, 6.432956733420949, -2.199465426658772], [7.22504676712583, 6.696936214218128, 1.084955440498737], [9.763897212982874, 5.702710798517843, -0.801365069011335], [7.705941639857452, 2.5326690234933125, 3.7816486405156313], [10.284964568042874, 1.805759367637128, 1.829445205848588], [7.8334433944360695, -0.38048359161097955, 2.200477167928863]], "name": "C6H14", "identifiers": {"molecule_hash": "0389ced14066431c26b2a96d771e627d9920bb0a", "molecular_formula": "C6H14"}, "molecular_charge": 0.0, "molecular_multiplicity": 1, "connectivity": [[0, 1, 1.0], [0, 6, 1.0], [0, 7, 1.0], [0, 8, 1.0], [1, 2, 1.0], [1, 9, 1.0], [1, 10, 1.0], [2, 3, 1.0], [2, 11, 1.0], [2, 12, 1.0], [3, 4, 1.0], [3, 5, 1.0], [3, 13, 1.0], [4, 14, 1.0], [4, 15, 1.0], [4, 16, 1.0], [5, 17, 1.0], [5, 18, 1.0], [5, 19, 1.0]], "fix_com": true, "fix_orientation": true, "provenance": {"creator": "QCElemental", "version": "v0.22.0", "routine": "qcelemental.molparse.from_schema"}, "id": "80824"}, "charge": 0, "optimize_geometry": false, "conformers": [], "conformer_generation_options": {"n_conformer_pool": 4000, "n_max_conformers": 0, "rms_tolerance": 0.05, "energy_window": 15, "keep_original_conformer": true}, "stage_1_unrestrained_charges": null, "stage_1_restrained_charges": null, "stage_2_unrestrained_charges": null, "stage_2_restrained_charges": null, "keep_original_orientation": false, "reorientations": [], "translations": [], "rotations": []}}, {"index": 1, "molecule": {"qcmol": {"schema_name": "qcschema_molecule", "schema_version": 2, "validated": true, "symbols": ["C", "C", "C", "C", "C", "C", "H", "H", "H", "H", "H", "H", "H", "H", "H", "H", "H", "H", "H", "H"], "geometry": [[0.0, 0.0, 0.0], [2.8892361896567516, 1.1341132086329436e-16, 4.2936359720555706e-16], [3.9969209203465383, 2.6729537537702575, 0.0], [6.8877146779345635, 2.8221458728786804, -0.2299826245384496], [7.730112087459967, 5.572347211229111, -0.5588095751351807], [8.250475847744225, 1.6179910193883291, 2.023647970858665], [-0.7436037091017857, -1.912209274043648, 0.008210941823714457], [-0.742672412461047, 0.9527496732070131, -1.65985818371517], [-0.7400800919677255, 0.9647285030183113, 1.65436259095274], [3.568759436149521, -1.018286702452959, -1.6525253218665283], [3.554636226651921, -1.0431890293878312, 1.637256095520023], [3.1673030090429215, 3.7179003791181273, -1.565763288918049], [3.40822791251521, 3.6516913682500425, 1.7136352621348387], [7.437082596716046, 1.7914861286391401, -1.9255128850226395], [6.847237046864953, 6.432956733420949, -2.199465426658772], [7.22504676712583, 6.696936214218128, 1.084955440498737], [9.763897212982874, 5.702710798517843, -0.801365069011335], [7.705941639857452, 2.5326690234933125, 3.7816486405156313], [10.284964568042874, 1.805759367637128, 1.829445205848588], [7.8334433944360695, -0.38048359161097955, 2.200477167928863]], "name": "C6H14", "identifiers": {"molecule_hash": "0389ced14066431c26b2a96d771e627d9920bb0a", "molecular_formula": "C6H14"}, "molecular_charge": 0.0, "molecular_multiplicity": 1, "connectivity": [[0, 1, 1.0], [0, 6, 1.0], [0, 7, 1.0], [0, 8, 1.0], [1, 2, 1.0], [1, 9, 1.0], [1, 10, 1.0], [2, 3, 1.0], [2, 11, 1.0], [2, 12, 1.0], [3, 4, 1.0], [3, 5, 1.0], [3, 13, 1.0], [4, 14, 1.0], [4, 15, 1.0], [4, 16, 1.0], [5, 17, 1.0], [5, 18, 1.0], [5, 19, 1.0]], "fix_com": true, "fix_orientation": true, "provenance": {"creator": "QCElemental", "version": "v0.22.0", "routine": "qcelemental.molparse.from_schema"}, "id": "80824"}, "charge": 0, "optimize_geometry": false, "conformers": [], "conformer_generation_options": {"n_conformer_pool": 4000, "n_max_conformers": 0, "rms_tolerance": 0.05, "energy_window": 15, "keep_original_conformer": true}, "stage_1_unrestrained_charges": null, "stage_1_restrained_charges": null, "stage_2_unrestrained_charges": null, "stage_2_restrained_charges": null, "keep_original_orientation": false, "reorientations": [], "translations": [], "rotations": []}}, {"index": 2, "molecule": {"qcmol": {"schema_name": "qcschema_molecule", "schema_version": 2, "validated": true, "symbols": ["C", "C", "C", "C", "C", "C", "H", "H", "H", "H", "H", "H", "H", "H", "H", "H", "H", "H", "H", "H"], "geometry": [[0.0, 0.0, 0.0], [2.8892361896567516, 1.1341132086329436e-16, 4.2936359720555706e-16], [3.9969209203465383, 2.6729537537702575, 0.0], [6.8877146779345635, 2.8221458728786804, -0.2299826245384496], [7.730112087459967, 5.572347211229111, -0.5588095751351807], [8.250475847744225, 1.6179910193883291, 2.023647970858665], [-0.7436037091017857, -1.912209274043648, 0.008210941823714457], [-0.742672412461047, 0.9527496732070131, -1.65985818371517], [-0.7400800919677255, 0.9647285030183113, 1.65436259095274], [3.568759436149521, -1.018286702452959, -1.6525253218665283], [3.554636226651921, -1.0431890293878312, 1.637256095520023], [3.1673030090429215, 3.7179003791181273, -1.565763288918049], [3.40822791251521, 3.6516913682500425, 1.7136352621348387], [7.437082596716046, 1.7914861286391401, -1.9255128850226395], [6.847237046864953, 6.432956733420949, -2.199465426658772], [7.22504676712583, 6.696936214218128, 1.084955440498737], [9.763897212982874, 5.702710798517843, -0.801365069011335], [7.705941639857452, 2.5326690234933125, 3.7816486405156313], [10.284964568042874, 1.805759367637128, 1.829445205848588], [7.8334433944360695, -0.38048359161097955, 2.200477167928863]], "name": "C6H14", "identifiers": {"molecule_hash": "0389ced14066431c26b2a96d771e627d9920bb0a", "molecular_formula": "C6H14"}, "molecular_charge": 0.0, "molecular_multiplicity": 1, "connectivity": [[0, 1, 1.0], [0, 6, 1.0], [0, 7, 1.0], [0, 8, 1.0], [1, 2, 1.0], [1, 9, 1.0], [1, 10, 1.0], [2, 3, 1.0], [2, 11, 1.0], [2, 12, 1.0], [3, 4, 1.0], [3, 5, 1.0], [3, 13, 1.0], [4, 14, 1.0], [4, 15, 1.0], [4, 16, 1.0], [5, 17, 1.0], [5, 18, 1.0], [5, 19, 1.0]], "fix_com": true, "fix_orientation": true, "provenance": {"creator": "QCElemental", "version": "v0.22.0", "routine": "qcelemental.molparse.from_schema"}, "id": "80824"}, "charge": 0, "optimize_geometry": false, "conformers": [], "conformer_generation_options": {"n_conformer_pool": 4000, "n_max_conformers": 0, "rms_tolerance": 0.05, "energy_window": 15, "keep_original_conformer": true}, "stage_1_unrestrained_charges": null, "stage_1_restrained_charges": null, "stage_2_unrestrained_charges": null, "stage_2_restrained_charges": null, "keep_original_orientation": false, "reorientations": [], "translations": [], "rotations": []}}, {"index": 4, "molecule": {"qcmol": {"schema_name": "qcschema_molecule", "schema_version": 2, "validated": true, "symbols": ["C", "C", "C", "C", "C", "C", "H", "H", "H", "H", "H", "H", "H", "H", "H", "H", "H", "H", "H", "H"], "geometry": [[0.0, 0.0, 0.0], [2.8892361896567516, 1.1341132086329436e-16, 4.2936359720555706e-16], [3.9969209203465383, 2.6729537537702575, 0.0], [6.8877146779345635, 2.8221458728786804, -0.2299826245384496], [7.730112087459967, 5.572347211229111, -0.5588095751351807], [8.250475847744225, 1.6179910193883291, 2.023647970858665], [-0.7436037091017857, -1.912209274043648, 0.008210941823714457], [-0.742672412461047, 0.9527496732070131, -1.65985818371517], [-0.7400800919677255, 0.9647285030183113, 1.65436259095274], [3.568759436149521, -1.018286702452959, -1.6525253218665283], [3.554636226651921, -1.0431890293878312, 1.637256095520023], [3.1673030090429215, 3.7179003791181273, -1.565763288918049], [3.40822791251521, 3.6516913682500425, 1.7136352621348387], [7.437082596716046, 1.7914861286391401, -1.9255128850226395], [6.847237046864953, 6.432956733420949, -2.199465426658772], [7.22504676712583, 6.696936214218128, 1.084955440498737], [9.763897212982874, 5.702710798517843, -0.801365069011335], [7.705941639857452, 2.5326690234933125, 3.7816486405156313], [10.284964568042874, 1.805759367637128, 1.829445205848588], [7.8334433944360695, -0.38048359161097955, 2.200477167928863]], "name": "C6H14", "identifiers": {"molecule_hash": "0389ced14066431c26b2a96d771e627d9920bb0a", "molecular_formula": "C6H14"}, "molecular_charge": 0.0, "molecular_multiplicity": 1, "connectivity": [[0, 1, 1.0], [0, 6, 1.0], [0, 7, 1.0], [0, 8, 1.0], [1, 2, 1.0], [1, 9, 1.0], [1, 10, 1.0], [2, 3, 1.0], [2, 11, 1.0], [2, 12, 1.0], [3, 4, 1.0], [3, 5, 1.0], [3, 13, 1.0], [4, 14, 1.0], [4, 15, 1.0], [4, 16, 1.0], [5, 17, 1.0], [5, 18, 1.0], [5, 19, 1.0]], "fix_com": true, "fix_orientation": true, "provenance": {"creator": "QCElemental", "version": "v0.22.0", "routine": "qcelemental.molparse.from_schema"}, "id": "80824"}, "charge": 0, "optimize_geometry": false, "conformers": [], "conformer_generation_options": {"n_conformer_pool": 4000, "n_max_conformers": 0, "rms_tolerance": 0.05, "energy_window": 15, "keep_original_conformer": true}, "stage_1_unrestrained_charges": null, "stage_1_restrained_charges": null, "stage_2_unrestrained_charges": null, "stage_2_restrained_charges": null, "keep_original_orientation": false, "reorientations": [], "translations": [], "rotations": []}}, {"index": 5, "molecule": {"qcmol": {"schema_name": "qcschema_molecule", "schema_version": 2, "validated": true, "symbols": ["C", "C", "C", "C", "C", "C", "H", "H", "H", "H", "H", "H", "H", "H", "H", "H", "H", "H", "H", "H"], "geometry": [[0.0, 0.0, 0.0], [2.8892361896567516, 1.1341132086329436e-16, 4.2936359720555706e-16], [3.9969209203465383, 2.6729537537702575, 0.0], [6.8877146779345635, 2.8221458728786804, -0.2299826245384496], [7.730112087459967, 5.572347211229111, -0.5588095751351807], [8.250475847744225, 1.6179910193883291, 2.023647970858665], [-0.7436037091017857, -1.912209274043648, 0.008210941823714457], [-0.742672412461047, 0.9527496732070131, -1.65985818371517], [-0.7400800919677255, 0.9647285030183113, 1.65436259095274], [3.568759436149521, -1.018286702452959, -1.6525253218665283], [3.554636226651921, -1.0431890293878312, 1.637256095520023], [3.1673030090429215, 3.7179003791181273, -1.565763288918049], [3.40822791251521, 3.6516913682500425, 1.7136352621348387], [7.437082596716046, 1.7914861286391401, -1.9255128850226395], [6.847237046864953, 6.432956733420949, -2.199465426658772], [7.22504676712583, 6.696936214218128, 1.084955440498737], [9.763897212982874, 5.702710798517843, -0.801365069011335], [7.705941639857452, 2.5326690234933125, 3.7816486405156313], [10.284964568042874, 1.805759367637128, 1.829445205848588], [7.8334433944360695, -0.38048359161097955, 2.200477167928863]], "name": "C6H14", "identifiers": {"molecule_hash": "0389ced14066431c26b2a96d771e627d9920bb0a", "molecular_formula": "C6H14"}, "molecular_charge": 0.0, "molecular_multiplicity": 1, "connectivity": [[0, 1, 1.0], [0, 6, 1.0], [0, 7, 1.0], [0, 8, 1.0], [1, 2, 1.0], [1, 9, 1.0], [1, 10, 1.0], [2, 3, 1.0], [2, 11, 1.0], [2, 12, 1.0], [3, 4, 1.0], [3, 5, 1.0], [3, 13, 1.0], [4, 14, 1.0], [4, 15, 1.0], [4, 16, 1.0], [5, 17, 1.0], [5, 18, 1.0], [5, 19, 1.0]], "fix_com": true, "fix_orientation": true, "provenance": {"creator": "QCElemental", "version": "v0.22.0", "routine": "qcelemental.molparse.from_schema"}, "id": "80824"}, "charge": 0, "optimize_geometry": false, "conformers": [], "conformer_generation_options": {"n_conformer_pool": 4000, "n_max_conformers": 0, "rms_tolerance": 0.05, "energy_window": 15, "keep_original_conformer": true}, "stage_1_unrestrained_charges": null, "stage_1_restrained_charges": null, "stage_2_unrestrained_charges": null, "stage_2_restrained_charges": null, "keep_original_orientation": false, "reorientations": [], "translations": [], "rotations": []}}]}, "surface_constraints": {"matrix": [[116823040054258.64, 113198530193542.92, 108554267585325.86, 101584201140547.67, 96841774479946.77, 97154931610904.14, 117244603526100.02, 117197441742922.05, 117089969458039.44, 112750435144571.1, 112744742119049.6, 109493599713073.08, 108566638476084.44, 102127403149357.39, 96015889974219.5, 94618774664916.75, 95685115100480.58, 95127863035220.48, 95769670075004.22, 96601095540387.19], [113198530193542.92, 116029811446118.0, 112626264266513.38, 107341046105285.44, 102785631082918.73, 103257385104275.28, 111956706736979.55, 111970602121116.03, 111835663353877.5, 117475410918925.4, 117511154759372.72, 112686047061295.77, 112849693337669.14, 108443405024265.11, 101971547341921.62, 100701168752164.84, 101569745456921.9, 100889953228929.08, 101822076664423.61, 103303096221605.83], [108554267585325.86, 112626264266513.38, 115319067496268.53, 111285969034358.86, 107814431137796.38, 107801755071594.16, 107796074987787.38, 106802215922859.1, 106601745934510.52, 112274709559912.34, 112265246479279.67, 117266941524479.31, 117411847695517.22, 111848337649603.6, 107133740618159.9, 106766355059786.4, 106097692336247.88, 105838980363460.05, 107060001921954.02, 107101743950127.3], [101584201140547.67, 107341046105285.44, 111285969034358.86, 113099226843890.55, 111199114823708.19, 111205764616241.62, 100273735360019.27, 99198231959465.97, 99879806554251.62, 106723349789061.4, 107986489243945.48, 111469827923129.42, 111673189507898.62, 115609412133697.86, 110723641290167.5, 110221488354784.45, 110247719793739.61, 110314256509475.64, 110603579759249.11, 110350173925492.53], [96841774479946.77, 102785631082918.73, 107814431137796.38, 111199114823708.19, 115532273560926.45, 107479011044781.17, 95410583554628.31, 94614793644150.0, 95069349533212.34, 102321553227857.83, 102829753381098.69, 108688329874670.53, 107349839436395.48, 111747894304049.12, 116613197969102.78, 116121461053942.38, 116170362003315.98, 107232441215060.12, 106133834879189.7, 105489596079945.94], [97154931610904.14, 103257385104275.28, 107801755071594.16, 111205764616241.62, 107479011044781.17, 115586400302985.06, 95535855232074.4, 95277054427400.2, 95107422369848.05, 102898327496423.83, 103661422793957.05, 107590466559423.73, 107974711449955.69, 111730312216041.55, 105316667352727.05, 107144496171471.78, 106346402029073.3, 116253459639302.58, 116580279734418.47, 116309399483966.78], [117244603526100.02, 111956706736979.55, 107796074987787.38, 100273735360019.27, 95410583554628.31, 95535855232074.4, 122753043630545.0, 115793974245719.3, 115712399196713.23, 110265130333006.0, 111111060707227.67, 109823302816567.75, 107528426832579.61, 100837569200418.1, 94729270290694.27, 92973948879051.8, 94267578425183.3, 93433132895087.0, 94357121994744.03, 94603121030662.75], [117197441742922.05, 111970602121116.03, 106802215922859.1, 99198231959465.97, 94614793644150.0, 95277054427400.2, 115793974245719.3, 122561393374126.34, 115667547966586.7, 112077067396056.6, 110224086920067.17, 108559929102653.16, 106212168278000.39, 98797123680575.67, 93387514029105.7, 92780196238583.69, 93578919999266.14, 93533236523655.44, 93903491290391.9, 94826248699169.34], [117089969458039.44, 111835663353877.5, 106601745934510.52, 99879806554251.62, 95069349533212.34, 95107422369848.05, 115712399196713.23, 115667547966586.7, 122364298372765.55, 110569156842583.58, 111534039644834.7, 106227426634108.5, 107370376642670.5, 101032439312319.22, 94473855310704.73, 92637256580791.48, 93849812702494.42, 93160827669468.27, 93541567787560.6, 94429849222454.64], [112750435144571.1, 117475410918925.4, 112274709559912.34, 106723349789061.4, 102321553227857.83, 102898327496423.83, 110265130333006.0, 112077067396056.6, 110569156842583.58, 123659394210127.36, 117190563014128.8, 111686376906466.72, 111919250335241.95, 107310674957801.92, 101980321373691.02, 99884634513391.39, 101150540044531.55, 100458487573080.05, 101123880122760.31, 103588661930027.62], [112744742119049.6, 117511154759372.72, 112265246479279.67, 107986489243945.48, 102829753381098.69, 103661422793957.05, 111111060707227.67, 110224086920067.17, 111534039644834.7, 117190563014128.8, 123850501850974.5, 110715906070065.28, 111736671619466.7, 110431679006808.55, 101473896336923.56, 100536051850809.39, 101967044143528.81, 100821310559783.94, 102059798592145.16, 104191520833915.84], [109493599713073.08, 112686047061295.77, 117266941524479.31, 111469827923129.42, 108688329874670.53, 107590466559423.73, 109823302816567.75, 108559929102653.16, 106227426634108.5, 111686376906466.72, 110715906070065.28, 124017249492079.83, 117596709877349.38, 110349681008129.31, 108156373136763.16, 107817814604510.77, 107090038930164.78, 105422407082384.42, 107568939765090.67, 106124700393713.81], [108566638476084.44, 112849693337669.14, 117411847695517.22, 111673189507898.62, 107349839436395.48, 107974711449955.69, 107528426832579.61, 106212168278000.39, 107370376642670.5, 111919250335241.95, 111736671619466.7, 117596709877349.38, 124208036073114.52, 111764857439826.17, 106481170273619.12, 106969651332414.5, 104578749427427.89, 105823642348798.95, 107008657709550.9, 107509403980581.44], [102127403149357.39, 108443405024265.11, 111848337649603.6, 115609412133697.86, 111747894304049.12, 111730312216041.55, 100837569200418.1, 98797123680575.67, 101032439312319.22, 107310674957801.92, 110431679006808.55, 110349681008129.31, 111764857439826.17, 122730077145445.0, 111658921347061.92, 109095226196165.97, 110381479107542.17, 109992119213029.67, 110645231713879.69, 110491909824262.0], [96015889974219.5, 101971547341921.62, 107133740618159.9, 110723641290167.5, 116613197969102.78, 105316667352727.05, 94729270290694.27, 93387514029105.7, 94473855310704.73, 101980321373691.02, 101473896336923.56, 108156373136763.16, 106481170273619.12, 111658921347061.92, 122483080826047.95, 115385280711535.42, 115526963453092.7, 105174555345824.5, 103574171442821.1, 102500586524530.52], [94618774664916.75, 100701168752164.84, 106766355059786.4, 110221488354784.45, 116121461053942.38, 107144496171471.78, 92973948879051.8, 92780196238583.69, 92637256580791.48, 99884634513391.39, 100536051850809.39, 107817814604510.77, 106969651332414.5, 109095226196165.97, 115385280711535.42, 121670687985788.72, 115003444553208.98, 107054651090573.0, 105905793848110.72, 105320445583675.2], [95685115100480.58, 101569745456921.9, 106097692336247.88, 110247719793739.61, 116170362003315.98, 106346402029073.3, 94267578425183.3, 93578919999266.14, 93849812702494.42, 101150540044531.55, 101967044143528.81, 107090038930164.78, 104578749427427.89, 110381479107542.17, 115526963453092.7, 115003444553208.98, 121634133127605.97, 106252505362108.11, 104798138985116.92, 104276967612030.97], [95127863035220.48, 100889953228929.08, 105838980363460.05, 110314256509475.64, 107232441215060.12, 116253459639302.58, 93433132895087.0, 93533236523655.44, 93160827669468.27, 100458487573080.05, 100821310559783.94, 105422407082384.42, 105823642348798.95, 109992119213029.67, 105174555345824.5, 107054651090573.0, 106252505362108.11, 121810438036295.27, 115439721141782.58, 115221835222077.27], [95769670075004.22, 101822076664423.61, 107060001921954.02, 110603579759249.11, 106133834879189.7, 116580279734418.47, 94357121994744.03, 93903491290391.9, 93541567787560.6, 101123880122760.31, 102059798592145.16, 107568939765090.67, 107008657709550.9, 110645231713879.69, 103574171442821.1, 105905793848110.72, 104798138985116.92, 115439721141782.58, 122430676080788.83, 115582485091496.9], [96601095540387.19, 103303096221605.83, 107101743950127.3, 110350173925492.53, 105489596079945.94, 116309399483966.78, 94603121030662.75, 94826248699169.34, 94429849222454.64, 103588661930027.62, 104191520833915.84, 106124700393713.81, 107509403980581.44, 110491909824262.0, 102500586524530.52, 105320445583675.2, 104276967612030.97, 115221835222077.27, 115582485091496.9, 121835357956444.5], [189817914803.3748, 283096193851.7453, 281618635271.2626, 270566068313.36047, 190797167945.50674, 194620792566.34158, 177048319630.97473, 162095355458.01236, 176476099203.48856, 298280890382.01764, 316030219978.516, 279576323661.45166, 292752581448.54785, 330556726463.62164, 190965650824.23508, 167845215594.57358, 180576966637.60284, 181258548802.5347, 184470993910.70178, 188096511912.4723]]}}