{"resp_b": 0.1, "restrained_fit": true, "exclude_hydrogens": true, "convergence_tolerance": 1e-06, "max_iter": 500, "resp_a": 0.0005, "charge_constraints": {"charge_sum_constraints": [], "charge_equivalence_constraints": [], "molecules": [{"qcmol": {"schema_name": "qcschema_molecule", "schema_version": 2, "validated": true, "symbols": ["C", "C", "C", "C", "C", "C", "H", "H", "H", "H", "H", "H", "H", "H", "H", "H", "H", "H", "H", "H"], "geometry": [[0.0, 0.0, 0.0], [2.8892361896567516, 1.1341132086329436e-16, 4.2936359720555706e-16], [3.9969209203465383, 2.6729537537702575, 0.0], [6.8877146779345635, 2.8221458728786804, -0.2299826245384496], [7.730112087459967, 5.572347211229111, -0.5588095751351807], [8.250475847744225, 1.6179910193883291, 2.023647970858665], [-0.7436037091017857, -1.912209274043648, 0.008210941823714457], [-0.742672412461047, 0.9527496732070131, -1.65985818371517], [-0.7400800919677255, 0.9647285030183113, 1.65436259095274], [3.568759436149521, -1.018286702452959, -1.6525253218665283], [3.554636226651921, -1.0431890293878312, 1.637256095520023], [3.1673030090429215, 3.7179003791181273, -1.565763288918049], [3.40822791251521, 3.6516913682500425, 1.7136352621348387], [7.437082596716046, 1.7914861286391401, -1.9255128850226395], [6.847237046864953, 6.432956733420949, -2.199465426658772], [7.22504676712583, 6.696936214218128, 1.084955440498737], [9.763897212982874, 5.702710798517843, -0.801365069011335], [7.705941639857452, 2.5326690234933125, 3.7816486405156313], [10.284964568042874, 1.805759367637128, 1.829445205848588], [7.8334433944360695, -0.38048359161097955, 2.200477167928863]], "name": "C6H14", "identifiers": {"molecule_hash": "0389ced14066431c26b2a96d771e627d9920bb0a", "molecular_formula": "C6H14"}, "molecular_charge": 0.0, "molecular_multiplicity": 1, "connectivity": [[0, 1, 1.0], [0, 6, 1.0], [0, 7, 1.0], [0, 8, 1.0], [1, 2, 1.0], [1, 9, 1.0], [1, 10, 1.0], [2, 3, 1.0], [2, 11, 1.0], [2, 12, 1.0], [3, 4, 1.0], [3, 5, 1.0], [3, 13, 1.0], [4, 14, 1.0], [4, 15, 1.0], [4, 16, 1.0], [5, 17, 1.0], [5, 18, 1.0], [5, 19, 1.0]], "fix_com": true, "fix_orientation": true, "provenance": {"creator": "QCElemental", "version": "v0.22.0", "routine": "qcelemental.molparse.from_schema"}, "id": "80824"}, "charge": 0, "optimize_geometry": false, "conformers": [], "conformer_generation_options": {"n_conformer_pool": 4000, "n_max_conformers": 0, "rms_tolerance": 0.05, "energy_window": 15, "keep_original_conformer": true}, "stage_1_unrestrained_charges": null, "stage_1_restrained_charges": null, "stage_2_unrestrained_charges": null, "stage_2_restrained_charges": null, "keep_original_orientation": false, "reorientations": [], "translations": [], "rotations": []}], "unconstrained_atoms": [{"index": 0, "molecule": {"qcmol": {"schema_name": "qcschema_molecule", "schema_version": 2, "validated": true, "symbols": ["C", "C", "C", "C", "C", "C", "H", "H", "H", "H", "H", "H", "H", "H", "H", "H", "H", "H", "H", "H"], "geometry": [[0.0, 0.0, 0.0], [2.8892361896567516, 1.1341132086329436e-16, 4.2936359720555706e-16], [3.9969209203465383, 2.6729537537702575, 0.0], [6.8877146779345635, 2.8221458728786804, -0.2299826245384496], [7.730112087459967, 5.572347211229111, -0.5588095751351807], [8.250475847744225, 1.6179910193883291, 2.023647970858665], [-0.7436037091017857, -1.912209274043648, 0.008210941823714457], [-0.742672412461047, 0.9527496732070131, -1.65985818371517], [-0.7400800919677255, 0.9647285030183113, 1.65436259095274], [3.568759436149521, -1.018286702452959, -1.6525253218665283], [3.554636226651921, -1.0431890293878312, 1.637256095520023], [3.1673030090429215, 3.7179003791181273, -1.565763288918049], [3.40822791251521, 3.6516913682500425, 1.7136352621348387], [7.437082596716046, 1.7914861286391401, -1.9255128850226395], [6.847237046864953, 6.432956733420949, -2.199465426658772], [7.22504676712583, 6.696936214218128, 1.084955440498737], [9.763897212982874, 5.702710798517843, -0.801365069011335], [7.705941639857452, 2.5326690234933125, 3.7816486405156313], [10.284964568042874, 1.805759367637128, 1.829445205848588], [7.8334433944360695, -0.38048359161097955, 2.200477167928863]], "name": "C6H14", "identifiers": {"molecule_hash": "0389ced14066431c26b2a96d771e627d9920bb0a", "molecular_formula": "C6H14"}, "molecular_charge": 0.0, "molecular_multiplicity": 1, "connectivity": [[0, 1, 1.0], [0, 6, 1.0], [0, 7, 1.0], [0, 8, 1.0], [1, 2, 1.0], [1, 9, 1.0], [1, 10, 1.0], [2, 3, 1.0], [2, 11, 1.0], [2, 12, 1.0], [3, 4, 1.0], [3, 5, 1.0], [3, 13, 1.0], [4, 14, 1.0], [4, 15, 1.0], [4, 16, 1.0], [5, 17, 1.0], [5, 18, 1.0], [5, 19, 1.0]], "fix_com": true, "fix_orientation": true, "provenance": {"creator": "QCElemental", "version": "v0.22.0", "routine": "qcelemental.molparse.from_schema"}, "id": "80824"}, "charge": 0, "optimize_geometry": false, "conformers": [], "conformer_generation_options": {"n_conformer_pool": 4000, "n_max_conformers": 0, "rms_tolerance": 0.05, "energy_window": 15, "keep_original_conformer": true}, "stage_1_unrestrained_charges": null, "stage_1_restrained_charges": null, "stage_2_unrestrained_charges": null, "stage_2_restrained_charges": null, "keep_original_orientation": false, "reorientations": [], "translations": [], "rotations": []}}, {"index": 1, "molecule": {"qcmol": {"schema_name": "qcschema_molecule", "schema_version": 2, "validated": true, "symbols": ["C", "C", "C", "C", "C", "C", "H", "H", "H", "H", "H", "H", "H", "H", "H", "H", "H", "H", "H", "H"], "geometry": [[0.0, 0.0, 0.0], [2.8892361896567516, 1.1341132086329436e-16, 4.2936359720555706e-16], [3.9969209203465383, 2.6729537537702575, 0.0], [6.8877146779345635, 2.8221458728786804, -0.2299826245384496], [7.730112087459967, 5.572347211229111, -0.5588095751351807], [8.250475847744225, 1.6179910193883291, 2.023647970858665], [-0.7436037091017857, -1.912209274043648, 0.008210941823714457], [-0.742672412461047, 0.9527496732070131, -1.65985818371517], [-0.7400800919677255, 0.9647285030183113, 1.65436259095274], [3.568759436149521, -1.018286702452959, -1.6525253218665283], [3.554636226651921, -1.0431890293878312, 1.637256095520023], [3.1673030090429215, 3.7179003791181273, -1.565763288918049], [3.40822791251521, 3.6516913682500425, 1.7136352621348387], [7.437082596716046, 1.7914861286391401, -1.9255128850226395], [6.847237046864953, 6.432956733420949, -2.199465426658772], [7.22504676712583, 6.696936214218128, 1.084955440498737], [9.763897212982874, 5.702710798517843, -0.801365069011335], [7.705941639857452, 2.5326690234933125, 3.7816486405156313], [10.284964568042874, 1.805759367637128, 1.829445205848588], [7.8334433944360695, -0.38048359161097955, 2.200477167928863]], "name": "C6H14", "identifiers": {"molecule_hash": "0389ced14066431c26b2a96d771e627d9920bb0a", "molecular_formula": "C6H14"}, "molecular_charge": 0.0, "molecular_multiplicity": 1, "connectivity": [[0, 1, 1.0], [0, 6, 1.0], [0, 7, 1.0], [0, 8, 1.0], [1, 2, 1.0], [1, 9, 1.0], [1, 10, 1.0], [2, 3, 1.0], [2, 11, 1.0], [2, 12, 1.0], [3, 4, 1.0], [3, 5, 1.0], [3, 13, 1.0], [4, 14, 1.0], [4, 15, 1.0], [4, 16, 1.0], [5, 17, 1.0], [5, 18, 1.0], [5, 19, 1.0]], "fix_com": true, "fix_orientation": true, "provenance": {"creator": "QCElemental", "version": "v0.22.0", "routine": "qcelemental.molparse.from_schema"}, "id": "80824"}, "charge": 0, "optimize_geometry": false, "conformers": [], "conformer_generation_options": {"n_conformer_pool": 4000, "n_max_conformers": 0, "rms_tolerance": 0.05, "energy_window": 15, "keep_original_conformer": true}, "stage_1_unrestrained_charges": null, "stage_1_restrained_charges": null, "stage_2_unrestrained_charges": null, "stage_2_restrained_charges": null, "keep_original_orientation": false, "reorientations": [], "translations": [], "rotations": []}}, {"index": 2, "molecule": {"qcmol": {"schema_name": "qcschema_molecule", "schema_version": 2, "validated": true, "symbols": ["C", "C", "C", "C", "C", "C", "H", "H", "H", "H", "H", "H", "H", "H", "H", "H", "H", "H", "H", "H"], "geometry": [[0.0, 0.0, 0.0], [2.8892361896567516, 1.1341132086329436e-16, 4.2936359720555706e-16], [3.9969209203465383, 2.6729537537702575, 0.0], [6.8877146779345635, 2.8221458728786804, -0.2299826245384496], [7.730112087459967, 5.572347211229111, -0.5588095751351807], [8.250475847744225, 1.6179910193883291, 2.023647970858665], [-0.7436037091017857, -1.912209274043648, 0.008210941823714457], [-0.742672412461047, 0.9527496732070131, -1.65985818371517], [-0.7400800919677255, 0.9647285030183113, 1.65436259095274], [3.568759436149521, -1.018286702452959, -1.6525253218665283], [3.554636226651921, -1.0431890293878312, 1.637256095520023], [3.1673030090429215, 3.7179003791181273, -1.565763288918049], [3.40822791251521, 3.6516913682500425, 1.7136352621348387], [7.437082596716046, 1.7914861286391401, -1.9255128850226395], [6.847237046864953, 6.432956733420949, -2.199465426658772], [7.22504676712583, 6.696936214218128, 1.084955440498737], [9.763897212982874, 5.702710798517843, -0.801365069011335], [7.705941639857452, 2.5326690234933125, 3.7816486405156313], [10.284964568042874, 1.805759367637128, 1.829445205848588], [7.8334433944360695, -0.38048359161097955, 2.200477167928863]], "name": "C6H14", "identifiers": {"molecule_hash": "0389ced14066431c26b2a96d771e627d9920bb0a", "molecular_formula": "C6H14"}, "molecular_charge": 0.0, "molecular_multiplicity": 1, "connectivity": [[0, 1, 1.0], [0, 6, 1.0], [0, 7, 1.0], [0, 8, 1.0], [1, 2, 1.0], [1, 9, 1.0], [1, 10, 1.0], [2, 3, 1.0], [2, 11, 1.0], [2, 12, 1.0], [3, 4, 1.0], [3, 5, 1.0], [3, 13, 1.0], [4, 14, 1.0], [4, 15, 1.0], [4, 16, 1.0], [5, 17, 1.0], [5, 18, 1.0], [5, 19, 1.0]], "fix_com": true, "fix_orientation": true, "provenance": {"creator": "QCElemental", "version": "v0.22.0", "routine": "qcelemental.molparse.from_schema"}, "id": "80824"}, "charge": 0, "optimize_geometry": false, "conformers": [], "conformer_generation_options": {"n_conformer_pool": 4000, "n_max_conformers": 0, "rms_tolerance": 0.05, "energy_window": 15, "keep_original_conformer": true}, "stage_1_unrestrained_charges": null, "stage_1_restrained_charges": null, "stage_2_unrestrained_charges": null, "stage_2_restrained_charges": null, "keep_original_orientation": false, "reorientations": [], "translations": [], "rotations": []}}, {"index": 4, "molecule": {"qcmol": {"schema_name": "qcschema_molecule", "schema_version": 2, "validated": true, "symbols": ["C", "C", "C", "C", "C", "C", "H", "H", "H", "H", "H", "H", "H", "H", "H", "H", "H", "H", "H", "H"], "geometry": [[0.0, 0.0, 0.0], [2.8892361896567516, 1.1341132086329436e-16, 4.2936359720555706e-16], [3.9969209203465383, 2.6729537537702575, 0.0], [6.8877146779345635, 2.8221458728786804, -0.2299826245384496], [7.730112087459967, 5.572347211229111, -0.5588095751351807], [8.250475847744225, 1.6179910193883291, 2.023647970858665], [-0.7436037091017857, -1.912209274043648, 0.008210941823714457], [-0.742672412461047, 0.9527496732070131, -1.65985818371517], [-0.7400800919677255, 0.9647285030183113, 1.65436259095274], [3.568759436149521, -1.018286702452959, -1.6525253218665283], [3.554636226651921, -1.0431890293878312, 1.637256095520023], [3.1673030090429215, 3.7179003791181273, -1.565763288918049], [3.40822791251521, 3.6516913682500425, 1.7136352621348387], [7.437082596716046, 1.7914861286391401, -1.9255128850226395], [6.847237046864953, 6.432956733420949, -2.199465426658772], [7.22504676712583, 6.696936214218128, 1.084955440498737], [9.763897212982874, 5.702710798517843, -0.801365069011335], [7.705941639857452, 2.5326690234933125, 3.7816486405156313], [10.284964568042874, 1.805759367637128, 1.829445205848588], [7.8334433944360695, -0.38048359161097955, 2.200477167928863]], "name": "C6H14", "identifiers": {"molecule_hash": "0389ced14066431c26b2a96d771e627d9920bb0a", "molecular_formula": "C6H14"}, "molecular_charge": 0.0, "molecular_multiplicity": 1, "connectivity": [[0, 1, 1.0], [0, 6, 1.0], [0, 7, 1.0], [0, 8, 1.0], [1, 2, 1.0], [1, 9, 1.0], [1, 10, 1.0], [2, 3, 1.0], [2, 11, 1.0], [2, 12, 1.0], [3, 4, 1.0], [3, 5, 1.0], [3, 13, 1.0], [4, 14, 1.0], [4, 15, 1.0], [4, 16, 1.0], [5, 17, 1.0], [5, 18, 1.0], [5, 19, 1.0]], "fix_com": true, "fix_orientation": true, "provenance": {"creator": "QCElemental", "version": "v0.22.0", "routine": "qcelemental.molparse.from_schema"}, "id": "80824"}, "charge": 0, "optimize_geometry": false, "conformers": [], "conformer_generation_options": {"n_conformer_pool": 4000, "n_max_conformers": 0, "rms_tolerance": 0.05, "energy_window": 15, "keep_original_conformer": true}, "stage_1_unrestrained_charges": null, "stage_1_restrained_charges": null, "stage_2_unrestrained_charges": null, "stage_2_restrained_charges": null, "keep_original_orientation": false, "reorientations": [], "translations": [], "rotations": []}}, {"index": 5, "molecule": {"qcmol": {"schema_name": "qcschema_molecule", "schema_version": 2, "validated": true, "symbols": ["C", "C", "C", "C", "C", "C", "H", "H", "H", "H", "H", "H", "H", "H", "H", "H", "H", "H", "H", "H"], "geometry": [[0.0, 0.0, 0.0], [2.8892361896567516, 1.1341132086329436e-16, 4.2936359720555706e-16], [3.9969209203465383, 2.6729537537702575, 0.0], [6.8877146779345635, 2.8221458728786804, -0.2299826245384496], [7.730112087459967, 5.572347211229111, -0.5588095751351807], [8.250475847744225, 1.6179910193883291, 2.023647970858665], [-0.7436037091017857, -1.912209274043648, 0.008210941823714457], [-0.742672412461047, 0.9527496732070131, -1.65985818371517], [-0.7400800919677255, 0.9647285030183113, 1.65436259095274], [3.568759436149521, -1.018286702452959, -1.6525253218665283], [3.554636226651921, -1.0431890293878312, 1.637256095520023], [3.1673030090429215, 3.7179003791181273, -1.565763288918049], [3.40822791251521, 3.6516913682500425, 1.7136352621348387], [7.437082596716046, 1.7914861286391401, -1.9255128850226395], [6.847237046864953, 6.432956733420949, -2.199465426658772], [7.22504676712583, 6.696936214218128, 1.084955440498737], [9.763897212982874, 5.702710798517843, -0.801365069011335], [7.705941639857452, 2.5326690234933125, 3.7816486405156313], [10.284964568042874, 1.805759367637128, 1.829445205848588], [7.8334433944360695, -0.38048359161097955, 2.200477167928863]], "name": "C6H14", "identifiers": {"molecule_hash": "0389ced14066431c26b2a96d771e627d9920bb0a", "molecular_formula": "C6H14"}, "molecular_charge": 0.0, "molecular_multiplicity": 1, "connectivity": [[0, 1, 1.0], [0, 6, 1.0], [0, 7, 1.0], [0, 8, 1.0], [1, 2, 1.0], [1, 9, 1.0], [1, 10, 1.0], [2, 3, 1.0], [2, 11, 1.0], [2, 12, 1.0], [3, 4, 1.0], [3, 5, 1.0], [3, 13, 1.0], [4, 14, 1.0], [4, 15, 1.0], [4, 16, 1.0], [5, 17, 1.0], [5, 18, 1.0], [5, 19, 1.0]], "fix_com": true, "fix_orientation": true, "provenance": {"creator": "QCElemental", "version": "v0.22.0", "routine": "qcelemental.molparse.from_schema"}, "id": "80824"}, "charge": 0, "optimize_geometry": false, "conformers": [], "conformer_generation_options": {"n_conformer_pool": 4000, "n_max_conformers": 0, "rms_tolerance": 0.05, "energy_window": 15, "keep_original_conformer": true}, "stage_1_unrestrained_charges": null, "stage_1_restrained_charges": null, "stage_2_unrestrained_charges": null, "stage_2_restrained_charges": null, "keep_original_orientation": false, "reorientations": [], "translations": [], "rotations": []}}]}, "surface_constraints": {"matrix": [[4541.941092164366, 4406.6868633836575, 4240.913246837667, 3995.2091253835156, 3831.169309245712, 3844.019488963861, 4568.336351345818, 4566.481414980907, 4563.654121001032, 4395.701376998195, 4394.801181171253, 4280.320270117207, 4243.329280952438, 4013.242488112916, 3804.1317876537846, 3757.297445238658, 3793.5190763123087, 3778.959394887237, 3796.5777228923653, 3827.60550690227], [4406.6868633836575, 4501.372794186806, 4381.994116979912, 4198.036278491028, 4041.95893482528, 4060.792246616096, 4370.579316888208, 4370.090366989381, 4366.662200260939, 4560.72405586904, 4562.19547020907, 4389.7242164017525, 4393.991322210691, 4237.399723783676, 4013.9788200087655, 3976.0228474986384, 4003.451862542594, 3983.3853547845265, 4010.4748891337904, 4070.222313299451], [4240.913246837667, 4381.994116979912, 4480.760419018558, 4342.706318831033, 4226.266096890127, 4226.4415230946315, 4221.598103786913, 4184.0128284359025, 4176.911490991536, 4374.750770383588, 4374.561656062772, 4559.331890228114, 4562.418847948355, 4362.094670970523, 4204.204931647598, 4199.94546986451, 4169.714841381445, 4165.253698498657, 4202.119397642315, 4208.163021259962], [3995.2091253835156, 4198.036278491028, 4342.706318831033, 4413.782889713436, 4354.239870191107, 4355.674881504374, 3954.381762376473, 3912.493945863949, 3938.3601901497564, 4180.083334888091, 4227.046283043013, 4356.1688573539805, 4360.529815769289, 4503.721107210783, 4339.871343237182, 4332.237083354135, 4326.444166000069, 4336.599619081182, 4337.102667553391, 4331.03197276664], [3831.169309245712, 4041.95893482528, 4226.266096890127, 4354.239870191107, 4517.98352662058, 4229.525211773783, 3783.3961353206723, 3753.098616778332, 3772.458323522431, 4029.1747841178008, 4047.7927744208664, 4263.301463785265, 4213.437976166642, 4370.341406643046, 4562.412959220128, 4555.668350556246, 4549.646489350967, 4233.799154781573, 4182.891998038897, 4160.871150343787], [3844.019488963861, 4060.792246616096, 4226.4415230946315, 4355.674881504374, 4229.525211773783, 4521.66498973687, 3789.2926099907368, 3779.621100157309, 3774.1590688485367, 4052.246177382748, 4080.852101101618, 4226.231855719787, 4232.903483285875, 4371.950351622925, 4151.747648233355, 4230.18703700177, 4193.763296949821, 4561.888648864542, 4562.7974599050485, 4556.427892101242], [4568.336351345818, 4370.579316888208, 4221.598103786913, 3954.381762376473, 3783.3961353206723, 3789.2926099907368, 4786.248575432181, 4525.169377279765, 4522.652837847698, 4312.010996789387, 4342.109725668798, 4302.553258204993, 4212.60300787554, 3975.6135108310327, 3763.2348635808307, 3699.151193493972, 3744.5588684004, 3720.714006480853, 3749.4906328905686, 3756.63012471786], [4566.481414980907, 4370.090366989381, 4184.0128284359025, 3912.493945863949, 3753.098616778332, 3779.621100157309, 4525.169377279765, 4779.045148845773, 4521.603498108745, 4377.881512026043, 4308.8720852997285, 4254.360096661634, 4163.967186688616, 3893.6011008851015, 3709.2761965650056, 3693.6303609656975, 3720.5756438629223, 3725.2328809391042, 3733.3941537789206, 3765.8500680696584], [4563.654121001032, 4366.662200260939, 4176.911490991536, 3938.3601901497564, 3772.458323522431, 3774.1590688485367, 4522.652837847698, 4521.603498108745, 4774.140344243573, 4324.6430044684475, 4359.216261693151, 4166.6427358787605, 4207.162507317643, 3977.481707967971, 3754.849667297665, 3690.2182834694854, 3732.0188956536745, 3712.1817097474063, 3719.765674596959, 3752.2248239240903], [4395.701376998195, 4560.72405586904, 4374.750770383588, 4180.083334888091, 4029.1747841178008, 4052.246177382748, 4312.010996789387, 4377.881512026043, 4324.6430044684475, 4798.4713498996225, 4557.314182598644, 4355.70416899516, 4366.430330138866, 4200.302231776149, 4017.660120790764, 3949.784675064131, 3993.5967678551647, 3971.193451803539, 3986.7217074783853, 4089.1087858927494], [4394.801181171253, 4562.19547020907, 4374.561656062772, 4227.046283043013, 4047.7927744208664, 4080.852101101618, 4342.109725668798, 4308.8720852997285, 4359.216261693151, 4557.314182598644, 4806.665790653527, 4322.02436441745, 4356.018675024342, 4318.523169694112, 3998.7291151188188, 3973.845699318334, 4021.882301754329, 3984.8859954480768, 4024.322114724867, 4108.8606060174525], [4280.320270117207, 4389.7242164017525, 4559.331890228114, 4356.1688573539805, 4263.301463785265, 4226.231855719787, 4302.553258204993, 4254.360096661634, 4166.6427358787605, 4355.70416899516, 4322.02436441745, 4821.078242053369, 4574.753242516817, 4311.200771912301, 4247.299085658766, 4242.994659117627, 4210.787833453399, 4156.0233376994165, 4231.250633413228, 4178.399756178884], [4243.329280952438, 4393.991322210691, 4562.418847948355, 4360.529815769289, 4213.437976166642, 4232.903483285875, 4212.60300787554, 4163.967186688616, 4207.162507317643, 4366.430330138866, 4356.018675024342, 4574.753242516817, 4823.5856905586315, 4362.675161421811, 4184.482903145791, 4212.268290610686, 4116.647547811588, 4164.24305353593, 4197.594230071347, 4223.897702705943], [4013.242488112916, 4237.399723783676, 4362.094670970523, 4503.721107210783, 4370.341406643046, 4371.950351622925, 3975.6135108310327, 3893.6011008851015, 3977.481707967971, 4200.302231776149, 4318.523169694112, 4311.200771912301, 4362.675161421811, 4771.279684244614, 4369.993688241058, 4283.765999255497, 4326.598703495938, 4320.152617724715, 4334.414826495387, 4332.547478500235], [3804.1317876537846, 4013.9788200087655, 4204.204931647598, 4339.871343237182, 4562.412959220128, 4151.747648233355, 3763.2348635808307, 3709.2761965650056, 3754.849667297665, 4017.660120790764, 3998.7291151188188, 4247.299085658766, 4184.482903145791, 4369.993688241058, 4789.838250905038, 4531.513543902529, 4528.629020079307, 4160.254218338015, 4089.3399958789564, 4049.6000595089004], [3757.297445238658, 3976.0228474986384, 4199.94546986451, 4332.237083354135, 4555.668350556246, 4230.18703700177, 3699.151193493972, 3693.6303609656975, 3690.2182834694854, 3949.784675064131, 3973.845699318334, 4242.994659117627, 4212.268290610686, 4283.765999255497, 4531.513543902529, 4782.812957504265, 4520.251443761447, 4239.994763101755, 4187.633360279203, 4167.416844702528], [3793.5190763123087, 4003.451862542594, 4169.714841381445, 4326.444166000069, 4549.646489350967, 4193.763296949821, 3744.5588684004, 3720.5756438629223, 3732.0188956536745, 3993.5967678551647, 4021.882301754329, 4210.787833453399, 4116.647547811588, 4326.598703495938, 4528.629020079307, 4520.251443761447, 4765.502364277734, 4203.509825816847, 4138.4750626336745, 4121.68915349215], [3778.959394887237, 3983.3853547845265, 4165.253698498657, 4336.599619081182, 4233.799154781573, 4561.888648864542, 3720.714006480853, 3725.2328809391042, 3712.1817097474063, 3971.193451803539, 3984.8859954480768, 4156.0233376994165, 4164.24305353593, 4320.152617724715, 4160.254218338015, 4239.994763101755, 4203.509825816847, 4789.257614010462, 4534.615099041641, 4529.684918034677], [3796.5777228923653, 4010.4748891337904, 4202.119397642315, 4337.102667553391, 4182.891998038897, 4562.7974599050485, 3749.4906328905686, 3733.3941537789206, 3719.765674596959, 3986.7217074783853, 4024.322114724867, 4231.250633413228, 4197.594230071347, 4334.414826495387, 4089.3399958789564, 4187.633360279203, 4138.4750626336745, 4534.615099041641, 4789.073096270662, 4532.393244178401], [3827.60550690227, 4070.222313299451, 4208.163021259962, 4331.03197276664, 4160.871150343787, 4556.427892101242, 3756.63012471786, 3765.8500680696584, 3752.2248239240903, 4089.1087858927494, 4108.8606060174525, 4178.399756178884, 4223.897702705943, 4332.547478500235, 4049.6000595089004, 4167.416844702528, 4121.68915349215, 4529.684918034677, 4532.393244178401, 4774.639281002565], [13.123212804162613, 16.08559592600037, 15.201088736240187, 15.354755559238853, 12.414355835316421, 12.622796067231494, 12.569622397112083, 12.063618795258597, 12.87882390865726, 16.876459751484536, 17.658948169744892, 14.27107401848404, 15.289674898951393, 18.462613988190213, 12.655110898254872, 10.935184141833115, 12.141724475217734, 11.930578456443847, 12.204208156797696, 12.389126824639389]]}}