{"resp_b": 0.1, "restrained_fit": true, "exclude_hydrogens": true, "convergence_tolerance": 1e-06, "max_iter": 500, "resp_a": 0.0005, "charge_constraints": {"charge_sum_constraints": [], "charge_equivalence_constraints": [], "molecules": [{"qcmol": {"schema_name": "qcschema_molecule", "schema_version": 2, "validated": true, "symbols": ["C", "C", "C", "C", "C", "C", "H", "H", "H", "H", "H", "H", "H", "H", "H", "H", "H", "H", "H", "H"], "geometry": [[0.0, 0.0, 0.0], [2.8892361896567516, 1.1341132086329436e-16, 4.2936359720555706e-16], [3.9969209203465383, 2.6729537537702575, 0.0], [6.8877146779345635, 2.8221458728786804, -0.2299826245384496], [7.730112087459967, 5.572347211229111, -0.5588095751351807], [8.250475847744225, 1.6179910193883291, 2.023647970858665], [-0.7436037091017857, -1.912209274043648, 0.008210941823714457], [-0.742672412461047, 0.9527496732070131, -1.65985818371517], [-0.7400800919677255, 0.9647285030183113, 1.65436259095274], [3.568759436149521, -1.018286702452959, -1.6525253218665283], [3.554636226651921, -1.0431890293878312, 1.637256095520023], [3.1673030090429215, 3.7179003791181273, -1.565763288918049], [3.40822791251521, 3.6516913682500425, 1.7136352621348387], [7.437082596716046, 1.7914861286391401, -1.9255128850226395], [6.847237046864953, 6.432956733420949, -2.199465426658772], [7.22504676712583, 6.696936214218128, 1.084955440498737], [9.763897212982874, 5.702710798517843, -0.801365069011335], [7.705941639857452, 2.5326690234933125, 3.7816486405156313], [10.284964568042874, 1.805759367637128, 1.829445205848588], [7.8334433944360695, -0.38048359161097955, 2.200477167928863]], "name": "C6H14", "identifiers": {"molecule_hash": "0389ced14066431c26b2a96d771e627d9920bb0a", "molecular_formula": "C6H14"}, "molecular_charge": 0.0, "molecular_multiplicity": 1, "connectivity": [[0, 1, 1.0], [0, 6, 1.0], [0, 7, 1.0], [0, 8, 1.0], [1, 2, 1.0], [1, 9, 1.0], [1, 10, 1.0], [2, 3, 1.0], [2, 11, 1.0], [2, 12, 1.0], [3, 4, 1.0], [3, 5, 1.0], [3, 13, 1.0], [4, 14, 1.0], [4, 15, 1.0], [4, 16, 1.0], [5, 17, 1.0], [5, 18, 1.0], [5, 19, 1.0]], "fix_com": true, "fix_orientation": true, "provenance": {"creator": "QCElemental", "version": "v0.22.0", "routine": "qcelemental.molparse.from_schema"}, "id": "80824"}, "charge": 0, "optimize_geometry": false, "conformers": [], "conformer_generation_options": {"n_conformer_pool": 4000, "n_max_conformers": 0, "rms_tolerance": 0.05, "energy_window": 15, "keep_original_conformer": true}, "stage_1_unrestrained_charges": null, "stage_1_restrained_charges": null, "stage_2_unrestrained_charges": null, "stage_2_restrained_charges": null, "keep_original_orientation": false, "reorientations": [], "translations": [], "rotations": []}], "unconstrained_atoms": [{"index": 0, "molecule": {"qcmol": {"schema_name": "qcschema_molecule", "schema_version": 2, "validated": true, "symbols": ["C", "C", "C", "C", "C", "C", "H", "H", "H", "H", "H", "H", "H", "H", "H", "H", "H", "H", "H", "H"], "geometry": [[0.0, 0.0, 0.0], [2.8892361896567516, 1.1341132086329436e-16, 4.2936359720555706e-16], [3.9969209203465383, 2.6729537537702575, 0.0], [6.8877146779345635, 2.8221458728786804, -0.2299826245384496], [7.730112087459967, 5.572347211229111, -0.5588095751351807], [8.250475847744225, 1.6179910193883291, 2.023647970858665], [-0.7436037091017857, -1.912209274043648, 0.008210941823714457], [-0.742672412461047, 0.9527496732070131, -1.65985818371517], [-0.7400800919677255, 0.9647285030183113, 1.65436259095274], [3.568759436149521, -1.018286702452959, -1.6525253218665283], [3.554636226651921, -1.0431890293878312, 1.637256095520023], [3.1673030090429215, 3.7179003791181273, -1.565763288918049], [3.40822791251521, 3.6516913682500425, 1.7136352621348387], [7.437082596716046, 1.7914861286391401, -1.9255128850226395], [6.847237046864953, 6.432956733420949, -2.199465426658772], [7.22504676712583, 6.696936214218128, 1.084955440498737], [9.763897212982874, 5.702710798517843, -0.801365069011335], [7.705941639857452, 2.5326690234933125, 3.7816486405156313], [10.284964568042874, 1.805759367637128, 1.829445205848588], [7.8334433944360695, -0.38048359161097955, 2.200477167928863]], "name": "C6H14", "identifiers": {"molecule_hash": "0389ced14066431c26b2a96d771e627d9920bb0a", "molecular_formula": "C6H14"}, "molecular_charge": 0.0, "molecular_multiplicity": 1, "connectivity": [[0, 1, 1.0], [0, 6, 1.0], [0, 7, 1.0], [0, 8, 1.0], [1, 2, 1.0], [1, 9, 1.0], [1, 10, 1.0], [2, 3, 1.0], [2, 11, 1.0], [2, 12, 1.0], [3, 4, 1.0], [3, 5, 1.0], [3, 13, 1.0], [4, 14, 1.0], [4, 15, 1.0], [4, 16, 1.0], [5, 17, 1.0], [5, 18, 1.0], [5, 19, 1.0]], "fix_com": true, "fix_orientation": true, "provenance": {"creator": "QCElemental", "version": "v0.22.0", "routine": "qcelemental.molparse.from_schema"}, "id": "80824"}, "charge": 0, "optimize_geometry": false, "conformers": [], "conformer_generation_options": {"n_conformer_pool": 4000, "n_max_conformers": 0, "rms_tolerance": 0.05, "energy_window": 15, "keep_original_conformer": true}, "stage_1_unrestrained_charges": null, "stage_1_restrained_charges": null, "stage_2_unrestrained_charges": null, "stage_2_restrained_charges": null, "keep_original_orientation": false, "reorientations": [], "translations": [], "rotations": []}}, {"index": 1, "molecule": {"qcmol": {"schema_name": "qcschema_molecule", "schema_version": 2, "validated": true, "symbols": ["C", "C", "C", "C", "C", "C", "H", "H", "H", "H", "H", "H", "H", "H", "H", "H", "H", "H", "H", "H"], "geometry": [[0.0, 0.0, 0.0], [2.8892361896567516, 1.1341132086329436e-16, 4.2936359720555706e-16], [3.9969209203465383, 2.6729537537702575, 0.0], [6.8877146779345635, 2.8221458728786804, -0.2299826245384496], [7.730112087459967, 5.572347211229111, -0.5588095751351807], [8.250475847744225, 1.6179910193883291, 2.023647970858665], [-0.7436037091017857, -1.912209274043648, 0.008210941823714457], [-0.742672412461047, 0.9527496732070131, -1.65985818371517], [-0.7400800919677255, 0.9647285030183113, 1.65436259095274], [3.568759436149521, -1.018286702452959, -1.6525253218665283], [3.554636226651921, -1.0431890293878312, 1.637256095520023], [3.1673030090429215, 3.7179003791181273, -1.565763288918049], [3.40822791251521, 3.6516913682500425, 1.7136352621348387], [7.437082596716046, 1.7914861286391401, -1.9255128850226395], [6.847237046864953, 6.432956733420949, -2.199465426658772], [7.22504676712583, 6.696936214218128, 1.084955440498737], [9.763897212982874, 5.702710798517843, -0.801365069011335], [7.705941639857452, 2.5326690234933125, 3.7816486405156313], [10.284964568042874, 1.805759367637128, 1.829445205848588], [7.8334433944360695, -0.38048359161097955, 2.200477167928863]], "name": "C6H14", "identifiers": {"molecule_hash": "0389ced14066431c26b2a96d771e627d9920bb0a", "molecular_formula": "C6H14"}, "molecular_charge": 0.0, "molecular_multiplicity": 1, "connectivity": [[0, 1, 1.0], [0, 6, 1.0], [0, 7, 1.0], [0, 8, 1.0], [1, 2, 1.0], [1, 9, 1.0], [1, 10, 1.0], [2, 3, 1.0], [2, 11, 1.0], [2, 12, 1.0], [3, 4, 1.0], [3, 5, 1.0], [3, 13, 1.0], [4, 14, 1.0], [4, 15, 1.0], [4, 16, 1.0], [5, 17, 1.0], [5, 18, 1.0], [5, 19, 1.0]], "fix_com": true, "fix_orientation": true, "provenance": {"creator": "QCElemental", "version": "v0.22.0", "routine": "qcelemental.molparse.from_schema"}, "id": "80824"}, "charge": 0, "optimize_geometry": false, "conformers": [], "conformer_generation_options": {"n_conformer_pool": 4000, "n_max_conformers": 0, "rms_tolerance": 0.05, "energy_window": 15, "keep_original_conformer": true}, "stage_1_unrestrained_charges": null, "stage_1_restrained_charges": null, "stage_2_unrestrained_charges": null, "stage_2_restrained_charges": null, "keep_original_orientation": false, "reorientations": [], "translations": [], "rotations": []}}, {"index": 2, "molecule": {"qcmol": {"schema_name": "qcschema_molecule", "schema_version": 2, "validated": true, "symbols": ["C", "C", "C", "C", "C", "C", "H", "H", "H", "H", "H", "H", "H", "H", "H", "H", "H", "H", "H", "H"], "geometry": [[0.0, 0.0, 0.0], [2.8892361896567516, 1.1341132086329436e-16, 4.2936359720555706e-16], [3.9969209203465383, 2.6729537537702575, 0.0], [6.8877146779345635, 2.8221458728786804, -0.2299826245384496], [7.730112087459967, 5.572347211229111, -0.5588095751351807], [8.250475847744225, 1.6179910193883291, 2.023647970858665], [-0.7436037091017857, -1.912209274043648, 0.008210941823714457], [-0.742672412461047, 0.9527496732070131, -1.65985818371517], [-0.7400800919677255, 0.9647285030183113, 1.65436259095274], [3.568759436149521, -1.018286702452959, -1.6525253218665283], [3.554636226651921, -1.0431890293878312, 1.637256095520023], [3.1673030090429215, 3.7179003791181273, -1.565763288918049], [3.40822791251521, 3.6516913682500425, 1.7136352621348387], [7.437082596716046, 1.7914861286391401, -1.9255128850226395], [6.847237046864953, 6.432956733420949, -2.199465426658772], [7.22504676712583, 6.696936214218128, 1.084955440498737], [9.763897212982874, 5.702710798517843, -0.801365069011335], [7.705941639857452, 2.5326690234933125, 3.7816486405156313], [10.284964568042874, 1.805759367637128, 1.829445205848588], [7.8334433944360695, -0.38048359161097955, 2.200477167928863]], "name": "C6H14", "identifiers": {"molecule_hash": "0389ced14066431c26b2a96d771e627d9920bb0a", "molecular_formula": "C6H14"}, "molecular_charge": 0.0, "molecular_multiplicity": 1, "connectivity": [[0, 1, 1.0], [0, 6, 1.0], [0, 7, 1.0], [0, 8, 1.0], [1, 2, 1.0], [1, 9, 1.0], [1, 10, 1.0], [2, 3, 1.0], [2, 11, 1.0], [2, 12, 1.0], [3, 4, 1.0], [3, 5, 1.0], [3, 13, 1.0], [4, 14, 1.0], [4, 15, 1.0], [4, 16, 1.0], [5, 17, 1.0], [5, 18, 1.0], [5, 19, 1.0]], "fix_com": true, "fix_orientation": true, "provenance": {"creator": "QCElemental", "version": "v0.22.0", "routine": "qcelemental.molparse.from_schema"}, "id": "80824"}, "charge": 0, "optimize_geometry": false, "conformers": [], "conformer_generation_options": {"n_conformer_pool": 4000, "n_max_conformers": 0, "rms_tolerance": 0.05, "energy_window": 15, "keep_original_conformer": true}, "stage_1_unrestrained_charges": null, "stage_1_restrained_charges": null, "stage_2_unrestrained_charges": null, "stage_2_restrained_charges": null, "keep_original_orientation": false, "reorientations": [], "translations": [], "rotations": []}}, {"index": 4, "molecule": {"qcmol": {"schema_name": "qcschema_molecule", "schema_version": 2, "validated": true, "symbols": ["C", "C", "C", "C", "C", "C", "H", "H", "H", "H", "H", "H", "H", "H", "H", "H", "H", "H", "H", "H"], "geometry": [[0.0, 0.0, 0.0], [2.8892361896567516, 1.1341132086329436e-16, 4.2936359720555706e-16], [3.9969209203465383, 2.6729537537702575, 0.0], [6.8877146779345635, 2.8221458728786804, -0.2299826245384496], [7.730112087459967, 5.572347211229111, -0.5588095751351807], [8.250475847744225, 1.6179910193883291, 2.023647970858665], [-0.7436037091017857, -1.912209274043648, 0.008210941823714457], [-0.742672412461047, 0.9527496732070131, -1.65985818371517], [-0.7400800919677255, 0.9647285030183113, 1.65436259095274], [3.568759436149521, -1.018286702452959, -1.6525253218665283], [3.554636226651921, -1.0431890293878312, 1.637256095520023], [3.1673030090429215, 3.7179003791181273, -1.565763288918049], [3.40822791251521, 3.6516913682500425, 1.7136352621348387], [7.437082596716046, 1.7914861286391401, -1.9255128850226395], [6.847237046864953, 6.432956733420949, -2.199465426658772], [7.22504676712583, 6.696936214218128, 1.084955440498737], [9.763897212982874, 5.702710798517843, -0.801365069011335], [7.705941639857452, 2.5326690234933125, 3.7816486405156313], [10.284964568042874, 1.805759367637128, 1.829445205848588], [7.8334433944360695, -0.38048359161097955, 2.200477167928863]], "name": "C6H14", "identifiers": {"molecule_hash": "0389ced14066431c26b2a96d771e627d9920bb0a", "molecular_formula": "C6H14"}, "molecular_charge": 0.0, "molecular_multiplicity": 1, "connectivity": [[0, 1, 1.0], [0, 6, 1.0], [0, 7, 1.0], [0, 8, 1.0], [1, 2, 1.0], [1, 9, 1.0], [1, 10, 1.0], [2, 3, 1.0], [2, 11, 1.0], [2, 12, 1.0], [3, 4, 1.0], [3, 5, 1.0], [3, 13, 1.0], [4, 14, 1.0], [4, 15, 1.0], [4, 16, 1.0], [5, 17, 1.0], [5, 18, 1.0], [5, 19, 1.0]], "fix_com": true, "fix_orientation": true, "provenance": {"creator": "QCElemental", "version": "v0.22.0", "routine": "qcelemental.molparse.from_schema"}, "id": "80824"}, "charge": 0, "optimize_geometry": false, "conformers": [], "conformer_generation_options": {"n_conformer_pool": 4000, "n_max_conformers": 0, "rms_tolerance": 0.05, "energy_window": 15, "keep_original_conformer": true}, "stage_1_unrestrained_charges": null, "stage_1_restrained_charges": null, "stage_2_unrestrained_charges": null, "stage_2_restrained_charges": null, "keep_original_orientation": false, "reorientations": [], "translations": [], "rotations": []}}, {"index": 5, "molecule": {"qcmol": {"schema_name": "qcschema_molecule", "schema_version": 2, "validated": true, "symbols": ["C", "C", "C", "C", "C", "C", "H", "H", "H", "H", "H", "H", "H", "H", "H", "H", "H", "H", "H", "H"], "geometry": [[0.0, 0.0, 0.0], [2.8892361896567516, 1.1341132086329436e-16, 4.2936359720555706e-16], [3.9969209203465383, 2.6729537537702575, 0.0], [6.8877146779345635, 2.8221458728786804, -0.2299826245384496], [7.730112087459967, 5.572347211229111, -0.5588095751351807], [8.250475847744225, 1.6179910193883291, 2.023647970858665], [-0.7436037091017857, -1.912209274043648, 0.008210941823714457], [-0.742672412461047, 0.9527496732070131, -1.65985818371517], [-0.7400800919677255, 0.9647285030183113, 1.65436259095274], [3.568759436149521, -1.018286702452959, -1.6525253218665283], [3.554636226651921, -1.0431890293878312, 1.637256095520023], [3.1673030090429215, 3.7179003791181273, -1.565763288918049], [3.40822791251521, 3.6516913682500425, 1.7136352621348387], [7.437082596716046, 1.7914861286391401, -1.9255128850226395], [6.847237046864953, 6.432956733420949, -2.199465426658772], [7.22504676712583, 6.696936214218128, 1.084955440498737], [9.763897212982874, 5.702710798517843, -0.801365069011335], [7.705941639857452, 2.5326690234933125, 3.7816486405156313], [10.284964568042874, 1.805759367637128, 1.829445205848588], [7.8334433944360695, -0.38048359161097955, 2.200477167928863]], "name": "C6H14", "identifiers": {"molecule_hash": "0389ced14066431c26b2a96d771e627d9920bb0a", "molecular_formula": "C6H14"}, "molecular_charge": 0.0, "molecular_multiplicity": 1, "connectivity": [[0, 1, 1.0], [0, 6, 1.0], [0, 7, 1.0], [0, 8, 1.0], [1, 2, 1.0], [1, 9, 1.0], [1, 10, 1.0], [2, 3, 1.0], [2, 11, 1.0], [2, 12, 1.0], [3, 4, 1.0], [3, 5, 1.0], [3, 13, 1.0], [4, 14, 1.0], [4, 15, 1.0], [4, 16, 1.0], [5, 17, 1.0], [5, 18, 1.0], [5, 19, 1.0]], "fix_com": true, "fix_orientation": true, "provenance": {"creator": "QCElemental", "version": "v0.22.0", "routine": "qcelemental.molparse.from_schema"}, "id": "80824"}, "charge": 0, "optimize_geometry": false, "conformers": [], "conformer_generation_options": {"n_conformer_pool": 4000, "n_max_conformers": 0, "rms_tolerance": 0.05, "energy_window": 15, "keep_original_conformer": true}, "stage_1_unrestrained_charges": null, "stage_1_restrained_charges": null, "stage_2_unrestrained_charges": null, "stage_2_restrained_charges": null, "keep_original_orientation": false, "reorientations": [], "translations": [], "rotations": []}}]}, "surface_constraints": {"matrix": [[118577670629890.1, 114921192476482.39, 110226656382658.56, 103312399275965.2, 98676736250569.33, 99016859120404.88, 119016195985002.05, 118973450502880.17, 118862877670088.6, 114472526637785.25, 114463941519497.17, 111154130433807.94, 110212764199222.05, 103815230079957.05, 97852557783082.4, 96486911749407.77, 97513669059680.06, 97044130978613.0, 97654613650232.28, 98446432124670.56], [114921192476482.39, 117740783121119.72, 114297170808598.28, 109007380582445.61, 104548155646136.12, 105035931089284.98, 113654259203467.66, 113665052350793.53, 113537231081099.14, 119241129146162.38, 119279129622195.6, 114349164957984.27, 114538618739572.9, 110070483153272.95, 103702121293717.8, 102517271443263.39, 103329844698319.53, 102688286844558.4, 103584096205101.6, 105126375168317.95], [110226656382658.56, 114297170808598.28, 116957763511160.66, 112941424533709.36, 109511790885194.45, 109513516544363.56, 109466266993752.34, 108443215664377.38, 108260274021061.23, 113969294725853.31, 113976917994984.06, 118930867529039.3, 119115182023750.77, 113535982100649.34, 108815585653686.33, 108485502810019.5, 107779926476811.11, 107553980541568.67, 108765246863288.27, 108829047452196.28], [103312399275965.2, 109007380582445.61, 112941424533709.36, 114797772324400.06, 112953072609427.42, 112967851969151.1, 102028417279920.47, 100884779974380.4, 101596120844809.67, 108400169916532.0, 109694501274582.88, 113135161136594.36, 113359563280341.12, 117347107194651.34, 112458312327903.17, 112000133897692.34, 111981059096851.16, 112107714316809.61, 112362401963206.28, 112090186518439.6], [98676736250569.33, 104548155646136.12, 109511790885194.45, 112953072609427.42, 117342985835073.97, 109274670493826.75, 97232175048890.39, 96409645756809.06, 96934784310517.86, 104113256016501.61, 104637726052057.14, 110355071010362.11, 109064130622634.53, 113496500647987.86, 118429492680150.38, 117981056712893.14, 117994894368329.33, 109062466815001.86, 107906848712389.14, 107240999696933.7], [99016859120404.88, 105035931089284.98, 109513516544363.56, 112967851969151.1, 109274670493826.75, 117440406874341.55, 97382271953993.92, 97114910376668.4, 96987320557511.53, 104704138943327.0, 105490920639724.0, 109330870302188.06, 109641151961949.84, 113474004285506.33, 107059481496829.47, 108979364125771.55, 108105864119644.11, 118173866899116.8, 118467634909734.17, 118172064614512.55], [119016195985002.05, 113654259203467.66, 109466266993752.34, 102028417279920.47, 97232175048890.39, 97382271953993.92, 124695944375163.94, 117543184900712.02, 117474202903201.08, 111905916307128.8, 112766331041892.94, 111505648678432.77, 109148229645177.8, 102634382469183.89, 96586800249416.36, 94787092941275.33, 96054999934030.39, 95330856244787.75, 96237339963118.56, 96381569835394.55], [118973450502880.17, 113665052350793.53, 108443215664377.38, 100884779974380.4, 96409645756809.06, 97114910376668.4, 117543184900712.02, 124517575894246.69, 117416463729580.58, 113770770764561.2, 111852453176420.77, 110218551254836.17, 107806994332610.05, 100396870987087.94, 95156635092116.06, 94623117625695.69, 95392425522657.2, 95444103951608.44, 95787891047691.95, 96636840511219.11], [118862877670088.6, 113537231081099.14, 108260274021061.23, 101596120844809.67, 96934784310517.86, 96987320557511.53, 117474202903201.08, 117416463729580.58, 124293758584767.58, 112223553217990.66, 113230217927394.98, 107851046361055.88, 109026053587469.72, 102667557312156.66, 96356952115488.6, 94547285094411.77, 95706201728130.22, 95118868924329.38, 95447013853881.33, 96278918332893.77], [114472526637785.25, 119241129146162.38, 113969294725853.31, 108400169916532.0, 104113256016501.61, 104704138943327.0, 111905916307128.8, 113770770764561.2, 112223553217990.66, 125630984997824.16, 118984436149248.81, 113329993497429.56, 113624485527164.05, 108908437959960.88, 103725545370171.44, 101733009536996.31, 102972620959870.84, 102280316257659.88, 102848503317168.48, 105528142670311.28], [114463941519497.17, 119279129622195.6, 113976917994984.06, 109694501274582.88, 104637726052057.14, 105490920639724.0, 112766331041892.94, 111852453176420.77, 113230217927394.98, 118984436149248.81, 125838623344915.88, 112384426595193.0, 113425424742324.4, 112126042800693.95, 103222357186031.5, 102413577561039.16, 103773068854230.94, 102647378381733.47, 103883249018204.83, 106077993835933.56], [111154130433807.94, 114349164957984.27, 118930867529039.3, 113135161136594.36, 110355071010362.11, 109330870302188.06, 111505648678432.77, 110218551254836.17, 107851046361055.88, 113329993497429.56, 112384426595193.0, 125868115159100.98, 119269731591778.16, 112011218695073.38, 109839042516537.48, 109482015890788.19, 108734554602301.17, 107135265488526.58, 109363217559226.75, 107874805698420.5], [110212764199222.05, 114538618739572.9, 119115182023750.77, 113359563280341.12, 109064130622634.53, 109641151961949.84, 109148229645177.8, 107806994332610.05, 109026053587469.72, 113624485527164.05, 113425424742324.4, 119269731591778.16, 126136308321431.69, 113514315552502.1, 108165340038285.55, 108714949951501.05, 106267137462535.3, 107490369639542.23, 108623706445789.03, 109187186182657.72], [103815230079957.05, 110070483153272.95, 113535982100649.34, 117347107194651.34, 113496500647987.86, 113474004285506.33, 102634382469183.89, 100396870987087.94, 102667557312156.66, 108908437959960.88, 112126042800693.95, 112011218695073.38, 113514315552502.1, 124682587188786.61, 113386866331251.94, 110794181107475.75, 112082501170569.31, 111722975215996.36, 112358133704809.7, 112178007052735.98], [97852557783082.4, 103702121293717.8, 108815585653686.33, 112458312327903.17, 118429492680150.38, 107059481496829.47, 96586800249416.36, 95156635092116.06, 96356952115488.6, 103725545370171.44, 103222357186031.5, 109839042516537.48, 108165340038285.55, 113386866331251.94, 124455839740439.94, 117190853705447.89, 117297387385705.5, 106960638037444.25, 105279174112401.94, 104153973986013.61], [96486911749407.77, 102517271443263.39, 108485502810019.5, 112000133897692.34, 117981056712893.14, 108979364125771.55, 94787092941275.33, 94623117625695.69, 94547285094411.77, 101733009536996.31, 102413577561039.16, 109482015890788.19, 108714949951501.05, 110794181107475.75, 117190853705447.89, 123748558762898.06, 116827737904779.38, 108931465344673.67, 107717559370961.94, 107134308066927.77], [97513669059680.06, 103329844698319.53, 107779926476811.11, 111981059096851.16, 117994894368329.33, 108105864119644.11, 96054999934030.39, 95392425522657.2, 95706201728130.22, 102972620959870.84, 103773068854230.94, 108734554602301.17, 106267137462535.3, 112082501170569.31, 117297387385705.5, 116827737904779.38, 123637622378734.44, 108041328732801.17, 106529053531179.31, 105991083650915.14], [97044130978613.0, 102688286844558.4, 107553980541568.67, 112107714316809.61, 109062466815001.86, 118173866899116.8, 95330856244787.75, 95444103951608.44, 95118868924329.38, 102280316257659.88, 102647378381733.47, 107135265488526.58, 107490369639542.23, 111722975215996.36, 106960638037444.25, 108931465344673.67, 108041328732801.17, 123959773172531.05, 117341141667290.72, 117090768474801.39], [97654613650232.28, 103584096205101.6, 108765246863288.27, 112362401963206.28, 107906848712389.14, 118467634909734.17, 96237339963118.56, 95787891047691.95, 95447013853881.33, 102848503317168.48, 103883249018204.83, 109363217559226.75, 108623706445789.03, 112358133704809.7, 105279174112401.94, 107717559370961.94, 106529053531179.31, 117341141667290.72, 124499368466226.75, 117434190886853.1], [98446432124670.56, 105126375168317.95, 108829047452196.28, 112090186518439.6, 107240999696933.7, 118172064614512.55, 96381569835394.55, 96636840511219.11, 96278918332893.77, 105528142670311.28, 106077993835933.56, 107874805698420.5, 109187186182657.72, 112178007052735.98, 104153973986013.61, 107134308066927.77, 105991083650915.14, 117090768474801.39, 117434190886853.1, 123867536959890.95], [283118946926.7279, 367672304307.40845, 341971714934.20844, 345367858406.0781, 262487144380.42462, 265686715425.60925, 268443835163.08282, 254891984696.99814, 275432111183.5051, 389751128931.6717, 410997917042.55865, 316291004820.8723, 344368624907.39465, 432232354373.65546, 269833610620.6771, 223055907090.80853, 254808633211.86835, 246961495992.89697, 254205795633.92804, 259046968864.9609]]}}