{"resp_b": 0.1, "restrained_fit": true, "exclude_hydrogens": true, "convergence_tolerance": 1e-06, "max_iter": 500, "resp_a": 0.0005, "charge_constraints": {"charge_sum_constraints": [], "charge_equivalence_constraints": [], "molecules": [{"qcmol": {"schema_name": "qcschema_molecule", "schema_version": 2, "validated": true, "symbols": ["C", "C", "C", "C", "C", "C", "H", "H", "H", "H", "H", "H", "H", "H", "H", "H", "H", "H", "H", "H"], "geometry": [[0.0, 0.0, 0.0], [2.8892361896567516, 1.1341132086329436e-16, 4.2936359720555706e-16], [3.9969209203465383, 2.6729537537702575, 0.0], [6.8877146779345635, 2.8221458728786804, -0.2299826245384496], [7.730112087459967, 5.572347211229111, -0.5588095751351807], [8.250475847744225, 1.6179910193883291, 2.023647970858665], [-0.7436037091017857, -1.912209274043648, 0.008210941823714457], [-0.742672412461047, 0.9527496732070131, -1.65985818371517], [-0.7400800919677255, 0.9647285030183113, 1.65436259095274], [3.568759436149521, -1.018286702452959, -1.6525253218665283], [3.554636226651921, -1.0431890293878312, 1.637256095520023], [3.1673030090429215, 3.7179003791181273, -1.565763288918049], [3.40822791251521, 3.6516913682500425, 1.7136352621348387], [7.437082596716046, 1.7914861286391401, -1.9255128850226395], [6.847237046864953, 6.432956733420949, -2.199465426658772], [7.22504676712583, 6.696936214218128, 1.084955440498737], [9.763897212982874, 5.702710798517843, -0.801365069011335], [7.705941639857452, 2.5326690234933125, 3.7816486405156313], [10.284964568042874, 1.805759367637128, 1.829445205848588], [7.8334433944360695, -0.38048359161097955, 2.200477167928863]], "name": "C6H14", "identifiers": {"molecule_hash": "0389ced14066431c26b2a96d771e627d9920bb0a", "molecular_formula": "C6H14"}, "molecular_charge": 0.0, "molecular_multiplicity": 1, "connectivity": [[0, 1, 1.0], [0, 6, 1.0], [0, 7, 1.0], [0, 8, 1.0], [1, 2, 1.0], [1, 9, 1.0], [1, 10, 1.0], [2, 3, 1.0], [2, 11, 1.0], [2, 12, 1.0], [3, 4, 1.0], [3, 5, 1.0], [3, 13, 1.0], [4, 14, 1.0], [4, 15, 1.0], [4, 16, 1.0], [5, 17, 1.0], [5, 18, 1.0], [5, 19, 1.0]], "fix_com": true, "fix_orientation": true, "provenance": {"creator": "QCElemental", "version": "v0.22.0", "routine": "qcelemental.molparse.from_schema"}, "id": "80824"}, "charge": 0, "optimize_geometry": false, "conformers": [], "conformer_generation_options": {"n_conformer_pool": 4000, "n_max_conformers": 0, "rms_tolerance": 0.05, "energy_window": 15, "keep_original_conformer": true}, "stage_1_unrestrained_charges": null, "stage_1_restrained_charges": null, "stage_2_unrestrained_charges": null, "stage_2_restrained_charges": null, "keep_original_orientation": false, "reorientations": [], "translations": [], "rotations": []}], "unconstrained_atoms": [{"index": 0, "molecule": {"qcmol": {"schema_name": "qcschema_molecule", "schema_version": 2, "validated": true, "symbols": ["C", "C", "C", "C", "C", "C", "H", "H", "H", "H", "H", "H", "H", "H", "H", "H", "H", "H", "H", "H"], "geometry": [[0.0, 0.0, 0.0], [2.8892361896567516, 1.1341132086329436e-16, 4.2936359720555706e-16], [3.9969209203465383, 2.6729537537702575, 0.0], [6.8877146779345635, 2.8221458728786804, -0.2299826245384496], [7.730112087459967, 5.572347211229111, -0.5588095751351807], [8.250475847744225, 1.6179910193883291, 2.023647970858665], [-0.7436037091017857, -1.912209274043648, 0.008210941823714457], [-0.742672412461047, 0.9527496732070131, -1.65985818371517], [-0.7400800919677255, 0.9647285030183113, 1.65436259095274], [3.568759436149521, -1.018286702452959, -1.6525253218665283], [3.554636226651921, -1.0431890293878312, 1.637256095520023], [3.1673030090429215, 3.7179003791181273, -1.565763288918049], [3.40822791251521, 3.6516913682500425, 1.7136352621348387], [7.437082596716046, 1.7914861286391401, -1.9255128850226395], [6.847237046864953, 6.432956733420949, -2.199465426658772], [7.22504676712583, 6.696936214218128, 1.084955440498737], [9.763897212982874, 5.702710798517843, -0.801365069011335], [7.705941639857452, 2.5326690234933125, 3.7816486405156313], [10.284964568042874, 1.805759367637128, 1.829445205848588], [7.8334433944360695, -0.38048359161097955, 2.200477167928863]], "name": "C6H14", "identifiers": {"molecule_hash": "0389ced14066431c26b2a96d771e627d9920bb0a", "molecular_formula": "C6H14"}, "molecular_charge": 0.0, "molecular_multiplicity": 1, "connectivity": [[0, 1, 1.0], [0, 6, 1.0], [0, 7, 1.0], [0, 8, 1.0], [1, 2, 1.0], [1, 9, 1.0], [1, 10, 1.0], [2, 3, 1.0], [2, 11, 1.0], [2, 12, 1.0], [3, 4, 1.0], [3, 5, 1.0], [3, 13, 1.0], [4, 14, 1.0], [4, 15, 1.0], [4, 16, 1.0], [5, 17, 1.0], [5, 18, 1.0], [5, 19, 1.0]], "fix_com": true, "fix_orientation": true, "provenance": {"creator": "QCElemental", "version": "v0.22.0", "routine": "qcelemental.molparse.from_schema"}, "id": "80824"}, "charge": 0, "optimize_geometry": false, "conformers": [], "conformer_generation_options": {"n_conformer_pool": 4000, "n_max_conformers": 0, "rms_tolerance": 0.05, "energy_window": 15, "keep_original_conformer": true}, "stage_1_unrestrained_charges": null, "stage_1_restrained_charges": null, "stage_2_unrestrained_charges": null, "stage_2_restrained_charges": null, "keep_original_orientation": false, "reorientations": [], "translations": [], "rotations": []}}, {"index": 1, "molecule": {"qcmol": {"schema_name": "qcschema_molecule", "schema_version": 2, "validated": true, "symbols": ["C", "C", "C", "C", "C", "C", "H", "H", "H", "H", "H", "H", "H", "H", "H", "H", "H", "H", "H", "H"], "geometry": [[0.0, 0.0, 0.0], [2.8892361896567516, 1.1341132086329436e-16, 4.2936359720555706e-16], [3.9969209203465383, 2.6729537537702575, 0.0], [6.8877146779345635, 2.8221458728786804, -0.2299826245384496], [7.730112087459967, 5.572347211229111, -0.5588095751351807], [8.250475847744225, 1.6179910193883291, 2.023647970858665], [-0.7436037091017857, -1.912209274043648, 0.008210941823714457], [-0.742672412461047, 0.9527496732070131, -1.65985818371517], [-0.7400800919677255, 0.9647285030183113, 1.65436259095274], [3.568759436149521, -1.018286702452959, -1.6525253218665283], [3.554636226651921, -1.0431890293878312, 1.637256095520023], [3.1673030090429215, 3.7179003791181273, -1.565763288918049], [3.40822791251521, 3.6516913682500425, 1.7136352621348387], [7.437082596716046, 1.7914861286391401, -1.9255128850226395], [6.847237046864953, 6.432956733420949, -2.199465426658772], [7.22504676712583, 6.696936214218128, 1.084955440498737], [9.763897212982874, 5.702710798517843, -0.801365069011335], [7.705941639857452, 2.5326690234933125, 3.7816486405156313], [10.284964568042874, 1.805759367637128, 1.829445205848588], [7.8334433944360695, -0.38048359161097955, 2.200477167928863]], "name": "C6H14", "identifiers": {"molecule_hash": "0389ced14066431c26b2a96d771e627d9920bb0a", "molecular_formula": "C6H14"}, "molecular_charge": 0.0, "molecular_multiplicity": 1, "connectivity": [[0, 1, 1.0], [0, 6, 1.0], [0, 7, 1.0], [0, 8, 1.0], [1, 2, 1.0], [1, 9, 1.0], [1, 10, 1.0], [2, 3, 1.0], [2, 11, 1.0], [2, 12, 1.0], [3, 4, 1.0], [3, 5, 1.0], [3, 13, 1.0], [4, 14, 1.0], [4, 15, 1.0], [4, 16, 1.0], [5, 17, 1.0], [5, 18, 1.0], [5, 19, 1.0]], "fix_com": true, "fix_orientation": true, "provenance": {"creator": "QCElemental", "version": "v0.22.0", "routine": "qcelemental.molparse.from_schema"}, "id": "80824"}, "charge": 0, "optimize_geometry": false, "conformers": [], "conformer_generation_options": {"n_conformer_pool": 4000, "n_max_conformers": 0, "rms_tolerance": 0.05, "energy_window": 15, "keep_original_conformer": true}, "stage_1_unrestrained_charges": null, "stage_1_restrained_charges": null, "stage_2_unrestrained_charges": null, "stage_2_restrained_charges": null, "keep_original_orientation": false, "reorientations": [], "translations": [], "rotations": []}}, {"index": 2, "molecule": {"qcmol": {"schema_name": "qcschema_molecule", "schema_version": 2, "validated": true, "symbols": ["C", "C", "C", "C", "C", "C", "H", "H", "H", "H", "H", "H", "H", "H", "H", "H", "H", "H", "H", "H"], "geometry": [[0.0, 0.0, 0.0], [2.8892361896567516, 1.1341132086329436e-16, 4.2936359720555706e-16], [3.9969209203465383, 2.6729537537702575, 0.0], [6.8877146779345635, 2.8221458728786804, -0.2299826245384496], [7.730112087459967, 5.572347211229111, -0.5588095751351807], [8.250475847744225, 1.6179910193883291, 2.023647970858665], [-0.7436037091017857, -1.912209274043648, 0.008210941823714457], [-0.742672412461047, 0.9527496732070131, -1.65985818371517], [-0.7400800919677255, 0.9647285030183113, 1.65436259095274], [3.568759436149521, -1.018286702452959, -1.6525253218665283], [3.554636226651921, -1.0431890293878312, 1.637256095520023], [3.1673030090429215, 3.7179003791181273, -1.565763288918049], [3.40822791251521, 3.6516913682500425, 1.7136352621348387], [7.437082596716046, 1.7914861286391401, -1.9255128850226395], [6.847237046864953, 6.432956733420949, -2.199465426658772], [7.22504676712583, 6.696936214218128, 1.084955440498737], [9.763897212982874, 5.702710798517843, -0.801365069011335], [7.705941639857452, 2.5326690234933125, 3.7816486405156313], [10.284964568042874, 1.805759367637128, 1.829445205848588], [7.8334433944360695, -0.38048359161097955, 2.200477167928863]], "name": "C6H14", "identifiers": {"molecule_hash": "0389ced14066431c26b2a96d771e627d9920bb0a", "molecular_formula": "C6H14"}, "molecular_charge": 0.0, "molecular_multiplicity": 1, "connectivity": [[0, 1, 1.0], [0, 6, 1.0], [0, 7, 1.0], [0, 8, 1.0], [1, 2, 1.0], [1, 9, 1.0], [1, 10, 1.0], [2, 3, 1.0], [2, 11, 1.0], [2, 12, 1.0], [3, 4, 1.0], [3, 5, 1.0], [3, 13, 1.0], [4, 14, 1.0], [4, 15, 1.0], [4, 16, 1.0], [5, 17, 1.0], [5, 18, 1.0], [5, 19, 1.0]], "fix_com": true, "fix_orientation": true, "provenance": {"creator": "QCElemental", "version": "v0.22.0", "routine": "qcelemental.molparse.from_schema"}, "id": "80824"}, "charge": 0, "optimize_geometry": false, "conformers": [], "conformer_generation_options": {"n_conformer_pool": 4000, "n_max_conformers": 0, "rms_tolerance": 0.05, "energy_window": 15, "keep_original_conformer": true}, "stage_1_unrestrained_charges": null, "stage_1_restrained_charges": null, "stage_2_unrestrained_charges": null, "stage_2_restrained_charges": null, "keep_original_orientation": false, "reorientations": [], "translations": [], "rotations": []}}, {"index": 4, "molecule": {"qcmol": {"schema_name": "qcschema_molecule", "schema_version": 2, "validated": true, "symbols": ["C", "C", "C", "C", "C", "C", "H", "H", "H", "H", "H", "H", "H", "H", "H", "H", "H", "H", "H", "H"], "geometry": [[0.0, 0.0, 0.0], [2.8892361896567516, 1.1341132086329436e-16, 4.2936359720555706e-16], [3.9969209203465383, 2.6729537537702575, 0.0], [6.8877146779345635, 2.8221458728786804, -0.2299826245384496], [7.730112087459967, 5.572347211229111, -0.5588095751351807], [8.250475847744225, 1.6179910193883291, 2.023647970858665], [-0.7436037091017857, -1.912209274043648, 0.008210941823714457], [-0.742672412461047, 0.9527496732070131, -1.65985818371517], [-0.7400800919677255, 0.9647285030183113, 1.65436259095274], [3.568759436149521, -1.018286702452959, -1.6525253218665283], [3.554636226651921, -1.0431890293878312, 1.637256095520023], [3.1673030090429215, 3.7179003791181273, -1.565763288918049], [3.40822791251521, 3.6516913682500425, 1.7136352621348387], [7.437082596716046, 1.7914861286391401, -1.9255128850226395], [6.847237046864953, 6.432956733420949, -2.199465426658772], [7.22504676712583, 6.696936214218128, 1.084955440498737], [9.763897212982874, 5.702710798517843, -0.801365069011335], [7.705941639857452, 2.5326690234933125, 3.7816486405156313], [10.284964568042874, 1.805759367637128, 1.829445205848588], [7.8334433944360695, -0.38048359161097955, 2.200477167928863]], "name": "C6H14", "identifiers": {"molecule_hash": "0389ced14066431c26b2a96d771e627d9920bb0a", "molecular_formula": "C6H14"}, "molecular_charge": 0.0, "molecular_multiplicity": 1, "connectivity": [[0, 1, 1.0], [0, 6, 1.0], [0, 7, 1.0], [0, 8, 1.0], [1, 2, 1.0], [1, 9, 1.0], [1, 10, 1.0], [2, 3, 1.0], [2, 11, 1.0], [2, 12, 1.0], [3, 4, 1.0], [3, 5, 1.0], [3, 13, 1.0], [4, 14, 1.0], [4, 15, 1.0], [4, 16, 1.0], [5, 17, 1.0], [5, 18, 1.0], [5, 19, 1.0]], "fix_com": true, "fix_orientation": true, "provenance": {"creator": "QCElemental", "version": "v0.22.0", "routine": "qcelemental.molparse.from_schema"}, "id": "80824"}, "charge": 0, "optimize_geometry": false, "conformers": [], "conformer_generation_options": {"n_conformer_pool": 4000, "n_max_conformers": 0, "rms_tolerance": 0.05, "energy_window": 15, "keep_original_conformer": true}, "stage_1_unrestrained_charges": null, "stage_1_restrained_charges": null, "stage_2_unrestrained_charges": null, "stage_2_restrained_charges": null, "keep_original_orientation": false, "reorientations": [], "translations": [], "rotations": []}}, {"index": 5, "molecule": {"qcmol": {"schema_name": "qcschema_molecule", "schema_version": 2, "validated": true, "symbols": ["C", "C", "C", "C", "C", "C", "H", "H", "H", "H", "H", "H", "H", "H", "H", "H", "H", "H", "H", "H"], "geometry": [[0.0, 0.0, 0.0], [2.8892361896567516, 1.1341132086329436e-16, 4.2936359720555706e-16], [3.9969209203465383, 2.6729537537702575, 0.0], [6.8877146779345635, 2.8221458728786804, -0.2299826245384496], [7.730112087459967, 5.572347211229111, -0.5588095751351807], [8.250475847744225, 1.6179910193883291, 2.023647970858665], [-0.7436037091017857, -1.912209274043648, 0.008210941823714457], [-0.742672412461047, 0.9527496732070131, -1.65985818371517], [-0.7400800919677255, 0.9647285030183113, 1.65436259095274], [3.568759436149521, -1.018286702452959, -1.6525253218665283], [3.554636226651921, -1.0431890293878312, 1.637256095520023], [3.1673030090429215, 3.7179003791181273, -1.565763288918049], [3.40822791251521, 3.6516913682500425, 1.7136352621348387], [7.437082596716046, 1.7914861286391401, -1.9255128850226395], [6.847237046864953, 6.432956733420949, -2.199465426658772], [7.22504676712583, 6.696936214218128, 1.084955440498737], [9.763897212982874, 5.702710798517843, -0.801365069011335], [7.705941639857452, 2.5326690234933125, 3.7816486405156313], [10.284964568042874, 1.805759367637128, 1.829445205848588], [7.8334433944360695, -0.38048359161097955, 2.200477167928863]], "name": "C6H14", "identifiers": {"molecule_hash": "0389ced14066431c26b2a96d771e627d9920bb0a", "molecular_formula": "C6H14"}, "molecular_charge": 0.0, "molecular_multiplicity": 1, "connectivity": [[0, 1, 1.0], [0, 6, 1.0], [0, 7, 1.0], [0, 8, 1.0], [1, 2, 1.0], [1, 9, 1.0], [1, 10, 1.0], [2, 3, 1.0], [2, 11, 1.0], [2, 12, 1.0], [3, 4, 1.0], [3, 5, 1.0], [3, 13, 1.0], [4, 14, 1.0], [4, 15, 1.0], [4, 16, 1.0], [5, 17, 1.0], [5, 18, 1.0], [5, 19, 1.0]], "fix_com": true, "fix_orientation": true, "provenance": {"creator": "QCElemental", "version": "v0.22.0", "routine": "qcelemental.molparse.from_schema"}, "id": "80824"}, "charge": 0, "optimize_geometry": false, "conformers": [], "conformer_generation_options": {"n_conformer_pool": 4000, "n_max_conformers": 0, "rms_tolerance": 0.05, "energy_window": 15, "keep_original_conformer": true}, "stage_1_unrestrained_charges": null, "stage_1_restrained_charges": null, "stage_2_unrestrained_charges": null, "stage_2_restrained_charges": null, "keep_original_orientation": false, "reorientations": [], "translations": [], "rotations": []}}]}, "surface_constraints": {"matrix": [[1875.9469860613221, 1818.099965444883, 1743.830471827677, 1634.44428143818, 1561.10638391434, 1566.487235653322, 1882.884668408965, 1882.2084017642583, 1880.459105202252, 1811.0019113028022, 1810.8660649364108, 1758.5035849229766, 1743.6104311195909, 1642.3991461459411, 1548.0672118634257, 1526.4624595552202, 1542.7066844170106, 1535.2778147062832, 1544.93595143797, 1557.4630432937593], [1818.099965444883, 1862.7070249820374, 1808.227673135588, 1724.5410303993624, 1653.9943428719275, 1661.7110985604234, 1798.0565851525903, 1798.227324696884, 1796.2051637300824, 1886.443151657381, 1887.0442809749447, 1809.0502228267392, 1812.0475014653177, 1741.3597110797523, 1640.6094910765419, 1621.8648551262795, 1634.7205491099346, 1624.5702803351999, 1638.742451605434, 1663.1421439124408], [1743.830471827677, 1808.227673135588, 1850.3193409170412, 1786.77921894673, 1732.5210330307466, 1732.5483505368695, 1731.8009487285137, 1715.615775914479, 1712.7213385947152, 1803.0405975293963, 1803.161117769998, 1881.534639638742, 1884.4506022476019, 1796.1853579200638, 1721.5066638706787, 1716.284620378437, 1705.1224963984655, 1701.5475930119796, 1720.7103980791876, 1721.7199245080285], [1634.44428143818, 1724.5410303993624, 1786.77921894673, 1816.1474077418345, 1786.9635304049598, 1787.1973620306617, 1614.1313466525542, 1596.0384915182678, 1607.2918982353272, 1714.9345195441563, 1735.411626662623, 1789.8441997142472, 1793.3943654798527, 1856.4789135728513, 1779.1362224949653, 1771.8876577880985, 1771.5859074513012, 1773.589632043741, 1777.6189057109086, 1773.3123682480618], [1561.10638391434, 1653.9943428719275, 1732.5210330307466, 1786.9635304049598, 1856.4137678936625, 1728.7697523482188, 1538.253165155614, 1525.240166503565, 1533.54782391672, 1647.1137610061678, 1655.411487434505, 1745.862022113213, 1725.4388709882453, 1795.5607731881369, 1873.6027501173608, 1866.5083126827044, 1866.727257567553, 1725.4126630307976, 1707.1303806540643, 1696.5961022652637], [1566.487235653322, 1661.7110985604234, 1732.5483505368695, 1787.1973620306617, 1728.7697523482188, 1857.9550402362959, 1540.6275676138591, 1536.3979034479967, 1534.3789204510485, 1656.4616846449453, 1668.9092927524775, 1729.6589443086207, 1734.5674835821592, 1795.204888829121, 1693.7246302289957, 1724.0979503823237, 1710.2786539781673, 1869.5586672846732, 1874.2062239858967, 1869.530196067119], [1882.884668408965, 1798.0565851525903, 1731.8009487285137, 1614.1313466525542, 1538.253165155614, 1540.6275676138591, 1972.7406231519853, 1859.5810736344342, 1858.489738184884, 1770.3970780439192, 1784.009108171866, 1764.0649886713363, 1726.7691634331863, 1623.717754297636, 1528.0427217872093, 1499.5710148635321, 1519.6303482897702, 1508.173381038679, 1522.5142409061136, 1524.7961544864143], [1882.2084017642583, 1798.227324696884, 1715.615775914479, 1596.0384915182678, 1525.240166503565, 1536.3979034479967, 1859.5810736344342, 1969.918726407948, 1857.5762637006114, 1799.8997068299038, 1769.551356637079, 1743.702411325822, 1705.5501980930244, 1588.3194336440308, 1505.4166368010658, 1496.9766113153853, 1509.1477790239785, 1509.9649883415345, 1515.4039843341372, 1528.8348898482902], [1880.459105202252, 1796.2051637300824, 1712.7213385947152, 1607.2918982353272, 1533.54782391672, 1534.3789204510485, 1858.489738184884, 1857.5762637006114, 1966.3778629492376, 1775.4224361360846, 1791.3480842485906, 1706.2472617059698, 1724.835908421407, 1624.2423714352997, 1524.4059696936554, 1495.776549663205, 1514.1116761504525, 1504.8191735715186, 1510.0106003636924, 1523.1719459041997], [1811.0019113028022, 1886.443151657381, 1803.0405975293963, 1714.9345195441563, 1647.1137610061678, 1656.4616846449453, 1770.3970780439192, 1799.8997068299038, 1775.4224361360846, 1987.5332938941845, 1882.3821644822588, 1792.9264840974554, 1797.5859105360878, 1722.9755179403944, 1640.9797424092947, 1609.457208428539, 1629.0687934297523, 1618.1156295795342, 1627.1047286343983, 1669.4979136991349], [1810.8660649364108, 1887.0442809749447, 1803.161117769998, 1735.411626662623, 1655.411487434505, 1668.9092927524775, 1784.009108171866, 1769.551356637079, 1791.3480842485906, 1882.3821644822588, 1990.818131188543, 1777.9672218257433, 1794.4362249852543, 1773.879596067117, 1633.0195469738744, 1620.2244684919203, 1641.7326642639039, 1623.923145932515, 1643.4752351453724, 1678.197251204772], [1758.5035849229766, 1809.0502228267392, 1881.534639638742, 1789.8441997142472, 1745.862022113213, 1729.6589443086207, 1764.0649886713363, 1743.702411325822, 1706.2472617059698, 1792.9264840974554, 1777.9672218257433, 1991.284711396057, 1886.895642812148, 1772.0628705688325, 1737.6979475363714, 1732.0498961073972, 1720.2251320101611, 1694.9235596343692, 1730.1707523949815, 1706.6234988835415], [1743.6104311195909, 1812.0475014653177, 1884.4506022476019, 1793.3943654798527, 1725.4388709882453, 1734.5674835821592, 1726.7691634331863, 1705.5501980930244, 1724.835908421407, 1797.5859105360878, 1794.4362249852543, 1886.895642812148, 1995.52767684281, 1795.8427338580977, 1711.2197200269763, 1719.914367337663, 1681.1895501986007, 1700.5410122952887, 1718.470962891905, 1727.385836726217], [1642.3991461459411, 1741.3597110797523, 1796.1853579200638, 1856.4789135728513, 1795.5607731881369, 1795.204888829121, 1623.717754297636, 1588.3194336440308, 1624.2423714352997, 1722.9755179403944, 1773.879596067117, 1772.0628705688325, 1795.8427338580977, 1972.5291826444857, 1793.8263584972083, 1752.8090348779522, 1773.1906582815113, 1767.5029268659844, 1777.5512878486009, 1774.7017670533735], [1548.0672118634257, 1640.6094910765419, 1721.5066638706787, 1779.1362224949653, 1873.6027501173608, 1693.7246302289957, 1528.0427217872093, 1505.4166368010658, 1524.4059696936554, 1640.9797424092947, 1633.0195469738744, 1737.6979475363714, 1711.2197200269763, 1793.8263584972083, 1968.9420047143076, 1854.0069779498338, 1855.6924241550423, 1692.1610700842132, 1665.5594845384455, 1647.7581707070892], [1526.4624595552202, 1621.8648551262795, 1716.284620378437, 1771.8876577880985, 1866.5083126827044, 1724.0979503823237, 1499.5710148635321, 1496.9766113153853, 1495.776549663205, 1609.457208428539, 1620.2244684919203, 1732.0498961073972, 1719.914367337663, 1752.8090348779522, 1854.0069779498338, 1957.7525416411224, 1848.2623739830367, 1723.3401071803544, 1704.1360887800454, 1694.9081458439412], [1542.7066844170106, 1634.7205491099346, 1705.1224963984655, 1771.5859074513012, 1866.727257567553, 1710.2786539781673, 1519.6303482897702, 1509.1477790239785, 1514.1116761504525, 1629.0687934297523, 1641.7326642639039, 1720.2251320101611, 1681.1895501986007, 1773.1906582815113, 1855.6924241550423, 1848.2623739830367, 1955.997543540879, 1709.257775543815, 1685.3328778323137, 1676.8218079830497], [1535.2778147062832, 1624.5702803351999, 1701.5475930119796, 1773.589632043741, 1725.4126630307976, 1869.5586672846732, 1508.173381038679, 1509.9649883415345, 1504.8191735715186, 1618.1156295795342, 1623.923145932515, 1694.9235596343692, 1700.5410122952887, 1767.5029268659844, 1692.1610700842132, 1723.3401071803544, 1709.257775543815, 1961.094050001749, 1856.384634043935, 1852.4236353526906], [1544.93595143797, 1638.742451605434, 1720.7103980791876, 1777.6189057109086, 1707.1303806540643, 1874.2062239858967, 1522.5142409061136, 1515.4039843341372, 1510.0106003636924, 1627.1047286343983, 1643.4752351453724, 1730.1707523949815, 1718.470962891905, 1777.5512878486009, 1665.5594845384455, 1704.1360887800454, 1685.3328778323137, 1856.384634043935, 1969.6307208033786, 1857.8567618909135], [1557.4630432937593, 1663.1421439124408, 1721.7199245080285, 1773.3123682480618, 1696.5961022652637, 1869.530196067119, 1524.7961544864143, 1528.8348898482902, 1523.1719459041997, 1669.4979136991349, 1678.197251204772, 1706.6234988835415, 1727.385836726217, 1774.7017670533735, 1647.7581707070892, 1694.9081458439412, 1676.8218079830497, 1852.4236353526906, 1857.8567618909135, 1959.6349165059669], [4.479051027658899, 5.8167213887619775, 5.41012935749902, 5.46385834923418, 4.152652308016975, 4.203269775839854, 4.2468834543724405, 4.032488613327131, 4.357442069628464, 6.16601739011935, 6.5021511191855605, 5.003847150525799, 5.448053608747998, 6.8380911390761625, 4.268876935161508, 3.528834450039311, 4.031174531628483, 3.907028298035483, 4.021635654334543, 4.098227957395773]]}}