{"resp_b": 0.1, "restrained_fit": true, "exclude_hydrogens": true, "convergence_tolerance": 1e-06, "max_iter": 500, "resp_a": 0.0005, "charge_constraints": {"charge_sum_constraints": [], "charge_equivalence_constraints": [], "molecules": [{"qcmol": {"schema_name": "qcschema_molecule", "schema_version": 2, "validated": true, "symbols": ["C", "C", "C", "C", "C", "C", "H", "H", "H", "H", "H", "H", "H", "H", "H", "H", "H", "H", "H", "H"], "geometry": [[0.0, 0.0, 0.0], [2.8892361896567516, 1.1341132086329436e-16, 4.2936359720555706e-16], [3.9969209203465383, 2.6729537537702575, 0.0], [6.8877146779345635, 2.8221458728786804, -0.2299826245384496], [7.730112087459967, 5.572347211229111, -0.5588095751351807], [8.250475847744225, 1.6179910193883291, 2.023647970858665], [-0.7436037091017857, -1.912209274043648, 0.008210941823714457], [-0.742672412461047, 0.9527496732070131, -1.65985818371517], [-0.7400800919677255, 0.9647285030183113, 1.65436259095274], [3.568759436149521, -1.018286702452959, -1.6525253218665283], [3.554636226651921, -1.0431890293878312, 1.637256095520023], [3.1673030090429215, 3.7179003791181273, -1.565763288918049], [3.40822791251521, 3.6516913682500425, 1.7136352621348387], [7.437082596716046, 1.7914861286391401, -1.9255128850226395], [6.847237046864953, 6.432956733420949, -2.199465426658772], [7.22504676712583, 6.696936214218128, 1.084955440498737], [9.763897212982874, 5.702710798517843, -0.801365069011335], [7.705941639857452, 2.5326690234933125, 3.7816486405156313], [10.284964568042874, 1.805759367637128, 1.829445205848588], [7.8334433944360695, -0.38048359161097955, 2.200477167928863]], "name": "C6H14", "identifiers": {"molecule_hash": "0389ced14066431c26b2a96d771e627d9920bb0a", "molecular_formula": "C6H14"}, "molecular_charge": 0.0, "molecular_multiplicity": 1, "connectivity": [[0, 1, 1.0], [0, 6, 1.0], [0, 7, 1.0], [0, 8, 1.0], [1, 2, 1.0], [1, 9, 1.0], [1, 10, 1.0], [2, 3, 1.0], [2, 11, 1.0], [2, 12, 1.0], [3, 4, 1.0], [3, 5, 1.0], [3, 13, 1.0], [4, 14, 1.0], [4, 15, 1.0], [4, 16, 1.0], [5, 17, 1.0], [5, 18, 1.0], [5, 19, 1.0]], "fix_com": true, "fix_orientation": true, "provenance": {"creator": "QCElemental", "version": "v0.22.0", "routine": "qcelemental.molparse.from_schema"}, "id": "80824"}, "charge": 0, "optimize_geometry": false, "conformers": [], "conformer_generation_options": {"n_conformer_pool": 4000, "n_max_conformers": 0, "rms_tolerance": 0.05, "energy_window": 15, "keep_original_conformer": true}, "stage_1_unrestrained_charges": null, "stage_1_restrained_charges": null, "stage_2_unrestrained_charges": null, "stage_2_restrained_charges": null, "keep_original_orientation": false, "reorientations": [], "translations": [], "rotations": []}], "unconstrained_atoms": [{"index": 0, "molecule": {"qcmol": {"schema_name": "qcschema_molecule", "schema_version": 2, "validated": true, "symbols": ["C", "C", "C", "C", "C", "C", "H", "H", "H", "H", "H", "H", "H", "H", "H", "H", "H", "H", "H", "H"], "geometry": [[0.0, 0.0, 0.0], [2.8892361896567516, 1.1341132086329436e-16, 4.2936359720555706e-16], [3.9969209203465383, 2.6729537537702575, 0.0], [6.8877146779345635, 2.8221458728786804, -0.2299826245384496], [7.730112087459967, 5.572347211229111, -0.5588095751351807], [8.250475847744225, 1.6179910193883291, 2.023647970858665], [-0.7436037091017857, -1.912209274043648, 0.008210941823714457], [-0.742672412461047, 0.9527496732070131, -1.65985818371517], [-0.7400800919677255, 0.9647285030183113, 1.65436259095274], [3.568759436149521, -1.018286702452959, -1.6525253218665283], [3.554636226651921, -1.0431890293878312, 1.637256095520023], [3.1673030090429215, 3.7179003791181273, -1.565763288918049], [3.40822791251521, 3.6516913682500425, 1.7136352621348387], [7.437082596716046, 1.7914861286391401, -1.9255128850226395], [6.847237046864953, 6.432956733420949, -2.199465426658772], [7.22504676712583, 6.696936214218128, 1.084955440498737], [9.763897212982874, 5.702710798517843, -0.801365069011335], [7.705941639857452, 2.5326690234933125, 3.7816486405156313], [10.284964568042874, 1.805759367637128, 1.829445205848588], [7.8334433944360695, -0.38048359161097955, 2.200477167928863]], "name": "C6H14", "identifiers": {"molecule_hash": "0389ced14066431c26b2a96d771e627d9920bb0a", "molecular_formula": "C6H14"}, "molecular_charge": 0.0, "molecular_multiplicity": 1, "connectivity": [[0, 1, 1.0], [0, 6, 1.0], [0, 7, 1.0], [0, 8, 1.0], [1, 2, 1.0], [1, 9, 1.0], [1, 10, 1.0], [2, 3, 1.0], [2, 11, 1.0], [2, 12, 1.0], [3, 4, 1.0], [3, 5, 1.0], [3, 13, 1.0], [4, 14, 1.0], [4, 15, 1.0], [4, 16, 1.0], [5, 17, 1.0], [5, 18, 1.0], [5, 19, 1.0]], "fix_com": true, "fix_orientation": true, "provenance": {"creator": "QCElemental", "version": "v0.22.0", "routine": "qcelemental.molparse.from_schema"}, "id": "80824"}, "charge": 0, "optimize_geometry": false, "conformers": [], "conformer_generation_options": {"n_conformer_pool": 4000, "n_max_conformers": 0, "rms_tolerance": 0.05, "energy_window": 15, "keep_original_conformer": true}, "stage_1_unrestrained_charges": null, "stage_1_restrained_charges": null, "stage_2_unrestrained_charges": null, "stage_2_restrained_charges": null, "keep_original_orientation": false, "reorientations": [], "translations": [], "rotations": []}}, {"index": 1, "molecule": {"qcmol": {"schema_name": "qcschema_molecule", "schema_version": 2, "validated": true, "symbols": ["C", "C", "C", "C", "C", "C", "H", "H", "H", "H", "H", "H", "H", "H", "H", "H", "H", "H", "H", "H"], "geometry": [[0.0, 0.0, 0.0], [2.8892361896567516, 1.1341132086329436e-16, 4.2936359720555706e-16], [3.9969209203465383, 2.6729537537702575, 0.0], [6.8877146779345635, 2.8221458728786804, -0.2299826245384496], [7.730112087459967, 5.572347211229111, -0.5588095751351807], [8.250475847744225, 1.6179910193883291, 2.023647970858665], [-0.7436037091017857, -1.912209274043648, 0.008210941823714457], [-0.742672412461047, 0.9527496732070131, -1.65985818371517], [-0.7400800919677255, 0.9647285030183113, 1.65436259095274], [3.568759436149521, -1.018286702452959, -1.6525253218665283], [3.554636226651921, -1.0431890293878312, 1.637256095520023], [3.1673030090429215, 3.7179003791181273, -1.565763288918049], [3.40822791251521, 3.6516913682500425, 1.7136352621348387], [7.437082596716046, 1.7914861286391401, -1.9255128850226395], [6.847237046864953, 6.432956733420949, -2.199465426658772], [7.22504676712583, 6.696936214218128, 1.084955440498737], [9.763897212982874, 5.702710798517843, -0.801365069011335], [7.705941639857452, 2.5326690234933125, 3.7816486405156313], [10.284964568042874, 1.805759367637128, 1.829445205848588], [7.8334433944360695, -0.38048359161097955, 2.200477167928863]], "name": "C6H14", "identifiers": {"molecule_hash": "0389ced14066431c26b2a96d771e627d9920bb0a", "molecular_formula": "C6H14"}, "molecular_charge": 0.0, "molecular_multiplicity": 1, "connectivity": [[0, 1, 1.0], [0, 6, 1.0], [0, 7, 1.0], [0, 8, 1.0], [1, 2, 1.0], [1, 9, 1.0], [1, 10, 1.0], [2, 3, 1.0], [2, 11, 1.0], [2, 12, 1.0], [3, 4, 1.0], [3, 5, 1.0], [3, 13, 1.0], [4, 14, 1.0], [4, 15, 1.0], [4, 16, 1.0], [5, 17, 1.0], [5, 18, 1.0], [5, 19, 1.0]], "fix_com": true, "fix_orientation": true, "provenance": {"creator": "QCElemental", "version": "v0.22.0", "routine": "qcelemental.molparse.from_schema"}, "id": "80824"}, "charge": 0, "optimize_geometry": false, "conformers": [], "conformer_generation_options": {"n_conformer_pool": 4000, "n_max_conformers": 0, "rms_tolerance": 0.05, "energy_window": 15, "keep_original_conformer": true}, "stage_1_unrestrained_charges": null, "stage_1_restrained_charges": null, "stage_2_unrestrained_charges": null, "stage_2_restrained_charges": null, "keep_original_orientation": false, "reorientations": [], "translations": [], "rotations": []}}, {"index": 2, "molecule": {"qcmol": {"schema_name": "qcschema_molecule", "schema_version": 2, "validated": true, "symbols": ["C", "C", "C", "C", "C", "C", "H", "H", "H", "H", "H", "H", "H", "H", "H", "H", "H", "H", "H", "H"], "geometry": [[0.0, 0.0, 0.0], [2.8892361896567516, 1.1341132086329436e-16, 4.2936359720555706e-16], [3.9969209203465383, 2.6729537537702575, 0.0], [6.8877146779345635, 2.8221458728786804, -0.2299826245384496], [7.730112087459967, 5.572347211229111, -0.5588095751351807], [8.250475847744225, 1.6179910193883291, 2.023647970858665], [-0.7436037091017857, -1.912209274043648, 0.008210941823714457], [-0.742672412461047, 0.9527496732070131, -1.65985818371517], [-0.7400800919677255, 0.9647285030183113, 1.65436259095274], [3.568759436149521, -1.018286702452959, -1.6525253218665283], [3.554636226651921, -1.0431890293878312, 1.637256095520023], [3.1673030090429215, 3.7179003791181273, -1.565763288918049], [3.40822791251521, 3.6516913682500425, 1.7136352621348387], [7.437082596716046, 1.7914861286391401, -1.9255128850226395], [6.847237046864953, 6.432956733420949, -2.199465426658772], [7.22504676712583, 6.696936214218128, 1.084955440498737], [9.763897212982874, 5.702710798517843, -0.801365069011335], [7.705941639857452, 2.5326690234933125, 3.7816486405156313], [10.284964568042874, 1.805759367637128, 1.829445205848588], [7.8334433944360695, -0.38048359161097955, 2.200477167928863]], "name": "C6H14", "identifiers": {"molecule_hash": "0389ced14066431c26b2a96d771e627d9920bb0a", "molecular_formula": "C6H14"}, "molecular_charge": 0.0, "molecular_multiplicity": 1, "connectivity": [[0, 1, 1.0], [0, 6, 1.0], [0, 7, 1.0], [0, 8, 1.0], [1, 2, 1.0], [1, 9, 1.0], [1, 10, 1.0], [2, 3, 1.0], [2, 11, 1.0], [2, 12, 1.0], [3, 4, 1.0], [3, 5, 1.0], [3, 13, 1.0], [4, 14, 1.0], [4, 15, 1.0], [4, 16, 1.0], [5, 17, 1.0], [5, 18, 1.0], [5, 19, 1.0]], "fix_com": true, "fix_orientation": true, "provenance": {"creator": "QCElemental", "version": "v0.22.0", "routine": "qcelemental.molparse.from_schema"}, "id": "80824"}, "charge": 0, "optimize_geometry": false, "conformers": [], "conformer_generation_options": {"n_conformer_pool": 4000, "n_max_conformers": 0, "rms_tolerance": 0.05, "energy_window": 15, "keep_original_conformer": true}, "stage_1_unrestrained_charges": null, "stage_1_restrained_charges": null, "stage_2_unrestrained_charges": null, "stage_2_restrained_charges": null, "keep_original_orientation": false, "reorientations": [], "translations": [], "rotations": []}}, {"index": 4, "molecule": {"qcmol": {"schema_name": "qcschema_molecule", "schema_version": 2, "validated": true, "symbols": ["C", "C", "C", "C", "C", "C", "H", "H", "H", "H", "H", "H", "H", "H", "H", "H", "H", "H", "H", "H"], "geometry": [[0.0, 0.0, 0.0], [2.8892361896567516, 1.1341132086329436e-16, 4.2936359720555706e-16], [3.9969209203465383, 2.6729537537702575, 0.0], [6.8877146779345635, 2.8221458728786804, -0.2299826245384496], [7.730112087459967, 5.572347211229111, -0.5588095751351807], [8.250475847744225, 1.6179910193883291, 2.023647970858665], [-0.7436037091017857, -1.912209274043648, 0.008210941823714457], [-0.742672412461047, 0.9527496732070131, -1.65985818371517], [-0.7400800919677255, 0.9647285030183113, 1.65436259095274], [3.568759436149521, -1.018286702452959, -1.6525253218665283], [3.554636226651921, -1.0431890293878312, 1.637256095520023], [3.1673030090429215, 3.7179003791181273, -1.565763288918049], [3.40822791251521, 3.6516913682500425, 1.7136352621348387], [7.437082596716046, 1.7914861286391401, -1.9255128850226395], [6.847237046864953, 6.432956733420949, -2.199465426658772], [7.22504676712583, 6.696936214218128, 1.084955440498737], [9.763897212982874, 5.702710798517843, -0.801365069011335], [7.705941639857452, 2.5326690234933125, 3.7816486405156313], [10.284964568042874, 1.805759367637128, 1.829445205848588], [7.8334433944360695, -0.38048359161097955, 2.200477167928863]], "name": "C6H14", "identifiers": {"molecule_hash": "0389ced14066431c26b2a96d771e627d9920bb0a", "molecular_formula": "C6H14"}, "molecular_charge": 0.0, "molecular_multiplicity": 1, "connectivity": [[0, 1, 1.0], [0, 6, 1.0], [0, 7, 1.0], [0, 8, 1.0], [1, 2, 1.0], [1, 9, 1.0], [1, 10, 1.0], [2, 3, 1.0], [2, 11, 1.0], [2, 12, 1.0], [3, 4, 1.0], [3, 5, 1.0], [3, 13, 1.0], [4, 14, 1.0], [4, 15, 1.0], [4, 16, 1.0], [5, 17, 1.0], [5, 18, 1.0], [5, 19, 1.0]], "fix_com": true, "fix_orientation": true, "provenance": {"creator": "QCElemental", "version": "v0.22.0", "routine": "qcelemental.molparse.from_schema"}, "id": "80824"}, "charge": 0, "optimize_geometry": false, "conformers": [], "conformer_generation_options": {"n_conformer_pool": 4000, "n_max_conformers": 0, "rms_tolerance": 0.05, "energy_window": 15, "keep_original_conformer": true}, "stage_1_unrestrained_charges": null, "stage_1_restrained_charges": null, "stage_2_unrestrained_charges": null, "stage_2_restrained_charges": null, "keep_original_orientation": false, "reorientations": [], "translations": [], "rotations": []}}, {"index": 5, "molecule": {"qcmol": {"schema_name": "qcschema_molecule", "schema_version": 2, "validated": true, "symbols": ["C", "C", "C", "C", "C", "C", "H", "H", "H", "H", "H", "H", "H", "H", "H", "H", "H", "H", "H", "H"], "geometry": [[0.0, 0.0, 0.0], [2.8892361896567516, 1.1341132086329436e-16, 4.2936359720555706e-16], [3.9969209203465383, 2.6729537537702575, 0.0], [6.8877146779345635, 2.8221458728786804, -0.2299826245384496], [7.730112087459967, 5.572347211229111, -0.5588095751351807], [8.250475847744225, 1.6179910193883291, 2.023647970858665], [-0.7436037091017857, -1.912209274043648, 0.008210941823714457], [-0.742672412461047, 0.9527496732070131, -1.65985818371517], [-0.7400800919677255, 0.9647285030183113, 1.65436259095274], [3.568759436149521, -1.018286702452959, -1.6525253218665283], [3.554636226651921, -1.0431890293878312, 1.637256095520023], [3.1673030090429215, 3.7179003791181273, -1.565763288918049], [3.40822791251521, 3.6516913682500425, 1.7136352621348387], [7.437082596716046, 1.7914861286391401, -1.9255128850226395], [6.847237046864953, 6.432956733420949, -2.199465426658772], [7.22504676712583, 6.696936214218128, 1.084955440498737], [9.763897212982874, 5.702710798517843, -0.801365069011335], [7.705941639857452, 2.5326690234933125, 3.7816486405156313], [10.284964568042874, 1.805759367637128, 1.829445205848588], [7.8334433944360695, -0.38048359161097955, 2.200477167928863]], "name": "C6H14", "identifiers": {"molecule_hash": "0389ced14066431c26b2a96d771e627d9920bb0a", "molecular_formula": "C6H14"}, "molecular_charge": 0.0, "molecular_multiplicity": 1, "connectivity": [[0, 1, 1.0], [0, 6, 1.0], [0, 7, 1.0], [0, 8, 1.0], [1, 2, 1.0], [1, 9, 1.0], [1, 10, 1.0], [2, 3, 1.0], [2, 11, 1.0], [2, 12, 1.0], [3, 4, 1.0], [3, 5, 1.0], [3, 13, 1.0], [4, 14, 1.0], [4, 15, 1.0], [4, 16, 1.0], [5, 17, 1.0], [5, 18, 1.0], [5, 19, 1.0]], "fix_com": true, "fix_orientation": true, "provenance": {"creator": "QCElemental", "version": "v0.22.0", "routine": "qcelemental.molparse.from_schema"}, "id": "80824"}, "charge": 0, "optimize_geometry": false, "conformers": [], "conformer_generation_options": {"n_conformer_pool": 4000, "n_max_conformers": 0, "rms_tolerance": 0.05, "energy_window": 15, "keep_original_conformer": true}, "stage_1_unrestrained_charges": null, "stage_1_restrained_charges": null, "stage_2_unrestrained_charges": null, "stage_2_restrained_charges": null, "keep_original_orientation": false, "reorientations": [], "translations": [], "rotations": []}}]}, "surface_constraints": {"matrix": [[118577277236667.95, 114920811090435.12, 110226290519392.77, 103312057323017.7, 98676409702196.66, 99016531409466.08, 119015801321815.05, 118973055814107.56, 118862483363136.9, 114472146764545.4, 114463561699153.62, 111153761010903.0, 110212398044202.86, 103814887225875.86, 97852233203297.75, 96486591887011.16, 97513347716691.48, 97043808932047.17, 97654291295787.62, 98446106330642.53], [114920811090435.12, 117740392352592.12, 114296791453902.83, 109007018763083.08, 104547808967433.73, 105035582688515.75, 113653882171953.12, 113664675181086.77, 113536854264615.11, 119240733458250.19, 119278733814623.86, 114348785513363.92, 114538238594192.4, 110070117425492.61, 103701776375793.25, 102516931624472.25, 103329503237051.42, 102687945269186.92, 103583753526161.22, 105126026705059.25], [110226290519392.77, 114296791453902.83, 116957375355419.34, 112941049748986.17, 109511427597644.55, 109513153250083.33, 109465904260804.4, 108442854727473.16, 108259915219277.3, 113968916521907.88, 113976539773139.03, 118930472897310.7, 119114786703846.9, 113535605289270.61, 108815223864538.67, 108485143022518.92, 107779569735994.38, 107553622926778.06, 108764886440662.34, 108828686943599.67], [103312057323017.7, 109007018763083.08, 112941049748986.17, 114797391495040.28, 112952698033406.2, 112967477347071.6, 102028080102402.6, 100884445069380.08, 101595785912243.83, 108399809944610.28, 109694136572909.17, 113134785788257.42, 113359187096004.23, 117346717859184.73, 112457939428391.06, 111999762471813.4, 111980687810085.83, 112107342638868.44, 112362029282505.1, 112089814873237.62], [98676409702196.66, 104547808967433.73, 109511427597644.55, 112952698033406.2, 117342596838822.45, 109274308222293.25, 97231853416007.06, 96409325692114.28, 96934465025370.78, 104112910445932.83, 104637379048256.61, 110354704707881.86, 109063768866706.34, 113496124241466.27, 118429100096145.72, 117980665608916.58, 117994503282854.84, 109062105515989.06, 107906490588241.67, 107240644346293.17], [99016531409466.08, 105035582688515.75, 109513153250083.33, 112967477347071.6, 109274308222293.25, 117440017563112.55, 97381949994996.86, 97114587892249.72, 96987000957062.05, 104703791745414.39, 105490570133102.69, 109330507536179.92, 109640788243560.1, 113473627961737.31, 107059127255625.52, 108979002989387.02, 108105504941473.27, 118173475219242.45, 118467242143095.23, 118171672961495.23], [119015801321815.05, 113653882171953.12, 109465904260804.4, 102028080102402.6, 97231853416007.06, 97381949994996.86, 124695531092500.78, 117542795076101.06, 117473813451449.7, 111905544823347.27, 112765956832568.81, 111505278864184.38, 109147867816876.14, 102634044432645.95, 96586479797847.4, 94786778742659.55, 96054683533201.67, 95330540173815.72, 96237022331923.78, 96381251409043.1], [118973055814107.56, 113664675181086.77, 108442854727473.16, 100884445069380.08, 96409325692114.28, 97114587892249.72, 117542795076101.06, 124517162747931.23, 117416074287856.28, 113770393337991.89, 111852082897854.22, 110218183325379.77, 107806635082655.67, 100396538527714.23, 95156318402077.05, 94622802829181.28, 95392110297283.39, 95443785900601.36, 95787573982880.44, 96636519657835.64], [118862483363136.9, 113536854264615.11, 108259915219277.3, 101595785912243.83, 96934465025370.78, 96987000957062.05, 117473813451449.7, 117416074287856.28, 124293346263829.48, 112223180965979.22, 113229841499645.14, 107850688489349.98, 109025691558900.7, 102667219992157.83, 96356634410877.9, 94546972832353.19, 95705887833942.73, 95118554991185.56, 95446700247429.28, 96278600721822.27], [114472146764545.4, 119240733458250.19, 113968916521907.88, 108399809944610.28, 104112910445932.83, 104703791745414.39, 111905544823347.27, 113770393337991.89, 112223180965979.22, 125630568161584.27, 118984041409642.78, 113329617043242.75, 113624109132015.3, 108908075669472.89, 103725199846708.22, 101732672244957.3, 102972280155216.3, 102279975942351.28, 102848163475455.89, 105527793075273.83], [114463561699153.62, 119278733814623.86, 113976539773139.03, 109694136572909.17, 104637379048256.61, 105490570133102.69, 112765956832568.81, 111852082897854.22, 113229841499645.14, 118984041409642.78, 125838205794247.14, 112384054678506.31, 113425048015942.9, 112125668704545.05, 103222013589583.28, 102413238420021.08, 103772726208538.05, 102647036358356.05, 103882904901367.16, 106077641471318.42], [111153761010903.0, 114348785513363.92, 118930472897310.7, 113134785788257.42, 110354704707881.86, 109330507536179.92, 111505278864184.38, 110218183325379.77, 107850688489349.98, 113329617043242.75, 112384054678506.31, 125867697546707.69, 119269335821502.78, 112010847410749.23, 109838676559754.94, 109481652719485.67, 108734194680539.56, 107134908985037.06, 109362855363803.75, 107874448071921.19], [110212398044202.86, 114538238594192.4, 119114786703846.9, 113359187096004.23, 109063768866706.34, 109640788243560.1, 109147867816876.14, 107806635082655.67, 109025691558900.7, 113624109132015.3, 113425048015942.9, 119269335821502.78, 126135889693126.17, 113513938724376.3, 108164980618753.92, 108714589346583.58, 106266785764076.7, 107490011927992.36, 108623346068884.16, 109186825224260.05], [103814887225875.86, 110070117425492.61, 113535605289270.61, 117346717859184.73, 113496124241466.27, 113473627961737.31, 102634044432645.95, 100396538527714.23, 102667219992157.83, 108908075669472.89, 112125668704545.05, 112010847410749.23, 113513938724376.3, 124682173434531.78, 113386490486507.02, 110793813402790.11, 112082129623990.08, 111722605425087.36, 112357760902770.1, 112177634591988.77], [97852233203297.75, 103701776375793.25, 108815223864538.67, 112457939428391.06, 118429100096145.72, 107059127255625.52, 96586479797847.4, 95156318402077.05, 96356634410877.9, 103725199846708.22, 103222013589583.28, 109838676559754.94, 108164980618753.92, 113386490486507.02, 124455427188404.62, 117190465216403.6, 117296998614697.9, 106960285150902.78, 105278825202197.89, 104153629399083.4], [96486591887011.16, 102516931624472.25, 108485143022518.92, 111999762471813.4, 117980665608916.58, 108979002989387.02, 94786778742659.55, 94622802829181.28, 94546972832353.19, 101732672244957.3, 102413238420021.08, 109481652719485.67, 108714589346583.58, 110793813402790.11, 117190465216403.6, 123748148549191.0, 116827350736380.81, 108931104427087.89, 107717202211463.42, 107133953366041.2], [97513347716691.48, 103329503237051.42, 107779569735994.38, 111980687810085.83, 117994503282854.84, 108105504941473.27, 96054683533201.67, 95392110297283.39, 95705887833942.73, 102972280155216.3, 103772726208538.05, 108734194680539.56, 106266785764076.7, 112082129623990.08, 117296998614697.9, 116827350736380.81, 123637212644202.53, 108040969577119.77, 106528698984264.12, 105990731774430.19], [97043808932047.17, 102687945269186.92, 107553622926778.06, 112107342638868.44, 109062105515989.06, 118173475219242.45, 95330540173815.72, 95443785900601.36, 95118554991185.56, 102279975942351.28, 102647036358356.05, 107134908985037.06, 107490011927992.36, 111722605425087.36, 106960285150902.78, 108931104427087.89, 108040969577119.77, 123959362308125.52, 117340752725421.75, 117090380437092.9], [97654291295787.62, 103583753526161.22, 108764886440662.34, 112362029282505.1, 107906490588241.67, 118467242143095.23, 96237022331923.78, 95787573982880.44, 95446700247429.28, 102848163475455.89, 103882904901367.16, 109362855363803.75, 108623346068884.16, 112357760902770.1, 105278825202197.89, 107717202211463.42, 106528698984264.12, 117340752725421.75, 124498955646372.77, 117433801645771.34], [98446106330642.53, 105126026705059.25, 108828686943599.67, 112089814873237.62, 107240644346293.17, 118171672961495.23, 96381251409043.1, 96636519657835.64, 96278600721822.27, 105527793075273.83, 106077641471318.42, 107874448071921.19, 109186825224260.05, 112177634591988.77, 104153629399083.4, 107133953366041.2, 105990731774430.19, 117090380437092.9, 117433801645771.34, 123867126566782.62], [255725473404.6558, 329274690026.6402, 313289585717.3795, 315537834020.6721, 249406398049.75043, 252345460238.39047, 244845584902.30353, 233533742992.65298, 247440916479.25067, 347187862070.22375, 363410145743.825, 297329931158.85767, 317138483817.0834, 378959771614.4923, 254250235795.2733, 224585365794.7804, 242439113889.6818, 241816308266.91275, 243351375852.9754, 247484440175.45642]]}}