{"resp_b": 0.1, "restrained_fit": true, "exclude_hydrogens": true, "convergence_tolerance": 1e-06, "max_iter": 500, "resp_a": 0.0005, "charge_constraints": {"charge_sum_constraints": [], "charge_equivalence_constraints": [], "molecules": [{"qcmol": {"schema_name": "qcschema_molecule", "schema_version": 2, "validated": true, "symbols": ["C", "C", "C", "C", "N", "C", "N", "O", "H", "H", "H", "H", "H", "H", "H", "H", "H", "H", "H", "H"], "geometry": [[0.0, 0.0, -0.0], [2.891636317455367, 1.0331963898564533e-15, -1.5116759134076629e-15], [4.1016944655046235, 2.6316959100293937, -4.440892098500626e-16], [3.642394798619496, 4.133580036586514, -2.418515743747121], [4.9842890464805425, 6.528489502757961, -2.3116092176492313], [5.231665054022793, 7.958023279638855, -4.446743103718315], [6.168641229301739, 10.349473973355371, -4.016787804187693], [4.676000823182288, 7.226813607703198, -6.51985688835328], [-0.7227675934029123, -1.9132666673114231, 0.15493801237308114], [-0.7720968742997594, 0.808827841325909, -1.7179163191415119], [-0.7379485632228284, 1.0746475077641762, 1.586821829531916], [3.5512548647343487, -1.0077175189313177, 1.6631463108274973], [3.577824633149785, -1.0607140805017914, -1.6212460275059153], [3.3992612523858785, 3.6956040087881528, 1.617964498400243], [6.129265458218933, 2.4407861298777576, 0.26005004281099287], [1.6371762485395016, 4.443368154139669, -2.725369839085891], [4.345440595006487, 3.1052284040814007, -4.036447602918115], [4.828251020429175, 7.48547832586881, -0.6971627293428226], [7.375727990534626, 10.565235416810744, -2.5877527815978936], [6.69110239704104, 11.226916079926845, -5.5990364227383616]], "name": "C5H12N2O", "identifiers": {"molecule_hash": "b27caaed75ba7c80512444f1783ad5ca782b30ff", "molecular_formula": "C5H12N2O"}, "molecular_charge": 0.0, "molecular_multiplicity": 1, "connectivity": [[0, 1, 1.0], [0, 8, 1.0], [0, 9, 1.0], [0, 10, 1.0], [1, 2, 1.0], [1, 11, 1.0], [1, 12, 1.0], [2, 3, 1.0], [2, 13, 1.0], [2, 14, 1.0], [3, 4, 1.0], [3, 15, 1.0], [3, 16, 1.0], [4, 5, 1.0], [4, 17, 1.0], [5, 6, 1.0], [5, 7, 2.0], [6, 18, 1.0], [6, 19, 1.0]], "fix_com": true, "fix_orientation": true, "provenance": {"creator": "QCElemental", "version": "v0.22.0", "routine": "qcelemental.molparse.from_schema"}, "id": "146314"}, "charge": 0, "optimize_geometry": false, "conformers": [], "conformer_generation_options": {"n_conformer_pool": 4000, "n_max_conformers": 0, "rms_tolerance": 0.05, "energy_window": 15, "keep_original_conformer": true}, "stage_1_unrestrained_charges": null, "stage_1_restrained_charges": null, "stage_2_unrestrained_charges": null, "stage_2_restrained_charges": null, "keep_original_orientation": false, "reorientations": [], "translations": [], "rotations": []}], "unconstrained_atoms": [{"index": 0, "molecule": {"qcmol": {"schema_name": "qcschema_molecule", "schema_version": 2, "validated": true, "symbols": ["C", "C", "C", "C", "N", "C", "N", "O", "H", "H", "H", "H", "H", "H", "H", "H", "H", "H", "H", "H"], "geometry": [[0.0, 0.0, -0.0], [2.891636317455367, 1.0331963898564533e-15, -1.5116759134076629e-15], [4.1016944655046235, 2.6316959100293937, -4.440892098500626e-16], [3.642394798619496, 4.133580036586514, -2.418515743747121], [4.9842890464805425, 6.528489502757961, -2.3116092176492313], [5.231665054022793, 7.958023279638855, -4.446743103718315], [6.168641229301739, 10.349473973355371, -4.016787804187693], [4.676000823182288, 7.226813607703198, -6.51985688835328], [-0.7227675934029123, -1.9132666673114231, 0.15493801237308114], [-0.7720968742997594, 0.808827841325909, -1.7179163191415119], [-0.7379485632228284, 1.0746475077641762, 1.586821829531916], [3.5512548647343487, -1.0077175189313177, 1.6631463108274973], [3.577824633149785, -1.0607140805017914, -1.6212460275059153], [3.3992612523858785, 3.6956040087881528, 1.617964498400243], [6.129265458218933, 2.4407861298777576, 0.26005004281099287], [1.6371762485395016, 4.443368154139669, -2.725369839085891], [4.345440595006487, 3.1052284040814007, -4.036447602918115], [4.828251020429175, 7.48547832586881, -0.6971627293428226], [7.375727990534626, 10.565235416810744, -2.5877527815978936], [6.69110239704104, 11.226916079926845, -5.5990364227383616]], "name": "C5H12N2O", "identifiers": {"molecule_hash": "b27caaed75ba7c80512444f1783ad5ca782b30ff", "molecular_formula": "C5H12N2O"}, "molecular_charge": 0.0, "molecular_multiplicity": 1, "connectivity": [[0, 1, 1.0], [0, 8, 1.0], [0, 9, 1.0], [0, 10, 1.0], [1, 2, 1.0], [1, 11, 1.0], [1, 12, 1.0], [2, 3, 1.0], [2, 13, 1.0], [2, 14, 1.0], [3, 4, 1.0], [3, 15, 1.0], [3, 16, 1.0], [4, 5, 1.0], [4, 17, 1.0], [5, 6, 1.0], [5, 7, 2.0], [6, 18, 1.0], [6, 19, 1.0]], "fix_com": true, "fix_orientation": true, "provenance": {"creator": "QCElemental", "version": "v0.22.0", "routine": "qcelemental.molparse.from_schema"}, "id": "146314"}, "charge": 0, "optimize_geometry": false, "conformers": [], "conformer_generation_options": {"n_conformer_pool": 4000, "n_max_conformers": 0, "rms_tolerance": 0.05, "energy_window": 15, "keep_original_conformer": true}, "stage_1_unrestrained_charges": null, "stage_1_restrained_charges": null, "stage_2_unrestrained_charges": null, "stage_2_restrained_charges": null, "keep_original_orientation": false, "reorientations": [], "translations": [], "rotations": []}}, {"index": 1, "molecule": {"qcmol": {"schema_name": "qcschema_molecule", "schema_version": 2, "validated": true, "symbols": ["C", "C", "C", "C", "N", "C", "N", "O", "H", "H", "H", "H", "H", "H", "H", "H", "H", "H", "H", "H"], "geometry": [[0.0, 0.0, -0.0], [2.891636317455367, 1.0331963898564533e-15, -1.5116759134076629e-15], [4.1016944655046235, 2.6316959100293937, -4.440892098500626e-16], [3.642394798619496, 4.133580036586514, -2.418515743747121], [4.9842890464805425, 6.528489502757961, -2.3116092176492313], [5.231665054022793, 7.958023279638855, -4.446743103718315], [6.168641229301739, 10.349473973355371, -4.016787804187693], [4.676000823182288, 7.226813607703198, -6.51985688835328], [-0.7227675934029123, -1.9132666673114231, 0.15493801237308114], [-0.7720968742997594, 0.808827841325909, -1.7179163191415119], [-0.7379485632228284, 1.0746475077641762, 1.586821829531916], [3.5512548647343487, -1.0077175189313177, 1.6631463108274973], [3.577824633149785, -1.0607140805017914, -1.6212460275059153], [3.3992612523858785, 3.6956040087881528, 1.617964498400243], [6.129265458218933, 2.4407861298777576, 0.26005004281099287], [1.6371762485395016, 4.443368154139669, -2.725369839085891], [4.345440595006487, 3.1052284040814007, -4.036447602918115], [4.828251020429175, 7.48547832586881, -0.6971627293428226], [7.375727990534626, 10.565235416810744, -2.5877527815978936], [6.69110239704104, 11.226916079926845, -5.5990364227383616]], "name": "C5H12N2O", "identifiers": {"molecule_hash": "b27caaed75ba7c80512444f1783ad5ca782b30ff", "molecular_formula": "C5H12N2O"}, "molecular_charge": 0.0, "molecular_multiplicity": 1, "connectivity": [[0, 1, 1.0], [0, 8, 1.0], [0, 9, 1.0], [0, 10, 1.0], [1, 2, 1.0], [1, 11, 1.0], [1, 12, 1.0], [2, 3, 1.0], [2, 13, 1.0], [2, 14, 1.0], [3, 4, 1.0], [3, 15, 1.0], [3, 16, 1.0], [4, 5, 1.0], [4, 17, 1.0], [5, 6, 1.0], [5, 7, 2.0], [6, 18, 1.0], [6, 19, 1.0]], "fix_com": true, "fix_orientation": true, "provenance": {"creator": "QCElemental", "version": "v0.22.0", "routine": "qcelemental.molparse.from_schema"}, "id": "146314"}, "charge": 0, "optimize_geometry": false, "conformers": [], "conformer_generation_options": {"n_conformer_pool": 4000, "n_max_conformers": 0, "rms_tolerance": 0.05, "energy_window": 15, "keep_original_conformer": true}, "stage_1_unrestrained_charges": null, "stage_1_restrained_charges": null, "stage_2_unrestrained_charges": null, "stage_2_restrained_charges": null, "keep_original_orientation": false, "reorientations": [], "translations": [], "rotations": []}}, {"index": 2, "molecule": {"qcmol": {"schema_name": "qcschema_molecule", "schema_version": 2, "validated": true, "symbols": ["C", "C", "C", "C", "N", "C", "N", "O", "H", "H", "H", "H", "H", "H", "H", "H", "H", "H", "H", "H"], "geometry": [[0.0, 0.0, -0.0], [2.891636317455367, 1.0331963898564533e-15, -1.5116759134076629e-15], [4.1016944655046235, 2.6316959100293937, -4.440892098500626e-16], [3.642394798619496, 4.133580036586514, -2.418515743747121], [4.9842890464805425, 6.528489502757961, -2.3116092176492313], [5.231665054022793, 7.958023279638855, -4.446743103718315], [6.168641229301739, 10.349473973355371, -4.016787804187693], [4.676000823182288, 7.226813607703198, -6.51985688835328], [-0.7227675934029123, -1.9132666673114231, 0.15493801237308114], [-0.7720968742997594, 0.808827841325909, -1.7179163191415119], [-0.7379485632228284, 1.0746475077641762, 1.586821829531916], [3.5512548647343487, -1.0077175189313177, 1.6631463108274973], [3.577824633149785, -1.0607140805017914, -1.6212460275059153], [3.3992612523858785, 3.6956040087881528, 1.617964498400243], [6.129265458218933, 2.4407861298777576, 0.26005004281099287], [1.6371762485395016, 4.443368154139669, -2.725369839085891], [4.345440595006487, 3.1052284040814007, -4.036447602918115], [4.828251020429175, 7.48547832586881, -0.6971627293428226], [7.375727990534626, 10.565235416810744, -2.5877527815978936], [6.69110239704104, 11.226916079926845, -5.5990364227383616]], "name": "C5H12N2O", "identifiers": {"molecule_hash": "b27caaed75ba7c80512444f1783ad5ca782b30ff", "molecular_formula": "C5H12N2O"}, "molecular_charge": 0.0, "molecular_multiplicity": 1, "connectivity": [[0, 1, 1.0], [0, 8, 1.0], [0, 9, 1.0], [0, 10, 1.0], [1, 2, 1.0], [1, 11, 1.0], [1, 12, 1.0], [2, 3, 1.0], [2, 13, 1.0], [2, 14, 1.0], [3, 4, 1.0], [3, 15, 1.0], [3, 16, 1.0], [4, 5, 1.0], [4, 17, 1.0], [5, 6, 1.0], [5, 7, 2.0], [6, 18, 1.0], [6, 19, 1.0]], "fix_com": true, "fix_orientation": true, "provenance": {"creator": "QCElemental", "version": "v0.22.0", "routine": "qcelemental.molparse.from_schema"}, "id": "146314"}, "charge": 0, "optimize_geometry": false, "conformers": [], "conformer_generation_options": {"n_conformer_pool": 4000, "n_max_conformers": 0, "rms_tolerance": 0.05, "energy_window": 15, "keep_original_conformer": true}, "stage_1_unrestrained_charges": null, "stage_1_restrained_charges": null, "stage_2_unrestrained_charges": null, "stage_2_restrained_charges": null, "keep_original_orientation": false, "reorientations": [], "translations": [], "rotations": []}}, {"index": 3, "molecule": {"qcmol": {"schema_name": "qcschema_molecule", "schema_version": 2, "validated": true, "symbols": ["C", "C", "C", "C", "N", "C", "N", "O", "H", "H", "H", "H", "H", "H", "H", "H", "H", "H", "H", "H"], "geometry": [[0.0, 0.0, -0.0], [2.891636317455367, 1.0331963898564533e-15, -1.5116759134076629e-15], [4.1016944655046235, 2.6316959100293937, -4.440892098500626e-16], [3.642394798619496, 4.133580036586514, -2.418515743747121], [4.9842890464805425, 6.528489502757961, -2.3116092176492313], [5.231665054022793, 7.958023279638855, -4.446743103718315], [6.168641229301739, 10.349473973355371, -4.016787804187693], [4.676000823182288, 7.226813607703198, -6.51985688835328], [-0.7227675934029123, -1.9132666673114231, 0.15493801237308114], [-0.7720968742997594, 0.808827841325909, -1.7179163191415119], [-0.7379485632228284, 1.0746475077641762, 1.586821829531916], [3.5512548647343487, -1.0077175189313177, 1.6631463108274973], [3.577824633149785, -1.0607140805017914, -1.6212460275059153], [3.3992612523858785, 3.6956040087881528, 1.617964498400243], [6.129265458218933, 2.4407861298777576, 0.26005004281099287], [1.6371762485395016, 4.443368154139669, -2.725369839085891], [4.345440595006487, 3.1052284040814007, -4.036447602918115], [4.828251020429175, 7.48547832586881, -0.6971627293428226], [7.375727990534626, 10.565235416810744, -2.5877527815978936], [6.69110239704104, 11.226916079926845, -5.5990364227383616]], "name": "C5H12N2O", "identifiers": {"molecule_hash": "b27caaed75ba7c80512444f1783ad5ca782b30ff", "molecular_formula": "C5H12N2O"}, "molecular_charge": 0.0, "molecular_multiplicity": 1, "connectivity": [[0, 1, 1.0], [0, 8, 1.0], [0, 9, 1.0], [0, 10, 1.0], [1, 2, 1.0], [1, 11, 1.0], [1, 12, 1.0], [2, 3, 1.0], [2, 13, 1.0], [2, 14, 1.0], [3, 4, 1.0], [3, 15, 1.0], [3, 16, 1.0], [4, 5, 1.0], [4, 17, 1.0], [5, 6, 1.0], [5, 7, 2.0], [6, 18, 1.0], [6, 19, 1.0]], "fix_com": true, "fix_orientation": true, "provenance": {"creator": "QCElemental", "version": "v0.22.0", "routine": "qcelemental.molparse.from_schema"}, "id": "146314"}, "charge": 0, "optimize_geometry": false, "conformers": [], "conformer_generation_options": {"n_conformer_pool": 4000, "n_max_conformers": 0, "rms_tolerance": 0.05, "energy_window": 15, "keep_original_conformer": true}, "stage_1_unrestrained_charges": null, "stage_1_restrained_charges": null, "stage_2_unrestrained_charges": null, "stage_2_restrained_charges": null, "keep_original_orientation": false, "reorientations": [], "translations": [], "rotations": []}}]}, "surface_constraints": {"matrix": [[315263266819856.5, 305172490897319.5, 293807450561711.06, 281964191807315.5, 268438350217264.72, 256113070108887.25, 237848774611163.8, 257079483786892.9, 316015104352742.06, 316196308202525.7, 317404432885126.0, 303335614021135.25, 303308968418342.6, 292771317118311.25, 291997183821781.44, 282846256157334.2, 280266823914941.78, 265614898702653.22, 235539612798298.12, 227065696051362.1], [305172490897319.5, 312918356347283.94, 305295590733336.3, 293310954048360.94, 278547367707344.97, 264801519319536.78, 245157543097963.34, 265587720102986.22, 301491898653224.9, 301696402304117.5, 302629071499914.3, 316390750935665.5, 316253320456051.06, 304953573970617.94, 305304719190503.5, 293816417919501.6, 292622351743179.4, 275120788287218.84, 241821443468492.62, 234839071043513.3], [293807450561711.06, 305295590733336.3, 314129233807354.06, 305296636039260.0, 295767810628113.3, 283712517625286.9, 264222191429040.8, 284462306597504.9, 288431614446770.5, 287406847880921.8, 294006431876034.6, 304236109105085.7, 303800441388960.25, 318948778001594.25, 319103727338262.9, 303928417699647.4, 304007203403291.9, 293149693722280.0, 260235165923584.53, 253969002786278.97], [281964191807315.5, 293310954048360.94, 305296636039260.0, 312925355599836.3, 306355918517668.44, 294623468006316.9, 275976108397610.2, 294278500929633.7, 277971473542121.75, 276653554000284.25, 280270147464055.84, 289346904678816.3, 292789770402223.75, 305311312478720.94, 305362778915236.7, 316643223140030.4, 316659942648507.06, 305345829412937.4, 271131340093203.66, 265917513503873.38], [268438350217264.72, 278547367707344.97, 295767810628113.3, 306355918517668.44, 314343522648820.56, 306297413480049.3, 295904819940525.25, 300196793237386.1, 264864497693772.4, 263328717883194.0, 267340819938644.97, 272085450670195.0, 276436660438082.84, 296548268625503.94, 297717275707313.06, 305578938927672.94, 305585184984244.4, 318803934248131.25, 293938158957131.75, 286942848365377.3], [256113070108887.25, 264801519319536.78, 283712517625286.9, 294623468006316.9, 306297413480049.3, 311894741742734.1, 305122918878130.56, 312663257503015.06, 252152568248685.6, 251141044944853.12, 256461150088763.44, 258395677743728.78, 260603724379470.34, 284155809719176.06, 287581009391162.44, 292961908522895.75, 292720672165217.4, 304856623784523.56, 301766764319534.4, 300125521869529.94], [237848774611163.8, 245157543097963.34, 264222191429040.8, 275976108397610.2, 295904819940525.25, 305122918878130.56, 313044948321995.56, 298652824618683.1, 234256666409103.8, 233492213947561.53, 238524674694040.84, 238034546636634.34, 241160560808201.78, 264831134909766.34, 267674062247044.16, 271944396791739.47, 271670243564941.38, 299454869141352.94, 314032898044498.44, 311835039361044.94], [257079483786892.9, 265587720102986.22, 284462306597504.9, 294278500929633.7, 300196793237386.1, 312663257503015.06, 298652824618683.1, 327068914405142.1, 253087729790787.3, 251761643247236.8, 257862434009441.62, 260166635671001.4, 259994734442170.38, 284375706643161.4, 289691441486529.44, 294391670164682.44, 294051648500685.1, 291269747551607.1, 291824923987102.25, 295055205561351.06], [316015104352742.06, 301491898653224.9, 288431614446770.5, 277971473542121.75, 264864497693772.4, 252152568248685.6, 234256666409103.8, 253087729790787.3, 330160531864500.56, 312289670563313.8, 313251726509552.25, 298822986721022.56, 298650866647265.75, 285602752921691.2, 286262191664102.7, 279307413350361.1, 276587859466108.4, 262626807480874.56, 232813837203559.9, 223258158237514.6], [316196308202525.7, 301696402304117.5, 287406847880921.8, 276653554000284.25, 263328717883194.0, 251141044944853.12, 233492213947561.53, 251761643247236.8, 312289670563313.8, 330302515502598.2, 313496231664932.75, 297795721352015.3, 301147207877808.4, 283526578581226.2, 285666885583011.56, 277189193476243.8, 276063801278242.22, 260892358993444.16, 231674062517831.44, 222546016529763.62], [317404432885126.0, 302629071499914.3, 294006431876034.6, 280270147464055.84, 267340819938644.97, 256461150088763.44, 238524674694040.84, 257862434009441.62, 313251726509552.25, 313496231664932.75, 333460885060560.44, 299400385542240.25, 296252527394839.2, 297164193864395.06, 291338746325714.56, 281442438722289.06, 276484252170261.53, 264134195843137.5, 235684441059986.7, 227887585140068.25], [303335614021135.25, 316390750935665.5, 304236109105085.7, 289346904678816.3, 272085450670195.0, 258395677743728.78, 238034546636634.34, 260166635671001.4, 298822986721022.56, 297795721352015.3, 299400385542240.25, 332878435566251.2, 314674016426297.7, 304933904568583.56, 302004323863750.06, 291578777219884.9, 287116828625745.2, 267124287714828.44, 233688322958368.3, 228852392169844.7], [303308968418342.6, 316253320456051.06, 303800441388960.25, 292789770402223.75, 276436660438082.84, 260603724379470.34, 241160560808201.78, 259994734442170.38, 298650866647265.75, 301147207877808.4, 296252527394839.2, 314674016426297.7, 332864052573523.2, 298887434562697.9, 303683880574767.75, 292495572754370.44, 294883078853905.3, 273698124999336.8, 238740231141328.72, 230258257177880.7], [292771317118311.25, 304953573970617.94, 318948778001594.25, 305311312478720.94, 296548268625503.94, 284155809719176.06, 264831134909766.34, 284375706643161.4, 285602752921691.2, 283526578581226.2, 297164193864395.06, 304933904568583.56, 298887434562697.9, 336572708078039.9, 319191066274733.7, 301974479657888.7, 301444269851995.75, 294689748236879.1, 260460812963875.6, 254667357585803.44], [291997183821781.44, 305304719190503.5, 319103727338262.9, 305362778915236.7, 297717275707313.06, 287581009391162.44, 267674062247044.16, 289691441486529.44, 286262191664102.7, 285666885583011.56, 291338746325714.56, 302004323863750.06, 303683880574767.75, 319191066274733.7, 336800414302920.4, 300426880672004.06, 302227237939375.1, 293806730522093.6, 264015118373526.47, 257452042116190.12], [282846256157334.2, 293816417919501.6, 303928417699647.4, 316643223140030.4, 305578938927672.94, 292961908522895.75, 271944396791739.47, 294391670164682.44, 279307413350361.1, 277189193476243.8, 281442438722289.06, 291578777219884.9, 292495572754370.44, 301974479657888.7, 300426880672004.06, 332867969844018.2, 315727702648308.6, 303031499794997.9, 265231352427307.28, 262229602417244.4], [280266823914941.78, 292622351743179.4, 304007203403291.9, 316659942648507.06, 305585184984244.4, 292720672165217.4, 271670243564941.38, 294051648500685.1, 276587859466108.4, 276063801278242.22, 276484252170261.53, 287116828625745.2, 294883078853905.3, 301444269851995.75, 302227237939375.1, 315727702648308.6, 332834131162539.3, 303021594620664.8, 266206154630088.9, 260940291329356.06], [265614898702653.22, 275120788287218.84, 293149693722280.0, 305345829412937.4, 318803934248131.25, 304856623784523.56, 299454869141352.94, 291269747551607.1, 262626807480874.56, 260892358993444.16, 264134195843137.5, 267124287714828.44, 273698124999336.8, 294689748236879.1, 293806730522093.6, 303031499794997.9, 303021594620664.8, 334081808965126.0, 299358772550445.9, 288620652861808.75], [235539612798298.12, 241821443468492.62, 260235165923584.53, 271131340093203.66, 293938158957131.75, 301766764319534.4, 314032898044498.44, 291824923987102.25, 232813837203559.9, 231674062517831.44, 235684441059986.7, 233688322958368.3, 238740231141328.72, 260460812963875.6, 264015118373526.47, 265231352427307.28, 266206154630088.9, 299358772550445.9, 327050472002093.0, 307824819316099.7], [227065696051362.1, 234839071043513.3, 253969002786278.97, 265917513503873.38, 286942848365377.3, 300125521869529.94, 311835039361044.94, 295055205561351.06, 223258158237514.6, 222546016529763.62, 227887585140068.25, 228852392169844.7, 230258257177880.7, 254667357585803.44, 257452042116190.12, 262229602417244.4, 260940291329356.06, 288620652861808.75, 307824819316099.7, 322394516502806.94], [-321428044258.26276, 57826740526.07288, -1332938283320.8486, -1498192580538.318, 738111759777.0594, -6021010431117.705, -494330725365.175, -15610265343809.412, -68825892877.1911, 55649591931.597855, -1131732927384.4382, -324945896791.8189, 1850880781981.8225, -1081873746745.2457, -2778763952111.4604, -2525451329509.7407, -2031452372537.9758, 7359461326404.5625, 3947575454842.051, -244767836757.2241]]}}