{"resp_b": 0.1, "restrained_fit": true, "exclude_hydrogens": true, "convergence_tolerance": 1e-06, "max_iter": 500, "resp_a": 0.0005, "charge_constraints": {"charge_sum_constraints": [], "charge_equivalence_constraints": [], "molecules": [{"qcmol": {"schema_name": "qcschema_molecule", "schema_version": 2, "validated": true, "symbols": ["C", "C", "C", "C", "N", "C", "N", "O", "H", "H", "H", "H", "H", "H", "H", "H", "H", "H", "H", "H"], "geometry": [[0.0, 0.0, -0.0], [2.891636317455367, 1.0331963898564533e-15, -1.5116759134076629e-15], [4.1016944655046235, 2.6316959100293937, -4.440892098500626e-16], [3.642394798619496, 4.133580036586514, -2.418515743747121], [4.9842890464805425, 6.528489502757961, -2.3116092176492313], [5.231665054022793, 7.958023279638855, -4.446743103718315], [6.168641229301739, 10.349473973355371, -4.016787804187693], [4.676000823182288, 7.226813607703198, -6.51985688835328], [-0.7227675934029123, -1.9132666673114231, 0.15493801237308114], [-0.7720968742997594, 0.808827841325909, -1.7179163191415119], [-0.7379485632228284, 1.0746475077641762, 1.586821829531916], [3.5512548647343487, -1.0077175189313177, 1.6631463108274973], [3.577824633149785, -1.0607140805017914, -1.6212460275059153], [3.3992612523858785, 3.6956040087881528, 1.617964498400243], [6.129265458218933, 2.4407861298777576, 0.26005004281099287], [1.6371762485395016, 4.443368154139669, -2.725369839085891], [4.345440595006487, 3.1052284040814007, -4.036447602918115], [4.828251020429175, 7.48547832586881, -0.6971627293428226], [7.375727990534626, 10.565235416810744, -2.5877527815978936], [6.69110239704104, 11.226916079926845, -5.5990364227383616]], "name": "C5H12N2O", "identifiers": {"molecule_hash": "b27caaed75ba7c80512444f1783ad5ca782b30ff", "molecular_formula": "C5H12N2O"}, "molecular_charge": 0.0, "molecular_multiplicity": 1, "connectivity": [[0, 1, 1.0], [0, 8, 1.0], [0, 9, 1.0], [0, 10, 1.0], [1, 2, 1.0], [1, 11, 1.0], [1, 12, 1.0], [2, 3, 1.0], [2, 13, 1.0], [2, 14, 1.0], [3, 4, 1.0], [3, 15, 1.0], [3, 16, 1.0], [4, 5, 1.0], [4, 17, 1.0], [5, 6, 1.0], [5, 7, 2.0], [6, 18, 1.0], [6, 19, 1.0]], "fix_com": true, "fix_orientation": true, "provenance": {"creator": "QCElemental", "version": "v0.22.0", "routine": "qcelemental.molparse.from_schema"}, "id": "146314"}, "charge": 0, "optimize_geometry": false, "conformers": [], "conformer_generation_options": {"n_conformer_pool": 4000, "n_max_conformers": 0, "rms_tolerance": 0.05, "energy_window": 15, "keep_original_conformer": true}, "stage_1_unrestrained_charges": null, "stage_1_restrained_charges": null, "stage_2_unrestrained_charges": null, "stage_2_restrained_charges": null, "keep_original_orientation": false, "reorientations": [], "translations": [], "rotations": []}], "unconstrained_atoms": [{"index": 0, "molecule": {"qcmol": {"schema_name": "qcschema_molecule", "schema_version": 2, "validated": true, "symbols": ["C", "C", "C", "C", "N", "C", "N", "O", "H", "H", "H", "H", "H", "H", "H", "H", "H", "H", "H", "H"], "geometry": [[0.0, 0.0, -0.0], [2.891636317455367, 1.0331963898564533e-15, -1.5116759134076629e-15], [4.1016944655046235, 2.6316959100293937, -4.440892098500626e-16], [3.642394798619496, 4.133580036586514, -2.418515743747121], [4.9842890464805425, 6.528489502757961, -2.3116092176492313], [5.231665054022793, 7.958023279638855, -4.446743103718315], [6.168641229301739, 10.349473973355371, -4.016787804187693], [4.676000823182288, 7.226813607703198, -6.51985688835328], [-0.7227675934029123, -1.9132666673114231, 0.15493801237308114], [-0.7720968742997594, 0.808827841325909, -1.7179163191415119], [-0.7379485632228284, 1.0746475077641762, 1.586821829531916], [3.5512548647343487, -1.0077175189313177, 1.6631463108274973], [3.577824633149785, -1.0607140805017914, -1.6212460275059153], [3.3992612523858785, 3.6956040087881528, 1.617964498400243], [6.129265458218933, 2.4407861298777576, 0.26005004281099287], [1.6371762485395016, 4.443368154139669, -2.725369839085891], [4.345440595006487, 3.1052284040814007, -4.036447602918115], [4.828251020429175, 7.48547832586881, -0.6971627293428226], [7.375727990534626, 10.565235416810744, -2.5877527815978936], [6.69110239704104, 11.226916079926845, -5.5990364227383616]], "name": "C5H12N2O", "identifiers": {"molecule_hash": "b27caaed75ba7c80512444f1783ad5ca782b30ff", "molecular_formula": "C5H12N2O"}, "molecular_charge": 0.0, "molecular_multiplicity": 1, "connectivity": [[0, 1, 1.0], [0, 8, 1.0], [0, 9, 1.0], [0, 10, 1.0], [1, 2, 1.0], [1, 11, 1.0], [1, 12, 1.0], [2, 3, 1.0], [2, 13, 1.0], [2, 14, 1.0], [3, 4, 1.0], [3, 15, 1.0], [3, 16, 1.0], [4, 5, 1.0], [4, 17, 1.0], [5, 6, 1.0], [5, 7, 2.0], [6, 18, 1.0], [6, 19, 1.0]], "fix_com": true, "fix_orientation": true, "provenance": {"creator": "QCElemental", "version": "v0.22.0", "routine": "qcelemental.molparse.from_schema"}, "id": "146314"}, "charge": 0, "optimize_geometry": false, "conformers": [], "conformer_generation_options": {"n_conformer_pool": 4000, "n_max_conformers": 0, "rms_tolerance": 0.05, "energy_window": 15, "keep_original_conformer": true}, "stage_1_unrestrained_charges": null, "stage_1_restrained_charges": null, "stage_2_unrestrained_charges": null, "stage_2_restrained_charges": null, "keep_original_orientation": false, "reorientations": [], "translations": [], "rotations": []}}, {"index": 1, "molecule": {"qcmol": {"schema_name": "qcschema_molecule", "schema_version": 2, "validated": true, "symbols": ["C", "C", "C", "C", "N", "C", "N", "O", "H", "H", "H", "H", "H", "H", "H", "H", "H", "H", "H", "H"], "geometry": [[0.0, 0.0, -0.0], [2.891636317455367, 1.0331963898564533e-15, -1.5116759134076629e-15], [4.1016944655046235, 2.6316959100293937, -4.440892098500626e-16], [3.642394798619496, 4.133580036586514, -2.418515743747121], [4.9842890464805425, 6.528489502757961, -2.3116092176492313], [5.231665054022793, 7.958023279638855, -4.446743103718315], [6.168641229301739, 10.349473973355371, -4.016787804187693], [4.676000823182288, 7.226813607703198, -6.51985688835328], [-0.7227675934029123, -1.9132666673114231, 0.15493801237308114], [-0.7720968742997594, 0.808827841325909, -1.7179163191415119], [-0.7379485632228284, 1.0746475077641762, 1.586821829531916], [3.5512548647343487, -1.0077175189313177, 1.6631463108274973], [3.577824633149785, -1.0607140805017914, -1.6212460275059153], [3.3992612523858785, 3.6956040087881528, 1.617964498400243], [6.129265458218933, 2.4407861298777576, 0.26005004281099287], [1.6371762485395016, 4.443368154139669, -2.725369839085891], [4.345440595006487, 3.1052284040814007, -4.036447602918115], [4.828251020429175, 7.48547832586881, -0.6971627293428226], [7.375727990534626, 10.565235416810744, -2.5877527815978936], [6.69110239704104, 11.226916079926845, -5.5990364227383616]], "name": "C5H12N2O", "identifiers": {"molecule_hash": "b27caaed75ba7c80512444f1783ad5ca782b30ff", "molecular_formula": "C5H12N2O"}, "molecular_charge": 0.0, "molecular_multiplicity": 1, "connectivity": [[0, 1, 1.0], [0, 8, 1.0], [0, 9, 1.0], [0, 10, 1.0], [1, 2, 1.0], [1, 11, 1.0], [1, 12, 1.0], [2, 3, 1.0], [2, 13, 1.0], [2, 14, 1.0], [3, 4, 1.0], [3, 15, 1.0], [3, 16, 1.0], [4, 5, 1.0], [4, 17, 1.0], [5, 6, 1.0], [5, 7, 2.0], [6, 18, 1.0], [6, 19, 1.0]], "fix_com": true, "fix_orientation": true, "provenance": {"creator": "QCElemental", "version": "v0.22.0", "routine": "qcelemental.molparse.from_schema"}, "id": "146314"}, "charge": 0, "optimize_geometry": false, "conformers": [], "conformer_generation_options": {"n_conformer_pool": 4000, "n_max_conformers": 0, "rms_tolerance": 0.05, "energy_window": 15, "keep_original_conformer": true}, "stage_1_unrestrained_charges": null, "stage_1_restrained_charges": null, "stage_2_unrestrained_charges": null, "stage_2_restrained_charges": null, "keep_original_orientation": false, "reorientations": [], "translations": [], "rotations": []}}, {"index": 2, "molecule": {"qcmol": {"schema_name": "qcschema_molecule", "schema_version": 2, "validated": true, "symbols": ["C", "C", "C", "C", "N", "C", "N", "O", "H", "H", "H", "H", "H", "H", "H", "H", "H", "H", "H", "H"], "geometry": [[0.0, 0.0, -0.0], [2.891636317455367, 1.0331963898564533e-15, -1.5116759134076629e-15], [4.1016944655046235, 2.6316959100293937, -4.440892098500626e-16], [3.642394798619496, 4.133580036586514, -2.418515743747121], [4.9842890464805425, 6.528489502757961, -2.3116092176492313], [5.231665054022793, 7.958023279638855, -4.446743103718315], [6.168641229301739, 10.349473973355371, -4.016787804187693], [4.676000823182288, 7.226813607703198, -6.51985688835328], [-0.7227675934029123, -1.9132666673114231, 0.15493801237308114], [-0.7720968742997594, 0.808827841325909, -1.7179163191415119], [-0.7379485632228284, 1.0746475077641762, 1.586821829531916], [3.5512548647343487, -1.0077175189313177, 1.6631463108274973], [3.577824633149785, -1.0607140805017914, -1.6212460275059153], [3.3992612523858785, 3.6956040087881528, 1.617964498400243], [6.129265458218933, 2.4407861298777576, 0.26005004281099287], [1.6371762485395016, 4.443368154139669, -2.725369839085891], [4.345440595006487, 3.1052284040814007, -4.036447602918115], [4.828251020429175, 7.48547832586881, -0.6971627293428226], [7.375727990534626, 10.565235416810744, -2.5877527815978936], [6.69110239704104, 11.226916079926845, -5.5990364227383616]], "name": "C5H12N2O", "identifiers": {"molecule_hash": "b27caaed75ba7c80512444f1783ad5ca782b30ff", "molecular_formula": "C5H12N2O"}, "molecular_charge": 0.0, "molecular_multiplicity": 1, "connectivity": [[0, 1, 1.0], [0, 8, 1.0], [0, 9, 1.0], [0, 10, 1.0], [1, 2, 1.0], [1, 11, 1.0], [1, 12, 1.0], [2, 3, 1.0], [2, 13, 1.0], [2, 14, 1.0], [3, 4, 1.0], [3, 15, 1.0], [3, 16, 1.0], [4, 5, 1.0], [4, 17, 1.0], [5, 6, 1.0], [5, 7, 2.0], [6, 18, 1.0], [6, 19, 1.0]], "fix_com": true, "fix_orientation": true, "provenance": {"creator": "QCElemental", "version": "v0.22.0", "routine": "qcelemental.molparse.from_schema"}, "id": "146314"}, "charge": 0, "optimize_geometry": false, "conformers": [], "conformer_generation_options": {"n_conformer_pool": 4000, "n_max_conformers": 0, "rms_tolerance": 0.05, "energy_window": 15, "keep_original_conformer": true}, "stage_1_unrestrained_charges": null, "stage_1_restrained_charges": null, "stage_2_unrestrained_charges": null, "stage_2_restrained_charges": null, "keep_original_orientation": false, "reorientations": [], "translations": [], "rotations": []}}, {"index": 3, "molecule": {"qcmol": {"schema_name": "qcschema_molecule", "schema_version": 2, "validated": true, "symbols": ["C", "C", "C", "C", "N", "C", "N", "O", "H", "H", "H", "H", "H", "H", "H", "H", "H", "H", "H", "H"], "geometry": [[0.0, 0.0, -0.0], [2.891636317455367, 1.0331963898564533e-15, -1.5116759134076629e-15], [4.1016944655046235, 2.6316959100293937, -4.440892098500626e-16], [3.642394798619496, 4.133580036586514, -2.418515743747121], [4.9842890464805425, 6.528489502757961, -2.3116092176492313], [5.231665054022793, 7.958023279638855, -4.446743103718315], [6.168641229301739, 10.349473973355371, -4.016787804187693], [4.676000823182288, 7.226813607703198, -6.51985688835328], [-0.7227675934029123, -1.9132666673114231, 0.15493801237308114], [-0.7720968742997594, 0.808827841325909, -1.7179163191415119], [-0.7379485632228284, 1.0746475077641762, 1.586821829531916], [3.5512548647343487, -1.0077175189313177, 1.6631463108274973], [3.577824633149785, -1.0607140805017914, -1.6212460275059153], [3.3992612523858785, 3.6956040087881528, 1.617964498400243], [6.129265458218933, 2.4407861298777576, 0.26005004281099287], [1.6371762485395016, 4.443368154139669, -2.725369839085891], [4.345440595006487, 3.1052284040814007, -4.036447602918115], [4.828251020429175, 7.48547832586881, -0.6971627293428226], [7.375727990534626, 10.565235416810744, -2.5877527815978936], [6.69110239704104, 11.226916079926845, -5.5990364227383616]], "name": "C5H12N2O", "identifiers": {"molecule_hash": "b27caaed75ba7c80512444f1783ad5ca782b30ff", "molecular_formula": "C5H12N2O"}, "molecular_charge": 0.0, "molecular_multiplicity": 1, "connectivity": [[0, 1, 1.0], [0, 8, 1.0], [0, 9, 1.0], [0, 10, 1.0], [1, 2, 1.0], [1, 11, 1.0], [1, 12, 1.0], [2, 3, 1.0], [2, 13, 1.0], [2, 14, 1.0], [3, 4, 1.0], [3, 15, 1.0], [3, 16, 1.0], [4, 5, 1.0], [4, 17, 1.0], [5, 6, 1.0], [5, 7, 2.0], [6, 18, 1.0], [6, 19, 1.0]], "fix_com": true, "fix_orientation": true, "provenance": {"creator": "QCElemental", "version": "v0.22.0", "routine": "qcelemental.molparse.from_schema"}, "id": "146314"}, "charge": 0, "optimize_geometry": false, "conformers": [], "conformer_generation_options": {"n_conformer_pool": 4000, "n_max_conformers": 0, "rms_tolerance": 0.05, "energy_window": 15, "keep_original_conformer": true}, "stage_1_unrestrained_charges": null, "stage_1_restrained_charges": null, "stage_2_unrestrained_charges": null, "stage_2_restrained_charges": null, "keep_original_orientation": false, "reorientations": [], "translations": [], "rotations": []}}]}, "surface_constraints": {"matrix": [[1919.922333766594, 1858.4705386694725, 1789.2585498421222, 1717.1340658533754, 1634.7630524663514, 1559.7033152108982, 1448.475626976835, 1565.5886265207844, 1924.5009077413201, 1925.6045100394995, 1932.9617740581507, 1847.284119378329, 1847.1219159770822, 1782.9489668056692, 1778.2339911416013, 1722.5056981999317, 1706.7971290334701, 1617.5686922884925, 1434.4128886488566, 1382.80775130413], [1858.4705386694725, 1905.6421288432466, 1859.2202144472205, 1786.2349153571986, 1696.3261160276568, 1612.615300962426, 1492.985434124211, 1617.4032141378286, 1836.0560573495081, 1837.3015478315765, 1842.9813090821704, 1926.7886578954542, 1925.951771951685, 1857.1373787724442, 1859.2758032560096, 1789.313197598491, 1782.04129703913, 1675.4586437659384, 1472.6687481865538, 1430.1470193545833], [1789.2585498421222, 1859.2202144472205, 1913.0162117719055, 1859.2265103753366, 1801.196846916067, 1727.7813735832394, 1609.0872078780367, 1732.3475757443666, 1756.520114084884, 1750.2795352745138, 1790.4703817838304, 1852.7680738391505, 1850.1149206226628, 1942.3668013625138, 1943.3103680323773, 1850.8942097273525, 1851.3739695848892, 1785.252808455264, 1584.8063866949772, 1546.6464041087231], [1717.1340658533754, 1786.2349153571986, 1859.2265103753366, 1905.6846165239574, 1865.677349309145, 1794.2278588715715, 1680.667286931127, 1792.1270441848083, 1692.8186542268206, 1684.7926646840026, 1706.8176469225482, 1762.094100778637, 1783.0612681888845, 1859.3159243836694, 1859.6292914015742, 1928.3261136886747, 1928.4278268486457, 1859.5260334322745, 1651.1629452668942, 1619.411579928829], [1634.7630524663514, 1696.3261160276568, 1801.196846916067, 1865.677349309145, 1914.3210389091596, 1865.321007045769, 1802.0311489321211, 1828.168832603182, 1612.9985285970388, 1603.6457686263086, 1628.0793271798761, 1656.9735706691922, 1683.4723852717038, 1805.9498100324229, 1813.0688193453414, 1860.9456845151612, 1860.9835954598007, 1941.4845358015746, 1790.054132363197, 1747.4538360987044], [1559.7033152108982, 1612.615300962426, 1727.7813735832394, 1794.2278588715715, 1865.321007045769, 1899.4081605583049, 1858.1684382179594, 1904.0883471271243, 1535.5841723941594, 1529.4241516823174, 1561.8230376615302, 1573.6041625151634, 1587.0515164489573, 1730.480979580676, 1751.3401674307127, 1784.1087083435802, 1782.6403581327775, 1856.5467735871296, 1837.7297513006927, 1827.7347867335684], [1448.475626976835, 1492.985434124211, 1609.0872078780367, 1680.667286931127, 1802.0311489321211, 1858.1684382179594, 1906.4128207898218, 1818.766202105887, 1426.5999738982073, 1421.9445536923517, 1452.5918039378193, 1449.6069436415064, 1468.6444884020136, 1612.7956540552518, 1630.108760986811, 1656.1142886455345, 1654.4451922781413, 1823.6506347053032, 1912.4292773356888, 1899.044613905242], [1565.5886265207844, 1617.4032141378286, 1732.3475757443666, 1792.1270441848083, 1828.168832603182, 1904.0883471271243, 1818.766202105887, 1991.8173813604308, 1541.2791955020045, 1533.2035856755551, 1570.3564685102647, 1584.3890399960994, 1583.343008799298, 1731.8201133339155, 1764.192697352634, 1792.815373863273, 1790.7462649888187, 1773.804036939951, 1777.1851116578407, 1796.8568749323583], [1924.5009077413201, 1836.0560573495081, 1756.520114084884, 1692.8186542268206, 1612.9985285970388, 1535.5841723941594, 1426.5999738982073, 1541.2791955020045, 2010.6451316518182, 1901.813418315156, 1907.6721609726278, 1819.8026356280266, 1818.7545695382264, 1739.2930411697146, 1743.3082520212918, 1700.9543456271526, 1684.3924008500574, 1599.3713830643212, 1417.8131661462428, 1359.6201461164098], [1925.6045100394995, 1837.3015478315765, 1750.2795352745138, 1684.7926646840026, 1603.6457686263086, 1529.4241516823174, 1421.9445536923517, 1533.2035856755551, 1901.813418315156, 2011.5099751100806, 1909.161259605922, 1813.546686776521, 1833.957147085841, 1726.6494053195984, 1739.6832875546877, 1688.0545696081952, 1681.200899276081, 1588.8087068081245, 1410.8720171321227, 1355.2832717967422], [1932.9617740581507, 1842.9813090821704, 1790.4703817838304, 1706.8176469225482, 1628.0793271798761, 1561.8230376615302, 1452.5918039378193, 1570.3564685102647, 1907.6721609726278, 1909.161259605922, 2030.7439458120537, 1823.3189739449053, 1804.1486689258436, 1809.701433021754, 1774.2240025083108, 1713.9566851882344, 1683.7619098791267, 1608.5516398432417, 1435.294842425728, 1387.8129868217602], [1847.284119378329, 1926.7886578954542, 1852.7680738391505, 1762.094100778637, 1656.9735706691922, 1573.6041625151634, 1449.6069436415064, 1584.3890399960994, 1819.8026356280266, 1813.546686776521, 1823.3189739449053, 2027.197016636953, 1916.3339514611653, 1857.0175687435835, 1839.1768669226149, 1775.6860451197892, 1748.5129293874393, 1626.7607108049035, 1423.1387266737233, 1393.6885981896944], [1847.1219159770822, 1925.951771951685, 1850.1149206226628, 1783.0612681888845, 1683.4723852717038, 1587.0515164489573, 1468.6444884020136, 1583.343008799298, 1818.7545695382264, 1833.957147085841, 1804.1486689258436, 1916.3339514611653, 2027.1095569387514, 1820.1948975824082, 1849.4051243933493, 1781.269802850675, 1795.8093312090166, 1666.794871079643, 1453.9047698773882, 1402.2506071465234], [1782.9489668056692, 1857.1373787724442, 1942.3668013625138, 1859.3159243836694, 1805.9498100324229, 1730.480979580676, 1612.7956540552518, 1731.8201133339155, 1739.2930411697146, 1726.6494053195984, 1809.701433021754, 1857.0175687435835, 1820.1948975824082, 2049.6948679156703, 1943.8422916371949, 1838.994948115963, 1835.7659726273098, 1794.6317606692771, 1586.1805726799523, 1550.8993261887176], [1778.2339911416013, 1859.2758032560096, 1943.3103680323773, 1859.6292914015742, 1813.0688193453414, 1751.3401674307127, 1630.108760986811, 1764.192697352634, 1743.3082520212918, 1739.6832875546877, 1774.2240025083108, 1839.1768669226149, 1849.4051243933493, 1943.8422916371949, 2051.081418373622, 1829.5701013094454, 1840.5342562615494, 1789.2538782516408, 1607.8258712165782, 1567.8578018194814], [1722.5056981999317, 1789.313197598491, 1850.8942097273525, 1928.3261136886747, 1860.9456845151612, 1784.1087083435802, 1656.1142886455345, 1792.815373863273, 1700.9543456271526, 1688.0545696081952, 1713.9566851882344, 1775.6860451197892, 1781.269802850675, 1838.994948115963, 1829.5701013094454, 2027.1332697030825, 1922.7506243065347, 1845.432421963661, 1615.2323392090814, 1596.952336495694], [1706.7971290334701, 1782.04129703913, 1851.3739695848892, 1928.4278268486457, 1860.9835954598007, 1782.6403581327775, 1654.4451922781413, 1790.7462649888187, 1684.3924008500574, 1681.200899276081, 1683.7619098791267, 1748.5129293874393, 1795.8093312090166, 1835.7659726273098, 1840.5342562615494, 1922.7506243065347, 2026.9269882947292, 1845.3712321860583, 1621.1693288141516, 1589.100926252509], [1617.5686922884925, 1675.4586437659384, 1785.252808455264, 1859.5260334322745, 1941.4845358015746, 1856.5467735871296, 1823.6506347053032, 1773.804036939951, 1599.3713830643212, 1588.8087068081245, 1608.5516398432417, 1626.7607108049035, 1666.794871079643, 1794.6317606692771, 1789.2538782516408, 1845.432421963661, 1845.3712321860583, 2034.5253180577413, 1823.065025154767, 1757.6716817896431], [1434.4128886488566, 1472.6687481865538, 1584.8063866949772, 1651.1629452668942, 1790.054132363197, 1837.7297513006927, 1912.4292773356888, 1777.1851116578407, 1417.8131661462428, 1410.8720171321227, 1435.294842425728, 1423.1387266737233, 1453.9047698773882, 1586.1805726799523, 1607.8258712165782, 1615.2323392090814, 1621.1693288141516, 1823.065025154767, 1991.7049530980514, 1874.6227100574858], [1382.80775130413, 1430.1470193545833, 1546.6464041087231, 1619.411579928829, 1747.4538360987044, 1827.7347867335684, 1899.044613905242, 1796.8568749323583, 1359.6201461164098, 1355.2832717967422, 1387.8129868217602, 1393.6885981896944, 1402.2506071465234, 1550.8993261887176, 1567.8578018194814, 1596.952336495694, 1589.100926252509, 1757.6716817896431, 1874.6227100574858, 1963.3508065225535], [-1.957404718532878, 0.3521583981680212, -8.117492098326384, -9.123822606099267, 4.495026633347216, -36.66732881921718, -3.010427458438889, -95.06489596791782, -0.4191038101229821, 0.3388780291401001, -6.891934542846853, -1.978803939905836, 11.271562285184244, -6.5884845283078795, -16.92253791117678, -15.379329098826618, -12.371661799620052, 44.81835977040075, 24.04019522980204, -1.4904906943999097]]}}