{"resp_b": 0.1, "restrained_fit": true, "exclude_hydrogens": true, "convergence_tolerance": 1e-06, "max_iter": 500, "resp_a": 0.0005, "charge_constraints": {"charge_sum_constraints": [], "charge_equivalence_constraints": [], "molecules": [{"qcmol": {"schema_name": "qcschema_molecule", "schema_version": 2, "validated": true, "symbols": ["C", "C", "C", "C", "N", "C", "N", "O", "H", "H", "H", "H", "H", "H", "H", "H", "H", "H", "H", "H"], "geometry": [[0.0, 0.0, -0.0], [2.891636317455367, 1.0331963898564533e-15, -1.5116759134076629e-15], [4.1016944655046235, 2.6316959100293937, -4.440892098500626e-16], [3.642394798619496, 4.133580036586514, -2.418515743747121], [4.9842890464805425, 6.528489502757961, -2.3116092176492313], [5.231665054022793, 7.958023279638855, -4.446743103718315], [6.168641229301739, 10.349473973355371, -4.016787804187693], [4.676000823182288, 7.226813607703198, -6.51985688835328], [-0.7227675934029123, -1.9132666673114231, 0.15493801237308114], [-0.7720968742997594, 0.808827841325909, -1.7179163191415119], [-0.7379485632228284, 1.0746475077641762, 1.586821829531916], [3.5512548647343487, -1.0077175189313177, 1.6631463108274973], [3.577824633149785, -1.0607140805017914, -1.6212460275059153], [3.3992612523858785, 3.6956040087881528, 1.617964498400243], [6.129265458218933, 2.4407861298777576, 0.26005004281099287], [1.6371762485395016, 4.443368154139669, -2.725369839085891], [4.345440595006487, 3.1052284040814007, -4.036447602918115], [4.828251020429175, 7.48547832586881, -0.6971627293428226], [7.375727990534626, 10.565235416810744, -2.5877527815978936], [6.69110239704104, 11.226916079926845, -5.5990364227383616]], "name": "C5H12N2O", "identifiers": {"molecule_hash": "b27caaed75ba7c80512444f1783ad5ca782b30ff", "molecular_formula": "C5H12N2O"}, "molecular_charge": 0.0, "molecular_multiplicity": 1, "connectivity": [[0, 1, 1.0], [0, 8, 1.0], [0, 9, 1.0], [0, 10, 1.0], [1, 2, 1.0], [1, 11, 1.0], [1, 12, 1.0], [2, 3, 1.0], [2, 13, 1.0], [2, 14, 1.0], [3, 4, 1.0], [3, 15, 1.0], [3, 16, 1.0], [4, 5, 1.0], [4, 17, 1.0], [5, 6, 1.0], [5, 7, 2.0], [6, 18, 1.0], [6, 19, 1.0]], "fix_com": true, "fix_orientation": true, "provenance": {"creator": "QCElemental", "version": "v0.22.0", "routine": "qcelemental.molparse.from_schema"}, "id": "146314"}, "charge": 0, "optimize_geometry": false, "conformers": [], "conformer_generation_options": {"n_conformer_pool": 4000, "n_max_conformers": 0, "rms_tolerance": 0.05, "energy_window": 15, "keep_original_conformer": true}, "stage_1_unrestrained_charges": null, "stage_1_restrained_charges": null, "stage_2_unrestrained_charges": null, "stage_2_restrained_charges": null, "keep_original_orientation": false, "reorientations": [], "translations": [], "rotations": []}], "unconstrained_atoms": [{"index": 0, "molecule": {"qcmol": {"schema_name": "qcschema_molecule", "schema_version": 2, "validated": true, "symbols": ["C", "C", "C", "C", "N", "C", "N", "O", "H", "H", "H", "H", "H", "H", "H", "H", "H", "H", "H", "H"], "geometry": [[0.0, 0.0, -0.0], [2.891636317455367, 1.0331963898564533e-15, -1.5116759134076629e-15], [4.1016944655046235, 2.6316959100293937, -4.440892098500626e-16], [3.642394798619496, 4.133580036586514, -2.418515743747121], [4.9842890464805425, 6.528489502757961, -2.3116092176492313], [5.231665054022793, 7.958023279638855, -4.446743103718315], [6.168641229301739, 10.349473973355371, -4.016787804187693], [4.676000823182288, 7.226813607703198, -6.51985688835328], [-0.7227675934029123, -1.9132666673114231, 0.15493801237308114], [-0.7720968742997594, 0.808827841325909, -1.7179163191415119], [-0.7379485632228284, 1.0746475077641762, 1.586821829531916], [3.5512548647343487, -1.0077175189313177, 1.6631463108274973], [3.577824633149785, -1.0607140805017914, -1.6212460275059153], [3.3992612523858785, 3.6956040087881528, 1.617964498400243], [6.129265458218933, 2.4407861298777576, 0.26005004281099287], [1.6371762485395016, 4.443368154139669, -2.725369839085891], [4.345440595006487, 3.1052284040814007, -4.036447602918115], [4.828251020429175, 7.48547832586881, -0.6971627293428226], [7.375727990534626, 10.565235416810744, -2.5877527815978936], [6.69110239704104, 11.226916079926845, -5.5990364227383616]], "name": "C5H12N2O", "identifiers": {"molecule_hash": "b27caaed75ba7c80512444f1783ad5ca782b30ff", "molecular_formula": "C5H12N2O"}, "molecular_charge": 0.0, "molecular_multiplicity": 1, "connectivity": [[0, 1, 1.0], [0, 8, 1.0], [0, 9, 1.0], [0, 10, 1.0], [1, 2, 1.0], [1, 11, 1.0], [1, 12, 1.0], [2, 3, 1.0], [2, 13, 1.0], [2, 14, 1.0], [3, 4, 1.0], [3, 15, 1.0], [3, 16, 1.0], [4, 5, 1.0], [4, 17, 1.0], [5, 6, 1.0], [5, 7, 2.0], [6, 18, 1.0], [6, 19, 1.0]], "fix_com": true, "fix_orientation": true, "provenance": {"creator": "QCElemental", "version": "v0.22.0", "routine": "qcelemental.molparse.from_schema"}, "id": "146314"}, "charge": 0, "optimize_geometry": false, "conformers": [], "conformer_generation_options": {"n_conformer_pool": 4000, "n_max_conformers": 0, "rms_tolerance": 0.05, "energy_window": 15, "keep_original_conformer": true}, "stage_1_unrestrained_charges": null, "stage_1_restrained_charges": null, "stage_2_unrestrained_charges": null, "stage_2_restrained_charges": null, "keep_original_orientation": false, "reorientations": [], "translations": [], "rotations": []}}, {"index": 1, "molecule": {"qcmol": {"schema_name": "qcschema_molecule", "schema_version": 2, "validated": true, "symbols": ["C", "C", "C", "C", "N", "C", "N", "O", "H", "H", "H", "H", "H", "H", "H", "H", "H", "H", "H", "H"], "geometry": [[0.0, 0.0, -0.0], [2.891636317455367, 1.0331963898564533e-15, -1.5116759134076629e-15], [4.1016944655046235, 2.6316959100293937, -4.440892098500626e-16], [3.642394798619496, 4.133580036586514, -2.418515743747121], [4.9842890464805425, 6.528489502757961, -2.3116092176492313], [5.231665054022793, 7.958023279638855, -4.446743103718315], [6.168641229301739, 10.349473973355371, -4.016787804187693], [4.676000823182288, 7.226813607703198, -6.51985688835328], [-0.7227675934029123, -1.9132666673114231, 0.15493801237308114], [-0.7720968742997594, 0.808827841325909, -1.7179163191415119], [-0.7379485632228284, 1.0746475077641762, 1.586821829531916], [3.5512548647343487, -1.0077175189313177, 1.6631463108274973], [3.577824633149785, -1.0607140805017914, -1.6212460275059153], [3.3992612523858785, 3.6956040087881528, 1.617964498400243], [6.129265458218933, 2.4407861298777576, 0.26005004281099287], [1.6371762485395016, 4.443368154139669, -2.725369839085891], [4.345440595006487, 3.1052284040814007, -4.036447602918115], [4.828251020429175, 7.48547832586881, -0.6971627293428226], [7.375727990534626, 10.565235416810744, -2.5877527815978936], [6.69110239704104, 11.226916079926845, -5.5990364227383616]], "name": "C5H12N2O", "identifiers": {"molecule_hash": "b27caaed75ba7c80512444f1783ad5ca782b30ff", "molecular_formula": "C5H12N2O"}, "molecular_charge": 0.0, "molecular_multiplicity": 1, "connectivity": [[0, 1, 1.0], [0, 8, 1.0], [0, 9, 1.0], [0, 10, 1.0], [1, 2, 1.0], [1, 11, 1.0], [1, 12, 1.0], [2, 3, 1.0], [2, 13, 1.0], [2, 14, 1.0], [3, 4, 1.0], [3, 15, 1.0], [3, 16, 1.0], [4, 5, 1.0], [4, 17, 1.0], [5, 6, 1.0], [5, 7, 2.0], [6, 18, 1.0], [6, 19, 1.0]], "fix_com": true, "fix_orientation": true, "provenance": {"creator": "QCElemental", "version": "v0.22.0", "routine": "qcelemental.molparse.from_schema"}, "id": "146314"}, "charge": 0, "optimize_geometry": false, "conformers": [], "conformer_generation_options": {"n_conformer_pool": 4000, "n_max_conformers": 0, "rms_tolerance": 0.05, "energy_window": 15, "keep_original_conformer": true}, "stage_1_unrestrained_charges": null, "stage_1_restrained_charges": null, "stage_2_unrestrained_charges": null, "stage_2_restrained_charges": null, "keep_original_orientation": false, "reorientations": [], "translations": [], "rotations": []}}, {"index": 2, "molecule": {"qcmol": {"schema_name": "qcschema_molecule", "schema_version": 2, "validated": true, "symbols": ["C", "C", "C", "C", "N", "C", "N", "O", "H", "H", "H", "H", "H", "H", "H", "H", "H", "H", "H", "H"], "geometry": [[0.0, 0.0, -0.0], [2.891636317455367, 1.0331963898564533e-15, -1.5116759134076629e-15], [4.1016944655046235, 2.6316959100293937, -4.440892098500626e-16], [3.642394798619496, 4.133580036586514, -2.418515743747121], [4.9842890464805425, 6.528489502757961, -2.3116092176492313], [5.231665054022793, 7.958023279638855, -4.446743103718315], [6.168641229301739, 10.349473973355371, -4.016787804187693], [4.676000823182288, 7.226813607703198, -6.51985688835328], [-0.7227675934029123, -1.9132666673114231, 0.15493801237308114], [-0.7720968742997594, 0.808827841325909, -1.7179163191415119], [-0.7379485632228284, 1.0746475077641762, 1.586821829531916], [3.5512548647343487, -1.0077175189313177, 1.6631463108274973], [3.577824633149785, -1.0607140805017914, -1.6212460275059153], [3.3992612523858785, 3.6956040087881528, 1.617964498400243], [6.129265458218933, 2.4407861298777576, 0.26005004281099287], [1.6371762485395016, 4.443368154139669, -2.725369839085891], [4.345440595006487, 3.1052284040814007, -4.036447602918115], [4.828251020429175, 7.48547832586881, -0.6971627293428226], [7.375727990534626, 10.565235416810744, -2.5877527815978936], [6.69110239704104, 11.226916079926845, -5.5990364227383616]], "name": "C5H12N2O", "identifiers": {"molecule_hash": "b27caaed75ba7c80512444f1783ad5ca782b30ff", "molecular_formula": "C5H12N2O"}, "molecular_charge": 0.0, "molecular_multiplicity": 1, "connectivity": [[0, 1, 1.0], [0, 8, 1.0], [0, 9, 1.0], [0, 10, 1.0], [1, 2, 1.0], [1, 11, 1.0], [1, 12, 1.0], [2, 3, 1.0], [2, 13, 1.0], [2, 14, 1.0], [3, 4, 1.0], [3, 15, 1.0], [3, 16, 1.0], [4, 5, 1.0], [4, 17, 1.0], [5, 6, 1.0], [5, 7, 2.0], [6, 18, 1.0], [6, 19, 1.0]], "fix_com": true, "fix_orientation": true, "provenance": {"creator": "QCElemental", "version": "v0.22.0", "routine": "qcelemental.molparse.from_schema"}, "id": "146314"}, "charge": 0, "optimize_geometry": false, "conformers": [], "conformer_generation_options": {"n_conformer_pool": 4000, "n_max_conformers": 0, "rms_tolerance": 0.05, "energy_window": 15, "keep_original_conformer": true}, "stage_1_unrestrained_charges": null, "stage_1_restrained_charges": null, "stage_2_unrestrained_charges": null, "stage_2_restrained_charges": null, "keep_original_orientation": false, "reorientations": [], "translations": [], "rotations": []}}, {"index": 3, "molecule": {"qcmol": {"schema_name": "qcschema_molecule", "schema_version": 2, "validated": true, "symbols": ["C", "C", "C", "C", "N", "C", "N", "O", "H", "H", "H", "H", "H", "H", "H", "H", "H", "H", "H", "H"], "geometry": [[0.0, 0.0, -0.0], [2.891636317455367, 1.0331963898564533e-15, -1.5116759134076629e-15], [4.1016944655046235, 2.6316959100293937, -4.440892098500626e-16], [3.642394798619496, 4.133580036586514, -2.418515743747121], [4.9842890464805425, 6.528489502757961, -2.3116092176492313], [5.231665054022793, 7.958023279638855, -4.446743103718315], [6.168641229301739, 10.349473973355371, -4.016787804187693], [4.676000823182288, 7.226813607703198, -6.51985688835328], [-0.7227675934029123, -1.9132666673114231, 0.15493801237308114], [-0.7720968742997594, 0.808827841325909, -1.7179163191415119], [-0.7379485632228284, 1.0746475077641762, 1.586821829531916], [3.5512548647343487, -1.0077175189313177, 1.6631463108274973], [3.577824633149785, -1.0607140805017914, -1.6212460275059153], [3.3992612523858785, 3.6956040087881528, 1.617964498400243], [6.129265458218933, 2.4407861298777576, 0.26005004281099287], [1.6371762485395016, 4.443368154139669, -2.725369839085891], [4.345440595006487, 3.1052284040814007, -4.036447602918115], [4.828251020429175, 7.48547832586881, -0.6971627293428226], [7.375727990534626, 10.565235416810744, -2.5877527815978936], [6.69110239704104, 11.226916079926845, -5.5990364227383616]], "name": "C5H12N2O", "identifiers": {"molecule_hash": "b27caaed75ba7c80512444f1783ad5ca782b30ff", "molecular_formula": "C5H12N2O"}, "molecular_charge": 0.0, "molecular_multiplicity": 1, "connectivity": [[0, 1, 1.0], [0, 8, 1.0], [0, 9, 1.0], [0, 10, 1.0], [1, 2, 1.0], [1, 11, 1.0], [1, 12, 1.0], [2, 3, 1.0], [2, 13, 1.0], [2, 14, 1.0], [3, 4, 1.0], [3, 15, 1.0], [3, 16, 1.0], [4, 5, 1.0], [4, 17, 1.0], [5, 6, 1.0], [5, 7, 2.0], [6, 18, 1.0], [6, 19, 1.0]], "fix_com": true, "fix_orientation": true, "provenance": {"creator": "QCElemental", "version": "v0.22.0", "routine": "qcelemental.molparse.from_schema"}, "id": "146314"}, "charge": 0, "optimize_geometry": false, "conformers": [], "conformer_generation_options": {"n_conformer_pool": 4000, "n_max_conformers": 0, "rms_tolerance": 0.05, "energy_window": 15, "keep_original_conformer": true}, "stage_1_unrestrained_charges": null, "stage_1_restrained_charges": null, "stage_2_unrestrained_charges": null, "stage_2_restrained_charges": null, "keep_original_orientation": false, "reorientations": [], "translations": [], "rotations": []}}]}, "surface_constraints": {"matrix": [[315242091528817.9, 305152005973673.9, 293787731479793.8, 281945216185307.9, 268420264717436.97, 256095818468301.8, 237832748897300.88, 257062177047228.66, 315993868909147.06, 316175075323112.5, 317383103202504.9, 303315248033748.4, 303288617552031.2, 292751736274366.0, 291977561755029.8, 282827223112869.6, 280247934428316.53, 265597020486852.25, 235523695787841.56, 227050402401379.06], [305152005973673.9, 312897361119465.4, 305275106422251.6, 293291267353558.9, 278528656294702.9, 264783744623286.0, 245141081507408.53, 265569910522238.0, 301471652226980.25, 301676156904640.2, 302608746257067.5, 316369518967078.1, 316232109315209.7, 304933115141165.0, 305284235319544.1, 293796714306829.1, 292602696258255.0, 275102309990335.84, 241805161951491.1, 234823318530526.47], [293787731479793.8, 305275106422251.6, 314108154929469.94, 305276139394074.2, 295747941905010.1, 283693474190944.7, 264204454111155.2, 284443228140256.2, 288412232233916.0, 287387560247507.75, 293986709854070.5, 304215692802794.6, 303780062210737.8, 318927383363017.6, 319082312449246.9, 303908013572174.25, 303986789083376.6, 293130007319045.8, 260217644308830.53, 253951975573658.53], [281945216185307.9, 293291267353558.9, 305276139394074.2, 312904335734680.0, 306335329491624.6, 294603661362055.7, 275957553056513.78, 294258720320717.3, 277952744740960.62, 276634893817842.66, 280251307333230.6, 289327478240293.8, 292770167805315.5, 305290821814022.1, 305342274912752.3, 316621960419916.0, 316638661966107.6, 305325310611995.2, 271113067852789.9, 265899666741145.62], [268420264717436.97, 278528656294702.9, 295747941905010.1, 306335329491624.6, 314322387569673.6, 306276813283096.94, 295884916157276.7, 300176606034772.06, 264846633566567.7, 263310934245311.75, 267322825842773.75, 272067171101259.97, 276418135591664.34, 296528364839046.56, 297697266593934.56, 305558412211275.8, 305564636407846.3, 318782501919780.25, 293918329646274.06, 286923594831012.1], [256095818468301.8, 264783744623286.0, 283693474190944.7, 294603661362055.7, 306276813283096.94, 311873759431977.5, 305102389800836.4, 312642226762994.3, 252135572375290.25, 251124106824657.16, 256443857594153.62, 258378310509889.06, 260586301797746.94, 284136738768293.9, 287561728311105.5, 292942141175802.6, 292701047682880.1, 304836124166597.06, 301746451810897.3, 300105328160494.4], [237832748897300.88, 245141081507408.53, 264204454111155.2, 275957553056513.78, 295884916157276.7, 305102389800836.4, 313023883540428.25, 298632733655025.3, 234240871504300.72, 233476454338423.8, 238508596196062.5, 238018549767653.97, 241144422215409.28, 264813370734990.16, 267656105029947.03, 271926065079514.1, 271652008215993.25, 299434730986936.4, 314011752538538.7, 311814059576994.9], [257062177047228.66, 265569910522238.0, 284443228140256.2, 294258720320717.3, 300176606034772.06, 312642226762994.3, 298632733655025.3, 327046919086210.6, 253070689033000.34, 251744694102507.03, 257845022509129.2, 260149144862579.94, 259977401220010.25, 284356612380462.3, 289672063026717.56, 294371734091789.8, 294032002484358.7, 291250164138208.0, 291805326805257.94, 295035312342036.56], [315993868909147.06, 301471652226980.25, 288412232233916.0, 277952744740960.62, 264846633566567.7, 252135572375290.25, 234240871504300.72, 253070689033000.34, 330138337767587.4, 312268688077051.3, 313230667230379.1, 298802922533110.44, 298630827229427.7, 285583632133672.5, 286242916243047.7, 279288606344594.44, 276569187458892.44, 262609105149106.6, 232798099168946.78, 223243110889315.25], [316175075323112.5, 301676156904640.2, 287387560247507.75, 276634893817842.66, 263310934245311.75, 251124106824657.16, 233476454338423.8, 251744694102507.03, 312268688077051.3, 330280341578499.7, 313475168940903.44, 297775719121683.1, 301127026617372.75, 283507614405346.2, 285647728992378.06, 277170485855191.8, 276045135667798.94, 260874742269884.44, 231658376927022.8, 222530995738651.28], [317383103202504.9, 302608746257067.5, 293986709854070.5, 280251307333230.6, 267322825842773.75, 256443857594153.62, 238508596196062.5, 257845022509129.2, 313230667230379.1, 313475168940903.44, 333438467514729.7, 299380279465069.5, 296232614637939.2, 297144374766493.4, 291319137361894.2, 281423514913386.88, 276465656746289.4, 264116465096877.97, 235668500280749.94, 227872226895061.12], [303315248033748.4, 316369518967078.1, 304215692802794.6, 289327478240293.8, 272067171101259.97, 258378310509889.06, 238018549767653.97, 260149144862579.94, 298802922533110.44, 297775719121683.1, 299380279465069.5, 332856092461970.6, 314652907775598.56, 304913436257538.94, 301984068518539.9, 291559229385901.75, 287097520030988.75, 267106361373208.16, 233672576707435.75, 228837030785840.7], [303288617552031.2, 316232109315209.7, 303780062210737.8, 292770167805315.5, 276418135591664.34, 260586301797746.94, 241144422215409.28, 259977401220010.25, 298630827229427.7, 301127026617372.75, 296232614637939.2, 314652907775598.56, 332841736957672.8, 298867333744845.06, 303663525399179.9, 292476018625983.7, 294863342965385.94, 273679755531405.97, 238724215549784.94, 230242867707976.12], [292751736274366.0, 304933115141165.0, 318927383363017.6, 305290821814022.1, 296528364839046.56, 284136738768293.9, 264813370734990.16, 284356612380462.3, 285583632133672.5, 283507614405346.2, 297144374766493.4, 304913436257538.94, 298867333744845.06, 336550142817393.75, 319169653082804.25, 301954209846088.7, 301424026502162.06, 294670006325688.06, 260443284118000.62, 254650295673021.25], [291977561755029.8, 305284235319544.1, 319082312449246.9, 305342274912752.3, 297697266593934.56, 287561728311105.5, 267656105029947.03, 289672063026717.56, 286242916243047.7, 285647728992378.06, 291319137361894.2, 301984068518539.9, 303663525399179.9, 319169653082804.25, 336777807471594.7, 300406691659550.06, 302206964205408.75, 293786964649350.0, 263997349571072.8, 257434790050172.8], [282827223112869.6, 293796714306829.1, 303908013572174.25, 316621960419916.0, 305558412211275.8, 292942141175802.6, 271926065079514.1, 294371734091789.8, 279288606344594.44, 277170485855191.8, 281423514913386.88, 291559229385901.75, 292476018625983.7, 301954209846088.7, 300406691659550.06, 332845623070499.5, 315706491357704.94, 303011207080397.9, 265213433605575.12, 262211964037818.2], [280247934428316.53, 292602696258255.0, 303986789083376.6, 316638661966107.6, 305564636407846.3, 292701047682880.1, 271652008215993.25, 294032002484358.7, 276569187458892.44, 276045135667798.94, 276465656746289.4, 287097520030988.75, 294863342965385.94, 301424026502162.06, 302206964205408.75, 315706491357704.94, 332811754791477.2, 303001155354527.4, 266188259258307.1, 260922800457547.5], [265597020486852.25, 275102309990335.84, 293130007319045.8, 305325310611995.2, 318782501919780.25, 304836124166597.06, 299434730986936.4, 291250164138208.0, 262609105149106.6, 260874742269884.44, 264116465096877.97, 267106361373208.16, 273679755531405.97, 294670006325688.06, 293786964649350.0, 303011207080397.9, 303001155354527.4, 334059352803571.8, 299338549322671.9, 288601324594919.56], [235523695787841.56, 241805161951491.1, 260217644308830.53, 271113067852789.9, 293918329646274.06, 301746451810897.3, 314011752538538.7, 291805326805257.94, 232798099168946.78, 231658376927022.8, 235668500280749.94, 233672576707435.75, 238724215549784.94, 260443284118000.62, 263997349571072.8, 265213433605575.12, 266188259258307.1, 299338549322671.9, 327028434934270.44, 307804095322685.75], [227050402401379.06, 234823318530526.47, 253951975573658.53, 265899666741145.62, 286923594831012.1, 300105328160494.4, 311814059576994.9, 295035312342036.56, 223243110889315.25, 222530995738651.28, 227872226895061.12, 228837030785840.7, 230242867707976.12, 254650295673021.25, 257434790050172.8, 262211964037818.2, 260922800457547.5, 288601324594919.56, 307804095322685.75, 322372830385207.75], [-335203826593.02045, -83027565173.31349, -1188172541128.2954, -1383900734568.874, 299381390889.3747, -4893713529742.053, -408374036672.6989, -12433302780330.59, -129795768477.76242, -103820465429.21223, -862418944785.7169, -259248710845.45697, 1165810885185.9036, -956536159115.634, -2318927322218.003, -2042979599322.2134, -1895356146498.9292, 5466090615549.65, 3178591517752.595, 122102116656.0498]]}}