{"resp_b": 0.1, "restrained_fit": true, "exclude_hydrogens": true, "convergence_tolerance": 1e-06, "max_iter": 500, "resp_a": 0.0005, "charge_constraints": {"charge_sum_constraints": [], "charge_equivalence_constraints": [], "molecules": [{"qcmol": {"schema_name": "qcschema_molecule", "schema_version": 2, "validated": true, "symbols": ["C", "C", "C", "C", "N", "C", "N", "O", "H", "H", "H", "H", "H", "H", "H", "H", "H", "H", "H", "H"], "geometry": [[0.0, 0.0, -0.0], [2.891636317455367, 1.0331963898564533e-15, -1.5116759134076629e-15], [4.1016944655046235, 2.6316959100293937, -4.440892098500626e-16], [3.642394798619496, 4.133580036586514, -2.418515743747121], [4.9842890464805425, 6.528489502757961, -2.3116092176492313], [5.231665054022793, 7.958023279638855, -4.446743103718315], [6.168641229301739, 10.349473973355371, -4.016787804187693], [4.676000823182288, 7.226813607703198, -6.51985688835328], [-0.7227675934029123, -1.9132666673114231, 0.15493801237308114], [-0.7720968742997594, 0.808827841325909, -1.7179163191415119], [-0.7379485632228284, 1.0746475077641762, 1.586821829531916], [3.5512548647343487, -1.0077175189313177, 1.6631463108274973], [3.577824633149785, -1.0607140805017914, -1.6212460275059153], [3.3992612523858785, 3.6956040087881528, 1.617964498400243], [6.129265458218933, 2.4407861298777576, 0.26005004281099287], [1.6371762485395016, 4.443368154139669, -2.725369839085891], [4.345440595006487, 3.1052284040814007, -4.036447602918115], [4.828251020429175, 7.48547832586881, -0.6971627293428226], [7.375727990534626, 10.565235416810744, -2.5877527815978936], [6.69110239704104, 11.226916079926845, -5.5990364227383616]], "name": "C5H12N2O", "identifiers": {"molecule_hash": "b27caaed75ba7c80512444f1783ad5ca782b30ff", "molecular_formula": "C5H12N2O"}, "molecular_charge": 0.0, "molecular_multiplicity": 1, "connectivity": [[0, 1, 1.0], [0, 8, 1.0], [0, 9, 1.0], [0, 10, 1.0], [1, 2, 1.0], [1, 11, 1.0], [1, 12, 1.0], [2, 3, 1.0], [2, 13, 1.0], [2, 14, 1.0], [3, 4, 1.0], [3, 15, 1.0], [3, 16, 1.0], [4, 5, 1.0], [4, 17, 1.0], [5, 6, 1.0], [5, 7, 2.0], [6, 18, 1.0], [6, 19, 1.0]], "fix_com": true, "fix_orientation": true, "provenance": {"creator": "QCElemental", "version": "v0.22.0", "routine": "qcelemental.molparse.from_schema"}, "id": "146314"}, "charge": 0, "optimize_geometry": false, "conformers": [], "conformer_generation_options": {"n_conformer_pool": 4000, "n_max_conformers": 0, "rms_tolerance": 0.05, "energy_window": 15, "keep_original_conformer": true}, "stage_1_unrestrained_charges": null, "stage_1_restrained_charges": null, "stage_2_unrestrained_charges": null, "stage_2_restrained_charges": null, "keep_original_orientation": false, "reorientations": [], "translations": [], "rotations": []}], "unconstrained_atoms": [{"index": 0, "molecule": {"qcmol": {"schema_name": "qcschema_molecule", "schema_version": 2, "validated": true, "symbols": ["C", "C", "C", "C", "N", "C", "N", "O", "H", "H", "H", "H", "H", "H", "H", "H", "H", "H", "H", "H"], "geometry": [[0.0, 0.0, -0.0], [2.891636317455367, 1.0331963898564533e-15, -1.5116759134076629e-15], [4.1016944655046235, 2.6316959100293937, -4.440892098500626e-16], [3.642394798619496, 4.133580036586514, -2.418515743747121], [4.9842890464805425, 6.528489502757961, -2.3116092176492313], [5.231665054022793, 7.958023279638855, -4.446743103718315], [6.168641229301739, 10.349473973355371, -4.016787804187693], [4.676000823182288, 7.226813607703198, -6.51985688835328], [-0.7227675934029123, -1.9132666673114231, 0.15493801237308114], [-0.7720968742997594, 0.808827841325909, -1.7179163191415119], [-0.7379485632228284, 1.0746475077641762, 1.586821829531916], [3.5512548647343487, -1.0077175189313177, 1.6631463108274973], [3.577824633149785, -1.0607140805017914, -1.6212460275059153], [3.3992612523858785, 3.6956040087881528, 1.617964498400243], [6.129265458218933, 2.4407861298777576, 0.26005004281099287], [1.6371762485395016, 4.443368154139669, -2.725369839085891], [4.345440595006487, 3.1052284040814007, -4.036447602918115], [4.828251020429175, 7.48547832586881, -0.6971627293428226], [7.375727990534626, 10.565235416810744, -2.5877527815978936], [6.69110239704104, 11.226916079926845, -5.5990364227383616]], "name": "C5H12N2O", "identifiers": {"molecule_hash": "b27caaed75ba7c80512444f1783ad5ca782b30ff", "molecular_formula": "C5H12N2O"}, "molecular_charge": 0.0, "molecular_multiplicity": 1, "connectivity": [[0, 1, 1.0], [0, 8, 1.0], [0, 9, 1.0], [0, 10, 1.0], [1, 2, 1.0], [1, 11, 1.0], [1, 12, 1.0], [2, 3, 1.0], [2, 13, 1.0], [2, 14, 1.0], [3, 4, 1.0], [3, 15, 1.0], [3, 16, 1.0], [4, 5, 1.0], [4, 17, 1.0], [5, 6, 1.0], [5, 7, 2.0], [6, 18, 1.0], [6, 19, 1.0]], "fix_com": true, "fix_orientation": true, "provenance": {"creator": "QCElemental", "version": "v0.22.0", "routine": "qcelemental.molparse.from_schema"}, "id": "146314"}, "charge": 0, "optimize_geometry": false, "conformers": [], "conformer_generation_options": {"n_conformer_pool": 4000, "n_max_conformers": 0, "rms_tolerance": 0.05, "energy_window": 15, "keep_original_conformer": true}, "stage_1_unrestrained_charges": null, "stage_1_restrained_charges": null, "stage_2_unrestrained_charges": null, "stage_2_restrained_charges": null, "keep_original_orientation": false, "reorientations": [], "translations": [], "rotations": []}}, {"index": 1, "molecule": {"qcmol": {"schema_name": "qcschema_molecule", "schema_version": 2, "validated": true, "symbols": ["C", "C", "C", "C", "N", "C", "N", "O", "H", "H", "H", "H", "H", "H", "H", "H", "H", "H", "H", "H"], "geometry": [[0.0, 0.0, -0.0], [2.891636317455367, 1.0331963898564533e-15, -1.5116759134076629e-15], [4.1016944655046235, 2.6316959100293937, -4.440892098500626e-16], [3.642394798619496, 4.133580036586514, -2.418515743747121], [4.9842890464805425, 6.528489502757961, -2.3116092176492313], [5.231665054022793, 7.958023279638855, -4.446743103718315], [6.168641229301739, 10.349473973355371, -4.016787804187693], [4.676000823182288, 7.226813607703198, -6.51985688835328], [-0.7227675934029123, -1.9132666673114231, 0.15493801237308114], [-0.7720968742997594, 0.808827841325909, -1.7179163191415119], [-0.7379485632228284, 1.0746475077641762, 1.586821829531916], [3.5512548647343487, -1.0077175189313177, 1.6631463108274973], [3.577824633149785, -1.0607140805017914, -1.6212460275059153], [3.3992612523858785, 3.6956040087881528, 1.617964498400243], [6.129265458218933, 2.4407861298777576, 0.26005004281099287], [1.6371762485395016, 4.443368154139669, -2.725369839085891], [4.345440595006487, 3.1052284040814007, -4.036447602918115], [4.828251020429175, 7.48547832586881, -0.6971627293428226], [7.375727990534626, 10.565235416810744, -2.5877527815978936], [6.69110239704104, 11.226916079926845, -5.5990364227383616]], "name": "C5H12N2O", "identifiers": {"molecule_hash": "b27caaed75ba7c80512444f1783ad5ca782b30ff", "molecular_formula": "C5H12N2O"}, "molecular_charge": 0.0, "molecular_multiplicity": 1, "connectivity": [[0, 1, 1.0], [0, 8, 1.0], [0, 9, 1.0], [0, 10, 1.0], [1, 2, 1.0], [1, 11, 1.0], [1, 12, 1.0], [2, 3, 1.0], [2, 13, 1.0], [2, 14, 1.0], [3, 4, 1.0], [3, 15, 1.0], [3, 16, 1.0], [4, 5, 1.0], [4, 17, 1.0], [5, 6, 1.0], [5, 7, 2.0], [6, 18, 1.0], [6, 19, 1.0]], "fix_com": true, "fix_orientation": true, "provenance": {"creator": "QCElemental", "version": "v0.22.0", "routine": "qcelemental.molparse.from_schema"}, "id": "146314"}, "charge": 0, "optimize_geometry": false, "conformers": [], "conformer_generation_options": {"n_conformer_pool": 4000, "n_max_conformers": 0, "rms_tolerance": 0.05, "energy_window": 15, "keep_original_conformer": true}, "stage_1_unrestrained_charges": null, "stage_1_restrained_charges": null, "stage_2_unrestrained_charges": null, "stage_2_restrained_charges": null, "keep_original_orientation": false, "reorientations": [], "translations": [], "rotations": []}}, {"index": 2, "molecule": {"qcmol": {"schema_name": "qcschema_molecule", "schema_version": 2, "validated": true, "symbols": ["C", "C", "C", "C", "N", "C", "N", "O", "H", "H", "H", "H", "H", "H", "H", "H", "H", "H", "H", "H"], "geometry": [[0.0, 0.0, -0.0], [2.891636317455367, 1.0331963898564533e-15, -1.5116759134076629e-15], [4.1016944655046235, 2.6316959100293937, -4.440892098500626e-16], [3.642394798619496, 4.133580036586514, -2.418515743747121], [4.9842890464805425, 6.528489502757961, -2.3116092176492313], [5.231665054022793, 7.958023279638855, -4.446743103718315], [6.168641229301739, 10.349473973355371, -4.016787804187693], [4.676000823182288, 7.226813607703198, -6.51985688835328], [-0.7227675934029123, -1.9132666673114231, 0.15493801237308114], [-0.7720968742997594, 0.808827841325909, -1.7179163191415119], [-0.7379485632228284, 1.0746475077641762, 1.586821829531916], [3.5512548647343487, -1.0077175189313177, 1.6631463108274973], [3.577824633149785, -1.0607140805017914, -1.6212460275059153], [3.3992612523858785, 3.6956040087881528, 1.617964498400243], [6.129265458218933, 2.4407861298777576, 0.26005004281099287], [1.6371762485395016, 4.443368154139669, -2.725369839085891], [4.345440595006487, 3.1052284040814007, -4.036447602918115], [4.828251020429175, 7.48547832586881, -0.6971627293428226], [7.375727990534626, 10.565235416810744, -2.5877527815978936], [6.69110239704104, 11.226916079926845, -5.5990364227383616]], "name": "C5H12N2O", "identifiers": {"molecule_hash": "b27caaed75ba7c80512444f1783ad5ca782b30ff", "molecular_formula": "C5H12N2O"}, "molecular_charge": 0.0, "molecular_multiplicity": 1, "connectivity": [[0, 1, 1.0], [0, 8, 1.0], [0, 9, 1.0], [0, 10, 1.0], [1, 2, 1.0], [1, 11, 1.0], [1, 12, 1.0], [2, 3, 1.0], [2, 13, 1.0], [2, 14, 1.0], [3, 4, 1.0], [3, 15, 1.0], [3, 16, 1.0], [4, 5, 1.0], [4, 17, 1.0], [5, 6, 1.0], [5, 7, 2.0], [6, 18, 1.0], [6, 19, 1.0]], "fix_com": true, "fix_orientation": true, "provenance": {"creator": "QCElemental", "version": "v0.22.0", "routine": "qcelemental.molparse.from_schema"}, "id": "146314"}, "charge": 0, "optimize_geometry": false, "conformers": [], "conformer_generation_options": {"n_conformer_pool": 4000, "n_max_conformers": 0, "rms_tolerance": 0.05, "energy_window": 15, "keep_original_conformer": true}, "stage_1_unrestrained_charges": null, "stage_1_restrained_charges": null, "stage_2_unrestrained_charges": null, "stage_2_restrained_charges": null, "keep_original_orientation": false, "reorientations": [], "translations": [], "rotations": []}}, {"index": 3, "molecule": {"qcmol": {"schema_name": "qcschema_molecule", "schema_version": 2, "validated": true, "symbols": ["C", "C", "C", "C", "N", "C", "N", "O", "H", "H", "H", "H", "H", "H", "H", "H", "H", "H", "H", "H"], "geometry": [[0.0, 0.0, -0.0], [2.891636317455367, 1.0331963898564533e-15, -1.5116759134076629e-15], [4.1016944655046235, 2.6316959100293937, -4.440892098500626e-16], [3.642394798619496, 4.133580036586514, -2.418515743747121], [4.9842890464805425, 6.528489502757961, -2.3116092176492313], [5.231665054022793, 7.958023279638855, -4.446743103718315], [6.168641229301739, 10.349473973355371, -4.016787804187693], [4.676000823182288, 7.226813607703198, -6.51985688835328], [-0.7227675934029123, -1.9132666673114231, 0.15493801237308114], [-0.7720968742997594, 0.808827841325909, -1.7179163191415119], [-0.7379485632228284, 1.0746475077641762, 1.586821829531916], [3.5512548647343487, -1.0077175189313177, 1.6631463108274973], [3.577824633149785, -1.0607140805017914, -1.6212460275059153], [3.3992612523858785, 3.6956040087881528, 1.617964498400243], [6.129265458218933, 2.4407861298777576, 0.26005004281099287], [1.6371762485395016, 4.443368154139669, -2.725369839085891], [4.345440595006487, 3.1052284040814007, -4.036447602918115], [4.828251020429175, 7.48547832586881, -0.6971627293428226], [7.375727990534626, 10.565235416810744, -2.5877527815978936], [6.69110239704104, 11.226916079926845, -5.5990364227383616]], "name": "C5H12N2O", "identifiers": {"molecule_hash": "b27caaed75ba7c80512444f1783ad5ca782b30ff", "molecular_formula": "C5H12N2O"}, "molecular_charge": 0.0, "molecular_multiplicity": 1, "connectivity": [[0, 1, 1.0], [0, 8, 1.0], [0, 9, 1.0], [0, 10, 1.0], [1, 2, 1.0], [1, 11, 1.0], [1, 12, 1.0], [2, 3, 1.0], [2, 13, 1.0], [2, 14, 1.0], [3, 4, 1.0], [3, 15, 1.0], [3, 16, 1.0], [4, 5, 1.0], [4, 17, 1.0], [5, 6, 1.0], [5, 7, 2.0], [6, 18, 1.0], [6, 19, 1.0]], "fix_com": true, "fix_orientation": true, "provenance": {"creator": "QCElemental", "version": "v0.22.0", "routine": "qcelemental.molparse.from_schema"}, "id": "146314"}, "charge": 0, "optimize_geometry": false, "conformers": [], "conformer_generation_options": {"n_conformer_pool": 4000, "n_max_conformers": 0, "rms_tolerance": 0.05, "energy_window": 15, "keep_original_conformer": true}, "stage_1_unrestrained_charges": null, "stage_1_restrained_charges": null, "stage_2_unrestrained_charges": null, "stage_2_restrained_charges": null, "keep_original_orientation": false, "reorientations": [], "translations": [], "rotations": []}}]}, "surface_constraints": {"matrix": [[768121072833243.6, 744963302407212.6, 719779653381224.2, 694283779846542.8, 663069268272493.4, 634480345661324.2, 593105968031330.2, 637593800555788.0, 772172534513117.0, 771788874356335.2, 774159971024963.8, 741636068592837.4, 741483700534721.6, 717995287063139.6, 715914843786350.2, 697668509573496.0, 691854601604779.9, 657801306982757.2, 588206226443207.5, 568558202078879.6], [744963302407212.6, 762041011574145.9, 745651006009587.9, 720127861128565.0, 686336566876900.9, 654468334258885.0, 610218819615351.5, 657010278712275.9, 738452802101552.0, 738371937172815.4, 740174046521490.6, 770959148103823.0, 770561588708811.0, 745523193311408.4, 746117012904934.5, 722699293859752.9, 720222865468650.1, 679923661629087.8, 602901722389370.8, 587017313975817.8], [719779653381224.2, 745651006009587.9, 766075544983719.1, 747913044452047.6, 726487982211165.8, 698627703389166.4, 655855416980732.5, 700874941999761.5, 709040131040596.6, 706169343537912.5, 720974641016706.5, 744165809159283.6, 743119860911440.1, 777790459298455.9, 777820862867861.4, 746183860072716.0, 746829402905072.5, 722599307365363.4, 647304104584432.8, 633336912476417.2], [694283779846542.8, 720127861128565.0, 747913044452047.6, 767171886300240.4, 752740013875679.1, 725483304383228.9, 685199998269687.5, 724983316505376.8, 686459411527953.9, 683012048394300.2, 690853372706937.5, 711735878756876.2, 719698123973822.8, 748431079256108.9, 748241633124185.4, 777232336621742.1, 777750107568956.1, 753109951743042.2, 674742256085458.1, 663344636104259.4], [663069268272493.4, 686336566876900.9, 726487982211165.8, 752740013875679.1, 771908694011851.9, 752779338667871.4, 732968792924901.1, 738636230665207.8, 656094114086420.8, 651926345280839.0, 660916775275120.9, 671900410326528.6, 681977133657164.4, 728792887347715.1, 731006906409692.1, 752350563118084.9, 752760656175972.8, 785893441271867.0, 729776274673806.2, 714310310649542.9], [634480345661324.2, 654468334258885.0, 698627703389166.4, 725483304383228.9, 752779338667871.4, 764809446130899.9, 754276613793701.4, 766488793843323.8, 626441748060020.1, 623592870797450.9, 635665424641181.8, 640079488932041.5, 645042805277765.1, 700160067626768.9, 707545062194846.8, 722901732891022.5, 722915993284603.1, 752737111951107.1, 748402092799110.9, 745500024194471.5], [593105968031330.2, 610218819615351.5, 655855416980732.5, 685199998269687.5, 732968792924901.1, 754276613793701.4, 777865916690374.4, 738982917367360.8, 585620725039579.2, 583349665835345.1, 595070729547253.4, 593686571218481.9, 600932469758776.2, 657728856006401.2, 664065446784068.8, 676614894976649.5, 676416618168586.6, 744196968024458.6, 782172871583039.1, 778069988543516.4], [637593800555788.0, 657010278712275.9, 700874941999761.5, 724983316505376.8, 738636230665207.8, 766488793843323.8, 738982917367360.8, 798816896841354.8, 629454514447866.2, 626009643474635.6, 639851255491362.1, 645016877737343.1, 644277625407973.4, 701164563835577.4, 712916286728625.1, 726490740716425.5, 726444599362606.8, 720505864673950.4, 724821699492108.1, 733329676350651.4], [772172534513117.0, 738452802101552.0, 709040131040596.6, 686459411527953.9, 656094114086420.8, 626441748060020.1, 585620725039579.2, 629454514447866.2, 807412584942310.8, 765074164016894.2, 766917788607722.6, 733067049669750.4, 732543469598955.2, 702989146086144.9, 704273021260789.4, 690929146984351.2, 684554975826594.8, 652106197619382.2, 582804793579095.6, 560379348262794.8], [771788874356335.2, 738371937172815.4, 706169343537912.5, 683012048394300.2, 651926345280839.0, 623592870797450.9, 583349665835345.1, 626009643474635.6, 765074164016894.2, 806110396209593.8, 766571575783914.1, 730224323957248.9, 737851316394962.4, 697569982297046.0, 702394142183803.5, 685615277717656.8, 683158300057743.4, 647391017955277.8, 579535693418648.9, 558225287213720.3], [774159971024963.8, 740174046521490.6, 720974641016706.5, 690853372706937.5, 660916775275120.9, 635665424641181.8, 595070729547253.4, 639851255491362.1, 766917788607722.6, 766571575783914.1, 812407067827413.9, 733569911624473.4, 726237277808639.9, 729088561808405.0, 715011599393293.9, 694790993373887.2, 683508834704296.6, 654711864066041.1, 588907522653508.2, 570870780235237.6], [741636068592837.4, 770959148103823.0, 744165809159283.6, 711735878756876.2, 671900410326528.6, 640079488932041.5, 593686571218481.9, 645016877737343.1, 733067049669750.4, 730224323957248.9, 733569911624473.4, 810244361905484.6, 767843159369548.8, 746389546075339.6, 739506549720215.8, 718423570950270.1, 708038924004460.2, 661582370143007.0, 583781129041336.4, 573089674308885.5], [741483700534721.6, 770561588708811.0, 743119860911440.1, 719698123973822.8, 681977133657164.4, 645042805277765.1, 600932469758776.2, 644277625407973.4, 732543469598955.2, 737851316394962.4, 726237277808639.9, 767843159369548.8, 809899287152522.6, 732351139732504.9, 743290708764620.0, 720319232508933.8, 726424266343620.4, 677088917834082.9, 595719288939010.2, 576151104590712.8], [717995287063139.6, 745523193311408.4, 777790459298455.9, 748431079256108.9, 728792887347715.1, 700160067626768.9, 657728856006401.2, 701164563835577.4, 702989146086144.9, 697569982297046.0, 729088561808405.0, 746389546075339.6, 732351139732504.9, 819275616818310.4, 778704215573569.5, 742035080059555.6, 741227820040976.9, 726659914930783.6, 648262498762339.9, 635394225903857.0], [715914843786350.2, 746117012904934.5, 777820862867861.4, 748241633124185.4, 731006906409692.1, 707545062194846.8, 664065446784068.8, 712916286728625.1, 704273021260789.4, 702394142183803.5, 715011599393293.9, 739506549720215.8, 743290708764620.0, 778704215573569.5, 819060903022284.8, 738132398420319.6, 742932389512918.4, 724124771416935.8, 656401457783779.4, 641783407837532.9], [697668509573496.0, 722699293859752.9, 746183860072716.0, 777232336621742.1, 752350563118084.9, 722901732891022.5, 676614894976649.5, 726490740716425.5, 690929146984351.2, 685615277717656.8, 694790993373887.2, 718423570950270.1, 720319232508933.8, 742035080059555.6, 738132398420319.6, 816585078244245.8, 776918708570318.4, 748949544973596.6, 661518302282173.2, 655376879424280.2], [691854601604779.9, 720222865468650.1, 746829402905072.5, 777750107568956.1, 752760656175972.8, 722915993284603.1, 676416618168586.6, 726444599362606.8, 684554975826594.8, 683158300057743.4, 683508834704296.6, 708038924004460.2, 726424266343620.4, 741227820040976.9, 742932389512918.4, 776918708570318.4, 817542273322211.1, 749173813041594.8, 664296847612625.9, 652669595055315.1], [657801306982757.2, 679923661629087.8, 722599307365363.4, 753109951743042.2, 785893441271867.0, 752737111951107.1, 744196968024458.6, 720505864673950.4, 652106197619382.2, 647391017955277.8, 654711864066041.1, 661582370143007.0, 677088917834082.9, 726659914930783.6, 724124771416935.8, 748949544973596.6, 749173813041594.8, 825715916823428.9, 745254339595968.2, 720686333615534.5], [588206226443207.5, 602901722389370.8, 647304104584432.8, 674742256085458.1, 729776274673806.2, 748402092799110.9, 782172871583039.1, 724821699492108.1, 582804793579095.6, 579535693418648.9, 588907522653508.2, 583781129041336.4, 595719288939010.2, 648262498762339.9, 656401457783779.4, 661518302282173.2, 664296847612625.9, 745254339595968.2, 815467357112526.1, 769868271962493.5], [568558202078879.6, 587017313975817.8, 633336912476417.2, 663344636104259.4, 714310310649542.9, 745500024194471.5, 778069988543516.4, 733329676350651.4, 560379348262794.8, 558225287213720.3, 570870780235237.6, 573089674308885.5, 576151104590712.8, 635394225903857.0, 641783407837532.9, 655376879424280.2, 652669595055315.1, 720686333615534.5, 769868271962493.5, 806864811502552.6], [-343542590295.4689, 641701274680.2151, -2186584688794.4795, -2292085970217.618, 3620537255366.206, -11794346567128.969, 797551462136.0754, -33734304784102.402, 268216225885.83945, 449428302237.15985, -2269699645972.5503, -415042412638.5877, 4854825404145.918, -1614301888015.8455, -5429752848110.074, -4818032981943.406, -3823134136286.6714, 19290703601118.992, 11184342647187.77, 1220544378616.9585]]}}