{"resp_b": 0.1, "restrained_fit": true, "exclude_hydrogens": true, "convergence_tolerance": 1e-06, "max_iter": 500, "resp_a": 0.0005, "charge_constraints": {"charge_sum_constraints": [], "charge_equivalence_constraints": [], "molecules": [{"qcmol": {"schema_name": "qcschema_molecule", "schema_version": 2, "validated": true, "symbols": ["C", "C", "C", "C", "N", "C", "N", "O", "H", "H", "H", "H", "H", "H", "H", "H", "H", "H", "H", "H"], "geometry": [[0.0, 0.0, -0.0], [2.891636317455367, 1.0331963898564533e-15, -1.5116759134076629e-15], [4.1016944655046235, 2.6316959100293937, -4.440892098500626e-16], [3.642394798619496, 4.133580036586514, -2.418515743747121], [4.9842890464805425, 6.528489502757961, -2.3116092176492313], [5.231665054022793, 7.958023279638855, -4.446743103718315], [6.168641229301739, 10.349473973355371, -4.016787804187693], [4.676000823182288, 7.226813607703198, -6.51985688835328], [-0.7227675934029123, -1.9132666673114231, 0.15493801237308114], [-0.7720968742997594, 0.808827841325909, -1.7179163191415119], [-0.7379485632228284, 1.0746475077641762, 1.586821829531916], [3.5512548647343487, -1.0077175189313177, 1.6631463108274973], [3.577824633149785, -1.0607140805017914, -1.6212460275059153], [3.3992612523858785, 3.6956040087881528, 1.617964498400243], [6.129265458218933, 2.4407861298777576, 0.26005004281099287], [1.6371762485395016, 4.443368154139669, -2.725369839085891], [4.345440595006487, 3.1052284040814007, -4.036447602918115], [4.828251020429175, 7.48547832586881, -0.6971627293428226], [7.375727990534626, 10.565235416810744, -2.5877527815978936], [6.69110239704104, 11.226916079926845, -5.5990364227383616]], "name": "C5H12N2O", "identifiers": {"molecule_hash": "b27caaed75ba7c80512444f1783ad5ca782b30ff", "molecular_formula": "C5H12N2O"}, "molecular_charge": 0.0, "molecular_multiplicity": 1, "connectivity": [[0, 1, 1.0], [0, 8, 1.0], [0, 9, 1.0], [0, 10, 1.0], [1, 2, 1.0], [1, 11, 1.0], [1, 12, 1.0], [2, 3, 1.0], [2, 13, 1.0], [2, 14, 1.0], [3, 4, 1.0], [3, 15, 1.0], [3, 16, 1.0], [4, 5, 1.0], [4, 17, 1.0], [5, 6, 1.0], [5, 7, 2.0], [6, 18, 1.0], [6, 19, 1.0]], "fix_com": true, "fix_orientation": true, "provenance": {"creator": "QCElemental", "version": "v0.22.0", "routine": "qcelemental.molparse.from_schema"}, "id": "146314"}, "charge": 0, "optimize_geometry": false, "conformers": [], "conformer_generation_options": {"n_conformer_pool": 4000, "n_max_conformers": 0, "rms_tolerance": 0.05, "energy_window": 15, "keep_original_conformer": true}, "stage_1_unrestrained_charges": null, "stage_1_restrained_charges": null, "stage_2_unrestrained_charges": null, "stage_2_restrained_charges": null, "keep_original_orientation": false, "reorientations": [], "translations": [], "rotations": []}], "unconstrained_atoms": [{"index": 0, "molecule": {"qcmol": {"schema_name": "qcschema_molecule", "schema_version": 2, "validated": true, "symbols": ["C", "C", "C", "C", "N", "C", "N", "O", "H", "H", "H", "H", "H", "H", "H", "H", "H", "H", "H", "H"], "geometry": [[0.0, 0.0, -0.0], [2.891636317455367, 1.0331963898564533e-15, -1.5116759134076629e-15], [4.1016944655046235, 2.6316959100293937, -4.440892098500626e-16], [3.642394798619496, 4.133580036586514, -2.418515743747121], [4.9842890464805425, 6.528489502757961, -2.3116092176492313], [5.231665054022793, 7.958023279638855, -4.446743103718315], [6.168641229301739, 10.349473973355371, -4.016787804187693], [4.676000823182288, 7.226813607703198, -6.51985688835328], [-0.7227675934029123, -1.9132666673114231, 0.15493801237308114], [-0.7720968742997594, 0.808827841325909, -1.7179163191415119], [-0.7379485632228284, 1.0746475077641762, 1.586821829531916], [3.5512548647343487, -1.0077175189313177, 1.6631463108274973], [3.577824633149785, -1.0607140805017914, -1.6212460275059153], [3.3992612523858785, 3.6956040087881528, 1.617964498400243], [6.129265458218933, 2.4407861298777576, 0.26005004281099287], [1.6371762485395016, 4.443368154139669, -2.725369839085891], [4.345440595006487, 3.1052284040814007, -4.036447602918115], [4.828251020429175, 7.48547832586881, -0.6971627293428226], [7.375727990534626, 10.565235416810744, -2.5877527815978936], [6.69110239704104, 11.226916079926845, -5.5990364227383616]], "name": "C5H12N2O", "identifiers": {"molecule_hash": "b27caaed75ba7c80512444f1783ad5ca782b30ff", "molecular_formula": "C5H12N2O"}, "molecular_charge": 0.0, "molecular_multiplicity": 1, "connectivity": [[0, 1, 1.0], [0, 8, 1.0], [0, 9, 1.0], [0, 10, 1.0], [1, 2, 1.0], [1, 11, 1.0], [1, 12, 1.0], [2, 3, 1.0], [2, 13, 1.0], [2, 14, 1.0], [3, 4, 1.0], [3, 15, 1.0], [3, 16, 1.0], [4, 5, 1.0], [4, 17, 1.0], [5, 6, 1.0], [5, 7, 2.0], [6, 18, 1.0], [6, 19, 1.0]], "fix_com": true, "fix_orientation": true, "provenance": {"creator": "QCElemental", "version": "v0.22.0", "routine": "qcelemental.molparse.from_schema"}, "id": "146314"}, "charge": 0, "optimize_geometry": false, "conformers": [], "conformer_generation_options": {"n_conformer_pool": 4000, "n_max_conformers": 0, "rms_tolerance": 0.05, "energy_window": 15, "keep_original_conformer": true}, "stage_1_unrestrained_charges": null, "stage_1_restrained_charges": null, "stage_2_unrestrained_charges": null, "stage_2_restrained_charges": null, "keep_original_orientation": false, "reorientations": [], "translations": [], "rotations": []}}, {"index": 1, "molecule": {"qcmol": {"schema_name": "qcschema_molecule", "schema_version": 2, "validated": true, "symbols": ["C", "C", "C", "C", "N", "C", "N", "O", "H", "H", "H", "H", "H", "H", "H", "H", "H", "H", "H", "H"], "geometry": [[0.0, 0.0, -0.0], [2.891636317455367, 1.0331963898564533e-15, -1.5116759134076629e-15], [4.1016944655046235, 2.6316959100293937, -4.440892098500626e-16], [3.642394798619496, 4.133580036586514, -2.418515743747121], [4.9842890464805425, 6.528489502757961, -2.3116092176492313], [5.231665054022793, 7.958023279638855, -4.446743103718315], [6.168641229301739, 10.349473973355371, -4.016787804187693], [4.676000823182288, 7.226813607703198, -6.51985688835328], [-0.7227675934029123, -1.9132666673114231, 0.15493801237308114], [-0.7720968742997594, 0.808827841325909, -1.7179163191415119], [-0.7379485632228284, 1.0746475077641762, 1.586821829531916], [3.5512548647343487, -1.0077175189313177, 1.6631463108274973], [3.577824633149785, -1.0607140805017914, -1.6212460275059153], [3.3992612523858785, 3.6956040087881528, 1.617964498400243], [6.129265458218933, 2.4407861298777576, 0.26005004281099287], [1.6371762485395016, 4.443368154139669, -2.725369839085891], [4.345440595006487, 3.1052284040814007, -4.036447602918115], [4.828251020429175, 7.48547832586881, -0.6971627293428226], [7.375727990534626, 10.565235416810744, -2.5877527815978936], [6.69110239704104, 11.226916079926845, -5.5990364227383616]], "name": "C5H12N2O", "identifiers": {"molecule_hash": "b27caaed75ba7c80512444f1783ad5ca782b30ff", "molecular_formula": "C5H12N2O"}, "molecular_charge": 0.0, "molecular_multiplicity": 1, "connectivity": [[0, 1, 1.0], [0, 8, 1.0], [0, 9, 1.0], [0, 10, 1.0], [1, 2, 1.0], [1, 11, 1.0], [1, 12, 1.0], [2, 3, 1.0], [2, 13, 1.0], [2, 14, 1.0], [3, 4, 1.0], [3, 15, 1.0], [3, 16, 1.0], [4, 5, 1.0], [4, 17, 1.0], [5, 6, 1.0], [5, 7, 2.0], [6, 18, 1.0], [6, 19, 1.0]], "fix_com": true, "fix_orientation": true, "provenance": {"creator": "QCElemental", "version": "v0.22.0", "routine": "qcelemental.molparse.from_schema"}, "id": "146314"}, "charge": 0, "optimize_geometry": false, "conformers": [], "conformer_generation_options": {"n_conformer_pool": 4000, "n_max_conformers": 0, "rms_tolerance": 0.05, "energy_window": 15, "keep_original_conformer": true}, "stage_1_unrestrained_charges": null, "stage_1_restrained_charges": null, "stage_2_unrestrained_charges": null, "stage_2_restrained_charges": null, "keep_original_orientation": false, "reorientations": [], "translations": [], "rotations": []}}, {"index": 2, "molecule": {"qcmol": {"schema_name": "qcschema_molecule", "schema_version": 2, "validated": true, "symbols": ["C", "C", "C", "C", "N", "C", "N", "O", "H", "H", "H", "H", "H", "H", "H", "H", "H", "H", "H", "H"], "geometry": [[0.0, 0.0, -0.0], [2.891636317455367, 1.0331963898564533e-15, -1.5116759134076629e-15], [4.1016944655046235, 2.6316959100293937, -4.440892098500626e-16], [3.642394798619496, 4.133580036586514, -2.418515743747121], [4.9842890464805425, 6.528489502757961, -2.3116092176492313], [5.231665054022793, 7.958023279638855, -4.446743103718315], [6.168641229301739, 10.349473973355371, -4.016787804187693], [4.676000823182288, 7.226813607703198, -6.51985688835328], [-0.7227675934029123, -1.9132666673114231, 0.15493801237308114], [-0.7720968742997594, 0.808827841325909, -1.7179163191415119], [-0.7379485632228284, 1.0746475077641762, 1.586821829531916], [3.5512548647343487, -1.0077175189313177, 1.6631463108274973], [3.577824633149785, -1.0607140805017914, -1.6212460275059153], [3.3992612523858785, 3.6956040087881528, 1.617964498400243], [6.129265458218933, 2.4407861298777576, 0.26005004281099287], [1.6371762485395016, 4.443368154139669, -2.725369839085891], [4.345440595006487, 3.1052284040814007, -4.036447602918115], [4.828251020429175, 7.48547832586881, -0.6971627293428226], [7.375727990534626, 10.565235416810744, -2.5877527815978936], [6.69110239704104, 11.226916079926845, -5.5990364227383616]], "name": "C5H12N2O", "identifiers": {"molecule_hash": "b27caaed75ba7c80512444f1783ad5ca782b30ff", "molecular_formula": "C5H12N2O"}, "molecular_charge": 0.0, "molecular_multiplicity": 1, "connectivity": [[0, 1, 1.0], [0, 8, 1.0], [0, 9, 1.0], [0, 10, 1.0], [1, 2, 1.0], [1, 11, 1.0], [1, 12, 1.0], [2, 3, 1.0], [2, 13, 1.0], [2, 14, 1.0], [3, 4, 1.0], [3, 15, 1.0], [3, 16, 1.0], [4, 5, 1.0], [4, 17, 1.0], [5, 6, 1.0], [5, 7, 2.0], [6, 18, 1.0], [6, 19, 1.0]], "fix_com": true, "fix_orientation": true, "provenance": {"creator": "QCElemental", "version": "v0.22.0", "routine": "qcelemental.molparse.from_schema"}, "id": "146314"}, "charge": 0, "optimize_geometry": false, "conformers": [], "conformer_generation_options": {"n_conformer_pool": 4000, "n_max_conformers": 0, "rms_tolerance": 0.05, "energy_window": 15, "keep_original_conformer": true}, "stage_1_unrestrained_charges": null, "stage_1_restrained_charges": null, "stage_2_unrestrained_charges": null, "stage_2_restrained_charges": null, "keep_original_orientation": false, "reorientations": [], "translations": [], "rotations": []}}, {"index": 3, "molecule": {"qcmol": {"schema_name": "qcschema_molecule", "schema_version": 2, "validated": true, "symbols": ["C", "C", "C", "C", "N", "C", "N", "O", "H", "H", "H", "H", "H", "H", "H", "H", "H", "H", "H", "H"], "geometry": [[0.0, 0.0, -0.0], [2.891636317455367, 1.0331963898564533e-15, -1.5116759134076629e-15], [4.1016944655046235, 2.6316959100293937, -4.440892098500626e-16], [3.642394798619496, 4.133580036586514, -2.418515743747121], [4.9842890464805425, 6.528489502757961, -2.3116092176492313], [5.231665054022793, 7.958023279638855, -4.446743103718315], [6.168641229301739, 10.349473973355371, -4.016787804187693], [4.676000823182288, 7.226813607703198, -6.51985688835328], [-0.7227675934029123, -1.9132666673114231, 0.15493801237308114], [-0.7720968742997594, 0.808827841325909, -1.7179163191415119], [-0.7379485632228284, 1.0746475077641762, 1.586821829531916], [3.5512548647343487, -1.0077175189313177, 1.6631463108274973], [3.577824633149785, -1.0607140805017914, -1.6212460275059153], [3.3992612523858785, 3.6956040087881528, 1.617964498400243], [6.129265458218933, 2.4407861298777576, 0.26005004281099287], [1.6371762485395016, 4.443368154139669, -2.725369839085891], [4.345440595006487, 3.1052284040814007, -4.036447602918115], [4.828251020429175, 7.48547832586881, -0.6971627293428226], [7.375727990534626, 10.565235416810744, -2.5877527815978936], [6.69110239704104, 11.226916079926845, -5.5990364227383616]], "name": "C5H12N2O", "identifiers": {"molecule_hash": "b27caaed75ba7c80512444f1783ad5ca782b30ff", "molecular_formula": "C5H12N2O"}, "molecular_charge": 0.0, "molecular_multiplicity": 1, "connectivity": [[0, 1, 1.0], [0, 8, 1.0], [0, 9, 1.0], [0, 10, 1.0], [1, 2, 1.0], [1, 11, 1.0], [1, 12, 1.0], [2, 3, 1.0], [2, 13, 1.0], [2, 14, 1.0], [3, 4, 1.0], [3, 15, 1.0], [3, 16, 1.0], [4, 5, 1.0], [4, 17, 1.0], [5, 6, 1.0], [5, 7, 2.0], [6, 18, 1.0], [6, 19, 1.0]], "fix_com": true, "fix_orientation": true, "provenance": {"creator": "QCElemental", "version": "v0.22.0", "routine": "qcelemental.molparse.from_schema"}, "id": "146314"}, "charge": 0, "optimize_geometry": false, "conformers": [], "conformer_generation_options": {"n_conformer_pool": 4000, "n_max_conformers": 0, "rms_tolerance": 0.05, "energy_window": 15, "keep_original_conformer": true}, "stage_1_unrestrained_charges": null, "stage_1_restrained_charges": null, "stage_2_unrestrained_charges": null, "stage_2_restrained_charges": null, "keep_original_orientation": false, "reorientations": [], "translations": [], "rotations": []}}]}, "surface_constraints": {"matrix": [[1916.3052571032192, 1855.9819628867376, 1787.0875598336247, 1713.5344689928736, 1630.5132946272427, 1549.9334504479384, 1439.831860832478, 1551.8957547960135, 1921.1350327263533, 1921.0830684881369, 1929.1449850753602, 1844.8523885525879, 1844.9561568712093, 1781.6044032300972, 1775.832028415401, 1717.684098795077, 1703.5641035231422, 1616.0958280565967, 1424.265521413934, 1373.2939803755996], [1855.9819628867376, 1903.9056287901515, 1857.9288374273765, 1784.8098153643602, 1695.0089312123757, 1606.7035152761964, 1488.6500391416164, 1607.8881460581688, 1833.9850827571647, 1834.3850821636395, 1840.461123723483, 1924.6984767270917, 1924.179387617497, 1856.2423643480972, 1857.6224751192278, 1787.5153947405656, 1780.724225410922, 1677.0535920812747, 1467.0140026672502, 1424.8547955838949], [1787.0875598336247, 1857.9288374273765, 1911.9044327950078, 1858.1095101183864, 1801.0853016945432, 1724.2131578402295, 1607.2904270237789, 1725.7416681703357, 1754.590435191406, 1747.579572987724, 1787.9730010985056, 1851.43810734788, 1848.8738235465737, 1941.305673967431, 1941.466910440624, 1849.155171860213, 1850.098168005057, 1787.6953721128423, 1582.008889755453, 1543.8273005165847], [1713.5344689928736, 1784.8098153643602, 1858.1095101183864, 1904.0585348501347, 1865.20704669206, 1791.5126934410982, 1680.4120565330159, 1786.7615912293813, 1689.0222805116389, 1680.550639179513, 1702.3172178229447, 1760.957324459732, 1781.9975505845246, 1858.4446260555922, 1858.0302994401998, 1925.6102000227186, 1926.3745460842626, 1861.9202180463192, 1650.5433138746791, 1618.2765609457006], [1630.5132946272427, 1695.0089312123757, 1801.0853016945432, 1865.20704669206, 1914.1944622910821, 1863.4427732182426, 1802.014399406294, 1824.9543156597929, 1607.9600462562787, 1598.147898013429, 1623.3988361729878, 1656.1471335250849, 1682.3540458750251, 1806.2524290220406, 1812.7056288188824, 1859.7215620342313, 1860.4919484966317, 1944.4847198466941, 1789.522276008497, 1746.7906213232623], [1549.9334504479384, 1606.7035152761964, 1724.2131578402295, 1791.5126934410982, 1863.4427732182426, 1893.5426603065202, 1853.9837467013917, 1895.8709170741452, 1525.3739526911152, 1517.748093972205, 1551.1829610475015, 1568.2986368167715, 1581.5202859678855, 1727.8372644406677, 1747.0457020928063, 1780.6723153394664, 1779.954864407332, 1857.7668293652853, 1833.0302633621054, 1822.1206956872284], [1439.831860832478, 1488.6500391416164, 1607.2904270237789, 1680.4120565330159, 1802.014399406294, 1853.9837467013917, 1901.2426720312378, 1813.8384708402775, 1417.6610834197506, 1411.1673179222075, 1442.7492301108173, 1446.0296103925355, 1464.7152694949643, 1611.5832028811312, 1627.6819370109033, 1655.7642153716333, 1654.8033303953093, 1826.1115679840218, 1907.9120008676844, 1893.6497274681578], [1551.8957547960135, 1607.8881460581688, 1725.7416681703357, 1786.7615912293813, 1824.9543156597929, 1895.8709170741452, 1813.8384708402775, 1978.0894076279053, 1527.0566151497917, 1517.568761549388, 1555.656683663179, 1575.329739933491, 1574.5368691397437, 1726.7745556812818, 1756.398199805135, 1786.1128626502239, 1784.8306548480346, 1773.9115123204972, 1771.4098040026518, 1789.3345721655921], [1921.1350327263533, 1833.9850827571647, 1754.590435191406, 1689.0222805116389, 1607.9600462562787, 1525.3739526911152, 1417.6610834197506, 1527.0566151497917, 2006.3252836638003, 1897.8438592873713, 1904.6027614438951, 1818.006598876817, 1817.0487342949614, 1738.5555021863543, 1740.8626278041966, 1696.3079937601178, 1680.6272254355213, 1597.2573853057222, 1406.9033490048869, 1349.8778577020573], [1921.0830684881369, 1834.3850821636395, 1747.579572987724, 1680.550639179513, 1598.147898013429, 1517.748093972205, 1411.1673179222075, 1517.568761549388, 1897.8438592873713, 2005.1960443431797, 1904.592349810373, 1810.814089800731, 1831.71725032699, 1724.8009682567647, 1736.8535589072833, 1682.4789722341284, 1677.6845356271415, 1586.326163714308, 1398.4541870067414, 1343.8211271769842], [1929.1449850753602, 1840.461123723483, 1787.9730010985056, 1702.3172178229447, 1623.3988361729878, 1551.1829610475015, 1442.7492301108173, 1555.656683663179, 1904.6027614438951, 1904.592349810373, 2025.5567603839293, 1821.2779227400372, 1802.1636601222438, 1807.8845048263906, 1771.6787136834726, 1707.273528560435, 1679.866585645843, 1606.0379996828358, 1424.4057219712604, 1377.0002393322222], [1844.8523885525879, 1924.6984767270917, 1851.43810734788, 1760.957324459732, 1656.1471335250849, 1568.2986368167715, 1446.0296103925355, 1575.329739933491, 1818.006598876817, 1810.814089800731, 1821.2779227400372, 2023.725509140835, 1914.585037259363, 1855.500744642535, 1838.49024564485, 1773.9485130458359, 1747.8674604460448, 1628.7196778938808, 1418.2293505547111, 1389.0955568815018], [1844.9561568712093, 1924.179387617497, 1848.8738235465737, 1781.9975505845246, 1682.3540458750251, 1581.5202859678855, 1464.7152694949643, 1574.5368691397437, 1817.0487342949614, 1831.71725032699, 1802.1636601222438, 1914.585037259363, 2024.2160726870225, 1820.1417373684008, 1847.1803018426904, 1780.7819897047025, 1794.3408822307936, 1668.934181556345, 1448.4488914623955, 1397.509813991431], [1781.6044032300972, 1856.2423643480972, 1941.305673967431, 1858.4446260555922, 1806.2524290220406, 1727.8372644406677, 1611.5832028811312, 1726.7745556812818, 1738.5555021863543, 1724.8009682567647, 1807.8845048263906, 1855.500744642535, 1820.1417373684008, 2047.7827763429827, 1942.3700097735239, 1837.7714033286984, 1834.8023388006277, 1796.707377707614, 1583.9129157552895, 1548.817064176842], [1775.832028415401, 1857.6224751192278, 1941.466910440624, 1858.0302994401998, 1812.7056288188824, 1747.0457020928063, 1627.6819370109033, 1756.398199805135, 1740.8626278041966, 1736.8535589072833, 1771.6787136834726, 1838.49024564485, 1847.1803018426904, 1942.3700097735239, 2047.5742729235849, 1827.3098304496032, 1838.9345766301246, 1791.5569900233506, 1604.2974674353188, 1564.2601664420538], [1717.684098795077, 1787.5153947405656, 1849.155171860213, 1925.6102000227186, 1859.7215620342313, 1780.6723153394664, 1655.7642153716333, 1786.1128626502239, 1696.3079937601178, 1682.4789722341284, 1707.273528560435, 1773.9485130458359, 1780.7819897047025, 1837.7714033286984, 1827.3098304496032, 2021.7845367585128, 1920.2894259575182, 1847.1798270872061, 1614.9729983337786, 1595.7528182247504], [1703.5641035231422, 1780.724225410922, 1850.098168005057, 1926.3745460842626, 1860.4919484966317, 1779.954864407332, 1654.8033303953093, 1784.8306548480346, 1680.6272254355213, 1677.6845356271415, 1679.866585645843, 1747.8674604460448, 1794.3408822307936, 1834.8023388006277, 1838.9345766301246, 1920.2894259575182, 2023.1141428754036, 1848.0739732433472, 1621.3906255668394, 1588.549473366101], [1616.0958280565967, 1677.0535920812747, 1787.6953721128423, 1861.9202180463192, 1944.4847198466941, 1857.7668293652853, 1826.1115679840218, 1773.9115123204972, 1597.2573853057222, 1586.326163714308, 1606.0379996828358, 1628.7196778938808, 1668.934181556345, 1796.707377707614, 1791.5569900233506, 1847.1798270872061, 1848.0739732433472, 2039.0693249113663, 1827.6771464214023, 1761.535333494364], [1424.265521413934, 1467.0140026672502, 1582.008889755453, 1650.5433138746791, 1789.522276008497, 1833.0302633621054, 1907.9120008676844, 1771.4098040026518, 1406.9033490048869, 1398.4541870067414, 1424.4057219712604, 1418.2293505547111, 1448.4488914623955, 1583.9129157552895, 1604.2974674353188, 1614.9729983337786, 1621.3906255668394, 1827.6771464214023, 1985.1040730353654, 1869.3181668347693], [1373.2939803755996, 1424.8547955838949, 1543.8273005165847, 1618.2765609457006, 1746.7906213232623, 1822.1206956872284, 1893.6497274681578, 1789.3345721655921, 1349.8778577020573, 1343.8211271769842, 1377.0002393322222, 1389.0955568815018, 1397.509813991431, 1548.817064176842, 1564.2601664420538, 1595.7528182247504, 1588.549473366101, 1761.535333494364, 1869.3181668347693, 1955.5854425352736], [-5.014306379258738, -3.5923871956318556, -11.441015356603243, -10.640744024326434, 5.440646945298292, -34.75739101655066, 1.2423166236058536, -94.59033168576555, -3.4043289922812816, -2.69009589566609, -9.264075864258313, -6.248164011252539, 6.482732923533135, -10.290696275834598, -20.522095676377752, -15.972085597348247, -14.765177119761116, 47.78068967048379, 28.29801900154491, 4.282746035630252]]}}