{"resp_b": 0.1, "restrained_fit": true, "exclude_hydrogens": true, "convergence_tolerance": 1e-06, "max_iter": 500, "resp_a": 0.0005, "charge_constraints": {"charge_sum_constraints": [], "charge_equivalence_constraints": [], "molecules": [{"qcmol": {"schema_name": "qcschema_molecule", "schema_version": 2, "validated": true, "symbols": ["C", "C", "C", "C", "N", "C", "N", "O", "H", "H", "H", "H", "H", "H", "H", "H", "H", "H", "H", "H"], "geometry": [[0.0, 0.0, -0.0], [2.891636317455367, 1.0331963898564533e-15, -1.5116759134076629e-15], [4.1016944655046235, 2.6316959100293937, -4.440892098500626e-16], [3.642394798619496, 4.133580036586514, -2.418515743747121], [4.9842890464805425, 6.528489502757961, -2.3116092176492313], [5.231665054022793, 7.958023279638855, -4.446743103718315], [6.168641229301739, 10.349473973355371, -4.016787804187693], [4.676000823182288, 7.226813607703198, -6.51985688835328], [-0.7227675934029123, -1.9132666673114231, 0.15493801237308114], [-0.7720968742997594, 0.808827841325909, -1.7179163191415119], [-0.7379485632228284, 1.0746475077641762, 1.586821829531916], [3.5512548647343487, -1.0077175189313177, 1.6631463108274973], [3.577824633149785, -1.0607140805017914, -1.6212460275059153], [3.3992612523858785, 3.6956040087881528, 1.617964498400243], [6.129265458218933, 2.4407861298777576, 0.26005004281099287], [1.6371762485395016, 4.443368154139669, -2.725369839085891], [4.345440595006487, 3.1052284040814007, -4.036447602918115], [4.828251020429175, 7.48547832586881, -0.6971627293428226], [7.375727990534626, 10.565235416810744, -2.5877527815978936], [6.69110239704104, 11.226916079926845, -5.5990364227383616]], "name": "C5H12N2O", "identifiers": {"molecule_hash": "b27caaed75ba7c80512444f1783ad5ca782b30ff", "molecular_formula": "C5H12N2O"}, "molecular_charge": 0.0, "molecular_multiplicity": 1, "connectivity": [[0, 1, 1.0], [0, 8, 1.0], [0, 9, 1.0], [0, 10, 1.0], [1, 2, 1.0], [1, 11, 1.0], [1, 12, 1.0], [2, 3, 1.0], [2, 13, 1.0], [2, 14, 1.0], [3, 4, 1.0], [3, 15, 1.0], [3, 16, 1.0], [4, 5, 1.0], [4, 17, 1.0], [5, 6, 1.0], [5, 7, 2.0], [6, 18, 1.0], [6, 19, 1.0]], "fix_com": true, "fix_orientation": true, "provenance": {"creator": "QCElemental", "version": "v0.22.0", "routine": "qcelemental.molparse.from_schema"}, "id": "146314"}, "charge": 0, "optimize_geometry": false, "conformers": [], "conformer_generation_options": {"n_conformer_pool": 4000, "n_max_conformers": 0, "rms_tolerance": 0.05, "energy_window": 15, "keep_original_conformer": true}, "stage_1_unrestrained_charges": null, "stage_1_restrained_charges": null, "stage_2_unrestrained_charges": null, "stage_2_restrained_charges": null, "keep_original_orientation": false, "reorientations": [], "translations": [], "rotations": []}], "unconstrained_atoms": [{"index": 0, "molecule": {"qcmol": {"schema_name": "qcschema_molecule", "schema_version": 2, "validated": true, "symbols": ["C", "C", "C", "C", "N", "C", "N", "O", "H", "H", "H", "H", "H", "H", "H", "H", "H", "H", "H", "H"], "geometry": [[0.0, 0.0, -0.0], [2.891636317455367, 1.0331963898564533e-15, -1.5116759134076629e-15], [4.1016944655046235, 2.6316959100293937, -4.440892098500626e-16], [3.642394798619496, 4.133580036586514, -2.418515743747121], [4.9842890464805425, 6.528489502757961, -2.3116092176492313], [5.231665054022793, 7.958023279638855, -4.446743103718315], [6.168641229301739, 10.349473973355371, -4.016787804187693], [4.676000823182288, 7.226813607703198, -6.51985688835328], [-0.7227675934029123, -1.9132666673114231, 0.15493801237308114], [-0.7720968742997594, 0.808827841325909, -1.7179163191415119], [-0.7379485632228284, 1.0746475077641762, 1.586821829531916], [3.5512548647343487, -1.0077175189313177, 1.6631463108274973], [3.577824633149785, -1.0607140805017914, -1.6212460275059153], [3.3992612523858785, 3.6956040087881528, 1.617964498400243], [6.129265458218933, 2.4407861298777576, 0.26005004281099287], [1.6371762485395016, 4.443368154139669, -2.725369839085891], [4.345440595006487, 3.1052284040814007, -4.036447602918115], [4.828251020429175, 7.48547832586881, -0.6971627293428226], [7.375727990534626, 10.565235416810744, -2.5877527815978936], [6.69110239704104, 11.226916079926845, -5.5990364227383616]], "name": "C5H12N2O", "identifiers": {"molecule_hash": "b27caaed75ba7c80512444f1783ad5ca782b30ff", "molecular_formula": "C5H12N2O"}, "molecular_charge": 0.0, "molecular_multiplicity": 1, "connectivity": [[0, 1, 1.0], [0, 8, 1.0], [0, 9, 1.0], [0, 10, 1.0], [1, 2, 1.0], [1, 11, 1.0], [1, 12, 1.0], [2, 3, 1.0], [2, 13, 1.0], [2, 14, 1.0], [3, 4, 1.0], [3, 15, 1.0], [3, 16, 1.0], [4, 5, 1.0], [4, 17, 1.0], [5, 6, 1.0], [5, 7, 2.0], [6, 18, 1.0], [6, 19, 1.0]], "fix_com": true, "fix_orientation": true, "provenance": {"creator": "QCElemental", "version": "v0.22.0", "routine": "qcelemental.molparse.from_schema"}, "id": "146314"}, "charge": 0, "optimize_geometry": false, "conformers": [], "conformer_generation_options": {"n_conformer_pool": 4000, "n_max_conformers": 0, "rms_tolerance": 0.05, "energy_window": 15, "keep_original_conformer": true}, "stage_1_unrestrained_charges": null, "stage_1_restrained_charges": null, "stage_2_unrestrained_charges": null, "stage_2_restrained_charges": null, "keep_original_orientation": false, "reorientations": [], "translations": [], "rotations": []}}, {"index": 1, "molecule": {"qcmol": {"schema_name": "qcschema_molecule", "schema_version": 2, "validated": true, "symbols": ["C", "C", "C", "C", "N", "C", "N", "O", "H", "H", "H", "H", "H", "H", "H", "H", "H", "H", "H", "H"], "geometry": [[0.0, 0.0, -0.0], [2.891636317455367, 1.0331963898564533e-15, -1.5116759134076629e-15], [4.1016944655046235, 2.6316959100293937, -4.440892098500626e-16], [3.642394798619496, 4.133580036586514, -2.418515743747121], [4.9842890464805425, 6.528489502757961, -2.3116092176492313], [5.231665054022793, 7.958023279638855, -4.446743103718315], [6.168641229301739, 10.349473973355371, -4.016787804187693], [4.676000823182288, 7.226813607703198, -6.51985688835328], [-0.7227675934029123, -1.9132666673114231, 0.15493801237308114], [-0.7720968742997594, 0.808827841325909, -1.7179163191415119], [-0.7379485632228284, 1.0746475077641762, 1.586821829531916], [3.5512548647343487, -1.0077175189313177, 1.6631463108274973], [3.577824633149785, -1.0607140805017914, -1.6212460275059153], [3.3992612523858785, 3.6956040087881528, 1.617964498400243], [6.129265458218933, 2.4407861298777576, 0.26005004281099287], [1.6371762485395016, 4.443368154139669, -2.725369839085891], [4.345440595006487, 3.1052284040814007, -4.036447602918115], [4.828251020429175, 7.48547832586881, -0.6971627293428226], [7.375727990534626, 10.565235416810744, -2.5877527815978936], [6.69110239704104, 11.226916079926845, -5.5990364227383616]], "name": "C5H12N2O", "identifiers": {"molecule_hash": "b27caaed75ba7c80512444f1783ad5ca782b30ff", "molecular_formula": "C5H12N2O"}, "molecular_charge": 0.0, "molecular_multiplicity": 1, "connectivity": [[0, 1, 1.0], [0, 8, 1.0], [0, 9, 1.0], [0, 10, 1.0], [1, 2, 1.0], [1, 11, 1.0], [1, 12, 1.0], [2, 3, 1.0], [2, 13, 1.0], [2, 14, 1.0], [3, 4, 1.0], [3, 15, 1.0], [3, 16, 1.0], [4, 5, 1.0], [4, 17, 1.0], [5, 6, 1.0], [5, 7, 2.0], [6, 18, 1.0], [6, 19, 1.0]], "fix_com": true, "fix_orientation": true, "provenance": {"creator": "QCElemental", "version": "v0.22.0", "routine": "qcelemental.molparse.from_schema"}, "id": "146314"}, "charge": 0, "optimize_geometry": false, "conformers": [], "conformer_generation_options": {"n_conformer_pool": 4000, "n_max_conformers": 0, "rms_tolerance": 0.05, "energy_window": 15, "keep_original_conformer": true}, "stage_1_unrestrained_charges": null, "stage_1_restrained_charges": null, "stage_2_unrestrained_charges": null, "stage_2_restrained_charges": null, "keep_original_orientation": false, "reorientations": [], "translations": [], "rotations": []}}, {"index": 2, "molecule": {"qcmol": {"schema_name": "qcschema_molecule", "schema_version": 2, "validated": true, "symbols": ["C", "C", "C", "C", "N", "C", "N", "O", "H", "H", "H", "H", "H", "H", "H", "H", "H", "H", "H", "H"], "geometry": [[0.0, 0.0, -0.0], [2.891636317455367, 1.0331963898564533e-15, -1.5116759134076629e-15], [4.1016944655046235, 2.6316959100293937, -4.440892098500626e-16], [3.642394798619496, 4.133580036586514, -2.418515743747121], [4.9842890464805425, 6.528489502757961, -2.3116092176492313], [5.231665054022793, 7.958023279638855, -4.446743103718315], [6.168641229301739, 10.349473973355371, -4.016787804187693], [4.676000823182288, 7.226813607703198, -6.51985688835328], [-0.7227675934029123, -1.9132666673114231, 0.15493801237308114], [-0.7720968742997594, 0.808827841325909, -1.7179163191415119], [-0.7379485632228284, 1.0746475077641762, 1.586821829531916], [3.5512548647343487, -1.0077175189313177, 1.6631463108274973], [3.577824633149785, -1.0607140805017914, -1.6212460275059153], [3.3992612523858785, 3.6956040087881528, 1.617964498400243], [6.129265458218933, 2.4407861298777576, 0.26005004281099287], [1.6371762485395016, 4.443368154139669, -2.725369839085891], [4.345440595006487, 3.1052284040814007, -4.036447602918115], [4.828251020429175, 7.48547832586881, -0.6971627293428226], [7.375727990534626, 10.565235416810744, -2.5877527815978936], [6.69110239704104, 11.226916079926845, -5.5990364227383616]], "name": "C5H12N2O", "identifiers": {"molecule_hash": "b27caaed75ba7c80512444f1783ad5ca782b30ff", "molecular_formula": "C5H12N2O"}, "molecular_charge": 0.0, "molecular_multiplicity": 1, "connectivity": [[0, 1, 1.0], [0, 8, 1.0], [0, 9, 1.0], [0, 10, 1.0], [1, 2, 1.0], [1, 11, 1.0], [1, 12, 1.0], [2, 3, 1.0], [2, 13, 1.0], [2, 14, 1.0], [3, 4, 1.0], [3, 15, 1.0], [3, 16, 1.0], [4, 5, 1.0], [4, 17, 1.0], [5, 6, 1.0], [5, 7, 2.0], [6, 18, 1.0], [6, 19, 1.0]], "fix_com": true, "fix_orientation": true, "provenance": {"creator": "QCElemental", "version": "v0.22.0", "routine": "qcelemental.molparse.from_schema"}, "id": "146314"}, "charge": 0, "optimize_geometry": false, "conformers": [], "conformer_generation_options": {"n_conformer_pool": 4000, "n_max_conformers": 0, "rms_tolerance": 0.05, "energy_window": 15, "keep_original_conformer": true}, "stage_1_unrestrained_charges": null, "stage_1_restrained_charges": null, "stage_2_unrestrained_charges": null, "stage_2_restrained_charges": null, "keep_original_orientation": false, "reorientations": [], "translations": [], "rotations": []}}, {"index": 3, "molecule": {"qcmol": {"schema_name": "qcschema_molecule", "schema_version": 2, "validated": true, "symbols": ["C", "C", "C", "C", "N", "C", "N", "O", "H", "H", "H", "H", "H", "H", "H", "H", "H", "H", "H", "H"], "geometry": [[0.0, 0.0, -0.0], [2.891636317455367, 1.0331963898564533e-15, -1.5116759134076629e-15], [4.1016944655046235, 2.6316959100293937, -4.440892098500626e-16], [3.642394798619496, 4.133580036586514, -2.418515743747121], [4.9842890464805425, 6.528489502757961, -2.3116092176492313], [5.231665054022793, 7.958023279638855, -4.446743103718315], [6.168641229301739, 10.349473973355371, -4.016787804187693], [4.676000823182288, 7.226813607703198, -6.51985688835328], [-0.7227675934029123, -1.9132666673114231, 0.15493801237308114], [-0.7720968742997594, 0.808827841325909, -1.7179163191415119], [-0.7379485632228284, 1.0746475077641762, 1.586821829531916], [3.5512548647343487, -1.0077175189313177, 1.6631463108274973], [3.577824633149785, -1.0607140805017914, -1.6212460275059153], [3.3992612523858785, 3.6956040087881528, 1.617964498400243], [6.129265458218933, 2.4407861298777576, 0.26005004281099287], [1.6371762485395016, 4.443368154139669, -2.725369839085891], [4.345440595006487, 3.1052284040814007, -4.036447602918115], [4.828251020429175, 7.48547832586881, -0.6971627293428226], [7.375727990534626, 10.565235416810744, -2.5877527815978936], [6.69110239704104, 11.226916079926845, -5.5990364227383616]], "name": "C5H12N2O", "identifiers": {"molecule_hash": "b27caaed75ba7c80512444f1783ad5ca782b30ff", "molecular_formula": "C5H12N2O"}, "molecular_charge": 0.0, "molecular_multiplicity": 1, "connectivity": [[0, 1, 1.0], [0, 8, 1.0], [0, 9, 1.0], [0, 10, 1.0], [1, 2, 1.0], [1, 11, 1.0], [1, 12, 1.0], [2, 3, 1.0], [2, 13, 1.0], [2, 14, 1.0], [3, 4, 1.0], [3, 15, 1.0], [3, 16, 1.0], [4, 5, 1.0], [4, 17, 1.0], [5, 6, 1.0], [5, 7, 2.0], [6, 18, 1.0], [6, 19, 1.0]], "fix_com": true, "fix_orientation": true, "provenance": {"creator": "QCElemental", "version": "v0.22.0", "routine": "qcelemental.molparse.from_schema"}, "id": "146314"}, "charge": 0, "optimize_geometry": false, "conformers": [], "conformer_generation_options": {"n_conformer_pool": 4000, "n_max_conformers": 0, "rms_tolerance": 0.05, "energy_window": 15, "keep_original_conformer": true}, "stage_1_unrestrained_charges": null, "stage_1_restrained_charges": null, "stage_2_unrestrained_charges": null, "stage_2_restrained_charges": null, "keep_original_orientation": false, "reorientations": [], "translations": [], "rotations": []}}]}, "surface_constraints": {"matrix": [[310616183920148.9, 300838328027667.75, 289671174243776.6, 277748811117528.22, 264291718588422.44, 251230445864341.16, 233383892201357.4, 251548581064068.7, 311399036331458.06, 311390628443902.56, 312697377010511.8, 299034321641160.9, 299051135616910.9, 288782421347591.9, 287846794458968.44, 278421396526733.0, 276132766679236.94, 261954702678407.1, 230860688323225.38, 222598718386610.84], [300838328027667.75, 308606346948033.1, 301153930750675.5, 289301990064549.44, 274745988393542.38, 260432452248844.3, 241296979394714.8, 260624512502654.97, 297272819438486.94, 297337664155053.5, 298322525412912.0, 311976683367465.7, 311892538806685.3, 300880570506880.56, 301104272354041.75, 289740545186485.2, 288639801249411.6, 271835540763733.34, 237789942427906.03, 230956350357326.12], [289671174243776.6, 301153930750675.5, 309902915814635.3, 301183234238740.8, 291940108021174.1, 279479783083903.06, 260527619685476.9, 279727537372745.3, 284403637345273.4, 283267324974348.4, 289814671525211.4, 300101834687073.0, 299686186739899.4, 314668601292188.5, 314694735718667.1, 299731812057415.5, 299884662903953.7, 289769713143676.75, 256429704046025.25, 250240811773675.97], [277748811117528.22, 289301990064549.44, 301183234238740.8, 308631164253444.7, 302333669734332.9, 290388451958158.9, 272379996810073.84, 289618347334996.75, 273775503034281.0, 272402480892601.72, 275930575527413.84, 285435756436158.4, 288846148964022.1, 301237555636429.4, 301170395776508.25, 312124495130176.56, 312248393493471.06, 301800896659944.5, 267538518891559.94, 262308390236035.56], [264291718588422.44, 274745988393542.38, 291940108021174.1, 302333669734332.9, 310274086059566.9, 302047670550315.1, 292090651316061.56, 295809037029896.3, 260635922265968.03, 259045627049787.9, 263138512440510.03, 268446877964531.72, 272694721603693.97, 292777684766352.6, 293823694112393.06, 301444511709529.2, 301569395913639.1, 315183862749215.25, 290065766114799.56, 283139377753604.6], [251230445864341.16, 260432452248844.3, 279479783083903.06, 290388451958158.9, 302047670550315.1, 306926586260274.9, 300514415545931.3, 307303984009120.2, 247249480724847.03, 246013549631707.16, 251432937948577.3, 254207401955839.9, 256350455458678.56, 280067236719124.56, 283180756588343.56, 288631340145604.1, 288515020846536.06, 301127641412770.2, 297118033052981.9, 295349697364514.94], [233383892201357.4, 241296979394714.8, 260527619685476.9, 272379996810073.84, 292090651316061.56, 300514415545931.3, 308174653805644.44, 294007228365842.25, 229790112631351.28, 228737681440633.7, 233856733437058.03, 234388625746556.7, 237417340410231.72, 261223468110238.2, 263832939854832.34, 268384810642263.3, 268229046021867.88, 295996581384427.3, 309255684796269.25, 306943909096041.5], [251548581064068.7, 260624512502654.97, 279727537372745.3, 289618347334996.75, 295809037029896.3, 307303984009120.2, 294007228365842.25, 320630885915052.3, 247522310917493.84, 245984555476844.94, 252158133443433.03, 255347124220513.25, 255218558119506.6, 279894957481480.22, 284696681926141.7, 289513235075800.75, 289305338161293.3, 287535438822167.1, 287129921307089.56, 290035351204036.75], [311399036331458.06, 297272819438486.94, 284403637345273.4, 273775503034281.0, 260635922265968.03, 247249480724847.03, 229790112631351.28, 247522310917493.84, 325207615067874.3, 307623741873920.7, 308719285521302.4, 294682890799070.8, 294527565502486.0, 281804540435343.44, 282178547208866.9, 274956386283763.16, 272414806804472.72, 258901015111243.16, 228046328084868.34, 218803091248720.0], [311390628443902.56, 297337664155053.5, 283267324974348.4, 272402480892601.72, 259045627049787.9, 246013549631707.16, 228737681440633.7, 245984555476844.94, 307623741873920.7, 325024609601056.1, 308717617708850.75, 293516975571891.1, 296905222044275.8, 279575127026405.28, 281528802464990.44, 272715010276567.3, 271937990929374.0, 257129346231025.44, 226676951724503.97, 217821483373566.47], [312697377010511.8, 298322525412912.0, 289814671525211.4, 275930575527413.84, 263138512440510.03, 251432937948577.3, 233856733437058.03, 252158133443433.03, 308719285521302.4, 308717617708850.75, 328324858941416.1, 295213093337273.94, 292114856186058.94, 293042179590038.2, 287173530446769.7, 276733928575964.12, 272291582205919.75, 260324420882202.66, 230883385781200.75, 223199433695045.72], [299034321641160.9, 311976683367465.7, 300101834687073.0, 285435756436158.4, 268446877964531.72, 254207401955839.9, 234388625746556.7, 255347124220513.25, 294682890799070.8, 293516975571891.1, 295213093337273.94, 328028095060029.06, 310337378721510.9, 300760339107722.4, 298003070065301.44, 287541581281951.0, 283314025421955.25, 264001089790211.53, 229882423405768.38, 225160133299919.84], [299051135616910.9, 311892538806685.3, 299686186739899.4, 288846148964022.1, 272694721603693.97, 256350455458678.56, 237417340410231.72, 255218558119506.6, 294527565502486.0, 296905222044275.8, 292114856186058.94, 310337378721510.9, 328107597848487.75, 295028972569065.6, 299411674319596.5, 288649096358203.2, 290846995288389.56, 270519423383387.38, 234780669160859.9, 226523946411884.88], [288782421347591.9, 300880570506880.56, 314668601292188.5, 301237555636429.4, 292777684766352.6, 280067236719124.56, 261223468110238.2, 279894957481480.22, 281804540435343.44, 279575127026405.28, 293042179590038.2, 300760339107722.4, 295028972569065.6, 331927608072224.25, 314841121659221.4, 297886624521710.94, 297405301848314.56, 291230523982787.4, 256738377696158.56, 251049631553201.9], [287846794458968.44, 301104272354041.75, 314694735718667.1, 301170395776508.25, 293823694112393.06, 283180756588343.56, 263832939854832.34, 284696681926141.7, 282178547208866.9, 281528802464990.44, 287173530446769.7, 298003070065301.44, 299411674319596.5, 314841121659221.4, 331893811908523.7, 296190852110930.2, 298075139298947.56, 290395704908919.6, 260042535310668.9, 253552826348348.28], [278421396526733.0, 289740545186485.2, 299731812057415.5, 312124495130176.56, 301444511709529.2, 288631340145604.1, 268384810642263.3, 289513235075800.75, 274956386283763.16, 272715010276567.3, 276733928575964.12, 287541581281951.0, 288649096358203.2, 297886624521710.94, 296190852110930.2, 327713508002463.56, 311262044063041.06, 299411582969489.9, 261772860972752.25, 258657527559956.4], [276132766679236.94, 288639801249411.6, 299884662903953.7, 312248393493471.06, 301569395913639.1, 288515020846536.06, 268229046021867.88, 289305338161293.3, 272414806804472.72, 271937990929374.0, 272291582205919.75, 283314025421955.25, 290846995288389.56, 297405301848314.56, 298075139298947.56, 311262044063041.06, 327929033793723.4, 299556559863347.0, 262813147282881.5, 257489864512484.38], [261954702678407.1, 271835540763733.34, 289769713143676.75, 301800896659944.5, 315183862749215.25, 301127641412770.2, 295996581384427.3, 287535438822167.1, 258901015111243.16, 257129346231025.44, 260324420882202.66, 264001089790211.53, 270519423383387.38, 291230523982787.4, 290395704908919.6, 299411582969489.9, 299556559863347.0, 330515189565032.25, 296250314631418.7, 285529367783723.25], [230860688323225.38, 237789942427906.03, 256429704046025.25, 267538518891559.94, 290065766114799.56, 297118033052981.9, 309255684796269.25, 287129921307089.56, 228046328084868.34, 226676951724503.97, 230883385781200.75, 229882423405768.38, 234780669160859.9, 256738377696158.56, 260042535310668.9, 261772860972752.25, 262813147282881.5, 296250314631418.7, 321767829941833.2, 302999970054095.4], [222598718386610.84, 230956350357326.12, 250240811773675.97, 262308390236035.56, 283139377753604.6, 295349697364514.94, 306943909096041.5, 290035351204036.75, 218803091248720.0, 217821483373566.47, 223199433695045.72, 225160133299919.84, 226523946411884.88, 251049631553201.9, 253552826348348.28, 258657527559956.4, 257489864512484.38, 285529367783723.25, 302999970054095.4, 316983147308007.5], [-812818433265.608, -582322650721.1986, -1854485602041.0984, -1724777804611.2886, 881876219674.428, -5633872913547.232, 201364843001.04626, -15332267763205.084, -551874894767.7411, -436097504138.96234, -1501646930500.42, -1012799977806.756, 1050758238703.5602, -1668013649482.9644, -3326430692923.6597, -2588963463992.5996, -2393299528105.2817, 7744827255495.264, 4586845685467.609, 694202742285.5894]]}}