{"resp_b": 0.1, "restrained_fit": true, "exclude_hydrogens": true, "convergence_tolerance": 1e-06, "max_iter": 500, "resp_a": 0.0005, "charge_constraints": {"charge_sum_constraints": [], "charge_equivalence_constraints": [], "molecules": [{"qcmol": {"schema_name": "qcschema_molecule", "schema_version": 2, "validated": true, "symbols": ["C", "C", "C", "C", "N", "C", "N", "O", "H", "H", "H", "H", "H", "H", "H", "H", "H", "H", "H", "H"], "geometry": [[0.0, 0.0, -0.0], [2.891636317455367, 1.0331963898564533e-15, -1.5116759134076629e-15], [4.1016944655046235, 2.6316959100293937, -4.440892098500626e-16], [3.642394798619496, 4.133580036586514, -2.418515743747121], [4.9842890464805425, 6.528489502757961, -2.3116092176492313], [5.231665054022793, 7.958023279638855, -4.446743103718315], [6.168641229301739, 10.349473973355371, -4.016787804187693], [4.676000823182288, 7.226813607703198, -6.51985688835328], [-0.7227675934029123, -1.9132666673114231, 0.15493801237308114], [-0.7720968742997594, 0.808827841325909, -1.7179163191415119], [-0.7379485632228284, 1.0746475077641762, 1.586821829531916], [3.5512548647343487, -1.0077175189313177, 1.6631463108274973], [3.577824633149785, -1.0607140805017914, -1.6212460275059153], [3.3992612523858785, 3.6956040087881528, 1.617964498400243], [6.129265458218933, 2.4407861298777576, 0.26005004281099287], [1.6371762485395016, 4.443368154139669, -2.725369839085891], [4.345440595006487, 3.1052284040814007, -4.036447602918115], [4.828251020429175, 7.48547832586881, -0.6971627293428226], [7.375727990534626, 10.565235416810744, -2.5877527815978936], [6.69110239704104, 11.226916079926845, -5.5990364227383616]], "name": "C5H12N2O", "identifiers": {"molecule_hash": "b27caaed75ba7c80512444f1783ad5ca782b30ff", "molecular_formula": "C5H12N2O"}, "molecular_charge": 0.0, "molecular_multiplicity": 1, "connectivity": [[0, 1, 1.0], [0, 8, 1.0], [0, 9, 1.0], [0, 10, 1.0], [1, 2, 1.0], [1, 11, 1.0], [1, 12, 1.0], [2, 3, 1.0], [2, 13, 1.0], [2, 14, 1.0], [3, 4, 1.0], [3, 15, 1.0], [3, 16, 1.0], [4, 5, 1.0], [4, 17, 1.0], [5, 6, 1.0], [5, 7, 2.0], [6, 18, 1.0], [6, 19, 1.0]], "fix_com": true, "fix_orientation": true, "provenance": {"creator": "QCElemental", "version": "v0.22.0", "routine": "qcelemental.molparse.from_schema"}, "id": "146314"}, "charge": 0, "optimize_geometry": false, "conformers": [], "conformer_generation_options": {"n_conformer_pool": 4000, "n_max_conformers": 0, "rms_tolerance": 0.05, "energy_window": 15, "keep_original_conformer": true}, "stage_1_unrestrained_charges": null, "stage_1_restrained_charges": null, "stage_2_unrestrained_charges": null, "stage_2_restrained_charges": null, "keep_original_orientation": false, "reorientations": [], "translations": [], "rotations": []}], "unconstrained_atoms": [{"index": 0, "molecule": {"qcmol": {"schema_name": "qcschema_molecule", "schema_version": 2, "validated": true, "symbols": ["C", "C", "C", "C", "N", "C", "N", "O", "H", "H", "H", "H", "H", "H", "H", "H", "H", "H", "H", "H"], "geometry": [[0.0, 0.0, -0.0], [2.891636317455367, 1.0331963898564533e-15, -1.5116759134076629e-15], [4.1016944655046235, 2.6316959100293937, -4.440892098500626e-16], [3.642394798619496, 4.133580036586514, -2.418515743747121], [4.9842890464805425, 6.528489502757961, -2.3116092176492313], [5.231665054022793, 7.958023279638855, -4.446743103718315], [6.168641229301739, 10.349473973355371, -4.016787804187693], [4.676000823182288, 7.226813607703198, -6.51985688835328], [-0.7227675934029123, -1.9132666673114231, 0.15493801237308114], [-0.7720968742997594, 0.808827841325909, -1.7179163191415119], [-0.7379485632228284, 1.0746475077641762, 1.586821829531916], [3.5512548647343487, -1.0077175189313177, 1.6631463108274973], [3.577824633149785, -1.0607140805017914, -1.6212460275059153], [3.3992612523858785, 3.6956040087881528, 1.617964498400243], [6.129265458218933, 2.4407861298777576, 0.26005004281099287], [1.6371762485395016, 4.443368154139669, -2.725369839085891], [4.345440595006487, 3.1052284040814007, -4.036447602918115], [4.828251020429175, 7.48547832586881, -0.6971627293428226], [7.375727990534626, 10.565235416810744, -2.5877527815978936], [6.69110239704104, 11.226916079926845, -5.5990364227383616]], "name": "C5H12N2O", "identifiers": {"molecule_hash": "b27caaed75ba7c80512444f1783ad5ca782b30ff", "molecular_formula": "C5H12N2O"}, "molecular_charge": 0.0, "molecular_multiplicity": 1, "connectivity": [[0, 1, 1.0], [0, 8, 1.0], [0, 9, 1.0], [0, 10, 1.0], [1, 2, 1.0], [1, 11, 1.0], [1, 12, 1.0], [2, 3, 1.0], [2, 13, 1.0], [2, 14, 1.0], [3, 4, 1.0], [3, 15, 1.0], [3, 16, 1.0], [4, 5, 1.0], [4, 17, 1.0], [5, 6, 1.0], [5, 7, 2.0], [6, 18, 1.0], [6, 19, 1.0]], "fix_com": true, "fix_orientation": true, "provenance": {"creator": "QCElemental", "version": "v0.22.0", "routine": "qcelemental.molparse.from_schema"}, "id": "146314"}, "charge": 0, "optimize_geometry": false, "conformers": [], "conformer_generation_options": {"n_conformer_pool": 4000, "n_max_conformers": 0, "rms_tolerance": 0.05, "energy_window": 15, "keep_original_conformer": true}, "stage_1_unrestrained_charges": null, "stage_1_restrained_charges": null, "stage_2_unrestrained_charges": null, "stage_2_restrained_charges": null, "keep_original_orientation": false, "reorientations": [], "translations": [], "rotations": []}}, {"index": 1, "molecule": {"qcmol": {"schema_name": "qcschema_molecule", "schema_version": 2, "validated": true, "symbols": ["C", "C", "C", "C", "N", "C", "N", "O", "H", "H", "H", "H", "H", "H", "H", "H", "H", "H", "H", "H"], "geometry": [[0.0, 0.0, -0.0], [2.891636317455367, 1.0331963898564533e-15, -1.5116759134076629e-15], [4.1016944655046235, 2.6316959100293937, -4.440892098500626e-16], [3.642394798619496, 4.133580036586514, -2.418515743747121], [4.9842890464805425, 6.528489502757961, -2.3116092176492313], [5.231665054022793, 7.958023279638855, -4.446743103718315], [6.168641229301739, 10.349473973355371, -4.016787804187693], [4.676000823182288, 7.226813607703198, -6.51985688835328], [-0.7227675934029123, -1.9132666673114231, 0.15493801237308114], [-0.7720968742997594, 0.808827841325909, -1.7179163191415119], [-0.7379485632228284, 1.0746475077641762, 1.586821829531916], [3.5512548647343487, -1.0077175189313177, 1.6631463108274973], [3.577824633149785, -1.0607140805017914, -1.6212460275059153], [3.3992612523858785, 3.6956040087881528, 1.617964498400243], [6.129265458218933, 2.4407861298777576, 0.26005004281099287], [1.6371762485395016, 4.443368154139669, -2.725369839085891], [4.345440595006487, 3.1052284040814007, -4.036447602918115], [4.828251020429175, 7.48547832586881, -0.6971627293428226], [7.375727990534626, 10.565235416810744, -2.5877527815978936], [6.69110239704104, 11.226916079926845, -5.5990364227383616]], "name": "C5H12N2O", "identifiers": {"molecule_hash": "b27caaed75ba7c80512444f1783ad5ca782b30ff", "molecular_formula": "C5H12N2O"}, "molecular_charge": 0.0, "molecular_multiplicity": 1, "connectivity": [[0, 1, 1.0], [0, 8, 1.0], [0, 9, 1.0], [0, 10, 1.0], [1, 2, 1.0], [1, 11, 1.0], [1, 12, 1.0], [2, 3, 1.0], [2, 13, 1.0], [2, 14, 1.0], [3, 4, 1.0], [3, 15, 1.0], [3, 16, 1.0], [4, 5, 1.0], [4, 17, 1.0], [5, 6, 1.0], [5, 7, 2.0], [6, 18, 1.0], [6, 19, 1.0]], "fix_com": true, "fix_orientation": true, "provenance": {"creator": "QCElemental", "version": "v0.22.0", "routine": "qcelemental.molparse.from_schema"}, "id": "146314"}, "charge": 0, "optimize_geometry": false, "conformers": [], "conformer_generation_options": {"n_conformer_pool": 4000, "n_max_conformers": 0, "rms_tolerance": 0.05, "energy_window": 15, "keep_original_conformer": true}, "stage_1_unrestrained_charges": null, "stage_1_restrained_charges": null, "stage_2_unrestrained_charges": null, "stage_2_restrained_charges": null, "keep_original_orientation": false, "reorientations": [], "translations": [], "rotations": []}}, {"index": 2, "molecule": {"qcmol": {"schema_name": "qcschema_molecule", "schema_version": 2, "validated": true, "symbols": ["C", "C", "C", "C", "N", "C", "N", "O", "H", "H", "H", "H", "H", "H", "H", "H", "H", "H", "H", "H"], "geometry": [[0.0, 0.0, -0.0], [2.891636317455367, 1.0331963898564533e-15, -1.5116759134076629e-15], [4.1016944655046235, 2.6316959100293937, -4.440892098500626e-16], [3.642394798619496, 4.133580036586514, -2.418515743747121], [4.9842890464805425, 6.528489502757961, -2.3116092176492313], [5.231665054022793, 7.958023279638855, -4.446743103718315], [6.168641229301739, 10.349473973355371, -4.016787804187693], [4.676000823182288, 7.226813607703198, -6.51985688835328], [-0.7227675934029123, -1.9132666673114231, 0.15493801237308114], [-0.7720968742997594, 0.808827841325909, -1.7179163191415119], [-0.7379485632228284, 1.0746475077641762, 1.586821829531916], [3.5512548647343487, -1.0077175189313177, 1.6631463108274973], [3.577824633149785, -1.0607140805017914, -1.6212460275059153], [3.3992612523858785, 3.6956040087881528, 1.617964498400243], [6.129265458218933, 2.4407861298777576, 0.26005004281099287], [1.6371762485395016, 4.443368154139669, -2.725369839085891], [4.345440595006487, 3.1052284040814007, -4.036447602918115], [4.828251020429175, 7.48547832586881, -0.6971627293428226], [7.375727990534626, 10.565235416810744, -2.5877527815978936], [6.69110239704104, 11.226916079926845, -5.5990364227383616]], "name": "C5H12N2O", "identifiers": {"molecule_hash": "b27caaed75ba7c80512444f1783ad5ca782b30ff", "molecular_formula": "C5H12N2O"}, "molecular_charge": 0.0, "molecular_multiplicity": 1, "connectivity": [[0, 1, 1.0], [0, 8, 1.0], [0, 9, 1.0], [0, 10, 1.0], [1, 2, 1.0], [1, 11, 1.0], [1, 12, 1.0], [2, 3, 1.0], [2, 13, 1.0], [2, 14, 1.0], [3, 4, 1.0], [3, 15, 1.0], [3, 16, 1.0], [4, 5, 1.0], [4, 17, 1.0], [5, 6, 1.0], [5, 7, 2.0], [6, 18, 1.0], [6, 19, 1.0]], "fix_com": true, "fix_orientation": true, "provenance": {"creator": "QCElemental", "version": "v0.22.0", "routine": "qcelemental.molparse.from_schema"}, "id": "146314"}, "charge": 0, "optimize_geometry": false, "conformers": [], "conformer_generation_options": {"n_conformer_pool": 4000, "n_max_conformers": 0, "rms_tolerance": 0.05, "energy_window": 15, "keep_original_conformer": true}, "stage_1_unrestrained_charges": null, "stage_1_restrained_charges": null, "stage_2_unrestrained_charges": null, "stage_2_restrained_charges": null, "keep_original_orientation": false, "reorientations": [], "translations": [], "rotations": []}}, {"index": 3, "molecule": {"qcmol": {"schema_name": "qcschema_molecule", "schema_version": 2, "validated": true, "symbols": ["C", "C", "C", "C", "N", "C", "N", "O", "H", "H", "H", "H", "H", "H", "H", "H", "H", "H", "H", "H"], "geometry": [[0.0, 0.0, -0.0], [2.891636317455367, 1.0331963898564533e-15, -1.5116759134076629e-15], [4.1016944655046235, 2.6316959100293937, -4.440892098500626e-16], [3.642394798619496, 4.133580036586514, -2.418515743747121], [4.9842890464805425, 6.528489502757961, -2.3116092176492313], [5.231665054022793, 7.958023279638855, -4.446743103718315], [6.168641229301739, 10.349473973355371, -4.016787804187693], [4.676000823182288, 7.226813607703198, -6.51985688835328], [-0.7227675934029123, -1.9132666673114231, 0.15493801237308114], [-0.7720968742997594, 0.808827841325909, -1.7179163191415119], [-0.7379485632228284, 1.0746475077641762, 1.586821829531916], [3.5512548647343487, -1.0077175189313177, 1.6631463108274973], [3.577824633149785, -1.0607140805017914, -1.6212460275059153], [3.3992612523858785, 3.6956040087881528, 1.617964498400243], [6.129265458218933, 2.4407861298777576, 0.26005004281099287], [1.6371762485395016, 4.443368154139669, -2.725369839085891], [4.345440595006487, 3.1052284040814007, -4.036447602918115], [4.828251020429175, 7.48547832586881, -0.6971627293428226], [7.375727990534626, 10.565235416810744, -2.5877527815978936], [6.69110239704104, 11.226916079926845, -5.5990364227383616]], "name": "C5H12N2O", "identifiers": {"molecule_hash": "b27caaed75ba7c80512444f1783ad5ca782b30ff", "molecular_formula": "C5H12N2O"}, "molecular_charge": 0.0, "molecular_multiplicity": 1, "connectivity": [[0, 1, 1.0], [0, 8, 1.0], [0, 9, 1.0], [0, 10, 1.0], [1, 2, 1.0], [1, 11, 1.0], [1, 12, 1.0], [2, 3, 1.0], [2, 13, 1.0], [2, 14, 1.0], [3, 4, 1.0], [3, 15, 1.0], [3, 16, 1.0], [4, 5, 1.0], [4, 17, 1.0], [5, 6, 1.0], [5, 7, 2.0], [6, 18, 1.0], [6, 19, 1.0]], "fix_com": true, "fix_orientation": true, "provenance": {"creator": "QCElemental", "version": "v0.22.0", "routine": "qcelemental.molparse.from_schema"}, "id": "146314"}, "charge": 0, "optimize_geometry": false, "conformers": [], "conformer_generation_options": {"n_conformer_pool": 4000, "n_max_conformers": 0, "rms_tolerance": 0.05, "energy_window": 15, "keep_original_conformer": true}, "stage_1_unrestrained_charges": null, "stage_1_restrained_charges": null, "stage_2_unrestrained_charges": null, "stage_2_restrained_charges": null, "keep_original_orientation": false, "reorientations": [], "translations": [], "rotations": []}}]}, "surface_constraints": {"matrix": [[767264374204491.2, 744930774128433.2, 719765225572075.8, 693510518204894.5, 662348393146263.4, 633886179076838.0, 592452705399101.2, 638067396719394.0, 771172914707367.8, 770611138162351.8, 773290042486012.0, 742039107237047.2, 741580496351167.2, 718228681844087.0, 716091530895096.6, 696451565362457.2, 690979997614081.0, 655700029609679.9, 587634959969483.6, 568495455164505.8], [744930774128433.2, 762282121895322.9, 745877587443894.8, 719864930849943.2, 686279670268262.2, 656138344600418.6, 611506661404105.8, 660928631657401.6, 738265458094801.8, 737977118822548.6, 740145217499868.0, 771637678284756.1, 770921227162671.5, 745937297597243.9, 746445947723188.2, 722126315190210.1, 719793709930138.5, 677736168265036.4, 603770057696359.9, 589324613284796.6], [719765225572075.8, 745877587443894.8, 765711526968790.6, 747113130667164.0, 725868365989299.4, 700226825220958.5, 657227785908790.6, 704875252097299.4, 708851559067707.2, 705925803622072.2, 720845543711164.6, 744878691195191.0, 743570698849735.0, 777623097802072.4, 777522828164202.2, 745112132783194.1, 745834316835468.5, 719508385792364.9, 648509945282651.8, 636004573261158.1], [693510518204894.5, 719864930849943.2, 747113130667164.0, 765549672790049.6, 751447574137508.8, 724618165913331.2, 685211697552479.9, 724503326220154.5, 685452363863763.0, 681973030661999.5, 689857702592130.8, 712066599260452.1, 719758582884235.1, 747940184815007.1, 747664680280350.6, 775182523825999.0, 775783386269271.1, 751950387259862.8, 675000866292308.0, 663904134250758.9], [662348393146263.4, 686279670268262.2, 725868365989299.4, 751447574137508.8, 770398559124024.1, 751474665137255.8, 732327666637434.5, 737715351674287.9, 654671204057715.9, 651189706702421.1, 660129647862484.5, 672533982433869.9, 682102729107993.2, 728398891530931.9, 730794530131955.6, 750742302771363.8, 751298670789013.5, 784364003081918.4, 729439229668862.2, 714432153278756.4], [633886179076838.0, 656138344600418.6, 700226825220958.5, 724618165913331.2, 751474665137255.8, 763637903166358.4, 753688015111015.0, 765451426593529.4, 624927684358947.5, 621982251800330.9, 635128446927540.1, 643117395565589.9, 647142718708171.6, 703023664464279.4, 710357759598072.8, 721220122337623.2, 721301757629821.1, 751324913038129.8, 747989142269341.5, 745491790622093.5], [592452705399101.2, 611506661404105.8, 657227785908790.6, 685211697552479.9, 732327666637434.5, 753688015111015.0, 777297429857931.5, 738678015019583.2, 583883344498226.9, 582045420294383.4, 594561445474792.5, 596162861574906.9, 602370848590682.1, 660000402141104.0, 666388434871699.9, 676262468405882.9, 676057598235294.2, 743281860324526.6, 781633446790059.9, 778030762064332.0], [638067396719394.0, 660928631657401.6, 704875252097299.4, 724503326220154.5, 737715351674287.9, 765451426593529.4, 738678015019583.2, 797375252110527.1, 629132579334830.8, 624397215582134.9, 640417948142015.5, 650827059260438.6, 648975511496269.1, 707358248892811.9, 718721627955340.8, 724569731342880.1, 724614277878185.5, 719646131541036.9, 724631133874714.5, 733325996410992.8], [771172914707367.8, 738265458094801.8, 708851559067707.2, 685452363863763.0, 654671204057715.9, 624927684358947.5, 583883344498226.9, 629132579334830.8, 806357149931146.5, 763817599213767.0, 765880073369506.1, 733186695744310.1, 732547327662385.1, 703080494196453.2, 704211222409631.1, 689799922129794.4, 683474080178581.2, 649107391989250.0, 581169397256198.4, 559260996586615.6], [770611138162351.8, 737977118822548.6, 705925803622072.2, 681973030661999.5, 651189706702421.1, 621982251800330.9, 582045420294383.4, 624397215582134.9, 763817599213767.0, 804613167063951.2, 765466950555983.0, 730152793659816.4, 737537143827135.4, 697541772074765.6, 702402363348158.0, 683962803341753.2, 681963808877706.8, 646164820801808.5, 578529891446332.0, 557064437122974.8], [773290042486012.0, 740145217499868.0, 720845543711164.6, 689857702592130.8, 660129647862484.5, 635128446927540.1, 594561445474792.5, 640417948142015.5, 765880073369506.1, 765466950555983.0, 811616763409179.9, 734036191343549.2, 726156093077577.0, 729263229254367.5, 715133269668351.9, 693112495734825.9, 682456818298791.8, 652381081726443.0, 588610959249043.8, 571059961603927.6], [742039107237047.2, 771637678284756.1, 744878691195191.0, 712066599260452.1, 672533982433869.9, 643117395565589.9, 596162861574906.9, 650827059260438.6, 733186695744310.1, 730152793659816.4, 734036191343549.2, 811531456200498.4, 768679010096619.0, 747071768378305.0, 740377707939225.1, 718314049824753.9, 708371776004824.6, 659911783343511.4, 585467376826307.8, 576662586096439.0], [741580496351167.2, 770921227162671.5, 743570698849735.0, 719758582884235.1, 682102729107993.2, 647142718708171.6, 602370848590682.1, 648975511496269.1, 732547327662385.1, 737537143827135.4, 726156093077577.0, 768679010096619.0, 810524155440217.0, 733014626672304.1, 743632327078603.1, 720365191775244.6, 726215031330954.0, 674800719635787.4, 596454859880294.8, 578719486438659.9], [718228681844087.0, 745937297597243.9, 777623097802072.4, 747940184815007.1, 728398891530931.9, 703023664464279.4, 660000402141104.0, 707358248892811.9, 703080494196453.2, 697541772074765.6, 729263229254367.5, 747071768378305.0, 733014626672304.1, 819384189271324.1, 778647108703720.6, 741234307853609.4, 740573837393353.1, 722708310899511.8, 650227029697856.8, 639298161689361.4], [716091530895096.6, 746445947723188.2, 777522828164202.2, 747664680280350.6, 730794530131955.6, 710357759598072.8, 666388434871699.9, 718721627955340.8, 704211222409631.1, 702402363348158.0, 715133269668351.9, 740377707939225.1, 743632327078603.1, 778647108703720.6, 818876443591301.8, 737297427723319.8, 742088876614155.9, 720319676931649.0, 658601262001347.6, 645777118600515.6], [696451565362457.2, 722126315190210.1, 745112132783194.1, 775182523825999.0, 750742302771363.8, 721220122337623.2, 676262468405882.9, 724569731342880.1, 689799922129794.4, 683962803341753.2, 693112495734825.9, 718314049824753.9, 720365191775244.6, 741234307853609.4, 737297427723319.8, 813977245865052.6, 774576421530832.5, 748566669195382.4, 661384875585463.2, 655176569090318.8], [690979997614081.0, 719793709930138.5, 745834316835468.5, 775783386269271.1, 751298670789013.5, 721301757629821.1, 676057598235294.2, 724614277878185.5, 683474080178581.2, 681963808877706.8, 682456818298791.8, 708371776004824.6, 726215031330954.0, 740573837393353.1, 742088876614155.9, 774576421530832.5, 815111148846354.8, 748648382016579.8, 664322852271896.2, 652525940053124.9], [655700029609679.9, 677736168265036.4, 719508385792364.9, 751950387259862.8, 784364003081918.4, 751324913038129.8, 743281860324526.6, 719646131541036.9, 649107391989250.0, 646164820801808.5, 652381081726443.0, 659911783343511.4, 674800719635787.4, 722708310899511.8, 720319676931649.0, 748566669195382.4, 748648382016579.8, 823939828440090.0, 744912952365615.5, 720587529164449.1], [587634959969483.6, 603770057696359.9, 648509945282651.8, 675000866292308.0, 729439229668862.2, 747989142269341.5, 781633446790059.9, 724631133874714.5, 581169397256198.4, 578529891446332.0, 588610959249043.8, 585467376826307.8, 596454859880294.8, 650227029697856.8, 658601262001347.6, 661384875585463.2, 664322852271896.2, 744912952365615.5, 814852443036384.4, 769979035735826.8], [568495455164505.8, 589324613284796.6, 636004573261158.1, 663904134250758.9, 714432153278756.4, 745491790622093.5, 778030762064332.0, 733325996410992.8, 559260996586615.6, 557064437122974.8, 571059961603927.6, 576662586096439.0, 578719486438659.9, 639298161689361.4, 645777118600515.6, 655176569090318.8, 652525940053124.9, 720587529164449.1, 769979035735826.8, 807217913554796.8], [-3108631721969.64, -3447021694560.4233, -5085454300133.652, -3310902470435.1934, 2269622848829.9595, -7904287125385.053, 2588144950271.4326, -24056749958051.742, -2602844652362.149, -2019491158897.2488, -4251493722708.365, -4549683659958.725, -1133383411578.5366, -5247636192078.22, -7854973887951.679, -4676525769437.722, -4539787099071.488, 13926445985947.242, 10554048676603.186, 3916099022746.4766]]}}