{"resp_b": 0.1, "restrained_fit": true, "exclude_hydrogens": true, "convergence_tolerance": 1e-06, "max_iter": 500, "resp_a": 0.0005, "charge_constraints": {"charge_sum_constraints": [], "charge_equivalence_constraints": [], "molecules": [{"qcmol": {"schema_name": "qcschema_molecule", "schema_version": 2, "validated": true, "symbols": ["C", "C", "C", "C", "N", "C", "N", "O", "H", "H", "H", "H", "H", "H", "H", "H", "H", "H", "H", "H"], "geometry": [[0.0, 0.0, -0.0], [2.891636317455367, 1.0331963898564533e-15, -1.5116759134076629e-15], [4.1016944655046235, 2.6316959100293937, -4.440892098500626e-16], [3.642394798619496, 4.133580036586514, -2.418515743747121], [4.9842890464805425, 6.528489502757961, -2.3116092176492313], [5.231665054022793, 7.958023279638855, -4.446743103718315], [6.168641229301739, 10.349473973355371, -4.016787804187693], [4.676000823182288, 7.226813607703198, -6.51985688835328], [-0.7227675934029123, -1.9132666673114231, 0.15493801237308114], [-0.7720968742997594, 0.808827841325909, -1.7179163191415119], [-0.7379485632228284, 1.0746475077641762, 1.586821829531916], [3.5512548647343487, -1.0077175189313177, 1.6631463108274973], [3.577824633149785, -1.0607140805017914, -1.6212460275059153], [3.3992612523858785, 3.6956040087881528, 1.617964498400243], [6.129265458218933, 2.4407861298777576, 0.26005004281099287], [1.6371762485395016, 4.443368154139669, -2.725369839085891], [4.345440595006487, 3.1052284040814007, -4.036447602918115], [4.828251020429175, 7.48547832586881, -0.6971627293428226], [7.375727990534626, 10.565235416810744, -2.5877527815978936], [6.69110239704104, 11.226916079926845, -5.5990364227383616]], "name": "C5H12N2O", "identifiers": {"molecule_hash": "b27caaed75ba7c80512444f1783ad5ca782b30ff", "molecular_formula": "C5H12N2O"}, "molecular_charge": 0.0, "molecular_multiplicity": 1, "connectivity": [[0, 1, 1.0], [0, 8, 1.0], [0, 9, 1.0], [0, 10, 1.0], [1, 2, 1.0], [1, 11, 1.0], [1, 12, 1.0], [2, 3, 1.0], [2, 13, 1.0], [2, 14, 1.0], [3, 4, 1.0], [3, 15, 1.0], [3, 16, 1.0], [4, 5, 1.0], [4, 17, 1.0], [5, 6, 1.0], [5, 7, 2.0], [6, 18, 1.0], [6, 19, 1.0]], "fix_com": true, "fix_orientation": true, "provenance": {"creator": "QCElemental", "version": "v0.22.0", "routine": "qcelemental.molparse.from_schema"}, "id": "146314"}, "charge": 0, "optimize_geometry": false, "conformers": [], "conformer_generation_options": {"n_conformer_pool": 4000, "n_max_conformers": 0, "rms_tolerance": 0.05, "energy_window": 15, "keep_original_conformer": true}, "stage_1_unrestrained_charges": null, "stage_1_restrained_charges": null, "stage_2_unrestrained_charges": null, "stage_2_restrained_charges": null, "keep_original_orientation": false, "reorientations": [], "translations": [], "rotations": []}], "unconstrained_atoms": [{"index": 0, "molecule": {"qcmol": {"schema_name": "qcschema_molecule", "schema_version": 2, "validated": true, "symbols": ["C", "C", "C", "C", "N", "C", "N", "O", "H", "H", "H", "H", "H", "H", "H", "H", "H", "H", "H", "H"], "geometry": [[0.0, 0.0, -0.0], [2.891636317455367, 1.0331963898564533e-15, -1.5116759134076629e-15], [4.1016944655046235, 2.6316959100293937, -4.440892098500626e-16], [3.642394798619496, 4.133580036586514, -2.418515743747121], [4.9842890464805425, 6.528489502757961, -2.3116092176492313], [5.231665054022793, 7.958023279638855, -4.446743103718315], [6.168641229301739, 10.349473973355371, -4.016787804187693], [4.676000823182288, 7.226813607703198, -6.51985688835328], [-0.7227675934029123, -1.9132666673114231, 0.15493801237308114], [-0.7720968742997594, 0.808827841325909, -1.7179163191415119], [-0.7379485632228284, 1.0746475077641762, 1.586821829531916], [3.5512548647343487, -1.0077175189313177, 1.6631463108274973], [3.577824633149785, -1.0607140805017914, -1.6212460275059153], [3.3992612523858785, 3.6956040087881528, 1.617964498400243], [6.129265458218933, 2.4407861298777576, 0.26005004281099287], [1.6371762485395016, 4.443368154139669, -2.725369839085891], [4.345440595006487, 3.1052284040814007, -4.036447602918115], [4.828251020429175, 7.48547832586881, -0.6971627293428226], [7.375727990534626, 10.565235416810744, -2.5877527815978936], [6.69110239704104, 11.226916079926845, -5.5990364227383616]], "name": "C5H12N2O", "identifiers": {"molecule_hash": "b27caaed75ba7c80512444f1783ad5ca782b30ff", "molecular_formula": "C5H12N2O"}, "molecular_charge": 0.0, "molecular_multiplicity": 1, "connectivity": [[0, 1, 1.0], [0, 8, 1.0], [0, 9, 1.0], [0, 10, 1.0], [1, 2, 1.0], [1, 11, 1.0], [1, 12, 1.0], [2, 3, 1.0], [2, 13, 1.0], [2, 14, 1.0], [3, 4, 1.0], [3, 15, 1.0], [3, 16, 1.0], [4, 5, 1.0], [4, 17, 1.0], [5, 6, 1.0], [5, 7, 2.0], [6, 18, 1.0], [6, 19, 1.0]], "fix_com": true, "fix_orientation": true, "provenance": {"creator": "QCElemental", "version": "v0.22.0", "routine": "qcelemental.molparse.from_schema"}, "id": "146314"}, "charge": 0, "optimize_geometry": false, "conformers": [], "conformer_generation_options": {"n_conformer_pool": 4000, "n_max_conformers": 0, "rms_tolerance": 0.05, "energy_window": 15, "keep_original_conformer": true}, "stage_1_unrestrained_charges": null, "stage_1_restrained_charges": null, "stage_2_unrestrained_charges": null, "stage_2_restrained_charges": null, "keep_original_orientation": false, "reorientations": [], "translations": [], "rotations": []}}, {"index": 1, "molecule": {"qcmol": {"schema_name": "qcschema_molecule", "schema_version": 2, "validated": true, "symbols": ["C", "C", "C", "C", "N", "C", "N", "O", "H", "H", "H", "H", "H", "H", "H", "H", "H", "H", "H", "H"], "geometry": [[0.0, 0.0, -0.0], [2.891636317455367, 1.0331963898564533e-15, -1.5116759134076629e-15], [4.1016944655046235, 2.6316959100293937, -4.440892098500626e-16], [3.642394798619496, 4.133580036586514, -2.418515743747121], [4.9842890464805425, 6.528489502757961, -2.3116092176492313], [5.231665054022793, 7.958023279638855, -4.446743103718315], [6.168641229301739, 10.349473973355371, -4.016787804187693], [4.676000823182288, 7.226813607703198, -6.51985688835328], [-0.7227675934029123, -1.9132666673114231, 0.15493801237308114], [-0.7720968742997594, 0.808827841325909, -1.7179163191415119], [-0.7379485632228284, 1.0746475077641762, 1.586821829531916], [3.5512548647343487, -1.0077175189313177, 1.6631463108274973], [3.577824633149785, -1.0607140805017914, -1.6212460275059153], [3.3992612523858785, 3.6956040087881528, 1.617964498400243], [6.129265458218933, 2.4407861298777576, 0.26005004281099287], [1.6371762485395016, 4.443368154139669, -2.725369839085891], [4.345440595006487, 3.1052284040814007, -4.036447602918115], [4.828251020429175, 7.48547832586881, -0.6971627293428226], [7.375727990534626, 10.565235416810744, -2.5877527815978936], [6.69110239704104, 11.226916079926845, -5.5990364227383616]], "name": "C5H12N2O", "identifiers": {"molecule_hash": "b27caaed75ba7c80512444f1783ad5ca782b30ff", "molecular_formula": "C5H12N2O"}, "molecular_charge": 0.0, "molecular_multiplicity": 1, "connectivity": [[0, 1, 1.0], [0, 8, 1.0], [0, 9, 1.0], [0, 10, 1.0], [1, 2, 1.0], [1, 11, 1.0], [1, 12, 1.0], [2, 3, 1.0], [2, 13, 1.0], [2, 14, 1.0], [3, 4, 1.0], [3, 15, 1.0], [3, 16, 1.0], [4, 5, 1.0], [4, 17, 1.0], [5, 6, 1.0], [5, 7, 2.0], [6, 18, 1.0], [6, 19, 1.0]], "fix_com": true, "fix_orientation": true, "provenance": {"creator": "QCElemental", "version": "v0.22.0", "routine": "qcelemental.molparse.from_schema"}, "id": "146314"}, "charge": 0, "optimize_geometry": false, "conformers": [], "conformer_generation_options": {"n_conformer_pool": 4000, "n_max_conformers": 0, "rms_tolerance": 0.05, "energy_window": 15, "keep_original_conformer": true}, "stage_1_unrestrained_charges": null, "stage_1_restrained_charges": null, "stage_2_unrestrained_charges": null, "stage_2_restrained_charges": null, "keep_original_orientation": false, "reorientations": [], "translations": [], "rotations": []}}, {"index": 2, "molecule": {"qcmol": {"schema_name": "qcschema_molecule", "schema_version": 2, "validated": true, "symbols": ["C", "C", "C", "C", "N", "C", "N", "O", "H", "H", "H", "H", "H", "H", "H", "H", "H", "H", "H", "H"], "geometry": [[0.0, 0.0, -0.0], [2.891636317455367, 1.0331963898564533e-15, -1.5116759134076629e-15], [4.1016944655046235, 2.6316959100293937, -4.440892098500626e-16], [3.642394798619496, 4.133580036586514, -2.418515743747121], [4.9842890464805425, 6.528489502757961, -2.3116092176492313], [5.231665054022793, 7.958023279638855, -4.446743103718315], [6.168641229301739, 10.349473973355371, -4.016787804187693], [4.676000823182288, 7.226813607703198, -6.51985688835328], [-0.7227675934029123, -1.9132666673114231, 0.15493801237308114], [-0.7720968742997594, 0.808827841325909, -1.7179163191415119], [-0.7379485632228284, 1.0746475077641762, 1.586821829531916], [3.5512548647343487, -1.0077175189313177, 1.6631463108274973], [3.577824633149785, -1.0607140805017914, -1.6212460275059153], [3.3992612523858785, 3.6956040087881528, 1.617964498400243], [6.129265458218933, 2.4407861298777576, 0.26005004281099287], [1.6371762485395016, 4.443368154139669, -2.725369839085891], [4.345440595006487, 3.1052284040814007, -4.036447602918115], [4.828251020429175, 7.48547832586881, -0.6971627293428226], [7.375727990534626, 10.565235416810744, -2.5877527815978936], [6.69110239704104, 11.226916079926845, -5.5990364227383616]], "name": "C5H12N2O", "identifiers": {"molecule_hash": "b27caaed75ba7c80512444f1783ad5ca782b30ff", "molecular_formula": "C5H12N2O"}, "molecular_charge": 0.0, "molecular_multiplicity": 1, "connectivity": [[0, 1, 1.0], [0, 8, 1.0], [0, 9, 1.0], [0, 10, 1.0], [1, 2, 1.0], [1, 11, 1.0], [1, 12, 1.0], [2, 3, 1.0], [2, 13, 1.0], [2, 14, 1.0], [3, 4, 1.0], [3, 15, 1.0], [3, 16, 1.0], [4, 5, 1.0], [4, 17, 1.0], [5, 6, 1.0], [5, 7, 2.0], [6, 18, 1.0], [6, 19, 1.0]], "fix_com": true, "fix_orientation": true, "provenance": {"creator": "QCElemental", "version": "v0.22.0", "routine": "qcelemental.molparse.from_schema"}, "id": "146314"}, "charge": 0, "optimize_geometry": false, "conformers": [], "conformer_generation_options": {"n_conformer_pool": 4000, "n_max_conformers": 0, "rms_tolerance": 0.05, "energy_window": 15, "keep_original_conformer": true}, "stage_1_unrestrained_charges": null, "stage_1_restrained_charges": null, "stage_2_unrestrained_charges": null, "stage_2_restrained_charges": null, "keep_original_orientation": false, "reorientations": [], "translations": [], "rotations": []}}, {"index": 3, "molecule": {"qcmol": {"schema_name": "qcschema_molecule", "schema_version": 2, "validated": true, "symbols": ["C", "C", "C", "C", "N", "C", "N", "O", "H", "H", "H", "H", "H", "H", "H", "H", "H", "H", "H", "H"], "geometry": [[0.0, 0.0, -0.0], [2.891636317455367, 1.0331963898564533e-15, -1.5116759134076629e-15], [4.1016944655046235, 2.6316959100293937, -4.440892098500626e-16], [3.642394798619496, 4.133580036586514, -2.418515743747121], [4.9842890464805425, 6.528489502757961, -2.3116092176492313], [5.231665054022793, 7.958023279638855, -4.446743103718315], [6.168641229301739, 10.349473973355371, -4.016787804187693], [4.676000823182288, 7.226813607703198, -6.51985688835328], [-0.7227675934029123, -1.9132666673114231, 0.15493801237308114], [-0.7720968742997594, 0.808827841325909, -1.7179163191415119], [-0.7379485632228284, 1.0746475077641762, 1.586821829531916], [3.5512548647343487, -1.0077175189313177, 1.6631463108274973], [3.577824633149785, -1.0607140805017914, -1.6212460275059153], [3.3992612523858785, 3.6956040087881528, 1.617964498400243], [6.129265458218933, 2.4407861298777576, 0.26005004281099287], [1.6371762485395016, 4.443368154139669, -2.725369839085891], [4.345440595006487, 3.1052284040814007, -4.036447602918115], [4.828251020429175, 7.48547832586881, -0.6971627293428226], [7.375727990534626, 10.565235416810744, -2.5877527815978936], [6.69110239704104, 11.226916079926845, -5.5990364227383616]], "name": "C5H12N2O", "identifiers": {"molecule_hash": "b27caaed75ba7c80512444f1783ad5ca782b30ff", "molecular_formula": "C5H12N2O"}, "molecular_charge": 0.0, "molecular_multiplicity": 1, "connectivity": [[0, 1, 1.0], [0, 8, 1.0], [0, 9, 1.0], [0, 10, 1.0], [1, 2, 1.0], [1, 11, 1.0], [1, 12, 1.0], [2, 3, 1.0], [2, 13, 1.0], [2, 14, 1.0], [3, 4, 1.0], [3, 15, 1.0], [3, 16, 1.0], [4, 5, 1.0], [4, 17, 1.0], [5, 6, 1.0], [5, 7, 2.0], [6, 18, 1.0], [6, 19, 1.0]], "fix_com": true, "fix_orientation": true, "provenance": {"creator": "QCElemental", "version": "v0.22.0", "routine": "qcelemental.molparse.from_schema"}, "id": "146314"}, "charge": 0, "optimize_geometry": false, "conformers": [], "conformer_generation_options": {"n_conformer_pool": 4000, "n_max_conformers": 0, "rms_tolerance": 0.05, "energy_window": 15, "keep_original_conformer": true}, "stage_1_unrestrained_charges": null, "stage_1_restrained_charges": null, "stage_2_unrestrained_charges": null, "stage_2_restrained_charges": null, "keep_original_orientation": false, "reorientations": [], "translations": [], "rotations": []}}]}, "surface_constraints": {"matrix": [[314176973080437.06, 304318078478182.0, 292966760576319.5, 280873238620789.94, 267391489001075.7, 255100293751714.53, 236951647802199.0, 256501615956295.66, 314988397083586.1, 315005990158088.75, 316330046908429.5, 302603410836191.44, 302497789621596.06, 291994920639299.1, 291221658298317.5, 281619847225105.06, 279148766351187.1, 264026728040461.28, 234723421645612.66, 226527451281691.47], [304318078478182.0, 312008189227682.25, 304386207657810.7, 292272999593290.44, 277616390151234.12, 264570887088053.75, 244923753040936.16, 266260841824318.06, 300693818528879.3, 300733928942715.3, 301800925835159.94, 315593428800555.1, 315361589663211.9, 304095504342789.25, 304405972300026.0, 292713318562370.3, 291530763407100.7, 273341443522965.34, 241468455858624.03, 235138856869582.0], [292966760576319.5, 304386207657810.7, 312883323786550.3, 303916819863848.2, 294436157637138.75, 283302796322654.25, 263887518266765.8, 285043235424666.6, 287629680302434.1, 286517864450069.9, 293121181834202.8, 303482910449440.5, 302979571346522.1, 317732607884115.25, 317844389324021.0, 302520411639019.5, 302571714167097.56, 290800628081699.56, 259881510538938.94, 254316756173153.3], [280873238620789.94, 292272999593290.44, 303916819863848.2, 311240286458127.25, 304768098660531.7, 293181508797017.3, 275096120108182.9, 292952802784170.3, 276905444501134.0, 275492727756969.6, 279077185265525.12, 288514261423873.9, 291895556522833.7, 304001347176657.94, 304045375975404.25, 314864279156198.94, 314859188510238.7, 303856863288287.9, 270410675427533.7, 265430255296407.06], [267391489001075.7, 277616390151234.12, 294436157637138.75, 304768098660531.7, 312564138545574.9, 304584309499452.44, 294663646992457.2, 298640334071260.06, 263662036288665.4, 262295128722949.3, 266265811475758.34, 271399335122016.6, 275627021765396.84, 295233938458201.94, 296509346990489.2, 303972636093530.2, 303958991757023.5, 317025711412866.4, 292858163523703.9, 286226340939173.1], [255100293751714.53, 264570887088053.75, 283302796322654.25, 293181508797017.3, 304584309499452.44, 310185361311173.94, 303890515215378.2, 310978545404388.75, 250879473242524.1, 249729820663367.6, 255483129413753.25, 258696640684279.9, 260584926049520.0, 284238883662074.4, 287606526365898.25, 291241170025851.06, 291012492507033.8, 303131121873208.25, 300647745833618.7, 299356960324099.94], [236951647802199.0, 244923753040936.16, 263887518266765.8, 275096120108182.9, 294663646992457.2, 303890515215378.2, 311965658523052.06, 297562070853289.2, 233025547232426.5, 232329707997006.75, 237708882849589.56, 238258939516524.12, 241023618072090.38, 264816908042527.16, 267670836664266.66, 270981974828908.3, 270683048591423.44, 298082759407553.3, 312931168100935.94, 311214628302972.06], [256501615956295.66, 266260841824318.06, 285043235424666.6, 292952802784170.3, 298640334071260.06, 310978545404388.75, 297562070853289.2, 325105380639315.0, 252288988982254.25, 250356713044916.16, 257341011696585.66, 261582998753788.16, 260994093276818.16, 285878457912710.25, 290939208241346.0, 292499385177070.06, 292189779209406.0, 289819246691714.06, 290842909009740.5, 294285350283800.7], [314988397083586.1, 300693818528879.3, 287629680302434.1, 276905444501134.0, 263662036288665.4, 250879473242524.1, 233025547232426.5, 252288988982254.25, 329221118886508.06, 311162246866454.3, 312254466473054.0, 298106357458971.56, 297916677253318.4, 284880952771245.1, 285483064912707.25, 278255588012123.56, 275486931835932.25, 260823574159011.78, 231676243331222.03, 222383624674242.9], [315005990158088.75, 300733928942715.3, 286517864450069.9, 275492727756969.6, 262295128722949.3, 249729820663367.6, 232329707997006.75, 250356713044916.16, 311162246866454.3, 329006671959653.06, 312359137280652.1, 296910490375704.56, 300197713079074.06, 282694119459579.0, 284864370566378.44, 275822050070632.25, 274850774975037.84, 259667689582441.84, 230673845263386.62, 221566219992713.66], [316330046908429.5, 301800925835159.94, 293121181834202.8, 279077185265525.12, 266265811475758.34, 255483129413753.25, 237708882849589.56, 257341011696585.66, 312254466473054.0, 312359137280652.1, 332407121644594.9, 298721509396419.75, 295420577340325.06, 296352555865075.0, 290562261309415.1, 279990997224445.62, 275299306617449.0, 262450063163302.62, 234999130463877.88, 227477697010735.6], [302603410836191.44, 315593428800555.1, 303482910449440.5, 288514261423873.9, 271399335122016.6, 258696640684279.9, 238258939516524.12, 261582998753788.16, 298106357458971.56, 296910490375704.56, 298721509396419.75, 332234693002805.7, 313929941329020.56, 304152458099138.56, 301285774068375.9, 290602062996643.94, 286326563169346.44, 265522047703419.34, 233640040564655.78, 229632387324036.9], [302497789621596.06, 315361589663211.9, 302979571346522.1, 291895556522833.7, 275627021765396.84, 260584926049520.0, 241023618072090.38, 260994093276818.16, 297916677253318.4, 300197713079074.06, 295420577340325.06, 313929941329020.56, 332005435177354.0, 298149161004270.06, 302773613786244.56, 291678842003612.2, 293851618756957.94, 271941038754974.78, 238376580754673.1, 230681053414693.72], [291994920639299.1, 304095504342789.25, 317732607884115.25, 304001347176657.94, 295233938458201.94, 284238883662074.4, 264816908042527.16, 285878457912710.25, 284880952771245.1, 282694119459579.0, 296352555865075.0, 304152458099138.56, 298149161004270.06, 335369782874636.9, 318017145412561.25, 300617760524441.8, 300112597094835.56, 291866964948800.5, 260361115757948.72, 255472789356982.7], [291221658298317.5, 304405972300026.0, 317844389324021.0, 304045375975404.25, 296509346990489.2, 287606526365898.25, 267670836664266.66, 290939208241346.0, 285483064912707.25, 284864370566378.44, 290562261309415.1, 301285774068375.9, 302773613786244.56, 318017145412561.25, 335484643600663.56, 299115906843422.0, 300813329545935.2, 291120532798135.06, 264005127550817.06, 258292868495511.34], [281619847225105.06, 292713318562370.3, 302520411639019.5, 314864279156198.94, 303972636093530.2, 291241170025851.06, 270981974828908.3, 292499385177070.06, 278255588012123.56, 275822050070632.25, 279990997224445.62, 290602062996643.94, 291678842003612.2, 300617760524441.8, 299115906843422.0, 330865550944967.2, 313902267485362.7, 302023006119497.2, 264438345997400.34, 261485593871709.66], [279148766351187.1, 291530763407100.7, 302571714167097.56, 314859188510238.7, 303958991757023.5, 291012492507033.8, 270683048591423.44, 292189779209406.0, 275486931835932.25, 274850774975037.84, 275299306617449.0, 286326563169346.44, 293851618756957.94, 300112597094835.56, 300813329545935.2, 313902267485362.7, 330812124593886.8, 301834044529900.0, 265427404790366.1, 260199826972492.6], [264026728040461.28, 273341443522965.34, 290800628081699.56, 303856863288287.9, 317025711412866.4, 303131121873208.25, 298082759407553.3, 289819246691714.06, 260823574159011.78, 259667689582441.84, 262450063163302.62, 265522047703419.34, 271941038754974.78, 291866964948800.5, 291120532798135.06, 302023006119497.2, 301834044529900.0, 332156547350903.06, 298249209323740.8, 287801397380012.75], [234723421645612.66, 241468455858624.03, 259881510538938.94, 270410675427533.7, 292858163523703.9, 300647745833618.7, 312931168100935.94, 290842909009740.5, 231676243331222.03, 230673845263386.62, 234999130463877.88, 233640040564655.78, 238376580754673.1, 260361115757948.72, 264005127550817.06, 264438345997400.34, 265427404790366.1, 298249209323740.8, 325853278843116.1, 307198325091992.1], [226527451281691.47, 235138856869582.0, 254316756173153.3, 265430255296407.06, 286226340939173.1, 299356960324099.94, 311214628302972.06, 294285350283800.7, 222383624674242.9, 221566219992713.66, 227477697010735.6, 229632387324036.9, 230681053414693.72, 255472789356982.7, 258292868495511.34, 261485593871709.66, 260199826972492.6, 287801397380012.75, 307198325091992.1, 322177490361142.9], [-1623591428710.2432, -1879723722916.717, -3045589167128.4883, -2092005827287.6267, 627289058888.8817, -5257452381108.84, 321448417818.1875, -14207226259106.266, -1307642670807.561, -956821874350.5603, -2306368795576.6597, -2494939184648.5493, -476096280261.9478, -3159103572154.5938, -4721285765224.094, -2733451449591.63, -2638605145073.276, 6915369295928.133, 4417848103504.798, 782424451563.132]]}}