{"resp_b": 0.1, "restrained_fit": true, "exclude_hydrogens": true, "convergence_tolerance": 1e-06, "max_iter": 500, "resp_a": 0.0005, "charge_constraints": {"charge_sum_constraints": [], "charge_equivalence_constraints": [], "molecules": [{"qcmol": {"schema_name": "qcschema_molecule", "schema_version": 2, "validated": true, "symbols": ["C", "C", "C", "C", "N", "C", "N", "O", "H", "H", "H", "H", "H", "H", "H", "H", "H", "H", "H", "H"], "geometry": [[0.0, 0.0, -0.0], [2.891636317455367, 1.0331963898564533e-15, -1.5116759134076629e-15], [4.1016944655046235, 2.6316959100293937, -4.440892098500626e-16], [3.642394798619496, 4.133580036586514, -2.418515743747121], [4.9842890464805425, 6.528489502757961, -2.3116092176492313], [5.231665054022793, 7.958023279638855, -4.446743103718315], [6.168641229301739, 10.349473973355371, -4.016787804187693], [4.676000823182288, 7.226813607703198, -6.51985688835328], [-0.7227675934029123, -1.9132666673114231, 0.15493801237308114], [-0.7720968742997594, 0.808827841325909, -1.7179163191415119], [-0.7379485632228284, 1.0746475077641762, 1.586821829531916], [3.5512548647343487, -1.0077175189313177, 1.6631463108274973], [3.577824633149785, -1.0607140805017914, -1.6212460275059153], [3.3992612523858785, 3.6956040087881528, 1.617964498400243], [6.129265458218933, 2.4407861298777576, 0.26005004281099287], [1.6371762485395016, 4.443368154139669, -2.725369839085891], [4.345440595006487, 3.1052284040814007, -4.036447602918115], [4.828251020429175, 7.48547832586881, -0.6971627293428226], [7.375727990534626, 10.565235416810744, -2.5877527815978936], [6.69110239704104, 11.226916079926845, -5.5990364227383616]], "name": "C5H12N2O", "identifiers": {"molecule_hash": "b27caaed75ba7c80512444f1783ad5ca782b30ff", "molecular_formula": "C5H12N2O"}, "molecular_charge": 0.0, "molecular_multiplicity": 1, "connectivity": [[0, 1, 1.0], [0, 8, 1.0], [0, 9, 1.0], [0, 10, 1.0], [1, 2, 1.0], [1, 11, 1.0], [1, 12, 1.0], [2, 3, 1.0], [2, 13, 1.0], [2, 14, 1.0], [3, 4, 1.0], [3, 15, 1.0], [3, 16, 1.0], [4, 5, 1.0], [4, 17, 1.0], [5, 6, 1.0], [5, 7, 2.0], [6, 18, 1.0], [6, 19, 1.0]], "fix_com": true, "fix_orientation": true, "provenance": {"creator": "QCElemental", "version": "v0.22.0", "routine": "qcelemental.molparse.from_schema"}, "id": "146314"}, "charge": 0, "optimize_geometry": false, "conformers": [], "conformer_generation_options": {"n_conformer_pool": 4000, "n_max_conformers": 0, "rms_tolerance": 0.05, "energy_window": 15, "keep_original_conformer": true}, "stage_1_unrestrained_charges": null, "stage_1_restrained_charges": null, "stage_2_unrestrained_charges": null, "stage_2_restrained_charges": null, "keep_original_orientation": false, "reorientations": [], "translations": [], "rotations": []}], "unconstrained_atoms": [{"index": 0, "molecule": {"qcmol": {"schema_name": "qcschema_molecule", "schema_version": 2, "validated": true, "symbols": ["C", "C", "C", "C", "N", "C", "N", "O", "H", "H", "H", "H", "H", "H", "H", "H", "H", "H", "H", "H"], "geometry": [[0.0, 0.0, -0.0], [2.891636317455367, 1.0331963898564533e-15, -1.5116759134076629e-15], [4.1016944655046235, 2.6316959100293937, -4.440892098500626e-16], [3.642394798619496, 4.133580036586514, -2.418515743747121], [4.9842890464805425, 6.528489502757961, -2.3116092176492313], [5.231665054022793, 7.958023279638855, -4.446743103718315], [6.168641229301739, 10.349473973355371, -4.016787804187693], [4.676000823182288, 7.226813607703198, -6.51985688835328], [-0.7227675934029123, -1.9132666673114231, 0.15493801237308114], [-0.7720968742997594, 0.808827841325909, -1.7179163191415119], [-0.7379485632228284, 1.0746475077641762, 1.586821829531916], [3.5512548647343487, -1.0077175189313177, 1.6631463108274973], [3.577824633149785, -1.0607140805017914, -1.6212460275059153], [3.3992612523858785, 3.6956040087881528, 1.617964498400243], [6.129265458218933, 2.4407861298777576, 0.26005004281099287], [1.6371762485395016, 4.443368154139669, -2.725369839085891], [4.345440595006487, 3.1052284040814007, -4.036447602918115], [4.828251020429175, 7.48547832586881, -0.6971627293428226], [7.375727990534626, 10.565235416810744, -2.5877527815978936], [6.69110239704104, 11.226916079926845, -5.5990364227383616]], "name": "C5H12N2O", "identifiers": {"molecule_hash": "b27caaed75ba7c80512444f1783ad5ca782b30ff", "molecular_formula": "C5H12N2O"}, "molecular_charge": 0.0, "molecular_multiplicity": 1, "connectivity": [[0, 1, 1.0], [0, 8, 1.0], [0, 9, 1.0], [0, 10, 1.0], [1, 2, 1.0], [1, 11, 1.0], [1, 12, 1.0], [2, 3, 1.0], [2, 13, 1.0], [2, 14, 1.0], [3, 4, 1.0], [3, 15, 1.0], [3, 16, 1.0], [4, 5, 1.0], [4, 17, 1.0], [5, 6, 1.0], [5, 7, 2.0], [6, 18, 1.0], [6, 19, 1.0]], "fix_com": true, "fix_orientation": true, "provenance": {"creator": "QCElemental", "version": "v0.22.0", "routine": "qcelemental.molparse.from_schema"}, "id": "146314"}, "charge": 0, "optimize_geometry": false, "conformers": [], "conformer_generation_options": {"n_conformer_pool": 4000, "n_max_conformers": 0, "rms_tolerance": 0.05, "energy_window": 15, "keep_original_conformer": true}, "stage_1_unrestrained_charges": null, "stage_1_restrained_charges": null, "stage_2_unrestrained_charges": null, "stage_2_restrained_charges": null, "keep_original_orientation": false, "reorientations": [], "translations": [], "rotations": []}}, {"index": 1, "molecule": {"qcmol": {"schema_name": "qcschema_molecule", "schema_version": 2, "validated": true, "symbols": ["C", "C", "C", "C", "N", "C", "N", "O", "H", "H", "H", "H", "H", "H", "H", "H", "H", "H", "H", "H"], "geometry": [[0.0, 0.0, -0.0], [2.891636317455367, 1.0331963898564533e-15, -1.5116759134076629e-15], [4.1016944655046235, 2.6316959100293937, -4.440892098500626e-16], [3.642394798619496, 4.133580036586514, -2.418515743747121], [4.9842890464805425, 6.528489502757961, -2.3116092176492313], [5.231665054022793, 7.958023279638855, -4.446743103718315], [6.168641229301739, 10.349473973355371, -4.016787804187693], [4.676000823182288, 7.226813607703198, -6.51985688835328], [-0.7227675934029123, -1.9132666673114231, 0.15493801237308114], [-0.7720968742997594, 0.808827841325909, -1.7179163191415119], [-0.7379485632228284, 1.0746475077641762, 1.586821829531916], [3.5512548647343487, -1.0077175189313177, 1.6631463108274973], [3.577824633149785, -1.0607140805017914, -1.6212460275059153], [3.3992612523858785, 3.6956040087881528, 1.617964498400243], [6.129265458218933, 2.4407861298777576, 0.26005004281099287], [1.6371762485395016, 4.443368154139669, -2.725369839085891], [4.345440595006487, 3.1052284040814007, -4.036447602918115], [4.828251020429175, 7.48547832586881, -0.6971627293428226], [7.375727990534626, 10.565235416810744, -2.5877527815978936], [6.69110239704104, 11.226916079926845, -5.5990364227383616]], "name": "C5H12N2O", "identifiers": {"molecule_hash": "b27caaed75ba7c80512444f1783ad5ca782b30ff", "molecular_formula": "C5H12N2O"}, "molecular_charge": 0.0, "molecular_multiplicity": 1, "connectivity": [[0, 1, 1.0], [0, 8, 1.0], [0, 9, 1.0], [0, 10, 1.0], [1, 2, 1.0], [1, 11, 1.0], [1, 12, 1.0], [2, 3, 1.0], [2, 13, 1.0], [2, 14, 1.0], [3, 4, 1.0], [3, 15, 1.0], [3, 16, 1.0], [4, 5, 1.0], [4, 17, 1.0], [5, 6, 1.0], [5, 7, 2.0], [6, 18, 1.0], [6, 19, 1.0]], "fix_com": true, "fix_orientation": true, "provenance": {"creator": "QCElemental", "version": "v0.22.0", "routine": "qcelemental.molparse.from_schema"}, "id": "146314"}, "charge": 0, "optimize_geometry": false, "conformers": [], "conformer_generation_options": {"n_conformer_pool": 4000, "n_max_conformers": 0, "rms_tolerance": 0.05, "energy_window": 15, "keep_original_conformer": true}, "stage_1_unrestrained_charges": null, "stage_1_restrained_charges": null, "stage_2_unrestrained_charges": null, "stage_2_restrained_charges": null, "keep_original_orientation": false, "reorientations": [], "translations": [], "rotations": []}}, {"index": 2, "molecule": {"qcmol": {"schema_name": "qcschema_molecule", "schema_version": 2, "validated": true, "symbols": ["C", "C", "C", "C", "N", "C", "N", "O", "H", "H", "H", "H", "H", "H", "H", "H", "H", "H", "H", "H"], "geometry": [[0.0, 0.0, -0.0], [2.891636317455367, 1.0331963898564533e-15, -1.5116759134076629e-15], [4.1016944655046235, 2.6316959100293937, -4.440892098500626e-16], [3.642394798619496, 4.133580036586514, -2.418515743747121], [4.9842890464805425, 6.528489502757961, -2.3116092176492313], [5.231665054022793, 7.958023279638855, -4.446743103718315], [6.168641229301739, 10.349473973355371, -4.016787804187693], [4.676000823182288, 7.226813607703198, -6.51985688835328], [-0.7227675934029123, -1.9132666673114231, 0.15493801237308114], [-0.7720968742997594, 0.808827841325909, -1.7179163191415119], [-0.7379485632228284, 1.0746475077641762, 1.586821829531916], [3.5512548647343487, -1.0077175189313177, 1.6631463108274973], [3.577824633149785, -1.0607140805017914, -1.6212460275059153], [3.3992612523858785, 3.6956040087881528, 1.617964498400243], [6.129265458218933, 2.4407861298777576, 0.26005004281099287], [1.6371762485395016, 4.443368154139669, -2.725369839085891], [4.345440595006487, 3.1052284040814007, -4.036447602918115], [4.828251020429175, 7.48547832586881, -0.6971627293428226], [7.375727990534626, 10.565235416810744, -2.5877527815978936], [6.69110239704104, 11.226916079926845, -5.5990364227383616]], "name": "C5H12N2O", "identifiers": {"molecule_hash": "b27caaed75ba7c80512444f1783ad5ca782b30ff", "molecular_formula": "C5H12N2O"}, "molecular_charge": 0.0, "molecular_multiplicity": 1, "connectivity": [[0, 1, 1.0], [0, 8, 1.0], [0, 9, 1.0], [0, 10, 1.0], [1, 2, 1.0], [1, 11, 1.0], [1, 12, 1.0], [2, 3, 1.0], [2, 13, 1.0], [2, 14, 1.0], [3, 4, 1.0], [3, 15, 1.0], [3, 16, 1.0], [4, 5, 1.0], [4, 17, 1.0], [5, 6, 1.0], [5, 7, 2.0], [6, 18, 1.0], [6, 19, 1.0]], "fix_com": true, "fix_orientation": true, "provenance": {"creator": "QCElemental", "version": "v0.22.0", "routine": "qcelemental.molparse.from_schema"}, "id": "146314"}, "charge": 0, "optimize_geometry": false, "conformers": [], "conformer_generation_options": {"n_conformer_pool": 4000, "n_max_conformers": 0, "rms_tolerance": 0.05, "energy_window": 15, "keep_original_conformer": true}, "stage_1_unrestrained_charges": null, "stage_1_restrained_charges": null, "stage_2_unrestrained_charges": null, "stage_2_restrained_charges": null, "keep_original_orientation": false, "reorientations": [], "translations": [], "rotations": []}}, {"index": 3, "molecule": {"qcmol": {"schema_name": "qcschema_molecule", "schema_version": 2, "validated": true, "symbols": ["C", "C", "C", "C", "N", "C", "N", "O", "H", "H", "H", "H", "H", "H", "H", "H", "H", "H", "H", "H"], "geometry": [[0.0, 0.0, -0.0], [2.891636317455367, 1.0331963898564533e-15, -1.5116759134076629e-15], [4.1016944655046235, 2.6316959100293937, -4.440892098500626e-16], [3.642394798619496, 4.133580036586514, -2.418515743747121], [4.9842890464805425, 6.528489502757961, -2.3116092176492313], [5.231665054022793, 7.958023279638855, -4.446743103718315], [6.168641229301739, 10.349473973355371, -4.016787804187693], [4.676000823182288, 7.226813607703198, -6.51985688835328], [-0.7227675934029123, -1.9132666673114231, 0.15493801237308114], [-0.7720968742997594, 0.808827841325909, -1.7179163191415119], [-0.7379485632228284, 1.0746475077641762, 1.586821829531916], [3.5512548647343487, -1.0077175189313177, 1.6631463108274973], [3.577824633149785, -1.0607140805017914, -1.6212460275059153], [3.3992612523858785, 3.6956040087881528, 1.617964498400243], [6.129265458218933, 2.4407861298777576, 0.26005004281099287], [1.6371762485395016, 4.443368154139669, -2.725369839085891], [4.345440595006487, 3.1052284040814007, -4.036447602918115], [4.828251020429175, 7.48547832586881, -0.6971627293428226], [7.375727990534626, 10.565235416810744, -2.5877527815978936], [6.69110239704104, 11.226916079926845, -5.5990364227383616]], "name": "C5H12N2O", "identifiers": {"molecule_hash": "b27caaed75ba7c80512444f1783ad5ca782b30ff", "molecular_formula": "C5H12N2O"}, "molecular_charge": 0.0, "molecular_multiplicity": 1, "connectivity": [[0, 1, 1.0], [0, 8, 1.0], [0, 9, 1.0], [0, 10, 1.0], [1, 2, 1.0], [1, 11, 1.0], [1, 12, 1.0], [2, 3, 1.0], [2, 13, 1.0], [2, 14, 1.0], [3, 4, 1.0], [3, 15, 1.0], [3, 16, 1.0], [4, 5, 1.0], [4, 17, 1.0], [5, 6, 1.0], [5, 7, 2.0], [6, 18, 1.0], [6, 19, 1.0]], "fix_com": true, "fix_orientation": true, "provenance": {"creator": "QCElemental", "version": "v0.22.0", "routine": "qcelemental.molparse.from_schema"}, "id": "146314"}, "charge": 0, "optimize_geometry": false, "conformers": [], "conformer_generation_options": {"n_conformer_pool": 4000, "n_max_conformers": 0, "rms_tolerance": 0.05, "energy_window": 15, "keep_original_conformer": true}, "stage_1_unrestrained_charges": null, "stage_1_restrained_charges": null, "stage_2_unrestrained_charges": null, "stage_2_restrained_charges": null, "keep_original_orientation": false, "reorientations": [], "translations": [], "rotations": []}}]}, "surface_constraints": {"matrix": [[314158676553448.44, 304300356963506.44, 292949704238966.94, 280856881995016.6, 267375891189254.88, 255085433207920.66, 236937828532526.0, 256486709575371.03, 314970057427719.5, 314987633001664.8, 316311632625289.6, 302585791129682.7, 302480168371626.4, 291977944301385.8, 291204687431657.0, 281603470754266.06, 279132505237866.34, 264011301765057.1, 234709706641541.56, 226514246082847.28], [304300356963506.44, 311990020573963.94, 304368486477840.06, 292255984874935.1, 277600204370024.8, 264555468994156.97, 244909468835170.4, 266245345955741.7, 300676311296345.7, 300716405909688.1, 301783357386905.25, 315575052858316.94, 315343220314236.2, 304077800837269.0, 304388250850083.9, 292696295103184.2, 291513795234896.25, 273325494904601.66, 241454349020282.38, 235125148663289.62], [292949704238966.94, 304368486477840.06, 312865110085086.6, 303899128176838.25, 294419015851414.2, 283286306871026.6, 263872155515898.1, 285026653417681.9, 287612944142300.8, 286501152082289.0, 293104138589870.6, 303465242773417.3, 302961927415754.6, 317714110838904.75, 317825889137611.5, 302502802802418.3, 302554100485667.56, 290783688038494.0, 259866368037453.97, 254301956999126.66], [280856881995016.6, 292255984874935.1, 303899128176838.25, 311222169060587.1, 304750355093333.9, 293164439287514.4, 275080100778035.47, 292935751752714.4, 276889330623550.3, 275476635671434.84, 279060966735897.06, 288497465113299.56, 291878565615061.44, 303983647871528.3, 304027679418375.4, 314845954063918.06, 314840859649104.06, 303839164817501.3, 270394919937999.12, 265414803733306.6], [267375891189254.88, 277600204370024.8, 294419015851414.2, 304750355093333.9, 312545936874796.0, 304566571889701.06, 294646483929408.4, 298622947917938.6, 263646667827209.34, 262279764276577.44, 266250325893350.7, 271383515705500.53, 275610935170489.72, 295216776412652.94, 296492078864984.6, 303954941300378.3, 303941295380615.9, 317007240746422.94, 292841094556931.94, 286209676001108.5], [255085433207920.66, 264555468994156.97, 283286306871026.6, 293164439287514.4, 304566571889701.06, 310167298747617.9, 303872817181431.9, 310960442474850.44, 250864885268508.25, 249715203820786.88, 255468293309699.2, 258681569011541.4, 260569714709777.62, 284222380380911.7, 287589766576246.9, 291224216518647.7, 290995545276794.94, 303113461940499.6, 300630232756221.4, 299339526092398.25], [236937828532526.0, 244909468835170.4, 263872155515898.1, 275080100778035.47, 294646483929408.4, 303872817181431.9, 311947488860585.2, 297544747059835.94, 233011978278848.2, 232316088152825.3, 237695068373444.9, 238245050928710.94, 241009533236851.03, 264801538665970.78, 267655232258146.7, 270966198579233.28, 270667282666836.2, 298065390881192.75, 312912937898409.56, 311196502483625.9], [256486709575371.03, 266245345955741.7, 285026653417681.9, 292935751752714.4, 298622947917938.6, 310960442474850.44, 297544747059835.94, 325086461281521.25, 252274368983384.28, 250342093354425.72, 257326101452651.12, 261567777768421.38, 260978875295671.84, 285861871068090.0, 290922251934640.0, 292482362517338.2, 292172766257590.9, 289802368359669.56, 290825978696809.56, 294268210966576.3], [314970057427719.5, 300676311296345.7, 287612944142300.8, 276889330623550.3, 263646667827209.34, 250864885268508.25, 233011978278848.2, 252274368983384.28, 329201955971634.0, 311144116627501.06, 312236294599741.94, 298089022729575.94, 297899300000935.0, 284864406068724.7, 285466433792408.2, 278239424202217.94, 275470892965865.3, 260808333833607.16, 231662726310298.22, 222370685308034.97], [314987633001664.8, 300716405909688.1, 286501152082289.0, 275476635671434.84, 262279764276577.44, 249715203820786.88, 232316088152825.3, 250342093354425.72, 311144116627501.06, 328987485908061.6, 312340941568411.06, 296893199633676.44, 300180227985220.5, 282677656605172.3, 284847735454801.4, 275805970535642.84, 274834706539183.62, 259652450743625.1, 230660291447321.47, 221553240123381.0], [316311632625289.6, 301783357386905.25, 293104138589870.6, 279060966735897.06, 266250325893350.7, 255468293309699.2, 237695068373444.9, 257326101452651.12, 312236294599741.94, 312340941568411.06, 332387779320063.5, 298704094689984.5, 295403388310216.4, 296335353599733.9, 290545346121034.2, 279974740358966.97, 275283309129695.78, 262434783244707.72, 234985452922715.5, 227464476261729.5], [302585791129682.7, 315575052858316.94, 303465242773417.3, 288497465113299.56, 271383515705500.53, 258681569011541.4, 238245050928710.94, 261567777768421.38, 298089022729575.94, 296893199633676.44, 298704094689984.5, 332215350223892.94, 313911656287052.5, 304134743344233.75, 301268245344883.6, 290585149988873.3, 286309904744110.94, 265506566448995.72, 233626399104108.4, 229619004069255.2], [302480168371626.4, 315343220314236.2, 302961927415754.6, 291878565615061.44, 275610935170489.72, 260569714709777.62, 241009533236851.03, 260978875295671.84, 297899300000935.0, 300180227985220.5, 295403388310216.4, 313911656287052.5, 331986091347553.25, 298131789364229.3, 302755986769323.7, 291661896937490.7, 293834519713169.6, 271925158406222.5, 238362617745624.34, 230667579459284.22], [291977944301385.8, 304077800837269.0, 317714110838904.75, 303983647871528.3, 295216776412652.94, 284222380380911.7, 264801538665970.78, 285861871068090.0, 284864406068724.7, 282677656605172.3, 296335353599733.9, 304134743344233.75, 298131789364229.3, 335350258475717.4, 317998634482224.3, 300600225286651.1, 300095133874722.56, 291849993429424.44, 260345999534401.75, 255457968127653.25], [291204687431657.0, 304388250850083.9, 317825889137611.5, 304027679418375.4, 296492078864984.6, 287589766576246.9, 267655232258146.7, 290922251934640.0, 285466433792408.2, 284847735454801.4, 290545346121034.2, 301268245344883.6, 302755986769323.7, 317998634482224.3, 335465118478692.5, 299098518618718.2, 300795807830404.06, 291103564787142.1, 263989723897380.03, 258277819575381.38], [281603470754266.06, 292696295103184.2, 302502802802418.3, 314845954063918.06, 303954941300378.3, 291224216518647.7, 270966198579233.28, 292482362517338.2, 278239424202217.94, 275805970535642.84, 279974740358966.97, 290585149988873.3, 291661896937490.7, 300600225286651.1, 299098518618718.2, 330846299792807.06, 313883997574958.94, 302005420037531.0, 264422945294212.03, 261470369056595.34], [279132505237866.34, 291513795234896.25, 302554100485667.56, 314840859649104.06, 303941295380615.9, 290995545276794.94, 270667282666836.2, 292172766257590.9, 275470892965865.3, 274834706539183.62, 275283309129695.78, 286309904744110.94, 293834519713169.6, 300095133874722.56, 300795807830404.06, 313883997574958.94, 330792865224914.2, 301816464000724.5, 265411937343051.28, 260184680368849.84], [264011301765057.1, 273325494904601.66, 290783688038494.0, 303839164817501.3, 317007240746422.94, 303113461940499.6, 298065390881192.75, 289802368359669.56, 260808333833607.16, 259652450743625.1, 262434783244707.72, 265506566448995.72, 271925158406222.5, 291849993429424.44, 291103564787142.1, 302005420037531.0, 301816464000724.5, 332137184815439.5, 298231814582631.0, 287784639834013.1], [234709706641541.56, 241454349020282.38, 259866368037453.97, 270394919937999.12, 292841094556931.94, 300630232756221.4, 312912937898409.56, 290825978696809.56, 231662726310298.22, 230660291447321.47, 234985452922715.5, 233626399104108.4, 238362617745624.34, 260345999534401.75, 263989723897380.03, 264422945294212.03, 265411937343051.28, 298231814582631.0, 325834291307619.44, 307180428974912.7], [226514246082847.28, 235125148663289.62, 254301956999126.66, 265414803733306.6, 286209676001108.5, 299339526092398.25, 311196502483625.9, 294268210966576.3, 222370685308034.97, 221553240123381.0, 227464476261729.5, 229619004069255.2, 230667579459284.22, 255457968127653.25, 258277819575381.38, 261470369056595.34, 260184680368849.84, 287784639834013.1, 307180428974912.7, 322158726312362.06], [-1477825362329.4548, -1645953399789.2947, -2505036766095.4126, -1830613288682.35, 301406784911.203, -4177465059866.738, 360527752592.539, -11221707621127.135, -1254438699790.17, -989252976909.209, -1961786045110.1218, -2050907280140.7153, -641178765492.9136, -2585685576256.474, -3722707433049.7476, -2346426801172.018, -2256929407272.632, 5207752727874.927, 3744406555206.734, 958772454145.6923]]}}