,Charge,Charge model,Method,Weight,Delta,Element,Grid,Atom number,smirks,Conformer,Orientation
0,-0.6402133105865944,RESP2,hf/6-31g*,1.0,0.0,O,hf,1,[H:11][c:5]1[c:4]([c:3]([c:2]([c:7]([c:6]1[H:12])[H:13])[O:1][H:8])[H:9])[H:10],,
1,0.5489370925533142,RESP2,hf/6-31g*,1.0,0.0,C,hf,2,[H:11][c:5]1[c:4]([c:3]([c:2]([c:7]([c:6]1[H:12])[H:13])[O:1][H:8])[H:9])[H:10],,
2,-0.3630246948281699,RESP2,hf/6-31g*,1.0,0.0,C,hf,3,[H:11][c:5]1[c:4]([c:3]([c:2]([c:7]([c:6]1[H:12])[H:13])[O:1][H:8])[H:9])[H:10],,
3,-0.0481060578267311,RESP2,hf/6-31g*,1.0,0.0,C,hf,4,[H:11][c:5]1[c:4]([c:3]([c:2]([c:7]([c:6]1[H:12])[H:13])[O:1][H:8])[H:9])[H:10],,
4,-0.2570120409151496,RESP2,hf/6-31g*,1.0,0.0,C,hf,5,[H:11][c:5]1[c:4]([c:3]([c:2]([c:7]([c:6]1[H:12])[H:13])[O:1][H:8])[H:9])[H:10],,
5,-0.0495924983944117,RESP2,hf/6-31g*,1.0,0.0,C,hf,6,[H:11][c:5]1[c:4]([c:3]([c:2]([c:7]([c:6]1[H:12])[H:13])[O:1][H:8])[H:9])[H:10],,
6,-0.3619834103939542,RESP2,hf/6-31g*,1.0,0.0,C,hf,7,[H:11][c:5]1[c:4]([c:3]([c:2]([c:7]([c:6]1[H:12])[H:13])[O:1][H:8])[H:9])[H:10],,
7,0.3992426831405839,RESP2,hf/6-31g*,1.0,0.0,H,hf,8,[H:11][c:5]1[c:4]([c:3]([c:2]([c:7]([c:6]1[H:12])[H:13])[O:1][H:8])[H:9])[H:10],,
8,0.1718273393412715,RESP2,hf/6-31g*,1.0,0.0,H,hf,9,[H:11][c:5]1[c:4]([c:3]([c:2]([c:7]([c:6]1[H:12])[H:13])[O:1][H:8])[H:9])[H:10],,
9,0.1354699458798148,RESP2,hf/6-31g*,1.0,0.0,H,hf,10,[H:11][c:5]1[c:4]([c:3]([c:2]([c:7]([c:6]1[H:12])[H:13])[O:1][H:8])[H:9])[H:10],,
10,0.1572715253416347,RESP2,hf/6-31g*,1.0,0.0,H,hf,11,[H:11][c:5]1[c:4]([c:3]([c:2]([c:7]([c:6]1[H:12])[H:13])[O:1][H:8])[H:9])[H:10],,
11,0.1359044687166763,RESP2,hf/6-31g*,1.0,0.0,H,hf,12,[H:11][c:5]1[c:4]([c:3]([c:2]([c:7]([c:6]1[H:12])[H:13])[O:1][H:8])[H:9])[H:10],,
12,0.171278957971715,RESP2,hf/6-31g*,1.0,0.0,H,hf,13,[H:11][c:5]1[c:4]([c:3]([c:2]([c:7]([c:6]1[H:12])[H:13])[O:1][H:8])[H:9])[H:10],,
0,-0.6430964917362363,RESP2,hf/6-31g*,1.0,0.05,O,hf,1,[H:11][c:5]1[c:4]([c:3]([c:2]([c:7]([c:6]1[H:12])[H:13])[O:1][H:8])[H:9])[H:10],,
1,0.5494904036573831,RESP2,hf/6-31g*,1.0,0.05,C,hf,2,[H:11][c:5]1[c:4]([c:3]([c:2]([c:7]([c:6]1[H:12])[H:13])[O:1][H:8])[H:9])[H:10],,
2,-0.3634425409259121,RESP2,hf/6-31g*,1.0,0.05,C,hf,3,[H:11][c:5]1[c:4]([c:3]([c:2]([c:7]([c:6]1[H:12])[H:13])[O:1][H:8])[H:9])[H:10],,
3,-0.0484136179258757,RESP2,hf/6-31g*,1.0,0.05,C,hf,4,[H:11][c:5]1[c:4]([c:3]([c:2]([c:7]([c:6]1[H:12])[H:13])[O:1][H:8])[H:9])[H:10],,
4,-0.2569685460631052,RESP2,hf/6-31g*,1.0,0.05,C,hf,5,[H:11][c:5]1[c:4]([c:3]([c:2]([c:7]([c:6]1[H:12])[H:13])[O:1][H:8])[H:9])[H:10],,
5,-0.049779207334312,RESP2,hf/6-31g*,1.0,0.05,C,hf,6,[H:11][c:5]1[c:4]([c:3]([c:2]([c:7]([c:6]1[H:12])[H:13])[O:1][H:8])[H:9])[H:10],,
6,-0.3622645030590573,RESP2,hf/6-31g*,1.0,0.05,C,hf,7,[H:11][c:5]1[c:4]([c:3]([c:2]([c:7]([c:6]1[H:12])[H:13])[O:1][H:8])[H:9])[H:10],,
7,0.4012941274263759,RESP2,hf/6-31g*,1.0,0.05,H,hf,8,[H:11][c:5]1[c:4]([c:3]([c:2]([c:7]([c:6]1[H:12])[H:13])[O:1][H:8])[H:9])[H:10],,
8,0.1723027370920357,RESP2,hf/6-31g*,1.0,0.05,H,hf,9,[H:11][c:5]1[c:4]([c:3]([c:2]([c:7]([c:6]1[H:12])[H:13])[O:1][H:8])[H:9])[H:10],,
9,0.1358147724851567,RESP2,hf/6-31g*,1.0,0.05,H,hf,10,[H:11][c:5]1[c:4]([c:3]([c:2]([c:7]([c:6]1[H:12])[H:13])[O:1][H:8])[H:9])[H:10],,
10,0.1574378245618468,RESP2,hf/6-31g*,1.0,0.05,H,hf,11,[H:11][c:5]1[c:4]([c:3]([c:2]([c:7]([c:6]1[H:12])[H:13])[O:1][H:8])[H:9])[H:10],,
11,0.1361040097697863,RESP2,hf/6-31g*,1.0,0.05,H,hf,12,[H:11][c:5]1[c:4]([c:3]([c:2]([c:7]([c:6]1[H:12])[H:13])[O:1][H:8])[H:9])[H:10],,
12,0.1715210320519142,RESP2,hf/6-31g*,1.0,0.05,H,hf,13,[H:11][c:5]1[c:4]([c:3]([c:2]([c:7]([c:6]1[H:12])[H:13])[O:1][H:8])[H:9])[H:10],,
0,-0.6459796728858781,RESP2,hf/6-31g*,1.0,0.1,O,hf,1,[H:11][c:5]1[c:4]([c:3]([c:2]([c:7]([c:6]1[H:12])[H:13])[O:1][H:8])[H:9])[H:10],,
1,0.550043714761452,RESP2,hf/6-31g*,1.0,0.1,C,hf,2,[H:11][c:5]1[c:4]([c:3]([c:2]([c:7]([c:6]1[H:12])[H:13])[O:1][H:8])[H:9])[H:10],,
2,-0.3638603870236543,RESP2,hf/6-31g*,1.0,0.1,C,hf,3,[H:11][c:5]1[c:4]([c:3]([c:2]([c:7]([c:6]1[H:12])[H:13])[O:1][H:8])[H:9])[H:10],,
3,-0.0487211780250204,RESP2,hf/6-31g*,1.0,0.1,C,hf,4,[H:11][c:5]1[c:4]([c:3]([c:2]([c:7]([c:6]1[H:12])[H:13])[O:1][H:8])[H:9])[H:10],,
4,-0.2569250512110609,RESP2,hf/6-31g*,1.0,0.1,C,hf,5,[H:11][c:5]1[c:4]([c:3]([c:2]([c:7]([c:6]1[H:12])[H:13])[O:1][H:8])[H:9])[H:10],,
5,-0.0499659162742124,RESP2,hf/6-31g*,1.0,0.1,C,hf,6,[H:11][c:5]1[c:4]([c:3]([c:2]([c:7]([c:6]1[H:12])[H:13])[O:1][H:8])[H:9])[H:10],,
6,-0.3625455957241606,RESP2,hf/6-31g*,1.0,0.1,C,hf,7,[H:11][c:5]1[c:4]([c:3]([c:2]([c:7]([c:6]1[H:12])[H:13])[O:1][H:8])[H:9])[H:10],,
7,0.403345571712168,RESP2,hf/6-31g*,1.0,0.1,H,hf,8,[H:11][c:5]1[c:4]([c:3]([c:2]([c:7]([c:6]1[H:12])[H:13])[O:1][H:8])[H:9])[H:10],,
8,0.1727781348427999,RESP2,hf/6-31g*,1.0,0.1,H,hf,9,[H:11][c:5]1[c:4]([c:3]([c:2]([c:7]([c:6]1[H:12])[H:13])[O:1][H:8])[H:9])[H:10],,
9,0.1361595990904984,RESP2,hf/6-31g*,1.0,0.1,H,hf,10,[H:11][c:5]1[c:4]([c:3]([c:2]([c:7]([c:6]1[H:12])[H:13])[O:1][H:8])[H:9])[H:10],,
10,0.1576041237820588,RESP2,hf/6-31g*,1.0,0.1,H,hf,11,[H:11][c:5]1[c:4]([c:3]([c:2]([c:7]([c:6]1[H:12])[H:13])[O:1][H:8])[H:9])[H:10],,
11,0.1363035508228963,RESP2,hf/6-31g*,1.0,0.1,H,hf,12,[H:11][c:5]1[c:4]([c:3]([c:2]([c:7]([c:6]1[H:12])[H:13])[O:1][H:8])[H:9])[H:10],,
12,0.1717631061321133,RESP2,hf/6-31g*,1.0,0.1,H,hf,13,[H:11][c:5]1[c:4]([c:3]([c:2]([c:7]([c:6]1[H:12])[H:13])[O:1][H:8])[H:9])[H:10],,
0,-0.6488628540355201,RESP2,hf/6-31g*,1.0,0.15,O,hf,1,[H:11][c:5]1[c:4]([c:3]([c:2]([c:7]([c:6]1[H:12])[H:13])[O:1][H:8])[H:9])[H:10],,
1,0.5505970258655208,RESP2,hf/6-31g*,1.0,0.15,C,hf,2,[H:11][c:5]1[c:4]([c:3]([c:2]([c:7]([c:6]1[H:12])[H:13])[O:1][H:8])[H:9])[H:10],,
2,-0.3642782331213966,RESP2,hf/6-31g*,1.0,0.15,C,hf,3,[H:11][c:5]1[c:4]([c:3]([c:2]([c:7]([c:6]1[H:12])[H:13])[O:1][H:8])[H:9])[H:10],,
3,-0.0490287381241651,RESP2,hf/6-31g*,1.0,0.15,C,hf,4,[H:11][c:5]1[c:4]([c:3]([c:2]([c:7]([c:6]1[H:12])[H:13])[O:1][H:8])[H:9])[H:10],,
4,-0.2568815563590166,RESP2,hf/6-31g*,1.0,0.15,C,hf,5,[H:11][c:5]1[c:4]([c:3]([c:2]([c:7]([c:6]1[H:12])[H:13])[O:1][H:8])[H:9])[H:10],,
5,-0.0501526252141128,RESP2,hf/6-31g*,1.0,0.15,C,hf,6,[H:11][c:5]1[c:4]([c:3]([c:2]([c:7]([c:6]1[H:12])[H:13])[O:1][H:8])[H:9])[H:10],,
6,-0.3628266883892637,RESP2,hf/6-31g*,1.0,0.15,C,hf,7,[H:11][c:5]1[c:4]([c:3]([c:2]([c:7]([c:6]1[H:12])[H:13])[O:1][H:8])[H:9])[H:10],,
7,0.40539701599796,RESP2,hf/6-31g*,1.0,0.15,H,hf,8,[H:11][c:5]1[c:4]([c:3]([c:2]([c:7]([c:6]1[H:12])[H:13])[O:1][H:8])[H:9])[H:10],,
8,0.1732535325935641,RESP2,hf/6-31g*,1.0,0.15,H,hf,9,[H:11][c:5]1[c:4]([c:3]([c:2]([c:7]([c:6]1[H:12])[H:13])[O:1][H:8])[H:9])[H:10],,
9,0.1365044256958402,RESP2,hf/6-31g*,1.0,0.15,H,hf,10,[H:11][c:5]1[c:4]([c:3]([c:2]([c:7]([c:6]1[H:12])[H:13])[O:1][H:8])[H:9])[H:10],,
10,0.1577704230022709,RESP2,hf/6-31g*,1.0,0.15,H,hf,11,[H:11][c:5]1[c:4]([c:3]([c:2]([c:7]([c:6]1[H:12])[H:13])[O:1][H:8])[H:9])[H:10],,
11,0.1365030918760063,RESP2,hf/6-31g*,1.0,0.15,H,hf,12,[H:11][c:5]1[c:4]([c:3]([c:2]([c:7]([c:6]1[H:12])[H:13])[O:1][H:8])[H:9])[H:10],,
12,0.1720051802123124,RESP2,hf/6-31g*,1.0,0.15,H,hf,13,[H:11][c:5]1[c:4]([c:3]([c:2]([c:7]([c:6]1[H:12])[H:13])[O:1][H:8])[H:9])[H:10],,
0,-0.6517460351851619,RESP2,hf/6-31g*,1.0,0.2,O,hf,1,[H:11][c:5]1[c:4]([c:3]([c:2]([c:7]([c:6]1[H:12])[H:13])[O:1][H:8])[H:9])[H:10],,
1,0.5511503369695896,RESP2,hf/6-31g*,1.0,0.2,C,hf,2,[H:11][c:5]1[c:4]([c:3]([c:2]([c:7]([c:6]1[H:12])[H:13])[O:1][H:8])[H:9])[H:10],,
2,-0.3646960792191388,RESP2,hf/6-31g*,1.0,0.2,C,hf,3,[H:11][c:5]1[c:4]([c:3]([c:2]([c:7]([c:6]1[H:12])[H:13])[O:1][H:8])[H:9])[H:10],,
3,-0.0493362982233097,RESP2,hf/6-31g*,1.0,0.2,C,hf,4,[H:11][c:5]1[c:4]([c:3]([c:2]([c:7]([c:6]1[H:12])[H:13])[O:1][H:8])[H:9])[H:10],,
4,-0.2568380615069723,RESP2,hf/6-31g*,1.0,0.2,C,hf,5,[H:11][c:5]1[c:4]([c:3]([c:2]([c:7]([c:6]1[H:12])[H:13])[O:1][H:8])[H:9])[H:10],,
5,-0.0503393341540131,RESP2,hf/6-31g*,1.0,0.2,C,hf,6,[H:11][c:5]1[c:4]([c:3]([c:2]([c:7]([c:6]1[H:12])[H:13])[O:1][H:8])[H:9])[H:10],,
6,-0.3631077810543669,RESP2,hf/6-31g*,1.0,0.2,C,hf,7,[H:11][c:5]1[c:4]([c:3]([c:2]([c:7]([c:6]1[H:12])[H:13])[O:1][H:8])[H:9])[H:10],,
7,0.407448460283752,RESP2,hf/6-31g*,1.0,0.2,H,hf,8,[H:11][c:5]1[c:4]([c:3]([c:2]([c:7]([c:6]1[H:12])[H:13])[O:1][H:8])[H:9])[H:10],,
8,0.1737289303443283,RESP2,hf/6-31g*,1.0,0.2,H,hf,9,[H:11][c:5]1[c:4]([c:3]([c:2]([c:7]([c:6]1[H:12])[H:13])[O:1][H:8])[H:9])[H:10],,
9,0.136849252301182,RESP2,hf/6-31g*,1.0,0.2,H,hf,10,[H:11][c:5]1[c:4]([c:3]([c:2]([c:7]([c:6]1[H:12])[H:13])[O:1][H:8])[H:9])[H:10],,
10,0.1579367222224829,RESP2,hf/6-31g*,1.0,0.2,H,hf,11,[H:11][c:5]1[c:4]([c:3]([c:2]([c:7]([c:6]1[H:12])[H:13])[O:1][H:8])[H:9])[H:10],,
11,0.1367026329291163,RESP2,hf/6-31g*,1.0,0.2,H,hf,12,[H:11][c:5]1[c:4]([c:3]([c:2]([c:7]([c:6]1[H:12])[H:13])[O:1][H:8])[H:9])[H:10],,
12,0.1722472542925115,RESP2,hf/6-31g*,1.0,0.2,H,hf,13,[H:11][c:5]1[c:4]([c:3]([c:2]([c:7]([c:6]1[H:12])[H:13])[O:1][H:8])[H:9])[H:10],,
0,-0.6546292163348038,RESP2,hf/6-31g*,1.0,0.25,O,hf,1,[H:11][c:5]1[c:4]([c:3]([c:2]([c:7]([c:6]1[H:12])[H:13])[O:1][H:8])[H:9])[H:10],,
1,0.5517036480736586,RESP2,hf/6-31g*,1.0,0.25,C,hf,2,[H:11][c:5]1[c:4]([c:3]([c:2]([c:7]([c:6]1[H:12])[H:13])[O:1][H:8])[H:9])[H:10],,
2,-0.365113925316881,RESP2,hf/6-31g*,1.0,0.25,C,hf,3,[H:11][c:5]1[c:4]([c:3]([c:2]([c:7]([c:6]1[H:12])[H:13])[O:1][H:8])[H:9])[H:10],,
3,-0.0496438583224544,RESP2,hf/6-31g*,1.0,0.25,C,hf,4,[H:11][c:5]1[c:4]([c:3]([c:2]([c:7]([c:6]1[H:12])[H:13])[O:1][H:8])[H:9])[H:10],,
4,-0.2567945666549279,RESP2,hf/6-31g*,1.0,0.25,C,hf,5,[H:11][c:5]1[c:4]([c:3]([c:2]([c:7]([c:6]1[H:12])[H:13])[O:1][H:8])[H:9])[H:10],,
5,-0.0505260430939135,RESP2,hf/6-31g*,1.0,0.25,C,hf,6,[H:11][c:5]1[c:4]([c:3]([c:2]([c:7]([c:6]1[H:12])[H:13])[O:1][H:8])[H:9])[H:10],,
6,-0.3633888737194701,RESP2,hf/6-31g*,1.0,0.25,C,hf,7,[H:11][c:5]1[c:4]([c:3]([c:2]([c:7]([c:6]1[H:12])[H:13])[O:1][H:8])[H:9])[H:10],,
7,0.4094999045695441,RESP2,hf/6-31g*,1.0,0.25,H,hf,8,[H:11][c:5]1[c:4]([c:3]([c:2]([c:7]([c:6]1[H:12])[H:13])[O:1][H:8])[H:9])[H:10],,
8,0.1742043280950924,RESP2,hf/6-31g*,1.0,0.25,H,hf,9,[H:11][c:5]1[c:4]([c:3]([c:2]([c:7]([c:6]1[H:12])[H:13])[O:1][H:8])[H:9])[H:10],,
9,0.1371940789065238,RESP2,hf/6-31g*,1.0,0.25,H,hf,10,[H:11][c:5]1[c:4]([c:3]([c:2]([c:7]([c:6]1[H:12])[H:13])[O:1][H:8])[H:9])[H:10],,
10,0.158103021442695,RESP2,hf/6-31g*,1.0,0.25,H,hf,11,[H:11][c:5]1[c:4]([c:3]([c:2]([c:7]([c:6]1[H:12])[H:13])[O:1][H:8])[H:9])[H:10],,
11,0.1369021739822263,RESP2,hf/6-31g*,1.0,0.25,H,hf,12,[H:11][c:5]1[c:4]([c:3]([c:2]([c:7]([c:6]1[H:12])[H:13])[O:1][H:8])[H:9])[H:10],,
12,0.1724893283727106,RESP2,hf/6-31g*,1.0,0.25,H,hf,13,[H:11][c:5]1[c:4]([c:3]([c:2]([c:7]([c:6]1[H:12])[H:13])[O:1][H:8])[H:9])[H:10],,
0,-0.6575123974844457,RESP2,hf/6-31g*,1.0,0.3,O,hf,1,[H:11][c:5]1[c:4]([c:3]([c:2]([c:7]([c:6]1[H:12])[H:13])[O:1][H:8])[H:9])[H:10],,
1,0.5522569591777273,RESP2,hf/6-31g*,1.0,0.3,C,hf,2,[H:11][c:5]1[c:4]([c:3]([c:2]([c:7]([c:6]1[H:12])[H:13])[O:1][H:8])[H:9])[H:10],,
2,-0.3655317714146232,RESP2,hf/6-31g*,1.0,0.3,C,hf,3,[H:11][c:5]1[c:4]([c:3]([c:2]([c:7]([c:6]1[H:12])[H:13])[O:1][H:8])[H:9])[H:10],,
3,-0.0499514184215991,RESP2,hf/6-31g*,1.0,0.3,C,hf,4,[H:11][c:5]1[c:4]([c:3]([c:2]([c:7]([c:6]1[H:12])[H:13])[O:1][H:8])[H:9])[H:10],,
4,-0.2567510718028836,RESP2,hf/6-31g*,1.0,0.3,C,hf,5,[H:11][c:5]1[c:4]([c:3]([c:2]([c:7]([c:6]1[H:12])[H:13])[O:1][H:8])[H:9])[H:10],,
5,-0.0507127520338139,RESP2,hf/6-31g*,1.0,0.3,C,hf,6,[H:11][c:5]1[c:4]([c:3]([c:2]([c:7]([c:6]1[H:12])[H:13])[O:1][H:8])[H:9])[H:10],,
6,-0.3636699663845733,RESP2,hf/6-31g*,1.0,0.3,C,hf,7,[H:11][c:5]1[c:4]([c:3]([c:2]([c:7]([c:6]1[H:12])[H:13])[O:1][H:8])[H:9])[H:10],,
7,0.4115513488553361,RESP2,hf/6-31g*,1.0,0.3,H,hf,8,[H:11][c:5]1[c:4]([c:3]([c:2]([c:7]([c:6]1[H:12])[H:13])[O:1][H:8])[H:9])[H:10],,
8,0.1746797258458566,RESP2,hf/6-31g*,1.0,0.3,H,hf,9,[H:11][c:5]1[c:4]([c:3]([c:2]([c:7]([c:6]1[H:12])[H:13])[O:1][H:8])[H:9])[H:10],,
9,0.1375389055118655,RESP2,hf/6-31g*,1.0,0.3,H,hf,10,[H:11][c:5]1[c:4]([c:3]([c:2]([c:7]([c:6]1[H:12])[H:13])[O:1][H:8])[H:9])[H:10],,
10,0.158269320662907,RESP2,hf/6-31g*,1.0,0.3,H,hf,11,[H:11][c:5]1[c:4]([c:3]([c:2]([c:7]([c:6]1[H:12])[H:13])[O:1][H:8])[H:9])[H:10],,
11,0.1371017150353363,RESP2,hf/6-31g*,1.0,0.3,H,hf,12,[H:11][c:5]1[c:4]([c:3]([c:2]([c:7]([c:6]1[H:12])[H:13])[O:1][H:8])[H:9])[H:10],,
12,0.1727314024529097,RESP2,hf/6-31g*,1.0,0.3,H,hf,13,[H:11][c:5]1[c:4]([c:3]([c:2]([c:7]([c:6]1[H:12])[H:13])[O:1][H:8])[H:9])[H:10],,
0,-0.6603955786340876,RESP2,hf/6-31g*,1.0,0.35,O,hf,1,[H:11][c:5]1[c:4]([c:3]([c:2]([c:7]([c:6]1[H:12])[H:13])[O:1][H:8])[H:9])[H:10],,
1,0.5528102702817961,RESP2,hf/6-31g*,1.0,0.35,C,hf,2,[H:11][c:5]1[c:4]([c:3]([c:2]([c:7]([c:6]1[H:12])[H:13])[O:1][H:8])[H:9])[H:10],,
2,-0.3659496175123655,RESP2,hf/6-31g*,1.0,0.35,C,hf,3,[H:11][c:5]1[c:4]([c:3]([c:2]([c:7]([c:6]1[H:12])[H:13])[O:1][H:8])[H:9])[H:10],,
3,-0.0502589785207437,RESP2,hf/6-31g*,1.0,0.35,C,hf,4,[H:11][c:5]1[c:4]([c:3]([c:2]([c:7]([c:6]1[H:12])[H:13])[O:1][H:8])[H:9])[H:10],,
4,-0.2567075769508393,RESP2,hf/6-31g*,1.0,0.35,C,hf,5,[H:11][c:5]1[c:4]([c:3]([c:2]([c:7]([c:6]1[H:12])[H:13])[O:1][H:8])[H:9])[H:10],,
5,-0.0508994609737142,RESP2,hf/6-31g*,1.0,0.35,C,hf,6,[H:11][c:5]1[c:4]([c:3]([c:2]([c:7]([c:6]1[H:12])[H:13])[O:1][H:8])[H:9])[H:10],,
6,-0.3639510590496764,RESP2,hf/6-31g*,1.0,0.35,C,hf,7,[H:11][c:5]1[c:4]([c:3]([c:2]([c:7]([c:6]1[H:12])[H:13])[O:1][H:8])[H:9])[H:10],,
7,0.4136027931411281,RESP2,hf/6-31g*,1.0,0.35,H,hf,8,[H:11][c:5]1[c:4]([c:3]([c:2]([c:7]([c:6]1[H:12])[H:13])[O:1][H:8])[H:9])[H:10],,
8,0.1751551235966209,RESP2,hf/6-31g*,1.0,0.35,H,hf,9,[H:11][c:5]1[c:4]([c:3]([c:2]([c:7]([c:6]1[H:12])[H:13])[O:1][H:8])[H:9])[H:10],,
9,0.1378837321172074,RESP2,hf/6-31g*,1.0,0.35,H,hf,10,[H:11][c:5]1[c:4]([c:3]([c:2]([c:7]([c:6]1[H:12])[H:13])[O:1][H:8])[H:9])[H:10],,
10,0.1584356198831191,RESP2,hf/6-31g*,1.0,0.35,H,hf,11,[H:11][c:5]1[c:4]([c:3]([c:2]([c:7]([c:6]1[H:12])[H:13])[O:1][H:8])[H:9])[H:10],,
11,0.1373012560884463,RESP2,hf/6-31g*,1.0,0.35,H,hf,12,[H:11][c:5]1[c:4]([c:3]([c:2]([c:7]([c:6]1[H:12])[H:13])[O:1][H:8])[H:9])[H:10],,
12,0.1729734765331088,RESP2,hf/6-31g*,1.0,0.35,H,hf,13,[H:11][c:5]1[c:4]([c:3]([c:2]([c:7]([c:6]1[H:12])[H:13])[O:1][H:8])[H:9])[H:10],,
0,-0.6632787597837295,RESP2,hf/6-31g*,1.0,0.4,O,hf,1,[H:11][c:5]1[c:4]([c:3]([c:2]([c:7]([c:6]1[H:12])[H:13])[O:1][H:8])[H:9])[H:10],,
1,0.5533635813858649,RESP2,hf/6-31g*,1.0,0.4,C,hf,2,[H:11][c:5]1[c:4]([c:3]([c:2]([c:7]([c:6]1[H:12])[H:13])[O:1][H:8])[H:9])[H:10],,
2,-0.3663674636101077,RESP2,hf/6-31g*,1.0,0.4,C,hf,3,[H:11][c:5]1[c:4]([c:3]([c:2]([c:7]([c:6]1[H:12])[H:13])[O:1][H:8])[H:9])[H:10],,
3,-0.0505665386198884,RESP2,hf/6-31g*,1.0,0.4,C,hf,4,[H:11][c:5]1[c:4]([c:3]([c:2]([c:7]([c:6]1[H:12])[H:13])[O:1][H:8])[H:9])[H:10],,
4,-0.256664082098795,RESP2,hf/6-31g*,1.0,0.4,C,hf,5,[H:11][c:5]1[c:4]([c:3]([c:2]([c:7]([c:6]1[H:12])[H:13])[O:1][H:8])[H:9])[H:10],,
5,-0.0510861699136146,RESP2,hf/6-31g*,1.0,0.4,C,hf,6,[H:11][c:5]1[c:4]([c:3]([c:2]([c:7]([c:6]1[H:12])[H:13])[O:1][H:8])[H:9])[H:10],,
6,-0.3642321517147796,RESP2,hf/6-31g*,1.0,0.4,C,hf,7,[H:11][c:5]1[c:4]([c:3]([c:2]([c:7]([c:6]1[H:12])[H:13])[O:1][H:8])[H:9])[H:10],,
7,0.4156542374269202,RESP2,hf/6-31g*,1.0,0.4,H,hf,8,[H:11][c:5]1[c:4]([c:3]([c:2]([c:7]([c:6]1[H:12])[H:13])[O:1][H:8])[H:9])[H:10],,
8,0.1756305213473851,RESP2,hf/6-31g*,1.0,0.4,H,hf,9,[H:11][c:5]1[c:4]([c:3]([c:2]([c:7]([c:6]1[H:12])[H:13])[O:1][H:8])[H:9])[H:10],,
9,0.1382285587225492,RESP2,hf/6-31g*,1.0,0.4,H,hf,10,[H:11][c:5]1[c:4]([c:3]([c:2]([c:7]([c:6]1[H:12])[H:13])[O:1][H:8])[H:9])[H:10],,
10,0.1586019191033311,RESP2,hf/6-31g*,1.0,0.4,H,hf,11,[H:11][c:5]1[c:4]([c:3]([c:2]([c:7]([c:6]1[H:12])[H:13])[O:1][H:8])[H:9])[H:10],,
11,0.1375007971415563,RESP2,hf/6-31g*,1.0,0.4,H,hf,12,[H:11][c:5]1[c:4]([c:3]([c:2]([c:7]([c:6]1[H:12])[H:13])[O:1][H:8])[H:9])[H:10],,
12,0.173215550613308,RESP2,hf/6-31g*,1.0,0.4,H,hf,13,[H:11][c:5]1[c:4]([c:3]([c:2]([c:7]([c:6]1[H:12])[H:13])[O:1][H:8])[H:9])[H:10],,
0,-0.6661619409333714,RESP2,hf/6-31g*,1.0,0.45,O,hf,1,[H:11][c:5]1[c:4]([c:3]([c:2]([c:7]([c:6]1[H:12])[H:13])[O:1][H:8])[H:9])[H:10],,
1,0.5539168924899338,RESP2,hf/6-31g*,1.0,0.45,C,hf,2,[H:11][c:5]1[c:4]([c:3]([c:2]([c:7]([c:6]1[H:12])[H:13])[O:1][H:8])[H:9])[H:10],,
2,-0.3667853097078499,RESP2,hf/6-31g*,1.0,0.45,C,hf,3,[H:11][c:5]1[c:4]([c:3]([c:2]([c:7]([c:6]1[H:12])[H:13])[O:1][H:8])[H:9])[H:10],,
3,-0.050874098719033,RESP2,hf/6-31g*,1.0,0.45,C,hf,4,[H:11][c:5]1[c:4]([c:3]([c:2]([c:7]([c:6]1[H:12])[H:13])[O:1][H:8])[H:9])[H:10],,
4,-0.2566205872467507,RESP2,hf/6-31g*,1.0,0.45,C,hf,5,[H:11][c:5]1[c:4]([c:3]([c:2]([c:7]([c:6]1[H:12])[H:13])[O:1][H:8])[H:9])[H:10],,
5,-0.051272878853515,RESP2,hf/6-31g*,1.0,0.45,C,hf,6,[H:11][c:5]1[c:4]([c:3]([c:2]([c:7]([c:6]1[H:12])[H:13])[O:1][H:8])[H:9])[H:10],,
6,-0.3645132443798828,RESP2,hf/6-31g*,1.0,0.45,C,hf,7,[H:11][c:5]1[c:4]([c:3]([c:2]([c:7]([c:6]1[H:12])[H:13])[O:1][H:8])[H:9])[H:10],,
7,0.4177056817127122,RESP2,hf/6-31g*,1.0,0.45,H,hf,8,[H:11][c:5]1[c:4]([c:3]([c:2]([c:7]([c:6]1[H:12])[H:13])[O:1][H:8])[H:9])[H:10],,
8,0.1761059190981492,RESP2,hf/6-31g*,1.0,0.45,H,hf,9,[H:11][c:5]1[c:4]([c:3]([c:2]([c:7]([c:6]1[H:12])[H:13])[O:1][H:8])[H:9])[H:10],,
9,0.1385733853278909,RESP2,hf/6-31g*,1.0,0.45,H,hf,10,[H:11][c:5]1[c:4]([c:3]([c:2]([c:7]([c:6]1[H:12])[H:13])[O:1][H:8])[H:9])[H:10],,
10,0.1587682183235432,RESP2,hf/6-31g*,1.0,0.45,H,hf,11,[H:11][c:5]1[c:4]([c:3]([c:2]([c:7]([c:6]1[H:12])[H:13])[O:1][H:8])[H:9])[H:10],,
11,0.1377003381946663,RESP2,hf/6-31g*,1.0,0.45,H,hf,12,[H:11][c:5]1[c:4]([c:3]([c:2]([c:7]([c:6]1[H:12])[H:13])[O:1][H:8])[H:9])[H:10],,
12,0.1734576246935071,RESP2,hf/6-31g*,1.0,0.45,H,hf,13,[H:11][c:5]1[c:4]([c:3]([c:2]([c:7]([c:6]1[H:12])[H:13])[O:1][H:8])[H:9])[H:10],,
0,-0.6690451220830133,RESP2,hf/6-31g*,1.0,0.5,O,hf,1,[H:11][c:5]1[c:4]([c:3]([c:2]([c:7]([c:6]1[H:12])[H:13])[O:1][H:8])[H:9])[H:10],,
1,0.5544702035940027,RESP2,hf/6-31g*,1.0,0.5,C,hf,2,[H:11][c:5]1[c:4]([c:3]([c:2]([c:7]([c:6]1[H:12])[H:13])[O:1][H:8])[H:9])[H:10],,
2,-0.3672031558055921,RESP2,hf/6-31g*,1.0,0.5,C,hf,3,[H:11][c:5]1[c:4]([c:3]([c:2]([c:7]([c:6]1[H:12])[H:13])[O:1][H:8])[H:9])[H:10],,
3,-0.0511816588181777,RESP2,hf/6-31g*,1.0,0.5,C,hf,4,[H:11][c:5]1[c:4]([c:3]([c:2]([c:7]([c:6]1[H:12])[H:13])[O:1][H:8])[H:9])[H:10],,
4,-0.2565770923947064,RESP2,hf/6-31g*,1.0,0.5,C,hf,5,[H:11][c:5]1[c:4]([c:3]([c:2]([c:7]([c:6]1[H:12])[H:13])[O:1][H:8])[H:9])[H:10],,
5,-0.0514595877934153,RESP2,hf/6-31g*,1.0,0.5,C,hf,6,[H:11][c:5]1[c:4]([c:3]([c:2]([c:7]([c:6]1[H:12])[H:13])[O:1][H:8])[H:9])[H:10],,
6,-0.364794337044986,RESP2,hf/6-31g*,1.0,0.5,C,hf,7,[H:11][c:5]1[c:4]([c:3]([c:2]([c:7]([c:6]1[H:12])[H:13])[O:1][H:8])[H:9])[H:10],,
7,0.4197571259985042,RESP2,hf/6-31g*,1.0,0.5,H,hf,8,[H:11][c:5]1[c:4]([c:3]([c:2]([c:7]([c:6]1[H:12])[H:13])[O:1][H:8])[H:9])[H:10],,
8,0.1765813168489134,RESP2,hf/6-31g*,1.0,0.5,H,hf,9,[H:11][c:5]1[c:4]([c:3]([c:2]([c:7]([c:6]1[H:12])[H:13])[O:1][H:8])[H:9])[H:10],,
9,0.1389182119332327,RESP2,hf/6-31g*,1.0,0.5,H,hf,10,[H:11][c:5]1[c:4]([c:3]([c:2]([c:7]([c:6]1[H:12])[H:13])[O:1][H:8])[H:9])[H:10],,
10,0.1589345175437552,RESP2,hf/6-31g*,1.0,0.5,H,hf,11,[H:11][c:5]1[c:4]([c:3]([c:2]([c:7]([c:6]1[H:12])[H:13])[O:1][H:8])[H:9])[H:10],,
11,0.1378998792477763,RESP2,hf/6-31g*,1.0,0.5,H,hf,12,[H:11][c:5]1[c:4]([c:3]([c:2]([c:7]([c:6]1[H:12])[H:13])[O:1][H:8])[H:9])[H:10],,
12,0.1736996987737061,RESP2,hf/6-31g*,1.0,0.5,H,hf,13,[H:11][c:5]1[c:4]([c:3]([c:2]([c:7]([c:6]1[H:12])[H:13])[O:1][H:8])[H:9])[H:10],,
0,-0.6719283032326552,RESP2,hf/6-31g*,1.0,0.55,O,hf,1,[H:11][c:5]1[c:4]([c:3]([c:2]([c:7]([c:6]1[H:12])[H:13])[O:1][H:8])[H:9])[H:10],,
1,0.5550235146980715,RESP2,hf/6-31g*,1.0,0.55,C,hf,2,[H:11][c:5]1[c:4]([c:3]([c:2]([c:7]([c:6]1[H:12])[H:13])[O:1][H:8])[H:9])[H:10],,
2,-0.3676210019033343,RESP2,hf/6-31g*,1.0,0.55,C,hf,3,[H:11][c:5]1[c:4]([c:3]([c:2]([c:7]([c:6]1[H:12])[H:13])[O:1][H:8])[H:9])[H:10],,
3,-0.0514892189173223,RESP2,hf/6-31g*,1.0,0.55,C,hf,4,[H:11][c:5]1[c:4]([c:3]([c:2]([c:7]([c:6]1[H:12])[H:13])[O:1][H:8])[H:9])[H:10],,
4,-0.256533597542662,RESP2,hf/6-31g*,1.0,0.55,C,hf,5,[H:11][c:5]1[c:4]([c:3]([c:2]([c:7]([c:6]1[H:12])[H:13])[O:1][H:8])[H:9])[H:10],,
5,-0.0516462967333157,RESP2,hf/6-31g*,1.0,0.55,C,hf,6,[H:11][c:5]1[c:4]([c:3]([c:2]([c:7]([c:6]1[H:12])[H:13])[O:1][H:8])[H:9])[H:10],,
6,-0.3650754297100891,RESP2,hf/6-31g*,1.0,0.55,C,hf,7,[H:11][c:5]1[c:4]([c:3]([c:2]([c:7]([c:6]1[H:12])[H:13])[O:1][H:8])[H:9])[H:10],,
7,0.4218085702842962,RESP2,hf/6-31g*,1.0,0.55,H,hf,8,[H:11][c:5]1[c:4]([c:3]([c:2]([c:7]([c:6]1[H:12])[H:13])[O:1][H:8])[H:9])[H:10],,
8,0.1770567145996776,RESP2,hf/6-31g*,1.0,0.55,H,hf,9,[H:11][c:5]1[c:4]([c:3]([c:2]([c:7]([c:6]1[H:12])[H:13])[O:1][H:8])[H:9])[H:10],,
9,0.1392630385385745,RESP2,hf/6-31g*,1.0,0.55,H,hf,10,[H:11][c:5]1[c:4]([c:3]([c:2]([c:7]([c:6]1[H:12])[H:13])[O:1][H:8])[H:9])[H:10],,
10,0.1591008167639672,RESP2,hf/6-31g*,1.0,0.55,H,hf,11,[H:11][c:5]1[c:4]([c:3]([c:2]([c:7]([c:6]1[H:12])[H:13])[O:1][H:8])[H:9])[H:10],,
11,0.1380994203008863,RESP2,hf/6-31g*,1.0,0.55,H,hf,12,[H:11][c:5]1[c:4]([c:3]([c:2]([c:7]([c:6]1[H:12])[H:13])[O:1][H:8])[H:9])[H:10],,
12,0.1739417728539053,RESP2,hf/6-31g*,1.0,0.55,H,hf,13,[H:11][c:5]1[c:4]([c:3]([c:2]([c:7]([c:6]1[H:12])[H:13])[O:1][H:8])[H:9])[H:10],,
0,-0.6748114843822971,RESP2,hf/6-31g*,1.0,0.6000000000000001,O,hf,1,[H:11][c:5]1[c:4]([c:3]([c:2]([c:7]([c:6]1[H:12])[H:13])[O:1][H:8])[H:9])[H:10],,
1,0.5555768258021404,RESP2,hf/6-31g*,1.0,0.6000000000000001,C,hf,2,[H:11][c:5]1[c:4]([c:3]([c:2]([c:7]([c:6]1[H:12])[H:13])[O:1][H:8])[H:9])[H:10],,
2,-0.3680388480010766,RESP2,hf/6-31g*,1.0,0.6000000000000001,C,hf,3,[H:11][c:5]1[c:4]([c:3]([c:2]([c:7]([c:6]1[H:12])[H:13])[O:1][H:8])[H:9])[H:10],,
3,-0.051796779016467,RESP2,hf/6-31g*,1.0,0.6000000000000001,C,hf,4,[H:11][c:5]1[c:4]([c:3]([c:2]([c:7]([c:6]1[H:12])[H:13])[O:1][H:8])[H:9])[H:10],,
4,-0.2564901026906177,RESP2,hf/6-31g*,1.0,0.6000000000000001,C,hf,5,[H:11][c:5]1[c:4]([c:3]([c:2]([c:7]([c:6]1[H:12])[H:13])[O:1][H:8])[H:9])[H:10],,
5,-0.051833005673216,RESP2,hf/6-31g*,1.0,0.6000000000000001,C,hf,6,[H:11][c:5]1[c:4]([c:3]([c:2]([c:7]([c:6]1[H:12])[H:13])[O:1][H:8])[H:9])[H:10],,
6,-0.3653565223751924,RESP2,hf/6-31g*,1.0,0.6000000000000001,C,hf,7,[H:11][c:5]1[c:4]([c:3]([c:2]([c:7]([c:6]1[H:12])[H:13])[O:1][H:8])[H:9])[H:10],,
7,0.4238600145700882,RESP2,hf/6-31g*,1.0,0.6000000000000001,H,hf,8,[H:11][c:5]1[c:4]([c:3]([c:2]([c:7]([c:6]1[H:12])[H:13])[O:1][H:8])[H:9])[H:10],,
8,0.1775321123504418,RESP2,hf/6-31g*,1.0,0.6000000000000001,H,hf,9,[H:11][c:5]1[c:4]([c:3]([c:2]([c:7]([c:6]1[H:12])[H:13])[O:1][H:8])[H:9])[H:10],,
9,0.1396078651439163,RESP2,hf/6-31g*,1.0,0.6000000000000001,H,hf,10,[H:11][c:5]1[c:4]([c:3]([c:2]([c:7]([c:6]1[H:12])[H:13])[O:1][H:8])[H:9])[H:10],,
10,0.1592671159841793,RESP2,hf/6-31g*,1.0,0.6000000000000001,H,hf,11,[H:11][c:5]1[c:4]([c:3]([c:2]([c:7]([c:6]1[H:12])[H:13])[O:1][H:8])[H:9])[H:10],,
11,0.1382989613539963,RESP2,hf/6-31g*,1.0,0.6000000000000001,H,hf,12,[H:11][c:5]1[c:4]([c:3]([c:2]([c:7]([c:6]1[H:12])[H:13])[O:1][H:8])[H:9])[H:10],,
12,0.1741838469341044,RESP2,hf/6-31g*,1.0,0.6000000000000001,H,hf,13,[H:11][c:5]1[c:4]([c:3]([c:2]([c:7]([c:6]1[H:12])[H:13])[O:1][H:8])[H:9])[H:10],,
0,-0.677694665531939,RESP2,hf/6-31g*,1.0,0.65,O,hf,1,[H:11][c:5]1[c:4]([c:3]([c:2]([c:7]([c:6]1[H:12])[H:13])[O:1][H:8])[H:9])[H:10],,
1,0.5561301369062092,RESP2,hf/6-31g*,1.0,0.65,C,hf,2,[H:11][c:5]1[c:4]([c:3]([c:2]([c:7]([c:6]1[H:12])[H:13])[O:1][H:8])[H:9])[H:10],,
2,-0.3684566940988187,RESP2,hf/6-31g*,1.0,0.65,C,hf,3,[H:11][c:5]1[c:4]([c:3]([c:2]([c:7]([c:6]1[H:12])[H:13])[O:1][H:8])[H:9])[H:10],,
3,-0.0521043391156117,RESP2,hf/6-31g*,1.0,0.65,C,hf,4,[H:11][c:5]1[c:4]([c:3]([c:2]([c:7]([c:6]1[H:12])[H:13])[O:1][H:8])[H:9])[H:10],,
4,-0.2564466078385733,RESP2,hf/6-31g*,1.0,0.65,C,hf,5,[H:11][c:5]1[c:4]([c:3]([c:2]([c:7]([c:6]1[H:12])[H:13])[O:1][H:8])[H:9])[H:10],,
5,-0.0520197146131164,RESP2,hf/6-31g*,1.0,0.65,C,hf,6,[H:11][c:5]1[c:4]([c:3]([c:2]([c:7]([c:6]1[H:12])[H:13])[O:1][H:8])[H:9])[H:10],,
6,-0.3656376150402955,RESP2,hf/6-31g*,1.0,0.65,C,hf,7,[H:11][c:5]1[c:4]([c:3]([c:2]([c:7]([c:6]1[H:12])[H:13])[O:1][H:8])[H:9])[H:10],,
7,0.4259114588558803,RESP2,hf/6-31g*,1.0,0.65,H,hf,8,[H:11][c:5]1[c:4]([c:3]([c:2]([c:7]([c:6]1[H:12])[H:13])[O:1][H:8])[H:9])[H:10],,
8,0.178007510101206,RESP2,hf/6-31g*,1.0,0.65,H,hf,9,[H:11][c:5]1[c:4]([c:3]([c:2]([c:7]([c:6]1[H:12])[H:13])[O:1][H:8])[H:9])[H:10],,
9,0.1399526917492581,RESP2,hf/6-31g*,1.0,0.65,H,hf,10,[H:11][c:5]1[c:4]([c:3]([c:2]([c:7]([c:6]1[H:12])[H:13])[O:1][H:8])[H:9])[H:10],,
10,0.1594334152043914,RESP2,hf/6-31g*,1.0,0.65,H,hf,11,[H:11][c:5]1[c:4]([c:3]([c:2]([c:7]([c:6]1[H:12])[H:13])[O:1][H:8])[H:9])[H:10],,
11,0.1384985024071063,RESP2,hf/6-31g*,1.0,0.65,H,hf,12,[H:11][c:5]1[c:4]([c:3]([c:2]([c:7]([c:6]1[H:12])[H:13])[O:1][H:8])[H:9])[H:10],,
12,0.1744259210143035,RESP2,hf/6-31g*,1.0,0.65,H,hf,13,[H:11][c:5]1[c:4]([c:3]([c:2]([c:7]([c:6]1[H:12])[H:13])[O:1][H:8])[H:9])[H:10],,
0,-0.6805778466815808,RESP2,hf/6-31g*,1.0,0.7000000000000001,O,hf,1,[H:11][c:5]1[c:4]([c:3]([c:2]([c:7]([c:6]1[H:12])[H:13])[O:1][H:8])[H:9])[H:10],,
1,0.556683448010278,RESP2,hf/6-31g*,1.0,0.7000000000000001,C,hf,2,[H:11][c:5]1[c:4]([c:3]([c:2]([c:7]([c:6]1[H:12])[H:13])[O:1][H:8])[H:9])[H:10],,
2,-0.368874540196561,RESP2,hf/6-31g*,1.0,0.7000000000000001,C,hf,3,[H:11][c:5]1[c:4]([c:3]([c:2]([c:7]([c:6]1[H:12])[H:13])[O:1][H:8])[H:9])[H:10],,
3,-0.0524118992147563,RESP2,hf/6-31g*,1.0,0.7000000000000001,C,hf,4,[H:11][c:5]1[c:4]([c:3]([c:2]([c:7]([c:6]1[H:12])[H:13])[O:1][H:8])[H:9])[H:10],,
4,-0.256403112986529,RESP2,hf/6-31g*,1.0,0.7000000000000001,C,hf,5,[H:11][c:5]1[c:4]([c:3]([c:2]([c:7]([c:6]1[H:12])[H:13])[O:1][H:8])[H:9])[H:10],,
5,-0.0522064235530168,RESP2,hf/6-31g*,1.0,0.7000000000000001,C,hf,6,[H:11][c:5]1[c:4]([c:3]([c:2]([c:7]([c:6]1[H:12])[H:13])[O:1][H:8])[H:9])[H:10],,
6,-0.3659187077053987,RESP2,hf/6-31g*,1.0,0.7000000000000001,C,hf,7,[H:11][c:5]1[c:4]([c:3]([c:2]([c:7]([c:6]1[H:12])[H:13])[O:1][H:8])[H:9])[H:10],,
7,0.4279629031416723,RESP2,hf/6-31g*,1.0,0.7000000000000001,H,hf,8,[H:11][c:5]1[c:4]([c:3]([c:2]([c:7]([c:6]1[H:12])[H:13])[O:1][H:8])[H:9])[H:10],,
8,0.1784829078519702,RESP2,hf/6-31g*,1.0,0.7000000000000001,H,hf,9,[H:11][c:5]1[c:4]([c:3]([c:2]([c:7]([c:6]1[H:12])[H:13])[O:1][H:8])[H:9])[H:10],,
9,0.1402975183545998,RESP2,hf/6-31g*,1.0,0.7000000000000001,H,hf,10,[H:11][c:5]1[c:4]([c:3]([c:2]([c:7]([c:6]1[H:12])[H:13])[O:1][H:8])[H:9])[H:10],,
10,0.1595997144246034,RESP2,hf/6-31g*,1.0,0.7000000000000001,H,hf,11,[H:11][c:5]1[c:4]([c:3]([c:2]([c:7]([c:6]1[H:12])[H:13])[O:1][H:8])[H:9])[H:10],,
11,0.1386980434602163,RESP2,hf/6-31g*,1.0,0.7000000000000001,H,hf,12,[H:11][c:5]1[c:4]([c:3]([c:2]([c:7]([c:6]1[H:12])[H:13])[O:1][H:8])[H:9])[H:10],,
12,0.1746679950945026,RESP2,hf/6-31g*,1.0,0.7000000000000001,H,hf,13,[H:11][c:5]1[c:4]([c:3]([c:2]([c:7]([c:6]1[H:12])[H:13])[O:1][H:8])[H:9])[H:10],,
0,-0.6834610278312228,RESP2,hf/6-31g*,1.0,0.75,O,hf,1,[H:11][c:5]1[c:4]([c:3]([c:2]([c:7]([c:6]1[H:12])[H:13])[O:1][H:8])[H:9])[H:10],,
1,0.5572367591143468,RESP2,hf/6-31g*,1.0,0.75,C,hf,2,[H:11][c:5]1[c:4]([c:3]([c:2]([c:7]([c:6]1[H:12])[H:13])[O:1][H:8])[H:9])[H:10],,
2,-0.3692923862943032,RESP2,hf/6-31g*,1.0,0.75,C,hf,3,[H:11][c:5]1[c:4]([c:3]([c:2]([c:7]([c:6]1[H:12])[H:13])[O:1][H:8])[H:9])[H:10],,
3,-0.052719459313901,RESP2,hf/6-31g*,1.0,0.75,C,hf,4,[H:11][c:5]1[c:4]([c:3]([c:2]([c:7]([c:6]1[H:12])[H:13])[O:1][H:8])[H:9])[H:10],,
4,-0.2563596181344847,RESP2,hf/6-31g*,1.0,0.75,C,hf,5,[H:11][c:5]1[c:4]([c:3]([c:2]([c:7]([c:6]1[H:12])[H:13])[O:1][H:8])[H:9])[H:10],,
5,-0.0523931324929172,RESP2,hf/6-31g*,1.0,0.75,C,hf,6,[H:11][c:5]1[c:4]([c:3]([c:2]([c:7]([c:6]1[H:12])[H:13])[O:1][H:8])[H:9])[H:10],,
6,-0.3661998003705018,RESP2,hf/6-31g*,1.0,0.75,C,hf,7,[H:11][c:5]1[c:4]([c:3]([c:2]([c:7]([c:6]1[H:12])[H:13])[O:1][H:8])[H:9])[H:10],,
7,0.4300143474274643,RESP2,hf/6-31g*,1.0,0.75,H,hf,8,[H:11][c:5]1[c:4]([c:3]([c:2]([c:7]([c:6]1[H:12])[H:13])[O:1][H:8])[H:9])[H:10],,
8,0.1789583056027344,RESP2,hf/6-31g*,1.0,0.75,H,hf,9,[H:11][c:5]1[c:4]([c:3]([c:2]([c:7]([c:6]1[H:12])[H:13])[O:1][H:8])[H:9])[H:10],,
9,0.1406423449599416,RESP2,hf/6-31g*,1.0,0.75,H,hf,10,[H:11][c:5]1[c:4]([c:3]([c:2]([c:7]([c:6]1[H:12])[H:13])[O:1][H:8])[H:9])[H:10],,
10,0.1597660136448154,RESP2,hf/6-31g*,1.0,0.75,H,hf,11,[H:11][c:5]1[c:4]([c:3]([c:2]([c:7]([c:6]1[H:12])[H:13])[O:1][H:8])[H:9])[H:10],,
11,0.1388975845133263,RESP2,hf/6-31g*,1.0,0.75,H,hf,12,[H:11][c:5]1[c:4]([c:3]([c:2]([c:7]([c:6]1[H:12])[H:13])[O:1][H:8])[H:9])[H:10],,
12,0.1749100691747017,RESP2,hf/6-31g*,1.0,0.75,H,hf,13,[H:11][c:5]1[c:4]([c:3]([c:2]([c:7]([c:6]1[H:12])[H:13])[O:1][H:8])[H:9])[H:10],,
0,-0.6863442089808647,RESP2,hf/6-31g*,1.0,0.8,O,hf,1,[H:11][c:5]1[c:4]([c:3]([c:2]([c:7]([c:6]1[H:12])[H:13])[O:1][H:8])[H:9])[H:10],,
1,0.5577900702184156,RESP2,hf/6-31g*,1.0,0.8,C,hf,2,[H:11][c:5]1[c:4]([c:3]([c:2]([c:7]([c:6]1[H:12])[H:13])[O:1][H:8])[H:9])[H:10],,
2,-0.3697102323920455,RESP2,hf/6-31g*,1.0,0.8,C,hf,3,[H:11][c:5]1[c:4]([c:3]([c:2]([c:7]([c:6]1[H:12])[H:13])[O:1][H:8])[H:9])[H:10],,
3,-0.0530270194130456,RESP2,hf/6-31g*,1.0,0.8,C,hf,4,[H:11][c:5]1[c:4]([c:3]([c:2]([c:7]([c:6]1[H:12])[H:13])[O:1][H:8])[H:9])[H:10],,
4,-0.2563161232824404,RESP2,hf/6-31g*,1.0,0.8,C,hf,5,[H:11][c:5]1[c:4]([c:3]([c:2]([c:7]([c:6]1[H:12])[H:13])[O:1][H:8])[H:9])[H:10],,
5,-0.0525798414328175,RESP2,hf/6-31g*,1.0,0.8,C,hf,6,[H:11][c:5]1[c:4]([c:3]([c:2]([c:7]([c:6]1[H:12])[H:13])[O:1][H:8])[H:9])[H:10],,
6,-0.3664808930356051,RESP2,hf/6-31g*,1.0,0.8,C,hf,7,[H:11][c:5]1[c:4]([c:3]([c:2]([c:7]([c:6]1[H:12])[H:13])[O:1][H:8])[H:9])[H:10],,
7,0.4320657917132563,RESP2,hf/6-31g*,1.0,0.8,H,hf,8,[H:11][c:5]1[c:4]([c:3]([c:2]([c:7]([c:6]1[H:12])[H:13])[O:1][H:8])[H:9])[H:10],,
8,0.1794337033534986,RESP2,hf/6-31g*,1.0,0.8,H,hf,9,[H:11][c:5]1[c:4]([c:3]([c:2]([c:7]([c:6]1[H:12])[H:13])[O:1][H:8])[H:9])[H:10],,
9,0.1409871715652834,RESP2,hf/6-31g*,1.0,0.8,H,hf,10,[H:11][c:5]1[c:4]([c:3]([c:2]([c:7]([c:6]1[H:12])[H:13])[O:1][H:8])[H:9])[H:10],,
10,0.1599323128650275,RESP2,hf/6-31g*,1.0,0.8,H,hf,11,[H:11][c:5]1[c:4]([c:3]([c:2]([c:7]([c:6]1[H:12])[H:13])[O:1][H:8])[H:9])[H:10],,
11,0.1390971255664363,RESP2,hf/6-31g*,1.0,0.8,H,hf,12,[H:11][c:5]1[c:4]([c:3]([c:2]([c:7]([c:6]1[H:12])[H:13])[O:1][H:8])[H:9])[H:10],,
12,0.1751521432549008,RESP2,hf/6-31g*,1.0,0.8,H,hf,13,[H:11][c:5]1[c:4]([c:3]([c:2]([c:7]([c:6]1[H:12])[H:13])[O:1][H:8])[H:9])[H:10],,
0,-0.6892273901305066,RESP2,hf/6-31g*,1.0,0.8500000000000001,O,hf,1,[H:11][c:5]1[c:4]([c:3]([c:2]([c:7]([c:6]1[H:12])[H:13])[O:1][H:8])[H:9])[H:10],,
1,0.5583433813224845,RESP2,hf/6-31g*,1.0,0.8500000000000001,C,hf,2,[H:11][c:5]1[c:4]([c:3]([c:2]([c:7]([c:6]1[H:12])[H:13])[O:1][H:8])[H:9])[H:10],,
2,-0.3701280784897877,RESP2,hf/6-31g*,1.0,0.8500000000000001,C,hf,3,[H:11][c:5]1[c:4]([c:3]([c:2]([c:7]([c:6]1[H:12])[H:13])[O:1][H:8])[H:9])[H:10],,
3,-0.0533345795121903,RESP2,hf/6-31g*,1.0,0.8500000000000001,C,hf,4,[H:11][c:5]1[c:4]([c:3]([c:2]([c:7]([c:6]1[H:12])[H:13])[O:1][H:8])[H:9])[H:10],,
4,-0.2562726284303961,RESP2,hf/6-31g*,1.0,0.8500000000000001,C,hf,5,[H:11][c:5]1[c:4]([c:3]([c:2]([c:7]([c:6]1[H:12])[H:13])[O:1][H:8])[H:9])[H:10],,
5,-0.0527665503727179,RESP2,hf/6-31g*,1.0,0.8500000000000001,C,hf,6,[H:11][c:5]1[c:4]([c:3]([c:2]([c:7]([c:6]1[H:12])[H:13])[O:1][H:8])[H:9])[H:10],,
6,-0.3667619857007082,RESP2,hf/6-31g*,1.0,0.8500000000000001,C,hf,7,[H:11][c:5]1[c:4]([c:3]([c:2]([c:7]([c:6]1[H:12])[H:13])[O:1][H:8])[H:9])[H:10],,
7,0.4341172359990484,RESP2,hf/6-31g*,1.0,0.8500000000000001,H,hf,8,[H:11][c:5]1[c:4]([c:3]([c:2]([c:7]([c:6]1[H:12])[H:13])[O:1][H:8])[H:9])[H:10],,
8,0.1799091011042628,RESP2,hf/6-31g*,1.0,0.8500000000000001,H,hf,9,[H:11][c:5]1[c:4]([c:3]([c:2]([c:7]([c:6]1[H:12])[H:13])[O:1][H:8])[H:9])[H:10],,
9,0.1413319981706252,RESP2,hf/6-31g*,1.0,0.8500000000000001,H,hf,10,[H:11][c:5]1[c:4]([c:3]([c:2]([c:7]([c:6]1[H:12])[H:13])[O:1][H:8])[H:9])[H:10],,
10,0.1600986120852396,RESP2,hf/6-31g*,1.0,0.8500000000000001,H,hf,11,[H:11][c:5]1[c:4]([c:3]([c:2]([c:7]([c:6]1[H:12])[H:13])[O:1][H:8])[H:9])[H:10],,
11,0.1392966666195463,RESP2,hf/6-31g*,1.0,0.8500000000000001,H,hf,12,[H:11][c:5]1[c:4]([c:3]([c:2]([c:7]([c:6]1[H:12])[H:13])[O:1][H:8])[H:9])[H:10],,
12,0.1753942173351,RESP2,hf/6-31g*,1.0,0.8500000000000001,H,hf,13,[H:11][c:5]1[c:4]([c:3]([c:2]([c:7]([c:6]1[H:12])[H:13])[O:1][H:8])[H:9])[H:10],,
0,-0.6921105712801484,RESP2,hf/6-31g*,1.0,0.9,O,hf,1,[H:11][c:5]1[c:4]([c:3]([c:2]([c:7]([c:6]1[H:12])[H:13])[O:1][H:8])[H:9])[H:10],,
1,0.5588966924265534,RESP2,hf/6-31g*,1.0,0.9,C,hf,2,[H:11][c:5]1[c:4]([c:3]([c:2]([c:7]([c:6]1[H:12])[H:13])[O:1][H:8])[H:9])[H:10],,
2,-0.3705459245875299,RESP2,hf/6-31g*,1.0,0.9,C,hf,3,[H:11][c:5]1[c:4]([c:3]([c:2]([c:7]([c:6]1[H:12])[H:13])[O:1][H:8])[H:9])[H:10],,
3,-0.053642139611335,RESP2,hf/6-31g*,1.0,0.9,C,hf,4,[H:11][c:5]1[c:4]([c:3]([c:2]([c:7]([c:6]1[H:12])[H:13])[O:1][H:8])[H:9])[H:10],,
4,-0.2562291335783518,RESP2,hf/6-31g*,1.0,0.9,C,hf,5,[H:11][c:5]1[c:4]([c:3]([c:2]([c:7]([c:6]1[H:12])[H:13])[O:1][H:8])[H:9])[H:10],,
5,-0.0529532593126182,RESP2,hf/6-31g*,1.0,0.9,C,hf,6,[H:11][c:5]1[c:4]([c:3]([c:2]([c:7]([c:6]1[H:12])[H:13])[O:1][H:8])[H:9])[H:10],,
6,-0.3670430783658114,RESP2,hf/6-31g*,1.0,0.9,C,hf,7,[H:11][c:5]1[c:4]([c:3]([c:2]([c:7]([c:6]1[H:12])[H:13])[O:1][H:8])[H:9])[H:10],,
7,0.4361686802848403,RESP2,hf/6-31g*,1.0,0.9,H,hf,8,[H:11][c:5]1[c:4]([c:3]([c:2]([c:7]([c:6]1[H:12])[H:13])[O:1][H:8])[H:9])[H:10],,
8,0.180384498855027,RESP2,hf/6-31g*,1.0,0.9,H,hf,9,[H:11][c:5]1[c:4]([c:3]([c:2]([c:7]([c:6]1[H:12])[H:13])[O:1][H:8])[H:9])[H:10],,
9,0.141676824775967,RESP2,hf/6-31g*,1.0,0.9,H,hf,10,[H:11][c:5]1[c:4]([c:3]([c:2]([c:7]([c:6]1[H:12])[H:13])[O:1][H:8])[H:9])[H:10],,
10,0.1602649113054516,RESP2,hf/6-31g*,1.0,0.9,H,hf,11,[H:11][c:5]1[c:4]([c:3]([c:2]([c:7]([c:6]1[H:12])[H:13])[O:1][H:8])[H:9])[H:10],,
11,0.1394962076726563,RESP2,hf/6-31g*,1.0,0.9,H,hf,12,[H:11][c:5]1[c:4]([c:3]([c:2]([c:7]([c:6]1[H:12])[H:13])[O:1][H:8])[H:9])[H:10],,
12,0.175636291415299,RESP2,hf/6-31g*,1.0,0.9,H,hf,13,[H:11][c:5]1[c:4]([c:3]([c:2]([c:7]([c:6]1[H:12])[H:13])[O:1][H:8])[H:9])[H:10],,
0,-0.6949937524297904,RESP2,hf/6-31g*,1.0,0.95,O,hf,1,[H:11][c:5]1[c:4]([c:3]([c:2]([c:7]([c:6]1[H:12])[H:13])[O:1][H:8])[H:9])[H:10],,
1,0.5594500035306221,RESP2,hf/6-31g*,1.0,0.95,C,hf,2,[H:11][c:5]1[c:4]([c:3]([c:2]([c:7]([c:6]1[H:12])[H:13])[O:1][H:8])[H:9])[H:10],,
2,-0.3709637706852721,RESP2,hf/6-31g*,1.0,0.95,C,hf,3,[H:11][c:5]1[c:4]([c:3]([c:2]([c:7]([c:6]1[H:12])[H:13])[O:1][H:8])[H:9])[H:10],,
3,-0.0539496997104796,RESP2,hf/6-31g*,1.0,0.95,C,hf,4,[H:11][c:5]1[c:4]([c:3]([c:2]([c:7]([c:6]1[H:12])[H:13])[O:1][H:8])[H:9])[H:10],,
4,-0.2561856387263074,RESP2,hf/6-31g*,1.0,0.95,C,hf,5,[H:11][c:5]1[c:4]([c:3]([c:2]([c:7]([c:6]1[H:12])[H:13])[O:1][H:8])[H:9])[H:10],,
5,-0.0531399682525186,RESP2,hf/6-31g*,1.0,0.95,C,hf,6,[H:11][c:5]1[c:4]([c:3]([c:2]([c:7]([c:6]1[H:12])[H:13])[O:1][H:8])[H:9])[H:10],,
6,-0.3673241710309146,RESP2,hf/6-31g*,1.0,0.95,C,hf,7,[H:11][c:5]1[c:4]([c:3]([c:2]([c:7]([c:6]1[H:12])[H:13])[O:1][H:8])[H:9])[H:10],,
7,0.4382201245706324,RESP2,hf/6-31g*,1.0,0.95,H,hf,8,[H:11][c:5]1[c:4]([c:3]([c:2]([c:7]([c:6]1[H:12])[H:13])[O:1][H:8])[H:9])[H:10],,
8,0.1808598966057912,RESP2,hf/6-31g*,1.0,0.95,H,hf,9,[H:11][c:5]1[c:4]([c:3]([c:2]([c:7]([c:6]1[H:12])[H:13])[O:1][H:8])[H:9])[H:10],,
9,0.1420216513813088,RESP2,hf/6-31g*,1.0,0.95,H,hf,10,[H:11][c:5]1[c:4]([c:3]([c:2]([c:7]([c:6]1[H:12])[H:13])[O:1][H:8])[H:9])[H:10],,
10,0.1604312105256636,RESP2,hf/6-31g*,1.0,0.95,H,hf,11,[H:11][c:5]1[c:4]([c:3]([c:2]([c:7]([c:6]1[H:12])[H:13])[O:1][H:8])[H:9])[H:10],,
11,0.1396957487257663,RESP2,hf/6-31g*,1.0,0.95,H,hf,12,[H:11][c:5]1[c:4]([c:3]([c:2]([c:7]([c:6]1[H:12])[H:13])[O:1][H:8])[H:9])[H:10],,
12,0.1758783654954982,RESP2,hf/6-31g*,1.0,0.95,H,hf,13,[H:11][c:5]1[c:4]([c:3]([c:2]([c:7]([c:6]1[H:12])[H:13])[O:1][H:8])[H:9])[H:10],,
0,-0.6978769335794323,RESP2,hf/6-31g*,1.0,1.0,O,hf,1,[H:11][c:5]1[c:4]([c:3]([c:2]([c:7]([c:6]1[H:12])[H:13])[O:1][H:8])[H:9])[H:10],,
1,0.560003314634691,RESP2,hf/6-31g*,1.0,1.0,C,hf,2,[H:11][c:5]1[c:4]([c:3]([c:2]([c:7]([c:6]1[H:12])[H:13])[O:1][H:8])[H:9])[H:10],,
2,-0.3713816167830143,RESP2,hf/6-31g*,1.0,1.0,C,hf,3,[H:11][c:5]1[c:4]([c:3]([c:2]([c:7]([c:6]1[H:12])[H:13])[O:1][H:8])[H:9])[H:10],,
3,-0.0542572598096243,RESP2,hf/6-31g*,1.0,1.0,C,hf,4,[H:11][c:5]1[c:4]([c:3]([c:2]([c:7]([c:6]1[H:12])[H:13])[O:1][H:8])[H:9])[H:10],,
4,-0.2561421438742631,RESP2,hf/6-31g*,1.0,1.0,C,hf,5,[H:11][c:5]1[c:4]([c:3]([c:2]([c:7]([c:6]1[H:12])[H:13])[O:1][H:8])[H:9])[H:10],,
5,-0.053326677192419,RESP2,hf/6-31g*,1.0,1.0,C,hf,6,[H:11][c:5]1[c:4]([c:3]([c:2]([c:7]([c:6]1[H:12])[H:13])[O:1][H:8])[H:9])[H:10],,
6,-0.3676052636960178,RESP2,hf/6-31g*,1.0,1.0,C,hf,7,[H:11][c:5]1[c:4]([c:3]([c:2]([c:7]([c:6]1[H:12])[H:13])[O:1][H:8])[H:9])[H:10],,
7,0.4402715688564244,RESP2,hf/6-31g*,1.0,1.0,H,hf,8,[H:11][c:5]1[c:4]([c:3]([c:2]([c:7]([c:6]1[H:12])[H:13])[O:1][H:8])[H:9])[H:10],,
8,0.1813352943565554,RESP2,hf/6-31g*,1.0,1.0,H,hf,9,[H:11][c:5]1[c:4]([c:3]([c:2]([c:7]([c:6]1[H:12])[H:13])[O:1][H:8])[H:9])[H:10],,
9,0.1423664779866505,RESP2,hf/6-31g*,1.0,1.0,H,hf,10,[H:11][c:5]1[c:4]([c:3]([c:2]([c:7]([c:6]1[H:12])[H:13])[O:1][H:8])[H:9])[H:10],,
10,0.1605975097458757,RESP2,hf/6-31g*,1.0,1.0,H,hf,11,[H:11][c:5]1[c:4]([c:3]([c:2]([c:7]([c:6]1[H:12])[H:13])[O:1][H:8])[H:9])[H:10],,
11,0.1398952897788763,RESP2,hf/6-31g*,1.0,1.0,H,hf,12,[H:11][c:5]1[c:4]([c:3]([c:2]([c:7]([c:6]1[H:12])[H:13])[O:1][H:8])[H:9])[H:10],,
12,0.1761204395756973,RESP2,hf/6-31g*,1.0,1.0,H,hf,13,[H:11][c:5]1[c:4]([c:3]([c:2]([c:7]([c:6]1[H:12])[H:13])[O:1][H:8])[H:9])[H:10],,
0,-0.6402133105863117,RESP2,hf/6-31g*,,0.0,O,hf,1,[H:11][c:5]1[c:4]([c:3]([c:2]([c:7]([c:6]1[H:12])[H:13])[O:1][H:8])[H:9])[H:10],,
1,0.5489370925514415,RESP2,hf/6-31g*,,0.0,C,hf,2,[H:11][c:5]1[c:4]([c:3]([c:2]([c:7]([c:6]1[H:12])[H:13])[O:1][H:8])[H:9])[H:10],,
2,-0.363024694826345,RESP2,hf/6-31g*,,0.0,C,hf,3,[H:11][c:5]1[c:4]([c:3]([c:2]([c:7]([c:6]1[H:12])[H:13])[O:1][H:8])[H:9])[H:10],,
3,-0.0481060578284334,RESP2,hf/6-31g*,,0.0,C,hf,4,[H:11][c:5]1[c:4]([c:3]([c:2]([c:7]([c:6]1[H:12])[H:13])[O:1][H:8])[H:9])[H:10],,
4,-0.2570120409134516,RESP2,hf/6-31g*,,0.0,C,hf,5,[H:11][c:5]1[c:4]([c:3]([c:2]([c:7]([c:6]1[H:12])[H:13])[O:1][H:8])[H:9])[H:10],,
5,-0.0495924983963365,RESP2,hf/6-31g*,,0.0,C,hf,6,[H:11][c:5]1[c:4]([c:3]([c:2]([c:7]([c:6]1[H:12])[H:13])[O:1][H:8])[H:9])[H:10],,
6,-0.3619834103918738,RESP2,hf/6-31g*,,0.0,C,hf,7,[H:11][c:5]1[c:4]([c:3]([c:2]([c:7]([c:6]1[H:12])[H:13])[O:1][H:8])[H:9])[H:10],,
7,0.3992426831405949,RESP2,hf/6-31g*,,0.0,H,hf,8,[H:11][c:5]1[c:4]([c:3]([c:2]([c:7]([c:6]1[H:12])[H:13])[O:1][H:8])[H:9])[H:10],,
8,0.1718273393409257,RESP2,hf/6-31g*,,0.0,H,hf,9,[H:11][c:5]1[c:4]([c:3]([c:2]([c:7]([c:6]1[H:12])[H:13])[O:1][H:8])[H:9])[H:10],,
9,0.1354699458801225,RESP2,hf/6-31g*,,0.0,H,hf,10,[H:11][c:5]1[c:4]([c:3]([c:2]([c:7]([c:6]1[H:12])[H:13])[O:1][H:8])[H:9])[H:10],,
10,0.1572715253413358,RESP2,hf/6-31g*,,0.0,H,hf,11,[H:11][c:5]1[c:4]([c:3]([c:2]([c:7]([c:6]1[H:12])[H:13])[O:1][H:8])[H:9])[H:10],,
11,0.135904468717053,RESP2,hf/6-31g*,,0.0,H,hf,12,[H:11][c:5]1[c:4]([c:3]([c:2]([c:7]([c:6]1[H:12])[H:13])[O:1][H:8])[H:9])[H:10],,
12,0.1712789579712787,RESP2,hf/6-31g*,,0.0,H,hf,13,[H:11][c:5]1[c:4]([c:3]([c:2]([c:7]([c:6]1[H:12])[H:13])[O:1][H:8])[H:9])[H:10],,
0,-0.6430964917459444,RESP2,hf/6-31g*,,0.05,O,hf,1,[H:11][c:5]1[c:4]([c:3]([c:2]([c:7]([c:6]1[H:12])[H:13])[O:1][H:8])[H:9])[H:10],,
1,0.5494904036506859,RESP2,hf/6-31g*,,0.05,C,hf,2,[H:11][c:5]1[c:4]([c:3]([c:2]([c:7]([c:6]1[H:12])[H:13])[O:1][H:8])[H:9])[H:10],,
2,-0.3634425409466694,RESP2,hf/6-31g*,,0.05,C,hf,3,[H:11][c:5]1[c:4]([c:3]([c:2]([c:7]([c:6]1[H:12])[H:13])[O:1][H:8])[H:9])[H:10],,
3,-0.048413617908335,RESP2,hf/6-31g*,,0.05,C,hf,4,[H:11][c:5]1[c:4]([c:3]([c:2]([c:7]([c:6]1[H:12])[H:13])[O:1][H:8])[H:9])[H:10],,
4,-0.2569685460121489,RESP2,hf/6-31g*,,0.05,C,hf,5,[H:11][c:5]1[c:4]([c:3]([c:2]([c:7]([c:6]1[H:12])[H:13])[O:1][H:8])[H:9])[H:10],,
5,-0.049779207299441,RESP2,hf/6-31g*,,0.05,C,hf,6,[H:11][c:5]1[c:4]([c:3]([c:2]([c:7]([c:6]1[H:12])[H:13])[O:1][H:8])[H:9])[H:10],,
6,-0.3622645030727141,RESP2,hf/6-31g*,,0.05,C,hf,7,[H:11][c:5]1[c:4]([c:3]([c:2]([c:7]([c:6]1[H:12])[H:13])[O:1][H:8])[H:9])[H:10],,
7,0.4012941274273879,RESP2,hf/6-31g*,,0.05,H,hf,8,[H:11][c:5]1[c:4]([c:3]([c:2]([c:7]([c:6]1[H:12])[H:13])[O:1][H:8])[H:9])[H:10],,
8,0.1723027370876172,RESP2,hf/6-31g*,,0.05,H,hf,9,[H:11][c:5]1[c:4]([c:3]([c:2]([c:7]([c:6]1[H:12])[H:13])[O:1][H:8])[H:9])[H:10],,
9,0.1358147724938785,RESP2,hf/6-31g*,,0.05,H,hf,10,[H:11][c:5]1[c:4]([c:3]([c:2]([c:7]([c:6]1[H:12])[H:13])[O:1][H:8])[H:9])[H:10],,
10,0.1574378245436219,RESP2,hf/6-31g*,,0.05,H,hf,11,[H:11][c:5]1[c:4]([c:3]([c:2]([c:7]([c:6]1[H:12])[H:13])[O:1][H:8])[H:9])[H:10],,
11,0.136104009743076,RESP2,hf/6-31g*,,0.05,H,hf,12,[H:11][c:5]1[c:4]([c:3]([c:2]([c:7]([c:6]1[H:12])[H:13])[O:1][H:8])[H:9])[H:10],,
12,0.1715210320389855,RESP2,hf/6-31g*,,0.05,H,hf,13,[H:11][c:5]1[c:4]([c:3]([c:2]([c:7]([c:6]1[H:12])[H:13])[O:1][H:8])[H:9])[H:10],,
0,-0.6459796729055772,RESP2,hf/6-31g*,,0.1,O,hf,1,[H:11][c:5]1[c:4]([c:3]([c:2]([c:7]([c:6]1[H:12])[H:13])[O:1][H:8])[H:9])[H:10],,
1,0.5500437147499303,RESP2,hf/6-31g*,,0.1,C,hf,2,[H:11][c:5]1[c:4]([c:3]([c:2]([c:7]([c:6]1[H:12])[H:13])[O:1][H:8])[H:9])[H:10],,
2,-0.3638603870669939,RESP2,hf/6-31g*,,0.1,C,hf,3,[H:11][c:5]1[c:4]([c:3]([c:2]([c:7]([c:6]1[H:12])[H:13])[O:1][H:8])[H:9])[H:10],,
3,-0.0487211779882365,RESP2,hf/6-31g*,,0.1,C,hf,4,[H:11][c:5]1[c:4]([c:3]([c:2]([c:7]([c:6]1[H:12])[H:13])[O:1][H:8])[H:9])[H:10],,
4,-0.2569250511108463,RESP2,hf/6-31g*,,0.1,C,hf,5,[H:11][c:5]1[c:4]([c:3]([c:2]([c:7]([c:6]1[H:12])[H:13])[O:1][H:8])[H:9])[H:10],,
5,-0.0499659162025455,RESP2,hf/6-31g*,,0.1,C,hf,6,[H:11][c:5]1[c:4]([c:3]([c:2]([c:7]([c:6]1[H:12])[H:13])[O:1][H:8])[H:9])[H:10],,
6,-0.3625455957535544,RESP2,hf/6-31g*,,0.1,C,hf,7,[H:11][c:5]1[c:4]([c:3]([c:2]([c:7]([c:6]1[H:12])[H:13])[O:1][H:8])[H:9])[H:10],,
7,0.403345571714181,RESP2,hf/6-31g*,,0.1,H,hf,8,[H:11][c:5]1[c:4]([c:3]([c:2]([c:7]([c:6]1[H:12])[H:13])[O:1][H:8])[H:9])[H:10],,
8,0.1727781348343087,RESP2,hf/6-31g*,,0.1,H,hf,9,[H:11][c:5]1[c:4]([c:3]([c:2]([c:7]([c:6]1[H:12])[H:13])[O:1][H:8])[H:9])[H:10],,
9,0.1361595991076344,RESP2,hf/6-31g*,,0.1,H,hf,10,[H:11][c:5]1[c:4]([c:3]([c:2]([c:7]([c:6]1[H:12])[H:13])[O:1][H:8])[H:9])[H:10],,
10,0.1576041237459082,RESP2,hf/6-31g*,,0.1,H,hf,11,[H:11][c:5]1[c:4]([c:3]([c:2]([c:7]([c:6]1[H:12])[H:13])[O:1][H:8])[H:9])[H:10],,
11,0.1363035507690989,RESP2,hf/6-31g*,,0.1,H,hf,12,[H:11][c:5]1[c:4]([c:3]([c:2]([c:7]([c:6]1[H:12])[H:13])[O:1][H:8])[H:9])[H:10],,
12,0.1717631061066925,RESP2,hf/6-31g*,,0.1,H,hf,13,[H:11][c:5]1[c:4]([c:3]([c:2]([c:7]([c:6]1[H:12])[H:13])[O:1][H:8])[H:9])[H:10],,
0,-0.6488628540652099,RESP2,hf/6-31g*,,0.15,O,hf,1,[H:11][c:5]1[c:4]([c:3]([c:2]([c:7]([c:6]1[H:12])[H:13])[O:1][H:8])[H:9])[H:10],,
1,0.5505970258491747,RESP2,hf/6-31g*,,0.15,C,hf,2,[H:11][c:5]1[c:4]([c:3]([c:2]([c:7]([c:6]1[H:12])[H:13])[O:1][H:8])[H:9])[H:10],,
2,-0.3642782331873183,RESP2,hf/6-31g*,,0.15,C,hf,3,[H:11][c:5]1[c:4]([c:3]([c:2]([c:7]([c:6]1[H:12])[H:13])[O:1][H:8])[H:9])[H:10],,
3,-0.0490287380681381,RESP2,hf/6-31g*,,0.15,C,hf,4,[H:11][c:5]1[c:4]([c:3]([c:2]([c:7]([c:6]1[H:12])[H:13])[O:1][H:8])[H:9])[H:10],,
4,-0.2568815562095436,RESP2,hf/6-31g*,,0.15,C,hf,5,[H:11][c:5]1[c:4]([c:3]([c:2]([c:7]([c:6]1[H:12])[H:13])[O:1][H:8])[H:9])[H:10],,
5,-0.05015262510565,RESP2,hf/6-31g*,,0.15,C,hf,6,[H:11][c:5]1[c:4]([c:3]([c:2]([c:7]([c:6]1[H:12])[H:13])[O:1][H:8])[H:9])[H:10],,
6,-0.3628266884343946,RESP2,hf/6-31g*,,0.15,C,hf,7,[H:11][c:5]1[c:4]([c:3]([c:2]([c:7]([c:6]1[H:12])[H:13])[O:1][H:8])[H:9])[H:10],,
7,0.405397016000974,RESP2,hf/6-31g*,,0.15,H,hf,8,[H:11][c:5]1[c:4]([c:3]([c:2]([c:7]([c:6]1[H:12])[H:13])[O:1][H:8])[H:9])[H:10],,
8,0.1732535325810001,RESP2,hf/6-31g*,,0.15,H,hf,9,[H:11][c:5]1[c:4]([c:3]([c:2]([c:7]([c:6]1[H:12])[H:13])[O:1][H:8])[H:9])[H:10],,
9,0.1365044257213903,RESP2,hf/6-31g*,,0.15,H,hf,10,[H:11][c:5]1[c:4]([c:3]([c:2]([c:7]([c:6]1[H:12])[H:13])[O:1][H:8])[H:9])[H:10],,
10,0.1577704229481944,RESP2,hf/6-31g*,,0.15,H,hf,11,[H:11][c:5]1[c:4]([c:3]([c:2]([c:7]([c:6]1[H:12])[H:13])[O:1][H:8])[H:9])[H:10],,
11,0.1365030917951218,RESP2,hf/6-31g*,,0.15,H,hf,12,[H:11][c:5]1[c:4]([c:3]([c:2]([c:7]([c:6]1[H:12])[H:13])[O:1][H:8])[H:9])[H:10],,
12,0.1720051801743992,RESP2,hf/6-31g*,,0.15,H,hf,13,[H:11][c:5]1[c:4]([c:3]([c:2]([c:7]([c:6]1[H:12])[H:13])[O:1][H:8])[H:9])[H:10],,
0,-0.6517460352248429,RESP2,hf/6-31g*,,0.2,O,hf,1,[H:11][c:5]1[c:4]([c:3]([c:2]([c:7]([c:6]1[H:12])[H:13])[O:1][H:8])[H:9])[H:10],,
1,0.551150336948419,RESP2,hf/6-31g*,,0.2,C,hf,2,[H:11][c:5]1[c:4]([c:3]([c:2]([c:7]([c:6]1[H:12])[H:13])[O:1][H:8])[H:9])[H:10],,
2,-0.3646960793076428,RESP2,hf/6-31g*,,0.2,C,hf,3,[H:11][c:5]1[c:4]([c:3]([c:2]([c:7]([c:6]1[H:12])[H:13])[O:1][H:8])[H:9])[H:10],,
3,-0.0493362981480397,RESP2,hf/6-31g*,,0.2,C,hf,4,[H:11][c:5]1[c:4]([c:3]([c:2]([c:7]([c:6]1[H:12])[H:13])[O:1][H:8])[H:9])[H:10],,
4,-0.256838061308241,RESP2,hf/6-31g*,,0.2,C,hf,5,[H:11][c:5]1[c:4]([c:3]([c:2]([c:7]([c:6]1[H:12])[H:13])[O:1][H:8])[H:9])[H:10],,
5,-0.0503393340087544,RESP2,hf/6-31g*,,0.2,C,hf,6,[H:11][c:5]1[c:4]([c:3]([c:2]([c:7]([c:6]1[H:12])[H:13])[O:1][H:8])[H:9])[H:10],,
6,-0.3631077811152349,RESP2,hf/6-31g*,,0.2,C,hf,7,[H:11][c:5]1[c:4]([c:3]([c:2]([c:7]([c:6]1[H:12])[H:13])[O:1][H:8])[H:9])[H:10],,
7,0.407448460287767,RESP2,hf/6-31g*,,0.2,H,hf,8,[H:11][c:5]1[c:4]([c:3]([c:2]([c:7]([c:6]1[H:12])[H:13])[O:1][H:8])[H:9])[H:10],,
8,0.1737289303276915,RESP2,hf/6-31g*,,0.2,H,hf,9,[H:11][c:5]1[c:4]([c:3]([c:2]([c:7]([c:6]1[H:12])[H:13])[O:1][H:8])[H:9])[H:10],,
9,0.1368492523351463,RESP2,hf/6-31g*,,0.2,H,hf,10,[H:11][c:5]1[c:4]([c:3]([c:2]([c:7]([c:6]1[H:12])[H:13])[O:1][H:8])[H:9])[H:10],,
10,0.1579367221504806,RESP2,hf/6-31g*,,0.2,H,hf,11,[H:11][c:5]1[c:4]([c:3]([c:2]([c:7]([c:6]1[H:12])[H:13])[O:1][H:8])[H:9])[H:10],,
11,0.1367026328211447,RESP2,hf/6-31g*,,0.2,H,hf,12,[H:11][c:5]1[c:4]([c:3]([c:2]([c:7]([c:6]1[H:12])[H:13])[O:1][H:8])[H:9])[H:10],,
12,0.1722472542421061,RESP2,hf/6-31g*,,0.2,H,hf,13,[H:11][c:5]1[c:4]([c:3]([c:2]([c:7]([c:6]1[H:12])[H:13])[O:1][H:8])[H:9])[H:10],,
0,-0.6546292163844756,RESP2,hf/6-31g*,,0.25,O,hf,1,[H:11][c:5]1[c:4]([c:3]([c:2]([c:7]([c:6]1[H:12])[H:13])[O:1][H:8])[H:9])[H:10],,
1,0.5517036480476634,RESP2,hf/6-31g*,,0.25,C,hf,2,[H:11][c:5]1[c:4]([c:3]([c:2]([c:7]([c:6]1[H:12])[H:13])[O:1][H:8])[H:9])[H:10],,
2,-0.3651139254279671,RESP2,hf/6-31g*,,0.25,C,hf,3,[H:11][c:5]1[c:4]([c:3]([c:2]([c:7]([c:6]1[H:12])[H:13])[O:1][H:8])[H:9])[H:10],,
3,-0.0496438582279413,RESP2,hf/6-31g*,,0.25,C,hf,4,[H:11][c:5]1[c:4]([c:3]([c:2]([c:7]([c:6]1[H:12])[H:13])[O:1][H:8])[H:9])[H:10],,
4,-0.2567945664069382,RESP2,hf/6-31g*,,0.25,C,hf,5,[H:11][c:5]1[c:4]([c:3]([c:2]([c:7]([c:6]1[H:12])[H:13])[O:1][H:8])[H:9])[H:10],,
5,-0.0505260429118589,RESP2,hf/6-31g*,,0.25,C,hf,6,[H:11][c:5]1[c:4]([c:3]([c:2]([c:7]([c:6]1[H:12])[H:13])[O:1][H:8])[H:9])[H:10],,
6,-0.3633888737960751,RESP2,hf/6-31g*,,0.25,C,hf,7,[H:11][c:5]1[c:4]([c:3]([c:2]([c:7]([c:6]1[H:12])[H:13])[O:1][H:8])[H:9])[H:10],,
7,0.4094999045745601,RESP2,hf/6-31g*,,0.25,H,hf,8,[H:11][c:5]1[c:4]([c:3]([c:2]([c:7]([c:6]1[H:12])[H:13])[O:1][H:8])[H:9])[H:10],,
8,0.174204328074383,RESP2,hf/6-31g*,,0.25,H,hf,9,[H:11][c:5]1[c:4]([c:3]([c:2]([c:7]([c:6]1[H:12])[H:13])[O:1][H:8])[H:9])[H:10],,
9,0.1371940789489022,RESP2,hf/6-31g*,,0.25,H,hf,10,[H:11][c:5]1[c:4]([c:3]([c:2]([c:7]([c:6]1[H:12])[H:13])[O:1][H:8])[H:9])[H:10],,
10,0.1581030213527668,RESP2,hf/6-31g*,,0.25,H,hf,11,[H:11][c:5]1[c:4]([c:3]([c:2]([c:7]([c:6]1[H:12])[H:13])[O:1][H:8])[H:9])[H:10],,
11,0.1369021738471676,RESP2,hf/6-31g*,,0.25,H,hf,12,[H:11][c:5]1[c:4]([c:3]([c:2]([c:7]([c:6]1[H:12])[H:13])[O:1][H:8])[H:9])[H:10],,
12,0.172489328309813,RESP2,hf/6-31g*,,0.25,H,hf,13,[H:11][c:5]1[c:4]([c:3]([c:2]([c:7]([c:6]1[H:12])[H:13])[O:1][H:8])[H:9])[H:10],,
0,-0.6575123975441083,RESP2,hf/6-31g*,,0.3,O,hf,1,[H:11][c:5]1[c:4]([c:3]([c:2]([c:7]([c:6]1[H:12])[H:13])[O:1][H:8])[H:9])[H:10],,
1,0.5522569591469079,RESP2,hf/6-31g*,,0.3,C,hf,2,[H:11][c:5]1[c:4]([c:3]([c:2]([c:7]([c:6]1[H:12])[H:13])[O:1][H:8])[H:9])[H:10],,
2,-0.3655317715482916,RESP2,hf/6-31g*,,0.3,C,hf,3,[H:11][c:5]1[c:4]([c:3]([c:2]([c:7]([c:6]1[H:12])[H:13])[O:1][H:8])[H:9])[H:10],,
3,-0.0499514183078428,RESP2,hf/6-31g*,,0.3,C,hf,4,[H:11][c:5]1[c:4]([c:3]([c:2]([c:7]([c:6]1[H:12])[H:13])[O:1][H:8])[H:9])[H:10],,
4,-0.2567510715056356,RESP2,hf/6-31g*,,0.3,C,hf,5,[H:11][c:5]1[c:4]([c:3]([c:2]([c:7]([c:6]1[H:12])[H:13])[O:1][H:8])[H:9])[H:10],,
5,-0.0507127518149634,RESP2,hf/6-31g*,,0.3,C,hf,6,[H:11][c:5]1[c:4]([c:3]([c:2]([c:7]([c:6]1[H:12])[H:13])[O:1][H:8])[H:9])[H:10],,
6,-0.3636699664769153,RESP2,hf/6-31g*,,0.3,C,hf,7,[H:11][c:5]1[c:4]([c:3]([c:2]([c:7]([c:6]1[H:12])[H:13])[O:1][H:8])[H:9])[H:10],,
7,0.4115513488613531,RESP2,hf/6-31g*,,0.3,H,hf,8,[H:11][c:5]1[c:4]([c:3]([c:2]([c:7]([c:6]1[H:12])[H:13])[O:1][H:8])[H:9])[H:10],,
8,0.1746797258210744,RESP2,hf/6-31g*,,0.3,H,hf,9,[H:11][c:5]1[c:4]([c:3]([c:2]([c:7]([c:6]1[H:12])[H:13])[O:1][H:8])[H:9])[H:10],,
9,0.1375389055626581,RESP2,hf/6-31g*,,0.3,H,hf,10,[H:11][c:5]1[c:4]([c:3]([c:2]([c:7]([c:6]1[H:12])[H:13])[O:1][H:8])[H:9])[H:10],,
10,0.158269320555053,RESP2,hf/6-31g*,,0.3,H,hf,11,[H:11][c:5]1[c:4]([c:3]([c:2]([c:7]([c:6]1[H:12])[H:13])[O:1][H:8])[H:9])[H:10],,
11,0.1371017148731906,RESP2,hf/6-31g*,,0.3,H,hf,12,[H:11][c:5]1[c:4]([c:3]([c:2]([c:7]([c:6]1[H:12])[H:13])[O:1][H:8])[H:9])[H:10],,
12,0.1727314023775198,RESP2,hf/6-31g*,,0.3,H,hf,13,[H:11][c:5]1[c:4]([c:3]([c:2]([c:7]([c:6]1[H:12])[H:13])[O:1][H:8])[H:9])[H:10],,
0,-0.6603955787037411,RESP2,hf/6-31g*,,0.35,O,hf,1,[H:11][c:5]1[c:4]([c:3]([c:2]([c:7]([c:6]1[H:12])[H:13])[O:1][H:8])[H:9])[H:10],,
1,0.552810270246152,RESP2,hf/6-31g*,,0.35,C,hf,2,[H:11][c:5]1[c:4]([c:3]([c:2]([c:7]([c:6]1[H:12])[H:13])[O:1][H:8])[H:9])[H:10],,
2,-0.3659496176686159,RESP2,hf/6-31g*,,0.35,C,hf,3,[H:11][c:5]1[c:4]([c:3]([c:2]([c:7]([c:6]1[H:12])[H:13])[O:1][H:8])[H:9])[H:10],,
3,-0.0502589783877444,RESP2,hf/6-31g*,,0.35,C,hf,4,[H:11][c:5]1[c:4]([c:3]([c:2]([c:7]([c:6]1[H:12])[H:13])[O:1][H:8])[H:9])[H:10],,
4,-0.2567075766043329,RESP2,hf/6-31g*,,0.35,C,hf,5,[H:11][c:5]1[c:4]([c:3]([c:2]([c:7]([c:6]1[H:12])[H:13])[O:1][H:8])[H:9])[H:10],,
5,-0.0508994607180679,RESP2,hf/6-31g*,,0.35,C,hf,6,[H:11][c:5]1[c:4]([c:3]([c:2]([c:7]([c:6]1[H:12])[H:13])[O:1][H:8])[H:9])[H:10],,
6,-0.3639510591577555,RESP2,hf/6-31g*,,0.35,C,hf,7,[H:11][c:5]1[c:4]([c:3]([c:2]([c:7]([c:6]1[H:12])[H:13])[O:1][H:8])[H:9])[H:10],,
7,0.4136027931481462,RESP2,hf/6-31g*,,0.35,H,hf,8,[H:11][c:5]1[c:4]([c:3]([c:2]([c:7]([c:6]1[H:12])[H:13])[O:1][H:8])[H:9])[H:10],,
8,0.1751551235677658,RESP2,hf/6-31g*,,0.35,H,hf,9,[H:11][c:5]1[c:4]([c:3]([c:2]([c:7]([c:6]1[H:12])[H:13])[O:1][H:8])[H:9])[H:10],,
9,0.1378837321764141,RESP2,hf/6-31g*,,0.35,H,hf,10,[H:11][c:5]1[c:4]([c:3]([c:2]([c:7]([c:6]1[H:12])[H:13])[O:1][H:8])[H:9])[H:10],,
10,0.1584356197573392,RESP2,hf/6-31g*,,0.35,H,hf,11,[H:11][c:5]1[c:4]([c:3]([c:2]([c:7]([c:6]1[H:12])[H:13])[O:1][H:8])[H:9])[H:10],,
11,0.1373012558992135,RESP2,hf/6-31g*,,0.35,H,hf,12,[H:11][c:5]1[c:4]([c:3]([c:2]([c:7]([c:6]1[H:12])[H:13])[O:1][H:8])[H:9])[H:10],,
12,0.1729734764452267,RESP2,hf/6-31g*,,0.35,H,hf,13,[H:11][c:5]1[c:4]([c:3]([c:2]([c:7]([c:6]1[H:12])[H:13])[O:1][H:8])[H:9])[H:10],,
0,-0.6632787598633739,RESP2,hf/6-31g*,,0.4,O,hf,1,[H:11][c:5]1[c:4]([c:3]([c:2]([c:7]([c:6]1[H:12])[H:13])[O:1][H:8])[H:9])[H:10],,
1,0.5533635813453965,RESP2,hf/6-31g*,,0.4,C,hf,2,[H:11][c:5]1[c:4]([c:3]([c:2]([c:7]([c:6]1[H:12])[H:13])[O:1][H:8])[H:9])[H:10],,
2,-0.3663674637889404,RESP2,hf/6-31g*,,0.4,C,hf,3,[H:11][c:5]1[c:4]([c:3]([c:2]([c:7]([c:6]1[H:12])[H:13])[O:1][H:8])[H:9])[H:10],,
3,-0.0505665384676459,RESP2,hf/6-31g*,,0.4,C,hf,4,[H:11][c:5]1[c:4]([c:3]([c:2]([c:7]([c:6]1[H:12])[H:13])[O:1][H:8])[H:9])[H:10],,
4,-0.2566640817030302,RESP2,hf/6-31g*,,0.4,C,hf,5,[H:11][c:5]1[c:4]([c:3]([c:2]([c:7]([c:6]1[H:12])[H:13])[O:1][H:8])[H:9])[H:10],,
5,-0.0510861696211723,RESP2,hf/6-31g*,,0.4,C,hf,6,[H:11][c:5]1[c:4]([c:3]([c:2]([c:7]([c:6]1[H:12])[H:13])[O:1][H:8])[H:9])[H:10],,
6,-0.3642321518385958,RESP2,hf/6-31g*,,0.4,C,hf,7,[H:11][c:5]1[c:4]([c:3]([c:2]([c:7]([c:6]1[H:12])[H:13])[O:1][H:8])[H:9])[H:10],,
7,0.4156542374349392,RESP2,hf/6-31g*,,0.4,H,hf,8,[H:11][c:5]1[c:4]([c:3]([c:2]([c:7]([c:6]1[H:12])[H:13])[O:1][H:8])[H:9])[H:10],,
8,0.1756305213144573,RESP2,hf/6-31g*,,0.4,H,hf,9,[H:11][c:5]1[c:4]([c:3]([c:2]([c:7]([c:6]1[H:12])[H:13])[O:1][H:8])[H:9])[H:10],,
9,0.13822855879017,RESP2,hf/6-31g*,,0.4,H,hf,10,[H:11][c:5]1[c:4]([c:3]([c:2]([c:7]([c:6]1[H:12])[H:13])[O:1][H:8])[H:9])[H:10],,
10,0.1586019189596255,RESP2,hf/6-31g*,,0.4,H,hf,11,[H:11][c:5]1[c:4]([c:3]([c:2]([c:7]([c:6]1[H:12])[H:13])[O:1][H:8])[H:9])[H:10],,
11,0.1375007969252364,RESP2,hf/6-31g*,,0.4,H,hf,12,[H:11][c:5]1[c:4]([c:3]([c:2]([c:7]([c:6]1[H:12])[H:13])[O:1][H:8])[H:9])[H:10],,
12,0.1732155505129336,RESP2,hf/6-31g*,,0.4,H,hf,13,[H:11][c:5]1[c:4]([c:3]([c:2]([c:7]([c:6]1[H:12])[H:13])[O:1][H:8])[H:9])[H:10],,
0,-0.6661619410230067,RESP2,hf/6-31g*,,0.45,O,hf,1,[H:11][c:5]1[c:4]([c:3]([c:2]([c:7]([c:6]1[H:12])[H:13])[O:1][H:8])[H:9])[H:10],,
1,0.5539168924446409,RESP2,hf/6-31g*,,0.45,C,hf,2,[H:11][c:5]1[c:4]([c:3]([c:2]([c:7]([c:6]1[H:12])[H:13])[O:1][H:8])[H:9])[H:10],,
2,-0.3667853099092648,RESP2,hf/6-31g*,,0.45,C,hf,3,[H:11][c:5]1[c:4]([c:3]([c:2]([c:7]([c:6]1[H:12])[H:13])[O:1][H:8])[H:9])[H:10],,
3,-0.0508740985475475,RESP2,hf/6-31g*,,0.45,C,hf,4,[H:11][c:5]1[c:4]([c:3]([c:2]([c:7]([c:6]1[H:12])[H:13])[O:1][H:8])[H:9])[H:10],,
4,-0.2566205868017275,RESP2,hf/6-31g*,,0.45,C,hf,5,[H:11][c:5]1[c:4]([c:3]([c:2]([c:7]([c:6]1[H:12])[H:13])[O:1][H:8])[H:9])[H:10],,
5,-0.0512728785242768,RESP2,hf/6-31g*,,0.45,C,hf,6,[H:11][c:5]1[c:4]([c:3]([c:2]([c:7]([c:6]1[H:12])[H:13])[O:1][H:8])[H:9])[H:10],,
6,-0.3645132445194361,RESP2,hf/6-31g*,,0.45,C,hf,7,[H:11][c:5]1[c:4]([c:3]([c:2]([c:7]([c:6]1[H:12])[H:13])[O:1][H:8])[H:9])[H:10],,
7,0.4177056817217323,RESP2,hf/6-31g*,,0.45,H,hf,8,[H:11][c:5]1[c:4]([c:3]([c:2]([c:7]([c:6]1[H:12])[H:13])[O:1][H:8])[H:9])[H:10],,
8,0.1761059190611488,RESP2,hf/6-31g*,,0.45,H,hf,9,[H:11][c:5]1[c:4]([c:3]([c:2]([c:7]([c:6]1[H:12])[H:13])[O:1][H:8])[H:9])[H:10],,
9,0.138573385403926,RESP2,hf/6-31g*,,0.45,H,hf,10,[H:11][c:5]1[c:4]([c:3]([c:2]([c:7]([c:6]1[H:12])[H:13])[O:1][H:8])[H:9])[H:10],,
10,0.1587682181619117,RESP2,hf/6-31g*,,0.45,H,hf,11,[H:11][c:5]1[c:4]([c:3]([c:2]([c:7]([c:6]1[H:12])[H:13])[O:1][H:8])[H:9])[H:10],,
11,0.1377003379512594,RESP2,hf/6-31g*,,0.45,H,hf,12,[H:11][c:5]1[c:4]([c:3]([c:2]([c:7]([c:6]1[H:12])[H:13])[O:1][H:8])[H:9])[H:10],,
12,0.1734576245806404,RESP2,hf/6-31g*,,0.45,H,hf,13,[H:11][c:5]1[c:4]([c:3]([c:2]([c:7]([c:6]1[H:12])[H:13])[O:1][H:8])[H:9])[H:10],,
0,-0.6690451221826395,RESP2,hf/6-31g*,,0.5,O,hf,1,[H:11][c:5]1[c:4]([c:3]([c:2]([c:7]([c:6]1[H:12])[H:13])[O:1][H:8])[H:9])[H:10],,
1,0.5544702035438853,RESP2,hf/6-31g*,,0.5,C,hf,2,[H:11][c:5]1[c:4]([c:3]([c:2]([c:7]([c:6]1[H:12])[H:13])[O:1][H:8])[H:9])[H:10],,
2,-0.3672031560295892,RESP2,hf/6-31g*,,0.5,C,hf,3,[H:11][c:5]1[c:4]([c:3]([c:2]([c:7]([c:6]1[H:12])[H:13])[O:1][H:8])[H:9])[H:10],,
3,-0.0511816586274491,RESP2,hf/6-31g*,,0.5,C,hf,4,[H:11][c:5]1[c:4]([c:3]([c:2]([c:7]([c:6]1[H:12])[H:13])[O:1][H:8])[H:9])[H:10],,
4,-0.2565770919004249,RESP2,hf/6-31g*,,0.5,C,hf,5,[H:11][c:5]1[c:4]([c:3]([c:2]([c:7]([c:6]1[H:12])[H:13])[O:1][H:8])[H:9])[H:10],,
5,-0.0514595874273812,RESP2,hf/6-31g*,,0.5,C,hf,6,[H:11][c:5]1[c:4]([c:3]([c:2]([c:7]([c:6]1[H:12])[H:13])[O:1][H:8])[H:9])[H:10],,
6,-0.3647943372002763,RESP2,hf/6-31g*,,0.5,C,hf,7,[H:11][c:5]1[c:4]([c:3]([c:2]([c:7]([c:6]1[H:12])[H:13])[O:1][H:8])[H:9])[H:10],,
7,0.4197571260085253,RESP2,hf/6-31g*,,0.5,H,hf,8,[H:11][c:5]1[c:4]([c:3]([c:2]([c:7]([c:6]1[H:12])[H:13])[O:1][H:8])[H:9])[H:10],,
8,0.1765813168078402,RESP2,hf/6-31g*,,0.5,H,hf,9,[H:11][c:5]1[c:4]([c:3]([c:2]([c:7]([c:6]1[H:12])[H:13])[O:1][H:8])[H:9])[H:10],,
9,0.1389182120176819,RESP2,hf/6-31g*,,0.5,H,hf,10,[H:11][c:5]1[c:4]([c:3]([c:2]([c:7]([c:6]1[H:12])[H:13])[O:1][H:8])[H:9])[H:10],,
10,0.158934517364198,RESP2,hf/6-31g*,,0.5,H,hf,11,[H:11][c:5]1[c:4]([c:3]([c:2]([c:7]([c:6]1[H:12])[H:13])[O:1][H:8])[H:9])[H:10],,
11,0.1378998789772823,RESP2,hf/6-31g*,,0.5,H,hf,12,[H:11][c:5]1[c:4]([c:3]([c:2]([c:7]([c:6]1[H:12])[H:13])[O:1][H:8])[H:9])[H:10],,
12,0.1736996986483473,RESP2,hf/6-31g*,,0.5,H,hf,13,[H:11][c:5]1[c:4]([c:3]([c:2]([c:7]([c:6]1[H:12])[H:13])[O:1][H:8])[H:9])[H:10],,
0,-0.6719283033422722,RESP2,hf/6-31g*,,0.55,O,hf,1,[H:11][c:5]1[c:4]([c:3]([c:2]([c:7]([c:6]1[H:12])[H:13])[O:1][H:8])[H:9])[H:10],,
1,0.5550235146431296,RESP2,hf/6-31g*,,0.55,C,hf,2,[H:11][c:5]1[c:4]([c:3]([c:2]([c:7]([c:6]1[H:12])[H:13])[O:1][H:8])[H:9])[H:10],,
2,-0.3676210021499137,RESP2,hf/6-31g*,,0.55,C,hf,3,[H:11][c:5]1[c:4]([c:3]([c:2]([c:7]([c:6]1[H:12])[H:13])[O:1][H:8])[H:9])[H:10],,
3,-0.0514892187073506,RESP2,hf/6-31g*,,0.55,C,hf,4,[H:11][c:5]1[c:4]([c:3]([c:2]([c:7]([c:6]1[H:12])[H:13])[O:1][H:8])[H:9])[H:10],,
4,-0.2565335969991222,RESP2,hf/6-31g*,,0.55,C,hf,5,[H:11][c:5]1[c:4]([c:3]([c:2]([c:7]([c:6]1[H:12])[H:13])[O:1][H:8])[H:9])[H:10],,
5,-0.0516462963304857,RESP2,hf/6-31g*,,0.55,C,hf,6,[H:11][c:5]1[c:4]([c:3]([c:2]([c:7]([c:6]1[H:12])[H:13])[O:1][H:8])[H:9])[H:10],,
6,-0.3650754298811166,RESP2,hf/6-31g*,,0.55,C,hf,7,[H:11][c:5]1[c:4]([c:3]([c:2]([c:7]([c:6]1[H:12])[H:13])[O:1][H:8])[H:9])[H:10],,
7,0.4218085702953183,RESP2,hf/6-31g*,,0.55,H,hf,8,[H:11][c:5]1[c:4]([c:3]([c:2]([c:7]([c:6]1[H:12])[H:13])[O:1][H:8])[H:9])[H:10],,
8,0.1770567145545317,RESP2,hf/6-31g*,,0.55,H,hf,9,[H:11][c:5]1[c:4]([c:3]([c:2]([c:7]([c:6]1[H:12])[H:13])[O:1][H:8])[H:9])[H:10],,
9,0.1392630386314378,RESP2,hf/6-31g*,,0.55,H,hf,10,[H:11][c:5]1[c:4]([c:3]([c:2]([c:7]([c:6]1[H:12])[H:13])[O:1][H:8])[H:9])[H:10],,
10,0.1591008165664842,RESP2,hf/6-31g*,,0.55,H,hf,11,[H:11][c:5]1[c:4]([c:3]([c:2]([c:7]([c:6]1[H:12])[H:13])[O:1][H:8])[H:9])[H:10],,
11,0.1380994200033053,RESP2,hf/6-31g*,,0.55,H,hf,12,[H:11][c:5]1[c:4]([c:3]([c:2]([c:7]([c:6]1[H:12])[H:13])[O:1][H:8])[H:9])[H:10],,
12,0.1739417727160542,RESP2,hf/6-31g*,,0.55,H,hf,13,[H:11][c:5]1[c:4]([c:3]([c:2]([c:7]([c:6]1[H:12])[H:13])[O:1][H:8])[H:9])[H:10],,
0,-0.6748114845019051,RESP2,hf/6-31g*,,0.6000000000000001,O,hf,1,[H:11][c:5]1[c:4]([c:3]([c:2]([c:7]([c:6]1[H:12])[H:13])[O:1][H:8])[H:9])[H:10],,
1,0.555576825742374,RESP2,hf/6-31g*,,0.6000000000000001,C,hf,2,[H:11][c:5]1[c:4]([c:3]([c:2]([c:7]([c:6]1[H:12])[H:13])[O:1][H:8])[H:9])[H:10],,
2,-0.3680388482702381,RESP2,hf/6-31g*,,0.6000000000000001,C,hf,3,[H:11][c:5]1[c:4]([c:3]([c:2]([c:7]([c:6]1[H:12])[H:13])[O:1][H:8])[H:9])[H:10],,
3,-0.0517967787872522,RESP2,hf/6-31g*,,0.6000000000000001,C,hf,4,[H:11][c:5]1[c:4]([c:3]([c:2]([c:7]([c:6]1[H:12])[H:13])[O:1][H:8])[H:9])[H:10],,
4,-0.2564901020978195,RESP2,hf/6-31g*,,0.6000000000000001,C,hf,5,[H:11][c:5]1[c:4]([c:3]([c:2]([c:7]([c:6]1[H:12])[H:13])[O:1][H:8])[H:9])[H:10],,
5,-0.0518330052335902,RESP2,hf/6-31g*,,0.6000000000000001,C,hf,6,[H:11][c:5]1[c:4]([c:3]([c:2]([c:7]([c:6]1[H:12])[H:13])[O:1][H:8])[H:9])[H:10],,
6,-0.3653565225619568,RESP2,hf/6-31g*,,0.6000000000000001,C,hf,7,[H:11][c:5]1[c:4]([c:3]([c:2]([c:7]([c:6]1[H:12])[H:13])[O:1][H:8])[H:9])[H:10],,
7,0.4238600145821113,RESP2,hf/6-31g*,,0.6000000000000001,H,hf,8,[H:11][c:5]1[c:4]([c:3]([c:2]([c:7]([c:6]1[H:12])[H:13])[O:1][H:8])[H:9])[H:10],,
8,0.1775321123012231,RESP2,hf/6-31g*,,0.6000000000000001,H,hf,9,[H:11][c:5]1[c:4]([c:3]([c:2]([c:7]([c:6]1[H:12])[H:13])[O:1][H:8])[H:9])[H:10],,
9,0.1396078652451937,RESP2,hf/6-31g*,,0.6000000000000001,H,hf,10,[H:11][c:5]1[c:4]([c:3]([c:2]([c:7]([c:6]1[H:12])[H:13])[O:1][H:8])[H:9])[H:10],,
10,0.1592671157687704,RESP2,hf/6-31g*,,0.6000000000000001,H,hf,11,[H:11][c:5]1[c:4]([c:3]([c:2]([c:7]([c:6]1[H:12])[H:13])[O:1][H:8])[H:9])[H:10],,
11,0.1382989610293282,RESP2,hf/6-31g*,,0.6000000000000001,H,hf,12,[H:11][c:5]1[c:4]([c:3]([c:2]([c:7]([c:6]1[H:12])[H:13])[O:1][H:8])[H:9])[H:10],,
12,0.174183846783761,RESP2,hf/6-31g*,,0.6000000000000001,H,hf,13,[H:11][c:5]1[c:4]([c:3]([c:2]([c:7]([c:6]1[H:12])[H:13])[O:1][H:8])[H:9])[H:10],,
0,-0.6776946656615378,RESP2,hf/6-31g*,,0.65,O,hf,1,[H:11][c:5]1[c:4]([c:3]([c:2]([c:7]([c:6]1[H:12])[H:13])[O:1][H:8])[H:9])[H:10],,
1,0.5561301368416184,RESP2,hf/6-31g*,,0.65,C,hf,2,[H:11][c:5]1[c:4]([c:3]([c:2]([c:7]([c:6]1[H:12])[H:13])[O:1][H:8])[H:9])[H:10],,
2,-0.3684566943905625,RESP2,hf/6-31g*,,0.65,C,hf,3,[H:11][c:5]1[c:4]([c:3]([c:2]([c:7]([c:6]1[H:12])[H:13])[O:1][H:8])[H:9])[H:10],,
3,-0.0521043388671538,RESP2,hf/6-31g*,,0.65,C,hf,4,[H:11][c:5]1[c:4]([c:3]([c:2]([c:7]([c:6]1[H:12])[H:13])[O:1][H:8])[H:9])[H:10],,
4,-0.2564466071965168,RESP2,hf/6-31g*,,0.65,C,hf,5,[H:11][c:5]1[c:4]([c:3]([c:2]([c:7]([c:6]1[H:12])[H:13])[O:1][H:8])[H:9])[H:10],,
5,-0.0520197141366947,RESP2,hf/6-31g*,,0.65,C,hf,6,[H:11][c:5]1[c:4]([c:3]([c:2]([c:7]([c:6]1[H:12])[H:13])[O:1][H:8])[H:9])[H:10],,
6,-0.365637615242797,RESP2,hf/6-31g*,,0.65,C,hf,7,[H:11][c:5]1[c:4]([c:3]([c:2]([c:7]([c:6]1[H:12])[H:13])[O:1][H:8])[H:9])[H:10],,
7,0.4259114588689044,RESP2,hf/6-31g*,,0.65,H,hf,8,[H:11][c:5]1[c:4]([c:3]([c:2]([c:7]([c:6]1[H:12])[H:13])[O:1][H:8])[H:9])[H:10],,
8,0.1780075100479145,RESP2,hf/6-31g*,,0.65,H,hf,9,[H:11][c:5]1[c:4]([c:3]([c:2]([c:7]([c:6]1[H:12])[H:13])[O:1][H:8])[H:9])[H:10],,
9,0.1399526918589497,RESP2,hf/6-31g*,,0.65,H,hf,10,[H:11][c:5]1[c:4]([c:3]([c:2]([c:7]([c:6]1[H:12])[H:13])[O:1][H:8])[H:9])[H:10],,
10,0.1594334149710566,RESP2,hf/6-31g*,,0.65,H,hf,11,[H:11][c:5]1[c:4]([c:3]([c:2]([c:7]([c:6]1[H:12])[H:13])[O:1][H:8])[H:9])[H:10],,
11,0.1384985020553511,RESP2,hf/6-31g*,,0.65,H,hf,12,[H:11][c:5]1[c:4]([c:3]([c:2]([c:7]([c:6]1[H:12])[H:13])[O:1][H:8])[H:9])[H:10],,
12,0.1744259208514678,RESP2,hf/6-31g*,,0.65,H,hf,13,[H:11][c:5]1[c:4]([c:3]([c:2]([c:7]([c:6]1[H:12])[H:13])[O:1][H:8])[H:9])[H:10],,
0,-0.6805778468211706,RESP2,hf/6-31g*,,0.7000000000000001,O,hf,1,[H:11][c:5]1[c:4]([c:3]([c:2]([c:7]([c:6]1[H:12])[H:13])[O:1][H:8])[H:9])[H:10],,
1,0.5566834479408628,RESP2,hf/6-31g*,,0.7000000000000001,C,hf,2,[H:11][c:5]1[c:4]([c:3]([c:2]([c:7]([c:6]1[H:12])[H:13])[O:1][H:8])[H:9])[H:10],,
2,-0.3688745405108869,RESP2,hf/6-31g*,,0.7000000000000001,C,hf,3,[H:11][c:5]1[c:4]([c:3]([c:2]([c:7]([c:6]1[H:12])[H:13])[O:1][H:8])[H:9])[H:10],,
3,-0.0524118989470553,RESP2,hf/6-31g*,,0.7000000000000001,C,hf,4,[H:11][c:5]1[c:4]([c:3]([c:2]([c:7]([c:6]1[H:12])[H:13])[O:1][H:8])[H:9])[H:10],,
4,-0.2564031122952142,RESP2,hf/6-31g*,,0.7000000000000001,C,hf,5,[H:11][c:5]1[c:4]([c:3]([c:2]([c:7]([c:6]1[H:12])[H:13])[O:1][H:8])[H:9])[H:10],,
5,-0.0522064230397991,RESP2,hf/6-31g*,,0.7000000000000001,C,hf,6,[H:11][c:5]1[c:4]([c:3]([c:2]([c:7]([c:6]1[H:12])[H:13])[O:1][H:8])[H:9])[H:10],,
6,-0.3659187079236373,RESP2,hf/6-31g*,,0.7000000000000001,C,hf,7,[H:11][c:5]1[c:4]([c:3]([c:2]([c:7]([c:6]1[H:12])[H:13])[O:1][H:8])[H:9])[H:10],,
7,0.4279629031556975,RESP2,hf/6-31g*,,0.7000000000000001,H,hf,8,[H:11][c:5]1[c:4]([c:3]([c:2]([c:7]([c:6]1[H:12])[H:13])[O:1][H:8])[H:9])[H:10],,
8,0.178482907794606,RESP2,hf/6-31g*,,0.7000000000000001,H,hf,9,[H:11][c:5]1[c:4]([c:3]([c:2]([c:7]([c:6]1[H:12])[H:13])[O:1][H:8])[H:9])[H:10],,
9,0.1402975184727057,RESP2,hf/6-31g*,,0.7000000000000001,H,hf,10,[H:11][c:5]1[c:4]([c:3]([c:2]([c:7]([c:6]1[H:12])[H:13])[O:1][H:8])[H:9])[H:10],,
10,0.1595997141733428,RESP2,hf/6-31g*,,0.7000000000000001,H,hf,11,[H:11][c:5]1[c:4]([c:3]([c:2]([c:7]([c:6]1[H:12])[H:13])[O:1][H:8])[H:9])[H:10],,
11,0.138698043081374,RESP2,hf/6-31g*,,0.7000000000000001,H,hf,12,[H:11][c:5]1[c:4]([c:3]([c:2]([c:7]([c:6]1[H:12])[H:13])[O:1][H:8])[H:9])[H:10],,
12,0.1746679949191747,RESP2,hf/6-31g*,,0.7000000000000001,H,hf,13,[H:11][c:5]1[c:4]([c:3]([c:2]([c:7]([c:6]1[H:12])[H:13])[O:1][H:8])[H:9])[H:10],,
0,-0.6834610279808033,RESP2,hf/6-31g*,,0.75,O,hf,1,[H:11][c:5]1[c:4]([c:3]([c:2]([c:7]([c:6]1[H:12])[H:13])[O:1][H:8])[H:9])[H:10],,
1,0.5572367590401072,RESP2,hf/6-31g*,,0.75,C,hf,2,[H:11][c:5]1[c:4]([c:3]([c:2]([c:7]([c:6]1[H:12])[H:13])[O:1][H:8])[H:9])[H:10],,
2,-0.3692923866312114,RESP2,hf/6-31g*,,0.75,C,hf,3,[H:11][c:5]1[c:4]([c:3]([c:2]([c:7]([c:6]1[H:12])[H:13])[O:1][H:8])[H:9])[H:10],,
3,-0.0527194590269569,RESP2,hf/6-31g*,,0.75,C,hf,4,[H:11][c:5]1[c:4]([c:3]([c:2]([c:7]([c:6]1[H:12])[H:13])[O:1][H:8])[H:9])[H:10],,
4,-0.2563596173939115,RESP2,hf/6-31g*,,0.75,C,hf,5,[H:11][c:5]1[c:4]([c:3]([c:2]([c:7]([c:6]1[H:12])[H:13])[O:1][H:8])[H:9])[H:10],,
5,-0.0523931319429036,RESP2,hf/6-31g*,,0.75,C,hf,6,[H:11][c:5]1[c:4]([c:3]([c:2]([c:7]([c:6]1[H:12])[H:13])[O:1][H:8])[H:9])[H:10],,
6,-0.3661998006044776,RESP2,hf/6-31g*,,0.75,C,hf,7,[H:11][c:5]1[c:4]([c:3]([c:2]([c:7]([c:6]1[H:12])[H:13])[O:1][H:8])[H:9])[H:10],,
7,0.4300143474424905,RESP2,hf/6-31g*,,0.75,H,hf,8,[H:11][c:5]1[c:4]([c:3]([c:2]([c:7]([c:6]1[H:12])[H:13])[O:1][H:8])[H:9])[H:10],,
8,0.1789583055412975,RESP2,hf/6-31g*,,0.75,H,hf,9,[H:11][c:5]1[c:4]([c:3]([c:2]([c:7]([c:6]1[H:12])[H:13])[O:1][H:8])[H:9])[H:10],,
9,0.1406423450864616,RESP2,hf/6-31g*,,0.75,H,hf,10,[H:11][c:5]1[c:4]([c:3]([c:2]([c:7]([c:6]1[H:12])[H:13])[O:1][H:8])[H:9])[H:10],,
10,0.159766013375629,RESP2,hf/6-31g*,,0.75,H,hf,11,[H:11][c:5]1[c:4]([c:3]([c:2]([c:7]([c:6]1[H:12])[H:13])[O:1][H:8])[H:9])[H:10],,
11,0.138897584107397,RESP2,hf/6-31g*,,0.75,H,hf,12,[H:11][c:5]1[c:4]([c:3]([c:2]([c:7]([c:6]1[H:12])[H:13])[O:1][H:8])[H:9])[H:10],,
12,0.1749100689868816,RESP2,hf/6-31g*,,0.75,H,hf,13,[H:11][c:5]1[c:4]([c:3]([c:2]([c:7]([c:6]1[H:12])[H:13])[O:1][H:8])[H:9])[H:10],,
0,-0.6863442091404361,RESP2,hf/6-31g*,,0.8,O,hf,1,[H:11][c:5]1[c:4]([c:3]([c:2]([c:7]([c:6]1[H:12])[H:13])[O:1][H:8])[H:9])[H:10],,
1,0.5577900701393514,RESP2,hf/6-31g*,,0.8,C,hf,2,[H:11][c:5]1[c:4]([c:3]([c:2]([c:7]([c:6]1[H:12])[H:13])[O:1][H:8])[H:9])[H:10],,
2,-0.3697102327515358,RESP2,hf/6-31g*,,0.8,C,hf,3,[H:11][c:5]1[c:4]([c:3]([c:2]([c:7]([c:6]1[H:12])[H:13])[O:1][H:8])[H:9])[H:10],,
3,-0.0530270191068585,RESP2,hf/6-31g*,,0.8,C,hf,4,[H:11][c:5]1[c:4]([c:3]([c:2]([c:7]([c:6]1[H:12])[H:13])[O:1][H:8])[H:9])[H:10],,
4,-0.2563161224926087,RESP2,hf/6-31g*,,0.8,C,hf,5,[H:11][c:5]1[c:4]([c:3]([c:2]([c:7]([c:6]1[H:12])[H:13])[O:1][H:8])[H:9])[H:10],,
5,-0.0525798408460081,RESP2,hf/6-31g*,,0.8,C,hf,6,[H:11][c:5]1[c:4]([c:3]([c:2]([c:7]([c:6]1[H:12])[H:13])[O:1][H:8])[H:9])[H:10],,
6,-0.3664808932853178,RESP2,hf/6-31g*,,0.8,C,hf,7,[H:11][c:5]1[c:4]([c:3]([c:2]([c:7]([c:6]1[H:12])[H:13])[O:1][H:8])[H:9])[H:10],,
7,0.4320657917292835,RESP2,hf/6-31g*,,0.8,H,hf,8,[H:11][c:5]1[c:4]([c:3]([c:2]([c:7]([c:6]1[H:12])[H:13])[O:1][H:8])[H:9])[H:10],,
8,0.1794337032879889,RESP2,hf/6-31g*,,0.8,H,hf,9,[H:11][c:5]1[c:4]([c:3]([c:2]([c:7]([c:6]1[H:12])[H:13])[O:1][H:8])[H:9])[H:10],,
9,0.1409871717002175,RESP2,hf/6-31g*,,0.8,H,hf,10,[H:11][c:5]1[c:4]([c:3]([c:2]([c:7]([c:6]1[H:12])[H:13])[O:1][H:8])[H:9])[H:10],,
10,0.1599323125779153,RESP2,hf/6-31g*,,0.8,H,hf,11,[H:11][c:5]1[c:4]([c:3]([c:2]([c:7]([c:6]1[H:12])[H:13])[O:1][H:8])[H:9])[H:10],,
11,0.1390971251334199,RESP2,hf/6-31g*,,0.8,H,hf,12,[H:11][c:5]1[c:4]([c:3]([c:2]([c:7]([c:6]1[H:12])[H:13])[O:1][H:8])[H:9])[H:10],,
12,0.1751521430545885,RESP2,hf/6-31g*,,0.8,H,hf,13,[H:11][c:5]1[c:4]([c:3]([c:2]([c:7]([c:6]1[H:12])[H:13])[O:1][H:8])[H:9])[H:10],,
0,-0.689227390300069,RESP2,hf/6-31g*,,0.8500000000000001,O,hf,1,[H:11][c:5]1[c:4]([c:3]([c:2]([c:7]([c:6]1[H:12])[H:13])[O:1][H:8])[H:9])[H:10],,
1,0.5583433812385958,RESP2,hf/6-31g*,,0.8500000000000001,C,hf,2,[H:11][c:5]1[c:4]([c:3]([c:2]([c:7]([c:6]1[H:12])[H:13])[O:1][H:8])[H:9])[H:10],,
2,-0.3701280788718603,RESP2,hf/6-31g*,,0.8500000000000001,C,hf,3,[H:11][c:5]1[c:4]([c:3]([c:2]([c:7]([c:6]1[H:12])[H:13])[O:1][H:8])[H:9])[H:10],,
3,-0.05333457918676,RESP2,hf/6-31g*,,0.8500000000000001,C,hf,4,[H:11][c:5]1[c:4]([c:3]([c:2]([c:7]([c:6]1[H:12])[H:13])[O:1][H:8])[H:9])[H:10],,
4,-0.2562726275913061,RESP2,hf/6-31g*,,0.8500000000000001,C,hf,5,[H:11][c:5]1[c:4]([c:3]([c:2]([c:7]([c:6]1[H:12])[H:13])[O:1][H:8])[H:9])[H:10],,
5,-0.0527665497491125,RESP2,hf/6-31g*,,0.8500000000000001,C,hf,6,[H:11][c:5]1[c:4]([c:3]([c:2]([c:7]([c:6]1[H:12])[H:13])[O:1][H:8])[H:9])[H:10],,
6,-0.366761985966158,RESP2,hf/6-31g*,,0.8500000000000001,C,hf,7,[H:11][c:5]1[c:4]([c:3]([c:2]([c:7]([c:6]1[H:12])[H:13])[O:1][H:8])[H:9])[H:10],,
7,0.4341172360160765,RESP2,hf/6-31g*,,0.8500000000000001,H,hf,8,[H:11][c:5]1[c:4]([c:3]([c:2]([c:7]([c:6]1[H:12])[H:13])[O:1][H:8])[H:9])[H:10],,
8,0.1799091010346804,RESP2,hf/6-31g*,,0.8500000000000001,H,hf,9,[H:11][c:5]1[c:4]([c:3]([c:2]([c:7]([c:6]1[H:12])[H:13])[O:1][H:8])[H:9])[H:10],,
9,0.1413319983139735,RESP2,hf/6-31g*,,0.8500000000000001,H,hf,10,[H:11][c:5]1[c:4]([c:3]([c:2]([c:7]([c:6]1[H:12])[H:13])[O:1][H:8])[H:9])[H:10],,
10,0.1600986117802015,RESP2,hf/6-31g*,,0.8500000000000001,H,hf,11,[H:11][c:5]1[c:4]([c:3]([c:2]([c:7]([c:6]1[H:12])[H:13])[O:1][H:8])[H:9])[H:10],,
11,0.1392966661594428,RESP2,hf/6-31g*,,0.8500000000000001,H,hf,12,[H:11][c:5]1[c:4]([c:3]([c:2]([c:7]([c:6]1[H:12])[H:13])[O:1][H:8])[H:9])[H:10],,
12,0.1753942171222954,RESP2,hf/6-31g*,,0.8500000000000001,H,hf,13,[H:11][c:5]1[c:4]([c:3]([c:2]([c:7]([c:6]1[H:12])[H:13])[O:1][H:8])[H:9])[H:10],,
0,-0.6921105714597018,RESP2,hf/6-31g*,,0.9,O,hf,1,[H:11][c:5]1[c:4]([c:3]([c:2]([c:7]([c:6]1[H:12])[H:13])[O:1][H:8])[H:9])[H:10],,
1,0.5588966923378402,RESP2,hf/6-31g*,,0.9,C,hf,2,[H:11][c:5]1[c:4]([c:3]([c:2]([c:7]([c:6]1[H:12])[H:13])[O:1][H:8])[H:9])[H:10],,
2,-0.3705459249921846,RESP2,hf/6-31g*,,0.9,C,hf,3,[H:11][c:5]1[c:4]([c:3]([c:2]([c:7]([c:6]1[H:12])[H:13])[O:1][H:8])[H:9])[H:10],,
3,-0.0536421392666616,RESP2,hf/6-31g*,,0.9,C,hf,4,[H:11][c:5]1[c:4]([c:3]([c:2]([c:7]([c:6]1[H:12])[H:13])[O:1][H:8])[H:9])[H:10],,
4,-0.2562291326900034,RESP2,hf/6-31g*,,0.9,C,hf,5,[H:11][c:5]1[c:4]([c:3]([c:2]([c:7]([c:6]1[H:12])[H:13])[O:1][H:8])[H:9])[H:10],,
5,-0.052953258652217,RESP2,hf/6-31g*,,0.9,C,hf,6,[H:11][c:5]1[c:4]([c:3]([c:2]([c:7]([c:6]1[H:12])[H:13])[O:1][H:8])[H:9])[H:10],,
6,-0.3670430786469983,RESP2,hf/6-31g*,,0.9,C,hf,7,[H:11][c:5]1[c:4]([c:3]([c:2]([c:7]([c:6]1[H:12])[H:13])[O:1][H:8])[H:9])[H:10],,
7,0.4361686803028696,RESP2,hf/6-31g*,,0.9,H,hf,8,[H:11][c:5]1[c:4]([c:3]([c:2]([c:7]([c:6]1[H:12])[H:13])[O:1][H:8])[H:9])[H:10],,
8,0.1803844987813718,RESP2,hf/6-31g*,,0.9,H,hf,9,[H:11][c:5]1[c:4]([c:3]([c:2]([c:7]([c:6]1[H:12])[H:13])[O:1][H:8])[H:9])[H:10],,
9,0.1416768249277294,RESP2,hf/6-31g*,,0.9,H,hf,10,[H:11][c:5]1[c:4]([c:3]([c:2]([c:7]([c:6]1[H:12])[H:13])[O:1][H:8])[H:9])[H:10],,
10,0.1602649109824877,RESP2,hf/6-31g*,,0.9,H,hf,11,[H:11][c:5]1[c:4]([c:3]([c:2]([c:7]([c:6]1[H:12])[H:13])[O:1][H:8])[H:9])[H:10],,
11,0.1394962071854658,RESP2,hf/6-31g*,,0.9,H,hf,12,[H:11][c:5]1[c:4]([c:3]([c:2]([c:7]([c:6]1[H:12])[H:13])[O:1][H:8])[H:9])[H:10],,
12,0.1756362911900022,RESP2,hf/6-31g*,,0.9,H,hf,13,[H:11][c:5]1[c:4]([c:3]([c:2]([c:7]([c:6]1[H:12])[H:13])[O:1][H:8])[H:9])[H:10],,
0,-0.6949937526193345,RESP2,hf/6-31g*,,0.95,O,hf,1,[H:11][c:5]1[c:4]([c:3]([c:2]([c:7]([c:6]1[H:12])[H:13])[O:1][H:8])[H:9])[H:10],,
1,0.5594500034370845,RESP2,hf/6-31g*,,0.95,C,hf,2,[H:11][c:5]1[c:4]([c:3]([c:2]([c:7]([c:6]1[H:12])[H:13])[O:1][H:8])[H:9])[H:10],,
2,-0.370963771112509,RESP2,hf/6-31g*,,0.95,C,hf,3,[H:11][c:5]1[c:4]([c:3]([c:2]([c:7]([c:6]1[H:12])[H:13])[O:1][H:8])[H:9])[H:10],,
3,-0.0539496993465632,RESP2,hf/6-31g*,,0.95,C,hf,4,[H:11][c:5]1[c:4]([c:3]([c:2]([c:7]([c:6]1[H:12])[H:13])[O:1][H:8])[H:9])[H:10],,
4,-0.2561856377887008,RESP2,hf/6-31g*,,0.95,C,hf,5,[H:11][c:5]1[c:4]([c:3]([c:2]([c:7]([c:6]1[H:12])[H:13])[O:1][H:8])[H:9])[H:10],,
5,-0.0531399675553215,RESP2,hf/6-31g*,,0.95,C,hf,6,[H:11][c:5]1[c:4]([c:3]([c:2]([c:7]([c:6]1[H:12])[H:13])[O:1][H:8])[H:9])[H:10],,
6,-0.3673241713278385,RESP2,hf/6-31g*,,0.95,C,hf,7,[H:11][c:5]1[c:4]([c:3]([c:2]([c:7]([c:6]1[H:12])[H:13])[O:1][H:8])[H:9])[H:10],,
7,0.4382201245896627,RESP2,hf/6-31g*,,0.95,H,hf,8,[H:11][c:5]1[c:4]([c:3]([c:2]([c:7]([c:6]1[H:12])[H:13])[O:1][H:8])[H:9])[H:10],,
8,0.1808598965280632,RESP2,hf/6-31g*,,0.95,H,hf,9,[H:11][c:5]1[c:4]([c:3]([c:2]([c:7]([c:6]1[H:12])[H:13])[O:1][H:8])[H:9])[H:10],,
9,0.1420216515414853,RESP2,hf/6-31g*,,0.95,H,hf,10,[H:11][c:5]1[c:4]([c:3]([c:2]([c:7]([c:6]1[H:12])[H:13])[O:1][H:8])[H:9])[H:10],,
10,0.1604312101847739,RESP2,hf/6-31g*,,0.95,H,hf,11,[H:11][c:5]1[c:4]([c:3]([c:2]([c:7]([c:6]1[H:12])[H:13])[O:1][H:8])[H:9])[H:10],,
11,0.1396957482114887,RESP2,hf/6-31g*,,0.95,H,hf,12,[H:11][c:5]1[c:4]([c:3]([c:2]([c:7]([c:6]1[H:12])[H:13])[O:1][H:8])[H:9])[H:10],,
12,0.175878365257709,RESP2,hf/6-31g*,,0.95,H,hf,13,[H:11][c:5]1[c:4]([c:3]([c:2]([c:7]([c:6]1[H:12])[H:13])[O:1][H:8])[H:9])[H:10],,
0,-0.6978769337789673,RESP2,hf/6-31g*,,1.0,O,hf,1,[H:11][c:5]1[c:4]([c:3]([c:2]([c:7]([c:6]1[H:12])[H:13])[O:1][H:8])[H:9])[H:10],,
1,0.5600033145363289,RESP2,hf/6-31g*,,1.0,C,hf,2,[H:11][c:5]1[c:4]([c:3]([c:2]([c:7]([c:6]1[H:12])[H:13])[O:1][H:8])[H:9])[H:10],,
2,-0.3713816172328334,RESP2,hf/6-31g*,,1.0,C,hf,3,[H:11][c:5]1[c:4]([c:3]([c:2]([c:7]([c:6]1[H:12])[H:13])[O:1][H:8])[H:9])[H:10],,
3,-0.0542572594264647,RESP2,hf/6-31g*,,1.0,C,hf,4,[H:11][c:5]1[c:4]([c:3]([c:2]([c:7]([c:6]1[H:12])[H:13])[O:1][H:8])[H:9])[H:10],,
4,-0.256142142887398,RESP2,hf/6-31g*,,1.0,C,hf,5,[H:11][c:5]1[c:4]([c:3]([c:2]([c:7]([c:6]1[H:12])[H:13])[O:1][H:8])[H:9])[H:10],,
5,-0.053326676458426,RESP2,hf/6-31g*,,1.0,C,hf,6,[H:11][c:5]1[c:4]([c:3]([c:2]([c:7]([c:6]1[H:12])[H:13])[O:1][H:8])[H:9])[H:10],,
6,-0.3676052640086787,RESP2,hf/6-31g*,,1.0,C,hf,7,[H:11][c:5]1[c:4]([c:3]([c:2]([c:7]([c:6]1[H:12])[H:13])[O:1][H:8])[H:9])[H:10],,
7,0.4402715688764557,RESP2,hf/6-31g*,,1.0,H,hf,8,[H:11][c:5]1[c:4]([c:3]([c:2]([c:7]([c:6]1[H:12])[H:13])[O:1][H:8])[H:9])[H:10],,
8,0.1813352942747547,RESP2,hf/6-31g*,,1.0,H,hf,9,[H:11][c:5]1[c:4]([c:3]([c:2]([c:7]([c:6]1[H:12])[H:13])[O:1][H:8])[H:9])[H:10],,
9,0.1423664781552412,RESP2,hf/6-31g*,,1.0,H,hf,10,[H:11][c:5]1[c:4]([c:3]([c:2]([c:7]([c:6]1[H:12])[H:13])[O:1][H:8])[H:9])[H:10],,
10,0.1605975093870601,RESP2,hf/6-31g*,,1.0,H,hf,11,[H:11][c:5]1[c:4]([c:3]([c:2]([c:7]([c:6]1[H:12])[H:13])[O:1][H:8])[H:9])[H:10],,
11,0.1398952892375116,RESP2,hf/6-31g*,,1.0,H,hf,12,[H:11][c:5]1[c:4]([c:3]([c:2]([c:7]([c:6]1[H:12])[H:13])[O:1][H:8])[H:9])[H:10],,
12,0.1761204393254159,RESP2,hf/6-31g*,,1.0,H,hf,13,[H:11][c:5]1[c:4]([c:3]([c:2]([c:7]([c:6]1[H:12])[H:13])[O:1][H:8])[H:9])[H:10],,
0,-0.6424048810633645,RESP2,hf/6-31g*,1.0,0.0,O,resp2,1,[H:11][c:5]1[c:4]([c:3]([c:2]([c:7]([c:6]1[H:12])[H:13])[O:1][H:8])[H:9])[H:10],,
1,0.5602928937577947,RESP2,hf/6-31g*,1.0,0.0,C,resp2,2,[H:11][c:5]1[c:4]([c:3]([c:2]([c:7]([c:6]1[H:12])[H:13])[O:1][H:8])[H:9])[H:10],,
2,-0.3802029762257759,RESP2,hf/6-31g*,1.0,0.0,C,resp2,3,[H:11][c:5]1[c:4]([c:3]([c:2]([c:7]([c:6]1[H:12])[H:13])[O:1][H:8])[H:9])[H:10],,
3,-0.032051357552474,RESP2,hf/6-31g*,1.0,0.0,C,resp2,4,[H:11][c:5]1[c:4]([c:3]([c:2]([c:7]([c:6]1[H:12])[H:13])[O:1][H:8])[H:9])[H:10],,
4,-0.297609151555309,RESP2,hf/6-31g*,1.0,0.0,C,resp2,5,[H:11][c:5]1[c:4]([c:3]([c:2]([c:7]([c:6]1[H:12])[H:13])[O:1][H:8])[H:9])[H:10],,
5,-0.0337473432992232,RESP2,hf/6-31g*,1.0,0.0,C,resp2,6,[H:11][c:5]1[c:4]([c:3]([c:2]([c:7]([c:6]1[H:12])[H:13])[O:1][H:8])[H:9])[H:10],,
6,-0.3799069709509575,RESP2,hf/6-31g*,1.0,0.0,C,resp2,7,[H:11][c:5]1[c:4]([c:3]([c:2]([c:7]([c:6]1[H:12])[H:13])[O:1][H:8])[H:9])[H:10],,
7,0.404083002240816,RESP2,hf/6-31g*,1.0,0.0,H,resp2,8,[H:11][c:5]1[c:4]([c:3]([c:2]([c:7]([c:6]1[H:12])[H:13])[O:1][H:8])[H:9])[H:10],,
8,0.1768880097893705,RESP2,hf/6-31g*,1.0,0.0,H,resp2,9,[H:11][c:5]1[c:4]([c:3]([c:2]([c:7]([c:6]1[H:12])[H:13])[O:1][H:8])[H:9])[H:10],,
9,0.1377734216162432,RESP2,hf/6-31g*,1.0,0.0,H,resp2,10,[H:11][c:5]1[c:4]([c:3]([c:2]([c:7]([c:6]1[H:12])[H:13])[O:1][H:8])[H:9])[H:10],,
10,0.1719302864962401,RESP2,hf/6-31g*,1.0,0.0,H,resp2,11,[H:11][c:5]1[c:4]([c:3]([c:2]([c:7]([c:6]1[H:12])[H:13])[O:1][H:8])[H:9])[H:10],,
11,0.1383700730425689,RESP2,hf/6-31g*,1.0,0.0,H,resp2,12,[H:11][c:5]1[c:4]([c:3]([c:2]([c:7]([c:6]1[H:12])[H:13])[O:1][H:8])[H:9])[H:10],,
12,0.1765849937040707,RESP2,hf/6-31g*,1.0,0.0,H,resp2,13,[H:11][c:5]1[c:4]([c:3]([c:2]([c:7]([c:6]1[H:12])[H:13])[O:1][H:8])[H:9])[H:10],,
0,-0.6452731337510462,RESP2,hf/6-31g*,1.0,0.05,O,resp2,1,[H:11][c:5]1[c:4]([c:3]([c:2]([c:7]([c:6]1[H:12])[H:13])[O:1][H:8])[H:9])[H:10],,
1,0.5608363885438437,RESP2,hf/6-31g*,1.0,0.05,C,resp2,2,[H:11][c:5]1[c:4]([c:3]([c:2]([c:7]([c:6]1[H:12])[H:13])[O:1][H:8])[H:9])[H:10],,
2,-0.3805809659590904,RESP2,hf/6-31g*,1.0,0.05,C,resp2,3,[H:11][c:5]1[c:4]([c:3]([c:2]([c:7]([c:6]1[H:12])[H:13])[O:1][H:8])[H:9])[H:10],,
3,-0.0325033240214568,RESP2,hf/6-31g*,1.0,0.05,C,resp2,4,[H:11][c:5]1[c:4]([c:3]([c:2]([c:7]([c:6]1[H:12])[H:13])[O:1][H:8])[H:9])[H:10],,
4,-0.2973634217948727,RESP2,hf/6-31g*,1.0,0.05,C,resp2,5,[H:11][c:5]1[c:4]([c:3]([c:2]([c:7]([c:6]1[H:12])[H:13])[O:1][H:8])[H:9])[H:10],,
5,-0.0340688731006868,RESP2,hf/6-31g*,1.0,0.05,C,resp2,6,[H:11][c:5]1[c:4]([c:3]([c:2]([c:7]([c:6]1[H:12])[H:13])[O:1][H:8])[H:9])[H:10],,
6,-0.3801275412936943,RESP2,hf/6-31g*,1.0,0.05,C,resp2,7,[H:11][c:5]1[c:4]([c:3]([c:2]([c:7]([c:6]1[H:12])[H:13])[O:1][H:8])[H:9])[H:10],,
7,0.4060900735701787,RESP2,hf/6-31g*,1.0,0.05,H,resp2,8,[H:11][c:5]1[c:4]([c:3]([c:2]([c:7]([c:6]1[H:12])[H:13])[O:1][H:8])[H:9])[H:10],,
8,0.177376522565707,RESP2,hf/6-31g*,1.0,0.05,H,resp2,9,[H:11][c:5]1[c:4]([c:3]([c:2]([c:7]([c:6]1[H:12])[H:13])[O:1][H:8])[H:9])[H:10],,
9,0.138145400966222,RESP2,hf/6-31g*,1.0,0.05,H,resp2,10,[H:11][c:5]1[c:4]([c:3]([c:2]([c:7]([c:6]1[H:12])[H:13])[O:1][H:8])[H:9])[H:10],,
10,0.1720476843911379,RESP2,hf/6-31g*,1.0,0.05,H,resp2,11,[H:11][c:5]1[c:4]([c:3]([c:2]([c:7]([c:6]1[H:12])[H:13])[O:1][H:8])[H:9])[H:10],,
11,0.1385890696594188,RESP2,hf/6-31g*,1.0,0.05,H,resp2,12,[H:11][c:5]1[c:4]([c:3]([c:2]([c:7]([c:6]1[H:12])[H:13])[O:1][H:8])[H:9])[H:10],,
12,0.1768321202243394,RESP2,hf/6-31g*,1.0,0.05,H,resp2,13,[H:11][c:5]1[c:4]([c:3]([c:2]([c:7]([c:6]1[H:12])[H:13])[O:1][H:8])[H:9])[H:10],,
0,-0.6481413864387281,RESP2,hf/6-31g*,1.0,0.1,O,resp2,1,[H:11][c:5]1[c:4]([c:3]([c:2]([c:7]([c:6]1[H:12])[H:13])[O:1][H:8])[H:9])[H:10],,
1,0.5613798833298926,RESP2,hf/6-31g*,1.0,0.1,C,resp2,2,[H:11][c:5]1[c:4]([c:3]([c:2]([c:7]([c:6]1[H:12])[H:13])[O:1][H:8])[H:9])[H:10],,
2,-0.3809589556924051,RESP2,hf/6-31g*,1.0,0.1,C,resp2,3,[H:11][c:5]1[c:4]([c:3]([c:2]([c:7]([c:6]1[H:12])[H:13])[O:1][H:8])[H:9])[H:10],,
3,-0.0329552904904396,RESP2,hf/6-31g*,1.0,0.1,C,resp2,4,[H:11][c:5]1[c:4]([c:3]([c:2]([c:7]([c:6]1[H:12])[H:13])[O:1][H:8])[H:9])[H:10],,
4,-0.2971176920344364,RESP2,hf/6-31g*,1.0,0.1,C,resp2,5,[H:11][c:5]1[c:4]([c:3]([c:2]([c:7]([c:6]1[H:12])[H:13])[O:1][H:8])[H:9])[H:10],,
5,-0.0343904029021504,RESP2,hf/6-31g*,1.0,0.1,C,resp2,6,[H:11][c:5]1[c:4]([c:3]([c:2]([c:7]([c:6]1[H:12])[H:13])[O:1][H:8])[H:9])[H:10],,
6,-0.3803481116364312,RESP2,hf/6-31g*,1.0,0.1,C,resp2,7,[H:11][c:5]1[c:4]([c:3]([c:2]([c:7]([c:6]1[H:12])[H:13])[O:1][H:8])[H:9])[H:10],,
7,0.4080971448995413,RESP2,hf/6-31g*,1.0,0.1,H,resp2,8,[H:11][c:5]1[c:4]([c:3]([c:2]([c:7]([c:6]1[H:12])[H:13])[O:1][H:8])[H:9])[H:10],,
8,0.1778650353420436,RESP2,hf/6-31g*,1.0,0.1,H,resp2,9,[H:11][c:5]1[c:4]([c:3]([c:2]([c:7]([c:6]1[H:12])[H:13])[O:1][H:8])[H:9])[H:10],,
9,0.1385173803162008,RESP2,hf/6-31g*,1.0,0.1,H,resp2,10,[H:11][c:5]1[c:4]([c:3]([c:2]([c:7]([c:6]1[H:12])[H:13])[O:1][H:8])[H:9])[H:10],,
10,0.1721650822860357,RESP2,hf/6-31g*,1.0,0.1,H,resp2,11,[H:11][c:5]1[c:4]([c:3]([c:2]([c:7]([c:6]1[H:12])[H:13])[O:1][H:8])[H:9])[H:10],,
11,0.1388080662762686,RESP2,hf/6-31g*,1.0,0.1,H,resp2,12,[H:11][c:5]1[c:4]([c:3]([c:2]([c:7]([c:6]1[H:12])[H:13])[O:1][H:8])[H:9])[H:10],,
12,0.177079246744608,RESP2,hf/6-31g*,1.0,0.1,H,resp2,13,[H:11][c:5]1[c:4]([c:3]([c:2]([c:7]([c:6]1[H:12])[H:13])[O:1][H:8])[H:9])[H:10],,
0,-0.6510096391264101,RESP2,hf/6-31g*,1.0,0.15,O,resp2,1,[H:11][c:5]1[c:4]([c:3]([c:2]([c:7]([c:6]1[H:12])[H:13])[O:1][H:8])[H:9])[H:10],,
1,0.5619233781159415,RESP2,hf/6-31g*,1.0,0.15,C,resp2,2,[H:11][c:5]1[c:4]([c:3]([c:2]([c:7]([c:6]1[H:12])[H:13])[O:1][H:8])[H:9])[H:10],,
2,-0.3813369454257196,RESP2,hf/6-31g*,1.0,0.15,C,resp2,3,[H:11][c:5]1[c:4]([c:3]([c:2]([c:7]([c:6]1[H:12])[H:13])[O:1][H:8])[H:9])[H:10],,
3,-0.0334072569594224,RESP2,hf/6-31g*,1.0,0.15,C,resp2,4,[H:11][c:5]1[c:4]([c:3]([c:2]([c:7]([c:6]1[H:12])[H:13])[O:1][H:8])[H:9])[H:10],,
4,-0.2968719622740002,RESP2,hf/6-31g*,1.0,0.15,C,resp2,5,[H:11][c:5]1[c:4]([c:3]([c:2]([c:7]([c:6]1[H:12])[H:13])[O:1][H:8])[H:9])[H:10],,
5,-0.034711932703614,RESP2,hf/6-31g*,1.0,0.15,C,resp2,6,[H:11][c:5]1[c:4]([c:3]([c:2]([c:7]([c:6]1[H:12])[H:13])[O:1][H:8])[H:9])[H:10],,
6,-0.380568681979168,RESP2,hf/6-31g*,1.0,0.15,C,resp2,7,[H:11][c:5]1[c:4]([c:3]([c:2]([c:7]([c:6]1[H:12])[H:13])[O:1][H:8])[H:9])[H:10],,
7,0.410104216228904,RESP2,hf/6-31g*,1.0,0.15,H,resp2,8,[H:11][c:5]1[c:4]([c:3]([c:2]([c:7]([c:6]1[H:12])[H:13])[O:1][H:8])[H:9])[H:10],,
8,0.1783535481183802,RESP2,hf/6-31g*,1.0,0.15,H,resp2,9,[H:11][c:5]1[c:4]([c:3]([c:2]([c:7]([c:6]1[H:12])[H:13])[O:1][H:8])[H:9])[H:10],,
9,0.1388893596661796,RESP2,hf/6-31g*,1.0,0.15,H,resp2,10,[H:11][c:5]1[c:4]([c:3]([c:2]([c:7]([c:6]1[H:12])[H:13])[O:1][H:8])[H:9])[H:10],,
10,0.1722824801809336,RESP2,hf/6-31g*,1.0,0.15,H,resp2,11,[H:11][c:5]1[c:4]([c:3]([c:2]([c:7]([c:6]1[H:12])[H:13])[O:1][H:8])[H:9])[H:10],,
11,0.1390270628931185,RESP2,hf/6-31g*,1.0,0.15,H,resp2,12,[H:11][c:5]1[c:4]([c:3]([c:2]([c:7]([c:6]1[H:12])[H:13])[O:1][H:8])[H:9])[H:10],,
12,0.1773263732648767,RESP2,hf/6-31g*,1.0,0.15,H,resp2,13,[H:11][c:5]1[c:4]([c:3]([c:2]([c:7]([c:6]1[H:12])[H:13])[O:1][H:8])[H:9])[H:10],,
0,-0.653877891814092,RESP2,hf/6-31g*,1.0,0.2,O,resp2,1,[H:11][c:5]1[c:4]([c:3]([c:2]([c:7]([c:6]1[H:12])[H:13])[O:1][H:8])[H:9])[H:10],,
1,0.5624668729019905,RESP2,hf/6-31g*,1.0,0.2,C,resp2,2,[H:11][c:5]1[c:4]([c:3]([c:2]([c:7]([c:6]1[H:12])[H:13])[O:1][H:8])[H:9])[H:10],,
2,-0.3817149351590342,RESP2,hf/6-31g*,1.0,0.2,C,resp2,3,[H:11][c:5]1[c:4]([c:3]([c:2]([c:7]([c:6]1[H:12])[H:13])[O:1][H:8])[H:9])[H:10],,
3,-0.0338592234284052,RESP2,hf/6-31g*,1.0,0.2,C,resp2,4,[H:11][c:5]1[c:4]([c:3]([c:2]([c:7]([c:6]1[H:12])[H:13])[O:1][H:8])[H:9])[H:10],,
4,-0.2966262325135639,RESP2,hf/6-31g*,1.0,0.2,C,resp2,5,[H:11][c:5]1[c:4]([c:3]([c:2]([c:7]([c:6]1[H:12])[H:13])[O:1][H:8])[H:9])[H:10],,
5,-0.0350334625050775,RESP2,hf/6-31g*,1.0,0.2,C,resp2,6,[H:11][c:5]1[c:4]([c:3]([c:2]([c:7]([c:6]1[H:12])[H:13])[O:1][H:8])[H:9])[H:10],,
6,-0.3807892523219049,RESP2,hf/6-31g*,1.0,0.2,C,resp2,7,[H:11][c:5]1[c:4]([c:3]([c:2]([c:7]([c:6]1[H:12])[H:13])[O:1][H:8])[H:9])[H:10],,
7,0.4121112875582668,RESP2,hf/6-31g*,1.0,0.2,H,resp2,8,[H:11][c:5]1[c:4]([c:3]([c:2]([c:7]([c:6]1[H:12])[H:13])[O:1][H:8])[H:9])[H:10],,
8,0.1788420608947167,RESP2,hf/6-31g*,1.0,0.2,H,resp2,9,[H:11][c:5]1[c:4]([c:3]([c:2]([c:7]([c:6]1[H:12])[H:13])[O:1][H:8])[H:9])[H:10],,
9,0.1392613390161585,RESP2,hf/6-31g*,1.0,0.2,H,resp2,10,[H:11][c:5]1[c:4]([c:3]([c:2]([c:7]([c:6]1[H:12])[H:13])[O:1][H:8])[H:9])[H:10],,
10,0.1723998780758315,RESP2,hf/6-31g*,1.0,0.2,H,resp2,11,[H:11][c:5]1[c:4]([c:3]([c:2]([c:7]([c:6]1[H:12])[H:13])[O:1][H:8])[H:9])[H:10],,
11,0.1392460595099683,RESP2,hf/6-31g*,1.0,0.2,H,resp2,12,[H:11][c:5]1[c:4]([c:3]([c:2]([c:7]([c:6]1[H:12])[H:13])[O:1][H:8])[H:9])[H:10],,
12,0.1775734997851454,RESP2,hf/6-31g*,1.0,0.2,H,resp2,13,[H:11][c:5]1[c:4]([c:3]([c:2]([c:7]([c:6]1[H:12])[H:13])[O:1][H:8])[H:9])[H:10],,
0,-0.6567461445017737,RESP2,hf/6-31g*,1.0,0.25,O,resp2,1,[H:11][c:5]1[c:4]([c:3]([c:2]([c:7]([c:6]1[H:12])[H:13])[O:1][H:8])[H:9])[H:10],,
1,0.5630103676880394,RESP2,hf/6-31g*,1.0,0.25,C,resp2,2,[H:11][c:5]1[c:4]([c:3]([c:2]([c:7]([c:6]1[H:12])[H:13])[O:1][H:8])[H:9])[H:10],,
2,-0.3820929248923488,RESP2,hf/6-31g*,1.0,0.25,C,resp2,3,[H:11][c:5]1[c:4]([c:3]([c:2]([c:7]([c:6]1[H:12])[H:13])[O:1][H:8])[H:9])[H:10],,
3,-0.034311189897388,RESP2,hf/6-31g*,1.0,0.25,C,resp2,4,[H:11][c:5]1[c:4]([c:3]([c:2]([c:7]([c:6]1[H:12])[H:13])[O:1][H:8])[H:9])[H:10],,
4,-0.2963805027531276,RESP2,hf/6-31g*,1.0,0.25,C,resp2,5,[H:11][c:5]1[c:4]([c:3]([c:2]([c:7]([c:6]1[H:12])[H:13])[O:1][H:8])[H:9])[H:10],,
5,-0.0353549923065411,RESP2,hf/6-31g*,1.0,0.25,C,resp2,6,[H:11][c:5]1[c:4]([c:3]([c:2]([c:7]([c:6]1[H:12])[H:13])[O:1][H:8])[H:9])[H:10],,
6,-0.3810098226646418,RESP2,hf/6-31g*,1.0,0.25,C,resp2,7,[H:11][c:5]1[c:4]([c:3]([c:2]([c:7]([c:6]1[H:12])[H:13])[O:1][H:8])[H:9])[H:10],,
7,0.4141183588876294,RESP2,hf/6-31g*,1.0,0.25,H,resp2,8,[H:11][c:5]1[c:4]([c:3]([c:2]([c:7]([c:6]1[H:12])[H:13])[O:1][H:8])[H:9])[H:10],,
8,0.1793305736710533,RESP2,hf/6-31g*,1.0,0.25,H,resp2,9,[H:11][c:5]1[c:4]([c:3]([c:2]([c:7]([c:6]1[H:12])[H:13])[O:1][H:8])[H:9])[H:10],,
9,0.1396333183661373,RESP2,hf/6-31g*,1.0,0.25,H,resp2,10,[H:11][c:5]1[c:4]([c:3]([c:2]([c:7]([c:6]1[H:12])[H:13])[O:1][H:8])[H:9])[H:10],,
10,0.1725172759707293,RESP2,hf/6-31g*,1.0,0.25,H,resp2,11,[H:11][c:5]1[c:4]([c:3]([c:2]([c:7]([c:6]1[H:12])[H:13])[O:1][H:8])[H:9])[H:10],,
11,0.1394650561268182,RESP2,hf/6-31g*,1.0,0.25,H,resp2,12,[H:11][c:5]1[c:4]([c:3]([c:2]([c:7]([c:6]1[H:12])[H:13])[O:1][H:8])[H:9])[H:10],,
12,0.1778206263054141,RESP2,hf/6-31g*,1.0,0.25,H,resp2,13,[H:11][c:5]1[c:4]([c:3]([c:2]([c:7]([c:6]1[H:12])[H:13])[O:1][H:8])[H:9])[H:10],,
0,-0.6596143971894557,RESP2,hf/6-31g*,1.0,0.3,O,resp2,1,[H:11][c:5]1[c:4]([c:3]([c:2]([c:7]([c:6]1[H:12])[H:13])[O:1][H:8])[H:9])[H:10],,
1,0.5635538624740882,RESP2,hf/6-31g*,1.0,0.3,C,resp2,2,[H:11][c:5]1[c:4]([c:3]([c:2]([c:7]([c:6]1[H:12])[H:13])[O:1][H:8])[H:9])[H:10],,
2,-0.3824709146256633,RESP2,hf/6-31g*,1.0,0.3,C,resp2,3,[H:11][c:5]1[c:4]([c:3]([c:2]([c:7]([c:6]1[H:12])[H:13])[O:1][H:8])[H:9])[H:10],,
3,-0.0347631563663708,RESP2,hf/6-31g*,1.0,0.3,C,resp2,4,[H:11][c:5]1[c:4]([c:3]([c:2]([c:7]([c:6]1[H:12])[H:13])[O:1][H:8])[H:9])[H:10],,
4,-0.2961347729926913,RESP2,hf/6-31g*,1.0,0.3,C,resp2,5,[H:11][c:5]1[c:4]([c:3]([c:2]([c:7]([c:6]1[H:12])[H:13])[O:1][H:8])[H:9])[H:10],,
5,-0.0356765221080047,RESP2,hf/6-31g*,1.0,0.3,C,resp2,6,[H:11][c:5]1[c:4]([c:3]([c:2]([c:7]([c:6]1[H:12])[H:13])[O:1][H:8])[H:9])[H:10],,
6,-0.3812303930073786,RESP2,hf/6-31g*,1.0,0.3,C,resp2,7,[H:11][c:5]1[c:4]([c:3]([c:2]([c:7]([c:6]1[H:12])[H:13])[O:1][H:8])[H:9])[H:10],,
7,0.4161254302169921,RESP2,hf/6-31g*,1.0,0.3,H,resp2,8,[H:11][c:5]1[c:4]([c:3]([c:2]([c:7]([c:6]1[H:12])[H:13])[O:1][H:8])[H:9])[H:10],,
8,0.1798190864473899,RESP2,hf/6-31g*,1.0,0.3,H,resp2,9,[H:11][c:5]1[c:4]([c:3]([c:2]([c:7]([c:6]1[H:12])[H:13])[O:1][H:8])[H:9])[H:10],,
9,0.1400052977161161,RESP2,hf/6-31g*,1.0,0.3,H,resp2,10,[H:11][c:5]1[c:4]([c:3]([c:2]([c:7]([c:6]1[H:12])[H:13])[O:1][H:8])[H:9])[H:10],,
10,0.1726346738656272,RESP2,hf/6-31g*,1.0,0.3,H,resp2,11,[H:11][c:5]1[c:4]([c:3]([c:2]([c:7]([c:6]1[H:12])[H:13])[O:1][H:8])[H:9])[H:10],,
11,0.1396840527436681,RESP2,hf/6-31g*,1.0,0.3,H,resp2,12,[H:11][c:5]1[c:4]([c:3]([c:2]([c:7]([c:6]1[H:12])[H:13])[O:1][H:8])[H:9])[H:10],,
12,0.1780677528256828,RESP2,hf/6-31g*,1.0,0.3,H,resp2,13,[H:11][c:5]1[c:4]([c:3]([c:2]([c:7]([c:6]1[H:12])[H:13])[O:1][H:8])[H:9])[H:10],,
0,-0.6624826498771375,RESP2,hf/6-31g*,1.0,0.35,O,resp2,1,[H:11][c:5]1[c:4]([c:3]([c:2]([c:7]([c:6]1[H:12])[H:13])[O:1][H:8])[H:9])[H:10],,
1,0.5640973572601371,RESP2,hf/6-31g*,1.0,0.35,C,resp2,2,[H:11][c:5]1[c:4]([c:3]([c:2]([c:7]([c:6]1[H:12])[H:13])[O:1][H:8])[H:9])[H:10],,
2,-0.3828489043589779,RESP2,hf/6-31g*,1.0,0.35,C,resp2,3,[H:11][c:5]1[c:4]([c:3]([c:2]([c:7]([c:6]1[H:12])[H:13])[O:1][H:8])[H:9])[H:10],,
3,-0.0352151228353536,RESP2,hf/6-31g*,1.0,0.35,C,resp2,4,[H:11][c:5]1[c:4]([c:3]([c:2]([c:7]([c:6]1[H:12])[H:13])[O:1][H:8])[H:9])[H:10],,
4,-0.2958890432322551,RESP2,hf/6-31g*,1.0,0.35,C,resp2,5,[H:11][c:5]1[c:4]([c:3]([c:2]([c:7]([c:6]1[H:12])[H:13])[O:1][H:8])[H:9])[H:10],,
5,-0.0359980519094682,RESP2,hf/6-31g*,1.0,0.35,C,resp2,6,[H:11][c:5]1[c:4]([c:3]([c:2]([c:7]([c:6]1[H:12])[H:13])[O:1][H:8])[H:9])[H:10],,
6,-0.3814509633501154,RESP2,hf/6-31g*,1.0,0.35,C,resp2,7,[H:11][c:5]1[c:4]([c:3]([c:2]([c:7]([c:6]1[H:12])[H:13])[O:1][H:8])[H:9])[H:10],,
7,0.4181325015463547,RESP2,hf/6-31g*,1.0,0.35,H,resp2,8,[H:11][c:5]1[c:4]([c:3]([c:2]([c:7]([c:6]1[H:12])[H:13])[O:1][H:8])[H:9])[H:10],,
8,0.1803075992237264,RESP2,hf/6-31g*,1.0,0.35,H,resp2,9,[H:11][c:5]1[c:4]([c:3]([c:2]([c:7]([c:6]1[H:12])[H:13])[O:1][H:8])[H:9])[H:10],,
9,0.1403772770660949,RESP2,hf/6-31g*,1.0,0.35,H,resp2,10,[H:11][c:5]1[c:4]([c:3]([c:2]([c:7]([c:6]1[H:12])[H:13])[O:1][H:8])[H:9])[H:10],,
10,0.172752071760525,RESP2,hf/6-31g*,1.0,0.35,H,resp2,11,[H:11][c:5]1[c:4]([c:3]([c:2]([c:7]([c:6]1[H:12])[H:13])[O:1][H:8])[H:9])[H:10],,
11,0.1399030493605179,RESP2,hf/6-31g*,1.0,0.35,H,resp2,12,[H:11][c:5]1[c:4]([c:3]([c:2]([c:7]([c:6]1[H:12])[H:13])[O:1][H:8])[H:9])[H:10],,
12,0.1783148793459515,RESP2,hf/6-31g*,1.0,0.35,H,resp2,13,[H:11][c:5]1[c:4]([c:3]([c:2]([c:7]([c:6]1[H:12])[H:13])[O:1][H:8])[H:9])[H:10],,
0,-0.6653509025648193,RESP2,hf/6-31g*,1.0,0.4,O,resp2,1,[H:11][c:5]1[c:4]([c:3]([c:2]([c:7]([c:6]1[H:12])[H:13])[O:1][H:8])[H:9])[H:10],,
1,0.5646408520461861,RESP2,hf/6-31g*,1.0,0.4,C,resp2,2,[H:11][c:5]1[c:4]([c:3]([c:2]([c:7]([c:6]1[H:12])[H:13])[O:1][H:8])[H:9])[H:10],,
2,-0.3832268940922925,RESP2,hf/6-31g*,1.0,0.4,C,resp2,3,[H:11][c:5]1[c:4]([c:3]([c:2]([c:7]([c:6]1[H:12])[H:13])[O:1][H:8])[H:9])[H:10],,
3,-0.0356670893043364,RESP2,hf/6-31g*,1.0,0.4,C,resp2,4,[H:11][c:5]1[c:4]([c:3]([c:2]([c:7]([c:6]1[H:12])[H:13])[O:1][H:8])[H:9])[H:10],,
4,-0.2956433134718188,RESP2,hf/6-31g*,1.0,0.4,C,resp2,5,[H:11][c:5]1[c:4]([c:3]([c:2]([c:7]([c:6]1[H:12])[H:13])[O:1][H:8])[H:9])[H:10],,
5,-0.0363195817109318,RESP2,hf/6-31g*,1.0,0.4,C,resp2,6,[H:11][c:5]1[c:4]([c:3]([c:2]([c:7]([c:6]1[H:12])[H:13])[O:1][H:8])[H:9])[H:10],,
6,-0.3816715336928523,RESP2,hf/6-31g*,1.0,0.4,C,resp2,7,[H:11][c:5]1[c:4]([c:3]([c:2]([c:7]([c:6]1[H:12])[H:13])[O:1][H:8])[H:9])[H:10],,
7,0.4201395728757174,RESP2,hf/6-31g*,1.0,0.4,H,resp2,8,[H:11][c:5]1[c:4]([c:3]([c:2]([c:7]([c:6]1[H:12])[H:13])[O:1][H:8])[H:9])[H:10],,
8,0.180796112000063,RESP2,hf/6-31g*,1.0,0.4,H,resp2,9,[H:11][c:5]1[c:4]([c:3]([c:2]([c:7]([c:6]1[H:12])[H:13])[O:1][H:8])[H:9])[H:10],,
9,0.1407492564160738,RESP2,hf/6-31g*,1.0,0.4,H,resp2,10,[H:11][c:5]1[c:4]([c:3]([c:2]([c:7]([c:6]1[H:12])[H:13])[O:1][H:8])[H:9])[H:10],,
10,0.1728694696554229,RESP2,hf/6-31g*,1.0,0.4,H,resp2,11,[H:11][c:5]1[c:4]([c:3]([c:2]([c:7]([c:6]1[H:12])[H:13])[O:1][H:8])[H:9])[H:10],,
11,0.1401220459773677,RESP2,hf/6-31g*,1.0,0.4,H,resp2,12,[H:11][c:5]1[c:4]([c:3]([c:2]([c:7]([c:6]1[H:12])[H:13])[O:1][H:8])[H:9])[H:10],,
12,0.1785620058662202,RESP2,hf/6-31g*,1.0,0.4,H,resp2,13,[H:11][c:5]1[c:4]([c:3]([c:2]([c:7]([c:6]1[H:12])[H:13])[O:1][H:8])[H:9])[H:10],,
0,-0.6682191552525013,RESP2,hf/6-31g*,1.0,0.45,O,resp2,1,[H:11][c:5]1[c:4]([c:3]([c:2]([c:7]([c:6]1[H:12])[H:13])[O:1][H:8])[H:9])[H:10],,
1,0.5651843468322351,RESP2,hf/6-31g*,1.0,0.45,C,resp2,2,[H:11][c:5]1[c:4]([c:3]([c:2]([c:7]([c:6]1[H:12])[H:13])[O:1][H:8])[H:9])[H:10],,
2,-0.383604883825607,RESP2,hf/6-31g*,1.0,0.45,C,resp2,3,[H:11][c:5]1[c:4]([c:3]([c:2]([c:7]([c:6]1[H:12])[H:13])[O:1][H:8])[H:9])[H:10],,
3,-0.0361190557733192,RESP2,hf/6-31g*,1.0,0.45,C,resp2,4,[H:11][c:5]1[c:4]([c:3]([c:2]([c:7]([c:6]1[H:12])[H:13])[O:1][H:8])[H:9])[H:10],,
4,-0.2953975837113825,RESP2,hf/6-31g*,1.0,0.45,C,resp2,5,[H:11][c:5]1[c:4]([c:3]([c:2]([c:7]([c:6]1[H:12])[H:13])[O:1][H:8])[H:9])[H:10],,
5,-0.0366411115123954,RESP2,hf/6-31g*,1.0,0.45,C,resp2,6,[H:11][c:5]1[c:4]([c:3]([c:2]([c:7]([c:6]1[H:12])[H:13])[O:1][H:8])[H:9])[H:10],,
6,-0.3818921040355892,RESP2,hf/6-31g*,1.0,0.45,C,resp2,7,[H:11][c:5]1[c:4]([c:3]([c:2]([c:7]([c:6]1[H:12])[H:13])[O:1][H:8])[H:9])[H:10],,
7,0.4221466442050801,RESP2,hf/6-31g*,1.0,0.45,H,resp2,8,[H:11][c:5]1[c:4]([c:3]([c:2]([c:7]([c:6]1[H:12])[H:13])[O:1][H:8])[H:9])[H:10],,
8,0.1812846247763996,RESP2,hf/6-31g*,1.0,0.45,H,resp2,9,[H:11][c:5]1[c:4]([c:3]([c:2]([c:7]([c:6]1[H:12])[H:13])[O:1][H:8])[H:9])[H:10],,
9,0.1411212357660526,RESP2,hf/6-31g*,1.0,0.45,H,resp2,10,[H:11][c:5]1[c:4]([c:3]([c:2]([c:7]([c:6]1[H:12])[H:13])[O:1][H:8])[H:9])[H:10],,
10,0.1729868675503207,RESP2,hf/6-31g*,1.0,0.45,H,resp2,11,[H:11][c:5]1[c:4]([c:3]([c:2]([c:7]([c:6]1[H:12])[H:13])[O:1][H:8])[H:9])[H:10],,
11,0.1403410425942176,RESP2,hf/6-31g*,1.0,0.45,H,resp2,12,[H:11][c:5]1[c:4]([c:3]([c:2]([c:7]([c:6]1[H:12])[H:13])[O:1][H:8])[H:9])[H:10],,
12,0.1788091323864889,RESP2,hf/6-31g*,1.0,0.45,H,resp2,13,[H:11][c:5]1[c:4]([c:3]([c:2]([c:7]([c:6]1[H:12])[H:13])[O:1][H:8])[H:9])[H:10],,
0,-0.6710874079401831,RESP2,hf/6-31g*,1.0,0.5,O,resp2,1,[H:11][c:5]1[c:4]([c:3]([c:2]([c:7]([c:6]1[H:12])[H:13])[O:1][H:8])[H:9])[H:10],,
1,0.565727841618284,RESP2,hf/6-31g*,1.0,0.5,C,resp2,2,[H:11][c:5]1[c:4]([c:3]([c:2]([c:7]([c:6]1[H:12])[H:13])[O:1][H:8])[H:9])[H:10],,
2,-0.3839828735589216,RESP2,hf/6-31g*,1.0,0.5,C,resp2,3,[H:11][c:5]1[c:4]([c:3]([c:2]([c:7]([c:6]1[H:12])[H:13])[O:1][H:8])[H:9])[H:10],,
3,-0.0365710222423019,RESP2,hf/6-31g*,1.0,0.5,C,resp2,4,[H:11][c:5]1[c:4]([c:3]([c:2]([c:7]([c:6]1[H:12])[H:13])[O:1][H:8])[H:9])[H:10],,
4,-0.2951518539509463,RESP2,hf/6-31g*,1.0,0.5,C,resp2,5,[H:11][c:5]1[c:4]([c:3]([c:2]([c:7]([c:6]1[H:12])[H:13])[O:1][H:8])[H:9])[H:10],,
5,-0.036962641313859,RESP2,hf/6-31g*,1.0,0.5,C,resp2,6,[H:11][c:5]1[c:4]([c:3]([c:2]([c:7]([c:6]1[H:12])[H:13])[O:1][H:8])[H:9])[H:10],,
6,-0.382112674378326,RESP2,hf/6-31g*,1.0,0.5,C,resp2,7,[H:11][c:5]1[c:4]([c:3]([c:2]([c:7]([c:6]1[H:12])[H:13])[O:1][H:8])[H:9])[H:10],,
7,0.4241537155344427,RESP2,hf/6-31g*,1.0,0.5,H,resp2,8,[H:11][c:5]1[c:4]([c:3]([c:2]([c:7]([c:6]1[H:12])[H:13])[O:1][H:8])[H:9])[H:10],,
8,0.1817731375527361,RESP2,hf/6-31g*,1.0,0.5,H,resp2,9,[H:11][c:5]1[c:4]([c:3]([c:2]([c:7]([c:6]1[H:12])[H:13])[O:1][H:8])[H:9])[H:10],,
9,0.1414932151160314,RESP2,hf/6-31g*,1.0,0.5,H,resp2,10,[H:11][c:5]1[c:4]([c:3]([c:2]([c:7]([c:6]1[H:12])[H:13])[O:1][H:8])[H:9])[H:10],,
10,0.1731042654452186,RESP2,hf/6-31g*,1.0,0.5,H,resp2,11,[H:11][c:5]1[c:4]([c:3]([c:2]([c:7]([c:6]1[H:12])[H:13])[O:1][H:8])[H:9])[H:10],,
11,0.1405600392110674,RESP2,hf/6-31g*,1.0,0.5,H,resp2,12,[H:11][c:5]1[c:4]([c:3]([c:2]([c:7]([c:6]1[H:12])[H:13])[O:1][H:8])[H:9])[H:10],,
12,0.1790562589067575,RESP2,hf/6-31g*,1.0,0.5,H,resp2,13,[H:11][c:5]1[c:4]([c:3]([c:2]([c:7]([c:6]1[H:12])[H:13])[O:1][H:8])[H:9])[H:10],,
0,-0.673955660627865,RESP2,hf/6-31g*,1.0,0.55,O,resp2,1,[H:11][c:5]1[c:4]([c:3]([c:2]([c:7]([c:6]1[H:12])[H:13])[O:1][H:8])[H:9])[H:10],,
1,0.5662713364043329,RESP2,hf/6-31g*,1.0,0.55,C,resp2,2,[H:11][c:5]1[c:4]([c:3]([c:2]([c:7]([c:6]1[H:12])[H:13])[O:1][H:8])[H:9])[H:10],,
2,-0.3843608632922361,RESP2,hf/6-31g*,1.0,0.55,C,resp2,3,[H:11][c:5]1[c:4]([c:3]([c:2]([c:7]([c:6]1[H:12])[H:13])[O:1][H:8])[H:9])[H:10],,
3,-0.0370229887112847,RESP2,hf/6-31g*,1.0,0.55,C,resp2,4,[H:11][c:5]1[c:4]([c:3]([c:2]([c:7]([c:6]1[H:12])[H:13])[O:1][H:8])[H:9])[H:10],,
4,-0.29490612419051,RESP2,hf/6-31g*,1.0,0.55,C,resp2,5,[H:11][c:5]1[c:4]([c:3]([c:2]([c:7]([c:6]1[H:12])[H:13])[O:1][H:8])[H:9])[H:10],,
5,-0.0372841711153225,RESP2,hf/6-31g*,1.0,0.55,C,resp2,6,[H:11][c:5]1[c:4]([c:3]([c:2]([c:7]([c:6]1[H:12])[H:13])[O:1][H:8])[H:9])[H:10],,
6,-0.3823332447210628,RESP2,hf/6-31g*,1.0,0.55,C,resp2,7,[H:11][c:5]1[c:4]([c:3]([c:2]([c:7]([c:6]1[H:12])[H:13])[O:1][H:8])[H:9])[H:10],,
7,0.4261607868638055,RESP2,hf/6-31g*,1.0,0.55,H,resp2,8,[H:11][c:5]1[c:4]([c:3]([c:2]([c:7]([c:6]1[H:12])[H:13])[O:1][H:8])[H:9])[H:10],,
8,0.1822616503290727,RESP2,hf/6-31g*,1.0,0.55,H,resp2,9,[H:11][c:5]1[c:4]([c:3]([c:2]([c:7]([c:6]1[H:12])[H:13])[O:1][H:8])[H:9])[H:10],,
9,0.1418651944660102,RESP2,hf/6-31g*,1.0,0.55,H,resp2,10,[H:11][c:5]1[c:4]([c:3]([c:2]([c:7]([c:6]1[H:12])[H:13])[O:1][H:8])[H:9])[H:10],,
10,0.1732216633401165,RESP2,hf/6-31g*,1.0,0.55,H,resp2,11,[H:11][c:5]1[c:4]([c:3]([c:2]([c:7]([c:6]1[H:12])[H:13])[O:1][H:8])[H:9])[H:10],,
11,0.1407790358279173,RESP2,hf/6-31g*,1.0,0.55,H,resp2,12,[H:11][c:5]1[c:4]([c:3]([c:2]([c:7]([c:6]1[H:12])[H:13])[O:1][H:8])[H:9])[H:10],,
12,0.1793033854270262,RESP2,hf/6-31g*,1.0,0.55,H,resp2,13,[H:11][c:5]1[c:4]([c:3]([c:2]([c:7]([c:6]1[H:12])[H:13])[O:1][H:8])[H:9])[H:10],,
0,-0.6768239133155468,RESP2,hf/6-31g*,1.0,0.6000000000000001,O,resp2,1,[H:11][c:5]1[c:4]([c:3]([c:2]([c:7]([c:6]1[H:12])[H:13])[O:1][H:8])[H:9])[H:10],,
1,0.5668148311903819,RESP2,hf/6-31g*,1.0,0.6000000000000001,C,resp2,2,[H:11][c:5]1[c:4]([c:3]([c:2]([c:7]([c:6]1[H:12])[H:13])[O:1][H:8])[H:9])[H:10],,
2,-0.3847388530255507,RESP2,hf/6-31g*,1.0,0.6000000000000001,C,resp2,3,[H:11][c:5]1[c:4]([c:3]([c:2]([c:7]([c:6]1[H:12])[H:13])[O:1][H:8])[H:9])[H:10],,
3,-0.0374749551802675,RESP2,hf/6-31g*,1.0,0.6000000000000001,C,resp2,4,[H:11][c:5]1[c:4]([c:3]([c:2]([c:7]([c:6]1[H:12])[H:13])[O:1][H:8])[H:9])[H:10],,
4,-0.2946603944300737,RESP2,hf/6-31g*,1.0,0.6000000000000001,C,resp2,5,[H:11][c:5]1[c:4]([c:3]([c:2]([c:7]([c:6]1[H:12])[H:13])[O:1][H:8])[H:9])[H:10],,
5,-0.0376057009167861,RESP2,hf/6-31g*,1.0,0.6000000000000001,C,resp2,6,[H:11][c:5]1[c:4]([c:3]([c:2]([c:7]([c:6]1[H:12])[H:13])[O:1][H:8])[H:9])[H:10],,
6,-0.3825538150637997,RESP2,hf/6-31g*,1.0,0.6000000000000001,C,resp2,7,[H:11][c:5]1[c:4]([c:3]([c:2]([c:7]([c:6]1[H:12])[H:13])[O:1][H:8])[H:9])[H:10],,
7,0.4281678581931681,RESP2,hf/6-31g*,1.0,0.6000000000000001,H,resp2,8,[H:11][c:5]1[c:4]([c:3]([c:2]([c:7]([c:6]1[H:12])[H:13])[O:1][H:8])[H:9])[H:10],,
8,0.1827501631054092,RESP2,hf/6-31g*,1.0,0.6000000000000001,H,resp2,9,[H:11][c:5]1[c:4]([c:3]([c:2]([c:7]([c:6]1[H:12])[H:13])[O:1][H:8])[H:9])[H:10],,
9,0.1422371738159891,RESP2,hf/6-31g*,1.0,0.6000000000000001,H,resp2,10,[H:11][c:5]1[c:4]([c:3]([c:2]([c:7]([c:6]1[H:12])[H:13])[O:1][H:8])[H:9])[H:10],,
10,0.1733390612350143,RESP2,hf/6-31g*,1.0,0.6000000000000001,H,resp2,11,[H:11][c:5]1[c:4]([c:3]([c:2]([c:7]([c:6]1[H:12])[H:13])[O:1][H:8])[H:9])[H:10],,
11,0.1409980324447672,RESP2,hf/6-31g*,1.0,0.6000000000000001,H,resp2,12,[H:11][c:5]1[c:4]([c:3]([c:2]([c:7]([c:6]1[H:12])[H:13])[O:1][H:8])[H:9])[H:10],,
12,0.1795505119472949,RESP2,hf/6-31g*,1.0,0.6000000000000001,H,resp2,13,[H:11][c:5]1[c:4]([c:3]([c:2]([c:7]([c:6]1[H:12])[H:13])[O:1][H:8])[H:9])[H:10],,
0,-0.6796921660032287,RESP2,hf/6-31g*,1.0,0.65,O,resp2,1,[H:11][c:5]1[c:4]([c:3]([c:2]([c:7]([c:6]1[H:12])[H:13])[O:1][H:8])[H:9])[H:10],,
1,0.5673583259764308,RESP2,hf/6-31g*,1.0,0.65,C,resp2,2,[H:11][c:5]1[c:4]([c:3]([c:2]([c:7]([c:6]1[H:12])[H:13])[O:1][H:8])[H:9])[H:10],,
2,-0.3851168427588652,RESP2,hf/6-31g*,1.0,0.65,C,resp2,3,[H:11][c:5]1[c:4]([c:3]([c:2]([c:7]([c:6]1[H:12])[H:13])[O:1][H:8])[H:9])[H:10],,
3,-0.0379269216492503,RESP2,hf/6-31g*,1.0,0.65,C,resp2,4,[H:11][c:5]1[c:4]([c:3]([c:2]([c:7]([c:6]1[H:12])[H:13])[O:1][H:8])[H:9])[H:10],,
4,-0.2944146646696374,RESP2,hf/6-31g*,1.0,0.65,C,resp2,5,[H:11][c:5]1[c:4]([c:3]([c:2]([c:7]([c:6]1[H:12])[H:13])[O:1][H:8])[H:9])[H:10],,
5,-0.0379272307182497,RESP2,hf/6-31g*,1.0,0.65,C,resp2,6,[H:11][c:5]1[c:4]([c:3]([c:2]([c:7]([c:6]1[H:12])[H:13])[O:1][H:8])[H:9])[H:10],,
6,-0.3827743854065366,RESP2,hf/6-31g*,1.0,0.65,C,resp2,7,[H:11][c:5]1[c:4]([c:3]([c:2]([c:7]([c:6]1[H:12])[H:13])[O:1][H:8])[H:9])[H:10],,
7,0.4301749295225308,RESP2,hf/6-31g*,1.0,0.65,H,resp2,8,[H:11][c:5]1[c:4]([c:3]([c:2]([c:7]([c:6]1[H:12])[H:13])[O:1][H:8])[H:9])[H:10],,
8,0.1832386758817458,RESP2,hf/6-31g*,1.0,0.65,H,resp2,9,[H:11][c:5]1[c:4]([c:3]([c:2]([c:7]([c:6]1[H:12])[H:13])[O:1][H:8])[H:9])[H:10],,
9,0.1426091531659679,RESP2,hf/6-31g*,1.0,0.65,H,resp2,10,[H:11][c:5]1[c:4]([c:3]([c:2]([c:7]([c:6]1[H:12])[H:13])[O:1][H:8])[H:9])[H:10],,
10,0.1734564591299121,RESP2,hf/6-31g*,1.0,0.65,H,resp2,11,[H:11][c:5]1[c:4]([c:3]([c:2]([c:7]([c:6]1[H:12])[H:13])[O:1][H:8])[H:9])[H:10],,
11,0.141217029061617,RESP2,hf/6-31g*,1.0,0.65,H,resp2,12,[H:11][c:5]1[c:4]([c:3]([c:2]([c:7]([c:6]1[H:12])[H:13])[O:1][H:8])[H:9])[H:10],,
12,0.1797976384675636,RESP2,hf/6-31g*,1.0,0.65,H,resp2,13,[H:11][c:5]1[c:4]([c:3]([c:2]([c:7]([c:6]1[H:12])[H:13])[O:1][H:8])[H:9])[H:10],,
0,-0.6825604186909107,RESP2,hf/6-31g*,1.0,0.7000000000000001,O,resp2,1,[H:11][c:5]1[c:4]([c:3]([c:2]([c:7]([c:6]1[H:12])[H:13])[O:1][H:8])[H:9])[H:10],,
1,0.5679018207624797,RESP2,hf/6-31g*,1.0,0.7000000000000001,C,resp2,2,[H:11][c:5]1[c:4]([c:3]([c:2]([c:7]([c:6]1[H:12])[H:13])[O:1][H:8])[H:9])[H:10],,
2,-0.3854948324921798,RESP2,hf/6-31g*,1.0,0.7000000000000001,C,resp2,3,[H:11][c:5]1[c:4]([c:3]([c:2]([c:7]([c:6]1[H:12])[H:13])[O:1][H:8])[H:9])[H:10],,
3,-0.0383788881182331,RESP2,hf/6-31g*,1.0,0.7000000000000001,C,resp2,4,[H:11][c:5]1[c:4]([c:3]([c:2]([c:7]([c:6]1[H:12])[H:13])[O:1][H:8])[H:9])[H:10],,
4,-0.2941689349092012,RESP2,hf/6-31g*,1.0,0.7000000000000001,C,resp2,5,[H:11][c:5]1[c:4]([c:3]([c:2]([c:7]([c:6]1[H:12])[H:13])[O:1][H:8])[H:9])[H:10],,
5,-0.0382487605197133,RESP2,hf/6-31g*,1.0,0.7000000000000001,C,resp2,6,[H:11][c:5]1[c:4]([c:3]([c:2]([c:7]([c:6]1[H:12])[H:13])[O:1][H:8])[H:9])[H:10],,
6,-0.3829949557492734,RESP2,hf/6-31g*,1.0,0.7000000000000001,C,resp2,7,[H:11][c:5]1[c:4]([c:3]([c:2]([c:7]([c:6]1[H:12])[H:13])[O:1][H:8])[H:9])[H:10],,
7,0.4321820008518934,RESP2,hf/6-31g*,1.0,0.7000000000000001,H,resp2,8,[H:11][c:5]1[c:4]([c:3]([c:2]([c:7]([c:6]1[H:12])[H:13])[O:1][H:8])[H:9])[H:10],,
8,0.1837271886580823,RESP2,hf/6-31g*,1.0,0.7000000000000001,H,resp2,9,[H:11][c:5]1[c:4]([c:3]([c:2]([c:7]([c:6]1[H:12])[H:13])[O:1][H:8])[H:9])[H:10],,
9,0.1429811325159467,RESP2,hf/6-31g*,1.0,0.7000000000000001,H,resp2,10,[H:11][c:5]1[c:4]([c:3]([c:2]([c:7]([c:6]1[H:12])[H:13])[O:1][H:8])[H:9])[H:10],,
10,0.17357385702481,RESP2,hf/6-31g*,1.0,0.7000000000000001,H,resp2,11,[H:11][c:5]1[c:4]([c:3]([c:2]([c:7]([c:6]1[H:12])[H:13])[O:1][H:8])[H:9])[H:10],,
11,0.1414360256784668,RESP2,hf/6-31g*,1.0,0.7000000000000001,H,resp2,12,[H:11][c:5]1[c:4]([c:3]([c:2]([c:7]([c:6]1[H:12])[H:13])[O:1][H:8])[H:9])[H:10],,
12,0.1800447649878323,RESP2,hf/6-31g*,1.0,0.7000000000000001,H,resp2,13,[H:11][c:5]1[c:4]([c:3]([c:2]([c:7]([c:6]1[H:12])[H:13])[O:1][H:8])[H:9])[H:10],,
0,-0.6854286713785925,RESP2,hf/6-31g*,1.0,0.75,O,resp2,1,[H:11][c:5]1[c:4]([c:3]([c:2]([c:7]([c:6]1[H:12])[H:13])[O:1][H:8])[H:9])[H:10],,
1,0.5684453155485286,RESP2,hf/6-31g*,1.0,0.75,C,resp2,2,[H:11][c:5]1[c:4]([c:3]([c:2]([c:7]([c:6]1[H:12])[H:13])[O:1][H:8])[H:9])[H:10],,
2,-0.3858728222254944,RESP2,hf/6-31g*,1.0,0.75,C,resp2,3,[H:11][c:5]1[c:4]([c:3]([c:2]([c:7]([c:6]1[H:12])[H:13])[O:1][H:8])[H:9])[H:10],,
3,-0.0388308545872159,RESP2,hf/6-31g*,1.0,0.75,C,resp2,4,[H:11][c:5]1[c:4]([c:3]([c:2]([c:7]([c:6]1[H:12])[H:13])[O:1][H:8])[H:9])[H:10],,
4,-0.2939232051487649,RESP2,hf/6-31g*,1.0,0.75,C,resp2,5,[H:11][c:5]1[c:4]([c:3]([c:2]([c:7]([c:6]1[H:12])[H:13])[O:1][H:8])[H:9])[H:10],,
5,-0.0385702903211768,RESP2,hf/6-31g*,1.0,0.75,C,resp2,6,[H:11][c:5]1[c:4]([c:3]([c:2]([c:7]([c:6]1[H:12])[H:13])[O:1][H:8])[H:9])[H:10],,
6,-0.3832155260920102,RESP2,hf/6-31g*,1.0,0.75,C,resp2,7,[H:11][c:5]1[c:4]([c:3]([c:2]([c:7]([c:6]1[H:12])[H:13])[O:1][H:8])[H:9])[H:10],,
7,0.4341890721812561,RESP2,hf/6-31g*,1.0,0.75,H,resp2,8,[H:11][c:5]1[c:4]([c:3]([c:2]([c:7]([c:6]1[H:12])[H:13])[O:1][H:8])[H:9])[H:10],,
8,0.1842157014344189,RESP2,hf/6-31g*,1.0,0.75,H,resp2,9,[H:11][c:5]1[c:4]([c:3]([c:2]([c:7]([c:6]1[H:12])[H:13])[O:1][H:8])[H:9])[H:10],,
9,0.1433531118659255,RESP2,hf/6-31g*,1.0,0.75,H,resp2,10,[H:11][c:5]1[c:4]([c:3]([c:2]([c:7]([c:6]1[H:12])[H:13])[O:1][H:8])[H:9])[H:10],,
10,0.1736912549197078,RESP2,hf/6-31g*,1.0,0.75,H,resp2,11,[H:11][c:5]1[c:4]([c:3]([c:2]([c:7]([c:6]1[H:12])[H:13])[O:1][H:8])[H:9])[H:10],,
11,0.1416550222953167,RESP2,hf/6-31g*,1.0,0.75,H,resp2,12,[H:11][c:5]1[c:4]([c:3]([c:2]([c:7]([c:6]1[H:12])[H:13])[O:1][H:8])[H:9])[H:10],,
12,0.180291891508101,RESP2,hf/6-31g*,1.0,0.75,H,resp2,13,[H:11][c:5]1[c:4]([c:3]([c:2]([c:7]([c:6]1[H:12])[H:13])[O:1][H:8])[H:9])[H:10],,
0,-0.6882969240662743,RESP2,hf/6-31g*,1.0,0.8,O,resp2,1,[H:11][c:5]1[c:4]([c:3]([c:2]([c:7]([c:6]1[H:12])[H:13])[O:1][H:8])[H:9])[H:10],,
1,0.5689888103345775,RESP2,hf/6-31g*,1.0,0.8,C,resp2,2,[H:11][c:5]1[c:4]([c:3]([c:2]([c:7]([c:6]1[H:12])[H:13])[O:1][H:8])[H:9])[H:10],,
2,-0.386250811958809,RESP2,hf/6-31g*,1.0,0.8,C,resp2,3,[H:11][c:5]1[c:4]([c:3]([c:2]([c:7]([c:6]1[H:12])[H:13])[O:1][H:8])[H:9])[H:10],,
3,-0.0392828210561987,RESP2,hf/6-31g*,1.0,0.8,C,resp2,4,[H:11][c:5]1[c:4]([c:3]([c:2]([c:7]([c:6]1[H:12])[H:13])[O:1][H:8])[H:9])[H:10],,
4,-0.2936774753883286,RESP2,hf/6-31g*,1.0,0.8,C,resp2,5,[H:11][c:5]1[c:4]([c:3]([c:2]([c:7]([c:6]1[H:12])[H:13])[O:1][H:8])[H:9])[H:10],,
5,-0.0388918201226404,RESP2,hf/6-31g*,1.0,0.8,C,resp2,6,[H:11][c:5]1[c:4]([c:3]([c:2]([c:7]([c:6]1[H:12])[H:13])[O:1][H:8])[H:9])[H:10],,
6,-0.3834360964347471,RESP2,hf/6-31g*,1.0,0.8,C,resp2,7,[H:11][c:5]1[c:4]([c:3]([c:2]([c:7]([c:6]1[H:12])[H:13])[O:1][H:8])[H:9])[H:10],,
7,0.4361961435106188,RESP2,hf/6-31g*,1.0,0.8,H,resp2,8,[H:11][c:5]1[c:4]([c:3]([c:2]([c:7]([c:6]1[H:12])[H:13])[O:1][H:8])[H:9])[H:10],,
8,0.1847042142107555,RESP2,hf/6-31g*,1.0,0.8,H,resp2,9,[H:11][c:5]1[c:4]([c:3]([c:2]([c:7]([c:6]1[H:12])[H:13])[O:1][H:8])[H:9])[H:10],,
9,0.1437250912159044,RESP2,hf/6-31g*,1.0,0.8,H,resp2,10,[H:11][c:5]1[c:4]([c:3]([c:2]([c:7]([c:6]1[H:12])[H:13])[O:1][H:8])[H:9])[H:10],,
10,0.1738086528146057,RESP2,hf/6-31g*,1.0,0.8,H,resp2,11,[H:11][c:5]1[c:4]([c:3]([c:2]([c:7]([c:6]1[H:12])[H:13])[O:1][H:8])[H:9])[H:10],,
11,0.1418740189121666,RESP2,hf/6-31g*,1.0,0.8,H,resp2,12,[H:11][c:5]1[c:4]([c:3]([c:2]([c:7]([c:6]1[H:12])[H:13])[O:1][H:8])[H:9])[H:10],,
12,0.1805390180283697,RESP2,hf/6-31g*,1.0,0.8,H,resp2,13,[H:11][c:5]1[c:4]([c:3]([c:2]([c:7]([c:6]1[H:12])[H:13])[O:1][H:8])[H:9])[H:10],,
0,-0.6911651767539563,RESP2,hf/6-31g*,1.0,0.8500000000000001,O,resp2,1,[H:11][c:5]1[c:4]([c:3]([c:2]([c:7]([c:6]1[H:12])[H:13])[O:1][H:8])[H:9])[H:10],,
1,0.5695323051206265,RESP2,hf/6-31g*,1.0,0.8500000000000001,C,resp2,2,[H:11][c:5]1[c:4]([c:3]([c:2]([c:7]([c:6]1[H:12])[H:13])[O:1][H:8])[H:9])[H:10],,
2,-0.3866288016921235,RESP2,hf/6-31g*,1.0,0.8500000000000001,C,resp2,3,[H:11][c:5]1[c:4]([c:3]([c:2]([c:7]([c:6]1[H:12])[H:13])[O:1][H:8])[H:9])[H:10],,
3,-0.0397347875251815,RESP2,hf/6-31g*,1.0,0.8500000000000001,C,resp2,4,[H:11][c:5]1[c:4]([c:3]([c:2]([c:7]([c:6]1[H:12])[H:13])[O:1][H:8])[H:9])[H:10],,
4,-0.2934317456278923,RESP2,hf/6-31g*,1.0,0.8500000000000001,C,resp2,5,[H:11][c:5]1[c:4]([c:3]([c:2]([c:7]([c:6]1[H:12])[H:13])[O:1][H:8])[H:9])[H:10],,
5,-0.039213349924104,RESP2,hf/6-31g*,1.0,0.8500000000000001,C,resp2,6,[H:11][c:5]1[c:4]([c:3]([c:2]([c:7]([c:6]1[H:12])[H:13])[O:1][H:8])[H:9])[H:10],,
6,-0.3836566667774839,RESP2,hf/6-31g*,1.0,0.8500000000000001,C,resp2,7,[H:11][c:5]1[c:4]([c:3]([c:2]([c:7]([c:6]1[H:12])[H:13])[O:1][H:8])[H:9])[H:10],,
7,0.4382032148399815,RESP2,hf/6-31g*,1.0,0.8500000000000001,H,resp2,8,[H:11][c:5]1[c:4]([c:3]([c:2]([c:7]([c:6]1[H:12])[H:13])[O:1][H:8])[H:9])[H:10],,
8,0.1851927269870921,RESP2,hf/6-31g*,1.0,0.8500000000000001,H,resp2,9,[H:11][c:5]1[c:4]([c:3]([c:2]([c:7]([c:6]1[H:12])[H:13])[O:1][H:8])[H:9])[H:10],,
9,0.1440970705658832,RESP2,hf/6-31g*,1.0,0.8500000000000001,H,resp2,10,[H:11][c:5]1[c:4]([c:3]([c:2]([c:7]([c:6]1[H:12])[H:13])[O:1][H:8])[H:9])[H:10],,
10,0.1739260507095036,RESP2,hf/6-31g*,1.0,0.8500000000000001,H,resp2,11,[H:11][c:5]1[c:4]([c:3]([c:2]([c:7]([c:6]1[H:12])[H:13])[O:1][H:8])[H:9])[H:10],,
11,0.1420930155290164,RESP2,hf/6-31g*,1.0,0.8500000000000001,H,resp2,12,[H:11][c:5]1[c:4]([c:3]([c:2]([c:7]([c:6]1[H:12])[H:13])[O:1][H:8])[H:9])[H:10],,
12,0.1807861445486384,RESP2,hf/6-31g*,1.0,0.8500000000000001,H,resp2,13,[H:11][c:5]1[c:4]([c:3]([c:2]([c:7]([c:6]1[H:12])[H:13])[O:1][H:8])[H:9])[H:10],,
0,-0.6940334294416381,RESP2,hf/6-31g*,1.0,0.9,O,resp2,1,[H:11][c:5]1[c:4]([c:3]([c:2]([c:7]([c:6]1[H:12])[H:13])[O:1][H:8])[H:9])[H:10],,
1,0.5700757999066755,RESP2,hf/6-31g*,1.0,0.9,C,resp2,2,[H:11][c:5]1[c:4]([c:3]([c:2]([c:7]([c:6]1[H:12])[H:13])[O:1][H:8])[H:9])[H:10],,
2,-0.3870067914254381,RESP2,hf/6-31g*,1.0,0.9,C,resp2,3,[H:11][c:5]1[c:4]([c:3]([c:2]([c:7]([c:6]1[H:12])[H:13])[O:1][H:8])[H:9])[H:10],,
3,-0.0401867539941643,RESP2,hf/6-31g*,1.0,0.9,C,resp2,4,[H:11][c:5]1[c:4]([c:3]([c:2]([c:7]([c:6]1[H:12])[H:13])[O:1][H:8])[H:9])[H:10],,
4,-0.2931860158674561,RESP2,hf/6-31g*,1.0,0.9,C,resp2,5,[H:11][c:5]1[c:4]([c:3]([c:2]([c:7]([c:6]1[H:12])[H:13])[O:1][H:8])[H:9])[H:10],,
5,-0.0395348797255676,RESP2,hf/6-31g*,1.0,0.9,C,resp2,6,[H:11][c:5]1[c:4]([c:3]([c:2]([c:7]([c:6]1[H:12])[H:13])[O:1][H:8])[H:9])[H:10],,
6,-0.3838772371202208,RESP2,hf/6-31g*,1.0,0.9,C,resp2,7,[H:11][c:5]1[c:4]([c:3]([c:2]([c:7]([c:6]1[H:12])[H:13])[O:1][H:8])[H:9])[H:10],,
7,0.4402102861693442,RESP2,hf/6-31g*,1.0,0.9,H,resp2,8,[H:11][c:5]1[c:4]([c:3]([c:2]([c:7]([c:6]1[H:12])[H:13])[O:1][H:8])[H:9])[H:10],,
8,0.1856812397634286,RESP2,hf/6-31g*,1.0,0.9,H,resp2,9,[H:11][c:5]1[c:4]([c:3]([c:2]([c:7]([c:6]1[H:12])[H:13])[O:1][H:8])[H:9])[H:10],,
9,0.144469049915862,RESP2,hf/6-31g*,1.0,0.9,H,resp2,10,[H:11][c:5]1[c:4]([c:3]([c:2]([c:7]([c:6]1[H:12])[H:13])[O:1][H:8])[H:9])[H:10],,
10,0.1740434486044014,RESP2,hf/6-31g*,1.0,0.9,H,resp2,11,[H:11][c:5]1[c:4]([c:3]([c:2]([c:7]([c:6]1[H:12])[H:13])[O:1][H:8])[H:9])[H:10],,
11,0.1423120121458663,RESP2,hf/6-31g*,1.0,0.9,H,resp2,12,[H:11][c:5]1[c:4]([c:3]([c:2]([c:7]([c:6]1[H:12])[H:13])[O:1][H:8])[H:9])[H:10],,
12,0.1810332710689071,RESP2,hf/6-31g*,1.0,0.9,H,resp2,13,[H:11][c:5]1[c:4]([c:3]([c:2]([c:7]([c:6]1[H:12])[H:13])[O:1][H:8])[H:9])[H:10],,
0,-0.6969016821293199,RESP2,hf/6-31g*,1.0,0.95,O,resp2,1,[H:11][c:5]1[c:4]([c:3]([c:2]([c:7]([c:6]1[H:12])[H:13])[O:1][H:8])[H:9])[H:10],,
1,0.5706192946927244,RESP2,hf/6-31g*,1.0,0.95,C,resp2,2,[H:11][c:5]1[c:4]([c:3]([c:2]([c:7]([c:6]1[H:12])[H:13])[O:1][H:8])[H:9])[H:10],,
2,-0.3873847811587527,RESP2,hf/6-31g*,1.0,0.95,C,resp2,3,[H:11][c:5]1[c:4]([c:3]([c:2]([c:7]([c:6]1[H:12])[H:13])[O:1][H:8])[H:9])[H:10],,
3,-0.0406387204631471,RESP2,hf/6-31g*,1.0,0.95,C,resp2,4,[H:11][c:5]1[c:4]([c:3]([c:2]([c:7]([c:6]1[H:12])[H:13])[O:1][H:8])[H:9])[H:10],,
4,-0.2929402861070198,RESP2,hf/6-31g*,1.0,0.95,C,resp2,5,[H:11][c:5]1[c:4]([c:3]([c:2]([c:7]([c:6]1[H:12])[H:13])[O:1][H:8])[H:9])[H:10],,
5,-0.0398564095270311,RESP2,hf/6-31g*,1.0,0.95,C,resp2,6,[H:11][c:5]1[c:4]([c:3]([c:2]([c:7]([c:6]1[H:12])[H:13])[O:1][H:8])[H:9])[H:10],,
6,-0.3840978074629577,RESP2,hf/6-31g*,1.0,0.95,C,resp2,7,[H:11][c:5]1[c:4]([c:3]([c:2]([c:7]([c:6]1[H:12])[H:13])[O:1][H:8])[H:9])[H:10],,
7,0.4422173574987068,RESP2,hf/6-31g*,1.0,0.95,H,resp2,8,[H:11][c:5]1[c:4]([c:3]([c:2]([c:7]([c:6]1[H:12])[H:13])[O:1][H:8])[H:9])[H:10],,
8,0.1861697525397652,RESP2,hf/6-31g*,1.0,0.95,H,resp2,9,[H:11][c:5]1[c:4]([c:3]([c:2]([c:7]([c:6]1[H:12])[H:13])[O:1][H:8])[H:9])[H:10],,
9,0.1448410292658409,RESP2,hf/6-31g*,1.0,0.95,H,resp2,10,[H:11][c:5]1[c:4]([c:3]([c:2]([c:7]([c:6]1[H:12])[H:13])[O:1][H:8])[H:9])[H:10],,
10,0.1741608464992993,RESP2,hf/6-31g*,1.0,0.95,H,resp2,11,[H:11][c:5]1[c:4]([c:3]([c:2]([c:7]([c:6]1[H:12])[H:13])[O:1][H:8])[H:9])[H:10],,
11,0.1425310087627161,RESP2,hf/6-31g*,1.0,0.95,H,resp2,12,[H:11][c:5]1[c:4]([c:3]([c:2]([c:7]([c:6]1[H:12])[H:13])[O:1][H:8])[H:9])[H:10],,
12,0.1812803975891758,RESP2,hf/6-31g*,1.0,0.95,H,resp2,13,[H:11][c:5]1[c:4]([c:3]([c:2]([c:7]([c:6]1[H:12])[H:13])[O:1][H:8])[H:9])[H:10],,
0,-0.6997699348170018,RESP2,hf/6-31g*,1.0,1.0,O,resp2,1,[H:11][c:5]1[c:4]([c:3]([c:2]([c:7]([c:6]1[H:12])[H:13])[O:1][H:8])[H:9])[H:10],,
1,0.5711627894787733,RESP2,hf/6-31g*,1.0,1.0,C,resp2,2,[H:11][c:5]1[c:4]([c:3]([c:2]([c:7]([c:6]1[H:12])[H:13])[O:1][H:8])[H:9])[H:10],,
2,-0.3877627708920673,RESP2,hf/6-31g*,1.0,1.0,C,resp2,3,[H:11][c:5]1[c:4]([c:3]([c:2]([c:7]([c:6]1[H:12])[H:13])[O:1][H:8])[H:9])[H:10],,
3,-0.0410906869321299,RESP2,hf/6-31g*,1.0,1.0,C,resp2,4,[H:11][c:5]1[c:4]([c:3]([c:2]([c:7]([c:6]1[H:12])[H:13])[O:1][H:8])[H:9])[H:10],,
4,-0.2926945563465836,RESP2,hf/6-31g*,1.0,1.0,C,resp2,5,[H:11][c:5]1[c:4]([c:3]([c:2]([c:7]([c:6]1[H:12])[H:13])[O:1][H:8])[H:9])[H:10],,
5,-0.0401779393284947,RESP2,hf/6-31g*,1.0,1.0,C,resp2,6,[H:11][c:5]1[c:4]([c:3]([c:2]([c:7]([c:6]1[H:12])[H:13])[O:1][H:8])[H:9])[H:10],,
6,-0.3843183778056945,RESP2,hf/6-31g*,1.0,1.0,C,resp2,7,[H:11][c:5]1[c:4]([c:3]([c:2]([c:7]([c:6]1[H:12])[H:13])[O:1][H:8])[H:9])[H:10],,
7,0.4442244288280695,RESP2,hf/6-31g*,1.0,1.0,H,resp2,8,[H:11][c:5]1[c:4]([c:3]([c:2]([c:7]([c:6]1[H:12])[H:13])[O:1][H:8])[H:9])[H:10],,
8,0.1866582653161017,RESP2,hf/6-31g*,1.0,1.0,H,resp2,9,[H:11][c:5]1[c:4]([c:3]([c:2]([c:7]([c:6]1[H:12])[H:13])[O:1][H:8])[H:9])[H:10],,
9,0.1452130086158196,RESP2,hf/6-31g*,1.0,1.0,H,resp2,10,[H:11][c:5]1[c:4]([c:3]([c:2]([c:7]([c:6]1[H:12])[H:13])[O:1][H:8])[H:9])[H:10],,
10,0.1742782443941971,RESP2,hf/6-31g*,1.0,1.0,H,resp2,11,[H:11][c:5]1[c:4]([c:3]([c:2]([c:7]([c:6]1[H:12])[H:13])[O:1][H:8])[H:9])[H:10],,
11,0.142750005379566,RESP2,hf/6-31g*,1.0,1.0,H,resp2,12,[H:11][c:5]1[c:4]([c:3]([c:2]([c:7]([c:6]1[H:12])[H:13])[O:1][H:8])[H:9])[H:10],,
12,0.1815275241094444,RESP2,hf/6-31g*,1.0,1.0,H,resp2,13,[H:11][c:5]1[c:4]([c:3]([c:2]([c:7]([c:6]1[H:12])[H:13])[O:1][H:8])[H:9])[H:10],,
0,-0.6424048810638798,RESP2,hf/6-31g*,,0.0,O,resp2,1,[H:11][c:5]1[c:4]([c:3]([c:2]([c:7]([c:6]1[H:12])[H:13])[O:1][H:8])[H:9])[H:10],,
1,0.5602928937612676,RESP2,hf/6-31g*,,0.0,C,resp2,2,[H:11][c:5]1[c:4]([c:3]([c:2]([c:7]([c:6]1[H:12])[H:13])[O:1][H:8])[H:9])[H:10],,
2,-0.3802029762293274,RESP2,hf/6-31g*,,0.0,C,resp2,3,[H:11][c:5]1[c:4]([c:3]([c:2]([c:7]([c:6]1[H:12])[H:13])[O:1][H:8])[H:9])[H:10],,
3,-0.0320513575491481,RESP2,hf/6-31g*,,0.0,C,resp2,4,[H:11][c:5]1[c:4]([c:3]([c:2]([c:7]([c:6]1[H:12])[H:13])[O:1][H:8])[H:9])[H:10],,
4,-0.2976091515585399,RESP2,hf/6-31g*,,0.0,C,resp2,5,[H:11][c:5]1[c:4]([c:3]([c:2]([c:7]([c:6]1[H:12])[H:13])[O:1][H:8])[H:9])[H:10],,
5,-0.0337473432959534,RESP2,hf/6-31g*,,0.0,C,resp2,6,[H:11][c:5]1[c:4]([c:3]([c:2]([c:7]([c:6]1[H:12])[H:13])[O:1][H:8])[H:9])[H:10],,
6,-0.3799069709544293,RESP2,hf/6-31g*,,0.0,C,resp2,7,[H:11][c:5]1[c:4]([c:3]([c:2]([c:7]([c:6]1[H:12])[H:13])[O:1][H:8])[H:9])[H:10],,
7,0.4040830022407908,RESP2,hf/6-31g*,,0.0,H,resp2,8,[H:11][c:5]1[c:4]([c:3]([c:2]([c:7]([c:6]1[H:12])[H:13])[O:1][H:8])[H:9])[H:10],,
8,0.1768880097900374,RESP2,hf/6-31g*,,0.0,H,resp2,9,[H:11][c:5]1[c:4]([c:3]([c:2]([c:7]([c:6]1[H:12])[H:13])[O:1][H:8])[H:9])[H:10],,
9,0.1377734216156579,RESP2,hf/6-31g*,,0.0,H,resp2,10,[H:11][c:5]1[c:4]([c:3]([c:2]([c:7]([c:6]1[H:12])[H:13])[O:1][H:8])[H:9])[H:10],,
10,0.1719302864968176,RESP2,hf/6-31g*,,0.0,H,resp2,11,[H:11][c:5]1[c:4]([c:3]([c:2]([c:7]([c:6]1[H:12])[H:13])[O:1][H:8])[H:9])[H:10],,
11,0.1383700730419996,RESP2,hf/6-31g*,,0.0,H,resp2,12,[H:11][c:5]1[c:4]([c:3]([c:2]([c:7]([c:6]1[H:12])[H:13])[O:1][H:8])[H:9])[H:10],,
12,0.1765849937047071,RESP2,hf/6-31g*,,0.0,H,resp2,13,[H:11][c:5]1[c:4]([c:3]([c:2]([c:7]([c:6]1[H:12])[H:13])[O:1][H:8])[H:9])[H:10],,
0,-0.6452731337675421,RESP2,hf/6-31g*,,0.05,O,resp2,1,[H:11][c:5]1[c:4]([c:3]([c:2]([c:7]([c:6]1[H:12])[H:13])[O:1][H:8])[H:9])[H:10],,
1,0.5608363885444071,RESP2,hf/6-31g*,,0.05,C,resp2,2,[H:11][c:5]1[c:4]([c:3]([c:2]([c:7]([c:6]1[H:12])[H:13])[O:1][H:8])[H:9])[H:10],,
2,-0.3805809659791819,RESP2,hf/6-31g*,,0.05,C,resp2,3,[H:11][c:5]1[c:4]([c:3]([c:2]([c:7]([c:6]1[H:12])[H:13])[O:1][H:8])[H:9])[H:10],,
3,-0.0325033240171458,RESP2,hf/6-31g*,,0.05,C,resp2,4,[H:11][c:5]1[c:4]([c:3]([c:2]([c:7]([c:6]1[H:12])[H:13])[O:1][H:8])[H:9])[H:10],,
4,-0.2973634217935419,RESP2,hf/6-31g*,,0.05,C,resp2,5,[H:11][c:5]1[c:4]([c:3]([c:2]([c:7]([c:6]1[H:12])[H:13])[O:1][H:8])[H:9])[H:10],,
5,-0.0340688731032071,RESP2,hf/6-31g*,,0.05,C,resp2,6,[H:11][c:5]1[c:4]([c:3]([c:2]([c:7]([c:6]1[H:12])[H:13])[O:1][H:8])[H:9])[H:10],,
6,-0.3801275413133341,RESP2,hf/6-31g*,,0.05,C,resp2,7,[H:11][c:5]1[c:4]([c:3]([c:2]([c:7]([c:6]1[H:12])[H:13])[O:1][H:8])[H:9])[H:10],,
7,0.4060900735780708,RESP2,hf/6-31g*,,0.05,H,resp2,8,[H:11][c:5]1[c:4]([c:3]([c:2]([c:7]([c:6]1[H:12])[H:13])[O:1][H:8])[H:9])[H:10],,
8,0.1773765225687328,RESP2,hf/6-31g*,,0.05,H,resp2,9,[H:11][c:5]1[c:4]([c:3]([c:2]([c:7]([c:6]1[H:12])[H:13])[O:1][H:8])[H:9])[H:10],,
9,0.1381454009931175,RESP2,hf/6-31g*,,0.05,H,resp2,10,[H:11][c:5]1[c:4]([c:3]([c:2]([c:7]([c:6]1[H:12])[H:13])[O:1][H:8])[H:9])[H:10],,
10,0.1720476844039239,RESP2,hf/6-31g*,,0.05,H,resp2,11,[H:11][c:5]1[c:4]([c:3]([c:2]([c:7]([c:6]1[H:12])[H:13])[O:1][H:8])[H:9])[H:10],,
11,0.1385890696582104,RESP2,hf/6-31g*,,0.05,H,resp2,12,[H:11][c:5]1[c:4]([c:3]([c:2]([c:7]([c:6]1[H:12])[H:13])[O:1][H:8])[H:9])[H:10],,
12,0.1768321202274905,RESP2,hf/6-31g*,,0.05,H,resp2,13,[H:11][c:5]1[c:4]([c:3]([c:2]([c:7]([c:6]1[H:12])[H:13])[O:1][H:8])[H:9])[H:10],,
0,-0.6481413864712046,RESP2,hf/6-31g*,,0.1,O,resp2,1,[H:11][c:5]1[c:4]([c:3]([c:2]([c:7]([c:6]1[H:12])[H:13])[O:1][H:8])[H:9])[H:10],,
1,0.5613798833275468,RESP2,hf/6-31g*,,0.1,C,resp2,2,[H:11][c:5]1[c:4]([c:3]([c:2]([c:7]([c:6]1[H:12])[H:13])[O:1][H:8])[H:9])[H:10],,
2,-0.3809589557290365,RESP2,hf/6-31g*,,0.1,C,resp2,3,[H:11][c:5]1[c:4]([c:3]([c:2]([c:7]([c:6]1[H:12])[H:13])[O:1][H:8])[H:9])[H:10],,
3,-0.0329552904851435,RESP2,hf/6-31g*,,0.1,C,resp2,4,[H:11][c:5]1[c:4]([c:3]([c:2]([c:7]([c:6]1[H:12])[H:13])[O:1][H:8])[H:9])[H:10],,
4,-0.2971176920285439,RESP2,hf/6-31g*,,0.1,C,resp2,5,[H:11][c:5]1[c:4]([c:3]([c:2]([c:7]([c:6]1[H:12])[H:13])[O:1][H:8])[H:9])[H:10],,
5,-0.0343904029104609,RESP2,hf/6-31g*,,0.1,C,resp2,6,[H:11][c:5]1[c:4]([c:3]([c:2]([c:7]([c:6]1[H:12])[H:13])[O:1][H:8])[H:9])[H:10],,
6,-0.380348111672239,RESP2,hf/6-31g*,,0.1,C,resp2,7,[H:11][c:5]1[c:4]([c:3]([c:2]([c:7]([c:6]1[H:12])[H:13])[O:1][H:8])[H:9])[H:10],,
7,0.4080971449153509,RESP2,hf/6-31g*,,0.1,H,resp2,8,[H:11][c:5]1[c:4]([c:3]([c:2]([c:7]([c:6]1[H:12])[H:13])[O:1][H:8])[H:9])[H:10],,
8,0.1778650353474283,RESP2,hf/6-31g*,,0.1,H,resp2,9,[H:11][c:5]1[c:4]([c:3]([c:2]([c:7]([c:6]1[H:12])[H:13])[O:1][H:8])[H:9])[H:10],,
9,0.1385173803705771,RESP2,hf/6-31g*,,0.1,H,resp2,10,[H:11][c:5]1[c:4]([c:3]([c:2]([c:7]([c:6]1[H:12])[H:13])[O:1][H:8])[H:9])[H:10],,
10,0.1721650823110302,RESP2,hf/6-31g*,,0.1,H,resp2,11,[H:11][c:5]1[c:4]([c:3]([c:2]([c:7]([c:6]1[H:12])[H:13])[O:1][H:8])[H:9])[H:10],,
11,0.1388080662744211,RESP2,hf/6-31g*,,0.1,H,resp2,12,[H:11][c:5]1[c:4]([c:3]([c:2]([c:7]([c:6]1[H:12])[H:13])[O:1][H:8])[H:9])[H:10],,
12,0.1770792467502739,RESP2,hf/6-31g*,,0.1,H,resp2,13,[H:11][c:5]1[c:4]([c:3]([c:2]([c:7]([c:6]1[H:12])[H:13])[O:1][H:8])[H:9])[H:10],,
0,-0.6510096391748669,RESP2,hf/6-31g*,,0.15,O,resp2,1,[H:11][c:5]1[c:4]([c:3]([c:2]([c:7]([c:6]1[H:12])[H:13])[O:1][H:8])[H:9])[H:10],,
1,0.5619233781106863,RESP2,hf/6-31g*,,0.15,C,resp2,2,[H:11][c:5]1[c:4]([c:3]([c:2]([c:7]([c:6]1[H:12])[H:13])[O:1][H:8])[H:9])[H:10],,
2,-0.3813369454788909,RESP2,hf/6-31g*,,0.15,C,resp2,3,[H:11][c:5]1[c:4]([c:3]([c:2]([c:7]([c:6]1[H:12])[H:13])[O:1][H:8])[H:9])[H:10],,
3,-0.0334072569531412,RESP2,hf/6-31g*,,0.15,C,resp2,4,[H:11][c:5]1[c:4]([c:3]([c:2]([c:7]([c:6]1[H:12])[H:13])[O:1][H:8])[H:9])[H:10],,
4,-0.2968719622635459,RESP2,hf/6-31g*,,0.15,C,resp2,5,[H:11][c:5]1[c:4]([c:3]([c:2]([c:7]([c:6]1[H:12])[H:13])[O:1][H:8])[H:9])[H:10],,
5,-0.0347119327177147,RESP2,hf/6-31g*,,0.15,C,resp2,6,[H:11][c:5]1[c:4]([c:3]([c:2]([c:7]([c:6]1[H:12])[H:13])[O:1][H:8])[H:9])[H:10],,
6,-0.3805686820311438,RESP2,hf/6-31g*,,0.15,C,resp2,7,[H:11][c:5]1[c:4]([c:3]([c:2]([c:7]([c:6]1[H:12])[H:13])[O:1][H:8])[H:9])[H:10],,
7,0.4101042162526309,RESP2,hf/6-31g*,,0.15,H,resp2,8,[H:11][c:5]1[c:4]([c:3]([c:2]([c:7]([c:6]1[H:12])[H:13])[O:1][H:8])[H:9])[H:10],,
8,0.1783535481261237,RESP2,hf/6-31g*,,0.15,H,resp2,9,[H:11][c:5]1[c:4]([c:3]([c:2]([c:7]([c:6]1[H:12])[H:13])[O:1][H:8])[H:9])[H:10],,
9,0.1388893597480368,RESP2,hf/6-31g*,,0.15,H,resp2,10,[H:11][c:5]1[c:4]([c:3]([c:2]([c:7]([c:6]1[H:12])[H:13])[O:1][H:8])[H:9])[H:10],,
10,0.1722824802181364,RESP2,hf/6-31g*,,0.15,H,resp2,11,[H:11][c:5]1[c:4]([c:3]([c:2]([c:7]([c:6]1[H:12])[H:13])[O:1][H:8])[H:9])[H:10],,
11,0.1390270628906319,RESP2,hf/6-31g*,,0.15,H,resp2,12,[H:11][c:5]1[c:4]([c:3]([c:2]([c:7]([c:6]1[H:12])[H:13])[O:1][H:8])[H:9])[H:10],,
12,0.1773263732730573,RESP2,hf/6-31g*,,0.15,H,resp2,13,[H:11][c:5]1[c:4]([c:3]([c:2]([c:7]([c:6]1[H:12])[H:13])[O:1][H:8])[H:9])[H:10],,
0,-0.6538778918785292,RESP2,hf/6-31g*,,0.2,O,resp2,1,[H:11][c:5]1[c:4]([c:3]([c:2]([c:7]([c:6]1[H:12])[H:13])[O:1][H:8])[H:9])[H:10],,
1,0.562466872893826,RESP2,hf/6-31g*,,0.2,C,resp2,2,[H:11][c:5]1[c:4]([c:3]([c:2]([c:7]([c:6]1[H:12])[H:13])[O:1][H:8])[H:9])[H:10],,
2,-0.3817149352287454,RESP2,hf/6-31g*,,0.2,C,resp2,3,[H:11][c:5]1[c:4]([c:3]([c:2]([c:7]([c:6]1[H:12])[H:13])[O:1][H:8])[H:9])[H:10],,
3,-0.0338592234211389,RESP2,hf/6-31g*,,0.2,C,resp2,4,[H:11][c:5]1[c:4]([c:3]([c:2]([c:7]([c:6]1[H:12])[H:13])[O:1][H:8])[H:9])[H:10],,
4,-0.2966262324985479,RESP2,hf/6-31g*,,0.2,C,resp2,5,[H:11][c:5]1[c:4]([c:3]([c:2]([c:7]([c:6]1[H:12])[H:13])[O:1][H:8])[H:9])[H:10],,
5,-0.0350334625249684,RESP2,hf/6-31g*,,0.2,C,resp2,6,[H:11][c:5]1[c:4]([c:3]([c:2]([c:7]([c:6]1[H:12])[H:13])[O:1][H:8])[H:9])[H:10],,
6,-0.3807892523900487,RESP2,hf/6-31g*,,0.2,C,resp2,7,[H:11][c:5]1[c:4]([c:3]([c:2]([c:7]([c:6]1[H:12])[H:13])[O:1][H:8])[H:9])[H:10],,
7,0.4121112875899109,RESP2,hf/6-31g*,,0.2,H,resp2,8,[H:11][c:5]1[c:4]([c:3]([c:2]([c:7]([c:6]1[H:12])[H:13])[O:1][H:8])[H:9])[H:10],,
8,0.1788420609048192,RESP2,hf/6-31g*,,0.2,H,resp2,9,[H:11][c:5]1[c:4]([c:3]([c:2]([c:7]([c:6]1[H:12])[H:13])[O:1][H:8])[H:9])[H:10],,
9,0.1392613391254964,RESP2,hf/6-31g*,,0.2,H,resp2,10,[H:11][c:5]1[c:4]([c:3]([c:2]([c:7]([c:6]1[H:12])[H:13])[O:1][H:8])[H:9])[H:10],,
10,0.1723998781252427,RESP2,hf/6-31g*,,0.2,H,resp2,11,[H:11][c:5]1[c:4]([c:3]([c:2]([c:7]([c:6]1[H:12])[H:13])[O:1][H:8])[H:9])[H:10],,
11,0.1392460595068426,RESP2,hf/6-31g*,,0.2,H,resp2,12,[H:11][c:5]1[c:4]([c:3]([c:2]([c:7]([c:6]1[H:12])[H:13])[O:1][H:8])[H:9])[H:10],,
12,0.1775734997958407,RESP2,hf/6-31g*,,0.2,H,resp2,13,[H:11][c:5]1[c:4]([c:3]([c:2]([c:7]([c:6]1[H:12])[H:13])[O:1][H:8])[H:9])[H:10],,
0,-0.6567461445821915,RESP2,hf/6-31g*,,0.25,O,resp2,1,[H:11][c:5]1[c:4]([c:3]([c:2]([c:7]([c:6]1[H:12])[H:13])[O:1][H:8])[H:9])[H:10],,
1,0.5630103676769656,RESP2,hf/6-31g*,,0.25,C,resp2,2,[H:11][c:5]1[c:4]([c:3]([c:2]([c:7]([c:6]1[H:12])[H:13])[O:1][H:8])[H:9])[H:10],,
2,-0.3820929249785999,RESP2,hf/6-31g*,,0.25,C,resp2,3,[H:11][c:5]1[c:4]([c:3]([c:2]([c:7]([c:6]1[H:12])[H:13])[O:1][H:8])[H:9])[H:10],,
3,-0.0343111898891366,RESP2,hf/6-31g*,,0.25,C,resp2,4,[H:11][c:5]1[c:4]([c:3]([c:2]([c:7]([c:6]1[H:12])[H:13])[O:1][H:8])[H:9])[H:10],,
4,-0.29638050273355,RESP2,hf/6-31g*,,0.25,C,resp2,5,[H:11][c:5]1[c:4]([c:3]([c:2]([c:7]([c:6]1[H:12])[H:13])[O:1][H:8])[H:9])[H:10],,
5,-0.0353549923322222,RESP2,hf/6-31g*,,0.25,C,resp2,6,[H:11][c:5]1[c:4]([c:3]([c:2]([c:7]([c:6]1[H:12])[H:13])[O:1][H:8])[H:9])[H:10],,
6,-0.3810098227489535,RESP2,hf/6-31g*,,0.25,C,resp2,7,[H:11][c:5]1[c:4]([c:3]([c:2]([c:7]([c:6]1[H:12])[H:13])[O:1][H:8])[H:9])[H:10],,
7,0.4141183589271909,RESP2,hf/6-31g*,,0.25,H,resp2,8,[H:11][c:5]1[c:4]([c:3]([c:2]([c:7]([c:6]1[H:12])[H:13])[O:1][H:8])[H:9])[H:10],,
8,0.1793305736835145,RESP2,hf/6-31g*,,0.25,H,resp2,9,[H:11][c:5]1[c:4]([c:3]([c:2]([c:7]([c:6]1[H:12])[H:13])[O:1][H:8])[H:9])[H:10],,
9,0.139633318502956,RESP2,hf/6-31g*,,0.25,H,resp2,10,[H:11][c:5]1[c:4]([c:3]([c:2]([c:7]([c:6]1[H:12])[H:13])[O:1][H:8])[H:9])[H:10],,
10,0.172517276032349,RESP2,hf/6-31g*,,0.25,H,resp2,11,[H:11][c:5]1[c:4]([c:3]([c:2]([c:7]([c:6]1[H:12])[H:13])[O:1][H:8])[H:9])[H:10],,
11,0.1394650561230534,RESP2,hf/6-31g*,,0.25,H,resp2,12,[H:11][c:5]1[c:4]([c:3]([c:2]([c:7]([c:6]1[H:12])[H:13])[O:1][H:8])[H:9])[H:10],,
12,0.1778206263186241,RESP2,hf/6-31g*,,0.25,H,resp2,13,[H:11][c:5]1[c:4]([c:3]([c:2]([c:7]([c:6]1[H:12])[H:13])[O:1][H:8])[H:9])[H:10],,
0,-0.6596143972858538,RESP2,hf/6-31g*,,0.3,O,resp2,1,[H:11][c:5]1[c:4]([c:3]([c:2]([c:7]([c:6]1[H:12])[H:13])[O:1][H:8])[H:9])[H:10],,
1,0.5635538624601052,RESP2,hf/6-31g*,,0.3,C,resp2,2,[H:11][c:5]1[c:4]([c:3]([c:2]([c:7]([c:6]1[H:12])[H:13])[O:1][H:8])[H:9])[H:10],,
2,-0.3824709147284544,RESP2,hf/6-31g*,,0.3,C,resp2,3,[H:11][c:5]1[c:4]([c:3]([c:2]([c:7]([c:6]1[H:12])[H:13])[O:1][H:8])[H:9])[H:10],,
3,-0.0347631563571343,RESP2,hf/6-31g*,,0.3,C,resp2,4,[H:11][c:5]1[c:4]([c:3]([c:2]([c:7]([c:6]1[H:12])[H:13])[O:1][H:8])[H:9])[H:10],,
4,-0.296134772968552,RESP2,hf/6-31g*,,0.3,C,resp2,5,[H:11][c:5]1[c:4]([c:3]([c:2]([c:7]([c:6]1[H:12])[H:13])[O:1][H:8])[H:9])[H:10],,
5,-0.035676522139476,RESP2,hf/6-31g*,,0.3,C,resp2,6,[H:11][c:5]1[c:4]([c:3]([c:2]([c:7]([c:6]1[H:12])[H:13])[O:1][H:8])[H:9])[H:10],,
6,-0.3812303931078583,RESP2,hf/6-31g*,,0.3,C,resp2,7,[H:11][c:5]1[c:4]([c:3]([c:2]([c:7]([c:6]1[H:12])[H:13])[O:1][H:8])[H:9])[H:10],,
7,0.4161254302644709,RESP2,hf/6-31g*,,0.3,H,resp2,8,[H:11][c:5]1[c:4]([c:3]([c:2]([c:7]([c:6]1[H:12])[H:13])[O:1][H:8])[H:9])[H:10],,
8,0.17981908646221,RESP2,hf/6-31g*,,0.3,H,resp2,9,[H:11][c:5]1[c:4]([c:3]([c:2]([c:7]([c:6]1[H:12])[H:13])[O:1][H:8])[H:9])[H:10],,
9,0.1400052978804156,RESP2,hf/6-31g*,,0.3,H,resp2,10,[H:11][c:5]1[c:4]([c:3]([c:2]([c:7]([c:6]1[H:12])[H:13])[O:1][H:8])[H:9])[H:10],,
10,0.1726346739394553,RESP2,hf/6-31g*,,0.3,H,resp2,11,[H:11][c:5]1[c:4]([c:3]([c:2]([c:7]([c:6]1[H:12])[H:13])[O:1][H:8])[H:9])[H:10],,
11,0.1396840527392641,RESP2,hf/6-31g*,,0.3,H,resp2,12,[H:11][c:5]1[c:4]([c:3]([c:2]([c:7]([c:6]1[H:12])[H:13])[O:1][H:8])[H:9])[H:10],,
12,0.1780677528414075,RESP2,hf/6-31g*,,0.3,H,resp2,13,[H:11][c:5]1[c:4]([c:3]([c:2]([c:7]([c:6]1[H:12])[H:13])[O:1][H:8])[H:9])[H:10],,
0,-0.6624826499895161,RESP2,hf/6-31g*,,0.35,O,resp2,1,[H:11][c:5]1[c:4]([c:3]([c:2]([c:7]([c:6]1[H:12])[H:13])[O:1][H:8])[H:9])[H:10],,
1,0.5640973572432448,RESP2,hf/6-31g*,,0.35,C,resp2,2,[H:11][c:5]1[c:4]([c:3]([c:2]([c:7]([c:6]1[H:12])[H:13])[O:1][H:8])[H:9])[H:10],,
2,-0.3828489044783089,RESP2,hf/6-31g*,,0.35,C,resp2,3,[H:11][c:5]1[c:4]([c:3]([c:2]([c:7]([c:6]1[H:12])[H:13])[O:1][H:8])[H:9])[H:10],,
3,-0.035215122825132,RESP2,hf/6-31g*,,0.35,C,resp2,4,[H:11][c:5]1[c:4]([c:3]([c:2]([c:7]([c:6]1[H:12])[H:13])[O:1][H:8])[H:9])[H:10],,
4,-0.295889043203554,RESP2,hf/6-31g*,,0.35,C,resp2,5,[H:11][c:5]1[c:4]([c:3]([c:2]([c:7]([c:6]1[H:12])[H:13])[O:1][H:8])[H:9])[H:10],,
5,-0.0359980519467297,RESP2,hf/6-31g*,,0.35,C,resp2,6,[H:11][c:5]1[c:4]([c:3]([c:2]([c:7]([c:6]1[H:12])[H:13])[O:1][H:8])[H:9])[H:10],,
6,-0.3814509634667631,RESP2,hf/6-31g*,,0.35,C,resp2,7,[H:11][c:5]1[c:4]([c:3]([c:2]([c:7]([c:6]1[H:12])[H:13])[O:1][H:8])[H:9])[H:10],,
7,0.4181325016017509,RESP2,hf/6-31g*,,0.35,H,resp2,8,[H:11][c:5]1[c:4]([c:3]([c:2]([c:7]([c:6]1[H:12])[H:13])[O:1][H:8])[H:9])[H:10],,
8,0.1803075992409054,RESP2,hf/6-31g*,,0.35,H,resp2,9,[H:11][c:5]1[c:4]([c:3]([c:2]([c:7]([c:6]1[H:12])[H:13])[O:1][H:8])[H:9])[H:10],,
9,0.1403772772578753,RESP2,hf/6-31g*,,0.35,H,resp2,10,[H:11][c:5]1[c:4]([c:3]([c:2]([c:7]([c:6]1[H:12])[H:13])[O:1][H:8])[H:9])[H:10],,
10,0.1727520718465615,RESP2,hf/6-31g*,,0.35,H,resp2,11,[H:11][c:5]1[c:4]([c:3]([c:2]([c:7]([c:6]1[H:12])[H:13])[O:1][H:8])[H:9])[H:10],,
11,0.1399030493554749,RESP2,hf/6-31g*,,0.35,H,resp2,12,[H:11][c:5]1[c:4]([c:3]([c:2]([c:7]([c:6]1[H:12])[H:13])[O:1][H:8])[H:9])[H:10],,
12,0.178314879364191,RESP2,hf/6-31g*,,0.35,H,resp2,13,[H:11][c:5]1[c:4]([c:3]([c:2]([c:7]([c:6]1[H:12])[H:13])[O:1][H:8])[H:9])[H:10],,
0,-0.6653509026931785,RESP2,hf/6-31g*,,0.4,O,resp2,1,[H:11][c:5]1[c:4]([c:3]([c:2]([c:7]([c:6]1[H:12])[H:13])[O:1][H:8])[H:9])[H:10],,
1,0.5646408520263844,RESP2,hf/6-31g*,,0.4,C,resp2,2,[H:11][c:5]1[c:4]([c:3]([c:2]([c:7]([c:6]1[H:12])[H:13])[O:1][H:8])[H:9])[H:10],,
2,-0.3832268942281635,RESP2,hf/6-31g*,,0.4,C,resp2,3,[H:11][c:5]1[c:4]([c:3]([c:2]([c:7]([c:6]1[H:12])[H:13])[O:1][H:8])[H:9])[H:10],,
3,-0.0356670892931297,RESP2,hf/6-31g*,,0.4,C,resp2,4,[H:11][c:5]1[c:4]([c:3]([c:2]([c:7]([c:6]1[H:12])[H:13])[O:1][H:8])[H:9])[H:10],,
4,-0.2956433134385561,RESP2,hf/6-31g*,,0.4,C,resp2,5,[H:11][c:5]1[c:4]([c:3]([c:2]([c:7]([c:6]1[H:12])[H:13])[O:1][H:8])[H:9])[H:10],,
5,-0.0363195817539835,RESP2,hf/6-31g*,,0.4,C,resp2,6,[H:11][c:5]1[c:4]([c:3]([c:2]([c:7]([c:6]1[H:12])[H:13])[O:1][H:8])[H:9])[H:10],,
6,-0.381671533825668,RESP2,hf/6-31g*,,0.4,C,resp2,7,[H:11][c:5]1[c:4]([c:3]([c:2]([c:7]([c:6]1[H:12])[H:13])[O:1][H:8])[H:9])[H:10],,
7,0.4201395729390309,RESP2,hf/6-31g*,,0.4,H,resp2,8,[H:11][c:5]1[c:4]([c:3]([c:2]([c:7]([c:6]1[H:12])[H:13])[O:1][H:8])[H:9])[H:10],,
8,0.1807961120196009,RESP2,hf/6-31g*,,0.4,H,resp2,9,[H:11][c:5]1[c:4]([c:3]([c:2]([c:7]([c:6]1[H:12])[H:13])[O:1][H:8])[H:9])[H:10],,
9,0.1407492566353349,RESP2,hf/6-31g*,,0.4,H,resp2,10,[H:11][c:5]1[c:4]([c:3]([c:2]([c:7]([c:6]1[H:12])[H:13])[O:1][H:8])[H:9])[H:10],,
10,0.1728694697536678,RESP2,hf/6-31g*,,0.4,H,resp2,11,[H:11][c:5]1[c:4]([c:3]([c:2]([c:7]([c:6]1[H:12])[H:13])[O:1][H:8])[H:9])[H:10],,
11,0.1401220459716857,RESP2,hf/6-31g*,,0.4,H,resp2,12,[H:11][c:5]1[c:4]([c:3]([c:2]([c:7]([c:6]1[H:12])[H:13])[O:1][H:8])[H:9])[H:10],,
12,0.1785620058869744,RESP2,hf/6-31g*,,0.4,H,resp2,13,[H:11][c:5]1[c:4]([c:3]([c:2]([c:7]([c:6]1[H:12])[H:13])[O:1][H:8])[H:9])[H:10],,
0,-0.6682191553968408,RESP2,hf/6-31g*,,0.45,O,resp2,1,[H:11][c:5]1[c:4]([c:3]([c:2]([c:7]([c:6]1[H:12])[H:13])[O:1][H:8])[H:9])[H:10],,
1,0.5651843468095241,RESP2,hf/6-31g*,,0.45,C,resp2,2,[H:11][c:5]1[c:4]([c:3]([c:2]([c:7]([c:6]1[H:12])[H:13])[O:1][H:8])[H:9])[H:10],,
2,-0.3836048839780179,RESP2,hf/6-31g*,,0.45,C,resp2,3,[H:11][c:5]1[c:4]([c:3]([c:2]([c:7]([c:6]1[H:12])[H:13])[O:1][H:8])[H:9])[H:10],,
3,-0.0361190557611274,RESP2,hf/6-31g*,,0.45,C,resp2,4,[H:11][c:5]1[c:4]([c:3]([c:2]([c:7]([c:6]1[H:12])[H:13])[O:1][H:8])[H:9])[H:10],,
4,-0.295397583673558,RESP2,hf/6-31g*,,0.45,C,resp2,5,[H:11][c:5]1[c:4]([c:3]([c:2]([c:7]([c:6]1[H:12])[H:13])[O:1][H:8])[H:9])[H:10],,
5,-0.0366411115612373,RESP2,hf/6-31g*,,0.45,C,resp2,6,[H:11][c:5]1[c:4]([c:3]([c:2]([c:7]([c:6]1[H:12])[H:13])[O:1][H:8])[H:9])[H:10],,
6,-0.3818921041845728,RESP2,hf/6-31g*,,0.45,C,resp2,7,[H:11][c:5]1[c:4]([c:3]([c:2]([c:7]([c:6]1[H:12])[H:13])[O:1][H:8])[H:9])[H:10],,
7,0.422146644276311,RESP2,hf/6-31g*,,0.45,H,resp2,8,[H:11][c:5]1[c:4]([c:3]([c:2]([c:7]([c:6]1[H:12])[H:13])[O:1][H:8])[H:9])[H:10],,
8,0.1812846247982963,RESP2,hf/6-31g*,,0.45,H,resp2,9,[H:11][c:5]1[c:4]([c:3]([c:2]([c:7]([c:6]1[H:12])[H:13])[O:1][H:8])[H:9])[H:10],,
9,0.1411212360127946,RESP2,hf/6-31g*,,0.45,H,resp2,10,[H:11][c:5]1[c:4]([c:3]([c:2]([c:7]([c:6]1[H:12])[H:13])[O:1][H:8])[H:9])[H:10],,
10,0.1729868676607741,RESP2,hf/6-31g*,,0.45,H,resp2,11,[H:11][c:5]1[c:4]([c:3]([c:2]([c:7]([c:6]1[H:12])[H:13])[O:1][H:8])[H:9])[H:10],,
11,0.1403410425878964,RESP2,hf/6-31g*,,0.45,H,resp2,12,[H:11][c:5]1[c:4]([c:3]([c:2]([c:7]([c:6]1[H:12])[H:13])[O:1][H:8])[H:9])[H:10],,
12,0.1788091324097578,RESP2,hf/6-31g*,,0.45,H,resp2,13,[H:11][c:5]1[c:4]([c:3]([c:2]([c:7]([c:6]1[H:12])[H:13])[O:1][H:8])[H:9])[H:10],,
0,-0.6710874081005032,RESP2,hf/6-31g*,,0.5,O,resp2,1,[H:11][c:5]1[c:4]([c:3]([c:2]([c:7]([c:6]1[H:12])[H:13])[O:1][H:8])[H:9])[H:10],,
1,0.5657278415926635,RESP2,hf/6-31g*,,0.5,C,resp2,2,[H:11][c:5]1[c:4]([c:3]([c:2]([c:7]([c:6]1[H:12])[H:13])[O:1][H:8])[H:9])[H:10],,
2,-0.3839828737278724,RESP2,hf/6-31g*,,0.5,C,resp2,3,[H:11][c:5]1[c:4]([c:3]([c:2]([c:7]([c:6]1[H:12])[H:13])[O:1][H:8])[H:9])[H:10],,
3,-0.0365710222291251,RESP2,hf/6-31g*,,0.5,C,resp2,4,[H:11][c:5]1[c:4]([c:3]([c:2]([c:7]([c:6]1[H:12])[H:13])[O:1][H:8])[H:9])[H:10],,
4,-0.2951518539085601,RESP2,hf/6-31g*,,0.5,C,resp2,5,[H:11][c:5]1[c:4]([c:3]([c:2]([c:7]([c:6]1[H:12])[H:13])[O:1][H:8])[H:9])[H:10],,
5,-0.036962641368491,RESP2,hf/6-31g*,,0.5,C,resp2,6,[H:11][c:5]1[c:4]([c:3]([c:2]([c:7]([c:6]1[H:12])[H:13])[O:1][H:8])[H:9])[H:10],,
6,-0.3821126745434776,RESP2,hf/6-31g*,,0.5,C,resp2,7,[H:11][c:5]1[c:4]([c:3]([c:2]([c:7]([c:6]1[H:12])[H:13])[O:1][H:8])[H:9])[H:10],,
7,0.4241537156135909,RESP2,hf/6-31g*,,0.5,H,resp2,8,[H:11][c:5]1[c:4]([c:3]([c:2]([c:7]([c:6]1[H:12])[H:13])[O:1][H:8])[H:9])[H:10],,
8,0.1817731375769917,RESP2,hf/6-31g*,,0.5,H,resp2,9,[H:11][c:5]1[c:4]([c:3]([c:2]([c:7]([c:6]1[H:12])[H:13])[O:1][H:8])[H:9])[H:10],,
9,0.1414932153902542,RESP2,hf/6-31g*,,0.5,H,resp2,10,[H:11][c:5]1[c:4]([c:3]([c:2]([c:7]([c:6]1[H:12])[H:13])[O:1][H:8])[H:9])[H:10],,
10,0.1731042655678804,RESP2,hf/6-31g*,,0.5,H,resp2,11,[H:11][c:5]1[c:4]([c:3]([c:2]([c:7]([c:6]1[H:12])[H:13])[O:1][H:8])[H:9])[H:10],,
11,0.1405600392041072,RESP2,hf/6-31g*,,0.5,H,resp2,12,[H:11][c:5]1[c:4]([c:3]([c:2]([c:7]([c:6]1[H:12])[H:13])[O:1][H:8])[H:9])[H:10],,
12,0.1790562589325412,RESP2,hf/6-31g*,,0.5,H,resp2,13,[H:11][c:5]1[c:4]([c:3]([c:2]([c:7]([c:6]1[H:12])[H:13])[O:1][H:8])[H:9])[H:10],,
0,-0.6739556608041654,RESP2,hf/6-31g*,,0.55,O,resp2,1,[H:11][c:5]1[c:4]([c:3]([c:2]([c:7]([c:6]1[H:12])[H:13])[O:1][H:8])[H:9])[H:10],,
1,0.5662713363758033,RESP2,hf/6-31g*,,0.55,C,resp2,2,[H:11][c:5]1[c:4]([c:3]([c:2]([c:7]([c:6]1[H:12])[H:13])[O:1][H:8])[H:9])[H:10],,
2,-0.3843608634777269,RESP2,hf/6-31g*,,0.55,C,resp2,3,[H:11][c:5]1[c:4]([c:3]([c:2]([c:7]([c:6]1[H:12])[H:13])[O:1][H:8])[H:9])[H:10],,
3,-0.0370229886971228,RESP2,hf/6-31g*,,0.55,C,resp2,4,[H:11][c:5]1[c:4]([c:3]([c:2]([c:7]([c:6]1[H:12])[H:13])[O:1][H:8])[H:9])[H:10],,
4,-0.2949061241435621,RESP2,hf/6-31g*,,0.55,C,resp2,5,[H:11][c:5]1[c:4]([c:3]([c:2]([c:7]([c:6]1[H:12])[H:13])[O:1][H:8])[H:9])[H:10],,
5,-0.0372841711757448,RESP2,hf/6-31g*,,0.55,C,resp2,6,[H:11][c:5]1[c:4]([c:3]([c:2]([c:7]([c:6]1[H:12])[H:13])[O:1][H:8])[H:9])[H:10],,
6,-0.3823332449023824,RESP2,hf/6-31g*,,0.55,C,resp2,7,[H:11][c:5]1[c:4]([c:3]([c:2]([c:7]([c:6]1[H:12])[H:13])[O:1][H:8])[H:9])[H:10],,
7,0.4261607869508709,RESP2,hf/6-31g*,,0.55,H,resp2,8,[H:11][c:5]1[c:4]([c:3]([c:2]([c:7]([c:6]1[H:12])[H:13])[O:1][H:8])[H:9])[H:10],,
8,0.1822616503556871,RESP2,hf/6-31g*,,0.55,H,resp2,9,[H:11][c:5]1[c:4]([c:3]([c:2]([c:7]([c:6]1[H:12])[H:13])[O:1][H:8])[H:9])[H:10],,
9,0.1418651947677138,RESP2,hf/6-31g*,,0.55,H,resp2,10,[H:11][c:5]1[c:4]([c:3]([c:2]([c:7]([c:6]1[H:12])[H:13])[O:1][H:8])[H:9])[H:10],,
10,0.1732216634749867,RESP2,hf/6-31g*,,0.55,H,resp2,11,[H:11][c:5]1[c:4]([c:3]([c:2]([c:7]([c:6]1[H:12])[H:13])[O:1][H:8])[H:9])[H:10],,
11,0.1407790358203179,RESP2,hf/6-31g*,,0.55,H,resp2,12,[H:11][c:5]1[c:4]([c:3]([c:2]([c:7]([c:6]1[H:12])[H:13])[O:1][H:8])[H:9])[H:10],,
12,0.1793033854553246,RESP2,hf/6-31g*,,0.55,H,resp2,13,[H:11][c:5]1[c:4]([c:3]([c:2]([c:7]([c:6]1[H:12])[H:13])[O:1][H:8])[H:9])[H:10],,
0,-0.6768239135078277,RESP2,hf/6-31g*,,0.6000000000000001,O,resp2,1,[H:11][c:5]1[c:4]([c:3]([c:2]([c:7]([c:6]1[H:12])[H:13])[O:1][H:8])[H:9])[H:10],,
1,0.5668148311589429,RESP2,hf/6-31g*,,0.6000000000000001,C,resp2,2,[H:11][c:5]1[c:4]([c:3]([c:2]([c:7]([c:6]1[H:12])[H:13])[O:1][H:8])[H:9])[H:10],,
2,-0.3847388532275814,RESP2,hf/6-31g*,,0.6000000000000001,C,resp2,3,[H:11][c:5]1[c:4]([c:3]([c:2]([c:7]([c:6]1[H:12])[H:13])[O:1][H:8])[H:9])[H:10],,
3,-0.0374749551651205,RESP2,hf/6-31g*,,0.6000000000000001,C,resp2,4,[H:11][c:5]1[c:4]([c:3]([c:2]([c:7]([c:6]1[H:12])[H:13])[O:1][H:8])[H:9])[H:10],,
4,-0.2946603943785641,RESP2,hf/6-31g*,,0.6000000000000001,C,resp2,5,[H:11][c:5]1[c:4]([c:3]([c:2]([c:7]([c:6]1[H:12])[H:13])[O:1][H:8])[H:9])[H:10],,
5,-0.0376057009829986,RESP2,hf/6-31g*,,0.6000000000000001,C,resp2,6,[H:11][c:5]1[c:4]([c:3]([c:2]([c:7]([c:6]1[H:12])[H:13])[O:1][H:8])[H:9])[H:10],,
6,-0.3825538152612873,RESP2,hf/6-31g*,,0.6000000000000001,C,resp2,7,[H:11][c:5]1[c:4]([c:3]([c:2]([c:7]([c:6]1[H:12])[H:13])[O:1][H:8])[H:9])[H:10],,
7,0.4281678582881509,RESP2,hf/6-31g*,,0.6000000000000001,H,resp2,8,[H:11][c:5]1[c:4]([c:3]([c:2]([c:7]([c:6]1[H:12])[H:13])[O:1][H:8])[H:9])[H:10],,
8,0.1827501631343826,RESP2,hf/6-31g*,,0.6000000000000001,H,resp2,9,[H:11][c:5]1[c:4]([c:3]([c:2]([c:7]([c:6]1[H:12])[H:13])[O:1][H:8])[H:9])[H:10],,
9,0.1422371741451735,RESP2,hf/6-31g*,,0.6000000000000001,H,resp2,10,[H:11][c:5]1[c:4]([c:3]([c:2]([c:7]([c:6]1[H:12])[H:13])[O:1][H:8])[H:9])[H:10],,
10,0.1733390613820929,RESP2,hf/6-31g*,,0.6000000000000001,H,resp2,11,[H:11][c:5]1[c:4]([c:3]([c:2]([c:7]([c:6]1[H:12])[H:13])[O:1][H:8])[H:9])[H:10],,
11,0.1409980324365287,RESP2,hf/6-31g*,,0.6000000000000001,H,resp2,12,[H:11][c:5]1[c:4]([c:3]([c:2]([c:7]([c:6]1[H:12])[H:13])[O:1][H:8])[H:9])[H:10],,
12,0.179550511978108,RESP2,hf/6-31g*,,0.6000000000000001,H,resp2,13,[H:11][c:5]1[c:4]([c:3]([c:2]([c:7]([c:6]1[H:12])[H:13])[O:1][H:8])[H:9])[H:10],,
0,-0.6796921662114901,RESP2,hf/6-31g*,,0.65,O,resp2,1,[H:11][c:5]1[c:4]([c:3]([c:2]([c:7]([c:6]1[H:12])[H:13])[O:1][H:8])[H:9])[H:10],,
1,0.5673583259420825,RESP2,hf/6-31g*,,0.65,C,resp2,2,[H:11][c:5]1[c:4]([c:3]([c:2]([c:7]([c:6]1[H:12])[H:13])[O:1][H:8])[H:9])[H:10],,
2,-0.3851168429774359,RESP2,hf/6-31g*,,0.65,C,resp2,3,[H:11][c:5]1[c:4]([c:3]([c:2]([c:7]([c:6]1[H:12])[H:13])[O:1][H:8])[H:9])[H:10],,
3,-0.0379269216331181,RESP2,hf/6-31g*,,0.65,C,resp2,4,[H:11][c:5]1[c:4]([c:3]([c:2]([c:7]([c:6]1[H:12])[H:13])[O:1][H:8])[H:9])[H:10],,
4,-0.2944146646135661,RESP2,hf/6-31g*,,0.65,C,resp2,5,[H:11][c:5]1[c:4]([c:3]([c:2]([c:7]([c:6]1[H:12])[H:13])[O:1][H:8])[H:9])[H:10],,
5,-0.0379272307902523,RESP2,hf/6-31g*,,0.65,C,resp2,6,[H:11][c:5]1[c:4]([c:3]([c:2]([c:7]([c:6]1[H:12])[H:13])[O:1][H:8])[H:9])[H:10],,
6,-0.3827743856201921,RESP2,hf/6-31g*,,0.65,C,resp2,7,[H:11][c:5]1[c:4]([c:3]([c:2]([c:7]([c:6]1[H:12])[H:13])[O:1][H:8])[H:9])[H:10],,
7,0.4301749296254309,RESP2,hf/6-31g*,,0.65,H,resp2,8,[H:11][c:5]1[c:4]([c:3]([c:2]([c:7]([c:6]1[H:12])[H:13])[O:1][H:8])[H:9])[H:10],,
8,0.183238675913078,RESP2,hf/6-31g*,,0.65,H,resp2,9,[H:11][c:5]1[c:4]([c:3]([c:2]([c:7]([c:6]1[H:12])[H:13])[O:1][H:8])[H:9])[H:10],,
9,0.1426091535226331,RESP2,hf/6-31g*,,0.65,H,resp2,10,[H:11][c:5]1[c:4]([c:3]([c:2]([c:7]([c:6]1[H:12])[H:13])[O:1][H:8])[H:9])[H:10],,
10,0.1734564592891993,RESP2,hf/6-31g*,,0.65,H,resp2,11,[H:11][c:5]1[c:4]([c:3]([c:2]([c:7]([c:6]1[H:12])[H:13])[O:1][H:8])[H:9])[H:10],,
11,0.1412170290527395,RESP2,hf/6-31g*,,0.65,H,resp2,12,[H:11][c:5]1[c:4]([c:3]([c:2]([c:7]([c:6]1[H:12])[H:13])[O:1][H:8])[H:9])[H:10],,
12,0.1797976385008915,RESP2,hf/6-31g*,,0.65,H,resp2,13,[H:11][c:5]1[c:4]([c:3]([c:2]([c:7]([c:6]1[H:12])[H:13])[O:1][H:8])[H:9])[H:10],,
0,-0.6825604189151524,RESP2,hf/6-31g*,,0.7000000000000001,O,resp2,1,[H:11][c:5]1[c:4]([c:3]([c:2]([c:7]([c:6]1[H:12])[H:13])[O:1][H:8])[H:9])[H:10],,
1,0.5679018207252221,RESP2,hf/6-31g*,,0.7000000000000001,C,resp2,2,[H:11][c:5]1[c:4]([c:3]([c:2]([c:7]([c:6]1[H:12])[H:13])[O:1][H:8])[H:9])[H:10],,
2,-0.3854948327272904,RESP2,hf/6-31g*,,0.7000000000000001,C,resp2,3,[H:11][c:5]1[c:4]([c:3]([c:2]([c:7]([c:6]1[H:12])[H:13])[O:1][H:8])[H:9])[H:10],,
3,-0.0383788881011158,RESP2,hf/6-31g*,,0.7000000000000001,C,resp2,4,[H:11][c:5]1[c:4]([c:3]([c:2]([c:7]([c:6]1[H:12])[H:13])[O:1][H:8])[H:9])[H:10],,
4,-0.2941689348485681,RESP2,hf/6-31g*,,0.7000000000000001,C,resp2,5,[H:11][c:5]1[c:4]([c:3]([c:2]([c:7]([c:6]1[H:12])[H:13])[O:1][H:8])[H:9])[H:10],,
5,-0.0382487605975061,RESP2,hf/6-31g*,,0.7000000000000001,C,resp2,6,[H:11][c:5]1[c:4]([c:3]([c:2]([c:7]([c:6]1[H:12])[H:13])[O:1][H:8])[H:9])[H:10],,
6,-0.3829949559790969,RESP2,hf/6-31g*,,0.7000000000000001,C,resp2,7,[H:11][c:5]1[c:4]([c:3]([c:2]([c:7]([c:6]1[H:12])[H:13])[O:1][H:8])[H:9])[H:10],,
7,0.432182000962711,RESP2,hf/6-31g*,,0.7000000000000001,H,resp2,8,[H:11][c:5]1[c:4]([c:3]([c:2]([c:7]([c:6]1[H:12])[H:13])[O:1][H:8])[H:9])[H:10],,
8,0.1837271886917734,RESP2,hf/6-31g*,,0.7000000000000001,H,resp2,9,[H:11][c:5]1[c:4]([c:3]([c:2]([c:7]([c:6]1[H:12])[H:13])[O:1][H:8])[H:9])[H:10],,
9,0.1429811329000928,RESP2,hf/6-31g*,,0.7000000000000001,H,resp2,10,[H:11][c:5]1[c:4]([c:3]([c:2]([c:7]([c:6]1[H:12])[H:13])[O:1][H:8])[H:9])[H:10],,
10,0.1735738571963055,RESP2,hf/6-31g*,,0.7000000000000001,H,resp2,11,[H:11][c:5]1[c:4]([c:3]([c:2]([c:7]([c:6]1[H:12])[H:13])[O:1][H:8])[H:9])[H:10],,
11,0.1414360256689502,RESP2,hf/6-31g*,,0.7000000000000001,H,resp2,12,[H:11][c:5]1[c:4]([c:3]([c:2]([c:7]([c:6]1[H:12])[H:13])[O:1][H:8])[H:9])[H:10],,
12,0.1800447650236749,RESP2,hf/6-31g*,,0.7000000000000001,H,resp2,13,[H:11][c:5]1[c:4]([c:3]([c:2]([c:7]([c:6]1[H:12])[H:13])[O:1][H:8])[H:9])[H:10],,
0,-0.6854286716188147,RESP2,hf/6-31g*,,0.75,O,resp2,1,[H:11][c:5]1[c:4]([c:3]([c:2]([c:7]([c:6]1[H:12])[H:13])[O:1][H:8])[H:9])[H:10],,
1,0.5684453155083616,RESP2,hf/6-31g*,,0.75,C,resp2,2,[H:11][c:5]1[c:4]([c:3]([c:2]([c:7]([c:6]1[H:12])[H:13])[O:1][H:8])[H:9])[H:10],,
2,-0.3858728224771449,RESP2,hf/6-31g*,,0.75,C,resp2,3,[H:11][c:5]1[c:4]([c:3]([c:2]([c:7]([c:6]1[H:12])[H:13])[O:1][H:8])[H:9])[H:10],,
3,-0.0388308545691135,RESP2,hf/6-31g*,,0.75,C,resp2,4,[H:11][c:5]1[c:4]([c:3]([c:2]([c:7]([c:6]1[H:12])[H:13])[O:1][H:8])[H:9])[H:10],,
4,-0.2939232050835702,RESP2,hf/6-31g*,,0.75,C,resp2,5,[H:11][c:5]1[c:4]([c:3]([c:2]([c:7]([c:6]1[H:12])[H:13])[O:1][H:8])[H:9])[H:10],,
5,-0.0385702904047599,RESP2,hf/6-31g*,,0.75,C,resp2,6,[H:11][c:5]1[c:4]([c:3]([c:2]([c:7]([c:6]1[H:12])[H:13])[O:1][H:8])[H:9])[H:10],,
6,-0.3832155263380018,RESP2,hf/6-31g*,,0.75,C,resp2,7,[H:11][c:5]1[c:4]([c:3]([c:2]([c:7]([c:6]1[H:12])[H:13])[O:1][H:8])[H:9])[H:10],,
7,0.4341890722999909,RESP2,hf/6-31g*,,0.75,H,resp2,8,[H:11][c:5]1[c:4]([c:3]([c:2]([c:7]([c:6]1[H:12])[H:13])[O:1][H:8])[H:9])[H:10],,
8,0.1842157014704689,RESP2,hf/6-31g*,,0.75,H,resp2,9,[H:11][c:5]1[c:4]([c:3]([c:2]([c:7]([c:6]1[H:12])[H:13])[O:1][H:8])[H:9])[H:10],,
9,0.1433531122775524,RESP2,hf/6-31g*,,0.75,H,resp2,10,[H:11][c:5]1[c:4]([c:3]([c:2]([c:7]([c:6]1[H:12])[H:13])[O:1][H:8])[H:9])[H:10],,
10,0.1736912551034118,RESP2,hf/6-31g*,,0.75,H,resp2,11,[H:11][c:5]1[c:4]([c:3]([c:2]([c:7]([c:6]1[H:12])[H:13])[O:1][H:8])[H:9])[H:10],,
11,0.141655022285161,RESP2,hf/6-31g*,,0.75,H,resp2,12,[H:11][c:5]1[c:4]([c:3]([c:2]([c:7]([c:6]1[H:12])[H:13])[O:1][H:8])[H:9])[H:10],,
12,0.1802918915464583,RESP2,hf/6-31g*,,0.75,H,resp2,13,[H:11][c:5]1[c:4]([c:3]([c:2]([c:7]([c:6]1[H:12])[H:13])[O:1][H:8])[H:9])[H:10],,
0,-0.688296924322477,RESP2,hf/6-31g*,,0.8,O,resp2,1,[H:11][c:5]1[c:4]([c:3]([c:2]([c:7]([c:6]1[H:12])[H:13])[O:1][H:8])[H:9])[H:10],,
1,0.5689888102915013,RESP2,hf/6-31g*,,0.8,C,resp2,2,[H:11][c:5]1[c:4]([c:3]([c:2]([c:7]([c:6]1[H:12])[H:13])[O:1][H:8])[H:9])[H:10],,
2,-0.3862508122269994,RESP2,hf/6-31g*,,0.8,C,resp2,3,[H:11][c:5]1[c:4]([c:3]([c:2]([c:7]([c:6]1[H:12])[H:13])[O:1][H:8])[H:9])[H:10],,
3,-0.0392828210371112,RESP2,hf/6-31g*,,0.8,C,resp2,4,[H:11][c:5]1[c:4]([c:3]([c:2]([c:7]([c:6]1[H:12])[H:13])[O:1][H:8])[H:9])[H:10],,
4,-0.2936774753185722,RESP2,hf/6-31g*,,0.8,C,resp2,5,[H:11][c:5]1[c:4]([c:3]([c:2]([c:7]([c:6]1[H:12])[H:13])[O:1][H:8])[H:9])[H:10],,
5,-0.0388918202120137,RESP2,hf/6-31g*,,0.8,C,resp2,6,[H:11][c:5]1[c:4]([c:3]([c:2]([c:7]([c:6]1[H:12])[H:13])[O:1][H:8])[H:9])[H:10],,
6,-0.3834360966969066,RESP2,hf/6-31g*,,0.8,C,resp2,7,[H:11][c:5]1[c:4]([c:3]([c:2]([c:7]([c:6]1[H:12])[H:13])[O:1][H:8])[H:9])[H:10],,
7,0.436196143637271,RESP2,hf/6-31g*,,0.8,H,resp2,8,[H:11][c:5]1[c:4]([c:3]([c:2]([c:7]([c:6]1[H:12])[H:13])[O:1][H:8])[H:9])[H:10],,
8,0.1847042142491643,RESP2,hf/6-31g*,,0.8,H,resp2,9,[H:11][c:5]1[c:4]([c:3]([c:2]([c:7]([c:6]1[H:12])[H:13])[O:1][H:8])[H:9])[H:10],,
9,0.143725091655012,RESP2,hf/6-31g*,,0.8,H,resp2,10,[H:11][c:5]1[c:4]([c:3]([c:2]([c:7]([c:6]1[H:12])[H:13])[O:1][H:8])[H:9])[H:10],,
10,0.1738086530105181,RESP2,hf/6-31g*,,0.8,H,resp2,11,[H:11][c:5]1[c:4]([c:3]([c:2]([c:7]([c:6]1[H:12])[H:13])[O:1][H:8])[H:9])[H:10],,
11,0.1418740189013717,RESP2,hf/6-31g*,,0.8,H,resp2,12,[H:11][c:5]1[c:4]([c:3]([c:2]([c:7]([c:6]1[H:12])[H:13])[O:1][H:8])[H:9])[H:10],,
12,0.1805390180692417,RESP2,hf/6-31g*,,0.8,H,resp2,13,[H:11][c:5]1[c:4]([c:3]([c:2]([c:7]([c:6]1[H:12])[H:13])[O:1][H:8])[H:9])[H:10],,
0,-0.6911651770261393,RESP2,hf/6-31g*,,0.8500000000000001,O,resp2,1,[H:11][c:5]1[c:4]([c:3]([c:2]([c:7]([c:6]1[H:12])[H:13])[O:1][H:8])[H:9])[H:10],,
1,0.569532305074641,RESP2,hf/6-31g*,,0.8500000000000001,C,resp2,2,[H:11][c:5]1[c:4]([c:3]([c:2]([c:7]([c:6]1[H:12])[H:13])[O:1][H:8])[H:9])[H:10],,
2,-0.3866288019768539,RESP2,hf/6-31g*,,0.8500000000000001,C,resp2,3,[H:11][c:5]1[c:4]([c:3]([c:2]([c:7]([c:6]1[H:12])[H:13])[O:1][H:8])[H:9])[H:10],,
3,-0.0397347875051089,RESP2,hf/6-31g*,,0.8500000000000001,C,resp2,4,[H:11][c:5]1[c:4]([c:3]([c:2]([c:7]([c:6]1[H:12])[H:13])[O:1][H:8])[H:9])[H:10],,
4,-0.2934317455535742,RESP2,hf/6-31g*,,0.8500000000000001,C,resp2,5,[H:11][c:5]1[c:4]([c:3]([c:2]([c:7]([c:6]1[H:12])[H:13])[O:1][H:8])[H:9])[H:10],,
5,-0.0392133500192674,RESP2,hf/6-31g*,,0.8500000000000001,C,resp2,6,[H:11][c:5]1[c:4]([c:3]([c:2]([c:7]([c:6]1[H:12])[H:13])[O:1][H:8])[H:9])[H:10],,
6,-0.3836566670558115,RESP2,hf/6-31g*,,0.8500000000000001,C,resp2,7,[H:11][c:5]1[c:4]([c:3]([c:2]([c:7]([c:6]1[H:12])[H:13])[O:1][H:8])[H:9])[H:10],,
7,0.4382032149745509,RESP2,hf/6-31g*,,0.8500000000000001,H,resp2,8,[H:11][c:5]1[c:4]([c:3]([c:2]([c:7]([c:6]1[H:12])[H:13])[O:1][H:8])[H:9])[H:10],,
8,0.1851927270278597,RESP2,hf/6-31g*,,0.8500000000000001,H,resp2,9,[H:11][c:5]1[c:4]([c:3]([c:2]([c:7]([c:6]1[H:12])[H:13])[O:1][H:8])[H:9])[H:10],,
9,0.1440970710324717,RESP2,hf/6-31g*,,0.8500000000000001,H,resp2,10,[H:11][c:5]1[c:4]([c:3]([c:2]([c:7]([c:6]1[H:12])[H:13])[O:1][H:8])[H:9])[H:10],,
10,0.1739260509176244,RESP2,hf/6-31g*,,0.8500000000000001,H,resp2,11,[H:11][c:5]1[c:4]([c:3]([c:2]([c:7]([c:6]1[H:12])[H:13])[O:1][H:8])[H:9])[H:10],,
11,0.1420930155175825,RESP2,hf/6-31g*,,0.8500000000000001,H,resp2,12,[H:11][c:5]1[c:4]([c:3]([c:2]([c:7]([c:6]1[H:12])[H:13])[O:1][H:8])[H:9])[H:10],,
12,0.1807861445920251,RESP2,hf/6-31g*,,0.8500000000000001,H,resp2,13,[H:11][c:5]1[c:4]([c:3]([c:2]([c:7]([c:6]1[H:12])[H:13])[O:1][H:8])[H:9])[H:10],,
0,-0.6940334297298018,RESP2,hf/6-31g*,,0.9,O,resp2,1,[H:11][c:5]1[c:4]([c:3]([c:2]([c:7]([c:6]1[H:12])[H:13])[O:1][H:8])[H:9])[H:10],,
1,0.5700757998577805,RESP2,hf/6-31g*,,0.9,C,resp2,2,[H:11][c:5]1[c:4]([c:3]([c:2]([c:7]([c:6]1[H:12])[H:13])[O:1][H:8])[H:9])[H:10],,
2,-0.3870067917267085,RESP2,hf/6-31g*,,0.9,C,resp2,3,[H:11][c:5]1[c:4]([c:3]([c:2]([c:7]([c:6]1[H:12])[H:13])[O:1][H:8])[H:9])[H:10],,
3,-0.0401867539731066,RESP2,hf/6-31g*,,0.9,C,resp2,4,[H:11][c:5]1[c:4]([c:3]([c:2]([c:7]([c:6]1[H:12])[H:13])[O:1][H:8])[H:9])[H:10],,
4,-0.2931860157885762,RESP2,hf/6-31g*,,0.9,C,resp2,5,[H:11][c:5]1[c:4]([c:3]([c:2]([c:7]([c:6]1[H:12])[H:13])[O:1][H:8])[H:9])[H:10],,
5,-0.0395348798265212,RESP2,hf/6-31g*,,0.9,C,resp2,6,[H:11][c:5]1[c:4]([c:3]([c:2]([c:7]([c:6]1[H:12])[H:13])[O:1][H:8])[H:9])[H:10],,
6,-0.3838772374147163,RESP2,hf/6-31g*,,0.9,C,resp2,7,[H:11][c:5]1[c:4]([c:3]([c:2]([c:7]([c:6]1[H:12])[H:13])[O:1][H:8])[H:9])[H:10],,
7,0.4402102863118309,RESP2,hf/6-31g*,,0.9,H,resp2,8,[H:11][c:5]1[c:4]([c:3]([c:2]([c:7]([c:6]1[H:12])[H:13])[O:1][H:8])[H:9])[H:10],,
8,0.1856812398065552,RESP2,hf/6-31g*,,0.9,H,resp2,9,[H:11][c:5]1[c:4]([c:3]([c:2]([c:7]([c:6]1[H:12])[H:13])[O:1][H:8])[H:9])[H:10],,
9,0.1444690504099313,RESP2,hf/6-31g*,,0.9,H,resp2,10,[H:11][c:5]1[c:4]([c:3]([c:2]([c:7]([c:6]1[H:12])[H:13])[O:1][H:8])[H:9])[H:10],,
10,0.1740434488247307,RESP2,hf/6-31g*,,0.9,H,resp2,11,[H:11][c:5]1[c:4]([c:3]([c:2]([c:7]([c:6]1[H:12])[H:13])[O:1][H:8])[H:9])[H:10],,
11,0.1423120121337933,RESP2,hf/6-31g*,,0.9,H,resp2,12,[H:11][c:5]1[c:4]([c:3]([c:2]([c:7]([c:6]1[H:12])[H:13])[O:1][H:8])[H:9])[H:10],,
12,0.1810332711148086,RESP2,hf/6-31g*,,0.9,H,resp2,13,[H:11][c:5]1[c:4]([c:3]([c:2]([c:7]([c:6]1[H:12])[H:13])[O:1][H:8])[H:9])[H:10],,
0,-0.696901682433464,RESP2,hf/6-31g*,,0.95,O,resp2,1,[H:11][c:5]1[c:4]([c:3]([c:2]([c:7]([c:6]1[H:12])[H:13])[O:1][H:8])[H:9])[H:10],,
1,0.5706192946409202,RESP2,hf/6-31g*,,0.95,C,resp2,2,[H:11][c:5]1[c:4]([c:3]([c:2]([c:7]([c:6]1[H:12])[H:13])[O:1][H:8])[H:9])[H:10],,
2,-0.3873847814765629,RESP2,hf/6-31g*,,0.95,C,resp2,3,[H:11][c:5]1[c:4]([c:3]([c:2]([c:7]([c:6]1[H:12])[H:13])[O:1][H:8])[H:9])[H:10],,
3,-0.0406387204411043,RESP2,hf/6-31g*,,0.95,C,resp2,4,[H:11][c:5]1[c:4]([c:3]([c:2]([c:7]([c:6]1[H:12])[H:13])[O:1][H:8])[H:9])[H:10],,
4,-0.2929402860235782,RESP2,hf/6-31g*,,0.95,C,resp2,5,[H:11][c:5]1[c:4]([c:3]([c:2]([c:7]([c:6]1[H:12])[H:13])[O:1][H:8])[H:9])[H:10],,
5,-0.039856409633775,RESP2,hf/6-31g*,,0.95,C,resp2,6,[H:11][c:5]1[c:4]([c:3]([c:2]([c:7]([c:6]1[H:12])[H:13])[O:1][H:8])[H:9])[H:10],,
6,-0.3840978077736212,RESP2,hf/6-31g*,,0.95,C,resp2,7,[H:11][c:5]1[c:4]([c:3]([c:2]([c:7]([c:6]1[H:12])[H:13])[O:1][H:8])[H:9])[H:10],,
7,0.4422173576491109,RESP2,hf/6-31g*,,0.95,H,resp2,8,[H:11][c:5]1[c:4]([c:3]([c:2]([c:7]([c:6]1[H:12])[H:13])[O:1][H:8])[H:9])[H:10],,
8,0.1861697525852506,RESP2,hf/6-31g*,,0.95,H,resp2,9,[H:11][c:5]1[c:4]([c:3]([c:2]([c:7]([c:6]1[H:12])[H:13])[O:1][H:8])[H:9])[H:10],,
9,0.1448410297873909,RESP2,hf/6-31g*,,0.95,H,resp2,10,[H:11][c:5]1[c:4]([c:3]([c:2]([c:7]([c:6]1[H:12])[H:13])[O:1][H:8])[H:9])[H:10],,
10,0.174160846731837,RESP2,hf/6-31g*,,0.95,H,resp2,11,[H:11][c:5]1[c:4]([c:3]([c:2]([c:7]([c:6]1[H:12])[H:13])[O:1][H:8])[H:9])[H:10],,
11,0.142531008750004,RESP2,hf/6-31g*,,0.95,H,resp2,12,[H:11][c:5]1[c:4]([c:3]([c:2]([c:7]([c:6]1[H:12])[H:13])[O:1][H:8])[H:9])[H:10],,
12,0.1812803976375919,RESP2,hf/6-31g*,,0.95,H,resp2,13,[H:11][c:5]1[c:4]([c:3]([c:2]([c:7]([c:6]1[H:12])[H:13])[O:1][H:8])[H:9])[H:10],,
0,-0.6997699351371264,RESP2,hf/6-31g*,,1.0,O,resp2,1,[H:11][c:5]1[c:4]([c:3]([c:2]([c:7]([c:6]1[H:12])[H:13])[O:1][H:8])[H:9])[H:10],,
1,0.5711627894240597,RESP2,hf/6-31g*,,1.0,C,resp2,2,[H:11][c:5]1[c:4]([c:3]([c:2]([c:7]([c:6]1[H:12])[H:13])[O:1][H:8])[H:9])[H:10],,
2,-0.3877627712264174,RESP2,hf/6-31g*,,1.0,C,resp2,3,[H:11][c:5]1[c:4]([c:3]([c:2]([c:7]([c:6]1[H:12])[H:13])[O:1][H:8])[H:9])[H:10],,
3,-0.041090686909102,RESP2,hf/6-31g*,,1.0,C,resp2,4,[H:11][c:5]1[c:4]([c:3]([c:2]([c:7]([c:6]1[H:12])[H:13])[O:1][H:8])[H:9])[H:10],,
4,-0.2926945562585803,RESP2,hf/6-31g*,,1.0,C,resp2,5,[H:11][c:5]1[c:4]([c:3]([c:2]([c:7]([c:6]1[H:12])[H:13])[O:1][H:8])[H:9])[H:10],,
5,-0.0401779394410287,RESP2,hf/6-31g*,,1.0,C,resp2,6,[H:11][c:5]1[c:4]([c:3]([c:2]([c:7]([c:6]1[H:12])[H:13])[O:1][H:8])[H:9])[H:10],,
6,-0.384318378132526,RESP2,hf/6-31g*,,1.0,C,resp2,7,[H:11][c:5]1[c:4]([c:3]([c:2]([c:7]([c:6]1[H:12])[H:13])[O:1][H:8])[H:9])[H:10],,
7,0.444224428986391,RESP2,hf/6-31g*,,1.0,H,resp2,8,[H:11][c:5]1[c:4]([c:3]([c:2]([c:7]([c:6]1[H:12])[H:13])[O:1][H:8])[H:9])[H:10],,
8,0.186658265363946,RESP2,hf/6-31g*,,1.0,H,resp2,9,[H:11][c:5]1[c:4]([c:3]([c:2]([c:7]([c:6]1[H:12])[H:13])[O:1][H:8])[H:9])[H:10],,
9,0.1452130091648506,RESP2,hf/6-31g*,,1.0,H,resp2,10,[H:11][c:5]1[c:4]([c:3]([c:2]([c:7]([c:6]1[H:12])[H:13])[O:1][H:8])[H:9])[H:10],,
10,0.1742782446389432,RESP2,hf/6-31g*,,1.0,H,resp2,11,[H:11][c:5]1[c:4]([c:3]([c:2]([c:7]([c:6]1[H:12])[H:13])[O:1][H:8])[H:9])[H:10],,
11,0.1427500053662148,RESP2,hf/6-31g*,,1.0,H,resp2,12,[H:11][c:5]1[c:4]([c:3]([c:2]([c:7]([c:6]1[H:12])[H:13])[O:1][H:8])[H:9])[H:10],,
12,0.1815275241603754,RESP2,hf/6-31g*,,1.0,H,resp2,13,[H:11][c:5]1[c:4]([c:3]([c:2]([c:7]([c:6]1[H:12])[H:13])[O:1][H:8])[H:9])[H:10],,
0,-0.6190336455978525,RESP2,b3lyp-d3bj/dzvp,1.0,0.0,O,hf,1,[H:11][c:5]1[c:4]([c:3]([c:2]([c:7]([c:6]1[H:12])[H:13])[O:1][H:8])[H:9])[H:10],,
1,0.4459982184917062,RESP2,b3lyp-d3bj/dzvp,1.0,0.0,C,hf,2,[H:11][c:5]1[c:4]([c:3]([c:2]([c:7]([c:6]1[H:12])[H:13])[O:1][H:8])[H:9])[H:10],,
2,-0.2749777300275055,RESP2,b3lyp-d3bj/dzvp,1.0,0.0,C,hf,3,[H:11][c:5]1[c:4]([c:3]([c:2]([c:7]([c:6]1[H:12])[H:13])[O:1][H:8])[H:9])[H:10],,
3,-0.092370556991631,RESP2,b3lyp-d3bj/dzvp,1.0,0.0,C,hf,4,[H:11][c:5]1[c:4]([c:3]([c:2]([c:7]([c:6]1[H:12])[H:13])[O:1][H:8])[H:9])[H:10],,
4,-0.223226264037215,RESP2,b3lyp-d3bj/dzvp,1.0,0.0,C,hf,5,[H:11][c:5]1[c:4]([c:3]([c:2]([c:7]([c:6]1[H:12])[H:13])[O:1][H:8])[H:9])[H:10],,
5,-0.0578002371994419,RESP2,b3lyp-d3bj/dzvp,1.0,0.0,C,hf,6,[H:11][c:5]1[c:4]([c:3]([c:2]([c:7]([c:6]1[H:12])[H:13])[O:1][H:8])[H:9])[H:10],,
6,-0.3611983301336627,RESP2,b3lyp-d3bj/dzvp,1.0,0.0,C,hf,7,[H:11][c:5]1[c:4]([c:3]([c:2]([c:7]([c:6]1[H:12])[H:13])[O:1][H:8])[H:9])[H:10],,
7,0.4349257916902413,RESP2,b3lyp-d3bj/dzvp,1.0,0.0,H,hf,8,[H:11][c:5]1[c:4]([c:3]([c:2]([c:7]([c:6]1[H:12])[H:13])[O:1][H:8])[H:9])[H:10],,
8,0.1785252335517694,RESP2,b3lyp-d3bj/dzvp,1.0,0.0,H,hf,9,[H:11][c:5]1[c:4]([c:3]([c:2]([c:7]([c:6]1[H:12])[H:13])[O:1][H:8])[H:9])[H:10],,
9,0.1339161985425397,RESP2,b3lyp-d3bj/dzvp,1.0,0.0,H,hf,10,[H:11][c:5]1[c:4]([c:3]([c:2]([c:7]([c:6]1[H:12])[H:13])[O:1][H:8])[H:9])[H:10],,
10,0.1454043117929242,RESP2,b3lyp-d3bj/dzvp,1.0,0.0,H,hf,11,[H:11][c:5]1[c:4]([c:3]([c:2]([c:7]([c:6]1[H:12])[H:13])[O:1][H:8])[H:9])[H:10],,
11,0.1326532294939912,RESP2,b3lyp-d3bj/dzvp,1.0,0.0,H,hf,12,[H:11][c:5]1[c:4]([c:3]([c:2]([c:7]([c:6]1[H:12])[H:13])[O:1][H:8])[H:9])[H:10],,
12,0.1571837804241362,RESP2,b3lyp-d3bj/dzvp,1.0,0.0,H,hf,13,[H:11][c:5]1[c:4]([c:3]([c:2]([c:7]([c:6]1[H:12])[H:13])[O:1][H:8])[H:9])[H:10],,
0,-0.6205805496517015,RESP2,b3lyp-d3bj/dzvp,1.0,0.05,O,hf,1,[H:11][c:5]1[c:4]([c:3]([c:2]([c:7]([c:6]1[H:12])[H:13])[O:1][H:8])[H:9])[H:10],,
1,0.4463660349116323,RESP2,b3lyp-d3bj/dzvp,1.0,0.05,C,hf,2,[H:11][c:5]1[c:4]([c:3]([c:2]([c:7]([c:6]1[H:12])[H:13])[O:1][H:8])[H:9])[H:10],,
2,-0.2761438664869969,RESP2,b3lyp-d3bj/dzvp,1.0,0.05,C,hf,3,[H:11][c:5]1[c:4]([c:3]([c:2]([c:7]([c:6]1[H:12])[H:13])[O:1][H:8])[H:9])[H:10],,
3,-0.092289785785485,RESP2,b3lyp-d3bj/dzvp,1.0,0.05,C,hf,4,[H:11][c:5]1[c:4]([c:3]([c:2]([c:7]([c:6]1[H:12])[H:13])[O:1][H:8])[H:9])[H:10],,
4,-0.2235375717469704,RESP2,b3lyp-d3bj/dzvp,1.0,0.05,C,hf,5,[H:11][c:5]1[c:4]([c:3]([c:2]([c:7]([c:6]1[H:12])[H:13])[O:1][H:8])[H:9])[H:10],,
5,-0.0577391451379061,RESP2,b3lyp-d3bj/dzvp,1.0,0.05,C,hf,6,[H:11][c:5]1[c:4]([c:3]([c:2]([c:7]([c:6]1[H:12])[H:13])[O:1][H:8])[H:9])[H:10],,
6,-0.3611998664122284,RESP2,b3lyp-d3bj/dzvp,1.0,0.05,C,hf,7,[H:11][c:5]1[c:4]([c:3]([c:2]([c:7]([c:6]1[H:12])[H:13])[O:1][H:8])[H:9])[H:10],,
7,0.4360556477993946,RESP2,b3lyp-d3bj/dzvp,1.0,0.05,H,hf,8,[H:11][c:5]1[c:4]([c:3]([c:2]([c:7]([c:6]1[H:12])[H:13])[O:1][H:8])[H:9])[H:10],,
8,0.1788858186318133,RESP2,b3lyp-d3bj/dzvp,1.0,0.05,H,hf,9,[H:11][c:5]1[c:4]([c:3]([c:2]([c:7]([c:6]1[H:12])[H:13])[O:1][H:8])[H:9])[H:10],,
9,0.1342450866679082,RESP2,b3lyp-d3bj/dzvp,1.0,0.05,H,hf,10,[H:11][c:5]1[c:4]([c:3]([c:2]([c:7]([c:6]1[H:12])[H:13])[O:1][H:8])[H:9])[H:10],,
10,0.1456538894249818,RESP2,b3lyp-d3bj/dzvp,1.0,0.05,H,hf,11,[H:11][c:5]1[c:4]([c:3]([c:2]([c:7]([c:6]1[H:12])[H:13])[O:1][H:8])[H:9])[H:10],,
11,0.1328260087427605,RESP2,b3lyp-d3bj/dzvp,1.0,0.05,H,hf,12,[H:11][c:5]1[c:4]([c:3]([c:2]([c:7]([c:6]1[H:12])[H:13])[O:1][H:8])[H:9])[H:10],,
12,0.1574582990427976,RESP2,b3lyp-d3bj/dzvp,1.0,0.05,H,hf,13,[H:11][c:5]1[c:4]([c:3]([c:2]([c:7]([c:6]1[H:12])[H:13])[O:1][H:8])[H:9])[H:10],,
0,-0.6221274537055508,RESP2,b3lyp-d3bj/dzvp,1.0,0.1,O,hf,1,[H:11][c:5]1[c:4]([c:3]([c:2]([c:7]([c:6]1[H:12])[H:13])[O:1][H:8])[H:9])[H:10],,
1,0.4467338513315584,RESP2,b3lyp-d3bj/dzvp,1.0,0.1,C,hf,2,[H:11][c:5]1[c:4]([c:3]([c:2]([c:7]([c:6]1[H:12])[H:13])[O:1][H:8])[H:9])[H:10],,
2,-0.2773100029464883,RESP2,b3lyp-d3bj/dzvp,1.0,0.1,C,hf,3,[H:11][c:5]1[c:4]([c:3]([c:2]([c:7]([c:6]1[H:12])[H:13])[O:1][H:8])[H:9])[H:10],,
3,-0.0922090145793391,RESP2,b3lyp-d3bj/dzvp,1.0,0.1,C,hf,4,[H:11][c:5]1[c:4]([c:3]([c:2]([c:7]([c:6]1[H:12])[H:13])[O:1][H:8])[H:9])[H:10],,
4,-0.2238488794567258,RESP2,b3lyp-d3bj/dzvp,1.0,0.1,C,hf,5,[H:11][c:5]1[c:4]([c:3]([c:2]([c:7]([c:6]1[H:12])[H:13])[O:1][H:8])[H:9])[H:10],,
5,-0.0576780530763703,RESP2,b3lyp-d3bj/dzvp,1.0,0.1,C,hf,6,[H:11][c:5]1[c:4]([c:3]([c:2]([c:7]([c:6]1[H:12])[H:13])[O:1][H:8])[H:9])[H:10],,
6,-0.3612014026907942,RESP2,b3lyp-d3bj/dzvp,1.0,0.1,C,hf,7,[H:11][c:5]1[c:4]([c:3]([c:2]([c:7]([c:6]1[H:12])[H:13])[O:1][H:8])[H:9])[H:10],,
7,0.437185503908548,RESP2,b3lyp-d3bj/dzvp,1.0,0.1,H,hf,8,[H:11][c:5]1[c:4]([c:3]([c:2]([c:7]([c:6]1[H:12])[H:13])[O:1][H:8])[H:9])[H:10],,
8,0.1792464037118572,RESP2,b3lyp-d3bj/dzvp,1.0,0.1,H,hf,9,[H:11][c:5]1[c:4]([c:3]([c:2]([c:7]([c:6]1[H:12])[H:13])[O:1][H:8])[H:9])[H:10],,
9,0.1345739747932766,RESP2,b3lyp-d3bj/dzvp,1.0,0.1,H,hf,10,[H:11][c:5]1[c:4]([c:3]([c:2]([c:7]([c:6]1[H:12])[H:13])[O:1][H:8])[H:9])[H:10],,
10,0.1459034670570392,RESP2,b3lyp-d3bj/dzvp,1.0,0.1,H,hf,11,[H:11][c:5]1[c:4]([c:3]([c:2]([c:7]([c:6]1[H:12])[H:13])[O:1][H:8])[H:9])[H:10],,
11,0.1329987879915298,RESP2,b3lyp-d3bj/dzvp,1.0,0.1,H,hf,12,[H:11][c:5]1[c:4]([c:3]([c:2]([c:7]([c:6]1[H:12])[H:13])[O:1][H:8])[H:9])[H:10],,
12,0.1577328176614591,RESP2,b3lyp-d3bj/dzvp,1.0,0.1,H,hf,13,[H:11][c:5]1[c:4]([c:3]([c:2]([c:7]([c:6]1[H:12])[H:13])[O:1][H:8])[H:9])[H:10],,
0,-0.6236743577593997,RESP2,b3lyp-d3bj/dzvp,1.0,0.15,O,hf,1,[H:11][c:5]1[c:4]([c:3]([c:2]([c:7]([c:6]1[H:12])[H:13])[O:1][H:8])[H:9])[H:10],,
1,0.4471016677514846,RESP2,b3lyp-d3bj/dzvp,1.0,0.15,C,hf,2,[H:11][c:5]1[c:4]([c:3]([c:2]([c:7]([c:6]1[H:12])[H:13])[O:1][H:8])[H:9])[H:10],,
2,-0.2784761394059798,RESP2,b3lyp-d3bj/dzvp,1.0,0.15,C,hf,3,[H:11][c:5]1[c:4]([c:3]([c:2]([c:7]([c:6]1[H:12])[H:13])[O:1][H:8])[H:9])[H:10],,
3,-0.0921282433731932,RESP2,b3lyp-d3bj/dzvp,1.0,0.15,C,hf,4,[H:11][c:5]1[c:4]([c:3]([c:2]([c:7]([c:6]1[H:12])[H:13])[O:1][H:8])[H:9])[H:10],,
4,-0.2241601871664812,RESP2,b3lyp-d3bj/dzvp,1.0,0.15,C,hf,5,[H:11][c:5]1[c:4]([c:3]([c:2]([c:7]([c:6]1[H:12])[H:13])[O:1][H:8])[H:9])[H:10],,
5,-0.0576169610148345,RESP2,b3lyp-d3bj/dzvp,1.0,0.15,C,hf,6,[H:11][c:5]1[c:4]([c:3]([c:2]([c:7]([c:6]1[H:12])[H:13])[O:1][H:8])[H:9])[H:10],,
6,-0.3612029389693599,RESP2,b3lyp-d3bj/dzvp,1.0,0.15,C,hf,7,[H:11][c:5]1[c:4]([c:3]([c:2]([c:7]([c:6]1[H:12])[H:13])[O:1][H:8])[H:9])[H:10],,
7,0.4383153600177012,RESP2,b3lyp-d3bj/dzvp,1.0,0.15,H,hf,8,[H:11][c:5]1[c:4]([c:3]([c:2]([c:7]([c:6]1[H:12])[H:13])[O:1][H:8])[H:9])[H:10],,
8,0.179606988791901,RESP2,b3lyp-d3bj/dzvp,1.0,0.15,H,hf,9,[H:11][c:5]1[c:4]([c:3]([c:2]([c:7]([c:6]1[H:12])[H:13])[O:1][H:8])[H:9])[H:10],,
9,0.1349028629186451,RESP2,b3lyp-d3bj/dzvp,1.0,0.15,H,hf,10,[H:11][c:5]1[c:4]([c:3]([c:2]([c:7]([c:6]1[H:12])[H:13])[O:1][H:8])[H:9])[H:10],,
10,0.1461530446890967,RESP2,b3lyp-d3bj/dzvp,1.0,0.15,H,hf,11,[H:11][c:5]1[c:4]([c:3]([c:2]([c:7]([c:6]1[H:12])[H:13])[O:1][H:8])[H:9])[H:10],,
11,0.1331715672402992,RESP2,b3lyp-d3bj/dzvp,1.0,0.15,H,hf,12,[H:11][c:5]1[c:4]([c:3]([c:2]([c:7]([c:6]1[H:12])[H:13])[O:1][H:8])[H:9])[H:10],,
12,0.1580073362801205,RESP2,b3lyp-d3bj/dzvp,1.0,0.15,H,hf,13,[H:11][c:5]1[c:4]([c:3]([c:2]([c:7]([c:6]1[H:12])[H:13])[O:1][H:8])[H:9])[H:10],,
0,-0.6252212618132489,RESP2,b3lyp-d3bj/dzvp,1.0,0.2,O,hf,1,[H:11][c:5]1[c:4]([c:3]([c:2]([c:7]([c:6]1[H:12])[H:13])[O:1][H:8])[H:9])[H:10],,
1,0.4474694841714107,RESP2,b3lyp-d3bj/dzvp,1.0,0.2,C,hf,2,[H:11][c:5]1[c:4]([c:3]([c:2]([c:7]([c:6]1[H:12])[H:13])[O:1][H:8])[H:9])[H:10],,
2,-0.2796422758654712,RESP2,b3lyp-d3bj/dzvp,1.0,0.2,C,hf,3,[H:11][c:5]1[c:4]([c:3]([c:2]([c:7]([c:6]1[H:12])[H:13])[O:1][H:8])[H:9])[H:10],,
3,-0.0920474721670472,RESP2,b3lyp-d3bj/dzvp,1.0,0.2,C,hf,4,[H:11][c:5]1[c:4]([c:3]([c:2]([c:7]([c:6]1[H:12])[H:13])[O:1][H:8])[H:9])[H:10],,
4,-0.2244714948762367,RESP2,b3lyp-d3bj/dzvp,1.0,0.2,C,hf,5,[H:11][c:5]1[c:4]([c:3]([c:2]([c:7]([c:6]1[H:12])[H:13])[O:1][H:8])[H:9])[H:10],,
5,-0.0575558689532987,RESP2,b3lyp-d3bj/dzvp,1.0,0.2,C,hf,6,[H:11][c:5]1[c:4]([c:3]([c:2]([c:7]([c:6]1[H:12])[H:13])[O:1][H:8])[H:9])[H:10],,
6,-0.3612044752479258,RESP2,b3lyp-d3bj/dzvp,1.0,0.2,C,hf,7,[H:11][c:5]1[c:4]([c:3]([c:2]([c:7]([c:6]1[H:12])[H:13])[O:1][H:8])[H:9])[H:10],,
7,0.4394452161268545,RESP2,b3lyp-d3bj/dzvp,1.0,0.2,H,hf,8,[H:11][c:5]1[c:4]([c:3]([c:2]([c:7]([c:6]1[H:12])[H:13])[O:1][H:8])[H:9])[H:10],,
8,0.1799675738719449,RESP2,b3lyp-d3bj/dzvp,1.0,0.2,H,hf,9,[H:11][c:5]1[c:4]([c:3]([c:2]([c:7]([c:6]1[H:12])[H:13])[O:1][H:8])[H:9])[H:10],,
9,0.1352317510440136,RESP2,b3lyp-d3bj/dzvp,1.0,0.2,H,hf,10,[H:11][c:5]1[c:4]([c:3]([c:2]([c:7]([c:6]1[H:12])[H:13])[O:1][H:8])[H:9])[H:10],,
10,0.1464026223211542,RESP2,b3lyp-d3bj/dzvp,1.0,0.2,H,hf,11,[H:11][c:5]1[c:4]([c:3]([c:2]([c:7]([c:6]1[H:12])[H:13])[O:1][H:8])[H:9])[H:10],,
11,0.1333443464890685,RESP2,b3lyp-d3bj/dzvp,1.0,0.2,H,hf,12,[H:11][c:5]1[c:4]([c:3]([c:2]([c:7]([c:6]1[H:12])[H:13])[O:1][H:8])[H:9])[H:10],,
12,0.158281854898782,RESP2,b3lyp-d3bj/dzvp,1.0,0.2,H,hf,13,[H:11][c:5]1[c:4]([c:3]([c:2]([c:7]([c:6]1[H:12])[H:13])[O:1][H:8])[H:9])[H:10],,
0,-0.6267681658670979,RESP2,b3lyp-d3bj/dzvp,1.0,0.25,O,hf,1,[H:11][c:5]1[c:4]([c:3]([c:2]([c:7]([c:6]1[H:12])[H:13])[O:1][H:8])[H:9])[H:10],,
1,0.4478373005913368,RESP2,b3lyp-d3bj/dzvp,1.0,0.25,C,hf,2,[H:11][c:5]1[c:4]([c:3]([c:2]([c:7]([c:6]1[H:12])[H:13])[O:1][H:8])[H:9])[H:10],,
2,-0.2808084123249627,RESP2,b3lyp-d3bj/dzvp,1.0,0.25,C,hf,3,[H:11][c:5]1[c:4]([c:3]([c:2]([c:7]([c:6]1[H:12])[H:13])[O:1][H:8])[H:9])[H:10],,
3,-0.0919667009609012,RESP2,b3lyp-d3bj/dzvp,1.0,0.25,C,hf,4,[H:11][c:5]1[c:4]([c:3]([c:2]([c:7]([c:6]1[H:12])[H:13])[O:1][H:8])[H:9])[H:10],,
4,-0.2247828025859921,RESP2,b3lyp-d3bj/dzvp,1.0,0.25,C,hf,5,[H:11][c:5]1[c:4]([c:3]([c:2]([c:7]([c:6]1[H:12])[H:13])[O:1][H:8])[H:9])[H:10],,
5,-0.0574947768917628,RESP2,b3lyp-d3bj/dzvp,1.0,0.25,C,hf,6,[H:11][c:5]1[c:4]([c:3]([c:2]([c:7]([c:6]1[H:12])[H:13])[O:1][H:8])[H:9])[H:10],,
6,-0.3612060115264915,RESP2,b3lyp-d3bj/dzvp,1.0,0.25,C,hf,7,[H:11][c:5]1[c:4]([c:3]([c:2]([c:7]([c:6]1[H:12])[H:13])[O:1][H:8])[H:9])[H:10],,
7,0.4405750722360078,RESP2,b3lyp-d3bj/dzvp,1.0,0.25,H,hf,8,[H:11][c:5]1[c:4]([c:3]([c:2]([c:7]([c:6]1[H:12])[H:13])[O:1][H:8])[H:9])[H:10],,
8,0.1803281589519887,RESP2,b3lyp-d3bj/dzvp,1.0,0.25,H,hf,9,[H:11][c:5]1[c:4]([c:3]([c:2]([c:7]([c:6]1[H:12])[H:13])[O:1][H:8])[H:9])[H:10],,
9,0.1355606391693821,RESP2,b3lyp-d3bj/dzvp,1.0,0.25,H,hf,10,[H:11][c:5]1[c:4]([c:3]([c:2]([c:7]([c:6]1[H:12])[H:13])[O:1][H:8])[H:9])[H:10],,
10,0.1466521999532117,RESP2,b3lyp-d3bj/dzvp,1.0,0.25,H,hf,11,[H:11][c:5]1[c:4]([c:3]([c:2]([c:7]([c:6]1[H:12])[H:13])[O:1][H:8])[H:9])[H:10],,
11,0.1335171257378378,RESP2,b3lyp-d3bj/dzvp,1.0,0.25,H,hf,12,[H:11][c:5]1[c:4]([c:3]([c:2]([c:7]([c:6]1[H:12])[H:13])[O:1][H:8])[H:9])[H:10],,
12,0.1585563735174434,RESP2,b3lyp-d3bj/dzvp,1.0,0.25,H,hf,13,[H:11][c:5]1[c:4]([c:3]([c:2]([c:7]([c:6]1[H:12])[H:13])[O:1][H:8])[H:9])[H:10],,
0,-0.6283150699209471,RESP2,b3lyp-d3bj/dzvp,1.0,0.3,O,hf,1,[H:11][c:5]1[c:4]([c:3]([c:2]([c:7]([c:6]1[H:12])[H:13])[O:1][H:8])[H:9])[H:10],,
1,0.448205117011263,RESP2,b3lyp-d3bj/dzvp,1.0,0.3,C,hf,2,[H:11][c:5]1[c:4]([c:3]([c:2]([c:7]([c:6]1[H:12])[H:13])[O:1][H:8])[H:9])[H:10],,
2,-0.2819745487844541,RESP2,b3lyp-d3bj/dzvp,1.0,0.3,C,hf,3,[H:11][c:5]1[c:4]([c:3]([c:2]([c:7]([c:6]1[H:12])[H:13])[O:1][H:8])[H:9])[H:10],,
3,-0.0918859297547553,RESP2,b3lyp-d3bj/dzvp,1.0,0.3,C,hf,4,[H:11][c:5]1[c:4]([c:3]([c:2]([c:7]([c:6]1[H:12])[H:13])[O:1][H:8])[H:9])[H:10],,
4,-0.2250941102957475,RESP2,b3lyp-d3bj/dzvp,1.0,0.3,C,hf,5,[H:11][c:5]1[c:4]([c:3]([c:2]([c:7]([c:6]1[H:12])[H:13])[O:1][H:8])[H:9])[H:10],,
5,-0.0574336848302271,RESP2,b3lyp-d3bj/dzvp,1.0,0.3,C,hf,6,[H:11][c:5]1[c:4]([c:3]([c:2]([c:7]([c:6]1[H:12])[H:13])[O:1][H:8])[H:9])[H:10],,
6,-0.3612075478050573,RESP2,b3lyp-d3bj/dzvp,1.0,0.3,C,hf,7,[H:11][c:5]1[c:4]([c:3]([c:2]([c:7]([c:6]1[H:12])[H:13])[O:1][H:8])[H:9])[H:10],,
7,0.4417049283451611,RESP2,b3lyp-d3bj/dzvp,1.0,0.3,H,hf,8,[H:11][c:5]1[c:4]([c:3]([c:2]([c:7]([c:6]1[H:12])[H:13])[O:1][H:8])[H:9])[H:10],,
8,0.1806887440320326,RESP2,b3lyp-d3bj/dzvp,1.0,0.3,H,hf,9,[H:11][c:5]1[c:4]([c:3]([c:2]([c:7]([c:6]1[H:12])[H:13])[O:1][H:8])[H:9])[H:10],,
9,0.1358895272947505,RESP2,b3lyp-d3bj/dzvp,1.0,0.3,H,hf,10,[H:11][c:5]1[c:4]([c:3]([c:2]([c:7]([c:6]1[H:12])[H:13])[O:1][H:8])[H:9])[H:10],,
10,0.1469017775852692,RESP2,b3lyp-d3bj/dzvp,1.0,0.3,H,hf,11,[H:11][c:5]1[c:4]([c:3]([c:2]([c:7]([c:6]1[H:12])[H:13])[O:1][H:8])[H:9])[H:10],,
11,0.1336899049866071,RESP2,b3lyp-d3bj/dzvp,1.0,0.3,H,hf,12,[H:11][c:5]1[c:4]([c:3]([c:2]([c:7]([c:6]1[H:12])[H:13])[O:1][H:8])[H:9])[H:10],,
12,0.1588308921361048,RESP2,b3lyp-d3bj/dzvp,1.0,0.3,H,hf,13,[H:11][c:5]1[c:4]([c:3]([c:2]([c:7]([c:6]1[H:12])[H:13])[O:1][H:8])[H:9])[H:10],,
0,-0.6298619739747962,RESP2,b3lyp-d3bj/dzvp,1.0,0.35,O,hf,1,[H:11][c:5]1[c:4]([c:3]([c:2]([c:7]([c:6]1[H:12])[H:13])[O:1][H:8])[H:9])[H:10],,
1,0.4485729334311891,RESP2,b3lyp-d3bj/dzvp,1.0,0.35,C,hf,2,[H:11][c:5]1[c:4]([c:3]([c:2]([c:7]([c:6]1[H:12])[H:13])[O:1][H:8])[H:9])[H:10],,
2,-0.2831406852439455,RESP2,b3lyp-d3bj/dzvp,1.0,0.35,C,hf,3,[H:11][c:5]1[c:4]([c:3]([c:2]([c:7]([c:6]1[H:12])[H:13])[O:1][H:8])[H:9])[H:10],,
3,-0.0918051585486093,RESP2,b3lyp-d3bj/dzvp,1.0,0.35,C,hf,4,[H:11][c:5]1[c:4]([c:3]([c:2]([c:7]([c:6]1[H:12])[H:13])[O:1][H:8])[H:9])[H:10],,
4,-0.2254054180055029,RESP2,b3lyp-d3bj/dzvp,1.0,0.35,C,hf,5,[H:11][c:5]1[c:4]([c:3]([c:2]([c:7]([c:6]1[H:12])[H:13])[O:1][H:8])[H:9])[H:10],,
5,-0.0573725927686912,RESP2,b3lyp-d3bj/dzvp,1.0,0.35,C,hf,6,[H:11][c:5]1[c:4]([c:3]([c:2]([c:7]([c:6]1[H:12])[H:13])[O:1][H:8])[H:9])[H:10],,
6,-0.361209084083623,RESP2,b3lyp-d3bj/dzvp,1.0,0.35,C,hf,7,[H:11][c:5]1[c:4]([c:3]([c:2]([c:7]([c:6]1[H:12])[H:13])[O:1][H:8])[H:9])[H:10],,
7,0.4428347844543143,RESP2,b3lyp-d3bj/dzvp,1.0,0.35,H,hf,8,[H:11][c:5]1[c:4]([c:3]([c:2]([c:7]([c:6]1[H:12])[H:13])[O:1][H:8])[H:9])[H:10],,
8,0.1810493291120765,RESP2,b3lyp-d3bj/dzvp,1.0,0.35,H,hf,9,[H:11][c:5]1[c:4]([c:3]([c:2]([c:7]([c:6]1[H:12])[H:13])[O:1][H:8])[H:9])[H:10],,
9,0.136218415420119,RESP2,b3lyp-d3bj/dzvp,1.0,0.35,H,hf,10,[H:11][c:5]1[c:4]([c:3]([c:2]([c:7]([c:6]1[H:12])[H:13])[O:1][H:8])[H:9])[H:10],,
10,0.1471513552173267,RESP2,b3lyp-d3bj/dzvp,1.0,0.35,H,hf,11,[H:11][c:5]1[c:4]([c:3]([c:2]([c:7]([c:6]1[H:12])[H:13])[O:1][H:8])[H:9])[H:10],,
11,0.1338626842353764,RESP2,b3lyp-d3bj/dzvp,1.0,0.35,H,hf,12,[H:11][c:5]1[c:4]([c:3]([c:2]([c:7]([c:6]1[H:12])[H:13])[O:1][H:8])[H:9])[H:10],,
12,0.1591054107547662,RESP2,b3lyp-d3bj/dzvp,1.0,0.35,H,hf,13,[H:11][c:5]1[c:4]([c:3]([c:2]([c:7]([c:6]1[H:12])[H:13])[O:1][H:8])[H:9])[H:10],,
0,-0.6314088780286453,RESP2,b3lyp-d3bj/dzvp,1.0,0.4,O,hf,1,[H:11][c:5]1[c:4]([c:3]([c:2]([c:7]([c:6]1[H:12])[H:13])[O:1][H:8])[H:9])[H:10],,
1,0.4489407498511152,RESP2,b3lyp-d3bj/dzvp,1.0,0.4,C,hf,2,[H:11][c:5]1[c:4]([c:3]([c:2]([c:7]([c:6]1[H:12])[H:13])[O:1][H:8])[H:9])[H:10],,
2,-0.284306821703437,RESP2,b3lyp-d3bj/dzvp,1.0,0.4,C,hf,3,[H:11][c:5]1[c:4]([c:3]([c:2]([c:7]([c:6]1[H:12])[H:13])[O:1][H:8])[H:9])[H:10],,
3,-0.0917243873424634,RESP2,b3lyp-d3bj/dzvp,1.0,0.4,C,hf,4,[H:11][c:5]1[c:4]([c:3]([c:2]([c:7]([c:6]1[H:12])[H:13])[O:1][H:8])[H:9])[H:10],,
4,-0.2257167257152583,RESP2,b3lyp-d3bj/dzvp,1.0,0.4,C,hf,5,[H:11][c:5]1[c:4]([c:3]([c:2]([c:7]([c:6]1[H:12])[H:13])[O:1][H:8])[H:9])[H:10],,
5,-0.0573115007071554,RESP2,b3lyp-d3bj/dzvp,1.0,0.4,C,hf,6,[H:11][c:5]1[c:4]([c:3]([c:2]([c:7]([c:6]1[H:12])[H:13])[O:1][H:8])[H:9])[H:10],,
6,-0.3612106203621888,RESP2,b3lyp-d3bj/dzvp,1.0,0.4,C,hf,7,[H:11][c:5]1[c:4]([c:3]([c:2]([c:7]([c:6]1[H:12])[H:13])[O:1][H:8])[H:9])[H:10],,
7,0.4439646405634677,RESP2,b3lyp-d3bj/dzvp,1.0,0.4,H,hf,8,[H:11][c:5]1[c:4]([c:3]([c:2]([c:7]([c:6]1[H:12])[H:13])[O:1][H:8])[H:9])[H:10],,
8,0.1814099141921204,RESP2,b3lyp-d3bj/dzvp,1.0,0.4,H,hf,9,[H:11][c:5]1[c:4]([c:3]([c:2]([c:7]([c:6]1[H:12])[H:13])[O:1][H:8])[H:9])[H:10],,
9,0.1365473035454875,RESP2,b3lyp-d3bj/dzvp,1.0,0.4,H,hf,10,[H:11][c:5]1[c:4]([c:3]([c:2]([c:7]([c:6]1[H:12])[H:13])[O:1][H:8])[H:9])[H:10],,
10,0.1474009328493841,RESP2,b3lyp-d3bj/dzvp,1.0,0.4,H,hf,11,[H:11][c:5]1[c:4]([c:3]([c:2]([c:7]([c:6]1[H:12])[H:13])[O:1][H:8])[H:9])[H:10],,
11,0.1340354634841458,RESP2,b3lyp-d3bj/dzvp,1.0,0.4,H,hf,12,[H:11][c:5]1[c:4]([c:3]([c:2]([c:7]([c:6]1[H:12])[H:13])[O:1][H:8])[H:9])[H:10],,
12,0.1593799293734277,RESP2,b3lyp-d3bj/dzvp,1.0,0.4,H,hf,13,[H:11][c:5]1[c:4]([c:3]([c:2]([c:7]([c:6]1[H:12])[H:13])[O:1][H:8])[H:9])[H:10],,
0,-0.6329557820824944,RESP2,b3lyp-d3bj/dzvp,1.0,0.45,O,hf,1,[H:11][c:5]1[c:4]([c:3]([c:2]([c:7]([c:6]1[H:12])[H:13])[O:1][H:8])[H:9])[H:10],,
1,0.4493085662710414,RESP2,b3lyp-d3bj/dzvp,1.0,0.45,C,hf,2,[H:11][c:5]1[c:4]([c:3]([c:2]([c:7]([c:6]1[H:12])[H:13])[O:1][H:8])[H:9])[H:10],,
2,-0.2854729581629285,RESP2,b3lyp-d3bj/dzvp,1.0,0.45,C,hf,3,[H:11][c:5]1[c:4]([c:3]([c:2]([c:7]([c:6]1[H:12])[H:13])[O:1][H:8])[H:9])[H:10],,
3,-0.0916436161363175,RESP2,b3lyp-d3bj/dzvp,1.0,0.45,C,hf,4,[H:11][c:5]1[c:4]([c:3]([c:2]([c:7]([c:6]1[H:12])[H:13])[O:1][H:8])[H:9])[H:10],,
4,-0.2260280334250138,RESP2,b3lyp-d3bj/dzvp,1.0,0.45,C,hf,5,[H:11][c:5]1[c:4]([c:3]([c:2]([c:7]([c:6]1[H:12])[H:13])[O:1][H:8])[H:9])[H:10],,
5,-0.0572504086456197,RESP2,b3lyp-d3bj/dzvp,1.0,0.45,C,hf,6,[H:11][c:5]1[c:4]([c:3]([c:2]([c:7]([c:6]1[H:12])[H:13])[O:1][H:8])[H:9])[H:10],,
6,-0.3612121566407547,RESP2,b3lyp-d3bj/dzvp,1.0,0.45,C,hf,7,[H:11][c:5]1[c:4]([c:3]([c:2]([c:7]([c:6]1[H:12])[H:13])[O:1][H:8])[H:9])[H:10],,
7,0.4450944966726209,RESP2,b3lyp-d3bj/dzvp,1.0,0.45,H,hf,8,[H:11][c:5]1[c:4]([c:3]([c:2]([c:7]([c:6]1[H:12])[H:13])[O:1][H:8])[H:9])[H:10],,
8,0.1817704992721643,RESP2,b3lyp-d3bj/dzvp,1.0,0.45,H,hf,9,[H:11][c:5]1[c:4]([c:3]([c:2]([c:7]([c:6]1[H:12])[H:13])[O:1][H:8])[H:9])[H:10],,
9,0.1368761916708559,RESP2,b3lyp-d3bj/dzvp,1.0,0.45,H,hf,10,[H:11][c:5]1[c:4]([c:3]([c:2]([c:7]([c:6]1[H:12])[H:13])[O:1][H:8])[H:9])[H:10],,
10,0.1476505104814416,RESP2,b3lyp-d3bj/dzvp,1.0,0.45,H,hf,11,[H:11][c:5]1[c:4]([c:3]([c:2]([c:7]([c:6]1[H:12])[H:13])[O:1][H:8])[H:9])[H:10],,
11,0.1342082427329151,RESP2,b3lyp-d3bj/dzvp,1.0,0.45,H,hf,12,[H:11][c:5]1[c:4]([c:3]([c:2]([c:7]([c:6]1[H:12])[H:13])[O:1][H:8])[H:9])[H:10],,
12,0.1596544479920891,RESP2,b3lyp-d3bj/dzvp,1.0,0.45,H,hf,13,[H:11][c:5]1[c:4]([c:3]([c:2]([c:7]([c:6]1[H:12])[H:13])[O:1][H:8])[H:9])[H:10],,
0,-0.6345026861363435,RESP2,b3lyp-d3bj/dzvp,1.0,0.5,O,hf,1,[H:11][c:5]1[c:4]([c:3]([c:2]([c:7]([c:6]1[H:12])[H:13])[O:1][H:8])[H:9])[H:10],,
1,0.4496763826909675,RESP2,b3lyp-d3bj/dzvp,1.0,0.5,C,hf,2,[H:11][c:5]1[c:4]([c:3]([c:2]([c:7]([c:6]1[H:12])[H:13])[O:1][H:8])[H:9])[H:10],,
2,-0.2866390946224199,RESP2,b3lyp-d3bj/dzvp,1.0,0.5,C,hf,3,[H:11][c:5]1[c:4]([c:3]([c:2]([c:7]([c:6]1[H:12])[H:13])[O:1][H:8])[H:9])[H:10],,
3,-0.0915628449301715,RESP2,b3lyp-d3bj/dzvp,1.0,0.5,C,hf,4,[H:11][c:5]1[c:4]([c:3]([c:2]([c:7]([c:6]1[H:12])[H:13])[O:1][H:8])[H:9])[H:10],,
4,-0.2263393411347692,RESP2,b3lyp-d3bj/dzvp,1.0,0.5,C,hf,5,[H:11][c:5]1[c:4]([c:3]([c:2]([c:7]([c:6]1[H:12])[H:13])[O:1][H:8])[H:9])[H:10],,
5,-0.0571893165840838,RESP2,b3lyp-d3bj/dzvp,1.0,0.5,C,hf,6,[H:11][c:5]1[c:4]([c:3]([c:2]([c:7]([c:6]1[H:12])[H:13])[O:1][H:8])[H:9])[H:10],,
6,-0.3612136929193204,RESP2,b3lyp-d3bj/dzvp,1.0,0.5,C,hf,7,[H:11][c:5]1[c:4]([c:3]([c:2]([c:7]([c:6]1[H:12])[H:13])[O:1][H:8])[H:9])[H:10],,
7,0.4462243527817742,RESP2,b3lyp-d3bj/dzvp,1.0,0.5,H,hf,8,[H:11][c:5]1[c:4]([c:3]([c:2]([c:7]([c:6]1[H:12])[H:13])[O:1][H:8])[H:9])[H:10],,
8,0.1821310843522081,RESP2,b3lyp-d3bj/dzvp,1.0,0.5,H,hf,9,[H:11][c:5]1[c:4]([c:3]([c:2]([c:7]([c:6]1[H:12])[H:13])[O:1][H:8])[H:9])[H:10],,
9,0.1372050797962244,RESP2,b3lyp-d3bj/dzvp,1.0,0.5,H,hf,10,[H:11][c:5]1[c:4]([c:3]([c:2]([c:7]([c:6]1[H:12])[H:13])[O:1][H:8])[H:9])[H:10],,
10,0.1479000881134991,RESP2,b3lyp-d3bj/dzvp,1.0,0.5,H,hf,11,[H:11][c:5]1[c:4]([c:3]([c:2]([c:7]([c:6]1[H:12])[H:13])[O:1][H:8])[H:9])[H:10],,
11,0.1343810219816844,RESP2,b3lyp-d3bj/dzvp,1.0,0.5,H,hf,12,[H:11][c:5]1[c:4]([c:3]([c:2]([c:7]([c:6]1[H:12])[H:13])[O:1][H:8])[H:9])[H:10],,
12,0.1599289666107505,RESP2,b3lyp-d3bj/dzvp,1.0,0.5,H,hf,13,[H:11][c:5]1[c:4]([c:3]([c:2]([c:7]([c:6]1[H:12])[H:13])[O:1][H:8])[H:9])[H:10],,
0,-0.6360495901901926,RESP2,b3lyp-d3bj/dzvp,1.0,0.55,O,hf,1,[H:11][c:5]1[c:4]([c:3]([c:2]([c:7]([c:6]1[H:12])[H:13])[O:1][H:8])[H:9])[H:10],,
1,0.4500441991108936,RESP2,b3lyp-d3bj/dzvp,1.0,0.55,C,hf,2,[H:11][c:5]1[c:4]([c:3]([c:2]([c:7]([c:6]1[H:12])[H:13])[O:1][H:8])[H:9])[H:10],,
2,-0.2878052310819113,RESP2,b3lyp-d3bj/dzvp,1.0,0.55,C,hf,3,[H:11][c:5]1[c:4]([c:3]([c:2]([c:7]([c:6]1[H:12])[H:13])[O:1][H:8])[H:9])[H:10],,
3,-0.0914820737240255,RESP2,b3lyp-d3bj/dzvp,1.0,0.55,C,hf,4,[H:11][c:5]1[c:4]([c:3]([c:2]([c:7]([c:6]1[H:12])[H:13])[O:1][H:8])[H:9])[H:10],,
4,-0.2266506488445246,RESP2,b3lyp-d3bj/dzvp,1.0,0.55,C,hf,5,[H:11][c:5]1[c:4]([c:3]([c:2]([c:7]([c:6]1[H:12])[H:13])[O:1][H:8])[H:9])[H:10],,
5,-0.057128224522548,RESP2,b3lyp-d3bj/dzvp,1.0,0.55,C,hf,6,[H:11][c:5]1[c:4]([c:3]([c:2]([c:7]([c:6]1[H:12])[H:13])[O:1][H:8])[H:9])[H:10],,
6,-0.3612152291978862,RESP2,b3lyp-d3bj/dzvp,1.0,0.55,C,hf,7,[H:11][c:5]1[c:4]([c:3]([c:2]([c:7]([c:6]1[H:12])[H:13])[O:1][H:8])[H:9])[H:10],,
7,0.4473542088909276,RESP2,b3lyp-d3bj/dzvp,1.0,0.55,H,hf,8,[H:11][c:5]1[c:4]([c:3]([c:2]([c:7]([c:6]1[H:12])[H:13])[O:1][H:8])[H:9])[H:10],,
8,0.182491669432252,RESP2,b3lyp-d3bj/dzvp,1.0,0.55,H,hf,9,[H:11][c:5]1[c:4]([c:3]([c:2]([c:7]([c:6]1[H:12])[H:13])[O:1][H:8])[H:9])[H:10],,
9,0.1375339679215929,RESP2,b3lyp-d3bj/dzvp,1.0,0.55,H,hf,10,[H:11][c:5]1[c:4]([c:3]([c:2]([c:7]([c:6]1[H:12])[H:13])[O:1][H:8])[H:9])[H:10],,
10,0.1481496657455566,RESP2,b3lyp-d3bj/dzvp,1.0,0.55,H,hf,11,[H:11][c:5]1[c:4]([c:3]([c:2]([c:7]([c:6]1[H:12])[H:13])[O:1][H:8])[H:9])[H:10],,
11,0.1345538012304537,RESP2,b3lyp-d3bj/dzvp,1.0,0.55,H,hf,12,[H:11][c:5]1[c:4]([c:3]([c:2]([c:7]([c:6]1[H:12])[H:13])[O:1][H:8])[H:9])[H:10],,
12,0.160203485229412,RESP2,b3lyp-d3bj/dzvp,1.0,0.55,H,hf,13,[H:11][c:5]1[c:4]([c:3]([c:2]([c:7]([c:6]1[H:12])[H:13])[O:1][H:8])[H:9])[H:10],,
0,-0.6375964942440417,RESP2,b3lyp-d3bj/dzvp,1.0,0.6000000000000001,O,hf,1,[H:11][c:5]1[c:4]([c:3]([c:2]([c:7]([c:6]1[H:12])[H:13])[O:1][H:8])[H:9])[H:10],,
1,0.4504120155308198,RESP2,b3lyp-d3bj/dzvp,1.0,0.6000000000000001,C,hf,2,[H:11][c:5]1[c:4]([c:3]([c:2]([c:7]([c:6]1[H:12])[H:13])[O:1][H:8])[H:9])[H:10],,
2,-0.2889713675414028,RESP2,b3lyp-d3bj/dzvp,1.0,0.6000000000000001,C,hf,3,[H:11][c:5]1[c:4]([c:3]([c:2]([c:7]([c:6]1[H:12])[H:13])[O:1][H:8])[H:9])[H:10],,
3,-0.0914013025178796,RESP2,b3lyp-d3bj/dzvp,1.0,0.6000000000000001,C,hf,4,[H:11][c:5]1[c:4]([c:3]([c:2]([c:7]([c:6]1[H:12])[H:13])[O:1][H:8])[H:9])[H:10],,
4,-0.22696195655428,RESP2,b3lyp-d3bj/dzvp,1.0,0.6000000000000001,C,hf,5,[H:11][c:5]1[c:4]([c:3]([c:2]([c:7]([c:6]1[H:12])[H:13])[O:1][H:8])[H:9])[H:10],,
5,-0.0570671324610122,RESP2,b3lyp-d3bj/dzvp,1.0,0.6000000000000001,C,hf,6,[H:11][c:5]1[c:4]([c:3]([c:2]([c:7]([c:6]1[H:12])[H:13])[O:1][H:8])[H:9])[H:10],,
6,-0.3612167654764519,RESP2,b3lyp-d3bj/dzvp,1.0,0.6000000000000001,C,hf,7,[H:11][c:5]1[c:4]([c:3]([c:2]([c:7]([c:6]1[H:12])[H:13])[O:1][H:8])[H:9])[H:10],,
7,0.4484840650000809,RESP2,b3lyp-d3bj/dzvp,1.0,0.6000000000000001,H,hf,8,[H:11][c:5]1[c:4]([c:3]([c:2]([c:7]([c:6]1[H:12])[H:13])[O:1][H:8])[H:9])[H:10],,
8,0.1828522545122959,RESP2,b3lyp-d3bj/dzvp,1.0,0.6000000000000001,H,hf,9,[H:11][c:5]1[c:4]([c:3]([c:2]([c:7]([c:6]1[H:12])[H:13])[O:1][H:8])[H:9])[H:10],,
9,0.1378628560469613,RESP2,b3lyp-d3bj/dzvp,1.0,0.6000000000000001,H,hf,10,[H:11][c:5]1[c:4]([c:3]([c:2]([c:7]([c:6]1[H:12])[H:13])[O:1][H:8])[H:9])[H:10],,
10,0.1483992433776141,RESP2,b3lyp-d3bj/dzvp,1.0,0.6000000000000001,H,hf,11,[H:11][c:5]1[c:4]([c:3]([c:2]([c:7]([c:6]1[H:12])[H:13])[O:1][H:8])[H:9])[H:10],,
11,0.134726580479223,RESP2,b3lyp-d3bj/dzvp,1.0,0.6000000000000001,H,hf,12,[H:11][c:5]1[c:4]([c:3]([c:2]([c:7]([c:6]1[H:12])[H:13])[O:1][H:8])[H:9])[H:10],,
12,0.1604780038480734,RESP2,b3lyp-d3bj/dzvp,1.0,0.6000000000000001,H,hf,13,[H:11][c:5]1[c:4]([c:3]([c:2]([c:7]([c:6]1[H:12])[H:13])[O:1][H:8])[H:9])[H:10],,
0,-0.6391433982978908,RESP2,b3lyp-d3bj/dzvp,1.0,0.65,O,hf,1,[H:11][c:5]1[c:4]([c:3]([c:2]([c:7]([c:6]1[H:12])[H:13])[O:1][H:8])[H:9])[H:10],,
1,0.4507798319507459,RESP2,b3lyp-d3bj/dzvp,1.0,0.65,C,hf,2,[H:11][c:5]1[c:4]([c:3]([c:2]([c:7]([c:6]1[H:12])[H:13])[O:1][H:8])[H:9])[H:10],,
2,-0.2901375040008942,RESP2,b3lyp-d3bj/dzvp,1.0,0.65,C,hf,3,[H:11][c:5]1[c:4]([c:3]([c:2]([c:7]([c:6]1[H:12])[H:13])[O:1][H:8])[H:9])[H:10],,
3,-0.0913205313117336,RESP2,b3lyp-d3bj/dzvp,1.0,0.65,C,hf,4,[H:11][c:5]1[c:4]([c:3]([c:2]([c:7]([c:6]1[H:12])[H:13])[O:1][H:8])[H:9])[H:10],,
4,-0.2272732642640355,RESP2,b3lyp-d3bj/dzvp,1.0,0.65,C,hf,5,[H:11][c:5]1[c:4]([c:3]([c:2]([c:7]([c:6]1[H:12])[H:13])[O:1][H:8])[H:9])[H:10],,
5,-0.0570060403994764,RESP2,b3lyp-d3bj/dzvp,1.0,0.65,C,hf,6,[H:11][c:5]1[c:4]([c:3]([c:2]([c:7]([c:6]1[H:12])[H:13])[O:1][H:8])[H:9])[H:10],,
6,-0.3612183017550177,RESP2,b3lyp-d3bj/dzvp,1.0,0.65,C,hf,7,[H:11][c:5]1[c:4]([c:3]([c:2]([c:7]([c:6]1[H:12])[H:13])[O:1][H:8])[H:9])[H:10],,
7,0.4496139211092341,RESP2,b3lyp-d3bj/dzvp,1.0,0.65,H,hf,8,[H:11][c:5]1[c:4]([c:3]([c:2]([c:7]([c:6]1[H:12])[H:13])[O:1][H:8])[H:9])[H:10],,
8,0.1832128395923397,RESP2,b3lyp-d3bj/dzvp,1.0,0.65,H,hf,9,[H:11][c:5]1[c:4]([c:3]([c:2]([c:7]([c:6]1[H:12])[H:13])[O:1][H:8])[H:9])[H:10],,
9,0.1381917441723298,RESP2,b3lyp-d3bj/dzvp,1.0,0.65,H,hf,10,[H:11][c:5]1[c:4]([c:3]([c:2]([c:7]([c:6]1[H:12])[H:13])[O:1][H:8])[H:9])[H:10],,
10,0.1486488210096715,RESP2,b3lyp-d3bj/dzvp,1.0,0.65,H,hf,11,[H:11][c:5]1[c:4]([c:3]([c:2]([c:7]([c:6]1[H:12])[H:13])[O:1][H:8])[H:9])[H:10],,
11,0.1348993597279923,RESP2,b3lyp-d3bj/dzvp,1.0,0.65,H,hf,12,[H:11][c:5]1[c:4]([c:3]([c:2]([c:7]([c:6]1[H:12])[H:13])[O:1][H:8])[H:9])[H:10],,
12,0.1607525224667348,RESP2,b3lyp-d3bj/dzvp,1.0,0.65,H,hf,13,[H:11][c:5]1[c:4]([c:3]([c:2]([c:7]([c:6]1[H:12])[H:13])[O:1][H:8])[H:9])[H:10],,
0,-0.64069030235174,RESP2,b3lyp-d3bj/dzvp,1.0,0.7000000000000001,O,hf,1,[H:11][c:5]1[c:4]([c:3]([c:2]([c:7]([c:6]1[H:12])[H:13])[O:1][H:8])[H:9])[H:10],,
1,0.451147648370672,RESP2,b3lyp-d3bj/dzvp,1.0,0.7000000000000001,C,hf,2,[H:11][c:5]1[c:4]([c:3]([c:2]([c:7]([c:6]1[H:12])[H:13])[O:1][H:8])[H:9])[H:10],,
2,-0.2913036404603857,RESP2,b3lyp-d3bj/dzvp,1.0,0.7000000000000001,C,hf,3,[H:11][c:5]1[c:4]([c:3]([c:2]([c:7]([c:6]1[H:12])[H:13])[O:1][H:8])[H:9])[H:10],,
3,-0.0912397601055877,RESP2,b3lyp-d3bj/dzvp,1.0,0.7000000000000001,C,hf,4,[H:11][c:5]1[c:4]([c:3]([c:2]([c:7]([c:6]1[H:12])[H:13])[O:1][H:8])[H:9])[H:10],,
4,-0.2275845719737909,RESP2,b3lyp-d3bj/dzvp,1.0,0.7000000000000001,C,hf,5,[H:11][c:5]1[c:4]([c:3]([c:2]([c:7]([c:6]1[H:12])[H:13])[O:1][H:8])[H:9])[H:10],,
5,-0.0569449483379406,RESP2,b3lyp-d3bj/dzvp,1.0,0.7000000000000001,C,hf,6,[H:11][c:5]1[c:4]([c:3]([c:2]([c:7]([c:6]1[H:12])[H:13])[O:1][H:8])[H:9])[H:10],,
6,-0.3612198380335835,RESP2,b3lyp-d3bj/dzvp,1.0,0.7000000000000001,C,hf,7,[H:11][c:5]1[c:4]([c:3]([c:2]([c:7]([c:6]1[H:12])[H:13])[O:1][H:8])[H:9])[H:10],,
7,0.4507437772183874,RESP2,b3lyp-d3bj/dzvp,1.0,0.7000000000000001,H,hf,8,[H:11][c:5]1[c:4]([c:3]([c:2]([c:7]([c:6]1[H:12])[H:13])[O:1][H:8])[H:9])[H:10],,
8,0.1835734246723836,RESP2,b3lyp-d3bj/dzvp,1.0,0.7000000000000001,H,hf,9,[H:11][c:5]1[c:4]([c:3]([c:2]([c:7]([c:6]1[H:12])[H:13])[O:1][H:8])[H:9])[H:10],,
9,0.1385206322976983,RESP2,b3lyp-d3bj/dzvp,1.0,0.7000000000000001,H,hf,10,[H:11][c:5]1[c:4]([c:3]([c:2]([c:7]([c:6]1[H:12])[H:13])[O:1][H:8])[H:9])[H:10],,
10,0.148898398641729,RESP2,b3lyp-d3bj/dzvp,1.0,0.7000000000000001,H,hf,11,[H:11][c:5]1[c:4]([c:3]([c:2]([c:7]([c:6]1[H:12])[H:13])[O:1][H:8])[H:9])[H:10],,
11,0.1350721389767617,RESP2,b3lyp-d3bj/dzvp,1.0,0.7000000000000001,H,hf,12,[H:11][c:5]1[c:4]([c:3]([c:2]([c:7]([c:6]1[H:12])[H:13])[O:1][H:8])[H:9])[H:10],,
12,0.1610270410853963,RESP2,b3lyp-d3bj/dzvp,1.0,0.7000000000000001,H,hf,13,[H:11][c:5]1[c:4]([c:3]([c:2]([c:7]([c:6]1[H:12])[H:13])[O:1][H:8])[H:9])[H:10],,
0,-0.642237206405589,RESP2,b3lyp-d3bj/dzvp,1.0,0.75,O,hf,1,[H:11][c:5]1[c:4]([c:3]([c:2]([c:7]([c:6]1[H:12])[H:13])[O:1][H:8])[H:9])[H:10],,
1,0.4515154647905981,RESP2,b3lyp-d3bj/dzvp,1.0,0.75,C,hf,2,[H:11][c:5]1[c:4]([c:3]([c:2]([c:7]([c:6]1[H:12])[H:13])[O:1][H:8])[H:9])[H:10],,
2,-0.2924697769198771,RESP2,b3lyp-d3bj/dzvp,1.0,0.75,C,hf,3,[H:11][c:5]1[c:4]([c:3]([c:2]([c:7]([c:6]1[H:12])[H:13])[O:1][H:8])[H:9])[H:10],,
3,-0.0911589888994417,RESP2,b3lyp-d3bj/dzvp,1.0,0.75,C,hf,4,[H:11][c:5]1[c:4]([c:3]([c:2]([c:7]([c:6]1[H:12])[H:13])[O:1][H:8])[H:9])[H:10],,
4,-0.2278958796835463,RESP2,b3lyp-d3bj/dzvp,1.0,0.75,C,hf,5,[H:11][c:5]1[c:4]([c:3]([c:2]([c:7]([c:6]1[H:12])[H:13])[O:1][H:8])[H:9])[H:10],,
5,-0.0568838562764048,RESP2,b3lyp-d3bj/dzvp,1.0,0.75,C,hf,6,[H:11][c:5]1[c:4]([c:3]([c:2]([c:7]([c:6]1[H:12])[H:13])[O:1][H:8])[H:9])[H:10],,
6,-0.3612213743121493,RESP2,b3lyp-d3bj/dzvp,1.0,0.75,C,hf,7,[H:11][c:5]1[c:4]([c:3]([c:2]([c:7]([c:6]1[H:12])[H:13])[O:1][H:8])[H:9])[H:10],,
7,0.4518736333275407,RESP2,b3lyp-d3bj/dzvp,1.0,0.75,H,hf,8,[H:11][c:5]1[c:4]([c:3]([c:2]([c:7]([c:6]1[H:12])[H:13])[O:1][H:8])[H:9])[H:10],,
8,0.1839340097524275,RESP2,b3lyp-d3bj/dzvp,1.0,0.75,H,hf,9,[H:11][c:5]1[c:4]([c:3]([c:2]([c:7]([c:6]1[H:12])[H:13])[O:1][H:8])[H:9])[H:10],,
9,0.1388495204230667,RESP2,b3lyp-d3bj/dzvp,1.0,0.75,H,hf,10,[H:11][c:5]1[c:4]([c:3]([c:2]([c:7]([c:6]1[H:12])[H:13])[O:1][H:8])[H:9])[H:10],,
10,0.1491479762737865,RESP2,b3lyp-d3bj/dzvp,1.0,0.75,H,hf,11,[H:11][c:5]1[c:4]([c:3]([c:2]([c:7]([c:6]1[H:12])[H:13])[O:1][H:8])[H:9])[H:10],,
11,0.135244918225531,RESP2,b3lyp-d3bj/dzvp,1.0,0.75,H,hf,12,[H:11][c:5]1[c:4]([c:3]([c:2]([c:7]([c:6]1[H:12])[H:13])[O:1][H:8])[H:9])[H:10],,
12,0.1613015597040577,RESP2,b3lyp-d3bj/dzvp,1.0,0.75,H,hf,13,[H:11][c:5]1[c:4]([c:3]([c:2]([c:7]([c:6]1[H:12])[H:13])[O:1][H:8])[H:9])[H:10],,
0,-0.6437841104594382,RESP2,b3lyp-d3bj/dzvp,1.0,0.8,O,hf,1,[H:11][c:5]1[c:4]([c:3]([c:2]([c:7]([c:6]1[H:12])[H:13])[O:1][H:8])[H:9])[H:10],,
1,0.4518832812105243,RESP2,b3lyp-d3bj/dzvp,1.0,0.8,C,hf,2,[H:11][c:5]1[c:4]([c:3]([c:2]([c:7]([c:6]1[H:12])[H:13])[O:1][H:8])[H:9])[H:10],,
2,-0.2936359133793685,RESP2,b3lyp-d3bj/dzvp,1.0,0.8,C,hf,3,[H:11][c:5]1[c:4]([c:3]([c:2]([c:7]([c:6]1[H:12])[H:13])[O:1][H:8])[H:9])[H:10],,
3,-0.0910782176932958,RESP2,b3lyp-d3bj/dzvp,1.0,0.8,C,hf,4,[H:11][c:5]1[c:4]([c:3]([c:2]([c:7]([c:6]1[H:12])[H:13])[O:1][H:8])[H:9])[H:10],,
4,-0.2282071873933017,RESP2,b3lyp-d3bj/dzvp,1.0,0.8,C,hf,5,[H:11][c:5]1[c:4]([c:3]([c:2]([c:7]([c:6]1[H:12])[H:13])[O:1][H:8])[H:9])[H:10],,
5,-0.056822764214869,RESP2,b3lyp-d3bj/dzvp,1.0,0.8,C,hf,6,[H:11][c:5]1[c:4]([c:3]([c:2]([c:7]([c:6]1[H:12])[H:13])[O:1][H:8])[H:9])[H:10],,
6,-0.361222910590715,RESP2,b3lyp-d3bj/dzvp,1.0,0.8,C,hf,7,[H:11][c:5]1[c:4]([c:3]([c:2]([c:7]([c:6]1[H:12])[H:13])[O:1][H:8])[H:9])[H:10],,
7,0.453003489436694,RESP2,b3lyp-d3bj/dzvp,1.0,0.8,H,hf,8,[H:11][c:5]1[c:4]([c:3]([c:2]([c:7]([c:6]1[H:12])[H:13])[O:1][H:8])[H:9])[H:10],,
8,0.1842945948324713,RESP2,b3lyp-d3bj/dzvp,1.0,0.8,H,hf,9,[H:11][c:5]1[c:4]([c:3]([c:2]([c:7]([c:6]1[H:12])[H:13])[O:1][H:8])[H:9])[H:10],,
9,0.1391784085484352,RESP2,b3lyp-d3bj/dzvp,1.0,0.8,H,hf,10,[H:11][c:5]1[c:4]([c:3]([c:2]([c:7]([c:6]1[H:12])[H:13])[O:1][H:8])[H:9])[H:10],,
10,0.149397553905844,RESP2,b3lyp-d3bj/dzvp,1.0,0.8,H,hf,11,[H:11][c:5]1[c:4]([c:3]([c:2]([c:7]([c:6]1[H:12])[H:13])[O:1][H:8])[H:9])[H:10],,
11,0.1354176974743003,RESP2,b3lyp-d3bj/dzvp,1.0,0.8,H,hf,12,[H:11][c:5]1[c:4]([c:3]([c:2]([c:7]([c:6]1[H:12])[H:13])[O:1][H:8])[H:9])[H:10],,
12,0.1615760783227191,RESP2,b3lyp-d3bj/dzvp,1.0,0.8,H,hf,13,[H:11][c:5]1[c:4]([c:3]([c:2]([c:7]([c:6]1[H:12])[H:13])[O:1][H:8])[H:9])[H:10],,
0,-0.6453310145132872,RESP2,b3lyp-d3bj/dzvp,1.0,0.8500000000000001,O,hf,1,[H:11][c:5]1[c:4]([c:3]([c:2]([c:7]([c:6]1[H:12])[H:13])[O:1][H:8])[H:9])[H:10],,
1,0.4522510976304504,RESP2,b3lyp-d3bj/dzvp,1.0,0.8500000000000001,C,hf,2,[H:11][c:5]1[c:4]([c:3]([c:2]([c:7]([c:6]1[H:12])[H:13])[O:1][H:8])[H:9])[H:10],,
2,-0.29480204983886,RESP2,b3lyp-d3bj/dzvp,1.0,0.8500000000000001,C,hf,3,[H:11][c:5]1[c:4]([c:3]([c:2]([c:7]([c:6]1[H:12])[H:13])[O:1][H:8])[H:9])[H:10],,
3,-0.0909974464871498,RESP2,b3lyp-d3bj/dzvp,1.0,0.8500000000000001,C,hf,4,[H:11][c:5]1[c:4]([c:3]([c:2]([c:7]([c:6]1[H:12])[H:13])[O:1][H:8])[H:9])[H:10],,
4,-0.2285184951030571,RESP2,b3lyp-d3bj/dzvp,1.0,0.8500000000000001,C,hf,5,[H:11][c:5]1[c:4]([c:3]([c:2]([c:7]([c:6]1[H:12])[H:13])[O:1][H:8])[H:9])[H:10],,
5,-0.0567616721533332,RESP2,b3lyp-d3bj/dzvp,1.0,0.8500000000000001,C,hf,6,[H:11][c:5]1[c:4]([c:3]([c:2]([c:7]([c:6]1[H:12])[H:13])[O:1][H:8])[H:9])[H:10],,
6,-0.3612244468692808,RESP2,b3lyp-d3bj/dzvp,1.0,0.8500000000000001,C,hf,7,[H:11][c:5]1[c:4]([c:3]([c:2]([c:7]([c:6]1[H:12])[H:13])[O:1][H:8])[H:9])[H:10],,
7,0.4541333455458472,RESP2,b3lyp-d3bj/dzvp,1.0,0.8500000000000001,H,hf,8,[H:11][c:5]1[c:4]([c:3]([c:2]([c:7]([c:6]1[H:12])[H:13])[O:1][H:8])[H:9])[H:10],,
8,0.1846551799125152,RESP2,b3lyp-d3bj/dzvp,1.0,0.8500000000000001,H,hf,9,[H:11][c:5]1[c:4]([c:3]([c:2]([c:7]([c:6]1[H:12])[H:13])[O:1][H:8])[H:9])[H:10],,
9,0.1395072966738037,RESP2,b3lyp-d3bj/dzvp,1.0,0.8500000000000001,H,hf,10,[H:11][c:5]1[c:4]([c:3]([c:2]([c:7]([c:6]1[H:12])[H:13])[O:1][H:8])[H:9])[H:10],,
10,0.1496471315379015,RESP2,b3lyp-d3bj/dzvp,1.0,0.8500000000000001,H,hf,11,[H:11][c:5]1[c:4]([c:3]([c:2]([c:7]([c:6]1[H:12])[H:13])[O:1][H:8])[H:9])[H:10],,
11,0.1355904767230696,RESP2,b3lyp-d3bj/dzvp,1.0,0.8500000000000001,H,hf,12,[H:11][c:5]1[c:4]([c:3]([c:2]([c:7]([c:6]1[H:12])[H:13])[O:1][H:8])[H:9])[H:10],,
12,0.1618505969413806,RESP2,b3lyp-d3bj/dzvp,1.0,0.8500000000000001,H,hf,13,[H:11][c:5]1[c:4]([c:3]([c:2]([c:7]([c:6]1[H:12])[H:13])[O:1][H:8])[H:9])[H:10],,
0,-0.6468779185671364,RESP2,b3lyp-d3bj/dzvp,1.0,0.9,O,hf,1,[H:11][c:5]1[c:4]([c:3]([c:2]([c:7]([c:6]1[H:12])[H:13])[O:1][H:8])[H:9])[H:10],,
1,0.4526189140503765,RESP2,b3lyp-d3bj/dzvp,1.0,0.9,C,hf,2,[H:11][c:5]1[c:4]([c:3]([c:2]([c:7]([c:6]1[H:12])[H:13])[O:1][H:8])[H:9])[H:10],,
2,-0.2959681862983514,RESP2,b3lyp-d3bj/dzvp,1.0,0.9,C,hf,3,[H:11][c:5]1[c:4]([c:3]([c:2]([c:7]([c:6]1[H:12])[H:13])[O:1][H:8])[H:9])[H:10],,
3,-0.0909166752810039,RESP2,b3lyp-d3bj/dzvp,1.0,0.9,C,hf,4,[H:11][c:5]1[c:4]([c:3]([c:2]([c:7]([c:6]1[H:12])[H:13])[O:1][H:8])[H:9])[H:10],,
4,-0.2288298028128126,RESP2,b3lyp-d3bj/dzvp,1.0,0.9,C,hf,5,[H:11][c:5]1[c:4]([c:3]([c:2]([c:7]([c:6]1[H:12])[H:13])[O:1][H:8])[H:9])[H:10],,
5,-0.0567005800917974,RESP2,b3lyp-d3bj/dzvp,1.0,0.9,C,hf,6,[H:11][c:5]1[c:4]([c:3]([c:2]([c:7]([c:6]1[H:12])[H:13])[O:1][H:8])[H:9])[H:10],,
6,-0.3612259831478466,RESP2,b3lyp-d3bj/dzvp,1.0,0.9,C,hf,7,[H:11][c:5]1[c:4]([c:3]([c:2]([c:7]([c:6]1[H:12])[H:13])[O:1][H:8])[H:9])[H:10],,
7,0.4552632016550005,RESP2,b3lyp-d3bj/dzvp,1.0,0.9,H,hf,8,[H:11][c:5]1[c:4]([c:3]([c:2]([c:7]([c:6]1[H:12])[H:13])[O:1][H:8])[H:9])[H:10],,
8,0.1850157649925591,RESP2,b3lyp-d3bj/dzvp,1.0,0.9,H,hf,9,[H:11][c:5]1[c:4]([c:3]([c:2]([c:7]([c:6]1[H:12])[H:13])[O:1][H:8])[H:9])[H:10],,
9,0.1398361847991722,RESP2,b3lyp-d3bj/dzvp,1.0,0.9,H,hf,10,[H:11][c:5]1[c:4]([c:3]([c:2]([c:7]([c:6]1[H:12])[H:13])[O:1][H:8])[H:9])[H:10],,
10,0.1498967091699589,RESP2,b3lyp-d3bj/dzvp,1.0,0.9,H,hf,11,[H:11][c:5]1[c:4]([c:3]([c:2]([c:7]([c:6]1[H:12])[H:13])[O:1][H:8])[H:9])[H:10],,
11,0.135763255971839,RESP2,b3lyp-d3bj/dzvp,1.0,0.9,H,hf,12,[H:11][c:5]1[c:4]([c:3]([c:2]([c:7]([c:6]1[H:12])[H:13])[O:1][H:8])[H:9])[H:10],,
12,0.162125115560042,RESP2,b3lyp-d3bj/dzvp,1.0,0.9,H,hf,13,[H:11][c:5]1[c:4]([c:3]([c:2]([c:7]([c:6]1[H:12])[H:13])[O:1][H:8])[H:9])[H:10],,
0,-0.6484248226209854,RESP2,b3lyp-d3bj/dzvp,1.0,0.95,O,hf,1,[H:11][c:5]1[c:4]([c:3]([c:2]([c:7]([c:6]1[H:12])[H:13])[O:1][H:8])[H:9])[H:10],,
1,0.4529867304703027,RESP2,b3lyp-d3bj/dzvp,1.0,0.95,C,hf,2,[H:11][c:5]1[c:4]([c:3]([c:2]([c:7]([c:6]1[H:12])[H:13])[O:1][H:8])[H:9])[H:10],,
2,-0.2971343227578428,RESP2,b3lyp-d3bj/dzvp,1.0,0.95,C,hf,3,[H:11][c:5]1[c:4]([c:3]([c:2]([c:7]([c:6]1[H:12])[H:13])[O:1][H:8])[H:9])[H:10],,
3,-0.0908359040748579,RESP2,b3lyp-d3bj/dzvp,1.0,0.95,C,hf,4,[H:11][c:5]1[c:4]([c:3]([c:2]([c:7]([c:6]1[H:12])[H:13])[O:1][H:8])[H:9])[H:10],,
4,-0.229141110522568,RESP2,b3lyp-d3bj/dzvp,1.0,0.95,C,hf,5,[H:11][c:5]1[c:4]([c:3]([c:2]([c:7]([c:6]1[H:12])[H:13])[O:1][H:8])[H:9])[H:10],,
5,-0.0566394880302616,RESP2,b3lyp-d3bj/dzvp,1.0,0.95,C,hf,6,[H:11][c:5]1[c:4]([c:3]([c:2]([c:7]([c:6]1[H:12])[H:13])[O:1][H:8])[H:9])[H:10],,
6,-0.3612275194264123,RESP2,b3lyp-d3bj/dzvp,1.0,0.95,C,hf,7,[H:11][c:5]1[c:4]([c:3]([c:2]([c:7]([c:6]1[H:12])[H:13])[O:1][H:8])[H:9])[H:10],,
7,0.4563930577641538,RESP2,b3lyp-d3bj/dzvp,1.0,0.95,H,hf,8,[H:11][c:5]1[c:4]([c:3]([c:2]([c:7]([c:6]1[H:12])[H:13])[O:1][H:8])[H:9])[H:10],,
8,0.1853763500726029,RESP2,b3lyp-d3bj/dzvp,1.0,0.95,H,hf,9,[H:11][c:5]1[c:4]([c:3]([c:2]([c:7]([c:6]1[H:12])[H:13])[O:1][H:8])[H:9])[H:10],,
9,0.1401650729245406,RESP2,b3lyp-d3bj/dzvp,1.0,0.95,H,hf,10,[H:11][c:5]1[c:4]([c:3]([c:2]([c:7]([c:6]1[H:12])[H:13])[O:1][H:8])[H:9])[H:10],,
10,0.1501462868020164,RESP2,b3lyp-d3bj/dzvp,1.0,0.95,H,hf,11,[H:11][c:5]1[c:4]([c:3]([c:2]([c:7]([c:6]1[H:12])[H:13])[O:1][H:8])[H:9])[H:10],,
11,0.1359360352206083,RESP2,b3lyp-d3bj/dzvp,1.0,0.95,H,hf,12,[H:11][c:5]1[c:4]([c:3]([c:2]([c:7]([c:6]1[H:12])[H:13])[O:1][H:8])[H:9])[H:10],,
12,0.1623996341787034,RESP2,b3lyp-d3bj/dzvp,1.0,0.95,H,hf,13,[H:11][c:5]1[c:4]([c:3]([c:2]([c:7]([c:6]1[H:12])[H:13])[O:1][H:8])[H:9])[H:10],,
0,-0.6499717266748346,RESP2,b3lyp-d3bj/dzvp,1.0,1.0,O,hf,1,[H:11][c:5]1[c:4]([c:3]([c:2]([c:7]([c:6]1[H:12])[H:13])[O:1][H:8])[H:9])[H:10],,
1,0.4533545468902288,RESP2,b3lyp-d3bj/dzvp,1.0,1.0,C,hf,2,[H:11][c:5]1[c:4]([c:3]([c:2]([c:7]([c:6]1[H:12])[H:13])[O:1][H:8])[H:9])[H:10],,
2,-0.2983004592173343,RESP2,b3lyp-d3bj/dzvp,1.0,1.0,C,hf,3,[H:11][c:5]1[c:4]([c:3]([c:2]([c:7]([c:6]1[H:12])[H:13])[O:1][H:8])[H:9])[H:10],,
3,-0.090755132868712,RESP2,b3lyp-d3bj/dzvp,1.0,1.0,C,hf,4,[H:11][c:5]1[c:4]([c:3]([c:2]([c:7]([c:6]1[H:12])[H:13])[O:1][H:8])[H:9])[H:10],,
4,-0.2294524182323234,RESP2,b3lyp-d3bj/dzvp,1.0,1.0,C,hf,5,[H:11][c:5]1[c:4]([c:3]([c:2]([c:7]([c:6]1[H:12])[H:13])[O:1][H:8])[H:9])[H:10],,
5,-0.0565783959687258,RESP2,b3lyp-d3bj/dzvp,1.0,1.0,C,hf,6,[H:11][c:5]1[c:4]([c:3]([c:2]([c:7]([c:6]1[H:12])[H:13])[O:1][H:8])[H:9])[H:10],,
6,-0.3612290557049781,RESP2,b3lyp-d3bj/dzvp,1.0,1.0,C,hf,7,[H:11][c:5]1[c:4]([c:3]([c:2]([c:7]([c:6]1[H:12])[H:13])[O:1][H:8])[H:9])[H:10],,
7,0.4575229138733071,RESP2,b3lyp-d3bj/dzvp,1.0,1.0,H,hf,8,[H:11][c:5]1[c:4]([c:3]([c:2]([c:7]([c:6]1[H:12])[H:13])[O:1][H:8])[H:9])[H:10],,
8,0.1857369351526468,RESP2,b3lyp-d3bj/dzvp,1.0,1.0,H,hf,9,[H:11][c:5]1[c:4]([c:3]([c:2]([c:7]([c:6]1[H:12])[H:13])[O:1][H:8])[H:9])[H:10],,
9,0.1404939610499091,RESP2,b3lyp-d3bj/dzvp,1.0,1.0,H,hf,10,[H:11][c:5]1[c:4]([c:3]([c:2]([c:7]([c:6]1[H:12])[H:13])[O:1][H:8])[H:9])[H:10],,
10,0.1503958644340739,RESP2,b3lyp-d3bj/dzvp,1.0,1.0,H,hf,11,[H:11][c:5]1[c:4]([c:3]([c:2]([c:7]([c:6]1[H:12])[H:13])[O:1][H:8])[H:9])[H:10],,
11,0.1361088144693776,RESP2,b3lyp-d3bj/dzvp,1.0,1.0,H,hf,12,[H:11][c:5]1[c:4]([c:3]([c:2]([c:7]([c:6]1[H:12])[H:13])[O:1][H:8])[H:9])[H:10],,
12,0.1626741527973648,RESP2,b3lyp-d3bj/dzvp,1.0,1.0,H,hf,13,[H:11][c:5]1[c:4]([c:3]([c:2]([c:7]([c:6]1[H:12])[H:13])[O:1][H:8])[H:9])[H:10],,
0,-0.6190336455980056,RESP2,b3lyp-d3bj/dzvp,,0.0,O,hf,1,[H:11][c:5]1[c:4]([c:3]([c:2]([c:7]([c:6]1[H:12])[H:13])[O:1][H:8])[H:9])[H:10],,
1,0.4459982184925828,RESP2,b3lyp-d3bj/dzvp,,0.0,C,hf,2,[H:11][c:5]1[c:4]([c:3]([c:2]([c:7]([c:6]1[H:12])[H:13])[O:1][H:8])[H:9])[H:10],,
2,-0.2749777300282034,RESP2,b3lyp-d3bj/dzvp,,0.0,C,hf,3,[H:11][c:5]1[c:4]([c:3]([c:2]([c:7]([c:6]1[H:12])[H:13])[O:1][H:8])[H:9])[H:10],,
3,-0.0923705569907137,RESP2,b3lyp-d3bj/dzvp,,0.0,C,hf,4,[H:11][c:5]1[c:4]([c:3]([c:2]([c:7]([c:6]1[H:12])[H:13])[O:1][H:8])[H:9])[H:10],,
4,-0.2232262640386035,RESP2,b3lyp-d3bj/dzvp,,0.0,C,hf,5,[H:11][c:5]1[c:4]([c:3]([c:2]([c:7]([c:6]1[H:12])[H:13])[O:1][H:8])[H:9])[H:10],,
5,-0.0578002371980114,RESP2,b3lyp-d3bj/dzvp,,0.0,C,hf,6,[H:11][c:5]1[c:4]([c:3]([c:2]([c:7]([c:6]1[H:12])[H:13])[O:1][H:8])[H:9])[H:10],,
6,-0.3611983301348445,RESP2,b3lyp-d3bj/dzvp,,0.0,C,hf,7,[H:11][c:5]1[c:4]([c:3]([c:2]([c:7]([c:6]1[H:12])[H:13])[O:1][H:8])[H:9])[H:10],,
7,0.4349257916902674,RESP2,b3lyp-d3bj/dzvp,,0.0,H,hf,8,[H:11][c:5]1[c:4]([c:3]([c:2]([c:7]([c:6]1[H:12])[H:13])[O:1][H:8])[H:9])[H:10],,
8,0.1785252335518483,RESP2,b3lyp-d3bj/dzvp,,0.0,H,hf,9,[H:11][c:5]1[c:4]([c:3]([c:2]([c:7]([c:6]1[H:12])[H:13])[O:1][H:8])[H:9])[H:10],,
9,0.1339161985423987,RESP2,b3lyp-d3bj/dzvp,,0.0,H,hf,10,[H:11][c:5]1[c:4]([c:3]([c:2]([c:7]([c:6]1[H:12])[H:13])[O:1][H:8])[H:9])[H:10],,
10,0.1454043117932492,RESP2,b3lyp-d3bj/dzvp,,0.0,H,hf,11,[H:11][c:5]1[c:4]([c:3]([c:2]([c:7]([c:6]1[H:12])[H:13])[O:1][H:8])[H:9])[H:10],,
11,0.1326532294936867,RESP2,b3lyp-d3bj/dzvp,,0.0,H,hf,12,[H:11][c:5]1[c:4]([c:3]([c:2]([c:7]([c:6]1[H:12])[H:13])[O:1][H:8])[H:9])[H:10],,
12,0.1571837804243489,RESP2,b3lyp-d3bj/dzvp,,0.0,H,hf,13,[H:11][c:5]1[c:4]([c:3]([c:2]([c:7]([c:6]1[H:12])[H:13])[O:1][H:8])[H:9])[H:10],,
0,-0.620580549645969,RESP2,b3lyp-d3bj/dzvp,,0.05,O,hf,1,[H:11][c:5]1[c:4]([c:3]([c:2]([c:7]([c:6]1[H:12])[H:13])[O:1][H:8])[H:9])[H:10],,
1,0.4463660348412732,RESP2,b3lyp-d3bj/dzvp,,0.05,C,hf,2,[H:11][c:5]1[c:4]([c:3]([c:2]([c:7]([c:6]1[H:12])[H:13])[O:1][H:8])[H:9])[H:10],,
2,-0.2761438664419605,RESP2,b3lyp-d3bj/dzvp,,0.05,C,hf,3,[H:11][c:5]1[c:4]([c:3]([c:2]([c:7]([c:6]1[H:12])[H:13])[O:1][H:8])[H:9])[H:10],,
3,-0.092289785781014,RESP2,b3lyp-d3bj/dzvp,,0.05,C,hf,4,[H:11][c:5]1[c:4]([c:3]([c:2]([c:7]([c:6]1[H:12])[H:13])[O:1][H:8])[H:9])[H:10],,
4,-0.2235375716932278,RESP2,b3lyp-d3bj/dzvp,,0.05,C,hf,5,[H:11][c:5]1[c:4]([c:3]([c:2]([c:7]([c:6]1[H:12])[H:13])[O:1][H:8])[H:9])[H:10],,
5,-0.0577391451772508,RESP2,b3lyp-d3bj/dzvp,,0.05,C,hf,6,[H:11][c:5]1[c:4]([c:3]([c:2]([c:7]([c:6]1[H:12])[H:13])[O:1][H:8])[H:9])[H:10],,
6,-0.3611998663048899,RESP2,b3lyp-d3bj/dzvp,,0.05,C,hf,7,[H:11][c:5]1[c:4]([c:3]([c:2]([c:7]([c:6]1[H:12])[H:13])[O:1][H:8])[H:9])[H:10],,
7,0.4360556477893719,RESP2,b3lyp-d3bj/dzvp,,0.05,H,hf,8,[H:11][c:5]1[c:4]([c:3]([c:2]([c:7]([c:6]1[H:12])[H:13])[O:1][H:8])[H:9])[H:10],,
8,0.1788858186062477,RESP2,b3lyp-d3bj/dzvp,,0.05,H,hf,9,[H:11][c:5]1[c:4]([c:3]([c:2]([c:7]([c:6]1[H:12])[H:13])[O:1][H:8])[H:9])[H:10],,
9,0.1342450866605424,RESP2,b3lyp-d3bj/dzvp,,0.05,H,hf,10,[H:11][c:5]1[c:4]([c:3]([c:2]([c:7]([c:6]1[H:12])[H:13])[O:1][H:8])[H:9])[H:10],,
10,0.145653889406372,RESP2,b3lyp-d3bj/dzvp,,0.05,H,hf,11,[H:11][c:5]1[c:4]([c:3]([c:2]([c:7]([c:6]1[H:12])[H:13])[O:1][H:8])[H:9])[H:10],,
11,0.1328260087294919,RESP2,b3lyp-d3bj/dzvp,,0.05,H,hf,12,[H:11][c:5]1[c:4]([c:3]([c:2]([c:7]([c:6]1[H:12])[H:13])[O:1][H:8])[H:9])[H:10],,
12,0.1574582990110131,RESP2,b3lyp-d3bj/dzvp,,0.05,H,hf,13,[H:11][c:5]1[c:4]([c:3]([c:2]([c:7]([c:6]1[H:12])[H:13])[O:1][H:8])[H:9])[H:10],,
0,-0.6221274536939325,RESP2,b3lyp-d3bj/dzvp,,0.1,O,hf,1,[H:11][c:5]1[c:4]([c:3]([c:2]([c:7]([c:6]1[H:12])[H:13])[O:1][H:8])[H:9])[H:10],,
1,0.4467338511899637,RESP2,b3lyp-d3bj/dzvp,,0.1,C,hf,2,[H:11][c:5]1[c:4]([c:3]([c:2]([c:7]([c:6]1[H:12])[H:13])[O:1][H:8])[H:9])[H:10],,
2,-0.2773100028557175,RESP2,b3lyp-d3bj/dzvp,,0.1,C,hf,3,[H:11][c:5]1[c:4]([c:3]([c:2]([c:7]([c:6]1[H:12])[H:13])[O:1][H:8])[H:9])[H:10],,
3,-0.0922090145713144,RESP2,b3lyp-d3bj/dzvp,,0.1,C,hf,4,[H:11][c:5]1[c:4]([c:3]([c:2]([c:7]([c:6]1[H:12])[H:13])[O:1][H:8])[H:9])[H:10],,
4,-0.2238488793478522,RESP2,b3lyp-d3bj/dzvp,,0.1,C,hf,5,[H:11][c:5]1[c:4]([c:3]([c:2]([c:7]([c:6]1[H:12])[H:13])[O:1][H:8])[H:9])[H:10],,
5,-0.0576780531564901,RESP2,b3lyp-d3bj/dzvp,,0.1,C,hf,6,[H:11][c:5]1[c:4]([c:3]([c:2]([c:7]([c:6]1[H:12])[H:13])[O:1][H:8])[H:9])[H:10],,
6,-0.3612014024749354,RESP2,b3lyp-d3bj/dzvp,,0.1,C,hf,7,[H:11][c:5]1[c:4]([c:3]([c:2]([c:7]([c:6]1[H:12])[H:13])[O:1][H:8])[H:9])[H:10],,
7,0.4371855038884764,RESP2,b3lyp-d3bj/dzvp,,0.1,H,hf,8,[H:11][c:5]1[c:4]([c:3]([c:2]([c:7]([c:6]1[H:12])[H:13])[O:1][H:8])[H:9])[H:10],,
8,0.1792464036606471,RESP2,b3lyp-d3bj/dzvp,,0.1,H,hf,9,[H:11][c:5]1[c:4]([c:3]([c:2]([c:7]([c:6]1[H:12])[H:13])[O:1][H:8])[H:9])[H:10],,
9,0.134573974778686,RESP2,b3lyp-d3bj/dzvp,,0.1,H,hf,10,[H:11][c:5]1[c:4]([c:3]([c:2]([c:7]([c:6]1[H:12])[H:13])[O:1][H:8])[H:9])[H:10],,
10,0.1459034670194947,RESP2,b3lyp-d3bj/dzvp,,0.1,H,hf,11,[H:11][c:5]1[c:4]([c:3]([c:2]([c:7]([c:6]1[H:12])[H:13])[O:1][H:8])[H:9])[H:10],,
11,0.132998787965297,RESP2,b3lyp-d3bj/dzvp,,0.1,H,hf,12,[H:11][c:5]1[c:4]([c:3]([c:2]([c:7]([c:6]1[H:12])[H:13])[O:1][H:8])[H:9])[H:10],,
12,0.1577328175976773,RESP2,b3lyp-d3bj/dzvp,,0.1,H,hf,13,[H:11][c:5]1[c:4]([c:3]([c:2]([c:7]([c:6]1[H:12])[H:13])[O:1][H:8])[H:9])[H:10],,
0,-0.6236743577418958,RESP2,b3lyp-d3bj/dzvp,,0.15,O,hf,1,[H:11][c:5]1[c:4]([c:3]([c:2]([c:7]([c:6]1[H:12])[H:13])[O:1][H:8])[H:9])[H:10],,
1,0.4471016675386541,RESP2,b3lyp-d3bj/dzvp,,0.15,C,hf,2,[H:11][c:5]1[c:4]([c:3]([c:2]([c:7]([c:6]1[H:12])[H:13])[O:1][H:8])[H:9])[H:10],,
2,-0.2784761392694745,RESP2,b3lyp-d3bj/dzvp,,0.15,C,hf,3,[H:11][c:5]1[c:4]([c:3]([c:2]([c:7]([c:6]1[H:12])[H:13])[O:1][H:8])[H:9])[H:10],,
3,-0.0921282433616149,RESP2,b3lyp-d3bj/dzvp,,0.15,C,hf,4,[H:11][c:5]1[c:4]([c:3]([c:2]([c:7]([c:6]1[H:12])[H:13])[O:1][H:8])[H:9])[H:10],,
4,-0.2241601870024765,RESP2,b3lyp-d3bj/dzvp,,0.15,C,hf,5,[H:11][c:5]1[c:4]([c:3]([c:2]([c:7]([c:6]1[H:12])[H:13])[O:1][H:8])[H:9])[H:10],,
5,-0.0576169611357294,RESP2,b3lyp-d3bj/dzvp,,0.15,C,hf,6,[H:11][c:5]1[c:4]([c:3]([c:2]([c:7]([c:6]1[H:12])[H:13])[O:1][H:8])[H:9])[H:10],,
6,-0.3612029386449809,RESP2,b3lyp-d3bj/dzvp,,0.15,C,hf,7,[H:11][c:5]1[c:4]([c:3]([c:2]([c:7]([c:6]1[H:12])[H:13])[O:1][H:8])[H:9])[H:10],,
7,0.4383153599875808,RESP2,b3lyp-d3bj/dzvp,,0.15,H,hf,8,[H:11][c:5]1[c:4]([c:3]([c:2]([c:7]([c:6]1[H:12])[H:13])[O:1][H:8])[H:9])[H:10],,
8,0.1796069887150465,RESP2,b3lyp-d3bj/dzvp,,0.15,H,hf,9,[H:11][c:5]1[c:4]([c:3]([c:2]([c:7]([c:6]1[H:12])[H:13])[O:1][H:8])[H:9])[H:10],,
9,0.1349028628968295,RESP2,b3lyp-d3bj/dzvp,,0.15,H,hf,10,[H:11][c:5]1[c:4]([c:3]([c:2]([c:7]([c:6]1[H:12])[H:13])[O:1][H:8])[H:9])[H:10],,
10,0.1461530446326175,RESP2,b3lyp-d3bj/dzvp,,0.15,H,hf,11,[H:11][c:5]1[c:4]([c:3]([c:2]([c:7]([c:6]1[H:12])[H:13])[O:1][H:8])[H:9])[H:10],,
11,0.1331715672011021,RESP2,b3lyp-d3bj/dzvp,,0.15,H,hf,12,[H:11][c:5]1[c:4]([c:3]([c:2]([c:7]([c:6]1[H:12])[H:13])[O:1][H:8])[H:9])[H:10],,
12,0.1580073361843414,RESP2,b3lyp-d3bj/dzvp,,0.15,H,hf,13,[H:11][c:5]1[c:4]([c:3]([c:2]([c:7]([c:6]1[H:12])[H:13])[O:1][H:8])[H:9])[H:10],,
0,-0.6252212617898593,RESP2,b3lyp-d3bj/dzvp,,0.2,O,hf,1,[H:11][c:5]1[c:4]([c:3]([c:2]([c:7]([c:6]1[H:12])[H:13])[O:1][H:8])[H:9])[H:10],,
1,0.4474694838873446,RESP2,b3lyp-d3bj/dzvp,,0.2,C,hf,2,[H:11][c:5]1[c:4]([c:3]([c:2]([c:7]([c:6]1[H:12])[H:13])[O:1][H:8])[H:9])[H:10],,
2,-0.2796422756832316,RESP2,b3lyp-d3bj/dzvp,,0.2,C,hf,3,[H:11][c:5]1[c:4]([c:3]([c:2]([c:7]([c:6]1[H:12])[H:13])[O:1][H:8])[H:9])[H:10],,
3,-0.0920474721519153,RESP2,b3lyp-d3bj/dzvp,,0.2,C,hf,4,[H:11][c:5]1[c:4]([c:3]([c:2]([c:7]([c:6]1[H:12])[H:13])[O:1][H:8])[H:9])[H:10],,
4,-0.2244714946571009,RESP2,b3lyp-d3bj/dzvp,,0.2,C,hf,5,[H:11][c:5]1[c:4]([c:3]([c:2]([c:7]([c:6]1[H:12])[H:13])[O:1][H:8])[H:9])[H:10],,
5,-0.0575558691149688,RESP2,b3lyp-d3bj/dzvp,,0.2,C,hf,6,[H:11][c:5]1[c:4]([c:3]([c:2]([c:7]([c:6]1[H:12])[H:13])[O:1][H:8])[H:9])[H:10],,
6,-0.3612044748150263,RESP2,b3lyp-d3bj/dzvp,,0.2,C,hf,7,[H:11][c:5]1[c:4]([c:3]([c:2]([c:7]([c:6]1[H:12])[H:13])[O:1][H:8])[H:9])[H:10],,
7,0.4394452160866853,RESP2,b3lyp-d3bj/dzvp,,0.2,H,hf,8,[H:11][c:5]1[c:4]([c:3]([c:2]([c:7]([c:6]1[H:12])[H:13])[O:1][H:8])[H:9])[H:10],,
8,0.179967573769446,RESP2,b3lyp-d3bj/dzvp,,0.2,H,hf,9,[H:11][c:5]1[c:4]([c:3]([c:2]([c:7]([c:6]1[H:12])[H:13])[O:1][H:8])[H:9])[H:10],,
9,0.1352317510149732,RESP2,b3lyp-d3bj/dzvp,,0.2,H,hf,10,[H:11][c:5]1[c:4]([c:3]([c:2]([c:7]([c:6]1[H:12])[H:13])[O:1][H:8])[H:9])[H:10],,
10,0.1464026222457403,RESP2,b3lyp-d3bj/dzvp,,0.2,H,hf,11,[H:11][c:5]1[c:4]([c:3]([c:2]([c:7]([c:6]1[H:12])[H:13])[O:1][H:8])[H:9])[H:10],,
11,0.1333443464369072,RESP2,b3lyp-d3bj/dzvp,,0.2,H,hf,12,[H:11][c:5]1[c:4]([c:3]([c:2]([c:7]([c:6]1[H:12])[H:13])[O:1][H:8])[H:9])[H:10],,
12,0.1582818547710056,RESP2,b3lyp-d3bj/dzvp,,0.2,H,hf,13,[H:11][c:5]1[c:4]([c:3]([c:2]([c:7]([c:6]1[H:12])[H:13])[O:1][H:8])[H:9])[H:10],,
0,-0.6267681658378227,RESP2,b3lyp-d3bj/dzvp,,0.25,O,hf,1,[H:11][c:5]1[c:4]([c:3]([c:2]([c:7]([c:6]1[H:12])[H:13])[O:1][H:8])[H:9])[H:10],,
1,0.447837300236035,RESP2,b3lyp-d3bj/dzvp,,0.25,C,hf,2,[H:11][c:5]1[c:4]([c:3]([c:2]([c:7]([c:6]1[H:12])[H:13])[O:1][H:8])[H:9])[H:10],,
2,-0.2808084120969886,RESP2,b3lyp-d3bj/dzvp,,0.25,C,hf,3,[H:11][c:5]1[c:4]([c:3]([c:2]([c:7]([c:6]1[H:12])[H:13])[O:1][H:8])[H:9])[H:10],,
3,-0.0919667009422157,RESP2,b3lyp-d3bj/dzvp,,0.25,C,hf,4,[H:11][c:5]1[c:4]([c:3]([c:2]([c:7]([c:6]1[H:12])[H:13])[O:1][H:8])[H:9])[H:10],,
4,-0.2247828023117252,RESP2,b3lyp-d3bj/dzvp,,0.25,C,hf,5,[H:11][c:5]1[c:4]([c:3]([c:2]([c:7]([c:6]1[H:12])[H:13])[O:1][H:8])[H:9])[H:10],,
5,-0.0574947770942081,RESP2,b3lyp-d3bj/dzvp,,0.25,C,hf,6,[H:11][c:5]1[c:4]([c:3]([c:2]([c:7]([c:6]1[H:12])[H:13])[O:1][H:8])[H:9])[H:10],,
6,-0.3612060109850718,RESP2,b3lyp-d3bj/dzvp,,0.25,C,hf,7,[H:11][c:5]1[c:4]([c:3]([c:2]([c:7]([c:6]1[H:12])[H:13])[O:1][H:8])[H:9])[H:10],,
7,0.4405750721857898,RESP2,b3lyp-d3bj/dzvp,,0.25,H,hf,8,[H:11][c:5]1[c:4]([c:3]([c:2]([c:7]([c:6]1[H:12])[H:13])[O:1][H:8])[H:9])[H:10],,
8,0.1803281588238454,RESP2,b3lyp-d3bj/dzvp,,0.25,H,hf,9,[H:11][c:5]1[c:4]([c:3]([c:2]([c:7]([c:6]1[H:12])[H:13])[O:1][H:8])[H:9])[H:10],,
9,0.1355606391331168,RESP2,b3lyp-d3bj/dzvp,,0.25,H,hf,10,[H:11][c:5]1[c:4]([c:3]([c:2]([c:7]([c:6]1[H:12])[H:13])[O:1][H:8])[H:9])[H:10],,
10,0.1466521998588631,RESP2,b3lyp-d3bj/dzvp,,0.25,H,hf,11,[H:11][c:5]1[c:4]([c:3]([c:2]([c:7]([c:6]1[H:12])[H:13])[O:1][H:8])[H:9])[H:10],,
11,0.1335171256727124,RESP2,b3lyp-d3bj/dzvp,,0.25,H,hf,12,[H:11][c:5]1[c:4]([c:3]([c:2]([c:7]([c:6]1[H:12])[H:13])[O:1][H:8])[H:9])[H:10],,
12,0.1585563733576697,RESP2,b3lyp-d3bj/dzvp,,0.25,H,hf,13,[H:11][c:5]1[c:4]([c:3]([c:2]([c:7]([c:6]1[H:12])[H:13])[O:1][H:8])[H:9])[H:10],,
0,-0.628315069885786,RESP2,b3lyp-d3bj/dzvp,,0.3,O,hf,1,[H:11][c:5]1[c:4]([c:3]([c:2]([c:7]([c:6]1[H:12])[H:13])[O:1][H:8])[H:9])[H:10],,
1,0.4482051165847254,RESP2,b3lyp-d3bj/dzvp,,0.3,C,hf,2,[H:11][c:5]1[c:4]([c:3]([c:2]([c:7]([c:6]1[H:12])[H:13])[O:1][H:8])[H:9])[H:10],,
2,-0.2819745485107457,RESP2,b3lyp-d3bj/dzvp,,0.3,C,hf,3,[H:11][c:5]1[c:4]([c:3]([c:2]([c:7]([c:6]1[H:12])[H:13])[O:1][H:8])[H:9])[H:10],,
3,-0.0918859297325161,RESP2,b3lyp-d3bj/dzvp,,0.3,C,hf,4,[H:11][c:5]1[c:4]([c:3]([c:2]([c:7]([c:6]1[H:12])[H:13])[O:1][H:8])[H:9])[H:10],,
4,-0.2250941099663495,RESP2,b3lyp-d3bj/dzvp,,0.3,C,hf,5,[H:11][c:5]1[c:4]([c:3]([c:2]([c:7]([c:6]1[H:12])[H:13])[O:1][H:8])[H:9])[H:10],,
5,-0.0574336850734475,RESP2,b3lyp-d3bj/dzvp,,0.3,C,hf,6,[H:11][c:5]1[c:4]([c:3]([c:2]([c:7]([c:6]1[H:12])[H:13])[O:1][H:8])[H:9])[H:10],,
6,-0.3612075471551172,RESP2,b3lyp-d3bj/dzvp,,0.3,C,hf,7,[H:11][c:5]1[c:4]([c:3]([c:2]([c:7]([c:6]1[H:12])[H:13])[O:1][H:8])[H:9])[H:10],,
7,0.4417049282848941,RESP2,b3lyp-d3bj/dzvp,,0.3,H,hf,8,[H:11][c:5]1[c:4]([c:3]([c:2]([c:7]([c:6]1[H:12])[H:13])[O:1][H:8])[H:9])[H:10],,
8,0.1806887438782448,RESP2,b3lyp-d3bj/dzvp,,0.3,H,hf,9,[H:11][c:5]1[c:4]([c:3]([c:2]([c:7]([c:6]1[H:12])[H:13])[O:1][H:8])[H:9])[H:10],,
9,0.1358895272512604,RESP2,b3lyp-d3bj/dzvp,,0.3,H,hf,10,[H:11][c:5]1[c:4]([c:3]([c:2]([c:7]([c:6]1[H:12])[H:13])[O:1][H:8])[H:9])[H:10],,
10,0.1469017774719858,RESP2,b3lyp-d3bj/dzvp,,0.3,H,hf,11,[H:11][c:5]1[c:4]([c:3]([c:2]([c:7]([c:6]1[H:12])[H:13])[O:1][H:8])[H:9])[H:10],,
11,0.1336899049085175,RESP2,b3lyp-d3bj/dzvp,,0.3,H,hf,12,[H:11][c:5]1[c:4]([c:3]([c:2]([c:7]([c:6]1[H:12])[H:13])[O:1][H:8])[H:9])[H:10],,
12,0.1588308919443339,RESP2,b3lyp-d3bj/dzvp,,0.3,H,hf,13,[H:11][c:5]1[c:4]([c:3]([c:2]([c:7]([c:6]1[H:12])[H:13])[O:1][H:8])[H:9])[H:10],,
0,-0.6298619739337494,RESP2,b3lyp-d3bj/dzvp,,0.35,O,hf,1,[H:11][c:5]1[c:4]([c:3]([c:2]([c:7]([c:6]1[H:12])[H:13])[O:1][H:8])[H:9])[H:10],,
1,0.4485729329334158,RESP2,b3lyp-d3bj/dzvp,,0.35,C,hf,2,[H:11][c:5]1[c:4]([c:3]([c:2]([c:7]([c:6]1[H:12])[H:13])[O:1][H:8])[H:9])[H:10],,
2,-0.2831406849245028,RESP2,b3lyp-d3bj/dzvp,,0.35,C,hf,3,[H:11][c:5]1[c:4]([c:3]([c:2]([c:7]([c:6]1[H:12])[H:13])[O:1][H:8])[H:9])[H:10],,
3,-0.0918051585228165,RESP2,b3lyp-d3bj/dzvp,,0.35,C,hf,4,[H:11][c:5]1[c:4]([c:3]([c:2]([c:7]([c:6]1[H:12])[H:13])[O:1][H:8])[H:9])[H:10],,
4,-0.2254054176209738,RESP2,b3lyp-d3bj/dzvp,,0.35,C,hf,5,[H:11][c:5]1[c:4]([c:3]([c:2]([c:7]([c:6]1[H:12])[H:13])[O:1][H:8])[H:9])[H:10],,
5,-0.0573725930526868,RESP2,b3lyp-d3bj/dzvp,,0.35,C,hf,6,[H:11][c:5]1[c:4]([c:3]([c:2]([c:7]([c:6]1[H:12])[H:13])[O:1][H:8])[H:9])[H:10],,
6,-0.3612090833251627,RESP2,b3lyp-d3bj/dzvp,,0.35,C,hf,7,[H:11][c:5]1[c:4]([c:3]([c:2]([c:7]([c:6]1[H:12])[H:13])[O:1][H:8])[H:9])[H:10],,
7,0.4428347843839986,RESP2,b3lyp-d3bj/dzvp,,0.35,H,hf,8,[H:11][c:5]1[c:4]([c:3]([c:2]([c:7]([c:6]1[H:12])[H:13])[O:1][H:8])[H:9])[H:10],,
8,0.1810493289326442,RESP2,b3lyp-d3bj/dzvp,,0.35,H,hf,9,[H:11][c:5]1[c:4]([c:3]([c:2]([c:7]([c:6]1[H:12])[H:13])[O:1][H:8])[H:9])[H:10],,
9,0.136218415369404,RESP2,b3lyp-d3bj/dzvp,,0.35,H,hf,10,[H:11][c:5]1[c:4]([c:3]([c:2]([c:7]([c:6]1[H:12])[H:13])[O:1][H:8])[H:9])[H:10],,
10,0.1471513550851086,RESP2,b3lyp-d3bj/dzvp,,0.35,H,hf,11,[H:11][c:5]1[c:4]([c:3]([c:2]([c:7]([c:6]1[H:12])[H:13])[O:1][H:8])[H:9])[H:10],,
11,0.1338626841443226,RESP2,b3lyp-d3bj/dzvp,,0.35,H,hf,12,[H:11][c:5]1[c:4]([c:3]([c:2]([c:7]([c:6]1[H:12])[H:13])[O:1][H:8])[H:9])[H:10],,
12,0.159105410530998,RESP2,b3lyp-d3bj/dzvp,,0.35,H,hf,13,[H:11][c:5]1[c:4]([c:3]([c:2]([c:7]([c:6]1[H:12])[H:13])[O:1][H:8])[H:9])[H:10],,
0,-0.6314088779817129,RESP2,b3lyp-d3bj/dzvp,,0.4,O,hf,1,[H:11][c:5]1[c:4]([c:3]([c:2]([c:7]([c:6]1[H:12])[H:13])[O:1][H:8])[H:9])[H:10],,
1,0.4489407492821062,RESP2,b3lyp-d3bj/dzvp,,0.4,C,hf,2,[H:11][c:5]1[c:4]([c:3]([c:2]([c:7]([c:6]1[H:12])[H:13])[O:1][H:8])[H:9])[H:10],,
2,-0.2843068213382598,RESP2,b3lyp-d3bj/dzvp,,0.4,C,hf,3,[H:11][c:5]1[c:4]([c:3]([c:2]([c:7]([c:6]1[H:12])[H:13])[O:1][H:8])[H:9])[H:10],,
3,-0.0917243873131169,RESP2,b3lyp-d3bj/dzvp,,0.4,C,hf,4,[H:11][c:5]1[c:4]([c:3]([c:2]([c:7]([c:6]1[H:12])[H:13])[O:1][H:8])[H:9])[H:10],,
4,-0.2257167252755982,RESP2,b3lyp-d3bj/dzvp,,0.4,C,hf,5,[H:11][c:5]1[c:4]([c:3]([c:2]([c:7]([c:6]1[H:12])[H:13])[O:1][H:8])[H:9])[H:10],,
5,-0.0573115010319261,RESP2,b3lyp-d3bj/dzvp,,0.4,C,hf,6,[H:11][c:5]1[c:4]([c:3]([c:2]([c:7]([c:6]1[H:12])[H:13])[O:1][H:8])[H:9])[H:10],,
6,-0.3612106194952082,RESP2,b3lyp-d3bj/dzvp,,0.4,C,hf,7,[H:11][c:5]1[c:4]([c:3]([c:2]([c:7]([c:6]1[H:12])[H:13])[O:1][H:8])[H:9])[H:10],,
7,0.4439646404831031,RESP2,b3lyp-d3bj/dzvp,,0.4,H,hf,8,[H:11][c:5]1[c:4]([c:3]([c:2]([c:7]([c:6]1[H:12])[H:13])[O:1][H:8])[H:9])[H:10],,
8,0.1814099139870437,RESP2,b3lyp-d3bj/dzvp,,0.4,H,hf,9,[H:11][c:5]1[c:4]([c:3]([c:2]([c:7]([c:6]1[H:12])[H:13])[O:1][H:8])[H:9])[H:10],,
9,0.1365473034875476,RESP2,b3lyp-d3bj/dzvp,,0.4,H,hf,10,[H:11][c:5]1[c:4]([c:3]([c:2]([c:7]([c:6]1[H:12])[H:13])[O:1][H:8])[H:9])[H:10],,
10,0.1474009326982314,RESP2,b3lyp-d3bj/dzvp,,0.4,H,hf,11,[H:11][c:5]1[c:4]([c:3]([c:2]([c:7]([c:6]1[H:12])[H:13])[O:1][H:8])[H:9])[H:10],,
11,0.1340354633801278,RESP2,b3lyp-d3bj/dzvp,,0.4,H,hf,12,[H:11][c:5]1[c:4]([c:3]([c:2]([c:7]([c:6]1[H:12])[H:13])[O:1][H:8])[H:9])[H:10],,
12,0.1593799291176622,RESP2,b3lyp-d3bj/dzvp,,0.4,H,hf,13,[H:11][c:5]1[c:4]([c:3]([c:2]([c:7]([c:6]1[H:12])[H:13])[O:1][H:8])[H:9])[H:10],,
0,-0.6329557820296763,RESP2,b3lyp-d3bj/dzvp,,0.45,O,hf,1,[H:11][c:5]1[c:4]([c:3]([c:2]([c:7]([c:6]1[H:12])[H:13])[O:1][H:8])[H:9])[H:10],,
1,0.4493085656307967,RESP2,b3lyp-d3bj/dzvp,,0.45,C,hf,2,[H:11][c:5]1[c:4]([c:3]([c:2]([c:7]([c:6]1[H:12])[H:13])[O:1][H:8])[H:9])[H:10],,
2,-0.2854729577520168,RESP2,b3lyp-d3bj/dzvp,,0.45,C,hf,3,[H:11][c:5]1[c:4]([c:3]([c:2]([c:7]([c:6]1[H:12])[H:13])[O:1][H:8])[H:9])[H:10],,
3,-0.0916436161034173,RESP2,b3lyp-d3bj/dzvp,,0.45,C,hf,4,[H:11][c:5]1[c:4]([c:3]([c:2]([c:7]([c:6]1[H:12])[H:13])[O:1][H:8])[H:9])[H:10],,
4,-0.2260280329302225,RESP2,b3lyp-d3bj/dzvp,,0.45,C,hf,5,[H:11][c:5]1[c:4]([c:3]([c:2]([c:7]([c:6]1[H:12])[H:13])[O:1][H:8])[H:9])[H:10],,
5,-0.0572504090111655,RESP2,b3lyp-d3bj/dzvp,,0.45,C,hf,6,[H:11][c:5]1[c:4]([c:3]([c:2]([c:7]([c:6]1[H:12])[H:13])[O:1][H:8])[H:9])[H:10],,
6,-0.3612121556652536,RESP2,b3lyp-d3bj/dzvp,,0.45,C,hf,7,[H:11][c:5]1[c:4]([c:3]([c:2]([c:7]([c:6]1[H:12])[H:13])[O:1][H:8])[H:9])[H:10],,
7,0.4450944965822075,RESP2,b3lyp-d3bj/dzvp,,0.45,H,hf,8,[H:11][c:5]1[c:4]([c:3]([c:2]([c:7]([c:6]1[H:12])[H:13])[O:1][H:8])[H:9])[H:10],,
8,0.1817704990414431,RESP2,b3lyp-d3bj/dzvp,,0.45,H,hf,9,[H:11][c:5]1[c:4]([c:3]([c:2]([c:7]([c:6]1[H:12])[H:13])[O:1][H:8])[H:9])[H:10],,
9,0.1368761916056912,RESP2,b3lyp-d3bj/dzvp,,0.45,H,hf,10,[H:11][c:5]1[c:4]([c:3]([c:2]([c:7]([c:6]1[H:12])[H:13])[O:1][H:8])[H:9])[H:10],,
10,0.1476505103113542,RESP2,b3lyp-d3bj/dzvp,,0.45,H,hf,11,[H:11][c:5]1[c:4]([c:3]([c:2]([c:7]([c:6]1[H:12])[H:13])[O:1][H:8])[H:9])[H:10],,
11,0.1342082426159329,RESP2,b3lyp-d3bj/dzvp,,0.45,H,hf,12,[H:11][c:5]1[c:4]([c:3]([c:2]([c:7]([c:6]1[H:12])[H:13])[O:1][H:8])[H:9])[H:10],,
12,0.1596544477043264,RESP2,b3lyp-d3bj/dzvp,,0.45,H,hf,13,[H:11][c:5]1[c:4]([c:3]([c:2]([c:7]([c:6]1[H:12])[H:13])[O:1][H:8])[H:9])[H:10],,
0,-0.6345026860776397,RESP2,b3lyp-d3bj/dzvp,,0.5,O,hf,1,[H:11][c:5]1[c:4]([c:3]([c:2]([c:7]([c:6]1[H:12])[H:13])[O:1][H:8])[H:9])[H:10],,
1,0.4496763819794871,RESP2,b3lyp-d3bj/dzvp,,0.5,C,hf,2,[H:11][c:5]1[c:4]([c:3]([c:2]([c:7]([c:6]1[H:12])[H:13])[O:1][H:8])[H:9])[H:10],,
2,-0.2866390941657739,RESP2,b3lyp-d3bj/dzvp,,0.5,C,hf,3,[H:11][c:5]1[c:4]([c:3]([c:2]([c:7]([c:6]1[H:12])[H:13])[O:1][H:8])[H:9])[H:10],,
3,-0.0915628448937177,RESP2,b3lyp-d3bj/dzvp,,0.5,C,hf,4,[H:11][c:5]1[c:4]([c:3]([c:2]([c:7]([c:6]1[H:12])[H:13])[O:1][H:8])[H:9])[H:10],,
4,-0.2263393405848469,RESP2,b3lyp-d3bj/dzvp,,0.5,C,hf,5,[H:11][c:5]1[c:4]([c:3]([c:2]([c:7]([c:6]1[H:12])[H:13])[O:1][H:8])[H:9])[H:10],,
5,-0.0571893169904048,RESP2,b3lyp-d3bj/dzvp,,0.5,C,hf,6,[H:11][c:5]1[c:4]([c:3]([c:2]([c:7]([c:6]1[H:12])[H:13])[O:1][H:8])[H:9])[H:10],,
6,-0.3612136918352991,RESP2,b3lyp-d3bj/dzvp,,0.5,C,hf,7,[H:11][c:5]1[c:4]([c:3]([c:2]([c:7]([c:6]1[H:12])[H:13])[O:1][H:8])[H:9])[H:10],,
7,0.446224352681312,RESP2,b3lyp-d3bj/dzvp,,0.5,H,hf,8,[H:11][c:5]1[c:4]([c:3]([c:2]([c:7]([c:6]1[H:12])[H:13])[O:1][H:8])[H:9])[H:10],,
8,0.1821310840958425,RESP2,b3lyp-d3bj/dzvp,,0.5,H,hf,9,[H:11][c:5]1[c:4]([c:3]([c:2]([c:7]([c:6]1[H:12])[H:13])[O:1][H:8])[H:9])[H:10],,
9,0.1372050797238349,RESP2,b3lyp-d3bj/dzvp,,0.5,H,hf,10,[H:11][c:5]1[c:4]([c:3]([c:2]([c:7]([c:6]1[H:12])[H:13])[O:1][H:8])[H:9])[H:10],,
10,0.1479000879244769,RESP2,b3lyp-d3bj/dzvp,,0.5,H,hf,11,[H:11][c:5]1[c:4]([c:3]([c:2]([c:7]([c:6]1[H:12])[H:13])[O:1][H:8])[H:9])[H:10],,
11,0.134381021851738,RESP2,b3lyp-d3bj/dzvp,,0.5,H,hf,12,[H:11][c:5]1[c:4]([c:3]([c:2]([c:7]([c:6]1[H:12])[H:13])[O:1][H:8])[H:9])[H:10],,
12,0.1599289662909905,RESP2,b3lyp-d3bj/dzvp,,0.5,H,hf,13,[H:11][c:5]1[c:4]([c:3]([c:2]([c:7]([c:6]1[H:12])[H:13])[O:1][H:8])[H:9])[H:10],,
0,-0.6360495901256031,RESP2,b3lyp-d3bj/dzvp,,0.55,O,hf,1,[H:11][c:5]1[c:4]([c:3]([c:2]([c:7]([c:6]1[H:12])[H:13])[O:1][H:8])[H:9])[H:10],,
1,0.4500441983281775,RESP2,b3lyp-d3bj/dzvp,,0.55,C,hf,2,[H:11][c:5]1[c:4]([c:3]([c:2]([c:7]([c:6]1[H:12])[H:13])[O:1][H:8])[H:9])[H:10],,
2,-0.2878052305795309,RESP2,b3lyp-d3bj/dzvp,,0.55,C,hf,3,[H:11][c:5]1[c:4]([c:3]([c:2]([c:7]([c:6]1[H:12])[H:13])[O:1][H:8])[H:9])[H:10],,
3,-0.0914820736840181,RESP2,b3lyp-d3bj/dzvp,,0.55,C,hf,4,[H:11][c:5]1[c:4]([c:3]([c:2]([c:7]([c:6]1[H:12])[H:13])[O:1][H:8])[H:9])[H:10],,
4,-0.2266506482394712,RESP2,b3lyp-d3bj/dzvp,,0.55,C,hf,5,[H:11][c:5]1[c:4]([c:3]([c:2]([c:7]([c:6]1[H:12])[H:13])[O:1][H:8])[H:9])[H:10],,
5,-0.0571282249696441,RESP2,b3lyp-d3bj/dzvp,,0.55,C,hf,6,[H:11][c:5]1[c:4]([c:3]([c:2]([c:7]([c:6]1[H:12])[H:13])[O:1][H:8])[H:9])[H:10],,
6,-0.3612152280053446,RESP2,b3lyp-d3bj/dzvp,,0.55,C,hf,7,[H:11][c:5]1[c:4]([c:3]([c:2]([c:7]([c:6]1[H:12])[H:13])[O:1][H:8])[H:9])[H:10],,
7,0.4473542087804165,RESP2,b3lyp-d3bj/dzvp,,0.55,H,hf,8,[H:11][c:5]1[c:4]([c:3]([c:2]([c:7]([c:6]1[H:12])[H:13])[O:1][H:8])[H:9])[H:10],,
8,0.182491669150242,RESP2,b3lyp-d3bj/dzvp,,0.55,H,hf,9,[H:11][c:5]1[c:4]([c:3]([c:2]([c:7]([c:6]1[H:12])[H:13])[O:1][H:8])[H:9])[H:10],,
9,0.1375339678419785,RESP2,b3lyp-d3bj/dzvp,,0.55,H,hf,10,[H:11][c:5]1[c:4]([c:3]([c:2]([c:7]([c:6]1[H:12])[H:13])[O:1][H:8])[H:9])[H:10],,
10,0.1481496655375997,RESP2,b3lyp-d3bj/dzvp,,0.55,H,hf,11,[H:11][c:5]1[c:4]([c:3]([c:2]([c:7]([c:6]1[H:12])[H:13])[O:1][H:8])[H:9])[H:10],,
11,0.1345538010875432,RESP2,b3lyp-d3bj/dzvp,,0.55,H,hf,12,[H:11][c:5]1[c:4]([c:3]([c:2]([c:7]([c:6]1[H:12])[H:13])[O:1][H:8])[H:9])[H:10],,
12,0.1602034848776547,RESP2,b3lyp-d3bj/dzvp,,0.55,H,hf,13,[H:11][c:5]1[c:4]([c:3]([c:2]([c:7]([c:6]1[H:12])[H:13])[O:1][H:8])[H:9])[H:10],,
0,-0.6375964941735665,RESP2,b3lyp-d3bj/dzvp,,0.6000000000000001,O,hf,1,[H:11][c:5]1[c:4]([c:3]([c:2]([c:7]([c:6]1[H:12])[H:13])[O:1][H:8])[H:9])[H:10],,
1,0.450412014676868,RESP2,b3lyp-d3bj/dzvp,,0.6000000000000001,C,hf,2,[H:11][c:5]1[c:4]([c:3]([c:2]([c:7]([c:6]1[H:12])[H:13])[O:1][H:8])[H:9])[H:10],,
2,-0.288971366993288,RESP2,b3lyp-d3bj/dzvp,,0.6000000000000001,C,hf,3,[H:11][c:5]1[c:4]([c:3]([c:2]([c:7]([c:6]1[H:12])[H:13])[O:1][H:8])[H:9])[H:10],,
3,-0.0914013024743185,RESP2,b3lyp-d3bj/dzvp,,0.6000000000000001,C,hf,4,[H:11][c:5]1[c:4]([c:3]([c:2]([c:7]([c:6]1[H:12])[H:13])[O:1][H:8])[H:9])[H:10],,
4,-0.2269619558940955,RESP2,b3lyp-d3bj/dzvp,,0.6000000000000001,C,hf,5,[H:11][c:5]1[c:4]([c:3]([c:2]([c:7]([c:6]1[H:12])[H:13])[O:1][H:8])[H:9])[H:10],,
5,-0.0570671329488835,RESP2,b3lyp-d3bj/dzvp,,0.6000000000000001,C,hf,6,[H:11][c:5]1[c:4]([c:3]([c:2]([c:7]([c:6]1[H:12])[H:13])[O:1][H:8])[H:9])[H:10],,
6,-0.36121676417539,RESP2,b3lyp-d3bj/dzvp,,0.6000000000000001,C,hf,7,[H:11][c:5]1[c:4]([c:3]([c:2]([c:7]([c:6]1[H:12])[H:13])[O:1][H:8])[H:9])[H:10],,
7,0.4484840648795209,RESP2,b3lyp-d3bj/dzvp,,0.6000000000000001,H,hf,8,[H:11][c:5]1[c:4]([c:3]([c:2]([c:7]([c:6]1[H:12])[H:13])[O:1][H:8])[H:9])[H:10],,
8,0.1828522542046414,RESP2,b3lyp-d3bj/dzvp,,0.6000000000000001,H,hf,9,[H:11][c:5]1[c:4]([c:3]([c:2]([c:7]([c:6]1[H:12])[H:13])[O:1][H:8])[H:9])[H:10],,
9,0.1378628559601221,RESP2,b3lyp-d3bj/dzvp,,0.6000000000000001,H,hf,10,[H:11][c:5]1[c:4]([c:3]([c:2]([c:7]([c:6]1[H:12])[H:13])[O:1][H:8])[H:9])[H:10],,
10,0.1483992431507225,RESP2,b3lyp-d3bj/dzvp,,0.6000000000000001,H,hf,11,[H:11][c:5]1[c:4]([c:3]([c:2]([c:7]([c:6]1[H:12])[H:13])[O:1][H:8])[H:9])[H:10],,
11,0.1347265803233483,RESP2,b3lyp-d3bj/dzvp,,0.6000000000000001,H,hf,12,[H:11][c:5]1[c:4]([c:3]([c:2]([c:7]([c:6]1[H:12])[H:13])[O:1][H:8])[H:9])[H:10],,
12,0.1604780034643189,RESP2,b3lyp-d3bj/dzvp,,0.6000000000000001,H,hf,13,[H:11][c:5]1[c:4]([c:3]([c:2]([c:7]([c:6]1[H:12])[H:13])[O:1][H:8])[H:9])[H:10],,
0,-0.6391433982215299,RESP2,b3lyp-d3bj/dzvp,,0.65,O,hf,1,[H:11][c:5]1[c:4]([c:3]([c:2]([c:7]([c:6]1[H:12])[H:13])[O:1][H:8])[H:9])[H:10],,
1,0.4507798310255584,RESP2,b3lyp-d3bj/dzvp,,0.65,C,hf,2,[H:11][c:5]1[c:4]([c:3]([c:2]([c:7]([c:6]1[H:12])[H:13])[O:1][H:8])[H:9])[H:10],,
2,-0.290137503407045,RESP2,b3lyp-d3bj/dzvp,,0.65,C,hf,3,[H:11][c:5]1[c:4]([c:3]([c:2]([c:7]([c:6]1[H:12])[H:13])[O:1][H:8])[H:9])[H:10],,
3,-0.0913205312646189,RESP2,b3lyp-d3bj/dzvp,,0.65,C,hf,4,[H:11][c:5]1[c:4]([c:3]([c:2]([c:7]([c:6]1[H:12])[H:13])[O:1][H:8])[H:9])[H:10],,
4,-0.2272732635487198,RESP2,b3lyp-d3bj/dzvp,,0.65,C,hf,5,[H:11][c:5]1[c:4]([c:3]([c:2]([c:7]([c:6]1[H:12])[H:13])[O:1][H:8])[H:9])[H:10],,
5,-0.0570060409281228,RESP2,b3lyp-d3bj/dzvp,,0.65,C,hf,6,[H:11][c:5]1[c:4]([c:3]([c:2]([c:7]([c:6]1[H:12])[H:13])[O:1][H:8])[H:9])[H:10],,
6,-0.3612183003454355,RESP2,b3lyp-d3bj/dzvp,,0.65,C,hf,7,[H:11][c:5]1[c:4]([c:3]([c:2]([c:7]([c:6]1[H:12])[H:13])[O:1][H:8])[H:9])[H:10],,
7,0.4496139209786254,RESP2,b3lyp-d3bj/dzvp,,0.65,H,hf,8,[H:11][c:5]1[c:4]([c:3]([c:2]([c:7]([c:6]1[H:12])[H:13])[O:1][H:8])[H:9])[H:10],,
8,0.1832128392590408,RESP2,b3lyp-d3bj/dzvp,,0.65,H,hf,9,[H:11][c:5]1[c:4]([c:3]([c:2]([c:7]([c:6]1[H:12])[H:13])[O:1][H:8])[H:9])[H:10],,
9,0.1381917440782657,RESP2,b3lyp-d3bj/dzvp,,0.65,H,hf,10,[H:11][c:5]1[c:4]([c:3]([c:2]([c:7]([c:6]1[H:12])[H:13])[O:1][H:8])[H:9])[H:10],,
10,0.1486488207638453,RESP2,b3lyp-d3bj/dzvp,,0.65,H,hf,11,[H:11][c:5]1[c:4]([c:3]([c:2]([c:7]([c:6]1[H:12])[H:13])[O:1][H:8])[H:9])[H:10],,
11,0.1348993595591534,RESP2,b3lyp-d3bj/dzvp,,0.65,H,hf,12,[H:11][c:5]1[c:4]([c:3]([c:2]([c:7]([c:6]1[H:12])[H:13])[O:1][H:8])[H:9])[H:10],,
12,0.160752522050983,RESP2,b3lyp-d3bj/dzvp,,0.65,H,hf,13,[H:11][c:5]1[c:4]([c:3]([c:2]([c:7]([c:6]1[H:12])[H:13])[O:1][H:8])[H:9])[H:10],,
0,-0.6406903022694932,RESP2,b3lyp-d3bj/dzvp,,0.7000000000000001,O,hf,1,[H:11][c:5]1[c:4]([c:3]([c:2]([c:7]([c:6]1[H:12])[H:13])[O:1][H:8])[H:9])[H:10],,
1,0.4511476473742488,RESP2,b3lyp-d3bj/dzvp,,0.7000000000000001,C,hf,2,[H:11][c:5]1[c:4]([c:3]([c:2]([c:7]([c:6]1[H:12])[H:13])[O:1][H:8])[H:9])[H:10],,
2,-0.291303639820802,RESP2,b3lyp-d3bj/dzvp,,0.7000000000000001,C,hf,3,[H:11][c:5]1[c:4]([c:3]([c:2]([c:7]([c:6]1[H:12])[H:13])[O:1][H:8])[H:9])[H:10],,
3,-0.0912397600549193,RESP2,b3lyp-d3bj/dzvp,,0.7000000000000001,C,hf,4,[H:11][c:5]1[c:4]([c:3]([c:2]([c:7]([c:6]1[H:12])[H:13])[O:1][H:8])[H:9])[H:10],,
4,-0.2275845712033442,RESP2,b3lyp-d3bj/dzvp,,0.7000000000000001,C,hf,5,[H:11][c:5]1[c:4]([c:3]([c:2]([c:7]([c:6]1[H:12])[H:13])[O:1][H:8])[H:9])[H:10],,
5,-0.0569449489073621,RESP2,b3lyp-d3bj/dzvp,,0.7000000000000001,C,hf,6,[H:11][c:5]1[c:4]([c:3]([c:2]([c:7]([c:6]1[H:12])[H:13])[O:1][H:8])[H:9])[H:10],,
6,-0.3612198365154809,RESP2,b3lyp-d3bj/dzvp,,0.7000000000000001,C,hf,7,[H:11][c:5]1[c:4]([c:3]([c:2]([c:7]([c:6]1[H:12])[H:13])[O:1][H:8])[H:9])[H:10],,
7,0.4507437770777299,RESP2,b3lyp-d3bj/dzvp,,0.7000000000000001,H,hf,8,[H:11][c:5]1[c:4]([c:3]([c:2]([c:7]([c:6]1[H:12])[H:13])[O:1][H:8])[H:9])[H:10],,
8,0.1835734243134402,RESP2,b3lyp-d3bj/dzvp,,0.7000000000000001,H,hf,9,[H:11][c:5]1[c:4]([c:3]([c:2]([c:7]([c:6]1[H:12])[H:13])[O:1][H:8])[H:9])[H:10],,
9,0.1385206321964093,RESP2,b3lyp-d3bj/dzvp,,0.7000000000000001,H,hf,10,[H:11][c:5]1[c:4]([c:3]([c:2]([c:7]([c:6]1[H:12])[H:13])[O:1][H:8])[H:9])[H:10],,
10,0.148898398376968,RESP2,b3lyp-d3bj/dzvp,,0.7000000000000001,H,hf,11,[H:11][c:5]1[c:4]([c:3]([c:2]([c:7]([c:6]1[H:12])[H:13])[O:1][H:8])[H:9])[H:10],,
11,0.1350721387949585,RESP2,b3lyp-d3bj/dzvp,,0.7000000000000001,H,hf,12,[H:11][c:5]1[c:4]([c:3]([c:2]([c:7]([c:6]1[H:12])[H:13])[O:1][H:8])[H:9])[H:10],,
12,0.1610270406376472,RESP2,b3lyp-d3bj/dzvp,,0.7000000000000001,H,hf,13,[H:11][c:5]1[c:4]([c:3]([c:2]([c:7]([c:6]1[H:12])[H:13])[O:1][H:8])[H:9])[H:10],,
0,-0.6422372063174566,RESP2,b3lyp-d3bj/dzvp,,0.75,O,hf,1,[H:11][c:5]1[c:4]([c:3]([c:2]([c:7]([c:6]1[H:12])[H:13])[O:1][H:8])[H:9])[H:10],,
1,0.4515154637229392,RESP2,b3lyp-d3bj/dzvp,,0.75,C,hf,2,[H:11][c:5]1[c:4]([c:3]([c:2]([c:7]([c:6]1[H:12])[H:13])[O:1][H:8])[H:9])[H:10],,
2,-0.2924697762345591,RESP2,b3lyp-d3bj/dzvp,,0.75,C,hf,3,[H:11][c:5]1[c:4]([c:3]([c:2]([c:7]([c:6]1[H:12])[H:13])[O:1][H:8])[H:9])[H:10],,
3,-0.0911589888452197,RESP2,b3lyp-d3bj/dzvp,,0.75,C,hf,4,[H:11][c:5]1[c:4]([c:3]([c:2]([c:7]([c:6]1[H:12])[H:13])[O:1][H:8])[H:9])[H:10],,
4,-0.2278958788579685,RESP2,b3lyp-d3bj/dzvp,,0.75,C,hf,5,[H:11][c:5]1[c:4]([c:3]([c:2]([c:7]([c:6]1[H:12])[H:13])[O:1][H:8])[H:9])[H:10],,
5,-0.0568838568866015,RESP2,b3lyp-d3bj/dzvp,,0.75,C,hf,6,[H:11][c:5]1[c:4]([c:3]([c:2]([c:7]([c:6]1[H:12])[H:13])[O:1][H:8])[H:9])[H:10],,
6,-0.3612213726855264,RESP2,b3lyp-d3bj/dzvp,,0.75,C,hf,7,[H:11][c:5]1[c:4]([c:3]([c:2]([c:7]([c:6]1[H:12])[H:13])[O:1][H:8])[H:9])[H:10],,
7,0.4518736331768343,RESP2,b3lyp-d3bj/dzvp,,0.75,H,hf,8,[H:11][c:5]1[c:4]([c:3]([c:2]([c:7]([c:6]1[H:12])[H:13])[O:1][H:8])[H:9])[H:10],,
8,0.1839340093678396,RESP2,b3lyp-d3bj/dzvp,,0.75,H,hf,9,[H:11][c:5]1[c:4]([c:3]([c:2]([c:7]([c:6]1[H:12])[H:13])[O:1][H:8])[H:9])[H:10],,
9,0.1388495203145529,RESP2,b3lyp-d3bj/dzvp,,0.75,H,hf,10,[H:11][c:5]1[c:4]([c:3]([c:2]([c:7]([c:6]1[H:12])[H:13])[O:1][H:8])[H:9])[H:10],,
10,0.1491479759900908,RESP2,b3lyp-d3bj/dzvp,,0.75,H,hf,11,[H:11][c:5]1[c:4]([c:3]([c:2]([c:7]([c:6]1[H:12])[H:13])[O:1][H:8])[H:9])[H:10],,
11,0.1352449180307637,RESP2,b3lyp-d3bj/dzvp,,0.75,H,hf,12,[H:11][c:5]1[c:4]([c:3]([c:2]([c:7]([c:6]1[H:12])[H:13])[O:1][H:8])[H:9])[H:10],,
12,0.1613015592243113,RESP2,b3lyp-d3bj/dzvp,,0.75,H,hf,13,[H:11][c:5]1[c:4]([c:3]([c:2]([c:7]([c:6]1[H:12])[H:13])[O:1][H:8])[H:9])[H:10],,
0,-0.64378411036542,RESP2,b3lyp-d3bj/dzvp,,0.8,O,hf,1,[H:11][c:5]1[c:4]([c:3]([c:2]([c:7]([c:6]1[H:12])[H:13])[O:1][H:8])[H:9])[H:10],,
1,0.4518832800716296,RESP2,b3lyp-d3bj/dzvp,,0.8,C,hf,2,[H:11][c:5]1[c:4]([c:3]([c:2]([c:7]([c:6]1[H:12])[H:13])[O:1][H:8])[H:9])[H:10],,
2,-0.2936359126483162,RESP2,b3lyp-d3bj/dzvp,,0.8,C,hf,3,[H:11][c:5]1[c:4]([c:3]([c:2]([c:7]([c:6]1[H:12])[H:13])[O:1][H:8])[H:9])[H:10],,
3,-0.0910782176355201,RESP2,b3lyp-d3bj/dzvp,,0.8,C,hf,4,[H:11][c:5]1[c:4]([c:3]([c:2]([c:7]([c:6]1[H:12])[H:13])[O:1][H:8])[H:9])[H:10],,
4,-0.2282071865125929,RESP2,b3lyp-d3bj/dzvp,,0.8,C,hf,5,[H:11][c:5]1[c:4]([c:3]([c:2]([c:7]([c:6]1[H:12])[H:13])[O:1][H:8])[H:9])[H:10],,
5,-0.0568227648658409,RESP2,b3lyp-d3bj/dzvp,,0.8,C,hf,6,[H:11][c:5]1[c:4]([c:3]([c:2]([c:7]([c:6]1[H:12])[H:13])[O:1][H:8])[H:9])[H:10],,
6,-0.3612229088555719,RESP2,b3lyp-d3bj/dzvp,,0.8,C,hf,7,[H:11][c:5]1[c:4]([c:3]([c:2]([c:7]([c:6]1[H:12])[H:13])[O:1][H:8])[H:9])[H:10],,
7,0.4530034892759388,RESP2,b3lyp-d3bj/dzvp,,0.8,H,hf,8,[H:11][c:5]1[c:4]([c:3]([c:2]([c:7]([c:6]1[H:12])[H:13])[O:1][H:8])[H:9])[H:10],,
8,0.184294594422239,RESP2,b3lyp-d3bj/dzvp,,0.8,H,hf,9,[H:11][c:5]1[c:4]([c:3]([c:2]([c:7]([c:6]1[H:12])[H:13])[O:1][H:8])[H:9])[H:10],,
9,0.1391784084326965,RESP2,b3lyp-d3bj/dzvp,,0.8,H,hf,10,[H:11][c:5]1[c:4]([c:3]([c:2]([c:7]([c:6]1[H:12])[H:13])[O:1][H:8])[H:9])[H:10],,
10,0.1493975536032136,RESP2,b3lyp-d3bj/dzvp,,0.8,H,hf,11,[H:11][c:5]1[c:4]([c:3]([c:2]([c:7]([c:6]1[H:12])[H:13])[O:1][H:8])[H:9])[H:10],,
11,0.1354176972665688,RESP2,b3lyp-d3bj/dzvp,,0.8,H,hf,12,[H:11][c:5]1[c:4]([c:3]([c:2]([c:7]([c:6]1[H:12])[H:13])[O:1][H:8])[H:9])[H:10],,
12,0.1615760778109755,RESP2,b3lyp-d3bj/dzvp,,0.8,H,hf,13,[H:11][c:5]1[c:4]([c:3]([c:2]([c:7]([c:6]1[H:12])[H:13])[O:1][H:8])[H:9])[H:10],,
0,-0.6453310144133835,RESP2,b3lyp-d3bj/dzvp,,0.8500000000000001,O,hf,1,[H:11][c:5]1[c:4]([c:3]([c:2]([c:7]([c:6]1[H:12])[H:13])[O:1][H:8])[H:9])[H:10],,
1,0.4522510964203201,RESP2,b3lyp-d3bj/dzvp,,0.8500000000000001,C,hf,2,[H:11][c:5]1[c:4]([c:3]([c:2]([c:7]([c:6]1[H:12])[H:13])[O:1][H:8])[H:9])[H:10],,
2,-0.2948020490620732,RESP2,b3lyp-d3bj/dzvp,,0.8500000000000001,C,hf,3,[H:11][c:5]1[c:4]([c:3]([c:2]([c:7]([c:6]1[H:12])[H:13])[O:1][H:8])[H:9])[H:10],,
3,-0.0909974464258205,RESP2,b3lyp-d3bj/dzvp,,0.8500000000000001,C,hf,4,[H:11][c:5]1[c:4]([c:3]([c:2]([c:7]([c:6]1[H:12])[H:13])[O:1][H:8])[H:9])[H:10],,
4,-0.2285184941672172,RESP2,b3lyp-d3bj/dzvp,,0.8500000000000001,C,hf,5,[H:11][c:5]1[c:4]([c:3]([c:2]([c:7]([c:6]1[H:12])[H:13])[O:1][H:8])[H:9])[H:10],,
5,-0.0567616728450802,RESP2,b3lyp-d3bj/dzvp,,0.8500000000000001,C,hf,6,[H:11][c:5]1[c:4]([c:3]([c:2]([c:7]([c:6]1[H:12])[H:13])[O:1][H:8])[H:9])[H:10],,
6,-0.3612244450256174,RESP2,b3lyp-d3bj/dzvp,,0.8500000000000001,C,hf,7,[H:11][c:5]1[c:4]([c:3]([c:2]([c:7]([c:6]1[H:12])[H:13])[O:1][H:8])[H:9])[H:10],,
7,0.4541333453750432,RESP2,b3lyp-d3bj/dzvp,,0.8500000000000001,H,hf,8,[H:11][c:5]1[c:4]([c:3]([c:2]([c:7]([c:6]1[H:12])[H:13])[O:1][H:8])[H:9])[H:10],,
8,0.1846551794766385,RESP2,b3lyp-d3bj/dzvp,,0.8500000000000001,H,hf,9,[H:11][c:5]1[c:4]([c:3]([c:2]([c:7]([c:6]1[H:12])[H:13])[O:1][H:8])[H:9])[H:10],,
9,0.1395072965508401,RESP2,b3lyp-d3bj/dzvp,,0.8500000000000001,H,hf,10,[H:11][c:5]1[c:4]([c:3]([c:2]([c:7]([c:6]1[H:12])[H:13])[O:1][H:8])[H:9])[H:10],,
10,0.1496471312163364,RESP2,b3lyp-d3bj/dzvp,,0.8500000000000001,H,hf,11,[H:11][c:5]1[c:4]([c:3]([c:2]([c:7]([c:6]1[H:12])[H:13])[O:1][H:8])[H:9])[H:10],,
11,0.1355904765023739,RESP2,b3lyp-d3bj/dzvp,,0.8500000000000001,H,hf,12,[H:11][c:5]1[c:4]([c:3]([c:2]([c:7]([c:6]1[H:12])[H:13])[O:1][H:8])[H:9])[H:10],,
12,0.1618505963976397,RESP2,b3lyp-d3bj/dzvp,,0.8500000000000001,H,hf,13,[H:11][c:5]1[c:4]([c:3]([c:2]([c:7]([c:6]1[H:12])[H:13])[O:1][H:8])[H:9])[H:10],,
0,-0.646877918461347,RESP2,b3lyp-d3bj/dzvp,,0.9,O,hf,1,[H:11][c:5]1[c:4]([c:3]([c:2]([c:7]([c:6]1[H:12])[H:13])[O:1][H:8])[H:9])[H:10],,
1,0.4526189127690105,RESP2,b3lyp-d3bj/dzvp,,0.9,C,hf,2,[H:11][c:5]1[c:4]([c:3]([c:2]([c:7]([c:6]1[H:12])[H:13])[O:1][H:8])[H:9])[H:10],,
2,-0.2959681854758302,RESP2,b3lyp-d3bj/dzvp,,0.9,C,hf,3,[H:11][c:5]1[c:4]([c:3]([c:2]([c:7]([c:6]1[H:12])[H:13])[O:1][H:8])[H:9])[H:10],,
3,-0.090916675216121,RESP2,b3lyp-d3bj/dzvp,,0.9,C,hf,4,[H:11][c:5]1[c:4]([c:3]([c:2]([c:7]([c:6]1[H:12])[H:13])[O:1][H:8])[H:9])[H:10],,
4,-0.2288298018218415,RESP2,b3lyp-d3bj/dzvp,,0.9,C,hf,5,[H:11][c:5]1[c:4]([c:3]([c:2]([c:7]([c:6]1[H:12])[H:13])[O:1][H:8])[H:9])[H:10],,
5,-0.0567005808243195,RESP2,b3lyp-d3bj/dzvp,,0.9,C,hf,6,[H:11][c:5]1[c:4]([c:3]([c:2]([c:7]([c:6]1[H:12])[H:13])[O:1][H:8])[H:9])[H:10],,
6,-0.3612259811956628,RESP2,b3lyp-d3bj/dzvp,,0.9,C,hf,7,[H:11][c:5]1[c:4]([c:3]([c:2]([c:7]([c:6]1[H:12])[H:13])[O:1][H:8])[H:9])[H:10],,
7,0.4552632014741476,RESP2,b3lyp-d3bj/dzvp,,0.9,H,hf,8,[H:11][c:5]1[c:4]([c:3]([c:2]([c:7]([c:6]1[H:12])[H:13])[O:1][H:8])[H:9])[H:10],,
8,0.1850157645310379,RESP2,b3lyp-d3bj/dzvp,,0.9,H,hf,9,[H:11][c:5]1[c:4]([c:3]([c:2]([c:7]([c:6]1[H:12])[H:13])[O:1][H:8])[H:9])[H:10],,
9,0.1398361846689838,RESP2,b3lyp-d3bj/dzvp,,0.9,H,hf,10,[H:11][c:5]1[c:4]([c:3]([c:2]([c:7]([c:6]1[H:12])[H:13])[O:1][H:8])[H:9])[H:10],,
10,0.1498967088294591,RESP2,b3lyp-d3bj/dzvp,,0.9,H,hf,11,[H:11][c:5]1[c:4]([c:3]([c:2]([c:7]([c:6]1[H:12])[H:13])[O:1][H:8])[H:9])[H:10],,
11,0.1357632557381791,RESP2,b3lyp-d3bj/dzvp,,0.9,H,hf,12,[H:11][c:5]1[c:4]([c:3]([c:2]([c:7]([c:6]1[H:12])[H:13])[O:1][H:8])[H:9])[H:10],,
12,0.1621251149843038,RESP2,b3lyp-d3bj/dzvp,,0.9,H,hf,13,[H:11][c:5]1[c:4]([c:3]([c:2]([c:7]([c:6]1[H:12])[H:13])[O:1][H:8])[H:9])[H:10],,
0,-0.6484248225093103,RESP2,b3lyp-d3bj/dzvp,,0.95,O,hf,1,[H:11][c:5]1[c:4]([c:3]([c:2]([c:7]([c:6]1[H:12])[H:13])[O:1][H:8])[H:9])[H:10],,
1,0.452986729117701,RESP2,b3lyp-d3bj/dzvp,,0.95,C,hf,2,[H:11][c:5]1[c:4]([c:3]([c:2]([c:7]([c:6]1[H:12])[H:13])[O:1][H:8])[H:9])[H:10],,
2,-0.2971343218895872,RESP2,b3lyp-d3bj/dzvp,,0.95,C,hf,3,[H:11][c:5]1[c:4]([c:3]([c:2]([c:7]([c:6]1[H:12])[H:13])[O:1][H:8])[H:9])[H:10],,
3,-0.0908359040064214,RESP2,b3lyp-d3bj/dzvp,,0.95,C,hf,4,[H:11][c:5]1[c:4]([c:3]([c:2]([c:7]([c:6]1[H:12])[H:13])[O:1][H:8])[H:9])[H:10],,
4,-0.2291411094764659,RESP2,b3lyp-d3bj/dzvp,,0.95,C,hf,5,[H:11][c:5]1[c:4]([c:3]([c:2]([c:7]([c:6]1[H:12])[H:13])[O:1][H:8])[H:9])[H:10],,
5,-0.0566394888035589,RESP2,b3lyp-d3bj/dzvp,,0.95,C,hf,6,[H:11][c:5]1[c:4]([c:3]([c:2]([c:7]([c:6]1[H:12])[H:13])[O:1][H:8])[H:9])[H:10],,
6,-0.3612275173657083,RESP2,b3lyp-d3bj/dzvp,,0.95,C,hf,7,[H:11][c:5]1[c:4]([c:3]([c:2]([c:7]([c:6]1[H:12])[H:13])[O:1][H:8])[H:9])[H:10],,
7,0.4563930575732522,RESP2,b3lyp-d3bj/dzvp,,0.95,H,hf,8,[H:11][c:5]1[c:4]([c:3]([c:2]([c:7]([c:6]1[H:12])[H:13])[O:1][H:8])[H:9])[H:10],,
8,0.1853763495854373,RESP2,b3lyp-d3bj/dzvp,,0.95,H,hf,9,[H:11][c:5]1[c:4]([c:3]([c:2]([c:7]([c:6]1[H:12])[H:13])[O:1][H:8])[H:9])[H:10],,
9,0.1401650727871274,RESP2,b3lyp-d3bj/dzvp,,0.95,H,hf,10,[H:11][c:5]1[c:4]([c:3]([c:2]([c:7]([c:6]1[H:12])[H:13])[O:1][H:8])[H:9])[H:10],,
10,0.1501462864425819,RESP2,b3lyp-d3bj/dzvp,,0.95,H,hf,11,[H:11][c:5]1[c:4]([c:3]([c:2]([c:7]([c:6]1[H:12])[H:13])[O:1][H:8])[H:9])[H:10],,
11,0.1359360349739842,RESP2,b3lyp-d3bj/dzvp,,0.95,H,hf,12,[H:11][c:5]1[c:4]([c:3]([c:2]([c:7]([c:6]1[H:12])[H:13])[O:1][H:8])[H:9])[H:10],,
12,0.162399633570968,RESP2,b3lyp-d3bj/dzvp,,0.95,H,hf,13,[H:11][c:5]1[c:4]([c:3]([c:2]([c:7]([c:6]1[H:12])[H:13])[O:1][H:8])[H:9])[H:10],,
0,-0.6499717265572738,RESP2,b3lyp-d3bj/dzvp,,1.0,O,hf,1,[H:11][c:5]1[c:4]([c:3]([c:2]([c:7]([c:6]1[H:12])[H:13])[O:1][H:8])[H:9])[H:10],,
1,0.4533545454663914,RESP2,b3lyp-d3bj/dzvp,,1.0,C,hf,2,[H:11][c:5]1[c:4]([c:3]([c:2]([c:7]([c:6]1[H:12])[H:13])[O:1][H:8])[H:9])[H:10],,
2,-0.2983004583033443,RESP2,b3lyp-d3bj/dzvp,,1.0,C,hf,3,[H:11][c:5]1[c:4]([c:3]([c:2]([c:7]([c:6]1[H:12])[H:13])[O:1][H:8])[H:9])[H:10],,
3,-0.0907551327967218,RESP2,b3lyp-d3bj/dzvp,,1.0,C,hf,4,[H:11][c:5]1[c:4]([c:3]([c:2]([c:7]([c:6]1[H:12])[H:13])[O:1][H:8])[H:9])[H:10],,
4,-0.2294524171310902,RESP2,b3lyp-d3bj/dzvp,,1.0,C,hf,5,[H:11][c:5]1[c:4]([c:3]([c:2]([c:7]([c:6]1[H:12])[H:13])[O:1][H:8])[H:9])[H:10],,
5,-0.0565783967827982,RESP2,b3lyp-d3bj/dzvp,,1.0,C,hf,6,[H:11][c:5]1[c:4]([c:3]([c:2]([c:7]([c:6]1[H:12])[H:13])[O:1][H:8])[H:9])[H:10],,
6,-0.3612290535357538,RESP2,b3lyp-d3bj/dzvp,,1.0,C,hf,7,[H:11][c:5]1[c:4]([c:3]([c:2]([c:7]([c:6]1[H:12])[H:13])[O:1][H:8])[H:9])[H:10],,
7,0.4575229136723566,RESP2,b3lyp-d3bj/dzvp,,1.0,H,hf,8,[H:11][c:5]1[c:4]([c:3]([c:2]([c:7]([c:6]1[H:12])[H:13])[O:1][H:8])[H:9])[H:10],,
8,0.1857369346398368,RESP2,b3lyp-d3bj/dzvp,,1.0,H,hf,9,[H:11][c:5]1[c:4]([c:3]([c:2]([c:7]([c:6]1[H:12])[H:13])[O:1][H:8])[H:9])[H:10],,
9,0.140493960905271,RESP2,b3lyp-d3bj/dzvp,,1.0,H,hf,10,[H:11][c:5]1[c:4]([c:3]([c:2]([c:7]([c:6]1[H:12])[H:13])[O:1][H:8])[H:9])[H:10],,
10,0.1503958640557047,RESP2,b3lyp-d3bj/dzvp,,1.0,H,hf,11,[H:11][c:5]1[c:4]([c:3]([c:2]([c:7]([c:6]1[H:12])[H:13])[O:1][H:8])[H:9])[H:10],,
11,0.1361088142097893,RESP2,b3lyp-d3bj/dzvp,,1.0,H,hf,12,[H:11][c:5]1[c:4]([c:3]([c:2]([c:7]([c:6]1[H:12])[H:13])[O:1][H:8])[H:9])[H:10],,
12,0.1626741521576321,RESP2,b3lyp-d3bj/dzvp,,1.0,H,hf,13,[H:11][c:5]1[c:4]([c:3]([c:2]([c:7]([c:6]1[H:12])[H:13])[O:1][H:8])[H:9])[H:10],,
0,-0.6160621354805585,RESP2,b3lyp-d3bj/dzvp,1.0,0.0,O,resp2,1,[H:11][c:5]1[c:4]([c:3]([c:2]([c:7]([c:6]1[H:12])[H:13])[O:1][H:8])[H:9])[H:10],,
1,0.4468487722047611,RESP2,b3lyp-d3bj/dzvp,1.0,0.0,C,resp2,2,[H:11][c:5]1[c:4]([c:3]([c:2]([c:7]([c:6]1[H:12])[H:13])[O:1][H:8])[H:9])[H:10],,
2,-0.2836040981608458,RESP2,b3lyp-d3bj/dzvp,1.0,0.0,C,resp2,3,[H:11][c:5]1[c:4]([c:3]([c:2]([c:7]([c:6]1[H:12])[H:13])[O:1][H:8])[H:9])[H:10],,
3,-0.1130634291584494,RESP2,b3lyp-d3bj/dzvp,1.0,0.0,C,resp2,4,[H:11][c:5]1[c:4]([c:3]([c:2]([c:7]([c:6]1[H:12])[H:13])[O:1][H:8])[H:9])[H:10],,
4,-0.2213609356930373,RESP2,b3lyp-d3bj/dzvp,1.0,0.0,C,resp2,5,[H:11][c:5]1[c:4]([c:3]([c:2]([c:7]([c:6]1[H:12])[H:13])[O:1][H:8])[H:9])[H:10],,
5,-0.0714893693635795,RESP2,b3lyp-d3bj/dzvp,1.0,0.0,C,resp2,6,[H:11][c:5]1[c:4]([c:3]([c:2]([c:7]([c:6]1[H:12])[H:13])[O:1][H:8])[H:9])[H:10],,
6,-0.3742345650932036,RESP2,b3lyp-d3bj/dzvp,1.0,0.0,C,resp2,7,[H:11][c:5]1[c:4]([c:3]([c:2]([c:7]([c:6]1[H:12])[H:13])[O:1][H:8])[H:9])[H:10],,
7,0.4376643881889556,RESP2,b3lyp-d3bj/dzvp,1.0,0.0,H,resp2,8,[H:11][c:5]1[c:4]([c:3]([c:2]([c:7]([c:6]1[H:12])[H:13])[O:1][H:8])[H:9])[H:10],,
8,0.1890363430998615,RESP2,b3lyp-d3bj/dzvp,1.0,0.0,H,resp2,9,[H:11][c:5]1[c:4]([c:3]([c:2]([c:7]([c:6]1[H:12])[H:13])[O:1][H:8])[H:9])[H:10],,
9,0.1456811705721945,RESP2,b3lyp-d3bj/dzvp,1.0,0.0,H,resp2,10,[H:11][c:5]1[c:4]([c:3]([c:2]([c:7]([c:6]1[H:12])[H:13])[O:1][H:8])[H:9])[H:10],,
10,0.1519078533621715,RESP2,b3lyp-d3bj/dzvp,1.0,0.0,H,resp2,11,[H:11][c:5]1[c:4]([c:3]([c:2]([c:7]([c:6]1[H:12])[H:13])[O:1][H:8])[H:9])[H:10],,
11,0.1429245308618973,RESP2,b3lyp-d3bj/dzvp,1.0,0.0,H,resp2,12,[H:11][c:5]1[c:4]([c:3]([c:2]([c:7]([c:6]1[H:12])[H:13])[O:1][H:8])[H:9])[H:10],,
12,0.1657514746598329,RESP2,b3lyp-d3bj/dzvp,1.0,0.0,H,resp2,13,[H:11][c:5]1[c:4]([c:3]([c:2]([c:7]([c:6]1[H:12])[H:13])[O:1][H:8])[H:9])[H:10],,
0,-0.6176134437765639,RESP2,b3lyp-d3bj/dzvp,1.0,0.05,O,resp2,1,[H:11][c:5]1[c:4]([c:3]([c:2]([c:7]([c:6]1[H:12])[H:13])[O:1][H:8])[H:9])[H:10],,
1,0.447218747525368,RESP2,b3lyp-d3bj/dzvp,1.0,0.05,C,resp2,2,[H:11][c:5]1[c:4]([c:3]([c:2]([c:7]([c:6]1[H:12])[H:13])[O:1][H:8])[H:9])[H:10],,
2,-0.2848005411774549,RESP2,b3lyp-d3bj/dzvp,1.0,0.05,C,resp2,3,[H:11][c:5]1[c:4]([c:3]([c:2]([c:7]([c:6]1[H:12])[H:13])[O:1][H:8])[H:9])[H:10],,
3,-0.1129066596454911,RESP2,b3lyp-d3bj/dzvp,1.0,0.05,C,resp2,4,[H:11][c:5]1[c:4]([c:3]([c:2]([c:7]([c:6]1[H:12])[H:13])[O:1][H:8])[H:9])[H:10],,
4,-0.221786768831451,RESP2,b3lyp-d3bj/dzvp,1.0,0.05,C,resp2,5,[H:11][c:5]1[c:4]([c:3]([c:2]([c:7]([c:6]1[H:12])[H:13])[O:1][H:8])[H:9])[H:10],,
5,-0.0713572241373404,RESP2,b3lyp-d3bj/dzvp,1.0,0.05,C,resp2,6,[H:11][c:5]1[c:4]([c:3]([c:2]([c:7]([c:6]1[H:12])[H:13])[O:1][H:8])[H:9])[H:10],,
6,-0.3742353829912713,RESP2,b3lyp-d3bj/dzvp,1.0,0.05,C,resp2,7,[H:11][c:5]1[c:4]([c:3]([c:2]([c:7]([c:6]1[H:12])[H:13])[O:1][H:8])[H:9])[H:10],,
7,0.4387920866059429,RESP2,b3lyp-d3bj/dzvp,1.0,0.05,H,resp2,8,[H:11][c:5]1[c:4]([c:3]([c:2]([c:7]([c:6]1[H:12])[H:13])[O:1][H:8])[H:9])[H:10],,
8,0.1894004806287615,RESP2,b3lyp-d3bj/dzvp,1.0,0.05,H,resp2,9,[H:11][c:5]1[c:4]([c:3]([c:2]([c:7]([c:6]1[H:12])[H:13])[O:1][H:8])[H:9])[H:10],,
9,0.1459959347421247,RESP2,b3lyp-d3bj/dzvp,1.0,0.05,H,resp2,10,[H:11][c:5]1[c:4]([c:3]([c:2]([c:7]([c:6]1[H:12])[H:13])[O:1][H:8])[H:9])[H:10],,
10,0.15218842576692,RESP2,b3lyp-d3bj/dzvp,1.0,0.05,H,resp2,11,[H:11][c:5]1[c:4]([c:3]([c:2]([c:7]([c:6]1[H:12])[H:13])[O:1][H:8])[H:9])[H:10],,
11,0.1430806411761462,RESP2,b3lyp-d3bj/dzvp,1.0,0.05,H,resp2,12,[H:11][c:5]1[c:4]([c:3]([c:2]([c:7]([c:6]1[H:12])[H:13])[O:1][H:8])[H:9])[H:10],,
12,0.1660237041143097,RESP2,b3lyp-d3bj/dzvp,1.0,0.05,H,resp2,13,[H:11][c:5]1[c:4]([c:3]([c:2]([c:7]([c:6]1[H:12])[H:13])[O:1][H:8])[H:9])[H:10],,
0,-0.6191647520725692,RESP2,b3lyp-d3bj/dzvp,1.0,0.1,O,resp2,1,[H:11][c:5]1[c:4]([c:3]([c:2]([c:7]([c:6]1[H:12])[H:13])[O:1][H:8])[H:9])[H:10],,
1,0.4475887228459747,RESP2,b3lyp-d3bj/dzvp,1.0,0.1,C,resp2,2,[H:11][c:5]1[c:4]([c:3]([c:2]([c:7]([c:6]1[H:12])[H:13])[O:1][H:8])[H:9])[H:10],,
2,-0.2859969841940642,RESP2,b3lyp-d3bj/dzvp,1.0,0.1,C,resp2,3,[H:11][c:5]1[c:4]([c:3]([c:2]([c:7]([c:6]1[H:12])[H:13])[O:1][H:8])[H:9])[H:10],,
3,-0.1127498901325328,RESP2,b3lyp-d3bj/dzvp,1.0,0.1,C,resp2,4,[H:11][c:5]1[c:4]([c:3]([c:2]([c:7]([c:6]1[H:12])[H:13])[O:1][H:8])[H:9])[H:10],,
4,-0.2222126019698648,RESP2,b3lyp-d3bj/dzvp,1.0,0.1,C,resp2,5,[H:11][c:5]1[c:4]([c:3]([c:2]([c:7]([c:6]1[H:12])[H:13])[O:1][H:8])[H:9])[H:10],,
5,-0.0712250789111013,RESP2,b3lyp-d3bj/dzvp,1.0,0.1,C,resp2,6,[H:11][c:5]1[c:4]([c:3]([c:2]([c:7]([c:6]1[H:12])[H:13])[O:1][H:8])[H:9])[H:10],,
6,-0.3742362008893391,RESP2,b3lyp-d3bj/dzvp,1.0,0.1,C,resp2,7,[H:11][c:5]1[c:4]([c:3]([c:2]([c:7]([c:6]1[H:12])[H:13])[O:1][H:8])[H:9])[H:10],,
7,0.4399197850229302,RESP2,b3lyp-d3bj/dzvp,1.0,0.1,H,resp2,8,[H:11][c:5]1[c:4]([c:3]([c:2]([c:7]([c:6]1[H:12])[H:13])[O:1][H:8])[H:9])[H:10],,
8,0.1897646181576615,RESP2,b3lyp-d3bj/dzvp,1.0,0.1,H,resp2,9,[H:11][c:5]1[c:4]([c:3]([c:2]([c:7]([c:6]1[H:12])[H:13])[O:1][H:8])[H:9])[H:10],,
9,0.1463106989120548,RESP2,b3lyp-d3bj/dzvp,1.0,0.1,H,resp2,10,[H:11][c:5]1[c:4]([c:3]([c:2]([c:7]([c:6]1[H:12])[H:13])[O:1][H:8])[H:9])[H:10],,
10,0.1524689981716684,RESP2,b3lyp-d3bj/dzvp,1.0,0.1,H,resp2,11,[H:11][c:5]1[c:4]([c:3]([c:2]([c:7]([c:6]1[H:12])[H:13])[O:1][H:8])[H:9])[H:10],,
11,0.143236751490395,RESP2,b3lyp-d3bj/dzvp,1.0,0.1,H,resp2,12,[H:11][c:5]1[c:4]([c:3]([c:2]([c:7]([c:6]1[H:12])[H:13])[O:1][H:8])[H:9])[H:10],,
12,0.1662959335687866,RESP2,b3lyp-d3bj/dzvp,1.0,0.1,H,resp2,13,[H:11][c:5]1[c:4]([c:3]([c:2]([c:7]([c:6]1[H:12])[H:13])[O:1][H:8])[H:9])[H:10],,
0,-0.6207160603685745,RESP2,b3lyp-d3bj/dzvp,1.0,0.15,O,resp2,1,[H:11][c:5]1[c:4]([c:3]([c:2]([c:7]([c:6]1[H:12])[H:13])[O:1][H:8])[H:9])[H:10],,
1,0.4479586981665815,RESP2,b3lyp-d3bj/dzvp,1.0,0.15,C,resp2,2,[H:11][c:5]1[c:4]([c:3]([c:2]([c:7]([c:6]1[H:12])[H:13])[O:1][H:8])[H:9])[H:10],,
2,-0.2871934272106733,RESP2,b3lyp-d3bj/dzvp,1.0,0.15,C,resp2,3,[H:11][c:5]1[c:4]([c:3]([c:2]([c:7]([c:6]1[H:12])[H:13])[O:1][H:8])[H:9])[H:10],,
3,-0.1125931206195745,RESP2,b3lyp-d3bj/dzvp,1.0,0.15,C,resp2,4,[H:11][c:5]1[c:4]([c:3]([c:2]([c:7]([c:6]1[H:12])[H:13])[O:1][H:8])[H:9])[H:10],,
4,-0.2226384351082785,RESP2,b3lyp-d3bj/dzvp,1.0,0.15,C,resp2,5,[H:11][c:5]1[c:4]([c:3]([c:2]([c:7]([c:6]1[H:12])[H:13])[O:1][H:8])[H:9])[H:10],,
5,-0.0710929336848622,RESP2,b3lyp-d3bj/dzvp,1.0,0.15,C,resp2,6,[H:11][c:5]1[c:4]([c:3]([c:2]([c:7]([c:6]1[H:12])[H:13])[O:1][H:8])[H:9])[H:10],,
6,-0.3742370187874068,RESP2,b3lyp-d3bj/dzvp,1.0,0.15,C,resp2,7,[H:11][c:5]1[c:4]([c:3]([c:2]([c:7]([c:6]1[H:12])[H:13])[O:1][H:8])[H:9])[H:10],,
7,0.4410474834399175,RESP2,b3lyp-d3bj/dzvp,1.0,0.15,H,resp2,8,[H:11][c:5]1[c:4]([c:3]([c:2]([c:7]([c:6]1[H:12])[H:13])[O:1][H:8])[H:9])[H:10],,
8,0.1901287556865614,RESP2,b3lyp-d3bj/dzvp,1.0,0.15,H,resp2,9,[H:11][c:5]1[c:4]([c:3]([c:2]([c:7]([c:6]1[H:12])[H:13])[O:1][H:8])[H:9])[H:10],,
9,0.1466254630819849,RESP2,b3lyp-d3bj/dzvp,1.0,0.15,H,resp2,10,[H:11][c:5]1[c:4]([c:3]([c:2]([c:7]([c:6]1[H:12])[H:13])[O:1][H:8])[H:9])[H:10],,
10,0.1527495705764169,RESP2,b3lyp-d3bj/dzvp,1.0,0.15,H,resp2,11,[H:11][c:5]1[c:4]([c:3]([c:2]([c:7]([c:6]1[H:12])[H:13])[O:1][H:8])[H:9])[H:10],,
11,0.1433928618046438,RESP2,b3lyp-d3bj/dzvp,1.0,0.15,H,resp2,12,[H:11][c:5]1[c:4]([c:3]([c:2]([c:7]([c:6]1[H:12])[H:13])[O:1][H:8])[H:9])[H:10],,
12,0.1665681630232635,RESP2,b3lyp-d3bj/dzvp,1.0,0.15,H,resp2,13,[H:11][c:5]1[c:4]([c:3]([c:2]([c:7]([c:6]1[H:12])[H:13])[O:1][H:8])[H:9])[H:10],,
0,-0.6222673686645798,RESP2,b3lyp-d3bj/dzvp,1.0,0.2,O,resp2,1,[H:11][c:5]1[c:4]([c:3]([c:2]([c:7]([c:6]1[H:12])[H:13])[O:1][H:8])[H:9])[H:10],,
1,0.4483286734871884,RESP2,b3lyp-d3bj/dzvp,1.0,0.2,C,resp2,2,[H:11][c:5]1[c:4]([c:3]([c:2]([c:7]([c:6]1[H:12])[H:13])[O:1][H:8])[H:9])[H:10],,
2,-0.2883898702272825,RESP2,b3lyp-d3bj/dzvp,1.0,0.2,C,resp2,3,[H:11][c:5]1[c:4]([c:3]([c:2]([c:7]([c:6]1[H:12])[H:13])[O:1][H:8])[H:9])[H:10],,
3,-0.1124363511066161,RESP2,b3lyp-d3bj/dzvp,1.0,0.2,C,resp2,4,[H:11][c:5]1[c:4]([c:3]([c:2]([c:7]([c:6]1[H:12])[H:13])[O:1][H:8])[H:9])[H:10],,
4,-0.2230642682466922,RESP2,b3lyp-d3bj/dzvp,1.0,0.2,C,resp2,5,[H:11][c:5]1[c:4]([c:3]([c:2]([c:7]([c:6]1[H:12])[H:13])[O:1][H:8])[H:9])[H:10],,
5,-0.0709607884586231,RESP2,b3lyp-d3bj/dzvp,1.0,0.2,C,resp2,6,[H:11][c:5]1[c:4]([c:3]([c:2]([c:7]([c:6]1[H:12])[H:13])[O:1][H:8])[H:9])[H:10],,
6,-0.3742378366854745,RESP2,b3lyp-d3bj/dzvp,1.0,0.2,C,resp2,7,[H:11][c:5]1[c:4]([c:3]([c:2]([c:7]([c:6]1[H:12])[H:13])[O:1][H:8])[H:9])[H:10],,
7,0.4421751818569049,RESP2,b3lyp-d3bj/dzvp,1.0,0.2,H,resp2,8,[H:11][c:5]1[c:4]([c:3]([c:2]([c:7]([c:6]1[H:12])[H:13])[O:1][H:8])[H:9])[H:10],,
8,0.1904928932154614,RESP2,b3lyp-d3bj/dzvp,1.0,0.2,H,resp2,9,[H:11][c:5]1[c:4]([c:3]([c:2]([c:7]([c:6]1[H:12])[H:13])[O:1][H:8])[H:9])[H:10],,
9,0.1469402272519151,RESP2,b3lyp-d3bj/dzvp,1.0,0.2,H,resp2,10,[H:11][c:5]1[c:4]([c:3]([c:2]([c:7]([c:6]1[H:12])[H:13])[O:1][H:8])[H:9])[H:10],,
10,0.1530301429811654,RESP2,b3lyp-d3bj/dzvp,1.0,0.2,H,resp2,11,[H:11][c:5]1[c:4]([c:3]([c:2]([c:7]([c:6]1[H:12])[H:13])[O:1][H:8])[H:9])[H:10],,
11,0.1435489721188926,RESP2,b3lyp-d3bj/dzvp,1.0,0.2,H,resp2,12,[H:11][c:5]1[c:4]([c:3]([c:2]([c:7]([c:6]1[H:12])[H:13])[O:1][H:8])[H:9])[H:10],,
12,0.1668403924777403,RESP2,b3lyp-d3bj/dzvp,1.0,0.2,H,resp2,13,[H:11][c:5]1[c:4]([c:3]([c:2]([c:7]([c:6]1[H:12])[H:13])[O:1][H:8])[H:9])[H:10],,
0,-0.6238186769605851,RESP2,b3lyp-d3bj/dzvp,1.0,0.25,O,resp2,1,[H:11][c:5]1[c:4]([c:3]([c:2]([c:7]([c:6]1[H:12])[H:13])[O:1][H:8])[H:9])[H:10],,
1,0.4486986488077952,RESP2,b3lyp-d3bj/dzvp,1.0,0.25,C,resp2,2,[H:11][c:5]1[c:4]([c:3]([c:2]([c:7]([c:6]1[H:12])[H:13])[O:1][H:8])[H:9])[H:10],,
2,-0.2895863132438916,RESP2,b3lyp-d3bj/dzvp,1.0,0.25,C,resp2,3,[H:11][c:5]1[c:4]([c:3]([c:2]([c:7]([c:6]1[H:12])[H:13])[O:1][H:8])[H:9])[H:10],,
3,-0.1122795815936578,RESP2,b3lyp-d3bj/dzvp,1.0,0.25,C,resp2,4,[H:11][c:5]1[c:4]([c:3]([c:2]([c:7]([c:6]1[H:12])[H:13])[O:1][H:8])[H:9])[H:10],,
4,-0.2234901013851059,RESP2,b3lyp-d3bj/dzvp,1.0,0.25,C,resp2,5,[H:11][c:5]1[c:4]([c:3]([c:2]([c:7]([c:6]1[H:12])[H:13])[O:1][H:8])[H:9])[H:10],,
5,-0.070828643232384,RESP2,b3lyp-d3bj/dzvp,1.0,0.25,C,resp2,6,[H:11][c:5]1[c:4]([c:3]([c:2]([c:7]([c:6]1[H:12])[H:13])[O:1][H:8])[H:9])[H:10],,
6,-0.3742386545835421,RESP2,b3lyp-d3bj/dzvp,1.0,0.25,C,resp2,7,[H:11][c:5]1[c:4]([c:3]([c:2]([c:7]([c:6]1[H:12])[H:13])[O:1][H:8])[H:9])[H:10],,
7,0.4433028802738922,RESP2,b3lyp-d3bj/dzvp,1.0,0.25,H,resp2,8,[H:11][c:5]1[c:4]([c:3]([c:2]([c:7]([c:6]1[H:12])[H:13])[O:1][H:8])[H:9])[H:10],,
8,0.1908570307443613,RESP2,b3lyp-d3bj/dzvp,1.0,0.25,H,resp2,9,[H:11][c:5]1[c:4]([c:3]([c:2]([c:7]([c:6]1[H:12])[H:13])[O:1][H:8])[H:9])[H:10],,
9,0.1472549914218453,RESP2,b3lyp-d3bj/dzvp,1.0,0.25,H,resp2,10,[H:11][c:5]1[c:4]([c:3]([c:2]([c:7]([c:6]1[H:12])[H:13])[O:1][H:8])[H:9])[H:10],,
10,0.1533107153859139,RESP2,b3lyp-d3bj/dzvp,1.0,0.25,H,resp2,11,[H:11][c:5]1[c:4]([c:3]([c:2]([c:7]([c:6]1[H:12])[H:13])[O:1][H:8])[H:9])[H:10],,
11,0.1437050824331415,RESP2,b3lyp-d3bj/dzvp,1.0,0.25,H,resp2,12,[H:11][c:5]1[c:4]([c:3]([c:2]([c:7]([c:6]1[H:12])[H:13])[O:1][H:8])[H:9])[H:10],,
12,0.1671126219322171,RESP2,b3lyp-d3bj/dzvp,1.0,0.25,H,resp2,13,[H:11][c:5]1[c:4]([c:3]([c:2]([c:7]([c:6]1[H:12])[H:13])[O:1][H:8])[H:9])[H:10],,
0,-0.6253699852565904,RESP2,b3lyp-d3bj/dzvp,1.0,0.3,O,resp2,1,[H:11][c:5]1[c:4]([c:3]([c:2]([c:7]([c:6]1[H:12])[H:13])[O:1][H:8])[H:9])[H:10],,
1,0.4490686241284021,RESP2,b3lyp-d3bj/dzvp,1.0,0.3,C,resp2,2,[H:11][c:5]1[c:4]([c:3]([c:2]([c:7]([c:6]1[H:12])[H:13])[O:1][H:8])[H:9])[H:10],,
2,-0.2907827562605007,RESP2,b3lyp-d3bj/dzvp,1.0,0.3,C,resp2,3,[H:11][c:5]1[c:4]([c:3]([c:2]([c:7]([c:6]1[H:12])[H:13])[O:1][H:8])[H:9])[H:10],,
3,-0.1121228120806995,RESP2,b3lyp-d3bj/dzvp,1.0,0.3,C,resp2,4,[H:11][c:5]1[c:4]([c:3]([c:2]([c:7]([c:6]1[H:12])[H:13])[O:1][H:8])[H:9])[H:10],,
4,-0.2239159345235196,RESP2,b3lyp-d3bj/dzvp,1.0,0.3,C,resp2,5,[H:11][c:5]1[c:4]([c:3]([c:2]([c:7]([c:6]1[H:12])[H:13])[O:1][H:8])[H:9])[H:10],,
5,-0.0706964980061449,RESP2,b3lyp-d3bj/dzvp,1.0,0.3,C,resp2,6,[H:11][c:5]1[c:4]([c:3]([c:2]([c:7]([c:6]1[H:12])[H:13])[O:1][H:8])[H:9])[H:10],,
6,-0.3742394724816099,RESP2,b3lyp-d3bj/dzvp,1.0,0.3,C,resp2,7,[H:11][c:5]1[c:4]([c:3]([c:2]([c:7]([c:6]1[H:12])[H:13])[O:1][H:8])[H:9])[H:10],,
7,0.4444305786908796,RESP2,b3lyp-d3bj/dzvp,1.0,0.3,H,resp2,8,[H:11][c:5]1[c:4]([c:3]([c:2]([c:7]([c:6]1[H:12])[H:13])[O:1][H:8])[H:9])[H:10],,
8,0.1912211682732613,RESP2,b3lyp-d3bj/dzvp,1.0,0.3,H,resp2,9,[H:11][c:5]1[c:4]([c:3]([c:2]([c:7]([c:6]1[H:12])[H:13])[O:1][H:8])[H:9])[H:10],,
9,0.1475697555917754,RESP2,b3lyp-d3bj/dzvp,1.0,0.3,H,resp2,10,[H:11][c:5]1[c:4]([c:3]([c:2]([c:7]([c:6]1[H:12])[H:13])[O:1][H:8])[H:9])[H:10],,
10,0.1535912877906624,RESP2,b3lyp-d3bj/dzvp,1.0,0.3,H,resp2,11,[H:11][c:5]1[c:4]([c:3]([c:2]([c:7]([c:6]1[H:12])[H:13])[O:1][H:8])[H:9])[H:10],,
11,0.1438611927473903,RESP2,b3lyp-d3bj/dzvp,1.0,0.3,H,resp2,12,[H:11][c:5]1[c:4]([c:3]([c:2]([c:7]([c:6]1[H:12])[H:13])[O:1][H:8])[H:9])[H:10],,
12,0.167384851386694,RESP2,b3lyp-d3bj/dzvp,1.0,0.3,H,resp2,13,[H:11][c:5]1[c:4]([c:3]([c:2]([c:7]([c:6]1[H:12])[H:13])[O:1][H:8])[H:9])[H:10],,
0,-0.6269212935525957,RESP2,b3lyp-d3bj/dzvp,1.0,0.35,O,resp2,1,[H:11][c:5]1[c:4]([c:3]([c:2]([c:7]([c:6]1[H:12])[H:13])[O:1][H:8])[H:9])[H:10],,
1,0.4494385994490089,RESP2,b3lyp-d3bj/dzvp,1.0,0.35,C,resp2,2,[H:11][c:5]1[c:4]([c:3]([c:2]([c:7]([c:6]1[H:12])[H:13])[O:1][H:8])[H:9])[H:10],,
2,-0.2919791992771099,RESP2,b3lyp-d3bj/dzvp,1.0,0.35,C,resp2,3,[H:11][c:5]1[c:4]([c:3]([c:2]([c:7]([c:6]1[H:12])[H:13])[O:1][H:8])[H:9])[H:10],,
3,-0.1119660425677411,RESP2,b3lyp-d3bj/dzvp,1.0,0.35,C,resp2,4,[H:11][c:5]1[c:4]([c:3]([c:2]([c:7]([c:6]1[H:12])[H:13])[O:1][H:8])[H:9])[H:10],,
4,-0.2243417676619334,RESP2,b3lyp-d3bj/dzvp,1.0,0.35,C,resp2,5,[H:11][c:5]1[c:4]([c:3]([c:2]([c:7]([c:6]1[H:12])[H:13])[O:1][H:8])[H:9])[H:10],,
5,-0.0705643527799058,RESP2,b3lyp-d3bj/dzvp,1.0,0.35,C,resp2,6,[H:11][c:5]1[c:4]([c:3]([c:2]([c:7]([c:6]1[H:12])[H:13])[O:1][H:8])[H:9])[H:10],,
6,-0.3742402903796776,RESP2,b3lyp-d3bj/dzvp,1.0,0.35,C,resp2,7,[H:11][c:5]1[c:4]([c:3]([c:2]([c:7]([c:6]1[H:12])[H:13])[O:1][H:8])[H:9])[H:10],,
7,0.4455582771078669,RESP2,b3lyp-d3bj/dzvp,1.0,0.35,H,resp2,8,[H:11][c:5]1[c:4]([c:3]([c:2]([c:7]([c:6]1[H:12])[H:13])[O:1][H:8])[H:9])[H:10],,
8,0.1915853058021613,RESP2,b3lyp-d3bj/dzvp,1.0,0.35,H,resp2,9,[H:11][c:5]1[c:4]([c:3]([c:2]([c:7]([c:6]1[H:12])[H:13])[O:1][H:8])[H:9])[H:10],,
9,0.1478845197617055,RESP2,b3lyp-d3bj/dzvp,1.0,0.35,H,resp2,10,[H:11][c:5]1[c:4]([c:3]([c:2]([c:7]([c:6]1[H:12])[H:13])[O:1][H:8])[H:9])[H:10],,
10,0.1538718601954108,RESP2,b3lyp-d3bj/dzvp,1.0,0.35,H,resp2,11,[H:11][c:5]1[c:4]([c:3]([c:2]([c:7]([c:6]1[H:12])[H:13])[O:1][H:8])[H:9])[H:10],,
11,0.1440173030616391,RESP2,b3lyp-d3bj/dzvp,1.0,0.35,H,resp2,12,[H:11][c:5]1[c:4]([c:3]([c:2]([c:7]([c:6]1[H:12])[H:13])[O:1][H:8])[H:9])[H:10],,
12,0.1676570808411709,RESP2,b3lyp-d3bj/dzvp,1.0,0.35,H,resp2,13,[H:11][c:5]1[c:4]([c:3]([c:2]([c:7]([c:6]1[H:12])[H:13])[O:1][H:8])[H:9])[H:10],,
0,-0.628472601848601,RESP2,b3lyp-d3bj/dzvp,1.0,0.4,O,resp2,1,[H:11][c:5]1[c:4]([c:3]([c:2]([c:7]([c:6]1[H:12])[H:13])[O:1][H:8])[H:9])[H:10],,
1,0.4498085747696158,RESP2,b3lyp-d3bj/dzvp,1.0,0.4,C,resp2,2,[H:11][c:5]1[c:4]([c:3]([c:2]([c:7]([c:6]1[H:12])[H:13])[O:1][H:8])[H:9])[H:10],,
2,-0.293175642293719,RESP2,b3lyp-d3bj/dzvp,1.0,0.4,C,resp2,3,[H:11][c:5]1[c:4]([c:3]([c:2]([c:7]([c:6]1[H:12])[H:13])[O:1][H:8])[H:9])[H:10],,
3,-0.1118092730547828,RESP2,b3lyp-d3bj/dzvp,1.0,0.4,C,resp2,4,[H:11][c:5]1[c:4]([c:3]([c:2]([c:7]([c:6]1[H:12])[H:13])[O:1][H:8])[H:9])[H:10],,
4,-0.224767600800347,RESP2,b3lyp-d3bj/dzvp,1.0,0.4,C,resp2,5,[H:11][c:5]1[c:4]([c:3]([c:2]([c:7]([c:6]1[H:12])[H:13])[O:1][H:8])[H:9])[H:10],,
5,-0.0704322075536667,RESP2,b3lyp-d3bj/dzvp,1.0,0.4,C,resp2,6,[H:11][c:5]1[c:4]([c:3]([c:2]([c:7]([c:6]1[H:12])[H:13])[O:1][H:8])[H:9])[H:10],,
6,-0.3742411082777452,RESP2,b3lyp-d3bj/dzvp,1.0,0.4,C,resp2,7,[H:11][c:5]1[c:4]([c:3]([c:2]([c:7]([c:6]1[H:12])[H:13])[O:1][H:8])[H:9])[H:10],,
7,0.4466859755248543,RESP2,b3lyp-d3bj/dzvp,1.0,0.4,H,resp2,8,[H:11][c:5]1[c:4]([c:3]([c:2]([c:7]([c:6]1[H:12])[H:13])[O:1][H:8])[H:9])[H:10],,
8,0.1919494433310613,RESP2,b3lyp-d3bj/dzvp,1.0,0.4,H,resp2,9,[H:11][c:5]1[c:4]([c:3]([c:2]([c:7]([c:6]1[H:12])[H:13])[O:1][H:8])[H:9])[H:10],,
9,0.1481992839316357,RESP2,b3lyp-d3bj/dzvp,1.0,0.4,H,resp2,10,[H:11][c:5]1[c:4]([c:3]([c:2]([c:7]([c:6]1[H:12])[H:13])[O:1][H:8])[H:9])[H:10],,
10,0.1541524326001593,RESP2,b3lyp-d3bj/dzvp,1.0,0.4,H,resp2,11,[H:11][c:5]1[c:4]([c:3]([c:2]([c:7]([c:6]1[H:12])[H:13])[O:1][H:8])[H:9])[H:10],,
11,0.144173413375888,RESP2,b3lyp-d3bj/dzvp,1.0,0.4,H,resp2,12,[H:11][c:5]1[c:4]([c:3]([c:2]([c:7]([c:6]1[H:12])[H:13])[O:1][H:8])[H:9])[H:10],,
12,0.1679293102956477,RESP2,b3lyp-d3bj/dzvp,1.0,0.4,H,resp2,13,[H:11][c:5]1[c:4]([c:3]([c:2]([c:7]([c:6]1[H:12])[H:13])[O:1][H:8])[H:9])[H:10],,
0,-0.6300239101446065,RESP2,b3lyp-d3bj/dzvp,1.0,0.45,O,resp2,1,[H:11][c:5]1[c:4]([c:3]([c:2]([c:7]([c:6]1[H:12])[H:13])[O:1][H:8])[H:9])[H:10],,
1,0.4501785500902225,RESP2,b3lyp-d3bj/dzvp,1.0,0.45,C,resp2,2,[H:11][c:5]1[c:4]([c:3]([c:2]([c:7]([c:6]1[H:12])[H:13])[O:1][H:8])[H:9])[H:10],,
2,-0.2943720853103283,RESP2,b3lyp-d3bj/dzvp,1.0,0.45,C,resp2,3,[H:11][c:5]1[c:4]([c:3]([c:2]([c:7]([c:6]1[H:12])[H:13])[O:1][H:8])[H:9])[H:10],,
3,-0.1116525035418245,RESP2,b3lyp-d3bj/dzvp,1.0,0.45,C,resp2,4,[H:11][c:5]1[c:4]([c:3]([c:2]([c:7]([c:6]1[H:12])[H:13])[O:1][H:8])[H:9])[H:10],,
4,-0.2251934339387608,RESP2,b3lyp-d3bj/dzvp,1.0,0.45,C,resp2,5,[H:11][c:5]1[c:4]([c:3]([c:2]([c:7]([c:6]1[H:12])[H:13])[O:1][H:8])[H:9])[H:10],,
5,-0.0703000623274276,RESP2,b3lyp-d3bj/dzvp,1.0,0.45,C,resp2,6,[H:11][c:5]1[c:4]([c:3]([c:2]([c:7]([c:6]1[H:12])[H:13])[O:1][H:8])[H:9])[H:10],,
6,-0.3742419261758131,RESP2,b3lyp-d3bj/dzvp,1.0,0.45,C,resp2,7,[H:11][c:5]1[c:4]([c:3]([c:2]([c:7]([c:6]1[H:12])[H:13])[O:1][H:8])[H:9])[H:10],,
7,0.4478136739418416,RESP2,b3lyp-d3bj/dzvp,1.0,0.45,H,resp2,8,[H:11][c:5]1[c:4]([c:3]([c:2]([c:7]([c:6]1[H:12])[H:13])[O:1][H:8])[H:9])[H:10],,
8,0.1923135808599612,RESP2,b3lyp-d3bj/dzvp,1.0,0.45,H,resp2,9,[H:11][c:5]1[c:4]([c:3]([c:2]([c:7]([c:6]1[H:12])[H:13])[O:1][H:8])[H:9])[H:10],,
9,0.1485140481015659,RESP2,b3lyp-d3bj/dzvp,1.0,0.45,H,resp2,10,[H:11][c:5]1[c:4]([c:3]([c:2]([c:7]([c:6]1[H:12])[H:13])[O:1][H:8])[H:9])[H:10],,
10,0.1544330050049078,RESP2,b3lyp-d3bj/dzvp,1.0,0.45,H,resp2,11,[H:11][c:5]1[c:4]([c:3]([c:2]([c:7]([c:6]1[H:12])[H:13])[O:1][H:8])[H:9])[H:10],,
11,0.1443295236901368,RESP2,b3lyp-d3bj/dzvp,1.0,0.45,H,resp2,12,[H:11][c:5]1[c:4]([c:3]([c:2]([c:7]([c:6]1[H:12])[H:13])[O:1][H:8])[H:9])[H:10],,
12,0.1682015397501246,RESP2,b3lyp-d3bj/dzvp,1.0,0.45,H,resp2,13,[H:11][c:5]1[c:4]([c:3]([c:2]([c:7]([c:6]1[H:12])[H:13])[O:1][H:8])[H:9])[H:10],,
0,-0.6315752184406116,RESP2,b3lyp-d3bj/dzvp,1.0,0.5,O,resp2,1,[H:11][c:5]1[c:4]([c:3]([c:2]([c:7]([c:6]1[H:12])[H:13])[O:1][H:8])[H:9])[H:10],,
1,0.4505485254108293,RESP2,b3lyp-d3bj/dzvp,1.0,0.5,C,resp2,2,[H:11][c:5]1[c:4]([c:3]([c:2]([c:7]([c:6]1[H:12])[H:13])[O:1][H:8])[H:9])[H:10],,
2,-0.2955685283269373,RESP2,b3lyp-d3bj/dzvp,1.0,0.5,C,resp2,3,[H:11][c:5]1[c:4]([c:3]([c:2]([c:7]([c:6]1[H:12])[H:13])[O:1][H:8])[H:9])[H:10],,
3,-0.1114957340288662,RESP2,b3lyp-d3bj/dzvp,1.0,0.5,C,resp2,4,[H:11][c:5]1[c:4]([c:3]([c:2]([c:7]([c:6]1[H:12])[H:13])[O:1][H:8])[H:9])[H:10],,
4,-0.2256192670771745,RESP2,b3lyp-d3bj/dzvp,1.0,0.5,C,resp2,5,[H:11][c:5]1[c:4]([c:3]([c:2]([c:7]([c:6]1[H:12])[H:13])[O:1][H:8])[H:9])[H:10],,
5,-0.0701679171011885,RESP2,b3lyp-d3bj/dzvp,1.0,0.5,C,resp2,6,[H:11][c:5]1[c:4]([c:3]([c:2]([c:7]([c:6]1[H:12])[H:13])[O:1][H:8])[H:9])[H:10],,
6,-0.3742427440738807,RESP2,b3lyp-d3bj/dzvp,1.0,0.5,C,resp2,7,[H:11][c:5]1[c:4]([c:3]([c:2]([c:7]([c:6]1[H:12])[H:13])[O:1][H:8])[H:9])[H:10],,
7,0.4489413723588289,RESP2,b3lyp-d3bj/dzvp,1.0,0.5,H,resp2,8,[H:11][c:5]1[c:4]([c:3]([c:2]([c:7]([c:6]1[H:12])[H:13])[O:1][H:8])[H:9])[H:10],,
8,0.1926777183888612,RESP2,b3lyp-d3bj/dzvp,1.0,0.5,H,resp2,9,[H:11][c:5]1[c:4]([c:3]([c:2]([c:7]([c:6]1[H:12])[H:13])[O:1][H:8])[H:9])[H:10],,
9,0.148828812271496,RESP2,b3lyp-d3bj/dzvp,1.0,0.5,H,resp2,10,[H:11][c:5]1[c:4]([c:3]([c:2]([c:7]([c:6]1[H:12])[H:13])[O:1][H:8])[H:9])[H:10],,
10,0.1547135774096562,RESP2,b3lyp-d3bj/dzvp,1.0,0.5,H,resp2,11,[H:11][c:5]1[c:4]([c:3]([c:2]([c:7]([c:6]1[H:12])[H:13])[O:1][H:8])[H:9])[H:10],,
11,0.1444856340043856,RESP2,b3lyp-d3bj/dzvp,1.0,0.5,H,resp2,12,[H:11][c:5]1[c:4]([c:3]([c:2]([c:7]([c:6]1[H:12])[H:13])[O:1][H:8])[H:9])[H:10],,
12,0.1684737692046015,RESP2,b3lyp-d3bj/dzvp,1.0,0.5,H,resp2,13,[H:11][c:5]1[c:4]([c:3]([c:2]([c:7]([c:6]1[H:12])[H:13])[O:1][H:8])[H:9])[H:10],,
0,-0.633126526736617,RESP2,b3lyp-d3bj/dzvp,1.0,0.55,O,resp2,1,[H:11][c:5]1[c:4]([c:3]([c:2]([c:7]([c:6]1[H:12])[H:13])[O:1][H:8])[H:9])[H:10],,
1,0.4509185007314362,RESP2,b3lyp-d3bj/dzvp,1.0,0.55,C,resp2,2,[H:11][c:5]1[c:4]([c:3]([c:2]([c:7]([c:6]1[H:12])[H:13])[O:1][H:8])[H:9])[H:10],,
2,-0.2967649713435465,RESP2,b3lyp-d3bj/dzvp,1.0,0.55,C,resp2,3,[H:11][c:5]1[c:4]([c:3]([c:2]([c:7]([c:6]1[H:12])[H:13])[O:1][H:8])[H:9])[H:10],,
3,-0.1113389645159078,RESP2,b3lyp-d3bj/dzvp,1.0,0.55,C,resp2,4,[H:11][c:5]1[c:4]([c:3]([c:2]([c:7]([c:6]1[H:12])[H:13])[O:1][H:8])[H:9])[H:10],,
4,-0.2260451002155883,RESP2,b3lyp-d3bj/dzvp,1.0,0.55,C,resp2,5,[H:11][c:5]1[c:4]([c:3]([c:2]([c:7]([c:6]1[H:12])[H:13])[O:1][H:8])[H:9])[H:10],,
5,-0.0700357718749494,RESP2,b3lyp-d3bj/dzvp,1.0,0.55,C,resp2,6,[H:11][c:5]1[c:4]([c:3]([c:2]([c:7]([c:6]1[H:12])[H:13])[O:1][H:8])[H:9])[H:10],,
6,-0.3742435619719483,RESP2,b3lyp-d3bj/dzvp,1.0,0.55,C,resp2,7,[H:11][c:5]1[c:4]([c:3]([c:2]([c:7]([c:6]1[H:12])[H:13])[O:1][H:8])[H:9])[H:10],,
7,0.4500690707758163,RESP2,b3lyp-d3bj/dzvp,1.0,0.55,H,resp2,8,[H:11][c:5]1[c:4]([c:3]([c:2]([c:7]([c:6]1[H:12])[H:13])[O:1][H:8])[H:9])[H:10],,
8,0.1930418559177612,RESP2,b3lyp-d3bj/dzvp,1.0,0.55,H,resp2,9,[H:11][c:5]1[c:4]([c:3]([c:2]([c:7]([c:6]1[H:12])[H:13])[O:1][H:8])[H:9])[H:10],,
9,0.1491435764414262,RESP2,b3lyp-d3bj/dzvp,1.0,0.55,H,resp2,10,[H:11][c:5]1[c:4]([c:3]([c:2]([c:7]([c:6]1[H:12])[H:13])[O:1][H:8])[H:9])[H:10],,
10,0.1549941498144047,RESP2,b3lyp-d3bj/dzvp,1.0,0.55,H,resp2,11,[H:11][c:5]1[c:4]([c:3]([c:2]([c:7]([c:6]1[H:12])[H:13])[O:1][H:8])[H:9])[H:10],,
11,0.1446417443186344,RESP2,b3lyp-d3bj/dzvp,1.0,0.55,H,resp2,12,[H:11][c:5]1[c:4]([c:3]([c:2]([c:7]([c:6]1[H:12])[H:13])[O:1][H:8])[H:9])[H:10],,
12,0.1687459986590783,RESP2,b3lyp-d3bj/dzvp,1.0,0.55,H,resp2,13,[H:11][c:5]1[c:4]([c:3]([c:2]([c:7]([c:6]1[H:12])[H:13])[O:1][H:8])[H:9])[H:10],,
0,-0.6346778350326222,RESP2,b3lyp-d3bj/dzvp,1.0,0.6000000000000001,O,resp2,1,[H:11][c:5]1[c:4]([c:3]([c:2]([c:7]([c:6]1[H:12])[H:13])[O:1][H:8])[H:9])[H:10],,
1,0.451288476052043,RESP2,b3lyp-d3bj/dzvp,1.0,0.6000000000000001,C,resp2,2,[H:11][c:5]1[c:4]([c:3]([c:2]([c:7]([c:6]1[H:12])[H:13])[O:1][H:8])[H:9])[H:10],,
2,-0.2979614143601557,RESP2,b3lyp-d3bj/dzvp,1.0,0.6000000000000001,C,resp2,3,[H:11][c:5]1[c:4]([c:3]([c:2]([c:7]([c:6]1[H:12])[H:13])[O:1][H:8])[H:9])[H:10],,
3,-0.1111821950029495,RESP2,b3lyp-d3bj/dzvp,1.0,0.6000000000000001,C,resp2,4,[H:11][c:5]1[c:4]([c:3]([c:2]([c:7]([c:6]1[H:12])[H:13])[O:1][H:8])[H:9])[H:10],,
4,-0.226470933354002,RESP2,b3lyp-d3bj/dzvp,1.0,0.6000000000000001,C,resp2,5,[H:11][c:5]1[c:4]([c:3]([c:2]([c:7]([c:6]1[H:12])[H:13])[O:1][H:8])[H:9])[H:10],,
5,-0.0699036266487103,RESP2,b3lyp-d3bj/dzvp,1.0,0.6000000000000001,C,resp2,6,[H:11][c:5]1[c:4]([c:3]([c:2]([c:7]([c:6]1[H:12])[H:13])[O:1][H:8])[H:9])[H:10],,
6,-0.3742443798700161,RESP2,b3lyp-d3bj/dzvp,1.0,0.6000000000000001,C,resp2,7,[H:11][c:5]1[c:4]([c:3]([c:2]([c:7]([c:6]1[H:12])[H:13])[O:1][H:8])[H:9])[H:10],,
7,0.4511967691928036,RESP2,b3lyp-d3bj/dzvp,1.0,0.6000000000000001,H,resp2,8,[H:11][c:5]1[c:4]([c:3]([c:2]([c:7]([c:6]1[H:12])[H:13])[O:1][H:8])[H:9])[H:10],,
8,0.1934059934466611,RESP2,b3lyp-d3bj/dzvp,1.0,0.6000000000000001,H,resp2,9,[H:11][c:5]1[c:4]([c:3]([c:2]([c:7]([c:6]1[H:12])[H:13])[O:1][H:8])[H:9])[H:10],,
9,0.1494583406113563,RESP2,b3lyp-d3bj/dzvp,1.0,0.6000000000000001,H,resp2,10,[H:11][c:5]1[c:4]([c:3]([c:2]([c:7]([c:6]1[H:12])[H:13])[O:1][H:8])[H:9])[H:10],,
10,0.1552747222191532,RESP2,b3lyp-d3bj/dzvp,1.0,0.6000000000000001,H,resp2,11,[H:11][c:5]1[c:4]([c:3]([c:2]([c:7]([c:6]1[H:12])[H:13])[O:1][H:8])[H:9])[H:10],,
11,0.1447978546328833,RESP2,b3lyp-d3bj/dzvp,1.0,0.6000000000000001,H,resp2,12,[H:11][c:5]1[c:4]([c:3]([c:2]([c:7]([c:6]1[H:12])[H:13])[O:1][H:8])[H:9])[H:10],,
12,0.1690182281135552,RESP2,b3lyp-d3bj/dzvp,1.0,0.6000000000000001,H,resp2,13,[H:11][c:5]1[c:4]([c:3]([c:2]([c:7]([c:6]1[H:12])[H:13])[O:1][H:8])[H:9])[H:10],,
0,-0.6362291433286276,RESP2,b3lyp-d3bj/dzvp,1.0,0.65,O,resp2,1,[H:11][c:5]1[c:4]([c:3]([c:2]([c:7]([c:6]1[H:12])[H:13])[O:1][H:8])[H:9])[H:10],,
1,0.4516584513726498,RESP2,b3lyp-d3bj/dzvp,1.0,0.65,C,resp2,2,[H:11][c:5]1[c:4]([c:3]([c:2]([c:7]([c:6]1[H:12])[H:13])[O:1][H:8])[H:9])[H:10],,
2,-0.2991578573767648,RESP2,b3lyp-d3bj/dzvp,1.0,0.65,C,resp2,3,[H:11][c:5]1[c:4]([c:3]([c:2]([c:7]([c:6]1[H:12])[H:13])[O:1][H:8])[H:9])[H:10],,
3,-0.1110254254899912,RESP2,b3lyp-d3bj/dzvp,1.0,0.65,C,resp2,4,[H:11][c:5]1[c:4]([c:3]([c:2]([c:7]([c:6]1[H:12])[H:13])[O:1][H:8])[H:9])[H:10],,
4,-0.2268967664924157,RESP2,b3lyp-d3bj/dzvp,1.0,0.65,C,resp2,5,[H:11][c:5]1[c:4]([c:3]([c:2]([c:7]([c:6]1[H:12])[H:13])[O:1][H:8])[H:9])[H:10],,
5,-0.0697714814224712,RESP2,b3lyp-d3bj/dzvp,1.0,0.65,C,resp2,6,[H:11][c:5]1[c:4]([c:3]([c:2]([c:7]([c:6]1[H:12])[H:13])[O:1][H:8])[H:9])[H:10],,
6,-0.3742451977680838,RESP2,b3lyp-d3bj/dzvp,1.0,0.65,C,resp2,7,[H:11][c:5]1[c:4]([c:3]([c:2]([c:7]([c:6]1[H:12])[H:13])[O:1][H:8])[H:9])[H:10],,
7,0.452324467609791,RESP2,b3lyp-d3bj/dzvp,1.0,0.65,H,resp2,8,[H:11][c:5]1[c:4]([c:3]([c:2]([c:7]([c:6]1[H:12])[H:13])[O:1][H:8])[H:9])[H:10],,
8,0.1937701309755611,RESP2,b3lyp-d3bj/dzvp,1.0,0.65,H,resp2,9,[H:11][c:5]1[c:4]([c:3]([c:2]([c:7]([c:6]1[H:12])[H:13])[O:1][H:8])[H:9])[H:10],,
9,0.1497731047812865,RESP2,b3lyp-d3bj/dzvp,1.0,0.65,H,resp2,10,[H:11][c:5]1[c:4]([c:3]([c:2]([c:7]([c:6]1[H:12])[H:13])[O:1][H:8])[H:9])[H:10],,
10,0.1555552946239017,RESP2,b3lyp-d3bj/dzvp,1.0,0.65,H,resp2,11,[H:11][c:5]1[c:4]([c:3]([c:2]([c:7]([c:6]1[H:12])[H:13])[O:1][H:8])[H:9])[H:10],,
11,0.1449539649471321,RESP2,b3lyp-d3bj/dzvp,1.0,0.65,H,resp2,12,[H:11][c:5]1[c:4]([c:3]([c:2]([c:7]([c:6]1[H:12])[H:13])[O:1][H:8])[H:9])[H:10],,
12,0.169290457568032,RESP2,b3lyp-d3bj/dzvp,1.0,0.65,H,resp2,13,[H:11][c:5]1[c:4]([c:3]([c:2]([c:7]([c:6]1[H:12])[H:13])[O:1][H:8])[H:9])[H:10],,
0,-0.6377804516246328,RESP2,b3lyp-d3bj/dzvp,1.0,0.7000000000000001,O,resp2,1,[H:11][c:5]1[c:4]([c:3]([c:2]([c:7]([c:6]1[H:12])[H:13])[O:1][H:8])[H:9])[H:10],,
1,0.4520284266932567,RESP2,b3lyp-d3bj/dzvp,1.0,0.7000000000000001,C,resp2,2,[H:11][c:5]1[c:4]([c:3]([c:2]([c:7]([c:6]1[H:12])[H:13])[O:1][H:8])[H:9])[H:10],,
2,-0.3003543003933739,RESP2,b3lyp-d3bj/dzvp,1.0,0.7000000000000001,C,resp2,3,[H:11][c:5]1[c:4]([c:3]([c:2]([c:7]([c:6]1[H:12])[H:13])[O:1][H:8])[H:9])[H:10],,
3,-0.1108686559770328,RESP2,b3lyp-d3bj/dzvp,1.0,0.7000000000000001,C,resp2,4,[H:11][c:5]1[c:4]([c:3]([c:2]([c:7]([c:6]1[H:12])[H:13])[O:1][H:8])[H:9])[H:10],,
4,-0.2273225996308294,RESP2,b3lyp-d3bj/dzvp,1.0,0.7000000000000001,C,resp2,5,[H:11][c:5]1[c:4]([c:3]([c:2]([c:7]([c:6]1[H:12])[H:13])[O:1][H:8])[H:9])[H:10],,
5,-0.0696393361962321,RESP2,b3lyp-d3bj/dzvp,1.0,0.7000000000000001,C,resp2,6,[H:11][c:5]1[c:4]([c:3]([c:2]([c:7]([c:6]1[H:12])[H:13])[O:1][H:8])[H:9])[H:10],,
6,-0.3742460156661515,RESP2,b3lyp-d3bj/dzvp,1.0,0.7000000000000001,C,resp2,7,[H:11][c:5]1[c:4]([c:3]([c:2]([c:7]([c:6]1[H:12])[H:13])[O:1][H:8])[H:9])[H:10],,
7,0.4534521660267783,RESP2,b3lyp-d3bj/dzvp,1.0,0.7000000000000001,H,resp2,8,[H:11][c:5]1[c:4]([c:3]([c:2]([c:7]([c:6]1[H:12])[H:13])[O:1][H:8])[H:9])[H:10],,
8,0.1941342685044611,RESP2,b3lyp-d3bj/dzvp,1.0,0.7000000000000001,H,resp2,9,[H:11][c:5]1[c:4]([c:3]([c:2]([c:7]([c:6]1[H:12])[H:13])[O:1][H:8])[H:9])[H:10],,
9,0.1500878689512166,RESP2,b3lyp-d3bj/dzvp,1.0,0.7000000000000001,H,resp2,10,[H:11][c:5]1[c:4]([c:3]([c:2]([c:7]([c:6]1[H:12])[H:13])[O:1][H:8])[H:9])[H:10],,
10,0.1558358670286502,RESP2,b3lyp-d3bj/dzvp,1.0,0.7000000000000001,H,resp2,11,[H:11][c:5]1[c:4]([c:3]([c:2]([c:7]([c:6]1[H:12])[H:13])[O:1][H:8])[H:9])[H:10],,
11,0.1451100752613809,RESP2,b3lyp-d3bj/dzvp,1.0,0.7000000000000001,H,resp2,12,[H:11][c:5]1[c:4]([c:3]([c:2]([c:7]([c:6]1[H:12])[H:13])[O:1][H:8])[H:9])[H:10],,
12,0.1695626870225089,RESP2,b3lyp-d3bj/dzvp,1.0,0.7000000000000001,H,resp2,13,[H:11][c:5]1[c:4]([c:3]([c:2]([c:7]([c:6]1[H:12])[H:13])[O:1][H:8])[H:9])[H:10],,
0,-0.6393317599206382,RESP2,b3lyp-d3bj/dzvp,1.0,0.75,O,resp2,1,[H:11][c:5]1[c:4]([c:3]([c:2]([c:7]([c:6]1[H:12])[H:13])[O:1][H:8])[H:9])[H:10],,
1,0.4523984020138635,RESP2,b3lyp-d3bj/dzvp,1.0,0.75,C,resp2,2,[H:11][c:5]1[c:4]([c:3]([c:2]([c:7]([c:6]1[H:12])[H:13])[O:1][H:8])[H:9])[H:10],,
2,-0.3015507434099831,RESP2,b3lyp-d3bj/dzvp,1.0,0.75,C,resp2,3,[H:11][c:5]1[c:4]([c:3]([c:2]([c:7]([c:6]1[H:12])[H:13])[O:1][H:8])[H:9])[H:10],,
3,-0.1107118864640745,RESP2,b3lyp-d3bj/dzvp,1.0,0.75,C,resp2,4,[H:11][c:5]1[c:4]([c:3]([c:2]([c:7]([c:6]1[H:12])[H:13])[O:1][H:8])[H:9])[H:10],,
4,-0.2277484327692431,RESP2,b3lyp-d3bj/dzvp,1.0,0.75,C,resp2,5,[H:11][c:5]1[c:4]([c:3]([c:2]([c:7]([c:6]1[H:12])[H:13])[O:1][H:8])[H:9])[H:10],,
5,-0.069507190969993,RESP2,b3lyp-d3bj/dzvp,1.0,0.75,C,resp2,6,[H:11][c:5]1[c:4]([c:3]([c:2]([c:7]([c:6]1[H:12])[H:13])[O:1][H:8])[H:9])[H:10],,
6,-0.3742468335642192,RESP2,b3lyp-d3bj/dzvp,1.0,0.75,C,resp2,7,[H:11][c:5]1[c:4]([c:3]([c:2]([c:7]([c:6]1[H:12])[H:13])[O:1][H:8])[H:9])[H:10],,
7,0.4545798644437656,RESP2,b3lyp-d3bj/dzvp,1.0,0.75,H,resp2,8,[H:11][c:5]1[c:4]([c:3]([c:2]([c:7]([c:6]1[H:12])[H:13])[O:1][H:8])[H:9])[H:10],,
8,0.1944984060333611,RESP2,b3lyp-d3bj/dzvp,1.0,0.75,H,resp2,9,[H:11][c:5]1[c:4]([c:3]([c:2]([c:7]([c:6]1[H:12])[H:13])[O:1][H:8])[H:9])[H:10],,
9,0.1504026331211468,RESP2,b3lyp-d3bj/dzvp,1.0,0.75,H,resp2,10,[H:11][c:5]1[c:4]([c:3]([c:2]([c:7]([c:6]1[H:12])[H:13])[O:1][H:8])[H:9])[H:10],,
10,0.1561164394333987,RESP2,b3lyp-d3bj/dzvp,1.0,0.75,H,resp2,11,[H:11][c:5]1[c:4]([c:3]([c:2]([c:7]([c:6]1[H:12])[H:13])[O:1][H:8])[H:9])[H:10],,
11,0.1452661855756298,RESP2,b3lyp-d3bj/dzvp,1.0,0.75,H,resp2,12,[H:11][c:5]1[c:4]([c:3]([c:2]([c:7]([c:6]1[H:12])[H:13])[O:1][H:8])[H:9])[H:10],,
12,0.1698349164769858,RESP2,b3lyp-d3bj/dzvp,1.0,0.75,H,resp2,13,[H:11][c:5]1[c:4]([c:3]([c:2]([c:7]([c:6]1[H:12])[H:13])[O:1][H:8])[H:9])[H:10],,
0,-0.6408830682166434,RESP2,b3lyp-d3bj/dzvp,1.0,0.8,O,resp2,1,[H:11][c:5]1[c:4]([c:3]([c:2]([c:7]([c:6]1[H:12])[H:13])[O:1][H:8])[H:9])[H:10],,
1,0.4527683773344703,RESP2,b3lyp-d3bj/dzvp,1.0,0.8,C,resp2,2,[H:11][c:5]1[c:4]([c:3]([c:2]([c:7]([c:6]1[H:12])[H:13])[O:1][H:8])[H:9])[H:10],,
2,-0.3027471864265923,RESP2,b3lyp-d3bj/dzvp,1.0,0.8,C,resp2,3,[H:11][c:5]1[c:4]([c:3]([c:2]([c:7]([c:6]1[H:12])[H:13])[O:1][H:8])[H:9])[H:10],,
3,-0.1105551169511162,RESP2,b3lyp-d3bj/dzvp,1.0,0.8,C,resp2,4,[H:11][c:5]1[c:4]([c:3]([c:2]([c:7]([c:6]1[H:12])[H:13])[O:1][H:8])[H:9])[H:10],,
4,-0.2281742659076568,RESP2,b3lyp-d3bj/dzvp,1.0,0.8,C,resp2,5,[H:11][c:5]1[c:4]([c:3]([c:2]([c:7]([c:6]1[H:12])[H:13])[O:1][H:8])[H:9])[H:10],,
5,-0.0693750457437539,RESP2,b3lyp-d3bj/dzvp,1.0,0.8,C,resp2,6,[H:11][c:5]1[c:4]([c:3]([c:2]([c:7]([c:6]1[H:12])[H:13])[O:1][H:8])[H:9])[H:10],,
6,-0.3742476514622869,RESP2,b3lyp-d3bj/dzvp,1.0,0.8,C,resp2,7,[H:11][c:5]1[c:4]([c:3]([c:2]([c:7]([c:6]1[H:12])[H:13])[O:1][H:8])[H:9])[H:10],,
7,0.455707562860753,RESP2,b3lyp-d3bj/dzvp,1.0,0.8,H,resp2,8,[H:11][c:5]1[c:4]([c:3]([c:2]([c:7]([c:6]1[H:12])[H:13])[O:1][H:8])[H:9])[H:10],,
8,0.1948625435622611,RESP2,b3lyp-d3bj/dzvp,1.0,0.8,H,resp2,9,[H:11][c:5]1[c:4]([c:3]([c:2]([c:7]([c:6]1[H:12])[H:13])[O:1][H:8])[H:9])[H:10],,
9,0.1507173972910769,RESP2,b3lyp-d3bj/dzvp,1.0,0.8,H,resp2,10,[H:11][c:5]1[c:4]([c:3]([c:2]([c:7]([c:6]1[H:12])[H:13])[O:1][H:8])[H:9])[H:10],,
10,0.1563970118381472,RESP2,b3lyp-d3bj/dzvp,1.0,0.8,H,resp2,11,[H:11][c:5]1[c:4]([c:3]([c:2]([c:7]([c:6]1[H:12])[H:13])[O:1][H:8])[H:9])[H:10],,
11,0.1454222958898786,RESP2,b3lyp-d3bj/dzvp,1.0,0.8,H,resp2,12,[H:11][c:5]1[c:4]([c:3]([c:2]([c:7]([c:6]1[H:12])[H:13])[O:1][H:8])[H:9])[H:10],,
12,0.1701071459314626,RESP2,b3lyp-d3bj/dzvp,1.0,0.8,H,resp2,13,[H:11][c:5]1[c:4]([c:3]([c:2]([c:7]([c:6]1[H:12])[H:13])[O:1][H:8])[H:9])[H:10],,
0,-0.6424343765126489,RESP2,b3lyp-d3bj/dzvp,1.0,0.8500000000000001,O,resp2,1,[H:11][c:5]1[c:4]([c:3]([c:2]([c:7]([c:6]1[H:12])[H:13])[O:1][H:8])[H:9])[H:10],,
1,0.4531383526550771,RESP2,b3lyp-d3bj/dzvp,1.0,0.8500000000000001,C,resp2,2,[H:11][c:5]1[c:4]([c:3]([c:2]([c:7]([c:6]1[H:12])[H:13])[O:1][H:8])[H:9])[H:10],,
2,-0.3039436294432014,RESP2,b3lyp-d3bj/dzvp,1.0,0.8500000000000001,C,resp2,3,[H:11][c:5]1[c:4]([c:3]([c:2]([c:7]([c:6]1[H:12])[H:13])[O:1][H:8])[H:9])[H:10],,
3,-0.1103983474381579,RESP2,b3lyp-d3bj/dzvp,1.0,0.8500000000000001,C,resp2,4,[H:11][c:5]1[c:4]([c:3]([c:2]([c:7]([c:6]1[H:12])[H:13])[O:1][H:8])[H:9])[H:10],,
4,-0.2286000990460705,RESP2,b3lyp-d3bj/dzvp,1.0,0.8500000000000001,C,resp2,5,[H:11][c:5]1[c:4]([c:3]([c:2]([c:7]([c:6]1[H:12])[H:13])[O:1][H:8])[H:9])[H:10],,
5,-0.0692429005175148,RESP2,b3lyp-d3bj/dzvp,1.0,0.8500000000000001,C,resp2,6,[H:11][c:5]1[c:4]([c:3]([c:2]([c:7]([c:6]1[H:12])[H:13])[O:1][H:8])[H:9])[H:10],,
6,-0.3742484693603546,RESP2,b3lyp-d3bj/dzvp,1.0,0.8500000000000001,C,resp2,7,[H:11][c:5]1[c:4]([c:3]([c:2]([c:7]([c:6]1[H:12])[H:13])[O:1][H:8])[H:9])[H:10],,
7,0.4568352612777402,RESP2,b3lyp-d3bj/dzvp,1.0,0.8500000000000001,H,resp2,8,[H:11][c:5]1[c:4]([c:3]([c:2]([c:7]([c:6]1[H:12])[H:13])[O:1][H:8])[H:9])[H:10],,
8,0.1952266810911611,RESP2,b3lyp-d3bj/dzvp,1.0,0.8500000000000001,H,resp2,9,[H:11][c:5]1[c:4]([c:3]([c:2]([c:7]([c:6]1[H:12])[H:13])[O:1][H:8])[H:9])[H:10],,
9,0.1510321614610071,RESP2,b3lyp-d3bj/dzvp,1.0,0.8500000000000001,H,resp2,10,[H:11][c:5]1[c:4]([c:3]([c:2]([c:7]([c:6]1[H:12])[H:13])[O:1][H:8])[H:9])[H:10],,
10,0.1566775842428956,RESP2,b3lyp-d3bj/dzvp,1.0,0.8500000000000001,H,resp2,11,[H:11][c:5]1[c:4]([c:3]([c:2]([c:7]([c:6]1[H:12])[H:13])[O:1][H:8])[H:9])[H:10],,
11,0.1455784062041275,RESP2,b3lyp-d3bj/dzvp,1.0,0.8500000000000001,H,resp2,12,[H:11][c:5]1[c:4]([c:3]([c:2]([c:7]([c:6]1[H:12])[H:13])[O:1][H:8])[H:9])[H:10],,
12,0.1703793753859395,RESP2,b3lyp-d3bj/dzvp,1.0,0.8500000000000001,H,resp2,13,[H:11][c:5]1[c:4]([c:3]([c:2]([c:7]([c:6]1[H:12])[H:13])[O:1][H:8])[H:9])[H:10],,
0,-0.643985684808654,RESP2,b3lyp-d3bj/dzvp,1.0,0.9,O,resp2,1,[H:11][c:5]1[c:4]([c:3]([c:2]([c:7]([c:6]1[H:12])[H:13])[O:1][H:8])[H:9])[H:10],,
1,0.4535083279756839,RESP2,b3lyp-d3bj/dzvp,1.0,0.9,C,resp2,2,[H:11][c:5]1[c:4]([c:3]([c:2]([c:7]([c:6]1[H:12])[H:13])[O:1][H:8])[H:9])[H:10],,
2,-0.3051400724598106,RESP2,b3lyp-d3bj/dzvp,1.0,0.9,C,resp2,3,[H:11][c:5]1[c:4]([c:3]([c:2]([c:7]([c:6]1[H:12])[H:13])[O:1][H:8])[H:9])[H:10],,
3,-0.1102415779251995,RESP2,b3lyp-d3bj/dzvp,1.0,0.9,C,resp2,4,[H:11][c:5]1[c:4]([c:3]([c:2]([c:7]([c:6]1[H:12])[H:13])[O:1][H:8])[H:9])[H:10],,
4,-0.2290259321844842,RESP2,b3lyp-d3bj/dzvp,1.0,0.9,C,resp2,5,[H:11][c:5]1[c:4]([c:3]([c:2]([c:7]([c:6]1[H:12])[H:13])[O:1][H:8])[H:9])[H:10],,
5,-0.0691107552912757,RESP2,b3lyp-d3bj/dzvp,1.0,0.9,C,resp2,6,[H:11][c:5]1[c:4]([c:3]([c:2]([c:7]([c:6]1[H:12])[H:13])[O:1][H:8])[H:9])[H:10],,
6,-0.3742492872584224,RESP2,b3lyp-d3bj/dzvp,1.0,0.9,C,resp2,7,[H:11][c:5]1[c:4]([c:3]([c:2]([c:7]([c:6]1[H:12])[H:13])[O:1][H:8])[H:9])[H:10],,
7,0.4579629596947276,RESP2,b3lyp-d3bj/dzvp,1.0,0.9,H,resp2,8,[H:11][c:5]1[c:4]([c:3]([c:2]([c:7]([c:6]1[H:12])[H:13])[O:1][H:8])[H:9])[H:10],,
8,0.195590818620061,RESP2,b3lyp-d3bj/dzvp,1.0,0.9,H,resp2,9,[H:11][c:5]1[c:4]([c:3]([c:2]([c:7]([c:6]1[H:12])[H:13])[O:1][H:8])[H:9])[H:10],,
9,0.1513469256309372,RESP2,b3lyp-d3bj/dzvp,1.0,0.9,H,resp2,10,[H:11][c:5]1[c:4]([c:3]([c:2]([c:7]([c:6]1[H:12])[H:13])[O:1][H:8])[H:9])[H:10],,
10,0.1569581566476441,RESP2,b3lyp-d3bj/dzvp,1.0,0.9,H,resp2,11,[H:11][c:5]1[c:4]([c:3]([c:2]([c:7]([c:6]1[H:12])[H:13])[O:1][H:8])[H:9])[H:10],,
11,0.1457345165183763,RESP2,b3lyp-d3bj/dzvp,1.0,0.9,H,resp2,12,[H:11][c:5]1[c:4]([c:3]([c:2]([c:7]([c:6]1[H:12])[H:13])[O:1][H:8])[H:9])[H:10],,
12,0.1706516048404164,RESP2,b3lyp-d3bj/dzvp,1.0,0.9,H,resp2,13,[H:11][c:5]1[c:4]([c:3]([c:2]([c:7]([c:6]1[H:12])[H:13])[O:1][H:8])[H:9])[H:10],,
0,-0.6455369931046594,RESP2,b3lyp-d3bj/dzvp,1.0,0.95,O,resp2,1,[H:11][c:5]1[c:4]([c:3]([c:2]([c:7]([c:6]1[H:12])[H:13])[O:1][H:8])[H:9])[H:10],,
1,0.4538783032962907,RESP2,b3lyp-d3bj/dzvp,1.0,0.95,C,resp2,2,[H:11][c:5]1[c:4]([c:3]([c:2]([c:7]([c:6]1[H:12])[H:13])[O:1][H:8])[H:9])[H:10],,
2,-0.3063365154764197,RESP2,b3lyp-d3bj/dzvp,1.0,0.95,C,resp2,3,[H:11][c:5]1[c:4]([c:3]([c:2]([c:7]([c:6]1[H:12])[H:13])[O:1][H:8])[H:9])[H:10],,
3,-0.1100848084122412,RESP2,b3lyp-d3bj/dzvp,1.0,0.95,C,resp2,4,[H:11][c:5]1[c:4]([c:3]([c:2]([c:7]([c:6]1[H:12])[H:13])[O:1][H:8])[H:9])[H:10],,
4,-0.229451765322898,RESP2,b3lyp-d3bj/dzvp,1.0,0.95,C,resp2,5,[H:11][c:5]1[c:4]([c:3]([c:2]([c:7]([c:6]1[H:12])[H:13])[O:1][H:8])[H:9])[H:10],,
5,-0.0689786100650366,RESP2,b3lyp-d3bj/dzvp,1.0,0.95,C,resp2,6,[H:11][c:5]1[c:4]([c:3]([c:2]([c:7]([c:6]1[H:12])[H:13])[O:1][H:8])[H:9])[H:10],,
6,-0.37425010515649,RESP2,b3lyp-d3bj/dzvp,1.0,0.95,C,resp2,7,[H:11][c:5]1[c:4]([c:3]([c:2]([c:7]([c:6]1[H:12])[H:13])[O:1][H:8])[H:9])[H:10],,
7,0.459090658111715,RESP2,b3lyp-d3bj/dzvp,1.0,0.95,H,resp2,8,[H:11][c:5]1[c:4]([c:3]([c:2]([c:7]([c:6]1[H:12])[H:13])[O:1][H:8])[H:9])[H:10],,
8,0.195954956148961,RESP2,b3lyp-d3bj/dzvp,1.0,0.95,H,resp2,9,[H:11][c:5]1[c:4]([c:3]([c:2]([c:7]([c:6]1[H:12])[H:13])[O:1][H:8])[H:9])[H:10],,
9,0.1516616898008674,RESP2,b3lyp-d3bj/dzvp,1.0,0.95,H,resp2,10,[H:11][c:5]1[c:4]([c:3]([c:2]([c:7]([c:6]1[H:12])[H:13])[O:1][H:8])[H:9])[H:10],,
10,0.1572387290523925,RESP2,b3lyp-d3bj/dzvp,1.0,0.95,H,resp2,11,[H:11][c:5]1[c:4]([c:3]([c:2]([c:7]([c:6]1[H:12])[H:13])[O:1][H:8])[H:9])[H:10],,
11,0.1458906268326251,RESP2,b3lyp-d3bj/dzvp,1.0,0.95,H,resp2,12,[H:11][c:5]1[c:4]([c:3]([c:2]([c:7]([c:6]1[H:12])[H:13])[O:1][H:8])[H:9])[H:10],,
12,0.1709238342948932,RESP2,b3lyp-d3bj/dzvp,1.0,0.95,H,resp2,13,[H:11][c:5]1[c:4]([c:3]([c:2]([c:7]([c:6]1[H:12])[H:13])[O:1][H:8])[H:9])[H:10],,
0,-0.6470883014006646,RESP2,b3lyp-d3bj/dzvp,1.0,1.0,O,resp2,1,[H:11][c:5]1[c:4]([c:3]([c:2]([c:7]([c:6]1[H:12])[H:13])[O:1][H:8])[H:9])[H:10],,
1,0.4542482786168976,RESP2,b3lyp-d3bj/dzvp,1.0,1.0,C,resp2,2,[H:11][c:5]1[c:4]([c:3]([c:2]([c:7]([c:6]1[H:12])[H:13])[O:1][H:8])[H:9])[H:10],,
2,-0.3075329584930289,RESP2,b3lyp-d3bj/dzvp,1.0,1.0,C,resp2,3,[H:11][c:5]1[c:4]([c:3]([c:2]([c:7]([c:6]1[H:12])[H:13])[O:1][H:8])[H:9])[H:10],,
3,-0.1099280388992829,RESP2,b3lyp-d3bj/dzvp,1.0,1.0,C,resp2,4,[H:11][c:5]1[c:4]([c:3]([c:2]([c:7]([c:6]1[H:12])[H:13])[O:1][H:8])[H:9])[H:10],,
4,-0.2298775984613117,RESP2,b3lyp-d3bj/dzvp,1.0,1.0,C,resp2,5,[H:11][c:5]1[c:4]([c:3]([c:2]([c:7]([c:6]1[H:12])[H:13])[O:1][H:8])[H:9])[H:10],,
5,-0.0688464648387975,RESP2,b3lyp-d3bj/dzvp,1.0,1.0,C,resp2,6,[H:11][c:5]1[c:4]([c:3]([c:2]([c:7]([c:6]1[H:12])[H:13])[O:1][H:8])[H:9])[H:10],,
6,-0.3742509230545577,RESP2,b3lyp-d3bj/dzvp,1.0,1.0,C,resp2,7,[H:11][c:5]1[c:4]([c:3]([c:2]([c:7]([c:6]1[H:12])[H:13])[O:1][H:8])[H:9])[H:10],,
7,0.4602183565287023,RESP2,b3lyp-d3bj/dzvp,1.0,1.0,H,resp2,8,[H:11][c:5]1[c:4]([c:3]([c:2]([c:7]([c:6]1[H:12])[H:13])[O:1][H:8])[H:9])[H:10],,
8,0.196319093677861,RESP2,b3lyp-d3bj/dzvp,1.0,1.0,H,resp2,9,[H:11][c:5]1[c:4]([c:3]([c:2]([c:7]([c:6]1[H:12])[H:13])[O:1][H:8])[H:9])[H:10],,
9,0.1519764539707975,RESP2,b3lyp-d3bj/dzvp,1.0,1.0,H,resp2,10,[H:11][c:5]1[c:4]([c:3]([c:2]([c:7]([c:6]1[H:12])[H:13])[O:1][H:8])[H:9])[H:10],,
10,0.157519301457141,RESP2,b3lyp-d3bj/dzvp,1.0,1.0,H,resp2,11,[H:11][c:5]1[c:4]([c:3]([c:2]([c:7]([c:6]1[H:12])[H:13])[O:1][H:8])[H:9])[H:10],,
11,0.1460467371468739,RESP2,b3lyp-d3bj/dzvp,1.0,1.0,H,resp2,12,[H:11][c:5]1[c:4]([c:3]([c:2]([c:7]([c:6]1[H:12])[H:13])[O:1][H:8])[H:9])[H:10],,
12,0.1711960637493701,RESP2,b3lyp-d3bj/dzvp,1.0,1.0,H,resp2,13,[H:11][c:5]1[c:4]([c:3]([c:2]([c:7]([c:6]1[H:12])[H:13])[O:1][H:8])[H:9])[H:10],,
0,-0.6160621354809916,RESP2,b3lyp-d3bj/dzvp,,0.0,O,resp2,1,[H:11][c:5]1[c:4]([c:3]([c:2]([c:7]([c:6]1[H:12])[H:13])[O:1][H:8])[H:9])[H:10],,
1,0.446848772207044,RESP2,b3lyp-d3bj/dzvp,,0.0,C,resp2,2,[H:11][c:5]1[c:4]([c:3]([c:2]([c:7]([c:6]1[H:12])[H:13])[O:1][H:8])[H:9])[H:10],,
2,-0.2836040981628428,RESP2,b3lyp-d3bj/dzvp,,0.0,C,resp2,3,[H:11][c:5]1[c:4]([c:3]([c:2]([c:7]([c:6]1[H:12])[H:13])[O:1][H:8])[H:9])[H:10],,
3,-0.1130634291565043,RESP2,b3lyp-d3bj/dzvp,,0.0,C,resp2,4,[H:11][c:5]1[c:4]([c:3]([c:2]([c:7]([c:6]1[H:12])[H:13])[O:1][H:8])[H:9])[H:10],,
4,-0.2213609356953462,RESP2,b3lyp-d3bj/dzvp,,0.0,C,resp2,5,[H:11][c:5]1[c:4]([c:3]([c:2]([c:7]([c:6]1[H:12])[H:13])[O:1][H:8])[H:9])[H:10],,
5,-0.071489369361012,RESP2,b3lyp-d3bj/dzvp,,0.0,C,resp2,6,[H:11][c:5]1[c:4]([c:3]([c:2]([c:7]([c:6]1[H:12])[H:13])[O:1][H:8])[H:9])[H:10],,
6,-0.3742345650958101,RESP2,b3lyp-d3bj/dzvp,,0.0,C,resp2,7,[H:11][c:5]1[c:4]([c:3]([c:2]([c:7]([c:6]1[H:12])[H:13])[O:1][H:8])[H:9])[H:10],,
7,0.437664388189013,RESP2,b3lyp-d3bj/dzvp,,0.0,H,resp2,8,[H:11][c:5]1[c:4]([c:3]([c:2]([c:7]([c:6]1[H:12])[H:13])[O:1][H:8])[H:9])[H:10],,
8,0.1890363431002074,RESP2,b3lyp-d3bj/dzvp,,0.0,H,resp2,9,[H:11][c:5]1[c:4]([c:3]([c:2]([c:7]([c:6]1[H:12])[H:13])[O:1][H:8])[H:9])[H:10],,
9,0.1456811705718951,RESP2,b3lyp-d3bj/dzvp,,0.0,H,resp2,10,[H:11][c:5]1[c:4]([c:3]([c:2]([c:7]([c:6]1[H:12])[H:13])[O:1][H:8])[H:9])[H:10],,
10,0.1519078533626125,RESP2,b3lyp-d3bj/dzvp,,0.0,H,resp2,11,[H:11][c:5]1[c:4]([c:3]([c:2]([c:7]([c:6]1[H:12])[H:13])[O:1][H:8])[H:9])[H:10],,
11,0.1429245308614048,RESP2,b3lyp-d3bj/dzvp,,0.0,H,resp2,12,[H:11][c:5]1[c:4]([c:3]([c:2]([c:7]([c:6]1[H:12])[H:13])[O:1][H:8])[H:9])[H:10],,
12,0.16575147466033,RESP2,b3lyp-d3bj/dzvp,,0.0,H,resp2,13,[H:11][c:5]1[c:4]([c:3]([c:2]([c:7]([c:6]1[H:12])[H:13])[O:1][H:8])[H:9])[H:10],,
0,-0.6176134437796822,RESP2,b3lyp-d3bj/dzvp,,0.05,O,resp2,1,[H:11][c:5]1[c:4]([c:3]([c:2]([c:7]([c:6]1[H:12])[H:13])[O:1][H:8])[H:9])[H:10],,
1,0.4472187475657601,RESP2,b3lyp-d3bj/dzvp,,0.05,C,resp2,2,[H:11][c:5]1[c:4]([c:3]([c:2]([c:7]([c:6]1[H:12])[H:13])[O:1][H:8])[H:9])[H:10],,
2,-0.2848005412255568,RESP2,b3lyp-d3bj/dzvp,,0.05,C,resp2,3,[H:11][c:5]1[c:4]([c:3]([c:2]([c:7]([c:6]1[H:12])[H:13])[O:1][H:8])[H:9])[H:10],,
3,-0.1129066596582664,RESP2,b3lyp-d3bj/dzvp,,0.05,C,resp2,4,[H:11][c:5]1[c:4]([c:3]([c:2]([c:7]([c:6]1[H:12])[H:13])[O:1][H:8])[H:9])[H:10],,
4,-0.2217867687955223,RESP2,b3lyp-d3bj/dzvp,,0.05,C,resp2,5,[H:11][c:5]1[c:4]([c:3]([c:2]([c:7]([c:6]1[H:12])[H:13])[O:1][H:8])[H:9])[H:10],,
5,-0.0713572241783104,RESP2,b3lyp-d3bj/dzvp,,0.05,C,resp2,6,[H:11][c:5]1[c:4]([c:3]([c:2]([c:7]([c:6]1[H:12])[H:13])[O:1][H:8])[H:9])[H:10],,
6,-0.3742353830009793,RESP2,b3lyp-d3bj/dzvp,,0.05,C,resp2,7,[H:11][c:5]1[c:4]([c:3]([c:2]([c:7]([c:6]1[H:12])[H:13])[O:1][H:8])[H:9])[H:10],,
7,0.438792086597991,RESP2,b3lyp-d3bj/dzvp,,0.05,H,resp2,8,[H:11][c:5]1[c:4]([c:3]([c:2]([c:7]([c:6]1[H:12])[H:13])[O:1][H:8])[H:9])[H:10],,
8,0.1894004806446629,RESP2,b3lyp-d3bj/dzvp,,0.05,H,resp2,9,[H:11][c:5]1[c:4]([c:3]([c:2]([c:7]([c:6]1[H:12])[H:13])[O:1][H:8])[H:9])[H:10],,
9,0.145995934759013,RESP2,b3lyp-d3bj/dzvp,,0.05,H,resp2,10,[H:11][c:5]1[c:4]([c:3]([c:2]([c:7]([c:6]1[H:12])[H:13])[O:1][H:8])[H:9])[H:10],,
10,0.1521884257664335,RESP2,b3lyp-d3bj/dzvp,,0.05,H,resp2,11,[H:11][c:5]1[c:4]([c:3]([c:2]([c:7]([c:6]1[H:12])[H:13])[O:1][H:8])[H:9])[H:10],,
11,0.1430806411907922,RESP2,b3lyp-d3bj/dzvp,,0.05,H,resp2,12,[H:11][c:5]1[c:4]([c:3]([c:2]([c:7]([c:6]1[H:12])[H:13])[O:1][H:8])[H:9])[H:10],,
12,0.1660237041136647,RESP2,b3lyp-d3bj/dzvp,,0.05,H,resp2,13,[H:11][c:5]1[c:4]([c:3]([c:2]([c:7]([c:6]1[H:12])[H:13])[O:1][H:8])[H:9])[H:10],,
0,-0.619164752078373,RESP2,b3lyp-d3bj/dzvp,,0.1,O,resp2,1,[H:11][c:5]1[c:4]([c:3]([c:2]([c:7]([c:6]1[H:12])[H:13])[O:1][H:8])[H:9])[H:10],,
1,0.4475887229244763,RESP2,b3lyp-d3bj/dzvp,,0.1,C,resp2,2,[H:11][c:5]1[c:4]([c:3]([c:2]([c:7]([c:6]1[H:12])[H:13])[O:1][H:8])[H:9])[H:10],,
2,-0.2859969842882708,RESP2,b3lyp-d3bj/dzvp,,0.1,C,resp2,3,[H:11][c:5]1[c:4]([c:3]([c:2]([c:7]([c:6]1[H:12])[H:13])[O:1][H:8])[H:9])[H:10],,
3,-0.1127498901600286,RESP2,b3lyp-d3bj/dzvp,,0.1,C,resp2,4,[H:11][c:5]1[c:4]([c:3]([c:2]([c:7]([c:6]1[H:12])[H:13])[O:1][H:8])[H:9])[H:10],,
4,-0.2222126018956985,RESP2,b3lyp-d3bj/dzvp,,0.1,C,resp2,5,[H:11][c:5]1[c:4]([c:3]([c:2]([c:7]([c:6]1[H:12])[H:13])[O:1][H:8])[H:9])[H:10],,
5,-0.0712250789956088,RESP2,b3lyp-d3bj/dzvp,,0.1,C,resp2,6,[H:11][c:5]1[c:4]([c:3]([c:2]([c:7]([c:6]1[H:12])[H:13])[O:1][H:8])[H:9])[H:10],,
6,-0.3742362009061485,RESP2,b3lyp-d3bj/dzvp,,0.1,C,resp2,7,[H:11][c:5]1[c:4]([c:3]([c:2]([c:7]([c:6]1[H:12])[H:13])[O:1][H:8])[H:9])[H:10],,
7,0.439919785006969,RESP2,b3lyp-d3bj/dzvp,,0.1,H,resp2,8,[H:11][c:5]1[c:4]([c:3]([c:2]([c:7]([c:6]1[H:12])[H:13])[O:1][H:8])[H:9])[H:10],,
8,0.1897646181891184,RESP2,b3lyp-d3bj/dzvp,,0.1,H,resp2,9,[H:11][c:5]1[c:4]([c:3]([c:2]([c:7]([c:6]1[H:12])[H:13])[O:1][H:8])[H:9])[H:10],,
9,0.1463106989461309,RESP2,b3lyp-d3bj/dzvp,,0.1,H,resp2,10,[H:11][c:5]1[c:4]([c:3]([c:2]([c:7]([c:6]1[H:12])[H:13])[O:1][H:8])[H:9])[H:10],,
10,0.1524689981702545,RESP2,b3lyp-d3bj/dzvp,,0.1,H,resp2,11,[H:11][c:5]1[c:4]([c:3]([c:2]([c:7]([c:6]1[H:12])[H:13])[O:1][H:8])[H:9])[H:10],,
11,0.1432367515201796,RESP2,b3lyp-d3bj/dzvp,,0.1,H,resp2,12,[H:11][c:5]1[c:4]([c:3]([c:2]([c:7]([c:6]1[H:12])[H:13])[O:1][H:8])[H:9])[H:10],,
12,0.1662959335669994,RESP2,b3lyp-d3bj/dzvp,,0.1,H,resp2,13,[H:11][c:5]1[c:4]([c:3]([c:2]([c:7]([c:6]1[H:12])[H:13])[O:1][H:8])[H:9])[H:10],,
0,-0.6207160603770635,RESP2,b3lyp-d3bj/dzvp,,0.15,O,resp2,1,[H:11][c:5]1[c:4]([c:3]([c:2]([c:7]([c:6]1[H:12])[H:13])[O:1][H:8])[H:9])[H:10],,
1,0.4479586982831924,RESP2,b3lyp-d3bj/dzvp,,0.15,C,resp2,2,[H:11][c:5]1[c:4]([c:3]([c:2]([c:7]([c:6]1[H:12])[H:13])[O:1][H:8])[H:9])[H:10],,
2,-0.2871934273509847,RESP2,b3lyp-d3bj/dzvp,,0.15,C,resp2,3,[H:11][c:5]1[c:4]([c:3]([c:2]([c:7]([c:6]1[H:12])[H:13])[O:1][H:8])[H:9])[H:10],,
3,-0.1125931206617907,RESP2,b3lyp-d3bj/dzvp,,0.15,C,resp2,4,[H:11][c:5]1[c:4]([c:3]([c:2]([c:7]([c:6]1[H:12])[H:13])[O:1][H:8])[H:9])[H:10],,
4,-0.2226384349958746,RESP2,b3lyp-d3bj/dzvp,,0.15,C,resp2,5,[H:11][c:5]1[c:4]([c:3]([c:2]([c:7]([c:6]1[H:12])[H:13])[O:1][H:8])[H:9])[H:10],,
5,-0.0710929338129072,RESP2,b3lyp-d3bj/dzvp,,0.15,C,resp2,6,[H:11][c:5]1[c:4]([c:3]([c:2]([c:7]([c:6]1[H:12])[H:13])[O:1][H:8])[H:9])[H:10],,
6,-0.3742370188113177,RESP2,b3lyp-d3bj/dzvp,,0.15,C,resp2,7,[H:11][c:5]1[c:4]([c:3]([c:2]([c:7]([c:6]1[H:12])[H:13])[O:1][H:8])[H:9])[H:10],,
7,0.441047483415947,RESP2,b3lyp-d3bj/dzvp,,0.15,H,resp2,8,[H:11][c:5]1[c:4]([c:3]([c:2]([c:7]([c:6]1[H:12])[H:13])[O:1][H:8])[H:9])[H:10],,
8,0.1901287557335739,RESP2,b3lyp-d3bj/dzvp,,0.15,H,resp2,9,[H:11][c:5]1[c:4]([c:3]([c:2]([c:7]([c:6]1[H:12])[H:13])[O:1][H:8])[H:9])[H:10],,
9,0.1466254631332488,RESP2,b3lyp-d3bj/dzvp,,0.15,H,resp2,10,[H:11][c:5]1[c:4]([c:3]([c:2]([c:7]([c:6]1[H:12])[H:13])[O:1][H:8])[H:9])[H:10],,
10,0.1527495705740755,RESP2,b3lyp-d3bj/dzvp,,0.15,H,resp2,11,[H:11][c:5]1[c:4]([c:3]([c:2]([c:7]([c:6]1[H:12])[H:13])[O:1][H:8])[H:9])[H:10],,
11,0.1433928618495669,RESP2,b3lyp-d3bj/dzvp,,0.15,H,resp2,12,[H:11][c:5]1[c:4]([c:3]([c:2]([c:7]([c:6]1[H:12])[H:13])[O:1][H:8])[H:9])[H:10],,
12,0.166568163020334,RESP2,b3lyp-d3bj/dzvp,,0.15,H,resp2,13,[H:11][c:5]1[c:4]([c:3]([c:2]([c:7]([c:6]1[H:12])[H:13])[O:1][H:8])[H:9])[H:10],,
0,-0.6222673686757542,RESP2,b3lyp-d3bj/dzvp,,0.2,O,resp2,1,[H:11][c:5]1[c:4]([c:3]([c:2]([c:7]([c:6]1[H:12])[H:13])[O:1][H:8])[H:9])[H:10],,
1,0.4483286736419085,RESP2,b3lyp-d3bj/dzvp,,0.2,C,resp2,2,[H:11][c:5]1[c:4]([c:3]([c:2]([c:7]([c:6]1[H:12])[H:13])[O:1][H:8])[H:9])[H:10],,
2,-0.2883898704136988,RESP2,b3lyp-d3bj/dzvp,,0.2,C,resp2,3,[H:11][c:5]1[c:4]([c:3]([c:2]([c:7]([c:6]1[H:12])[H:13])[O:1][H:8])[H:9])[H:10],,
3,-0.1124363511635529,RESP2,b3lyp-d3bj/dzvp,,0.2,C,resp2,4,[H:11][c:5]1[c:4]([c:3]([c:2]([c:7]([c:6]1[H:12])[H:13])[O:1][H:8])[H:9])[H:10],,
4,-0.2230642680960508,RESP2,b3lyp-d3bj/dzvp,,0.2,C,resp2,5,[H:11][c:5]1[c:4]([c:3]([c:2]([c:7]([c:6]1[H:12])[H:13])[O:1][H:8])[H:9])[H:10],,
5,-0.0709607886302056,RESP2,b3lyp-d3bj/dzvp,,0.2,C,resp2,6,[H:11][c:5]1[c:4]([c:3]([c:2]([c:7]([c:6]1[H:12])[H:13])[O:1][H:8])[H:9])[H:10],,
6,-0.3742378367164869,RESP2,b3lyp-d3bj/dzvp,,0.2,C,resp2,7,[H:11][c:5]1[c:4]([c:3]([c:2]([c:7]([c:6]1[H:12])[H:13])[O:1][H:8])[H:9])[H:10],,
7,0.4421751818249251,RESP2,b3lyp-d3bj/dzvp,,0.2,H,resp2,8,[H:11][c:5]1[c:4]([c:3]([c:2]([c:7]([c:6]1[H:12])[H:13])[O:1][H:8])[H:9])[H:10],,
8,0.1904928932780294,RESP2,b3lyp-d3bj/dzvp,,0.2,H,resp2,9,[H:11][c:5]1[c:4]([c:3]([c:2]([c:7]([c:6]1[H:12])[H:13])[O:1][H:8])[H:9])[H:10],,
9,0.1469402273203667,RESP2,b3lyp-d3bj/dzvp,,0.2,H,resp2,10,[H:11][c:5]1[c:4]([c:3]([c:2]([c:7]([c:6]1[H:12])[H:13])[O:1][H:8])[H:9])[H:10],,
10,0.1530301429778965,RESP2,b3lyp-d3bj/dzvp,,0.2,H,resp2,11,[H:11][c:5]1[c:4]([c:3]([c:2]([c:7]([c:6]1[H:12])[H:13])[O:1][H:8])[H:9])[H:10],,
11,0.1435489721789543,RESP2,b3lyp-d3bj/dzvp,,0.2,H,resp2,12,[H:11][c:5]1[c:4]([c:3]([c:2]([c:7]([c:6]1[H:12])[H:13])[O:1][H:8])[H:9])[H:10],,
12,0.1668403924736687,RESP2,b3lyp-d3bj/dzvp,,0.2,H,resp2,13,[H:11][c:5]1[c:4]([c:3]([c:2]([c:7]([c:6]1[H:12])[H:13])[O:1][H:8])[H:9])[H:10],,
0,-0.6238186769744447,RESP2,b3lyp-d3bj/dzvp,,0.25,O,resp2,1,[H:11][c:5]1[c:4]([c:3]([c:2]([c:7]([c:6]1[H:12])[H:13])[O:1][H:8])[H:9])[H:10],,
1,0.4486986490006246,RESP2,b3lyp-d3bj/dzvp,,0.25,C,resp2,2,[H:11][c:5]1[c:4]([c:3]([c:2]([c:7]([c:6]1[H:12])[H:13])[O:1][H:8])[H:9])[H:10],,
2,-0.2895863134764127,RESP2,b3lyp-d3bj/dzvp,,0.25,C,resp2,3,[H:11][c:5]1[c:4]([c:3]([c:2]([c:7]([c:6]1[H:12])[H:13])[O:1][H:8])[H:9])[H:10],,
3,-0.1122795816653151,RESP2,b3lyp-d3bj/dzvp,,0.25,C,resp2,4,[H:11][c:5]1[c:4]([c:3]([c:2]([c:7]([c:6]1[H:12])[H:13])[O:1][H:8])[H:9])[H:10],,
4,-0.2234901011962269,RESP2,b3lyp-d3bj/dzvp,,0.25,C,resp2,5,[H:11][c:5]1[c:4]([c:3]([c:2]([c:7]([c:6]1[H:12])[H:13])[O:1][H:8])[H:9])[H:10],,
5,-0.070828643447504,RESP2,b3lyp-d3bj/dzvp,,0.25,C,resp2,6,[H:11][c:5]1[c:4]([c:3]([c:2]([c:7]([c:6]1[H:12])[H:13])[O:1][H:8])[H:9])[H:10],,
6,-0.3742386546216562,RESP2,b3lyp-d3bj/dzvp,,0.25,C,resp2,7,[H:11][c:5]1[c:4]([c:3]([c:2]([c:7]([c:6]1[H:12])[H:13])[O:1][H:8])[H:9])[H:10],,
7,0.4433028802339031,RESP2,b3lyp-d3bj/dzvp,,0.25,H,resp2,8,[H:11][c:5]1[c:4]([c:3]([c:2]([c:7]([c:6]1[H:12])[H:13])[O:1][H:8])[H:9])[H:10],,
8,0.1908570308224849,RESP2,b3lyp-d3bj/dzvp,,0.25,H,resp2,9,[H:11][c:5]1[c:4]([c:3]([c:2]([c:7]([c:6]1[H:12])[H:13])[O:1][H:8])[H:9])[H:10],,
9,0.1472549915074846,RESP2,b3lyp-d3bj/dzvp,,0.25,H,resp2,10,[H:11][c:5]1[c:4]([c:3]([c:2]([c:7]([c:6]1[H:12])[H:13])[O:1][H:8])[H:9])[H:10],,
10,0.1533107153817175,RESP2,b3lyp-d3bj/dzvp,,0.25,H,resp2,11,[H:11][c:5]1[c:4]([c:3]([c:2]([c:7]([c:6]1[H:12])[H:13])[O:1][H:8])[H:9])[H:10],,
11,0.1437050825083416,RESP2,b3lyp-d3bj/dzvp,,0.25,H,resp2,12,[H:11][c:5]1[c:4]([c:3]([c:2]([c:7]([c:6]1[H:12])[H:13])[O:1][H:8])[H:9])[H:10],,
12,0.1671126219270034,RESP2,b3lyp-d3bj/dzvp,,0.25,H,resp2,13,[H:11][c:5]1[c:4]([c:3]([c:2]([c:7]([c:6]1[H:12])[H:13])[O:1][H:8])[H:9])[H:10],,
0,-0.6253699852731354,RESP2,b3lyp-d3bj/dzvp,,0.3,O,resp2,1,[H:11][c:5]1[c:4]([c:3]([c:2]([c:7]([c:6]1[H:12])[H:13])[O:1][H:8])[H:9])[H:10],,
1,0.4490686243593408,RESP2,b3lyp-d3bj/dzvp,,0.3,C,resp2,2,[H:11][c:5]1[c:4]([c:3]([c:2]([c:7]([c:6]1[H:12])[H:13])[O:1][H:8])[H:9])[H:10],,
2,-0.2907827565391266,RESP2,b3lyp-d3bj/dzvp,,0.3,C,resp2,3,[H:11][c:5]1[c:4]([c:3]([c:2]([c:7]([c:6]1[H:12])[H:13])[O:1][H:8])[H:9])[H:10],,
3,-0.1121228121670772,RESP2,b3lyp-d3bj/dzvp,,0.3,C,resp2,4,[H:11][c:5]1[c:4]([c:3]([c:2]([c:7]([c:6]1[H:12])[H:13])[O:1][H:8])[H:9])[H:10],,
4,-0.2239159342964031,RESP2,b3lyp-d3bj/dzvp,,0.3,C,resp2,5,[H:11][c:5]1[c:4]([c:3]([c:2]([c:7]([c:6]1[H:12])[H:13])[O:1][H:8])[H:9])[H:10],,
5,-0.0706964982648025,RESP2,b3lyp-d3bj/dzvp,,0.3,C,resp2,6,[H:11][c:5]1[c:4]([c:3]([c:2]([c:7]([c:6]1[H:12])[H:13])[O:1][H:8])[H:9])[H:10],,
6,-0.3742394725268254,RESP2,b3lyp-d3bj/dzvp,,0.3,C,resp2,7,[H:11][c:5]1[c:4]([c:3]([c:2]([c:7]([c:6]1[H:12])[H:13])[O:1][H:8])[H:9])[H:10],,
7,0.4444305786428811,RESP2,b3lyp-d3bj/dzvp,,0.3,H,resp2,8,[H:11][c:5]1[c:4]([c:3]([c:2]([c:7]([c:6]1[H:12])[H:13])[O:1][H:8])[H:9])[H:10],,
8,0.1912211683669404,RESP2,b3lyp-d3bj/dzvp,,0.3,H,resp2,9,[H:11][c:5]1[c:4]([c:3]([c:2]([c:7]([c:6]1[H:12])[H:13])[O:1][H:8])[H:9])[H:10],,
9,0.1475697556946025,RESP2,b3lyp-d3bj/dzvp,,0.3,H,resp2,10,[H:11][c:5]1[c:4]([c:3]([c:2]([c:7]([c:6]1[H:12])[H:13])[O:1][H:8])[H:9])[H:10],,
10,0.1535912877855385,RESP2,b3lyp-d3bj/dzvp,,0.3,H,resp2,11,[H:11][c:5]1[c:4]([c:3]([c:2]([c:7]([c:6]1[H:12])[H:13])[O:1][H:8])[H:9])[H:10],,
11,0.143861192837729,RESP2,b3lyp-d3bj/dzvp,,0.3,H,resp2,12,[H:11][c:5]1[c:4]([c:3]([c:2]([c:7]([c:6]1[H:12])[H:13])[O:1][H:8])[H:9])[H:10],,
12,0.1673848513803381,RESP2,b3lyp-d3bj/dzvp,,0.3,H,resp2,13,[H:11][c:5]1[c:4]([c:3]([c:2]([c:7]([c:6]1[H:12])[H:13])[O:1][H:8])[H:9])[H:10],,
0,-0.626921293571826,RESP2,b3lyp-d3bj/dzvp,,0.35,O,resp2,1,[H:11][c:5]1[c:4]([c:3]([c:2]([c:7]([c:6]1[H:12])[H:13])[O:1][H:8])[H:9])[H:10],,
1,0.4494385997180569,RESP2,b3lyp-d3bj/dzvp,,0.35,C,resp2,2,[H:11][c:5]1[c:4]([c:3]([c:2]([c:7]([c:6]1[H:12])[H:13])[O:1][H:8])[H:9])[H:10],,
2,-0.2919791996018406,RESP2,b3lyp-d3bj/dzvp,,0.35,C,resp2,3,[H:11][c:5]1[c:4]([c:3]([c:2]([c:7]([c:6]1[H:12])[H:13])[O:1][H:8])[H:9])[H:10],,
3,-0.1119660426688394,RESP2,b3lyp-d3bj/dzvp,,0.35,C,resp2,4,[H:11][c:5]1[c:4]([c:3]([c:2]([c:7]([c:6]1[H:12])[H:13])[O:1][H:8])[H:9])[H:10],,
4,-0.2243417673965792,RESP2,b3lyp-d3bj/dzvp,,0.35,C,resp2,5,[H:11][c:5]1[c:4]([c:3]([c:2]([c:7]([c:6]1[H:12])[H:13])[O:1][H:8])[H:9])[H:10],,
5,-0.0705643530821008,RESP2,b3lyp-d3bj/dzvp,,0.35,C,resp2,6,[H:11][c:5]1[c:4]([c:3]([c:2]([c:7]([c:6]1[H:12])[H:13])[O:1][H:8])[H:9])[H:10],,
6,-0.3742402904319946,RESP2,b3lyp-d3bj/dzvp,,0.35,C,resp2,7,[H:11][c:5]1[c:4]([c:3]([c:2]([c:7]([c:6]1[H:12])[H:13])[O:1][H:8])[H:9])[H:10],,
7,0.4455582770518591,RESP2,b3lyp-d3bj/dzvp,,0.35,H,resp2,8,[H:11][c:5]1[c:4]([c:3]([c:2]([c:7]([c:6]1[H:12])[H:13])[O:1][H:8])[H:9])[H:10],,
8,0.1915853059113959,RESP2,b3lyp-d3bj/dzvp,,0.35,H,resp2,9,[H:11][c:5]1[c:4]([c:3]([c:2]([c:7]([c:6]1[H:12])[H:13])[O:1][H:8])[H:9])[H:10],,
9,0.1478845198817204,RESP2,b3lyp-d3bj/dzvp,,0.35,H,resp2,10,[H:11][c:5]1[c:4]([c:3]([c:2]([c:7]([c:6]1[H:12])[H:13])[O:1][H:8])[H:9])[H:10],,
10,0.1538718601893595,RESP2,b3lyp-d3bj/dzvp,,0.35,H,resp2,11,[H:11][c:5]1[c:4]([c:3]([c:2]([c:7]([c:6]1[H:12])[H:13])[O:1][H:8])[H:9])[H:10],,
11,0.1440173031671163,RESP2,b3lyp-d3bj/dzvp,,0.35,H,resp2,12,[H:11][c:5]1[c:4]([c:3]([c:2]([c:7]([c:6]1[H:12])[H:13])[O:1][H:8])[H:9])[H:10],,
12,0.1676570808336727,RESP2,b3lyp-d3bj/dzvp,,0.35,H,resp2,13,[H:11][c:5]1[c:4]([c:3]([c:2]([c:7]([c:6]1[H:12])[H:13])[O:1][H:8])[H:9])[H:10],,
0,-0.6284726018705167,RESP2,b3lyp-d3bj/dzvp,,0.4,O,resp2,1,[H:11][c:5]1[c:4]([c:3]([c:2]([c:7]([c:6]1[H:12])[H:13])[O:1][H:8])[H:9])[H:10],,
1,0.4498085750767731,RESP2,b3lyp-d3bj/dzvp,,0.4,C,resp2,2,[H:11][c:5]1[c:4]([c:3]([c:2]([c:7]([c:6]1[H:12])[H:13])[O:1][H:8])[H:9])[H:10],,
2,-0.2931756426645546,RESP2,b3lyp-d3bj/dzvp,,0.4,C,resp2,3,[H:11][c:5]1[c:4]([c:3]([c:2]([c:7]([c:6]1[H:12])[H:13])[O:1][H:8])[H:9])[H:10],,
3,-0.1118092731706016,RESP2,b3lyp-d3bj/dzvp,,0.4,C,resp2,4,[H:11][c:5]1[c:4]([c:3]([c:2]([c:7]([c:6]1[H:12])[H:13])[O:1][H:8])[H:9])[H:10],,
4,-0.2247676004967554,RESP2,b3lyp-d3bj/dzvp,,0.4,C,resp2,5,[H:11][c:5]1[c:4]([c:3]([c:2]([c:7]([c:6]1[H:12])[H:13])[O:1][H:8])[H:9])[H:10],,
5,-0.0704322078993993,RESP2,b3lyp-d3bj/dzvp,,0.4,C,resp2,6,[H:11][c:5]1[c:4]([c:3]([c:2]([c:7]([c:6]1[H:12])[H:13])[O:1][H:8])[H:9])[H:10],,
6,-0.3742411083371638,RESP2,b3lyp-d3bj/dzvp,,0.4,C,resp2,7,[H:11][c:5]1[c:4]([c:3]([c:2]([c:7]([c:6]1[H:12])[H:13])[O:1][H:8])[H:9])[H:10],,
7,0.4466859754608371,RESP2,b3lyp-d3bj/dzvp,,0.4,H,resp2,8,[H:11][c:5]1[c:4]([c:3]([c:2]([c:7]([c:6]1[H:12])[H:13])[O:1][H:8])[H:9])[H:10],,
8,0.1919494434558513,RESP2,b3lyp-d3bj/dzvp,,0.4,H,resp2,9,[H:11][c:5]1[c:4]([c:3]([c:2]([c:7]([c:6]1[H:12])[H:13])[O:1][H:8])[H:9])[H:10],,
9,0.1481992840688383,RESP2,b3lyp-d3bj/dzvp,,0.4,H,resp2,10,[H:11][c:5]1[c:4]([c:3]([c:2]([c:7]([c:6]1[H:12])[H:13])[O:1][H:8])[H:9])[H:10],,
10,0.1541524325931804,RESP2,b3lyp-d3bj/dzvp,,0.4,H,resp2,11,[H:11][c:5]1[c:4]([c:3]([c:2]([c:7]([c:6]1[H:12])[H:13])[O:1][H:8])[H:9])[H:10],,
11,0.1441734134965037,RESP2,b3lyp-d3bj/dzvp,,0.4,H,resp2,12,[H:11][c:5]1[c:4]([c:3]([c:2]([c:7]([c:6]1[H:12])[H:13])[O:1][H:8])[H:9])[H:10],,
12,0.1679293102870074,RESP2,b3lyp-d3bj/dzvp,,0.4,H,resp2,13,[H:11][c:5]1[c:4]([c:3]([c:2]([c:7]([c:6]1[H:12])[H:13])[O:1][H:8])[H:9])[H:10],,
0,-0.6300239101692072,RESP2,b3lyp-d3bj/dzvp,,0.45,O,resp2,1,[H:11][c:5]1[c:4]([c:3]([c:2]([c:7]([c:6]1[H:12])[H:13])[O:1][H:8])[H:9])[H:10],,
1,0.4501785504354892,RESP2,b3lyp-d3bj/dzvp,,0.45,C,resp2,2,[H:11][c:5]1[c:4]([c:3]([c:2]([c:7]([c:6]1[H:12])[H:13])[O:1][H:8])[H:9])[H:10],,
2,-0.2943720857272686,RESP2,b3lyp-d3bj/dzvp,,0.45,C,resp2,3,[H:11][c:5]1[c:4]([c:3]([c:2]([c:7]([c:6]1[H:12])[H:13])[O:1][H:8])[H:9])[H:10],,
3,-0.1116525036723637,RESP2,b3lyp-d3bj/dzvp,,0.45,C,resp2,4,[H:11][c:5]1[c:4]([c:3]([c:2]([c:7]([c:6]1[H:12])[H:13])[O:1][H:8])[H:9])[H:10],,
4,-0.2251934335969315,RESP2,b3lyp-d3bj/dzvp,,0.45,C,resp2,5,[H:11][c:5]1[c:4]([c:3]([c:2]([c:7]([c:6]1[H:12])[H:13])[O:1][H:8])[H:9])[H:10],,
5,-0.0703000627166977,RESP2,b3lyp-d3bj/dzvp,,0.45,C,resp2,6,[H:11][c:5]1[c:4]([c:3]([c:2]([c:7]([c:6]1[H:12])[H:13])[O:1][H:8])[H:9])[H:10],,
6,-0.3742419262423331,RESP2,b3lyp-d3bj/dzvp,,0.45,C,resp2,7,[H:11][c:5]1[c:4]([c:3]([c:2]([c:7]([c:6]1[H:12])[H:13])[O:1][H:8])[H:9])[H:10],,
7,0.4478136738698151,RESP2,b3lyp-d3bj/dzvp,,0.45,H,resp2,8,[H:11][c:5]1[c:4]([c:3]([c:2]([c:7]([c:6]1[H:12])[H:13])[O:1][H:8])[H:9])[H:10],,
8,0.1923135810003068,RESP2,b3lyp-d3bj/dzvp,,0.45,H,resp2,9,[H:11][c:5]1[c:4]([c:3]([c:2]([c:7]([c:6]1[H:12])[H:13])[O:1][H:8])[H:9])[H:10],,
9,0.1485140482559562,RESP2,b3lyp-d3bj/dzvp,,0.45,H,resp2,10,[H:11][c:5]1[c:4]([c:3]([c:2]([c:7]([c:6]1[H:12])[H:13])[O:1][H:8])[H:9])[H:10],,
10,0.1544330049970015,RESP2,b3lyp-d3bj/dzvp,,0.45,H,resp2,11,[H:11][c:5]1[c:4]([c:3]([c:2]([c:7]([c:6]1[H:12])[H:13])[O:1][H:8])[H:9])[H:10],,
11,0.144329523825891,RESP2,b3lyp-d3bj/dzvp,,0.45,H,resp2,12,[H:11][c:5]1[c:4]([c:3]([c:2]([c:7]([c:6]1[H:12])[H:13])[O:1][H:8])[H:9])[H:10],,
12,0.1682015397403421,RESP2,b3lyp-d3bj/dzvp,,0.45,H,resp2,13,[H:11][c:5]1[c:4]([c:3]([c:2]([c:7]([c:6]1[H:12])[H:13])[O:1][H:8])[H:9])[H:10],,
0,-0.6315752184678979,RESP2,b3lyp-d3bj/dzvp,,0.5,O,resp2,1,[H:11][c:5]1[c:4]([c:3]([c:2]([c:7]([c:6]1[H:12])[H:13])[O:1][H:8])[H:9])[H:10],,
1,0.4505485257942053,RESP2,b3lyp-d3bj/dzvp,,0.5,C,resp2,2,[H:11][c:5]1[c:4]([c:3]([c:2]([c:7]([c:6]1[H:12])[H:13])[O:1][H:8])[H:9])[H:10],,
2,-0.2955685287899826,RESP2,b3lyp-d3bj/dzvp,,0.5,C,resp2,3,[H:11][c:5]1[c:4]([c:3]([c:2]([c:7]([c:6]1[H:12])[H:13])[O:1][H:8])[H:9])[H:10],,
3,-0.1114957341741259,RESP2,b3lyp-d3bj/dzvp,,0.5,C,resp2,4,[H:11][c:5]1[c:4]([c:3]([c:2]([c:7]([c:6]1[H:12])[H:13])[O:1][H:8])[H:9])[H:10],,
4,-0.2256192666971076,RESP2,b3lyp-d3bj/dzvp,,0.5,C,resp2,5,[H:11][c:5]1[c:4]([c:3]([c:2]([c:7]([c:6]1[H:12])[H:13])[O:1][H:8])[H:9])[H:10],,
5,-0.0701679175339961,RESP2,b3lyp-d3bj/dzvp,,0.5,C,resp2,6,[H:11][c:5]1[c:4]([c:3]([c:2]([c:7]([c:6]1[H:12])[H:13])[O:1][H:8])[H:9])[H:10],,
6,-0.3742427441475023,RESP2,b3lyp-d3bj/dzvp,,0.5,C,resp2,7,[H:11][c:5]1[c:4]([c:3]([c:2]([c:7]([c:6]1[H:12])[H:13])[O:1][H:8])[H:9])[H:10],,
7,0.4489413722787931,RESP2,b3lyp-d3bj/dzvp,,0.5,H,resp2,8,[H:11][c:5]1[c:4]([c:3]([c:2]([c:7]([c:6]1[H:12])[H:13])[O:1][H:8])[H:9])[H:10],,
8,0.1926777185447624,RESP2,b3lyp-d3bj/dzvp,,0.5,H,resp2,9,[H:11][c:5]1[c:4]([c:3]([c:2]([c:7]([c:6]1[H:12])[H:13])[O:1][H:8])[H:9])[H:10],,
9,0.1488288124430741,RESP2,b3lyp-d3bj/dzvp,,0.5,H,resp2,10,[H:11][c:5]1[c:4]([c:3]([c:2]([c:7]([c:6]1[H:12])[H:13])[O:1][H:8])[H:9])[H:10],,
10,0.1547135774008225,RESP2,b3lyp-d3bj/dzvp,,0.5,H,resp2,11,[H:11][c:5]1[c:4]([c:3]([c:2]([c:7]([c:6]1[H:12])[H:13])[O:1][H:8])[H:9])[H:10],,
11,0.1444856341552784,RESP2,b3lyp-d3bj/dzvp,,0.5,H,resp2,12,[H:11][c:5]1[c:4]([c:3]([c:2]([c:7]([c:6]1[H:12])[H:13])[O:1][H:8])[H:9])[H:10],,
12,0.1684737691936768,RESP2,b3lyp-d3bj/dzvp,,0.5,H,resp2,13,[H:11][c:5]1[c:4]([c:3]([c:2]([c:7]([c:6]1[H:12])[H:13])[O:1][H:8])[H:9])[H:10],,
0,-0.6331265267665884,RESP2,b3lyp-d3bj/dzvp,,0.55,O,resp2,1,[H:11][c:5]1[c:4]([c:3]([c:2]([c:7]([c:6]1[H:12])[H:13])[O:1][H:8])[H:9])[H:10],,
1,0.4509185011529214,RESP2,b3lyp-d3bj/dzvp,,0.55,C,resp2,2,[H:11][c:5]1[c:4]([c:3]([c:2]([c:7]([c:6]1[H:12])[H:13])[O:1][H:8])[H:9])[H:10],,
2,-0.2967649718526966,RESP2,b3lyp-d3bj/dzvp,,0.55,C,resp2,3,[H:11][c:5]1[c:4]([c:3]([c:2]([c:7]([c:6]1[H:12])[H:13])[O:1][H:8])[H:9])[H:10],,
3,-0.1113389646758881,RESP2,b3lyp-d3bj/dzvp,,0.55,C,resp2,4,[H:11][c:5]1[c:4]([c:3]([c:2]([c:7]([c:6]1[H:12])[H:13])[O:1][H:8])[H:9])[H:10],,
4,-0.2260450997972838,RESP2,b3lyp-d3bj/dzvp,,0.55,C,resp2,5,[H:11][c:5]1[c:4]([c:3]([c:2]([c:7]([c:6]1[H:12])[H:13])[O:1][H:8])[H:9])[H:10],,
5,-0.0700357723512945,RESP2,b3lyp-d3bj/dzvp,,0.55,C,resp2,6,[H:11][c:5]1[c:4]([c:3]([c:2]([c:7]([c:6]1[H:12])[H:13])[O:1][H:8])[H:9])[H:10],,
6,-0.3742435620526716,RESP2,b3lyp-d3bj/dzvp,,0.55,C,resp2,7,[H:11][c:5]1[c:4]([c:3]([c:2]([c:7]([c:6]1[H:12])[H:13])[O:1][H:8])[H:9])[H:10],,
7,0.4500690706877711,RESP2,b3lyp-d3bj/dzvp,,0.55,H,resp2,8,[H:11][c:5]1[c:4]([c:3]([c:2]([c:7]([c:6]1[H:12])[H:13])[O:1][H:8])[H:9])[H:10],,
8,0.1930418560892178,RESP2,b3lyp-d3bj/dzvp,,0.55,H,resp2,9,[H:11][c:5]1[c:4]([c:3]([c:2]([c:7]([c:6]1[H:12])[H:13])[O:1][H:8])[H:9])[H:10],,
9,0.1491435766301919,RESP2,b3lyp-d3bj/dzvp,,0.55,H,resp2,10,[H:11][c:5]1[c:4]([c:3]([c:2]([c:7]([c:6]1[H:12])[H:13])[O:1][H:8])[H:9])[H:10],,
10,0.1549941498046434,RESP2,b3lyp-d3bj/dzvp,,0.55,H,resp2,11,[H:11][c:5]1[c:4]([c:3]([c:2]([c:7]([c:6]1[H:12])[H:13])[O:1][H:8])[H:9])[H:10],,
11,0.1446417444846657,RESP2,b3lyp-d3bj/dzvp,,0.55,H,resp2,12,[H:11][c:5]1[c:4]([c:3]([c:2]([c:7]([c:6]1[H:12])[H:13])[O:1][H:8])[H:9])[H:10],,
12,0.1687459986470114,RESP2,b3lyp-d3bj/dzvp,,0.55,H,resp2,13,[H:11][c:5]1[c:4]([c:3]([c:2]([c:7]([c:6]1[H:12])[H:13])[O:1][H:8])[H:9])[H:10],,
0,-0.6346778350652791,RESP2,b3lyp-d3bj/dzvp,,0.6000000000000001,O,resp2,1,[H:11][c:5]1[c:4]([c:3]([c:2]([c:7]([c:6]1[H:12])[H:13])[O:1][H:8])[H:9])[H:10],,
1,0.4512884765116375,RESP2,b3lyp-d3bj/dzvp,,0.6000000000000001,C,resp2,2,[H:11][c:5]1[c:4]([c:3]([c:2]([c:7]([c:6]1[H:12])[H:13])[O:1][H:8])[H:9])[H:10],,
2,-0.2979614149154106,RESP2,b3lyp-d3bj/dzvp,,0.6000000000000001,C,resp2,3,[H:11][c:5]1[c:4]([c:3]([c:2]([c:7]([c:6]1[H:12])[H:13])[O:1][H:8])[H:9])[H:10],,
3,-0.1111821951776502,RESP2,b3lyp-d3bj/dzvp,,0.6000000000000001,C,resp2,4,[H:11][c:5]1[c:4]([c:3]([c:2]([c:7]([c:6]1[H:12])[H:13])[O:1][H:8])[H:9])[H:10],,
4,-0.22647093289746,RESP2,b3lyp-d3bj/dzvp,,0.6000000000000001,C,resp2,5,[H:11][c:5]1[c:4]([c:3]([c:2]([c:7]([c:6]1[H:12])[H:13])[O:1][H:8])[H:9])[H:10],,
5,-0.0699036271685929,RESP2,b3lyp-d3bj/dzvp,,0.6000000000000001,C,resp2,6,[H:11][c:5]1[c:4]([c:3]([c:2]([c:7]([c:6]1[H:12])[H:13])[O:1][H:8])[H:9])[H:10],,
6,-0.3742443799578408,RESP2,b3lyp-d3bj/dzvp,,0.6000000000000001,C,resp2,7,[H:11][c:5]1[c:4]([c:3]([c:2]([c:7]([c:6]1[H:12])[H:13])[O:1][H:8])[H:9])[H:10],,
7,0.4511967690967491,RESP2,b3lyp-d3bj/dzvp,,0.6000000000000001,H,resp2,8,[H:11][c:5]1[c:4]([c:3]([c:2]([c:7]([c:6]1[H:12])[H:13])[O:1][H:8])[H:9])[H:10],,
8,0.1934059936336733,RESP2,b3lyp-d3bj/dzvp,,0.6000000000000001,H,resp2,9,[H:11][c:5]1[c:4]([c:3]([c:2]([c:7]([c:6]1[H:12])[H:13])[O:1][H:8])[H:9])[H:10],,
9,0.1494583408173098,RESP2,b3lyp-d3bj/dzvp,,0.6000000000000001,H,resp2,10,[H:11][c:5]1[c:4]([c:3]([c:2]([c:7]([c:6]1[H:12])[H:13])[O:1][H:8])[H:9])[H:10],,
10,0.1552747222084644,RESP2,b3lyp-d3bj/dzvp,,0.6000000000000001,H,resp2,11,[H:11][c:5]1[c:4]([c:3]([c:2]([c:7]([c:6]1[H:12])[H:13])[O:1][H:8])[H:9])[H:10],,
11,0.1447978548140531,RESP2,b3lyp-d3bj/dzvp,,0.6000000000000001,H,resp2,12,[H:11][c:5]1[c:4]([c:3]([c:2]([c:7]([c:6]1[H:12])[H:13])[O:1][H:8])[H:9])[H:10],,
12,0.1690182281003461,RESP2,b3lyp-d3bj/dzvp,,0.6000000000000001,H,resp2,13,[H:11][c:5]1[c:4]([c:3]([c:2]([c:7]([c:6]1[H:12])[H:13])[O:1][H:8])[H:9])[H:10],,
0,-0.6362291433639697,RESP2,b3lyp-d3bj/dzvp,,0.65,O,resp2,1,[H:11][c:5]1[c:4]([c:3]([c:2]([c:7]([c:6]1[H:12])[H:13])[O:1][H:8])[H:9])[H:10],,
1,0.4516584518703536,RESP2,b3lyp-d3bj/dzvp,,0.65,C,resp2,2,[H:11][c:5]1[c:4]([c:3]([c:2]([c:7]([c:6]1[H:12])[H:13])[O:1][H:8])[H:9])[H:10],,
2,-0.2991578579781245,RESP2,b3lyp-d3bj/dzvp,,0.65,C,resp2,3,[H:11][c:5]1[c:4]([c:3]([c:2]([c:7]([c:6]1[H:12])[H:13])[O:1][H:8])[H:9])[H:10],,
3,-0.1110254256794124,RESP2,b3lyp-d3bj/dzvp,,0.65,C,resp2,4,[H:11][c:5]1[c:4]([c:3]([c:2]([c:7]([c:6]1[H:12])[H:13])[O:1][H:8])[H:9])[H:10],,
4,-0.2268967659976361,RESP2,b3lyp-d3bj/dzvp,,0.65,C,resp2,5,[H:11][c:5]1[c:4]([c:3]([c:2]([c:7]([c:6]1[H:12])[H:13])[O:1][H:8])[H:9])[H:10],,
5,-0.0697714819858913,RESP2,b3lyp-d3bj/dzvp,,0.65,C,resp2,6,[H:11][c:5]1[c:4]([c:3]([c:2]([c:7]([c:6]1[H:12])[H:13])[O:1][H:8])[H:9])[H:10],,
6,-0.37424519786301,RESP2,b3lyp-d3bj/dzvp,,0.65,C,resp2,7,[H:11][c:5]1[c:4]([c:3]([c:2]([c:7]([c:6]1[H:12])[H:13])[O:1][H:8])[H:9])[H:10],,
7,0.4523244675057272,RESP2,b3lyp-d3bj/dzvp,,0.65,H,resp2,8,[H:11][c:5]1[c:4]([c:3]([c:2]([c:7]([c:6]1[H:12])[H:13])[O:1][H:8])[H:9])[H:10],,
8,0.1937701311781288,RESP2,b3lyp-d3bj/dzvp,,0.65,H,resp2,9,[H:11][c:5]1[c:4]([c:3]([c:2]([c:7]([c:6]1[H:12])[H:13])[O:1][H:8])[H:9])[H:10],,
9,0.1497731050044278,RESP2,b3lyp-d3bj/dzvp,,0.65,H,resp2,10,[H:11][c:5]1[c:4]([c:3]([c:2]([c:7]([c:6]1[H:12])[H:13])[O:1][H:8])[H:9])[H:10],,
10,0.1555552946122854,RESP2,b3lyp-d3bj/dzvp,,0.65,H,resp2,11,[H:11][c:5]1[c:4]([c:3]([c:2]([c:7]([c:6]1[H:12])[H:13])[O:1][H:8])[H:9])[H:10],,
11,0.1449539651434404,RESP2,b3lyp-d3bj/dzvp,,0.65,H,resp2,12,[H:11][c:5]1[c:4]([c:3]([c:2]([c:7]([c:6]1[H:12])[H:13])[O:1][H:8])[H:9])[H:10],,
12,0.1692904575536808,RESP2,b3lyp-d3bj/dzvp,,0.65,H,resp2,13,[H:11][c:5]1[c:4]([c:3]([c:2]([c:7]([c:6]1[H:12])[H:13])[O:1][H:8])[H:9])[H:10],,
0,-0.6377804516626604,RESP2,b3lyp-d3bj/dzvp,,0.7000000000000001,O,resp2,1,[H:11][c:5]1[c:4]([c:3]([c:2]([c:7]([c:6]1[H:12])[H:13])[O:1][H:8])[H:9])[H:10],,
1,0.4520284272290698,RESP2,b3lyp-d3bj/dzvp,,0.7000000000000001,C,resp2,2,[H:11][c:5]1[c:4]([c:3]([c:2]([c:7]([c:6]1[H:12])[H:13])[O:1][H:8])[H:9])[H:10],,
2,-0.3003543010408386,RESP2,b3lyp-d3bj/dzvp,,0.7000000000000001,C,resp2,3,[H:11][c:5]1[c:4]([c:3]([c:2]([c:7]([c:6]1[H:12])[H:13])[O:1][H:8])[H:9])[H:10],,
3,-0.1108686561811745,RESP2,b3lyp-d3bj/dzvp,,0.7000000000000001,C,resp2,4,[H:11][c:5]1[c:4]([c:3]([c:2]([c:7]([c:6]1[H:12])[H:13])[O:1][H:8])[H:9])[H:10],,
4,-0.2273225990978122,RESP2,b3lyp-d3bj/dzvp,,0.7000000000000001,C,resp2,5,[H:11][c:5]1[c:4]([c:3]([c:2]([c:7]([c:6]1[H:12])[H:13])[O:1][H:8])[H:9])[H:10],,
5,-0.0696393368031897,RESP2,b3lyp-d3bj/dzvp,,0.7000000000000001,C,resp2,6,[H:11][c:5]1[c:4]([c:3]([c:2]([c:7]([c:6]1[H:12])[H:13])[O:1][H:8])[H:9])[H:10],,
6,-0.3742460157681792,RESP2,b3lyp-d3bj/dzvp,,0.7000000000000001,C,resp2,7,[H:11][c:5]1[c:4]([c:3]([c:2]([c:7]([c:6]1[H:12])[H:13])[O:1][H:8])[H:9])[H:10],,
7,0.4534521659147052,RESP2,b3lyp-d3bj/dzvp,,0.7000000000000001,H,resp2,8,[H:11][c:5]1[c:4]([c:3]([c:2]([c:7]([c:6]1[H:12])[H:13])[O:1][H:8])[H:9])[H:10],,
8,0.1941342687225843,RESP2,b3lyp-d3bj/dzvp,,0.7000000000000001,H,resp2,9,[H:11][c:5]1[c:4]([c:3]([c:2]([c:7]([c:6]1[H:12])[H:13])[O:1][H:8])[H:9])[H:10],,
9,0.1500878691915456,RESP2,b3lyp-d3bj/dzvp,,0.7000000000000001,H,resp2,10,[H:11][c:5]1[c:4]([c:3]([c:2]([c:7]([c:6]1[H:12])[H:13])[O:1][H:8])[H:9])[H:10],,
10,0.1558358670161064,RESP2,b3lyp-d3bj/dzvp,,0.7000000000000001,H,resp2,11,[H:11][c:5]1[c:4]([c:3]([c:2]([c:7]([c:6]1[H:12])[H:13])[O:1][H:8])[H:9])[H:10],,
11,0.1451100754728278,RESP2,b3lyp-d3bj/dzvp,,0.7000000000000001,H,resp2,12,[H:11][c:5]1[c:4]([c:3]([c:2]([c:7]([c:6]1[H:12])[H:13])[O:1][H:8])[H:9])[H:10],,
12,0.1695626870070154,RESP2,b3lyp-d3bj/dzvp,,0.7000000000000001,H,resp2,13,[H:11][c:5]1[c:4]([c:3]([c:2]([c:7]([c:6]1[H:12])[H:13])[O:1][H:8])[H:9])[H:10],,
0,-0.639331759961351,RESP2,b3lyp-d3bj/dzvp,,0.75,O,resp2,1,[H:11][c:5]1[c:4]([c:3]([c:2]([c:7]([c:6]1[H:12])[H:13])[O:1][H:8])[H:9])[H:10],,
1,0.4523984025877858,RESP2,b3lyp-d3bj/dzvp,,0.75,C,resp2,2,[H:11][c:5]1[c:4]([c:3]([c:2]([c:7]([c:6]1[H:12])[H:13])[O:1][H:8])[H:9])[H:10],,
2,-0.3015507441035525,RESP2,b3lyp-d3bj/dzvp,,0.75,C,resp2,3,[H:11][c:5]1[c:4]([c:3]([c:2]([c:7]([c:6]1[H:12])[H:13])[O:1][H:8])[H:9])[H:10],,
3,-0.1107118866829367,RESP2,b3lyp-d3bj/dzvp,,0.75,C,resp2,4,[H:11][c:5]1[c:4]([c:3]([c:2]([c:7]([c:6]1[H:12])[H:13])[O:1][H:8])[H:9])[H:10],,
4,-0.2277484321979884,RESP2,b3lyp-d3bj/dzvp,,0.75,C,resp2,5,[H:11][c:5]1[c:4]([c:3]([c:2]([c:7]([c:6]1[H:12])[H:13])[O:1][H:8])[H:9])[H:10],,
5,-0.0695071916204881,RESP2,b3lyp-d3bj/dzvp,,0.75,C,resp2,6,[H:11][c:5]1[c:4]([c:3]([c:2]([c:7]([c:6]1[H:12])[H:13])[O:1][H:8])[H:9])[H:10],,
6,-0.3742468336733485,RESP2,b3lyp-d3bj/dzvp,,0.75,C,resp2,7,[H:11][c:5]1[c:4]([c:3]([c:2]([c:7]([c:6]1[H:12])[H:13])[O:1][H:8])[H:9])[H:10],,
7,0.4545798643236832,RESP2,b3lyp-d3bj/dzvp,,0.75,H,resp2,8,[H:11][c:5]1[c:4]([c:3]([c:2]([c:7]([c:6]1[H:12])[H:13])[O:1][H:8])[H:9])[H:10],,
8,0.1944984062670398,RESP2,b3lyp-d3bj/dzvp,,0.75,H,resp2,9,[H:11][c:5]1[c:4]([c:3]([c:2]([c:7]([c:6]1[H:12])[H:13])[O:1][H:8])[H:9])[H:10],,
9,0.1504026333786635,RESP2,b3lyp-d3bj/dzvp,,0.75,H,resp2,10,[H:11][c:5]1[c:4]([c:3]([c:2]([c:7]([c:6]1[H:12])[H:13])[O:1][H:8])[H:9])[H:10],,
10,0.1561164394199274,RESP2,b3lyp-d3bj/dzvp,,0.75,H,resp2,11,[H:11][c:5]1[c:4]([c:3]([c:2]([c:7]([c:6]1[H:12])[H:13])[O:1][H:8])[H:9])[H:10],,
11,0.1452661858022151,RESP2,b3lyp-d3bj/dzvp,,0.75,H,resp2,12,[H:11][c:5]1[c:4]([c:3]([c:2]([c:7]([c:6]1[H:12])[H:13])[O:1][H:8])[H:9])[H:10],,
12,0.1698349164603501,RESP2,b3lyp-d3bj/dzvp,,0.75,H,resp2,13,[H:11][c:5]1[c:4]([c:3]([c:2]([c:7]([c:6]1[H:12])[H:13])[O:1][H:8])[H:9])[H:10],,
0,-0.6408830682600415,RESP2,b3lyp-d3bj/dzvp,,0.8,O,resp2,1,[H:11][c:5]1[c:4]([c:3]([c:2]([c:7]([c:6]1[H:12])[H:13])[O:1][H:8])[H:9])[H:10],,
1,0.452768377946502,RESP2,b3lyp-d3bj/dzvp,,0.8,C,resp2,2,[H:11][c:5]1[c:4]([c:3]([c:2]([c:7]([c:6]1[H:12])[H:13])[O:1][H:8])[H:9])[H:10],,
2,-0.3027471871662665,RESP2,b3lyp-d3bj/dzvp,,0.8,C,resp2,3,[H:11][c:5]1[c:4]([c:3]([c:2]([c:7]([c:6]1[H:12])[H:13])[O:1][H:8])[H:9])[H:10],,
3,-0.1105551171846989,RESP2,b3lyp-d3bj/dzvp,,0.8,C,resp2,4,[H:11][c:5]1[c:4]([c:3]([c:2]([c:7]([c:6]1[H:12])[H:13])[O:1][H:8])[H:9])[H:10],,
4,-0.2281742652981645,RESP2,b3lyp-d3bj/dzvp,,0.8,C,resp2,5,[H:11][c:5]1[c:4]([c:3]([c:2]([c:7]([c:6]1[H:12])[H:13])[O:1][H:8])[H:9])[H:10],,
5,-0.0693750464377866,RESP2,b3lyp-d3bj/dzvp,,0.8,C,resp2,6,[H:11][c:5]1[c:4]([c:3]([c:2]([c:7]([c:6]1[H:12])[H:13])[O:1][H:8])[H:9])[H:10],,
6,-0.3742476515785176,RESP2,b3lyp-d3bj/dzvp,,0.8,C,resp2,7,[H:11][c:5]1[c:4]([c:3]([c:2]([c:7]([c:6]1[H:12])[H:13])[O:1][H:8])[H:9])[H:10],,
7,0.4557075627326612,RESP2,b3lyp-d3bj/dzvp,,0.8,H,resp2,8,[H:11][c:5]1[c:4]([c:3]([c:2]([c:7]([c:6]1[H:12])[H:13])[O:1][H:8])[H:9])[H:10],,
8,0.1948625438114953,RESP2,b3lyp-d3bj/dzvp,,0.8,H,resp2,9,[H:11][c:5]1[c:4]([c:3]([c:2]([c:7]([c:6]1[H:12])[H:13])[O:1][H:8])[H:9])[H:10],,
9,0.1507173975657814,RESP2,b3lyp-d3bj/dzvp,,0.8,H,resp2,10,[H:11][c:5]1[c:4]([c:3]([c:2]([c:7]([c:6]1[H:12])[H:13])[O:1][H:8])[H:9])[H:10],,
10,0.1563970118237484,RESP2,b3lyp-d3bj/dzvp,,0.8,H,resp2,11,[H:11][c:5]1[c:4]([c:3]([c:2]([c:7]([c:6]1[H:12])[H:13])[O:1][H:8])[H:9])[H:10],,
11,0.1454222961316025,RESP2,b3lyp-d3bj/dzvp,,0.8,H,resp2,12,[H:11][c:5]1[c:4]([c:3]([c:2]([c:7]([c:6]1[H:12])[H:13])[O:1][H:8])[H:9])[H:10],,
12,0.1701071459136848,RESP2,b3lyp-d3bj/dzvp,,0.8,H,resp2,13,[H:11][c:5]1[c:4]([c:3]([c:2]([c:7]([c:6]1[H:12])[H:13])[O:1][H:8])[H:9])[H:10],,
0,-0.6424343765587323,RESP2,b3lyp-d3bj/dzvp,,0.8500000000000001,O,resp2,1,[H:11][c:5]1[c:4]([c:3]([c:2]([c:7]([c:6]1[H:12])[H:13])[O:1][H:8])[H:9])[H:10],,
1,0.4531383533052181,RESP2,b3lyp-d3bj/dzvp,,0.8500000000000001,C,resp2,2,[H:11][c:5]1[c:4]([c:3]([c:2]([c:7]([c:6]1[H:12])[H:13])[O:1][H:8])[H:9])[H:10],,
2,-0.3039436302289805,RESP2,b3lyp-d3bj/dzvp,,0.8500000000000001,C,resp2,3,[H:11][c:5]1[c:4]([c:3]([c:2]([c:7]([c:6]1[H:12])[H:13])[O:1][H:8])[H:9])[H:10],,
3,-0.110398347686461,RESP2,b3lyp-d3bj/dzvp,,0.8500000000000001,C,resp2,4,[H:11][c:5]1[c:4]([c:3]([c:2]([c:7]([c:6]1[H:12])[H:13])[O:1][H:8])[H:9])[H:10],,
4,-0.2286000983983407,RESP2,b3lyp-d3bj/dzvp,,0.8500000000000001,C,resp2,5,[H:11][c:5]1[c:4]([c:3]([c:2]([c:7]([c:6]1[H:12])[H:13])[O:1][H:8])[H:9])[H:10],,
5,-0.0692429012550849,RESP2,b3lyp-d3bj/dzvp,,0.8500000000000001,C,resp2,6,[H:11][c:5]1[c:4]([c:3]([c:2]([c:7]([c:6]1[H:12])[H:13])[O:1][H:8])[H:9])[H:10],,
6,-0.3742484694836869,RESP2,b3lyp-d3bj/dzvp,,0.8500000000000001,C,resp2,7,[H:11][c:5]1[c:4]([c:3]([c:2]([c:7]([c:6]1[H:12])[H:13])[O:1][H:8])[H:9])[H:10],,
7,0.4568352611416392,RESP2,b3lyp-d3bj/dzvp,,0.8500000000000001,H,resp2,8,[H:11][c:5]1[c:4]([c:3]([c:2]([c:7]([c:6]1[H:12])[H:13])[O:1][H:8])[H:9])[H:10],,
8,0.1952266813559508,RESP2,b3lyp-d3bj/dzvp,,0.8500000000000001,H,resp2,9,[H:11][c:5]1[c:4]([c:3]([c:2]([c:7]([c:6]1[H:12])[H:13])[O:1][H:8])[H:9])[H:10],,
9,0.1510321617528993,RESP2,b3lyp-d3bj/dzvp,,0.8500000000000001,H,resp2,10,[H:11][c:5]1[c:4]([c:3]([c:2]([c:7]([c:6]1[H:12])[H:13])[O:1][H:8])[H:9])[H:10],,
10,0.1566775842275694,RESP2,b3lyp-d3bj/dzvp,,0.8500000000000001,H,resp2,11,[H:11][c:5]1[c:4]([c:3]([c:2]([c:7]([c:6]1[H:12])[H:13])[O:1][H:8])[H:9])[H:10],,
11,0.1455784064609898,RESP2,b3lyp-d3bj/dzvp,,0.8500000000000001,H,resp2,12,[H:11][c:5]1[c:4]([c:3]([c:2]([c:7]([c:6]1[H:12])[H:13])[O:1][H:8])[H:9])[H:10],,
12,0.1703793753670195,RESP2,b3lyp-d3bj/dzvp,,0.8500000000000001,H,resp2,13,[H:11][c:5]1[c:4]([c:3]([c:2]([c:7]([c:6]1[H:12])[H:13])[O:1][H:8])[H:9])[H:10],,
0,-0.6439856848574228,RESP2,b3lyp-d3bj/dzvp,,0.9,O,resp2,1,[H:11][c:5]1[c:4]([c:3]([c:2]([c:7]([c:6]1[H:12])[H:13])[O:1][H:8])[H:9])[H:10],,
1,0.4535083286639342,RESP2,b3lyp-d3bj/dzvp,,0.9,C,resp2,2,[H:11][c:5]1[c:4]([c:3]([c:2]([c:7]([c:6]1[H:12])[H:13])[O:1][H:8])[H:9])[H:10],,
2,-0.3051400732916944,RESP2,b3lyp-d3bj/dzvp,,0.9,C,resp2,3,[H:11][c:5]1[c:4]([c:3]([c:2]([c:7]([c:6]1[H:12])[H:13])[O:1][H:8])[H:9])[H:10],,
3,-0.1102415781882232,RESP2,b3lyp-d3bj/dzvp,,0.9,C,resp2,4,[H:11][c:5]1[c:4]([c:3]([c:2]([c:7]([c:6]1[H:12])[H:13])[O:1][H:8])[H:9])[H:10],,
4,-0.2290259314985168,RESP2,b3lyp-d3bj/dzvp,,0.9,C,resp2,5,[H:11][c:5]1[c:4]([c:3]([c:2]([c:7]([c:6]1[H:12])[H:13])[O:1][H:8])[H:9])[H:10],,
5,-0.0691107560723834,RESP2,b3lyp-d3bj/dzvp,,0.9,C,resp2,6,[H:11][c:5]1[c:4]([c:3]([c:2]([c:7]([c:6]1[H:12])[H:13])[O:1][H:8])[H:9])[H:10],,
6,-0.3742492873888561,RESP2,b3lyp-d3bj/dzvp,,0.9,C,resp2,7,[H:11][c:5]1[c:4]([c:3]([c:2]([c:7]([c:6]1[H:12])[H:13])[O:1][H:8])[H:9])[H:10],,
7,0.4579629595506172,RESP2,b3lyp-d3bj/dzvp,,0.9,H,resp2,8,[H:11][c:5]1[c:4]([c:3]([c:2]([c:7]([c:6]1[H:12])[H:13])[O:1][H:8])[H:9])[H:10],,
8,0.1955908189004063,RESP2,b3lyp-d3bj/dzvp,,0.9,H,resp2,9,[H:11][c:5]1[c:4]([c:3]([c:2]([c:7]([c:6]1[H:12])[H:13])[O:1][H:8])[H:9])[H:10],,
9,0.1513469259400172,RESP2,b3lyp-d3bj/dzvp,,0.9,H,resp2,10,[H:11][c:5]1[c:4]([c:3]([c:2]([c:7]([c:6]1[H:12])[H:13])[O:1][H:8])[H:9])[H:10],,
10,0.1569581566313904,RESP2,b3lyp-d3bj/dzvp,,0.9,H,resp2,11,[H:11][c:5]1[c:4]([c:3]([c:2]([c:7]([c:6]1[H:12])[H:13])[O:1][H:8])[H:9])[H:10],,
11,0.1457345167903772,RESP2,b3lyp-d3bj/dzvp,,0.9,H,resp2,12,[H:11][c:5]1[c:4]([c:3]([c:2]([c:7]([c:6]1[H:12])[H:13])[O:1][H:8])[H:9])[H:10],,
12,0.1706516048203541,RESP2,b3lyp-d3bj/dzvp,,0.9,H,resp2,13,[H:11][c:5]1[c:4]([c:3]([c:2]([c:7]([c:6]1[H:12])[H:13])[O:1][H:8])[H:9])[H:10],,
0,-0.6455369931561135,RESP2,b3lyp-d3bj/dzvp,,0.95,O,resp2,1,[H:11][c:5]1[c:4]([c:3]([c:2]([c:7]([c:6]1[H:12])[H:13])[O:1][H:8])[H:9])[H:10],,
1,0.4538783040226504,RESP2,b3lyp-d3bj/dzvp,,0.95,C,resp2,2,[H:11][c:5]1[c:4]([c:3]([c:2]([c:7]([c:6]1[H:12])[H:13])[O:1][H:8])[H:9])[H:10],,
2,-0.3063365163544085,RESP2,b3lyp-d3bj/dzvp,,0.95,C,resp2,3,[H:11][c:5]1[c:4]([c:3]([c:2]([c:7]([c:6]1[H:12])[H:13])[O:1][H:8])[H:9])[H:10],,
3,-0.1100848086899853,RESP2,b3lyp-d3bj/dzvp,,0.95,C,resp2,4,[H:11][c:5]1[c:4]([c:3]([c:2]([c:7]([c:6]1[H:12])[H:13])[O:1][H:8])[H:9])[H:10],,
4,-0.229451764598693,RESP2,b3lyp-d3bj/dzvp,,0.95,C,resp2,5,[H:11][c:5]1[c:4]([c:3]([c:2]([c:7]([c:6]1[H:12])[H:13])[O:1][H:8])[H:9])[H:10],,
5,-0.0689786108896818,RESP2,b3lyp-d3bj/dzvp,,0.95,C,resp2,6,[H:11][c:5]1[c:4]([c:3]([c:2]([c:7]([c:6]1[H:12])[H:13])[O:1][H:8])[H:9])[H:10],,
6,-0.3742501052940253,RESP2,b3lyp-d3bj/dzvp,,0.95,C,resp2,7,[H:11][c:5]1[c:4]([c:3]([c:2]([c:7]([c:6]1[H:12])[H:13])[O:1][H:8])[H:9])[H:10],,
7,0.4590906579595952,RESP2,b3lyp-d3bj/dzvp,,0.95,H,resp2,8,[H:11][c:5]1[c:4]([c:3]([c:2]([c:7]([c:6]1[H:12])[H:13])[O:1][H:8])[H:9])[H:10],,
8,0.1959549564448618,RESP2,b3lyp-d3bj/dzvp,,0.95,H,resp2,9,[H:11][c:5]1[c:4]([c:3]([c:2]([c:7]([c:6]1[H:12])[H:13])[O:1][H:8])[H:9])[H:10],,
9,0.1516616901271351,RESP2,b3lyp-d3bj/dzvp,,0.95,H,resp2,10,[H:11][c:5]1[c:4]([c:3]([c:2]([c:7]([c:6]1[H:12])[H:13])[O:1][H:8])[H:9])[H:10],,
10,0.1572387290352115,RESP2,b3lyp-d3bj/dzvp,,0.95,H,resp2,11,[H:11][c:5]1[c:4]([c:3]([c:2]([c:7]([c:6]1[H:12])[H:13])[O:1][H:8])[H:9])[H:10],,
11,0.1458906271197646,RESP2,b3lyp-d3bj/dzvp,,0.95,H,resp2,12,[H:11][c:5]1[c:4]([c:3]([c:2]([c:7]([c:6]1[H:12])[H:13])[O:1][H:8])[H:9])[H:10],,
12,0.1709238342736888,RESP2,b3lyp-d3bj/dzvp,,0.95,H,resp2,13,[H:11][c:5]1[c:4]([c:3]([c:2]([c:7]([c:6]1[H:12])[H:13])[O:1][H:8])[H:9])[H:10],,
0,-0.6470883014548041,RESP2,b3lyp-d3bj/dzvp,,1.0,O,resp2,1,[H:11][c:5]1[c:4]([c:3]([c:2]([c:7]([c:6]1[H:12])[H:13])[O:1][H:8])[H:9])[H:10],,
1,0.4542482793813665,RESP2,b3lyp-d3bj/dzvp,,1.0,C,resp2,2,[H:11][c:5]1[c:4]([c:3]([c:2]([c:7]([c:6]1[H:12])[H:13])[O:1][H:8])[H:9])[H:10],,
2,-0.3075329594171224,RESP2,b3lyp-d3bj/dzvp,,1.0,C,resp2,3,[H:11][c:5]1[c:4]([c:3]([c:2]([c:7]([c:6]1[H:12])[H:13])[O:1][H:8])[H:9])[H:10],,
3,-0.1099280391917475,RESP2,b3lyp-d3bj/dzvp,,1.0,C,resp2,4,[H:11][c:5]1[c:4]([c:3]([c:2]([c:7]([c:6]1[H:12])[H:13])[O:1][H:8])[H:9])[H:10],,
4,-0.2298775976988691,RESP2,b3lyp-d3bj/dzvp,,1.0,C,resp2,5,[H:11][c:5]1[c:4]([c:3]([c:2]([c:7]([c:6]1[H:12])[H:13])[O:1][H:8])[H:9])[H:10],,
5,-0.0688464657069802,RESP2,b3lyp-d3bj/dzvp,,1.0,C,resp2,6,[H:11][c:5]1[c:4]([c:3]([c:2]([c:7]([c:6]1[H:12])[H:13])[O:1][H:8])[H:9])[H:10],,
6,-0.3742509231991945,RESP2,b3lyp-d3bj/dzvp,,1.0,C,resp2,7,[H:11][c:5]1[c:4]([c:3]([c:2]([c:7]([c:6]1[H:12])[H:13])[O:1][H:8])[H:9])[H:10],,
7,0.4602183563685733,RESP2,b3lyp-d3bj/dzvp,,1.0,H,resp2,8,[H:11][c:5]1[c:4]([c:3]([c:2]([c:7]([c:6]1[H:12])[H:13])[O:1][H:8])[H:9])[H:10],,
8,0.1963190939893173,RESP2,b3lyp-d3bj/dzvp,,1.0,H,resp2,9,[H:11][c:5]1[c:4]([c:3]([c:2]([c:7]([c:6]1[H:12])[H:13])[O:1][H:8])[H:9])[H:10],,
9,0.151976454314253,RESP2,b3lyp-d3bj/dzvp,,1.0,H,resp2,10,[H:11][c:5]1[c:4]([c:3]([c:2]([c:7]([c:6]1[H:12])[H:13])[O:1][H:8])[H:9])[H:10],,
10,0.1575193014390324,RESP2,b3lyp-d3bj/dzvp,,1.0,H,resp2,11,[H:11][c:5]1[c:4]([c:3]([c:2]([c:7]([c:6]1[H:12])[H:13])[O:1][H:8])[H:9])[H:10],,
11,0.1460467374491519,RESP2,b3lyp-d3bj/dzvp,,1.0,H,resp2,12,[H:11][c:5]1[c:4]([c:3]([c:2]([c:7]([c:6]1[H:12])[H:13])[O:1][H:8])[H:9])[H:10],,
12,0.1711960637270235,RESP2,b3lyp-d3bj/dzvp,,1.0,H,resp2,13,[H:11][c:5]1[c:4]([c:3]([c:2]([c:7]([c:6]1[H:12])[H:13])[O:1][H:8])[H:9])[H:10],,
0,-0.5205377180982933,RESP2,PW6B95/cc-pV(D+d)Z,1.0,0.0,O,hf,1,[H:11][c:5]1[c:4]([c:3]([c:2]([c:7]([c:6]1[H:12])[H:13])[O:1][H:8])[H:9])[H:10],,
1,0.3675720743061237,RESP2,PW6B95/cc-pV(D+d)Z,1.0,0.0,C,hf,2,[H:11][c:5]1[c:4]([c:3]([c:2]([c:7]([c:6]1[H:12])[H:13])[O:1][H:8])[H:9])[H:10],,
2,-0.2482758455838153,RESP2,PW6B95/cc-pV(D+d)Z,1.0,0.0,C,hf,3,[H:11][c:5]1[c:4]([c:3]([c:2]([c:7]([c:6]1[H:12])[H:13])[O:1][H:8])[H:9])[H:10],,
3,-0.0713207451575225,RESP2,PW6B95/cc-pV(D+d)Z,1.0,0.0,C,hf,4,[H:11][c:5]1[c:4]([c:3]([c:2]([c:7]([c:6]1[H:12])[H:13])[O:1][H:8])[H:9])[H:10],,
4,-0.1980303092079693,RESP2,PW6B95/cc-pV(D+d)Z,1.0,0.0,C,hf,5,[H:11][c:5]1[c:4]([c:3]([c:2]([c:7]([c:6]1[H:12])[H:13])[O:1][H:8])[H:9])[H:10],,
5,-0.0418078193860322,RESP2,PW6B95/cc-pV(D+d)Z,1.0,0.0,C,hf,6,[H:11][c:5]1[c:4]([c:3]([c:2]([c:7]([c:6]1[H:12])[H:13])[O:1][H:8])[H:9])[H:10],,
6,-0.3268588829704799,RESP2,PW6B95/cc-pV(D+d)Z,1.0,0.0,C,hf,7,[H:11][c:5]1[c:4]([c:3]([c:2]([c:7]([c:6]1[H:12])[H:13])[O:1][H:8])[H:9])[H:10],,
7,0.3939829791767967,RESP2,PW6B95/cc-pV(D+d)Z,1.0,0.0,H,hf,8,[H:11][c:5]1[c:4]([c:3]([c:2]([c:7]([c:6]1[H:12])[H:13])[O:1][H:8])[H:9])[H:10],,
8,0.155038626545099,RESP2,PW6B95/cc-pV(D+d)Z,1.0,0.0,H,hf,9,[H:11][c:5]1[c:4]([c:3]([c:2]([c:7]([c:6]1[H:12])[H:13])[O:1][H:8])[H:9])[H:10],,
9,0.1142101800758588,RESP2,PW6B95/cc-pV(D+d)Z,1.0,0.0,H,hf,10,[H:11][c:5]1[c:4]([c:3]([c:2]([c:7]([c:6]1[H:12])[H:13])[O:1][H:8])[H:9])[H:10],,
10,0.124389232497251,RESP2,PW6B95/cc-pV(D+d)Z,1.0,0.0,H,hf,11,[H:11][c:5]1[c:4]([c:3]([c:2]([c:7]([c:6]1[H:12])[H:13])[O:1][H:8])[H:9])[H:10],,
11,0.1130586216064583,RESP2,PW6B95/cc-pV(D+d)Z,1.0,0.0,H,hf,12,[H:11][c:5]1[c:4]([c:3]([c:2]([c:7]([c:6]1[H:12])[H:13])[O:1][H:8])[H:9])[H:10],,
12,0.138579606196525,RESP2,PW6B95/cc-pV(D+d)Z,1.0,0.0,H,hf,13,[H:11][c:5]1[c:4]([c:3]([c:2]([c:7]([c:6]1[H:12])[H:13])[O:1][H:8])[H:9])[H:10],,
0,-0.521583701154891,RESP2,PW6B95/cc-pV(D+d)Z,1.0,0.05,O,hf,1,[H:11][c:5]1[c:4]([c:3]([c:2]([c:7]([c:6]1[H:12])[H:13])[O:1][H:8])[H:9])[H:10],,
1,0.3676430011507572,RESP2,PW6B95/cc-pV(D+d)Z,1.0,0.05,C,hf,2,[H:11][c:5]1[c:4]([c:3]([c:2]([c:7]([c:6]1[H:12])[H:13])[O:1][H:8])[H:9])[H:10],,
2,-0.2492018121391346,RESP2,PW6B95/cc-pV(D+d)Z,1.0,0.05,C,hf,3,[H:11][c:5]1[c:4]([c:3]([c:2]([c:7]([c:6]1[H:12])[H:13])[O:1][H:8])[H:9])[H:10],,
3,-0.0713863280392418,RESP2,PW6B95/cc-pV(D+d)Z,1.0,0.05,C,hf,4,[H:11][c:5]1[c:4]([c:3]([c:2]([c:7]([c:6]1[H:12])[H:13])[O:1][H:8])[H:9])[H:10],,
4,-0.1983003335975979,RESP2,PW6B95/cc-pV(D+d)Z,1.0,0.05,C,hf,5,[H:11][c:5]1[c:4]([c:3]([c:2]([c:7]([c:6]1[H:12])[H:13])[O:1][H:8])[H:9])[H:10],,
5,-0.0418205525522999,RESP2,PW6B95/cc-pV(D+d)Z,1.0,0.05,C,hf,6,[H:11][c:5]1[c:4]([c:3]([c:2]([c:7]([c:6]1[H:12])[H:13])[O:1][H:8])[H:9])[H:10],,
6,-0.3268401801570196,RESP2,PW6B95/cc-pV(D+d)Z,1.0,0.05,C,hf,7,[H:11][c:5]1[c:4]([c:3]([c:2]([c:7]([c:6]1[H:12])[H:13])[O:1][H:8])[H:9])[H:10],,
7,0.3949420750532103,RESP2,PW6B95/cc-pV(D+d)Z,1.0,0.05,H,hf,8,[H:11][c:5]1[c:4]([c:3]([c:2]([c:7]([c:6]1[H:12])[H:13])[O:1][H:8])[H:9])[H:10],,
8,0.1553107757238871,RESP2,PW6B95/cc-pV(D+d)Z,1.0,0.05,H,hf,9,[H:11][c:5]1[c:4]([c:3]([c:2]([c:7]([c:6]1[H:12])[H:13])[O:1][H:8])[H:9])[H:10],,
9,0.1145192630359317,RESP2,PW6B95/cc-pV(D+d)Z,1.0,0.05,H,hf,10,[H:11][c:5]1[c:4]([c:3]([c:2]([c:7]([c:6]1[H:12])[H:13])[O:1][H:8])[H:9])[H:10],,
10,0.1246188542411981,RESP2,PW6B95/cc-pV(D+d)Z,1.0,0.05,H,hf,11,[H:11][c:5]1[c:4]([c:3]([c:2]([c:7]([c:6]1[H:12])[H:13])[O:1][H:8])[H:9])[H:10],,
11,0.1132402320781787,RESP2,PW6B95/cc-pV(D+d)Z,1.0,0.05,H,hf,12,[H:11][c:5]1[c:4]([c:3]([c:2]([c:7]([c:6]1[H:12])[H:13])[O:1][H:8])[H:9])[H:10],,
12,0.1388587063570218,RESP2,PW6B95/cc-pV(D+d)Z,1.0,0.05,H,hf,13,[H:11][c:5]1[c:4]([c:3]([c:2]([c:7]([c:6]1[H:12])[H:13])[O:1][H:8])[H:9])[H:10],,
0,-0.5226296842114889,RESP2,PW6B95/cc-pV(D+d)Z,1.0,0.1,O,hf,1,[H:11][c:5]1[c:4]([c:3]([c:2]([c:7]([c:6]1[H:12])[H:13])[O:1][H:8])[H:9])[H:10],,
1,0.3677139279953909,RESP2,PW6B95/cc-pV(D+d)Z,1.0,0.1,C,hf,2,[H:11][c:5]1[c:4]([c:3]([c:2]([c:7]([c:6]1[H:12])[H:13])[O:1][H:8])[H:9])[H:10],,
2,-0.2501277786944539,RESP2,PW6B95/cc-pV(D+d)Z,1.0,0.1,C,hf,3,[H:11][c:5]1[c:4]([c:3]([c:2]([c:7]([c:6]1[H:12])[H:13])[O:1][H:8])[H:9])[H:10],,
3,-0.0714519109209612,RESP2,PW6B95/cc-pV(D+d)Z,1.0,0.1,C,hf,4,[H:11][c:5]1[c:4]([c:3]([c:2]([c:7]([c:6]1[H:12])[H:13])[O:1][H:8])[H:9])[H:10],,
4,-0.1985703579872266,RESP2,PW6B95/cc-pV(D+d)Z,1.0,0.1,C,hf,5,[H:11][c:5]1[c:4]([c:3]([c:2]([c:7]([c:6]1[H:12])[H:13])[O:1][H:8])[H:9])[H:10],,
5,-0.0418332857185677,RESP2,PW6B95/cc-pV(D+d)Z,1.0,0.1,C,hf,6,[H:11][c:5]1[c:4]([c:3]([c:2]([c:7]([c:6]1[H:12])[H:13])[O:1][H:8])[H:9])[H:10],,
6,-0.3268214773435594,RESP2,PW6B95/cc-pV(D+d)Z,1.0,0.1,C,hf,7,[H:11][c:5]1[c:4]([c:3]([c:2]([c:7]([c:6]1[H:12])[H:13])[O:1][H:8])[H:9])[H:10],,
7,0.3959011709296239,RESP2,PW6B95/cc-pV(D+d)Z,1.0,0.1,H,hf,8,[H:11][c:5]1[c:4]([c:3]([c:2]([c:7]([c:6]1[H:12])[H:13])[O:1][H:8])[H:9])[H:10],,
8,0.1555829249026752,RESP2,PW6B95/cc-pV(D+d)Z,1.0,0.1,H,hf,9,[H:11][c:5]1[c:4]([c:3]([c:2]([c:7]([c:6]1[H:12])[H:13])[O:1][H:8])[H:9])[H:10],,
9,0.1148283459960047,RESP2,PW6B95/cc-pV(D+d)Z,1.0,0.1,H,hf,10,[H:11][c:5]1[c:4]([c:3]([c:2]([c:7]([c:6]1[H:12])[H:13])[O:1][H:8])[H:9])[H:10],,
10,0.1248484759851452,RESP2,PW6B95/cc-pV(D+d)Z,1.0,0.1,H,hf,11,[H:11][c:5]1[c:4]([c:3]([c:2]([c:7]([c:6]1[H:12])[H:13])[O:1][H:8])[H:9])[H:10],,
11,0.1134218425498991,RESP2,PW6B95/cc-pV(D+d)Z,1.0,0.1,H,hf,12,[H:11][c:5]1[c:4]([c:3]([c:2]([c:7]([c:6]1[H:12])[H:13])[O:1][H:8])[H:9])[H:10],,
12,0.1391378065175186,RESP2,PW6B95/cc-pV(D+d)Z,1.0,0.1,H,hf,13,[H:11][c:5]1[c:4]([c:3]([c:2]([c:7]([c:6]1[H:12])[H:13])[O:1][H:8])[H:9])[H:10],,
0,-0.5236756672680866,RESP2,PW6B95/cc-pV(D+d)Z,1.0,0.15,O,hf,1,[H:11][c:5]1[c:4]([c:3]([c:2]([c:7]([c:6]1[H:12])[H:13])[O:1][H:8])[H:9])[H:10],,
1,0.3677848548400245,RESP2,PW6B95/cc-pV(D+d)Z,1.0,0.15,C,hf,2,[H:11][c:5]1[c:4]([c:3]([c:2]([c:7]([c:6]1[H:12])[H:13])[O:1][H:8])[H:9])[H:10],,
2,-0.2510537452497731,RESP2,PW6B95/cc-pV(D+d)Z,1.0,0.15,C,hf,3,[H:11][c:5]1[c:4]([c:3]([c:2]([c:7]([c:6]1[H:12])[H:13])[O:1][H:8])[H:9])[H:10],,
3,-0.0715174938026806,RESP2,PW6B95/cc-pV(D+d)Z,1.0,0.15,C,hf,4,[H:11][c:5]1[c:4]([c:3]([c:2]([c:7]([c:6]1[H:12])[H:13])[O:1][H:8])[H:9])[H:10],,
4,-0.1988403823768552,RESP2,PW6B95/cc-pV(D+d)Z,1.0,0.15,C,hf,5,[H:11][c:5]1[c:4]([c:3]([c:2]([c:7]([c:6]1[H:12])[H:13])[O:1][H:8])[H:9])[H:10],,
5,-0.0418460188848355,RESP2,PW6B95/cc-pV(D+d)Z,1.0,0.15,C,hf,6,[H:11][c:5]1[c:4]([c:3]([c:2]([c:7]([c:6]1[H:12])[H:13])[O:1][H:8])[H:9])[H:10],,
6,-0.3268027745300992,RESP2,PW6B95/cc-pV(D+d)Z,1.0,0.15,C,hf,7,[H:11][c:5]1[c:4]([c:3]([c:2]([c:7]([c:6]1[H:12])[H:13])[O:1][H:8])[H:9])[H:10],,
7,0.3968602668060375,RESP2,PW6B95/cc-pV(D+d)Z,1.0,0.15,H,hf,8,[H:11][c:5]1[c:4]([c:3]([c:2]([c:7]([c:6]1[H:12])[H:13])[O:1][H:8])[H:9])[H:10],,
8,0.1558550740814633,RESP2,PW6B95/cc-pV(D+d)Z,1.0,0.15,H,hf,9,[H:11][c:5]1[c:4]([c:3]([c:2]([c:7]([c:6]1[H:12])[H:13])[O:1][H:8])[H:9])[H:10],,
9,0.1151374289560777,RESP2,PW6B95/cc-pV(D+d)Z,1.0,0.15,H,hf,10,[H:11][c:5]1[c:4]([c:3]([c:2]([c:7]([c:6]1[H:12])[H:13])[O:1][H:8])[H:9])[H:10],,
10,0.1250780977290924,RESP2,PW6B95/cc-pV(D+d)Z,1.0,0.15,H,hf,11,[H:11][c:5]1[c:4]([c:3]([c:2]([c:7]([c:6]1[H:12])[H:13])[O:1][H:8])[H:9])[H:10],,
11,0.1136034530216194,RESP2,PW6B95/cc-pV(D+d)Z,1.0,0.15,H,hf,12,[H:11][c:5]1[c:4]([c:3]([c:2]([c:7]([c:6]1[H:12])[H:13])[O:1][H:8])[H:9])[H:10],,
12,0.1394169066780154,RESP2,PW6B95/cc-pV(D+d)Z,1.0,0.15,H,hf,13,[H:11][c:5]1[c:4]([c:3]([c:2]([c:7]([c:6]1[H:12])[H:13])[O:1][H:8])[H:9])[H:10],,
0,-0.5247216503246843,RESP2,PW6B95/cc-pV(D+d)Z,1.0,0.2,O,hf,1,[H:11][c:5]1[c:4]([c:3]([c:2]([c:7]([c:6]1[H:12])[H:13])[O:1][H:8])[H:9])[H:10],,
1,0.367855781684658,RESP2,PW6B95/cc-pV(D+d)Z,1.0,0.2,C,hf,2,[H:11][c:5]1[c:4]([c:3]([c:2]([c:7]([c:6]1[H:12])[H:13])[O:1][H:8])[H:9])[H:10],,
2,-0.2519797118050924,RESP2,PW6B95/cc-pV(D+d)Z,1.0,0.2,C,hf,3,[H:11][c:5]1[c:4]([c:3]([c:2]([c:7]([c:6]1[H:12])[H:13])[O:1][H:8])[H:9])[H:10],,
3,-0.0715830766843999,RESP2,PW6B95/cc-pV(D+d)Z,1.0,0.2,C,hf,4,[H:11][c:5]1[c:4]([c:3]([c:2]([c:7]([c:6]1[H:12])[H:13])[O:1][H:8])[H:9])[H:10],,
4,-0.1991104067664839,RESP2,PW6B95/cc-pV(D+d)Z,1.0,0.2,C,hf,5,[H:11][c:5]1[c:4]([c:3]([c:2]([c:7]([c:6]1[H:12])[H:13])[O:1][H:8])[H:9])[H:10],,
5,-0.0418587520511033,RESP2,PW6B95/cc-pV(D+d)Z,1.0,0.2,C,hf,6,[H:11][c:5]1[c:4]([c:3]([c:2]([c:7]([c:6]1[H:12])[H:13])[O:1][H:8])[H:9])[H:10],,
6,-0.326784071716639,RESP2,PW6B95/cc-pV(D+d)Z,1.0,0.2,C,hf,7,[H:11][c:5]1[c:4]([c:3]([c:2]([c:7]([c:6]1[H:12])[H:13])[O:1][H:8])[H:9])[H:10],,
7,0.3978193626824511,RESP2,PW6B95/cc-pV(D+d)Z,1.0,0.2,H,hf,8,[H:11][c:5]1[c:4]([c:3]([c:2]([c:7]([c:6]1[H:12])[H:13])[O:1][H:8])[H:9])[H:10],,
8,0.1561272232602515,RESP2,PW6B95/cc-pV(D+d)Z,1.0,0.2,H,hf,9,[H:11][c:5]1[c:4]([c:3]([c:2]([c:7]([c:6]1[H:12])[H:13])[O:1][H:8])[H:9])[H:10],,
9,0.1154465119161507,RESP2,PW6B95/cc-pV(D+d)Z,1.0,0.2,H,hf,10,[H:11][c:5]1[c:4]([c:3]([c:2]([c:7]([c:6]1[H:12])[H:13])[O:1][H:8])[H:9])[H:10],,
10,0.1253077194730395,RESP2,PW6B95/cc-pV(D+d)Z,1.0,0.2,H,hf,11,[H:11][c:5]1[c:4]([c:3]([c:2]([c:7]([c:6]1[H:12])[H:13])[O:1][H:8])[H:9])[H:10],,
11,0.1137850634933398,RESP2,PW6B95/cc-pV(D+d)Z,1.0,0.2,H,hf,12,[H:11][c:5]1[c:4]([c:3]([c:2]([c:7]([c:6]1[H:12])[H:13])[O:1][H:8])[H:9])[H:10],,
12,0.1396960068385122,RESP2,PW6B95/cc-pV(D+d)Z,1.0,0.2,H,hf,13,[H:11][c:5]1[c:4]([c:3]([c:2]([c:7]([c:6]1[H:12])[H:13])[O:1][H:8])[H:9])[H:10],,
0,-0.5257676333812821,RESP2,PW6B95/cc-pV(D+d)Z,1.0,0.25,O,hf,1,[H:11][c:5]1[c:4]([c:3]([c:2]([c:7]([c:6]1[H:12])[H:13])[O:1][H:8])[H:9])[H:10],,
1,0.3679267085292916,RESP2,PW6B95/cc-pV(D+d)Z,1.0,0.25,C,hf,2,[H:11][c:5]1[c:4]([c:3]([c:2]([c:7]([c:6]1[H:12])[H:13])[O:1][H:8])[H:9])[H:10],,
2,-0.2529056783604116,RESP2,PW6B95/cc-pV(D+d)Z,1.0,0.25,C,hf,3,[H:11][c:5]1[c:4]([c:3]([c:2]([c:7]([c:6]1[H:12])[H:13])[O:1][H:8])[H:9])[H:10],,
3,-0.0716486595661193,RESP2,PW6B95/cc-pV(D+d)Z,1.0,0.25,C,hf,4,[H:11][c:5]1[c:4]([c:3]([c:2]([c:7]([c:6]1[H:12])[H:13])[O:1][H:8])[H:9])[H:10],,
4,-0.1993804311561125,RESP2,PW6B95/cc-pV(D+d)Z,1.0,0.25,C,hf,5,[H:11][c:5]1[c:4]([c:3]([c:2]([c:7]([c:6]1[H:12])[H:13])[O:1][H:8])[H:9])[H:10],,
5,-0.041871485217371,RESP2,PW6B95/cc-pV(D+d)Z,1.0,0.25,C,hf,6,[H:11][c:5]1[c:4]([c:3]([c:2]([c:7]([c:6]1[H:12])[H:13])[O:1][H:8])[H:9])[H:10],,
6,-0.3267653689031787,RESP2,PW6B95/cc-pV(D+d)Z,1.0,0.25,C,hf,7,[H:11][c:5]1[c:4]([c:3]([c:2]([c:7]([c:6]1[H:12])[H:13])[O:1][H:8])[H:9])[H:10],,
7,0.3987784585588647,RESP2,PW6B95/cc-pV(D+d)Z,1.0,0.25,H,hf,8,[H:11][c:5]1[c:4]([c:3]([c:2]([c:7]([c:6]1[H:12])[H:13])[O:1][H:8])[H:9])[H:10],,
8,0.1563993724390396,RESP2,PW6B95/cc-pV(D+d)Z,1.0,0.25,H,hf,9,[H:11][c:5]1[c:4]([c:3]([c:2]([c:7]([c:6]1[H:12])[H:13])[O:1][H:8])[H:9])[H:10],,
9,0.1157555948762236,RESP2,PW6B95/cc-pV(D+d)Z,1.0,0.25,H,hf,10,[H:11][c:5]1[c:4]([c:3]([c:2]([c:7]([c:6]1[H:12])[H:13])[O:1][H:8])[H:9])[H:10],,
10,0.1255373412169866,RESP2,PW6B95/cc-pV(D+d)Z,1.0,0.25,H,hf,11,[H:11][c:5]1[c:4]([c:3]([c:2]([c:7]([c:6]1[H:12])[H:13])[O:1][H:8])[H:9])[H:10],,
11,0.1139666739650602,RESP2,PW6B95/cc-pV(D+d)Z,1.0,0.25,H,hf,12,[H:11][c:5]1[c:4]([c:3]([c:2]([c:7]([c:6]1[H:12])[H:13])[O:1][H:8])[H:9])[H:10],,
12,0.139975106999009,RESP2,PW6B95/cc-pV(D+d)Z,1.0,0.25,H,hf,13,[H:11][c:5]1[c:4]([c:3]([c:2]([c:7]([c:6]1[H:12])[H:13])[O:1][H:8])[H:9])[H:10],,
0,-0.5268136164378798,RESP2,PW6B95/cc-pV(D+d)Z,1.0,0.3,O,hf,1,[H:11][c:5]1[c:4]([c:3]([c:2]([c:7]([c:6]1[H:12])[H:13])[O:1][H:8])[H:9])[H:10],,
1,0.3679976353739252,RESP2,PW6B95/cc-pV(D+d)Z,1.0,0.3,C,hf,2,[H:11][c:5]1[c:4]([c:3]([c:2]([c:7]([c:6]1[H:12])[H:13])[O:1][H:8])[H:9])[H:10],,
2,-0.2538316449157309,RESP2,PW6B95/cc-pV(D+d)Z,1.0,0.3,C,hf,3,[H:11][c:5]1[c:4]([c:3]([c:2]([c:7]([c:6]1[H:12])[H:13])[O:1][H:8])[H:9])[H:10],,
3,-0.0717142424478387,RESP2,PW6B95/cc-pV(D+d)Z,1.0,0.3,C,hf,4,[H:11][c:5]1[c:4]([c:3]([c:2]([c:7]([c:6]1[H:12])[H:13])[O:1][H:8])[H:9])[H:10],,
4,-0.1996504555457412,RESP2,PW6B95/cc-pV(D+d)Z,1.0,0.3,C,hf,5,[H:11][c:5]1[c:4]([c:3]([c:2]([c:7]([c:6]1[H:12])[H:13])[O:1][H:8])[H:9])[H:10],,
5,-0.0418842183836388,RESP2,PW6B95/cc-pV(D+d)Z,1.0,0.3,C,hf,6,[H:11][c:5]1[c:4]([c:3]([c:2]([c:7]([c:6]1[H:12])[H:13])[O:1][H:8])[H:9])[H:10],,
6,-0.3267466660897185,RESP2,PW6B95/cc-pV(D+d)Z,1.0,0.3,C,hf,7,[H:11][c:5]1[c:4]([c:3]([c:2]([c:7]([c:6]1[H:12])[H:13])[O:1][H:8])[H:9])[H:10],,
7,0.3997375544352783,RESP2,PW6B95/cc-pV(D+d)Z,1.0,0.3,H,hf,8,[H:11][c:5]1[c:4]([c:3]([c:2]([c:7]([c:6]1[H:12])[H:13])[O:1][H:8])[H:9])[H:10],,
8,0.1566715216178276,RESP2,PW6B95/cc-pV(D+d)Z,1.0,0.3,H,hf,9,[H:11][c:5]1[c:4]([c:3]([c:2]([c:7]([c:6]1[H:12])[H:13])[O:1][H:8])[H:9])[H:10],,
9,0.1160646778362966,RESP2,PW6B95/cc-pV(D+d)Z,1.0,0.3,H,hf,10,[H:11][c:5]1[c:4]([c:3]([c:2]([c:7]([c:6]1[H:12])[H:13])[O:1][H:8])[H:9])[H:10],,
10,0.1257669629609337,RESP2,PW6B95/cc-pV(D+d)Z,1.0,0.3,H,hf,11,[H:11][c:5]1[c:4]([c:3]([c:2]([c:7]([c:6]1[H:12])[H:13])[O:1][H:8])[H:9])[H:10],,
11,0.1141482844367805,RESP2,PW6B95/cc-pV(D+d)Z,1.0,0.3,H,hf,12,[H:11][c:5]1[c:4]([c:3]([c:2]([c:7]([c:6]1[H:12])[H:13])[O:1][H:8])[H:9])[H:10],,
12,0.1402542071595058,RESP2,PW6B95/cc-pV(D+d)Z,1.0,0.3,H,hf,13,[H:11][c:5]1[c:4]([c:3]([c:2]([c:7]([c:6]1[H:12])[H:13])[O:1][H:8])[H:9])[H:10],,
0,-0.5278595994944775,RESP2,PW6B95/cc-pV(D+d)Z,1.0,0.35,O,hf,1,[H:11][c:5]1[c:4]([c:3]([c:2]([c:7]([c:6]1[H:12])[H:13])[O:1][H:8])[H:9])[H:10],,
1,0.3680685622185587,RESP2,PW6B95/cc-pV(D+d)Z,1.0,0.35,C,hf,2,[H:11][c:5]1[c:4]([c:3]([c:2]([c:7]([c:6]1[H:12])[H:13])[O:1][H:8])[H:9])[H:10],,
2,-0.2547576114710502,RESP2,PW6B95/cc-pV(D+d)Z,1.0,0.35,C,hf,3,[H:11][c:5]1[c:4]([c:3]([c:2]([c:7]([c:6]1[H:12])[H:13])[O:1][H:8])[H:9])[H:10],,
3,-0.071779825329558,RESP2,PW6B95/cc-pV(D+d)Z,1.0,0.35,C,hf,4,[H:11][c:5]1[c:4]([c:3]([c:2]([c:7]([c:6]1[H:12])[H:13])[O:1][H:8])[H:9])[H:10],,
4,-0.1999204799353698,RESP2,PW6B95/cc-pV(D+d)Z,1.0,0.35,C,hf,5,[H:11][c:5]1[c:4]([c:3]([c:2]([c:7]([c:6]1[H:12])[H:13])[O:1][H:8])[H:9])[H:10],,
5,-0.0418969515499066,RESP2,PW6B95/cc-pV(D+d)Z,1.0,0.35,C,hf,6,[H:11][c:5]1[c:4]([c:3]([c:2]([c:7]([c:6]1[H:12])[H:13])[O:1][H:8])[H:9])[H:10],,
6,-0.3267279632762583,RESP2,PW6B95/cc-pV(D+d)Z,1.0,0.35,C,hf,7,[H:11][c:5]1[c:4]([c:3]([c:2]([c:7]([c:6]1[H:12])[H:13])[O:1][H:8])[H:9])[H:10],,
7,0.4006966503116918,RESP2,PW6B95/cc-pV(D+d)Z,1.0,0.35,H,hf,8,[H:11][c:5]1[c:4]([c:3]([c:2]([c:7]([c:6]1[H:12])[H:13])[O:1][H:8])[H:9])[H:10],,
8,0.1569436707966158,RESP2,PW6B95/cc-pV(D+d)Z,1.0,0.35,H,hf,9,[H:11][c:5]1[c:4]([c:3]([c:2]([c:7]([c:6]1[H:12])[H:13])[O:1][H:8])[H:9])[H:10],,
9,0.1163737607963695,RESP2,PW6B95/cc-pV(D+d)Z,1.0,0.35,H,hf,10,[H:11][c:5]1[c:4]([c:3]([c:2]([c:7]([c:6]1[H:12])[H:13])[O:1][H:8])[H:9])[H:10],,
10,0.1259965847048808,RESP2,PW6B95/cc-pV(D+d)Z,1.0,0.35,H,hf,11,[H:11][c:5]1[c:4]([c:3]([c:2]([c:7]([c:6]1[H:12])[H:13])[O:1][H:8])[H:9])[H:10],,
11,0.1143298949085009,RESP2,PW6B95/cc-pV(D+d)Z,1.0,0.35,H,hf,12,[H:11][c:5]1[c:4]([c:3]([c:2]([c:7]([c:6]1[H:12])[H:13])[O:1][H:8])[H:9])[H:10],,
12,0.1405333073200026,RESP2,PW6B95/cc-pV(D+d)Z,1.0,0.35,H,hf,13,[H:11][c:5]1[c:4]([c:3]([c:2]([c:7]([c:6]1[H:12])[H:13])[O:1][H:8])[H:9])[H:10],,
0,-0.5289055825510752,RESP2,PW6B95/cc-pV(D+d)Z,1.0,0.4,O,hf,1,[H:11][c:5]1[c:4]([c:3]([c:2]([c:7]([c:6]1[H:12])[H:13])[O:1][H:8])[H:9])[H:10],,
1,0.3681394890631924,RESP2,PW6B95/cc-pV(D+d)Z,1.0,0.4,C,hf,2,[H:11][c:5]1[c:4]([c:3]([c:2]([c:7]([c:6]1[H:12])[H:13])[O:1][H:8])[H:9])[H:10],,
2,-0.2556835780263695,RESP2,PW6B95/cc-pV(D+d)Z,1.0,0.4,C,hf,3,[H:11][c:5]1[c:4]([c:3]([c:2]([c:7]([c:6]1[H:12])[H:13])[O:1][H:8])[H:9])[H:10],,
3,-0.0718454082112774,RESP2,PW6B95/cc-pV(D+d)Z,1.0,0.4,C,hf,4,[H:11][c:5]1[c:4]([c:3]([c:2]([c:7]([c:6]1[H:12])[H:13])[O:1][H:8])[H:9])[H:10],,
4,-0.2001905043249985,RESP2,PW6B95/cc-pV(D+d)Z,1.0,0.4,C,hf,5,[H:11][c:5]1[c:4]([c:3]([c:2]([c:7]([c:6]1[H:12])[H:13])[O:1][H:8])[H:9])[H:10],,
5,-0.0419096847161743,RESP2,PW6B95/cc-pV(D+d)Z,1.0,0.4,C,hf,6,[H:11][c:5]1[c:4]([c:3]([c:2]([c:7]([c:6]1[H:12])[H:13])[O:1][H:8])[H:9])[H:10],,
6,-0.326709260462798,RESP2,PW6B95/cc-pV(D+d)Z,1.0,0.4,C,hf,7,[H:11][c:5]1[c:4]([c:3]([c:2]([c:7]([c:6]1[H:12])[H:13])[O:1][H:8])[H:9])[H:10],,
7,0.4016557461881054,RESP2,PW6B95/cc-pV(D+d)Z,1.0,0.4,H,hf,8,[H:11][c:5]1[c:4]([c:3]([c:2]([c:7]([c:6]1[H:12])[H:13])[O:1][H:8])[H:9])[H:10],,
8,0.1572158199754039,RESP2,PW6B95/cc-pV(D+d)Z,1.0,0.4,H,hf,9,[H:11][c:5]1[c:4]([c:3]([c:2]([c:7]([c:6]1[H:12])[H:13])[O:1][H:8])[H:9])[H:10],,
9,0.1166828437564425,RESP2,PW6B95/cc-pV(D+d)Z,1.0,0.4,H,hf,10,[H:11][c:5]1[c:4]([c:3]([c:2]([c:7]([c:6]1[H:12])[H:13])[O:1][H:8])[H:9])[H:10],,
10,0.1262262064488279,RESP2,PW6B95/cc-pV(D+d)Z,1.0,0.4,H,hf,11,[H:11][c:5]1[c:4]([c:3]([c:2]([c:7]([c:6]1[H:12])[H:13])[O:1][H:8])[H:9])[H:10],,
11,0.1145115053802213,RESP2,PW6B95/cc-pV(D+d)Z,1.0,0.4,H,hf,12,[H:11][c:5]1[c:4]([c:3]([c:2]([c:7]([c:6]1[H:12])[H:13])[O:1][H:8])[H:9])[H:10],,
12,0.1408124074804994,RESP2,PW6B95/cc-pV(D+d)Z,1.0,0.4,H,hf,13,[H:11][c:5]1[c:4]([c:3]([c:2]([c:7]([c:6]1[H:12])[H:13])[O:1][H:8])[H:9])[H:10],,
0,-0.5299515656076729,RESP2,PW6B95/cc-pV(D+d)Z,1.0,0.45,O,hf,1,[H:11][c:5]1[c:4]([c:3]([c:2]([c:7]([c:6]1[H:12])[H:13])[O:1][H:8])[H:9])[H:10],,
1,0.3682104159078259,RESP2,PW6B95/cc-pV(D+d)Z,1.0,0.45,C,hf,2,[H:11][c:5]1[c:4]([c:3]([c:2]([c:7]([c:6]1[H:12])[H:13])[O:1][H:8])[H:9])[H:10],,
2,-0.2566095445816888,RESP2,PW6B95/cc-pV(D+d)Z,1.0,0.45,C,hf,3,[H:11][c:5]1[c:4]([c:3]([c:2]([c:7]([c:6]1[H:12])[H:13])[O:1][H:8])[H:9])[H:10],,
3,-0.0719109910929968,RESP2,PW6B95/cc-pV(D+d)Z,1.0,0.45,C,hf,4,[H:11][c:5]1[c:4]([c:3]([c:2]([c:7]([c:6]1[H:12])[H:13])[O:1][H:8])[H:9])[H:10],,
4,-0.2004605287146271,RESP2,PW6B95/cc-pV(D+d)Z,1.0,0.45,C,hf,5,[H:11][c:5]1[c:4]([c:3]([c:2]([c:7]([c:6]1[H:12])[H:13])[O:1][H:8])[H:9])[H:10],,
5,-0.0419224178824421,RESP2,PW6B95/cc-pV(D+d)Z,1.0,0.45,C,hf,6,[H:11][c:5]1[c:4]([c:3]([c:2]([c:7]([c:6]1[H:12])[H:13])[O:1][H:8])[H:9])[H:10],,
6,-0.3266905576493378,RESP2,PW6B95/cc-pV(D+d)Z,1.0,0.45,C,hf,7,[H:11][c:5]1[c:4]([c:3]([c:2]([c:7]([c:6]1[H:12])[H:13])[O:1][H:8])[H:9])[H:10],,
7,0.4026148420645191,RESP2,PW6B95/cc-pV(D+d)Z,1.0,0.45,H,hf,8,[H:11][c:5]1[c:4]([c:3]([c:2]([c:7]([c:6]1[H:12])[H:13])[O:1][H:8])[H:9])[H:10],,
8,0.157487969154192,RESP2,PW6B95/cc-pV(D+d)Z,1.0,0.45,H,hf,9,[H:11][c:5]1[c:4]([c:3]([c:2]([c:7]([c:6]1[H:12])[H:13])[O:1][H:8])[H:9])[H:10],,
9,0.1169919267165155,RESP2,PW6B95/cc-pV(D+d)Z,1.0,0.45,H,hf,10,[H:11][c:5]1[c:4]([c:3]([c:2]([c:7]([c:6]1[H:12])[H:13])[O:1][H:8])[H:9])[H:10],,
10,0.1264558281927751,RESP2,PW6B95/cc-pV(D+d)Z,1.0,0.45,H,hf,11,[H:11][c:5]1[c:4]([c:3]([c:2]([c:7]([c:6]1[H:12])[H:13])[O:1][H:8])[H:9])[H:10],,
11,0.1146931158519416,RESP2,PW6B95/cc-pV(D+d)Z,1.0,0.45,H,hf,12,[H:11][c:5]1[c:4]([c:3]([c:2]([c:7]([c:6]1[H:12])[H:13])[O:1][H:8])[H:9])[H:10],,
12,0.1410915076409962,RESP2,PW6B95/cc-pV(D+d)Z,1.0,0.45,H,hf,13,[H:11][c:5]1[c:4]([c:3]([c:2]([c:7]([c:6]1[H:12])[H:13])[O:1][H:8])[H:9])[H:10],,
0,-0.5309975486642707,RESP2,PW6B95/cc-pV(D+d)Z,1.0,0.5,O,hf,1,[H:11][c:5]1[c:4]([c:3]([c:2]([c:7]([c:6]1[H:12])[H:13])[O:1][H:8])[H:9])[H:10],,
1,0.3682813427524595,RESP2,PW6B95/cc-pV(D+d)Z,1.0,0.5,C,hf,2,[H:11][c:5]1[c:4]([c:3]([c:2]([c:7]([c:6]1[H:12])[H:13])[O:1][H:8])[H:9])[H:10],,
2,-0.257535511137008,RESP2,PW6B95/cc-pV(D+d)Z,1.0,0.5,C,hf,3,[H:11][c:5]1[c:4]([c:3]([c:2]([c:7]([c:6]1[H:12])[H:13])[O:1][H:8])[H:9])[H:10],,
3,-0.0719765739747161,RESP2,PW6B95/cc-pV(D+d)Z,1.0,0.5,C,hf,4,[H:11][c:5]1[c:4]([c:3]([c:2]([c:7]([c:6]1[H:12])[H:13])[O:1][H:8])[H:9])[H:10],,
4,-0.2007305531042558,RESP2,PW6B95/cc-pV(D+d)Z,1.0,0.5,C,hf,5,[H:11][c:5]1[c:4]([c:3]([c:2]([c:7]([c:6]1[H:12])[H:13])[O:1][H:8])[H:9])[H:10],,
5,-0.0419351510487099,RESP2,PW6B95/cc-pV(D+d)Z,1.0,0.5,C,hf,6,[H:11][c:5]1[c:4]([c:3]([c:2]([c:7]([c:6]1[H:12])[H:13])[O:1][H:8])[H:9])[H:10],,
6,-0.3266718548358776,RESP2,PW6B95/cc-pV(D+d)Z,1.0,0.5,C,hf,7,[H:11][c:5]1[c:4]([c:3]([c:2]([c:7]([c:6]1[H:12])[H:13])[O:1][H:8])[H:9])[H:10],,
7,0.4035739379409326,RESP2,PW6B95/cc-pV(D+d)Z,1.0,0.5,H,hf,8,[H:11][c:5]1[c:4]([c:3]([c:2]([c:7]([c:6]1[H:12])[H:13])[O:1][H:8])[H:9])[H:10],,
8,0.1577601183329801,RESP2,PW6B95/cc-pV(D+d)Z,1.0,0.5,H,hf,9,[H:11][c:5]1[c:4]([c:3]([c:2]([c:7]([c:6]1[H:12])[H:13])[O:1][H:8])[H:9])[H:10],,
9,0.1173010096765884,RESP2,PW6B95/cc-pV(D+d)Z,1.0,0.5,H,hf,10,[H:11][c:5]1[c:4]([c:3]([c:2]([c:7]([c:6]1[H:12])[H:13])[O:1][H:8])[H:9])[H:10],,
10,0.1266854499367222,RESP2,PW6B95/cc-pV(D+d)Z,1.0,0.5,H,hf,11,[H:11][c:5]1[c:4]([c:3]([c:2]([c:7]([c:6]1[H:12])[H:13])[O:1][H:8])[H:9])[H:10],,
11,0.114874726323662,RESP2,PW6B95/cc-pV(D+d)Z,1.0,0.5,H,hf,12,[H:11][c:5]1[c:4]([c:3]([c:2]([c:7]([c:6]1[H:12])[H:13])[O:1][H:8])[H:9])[H:10],,
12,0.141370607801493,RESP2,PW6B95/cc-pV(D+d)Z,1.0,0.5,H,hf,13,[H:11][c:5]1[c:4]([c:3]([c:2]([c:7]([c:6]1[H:12])[H:13])[O:1][H:8])[H:9])[H:10],,
0,-0.5320435317208683,RESP2,PW6B95/cc-pV(D+d)Z,1.0,0.55,O,hf,1,[H:11][c:5]1[c:4]([c:3]([c:2]([c:7]([c:6]1[H:12])[H:13])[O:1][H:8])[H:9])[H:10],,
1,0.3683522695970931,RESP2,PW6B95/cc-pV(D+d)Z,1.0,0.55,C,hf,2,[H:11][c:5]1[c:4]([c:3]([c:2]([c:7]([c:6]1[H:12])[H:13])[O:1][H:8])[H:9])[H:10],,
2,-0.2584614776923273,RESP2,PW6B95/cc-pV(D+d)Z,1.0,0.55,C,hf,3,[H:11][c:5]1[c:4]([c:3]([c:2]([c:7]([c:6]1[H:12])[H:13])[O:1][H:8])[H:9])[H:10],,
3,-0.0720421568564355,RESP2,PW6B95/cc-pV(D+d)Z,1.0,0.55,C,hf,4,[H:11][c:5]1[c:4]([c:3]([c:2]([c:7]([c:6]1[H:12])[H:13])[O:1][H:8])[H:9])[H:10],,
4,-0.2010005774938844,RESP2,PW6B95/cc-pV(D+d)Z,1.0,0.55,C,hf,5,[H:11][c:5]1[c:4]([c:3]([c:2]([c:7]([c:6]1[H:12])[H:13])[O:1][H:8])[H:9])[H:10],,
5,-0.0419478842149777,RESP2,PW6B95/cc-pV(D+d)Z,1.0,0.55,C,hf,6,[H:11][c:5]1[c:4]([c:3]([c:2]([c:7]([c:6]1[H:12])[H:13])[O:1][H:8])[H:9])[H:10],,
6,-0.3266531520224173,RESP2,PW6B95/cc-pV(D+d)Z,1.0,0.55,C,hf,7,[H:11][c:5]1[c:4]([c:3]([c:2]([c:7]([c:6]1[H:12])[H:13])[O:1][H:8])[H:9])[H:10],,
7,0.4045330338173462,RESP2,PW6B95/cc-pV(D+d)Z,1.0,0.55,H,hf,8,[H:11][c:5]1[c:4]([c:3]([c:2]([c:7]([c:6]1[H:12])[H:13])[O:1][H:8])[H:9])[H:10],,
8,0.1580322675117682,RESP2,PW6B95/cc-pV(D+d)Z,1.0,0.55,H,hf,9,[H:11][c:5]1[c:4]([c:3]([c:2]([c:7]([c:6]1[H:12])[H:13])[O:1][H:8])[H:9])[H:10],,
9,0.1176100926366614,RESP2,PW6B95/cc-pV(D+d)Z,1.0,0.55,H,hf,10,[H:11][c:5]1[c:4]([c:3]([c:2]([c:7]([c:6]1[H:12])[H:13])[O:1][H:8])[H:9])[H:10],,
10,0.1269150716806693,RESP2,PW6B95/cc-pV(D+d)Z,1.0,0.55,H,hf,11,[H:11][c:5]1[c:4]([c:3]([c:2]([c:7]([c:6]1[H:12])[H:13])[O:1][H:8])[H:9])[H:10],,
11,0.1150563367953824,RESP2,PW6B95/cc-pV(D+d)Z,1.0,0.55,H,hf,12,[H:11][c:5]1[c:4]([c:3]([c:2]([c:7]([c:6]1[H:12])[H:13])[O:1][H:8])[H:9])[H:10],,
12,0.1416497079619898,RESP2,PW6B95/cc-pV(D+d)Z,1.0,0.55,H,hf,13,[H:11][c:5]1[c:4]([c:3]([c:2]([c:7]([c:6]1[H:12])[H:13])[O:1][H:8])[H:9])[H:10],,
0,-0.5330895147774661,RESP2,PW6B95/cc-pV(D+d)Z,1.0,0.6000000000000001,O,hf,1,[H:11][c:5]1[c:4]([c:3]([c:2]([c:7]([c:6]1[H:12])[H:13])[O:1][H:8])[H:9])[H:10],,
1,0.3684231964417267,RESP2,PW6B95/cc-pV(D+d)Z,1.0,0.6000000000000001,C,hf,2,[H:11][c:5]1[c:4]([c:3]([c:2]([c:7]([c:6]1[H:12])[H:13])[O:1][H:8])[H:9])[H:10],,
2,-0.2593874442476466,RESP2,PW6B95/cc-pV(D+d)Z,1.0,0.6000000000000001,C,hf,3,[H:11][c:5]1[c:4]([c:3]([c:2]([c:7]([c:6]1[H:12])[H:13])[O:1][H:8])[H:9])[H:10],,
3,-0.0721077397381548,RESP2,PW6B95/cc-pV(D+d)Z,1.0,0.6000000000000001,C,hf,4,[H:11][c:5]1[c:4]([c:3]([c:2]([c:7]([c:6]1[H:12])[H:13])[O:1][H:8])[H:9])[H:10],,
4,-0.2012706018835131,RESP2,PW6B95/cc-pV(D+d)Z,1.0,0.6000000000000001,C,hf,5,[H:11][c:5]1[c:4]([c:3]([c:2]([c:7]([c:6]1[H:12])[H:13])[O:1][H:8])[H:9])[H:10],,
5,-0.0419606173812454,RESP2,PW6B95/cc-pV(D+d)Z,1.0,0.6000000000000001,C,hf,6,[H:11][c:5]1[c:4]([c:3]([c:2]([c:7]([c:6]1[H:12])[H:13])[O:1][H:8])[H:9])[H:10],,
6,-0.3266344492089571,RESP2,PW6B95/cc-pV(D+d)Z,1.0,0.6000000000000001,C,hf,7,[H:11][c:5]1[c:4]([c:3]([c:2]([c:7]([c:6]1[H:12])[H:13])[O:1][H:8])[H:9])[H:10],,
7,0.4054921296937598,RESP2,PW6B95/cc-pV(D+d)Z,1.0,0.6000000000000001,H,hf,8,[H:11][c:5]1[c:4]([c:3]([c:2]([c:7]([c:6]1[H:12])[H:13])[O:1][H:8])[H:9])[H:10],,
8,0.1583044166905563,RESP2,PW6B95/cc-pV(D+d)Z,1.0,0.6000000000000001,H,hf,9,[H:11][c:5]1[c:4]([c:3]([c:2]([c:7]([c:6]1[H:12])[H:13])[O:1][H:8])[H:9])[H:10],,
9,0.1179191755967344,RESP2,PW6B95/cc-pV(D+d)Z,1.0,0.6000000000000001,H,hf,10,[H:11][c:5]1[c:4]([c:3]([c:2]([c:7]([c:6]1[H:12])[H:13])[O:1][H:8])[H:9])[H:10],,
10,0.1271446934246164,RESP2,PW6B95/cc-pV(D+d)Z,1.0,0.6000000000000001,H,hf,11,[H:11][c:5]1[c:4]([c:3]([c:2]([c:7]([c:6]1[H:12])[H:13])[O:1][H:8])[H:9])[H:10],,
11,0.1152379472671027,RESP2,PW6B95/cc-pV(D+d)Z,1.0,0.6000000000000001,H,hf,12,[H:11][c:5]1[c:4]([c:3]([c:2]([c:7]([c:6]1[H:12])[H:13])[O:1][H:8])[H:9])[H:10],,
12,0.1419288081224866,RESP2,PW6B95/cc-pV(D+d)Z,1.0,0.6000000000000001,H,hf,13,[H:11][c:5]1[c:4]([c:3]([c:2]([c:7]([c:6]1[H:12])[H:13])[O:1][H:8])[H:9])[H:10],,
0,-0.5341354978340638,RESP2,PW6B95/cc-pV(D+d)Z,1.0,0.65,O,hf,1,[H:11][c:5]1[c:4]([c:3]([c:2]([c:7]([c:6]1[H:12])[H:13])[O:1][H:8])[H:9])[H:10],,
1,0.3684941232863603,RESP2,PW6B95/cc-pV(D+d)Z,1.0,0.65,C,hf,2,[H:11][c:5]1[c:4]([c:3]([c:2]([c:7]([c:6]1[H:12])[H:13])[O:1][H:8])[H:9])[H:10],,
2,-0.2603134108029658,RESP2,PW6B95/cc-pV(D+d)Z,1.0,0.65,C,hf,3,[H:11][c:5]1[c:4]([c:3]([c:2]([c:7]([c:6]1[H:12])[H:13])[O:1][H:8])[H:9])[H:10],,
3,-0.0721733226198742,RESP2,PW6B95/cc-pV(D+d)Z,1.0,0.65,C,hf,4,[H:11][c:5]1[c:4]([c:3]([c:2]([c:7]([c:6]1[H:12])[H:13])[O:1][H:8])[H:9])[H:10],,
4,-0.2015406262731417,RESP2,PW6B95/cc-pV(D+d)Z,1.0,0.65,C,hf,5,[H:11][c:5]1[c:4]([c:3]([c:2]([c:7]([c:6]1[H:12])[H:13])[O:1][H:8])[H:9])[H:10],,
5,-0.0419733505475132,RESP2,PW6B95/cc-pV(D+d)Z,1.0,0.65,C,hf,6,[H:11][c:5]1[c:4]([c:3]([c:2]([c:7]([c:6]1[H:12])[H:13])[O:1][H:8])[H:9])[H:10],,
6,-0.3266157463954969,RESP2,PW6B95/cc-pV(D+d)Z,1.0,0.65,C,hf,7,[H:11][c:5]1[c:4]([c:3]([c:2]([c:7]([c:6]1[H:12])[H:13])[O:1][H:8])[H:9])[H:10],,
7,0.4064512255701734,RESP2,PW6B95/cc-pV(D+d)Z,1.0,0.65,H,hf,8,[H:11][c:5]1[c:4]([c:3]([c:2]([c:7]([c:6]1[H:12])[H:13])[O:1][H:8])[H:9])[H:10],,
8,0.1585765658693445,RESP2,PW6B95/cc-pV(D+d)Z,1.0,0.65,H,hf,9,[H:11][c:5]1[c:4]([c:3]([c:2]([c:7]([c:6]1[H:12])[H:13])[O:1][H:8])[H:9])[H:10],,
9,0.1182282585568074,RESP2,PW6B95/cc-pV(D+d)Z,1.0,0.65,H,hf,10,[H:11][c:5]1[c:4]([c:3]([c:2]([c:7]([c:6]1[H:12])[H:13])[O:1][H:8])[H:9])[H:10],,
10,0.1273743151685636,RESP2,PW6B95/cc-pV(D+d)Z,1.0,0.65,H,hf,11,[H:11][c:5]1[c:4]([c:3]([c:2]([c:7]([c:6]1[H:12])[H:13])[O:1][H:8])[H:9])[H:10],,
11,0.1154195577388231,RESP2,PW6B95/cc-pV(D+d)Z,1.0,0.65,H,hf,12,[H:11][c:5]1[c:4]([c:3]([c:2]([c:7]([c:6]1[H:12])[H:13])[O:1][H:8])[H:9])[H:10],,
12,0.1422079082829834,RESP2,PW6B95/cc-pV(D+d)Z,1.0,0.65,H,hf,13,[H:11][c:5]1[c:4]([c:3]([c:2]([c:7]([c:6]1[H:12])[H:13])[O:1][H:8])[H:9])[H:10],,
0,-0.5351814808906616,RESP2,PW6B95/cc-pV(D+d)Z,1.0,0.7000000000000001,O,hf,1,[H:11][c:5]1[c:4]([c:3]([c:2]([c:7]([c:6]1[H:12])[H:13])[O:1][H:8])[H:9])[H:10],,
1,0.3685650501309939,RESP2,PW6B95/cc-pV(D+d)Z,1.0,0.7000000000000001,C,hf,2,[H:11][c:5]1[c:4]([c:3]([c:2]([c:7]([c:6]1[H:12])[H:13])[O:1][H:8])[H:9])[H:10],,
2,-0.2612393773582851,RESP2,PW6B95/cc-pV(D+d)Z,1.0,0.7000000000000001,C,hf,3,[H:11][c:5]1[c:4]([c:3]([c:2]([c:7]([c:6]1[H:12])[H:13])[O:1][H:8])[H:9])[H:10],,
3,-0.0722389055015935,RESP2,PW6B95/cc-pV(D+d)Z,1.0,0.7000000000000001,C,hf,4,[H:11][c:5]1[c:4]([c:3]([c:2]([c:7]([c:6]1[H:12])[H:13])[O:1][H:8])[H:9])[H:10],,
4,-0.2018106506627703,RESP2,PW6B95/cc-pV(D+d)Z,1.0,0.7000000000000001,C,hf,5,[H:11][c:5]1[c:4]([c:3]([c:2]([c:7]([c:6]1[H:12])[H:13])[O:1][H:8])[H:9])[H:10],,
5,-0.041986083713781,RESP2,PW6B95/cc-pV(D+d)Z,1.0,0.7000000000000001,C,hf,6,[H:11][c:5]1[c:4]([c:3]([c:2]([c:7]([c:6]1[H:12])[H:13])[O:1][H:8])[H:9])[H:10],,
6,-0.3265970435820367,RESP2,PW6B95/cc-pV(D+d)Z,1.0,0.7000000000000001,C,hf,7,[H:11][c:5]1[c:4]([c:3]([c:2]([c:7]([c:6]1[H:12])[H:13])[O:1][H:8])[H:9])[H:10],,
7,0.407410321446587,RESP2,PW6B95/cc-pV(D+d)Z,1.0,0.7000000000000001,H,hf,8,[H:11][c:5]1[c:4]([c:3]([c:2]([c:7]([c:6]1[H:12])[H:13])[O:1][H:8])[H:9])[H:10],,
8,0.1588487150481326,RESP2,PW6B95/cc-pV(D+d)Z,1.0,0.7000000000000001,H,hf,9,[H:11][c:5]1[c:4]([c:3]([c:2]([c:7]([c:6]1[H:12])[H:13])[O:1][H:8])[H:9])[H:10],,
9,0.1185373415168803,RESP2,PW6B95/cc-pV(D+d)Z,1.0,0.7000000000000001,H,hf,10,[H:11][c:5]1[c:4]([c:3]([c:2]([c:7]([c:6]1[H:12])[H:13])[O:1][H:8])[H:9])[H:10],,
10,0.1276039369125107,RESP2,PW6B95/cc-pV(D+d)Z,1.0,0.7000000000000001,H,hf,11,[H:11][c:5]1[c:4]([c:3]([c:2]([c:7]([c:6]1[H:12])[H:13])[O:1][H:8])[H:9])[H:10],,
11,0.1156011682105435,RESP2,PW6B95/cc-pV(D+d)Z,1.0,0.7000000000000001,H,hf,12,[H:11][c:5]1[c:4]([c:3]([c:2]([c:7]([c:6]1[H:12])[H:13])[O:1][H:8])[H:9])[H:10],,
12,0.1424870084434802,RESP2,PW6B95/cc-pV(D+d)Z,1.0,0.7000000000000001,H,hf,13,[H:11][c:5]1[c:4]([c:3]([c:2]([c:7]([c:6]1[H:12])[H:13])[O:1][H:8])[H:9])[H:10],,
0,-0.5362274639472594,RESP2,PW6B95/cc-pV(D+d)Z,1.0,0.75,O,hf,1,[H:11][c:5]1[c:4]([c:3]([c:2]([c:7]([c:6]1[H:12])[H:13])[O:1][H:8])[H:9])[H:10],,
1,0.3686359769756274,RESP2,PW6B95/cc-pV(D+d)Z,1.0,0.75,C,hf,2,[H:11][c:5]1[c:4]([c:3]([c:2]([c:7]([c:6]1[H:12])[H:13])[O:1][H:8])[H:9])[H:10],,
2,-0.2621653439136043,RESP2,PW6B95/cc-pV(D+d)Z,1.0,0.75,C,hf,3,[H:11][c:5]1[c:4]([c:3]([c:2]([c:7]([c:6]1[H:12])[H:13])[O:1][H:8])[H:9])[H:10],,
3,-0.0723044883833129,RESP2,PW6B95/cc-pV(D+d)Z,1.0,0.75,C,hf,4,[H:11][c:5]1[c:4]([c:3]([c:2]([c:7]([c:6]1[H:12])[H:13])[O:1][H:8])[H:9])[H:10],,
4,-0.202080675052399,RESP2,PW6B95/cc-pV(D+d)Z,1.0,0.75,C,hf,5,[H:11][c:5]1[c:4]([c:3]([c:2]([c:7]([c:6]1[H:12])[H:13])[O:1][H:8])[H:9])[H:10],,
5,-0.0419988168800488,RESP2,PW6B95/cc-pV(D+d)Z,1.0,0.75,C,hf,6,[H:11][c:5]1[c:4]([c:3]([c:2]([c:7]([c:6]1[H:12])[H:13])[O:1][H:8])[H:9])[H:10],,
6,-0.3265783407685764,RESP2,PW6B95/cc-pV(D+d)Z,1.0,0.75,C,hf,7,[H:11][c:5]1[c:4]([c:3]([c:2]([c:7]([c:6]1[H:12])[H:13])[O:1][H:8])[H:9])[H:10],,
7,0.4083694173230006,RESP2,PW6B95/cc-pV(D+d)Z,1.0,0.75,H,hf,8,[H:11][c:5]1[c:4]([c:3]([c:2]([c:7]([c:6]1[H:12])[H:13])[O:1][H:8])[H:9])[H:10],,
8,0.1591208642269207,RESP2,PW6B95/cc-pV(D+d)Z,1.0,0.75,H,hf,9,[H:11][c:5]1[c:4]([c:3]([c:2]([c:7]([c:6]1[H:12])[H:13])[O:1][H:8])[H:9])[H:10],,
9,0.1188464244769533,RESP2,PW6B95/cc-pV(D+d)Z,1.0,0.75,H,hf,10,[H:11][c:5]1[c:4]([c:3]([c:2]([c:7]([c:6]1[H:12])[H:13])[O:1][H:8])[H:9])[H:10],,
10,0.1278335586564578,RESP2,PW6B95/cc-pV(D+d)Z,1.0,0.75,H,hf,11,[H:11][c:5]1[c:4]([c:3]([c:2]([c:7]([c:6]1[H:12])[H:13])[O:1][H:8])[H:9])[H:10],,
11,0.1157827786822638,RESP2,PW6B95/cc-pV(D+d)Z,1.0,0.75,H,hf,12,[H:11][c:5]1[c:4]([c:3]([c:2]([c:7]([c:6]1[H:12])[H:13])[O:1][H:8])[H:9])[H:10],,
12,0.142766108603977,RESP2,PW6B95/cc-pV(D+d)Z,1.0,0.75,H,hf,13,[H:11][c:5]1[c:4]([c:3]([c:2]([c:7]([c:6]1[H:12])[H:13])[O:1][H:8])[H:9])[H:10],,
0,-0.537273447003857,RESP2,PW6B95/cc-pV(D+d)Z,1.0,0.8,O,hf,1,[H:11][c:5]1[c:4]([c:3]([c:2]([c:7]([c:6]1[H:12])[H:13])[O:1][H:8])[H:9])[H:10],,
1,0.368706903820261,RESP2,PW6B95/cc-pV(D+d)Z,1.0,0.8,C,hf,2,[H:11][c:5]1[c:4]([c:3]([c:2]([c:7]([c:6]1[H:12])[H:13])[O:1][H:8])[H:9])[H:10],,
2,-0.2630913104689236,RESP2,PW6B95/cc-pV(D+d)Z,1.0,0.8,C,hf,3,[H:11][c:5]1[c:4]([c:3]([c:2]([c:7]([c:6]1[H:12])[H:13])[O:1][H:8])[H:9])[H:10],,
3,-0.0723700712650323,RESP2,PW6B95/cc-pV(D+d)Z,1.0,0.8,C,hf,4,[H:11][c:5]1[c:4]([c:3]([c:2]([c:7]([c:6]1[H:12])[H:13])[O:1][H:8])[H:9])[H:10],,
4,-0.2023506994420276,RESP2,PW6B95/cc-pV(D+d)Z,1.0,0.8,C,hf,5,[H:11][c:5]1[c:4]([c:3]([c:2]([c:7]([c:6]1[H:12])[H:13])[O:1][H:8])[H:9])[H:10],,
5,-0.0420115500463165,RESP2,PW6B95/cc-pV(D+d)Z,1.0,0.8,C,hf,6,[H:11][c:5]1[c:4]([c:3]([c:2]([c:7]([c:6]1[H:12])[H:13])[O:1][H:8])[H:9])[H:10],,
6,-0.3265596379551162,RESP2,PW6B95/cc-pV(D+d)Z,1.0,0.8,C,hf,7,[H:11][c:5]1[c:4]([c:3]([c:2]([c:7]([c:6]1[H:12])[H:13])[O:1][H:8])[H:9])[H:10],,
7,0.4093285131994142,RESP2,PW6B95/cc-pV(D+d)Z,1.0,0.8,H,hf,8,[H:11][c:5]1[c:4]([c:3]([c:2]([c:7]([c:6]1[H:12])[H:13])[O:1][H:8])[H:9])[H:10],,
8,0.1593930134057088,RESP2,PW6B95/cc-pV(D+d)Z,1.0,0.8,H,hf,9,[H:11][c:5]1[c:4]([c:3]([c:2]([c:7]([c:6]1[H:12])[H:13])[O:1][H:8])[H:9])[H:10],,
9,0.1191555074370262,RESP2,PW6B95/cc-pV(D+d)Z,1.0,0.8,H,hf,10,[H:11][c:5]1[c:4]([c:3]([c:2]([c:7]([c:6]1[H:12])[H:13])[O:1][H:8])[H:9])[H:10],,
10,0.1280631804004049,RESP2,PW6B95/cc-pV(D+d)Z,1.0,0.8,H,hf,11,[H:11][c:5]1[c:4]([c:3]([c:2]([c:7]([c:6]1[H:12])[H:13])[O:1][H:8])[H:9])[H:10],,
11,0.1159643891539842,RESP2,PW6B95/cc-pV(D+d)Z,1.0,0.8,H,hf,12,[H:11][c:5]1[c:4]([c:3]([c:2]([c:7]([c:6]1[H:12])[H:13])[O:1][H:8])[H:9])[H:10],,
12,0.1430452087644738,RESP2,PW6B95/cc-pV(D+d)Z,1.0,0.8,H,hf,13,[H:11][c:5]1[c:4]([c:3]([c:2]([c:7]([c:6]1[H:12])[H:13])[O:1][H:8])[H:9])[H:10],,
0,-0.5383194300604548,RESP2,PW6B95/cc-pV(D+d)Z,1.0,0.8500000000000001,O,hf,1,[H:11][c:5]1[c:4]([c:3]([c:2]([c:7]([c:6]1[H:12])[H:13])[O:1][H:8])[H:9])[H:10],,
1,0.3687778306648946,RESP2,PW6B95/cc-pV(D+d)Z,1.0,0.8500000000000001,C,hf,2,[H:11][c:5]1[c:4]([c:3]([c:2]([c:7]([c:6]1[H:12])[H:13])[O:1][H:8])[H:9])[H:10],,
2,-0.2640172770242429,RESP2,PW6B95/cc-pV(D+d)Z,1.0,0.8500000000000001,C,hf,3,[H:11][c:5]1[c:4]([c:3]([c:2]([c:7]([c:6]1[H:12])[H:13])[O:1][H:8])[H:9])[H:10],,
3,-0.0724356541467516,RESP2,PW6B95/cc-pV(D+d)Z,1.0,0.8500000000000001,C,hf,4,[H:11][c:5]1[c:4]([c:3]([c:2]([c:7]([c:6]1[H:12])[H:13])[O:1][H:8])[H:9])[H:10],,
4,-0.2026207238316563,RESP2,PW6B95/cc-pV(D+d)Z,1.0,0.8500000000000001,C,hf,5,[H:11][c:5]1[c:4]([c:3]([c:2]([c:7]([c:6]1[H:12])[H:13])[O:1][H:8])[H:9])[H:10],,
5,-0.0420242832125843,RESP2,PW6B95/cc-pV(D+d)Z,1.0,0.8500000000000001,C,hf,6,[H:11][c:5]1[c:4]([c:3]([c:2]([c:7]([c:6]1[H:12])[H:13])[O:1][H:8])[H:9])[H:10],,
6,-0.326540935141656,RESP2,PW6B95/cc-pV(D+d)Z,1.0,0.8500000000000001,C,hf,7,[H:11][c:5]1[c:4]([c:3]([c:2]([c:7]([c:6]1[H:12])[H:13])[O:1][H:8])[H:9])[H:10],,
7,0.4102876090758278,RESP2,PW6B95/cc-pV(D+d)Z,1.0,0.8500000000000001,H,hf,8,[H:11][c:5]1[c:4]([c:3]([c:2]([c:7]([c:6]1[H:12])[H:13])[O:1][H:8])[H:9])[H:10],,
8,0.1596651625844969,RESP2,PW6B95/cc-pV(D+d)Z,1.0,0.8500000000000001,H,hf,9,[H:11][c:5]1[c:4]([c:3]([c:2]([c:7]([c:6]1[H:12])[H:13])[O:1][H:8])[H:9])[H:10],,
9,0.1194645903970992,RESP2,PW6B95/cc-pV(D+d)Z,1.0,0.8500000000000001,H,hf,10,[H:11][c:5]1[c:4]([c:3]([c:2]([c:7]([c:6]1[H:12])[H:13])[O:1][H:8])[H:9])[H:10],,
10,0.128292802144352,RESP2,PW6B95/cc-pV(D+d)Z,1.0,0.8500000000000001,H,hf,11,[H:11][c:5]1[c:4]([c:3]([c:2]([c:7]([c:6]1[H:12])[H:13])[O:1][H:8])[H:9])[H:10],,
11,0.1161459996257046,RESP2,PW6B95/cc-pV(D+d)Z,1.0,0.8500000000000001,H,hf,12,[H:11][c:5]1[c:4]([c:3]([c:2]([c:7]([c:6]1[H:12])[H:13])[O:1][H:8])[H:9])[H:10],,
12,0.1433243089249706,RESP2,PW6B95/cc-pV(D+d)Z,1.0,0.8500000000000001,H,hf,13,[H:11][c:5]1[c:4]([c:3]([c:2]([c:7]([c:6]1[H:12])[H:13])[O:1][H:8])[H:9])[H:10],,
0,-0.5393654131170524,RESP2,PW6B95/cc-pV(D+d)Z,1.0,0.9,O,hf,1,[H:11][c:5]1[c:4]([c:3]([c:2]([c:7]([c:6]1[H:12])[H:13])[O:1][H:8])[H:9])[H:10],,
1,0.3688487575095282,RESP2,PW6B95/cc-pV(D+d)Z,1.0,0.9,C,hf,2,[H:11][c:5]1[c:4]([c:3]([c:2]([c:7]([c:6]1[H:12])[H:13])[O:1][H:8])[H:9])[H:10],,
2,-0.2649432435795621,RESP2,PW6B95/cc-pV(D+d)Z,1.0,0.9,C,hf,3,[H:11][c:5]1[c:4]([c:3]([c:2]([c:7]([c:6]1[H:12])[H:13])[O:1][H:8])[H:9])[H:10],,
3,-0.072501237028471,RESP2,PW6B95/cc-pV(D+d)Z,1.0,0.9,C,hf,4,[H:11][c:5]1[c:4]([c:3]([c:2]([c:7]([c:6]1[H:12])[H:13])[O:1][H:8])[H:9])[H:10],,
4,-0.2028907482212849,RESP2,PW6B95/cc-pV(D+d)Z,1.0,0.9,C,hf,5,[H:11][c:5]1[c:4]([c:3]([c:2]([c:7]([c:6]1[H:12])[H:13])[O:1][H:8])[H:9])[H:10],,
5,-0.0420370163788521,RESP2,PW6B95/cc-pV(D+d)Z,1.0,0.9,C,hf,6,[H:11][c:5]1[c:4]([c:3]([c:2]([c:7]([c:6]1[H:12])[H:13])[O:1][H:8])[H:9])[H:10],,
6,-0.3265222323281957,RESP2,PW6B95/cc-pV(D+d)Z,1.0,0.9,C,hf,7,[H:11][c:5]1[c:4]([c:3]([c:2]([c:7]([c:6]1[H:12])[H:13])[O:1][H:8])[H:9])[H:10],,
7,0.4112467049522414,RESP2,PW6B95/cc-pV(D+d)Z,1.0,0.9,H,hf,8,[H:11][c:5]1[c:4]([c:3]([c:2]([c:7]([c:6]1[H:12])[H:13])[O:1][H:8])[H:9])[H:10],,
8,0.159937311763285,RESP2,PW6B95/cc-pV(D+d)Z,1.0,0.9,H,hf,9,[H:11][c:5]1[c:4]([c:3]([c:2]([c:7]([c:6]1[H:12])[H:13])[O:1][H:8])[H:9])[H:10],,
9,0.1197736733571721,RESP2,PW6B95/cc-pV(D+d)Z,1.0,0.9,H,hf,10,[H:11][c:5]1[c:4]([c:3]([c:2]([c:7]([c:6]1[H:12])[H:13])[O:1][H:8])[H:9])[H:10],,
10,0.1285224238882991,RESP2,PW6B95/cc-pV(D+d)Z,1.0,0.9,H,hf,11,[H:11][c:5]1[c:4]([c:3]([c:2]([c:7]([c:6]1[H:12])[H:13])[O:1][H:8])[H:9])[H:10],,
11,0.1163276100974249,RESP2,PW6B95/cc-pV(D+d)Z,1.0,0.9,H,hf,12,[H:11][c:5]1[c:4]([c:3]([c:2]([c:7]([c:6]1[H:12])[H:13])[O:1][H:8])[H:9])[H:10],,
12,0.1436034090854674,RESP2,PW6B95/cc-pV(D+d)Z,1.0,0.9,H,hf,13,[H:11][c:5]1[c:4]([c:3]([c:2]([c:7]([c:6]1[H:12])[H:13])[O:1][H:8])[H:9])[H:10],,
0,-0.5404113961736502,RESP2,PW6B95/cc-pV(D+d)Z,1.0,0.95,O,hf,1,[H:11][c:5]1[c:4]([c:3]([c:2]([c:7]([c:6]1[H:12])[H:13])[O:1][H:8])[H:9])[H:10],,
1,0.3689196843541618,RESP2,PW6B95/cc-pV(D+d)Z,1.0,0.95,C,hf,2,[H:11][c:5]1[c:4]([c:3]([c:2]([c:7]([c:6]1[H:12])[H:13])[O:1][H:8])[H:9])[H:10],,
2,-0.2658692101348814,RESP2,PW6B95/cc-pV(D+d)Z,1.0,0.95,C,hf,3,[H:11][c:5]1[c:4]([c:3]([c:2]([c:7]([c:6]1[H:12])[H:13])[O:1][H:8])[H:9])[H:10],,
3,-0.0725668199101903,RESP2,PW6B95/cc-pV(D+d)Z,1.0,0.95,C,hf,4,[H:11][c:5]1[c:4]([c:3]([c:2]([c:7]([c:6]1[H:12])[H:13])[O:1][H:8])[H:9])[H:10],,
4,-0.2031607726109136,RESP2,PW6B95/cc-pV(D+d)Z,1.0,0.95,C,hf,5,[H:11][c:5]1[c:4]([c:3]([c:2]([c:7]([c:6]1[H:12])[H:13])[O:1][H:8])[H:9])[H:10],,
5,-0.0420497495451198,RESP2,PW6B95/cc-pV(D+d)Z,1.0,0.95,C,hf,6,[H:11][c:5]1[c:4]([c:3]([c:2]([c:7]([c:6]1[H:12])[H:13])[O:1][H:8])[H:9])[H:10],,
6,-0.3265035295147355,RESP2,PW6B95/cc-pV(D+d)Z,1.0,0.95,C,hf,7,[H:11][c:5]1[c:4]([c:3]([c:2]([c:7]([c:6]1[H:12])[H:13])[O:1][H:8])[H:9])[H:10],,
7,0.412205800828655,RESP2,PW6B95/cc-pV(D+d)Z,1.0,0.95,H,hf,8,[H:11][c:5]1[c:4]([c:3]([c:2]([c:7]([c:6]1[H:12])[H:13])[O:1][H:8])[H:9])[H:10],,
8,0.1602094609420732,RESP2,PW6B95/cc-pV(D+d)Z,1.0,0.95,H,hf,9,[H:11][c:5]1[c:4]([c:3]([c:2]([c:7]([c:6]1[H:12])[H:13])[O:1][H:8])[H:9])[H:10],,
9,0.1200827563172452,RESP2,PW6B95/cc-pV(D+d)Z,1.0,0.95,H,hf,10,[H:11][c:5]1[c:4]([c:3]([c:2]([c:7]([c:6]1[H:12])[H:13])[O:1][H:8])[H:9])[H:10],,
10,0.1287520456322463,RESP2,PW6B95/cc-pV(D+d)Z,1.0,0.95,H,hf,11,[H:11][c:5]1[c:4]([c:3]([c:2]([c:7]([c:6]1[H:12])[H:13])[O:1][H:8])[H:9])[H:10],,
11,0.1165092205691453,RESP2,PW6B95/cc-pV(D+d)Z,1.0,0.95,H,hf,12,[H:11][c:5]1[c:4]([c:3]([c:2]([c:7]([c:6]1[H:12])[H:13])[O:1][H:8])[H:9])[H:10],,
12,0.1438825092459642,RESP2,PW6B95/cc-pV(D+d)Z,1.0,0.95,H,hf,13,[H:11][c:5]1[c:4]([c:3]([c:2]([c:7]([c:6]1[H:12])[H:13])[O:1][H:8])[H:9])[H:10],,
0,-0.541457379230248,RESP2,PW6B95/cc-pV(D+d)Z,1.0,1.0,O,hf,1,[H:11][c:5]1[c:4]([c:3]([c:2]([c:7]([c:6]1[H:12])[H:13])[O:1][H:8])[H:9])[H:10],,
1,0.3689906111987954,RESP2,PW6B95/cc-pV(D+d)Z,1.0,1.0,C,hf,2,[H:11][c:5]1[c:4]([c:3]([c:2]([c:7]([c:6]1[H:12])[H:13])[O:1][H:8])[H:9])[H:10],,
2,-0.2667951766902007,RESP2,PW6B95/cc-pV(D+d)Z,1.0,1.0,C,hf,3,[H:11][c:5]1[c:4]([c:3]([c:2]([c:7]([c:6]1[H:12])[H:13])[O:1][H:8])[H:9])[H:10],,
3,-0.0726324027919097,RESP2,PW6B95/cc-pV(D+d)Z,1.0,1.0,C,hf,4,[H:11][c:5]1[c:4]([c:3]([c:2]([c:7]([c:6]1[H:12])[H:13])[O:1][H:8])[H:9])[H:10],,
4,-0.2034307970005422,RESP2,PW6B95/cc-pV(D+d)Z,1.0,1.0,C,hf,5,[H:11][c:5]1[c:4]([c:3]([c:2]([c:7]([c:6]1[H:12])[H:13])[O:1][H:8])[H:9])[H:10],,
5,-0.0420624827113876,RESP2,PW6B95/cc-pV(D+d)Z,1.0,1.0,C,hf,6,[H:11][c:5]1[c:4]([c:3]([c:2]([c:7]([c:6]1[H:12])[H:13])[O:1][H:8])[H:9])[H:10],,
6,-0.3264848267012752,RESP2,PW6B95/cc-pV(D+d)Z,1.0,1.0,C,hf,7,[H:11][c:5]1[c:4]([c:3]([c:2]([c:7]([c:6]1[H:12])[H:13])[O:1][H:8])[H:9])[H:10],,
7,0.4131648967050686,RESP2,PW6B95/cc-pV(D+d)Z,1.0,1.0,H,hf,8,[H:11][c:5]1[c:4]([c:3]([c:2]([c:7]([c:6]1[H:12])[H:13])[O:1][H:8])[H:9])[H:10],,
8,0.1604816101208613,RESP2,PW6B95/cc-pV(D+d)Z,1.0,1.0,H,hf,9,[H:11][c:5]1[c:4]([c:3]([c:2]([c:7]([c:6]1[H:12])[H:13])[O:1][H:8])[H:9])[H:10],,
9,0.1203918392773181,RESP2,PW6B95/cc-pV(D+d)Z,1.0,1.0,H,hf,10,[H:11][c:5]1[c:4]([c:3]([c:2]([c:7]([c:6]1[H:12])[H:13])[O:1][H:8])[H:9])[H:10],,
10,0.1289816673761934,RESP2,PW6B95/cc-pV(D+d)Z,1.0,1.0,H,hf,11,[H:11][c:5]1[c:4]([c:3]([c:2]([c:7]([c:6]1[H:12])[H:13])[O:1][H:8])[H:9])[H:10],,
11,0.1166908310408657,RESP2,PW6B95/cc-pV(D+d)Z,1.0,1.0,H,hf,12,[H:11][c:5]1[c:4]([c:3]([c:2]([c:7]([c:6]1[H:12])[H:13])[O:1][H:8])[H:9])[H:10],,
12,0.144161609406461,RESP2,PW6B95/cc-pV(D+d)Z,1.0,1.0,H,hf,13,[H:11][c:5]1[c:4]([c:3]([c:2]([c:7]([c:6]1[H:12])[H:13])[O:1][H:8])[H:9])[H:10],,
0,-0.5205377180983816,RESP2,PW6B95/cc-pV(D+d)Z,,0.0,O,hf,1,[H:11][c:5]1[c:4]([c:3]([c:2]([c:7]([c:6]1[H:12])[H:13])[O:1][H:8])[H:9])[H:10],,
1,0.3675720743062921,RESP2,PW6B95/cc-pV(D+d)Z,,0.0,C,hf,2,[H:11][c:5]1[c:4]([c:3]([c:2]([c:7]([c:6]1[H:12])[H:13])[O:1][H:8])[H:9])[H:10],,
2,-0.2482758455837099,RESP2,PW6B95/cc-pV(D+d)Z,,0.0,C,hf,3,[H:11][c:5]1[c:4]([c:3]([c:2]([c:7]([c:6]1[H:12])[H:13])[O:1][H:8])[H:9])[H:10],,
3,-0.0713207451577488,RESP2,PW6B95/cc-pV(D+d)Z,,0.0,C,hf,4,[H:11][c:5]1[c:4]([c:3]([c:2]([c:7]([c:6]1[H:12])[H:13])[O:1][H:8])[H:9])[H:10],,
4,-0.1980303092079019,RESP2,PW6B95/cc-pV(D+d)Z,,0.0,C,hf,5,[H:11][c:5]1[c:4]([c:3]([c:2]([c:7]([c:6]1[H:12])[H:13])[O:1][H:8])[H:9])[H:10],,
5,-0.0418078193859725,RESP2,PW6B95/cc-pV(D+d)Z,,0.0,C,hf,6,[H:11][c:5]1[c:4]([c:3]([c:2]([c:7]([c:6]1[H:12])[H:13])[O:1][H:8])[H:9])[H:10],,
6,-0.3268588829706583,RESP2,PW6B95/cc-pV(D+d)Z,,0.0,C,hf,7,[H:11][c:5]1[c:4]([c:3]([c:2]([c:7]([c:6]1[H:12])[H:13])[O:1][H:8])[H:9])[H:10],,
7,0.393982979176824,RESP2,PW6B95/cc-pV(D+d)Z,,0.0,H,hf,8,[H:11][c:5]1[c:4]([c:3]([c:2]([c:7]([c:6]1[H:12])[H:13])[O:1][H:8])[H:9])[H:10],,
8,0.1550386265450602,RESP2,PW6B95/cc-pV(D+d)Z,,0.0,H,hf,9,[H:11][c:5]1[c:4]([c:3]([c:2]([c:7]([c:6]1[H:12])[H:13])[O:1][H:8])[H:9])[H:10],,
9,0.114210180075941,RESP2,PW6B95/cc-pV(D+d)Z,,0.0,H,hf,10,[H:11][c:5]1[c:4]([c:3]([c:2]([c:7]([c:6]1[H:12])[H:13])[O:1][H:8])[H:9])[H:10],,
10,0.1243892324972401,RESP2,PW6B95/cc-pV(D+d)Z,,0.0,H,hf,11,[H:11][c:5]1[c:4]([c:3]([c:2]([c:7]([c:6]1[H:12])[H:13])[O:1][H:8])[H:9])[H:10],,
11,0.1130586216064497,RESP2,PW6B95/cc-pV(D+d)Z,,0.0,H,hf,12,[H:11][c:5]1[c:4]([c:3]([c:2]([c:7]([c:6]1[H:12])[H:13])[O:1][H:8])[H:9])[H:10],,
12,0.1385796061965661,RESP2,PW6B95/cc-pV(D+d)Z,,0.0,H,hf,13,[H:11][c:5]1[c:4]([c:3]([c:2]([c:7]([c:6]1[H:12])[H:13])[O:1][H:8])[H:9])[H:10],,
0,-0.5215837011385152,RESP2,PW6B95/cc-pV(D+d)Z,,0.05,O,hf,1,[H:11][c:5]1[c:4]([c:3]([c:2]([c:7]([c:6]1[H:12])[H:13])[O:1][H:8])[H:9])[H:10],,
1,0.3676430010799922,RESP2,PW6B95/cc-pV(D+d)Z,,0.05,C,hf,2,[H:11][c:5]1[c:4]([c:3]([c:2]([c:7]([c:6]1[H:12])[H:13])[O:1][H:8])[H:9])[H:10],,
2,-0.2492018120913017,RESP2,PW6B95/cc-pV(D+d)Z,,0.05,C,hf,3,[H:11][c:5]1[c:4]([c:3]([c:2]([c:7]([c:6]1[H:12])[H:13])[O:1][H:8])[H:9])[H:10],,
3,-0.0713863280606938,RESP2,PW6B95/cc-pV(D+d)Z,,0.05,C,hf,4,[H:11][c:5]1[c:4]([c:3]([c:2]([c:7]([c:6]1[H:12])[H:13])[O:1][H:8])[H:9])[H:10],,
4,-0.1983003335686694,RESP2,PW6B95/cc-pV(D+d)Z,,0.05,C,hf,5,[H:11][c:5]1[c:4]([c:3]([c:2]([c:7]([c:6]1[H:12])[H:13])[O:1][H:8])[H:9])[H:10],,
5,-0.0418205525821404,RESP2,PW6B95/cc-pV(D+d)Z,,0.05,C,hf,6,[H:11][c:5]1[c:4]([c:3]([c:2]([c:7]([c:6]1[H:12])[H:13])[O:1][H:8])[H:9])[H:10],,
6,-0.3268401800838323,RESP2,PW6B95/cc-pV(D+d)Z,,0.05,C,hf,7,[H:11][c:5]1[c:4]([c:3]([c:2]([c:7]([c:6]1[H:12])[H:13])[O:1][H:8])[H:9])[H:10],,
7,0.3949420750489354,RESP2,PW6B95/cc-pV(D+d)Z,,0.05,H,hf,8,[H:11][c:5]1[c:4]([c:3]([c:2]([c:7]([c:6]1[H:12])[H:13])[O:1][H:8])[H:9])[H:10],,
8,0.1553107757090344,RESP2,PW6B95/cc-pV(D+d)Z,,0.05,H,hf,9,[H:11][c:5]1[c:4]([c:3]([c:2]([c:7]([c:6]1[H:12])[H:13])[O:1][H:8])[H:9])[H:10],,
9,0.1145192630379859,RESP2,PW6B95/cc-pV(D+d)Z,,0.05,H,hf,10,[H:11][c:5]1[c:4]([c:3]([c:2]([c:7]([c:6]1[H:12])[H:13])[O:1][H:8])[H:9])[H:10],,
10,0.1246188542349424,RESP2,PW6B95/cc-pV(D+d)Z,,0.05,H,hf,11,[H:11][c:5]1[c:4]([c:3]([c:2]([c:7]([c:6]1[H:12])[H:13])[O:1][H:8])[H:9])[H:10],,
11,0.1132402320752372,RESP2,PW6B95/cc-pV(D+d)Z,,0.05,H,hf,12,[H:11][c:5]1[c:4]([c:3]([c:2]([c:7]([c:6]1[H:12])[H:13])[O:1][H:8])[H:9])[H:10],,
12,0.1388587063390251,RESP2,PW6B95/cc-pV(D+d)Z,,0.05,H,hf,13,[H:11][c:5]1[c:4]([c:3]([c:2]([c:7]([c:6]1[H:12])[H:13])[O:1][H:8])[H:9])[H:10],,
0,-0.5226296841786486,RESP2,PW6B95/cc-pV(D+d)Z,,0.1,O,hf,1,[H:11][c:5]1[c:4]([c:3]([c:2]([c:7]([c:6]1[H:12])[H:13])[O:1][H:8])[H:9])[H:10],,
1,0.3677139278536924,RESP2,PW6B95/cc-pV(D+d)Z,,0.1,C,hf,2,[H:11][c:5]1[c:4]([c:3]([c:2]([c:7]([c:6]1[H:12])[H:13])[O:1][H:8])[H:9])[H:10],,
2,-0.2501277785988935,RESP2,PW6B95/cc-pV(D+d)Z,,0.1,C,hf,3,[H:11][c:5]1[c:4]([c:3]([c:2]([c:7]([c:6]1[H:12])[H:13])[O:1][H:8])[H:9])[H:10],,
3,-0.0714519109636388,RESP2,PW6B95/cc-pV(D+d)Z,,0.1,C,hf,4,[H:11][c:5]1[c:4]([c:3]([c:2]([c:7]([c:6]1[H:12])[H:13])[O:1][H:8])[H:9])[H:10],,
4,-0.1985703579294369,RESP2,PW6B95/cc-pV(D+d)Z,,0.1,C,hf,5,[H:11][c:5]1[c:4]([c:3]([c:2]([c:7]([c:6]1[H:12])[H:13])[O:1][H:8])[H:9])[H:10],,
5,-0.0418332857783083,RESP2,PW6B95/cc-pV(D+d)Z,,0.1,C,hf,6,[H:11][c:5]1[c:4]([c:3]([c:2]([c:7]([c:6]1[H:12])[H:13])[O:1][H:8])[H:9])[H:10],,
6,-0.3268214771970064,RESP2,PW6B95/cc-pV(D+d)Z,,0.1,C,hf,7,[H:11][c:5]1[c:4]([c:3]([c:2]([c:7]([c:6]1[H:12])[H:13])[O:1][H:8])[H:9])[H:10],,
7,0.395901170921047,RESP2,PW6B95/cc-pV(D+d)Z,,0.1,H,hf,8,[H:11][c:5]1[c:4]([c:3]([c:2]([c:7]([c:6]1[H:12])[H:13])[O:1][H:8])[H:9])[H:10],,
8,0.1555829248730086,RESP2,PW6B95/cc-pV(D+d)Z,,0.1,H,hf,9,[H:11][c:5]1[c:4]([c:3]([c:2]([c:7]([c:6]1[H:12])[H:13])[O:1][H:8])[H:9])[H:10],,
9,0.1148283460000309,RESP2,PW6B95/cc-pV(D+d)Z,,0.1,H,hf,10,[H:11][c:5]1[c:4]([c:3]([c:2]([c:7]([c:6]1[H:12])[H:13])[O:1][H:8])[H:9])[H:10],,
10,0.1248484759726447,RESP2,PW6B95/cc-pV(D+d)Z,,0.1,H,hf,11,[H:11][c:5]1[c:4]([c:3]([c:2]([c:7]([c:6]1[H:12])[H:13])[O:1][H:8])[H:9])[H:10],,
11,0.1134218425440247,RESP2,PW6B95/cc-pV(D+d)Z,,0.1,H,hf,12,[H:11][c:5]1[c:4]([c:3]([c:2]([c:7]([c:6]1[H:12])[H:13])[O:1][H:8])[H:9])[H:10],,
12,0.1391378064814841,RESP2,PW6B95/cc-pV(D+d)Z,,0.1,H,hf,13,[H:11][c:5]1[c:4]([c:3]([c:2]([c:7]([c:6]1[H:12])[H:13])[O:1][H:8])[H:9])[H:10],,
0,-0.5236756672187822,RESP2,PW6B95/cc-pV(D+d)Z,,0.15,O,hf,1,[H:11][c:5]1[c:4]([c:3]([c:2]([c:7]([c:6]1[H:12])[H:13])[O:1][H:8])[H:9])[H:10],,
1,0.3677848546273926,RESP2,PW6B95/cc-pV(D+d)Z,,0.15,C,hf,2,[H:11][c:5]1[c:4]([c:3]([c:2]([c:7]([c:6]1[H:12])[H:13])[O:1][H:8])[H:9])[H:10],,
2,-0.2510537451064852,RESP2,PW6B95/cc-pV(D+d)Z,,0.15,C,hf,3,[H:11][c:5]1[c:4]([c:3]([c:2]([c:7]([c:6]1[H:12])[H:13])[O:1][H:8])[H:9])[H:10],,
3,-0.0715174938665838,RESP2,PW6B95/cc-pV(D+d)Z,,0.15,C,hf,4,[H:11][c:5]1[c:4]([c:3]([c:2]([c:7]([c:6]1[H:12])[H:13])[O:1][H:8])[H:9])[H:10],,
4,-0.1988403822902044,RESP2,PW6B95/cc-pV(D+d)Z,,0.15,C,hf,5,[H:11][c:5]1[c:4]([c:3]([c:2]([c:7]([c:6]1[H:12])[H:13])[O:1][H:8])[H:9])[H:10],,
5,-0.0418460189744762,RESP2,PW6B95/cc-pV(D+d)Z,,0.15,C,hf,6,[H:11][c:5]1[c:4]([c:3]([c:2]([c:7]([c:6]1[H:12])[H:13])[O:1][H:8])[H:9])[H:10],,
6,-0.3268027743101803,RESP2,PW6B95/cc-pV(D+d)Z,,0.15,C,hf,7,[H:11][c:5]1[c:4]([c:3]([c:2]([c:7]([c:6]1[H:12])[H:13])[O:1][H:8])[H:9])[H:10],,
7,0.3968602667931585,RESP2,PW6B95/cc-pV(D+d)Z,,0.15,H,hf,8,[H:11][c:5]1[c:4]([c:3]([c:2]([c:7]([c:6]1[H:12])[H:13])[O:1][H:8])[H:9])[H:10],,
8,0.1558550740369828,RESP2,PW6B95/cc-pV(D+d)Z,,0.15,H,hf,9,[H:11][c:5]1[c:4]([c:3]([c:2]([c:7]([c:6]1[H:12])[H:13])[O:1][H:8])[H:9])[H:10],,
9,0.1151374289620759,RESP2,PW6B95/cc-pV(D+d)Z,,0.15,H,hf,10,[H:11][c:5]1[c:4]([c:3]([c:2]([c:7]([c:6]1[H:12])[H:13])[O:1][H:8])[H:9])[H:10],,
10,0.1250780977103469,RESP2,PW6B95/cc-pV(D+d)Z,,0.15,H,hf,11,[H:11][c:5]1[c:4]([c:3]([c:2]([c:7]([c:6]1[H:12])[H:13])[O:1][H:8])[H:9])[H:10],,
11,0.1136034530128122,RESP2,PW6B95/cc-pV(D+d)Z,,0.15,H,hf,12,[H:11][c:5]1[c:4]([c:3]([c:2]([c:7]([c:6]1[H:12])[H:13])[O:1][H:8])[H:9])[H:10],,
12,0.1394169066239431,RESP2,PW6B95/cc-pV(D+d)Z,,0.15,H,hf,13,[H:11][c:5]1[c:4]([c:3]([c:2]([c:7]([c:6]1[H:12])[H:13])[O:1][H:8])[H:9])[H:10],,
0,-0.5247216502589158,RESP2,PW6B95/cc-pV(D+d)Z,,0.2,O,hf,1,[H:11][c:5]1[c:4]([c:3]([c:2]([c:7]([c:6]1[H:12])[H:13])[O:1][H:8])[H:9])[H:10],,
1,0.3678557814010929,RESP2,PW6B95/cc-pV(D+d)Z,,0.2,C,hf,2,[H:11][c:5]1[c:4]([c:3]([c:2]([c:7]([c:6]1[H:12])[H:13])[O:1][H:8])[H:9])[H:10],,
2,-0.251979711614077,RESP2,PW6B95/cc-pV(D+d)Z,,0.2,C,hf,3,[H:11][c:5]1[c:4]([c:3]([c:2]([c:7]([c:6]1[H:12])[H:13])[O:1][H:8])[H:9])[H:10],,
3,-0.0715830767695289,RESP2,PW6B95/cc-pV(D+d)Z,,0.2,C,hf,4,[H:11][c:5]1[c:4]([c:3]([c:2]([c:7]([c:6]1[H:12])[H:13])[O:1][H:8])[H:9])[H:10],,
4,-0.1991104066509719,RESP2,PW6B95/cc-pV(D+d)Z,,0.2,C,hf,5,[H:11][c:5]1[c:4]([c:3]([c:2]([c:7]([c:6]1[H:12])[H:13])[O:1][H:8])[H:9])[H:10],,
5,-0.041858752170644,RESP2,PW6B95/cc-pV(D+d)Z,,0.2,C,hf,6,[H:11][c:5]1[c:4]([c:3]([c:2]([c:7]([c:6]1[H:12])[H:13])[O:1][H:8])[H:9])[H:10],,
6,-0.3267840714233543,RESP2,PW6B95/cc-pV(D+d)Z,,0.2,C,hf,7,[H:11][c:5]1[c:4]([c:3]([c:2]([c:7]([c:6]1[H:12])[H:13])[O:1][H:8])[H:9])[H:10],,
7,0.39781936266527,RESP2,PW6B95/cc-pV(D+d)Z,,0.2,H,hf,8,[H:11][c:5]1[c:4]([c:3]([c:2]([c:7]([c:6]1[H:12])[H:13])[O:1][H:8])[H:9])[H:10],,
8,0.156127223200957,RESP2,PW6B95/cc-pV(D+d)Z,,0.2,H,hf,9,[H:11][c:5]1[c:4]([c:3]([c:2]([c:7]([c:6]1[H:12])[H:13])[O:1][H:8])[H:9])[H:10],,
9,0.1154465119241208,RESP2,PW6B95/cc-pV(D+d)Z,,0.2,H,hf,10,[H:11][c:5]1[c:4]([c:3]([c:2]([c:7]([c:6]1[H:12])[H:13])[O:1][H:8])[H:9])[H:10],,
10,0.1253077194480492,RESP2,PW6B95/cc-pV(D+d)Z,,0.2,H,hf,11,[H:11][c:5]1[c:4]([c:3]([c:2]([c:7]([c:6]1[H:12])[H:13])[O:1][H:8])[H:9])[H:10],,
11,0.1137850634815997,RESP2,PW6B95/cc-pV(D+d)Z,,0.2,H,hf,12,[H:11][c:5]1[c:4]([c:3]([c:2]([c:7]([c:6]1[H:12])[H:13])[O:1][H:8])[H:9])[H:10],,
12,0.1396960067664022,RESP2,PW6B95/cc-pV(D+d)Z,,0.2,H,hf,13,[H:11][c:5]1[c:4]([c:3]([c:2]([c:7]([c:6]1[H:12])[H:13])[O:1][H:8])[H:9])[H:10],,
0,-0.5257676332990493,RESP2,PW6B95/cc-pV(D+d)Z,,0.25,O,hf,1,[H:11][c:5]1[c:4]([c:3]([c:2]([c:7]([c:6]1[H:12])[H:13])[O:1][H:8])[H:9])[H:10],,
1,0.367926708174793,RESP2,PW6B95/cc-pV(D+d)Z,,0.25,C,hf,2,[H:11][c:5]1[c:4]([c:3]([c:2]([c:7]([c:6]1[H:12])[H:13])[O:1][H:8])[H:9])[H:10],,
2,-0.2529056781216687,RESP2,PW6B95/cc-pV(D+d)Z,,0.25,C,hf,3,[H:11][c:5]1[c:4]([c:3]([c:2]([c:7]([c:6]1[H:12])[H:13])[O:1][H:8])[H:9])[H:10],,
3,-0.0716486596724739,RESP2,PW6B95/cc-pV(D+d)Z,,0.25,C,hf,4,[H:11][c:5]1[c:4]([c:3]([c:2]([c:7]([c:6]1[H:12])[H:13])[O:1][H:8])[H:9])[H:10],,
4,-0.1993804310117393,RESP2,PW6B95/cc-pV(D+d)Z,,0.25,C,hf,5,[H:11][c:5]1[c:4]([c:3]([c:2]([c:7]([c:6]1[H:12])[H:13])[O:1][H:8])[H:9])[H:10],,
5,-0.0418714853668119,RESP2,PW6B95/cc-pV(D+d)Z,,0.25,C,hf,6,[H:11][c:5]1[c:4]([c:3]([c:2]([c:7]([c:6]1[H:12])[H:13])[O:1][H:8])[H:9])[H:10],,
6,-0.3267653685365282,RESP2,PW6B95/cc-pV(D+d)Z,,0.25,C,hf,7,[H:11][c:5]1[c:4]([c:3]([c:2]([c:7]([c:6]1[H:12])[H:13])[O:1][H:8])[H:9])[H:10],,
7,0.3987784585373816,RESP2,PW6B95/cc-pV(D+d)Z,,0.25,H,hf,8,[H:11][c:5]1[c:4]([c:3]([c:2]([c:7]([c:6]1[H:12])[H:13])[O:1][H:8])[H:9])[H:10],,
8,0.1563993723649312,RESP2,PW6B95/cc-pV(D+d)Z,,0.25,H,hf,9,[H:11][c:5]1[c:4]([c:3]([c:2]([c:7]([c:6]1[H:12])[H:13])[O:1][H:8])[H:9])[H:10],,
9,0.1157555948861658,RESP2,PW6B95/cc-pV(D+d)Z,,0.25,H,hf,10,[H:11][c:5]1[c:4]([c:3]([c:2]([c:7]([c:6]1[H:12])[H:13])[O:1][H:8])[H:9])[H:10],,
10,0.1255373411857515,RESP2,PW6B95/cc-pV(D+d)Z,,0.25,H,hf,11,[H:11][c:5]1[c:4]([c:3]([c:2]([c:7]([c:6]1[H:12])[H:13])[O:1][H:8])[H:9])[H:10],,
11,0.1139666739503872,RESP2,PW6B95/cc-pV(D+d)Z,,0.25,H,hf,12,[H:11][c:5]1[c:4]([c:3]([c:2]([c:7]([c:6]1[H:12])[H:13])[O:1][H:8])[H:9])[H:10],,
12,0.1399751069088612,RESP2,PW6B95/cc-pV(D+d)Z,,0.25,H,hf,13,[H:11][c:5]1[c:4]([c:3]([c:2]([c:7]([c:6]1[H:12])[H:13])[O:1][H:8])[H:9])[H:10],,
0,-0.526813616339183,RESP2,PW6B95/cc-pV(D+d)Z,,0.3,O,hf,1,[H:11][c:5]1[c:4]([c:3]([c:2]([c:7]([c:6]1[H:12])[H:13])[O:1][H:8])[H:9])[H:10],,
1,0.3679976349484933,RESP2,PW6B95/cc-pV(D+d)Z,,0.3,C,hf,2,[H:11][c:5]1[c:4]([c:3]([c:2]([c:7]([c:6]1[H:12])[H:13])[O:1][H:8])[H:9])[H:10],,
2,-0.2538316446292605,RESP2,PW6B95/cc-pV(D+d)Z,,0.3,C,hf,3,[H:11][c:5]1[c:4]([c:3]([c:2]([c:7]([c:6]1[H:12])[H:13])[O:1][H:8])[H:9])[H:10],,
3,-0.0717142425754189,RESP2,PW6B95/cc-pV(D+d)Z,,0.3,C,hf,4,[H:11][c:5]1[c:4]([c:3]([c:2]([c:7]([c:6]1[H:12])[H:13])[O:1][H:8])[H:9])[H:10],,
4,-0.1996504553725068,RESP2,PW6B95/cc-pV(D+d)Z,,0.3,C,hf,5,[H:11][c:5]1[c:4]([c:3]([c:2]([c:7]([c:6]1[H:12])[H:13])[O:1][H:8])[H:9])[H:10],,
5,-0.0418842185629798,RESP2,PW6B95/cc-pV(D+d)Z,,0.3,C,hf,6,[H:11][c:5]1[c:4]([c:3]([c:2]([c:7]([c:6]1[H:12])[H:13])[O:1][H:8])[H:9])[H:10],,
6,-0.3267466656497023,RESP2,PW6B95/cc-pV(D+d)Z,,0.3,C,hf,7,[H:11][c:5]1[c:4]([c:3]([c:2]([c:7]([c:6]1[H:12])[H:13])[O:1][H:8])[H:9])[H:10],,
7,0.399737554409493,RESP2,PW6B95/cc-pV(D+d)Z,,0.3,H,hf,8,[H:11][c:5]1[c:4]([c:3]([c:2]([c:7]([c:6]1[H:12])[H:13])[O:1][H:8])[H:9])[H:10],,
8,0.1566715215289054,RESP2,PW6B95/cc-pV(D+d)Z,,0.3,H,hf,9,[H:11][c:5]1[c:4]([c:3]([c:2]([c:7]([c:6]1[H:12])[H:13])[O:1][H:8])[H:9])[H:10],,
9,0.1160646778482107,RESP2,PW6B95/cc-pV(D+d)Z,,0.3,H,hf,10,[H:11][c:5]1[c:4]([c:3]([c:2]([c:7]([c:6]1[H:12])[H:13])[O:1][H:8])[H:9])[H:10],,
10,0.1257669629234538,RESP2,PW6B95/cc-pV(D+d)Z,,0.3,H,hf,11,[H:11][c:5]1[c:4]([c:3]([c:2]([c:7]([c:6]1[H:12])[H:13])[O:1][H:8])[H:9])[H:10],,
11,0.1141482844191748,RESP2,PW6B95/cc-pV(D+d)Z,,0.3,H,hf,12,[H:11][c:5]1[c:4]([c:3]([c:2]([c:7]([c:6]1[H:12])[H:13])[O:1][H:8])[H:9])[H:10],,
12,0.1402542070513202,RESP2,PW6B95/cc-pV(D+d)Z,,0.3,H,hf,13,[H:11][c:5]1[c:4]([c:3]([c:2]([c:7]([c:6]1[H:12])[H:13])[O:1][H:8])[H:9])[H:10],,
0,-0.5278595993793165,RESP2,PW6B95/cc-pV(D+d)Z,,0.35,O,hf,1,[H:11][c:5]1[c:4]([c:3]([c:2]([c:7]([c:6]1[H:12])[H:13])[O:1][H:8])[H:9])[H:10],,
1,0.3680685617221934,RESP2,PW6B95/cc-pV(D+d)Z,,0.35,C,hf,2,[H:11][c:5]1[c:4]([c:3]([c:2]([c:7]([c:6]1[H:12])[H:13])[O:1][H:8])[H:9])[H:10],,
2,-0.2547576111368523,RESP2,PW6B95/cc-pV(D+d)Z,,0.35,C,hf,3,[H:11][c:5]1[c:4]([c:3]([c:2]([c:7]([c:6]1[H:12])[H:13])[O:1][H:8])[H:9])[H:10],,
3,-0.0717798254783639,RESP2,PW6B95/cc-pV(D+d)Z,,0.35,C,hf,4,[H:11][c:5]1[c:4]([c:3]([c:2]([c:7]([c:6]1[H:12])[H:13])[O:1][H:8])[H:9])[H:10],,
4,-0.1999204797332743,RESP2,PW6B95/cc-pV(D+d)Z,,0.35,C,hf,5,[H:11][c:5]1[c:4]([c:3]([c:2]([c:7]([c:6]1[H:12])[H:13])[O:1][H:8])[H:9])[H:10],,
5,-0.0418969517591477,RESP2,PW6B95/cc-pV(D+d)Z,,0.35,C,hf,6,[H:11][c:5]1[c:4]([c:3]([c:2]([c:7]([c:6]1[H:12])[H:13])[O:1][H:8])[H:9])[H:10],,
6,-0.3267279627628762,RESP2,PW6B95/cc-pV(D+d)Z,,0.35,C,hf,7,[H:11][c:5]1[c:4]([c:3]([c:2]([c:7]([c:6]1[H:12])[H:13])[O:1][H:8])[H:9])[H:10],,
7,0.4006966502816044,RESP2,PW6B95/cc-pV(D+d)Z,,0.35,H,hf,8,[H:11][c:5]1[c:4]([c:3]([c:2]([c:7]([c:6]1[H:12])[H:13])[O:1][H:8])[H:9])[H:10],,
8,0.1569436706928796,RESP2,PW6B95/cc-pV(D+d)Z,,0.35,H,hf,9,[H:11][c:5]1[c:4]([c:3]([c:2]([c:7]([c:6]1[H:12])[H:13])[O:1][H:8])[H:9])[H:10],,
9,0.1163737608102557,RESP2,PW6B95/cc-pV(D+d)Z,,0.35,H,hf,10,[H:11][c:5]1[c:4]([c:3]([c:2]([c:7]([c:6]1[H:12])[H:13])[O:1][H:8])[H:9])[H:10],,
10,0.1259965846611561,RESP2,PW6B95/cc-pV(D+d)Z,,0.35,H,hf,11,[H:11][c:5]1[c:4]([c:3]([c:2]([c:7]([c:6]1[H:12])[H:13])[O:1][H:8])[H:9])[H:10],,
11,0.1143298948879623,RESP2,PW6B95/cc-pV(D+d)Z,,0.35,H,hf,12,[H:11][c:5]1[c:4]([c:3]([c:2]([c:7]([c:6]1[H:12])[H:13])[O:1][H:8])[H:9])[H:10],,
12,0.1405333071937792,RESP2,PW6B95/cc-pV(D+d)Z,,0.35,H,hf,13,[H:11][c:5]1[c:4]([c:3]([c:2]([c:7]([c:6]1[H:12])[H:13])[O:1][H:8])[H:9])[H:10],,
0,-0.5289055824194501,RESP2,PW6B95/cc-pV(D+d)Z,,0.4,O,hf,1,[H:11][c:5]1[c:4]([c:3]([c:2]([c:7]([c:6]1[H:12])[H:13])[O:1][H:8])[H:9])[H:10],,
1,0.3681394884958936,RESP2,PW6B95/cc-pV(D+d)Z,,0.4,C,hf,2,[H:11][c:5]1[c:4]([c:3]([c:2]([c:7]([c:6]1[H:12])[H:13])[O:1][H:8])[H:9])[H:10],,
2,-0.255683577644444,RESP2,PW6B95/cc-pV(D+d)Z,,0.4,C,hf,3,[H:11][c:5]1[c:4]([c:3]([c:2]([c:7]([c:6]1[H:12])[H:13])[O:1][H:8])[H:9])[H:10],,
3,-0.0718454083813089,RESP2,PW6B95/cc-pV(D+d)Z,,0.4,C,hf,4,[H:11][c:5]1[c:4]([c:3]([c:2]([c:7]([c:6]1[H:12])[H:13])[O:1][H:8])[H:9])[H:10],,
4,-0.2001905040940418,RESP2,PW6B95/cc-pV(D+d)Z,,0.4,C,hf,5,[H:11][c:5]1[c:4]([c:3]([c:2]([c:7]([c:6]1[H:12])[H:13])[O:1][H:8])[H:9])[H:10],,
5,-0.0419096849553156,RESP2,PW6B95/cc-pV(D+d)Z,,0.4,C,hf,6,[H:11][c:5]1[c:4]([c:3]([c:2]([c:7]([c:6]1[H:12])[H:13])[O:1][H:8])[H:9])[H:10],,
6,-0.3267092598760502,RESP2,PW6B95/cc-pV(D+d)Z,,0.4,C,hf,7,[H:11][c:5]1[c:4]([c:3]([c:2]([c:7]([c:6]1[H:12])[H:13])[O:1][H:8])[H:9])[H:10],,
7,0.401655746153716,RESP2,PW6B95/cc-pV(D+d)Z,,0.4,H,hf,8,[H:11][c:5]1[c:4]([c:3]([c:2]([c:7]([c:6]1[H:12])[H:13])[O:1][H:8])[H:9])[H:10],,
8,0.1572158198568538,RESP2,PW6B95/cc-pV(D+d)Z,,0.4,H,hf,9,[H:11][c:5]1[c:4]([c:3]([c:2]([c:7]([c:6]1[H:12])[H:13])[O:1][H:8])[H:9])[H:10],,
9,0.1166828437723006,RESP2,PW6B95/cc-pV(D+d)Z,,0.4,H,hf,10,[H:11][c:5]1[c:4]([c:3]([c:2]([c:7]([c:6]1[H:12])[H:13])[O:1][H:8])[H:9])[H:10],,
10,0.1262262063988584,RESP2,PW6B95/cc-pV(D+d)Z,,0.4,H,hf,11,[H:11][c:5]1[c:4]([c:3]([c:2]([c:7]([c:6]1[H:12])[H:13])[O:1][H:8])[H:9])[H:10],,
11,0.1145115053567498,RESP2,PW6B95/cc-pV(D+d)Z,,0.4,H,hf,12,[H:11][c:5]1[c:4]([c:3]([c:2]([c:7]([c:6]1[H:12])[H:13])[O:1][H:8])[H:9])[H:10],,
12,0.1408124073362382,RESP2,PW6B95/cc-pV(D+d)Z,,0.4,H,hf,13,[H:11][c:5]1[c:4]([c:3]([c:2]([c:7]([c:6]1[H:12])[H:13])[O:1][H:8])[H:9])[H:10],,
0,-0.5299515654595837,RESP2,PW6B95/cc-pV(D+d)Z,,0.45,O,hf,1,[H:11][c:5]1[c:4]([c:3]([c:2]([c:7]([c:6]1[H:12])[H:13])[O:1][H:8])[H:9])[H:10],,
1,0.3682104152695939,RESP2,PW6B95/cc-pV(D+d)Z,,0.45,C,hf,2,[H:11][c:5]1[c:4]([c:3]([c:2]([c:7]([c:6]1[H:12])[H:13])[O:1][H:8])[H:9])[H:10],,
2,-0.2566095441520358,RESP2,PW6B95/cc-pV(D+d)Z,,0.45,C,hf,3,[H:11][c:5]1[c:4]([c:3]([c:2]([c:7]([c:6]1[H:12])[H:13])[O:1][H:8])[H:9])[H:10],,
3,-0.071910991284254,RESP2,PW6B95/cc-pV(D+d)Z,,0.45,C,hf,4,[H:11][c:5]1[c:4]([c:3]([c:2]([c:7]([c:6]1[H:12])[H:13])[O:1][H:8])[H:9])[H:10],,
4,-0.2004605284548093,RESP2,PW6B95/cc-pV(D+d)Z,,0.45,C,hf,5,[H:11][c:5]1[c:4]([c:3]([c:2]([c:7]([c:6]1[H:12])[H:13])[O:1][H:8])[H:9])[H:10],,
5,-0.0419224181514835,RESP2,PW6B95/cc-pV(D+d)Z,,0.45,C,hf,6,[H:11][c:5]1[c:4]([c:3]([c:2]([c:7]([c:6]1[H:12])[H:13])[O:1][H:8])[H:9])[H:10],,
6,-0.3266905569892243,RESP2,PW6B95/cc-pV(D+d)Z,,0.45,C,hf,7,[H:11][c:5]1[c:4]([c:3]([c:2]([c:7]([c:6]1[H:12])[H:13])[O:1][H:8])[H:9])[H:10],,
7,0.4026148420258276,RESP2,PW6B95/cc-pV(D+d)Z,,0.45,H,hf,8,[H:11][c:5]1[c:4]([c:3]([c:2]([c:7]([c:6]1[H:12])[H:13])[O:1][H:8])[H:9])[H:10],,
8,0.157487969020828,RESP2,PW6B95/cc-pV(D+d)Z,,0.45,H,hf,9,[H:11][c:5]1[c:4]([c:3]([c:2]([c:7]([c:6]1[H:12])[H:13])[O:1][H:8])[H:9])[H:10],,
9,0.1169919267343456,RESP2,PW6B95/cc-pV(D+d)Z,,0.45,H,hf,10,[H:11][c:5]1[c:4]([c:3]([c:2]([c:7]([c:6]1[H:12])[H:13])[O:1][H:8])[H:9])[H:10],,
10,0.1264558281365607,RESP2,PW6B95/cc-pV(D+d)Z,,0.45,H,hf,11,[H:11][c:5]1[c:4]([c:3]([c:2]([c:7]([c:6]1[H:12])[H:13])[O:1][H:8])[H:9])[H:10],,
11,0.1146931158255373,RESP2,PW6B95/cc-pV(D+d)Z,,0.45,H,hf,12,[H:11][c:5]1[c:4]([c:3]([c:2]([c:7]([c:6]1[H:12])[H:13])[O:1][H:8])[H:9])[H:10],,
12,0.1410915074786973,RESP2,PW6B95/cc-pV(D+d)Z,,0.45,H,hf,13,[H:11][c:5]1[c:4]([c:3]([c:2]([c:7]([c:6]1[H:12])[H:13])[O:1][H:8])[H:9])[H:10],,
0,-0.5309975484997171,RESP2,PW6B95/cc-pV(D+d)Z,,0.5,O,hf,1,[H:11][c:5]1[c:4]([c:3]([c:2]([c:7]([c:6]1[H:12])[H:13])[O:1][H:8])[H:9])[H:10],,
1,0.3682813420432941,RESP2,PW6B95/cc-pV(D+d)Z,,0.5,C,hf,2,[H:11][c:5]1[c:4]([c:3]([c:2]([c:7]([c:6]1[H:12])[H:13])[O:1][H:8])[H:9])[H:10],,
2,-0.2575355106596276,RESP2,PW6B95/cc-pV(D+d)Z,,0.5,C,hf,3,[H:11][c:5]1[c:4]([c:3]([c:2]([c:7]([c:6]1[H:12])[H:13])[O:1][H:8])[H:9])[H:10],,
3,-0.071976574187199,RESP2,PW6B95/cc-pV(D+d)Z,,0.5,C,hf,4,[H:11][c:5]1[c:4]([c:3]([c:2]([c:7]([c:6]1[H:12])[H:13])[O:1][H:8])[H:9])[H:10],,
4,-0.2007305528155768,RESP2,PW6B95/cc-pV(D+d)Z,,0.5,C,hf,5,[H:11][c:5]1[c:4]([c:3]([c:2]([c:7]([c:6]1[H:12])[H:13])[O:1][H:8])[H:9])[H:10],,
5,-0.0419351513476513,RESP2,PW6B95/cc-pV(D+d)Z,,0.5,C,hf,6,[H:11][c:5]1[c:4]([c:3]([c:2]([c:7]([c:6]1[H:12])[H:13])[O:1][H:8])[H:9])[H:10],,
6,-0.3266718541023982,RESP2,PW6B95/cc-pV(D+d)Z,,0.5,C,hf,7,[H:11][c:5]1[c:4]([c:3]([c:2]([c:7]([c:6]1[H:12])[H:13])[O:1][H:8])[H:9])[H:10],,
7,0.403573937897939,RESP2,PW6B95/cc-pV(D+d)Z,,0.5,H,hf,8,[H:11][c:5]1[c:4]([c:3]([c:2]([c:7]([c:6]1[H:12])[H:13])[O:1][H:8])[H:9])[H:10],,
8,0.1577601181848022,RESP2,PW6B95/cc-pV(D+d)Z,,0.5,H,hf,9,[H:11][c:5]1[c:4]([c:3]([c:2]([c:7]([c:6]1[H:12])[H:13])[O:1][H:8])[H:9])[H:10],,
9,0.1173010096963906,RESP2,PW6B95/cc-pV(D+d)Z,,0.5,H,hf,10,[H:11][c:5]1[c:4]([c:3]([c:2]([c:7]([c:6]1[H:12])[H:13])[O:1][H:8])[H:9])[H:10],,
10,0.1266854498742629,RESP2,PW6B95/cc-pV(D+d)Z,,0.5,H,hf,11,[H:11][c:5]1[c:4]([c:3]([c:2]([c:7]([c:6]1[H:12])[H:13])[O:1][H:8])[H:9])[H:10],,
11,0.1148747262943248,RESP2,PW6B95/cc-pV(D+d)Z,,0.5,H,hf,12,[H:11][c:5]1[c:4]([c:3]([c:2]([c:7]([c:6]1[H:12])[H:13])[O:1][H:8])[H:9])[H:10],,
12,0.1413706076211563,RESP2,PW6B95/cc-pV(D+d)Z,,0.5,H,hf,13,[H:11][c:5]1[c:4]([c:3]([c:2]([c:7]([c:6]1[H:12])[H:13])[O:1][H:8])[H:9])[H:10],,
0,-0.5320435315398507,RESP2,PW6B95/cc-pV(D+d)Z,,0.55,O,hf,1,[H:11][c:5]1[c:4]([c:3]([c:2]([c:7]([c:6]1[H:12])[H:13])[O:1][H:8])[H:9])[H:10],,
1,0.3683522688169943,RESP2,PW6B95/cc-pV(D+d)Z,,0.55,C,hf,2,[H:11][c:5]1[c:4]([c:3]([c:2]([c:7]([c:6]1[H:12])[H:13])[O:1][H:8])[H:9])[H:10],,
2,-0.2584614771672193,RESP2,PW6B95/cc-pV(D+d)Z,,0.55,C,hf,3,[H:11][c:5]1[c:4]([c:3]([c:2]([c:7]([c:6]1[H:12])[H:13])[O:1][H:8])[H:9])[H:10],,
3,-0.072042157090144,RESP2,PW6B95/cc-pV(D+d)Z,,0.55,C,hf,4,[H:11][c:5]1[c:4]([c:3]([c:2]([c:7]([c:6]1[H:12])[H:13])[O:1][H:8])[H:9])[H:10],,
4,-0.2010005771763442,RESP2,PW6B95/cc-pV(D+d)Z,,0.55,C,hf,5,[H:11][c:5]1[c:4]([c:3]([c:2]([c:7]([c:6]1[H:12])[H:13])[O:1][H:8])[H:9])[H:10],,
5,-0.0419478845438192,RESP2,PW6B95/cc-pV(D+d)Z,,0.55,C,hf,6,[H:11][c:5]1[c:4]([c:3]([c:2]([c:7]([c:6]1[H:12])[H:13])[O:1][H:8])[H:9])[H:10],,
6,-0.3266531512155722,RESP2,PW6B95/cc-pV(D+d)Z,,0.55,C,hf,7,[H:11][c:5]1[c:4]([c:3]([c:2]([c:7]([c:6]1[H:12])[H:13])[O:1][H:8])[H:9])[H:10],,
7,0.4045330337700505,RESP2,PW6B95/cc-pV(D+d)Z,,0.55,H,hf,8,[H:11][c:5]1[c:4]([c:3]([c:2]([c:7]([c:6]1[H:12])[H:13])[O:1][H:8])[H:9])[H:10],,
8,0.1580322673487764,RESP2,PW6B95/cc-pV(D+d)Z,,0.55,H,hf,9,[H:11][c:5]1[c:4]([c:3]([c:2]([c:7]([c:6]1[H:12])[H:13])[O:1][H:8])[H:9])[H:10],,
9,0.1176100926584355,RESP2,PW6B95/cc-pV(D+d)Z,,0.55,H,hf,10,[H:11][c:5]1[c:4]([c:3]([c:2]([c:7]([c:6]1[H:12])[H:13])[O:1][H:8])[H:9])[H:10],,
10,0.1269150716119652,RESP2,PW6B95/cc-pV(D+d)Z,,0.55,H,hf,11,[H:11][c:5]1[c:4]([c:3]([c:2]([c:7]([c:6]1[H:12])[H:13])[O:1][H:8])[H:9])[H:10],,
11,0.1150563367631124,RESP2,PW6B95/cc-pV(D+d)Z,,0.55,H,hf,12,[H:11][c:5]1[c:4]([c:3]([c:2]([c:7]([c:6]1[H:12])[H:13])[O:1][H:8])[H:9])[H:10],,
12,0.1416497077636153,RESP2,PW6B95/cc-pV(D+d)Z,,0.55,H,hf,13,[H:11][c:5]1[c:4]([c:3]([c:2]([c:7]([c:6]1[H:12])[H:13])[O:1][H:8])[H:9])[H:10],,
0,-0.5330895145799842,RESP2,PW6B95/cc-pV(D+d)Z,,0.6000000000000001,O,hf,1,[H:11][c:5]1[c:4]([c:3]([c:2]([c:7]([c:6]1[H:12])[H:13])[O:1][H:8])[H:9])[H:10],,
1,0.3684231955906944,RESP2,PW6B95/cc-pV(D+d)Z,,0.6000000000000001,C,hf,2,[H:11][c:5]1[c:4]([c:3]([c:2]([c:7]([c:6]1[H:12])[H:13])[O:1][H:8])[H:9])[H:10],,
2,-0.2593874436748111,RESP2,PW6B95/cc-pV(D+d)Z,,0.6000000000000001,C,hf,3,[H:11][c:5]1[c:4]([c:3]([c:2]([c:7]([c:6]1[H:12])[H:13])[O:1][H:8])[H:9])[H:10],,
3,-0.072107739993089,RESP2,PW6B95/cc-pV(D+d)Z,,0.6000000000000001,C,hf,4,[H:11][c:5]1[c:4]([c:3]([c:2]([c:7]([c:6]1[H:12])[H:13])[O:1][H:8])[H:9])[H:10],,
4,-0.2012706015371117,RESP2,PW6B95/cc-pV(D+d)Z,,0.6000000000000001,C,hf,5,[H:11][c:5]1[c:4]([c:3]([c:2]([c:7]([c:6]1[H:12])[H:13])[O:1][H:8])[H:9])[H:10],,
5,-0.0419606177399871,RESP2,PW6B95/cc-pV(D+d)Z,,0.6000000000000001,C,hf,6,[H:11][c:5]1[c:4]([c:3]([c:2]([c:7]([c:6]1[H:12])[H:13])[O:1][H:8])[H:9])[H:10],,
6,-0.3266344483287462,RESP2,PW6B95/cc-pV(D+d)Z,,0.6000000000000001,C,hf,7,[H:11][c:5]1[c:4]([c:3]([c:2]([c:7]([c:6]1[H:12])[H:13])[O:1][H:8])[H:9])[H:10],,
7,0.405492129642162,RESP2,PW6B95/cc-pV(D+d)Z,,0.6000000000000001,H,hf,8,[H:11][c:5]1[c:4]([c:3]([c:2]([c:7]([c:6]1[H:12])[H:13])[O:1][H:8])[H:9])[H:10],,
8,0.1583044165127506,RESP2,PW6B95/cc-pV(D+d)Z,,0.6000000000000001,H,hf,9,[H:11][c:5]1[c:4]([c:3]([c:2]([c:7]([c:6]1[H:12])[H:13])[O:1][H:8])[H:9])[H:10],,
9,0.1179191756204805,RESP2,PW6B95/cc-pV(D+d)Z,,0.6000000000000001,H,hf,10,[H:11][c:5]1[c:4]([c:3]([c:2]([c:7]([c:6]1[H:12])[H:13])[O:1][H:8])[H:9])[H:10],,
10,0.1271446933496675,RESP2,PW6B95/cc-pV(D+d)Z,,0.6000000000000001,H,hf,11,[H:11][c:5]1[c:4]([c:3]([c:2]([c:7]([c:6]1[H:12])[H:13])[O:1][H:8])[H:9])[H:10],,
11,0.1152379472318999,RESP2,PW6B95/cc-pV(D+d)Z,,0.6000000000000001,H,hf,12,[H:11][c:5]1[c:4]([c:3]([c:2]([c:7]([c:6]1[H:12])[H:13])[O:1][H:8])[H:9])[H:10],,
12,0.1419288079060743,RESP2,PW6B95/cc-pV(D+d)Z,,0.6000000000000001,H,hf,13,[H:11][c:5]1[c:4]([c:3]([c:2]([c:7]([c:6]1[H:12])[H:13])[O:1][H:8])[H:9])[H:10],,
0,-0.5341354976201179,RESP2,PW6B95/cc-pV(D+d)Z,,0.65,O,hf,1,[H:11][c:5]1[c:4]([c:3]([c:2]([c:7]([c:6]1[H:12])[H:13])[O:1][H:8])[H:9])[H:10],,
1,0.3684941223643946,RESP2,PW6B95/cc-pV(D+d)Z,,0.65,C,hf,2,[H:11][c:5]1[c:4]([c:3]([c:2]([c:7]([c:6]1[H:12])[H:13])[O:1][H:8])[H:9])[H:10],,
2,-0.2603134101824029,RESP2,PW6B95/cc-pV(D+d)Z,,0.65,C,hf,3,[H:11][c:5]1[c:4]([c:3]([c:2]([c:7]([c:6]1[H:12])[H:13])[O:1][H:8])[H:9])[H:10],,
3,-0.072173322896034,RESP2,PW6B95/cc-pV(D+d)Z,,0.65,C,hf,4,[H:11][c:5]1[c:4]([c:3]([c:2]([c:7]([c:6]1[H:12])[H:13])[O:1][H:8])[H:9])[H:10],,
4,-0.2015406258978792,RESP2,PW6B95/cc-pV(D+d)Z,,0.65,C,hf,5,[H:11][c:5]1[c:4]([c:3]([c:2]([c:7]([c:6]1[H:12])[H:13])[O:1][H:8])[H:9])[H:10],,
5,-0.0419733509361549,RESP2,PW6B95/cc-pV(D+d)Z,,0.65,C,hf,6,[H:11][c:5]1[c:4]([c:3]([c:2]([c:7]([c:6]1[H:12])[H:13])[O:1][H:8])[H:9])[H:10],,
6,-0.3266157454419202,RESP2,PW6B95/cc-pV(D+d)Z,,0.65,C,hf,7,[H:11][c:5]1[c:4]([c:3]([c:2]([c:7]([c:6]1[H:12])[H:13])[O:1][H:8])[H:9])[H:10],,
7,0.4064512255142735,RESP2,PW6B95/cc-pV(D+d)Z,,0.65,H,hf,8,[H:11][c:5]1[c:4]([c:3]([c:2]([c:7]([c:6]1[H:12])[H:13])[O:1][H:8])[H:9])[H:10],,
8,0.1585765656767248,RESP2,PW6B95/cc-pV(D+d)Z,,0.65,H,hf,9,[H:11][c:5]1[c:4]([c:3]([c:2]([c:7]([c:6]1[H:12])[H:13])[O:1][H:8])[H:9])[H:10],,
9,0.1182282585825254,RESP2,PW6B95/cc-pV(D+d)Z,,0.65,H,hf,10,[H:11][c:5]1[c:4]([c:3]([c:2]([c:7]([c:6]1[H:12])[H:13])[O:1][H:8])[H:9])[H:10],,
10,0.1273743150873698,RESP2,PW6B95/cc-pV(D+d)Z,,0.65,H,hf,11,[H:11][c:5]1[c:4]([c:3]([c:2]([c:7]([c:6]1[H:12])[H:13])[O:1][H:8])[H:9])[H:10],,
11,0.1154195577006874,RESP2,PW6B95/cc-pV(D+d)Z,,0.65,H,hf,12,[H:11][c:5]1[c:4]([c:3]([c:2]([c:7]([c:6]1[H:12])[H:13])[O:1][H:8])[H:9])[H:10],,
12,0.1422079080485334,RESP2,PW6B95/cc-pV(D+d)Z,,0.65,H,hf,13,[H:11][c:5]1[c:4]([c:3]([c:2]([c:7]([c:6]1[H:12])[H:13])[O:1][H:8])[H:9])[H:10],,
0,-0.5351814806602513,RESP2,PW6B95/cc-pV(D+d)Z,,0.7000000000000001,O,hf,1,[H:11][c:5]1[c:4]([c:3]([c:2]([c:7]([c:6]1[H:12])[H:13])[O:1][H:8])[H:9])[H:10],,
1,0.3685650491380949,RESP2,PW6B95/cc-pV(D+d)Z,,0.7000000000000001,C,hf,2,[H:11][c:5]1[c:4]([c:3]([c:2]([c:7]([c:6]1[H:12])[H:13])[O:1][H:8])[H:9])[H:10],,
2,-0.2612393766899946,RESP2,PW6B95/cc-pV(D+d)Z,,0.7000000000000001,C,hf,3,[H:11][c:5]1[c:4]([c:3]([c:2]([c:7]([c:6]1[H:12])[H:13])[O:1][H:8])[H:9])[H:10],,
3,-0.072238905798979,RESP2,PW6B95/cc-pV(D+d)Z,,0.7000000000000001,C,hf,4,[H:11][c:5]1[c:4]([c:3]([c:2]([c:7]([c:6]1[H:12])[H:13])[O:1][H:8])[H:9])[H:10],,
4,-0.2018106502586467,RESP2,PW6B95/cc-pV(D+d)Z,,0.7000000000000001,C,hf,5,[H:11][c:5]1[c:4]([c:3]([c:2]([c:7]([c:6]1[H:12])[H:13])[O:1][H:8])[H:9])[H:10],,
5,-0.0419860841323228,RESP2,PW6B95/cc-pV(D+d)Z,,0.7000000000000001,C,hf,6,[H:11][c:5]1[c:4]([c:3]([c:2]([c:7]([c:6]1[H:12])[H:13])[O:1][H:8])[H:9])[H:10],,
6,-0.3265970425550941,RESP2,PW6B95/cc-pV(D+d)Z,,0.7000000000000001,C,hf,7,[H:11][c:5]1[c:4]([c:3]([c:2]([c:7]([c:6]1[H:12])[H:13])[O:1][H:8])[H:9])[H:10],,
7,0.407410321386385,RESP2,PW6B95/cc-pV(D+d)Z,,0.7000000000000001,H,hf,8,[H:11][c:5]1[c:4]([c:3]([c:2]([c:7]([c:6]1[H:12])[H:13])[O:1][H:8])[H:9])[H:10],,
8,0.1588487148406991,RESP2,PW6B95/cc-pV(D+d)Z,,0.7000000000000001,H,hf,9,[H:11][c:5]1[c:4]([c:3]([c:2]([c:7]([c:6]1[H:12])[H:13])[O:1][H:8])[H:9])[H:10],,
9,0.1185373415445704,RESP2,PW6B95/cc-pV(D+d)Z,,0.7000000000000001,H,hf,10,[H:11][c:5]1[c:4]([c:3]([c:2]([c:7]([c:6]1[H:12])[H:13])[O:1][H:8])[H:9])[H:10],,
10,0.1276039368250721,RESP2,PW6B95/cc-pV(D+d)Z,,0.7000000000000001,H,hf,11,[H:11][c:5]1[c:4]([c:3]([c:2]([c:7]([c:6]1[H:12])[H:13])[O:1][H:8])[H:9])[H:10],,
11,0.1156011681694749,RESP2,PW6B95/cc-pV(D+d)Z,,0.7000000000000001,H,hf,12,[H:11][c:5]1[c:4]([c:3]([c:2]([c:7]([c:6]1[H:12])[H:13])[O:1][H:8])[H:9])[H:10],,
12,0.1424870081909924,RESP2,PW6B95/cc-pV(D+d)Z,,0.7000000000000001,H,hf,13,[H:11][c:5]1[c:4]([c:3]([c:2]([c:7]([c:6]1[H:12])[H:13])[O:1][H:8])[H:9])[H:10],,
0,-0.536227463700385,RESP2,PW6B95/cc-pV(D+d)Z,,0.75,O,hf,1,[H:11][c:5]1[c:4]([c:3]([c:2]([c:7]([c:6]1[H:12])[H:13])[O:1][H:8])[H:9])[H:10],,
1,0.3686359759117951,RESP2,PW6B95/cc-pV(D+d)Z,,0.75,C,hf,2,[H:11][c:5]1[c:4]([c:3]([c:2]([c:7]([c:6]1[H:12])[H:13])[O:1][H:8])[H:9])[H:10],,
2,-0.2621653431975864,RESP2,PW6B95/cc-pV(D+d)Z,,0.75,C,hf,3,[H:11][c:5]1[c:4]([c:3]([c:2]([c:7]([c:6]1[H:12])[H:13])[O:1][H:8])[H:9])[H:10],,
3,-0.0723044887019241,RESP2,PW6B95/cc-pV(D+d)Z,,0.75,C,hf,4,[H:11][c:5]1[c:4]([c:3]([c:2]([c:7]([c:6]1[H:12])[H:13])[O:1][H:8])[H:9])[H:10],,
4,-0.2020806746194142,RESP2,PW6B95/cc-pV(D+d)Z,,0.75,C,hf,5,[H:11][c:5]1[c:4]([c:3]([c:2]([c:7]([c:6]1[H:12])[H:13])[O:1][H:8])[H:9])[H:10],,
5,-0.0419988173284907,RESP2,PW6B95/cc-pV(D+d)Z,,0.75,C,hf,6,[H:11][c:5]1[c:4]([c:3]([c:2]([c:7]([c:6]1[H:12])[H:13])[O:1][H:8])[H:9])[H:10],,
6,-0.3265783396682681,RESP2,PW6B95/cc-pV(D+d)Z,,0.75,C,hf,7,[H:11][c:5]1[c:4]([c:3]([c:2]([c:7]([c:6]1[H:12])[H:13])[O:1][H:8])[H:9])[H:10],,
7,0.4083694172584965,RESP2,PW6B95/cc-pV(D+d)Z,,0.75,H,hf,8,[H:11][c:5]1[c:4]([c:3]([c:2]([c:7]([c:6]1[H:12])[H:13])[O:1][H:8])[H:9])[H:10],,
8,0.1591208640046733,RESP2,PW6B95/cc-pV(D+d)Z,,0.75,H,hf,9,[H:11][c:5]1[c:4]([c:3]([c:2]([c:7]([c:6]1[H:12])[H:13])[O:1][H:8])[H:9])[H:10],,
9,0.1188464245066154,RESP2,PW6B95/cc-pV(D+d)Z,,0.75,H,hf,10,[H:11][c:5]1[c:4]([c:3]([c:2]([c:7]([c:6]1[H:12])[H:13])[O:1][H:8])[H:9])[H:10],,
10,0.1278335585627744,RESP2,PW6B95/cc-pV(D+d)Z,,0.75,H,hf,11,[H:11][c:5]1[c:4]([c:3]([c:2]([c:7]([c:6]1[H:12])[H:13])[O:1][H:8])[H:9])[H:10],,
11,0.1157827786382624,RESP2,PW6B95/cc-pV(D+d)Z,,0.75,H,hf,12,[H:11][c:5]1[c:4]([c:3]([c:2]([c:7]([c:6]1[H:12])[H:13])[O:1][H:8])[H:9])[H:10],,
12,0.1427661083334514,RESP2,PW6B95/cc-pV(D+d)Z,,0.75,H,hf,13,[H:11][c:5]1[c:4]([c:3]([c:2]([c:7]([c:6]1[H:12])[H:13])[O:1][H:8])[H:9])[H:10],,
0,-0.5372734467405186,RESP2,PW6B95/cc-pV(D+d)Z,,0.8,O,hf,1,[H:11][c:5]1[c:4]([c:3]([c:2]([c:7]([c:6]1[H:12])[H:13])[O:1][H:8])[H:9])[H:10],,
1,0.3687069026854953,RESP2,PW6B95/cc-pV(D+d)Z,,0.8,C,hf,2,[H:11][c:5]1[c:4]([c:3]([c:2]([c:7]([c:6]1[H:12])[H:13])[O:1][H:8])[H:9])[H:10],,
2,-0.2630913097051781,RESP2,PW6B95/cc-pV(D+d)Z,,0.8,C,hf,3,[H:11][c:5]1[c:4]([c:3]([c:2]([c:7]([c:6]1[H:12])[H:13])[O:1][H:8])[H:9])[H:10],,
3,-0.0723700716048691,RESP2,PW6B95/cc-pV(D+d)Z,,0.8,C,hf,4,[H:11][c:5]1[c:4]([c:3]([c:2]([c:7]([c:6]1[H:12])[H:13])[O:1][H:8])[H:9])[H:10],,
4,-0.2023506989801816,RESP2,PW6B95/cc-pV(D+d)Z,,0.8,C,hf,5,[H:11][c:5]1[c:4]([c:3]([c:2]([c:7]([c:6]1[H:12])[H:13])[O:1][H:8])[H:9])[H:10],,
5,-0.0420115505246586,RESP2,PW6B95/cc-pV(D+d)Z,,0.8,C,hf,6,[H:11][c:5]1[c:4]([c:3]([c:2]([c:7]([c:6]1[H:12])[H:13])[O:1][H:8])[H:9])[H:10],,
6,-0.3265596367814421,RESP2,PW6B95/cc-pV(D+d)Z,,0.8,C,hf,7,[H:11][c:5]1[c:4]([c:3]([c:2]([c:7]([c:6]1[H:12])[H:13])[O:1][H:8])[H:9])[H:10],,
7,0.409328513130608,RESP2,PW6B95/cc-pV(D+d)Z,,0.8,H,hf,8,[H:11][c:5]1[c:4]([c:3]([c:2]([c:7]([c:6]1[H:12])[H:13])[O:1][H:8])[H:9])[H:10],,
8,0.1593930131686474,RESP2,PW6B95/cc-pV(D+d)Z,,0.8,H,hf,9,[H:11][c:5]1[c:4]([c:3]([c:2]([c:7]([c:6]1[H:12])[H:13])[O:1][H:8])[H:9])[H:10],,
9,0.1191555074686603,RESP2,PW6B95/cc-pV(D+d)Z,,0.8,H,hf,10,[H:11][c:5]1[c:4]([c:3]([c:2]([c:7]([c:6]1[H:12])[H:13])[O:1][H:8])[H:9])[H:10],,
10,0.1280631803004766,RESP2,PW6B95/cc-pV(D+d)Z,,0.8,H,hf,11,[H:11][c:5]1[c:4]([c:3]([c:2]([c:7]([c:6]1[H:12])[H:13])[O:1][H:8])[H:9])[H:10],,
11,0.11596438910705,RESP2,PW6B95/cc-pV(D+d)Z,,0.8,H,hf,12,[H:11][c:5]1[c:4]([c:3]([c:2]([c:7]([c:6]1[H:12])[H:13])[O:1][H:8])[H:9])[H:10],,
12,0.1430452084759104,RESP2,PW6B95/cc-pV(D+d)Z,,0.8,H,hf,13,[H:11][c:5]1[c:4]([c:3]([c:2]([c:7]([c:6]1[H:12])[H:13])[O:1][H:8])[H:9])[H:10],,
0,-0.5383194297806521,RESP2,PW6B95/cc-pV(D+d)Z,,0.8500000000000001,O,hf,1,[H:11][c:5]1[c:4]([c:3]([c:2]([c:7]([c:6]1[H:12])[H:13])[O:1][H:8])[H:9])[H:10],,
1,0.3687778294591954,RESP2,PW6B95/cc-pV(D+d)Z,,0.8500000000000001,C,hf,2,[H:11][c:5]1[c:4]([c:3]([c:2]([c:7]([c:6]1[H:12])[H:13])[O:1][H:8])[H:9])[H:10],,
2,-0.2640172762127699,RESP2,PW6B95/cc-pV(D+d)Z,,0.8500000000000001,C,hf,3,[H:11][c:5]1[c:4]([c:3]([c:2]([c:7]([c:6]1[H:12])[H:13])[O:1][H:8])[H:9])[H:10],,
3,-0.0724356545078141,RESP2,PW6B95/cc-pV(D+d)Z,,0.8500000000000001,C,hf,4,[H:11][c:5]1[c:4]([c:3]([c:2]([c:7]([c:6]1[H:12])[H:13])[O:1][H:8])[H:9])[H:10],,
4,-0.2026207233409492,RESP2,PW6B95/cc-pV(D+d)Z,,0.8500000000000001,C,hf,5,[H:11][c:5]1[c:4]([c:3]([c:2]([c:7]([c:6]1[H:12])[H:13])[O:1][H:8])[H:9])[H:10],,
5,-0.0420242837208265,RESP2,PW6B95/cc-pV(D+d)Z,,0.8500000000000001,C,hf,6,[H:11][c:5]1[c:4]([c:3]([c:2]([c:7]([c:6]1[H:12])[H:13])[O:1][H:8])[H:9])[H:10],,
6,-0.3265409338946161,RESP2,PW6B95/cc-pV(D+d)Z,,0.8500000000000001,C,hf,7,[H:11][c:5]1[c:4]([c:3]([c:2]([c:7]([c:6]1[H:12])[H:13])[O:1][H:8])[H:9])[H:10],,
7,0.4102876090027195,RESP2,PW6B95/cc-pV(D+d)Z,,0.8500000000000001,H,hf,8,[H:11][c:5]1[c:4]([c:3]([c:2]([c:7]([c:6]1[H:12])[H:13])[O:1][H:8])[H:9])[H:10],,
8,0.1596651623326216,RESP2,PW6B95/cc-pV(D+d)Z,,0.8500000000000001,H,hf,9,[H:11][c:5]1[c:4]([c:3]([c:2]([c:7]([c:6]1[H:12])[H:13])[O:1][H:8])[H:9])[H:10],,
9,0.1194645904307053,RESP2,PW6B95/cc-pV(D+d)Z,,0.8500000000000001,H,hf,10,[H:11][c:5]1[c:4]([c:3]([c:2]([c:7]([c:6]1[H:12])[H:13])[O:1][H:8])[H:9])[H:10],,
10,0.1282928020381789,RESP2,PW6B95/cc-pV(D+d)Z,,0.8500000000000001,H,hf,11,[H:11][c:5]1[c:4]([c:3]([c:2]([c:7]([c:6]1[H:12])[H:13])[O:1][H:8])[H:9])[H:10],,
11,0.1161459995758374,RESP2,PW6B95/cc-pV(D+d)Z,,0.8500000000000001,H,hf,12,[H:11][c:5]1[c:4]([c:3]([c:2]([c:7]([c:6]1[H:12])[H:13])[O:1][H:8])[H:9])[H:10],,
12,0.1433243086183694,RESP2,PW6B95/cc-pV(D+d)Z,,0.8500000000000001,H,hf,13,[H:11][c:5]1[c:4]([c:3]([c:2]([c:7]([c:6]1[H:12])[H:13])[O:1][H:8])[H:9])[H:10],,
0,-0.5393654128207857,RESP2,PW6B95/cc-pV(D+d)Z,,0.9,O,hf,1,[H:11][c:5]1[c:4]([c:3]([c:2]([c:7]([c:6]1[H:12])[H:13])[O:1][H:8])[H:9])[H:10],,
1,0.3688487562328957,RESP2,PW6B95/cc-pV(D+d)Z,,0.9,C,hf,2,[H:11][c:5]1[c:4]([c:3]([c:2]([c:7]([c:6]1[H:12])[H:13])[O:1][H:8])[H:9])[H:10],,
2,-0.2649432427203617,RESP2,PW6B95/cc-pV(D+d)Z,,0.9,C,hf,3,[H:11][c:5]1[c:4]([c:3]([c:2]([c:7]([c:6]1[H:12])[H:13])[O:1][H:8])[H:9])[H:10],,
3,-0.0725012374107591,RESP2,PW6B95/cc-pV(D+d)Z,,0.9,C,hf,4,[H:11][c:5]1[c:4]([c:3]([c:2]([c:7]([c:6]1[H:12])[H:13])[O:1][H:8])[H:9])[H:10],,
4,-0.2028907477017166,RESP2,PW6B95/cc-pV(D+d)Z,,0.9,C,hf,5,[H:11][c:5]1[c:4]([c:3]([c:2]([c:7]([c:6]1[H:12])[H:13])[O:1][H:8])[H:9])[H:10],,
5,-0.0420370169169943,RESP2,PW6B95/cc-pV(D+d)Z,,0.9,C,hf,6,[H:11][c:5]1[c:4]([c:3]([c:2]([c:7]([c:6]1[H:12])[H:13])[O:1][H:8])[H:9])[H:10],,
6,-0.3265222310077901,RESP2,PW6B95/cc-pV(D+d)Z,,0.9,C,hf,7,[H:11][c:5]1[c:4]([c:3]([c:2]([c:7]([c:6]1[H:12])[H:13])[O:1][H:8])[H:9])[H:10],,
7,0.411246704874831,RESP2,PW6B95/cc-pV(D+d)Z,,0.9,H,hf,8,[H:11][c:5]1[c:4]([c:3]([c:2]([c:7]([c:6]1[H:12])[H:13])[O:1][H:8])[H:9])[H:10],,
8,0.1599373114965959,RESP2,PW6B95/cc-pV(D+d)Z,,0.9,H,hf,9,[H:11][c:5]1[c:4]([c:3]([c:2]([c:7]([c:6]1[H:12])[H:13])[O:1][H:8])[H:9])[H:10],,
9,0.1197736733927502,RESP2,PW6B95/cc-pV(D+d)Z,,0.9,H,hf,10,[H:11][c:5]1[c:4]([c:3]([c:2]([c:7]([c:6]1[H:12])[H:13])[O:1][H:8])[H:9])[H:10],,
10,0.1285224237758812,RESP2,PW6B95/cc-pV(D+d)Z,,0.9,H,hf,11,[H:11][c:5]1[c:4]([c:3]([c:2]([c:7]([c:6]1[H:12])[H:13])[O:1][H:8])[H:9])[H:10],,
11,0.116327610044625,RESP2,PW6B95/cc-pV(D+d)Z,,0.9,H,hf,12,[H:11][c:5]1[c:4]([c:3]([c:2]([c:7]([c:6]1[H:12])[H:13])[O:1][H:8])[H:9])[H:10],,
12,0.1436034087608285,RESP2,PW6B95/cc-pV(D+d)Z,,0.9,H,hf,13,[H:11][c:5]1[c:4]([c:3]([c:2]([c:7]([c:6]1[H:12])[H:13])[O:1][H:8])[H:9])[H:10],,
0,-0.5404113958609191,RESP2,PW6B95/cc-pV(D+d)Z,,0.95,O,hf,1,[H:11][c:5]1[c:4]([c:3]([c:2]([c:7]([c:6]1[H:12])[H:13])[O:1][H:8])[H:9])[H:10],,
1,0.3689196830065959,RESP2,PW6B95/cc-pV(D+d)Z,,0.95,C,hf,2,[H:11][c:5]1[c:4]([c:3]([c:2]([c:7]([c:6]1[H:12])[H:13])[O:1][H:8])[H:9])[H:10],,
2,-0.2658692092279535,RESP2,PW6B95/cc-pV(D+d)Z,,0.95,C,hf,3,[H:11][c:5]1[c:4]([c:3]([c:2]([c:7]([c:6]1[H:12])[H:13])[O:1][H:8])[H:9])[H:10],,
3,-0.0725668203137042,RESP2,PW6B95/cc-pV(D+d)Z,,0.95,C,hf,4,[H:11][c:5]1[c:4]([c:3]([c:2]([c:7]([c:6]1[H:12])[H:13])[O:1][H:8])[H:9])[H:10],,
4,-0.2031607720624841,RESP2,PW6B95/cc-pV(D+d)Z,,0.95,C,hf,5,[H:11][c:5]1[c:4]([c:3]([c:2]([c:7]([c:6]1[H:12])[H:13])[O:1][H:8])[H:9])[H:10],,
5,-0.0420497501131622,RESP2,PW6B95/cc-pV(D+d)Z,,0.95,C,hf,6,[H:11][c:5]1[c:4]([c:3]([c:2]([c:7]([c:6]1[H:12])[H:13])[O:1][H:8])[H:9])[H:10],,
6,-0.326503528120964,RESP2,PW6B95/cc-pV(D+d)Z,,0.95,C,hf,7,[H:11][c:5]1[c:4]([c:3]([c:2]([c:7]([c:6]1[H:12])[H:13])[O:1][H:8])[H:9])[H:10],,
7,0.4122058007469424,RESP2,PW6B95/cc-pV(D+d)Z,,0.95,H,hf,8,[H:11][c:5]1[c:4]([c:3]([c:2]([c:7]([c:6]1[H:12])[H:13])[O:1][H:8])[H:9])[H:10],,
8,0.1602094606605701,RESP2,PW6B95/cc-pV(D+d)Z,,0.95,H,hf,9,[H:11][c:5]1[c:4]([c:3]([c:2]([c:7]([c:6]1[H:12])[H:13])[O:1][H:8])[H:9])[H:10],,
9,0.1200827563547952,RESP2,PW6B95/cc-pV(D+d)Z,,0.95,H,hf,10,[H:11][c:5]1[c:4]([c:3]([c:2]([c:7]([c:6]1[H:12])[H:13])[O:1][H:8])[H:9])[H:10],,
10,0.1287520455135835,RESP2,PW6B95/cc-pV(D+d)Z,,0.95,H,hf,11,[H:11][c:5]1[c:4]([c:3]([c:2]([c:7]([c:6]1[H:12])[H:13])[O:1][H:8])[H:9])[H:10],,
11,0.1165092205134125,RESP2,PW6B95/cc-pV(D+d)Z,,0.95,H,hf,12,[H:11][c:5]1[c:4]([c:3]([c:2]([c:7]([c:6]1[H:12])[H:13])[O:1][H:8])[H:9])[H:10],,
12,0.1438825089032875,RESP2,PW6B95/cc-pV(D+d)Z,,0.95,H,hf,13,[H:11][c:5]1[c:4]([c:3]([c:2]([c:7]([c:6]1[H:12])[H:13])[O:1][H:8])[H:9])[H:10],,
0,-0.5414573789010527,RESP2,PW6B95/cc-pV(D+d)Z,,1.0,O,hf,1,[H:11][c:5]1[c:4]([c:3]([c:2]([c:7]([c:6]1[H:12])[H:13])[O:1][H:8])[H:9])[H:10],,
1,0.3689906097802961,RESP2,PW6B95/cc-pV(D+d)Z,,1.0,C,hf,2,[H:11][c:5]1[c:4]([c:3]([c:2]([c:7]([c:6]1[H:12])[H:13])[O:1][H:8])[H:9])[H:10],,
2,-0.2667951757355452,RESP2,PW6B95/cc-pV(D+d)Z,,1.0,C,hf,3,[H:11][c:5]1[c:4]([c:3]([c:2]([c:7]([c:6]1[H:12])[H:13])[O:1][H:8])[H:9])[H:10],,
3,-0.0726324032166492,RESP2,PW6B95/cc-pV(D+d)Z,,1.0,C,hf,4,[H:11][c:5]1[c:4]([c:3]([c:2]([c:7]([c:6]1[H:12])[H:13])[O:1][H:8])[H:9])[H:10],,
4,-0.2034307964232516,RESP2,PW6B95/cc-pV(D+d)Z,,1.0,C,hf,5,[H:11][c:5]1[c:4]([c:3]([c:2]([c:7]([c:6]1[H:12])[H:13])[O:1][H:8])[H:9])[H:10],,
5,-0.0420624833093301,RESP2,PW6B95/cc-pV(D+d)Z,,1.0,C,hf,6,[H:11][c:5]1[c:4]([c:3]([c:2]([c:7]([c:6]1[H:12])[H:13])[O:1][H:8])[H:9])[H:10],,
6,-0.3264848252341381,RESP2,PW6B95/cc-pV(D+d)Z,,1.0,C,hf,7,[H:11][c:5]1[c:4]([c:3]([c:2]([c:7]([c:6]1[H:12])[H:13])[O:1][H:8])[H:9])[H:10],,
7,0.413164896619054,RESP2,PW6B95/cc-pV(D+d)Z,,1.0,H,hf,8,[H:11][c:5]1[c:4]([c:3]([c:2]([c:7]([c:6]1[H:12])[H:13])[O:1][H:8])[H:9])[H:10],,
8,0.1604816098245443,RESP2,PW6B95/cc-pV(D+d)Z,,1.0,H,hf,9,[H:11][c:5]1[c:4]([c:3]([c:2]([c:7]([c:6]1[H:12])[H:13])[O:1][H:8])[H:9])[H:10],,
9,0.1203918393168401,RESP2,PW6B95/cc-pV(D+d)Z,,1.0,H,hf,10,[H:11][c:5]1[c:4]([c:3]([c:2]([c:7]([c:6]1[H:12])[H:13])[O:1][H:8])[H:9])[H:10],,
10,0.1289816672512858,RESP2,PW6B95/cc-pV(D+d)Z,,1.0,H,hf,11,[H:11][c:5]1[c:4]([c:3]([c:2]([c:7]([c:6]1[H:12])[H:13])[O:1][H:8])[H:9])[H:10],,
11,0.1166908309822,RESP2,PW6B95/cc-pV(D+d)Z,,1.0,H,hf,12,[H:11][c:5]1[c:4]([c:3]([c:2]([c:7]([c:6]1[H:12])[H:13])[O:1][H:8])[H:9])[H:10],,
12,0.1441616090457465,RESP2,PW6B95/cc-pV(D+d)Z,,1.0,H,hf,13,[H:11][c:5]1[c:4]([c:3]([c:2]([c:7]([c:6]1[H:12])[H:13])[O:1][H:8])[H:9])[H:10],,
0,-0.5192224017950194,RESP2,PW6B95/cc-pV(D+d)Z,1.0,0.0,O,resp2,1,[H:11][c:5]1[c:4]([c:3]([c:2]([c:7]([c:6]1[H:12])[H:13])[O:1][H:8])[H:9])[H:10],,
1,0.3735237821872513,RESP2,PW6B95/cc-pV(D+d)Z,1.0,0.0,C,resp2,2,[H:11][c:5]1[c:4]([c:3]([c:2]([c:7]([c:6]1[H:12])[H:13])[O:1][H:8])[H:9])[H:10],,
2,-0.2583486782799591,RESP2,PW6B95/cc-pV(D+d)Z,1.0,0.0,C,resp2,3,[H:11][c:5]1[c:4]([c:3]([c:2]([c:7]([c:6]1[H:12])[H:13])[O:1][H:8])[H:9])[H:10],,
3,-0.081873098963611,RESP2,PW6B95/cc-pV(D+d)Z,1.0,0.0,C,resp2,4,[H:11][c:5]1[c:4]([c:3]([c:2]([c:7]([c:6]1[H:12])[H:13])[O:1][H:8])[H:9])[H:10],,
4,-0.1981309552074796,RESP2,PW6B95/cc-pV(D+d)Z,1.0,0.0,C,resp2,5,[H:11][c:5]1[c:4]([c:3]([c:2]([c:7]([c:6]1[H:12])[H:13])[O:1][H:8])[H:9])[H:10],,
5,-0.0478014574177477,RESP2,PW6B95/cc-pV(D+d)Z,1.0,0.0,C,resp2,6,[H:11][c:5]1[c:4]([c:3]([c:2]([c:7]([c:6]1[H:12])[H:13])[O:1][H:8])[H:9])[H:10],,
6,-0.3393215990711632,RESP2,PW6B95/cc-pV(D+d)Z,1.0,0.0,C,resp2,7,[H:11][c:5]1[c:4]([c:3]([c:2]([c:7]([c:6]1[H:12])[H:13])[O:1][H:8])[H:9])[H:10],,
7,0.395834455579287,RESP2,PW6B95/cc-pV(D+d)Z,1.0,0.0,H,resp2,8,[H:11][c:5]1[c:4]([c:3]([c:2]([c:7]([c:6]1[H:12])[H:13])[O:1][H:8])[H:9])[H:10],,
8,0.1624733267426124,RESP2,PW6B95/cc-pV(D+d)Z,1.0,0.0,H,resp2,9,[H:11][c:5]1[c:4]([c:3]([c:2]([c:7]([c:6]1[H:12])[H:13])[O:1][H:8])[H:9])[H:10],,
9,0.1212053736837923,RESP2,PW6B95/cc-pV(D+d)Z,1.0,0.0,H,resp2,10,[H:11][c:5]1[c:4]([c:3]([c:2]([c:7]([c:6]1[H:12])[H:13])[O:1][H:8])[H:9])[H:10],,
10,0.1283682170902936,RESP2,PW6B95/cc-pV(D+d)Z,1.0,0.0,H,resp2,11,[H:11][c:5]1[c:4]([c:3]([c:2]([c:7]([c:6]1[H:12])[H:13])[O:1][H:8])[H:9])[H:10],,
11,0.1190976357079559,RESP2,PW6B95/cc-pV(D+d)Z,1.0,0.0,H,resp2,12,[H:11][c:5]1[c:4]([c:3]([c:2]([c:7]([c:6]1[H:12])[H:13])[O:1][H:8])[H:9])[H:10],,
12,0.1441953997437873,RESP2,PW6B95/cc-pV(D+d)Z,1.0,0.0,H,resp2,13,[H:11][c:5]1[c:4]([c:3]([c:2]([c:7]([c:6]1[H:12])[H:13])[O:1][H:8])[H:9])[H:10],,
0,-0.5202644044632241,RESP2,PW6B95/cc-pV(D+d)Z,1.0,0.05,O,resp2,1,[H:11][c:5]1[c:4]([c:3]([c:2]([c:7]([c:6]1[H:12])[H:13])[O:1][H:8])[H:9])[H:10],,
1,0.3735749656634357,RESP2,PW6B95/cc-pV(D+d)Z,1.0,0.05,C,resp2,2,[H:11][c:5]1[c:4]([c:3]([c:2]([c:7]([c:6]1[H:12])[H:13])[O:1][H:8])[H:9])[H:10],,
2,-0.2592640092434632,RESP2,PW6B95/cc-pV(D+d)Z,1.0,0.05,C,resp2,3,[H:11][c:5]1[c:4]([c:3]([c:2]([c:7]([c:6]1[H:12])[H:13])[O:1][H:8])[H:9])[H:10],,
3,-0.0818965337328607,RESP2,PW6B95/cc-pV(D+d)Z,1.0,0.05,C,resp2,4,[H:11][c:5]1[c:4]([c:3]([c:2]([c:7]([c:6]1[H:12])[H:13])[O:1][H:8])[H:9])[H:10],,
4,-0.1984804197877636,RESP2,PW6B95/cc-pV(D+d)Z,1.0,0.05,C,resp2,5,[H:11][c:5]1[c:4]([c:3]([c:2]([c:7]([c:6]1[H:12])[H:13])[O:1][H:8])[H:9])[H:10],,
5,-0.0477679295627197,RESP2,PW6B95/cc-pV(D+d)Z,1.0,0.05,C,resp2,6,[H:11][c:5]1[c:4]([c:3]([c:2]([c:7]([c:6]1[H:12])[H:13])[O:1][H:8])[H:9])[H:10],,
6,-0.3392967037836797,RESP2,PW6B95/cc-pV(D+d)Z,1.0,0.05,C,resp2,7,[H:11][c:5]1[c:4]([c:3]([c:2]([c:7]([c:6]1[H:12])[H:13])[O:1][H:8])[H:9])[H:10],,
7,0.3967898123639168,RESP2,PW6B95/cc-pV(D+d)Z,1.0,0.05,H,resp2,8,[H:11][c:5]1[c:4]([c:3]([c:2]([c:7]([c:6]1[H:12])[H:13])[O:1][H:8])[H:9])[H:10],,
8,0.1627367048822076,RESP2,PW6B95/cc-pV(D+d)Z,1.0,0.05,H,resp2,9,[H:11][c:5]1[c:4]([c:3]([c:2]([c:7]([c:6]1[H:12])[H:13])[O:1][H:8])[H:9])[H:10],,
9,0.1215055403694816,RESP2,PW6B95/cc-pV(D+d)Z,1.0,0.05,H,resp2,10,[H:11][c:5]1[c:4]([c:3]([c:2]([c:7]([c:6]1[H:12])[H:13])[O:1][H:8])[H:9])[H:10],,
10,0.1286205264672269,RESP2,PW6B95/cc-pV(D+d)Z,1.0,0.05,H,resp2,11,[H:11][c:5]1[c:4]([c:3]([c:2]([c:7]([c:6]1[H:12])[H:13])[O:1][H:8])[H:9])[H:10],,
11,0.1192681421836932,RESP2,PW6B95/cc-pV(D+d)Z,1.0,0.05,H,resp2,12,[H:11][c:5]1[c:4]([c:3]([c:2]([c:7]([c:6]1[H:12])[H:13])[O:1][H:8])[H:9])[H:10],,
12,0.1444743086437495,RESP2,PW6B95/cc-pV(D+d)Z,1.0,0.05,H,resp2,13,[H:11][c:5]1[c:4]([c:3]([c:2]([c:7]([c:6]1[H:12])[H:13])[O:1][H:8])[H:9])[H:10],,
0,-0.5213064071314288,RESP2,PW6B95/cc-pV(D+d)Z,1.0,0.1,O,resp2,1,[H:11][c:5]1[c:4]([c:3]([c:2]([c:7]([c:6]1[H:12])[H:13])[O:1][H:8])[H:9])[H:10],,
1,0.37362614913962,RESP2,PW6B95/cc-pV(D+d)Z,1.0,0.1,C,resp2,2,[H:11][c:5]1[c:4]([c:3]([c:2]([c:7]([c:6]1[H:12])[H:13])[O:1][H:8])[H:9])[H:10],,
2,-0.2601793402069674,RESP2,PW6B95/cc-pV(D+d)Z,1.0,0.1,C,resp2,3,[H:11][c:5]1[c:4]([c:3]([c:2]([c:7]([c:6]1[H:12])[H:13])[O:1][H:8])[H:9])[H:10],,
3,-0.0819199685021105,RESP2,PW6B95/cc-pV(D+d)Z,1.0,0.1,C,resp2,4,[H:11][c:5]1[c:4]([c:3]([c:2]([c:7]([c:6]1[H:12])[H:13])[O:1][H:8])[H:9])[H:10],,
4,-0.1988298843680478,RESP2,PW6B95/cc-pV(D+d)Z,1.0,0.1,C,resp2,5,[H:11][c:5]1[c:4]([c:3]([c:2]([c:7]([c:6]1[H:12])[H:13])[O:1][H:8])[H:9])[H:10],,
5,-0.0477344017076918,RESP2,PW6B95/cc-pV(D+d)Z,1.0,0.1,C,resp2,6,[H:11][c:5]1[c:4]([c:3]([c:2]([c:7]([c:6]1[H:12])[H:13])[O:1][H:8])[H:9])[H:10],,
6,-0.3392718084961962,RESP2,PW6B95/cc-pV(D+d)Z,1.0,0.1,C,resp2,7,[H:11][c:5]1[c:4]([c:3]([c:2]([c:7]([c:6]1[H:12])[H:13])[O:1][H:8])[H:9])[H:10],,
7,0.3977451691485467,RESP2,PW6B95/cc-pV(D+d)Z,1.0,0.1,H,resp2,8,[H:11][c:5]1[c:4]([c:3]([c:2]([c:7]([c:6]1[H:12])[H:13])[O:1][H:8])[H:9])[H:10],,
8,0.1630000830218027,RESP2,PW6B95/cc-pV(D+d)Z,1.0,0.1,H,resp2,9,[H:11][c:5]1[c:4]([c:3]([c:2]([c:7]([c:6]1[H:12])[H:13])[O:1][H:8])[H:9])[H:10],,
9,0.1218057070551709,RESP2,PW6B95/cc-pV(D+d)Z,1.0,0.1,H,resp2,10,[H:11][c:5]1[c:4]([c:3]([c:2]([c:7]([c:6]1[H:12])[H:13])[O:1][H:8])[H:9])[H:10],,
10,0.1288728358441602,RESP2,PW6B95/cc-pV(D+d)Z,1.0,0.1,H,resp2,11,[H:11][c:5]1[c:4]([c:3]([c:2]([c:7]([c:6]1[H:12])[H:13])[O:1][H:8])[H:9])[H:10],,
11,0.1194386486594303,RESP2,PW6B95/cc-pV(D+d)Z,1.0,0.1,H,resp2,12,[H:11][c:5]1[c:4]([c:3]([c:2]([c:7]([c:6]1[H:12])[H:13])[O:1][H:8])[H:9])[H:10],,
12,0.1447532175437116,RESP2,PW6B95/cc-pV(D+d)Z,1.0,0.1,H,resp2,13,[H:11][c:5]1[c:4]([c:3]([c:2]([c:7]([c:6]1[H:12])[H:13])[O:1][H:8])[H:9])[H:10],,
0,-0.5223484097996335,RESP2,PW6B95/cc-pV(D+d)Z,1.0,0.15,O,resp2,1,[H:11][c:5]1[c:4]([c:3]([c:2]([c:7]([c:6]1[H:12])[H:13])[O:1][H:8])[H:9])[H:10],,
1,0.3736773326158044,RESP2,PW6B95/cc-pV(D+d)Z,1.0,0.15,C,resp2,2,[H:11][c:5]1[c:4]([c:3]([c:2]([c:7]([c:6]1[H:12])[H:13])[O:1][H:8])[H:9])[H:10],,
2,-0.2610946711704716,RESP2,PW6B95/cc-pV(D+d)Z,1.0,0.15,C,resp2,3,[H:11][c:5]1[c:4]([c:3]([c:2]([c:7]([c:6]1[H:12])[H:13])[O:1][H:8])[H:9])[H:10],,
3,-0.0819434032713602,RESP2,PW6B95/cc-pV(D+d)Z,1.0,0.15,C,resp2,4,[H:11][c:5]1[c:4]([c:3]([c:2]([c:7]([c:6]1[H:12])[H:13])[O:1][H:8])[H:9])[H:10],,
4,-0.1991793489483319,RESP2,PW6B95/cc-pV(D+d)Z,1.0,0.15,C,resp2,5,[H:11][c:5]1[c:4]([c:3]([c:2]([c:7]([c:6]1[H:12])[H:13])[O:1][H:8])[H:9])[H:10],,
5,-0.0477008738526639,RESP2,PW6B95/cc-pV(D+d)Z,1.0,0.15,C,resp2,6,[H:11][c:5]1[c:4]([c:3]([c:2]([c:7]([c:6]1[H:12])[H:13])[O:1][H:8])[H:9])[H:10],,
6,-0.3392469132087128,RESP2,PW6B95/cc-pV(D+d)Z,1.0,0.15,C,resp2,7,[H:11][c:5]1[c:4]([c:3]([c:2]([c:7]([c:6]1[H:12])[H:13])[O:1][H:8])[H:9])[H:10],,
7,0.3987005259331766,RESP2,PW6B95/cc-pV(D+d)Z,1.0,0.15,H,resp2,8,[H:11][c:5]1[c:4]([c:3]([c:2]([c:7]([c:6]1[H:12])[H:13])[O:1][H:8])[H:9])[H:10],,
8,0.1632634611613979,RESP2,PW6B95/cc-pV(D+d)Z,1.0,0.15,H,resp2,9,[H:11][c:5]1[c:4]([c:3]([c:2]([c:7]([c:6]1[H:12])[H:13])[O:1][H:8])[H:9])[H:10],,
9,0.1221058737408602,RESP2,PW6B95/cc-pV(D+d)Z,1.0,0.15,H,resp2,10,[H:11][c:5]1[c:4]([c:3]([c:2]([c:7]([c:6]1[H:12])[H:13])[O:1][H:8])[H:9])[H:10],,
10,0.1291251452210935,RESP2,PW6B95/cc-pV(D+d)Z,1.0,0.15,H,resp2,11,[H:11][c:5]1[c:4]([c:3]([c:2]([c:7]([c:6]1[H:12])[H:13])[O:1][H:8])[H:9])[H:10],,
11,0.1196091551351675,RESP2,PW6B95/cc-pV(D+d)Z,1.0,0.15,H,resp2,12,[H:11][c:5]1[c:4]([c:3]([c:2]([c:7]([c:6]1[H:12])[H:13])[O:1][H:8])[H:9])[H:10],,
12,0.1450321264436738,RESP2,PW6B95/cc-pV(D+d)Z,1.0,0.15,H,resp2,13,[H:11][c:5]1[c:4]([c:3]([c:2]([c:7]([c:6]1[H:12])[H:13])[O:1][H:8])[H:9])[H:10],,
0,-0.5233904124678382,RESP2,PW6B95/cc-pV(D+d)Z,1.0,0.2,O,resp2,1,[H:11][c:5]1[c:4]([c:3]([c:2]([c:7]([c:6]1[H:12])[H:13])[O:1][H:8])[H:9])[H:10],,
1,0.3737285160919887,RESP2,PW6B95/cc-pV(D+d)Z,1.0,0.2,C,resp2,2,[H:11][c:5]1[c:4]([c:3]([c:2]([c:7]([c:6]1[H:12])[H:13])[O:1][H:8])[H:9])[H:10],,
2,-0.2620100021339758,RESP2,PW6B95/cc-pV(D+d)Z,1.0,0.2,C,resp2,3,[H:11][c:5]1[c:4]([c:3]([c:2]([c:7]([c:6]1[H:12])[H:13])[O:1][H:8])[H:9])[H:10],,
3,-0.08196683804061,RESP2,PW6B95/cc-pV(D+d)Z,1.0,0.2,C,resp2,4,[H:11][c:5]1[c:4]([c:3]([c:2]([c:7]([c:6]1[H:12])[H:13])[O:1][H:8])[H:9])[H:10],,
4,-0.199528813528616,RESP2,PW6B95/cc-pV(D+d)Z,1.0,0.2,C,resp2,5,[H:11][c:5]1[c:4]([c:3]([c:2]([c:7]([c:6]1[H:12])[H:13])[O:1][H:8])[H:9])[H:10],,
5,-0.047667345997636,RESP2,PW6B95/cc-pV(D+d)Z,1.0,0.2,C,resp2,6,[H:11][c:5]1[c:4]([c:3]([c:2]([c:7]([c:6]1[H:12])[H:13])[O:1][H:8])[H:9])[H:10],,
6,-0.3392220179212294,RESP2,PW6B95/cc-pV(D+d)Z,1.0,0.2,C,resp2,7,[H:11][c:5]1[c:4]([c:3]([c:2]([c:7]([c:6]1[H:12])[H:13])[O:1][H:8])[H:9])[H:10],,
7,0.3996558827178064,RESP2,PW6B95/cc-pV(D+d)Z,1.0,0.2,H,resp2,8,[H:11][c:5]1[c:4]([c:3]([c:2]([c:7]([c:6]1[H:12])[H:13])[O:1][H:8])[H:9])[H:10],,
8,0.1635268393009931,RESP2,PW6B95/cc-pV(D+d)Z,1.0,0.2,H,resp2,9,[H:11][c:5]1[c:4]([c:3]([c:2]([c:7]([c:6]1[H:12])[H:13])[O:1][H:8])[H:9])[H:10],,
9,0.1224060404265495,RESP2,PW6B95/cc-pV(D+d)Z,1.0,0.2,H,resp2,10,[H:11][c:5]1[c:4]([c:3]([c:2]([c:7]([c:6]1[H:12])[H:13])[O:1][H:8])[H:9])[H:10],,
10,0.1293774545980268,RESP2,PW6B95/cc-pV(D+d)Z,1.0,0.2,H,resp2,11,[H:11][c:5]1[c:4]([c:3]([c:2]([c:7]([c:6]1[H:12])[H:13])[O:1][H:8])[H:9])[H:10],,
11,0.1197796616109047,RESP2,PW6B95/cc-pV(D+d)Z,1.0,0.2,H,resp2,12,[H:11][c:5]1[c:4]([c:3]([c:2]([c:7]([c:6]1[H:12])[H:13])[O:1][H:8])[H:9])[H:10],,
12,0.145311035343636,RESP2,PW6B95/cc-pV(D+d)Z,1.0,0.2,H,resp2,13,[H:11][c:5]1[c:4]([c:3]([c:2]([c:7]([c:6]1[H:12])[H:13])[O:1][H:8])[H:9])[H:10],,
0,-0.5244324151360429,RESP2,PW6B95/cc-pV(D+d)Z,1.0,0.25,O,resp2,1,[H:11][c:5]1[c:4]([c:3]([c:2]([c:7]([c:6]1[H:12])[H:13])[O:1][H:8])[H:9])[H:10],,
1,0.3737796995681731,RESP2,PW6B95/cc-pV(D+d)Z,1.0,0.25,C,resp2,2,[H:11][c:5]1[c:4]([c:3]([c:2]([c:7]([c:6]1[H:12])[H:13])[O:1][H:8])[H:9])[H:10],,
2,-0.26292533309748,RESP2,PW6B95/cc-pV(D+d)Z,1.0,0.25,C,resp2,3,[H:11][c:5]1[c:4]([c:3]([c:2]([c:7]([c:6]1[H:12])[H:13])[O:1][H:8])[H:9])[H:10],,
3,-0.0819902728098597,RESP2,PW6B95/cc-pV(D+d)Z,1.0,0.25,C,resp2,4,[H:11][c:5]1[c:4]([c:3]([c:2]([c:7]([c:6]1[H:12])[H:13])[O:1][H:8])[H:9])[H:10],,
4,-0.1998782781089001,RESP2,PW6B95/cc-pV(D+d)Z,1.0,0.25,C,resp2,5,[H:11][c:5]1[c:4]([c:3]([c:2]([c:7]([c:6]1[H:12])[H:13])[O:1][H:8])[H:9])[H:10],,
5,-0.0476338181426081,RESP2,PW6B95/cc-pV(D+d)Z,1.0,0.25,C,resp2,6,[H:11][c:5]1[c:4]([c:3]([c:2]([c:7]([c:6]1[H:12])[H:13])[O:1][H:8])[H:9])[H:10],,
6,-0.3391971226337459,RESP2,PW6B95/cc-pV(D+d)Z,1.0,0.25,C,resp2,7,[H:11][c:5]1[c:4]([c:3]([c:2]([c:7]([c:6]1[H:12])[H:13])[O:1][H:8])[H:9])[H:10],,
7,0.4006112395024362,RESP2,PW6B95/cc-pV(D+d)Z,1.0,0.25,H,resp2,8,[H:11][c:5]1[c:4]([c:3]([c:2]([c:7]([c:6]1[H:12])[H:13])[O:1][H:8])[H:9])[H:10],,
8,0.1637902174405883,RESP2,PW6B95/cc-pV(D+d)Z,1.0,0.25,H,resp2,9,[H:11][c:5]1[c:4]([c:3]([c:2]([c:7]([c:6]1[H:12])[H:13])[O:1][H:8])[H:9])[H:10],,
9,0.1227062071122388,RESP2,PW6B95/cc-pV(D+d)Z,1.0,0.25,H,resp2,10,[H:11][c:5]1[c:4]([c:3]([c:2]([c:7]([c:6]1[H:12])[H:13])[O:1][H:8])[H:9])[H:10],,
10,0.1296297639749602,RESP2,PW6B95/cc-pV(D+d)Z,1.0,0.25,H,resp2,11,[H:11][c:5]1[c:4]([c:3]([c:2]([c:7]([c:6]1[H:12])[H:13])[O:1][H:8])[H:9])[H:10],,
11,0.1199501680866419,RESP2,PW6B95/cc-pV(D+d)Z,1.0,0.25,H,resp2,12,[H:11][c:5]1[c:4]([c:3]([c:2]([c:7]([c:6]1[H:12])[H:13])[O:1][H:8])[H:9])[H:10],,
12,0.1455899442435982,RESP2,PW6B95/cc-pV(D+d)Z,1.0,0.25,H,resp2,13,[H:11][c:5]1[c:4]([c:3]([c:2]([c:7]([c:6]1[H:12])[H:13])[O:1][H:8])[H:9])[H:10],,
0,-0.5254744178042476,RESP2,PW6B95/cc-pV(D+d)Z,1.0,0.3,O,resp2,1,[H:11][c:5]1[c:4]([c:3]([c:2]([c:7]([c:6]1[H:12])[H:13])[O:1][H:8])[H:9])[H:10],,
1,0.3738308830443574,RESP2,PW6B95/cc-pV(D+d)Z,1.0,0.3,C,resp2,2,[H:11][c:5]1[c:4]([c:3]([c:2]([c:7]([c:6]1[H:12])[H:13])[O:1][H:8])[H:9])[H:10],,
2,-0.2638406640609842,RESP2,PW6B95/cc-pV(D+d)Z,1.0,0.3,C,resp2,3,[H:11][c:5]1[c:4]([c:3]([c:2]([c:7]([c:6]1[H:12])[H:13])[O:1][H:8])[H:9])[H:10],,
3,-0.0820137075791094,RESP2,PW6B95/cc-pV(D+d)Z,1.0,0.3,C,resp2,4,[H:11][c:5]1[c:4]([c:3]([c:2]([c:7]([c:6]1[H:12])[H:13])[O:1][H:8])[H:9])[H:10],,
4,-0.2002277426891842,RESP2,PW6B95/cc-pV(D+d)Z,1.0,0.3,C,resp2,5,[H:11][c:5]1[c:4]([c:3]([c:2]([c:7]([c:6]1[H:12])[H:13])[O:1][H:8])[H:9])[H:10],,
5,-0.0476002902875801,RESP2,PW6B95/cc-pV(D+d)Z,1.0,0.3,C,resp2,6,[H:11][c:5]1[c:4]([c:3]([c:2]([c:7]([c:6]1[H:12])[H:13])[O:1][H:8])[H:9])[H:10],,
6,-0.3391722273462625,RESP2,PW6B95/cc-pV(D+d)Z,1.0,0.3,C,resp2,7,[H:11][c:5]1[c:4]([c:3]([c:2]([c:7]([c:6]1[H:12])[H:13])[O:1][H:8])[H:9])[H:10],,
7,0.4015665962870661,RESP2,PW6B95/cc-pV(D+d)Z,1.0,0.3,H,resp2,8,[H:11][c:5]1[c:4]([c:3]([c:2]([c:7]([c:6]1[H:12])[H:13])[O:1][H:8])[H:9])[H:10],,
8,0.1640535955801835,RESP2,PW6B95/cc-pV(D+d)Z,1.0,0.3,H,resp2,9,[H:11][c:5]1[c:4]([c:3]([c:2]([c:7]([c:6]1[H:12])[H:13])[O:1][H:8])[H:9])[H:10],,
9,0.1230063737979281,RESP2,PW6B95/cc-pV(D+d)Z,1.0,0.3,H,resp2,10,[H:11][c:5]1[c:4]([c:3]([c:2]([c:7]([c:6]1[H:12])[H:13])[O:1][H:8])[H:9])[H:10],,
10,0.1298820733518935,RESP2,PW6B95/cc-pV(D+d)Z,1.0,0.3,H,resp2,11,[H:11][c:5]1[c:4]([c:3]([c:2]([c:7]([c:6]1[H:12])[H:13])[O:1][H:8])[H:9])[H:10],,
11,0.1201206745623791,RESP2,PW6B95/cc-pV(D+d)Z,1.0,0.3,H,resp2,12,[H:11][c:5]1[c:4]([c:3]([c:2]([c:7]([c:6]1[H:12])[H:13])[O:1][H:8])[H:9])[H:10],,
12,0.1458688531435603,RESP2,PW6B95/cc-pV(D+d)Z,1.0,0.3,H,resp2,13,[H:11][c:5]1[c:4]([c:3]([c:2]([c:7]([c:6]1[H:12])[H:13])[O:1][H:8])[H:9])[H:10],,
0,-0.5265164204724523,RESP2,PW6B95/cc-pV(D+d)Z,1.0,0.35,O,resp2,1,[H:11][c:5]1[c:4]([c:3]([c:2]([c:7]([c:6]1[H:12])[H:13])[O:1][H:8])[H:9])[H:10],,
1,0.3738820665205418,RESP2,PW6B95/cc-pV(D+d)Z,1.0,0.35,C,resp2,2,[H:11][c:5]1[c:4]([c:3]([c:2]([c:7]([c:6]1[H:12])[H:13])[O:1][H:8])[H:9])[H:10],,
2,-0.2647559950244884,RESP2,PW6B95/cc-pV(D+d)Z,1.0,0.35,C,resp2,3,[H:11][c:5]1[c:4]([c:3]([c:2]([c:7]([c:6]1[H:12])[H:13])[O:1][H:8])[H:9])[H:10],,
3,-0.0820371423483592,RESP2,PW6B95/cc-pV(D+d)Z,1.0,0.35,C,resp2,4,[H:11][c:5]1[c:4]([c:3]([c:2]([c:7]([c:6]1[H:12])[H:13])[O:1][H:8])[H:9])[H:10],,
4,-0.2005772072694683,RESP2,PW6B95/cc-pV(D+d)Z,1.0,0.35,C,resp2,5,[H:11][c:5]1[c:4]([c:3]([c:2]([c:7]([c:6]1[H:12])[H:13])[O:1][H:8])[H:9])[H:10],,
5,-0.0475667624325522,RESP2,PW6B95/cc-pV(D+d)Z,1.0,0.35,C,resp2,6,[H:11][c:5]1[c:4]([c:3]([c:2]([c:7]([c:6]1[H:12])[H:13])[O:1][H:8])[H:9])[H:10],,
6,-0.339147332058779,RESP2,PW6B95/cc-pV(D+d)Z,1.0,0.35,C,resp2,7,[H:11][c:5]1[c:4]([c:3]([c:2]([c:7]([c:6]1[H:12])[H:13])[O:1][H:8])[H:9])[H:10],,
7,0.4025219530716959,RESP2,PW6B95/cc-pV(D+d)Z,1.0,0.35,H,resp2,8,[H:11][c:5]1[c:4]([c:3]([c:2]([c:7]([c:6]1[H:12])[H:13])[O:1][H:8])[H:9])[H:10],,
8,0.1643169737197787,RESP2,PW6B95/cc-pV(D+d)Z,1.0,0.35,H,resp2,9,[H:11][c:5]1[c:4]([c:3]([c:2]([c:7]([c:6]1[H:12])[H:13])[O:1][H:8])[H:9])[H:10],,
9,0.1233065404836174,RESP2,PW6B95/cc-pV(D+d)Z,1.0,0.35,H,resp2,10,[H:11][c:5]1[c:4]([c:3]([c:2]([c:7]([c:6]1[H:12])[H:13])[O:1][H:8])[H:9])[H:10],,
10,0.1301343827288268,RESP2,PW6B95/cc-pV(D+d)Z,1.0,0.35,H,resp2,11,[H:11][c:5]1[c:4]([c:3]([c:2]([c:7]([c:6]1[H:12])[H:13])[O:1][H:8])[H:9])[H:10],,
11,0.1202911810381163,RESP2,PW6B95/cc-pV(D+d)Z,1.0,0.35,H,resp2,12,[H:11][c:5]1[c:4]([c:3]([c:2]([c:7]([c:6]1[H:12])[H:13])[O:1][H:8])[H:9])[H:10],,
12,0.1461477620435225,RESP2,PW6B95/cc-pV(D+d)Z,1.0,0.35,H,resp2,13,[H:11][c:5]1[c:4]([c:3]([c:2]([c:7]([c:6]1[H:12])[H:13])[O:1][H:8])[H:9])[H:10],,
0,-0.527558423140657,RESP2,PW6B95/cc-pV(D+d)Z,1.0,0.4,O,resp2,1,[H:11][c:5]1[c:4]([c:3]([c:2]([c:7]([c:6]1[H:12])[H:13])[O:1][H:8])[H:9])[H:10],,
1,0.3739332499967261,RESP2,PW6B95/cc-pV(D+d)Z,1.0,0.4,C,resp2,2,[H:11][c:5]1[c:4]([c:3]([c:2]([c:7]([c:6]1[H:12])[H:13])[O:1][H:8])[H:9])[H:10],,
2,-0.2656713259879926,RESP2,PW6B95/cc-pV(D+d)Z,1.0,0.4,C,resp2,3,[H:11][c:5]1[c:4]([c:3]([c:2]([c:7]([c:6]1[H:12])[H:13])[O:1][H:8])[H:9])[H:10],,
3,-0.0820605771176089,RESP2,PW6B95/cc-pV(D+d)Z,1.0,0.4,C,resp2,4,[H:11][c:5]1[c:4]([c:3]([c:2]([c:7]([c:6]1[H:12])[H:13])[O:1][H:8])[H:9])[H:10],,
4,-0.2009266718497524,RESP2,PW6B95/cc-pV(D+d)Z,1.0,0.4,C,resp2,5,[H:11][c:5]1[c:4]([c:3]([c:2]([c:7]([c:6]1[H:12])[H:13])[O:1][H:8])[H:9])[H:10],,
5,-0.0475332345775243,RESP2,PW6B95/cc-pV(D+d)Z,1.0,0.4,C,resp2,6,[H:11][c:5]1[c:4]([c:3]([c:2]([c:7]([c:6]1[H:12])[H:13])[O:1][H:8])[H:9])[H:10],,
6,-0.3391224367712956,RESP2,PW6B95/cc-pV(D+d)Z,1.0,0.4,C,resp2,7,[H:11][c:5]1[c:4]([c:3]([c:2]([c:7]([c:6]1[H:12])[H:13])[O:1][H:8])[H:9])[H:10],,
7,0.4034773098563257,RESP2,PW6B95/cc-pV(D+d)Z,1.0,0.4,H,resp2,8,[H:11][c:5]1[c:4]([c:3]([c:2]([c:7]([c:6]1[H:12])[H:13])[O:1][H:8])[H:9])[H:10],,
8,0.1645803518593739,RESP2,PW6B95/cc-pV(D+d)Z,1.0,0.4,H,resp2,9,[H:11][c:5]1[c:4]([c:3]([c:2]([c:7]([c:6]1[H:12])[H:13])[O:1][H:8])[H:9])[H:10],,
9,0.1236067071693067,RESP2,PW6B95/cc-pV(D+d)Z,1.0,0.4,H,resp2,10,[H:11][c:5]1[c:4]([c:3]([c:2]([c:7]([c:6]1[H:12])[H:13])[O:1][H:8])[H:9])[H:10],,
10,0.1303866921057601,RESP2,PW6B95/cc-pV(D+d)Z,1.0,0.4,H,resp2,11,[H:11][c:5]1[c:4]([c:3]([c:2]([c:7]([c:6]1[H:12])[H:13])[O:1][H:8])[H:9])[H:10],,
11,0.1204616875138534,RESP2,PW6B95/cc-pV(D+d)Z,1.0,0.4,H,resp2,12,[H:11][c:5]1[c:4]([c:3]([c:2]([c:7]([c:6]1[H:12])[H:13])[O:1][H:8])[H:9])[H:10],,
12,0.1464266709434847,RESP2,PW6B95/cc-pV(D+d)Z,1.0,0.4,H,resp2,13,[H:11][c:5]1[c:4]([c:3]([c:2]([c:7]([c:6]1[H:12])[H:13])[O:1][H:8])[H:9])[H:10],,
0,-0.5286004258088618,RESP2,PW6B95/cc-pV(D+d)Z,1.0,0.45,O,resp2,1,[H:11][c:5]1[c:4]([c:3]([c:2]([c:7]([c:6]1[H:12])[H:13])[O:1][H:8])[H:9])[H:10],,
1,0.3739844334729105,RESP2,PW6B95/cc-pV(D+d)Z,1.0,0.45,C,resp2,2,[H:11][c:5]1[c:4]([c:3]([c:2]([c:7]([c:6]1[H:12])[H:13])[O:1][H:8])[H:9])[H:10],,
2,-0.2665866569514968,RESP2,PW6B95/cc-pV(D+d)Z,1.0,0.45,C,resp2,3,[H:11][c:5]1[c:4]([c:3]([c:2]([c:7]([c:6]1[H:12])[H:13])[O:1][H:8])[H:9])[H:10],,
3,-0.0820840118868586,RESP2,PW6B95/cc-pV(D+d)Z,1.0,0.45,C,resp2,4,[H:11][c:5]1[c:4]([c:3]([c:2]([c:7]([c:6]1[H:12])[H:13])[O:1][H:8])[H:9])[H:10],,
4,-0.2012761364300365,RESP2,PW6B95/cc-pV(D+d)Z,1.0,0.45,C,resp2,5,[H:11][c:5]1[c:4]([c:3]([c:2]([c:7]([c:6]1[H:12])[H:13])[O:1][H:8])[H:9])[H:10],,
5,-0.0474997067224964,RESP2,PW6B95/cc-pV(D+d)Z,1.0,0.45,C,resp2,6,[H:11][c:5]1[c:4]([c:3]([c:2]([c:7]([c:6]1[H:12])[H:13])[O:1][H:8])[H:9])[H:10],,
6,-0.3390975414838122,RESP2,PW6B95/cc-pV(D+d)Z,1.0,0.45,C,resp2,7,[H:11][c:5]1[c:4]([c:3]([c:2]([c:7]([c:6]1[H:12])[H:13])[O:1][H:8])[H:9])[H:10],,
7,0.4044326666409555,RESP2,PW6B95/cc-pV(D+d)Z,1.0,0.45,H,resp2,8,[H:11][c:5]1[c:4]([c:3]([c:2]([c:7]([c:6]1[H:12])[H:13])[O:1][H:8])[H:9])[H:10],,
8,0.1648437299989691,RESP2,PW6B95/cc-pV(D+d)Z,1.0,0.45,H,resp2,9,[H:11][c:5]1[c:4]([c:3]([c:2]([c:7]([c:6]1[H:12])[H:13])[O:1][H:8])[H:9])[H:10],,
9,0.1239068738549961,RESP2,PW6B95/cc-pV(D+d)Z,1.0,0.45,H,resp2,10,[H:11][c:5]1[c:4]([c:3]([c:2]([c:7]([c:6]1[H:12])[H:13])[O:1][H:8])[H:9])[H:10],,
10,0.1306390014826935,RESP2,PW6B95/cc-pV(D+d)Z,1.0,0.45,H,resp2,11,[H:11][c:5]1[c:4]([c:3]([c:2]([c:7]([c:6]1[H:12])[H:13])[O:1][H:8])[H:9])[H:10],,
11,0.1206321939895907,RESP2,PW6B95/cc-pV(D+d)Z,1.0,0.45,H,resp2,12,[H:11][c:5]1[c:4]([c:3]([c:2]([c:7]([c:6]1[H:12])[H:13])[O:1][H:8])[H:9])[H:10],,
12,0.1467055798434469,RESP2,PW6B95/cc-pV(D+d)Z,1.0,0.45,H,resp2,13,[H:11][c:5]1[c:4]([c:3]([c:2]([c:7]([c:6]1[H:12])[H:13])[O:1][H:8])[H:9])[H:10],,
0,-0.5296424284770663,RESP2,PW6B95/cc-pV(D+d)Z,1.0,0.5,O,resp2,1,[H:11][c:5]1[c:4]([c:3]([c:2]([c:7]([c:6]1[H:12])[H:13])[O:1][H:8])[H:9])[H:10],,
1,0.3740356169490949,RESP2,PW6B95/cc-pV(D+d)Z,1.0,0.5,C,resp2,2,[H:11][c:5]1[c:4]([c:3]([c:2]([c:7]([c:6]1[H:12])[H:13])[O:1][H:8])[H:9])[H:10],,
2,-0.267501987915001,RESP2,PW6B95/cc-pV(D+d)Z,1.0,0.5,C,resp2,3,[H:11][c:5]1[c:4]([c:3]([c:2]([c:7]([c:6]1[H:12])[H:13])[O:1][H:8])[H:9])[H:10],,
3,-0.0821074466561084,RESP2,PW6B95/cc-pV(D+d)Z,1.0,0.5,C,resp2,4,[H:11][c:5]1[c:4]([c:3]([c:2]([c:7]([c:6]1[H:12])[H:13])[O:1][H:8])[H:9])[H:10],,
4,-0.2016256010103206,RESP2,PW6B95/cc-pV(D+d)Z,1.0,0.5,C,resp2,5,[H:11][c:5]1[c:4]([c:3]([c:2]([c:7]([c:6]1[H:12])[H:13])[O:1][H:8])[H:9])[H:10],,
5,-0.0474661788674684,RESP2,PW6B95/cc-pV(D+d)Z,1.0,0.5,C,resp2,6,[H:11][c:5]1[c:4]([c:3]([c:2]([c:7]([c:6]1[H:12])[H:13])[O:1][H:8])[H:9])[H:10],,
6,-0.3390726461963287,RESP2,PW6B95/cc-pV(D+d)Z,1.0,0.5,C,resp2,7,[H:11][c:5]1[c:4]([c:3]([c:2]([c:7]([c:6]1[H:12])[H:13])[O:1][H:8])[H:9])[H:10],,
7,0.4053880234255854,RESP2,PW6B95/cc-pV(D+d)Z,1.0,0.5,H,resp2,8,[H:11][c:5]1[c:4]([c:3]([c:2]([c:7]([c:6]1[H:12])[H:13])[O:1][H:8])[H:9])[H:10],,
8,0.1651071081385643,RESP2,PW6B95/cc-pV(D+d)Z,1.0,0.5,H,resp2,9,[H:11][c:5]1[c:4]([c:3]([c:2]([c:7]([c:6]1[H:12])[H:13])[O:1][H:8])[H:9])[H:10],,
9,0.1242070405406854,RESP2,PW6B95/cc-pV(D+d)Z,1.0,0.5,H,resp2,10,[H:11][c:5]1[c:4]([c:3]([c:2]([c:7]([c:6]1[H:12])[H:13])[O:1][H:8])[H:9])[H:10],,
10,0.1308913108596268,RESP2,PW6B95/cc-pV(D+d)Z,1.0,0.5,H,resp2,11,[H:11][c:5]1[c:4]([c:3]([c:2]([c:7]([c:6]1[H:12])[H:13])[O:1][H:8])[H:9])[H:10],,
11,0.1208027004653278,RESP2,PW6B95/cc-pV(D+d)Z,1.0,0.5,H,resp2,12,[H:11][c:5]1[c:4]([c:3]([c:2]([c:7]([c:6]1[H:12])[H:13])[O:1][H:8])[H:9])[H:10],,
12,0.146984488743409,RESP2,PW6B95/cc-pV(D+d)Z,1.0,0.5,H,resp2,13,[H:11][c:5]1[c:4]([c:3]([c:2]([c:7]([c:6]1[H:12])[H:13])[O:1][H:8])[H:9])[H:10],,
0,-0.5306844311452711,RESP2,PW6B95/cc-pV(D+d)Z,1.0,0.55,O,resp2,1,[H:11][c:5]1[c:4]([c:3]([c:2]([c:7]([c:6]1[H:12])[H:13])[O:1][H:8])[H:9])[H:10],,
1,0.3740868004252792,RESP2,PW6B95/cc-pV(D+d)Z,1.0,0.55,C,resp2,2,[H:11][c:5]1[c:4]([c:3]([c:2]([c:7]([c:6]1[H:12])[H:13])[O:1][H:8])[H:9])[H:10],,
2,-0.2684173188785052,RESP2,PW6B95/cc-pV(D+d)Z,1.0,0.55,C,resp2,3,[H:11][c:5]1[c:4]([c:3]([c:2]([c:7]([c:6]1[H:12])[H:13])[O:1][H:8])[H:9])[H:10],,
3,-0.0821308814253581,RESP2,PW6B95/cc-pV(D+d)Z,1.0,0.55,C,resp2,4,[H:11][c:5]1[c:4]([c:3]([c:2]([c:7]([c:6]1[H:12])[H:13])[O:1][H:8])[H:9])[H:10],,
4,-0.2019750655906048,RESP2,PW6B95/cc-pV(D+d)Z,1.0,0.55,C,resp2,5,[H:11][c:5]1[c:4]([c:3]([c:2]([c:7]([c:6]1[H:12])[H:13])[O:1][H:8])[H:9])[H:10],,
5,-0.0474326510124405,RESP2,PW6B95/cc-pV(D+d)Z,1.0,0.55,C,resp2,6,[H:11][c:5]1[c:4]([c:3]([c:2]([c:7]([c:6]1[H:12])[H:13])[O:1][H:8])[H:9])[H:10],,
6,-0.3390477509088453,RESP2,PW6B95/cc-pV(D+d)Z,1.0,0.55,C,resp2,7,[H:11][c:5]1[c:4]([c:3]([c:2]([c:7]([c:6]1[H:12])[H:13])[O:1][H:8])[H:9])[H:10],,
7,0.4063433802102152,RESP2,PW6B95/cc-pV(D+d)Z,1.0,0.55,H,resp2,8,[H:11][c:5]1[c:4]([c:3]([c:2]([c:7]([c:6]1[H:12])[H:13])[O:1][H:8])[H:9])[H:10],,
8,0.1653704862781595,RESP2,PW6B95/cc-pV(D+d)Z,1.0,0.55,H,resp2,9,[H:11][c:5]1[c:4]([c:3]([c:2]([c:7]([c:6]1[H:12])[H:13])[O:1][H:8])[H:9])[H:10],,
9,0.1245072072263747,RESP2,PW6B95/cc-pV(D+d)Z,1.0,0.55,H,resp2,10,[H:11][c:5]1[c:4]([c:3]([c:2]([c:7]([c:6]1[H:12])[H:13])[O:1][H:8])[H:9])[H:10],,
10,0.1311436202365601,RESP2,PW6B95/cc-pV(D+d)Z,1.0,0.55,H,resp2,11,[H:11][c:5]1[c:4]([c:3]([c:2]([c:7]([c:6]1[H:12])[H:13])[O:1][H:8])[H:9])[H:10],,
11,0.120973206941065,RESP2,PW6B95/cc-pV(D+d)Z,1.0,0.55,H,resp2,12,[H:11][c:5]1[c:4]([c:3]([c:2]([c:7]([c:6]1[H:12])[H:13])[O:1][H:8])[H:9])[H:10],,
12,0.1472633976433712,RESP2,PW6B95/cc-pV(D+d)Z,1.0,0.55,H,resp2,13,[H:11][c:5]1[c:4]([c:3]([c:2]([c:7]([c:6]1[H:12])[H:13])[O:1][H:8])[H:9])[H:10],,
0,-0.5317264338134758,RESP2,PW6B95/cc-pV(D+d)Z,1.0,0.6000000000000001,O,resp2,1,[H:11][c:5]1[c:4]([c:3]([c:2]([c:7]([c:6]1[H:12])[H:13])[O:1][H:8])[H:9])[H:10],,
1,0.3741379839014636,RESP2,PW6B95/cc-pV(D+d)Z,1.0,0.6000000000000001,C,resp2,2,[H:11][c:5]1[c:4]([c:3]([c:2]([c:7]([c:6]1[H:12])[H:13])[O:1][H:8])[H:9])[H:10],,
2,-0.2693326498420094,RESP2,PW6B95/cc-pV(D+d)Z,1.0,0.6000000000000001,C,resp2,3,[H:11][c:5]1[c:4]([c:3]([c:2]([c:7]([c:6]1[H:12])[H:13])[O:1][H:8])[H:9])[H:10],,
3,-0.0821543161946079,RESP2,PW6B95/cc-pV(D+d)Z,1.0,0.6000000000000001,C,resp2,4,[H:11][c:5]1[c:4]([c:3]([c:2]([c:7]([c:6]1[H:12])[H:13])[O:1][H:8])[H:9])[H:10],,
4,-0.2023245301708889,RESP2,PW6B95/cc-pV(D+d)Z,1.0,0.6000000000000001,C,resp2,5,[H:11][c:5]1[c:4]([c:3]([c:2]([c:7]([c:6]1[H:12])[H:13])[O:1][H:8])[H:9])[H:10],,
5,-0.0473991231574126,RESP2,PW6B95/cc-pV(D+d)Z,1.0,0.6000000000000001,C,resp2,6,[H:11][c:5]1[c:4]([c:3]([c:2]([c:7]([c:6]1[H:12])[H:13])[O:1][H:8])[H:9])[H:10],,
6,-0.3390228556213618,RESP2,PW6B95/cc-pV(D+d)Z,1.0,0.6000000000000001,C,resp2,7,[H:11][c:5]1[c:4]([c:3]([c:2]([c:7]([c:6]1[H:12])[H:13])[O:1][H:8])[H:9])[H:10],,
7,0.407298736994845,RESP2,PW6B95/cc-pV(D+d)Z,1.0,0.6000000000000001,H,resp2,8,[H:11][c:5]1[c:4]([c:3]([c:2]([c:7]([c:6]1[H:12])[H:13])[O:1][H:8])[H:9])[H:10],,
8,0.1656338644177547,RESP2,PW6B95/cc-pV(D+d)Z,1.0,0.6000000000000001,H,resp2,9,[H:11][c:5]1[c:4]([c:3]([c:2]([c:7]([c:6]1[H:12])[H:13])[O:1][H:8])[H:9])[H:10],,
9,0.124807373912064,RESP2,PW6B95/cc-pV(D+d)Z,1.0,0.6000000000000001,H,resp2,10,[H:11][c:5]1[c:4]([c:3]([c:2]([c:7]([c:6]1[H:12])[H:13])[O:1][H:8])[H:9])[H:10],,
10,0.1313959296134934,RESP2,PW6B95/cc-pV(D+d)Z,1.0,0.6000000000000001,H,resp2,11,[H:11][c:5]1[c:4]([c:3]([c:2]([c:7]([c:6]1[H:12])[H:13])[O:1][H:8])[H:9])[H:10],,
11,0.1211437134168022,RESP2,PW6B95/cc-pV(D+d)Z,1.0,0.6000000000000001,H,resp2,12,[H:11][c:5]1[c:4]([c:3]([c:2]([c:7]([c:6]1[H:12])[H:13])[O:1][H:8])[H:9])[H:10],,
12,0.1475423065433334,RESP2,PW6B95/cc-pV(D+d)Z,1.0,0.6000000000000001,H,resp2,13,[H:11][c:5]1[c:4]([c:3]([c:2]([c:7]([c:6]1[H:12])[H:13])[O:1][H:8])[H:9])[H:10],,
0,-0.5327684364816806,RESP2,PW6B95/cc-pV(D+d)Z,1.0,0.65,O,resp2,1,[H:11][c:5]1[c:4]([c:3]([c:2]([c:7]([c:6]1[H:12])[H:13])[O:1][H:8])[H:9])[H:10],,
1,0.3741891673776479,RESP2,PW6B95/cc-pV(D+d)Z,1.0,0.65,C,resp2,2,[H:11][c:5]1[c:4]([c:3]([c:2]([c:7]([c:6]1[H:12])[H:13])[O:1][H:8])[H:9])[H:10],,
2,-0.2702479808055136,RESP2,PW6B95/cc-pV(D+d)Z,1.0,0.65,C,resp2,3,[H:11][c:5]1[c:4]([c:3]([c:2]([c:7]([c:6]1[H:12])[H:13])[O:1][H:8])[H:9])[H:10],,
3,-0.0821777509638576,RESP2,PW6B95/cc-pV(D+d)Z,1.0,0.65,C,resp2,4,[H:11][c:5]1[c:4]([c:3]([c:2]([c:7]([c:6]1[H:12])[H:13])[O:1][H:8])[H:9])[H:10],,
4,-0.2026739947511729,RESP2,PW6B95/cc-pV(D+d)Z,1.0,0.65,C,resp2,5,[H:11][c:5]1[c:4]([c:3]([c:2]([c:7]([c:6]1[H:12])[H:13])[O:1][H:8])[H:9])[H:10],,
5,-0.0473655953023847,RESP2,PW6B95/cc-pV(D+d)Z,1.0,0.65,C,resp2,6,[H:11][c:5]1[c:4]([c:3]([c:2]([c:7]([c:6]1[H:12])[H:13])[O:1][H:8])[H:9])[H:10],,
6,-0.3389979603338784,RESP2,PW6B95/cc-pV(D+d)Z,1.0,0.65,C,resp2,7,[H:11][c:5]1[c:4]([c:3]([c:2]([c:7]([c:6]1[H:12])[H:13])[O:1][H:8])[H:9])[H:10],,
7,0.4082540937794749,RESP2,PW6B95/cc-pV(D+d)Z,1.0,0.65,H,resp2,8,[H:11][c:5]1[c:4]([c:3]([c:2]([c:7]([c:6]1[H:12])[H:13])[O:1][H:8])[H:9])[H:10],,
8,0.1658972425573499,RESP2,PW6B95/cc-pV(D+d)Z,1.0,0.65,H,resp2,9,[H:11][c:5]1[c:4]([c:3]([c:2]([c:7]([c:6]1[H:12])[H:13])[O:1][H:8])[H:9])[H:10],,
9,0.1251075405977533,RESP2,PW6B95/cc-pV(D+d)Z,1.0,0.65,H,resp2,10,[H:11][c:5]1[c:4]([c:3]([c:2]([c:7]([c:6]1[H:12])[H:13])[O:1][H:8])[H:9])[H:10],,
10,0.1316482389904267,RESP2,PW6B95/cc-pV(D+d)Z,1.0,0.65,H,resp2,11,[H:11][c:5]1[c:4]([c:3]([c:2]([c:7]([c:6]1[H:12])[H:13])[O:1][H:8])[H:9])[H:10],,
11,0.1213142198925394,RESP2,PW6B95/cc-pV(D+d)Z,1.0,0.65,H,resp2,12,[H:11][c:5]1[c:4]([c:3]([c:2]([c:7]([c:6]1[H:12])[H:13])[O:1][H:8])[H:9])[H:10],,
12,0.1478212154432955,RESP2,PW6B95/cc-pV(D+d)Z,1.0,0.65,H,resp2,13,[H:11][c:5]1[c:4]([c:3]([c:2]([c:7]([c:6]1[H:12])[H:13])[O:1][H:8])[H:9])[H:10],,
0,-0.5338104391498852,RESP2,PW6B95/cc-pV(D+d)Z,1.0,0.7000000000000001,O,resp2,1,[H:11][c:5]1[c:4]([c:3]([c:2]([c:7]([c:6]1[H:12])[H:13])[O:1][H:8])[H:9])[H:10],,
1,0.3742403508538323,RESP2,PW6B95/cc-pV(D+d)Z,1.0,0.7000000000000001,C,resp2,2,[H:11][c:5]1[c:4]([c:3]([c:2]([c:7]([c:6]1[H:12])[H:13])[O:1][H:8])[H:9])[H:10],,
2,-0.2711633117690177,RESP2,PW6B95/cc-pV(D+d)Z,1.0,0.7000000000000001,C,resp2,3,[H:11][c:5]1[c:4]([c:3]([c:2]([c:7]([c:6]1[H:12])[H:13])[O:1][H:8])[H:9])[H:10],,
3,-0.0822011857331073,RESP2,PW6B95/cc-pV(D+d)Z,1.0,0.7000000000000001,C,resp2,4,[H:11][c:5]1[c:4]([c:3]([c:2]([c:7]([c:6]1[H:12])[H:13])[O:1][H:8])[H:9])[H:10],,
4,-0.2030234593314571,RESP2,PW6B95/cc-pV(D+d)Z,1.0,0.7000000000000001,C,resp2,5,[H:11][c:5]1[c:4]([c:3]([c:2]([c:7]([c:6]1[H:12])[H:13])[O:1][H:8])[H:9])[H:10],,
5,-0.0473320674473567,RESP2,PW6B95/cc-pV(D+d)Z,1.0,0.7000000000000001,C,resp2,6,[H:11][c:5]1[c:4]([c:3]([c:2]([c:7]([c:6]1[H:12])[H:13])[O:1][H:8])[H:9])[H:10],,
6,-0.3389730650463949,RESP2,PW6B95/cc-pV(D+d)Z,1.0,0.7000000000000001,C,resp2,7,[H:11][c:5]1[c:4]([c:3]([c:2]([c:7]([c:6]1[H:12])[H:13])[O:1][H:8])[H:9])[H:10],,
7,0.4092094505641047,RESP2,PW6B95/cc-pV(D+d)Z,1.0,0.7000000000000001,H,resp2,8,[H:11][c:5]1[c:4]([c:3]([c:2]([c:7]([c:6]1[H:12])[H:13])[O:1][H:8])[H:9])[H:10],,
8,0.1661606206969451,RESP2,PW6B95/cc-pV(D+d)Z,1.0,0.7000000000000001,H,resp2,9,[H:11][c:5]1[c:4]([c:3]([c:2]([c:7]([c:6]1[H:12])[H:13])[O:1][H:8])[H:9])[H:10],,
9,0.1254077072834426,RESP2,PW6B95/cc-pV(D+d)Z,1.0,0.7000000000000001,H,resp2,10,[H:11][c:5]1[c:4]([c:3]([c:2]([c:7]([c:6]1[H:12])[H:13])[O:1][H:8])[H:9])[H:10],,
10,0.13190054836736,RESP2,PW6B95/cc-pV(D+d)Z,1.0,0.7000000000000001,H,resp2,11,[H:11][c:5]1[c:4]([c:3]([c:2]([c:7]([c:6]1[H:12])[H:13])[O:1][H:8])[H:9])[H:10],,
11,0.1214847263682766,RESP2,PW6B95/cc-pV(D+d)Z,1.0,0.7000000000000001,H,resp2,12,[H:11][c:5]1[c:4]([c:3]([c:2]([c:7]([c:6]1[H:12])[H:13])[O:1][H:8])[H:9])[H:10],,
12,0.1481001243432577,RESP2,PW6B95/cc-pV(D+d)Z,1.0,0.7000000000000001,H,resp2,13,[H:11][c:5]1[c:4]([c:3]([c:2]([c:7]([c:6]1[H:12])[H:13])[O:1][H:8])[H:9])[H:10],,
0,-0.5348524418180899,RESP2,PW6B95/cc-pV(D+d)Z,1.0,0.75,O,resp2,1,[H:11][c:5]1[c:4]([c:3]([c:2]([c:7]([c:6]1[H:12])[H:13])[O:1][H:8])[H:9])[H:10],,
1,0.3742915343300166,RESP2,PW6B95/cc-pV(D+d)Z,1.0,0.75,C,resp2,2,[H:11][c:5]1[c:4]([c:3]([c:2]([c:7]([c:6]1[H:12])[H:13])[O:1][H:8])[H:9])[H:10],,
2,-0.272078642732522,RESP2,PW6B95/cc-pV(D+d)Z,1.0,0.75,C,resp2,3,[H:11][c:5]1[c:4]([c:3]([c:2]([c:7]([c:6]1[H:12])[H:13])[O:1][H:8])[H:9])[H:10],,
3,-0.0822246205023571,RESP2,PW6B95/cc-pV(D+d)Z,1.0,0.75,C,resp2,4,[H:11][c:5]1[c:4]([c:3]([c:2]([c:7]([c:6]1[H:12])[H:13])[O:1][H:8])[H:9])[H:10],,
4,-0.2033729239117412,RESP2,PW6B95/cc-pV(D+d)Z,1.0,0.75,C,resp2,5,[H:11][c:5]1[c:4]([c:3]([c:2]([c:7]([c:6]1[H:12])[H:13])[O:1][H:8])[H:9])[H:10],,
5,-0.0472985395923288,RESP2,PW6B95/cc-pV(D+d)Z,1.0,0.75,C,resp2,6,[H:11][c:5]1[c:4]([c:3]([c:2]([c:7]([c:6]1[H:12])[H:13])[O:1][H:8])[H:9])[H:10],,
6,-0.3389481697589115,RESP2,PW6B95/cc-pV(D+d)Z,1.0,0.75,C,resp2,7,[H:11][c:5]1[c:4]([c:3]([c:2]([c:7]([c:6]1[H:12])[H:13])[O:1][H:8])[H:9])[H:10],,
7,0.4101648073487345,RESP2,PW6B95/cc-pV(D+d)Z,1.0,0.75,H,resp2,8,[H:11][c:5]1[c:4]([c:3]([c:2]([c:7]([c:6]1[H:12])[H:13])[O:1][H:8])[H:9])[H:10],,
8,0.1664239988365403,RESP2,PW6B95/cc-pV(D+d)Z,1.0,0.75,H,resp2,9,[H:11][c:5]1[c:4]([c:3]([c:2]([c:7]([c:6]1[H:12])[H:13])[O:1][H:8])[H:9])[H:10],,
9,0.1257078739691319,RESP2,PW6B95/cc-pV(D+d)Z,1.0,0.75,H,resp2,10,[H:11][c:5]1[c:4]([c:3]([c:2]([c:7]([c:6]1[H:12])[H:13])[O:1][H:8])[H:9])[H:10],,
10,0.1321528577442934,RESP2,PW6B95/cc-pV(D+d)Z,1.0,0.75,H,resp2,11,[H:11][c:5]1[c:4]([c:3]([c:2]([c:7]([c:6]1[H:12])[H:13])[O:1][H:8])[H:9])[H:10],,
11,0.1216552328440137,RESP2,PW6B95/cc-pV(D+d)Z,1.0,0.75,H,resp2,12,[H:11][c:5]1[c:4]([c:3]([c:2]([c:7]([c:6]1[H:12])[H:13])[O:1][H:8])[H:9])[H:10],,
12,0.1483790332432199,RESP2,PW6B95/cc-pV(D+d)Z,1.0,0.75,H,resp2,13,[H:11][c:5]1[c:4]([c:3]([c:2]([c:7]([c:6]1[H:12])[H:13])[O:1][H:8])[H:9])[H:10],,
0,-0.5358944444862946,RESP2,PW6B95/cc-pV(D+d)Z,1.0,0.8,O,resp2,1,[H:11][c:5]1[c:4]([c:3]([c:2]([c:7]([c:6]1[H:12])[H:13])[O:1][H:8])[H:9])[H:10],,
1,0.374342717806201,RESP2,PW6B95/cc-pV(D+d)Z,1.0,0.8,C,resp2,2,[H:11][c:5]1[c:4]([c:3]([c:2]([c:7]([c:6]1[H:12])[H:13])[O:1][H:8])[H:9])[H:10],,
2,-0.2729939736960262,RESP2,PW6B95/cc-pV(D+d)Z,1.0,0.8,C,resp2,3,[H:11][c:5]1[c:4]([c:3]([c:2]([c:7]([c:6]1[H:12])[H:13])[O:1][H:8])[H:9])[H:10],,
3,-0.0822480552716068,RESP2,PW6B95/cc-pV(D+d)Z,1.0,0.8,C,resp2,4,[H:11][c:5]1[c:4]([c:3]([c:2]([c:7]([c:6]1[H:12])[H:13])[O:1][H:8])[H:9])[H:10],,
4,-0.2037223884920253,RESP2,PW6B95/cc-pV(D+d)Z,1.0,0.8,C,resp2,5,[H:11][c:5]1[c:4]([c:3]([c:2]([c:7]([c:6]1[H:12])[H:13])[O:1][H:8])[H:9])[H:10],,
5,-0.0472650117373009,RESP2,PW6B95/cc-pV(D+d)Z,1.0,0.8,C,resp2,6,[H:11][c:5]1[c:4]([c:3]([c:2]([c:7]([c:6]1[H:12])[H:13])[O:1][H:8])[H:9])[H:10],,
6,-0.3389232744714281,RESP2,PW6B95/cc-pV(D+d)Z,1.0,0.8,C,resp2,7,[H:11][c:5]1[c:4]([c:3]([c:2]([c:7]([c:6]1[H:12])[H:13])[O:1][H:8])[H:9])[H:10],,
7,0.4111201641333644,RESP2,PW6B95/cc-pV(D+d)Z,1.0,0.8,H,resp2,8,[H:11][c:5]1[c:4]([c:3]([c:2]([c:7]([c:6]1[H:12])[H:13])[O:1][H:8])[H:9])[H:10],,
8,0.1666873769761355,RESP2,PW6B95/cc-pV(D+d)Z,1.0,0.8,H,resp2,9,[H:11][c:5]1[c:4]([c:3]([c:2]([c:7]([c:6]1[H:12])[H:13])[O:1][H:8])[H:9])[H:10],,
9,0.1260080406548212,RESP2,PW6B95/cc-pV(D+d)Z,1.0,0.8,H,resp2,10,[H:11][c:5]1[c:4]([c:3]([c:2]([c:7]([c:6]1[H:12])[H:13])[O:1][H:8])[H:9])[H:10],,
10,0.1324051671212267,RESP2,PW6B95/cc-pV(D+d)Z,1.0,0.8,H,resp2,11,[H:11][c:5]1[c:4]([c:3]([c:2]([c:7]([c:6]1[H:12])[H:13])[O:1][H:8])[H:9])[H:10],,
11,0.121825739319751,RESP2,PW6B95/cc-pV(D+d)Z,1.0,0.8,H,resp2,12,[H:11][c:5]1[c:4]([c:3]([c:2]([c:7]([c:6]1[H:12])[H:13])[O:1][H:8])[H:9])[H:10],,
12,0.148657942143182,RESP2,PW6B95/cc-pV(D+d)Z,1.0,0.8,H,resp2,13,[H:11][c:5]1[c:4]([c:3]([c:2]([c:7]([c:6]1[H:12])[H:13])[O:1][H:8])[H:9])[H:10],,
0,-0.5369364471544994,RESP2,PW6B95/cc-pV(D+d)Z,1.0,0.8500000000000001,O,resp2,1,[H:11][c:5]1[c:4]([c:3]([c:2]([c:7]([c:6]1[H:12])[H:13])[O:1][H:8])[H:9])[H:10],,
1,0.3743939012823853,RESP2,PW6B95/cc-pV(D+d)Z,1.0,0.8500000000000001,C,resp2,2,[H:11][c:5]1[c:4]([c:3]([c:2]([c:7]([c:6]1[H:12])[H:13])[O:1][H:8])[H:9])[H:10],,
2,-0.2739093046595303,RESP2,PW6B95/cc-pV(D+d)Z,1.0,0.8500000000000001,C,resp2,3,[H:11][c:5]1[c:4]([c:3]([c:2]([c:7]([c:6]1[H:12])[H:13])[O:1][H:8])[H:9])[H:10],,
3,-0.0822714900408565,RESP2,PW6B95/cc-pV(D+d)Z,1.0,0.8500000000000001,C,resp2,4,[H:11][c:5]1[c:4]([c:3]([c:2]([c:7]([c:6]1[H:12])[H:13])[O:1][H:8])[H:9])[H:10],,
4,-0.2040718530723094,RESP2,PW6B95/cc-pV(D+d)Z,1.0,0.8500000000000001,C,resp2,5,[H:11][c:5]1[c:4]([c:3]([c:2]([c:7]([c:6]1[H:12])[H:13])[O:1][H:8])[H:9])[H:10],,
5,-0.0472314838822729,RESP2,PW6B95/cc-pV(D+d)Z,1.0,0.8500000000000001,C,resp2,6,[H:11][c:5]1[c:4]([c:3]([c:2]([c:7]([c:6]1[H:12])[H:13])[O:1][H:8])[H:9])[H:10],,
6,-0.3388983791839445,RESP2,PW6B95/cc-pV(D+d)Z,1.0,0.8500000000000001,C,resp2,7,[H:11][c:5]1[c:4]([c:3]([c:2]([c:7]([c:6]1[H:12])[H:13])[O:1][H:8])[H:9])[H:10],,
7,0.4120755209179942,RESP2,PW6B95/cc-pV(D+d)Z,1.0,0.8500000000000001,H,resp2,8,[H:11][c:5]1[c:4]([c:3]([c:2]([c:7]([c:6]1[H:12])[H:13])[O:1][H:8])[H:9])[H:10],,
8,0.1669507551157307,RESP2,PW6B95/cc-pV(D+d)Z,1.0,0.8500000000000001,H,resp2,9,[H:11][c:5]1[c:4]([c:3]([c:2]([c:7]([c:6]1[H:12])[H:13])[O:1][H:8])[H:9])[H:10],,
9,0.1263082073405105,RESP2,PW6B95/cc-pV(D+d)Z,1.0,0.8500000000000001,H,resp2,10,[H:11][c:5]1[c:4]([c:3]([c:2]([c:7]([c:6]1[H:12])[H:13])[O:1][H:8])[H:9])[H:10],,
10,0.13265747649816,RESP2,PW6B95/cc-pV(D+d)Z,1.0,0.8500000000000001,H,resp2,11,[H:11][c:5]1[c:4]([c:3]([c:2]([c:7]([c:6]1[H:12])[H:13])[O:1][H:8])[H:9])[H:10],,
11,0.1219962457954881,RESP2,PW6B95/cc-pV(D+d)Z,1.0,0.8500000000000001,H,resp2,12,[H:11][c:5]1[c:4]([c:3]([c:2]([c:7]([c:6]1[H:12])[H:13])[O:1][H:8])[H:9])[H:10],,
12,0.1489368510431442,RESP2,PW6B95/cc-pV(D+d)Z,1.0,0.8500000000000001,H,resp2,13,[H:11][c:5]1[c:4]([c:3]([c:2]([c:7]([c:6]1[H:12])[H:13])[O:1][H:8])[H:9])[H:10],,
0,-0.537978449822704,RESP2,PW6B95/cc-pV(D+d)Z,1.0,0.9,O,resp2,1,[H:11][c:5]1[c:4]([c:3]([c:2]([c:7]([c:6]1[H:12])[H:13])[O:1][H:8])[H:9])[H:10],,
1,0.3744450847585697,RESP2,PW6B95/cc-pV(D+d)Z,1.0,0.9,C,resp2,2,[H:11][c:5]1[c:4]([c:3]([c:2]([c:7]([c:6]1[H:12])[H:13])[O:1][H:8])[H:9])[H:10],,
2,-0.2748246356230345,RESP2,PW6B95/cc-pV(D+d)Z,1.0,0.9,C,resp2,3,[H:11][c:5]1[c:4]([c:3]([c:2]([c:7]([c:6]1[H:12])[H:13])[O:1][H:8])[H:9])[H:10],,
3,-0.0822949248101063,RESP2,PW6B95/cc-pV(D+d)Z,1.0,0.9,C,resp2,4,[H:11][c:5]1[c:4]([c:3]([c:2]([c:7]([c:6]1[H:12])[H:13])[O:1][H:8])[H:9])[H:10],,
4,-0.2044213176525935,RESP2,PW6B95/cc-pV(D+d)Z,1.0,0.9,C,resp2,5,[H:11][c:5]1[c:4]([c:3]([c:2]([c:7]([c:6]1[H:12])[H:13])[O:1][H:8])[H:9])[H:10],,
5,-0.047197956027245,RESP2,PW6B95/cc-pV(D+d)Z,1.0,0.9,C,resp2,6,[H:11][c:5]1[c:4]([c:3]([c:2]([c:7]([c:6]1[H:12])[H:13])[O:1][H:8])[H:9])[H:10],,
6,-0.3388734838964611,RESP2,PW6B95/cc-pV(D+d)Z,1.0,0.9,C,resp2,7,[H:11][c:5]1[c:4]([c:3]([c:2]([c:7]([c:6]1[H:12])[H:13])[O:1][H:8])[H:9])[H:10],,
7,0.4130308777026241,RESP2,PW6B95/cc-pV(D+d)Z,1.0,0.9,H,resp2,8,[H:11][c:5]1[c:4]([c:3]([c:2]([c:7]([c:6]1[H:12])[H:13])[O:1][H:8])[H:9])[H:10],,
8,0.1672141332553259,RESP2,PW6B95/cc-pV(D+d)Z,1.0,0.9,H,resp2,9,[H:11][c:5]1[c:4]([c:3]([c:2]([c:7]([c:6]1[H:12])[H:13])[O:1][H:8])[H:9])[H:10],,
9,0.1266083740261998,RESP2,PW6B95/cc-pV(D+d)Z,1.0,0.9,H,resp2,10,[H:11][c:5]1[c:4]([c:3]([c:2]([c:7]([c:6]1[H:12])[H:13])[O:1][H:8])[H:9])[H:10],,
10,0.1329097858750933,RESP2,PW6B95/cc-pV(D+d)Z,1.0,0.9,H,resp2,11,[H:11][c:5]1[c:4]([c:3]([c:2]([c:7]([c:6]1[H:12])[H:13])[O:1][H:8])[H:9])[H:10],,
11,0.1221667522712253,RESP2,PW6B95/cc-pV(D+d)Z,1.0,0.9,H,resp2,12,[H:11][c:5]1[c:4]([c:3]([c:2]([c:7]([c:6]1[H:12])[H:13])[O:1][H:8])[H:9])[H:10],,
12,0.1492157599431064,RESP2,PW6B95/cc-pV(D+d)Z,1.0,0.9,H,resp2,13,[H:11][c:5]1[c:4]([c:3]([c:2]([c:7]([c:6]1[H:12])[H:13])[O:1][H:8])[H:9])[H:10],,
0,-0.5390204524909088,RESP2,PW6B95/cc-pV(D+d)Z,1.0,0.95,O,resp2,1,[H:11][c:5]1[c:4]([c:3]([c:2]([c:7]([c:6]1[H:12])[H:13])[O:1][H:8])[H:9])[H:10],,
1,0.374496268234754,RESP2,PW6B95/cc-pV(D+d)Z,1.0,0.95,C,resp2,2,[H:11][c:5]1[c:4]([c:3]([c:2]([c:7]([c:6]1[H:12])[H:13])[O:1][H:8])[H:9])[H:10],,
2,-0.2757399665865387,RESP2,PW6B95/cc-pV(D+d)Z,1.0,0.95,C,resp2,3,[H:11][c:5]1[c:4]([c:3]([c:2]([c:7]([c:6]1[H:12])[H:13])[O:1][H:8])[H:9])[H:10],,
3,-0.082318359579356,RESP2,PW6B95/cc-pV(D+d)Z,1.0,0.95,C,resp2,4,[H:11][c:5]1[c:4]([c:3]([c:2]([c:7]([c:6]1[H:12])[H:13])[O:1][H:8])[H:9])[H:10],,
4,-0.2047707822328776,RESP2,PW6B95/cc-pV(D+d)Z,1.0,0.95,C,resp2,5,[H:11][c:5]1[c:4]([c:3]([c:2]([c:7]([c:6]1[H:12])[H:13])[O:1][H:8])[H:9])[H:10],,
5,-0.0471644281722171,RESP2,PW6B95/cc-pV(D+d)Z,1.0,0.95,C,resp2,6,[H:11][c:5]1[c:4]([c:3]([c:2]([c:7]([c:6]1[H:12])[H:13])[O:1][H:8])[H:9])[H:10],,
6,-0.3388485886089777,RESP2,PW6B95/cc-pV(D+d)Z,1.0,0.95,C,resp2,7,[H:11][c:5]1[c:4]([c:3]([c:2]([c:7]([c:6]1[H:12])[H:13])[O:1][H:8])[H:9])[H:10],,
7,0.4139862344872539,RESP2,PW6B95/cc-pV(D+d)Z,1.0,0.95,H,resp2,8,[H:11][c:5]1[c:4]([c:3]([c:2]([c:7]([c:6]1[H:12])[H:13])[O:1][H:8])[H:9])[H:10],,
8,0.1674775113949211,RESP2,PW6B95/cc-pV(D+d)Z,1.0,0.95,H,resp2,9,[H:11][c:5]1[c:4]([c:3]([c:2]([c:7]([c:6]1[H:12])[H:13])[O:1][H:8])[H:9])[H:10],,
9,0.1269085407118891,RESP2,PW6B95/cc-pV(D+d)Z,1.0,0.95,H,resp2,10,[H:11][c:5]1[c:4]([c:3]([c:2]([c:7]([c:6]1[H:12])[H:13])[O:1][H:8])[H:9])[H:10],,
10,0.1331620952520266,RESP2,PW6B95/cc-pV(D+d)Z,1.0,0.95,H,resp2,11,[H:11][c:5]1[c:4]([c:3]([c:2]([c:7]([c:6]1[H:12])[H:13])[O:1][H:8])[H:9])[H:10],,
11,0.1223372587469625,RESP2,PW6B95/cc-pV(D+d)Z,1.0,0.95,H,resp2,12,[H:11][c:5]1[c:4]([c:3]([c:2]([c:7]([c:6]1[H:12])[H:13])[O:1][H:8])[H:9])[H:10],,
12,0.1494946688430685,RESP2,PW6B95/cc-pV(D+d)Z,1.0,0.95,H,resp2,13,[H:11][c:5]1[c:4]([c:3]([c:2]([c:7]([c:6]1[H:12])[H:13])[O:1][H:8])[H:9])[H:10],,
0,-0.5400624551591134,RESP2,PW6B95/cc-pV(D+d)Z,1.0,1.0,O,resp2,1,[H:11][c:5]1[c:4]([c:3]([c:2]([c:7]([c:6]1[H:12])[H:13])[O:1][H:8])[H:9])[H:10],,
1,0.3745474517109384,RESP2,PW6B95/cc-pV(D+d)Z,1.0,1.0,C,resp2,2,[H:11][c:5]1[c:4]([c:3]([c:2]([c:7]([c:6]1[H:12])[H:13])[O:1][H:8])[H:9])[H:10],,
2,-0.2766552975500429,RESP2,PW6B95/cc-pV(D+d)Z,1.0,1.0,C,resp2,3,[H:11][c:5]1[c:4]([c:3]([c:2]([c:7]([c:6]1[H:12])[H:13])[O:1][H:8])[H:9])[H:10],,
3,-0.0823417943486058,RESP2,PW6B95/cc-pV(D+d)Z,1.0,1.0,C,resp2,4,[H:11][c:5]1[c:4]([c:3]([c:2]([c:7]([c:6]1[H:12])[H:13])[O:1][H:8])[H:9])[H:10],,
4,-0.2051202468131617,RESP2,PW6B95/cc-pV(D+d)Z,1.0,1.0,C,resp2,5,[H:11][c:5]1[c:4]([c:3]([c:2]([c:7]([c:6]1[H:12])[H:13])[O:1][H:8])[H:9])[H:10],,
5,-0.0471309003171892,RESP2,PW6B95/cc-pV(D+d)Z,1.0,1.0,C,resp2,6,[H:11][c:5]1[c:4]([c:3]([c:2]([c:7]([c:6]1[H:12])[H:13])[O:1][H:8])[H:9])[H:10],,
6,-0.3388236933214942,RESP2,PW6B95/cc-pV(D+d)Z,1.0,1.0,C,resp2,7,[H:11][c:5]1[c:4]([c:3]([c:2]([c:7]([c:6]1[H:12])[H:13])[O:1][H:8])[H:9])[H:10],,
7,0.4149415912718838,RESP2,PW6B95/cc-pV(D+d)Z,1.0,1.0,H,resp2,8,[H:11][c:5]1[c:4]([c:3]([c:2]([c:7]([c:6]1[H:12])[H:13])[O:1][H:8])[H:9])[H:10],,
8,0.1677408895345162,RESP2,PW6B95/cc-pV(D+d)Z,1.0,1.0,H,resp2,9,[H:11][c:5]1[c:4]([c:3]([c:2]([c:7]([c:6]1[H:12])[H:13])[O:1][H:8])[H:9])[H:10],,
9,0.1272087073975784,RESP2,PW6B95/cc-pV(D+d)Z,1.0,1.0,H,resp2,10,[H:11][c:5]1[c:4]([c:3]([c:2]([c:7]([c:6]1[H:12])[H:13])[O:1][H:8])[H:9])[H:10],,
10,0.1334144046289599,RESP2,PW6B95/cc-pV(D+d)Z,1.0,1.0,H,resp2,11,[H:11][c:5]1[c:4]([c:3]([c:2]([c:7]([c:6]1[H:12])[H:13])[O:1][H:8])[H:9])[H:10],,
11,0.1225077652226997,RESP2,PW6B95/cc-pV(D+d)Z,1.0,1.0,H,resp2,12,[H:11][c:5]1[c:4]([c:3]([c:2]([c:7]([c:6]1[H:12])[H:13])[O:1][H:8])[H:9])[H:10],,
12,0.1497735777430307,RESP2,PW6B95/cc-pV(D+d)Z,1.0,1.0,H,resp2,13,[H:11][c:5]1[c:4]([c:3]([c:2]([c:7]([c:6]1[H:12])[H:13])[O:1][H:8])[H:9])[H:10],,
0,-0.5192224017948874,RESP2,PW6B95/cc-pV(D+d)Z,,0.0,O,resp2,1,[H:11][c:5]1[c:4]([c:3]([c:2]([c:7]([c:6]1[H:12])[H:13])[O:1][H:8])[H:9])[H:10],,
1,0.3735237821862313,RESP2,PW6B95/cc-pV(D+d)Z,,0.0,C,resp2,2,[H:11][c:5]1[c:4]([c:3]([c:2]([c:7]([c:6]1[H:12])[H:13])[O:1][H:8])[H:9])[H:10],,
2,-0.2583486782786356,RESP2,PW6B95/cc-pV(D+d)Z,,0.0,C,resp2,3,[H:11][c:5]1[c:4]([c:3]([c:2]([c:7]([c:6]1[H:12])[H:13])[O:1][H:8])[H:9])[H:10],,
3,-0.0818730989653085,RESP2,PW6B95/cc-pV(D+d)Z,,0.0,C,resp2,4,[H:11][c:5]1[c:4]([c:3]([c:2]([c:7]([c:6]1[H:12])[H:13])[O:1][H:8])[H:9])[H:10],,
4,-0.1981309552058788,RESP2,PW6B95/cc-pV(D+d)Z,,0.0,C,resp2,5,[H:11][c:5]1[c:4]([c:3]([c:2]([c:7]([c:6]1[H:12])[H:13])[O:1][H:8])[H:9])[H:10],,
5,-0.047801457419043,RESP2,PW6B95/cc-pV(D+d)Z,,0.0,C,resp2,6,[H:11][c:5]1[c:4]([c:3]([c:2]([c:7]([c:6]1[H:12])[H:13])[O:1][H:8])[H:9])[H:10],,
6,-0.3393215990700495,RESP2,PW6B95/cc-pV(D+d)Z,,0.0,C,resp2,7,[H:11][c:5]1[c:4]([c:3]([c:2]([c:7]([c:6]1[H:12])[H:13])[O:1][H:8])[H:9])[H:10],,
7,0.3958344555792777,RESP2,PW6B95/cc-pV(D+d)Z,,0.0,H,resp2,8,[H:11][c:5]1[c:4]([c:3]([c:2]([c:7]([c:6]1[H:12])[H:13])[O:1][H:8])[H:9])[H:10],,
8,0.1624733267423798,RESP2,PW6B95/cc-pV(D+d)Z,,0.0,H,resp2,9,[H:11][c:5]1[c:4]([c:3]([c:2]([c:7]([c:6]1[H:12])[H:13])[O:1][H:8])[H:9])[H:10],,
9,0.1212053736841631,RESP2,PW6B95/cc-pV(D+d)Z,,0.0,H,resp2,10,[H:11][c:5]1[c:4]([c:3]([c:2]([c:7]([c:6]1[H:12])[H:13])[O:1][H:8])[H:9])[H:10],,
10,0.1283682170899707,RESP2,PW6B95/cc-pV(D+d)Z,,0.0,H,resp2,11,[H:11][c:5]1[c:4]([c:3]([c:2]([c:7]([c:6]1[H:12])[H:13])[O:1][H:8])[H:9])[H:10],,
11,0.1190976357081759,RESP2,PW6B95/cc-pV(D+d)Z,,0.0,H,resp2,12,[H:11][c:5]1[c:4]([c:3]([c:2]([c:7]([c:6]1[H:12])[H:13])[O:1][H:8])[H:9])[H:10],,
12,0.1441953997436044,RESP2,PW6B95/cc-pV(D+d)Z,,0.0,H,resp2,13,[H:11][c:5]1[c:4]([c:3]([c:2]([c:7]([c:6]1[H:12])[H:13])[O:1][H:8])[H:9])[H:10],,
0,-0.5202644044639001,RESP2,PW6B95/cc-pV(D+d)Z,,0.05,O,resp2,1,[H:11][c:5]1[c:4]([c:3]([c:2]([c:7]([c:6]1[H:12])[H:13])[O:1][H:8])[H:9])[H:10],,
1,0.3735749656807085,RESP2,PW6B95/cc-pV(D+d)Z,,0.05,C,resp2,2,[H:11][c:5]1[c:4]([c:3]([c:2]([c:7]([c:6]1[H:12])[H:13])[O:1][H:8])[H:9])[H:10],,
2,-0.259264009257138,RESP2,PW6B95/cc-pV(D+d)Z,,0.05,C,resp2,3,[H:11][c:5]1[c:4]([c:3]([c:2]([c:7]([c:6]1[H:12])[H:13])[O:1][H:8])[H:9])[H:10],,
3,-0.0818965337513415,RESP2,PW6B95/cc-pV(D+d)Z,,0.05,C,resp2,4,[H:11][c:5]1[c:4]([c:3]([c:2]([c:7]([c:6]1[H:12])[H:13])[O:1][H:8])[H:9])[H:10],,
4,-0.1984804197663143,RESP2,PW6B95/cc-pV(D+d)Z,,0.05,C,resp2,5,[H:11][c:5]1[c:4]([c:3]([c:2]([c:7]([c:6]1[H:12])[H:13])[O:1][H:8])[H:9])[H:10],,
5,-0.0477679295828822,RESP2,PW6B95/cc-pV(D+d)Z,,0.05,C,resp2,6,[H:11][c:5]1[c:4]([c:3]([c:2]([c:7]([c:6]1[H:12])[H:13])[O:1][H:8])[H:9])[H:10],,
6,-0.339296703785532,RESP2,PW6B95/cc-pV(D+d)Z,,0.05,C,resp2,7,[H:11][c:5]1[c:4]([c:3]([c:2]([c:7]([c:6]1[H:12])[H:13])[O:1][H:8])[H:9])[H:10],,
7,0.3967898123601672,RESP2,PW6B95/cc-pV(D+d)Z,,0.05,H,resp2,8,[H:11][c:5]1[c:4]([c:3]([c:2]([c:7]([c:6]1[H:12])[H:13])[O:1][H:8])[H:9])[H:10],,
8,0.1627367048877875,RESP2,PW6B95/cc-pV(D+d)Z,,0.05,H,resp2,9,[H:11][c:5]1[c:4]([c:3]([c:2]([c:7]([c:6]1[H:12])[H:13])[O:1][H:8])[H:9])[H:10],,
9,0.1215055403796906,RESP2,PW6B95/cc-pV(D+d)Z,,0.05,H,resp2,10,[H:11][c:5]1[c:4]([c:3]([c:2]([c:7]([c:6]1[H:12])[H:13])[O:1][H:8])[H:9])[H:10],,
10,0.1286205264654315,RESP2,PW6B95/cc-pV(D+d)Z,,0.05,H,resp2,11,[H:11][c:5]1[c:4]([c:3]([c:2]([c:7]([c:6]1[H:12])[H:13])[O:1][H:8])[H:9])[H:10],,
11,0.1192681421904801,RESP2,PW6B95/cc-pV(D+d)Z,,0.05,H,resp2,12,[H:11][c:5]1[c:4]([c:3]([c:2]([c:7]([c:6]1[H:12])[H:13])[O:1][H:8])[H:9])[H:10],,
12,0.1444743086428427,RESP2,PW6B95/cc-pV(D+d)Z,,0.05,H,resp2,13,[H:11][c:5]1[c:4]([c:3]([c:2]([c:7]([c:6]1[H:12])[H:13])[O:1][H:8])[H:9])[H:10],,
0,-0.5213064071329129,RESP2,PW6B95/cc-pV(D+d)Z,,0.1,O,resp2,1,[H:11][c:5]1[c:4]([c:3]([c:2]([c:7]([c:6]1[H:12])[H:13])[O:1][H:8])[H:9])[H:10],,
1,0.3736261491751858,RESP2,PW6B95/cc-pV(D+d)Z,,0.1,C,resp2,2,[H:11][c:5]1[c:4]([c:3]([c:2]([c:7]([c:6]1[H:12])[H:13])[O:1][H:8])[H:9])[H:10],,
2,-0.2601793402356405,RESP2,PW6B95/cc-pV(D+d)Z,,0.1,C,resp2,3,[H:11][c:5]1[c:4]([c:3]([c:2]([c:7]([c:6]1[H:12])[H:13])[O:1][H:8])[H:9])[H:10],,
3,-0.0819199685373746,RESP2,PW6B95/cc-pV(D+d)Z,,0.1,C,resp2,4,[H:11][c:5]1[c:4]([c:3]([c:2]([c:7]([c:6]1[H:12])[H:13])[O:1][H:8])[H:9])[H:10],,
4,-0.1988298843267498,RESP2,PW6B95/cc-pV(D+d)Z,,0.1,C,resp2,5,[H:11][c:5]1[c:4]([c:3]([c:2]([c:7]([c:6]1[H:12])[H:13])[O:1][H:8])[H:9])[H:10],,
5,-0.0477344017467214,RESP2,PW6B95/cc-pV(D+d)Z,,0.1,C,resp2,6,[H:11][c:5]1[c:4]([c:3]([c:2]([c:7]([c:6]1[H:12])[H:13])[O:1][H:8])[H:9])[H:10],,
6,-0.3392718085010144,RESP2,PW6B95/cc-pV(D+d)Z,,0.1,C,resp2,7,[H:11][c:5]1[c:4]([c:3]([c:2]([c:7]([c:6]1[H:12])[H:13])[O:1][H:8])[H:9])[H:10],,
7,0.3977451691410567,RESP2,PW6B95/cc-pV(D+d)Z,,0.1,H,resp2,8,[H:11][c:5]1[c:4]([c:3]([c:2]([c:7]([c:6]1[H:12])[H:13])[O:1][H:8])[H:9])[H:10],,
8,0.1630000830331952,RESP2,PW6B95/cc-pV(D+d)Z,,0.1,H,resp2,9,[H:11][c:5]1[c:4]([c:3]([c:2]([c:7]([c:6]1[H:12])[H:13])[O:1][H:8])[H:9])[H:10],,
9,0.121805707075218,RESP2,PW6B95/cc-pV(D+d)Z,,0.1,H,resp2,10,[H:11][c:5]1[c:4]([c:3]([c:2]([c:7]([c:6]1[H:12])[H:13])[O:1][H:8])[H:9])[H:10],,
10,0.1288728358408923,RESP2,PW6B95/cc-pV(D+d)Z,,0.1,H,resp2,11,[H:11][c:5]1[c:4]([c:3]([c:2]([c:7]([c:6]1[H:12])[H:13])[O:1][H:8])[H:9])[H:10],,
11,0.1194386486727843,RESP2,PW6B95/cc-pV(D+d)Z,,0.1,H,resp2,12,[H:11][c:5]1[c:4]([c:3]([c:2]([c:7]([c:6]1[H:12])[H:13])[O:1][H:8])[H:9])[H:10],,
12,0.144753217542081,RESP2,PW6B95/cc-pV(D+d)Z,,0.1,H,resp2,13,[H:11][c:5]1[c:4]([c:3]([c:2]([c:7]([c:6]1[H:12])[H:13])[O:1][H:8])[H:9])[H:10],,
0,-0.5223484098019255,RESP2,PW6B95/cc-pV(D+d)Z,,0.15,O,resp2,1,[H:11][c:5]1[c:4]([c:3]([c:2]([c:7]([c:6]1[H:12])[H:13])[O:1][H:8])[H:9])[H:10],,
1,0.373677332669663,RESP2,PW6B95/cc-pV(D+d)Z,,0.15,C,resp2,2,[H:11][c:5]1[c:4]([c:3]([c:2]([c:7]([c:6]1[H:12])[H:13])[O:1][H:8])[H:9])[H:10],,
2,-0.2610946712141428,RESP2,PW6B95/cc-pV(D+d)Z,,0.15,C,resp2,3,[H:11][c:5]1[c:4]([c:3]([c:2]([c:7]([c:6]1[H:12])[H:13])[O:1][H:8])[H:9])[H:10],,
3,-0.0819434033234076,RESP2,PW6B95/cc-pV(D+d)Z,,0.15,C,resp2,4,[H:11][c:5]1[c:4]([c:3]([c:2]([c:7]([c:6]1[H:12])[H:13])[O:1][H:8])[H:9])[H:10],,
4,-0.1991793488871852,RESP2,PW6B95/cc-pV(D+d)Z,,0.15,C,resp2,5,[H:11][c:5]1[c:4]([c:3]([c:2]([c:7]([c:6]1[H:12])[H:13])[O:1][H:8])[H:9])[H:10],,
5,-0.0477008739105606,RESP2,PW6B95/cc-pV(D+d)Z,,0.15,C,resp2,6,[H:11][c:5]1[c:4]([c:3]([c:2]([c:7]([c:6]1[H:12])[H:13])[O:1][H:8])[H:9])[H:10],,
6,-0.3392469132164968,RESP2,PW6B95/cc-pV(D+d)Z,,0.15,C,resp2,7,[H:11][c:5]1[c:4]([c:3]([c:2]([c:7]([c:6]1[H:12])[H:13])[O:1][H:8])[H:9])[H:10],,
7,0.3987005259219462,RESP2,PW6B95/cc-pV(D+d)Z,,0.15,H,resp2,8,[H:11][c:5]1[c:4]([c:3]([c:2]([c:7]([c:6]1[H:12])[H:13])[O:1][H:8])[H:9])[H:10],,
8,0.1632634611786029,RESP2,PW6B95/cc-pV(D+d)Z,,0.15,H,resp2,9,[H:11][c:5]1[c:4]([c:3]([c:2]([c:7]([c:6]1[H:12])[H:13])[O:1][H:8])[H:9])[H:10],,
9,0.1221058737707455,RESP2,PW6B95/cc-pV(D+d)Z,,0.15,H,resp2,10,[H:11][c:5]1[c:4]([c:3]([c:2]([c:7]([c:6]1[H:12])[H:13])[O:1][H:8])[H:9])[H:10],,
10,0.1291251452163532,RESP2,PW6B95/cc-pV(D+d)Z,,0.15,H,resp2,11,[H:11][c:5]1[c:4]([c:3]([c:2]([c:7]([c:6]1[H:12])[H:13])[O:1][H:8])[H:9])[H:10],,
11,0.1196091551550885,RESP2,PW6B95/cc-pV(D+d)Z,,0.15,H,resp2,12,[H:11][c:5]1[c:4]([c:3]([c:2]([c:7]([c:6]1[H:12])[H:13])[O:1][H:8])[H:9])[H:10],,
12,0.1450321264413193,RESP2,PW6B95/cc-pV(D+d)Z,,0.15,H,resp2,13,[H:11][c:5]1[c:4]([c:3]([c:2]([c:7]([c:6]1[H:12])[H:13])[O:1][H:8])[H:9])[H:10],,
0,-0.5233904124709383,RESP2,PW6B95/cc-pV(D+d)Z,,0.2,O,resp2,1,[H:11][c:5]1[c:4]([c:3]([c:2]([c:7]([c:6]1[H:12])[H:13])[O:1][H:8])[H:9])[H:10],,
1,0.3737285161641402,RESP2,PW6B95/cc-pV(D+d)Z,,0.2,C,resp2,2,[H:11][c:5]1[c:4]([c:3]([c:2]([c:7]([c:6]1[H:12])[H:13])[O:1][H:8])[H:9])[H:10],,
2,-0.2620100021926453,RESP2,PW6B95/cc-pV(D+d)Z,,0.2,C,resp2,3,[H:11][c:5]1[c:4]([c:3]([c:2]([c:7]([c:6]1[H:12])[H:13])[O:1][H:8])[H:9])[H:10],,
3,-0.0819668381094406,RESP2,PW6B95/cc-pV(D+d)Z,,0.2,C,resp2,4,[H:11][c:5]1[c:4]([c:3]([c:2]([c:7]([c:6]1[H:12])[H:13])[O:1][H:8])[H:9])[H:10],,
4,-0.1995288134476207,RESP2,PW6B95/cc-pV(D+d)Z,,0.2,C,resp2,5,[H:11][c:5]1[c:4]([c:3]([c:2]([c:7]([c:6]1[H:12])[H:13])[O:1][H:8])[H:9])[H:10],,
5,-0.0476673460743997,RESP2,PW6B95/cc-pV(D+d)Z,,0.2,C,resp2,6,[H:11][c:5]1[c:4]([c:3]([c:2]([c:7]([c:6]1[H:12])[H:13])[O:1][H:8])[H:9])[H:10],,
6,-0.3392220179319793,RESP2,PW6B95/cc-pV(D+d)Z,,0.2,C,resp2,7,[H:11][c:5]1[c:4]([c:3]([c:2]([c:7]([c:6]1[H:12])[H:13])[O:1][H:8])[H:9])[H:10],,
7,0.3996558827028357,RESP2,PW6B95/cc-pV(D+d)Z,,0.2,H,resp2,8,[H:11][c:5]1[c:4]([c:3]([c:2]([c:7]([c:6]1[H:12])[H:13])[O:1][H:8])[H:9])[H:10],,
8,0.1635268393240106,RESP2,PW6B95/cc-pV(D+d)Z,,0.2,H,resp2,9,[H:11][c:5]1[c:4]([c:3]([c:2]([c:7]([c:6]1[H:12])[H:13])[O:1][H:8])[H:9])[H:10],,
9,0.1224060404662729,RESP2,PW6B95/cc-pV(D+d)Z,,0.2,H,resp2,10,[H:11][c:5]1[c:4]([c:3]([c:2]([c:7]([c:6]1[H:12])[H:13])[O:1][H:8])[H:9])[H:10],,
10,0.129377454591814,RESP2,PW6B95/cc-pV(D+d)Z,,0.2,H,resp2,11,[H:11][c:5]1[c:4]([c:3]([c:2]([c:7]([c:6]1[H:12])[H:13])[O:1][H:8])[H:9])[H:10],,
11,0.1197796616373927,RESP2,PW6B95/cc-pV(D+d)Z,,0.2,H,resp2,12,[H:11][c:5]1[c:4]([c:3]([c:2]([c:7]([c:6]1[H:12])[H:13])[O:1][H:8])[H:9])[H:10],,
12,0.1453110353405577,RESP2,PW6B95/cc-pV(D+d)Z,,0.2,H,resp2,13,[H:11][c:5]1[c:4]([c:3]([c:2]([c:7]([c:6]1[H:12])[H:13])[O:1][H:8])[H:9])[H:10],,
0,-0.524432415139951,RESP2,PW6B95/cc-pV(D+d)Z,,0.25,O,resp2,1,[H:11][c:5]1[c:4]([c:3]([c:2]([c:7]([c:6]1[H:12])[H:13])[O:1][H:8])[H:9])[H:10],,
1,0.3737796996586175,RESP2,PW6B95/cc-pV(D+d)Z,,0.25,C,resp2,2,[H:11][c:5]1[c:4]([c:3]([c:2]([c:7]([c:6]1[H:12])[H:13])[O:1][H:8])[H:9])[H:10],,
2,-0.2629253331711477,RESP2,PW6B95/cc-pV(D+d)Z,,0.25,C,resp2,3,[H:11][c:5]1[c:4]([c:3]([c:2]([c:7]([c:6]1[H:12])[H:13])[O:1][H:8])[H:9])[H:10],,
3,-0.0819902728954737,RESP2,PW6B95/cc-pV(D+d)Z,,0.25,C,resp2,4,[H:11][c:5]1[c:4]([c:3]([c:2]([c:7]([c:6]1[H:12])[H:13])[O:1][H:8])[H:9])[H:10],,
4,-0.1998782780080562,RESP2,PW6B95/cc-pV(D+d)Z,,0.25,C,resp2,5,[H:11][c:5]1[c:4]([c:3]([c:2]([c:7]([c:6]1[H:12])[H:13])[O:1][H:8])[H:9])[H:10],,
5,-0.0476338182382389,RESP2,PW6B95/cc-pV(D+d)Z,,0.25,C,resp2,6,[H:11][c:5]1[c:4]([c:3]([c:2]([c:7]([c:6]1[H:12])[H:13])[O:1][H:8])[H:9])[H:10],,
6,-0.3391971226474616,RESP2,PW6B95/cc-pV(D+d)Z,,0.25,C,resp2,7,[H:11][c:5]1[c:4]([c:3]([c:2]([c:7]([c:6]1[H:12])[H:13])[O:1][H:8])[H:9])[H:10],,
7,0.4006112394837252,RESP2,PW6B95/cc-pV(D+d)Z,,0.25,H,resp2,8,[H:11][c:5]1[c:4]([c:3]([c:2]([c:7]([c:6]1[H:12])[H:13])[O:1][H:8])[H:9])[H:10],,
8,0.1637902174694183,RESP2,PW6B95/cc-pV(D+d)Z,,0.25,H,resp2,9,[H:11][c:5]1[c:4]([c:3]([c:2]([c:7]([c:6]1[H:12])[H:13])[O:1][H:8])[H:9])[H:10],,
9,0.1227062071618003,RESP2,PW6B95/cc-pV(D+d)Z,,0.25,H,resp2,10,[H:11][c:5]1[c:4]([c:3]([c:2]([c:7]([c:6]1[H:12])[H:13])[O:1][H:8])[H:9])[H:10],,
10,0.1296297639672748,RESP2,PW6B95/cc-pV(D+d)Z,,0.25,H,resp2,11,[H:11][c:5]1[c:4]([c:3]([c:2]([c:7]([c:6]1[H:12])[H:13])[O:1][H:8])[H:9])[H:10],,
11,0.1199501681196968,RESP2,PW6B95/cc-pV(D+d)Z,,0.25,H,resp2,12,[H:11][c:5]1[c:4]([c:3]([c:2]([c:7]([c:6]1[H:12])[H:13])[O:1][H:8])[H:9])[H:10],,
12,0.145589944239796,RESP2,PW6B95/cc-pV(D+d)Z,,0.25,H,resp2,13,[H:11][c:5]1[c:4]([c:3]([c:2]([c:7]([c:6]1[H:12])[H:13])[O:1][H:8])[H:9])[H:10],,
0,-0.5254744178089638,RESP2,PW6B95/cc-pV(D+d)Z,,0.3,O,resp2,1,[H:11][c:5]1[c:4]([c:3]([c:2]([c:7]([c:6]1[H:12])[H:13])[O:1][H:8])[H:9])[H:10],,
1,0.3738308831530948,RESP2,PW6B95/cc-pV(D+d)Z,,0.3,C,resp2,2,[H:11][c:5]1[c:4]([c:3]([c:2]([c:7]([c:6]1[H:12])[H:13])[O:1][H:8])[H:9])[H:10],,
2,-0.2638406641496501,RESP2,PW6B95/cc-pV(D+d)Z,,0.3,C,resp2,3,[H:11][c:5]1[c:4]([c:3]([c:2]([c:7]([c:6]1[H:12])[H:13])[O:1][H:8])[H:9])[H:10],,
3,-0.0820137076815067,RESP2,PW6B95/cc-pV(D+d)Z,,0.3,C,resp2,4,[H:11][c:5]1[c:4]([c:3]([c:2]([c:7]([c:6]1[H:12])[H:13])[O:1][H:8])[H:9])[H:10],,
4,-0.2002277425684916,RESP2,PW6B95/cc-pV(D+d)Z,,0.3,C,resp2,5,[H:11][c:5]1[c:4]([c:3]([c:2]([c:7]([c:6]1[H:12])[H:13])[O:1][H:8])[H:9])[H:10],,
5,-0.0476002904020781,RESP2,PW6B95/cc-pV(D+d)Z,,0.3,C,resp2,6,[H:11][c:5]1[c:4]([c:3]([c:2]([c:7]([c:6]1[H:12])[H:13])[O:1][H:8])[H:9])[H:10],,
6,-0.3391722273629441,RESP2,PW6B95/cc-pV(D+d)Z,,0.3,C,resp2,7,[H:11][c:5]1[c:4]([c:3]([c:2]([c:7]([c:6]1[H:12])[H:13])[O:1][H:8])[H:9])[H:10],,
7,0.4015665962646147,RESP2,PW6B95/cc-pV(D+d)Z,,0.3,H,resp2,8,[H:11][c:5]1[c:4]([c:3]([c:2]([c:7]([c:6]1[H:12])[H:13])[O:1][H:8])[H:9])[H:10],,
8,0.164053595614826,RESP2,PW6B95/cc-pV(D+d)Z,,0.3,H,resp2,9,[H:11][c:5]1[c:4]([c:3]([c:2]([c:7]([c:6]1[H:12])[H:13])[O:1][H:8])[H:9])[H:10],,
9,0.1230063738573278,RESP2,PW6B95/cc-pV(D+d)Z,,0.3,H,resp2,10,[H:11][c:5]1[c:4]([c:3]([c:2]([c:7]([c:6]1[H:12])[H:13])[O:1][H:8])[H:9])[H:10],,
10,0.1298820733427357,RESP2,PW6B95/cc-pV(D+d)Z,,0.3,H,resp2,11,[H:11][c:5]1[c:4]([c:3]([c:2]([c:7]([c:6]1[H:12])[H:13])[O:1][H:8])[H:9])[H:10],,
11,0.120120674602001,RESP2,PW6B95/cc-pV(D+d)Z,,0.3,H,resp2,12,[H:11][c:5]1[c:4]([c:3]([c:2]([c:7]([c:6]1[H:12])[H:13])[O:1][H:8])[H:9])[H:10],,
12,0.1458688531390343,RESP2,PW6B95/cc-pV(D+d)Z,,0.3,H,resp2,13,[H:11][c:5]1[c:4]([c:3]([c:2]([c:7]([c:6]1[H:12])[H:13])[O:1][H:8])[H:9])[H:10],,
0,-0.5265164204779764,RESP2,PW6B95/cc-pV(D+d)Z,,0.35,O,resp2,1,[H:11][c:5]1[c:4]([c:3]([c:2]([c:7]([c:6]1[H:12])[H:13])[O:1][H:8])[H:9])[H:10],,
1,0.373882066647572,RESP2,PW6B95/cc-pV(D+d)Z,,0.35,C,resp2,2,[H:11][c:5]1[c:4]([c:3]([c:2]([c:7]([c:6]1[H:12])[H:13])[O:1][H:8])[H:9])[H:10],,
2,-0.2647559951281524,RESP2,PW6B95/cc-pV(D+d)Z,,0.35,C,resp2,3,[H:11][c:5]1[c:4]([c:3]([c:2]([c:7]([c:6]1[H:12])[H:13])[O:1][H:8])[H:9])[H:10],,
3,-0.0820371424675397,RESP2,PW6B95/cc-pV(D+d)Z,,0.35,C,resp2,4,[H:11][c:5]1[c:4]([c:3]([c:2]([c:7]([c:6]1[H:12])[H:13])[O:1][H:8])[H:9])[H:10],,
4,-0.2005772071289271,RESP2,PW6B95/cc-pV(D+d)Z,,0.35,C,resp2,5,[H:11][c:5]1[c:4]([c:3]([c:2]([c:7]([c:6]1[H:12])[H:13])[O:1][H:8])[H:9])[H:10],,
5,-0.0475667625659173,RESP2,PW6B95/cc-pV(D+d)Z,,0.35,C,resp2,6,[H:11][c:5]1[c:4]([c:3]([c:2]([c:7]([c:6]1[H:12])[H:13])[O:1][H:8])[H:9])[H:10],,
6,-0.3391473320784265,RESP2,PW6B95/cc-pV(D+d)Z,,0.35,C,resp2,7,[H:11][c:5]1[c:4]([c:3]([c:2]([c:7]([c:6]1[H:12])[H:13])[O:1][H:8])[H:9])[H:10],,
7,0.4025219530455041,RESP2,PW6B95/cc-pV(D+d)Z,,0.35,H,resp2,8,[H:11][c:5]1[c:4]([c:3]([c:2]([c:7]([c:6]1[H:12])[H:13])[O:1][H:8])[H:9])[H:10],,
8,0.1643169737602337,RESP2,PW6B95/cc-pV(D+d)Z,,0.35,H,resp2,9,[H:11][c:5]1[c:4]([c:3]([c:2]([c:7]([c:6]1[H:12])[H:13])[O:1][H:8])[H:9])[H:10],,
9,0.1233065405528552,RESP2,PW6B95/cc-pV(D+d)Z,,0.35,H,resp2,10,[H:11][c:5]1[c:4]([c:3]([c:2]([c:7]([c:6]1[H:12])[H:13])[O:1][H:8])[H:9])[H:10],,
10,0.1301343827181965,RESP2,PW6B95/cc-pV(D+d)Z,,0.35,H,resp2,11,[H:11][c:5]1[c:4]([c:3]([c:2]([c:7]([c:6]1[H:12])[H:13])[O:1][H:8])[H:9])[H:10],,
11,0.1202911810843052,RESP2,PW6B95/cc-pV(D+d)Z,,0.35,H,resp2,12,[H:11][c:5]1[c:4]([c:3]([c:2]([c:7]([c:6]1[H:12])[H:13])[O:1][H:8])[H:9])[H:10],,
12,0.1461477620382726,RESP2,PW6B95/cc-pV(D+d)Z,,0.35,H,resp2,13,[H:11][c:5]1[c:4]([c:3]([c:2]([c:7]([c:6]1[H:12])[H:13])[O:1][H:8])[H:9])[H:10],,
0,-0.5275584231469891,RESP2,PW6B95/cc-pV(D+d)Z,,0.4,O,resp2,1,[H:11][c:5]1[c:4]([c:3]([c:2]([c:7]([c:6]1[H:12])[H:13])[O:1][H:8])[H:9])[H:10],,
1,0.3739332501420493,RESP2,PW6B95/cc-pV(D+d)Z,,0.4,C,resp2,2,[H:11][c:5]1[c:4]([c:3]([c:2]([c:7]([c:6]1[H:12])[H:13])[O:1][H:8])[H:9])[H:10],,
2,-0.2656713261066549,RESP2,PW6B95/cc-pV(D+d)Z,,0.4,C,resp2,3,[H:11][c:5]1[c:4]([c:3]([c:2]([c:7]([c:6]1[H:12])[H:13])[O:1][H:8])[H:9])[H:10],,
3,-0.0820605772535727,RESP2,PW6B95/cc-pV(D+d)Z,,0.4,C,resp2,4,[H:11][c:5]1[c:4]([c:3]([c:2]([c:7]([c:6]1[H:12])[H:13])[O:1][H:8])[H:9])[H:10],,
4,-0.2009266716893626,RESP2,PW6B95/cc-pV(D+d)Z,,0.4,C,resp2,5,[H:11][c:5]1[c:4]([c:3]([c:2]([c:7]([c:6]1[H:12])[H:13])[O:1][H:8])[H:9])[H:10],,
5,-0.0475332347297565,RESP2,PW6B95/cc-pV(D+d)Z,,0.4,C,resp2,6,[H:11][c:5]1[c:4]([c:3]([c:2]([c:7]([c:6]1[H:12])[H:13])[O:1][H:8])[H:9])[H:10],,
6,-0.3391224367939089,RESP2,PW6B95/cc-pV(D+d)Z,,0.4,C,resp2,7,[H:11][c:5]1[c:4]([c:3]([c:2]([c:7]([c:6]1[H:12])[H:13])[O:1][H:8])[H:9])[H:10],,
7,0.4034773098263937,RESP2,PW6B95/cc-pV(D+d)Z,,0.4,H,resp2,8,[H:11][c:5]1[c:4]([c:3]([c:2]([c:7]([c:6]1[H:12])[H:13])[O:1][H:8])[H:9])[H:10],,
8,0.1645803519056413,RESP2,PW6B95/cc-pV(D+d)Z,,0.4,H,resp2,9,[H:11][c:5]1[c:4]([c:3]([c:2]([c:7]([c:6]1[H:12])[H:13])[O:1][H:8])[H:9])[H:10],,
9,0.1236067072483826,RESP2,PW6B95/cc-pV(D+d)Z,,0.4,H,resp2,10,[H:11][c:5]1[c:4]([c:3]([c:2]([c:7]([c:6]1[H:12])[H:13])[O:1][H:8])[H:9])[H:10],,
10,0.1303866920936573,RESP2,PW6B95/cc-pV(D+d)Z,,0.4,H,resp2,11,[H:11][c:5]1[c:4]([c:3]([c:2]([c:7]([c:6]1[H:12])[H:13])[O:1][H:8])[H:9])[H:10],,
11,0.1204616875666094,RESP2,PW6B95/cc-pV(D+d)Z,,0.4,H,resp2,12,[H:11][c:5]1[c:4]([c:3]([c:2]([c:7]([c:6]1[H:12])[H:13])[O:1][H:8])[H:9])[H:10],,
12,0.1464266709375109,RESP2,PW6B95/cc-pV(D+d)Z,,0.4,H,resp2,13,[H:11][c:5]1[c:4]([c:3]([c:2]([c:7]([c:6]1[H:12])[H:13])[O:1][H:8])[H:9])[H:10],,
0,-0.5286004258160018,RESP2,PW6B95/cc-pV(D+d)Z,,0.45,O,resp2,1,[H:11][c:5]1[c:4]([c:3]([c:2]([c:7]([c:6]1[H:12])[H:13])[O:1][H:8])[H:9])[H:10],,
1,0.3739844336365266,RESP2,PW6B95/cc-pV(D+d)Z,,0.45,C,resp2,2,[H:11][c:5]1[c:4]([c:3]([c:2]([c:7]([c:6]1[H:12])[H:13])[O:1][H:8])[H:9])[H:10],,
2,-0.2665866570851573,RESP2,PW6B95/cc-pV(D+d)Z,,0.45,C,resp2,3,[H:11][c:5]1[c:4]([c:3]([c:2]([c:7]([c:6]1[H:12])[H:13])[O:1][H:8])[H:9])[H:10],,
3,-0.0820840120396058,RESP2,PW6B95/cc-pV(D+d)Z,,0.45,C,resp2,4,[H:11][c:5]1[c:4]([c:3]([c:2]([c:7]([c:6]1[H:12])[H:13])[O:1][H:8])[H:9])[H:10],,
4,-0.2012761362497981,RESP2,PW6B95/cc-pV(D+d)Z,,0.45,C,resp2,5,[H:11][c:5]1[c:4]([c:3]([c:2]([c:7]([c:6]1[H:12])[H:13])[O:1][H:8])[H:9])[H:10],,
5,-0.0474997068935957,RESP2,PW6B95/cc-pV(D+d)Z,,0.45,C,resp2,6,[H:11][c:5]1[c:4]([c:3]([c:2]([c:7]([c:6]1[H:12])[H:13])[O:1][H:8])[H:9])[H:10],,
6,-0.3390975415093914,RESP2,PW6B95/cc-pV(D+d)Z,,0.45,C,resp2,7,[H:11][c:5]1[c:4]([c:3]([c:2]([c:7]([c:6]1[H:12])[H:13])[O:1][H:8])[H:9])[H:10],,
7,0.4044326666072831,RESP2,PW6B95/cc-pV(D+d)Z,,0.45,H,resp2,8,[H:11][c:5]1[c:4]([c:3]([c:2]([c:7]([c:6]1[H:12])[H:13])[O:1][H:8])[H:9])[H:10],,
8,0.1648437300510491,RESP2,PW6B95/cc-pV(D+d)Z,,0.45,H,resp2,9,[H:11][c:5]1[c:4]([c:3]([c:2]([c:7]([c:6]1[H:12])[H:13])[O:1][H:8])[H:9])[H:10],,
9,0.1239068739439101,RESP2,PW6B95/cc-pV(D+d)Z,,0.45,H,resp2,10,[H:11][c:5]1[c:4]([c:3]([c:2]([c:7]([c:6]1[H:12])[H:13])[O:1][H:8])[H:9])[H:10],,
10,0.1306390014691181,RESP2,PW6B95/cc-pV(D+d)Z,,0.45,H,resp2,11,[H:11][c:5]1[c:4]([c:3]([c:2]([c:7]([c:6]1[H:12])[H:13])[O:1][H:8])[H:9])[H:10],,
11,0.1206321940489136,RESP2,PW6B95/cc-pV(D+d)Z,,0.45,H,resp2,12,[H:11][c:5]1[c:4]([c:3]([c:2]([c:7]([c:6]1[H:12])[H:13])[O:1][H:8])[H:9])[H:10],,
12,0.1467055798367493,RESP2,PW6B95/cc-pV(D+d)Z,,0.45,H,resp2,13,[H:11][c:5]1[c:4]([c:3]([c:2]([c:7]([c:6]1[H:12])[H:13])[O:1][H:8])[H:9])[H:10],,
0,-0.5296424284850145,RESP2,PW6B95/cc-pV(D+d)Z,,0.5,O,resp2,1,[H:11][c:5]1[c:4]([c:3]([c:2]([c:7]([c:6]1[H:12])[H:13])[O:1][H:8])[H:9])[H:10],,
1,0.3740356171310038,RESP2,PW6B95/cc-pV(D+d)Z,,0.5,C,resp2,2,[H:11][c:5]1[c:4]([c:3]([c:2]([c:7]([c:6]1[H:12])[H:13])[O:1][H:8])[H:9])[H:10],,
2,-0.2675019880636597,RESP2,PW6B95/cc-pV(D+d)Z,,0.5,C,resp2,3,[H:11][c:5]1[c:4]([c:3]([c:2]([c:7]([c:6]1[H:12])[H:13])[O:1][H:8])[H:9])[H:10],,
3,-0.0821074468256388,RESP2,PW6B95/cc-pV(D+d)Z,,0.5,C,resp2,4,[H:11][c:5]1[c:4]([c:3]([c:2]([c:7]([c:6]1[H:12])[H:13])[O:1][H:8])[H:9])[H:10],,
4,-0.2016256008102336,RESP2,PW6B95/cc-pV(D+d)Z,,0.5,C,resp2,5,[H:11][c:5]1[c:4]([c:3]([c:2]([c:7]([c:6]1[H:12])[H:13])[O:1][H:8])[H:9])[H:10],,
5,-0.0474661790574349,RESP2,PW6B95/cc-pV(D+d)Z,,0.5,C,resp2,6,[H:11][c:5]1[c:4]([c:3]([c:2]([c:7]([c:6]1[H:12])[H:13])[O:1][H:8])[H:9])[H:10],,
6,-0.3390726462248738,RESP2,PW6B95/cc-pV(D+d)Z,,0.5,C,resp2,7,[H:11][c:5]1[c:4]([c:3]([c:2]([c:7]([c:6]1[H:12])[H:13])[O:1][H:8])[H:9])[H:10],,
7,0.4053880233881726,RESP2,PW6B95/cc-pV(D+d)Z,,0.5,H,resp2,8,[H:11][c:5]1[c:4]([c:3]([c:2]([c:7]([c:6]1[H:12])[H:13])[O:1][H:8])[H:9])[H:10],,
8,0.1651071081964568,RESP2,PW6B95/cc-pV(D+d)Z,,0.5,H,resp2,9,[H:11][c:5]1[c:4]([c:3]([c:2]([c:7]([c:6]1[H:12])[H:13])[O:1][H:8])[H:9])[H:10],,
9,0.1242070406394375,RESP2,PW6B95/cc-pV(D+d)Z,,0.5,H,resp2,10,[H:11][c:5]1[c:4]([c:3]([c:2]([c:7]([c:6]1[H:12])[H:13])[O:1][H:8])[H:9])[H:10],,
10,0.130891310844579,RESP2,PW6B95/cc-pV(D+d)Z,,0.5,H,resp2,11,[H:11][c:5]1[c:4]([c:3]([c:2]([c:7]([c:6]1[H:12])[H:13])[O:1][H:8])[H:9])[H:10],,
11,0.1208027005312178,RESP2,PW6B95/cc-pV(D+d)Z,,0.5,H,resp2,12,[H:11][c:5]1[c:4]([c:3]([c:2]([c:7]([c:6]1[H:12])[H:13])[O:1][H:8])[H:9])[H:10],,
12,0.1469844887359876,RESP2,PW6B95/cc-pV(D+d)Z,,0.5,H,resp2,13,[H:11][c:5]1[c:4]([c:3]([c:2]([c:7]([c:6]1[H:12])[H:13])[O:1][H:8])[H:9])[H:10],,
0,-0.5306844311540272,RESP2,PW6B95/cc-pV(D+d)Z,,0.55,O,resp2,1,[H:11][c:5]1[c:4]([c:3]([c:2]([c:7]([c:6]1[H:12])[H:13])[O:1][H:8])[H:9])[H:10],,
1,0.3740868006254811,RESP2,PW6B95/cc-pV(D+d)Z,,0.55,C,resp2,2,[H:11][c:5]1[c:4]([c:3]([c:2]([c:7]([c:6]1[H:12])[H:13])[O:1][H:8])[H:9])[H:10],,
2,-0.268417319042162,RESP2,PW6B95/cc-pV(D+d)Z,,0.55,C,resp2,3,[H:11][c:5]1[c:4]([c:3]([c:2]([c:7]([c:6]1[H:12])[H:13])[O:1][H:8])[H:9])[H:10],,
3,-0.0821308816116718,RESP2,PW6B95/cc-pV(D+d)Z,,0.55,C,resp2,4,[H:11][c:5]1[c:4]([c:3]([c:2]([c:7]([c:6]1[H:12])[H:13])[O:1][H:8])[H:9])[H:10],,
4,-0.201975065370669,RESP2,PW6B95/cc-pV(D+d)Z,,0.55,C,resp2,5,[H:11][c:5]1[c:4]([c:3]([c:2]([c:7]([c:6]1[H:12])[H:13])[O:1][H:8])[H:9])[H:10],,
5,-0.047432651221274,RESP2,PW6B95/cc-pV(D+d)Z,,0.55,C,resp2,6,[H:11][c:5]1[c:4]([c:3]([c:2]([c:7]([c:6]1[H:12])[H:13])[O:1][H:8])[H:9])[H:10],,
6,-0.3390477509403562,RESP2,PW6B95/cc-pV(D+d)Z,,0.55,C,resp2,7,[H:11][c:5]1[c:4]([c:3]([c:2]([c:7]([c:6]1[H:12])[H:13])[O:1][H:8])[H:9])[H:10],,
7,0.4063433801690621,RESP2,PW6B95/cc-pV(D+d)Z,,0.55,H,resp2,8,[H:11][c:5]1[c:4]([c:3]([c:2]([c:7]([c:6]1[H:12])[H:13])[O:1][H:8])[H:9])[H:10],,
8,0.1653704863418645,RESP2,PW6B95/cc-pV(D+d)Z,,0.55,H,resp2,9,[H:11][c:5]1[c:4]([c:3]([c:2]([c:7]([c:6]1[H:12])[H:13])[O:1][H:8])[H:9])[H:10],,
9,0.124507207334965,RESP2,PW6B95/cc-pV(D+d)Z,,0.55,H,resp2,10,[H:11][c:5]1[c:4]([c:3]([c:2]([c:7]([c:6]1[H:12])[H:13])[O:1][H:8])[H:9])[H:10],,
10,0.1311436202200398,RESP2,PW6B95/cc-pV(D+d)Z,,0.55,H,resp2,11,[H:11][c:5]1[c:4]([c:3]([c:2]([c:7]([c:6]1[H:12])[H:13])[O:1][H:8])[H:9])[H:10],,
11,0.120973207013522,RESP2,PW6B95/cc-pV(D+d)Z,,0.55,H,resp2,12,[H:11][c:5]1[c:4]([c:3]([c:2]([c:7]([c:6]1[H:12])[H:13])[O:1][H:8])[H:9])[H:10],,
12,0.1472633976352259,RESP2,PW6B95/cc-pV(D+d)Z,,0.55,H,resp2,13,[H:11][c:5]1[c:4]([c:3]([c:2]([c:7]([c:6]1[H:12])[H:13])[O:1][H:8])[H:9])[H:10],,
0,-0.5317264338230399,RESP2,PW6B95/cc-pV(D+d)Z,,0.6000000000000001,O,resp2,1,[H:11][c:5]1[c:4]([c:3]([c:2]([c:7]([c:6]1[H:12])[H:13])[O:1][H:8])[H:9])[H:10],,
1,0.3741379841199583,RESP2,PW6B95/cc-pV(D+d)Z,,0.6000000000000001,C,resp2,2,[H:11][c:5]1[c:4]([c:3]([c:2]([c:7]([c:6]1[H:12])[H:13])[O:1][H:8])[H:9])[H:10],,
2,-0.2693326500206644,RESP2,PW6B95/cc-pV(D+d)Z,,0.6000000000000001,C,resp2,3,[H:11][c:5]1[c:4]([c:3]([c:2]([c:7]([c:6]1[H:12])[H:13])[O:1][H:8])[H:9])[H:10],,
3,-0.0821543163977048,RESP2,PW6B95/cc-pV(D+d)Z,,0.6000000000000001,C,resp2,4,[H:11][c:5]1[c:4]([c:3]([c:2]([c:7]([c:6]1[H:12])[H:13])[O:1][H:8])[H:9])[H:10],,
4,-0.2023245299311045,RESP2,PW6B95/cc-pV(D+d)Z,,0.6000000000000001,C,resp2,5,[H:11][c:5]1[c:4]([c:3]([c:2]([c:7]([c:6]1[H:12])[H:13])[O:1][H:8])[H:9])[H:10],,
5,-0.0473991233851132,RESP2,PW6B95/cc-pV(D+d)Z,,0.6000000000000001,C,resp2,6,[H:11][c:5]1[c:4]([c:3]([c:2]([c:7]([c:6]1[H:12])[H:13])[O:1][H:8])[H:9])[H:10],,
6,-0.3390228556558387,RESP2,PW6B95/cc-pV(D+d)Z,,0.6000000000000001,C,resp2,7,[H:11][c:5]1[c:4]([c:3]([c:2]([c:7]([c:6]1[H:12])[H:13])[O:1][H:8])[H:9])[H:10],,
7,0.4072987369499516,RESP2,PW6B95/cc-pV(D+d)Z,,0.6000000000000001,H,resp2,8,[H:11][c:5]1[c:4]([c:3]([c:2]([c:7]([c:6]1[H:12])[H:13])[O:1][H:8])[H:9])[H:10],,
8,0.1656338644872722,RESP2,PW6B95/cc-pV(D+d)Z,,0.6000000000000001,H,resp2,9,[H:11][c:5]1[c:4]([c:3]([c:2]([c:7]([c:6]1[H:12])[H:13])[O:1][H:8])[H:9])[H:10],,
9,0.1248073740304924,RESP2,PW6B95/cc-pV(D+d)Z,,0.6000000000000001,H,resp2,10,[H:11][c:5]1[c:4]([c:3]([c:2]([c:7]([c:6]1[H:12])[H:13])[O:1][H:8])[H:9])[H:10],,
10,0.1313959295955006,RESP2,PW6B95/cc-pV(D+d)Z,,0.6000000000000001,H,resp2,11,[H:11][c:5]1[c:4]([c:3]([c:2]([c:7]([c:6]1[H:12])[H:13])[O:1][H:8])[H:9])[H:10],,
11,0.1211437134958262,RESP2,PW6B95/cc-pV(D+d)Z,,0.6000000000000001,H,resp2,12,[H:11][c:5]1[c:4]([c:3]([c:2]([c:7]([c:6]1[H:12])[H:13])[O:1][H:8])[H:9])[H:10],,
12,0.1475423065344643,RESP2,PW6B95/cc-pV(D+d)Z,,0.6000000000000001,H,resp2,13,[H:11][c:5]1[c:4]([c:3]([c:2]([c:7]([c:6]1[H:12])[H:13])[O:1][H:8])[H:9])[H:10],,
0,-0.5327684364920525,RESP2,PW6B95/cc-pV(D+d)Z,,0.65,O,resp2,1,[H:11][c:5]1[c:4]([c:3]([c:2]([c:7]([c:6]1[H:12])[H:13])[O:1][H:8])[H:9])[H:10],,
1,0.3741891676144355,RESP2,PW6B95/cc-pV(D+d)Z,,0.65,C,resp2,2,[H:11][c:5]1[c:4]([c:3]([c:2]([c:7]([c:6]1[H:12])[H:13])[O:1][H:8])[H:9])[H:10],,
2,-0.2702479809991669,RESP2,PW6B95/cc-pV(D+d)Z,,0.65,C,resp2,3,[H:11][c:5]1[c:4]([c:3]([c:2]([c:7]([c:6]1[H:12])[H:13])[O:1][H:8])[H:9])[H:10],,
3,-0.0821777511837379,RESP2,PW6B95/cc-pV(D+d)Z,,0.65,C,resp2,4,[H:11][c:5]1[c:4]([c:3]([c:2]([c:7]([c:6]1[H:12])[H:13])[O:1][H:8])[H:9])[H:10],,
4,-0.20267399449154,RESP2,PW6B95/cc-pV(D+d)Z,,0.65,C,resp2,5,[H:11][c:5]1[c:4]([c:3]([c:2]([c:7]([c:6]1[H:12])[H:13])[O:1][H:8])[H:9])[H:10],,
5,-0.0473655955489524,RESP2,PW6B95/cc-pV(D+d)Z,,0.65,C,resp2,6,[H:11][c:5]1[c:4]([c:3]([c:2]([c:7]([c:6]1[H:12])[H:13])[O:1][H:8])[H:9])[H:10],,
6,-0.3389979603713212,RESP2,PW6B95/cc-pV(D+d)Z,,0.65,C,resp2,7,[H:11][c:5]1[c:4]([c:3]([c:2]([c:7]([c:6]1[H:12])[H:13])[O:1][H:8])[H:9])[H:10],,
7,0.4082540937308411,RESP2,PW6B95/cc-pV(D+d)Z,,0.65,H,resp2,8,[H:11][c:5]1[c:4]([c:3]([c:2]([c:7]([c:6]1[H:12])[H:13])[O:1][H:8])[H:9])[H:10],,
8,0.1658972426326799,RESP2,PW6B95/cc-pV(D+d)Z,,0.65,H,resp2,9,[H:11][c:5]1[c:4]([c:3]([c:2]([c:7]([c:6]1[H:12])[H:13])[O:1][H:8])[H:9])[H:10],,
9,0.1251075407260198,RESP2,PW6B95/cc-pV(D+d)Z,,0.65,H,resp2,10,[H:11][c:5]1[c:4]([c:3]([c:2]([c:7]([c:6]1[H:12])[H:13])[O:1][H:8])[H:9])[H:10],,
10,0.1316482389709614,RESP2,PW6B95/cc-pV(D+d)Z,,0.65,H,resp2,11,[H:11][c:5]1[c:4]([c:3]([c:2]([c:7]([c:6]1[H:12])[H:13])[O:1][H:8])[H:9])[H:10],,
11,0.1213142199781303,RESP2,PW6B95/cc-pV(D+d)Z,,0.65,H,resp2,12,[H:11][c:5]1[c:4]([c:3]([c:2]([c:7]([c:6]1[H:12])[H:13])[O:1][H:8])[H:9])[H:10],,
12,0.1478212154337026,RESP2,PW6B95/cc-pV(D+d)Z,,0.65,H,resp2,13,[H:11][c:5]1[c:4]([c:3]([c:2]([c:7]([c:6]1[H:12])[H:13])[O:1][H:8])[H:9])[H:10],,
0,-0.5338104391610653,RESP2,PW6B95/cc-pV(D+d)Z,,0.7000000000000001,O,resp2,1,[H:11][c:5]1[c:4]([c:3]([c:2]([c:7]([c:6]1[H:12])[H:13])[O:1][H:8])[H:9])[H:10],,
1,0.3742403511089128,RESP2,PW6B95/cc-pV(D+d)Z,,0.7000000000000001,C,resp2,2,[H:11][c:5]1[c:4]([c:3]([c:2]([c:7]([c:6]1[H:12])[H:13])[O:1][H:8])[H:9])[H:10],,
2,-0.2711633119776693,RESP2,PW6B95/cc-pV(D+d)Z,,0.7000000000000001,C,resp2,3,[H:11][c:5]1[c:4]([c:3]([c:2]([c:7]([c:6]1[H:12])[H:13])[O:1][H:8])[H:9])[H:10],,
3,-0.0822011859697709,RESP2,PW6B95/cc-pV(D+d)Z,,0.7000000000000001,C,resp2,4,[H:11][c:5]1[c:4]([c:3]([c:2]([c:7]([c:6]1[H:12])[H:13])[O:1][H:8])[H:9])[H:10],,
4,-0.2030234590519754,RESP2,PW6B95/cc-pV(D+d)Z,,0.7000000000000001,C,resp2,5,[H:11][c:5]1[c:4]([c:3]([c:2]([c:7]([c:6]1[H:12])[H:13])[O:1][H:8])[H:9])[H:10],,
5,-0.0473320677127916,RESP2,PW6B95/cc-pV(D+d)Z,,0.7000000000000001,C,resp2,6,[H:11][c:5]1[c:4]([c:3]([c:2]([c:7]([c:6]1[H:12])[H:13])[O:1][H:8])[H:9])[H:10],,
6,-0.3389730650868035,RESP2,PW6B95/cc-pV(D+d)Z,,0.7000000000000001,C,resp2,7,[H:11][c:5]1[c:4]([c:3]([c:2]([c:7]([c:6]1[H:12])[H:13])[O:1][H:8])[H:9])[H:10],,
7,0.4092094505117306,RESP2,PW6B95/cc-pV(D+d)Z,,0.7000000000000001,H,resp2,8,[H:11][c:5]1[c:4]([c:3]([c:2]([c:7]([c:6]1[H:12])[H:13])[O:1][H:8])[H:9])[H:10],,
8,0.1661606207780876,RESP2,PW6B95/cc-pV(D+d)Z,,0.7000000000000001,H,resp2,9,[H:11][c:5]1[c:4]([c:3]([c:2]([c:7]([c:6]1[H:12])[H:13])[O:1][H:8])[H:9])[H:10],,
9,0.1254077074215473,RESP2,PW6B95/cc-pV(D+d)Z,,0.7000000000000001,H,resp2,10,[H:11][c:5]1[c:4]([c:3]([c:2]([c:7]([c:6]1[H:12])[H:13])[O:1][H:8])[H:9])[H:10],,
10,0.1319005483464223,RESP2,PW6B95/cc-pV(D+d)Z,,0.7000000000000001,H,resp2,11,[H:11][c:5]1[c:4]([c:3]([c:2]([c:7]([c:6]1[H:12])[H:13])[O:1][H:8])[H:9])[H:10],,
11,0.1214847264604345,RESP2,PW6B95/cc-pV(D+d)Z,,0.7000000000000001,H,resp2,12,[H:11][c:5]1[c:4]([c:3]([c:2]([c:7]([c:6]1[H:12])[H:13])[O:1][H:8])[H:9])[H:10],,
12,0.1481001243329409,RESP2,PW6B95/cc-pV(D+d)Z,,0.7000000000000001,H,resp2,13,[H:11][c:5]1[c:4]([c:3]([c:2]([c:7]([c:6]1[H:12])[H:13])[O:1][H:8])[H:9])[H:10],,
0,-0.534852441830078,RESP2,PW6B95/cc-pV(D+d)Z,,0.75,O,resp2,1,[H:11][c:5]1[c:4]([c:3]([c:2]([c:7]([c:6]1[H:12])[H:13])[O:1][H:8])[H:9])[H:10],,
1,0.3742915346033901,RESP2,PW6B95/cc-pV(D+d)Z,,0.75,C,resp2,2,[H:11][c:5]1[c:4]([c:3]([c:2]([c:7]([c:6]1[H:12])[H:13])[O:1][H:8])[H:9])[H:10],,
2,-0.2720786429561717,RESP2,PW6B95/cc-pV(D+d)Z,,0.75,C,resp2,3,[H:11][c:5]1[c:4]([c:3]([c:2]([c:7]([c:6]1[H:12])[H:13])[O:1][H:8])[H:9])[H:10],,
3,-0.0822246207558039,RESP2,PW6B95/cc-pV(D+d)Z,,0.75,C,resp2,4,[H:11][c:5]1[c:4]([c:3]([c:2]([c:7]([c:6]1[H:12])[H:13])[O:1][H:8])[H:9])[H:10],,
4,-0.2033729236124109,RESP2,PW6B95/cc-pV(D+d)Z,,0.75,C,resp2,5,[H:11][c:5]1[c:4]([c:3]([c:2]([c:7]([c:6]1[H:12])[H:13])[O:1][H:8])[H:9])[H:10],,
5,-0.0472985398766308,RESP2,PW6B95/cc-pV(D+d)Z,,0.75,C,resp2,6,[H:11][c:5]1[c:4]([c:3]([c:2]([c:7]([c:6]1[H:12])[H:13])[O:1][H:8])[H:9])[H:10],,
6,-0.3389481698022859,RESP2,PW6B95/cc-pV(D+d)Z,,0.75,C,resp2,7,[H:11][c:5]1[c:4]([c:3]([c:2]([c:7]([c:6]1[H:12])[H:13])[O:1][H:8])[H:9])[H:10],,
7,0.41016480729262,RESP2,PW6B95/cc-pV(D+d)Z,,0.75,H,resp2,8,[H:11][c:5]1[c:4]([c:3]([c:2]([c:7]([c:6]1[H:12])[H:13])[O:1][H:8])[H:9])[H:10],,
8,0.1664239989234953,RESP2,PW6B95/cc-pV(D+d)Z,,0.75,H,resp2,9,[H:11][c:5]1[c:4]([c:3]([c:2]([c:7]([c:6]1[H:12])[H:13])[O:1][H:8])[H:9])[H:10],,
9,0.1257078741170747,RESP2,PW6B95/cc-pV(D+d)Z,,0.75,H,resp2,10,[H:11][c:5]1[c:4]([c:3]([c:2]([c:7]([c:6]1[H:12])[H:13])[O:1][H:8])[H:9])[H:10],,
10,0.1321528577218831,RESP2,PW6B95/cc-pV(D+d)Z,,0.75,H,resp2,11,[H:11][c:5]1[c:4]([c:3]([c:2]([c:7]([c:6]1[H:12])[H:13])[O:1][H:8])[H:9])[H:10],,
11,0.1216552329427387,RESP2,PW6B95/cc-pV(D+d)Z,,0.75,H,resp2,12,[H:11][c:5]1[c:4]([c:3]([c:2]([c:7]([c:6]1[H:12])[H:13])[O:1][H:8])[H:9])[H:10],,
12,0.1483790332321792,RESP2,PW6B95/cc-pV(D+d)Z,,0.75,H,resp2,13,[H:11][c:5]1[c:4]([c:3]([c:2]([c:7]([c:6]1[H:12])[H:13])[O:1][H:8])[H:9])[H:10],,
0,-0.5358944444990906,RESP2,PW6B95/cc-pV(D+d)Z,,0.8,O,resp2,1,[H:11][c:5]1[c:4]([c:3]([c:2]([c:7]([c:6]1[H:12])[H:13])[O:1][H:8])[H:9])[H:10],,
1,0.3743427180978673,RESP2,PW6B95/cc-pV(D+d)Z,,0.8,C,resp2,2,[H:11][c:5]1[c:4]([c:3]([c:2]([c:7]([c:6]1[H:12])[H:13])[O:1][H:8])[H:9])[H:10],,
2,-0.272993973934674,RESP2,PW6B95/cc-pV(D+d)Z,,0.8,C,resp2,3,[H:11][c:5]1[c:4]([c:3]([c:2]([c:7]([c:6]1[H:12])[H:13])[O:1][H:8])[H:9])[H:10],,
3,-0.082248055541837,RESP2,PW6B95/cc-pV(D+d)Z,,0.8,C,resp2,4,[H:11][c:5]1[c:4]([c:3]([c:2]([c:7]([c:6]1[H:12])[H:13])[O:1][H:8])[H:9])[H:10],,
4,-0.2037223881728464,RESP2,PW6B95/cc-pV(D+d)Z,,0.8,C,resp2,5,[H:11][c:5]1[c:4]([c:3]([c:2]([c:7]([c:6]1[H:12])[H:13])[O:1][H:8])[H:9])[H:10],,
5,-0.04726501204047,RESP2,PW6B95/cc-pV(D+d)Z,,0.8,C,resp2,6,[H:11][c:5]1[c:4]([c:3]([c:2]([c:7]([c:6]1[H:12])[H:13])[O:1][H:8])[H:9])[H:10],,
6,-0.3389232745177684,RESP2,PW6B95/cc-pV(D+d)Z,,0.8,C,resp2,7,[H:11][c:5]1[c:4]([c:3]([c:2]([c:7]([c:6]1[H:12])[H:13])[O:1][H:8])[H:9])[H:10],,
7,0.4111201640735096,RESP2,PW6B95/cc-pV(D+d)Z,,0.8,H,resp2,8,[H:11][c:5]1[c:4]([c:3]([c:2]([c:7]([c:6]1[H:12])[H:13])[O:1][H:8])[H:9])[H:10],,
8,0.166687377068903,RESP2,PW6B95/cc-pV(D+d)Z,,0.8,H,resp2,9,[H:11][c:5]1[c:4]([c:3]([c:2]([c:7]([c:6]1[H:12])[H:13])[O:1][H:8])[H:9])[H:10],,
9,0.1260080408126021,RESP2,PW6B95/cc-pV(D+d)Z,,0.8,H,resp2,10,[H:11][c:5]1[c:4]([c:3]([c:2]([c:7]([c:6]1[H:12])[H:13])[O:1][H:8])[H:9])[H:10],,
10,0.1324051670973439,RESP2,PW6B95/cc-pV(D+d)Z,,0.8,H,resp2,11,[H:11][c:5]1[c:4]([c:3]([c:2]([c:7]([c:6]1[H:12])[H:13])[O:1][H:8])[H:9])[H:10],,
11,0.1218257394250429,RESP2,PW6B95/cc-pV(D+d)Z,,0.8,H,resp2,12,[H:11][c:5]1[c:4]([c:3]([c:2]([c:7]([c:6]1[H:12])[H:13])[O:1][H:8])[H:9])[H:10],,
12,0.1486579421314175,RESP2,PW6B95/cc-pV(D+d)Z,,0.8,H,resp2,13,[H:11][c:5]1[c:4]([c:3]([c:2]([c:7]([c:6]1[H:12])[H:13])[O:1][H:8])[H:9])[H:10],,
0,-0.5369364471681034,RESP2,PW6B95/cc-pV(D+d)Z,,0.8500000000000001,O,resp2,1,[H:11][c:5]1[c:4]([c:3]([c:2]([c:7]([c:6]1[H:12])[H:13])[O:1][H:8])[H:9])[H:10],,
1,0.3743939015923446,RESP2,PW6B95/cc-pV(D+d)Z,,0.8500000000000001,C,resp2,2,[H:11][c:5]1[c:4]([c:3]([c:2]([c:7]([c:6]1[H:12])[H:13])[O:1][H:8])[H:9])[H:10],,
2,-0.2739093049131764,RESP2,PW6B95/cc-pV(D+d)Z,,0.8500000000000001,C,resp2,3,[H:11][c:5]1[c:4]([c:3]([c:2]([c:7]([c:6]1[H:12])[H:13])[O:1][H:8])[H:9])[H:10],,
3,-0.08227149032787,RESP2,PW6B95/cc-pV(D+d)Z,,0.8500000000000001,C,resp2,4,[H:11][c:5]1[c:4]([c:3]([c:2]([c:7]([c:6]1[H:12])[H:13])[O:1][H:8])[H:9])[H:10],,
4,-0.2040718527332818,RESP2,PW6B95/cc-pV(D+d)Z,,0.8500000000000001,C,resp2,5,[H:11][c:5]1[c:4]([c:3]([c:2]([c:7]([c:6]1[H:12])[H:13])[O:1][H:8])[H:9])[H:10],,
5,-0.0472314842043091,RESP2,PW6B95/cc-pV(D+d)Z,,0.8500000000000001,C,resp2,6,[H:11][c:5]1[c:4]([c:3]([c:2]([c:7]([c:6]1[H:12])[H:13])[O:1][H:8])[H:9])[H:10],,
6,-0.3388983792332508,RESP2,PW6B95/cc-pV(D+d)Z,,0.8500000000000001,C,resp2,7,[H:11][c:5]1[c:4]([c:3]([c:2]([c:7]([c:6]1[H:12])[H:13])[O:1][H:8])[H:9])[H:10],,
7,0.412075520854399,RESP2,PW6B95/cc-pV(D+d)Z,,0.8500000000000001,H,resp2,8,[H:11][c:5]1[c:4]([c:3]([c:2]([c:7]([c:6]1[H:12])[H:13])[O:1][H:8])[H:9])[H:10],,
8,0.1669507552143107,RESP2,PW6B95/cc-pV(D+d)Z,,0.8500000000000001,H,resp2,9,[H:11][c:5]1[c:4]([c:3]([c:2]([c:7]([c:6]1[H:12])[H:13])[O:1][H:8])[H:9])[H:10],,
9,0.1263082075081296,RESP2,PW6B95/cc-pV(D+d)Z,,0.8500000000000001,H,resp2,10,[H:11][c:5]1[c:4]([c:3]([c:2]([c:7]([c:6]1[H:12])[H:13])[O:1][H:8])[H:9])[H:10],,
10,0.1326574764728048,RESP2,PW6B95/cc-pV(D+d)Z,,0.8500000000000001,H,resp2,11,[H:11][c:5]1[c:4]([c:3]([c:2]([c:7]([c:6]1[H:12])[H:13])[O:1][H:8])[H:9])[H:10],,
11,0.1219962459073471,RESP2,PW6B95/cc-pV(D+d)Z,,0.8500000000000001,H,resp2,12,[H:11][c:5]1[c:4]([c:3]([c:2]([c:7]([c:6]1[H:12])[H:13])[O:1][H:8])[H:9])[H:10],,
12,0.1489368510306559,RESP2,PW6B95/cc-pV(D+d)Z,,0.8500000000000001,H,resp2,13,[H:11][c:5]1[c:4]([c:3]([c:2]([c:7]([c:6]1[H:12])[H:13])[O:1][H:8])[H:9])[H:10],,
0,-0.5379784498371161,RESP2,PW6B95/cc-pV(D+d)Z,,0.9,O,resp2,1,[H:11][c:5]1[c:4]([c:3]([c:2]([c:7]([c:6]1[H:12])[H:13])[O:1][H:8])[H:9])[H:10],,
1,0.3744450850868218,RESP2,PW6B95/cc-pV(D+d)Z,,0.9,C,resp2,2,[H:11][c:5]1[c:4]([c:3]([c:2]([c:7]([c:6]1[H:12])[H:13])[O:1][H:8])[H:9])[H:10],,
2,-0.2748246358916789,RESP2,PW6B95/cc-pV(D+d)Z,,0.9,C,resp2,3,[H:11][c:5]1[c:4]([c:3]([c:2]([c:7]([c:6]1[H:12])[H:13])[O:1][H:8])[H:9])[H:10],,
3,-0.082294925113903,RESP2,PW6B95/cc-pV(D+d)Z,,0.9,C,resp2,4,[H:11][c:5]1[c:4]([c:3]([c:2]([c:7]([c:6]1[H:12])[H:13])[O:1][H:8])[H:9])[H:10],,
4,-0.2044213172937173,RESP2,PW6B95/cc-pV(D+d)Z,,0.9,C,resp2,5,[H:11][c:5]1[c:4]([c:3]([c:2]([c:7]([c:6]1[H:12])[H:13])[O:1][H:8])[H:9])[H:10],,
5,-0.0471979563681483,RESP2,PW6B95/cc-pV(D+d)Z,,0.9,C,resp2,6,[H:11][c:5]1[c:4]([c:3]([c:2]([c:7]([c:6]1[H:12])[H:13])[O:1][H:8])[H:9])[H:10],,
6,-0.3388734839487333,RESP2,PW6B95/cc-pV(D+d)Z,,0.9,C,resp2,7,[H:11][c:5]1[c:4]([c:3]([c:2]([c:7]([c:6]1[H:12])[H:13])[O:1][H:8])[H:9])[H:10],,
7,0.4130308776352885,RESP2,PW6B95/cc-pV(D+d)Z,,0.9,H,resp2,8,[H:11][c:5]1[c:4]([c:3]([c:2]([c:7]([c:6]1[H:12])[H:13])[O:1][H:8])[H:9])[H:10],,
8,0.1672141333597184,RESP2,PW6B95/cc-pV(D+d)Z,,0.9,H,resp2,9,[H:11][c:5]1[c:4]([c:3]([c:2]([c:7]([c:6]1[H:12])[H:13])[O:1][H:8])[H:9])[H:10],,
9,0.126608374203657,RESP2,PW6B95/cc-pV(D+d)Z,,0.9,H,resp2,10,[H:11][c:5]1[c:4]([c:3]([c:2]([c:7]([c:6]1[H:12])[H:13])[O:1][H:8])[H:9])[H:10],,
10,0.1329097858482656,RESP2,PW6B95/cc-pV(D+d)Z,,0.9,H,resp2,11,[H:11][c:5]1[c:4]([c:3]([c:2]([c:7]([c:6]1[H:12])[H:13])[O:1][H:8])[H:9])[H:10],,
11,0.1221667523896513,RESP2,PW6B95/cc-pV(D+d)Z,,0.9,H,resp2,12,[H:11][c:5]1[c:4]([c:3]([c:2]([c:7]([c:6]1[H:12])[H:13])[O:1][H:8])[H:9])[H:10],,
12,0.1492157599298942,RESP2,PW6B95/cc-pV(D+d)Z,,0.9,H,resp2,13,[H:11][c:5]1[c:4]([c:3]([c:2]([c:7]([c:6]1[H:12])[H:13])[O:1][H:8])[H:9])[H:10],,
0,-0.5390204525061288,RESP2,PW6B95/cc-pV(D+d)Z,,0.95,O,resp2,1,[H:11][c:5]1[c:4]([c:3]([c:2]([c:7]([c:6]1[H:12])[H:13])[O:1][H:8])[H:9])[H:10],,
1,0.3744962685812991,RESP2,PW6B95/cc-pV(D+d)Z,,0.95,C,resp2,2,[H:11][c:5]1[c:4]([c:3]([c:2]([c:7]([c:6]1[H:12])[H:13])[O:1][H:8])[H:9])[H:10],,
2,-0.2757399668701812,RESP2,PW6B95/cc-pV(D+d)Z,,0.95,C,resp2,3,[H:11][c:5]1[c:4]([c:3]([c:2]([c:7]([c:6]1[H:12])[H:13])[O:1][H:8])[H:9])[H:10],,
3,-0.082318359899936,RESP2,PW6B95/cc-pV(D+d)Z,,0.95,C,resp2,4,[H:11][c:5]1[c:4]([c:3]([c:2]([c:7]([c:6]1[H:12])[H:13])[O:1][H:8])[H:9])[H:10],,
4,-0.2047707818541528,RESP2,PW6B95/cc-pV(D+d)Z,,0.95,C,resp2,5,[H:11][c:5]1[c:4]([c:3]([c:2]([c:7]([c:6]1[H:12])[H:13])[O:1][H:8])[H:9])[H:10],,
5,-0.0471644285319875,RESP2,PW6B95/cc-pV(D+d)Z,,0.95,C,resp2,6,[H:11][c:5]1[c:4]([c:3]([c:2]([c:7]([c:6]1[H:12])[H:13])[O:1][H:8])[H:9])[H:10],,
6,-0.3388485886642157,RESP2,PW6B95/cc-pV(D+d)Z,,0.95,C,resp2,7,[H:11][c:5]1[c:4]([c:3]([c:2]([c:7]([c:6]1[H:12])[H:13])[O:1][H:8])[H:9])[H:10],,
7,0.413986234416178,RESP2,PW6B95/cc-pV(D+d)Z,,0.95,H,resp2,8,[H:11][c:5]1[c:4]([c:3]([c:2]([c:7]([c:6]1[H:12])[H:13])[O:1][H:8])[H:9])[H:10],,
8,0.1674775115051261,RESP2,PW6B95/cc-pV(D+d)Z,,0.95,H,resp2,9,[H:11][c:5]1[c:4]([c:3]([c:2]([c:7]([c:6]1[H:12])[H:13])[O:1][H:8])[H:9])[H:10],,
9,0.1269085408991845,RESP2,PW6B95/cc-pV(D+d)Z,,0.95,H,resp2,10,[H:11][c:5]1[c:4]([c:3]([c:2]([c:7]([c:6]1[H:12])[H:13])[O:1][H:8])[H:9])[H:10],,
10,0.1331620952237264,RESP2,PW6B95/cc-pV(D+d)Z,,0.95,H,resp2,11,[H:11][c:5]1[c:4]([c:3]([c:2]([c:7]([c:6]1[H:12])[H:13])[O:1][H:8])[H:9])[H:10],,
11,0.1223372588719555,RESP2,PW6B95/cc-pV(D+d)Z,,0.95,H,resp2,12,[H:11][c:5]1[c:4]([c:3]([c:2]([c:7]([c:6]1[H:12])[H:13])[O:1][H:8])[H:9])[H:10],,
12,0.1494946688291325,RESP2,PW6B95/cc-pV(D+d)Z,,0.95,H,resp2,13,[H:11][c:5]1[c:4]([c:3]([c:2]([c:7]([c:6]1[H:12])[H:13])[O:1][H:8])[H:9])[H:10],,
0,-0.5400624551751415,RESP2,PW6B95/cc-pV(D+d)Z,,1.0,O,resp2,1,[H:11][c:5]1[c:4]([c:3]([c:2]([c:7]([c:6]1[H:12])[H:13])[O:1][H:8])[H:9])[H:10],,
1,0.3745474520757763,RESP2,PW6B95/cc-pV(D+d)Z,,1.0,C,resp2,2,[H:11][c:5]1[c:4]([c:3]([c:2]([c:7]([c:6]1[H:12])[H:13])[O:1][H:8])[H:9])[H:10],,
2,-0.2766552978486837,RESP2,PW6B95/cc-pV(D+d)Z,,1.0,C,resp2,3,[H:11][c:5]1[c:4]([c:3]([c:2]([c:7]([c:6]1[H:12])[H:13])[O:1][H:8])[H:9])[H:10],,
3,-0.082341794685969,RESP2,PW6B95/cc-pV(D+d)Z,,1.0,C,resp2,4,[H:11][c:5]1[c:4]([c:3]([c:2]([c:7]([c:6]1[H:12])[H:13])[O:1][H:8])[H:9])[H:10],,
4,-0.2051202464145883,RESP2,PW6B95/cc-pV(D+d)Z,,1.0,C,resp2,5,[H:11][c:5]1[c:4]([c:3]([c:2]([c:7]([c:6]1[H:12])[H:13])[O:1][H:8])[H:9])[H:10],,
5,-0.0471309006958267,RESP2,PW6B95/cc-pV(D+d)Z,,1.0,C,resp2,6,[H:11][c:5]1[c:4]([c:3]([c:2]([c:7]([c:6]1[H:12])[H:13])[O:1][H:8])[H:9])[H:10],,
6,-0.3388236933796981,RESP2,PW6B95/cc-pV(D+d)Z,,1.0,C,resp2,7,[H:11][c:5]1[c:4]([c:3]([c:2]([c:7]([c:6]1[H:12])[H:13])[O:1][H:8])[H:9])[H:10],,
7,0.4149415911970674,RESP2,PW6B95/cc-pV(D+d)Z,,1.0,H,resp2,8,[H:11][c:5]1[c:4]([c:3]([c:2]([c:7]([c:6]1[H:12])[H:13])[O:1][H:8])[H:9])[H:10],,
8,0.1677408896505338,RESP2,PW6B95/cc-pV(D+d)Z,,1.0,H,resp2,9,[H:11][c:5]1[c:4]([c:3]([c:2]([c:7]([c:6]1[H:12])[H:13])[O:1][H:8])[H:9])[H:10],,
9,0.1272087075947119,RESP2,PW6B95/cc-pV(D+d)Z,,1.0,H,resp2,10,[H:11][c:5]1[c:4]([c:3]([c:2]([c:7]([c:6]1[H:12])[H:13])[O:1][H:8])[H:9])[H:10],,
10,0.1334144045991872,RESP2,PW6B95/cc-pV(D+d)Z,,1.0,H,resp2,11,[H:11][c:5]1[c:4]([c:3]([c:2]([c:7]([c:6]1[H:12])[H:13])[O:1][H:8])[H:9])[H:10],,
11,0.1225077653542597,RESP2,PW6B95/cc-pV(D+d)Z,,1.0,H,resp2,12,[H:11][c:5]1[c:4]([c:3]([c:2]([c:7]([c:6]1[H:12])[H:13])[O:1][H:8])[H:9])[H:10],,
12,0.1497735777283708,RESP2,PW6B95/cc-pV(D+d)Z,,1.0,H,resp2,13,[H:11][c:5]1[c:4]([c:3]([c:2]([c:7]([c:6]1[H:12])[H:13])[O:1][H:8])[H:9])[H:10],,
0,-0.5100799816159102,AM1BCC,OpenEye,,,O,,1,[H:11][c:5]1[c:4]([c:3]([c:2]([c:7]([c:6]1[H:12])[H:13])[O:1][H:8])[H:9])[H:10],1.0,1.0
1,0.1053000000806955,AM1BCC,OpenEye,,,C,,2,[H:11][c:5]1[c:4]([c:3]([c:2]([c:7]([c:6]1[H:12])[H:13])[O:1][H:8])[H:9])[H:10],1.0,1.0
2,-0.1661800014284941,AM1BCC,OpenEye,,,C,,3,[H:11][c:5]1[c:4]([c:3]([c:2]([c:7]([c:6]1[H:12])[H:13])[O:1][H:8])[H:9])[H:10],1.0,1.0
3,-0.1059700044301839,AM1BCC,OpenEye,,,C,,4,[H:11][c:5]1[c:4]([c:3]([c:2]([c:7]([c:6]1[H:12])[H:13])[O:1][H:8])[H:9])[H:10],1.0,1.0
4,-0.1518000083474012,AM1BCC,OpenEye,,,C,,5,[H:11][c:5]1[c:4]([c:3]([c:2]([c:7]([c:6]1[H:12])[H:13])[O:1][H:8])[H:9])[H:10],1.0,1.0
5,-0.1059700044301839,AM1BCC,OpenEye,,,C,,6,[H:11][c:5]1[c:4]([c:3]([c:2]([c:7]([c:6]1[H:12])[H:13])[O:1][H:8])[H:9])[H:10],1.0,1.0
6,-0.1661800014284941,AM1BCC,OpenEye,,,C,,7,[H:11][c:5]1[c:4]([c:3]([c:2]([c:7]([c:6]1[H:12])[H:13])[O:1][H:8])[H:9])[H:10],1.0,1.0
7,0.4165000004264024,AM1BCC,OpenEye,,,H,,8,[H:11][c:5]1[c:4]([c:3]([c:2]([c:7]([c:6]1[H:12])[H:13])[O:1][H:8])[H:9])[H:10],1.0,1.0
8,0.1417600048276094,AM1BCC,OpenEye,,,H,,9,[H:11][c:5]1[c:4]([c:3]([c:2]([c:7]([c:6]1[H:12])[H:13])[O:1][H:8])[H:9])[H:10],1.0,1.0
9,0.1339299959632066,AM1BCC,OpenEye,,,H,,10,[H:11][c:5]1[c:4]([c:3]([c:2]([c:7]([c:6]1[H:12])[H:13])[O:1][H:8])[H:9])[H:10],1.0,1.0
10,0.1329999995919374,AM1BCC,OpenEye,,,H,,11,[H:11][c:5]1[c:4]([c:3]([c:2]([c:7]([c:6]1[H:12])[H:13])[O:1][H:8])[H:9])[H:10],1.0,1.0
11,0.1339299959632066,AM1BCC,OpenEye,,,H,,12,[H:11][c:5]1[c:4]([c:3]([c:2]([c:7]([c:6]1[H:12])[H:13])[O:1][H:8])[H:9])[H:10],1.0,1.0
12,0.1417600048276094,AM1BCC,OpenEye,,,H,,13,[H:11][c:5]1[c:4]([c:3]([c:2]([c:7]([c:6]1[H:12])[H:13])[O:1][H:8])[H:9])[H:10],1.0,1.0
0,-0.4990230769230769,AM1BCC,AmberTools,,,O,,1,[H:11][c:5]1[c:4]([c:3]([c:2]([c:7]([c:6]1[H:12])[H:13])[O:1][H:8])[H:9])[H:10],1.0,1.0
1,0.123176923076923,AM1BCC,AmberTools,,,C,,2,[H:11][c:5]1[c:4]([c:3]([c:2]([c:7]([c:6]1[H:12])[H:13])[O:1][H:8])[H:9])[H:10],1.0,1.0
2,-0.1849230769230769,AM1BCC,AmberTools,,,C,,3,[H:11][c:5]1[c:4]([c:3]([c:2]([c:7]([c:6]1[H:12])[H:13])[O:1][H:8])[H:9])[H:10],1.0,1.0
3,-0.0944230769230769,AM1BCC,AmberTools,,,C,,4,[H:11][c:5]1[c:4]([c:3]([c:2]([c:7]([c:6]1[H:12])[H:13])[O:1][H:8])[H:9])[H:10],1.0,1.0
4,-0.1659230769230769,AM1BCC,AmberTools,,,C,,5,[H:11][c:5]1[c:4]([c:3]([c:2]([c:7]([c:6]1[H:12])[H:13])[O:1][H:8])[H:9])[H:10],1.0,1.0
5,-0.0944230769230769,AM1BCC,AmberTools,,,C,,6,[H:11][c:5]1[c:4]([c:3]([c:2]([c:7]([c:6]1[H:12])[H:13])[O:1][H:8])[H:9])[H:10],1.0,1.0
6,-0.1849230769230769,AM1BCC,AmberTools,,,C,,7,[H:11][c:5]1[c:4]([c:3]([c:2]([c:7]([c:6]1[H:12])[H:13])[O:1][H:8])[H:9])[H:10],1.0,1.0
7,0.418076923076923,AM1BCC,AmberTools,,,H,,8,[H:11][c:5]1[c:4]([c:3]([c:2]([c:7]([c:6]1[H:12])[H:13])[O:1][H:8])[H:9])[H:10],1.0,1.0
8,0.141576923076923,AM1BCC,AmberTools,,,H,,9,[H:11][c:5]1[c:4]([c:3]([c:2]([c:7]([c:6]1[H:12])[H:13])[O:1][H:8])[H:9])[H:10],1.0,1.0
9,0.1330769230769231,AM1BCC,AmberTools,,,H,,10,[H:11][c:5]1[c:4]([c:3]([c:2]([c:7]([c:6]1[H:12])[H:13])[O:1][H:8])[H:9])[H:10],1.0,1.0
10,0.1330769230769231,AM1BCC,AmberTools,,,H,,11,[H:11][c:5]1[c:4]([c:3]([c:2]([c:7]([c:6]1[H:12])[H:13])[O:1][H:8])[H:9])[H:10],1.0,1.0
11,0.1330769230769231,AM1BCC,AmberTools,,,H,,12,[H:11][c:5]1[c:4]([c:3]([c:2]([c:7]([c:6]1[H:12])[H:13])[O:1][H:8])[H:9])[H:10],1.0,1.0
12,0.141576923076923,AM1BCC,AmberTools,,,H,,13,[H:11][c:5]1[c:4]([c:3]([c:2]([c:7]([c:6]1[H:12])[H:13])[O:1][H:8])[H:9])[H:10],1.0,1.0
0,-0.5100799816159102,AM1BCC,OpenEye,,,O,,1,[H:11][c:5]1[c:4]([c:3]([c:2]([c:7]([c:6]1[H:12])[H:13])[O:1][H:8])[H:9])[H:10],1.0,2.0
1,0.1053000000806955,AM1BCC,OpenEye,,,C,,2,[H:11][c:5]1[c:4]([c:3]([c:2]([c:7]([c:6]1[H:12])[H:13])[O:1][H:8])[H:9])[H:10],1.0,2.0
2,-0.1661800014284941,AM1BCC,OpenEye,,,C,,3,[H:11][c:5]1[c:4]([c:3]([c:2]([c:7]([c:6]1[H:12])[H:13])[O:1][H:8])[H:9])[H:10],1.0,2.0
3,-0.1059700044301839,AM1BCC,OpenEye,,,C,,4,[H:11][c:5]1[c:4]([c:3]([c:2]([c:7]([c:6]1[H:12])[H:13])[O:1][H:8])[H:9])[H:10],1.0,2.0
4,-0.1518000083474012,AM1BCC,OpenEye,,,C,,5,[H:11][c:5]1[c:4]([c:3]([c:2]([c:7]([c:6]1[H:12])[H:13])[O:1][H:8])[H:9])[H:10],1.0,2.0
5,-0.1059700044301839,AM1BCC,OpenEye,,,C,,6,[H:11][c:5]1[c:4]([c:3]([c:2]([c:7]([c:6]1[H:12])[H:13])[O:1][H:8])[H:9])[H:10],1.0,2.0
6,-0.1661800014284941,AM1BCC,OpenEye,,,C,,7,[H:11][c:5]1[c:4]([c:3]([c:2]([c:7]([c:6]1[H:12])[H:13])[O:1][H:8])[H:9])[H:10],1.0,2.0
7,0.4165000004264024,AM1BCC,OpenEye,,,H,,8,[H:11][c:5]1[c:4]([c:3]([c:2]([c:7]([c:6]1[H:12])[H:13])[O:1][H:8])[H:9])[H:10],1.0,2.0
8,0.1417600048276094,AM1BCC,OpenEye,,,H,,9,[H:11][c:5]1[c:4]([c:3]([c:2]([c:7]([c:6]1[H:12])[H:13])[O:1][H:8])[H:9])[H:10],1.0,2.0
9,0.1339299959632066,AM1BCC,OpenEye,,,H,,10,[H:11][c:5]1[c:4]([c:3]([c:2]([c:7]([c:6]1[H:12])[H:13])[O:1][H:8])[H:9])[H:10],1.0,2.0
10,0.1329999995919374,AM1BCC,OpenEye,,,H,,11,[H:11][c:5]1[c:4]([c:3]([c:2]([c:7]([c:6]1[H:12])[H:13])[O:1][H:8])[H:9])[H:10],1.0,2.0
11,0.1339299959632066,AM1BCC,OpenEye,,,H,,12,[H:11][c:5]1[c:4]([c:3]([c:2]([c:7]([c:6]1[H:12])[H:13])[O:1][H:8])[H:9])[H:10],1.0,2.0
12,0.1417600048276094,AM1BCC,OpenEye,,,H,,13,[H:11][c:5]1[c:4]([c:3]([c:2]([c:7]([c:6]1[H:12])[H:13])[O:1][H:8])[H:9])[H:10],1.0,2.0
0,-0.4990230769230769,AM1BCC,AmberTools,,,O,,1,[H:11][c:5]1[c:4]([c:3]([c:2]([c:7]([c:6]1[H:12])[H:13])[O:1][H:8])[H:9])[H:10],1.0,2.0
1,0.123176923076923,AM1BCC,AmberTools,,,C,,2,[H:11][c:5]1[c:4]([c:3]([c:2]([c:7]([c:6]1[H:12])[H:13])[O:1][H:8])[H:9])[H:10],1.0,2.0
2,-0.1849230769230769,AM1BCC,AmberTools,,,C,,3,[H:11][c:5]1[c:4]([c:3]([c:2]([c:7]([c:6]1[H:12])[H:13])[O:1][H:8])[H:9])[H:10],1.0,2.0
3,-0.0944230769230769,AM1BCC,AmberTools,,,C,,4,[H:11][c:5]1[c:4]([c:3]([c:2]([c:7]([c:6]1[H:12])[H:13])[O:1][H:8])[H:9])[H:10],1.0,2.0
4,-0.1659230769230769,AM1BCC,AmberTools,,,C,,5,[H:11][c:5]1[c:4]([c:3]([c:2]([c:7]([c:6]1[H:12])[H:13])[O:1][H:8])[H:9])[H:10],1.0,2.0
5,-0.0944230769230769,AM1BCC,AmberTools,,,C,,6,[H:11][c:5]1[c:4]([c:3]([c:2]([c:7]([c:6]1[H:12])[H:13])[O:1][H:8])[H:9])[H:10],1.0,2.0
6,-0.1849230769230769,AM1BCC,AmberTools,,,C,,7,[H:11][c:5]1[c:4]([c:3]([c:2]([c:7]([c:6]1[H:12])[H:13])[O:1][H:8])[H:9])[H:10],1.0,2.0
7,0.418076923076923,AM1BCC,AmberTools,,,H,,8,[H:11][c:5]1[c:4]([c:3]([c:2]([c:7]([c:6]1[H:12])[H:13])[O:1][H:8])[H:9])[H:10],1.0,2.0
8,0.141576923076923,AM1BCC,AmberTools,,,H,,9,[H:11][c:5]1[c:4]([c:3]([c:2]([c:7]([c:6]1[H:12])[H:13])[O:1][H:8])[H:9])[H:10],1.0,2.0
9,0.1330769230769231,AM1BCC,AmberTools,,,H,,10,[H:11][c:5]1[c:4]([c:3]([c:2]([c:7]([c:6]1[H:12])[H:13])[O:1][H:8])[H:9])[H:10],1.0,2.0
10,0.1330769230769231,AM1BCC,AmberTools,,,H,,11,[H:11][c:5]1[c:4]([c:3]([c:2]([c:7]([c:6]1[H:12])[H:13])[O:1][H:8])[H:9])[H:10],1.0,2.0
11,0.1330769230769231,AM1BCC,AmberTools,,,H,,12,[H:11][c:5]1[c:4]([c:3]([c:2]([c:7]([c:6]1[H:12])[H:13])[O:1][H:8])[H:9])[H:10],1.0,2.0
12,0.141576923076923,AM1BCC,AmberTools,,,H,,13,[H:11][c:5]1[c:4]([c:3]([c:2]([c:7]([c:6]1[H:12])[H:13])[O:1][H:8])[H:9])[H:10],1.0,2.0
0,-0.5100799816159102,AM1BCC,OpenEye,,,O,,1,[H:11][c:5]1[c:4]([c:3]([c:2]([c:7]([c:6]1[H:12])[H:13])[O:1][H:8])[H:9])[H:10],1.0,3.0
1,0.1053099987598566,AM1BCC,OpenEye,,,C,,2,[H:11][c:5]1[c:4]([c:3]([c:2]([c:7]([c:6]1[H:12])[H:13])[O:1][H:8])[H:9])[H:10],1.0,3.0
2,-0.1661800014284941,AM1BCC,OpenEye,,,C,,3,[H:11][c:5]1[c:4]([c:3]([c:2]([c:7]([c:6]1[H:12])[H:13])[O:1][H:8])[H:9])[H:10],1.0,3.0
3,-0.1059700044301839,AM1BCC,OpenEye,,,C,,4,[H:11][c:5]1[c:4]([c:3]([c:2]([c:7]([c:6]1[H:12])[H:13])[O:1][H:8])[H:9])[H:10],1.0,3.0
4,-0.1518100070265623,AM1BCC,OpenEye,,,C,,5,[H:11][c:5]1[c:4]([c:3]([c:2]([c:7]([c:6]1[H:12])[H:13])[O:1][H:8])[H:9])[H:10],1.0,3.0
5,-0.1059700044301839,AM1BCC,OpenEye,,,C,,6,[H:11][c:5]1[c:4]([c:3]([c:2]([c:7]([c:6]1[H:12])[H:13])[O:1][H:8])[H:9])[H:10],1.0,3.0
6,-0.1661800014284941,AM1BCC,OpenEye,,,C,,7,[H:11][c:5]1[c:4]([c:3]([c:2]([c:7]([c:6]1[H:12])[H:13])[O:1][H:8])[H:9])[H:10],1.0,3.0
7,0.4165000004264024,AM1BCC,OpenEye,,,H,,8,[H:11][c:5]1[c:4]([c:3]([c:2]([c:7]([c:6]1[H:12])[H:13])[O:1][H:8])[H:9])[H:10],1.0,3.0
8,0.1417600048276094,AM1BCC,OpenEye,,,H,,9,[H:11][c:5]1[c:4]([c:3]([c:2]([c:7]([c:6]1[H:12])[H:13])[O:1][H:8])[H:9])[H:10],1.0,3.0
9,0.1339299959632066,AM1BCC,OpenEye,,,H,,10,[H:11][c:5]1[c:4]([c:3]([c:2]([c:7]([c:6]1[H:12])[H:13])[O:1][H:8])[H:9])[H:10],1.0,3.0
10,0.1329999995919374,AM1BCC,OpenEye,,,H,,11,[H:11][c:5]1[c:4]([c:3]([c:2]([c:7]([c:6]1[H:12])[H:13])[O:1][H:8])[H:9])[H:10],1.0,3.0
11,0.1339299959632066,AM1BCC,OpenEye,,,H,,12,[H:11][c:5]1[c:4]([c:3]([c:2]([c:7]([c:6]1[H:12])[H:13])[O:1][H:8])[H:9])[H:10],1.0,3.0
12,0.1417600048276094,AM1BCC,OpenEye,,,H,,13,[H:11][c:5]1[c:4]([c:3]([c:2]([c:7]([c:6]1[H:12])[H:13])[O:1][H:8])[H:9])[H:10],1.0,3.0
0,-0.4990230769230769,AM1BCC,AmberTools,,,O,,1,[H:11][c:5]1[c:4]([c:3]([c:2]([c:7]([c:6]1[H:12])[H:13])[O:1][H:8])[H:9])[H:10],1.0,3.0
1,0.123176923076923,AM1BCC,AmberTools,,,C,,2,[H:11][c:5]1[c:4]([c:3]([c:2]([c:7]([c:6]1[H:12])[H:13])[O:1][H:8])[H:9])[H:10],1.0,3.0
2,-0.1849230769230769,AM1BCC,AmberTools,,,C,,3,[H:11][c:5]1[c:4]([c:3]([c:2]([c:7]([c:6]1[H:12])[H:13])[O:1][H:8])[H:9])[H:10],1.0,3.0
3,-0.0944230769230769,AM1BCC,AmberTools,,,C,,4,[H:11][c:5]1[c:4]([c:3]([c:2]([c:7]([c:6]1[H:12])[H:13])[O:1][H:8])[H:9])[H:10],1.0,3.0
4,-0.1659230769230769,AM1BCC,AmberTools,,,C,,5,[H:11][c:5]1[c:4]([c:3]([c:2]([c:7]([c:6]1[H:12])[H:13])[O:1][H:8])[H:9])[H:10],1.0,3.0
5,-0.0944230769230769,AM1BCC,AmberTools,,,C,,6,[H:11][c:5]1[c:4]([c:3]([c:2]([c:7]([c:6]1[H:12])[H:13])[O:1][H:8])[H:9])[H:10],1.0,3.0
6,-0.1849230769230769,AM1BCC,AmberTools,,,C,,7,[H:11][c:5]1[c:4]([c:3]([c:2]([c:7]([c:6]1[H:12])[H:13])[O:1][H:8])[H:9])[H:10],1.0,3.0
7,0.418076923076923,AM1BCC,AmberTools,,,H,,8,[H:11][c:5]1[c:4]([c:3]([c:2]([c:7]([c:6]1[H:12])[H:13])[O:1][H:8])[H:9])[H:10],1.0,3.0
8,0.141576923076923,AM1BCC,AmberTools,,,H,,9,[H:11][c:5]1[c:4]([c:3]([c:2]([c:7]([c:6]1[H:12])[H:13])[O:1][H:8])[H:9])[H:10],1.0,3.0
9,0.1330769230769231,AM1BCC,AmberTools,,,H,,10,[H:11][c:5]1[c:4]([c:3]([c:2]([c:7]([c:6]1[H:12])[H:13])[O:1][H:8])[H:9])[H:10],1.0,3.0
10,0.1330769230769231,AM1BCC,AmberTools,,,H,,11,[H:11][c:5]1[c:4]([c:3]([c:2]([c:7]([c:6]1[H:12])[H:13])[O:1][H:8])[H:9])[H:10],1.0,3.0
11,0.1330769230769231,AM1BCC,AmberTools,,,H,,12,[H:11][c:5]1[c:4]([c:3]([c:2]([c:7]([c:6]1[H:12])[H:13])[O:1][H:8])[H:9])[H:10],1.0,3.0
12,0.141576923076923,AM1BCC,AmberTools,,,H,,13,[H:11][c:5]1[c:4]([c:3]([c:2]([c:7]([c:6]1[H:12])[H:13])[O:1][H:8])[H:9])[H:10],1.0,3.0
0,-0.5100799816159102,AM1BCC,OpenEye,,,O,,1,[H:11][c:5]1[c:4]([c:3]([c:2]([c:7]([c:6]1[H:12])[H:13])[O:1][H:8])[H:9])[H:10],1.0,4.0
1,0.1053000000806955,AM1BCC,OpenEye,,,C,,2,[H:11][c:5]1[c:4]([c:3]([c:2]([c:7]([c:6]1[H:12])[H:13])[O:1][H:8])[H:9])[H:10],1.0,4.0
2,-0.1661800014284941,AM1BCC,OpenEye,,,C,,3,[H:11][c:5]1[c:4]([c:3]([c:2]([c:7]([c:6]1[H:12])[H:13])[O:1][H:8])[H:9])[H:10],1.0,4.0
3,-0.1059700044301839,AM1BCC,OpenEye,,,C,,4,[H:11][c:5]1[c:4]([c:3]([c:2]([c:7]([c:6]1[H:12])[H:13])[O:1][H:8])[H:9])[H:10],1.0,4.0
4,-0.1518000083474012,AM1BCC,OpenEye,,,C,,5,[H:11][c:5]1[c:4]([c:3]([c:2]([c:7]([c:6]1[H:12])[H:13])[O:1][H:8])[H:9])[H:10],1.0,4.0
5,-0.1059700044301839,AM1BCC,OpenEye,,,C,,6,[H:11][c:5]1[c:4]([c:3]([c:2]([c:7]([c:6]1[H:12])[H:13])[O:1][H:8])[H:9])[H:10],1.0,4.0
6,-0.1661800014284941,AM1BCC,OpenEye,,,C,,7,[H:11][c:5]1[c:4]([c:3]([c:2]([c:7]([c:6]1[H:12])[H:13])[O:1][H:8])[H:9])[H:10],1.0,4.0
7,0.4165000004264024,AM1BCC,OpenEye,,,H,,8,[H:11][c:5]1[c:4]([c:3]([c:2]([c:7]([c:6]1[H:12])[H:13])[O:1][H:8])[H:9])[H:10],1.0,4.0
8,0.1417600048276094,AM1BCC,OpenEye,,,H,,9,[H:11][c:5]1[c:4]([c:3]([c:2]([c:7]([c:6]1[H:12])[H:13])[O:1][H:8])[H:9])[H:10],1.0,4.0
9,0.1339299959632066,AM1BCC,OpenEye,,,H,,10,[H:11][c:5]1[c:4]([c:3]([c:2]([c:7]([c:6]1[H:12])[H:13])[O:1][H:8])[H:9])[H:10],1.0,4.0
10,0.1329999995919374,AM1BCC,OpenEye,,,H,,11,[H:11][c:5]1[c:4]([c:3]([c:2]([c:7]([c:6]1[H:12])[H:13])[O:1][H:8])[H:9])[H:10],1.0,4.0
11,0.1339299959632066,AM1BCC,OpenEye,,,H,,12,[H:11][c:5]1[c:4]([c:3]([c:2]([c:7]([c:6]1[H:12])[H:13])[O:1][H:8])[H:9])[H:10],1.0,4.0
12,0.1417600048276094,AM1BCC,OpenEye,,,H,,13,[H:11][c:5]1[c:4]([c:3]([c:2]([c:7]([c:6]1[H:12])[H:13])[O:1][H:8])[H:9])[H:10],1.0,4.0
0,-0.4990230769230769,AM1BCC,AmberTools,,,O,,1,[H:11][c:5]1[c:4]([c:3]([c:2]([c:7]([c:6]1[H:12])[H:13])[O:1][H:8])[H:9])[H:10],1.0,4.0
1,0.123176923076923,AM1BCC,AmberTools,,,C,,2,[H:11][c:5]1[c:4]([c:3]([c:2]([c:7]([c:6]1[H:12])[H:13])[O:1][H:8])[H:9])[H:10],1.0,4.0
2,-0.1849230769230769,AM1BCC,AmberTools,,,C,,3,[H:11][c:5]1[c:4]([c:3]([c:2]([c:7]([c:6]1[H:12])[H:13])[O:1][H:8])[H:9])[H:10],1.0,4.0
3,-0.0944230769230769,AM1BCC,AmberTools,,,C,,4,[H:11][c:5]1[c:4]([c:3]([c:2]([c:7]([c:6]1[H:12])[H:13])[O:1][H:8])[H:9])[H:10],1.0,4.0
4,-0.1659230769230769,AM1BCC,AmberTools,,,C,,5,[H:11][c:5]1[c:4]([c:3]([c:2]([c:7]([c:6]1[H:12])[H:13])[O:1][H:8])[H:9])[H:10],1.0,4.0
5,-0.0944230769230769,AM1BCC,AmberTools,,,C,,6,[H:11][c:5]1[c:4]([c:3]([c:2]([c:7]([c:6]1[H:12])[H:13])[O:1][H:8])[H:9])[H:10],1.0,4.0
6,-0.1849230769230769,AM1BCC,AmberTools,,,C,,7,[H:11][c:5]1[c:4]([c:3]([c:2]([c:7]([c:6]1[H:12])[H:13])[O:1][H:8])[H:9])[H:10],1.0,4.0
7,0.418076923076923,AM1BCC,AmberTools,,,H,,8,[H:11][c:5]1[c:4]([c:3]([c:2]([c:7]([c:6]1[H:12])[H:13])[O:1][H:8])[H:9])[H:10],1.0,4.0
8,0.141576923076923,AM1BCC,AmberTools,,,H,,9,[H:11][c:5]1[c:4]([c:3]([c:2]([c:7]([c:6]1[H:12])[H:13])[O:1][H:8])[H:9])[H:10],1.0,4.0
9,0.1330769230769231,AM1BCC,AmberTools,,,H,,10,[H:11][c:5]1[c:4]([c:3]([c:2]([c:7]([c:6]1[H:12])[H:13])[O:1][H:8])[H:9])[H:10],1.0,4.0
10,0.1330769230769231,AM1BCC,AmberTools,,,H,,11,[H:11][c:5]1[c:4]([c:3]([c:2]([c:7]([c:6]1[H:12])[H:13])[O:1][H:8])[H:9])[H:10],1.0,4.0
11,0.1330769230769231,AM1BCC,AmberTools,,,H,,12,[H:11][c:5]1[c:4]([c:3]([c:2]([c:7]([c:6]1[H:12])[H:13])[O:1][H:8])[H:9])[H:10],1.0,4.0
12,0.141576923076923,AM1BCC,AmberTools,,,H,,13,[H:11][c:5]1[c:4]([c:3]([c:2]([c:7]([c:6]1[H:12])[H:13])[O:1][H:8])[H:9])[H:10],1.0,4.0
0,-0.5100799816159102,AM1BCC,OpenEye,,,O,,1,[H:11][c:5]1[c:4]([c:3]([c:2]([c:7]([c:6]1[H:12])[H:13])[O:1][H:8])[H:9])[H:10],1.0,5.0
1,0.1053000000806955,AM1BCC,OpenEye,,,C,,2,[H:11][c:5]1[c:4]([c:3]([c:2]([c:7]([c:6]1[H:12])[H:13])[O:1][H:8])[H:9])[H:10],1.0,5.0
2,-0.1661800014284941,AM1BCC,OpenEye,,,C,,3,[H:11][c:5]1[c:4]([c:3]([c:2]([c:7]([c:6]1[H:12])[H:13])[O:1][H:8])[H:9])[H:10],1.0,5.0
3,-0.1059700044301839,AM1BCC,OpenEye,,,C,,4,[H:11][c:5]1[c:4]([c:3]([c:2]([c:7]([c:6]1[H:12])[H:13])[O:1][H:8])[H:9])[H:10],1.0,5.0
4,-0.1518000083474012,AM1BCC,OpenEye,,,C,,5,[H:11][c:5]1[c:4]([c:3]([c:2]([c:7]([c:6]1[H:12])[H:13])[O:1][H:8])[H:9])[H:10],1.0,5.0
5,-0.1059700044301839,AM1BCC,OpenEye,,,C,,6,[H:11][c:5]1[c:4]([c:3]([c:2]([c:7]([c:6]1[H:12])[H:13])[O:1][H:8])[H:9])[H:10],1.0,5.0
6,-0.1661800014284941,AM1BCC,OpenEye,,,C,,7,[H:11][c:5]1[c:4]([c:3]([c:2]([c:7]([c:6]1[H:12])[H:13])[O:1][H:8])[H:9])[H:10],1.0,5.0
7,0.4165000004264024,AM1BCC,OpenEye,,,H,,8,[H:11][c:5]1[c:4]([c:3]([c:2]([c:7]([c:6]1[H:12])[H:13])[O:1][H:8])[H:9])[H:10],1.0,5.0
8,0.1417600048276094,AM1BCC,OpenEye,,,H,,9,[H:11][c:5]1[c:4]([c:3]([c:2]([c:7]([c:6]1[H:12])[H:13])[O:1][H:8])[H:9])[H:10],1.0,5.0
9,0.1339299959632066,AM1BCC,OpenEye,,,H,,10,[H:11][c:5]1[c:4]([c:3]([c:2]([c:7]([c:6]1[H:12])[H:13])[O:1][H:8])[H:9])[H:10],1.0,5.0
10,0.1329999995919374,AM1BCC,OpenEye,,,H,,11,[H:11][c:5]1[c:4]([c:3]([c:2]([c:7]([c:6]1[H:12])[H:13])[O:1][H:8])[H:9])[H:10],1.0,5.0
11,0.1339299959632066,AM1BCC,OpenEye,,,H,,12,[H:11][c:5]1[c:4]([c:3]([c:2]([c:7]([c:6]1[H:12])[H:13])[O:1][H:8])[H:9])[H:10],1.0,5.0
12,0.1417600048276094,AM1BCC,OpenEye,,,H,,13,[H:11][c:5]1[c:4]([c:3]([c:2]([c:7]([c:6]1[H:12])[H:13])[O:1][H:8])[H:9])[H:10],1.0,5.0
0,-0.4990230769230769,AM1BCC,AmberTools,,,O,,1,[H:11][c:5]1[c:4]([c:3]([c:2]([c:7]([c:6]1[H:12])[H:13])[O:1][H:8])[H:9])[H:10],1.0,5.0
1,0.123176923076923,AM1BCC,AmberTools,,,C,,2,[H:11][c:5]1[c:4]([c:3]([c:2]([c:7]([c:6]1[H:12])[H:13])[O:1][H:8])[H:9])[H:10],1.0,5.0
2,-0.1849230769230769,AM1BCC,AmberTools,,,C,,3,[H:11][c:5]1[c:4]([c:3]([c:2]([c:7]([c:6]1[H:12])[H:13])[O:1][H:8])[H:9])[H:10],1.0,5.0
3,-0.0944230769230769,AM1BCC,AmberTools,,,C,,4,[H:11][c:5]1[c:4]([c:3]([c:2]([c:7]([c:6]1[H:12])[H:13])[O:1][H:8])[H:9])[H:10],1.0,5.0
4,-0.1659230769230769,AM1BCC,AmberTools,,,C,,5,[H:11][c:5]1[c:4]([c:3]([c:2]([c:7]([c:6]1[H:12])[H:13])[O:1][H:8])[H:9])[H:10],1.0,5.0
5,-0.0944230769230769,AM1BCC,AmberTools,,,C,,6,[H:11][c:5]1[c:4]([c:3]([c:2]([c:7]([c:6]1[H:12])[H:13])[O:1][H:8])[H:9])[H:10],1.0,5.0
6,-0.1849230769230769,AM1BCC,AmberTools,,,C,,7,[H:11][c:5]1[c:4]([c:3]([c:2]([c:7]([c:6]1[H:12])[H:13])[O:1][H:8])[H:9])[H:10],1.0,5.0
7,0.418076923076923,AM1BCC,AmberTools,,,H,,8,[H:11][c:5]1[c:4]([c:3]([c:2]([c:7]([c:6]1[H:12])[H:13])[O:1][H:8])[H:9])[H:10],1.0,5.0
8,0.141576923076923,AM1BCC,AmberTools,,,H,,9,[H:11][c:5]1[c:4]([c:3]([c:2]([c:7]([c:6]1[H:12])[H:13])[O:1][H:8])[H:9])[H:10],1.0,5.0
9,0.1330769230769231,AM1BCC,AmberTools,,,H,,10,[H:11][c:5]1[c:4]([c:3]([c:2]([c:7]([c:6]1[H:12])[H:13])[O:1][H:8])[H:9])[H:10],1.0,5.0
10,0.1330769230769231,AM1BCC,AmberTools,,,H,,11,[H:11][c:5]1[c:4]([c:3]([c:2]([c:7]([c:6]1[H:12])[H:13])[O:1][H:8])[H:9])[H:10],1.0,5.0
11,0.1330769230769231,AM1BCC,AmberTools,,,H,,12,[H:11][c:5]1[c:4]([c:3]([c:2]([c:7]([c:6]1[H:12])[H:13])[O:1][H:8])[H:9])[H:10],1.0,5.0
12,0.141576923076923,AM1BCC,AmberTools,,,H,,13,[H:11][c:5]1[c:4]([c:3]([c:2]([c:7]([c:6]1[H:12])[H:13])[O:1][H:8])[H:9])[H:10],1.0,5.0
0,-0.5100799816159102,AM1BCC,OpenEye,,,O,,1,[H:11][c:5]1[c:4]([c:3]([c:2]([c:7]([c:6]1[H:12])[H:13])[O:1][H:8])[H:9])[H:10],1.0,6.0
1,0.1053099987598566,AM1BCC,OpenEye,,,C,,2,[H:11][c:5]1[c:4]([c:3]([c:2]([c:7]([c:6]1[H:12])[H:13])[O:1][H:8])[H:9])[H:10],1.0,6.0
2,-0.1661800014284941,AM1BCC,OpenEye,,,C,,3,[H:11][c:5]1[c:4]([c:3]([c:2]([c:7]([c:6]1[H:12])[H:13])[O:1][H:8])[H:9])[H:10],1.0,6.0
3,-0.1059700044301839,AM1BCC,OpenEye,,,C,,4,[H:11][c:5]1[c:4]([c:3]([c:2]([c:7]([c:6]1[H:12])[H:13])[O:1][H:8])[H:9])[H:10],1.0,6.0
4,-0.1518000083474012,AM1BCC,OpenEye,,,C,,5,[H:11][c:5]1[c:4]([c:3]([c:2]([c:7]([c:6]1[H:12])[H:13])[O:1][H:8])[H:9])[H:10],1.0,6.0
5,-0.1059700044301839,AM1BCC,OpenEye,,,C,,6,[H:11][c:5]1[c:4]([c:3]([c:2]([c:7]([c:6]1[H:12])[H:13])[O:1][H:8])[H:9])[H:10],1.0,6.0
6,-0.1661800014284941,AM1BCC,OpenEye,,,C,,7,[H:11][c:5]1[c:4]([c:3]([c:2]([c:7]([c:6]1[H:12])[H:13])[O:1][H:8])[H:9])[H:10],1.0,6.0
7,0.4165000004264024,AM1BCC,OpenEye,,,H,,8,[H:11][c:5]1[c:4]([c:3]([c:2]([c:7]([c:6]1[H:12])[H:13])[O:1][H:8])[H:9])[H:10],1.0,6.0
8,0.1417600048276094,AM1BCC,OpenEye,,,H,,9,[H:11][c:5]1[c:4]([c:3]([c:2]([c:7]([c:6]1[H:12])[H:13])[O:1][H:8])[H:9])[H:10],1.0,6.0
9,0.1339299959632066,AM1BCC,OpenEye,,,H,,10,[H:11][c:5]1[c:4]([c:3]([c:2]([c:7]([c:6]1[H:12])[H:13])[O:1][H:8])[H:9])[H:10],1.0,6.0
10,0.1329900009127763,AM1BCC,OpenEye,,,H,,11,[H:11][c:5]1[c:4]([c:3]([c:2]([c:7]([c:6]1[H:12])[H:13])[O:1][H:8])[H:9])[H:10],1.0,6.0
11,0.1339299959632066,AM1BCC,OpenEye,,,H,,12,[H:11][c:5]1[c:4]([c:3]([c:2]([c:7]([c:6]1[H:12])[H:13])[O:1][H:8])[H:9])[H:10],1.0,6.0
12,0.1417600048276094,AM1BCC,OpenEye,,,H,,13,[H:11][c:5]1[c:4]([c:3]([c:2]([c:7]([c:6]1[H:12])[H:13])[O:1][H:8])[H:9])[H:10],1.0,6.0
0,-0.4990230769230769,AM1BCC,AmberTools,,,O,,1,[H:11][c:5]1[c:4]([c:3]([c:2]([c:7]([c:6]1[H:12])[H:13])[O:1][H:8])[H:9])[H:10],1.0,6.0
1,0.123176923076923,AM1BCC,AmberTools,,,C,,2,[H:11][c:5]1[c:4]([c:3]([c:2]([c:7]([c:6]1[H:12])[H:13])[O:1][H:8])[H:9])[H:10],1.0,6.0
2,-0.1849230769230769,AM1BCC,AmberTools,,,C,,3,[H:11][c:5]1[c:4]([c:3]([c:2]([c:7]([c:6]1[H:12])[H:13])[O:1][H:8])[H:9])[H:10],1.0,6.0
3,-0.0944230769230769,AM1BCC,AmberTools,,,C,,4,[H:11][c:5]1[c:4]([c:3]([c:2]([c:7]([c:6]1[H:12])[H:13])[O:1][H:8])[H:9])[H:10],1.0,6.0
4,-0.1659230769230769,AM1BCC,AmberTools,,,C,,5,[H:11][c:5]1[c:4]([c:3]([c:2]([c:7]([c:6]1[H:12])[H:13])[O:1][H:8])[H:9])[H:10],1.0,6.0
5,-0.0944230769230769,AM1BCC,AmberTools,,,C,,6,[H:11][c:5]1[c:4]([c:3]([c:2]([c:7]([c:6]1[H:12])[H:13])[O:1][H:8])[H:9])[H:10],1.0,6.0
6,-0.1849230769230769,AM1BCC,AmberTools,,,C,,7,[H:11][c:5]1[c:4]([c:3]([c:2]([c:7]([c:6]1[H:12])[H:13])[O:1][H:8])[H:9])[H:10],1.0,6.0
7,0.418076923076923,AM1BCC,AmberTools,,,H,,8,[H:11][c:5]1[c:4]([c:3]([c:2]([c:7]([c:6]1[H:12])[H:13])[O:1][H:8])[H:9])[H:10],1.0,6.0
8,0.141576923076923,AM1BCC,AmberTools,,,H,,9,[H:11][c:5]1[c:4]([c:3]([c:2]([c:7]([c:6]1[H:12])[H:13])[O:1][H:8])[H:9])[H:10],1.0,6.0
9,0.1330769230769231,AM1BCC,AmberTools,,,H,,10,[H:11][c:5]1[c:4]([c:3]([c:2]([c:7]([c:6]1[H:12])[H:13])[O:1][H:8])[H:9])[H:10],1.0,6.0
10,0.1330769230769231,AM1BCC,AmberTools,,,H,,11,[H:11][c:5]1[c:4]([c:3]([c:2]([c:7]([c:6]1[H:12])[H:13])[O:1][H:8])[H:9])[H:10],1.0,6.0
11,0.1330769230769231,AM1BCC,AmberTools,,,H,,12,[H:11][c:5]1[c:4]([c:3]([c:2]([c:7]([c:6]1[H:12])[H:13])[O:1][H:8])[H:9])[H:10],1.0,6.0
12,0.141576923076923,AM1BCC,AmberTools,,,H,,13,[H:11][c:5]1[c:4]([c:3]([c:2]([c:7]([c:6]1[H:12])[H:13])[O:1][H:8])[H:9])[H:10],1.0,6.0
0,-0.5100799816159102,AM1BCC,OpenEye,,,O,,1,[H:11][c:5]1[c:4]([c:3]([c:2]([c:7]([c:6]1[H:12])[H:13])[O:1][H:8])[H:9])[H:10],1.0,7.0
1,0.1053099987598566,AM1BCC,OpenEye,,,C,,2,[H:11][c:5]1[c:4]([c:3]([c:2]([c:7]([c:6]1[H:12])[H:13])[O:1][H:8])[H:9])[H:10],1.0,7.0
2,-0.1661800014284941,AM1BCC,OpenEye,,,C,,3,[H:11][c:5]1[c:4]([c:3]([c:2]([c:7]([c:6]1[H:12])[H:13])[O:1][H:8])[H:9])[H:10],1.0,7.0
3,-0.1059700044301839,AM1BCC,OpenEye,,,C,,4,[H:11][c:5]1[c:4]([c:3]([c:2]([c:7]([c:6]1[H:12])[H:13])[O:1][H:8])[H:9])[H:10],1.0,7.0
4,-0.1518100070265623,AM1BCC,OpenEye,,,C,,5,[H:11][c:5]1[c:4]([c:3]([c:2]([c:7]([c:6]1[H:12])[H:13])[O:1][H:8])[H:9])[H:10],1.0,7.0
5,-0.1059700044301839,AM1BCC,OpenEye,,,C,,6,[H:11][c:5]1[c:4]([c:3]([c:2]([c:7]([c:6]1[H:12])[H:13])[O:1][H:8])[H:9])[H:10],1.0,7.0
6,-0.1661800014284941,AM1BCC,OpenEye,,,C,,7,[H:11][c:5]1[c:4]([c:3]([c:2]([c:7]([c:6]1[H:12])[H:13])[O:1][H:8])[H:9])[H:10],1.0,7.0
7,0.4165000004264024,AM1BCC,OpenEye,,,H,,8,[H:11][c:5]1[c:4]([c:3]([c:2]([c:7]([c:6]1[H:12])[H:13])[O:1][H:8])[H:9])[H:10],1.0,7.0
8,0.1417600048276094,AM1BCC,OpenEye,,,H,,9,[H:11][c:5]1[c:4]([c:3]([c:2]([c:7]([c:6]1[H:12])[H:13])[O:1][H:8])[H:9])[H:10],1.0,7.0
9,0.1339299959632066,AM1BCC,OpenEye,,,H,,10,[H:11][c:5]1[c:4]([c:3]([c:2]([c:7]([c:6]1[H:12])[H:13])[O:1][H:8])[H:9])[H:10],1.0,7.0
10,0.1329999995919374,AM1BCC,OpenEye,,,H,,11,[H:11][c:5]1[c:4]([c:3]([c:2]([c:7]([c:6]1[H:12])[H:13])[O:1][H:8])[H:9])[H:10],1.0,7.0
11,0.1339299959632066,AM1BCC,OpenEye,,,H,,12,[H:11][c:5]1[c:4]([c:3]([c:2]([c:7]([c:6]1[H:12])[H:13])[O:1][H:8])[H:9])[H:10],1.0,7.0
12,0.1417600048276094,AM1BCC,OpenEye,,,H,,13,[H:11][c:5]1[c:4]([c:3]([c:2]([c:7]([c:6]1[H:12])[H:13])[O:1][H:8])[H:9])[H:10],1.0,7.0
0,-0.4990230769230769,AM1BCC,AmberTools,,,O,,1,[H:11][c:5]1[c:4]([c:3]([c:2]([c:7]([c:6]1[H:12])[H:13])[O:1][H:8])[H:9])[H:10],1.0,7.0
1,0.123176923076923,AM1BCC,AmberTools,,,C,,2,[H:11][c:5]1[c:4]([c:3]([c:2]([c:7]([c:6]1[H:12])[H:13])[O:1][H:8])[H:9])[H:10],1.0,7.0
2,-0.1849230769230769,AM1BCC,AmberTools,,,C,,3,[H:11][c:5]1[c:4]([c:3]([c:2]([c:7]([c:6]1[H:12])[H:13])[O:1][H:8])[H:9])[H:10],1.0,7.0
3,-0.0944230769230769,AM1BCC,AmberTools,,,C,,4,[H:11][c:5]1[c:4]([c:3]([c:2]([c:7]([c:6]1[H:12])[H:13])[O:1][H:8])[H:9])[H:10],1.0,7.0
4,-0.1659230769230769,AM1BCC,AmberTools,,,C,,5,[H:11][c:5]1[c:4]([c:3]([c:2]([c:7]([c:6]1[H:12])[H:13])[O:1][H:8])[H:9])[H:10],1.0,7.0
5,-0.0944230769230769,AM1BCC,AmberTools,,,C,,6,[H:11][c:5]1[c:4]([c:3]([c:2]([c:7]([c:6]1[H:12])[H:13])[O:1][H:8])[H:9])[H:10],1.0,7.0
6,-0.1849230769230769,AM1BCC,AmberTools,,,C,,7,[H:11][c:5]1[c:4]([c:3]([c:2]([c:7]([c:6]1[H:12])[H:13])[O:1][H:8])[H:9])[H:10],1.0,7.0
7,0.418076923076923,AM1BCC,AmberTools,,,H,,8,[H:11][c:5]1[c:4]([c:3]([c:2]([c:7]([c:6]1[H:12])[H:13])[O:1][H:8])[H:9])[H:10],1.0,7.0
8,0.141576923076923,AM1BCC,AmberTools,,,H,,9,[H:11][c:5]1[c:4]([c:3]([c:2]([c:7]([c:6]1[H:12])[H:13])[O:1][H:8])[H:9])[H:10],1.0,7.0
9,0.1330769230769231,AM1BCC,AmberTools,,,H,,10,[H:11][c:5]1[c:4]([c:3]([c:2]([c:7]([c:6]1[H:12])[H:13])[O:1][H:8])[H:9])[H:10],1.0,7.0
10,0.1330769230769231,AM1BCC,AmberTools,,,H,,11,[H:11][c:5]1[c:4]([c:3]([c:2]([c:7]([c:6]1[H:12])[H:13])[O:1][H:8])[H:9])[H:10],1.0,7.0
11,0.1330769230769231,AM1BCC,AmberTools,,,H,,12,[H:11][c:5]1[c:4]([c:3]([c:2]([c:7]([c:6]1[H:12])[H:13])[O:1][H:8])[H:9])[H:10],1.0,7.0
12,0.141576923076923,AM1BCC,AmberTools,,,H,,13,[H:11][c:5]1[c:4]([c:3]([c:2]([c:7]([c:6]1[H:12])[H:13])[O:1][H:8])[H:9])[H:10],1.0,7.0
0,-0.5100799816159102,AM1BCC,OpenEye,,,O,,1,[H:11][c:5]1[c:4]([c:3]([c:2]([c:7]([c:6]1[H:12])[H:13])[O:1][H:8])[H:9])[H:10],1.0,8.0
1,0.1053099987598566,AM1BCC,OpenEye,,,C,,2,[H:11][c:5]1[c:4]([c:3]([c:2]([c:7]([c:6]1[H:12])[H:13])[O:1][H:8])[H:9])[H:10],1.0,8.0
2,-0.1661800014284941,AM1BCC,OpenEye,,,C,,3,[H:11][c:5]1[c:4]([c:3]([c:2]([c:7]([c:6]1[H:12])[H:13])[O:1][H:8])[H:9])[H:10],1.0,8.0
3,-0.1059700044301839,AM1BCC,OpenEye,,,C,,4,[H:11][c:5]1[c:4]([c:3]([c:2]([c:7]([c:6]1[H:12])[H:13])[O:1][H:8])[H:9])[H:10],1.0,8.0
4,-0.1518100070265623,AM1BCC,OpenEye,,,C,,5,[H:11][c:5]1[c:4]([c:3]([c:2]([c:7]([c:6]1[H:12])[H:13])[O:1][H:8])[H:9])[H:10],1.0,8.0
5,-0.1059700044301839,AM1BCC,OpenEye,,,C,,6,[H:11][c:5]1[c:4]([c:3]([c:2]([c:7]([c:6]1[H:12])[H:13])[O:1][H:8])[H:9])[H:10],1.0,8.0
6,-0.1661800014284941,AM1BCC,OpenEye,,,C,,7,[H:11][c:5]1[c:4]([c:3]([c:2]([c:7]([c:6]1[H:12])[H:13])[O:1][H:8])[H:9])[H:10],1.0,8.0
7,0.4165000004264024,AM1BCC,OpenEye,,,H,,8,[H:11][c:5]1[c:4]([c:3]([c:2]([c:7]([c:6]1[H:12])[H:13])[O:1][H:8])[H:9])[H:10],1.0,8.0
8,0.1417600048276094,AM1BCC,OpenEye,,,H,,9,[H:11][c:5]1[c:4]([c:3]([c:2]([c:7]([c:6]1[H:12])[H:13])[O:1][H:8])[H:9])[H:10],1.0,8.0
9,0.1339299959632066,AM1BCC,OpenEye,,,H,,10,[H:11][c:5]1[c:4]([c:3]([c:2]([c:7]([c:6]1[H:12])[H:13])[O:1][H:8])[H:9])[H:10],1.0,8.0
10,0.1329999995919374,AM1BCC,OpenEye,,,H,,11,[H:11][c:5]1[c:4]([c:3]([c:2]([c:7]([c:6]1[H:12])[H:13])[O:1][H:8])[H:9])[H:10],1.0,8.0
11,0.1339299959632066,AM1BCC,OpenEye,,,H,,12,[H:11][c:5]1[c:4]([c:3]([c:2]([c:7]([c:6]1[H:12])[H:13])[O:1][H:8])[H:9])[H:10],1.0,8.0
12,0.1417600048276094,AM1BCC,OpenEye,,,H,,13,[H:11][c:5]1[c:4]([c:3]([c:2]([c:7]([c:6]1[H:12])[H:13])[O:1][H:8])[H:9])[H:10],1.0,8.0
0,-0.4990230769230769,AM1BCC,AmberTools,,,O,,1,[H:11][c:5]1[c:4]([c:3]([c:2]([c:7]([c:6]1[H:12])[H:13])[O:1][H:8])[H:9])[H:10],1.0,8.0
1,0.123176923076923,AM1BCC,AmberTools,,,C,,2,[H:11][c:5]1[c:4]([c:3]([c:2]([c:7]([c:6]1[H:12])[H:13])[O:1][H:8])[H:9])[H:10],1.0,8.0
2,-0.1849230769230769,AM1BCC,AmberTools,,,C,,3,[H:11][c:5]1[c:4]([c:3]([c:2]([c:7]([c:6]1[H:12])[H:13])[O:1][H:8])[H:9])[H:10],1.0,8.0
3,-0.0944230769230769,AM1BCC,AmberTools,,,C,,4,[H:11][c:5]1[c:4]([c:3]([c:2]([c:7]([c:6]1[H:12])[H:13])[O:1][H:8])[H:9])[H:10],1.0,8.0
4,-0.1659230769230769,AM1BCC,AmberTools,,,C,,5,[H:11][c:5]1[c:4]([c:3]([c:2]([c:7]([c:6]1[H:12])[H:13])[O:1][H:8])[H:9])[H:10],1.0,8.0
5,-0.0944230769230769,AM1BCC,AmberTools,,,C,,6,[H:11][c:5]1[c:4]([c:3]([c:2]([c:7]([c:6]1[H:12])[H:13])[O:1][H:8])[H:9])[H:10],1.0,8.0
6,-0.1849230769230769,AM1BCC,AmberTools,,,C,,7,[H:11][c:5]1[c:4]([c:3]([c:2]([c:7]([c:6]1[H:12])[H:13])[O:1][H:8])[H:9])[H:10],1.0,8.0
7,0.418076923076923,AM1BCC,AmberTools,,,H,,8,[H:11][c:5]1[c:4]([c:3]([c:2]([c:7]([c:6]1[H:12])[H:13])[O:1][H:8])[H:9])[H:10],1.0,8.0
8,0.141576923076923,AM1BCC,AmberTools,,,H,,9,[H:11][c:5]1[c:4]([c:3]([c:2]([c:7]([c:6]1[H:12])[H:13])[O:1][H:8])[H:9])[H:10],1.0,8.0
9,0.1330769230769231,AM1BCC,AmberTools,,,H,,10,[H:11][c:5]1[c:4]([c:3]([c:2]([c:7]([c:6]1[H:12])[H:13])[O:1][H:8])[H:9])[H:10],1.0,8.0
10,0.1330769230769231,AM1BCC,AmberTools,,,H,,11,[H:11][c:5]1[c:4]([c:3]([c:2]([c:7]([c:6]1[H:12])[H:13])[O:1][H:8])[H:9])[H:10],1.0,8.0
11,0.1330769230769231,AM1BCC,AmberTools,,,H,,12,[H:11][c:5]1[c:4]([c:3]([c:2]([c:7]([c:6]1[H:12])[H:13])[O:1][H:8])[H:9])[H:10],1.0,8.0
12,0.141576923076923,AM1BCC,AmberTools,,,H,,13,[H:11][c:5]1[c:4]([c:3]([c:2]([c:7]([c:6]1[H:12])[H:13])[O:1][H:8])[H:9])[H:10],1.0,8.0
0,-0.5100799816159102,AM1BCC,OpenEye,,,O,,1,[H:11][c:5]1[c:4]([c:3]([c:2]([c:7]([c:6]1[H:12])[H:13])[O:1][H:8])[H:9])[H:10],1.0,9.0
1,0.1053000000806955,AM1BCC,OpenEye,,,C,,2,[H:11][c:5]1[c:4]([c:3]([c:2]([c:7]([c:6]1[H:12])[H:13])[O:1][H:8])[H:9])[H:10],1.0,9.0
2,-0.1661800014284941,AM1BCC,OpenEye,,,C,,3,[H:11][c:5]1[c:4]([c:3]([c:2]([c:7]([c:6]1[H:12])[H:13])[O:1][H:8])[H:9])[H:10],1.0,9.0
3,-0.1059700044301839,AM1BCC,OpenEye,,,C,,4,[H:11][c:5]1[c:4]([c:3]([c:2]([c:7]([c:6]1[H:12])[H:13])[O:1][H:8])[H:9])[H:10],1.0,9.0
4,-0.1518000083474012,AM1BCC,OpenEye,,,C,,5,[H:11][c:5]1[c:4]([c:3]([c:2]([c:7]([c:6]1[H:12])[H:13])[O:1][H:8])[H:9])[H:10],1.0,9.0
5,-0.1059700044301839,AM1BCC,OpenEye,,,C,,6,[H:11][c:5]1[c:4]([c:3]([c:2]([c:7]([c:6]1[H:12])[H:13])[O:1][H:8])[H:9])[H:10],1.0,9.0
6,-0.1661800014284941,AM1BCC,OpenEye,,,C,,7,[H:11][c:5]1[c:4]([c:3]([c:2]([c:7]([c:6]1[H:12])[H:13])[O:1][H:8])[H:9])[H:10],1.0,9.0
7,0.4165000004264024,AM1BCC,OpenEye,,,H,,8,[H:11][c:5]1[c:4]([c:3]([c:2]([c:7]([c:6]1[H:12])[H:13])[O:1][H:8])[H:9])[H:10],1.0,9.0
8,0.1417600048276094,AM1BCC,OpenEye,,,H,,9,[H:11][c:5]1[c:4]([c:3]([c:2]([c:7]([c:6]1[H:12])[H:13])[O:1][H:8])[H:9])[H:10],1.0,9.0
9,0.1339299959632066,AM1BCC,OpenEye,,,H,,10,[H:11][c:5]1[c:4]([c:3]([c:2]([c:7]([c:6]1[H:12])[H:13])[O:1][H:8])[H:9])[H:10],1.0,9.0
10,0.1329999995919374,AM1BCC,OpenEye,,,H,,11,[H:11][c:5]1[c:4]([c:3]([c:2]([c:7]([c:6]1[H:12])[H:13])[O:1][H:8])[H:9])[H:10],1.0,9.0
11,0.1339299959632066,AM1BCC,OpenEye,,,H,,12,[H:11][c:5]1[c:4]([c:3]([c:2]([c:7]([c:6]1[H:12])[H:13])[O:1][H:8])[H:9])[H:10],1.0,9.0
12,0.1417600048276094,AM1BCC,OpenEye,,,H,,13,[H:11][c:5]1[c:4]([c:3]([c:2]([c:7]([c:6]1[H:12])[H:13])[O:1][H:8])[H:9])[H:10],1.0,9.0
0,-0.4990230769230769,AM1BCC,AmberTools,,,O,,1,[H:11][c:5]1[c:4]([c:3]([c:2]([c:7]([c:6]1[H:12])[H:13])[O:1][H:8])[H:9])[H:10],1.0,9.0
1,0.123176923076923,AM1BCC,AmberTools,,,C,,2,[H:11][c:5]1[c:4]([c:3]([c:2]([c:7]([c:6]1[H:12])[H:13])[O:1][H:8])[H:9])[H:10],1.0,9.0
2,-0.1849230769230769,AM1BCC,AmberTools,,,C,,3,[H:11][c:5]1[c:4]([c:3]([c:2]([c:7]([c:6]1[H:12])[H:13])[O:1][H:8])[H:9])[H:10],1.0,9.0
3,-0.0944230769230769,AM1BCC,AmberTools,,,C,,4,[H:11][c:5]1[c:4]([c:3]([c:2]([c:7]([c:6]1[H:12])[H:13])[O:1][H:8])[H:9])[H:10],1.0,9.0
4,-0.1659230769230769,AM1BCC,AmberTools,,,C,,5,[H:11][c:5]1[c:4]([c:3]([c:2]([c:7]([c:6]1[H:12])[H:13])[O:1][H:8])[H:9])[H:10],1.0,9.0
5,-0.0944230769230769,AM1BCC,AmberTools,,,C,,6,[H:11][c:5]1[c:4]([c:3]([c:2]([c:7]([c:6]1[H:12])[H:13])[O:1][H:8])[H:9])[H:10],1.0,9.0
6,-0.1849230769230769,AM1BCC,AmberTools,,,C,,7,[H:11][c:5]1[c:4]([c:3]([c:2]([c:7]([c:6]1[H:12])[H:13])[O:1][H:8])[H:9])[H:10],1.0,9.0
7,0.418076923076923,AM1BCC,AmberTools,,,H,,8,[H:11][c:5]1[c:4]([c:3]([c:2]([c:7]([c:6]1[H:12])[H:13])[O:1][H:8])[H:9])[H:10],1.0,9.0
8,0.141576923076923,AM1BCC,AmberTools,,,H,,9,[H:11][c:5]1[c:4]([c:3]([c:2]([c:7]([c:6]1[H:12])[H:13])[O:1][H:8])[H:9])[H:10],1.0,9.0
9,0.1330769230769231,AM1BCC,AmberTools,,,H,,10,[H:11][c:5]1[c:4]([c:3]([c:2]([c:7]([c:6]1[H:12])[H:13])[O:1][H:8])[H:9])[H:10],1.0,9.0
10,0.1330769230769231,AM1BCC,AmberTools,,,H,,11,[H:11][c:5]1[c:4]([c:3]([c:2]([c:7]([c:6]1[H:12])[H:13])[O:1][H:8])[H:9])[H:10],1.0,9.0
11,0.1330769230769231,AM1BCC,AmberTools,,,H,,12,[H:11][c:5]1[c:4]([c:3]([c:2]([c:7]([c:6]1[H:12])[H:13])[O:1][H:8])[H:9])[H:10],1.0,9.0
12,0.141576923076923,AM1BCC,AmberTools,,,H,,13,[H:11][c:5]1[c:4]([c:3]([c:2]([c:7]([c:6]1[H:12])[H:13])[O:1][H:8])[H:9])[H:10],1.0,9.0
0,-0.5100799816159102,AM1BCC,OpenEye,,,O,,1,[H:11][c:5]1[c:4]([c:3]([c:2]([c:7]([c:6]1[H:12])[H:13])[O:1][H:8])[H:9])[H:10],1.0,10.0
1,0.1053000000806955,AM1BCC,OpenEye,,,C,,2,[H:11][c:5]1[c:4]([c:3]([c:2]([c:7]([c:6]1[H:12])[H:13])[O:1][H:8])[H:9])[H:10],1.0,10.0
2,-0.1661800014284941,AM1BCC,OpenEye,,,C,,3,[H:11][c:5]1[c:4]([c:3]([c:2]([c:7]([c:6]1[H:12])[H:13])[O:1][H:8])[H:9])[H:10],1.0,10.0
3,-0.1059700044301839,AM1BCC,OpenEye,,,C,,4,[H:11][c:5]1[c:4]([c:3]([c:2]([c:7]([c:6]1[H:12])[H:13])[O:1][H:8])[H:9])[H:10],1.0,10.0
4,-0.1518000083474012,AM1BCC,OpenEye,,,C,,5,[H:11][c:5]1[c:4]([c:3]([c:2]([c:7]([c:6]1[H:12])[H:13])[O:1][H:8])[H:9])[H:10],1.0,10.0
5,-0.1059700044301839,AM1BCC,OpenEye,,,C,,6,[H:11][c:5]1[c:4]([c:3]([c:2]([c:7]([c:6]1[H:12])[H:13])[O:1][H:8])[H:9])[H:10],1.0,10.0
6,-0.1661800014284941,AM1BCC,OpenEye,,,C,,7,[H:11][c:5]1[c:4]([c:3]([c:2]([c:7]([c:6]1[H:12])[H:13])[O:1][H:8])[H:9])[H:10],1.0,10.0
7,0.4165000004264024,AM1BCC,OpenEye,,,H,,8,[H:11][c:5]1[c:4]([c:3]([c:2]([c:7]([c:6]1[H:12])[H:13])[O:1][H:8])[H:9])[H:10],1.0,10.0
8,0.1417600048276094,AM1BCC,OpenEye,,,H,,9,[H:11][c:5]1[c:4]([c:3]([c:2]([c:7]([c:6]1[H:12])[H:13])[O:1][H:8])[H:9])[H:10],1.0,10.0
9,0.1339299959632066,AM1BCC,OpenEye,,,H,,10,[H:11][c:5]1[c:4]([c:3]([c:2]([c:7]([c:6]1[H:12])[H:13])[O:1][H:8])[H:9])[H:10],1.0,10.0
10,0.1329999995919374,AM1BCC,OpenEye,,,H,,11,[H:11][c:5]1[c:4]([c:3]([c:2]([c:7]([c:6]1[H:12])[H:13])[O:1][H:8])[H:9])[H:10],1.0,10.0
11,0.1339299959632066,AM1BCC,OpenEye,,,H,,12,[H:11][c:5]1[c:4]([c:3]([c:2]([c:7]([c:6]1[H:12])[H:13])[O:1][H:8])[H:9])[H:10],1.0,10.0
12,0.1417600048276094,AM1BCC,OpenEye,,,H,,13,[H:11][c:5]1[c:4]([c:3]([c:2]([c:7]([c:6]1[H:12])[H:13])[O:1][H:8])[H:9])[H:10],1.0,10.0
0,-0.4990230769230769,AM1BCC,AmberTools,,,O,,1,[H:11][c:5]1[c:4]([c:3]([c:2]([c:7]([c:6]1[H:12])[H:13])[O:1][H:8])[H:9])[H:10],1.0,10.0
1,0.123176923076923,AM1BCC,AmberTools,,,C,,2,[H:11][c:5]1[c:4]([c:3]([c:2]([c:7]([c:6]1[H:12])[H:13])[O:1][H:8])[H:9])[H:10],1.0,10.0
2,-0.1849230769230769,AM1BCC,AmberTools,,,C,,3,[H:11][c:5]1[c:4]([c:3]([c:2]([c:7]([c:6]1[H:12])[H:13])[O:1][H:8])[H:9])[H:10],1.0,10.0
3,-0.0944230769230769,AM1BCC,AmberTools,,,C,,4,[H:11][c:5]1[c:4]([c:3]([c:2]([c:7]([c:6]1[H:12])[H:13])[O:1][H:8])[H:9])[H:10],1.0,10.0
4,-0.1659230769230769,AM1BCC,AmberTools,,,C,,5,[H:11][c:5]1[c:4]([c:3]([c:2]([c:7]([c:6]1[H:12])[H:13])[O:1][H:8])[H:9])[H:10],1.0,10.0
5,-0.0944230769230769,AM1BCC,AmberTools,,,C,,6,[H:11][c:5]1[c:4]([c:3]([c:2]([c:7]([c:6]1[H:12])[H:13])[O:1][H:8])[H:9])[H:10],1.0,10.0
6,-0.1849230769230769,AM1BCC,AmberTools,,,C,,7,[H:11][c:5]1[c:4]([c:3]([c:2]([c:7]([c:6]1[H:12])[H:13])[O:1][H:8])[H:9])[H:10],1.0,10.0
7,0.418076923076923,AM1BCC,AmberTools,,,H,,8,[H:11][c:5]1[c:4]([c:3]([c:2]([c:7]([c:6]1[H:12])[H:13])[O:1][H:8])[H:9])[H:10],1.0,10.0
8,0.141576923076923,AM1BCC,AmberTools,,,H,,9,[H:11][c:5]1[c:4]([c:3]([c:2]([c:7]([c:6]1[H:12])[H:13])[O:1][H:8])[H:9])[H:10],1.0,10.0
9,0.1330769230769231,AM1BCC,AmberTools,,,H,,10,[H:11][c:5]1[c:4]([c:3]([c:2]([c:7]([c:6]1[H:12])[H:13])[O:1][H:8])[H:9])[H:10],1.0,10.0
10,0.1330769230769231,AM1BCC,AmberTools,,,H,,11,[H:11][c:5]1[c:4]([c:3]([c:2]([c:7]([c:6]1[H:12])[H:13])[O:1][H:8])[H:9])[H:10],1.0,10.0
11,0.1330769230769231,AM1BCC,AmberTools,,,H,,12,[H:11][c:5]1[c:4]([c:3]([c:2]([c:7]([c:6]1[H:12])[H:13])[O:1][H:8])[H:9])[H:10],1.0,10.0
12,0.141576923076923,AM1BCC,AmberTools,,,H,,13,[H:11][c:5]1[c:4]([c:3]([c:2]([c:7]([c:6]1[H:12])[H:13])[O:1][H:8])[H:9])[H:10],1.0,10.0
0,-0.5100799816159102,AM1BCC,OpenEye,,,O,,1,[H:11][c:5]1[c:4]([c:3]([c:2]([c:7]([c:6]1[H:12])[H:13])[O:1][H:8])[H:9])[H:10],1.0,11.0
1,0.1053000000806955,AM1BCC,OpenEye,,,C,,2,[H:11][c:5]1[c:4]([c:3]([c:2]([c:7]([c:6]1[H:12])[H:13])[O:1][H:8])[H:9])[H:10],1.0,11.0
2,-0.1661800014284941,AM1BCC,OpenEye,,,C,,3,[H:11][c:5]1[c:4]([c:3]([c:2]([c:7]([c:6]1[H:12])[H:13])[O:1][H:8])[H:9])[H:10],1.0,11.0
3,-0.1059700044301839,AM1BCC,OpenEye,,,C,,4,[H:11][c:5]1[c:4]([c:3]([c:2]([c:7]([c:6]1[H:12])[H:13])[O:1][H:8])[H:9])[H:10],1.0,11.0
4,-0.1518000083474012,AM1BCC,OpenEye,,,C,,5,[H:11][c:5]1[c:4]([c:3]([c:2]([c:7]([c:6]1[H:12])[H:13])[O:1][H:8])[H:9])[H:10],1.0,11.0
5,-0.1059700044301839,AM1BCC,OpenEye,,,C,,6,[H:11][c:5]1[c:4]([c:3]([c:2]([c:7]([c:6]1[H:12])[H:13])[O:1][H:8])[H:9])[H:10],1.0,11.0
6,-0.1661800014284941,AM1BCC,OpenEye,,,C,,7,[H:11][c:5]1[c:4]([c:3]([c:2]([c:7]([c:6]1[H:12])[H:13])[O:1][H:8])[H:9])[H:10],1.0,11.0
7,0.4165000004264024,AM1BCC,OpenEye,,,H,,8,[H:11][c:5]1[c:4]([c:3]([c:2]([c:7]([c:6]1[H:12])[H:13])[O:1][H:8])[H:9])[H:10],1.0,11.0
8,0.1417600048276094,AM1BCC,OpenEye,,,H,,9,[H:11][c:5]1[c:4]([c:3]([c:2]([c:7]([c:6]1[H:12])[H:13])[O:1][H:8])[H:9])[H:10],1.0,11.0
9,0.1339299959632066,AM1BCC,OpenEye,,,H,,10,[H:11][c:5]1[c:4]([c:3]([c:2]([c:7]([c:6]1[H:12])[H:13])[O:1][H:8])[H:9])[H:10],1.0,11.0
10,0.1329999995919374,AM1BCC,OpenEye,,,H,,11,[H:11][c:5]1[c:4]([c:3]([c:2]([c:7]([c:6]1[H:12])[H:13])[O:1][H:8])[H:9])[H:10],1.0,11.0
11,0.1339299959632066,AM1BCC,OpenEye,,,H,,12,[H:11][c:5]1[c:4]([c:3]([c:2]([c:7]([c:6]1[H:12])[H:13])[O:1][H:8])[H:9])[H:10],1.0,11.0
12,0.1417600048276094,AM1BCC,OpenEye,,,H,,13,[H:11][c:5]1[c:4]([c:3]([c:2]([c:7]([c:6]1[H:12])[H:13])[O:1][H:8])[H:9])[H:10],1.0,11.0
0,-0.4990230769230769,AM1BCC,AmberTools,,,O,,1,[H:11][c:5]1[c:4]([c:3]([c:2]([c:7]([c:6]1[H:12])[H:13])[O:1][H:8])[H:9])[H:10],1.0,11.0
1,0.123176923076923,AM1BCC,AmberTools,,,C,,2,[H:11][c:5]1[c:4]([c:3]([c:2]([c:7]([c:6]1[H:12])[H:13])[O:1][H:8])[H:9])[H:10],1.0,11.0
2,-0.1849230769230769,AM1BCC,AmberTools,,,C,,3,[H:11][c:5]1[c:4]([c:3]([c:2]([c:7]([c:6]1[H:12])[H:13])[O:1][H:8])[H:9])[H:10],1.0,11.0
3,-0.0944230769230769,AM1BCC,AmberTools,,,C,,4,[H:11][c:5]1[c:4]([c:3]([c:2]([c:7]([c:6]1[H:12])[H:13])[O:1][H:8])[H:9])[H:10],1.0,11.0
4,-0.1659230769230769,AM1BCC,AmberTools,,,C,,5,[H:11][c:5]1[c:4]([c:3]([c:2]([c:7]([c:6]1[H:12])[H:13])[O:1][H:8])[H:9])[H:10],1.0,11.0
5,-0.0944230769230769,AM1BCC,AmberTools,,,C,,6,[H:11][c:5]1[c:4]([c:3]([c:2]([c:7]([c:6]1[H:12])[H:13])[O:1][H:8])[H:9])[H:10],1.0,11.0
6,-0.1849230769230769,AM1BCC,AmberTools,,,C,,7,[H:11][c:5]1[c:4]([c:3]([c:2]([c:7]([c:6]1[H:12])[H:13])[O:1][H:8])[H:9])[H:10],1.0,11.0
7,0.418076923076923,AM1BCC,AmberTools,,,H,,8,[H:11][c:5]1[c:4]([c:3]([c:2]([c:7]([c:6]1[H:12])[H:13])[O:1][H:8])[H:9])[H:10],1.0,11.0
8,0.141576923076923,AM1BCC,AmberTools,,,H,,9,[H:11][c:5]1[c:4]([c:3]([c:2]([c:7]([c:6]1[H:12])[H:13])[O:1][H:8])[H:9])[H:10],1.0,11.0
9,0.1330769230769231,AM1BCC,AmberTools,,,H,,10,[H:11][c:5]1[c:4]([c:3]([c:2]([c:7]([c:6]1[H:12])[H:13])[O:1][H:8])[H:9])[H:10],1.0,11.0
10,0.1330769230769231,AM1BCC,AmberTools,,,H,,11,[H:11][c:5]1[c:4]([c:3]([c:2]([c:7]([c:6]1[H:12])[H:13])[O:1][H:8])[H:9])[H:10],1.0,11.0
11,0.1330769230769231,AM1BCC,AmberTools,,,H,,12,[H:11][c:5]1[c:4]([c:3]([c:2]([c:7]([c:6]1[H:12])[H:13])[O:1][H:8])[H:9])[H:10],1.0,11.0
12,0.141576923076923,AM1BCC,AmberTools,,,H,,13,[H:11][c:5]1[c:4]([c:3]([c:2]([c:7]([c:6]1[H:12])[H:13])[O:1][H:8])[H:9])[H:10],1.0,11.0
0,-0.5100799816159102,AM1BCC,OpenEye,,,O,,1,[H:11][c:5]1[c:4]([c:3]([c:2]([c:7]([c:6]1[H:12])[H:13])[O:1][H:8])[H:9])[H:10],1.0,12.0
1,0.1053099987598566,AM1BCC,OpenEye,,,C,,2,[H:11][c:5]1[c:4]([c:3]([c:2]([c:7]([c:6]1[H:12])[H:13])[O:1][H:8])[H:9])[H:10],1.0,12.0
2,-0.1661800014284941,AM1BCC,OpenEye,,,C,,3,[H:11][c:5]1[c:4]([c:3]([c:2]([c:7]([c:6]1[H:12])[H:13])[O:1][H:8])[H:9])[H:10],1.0,12.0
3,-0.1059700044301839,AM1BCC,OpenEye,,,C,,4,[H:11][c:5]1[c:4]([c:3]([c:2]([c:7]([c:6]1[H:12])[H:13])[O:1][H:8])[H:9])[H:10],1.0,12.0
4,-0.1518100070265623,AM1BCC,OpenEye,,,C,,5,[H:11][c:5]1[c:4]([c:3]([c:2]([c:7]([c:6]1[H:12])[H:13])[O:1][H:8])[H:9])[H:10],1.0,12.0
5,-0.1059700044301839,AM1BCC,OpenEye,,,C,,6,[H:11][c:5]1[c:4]([c:3]([c:2]([c:7]([c:6]1[H:12])[H:13])[O:1][H:8])[H:9])[H:10],1.0,12.0
6,-0.1661800014284941,AM1BCC,OpenEye,,,C,,7,[H:11][c:5]1[c:4]([c:3]([c:2]([c:7]([c:6]1[H:12])[H:13])[O:1][H:8])[H:9])[H:10],1.0,12.0
7,0.4165000004264024,AM1BCC,OpenEye,,,H,,8,[H:11][c:5]1[c:4]([c:3]([c:2]([c:7]([c:6]1[H:12])[H:13])[O:1][H:8])[H:9])[H:10],1.0,12.0
8,0.1417600048276094,AM1BCC,OpenEye,,,H,,9,[H:11][c:5]1[c:4]([c:3]([c:2]([c:7]([c:6]1[H:12])[H:13])[O:1][H:8])[H:9])[H:10],1.0,12.0
9,0.1339299959632066,AM1BCC,OpenEye,,,H,,10,[H:11][c:5]1[c:4]([c:3]([c:2]([c:7]([c:6]1[H:12])[H:13])[O:1][H:8])[H:9])[H:10],1.0,12.0
10,0.1329999995919374,AM1BCC,OpenEye,,,H,,11,[H:11][c:5]1[c:4]([c:3]([c:2]([c:7]([c:6]1[H:12])[H:13])[O:1][H:8])[H:9])[H:10],1.0,12.0
11,0.1339299959632066,AM1BCC,OpenEye,,,H,,12,[H:11][c:5]1[c:4]([c:3]([c:2]([c:7]([c:6]1[H:12])[H:13])[O:1][H:8])[H:9])[H:10],1.0,12.0
12,0.1417600048276094,AM1BCC,OpenEye,,,H,,13,[H:11][c:5]1[c:4]([c:3]([c:2]([c:7]([c:6]1[H:12])[H:13])[O:1][H:8])[H:9])[H:10],1.0,12.0
0,-0.4990230769230769,AM1BCC,AmberTools,,,O,,1,[H:11][c:5]1[c:4]([c:3]([c:2]([c:7]([c:6]1[H:12])[H:13])[O:1][H:8])[H:9])[H:10],1.0,12.0
1,0.123176923076923,AM1BCC,AmberTools,,,C,,2,[H:11][c:5]1[c:4]([c:3]([c:2]([c:7]([c:6]1[H:12])[H:13])[O:1][H:8])[H:9])[H:10],1.0,12.0
2,-0.1849230769230769,AM1BCC,AmberTools,,,C,,3,[H:11][c:5]1[c:4]([c:3]([c:2]([c:7]([c:6]1[H:12])[H:13])[O:1][H:8])[H:9])[H:10],1.0,12.0
3,-0.0944230769230769,AM1BCC,AmberTools,,,C,,4,[H:11][c:5]1[c:4]([c:3]([c:2]([c:7]([c:6]1[H:12])[H:13])[O:1][H:8])[H:9])[H:10],1.0,12.0
4,-0.1659230769230769,AM1BCC,AmberTools,,,C,,5,[H:11][c:5]1[c:4]([c:3]([c:2]([c:7]([c:6]1[H:12])[H:13])[O:1][H:8])[H:9])[H:10],1.0,12.0
5,-0.0944230769230769,AM1BCC,AmberTools,,,C,,6,[H:11][c:5]1[c:4]([c:3]([c:2]([c:7]([c:6]1[H:12])[H:13])[O:1][H:8])[H:9])[H:10],1.0,12.0
6,-0.1849230769230769,AM1BCC,AmberTools,,,C,,7,[H:11][c:5]1[c:4]([c:3]([c:2]([c:7]([c:6]1[H:12])[H:13])[O:1][H:8])[H:9])[H:10],1.0,12.0
7,0.418076923076923,AM1BCC,AmberTools,,,H,,8,[H:11][c:5]1[c:4]([c:3]([c:2]([c:7]([c:6]1[H:12])[H:13])[O:1][H:8])[H:9])[H:10],1.0,12.0
8,0.141576923076923,AM1BCC,AmberTools,,,H,,9,[H:11][c:5]1[c:4]([c:3]([c:2]([c:7]([c:6]1[H:12])[H:13])[O:1][H:8])[H:9])[H:10],1.0,12.0
9,0.1330769230769231,AM1BCC,AmberTools,,,H,,10,[H:11][c:5]1[c:4]([c:3]([c:2]([c:7]([c:6]1[H:12])[H:13])[O:1][H:8])[H:9])[H:10],1.0,12.0
10,0.1330769230769231,AM1BCC,AmberTools,,,H,,11,[H:11][c:5]1[c:4]([c:3]([c:2]([c:7]([c:6]1[H:12])[H:13])[O:1][H:8])[H:9])[H:10],1.0,12.0
11,0.1330769230769231,AM1BCC,AmberTools,,,H,,12,[H:11][c:5]1[c:4]([c:3]([c:2]([c:7]([c:6]1[H:12])[H:13])[O:1][H:8])[H:9])[H:10],1.0,12.0
12,0.141576923076923,AM1BCC,AmberTools,,,H,,13,[H:11][c:5]1[c:4]([c:3]([c:2]([c:7]([c:6]1[H:12])[H:13])[O:1][H:8])[H:9])[H:10],1.0,12.0
0,-0.498479992724382,AM1BCC,OpenEye,,,O,,1,[H:11][c:5]1[c:4]([c:3]([c:2]([c:7]([c:6]1[H:12])[H:13])[O:1][H:8])[H:9])[H:10],2.0,1.0
1,0.1221000024905571,AM1BCC,OpenEye,,,C,,2,[H:11][c:5]1[c:4]([c:3]([c:2]([c:7]([c:6]1[H:12])[H:13])[O:1][H:8])[H:9])[H:10],2.0,1.0
2,-0.1847900008926024,AM1BCC,OpenEye,,,C,,3,[H:11][c:5]1[c:4]([c:3]([c:2]([c:7]([c:6]1[H:12])[H:13])[O:1][H:8])[H:9])[H:10],2.0,1.0
3,-0.0944300001630416,AM1BCC,OpenEye,,,C,,4,[H:11][c:5]1[c:4]([c:3]([c:2]([c:7]([c:6]1[H:12])[H:13])[O:1][H:8])[H:9])[H:10],2.0,1.0
4,-0.1644800013074508,AM1BCC,OpenEye,,,C,,5,[H:11][c:5]1[c:4]([c:3]([c:2]([c:7]([c:6]1[H:12])[H:13])[O:1][H:8])[H:9])[H:10],2.0,1.0
5,-0.0944300001630416,AM1BCC,OpenEye,,,C,,6,[H:11][c:5]1[c:4]([c:3]([c:2]([c:7]([c:6]1[H:12])[H:13])[O:1][H:8])[H:9])[H:10],2.0,1.0
6,-0.1847900008926024,AM1BCC,OpenEye,,,C,,7,[H:11][c:5]1[c:4]([c:3]([c:2]([c:7]([c:6]1[H:12])[H:13])[O:1][H:8])[H:9])[H:10],2.0,1.0
7,0.4184199863901505,AM1BCC,OpenEye,,,H,,8,[H:11][c:5]1[c:4]([c:3]([c:2]([c:7]([c:6]1[H:12])[H:13])[O:1][H:8])[H:9])[H:10],2.0,1.0
8,0.1405600005617508,AM1BCC,OpenEye,,,H,,9,[H:11][c:5]1[c:4]([c:3]([c:2]([c:7]([c:6]1[H:12])[H:13])[O:1][H:8])[H:9])[H:10],2.0,1.0
9,0.1328600043287644,AM1BCC,OpenEye,,,H,,10,[H:11][c:5]1[c:4]([c:3]([c:2]([c:7]([c:6]1[H:12])[H:13])[O:1][H:8])[H:9])[H:10],2.0,1.0
10,0.1340399974813828,AM1BCC,OpenEye,,,H,,11,[H:11][c:5]1[c:4]([c:3]([c:2]([c:7]([c:6]1[H:12])[H:13])[O:1][H:8])[H:9])[H:10],2.0,1.0
11,0.1328600043287644,AM1BCC,OpenEye,,,H,,12,[H:11][c:5]1[c:4]([c:3]([c:2]([c:7]([c:6]1[H:12])[H:13])[O:1][H:8])[H:9])[H:10],2.0,1.0
12,0.1405600005617508,AM1BCC,OpenEye,,,H,,13,[H:11][c:5]1[c:4]([c:3]([c:2]([c:7]([c:6]1[H:12])[H:13])[O:1][H:8])[H:9])[H:10],2.0,1.0
0,-0.4990230769230769,AM1BCC,AmberTools,,,O,,1,[H:11][c:5]1[c:4]([c:3]([c:2]([c:7]([c:6]1[H:12])[H:13])[O:1][H:8])[H:9])[H:10],2.0,1.0
1,0.123176923076923,AM1BCC,AmberTools,,,C,,2,[H:11][c:5]1[c:4]([c:3]([c:2]([c:7]([c:6]1[H:12])[H:13])[O:1][H:8])[H:9])[H:10],2.0,1.0
2,-0.1849230769230769,AM1BCC,AmberTools,,,C,,3,[H:11][c:5]1[c:4]([c:3]([c:2]([c:7]([c:6]1[H:12])[H:13])[O:1][H:8])[H:9])[H:10],2.0,1.0
3,-0.0944230769230769,AM1BCC,AmberTools,,,C,,4,[H:11][c:5]1[c:4]([c:3]([c:2]([c:7]([c:6]1[H:12])[H:13])[O:1][H:8])[H:9])[H:10],2.0,1.0
4,-0.1659230769230769,AM1BCC,AmberTools,,,C,,5,[H:11][c:5]1[c:4]([c:3]([c:2]([c:7]([c:6]1[H:12])[H:13])[O:1][H:8])[H:9])[H:10],2.0,1.0
5,-0.0944230769230769,AM1BCC,AmberTools,,,C,,6,[H:11][c:5]1[c:4]([c:3]([c:2]([c:7]([c:6]1[H:12])[H:13])[O:1][H:8])[H:9])[H:10],2.0,1.0
6,-0.1849230769230769,AM1BCC,AmberTools,,,C,,7,[H:11][c:5]1[c:4]([c:3]([c:2]([c:7]([c:6]1[H:12])[H:13])[O:1][H:8])[H:9])[H:10],2.0,1.0
7,0.418076923076923,AM1BCC,AmberTools,,,H,,8,[H:11][c:5]1[c:4]([c:3]([c:2]([c:7]([c:6]1[H:12])[H:13])[O:1][H:8])[H:9])[H:10],2.0,1.0
8,0.141576923076923,AM1BCC,AmberTools,,,H,,9,[H:11][c:5]1[c:4]([c:3]([c:2]([c:7]([c:6]1[H:12])[H:13])[O:1][H:8])[H:9])[H:10],2.0,1.0
9,0.1330769230769231,AM1BCC,AmberTools,,,H,,10,[H:11][c:5]1[c:4]([c:3]([c:2]([c:7]([c:6]1[H:12])[H:13])[O:1][H:8])[H:9])[H:10],2.0,1.0
10,0.1330769230769231,AM1BCC,AmberTools,,,H,,11,[H:11][c:5]1[c:4]([c:3]([c:2]([c:7]([c:6]1[H:12])[H:13])[O:1][H:8])[H:9])[H:10],2.0,1.0
11,0.1330769230769231,AM1BCC,AmberTools,,,H,,12,[H:11][c:5]1[c:4]([c:3]([c:2]([c:7]([c:6]1[H:12])[H:13])[O:1][H:8])[H:9])[H:10],2.0,1.0
12,0.141576923076923,AM1BCC,AmberTools,,,H,,13,[H:11][c:5]1[c:4]([c:3]([c:2]([c:7]([c:6]1[H:12])[H:13])[O:1][H:8])[H:9])[H:10],2.0,1.0
0,-0.498479992724382,AM1BCC,OpenEye,,,O,,1,[H:11][c:5]1[c:4]([c:3]([c:2]([c:7]([c:6]1[H:12])[H:13])[O:1][H:8])[H:9])[H:10],2.0,2.0
1,0.1221000024905571,AM1BCC,OpenEye,,,C,,2,[H:11][c:5]1[c:4]([c:3]([c:2]([c:7]([c:6]1[H:12])[H:13])[O:1][H:8])[H:9])[H:10],2.0,2.0
2,-0.1847900008926024,AM1BCC,OpenEye,,,C,,3,[H:11][c:5]1[c:4]([c:3]([c:2]([c:7]([c:6]1[H:12])[H:13])[O:1][H:8])[H:9])[H:10],2.0,2.0
3,-0.0944300001630416,AM1BCC,OpenEye,,,C,,4,[H:11][c:5]1[c:4]([c:3]([c:2]([c:7]([c:6]1[H:12])[H:13])[O:1][H:8])[H:9])[H:10],2.0,2.0
4,-0.1644800013074508,AM1BCC,OpenEye,,,C,,5,[H:11][c:5]1[c:4]([c:3]([c:2]([c:7]([c:6]1[H:12])[H:13])[O:1][H:8])[H:9])[H:10],2.0,2.0
5,-0.0944300001630416,AM1BCC,OpenEye,,,C,,6,[H:11][c:5]1[c:4]([c:3]([c:2]([c:7]([c:6]1[H:12])[H:13])[O:1][H:8])[H:9])[H:10],2.0,2.0
6,-0.1847900008926024,AM1BCC,OpenEye,,,C,,7,[H:11][c:5]1[c:4]([c:3]([c:2]([c:7]([c:6]1[H:12])[H:13])[O:1][H:8])[H:9])[H:10],2.0,2.0
7,0.4184199863901505,AM1BCC,OpenEye,,,H,,8,[H:11][c:5]1[c:4]([c:3]([c:2]([c:7]([c:6]1[H:12])[H:13])[O:1][H:8])[H:9])[H:10],2.0,2.0
8,0.1405600005617508,AM1BCC,OpenEye,,,H,,9,[H:11][c:5]1[c:4]([c:3]([c:2]([c:7]([c:6]1[H:12])[H:13])[O:1][H:8])[H:9])[H:10],2.0,2.0
9,0.1328600043287644,AM1BCC,OpenEye,,,H,,10,[H:11][c:5]1[c:4]([c:3]([c:2]([c:7]([c:6]1[H:12])[H:13])[O:1][H:8])[H:9])[H:10],2.0,2.0
10,0.1340399974813828,AM1BCC,OpenEye,,,H,,11,[H:11][c:5]1[c:4]([c:3]([c:2]([c:7]([c:6]1[H:12])[H:13])[O:1][H:8])[H:9])[H:10],2.0,2.0
11,0.1328600043287644,AM1BCC,OpenEye,,,H,,12,[H:11][c:5]1[c:4]([c:3]([c:2]([c:7]([c:6]1[H:12])[H:13])[O:1][H:8])[H:9])[H:10],2.0,2.0
12,0.1405600005617508,AM1BCC,OpenEye,,,H,,13,[H:11][c:5]1[c:4]([c:3]([c:2]([c:7]([c:6]1[H:12])[H:13])[O:1][H:8])[H:9])[H:10],2.0,2.0
0,-0.4990230769230769,AM1BCC,AmberTools,,,O,,1,[H:11][c:5]1[c:4]([c:3]([c:2]([c:7]([c:6]1[H:12])[H:13])[O:1][H:8])[H:9])[H:10],2.0,2.0
1,0.123176923076923,AM1BCC,AmberTools,,,C,,2,[H:11][c:5]1[c:4]([c:3]([c:2]([c:7]([c:6]1[H:12])[H:13])[O:1][H:8])[H:9])[H:10],2.0,2.0
2,-0.1849230769230769,AM1BCC,AmberTools,,,C,,3,[H:11][c:5]1[c:4]([c:3]([c:2]([c:7]([c:6]1[H:12])[H:13])[O:1][H:8])[H:9])[H:10],2.0,2.0
3,-0.0944230769230769,AM1BCC,AmberTools,,,C,,4,[H:11][c:5]1[c:4]([c:3]([c:2]([c:7]([c:6]1[H:12])[H:13])[O:1][H:8])[H:9])[H:10],2.0,2.0
4,-0.1659230769230769,AM1BCC,AmberTools,,,C,,5,[H:11][c:5]1[c:4]([c:3]([c:2]([c:7]([c:6]1[H:12])[H:13])[O:1][H:8])[H:9])[H:10],2.0,2.0
5,-0.0944230769230769,AM1BCC,AmberTools,,,C,,6,[H:11][c:5]1[c:4]([c:3]([c:2]([c:7]([c:6]1[H:12])[H:13])[O:1][H:8])[H:9])[H:10],2.0,2.0
6,-0.1849230769230769,AM1BCC,AmberTools,,,C,,7,[H:11][c:5]1[c:4]([c:3]([c:2]([c:7]([c:6]1[H:12])[H:13])[O:1][H:8])[H:9])[H:10],2.0,2.0
7,0.418076923076923,AM1BCC,AmberTools,,,H,,8,[H:11][c:5]1[c:4]([c:3]([c:2]([c:7]([c:6]1[H:12])[H:13])[O:1][H:8])[H:9])[H:10],2.0,2.0
8,0.141576923076923,AM1BCC,AmberTools,,,H,,9,[H:11][c:5]1[c:4]([c:3]([c:2]([c:7]([c:6]1[H:12])[H:13])[O:1][H:8])[H:9])[H:10],2.0,2.0
9,0.1330769230769231,AM1BCC,AmberTools,,,H,,10,[H:11][c:5]1[c:4]([c:3]([c:2]([c:7]([c:6]1[H:12])[H:13])[O:1][H:8])[H:9])[H:10],2.0,2.0
10,0.1330769230769231,AM1BCC,AmberTools,,,H,,11,[H:11][c:5]1[c:4]([c:3]([c:2]([c:7]([c:6]1[H:12])[H:13])[O:1][H:8])[H:9])[H:10],2.0,2.0
11,0.1330769230769231,AM1BCC,AmberTools,,,H,,12,[H:11][c:5]1[c:4]([c:3]([c:2]([c:7]([c:6]1[H:12])[H:13])[O:1][H:8])[H:9])[H:10],2.0,2.0
12,0.141576923076923,AM1BCC,AmberTools,,,H,,13,[H:11][c:5]1[c:4]([c:3]([c:2]([c:7]([c:6]1[H:12])[H:13])[O:1][H:8])[H:9])[H:10],2.0,2.0
0,-0.498479992724382,AM1BCC,OpenEye,,,O,,1,[H:11][c:5]1[c:4]([c:3]([c:2]([c:7]([c:6]1[H:12])[H:13])[O:1][H:8])[H:9])[H:10],2.0,3.0
1,0.1221000024905571,AM1BCC,OpenEye,,,C,,2,[H:11][c:5]1[c:4]([c:3]([c:2]([c:7]([c:6]1[H:12])[H:13])[O:1][H:8])[H:9])[H:10],2.0,3.0
2,-0.1847900008926024,AM1BCC,OpenEye,,,C,,3,[H:11][c:5]1[c:4]([c:3]([c:2]([c:7]([c:6]1[H:12])[H:13])[O:1][H:8])[H:9])[H:10],2.0,3.0
3,-0.0944300001630416,AM1BCC,OpenEye,,,C,,4,[H:11][c:5]1[c:4]([c:3]([c:2]([c:7]([c:6]1[H:12])[H:13])[O:1][H:8])[H:9])[H:10],2.0,3.0
4,-0.1644800013074508,AM1BCC,OpenEye,,,C,,5,[H:11][c:5]1[c:4]([c:3]([c:2]([c:7]([c:6]1[H:12])[H:13])[O:1][H:8])[H:9])[H:10],2.0,3.0
5,-0.0944300001630416,AM1BCC,OpenEye,,,C,,6,[H:11][c:5]1[c:4]([c:3]([c:2]([c:7]([c:6]1[H:12])[H:13])[O:1][H:8])[H:9])[H:10],2.0,3.0
6,-0.1847900008926024,AM1BCC,OpenEye,,,C,,7,[H:11][c:5]1[c:4]([c:3]([c:2]([c:7]([c:6]1[H:12])[H:13])[O:1][H:8])[H:9])[H:10],2.0,3.0
7,0.4184199863901505,AM1BCC,OpenEye,,,H,,8,[H:11][c:5]1[c:4]([c:3]([c:2]([c:7]([c:6]1[H:12])[H:13])[O:1][H:8])[H:9])[H:10],2.0,3.0
8,0.1405600005617508,AM1BCC,OpenEye,,,H,,9,[H:11][c:5]1[c:4]([c:3]([c:2]([c:7]([c:6]1[H:12])[H:13])[O:1][H:8])[H:9])[H:10],2.0,3.0
9,0.1328600043287644,AM1BCC,OpenEye,,,H,,10,[H:11][c:5]1[c:4]([c:3]([c:2]([c:7]([c:6]1[H:12])[H:13])[O:1][H:8])[H:9])[H:10],2.0,3.0
10,0.1340399974813828,AM1BCC,OpenEye,,,H,,11,[H:11][c:5]1[c:4]([c:3]([c:2]([c:7]([c:6]1[H:12])[H:13])[O:1][H:8])[H:9])[H:10],2.0,3.0
11,0.1328600043287644,AM1BCC,OpenEye,,,H,,12,[H:11][c:5]1[c:4]([c:3]([c:2]([c:7]([c:6]1[H:12])[H:13])[O:1][H:8])[H:9])[H:10],2.0,3.0
12,0.1405600005617508,AM1BCC,OpenEye,,,H,,13,[H:11][c:5]1[c:4]([c:3]([c:2]([c:7]([c:6]1[H:12])[H:13])[O:1][H:8])[H:9])[H:10],2.0,3.0
0,-0.4990230769230769,AM1BCC,AmberTools,,,O,,1,[H:11][c:5]1[c:4]([c:3]([c:2]([c:7]([c:6]1[H:12])[H:13])[O:1][H:8])[H:9])[H:10],2.0,3.0
1,0.123176923076923,AM1BCC,AmberTools,,,C,,2,[H:11][c:5]1[c:4]([c:3]([c:2]([c:7]([c:6]1[H:12])[H:13])[O:1][H:8])[H:9])[H:10],2.0,3.0
2,-0.1849230769230769,AM1BCC,AmberTools,,,C,,3,[H:11][c:5]1[c:4]([c:3]([c:2]([c:7]([c:6]1[H:12])[H:13])[O:1][H:8])[H:9])[H:10],2.0,3.0
3,-0.0944230769230769,AM1BCC,AmberTools,,,C,,4,[H:11][c:5]1[c:4]([c:3]([c:2]([c:7]([c:6]1[H:12])[H:13])[O:1][H:8])[H:9])[H:10],2.0,3.0
4,-0.1659230769230769,AM1BCC,AmberTools,,,C,,5,[H:11][c:5]1[c:4]([c:3]([c:2]([c:7]([c:6]1[H:12])[H:13])[O:1][H:8])[H:9])[H:10],2.0,3.0
5,-0.0944230769230769,AM1BCC,AmberTools,,,C,,6,[H:11][c:5]1[c:4]([c:3]([c:2]([c:7]([c:6]1[H:12])[H:13])[O:1][H:8])[H:9])[H:10],2.0,3.0
6,-0.1849230769230769,AM1BCC,AmberTools,,,C,,7,[H:11][c:5]1[c:4]([c:3]([c:2]([c:7]([c:6]1[H:12])[H:13])[O:1][H:8])[H:9])[H:10],2.0,3.0
7,0.418076923076923,AM1BCC,AmberTools,,,H,,8,[H:11][c:5]1[c:4]([c:3]([c:2]([c:7]([c:6]1[H:12])[H:13])[O:1][H:8])[H:9])[H:10],2.0,3.0
8,0.141576923076923,AM1BCC,AmberTools,,,H,,9,[H:11][c:5]1[c:4]([c:3]([c:2]([c:7]([c:6]1[H:12])[H:13])[O:1][H:8])[H:9])[H:10],2.0,3.0
9,0.1330769230769231,AM1BCC,AmberTools,,,H,,10,[H:11][c:5]1[c:4]([c:3]([c:2]([c:7]([c:6]1[H:12])[H:13])[O:1][H:8])[H:9])[H:10],2.0,3.0
10,0.1330769230769231,AM1BCC,AmberTools,,,H,,11,[H:11][c:5]1[c:4]([c:3]([c:2]([c:7]([c:6]1[H:12])[H:13])[O:1][H:8])[H:9])[H:10],2.0,3.0
11,0.1330769230769231,AM1BCC,AmberTools,,,H,,12,[H:11][c:5]1[c:4]([c:3]([c:2]([c:7]([c:6]1[H:12])[H:13])[O:1][H:8])[H:9])[H:10],2.0,3.0
12,0.141576923076923,AM1BCC,AmberTools,,,H,,13,[H:11][c:5]1[c:4]([c:3]([c:2]([c:7]([c:6]1[H:12])[H:13])[O:1][H:8])[H:9])[H:10],2.0,3.0
0,-0.498479992724382,AM1BCC,OpenEye,,,O,,1,[H:11][c:5]1[c:4]([c:3]([c:2]([c:7]([c:6]1[H:12])[H:13])[O:1][H:8])[H:9])[H:10],2.0,4.0
1,0.1221000024905571,AM1BCC,OpenEye,,,C,,2,[H:11][c:5]1[c:4]([c:3]([c:2]([c:7]([c:6]1[H:12])[H:13])[O:1][H:8])[H:9])[H:10],2.0,4.0
2,-0.1847900008926024,AM1BCC,OpenEye,,,C,,3,[H:11][c:5]1[c:4]([c:3]([c:2]([c:7]([c:6]1[H:12])[H:13])[O:1][H:8])[H:9])[H:10],2.0,4.0
3,-0.0944300001630416,AM1BCC,OpenEye,,,C,,4,[H:11][c:5]1[c:4]([c:3]([c:2]([c:7]([c:6]1[H:12])[H:13])[O:1][H:8])[H:9])[H:10],2.0,4.0
4,-0.1644800013074508,AM1BCC,OpenEye,,,C,,5,[H:11][c:5]1[c:4]([c:3]([c:2]([c:7]([c:6]1[H:12])[H:13])[O:1][H:8])[H:9])[H:10],2.0,4.0
5,-0.0944300001630416,AM1BCC,OpenEye,,,C,,6,[H:11][c:5]1[c:4]([c:3]([c:2]([c:7]([c:6]1[H:12])[H:13])[O:1][H:8])[H:9])[H:10],2.0,4.0
6,-0.1847900008926024,AM1BCC,OpenEye,,,C,,7,[H:11][c:5]1[c:4]([c:3]([c:2]([c:7]([c:6]1[H:12])[H:13])[O:1][H:8])[H:9])[H:10],2.0,4.0
7,0.4184199863901505,AM1BCC,OpenEye,,,H,,8,[H:11][c:5]1[c:4]([c:3]([c:2]([c:7]([c:6]1[H:12])[H:13])[O:1][H:8])[H:9])[H:10],2.0,4.0
8,0.1405600005617508,AM1BCC,OpenEye,,,H,,9,[H:11][c:5]1[c:4]([c:3]([c:2]([c:7]([c:6]1[H:12])[H:13])[O:1][H:8])[H:9])[H:10],2.0,4.0
9,0.1328600043287644,AM1BCC,OpenEye,,,H,,10,[H:11][c:5]1[c:4]([c:3]([c:2]([c:7]([c:6]1[H:12])[H:13])[O:1][H:8])[H:9])[H:10],2.0,4.0
10,0.1340399974813828,AM1BCC,OpenEye,,,H,,11,[H:11][c:5]1[c:4]([c:3]([c:2]([c:7]([c:6]1[H:12])[H:13])[O:1][H:8])[H:9])[H:10],2.0,4.0
11,0.1328600043287644,AM1BCC,OpenEye,,,H,,12,[H:11][c:5]1[c:4]([c:3]([c:2]([c:7]([c:6]1[H:12])[H:13])[O:1][H:8])[H:9])[H:10],2.0,4.0
12,0.1405600005617508,AM1BCC,OpenEye,,,H,,13,[H:11][c:5]1[c:4]([c:3]([c:2]([c:7]([c:6]1[H:12])[H:13])[O:1][H:8])[H:9])[H:10],2.0,4.0
0,-0.4990230769230769,AM1BCC,AmberTools,,,O,,1,[H:11][c:5]1[c:4]([c:3]([c:2]([c:7]([c:6]1[H:12])[H:13])[O:1][H:8])[H:9])[H:10],2.0,4.0
1,0.123176923076923,AM1BCC,AmberTools,,,C,,2,[H:11][c:5]1[c:4]([c:3]([c:2]([c:7]([c:6]1[H:12])[H:13])[O:1][H:8])[H:9])[H:10],2.0,4.0
2,-0.1849230769230769,AM1BCC,AmberTools,,,C,,3,[H:11][c:5]1[c:4]([c:3]([c:2]([c:7]([c:6]1[H:12])[H:13])[O:1][H:8])[H:9])[H:10],2.0,4.0
3,-0.0944230769230769,AM1BCC,AmberTools,,,C,,4,[H:11][c:5]1[c:4]([c:3]([c:2]([c:7]([c:6]1[H:12])[H:13])[O:1][H:8])[H:9])[H:10],2.0,4.0
4,-0.1659230769230769,AM1BCC,AmberTools,,,C,,5,[H:11][c:5]1[c:4]([c:3]([c:2]([c:7]([c:6]1[H:12])[H:13])[O:1][H:8])[H:9])[H:10],2.0,4.0
5,-0.0944230769230769,AM1BCC,AmberTools,,,C,,6,[H:11][c:5]1[c:4]([c:3]([c:2]([c:7]([c:6]1[H:12])[H:13])[O:1][H:8])[H:9])[H:10],2.0,4.0
6,-0.1849230769230769,AM1BCC,AmberTools,,,C,,7,[H:11][c:5]1[c:4]([c:3]([c:2]([c:7]([c:6]1[H:12])[H:13])[O:1][H:8])[H:9])[H:10],2.0,4.0
7,0.418076923076923,AM1BCC,AmberTools,,,H,,8,[H:11][c:5]1[c:4]([c:3]([c:2]([c:7]([c:6]1[H:12])[H:13])[O:1][H:8])[H:9])[H:10],2.0,4.0
8,0.141576923076923,AM1BCC,AmberTools,,,H,,9,[H:11][c:5]1[c:4]([c:3]([c:2]([c:7]([c:6]1[H:12])[H:13])[O:1][H:8])[H:9])[H:10],2.0,4.0
9,0.1330769230769231,AM1BCC,AmberTools,,,H,,10,[H:11][c:5]1[c:4]([c:3]([c:2]([c:7]([c:6]1[H:12])[H:13])[O:1][H:8])[H:9])[H:10],2.0,4.0
10,0.1330769230769231,AM1BCC,AmberTools,,,H,,11,[H:11][c:5]1[c:4]([c:3]([c:2]([c:7]([c:6]1[H:12])[H:13])[O:1][H:8])[H:9])[H:10],2.0,4.0
11,0.1330769230769231,AM1BCC,AmberTools,,,H,,12,[H:11][c:5]1[c:4]([c:3]([c:2]([c:7]([c:6]1[H:12])[H:13])[O:1][H:8])[H:9])[H:10],2.0,4.0
12,0.141576923076923,AM1BCC,AmberTools,,,H,,13,[H:11][c:5]1[c:4]([c:3]([c:2]([c:7]([c:6]1[H:12])[H:13])[O:1][H:8])[H:9])[H:10],2.0,4.0
0,-0.498479992724382,AM1BCC,OpenEye,,,O,,1,[H:11][c:5]1[c:4]([c:3]([c:2]([c:7]([c:6]1[H:12])[H:13])[O:1][H:8])[H:9])[H:10],2.0,5.0
1,0.1221000024905571,AM1BCC,OpenEye,,,C,,2,[H:11][c:5]1[c:4]([c:3]([c:2]([c:7]([c:6]1[H:12])[H:13])[O:1][H:8])[H:9])[H:10],2.0,5.0
2,-0.1847900008926024,AM1BCC,OpenEye,,,C,,3,[H:11][c:5]1[c:4]([c:3]([c:2]([c:7]([c:6]1[H:12])[H:13])[O:1][H:8])[H:9])[H:10],2.0,5.0
3,-0.0944300001630416,AM1BCC,OpenEye,,,C,,4,[H:11][c:5]1[c:4]([c:3]([c:2]([c:7]([c:6]1[H:12])[H:13])[O:1][H:8])[H:9])[H:10],2.0,5.0
4,-0.1644800013074508,AM1BCC,OpenEye,,,C,,5,[H:11][c:5]1[c:4]([c:3]([c:2]([c:7]([c:6]1[H:12])[H:13])[O:1][H:8])[H:9])[H:10],2.0,5.0
5,-0.0944300001630416,AM1BCC,OpenEye,,,C,,6,[H:11][c:5]1[c:4]([c:3]([c:2]([c:7]([c:6]1[H:12])[H:13])[O:1][H:8])[H:9])[H:10],2.0,5.0
6,-0.1847900008926024,AM1BCC,OpenEye,,,C,,7,[H:11][c:5]1[c:4]([c:3]([c:2]([c:7]([c:6]1[H:12])[H:13])[O:1][H:8])[H:9])[H:10],2.0,5.0
7,0.4184199863901505,AM1BCC,OpenEye,,,H,,8,[H:11][c:5]1[c:4]([c:3]([c:2]([c:7]([c:6]1[H:12])[H:13])[O:1][H:8])[H:9])[H:10],2.0,5.0
8,0.1405600005617508,AM1BCC,OpenEye,,,H,,9,[H:11][c:5]1[c:4]([c:3]([c:2]([c:7]([c:6]1[H:12])[H:13])[O:1][H:8])[H:9])[H:10],2.0,5.0
9,0.1328600043287644,AM1BCC,OpenEye,,,H,,10,[H:11][c:5]1[c:4]([c:3]([c:2]([c:7]([c:6]1[H:12])[H:13])[O:1][H:8])[H:9])[H:10],2.0,5.0
10,0.1340399974813828,AM1BCC,OpenEye,,,H,,11,[H:11][c:5]1[c:4]([c:3]([c:2]([c:7]([c:6]1[H:12])[H:13])[O:1][H:8])[H:9])[H:10],2.0,5.0
11,0.1328600043287644,AM1BCC,OpenEye,,,H,,12,[H:11][c:5]1[c:4]([c:3]([c:2]([c:7]([c:6]1[H:12])[H:13])[O:1][H:8])[H:9])[H:10],2.0,5.0
12,0.1405600005617508,AM1BCC,OpenEye,,,H,,13,[H:11][c:5]1[c:4]([c:3]([c:2]([c:7]([c:6]1[H:12])[H:13])[O:1][H:8])[H:9])[H:10],2.0,5.0
0,-0.4990230769230769,AM1BCC,AmberTools,,,O,,1,[H:11][c:5]1[c:4]([c:3]([c:2]([c:7]([c:6]1[H:12])[H:13])[O:1][H:8])[H:9])[H:10],2.0,5.0
1,0.123176923076923,AM1BCC,AmberTools,,,C,,2,[H:11][c:5]1[c:4]([c:3]([c:2]([c:7]([c:6]1[H:12])[H:13])[O:1][H:8])[H:9])[H:10],2.0,5.0
2,-0.1849230769230769,AM1BCC,AmberTools,,,C,,3,[H:11][c:5]1[c:4]([c:3]([c:2]([c:7]([c:6]1[H:12])[H:13])[O:1][H:8])[H:9])[H:10],2.0,5.0
3,-0.0944230769230769,AM1BCC,AmberTools,,,C,,4,[H:11][c:5]1[c:4]([c:3]([c:2]([c:7]([c:6]1[H:12])[H:13])[O:1][H:8])[H:9])[H:10],2.0,5.0
4,-0.1659230769230769,AM1BCC,AmberTools,,,C,,5,[H:11][c:5]1[c:4]([c:3]([c:2]([c:7]([c:6]1[H:12])[H:13])[O:1][H:8])[H:9])[H:10],2.0,5.0
5,-0.0944230769230769,AM1BCC,AmberTools,,,C,,6,[H:11][c:5]1[c:4]([c:3]([c:2]([c:7]([c:6]1[H:12])[H:13])[O:1][H:8])[H:9])[H:10],2.0,5.0
6,-0.1849230769230769,AM1BCC,AmberTools,,,C,,7,[H:11][c:5]1[c:4]([c:3]([c:2]([c:7]([c:6]1[H:12])[H:13])[O:1][H:8])[H:9])[H:10],2.0,5.0
7,0.418076923076923,AM1BCC,AmberTools,,,H,,8,[H:11][c:5]1[c:4]([c:3]([c:2]([c:7]([c:6]1[H:12])[H:13])[O:1][H:8])[H:9])[H:10],2.0,5.0
8,0.141576923076923,AM1BCC,AmberTools,,,H,,9,[H:11][c:5]1[c:4]([c:3]([c:2]([c:7]([c:6]1[H:12])[H:13])[O:1][H:8])[H:9])[H:10],2.0,5.0
9,0.1330769230769231,AM1BCC,AmberTools,,,H,,10,[H:11][c:5]1[c:4]([c:3]([c:2]([c:7]([c:6]1[H:12])[H:13])[O:1][H:8])[H:9])[H:10],2.0,5.0
10,0.1330769230769231,AM1BCC,AmberTools,,,H,,11,[H:11][c:5]1[c:4]([c:3]([c:2]([c:7]([c:6]1[H:12])[H:13])[O:1][H:8])[H:9])[H:10],2.0,5.0
11,0.1330769230769231,AM1BCC,AmberTools,,,H,,12,[H:11][c:5]1[c:4]([c:3]([c:2]([c:7]([c:6]1[H:12])[H:13])[O:1][H:8])[H:9])[H:10],2.0,5.0
12,0.141576923076923,AM1BCC,AmberTools,,,H,,13,[H:11][c:5]1[c:4]([c:3]([c:2]([c:7]([c:6]1[H:12])[H:13])[O:1][H:8])[H:9])[H:10],2.0,5.0
0,-0.498479992724382,AM1BCC,OpenEye,,,O,,1,[H:11][c:5]1[c:4]([c:3]([c:2]([c:7]([c:6]1[H:12])[H:13])[O:1][H:8])[H:9])[H:10],2.0,6.0
1,0.1221000024905571,AM1BCC,OpenEye,,,C,,2,[H:11][c:5]1[c:4]([c:3]([c:2]([c:7]([c:6]1[H:12])[H:13])[O:1][H:8])[H:9])[H:10],2.0,6.0
2,-0.1847900008926024,AM1BCC,OpenEye,,,C,,3,[H:11][c:5]1[c:4]([c:3]([c:2]([c:7]([c:6]1[H:12])[H:13])[O:1][H:8])[H:9])[H:10],2.0,6.0
3,-0.0944300001630416,AM1BCC,OpenEye,,,C,,4,[H:11][c:5]1[c:4]([c:3]([c:2]([c:7]([c:6]1[H:12])[H:13])[O:1][H:8])[H:9])[H:10],2.0,6.0
4,-0.1644800013074508,AM1BCC,OpenEye,,,C,,5,[H:11][c:5]1[c:4]([c:3]([c:2]([c:7]([c:6]1[H:12])[H:13])[O:1][H:8])[H:9])[H:10],2.0,6.0
5,-0.0944300001630416,AM1BCC,OpenEye,,,C,,6,[H:11][c:5]1[c:4]([c:3]([c:2]([c:7]([c:6]1[H:12])[H:13])[O:1][H:8])[H:9])[H:10],2.0,6.0
6,-0.1847900008926024,AM1BCC,OpenEye,,,C,,7,[H:11][c:5]1[c:4]([c:3]([c:2]([c:7]([c:6]1[H:12])[H:13])[O:1][H:8])[H:9])[H:10],2.0,6.0
7,0.4184199863901505,AM1BCC,OpenEye,,,H,,8,[H:11][c:5]1[c:4]([c:3]([c:2]([c:7]([c:6]1[H:12])[H:13])[O:1][H:8])[H:9])[H:10],2.0,6.0
8,0.1405600005617508,AM1BCC,OpenEye,,,H,,9,[H:11][c:5]1[c:4]([c:3]([c:2]([c:7]([c:6]1[H:12])[H:13])[O:1][H:8])[H:9])[H:10],2.0,6.0
9,0.1328600043287644,AM1BCC,OpenEye,,,H,,10,[H:11][c:5]1[c:4]([c:3]([c:2]([c:7]([c:6]1[H:12])[H:13])[O:1][H:8])[H:9])[H:10],2.0,6.0
10,0.1340399974813828,AM1BCC,OpenEye,,,H,,11,[H:11][c:5]1[c:4]([c:3]([c:2]([c:7]([c:6]1[H:12])[H:13])[O:1][H:8])[H:9])[H:10],2.0,6.0
11,0.1328600043287644,AM1BCC,OpenEye,,,H,,12,[H:11][c:5]1[c:4]([c:3]([c:2]([c:7]([c:6]1[H:12])[H:13])[O:1][H:8])[H:9])[H:10],2.0,6.0
12,0.1405600005617508,AM1BCC,OpenEye,,,H,,13,[H:11][c:5]1[c:4]([c:3]([c:2]([c:7]([c:6]1[H:12])[H:13])[O:1][H:8])[H:9])[H:10],2.0,6.0
0,-0.4990230769230769,AM1BCC,AmberTools,,,O,,1,[H:11][c:5]1[c:4]([c:3]([c:2]([c:7]([c:6]1[H:12])[H:13])[O:1][H:8])[H:9])[H:10],2.0,6.0
1,0.123176923076923,AM1BCC,AmberTools,,,C,,2,[H:11][c:5]1[c:4]([c:3]([c:2]([c:7]([c:6]1[H:12])[H:13])[O:1][H:8])[H:9])[H:10],2.0,6.0
2,-0.1849230769230769,AM1BCC,AmberTools,,,C,,3,[H:11][c:5]1[c:4]([c:3]([c:2]([c:7]([c:6]1[H:12])[H:13])[O:1][H:8])[H:9])[H:10],2.0,6.0
3,-0.0944230769230769,AM1BCC,AmberTools,,,C,,4,[H:11][c:5]1[c:4]([c:3]([c:2]([c:7]([c:6]1[H:12])[H:13])[O:1][H:8])[H:9])[H:10],2.0,6.0
4,-0.1659230769230769,AM1BCC,AmberTools,,,C,,5,[H:11][c:5]1[c:4]([c:3]([c:2]([c:7]([c:6]1[H:12])[H:13])[O:1][H:8])[H:9])[H:10],2.0,6.0
5,-0.0944230769230769,AM1BCC,AmberTools,,,C,,6,[H:11][c:5]1[c:4]([c:3]([c:2]([c:7]([c:6]1[H:12])[H:13])[O:1][H:8])[H:9])[H:10],2.0,6.0
6,-0.1849230769230769,AM1BCC,AmberTools,,,C,,7,[H:11][c:5]1[c:4]([c:3]([c:2]([c:7]([c:6]1[H:12])[H:13])[O:1][H:8])[H:9])[H:10],2.0,6.0
7,0.418076923076923,AM1BCC,AmberTools,,,H,,8,[H:11][c:5]1[c:4]([c:3]([c:2]([c:7]([c:6]1[H:12])[H:13])[O:1][H:8])[H:9])[H:10],2.0,6.0
8,0.141576923076923,AM1BCC,AmberTools,,,H,,9,[H:11][c:5]1[c:4]([c:3]([c:2]([c:7]([c:6]1[H:12])[H:13])[O:1][H:8])[H:9])[H:10],2.0,6.0
9,0.1330769230769231,AM1BCC,AmberTools,,,H,,10,[H:11][c:5]1[c:4]([c:3]([c:2]([c:7]([c:6]1[H:12])[H:13])[O:1][H:8])[H:9])[H:10],2.0,6.0
10,0.1330769230769231,AM1BCC,AmberTools,,,H,,11,[H:11][c:5]1[c:4]([c:3]([c:2]([c:7]([c:6]1[H:12])[H:13])[O:1][H:8])[H:9])[H:10],2.0,6.0
11,0.1330769230769231,AM1BCC,AmberTools,,,H,,12,[H:11][c:5]1[c:4]([c:3]([c:2]([c:7]([c:6]1[H:12])[H:13])[O:1][H:8])[H:9])[H:10],2.0,6.0
12,0.141576923076923,AM1BCC,AmberTools,,,H,,13,[H:11][c:5]1[c:4]([c:3]([c:2]([c:7]([c:6]1[H:12])[H:13])[O:1][H:8])[H:9])[H:10],2.0,6.0
0,-0.498479992724382,AM1BCC,OpenEye,,,O,,1,[H:11][c:5]1[c:4]([c:3]([c:2]([c:7]([c:6]1[H:12])[H:13])[O:1][H:8])[H:9])[H:10],2.0,7.0
1,0.1221000024905571,AM1BCC,OpenEye,,,C,,2,[H:11][c:5]1[c:4]([c:3]([c:2]([c:7]([c:6]1[H:12])[H:13])[O:1][H:8])[H:9])[H:10],2.0,7.0
2,-0.1847900008926024,AM1BCC,OpenEye,,,C,,3,[H:11][c:5]1[c:4]([c:3]([c:2]([c:7]([c:6]1[H:12])[H:13])[O:1][H:8])[H:9])[H:10],2.0,7.0
3,-0.0944300001630416,AM1BCC,OpenEye,,,C,,4,[H:11][c:5]1[c:4]([c:3]([c:2]([c:7]([c:6]1[H:12])[H:13])[O:1][H:8])[H:9])[H:10],2.0,7.0
4,-0.1644800013074508,AM1BCC,OpenEye,,,C,,5,[H:11][c:5]1[c:4]([c:3]([c:2]([c:7]([c:6]1[H:12])[H:13])[O:1][H:8])[H:9])[H:10],2.0,7.0
5,-0.0944300001630416,AM1BCC,OpenEye,,,C,,6,[H:11][c:5]1[c:4]([c:3]([c:2]([c:7]([c:6]1[H:12])[H:13])[O:1][H:8])[H:9])[H:10],2.0,7.0
6,-0.1847900008926024,AM1BCC,OpenEye,,,C,,7,[H:11][c:5]1[c:4]([c:3]([c:2]([c:7]([c:6]1[H:12])[H:13])[O:1][H:8])[H:9])[H:10],2.0,7.0
7,0.4184199863901505,AM1BCC,OpenEye,,,H,,8,[H:11][c:5]1[c:4]([c:3]([c:2]([c:7]([c:6]1[H:12])[H:13])[O:1][H:8])[H:9])[H:10],2.0,7.0
8,0.1405600005617508,AM1BCC,OpenEye,,,H,,9,[H:11][c:5]1[c:4]([c:3]([c:2]([c:7]([c:6]1[H:12])[H:13])[O:1][H:8])[H:9])[H:10],2.0,7.0
9,0.1328600043287644,AM1BCC,OpenEye,,,H,,10,[H:11][c:5]1[c:4]([c:3]([c:2]([c:7]([c:6]1[H:12])[H:13])[O:1][H:8])[H:9])[H:10],2.0,7.0
10,0.1340399974813828,AM1BCC,OpenEye,,,H,,11,[H:11][c:5]1[c:4]([c:3]([c:2]([c:7]([c:6]1[H:12])[H:13])[O:1][H:8])[H:9])[H:10],2.0,7.0
11,0.1328600043287644,AM1BCC,OpenEye,,,H,,12,[H:11][c:5]1[c:4]([c:3]([c:2]([c:7]([c:6]1[H:12])[H:13])[O:1][H:8])[H:9])[H:10],2.0,7.0
12,0.1405600005617508,AM1BCC,OpenEye,,,H,,13,[H:11][c:5]1[c:4]([c:3]([c:2]([c:7]([c:6]1[H:12])[H:13])[O:1][H:8])[H:9])[H:10],2.0,7.0
0,-0.4990230769230769,AM1BCC,AmberTools,,,O,,1,[H:11][c:5]1[c:4]([c:3]([c:2]([c:7]([c:6]1[H:12])[H:13])[O:1][H:8])[H:9])[H:10],2.0,7.0
1,0.123176923076923,AM1BCC,AmberTools,,,C,,2,[H:11][c:5]1[c:4]([c:3]([c:2]([c:7]([c:6]1[H:12])[H:13])[O:1][H:8])[H:9])[H:10],2.0,7.0
2,-0.1849230769230769,AM1BCC,AmberTools,,,C,,3,[H:11][c:5]1[c:4]([c:3]([c:2]([c:7]([c:6]1[H:12])[H:13])[O:1][H:8])[H:9])[H:10],2.0,7.0
3,-0.0944230769230769,AM1BCC,AmberTools,,,C,,4,[H:11][c:5]1[c:4]([c:3]([c:2]([c:7]([c:6]1[H:12])[H:13])[O:1][H:8])[H:9])[H:10],2.0,7.0
4,-0.1659230769230769,AM1BCC,AmberTools,,,C,,5,[H:11][c:5]1[c:4]([c:3]([c:2]([c:7]([c:6]1[H:12])[H:13])[O:1][H:8])[H:9])[H:10],2.0,7.0
5,-0.0944230769230769,AM1BCC,AmberTools,,,C,,6,[H:11][c:5]1[c:4]([c:3]([c:2]([c:7]([c:6]1[H:12])[H:13])[O:1][H:8])[H:9])[H:10],2.0,7.0
6,-0.1849230769230769,AM1BCC,AmberTools,,,C,,7,[H:11][c:5]1[c:4]([c:3]([c:2]([c:7]([c:6]1[H:12])[H:13])[O:1][H:8])[H:9])[H:10],2.0,7.0
7,0.418076923076923,AM1BCC,AmberTools,,,H,,8,[H:11][c:5]1[c:4]([c:3]([c:2]([c:7]([c:6]1[H:12])[H:13])[O:1][H:8])[H:9])[H:10],2.0,7.0
8,0.141576923076923,AM1BCC,AmberTools,,,H,,9,[H:11][c:5]1[c:4]([c:3]([c:2]([c:7]([c:6]1[H:12])[H:13])[O:1][H:8])[H:9])[H:10],2.0,7.0
9,0.1330769230769231,AM1BCC,AmberTools,,,H,,10,[H:11][c:5]1[c:4]([c:3]([c:2]([c:7]([c:6]1[H:12])[H:13])[O:1][H:8])[H:9])[H:10],2.0,7.0
10,0.1330769230769231,AM1BCC,AmberTools,,,H,,11,[H:11][c:5]1[c:4]([c:3]([c:2]([c:7]([c:6]1[H:12])[H:13])[O:1][H:8])[H:9])[H:10],2.0,7.0
11,0.1330769230769231,AM1BCC,AmberTools,,,H,,12,[H:11][c:5]1[c:4]([c:3]([c:2]([c:7]([c:6]1[H:12])[H:13])[O:1][H:8])[H:9])[H:10],2.0,7.0
12,0.141576923076923,AM1BCC,AmberTools,,,H,,13,[H:11][c:5]1[c:4]([c:3]([c:2]([c:7]([c:6]1[H:12])[H:13])[O:1][H:8])[H:9])[H:10],2.0,7.0
0,-0.498479992724382,AM1BCC,OpenEye,,,O,,1,[H:11][c:5]1[c:4]([c:3]([c:2]([c:7]([c:6]1[H:12])[H:13])[O:1][H:8])[H:9])[H:10],2.0,8.0
1,0.1221000024905571,AM1BCC,OpenEye,,,C,,2,[H:11][c:5]1[c:4]([c:3]([c:2]([c:7]([c:6]1[H:12])[H:13])[O:1][H:8])[H:9])[H:10],2.0,8.0
2,-0.1847900008926024,AM1BCC,OpenEye,,,C,,3,[H:11][c:5]1[c:4]([c:3]([c:2]([c:7]([c:6]1[H:12])[H:13])[O:1][H:8])[H:9])[H:10],2.0,8.0
3,-0.0944300001630416,AM1BCC,OpenEye,,,C,,4,[H:11][c:5]1[c:4]([c:3]([c:2]([c:7]([c:6]1[H:12])[H:13])[O:1][H:8])[H:9])[H:10],2.0,8.0
4,-0.1644800013074508,AM1BCC,OpenEye,,,C,,5,[H:11][c:5]1[c:4]([c:3]([c:2]([c:7]([c:6]1[H:12])[H:13])[O:1][H:8])[H:9])[H:10],2.0,8.0
5,-0.0944300001630416,AM1BCC,OpenEye,,,C,,6,[H:11][c:5]1[c:4]([c:3]([c:2]([c:7]([c:6]1[H:12])[H:13])[O:1][H:8])[H:9])[H:10],2.0,8.0
6,-0.1847900008926024,AM1BCC,OpenEye,,,C,,7,[H:11][c:5]1[c:4]([c:3]([c:2]([c:7]([c:6]1[H:12])[H:13])[O:1][H:8])[H:9])[H:10],2.0,8.0
7,0.4184199863901505,AM1BCC,OpenEye,,,H,,8,[H:11][c:5]1[c:4]([c:3]([c:2]([c:7]([c:6]1[H:12])[H:13])[O:1][H:8])[H:9])[H:10],2.0,8.0
8,0.1405600005617508,AM1BCC,OpenEye,,,H,,9,[H:11][c:5]1[c:4]([c:3]([c:2]([c:7]([c:6]1[H:12])[H:13])[O:1][H:8])[H:9])[H:10],2.0,8.0
9,0.1328600043287644,AM1BCC,OpenEye,,,H,,10,[H:11][c:5]1[c:4]([c:3]([c:2]([c:7]([c:6]1[H:12])[H:13])[O:1][H:8])[H:9])[H:10],2.0,8.0
10,0.1340399974813828,AM1BCC,OpenEye,,,H,,11,[H:11][c:5]1[c:4]([c:3]([c:2]([c:7]([c:6]1[H:12])[H:13])[O:1][H:8])[H:9])[H:10],2.0,8.0
11,0.1328600043287644,AM1BCC,OpenEye,,,H,,12,[H:11][c:5]1[c:4]([c:3]([c:2]([c:7]([c:6]1[H:12])[H:13])[O:1][H:8])[H:9])[H:10],2.0,8.0
12,0.1405600005617508,AM1BCC,OpenEye,,,H,,13,[H:11][c:5]1[c:4]([c:3]([c:2]([c:7]([c:6]1[H:12])[H:13])[O:1][H:8])[H:9])[H:10],2.0,8.0
0,-0.4990230769230769,AM1BCC,AmberTools,,,O,,1,[H:11][c:5]1[c:4]([c:3]([c:2]([c:7]([c:6]1[H:12])[H:13])[O:1][H:8])[H:9])[H:10],2.0,8.0
1,0.123176923076923,AM1BCC,AmberTools,,,C,,2,[H:11][c:5]1[c:4]([c:3]([c:2]([c:7]([c:6]1[H:12])[H:13])[O:1][H:8])[H:9])[H:10],2.0,8.0
2,-0.1849230769230769,AM1BCC,AmberTools,,,C,,3,[H:11][c:5]1[c:4]([c:3]([c:2]([c:7]([c:6]1[H:12])[H:13])[O:1][H:8])[H:9])[H:10],2.0,8.0
3,-0.0944230769230769,AM1BCC,AmberTools,,,C,,4,[H:11][c:5]1[c:4]([c:3]([c:2]([c:7]([c:6]1[H:12])[H:13])[O:1][H:8])[H:9])[H:10],2.0,8.0
4,-0.1659230769230769,AM1BCC,AmberTools,,,C,,5,[H:11][c:5]1[c:4]([c:3]([c:2]([c:7]([c:6]1[H:12])[H:13])[O:1][H:8])[H:9])[H:10],2.0,8.0
5,-0.0944230769230769,AM1BCC,AmberTools,,,C,,6,[H:11][c:5]1[c:4]([c:3]([c:2]([c:7]([c:6]1[H:12])[H:13])[O:1][H:8])[H:9])[H:10],2.0,8.0
6,-0.1849230769230769,AM1BCC,AmberTools,,,C,,7,[H:11][c:5]1[c:4]([c:3]([c:2]([c:7]([c:6]1[H:12])[H:13])[O:1][H:8])[H:9])[H:10],2.0,8.0
7,0.418076923076923,AM1BCC,AmberTools,,,H,,8,[H:11][c:5]1[c:4]([c:3]([c:2]([c:7]([c:6]1[H:12])[H:13])[O:1][H:8])[H:9])[H:10],2.0,8.0
8,0.141576923076923,AM1BCC,AmberTools,,,H,,9,[H:11][c:5]1[c:4]([c:3]([c:2]([c:7]([c:6]1[H:12])[H:13])[O:1][H:8])[H:9])[H:10],2.0,8.0
9,0.1330769230769231,AM1BCC,AmberTools,,,H,,10,[H:11][c:5]1[c:4]([c:3]([c:2]([c:7]([c:6]1[H:12])[H:13])[O:1][H:8])[H:9])[H:10],2.0,8.0
10,0.1330769230769231,AM1BCC,AmberTools,,,H,,11,[H:11][c:5]1[c:4]([c:3]([c:2]([c:7]([c:6]1[H:12])[H:13])[O:1][H:8])[H:9])[H:10],2.0,8.0
11,0.1330769230769231,AM1BCC,AmberTools,,,H,,12,[H:11][c:5]1[c:4]([c:3]([c:2]([c:7]([c:6]1[H:12])[H:13])[O:1][H:8])[H:9])[H:10],2.0,8.0
12,0.141576923076923,AM1BCC,AmberTools,,,H,,13,[H:11][c:5]1[c:4]([c:3]([c:2]([c:7]([c:6]1[H:12])[H:13])[O:1][H:8])[H:9])[H:10],2.0,8.0
0,-0.498479992724382,AM1BCC,OpenEye,,,O,,1,[H:11][c:5]1[c:4]([c:3]([c:2]([c:7]([c:6]1[H:12])[H:13])[O:1][H:8])[H:9])[H:10],2.0,9.0
1,0.1221000024905571,AM1BCC,OpenEye,,,C,,2,[H:11][c:5]1[c:4]([c:3]([c:2]([c:7]([c:6]1[H:12])[H:13])[O:1][H:8])[H:9])[H:10],2.0,9.0
2,-0.1847900008926024,AM1BCC,OpenEye,,,C,,3,[H:11][c:5]1[c:4]([c:3]([c:2]([c:7]([c:6]1[H:12])[H:13])[O:1][H:8])[H:9])[H:10],2.0,9.0
3,-0.0944300001630416,AM1BCC,OpenEye,,,C,,4,[H:11][c:5]1[c:4]([c:3]([c:2]([c:7]([c:6]1[H:12])[H:13])[O:1][H:8])[H:9])[H:10],2.0,9.0
4,-0.1644800013074508,AM1BCC,OpenEye,,,C,,5,[H:11][c:5]1[c:4]([c:3]([c:2]([c:7]([c:6]1[H:12])[H:13])[O:1][H:8])[H:9])[H:10],2.0,9.0
5,-0.0944300001630416,AM1BCC,OpenEye,,,C,,6,[H:11][c:5]1[c:4]([c:3]([c:2]([c:7]([c:6]1[H:12])[H:13])[O:1][H:8])[H:9])[H:10],2.0,9.0
6,-0.1847900008926024,AM1BCC,OpenEye,,,C,,7,[H:11][c:5]1[c:4]([c:3]([c:2]([c:7]([c:6]1[H:12])[H:13])[O:1][H:8])[H:9])[H:10],2.0,9.0
7,0.4184199863901505,AM1BCC,OpenEye,,,H,,8,[H:11][c:5]1[c:4]([c:3]([c:2]([c:7]([c:6]1[H:12])[H:13])[O:1][H:8])[H:9])[H:10],2.0,9.0
8,0.1405600005617508,AM1BCC,OpenEye,,,H,,9,[H:11][c:5]1[c:4]([c:3]([c:2]([c:7]([c:6]1[H:12])[H:13])[O:1][H:8])[H:9])[H:10],2.0,9.0
9,0.1328600043287644,AM1BCC,OpenEye,,,H,,10,[H:11][c:5]1[c:4]([c:3]([c:2]([c:7]([c:6]1[H:12])[H:13])[O:1][H:8])[H:9])[H:10],2.0,9.0
10,0.1340399974813828,AM1BCC,OpenEye,,,H,,11,[H:11][c:5]1[c:4]([c:3]([c:2]([c:7]([c:6]1[H:12])[H:13])[O:1][H:8])[H:9])[H:10],2.0,9.0
11,0.1328600043287644,AM1BCC,OpenEye,,,H,,12,[H:11][c:5]1[c:4]([c:3]([c:2]([c:7]([c:6]1[H:12])[H:13])[O:1][H:8])[H:9])[H:10],2.0,9.0
12,0.1405600005617508,AM1BCC,OpenEye,,,H,,13,[H:11][c:5]1[c:4]([c:3]([c:2]([c:7]([c:6]1[H:12])[H:13])[O:1][H:8])[H:9])[H:10],2.0,9.0
0,-0.4990230769230769,AM1BCC,AmberTools,,,O,,1,[H:11][c:5]1[c:4]([c:3]([c:2]([c:7]([c:6]1[H:12])[H:13])[O:1][H:8])[H:9])[H:10],2.0,9.0
1,0.123176923076923,AM1BCC,AmberTools,,,C,,2,[H:11][c:5]1[c:4]([c:3]([c:2]([c:7]([c:6]1[H:12])[H:13])[O:1][H:8])[H:9])[H:10],2.0,9.0
2,-0.1849230769230769,AM1BCC,AmberTools,,,C,,3,[H:11][c:5]1[c:4]([c:3]([c:2]([c:7]([c:6]1[H:12])[H:13])[O:1][H:8])[H:9])[H:10],2.0,9.0
3,-0.0944230769230769,AM1BCC,AmberTools,,,C,,4,[H:11][c:5]1[c:4]([c:3]([c:2]([c:7]([c:6]1[H:12])[H:13])[O:1][H:8])[H:9])[H:10],2.0,9.0
4,-0.1659230769230769,AM1BCC,AmberTools,,,C,,5,[H:11][c:5]1[c:4]([c:3]([c:2]([c:7]([c:6]1[H:12])[H:13])[O:1][H:8])[H:9])[H:10],2.0,9.0
5,-0.0944230769230769,AM1BCC,AmberTools,,,C,,6,[H:11][c:5]1[c:4]([c:3]([c:2]([c:7]([c:6]1[H:12])[H:13])[O:1][H:8])[H:9])[H:10],2.0,9.0
6,-0.1849230769230769,AM1BCC,AmberTools,,,C,,7,[H:11][c:5]1[c:4]([c:3]([c:2]([c:7]([c:6]1[H:12])[H:13])[O:1][H:8])[H:9])[H:10],2.0,9.0
7,0.418076923076923,AM1BCC,AmberTools,,,H,,8,[H:11][c:5]1[c:4]([c:3]([c:2]([c:7]([c:6]1[H:12])[H:13])[O:1][H:8])[H:9])[H:10],2.0,9.0
8,0.141576923076923,AM1BCC,AmberTools,,,H,,9,[H:11][c:5]1[c:4]([c:3]([c:2]([c:7]([c:6]1[H:12])[H:13])[O:1][H:8])[H:9])[H:10],2.0,9.0
9,0.1330769230769231,AM1BCC,AmberTools,,,H,,10,[H:11][c:5]1[c:4]([c:3]([c:2]([c:7]([c:6]1[H:12])[H:13])[O:1][H:8])[H:9])[H:10],2.0,9.0
10,0.1330769230769231,AM1BCC,AmberTools,,,H,,11,[H:11][c:5]1[c:4]([c:3]([c:2]([c:7]([c:6]1[H:12])[H:13])[O:1][H:8])[H:9])[H:10],2.0,9.0
11,0.1330769230769231,AM1BCC,AmberTools,,,H,,12,[H:11][c:5]1[c:4]([c:3]([c:2]([c:7]([c:6]1[H:12])[H:13])[O:1][H:8])[H:9])[H:10],2.0,9.0
12,0.141576923076923,AM1BCC,AmberTools,,,H,,13,[H:11][c:5]1[c:4]([c:3]([c:2]([c:7]([c:6]1[H:12])[H:13])[O:1][H:8])[H:9])[H:10],2.0,9.0
0,-0.498479992724382,AM1BCC,OpenEye,,,O,,1,[H:11][c:5]1[c:4]([c:3]([c:2]([c:7]([c:6]1[H:12])[H:13])[O:1][H:8])[H:9])[H:10],2.0,10.0
1,0.1221000024905571,AM1BCC,OpenEye,,,C,,2,[H:11][c:5]1[c:4]([c:3]([c:2]([c:7]([c:6]1[H:12])[H:13])[O:1][H:8])[H:9])[H:10],2.0,10.0
2,-0.1847900008926024,AM1BCC,OpenEye,,,C,,3,[H:11][c:5]1[c:4]([c:3]([c:2]([c:7]([c:6]1[H:12])[H:13])[O:1][H:8])[H:9])[H:10],2.0,10.0
3,-0.0944300001630416,AM1BCC,OpenEye,,,C,,4,[H:11][c:5]1[c:4]([c:3]([c:2]([c:7]([c:6]1[H:12])[H:13])[O:1][H:8])[H:9])[H:10],2.0,10.0
4,-0.1644800013074508,AM1BCC,OpenEye,,,C,,5,[H:11][c:5]1[c:4]([c:3]([c:2]([c:7]([c:6]1[H:12])[H:13])[O:1][H:8])[H:9])[H:10],2.0,10.0
5,-0.0944300001630416,AM1BCC,OpenEye,,,C,,6,[H:11][c:5]1[c:4]([c:3]([c:2]([c:7]([c:6]1[H:12])[H:13])[O:1][H:8])[H:9])[H:10],2.0,10.0
6,-0.1847900008926024,AM1BCC,OpenEye,,,C,,7,[H:11][c:5]1[c:4]([c:3]([c:2]([c:7]([c:6]1[H:12])[H:13])[O:1][H:8])[H:9])[H:10],2.0,10.0
7,0.4184199863901505,AM1BCC,OpenEye,,,H,,8,[H:11][c:5]1[c:4]([c:3]([c:2]([c:7]([c:6]1[H:12])[H:13])[O:1][H:8])[H:9])[H:10],2.0,10.0
8,0.1405600005617508,AM1BCC,OpenEye,,,H,,9,[H:11][c:5]1[c:4]([c:3]([c:2]([c:7]([c:6]1[H:12])[H:13])[O:1][H:8])[H:9])[H:10],2.0,10.0
9,0.1328600043287644,AM1BCC,OpenEye,,,H,,10,[H:11][c:5]1[c:4]([c:3]([c:2]([c:7]([c:6]1[H:12])[H:13])[O:1][H:8])[H:9])[H:10],2.0,10.0
10,0.1340399974813828,AM1BCC,OpenEye,,,H,,11,[H:11][c:5]1[c:4]([c:3]([c:2]([c:7]([c:6]1[H:12])[H:13])[O:1][H:8])[H:9])[H:10],2.0,10.0
11,0.1328600043287644,AM1BCC,OpenEye,,,H,,12,[H:11][c:5]1[c:4]([c:3]([c:2]([c:7]([c:6]1[H:12])[H:13])[O:1][H:8])[H:9])[H:10],2.0,10.0
12,0.1405600005617508,AM1BCC,OpenEye,,,H,,13,[H:11][c:5]1[c:4]([c:3]([c:2]([c:7]([c:6]1[H:12])[H:13])[O:1][H:8])[H:9])[H:10],2.0,10.0
0,-0.4990230769230769,AM1BCC,AmberTools,,,O,,1,[H:11][c:5]1[c:4]([c:3]([c:2]([c:7]([c:6]1[H:12])[H:13])[O:1][H:8])[H:9])[H:10],2.0,10.0
1,0.123176923076923,AM1BCC,AmberTools,,,C,,2,[H:11][c:5]1[c:4]([c:3]([c:2]([c:7]([c:6]1[H:12])[H:13])[O:1][H:8])[H:9])[H:10],2.0,10.0
2,-0.1849230769230769,AM1BCC,AmberTools,,,C,,3,[H:11][c:5]1[c:4]([c:3]([c:2]([c:7]([c:6]1[H:12])[H:13])[O:1][H:8])[H:9])[H:10],2.0,10.0
3,-0.0944230769230769,AM1BCC,AmberTools,,,C,,4,[H:11][c:5]1[c:4]([c:3]([c:2]([c:7]([c:6]1[H:12])[H:13])[O:1][H:8])[H:9])[H:10],2.0,10.0
4,-0.1659230769230769,AM1BCC,AmberTools,,,C,,5,[H:11][c:5]1[c:4]([c:3]([c:2]([c:7]([c:6]1[H:12])[H:13])[O:1][H:8])[H:9])[H:10],2.0,10.0
5,-0.0944230769230769,AM1BCC,AmberTools,,,C,,6,[H:11][c:5]1[c:4]([c:3]([c:2]([c:7]([c:6]1[H:12])[H:13])[O:1][H:8])[H:9])[H:10],2.0,10.0
6,-0.1849230769230769,AM1BCC,AmberTools,,,C,,7,[H:11][c:5]1[c:4]([c:3]([c:2]([c:7]([c:6]1[H:12])[H:13])[O:1][H:8])[H:9])[H:10],2.0,10.0
7,0.418076923076923,AM1BCC,AmberTools,,,H,,8,[H:11][c:5]1[c:4]([c:3]([c:2]([c:7]([c:6]1[H:12])[H:13])[O:1][H:8])[H:9])[H:10],2.0,10.0
8,0.141576923076923,AM1BCC,AmberTools,,,H,,9,[H:11][c:5]1[c:4]([c:3]([c:2]([c:7]([c:6]1[H:12])[H:13])[O:1][H:8])[H:9])[H:10],2.0,10.0
9,0.1330769230769231,AM1BCC,AmberTools,,,H,,10,[H:11][c:5]1[c:4]([c:3]([c:2]([c:7]([c:6]1[H:12])[H:13])[O:1][H:8])[H:9])[H:10],2.0,10.0
10,0.1330769230769231,AM1BCC,AmberTools,,,H,,11,[H:11][c:5]1[c:4]([c:3]([c:2]([c:7]([c:6]1[H:12])[H:13])[O:1][H:8])[H:9])[H:10],2.0,10.0
11,0.1330769230769231,AM1BCC,AmberTools,,,H,,12,[H:11][c:5]1[c:4]([c:3]([c:2]([c:7]([c:6]1[H:12])[H:13])[O:1][H:8])[H:9])[H:10],2.0,10.0
12,0.141576923076923,AM1BCC,AmberTools,,,H,,13,[H:11][c:5]1[c:4]([c:3]([c:2]([c:7]([c:6]1[H:12])[H:13])[O:1][H:8])[H:9])[H:10],2.0,10.0
0,-0.498479992724382,AM1BCC,OpenEye,,,O,,1,[H:11][c:5]1[c:4]([c:3]([c:2]([c:7]([c:6]1[H:12])[H:13])[O:1][H:8])[H:9])[H:10],2.0,11.0
1,0.1221000024905571,AM1BCC,OpenEye,,,C,,2,[H:11][c:5]1[c:4]([c:3]([c:2]([c:7]([c:6]1[H:12])[H:13])[O:1][H:8])[H:9])[H:10],2.0,11.0
2,-0.1847900008926024,AM1BCC,OpenEye,,,C,,3,[H:11][c:5]1[c:4]([c:3]([c:2]([c:7]([c:6]1[H:12])[H:13])[O:1][H:8])[H:9])[H:10],2.0,11.0
3,-0.0944300001630416,AM1BCC,OpenEye,,,C,,4,[H:11][c:5]1[c:4]([c:3]([c:2]([c:7]([c:6]1[H:12])[H:13])[O:1][H:8])[H:9])[H:10],2.0,11.0
4,-0.1644800013074508,AM1BCC,OpenEye,,,C,,5,[H:11][c:5]1[c:4]([c:3]([c:2]([c:7]([c:6]1[H:12])[H:13])[O:1][H:8])[H:9])[H:10],2.0,11.0
5,-0.0944300001630416,AM1BCC,OpenEye,,,C,,6,[H:11][c:5]1[c:4]([c:3]([c:2]([c:7]([c:6]1[H:12])[H:13])[O:1][H:8])[H:9])[H:10],2.0,11.0
6,-0.1847900008926024,AM1BCC,OpenEye,,,C,,7,[H:11][c:5]1[c:4]([c:3]([c:2]([c:7]([c:6]1[H:12])[H:13])[O:1][H:8])[H:9])[H:10],2.0,11.0
7,0.4184199863901505,AM1BCC,OpenEye,,,H,,8,[H:11][c:5]1[c:4]([c:3]([c:2]([c:7]([c:6]1[H:12])[H:13])[O:1][H:8])[H:9])[H:10],2.0,11.0
8,0.1405600005617508,AM1BCC,OpenEye,,,H,,9,[H:11][c:5]1[c:4]([c:3]([c:2]([c:7]([c:6]1[H:12])[H:13])[O:1][H:8])[H:9])[H:10],2.0,11.0
9,0.1328600043287644,AM1BCC,OpenEye,,,H,,10,[H:11][c:5]1[c:4]([c:3]([c:2]([c:7]([c:6]1[H:12])[H:13])[O:1][H:8])[H:9])[H:10],2.0,11.0
10,0.1340399974813828,AM1BCC,OpenEye,,,H,,11,[H:11][c:5]1[c:4]([c:3]([c:2]([c:7]([c:6]1[H:12])[H:13])[O:1][H:8])[H:9])[H:10],2.0,11.0
11,0.1328600043287644,AM1BCC,OpenEye,,,H,,12,[H:11][c:5]1[c:4]([c:3]([c:2]([c:7]([c:6]1[H:12])[H:13])[O:1][H:8])[H:9])[H:10],2.0,11.0
12,0.1405600005617508,AM1BCC,OpenEye,,,H,,13,[H:11][c:5]1[c:4]([c:3]([c:2]([c:7]([c:6]1[H:12])[H:13])[O:1][H:8])[H:9])[H:10],2.0,11.0
0,-0.4990230769230769,AM1BCC,AmberTools,,,O,,1,[H:11][c:5]1[c:4]([c:3]([c:2]([c:7]([c:6]1[H:12])[H:13])[O:1][H:8])[H:9])[H:10],2.0,11.0
1,0.123176923076923,AM1BCC,AmberTools,,,C,,2,[H:11][c:5]1[c:4]([c:3]([c:2]([c:7]([c:6]1[H:12])[H:13])[O:1][H:8])[H:9])[H:10],2.0,11.0
2,-0.1849230769230769,AM1BCC,AmberTools,,,C,,3,[H:11][c:5]1[c:4]([c:3]([c:2]([c:7]([c:6]1[H:12])[H:13])[O:1][H:8])[H:9])[H:10],2.0,11.0
3,-0.0944230769230769,AM1BCC,AmberTools,,,C,,4,[H:11][c:5]1[c:4]([c:3]([c:2]([c:7]([c:6]1[H:12])[H:13])[O:1][H:8])[H:9])[H:10],2.0,11.0
4,-0.1659230769230769,AM1BCC,AmberTools,,,C,,5,[H:11][c:5]1[c:4]([c:3]([c:2]([c:7]([c:6]1[H:12])[H:13])[O:1][H:8])[H:9])[H:10],2.0,11.0
5,-0.0944230769230769,AM1BCC,AmberTools,,,C,,6,[H:11][c:5]1[c:4]([c:3]([c:2]([c:7]([c:6]1[H:12])[H:13])[O:1][H:8])[H:9])[H:10],2.0,11.0
6,-0.1849230769230769,AM1BCC,AmberTools,,,C,,7,[H:11][c:5]1[c:4]([c:3]([c:2]([c:7]([c:6]1[H:12])[H:13])[O:1][H:8])[H:9])[H:10],2.0,11.0
7,0.418076923076923,AM1BCC,AmberTools,,,H,,8,[H:11][c:5]1[c:4]([c:3]([c:2]([c:7]([c:6]1[H:12])[H:13])[O:1][H:8])[H:9])[H:10],2.0,11.0
8,0.141576923076923,AM1BCC,AmberTools,,,H,,9,[H:11][c:5]1[c:4]([c:3]([c:2]([c:7]([c:6]1[H:12])[H:13])[O:1][H:8])[H:9])[H:10],2.0,11.0
9,0.1330769230769231,AM1BCC,AmberTools,,,H,,10,[H:11][c:5]1[c:4]([c:3]([c:2]([c:7]([c:6]1[H:12])[H:13])[O:1][H:8])[H:9])[H:10],2.0,11.0
10,0.1330769230769231,AM1BCC,AmberTools,,,H,,11,[H:11][c:5]1[c:4]([c:3]([c:2]([c:7]([c:6]1[H:12])[H:13])[O:1][H:8])[H:9])[H:10],2.0,11.0
11,0.1330769230769231,AM1BCC,AmberTools,,,H,,12,[H:11][c:5]1[c:4]([c:3]([c:2]([c:7]([c:6]1[H:12])[H:13])[O:1][H:8])[H:9])[H:10],2.0,11.0
12,0.141576923076923,AM1BCC,AmberTools,,,H,,13,[H:11][c:5]1[c:4]([c:3]([c:2]([c:7]([c:6]1[H:12])[H:13])[O:1][H:8])[H:9])[H:10],2.0,11.0
0,-0.498479992724382,AM1BCC,OpenEye,,,O,,1,[H:11][c:5]1[c:4]([c:3]([c:2]([c:7]([c:6]1[H:12])[H:13])[O:1][H:8])[H:9])[H:10],2.0,12.0
1,0.1221000024905571,AM1BCC,OpenEye,,,C,,2,[H:11][c:5]1[c:4]([c:3]([c:2]([c:7]([c:6]1[H:12])[H:13])[O:1][H:8])[H:9])[H:10],2.0,12.0
2,-0.1847900008926024,AM1BCC,OpenEye,,,C,,3,[H:11][c:5]1[c:4]([c:3]([c:2]([c:7]([c:6]1[H:12])[H:13])[O:1][H:8])[H:9])[H:10],2.0,12.0
3,-0.0944300001630416,AM1BCC,OpenEye,,,C,,4,[H:11][c:5]1[c:4]([c:3]([c:2]([c:7]([c:6]1[H:12])[H:13])[O:1][H:8])[H:9])[H:10],2.0,12.0
4,-0.1644800013074508,AM1BCC,OpenEye,,,C,,5,[H:11][c:5]1[c:4]([c:3]([c:2]([c:7]([c:6]1[H:12])[H:13])[O:1][H:8])[H:9])[H:10],2.0,12.0
5,-0.0944300001630416,AM1BCC,OpenEye,,,C,,6,[H:11][c:5]1[c:4]([c:3]([c:2]([c:7]([c:6]1[H:12])[H:13])[O:1][H:8])[H:9])[H:10],2.0,12.0
6,-0.1847900008926024,AM1BCC,OpenEye,,,C,,7,[H:11][c:5]1[c:4]([c:3]([c:2]([c:7]([c:6]1[H:12])[H:13])[O:1][H:8])[H:9])[H:10],2.0,12.0
7,0.4184199863901505,AM1BCC,OpenEye,,,H,,8,[H:11][c:5]1[c:4]([c:3]([c:2]([c:7]([c:6]1[H:12])[H:13])[O:1][H:8])[H:9])[H:10],2.0,12.0
8,0.1405600005617508,AM1BCC,OpenEye,,,H,,9,[H:11][c:5]1[c:4]([c:3]([c:2]([c:7]([c:6]1[H:12])[H:13])[O:1][H:8])[H:9])[H:10],2.0,12.0
9,0.1328600043287644,AM1BCC,OpenEye,,,H,,10,[H:11][c:5]1[c:4]([c:3]([c:2]([c:7]([c:6]1[H:12])[H:13])[O:1][H:8])[H:9])[H:10],2.0,12.0
10,0.1340399974813828,AM1BCC,OpenEye,,,H,,11,[H:11][c:5]1[c:4]([c:3]([c:2]([c:7]([c:6]1[H:12])[H:13])[O:1][H:8])[H:9])[H:10],2.0,12.0
11,0.1328600043287644,AM1BCC,OpenEye,,,H,,12,[H:11][c:5]1[c:4]([c:3]([c:2]([c:7]([c:6]1[H:12])[H:13])[O:1][H:8])[H:9])[H:10],2.0,12.0
12,0.1405600005617508,AM1BCC,OpenEye,,,H,,13,[H:11][c:5]1[c:4]([c:3]([c:2]([c:7]([c:6]1[H:12])[H:13])[O:1][H:8])[H:9])[H:10],2.0,12.0
0,-0.4990230769230769,AM1BCC,AmberTools,,,O,,1,[H:11][c:5]1[c:4]([c:3]([c:2]([c:7]([c:6]1[H:12])[H:13])[O:1][H:8])[H:9])[H:10],2.0,12.0
1,0.123176923076923,AM1BCC,AmberTools,,,C,,2,[H:11][c:5]1[c:4]([c:3]([c:2]([c:7]([c:6]1[H:12])[H:13])[O:1][H:8])[H:9])[H:10],2.0,12.0
2,-0.1849230769230769,AM1BCC,AmberTools,,,C,,3,[H:11][c:5]1[c:4]([c:3]([c:2]([c:7]([c:6]1[H:12])[H:13])[O:1][H:8])[H:9])[H:10],2.0,12.0
3,-0.0944230769230769,AM1BCC,AmberTools,,,C,,4,[H:11][c:5]1[c:4]([c:3]([c:2]([c:7]([c:6]1[H:12])[H:13])[O:1][H:8])[H:9])[H:10],2.0,12.0
4,-0.1659230769230769,AM1BCC,AmberTools,,,C,,5,[H:11][c:5]1[c:4]([c:3]([c:2]([c:7]([c:6]1[H:12])[H:13])[O:1][H:8])[H:9])[H:10],2.0,12.0
5,-0.0944230769230769,AM1BCC,AmberTools,,,C,,6,[H:11][c:5]1[c:4]([c:3]([c:2]([c:7]([c:6]1[H:12])[H:13])[O:1][H:8])[H:9])[H:10],2.0,12.0
6,-0.1849230769230769,AM1BCC,AmberTools,,,C,,7,[H:11][c:5]1[c:4]([c:3]([c:2]([c:7]([c:6]1[H:12])[H:13])[O:1][H:8])[H:9])[H:10],2.0,12.0
7,0.418076923076923,AM1BCC,AmberTools,,,H,,8,[H:11][c:5]1[c:4]([c:3]([c:2]([c:7]([c:6]1[H:12])[H:13])[O:1][H:8])[H:9])[H:10],2.0,12.0
8,0.141576923076923,AM1BCC,AmberTools,,,H,,9,[H:11][c:5]1[c:4]([c:3]([c:2]([c:7]([c:6]1[H:12])[H:13])[O:1][H:8])[H:9])[H:10],2.0,12.0
9,0.1330769230769231,AM1BCC,AmberTools,,,H,,10,[H:11][c:5]1[c:4]([c:3]([c:2]([c:7]([c:6]1[H:12])[H:13])[O:1][H:8])[H:9])[H:10],2.0,12.0
10,0.1330769230769231,AM1BCC,AmberTools,,,H,,11,[H:11][c:5]1[c:4]([c:3]([c:2]([c:7]([c:6]1[H:12])[H:13])[O:1][H:8])[H:9])[H:10],2.0,12.0
11,0.1330769230769231,AM1BCC,AmberTools,,,H,,12,[H:11][c:5]1[c:4]([c:3]([c:2]([c:7]([c:6]1[H:12])[H:13])[O:1][H:8])[H:9])[H:10],2.0,12.0
12,0.141576923076923,AM1BCC,AmberTools,,,H,,13,[H:11][c:5]1[c:4]([c:3]([c:2]([c:7]([c:6]1[H:12])[H:13])[O:1][H:8])[H:9])[H:10],2.0,12.0
0,-0.5001699935931426,AM1BCC,OpenEye,,,O,,1,[H:11][c:5]1[c:4]([c:3]([c:2]([c:7]([c:6]1[H:12])[H:13])[O:1][H:8])[H:9])[H:10],3.0,1.0
1,0.1244399983149308,AM1BCC,OpenEye,,,C,,2,[H:11][c:5]1[c:4]([c:3]([c:2]([c:7]([c:6]1[H:12])[H:13])[O:1][H:8])[H:9])[H:10],3.0,1.0
2,-0.1861200046080809,AM1BCC,OpenEye,,,C,,3,[H:11][c:5]1[c:4]([c:3]([c:2]([c:7]([c:6]1[H:12])[H:13])[O:1][H:8])[H:9])[H:10],3.0,1.0
3,-0.0932599988121252,AM1BCC,OpenEye,,,C,,4,[H:11][c:5]1[c:4]([c:3]([c:2]([c:7]([c:6]1[H:12])[H:13])[O:1][H:8])[H:9])[H:10],3.0,1.0
4,-0.1670600038308363,AM1BCC,OpenEye,,,C,,5,[H:11][c:5]1[c:4]([c:3]([c:2]([c:7]([c:6]1[H:12])[H:13])[O:1][H:8])[H:9])[H:10],3.0,1.0
5,-0.0932599988121252,AM1BCC,OpenEye,,,C,,6,[H:11][c:5]1[c:4]([c:3]([c:2]([c:7]([c:6]1[H:12])[H:13])[O:1][H:8])[H:9])[H:10],3.0,1.0
6,-0.1861200046080809,AM1BCC,OpenEye,,,C,,7,[H:11][c:5]1[c:4]([c:3]([c:2]([c:7]([c:6]1[H:12])[H:13])[O:1][H:8])[H:9])[H:10],3.0,1.0
7,0.4192500102978486,AM1BCC,OpenEye,,,H,,8,[H:11][c:5]1[c:4]([c:3]([c:2]([c:7]([c:6]1[H:12])[H:13])[O:1][H:8])[H:9])[H:10],3.0,1.0
8,0.1415600020151872,AM1BCC,OpenEye,,,H,,9,[H:11][c:5]1[c:4]([c:3]([c:2]([c:7]([c:6]1[H:12])[H:13])[O:1][H:8])[H:9])[H:10],3.0,1.0
9,0.1331599939327973,AM1BCC,OpenEye,,,H,,10,[H:11][c:5]1[c:4]([c:3]([c:2]([c:7]([c:6]1[H:12])[H:13])[O:1][H:8])[H:9])[H:10],3.0,1.0
10,0.1328600037556428,AM1BCC,OpenEye,,,H,,11,[H:11][c:5]1[c:4]([c:3]([c:2]([c:7]([c:6]1[H:12])[H:13])[O:1][H:8])[H:9])[H:10],3.0,1.0
11,0.1331599939327973,AM1BCC,OpenEye,,,H,,12,[H:11][c:5]1[c:4]([c:3]([c:2]([c:7]([c:6]1[H:12])[H:13])[O:1][H:8])[H:9])[H:10],3.0,1.0
12,0.1415600020151872,AM1BCC,OpenEye,,,H,,13,[H:11][c:5]1[c:4]([c:3]([c:2]([c:7]([c:6]1[H:12])[H:13])[O:1][H:8])[H:9])[H:10],3.0,1.0
0,-0.4990230769230769,AM1BCC,AmberTools,,,O,,1,[H:11][c:5]1[c:4]([c:3]([c:2]([c:7]([c:6]1[H:12])[H:13])[O:1][H:8])[H:9])[H:10],3.0,1.0
1,0.123176923076923,AM1BCC,AmberTools,,,C,,2,[H:11][c:5]1[c:4]([c:3]([c:2]([c:7]([c:6]1[H:12])[H:13])[O:1][H:8])[H:9])[H:10],3.0,1.0
2,-0.1849230769230769,AM1BCC,AmberTools,,,C,,3,[H:11][c:5]1[c:4]([c:3]([c:2]([c:7]([c:6]1[H:12])[H:13])[O:1][H:8])[H:9])[H:10],3.0,1.0
3,-0.0944230769230769,AM1BCC,AmberTools,,,C,,4,[H:11][c:5]1[c:4]([c:3]([c:2]([c:7]([c:6]1[H:12])[H:13])[O:1][H:8])[H:9])[H:10],3.0,1.0
4,-0.1659230769230769,AM1BCC,AmberTools,,,C,,5,[H:11][c:5]1[c:4]([c:3]([c:2]([c:7]([c:6]1[H:12])[H:13])[O:1][H:8])[H:9])[H:10],3.0,1.0
5,-0.0944230769230769,AM1BCC,AmberTools,,,C,,6,[H:11][c:5]1[c:4]([c:3]([c:2]([c:7]([c:6]1[H:12])[H:13])[O:1][H:8])[H:9])[H:10],3.0,1.0
6,-0.1849230769230769,AM1BCC,AmberTools,,,C,,7,[H:11][c:5]1[c:4]([c:3]([c:2]([c:7]([c:6]1[H:12])[H:13])[O:1][H:8])[H:9])[H:10],3.0,1.0
7,0.418076923076923,AM1BCC,AmberTools,,,H,,8,[H:11][c:5]1[c:4]([c:3]([c:2]([c:7]([c:6]1[H:12])[H:13])[O:1][H:8])[H:9])[H:10],3.0,1.0
8,0.141576923076923,AM1BCC,AmberTools,,,H,,9,[H:11][c:5]1[c:4]([c:3]([c:2]([c:7]([c:6]1[H:12])[H:13])[O:1][H:8])[H:9])[H:10],3.0,1.0
9,0.1330769230769231,AM1BCC,AmberTools,,,H,,10,[H:11][c:5]1[c:4]([c:3]([c:2]([c:7]([c:6]1[H:12])[H:13])[O:1][H:8])[H:9])[H:10],3.0,1.0
10,0.1330769230769231,AM1BCC,AmberTools,,,H,,11,[H:11][c:5]1[c:4]([c:3]([c:2]([c:7]([c:6]1[H:12])[H:13])[O:1][H:8])[H:9])[H:10],3.0,1.0
11,0.1330769230769231,AM1BCC,AmberTools,,,H,,12,[H:11][c:5]1[c:4]([c:3]([c:2]([c:7]([c:6]1[H:12])[H:13])[O:1][H:8])[H:9])[H:10],3.0,1.0
12,0.141576923076923,AM1BCC,AmberTools,,,H,,13,[H:11][c:5]1[c:4]([c:3]([c:2]([c:7]([c:6]1[H:12])[H:13])[O:1][H:8])[H:9])[H:10],3.0,1.0
0,-0.5001699924468994,AM1BCC,OpenEye,,,O,,1,[H:11][c:5]1[c:4]([c:3]([c:2]([c:7]([c:6]1[H:12])[H:13])[O:1][H:8])[H:9])[H:10],3.0,2.0
1,0.1244300007820129,AM1BCC,OpenEye,,,C,,2,[H:11][c:5]1[c:4]([c:3]([c:2]([c:7]([c:6]1[H:12])[H:13])[O:1][H:8])[H:9])[H:10],3.0,2.0
2,-0.1861200034618377,AM1BCC,OpenEye,,,C,,3,[H:11][c:5]1[c:4]([c:3]([c:2]([c:7]([c:6]1[H:12])[H:13])[O:1][H:8])[H:9])[H:10],3.0,2.0
3,-0.0932599976658821,AM1BCC,OpenEye,,,C,,4,[H:11][c:5]1[c:4]([c:3]([c:2]([c:7]([c:6]1[H:12])[H:13])[O:1][H:8])[H:9])[H:10],3.0,2.0
4,-0.1670600026845932,AM1BCC,OpenEye,,,C,,5,[H:11][c:5]1[c:4]([c:3]([c:2]([c:7]([c:6]1[H:12])[H:13])[O:1][H:8])[H:9])[H:10],3.0,2.0
5,-0.0932599976658821,AM1BCC,OpenEye,,,C,,6,[H:11][c:5]1[c:4]([c:3]([c:2]([c:7]([c:6]1[H:12])[H:13])[O:1][H:8])[H:9])[H:10],3.0,2.0
6,-0.1861200034618377,AM1BCC,OpenEye,,,C,,7,[H:11][c:5]1[c:4]([c:3]([c:2]([c:7]([c:6]1[H:12])[H:13])[O:1][H:8])[H:9])[H:10],3.0,2.0
7,0.4192599952220917,AM1BCC,OpenEye,,,H,,8,[H:11][c:5]1[c:4]([c:3]([c:2]([c:7]([c:6]1[H:12])[H:13])[O:1][H:8])[H:9])[H:10],3.0,2.0
8,0.1415600031614303,AM1BCC,OpenEye,,,H,,9,[H:11][c:5]1[c:4]([c:3]([c:2]([c:7]([c:6]1[H:12])[H:13])[O:1][H:8])[H:9])[H:10],3.0,2.0
9,0.1331599950790405,AM1BCC,OpenEye,,,H,,10,[H:11][c:5]1[c:4]([c:3]([c:2]([c:7]([c:6]1[H:12])[H:13])[O:1][H:8])[H:9])[H:10],3.0,2.0
10,0.132860004901886,AM1BCC,OpenEye,,,H,,11,[H:11][c:5]1[c:4]([c:3]([c:2]([c:7]([c:6]1[H:12])[H:13])[O:1][H:8])[H:9])[H:10],3.0,2.0
11,0.1331599950790405,AM1BCC,OpenEye,,,H,,12,[H:11][c:5]1[c:4]([c:3]([c:2]([c:7]([c:6]1[H:12])[H:13])[O:1][H:8])[H:9])[H:10],3.0,2.0
12,0.1415600031614303,AM1BCC,OpenEye,,,H,,13,[H:11][c:5]1[c:4]([c:3]([c:2]([c:7]([c:6]1[H:12])[H:13])[O:1][H:8])[H:9])[H:10],3.0,2.0
0,-0.4990230769230769,AM1BCC,AmberTools,,,O,,1,[H:11][c:5]1[c:4]([c:3]([c:2]([c:7]([c:6]1[H:12])[H:13])[O:1][H:8])[H:9])[H:10],3.0,2.0
1,0.123176923076923,AM1BCC,AmberTools,,,C,,2,[H:11][c:5]1[c:4]([c:3]([c:2]([c:7]([c:6]1[H:12])[H:13])[O:1][H:8])[H:9])[H:10],3.0,2.0
2,-0.1849230769230769,AM1BCC,AmberTools,,,C,,3,[H:11][c:5]1[c:4]([c:3]([c:2]([c:7]([c:6]1[H:12])[H:13])[O:1][H:8])[H:9])[H:10],3.0,2.0
3,-0.0944230769230769,AM1BCC,AmberTools,,,C,,4,[H:11][c:5]1[c:4]([c:3]([c:2]([c:7]([c:6]1[H:12])[H:13])[O:1][H:8])[H:9])[H:10],3.0,2.0
4,-0.1659230769230769,AM1BCC,AmberTools,,,C,,5,[H:11][c:5]1[c:4]([c:3]([c:2]([c:7]([c:6]1[H:12])[H:13])[O:1][H:8])[H:9])[H:10],3.0,2.0
5,-0.0944230769230769,AM1BCC,AmberTools,,,C,,6,[H:11][c:5]1[c:4]([c:3]([c:2]([c:7]([c:6]1[H:12])[H:13])[O:1][H:8])[H:9])[H:10],3.0,2.0
6,-0.1849230769230769,AM1BCC,AmberTools,,,C,,7,[H:11][c:5]1[c:4]([c:3]([c:2]([c:7]([c:6]1[H:12])[H:13])[O:1][H:8])[H:9])[H:10],3.0,2.0
7,0.418076923076923,AM1BCC,AmberTools,,,H,,8,[H:11][c:5]1[c:4]([c:3]([c:2]([c:7]([c:6]1[H:12])[H:13])[O:1][H:8])[H:9])[H:10],3.0,2.0
8,0.141576923076923,AM1BCC,AmberTools,,,H,,9,[H:11][c:5]1[c:4]([c:3]([c:2]([c:7]([c:6]1[H:12])[H:13])[O:1][H:8])[H:9])[H:10],3.0,2.0
9,0.1330769230769231,AM1BCC,AmberTools,,,H,,10,[H:11][c:5]1[c:4]([c:3]([c:2]([c:7]([c:6]1[H:12])[H:13])[O:1][H:8])[H:9])[H:10],3.0,2.0
10,0.1330769230769231,AM1BCC,AmberTools,,,H,,11,[H:11][c:5]1[c:4]([c:3]([c:2]([c:7]([c:6]1[H:12])[H:13])[O:1][H:8])[H:9])[H:10],3.0,2.0
11,0.1330769230769231,AM1BCC,AmberTools,,,H,,12,[H:11][c:5]1[c:4]([c:3]([c:2]([c:7]([c:6]1[H:12])[H:13])[O:1][H:8])[H:9])[H:10],3.0,2.0
12,0.141576923076923,AM1BCC,AmberTools,,,H,,13,[H:11][c:5]1[c:4]([c:3]([c:2]([c:7]([c:6]1[H:12])[H:13])[O:1][H:8])[H:9])[H:10],3.0,2.0
0,-0.5001699924468994,AM1BCC,OpenEye,,,O,,1,[H:11][c:5]1[c:4]([c:3]([c:2]([c:7]([c:6]1[H:12])[H:13])[O:1][H:8])[H:9])[H:10],3.0,3.0
1,0.1244300007820129,AM1BCC,OpenEye,,,C,,2,[H:11][c:5]1[c:4]([c:3]([c:2]([c:7]([c:6]1[H:12])[H:13])[O:1][H:8])[H:9])[H:10],3.0,3.0
2,-0.1861200034618377,AM1BCC,OpenEye,,,C,,3,[H:11][c:5]1[c:4]([c:3]([c:2]([c:7]([c:6]1[H:12])[H:13])[O:1][H:8])[H:9])[H:10],3.0,3.0
3,-0.0932599976658821,AM1BCC,OpenEye,,,C,,4,[H:11][c:5]1[c:4]([c:3]([c:2]([c:7]([c:6]1[H:12])[H:13])[O:1][H:8])[H:9])[H:10],3.0,3.0
4,-0.1670600026845932,AM1BCC,OpenEye,,,C,,5,[H:11][c:5]1[c:4]([c:3]([c:2]([c:7]([c:6]1[H:12])[H:13])[O:1][H:8])[H:9])[H:10],3.0,3.0
5,-0.0932599976658821,AM1BCC,OpenEye,,,C,,6,[H:11][c:5]1[c:4]([c:3]([c:2]([c:7]([c:6]1[H:12])[H:13])[O:1][H:8])[H:9])[H:10],3.0,3.0
6,-0.1861200034618377,AM1BCC,OpenEye,,,C,,7,[H:11][c:5]1[c:4]([c:3]([c:2]([c:7]([c:6]1[H:12])[H:13])[O:1][H:8])[H:9])[H:10],3.0,3.0
7,0.4192599952220917,AM1BCC,OpenEye,,,H,,8,[H:11][c:5]1[c:4]([c:3]([c:2]([c:7]([c:6]1[H:12])[H:13])[O:1][H:8])[H:9])[H:10],3.0,3.0
8,0.1415600031614303,AM1BCC,OpenEye,,,H,,9,[H:11][c:5]1[c:4]([c:3]([c:2]([c:7]([c:6]1[H:12])[H:13])[O:1][H:8])[H:9])[H:10],3.0,3.0
9,0.1331599950790405,AM1BCC,OpenEye,,,H,,10,[H:11][c:5]1[c:4]([c:3]([c:2]([c:7]([c:6]1[H:12])[H:13])[O:1][H:8])[H:9])[H:10],3.0,3.0
10,0.132860004901886,AM1BCC,OpenEye,,,H,,11,[H:11][c:5]1[c:4]([c:3]([c:2]([c:7]([c:6]1[H:12])[H:13])[O:1][H:8])[H:9])[H:10],3.0,3.0
11,0.1331599950790405,AM1BCC,OpenEye,,,H,,12,[H:11][c:5]1[c:4]([c:3]([c:2]([c:7]([c:6]1[H:12])[H:13])[O:1][H:8])[H:9])[H:10],3.0,3.0
12,0.1415600031614303,AM1BCC,OpenEye,,,H,,13,[H:11][c:5]1[c:4]([c:3]([c:2]([c:7]([c:6]1[H:12])[H:13])[O:1][H:8])[H:9])[H:10],3.0,3.0
0,-0.4990230769230769,AM1BCC,AmberTools,,,O,,1,[H:11][c:5]1[c:4]([c:3]([c:2]([c:7]([c:6]1[H:12])[H:13])[O:1][H:8])[H:9])[H:10],3.0,3.0
1,0.123176923076923,AM1BCC,AmberTools,,,C,,2,[H:11][c:5]1[c:4]([c:3]([c:2]([c:7]([c:6]1[H:12])[H:13])[O:1][H:8])[H:9])[H:10],3.0,3.0
2,-0.1849230769230769,AM1BCC,AmberTools,,,C,,3,[H:11][c:5]1[c:4]([c:3]([c:2]([c:7]([c:6]1[H:12])[H:13])[O:1][H:8])[H:9])[H:10],3.0,3.0
3,-0.0944230769230769,AM1BCC,AmberTools,,,C,,4,[H:11][c:5]1[c:4]([c:3]([c:2]([c:7]([c:6]1[H:12])[H:13])[O:1][H:8])[H:9])[H:10],3.0,3.0
4,-0.1659230769230769,AM1BCC,AmberTools,,,C,,5,[H:11][c:5]1[c:4]([c:3]([c:2]([c:7]([c:6]1[H:12])[H:13])[O:1][H:8])[H:9])[H:10],3.0,3.0
5,-0.0944230769230769,AM1BCC,AmberTools,,,C,,6,[H:11][c:5]1[c:4]([c:3]([c:2]([c:7]([c:6]1[H:12])[H:13])[O:1][H:8])[H:9])[H:10],3.0,3.0
6,-0.1849230769230769,AM1BCC,AmberTools,,,C,,7,[H:11][c:5]1[c:4]([c:3]([c:2]([c:7]([c:6]1[H:12])[H:13])[O:1][H:8])[H:9])[H:10],3.0,3.0
7,0.418076923076923,AM1BCC,AmberTools,,,H,,8,[H:11][c:5]1[c:4]([c:3]([c:2]([c:7]([c:6]1[H:12])[H:13])[O:1][H:8])[H:9])[H:10],3.0,3.0
8,0.141576923076923,AM1BCC,AmberTools,,,H,,9,[H:11][c:5]1[c:4]([c:3]([c:2]([c:7]([c:6]1[H:12])[H:13])[O:1][H:8])[H:9])[H:10],3.0,3.0
9,0.1330769230769231,AM1BCC,AmberTools,,,H,,10,[H:11][c:5]1[c:4]([c:3]([c:2]([c:7]([c:6]1[H:12])[H:13])[O:1][H:8])[H:9])[H:10],3.0,3.0
10,0.1330769230769231,AM1BCC,AmberTools,,,H,,11,[H:11][c:5]1[c:4]([c:3]([c:2]([c:7]([c:6]1[H:12])[H:13])[O:1][H:8])[H:9])[H:10],3.0,3.0
11,0.1330769230769231,AM1BCC,AmberTools,,,H,,12,[H:11][c:5]1[c:4]([c:3]([c:2]([c:7]([c:6]1[H:12])[H:13])[O:1][H:8])[H:9])[H:10],3.0,3.0
12,0.141576923076923,AM1BCC,AmberTools,,,H,,13,[H:11][c:5]1[c:4]([c:3]([c:2]([c:7]([c:6]1[H:12])[H:13])[O:1][H:8])[H:9])[H:10],3.0,3.0
0,-0.5001699924468994,AM1BCC,OpenEye,,,O,,1,[H:11][c:5]1[c:4]([c:3]([c:2]([c:7]([c:6]1[H:12])[H:13])[O:1][H:8])[H:9])[H:10],3.0,4.0
1,0.1244300007820129,AM1BCC,OpenEye,,,C,,2,[H:11][c:5]1[c:4]([c:3]([c:2]([c:7]([c:6]1[H:12])[H:13])[O:1][H:8])[H:9])[H:10],3.0,4.0
2,-0.1861200034618377,AM1BCC,OpenEye,,,C,,3,[H:11][c:5]1[c:4]([c:3]([c:2]([c:7]([c:6]1[H:12])[H:13])[O:1][H:8])[H:9])[H:10],3.0,4.0
3,-0.0932599976658821,AM1BCC,OpenEye,,,C,,4,[H:11][c:5]1[c:4]([c:3]([c:2]([c:7]([c:6]1[H:12])[H:13])[O:1][H:8])[H:9])[H:10],3.0,4.0
4,-0.1670600026845932,AM1BCC,OpenEye,,,C,,5,[H:11][c:5]1[c:4]([c:3]([c:2]([c:7]([c:6]1[H:12])[H:13])[O:1][H:8])[H:9])[H:10],3.0,4.0
5,-0.0932599976658821,AM1BCC,OpenEye,,,C,,6,[H:11][c:5]1[c:4]([c:3]([c:2]([c:7]([c:6]1[H:12])[H:13])[O:1][H:8])[H:9])[H:10],3.0,4.0
6,-0.1861200034618377,AM1BCC,OpenEye,,,C,,7,[H:11][c:5]1[c:4]([c:3]([c:2]([c:7]([c:6]1[H:12])[H:13])[O:1][H:8])[H:9])[H:10],3.0,4.0
7,0.4192599952220917,AM1BCC,OpenEye,,,H,,8,[H:11][c:5]1[c:4]([c:3]([c:2]([c:7]([c:6]1[H:12])[H:13])[O:1][H:8])[H:9])[H:10],3.0,4.0
8,0.1415600031614303,AM1BCC,OpenEye,,,H,,9,[H:11][c:5]1[c:4]([c:3]([c:2]([c:7]([c:6]1[H:12])[H:13])[O:1][H:8])[H:9])[H:10],3.0,4.0
9,0.1331599950790405,AM1BCC,OpenEye,,,H,,10,[H:11][c:5]1[c:4]([c:3]([c:2]([c:7]([c:6]1[H:12])[H:13])[O:1][H:8])[H:9])[H:10],3.0,4.0
10,0.132860004901886,AM1BCC,OpenEye,,,H,,11,[H:11][c:5]1[c:4]([c:3]([c:2]([c:7]([c:6]1[H:12])[H:13])[O:1][H:8])[H:9])[H:10],3.0,4.0
11,0.1331599950790405,AM1BCC,OpenEye,,,H,,12,[H:11][c:5]1[c:4]([c:3]([c:2]([c:7]([c:6]1[H:12])[H:13])[O:1][H:8])[H:9])[H:10],3.0,4.0
12,0.1415600031614303,AM1BCC,OpenEye,,,H,,13,[H:11][c:5]1[c:4]([c:3]([c:2]([c:7]([c:6]1[H:12])[H:13])[O:1][H:8])[H:9])[H:10],3.0,4.0
0,-0.4990230769230769,AM1BCC,AmberTools,,,O,,1,[H:11][c:5]1[c:4]([c:3]([c:2]([c:7]([c:6]1[H:12])[H:13])[O:1][H:8])[H:9])[H:10],3.0,4.0
1,0.123176923076923,AM1BCC,AmberTools,,,C,,2,[H:11][c:5]1[c:4]([c:3]([c:2]([c:7]([c:6]1[H:12])[H:13])[O:1][H:8])[H:9])[H:10],3.0,4.0
2,-0.1849230769230769,AM1BCC,AmberTools,,,C,,3,[H:11][c:5]1[c:4]([c:3]([c:2]([c:7]([c:6]1[H:12])[H:13])[O:1][H:8])[H:9])[H:10],3.0,4.0
3,-0.0944230769230769,AM1BCC,AmberTools,,,C,,4,[H:11][c:5]1[c:4]([c:3]([c:2]([c:7]([c:6]1[H:12])[H:13])[O:1][H:8])[H:9])[H:10],3.0,4.0
4,-0.1659230769230769,AM1BCC,AmberTools,,,C,,5,[H:11][c:5]1[c:4]([c:3]([c:2]([c:7]([c:6]1[H:12])[H:13])[O:1][H:8])[H:9])[H:10],3.0,4.0
5,-0.0944230769230769,AM1BCC,AmberTools,,,C,,6,[H:11][c:5]1[c:4]([c:3]([c:2]([c:7]([c:6]1[H:12])[H:13])[O:1][H:8])[H:9])[H:10],3.0,4.0
6,-0.1849230769230769,AM1BCC,AmberTools,,,C,,7,[H:11][c:5]1[c:4]([c:3]([c:2]([c:7]([c:6]1[H:12])[H:13])[O:1][H:8])[H:9])[H:10],3.0,4.0
7,0.418076923076923,AM1BCC,AmberTools,,,H,,8,[H:11][c:5]1[c:4]([c:3]([c:2]([c:7]([c:6]1[H:12])[H:13])[O:1][H:8])[H:9])[H:10],3.0,4.0
8,0.141576923076923,AM1BCC,AmberTools,,,H,,9,[H:11][c:5]1[c:4]([c:3]([c:2]([c:7]([c:6]1[H:12])[H:13])[O:1][H:8])[H:9])[H:10],3.0,4.0
9,0.1330769230769231,AM1BCC,AmberTools,,,H,,10,[H:11][c:5]1[c:4]([c:3]([c:2]([c:7]([c:6]1[H:12])[H:13])[O:1][H:8])[H:9])[H:10],3.0,4.0
10,0.1330769230769231,AM1BCC,AmberTools,,,H,,11,[H:11][c:5]1[c:4]([c:3]([c:2]([c:7]([c:6]1[H:12])[H:13])[O:1][H:8])[H:9])[H:10],3.0,4.0
11,0.1330769230769231,AM1BCC,AmberTools,,,H,,12,[H:11][c:5]1[c:4]([c:3]([c:2]([c:7]([c:6]1[H:12])[H:13])[O:1][H:8])[H:9])[H:10],3.0,4.0
12,0.141576923076923,AM1BCC,AmberTools,,,H,,13,[H:11][c:5]1[c:4]([c:3]([c:2]([c:7]([c:6]1[H:12])[H:13])[O:1][H:8])[H:9])[H:10],3.0,4.0
0,-0.5001699924468994,AM1BCC,OpenEye,,,O,,1,[H:11][c:5]1[c:4]([c:3]([c:2]([c:7]([c:6]1[H:12])[H:13])[O:1][H:8])[H:9])[H:10],3.0,5.0
1,0.1244300007820129,AM1BCC,OpenEye,,,C,,2,[H:11][c:5]1[c:4]([c:3]([c:2]([c:7]([c:6]1[H:12])[H:13])[O:1][H:8])[H:9])[H:10],3.0,5.0
2,-0.1861200034618377,AM1BCC,OpenEye,,,C,,3,[H:11][c:5]1[c:4]([c:3]([c:2]([c:7]([c:6]1[H:12])[H:13])[O:1][H:8])[H:9])[H:10],3.0,5.0
3,-0.0932599976658821,AM1BCC,OpenEye,,,C,,4,[H:11][c:5]1[c:4]([c:3]([c:2]([c:7]([c:6]1[H:12])[H:13])[O:1][H:8])[H:9])[H:10],3.0,5.0
4,-0.1670600026845932,AM1BCC,OpenEye,,,C,,5,[H:11][c:5]1[c:4]([c:3]([c:2]([c:7]([c:6]1[H:12])[H:13])[O:1][H:8])[H:9])[H:10],3.0,5.0
5,-0.0932599976658821,AM1BCC,OpenEye,,,C,,6,[H:11][c:5]1[c:4]([c:3]([c:2]([c:7]([c:6]1[H:12])[H:13])[O:1][H:8])[H:9])[H:10],3.0,5.0
6,-0.1861200034618377,AM1BCC,OpenEye,,,C,,7,[H:11][c:5]1[c:4]([c:3]([c:2]([c:7]([c:6]1[H:12])[H:13])[O:1][H:8])[H:9])[H:10],3.0,5.0
7,0.4192599952220917,AM1BCC,OpenEye,,,H,,8,[H:11][c:5]1[c:4]([c:3]([c:2]([c:7]([c:6]1[H:12])[H:13])[O:1][H:8])[H:9])[H:10],3.0,5.0
8,0.1415600031614303,AM1BCC,OpenEye,,,H,,9,[H:11][c:5]1[c:4]([c:3]([c:2]([c:7]([c:6]1[H:12])[H:13])[O:1][H:8])[H:9])[H:10],3.0,5.0
9,0.1331599950790405,AM1BCC,OpenEye,,,H,,10,[H:11][c:5]1[c:4]([c:3]([c:2]([c:7]([c:6]1[H:12])[H:13])[O:1][H:8])[H:9])[H:10],3.0,5.0
10,0.132860004901886,AM1BCC,OpenEye,,,H,,11,[H:11][c:5]1[c:4]([c:3]([c:2]([c:7]([c:6]1[H:12])[H:13])[O:1][H:8])[H:9])[H:10],3.0,5.0
11,0.1331599950790405,AM1BCC,OpenEye,,,H,,12,[H:11][c:5]1[c:4]([c:3]([c:2]([c:7]([c:6]1[H:12])[H:13])[O:1][H:8])[H:9])[H:10],3.0,5.0
12,0.1415600031614303,AM1BCC,OpenEye,,,H,,13,[H:11][c:5]1[c:4]([c:3]([c:2]([c:7]([c:6]1[H:12])[H:13])[O:1][H:8])[H:9])[H:10],3.0,5.0
0,-0.4990230769230769,AM1BCC,AmberTools,,,O,,1,[H:11][c:5]1[c:4]([c:3]([c:2]([c:7]([c:6]1[H:12])[H:13])[O:1][H:8])[H:9])[H:10],3.0,5.0
1,0.123176923076923,AM1BCC,AmberTools,,,C,,2,[H:11][c:5]1[c:4]([c:3]([c:2]([c:7]([c:6]1[H:12])[H:13])[O:1][H:8])[H:9])[H:10],3.0,5.0
2,-0.1849230769230769,AM1BCC,AmberTools,,,C,,3,[H:11][c:5]1[c:4]([c:3]([c:2]([c:7]([c:6]1[H:12])[H:13])[O:1][H:8])[H:9])[H:10],3.0,5.0
3,-0.0944230769230769,AM1BCC,AmberTools,,,C,,4,[H:11][c:5]1[c:4]([c:3]([c:2]([c:7]([c:6]1[H:12])[H:13])[O:1][H:8])[H:9])[H:10],3.0,5.0
4,-0.1659230769230769,AM1BCC,AmberTools,,,C,,5,[H:11][c:5]1[c:4]([c:3]([c:2]([c:7]([c:6]1[H:12])[H:13])[O:1][H:8])[H:9])[H:10],3.0,5.0
5,-0.0944230769230769,AM1BCC,AmberTools,,,C,,6,[H:11][c:5]1[c:4]([c:3]([c:2]([c:7]([c:6]1[H:12])[H:13])[O:1][H:8])[H:9])[H:10],3.0,5.0
6,-0.1849230769230769,AM1BCC,AmberTools,,,C,,7,[H:11][c:5]1[c:4]([c:3]([c:2]([c:7]([c:6]1[H:12])[H:13])[O:1][H:8])[H:9])[H:10],3.0,5.0
7,0.418076923076923,AM1BCC,AmberTools,,,H,,8,[H:11][c:5]1[c:4]([c:3]([c:2]([c:7]([c:6]1[H:12])[H:13])[O:1][H:8])[H:9])[H:10],3.0,5.0
8,0.141576923076923,AM1BCC,AmberTools,,,H,,9,[H:11][c:5]1[c:4]([c:3]([c:2]([c:7]([c:6]1[H:12])[H:13])[O:1][H:8])[H:9])[H:10],3.0,5.0
9,0.1330769230769231,AM1BCC,AmberTools,,,H,,10,[H:11][c:5]1[c:4]([c:3]([c:2]([c:7]([c:6]1[H:12])[H:13])[O:1][H:8])[H:9])[H:10],3.0,5.0
10,0.1330769230769231,AM1BCC,AmberTools,,,H,,11,[H:11][c:5]1[c:4]([c:3]([c:2]([c:7]([c:6]1[H:12])[H:13])[O:1][H:8])[H:9])[H:10],3.0,5.0
11,0.1330769230769231,AM1BCC,AmberTools,,,H,,12,[H:11][c:5]1[c:4]([c:3]([c:2]([c:7]([c:6]1[H:12])[H:13])[O:1][H:8])[H:9])[H:10],3.0,5.0
12,0.141576923076923,AM1BCC,AmberTools,,,H,,13,[H:11][c:5]1[c:4]([c:3]([c:2]([c:7]([c:6]1[H:12])[H:13])[O:1][H:8])[H:9])[H:10],3.0,5.0
0,-0.5001800048809785,AM1BCC,OpenEye,,,O,,1,[H:11][c:5]1[c:4]([c:3]([c:2]([c:7]([c:6]1[H:12])[H:13])[O:1][H:8])[H:9])[H:10],3.0,6.0
1,0.124420003249095,AM1BCC,OpenEye,,,C,,2,[H:11][c:5]1[c:4]([c:3]([c:2]([c:7]([c:6]1[H:12])[H:13])[O:1][H:8])[H:9])[H:10],3.0,6.0
2,-0.1861200023155946,AM1BCC,OpenEye,,,C,,3,[H:11][c:5]1[c:4]([c:3]([c:2]([c:7]([c:6]1[H:12])[H:13])[O:1][H:8])[H:9])[H:10],3.0,6.0
3,-0.0932599965196389,AM1BCC,OpenEye,,,C,,4,[H:11][c:5]1[c:4]([c:3]([c:2]([c:7]([c:6]1[H:12])[H:13])[O:1][H:8])[H:9])[H:10],3.0,6.0
4,-0.1670500028591889,AM1BCC,OpenEye,,,C,,5,[H:11][c:5]1[c:4]([c:3]([c:2]([c:7]([c:6]1[H:12])[H:13])[O:1][H:8])[H:9])[H:10],3.0,6.0
5,-0.0932599965196389,AM1BCC,OpenEye,,,C,,6,[H:11][c:5]1[c:4]([c:3]([c:2]([c:7]([c:6]1[H:12])[H:13])[O:1][H:8])[H:9])[H:10],3.0,6.0
6,-0.1861200023155946,AM1BCC,OpenEye,,,C,,7,[H:11][c:5]1[c:4]([c:3]([c:2]([c:7]([c:6]1[H:12])[H:13])[O:1][H:8])[H:9])[H:10],3.0,6.0
7,0.4192599963683348,AM1BCC,OpenEye,,,H,,8,[H:11][c:5]1[c:4]([c:3]([c:2]([c:7]([c:6]1[H:12])[H:13])[O:1][H:8])[H:9])[H:10],3.0,6.0
8,0.1415600043076735,AM1BCC,OpenEye,,,H,,9,[H:11][c:5]1[c:4]([c:3]([c:2]([c:7]([c:6]1[H:12])[H:13])[O:1][H:8])[H:9])[H:10],3.0,6.0
9,0.1331599962252836,AM1BCC,OpenEye,,,H,,10,[H:11][c:5]1[c:4]([c:3]([c:2]([c:7]([c:6]1[H:12])[H:13])[O:1][H:8])[H:9])[H:10],3.0,6.0
10,0.1328700047272902,AM1BCC,OpenEye,,,H,,11,[H:11][c:5]1[c:4]([c:3]([c:2]([c:7]([c:6]1[H:12])[H:13])[O:1][H:8])[H:9])[H:10],3.0,6.0
11,0.1331599962252836,AM1BCC,OpenEye,,,H,,12,[H:11][c:5]1[c:4]([c:3]([c:2]([c:7]([c:6]1[H:12])[H:13])[O:1][H:8])[H:9])[H:10],3.0,6.0
12,0.1415600043076735,AM1BCC,OpenEye,,,H,,13,[H:11][c:5]1[c:4]([c:3]([c:2]([c:7]([c:6]1[H:12])[H:13])[O:1][H:8])[H:9])[H:10],3.0,6.0
0,-0.4990230769230769,AM1BCC,AmberTools,,,O,,1,[H:11][c:5]1[c:4]([c:3]([c:2]([c:7]([c:6]1[H:12])[H:13])[O:1][H:8])[H:9])[H:10],3.0,6.0
1,0.123176923076923,AM1BCC,AmberTools,,,C,,2,[H:11][c:5]1[c:4]([c:3]([c:2]([c:7]([c:6]1[H:12])[H:13])[O:1][H:8])[H:9])[H:10],3.0,6.0
2,-0.1849230769230769,AM1BCC,AmberTools,,,C,,3,[H:11][c:5]1[c:4]([c:3]([c:2]([c:7]([c:6]1[H:12])[H:13])[O:1][H:8])[H:9])[H:10],3.0,6.0
3,-0.0944230769230769,AM1BCC,AmberTools,,,C,,4,[H:11][c:5]1[c:4]([c:3]([c:2]([c:7]([c:6]1[H:12])[H:13])[O:1][H:8])[H:9])[H:10],3.0,6.0
4,-0.1659230769230769,AM1BCC,AmberTools,,,C,,5,[H:11][c:5]1[c:4]([c:3]([c:2]([c:7]([c:6]1[H:12])[H:13])[O:1][H:8])[H:9])[H:10],3.0,6.0
5,-0.0944230769230769,AM1BCC,AmberTools,,,C,,6,[H:11][c:5]1[c:4]([c:3]([c:2]([c:7]([c:6]1[H:12])[H:13])[O:1][H:8])[H:9])[H:10],3.0,6.0
6,-0.1849230769230769,AM1BCC,AmberTools,,,C,,7,[H:11][c:5]1[c:4]([c:3]([c:2]([c:7]([c:6]1[H:12])[H:13])[O:1][H:8])[H:9])[H:10],3.0,6.0
7,0.418076923076923,AM1BCC,AmberTools,,,H,,8,[H:11][c:5]1[c:4]([c:3]([c:2]([c:7]([c:6]1[H:12])[H:13])[O:1][H:8])[H:9])[H:10],3.0,6.0
8,0.141576923076923,AM1BCC,AmberTools,,,H,,9,[H:11][c:5]1[c:4]([c:3]([c:2]([c:7]([c:6]1[H:12])[H:13])[O:1][H:8])[H:9])[H:10],3.0,6.0
9,0.1330769230769231,AM1BCC,AmberTools,,,H,,10,[H:11][c:5]1[c:4]([c:3]([c:2]([c:7]([c:6]1[H:12])[H:13])[O:1][H:8])[H:9])[H:10],3.0,6.0
10,0.1330769230769231,AM1BCC,AmberTools,,,H,,11,[H:11][c:5]1[c:4]([c:3]([c:2]([c:7]([c:6]1[H:12])[H:13])[O:1][H:8])[H:9])[H:10],3.0,6.0
11,0.1330769230769231,AM1BCC,AmberTools,,,H,,12,[H:11][c:5]1[c:4]([c:3]([c:2]([c:7]([c:6]1[H:12])[H:13])[O:1][H:8])[H:9])[H:10],3.0,6.0
12,0.141576923076923,AM1BCC,AmberTools,,,H,,13,[H:11][c:5]1[c:4]([c:3]([c:2]([c:7]([c:6]1[H:12])[H:13])[O:1][H:8])[H:9])[H:10],3.0,6.0
0,-0.5001699924468994,AM1BCC,OpenEye,,,O,,1,[H:11][c:5]1[c:4]([c:3]([c:2]([c:7]([c:6]1[H:12])[H:13])[O:1][H:8])[H:9])[H:10],3.0,7.0
1,0.1244300007820129,AM1BCC,OpenEye,,,C,,2,[H:11][c:5]1[c:4]([c:3]([c:2]([c:7]([c:6]1[H:12])[H:13])[O:1][H:8])[H:9])[H:10],3.0,7.0
2,-0.1861200034618377,AM1BCC,OpenEye,,,C,,3,[H:11][c:5]1[c:4]([c:3]([c:2]([c:7]([c:6]1[H:12])[H:13])[O:1][H:8])[H:9])[H:10],3.0,7.0
3,-0.0932599976658821,AM1BCC,OpenEye,,,C,,4,[H:11][c:5]1[c:4]([c:3]([c:2]([c:7]([c:6]1[H:12])[H:13])[O:1][H:8])[H:9])[H:10],3.0,7.0
4,-0.1670600026845932,AM1BCC,OpenEye,,,C,,5,[H:11][c:5]1[c:4]([c:3]([c:2]([c:7]([c:6]1[H:12])[H:13])[O:1][H:8])[H:9])[H:10],3.0,7.0
5,-0.0932599976658821,AM1BCC,OpenEye,,,C,,6,[H:11][c:5]1[c:4]([c:3]([c:2]([c:7]([c:6]1[H:12])[H:13])[O:1][H:8])[H:9])[H:10],3.0,7.0
6,-0.1861200034618377,AM1BCC,OpenEye,,,C,,7,[H:11][c:5]1[c:4]([c:3]([c:2]([c:7]([c:6]1[H:12])[H:13])[O:1][H:8])[H:9])[H:10],3.0,7.0
7,0.4192599952220917,AM1BCC,OpenEye,,,H,,8,[H:11][c:5]1[c:4]([c:3]([c:2]([c:7]([c:6]1[H:12])[H:13])[O:1][H:8])[H:9])[H:10],3.0,7.0
8,0.1415600031614303,AM1BCC,OpenEye,,,H,,9,[H:11][c:5]1[c:4]([c:3]([c:2]([c:7]([c:6]1[H:12])[H:13])[O:1][H:8])[H:9])[H:10],3.0,7.0
9,0.1331599950790405,AM1BCC,OpenEye,,,H,,10,[H:11][c:5]1[c:4]([c:3]([c:2]([c:7]([c:6]1[H:12])[H:13])[O:1][H:8])[H:9])[H:10],3.0,7.0
10,0.132860004901886,AM1BCC,OpenEye,,,H,,11,[H:11][c:5]1[c:4]([c:3]([c:2]([c:7]([c:6]1[H:12])[H:13])[O:1][H:8])[H:9])[H:10],3.0,7.0
11,0.1331599950790405,AM1BCC,OpenEye,,,H,,12,[H:11][c:5]1[c:4]([c:3]([c:2]([c:7]([c:6]1[H:12])[H:13])[O:1][H:8])[H:9])[H:10],3.0,7.0
12,0.1415600031614303,AM1BCC,OpenEye,,,H,,13,[H:11][c:5]1[c:4]([c:3]([c:2]([c:7]([c:6]1[H:12])[H:13])[O:1][H:8])[H:9])[H:10],3.0,7.0
0,-0.4990230769230769,AM1BCC,AmberTools,,,O,,1,[H:11][c:5]1[c:4]([c:3]([c:2]([c:7]([c:6]1[H:12])[H:13])[O:1][H:8])[H:9])[H:10],3.0,7.0
1,0.123176923076923,AM1BCC,AmberTools,,,C,,2,[H:11][c:5]1[c:4]([c:3]([c:2]([c:7]([c:6]1[H:12])[H:13])[O:1][H:8])[H:9])[H:10],3.0,7.0
2,-0.1849230769230769,AM1BCC,AmberTools,,,C,,3,[H:11][c:5]1[c:4]([c:3]([c:2]([c:7]([c:6]1[H:12])[H:13])[O:1][H:8])[H:9])[H:10],3.0,7.0
3,-0.0944230769230769,AM1BCC,AmberTools,,,C,,4,[H:11][c:5]1[c:4]([c:3]([c:2]([c:7]([c:6]1[H:12])[H:13])[O:1][H:8])[H:9])[H:10],3.0,7.0
4,-0.1659230769230769,AM1BCC,AmberTools,,,C,,5,[H:11][c:5]1[c:4]([c:3]([c:2]([c:7]([c:6]1[H:12])[H:13])[O:1][H:8])[H:9])[H:10],3.0,7.0
5,-0.0944230769230769,AM1BCC,AmberTools,,,C,,6,[H:11][c:5]1[c:4]([c:3]([c:2]([c:7]([c:6]1[H:12])[H:13])[O:1][H:8])[H:9])[H:10],3.0,7.0
6,-0.1849230769230769,AM1BCC,AmberTools,,,C,,7,[H:11][c:5]1[c:4]([c:3]([c:2]([c:7]([c:6]1[H:12])[H:13])[O:1][H:8])[H:9])[H:10],3.0,7.0
7,0.418076923076923,AM1BCC,AmberTools,,,H,,8,[H:11][c:5]1[c:4]([c:3]([c:2]([c:7]([c:6]1[H:12])[H:13])[O:1][H:8])[H:9])[H:10],3.0,7.0
8,0.141576923076923,AM1BCC,AmberTools,,,H,,9,[H:11][c:5]1[c:4]([c:3]([c:2]([c:7]([c:6]1[H:12])[H:13])[O:1][H:8])[H:9])[H:10],3.0,7.0
9,0.1330769230769231,AM1BCC,AmberTools,,,H,,10,[H:11][c:5]1[c:4]([c:3]([c:2]([c:7]([c:6]1[H:12])[H:13])[O:1][H:8])[H:9])[H:10],3.0,7.0
10,0.1330769230769231,AM1BCC,AmberTools,,,H,,11,[H:11][c:5]1[c:4]([c:3]([c:2]([c:7]([c:6]1[H:12])[H:13])[O:1][H:8])[H:9])[H:10],3.0,7.0
11,0.1330769230769231,AM1BCC,AmberTools,,,H,,12,[H:11][c:5]1[c:4]([c:3]([c:2]([c:7]([c:6]1[H:12])[H:13])[O:1][H:8])[H:9])[H:10],3.0,7.0
12,0.141576923076923,AM1BCC,AmberTools,,,H,,13,[H:11][c:5]1[c:4]([c:3]([c:2]([c:7]([c:6]1[H:12])[H:13])[O:1][H:8])[H:9])[H:10],3.0,7.0
0,-0.5001800048809785,AM1BCC,OpenEye,,,O,,1,[H:11][c:5]1[c:4]([c:3]([c:2]([c:7]([c:6]1[H:12])[H:13])[O:1][H:8])[H:9])[H:10],3.0,8.0
1,0.124420003249095,AM1BCC,OpenEye,,,C,,2,[H:11][c:5]1[c:4]([c:3]([c:2]([c:7]([c:6]1[H:12])[H:13])[O:1][H:8])[H:9])[H:10],3.0,8.0
2,-0.1861200023155946,AM1BCC,OpenEye,,,C,,3,[H:11][c:5]1[c:4]([c:3]([c:2]([c:7]([c:6]1[H:12])[H:13])[O:1][H:8])[H:9])[H:10],3.0,8.0
3,-0.0932599965196389,AM1BCC,OpenEye,,,C,,4,[H:11][c:5]1[c:4]([c:3]([c:2]([c:7]([c:6]1[H:12])[H:13])[O:1][H:8])[H:9])[H:10],3.0,8.0
4,-0.1670500028591889,AM1BCC,OpenEye,,,C,,5,[H:11][c:5]1[c:4]([c:3]([c:2]([c:7]([c:6]1[H:12])[H:13])[O:1][H:8])[H:9])[H:10],3.0,8.0
5,-0.0932599965196389,AM1BCC,OpenEye,,,C,,6,[H:11][c:5]1[c:4]([c:3]([c:2]([c:7]([c:6]1[H:12])[H:13])[O:1][H:8])[H:9])[H:10],3.0,8.0
6,-0.1861200023155946,AM1BCC,OpenEye,,,C,,7,[H:11][c:5]1[c:4]([c:3]([c:2]([c:7]([c:6]1[H:12])[H:13])[O:1][H:8])[H:9])[H:10],3.0,8.0
7,0.4192599963683348,AM1BCC,OpenEye,,,H,,8,[H:11][c:5]1[c:4]([c:3]([c:2]([c:7]([c:6]1[H:12])[H:13])[O:1][H:8])[H:9])[H:10],3.0,8.0
8,0.1415600043076735,AM1BCC,OpenEye,,,H,,9,[H:11][c:5]1[c:4]([c:3]([c:2]([c:7]([c:6]1[H:12])[H:13])[O:1][H:8])[H:9])[H:10],3.0,8.0
9,0.1331599962252836,AM1BCC,OpenEye,,,H,,10,[H:11][c:5]1[c:4]([c:3]([c:2]([c:7]([c:6]1[H:12])[H:13])[O:1][H:8])[H:9])[H:10],3.0,8.0
10,0.1328700047272902,AM1BCC,OpenEye,,,H,,11,[H:11][c:5]1[c:4]([c:3]([c:2]([c:7]([c:6]1[H:12])[H:13])[O:1][H:8])[H:9])[H:10],3.0,8.0
11,0.1331599962252836,AM1BCC,OpenEye,,,H,,12,[H:11][c:5]1[c:4]([c:3]([c:2]([c:7]([c:6]1[H:12])[H:13])[O:1][H:8])[H:9])[H:10],3.0,8.0
12,0.1415600043076735,AM1BCC,OpenEye,,,H,,13,[H:11][c:5]1[c:4]([c:3]([c:2]([c:7]([c:6]1[H:12])[H:13])[O:1][H:8])[H:9])[H:10],3.0,8.0
0,-0.4990230769230769,AM1BCC,AmberTools,,,O,,1,[H:11][c:5]1[c:4]([c:3]([c:2]([c:7]([c:6]1[H:12])[H:13])[O:1][H:8])[H:9])[H:10],3.0,8.0
1,0.123176923076923,AM1BCC,AmberTools,,,C,,2,[H:11][c:5]1[c:4]([c:3]([c:2]([c:7]([c:6]1[H:12])[H:13])[O:1][H:8])[H:9])[H:10],3.0,8.0
2,-0.1849230769230769,AM1BCC,AmberTools,,,C,,3,[H:11][c:5]1[c:4]([c:3]([c:2]([c:7]([c:6]1[H:12])[H:13])[O:1][H:8])[H:9])[H:10],3.0,8.0
3,-0.0944230769230769,AM1BCC,AmberTools,,,C,,4,[H:11][c:5]1[c:4]([c:3]([c:2]([c:7]([c:6]1[H:12])[H:13])[O:1][H:8])[H:9])[H:10],3.0,8.0
4,-0.1659230769230769,AM1BCC,AmberTools,,,C,,5,[H:11][c:5]1[c:4]([c:3]([c:2]([c:7]([c:6]1[H:12])[H:13])[O:1][H:8])[H:9])[H:10],3.0,8.0
5,-0.0944230769230769,AM1BCC,AmberTools,,,C,,6,[H:11][c:5]1[c:4]([c:3]([c:2]([c:7]([c:6]1[H:12])[H:13])[O:1][H:8])[H:9])[H:10],3.0,8.0
6,-0.1849230769230769,AM1BCC,AmberTools,,,C,,7,[H:11][c:5]1[c:4]([c:3]([c:2]([c:7]([c:6]1[H:12])[H:13])[O:1][H:8])[H:9])[H:10],3.0,8.0
7,0.418076923076923,AM1BCC,AmberTools,,,H,,8,[H:11][c:5]1[c:4]([c:3]([c:2]([c:7]([c:6]1[H:12])[H:13])[O:1][H:8])[H:9])[H:10],3.0,8.0
8,0.141576923076923,AM1BCC,AmberTools,,,H,,9,[H:11][c:5]1[c:4]([c:3]([c:2]([c:7]([c:6]1[H:12])[H:13])[O:1][H:8])[H:9])[H:10],3.0,8.0
9,0.1330769230769231,AM1BCC,AmberTools,,,H,,10,[H:11][c:5]1[c:4]([c:3]([c:2]([c:7]([c:6]1[H:12])[H:13])[O:1][H:8])[H:9])[H:10],3.0,8.0
10,0.1330769230769231,AM1BCC,AmberTools,,,H,,11,[H:11][c:5]1[c:4]([c:3]([c:2]([c:7]([c:6]1[H:12])[H:13])[O:1][H:8])[H:9])[H:10],3.0,8.0
11,0.1330769230769231,AM1BCC,AmberTools,,,H,,12,[H:11][c:5]1[c:4]([c:3]([c:2]([c:7]([c:6]1[H:12])[H:13])[O:1][H:8])[H:9])[H:10],3.0,8.0
12,0.141576923076923,AM1BCC,AmberTools,,,H,,13,[H:11][c:5]1[c:4]([c:3]([c:2]([c:7]([c:6]1[H:12])[H:13])[O:1][H:8])[H:9])[H:10],3.0,8.0
0,-0.5001800048809785,AM1BCC,OpenEye,,,O,,1,[H:11][c:5]1[c:4]([c:3]([c:2]([c:7]([c:6]1[H:12])[H:13])[O:1][H:8])[H:9])[H:10],3.0,9.0
1,0.1244300019282561,AM1BCC,OpenEye,,,C,,2,[H:11][c:5]1[c:4]([c:3]([c:2]([c:7]([c:6]1[H:12])[H:13])[O:1][H:8])[H:9])[H:10],3.0,9.0
2,-0.1861200023155946,AM1BCC,OpenEye,,,C,,3,[H:11][c:5]1[c:4]([c:3]([c:2]([c:7]([c:6]1[H:12])[H:13])[O:1][H:8])[H:9])[H:10],3.0,9.0
3,-0.0932599965196389,AM1BCC,OpenEye,,,C,,4,[H:11][c:5]1[c:4]([c:3]([c:2]([c:7]([c:6]1[H:12])[H:13])[O:1][H:8])[H:9])[H:10],3.0,9.0
4,-0.1670500028591889,AM1BCC,OpenEye,,,C,,5,[H:11][c:5]1[c:4]([c:3]([c:2]([c:7]([c:6]1[H:12])[H:13])[O:1][H:8])[H:9])[H:10],3.0,9.0
5,-0.0932599965196389,AM1BCC,OpenEye,,,C,,6,[H:11][c:5]1[c:4]([c:3]([c:2]([c:7]([c:6]1[H:12])[H:13])[O:1][H:8])[H:9])[H:10],3.0,9.0
6,-0.1861200023155946,AM1BCC,OpenEye,,,C,,7,[H:11][c:5]1[c:4]([c:3]([c:2]([c:7]([c:6]1[H:12])[H:13])[O:1][H:8])[H:9])[H:10],3.0,9.0
7,0.4192599963683348,AM1BCC,OpenEye,,,H,,8,[H:11][c:5]1[c:4]([c:3]([c:2]([c:7]([c:6]1[H:12])[H:13])[O:1][H:8])[H:9])[H:10],3.0,9.0
8,0.1415600043076735,AM1BCC,OpenEye,,,H,,9,[H:11][c:5]1[c:4]([c:3]([c:2]([c:7]([c:6]1[H:12])[H:13])[O:1][H:8])[H:9])[H:10],3.0,9.0
9,0.1331599962252836,AM1BCC,OpenEye,,,H,,10,[H:11][c:5]1[c:4]([c:3]([c:2]([c:7]([c:6]1[H:12])[H:13])[O:1][H:8])[H:9])[H:10],3.0,9.0
10,0.1328600060481291,AM1BCC,OpenEye,,,H,,11,[H:11][c:5]1[c:4]([c:3]([c:2]([c:7]([c:6]1[H:12])[H:13])[O:1][H:8])[H:9])[H:10],3.0,9.0
11,0.1331599962252836,AM1BCC,OpenEye,,,H,,12,[H:11][c:5]1[c:4]([c:3]([c:2]([c:7]([c:6]1[H:12])[H:13])[O:1][H:8])[H:9])[H:10],3.0,9.0
12,0.1415600043076735,AM1BCC,OpenEye,,,H,,13,[H:11][c:5]1[c:4]([c:3]([c:2]([c:7]([c:6]1[H:12])[H:13])[O:1][H:8])[H:9])[H:10],3.0,9.0
0,-0.4990230769230769,AM1BCC,AmberTools,,,O,,1,[H:11][c:5]1[c:4]([c:3]([c:2]([c:7]([c:6]1[H:12])[H:13])[O:1][H:8])[H:9])[H:10],3.0,9.0
1,0.123176923076923,AM1BCC,AmberTools,,,C,,2,[H:11][c:5]1[c:4]([c:3]([c:2]([c:7]([c:6]1[H:12])[H:13])[O:1][H:8])[H:9])[H:10],3.0,9.0
2,-0.1849230769230769,AM1BCC,AmberTools,,,C,,3,[H:11][c:5]1[c:4]([c:3]([c:2]([c:7]([c:6]1[H:12])[H:13])[O:1][H:8])[H:9])[H:10],3.0,9.0
3,-0.0944230769230769,AM1BCC,AmberTools,,,C,,4,[H:11][c:5]1[c:4]([c:3]([c:2]([c:7]([c:6]1[H:12])[H:13])[O:1][H:8])[H:9])[H:10],3.0,9.0
4,-0.1659230769230769,AM1BCC,AmberTools,,,C,,5,[H:11][c:5]1[c:4]([c:3]([c:2]([c:7]([c:6]1[H:12])[H:13])[O:1][H:8])[H:9])[H:10],3.0,9.0
5,-0.0944230769230769,AM1BCC,AmberTools,,,C,,6,[H:11][c:5]1[c:4]([c:3]([c:2]([c:7]([c:6]1[H:12])[H:13])[O:1][H:8])[H:9])[H:10],3.0,9.0
6,-0.1849230769230769,AM1BCC,AmberTools,,,C,,7,[H:11][c:5]1[c:4]([c:3]([c:2]([c:7]([c:6]1[H:12])[H:13])[O:1][H:8])[H:9])[H:10],3.0,9.0
7,0.418076923076923,AM1BCC,AmberTools,,,H,,8,[H:11][c:5]1[c:4]([c:3]([c:2]([c:7]([c:6]1[H:12])[H:13])[O:1][H:8])[H:9])[H:10],3.0,9.0
8,0.141576923076923,AM1BCC,AmberTools,,,H,,9,[H:11][c:5]1[c:4]([c:3]([c:2]([c:7]([c:6]1[H:12])[H:13])[O:1][H:8])[H:9])[H:10],3.0,9.0
9,0.1330769230769231,AM1BCC,AmberTools,,,H,,10,[H:11][c:5]1[c:4]([c:3]([c:2]([c:7]([c:6]1[H:12])[H:13])[O:1][H:8])[H:9])[H:10],3.0,9.0
10,0.1330769230769231,AM1BCC,AmberTools,,,H,,11,[H:11][c:5]1[c:4]([c:3]([c:2]([c:7]([c:6]1[H:12])[H:13])[O:1][H:8])[H:9])[H:10],3.0,9.0
11,0.1330769230769231,AM1BCC,AmberTools,,,H,,12,[H:11][c:5]1[c:4]([c:3]([c:2]([c:7]([c:6]1[H:12])[H:13])[O:1][H:8])[H:9])[H:10],3.0,9.0
12,0.141576923076923,AM1BCC,AmberTools,,,H,,13,[H:11][c:5]1[c:4]([c:3]([c:2]([c:7]([c:6]1[H:12])[H:13])[O:1][H:8])[H:9])[H:10],3.0,9.0
0,-0.5001699924468994,AM1BCC,OpenEye,,,O,,1,[H:11][c:5]1[c:4]([c:3]([c:2]([c:7]([c:6]1[H:12])[H:13])[O:1][H:8])[H:9])[H:10],3.0,10.0
1,0.1244300007820129,AM1BCC,OpenEye,,,C,,2,[H:11][c:5]1[c:4]([c:3]([c:2]([c:7]([c:6]1[H:12])[H:13])[O:1][H:8])[H:9])[H:10],3.0,10.0
2,-0.1861200034618377,AM1BCC,OpenEye,,,C,,3,[H:11][c:5]1[c:4]([c:3]([c:2]([c:7]([c:6]1[H:12])[H:13])[O:1][H:8])[H:9])[H:10],3.0,10.0
3,-0.0932599976658821,AM1BCC,OpenEye,,,C,,4,[H:11][c:5]1[c:4]([c:3]([c:2]([c:7]([c:6]1[H:12])[H:13])[O:1][H:8])[H:9])[H:10],3.0,10.0
4,-0.1670600026845932,AM1BCC,OpenEye,,,C,,5,[H:11][c:5]1[c:4]([c:3]([c:2]([c:7]([c:6]1[H:12])[H:13])[O:1][H:8])[H:9])[H:10],3.0,10.0
5,-0.0932599976658821,AM1BCC,OpenEye,,,C,,6,[H:11][c:5]1[c:4]([c:3]([c:2]([c:7]([c:6]1[H:12])[H:13])[O:1][H:8])[H:9])[H:10],3.0,10.0
6,-0.1861200034618377,AM1BCC,OpenEye,,,C,,7,[H:11][c:5]1[c:4]([c:3]([c:2]([c:7]([c:6]1[H:12])[H:13])[O:1][H:8])[H:9])[H:10],3.0,10.0
7,0.4192599952220917,AM1BCC,OpenEye,,,H,,8,[H:11][c:5]1[c:4]([c:3]([c:2]([c:7]([c:6]1[H:12])[H:13])[O:1][H:8])[H:9])[H:10],3.0,10.0
8,0.1415600031614303,AM1BCC,OpenEye,,,H,,9,[H:11][c:5]1[c:4]([c:3]([c:2]([c:7]([c:6]1[H:12])[H:13])[O:1][H:8])[H:9])[H:10],3.0,10.0
9,0.1331599950790405,AM1BCC,OpenEye,,,H,,10,[H:11][c:5]1[c:4]([c:3]([c:2]([c:7]([c:6]1[H:12])[H:13])[O:1][H:8])[H:9])[H:10],3.0,10.0
10,0.132860004901886,AM1BCC,OpenEye,,,H,,11,[H:11][c:5]1[c:4]([c:3]([c:2]([c:7]([c:6]1[H:12])[H:13])[O:1][H:8])[H:9])[H:10],3.0,10.0
11,0.1331599950790405,AM1BCC,OpenEye,,,H,,12,[H:11][c:5]1[c:4]([c:3]([c:2]([c:7]([c:6]1[H:12])[H:13])[O:1][H:8])[H:9])[H:10],3.0,10.0
12,0.1415600031614303,AM1BCC,OpenEye,,,H,,13,[H:11][c:5]1[c:4]([c:3]([c:2]([c:7]([c:6]1[H:12])[H:13])[O:1][H:8])[H:9])[H:10],3.0,10.0
0,-0.4990230769230769,AM1BCC,AmberTools,,,O,,1,[H:11][c:5]1[c:4]([c:3]([c:2]([c:7]([c:6]1[H:12])[H:13])[O:1][H:8])[H:9])[H:10],3.0,10.0
1,0.123176923076923,AM1BCC,AmberTools,,,C,,2,[H:11][c:5]1[c:4]([c:3]([c:2]([c:7]([c:6]1[H:12])[H:13])[O:1][H:8])[H:9])[H:10],3.0,10.0
2,-0.1849230769230769,AM1BCC,AmberTools,,,C,,3,[H:11][c:5]1[c:4]([c:3]([c:2]([c:7]([c:6]1[H:12])[H:13])[O:1][H:8])[H:9])[H:10],3.0,10.0
3,-0.0944230769230769,AM1BCC,AmberTools,,,C,,4,[H:11][c:5]1[c:4]([c:3]([c:2]([c:7]([c:6]1[H:12])[H:13])[O:1][H:8])[H:9])[H:10],3.0,10.0
4,-0.1659230769230769,AM1BCC,AmberTools,,,C,,5,[H:11][c:5]1[c:4]([c:3]([c:2]([c:7]([c:6]1[H:12])[H:13])[O:1][H:8])[H:9])[H:10],3.0,10.0
5,-0.0944230769230769,AM1BCC,AmberTools,,,C,,6,[H:11][c:5]1[c:4]([c:3]([c:2]([c:7]([c:6]1[H:12])[H:13])[O:1][H:8])[H:9])[H:10],3.0,10.0
6,-0.1849230769230769,AM1BCC,AmberTools,,,C,,7,[H:11][c:5]1[c:4]([c:3]([c:2]([c:7]([c:6]1[H:12])[H:13])[O:1][H:8])[H:9])[H:10],3.0,10.0
7,0.418076923076923,AM1BCC,AmberTools,,,H,,8,[H:11][c:5]1[c:4]([c:3]([c:2]([c:7]([c:6]1[H:12])[H:13])[O:1][H:8])[H:9])[H:10],3.0,10.0
8,0.141576923076923,AM1BCC,AmberTools,,,H,,9,[H:11][c:5]1[c:4]([c:3]([c:2]([c:7]([c:6]1[H:12])[H:13])[O:1][H:8])[H:9])[H:10],3.0,10.0
9,0.1330769230769231,AM1BCC,AmberTools,,,H,,10,[H:11][c:5]1[c:4]([c:3]([c:2]([c:7]([c:6]1[H:12])[H:13])[O:1][H:8])[H:9])[H:10],3.0,10.0
10,0.1330769230769231,AM1BCC,AmberTools,,,H,,11,[H:11][c:5]1[c:4]([c:3]([c:2]([c:7]([c:6]1[H:12])[H:13])[O:1][H:8])[H:9])[H:10],3.0,10.0
11,0.1330769230769231,AM1BCC,AmberTools,,,H,,12,[H:11][c:5]1[c:4]([c:3]([c:2]([c:7]([c:6]1[H:12])[H:13])[O:1][H:8])[H:9])[H:10],3.0,10.0
12,0.141576923076923,AM1BCC,AmberTools,,,H,,13,[H:11][c:5]1[c:4]([c:3]([c:2]([c:7]([c:6]1[H:12])[H:13])[O:1][H:8])[H:9])[H:10],3.0,10.0
0,-0.5001800048809785,AM1BCC,OpenEye,,,O,,1,[H:11][c:5]1[c:4]([c:3]([c:2]([c:7]([c:6]1[H:12])[H:13])[O:1][H:8])[H:9])[H:10],3.0,11.0
1,0.124420003249095,AM1BCC,OpenEye,,,C,,2,[H:11][c:5]1[c:4]([c:3]([c:2]([c:7]([c:6]1[H:12])[H:13])[O:1][H:8])[H:9])[H:10],3.0,11.0
2,-0.1861200023155946,AM1BCC,OpenEye,,,C,,3,[H:11][c:5]1[c:4]([c:3]([c:2]([c:7]([c:6]1[H:12])[H:13])[O:1][H:8])[H:9])[H:10],3.0,11.0
3,-0.0932599965196389,AM1BCC,OpenEye,,,C,,4,[H:11][c:5]1[c:4]([c:3]([c:2]([c:7]([c:6]1[H:12])[H:13])[O:1][H:8])[H:9])[H:10],3.0,11.0
4,-0.1670500028591889,AM1BCC,OpenEye,,,C,,5,[H:11][c:5]1[c:4]([c:3]([c:2]([c:7]([c:6]1[H:12])[H:13])[O:1][H:8])[H:9])[H:10],3.0,11.0
5,-0.0932599965196389,AM1BCC,OpenEye,,,C,,6,[H:11][c:5]1[c:4]([c:3]([c:2]([c:7]([c:6]1[H:12])[H:13])[O:1][H:8])[H:9])[H:10],3.0,11.0
6,-0.1861200023155946,AM1BCC,OpenEye,,,C,,7,[H:11][c:5]1[c:4]([c:3]([c:2]([c:7]([c:6]1[H:12])[H:13])[O:1][H:8])[H:9])[H:10],3.0,11.0
7,0.4192599963683348,AM1BCC,OpenEye,,,H,,8,[H:11][c:5]1[c:4]([c:3]([c:2]([c:7]([c:6]1[H:12])[H:13])[O:1][H:8])[H:9])[H:10],3.0,11.0
8,0.1415600043076735,AM1BCC,OpenEye,,,H,,9,[H:11][c:5]1[c:4]([c:3]([c:2]([c:7]([c:6]1[H:12])[H:13])[O:1][H:8])[H:9])[H:10],3.0,11.0
9,0.1331599962252836,AM1BCC,OpenEye,,,H,,10,[H:11][c:5]1[c:4]([c:3]([c:2]([c:7]([c:6]1[H:12])[H:13])[O:1][H:8])[H:9])[H:10],3.0,11.0
10,0.1328700047272902,AM1BCC,OpenEye,,,H,,11,[H:11][c:5]1[c:4]([c:3]([c:2]([c:7]([c:6]1[H:12])[H:13])[O:1][H:8])[H:9])[H:10],3.0,11.0
11,0.1331599962252836,AM1BCC,OpenEye,,,H,,12,[H:11][c:5]1[c:4]([c:3]([c:2]([c:7]([c:6]1[H:12])[H:13])[O:1][H:8])[H:9])[H:10],3.0,11.0
12,0.1415600043076735,AM1BCC,OpenEye,,,H,,13,[H:11][c:5]1[c:4]([c:3]([c:2]([c:7]([c:6]1[H:12])[H:13])[O:1][H:8])[H:9])[H:10],3.0,11.0
0,-0.4990230769230769,AM1BCC,AmberTools,,,O,,1,[H:11][c:5]1[c:4]([c:3]([c:2]([c:7]([c:6]1[H:12])[H:13])[O:1][H:8])[H:9])[H:10],3.0,11.0
1,0.123176923076923,AM1BCC,AmberTools,,,C,,2,[H:11][c:5]1[c:4]([c:3]([c:2]([c:7]([c:6]1[H:12])[H:13])[O:1][H:8])[H:9])[H:10],3.0,11.0
2,-0.1849230769230769,AM1BCC,AmberTools,,,C,,3,[H:11][c:5]1[c:4]([c:3]([c:2]([c:7]([c:6]1[H:12])[H:13])[O:1][H:8])[H:9])[H:10],3.0,11.0
3,-0.0944230769230769,AM1BCC,AmberTools,,,C,,4,[H:11][c:5]1[c:4]([c:3]([c:2]([c:7]([c:6]1[H:12])[H:13])[O:1][H:8])[H:9])[H:10],3.0,11.0
4,-0.1659230769230769,AM1BCC,AmberTools,,,C,,5,[H:11][c:5]1[c:4]([c:3]([c:2]([c:7]([c:6]1[H:12])[H:13])[O:1][H:8])[H:9])[H:10],3.0,11.0
5,-0.0944230769230769,AM1BCC,AmberTools,,,C,,6,[H:11][c:5]1[c:4]([c:3]([c:2]([c:7]([c:6]1[H:12])[H:13])[O:1][H:8])[H:9])[H:10],3.0,11.0
6,-0.1849230769230769,AM1BCC,AmberTools,,,C,,7,[H:11][c:5]1[c:4]([c:3]([c:2]([c:7]([c:6]1[H:12])[H:13])[O:1][H:8])[H:9])[H:10],3.0,11.0
7,0.418076923076923,AM1BCC,AmberTools,,,H,,8,[H:11][c:5]1[c:4]([c:3]([c:2]([c:7]([c:6]1[H:12])[H:13])[O:1][H:8])[H:9])[H:10],3.0,11.0
8,0.141576923076923,AM1BCC,AmberTools,,,H,,9,[H:11][c:5]1[c:4]([c:3]([c:2]([c:7]([c:6]1[H:12])[H:13])[O:1][H:8])[H:9])[H:10],3.0,11.0
9,0.1330769230769231,AM1BCC,AmberTools,,,H,,10,[H:11][c:5]1[c:4]([c:3]([c:2]([c:7]([c:6]1[H:12])[H:13])[O:1][H:8])[H:9])[H:10],3.0,11.0
10,0.1330769230769231,AM1BCC,AmberTools,,,H,,11,[H:11][c:5]1[c:4]([c:3]([c:2]([c:7]([c:6]1[H:12])[H:13])[O:1][H:8])[H:9])[H:10],3.0,11.0
11,0.1330769230769231,AM1BCC,AmberTools,,,H,,12,[H:11][c:5]1[c:4]([c:3]([c:2]([c:7]([c:6]1[H:12])[H:13])[O:1][H:8])[H:9])[H:10],3.0,11.0
12,0.141576923076923,AM1BCC,AmberTools,,,H,,13,[H:11][c:5]1[c:4]([c:3]([c:2]([c:7]([c:6]1[H:12])[H:13])[O:1][H:8])[H:9])[H:10],3.0,11.0
0,-0.5001699924468994,AM1BCC,OpenEye,,,O,,1,[H:11][c:5]1[c:4]([c:3]([c:2]([c:7]([c:6]1[H:12])[H:13])[O:1][H:8])[H:9])[H:10],3.0,12.0
1,0.1244300007820129,AM1BCC,OpenEye,,,C,,2,[H:11][c:5]1[c:4]([c:3]([c:2]([c:7]([c:6]1[H:12])[H:13])[O:1][H:8])[H:9])[H:10],3.0,12.0
2,-0.1861200034618377,AM1BCC,OpenEye,,,C,,3,[H:11][c:5]1[c:4]([c:3]([c:2]([c:7]([c:6]1[H:12])[H:13])[O:1][H:8])[H:9])[H:10],3.0,12.0
3,-0.0932599976658821,AM1BCC,OpenEye,,,C,,4,[H:11][c:5]1[c:4]([c:3]([c:2]([c:7]([c:6]1[H:12])[H:13])[O:1][H:8])[H:9])[H:10],3.0,12.0
4,-0.1670600026845932,AM1BCC,OpenEye,,,C,,5,[H:11][c:5]1[c:4]([c:3]([c:2]([c:7]([c:6]1[H:12])[H:13])[O:1][H:8])[H:9])[H:10],3.0,12.0
5,-0.0932599976658821,AM1BCC,OpenEye,,,C,,6,[H:11][c:5]1[c:4]([c:3]([c:2]([c:7]([c:6]1[H:12])[H:13])[O:1][H:8])[H:9])[H:10],3.0,12.0
6,-0.1861200034618377,AM1BCC,OpenEye,,,C,,7,[H:11][c:5]1[c:4]([c:3]([c:2]([c:7]([c:6]1[H:12])[H:13])[O:1][H:8])[H:9])[H:10],3.0,12.0
7,0.4192599952220917,AM1BCC,OpenEye,,,H,,8,[H:11][c:5]1[c:4]([c:3]([c:2]([c:7]([c:6]1[H:12])[H:13])[O:1][H:8])[H:9])[H:10],3.0,12.0
8,0.1415600031614303,AM1BCC,OpenEye,,,H,,9,[H:11][c:5]1[c:4]([c:3]([c:2]([c:7]([c:6]1[H:12])[H:13])[O:1][H:8])[H:9])[H:10],3.0,12.0
9,0.1331599950790405,AM1BCC,OpenEye,,,H,,10,[H:11][c:5]1[c:4]([c:3]([c:2]([c:7]([c:6]1[H:12])[H:13])[O:1][H:8])[H:9])[H:10],3.0,12.0
10,0.132860004901886,AM1BCC,OpenEye,,,H,,11,[H:11][c:5]1[c:4]([c:3]([c:2]([c:7]([c:6]1[H:12])[H:13])[O:1][H:8])[H:9])[H:10],3.0,12.0
11,0.1331599950790405,AM1BCC,OpenEye,,,H,,12,[H:11][c:5]1[c:4]([c:3]([c:2]([c:7]([c:6]1[H:12])[H:13])[O:1][H:8])[H:9])[H:10],3.0,12.0
12,0.1415600031614303,AM1BCC,OpenEye,,,H,,13,[H:11][c:5]1[c:4]([c:3]([c:2]([c:7]([c:6]1[H:12])[H:13])[O:1][H:8])[H:9])[H:10],3.0,12.0
0,-0.4990230769230769,AM1BCC,AmberTools,,,O,,1,[H:11][c:5]1[c:4]([c:3]([c:2]([c:7]([c:6]1[H:12])[H:13])[O:1][H:8])[H:9])[H:10],3.0,12.0
1,0.123176923076923,AM1BCC,AmberTools,,,C,,2,[H:11][c:5]1[c:4]([c:3]([c:2]([c:7]([c:6]1[H:12])[H:13])[O:1][H:8])[H:9])[H:10],3.0,12.0
2,-0.1849230769230769,AM1BCC,AmberTools,,,C,,3,[H:11][c:5]1[c:4]([c:3]([c:2]([c:7]([c:6]1[H:12])[H:13])[O:1][H:8])[H:9])[H:10],3.0,12.0
3,-0.0944230769230769,AM1BCC,AmberTools,,,C,,4,[H:11][c:5]1[c:4]([c:3]([c:2]([c:7]([c:6]1[H:12])[H:13])[O:1][H:8])[H:9])[H:10],3.0,12.0
4,-0.1659230769230769,AM1BCC,AmberTools,,,C,,5,[H:11][c:5]1[c:4]([c:3]([c:2]([c:7]([c:6]1[H:12])[H:13])[O:1][H:8])[H:9])[H:10],3.0,12.0
5,-0.0944230769230769,AM1BCC,AmberTools,,,C,,6,[H:11][c:5]1[c:4]([c:3]([c:2]([c:7]([c:6]1[H:12])[H:13])[O:1][H:8])[H:9])[H:10],3.0,12.0
6,-0.1849230769230769,AM1BCC,AmberTools,,,C,,7,[H:11][c:5]1[c:4]([c:3]([c:2]([c:7]([c:6]1[H:12])[H:13])[O:1][H:8])[H:9])[H:10],3.0,12.0
7,0.418076923076923,AM1BCC,AmberTools,,,H,,8,[H:11][c:5]1[c:4]([c:3]([c:2]([c:7]([c:6]1[H:12])[H:13])[O:1][H:8])[H:9])[H:10],3.0,12.0
8,0.141576923076923,AM1BCC,AmberTools,,,H,,9,[H:11][c:5]1[c:4]([c:3]([c:2]([c:7]([c:6]1[H:12])[H:13])[O:1][H:8])[H:9])[H:10],3.0,12.0
9,0.1330769230769231,AM1BCC,AmberTools,,,H,,10,[H:11][c:5]1[c:4]([c:3]([c:2]([c:7]([c:6]1[H:12])[H:13])[O:1][H:8])[H:9])[H:10],3.0,12.0
10,0.1330769230769231,AM1BCC,AmberTools,,,H,,11,[H:11][c:5]1[c:4]([c:3]([c:2]([c:7]([c:6]1[H:12])[H:13])[O:1][H:8])[H:9])[H:10],3.0,12.0
11,0.1330769230769231,AM1BCC,AmberTools,,,H,,12,[H:11][c:5]1[c:4]([c:3]([c:2]([c:7]([c:6]1[H:12])[H:13])[O:1][H:8])[H:9])[H:10],3.0,12.0
12,0.141576923076923,AM1BCC,AmberTools,,,H,,13,[H:11][c:5]1[c:4]([c:3]([c:2]([c:7]([c:6]1[H:12])[H:13])[O:1][H:8])[H:9])[H:10],3.0,12.0
0,-0.6402133105865944,RESP2,hf/6-31g*,1.0,0.0,O,hf,1,[H:11][c:5]1[c:4]([c:3]([c:2]([c:7]([c:6]1[H:12])[H:13])[O:1][H:8])[H:9])[H:10],,
1,0.5489370925533142,RESP2,hf/6-31g*,1.0,0.0,C,hf,2,[H:11][c:5]1[c:4]([c:3]([c:2]([c:7]([c:6]1[H:12])[H:13])[O:1][H:8])[H:9])[H:10],,
2,-0.36302469482816996,RESP2,hf/6-31g*,1.0,0.0,C,hf,3,[H:11][c:5]1[c:4]([c:3]([c:2]([c:7]([c:6]1[H:12])[H:13])[O:1][H:8])[H:9])[H:10],,
3,-0.04810605782673116,RESP2,hf/6-31g*,1.0,0.0,C,hf,4,[H:11][c:5]1[c:4]([c:3]([c:2]([c:7]([c:6]1[H:12])[H:13])[O:1][H:8])[H:9])[H:10],,
4,-0.2570120409151496,RESP2,hf/6-31g*,1.0,0.0,C,hf,5,[H:11][c:5]1[c:4]([c:3]([c:2]([c:7]([c:6]1[H:12])[H:13])[O:1][H:8])[H:9])[H:10],,
5,-0.04959249839441174,RESP2,hf/6-31g*,1.0,0.0,C,hf,6,[H:11][c:5]1[c:4]([c:3]([c:2]([c:7]([c:6]1[H:12])[H:13])[O:1][H:8])[H:9])[H:10],,
6,-0.3619834103939542,RESP2,hf/6-31g*,1.0,0.0,C,hf,7,[H:11][c:5]1[c:4]([c:3]([c:2]([c:7]([c:6]1[H:12])[H:13])[O:1][H:8])[H:9])[H:10],,
7,0.3992426831405839,RESP2,hf/6-31g*,1.0,0.0,H,hf,8,[H:11][c:5]1[c:4]([c:3]([c:2]([c:7]([c:6]1[H:12])[H:13])[O:1][H:8])[H:9])[H:10],,
8,0.1718273393412715,RESP2,hf/6-31g*,1.0,0.0,H,hf,9,[H:11][c:5]1[c:4]([c:3]([c:2]([c:7]([c:6]1[H:12])[H:13])[O:1][H:8])[H:9])[H:10],,
9,0.13546994587981487,RESP2,hf/6-31g*,1.0,0.0,H,hf,10,[H:11][c:5]1[c:4]([c:3]([c:2]([c:7]([c:6]1[H:12])[H:13])[O:1][H:8])[H:9])[H:10],,
10,0.15727152534163477,RESP2,hf/6-31g*,1.0,0.0,H,hf,11,[H:11][c:5]1[c:4]([c:3]([c:2]([c:7]([c:6]1[H:12])[H:13])[O:1][H:8])[H:9])[H:10],,
11,0.1359044687166763,RESP2,hf/6-31g*,1.0,0.0,H,hf,12,[H:11][c:5]1[c:4]([c:3]([c:2]([c:7]([c:6]1[H:12])[H:13])[O:1][H:8])[H:9])[H:10],,
12,0.17127895797171508,RESP2,hf/6-31g*,1.0,0.0,H,hf,13,[H:11][c:5]1[c:4]([c:3]([c:2]([c:7]([c:6]1[H:12])[H:13])[O:1][H:8])[H:9])[H:10],,
0,-0.6430964917362363,RESP2,hf/6-31g*,1.0,0.05,O,hf,1,[H:11][c:5]1[c:4]([c:3]([c:2]([c:7]([c:6]1[H:12])[H:13])[O:1][H:8])[H:9])[H:10],,
1,0.5494904036573831,RESP2,hf/6-31g*,1.0,0.05,C,hf,2,[H:11][c:5]1[c:4]([c:3]([c:2]([c:7]([c:6]1[H:12])[H:13])[O:1][H:8])[H:9])[H:10],,
2,-0.3634425409259121,RESP2,hf/6-31g*,1.0,0.05,C,hf,3,[H:11][c:5]1[c:4]([c:3]([c:2]([c:7]([c:6]1[H:12])[H:13])[O:1][H:8])[H:9])[H:10],,
3,-0.04841361792587579,RESP2,hf/6-31g*,1.0,0.05,C,hf,4,[H:11][c:5]1[c:4]([c:3]([c:2]([c:7]([c:6]1[H:12])[H:13])[O:1][H:8])[H:9])[H:10],,
4,-0.25696854606310526,RESP2,hf/6-31g*,1.0,0.05,C,hf,5,[H:11][c:5]1[c:4]([c:3]([c:2]([c:7]([c:6]1[H:12])[H:13])[O:1][H:8])[H:9])[H:10],,
5,-0.04977920733431207,RESP2,hf/6-31g*,1.0,0.05,C,hf,6,[H:11][c:5]1[c:4]([c:3]([c:2]([c:7]([c:6]1[H:12])[H:13])[O:1][H:8])[H:9])[H:10],,
6,-0.36226450305905733,RESP2,hf/6-31g*,1.0,0.05,C,hf,7,[H:11][c:5]1[c:4]([c:3]([c:2]([c:7]([c:6]1[H:12])[H:13])[O:1][H:8])[H:9])[H:10],,
7,0.40129412742637594,RESP2,hf/6-31g*,1.0,0.05,H,hf,8,[H:11][c:5]1[c:4]([c:3]([c:2]([c:7]([c:6]1[H:12])[H:13])[O:1][H:8])[H:9])[H:10],,
8,0.17230273709203572,RESP2,hf/6-31g*,1.0,0.05,H,hf,9,[H:11][c:5]1[c:4]([c:3]([c:2]([c:7]([c:6]1[H:12])[H:13])[O:1][H:8])[H:9])[H:10],,
9,0.1358147724851567,RESP2,hf/6-31g*,1.0,0.05,H,hf,10,[H:11][c:5]1[c:4]([c:3]([c:2]([c:7]([c:6]1[H:12])[H:13])[O:1][H:8])[H:9])[H:10],,
10,0.15743782456184685,RESP2,hf/6-31g*,1.0,0.05,H,hf,11,[H:11][c:5]1[c:4]([c:3]([c:2]([c:7]([c:6]1[H:12])[H:13])[O:1][H:8])[H:9])[H:10],,
11,0.13610400976978634,RESP2,hf/6-31g*,1.0,0.05,H,hf,12,[H:11][c:5]1[c:4]([c:3]([c:2]([c:7]([c:6]1[H:12])[H:13])[O:1][H:8])[H:9])[H:10],,
12,0.1715210320519142,RESP2,hf/6-31g*,1.0,0.05,H,hf,13,[H:11][c:5]1[c:4]([c:3]([c:2]([c:7]([c:6]1[H:12])[H:13])[O:1][H:8])[H:9])[H:10],,
0,-0.6459796728858781,RESP2,hf/6-31g*,1.0,0.1,O,hf,1,[H:11][c:5]1[c:4]([c:3]([c:2]([c:7]([c:6]1[H:12])[H:13])[O:1][H:8])[H:9])[H:10],,
1,0.550043714761452,RESP2,hf/6-31g*,1.0,0.1,C,hf,2,[H:11][c:5]1[c:4]([c:3]([c:2]([c:7]([c:6]1[H:12])[H:13])[O:1][H:8])[H:9])[H:10],,
2,-0.36386038702365436,RESP2,hf/6-31g*,1.0,0.1,C,hf,3,[H:11][c:5]1[c:4]([c:3]([c:2]([c:7]([c:6]1[H:12])[H:13])[O:1][H:8])[H:9])[H:10],,
3,-0.04872117802502047,RESP2,hf/6-31g*,1.0,0.1,C,hf,4,[H:11][c:5]1[c:4]([c:3]([c:2]([c:7]([c:6]1[H:12])[H:13])[O:1][H:8])[H:9])[H:10],,
4,-0.25692505121106096,RESP2,hf/6-31g*,1.0,0.1,C,hf,5,[H:11][c:5]1[c:4]([c:3]([c:2]([c:7]([c:6]1[H:12])[H:13])[O:1][H:8])[H:9])[H:10],,
5,-0.04996591627421246,RESP2,hf/6-31g*,1.0,0.1,C,hf,6,[H:11][c:5]1[c:4]([c:3]([c:2]([c:7]([c:6]1[H:12])[H:13])[O:1][H:8])[H:9])[H:10],,
6,-0.3625455957241606,RESP2,hf/6-31g*,1.0,0.1,C,hf,7,[H:11][c:5]1[c:4]([c:3]([c:2]([c:7]([c:6]1[H:12])[H:13])[O:1][H:8])[H:9])[H:10],,
7,0.403345571712168,RESP2,hf/6-31g*,1.0,0.1,H,hf,8,[H:11][c:5]1[c:4]([c:3]([c:2]([c:7]([c:6]1[H:12])[H:13])[O:1][H:8])[H:9])[H:10],,
8,0.1727781348427999,RESP2,hf/6-31g*,1.0,0.1,H,hf,9,[H:11][c:5]1[c:4]([c:3]([c:2]([c:7]([c:6]1[H:12])[H:13])[O:1][H:8])[H:9])[H:10],,
9,0.13615959909049846,RESP2,hf/6-31g*,1.0,0.1,H,hf,10,[H:11][c:5]1[c:4]([c:3]([c:2]([c:7]([c:6]1[H:12])[H:13])[O:1][H:8])[H:9])[H:10],,
10,0.15760412378205887,RESP2,hf/6-31g*,1.0,0.1,H,hf,11,[H:11][c:5]1[c:4]([c:3]([c:2]([c:7]([c:6]1[H:12])[H:13])[O:1][H:8])[H:9])[H:10],,
11,0.13630355082289633,RESP2,hf/6-31g*,1.0,0.1,H,hf,12,[H:11][c:5]1[c:4]([c:3]([c:2]([c:7]([c:6]1[H:12])[H:13])[O:1][H:8])[H:9])[H:10],,
12,0.17176310613211332,RESP2,hf/6-31g*,1.0,0.1,H,hf,13,[H:11][c:5]1[c:4]([c:3]([c:2]([c:7]([c:6]1[H:12])[H:13])[O:1][H:8])[H:9])[H:10],,
0,-0.6488628540355201,RESP2,hf/6-31g*,1.0,0.15000000000000002,O,hf,1,[H:11][c:5]1[c:4]([c:3]([c:2]([c:7]([c:6]1[H:12])[H:13])[O:1][H:8])[H:9])[H:10],,
1,0.5505970258655208,RESP2,hf/6-31g*,1.0,0.15000000000000002,C,hf,2,[H:11][c:5]1[c:4]([c:3]([c:2]([c:7]([c:6]1[H:12])[H:13])[O:1][H:8])[H:9])[H:10],,
2,-0.3642782331213966,RESP2,hf/6-31g*,1.0,0.15000000000000002,C,hf,3,[H:11][c:5]1[c:4]([c:3]([c:2]([c:7]([c:6]1[H:12])[H:13])[O:1][H:8])[H:9])[H:10],,
3,-0.04902873812416512,RESP2,hf/6-31g*,1.0,0.15000000000000002,C,hf,4,[H:11][c:5]1[c:4]([c:3]([c:2]([c:7]([c:6]1[H:12])[H:13])[O:1][H:8])[H:9])[H:10],,
4,-0.2568815563590166,RESP2,hf/6-31g*,1.0,0.15000000000000002,C,hf,5,[H:11][c:5]1[c:4]([c:3]([c:2]([c:7]([c:6]1[H:12])[H:13])[O:1][H:8])[H:9])[H:10],,
5,-0.05015262521411281,RESP2,hf/6-31g*,1.0,0.15000000000000002,C,hf,6,[H:11][c:5]1[c:4]([c:3]([c:2]([c:7]([c:6]1[H:12])[H:13])[O:1][H:8])[H:9])[H:10],,
6,-0.3628266883892637,RESP2,hf/6-31g*,1.0,0.15000000000000002,C,hf,7,[H:11][c:5]1[c:4]([c:3]([c:2]([c:7]([c:6]1[H:12])[H:13])[O:1][H:8])[H:9])[H:10],,
7,0.40539701599796,RESP2,hf/6-31g*,1.0,0.15000000000000002,H,hf,8,[H:11][c:5]1[c:4]([c:3]([c:2]([c:7]([c:6]1[H:12])[H:13])[O:1][H:8])[H:9])[H:10],,
8,0.17325353259356413,RESP2,hf/6-31g*,1.0,0.15000000000000002,H,hf,9,[H:11][c:5]1[c:4]([c:3]([c:2]([c:7]([c:6]1[H:12])[H:13])[O:1][H:8])[H:9])[H:10],,
9,0.13650442569584026,RESP2,hf/6-31g*,1.0,0.15000000000000002,H,hf,10,[H:11][c:5]1[c:4]([c:3]([c:2]([c:7]([c:6]1[H:12])[H:13])[O:1][H:8])[H:9])[H:10],,
10,0.15777042300227095,RESP2,hf/6-31g*,1.0,0.15000000000000002,H,hf,11,[H:11][c:5]1[c:4]([c:3]([c:2]([c:7]([c:6]1[H:12])[H:13])[O:1][H:8])[H:9])[H:10],,
11,0.13650309187600634,RESP2,hf/6-31g*,1.0,0.15000000000000002,H,hf,12,[H:11][c:5]1[c:4]([c:3]([c:2]([c:7]([c:6]1[H:12])[H:13])[O:1][H:8])[H:9])[H:10],,
12,0.17200518021231243,RESP2,hf/6-31g*,1.0,0.15000000000000002,H,hf,13,[H:11][c:5]1[c:4]([c:3]([c:2]([c:7]([c:6]1[H:12])[H:13])[O:1][H:8])[H:9])[H:10],,
0,-0.6517460351851619,RESP2,hf/6-31g*,1.0,0.2,O,hf,1,[H:11][c:5]1[c:4]([c:3]([c:2]([c:7]([c:6]1[H:12])[H:13])[O:1][H:8])[H:9])[H:10],,
1,0.5511503369695896,RESP2,hf/6-31g*,1.0,0.2,C,hf,2,[H:11][c:5]1[c:4]([c:3]([c:2]([c:7]([c:6]1[H:12])[H:13])[O:1][H:8])[H:9])[H:10],,
2,-0.3646960792191388,RESP2,hf/6-31g*,1.0,0.2,C,hf,3,[H:11][c:5]1[c:4]([c:3]([c:2]([c:7]([c:6]1[H:12])[H:13])[O:1][H:8])[H:9])[H:10],,
3,-0.049336298223309795,RESP2,hf/6-31g*,1.0,0.2,C,hf,4,[H:11][c:5]1[c:4]([c:3]([c:2]([c:7]([c:6]1[H:12])[H:13])[O:1][H:8])[H:9])[H:10],,
4,-0.2568380615069723,RESP2,hf/6-31g*,1.0,0.2,C,hf,5,[H:11][c:5]1[c:4]([c:3]([c:2]([c:7]([c:6]1[H:12])[H:13])[O:1][H:8])[H:9])[H:10],,
5,-0.05033933415401319,RESP2,hf/6-31g*,1.0,0.2,C,hf,6,[H:11][c:5]1[c:4]([c:3]([c:2]([c:7]([c:6]1[H:12])[H:13])[O:1][H:8])[H:9])[H:10],,
6,-0.3631077810543669,RESP2,hf/6-31g*,1.0,0.2,C,hf,7,[H:11][c:5]1[c:4]([c:3]([c:2]([c:7]([c:6]1[H:12])[H:13])[O:1][H:8])[H:9])[H:10],,
7,0.40744846028375203,RESP2,hf/6-31g*,1.0,0.2,H,hf,8,[H:11][c:5]1[c:4]([c:3]([c:2]([c:7]([c:6]1[H:12])[H:13])[O:1][H:8])[H:9])[H:10],,
8,0.17372893034432832,RESP2,hf/6-31g*,1.0,0.2,H,hf,9,[H:11][c:5]1[c:4]([c:3]([c:2]([c:7]([c:6]1[H:12])[H:13])[O:1][H:8])[H:9])[H:10],,
9,0.13684925230118203,RESP2,hf/6-31g*,1.0,0.2,H,hf,10,[H:11][c:5]1[c:4]([c:3]([c:2]([c:7]([c:6]1[H:12])[H:13])[O:1][H:8])[H:9])[H:10],,
10,0.15793672222248298,RESP2,hf/6-31g*,1.0,0.2,H,hf,11,[H:11][c:5]1[c:4]([c:3]([c:2]([c:7]([c:6]1[H:12])[H:13])[O:1][H:8])[H:9])[H:10],,
11,0.13670263292911633,RESP2,hf/6-31g*,1.0,0.2,H,hf,12,[H:11][c:5]1[c:4]([c:3]([c:2]([c:7]([c:6]1[H:12])[H:13])[O:1][H:8])[H:9])[H:10],,
12,0.17224725429251153,RESP2,hf/6-31g*,1.0,0.2,H,hf,13,[H:11][c:5]1[c:4]([c:3]([c:2]([c:7]([c:6]1[H:12])[H:13])[O:1][H:8])[H:9])[H:10],,
0,-0.6546292163348038,RESP2,hf/6-31g*,1.0,0.25,O,hf,1,[H:11][c:5]1[c:4]([c:3]([c:2]([c:7]([c:6]1[H:12])[H:13])[O:1][H:8])[H:9])[H:10],,
1,0.5517036480736586,RESP2,hf/6-31g*,1.0,0.25,C,hf,2,[H:11][c:5]1[c:4]([c:3]([c:2]([c:7]([c:6]1[H:12])[H:13])[O:1][H:8])[H:9])[H:10],,
2,-0.365113925316881,RESP2,hf/6-31g*,1.0,0.25,C,hf,3,[H:11][c:5]1[c:4]([c:3]([c:2]([c:7]([c:6]1[H:12])[H:13])[O:1][H:8])[H:9])[H:10],,
3,-0.04964385832245444,RESP2,hf/6-31g*,1.0,0.25,C,hf,4,[H:11][c:5]1[c:4]([c:3]([c:2]([c:7]([c:6]1[H:12])[H:13])[O:1][H:8])[H:9])[H:10],,
4,-0.25679456665492795,RESP2,hf/6-31g*,1.0,0.25,C,hf,5,[H:11][c:5]1[c:4]([c:3]([c:2]([c:7]([c:6]1[H:12])[H:13])[O:1][H:8])[H:9])[H:10],,
5,-0.050526043093913536,RESP2,hf/6-31g*,1.0,0.25,C,hf,6,[H:11][c:5]1[c:4]([c:3]([c:2]([c:7]([c:6]1[H:12])[H:13])[O:1][H:8])[H:9])[H:10],,
6,-0.3633888737194701,RESP2,hf/6-31g*,1.0,0.25,C,hf,7,[H:11][c:5]1[c:4]([c:3]([c:2]([c:7]([c:6]1[H:12])[H:13])[O:1][H:8])[H:9])[H:10],,
7,0.4094999045695441,RESP2,hf/6-31g*,1.0,0.25,H,hf,8,[H:11][c:5]1[c:4]([c:3]([c:2]([c:7]([c:6]1[H:12])[H:13])[O:1][H:8])[H:9])[H:10],,
8,0.17420432809509248,RESP2,hf/6-31g*,1.0,0.25,H,hf,9,[H:11][c:5]1[c:4]([c:3]([c:2]([c:7]([c:6]1[H:12])[H:13])[O:1][H:8])[H:9])[H:10],,
9,0.1371940789065238,RESP2,hf/6-31g*,1.0,0.25,H,hf,10,[H:11][c:5]1[c:4]([c:3]([c:2]([c:7]([c:6]1[H:12])[H:13])[O:1][H:8])[H:9])[H:10],,
10,0.15810302144269503,RESP2,hf/6-31g*,1.0,0.25,H,hf,11,[H:11][c:5]1[c:4]([c:3]([c:2]([c:7]([c:6]1[H:12])[H:13])[O:1][H:8])[H:9])[H:10],,
11,0.13690217398222634,RESP2,hf/6-31g*,1.0,0.25,H,hf,12,[H:11][c:5]1[c:4]([c:3]([c:2]([c:7]([c:6]1[H:12])[H:13])[O:1][H:8])[H:9])[H:10],,
12,0.17248932837271064,RESP2,hf/6-31g*,1.0,0.25,H,hf,13,[H:11][c:5]1[c:4]([c:3]([c:2]([c:7]([c:6]1[H:12])[H:13])[O:1][H:8])[H:9])[H:10],,
0,-0.6575123974844457,RESP2,hf/6-31g*,1.0,0.30000000000000004,O,hf,1,[H:11][c:5]1[c:4]([c:3]([c:2]([c:7]([c:6]1[H:12])[H:13])[O:1][H:8])[H:9])[H:10],,
1,0.5522569591777273,RESP2,hf/6-31g*,1.0,0.30000000000000004,C,hf,2,[H:11][c:5]1[c:4]([c:3]([c:2]([c:7]([c:6]1[H:12])[H:13])[O:1][H:8])[H:9])[H:10],,
2,-0.36553177141462323,RESP2,hf/6-31g*,1.0,0.30000000000000004,C,hf,3,[H:11][c:5]1[c:4]([c:3]([c:2]([c:7]([c:6]1[H:12])[H:13])[O:1][H:8])[H:9])[H:10],,
3,-0.049951418421599114,RESP2,hf/6-31g*,1.0,0.30000000000000004,C,hf,4,[H:11][c:5]1[c:4]([c:3]([c:2]([c:7]([c:6]1[H:12])[H:13])[O:1][H:8])[H:9])[H:10],,
4,-0.25675107180288365,RESP2,hf/6-31g*,1.0,0.30000000000000004,C,hf,5,[H:11][c:5]1[c:4]([c:3]([c:2]([c:7]([c:6]1[H:12])[H:13])[O:1][H:8])[H:9])[H:10],,
5,-0.05071275203381391,RESP2,hf/6-31g*,1.0,0.30000000000000004,C,hf,6,[H:11][c:5]1[c:4]([c:3]([c:2]([c:7]([c:6]1[H:12])[H:13])[O:1][H:8])[H:9])[H:10],,
6,-0.3636699663845733,RESP2,hf/6-31g*,1.0,0.30000000000000004,C,hf,7,[H:11][c:5]1[c:4]([c:3]([c:2]([c:7]([c:6]1[H:12])[H:13])[O:1][H:8])[H:9])[H:10],,
7,0.4115513488553361,RESP2,hf/6-31g*,1.0,0.30000000000000004,H,hf,8,[H:11][c:5]1[c:4]([c:3]([c:2]([c:7]([c:6]1[H:12])[H:13])[O:1][H:8])[H:9])[H:10],,
8,0.17467972584585667,RESP2,hf/6-31g*,1.0,0.30000000000000004,H,hf,9,[H:11][c:5]1[c:4]([c:3]([c:2]([c:7]([c:6]1[H:12])[H:13])[O:1][H:8])[H:9])[H:10],,
9,0.13753890551186557,RESP2,hf/6-31g*,1.0,0.30000000000000004,H,hf,10,[H:11][c:5]1[c:4]([c:3]([c:2]([c:7]([c:6]1[H:12])[H:13])[O:1][H:8])[H:9])[H:10],,
10,0.15826932066290703,RESP2,hf/6-31g*,1.0,0.30000000000000004,H,hf,11,[H:11][c:5]1[c:4]([c:3]([c:2]([c:7]([c:6]1[H:12])[H:13])[O:1][H:8])[H:9])[H:10],,
11,0.1371017150353363,RESP2,hf/6-31g*,1.0,0.30000000000000004,H,hf,12,[H:11][c:5]1[c:4]([c:3]([c:2]([c:7]([c:6]1[H:12])[H:13])[O:1][H:8])[H:9])[H:10],,
12,0.17273140245290974,RESP2,hf/6-31g*,1.0,0.30000000000000004,H,hf,13,[H:11][c:5]1[c:4]([c:3]([c:2]([c:7]([c:6]1[H:12])[H:13])[O:1][H:8])[H:9])[H:10],,
0,-0.6603955786340876,RESP2,hf/6-31g*,1.0,0.35000000000000003,O,hf,1,[H:11][c:5]1[c:4]([c:3]([c:2]([c:7]([c:6]1[H:12])[H:13])[O:1][H:8])[H:9])[H:10],,
1,0.5528102702817961,RESP2,hf/6-31g*,1.0,0.35000000000000003,C,hf,2,[H:11][c:5]1[c:4]([c:3]([c:2]([c:7]([c:6]1[H:12])[H:13])[O:1][H:8])[H:9])[H:10],,
2,-0.3659496175123655,RESP2,hf/6-31g*,1.0,0.35000000000000003,C,hf,3,[H:11][c:5]1[c:4]([c:3]([c:2]([c:7]([c:6]1[H:12])[H:13])[O:1][H:8])[H:9])[H:10],,
3,-0.05025897852074375,RESP2,hf/6-31g*,1.0,0.35000000000000003,C,hf,4,[H:11][c:5]1[c:4]([c:3]([c:2]([c:7]([c:6]1[H:12])[H:13])[O:1][H:8])[H:9])[H:10],,
4,-0.25670757695083934,RESP2,hf/6-31g*,1.0,0.35000000000000003,C,hf,5,[H:11][c:5]1[c:4]([c:3]([c:2]([c:7]([c:6]1[H:12])[H:13])[O:1][H:8])[H:9])[H:10],,
5,-0.05089946097371426,RESP2,hf/6-31g*,1.0,0.35000000000000003,C,hf,6,[H:11][c:5]1[c:4]([c:3]([c:2]([c:7]([c:6]1[H:12])[H:13])[O:1][H:8])[H:9])[H:10],,
6,-0.36395105904967645,RESP2,hf/6-31g*,1.0,0.35000000000000003,C,hf,7,[H:11][c:5]1[c:4]([c:3]([c:2]([c:7]([c:6]1[H:12])[H:13])[O:1][H:8])[H:9])[H:10],,
7,0.41360279314112813,RESP2,hf/6-31g*,1.0,0.35000000000000003,H,hf,8,[H:11][c:5]1[c:4]([c:3]([c:2]([c:7]([c:6]1[H:12])[H:13])[O:1][H:8])[H:9])[H:10],,
8,0.1751551235966209,RESP2,hf/6-31g*,1.0,0.35000000000000003,H,hf,9,[H:11][c:5]1[c:4]([c:3]([c:2]([c:7]([c:6]1[H:12])[H:13])[O:1][H:8])[H:9])[H:10],,
9,0.1378837321172074,RESP2,hf/6-31g*,1.0,0.35000000000000003,H,hf,10,[H:11][c:5]1[c:4]([c:3]([c:2]([c:7]([c:6]1[H:12])[H:13])[O:1][H:8])[H:9])[H:10],,
10,0.15843561988311913,RESP2,hf/6-31g*,1.0,0.35000000000000003,H,hf,11,[H:11][c:5]1[c:4]([c:3]([c:2]([c:7]([c:6]1[H:12])[H:13])[O:1][H:8])[H:9])[H:10],,
11,0.13730125608844634,RESP2,hf/6-31g*,1.0,0.35000000000000003,H,hf,12,[H:11][c:5]1[c:4]([c:3]([c:2]([c:7]([c:6]1[H:12])[H:13])[O:1][H:8])[H:9])[H:10],,
12,0.17297347653310888,RESP2,hf/6-31g*,1.0,0.35000000000000003,H,hf,13,[H:11][c:5]1[c:4]([c:3]([c:2]([c:7]([c:6]1[H:12])[H:13])[O:1][H:8])[H:9])[H:10],,
0,-0.6632787597837295,RESP2,hf/6-31g*,1.0,0.4,O,hf,1,[H:11][c:5]1[c:4]([c:3]([c:2]([c:7]([c:6]1[H:12])[H:13])[O:1][H:8])[H:9])[H:10],,
1,0.5533635813858649,RESP2,hf/6-31g*,1.0,0.4,C,hf,2,[H:11][c:5]1[c:4]([c:3]([c:2]([c:7]([c:6]1[H:12])[H:13])[O:1][H:8])[H:9])[H:10],,
2,-0.3663674636101077,RESP2,hf/6-31g*,1.0,0.4,C,hf,3,[H:11][c:5]1[c:4]([c:3]([c:2]([c:7]([c:6]1[H:12])[H:13])[O:1][H:8])[H:9])[H:10],,
3,-0.05056653861988841,RESP2,hf/6-31g*,1.0,0.4,C,hf,4,[H:11][c:5]1[c:4]([c:3]([c:2]([c:7]([c:6]1[H:12])[H:13])[O:1][H:8])[H:9])[H:10],,
4,-0.256664082098795,RESP2,hf/6-31g*,1.0,0.4,C,hf,5,[H:11][c:5]1[c:4]([c:3]([c:2]([c:7]([c:6]1[H:12])[H:13])[O:1][H:8])[H:9])[H:10],,
5,-0.05108616991361463,RESP2,hf/6-31g*,1.0,0.4,C,hf,6,[H:11][c:5]1[c:4]([c:3]([c:2]([c:7]([c:6]1[H:12])[H:13])[O:1][H:8])[H:9])[H:10],,
6,-0.36423215171477963,RESP2,hf/6-31g*,1.0,0.4,C,hf,7,[H:11][c:5]1[c:4]([c:3]([c:2]([c:7]([c:6]1[H:12])[H:13])[O:1][H:8])[H:9])[H:10],,
7,0.4156542374269202,RESP2,hf/6-31g*,1.0,0.4,H,hf,8,[H:11][c:5]1[c:4]([c:3]([c:2]([c:7]([c:6]1[H:12])[H:13])[O:1][H:8])[H:9])[H:10],,
8,0.1756305213473851,RESP2,hf/6-31g*,1.0,0.4,H,hf,9,[H:11][c:5]1[c:4]([c:3]([c:2]([c:7]([c:6]1[H:12])[H:13])[O:1][H:8])[H:9])[H:10],,
9,0.1382285587225492,RESP2,hf/6-31g*,1.0,0.4,H,hf,10,[H:11][c:5]1[c:4]([c:3]([c:2]([c:7]([c:6]1[H:12])[H:13])[O:1][H:8])[H:9])[H:10],,
10,0.15860191910333116,RESP2,hf/6-31g*,1.0,0.4,H,hf,11,[H:11][c:5]1[c:4]([c:3]([c:2]([c:7]([c:6]1[H:12])[H:13])[O:1][H:8])[H:9])[H:10],,
11,0.13750079714155639,RESP2,hf/6-31g*,1.0,0.4,H,hf,12,[H:11][c:5]1[c:4]([c:3]([c:2]([c:7]([c:6]1[H:12])[H:13])[O:1][H:8])[H:9])[H:10],,
12,0.173215550613308,RESP2,hf/6-31g*,1.0,0.4,H,hf,13,[H:11][c:5]1[c:4]([c:3]([c:2]([c:7]([c:6]1[H:12])[H:13])[O:1][H:8])[H:9])[H:10],,
0,-0.6661619409333714,RESP2,hf/6-31g*,1.0,0.45,O,hf,1,[H:11][c:5]1[c:4]([c:3]([c:2]([c:7]([c:6]1[H:12])[H:13])[O:1][H:8])[H:9])[H:10],,
1,0.5539168924899338,RESP2,hf/6-31g*,1.0,0.45,C,hf,2,[H:11][c:5]1[c:4]([c:3]([c:2]([c:7]([c:6]1[H:12])[H:13])[O:1][H:8])[H:9])[H:10],,
2,-0.3667853097078499,RESP2,hf/6-31g*,1.0,0.45,C,hf,3,[H:11][c:5]1[c:4]([c:3]([c:2]([c:7]([c:6]1[H:12])[H:13])[O:1][H:8])[H:9])[H:10],,
3,-0.05087409871903308,RESP2,hf/6-31g*,1.0,0.45,C,hf,4,[H:11][c:5]1[c:4]([c:3]([c:2]([c:7]([c:6]1[H:12])[H:13])[O:1][H:8])[H:9])[H:10],,
4,-0.2566205872467507,RESP2,hf/6-31g*,1.0,0.45,C,hf,5,[H:11][c:5]1[c:4]([c:3]([c:2]([c:7]([c:6]1[H:12])[H:13])[O:1][H:8])[H:9])[H:10],,
5,-0.051272878853515,RESP2,hf/6-31g*,1.0,0.45,C,hf,6,[H:11][c:5]1[c:4]([c:3]([c:2]([c:7]([c:6]1[H:12])[H:13])[O:1][H:8])[H:9])[H:10],,
6,-0.3645132443798828,RESP2,hf/6-31g*,1.0,0.45,C,hf,7,[H:11][c:5]1[c:4]([c:3]([c:2]([c:7]([c:6]1[H:12])[H:13])[O:1][H:8])[H:9])[H:10],,
7,0.4177056817127122,RESP2,hf/6-31g*,1.0,0.45,H,hf,8,[H:11][c:5]1[c:4]([c:3]([c:2]([c:7]([c:6]1[H:12])[H:13])[O:1][H:8])[H:9])[H:10],,
8,0.17610591909814927,RESP2,hf/6-31g*,1.0,0.45,H,hf,9,[H:11][c:5]1[c:4]([c:3]([c:2]([c:7]([c:6]1[H:12])[H:13])[O:1][H:8])[H:9])[H:10],,
9,0.13857338532789096,RESP2,hf/6-31g*,1.0,0.45,H,hf,10,[H:11][c:5]1[c:4]([c:3]([c:2]([c:7]([c:6]1[H:12])[H:13])[O:1][H:8])[H:9])[H:10],,
10,0.1587682183235432,RESP2,hf/6-31g*,1.0,0.45,H,hf,11,[H:11][c:5]1[c:4]([c:3]([c:2]([c:7]([c:6]1[H:12])[H:13])[O:1][H:8])[H:9])[H:10],,
11,0.13770033819466637,RESP2,hf/6-31g*,1.0,0.45,H,hf,12,[H:11][c:5]1[c:4]([c:3]([c:2]([c:7]([c:6]1[H:12])[H:13])[O:1][H:8])[H:9])[H:10],,
12,0.1734576246935071,RESP2,hf/6-31g*,1.0,0.45,H,hf,13,[H:11][c:5]1[c:4]([c:3]([c:2]([c:7]([c:6]1[H:12])[H:13])[O:1][H:8])[H:9])[H:10],,
0,-0.6690451220830133,RESP2,hf/6-31g*,1.0,0.5,O,hf,1,[H:11][c:5]1[c:4]([c:3]([c:2]([c:7]([c:6]1[H:12])[H:13])[O:1][H:8])[H:9])[H:10],,
1,0.5544702035940027,RESP2,hf/6-31g*,1.0,0.5,C,hf,2,[H:11][c:5]1[c:4]([c:3]([c:2]([c:7]([c:6]1[H:12])[H:13])[O:1][H:8])[H:9])[H:10],,
2,-0.36720315580559215,RESP2,hf/6-31g*,1.0,0.5,C,hf,3,[H:11][c:5]1[c:4]([c:3]([c:2]([c:7]([c:6]1[H:12])[H:13])[O:1][H:8])[H:9])[H:10],,
3,-0.05118165881817774,RESP2,hf/6-31g*,1.0,0.5,C,hf,4,[H:11][c:5]1[c:4]([c:3]([c:2]([c:7]([c:6]1[H:12])[H:13])[O:1][H:8])[H:9])[H:10],,
4,-0.2565770923947064,RESP2,hf/6-31g*,1.0,0.5,C,hf,5,[H:11][c:5]1[c:4]([c:3]([c:2]([c:7]([c:6]1[H:12])[H:13])[O:1][H:8])[H:9])[H:10],,
5,-0.05145958779341536,RESP2,hf/6-31g*,1.0,0.5,C,hf,6,[H:11][c:5]1[c:4]([c:3]([c:2]([c:7]([c:6]1[H:12])[H:13])[O:1][H:8])[H:9])[H:10],,
6,-0.364794337044986,RESP2,hf/6-31g*,1.0,0.5,C,hf,7,[H:11][c:5]1[c:4]([c:3]([c:2]([c:7]([c:6]1[H:12])[H:13])[O:1][H:8])[H:9])[H:10],,
7,0.4197571259985042,RESP2,hf/6-31g*,1.0,0.5,H,hf,8,[H:11][c:5]1[c:4]([c:3]([c:2]([c:7]([c:6]1[H:12])[H:13])[O:1][H:8])[H:9])[H:10],,
8,0.17658131684891346,RESP2,hf/6-31g*,1.0,0.5,H,hf,9,[H:11][c:5]1[c:4]([c:3]([c:2]([c:7]([c:6]1[H:12])[H:13])[O:1][H:8])[H:9])[H:10],,
9,0.13891821193323273,RESP2,hf/6-31g*,1.0,0.5,H,hf,10,[H:11][c:5]1[c:4]([c:3]([c:2]([c:7]([c:6]1[H:12])[H:13])[O:1][H:8])[H:9])[H:10],,
10,0.15893451754375523,RESP2,hf/6-31g*,1.0,0.5,H,hf,11,[H:11][c:5]1[c:4]([c:3]([c:2]([c:7]([c:6]1[H:12])[H:13])[O:1][H:8])[H:9])[H:10],,
11,0.13789987924777633,RESP2,hf/6-31g*,1.0,0.5,H,hf,12,[H:11][c:5]1[c:4]([c:3]([c:2]([c:7]([c:6]1[H:12])[H:13])[O:1][H:8])[H:9])[H:10],,
12,0.17369969877370617,RESP2,hf/6-31g*,1.0,0.5,H,hf,13,[H:11][c:5]1[c:4]([c:3]([c:2]([c:7]([c:6]1[H:12])[H:13])[O:1][H:8])[H:9])[H:10],,
0,-0.6719283032326552,RESP2,hf/6-31g*,1.0,0.55,O,hf,1,[H:11][c:5]1[c:4]([c:3]([c:2]([c:7]([c:6]1[H:12])[H:13])[O:1][H:8])[H:9])[H:10],,
1,0.5550235146980715,RESP2,hf/6-31g*,1.0,0.55,C,hf,2,[H:11][c:5]1[c:4]([c:3]([c:2]([c:7]([c:6]1[H:12])[H:13])[O:1][H:8])[H:9])[H:10],,
2,-0.36762100190333435,RESP2,hf/6-31g*,1.0,0.55,C,hf,3,[H:11][c:5]1[c:4]([c:3]([c:2]([c:7]([c:6]1[H:12])[H:13])[O:1][H:8])[H:9])[H:10],,
3,-0.05148921891732239,RESP2,hf/6-31g*,1.0,0.55,C,hf,4,[H:11][c:5]1[c:4]([c:3]([c:2]([c:7]([c:6]1[H:12])[H:13])[O:1][H:8])[H:9])[H:10],,
4,-0.25653359754266203,RESP2,hf/6-31g*,1.0,0.55,C,hf,5,[H:11][c:5]1[c:4]([c:3]([c:2]([c:7]([c:6]1[H:12])[H:13])[O:1][H:8])[H:9])[H:10],,
5,-0.05164629673331572,RESP2,hf/6-31g*,1.0,0.55,C,hf,6,[H:11][c:5]1[c:4]([c:3]([c:2]([c:7]([c:6]1[H:12])[H:13])[O:1][H:8])[H:9])[H:10],,
6,-0.36507542971008916,RESP2,hf/6-31g*,1.0,0.55,C,hf,7,[H:11][c:5]1[c:4]([c:3]([c:2]([c:7]([c:6]1[H:12])[H:13])[O:1][H:8])[H:9])[H:10],,
7,0.4218085702842962,RESP2,hf/6-31g*,1.0,0.55,H,hf,8,[H:11][c:5]1[c:4]([c:3]([c:2]([c:7]([c:6]1[H:12])[H:13])[O:1][H:8])[H:9])[H:10],,
8,0.17705671459967767,RESP2,hf/6-31g*,1.0,0.55,H,hf,9,[H:11][c:5]1[c:4]([c:3]([c:2]([c:7]([c:6]1[H:12])[H:13])[O:1][H:8])[H:9])[H:10],,
9,0.1392630385385745,RESP2,hf/6-31g*,1.0,0.55,H,hf,10,[H:11][c:5]1[c:4]([c:3]([c:2]([c:7]([c:6]1[H:12])[H:13])[O:1][H:8])[H:9])[H:10],,
10,0.15910081676396728,RESP2,hf/6-31g*,1.0,0.55,H,hf,11,[H:11][c:5]1[c:4]([c:3]([c:2]([c:7]([c:6]1[H:12])[H:13])[O:1][H:8])[H:9])[H:10],,
11,0.13809942030088634,RESP2,hf/6-31g*,1.0,0.55,H,hf,12,[H:11][c:5]1[c:4]([c:3]([c:2]([c:7]([c:6]1[H:12])[H:13])[O:1][H:8])[H:9])[H:10],,
12,0.1739417728539053,RESP2,hf/6-31g*,1.0,0.55,H,hf,13,[H:11][c:5]1[c:4]([c:3]([c:2]([c:7]([c:6]1[H:12])[H:13])[O:1][H:8])[H:9])[H:10],,
0,-0.6748114843822971,RESP2,hf/6-31g*,1.0,0.6000000000000001,O,hf,1,[H:11][c:5]1[c:4]([c:3]([c:2]([c:7]([c:6]1[H:12])[H:13])[O:1][H:8])[H:9])[H:10],,
1,0.5555768258021404,RESP2,hf/6-31g*,1.0,0.6000000000000001,C,hf,2,[H:11][c:5]1[c:4]([c:3]([c:2]([c:7]([c:6]1[H:12])[H:13])[O:1][H:8])[H:9])[H:10],,
2,-0.3680388480010766,RESP2,hf/6-31g*,1.0,0.6000000000000001,C,hf,3,[H:11][c:5]1[c:4]([c:3]([c:2]([c:7]([c:6]1[H:12])[H:13])[O:1][H:8])[H:9])[H:10],,
3,-0.051796779016467044,RESP2,hf/6-31g*,1.0,0.6000000000000001,C,hf,4,[H:11][c:5]1[c:4]([c:3]([c:2]([c:7]([c:6]1[H:12])[H:13])[O:1][H:8])[H:9])[H:10],,
4,-0.2564901026906177,RESP2,hf/6-31g*,1.0,0.6000000000000001,C,hf,5,[H:11][c:5]1[c:4]([c:3]([c:2]([c:7]([c:6]1[H:12])[H:13])[O:1][H:8])[H:9])[H:10],,
5,-0.05183300567321609,RESP2,hf/6-31g*,1.0,0.6000000000000001,C,hf,6,[H:11][c:5]1[c:4]([c:3]([c:2]([c:7]([c:6]1[H:12])[H:13])[O:1][H:8])[H:9])[H:10],,
6,-0.3653565223751924,RESP2,hf/6-31g*,1.0,0.6000000000000001,C,hf,7,[H:11][c:5]1[c:4]([c:3]([c:2]([c:7]([c:6]1[H:12])[H:13])[O:1][H:8])[H:9])[H:10],,
7,0.42386001457008826,RESP2,hf/6-31g*,1.0,0.6000000000000001,H,hf,8,[H:11][c:5]1[c:4]([c:3]([c:2]([c:7]([c:6]1[H:12])[H:13])[O:1][H:8])[H:9])[H:10],,
8,0.17753211235044186,RESP2,hf/6-31g*,1.0,0.6000000000000001,H,hf,9,[H:11][c:5]1[c:4]([c:3]([c:2]([c:7]([c:6]1[H:12])[H:13])[O:1][H:8])[H:9])[H:10],,
9,0.1396078651439163,RESP2,hf/6-31g*,1.0,0.6000000000000001,H,hf,10,[H:11][c:5]1[c:4]([c:3]([c:2]([c:7]([c:6]1[H:12])[H:13])[O:1][H:8])[H:9])[H:10],,
10,0.15926711598417936,RESP2,hf/6-31g*,1.0,0.6000000000000001,H,hf,11,[H:11][c:5]1[c:4]([c:3]([c:2]([c:7]([c:6]1[H:12])[H:13])[O:1][H:8])[H:9])[H:10],,
11,0.13829896135399636,RESP2,hf/6-31g*,1.0,0.6000000000000001,H,hf,12,[H:11][c:5]1[c:4]([c:3]([c:2]([c:7]([c:6]1[H:12])[H:13])[O:1][H:8])[H:9])[H:10],,
12,0.17418384693410444,RESP2,hf/6-31g*,1.0,0.6000000000000001,H,hf,13,[H:11][c:5]1[c:4]([c:3]([c:2]([c:7]([c:6]1[H:12])[H:13])[O:1][H:8])[H:9])[H:10],,
0,-0.677694665531939,RESP2,hf/6-31g*,1.0,0.65,O,hf,1,[H:11][c:5]1[c:4]([c:3]([c:2]([c:7]([c:6]1[H:12])[H:13])[O:1][H:8])[H:9])[H:10],,
1,0.5561301369062092,RESP2,hf/6-31g*,1.0,0.65,C,hf,2,[H:11][c:5]1[c:4]([c:3]([c:2]([c:7]([c:6]1[H:12])[H:13])[O:1][H:8])[H:9])[H:10],,
2,-0.36845669409881876,RESP2,hf/6-31g*,1.0,0.65,C,hf,3,[H:11][c:5]1[c:4]([c:3]([c:2]([c:7]([c:6]1[H:12])[H:13])[O:1][H:8])[H:9])[H:10],,
3,-0.05210433911561171,RESP2,hf/6-31g*,1.0,0.65,C,hf,4,[H:11][c:5]1[c:4]([c:3]([c:2]([c:7]([c:6]1[H:12])[H:13])[O:1][H:8])[H:9])[H:10],,
4,-0.25644660783857337,RESP2,hf/6-31g*,1.0,0.65,C,hf,5,[H:11][c:5]1[c:4]([c:3]([c:2]([c:7]([c:6]1[H:12])[H:13])[O:1][H:8])[H:9])[H:10],,
5,-0.05201971461311644,RESP2,hf/6-31g*,1.0,0.65,C,hf,6,[H:11][c:5]1[c:4]([c:3]([c:2]([c:7]([c:6]1[H:12])[H:13])[O:1][H:8])[H:9])[H:10],,
6,-0.3656376150402955,RESP2,hf/6-31g*,1.0,0.65,C,hf,7,[H:11][c:5]1[c:4]([c:3]([c:2]([c:7]([c:6]1[H:12])[H:13])[O:1][H:8])[H:9])[H:10],,
7,0.4259114588558803,RESP2,hf/6-31g*,1.0,0.65,H,hf,8,[H:11][c:5]1[c:4]([c:3]([c:2]([c:7]([c:6]1[H:12])[H:13])[O:1][H:8])[H:9])[H:10],,
8,0.17800751010120608,RESP2,hf/6-31g*,1.0,0.65,H,hf,9,[H:11][c:5]1[c:4]([c:3]([c:2]([c:7]([c:6]1[H:12])[H:13])[O:1][H:8])[H:9])[H:10],,
9,0.1399526917492581,RESP2,hf/6-31g*,1.0,0.65,H,hf,10,[H:11][c:5]1[c:4]([c:3]([c:2]([c:7]([c:6]1[H:12])[H:13])[O:1][H:8])[H:9])[H:10],,
10,0.1594334152043914,RESP2,hf/6-31g*,1.0,0.65,H,hf,11,[H:11][c:5]1[c:4]([c:3]([c:2]([c:7]([c:6]1[H:12])[H:13])[O:1][H:8])[H:9])[H:10],,
11,0.13849850240710637,RESP2,hf/6-31g*,1.0,0.65,H,hf,12,[H:11][c:5]1[c:4]([c:3]([c:2]([c:7]([c:6]1[H:12])[H:13])[O:1][H:8])[H:9])[H:10],,
12,0.17442592101430354,RESP2,hf/6-31g*,1.0,0.65,H,hf,13,[H:11][c:5]1[c:4]([c:3]([c:2]([c:7]([c:6]1[H:12])[H:13])[O:1][H:8])[H:9])[H:10],,
0,-0.6805778466815808,RESP2,hf/6-31g*,1.0,0.7000000000000001,O,hf,1,[H:11][c:5]1[c:4]([c:3]([c:2]([c:7]([c:6]1[H:12])[H:13])[O:1][H:8])[H:9])[H:10],,
1,0.556683448010278,RESP2,hf/6-31g*,1.0,0.7000000000000001,C,hf,2,[H:11][c:5]1[c:4]([c:3]([c:2]([c:7]([c:6]1[H:12])[H:13])[O:1][H:8])[H:9])[H:10],,
2,-0.368874540196561,RESP2,hf/6-31g*,1.0,0.7000000000000001,C,hf,3,[H:11][c:5]1[c:4]([c:3]([c:2]([c:7]([c:6]1[H:12])[H:13])[O:1][H:8])[H:9])[H:10],,
3,-0.05241189921475636,RESP2,hf/6-31g*,1.0,0.7000000000000001,C,hf,4,[H:11][c:5]1[c:4]([c:3]([c:2]([c:7]([c:6]1[H:12])[H:13])[O:1][H:8])[H:9])[H:10],,
4,-0.25640311298652907,RESP2,hf/6-31g*,1.0,0.7000000000000001,C,hf,5,[H:11][c:5]1[c:4]([c:3]([c:2]([c:7]([c:6]1[H:12])[H:13])[O:1][H:8])[H:9])[H:10],,
5,-0.052206423553016815,RESP2,hf/6-31g*,1.0,0.7000000000000001,C,hf,6,[H:11][c:5]1[c:4]([c:3]([c:2]([c:7]([c:6]1[H:12])[H:13])[O:1][H:8])[H:9])[H:10],,
6,-0.3659187077053987,RESP2,hf/6-31g*,1.0,0.7000000000000001,C,hf,7,[H:11][c:5]1[c:4]([c:3]([c:2]([c:7]([c:6]1[H:12])[H:13])[O:1][H:8])[H:9])[H:10],,
7,0.4279629031416723,RESP2,hf/6-31g*,1.0,0.7000000000000001,H,hf,8,[H:11][c:5]1[c:4]([c:3]([c:2]([c:7]([c:6]1[H:12])[H:13])[O:1][H:8])[H:9])[H:10],,
8,0.17848290785197024,RESP2,hf/6-31g*,1.0,0.7000000000000001,H,hf,9,[H:11][c:5]1[c:4]([c:3]([c:2]([c:7]([c:6]1[H:12])[H:13])[O:1][H:8])[H:9])[H:10],,
9,0.14029751835459986,RESP2,hf/6-31g*,1.0,0.7000000000000001,H,hf,10,[H:11][c:5]1[c:4]([c:3]([c:2]([c:7]([c:6]1[H:12])[H:13])[O:1][H:8])[H:9])[H:10],,
10,0.1595997144246034,RESP2,hf/6-31g*,1.0,0.7000000000000001,H,hf,11,[H:11][c:5]1[c:4]([c:3]([c:2]([c:7]([c:6]1[H:12])[H:13])[O:1][H:8])[H:9])[H:10],,
11,0.13869804346021633,RESP2,hf/6-31g*,1.0,0.7000000000000001,H,hf,12,[H:11][c:5]1[c:4]([c:3]([c:2]([c:7]([c:6]1[H:12])[H:13])[O:1][H:8])[H:9])[H:10],,
12,0.17466799509450262,RESP2,hf/6-31g*,1.0,0.7000000000000001,H,hf,13,[H:11][c:5]1[c:4]([c:3]([c:2]([c:7]([c:6]1[H:12])[H:13])[O:1][H:8])[H:9])[H:10],,
0,-0.6834610278312228,RESP2,hf/6-31g*,1.0,0.75,O,hf,1,[H:11][c:5]1[c:4]([c:3]([c:2]([c:7]([c:6]1[H:12])[H:13])[O:1][H:8])[H:9])[H:10],,
1,0.5572367591143468,RESP2,hf/6-31g*,1.0,0.75,C,hf,2,[H:11][c:5]1[c:4]([c:3]([c:2]([c:7]([c:6]1[H:12])[H:13])[O:1][H:8])[H:9])[H:10],,
2,-0.3692923862943032,RESP2,hf/6-31g*,1.0,0.75,C,hf,3,[H:11][c:5]1[c:4]([c:3]([c:2]([c:7]([c:6]1[H:12])[H:13])[O:1][H:8])[H:9])[H:10],,
3,-0.05271945931390105,RESP2,hf/6-31g*,1.0,0.75,C,hf,4,[H:11][c:5]1[c:4]([c:3]([c:2]([c:7]([c:6]1[H:12])[H:13])[O:1][H:8])[H:9])[H:10],,
4,-0.25635961813448477,RESP2,hf/6-31g*,1.0,0.75,C,hf,5,[H:11][c:5]1[c:4]([c:3]([c:2]([c:7]([c:6]1[H:12])[H:13])[O:1][H:8])[H:9])[H:10],,
5,-0.0523931324929172,RESP2,hf/6-31g*,1.0,0.75,C,hf,6,[H:11][c:5]1[c:4]([c:3]([c:2]([c:7]([c:6]1[H:12])[H:13])[O:1][H:8])[H:9])[H:10],,
6,-0.36619980037050187,RESP2,hf/6-31g*,1.0,0.75,C,hf,7,[H:11][c:5]1[c:4]([c:3]([c:2]([c:7]([c:6]1[H:12])[H:13])[O:1][H:8])[H:9])[H:10],,
7,0.4300143474274643,RESP2,hf/6-31g*,1.0,0.75,H,hf,8,[H:11][c:5]1[c:4]([c:3]([c:2]([c:7]([c:6]1[H:12])[H:13])[O:1][H:8])[H:9])[H:10],,
8,0.17895830560273446,RESP2,hf/6-31g*,1.0,0.75,H,hf,9,[H:11][c:5]1[c:4]([c:3]([c:2]([c:7]([c:6]1[H:12])[H:13])[O:1][H:8])[H:9])[H:10],,
9,0.14064234495994166,RESP2,hf/6-31g*,1.0,0.75,H,hf,10,[H:11][c:5]1[c:4]([c:3]([c:2]([c:7]([c:6]1[H:12])[H:13])[O:1][H:8])[H:9])[H:10],,
10,0.15976601364481546,RESP2,hf/6-31g*,1.0,0.75,H,hf,11,[H:11][c:5]1[c:4]([c:3]([c:2]([c:7]([c:6]1[H:12])[H:13])[O:1][H:8])[H:9])[H:10],,
11,0.13889758451332634,RESP2,hf/6-31g*,1.0,0.75,H,hf,12,[H:11][c:5]1[c:4]([c:3]([c:2]([c:7]([c:6]1[H:12])[H:13])[O:1][H:8])[H:9])[H:10],,
12,0.17491006917470175,RESP2,hf/6-31g*,1.0,0.75,H,hf,13,[H:11][c:5]1[c:4]([c:3]([c:2]([c:7]([c:6]1[H:12])[H:13])[O:1][H:8])[H:9])[H:10],,
0,-0.6863442089808647,RESP2,hf/6-31g*,1.0,0.8,O,hf,1,[H:11][c:5]1[c:4]([c:3]([c:2]([c:7]([c:6]1[H:12])[H:13])[O:1][H:8])[H:9])[H:10],,
1,0.5577900702184156,RESP2,hf/6-31g*,1.0,0.8,C,hf,2,[H:11][c:5]1[c:4]([c:3]([c:2]([c:7]([c:6]1[H:12])[H:13])[O:1][H:8])[H:9])[H:10],,
2,-0.3697102323920455,RESP2,hf/6-31g*,1.0,0.8,C,hf,3,[H:11][c:5]1[c:4]([c:3]([c:2]([c:7]([c:6]1[H:12])[H:13])[O:1][H:8])[H:9])[H:10],,
3,-0.05302701941304569,RESP2,hf/6-31g*,1.0,0.8,C,hf,4,[H:11][c:5]1[c:4]([c:3]([c:2]([c:7]([c:6]1[H:12])[H:13])[O:1][H:8])[H:9])[H:10],,
4,-0.25631612328244047,RESP2,hf/6-31g*,1.0,0.8,C,hf,5,[H:11][c:5]1[c:4]([c:3]([c:2]([c:7]([c:6]1[H:12])[H:13])[O:1][H:8])[H:9])[H:10],,
5,-0.05257984143281754,RESP2,hf/6-31g*,1.0,0.8,C,hf,6,[H:11][c:5]1[c:4]([c:3]([c:2]([c:7]([c:6]1[H:12])[H:13])[O:1][H:8])[H:9])[H:10],,
6,-0.3664808930356051,RESP2,hf/6-31g*,1.0,0.8,C,hf,7,[H:11][c:5]1[c:4]([c:3]([c:2]([c:7]([c:6]1[H:12])[H:13])[O:1][H:8])[H:9])[H:10],,
7,0.4320657917132563,RESP2,hf/6-31g*,1.0,0.8,H,hf,8,[H:11][c:5]1[c:4]([c:3]([c:2]([c:7]([c:6]1[H:12])[H:13])[O:1][H:8])[H:9])[H:10],,
8,0.17943370335349865,RESP2,hf/6-31g*,1.0,0.8,H,hf,9,[H:11][c:5]1[c:4]([c:3]([c:2]([c:7]([c:6]1[H:12])[H:13])[O:1][H:8])[H:9])[H:10],,
9,0.14098717156528345,RESP2,hf/6-31g*,1.0,0.8,H,hf,10,[H:11][c:5]1[c:4]([c:3]([c:2]([c:7]([c:6]1[H:12])[H:13])[O:1][H:8])[H:9])[H:10],,
10,0.15993231286502751,RESP2,hf/6-31g*,1.0,0.8,H,hf,11,[H:11][c:5]1[c:4]([c:3]([c:2]([c:7]([c:6]1[H:12])[H:13])[O:1][H:8])[H:9])[H:10],,
11,0.13909712556643639,RESP2,hf/6-31g*,1.0,0.8,H,hf,12,[H:11][c:5]1[c:4]([c:3]([c:2]([c:7]([c:6]1[H:12])[H:13])[O:1][H:8])[H:9])[H:10],,
12,0.17515214325490086,RESP2,hf/6-31g*,1.0,0.8,H,hf,13,[H:11][c:5]1[c:4]([c:3]([c:2]([c:7]([c:6]1[H:12])[H:13])[O:1][H:8])[H:9])[H:10],,
0,-0.6892273901305066,RESP2,hf/6-31g*,1.0,0.8500000000000001,O,hf,1,[H:11][c:5]1[c:4]([c:3]([c:2]([c:7]([c:6]1[H:12])[H:13])[O:1][H:8])[H:9])[H:10],,
1,0.5583433813224845,RESP2,hf/6-31g*,1.0,0.8500000000000001,C,hf,2,[H:11][c:5]1[c:4]([c:3]([c:2]([c:7]([c:6]1[H:12])[H:13])[O:1][H:8])[H:9])[H:10],,
2,-0.3701280784897877,RESP2,hf/6-31g*,1.0,0.8500000000000001,C,hf,3,[H:11][c:5]1[c:4]([c:3]([c:2]([c:7]([c:6]1[H:12])[H:13])[O:1][H:8])[H:9])[H:10],,
3,-0.05333457951219034,RESP2,hf/6-31g*,1.0,0.8500000000000001,C,hf,4,[H:11][c:5]1[c:4]([c:3]([c:2]([c:7]([c:6]1[H:12])[H:13])[O:1][H:8])[H:9])[H:10],,
4,-0.2562726284303961,RESP2,hf/6-31g*,1.0,0.8500000000000001,C,hf,5,[H:11][c:5]1[c:4]([c:3]([c:2]([c:7]([c:6]1[H:12])[H:13])[O:1][H:8])[H:9])[H:10],,
5,-0.05276655037271791,RESP2,hf/6-31g*,1.0,0.8500000000000001,C,hf,6,[H:11][c:5]1[c:4]([c:3]([c:2]([c:7]([c:6]1[H:12])[H:13])[O:1][H:8])[H:9])[H:10],,
6,-0.3667619857007082,RESP2,hf/6-31g*,1.0,0.8500000000000001,C,hf,7,[H:11][c:5]1[c:4]([c:3]([c:2]([c:7]([c:6]1[H:12])[H:13])[O:1][H:8])[H:9])[H:10],,
7,0.4341172359990484,RESP2,hf/6-31g*,1.0,0.8500000000000001,H,hf,8,[H:11][c:5]1[c:4]([c:3]([c:2]([c:7]([c:6]1[H:12])[H:13])[O:1][H:8])[H:9])[H:10],,
8,0.17990910110426286,RESP2,hf/6-31g*,1.0,0.8500000000000001,H,hf,9,[H:11][c:5]1[c:4]([c:3]([c:2]([c:7]([c:6]1[H:12])[H:13])[O:1][H:8])[H:9])[H:10],,
9,0.14133199817062522,RESP2,hf/6-31g*,1.0,0.8500000000000001,H,hf,10,[H:11][c:5]1[c:4]([c:3]([c:2]([c:7]([c:6]1[H:12])[H:13])[O:1][H:8])[H:9])[H:10],,
10,0.1600986120852396,RESP2,hf/6-31g*,1.0,0.8500000000000001,H,hf,11,[H:11][c:5]1[c:4]([c:3]([c:2]([c:7]([c:6]1[H:12])[H:13])[O:1][H:8])[H:9])[H:10],,
11,0.13929666661954637,RESP2,hf/6-31g*,1.0,0.8500000000000001,H,hf,12,[H:11][c:5]1[c:4]([c:3]([c:2]([c:7]([c:6]1[H:12])[H:13])[O:1][H:8])[H:9])[H:10],,
12,0.1753942173351,RESP2,hf/6-31g*,1.0,0.8500000000000001,H,hf,13,[H:11][c:5]1[c:4]([c:3]([c:2]([c:7]([c:6]1[H:12])[H:13])[O:1][H:8])[H:9])[H:10],,
0,-0.6921105712801484,RESP2,hf/6-31g*,1.0,0.9,O,hf,1,[H:11][c:5]1[c:4]([c:3]([c:2]([c:7]([c:6]1[H:12])[H:13])[O:1][H:8])[H:9])[H:10],,
1,0.5588966924265534,RESP2,hf/6-31g*,1.0,0.9,C,hf,2,[H:11][c:5]1[c:4]([c:3]([c:2]([c:7]([c:6]1[H:12])[H:13])[O:1][H:8])[H:9])[H:10],,
2,-0.37054592458752994,RESP2,hf/6-31g*,1.0,0.9,C,hf,3,[H:11][c:5]1[c:4]([c:3]([c:2]([c:7]([c:6]1[H:12])[H:13])[O:1][H:8])[H:9])[H:10],,
3,-0.053642139611335,RESP2,hf/6-31g*,1.0,0.9,C,hf,4,[H:11][c:5]1[c:4]([c:3]([c:2]([c:7]([c:6]1[H:12])[H:13])[O:1][H:8])[H:9])[H:10],,
4,-0.2562291335783518,RESP2,hf/6-31g*,1.0,0.9,C,hf,5,[H:11][c:5]1[c:4]([c:3]([c:2]([c:7]([c:6]1[H:12])[H:13])[O:1][H:8])[H:9])[H:10],,
5,-0.05295325931261827,RESP2,hf/6-31g*,1.0,0.9,C,hf,6,[H:11][c:5]1[c:4]([c:3]([c:2]([c:7]([c:6]1[H:12])[H:13])[O:1][H:8])[H:9])[H:10],,
6,-0.36704307836581146,RESP2,hf/6-31g*,1.0,0.9,C,hf,7,[H:11][c:5]1[c:4]([c:3]([c:2]([c:7]([c:6]1[H:12])[H:13])[O:1][H:8])[H:9])[H:10],,
7,0.43616868028484035,RESP2,hf/6-31g*,1.0,0.9,H,hf,8,[H:11][c:5]1[c:4]([c:3]([c:2]([c:7]([c:6]1[H:12])[H:13])[O:1][H:8])[H:9])[H:10],,
8,0.18038449885502703,RESP2,hf/6-31g*,1.0,0.9,H,hf,9,[H:11][c:5]1[c:4]([c:3]([c:2]([c:7]([c:6]1[H:12])[H:13])[O:1][H:8])[H:9])[H:10],,
9,0.14167682477596702,RESP2,hf/6-31g*,1.0,0.9,H,hf,10,[H:11][c:5]1[c:4]([c:3]([c:2]([c:7]([c:6]1[H:12])[H:13])[O:1][H:8])[H:9])[H:10],,
10,0.16026491130545162,RESP2,hf/6-31g*,1.0,0.9,H,hf,11,[H:11][c:5]1[c:4]([c:3]([c:2]([c:7]([c:6]1[H:12])[H:13])[O:1][H:8])[H:9])[H:10],,
11,0.13949620767265636,RESP2,hf/6-31g*,1.0,0.9,H,hf,12,[H:11][c:5]1[c:4]([c:3]([c:2]([c:7]([c:6]1[H:12])[H:13])[O:1][H:8])[H:9])[H:10],,
12,0.17563629141529907,RESP2,hf/6-31g*,1.0,0.9,H,hf,13,[H:11][c:5]1[c:4]([c:3]([c:2]([c:7]([c:6]1[H:12])[H:13])[O:1][H:8])[H:9])[H:10],,
0,-0.6949937524297904,RESP2,hf/6-31g*,1.0,0.9500000000000001,O,hf,1,[H:11][c:5]1[c:4]([c:3]([c:2]([c:7]([c:6]1[H:12])[H:13])[O:1][H:8])[H:9])[H:10],,
1,0.5594500035306221,RESP2,hf/6-31g*,1.0,0.9500000000000001,C,hf,2,[H:11][c:5]1[c:4]([c:3]([c:2]([c:7]([c:6]1[H:12])[H:13])[O:1][H:8])[H:9])[H:10],,
2,-0.3709637706852721,RESP2,hf/6-31g*,1.0,0.9500000000000001,C,hf,3,[H:11][c:5]1[c:4]([c:3]([c:2]([c:7]([c:6]1[H:12])[H:13])[O:1][H:8])[H:9])[H:10],,
3,-0.05394969971047965,RESP2,hf/6-31g*,1.0,0.9500000000000001,C,hf,4,[H:11][c:5]1[c:4]([c:3]([c:2]([c:7]([c:6]1[H:12])[H:13])[O:1][H:8])[H:9])[H:10],,
4,-0.25618563872630745,RESP2,hf/6-31g*,1.0,0.9500000000000001,C,hf,5,[H:11][c:5]1[c:4]([c:3]([c:2]([c:7]([c:6]1[H:12])[H:13])[O:1][H:8])[H:9])[H:10],,
5,-0.05313996825251863,RESP2,hf/6-31g*,1.0,0.9500000000000001,C,hf,6,[H:11][c:5]1[c:4]([c:3]([c:2]([c:7]([c:6]1[H:12])[H:13])[O:1][H:8])[H:9])[H:10],,
6,-0.36732417103091464,RESP2,hf/6-31g*,1.0,0.9500000000000001,C,hf,7,[H:11][c:5]1[c:4]([c:3]([c:2]([c:7]([c:6]1[H:12])[H:13])[O:1][H:8])[H:9])[H:10],,
7,0.4382201245706324,RESP2,hf/6-31g*,1.0,0.9500000000000001,H,hf,8,[H:11][c:5]1[c:4]([c:3]([c:2]([c:7]([c:6]1[H:12])[H:13])[O:1][H:8])[H:9])[H:10],,
8,0.18085989660579124,RESP2,hf/6-31g*,1.0,0.9500000000000001,H,hf,9,[H:11][c:5]1[c:4]([c:3]([c:2]([c:7]([c:6]1[H:12])[H:13])[O:1][H:8])[H:9])[H:10],,
9,0.14202165138130882,RESP2,hf/6-31g*,1.0,0.9500000000000001,H,hf,10,[H:11][c:5]1[c:4]([c:3]([c:2]([c:7]([c:6]1[H:12])[H:13])[O:1][H:8])[H:9])[H:10],,
10,0.16043121052566367,RESP2,hf/6-31g*,1.0,0.9500000000000001,H,hf,11,[H:11][c:5]1[c:4]([c:3]([c:2]([c:7]([c:6]1[H:12])[H:13])[O:1][H:8])[H:9])[H:10],,
11,0.13969574872576637,RESP2,hf/6-31g*,1.0,0.9500000000000001,H,hf,12,[H:11][c:5]1[c:4]([c:3]([c:2]([c:7]([c:6]1[H:12])[H:13])[O:1][H:8])[H:9])[H:10],,
12,0.1758783654954982,RESP2,hf/6-31g*,1.0,0.9500000000000001,H,hf,13,[H:11][c:5]1[c:4]([c:3]([c:2]([c:7]([c:6]1[H:12])[H:13])[O:1][H:8])[H:9])[H:10],,
0,-0.6978769335794323,RESP2,hf/6-31g*,1.0,1.0,O,hf,1,[H:11][c:5]1[c:4]([c:3]([c:2]([c:7]([c:6]1[H:12])[H:13])[O:1][H:8])[H:9])[H:10],,
1,0.560003314634691,RESP2,hf/6-31g*,1.0,1.0,C,hf,2,[H:11][c:5]1[c:4]([c:3]([c:2]([c:7]([c:6]1[H:12])[H:13])[O:1][H:8])[H:9])[H:10],,
2,-0.37138161678301435,RESP2,hf/6-31g*,1.0,1.0,C,hf,3,[H:11][c:5]1[c:4]([c:3]([c:2]([c:7]([c:6]1[H:12])[H:13])[O:1][H:8])[H:9])[H:10],,
3,-0.05425725980962433,RESP2,hf/6-31g*,1.0,1.0,C,hf,4,[H:11][c:5]1[c:4]([c:3]([c:2]([c:7]([c:6]1[H:12])[H:13])[O:1][H:8])[H:9])[H:10],,
4,-0.25614214387426315,RESP2,hf/6-31g*,1.0,1.0,C,hf,5,[H:11][c:5]1[c:4]([c:3]([c:2]([c:7]([c:6]1[H:12])[H:13])[O:1][H:8])[H:9])[H:10],,
5,-0.05332667719241901,RESP2,hf/6-31g*,1.0,1.0,C,hf,6,[H:11][c:5]1[c:4]([c:3]([c:2]([c:7]([c:6]1[H:12])[H:13])[O:1][H:8])[H:9])[H:10],,
6,-0.3676052636960178,RESP2,hf/6-31g*,1.0,1.0,C,hf,7,[H:11][c:5]1[c:4]([c:3]([c:2]([c:7]([c:6]1[H:12])[H:13])[O:1][H:8])[H:9])[H:10],,
7,0.44027156885642443,RESP2,hf/6-31g*,1.0,1.0,H,hf,8,[H:11][c:5]1[c:4]([c:3]([c:2]([c:7]([c:6]1[H:12])[H:13])[O:1][H:8])[H:9])[H:10],,
8,0.18133529435655543,RESP2,hf/6-31g*,1.0,1.0,H,hf,9,[H:11][c:5]1[c:4]([c:3]([c:2]([c:7]([c:6]1[H:12])[H:13])[O:1][H:8])[H:9])[H:10],,
9,0.14236647798665059,RESP2,hf/6-31g*,1.0,1.0,H,hf,10,[H:11][c:5]1[c:4]([c:3]([c:2]([c:7]([c:6]1[H:12])[H:13])[O:1][H:8])[H:9])[H:10],,
10,0.16059750974587572,RESP2,hf/6-31g*,1.0,1.0,H,hf,11,[H:11][c:5]1[c:4]([c:3]([c:2]([c:7]([c:6]1[H:12])[H:13])[O:1][H:8])[H:9])[H:10],,
11,0.13989528977887639,RESP2,hf/6-31g*,1.0,1.0,H,hf,12,[H:11][c:5]1[c:4]([c:3]([c:2]([c:7]([c:6]1[H:12])[H:13])[O:1][H:8])[H:9])[H:10],,
12,0.1761204395756973,RESP2,hf/6-31g*,1.0,1.0,H,hf,13,[H:11][c:5]1[c:4]([c:3]([c:2]([c:7]([c:6]1[H:12])[H:13])[O:1][H:8])[H:9])[H:10],,
0,-0.6402133105863117,RESP2,hf/6-31g*,,0.0,O,hf,1,[H:11][c:5]1[c:4]([c:3]([c:2]([c:7]([c:6]1[H:12])[H:13])[O:1][H:8])[H:9])[H:10],,
1,0.5489370925514415,RESP2,hf/6-31g*,,0.0,C,hf,2,[H:11][c:5]1[c:4]([c:3]([c:2]([c:7]([c:6]1[H:12])[H:13])[O:1][H:8])[H:9])[H:10],,
2,-0.36302469482634503,RESP2,hf/6-31g*,,0.0,C,hf,3,[H:11][c:5]1[c:4]([c:3]([c:2]([c:7]([c:6]1[H:12])[H:13])[O:1][H:8])[H:9])[H:10],,
3,-0.04810605782843346,RESP2,hf/6-31g*,,0.0,C,hf,4,[H:11][c:5]1[c:4]([c:3]([c:2]([c:7]([c:6]1[H:12])[H:13])[O:1][H:8])[H:9])[H:10],,
4,-0.25701204091345164,RESP2,hf/6-31g*,,0.0,C,hf,5,[H:11][c:5]1[c:4]([c:3]([c:2]([c:7]([c:6]1[H:12])[H:13])[O:1][H:8])[H:9])[H:10],,
5,-0.04959249839633658,RESP2,hf/6-31g*,,0.0,C,hf,6,[H:11][c:5]1[c:4]([c:3]([c:2]([c:7]([c:6]1[H:12])[H:13])[O:1][H:8])[H:9])[H:10],,
6,-0.36198341039187387,RESP2,hf/6-31g*,,0.0,C,hf,7,[H:11][c:5]1[c:4]([c:3]([c:2]([c:7]([c:6]1[H:12])[H:13])[O:1][H:8])[H:9])[H:10],,
7,0.3992426831405949,RESP2,hf/6-31g*,,0.0,H,hf,8,[H:11][c:5]1[c:4]([c:3]([c:2]([c:7]([c:6]1[H:12])[H:13])[O:1][H:8])[H:9])[H:10],,
8,0.17182733934092578,RESP2,hf/6-31g*,,0.0,H,hf,9,[H:11][c:5]1[c:4]([c:3]([c:2]([c:7]([c:6]1[H:12])[H:13])[O:1][H:8])[H:9])[H:10],,
9,0.13546994588012257,RESP2,hf/6-31g*,,0.0,H,hf,10,[H:11][c:5]1[c:4]([c:3]([c:2]([c:7]([c:6]1[H:12])[H:13])[O:1][H:8])[H:9])[H:10],,
10,0.1572715253413358,RESP2,hf/6-31g*,,0.0,H,hf,11,[H:11][c:5]1[c:4]([c:3]([c:2]([c:7]([c:6]1[H:12])[H:13])[O:1][H:8])[H:9])[H:10],,
11,0.13590446871705306,RESP2,hf/6-31g*,,0.0,H,hf,12,[H:11][c:5]1[c:4]([c:3]([c:2]([c:7]([c:6]1[H:12])[H:13])[O:1][H:8])[H:9])[H:10],,
12,0.1712789579712787,RESP2,hf/6-31g*,,0.0,H,hf,13,[H:11][c:5]1[c:4]([c:3]([c:2]([c:7]([c:6]1[H:12])[H:13])[O:1][H:8])[H:9])[H:10],,
0,-0.6430964917459444,RESP2,hf/6-31g*,,0.05,O,hf,1,[H:11][c:5]1[c:4]([c:3]([c:2]([c:7]([c:6]1[H:12])[H:13])[O:1][H:8])[H:9])[H:10],,
1,0.5494904036506859,RESP2,hf/6-31g*,,0.05,C,hf,2,[H:11][c:5]1[c:4]([c:3]([c:2]([c:7]([c:6]1[H:12])[H:13])[O:1][H:8])[H:9])[H:10],,
2,-0.36344254094666945,RESP2,hf/6-31g*,,0.05,C,hf,3,[H:11][c:5]1[c:4]([c:3]([c:2]([c:7]([c:6]1[H:12])[H:13])[O:1][H:8])[H:9])[H:10],,
3,-0.048413617908335024,RESP2,hf/6-31g*,,0.05,C,hf,4,[H:11][c:5]1[c:4]([c:3]([c:2]([c:7]([c:6]1[H:12])[H:13])[O:1][H:8])[H:9])[H:10],,
4,-0.25696854601214897,RESP2,hf/6-31g*,,0.05,C,hf,5,[H:11][c:5]1[c:4]([c:3]([c:2]([c:7]([c:6]1[H:12])[H:13])[O:1][H:8])[H:9])[H:10],,
5,-0.04977920729944105,RESP2,hf/6-31g*,,0.05,C,hf,6,[H:11][c:5]1[c:4]([c:3]([c:2]([c:7]([c:6]1[H:12])[H:13])[O:1][H:8])[H:9])[H:10],,
6,-0.36226450307271413,RESP2,hf/6-31g*,,0.05,C,hf,7,[H:11][c:5]1[c:4]([c:3]([c:2]([c:7]([c:6]1[H:12])[H:13])[O:1][H:8])[H:9])[H:10],,
7,0.4012941274273879,RESP2,hf/6-31g*,,0.05,H,hf,8,[H:11][c:5]1[c:4]([c:3]([c:2]([c:7]([c:6]1[H:12])[H:13])[O:1][H:8])[H:9])[H:10],,
8,0.17230273708761723,RESP2,hf/6-31g*,,0.05,H,hf,9,[H:11][c:5]1[c:4]([c:3]([c:2]([c:7]([c:6]1[H:12])[H:13])[O:1][H:8])[H:9])[H:10],,
9,0.13581477249387852,RESP2,hf/6-31g*,,0.05,H,hf,10,[H:11][c:5]1[c:4]([c:3]([c:2]([c:7]([c:6]1[H:12])[H:13])[O:1][H:8])[H:9])[H:10],,
10,0.15743782454362198,RESP2,hf/6-31g*,,0.05,H,hf,11,[H:11][c:5]1[c:4]([c:3]([c:2]([c:7]([c:6]1[H:12])[H:13])[O:1][H:8])[H:9])[H:10],,
11,0.136104009743076,RESP2,hf/6-31g*,,0.05,H,hf,12,[H:11][c:5]1[c:4]([c:3]([c:2]([c:7]([c:6]1[H:12])[H:13])[O:1][H:8])[H:9])[H:10],,
12,0.17152103203898555,RESP2,hf/6-31g*,,0.05,H,hf,13,[H:11][c:5]1[c:4]([c:3]([c:2]([c:7]([c:6]1[H:12])[H:13])[O:1][H:8])[H:9])[H:10],,
0,-0.6459796729055772,RESP2,hf/6-31g*,,0.1,O,hf,1,[H:11][c:5]1[c:4]([c:3]([c:2]([c:7]([c:6]1[H:12])[H:13])[O:1][H:8])[H:9])[H:10],,
1,0.5500437147499303,RESP2,hf/6-31g*,,0.1,C,hf,2,[H:11][c:5]1[c:4]([c:3]([c:2]([c:7]([c:6]1[H:12])[H:13])[O:1][H:8])[H:9])[H:10],,
2,-0.3638603870669939,RESP2,hf/6-31g*,,0.1,C,hf,3,[H:11][c:5]1[c:4]([c:3]([c:2]([c:7]([c:6]1[H:12])[H:13])[O:1][H:8])[H:9])[H:10],,
3,-0.04872117798823658,RESP2,hf/6-31g*,,0.1,C,hf,4,[H:11][c:5]1[c:4]([c:3]([c:2]([c:7]([c:6]1[H:12])[H:13])[O:1][H:8])[H:9])[H:10],,
4,-0.2569250511108463,RESP2,hf/6-31g*,,0.1,C,hf,5,[H:11][c:5]1[c:4]([c:3]([c:2]([c:7]([c:6]1[H:12])[H:13])[O:1][H:8])[H:9])[H:10],,
5,-0.04996591620254551,RESP2,hf/6-31g*,,0.1,C,hf,6,[H:11][c:5]1[c:4]([c:3]([c:2]([c:7]([c:6]1[H:12])[H:13])[O:1][H:8])[H:9])[H:10],,
6,-0.3625455957535544,RESP2,hf/6-31g*,,0.1,C,hf,7,[H:11][c:5]1[c:4]([c:3]([c:2]([c:7]([c:6]1[H:12])[H:13])[O:1][H:8])[H:9])[H:10],,
7,0.403345571714181,RESP2,hf/6-31g*,,0.1,H,hf,8,[H:11][c:5]1[c:4]([c:3]([c:2]([c:7]([c:6]1[H:12])[H:13])[O:1][H:8])[H:9])[H:10],,
8,0.1727781348343087,RESP2,hf/6-31g*,,0.1,H,hf,9,[H:11][c:5]1[c:4]([c:3]([c:2]([c:7]([c:6]1[H:12])[H:13])[O:1][H:8])[H:9])[H:10],,
9,0.13615959910763448,RESP2,hf/6-31g*,,0.1,H,hf,10,[H:11][c:5]1[c:4]([c:3]([c:2]([c:7]([c:6]1[H:12])[H:13])[O:1][H:8])[H:9])[H:10],,
10,0.15760412374590826,RESP2,hf/6-31g*,,0.1,H,hf,11,[H:11][c:5]1[c:4]([c:3]([c:2]([c:7]([c:6]1[H:12])[H:13])[O:1][H:8])[H:9])[H:10],,
11,0.13630355076909895,RESP2,hf/6-31g*,,0.1,H,hf,12,[H:11][c:5]1[c:4]([c:3]([c:2]([c:7]([c:6]1[H:12])[H:13])[O:1][H:8])[H:9])[H:10],,
12,0.1717631061066925,RESP2,hf/6-31g*,,0.1,H,hf,13,[H:11][c:5]1[c:4]([c:3]([c:2]([c:7]([c:6]1[H:12])[H:13])[O:1][H:8])[H:9])[H:10],,
0,-0.6488628540652099,RESP2,hf/6-31g*,,0.15000000000000002,O,hf,1,[H:11][c:5]1[c:4]([c:3]([c:2]([c:7]([c:6]1[H:12])[H:13])[O:1][H:8])[H:9])[H:10],,
1,0.5505970258491747,RESP2,hf/6-31g*,,0.15000000000000002,C,hf,2,[H:11][c:5]1[c:4]([c:3]([c:2]([c:7]([c:6]1[H:12])[H:13])[O:1][H:8])[H:9])[H:10],,
2,-0.36427823318731833,RESP2,hf/6-31g*,,0.15000000000000002,C,hf,3,[H:11][c:5]1[c:4]([c:3]([c:2]([c:7]([c:6]1[H:12])[H:13])[O:1][H:8])[H:9])[H:10],,
3,-0.049028738068138164,RESP2,hf/6-31g*,,0.15000000000000002,C,hf,4,[H:11][c:5]1[c:4]([c:3]([c:2]([c:7]([c:6]1[H:12])[H:13])[O:1][H:8])[H:9])[H:10],,
4,-0.2568815562095436,RESP2,hf/6-31g*,,0.15000000000000002,C,hf,5,[H:11][c:5]1[c:4]([c:3]([c:2]([c:7]([c:6]1[H:12])[H:13])[O:1][H:8])[H:9])[H:10],,
5,-0.05015262510565,RESP2,hf/6-31g*,,0.15000000000000002,C,hf,6,[H:11][c:5]1[c:4]([c:3]([c:2]([c:7]([c:6]1[H:12])[H:13])[O:1][H:8])[H:9])[H:10],,
6,-0.36282668843439464,RESP2,hf/6-31g*,,0.15000000000000002,C,hf,7,[H:11][c:5]1[c:4]([c:3]([c:2]([c:7]([c:6]1[H:12])[H:13])[O:1][H:8])[H:9])[H:10],,
7,0.40539701600097405,RESP2,hf/6-31g*,,0.15000000000000002,H,hf,8,[H:11][c:5]1[c:4]([c:3]([c:2]([c:7]([c:6]1[H:12])[H:13])[O:1][H:8])[H:9])[H:10],,
8,0.17325353258100012,RESP2,hf/6-31g*,,0.15000000000000002,H,hf,9,[H:11][c:5]1[c:4]([c:3]([c:2]([c:7]([c:6]1[H:12])[H:13])[O:1][H:8])[H:9])[H:10],,
9,0.13650442572139038,RESP2,hf/6-31g*,,0.15000000000000002,H,hf,10,[H:11][c:5]1[c:4]([c:3]([c:2]([c:7]([c:6]1[H:12])[H:13])[O:1][H:8])[H:9])[H:10],,
10,0.15777042294819443,RESP2,hf/6-31g*,,0.15000000000000002,H,hf,11,[H:11][c:5]1[c:4]([c:3]([c:2]([c:7]([c:6]1[H:12])[H:13])[O:1][H:8])[H:9])[H:10],,
11,0.13650309179512182,RESP2,hf/6-31g*,,0.15000000000000002,H,hf,12,[H:11][c:5]1[c:4]([c:3]([c:2]([c:7]([c:6]1[H:12])[H:13])[O:1][H:8])[H:9])[H:10],,
12,0.17200518017439928,RESP2,hf/6-31g*,,0.15000000000000002,H,hf,13,[H:11][c:5]1[c:4]([c:3]([c:2]([c:7]([c:6]1[H:12])[H:13])[O:1][H:8])[H:9])[H:10],,
0,-0.6517460352248429,RESP2,hf/6-31g*,,0.2,O,hf,1,[H:11][c:5]1[c:4]([c:3]([c:2]([c:7]([c:6]1[H:12])[H:13])[O:1][H:8])[H:9])[H:10],,
1,0.551150336948419,RESP2,hf/6-31g*,,0.2,C,hf,2,[H:11][c:5]1[c:4]([c:3]([c:2]([c:7]([c:6]1[H:12])[H:13])[O:1][H:8])[H:9])[H:10],,
2,-0.3646960793076428,RESP2,hf/6-31g*,,0.2,C,hf,3,[H:11][c:5]1[c:4]([c:3]([c:2]([c:7]([c:6]1[H:12])[H:13])[O:1][H:8])[H:9])[H:10],,
3,-0.049336298148039734,RESP2,hf/6-31g*,,0.2,C,hf,4,[H:11][c:5]1[c:4]([c:3]([c:2]([c:7]([c:6]1[H:12])[H:13])[O:1][H:8])[H:9])[H:10],,
4,-0.256838061308241,RESP2,hf/6-31g*,,0.2,C,hf,5,[H:11][c:5]1[c:4]([c:3]([c:2]([c:7]([c:6]1[H:12])[H:13])[O:1][H:8])[H:9])[H:10],,
5,-0.050339334008754476,RESP2,hf/6-31g*,,0.2,C,hf,6,[H:11][c:5]1[c:4]([c:3]([c:2]([c:7]([c:6]1[H:12])[H:13])[O:1][H:8])[H:9])[H:10],,
6,-0.3631077811152349,RESP2,hf/6-31g*,,0.2,C,hf,7,[H:11][c:5]1[c:4]([c:3]([c:2]([c:7]([c:6]1[H:12])[H:13])[O:1][H:8])[H:9])[H:10],,
7,0.40744846028776704,RESP2,hf/6-31g*,,0.2,H,hf,8,[H:11][c:5]1[c:4]([c:3]([c:2]([c:7]([c:6]1[H:12])[H:13])[O:1][H:8])[H:9])[H:10],,
8,0.17372893032769157,RESP2,hf/6-31g*,,0.2,H,hf,9,[H:11][c:5]1[c:4]([c:3]([c:2]([c:7]([c:6]1[H:12])[H:13])[O:1][H:8])[H:9])[H:10],,
9,0.1368492523351463,RESP2,hf/6-31g*,,0.2,H,hf,10,[H:11][c:5]1[c:4]([c:3]([c:2]([c:7]([c:6]1[H:12])[H:13])[O:1][H:8])[H:9])[H:10],,
10,0.15793672215048066,RESP2,hf/6-31g*,,0.2,H,hf,11,[H:11][c:5]1[c:4]([c:3]([c:2]([c:7]([c:6]1[H:12])[H:13])[O:1][H:8])[H:9])[H:10],,
11,0.13670263282114478,RESP2,hf/6-31g*,,0.2,H,hf,12,[H:11][c:5]1[c:4]([c:3]([c:2]([c:7]([c:6]1[H:12])[H:13])[O:1][H:8])[H:9])[H:10],,
12,0.17224725424210616,RESP2,hf/6-31g*,,0.2,H,hf,13,[H:11][c:5]1[c:4]([c:3]([c:2]([c:7]([c:6]1[H:12])[H:13])[O:1][H:8])[H:9])[H:10],,
0,-0.6546292163844756,RESP2,hf/6-31g*,,0.25,O,hf,1,[H:11][c:5]1[c:4]([c:3]([c:2]([c:7]([c:6]1[H:12])[H:13])[O:1][H:8])[H:9])[H:10],,
1,0.5517036480476634,RESP2,hf/6-31g*,,0.25,C,hf,2,[H:11][c:5]1[c:4]([c:3]([c:2]([c:7]([c:6]1[H:12])[H:13])[O:1][H:8])[H:9])[H:10],,
2,-0.36511392542796717,RESP2,hf/6-31g*,,0.25,C,hf,3,[H:11][c:5]1[c:4]([c:3]([c:2]([c:7]([c:6]1[H:12])[H:13])[O:1][H:8])[H:9])[H:10],,
3,-0.04964385822794131,RESP2,hf/6-31g*,,0.25,C,hf,4,[H:11][c:5]1[c:4]([c:3]([c:2]([c:7]([c:6]1[H:12])[H:13])[O:1][H:8])[H:9])[H:10],,
4,-0.25679456640693826,RESP2,hf/6-31g*,,0.25,C,hf,5,[H:11][c:5]1[c:4]([c:3]([c:2]([c:7]([c:6]1[H:12])[H:13])[O:1][H:8])[H:9])[H:10],,
5,-0.05052604291185896,RESP2,hf/6-31g*,,0.25,C,hf,6,[H:11][c:5]1[c:4]([c:3]([c:2]([c:7]([c:6]1[H:12])[H:13])[O:1][H:8])[H:9])[H:10],,
6,-0.3633888737960751,RESP2,hf/6-31g*,,0.25,C,hf,7,[H:11][c:5]1[c:4]([c:3]([c:2]([c:7]([c:6]1[H:12])[H:13])[O:1][H:8])[H:9])[H:10],,
7,0.4094999045745601,RESP2,hf/6-31g*,,0.25,H,hf,8,[H:11][c:5]1[c:4]([c:3]([c:2]([c:7]([c:6]1[H:12])[H:13])[O:1][H:8])[H:9])[H:10],,
8,0.17420432807438302,RESP2,hf/6-31g*,,0.25,H,hf,9,[H:11][c:5]1[c:4]([c:3]([c:2]([c:7]([c:6]1[H:12])[H:13])[O:1][H:8])[H:9])[H:10],,
9,0.13719407894890226,RESP2,hf/6-31g*,,0.25,H,hf,10,[H:11][c:5]1[c:4]([c:3]([c:2]([c:7]([c:6]1[H:12])[H:13])[O:1][H:8])[H:9])[H:10],,
10,0.15810302135276688,RESP2,hf/6-31g*,,0.25,H,hf,11,[H:11][c:5]1[c:4]([c:3]([c:2]([c:7]([c:6]1[H:12])[H:13])[O:1][H:8])[H:9])[H:10],,
11,0.13690217384716769,RESP2,hf/6-31g*,,0.25,H,hf,12,[H:11][c:5]1[c:4]([c:3]([c:2]([c:7]([c:6]1[H:12])[H:13])[O:1][H:8])[H:9])[H:10],,
12,0.172489328309813,RESP2,hf/6-31g*,,0.25,H,hf,13,[H:11][c:5]1[c:4]([c:3]([c:2]([c:7]([c:6]1[H:12])[H:13])[O:1][H:8])[H:9])[H:10],,
0,-0.6575123975441083,RESP2,hf/6-31g*,,0.30000000000000004,O,hf,1,[H:11][c:5]1[c:4]([c:3]([c:2]([c:7]([c:6]1[H:12])[H:13])[O:1][H:8])[H:9])[H:10],,
1,0.5522569591469079,RESP2,hf/6-31g*,,0.30000000000000004,C,hf,2,[H:11][c:5]1[c:4]([c:3]([c:2]([c:7]([c:6]1[H:12])[H:13])[O:1][H:8])[H:9])[H:10],,
2,-0.3655317715482916,RESP2,hf/6-31g*,,0.30000000000000004,C,hf,3,[H:11][c:5]1[c:4]([c:3]([c:2]([c:7]([c:6]1[H:12])[H:13])[O:1][H:8])[H:9])[H:10],,
3,-0.049951418307842874,RESP2,hf/6-31g*,,0.30000000000000004,C,hf,4,[H:11][c:5]1[c:4]([c:3]([c:2]([c:7]([c:6]1[H:12])[H:13])[O:1][H:8])[H:9])[H:10],,
4,-0.25675107150563564,RESP2,hf/6-31g*,,0.30000000000000004,C,hf,5,[H:11][c:5]1[c:4]([c:3]([c:2]([c:7]([c:6]1[H:12])[H:13])[O:1][H:8])[H:9])[H:10],,
5,-0.05071275181496343,RESP2,hf/6-31g*,,0.30000000000000004,C,hf,6,[H:11][c:5]1[c:4]([c:3]([c:2]([c:7]([c:6]1[H:12])[H:13])[O:1][H:8])[H:9])[H:10],,
6,-0.36366996647691535,RESP2,hf/6-31g*,,0.30000000000000004,C,hf,7,[H:11][c:5]1[c:4]([c:3]([c:2]([c:7]([c:6]1[H:12])[H:13])[O:1][H:8])[H:9])[H:10],,
7,0.4115513488613531,RESP2,hf/6-31g*,,0.30000000000000004,H,hf,8,[H:11][c:5]1[c:4]([c:3]([c:2]([c:7]([c:6]1[H:12])[H:13])[O:1][H:8])[H:9])[H:10],,
8,0.17467972582107444,RESP2,hf/6-31g*,,0.30000000000000004,H,hf,9,[H:11][c:5]1[c:4]([c:3]([c:2]([c:7]([c:6]1[H:12])[H:13])[O:1][H:8])[H:9])[H:10],,
9,0.13753890556265816,RESP2,hf/6-31g*,,0.30000000000000004,H,hf,10,[H:11][c:5]1[c:4]([c:3]([c:2]([c:7]([c:6]1[H:12])[H:13])[O:1][H:8])[H:9])[H:10],,
10,0.15826932055505305,RESP2,hf/6-31g*,,0.30000000000000004,H,hf,11,[H:11][c:5]1[c:4]([c:3]([c:2]([c:7]([c:6]1[H:12])[H:13])[O:1][H:8])[H:9])[H:10],,
11,0.13710171487319062,RESP2,hf/6-31g*,,0.30000000000000004,H,hf,12,[H:11][c:5]1[c:4]([c:3]([c:2]([c:7]([c:6]1[H:12])[H:13])[O:1][H:8])[H:9])[H:10],,
12,0.17273140237751985,RESP2,hf/6-31g*,,0.30000000000000004,H,hf,13,[H:11][c:5]1[c:4]([c:3]([c:2]([c:7]([c:6]1[H:12])[H:13])[O:1][H:8])[H:9])[H:10],,
0,-0.6603955787037411,RESP2,hf/6-31g*,,0.35000000000000003,O,hf,1,[H:11][c:5]1[c:4]([c:3]([c:2]([c:7]([c:6]1[H:12])[H:13])[O:1][H:8])[H:9])[H:10],,
1,0.552810270246152,RESP2,hf/6-31g*,,0.35000000000000003,C,hf,2,[H:11][c:5]1[c:4]([c:3]([c:2]([c:7]([c:6]1[H:12])[H:13])[O:1][H:8])[H:9])[H:10],,
2,-0.36594961766861595,RESP2,hf/6-31g*,,0.35000000000000003,C,hf,3,[H:11][c:5]1[c:4]([c:3]([c:2]([c:7]([c:6]1[H:12])[H:13])[O:1][H:8])[H:9])[H:10],,
3,-0.050258978387744443,RESP2,hf/6-31g*,,0.35000000000000003,C,hf,4,[H:11][c:5]1[c:4]([c:3]([c:2]([c:7]([c:6]1[H:12])[H:13])[O:1][H:8])[H:9])[H:10],,
4,-0.2567075766043329,RESP2,hf/6-31g*,,0.35000000000000003,C,hf,5,[H:11][c:5]1[c:4]([c:3]([c:2]([c:7]([c:6]1[H:12])[H:13])[O:1][H:8])[H:9])[H:10],,
5,-0.050899460718067904,RESP2,hf/6-31g*,,0.35000000000000003,C,hf,6,[H:11][c:5]1[c:4]([c:3]([c:2]([c:7]([c:6]1[H:12])[H:13])[O:1][H:8])[H:9])[H:10],,
6,-0.36395105915775555,RESP2,hf/6-31g*,,0.35000000000000003,C,hf,7,[H:11][c:5]1[c:4]([c:3]([c:2]([c:7]([c:6]1[H:12])[H:13])[O:1][H:8])[H:9])[H:10],,
7,0.4136027931481462,RESP2,hf/6-31g*,,0.35000000000000003,H,hf,8,[H:11][c:5]1[c:4]([c:3]([c:2]([c:7]([c:6]1[H:12])[H:13])[O:1][H:8])[H:9])[H:10],,
8,0.17515512356776589,RESP2,hf/6-31g*,,0.35000000000000003,H,hf,9,[H:11][c:5]1[c:4]([c:3]([c:2]([c:7]([c:6]1[H:12])[H:13])[O:1][H:8])[H:9])[H:10],,
9,0.1378837321764141,RESP2,hf/6-31g*,,0.35000000000000003,H,hf,10,[H:11][c:5]1[c:4]([c:3]([c:2]([c:7]([c:6]1[H:12])[H:13])[O:1][H:8])[H:9])[H:10],,
10,0.15843561975733927,RESP2,hf/6-31g*,,0.35000000000000003,H,hf,11,[H:11][c:5]1[c:4]([c:3]([c:2]([c:7]([c:6]1[H:12])[H:13])[O:1][H:8])[H:9])[H:10],,
11,0.13730125589921352,RESP2,hf/6-31g*,,0.35000000000000003,H,hf,12,[H:11][c:5]1[c:4]([c:3]([c:2]([c:7]([c:6]1[H:12])[H:13])[O:1][H:8])[H:9])[H:10],,
12,0.1729734764452267,RESP2,hf/6-31g*,,0.35000000000000003,H,hf,13,[H:11][c:5]1[c:4]([c:3]([c:2]([c:7]([c:6]1[H:12])[H:13])[O:1][H:8])[H:9])[H:10],,
0,-0.6632787598633739,RESP2,hf/6-31g*,,0.4,O,hf,1,[H:11][c:5]1[c:4]([c:3]([c:2]([c:7]([c:6]1[H:12])[H:13])[O:1][H:8])[H:9])[H:10],,
1,0.5533635813453965,RESP2,hf/6-31g*,,0.4,C,hf,2,[H:11][c:5]1[c:4]([c:3]([c:2]([c:7]([c:6]1[H:12])[H:13])[O:1][H:8])[H:9])[H:10],,
2,-0.3663674637889404,RESP2,hf/6-31g*,,0.4,C,hf,3,[H:11][c:5]1[c:4]([c:3]([c:2]([c:7]([c:6]1[H:12])[H:13])[O:1][H:8])[H:9])[H:10],,
3,-0.05056653846764598,RESP2,hf/6-31g*,,0.4,C,hf,4,[H:11][c:5]1[c:4]([c:3]([c:2]([c:7]([c:6]1[H:12])[H:13])[O:1][H:8])[H:9])[H:10],,
4,-0.25666408170303023,RESP2,hf/6-31g*,,0.4,C,hf,5,[H:11][c:5]1[c:4]([c:3]([c:2]([c:7]([c:6]1[H:12])[H:13])[O:1][H:8])[H:9])[H:10],,
5,-0.05108616962117234,RESP2,hf/6-31g*,,0.4,C,hf,6,[H:11][c:5]1[c:4]([c:3]([c:2]([c:7]([c:6]1[H:12])[H:13])[O:1][H:8])[H:9])[H:10],,
6,-0.36423215183859586,RESP2,hf/6-31g*,,0.4,C,hf,7,[H:11][c:5]1[c:4]([c:3]([c:2]([c:7]([c:6]1[H:12])[H:13])[O:1][H:8])[H:9])[H:10],,
7,0.41565423743493923,RESP2,hf/6-31g*,,0.4,H,hf,8,[H:11][c:5]1[c:4]([c:3]([c:2]([c:7]([c:6]1[H:12])[H:13])[O:1][H:8])[H:9])[H:10],,
8,0.17563052131445736,RESP2,hf/6-31g*,,0.4,H,hf,9,[H:11][c:5]1[c:4]([c:3]([c:2]([c:7]([c:6]1[H:12])[H:13])[O:1][H:8])[H:9])[H:10],,
9,0.13822855879017007,RESP2,hf/6-31g*,,0.4,H,hf,10,[H:11][c:5]1[c:4]([c:3]([c:2]([c:7]([c:6]1[H:12])[H:13])[O:1][H:8])[H:9])[H:10],,
10,0.15860191895962553,RESP2,hf/6-31g*,,0.4,H,hf,11,[H:11][c:5]1[c:4]([c:3]([c:2]([c:7]([c:6]1[H:12])[H:13])[O:1][H:8])[H:9])[H:10],,
11,0.13750079692523648,RESP2,hf/6-31g*,,0.4,H,hf,12,[H:11][c:5]1[c:4]([c:3]([c:2]([c:7]([c:6]1[H:12])[H:13])[O:1][H:8])[H:9])[H:10],,
12,0.1732155505129336,RESP2,hf/6-31g*,,0.4,H,hf,13,[H:11][c:5]1[c:4]([c:3]([c:2]([c:7]([c:6]1[H:12])[H:13])[O:1][H:8])[H:9])[H:10],,
0,-0.6661619410230067,RESP2,hf/6-31g*,,0.45,O,hf,1,[H:11][c:5]1[c:4]([c:3]([c:2]([c:7]([c:6]1[H:12])[H:13])[O:1][H:8])[H:9])[H:10],,
1,0.5539168924446409,RESP2,hf/6-31g*,,0.45,C,hf,2,[H:11][c:5]1[c:4]([c:3]([c:2]([c:7]([c:6]1[H:12])[H:13])[O:1][H:8])[H:9])[H:10],,
2,-0.36678530990926483,RESP2,hf/6-31g*,,0.45,C,hf,3,[H:11][c:5]1[c:4]([c:3]([c:2]([c:7]([c:6]1[H:12])[H:13])[O:1][H:8])[H:9])[H:10],,
3,-0.05087409854754757,RESP2,hf/6-31g*,,0.45,C,hf,4,[H:11][c:5]1[c:4]([c:3]([c:2]([c:7]([c:6]1[H:12])[H:13])[O:1][H:8])[H:9])[H:10],,
4,-0.25662058680172756,RESP2,hf/6-31g*,,0.45,C,hf,5,[H:11][c:5]1[c:4]([c:3]([c:2]([c:7]([c:6]1[H:12])[H:13])[O:1][H:8])[H:9])[H:10],,
5,-0.05127287852427684,RESP2,hf/6-31g*,,0.45,C,hf,6,[H:11][c:5]1[c:4]([c:3]([c:2]([c:7]([c:6]1[H:12])[H:13])[O:1][H:8])[H:9])[H:10],,
6,-0.3645132445194361,RESP2,hf/6-31g*,,0.45,C,hf,7,[H:11][c:5]1[c:4]([c:3]([c:2]([c:7]([c:6]1[H:12])[H:13])[O:1][H:8])[H:9])[H:10],,
7,0.4177056817217323,RESP2,hf/6-31g*,,0.45,H,hf,8,[H:11][c:5]1[c:4]([c:3]([c:2]([c:7]([c:6]1[H:12])[H:13])[O:1][H:8])[H:9])[H:10],,
8,0.1761059190611488,RESP2,hf/6-31g*,,0.45,H,hf,9,[H:11][c:5]1[c:4]([c:3]([c:2]([c:7]([c:6]1[H:12])[H:13])[O:1][H:8])[H:9])[H:10],,
9,0.138573385403926,RESP2,hf/6-31g*,,0.45,H,hf,10,[H:11][c:5]1[c:4]([c:3]([c:2]([c:7]([c:6]1[H:12])[H:13])[O:1][H:8])[H:9])[H:10],,
10,0.15876821816191178,RESP2,hf/6-31g*,,0.45,H,hf,11,[H:11][c:5]1[c:4]([c:3]([c:2]([c:7]([c:6]1[H:12])[H:13])[O:1][H:8])[H:9])[H:10],,
11,0.1377003379512594,RESP2,hf/6-31g*,,0.45,H,hf,12,[H:11][c:5]1[c:4]([c:3]([c:2]([c:7]([c:6]1[H:12])[H:13])[O:1][H:8])[H:9])[H:10],,
12,0.17345762458064046,RESP2,hf/6-31g*,,0.45,H,hf,13,[H:11][c:5]1[c:4]([c:3]([c:2]([c:7]([c:6]1[H:12])[H:13])[O:1][H:8])[H:9])[H:10],,
0,-0.6690451221826395,RESP2,hf/6-31g*,,0.5,O,hf,1,[H:11][c:5]1[c:4]([c:3]([c:2]([c:7]([c:6]1[H:12])[H:13])[O:1][H:8])[H:9])[H:10],,
1,0.5544702035438853,RESP2,hf/6-31g*,,0.5,C,hf,2,[H:11][c:5]1[c:4]([c:3]([c:2]([c:7]([c:6]1[H:12])[H:13])[O:1][H:8])[H:9])[H:10],,
2,-0.36720315602958925,RESP2,hf/6-31g*,,0.5,C,hf,3,[H:11][c:5]1[c:4]([c:3]([c:2]([c:7]([c:6]1[H:12])[H:13])[O:1][H:8])[H:9])[H:10],,
3,-0.05118165862744911,RESP2,hf/6-31g*,,0.5,C,hf,4,[H:11][c:5]1[c:4]([c:3]([c:2]([c:7]([c:6]1[H:12])[H:13])[O:1][H:8])[H:9])[H:10],,
4,-0.2565770919004249,RESP2,hf/6-31g*,,0.5,C,hf,5,[H:11][c:5]1[c:4]([c:3]([c:2]([c:7]([c:6]1[H:12])[H:13])[O:1][H:8])[H:9])[H:10],,
5,-0.051459587427381284,RESP2,hf/6-31g*,,0.5,C,hf,6,[H:11][c:5]1[c:4]([c:3]([c:2]([c:7]([c:6]1[H:12])[H:13])[O:1][H:8])[H:9])[H:10],,
6,-0.3647943372002763,RESP2,hf/6-31g*,,0.5,C,hf,7,[H:11][c:5]1[c:4]([c:3]([c:2]([c:7]([c:6]1[H:12])[H:13])[O:1][H:8])[H:9])[H:10],,
7,0.4197571260085253,RESP2,hf/6-31g*,,0.5,H,hf,8,[H:11][c:5]1[c:4]([c:3]([c:2]([c:7]([c:6]1[H:12])[H:13])[O:1][H:8])[H:9])[H:10],,
8,0.17658131680784028,RESP2,hf/6-31g*,,0.5,H,hf,9,[H:11][c:5]1[c:4]([c:3]([c:2]([c:7]([c:6]1[H:12])[H:13])[O:1][H:8])[H:9])[H:10],,
9,0.13891821201768195,RESP2,hf/6-31g*,,0.5,H,hf,10,[H:11][c:5]1[c:4]([c:3]([c:2]([c:7]([c:6]1[H:12])[H:13])[O:1][H:8])[H:9])[H:10],,
10,0.158934517364198,RESP2,hf/6-31g*,,0.5,H,hf,11,[H:11][c:5]1[c:4]([c:3]([c:2]([c:7]([c:6]1[H:12])[H:13])[O:1][H:8])[H:9])[H:10],,
11,0.13789987897728237,RESP2,hf/6-31g*,,0.5,H,hf,12,[H:11][c:5]1[c:4]([c:3]([c:2]([c:7]([c:6]1[H:12])[H:13])[O:1][H:8])[H:9])[H:10],,
12,0.17369969864834733,RESP2,hf/6-31g*,,0.5,H,hf,13,[H:11][c:5]1[c:4]([c:3]([c:2]([c:7]([c:6]1[H:12])[H:13])[O:1][H:8])[H:9])[H:10],,
0,-0.6719283033422722,RESP2,hf/6-31g*,,0.55,O,hf,1,[H:11][c:5]1[c:4]([c:3]([c:2]([c:7]([c:6]1[H:12])[H:13])[O:1][H:8])[H:9])[H:10],,
1,0.5550235146431296,RESP2,hf/6-31g*,,0.55,C,hf,2,[H:11][c:5]1[c:4]([c:3]([c:2]([c:7]([c:6]1[H:12])[H:13])[O:1][H:8])[H:9])[H:10],,
2,-0.3676210021499137,RESP2,hf/6-31g*,,0.55,C,hf,3,[H:11][c:5]1[c:4]([c:3]([c:2]([c:7]([c:6]1[H:12])[H:13])[O:1][H:8])[H:9])[H:10],,
3,-0.051489218707350674,RESP2,hf/6-31g*,,0.55,C,hf,4,[H:11][c:5]1[c:4]([c:3]([c:2]([c:7]([c:6]1[H:12])[H:13])[O:1][H:8])[H:9])[H:10],,
4,-0.2565335969991222,RESP2,hf/6-31g*,,0.55,C,hf,5,[H:11][c:5]1[c:4]([c:3]([c:2]([c:7]([c:6]1[H:12])[H:13])[O:1][H:8])[H:9])[H:10],,
5,-0.05164629633048575,RESP2,hf/6-31g*,,0.55,C,hf,6,[H:11][c:5]1[c:4]([c:3]([c:2]([c:7]([c:6]1[H:12])[H:13])[O:1][H:8])[H:9])[H:10],,
6,-0.3650754298811166,RESP2,hf/6-31g*,,0.55,C,hf,7,[H:11][c:5]1[c:4]([c:3]([c:2]([c:7]([c:6]1[H:12])[H:13])[O:1][H:8])[H:9])[H:10],,
7,0.4218085702953183,RESP2,hf/6-31g*,,0.55,H,hf,8,[H:11][c:5]1[c:4]([c:3]([c:2]([c:7]([c:6]1[H:12])[H:13])[O:1][H:8])[H:9])[H:10],,
8,0.17705671455453173,RESP2,hf/6-31g*,,0.55,H,hf,9,[H:11][c:5]1[c:4]([c:3]([c:2]([c:7]([c:6]1[H:12])[H:13])[O:1][H:8])[H:9])[H:10],,
9,0.13926303863143788,RESP2,hf/6-31g*,,0.55,H,hf,10,[H:11][c:5]1[c:4]([c:3]([c:2]([c:7]([c:6]1[H:12])[H:13])[O:1][H:8])[H:9])[H:10],,
10,0.1591008165664842,RESP2,hf/6-31g*,,0.55,H,hf,11,[H:11][c:5]1[c:4]([c:3]([c:2]([c:7]([c:6]1[H:12])[H:13])[O:1][H:8])[H:9])[H:10],,
11,0.1380994200033053,RESP2,hf/6-31g*,,0.55,H,hf,12,[H:11][c:5]1[c:4]([c:3]([c:2]([c:7]([c:6]1[H:12])[H:13])[O:1][H:8])[H:9])[H:10],,
12,0.1739417727160542,RESP2,hf/6-31g*,,0.55,H,hf,13,[H:11][c:5]1[c:4]([c:3]([c:2]([c:7]([c:6]1[H:12])[H:13])[O:1][H:8])[H:9])[H:10],,
0,-0.6748114845019051,RESP2,hf/6-31g*,,0.6000000000000001,O,hf,1,[H:11][c:5]1[c:4]([c:3]([c:2]([c:7]([c:6]1[H:12])[H:13])[O:1][H:8])[H:9])[H:10],,
1,0.555576825742374,RESP2,hf/6-31g*,,0.6000000000000001,C,hf,2,[H:11][c:5]1[c:4]([c:3]([c:2]([c:7]([c:6]1[H:12])[H:13])[O:1][H:8])[H:9])[H:10],,
2,-0.36803884827023814,RESP2,hf/6-31g*,,0.6000000000000001,C,hf,3,[H:11][c:5]1[c:4]([c:3]([c:2]([c:7]([c:6]1[H:12])[H:13])[O:1][H:8])[H:9])[H:10],,
3,-0.05179677878725225,RESP2,hf/6-31g*,,0.6000000000000001,C,hf,4,[H:11][c:5]1[c:4]([c:3]([c:2]([c:7]([c:6]1[H:12])[H:13])[O:1][H:8])[H:9])[H:10],,
4,-0.25649010209781953,RESP2,hf/6-31g*,,0.6000000000000001,C,hf,5,[H:11][c:5]1[c:4]([c:3]([c:2]([c:7]([c:6]1[H:12])[H:13])[O:1][H:8])[H:9])[H:10],,
5,-0.051833005233590246,RESP2,hf/6-31g*,,0.6000000000000001,C,hf,6,[H:11][c:5]1[c:4]([c:3]([c:2]([c:7]([c:6]1[H:12])[H:13])[O:1][H:8])[H:9])[H:10],,
6,-0.36535652256195683,RESP2,hf/6-31g*,,0.6000000000000001,C,hf,7,[H:11][c:5]1[c:4]([c:3]([c:2]([c:7]([c:6]1[H:12])[H:13])[O:1][H:8])[H:9])[H:10],,
7,0.4238600145821113,RESP2,hf/6-31g*,,0.6000000000000001,H,hf,8,[H:11][c:5]1[c:4]([c:3]([c:2]([c:7]([c:6]1[H:12])[H:13])[O:1][H:8])[H:9])[H:10],,
8,0.17753211230122315,RESP2,hf/6-31g*,,0.6000000000000001,H,hf,9,[H:11][c:5]1[c:4]([c:3]([c:2]([c:7]([c:6]1[H:12])[H:13])[O:1][H:8])[H:9])[H:10],,
9,0.13960786524519378,RESP2,hf/6-31g*,,0.6000000000000001,H,hf,10,[H:11][c:5]1[c:4]([c:3]([c:2]([c:7]([c:6]1[H:12])[H:13])[O:1][H:8])[H:9])[H:10],,
10,0.15926711576877042,RESP2,hf/6-31g*,,0.6000000000000001,H,hf,11,[H:11][c:5]1[c:4]([c:3]([c:2]([c:7]([c:6]1[H:12])[H:13])[O:1][H:8])[H:9])[H:10],,
11,0.1382989610293282,RESP2,hf/6-31g*,,0.6000000000000001,H,hf,12,[H:11][c:5]1[c:4]([c:3]([c:2]([c:7]([c:6]1[H:12])[H:13])[O:1][H:8])[H:9])[H:10],,
12,0.17418384678376106,RESP2,hf/6-31g*,,0.6000000000000001,H,hf,13,[H:11][c:5]1[c:4]([c:3]([c:2]([c:7]([c:6]1[H:12])[H:13])[O:1][H:8])[H:9])[H:10],,
0,-0.6776946656615378,RESP2,hf/6-31g*,,0.65,O,hf,1,[H:11][c:5]1[c:4]([c:3]([c:2]([c:7]([c:6]1[H:12])[H:13])[O:1][H:8])[H:9])[H:10],,
1,0.5561301368416184,RESP2,hf/6-31g*,,0.65,C,hf,2,[H:11][c:5]1[c:4]([c:3]([c:2]([c:7]([c:6]1[H:12])[H:13])[O:1][H:8])[H:9])[H:10],,
2,-0.3684566943905625,RESP2,hf/6-31g*,,0.65,C,hf,3,[H:11][c:5]1[c:4]([c:3]([c:2]([c:7]([c:6]1[H:12])[H:13])[O:1][H:8])[H:9])[H:10],,
3,-0.05210433886715385,RESP2,hf/6-31g*,,0.65,C,hf,4,[H:11][c:5]1[c:4]([c:3]([c:2]([c:7]([c:6]1[H:12])[H:13])[O:1][H:8])[H:9])[H:10],,
4,-0.25644660719651685,RESP2,hf/6-31g*,,0.65,C,hf,5,[H:11][c:5]1[c:4]([c:3]([c:2]([c:7]([c:6]1[H:12])[H:13])[O:1][H:8])[H:9])[H:10],,
5,-0.05201971413669475,RESP2,hf/6-31g*,,0.65,C,hf,6,[H:11][c:5]1[c:4]([c:3]([c:2]([c:7]([c:6]1[H:12])[H:13])[O:1][H:8])[H:9])[H:10],,
6,-0.36563761524279703,RESP2,hf/6-31g*,,0.65,C,hf,7,[H:11][c:5]1[c:4]([c:3]([c:2]([c:7]([c:6]1[H:12])[H:13])[O:1][H:8])[H:9])[H:10],,
7,0.42591145886890447,RESP2,hf/6-31g*,,0.65,H,hf,8,[H:11][c:5]1[c:4]([c:3]([c:2]([c:7]([c:6]1[H:12])[H:13])[O:1][H:8])[H:9])[H:10],,
8,0.17800751004791457,RESP2,hf/6-31g*,,0.65,H,hf,9,[H:11][c:5]1[c:4]([c:3]([c:2]([c:7]([c:6]1[H:12])[H:13])[O:1][H:8])[H:9])[H:10],,
9,0.1399526918589497,RESP2,hf/6-31g*,,0.65,H,hf,10,[H:11][c:5]1[c:4]([c:3]([c:2]([c:7]([c:6]1[H:12])[H:13])[O:1][H:8])[H:9])[H:10],,
10,0.1594334149710566,RESP2,hf/6-31g*,,0.65,H,hf,11,[H:11][c:5]1[c:4]([c:3]([c:2]([c:7]([c:6]1[H:12])[H:13])[O:1][H:8])[H:9])[H:10],,
11,0.1384985020553511,RESP2,hf/6-31g*,,0.65,H,hf,12,[H:11][c:5]1[c:4]([c:3]([c:2]([c:7]([c:6]1[H:12])[H:13])[O:1][H:8])[H:9])[H:10],,
12,0.17442592085146788,RESP2,hf/6-31g*,,0.65,H,hf,13,[H:11][c:5]1[c:4]([c:3]([c:2]([c:7]([c:6]1[H:12])[H:13])[O:1][H:8])[H:9])[H:10],,
0,-0.6805778468211706,RESP2,hf/6-31g*,,0.7000000000000001,O,hf,1,[H:11][c:5]1[c:4]([c:3]([c:2]([c:7]([c:6]1[H:12])[H:13])[O:1][H:8])[H:9])[H:10],,
1,0.5566834479408628,RESP2,hf/6-31g*,,0.7000000000000001,C,hf,2,[H:11][c:5]1[c:4]([c:3]([c:2]([c:7]([c:6]1[H:12])[H:13])[O:1][H:8])[H:9])[H:10],,
2,-0.3688745405108869,RESP2,hf/6-31g*,,0.7000000000000001,C,hf,3,[H:11][c:5]1[c:4]([c:3]([c:2]([c:7]([c:6]1[H:12])[H:13])[O:1][H:8])[H:9])[H:10],,
3,-0.05241189894705537,RESP2,hf/6-31g*,,0.7000000000000001,C,hf,4,[H:11][c:5]1[c:4]([c:3]([c:2]([c:7]([c:6]1[H:12])[H:13])[O:1][H:8])[H:9])[H:10],,
4,-0.2564031122952142,RESP2,hf/6-31g*,,0.7000000000000001,C,hf,5,[H:11][c:5]1[c:4]([c:3]([c:2]([c:7]([c:6]1[H:12])[H:13])[O:1][H:8])[H:9])[H:10],,
5,-0.052206423039799166,RESP2,hf/6-31g*,,0.7000000000000001,C,hf,6,[H:11][c:5]1[c:4]([c:3]([c:2]([c:7]([c:6]1[H:12])[H:13])[O:1][H:8])[H:9])[H:10],,
6,-0.3659187079236373,RESP2,hf/6-31g*,,0.7000000000000001,C,hf,7,[H:11][c:5]1[c:4]([c:3]([c:2]([c:7]([c:6]1[H:12])[H:13])[O:1][H:8])[H:9])[H:10],,
7,0.4279629031556975,RESP2,hf/6-31g*,,0.7000000000000001,H,hf,8,[H:11][c:5]1[c:4]([c:3]([c:2]([c:7]([c:6]1[H:12])[H:13])[O:1][H:8])[H:9])[H:10],,
8,0.17848290779460607,RESP2,hf/6-31g*,,0.7000000000000001,H,hf,9,[H:11][c:5]1[c:4]([c:3]([c:2]([c:7]([c:6]1[H:12])[H:13])[O:1][H:8])[H:9])[H:10],,
9,0.1402975184727057,RESP2,hf/6-31g*,,0.7000000000000001,H,hf,10,[H:11][c:5]1[c:4]([c:3]([c:2]([c:7]([c:6]1[H:12])[H:13])[O:1][H:8])[H:9])[H:10],,
10,0.15959971417334287,RESP2,hf/6-31g*,,0.7000000000000001,H,hf,11,[H:11][c:5]1[c:4]([c:3]([c:2]([c:7]([c:6]1[H:12])[H:13])[O:1][H:8])[H:9])[H:10],,
11,0.13869804308137407,RESP2,hf/6-31g*,,0.7000000000000001,H,hf,12,[H:11][c:5]1[c:4]([c:3]([c:2]([c:7]([c:6]1[H:12])[H:13])[O:1][H:8])[H:9])[H:10],,
12,0.17466799491917478,RESP2,hf/6-31g*,,0.7000000000000001,H,hf,13,[H:11][c:5]1[c:4]([c:3]([c:2]([c:7]([c:6]1[H:12])[H:13])[O:1][H:8])[H:9])[H:10],,
0,-0.6834610279808033,RESP2,hf/6-31g*,,0.75,O,hf,1,[H:11][c:5]1[c:4]([c:3]([c:2]([c:7]([c:6]1[H:12])[H:13])[O:1][H:8])[H:9])[H:10],,
1,0.5572367590401072,RESP2,hf/6-31g*,,0.75,C,hf,2,[H:11][c:5]1[c:4]([c:3]([c:2]([c:7]([c:6]1[H:12])[H:13])[O:1][H:8])[H:9])[H:10],,
2,-0.3692923866312114,RESP2,hf/6-31g*,,0.75,C,hf,3,[H:11][c:5]1[c:4]([c:3]([c:2]([c:7]([c:6]1[H:12])[H:13])[O:1][H:8])[H:9])[H:10],,
3,-0.05271945902695694,RESP2,hf/6-31g*,,0.75,C,hf,4,[H:11][c:5]1[c:4]([c:3]([c:2]([c:7]([c:6]1[H:12])[H:13])[O:1][H:8])[H:9])[H:10],,
4,-0.2563596173939115,RESP2,hf/6-31g*,,0.75,C,hf,5,[H:11][c:5]1[c:4]([c:3]([c:2]([c:7]([c:6]1[H:12])[H:13])[O:1][H:8])[H:9])[H:10],,
5,-0.05239313194290365,RESP2,hf/6-31g*,,0.75,C,hf,6,[H:11][c:5]1[c:4]([c:3]([c:2]([c:7]([c:6]1[H:12])[H:13])[O:1][H:8])[H:9])[H:10],,
6,-0.3661998006044776,RESP2,hf/6-31g*,,0.75,C,hf,7,[H:11][c:5]1[c:4]([c:3]([c:2]([c:7]([c:6]1[H:12])[H:13])[O:1][H:8])[H:9])[H:10],,
7,0.4300143474424905,RESP2,hf/6-31g*,,0.75,H,hf,8,[H:11][c:5]1[c:4]([c:3]([c:2]([c:7]([c:6]1[H:12])[H:13])[O:1][H:8])[H:9])[H:10],,
8,0.1789583055412975,RESP2,hf/6-31g*,,0.75,H,hf,9,[H:11][c:5]1[c:4]([c:3]([c:2]([c:7]([c:6]1[H:12])[H:13])[O:1][H:8])[H:9])[H:10],,
9,0.1406423450864616,RESP2,hf/6-31g*,,0.75,H,hf,10,[H:11][c:5]1[c:4]([c:3]([c:2]([c:7]([c:6]1[H:12])[H:13])[O:1][H:8])[H:9])[H:10],,
10,0.15976601337562907,RESP2,hf/6-31g*,,0.75,H,hf,11,[H:11][c:5]1[c:4]([c:3]([c:2]([c:7]([c:6]1[H:12])[H:13])[O:1][H:8])[H:9])[H:10],,
11,0.138897584107397,RESP2,hf/6-31g*,,0.75,H,hf,12,[H:11][c:5]1[c:4]([c:3]([c:2]([c:7]([c:6]1[H:12])[H:13])[O:1][H:8])[H:9])[H:10],,
12,0.17491006898688163,RESP2,hf/6-31g*,,0.75,H,hf,13,[H:11][c:5]1[c:4]([c:3]([c:2]([c:7]([c:6]1[H:12])[H:13])[O:1][H:8])[H:9])[H:10],,
0,-0.6863442091404361,RESP2,hf/6-31g*,,0.8,O,hf,1,[H:11][c:5]1[c:4]([c:3]([c:2]([c:7]([c:6]1[H:12])[H:13])[O:1][H:8])[H:9])[H:10],,
1,0.5577900701393514,RESP2,hf/6-31g*,,0.8,C,hf,2,[H:11][c:5]1[c:4]([c:3]([c:2]([c:7]([c:6]1[H:12])[H:13])[O:1][H:8])[H:9])[H:10],,
2,-0.3697102327515358,RESP2,hf/6-31g*,,0.8,C,hf,3,[H:11][c:5]1[c:4]([c:3]([c:2]([c:7]([c:6]1[H:12])[H:13])[O:1][H:8])[H:9])[H:10],,
3,-0.0530270191068585,RESP2,hf/6-31g*,,0.8,C,hf,4,[H:11][c:5]1[c:4]([c:3]([c:2]([c:7]([c:6]1[H:12])[H:13])[O:1][H:8])[H:9])[H:10],,
4,-0.25631612249260877,RESP2,hf/6-31g*,,0.8,C,hf,5,[H:11][c:5]1[c:4]([c:3]([c:2]([c:7]([c:6]1[H:12])[H:13])[O:1][H:8])[H:9])[H:10],,
5,-0.052579840846008113,RESP2,hf/6-31g*,,0.8,C,hf,6,[H:11][c:5]1[c:4]([c:3]([c:2]([c:7]([c:6]1[H:12])[H:13])[O:1][H:8])[H:9])[H:10],,
6,-0.3664808932853178,RESP2,hf/6-31g*,,0.8,C,hf,7,[H:11][c:5]1[c:4]([c:3]([c:2]([c:7]([c:6]1[H:12])[H:13])[O:1][H:8])[H:9])[H:10],,
7,0.43206579172928355,RESP2,hf/6-31g*,,0.8,H,hf,8,[H:11][c:5]1[c:4]([c:3]([c:2]([c:7]([c:6]1[H:12])[H:13])[O:1][H:8])[H:9])[H:10],,
8,0.17943370328798897,RESP2,hf/6-31g*,,0.8,H,hf,9,[H:11][c:5]1[c:4]([c:3]([c:2]([c:7]([c:6]1[H:12])[H:13])[O:1][H:8])[H:9])[H:10],,
9,0.14098717170021757,RESP2,hf/6-31g*,,0.8,H,hf,10,[H:11][c:5]1[c:4]([c:3]([c:2]([c:7]([c:6]1[H:12])[H:13])[O:1][H:8])[H:9])[H:10],,
10,0.15993231257791532,RESP2,hf/6-31g*,,0.8,H,hf,11,[H:11][c:5]1[c:4]([c:3]([c:2]([c:7]([c:6]1[H:12])[H:13])[O:1][H:8])[H:9])[H:10],,
11,0.13909712513341993,RESP2,hf/6-31g*,,0.8,H,hf,12,[H:11][c:5]1[c:4]([c:3]([c:2]([c:7]([c:6]1[H:12])[H:13])[O:1][H:8])[H:9])[H:10],,
12,0.1751521430545885,RESP2,hf/6-31g*,,0.8,H,hf,13,[H:11][c:5]1[c:4]([c:3]([c:2]([c:7]([c:6]1[H:12])[H:13])[O:1][H:8])[H:9])[H:10],,
0,-0.689227390300069,RESP2,hf/6-31g*,,0.8500000000000001,O,hf,1,[H:11][c:5]1[c:4]([c:3]([c:2]([c:7]([c:6]1[H:12])[H:13])[O:1][H:8])[H:9])[H:10],,
1,0.5583433812385958,RESP2,hf/6-31g*,,0.8500000000000001,C,hf,2,[H:11][c:5]1[c:4]([c:3]([c:2]([c:7]([c:6]1[H:12])[H:13])[O:1][H:8])[H:9])[H:10],,
2,-0.3701280788718603,RESP2,hf/6-31g*,,0.8500000000000001,C,hf,3,[H:11][c:5]1[c:4]([c:3]([c:2]([c:7]([c:6]1[H:12])[H:13])[O:1][H:8])[H:9])[H:10],,
3,-0.05333457918676007,RESP2,hf/6-31g*,,0.8500000000000001,C,hf,4,[H:11][c:5]1[c:4]([c:3]([c:2]([c:7]([c:6]1[H:12])[H:13])[O:1][H:8])[H:9])[H:10],,
4,-0.2562726275913061,RESP2,hf/6-31g*,,0.8500000000000001,C,hf,5,[H:11][c:5]1[c:4]([c:3]([c:2]([c:7]([c:6]1[H:12])[H:13])[O:1][H:8])[H:9])[H:10],,
5,-0.052766549749112594,RESP2,hf/6-31g*,,0.8500000000000001,C,hf,6,[H:11][c:5]1[c:4]([c:3]([c:2]([c:7]([c:6]1[H:12])[H:13])[O:1][H:8])[H:9])[H:10],,
6,-0.36676198596615806,RESP2,hf/6-31g*,,0.8500000000000001,C,hf,7,[H:11][c:5]1[c:4]([c:3]([c:2]([c:7]([c:6]1[H:12])[H:13])[O:1][H:8])[H:9])[H:10],,
7,0.43411723601607655,RESP2,hf/6-31g*,,0.8500000000000001,H,hf,8,[H:11][c:5]1[c:4]([c:3]([c:2]([c:7]([c:6]1[H:12])[H:13])[O:1][H:8])[H:9])[H:10],,
8,0.1799091010346804,RESP2,hf/6-31g*,,0.8500000000000001,H,hf,9,[H:11][c:5]1[c:4]([c:3]([c:2]([c:7]([c:6]1[H:12])[H:13])[O:1][H:8])[H:9])[H:10],,
9,0.1413319983139735,RESP2,hf/6-31g*,,0.8500000000000001,H,hf,10,[H:11][c:5]1[c:4]([c:3]([c:2]([c:7]([c:6]1[H:12])[H:13])[O:1][H:8])[H:9])[H:10],,
10,0.16009861178020154,RESP2,hf/6-31g*,,0.8500000000000001,H,hf,11,[H:11][c:5]1[c:4]([c:3]([c:2]([c:7]([c:6]1[H:12])[H:13])[O:1][H:8])[H:9])[H:10],,
11,0.13929666615944286,RESP2,hf/6-31g*,,0.8500000000000001,H,hf,12,[H:11][c:5]1[c:4]([c:3]([c:2]([c:7]([c:6]1[H:12])[H:13])[O:1][H:8])[H:9])[H:10],,
12,0.1753942171222954,RESP2,hf/6-31g*,,0.8500000000000001,H,hf,13,[H:11][c:5]1[c:4]([c:3]([c:2]([c:7]([c:6]1[H:12])[H:13])[O:1][H:8])[H:9])[H:10],,
0,-0.6921105714597018,RESP2,hf/6-31g*,,0.9,O,hf,1,[H:11][c:5]1[c:4]([c:3]([c:2]([c:7]([c:6]1[H:12])[H:13])[O:1][H:8])[H:9])[H:10],,
1,0.5588966923378402,RESP2,hf/6-31g*,,0.9,C,hf,2,[H:11][c:5]1[c:4]([c:3]([c:2]([c:7]([c:6]1[H:12])[H:13])[O:1][H:8])[H:9])[H:10],,
2,-0.37054592499218464,RESP2,hf/6-31g*,,0.9,C,hf,3,[H:11][c:5]1[c:4]([c:3]([c:2]([c:7]([c:6]1[H:12])[H:13])[O:1][H:8])[H:9])[H:10],,
3,-0.05364213926666167,RESP2,hf/6-31g*,,0.9,C,hf,4,[H:11][c:5]1[c:4]([c:3]([c:2]([c:7]([c:6]1[H:12])[H:13])[O:1][H:8])[H:9])[H:10],,
4,-0.25622913269000347,RESP2,hf/6-31g*,,0.9,C,hf,5,[H:11][c:5]1[c:4]([c:3]([c:2]([c:7]([c:6]1[H:12])[H:13])[O:1][H:8])[H:9])[H:10],,
5,-0.05295325865221709,RESP2,hf/6-31g*,,0.9,C,hf,6,[H:11][c:5]1[c:4]([c:3]([c:2]([c:7]([c:6]1[H:12])[H:13])[O:1][H:8])[H:9])[H:10],,
6,-0.3670430786469983,RESP2,hf/6-31g*,,0.9,C,hf,7,[H:11][c:5]1[c:4]([c:3]([c:2]([c:7]([c:6]1[H:12])[H:13])[O:1][H:8])[H:9])[H:10],,
7,0.43616868030286965,RESP2,hf/6-31g*,,0.9,H,hf,8,[H:11][c:5]1[c:4]([c:3]([c:2]([c:7]([c:6]1[H:12])[H:13])[O:1][H:8])[H:9])[H:10],,
8,0.18038449878137183,RESP2,hf/6-31g*,,0.9,H,hf,9,[H:11][c:5]1[c:4]([c:3]([c:2]([c:7]([c:6]1[H:12])[H:13])[O:1][H:8])[H:9])[H:10],,
9,0.1416768249277294,RESP2,hf/6-31g*,,0.9,H,hf,10,[H:11][c:5]1[c:4]([c:3]([c:2]([c:7]([c:6]1[H:12])[H:13])[O:1][H:8])[H:9])[H:10],,
10,0.16026491098248774,RESP2,hf/6-31g*,,0.9,H,hf,11,[H:11][c:5]1[c:4]([c:3]([c:2]([c:7]([c:6]1[H:12])[H:13])[O:1][H:8])[H:9])[H:10],,
11,0.1394962071854658,RESP2,hf/6-31g*,,0.9,H,hf,12,[H:11][c:5]1[c:4]([c:3]([c:2]([c:7]([c:6]1[H:12])[H:13])[O:1][H:8])[H:9])[H:10],,
12,0.1756362911900022,RESP2,hf/6-31g*,,0.9,H,hf,13,[H:11][c:5]1[c:4]([c:3]([c:2]([c:7]([c:6]1[H:12])[H:13])[O:1][H:8])[H:9])[H:10],,
0,-0.6949937526193345,RESP2,hf/6-31g*,,0.9500000000000001,O,hf,1,[H:11][c:5]1[c:4]([c:3]([c:2]([c:7]([c:6]1[H:12])[H:13])[O:1][H:8])[H:9])[H:10],,
1,0.5594500034370845,RESP2,hf/6-31g*,,0.9500000000000001,C,hf,2,[H:11][c:5]1[c:4]([c:3]([c:2]([c:7]([c:6]1[H:12])[H:13])[O:1][H:8])[H:9])[H:10],,
2,-0.37096377111250906,RESP2,hf/6-31g*,,0.9500000000000001,C,hf,3,[H:11][c:5]1[c:4]([c:3]([c:2]([c:7]([c:6]1[H:12])[H:13])[O:1][H:8])[H:9])[H:10],,
3,-0.053949699346563226,RESP2,hf/6-31g*,,0.9500000000000001,C,hf,4,[H:11][c:5]1[c:4]([c:3]([c:2]([c:7]([c:6]1[H:12])[H:13])[O:1][H:8])[H:9])[H:10],,
4,-0.2561856377887008,RESP2,hf/6-31g*,,0.9500000000000001,C,hf,5,[H:11][c:5]1[c:4]([c:3]([c:2]([c:7]([c:6]1[H:12])[H:13])[O:1][H:8])[H:9])[H:10],,
5,-0.05313996755532155,RESP2,hf/6-31g*,,0.9500000000000001,C,hf,6,[H:11][c:5]1[c:4]([c:3]([c:2]([c:7]([c:6]1[H:12])[H:13])[O:1][H:8])[H:9])[H:10],,
6,-0.36732417132783857,RESP2,hf/6-31g*,,0.9500000000000001,C,hf,7,[H:11][c:5]1[c:4]([c:3]([c:2]([c:7]([c:6]1[H:12])[H:13])[O:1][H:8])[H:9])[H:10],,
7,0.4382201245896627,RESP2,hf/6-31g*,,0.9500000000000001,H,hf,8,[H:11][c:5]1[c:4]([c:3]([c:2]([c:7]([c:6]1[H:12])[H:13])[O:1][H:8])[H:9])[H:10],,
8,0.18085989652806328,RESP2,hf/6-31g*,,0.9500000000000001,H,hf,9,[H:11][c:5]1[c:4]([c:3]([c:2]([c:7]([c:6]1[H:12])[H:13])[O:1][H:8])[H:9])[H:10],,
9,0.14202165154148536,RESP2,hf/6-31g*,,0.9500000000000001,H,hf,10,[H:11][c:5]1[c:4]([c:3]([c:2]([c:7]([c:6]1[H:12])[H:13])[O:1][H:8])[H:9])[H:10],,
10,0.16043121018477394,RESP2,hf/6-31g*,,0.9500000000000001,H,hf,11,[H:11][c:5]1[c:4]([c:3]([c:2]([c:7]([c:6]1[H:12])[H:13])[O:1][H:8])[H:9])[H:10],,
11,0.13969574821148872,RESP2,hf/6-31g*,,0.9500000000000001,H,hf,12,[H:11][c:5]1[c:4]([c:3]([c:2]([c:7]([c:6]1[H:12])[H:13])[O:1][H:8])[H:9])[H:10],,
12,0.17587836525770906,RESP2,hf/6-31g*,,0.9500000000000001,H,hf,13,[H:11][c:5]1[c:4]([c:3]([c:2]([c:7]([c:6]1[H:12])[H:13])[O:1][H:8])[H:9])[H:10],,
0,-0.6978769337789673,RESP2,hf/6-31g*,,1.0,O,hf,1,[H:11][c:5]1[c:4]([c:3]([c:2]([c:7]([c:6]1[H:12])[H:13])[O:1][H:8])[H:9])[H:10],,
1,0.5600033145363289,RESP2,hf/6-31g*,,1.0,C,hf,2,[H:11][c:5]1[c:4]([c:3]([c:2]([c:7]([c:6]1[H:12])[H:13])[O:1][H:8])[H:9])[H:10],,
2,-0.37138161723283347,RESP2,hf/6-31g*,,1.0,C,hf,3,[H:11][c:5]1[c:4]([c:3]([c:2]([c:7]([c:6]1[H:12])[H:13])[O:1][H:8])[H:9])[H:10],,
3,-0.054257259426464775,RESP2,hf/6-31g*,,1.0,C,hf,4,[H:11][c:5]1[c:4]([c:3]([c:2]([c:7]([c:6]1[H:12])[H:13])[O:1][H:8])[H:9])[H:10],,
4,-0.25614214288739806,RESP2,hf/6-31g*,,1.0,C,hf,5,[H:11][c:5]1[c:4]([c:3]([c:2]([c:7]([c:6]1[H:12])[H:13])[O:1][H:8])[H:9])[H:10],,
5,-0.05332667645842601,RESP2,hf/6-31g*,,1.0,C,hf,6,[H:11][c:5]1[c:4]([c:3]([c:2]([c:7]([c:6]1[H:12])[H:13])[O:1][H:8])[H:9])[H:10],,
6,-0.36760526400867877,RESP2,hf/6-31g*,,1.0,C,hf,7,[H:11][c:5]1[c:4]([c:3]([c:2]([c:7]([c:6]1[H:12])[H:13])[O:1][H:8])[H:9])[H:10],,
7,0.44027156887645574,RESP2,hf/6-31g*,,1.0,H,hf,8,[H:11][c:5]1[c:4]([c:3]([c:2]([c:7]([c:6]1[H:12])[H:13])[O:1][H:8])[H:9])[H:10],,
8,0.18133529427475473,RESP2,hf/6-31g*,,1.0,H,hf,9,[H:11][c:5]1[c:4]([c:3]([c:2]([c:7]([c:6]1[H:12])[H:13])[O:1][H:8])[H:9])[H:10],,
9,0.14236647815524128,RESP2,hf/6-31g*,,1.0,H,hf,10,[H:11][c:5]1[c:4]([c:3]([c:2]([c:7]([c:6]1[H:12])[H:13])[O:1][H:8])[H:9])[H:10],,
10,0.16059750938706016,RESP2,hf/6-31g*,,1.0,H,hf,11,[H:11][c:5]1[c:4]([c:3]([c:2]([c:7]([c:6]1[H:12])[H:13])[O:1][H:8])[H:9])[H:10],,
11,0.13989528923751163,RESP2,hf/6-31g*,,1.0,H,hf,12,[H:11][c:5]1[c:4]([c:3]([c:2]([c:7]([c:6]1[H:12])[H:13])[O:1][H:8])[H:9])[H:10],,
12,0.17612043932541593,RESP2,hf/6-31g*,,1.0,H,hf,13,[H:11][c:5]1[c:4]([c:3]([c:2]([c:7]([c:6]1[H:12])[H:13])[O:1][H:8])[H:9])[H:10],,
0,-0.6424048810633645,RESP2,hf/6-31g*,1.0,0.0,O,resp2,1,[H:11][c:5]1[c:4]([c:3]([c:2]([c:7]([c:6]1[H:12])[H:13])[O:1][H:8])[H:9])[H:10],,
1,0.5602928937577947,RESP2,hf/6-31g*,1.0,0.0,C,resp2,2,[H:11][c:5]1[c:4]([c:3]([c:2]([c:7]([c:6]1[H:12])[H:13])[O:1][H:8])[H:9])[H:10],,
2,-0.3802029762257759,RESP2,hf/6-31g*,1.0,0.0,C,resp2,3,[H:11][c:5]1[c:4]([c:3]([c:2]([c:7]([c:6]1[H:12])[H:13])[O:1][H:8])[H:9])[H:10],,
3,-0.03205135755247408,RESP2,hf/6-31g*,1.0,0.0,C,resp2,4,[H:11][c:5]1[c:4]([c:3]([c:2]([c:7]([c:6]1[H:12])[H:13])[O:1][H:8])[H:9])[H:10],,
4,-0.297609151555309,RESP2,hf/6-31g*,1.0,0.0,C,resp2,5,[H:11][c:5]1[c:4]([c:3]([c:2]([c:7]([c:6]1[H:12])[H:13])[O:1][H:8])[H:9])[H:10],,
5,-0.033747343299223284,RESP2,hf/6-31g*,1.0,0.0,C,resp2,6,[H:11][c:5]1[c:4]([c:3]([c:2]([c:7]([c:6]1[H:12])[H:13])[O:1][H:8])[H:9])[H:10],,
6,-0.3799069709509575,RESP2,hf/6-31g*,1.0,0.0,C,resp2,7,[H:11][c:5]1[c:4]([c:3]([c:2]([c:7]([c:6]1[H:12])[H:13])[O:1][H:8])[H:9])[H:10],,
7,0.40408300224081606,RESP2,hf/6-31g*,1.0,0.0,H,resp2,8,[H:11][c:5]1[c:4]([c:3]([c:2]([c:7]([c:6]1[H:12])[H:13])[O:1][H:8])[H:9])[H:10],,
8,0.1768880097893705,RESP2,hf/6-31g*,1.0,0.0,H,resp2,9,[H:11][c:5]1[c:4]([c:3]([c:2]([c:7]([c:6]1[H:12])[H:13])[O:1][H:8])[H:9])[H:10],,
9,0.13777342161624323,RESP2,hf/6-31g*,1.0,0.0,H,resp2,10,[H:11][c:5]1[c:4]([c:3]([c:2]([c:7]([c:6]1[H:12])[H:13])[O:1][H:8])[H:9])[H:10],,
10,0.1719302864962401,RESP2,hf/6-31g*,1.0,0.0,H,resp2,11,[H:11][c:5]1[c:4]([c:3]([c:2]([c:7]([c:6]1[H:12])[H:13])[O:1][H:8])[H:9])[H:10],,
11,0.13837007304256896,RESP2,hf/6-31g*,1.0,0.0,H,resp2,12,[H:11][c:5]1[c:4]([c:3]([c:2]([c:7]([c:6]1[H:12])[H:13])[O:1][H:8])[H:9])[H:10],,
12,0.17658499370407071,RESP2,hf/6-31g*,1.0,0.0,H,resp2,13,[H:11][c:5]1[c:4]([c:3]([c:2]([c:7]([c:6]1[H:12])[H:13])[O:1][H:8])[H:9])[H:10],,
0,-0.6452731337510462,RESP2,hf/6-31g*,1.0,0.05,O,resp2,1,[H:11][c:5]1[c:4]([c:3]([c:2]([c:7]([c:6]1[H:12])[H:13])[O:1][H:8])[H:9])[H:10],,
1,0.5608363885438437,RESP2,hf/6-31g*,1.0,0.05,C,resp2,2,[H:11][c:5]1[c:4]([c:3]([c:2]([c:7]([c:6]1[H:12])[H:13])[O:1][H:8])[H:9])[H:10],,
2,-0.38058096595909047,RESP2,hf/6-31g*,1.0,0.05,C,resp2,3,[H:11][c:5]1[c:4]([c:3]([c:2]([c:7]([c:6]1[H:12])[H:13])[O:1][H:8])[H:9])[H:10],,
3,-0.03250332402145686,RESP2,hf/6-31g*,1.0,0.05,C,resp2,4,[H:11][c:5]1[c:4]([c:3]([c:2]([c:7]([c:6]1[H:12])[H:13])[O:1][H:8])[H:9])[H:10],,
4,-0.2973634217948727,RESP2,hf/6-31g*,1.0,0.05,C,resp2,5,[H:11][c:5]1[c:4]([c:3]([c:2]([c:7]([c:6]1[H:12])[H:13])[O:1][H:8])[H:9])[H:10],,
5,-0.03406887310068684,RESP2,hf/6-31g*,1.0,0.05,C,resp2,6,[H:11][c:5]1[c:4]([c:3]([c:2]([c:7]([c:6]1[H:12])[H:13])[O:1][H:8])[H:9])[H:10],,
6,-0.38012754129369436,RESP2,hf/6-31g*,1.0,0.05,C,resp2,7,[H:11][c:5]1[c:4]([c:3]([c:2]([c:7]([c:6]1[H:12])[H:13])[O:1][H:8])[H:9])[H:10],,
7,0.4060900735701787,RESP2,hf/6-31g*,1.0,0.05,H,resp2,8,[H:11][c:5]1[c:4]([c:3]([c:2]([c:7]([c:6]1[H:12])[H:13])[O:1][H:8])[H:9])[H:10],,
8,0.17737652256570707,RESP2,hf/6-31g*,1.0,0.05,H,resp2,9,[H:11][c:5]1[c:4]([c:3]([c:2]([c:7]([c:6]1[H:12])[H:13])[O:1][H:8])[H:9])[H:10],,
9,0.13814540096622208,RESP2,hf/6-31g*,1.0,0.05,H,resp2,10,[H:11][c:5]1[c:4]([c:3]([c:2]([c:7]([c:6]1[H:12])[H:13])[O:1][H:8])[H:9])[H:10],,
10,0.17204768439113796,RESP2,hf/6-31g*,1.0,0.05,H,resp2,11,[H:11][c:5]1[c:4]([c:3]([c:2]([c:7]([c:6]1[H:12])[H:13])[O:1][H:8])[H:9])[H:10],,
11,0.1385890696594188,RESP2,hf/6-31g*,1.0,0.05,H,resp2,12,[H:11][c:5]1[c:4]([c:3]([c:2]([c:7]([c:6]1[H:12])[H:13])[O:1][H:8])[H:9])[H:10],,
12,0.1768321202243394,RESP2,hf/6-31g*,1.0,0.05,H,resp2,13,[H:11][c:5]1[c:4]([c:3]([c:2]([c:7]([c:6]1[H:12])[H:13])[O:1][H:8])[H:9])[H:10],,
0,-0.6481413864387281,RESP2,hf/6-31g*,1.0,0.1,O,resp2,1,[H:11][c:5]1[c:4]([c:3]([c:2]([c:7]([c:6]1[H:12])[H:13])[O:1][H:8])[H:9])[H:10],,
1,0.5613798833298926,RESP2,hf/6-31g*,1.0,0.1,C,resp2,2,[H:11][c:5]1[c:4]([c:3]([c:2]([c:7]([c:6]1[H:12])[H:13])[O:1][H:8])[H:9])[H:10],,
2,-0.3809589556924051,RESP2,hf/6-31g*,1.0,0.1,C,resp2,3,[H:11][c:5]1[c:4]([c:3]([c:2]([c:7]([c:6]1[H:12])[H:13])[O:1][H:8])[H:9])[H:10],,
3,-0.03295529049043967,RESP2,hf/6-31g*,1.0,0.1,C,resp2,4,[H:11][c:5]1[c:4]([c:3]([c:2]([c:7]([c:6]1[H:12])[H:13])[O:1][H:8])[H:9])[H:10],,
4,-0.29711769203443644,RESP2,hf/6-31g*,1.0,0.1,C,resp2,5,[H:11][c:5]1[c:4]([c:3]([c:2]([c:7]([c:6]1[H:12])[H:13])[O:1][H:8])[H:9])[H:10],,
5,-0.03439040290215044,RESP2,hf/6-31g*,1.0,0.1,C,resp2,6,[H:11][c:5]1[c:4]([c:3]([c:2]([c:7]([c:6]1[H:12])[H:13])[O:1][H:8])[H:9])[H:10],,
6,-0.3803481116364312,RESP2,hf/6-31g*,1.0,0.1,C,resp2,7,[H:11][c:5]1[c:4]([c:3]([c:2]([c:7]([c:6]1[H:12])[H:13])[O:1][H:8])[H:9])[H:10],,
7,0.40809714489954135,RESP2,hf/6-31g*,1.0,0.1,H,resp2,8,[H:11][c:5]1[c:4]([c:3]([c:2]([c:7]([c:6]1[H:12])[H:13])[O:1][H:8])[H:9])[H:10],,
8,0.17786503534204362,RESP2,hf/6-31g*,1.0,0.1,H,resp2,9,[H:11][c:5]1[c:4]([c:3]([c:2]([c:7]([c:6]1[H:12])[H:13])[O:1][H:8])[H:9])[H:10],,
9,0.13851738031620084,RESP2,hf/6-31g*,1.0,0.1,H,resp2,10,[H:11][c:5]1[c:4]([c:3]([c:2]([c:7]([c:6]1[H:12])[H:13])[O:1][H:8])[H:9])[H:10],,
10,0.17216508228603578,RESP2,hf/6-31g*,1.0,0.1,H,resp2,11,[H:11][c:5]1[c:4]([c:3]([c:2]([c:7]([c:6]1[H:12])[H:13])[O:1][H:8])[H:9])[H:10],,
11,0.13880806627626863,RESP2,hf/6-31g*,1.0,0.1,H,resp2,12,[H:11][c:5]1[c:4]([c:3]([c:2]([c:7]([c:6]1[H:12])[H:13])[O:1][H:8])[H:9])[H:10],,
12,0.17707924674460807,RESP2,hf/6-31g*,1.0,0.1,H,resp2,13,[H:11][c:5]1[c:4]([c:3]([c:2]([c:7]([c:6]1[H:12])[H:13])[O:1][H:8])[H:9])[H:10],,
0,-0.6510096391264101,RESP2,hf/6-31g*,1.0,0.15000000000000002,O,resp2,1,[H:11][c:5]1[c:4]([c:3]([c:2]([c:7]([c:6]1[H:12])[H:13])[O:1][H:8])[H:9])[H:10],,
1,0.5619233781159415,RESP2,hf/6-31g*,1.0,0.15000000000000002,C,resp2,2,[H:11][c:5]1[c:4]([c:3]([c:2]([c:7]([c:6]1[H:12])[H:13])[O:1][H:8])[H:9])[H:10],,
2,-0.38133694542571966,RESP2,hf/6-31g*,1.0,0.15000000000000002,C,resp2,3,[H:11][c:5]1[c:4]([c:3]([c:2]([c:7]([c:6]1[H:12])[H:13])[O:1][H:8])[H:9])[H:10],,
3,-0.03340725695942247,RESP2,hf/6-31g*,1.0,0.15000000000000002,C,resp2,4,[H:11][c:5]1[c:4]([c:3]([c:2]([c:7]([c:6]1[H:12])[H:13])[O:1][H:8])[H:9])[H:10],,
4,-0.29687196227400026,RESP2,hf/6-31g*,1.0,0.15000000000000002,C,resp2,5,[H:11][c:5]1[c:4]([c:3]([c:2]([c:7]([c:6]1[H:12])[H:13])[O:1][H:8])[H:9])[H:10],,
5,-0.034711932703614015,RESP2,hf/6-31g*,1.0,0.15000000000000002,C,resp2,6,[H:11][c:5]1[c:4]([c:3]([c:2]([c:7]([c:6]1[H:12])[H:13])[O:1][H:8])[H:9])[H:10],,
6,-0.38056868197916804,RESP2,hf/6-31g*,1.0,0.15000000000000002,C,resp2,7,[H:11][c:5]1[c:4]([c:3]([c:2]([c:7]([c:6]1[H:12])[H:13])[O:1][H:8])[H:9])[H:10],,
7,0.41010421622890403,RESP2,hf/6-31g*,1.0,0.15000000000000002,H,resp2,8,[H:11][c:5]1[c:4]([c:3]([c:2]([c:7]([c:6]1[H:12])[H:13])[O:1][H:8])[H:9])[H:10],,
8,0.1783535481183802,RESP2,hf/6-31g*,1.0,0.15000000000000002,H,resp2,9,[H:11][c:5]1[c:4]([c:3]([c:2]([c:7]([c:6]1[H:12])[H:13])[O:1][H:8])[H:9])[H:10],,
9,0.13888935966617968,RESP2,hf/6-31g*,1.0,0.15000000000000002,H,resp2,10,[H:11][c:5]1[c:4]([c:3]([c:2]([c:7]([c:6]1[H:12])[H:13])[O:1][H:8])[H:9])[H:10],,
10,0.17228248018093364,RESP2,hf/6-31g*,1.0,0.15000000000000002,H,resp2,11,[H:11][c:5]1[c:4]([c:3]([c:2]([c:7]([c:6]1[H:12])[H:13])[O:1][H:8])[H:9])[H:10],,
11,0.1390270628931185,RESP2,hf/6-31g*,1.0,0.15000000000000002,H,resp2,12,[H:11][c:5]1[c:4]([c:3]([c:2]([c:7]([c:6]1[H:12])[H:13])[O:1][H:8])[H:9])[H:10],,
12,0.17732637326487677,RESP2,hf/6-31g*,1.0,0.15000000000000002,H,resp2,13,[H:11][c:5]1[c:4]([c:3]([c:2]([c:7]([c:6]1[H:12])[H:13])[O:1][H:8])[H:9])[H:10],,
0,-0.653877891814092,RESP2,hf/6-31g*,1.0,0.2,O,resp2,1,[H:11][c:5]1[c:4]([c:3]([c:2]([c:7]([c:6]1[H:12])[H:13])[O:1][H:8])[H:9])[H:10],,
1,0.5624668729019905,RESP2,hf/6-31g*,1.0,0.2,C,resp2,2,[H:11][c:5]1[c:4]([c:3]([c:2]([c:7]([c:6]1[H:12])[H:13])[O:1][H:8])[H:9])[H:10],,
2,-0.3817149351590342,RESP2,hf/6-31g*,1.0,0.2,C,resp2,3,[H:11][c:5]1[c:4]([c:3]([c:2]([c:7]([c:6]1[H:12])[H:13])[O:1][H:8])[H:9])[H:10],,
3,-0.03385922342840525,RESP2,hf/6-31g*,1.0,0.2,C,resp2,4,[H:11][c:5]1[c:4]([c:3]([c:2]([c:7]([c:6]1[H:12])[H:13])[O:1][H:8])[H:9])[H:10],,
4,-0.2966262325135639,RESP2,hf/6-31g*,1.0,0.2,C,resp2,5,[H:11][c:5]1[c:4]([c:3]([c:2]([c:7]([c:6]1[H:12])[H:13])[O:1][H:8])[H:9])[H:10],,
5,-0.03503346250507758,RESP2,hf/6-31g*,1.0,0.2,C,resp2,6,[H:11][c:5]1[c:4]([c:3]([c:2]([c:7]([c:6]1[H:12])[H:13])[O:1][H:8])[H:9])[H:10],,
6,-0.3807892523219049,RESP2,hf/6-31g*,1.0,0.2,C,resp2,7,[H:11][c:5]1[c:4]([c:3]([c:2]([c:7]([c:6]1[H:12])[H:13])[O:1][H:8])[H:9])[H:10],,
7,0.4121112875582668,RESP2,hf/6-31g*,1.0,0.2,H,resp2,8,[H:11][c:5]1[c:4]([c:3]([c:2]([c:7]([c:6]1[H:12])[H:13])[O:1][H:8])[H:9])[H:10],,
8,0.17884206089471674,RESP2,hf/6-31g*,1.0,0.2,H,resp2,9,[H:11][c:5]1[c:4]([c:3]([c:2]([c:7]([c:6]1[H:12])[H:13])[O:1][H:8])[H:9])[H:10],,
9,0.1392613390161585,RESP2,hf/6-31g*,1.0,0.2,H,resp2,10,[H:11][c:5]1[c:4]([c:3]([c:2]([c:7]([c:6]1[H:12])[H:13])[O:1][H:8])[H:9])[H:10],,
10,0.1723998780758315,RESP2,hf/6-31g*,1.0,0.2,H,resp2,11,[H:11][c:5]1[c:4]([c:3]([c:2]([c:7]([c:6]1[H:12])[H:13])[O:1][H:8])[H:9])[H:10],,
11,0.13924605950996835,RESP2,hf/6-31g*,1.0,0.2,H,resp2,12,[H:11][c:5]1[c:4]([c:3]([c:2]([c:7]([c:6]1[H:12])[H:13])[O:1][H:8])[H:9])[H:10],,
12,0.17757349978514547,RESP2,hf/6-31g*,1.0,0.2,H,resp2,13,[H:11][c:5]1[c:4]([c:3]([c:2]([c:7]([c:6]1[H:12])[H:13])[O:1][H:8])[H:9])[H:10],,
0,-0.6567461445017737,RESP2,hf/6-31g*,1.0,0.25,O,resp2,1,[H:11][c:5]1[c:4]([c:3]([c:2]([c:7]([c:6]1[H:12])[H:13])[O:1][H:8])[H:9])[H:10],,
1,0.5630103676880394,RESP2,hf/6-31g*,1.0,0.25,C,resp2,2,[H:11][c:5]1[c:4]([c:3]([c:2]([c:7]([c:6]1[H:12])[H:13])[O:1][H:8])[H:9])[H:10],,
2,-0.3820929248923488,RESP2,hf/6-31g*,1.0,0.25,C,resp2,3,[H:11][c:5]1[c:4]([c:3]([c:2]([c:7]([c:6]1[H:12])[H:13])[O:1][H:8])[H:9])[H:10],,
3,-0.03431118989738803,RESP2,hf/6-31g*,1.0,0.25,C,resp2,4,[H:11][c:5]1[c:4]([c:3]([c:2]([c:7]([c:6]1[H:12])[H:13])[O:1][H:8])[H:9])[H:10],,
4,-0.29638050275312766,RESP2,hf/6-31g*,1.0,0.25,C,resp2,5,[H:11][c:5]1[c:4]([c:3]([c:2]([c:7]([c:6]1[H:12])[H:13])[O:1][H:8])[H:9])[H:10],,
5,-0.03535499230654114,RESP2,hf/6-31g*,1.0,0.25,C,resp2,6,[H:11][c:5]1[c:4]([c:3]([c:2]([c:7]([c:6]1[H:12])[H:13])[O:1][H:8])[H:9])[H:10],,
6,-0.3810098226646418,RESP2,hf/6-31g*,1.0,0.25,C,resp2,7,[H:11][c:5]1[c:4]([c:3]([c:2]([c:7]([c:6]1[H:12])[H:13])[O:1][H:8])[H:9])[H:10],,
7,0.41411835888762943,RESP2,hf/6-31g*,1.0,0.25,H,resp2,8,[H:11][c:5]1[c:4]([c:3]([c:2]([c:7]([c:6]1[H:12])[H:13])[O:1][H:8])[H:9])[H:10],,
8,0.17933057367105332,RESP2,hf/6-31g*,1.0,0.25,H,resp2,9,[H:11][c:5]1[c:4]([c:3]([c:2]([c:7]([c:6]1[H:12])[H:13])[O:1][H:8])[H:9])[H:10],,
9,0.13963331836613735,RESP2,hf/6-31g*,1.0,0.25,H,resp2,10,[H:11][c:5]1[c:4]([c:3]([c:2]([c:7]([c:6]1[H:12])[H:13])[O:1][H:8])[H:9])[H:10],,
10,0.17251727597072936,RESP2,hf/6-31g*,1.0,0.25,H,resp2,11,[H:11][c:5]1[c:4]([c:3]([c:2]([c:7]([c:6]1[H:12])[H:13])[O:1][H:8])[H:9])[H:10],,
11,0.13946505612681823,RESP2,hf/6-31g*,1.0,0.25,H,resp2,12,[H:11][c:5]1[c:4]([c:3]([c:2]([c:7]([c:6]1[H:12])[H:13])[O:1][H:8])[H:9])[H:10],,
12,0.17782062630541415,RESP2,hf/6-31g*,1.0,0.25,H,resp2,13,[H:11][c:5]1[c:4]([c:3]([c:2]([c:7]([c:6]1[H:12])[H:13])[O:1][H:8])[H:9])[H:10],,
0,-0.6596143971894557,RESP2,hf/6-31g*,1.0,0.30000000000000004,O,resp2,1,[H:11][c:5]1[c:4]([c:3]([c:2]([c:7]([c:6]1[H:12])[H:13])[O:1][H:8])[H:9])[H:10],,
1,0.5635538624740882,RESP2,hf/6-31g*,1.0,0.30000000000000004,C,resp2,2,[H:11][c:5]1[c:4]([c:3]([c:2]([c:7]([c:6]1[H:12])[H:13])[O:1][H:8])[H:9])[H:10],,
2,-0.3824709146256633,RESP2,hf/6-31g*,1.0,0.30000000000000004,C,resp2,3,[H:11][c:5]1[c:4]([c:3]([c:2]([c:7]([c:6]1[H:12])[H:13])[O:1][H:8])[H:9])[H:10],,
3,-0.03476315636637081,RESP2,hf/6-31g*,1.0,0.30000000000000004,C,resp2,4,[H:11][c:5]1[c:4]([c:3]([c:2]([c:7]([c:6]1[H:12])[H:13])[O:1][H:8])[H:9])[H:10],,
4,-0.2961347729926913,RESP2,hf/6-31g*,1.0,0.30000000000000004,C,resp2,5,[H:11][c:5]1[c:4]([c:3]([c:2]([c:7]([c:6]1[H:12])[H:13])[O:1][H:8])[H:9])[H:10],,
5,-0.035676522108004705,RESP2,hf/6-31g*,1.0,0.30000000000000004,C,resp2,6,[H:11][c:5]1[c:4]([c:3]([c:2]([c:7]([c:6]1[H:12])[H:13])[O:1][H:8])[H:9])[H:10],,
6,-0.3812303930073786,RESP2,hf/6-31g*,1.0,0.30000000000000004,C,resp2,7,[H:11][c:5]1[c:4]([c:3]([c:2]([c:7]([c:6]1[H:12])[H:13])[O:1][H:8])[H:9])[H:10],,
7,0.41612543021699216,RESP2,hf/6-31g*,1.0,0.30000000000000004,H,resp2,8,[H:11][c:5]1[c:4]([c:3]([c:2]([c:7]([c:6]1[H:12])[H:13])[O:1][H:8])[H:9])[H:10],,
8,0.1798190864473899,RESP2,hf/6-31g*,1.0,0.30000000000000004,H,resp2,9,[H:11][c:5]1[c:4]([c:3]([c:2]([c:7]([c:6]1[H:12])[H:13])[O:1][H:8])[H:9])[H:10],,
9,0.14000529771611617,RESP2,hf/6-31g*,1.0,0.30000000000000004,H,resp2,10,[H:11][c:5]1[c:4]([c:3]([c:2]([c:7]([c:6]1[H:12])[H:13])[O:1][H:8])[H:9])[H:10],,
10,0.17263467386562723,RESP2,hf/6-31g*,1.0,0.30000000000000004,H,resp2,11,[H:11][c:5]1[c:4]([c:3]([c:2]([c:7]([c:6]1[H:12])[H:13])[O:1][H:8])[H:9])[H:10],,
11,0.1396840527436681,RESP2,hf/6-31g*,1.0,0.30000000000000004,H,resp2,12,[H:11][c:5]1[c:4]([c:3]([c:2]([c:7]([c:6]1[H:12])[H:13])[O:1][H:8])[H:9])[H:10],,
12,0.17806775282568285,RESP2,hf/6-31g*,1.0,0.30000000000000004,H,resp2,13,[H:11][c:5]1[c:4]([c:3]([c:2]([c:7]([c:6]1[H:12])[H:13])[O:1][H:8])[H:9])[H:10],,
0,-0.6624826498771375,RESP2,hf/6-31g*,1.0,0.35000000000000003,O,resp2,1,[H:11][c:5]1[c:4]([c:3]([c:2]([c:7]([c:6]1[H:12])[H:13])[O:1][H:8])[H:9])[H:10],,
1,0.5640973572601371,RESP2,hf/6-31g*,1.0,0.35000000000000003,C,resp2,2,[H:11][c:5]1[c:4]([c:3]([c:2]([c:7]([c:6]1[H:12])[H:13])[O:1][H:8])[H:9])[H:10],,
2,-0.3828489043589779,RESP2,hf/6-31g*,1.0,0.35000000000000003,C,resp2,3,[H:11][c:5]1[c:4]([c:3]([c:2]([c:7]([c:6]1[H:12])[H:13])[O:1][H:8])[H:9])[H:10],,
3,-0.03521512283535362,RESP2,hf/6-31g*,1.0,0.35000000000000003,C,resp2,4,[H:11][c:5]1[c:4]([c:3]([c:2]([c:7]([c:6]1[H:12])[H:13])[O:1][H:8])[H:9])[H:10],,
4,-0.2958890432322551,RESP2,hf/6-31g*,1.0,0.35000000000000003,C,resp2,5,[H:11][c:5]1[c:4]([c:3]([c:2]([c:7]([c:6]1[H:12])[H:13])[O:1][H:8])[H:9])[H:10],,
5,-0.035998051909468295,RESP2,hf/6-31g*,1.0,0.35000000000000003,C,resp2,6,[H:11][c:5]1[c:4]([c:3]([c:2]([c:7]([c:6]1[H:12])[H:13])[O:1][H:8])[H:9])[H:10],,
6,-0.38145096335011547,RESP2,hf/6-31g*,1.0,0.35000000000000003,C,resp2,7,[H:11][c:5]1[c:4]([c:3]([c:2]([c:7]([c:6]1[H:12])[H:13])[O:1][H:8])[H:9])[H:10],,
7,0.41813250154635473,RESP2,hf/6-31g*,1.0,0.35000000000000003,H,resp2,8,[H:11][c:5]1[c:4]([c:3]([c:2]([c:7]([c:6]1[H:12])[H:13])[O:1][H:8])[H:9])[H:10],,
8,0.18030759922372644,RESP2,hf/6-31g*,1.0,0.35000000000000003,H,resp2,9,[H:11][c:5]1[c:4]([c:3]([c:2]([c:7]([c:6]1[H:12])[H:13])[O:1][H:8])[H:9])[H:10],,
9,0.14037727706609499,RESP2,hf/6-31g*,1.0,0.35000000000000003,H,resp2,10,[H:11][c:5]1[c:4]([c:3]([c:2]([c:7]([c:6]1[H:12])[H:13])[O:1][H:8])[H:9])[H:10],,
10,0.17275207176052507,RESP2,hf/6-31g*,1.0,0.35000000000000003,H,resp2,11,[H:11][c:5]1[c:4]([c:3]([c:2]([c:7]([c:6]1[H:12])[H:13])[O:1][H:8])[H:9])[H:10],,
11,0.13990304936051792,RESP2,hf/6-31g*,1.0,0.35000000000000003,H,resp2,12,[H:11][c:5]1[c:4]([c:3]([c:2]([c:7]([c:6]1[H:12])[H:13])[O:1][H:8])[H:9])[H:10],,
12,0.1783148793459515,RESP2,hf/6-31g*,1.0,0.35000000000000003,H,resp2,13,[H:11][c:5]1[c:4]([c:3]([c:2]([c:7]([c:6]1[H:12])[H:13])[O:1][H:8])[H:9])[H:10],,
0,-0.6653509025648193,RESP2,hf/6-31g*,1.0,0.4,O,resp2,1,[H:11][c:5]1[c:4]([c:3]([c:2]([c:7]([c:6]1[H:12])[H:13])[O:1][H:8])[H:9])[H:10],,
1,0.5646408520461861,RESP2,hf/6-31g*,1.0,0.4,C,resp2,2,[H:11][c:5]1[c:4]([c:3]([c:2]([c:7]([c:6]1[H:12])[H:13])[O:1][H:8])[H:9])[H:10],,
2,-0.3832268940922925,RESP2,hf/6-31g*,1.0,0.4,C,resp2,3,[H:11][c:5]1[c:4]([c:3]([c:2]([c:7]([c:6]1[H:12])[H:13])[O:1][H:8])[H:9])[H:10],,
3,-0.035667089304336416,RESP2,hf/6-31g*,1.0,0.4,C,resp2,4,[H:11][c:5]1[c:4]([c:3]([c:2]([c:7]([c:6]1[H:12])[H:13])[O:1][H:8])[H:9])[H:10],,
4,-0.2956433134718188,RESP2,hf/6-31g*,1.0,0.4,C,resp2,5,[H:11][c:5]1[c:4]([c:3]([c:2]([c:7]([c:6]1[H:12])[H:13])[O:1][H:8])[H:9])[H:10],,
5,-0.03631958171093187,RESP2,hf/6-31g*,1.0,0.4,C,resp2,6,[H:11][c:5]1[c:4]([c:3]([c:2]([c:7]([c:6]1[H:12])[H:13])[O:1][H:8])[H:9])[H:10],,
6,-0.38167153369285234,RESP2,hf/6-31g*,1.0,0.4,C,resp2,7,[H:11][c:5]1[c:4]([c:3]([c:2]([c:7]([c:6]1[H:12])[H:13])[O:1][H:8])[H:9])[H:10],,
7,0.42013957287571746,RESP2,hf/6-31g*,1.0,0.4,H,resp2,8,[H:11][c:5]1[c:4]([c:3]([c:2]([c:7]([c:6]1[H:12])[H:13])[O:1][H:8])[H:9])[H:10],,
8,0.180796112000063,RESP2,hf/6-31g*,1.0,0.4,H,resp2,9,[H:11][c:5]1[c:4]([c:3]([c:2]([c:7]([c:6]1[H:12])[H:13])[O:1][H:8])[H:9])[H:10],,
9,0.1407492564160738,RESP2,hf/6-31g*,1.0,0.4,H,resp2,10,[H:11][c:5]1[c:4]([c:3]([c:2]([c:7]([c:6]1[H:12])[H:13])[O:1][H:8])[H:9])[H:10],,
10,0.1728694696554229,RESP2,hf/6-31g*,1.0,0.4,H,resp2,11,[H:11][c:5]1[c:4]([c:3]([c:2]([c:7]([c:6]1[H:12])[H:13])[O:1][H:8])[H:9])[H:10],,
11,0.14012204597736777,RESP2,hf/6-31g*,1.0,0.4,H,resp2,12,[H:11][c:5]1[c:4]([c:3]([c:2]([c:7]([c:6]1[H:12])[H:13])[O:1][H:8])[H:9])[H:10],,
12,0.1785620058662202,RESP2,hf/6-31g*,1.0,0.4,H,resp2,13,[H:11][c:5]1[c:4]([c:3]([c:2]([c:7]([c:6]1[H:12])[H:13])[O:1][H:8])[H:9])[H:10],,
0,-0.6682191552525013,RESP2,hf/6-31g*,1.0,0.45,O,resp2,1,[H:11][c:5]1[c:4]([c:3]([c:2]([c:7]([c:6]1[H:12])[H:13])[O:1][H:8])[H:9])[H:10],,
1,0.5651843468322351,RESP2,hf/6-31g*,1.0,0.45,C,resp2,2,[H:11][c:5]1[c:4]([c:3]([c:2]([c:7]([c:6]1[H:12])[H:13])[O:1][H:8])[H:9])[H:10],,
2,-0.38360488382560703,RESP2,hf/6-31g*,1.0,0.45,C,resp2,3,[H:11][c:5]1[c:4]([c:3]([c:2]([c:7]([c:6]1[H:12])[H:13])[O:1][H:8])[H:9])[H:10],,
3,-0.03611905577331921,RESP2,hf/6-31g*,1.0,0.45,C,resp2,4,[H:11][c:5]1[c:4]([c:3]([c:2]([c:7]([c:6]1[H:12])[H:13])[O:1][H:8])[H:9])[H:10],,
4,-0.2953975837113825,RESP2,hf/6-31g*,1.0,0.45,C,resp2,5,[H:11][c:5]1[c:4]([c:3]([c:2]([c:7]([c:6]1[H:12])[H:13])[O:1][H:8])[H:9])[H:10],,
5,-0.03664111151239545,RESP2,hf/6-31g*,1.0,0.45,C,resp2,6,[H:11][c:5]1[c:4]([c:3]([c:2]([c:7]([c:6]1[H:12])[H:13])[O:1][H:8])[H:9])[H:10],,
6,-0.3818921040355892,RESP2,hf/6-31g*,1.0,0.45,C,resp2,7,[H:11][c:5]1[c:4]([c:3]([c:2]([c:7]([c:6]1[H:12])[H:13])[O:1][H:8])[H:9])[H:10],,
7,0.42214664420508013,RESP2,hf/6-31g*,1.0,0.45,H,resp2,8,[H:11][c:5]1[c:4]([c:3]([c:2]([c:7]([c:6]1[H:12])[H:13])[O:1][H:8])[H:9])[H:10],,
8,0.1812846247763996,RESP2,hf/6-31g*,1.0,0.45,H,resp2,9,[H:11][c:5]1[c:4]([c:3]([c:2]([c:7]([c:6]1[H:12])[H:13])[O:1][H:8])[H:9])[H:10],,
9,0.14112123576605265,RESP2,hf/6-31g*,1.0,0.45,H,resp2,10,[H:11][c:5]1[c:4]([c:3]([c:2]([c:7]([c:6]1[H:12])[H:13])[O:1][H:8])[H:9])[H:10],,
10,0.17298686755032078,RESP2,hf/6-31g*,1.0,0.45,H,resp2,11,[H:11][c:5]1[c:4]([c:3]([c:2]([c:7]([c:6]1[H:12])[H:13])[O:1][H:8])[H:9])[H:10],,
11,0.14034104259421765,RESP2,hf/6-31g*,1.0,0.45,H,resp2,12,[H:11][c:5]1[c:4]([c:3]([c:2]([c:7]([c:6]1[H:12])[H:13])[O:1][H:8])[H:9])[H:10],,
12,0.1788091323864889,RESP2,hf/6-31g*,1.0,0.45,H,resp2,13,[H:11][c:5]1[c:4]([c:3]([c:2]([c:7]([c:6]1[H:12])[H:13])[O:1][H:8])[H:9])[H:10],,
0,-0.6710874079401831,RESP2,hf/6-31g*,1.0,0.5,O,resp2,1,[H:11][c:5]1[c:4]([c:3]([c:2]([c:7]([c:6]1[H:12])[H:13])[O:1][H:8])[H:9])[H:10],,
1,0.565727841618284,RESP2,hf/6-31g*,1.0,0.5,C,resp2,2,[H:11][c:5]1[c:4]([c:3]([c:2]([c:7]([c:6]1[H:12])[H:13])[O:1][H:8])[H:9])[H:10],,
2,-0.38398287355892163,RESP2,hf/6-31g*,1.0,0.5,C,resp2,3,[H:11][c:5]1[c:4]([c:3]([c:2]([c:7]([c:6]1[H:12])[H:13])[O:1][H:8])[H:9])[H:10],,
3,-0.03657102224230198,RESP2,hf/6-31g*,1.0,0.5,C,resp2,4,[H:11][c:5]1[c:4]([c:3]([c:2]([c:7]([c:6]1[H:12])[H:13])[O:1][H:8])[H:9])[H:10],,
4,-0.2951518539509463,RESP2,hf/6-31g*,1.0,0.5,C,resp2,5,[H:11][c:5]1[c:4]([c:3]([c:2]([c:7]([c:6]1[H:12])[H:13])[O:1][H:8])[H:9])[H:10],,
5,-0.036962641313859006,RESP2,hf/6-31g*,1.0,0.5,C,resp2,6,[H:11][c:5]1[c:4]([c:3]([c:2]([c:7]([c:6]1[H:12])[H:13])[O:1][H:8])[H:9])[H:10],,
6,-0.382112674378326,RESP2,hf/6-31g*,1.0,0.5,C,resp2,7,[H:11][c:5]1[c:4]([c:3]([c:2]([c:7]([c:6]1[H:12])[H:13])[O:1][H:8])[H:9])[H:10],,
7,0.42415371553444275,RESP2,hf/6-31g*,1.0,0.5,H,resp2,8,[H:11][c:5]1[c:4]([c:3]([c:2]([c:7]([c:6]1[H:12])[H:13])[O:1][H:8])[H:9])[H:10],,
8,0.18177313755273614,RESP2,hf/6-31g*,1.0,0.5,H,resp2,9,[H:11][c:5]1[c:4]([c:3]([c:2]([c:7]([c:6]1[H:12])[H:13])[O:1][H:8])[H:9])[H:10],,
9,0.14149321511603147,RESP2,hf/6-31g*,1.0,0.5,H,resp2,10,[H:11][c:5]1[c:4]([c:3]([c:2]([c:7]([c:6]1[H:12])[H:13])[O:1][H:8])[H:9])[H:10],,
10,0.17310426544521862,RESP2,hf/6-31g*,1.0,0.5,H,resp2,11,[H:11][c:5]1[c:4]([c:3]([c:2]([c:7]([c:6]1[H:12])[H:13])[O:1][H:8])[H:9])[H:10],,
11,0.14056003921106747,RESP2,hf/6-31g*,1.0,0.5,H,resp2,12,[H:11][c:5]1[c:4]([c:3]([c:2]([c:7]([c:6]1[H:12])[H:13])[O:1][H:8])[H:9])[H:10],,
12,0.17905625890675758,RESP2,hf/6-31g*,1.0,0.5,H,resp2,13,[H:11][c:5]1[c:4]([c:3]([c:2]([c:7]([c:6]1[H:12])[H:13])[O:1][H:8])[H:9])[H:10],,
0,-0.673955660627865,RESP2,hf/6-31g*,1.0,0.55,O,resp2,1,[H:11][c:5]1[c:4]([c:3]([c:2]([c:7]([c:6]1[H:12])[H:13])[O:1][H:8])[H:9])[H:10],,
1,0.5662713364043329,RESP2,hf/6-31g*,1.0,0.55,C,resp2,2,[H:11][c:5]1[c:4]([c:3]([c:2]([c:7]([c:6]1[H:12])[H:13])[O:1][H:8])[H:9])[H:10],,
2,-0.3843608632922361,RESP2,hf/6-31g*,1.0,0.55,C,resp2,3,[H:11][c:5]1[c:4]([c:3]([c:2]([c:7]([c:6]1[H:12])[H:13])[O:1][H:8])[H:9])[H:10],,
3,-0.03702298871128477,RESP2,hf/6-31g*,1.0,0.55,C,resp2,4,[H:11][c:5]1[c:4]([c:3]([c:2]([c:7]([c:6]1[H:12])[H:13])[O:1][H:8])[H:9])[H:10],,
4,-0.29490612419051,RESP2,hf/6-31g*,1.0,0.55,C,resp2,5,[H:11][c:5]1[c:4]([c:3]([c:2]([c:7]([c:6]1[H:12])[H:13])[O:1][H:8])[H:9])[H:10],,
5,-0.03728417111532257,RESP2,hf/6-31g*,1.0,0.55,C,resp2,6,[H:11][c:5]1[c:4]([c:3]([c:2]([c:7]([c:6]1[H:12])[H:13])[O:1][H:8])[H:9])[H:10],,
6,-0.38233324472106284,RESP2,hf/6-31g*,1.0,0.55,C,resp2,7,[H:11][c:5]1[c:4]([c:3]([c:2]([c:7]([c:6]1[H:12])[H:13])[O:1][H:8])[H:9])[H:10],,
7,0.4261607868638055,RESP2,hf/6-31g*,1.0,0.55,H,resp2,8,[H:11][c:5]1[c:4]([c:3]([c:2]([c:7]([c:6]1[H:12])[H:13])[O:1][H:8])[H:9])[H:10],,
8,0.1822616503290727,RESP2,hf/6-31g*,1.0,0.55,H,resp2,9,[H:11][c:5]1[c:4]([c:3]([c:2]([c:7]([c:6]1[H:12])[H:13])[O:1][H:8])[H:9])[H:10],,
9,0.14186519446601029,RESP2,hf/6-31g*,1.0,0.55,H,resp2,10,[H:11][c:5]1[c:4]([c:3]([c:2]([c:7]([c:6]1[H:12])[H:13])[O:1][H:8])[H:9])[H:10],,
10,0.1732216633401165,RESP2,hf/6-31g*,1.0,0.55,H,resp2,11,[H:11][c:5]1[c:4]([c:3]([c:2]([c:7]([c:6]1[H:12])[H:13])[O:1][H:8])[H:9])[H:10],,
11,0.14077903582791734,RESP2,hf/6-31g*,1.0,0.55,H,resp2,12,[H:11][c:5]1[c:4]([c:3]([c:2]([c:7]([c:6]1[H:12])[H:13])[O:1][H:8])[H:9])[H:10],,
12,0.17930338542702629,RESP2,hf/6-31g*,1.0,0.55,H,resp2,13,[H:11][c:5]1[c:4]([c:3]([c:2]([c:7]([c:6]1[H:12])[H:13])[O:1][H:8])[H:9])[H:10],,
0,-0.6768239133155468,RESP2,hf/6-31g*,1.0,0.6000000000000001,O,resp2,1,[H:11][c:5]1[c:4]([c:3]([c:2]([c:7]([c:6]1[H:12])[H:13])[O:1][H:8])[H:9])[H:10],,
1,0.5668148311903819,RESP2,hf/6-31g*,1.0,0.6000000000000001,C,resp2,2,[H:11][c:5]1[c:4]([c:3]([c:2]([c:7]([c:6]1[H:12])[H:13])[O:1][H:8])[H:9])[H:10],,
2,-0.3847388530255507,RESP2,hf/6-31g*,1.0,0.6000000000000001,C,resp2,3,[H:11][c:5]1[c:4]([c:3]([c:2]([c:7]([c:6]1[H:12])[H:13])[O:1][H:8])[H:9])[H:10],,
3,-0.037474955180267576,RESP2,hf/6-31g*,1.0,0.6000000000000001,C,resp2,4,[H:11][c:5]1[c:4]([c:3]([c:2]([c:7]([c:6]1[H:12])[H:13])[O:1][H:8])[H:9])[H:10],,
4,-0.29466039443007375,RESP2,hf/6-31g*,1.0,0.6000000000000001,C,resp2,5,[H:11][c:5]1[c:4]([c:3]([c:2]([c:7]([c:6]1[H:12])[H:13])[O:1][H:8])[H:9])[H:10],,
5,-0.03760570091678617,RESP2,hf/6-31g*,1.0,0.6000000000000001,C,resp2,6,[H:11][c:5]1[c:4]([c:3]([c:2]([c:7]([c:6]1[H:12])[H:13])[O:1][H:8])[H:9])[H:10],,
6,-0.3825538150637997,RESP2,hf/6-31g*,1.0,0.6000000000000001,C,resp2,7,[H:11][c:5]1[c:4]([c:3]([c:2]([c:7]([c:6]1[H:12])[H:13])[O:1][H:8])[H:9])[H:10],,
7,0.42816785819316816,RESP2,hf/6-31g*,1.0,0.6000000000000001,H,resp2,8,[H:11][c:5]1[c:4]([c:3]([c:2]([c:7]([c:6]1[H:12])[H:13])[O:1][H:8])[H:9])[H:10],,
8,0.18275016310540929,RESP2,hf/6-31g*,1.0,0.6000000000000001,H,resp2,9,[H:11][c:5]1[c:4]([c:3]([c:2]([c:7]([c:6]1[H:12])[H:13])[O:1][H:8])[H:9])[H:10],,
9,0.1422371738159891,RESP2,hf/6-31g*,1.0,0.6000000000000001,H,resp2,10,[H:11][c:5]1[c:4]([c:3]([c:2]([c:7]([c:6]1[H:12])[H:13])[O:1][H:8])[H:9])[H:10],,
10,0.17333906123501433,RESP2,hf/6-31g*,1.0,0.6000000000000001,H,resp2,11,[H:11][c:5]1[c:4]([c:3]([c:2]([c:7]([c:6]1[H:12])[H:13])[O:1][H:8])[H:9])[H:10],,
11,0.1409980324447672,RESP2,hf/6-31g*,1.0,0.6000000000000001,H,resp2,12,[H:11][c:5]1[c:4]([c:3]([c:2]([c:7]([c:6]1[H:12])[H:13])[O:1][H:8])[H:9])[H:10],,
12,0.17955051194729496,RESP2,hf/6-31g*,1.0,0.6000000000000001,H,resp2,13,[H:11][c:5]1[c:4]([c:3]([c:2]([c:7]([c:6]1[H:12])[H:13])[O:1][H:8])[H:9])[H:10],,
0,-0.6796921660032287,RESP2,hf/6-31g*,1.0,0.65,O,resp2,1,[H:11][c:5]1[c:4]([c:3]([c:2]([c:7]([c:6]1[H:12])[H:13])[O:1][H:8])[H:9])[H:10],,
1,0.5673583259764308,RESP2,hf/6-31g*,1.0,0.65,C,resp2,2,[H:11][c:5]1[c:4]([c:3]([c:2]([c:7]([c:6]1[H:12])[H:13])[O:1][H:8])[H:9])[H:10],,
2,-0.38511684275886526,RESP2,hf/6-31g*,1.0,0.65,C,resp2,3,[H:11][c:5]1[c:4]([c:3]([c:2]([c:7]([c:6]1[H:12])[H:13])[O:1][H:8])[H:9])[H:10],,
3,-0.037926921649250364,RESP2,hf/6-31g*,1.0,0.65,C,resp2,4,[H:11][c:5]1[c:4]([c:3]([c:2]([c:7]([c:6]1[H:12])[H:13])[O:1][H:8])[H:9])[H:10],,
4,-0.29441466466963745,RESP2,hf/6-31g*,1.0,0.65,C,resp2,5,[H:11][c:5]1[c:4]([c:3]([c:2]([c:7]([c:6]1[H:12])[H:13])[O:1][H:8])[H:9])[H:10],,
5,-0.03792723071824974,RESP2,hf/6-31g*,1.0,0.65,C,resp2,6,[H:11][c:5]1[c:4]([c:3]([c:2]([c:7]([c:6]1[H:12])[H:13])[O:1][H:8])[H:9])[H:10],,
6,-0.3827743854065366,RESP2,hf/6-31g*,1.0,0.65,C,resp2,7,[H:11][c:5]1[c:4]([c:3]([c:2]([c:7]([c:6]1[H:12])[H:13])[O:1][H:8])[H:9])[H:10],,
7,0.43017492952253084,RESP2,hf/6-31g*,1.0,0.65,H,resp2,8,[H:11][c:5]1[c:4]([c:3]([c:2]([c:7]([c:6]1[H:12])[H:13])[O:1][H:8])[H:9])[H:10],,
8,0.18323867588174583,RESP2,hf/6-31g*,1.0,0.65,H,resp2,9,[H:11][c:5]1[c:4]([c:3]([c:2]([c:7]([c:6]1[H:12])[H:13])[O:1][H:8])[H:9])[H:10],,
9,0.14260915316596792,RESP2,hf/6-31g*,1.0,0.65,H,resp2,10,[H:11][c:5]1[c:4]([c:3]([c:2]([c:7]([c:6]1[H:12])[H:13])[O:1][H:8])[H:9])[H:10],,
10,0.17345645912991217,RESP2,hf/6-31g*,1.0,0.65,H,resp2,11,[H:11][c:5]1[c:4]([c:3]([c:2]([c:7]([c:6]1[H:12])[H:13])[O:1][H:8])[H:9])[H:10],,
11,0.141217029061617,RESP2,hf/6-31g*,1.0,0.65,H,resp2,12,[H:11][c:5]1[c:4]([c:3]([c:2]([c:7]([c:6]1[H:12])[H:13])[O:1][H:8])[H:9])[H:10],,
12,0.17979763846756364,RESP2,hf/6-31g*,1.0,0.65,H,resp2,13,[H:11][c:5]1[c:4]([c:3]([c:2]([c:7]([c:6]1[H:12])[H:13])[O:1][H:8])[H:9])[H:10],,
0,-0.6825604186909107,RESP2,hf/6-31g*,1.0,0.7000000000000001,O,resp2,1,[H:11][c:5]1[c:4]([c:3]([c:2]([c:7]([c:6]1[H:12])[H:13])[O:1][H:8])[H:9])[H:10],,
1,0.5679018207624797,RESP2,hf/6-31g*,1.0,0.7000000000000001,C,resp2,2,[H:11][c:5]1[c:4]([c:3]([c:2]([c:7]([c:6]1[H:12])[H:13])[O:1][H:8])[H:9])[H:10],,
2,-0.38549483249217986,RESP2,hf/6-31g*,1.0,0.7000000000000001,C,resp2,3,[H:11][c:5]1[c:4]([c:3]([c:2]([c:7]([c:6]1[H:12])[H:13])[O:1][H:8])[H:9])[H:10],,
3,-0.03837888811823318,RESP2,hf/6-31g*,1.0,0.7000000000000001,C,resp2,4,[H:11][c:5]1[c:4]([c:3]([c:2]([c:7]([c:6]1[H:12])[H:13])[O:1][H:8])[H:9])[H:10],,
4,-0.2941689349092012,RESP2,hf/6-31g*,1.0,0.7000000000000001,C,resp2,5,[H:11][c:5]1[c:4]([c:3]([c:2]([c:7]([c:6]1[H:12])[H:13])[O:1][H:8])[H:9])[H:10],,
5,-0.03824876051971333,RESP2,hf/6-31g*,1.0,0.7000000000000001,C,resp2,6,[H:11][c:5]1[c:4]([c:3]([c:2]([c:7]([c:6]1[H:12])[H:13])[O:1][H:8])[H:9])[H:10],,
6,-0.38299495574927345,RESP2,hf/6-31g*,1.0,0.7000000000000001,C,resp2,7,[H:11][c:5]1[c:4]([c:3]([c:2]([c:7]([c:6]1[H:12])[H:13])[O:1][H:8])[H:9])[H:10],,
7,0.43218200085189346,RESP2,hf/6-31g*,1.0,0.7000000000000001,H,resp2,8,[H:11][c:5]1[c:4]([c:3]([c:2]([c:7]([c:6]1[H:12])[H:13])[O:1][H:8])[H:9])[H:10],,
8,0.18372718865808238,RESP2,hf/6-31g*,1.0,0.7000000000000001,H,resp2,9,[H:11][c:5]1[c:4]([c:3]([c:2]([c:7]([c:6]1[H:12])[H:13])[O:1][H:8])[H:9])[H:10],,
9,0.1429811325159467,RESP2,hf/6-31g*,1.0,0.7000000000000001,H,resp2,10,[H:11][c:5]1[c:4]([c:3]([c:2]([c:7]([c:6]1[H:12])[H:13])[O:1][H:8])[H:9])[H:10],,
10,0.17357385702481,RESP2,hf/6-31g*,1.0,0.7000000000000001,H,resp2,11,[H:11][c:5]1[c:4]([c:3]([c:2]([c:7]([c:6]1[H:12])[H:13])[O:1][H:8])[H:9])[H:10],,
11,0.14143602567846686,RESP2,hf/6-31g*,1.0,0.7000000000000001,H,resp2,12,[H:11][c:5]1[c:4]([c:3]([c:2]([c:7]([c:6]1[H:12])[H:13])[O:1][H:8])[H:9])[H:10],,
12,0.1800447649878323,RESP2,hf/6-31g*,1.0,0.7000000000000001,H,resp2,13,[H:11][c:5]1[c:4]([c:3]([c:2]([c:7]([c:6]1[H:12])[H:13])[O:1][H:8])[H:9])[H:10],,
0,-0.6854286713785925,RESP2,hf/6-31g*,1.0,0.75,O,resp2,1,[H:11][c:5]1[c:4]([c:3]([c:2]([c:7]([c:6]1[H:12])[H:13])[O:1][H:8])[H:9])[H:10],,
1,0.5684453155485286,RESP2,hf/6-31g*,1.0,0.75,C,resp2,2,[H:11][c:5]1[c:4]([c:3]([c:2]([c:7]([c:6]1[H:12])[H:13])[O:1][H:8])[H:9])[H:10],,
2,-0.38587282222549446,RESP2,hf/6-31g*,1.0,0.75,C,resp2,3,[H:11][c:5]1[c:4]([c:3]([c:2]([c:7]([c:6]1[H:12])[H:13])[O:1][H:8])[H:9])[H:10],,
3,-0.038830854587215954,RESP2,hf/6-31g*,1.0,0.75,C,resp2,4,[H:11][c:5]1[c:4]([c:3]([c:2]([c:7]([c:6]1[H:12])[H:13])[O:1][H:8])[H:9])[H:10],,
4,-0.2939232051487649,RESP2,hf/6-31g*,1.0,0.75,C,resp2,5,[H:11][c:5]1[c:4]([c:3]([c:2]([c:7]([c:6]1[H:12])[H:13])[O:1][H:8])[H:9])[H:10],,
5,-0.03857029032117689,RESP2,hf/6-31g*,1.0,0.75,C,resp2,6,[H:11][c:5]1[c:4]([c:3]([c:2]([c:7]([c:6]1[H:12])[H:13])[O:1][H:8])[H:9])[H:10],,
6,-0.38321552609201026,RESP2,hf/6-31g*,1.0,0.75,C,resp2,7,[H:11][c:5]1[c:4]([c:3]([c:2]([c:7]([c:6]1[H:12])[H:13])[O:1][H:8])[H:9])[H:10],,
7,0.43418907218125613,RESP2,hf/6-31g*,1.0,0.75,H,resp2,8,[H:11][c:5]1[c:4]([c:3]([c:2]([c:7]([c:6]1[H:12])[H:13])[O:1][H:8])[H:9])[H:10],,
8,0.18421570143441895,RESP2,hf/6-31g*,1.0,0.75,H,resp2,9,[H:11][c:5]1[c:4]([c:3]([c:2]([c:7]([c:6]1[H:12])[H:13])[O:1][H:8])[H:9])[H:10],,
9,0.14335311186592556,RESP2,hf/6-31g*,1.0,0.75,H,resp2,10,[H:11][c:5]1[c:4]([c:3]([c:2]([c:7]([c:6]1[H:12])[H:13])[O:1][H:8])[H:9])[H:10],,
10,0.17369125491970788,RESP2,hf/6-31g*,1.0,0.75,H,resp2,11,[H:11][c:5]1[c:4]([c:3]([c:2]([c:7]([c:6]1[H:12])[H:13])[O:1][H:8])[H:9])[H:10],,
11,0.14165502229531673,RESP2,hf/6-31g*,1.0,0.75,H,resp2,12,[H:11][c:5]1[c:4]([c:3]([c:2]([c:7]([c:6]1[H:12])[H:13])[O:1][H:8])[H:9])[H:10],,
12,0.18029189150810102,RESP2,hf/6-31g*,1.0,0.75,H,resp2,13,[H:11][c:5]1[c:4]([c:3]([c:2]([c:7]([c:6]1[H:12])[H:13])[O:1][H:8])[H:9])[H:10],,
0,-0.6882969240662743,RESP2,hf/6-31g*,1.0,0.8,O,resp2,1,[H:11][c:5]1[c:4]([c:3]([c:2]([c:7]([c:6]1[H:12])[H:13])[O:1][H:8])[H:9])[H:10],,
1,0.5689888103345775,RESP2,hf/6-31g*,1.0,0.8,C,resp2,2,[H:11][c:5]1[c:4]([c:3]([c:2]([c:7]([c:6]1[H:12])[H:13])[O:1][H:8])[H:9])[H:10],,
2,-0.38625081195880906,RESP2,hf/6-31g*,1.0,0.8,C,resp2,3,[H:11][c:5]1[c:4]([c:3]([c:2]([c:7]([c:6]1[H:12])[H:13])[O:1][H:8])[H:9])[H:10],,
3,-0.03928282105619874,RESP2,hf/6-31g*,1.0,0.8,C,resp2,4,[H:11][c:5]1[c:4]([c:3]([c:2]([c:7]([c:6]1[H:12])[H:13])[O:1][H:8])[H:9])[H:10],,
4,-0.29367747538832867,RESP2,hf/6-31g*,1.0,0.8,C,resp2,5,[H:11][c:5]1[c:4]([c:3]([c:2]([c:7]([c:6]1[H:12])[H:13])[O:1][H:8])[H:9])[H:10],,
5,-0.03889182012264046,RESP2,hf/6-31g*,1.0,0.8,C,resp2,6,[H:11][c:5]1[c:4]([c:3]([c:2]([c:7]([c:6]1[H:12])[H:13])[O:1][H:8])[H:9])[H:10],,
6,-0.38343609643474713,RESP2,hf/6-31g*,1.0,0.8,C,resp2,7,[H:11][c:5]1[c:4]([c:3]([c:2]([c:7]([c:6]1[H:12])[H:13])[O:1][H:8])[H:9])[H:10],,
7,0.43619614351061886,RESP2,hf/6-31g*,1.0,0.8,H,resp2,8,[H:11][c:5]1[c:4]([c:3]([c:2]([c:7]([c:6]1[H:12])[H:13])[O:1][H:8])[H:9])[H:10],,
8,0.18470421421075553,RESP2,hf/6-31g*,1.0,0.8,H,resp2,9,[H:11][c:5]1[c:4]([c:3]([c:2]([c:7]([c:6]1[H:12])[H:13])[O:1][H:8])[H:9])[H:10],,
9,0.1437250912159044,RESP2,hf/6-31g*,1.0,0.8,H,resp2,10,[H:11][c:5]1[c:4]([c:3]([c:2]([c:7]([c:6]1[H:12])[H:13])[O:1][H:8])[H:9])[H:10],,
10,0.17380865281460575,RESP2,hf/6-31g*,1.0,0.8,H,resp2,11,[H:11][c:5]1[c:4]([c:3]([c:2]([c:7]([c:6]1[H:12])[H:13])[O:1][H:8])[H:9])[H:10],,
11,0.1418740189121666,RESP2,hf/6-31g*,1.0,0.8,H,resp2,12,[H:11][c:5]1[c:4]([c:3]([c:2]([c:7]([c:6]1[H:12])[H:13])[O:1][H:8])[H:9])[H:10],,
12,0.18053901802836972,RESP2,hf/6-31g*,1.0,0.8,H,resp2,13,[H:11][c:5]1[c:4]([c:3]([c:2]([c:7]([c:6]1[H:12])[H:13])[O:1][H:8])[H:9])[H:10],,
0,-0.6911651767539563,RESP2,hf/6-31g*,1.0,0.8500000000000001,O,resp2,1,[H:11][c:5]1[c:4]([c:3]([c:2]([c:7]([c:6]1[H:12])[H:13])[O:1][H:8])[H:9])[H:10],,
1,0.5695323051206265,RESP2,hf/6-31g*,1.0,0.8500000000000001,C,resp2,2,[H:11][c:5]1[c:4]([c:3]([c:2]([c:7]([c:6]1[H:12])[H:13])[O:1][H:8])[H:9])[H:10],,
2,-0.38662880169212355,RESP2,hf/6-31g*,1.0,0.8500000000000001,C,resp2,3,[H:11][c:5]1[c:4]([c:3]([c:2]([c:7]([c:6]1[H:12])[H:13])[O:1][H:8])[H:9])[H:10],,
3,-0.03973478752518154,RESP2,hf/6-31g*,1.0,0.8500000000000001,C,resp2,4,[H:11][c:5]1[c:4]([c:3]([c:2]([c:7]([c:6]1[H:12])[H:13])[O:1][H:8])[H:9])[H:10],,
4,-0.29343174562789237,RESP2,hf/6-31g*,1.0,0.8500000000000001,C,resp2,5,[H:11][c:5]1[c:4]([c:3]([c:2]([c:7]([c:6]1[H:12])[H:13])[O:1][H:8])[H:9])[H:10],,
5,-0.03921334992410404,RESP2,hf/6-31g*,1.0,0.8500000000000001,C,resp2,6,[H:11][c:5]1[c:4]([c:3]([c:2]([c:7]([c:6]1[H:12])[H:13])[O:1][H:8])[H:9])[H:10],,
6,-0.38365666677748395,RESP2,hf/6-31g*,1.0,0.8500000000000001,C,resp2,7,[H:11][c:5]1[c:4]([c:3]([c:2]([c:7]([c:6]1[H:12])[H:13])[O:1][H:8])[H:9])[H:10],,
7,0.43820321483998154,RESP2,hf/6-31g*,1.0,0.8500000000000001,H,resp2,8,[H:11][c:5]1[c:4]([c:3]([c:2]([c:7]([c:6]1[H:12])[H:13])[O:1][H:8])[H:9])[H:10],,
8,0.1851927269870921,RESP2,hf/6-31g*,1.0,0.8500000000000001,H,resp2,9,[H:11][c:5]1[c:4]([c:3]([c:2]([c:7]([c:6]1[H:12])[H:13])[O:1][H:8])[H:9])[H:10],,
9,0.14409707056588322,RESP2,hf/6-31g*,1.0,0.8500000000000001,H,resp2,10,[H:11][c:5]1[c:4]([c:3]([c:2]([c:7]([c:6]1[H:12])[H:13])[O:1][H:8])[H:9])[H:10],,
10,0.1739260507095036,RESP2,hf/6-31g*,1.0,0.8500000000000001,H,resp2,11,[H:11][c:5]1[c:4]([c:3]([c:2]([c:7]([c:6]1[H:12])[H:13])[O:1][H:8])[H:9])[H:10],,
11,0.14209301552901646,RESP2,hf/6-31g*,1.0,0.8500000000000001,H,resp2,12,[H:11][c:5]1[c:4]([c:3]([c:2]([c:7]([c:6]1[H:12])[H:13])[O:1][H:8])[H:9])[H:10],,
12,0.1807861445486384,RESP2,hf/6-31g*,1.0,0.8500000000000001,H,resp2,13,[H:11][c:5]1[c:4]([c:3]([c:2]([c:7]([c:6]1[H:12])[H:13])[O:1][H:8])[H:9])[H:10],,
0,-0.6940334294416381,RESP2,hf/6-31g*,1.0,0.9,O,resp2,1,[H:11][c:5]1[c:4]([c:3]([c:2]([c:7]([c:6]1[H:12])[H:13])[O:1][H:8])[H:9])[H:10],,
1,0.5700757999066755,RESP2,hf/6-31g*,1.0,0.9,C,resp2,2,[H:11][c:5]1[c:4]([c:3]([c:2]([c:7]([c:6]1[H:12])[H:13])[O:1][H:8])[H:9])[H:10],,
2,-0.3870067914254381,RESP2,hf/6-31g*,1.0,0.9,C,resp2,3,[H:11][c:5]1[c:4]([c:3]([c:2]([c:7]([c:6]1[H:12])[H:13])[O:1][H:8])[H:9])[H:10],,
3,-0.04018675399416433,RESP2,hf/6-31g*,1.0,0.9,C,resp2,4,[H:11][c:5]1[c:4]([c:3]([c:2]([c:7]([c:6]1[H:12])[H:13])[O:1][H:8])[H:9])[H:10],,
4,-0.29318601586745613,RESP2,hf/6-31g*,1.0,0.9,C,resp2,5,[H:11][c:5]1[c:4]([c:3]([c:2]([c:7]([c:6]1[H:12])[H:13])[O:1][H:8])[H:9])[H:10],,
5,-0.039534879725567615,RESP2,hf/6-31g*,1.0,0.9,C,resp2,6,[H:11][c:5]1[c:4]([c:3]([c:2]([c:7]([c:6]1[H:12])[H:13])[O:1][H:8])[H:9])[H:10],,
6,-0.38387723712022087,RESP2,hf/6-31g*,1.0,0.9,C,resp2,7,[H:11][c:5]1[c:4]([c:3]([c:2]([c:7]([c:6]1[H:12])[H:13])[O:1][H:8])[H:9])[H:10],,
7,0.4402102861693442,RESP2,hf/6-31g*,1.0,0.9,H,resp2,8,[H:11][c:5]1[c:4]([c:3]([c:2]([c:7]([c:6]1[H:12])[H:13])[O:1][H:8])[H:9])[H:10],,
8,0.18568123976342865,RESP2,hf/6-31g*,1.0,0.9,H,resp2,9,[H:11][c:5]1[c:4]([c:3]([c:2]([c:7]([c:6]1[H:12])[H:13])[O:1][H:8])[H:9])[H:10],,
9,0.14446904991586204,RESP2,hf/6-31g*,1.0,0.9,H,resp2,10,[H:11][c:5]1[c:4]([c:3]([c:2]([c:7]([c:6]1[H:12])[H:13])[O:1][H:8])[H:9])[H:10],,
10,0.17404344860440146,RESP2,hf/6-31g*,1.0,0.9,H,resp2,11,[H:11][c:5]1[c:4]([c:3]([c:2]([c:7]([c:6]1[H:12])[H:13])[O:1][H:8])[H:9])[H:10],,
11,0.14231201214586633,RESP2,hf/6-31g*,1.0,0.9,H,resp2,12,[H:11][c:5]1[c:4]([c:3]([c:2]([c:7]([c:6]1[H:12])[H:13])[O:1][H:8])[H:9])[H:10],,
12,0.1810332710689071,RESP2,hf/6-31g*,1.0,0.9,H,resp2,13,[H:11][c:5]1[c:4]([c:3]([c:2]([c:7]([c:6]1[H:12])[H:13])[O:1][H:8])[H:9])[H:10],,
0,-0.6969016821293199,RESP2,hf/6-31g*,1.0,0.9500000000000001,O,resp2,1,[H:11][c:5]1[c:4]([c:3]([c:2]([c:7]([c:6]1[H:12])[H:13])[O:1][H:8])[H:9])[H:10],,
1,0.5706192946927244,RESP2,hf/6-31g*,1.0,0.9500000000000001,C,resp2,2,[H:11][c:5]1[c:4]([c:3]([c:2]([c:7]([c:6]1[H:12])[H:13])[O:1][H:8])[H:9])[H:10],,
2,-0.38738478115875274,RESP2,hf/6-31g*,1.0,0.9500000000000001,C,resp2,3,[H:11][c:5]1[c:4]([c:3]([c:2]([c:7]([c:6]1[H:12])[H:13])[O:1][H:8])[H:9])[H:10],,
3,-0.04063872046314711,RESP2,hf/6-31g*,1.0,0.9500000000000001,C,resp2,4,[H:11][c:5]1[c:4]([c:3]([c:2]([c:7]([c:6]1[H:12])[H:13])[O:1][H:8])[H:9])[H:10],,
4,-0.29294028610701983,RESP2,hf/6-31g*,1.0,0.9500000000000001,C,resp2,5,[H:11][c:5]1[c:4]([c:3]([c:2]([c:7]([c:6]1[H:12])[H:13])[O:1][H:8])[H:9])[H:10],,
5,-0.03985640952703117,RESP2,hf/6-31g*,1.0,0.9500000000000001,C,resp2,6,[H:11][c:5]1[c:4]([c:3]([c:2]([c:7]([c:6]1[H:12])[H:13])[O:1][H:8])[H:9])[H:10],,
6,-0.3840978074629577,RESP2,hf/6-31g*,1.0,0.9500000000000001,C,resp2,7,[H:11][c:5]1[c:4]([c:3]([c:2]([c:7]([c:6]1[H:12])[H:13])[O:1][H:8])[H:9])[H:10],,
7,0.44221735749870683,RESP2,hf/6-31g*,1.0,0.9500000000000001,H,resp2,8,[H:11][c:5]1[c:4]([c:3]([c:2]([c:7]([c:6]1[H:12])[H:13])[O:1][H:8])[H:9])[H:10],,
8,0.18616975253976523,RESP2,hf/6-31g*,1.0,0.9500000000000001,H,resp2,9,[H:11][c:5]1[c:4]([c:3]([c:2]([c:7]([c:6]1[H:12])[H:13])[O:1][H:8])[H:9])[H:10],,
9,0.1448410292658409,RESP2,hf/6-31g*,1.0,0.9500000000000001,H,resp2,10,[H:11][c:5]1[c:4]([c:3]([c:2]([c:7]([c:6]1[H:12])[H:13])[O:1][H:8])[H:9])[H:10],,
10,0.17416084649929933,RESP2,hf/6-31g*,1.0,0.9500000000000001,H,resp2,11,[H:11][c:5]1[c:4]([c:3]([c:2]([c:7]([c:6]1[H:12])[H:13])[O:1][H:8])[H:9])[H:10],,
11,0.14253100876271618,RESP2,hf/6-31g*,1.0,0.9500000000000001,H,resp2,12,[H:11][c:5]1[c:4]([c:3]([c:2]([c:7]([c:6]1[H:12])[H:13])[O:1][H:8])[H:9])[H:10],,
12,0.1812803975891758,RESP2,hf/6-31g*,1.0,0.9500000000000001,H,resp2,13,[H:11][c:5]1[c:4]([c:3]([c:2]([c:7]([c:6]1[H:12])[H:13])[O:1][H:8])[H:9])[H:10],,
0,-0.6997699348170018,RESP2,hf/6-31g*,1.0,1.0,O,resp2,1,[H:11][c:5]1[c:4]([c:3]([c:2]([c:7]([c:6]1[H:12])[H:13])[O:1][H:8])[H:9])[H:10],,
1,0.5711627894787733,RESP2,hf/6-31g*,1.0,1.0,C,resp2,2,[H:11][c:5]1[c:4]([c:3]([c:2]([c:7]([c:6]1[H:12])[H:13])[O:1][H:8])[H:9])[H:10],,
2,-0.3877627708920673,RESP2,hf/6-31g*,1.0,1.0,C,resp2,3,[H:11][c:5]1[c:4]([c:3]([c:2]([c:7]([c:6]1[H:12])[H:13])[O:1][H:8])[H:9])[H:10],,
3,-0.041090686932129916,RESP2,hf/6-31g*,1.0,1.0,C,resp2,4,[H:11][c:5]1[c:4]([c:3]([c:2]([c:7]([c:6]1[H:12])[H:13])[O:1][H:8])[H:9])[H:10],,
4,-0.2926945563465836,RESP2,hf/6-31g*,1.0,1.0,C,resp2,5,[H:11][c:5]1[c:4]([c:3]([c:2]([c:7]([c:6]1[H:12])[H:13])[O:1][H:8])[H:9])[H:10],,
5,-0.04017793932849476,RESP2,hf/6-31g*,1.0,1.0,C,resp2,6,[H:11][c:5]1[c:4]([c:3]([c:2]([c:7]([c:6]1[H:12])[H:13])[O:1][H:8])[H:9])[H:10],,
6,-0.38431837780569456,RESP2,hf/6-31g*,1.0,1.0,C,resp2,7,[H:11][c:5]1[c:4]([c:3]([c:2]([c:7]([c:6]1[H:12])[H:13])[O:1][H:8])[H:9])[H:10],,
7,0.4442244288280695,RESP2,hf/6-31g*,1.0,1.0,H,resp2,8,[H:11][c:5]1[c:4]([c:3]([c:2]([c:7]([c:6]1[H:12])[H:13])[O:1][H:8])[H:9])[H:10],,
8,0.18665826531610177,RESP2,hf/6-31g*,1.0,1.0,H,resp2,9,[H:11][c:5]1[c:4]([c:3]([c:2]([c:7]([c:6]1[H:12])[H:13])[O:1][H:8])[H:9])[H:10],,
9,0.14521300861581968,RESP2,hf/6-31g*,1.0,1.0,H,resp2,10,[H:11][c:5]1[c:4]([c:3]([c:2]([c:7]([c:6]1[H:12])[H:13])[O:1][H:8])[H:9])[H:10],,
10,0.17427824439419715,RESP2,hf/6-31g*,1.0,1.0,H,resp2,11,[H:11][c:5]1[c:4]([c:3]([c:2]([c:7]([c:6]1[H:12])[H:13])[O:1][H:8])[H:9])[H:10],,
11,0.142750005379566,RESP2,hf/6-31g*,1.0,1.0,H,resp2,12,[H:11][c:5]1[c:4]([c:3]([c:2]([c:7]([c:6]1[H:12])[H:13])[O:1][H:8])[H:9])[H:10],,
12,0.18152752410944445,RESP2,hf/6-31g*,1.0,1.0,H,resp2,13,[H:11][c:5]1[c:4]([c:3]([c:2]([c:7]([c:6]1[H:12])[H:13])[O:1][H:8])[H:9])[H:10],,
0,-0.6424048810638798,RESP2,hf/6-31g*,,0.0,O,resp2,1,[H:11][c:5]1[c:4]([c:3]([c:2]([c:7]([c:6]1[H:12])[H:13])[O:1][H:8])[H:9])[H:10],,
1,0.5602928937612676,RESP2,hf/6-31g*,,0.0,C,resp2,2,[H:11][c:5]1[c:4]([c:3]([c:2]([c:7]([c:6]1[H:12])[H:13])[O:1][H:8])[H:9])[H:10],,
2,-0.38020297622932747,RESP2,hf/6-31g*,,0.0,C,resp2,3,[H:11][c:5]1[c:4]([c:3]([c:2]([c:7]([c:6]1[H:12])[H:13])[O:1][H:8])[H:9])[H:10],,
3,-0.03205135754914814,RESP2,hf/6-31g*,,0.0,C,resp2,4,[H:11][c:5]1[c:4]([c:3]([c:2]([c:7]([c:6]1[H:12])[H:13])[O:1][H:8])[H:9])[H:10],,
4,-0.2976091515585399,RESP2,hf/6-31g*,,0.0,C,resp2,5,[H:11][c:5]1[c:4]([c:3]([c:2]([c:7]([c:6]1[H:12])[H:13])[O:1][H:8])[H:9])[H:10],,
5,-0.0337473432959534,RESP2,hf/6-31g*,,0.0,C,resp2,6,[H:11][c:5]1[c:4]([c:3]([c:2]([c:7]([c:6]1[H:12])[H:13])[O:1][H:8])[H:9])[H:10],,
6,-0.3799069709544293,RESP2,hf/6-31g*,,0.0,C,resp2,7,[H:11][c:5]1[c:4]([c:3]([c:2]([c:7]([c:6]1[H:12])[H:13])[O:1][H:8])[H:9])[H:10],,
7,0.40408300224079086,RESP2,hf/6-31g*,,0.0,H,resp2,8,[H:11][c:5]1[c:4]([c:3]([c:2]([c:7]([c:6]1[H:12])[H:13])[O:1][H:8])[H:9])[H:10],,
8,0.17688800979003746,RESP2,hf/6-31g*,,0.0,H,resp2,9,[H:11][c:5]1[c:4]([c:3]([c:2]([c:7]([c:6]1[H:12])[H:13])[O:1][H:8])[H:9])[H:10],,
9,0.1377734216156579,RESP2,hf/6-31g*,,0.0,H,resp2,10,[H:11][c:5]1[c:4]([c:3]([c:2]([c:7]([c:6]1[H:12])[H:13])[O:1][H:8])[H:9])[H:10],,
10,0.17193028649681763,RESP2,hf/6-31g*,,0.0,H,resp2,11,[H:11][c:5]1[c:4]([c:3]([c:2]([c:7]([c:6]1[H:12])[H:13])[O:1][H:8])[H:9])[H:10],,
11,0.13837007304199966,RESP2,hf/6-31g*,,0.0,H,resp2,12,[H:11][c:5]1[c:4]([c:3]([c:2]([c:7]([c:6]1[H:12])[H:13])[O:1][H:8])[H:9])[H:10],,
12,0.17658499370470712,RESP2,hf/6-31g*,,0.0,H,resp2,13,[H:11][c:5]1[c:4]([c:3]([c:2]([c:7]([c:6]1[H:12])[H:13])[O:1][H:8])[H:9])[H:10],,
0,-0.6452731337675421,RESP2,hf/6-31g*,,0.05,O,resp2,1,[H:11][c:5]1[c:4]([c:3]([c:2]([c:7]([c:6]1[H:12])[H:13])[O:1][H:8])[H:9])[H:10],,
1,0.5608363885444071,RESP2,hf/6-31g*,,0.05,C,resp2,2,[H:11][c:5]1[c:4]([c:3]([c:2]([c:7]([c:6]1[H:12])[H:13])[O:1][H:8])[H:9])[H:10],,
2,-0.38058096597918195,RESP2,hf/6-31g*,,0.05,C,resp2,3,[H:11][c:5]1[c:4]([c:3]([c:2]([c:7]([c:6]1[H:12])[H:13])[O:1][H:8])[H:9])[H:10],,
3,-0.03250332401714585,RESP2,hf/6-31g*,,0.05,C,resp2,4,[H:11][c:5]1[c:4]([c:3]([c:2]([c:7]([c:6]1[H:12])[H:13])[O:1][H:8])[H:9])[H:10],,
4,-0.2973634217935419,RESP2,hf/6-31g*,,0.05,C,resp2,5,[H:11][c:5]1[c:4]([c:3]([c:2]([c:7]([c:6]1[H:12])[H:13])[O:1][H:8])[H:9])[H:10],,
5,-0.03406887310320718,RESP2,hf/6-31g*,,0.05,C,resp2,6,[H:11][c:5]1[c:4]([c:3]([c:2]([c:7]([c:6]1[H:12])[H:13])[O:1][H:8])[H:9])[H:10],,
6,-0.38012754131333415,RESP2,hf/6-31g*,,0.05,C,resp2,7,[H:11][c:5]1[c:4]([c:3]([c:2]([c:7]([c:6]1[H:12])[H:13])[O:1][H:8])[H:9])[H:10],,
7,0.4060900735780708,RESP2,hf/6-31g*,,0.05,H,resp2,8,[H:11][c:5]1[c:4]([c:3]([c:2]([c:7]([c:6]1[H:12])[H:13])[O:1][H:8])[H:9])[H:10],,
8,0.17737652256873288,RESP2,hf/6-31g*,,0.05,H,resp2,9,[H:11][c:5]1[c:4]([c:3]([c:2]([c:7]([c:6]1[H:12])[H:13])[O:1][H:8])[H:9])[H:10],,
9,0.1381454009931175,RESP2,hf/6-31g*,,0.05,H,resp2,10,[H:11][c:5]1[c:4]([c:3]([c:2]([c:7]([c:6]1[H:12])[H:13])[O:1][H:8])[H:9])[H:10],,
10,0.1720476844039239,RESP2,hf/6-31g*,,0.05,H,resp2,11,[H:11][c:5]1[c:4]([c:3]([c:2]([c:7]([c:6]1[H:12])[H:13])[O:1][H:8])[H:9])[H:10],,
11,0.1385890696582104,RESP2,hf/6-31g*,,0.05,H,resp2,12,[H:11][c:5]1[c:4]([c:3]([c:2]([c:7]([c:6]1[H:12])[H:13])[O:1][H:8])[H:9])[H:10],,
12,0.1768321202274905,RESP2,hf/6-31g*,,0.05,H,resp2,13,[H:11][c:5]1[c:4]([c:3]([c:2]([c:7]([c:6]1[H:12])[H:13])[O:1][H:8])[H:9])[H:10],,
0,-0.6481413864712046,RESP2,hf/6-31g*,,0.1,O,resp2,1,[H:11][c:5]1[c:4]([c:3]([c:2]([c:7]([c:6]1[H:12])[H:13])[O:1][H:8])[H:9])[H:10],,
1,0.5613798833275468,RESP2,hf/6-31g*,,0.1,C,resp2,2,[H:11][c:5]1[c:4]([c:3]([c:2]([c:7]([c:6]1[H:12])[H:13])[O:1][H:8])[H:9])[H:10],,
2,-0.3809589557290365,RESP2,hf/6-31g*,,0.1,C,resp2,3,[H:11][c:5]1[c:4]([c:3]([c:2]([c:7]([c:6]1[H:12])[H:13])[O:1][H:8])[H:9])[H:10],,
3,-0.03295529048514353,RESP2,hf/6-31g*,,0.1,C,resp2,4,[H:11][c:5]1[c:4]([c:3]([c:2]([c:7]([c:6]1[H:12])[H:13])[O:1][H:8])[H:9])[H:10],,
4,-0.29711769202854393,RESP2,hf/6-31g*,,0.1,C,resp2,5,[H:11][c:5]1[c:4]([c:3]([c:2]([c:7]([c:6]1[H:12])[H:13])[O:1][H:8])[H:9])[H:10],,
5,-0.03439040291046093,RESP2,hf/6-31g*,,0.1,C,resp2,6,[H:11][c:5]1[c:4]([c:3]([c:2]([c:7]([c:6]1[H:12])[H:13])[O:1][H:8])[H:9])[H:10],,
6,-0.380348111672239,RESP2,hf/6-31g*,,0.1,C,resp2,7,[H:11][c:5]1[c:4]([c:3]([c:2]([c:7]([c:6]1[H:12])[H:13])[O:1][H:8])[H:9])[H:10],,
7,0.40809714491535093,RESP2,hf/6-31g*,,0.1,H,resp2,8,[H:11][c:5]1[c:4]([c:3]([c:2]([c:7]([c:6]1[H:12])[H:13])[O:1][H:8])[H:9])[H:10],,
8,0.1778650353474283,RESP2,hf/6-31g*,,0.1,H,resp2,9,[H:11][c:5]1[c:4]([c:3]([c:2]([c:7]([c:6]1[H:12])[H:13])[O:1][H:8])[H:9])[H:10],,
9,0.13851738037057715,RESP2,hf/6-31g*,,0.1,H,resp2,10,[H:11][c:5]1[c:4]([c:3]([c:2]([c:7]([c:6]1[H:12])[H:13])[O:1][H:8])[H:9])[H:10],,
10,0.1721650823110302,RESP2,hf/6-31g*,,0.1,H,resp2,11,[H:11][c:5]1[c:4]([c:3]([c:2]([c:7]([c:6]1[H:12])[H:13])[O:1][H:8])[H:9])[H:10],,
11,0.13880806627442116,RESP2,hf/6-31g*,,0.1,H,resp2,12,[H:11][c:5]1[c:4]([c:3]([c:2]([c:7]([c:6]1[H:12])[H:13])[O:1][H:8])[H:9])[H:10],,
12,0.17707924675027395,RESP2,hf/6-31g*,,0.1,H,resp2,13,[H:11][c:5]1[c:4]([c:3]([c:2]([c:7]([c:6]1[H:12])[H:13])[O:1][H:8])[H:9])[H:10],,
0,-0.6510096391748669,RESP2,hf/6-31g*,,0.15000000000000002,O,resp2,1,[H:11][c:5]1[c:4]([c:3]([c:2]([c:7]([c:6]1[H:12])[H:13])[O:1][H:8])[H:9])[H:10],,
1,0.5619233781106863,RESP2,hf/6-31g*,,0.15000000000000002,C,resp2,2,[H:11][c:5]1[c:4]([c:3]([c:2]([c:7]([c:6]1[H:12])[H:13])[O:1][H:8])[H:9])[H:10],,
2,-0.3813369454788909,RESP2,hf/6-31g*,,0.15000000000000002,C,resp2,3,[H:11][c:5]1[c:4]([c:3]([c:2]([c:7]([c:6]1[H:12])[H:13])[O:1][H:8])[H:9])[H:10],,
3,-0.033407256953141236,RESP2,hf/6-31g*,,0.15000000000000002,C,resp2,4,[H:11][c:5]1[c:4]([c:3]([c:2]([c:7]([c:6]1[H:12])[H:13])[O:1][H:8])[H:9])[H:10],,
4,-0.29687196226354595,RESP2,hf/6-31g*,,0.15000000000000002,C,resp2,5,[H:11][c:5]1[c:4]([c:3]([c:2]([c:7]([c:6]1[H:12])[H:13])[O:1][H:8])[H:9])[H:10],,
5,-0.03471193271771471,RESP2,hf/6-31g*,,0.15000000000000002,C,resp2,6,[H:11][c:5]1[c:4]([c:3]([c:2]([c:7]([c:6]1[H:12])[H:13])[O:1][H:8])[H:9])[H:10],,
6,-0.3805686820311438,RESP2,hf/6-31g*,,0.15000000000000002,C,resp2,7,[H:11][c:5]1[c:4]([c:3]([c:2]([c:7]([c:6]1[H:12])[H:13])[O:1][H:8])[H:9])[H:10],,
7,0.4101042162526309,RESP2,hf/6-31g*,,0.15000000000000002,H,resp2,8,[H:11][c:5]1[c:4]([c:3]([c:2]([c:7]([c:6]1[H:12])[H:13])[O:1][H:8])[H:9])[H:10],,
8,0.17835354812612372,RESP2,hf/6-31g*,,0.15000000000000002,H,resp2,9,[H:11][c:5]1[c:4]([c:3]([c:2]([c:7]([c:6]1[H:12])[H:13])[O:1][H:8])[H:9])[H:10],,
9,0.1388893597480368,RESP2,hf/6-31g*,,0.15000000000000002,H,resp2,10,[H:11][c:5]1[c:4]([c:3]([c:2]([c:7]([c:6]1[H:12])[H:13])[O:1][H:8])[H:9])[H:10],,
10,0.17228248021813644,RESP2,hf/6-31g*,,0.15000000000000002,H,resp2,11,[H:11][c:5]1[c:4]([c:3]([c:2]([c:7]([c:6]1[H:12])[H:13])[O:1][H:8])[H:9])[H:10],,
11,0.1390270628906319,RESP2,hf/6-31g*,,0.15000000000000002,H,resp2,12,[H:11][c:5]1[c:4]([c:3]([c:2]([c:7]([c:6]1[H:12])[H:13])[O:1][H:8])[H:9])[H:10],,
12,0.17732637327305734,RESP2,hf/6-31g*,,0.15000000000000002,H,resp2,13,[H:11][c:5]1[c:4]([c:3]([c:2]([c:7]([c:6]1[H:12])[H:13])[O:1][H:8])[H:9])[H:10],,
0,-0.6538778918785292,RESP2,hf/6-31g*,,0.2,O,resp2,1,[H:11][c:5]1[c:4]([c:3]([c:2]([c:7]([c:6]1[H:12])[H:13])[O:1][H:8])[H:9])[H:10],,
1,0.562466872893826,RESP2,hf/6-31g*,,0.2,C,resp2,2,[H:11][c:5]1[c:4]([c:3]([c:2]([c:7]([c:6]1[H:12])[H:13])[O:1][H:8])[H:9])[H:10],,
2,-0.38171493522874544,RESP2,hf/6-31g*,,0.2,C,resp2,3,[H:11][c:5]1[c:4]([c:3]([c:2]([c:7]([c:6]1[H:12])[H:13])[O:1][H:8])[H:9])[H:10],,
3,-0.03385922342113893,RESP2,hf/6-31g*,,0.2,C,resp2,4,[H:11][c:5]1[c:4]([c:3]([c:2]([c:7]([c:6]1[H:12])[H:13])[O:1][H:8])[H:9])[H:10],,
4,-0.29662623249854797,RESP2,hf/6-31g*,,0.2,C,resp2,5,[H:11][c:5]1[c:4]([c:3]([c:2]([c:7]([c:6]1[H:12])[H:13])[O:1][H:8])[H:9])[H:10],,
5,-0.03503346252496848,RESP2,hf/6-31g*,,0.2,C,resp2,6,[H:11][c:5]1[c:4]([c:3]([c:2]([c:7]([c:6]1[H:12])[H:13])[O:1][H:8])[H:9])[H:10],,
6,-0.3807892523900487,RESP2,hf/6-31g*,,0.2,C,resp2,7,[H:11][c:5]1[c:4]([c:3]([c:2]([c:7]([c:6]1[H:12])[H:13])[O:1][H:8])[H:9])[H:10],,
7,0.41211128758991095,RESP2,hf/6-31g*,,0.2,H,resp2,8,[H:11][c:5]1[c:4]([c:3]([c:2]([c:7]([c:6]1[H:12])[H:13])[O:1][H:8])[H:9])[H:10],,
8,0.1788420609048192,RESP2,hf/6-31g*,,0.2,H,resp2,9,[H:11][c:5]1[c:4]([c:3]([c:2]([c:7]([c:6]1[H:12])[H:13])[O:1][H:8])[H:9])[H:10],,
9,0.13926133912549643,RESP2,hf/6-31g*,,0.2,H,resp2,10,[H:11][c:5]1[c:4]([c:3]([c:2]([c:7]([c:6]1[H:12])[H:13])[O:1][H:8])[H:9])[H:10],,
10,0.17239987812524277,RESP2,hf/6-31g*,,0.2,H,resp2,11,[H:11][c:5]1[c:4]([c:3]([c:2]([c:7]([c:6]1[H:12])[H:13])[O:1][H:8])[H:9])[H:10],,
11,0.13924605950684268,RESP2,hf/6-31g*,,0.2,H,resp2,12,[H:11][c:5]1[c:4]([c:3]([c:2]([c:7]([c:6]1[H:12])[H:13])[O:1][H:8])[H:9])[H:10],,
12,0.17757349979584078,RESP2,hf/6-31g*,,0.2,H,resp2,13,[H:11][c:5]1[c:4]([c:3]([c:2]([c:7]([c:6]1[H:12])[H:13])[O:1][H:8])[H:9])[H:10],,
0,-0.6567461445821915,RESP2,hf/6-31g*,,0.25,O,resp2,1,[H:11][c:5]1[c:4]([c:3]([c:2]([c:7]([c:6]1[H:12])[H:13])[O:1][H:8])[H:9])[H:10],,
1,0.5630103676769656,RESP2,hf/6-31g*,,0.25,C,resp2,2,[H:11][c:5]1[c:4]([c:3]([c:2]([c:7]([c:6]1[H:12])[H:13])[O:1][H:8])[H:9])[H:10],,
2,-0.3820929249785999,RESP2,hf/6-31g*,,0.25,C,resp2,3,[H:11][c:5]1[c:4]([c:3]([c:2]([c:7]([c:6]1[H:12])[H:13])[O:1][H:8])[H:9])[H:10],,
3,-0.034311189889136645,RESP2,hf/6-31g*,,0.25,C,resp2,4,[H:11][c:5]1[c:4]([c:3]([c:2]([c:7]([c:6]1[H:12])[H:13])[O:1][H:8])[H:9])[H:10],,
4,-0.29638050273355,RESP2,hf/6-31g*,,0.25,C,resp2,5,[H:11][c:5]1[c:4]([c:3]([c:2]([c:7]([c:6]1[H:12])[H:13])[O:1][H:8])[H:9])[H:10],,
5,-0.035354992332222265,RESP2,hf/6-31g*,,0.25,C,resp2,6,[H:11][c:5]1[c:4]([c:3]([c:2]([c:7]([c:6]1[H:12])[H:13])[O:1][H:8])[H:9])[H:10],,
6,-0.3810098227489535,RESP2,hf/6-31g*,,0.25,C,resp2,7,[H:11][c:5]1[c:4]([c:3]([c:2]([c:7]([c:6]1[H:12])[H:13])[O:1][H:8])[H:9])[H:10],,
7,0.4141183589271909,RESP2,hf/6-31g*,,0.25,H,resp2,8,[H:11][c:5]1[c:4]([c:3]([c:2]([c:7]([c:6]1[H:12])[H:13])[O:1][H:8])[H:9])[H:10],,
8,0.17933057368351457,RESP2,hf/6-31g*,,0.25,H,resp2,9,[H:11][c:5]1[c:4]([c:3]([c:2]([c:7]([c:6]1[H:12])[H:13])[O:1][H:8])[H:9])[H:10],,
9,0.13963331850295604,RESP2,hf/6-31g*,,0.25,H,resp2,10,[H:11][c:5]1[c:4]([c:3]([c:2]([c:7]([c:6]1[H:12])[H:13])[O:1][H:8])[H:9])[H:10],,
10,0.172517276032349,RESP2,hf/6-31g*,,0.25,H,resp2,11,[H:11][c:5]1[c:4]([c:3]([c:2]([c:7]([c:6]1[H:12])[H:13])[O:1][H:8])[H:9])[H:10],,
11,0.1394650561230534,RESP2,hf/6-31g*,,0.25,H,resp2,12,[H:11][c:5]1[c:4]([c:3]([c:2]([c:7]([c:6]1[H:12])[H:13])[O:1][H:8])[H:9])[H:10],,
12,0.17782062631862414,RESP2,hf/6-31g*,,0.25,H,resp2,13,[H:11][c:5]1[c:4]([c:3]([c:2]([c:7]([c:6]1[H:12])[H:13])[O:1][H:8])[H:9])[H:10],,
0,-0.6596143972858538,RESP2,hf/6-31g*,,0.30000000000000004,O,resp2,1,[H:11][c:5]1[c:4]([c:3]([c:2]([c:7]([c:6]1[H:12])[H:13])[O:1][H:8])[H:9])[H:10],,
1,0.5635538624601052,RESP2,hf/6-31g*,,0.30000000000000004,C,resp2,2,[H:11][c:5]1[c:4]([c:3]([c:2]([c:7]([c:6]1[H:12])[H:13])[O:1][H:8])[H:9])[H:10],,
2,-0.38247091472845446,RESP2,hf/6-31g*,,0.30000000000000004,C,resp2,3,[H:11][c:5]1[c:4]([c:3]([c:2]([c:7]([c:6]1[H:12])[H:13])[O:1][H:8])[H:9])[H:10],,
3,-0.03476315635713433,RESP2,hf/6-31g*,,0.30000000000000004,C,resp2,4,[H:11][c:5]1[c:4]([c:3]([c:2]([c:7]([c:6]1[H:12])[H:13])[O:1][H:8])[H:9])[H:10],,
4,-0.296134772968552,RESP2,hf/6-31g*,,0.30000000000000004,C,resp2,5,[H:11][c:5]1[c:4]([c:3]([c:2]([c:7]([c:6]1[H:12])[H:13])[O:1][H:8])[H:9])[H:10],,
5,-0.03567652213947602,RESP2,hf/6-31g*,,0.30000000000000004,C,resp2,6,[H:11][c:5]1[c:4]([c:3]([c:2]([c:7]([c:6]1[H:12])[H:13])[O:1][H:8])[H:9])[H:10],,
6,-0.38123039310785833,RESP2,hf/6-31g*,,0.30000000000000004,C,resp2,7,[H:11][c:5]1[c:4]([c:3]([c:2]([c:7]([c:6]1[H:12])[H:13])[O:1][H:8])[H:9])[H:10],,
7,0.4161254302644709,RESP2,hf/6-31g*,,0.30000000000000004,H,resp2,8,[H:11][c:5]1[c:4]([c:3]([c:2]([c:7]([c:6]1[H:12])[H:13])[O:1][H:8])[H:9])[H:10],,
8,0.17981908646221,RESP2,hf/6-31g*,,0.30000000000000004,H,resp2,9,[H:11][c:5]1[c:4]([c:3]([c:2]([c:7]([c:6]1[H:12])[H:13])[O:1][H:8])[H:9])[H:10],,
9,0.14000529788041569,RESP2,hf/6-31g*,,0.30000000000000004,H,resp2,10,[H:11][c:5]1[c:4]([c:3]([c:2]([c:7]([c:6]1[H:12])[H:13])[O:1][H:8])[H:9])[H:10],,
10,0.1726346739394553,RESP2,hf/6-31g*,,0.30000000000000004,H,resp2,11,[H:11][c:5]1[c:4]([c:3]([c:2]([c:7]([c:6]1[H:12])[H:13])[O:1][H:8])[H:9])[H:10],,
11,0.13968405273926418,RESP2,hf/6-31g*,,0.30000000000000004,H,resp2,12,[H:11][c:5]1[c:4]([c:3]([c:2]([c:7]([c:6]1[H:12])[H:13])[O:1][H:8])[H:9])[H:10],,
12,0.17806775284140758,RESP2,hf/6-31g*,,0.30000000000000004,H,resp2,13,[H:11][c:5]1[c:4]([c:3]([c:2]([c:7]([c:6]1[H:12])[H:13])[O:1][H:8])[H:9])[H:10],,
0,-0.6624826499895161,RESP2,hf/6-31g*,,0.35000000000000003,O,resp2,1,[H:11][c:5]1[c:4]([c:3]([c:2]([c:7]([c:6]1[H:12])[H:13])[O:1][H:8])[H:9])[H:10],,
1,0.5640973572432448,RESP2,hf/6-31g*,,0.35000000000000003,C,resp2,2,[H:11][c:5]1[c:4]([c:3]([c:2]([c:7]([c:6]1[H:12])[H:13])[O:1][H:8])[H:9])[H:10],,
2,-0.38284890447830894,RESP2,hf/6-31g*,,0.35000000000000003,C,resp2,3,[H:11][c:5]1[c:4]([c:3]([c:2]([c:7]([c:6]1[H:12])[H:13])[O:1][H:8])[H:9])[H:10],,
3,-0.03521512282513203,RESP2,hf/6-31g*,,0.35000000000000003,C,resp2,4,[H:11][c:5]1[c:4]([c:3]([c:2]([c:7]([c:6]1[H:12])[H:13])[O:1][H:8])[H:9])[H:10],,
4,-0.295889043203554,RESP2,hf/6-31g*,,0.35000000000000003,C,resp2,5,[H:11][c:5]1[c:4]([c:3]([c:2]([c:7]([c:6]1[H:12])[H:13])[O:1][H:8])[H:9])[H:10],,
5,-0.03599805194672979,RESP2,hf/6-31g*,,0.35000000000000003,C,resp2,6,[H:11][c:5]1[c:4]([c:3]([c:2]([c:7]([c:6]1[H:12])[H:13])[O:1][H:8])[H:9])[H:10],,
6,-0.38145096346676316,RESP2,hf/6-31g*,,0.35000000000000003,C,resp2,7,[H:11][c:5]1[c:4]([c:3]([c:2]([c:7]([c:6]1[H:12])[H:13])[O:1][H:8])[H:9])[H:10],,
7,0.4181325016017509,RESP2,hf/6-31g*,,0.35000000000000003,H,resp2,8,[H:11][c:5]1[c:4]([c:3]([c:2]([c:7]([c:6]1[H:12])[H:13])[O:1][H:8])[H:9])[H:10],,
8,0.18030759924090545,RESP2,hf/6-31g*,,0.35000000000000003,H,resp2,9,[H:11][c:5]1[c:4]([c:3]([c:2]([c:7]([c:6]1[H:12])[H:13])[O:1][H:8])[H:9])[H:10],,
9,0.1403772772578753,RESP2,hf/6-31g*,,0.35000000000000003,H,resp2,10,[H:11][c:5]1[c:4]([c:3]([c:2]([c:7]([c:6]1[H:12])[H:13])[O:1][H:8])[H:9])[H:10],,
10,0.17275207184656158,RESP2,hf/6-31g*,,0.35000000000000003,H,resp2,11,[H:11][c:5]1[c:4]([c:3]([c:2]([c:7]([c:6]1[H:12])[H:13])[O:1][H:8])[H:9])[H:10],,
11,0.13990304935547493,RESP2,hf/6-31g*,,0.35000000000000003,H,resp2,12,[H:11][c:5]1[c:4]([c:3]([c:2]([c:7]([c:6]1[H:12])[H:13])[O:1][H:8])[H:9])[H:10],,
12,0.178314879364191,RESP2,hf/6-31g*,,0.35000000000000003,H,resp2,13,[H:11][c:5]1[c:4]([c:3]([c:2]([c:7]([c:6]1[H:12])[H:13])[O:1][H:8])[H:9])[H:10],,
0,-0.6653509026931785,RESP2,hf/6-31g*,,0.4,O,resp2,1,[H:11][c:5]1[c:4]([c:3]([c:2]([c:7]([c:6]1[H:12])[H:13])[O:1][H:8])[H:9])[H:10],,
1,0.5646408520263844,RESP2,hf/6-31g*,,0.4,C,resp2,2,[H:11][c:5]1[c:4]([c:3]([c:2]([c:7]([c:6]1[H:12])[H:13])[O:1][H:8])[H:9])[H:10],,
2,-0.3832268942281635,RESP2,hf/6-31g*,,0.4,C,resp2,3,[H:11][c:5]1[c:4]([c:3]([c:2]([c:7]([c:6]1[H:12])[H:13])[O:1][H:8])[H:9])[H:10],,
3,-0.03566708929312972,RESP2,hf/6-31g*,,0.4,C,resp2,4,[H:11][c:5]1[c:4]([c:3]([c:2]([c:7]([c:6]1[H:12])[H:13])[O:1][H:8])[H:9])[H:10],,
4,-0.2956433134385561,RESP2,hf/6-31g*,,0.4,C,resp2,5,[H:11][c:5]1[c:4]([c:3]([c:2]([c:7]([c:6]1[H:12])[H:13])[O:1][H:8])[H:9])[H:10],,
5,-0.03631958175398355,RESP2,hf/6-31g*,,0.4,C,resp2,6,[H:11][c:5]1[c:4]([c:3]([c:2]([c:7]([c:6]1[H:12])[H:13])[O:1][H:8])[H:9])[H:10],,
6,-0.381671533825668,RESP2,hf/6-31g*,,0.4,C,resp2,7,[H:11][c:5]1[c:4]([c:3]([c:2]([c:7]([c:6]1[H:12])[H:13])[O:1][H:8])[H:9])[H:10],,
7,0.4201395729390309,RESP2,hf/6-31g*,,0.4,H,resp2,8,[H:11][c:5]1[c:4]([c:3]([c:2]([c:7]([c:6]1[H:12])[H:13])[O:1][H:8])[H:9])[H:10],,
8,0.1807961120196009,RESP2,hf/6-31g*,,0.4,H,resp2,9,[H:11][c:5]1[c:4]([c:3]([c:2]([c:7]([c:6]1[H:12])[H:13])[O:1][H:8])[H:9])[H:10],,
9,0.14074925663533497,RESP2,hf/6-31g*,,0.4,H,resp2,10,[H:11][c:5]1[c:4]([c:3]([c:2]([c:7]([c:6]1[H:12])[H:13])[O:1][H:8])[H:9])[H:10],,
10,0.17286946975366788,RESP2,hf/6-31g*,,0.4,H,resp2,11,[H:11][c:5]1[c:4]([c:3]([c:2]([c:7]([c:6]1[H:12])[H:13])[O:1][H:8])[H:9])[H:10],,
11,0.1401220459716857,RESP2,hf/6-31g*,,0.4,H,resp2,12,[H:11][c:5]1[c:4]([c:3]([c:2]([c:7]([c:6]1[H:12])[H:13])[O:1][H:8])[H:9])[H:10],,
12,0.17856200588697443,RESP2,hf/6-31g*,,0.4,H,resp2,13,[H:11][c:5]1[c:4]([c:3]([c:2]([c:7]([c:6]1[H:12])[H:13])[O:1][H:8])[H:9])[H:10],,
0,-0.6682191553968408,RESP2,hf/6-31g*,,0.45,O,resp2,1,[H:11][c:5]1[c:4]([c:3]([c:2]([c:7]([c:6]1[H:12])[H:13])[O:1][H:8])[H:9])[H:10],,
1,0.5651843468095241,RESP2,hf/6-31g*,,0.45,C,resp2,2,[H:11][c:5]1[c:4]([c:3]([c:2]([c:7]([c:6]1[H:12])[H:13])[O:1][H:8])[H:9])[H:10],,
2,-0.38360488397801795,RESP2,hf/6-31g*,,0.45,C,resp2,3,[H:11][c:5]1[c:4]([c:3]([c:2]([c:7]([c:6]1[H:12])[H:13])[O:1][H:8])[H:9])[H:10],,
3,-0.03611905576112742,RESP2,hf/6-31g*,,0.45,C,resp2,4,[H:11][c:5]1[c:4]([c:3]([c:2]([c:7]([c:6]1[H:12])[H:13])[O:1][H:8])[H:9])[H:10],,
4,-0.29539758367355806,RESP2,hf/6-31g*,,0.45,C,resp2,5,[H:11][c:5]1[c:4]([c:3]([c:2]([c:7]([c:6]1[H:12])[H:13])[O:1][H:8])[H:9])[H:10],,
5,-0.03664111156123733,RESP2,hf/6-31g*,,0.45,C,resp2,6,[H:11][c:5]1[c:4]([c:3]([c:2]([c:7]([c:6]1[H:12])[H:13])[O:1][H:8])[H:9])[H:10],,
6,-0.3818921041845728,RESP2,hf/6-31g*,,0.45,C,resp2,7,[H:11][c:5]1[c:4]([c:3]([c:2]([c:7]([c:6]1[H:12])[H:13])[O:1][H:8])[H:9])[H:10],,
7,0.422146644276311,RESP2,hf/6-31g*,,0.45,H,resp2,8,[H:11][c:5]1[c:4]([c:3]([c:2]([c:7]([c:6]1[H:12])[H:13])[O:1][H:8])[H:9])[H:10],,
8,0.18128462479829632,RESP2,hf/6-31g*,,0.45,H,resp2,9,[H:11][c:5]1[c:4]([c:3]([c:2]([c:7]([c:6]1[H:12])[H:13])[O:1][H:8])[H:9])[H:10],,
9,0.1411212360127946,RESP2,hf/6-31g*,,0.45,H,resp2,10,[H:11][c:5]1[c:4]([c:3]([c:2]([c:7]([c:6]1[H:12])[H:13])[O:1][H:8])[H:9])[H:10],,
10,0.17298686766077417,RESP2,hf/6-31g*,,0.45,H,resp2,11,[H:11][c:5]1[c:4]([c:3]([c:2]([c:7]([c:6]1[H:12])[H:13])[O:1][H:8])[H:9])[H:10],,
11,0.14034104258789645,RESP2,hf/6-31g*,,0.45,H,resp2,12,[H:11][c:5]1[c:4]([c:3]([c:2]([c:7]([c:6]1[H:12])[H:13])[O:1][H:8])[H:9])[H:10],,
12,0.17880913240975785,RESP2,hf/6-31g*,,0.45,H,resp2,13,[H:11][c:5]1[c:4]([c:3]([c:2]([c:7]([c:6]1[H:12])[H:13])[O:1][H:8])[H:9])[H:10],,
0,-0.6710874081005032,RESP2,hf/6-31g*,,0.5,O,resp2,1,[H:11][c:5]1[c:4]([c:3]([c:2]([c:7]([c:6]1[H:12])[H:13])[O:1][H:8])[H:9])[H:10],,
1,0.5657278415926635,RESP2,hf/6-31g*,,0.5,C,resp2,2,[H:11][c:5]1[c:4]([c:3]([c:2]([c:7]([c:6]1[H:12])[H:13])[O:1][H:8])[H:9])[H:10],,
2,-0.38398287372787243,RESP2,hf/6-31g*,,0.5,C,resp2,3,[H:11][c:5]1[c:4]([c:3]([c:2]([c:7]([c:6]1[H:12])[H:13])[O:1][H:8])[H:9])[H:10],,
3,-0.0365710222291251,RESP2,hf/6-31g*,,0.5,C,resp2,4,[H:11][c:5]1[c:4]([c:3]([c:2]([c:7]([c:6]1[H:12])[H:13])[O:1][H:8])[H:9])[H:10],,
4,-0.2951518539085601,RESP2,hf/6-31g*,,0.5,C,resp2,5,[H:11][c:5]1[c:4]([c:3]([c:2]([c:7]([c:6]1[H:12])[H:13])[O:1][H:8])[H:9])[H:10],,
5,-0.03696264136849108,RESP2,hf/6-31g*,,0.5,C,resp2,6,[H:11][c:5]1[c:4]([c:3]([c:2]([c:7]([c:6]1[H:12])[H:13])[O:1][H:8])[H:9])[H:10],,
6,-0.38211267454347764,RESP2,hf/6-31g*,,0.5,C,resp2,7,[H:11][c:5]1[c:4]([c:3]([c:2]([c:7]([c:6]1[H:12])[H:13])[O:1][H:8])[H:9])[H:10],,
7,0.42415371561359094,RESP2,hf/6-31g*,,0.5,H,resp2,8,[H:11][c:5]1[c:4]([c:3]([c:2]([c:7]([c:6]1[H:12])[H:13])[O:1][H:8])[H:9])[H:10],,
8,0.18177313757699176,RESP2,hf/6-31g*,,0.5,H,resp2,9,[H:11][c:5]1[c:4]([c:3]([c:2]([c:7]([c:6]1[H:12])[H:13])[O:1][H:8])[H:9])[H:10],,
9,0.14149321539025425,RESP2,hf/6-31g*,,0.5,H,resp2,10,[H:11][c:5]1[c:4]([c:3]([c:2]([c:7]([c:6]1[H:12])[H:13])[O:1][H:8])[H:9])[H:10],,
10,0.17310426556788044,RESP2,hf/6-31g*,,0.5,H,resp2,11,[H:11][c:5]1[c:4]([c:3]([c:2]([c:7]([c:6]1[H:12])[H:13])[O:1][H:8])[H:9])[H:10],,
11,0.14056003920410723,RESP2,hf/6-31g*,,0.5,H,resp2,12,[H:11][c:5]1[c:4]([c:3]([c:2]([c:7]([c:6]1[H:12])[H:13])[O:1][H:8])[H:9])[H:10],,
12,0.17905625893254126,RESP2,hf/6-31g*,,0.5,H,resp2,13,[H:11][c:5]1[c:4]([c:3]([c:2]([c:7]([c:6]1[H:12])[H:13])[O:1][H:8])[H:9])[H:10],,
0,-0.6739556608041654,RESP2,hf/6-31g*,,0.55,O,resp2,1,[H:11][c:5]1[c:4]([c:3]([c:2]([c:7]([c:6]1[H:12])[H:13])[O:1][H:8])[H:9])[H:10],,
1,0.5662713363758033,RESP2,hf/6-31g*,,0.55,C,resp2,2,[H:11][c:5]1[c:4]([c:3]([c:2]([c:7]([c:6]1[H:12])[H:13])[O:1][H:8])[H:9])[H:10],,
2,-0.3843608634777269,RESP2,hf/6-31g*,,0.55,C,resp2,3,[H:11][c:5]1[c:4]([c:3]([c:2]([c:7]([c:6]1[H:12])[H:13])[O:1][H:8])[H:9])[H:10],,
3,-0.03702298869712281,RESP2,hf/6-31g*,,0.55,C,resp2,4,[H:11][c:5]1[c:4]([c:3]([c:2]([c:7]([c:6]1[H:12])[H:13])[O:1][H:8])[H:9])[H:10],,
4,-0.2949061241435621,RESP2,hf/6-31g*,,0.55,C,resp2,5,[H:11][c:5]1[c:4]([c:3]([c:2]([c:7]([c:6]1[H:12])[H:13])[O:1][H:8])[H:9])[H:10],,
5,-0.03728417117574486,RESP2,hf/6-31g*,,0.55,C,resp2,6,[H:11][c:5]1[c:4]([c:3]([c:2]([c:7]([c:6]1[H:12])[H:13])[O:1][H:8])[H:9])[H:10],,
6,-0.38233324490238246,RESP2,hf/6-31g*,,0.55,C,resp2,7,[H:11][c:5]1[c:4]([c:3]([c:2]([c:7]([c:6]1[H:12])[H:13])[O:1][H:8])[H:9])[H:10],,
7,0.42616078695087095,RESP2,hf/6-31g*,,0.55,H,resp2,8,[H:11][c:5]1[c:4]([c:3]([c:2]([c:7]([c:6]1[H:12])[H:13])[O:1][H:8])[H:9])[H:10],,
8,0.18226165035568717,RESP2,hf/6-31g*,,0.55,H,resp2,9,[H:11][c:5]1[c:4]([c:3]([c:2]([c:7]([c:6]1[H:12])[H:13])[O:1][H:8])[H:9])[H:10],,
9,0.14186519476771386,RESP2,hf/6-31g*,,0.55,H,resp2,10,[H:11][c:5]1[c:4]([c:3]([c:2]([c:7]([c:6]1[H:12])[H:13])[O:1][H:8])[H:9])[H:10],,
10,0.17322166347498674,RESP2,hf/6-31g*,,0.55,H,resp2,11,[H:11][c:5]1[c:4]([c:3]([c:2]([c:7]([c:6]1[H:12])[H:13])[O:1][H:8])[H:9])[H:10],,
11,0.14077903582031798,RESP2,hf/6-31g*,,0.55,H,resp2,12,[H:11][c:5]1[c:4]([c:3]([c:2]([c:7]([c:6]1[H:12])[H:13])[O:1][H:8])[H:9])[H:10],,
12,0.17930338545532465,RESP2,hf/6-31g*,,0.55,H,resp2,13,[H:11][c:5]1[c:4]([c:3]([c:2]([c:7]([c:6]1[H:12])[H:13])[O:1][H:8])[H:9])[H:10],,
0,-0.6768239135078277,RESP2,hf/6-31g*,,0.6000000000000001,O,resp2,1,[H:11][c:5]1[c:4]([c:3]([c:2]([c:7]([c:6]1[H:12])[H:13])[O:1][H:8])[H:9])[H:10],,
1,0.5668148311589429,RESP2,hf/6-31g*,,0.6000000000000001,C,resp2,2,[H:11][c:5]1[c:4]([c:3]([c:2]([c:7]([c:6]1[H:12])[H:13])[O:1][H:8])[H:9])[H:10],,
2,-0.38473885322758145,RESP2,hf/6-31g*,,0.6000000000000001,C,resp2,3,[H:11][c:5]1[c:4]([c:3]([c:2]([c:7]([c:6]1[H:12])[H:13])[O:1][H:8])[H:9])[H:10],,
3,-0.0374749551651205,RESP2,hf/6-31g*,,0.6000000000000001,C,resp2,4,[H:11][c:5]1[c:4]([c:3]([c:2]([c:7]([c:6]1[H:12])[H:13])[O:1][H:8])[H:9])[H:10],,
4,-0.2946603943785641,RESP2,hf/6-31g*,,0.6000000000000001,C,resp2,5,[H:11][c:5]1[c:4]([c:3]([c:2]([c:7]([c:6]1[H:12])[H:13])[O:1][H:8])[H:9])[H:10],,
5,-0.037605700982998626,RESP2,hf/6-31g*,,0.6000000000000001,C,resp2,6,[H:11][c:5]1[c:4]([c:3]([c:2]([c:7]([c:6]1[H:12])[H:13])[O:1][H:8])[H:9])[H:10],,
6,-0.38255381526128734,RESP2,hf/6-31g*,,0.6000000000000001,C,resp2,7,[H:11][c:5]1[c:4]([c:3]([c:2]([c:7]([c:6]1[H:12])[H:13])[O:1][H:8])[H:9])[H:10],,
7,0.4281678582881509,RESP2,hf/6-31g*,,0.6000000000000001,H,resp2,8,[H:11][c:5]1[c:4]([c:3]([c:2]([c:7]([c:6]1[H:12])[H:13])[O:1][H:8])[H:9])[H:10],,
8,0.1827501631343826,RESP2,hf/6-31g*,,0.6000000000000001,H,resp2,9,[H:11][c:5]1[c:4]([c:3]([c:2]([c:7]([c:6]1[H:12])[H:13])[O:1][H:8])[H:9])[H:10],,
9,0.1422371741451735,RESP2,hf/6-31g*,,0.6000000000000001,H,resp2,10,[H:11][c:5]1[c:4]([c:3]([c:2]([c:7]([c:6]1[H:12])[H:13])[O:1][H:8])[H:9])[H:10],,
10,0.17333906138209298,RESP2,hf/6-31g*,,0.6000000000000001,H,resp2,11,[H:11][c:5]1[c:4]([c:3]([c:2]([c:7]([c:6]1[H:12])[H:13])[O:1][H:8])[H:9])[H:10],,
11,0.14099803243652873,RESP2,hf/6-31g*,,0.6000000000000001,H,resp2,12,[H:11][c:5]1[c:4]([c:3]([c:2]([c:7]([c:6]1[H:12])[H:13])[O:1][H:8])[H:9])[H:10],,
12,0.17955051197810806,RESP2,hf/6-31g*,,0.6000000000000001,H,resp2,13,[H:11][c:5]1[c:4]([c:3]([c:2]([c:7]([c:6]1[H:12])[H:13])[O:1][H:8])[H:9])[H:10],,
0,-0.6796921662114901,RESP2,hf/6-31g*,,0.65,O,resp2,1,[H:11][c:5]1[c:4]([c:3]([c:2]([c:7]([c:6]1[H:12])[H:13])[O:1][H:8])[H:9])[H:10],,
1,0.5673583259420825,RESP2,hf/6-31g*,,0.65,C,resp2,2,[H:11][c:5]1[c:4]([c:3]([c:2]([c:7]([c:6]1[H:12])[H:13])[O:1][H:8])[H:9])[H:10],,
2,-0.3851168429774359,RESP2,hf/6-31g*,,0.65,C,resp2,3,[H:11][c:5]1[c:4]([c:3]([c:2]([c:7]([c:6]1[H:12])[H:13])[O:1][H:8])[H:9])[H:10],,
3,-0.03792692163311818,RESP2,hf/6-31g*,,0.65,C,resp2,4,[H:11][c:5]1[c:4]([c:3]([c:2]([c:7]([c:6]1[H:12])[H:13])[O:1][H:8])[H:9])[H:10],,
4,-0.29441466461356613,RESP2,hf/6-31g*,,0.65,C,resp2,5,[H:11][c:5]1[c:4]([c:3]([c:2]([c:7]([c:6]1[H:12])[H:13])[O:1][H:8])[H:9])[H:10],,
5,-0.03792723079025237,RESP2,hf/6-31g*,,0.65,C,resp2,6,[H:11][c:5]1[c:4]([c:3]([c:2]([c:7]([c:6]1[H:12])[H:13])[O:1][H:8])[H:9])[H:10],,
6,-0.3827743856201921,RESP2,hf/6-31g*,,0.65,C,resp2,7,[H:11][c:5]1[c:4]([c:3]([c:2]([c:7]([c:6]1[H:12])[H:13])[O:1][H:8])[H:9])[H:10],,
7,0.43017492962543097,RESP2,hf/6-31g*,,0.65,H,resp2,8,[H:11][c:5]1[c:4]([c:3]([c:2]([c:7]([c:6]1[H:12])[H:13])[O:1][H:8])[H:9])[H:10],,
8,0.18323867591307805,RESP2,hf/6-31g*,,0.65,H,resp2,9,[H:11][c:5]1[c:4]([c:3]([c:2]([c:7]([c:6]1[H:12])[H:13])[O:1][H:8])[H:9])[H:10],,
9,0.14260915352263318,RESP2,hf/6-31g*,,0.65,H,resp2,10,[H:11][c:5]1[c:4]([c:3]([c:2]([c:7]([c:6]1[H:12])[H:13])[O:1][H:8])[H:9])[H:10],,
10,0.1734564592891993,RESP2,hf/6-31g*,,0.65,H,resp2,11,[H:11][c:5]1[c:4]([c:3]([c:2]([c:7]([c:6]1[H:12])[H:13])[O:1][H:8])[H:9])[H:10],,
11,0.1412170290527395,RESP2,hf/6-31g*,,0.65,H,resp2,12,[H:11][c:5]1[c:4]([c:3]([c:2]([c:7]([c:6]1[H:12])[H:13])[O:1][H:8])[H:9])[H:10],,
12,0.1797976385008915,RESP2,hf/6-31g*,,0.65,H,resp2,13,[H:11][c:5]1[c:4]([c:3]([c:2]([c:7]([c:6]1[H:12])[H:13])[O:1][H:8])[H:9])[H:10],,
0,-0.6825604189151524,RESP2,hf/6-31g*,,0.7000000000000001,O,resp2,1,[H:11][c:5]1[c:4]([c:3]([c:2]([c:7]([c:6]1[H:12])[H:13])[O:1][H:8])[H:9])[H:10],,
1,0.5679018207252221,RESP2,hf/6-31g*,,0.7000000000000001,C,resp2,2,[H:11][c:5]1[c:4]([c:3]([c:2]([c:7]([c:6]1[H:12])[H:13])[O:1][H:8])[H:9])[H:10],,
2,-0.3854948327272904,RESP2,hf/6-31g*,,0.7000000000000001,C,resp2,3,[H:11][c:5]1[c:4]([c:3]([c:2]([c:7]([c:6]1[H:12])[H:13])[O:1][H:8])[H:9])[H:10],,
3,-0.03837888810111587,RESP2,hf/6-31g*,,0.7000000000000001,C,resp2,4,[H:11][c:5]1[c:4]([c:3]([c:2]([c:7]([c:6]1[H:12])[H:13])[O:1][H:8])[H:9])[H:10],,
4,-0.29416893484856815,RESP2,hf/6-31g*,,0.7000000000000001,C,resp2,5,[H:11][c:5]1[c:4]([c:3]([c:2]([c:7]([c:6]1[H:12])[H:13])[O:1][H:8])[H:9])[H:10],,
5,-0.03824876059750614,RESP2,hf/6-31g*,,0.7000000000000001,C,resp2,6,[H:11][c:5]1[c:4]([c:3]([c:2]([c:7]([c:6]1[H:12])[H:13])[O:1][H:8])[H:9])[H:10],,
6,-0.38299495597909694,RESP2,hf/6-31g*,,0.7000000000000001,C,resp2,7,[H:11][c:5]1[c:4]([c:3]([c:2]([c:7]([c:6]1[H:12])[H:13])[O:1][H:8])[H:9])[H:10],,
7,0.432182000962711,RESP2,hf/6-31g*,,0.7000000000000001,H,resp2,8,[H:11][c:5]1[c:4]([c:3]([c:2]([c:7]([c:6]1[H:12])[H:13])[O:1][H:8])[H:9])[H:10],,
8,0.18372718869177349,RESP2,hf/6-31g*,,0.7000000000000001,H,resp2,9,[H:11][c:5]1[c:4]([c:3]([c:2]([c:7]([c:6]1[H:12])[H:13])[O:1][H:8])[H:9])[H:10],,
9,0.1429811329000928,RESP2,hf/6-31g*,,0.7000000000000001,H,resp2,10,[H:11][c:5]1[c:4]([c:3]([c:2]([c:7]([c:6]1[H:12])[H:13])[O:1][H:8])[H:9])[H:10],,
10,0.17357385719630558,RESP2,hf/6-31g*,,0.7000000000000001,H,resp2,11,[H:11][c:5]1[c:4]([c:3]([c:2]([c:7]([c:6]1[H:12])[H:13])[O:1][H:8])[H:9])[H:10],,
11,0.14143602566895025,RESP2,hf/6-31g*,,0.7000000000000001,H,resp2,12,[H:11][c:5]1[c:4]([c:3]([c:2]([c:7]([c:6]1[H:12])[H:13])[O:1][H:8])[H:9])[H:10],,
12,0.18004476502367492,RESP2,hf/6-31g*,,0.7000000000000001,H,resp2,13,[H:11][c:5]1[c:4]([c:3]([c:2]([c:7]([c:6]1[H:12])[H:13])[O:1][H:8])[H:9])[H:10],,
0,-0.6854286716188147,RESP2,hf/6-31g*,,0.75,O,resp2,1,[H:11][c:5]1[c:4]([c:3]([c:2]([c:7]([c:6]1[H:12])[H:13])[O:1][H:8])[H:9])[H:10],,
1,0.5684453155083616,RESP2,hf/6-31g*,,0.75,C,resp2,2,[H:11][c:5]1[c:4]([c:3]([c:2]([c:7]([c:6]1[H:12])[H:13])[O:1][H:8])[H:9])[H:10],,
2,-0.38587282247714494,RESP2,hf/6-31g*,,0.75,C,resp2,3,[H:11][c:5]1[c:4]([c:3]([c:2]([c:7]([c:6]1[H:12])[H:13])[O:1][H:8])[H:9])[H:10],,
3,-0.038830854569113595,RESP2,hf/6-31g*,,0.75,C,resp2,4,[H:11][c:5]1[c:4]([c:3]([c:2]([c:7]([c:6]1[H:12])[H:13])[O:1][H:8])[H:9])[H:10],,
4,-0.2939232050835702,RESP2,hf/6-31g*,,0.75,C,resp2,5,[H:11][c:5]1[c:4]([c:3]([c:2]([c:7]([c:6]1[H:12])[H:13])[O:1][H:8])[H:9])[H:10],,
5,-0.038570290404759934,RESP2,hf/6-31g*,,0.75,C,resp2,6,[H:11][c:5]1[c:4]([c:3]([c:2]([c:7]([c:6]1[H:12])[H:13])[O:1][H:8])[H:9])[H:10],,
6,-0.3832155263380018,RESP2,hf/6-31g*,,0.75,C,resp2,7,[H:11][c:5]1[c:4]([c:3]([c:2]([c:7]([c:6]1[H:12])[H:13])[O:1][H:8])[H:9])[H:10],,
7,0.43418907229999093,RESP2,hf/6-31g*,,0.75,H,resp2,8,[H:11][c:5]1[c:4]([c:3]([c:2]([c:7]([c:6]1[H:12])[H:13])[O:1][H:8])[H:9])[H:10],,
8,0.1842157014704689,RESP2,hf/6-31g*,,0.75,H,resp2,9,[H:11][c:5]1[c:4]([c:3]([c:2]([c:7]([c:6]1[H:12])[H:13])[O:1][H:8])[H:9])[H:10],,
9,0.1433531122775524,RESP2,hf/6-31g*,,0.75,H,resp2,10,[H:11][c:5]1[c:4]([c:3]([c:2]([c:7]([c:6]1[H:12])[H:13])[O:1][H:8])[H:9])[H:10],,
10,0.17369125510341185,RESP2,hf/6-31g*,,0.75,H,resp2,11,[H:11][c:5]1[c:4]([c:3]([c:2]([c:7]([c:6]1[H:12])[H:13])[O:1][H:8])[H:9])[H:10],,
11,0.141655022285161,RESP2,hf/6-31g*,,0.75,H,resp2,12,[H:11][c:5]1[c:4]([c:3]([c:2]([c:7]([c:6]1[H:12])[H:13])[O:1][H:8])[H:9])[H:10],,
12,0.1802918915464583,RESP2,hf/6-31g*,,0.75,H,resp2,13,[H:11][c:5]1[c:4]([c:3]([c:2]([c:7]([c:6]1[H:12])[H:13])[O:1][H:8])[H:9])[H:10],,
0,-0.688296924322477,RESP2,hf/6-31g*,,0.8,O,resp2,1,[H:11][c:5]1[c:4]([c:3]([c:2]([c:7]([c:6]1[H:12])[H:13])[O:1][H:8])[H:9])[H:10],,
1,0.5689888102915013,RESP2,hf/6-31g*,,0.8,C,resp2,2,[H:11][c:5]1[c:4]([c:3]([c:2]([c:7]([c:6]1[H:12])[H:13])[O:1][H:8])[H:9])[H:10],,
2,-0.3862508122269994,RESP2,hf/6-31g*,,0.8,C,resp2,3,[H:11][c:5]1[c:4]([c:3]([c:2]([c:7]([c:6]1[H:12])[H:13])[O:1][H:8])[H:9])[H:10],,
3,-0.039282821037111296,RESP2,hf/6-31g*,,0.8,C,resp2,4,[H:11][c:5]1[c:4]([c:3]([c:2]([c:7]([c:6]1[H:12])[H:13])[O:1][H:8])[H:9])[H:10],,
4,-0.2936774753185722,RESP2,hf/6-31g*,,0.8,C,resp2,5,[H:11][c:5]1[c:4]([c:3]([c:2]([c:7]([c:6]1[H:12])[H:13])[O:1][H:8])[H:9])[H:10],,
5,-0.038891820212013706,RESP2,hf/6-31g*,,0.8,C,resp2,6,[H:11][c:5]1[c:4]([c:3]([c:2]([c:7]([c:6]1[H:12])[H:13])[O:1][H:8])[H:9])[H:10],,
6,-0.38343609669690665,RESP2,hf/6-31g*,,0.8,C,resp2,7,[H:11][c:5]1[c:4]([c:3]([c:2]([c:7]([c:6]1[H:12])[H:13])[O:1][H:8])[H:9])[H:10],,
7,0.436196143637271,RESP2,hf/6-31g*,,0.8,H,resp2,8,[H:11][c:5]1[c:4]([c:3]([c:2]([c:7]([c:6]1[H:12])[H:13])[O:1][H:8])[H:9])[H:10],,
8,0.18470421424916433,RESP2,hf/6-31g*,,0.8,H,resp2,9,[H:11][c:5]1[c:4]([c:3]([c:2]([c:7]([c:6]1[H:12])[H:13])[O:1][H:8])[H:9])[H:10],,
9,0.14372509165501204,RESP2,hf/6-31g*,,0.8,H,resp2,10,[H:11][c:5]1[c:4]([c:3]([c:2]([c:7]([c:6]1[H:12])[H:13])[O:1][H:8])[H:9])[H:10],,
10,0.17380865301051812,RESP2,hf/6-31g*,,0.8,H,resp2,11,[H:11][c:5]1[c:4]([c:3]([c:2]([c:7]([c:6]1[H:12])[H:13])[O:1][H:8])[H:9])[H:10],,
11,0.14187401890137175,RESP2,hf/6-31g*,,0.8,H,resp2,12,[H:11][c:5]1[c:4]([c:3]([c:2]([c:7]([c:6]1[H:12])[H:13])[O:1][H:8])[H:9])[H:10],,
12,0.18053901806924172,RESP2,hf/6-31g*,,0.8,H,resp2,13,[H:11][c:5]1[c:4]([c:3]([c:2]([c:7]([c:6]1[H:12])[H:13])[O:1][H:8])[H:9])[H:10],,
0,-0.6911651770261393,RESP2,hf/6-31g*,,0.8500000000000001,O,resp2,1,[H:11][c:5]1[c:4]([c:3]([c:2]([c:7]([c:6]1[H:12])[H:13])[O:1][H:8])[H:9])[H:10],,
1,0.569532305074641,RESP2,hf/6-31g*,,0.8500000000000001,C,resp2,2,[H:11][c:5]1[c:4]([c:3]([c:2]([c:7]([c:6]1[H:12])[H:13])[O:1][H:8])[H:9])[H:10],,
2,-0.3866288019768539,RESP2,hf/6-31g*,,0.8500000000000001,C,resp2,3,[H:11][c:5]1[c:4]([c:3]([c:2]([c:7]([c:6]1[H:12])[H:13])[O:1][H:8])[H:9])[H:10],,
3,-0.039734787505108976,RESP2,hf/6-31g*,,0.8500000000000001,C,resp2,4,[H:11][c:5]1[c:4]([c:3]([c:2]([c:7]([c:6]1[H:12])[H:13])[O:1][H:8])[H:9])[H:10],,
4,-0.29343174555357426,RESP2,hf/6-31g*,,0.8500000000000001,C,resp2,5,[H:11][c:5]1[c:4]([c:3]([c:2]([c:7]([c:6]1[H:12])[H:13])[O:1][H:8])[H:9])[H:10],,
5,-0.03921335001926746,RESP2,hf/6-31g*,,0.8500000000000001,C,resp2,6,[H:11][c:5]1[c:4]([c:3]([c:2]([c:7]([c:6]1[H:12])[H:13])[O:1][H:8])[H:9])[H:10],,
6,-0.3836566670558115,RESP2,hf/6-31g*,,0.8500000000000001,C,resp2,7,[H:11][c:5]1[c:4]([c:3]([c:2]([c:7]([c:6]1[H:12])[H:13])[O:1][H:8])[H:9])[H:10],,
7,0.43820321497455095,RESP2,hf/6-31g*,,0.8500000000000001,H,resp2,8,[H:11][c:5]1[c:4]([c:3]([c:2]([c:7]([c:6]1[H:12])[H:13])[O:1][H:8])[H:9])[H:10],,
8,0.18519272702785974,RESP2,hf/6-31g*,,0.8500000000000001,H,resp2,9,[H:11][c:5]1[c:4]([c:3]([c:2]([c:7]([c:6]1[H:12])[H:13])[O:1][H:8])[H:9])[H:10],,
9,0.1440970710324717,RESP2,hf/6-31g*,,0.8500000000000001,H,resp2,10,[H:11][c:5]1[c:4]([c:3]([c:2]([c:7]([c:6]1[H:12])[H:13])[O:1][H:8])[H:9])[H:10],,
10,0.17392605091762442,RESP2,hf/6-31g*,,0.8500000000000001,H,resp2,11,[H:11][c:5]1[c:4]([c:3]([c:2]([c:7]([c:6]1[H:12])[H:13])[O:1][H:8])[H:9])[H:10],,
11,0.14209301551758252,RESP2,hf/6-31g*,,0.8500000000000001,H,resp2,12,[H:11][c:5]1[c:4]([c:3]([c:2]([c:7]([c:6]1[H:12])[H:13])[O:1][H:8])[H:9])[H:10],,
12,0.18078614459202516,RESP2,hf/6-31g*,,0.8500000000000001,H,resp2,13,[H:11][c:5]1[c:4]([c:3]([c:2]([c:7]([c:6]1[H:12])[H:13])[O:1][H:8])[H:9])[H:10],,
0,-0.6940334297298018,RESP2,hf/6-31g*,,0.9,O,resp2,1,[H:11][c:5]1[c:4]([c:3]([c:2]([c:7]([c:6]1[H:12])[H:13])[O:1][H:8])[H:9])[H:10],,
1,0.5700757998577805,RESP2,hf/6-31g*,,0.9,C,resp2,2,[H:11][c:5]1[c:4]([c:3]([c:2]([c:7]([c:6]1[H:12])[H:13])[O:1][H:8])[H:9])[H:10],,
2,-0.3870067917267085,RESP2,hf/6-31g*,,0.9,C,resp2,3,[H:11][c:5]1[c:4]([c:3]([c:2]([c:7]([c:6]1[H:12])[H:13])[O:1][H:8])[H:9])[H:10],,
3,-0.04018675397310665,RESP2,hf/6-31g*,,0.9,C,resp2,4,[H:11][c:5]1[c:4]([c:3]([c:2]([c:7]([c:6]1[H:12])[H:13])[O:1][H:8])[H:9])[H:10],,
4,-0.2931860157885762,RESP2,hf/6-31g*,,0.9,C,resp2,5,[H:11][c:5]1[c:4]([c:3]([c:2]([c:7]([c:6]1[H:12])[H:13])[O:1][H:8])[H:9])[H:10],,
5,-0.03953487982652121,RESP2,hf/6-31g*,,0.9,C,resp2,6,[H:11][c:5]1[c:4]([c:3]([c:2]([c:7]([c:6]1[H:12])[H:13])[O:1][H:8])[H:9])[H:10],,
6,-0.3838772374147163,RESP2,hf/6-31g*,,0.9,C,resp2,7,[H:11][c:5]1[c:4]([c:3]([c:2]([c:7]([c:6]1[H:12])[H:13])[O:1][H:8])[H:9])[H:10],,
7,0.44021028631183096,RESP2,hf/6-31g*,,0.9,H,resp2,8,[H:11][c:5]1[c:4]([c:3]([c:2]([c:7]([c:6]1[H:12])[H:13])[O:1][H:8])[H:9])[H:10],,
8,0.1856812398065552,RESP2,hf/6-31g*,,0.9,H,resp2,9,[H:11][c:5]1[c:4]([c:3]([c:2]([c:7]([c:6]1[H:12])[H:13])[O:1][H:8])[H:9])[H:10],,
9,0.14446905040993135,RESP2,hf/6-31g*,,0.9,H,resp2,10,[H:11][c:5]1[c:4]([c:3]([c:2]([c:7]([c:6]1[H:12])[H:13])[O:1][H:8])[H:9])[H:10],,
10,0.17404344882473075,RESP2,hf/6-31g*,,0.9,H,resp2,11,[H:11][c:5]1[c:4]([c:3]([c:2]([c:7]([c:6]1[H:12])[H:13])[O:1][H:8])[H:9])[H:10],,
11,0.1423120121337933,RESP2,hf/6-31g*,,0.9,H,resp2,12,[H:11][c:5]1[c:4]([c:3]([c:2]([c:7]([c:6]1[H:12])[H:13])[O:1][H:8])[H:9])[H:10],,
12,0.1810332711148086,RESP2,hf/6-31g*,,0.9,H,resp2,13,[H:11][c:5]1[c:4]([c:3]([c:2]([c:7]([c:6]1[H:12])[H:13])[O:1][H:8])[H:9])[H:10],,
0,-0.696901682433464,RESP2,hf/6-31g*,,0.9500000000000001,O,resp2,1,[H:11][c:5]1[c:4]([c:3]([c:2]([c:7]([c:6]1[H:12])[H:13])[O:1][H:8])[H:9])[H:10],,
1,0.5706192946409202,RESP2,hf/6-31g*,,0.9500000000000001,C,resp2,2,[H:11][c:5]1[c:4]([c:3]([c:2]([c:7]([c:6]1[H:12])[H:13])[O:1][H:8])[H:9])[H:10],,
2,-0.38738478147656297,RESP2,hf/6-31g*,,0.9500000000000001,C,resp2,3,[H:11][c:5]1[c:4]([c:3]([c:2]([c:7]([c:6]1[H:12])[H:13])[O:1][H:8])[H:9])[H:10],,
3,-0.04063872044110437,RESP2,hf/6-31g*,,0.9500000000000001,C,resp2,4,[H:11][c:5]1[c:4]([c:3]([c:2]([c:7]([c:6]1[H:12])[H:13])[O:1][H:8])[H:9])[H:10],,
4,-0.29294028602357824,RESP2,hf/6-31g*,,0.9500000000000001,C,resp2,5,[H:11][c:5]1[c:4]([c:3]([c:2]([c:7]([c:6]1[H:12])[H:13])[O:1][H:8])[H:9])[H:10],,
5,-0.03985640963377501,RESP2,hf/6-31g*,,0.9500000000000001,C,resp2,6,[H:11][c:5]1[c:4]([c:3]([c:2]([c:7]([c:6]1[H:12])[H:13])[O:1][H:8])[H:9])[H:10],,
6,-0.3840978077736212,RESP2,hf/6-31g*,,0.9500000000000001,C,resp2,7,[H:11][c:5]1[c:4]([c:3]([c:2]([c:7]([c:6]1[H:12])[H:13])[O:1][H:8])[H:9])[H:10],,
7,0.44221735764911096,RESP2,hf/6-31g*,,0.9500000000000001,H,resp2,8,[H:11][c:5]1[c:4]([c:3]([c:2]([c:7]([c:6]1[H:12])[H:13])[O:1][H:8])[H:9])[H:10],,
8,0.18616975258525062,RESP2,hf/6-31g*,,0.9500000000000001,H,resp2,9,[H:11][c:5]1[c:4]([c:3]([c:2]([c:7]([c:6]1[H:12])[H:13])[O:1][H:8])[H:9])[H:10],,
9,0.14484102978739094,RESP2,hf/6-31g*,,0.9500000000000001,H,resp2,10,[H:11][c:5]1[c:4]([c:3]([c:2]([c:7]([c:6]1[H:12])[H:13])[O:1][H:8])[H:9])[H:10],,
10,0.174160846731837,RESP2,hf/6-31g*,,0.9500000000000001,H,resp2,11,[H:11][c:5]1[c:4]([c:3]([c:2]([c:7]([c:6]1[H:12])[H:13])[O:1][H:8])[H:9])[H:10],,
11,0.14253100875000402,RESP2,hf/6-31g*,,0.9500000000000001,H,resp2,12,[H:11][c:5]1[c:4]([c:3]([c:2]([c:7]([c:6]1[H:12])[H:13])[O:1][H:8])[H:9])[H:10],,
12,0.18128039763759196,RESP2,hf/6-31g*,,0.9500000000000001,H,resp2,13,[H:11][c:5]1[c:4]([c:3]([c:2]([c:7]([c:6]1[H:12])[H:13])[O:1][H:8])[H:9])[H:10],,
0,-0.6997699351371264,RESP2,hf/6-31g*,,1.0,O,resp2,1,[H:11][c:5]1[c:4]([c:3]([c:2]([c:7]([c:6]1[H:12])[H:13])[O:1][H:8])[H:9])[H:10],,
1,0.5711627894240597,RESP2,hf/6-31g*,,1.0,C,resp2,2,[H:11][c:5]1[c:4]([c:3]([c:2]([c:7]([c:6]1[H:12])[H:13])[O:1][H:8])[H:9])[H:10],,
2,-0.38776277122641745,RESP2,hf/6-31g*,,1.0,C,resp2,3,[H:11][c:5]1[c:4]([c:3]([c:2]([c:7]([c:6]1[H:12])[H:13])[O:1][H:8])[H:9])[H:10],,
3,-0.04109068690910206,RESP2,hf/6-31g*,,1.0,C,resp2,4,[H:11][c:5]1[c:4]([c:3]([c:2]([c:7]([c:6]1[H:12])[H:13])[O:1][H:8])[H:9])[H:10],,
4,-0.2926945562585803,RESP2,hf/6-31g*,,1.0,C,resp2,5,[H:11][c:5]1[c:4]([c:3]([c:2]([c:7]([c:6]1[H:12])[H:13])[O:1][H:8])[H:9])[H:10],,
5,-0.04017793944102876,RESP2,hf/6-31g*,,1.0,C,resp2,6,[H:11][c:5]1[c:4]([c:3]([c:2]([c:7]([c:6]1[H:12])[H:13])[O:1][H:8])[H:9])[H:10],,
6,-0.384318378132526,RESP2,hf/6-31g*,,1.0,C,resp2,7,[H:11][c:5]1[c:4]([c:3]([c:2]([c:7]([c:6]1[H:12])[H:13])[O:1][H:8])[H:9])[H:10],,
7,0.44422442898639103,RESP2,hf/6-31g*,,1.0,H,resp2,8,[H:11][c:5]1[c:4]([c:3]([c:2]([c:7]([c:6]1[H:12])[H:13])[O:1][H:8])[H:9])[H:10],,
8,0.18665826536394606,RESP2,hf/6-31g*,,1.0,H,resp2,9,[H:11][c:5]1[c:4]([c:3]([c:2]([c:7]([c:6]1[H:12])[H:13])[O:1][H:8])[H:9])[H:10],,
9,0.1452130091648506,RESP2,hf/6-31g*,,1.0,H,resp2,10,[H:11][c:5]1[c:4]([c:3]([c:2]([c:7]([c:6]1[H:12])[H:13])[O:1][H:8])[H:9])[H:10],,
10,0.17427824463894329,RESP2,hf/6-31g*,,1.0,H,resp2,11,[H:11][c:5]1[c:4]([c:3]([c:2]([c:7]([c:6]1[H:12])[H:13])[O:1][H:8])[H:9])[H:10],,
11,0.1427500053662148,RESP2,hf/6-31g*,,1.0,H,resp2,12,[H:11][c:5]1[c:4]([c:3]([c:2]([c:7]([c:6]1[H:12])[H:13])[O:1][H:8])[H:9])[H:10],,
12,0.1815275241603754,RESP2,hf/6-31g*,,1.0,H,resp2,13,[H:11][c:5]1[c:4]([c:3]([c:2]([c:7]([c:6]1[H:12])[H:13])[O:1][H:8])[H:9])[H:10],,
0,-0.6190336455978525,RESP2,b3lyp-d3bj/dzvp,1.0,0.0,O,hf,1,[H:11][c:5]1[c:4]([c:3]([c:2]([c:7]([c:6]1[H:12])[H:13])[O:1][H:8])[H:9])[H:10],,
1,0.4459982184917062,RESP2,b3lyp-d3bj/dzvp,1.0,0.0,C,hf,2,[H:11][c:5]1[c:4]([c:3]([c:2]([c:7]([c:6]1[H:12])[H:13])[O:1][H:8])[H:9])[H:10],,
2,-0.2749777300275055,RESP2,b3lyp-d3bj/dzvp,1.0,0.0,C,hf,3,[H:11][c:5]1[c:4]([c:3]([c:2]([c:7]([c:6]1[H:12])[H:13])[O:1][H:8])[H:9])[H:10],,
3,-0.09237055699163106,RESP2,b3lyp-d3bj/dzvp,1.0,0.0,C,hf,4,[H:11][c:5]1[c:4]([c:3]([c:2]([c:7]([c:6]1[H:12])[H:13])[O:1][H:8])[H:9])[H:10],,
4,-0.22322626403721502,RESP2,b3lyp-d3bj/dzvp,1.0,0.0,C,hf,5,[H:11][c:5]1[c:4]([c:3]([c:2]([c:7]([c:6]1[H:12])[H:13])[O:1][H:8])[H:9])[H:10],,
5,-0.057800237199441946,RESP2,b3lyp-d3bj/dzvp,1.0,0.0,C,hf,6,[H:11][c:5]1[c:4]([c:3]([c:2]([c:7]([c:6]1[H:12])[H:13])[O:1][H:8])[H:9])[H:10],,
6,-0.3611983301336627,RESP2,b3lyp-d3bj/dzvp,1.0,0.0,C,hf,7,[H:11][c:5]1[c:4]([c:3]([c:2]([c:7]([c:6]1[H:12])[H:13])[O:1][H:8])[H:9])[H:10],,
7,0.43492579169024137,RESP2,b3lyp-d3bj/dzvp,1.0,0.0,H,hf,8,[H:11][c:5]1[c:4]([c:3]([c:2]([c:7]([c:6]1[H:12])[H:13])[O:1][H:8])[H:9])[H:10],,
8,0.1785252335517694,RESP2,b3lyp-d3bj/dzvp,1.0,0.0,H,hf,9,[H:11][c:5]1[c:4]([c:3]([c:2]([c:7]([c:6]1[H:12])[H:13])[O:1][H:8])[H:9])[H:10],,
9,0.1339161985425397,RESP2,b3lyp-d3bj/dzvp,1.0,0.0,H,hf,10,[H:11][c:5]1[c:4]([c:3]([c:2]([c:7]([c:6]1[H:12])[H:13])[O:1][H:8])[H:9])[H:10],,
10,0.14540431179292426,RESP2,b3lyp-d3bj/dzvp,1.0,0.0,H,hf,11,[H:11][c:5]1[c:4]([c:3]([c:2]([c:7]([c:6]1[H:12])[H:13])[O:1][H:8])[H:9])[H:10],,
11,0.1326532294939912,RESP2,b3lyp-d3bj/dzvp,1.0,0.0,H,hf,12,[H:11][c:5]1[c:4]([c:3]([c:2]([c:7]([c:6]1[H:12])[H:13])[O:1][H:8])[H:9])[H:10],,
12,0.15718378042413622,RESP2,b3lyp-d3bj/dzvp,1.0,0.0,H,hf,13,[H:11][c:5]1[c:4]([c:3]([c:2]([c:7]([c:6]1[H:12])[H:13])[O:1][H:8])[H:9])[H:10],,
0,-0.6205805496517015,RESP2,b3lyp-d3bj/dzvp,1.0,0.05,O,hf,1,[H:11][c:5]1[c:4]([c:3]([c:2]([c:7]([c:6]1[H:12])[H:13])[O:1][H:8])[H:9])[H:10],,
1,0.4463660349116323,RESP2,b3lyp-d3bj/dzvp,1.0,0.05,C,hf,2,[H:11][c:5]1[c:4]([c:3]([c:2]([c:7]([c:6]1[H:12])[H:13])[O:1][H:8])[H:9])[H:10],,
2,-0.2761438664869969,RESP2,b3lyp-d3bj/dzvp,1.0,0.05,C,hf,3,[H:11][c:5]1[c:4]([c:3]([c:2]([c:7]([c:6]1[H:12])[H:13])[O:1][H:8])[H:9])[H:10],,
3,-0.09228978578548507,RESP2,b3lyp-d3bj/dzvp,1.0,0.05,C,hf,4,[H:11][c:5]1[c:4]([c:3]([c:2]([c:7]([c:6]1[H:12])[H:13])[O:1][H:8])[H:9])[H:10],,
4,-0.2235375717469704,RESP2,b3lyp-d3bj/dzvp,1.0,0.05,C,hf,5,[H:11][c:5]1[c:4]([c:3]([c:2]([c:7]([c:6]1[H:12])[H:13])[O:1][H:8])[H:9])[H:10],,
5,-0.0577391451379061,RESP2,b3lyp-d3bj/dzvp,1.0,0.05,C,hf,6,[H:11][c:5]1[c:4]([c:3]([c:2]([c:7]([c:6]1[H:12])[H:13])[O:1][H:8])[H:9])[H:10],,
6,-0.36119986641222845,RESP2,b3lyp-d3bj/dzvp,1.0,0.05,C,hf,7,[H:11][c:5]1[c:4]([c:3]([c:2]([c:7]([c:6]1[H:12])[H:13])[O:1][H:8])[H:9])[H:10],,
7,0.43605564779939465,RESP2,b3lyp-d3bj/dzvp,1.0,0.05,H,hf,8,[H:11][c:5]1[c:4]([c:3]([c:2]([c:7]([c:6]1[H:12])[H:13])[O:1][H:8])[H:9])[H:10],,
8,0.17888581863181333,RESP2,b3lyp-d3bj/dzvp,1.0,0.05,H,hf,9,[H:11][c:5]1[c:4]([c:3]([c:2]([c:7]([c:6]1[H:12])[H:13])[O:1][H:8])[H:9])[H:10],,
9,0.13424508666790821,RESP2,b3lyp-d3bj/dzvp,1.0,0.05,H,hf,10,[H:11][c:5]1[c:4]([c:3]([c:2]([c:7]([c:6]1[H:12])[H:13])[O:1][H:8])[H:9])[H:10],,
10,0.1456538894249818,RESP2,b3lyp-d3bj/dzvp,1.0,0.05,H,hf,11,[H:11][c:5]1[c:4]([c:3]([c:2]([c:7]([c:6]1[H:12])[H:13])[O:1][H:8])[H:9])[H:10],,
11,0.13282600874276057,RESP2,b3lyp-d3bj/dzvp,1.0,0.05,H,hf,12,[H:11][c:5]1[c:4]([c:3]([c:2]([c:7]([c:6]1[H:12])[H:13])[O:1][H:8])[H:9])[H:10],,
12,0.15745829904279768,RESP2,b3lyp-d3bj/dzvp,1.0,0.05,H,hf,13,[H:11][c:5]1[c:4]([c:3]([c:2]([c:7]([c:6]1[H:12])[H:13])[O:1][H:8])[H:9])[H:10],,
0,-0.6221274537055508,RESP2,b3lyp-d3bj/dzvp,1.0,0.1,O,hf,1,[H:11][c:5]1[c:4]([c:3]([c:2]([c:7]([c:6]1[H:12])[H:13])[O:1][H:8])[H:9])[H:10],,
1,0.44673385133155846,RESP2,b3lyp-d3bj/dzvp,1.0,0.1,C,hf,2,[H:11][c:5]1[c:4]([c:3]([c:2]([c:7]([c:6]1[H:12])[H:13])[O:1][H:8])[H:9])[H:10],,
2,-0.27731000294648833,RESP2,b3lyp-d3bj/dzvp,1.0,0.1,C,hf,3,[H:11][c:5]1[c:4]([c:3]([c:2]([c:7]([c:6]1[H:12])[H:13])[O:1][H:8])[H:9])[H:10],,
3,-0.09220901457933914,RESP2,b3lyp-d3bj/dzvp,1.0,0.1,C,hf,4,[H:11][c:5]1[c:4]([c:3]([c:2]([c:7]([c:6]1[H:12])[H:13])[O:1][H:8])[H:9])[H:10],,
4,-0.22384887945672582,RESP2,b3lyp-d3bj/dzvp,1.0,0.1,C,hf,5,[H:11][c:5]1[c:4]([c:3]([c:2]([c:7]([c:6]1[H:12])[H:13])[O:1][H:8])[H:9])[H:10],,
5,-0.05767805307637033,RESP2,b3lyp-d3bj/dzvp,1.0,0.1,C,hf,6,[H:11][c:5]1[c:4]([c:3]([c:2]([c:7]([c:6]1[H:12])[H:13])[O:1][H:8])[H:9])[H:10],,
6,-0.36120140269079426,RESP2,b3lyp-d3bj/dzvp,1.0,0.1,C,hf,7,[H:11][c:5]1[c:4]([c:3]([c:2]([c:7]([c:6]1[H:12])[H:13])[O:1][H:8])[H:9])[H:10],,
7,0.437185503908548,RESP2,b3lyp-d3bj/dzvp,1.0,0.1,H,hf,8,[H:11][c:5]1[c:4]([c:3]([c:2]([c:7]([c:6]1[H:12])[H:13])[O:1][H:8])[H:9])[H:10],,
8,0.1792464037118572,RESP2,b3lyp-d3bj/dzvp,1.0,0.1,H,hf,9,[H:11][c:5]1[c:4]([c:3]([c:2]([c:7]([c:6]1[H:12])[H:13])[O:1][H:8])[H:9])[H:10],,
9,0.13457397479327668,RESP2,b3lyp-d3bj/dzvp,1.0,0.1,H,hf,10,[H:11][c:5]1[c:4]([c:3]([c:2]([c:7]([c:6]1[H:12])[H:13])[O:1][H:8])[H:9])[H:10],,
10,0.14590346705703927,RESP2,b3lyp-d3bj/dzvp,1.0,0.1,H,hf,11,[H:11][c:5]1[c:4]([c:3]([c:2]([c:7]([c:6]1[H:12])[H:13])[O:1][H:8])[H:9])[H:10],,
11,0.13299878799152987,RESP2,b3lyp-d3bj/dzvp,1.0,0.1,H,hf,12,[H:11][c:5]1[c:4]([c:3]([c:2]([c:7]([c:6]1[H:12])[H:13])[O:1][H:8])[H:9])[H:10],,
12,0.15773281766145913,RESP2,b3lyp-d3bj/dzvp,1.0,0.1,H,hf,13,[H:11][c:5]1[c:4]([c:3]([c:2]([c:7]([c:6]1[H:12])[H:13])[O:1][H:8])[H:9])[H:10],,
0,-0.6236743577593997,RESP2,b3lyp-d3bj/dzvp,1.0,0.15000000000000002,O,hf,1,[H:11][c:5]1[c:4]([c:3]([c:2]([c:7]([c:6]1[H:12])[H:13])[O:1][H:8])[H:9])[H:10],,
1,0.4471016677514846,RESP2,b3lyp-d3bj/dzvp,1.0,0.15000000000000002,C,hf,2,[H:11][c:5]1[c:4]([c:3]([c:2]([c:7]([c:6]1[H:12])[H:13])[O:1][H:8])[H:9])[H:10],,
2,-0.2784761394059798,RESP2,b3lyp-d3bj/dzvp,1.0,0.15000000000000002,C,hf,3,[H:11][c:5]1[c:4]([c:3]([c:2]([c:7]([c:6]1[H:12])[H:13])[O:1][H:8])[H:9])[H:10],,
3,-0.0921282433731932,RESP2,b3lyp-d3bj/dzvp,1.0,0.15000000000000002,C,hf,4,[H:11][c:5]1[c:4]([c:3]([c:2]([c:7]([c:6]1[H:12])[H:13])[O:1][H:8])[H:9])[H:10],,
4,-0.22416018716648123,RESP2,b3lyp-d3bj/dzvp,1.0,0.15000000000000002,C,hf,5,[H:11][c:5]1[c:4]([c:3]([c:2]([c:7]([c:6]1[H:12])[H:13])[O:1][H:8])[H:9])[H:10],,
5,-0.05761696101483452,RESP2,b3lyp-d3bj/dzvp,1.0,0.15000000000000002,C,hf,6,[H:11][c:5]1[c:4]([c:3]([c:2]([c:7]([c:6]1[H:12])[H:13])[O:1][H:8])[H:9])[H:10],,
6,-0.36120293896935995,RESP2,b3lyp-d3bj/dzvp,1.0,0.15000000000000002,C,hf,7,[H:11][c:5]1[c:4]([c:3]([c:2]([c:7]([c:6]1[H:12])[H:13])[O:1][H:8])[H:9])[H:10],,
7,0.43831536001770127,RESP2,b3lyp-d3bj/dzvp,1.0,0.15000000000000002,H,hf,8,[H:11][c:5]1[c:4]([c:3]([c:2]([c:7]([c:6]1[H:12])[H:13])[O:1][H:8])[H:9])[H:10],,
8,0.17960698879190107,RESP2,b3lyp-d3bj/dzvp,1.0,0.15000000000000002,H,hf,9,[H:11][c:5]1[c:4]([c:3]([c:2]([c:7]([c:6]1[H:12])[H:13])[O:1][H:8])[H:9])[H:10],,
9,0.13490286291864514,RESP2,b3lyp-d3bj/dzvp,1.0,0.15000000000000002,H,hf,10,[H:11][c:5]1[c:4]([c:3]([c:2]([c:7]([c:6]1[H:12])[H:13])[O:1][H:8])[H:9])[H:10],,
10,0.14615304468909673,RESP2,b3lyp-d3bj/dzvp,1.0,0.15000000000000002,H,hf,11,[H:11][c:5]1[c:4]([c:3]([c:2]([c:7]([c:6]1[H:12])[H:13])[O:1][H:8])[H:9])[H:10],,
11,0.1331715672402992,RESP2,b3lyp-d3bj/dzvp,1.0,0.15000000000000002,H,hf,12,[H:11][c:5]1[c:4]([c:3]([c:2]([c:7]([c:6]1[H:12])[H:13])[O:1][H:8])[H:9])[H:10],,
12,0.15800733628012054,RESP2,b3lyp-d3bj/dzvp,1.0,0.15000000000000002,H,hf,13,[H:11][c:5]1[c:4]([c:3]([c:2]([c:7]([c:6]1[H:12])[H:13])[O:1][H:8])[H:9])[H:10],,
0,-0.6252212618132489,RESP2,b3lyp-d3bj/dzvp,1.0,0.2,O,hf,1,[H:11][c:5]1[c:4]([c:3]([c:2]([c:7]([c:6]1[H:12])[H:13])[O:1][H:8])[H:9])[H:10],,
1,0.44746948417141075,RESP2,b3lyp-d3bj/dzvp,1.0,0.2,C,hf,2,[H:11][c:5]1[c:4]([c:3]([c:2]([c:7]([c:6]1[H:12])[H:13])[O:1][H:8])[H:9])[H:10],,
2,-0.27964227586547125,RESP2,b3lyp-d3bj/dzvp,1.0,0.2,C,hf,3,[H:11][c:5]1[c:4]([c:3]([c:2]([c:7]([c:6]1[H:12])[H:13])[O:1][H:8])[H:9])[H:10],,
3,-0.09204747216704723,RESP2,b3lyp-d3bj/dzvp,1.0,0.2,C,hf,4,[H:11][c:5]1[c:4]([c:3]([c:2]([c:7]([c:6]1[H:12])[H:13])[O:1][H:8])[H:9])[H:10],,
4,-0.2244714948762367,RESP2,b3lyp-d3bj/dzvp,1.0,0.2,C,hf,5,[H:11][c:5]1[c:4]([c:3]([c:2]([c:7]([c:6]1[H:12])[H:13])[O:1][H:8])[H:9])[H:10],,
5,-0.057555868953298714,RESP2,b3lyp-d3bj/dzvp,1.0,0.2,C,hf,6,[H:11][c:5]1[c:4]([c:3]([c:2]([c:7]([c:6]1[H:12])[H:13])[O:1][H:8])[H:9])[H:10],,
6,-0.3612044752479258,RESP2,b3lyp-d3bj/dzvp,1.0,0.2,C,hf,7,[H:11][c:5]1[c:4]([c:3]([c:2]([c:7]([c:6]1[H:12])[H:13])[O:1][H:8])[H:9])[H:10],,
7,0.43944521612685455,RESP2,b3lyp-d3bj/dzvp,1.0,0.2,H,hf,8,[H:11][c:5]1[c:4]([c:3]([c:2]([c:7]([c:6]1[H:12])[H:13])[O:1][H:8])[H:9])[H:10],,
8,0.17996757387194492,RESP2,b3lyp-d3bj/dzvp,1.0,0.2,H,hf,9,[H:11][c:5]1[c:4]([c:3]([c:2]([c:7]([c:6]1[H:12])[H:13])[O:1][H:8])[H:9])[H:10],,
9,0.1352317510440136,RESP2,b3lyp-d3bj/dzvp,1.0,0.2,H,hf,10,[H:11][c:5]1[c:4]([c:3]([c:2]([c:7]([c:6]1[H:12])[H:13])[O:1][H:8])[H:9])[H:10],,
10,0.14640262232115425,RESP2,b3lyp-d3bj/dzvp,1.0,0.2,H,hf,11,[H:11][c:5]1[c:4]([c:3]([c:2]([c:7]([c:6]1[H:12])[H:13])[O:1][H:8])[H:9])[H:10],,
11,0.1333443464890685,RESP2,b3lyp-d3bj/dzvp,1.0,0.2,H,hf,12,[H:11][c:5]1[c:4]([c:3]([c:2]([c:7]([c:6]1[H:12])[H:13])[O:1][H:8])[H:9])[H:10],,
12,0.158281854898782,RESP2,b3lyp-d3bj/dzvp,1.0,0.2,H,hf,13,[H:11][c:5]1[c:4]([c:3]([c:2]([c:7]([c:6]1[H:12])[H:13])[O:1][H:8])[H:9])[H:10],,
0,-0.6267681658670979,RESP2,b3lyp-d3bj/dzvp,1.0,0.25,O,hf,1,[H:11][c:5]1[c:4]([c:3]([c:2]([c:7]([c:6]1[H:12])[H:13])[O:1][H:8])[H:9])[H:10],,
1,0.44783730059133686,RESP2,b3lyp-d3bj/dzvp,1.0,0.25,C,hf,2,[H:11][c:5]1[c:4]([c:3]([c:2]([c:7]([c:6]1[H:12])[H:13])[O:1][H:8])[H:9])[H:10],,
2,-0.2808084123249627,RESP2,b3lyp-d3bj/dzvp,1.0,0.25,C,hf,3,[H:11][c:5]1[c:4]([c:3]([c:2]([c:7]([c:6]1[H:12])[H:13])[O:1][H:8])[H:9])[H:10],,
3,-0.09196670096090127,RESP2,b3lyp-d3bj/dzvp,1.0,0.25,C,hf,4,[H:11][c:5]1[c:4]([c:3]([c:2]([c:7]([c:6]1[H:12])[H:13])[O:1][H:8])[H:9])[H:10],,
4,-0.2247828025859921,RESP2,b3lyp-d3bj/dzvp,1.0,0.25,C,hf,5,[H:11][c:5]1[c:4]([c:3]([c:2]([c:7]([c:6]1[H:12])[H:13])[O:1][H:8])[H:9])[H:10],,
5,-0.05749477689176288,RESP2,b3lyp-d3bj/dzvp,1.0,0.25,C,hf,6,[H:11][c:5]1[c:4]([c:3]([c:2]([c:7]([c:6]1[H:12])[H:13])[O:1][H:8])[H:9])[H:10],,
6,-0.36120601152649157,RESP2,b3lyp-d3bj/dzvp,1.0,0.25,C,hf,7,[H:11][c:5]1[c:4]([c:3]([c:2]([c:7]([c:6]1[H:12])[H:13])[O:1][H:8])[H:9])[H:10],,
7,0.4405750722360078,RESP2,b3lyp-d3bj/dzvp,1.0,0.25,H,hf,8,[H:11][c:5]1[c:4]([c:3]([c:2]([c:7]([c:6]1[H:12])[H:13])[O:1][H:8])[H:9])[H:10],,
8,0.18032815895198878,RESP2,b3lyp-d3bj/dzvp,1.0,0.25,H,hf,9,[H:11][c:5]1[c:4]([c:3]([c:2]([c:7]([c:6]1[H:12])[H:13])[O:1][H:8])[H:9])[H:10],,
9,0.1355606391693821,RESP2,b3lyp-d3bj/dzvp,1.0,0.25,H,hf,10,[H:11][c:5]1[c:4]([c:3]([c:2]([c:7]([c:6]1[H:12])[H:13])[O:1][H:8])[H:9])[H:10],,
10,0.14665219995321171,RESP2,b3lyp-d3bj/dzvp,1.0,0.25,H,hf,11,[H:11][c:5]1[c:4]([c:3]([c:2]([c:7]([c:6]1[H:12])[H:13])[O:1][H:8])[H:9])[H:10],,
11,0.13351712573783783,RESP2,b3lyp-d3bj/dzvp,1.0,0.25,H,hf,12,[H:11][c:5]1[c:4]([c:3]([c:2]([c:7]([c:6]1[H:12])[H:13])[O:1][H:8])[H:9])[H:10],,
12,0.15855637351744342,RESP2,b3lyp-d3bj/dzvp,1.0,0.25,H,hf,13,[H:11][c:5]1[c:4]([c:3]([c:2]([c:7]([c:6]1[H:12])[H:13])[O:1][H:8])[H:9])[H:10],,
0,-0.6283150699209471,RESP2,b3lyp-d3bj/dzvp,1.0,0.30000000000000004,O,hf,1,[H:11][c:5]1[c:4]([c:3]([c:2]([c:7]([c:6]1[H:12])[H:13])[O:1][H:8])[H:9])[H:10],,
1,0.448205117011263,RESP2,b3lyp-d3bj/dzvp,1.0,0.30000000000000004,C,hf,2,[H:11][c:5]1[c:4]([c:3]([c:2]([c:7]([c:6]1[H:12])[H:13])[O:1][H:8])[H:9])[H:10],,
2,-0.2819745487844541,RESP2,b3lyp-d3bj/dzvp,1.0,0.30000000000000004,C,hf,3,[H:11][c:5]1[c:4]([c:3]([c:2]([c:7]([c:6]1[H:12])[H:13])[O:1][H:8])[H:9])[H:10],,
3,-0.09188592975475535,RESP2,b3lyp-d3bj/dzvp,1.0,0.30000000000000004,C,hf,4,[H:11][c:5]1[c:4]([c:3]([c:2]([c:7]([c:6]1[H:12])[H:13])[O:1][H:8])[H:9])[H:10],,
4,-0.22509411029574752,RESP2,b3lyp-d3bj/dzvp,1.0,0.30000000000000004,C,hf,5,[H:11][c:5]1[c:4]([c:3]([c:2]([c:7]([c:6]1[H:12])[H:13])[O:1][H:8])[H:9])[H:10],,
5,-0.0574336848302271,RESP2,b3lyp-d3bj/dzvp,1.0,0.30000000000000004,C,hf,6,[H:11][c:5]1[c:4]([c:3]([c:2]([c:7]([c:6]1[H:12])[H:13])[O:1][H:8])[H:9])[H:10],,
6,-0.3612075478050573,RESP2,b3lyp-d3bj/dzvp,1.0,0.30000000000000004,C,hf,7,[H:11][c:5]1[c:4]([c:3]([c:2]([c:7]([c:6]1[H:12])[H:13])[O:1][H:8])[H:9])[H:10],,
7,0.4417049283451611,RESP2,b3lyp-d3bj/dzvp,1.0,0.30000000000000004,H,hf,8,[H:11][c:5]1[c:4]([c:3]([c:2]([c:7]([c:6]1[H:12])[H:13])[O:1][H:8])[H:9])[H:10],,
8,0.18068874403203267,RESP2,b3lyp-d3bj/dzvp,1.0,0.30000000000000004,H,hf,9,[H:11][c:5]1[c:4]([c:3]([c:2]([c:7]([c:6]1[H:12])[H:13])[O:1][H:8])[H:9])[H:10],,
9,0.13588952729475057,RESP2,b3lyp-d3bj/dzvp,1.0,0.30000000000000004,H,hf,10,[H:11][c:5]1[c:4]([c:3]([c:2]([c:7]([c:6]1[H:12])[H:13])[O:1][H:8])[H:9])[H:10],,
10,0.1469017775852692,RESP2,b3lyp-d3bj/dzvp,1.0,0.30000000000000004,H,hf,11,[H:11][c:5]1[c:4]([c:3]([c:2]([c:7]([c:6]1[H:12])[H:13])[O:1][H:8])[H:9])[H:10],,
11,0.13368990498660716,RESP2,b3lyp-d3bj/dzvp,1.0,0.30000000000000004,H,hf,12,[H:11][c:5]1[c:4]([c:3]([c:2]([c:7]([c:6]1[H:12])[H:13])[O:1][H:8])[H:9])[H:10],,
12,0.15883089213610485,RESP2,b3lyp-d3bj/dzvp,1.0,0.30000000000000004,H,hf,13,[H:11][c:5]1[c:4]([c:3]([c:2]([c:7]([c:6]1[H:12])[H:13])[O:1][H:8])[H:9])[H:10],,
0,-0.6298619739747962,RESP2,b3lyp-d3bj/dzvp,1.0,0.35000000000000003,O,hf,1,[H:11][c:5]1[c:4]([c:3]([c:2]([c:7]([c:6]1[H:12])[H:13])[O:1][H:8])[H:9])[H:10],,
1,0.4485729334311891,RESP2,b3lyp-d3bj/dzvp,1.0,0.35000000000000003,C,hf,2,[H:11][c:5]1[c:4]([c:3]([c:2]([c:7]([c:6]1[H:12])[H:13])[O:1][H:8])[H:9])[H:10],,
2,-0.28314068524394553,RESP2,b3lyp-d3bj/dzvp,1.0,0.35000000000000003,C,hf,3,[H:11][c:5]1[c:4]([c:3]([c:2]([c:7]([c:6]1[H:12])[H:13])[O:1][H:8])[H:9])[H:10],,
3,-0.09180515854860939,RESP2,b3lyp-d3bj/dzvp,1.0,0.35000000000000003,C,hf,4,[H:11][c:5]1[c:4]([c:3]([c:2]([c:7]([c:6]1[H:12])[H:13])[O:1][H:8])[H:9])[H:10],,
4,-0.2254054180055029,RESP2,b3lyp-d3bj/dzvp,1.0,0.35000000000000003,C,hf,5,[H:11][c:5]1[c:4]([c:3]([c:2]([c:7]([c:6]1[H:12])[H:13])[O:1][H:8])[H:9])[H:10],,
5,-0.05737259276869129,RESP2,b3lyp-d3bj/dzvp,1.0,0.35000000000000003,C,hf,6,[H:11][c:5]1[c:4]([c:3]([c:2]([c:7]([c:6]1[H:12])[H:13])[O:1][H:8])[H:9])[H:10],,
6,-0.36120908408362307,RESP2,b3lyp-d3bj/dzvp,1.0,0.35000000000000003,C,hf,7,[H:11][c:5]1[c:4]([c:3]([c:2]([c:7]([c:6]1[H:12])[H:13])[O:1][H:8])[H:9])[H:10],,
7,0.44283478445431435,RESP2,b3lyp-d3bj/dzvp,1.0,0.35000000000000003,H,hf,8,[H:11][c:5]1[c:4]([c:3]([c:2]([c:7]([c:6]1[H:12])[H:13])[O:1][H:8])[H:9])[H:10],,
8,0.18104932911207655,RESP2,b3lyp-d3bj/dzvp,1.0,0.35000000000000003,H,hf,9,[H:11][c:5]1[c:4]([c:3]([c:2]([c:7]([c:6]1[H:12])[H:13])[O:1][H:8])[H:9])[H:10],,
9,0.13621841542011903,RESP2,b3lyp-d3bj/dzvp,1.0,0.35000000000000003,H,hf,10,[H:11][c:5]1[c:4]([c:3]([c:2]([c:7]([c:6]1[H:12])[H:13])[O:1][H:8])[H:9])[H:10],,
10,0.1471513552173267,RESP2,b3lyp-d3bj/dzvp,1.0,0.35000000000000003,H,hf,11,[H:11][c:5]1[c:4]([c:3]([c:2]([c:7]([c:6]1[H:12])[H:13])[O:1][H:8])[H:9])[H:10],,
11,0.13386268423537648,RESP2,b3lyp-d3bj/dzvp,1.0,0.35000000000000003,H,hf,12,[H:11][c:5]1[c:4]([c:3]([c:2]([c:7]([c:6]1[H:12])[H:13])[O:1][H:8])[H:9])[H:10],,
12,0.15910541075476628,RESP2,b3lyp-d3bj/dzvp,1.0,0.35000000000000003,H,hf,13,[H:11][c:5]1[c:4]([c:3]([c:2]([c:7]([c:6]1[H:12])[H:13])[O:1][H:8])[H:9])[H:10],,
0,-0.6314088780286453,RESP2,b3lyp-d3bj/dzvp,1.0,0.4,O,hf,1,[H:11][c:5]1[c:4]([c:3]([c:2]([c:7]([c:6]1[H:12])[H:13])[O:1][H:8])[H:9])[H:10],,
1,0.44894074985111526,RESP2,b3lyp-d3bj/dzvp,1.0,0.4,C,hf,2,[H:11][c:5]1[c:4]([c:3]([c:2]([c:7]([c:6]1[H:12])[H:13])[O:1][H:8])[H:9])[H:10],,
2,-0.284306821703437,RESP2,b3lyp-d3bj/dzvp,1.0,0.4,C,hf,3,[H:11][c:5]1[c:4]([c:3]([c:2]([c:7]([c:6]1[H:12])[H:13])[O:1][H:8])[H:9])[H:10],,
3,-0.09172438734246344,RESP2,b3lyp-d3bj/dzvp,1.0,0.4,C,hf,4,[H:11][c:5]1[c:4]([c:3]([c:2]([c:7]([c:6]1[H:12])[H:13])[O:1][H:8])[H:9])[H:10],,
4,-0.22571672571525836,RESP2,b3lyp-d3bj/dzvp,1.0,0.4,C,hf,5,[H:11][c:5]1[c:4]([c:3]([c:2]([c:7]([c:6]1[H:12])[H:13])[O:1][H:8])[H:9])[H:10],,
5,-0.057311500707155495,RESP2,b3lyp-d3bj/dzvp,1.0,0.4,C,hf,6,[H:11][c:5]1[c:4]([c:3]([c:2]([c:7]([c:6]1[H:12])[H:13])[O:1][H:8])[H:9])[H:10],,
6,-0.3612106203621888,RESP2,b3lyp-d3bj/dzvp,1.0,0.4,C,hf,7,[H:11][c:5]1[c:4]([c:3]([c:2]([c:7]([c:6]1[H:12])[H:13])[O:1][H:8])[H:9])[H:10],,
7,0.4439646405634677,RESP2,b3lyp-d3bj/dzvp,1.0,0.4,H,hf,8,[H:11][c:5]1[c:4]([c:3]([c:2]([c:7]([c:6]1[H:12])[H:13])[O:1][H:8])[H:9])[H:10],,
8,0.18140991419212044,RESP2,b3lyp-d3bj/dzvp,1.0,0.4,H,hf,9,[H:11][c:5]1[c:4]([c:3]([c:2]([c:7]([c:6]1[H:12])[H:13])[O:1][H:8])[H:9])[H:10],,
9,0.1365473035454875,RESP2,b3lyp-d3bj/dzvp,1.0,0.4,H,hf,10,[H:11][c:5]1[c:4]([c:3]([c:2]([c:7]([c:6]1[H:12])[H:13])[O:1][H:8])[H:9])[H:10],,
10,0.14740093284938416,RESP2,b3lyp-d3bj/dzvp,1.0,0.4,H,hf,11,[H:11][c:5]1[c:4]([c:3]([c:2]([c:7]([c:6]1[H:12])[H:13])[O:1][H:8])[H:9])[H:10],,
11,0.1340354634841458,RESP2,b3lyp-d3bj/dzvp,1.0,0.4,H,hf,12,[H:11][c:5]1[c:4]([c:3]([c:2]([c:7]([c:6]1[H:12])[H:13])[O:1][H:8])[H:9])[H:10],,
12,0.1593799293734277,RESP2,b3lyp-d3bj/dzvp,1.0,0.4,H,hf,13,[H:11][c:5]1[c:4]([c:3]([c:2]([c:7]([c:6]1[H:12])[H:13])[O:1][H:8])[H:9])[H:10],,
0,-0.6329557820824944,RESP2,b3lyp-d3bj/dzvp,1.0,0.45,O,hf,1,[H:11][c:5]1[c:4]([c:3]([c:2]([c:7]([c:6]1[H:12])[H:13])[O:1][H:8])[H:9])[H:10],,
1,0.4493085662710414,RESP2,b3lyp-d3bj/dzvp,1.0,0.45,C,hf,2,[H:11][c:5]1[c:4]([c:3]([c:2]([c:7]([c:6]1[H:12])[H:13])[O:1][H:8])[H:9])[H:10],,
2,-0.2854729581629285,RESP2,b3lyp-d3bj/dzvp,1.0,0.45,C,hf,3,[H:11][c:5]1[c:4]([c:3]([c:2]([c:7]([c:6]1[H:12])[H:13])[O:1][H:8])[H:9])[H:10],,
3,-0.0916436161363175,RESP2,b3lyp-d3bj/dzvp,1.0,0.45,C,hf,4,[H:11][c:5]1[c:4]([c:3]([c:2]([c:7]([c:6]1[H:12])[H:13])[O:1][H:8])[H:9])[H:10],,
4,-0.2260280334250138,RESP2,b3lyp-d3bj/dzvp,1.0,0.45,C,hf,5,[H:11][c:5]1[c:4]([c:3]([c:2]([c:7]([c:6]1[H:12])[H:13])[O:1][H:8])[H:9])[H:10],,
5,-0.05725040864561972,RESP2,b3lyp-d3bj/dzvp,1.0,0.45,C,hf,6,[H:11][c:5]1[c:4]([c:3]([c:2]([c:7]([c:6]1[H:12])[H:13])[O:1][H:8])[H:9])[H:10],,
6,-0.3612121566407547,RESP2,b3lyp-d3bj/dzvp,1.0,0.45,C,hf,7,[H:11][c:5]1[c:4]([c:3]([c:2]([c:7]([c:6]1[H:12])[H:13])[O:1][H:8])[H:9])[H:10],,
7,0.44509449667262097,RESP2,b3lyp-d3bj/dzvp,1.0,0.45,H,hf,8,[H:11][c:5]1[c:4]([c:3]([c:2]([c:7]([c:6]1[H:12])[H:13])[O:1][H:8])[H:9])[H:10],,
8,0.1817704992721643,RESP2,b3lyp-d3bj/dzvp,1.0,0.45,H,hf,9,[H:11][c:5]1[c:4]([c:3]([c:2]([c:7]([c:6]1[H:12])[H:13])[O:1][H:8])[H:9])[H:10],,
9,0.13687619167085596,RESP2,b3lyp-d3bj/dzvp,1.0,0.45,H,hf,10,[H:11][c:5]1[c:4]([c:3]([c:2]([c:7]([c:6]1[H:12])[H:13])[O:1][H:8])[H:9])[H:10],,
10,0.14765051048144165,RESP2,b3lyp-d3bj/dzvp,1.0,0.45,H,hf,11,[H:11][c:5]1[c:4]([c:3]([c:2]([c:7]([c:6]1[H:12])[H:13])[O:1][H:8])[H:9])[H:10],,
11,0.13420824273291512,RESP2,b3lyp-d3bj/dzvp,1.0,0.45,H,hf,12,[H:11][c:5]1[c:4]([c:3]([c:2]([c:7]([c:6]1[H:12])[H:13])[O:1][H:8])[H:9])[H:10],,
12,0.15965444799208914,RESP2,b3lyp-d3bj/dzvp,1.0,0.45,H,hf,13,[H:11][c:5]1[c:4]([c:3]([c:2]([c:7]([c:6]1[H:12])[H:13])[O:1][H:8])[H:9])[H:10],,
0,-0.6345026861363435,RESP2,b3lyp-d3bj/dzvp,1.0,0.5,O,hf,1,[H:11][c:5]1[c:4]([c:3]([c:2]([c:7]([c:6]1[H:12])[H:13])[O:1][H:8])[H:9])[H:10],,
1,0.4496763826909675,RESP2,b3lyp-d3bj/dzvp,1.0,0.5,C,hf,2,[H:11][c:5]1[c:4]([c:3]([c:2]([c:7]([c:6]1[H:12])[H:13])[O:1][H:8])[H:9])[H:10],,
2,-0.2866390946224199,RESP2,b3lyp-d3bj/dzvp,1.0,0.5,C,hf,3,[H:11][c:5]1[c:4]([c:3]([c:2]([c:7]([c:6]1[H:12])[H:13])[O:1][H:8])[H:9])[H:10],,
3,-0.09156284493017153,RESP2,b3lyp-d3bj/dzvp,1.0,0.5,C,hf,4,[H:11][c:5]1[c:4]([c:3]([c:2]([c:7]([c:6]1[H:12])[H:13])[O:1][H:8])[H:9])[H:10],,
4,-0.22633934113476922,RESP2,b3lyp-d3bj/dzvp,1.0,0.5,C,hf,5,[H:11][c:5]1[c:4]([c:3]([c:2]([c:7]([c:6]1[H:12])[H:13])[O:1][H:8])[H:9])[H:10],,
5,-0.05718931658408389,RESP2,b3lyp-d3bj/dzvp,1.0,0.5,C,hf,6,[H:11][c:5]1[c:4]([c:3]([c:2]([c:7]([c:6]1[H:12])[H:13])[O:1][H:8])[H:9])[H:10],,
6,-0.3612136929193204,RESP2,b3lyp-d3bj/dzvp,1.0,0.5,C,hf,7,[H:11][c:5]1[c:4]([c:3]([c:2]([c:7]([c:6]1[H:12])[H:13])[O:1][H:8])[H:9])[H:10],,
7,0.44622435278177425,RESP2,b3lyp-d3bj/dzvp,1.0,0.5,H,hf,8,[H:11][c:5]1[c:4]([c:3]([c:2]([c:7]([c:6]1[H:12])[H:13])[O:1][H:8])[H:9])[H:10],,
8,0.18213108435220812,RESP2,b3lyp-d3bj/dzvp,1.0,0.5,H,hf,9,[H:11][c:5]1[c:4]([c:3]([c:2]([c:7]([c:6]1[H:12])[H:13])[O:1][H:8])[H:9])[H:10],,
9,0.13720507979622443,RESP2,b3lyp-d3bj/dzvp,1.0,0.5,H,hf,10,[H:11][c:5]1[c:4]([c:3]([c:2]([c:7]([c:6]1[H:12])[H:13])[O:1][H:8])[H:9])[H:10],,
10,0.1479000881134991,RESP2,b3lyp-d3bj/dzvp,1.0,0.5,H,hf,11,[H:11][c:5]1[c:4]([c:3]([c:2]([c:7]([c:6]1[H:12])[H:13])[O:1][H:8])[H:9])[H:10],,
11,0.13438102198168442,RESP2,b3lyp-d3bj/dzvp,1.0,0.5,H,hf,12,[H:11][c:5]1[c:4]([c:3]([c:2]([c:7]([c:6]1[H:12])[H:13])[O:1][H:8])[H:9])[H:10],,
12,0.15992896661075057,RESP2,b3lyp-d3bj/dzvp,1.0,0.5,H,hf,13,[H:11][c:5]1[c:4]([c:3]([c:2]([c:7]([c:6]1[H:12])[H:13])[O:1][H:8])[H:9])[H:10],,
0,-0.6360495901901926,RESP2,b3lyp-d3bj/dzvp,1.0,0.55,O,hf,1,[H:11][c:5]1[c:4]([c:3]([c:2]([c:7]([c:6]1[H:12])[H:13])[O:1][H:8])[H:9])[H:10],,
1,0.45004419911089366,RESP2,b3lyp-d3bj/dzvp,1.0,0.55,C,hf,2,[H:11][c:5]1[c:4]([c:3]([c:2]([c:7]([c:6]1[H:12])[H:13])[O:1][H:8])[H:9])[H:10],,
2,-0.28780523108191136,RESP2,b3lyp-d3bj/dzvp,1.0,0.55,C,hf,3,[H:11][c:5]1[c:4]([c:3]([c:2]([c:7]([c:6]1[H:12])[H:13])[O:1][H:8])[H:9])[H:10],,
3,-0.09148207372402559,RESP2,b3lyp-d3bj/dzvp,1.0,0.55,C,hf,4,[H:11][c:5]1[c:4]([c:3]([c:2]([c:7]([c:6]1[H:12])[H:13])[O:1][H:8])[H:9])[H:10],,
4,-0.22665064884452465,RESP2,b3lyp-d3bj/dzvp,1.0,0.55,C,hf,5,[H:11][c:5]1[c:4]([c:3]([c:2]([c:7]([c:6]1[H:12])[H:13])[O:1][H:8])[H:9])[H:10],,
5,-0.05712822452254809,RESP2,b3lyp-d3bj/dzvp,1.0,0.55,C,hf,6,[H:11][c:5]1[c:4]([c:3]([c:2]([c:7]([c:6]1[H:12])[H:13])[O:1][H:8])[H:9])[H:10],,
6,-0.3612152291978862,RESP2,b3lyp-d3bj/dzvp,1.0,0.55,C,hf,7,[H:11][c:5]1[c:4]([c:3]([c:2]([c:7]([c:6]1[H:12])[H:13])[O:1][H:8])[H:9])[H:10],,
7,0.4473542088909276,RESP2,b3lyp-d3bj/dzvp,1.0,0.55,H,hf,8,[H:11][c:5]1[c:4]([c:3]([c:2]([c:7]([c:6]1[H:12])[H:13])[O:1][H:8])[H:9])[H:10],,
8,0.182491669432252,RESP2,b3lyp-d3bj/dzvp,1.0,0.55,H,hf,9,[H:11][c:5]1[c:4]([c:3]([c:2]([c:7]([c:6]1[H:12])[H:13])[O:1][H:8])[H:9])[H:10],,
9,0.1375339679215929,RESP2,b3lyp-d3bj/dzvp,1.0,0.55,H,hf,10,[H:11][c:5]1[c:4]([c:3]([c:2]([c:7]([c:6]1[H:12])[H:13])[O:1][H:8])[H:9])[H:10],,
10,0.1481496657455566,RESP2,b3lyp-d3bj/dzvp,1.0,0.55,H,hf,11,[H:11][c:5]1[c:4]([c:3]([c:2]([c:7]([c:6]1[H:12])[H:13])[O:1][H:8])[H:9])[H:10],,
11,0.13455380123045374,RESP2,b3lyp-d3bj/dzvp,1.0,0.55,H,hf,12,[H:11][c:5]1[c:4]([c:3]([c:2]([c:7]([c:6]1[H:12])[H:13])[O:1][H:8])[H:9])[H:10],,
12,0.160203485229412,RESP2,b3lyp-d3bj/dzvp,1.0,0.55,H,hf,13,[H:11][c:5]1[c:4]([c:3]([c:2]([c:7]([c:6]1[H:12])[H:13])[O:1][H:8])[H:9])[H:10],,
0,-0.6375964942440417,RESP2,b3lyp-d3bj/dzvp,1.0,0.6000000000000001,O,hf,1,[H:11][c:5]1[c:4]([c:3]([c:2]([c:7]([c:6]1[H:12])[H:13])[O:1][H:8])[H:9])[H:10],,
1,0.45041201553081983,RESP2,b3lyp-d3bj/dzvp,1.0,0.6000000000000001,C,hf,2,[H:11][c:5]1[c:4]([c:3]([c:2]([c:7]([c:6]1[H:12])[H:13])[O:1][H:8])[H:9])[H:10],,
2,-0.2889713675414028,RESP2,b3lyp-d3bj/dzvp,1.0,0.6000000000000001,C,hf,3,[H:11][c:5]1[c:4]([c:3]([c:2]([c:7]([c:6]1[H:12])[H:13])[O:1][H:8])[H:9])[H:10],,
3,-0.09140130251787965,RESP2,b3lyp-d3bj/dzvp,1.0,0.6000000000000001,C,hf,4,[H:11][c:5]1[c:4]([c:3]([c:2]([c:7]([c:6]1[H:12])[H:13])[O:1][H:8])[H:9])[H:10],,
4,-0.22696195655428006,RESP2,b3lyp-d3bj/dzvp,1.0,0.6000000000000001,C,hf,5,[H:11][c:5]1[c:4]([c:3]([c:2]([c:7]([c:6]1[H:12])[H:13])[O:1][H:8])[H:9])[H:10],,
5,-0.05706713246101229,RESP2,b3lyp-d3bj/dzvp,1.0,0.6000000000000001,C,hf,6,[H:11][c:5]1[c:4]([c:3]([c:2]([c:7]([c:6]1[H:12])[H:13])[O:1][H:8])[H:9])[H:10],,
6,-0.36121676547645193,RESP2,b3lyp-d3bj/dzvp,1.0,0.6000000000000001,C,hf,7,[H:11][c:5]1[c:4]([c:3]([c:2]([c:7]([c:6]1[H:12])[H:13])[O:1][H:8])[H:9])[H:10],,
7,0.4484840650000809,RESP2,b3lyp-d3bj/dzvp,1.0,0.6000000000000001,H,hf,8,[H:11][c:5]1[c:4]([c:3]([c:2]([c:7]([c:6]1[H:12])[H:13])[O:1][H:8])[H:9])[H:10],,
8,0.1828522545122959,RESP2,b3lyp-d3bj/dzvp,1.0,0.6000000000000001,H,hf,9,[H:11][c:5]1[c:4]([c:3]([c:2]([c:7]([c:6]1[H:12])[H:13])[O:1][H:8])[H:9])[H:10],,
9,0.13786285604696139,RESP2,b3lyp-d3bj/dzvp,1.0,0.6000000000000001,H,hf,10,[H:11][c:5]1[c:4]([c:3]([c:2]([c:7]([c:6]1[H:12])[H:13])[O:1][H:8])[H:9])[H:10],,
10,0.1483992433776141,RESP2,b3lyp-d3bj/dzvp,1.0,0.6000000000000001,H,hf,11,[H:11][c:5]1[c:4]([c:3]([c:2]([c:7]([c:6]1[H:12])[H:13])[O:1][H:8])[H:9])[H:10],,
11,0.13472658047922306,RESP2,b3lyp-d3bj/dzvp,1.0,0.6000000000000001,H,hf,12,[H:11][c:5]1[c:4]([c:3]([c:2]([c:7]([c:6]1[H:12])[H:13])[O:1][H:8])[H:9])[H:10],,
12,0.16047800384807345,RESP2,b3lyp-d3bj/dzvp,1.0,0.6000000000000001,H,hf,13,[H:11][c:5]1[c:4]([c:3]([c:2]([c:7]([c:6]1[H:12])[H:13])[O:1][H:8])[H:9])[H:10],,
0,-0.6391433982978908,RESP2,b3lyp-d3bj/dzvp,1.0,0.65,O,hf,1,[H:11][c:5]1[c:4]([c:3]([c:2]([c:7]([c:6]1[H:12])[H:13])[O:1][H:8])[H:9])[H:10],,
1,0.4507798319507459,RESP2,b3lyp-d3bj/dzvp,1.0,0.65,C,hf,2,[H:11][c:5]1[c:4]([c:3]([c:2]([c:7]([c:6]1[H:12])[H:13])[O:1][H:8])[H:9])[H:10],,
2,-0.2901375040008942,RESP2,b3lyp-d3bj/dzvp,1.0,0.65,C,hf,3,[H:11][c:5]1[c:4]([c:3]([c:2]([c:7]([c:6]1[H:12])[H:13])[O:1][H:8])[H:9])[H:10],,
3,-0.09132053131173366,RESP2,b3lyp-d3bj/dzvp,1.0,0.65,C,hf,4,[H:11][c:5]1[c:4]([c:3]([c:2]([c:7]([c:6]1[H:12])[H:13])[O:1][H:8])[H:9])[H:10],,
4,-0.2272732642640355,RESP2,b3lyp-d3bj/dzvp,1.0,0.65,C,hf,5,[H:11][c:5]1[c:4]([c:3]([c:2]([c:7]([c:6]1[H:12])[H:13])[O:1][H:8])[H:9])[H:10],,
5,-0.05700604039947647,RESP2,b3lyp-d3bj/dzvp,1.0,0.65,C,hf,6,[H:11][c:5]1[c:4]([c:3]([c:2]([c:7]([c:6]1[H:12])[H:13])[O:1][H:8])[H:9])[H:10],,
6,-0.3612183017550177,RESP2,b3lyp-d3bj/dzvp,1.0,0.65,C,hf,7,[H:11][c:5]1[c:4]([c:3]([c:2]([c:7]([c:6]1[H:12])[H:13])[O:1][H:8])[H:9])[H:10],,
7,0.44961392110923415,RESP2,b3lyp-d3bj/dzvp,1.0,0.65,H,hf,8,[H:11][c:5]1[c:4]([c:3]([c:2]([c:7]([c:6]1[H:12])[H:13])[O:1][H:8])[H:9])[H:10],,
8,0.18321283959233975,RESP2,b3lyp-d3bj/dzvp,1.0,0.65,H,hf,9,[H:11][c:5]1[c:4]([c:3]([c:2]([c:7]([c:6]1[H:12])[H:13])[O:1][H:8])[H:9])[H:10],,
9,0.13819174417232985,RESP2,b3lyp-d3bj/dzvp,1.0,0.65,H,hf,10,[H:11][c:5]1[c:4]([c:3]([c:2]([c:7]([c:6]1[H:12])[H:13])[O:1][H:8])[H:9])[H:10],,
10,0.14864882100967156,RESP2,b3lyp-d3bj/dzvp,1.0,0.65,H,hf,11,[H:11][c:5]1[c:4]([c:3]([c:2]([c:7]([c:6]1[H:12])[H:13])[O:1][H:8])[H:9])[H:10],,
11,0.13489935972799239,RESP2,b3lyp-d3bj/dzvp,1.0,0.65,H,hf,12,[H:11][c:5]1[c:4]([c:3]([c:2]([c:7]([c:6]1[H:12])[H:13])[O:1][H:8])[H:9])[H:10],,
12,0.16075252246673485,RESP2,b3lyp-d3bj/dzvp,1.0,0.65,H,hf,13,[H:11][c:5]1[c:4]([c:3]([c:2]([c:7]([c:6]1[H:12])[H:13])[O:1][H:8])[H:9])[H:10],,
0,-0.64069030235174,RESP2,b3lyp-d3bj/dzvp,1.0,0.7000000000000001,O,hf,1,[H:11][c:5]1[c:4]([c:3]([c:2]([c:7]([c:6]1[H:12])[H:13])[O:1][H:8])[H:9])[H:10],,
1,0.451147648370672,RESP2,b3lyp-d3bj/dzvp,1.0,0.7000000000000001,C,hf,2,[H:11][c:5]1[c:4]([c:3]([c:2]([c:7]([c:6]1[H:12])[H:13])[O:1][H:8])[H:9])[H:10],,
2,-0.2913036404603857,RESP2,b3lyp-d3bj/dzvp,1.0,0.7000000000000001,C,hf,3,[H:11][c:5]1[c:4]([c:3]([c:2]([c:7]([c:6]1[H:12])[H:13])[O:1][H:8])[H:9])[H:10],,
3,-0.09123976010558774,RESP2,b3lyp-d3bj/dzvp,1.0,0.7000000000000001,C,hf,4,[H:11][c:5]1[c:4]([c:3]([c:2]([c:7]([c:6]1[H:12])[H:13])[O:1][H:8])[H:9])[H:10],,
4,-0.22758457197379092,RESP2,b3lyp-d3bj/dzvp,1.0,0.7000000000000001,C,hf,5,[H:11][c:5]1[c:4]([c:3]([c:2]([c:7]([c:6]1[H:12])[H:13])[O:1][H:8])[H:9])[H:10],,
5,-0.05694494833794067,RESP2,b3lyp-d3bj/dzvp,1.0,0.7000000000000001,C,hf,6,[H:11][c:5]1[c:4]([c:3]([c:2]([c:7]([c:6]1[H:12])[H:13])[O:1][H:8])[H:9])[H:10],,
6,-0.3612198380335835,RESP2,b3lyp-d3bj/dzvp,1.0,0.7000000000000001,C,hf,7,[H:11][c:5]1[c:4]([c:3]([c:2]([c:7]([c:6]1[H:12])[H:13])[O:1][H:8])[H:9])[H:10],,
7,0.4507437772183874,RESP2,b3lyp-d3bj/dzvp,1.0,0.7000000000000001,H,hf,8,[H:11][c:5]1[c:4]([c:3]([c:2]([c:7]([c:6]1[H:12])[H:13])[O:1][H:8])[H:9])[H:10],,
8,0.18357342467238363,RESP2,b3lyp-d3bj/dzvp,1.0,0.7000000000000001,H,hf,9,[H:11][c:5]1[c:4]([c:3]([c:2]([c:7]([c:6]1[H:12])[H:13])[O:1][H:8])[H:9])[H:10],,
9,0.13852063229769832,RESP2,b3lyp-d3bj/dzvp,1.0,0.7000000000000001,H,hf,10,[H:11][c:5]1[c:4]([c:3]([c:2]([c:7]([c:6]1[H:12])[H:13])[O:1][H:8])[H:9])[H:10],,
10,0.14889839864172907,RESP2,b3lyp-d3bj/dzvp,1.0,0.7000000000000001,H,hf,11,[H:11][c:5]1[c:4]([c:3]([c:2]([c:7]([c:6]1[H:12])[H:13])[O:1][H:8])[H:9])[H:10],,
11,0.1350721389767617,RESP2,b3lyp-d3bj/dzvp,1.0,0.7000000000000001,H,hf,12,[H:11][c:5]1[c:4]([c:3]([c:2]([c:7]([c:6]1[H:12])[H:13])[O:1][H:8])[H:9])[H:10],,
12,0.1610270410853963,RESP2,b3lyp-d3bj/dzvp,1.0,0.7000000000000001,H,hf,13,[H:11][c:5]1[c:4]([c:3]([c:2]([c:7]([c:6]1[H:12])[H:13])[O:1][H:8])[H:9])[H:10],,
0,-0.642237206405589,RESP2,b3lyp-d3bj/dzvp,1.0,0.75,O,hf,1,[H:11][c:5]1[c:4]([c:3]([c:2]([c:7]([c:6]1[H:12])[H:13])[O:1][H:8])[H:9])[H:10],,
1,0.4515154647905981,RESP2,b3lyp-d3bj/dzvp,1.0,0.75,C,hf,2,[H:11][c:5]1[c:4]([c:3]([c:2]([c:7]([c:6]1[H:12])[H:13])[O:1][H:8])[H:9])[H:10],,
2,-0.29246977691987713,RESP2,b3lyp-d3bj/dzvp,1.0,0.75,C,hf,3,[H:11][c:5]1[c:4]([c:3]([c:2]([c:7]([c:6]1[H:12])[H:13])[O:1][H:8])[H:9])[H:10],,
3,-0.09115898889944178,RESP2,b3lyp-d3bj/dzvp,1.0,0.75,C,hf,4,[H:11][c:5]1[c:4]([c:3]([c:2]([c:7]([c:6]1[H:12])[H:13])[O:1][H:8])[H:9])[H:10],,
4,-0.22789587968354635,RESP2,b3lyp-d3bj/dzvp,1.0,0.75,C,hf,5,[H:11][c:5]1[c:4]([c:3]([c:2]([c:7]([c:6]1[H:12])[H:13])[O:1][H:8])[H:9])[H:10],,
5,-0.05688385627640489,RESP2,b3lyp-d3bj/dzvp,1.0,0.75,C,hf,6,[H:11][c:5]1[c:4]([c:3]([c:2]([c:7]([c:6]1[H:12])[H:13])[O:1][H:8])[H:9])[H:10],,
6,-0.3612213743121493,RESP2,b3lyp-d3bj/dzvp,1.0,0.75,C,hf,7,[H:11][c:5]1[c:4]([c:3]([c:2]([c:7]([c:6]1[H:12])[H:13])[O:1][H:8])[H:9])[H:10],,
7,0.4518736333275407,RESP2,b3lyp-d3bj/dzvp,1.0,0.75,H,hf,8,[H:11][c:5]1[c:4]([c:3]([c:2]([c:7]([c:6]1[H:12])[H:13])[O:1][H:8])[H:9])[H:10],,
8,0.1839340097524275,RESP2,b3lyp-d3bj/dzvp,1.0,0.75,H,hf,9,[H:11][c:5]1[c:4]([c:3]([c:2]([c:7]([c:6]1[H:12])[H:13])[O:1][H:8])[H:9])[H:10],,
9,0.13884952042306675,RESP2,b3lyp-d3bj/dzvp,1.0,0.75,H,hf,10,[H:11][c:5]1[c:4]([c:3]([c:2]([c:7]([c:6]1[H:12])[H:13])[O:1][H:8])[H:9])[H:10],,
10,0.1491479762737865,RESP2,b3lyp-d3bj/dzvp,1.0,0.75,H,hf,11,[H:11][c:5]1[c:4]([c:3]([c:2]([c:7]([c:6]1[H:12])[H:13])[O:1][H:8])[H:9])[H:10],,
11,0.135244918225531,RESP2,b3lyp-d3bj/dzvp,1.0,0.75,H,hf,12,[H:11][c:5]1[c:4]([c:3]([c:2]([c:7]([c:6]1[H:12])[H:13])[O:1][H:8])[H:9])[H:10],,
12,0.1613015597040577,RESP2,b3lyp-d3bj/dzvp,1.0,0.75,H,hf,13,[H:11][c:5]1[c:4]([c:3]([c:2]([c:7]([c:6]1[H:12])[H:13])[O:1][H:8])[H:9])[H:10],,
0,-0.6437841104594382,RESP2,b3lyp-d3bj/dzvp,1.0,0.8,O,hf,1,[H:11][c:5]1[c:4]([c:3]([c:2]([c:7]([c:6]1[H:12])[H:13])[O:1][H:8])[H:9])[H:10],,
1,0.4518832812105243,RESP2,b3lyp-d3bj/dzvp,1.0,0.8,C,hf,2,[H:11][c:5]1[c:4]([c:3]([c:2]([c:7]([c:6]1[H:12])[H:13])[O:1][H:8])[H:9])[H:10],,
2,-0.29363591337936856,RESP2,b3lyp-d3bj/dzvp,1.0,0.8,C,hf,3,[H:11][c:5]1[c:4]([c:3]([c:2]([c:7]([c:6]1[H:12])[H:13])[O:1][H:8])[H:9])[H:10],,
3,-0.09107821769329583,RESP2,b3lyp-d3bj/dzvp,1.0,0.8,C,hf,4,[H:11][c:5]1[c:4]([c:3]([c:2]([c:7]([c:6]1[H:12])[H:13])[O:1][H:8])[H:9])[H:10],,
4,-0.22820718739330176,RESP2,b3lyp-d3bj/dzvp,1.0,0.8,C,hf,5,[H:11][c:5]1[c:4]([c:3]([c:2]([c:7]([c:6]1[H:12])[H:13])[O:1][H:8])[H:9])[H:10],,
5,-0.056822764214869065,RESP2,b3lyp-d3bj/dzvp,1.0,0.8,C,hf,6,[H:11][c:5]1[c:4]([c:3]([c:2]([c:7]([c:6]1[H:12])[H:13])[O:1][H:8])[H:9])[H:10],,
6,-0.36122291059071504,RESP2,b3lyp-d3bj/dzvp,1.0,0.8,C,hf,7,[H:11][c:5]1[c:4]([c:3]([c:2]([c:7]([c:6]1[H:12])[H:13])[O:1][H:8])[H:9])[H:10],,
7,0.453003489436694,RESP2,b3lyp-d3bj/dzvp,1.0,0.8,H,hf,8,[H:11][c:5]1[c:4]([c:3]([c:2]([c:7]([c:6]1[H:12])[H:13])[O:1][H:8])[H:9])[H:10],,
8,0.18429459483247138,RESP2,b3lyp-d3bj/dzvp,1.0,0.8,H,hf,9,[H:11][c:5]1[c:4]([c:3]([c:2]([c:7]([c:6]1[H:12])[H:13])[O:1][H:8])[H:9])[H:10],,
9,0.13917840854843527,RESP2,b3lyp-d3bj/dzvp,1.0,0.8,H,hf,10,[H:11][c:5]1[c:4]([c:3]([c:2]([c:7]([c:6]1[H:12])[H:13])[O:1][H:8])[H:9])[H:10],,
10,0.14939755390584403,RESP2,b3lyp-d3bj/dzvp,1.0,0.8,H,hf,11,[H:11][c:5]1[c:4]([c:3]([c:2]([c:7]([c:6]1[H:12])[H:13])[O:1][H:8])[H:9])[H:10],,
11,0.13541769747430035,RESP2,b3lyp-d3bj/dzvp,1.0,0.8,H,hf,12,[H:11][c:5]1[c:4]([c:3]([c:2]([c:7]([c:6]1[H:12])[H:13])[O:1][H:8])[H:9])[H:10],,
12,0.16157607832271917,RESP2,b3lyp-d3bj/dzvp,1.0,0.8,H,hf,13,[H:11][c:5]1[c:4]([c:3]([c:2]([c:7]([c:6]1[H:12])[H:13])[O:1][H:8])[H:9])[H:10],,
0,-0.6453310145132872,RESP2,b3lyp-d3bj/dzvp,1.0,0.8500000000000001,O,hf,1,[H:11][c:5]1[c:4]([c:3]([c:2]([c:7]([c:6]1[H:12])[H:13])[O:1][H:8])[H:9])[H:10],,
1,0.4522510976304504,RESP2,b3lyp-d3bj/dzvp,1.0,0.8500000000000001,C,hf,2,[H:11][c:5]1[c:4]([c:3]([c:2]([c:7]([c:6]1[H:12])[H:13])[O:1][H:8])[H:9])[H:10],,
2,-0.29480204983886005,RESP2,b3lyp-d3bj/dzvp,1.0,0.8500000000000001,C,hf,3,[H:11][c:5]1[c:4]([c:3]([c:2]([c:7]([c:6]1[H:12])[H:13])[O:1][H:8])[H:9])[H:10],,
3,-0.09099744648714987,RESP2,b3lyp-d3bj/dzvp,1.0,0.8500000000000001,C,hf,4,[H:11][c:5]1[c:4]([c:3]([c:2]([c:7]([c:6]1[H:12])[H:13])[O:1][H:8])[H:9])[H:10],,
4,-0.22851849510305716,RESP2,b3lyp-d3bj/dzvp,1.0,0.8500000000000001,C,hf,5,[H:11][c:5]1[c:4]([c:3]([c:2]([c:7]([c:6]1[H:12])[H:13])[O:1][H:8])[H:9])[H:10],,
5,-0.056761672153333276,RESP2,b3lyp-d3bj/dzvp,1.0,0.8500000000000001,C,hf,6,[H:11][c:5]1[c:4]([c:3]([c:2]([c:7]([c:6]1[H:12])[H:13])[O:1][H:8])[H:9])[H:10],,
6,-0.3612244468692808,RESP2,b3lyp-d3bj/dzvp,1.0,0.8500000000000001,C,hf,7,[H:11][c:5]1[c:4]([c:3]([c:2]([c:7]([c:6]1[H:12])[H:13])[O:1][H:8])[H:9])[H:10],,
7,0.4541333455458472,RESP2,b3lyp-d3bj/dzvp,1.0,0.8500000000000001,H,hf,8,[H:11][c:5]1[c:4]([c:3]([c:2]([c:7]([c:6]1[H:12])[H:13])[O:1][H:8])[H:9])[H:10],,
8,0.18465517991251526,RESP2,b3lyp-d3bj/dzvp,1.0,0.8500000000000001,H,hf,9,[H:11][c:5]1[c:4]([c:3]([c:2]([c:7]([c:6]1[H:12])[H:13])[O:1][H:8])[H:9])[H:10],,
9,0.13950729667380374,RESP2,b3lyp-d3bj/dzvp,1.0,0.8500000000000001,H,hf,10,[H:11][c:5]1[c:4]([c:3]([c:2]([c:7]([c:6]1[H:12])[H:13])[O:1][H:8])[H:9])[H:10],,
10,0.14964713153790152,RESP2,b3lyp-d3bj/dzvp,1.0,0.8500000000000001,H,hf,11,[H:11][c:5]1[c:4]([c:3]([c:2]([c:7]([c:6]1[H:12])[H:13])[O:1][H:8])[H:9])[H:10],,
11,0.13559047672306968,RESP2,b3lyp-d3bj/dzvp,1.0,0.8500000000000001,H,hf,12,[H:11][c:5]1[c:4]([c:3]([c:2]([c:7]([c:6]1[H:12])[H:13])[O:1][H:8])[H:9])[H:10],,
12,0.1618505969413806,RESP2,b3lyp-d3bj/dzvp,1.0,0.8500000000000001,H,hf,13,[H:11][c:5]1[c:4]([c:3]([c:2]([c:7]([c:6]1[H:12])[H:13])[O:1][H:8])[H:9])[H:10],,
0,-0.6468779185671364,RESP2,b3lyp-d3bj/dzvp,1.0,0.9,O,hf,1,[H:11][c:5]1[c:4]([c:3]([c:2]([c:7]([c:6]1[H:12])[H:13])[O:1][H:8])[H:9])[H:10],,
1,0.4526189140503765,RESP2,b3lyp-d3bj/dzvp,1.0,0.9,C,hf,2,[H:11][c:5]1[c:4]([c:3]([c:2]([c:7]([c:6]1[H:12])[H:13])[O:1][H:8])[H:9])[H:10],,
2,-0.2959681862983514,RESP2,b3lyp-d3bj/dzvp,1.0,0.9,C,hf,3,[H:11][c:5]1[c:4]([c:3]([c:2]([c:7]([c:6]1[H:12])[H:13])[O:1][H:8])[H:9])[H:10],,
3,-0.09091667528100393,RESP2,b3lyp-d3bj/dzvp,1.0,0.9,C,hf,4,[H:11][c:5]1[c:4]([c:3]([c:2]([c:7]([c:6]1[H:12])[H:13])[O:1][H:8])[H:9])[H:10],,
4,-0.2288298028128126,RESP2,b3lyp-d3bj/dzvp,1.0,0.9,C,hf,5,[H:11][c:5]1[c:4]([c:3]([c:2]([c:7]([c:6]1[H:12])[H:13])[O:1][H:8])[H:9])[H:10],,
5,-0.056700580091797466,RESP2,b3lyp-d3bj/dzvp,1.0,0.9,C,hf,6,[H:11][c:5]1[c:4]([c:3]([c:2]([c:7]([c:6]1[H:12])[H:13])[O:1][H:8])[H:9])[H:10],,
6,-0.3612259831478466,RESP2,b3lyp-d3bj/dzvp,1.0,0.9,C,hf,7,[H:11][c:5]1[c:4]([c:3]([c:2]([c:7]([c:6]1[H:12])[H:13])[O:1][H:8])[H:9])[H:10],,
7,0.4552632016550005,RESP2,b3lyp-d3bj/dzvp,1.0,0.9,H,hf,8,[H:11][c:5]1[c:4]([c:3]([c:2]([c:7]([c:6]1[H:12])[H:13])[O:1][H:8])[H:9])[H:10],,
8,0.18501576499255912,RESP2,b3lyp-d3bj/dzvp,1.0,0.9,H,hf,9,[H:11][c:5]1[c:4]([c:3]([c:2]([c:7]([c:6]1[H:12])[H:13])[O:1][H:8])[H:9])[H:10],,
9,0.13983618479917223,RESP2,b3lyp-d3bj/dzvp,1.0,0.9,H,hf,10,[H:11][c:5]1[c:4]([c:3]([c:2]([c:7]([c:6]1[H:12])[H:13])[O:1][H:8])[H:9])[H:10],,
10,0.14989670916995898,RESP2,b3lyp-d3bj/dzvp,1.0,0.9,H,hf,11,[H:11][c:5]1[c:4]([c:3]([c:2]([c:7]([c:6]1[H:12])[H:13])[O:1][H:8])[H:9])[H:10],,
11,0.135763255971839,RESP2,b3lyp-d3bj/dzvp,1.0,0.9,H,hf,12,[H:11][c:5]1[c:4]([c:3]([c:2]([c:7]([c:6]1[H:12])[H:13])[O:1][H:8])[H:9])[H:10],,
12,0.16212511556004203,RESP2,b3lyp-d3bj/dzvp,1.0,0.9,H,hf,13,[H:11][c:5]1[c:4]([c:3]([c:2]([c:7]([c:6]1[H:12])[H:13])[O:1][H:8])[H:9])[H:10],,
0,-0.6484248226209854,RESP2,b3lyp-d3bj/dzvp,1.0,0.9500000000000001,O,hf,1,[H:11][c:5]1[c:4]([c:3]([c:2]([c:7]([c:6]1[H:12])[H:13])[O:1][H:8])[H:9])[H:10],,
1,0.4529867304703027,RESP2,b3lyp-d3bj/dzvp,1.0,0.9500000000000001,C,hf,2,[H:11][c:5]1[c:4]([c:3]([c:2]([c:7]([c:6]1[H:12])[H:13])[O:1][H:8])[H:9])[H:10],,
2,-0.29713432275784285,RESP2,b3lyp-d3bj/dzvp,1.0,0.9500000000000001,C,hf,3,[H:11][c:5]1[c:4]([c:3]([c:2]([c:7]([c:6]1[H:12])[H:13])[O:1][H:8])[H:9])[H:10],,
3,-0.09083590407485799,RESP2,b3lyp-d3bj/dzvp,1.0,0.9500000000000001,C,hf,4,[H:11][c:5]1[c:4]([c:3]([c:2]([c:7]([c:6]1[H:12])[H:13])[O:1][H:8])[H:9])[H:10],,
4,-0.22914111052256803,RESP2,b3lyp-d3bj/dzvp,1.0,0.9500000000000001,C,hf,5,[H:11][c:5]1[c:4]([c:3]([c:2]([c:7]([c:6]1[H:12])[H:13])[O:1][H:8])[H:9])[H:10],,
5,-0.05663948803026167,RESP2,b3lyp-d3bj/dzvp,1.0,0.9500000000000001,C,hf,6,[H:11][c:5]1[c:4]([c:3]([c:2]([c:7]([c:6]1[H:12])[H:13])[O:1][H:8])[H:9])[H:10],,
6,-0.3612275194264123,RESP2,b3lyp-d3bj/dzvp,1.0,0.9500000000000001,C,hf,7,[H:11][c:5]1[c:4]([c:3]([c:2]([c:7]([c:6]1[H:12])[H:13])[O:1][H:8])[H:9])[H:10],,
7,0.45639305776415384,RESP2,b3lyp-d3bj/dzvp,1.0,0.9500000000000001,H,hf,8,[H:11][c:5]1[c:4]([c:3]([c:2]([c:7]([c:6]1[H:12])[H:13])[O:1][H:8])[H:9])[H:10],,
8,0.18537635007260295,RESP2,b3lyp-d3bj/dzvp,1.0,0.9500000000000001,H,hf,9,[H:11][c:5]1[c:4]([c:3]([c:2]([c:7]([c:6]1[H:12])[H:13])[O:1][H:8])[H:9])[H:10],,
9,0.14016507292454067,RESP2,b3lyp-d3bj/dzvp,1.0,0.9500000000000001,H,hf,10,[H:11][c:5]1[c:4]([c:3]([c:2]([c:7]([c:6]1[H:12])[H:13])[O:1][H:8])[H:9])[H:10],,
10,0.15014628680201644,RESP2,b3lyp-d3bj/dzvp,1.0,0.9500000000000001,H,hf,11,[H:11][c:5]1[c:4]([c:3]([c:2]([c:7]([c:6]1[H:12])[H:13])[O:1][H:8])[H:9])[H:10],,
11,0.1359360352206083,RESP2,b3lyp-d3bj/dzvp,1.0,0.9500000000000001,H,hf,12,[H:11][c:5]1[c:4]([c:3]([c:2]([c:7]([c:6]1[H:12])[H:13])[O:1][H:8])[H:9])[H:10],,
12,0.16239963417870346,RESP2,b3lyp-d3bj/dzvp,1.0,0.9500000000000001,H,hf,13,[H:11][c:5]1[c:4]([c:3]([c:2]([c:7]([c:6]1[H:12])[H:13])[O:1][H:8])[H:9])[H:10],,
0,-0.6499717266748346,RESP2,b3lyp-d3bj/dzvp,1.0,1.0,O,hf,1,[H:11][c:5]1[c:4]([c:3]([c:2]([c:7]([c:6]1[H:12])[H:13])[O:1][H:8])[H:9])[H:10],,
1,0.4533545468902288,RESP2,b3lyp-d3bj/dzvp,1.0,1.0,C,hf,2,[H:11][c:5]1[c:4]([c:3]([c:2]([c:7]([c:6]1[H:12])[H:13])[O:1][H:8])[H:9])[H:10],,
2,-0.29830045921733434,RESP2,b3lyp-d3bj/dzvp,1.0,1.0,C,hf,3,[H:11][c:5]1[c:4]([c:3]([c:2]([c:7]([c:6]1[H:12])[H:13])[O:1][H:8])[H:9])[H:10],,
3,-0.09075513286871204,RESP2,b3lyp-d3bj/dzvp,1.0,1.0,C,hf,4,[H:11][c:5]1[c:4]([c:3]([c:2]([c:7]([c:6]1[H:12])[H:13])[O:1][H:8])[H:9])[H:10],,
4,-0.22945241823232346,RESP2,b3lyp-d3bj/dzvp,1.0,1.0,C,hf,5,[H:11][c:5]1[c:4]([c:3]([c:2]([c:7]([c:6]1[H:12])[H:13])[O:1][H:8])[H:9])[H:10],,
5,-0.056578395968725874,RESP2,b3lyp-d3bj/dzvp,1.0,1.0,C,hf,6,[H:11][c:5]1[c:4]([c:3]([c:2]([c:7]([c:6]1[H:12])[H:13])[O:1][H:8])[H:9])[H:10],,
6,-0.3612290557049781,RESP2,b3lyp-d3bj/dzvp,1.0,1.0,C,hf,7,[H:11][c:5]1[c:4]([c:3]([c:2]([c:7]([c:6]1[H:12])[H:13])[O:1][H:8])[H:9])[H:10],,
7,0.4575229138733071,RESP2,b3lyp-d3bj/dzvp,1.0,1.0,H,hf,8,[H:11][c:5]1[c:4]([c:3]([c:2]([c:7]([c:6]1[H:12])[H:13])[O:1][H:8])[H:9])[H:10],,
8,0.18573693515264683,RESP2,b3lyp-d3bj/dzvp,1.0,1.0,H,hf,9,[H:11][c:5]1[c:4]([c:3]([c:2]([c:7]([c:6]1[H:12])[H:13])[O:1][H:8])[H:9])[H:10],,
9,0.14049396104990913,RESP2,b3lyp-d3bj/dzvp,1.0,1.0,H,hf,10,[H:11][c:5]1[c:4]([c:3]([c:2]([c:7]([c:6]1[H:12])[H:13])[O:1][H:8])[H:9])[H:10],,
10,0.15039586443407393,RESP2,b3lyp-d3bj/dzvp,1.0,1.0,H,hf,11,[H:11][c:5]1[c:4]([c:3]([c:2]([c:7]([c:6]1[H:12])[H:13])[O:1][H:8])[H:9])[H:10],,
11,0.13610881446937761,RESP2,b3lyp-d3bj/dzvp,1.0,1.0,H,hf,12,[H:11][c:5]1[c:4]([c:3]([c:2]([c:7]([c:6]1[H:12])[H:13])[O:1][H:8])[H:9])[H:10],,
12,0.16267415279736488,RESP2,b3lyp-d3bj/dzvp,1.0,1.0,H,hf,13,[H:11][c:5]1[c:4]([c:3]([c:2]([c:7]([c:6]1[H:12])[H:13])[O:1][H:8])[H:9])[H:10],,
0,-0.6190336455980056,RESP2,b3lyp-d3bj/dzvp,,0.0,O,hf,1,[H:11][c:5]1[c:4]([c:3]([c:2]([c:7]([c:6]1[H:12])[H:13])[O:1][H:8])[H:9])[H:10],,
1,0.44599821849258287,RESP2,b3lyp-d3bj/dzvp,,0.0,C,hf,2,[H:11][c:5]1[c:4]([c:3]([c:2]([c:7]([c:6]1[H:12])[H:13])[O:1][H:8])[H:9])[H:10],,
2,-0.27497773002820347,RESP2,b3lyp-d3bj/dzvp,,0.0,C,hf,3,[H:11][c:5]1[c:4]([c:3]([c:2]([c:7]([c:6]1[H:12])[H:13])[O:1][H:8])[H:9])[H:10],,
3,-0.0923705569907137,RESP2,b3lyp-d3bj/dzvp,,0.0,C,hf,4,[H:11][c:5]1[c:4]([c:3]([c:2]([c:7]([c:6]1[H:12])[H:13])[O:1][H:8])[H:9])[H:10],,
4,-0.22322626403860357,RESP2,b3lyp-d3bj/dzvp,,0.0,C,hf,5,[H:11][c:5]1[c:4]([c:3]([c:2]([c:7]([c:6]1[H:12])[H:13])[O:1][H:8])[H:9])[H:10],,
5,-0.057800237198011487,RESP2,b3lyp-d3bj/dzvp,,0.0,C,hf,6,[H:11][c:5]1[c:4]([c:3]([c:2]([c:7]([c:6]1[H:12])[H:13])[O:1][H:8])[H:9])[H:10],,
6,-0.3611983301348445,RESP2,b3lyp-d3bj/dzvp,,0.0,C,hf,7,[H:11][c:5]1[c:4]([c:3]([c:2]([c:7]([c:6]1[H:12])[H:13])[O:1][H:8])[H:9])[H:10],,
7,0.43492579169026746,RESP2,b3lyp-d3bj/dzvp,,0.0,H,hf,8,[H:11][c:5]1[c:4]([c:3]([c:2]([c:7]([c:6]1[H:12])[H:13])[O:1][H:8])[H:9])[H:10],,
8,0.17852523355184832,RESP2,b3lyp-d3bj/dzvp,,0.0,H,hf,9,[H:11][c:5]1[c:4]([c:3]([c:2]([c:7]([c:6]1[H:12])[H:13])[O:1][H:8])[H:9])[H:10],,
9,0.13391619854239875,RESP2,b3lyp-d3bj/dzvp,,0.0,H,hf,10,[H:11][c:5]1[c:4]([c:3]([c:2]([c:7]([c:6]1[H:12])[H:13])[O:1][H:8])[H:9])[H:10],,
10,0.1454043117932492,RESP2,b3lyp-d3bj/dzvp,,0.0,H,hf,11,[H:11][c:5]1[c:4]([c:3]([c:2]([c:7]([c:6]1[H:12])[H:13])[O:1][H:8])[H:9])[H:10],,
11,0.13265322949368674,RESP2,b3lyp-d3bj/dzvp,,0.0,H,hf,12,[H:11][c:5]1[c:4]([c:3]([c:2]([c:7]([c:6]1[H:12])[H:13])[O:1][H:8])[H:9])[H:10],,
12,0.15718378042434897,RESP2,b3lyp-d3bj/dzvp,,0.0,H,hf,13,[H:11][c:5]1[c:4]([c:3]([c:2]([c:7]([c:6]1[H:12])[H:13])[O:1][H:8])[H:9])[H:10],,
0,-0.620580549645969,RESP2,b3lyp-d3bj/dzvp,,0.05,O,hf,1,[H:11][c:5]1[c:4]([c:3]([c:2]([c:7]([c:6]1[H:12])[H:13])[O:1][H:8])[H:9])[H:10],,
1,0.44636603484127324,RESP2,b3lyp-d3bj/dzvp,,0.05,C,hf,2,[H:11][c:5]1[c:4]([c:3]([c:2]([c:7]([c:6]1[H:12])[H:13])[O:1][H:8])[H:9])[H:10],,
2,-0.2761438664419605,RESP2,b3lyp-d3bj/dzvp,,0.05,C,hf,3,[H:11][c:5]1[c:4]([c:3]([c:2]([c:7]([c:6]1[H:12])[H:13])[O:1][H:8])[H:9])[H:10],,
3,-0.09228978578101409,RESP2,b3lyp-d3bj/dzvp,,0.05,C,hf,4,[H:11][c:5]1[c:4]([c:3]([c:2]([c:7]([c:6]1[H:12])[H:13])[O:1][H:8])[H:9])[H:10],,
4,-0.22353757169322785,RESP2,b3lyp-d3bj/dzvp,,0.05,C,hf,5,[H:11][c:5]1[c:4]([c:3]([c:2]([c:7]([c:6]1[H:12])[H:13])[O:1][H:8])[H:9])[H:10],,
5,-0.0577391451772508,RESP2,b3lyp-d3bj/dzvp,,0.05,C,hf,6,[H:11][c:5]1[c:4]([c:3]([c:2]([c:7]([c:6]1[H:12])[H:13])[O:1][H:8])[H:9])[H:10],,
6,-0.3611998663048899,RESP2,b3lyp-d3bj/dzvp,,0.05,C,hf,7,[H:11][c:5]1[c:4]([c:3]([c:2]([c:7]([c:6]1[H:12])[H:13])[O:1][H:8])[H:9])[H:10],,
7,0.4360556477893719,RESP2,b3lyp-d3bj/dzvp,,0.05,H,hf,8,[H:11][c:5]1[c:4]([c:3]([c:2]([c:7]([c:6]1[H:12])[H:13])[O:1][H:8])[H:9])[H:10],,
8,0.17888581860624778,RESP2,b3lyp-d3bj/dzvp,,0.05,H,hf,9,[H:11][c:5]1[c:4]([c:3]([c:2]([c:7]([c:6]1[H:12])[H:13])[O:1][H:8])[H:9])[H:10],,
9,0.1342450866605424,RESP2,b3lyp-d3bj/dzvp,,0.05,H,hf,10,[H:11][c:5]1[c:4]([c:3]([c:2]([c:7]([c:6]1[H:12])[H:13])[O:1][H:8])[H:9])[H:10],,
10,0.145653889406372,RESP2,b3lyp-d3bj/dzvp,,0.05,H,hf,11,[H:11][c:5]1[c:4]([c:3]([c:2]([c:7]([c:6]1[H:12])[H:13])[O:1][H:8])[H:9])[H:10],,
11,0.1328260087294919,RESP2,b3lyp-d3bj/dzvp,,0.05,H,hf,12,[H:11][c:5]1[c:4]([c:3]([c:2]([c:7]([c:6]1[H:12])[H:13])[O:1][H:8])[H:9])[H:10],,
12,0.15745829901101316,RESP2,b3lyp-d3bj/dzvp,,0.05,H,hf,13,[H:11][c:5]1[c:4]([c:3]([c:2]([c:7]([c:6]1[H:12])[H:13])[O:1][H:8])[H:9])[H:10],,
0,-0.6221274536939325,RESP2,b3lyp-d3bj/dzvp,,0.1,O,hf,1,[H:11][c:5]1[c:4]([c:3]([c:2]([c:7]([c:6]1[H:12])[H:13])[O:1][H:8])[H:9])[H:10],,
1,0.4467338511899637,RESP2,b3lyp-d3bj/dzvp,,0.1,C,hf,2,[H:11][c:5]1[c:4]([c:3]([c:2]([c:7]([c:6]1[H:12])[H:13])[O:1][H:8])[H:9])[H:10],,
2,-0.27731000285571755,RESP2,b3lyp-d3bj/dzvp,,0.1,C,hf,3,[H:11][c:5]1[c:4]([c:3]([c:2]([c:7]([c:6]1[H:12])[H:13])[O:1][H:8])[H:9])[H:10],,
3,-0.09220901457131449,RESP2,b3lyp-d3bj/dzvp,,0.1,C,hf,4,[H:11][c:5]1[c:4]([c:3]([c:2]([c:7]([c:6]1[H:12])[H:13])[O:1][H:8])[H:9])[H:10],,
4,-0.22384887934785225,RESP2,b3lyp-d3bj/dzvp,,0.1,C,hf,5,[H:11][c:5]1[c:4]([c:3]([c:2]([c:7]([c:6]1[H:12])[H:13])[O:1][H:8])[H:9])[H:10],,
5,-0.05767805315649016,RESP2,b3lyp-d3bj/dzvp,,0.1,C,hf,6,[H:11][c:5]1[c:4]([c:3]([c:2]([c:7]([c:6]1[H:12])[H:13])[O:1][H:8])[H:9])[H:10],,
6,-0.36120140247493543,RESP2,b3lyp-d3bj/dzvp,,0.1,C,hf,7,[H:11][c:5]1[c:4]([c:3]([c:2]([c:7]([c:6]1[H:12])[H:13])[O:1][H:8])[H:9])[H:10],,
7,0.43718550388847643,RESP2,b3lyp-d3bj/dzvp,,0.1,H,hf,8,[H:11][c:5]1[c:4]([c:3]([c:2]([c:7]([c:6]1[H:12])[H:13])[O:1][H:8])[H:9])[H:10],,
8,0.17924640366064717,RESP2,b3lyp-d3bj/dzvp,,0.1,H,hf,9,[H:11][c:5]1[c:4]([c:3]([c:2]([c:7]([c:6]1[H:12])[H:13])[O:1][H:8])[H:9])[H:10],,
9,0.134573974778686,RESP2,b3lyp-d3bj/dzvp,,0.1,H,hf,10,[H:11][c:5]1[c:4]([c:3]([c:2]([c:7]([c:6]1[H:12])[H:13])[O:1][H:8])[H:9])[H:10],,
10,0.14590346701949478,RESP2,b3lyp-d3bj/dzvp,,0.1,H,hf,11,[H:11][c:5]1[c:4]([c:3]([c:2]([c:7]([c:6]1[H:12])[H:13])[O:1][H:8])[H:9])[H:10],,
11,0.13299878796529702,RESP2,b3lyp-d3bj/dzvp,,0.1,H,hf,12,[H:11][c:5]1[c:4]([c:3]([c:2]([c:7]([c:6]1[H:12])[H:13])[O:1][H:8])[H:9])[H:10],,
12,0.1577328175976773,RESP2,b3lyp-d3bj/dzvp,,0.1,H,hf,13,[H:11][c:5]1[c:4]([c:3]([c:2]([c:7]([c:6]1[H:12])[H:13])[O:1][H:8])[H:9])[H:10],,
0,-0.6236743577418958,RESP2,b3lyp-d3bj/dzvp,,0.15000000000000002,O,hf,1,[H:11][c:5]1[c:4]([c:3]([c:2]([c:7]([c:6]1[H:12])[H:13])[O:1][H:8])[H:9])[H:10],,
1,0.44710166753865416,RESP2,b3lyp-d3bj/dzvp,,0.15000000000000002,C,hf,2,[H:11][c:5]1[c:4]([c:3]([c:2]([c:7]([c:6]1[H:12])[H:13])[O:1][H:8])[H:9])[H:10],,
2,-0.27847613926947457,RESP2,b3lyp-d3bj/dzvp,,0.15000000000000002,C,hf,3,[H:11][c:5]1[c:4]([c:3]([c:2]([c:7]([c:6]1[H:12])[H:13])[O:1][H:8])[H:9])[H:10],,
3,-0.0921282433616149,RESP2,b3lyp-d3bj/dzvp,,0.15000000000000002,C,hf,4,[H:11][c:5]1[c:4]([c:3]([c:2]([c:7]([c:6]1[H:12])[H:13])[O:1][H:8])[H:9])[H:10],,
4,-0.22416018700247659,RESP2,b3lyp-d3bj/dzvp,,0.15000000000000002,C,hf,5,[H:11][c:5]1[c:4]([c:3]([c:2]([c:7]([c:6]1[H:12])[H:13])[O:1][H:8])[H:9])[H:10],,
5,-0.05761696113572949,RESP2,b3lyp-d3bj/dzvp,,0.15000000000000002,C,hf,6,[H:11][c:5]1[c:4]([c:3]([c:2]([c:7]([c:6]1[H:12])[H:13])[O:1][H:8])[H:9])[H:10],,
6,-0.3612029386449809,RESP2,b3lyp-d3bj/dzvp,,0.15000000000000002,C,hf,7,[H:11][c:5]1[c:4]([c:3]([c:2]([c:7]([c:6]1[H:12])[H:13])[O:1][H:8])[H:9])[H:10],,
7,0.43831535998758087,RESP2,b3lyp-d3bj/dzvp,,0.15000000000000002,H,hf,8,[H:11][c:5]1[c:4]([c:3]([c:2]([c:7]([c:6]1[H:12])[H:13])[O:1][H:8])[H:9])[H:10],,
8,0.17960698871504657,RESP2,b3lyp-d3bj/dzvp,,0.15000000000000002,H,hf,9,[H:11][c:5]1[c:4]([c:3]([c:2]([c:7]([c:6]1[H:12])[H:13])[O:1][H:8])[H:9])[H:10],,
9,0.13490286289682957,RESP2,b3lyp-d3bj/dzvp,,0.15000000000000002,H,hf,10,[H:11][c:5]1[c:4]([c:3]([c:2]([c:7]([c:6]1[H:12])[H:13])[O:1][H:8])[H:9])[H:10],,
10,0.14615304463261752,RESP2,b3lyp-d3bj/dzvp,,0.15000000000000002,H,hf,11,[H:11][c:5]1[c:4]([c:3]([c:2]([c:7]([c:6]1[H:12])[H:13])[O:1][H:8])[H:9])[H:10],,
11,0.13317156720110213,RESP2,b3lyp-d3bj/dzvp,,0.15000000000000002,H,hf,12,[H:11][c:5]1[c:4]([c:3]([c:2]([c:7]([c:6]1[H:12])[H:13])[O:1][H:8])[H:9])[H:10],,
12,0.15800733618434146,RESP2,b3lyp-d3bj/dzvp,,0.15000000000000002,H,hf,13,[H:11][c:5]1[c:4]([c:3]([c:2]([c:7]([c:6]1[H:12])[H:13])[O:1][H:8])[H:9])[H:10],,
0,-0.6252212617898593,RESP2,b3lyp-d3bj/dzvp,,0.2,O,hf,1,[H:11][c:5]1[c:4]([c:3]([c:2]([c:7]([c:6]1[H:12])[H:13])[O:1][H:8])[H:9])[H:10],,
1,0.44746948388734464,RESP2,b3lyp-d3bj/dzvp,,0.2,C,hf,2,[H:11][c:5]1[c:4]([c:3]([c:2]([c:7]([c:6]1[H:12])[H:13])[O:1][H:8])[H:9])[H:10],,
2,-0.27964227568323163,RESP2,b3lyp-d3bj/dzvp,,0.2,C,hf,3,[H:11][c:5]1[c:4]([c:3]([c:2]([c:7]([c:6]1[H:12])[H:13])[O:1][H:8])[H:9])[H:10],,
3,-0.09204747215191533,RESP2,b3lyp-d3bj/dzvp,,0.2,C,hf,4,[H:11][c:5]1[c:4]([c:3]([c:2]([c:7]([c:6]1[H:12])[H:13])[O:1][H:8])[H:9])[H:10],,
4,-0.2244714946571009,RESP2,b3lyp-d3bj/dzvp,,0.2,C,hf,5,[H:11][c:5]1[c:4]([c:3]([c:2]([c:7]([c:6]1[H:12])[H:13])[O:1][H:8])[H:9])[H:10],,
5,-0.057555869114968836,RESP2,b3lyp-d3bj/dzvp,,0.2,C,hf,6,[H:11][c:5]1[c:4]([c:3]([c:2]([c:7]([c:6]1[H:12])[H:13])[O:1][H:8])[H:9])[H:10],,
6,-0.3612044748150263,RESP2,b3lyp-d3bj/dzvp,,0.2,C,hf,7,[H:11][c:5]1[c:4]([c:3]([c:2]([c:7]([c:6]1[H:12])[H:13])[O:1][H:8])[H:9])[H:10],,
7,0.43944521608668535,RESP2,b3lyp-d3bj/dzvp,,0.2,H,hf,8,[H:11][c:5]1[c:4]([c:3]([c:2]([c:7]([c:6]1[H:12])[H:13])[O:1][H:8])[H:9])[H:10],,
8,0.17996757376944603,RESP2,b3lyp-d3bj/dzvp,,0.2,H,hf,9,[H:11][c:5]1[c:4]([c:3]([c:2]([c:7]([c:6]1[H:12])[H:13])[O:1][H:8])[H:9])[H:10],,
9,0.1352317510149732,RESP2,b3lyp-d3bj/dzvp,,0.2,H,hf,10,[H:11][c:5]1[c:4]([c:3]([c:2]([c:7]([c:6]1[H:12])[H:13])[O:1][H:8])[H:9])[H:10],,
10,0.14640262224574033,RESP2,b3lyp-d3bj/dzvp,,0.2,H,hf,11,[H:11][c:5]1[c:4]([c:3]([c:2]([c:7]([c:6]1[H:12])[H:13])[O:1][H:8])[H:9])[H:10],,
11,0.13334434643690726,RESP2,b3lyp-d3bj/dzvp,,0.2,H,hf,12,[H:11][c:5]1[c:4]([c:3]([c:2]([c:7]([c:6]1[H:12])[H:13])[O:1][H:8])[H:9])[H:10],,
12,0.15828185477100562,RESP2,b3lyp-d3bj/dzvp,,0.2,H,hf,13,[H:11][c:5]1[c:4]([c:3]([c:2]([c:7]([c:6]1[H:12])[H:13])[O:1][H:8])[H:9])[H:10],,
0,-0.6267681658378227,RESP2,b3lyp-d3bj/dzvp,,0.25,O,hf,1,[H:11][c:5]1[c:4]([c:3]([c:2]([c:7]([c:6]1[H:12])[H:13])[O:1][H:8])[H:9])[H:10],,
1,0.447837300236035,RESP2,b3lyp-d3bj/dzvp,,0.25,C,hf,2,[H:11][c:5]1[c:4]([c:3]([c:2]([c:7]([c:6]1[H:12])[H:13])[O:1][H:8])[H:9])[H:10],,
2,-0.28080841209698865,RESP2,b3lyp-d3bj/dzvp,,0.25,C,hf,3,[H:11][c:5]1[c:4]([c:3]([c:2]([c:7]([c:6]1[H:12])[H:13])[O:1][H:8])[H:9])[H:10],,
3,-0.09196670094221573,RESP2,b3lyp-d3bj/dzvp,,0.25,C,hf,4,[H:11][c:5]1[c:4]([c:3]([c:2]([c:7]([c:6]1[H:12])[H:13])[O:1][H:8])[H:9])[H:10],,
4,-0.22478280231172523,RESP2,b3lyp-d3bj/dzvp,,0.25,C,hf,5,[H:11][c:5]1[c:4]([c:3]([c:2]([c:7]([c:6]1[H:12])[H:13])[O:1][H:8])[H:9])[H:10],,
5,-0.057494777094208166,RESP2,b3lyp-d3bj/dzvp,,0.25,C,hf,6,[H:11][c:5]1[c:4]([c:3]([c:2]([c:7]([c:6]1[H:12])[H:13])[O:1][H:8])[H:9])[H:10],,
6,-0.3612060109850718,RESP2,b3lyp-d3bj/dzvp,,0.25,C,hf,7,[H:11][c:5]1[c:4]([c:3]([c:2]([c:7]([c:6]1[H:12])[H:13])[O:1][H:8])[H:9])[H:10],,
7,0.4405750721857898,RESP2,b3lyp-d3bj/dzvp,,0.25,H,hf,8,[H:11][c:5]1[c:4]([c:3]([c:2]([c:7]([c:6]1[H:12])[H:13])[O:1][H:8])[H:9])[H:10],,
8,0.18032815882384545,RESP2,b3lyp-d3bj/dzvp,,0.25,H,hf,9,[H:11][c:5]1[c:4]([c:3]([c:2]([c:7]([c:6]1[H:12])[H:13])[O:1][H:8])[H:9])[H:10],,
9,0.13556063913311683,RESP2,b3lyp-d3bj/dzvp,,0.25,H,hf,10,[H:11][c:5]1[c:4]([c:3]([c:2]([c:7]([c:6]1[H:12])[H:13])[O:1][H:8])[H:9])[H:10],,
10,0.1466521998588631,RESP2,b3lyp-d3bj/dzvp,,0.25,H,hf,11,[H:11][c:5]1[c:4]([c:3]([c:2]([c:7]([c:6]1[H:12])[H:13])[O:1][H:8])[H:9])[H:10],,
11,0.1335171256727124,RESP2,b3lyp-d3bj/dzvp,,0.25,H,hf,12,[H:11][c:5]1[c:4]([c:3]([c:2]([c:7]([c:6]1[H:12])[H:13])[O:1][H:8])[H:9])[H:10],,
12,0.15855637335766978,RESP2,b3lyp-d3bj/dzvp,,0.25,H,hf,13,[H:11][c:5]1[c:4]([c:3]([c:2]([c:7]([c:6]1[H:12])[H:13])[O:1][H:8])[H:9])[H:10],,
0,-0.628315069885786,RESP2,b3lyp-d3bj/dzvp,,0.30000000000000004,O,hf,1,[H:11][c:5]1[c:4]([c:3]([c:2]([c:7]([c:6]1[H:12])[H:13])[O:1][H:8])[H:9])[H:10],,
1,0.4482051165847254,RESP2,b3lyp-d3bj/dzvp,,0.30000000000000004,C,hf,2,[H:11][c:5]1[c:4]([c:3]([c:2]([c:7]([c:6]1[H:12])[H:13])[O:1][H:8])[H:9])[H:10],,
2,-0.28197454851074577,RESP2,b3lyp-d3bj/dzvp,,0.30000000000000004,C,hf,3,[H:11][c:5]1[c:4]([c:3]([c:2]([c:7]([c:6]1[H:12])[H:13])[O:1][H:8])[H:9])[H:10],,
3,-0.09188592973251612,RESP2,b3lyp-d3bj/dzvp,,0.30000000000000004,C,hf,4,[H:11][c:5]1[c:4]([c:3]([c:2]([c:7]([c:6]1[H:12])[H:13])[O:1][H:8])[H:9])[H:10],,
4,-0.22509410996634957,RESP2,b3lyp-d3bj/dzvp,,0.30000000000000004,C,hf,5,[H:11][c:5]1[c:4]([c:3]([c:2]([c:7]([c:6]1[H:12])[H:13])[O:1][H:8])[H:9])[H:10],,
5,-0.05743368507344751,RESP2,b3lyp-d3bj/dzvp,,0.30000000000000004,C,hf,6,[H:11][c:5]1[c:4]([c:3]([c:2]([c:7]([c:6]1[H:12])[H:13])[O:1][H:8])[H:9])[H:10],,
6,-0.36120754715511727,RESP2,b3lyp-d3bj/dzvp,,0.30000000000000004,C,hf,7,[H:11][c:5]1[c:4]([c:3]([c:2]([c:7]([c:6]1[H:12])[H:13])[O:1][H:8])[H:9])[H:10],,
7,0.44170492828489416,RESP2,b3lyp-d3bj/dzvp,,0.30000000000000004,H,hf,8,[H:11][c:5]1[c:4]([c:3]([c:2]([c:7]([c:6]1[H:12])[H:13])[O:1][H:8])[H:9])[H:10],,
8,0.18068874387824488,RESP2,b3lyp-d3bj/dzvp,,0.30000000000000004,H,hf,9,[H:11][c:5]1[c:4]([c:3]([c:2]([c:7]([c:6]1[H:12])[H:13])[O:1][H:8])[H:9])[H:10],,
9,0.13588952725126044,RESP2,b3lyp-d3bj/dzvp,,0.30000000000000004,H,hf,10,[H:11][c:5]1[c:4]([c:3]([c:2]([c:7]([c:6]1[H:12])[H:13])[O:1][H:8])[H:9])[H:10],,
10,0.14690177747198588,RESP2,b3lyp-d3bj/dzvp,,0.30000000000000004,H,hf,11,[H:11][c:5]1[c:4]([c:3]([c:2]([c:7]([c:6]1[H:12])[H:13])[O:1][H:8])[H:9])[H:10],,
11,0.13368990490851754,RESP2,b3lyp-d3bj/dzvp,,0.30000000000000004,H,hf,12,[H:11][c:5]1[c:4]([c:3]([c:2]([c:7]([c:6]1[H:12])[H:13])[O:1][H:8])[H:9])[H:10],,
12,0.15883089194433395,RESP2,b3lyp-d3bj/dzvp,,0.30000000000000004,H,hf,13,[H:11][c:5]1[c:4]([c:3]([c:2]([c:7]([c:6]1[H:12])[H:13])[O:1][H:8])[H:9])[H:10],,
0,-0.6298619739337494,RESP2,b3lyp-d3bj/dzvp,,0.35000000000000003,O,hf,1,[H:11][c:5]1[c:4]([c:3]([c:2]([c:7]([c:6]1[H:12])[H:13])[O:1][H:8])[H:9])[H:10],,
1,0.4485729329334158,RESP2,b3lyp-d3bj/dzvp,,0.35000000000000003,C,hf,2,[H:11][c:5]1[c:4]([c:3]([c:2]([c:7]([c:6]1[H:12])[H:13])[O:1][H:8])[H:9])[H:10],,
2,-0.2831406849245028,RESP2,b3lyp-d3bj/dzvp,,0.35000000000000003,C,hf,3,[H:11][c:5]1[c:4]([c:3]([c:2]([c:7]([c:6]1[H:12])[H:13])[O:1][H:8])[H:9])[H:10],,
3,-0.09180515852281654,RESP2,b3lyp-d3bj/dzvp,,0.35000000000000003,C,hf,4,[H:11][c:5]1[c:4]([c:3]([c:2]([c:7]([c:6]1[H:12])[H:13])[O:1][H:8])[H:9])[H:10],,
4,-0.22540541762097388,RESP2,b3lyp-d3bj/dzvp,,0.35000000000000003,C,hf,5,[H:11][c:5]1[c:4]([c:3]([c:2]([c:7]([c:6]1[H:12])[H:13])[O:1][H:8])[H:9])[H:10],,
5,-0.057372593052686854,RESP2,b3lyp-d3bj/dzvp,,0.35000000000000003,C,hf,6,[H:11][c:5]1[c:4]([c:3]([c:2]([c:7]([c:6]1[H:12])[H:13])[O:1][H:8])[H:9])[H:10],,
6,-0.3612090833251627,RESP2,b3lyp-d3bj/dzvp,,0.35000000000000003,C,hf,7,[H:11][c:5]1[c:4]([c:3]([c:2]([c:7]([c:6]1[H:12])[H:13])[O:1][H:8])[H:9])[H:10],,
7,0.44283478438399865,RESP2,b3lyp-d3bj/dzvp,,0.35000000000000003,H,hf,8,[H:11][c:5]1[c:4]([c:3]([c:2]([c:7]([c:6]1[H:12])[H:13])[O:1][H:8])[H:9])[H:10],,
8,0.18104932893264425,RESP2,b3lyp-d3bj/dzvp,,0.35000000000000003,H,hf,9,[H:11][c:5]1[c:4]([c:3]([c:2]([c:7]([c:6]1[H:12])[H:13])[O:1][H:8])[H:9])[H:10],,
9,0.13621841536940402,RESP2,b3lyp-d3bj/dzvp,,0.35000000000000003,H,hf,10,[H:11][c:5]1[c:4]([c:3]([c:2]([c:7]([c:6]1[H:12])[H:13])[O:1][H:8])[H:9])[H:10],,
10,0.14715135508510863,RESP2,b3lyp-d3bj/dzvp,,0.35000000000000003,H,hf,11,[H:11][c:5]1[c:4]([c:3]([c:2]([c:7]([c:6]1[H:12])[H:13])[O:1][H:8])[H:9])[H:10],,
11,0.13386268414432265,RESP2,b3lyp-d3bj/dzvp,,0.35000000000000003,H,hf,12,[H:11][c:5]1[c:4]([c:3]([c:2]([c:7]([c:6]1[H:12])[H:13])[O:1][H:8])[H:9])[H:10],,
12,0.15910541053099808,RESP2,b3lyp-d3bj/dzvp,,0.35000000000000003,H,hf,13,[H:11][c:5]1[c:4]([c:3]([c:2]([c:7]([c:6]1[H:12])[H:13])[O:1][H:8])[H:9])[H:10],,
0,-0.6314088779817129,RESP2,b3lyp-d3bj/dzvp,,0.4,O,hf,1,[H:11][c:5]1[c:4]([c:3]([c:2]([c:7]([c:6]1[H:12])[H:13])[O:1][H:8])[H:9])[H:10],,
1,0.44894074928210626,RESP2,b3lyp-d3bj/dzvp,,0.4,C,hf,2,[H:11][c:5]1[c:4]([c:3]([c:2]([c:7]([c:6]1[H:12])[H:13])[O:1][H:8])[H:9])[H:10],,
2,-0.28430682133825985,RESP2,b3lyp-d3bj/dzvp,,0.4,C,hf,3,[H:11][c:5]1[c:4]([c:3]([c:2]([c:7]([c:6]1[H:12])[H:13])[O:1][H:8])[H:9])[H:10],,
3,-0.09172438731311693,RESP2,b3lyp-d3bj/dzvp,,0.4,C,hf,4,[H:11][c:5]1[c:4]([c:3]([c:2]([c:7]([c:6]1[H:12])[H:13])[O:1][H:8])[H:9])[H:10],,
4,-0.2257167252755982,RESP2,b3lyp-d3bj/dzvp,,0.4,C,hf,5,[H:11][c:5]1[c:4]([c:3]([c:2]([c:7]([c:6]1[H:12])[H:13])[O:1][H:8])[H:9])[H:10],,
5,-0.05731150103192617,RESP2,b3lyp-d3bj/dzvp,,0.4,C,hf,6,[H:11][c:5]1[c:4]([c:3]([c:2]([c:7]([c:6]1[H:12])[H:13])[O:1][H:8])[H:9])[H:10],,
6,-0.3612106194952082,RESP2,b3lyp-d3bj/dzvp,,0.4,C,hf,7,[H:11][c:5]1[c:4]([c:3]([c:2]([c:7]([c:6]1[H:12])[H:13])[O:1][H:8])[H:9])[H:10],,
7,0.44396464048310313,RESP2,b3lyp-d3bj/dzvp,,0.4,H,hf,8,[H:11][c:5]1[c:4]([c:3]([c:2]([c:7]([c:6]1[H:12])[H:13])[O:1][H:8])[H:9])[H:10],,
8,0.18140991398704373,RESP2,b3lyp-d3bj/dzvp,,0.4,H,hf,9,[H:11][c:5]1[c:4]([c:3]([c:2]([c:7]([c:6]1[H:12])[H:13])[O:1][H:8])[H:9])[H:10],,
9,0.13654730348754768,RESP2,b3lyp-d3bj/dzvp,,0.4,H,hf,10,[H:11][c:5]1[c:4]([c:3]([c:2]([c:7]([c:6]1[H:12])[H:13])[O:1][H:8])[H:9])[H:10],,
10,0.14740093269823143,RESP2,b3lyp-d3bj/dzvp,,0.4,H,hf,11,[H:11][c:5]1[c:4]([c:3]([c:2]([c:7]([c:6]1[H:12])[H:13])[O:1][H:8])[H:9])[H:10],,
11,0.1340354633801278,RESP2,b3lyp-d3bj/dzvp,,0.4,H,hf,12,[H:11][c:5]1[c:4]([c:3]([c:2]([c:7]([c:6]1[H:12])[H:13])[O:1][H:8])[H:9])[H:10],,
12,0.15937992911766227,RESP2,b3lyp-d3bj/dzvp,,0.4,H,hf,13,[H:11][c:5]1[c:4]([c:3]([c:2]([c:7]([c:6]1[H:12])[H:13])[O:1][H:8])[H:9])[H:10],,
0,-0.6329557820296763,RESP2,b3lyp-d3bj/dzvp,,0.45,O,hf,1,[H:11][c:5]1[c:4]([c:3]([c:2]([c:7]([c:6]1[H:12])[H:13])[O:1][H:8])[H:9])[H:10],,
1,0.44930856563079674,RESP2,b3lyp-d3bj/dzvp,,0.45,C,hf,2,[H:11][c:5]1[c:4]([c:3]([c:2]([c:7]([c:6]1[H:12])[H:13])[O:1][H:8])[H:9])[H:10],,
2,-0.28547295775201686,RESP2,b3lyp-d3bj/dzvp,,0.45,C,hf,3,[H:11][c:5]1[c:4]([c:3]([c:2]([c:7]([c:6]1[H:12])[H:13])[O:1][H:8])[H:9])[H:10],,
3,-0.09164361610341734,RESP2,b3lyp-d3bj/dzvp,,0.45,C,hf,4,[H:11][c:5]1[c:4]([c:3]([c:2]([c:7]([c:6]1[H:12])[H:13])[O:1][H:8])[H:9])[H:10],,
4,-0.22602803293022256,RESP2,b3lyp-d3bj/dzvp,,0.45,C,hf,5,[H:11][c:5]1[c:4]([c:3]([c:2]([c:7]([c:6]1[H:12])[H:13])[O:1][H:8])[H:9])[H:10],,
5,-0.05725040901116553,RESP2,b3lyp-d3bj/dzvp,,0.45,C,hf,6,[H:11][c:5]1[c:4]([c:3]([c:2]([c:7]([c:6]1[H:12])[H:13])[O:1][H:8])[H:9])[H:10],,
6,-0.36121215566525366,RESP2,b3lyp-d3bj/dzvp,,0.45,C,hf,7,[H:11][c:5]1[c:4]([c:3]([c:2]([c:7]([c:6]1[H:12])[H:13])[O:1][H:8])[H:9])[H:10],,
7,0.44509449658220757,RESP2,b3lyp-d3bj/dzvp,,0.45,H,hf,8,[H:11][c:5]1[c:4]([c:3]([c:2]([c:7]([c:6]1[H:12])[H:13])[O:1][H:8])[H:9])[H:10],,
8,0.18177049904144316,RESP2,b3lyp-d3bj/dzvp,,0.45,H,hf,9,[H:11][c:5]1[c:4]([c:3]([c:2]([c:7]([c:6]1[H:12])[H:13])[O:1][H:8])[H:9])[H:10],,
9,0.13687619160569128,RESP2,b3lyp-d3bj/dzvp,,0.45,H,hf,10,[H:11][c:5]1[c:4]([c:3]([c:2]([c:7]([c:6]1[H:12])[H:13])[O:1][H:8])[H:9])[H:10],,
10,0.1476505103113542,RESP2,b3lyp-d3bj/dzvp,,0.45,H,hf,11,[H:11][c:5]1[c:4]([c:3]([c:2]([c:7]([c:6]1[H:12])[H:13])[O:1][H:8])[H:9])[H:10],,
11,0.13420824261593295,RESP2,b3lyp-d3bj/dzvp,,0.45,H,hf,12,[H:11][c:5]1[c:4]([c:3]([c:2]([c:7]([c:6]1[H:12])[H:13])[O:1][H:8])[H:9])[H:10],,
12,0.1596544477043264,RESP2,b3lyp-d3bj/dzvp,,0.45,H,hf,13,[H:11][c:5]1[c:4]([c:3]([c:2]([c:7]([c:6]1[H:12])[H:13])[O:1][H:8])[H:9])[H:10],,
0,-0.6345026860776397,RESP2,b3lyp-d3bj/dzvp,,0.5,O,hf,1,[H:11][c:5]1[c:4]([c:3]([c:2]([c:7]([c:6]1[H:12])[H:13])[O:1][H:8])[H:9])[H:10],,
1,0.4496763819794871,RESP2,b3lyp-d3bj/dzvp,,0.5,C,hf,2,[H:11][c:5]1[c:4]([c:3]([c:2]([c:7]([c:6]1[H:12])[H:13])[O:1][H:8])[H:9])[H:10],,
2,-0.28663909416577393,RESP2,b3lyp-d3bj/dzvp,,0.5,C,hf,3,[H:11][c:5]1[c:4]([c:3]([c:2]([c:7]([c:6]1[H:12])[H:13])[O:1][H:8])[H:9])[H:10],,
3,-0.09156284489371774,RESP2,b3lyp-d3bj/dzvp,,0.5,C,hf,4,[H:11][c:5]1[c:4]([c:3]([c:2]([c:7]([c:6]1[H:12])[H:13])[O:1][H:8])[H:9])[H:10],,
4,-0.2263393405848469,RESP2,b3lyp-d3bj/dzvp,,0.5,C,hf,5,[H:11][c:5]1[c:4]([c:3]([c:2]([c:7]([c:6]1[H:12])[H:13])[O:1][H:8])[H:9])[H:10],,
5,-0.057189316990404845,RESP2,b3lyp-d3bj/dzvp,,0.5,C,hf,6,[H:11][c:5]1[c:4]([c:3]([c:2]([c:7]([c:6]1[H:12])[H:13])[O:1][H:8])[H:9])[H:10],,
6,-0.36121369183529917,RESP2,b3lyp-d3bj/dzvp,,0.5,C,hf,7,[H:11][c:5]1[c:4]([c:3]([c:2]([c:7]([c:6]1[H:12])[H:13])[O:1][H:8])[H:9])[H:10],,
7,0.44622435268131205,RESP2,b3lyp-d3bj/dzvp,,0.5,H,hf,8,[H:11][c:5]1[c:4]([c:3]([c:2]([c:7]([c:6]1[H:12])[H:13])[O:1][H:8])[H:9])[H:10],,
8,0.18213108409584255,RESP2,b3lyp-d3bj/dzvp,,0.5,H,hf,9,[H:11][c:5]1[c:4]([c:3]([c:2]([c:7]([c:6]1[H:12])[H:13])[O:1][H:8])[H:9])[H:10],,
9,0.1372050797238349,RESP2,b3lyp-d3bj/dzvp,,0.5,H,hf,10,[H:11][c:5]1[c:4]([c:3]([c:2]([c:7]([c:6]1[H:12])[H:13])[O:1][H:8])[H:9])[H:10],,
10,0.14790008792447698,RESP2,b3lyp-d3bj/dzvp,,0.5,H,hf,11,[H:11][c:5]1[c:4]([c:3]([c:2]([c:7]([c:6]1[H:12])[H:13])[O:1][H:8])[H:9])[H:10],,
11,0.13438102185173806,RESP2,b3lyp-d3bj/dzvp,,0.5,H,hf,12,[H:11][c:5]1[c:4]([c:3]([c:2]([c:7]([c:6]1[H:12])[H:13])[O:1][H:8])[H:9])[H:10],,
12,0.15992896629099057,RESP2,b3lyp-d3bj/dzvp,,0.5,H,hf,13,[H:11][c:5]1[c:4]([c:3]([c:2]([c:7]([c:6]1[H:12])[H:13])[O:1][H:8])[H:9])[H:10],,
0,-0.6360495901256031,RESP2,b3lyp-d3bj/dzvp,,0.55,O,hf,1,[H:11][c:5]1[c:4]([c:3]([c:2]([c:7]([c:6]1[H:12])[H:13])[O:1][H:8])[H:9])[H:10],,
1,0.45004419832817755,RESP2,b3lyp-d3bj/dzvp,,0.55,C,hf,2,[H:11][c:5]1[c:4]([c:3]([c:2]([c:7]([c:6]1[H:12])[H:13])[O:1][H:8])[H:9])[H:10],,
2,-0.28780523057953095,RESP2,b3lyp-d3bj/dzvp,,0.55,C,hf,3,[H:11][c:5]1[c:4]([c:3]([c:2]([c:7]([c:6]1[H:12])[H:13])[O:1][H:8])[H:9])[H:10],,
3,-0.09148207368401814,RESP2,b3lyp-d3bj/dzvp,,0.55,C,hf,4,[H:11][c:5]1[c:4]([c:3]([c:2]([c:7]([c:6]1[H:12])[H:13])[O:1][H:8])[H:9])[H:10],,
4,-0.22665064823947123,RESP2,b3lyp-d3bj/dzvp,,0.55,C,hf,5,[H:11][c:5]1[c:4]([c:3]([c:2]([c:7]([c:6]1[H:12])[H:13])[O:1][H:8])[H:9])[H:10],,
5,-0.05712822496964419,RESP2,b3lyp-d3bj/dzvp,,0.55,C,hf,6,[H:11][c:5]1[c:4]([c:3]([c:2]([c:7]([c:6]1[H:12])[H:13])[O:1][H:8])[H:9])[H:10],,
6,-0.3612152280053446,RESP2,b3lyp-d3bj/dzvp,,0.55,C,hf,7,[H:11][c:5]1[c:4]([c:3]([c:2]([c:7]([c:6]1[H:12])[H:13])[O:1][H:8])[H:9])[H:10],,
7,0.44735420878041654,RESP2,b3lyp-d3bj/dzvp,,0.55,H,hf,8,[H:11][c:5]1[c:4]([c:3]([c:2]([c:7]([c:6]1[H:12])[H:13])[O:1][H:8])[H:9])[H:10],,
8,0.182491669150242,RESP2,b3lyp-d3bj/dzvp,,0.55,H,hf,9,[H:11][c:5]1[c:4]([c:3]([c:2]([c:7]([c:6]1[H:12])[H:13])[O:1][H:8])[H:9])[H:10],,
9,0.13753396784197852,RESP2,b3lyp-d3bj/dzvp,,0.55,H,hf,10,[H:11][c:5]1[c:4]([c:3]([c:2]([c:7]([c:6]1[H:12])[H:13])[O:1][H:8])[H:9])[H:10],,
10,0.14814966553759976,RESP2,b3lyp-d3bj/dzvp,,0.55,H,hf,11,[H:11][c:5]1[c:4]([c:3]([c:2]([c:7]([c:6]1[H:12])[H:13])[O:1][H:8])[H:9])[H:10],,
11,0.1345538010875432,RESP2,b3lyp-d3bj/dzvp,,0.55,H,hf,12,[H:11][c:5]1[c:4]([c:3]([c:2]([c:7]([c:6]1[H:12])[H:13])[O:1][H:8])[H:9])[H:10],,
12,0.16020348487765476,RESP2,b3lyp-d3bj/dzvp,,0.55,H,hf,13,[H:11][c:5]1[c:4]([c:3]([c:2]([c:7]([c:6]1[H:12])[H:13])[O:1][H:8])[H:9])[H:10],,
0,-0.6375964941735665,RESP2,b3lyp-d3bj/dzvp,,0.6000000000000001,O,hf,1,[H:11][c:5]1[c:4]([c:3]([c:2]([c:7]([c:6]1[H:12])[H:13])[O:1][H:8])[H:9])[H:10],,
1,0.45041201467686803,RESP2,b3lyp-d3bj/dzvp,,0.6000000000000001,C,hf,2,[H:11][c:5]1[c:4]([c:3]([c:2]([c:7]([c:6]1[H:12])[H:13])[O:1][H:8])[H:9])[H:10],,
2,-0.288971366993288,RESP2,b3lyp-d3bj/dzvp,,0.6000000000000001,C,hf,3,[H:11][c:5]1[c:4]([c:3]([c:2]([c:7]([c:6]1[H:12])[H:13])[O:1][H:8])[H:9])[H:10],,
3,-0.09140130247431856,RESP2,b3lyp-d3bj/dzvp,,0.6000000000000001,C,hf,4,[H:11][c:5]1[c:4]([c:3]([c:2]([c:7]([c:6]1[H:12])[H:13])[O:1][H:8])[H:9])[H:10],,
4,-0.2269619558940955,RESP2,b3lyp-d3bj/dzvp,,0.6000000000000001,C,hf,5,[H:11][c:5]1[c:4]([c:3]([c:2]([c:7]([c:6]1[H:12])[H:13])[O:1][H:8])[H:9])[H:10],,
5,-0.05706713294888353,RESP2,b3lyp-d3bj/dzvp,,0.6000000000000001,C,hf,6,[H:11][c:5]1[c:4]([c:3]([c:2]([c:7]([c:6]1[H:12])[H:13])[O:1][H:8])[H:9])[H:10],,
6,-0.36121676417539006,RESP2,b3lyp-d3bj/dzvp,,0.6000000000000001,C,hf,7,[H:11][c:5]1[c:4]([c:3]([c:2]([c:7]([c:6]1[H:12])[H:13])[O:1][H:8])[H:9])[H:10],,
7,0.44848406487952097,RESP2,b3lyp-d3bj/dzvp,,0.6000000000000001,H,hf,8,[H:11][c:5]1[c:4]([c:3]([c:2]([c:7]([c:6]1[H:12])[H:13])[O:1][H:8])[H:9])[H:10],,
8,0.1828522542046414,RESP2,b3lyp-d3bj/dzvp,,0.6000000000000001,H,hf,9,[H:11][c:5]1[c:4]([c:3]([c:2]([c:7]([c:6]1[H:12])[H:13])[O:1][H:8])[H:9])[H:10],,
9,0.13786285596012213,RESP2,b3lyp-d3bj/dzvp,,0.6000000000000001,H,hf,10,[H:11][c:5]1[c:4]([c:3]([c:2]([c:7]([c:6]1[H:12])[H:13])[O:1][H:8])[H:9])[H:10],,
10,0.14839924315072256,RESP2,b3lyp-d3bj/dzvp,,0.6000000000000001,H,hf,11,[H:11][c:5]1[c:4]([c:3]([c:2]([c:7]([c:6]1[H:12])[H:13])[O:1][H:8])[H:9])[H:10],,
11,0.13472658032334833,RESP2,b3lyp-d3bj/dzvp,,0.6000000000000001,H,hf,12,[H:11][c:5]1[c:4]([c:3]([c:2]([c:7]([c:6]1[H:12])[H:13])[O:1][H:8])[H:9])[H:10],,
12,0.1604780034643189,RESP2,b3lyp-d3bj/dzvp,,0.6000000000000001,H,hf,13,[H:11][c:5]1[c:4]([c:3]([c:2]([c:7]([c:6]1[H:12])[H:13])[O:1][H:8])[H:9])[H:10],,
0,-0.6391433982215299,RESP2,b3lyp-d3bj/dzvp,,0.65,O,hf,1,[H:11][c:5]1[c:4]([c:3]([c:2]([c:7]([c:6]1[H:12])[H:13])[O:1][H:8])[H:9])[H:10],,
1,0.4507798310255584,RESP2,b3lyp-d3bj/dzvp,,0.65,C,hf,2,[H:11][c:5]1[c:4]([c:3]([c:2]([c:7]([c:6]1[H:12])[H:13])[O:1][H:8])[H:9])[H:10],,
2,-0.290137503407045,RESP2,b3lyp-d3bj/dzvp,,0.65,C,hf,3,[H:11][c:5]1[c:4]([c:3]([c:2]([c:7]([c:6]1[H:12])[H:13])[O:1][H:8])[H:9])[H:10],,
3,-0.09132053126461895,RESP2,b3lyp-d3bj/dzvp,,0.65,C,hf,4,[H:11][c:5]1[c:4]([c:3]([c:2]([c:7]([c:6]1[H:12])[H:13])[O:1][H:8])[H:9])[H:10],,
4,-0.22727326354871988,RESP2,b3lyp-d3bj/dzvp,,0.65,C,hf,5,[H:11][c:5]1[c:4]([c:3]([c:2]([c:7]([c:6]1[H:12])[H:13])[O:1][H:8])[H:9])[H:10],,
5,-0.057006040928122864,RESP2,b3lyp-d3bj/dzvp,,0.65,C,hf,6,[H:11][c:5]1[c:4]([c:3]([c:2]([c:7]([c:6]1[H:12])[H:13])[O:1][H:8])[H:9])[H:10],,
6,-0.3612183003454355,RESP2,b3lyp-d3bj/dzvp,,0.65,C,hf,7,[H:11][c:5]1[c:4]([c:3]([c:2]([c:7]([c:6]1[H:12])[H:13])[O:1][H:8])[H:9])[H:10],,
7,0.4496139209786254,RESP2,b3lyp-d3bj/dzvp,,0.65,H,hf,8,[H:11][c:5]1[c:4]([c:3]([c:2]([c:7]([c:6]1[H:12])[H:13])[O:1][H:8])[H:9])[H:10],,
8,0.18321283925904083,RESP2,b3lyp-d3bj/dzvp,,0.65,H,hf,9,[H:11][c:5]1[c:4]([c:3]([c:2]([c:7]([c:6]1[H:12])[H:13])[O:1][H:8])[H:9])[H:10],,
9,0.13819174407826573,RESP2,b3lyp-d3bj/dzvp,,0.65,H,hf,10,[H:11][c:5]1[c:4]([c:3]([c:2]([c:7]([c:6]1[H:12])[H:13])[O:1][H:8])[H:9])[H:10],,
10,0.1486488207638453,RESP2,b3lyp-d3bj/dzvp,,0.65,H,hf,11,[H:11][c:5]1[c:4]([c:3]([c:2]([c:7]([c:6]1[H:12])[H:13])[O:1][H:8])[H:9])[H:10],,
11,0.13489935955915344,RESP2,b3lyp-d3bj/dzvp,,0.65,H,hf,12,[H:11][c:5]1[c:4]([c:3]([c:2]([c:7]([c:6]1[H:12])[H:13])[O:1][H:8])[H:9])[H:10],,
12,0.16075252205098306,RESP2,b3lyp-d3bj/dzvp,,0.65,H,hf,13,[H:11][c:5]1[c:4]([c:3]([c:2]([c:7]([c:6]1[H:12])[H:13])[O:1][H:8])[H:9])[H:10],,
0,-0.6406903022694932,RESP2,b3lyp-d3bj/dzvp,,0.7000000000000001,O,hf,1,[H:11][c:5]1[c:4]([c:3]([c:2]([c:7]([c:6]1[H:12])[H:13])[O:1][H:8])[H:9])[H:10],,
1,0.45114764737424884,RESP2,b3lyp-d3bj/dzvp,,0.7000000000000001,C,hf,2,[H:11][c:5]1[c:4]([c:3]([c:2]([c:7]([c:6]1[H:12])[H:13])[O:1][H:8])[H:9])[H:10],,
2,-0.29130363982080204,RESP2,b3lyp-d3bj/dzvp,,0.7000000000000001,C,hf,3,[H:11][c:5]1[c:4]([c:3]([c:2]([c:7]([c:6]1[H:12])[H:13])[O:1][H:8])[H:9])[H:10],,
3,-0.09123976005491935,RESP2,b3lyp-d3bj/dzvp,,0.7000000000000001,C,hf,4,[H:11][c:5]1[c:4]([c:3]([c:2]([c:7]([c:6]1[H:12])[H:13])[O:1][H:8])[H:9])[H:10],,
4,-0.22758457120334422,RESP2,b3lyp-d3bj/dzvp,,0.7000000000000001,C,hf,5,[H:11][c:5]1[c:4]([c:3]([c:2]([c:7]([c:6]1[H:12])[H:13])[O:1][H:8])[H:9])[H:10],,
5,-0.056944948907362195,RESP2,b3lyp-d3bj/dzvp,,0.7000000000000001,C,hf,6,[H:11][c:5]1[c:4]([c:3]([c:2]([c:7]([c:6]1[H:12])[H:13])[O:1][H:8])[H:9])[H:10],,
6,-0.36121983651548095,RESP2,b3lyp-d3bj/dzvp,,0.7000000000000001,C,hf,7,[H:11][c:5]1[c:4]([c:3]([c:2]([c:7]([c:6]1[H:12])[H:13])[O:1][H:8])[H:9])[H:10],,
7,0.4507437770777299,RESP2,b3lyp-d3bj/dzvp,,0.7000000000000001,H,hf,8,[H:11][c:5]1[c:4]([c:3]([c:2]([c:7]([c:6]1[H:12])[H:13])[O:1][H:8])[H:9])[H:10],,
8,0.18357342431344026,RESP2,b3lyp-d3bj/dzvp,,0.7000000000000001,H,hf,9,[H:11][c:5]1[c:4]([c:3]([c:2]([c:7]([c:6]1[H:12])[H:13])[O:1][H:8])[H:9])[H:10],,
9,0.13852063219640934,RESP2,b3lyp-d3bj/dzvp,,0.7000000000000001,H,hf,10,[H:11][c:5]1[c:4]([c:3]([c:2]([c:7]([c:6]1[H:12])[H:13])[O:1][H:8])[H:9])[H:10],,
10,0.14889839837696808,RESP2,b3lyp-d3bj/dzvp,,0.7000000000000001,H,hf,11,[H:11][c:5]1[c:4]([c:3]([c:2]([c:7]([c:6]1[H:12])[H:13])[O:1][H:8])[H:9])[H:10],,
11,0.13507213879495858,RESP2,b3lyp-d3bj/dzvp,,0.7000000000000001,H,hf,12,[H:11][c:5]1[c:4]([c:3]([c:2]([c:7]([c:6]1[H:12])[H:13])[O:1][H:8])[H:9])[H:10],,
12,0.16102704063764722,RESP2,b3lyp-d3bj/dzvp,,0.7000000000000001,H,hf,13,[H:11][c:5]1[c:4]([c:3]([c:2]([c:7]([c:6]1[H:12])[H:13])[O:1][H:8])[H:9])[H:10],,
0,-0.6422372063174566,RESP2,b3lyp-d3bj/dzvp,,0.75,O,hf,1,[H:11][c:5]1[c:4]([c:3]([c:2]([c:7]([c:6]1[H:12])[H:13])[O:1][H:8])[H:9])[H:10],,
1,0.45151546372293927,RESP2,b3lyp-d3bj/dzvp,,0.75,C,hf,2,[H:11][c:5]1[c:4]([c:3]([c:2]([c:7]([c:6]1[H:12])[H:13])[O:1][H:8])[H:9])[H:10],,
2,-0.29246977623455916,RESP2,b3lyp-d3bj/dzvp,,0.75,C,hf,3,[H:11][c:5]1[c:4]([c:3]([c:2]([c:7]([c:6]1[H:12])[H:13])[O:1][H:8])[H:9])[H:10],,
3,-0.09115898884521977,RESP2,b3lyp-d3bj/dzvp,,0.75,C,hf,4,[H:11][c:5]1[c:4]([c:3]([c:2]([c:7]([c:6]1[H:12])[H:13])[O:1][H:8])[H:9])[H:10],,
4,-0.22789587885796858,RESP2,b3lyp-d3bj/dzvp,,0.75,C,hf,5,[H:11][c:5]1[c:4]([c:3]([c:2]([c:7]([c:6]1[H:12])[H:13])[O:1][H:8])[H:9])[H:10],,
5,-0.05688385688660156,RESP2,b3lyp-d3bj/dzvp,,0.75,C,hf,6,[H:11][c:5]1[c:4]([c:3]([c:2]([c:7]([c:6]1[H:12])[H:13])[O:1][H:8])[H:9])[H:10],,
6,-0.36122137268552645,RESP2,b3lyp-d3bj/dzvp,,0.75,C,hf,7,[H:11][c:5]1[c:4]([c:3]([c:2]([c:7]([c:6]1[H:12])[H:13])[O:1][H:8])[H:9])[H:10],,
7,0.4518736331768343,RESP2,b3lyp-d3bj/dzvp,,0.75,H,hf,8,[H:11][c:5]1[c:4]([c:3]([c:2]([c:7]([c:6]1[H:12])[H:13])[O:1][H:8])[H:9])[H:10],,
8,0.18393400936783966,RESP2,b3lyp-d3bj/dzvp,,0.75,H,hf,9,[H:11][c:5]1[c:4]([c:3]([c:2]([c:7]([c:6]1[H:12])[H:13])[O:1][H:8])[H:9])[H:10],,
9,0.13884952031455292,RESP2,b3lyp-d3bj/dzvp,,0.75,H,hf,10,[H:11][c:5]1[c:4]([c:3]([c:2]([c:7]([c:6]1[H:12])[H:13])[O:1][H:8])[H:9])[H:10],,
10,0.14914797599009083,RESP2,b3lyp-d3bj/dzvp,,0.75,H,hf,11,[H:11][c:5]1[c:4]([c:3]([c:2]([c:7]([c:6]1[H:12])[H:13])[O:1][H:8])[H:9])[H:10],,
11,0.1352449180307637,RESP2,b3lyp-d3bj/dzvp,,0.75,H,hf,12,[H:11][c:5]1[c:4]([c:3]([c:2]([c:7]([c:6]1[H:12])[H:13])[O:1][H:8])[H:9])[H:10],,
12,0.16130155922431136,RESP2,b3lyp-d3bj/dzvp,,0.75,H,hf,13,[H:11][c:5]1[c:4]([c:3]([c:2]([c:7]([c:6]1[H:12])[H:13])[O:1][H:8])[H:9])[H:10],,
0,-0.64378411036542,RESP2,b3lyp-d3bj/dzvp,,0.8,O,hf,1,[H:11][c:5]1[c:4]([c:3]([c:2]([c:7]([c:6]1[H:12])[H:13])[O:1][H:8])[H:9])[H:10],,
1,0.45188328007162964,RESP2,b3lyp-d3bj/dzvp,,0.8,C,hf,2,[H:11][c:5]1[c:4]([c:3]([c:2]([c:7]([c:6]1[H:12])[H:13])[O:1][H:8])[H:9])[H:10],,
2,-0.2936359126483162,RESP2,b3lyp-d3bj/dzvp,,0.8,C,hf,3,[H:11][c:5]1[c:4]([c:3]([c:2]([c:7]([c:6]1[H:12])[H:13])[O:1][H:8])[H:9])[H:10],,
3,-0.09107821763552018,RESP2,b3lyp-d3bj/dzvp,,0.8,C,hf,4,[H:11][c:5]1[c:4]([c:3]([c:2]([c:7]([c:6]1[H:12])[H:13])[O:1][H:8])[H:9])[H:10],,
4,-0.2282071865125929,RESP2,b3lyp-d3bj/dzvp,,0.8,C,hf,5,[H:11][c:5]1[c:4]([c:3]([c:2]([c:7]([c:6]1[H:12])[H:13])[O:1][H:8])[H:9])[H:10],,
5,-0.0568227648658409,RESP2,b3lyp-d3bj/dzvp,,0.8,C,hf,6,[H:11][c:5]1[c:4]([c:3]([c:2]([c:7]([c:6]1[H:12])[H:13])[O:1][H:8])[H:9])[H:10],,
6,-0.36122290885557196,RESP2,b3lyp-d3bj/dzvp,,0.8,C,hf,7,[H:11][c:5]1[c:4]([c:3]([c:2]([c:7]([c:6]1[H:12])[H:13])[O:1][H:8])[H:9])[H:10],,
7,0.4530034892759388,RESP2,b3lyp-d3bj/dzvp,,0.8,H,hf,8,[H:11][c:5]1[c:4]([c:3]([c:2]([c:7]([c:6]1[H:12])[H:13])[O:1][H:8])[H:9])[H:10],,
8,0.18429459442223908,RESP2,b3lyp-d3bj/dzvp,,0.8,H,hf,9,[H:11][c:5]1[c:4]([c:3]([c:2]([c:7]([c:6]1[H:12])[H:13])[O:1][H:8])[H:9])[H:10],,
9,0.13917840843269655,RESP2,b3lyp-d3bj/dzvp,,0.8,H,hf,10,[H:11][c:5]1[c:4]([c:3]([c:2]([c:7]([c:6]1[H:12])[H:13])[O:1][H:8])[H:9])[H:10],,
10,0.14939755360321363,RESP2,b3lyp-d3bj/dzvp,,0.8,H,hf,11,[H:11][c:5]1[c:4]([c:3]([c:2]([c:7]([c:6]1[H:12])[H:13])[O:1][H:8])[H:9])[H:10],,
11,0.13541769726656883,RESP2,b3lyp-d3bj/dzvp,,0.8,H,hf,12,[H:11][c:5]1[c:4]([c:3]([c:2]([c:7]([c:6]1[H:12])[H:13])[O:1][H:8])[H:9])[H:10],,
12,0.16157607781097555,RESP2,b3lyp-d3bj/dzvp,,0.8,H,hf,13,[H:11][c:5]1[c:4]([c:3]([c:2]([c:7]([c:6]1[H:12])[H:13])[O:1][H:8])[H:9])[H:10],,
0,-0.6453310144133835,RESP2,b3lyp-d3bj/dzvp,,0.8500000000000001,O,hf,1,[H:11][c:5]1[c:4]([c:3]([c:2]([c:7]([c:6]1[H:12])[H:13])[O:1][H:8])[H:9])[H:10],,
1,0.45225109642032013,RESP2,b3lyp-d3bj/dzvp,,0.8500000000000001,C,hf,2,[H:11][c:5]1[c:4]([c:3]([c:2]([c:7]([c:6]1[H:12])[H:13])[O:1][H:8])[H:9])[H:10],,
2,-0.29480204906207325,RESP2,b3lyp-d3bj/dzvp,,0.8500000000000001,C,hf,3,[H:11][c:5]1[c:4]([c:3]([c:2]([c:7]([c:6]1[H:12])[H:13])[O:1][H:8])[H:9])[H:10],,
3,-0.09099744642582058,RESP2,b3lyp-d3bj/dzvp,,0.8500000000000001,C,hf,4,[H:11][c:5]1[c:4]([c:3]([c:2]([c:7]([c:6]1[H:12])[H:13])[O:1][H:8])[H:9])[H:10],,
4,-0.2285184941672172,RESP2,b3lyp-d3bj/dzvp,,0.8500000000000001,C,hf,5,[H:11][c:5]1[c:4]([c:3]([c:2]([c:7]([c:6]1[H:12])[H:13])[O:1][H:8])[H:9])[H:10],,
5,-0.05676167284508022,RESP2,b3lyp-d3bj/dzvp,,0.8500000000000001,C,hf,6,[H:11][c:5]1[c:4]([c:3]([c:2]([c:7]([c:6]1[H:12])[H:13])[O:1][H:8])[H:9])[H:10],,
6,-0.3612244450256174,RESP2,b3lyp-d3bj/dzvp,,0.8500000000000001,C,hf,7,[H:11][c:5]1[c:4]([c:3]([c:2]([c:7]([c:6]1[H:12])[H:13])[O:1][H:8])[H:9])[H:10],,
7,0.45413334537504324,RESP2,b3lyp-d3bj/dzvp,,0.8500000000000001,H,hf,8,[H:11][c:5]1[c:4]([c:3]([c:2]([c:7]([c:6]1[H:12])[H:13])[O:1][H:8])[H:9])[H:10],,
8,0.18465517947663854,RESP2,b3lyp-d3bj/dzvp,,0.8500000000000001,H,hf,9,[H:11][c:5]1[c:4]([c:3]([c:2]([c:7]([c:6]1[H:12])[H:13])[O:1][H:8])[H:9])[H:10],,
9,0.13950729655084018,RESP2,b3lyp-d3bj/dzvp,,0.8500000000000001,H,hf,10,[H:11][c:5]1[c:4]([c:3]([c:2]([c:7]([c:6]1[H:12])[H:13])[O:1][H:8])[H:9])[H:10],,
10,0.1496471312163364,RESP2,b3lyp-d3bj/dzvp,,0.8500000000000001,H,hf,11,[H:11][c:5]1[c:4]([c:3]([c:2]([c:7]([c:6]1[H:12])[H:13])[O:1][H:8])[H:9])[H:10],,
11,0.13559047650237396,RESP2,b3lyp-d3bj/dzvp,,0.8500000000000001,H,hf,12,[H:11][c:5]1[c:4]([c:3]([c:2]([c:7]([c:6]1[H:12])[H:13])[O:1][H:8])[H:9])[H:10],,
12,0.1618505963976397,RESP2,b3lyp-d3bj/dzvp,,0.8500000000000001,H,hf,13,[H:11][c:5]1[c:4]([c:3]([c:2]([c:7]([c:6]1[H:12])[H:13])[O:1][H:8])[H:9])[H:10],,
0,-0.646877918461347,RESP2,b3lyp-d3bj/dzvp,,0.9,O,hf,1,[H:11][c:5]1[c:4]([c:3]([c:2]([c:7]([c:6]1[H:12])[H:13])[O:1][H:8])[H:9])[H:10],,
1,0.45261891276901056,RESP2,b3lyp-d3bj/dzvp,,0.9,C,hf,2,[H:11][c:5]1[c:4]([c:3]([c:2]([c:7]([c:6]1[H:12])[H:13])[O:1][H:8])[H:9])[H:10],,
2,-0.29596818547583026,RESP2,b3lyp-d3bj/dzvp,,0.9,C,hf,3,[H:11][c:5]1[c:4]([c:3]([c:2]([c:7]([c:6]1[H:12])[H:13])[O:1][H:8])[H:9])[H:10],,
3,-0.09091667521612101,RESP2,b3lyp-d3bj/dzvp,,0.9,C,hf,4,[H:11][c:5]1[c:4]([c:3]([c:2]([c:7]([c:6]1[H:12])[H:13])[O:1][H:8])[H:9])[H:10],,
4,-0.2288298018218415,RESP2,b3lyp-d3bj/dzvp,,0.9,C,hf,5,[H:11][c:5]1[c:4]([c:3]([c:2]([c:7]([c:6]1[H:12])[H:13])[O:1][H:8])[H:9])[H:10],,
5,-0.05670058082431957,RESP2,b3lyp-d3bj/dzvp,,0.9,C,hf,6,[H:11][c:5]1[c:4]([c:3]([c:2]([c:7]([c:6]1[H:12])[H:13])[O:1][H:8])[H:9])[H:10],,
6,-0.36122598119566285,RESP2,b3lyp-d3bj/dzvp,,0.9,C,hf,7,[H:11][c:5]1[c:4]([c:3]([c:2]([c:7]([c:6]1[H:12])[H:13])[O:1][H:8])[H:9])[H:10],,
7,0.45526320147414767,RESP2,b3lyp-d3bj/dzvp,,0.9,H,hf,8,[H:11][c:5]1[c:4]([c:3]([c:2]([c:7]([c:6]1[H:12])[H:13])[O:1][H:8])[H:9])[H:10],,
8,0.18501576453103796,RESP2,b3lyp-d3bj/dzvp,,0.9,H,hf,9,[H:11][c:5]1[c:4]([c:3]([c:2]([c:7]([c:6]1[H:12])[H:13])[O:1][H:8])[H:9])[H:10],,
9,0.1398361846689838,RESP2,b3lyp-d3bj/dzvp,,0.9,H,hf,10,[H:11][c:5]1[c:4]([c:3]([c:2]([c:7]([c:6]1[H:12])[H:13])[O:1][H:8])[H:9])[H:10],,
10,0.14989670882945919,RESP2,b3lyp-d3bj/dzvp,,0.9,H,hf,11,[H:11][c:5]1[c:4]([c:3]([c:2]([c:7]([c:6]1[H:12])[H:13])[O:1][H:8])[H:9])[H:10],,
11,0.1357632557381791,RESP2,b3lyp-d3bj/dzvp,,0.9,H,hf,12,[H:11][c:5]1[c:4]([c:3]([c:2]([c:7]([c:6]1[H:12])[H:13])[O:1][H:8])[H:9])[H:10],,
12,0.16212511498430388,RESP2,b3lyp-d3bj/dzvp,,0.9,H,hf,13,[H:11][c:5]1[c:4]([c:3]([c:2]([c:7]([c:6]1[H:12])[H:13])[O:1][H:8])[H:9])[H:10],,
0,-0.6484248225093103,RESP2,b3lyp-d3bj/dzvp,,0.9500000000000001,O,hf,1,[H:11][c:5]1[c:4]([c:3]([c:2]([c:7]([c:6]1[H:12])[H:13])[O:1][H:8])[H:9])[H:10],,
1,0.452986729117701,RESP2,b3lyp-d3bj/dzvp,,0.9500000000000001,C,hf,2,[H:11][c:5]1[c:4]([c:3]([c:2]([c:7]([c:6]1[H:12])[H:13])[O:1][H:8])[H:9])[H:10],,
2,-0.29713432188958727,RESP2,b3lyp-d3bj/dzvp,,0.9500000000000001,C,hf,3,[H:11][c:5]1[c:4]([c:3]([c:2]([c:7]([c:6]1[H:12])[H:13])[O:1][H:8])[H:9])[H:10],,
3,-0.0908359040064214,RESP2,b3lyp-d3bj/dzvp,,0.9500000000000001,C,hf,4,[H:11][c:5]1[c:4]([c:3]([c:2]([c:7]([c:6]1[H:12])[H:13])[O:1][H:8])[H:9])[H:10],,
4,-0.2291411094764659,RESP2,b3lyp-d3bj/dzvp,,0.9500000000000001,C,hf,5,[H:11][c:5]1[c:4]([c:3]([c:2]([c:7]([c:6]1[H:12])[H:13])[O:1][H:8])[H:9])[H:10],,
5,-0.05663948880355891,RESP2,b3lyp-d3bj/dzvp,,0.9500000000000001,C,hf,6,[H:11][c:5]1[c:4]([c:3]([c:2]([c:7]([c:6]1[H:12])[H:13])[O:1][H:8])[H:9])[H:10],,
6,-0.36122751736570835,RESP2,b3lyp-d3bj/dzvp,,0.9500000000000001,C,hf,7,[H:11][c:5]1[c:4]([c:3]([c:2]([c:7]([c:6]1[H:12])[H:13])[O:1][H:8])[H:9])[H:10],,
7,0.4563930575732522,RESP2,b3lyp-d3bj/dzvp,,0.9500000000000001,H,hf,8,[H:11][c:5]1[c:4]([c:3]([c:2]([c:7]([c:6]1[H:12])[H:13])[O:1][H:8])[H:9])[H:10],,
8,0.18537634958543733,RESP2,b3lyp-d3bj/dzvp,,0.9500000000000001,H,hf,9,[H:11][c:5]1[c:4]([c:3]([c:2]([c:7]([c:6]1[H:12])[H:13])[O:1][H:8])[H:9])[H:10],,
9,0.1401650727871274,RESP2,b3lyp-d3bj/dzvp,,0.9500000000000001,H,hf,10,[H:11][c:5]1[c:4]([c:3]([c:2]([c:7]([c:6]1[H:12])[H:13])[O:1][H:8])[H:9])[H:10],,
10,0.15014628644258196,RESP2,b3lyp-d3bj/dzvp,,0.9500000000000001,H,hf,11,[H:11][c:5]1[c:4]([c:3]([c:2]([c:7]([c:6]1[H:12])[H:13])[O:1][H:8])[H:9])[H:10],,
11,0.1359360349739842,RESP2,b3lyp-d3bj/dzvp,,0.9500000000000001,H,hf,12,[H:11][c:5]1[c:4]([c:3]([c:2]([c:7]([c:6]1[H:12])[H:13])[O:1][H:8])[H:9])[H:10],,
12,0.162399633570968,RESP2,b3lyp-d3bj/dzvp,,0.9500000000000001,H,hf,13,[H:11][c:5]1[c:4]([c:3]([c:2]([c:7]([c:6]1[H:12])[H:13])[O:1][H:8])[H:9])[H:10],,
0,-0.6499717265572738,RESP2,b3lyp-d3bj/dzvp,,1.0,O,hf,1,[H:11][c:5]1[c:4]([c:3]([c:2]([c:7]([c:6]1[H:12])[H:13])[O:1][H:8])[H:9])[H:10],,
1,0.4533545454663914,RESP2,b3lyp-d3bj/dzvp,,1.0,C,hf,2,[H:11][c:5]1[c:4]([c:3]([c:2]([c:7]([c:6]1[H:12])[H:13])[O:1][H:8])[H:9])[H:10],,
2,-0.29830045830334434,RESP2,b3lyp-d3bj/dzvp,,1.0,C,hf,3,[H:11][c:5]1[c:4]([c:3]([c:2]([c:7]([c:6]1[H:12])[H:13])[O:1][H:8])[H:9])[H:10],,
3,-0.0907551327967218,RESP2,b3lyp-d3bj/dzvp,,1.0,C,hf,4,[H:11][c:5]1[c:4]([c:3]([c:2]([c:7]([c:6]1[H:12])[H:13])[O:1][H:8])[H:9])[H:10],,
4,-0.2294524171310902,RESP2,b3lyp-d3bj/dzvp,,1.0,C,hf,5,[H:11][c:5]1[c:4]([c:3]([c:2]([c:7]([c:6]1[H:12])[H:13])[O:1][H:8])[H:9])[H:10],,
5,-0.05657839678279823,RESP2,b3lyp-d3bj/dzvp,,1.0,C,hf,6,[H:11][c:5]1[c:4]([c:3]([c:2]([c:7]([c:6]1[H:12])[H:13])[O:1][H:8])[H:9])[H:10],,
6,-0.3612290535357538,RESP2,b3lyp-d3bj/dzvp,,1.0,C,hf,7,[H:11][c:5]1[c:4]([c:3]([c:2]([c:7]([c:6]1[H:12])[H:13])[O:1][H:8])[H:9])[H:10],,
7,0.45752291367235665,RESP2,b3lyp-d3bj/dzvp,,1.0,H,hf,8,[H:11][c:5]1[c:4]([c:3]([c:2]([c:7]([c:6]1[H:12])[H:13])[O:1][H:8])[H:9])[H:10],,
8,0.1857369346398368,RESP2,b3lyp-d3bj/dzvp,,1.0,H,hf,9,[H:11][c:5]1[c:4]([c:3]([c:2]([c:7]([c:6]1[H:12])[H:13])[O:1][H:8])[H:9])[H:10],,
9,0.140493960905271,RESP2,b3lyp-d3bj/dzvp,,1.0,H,hf,10,[H:11][c:5]1[c:4]([c:3]([c:2]([c:7]([c:6]1[H:12])[H:13])[O:1][H:8])[H:9])[H:10],,
10,0.15039586405570474,RESP2,b3lyp-d3bj/dzvp,,1.0,H,hf,11,[H:11][c:5]1[c:4]([c:3]([c:2]([c:7]([c:6]1[H:12])[H:13])[O:1][H:8])[H:9])[H:10],,
11,0.13610881420978935,RESP2,b3lyp-d3bj/dzvp,,1.0,H,hf,12,[H:11][c:5]1[c:4]([c:3]([c:2]([c:7]([c:6]1[H:12])[H:13])[O:1][H:8])[H:9])[H:10],,
12,0.16267415215763217,RESP2,b3lyp-d3bj/dzvp,,1.0,H,hf,13,[H:11][c:5]1[c:4]([c:3]([c:2]([c:7]([c:6]1[H:12])[H:13])[O:1][H:8])[H:9])[H:10],,
0,-0.6160621354805585,RESP2,b3lyp-d3bj/dzvp,1.0,0.0,O,resp2,1,[H:11][c:5]1[c:4]([c:3]([c:2]([c:7]([c:6]1[H:12])[H:13])[O:1][H:8])[H:9])[H:10],,
1,0.44684877220476116,RESP2,b3lyp-d3bj/dzvp,1.0,0.0,C,resp2,2,[H:11][c:5]1[c:4]([c:3]([c:2]([c:7]([c:6]1[H:12])[H:13])[O:1][H:8])[H:9])[H:10],,
2,-0.28360409816084586,RESP2,b3lyp-d3bj/dzvp,1.0,0.0,C,resp2,3,[H:11][c:5]1[c:4]([c:3]([c:2]([c:7]([c:6]1[H:12])[H:13])[O:1][H:8])[H:9])[H:10],,
3,-0.11306342915844947,RESP2,b3lyp-d3bj/dzvp,1.0,0.0,C,resp2,4,[H:11][c:5]1[c:4]([c:3]([c:2]([c:7]([c:6]1[H:12])[H:13])[O:1][H:8])[H:9])[H:10],,
4,-0.22136093569303736,RESP2,b3lyp-d3bj/dzvp,1.0,0.0,C,resp2,5,[H:11][c:5]1[c:4]([c:3]([c:2]([c:7]([c:6]1[H:12])[H:13])[O:1][H:8])[H:9])[H:10],,
5,-0.07148936936357957,RESP2,b3lyp-d3bj/dzvp,1.0,0.0,C,resp2,6,[H:11][c:5]1[c:4]([c:3]([c:2]([c:7]([c:6]1[H:12])[H:13])[O:1][H:8])[H:9])[H:10],,
6,-0.37423456509320363,RESP2,b3lyp-d3bj/dzvp,1.0,0.0,C,resp2,7,[H:11][c:5]1[c:4]([c:3]([c:2]([c:7]([c:6]1[H:12])[H:13])[O:1][H:8])[H:9])[H:10],,
7,0.4376643881889556,RESP2,b3lyp-d3bj/dzvp,1.0,0.0,H,resp2,8,[H:11][c:5]1[c:4]([c:3]([c:2]([c:7]([c:6]1[H:12])[H:13])[O:1][H:8])[H:9])[H:10],,
8,0.18903634309986153,RESP2,b3lyp-d3bj/dzvp,1.0,0.0,H,resp2,9,[H:11][c:5]1[c:4]([c:3]([c:2]([c:7]([c:6]1[H:12])[H:13])[O:1][H:8])[H:9])[H:10],,
9,0.14568117057219454,RESP2,b3lyp-d3bj/dzvp,1.0,0.0,H,resp2,10,[H:11][c:5]1[c:4]([c:3]([c:2]([c:7]([c:6]1[H:12])[H:13])[O:1][H:8])[H:9])[H:10],,
10,0.15190785336217152,RESP2,b3lyp-d3bj/dzvp,1.0,0.0,H,resp2,11,[H:11][c:5]1[c:4]([c:3]([c:2]([c:7]([c:6]1[H:12])[H:13])[O:1][H:8])[H:9])[H:10],,
11,0.14292453086189735,RESP2,b3lyp-d3bj/dzvp,1.0,0.0,H,resp2,12,[H:11][c:5]1[c:4]([c:3]([c:2]([c:7]([c:6]1[H:12])[H:13])[O:1][H:8])[H:9])[H:10],,
12,0.1657514746598329,RESP2,b3lyp-d3bj/dzvp,1.0,0.0,H,resp2,13,[H:11][c:5]1[c:4]([c:3]([c:2]([c:7]([c:6]1[H:12])[H:13])[O:1][H:8])[H:9])[H:10],,
0,-0.6176134437765639,RESP2,b3lyp-d3bj/dzvp,1.0,0.05,O,resp2,1,[H:11][c:5]1[c:4]([c:3]([c:2]([c:7]([c:6]1[H:12])[H:13])[O:1][H:8])[H:9])[H:10],,
1,0.447218747525368,RESP2,b3lyp-d3bj/dzvp,1.0,0.05,C,resp2,2,[H:11][c:5]1[c:4]([c:3]([c:2]([c:7]([c:6]1[H:12])[H:13])[O:1][H:8])[H:9])[H:10],,
2,-0.28480054117745496,RESP2,b3lyp-d3bj/dzvp,1.0,0.05,C,resp2,3,[H:11][c:5]1[c:4]([c:3]([c:2]([c:7]([c:6]1[H:12])[H:13])[O:1][H:8])[H:9])[H:10],,
3,-0.11290665964549114,RESP2,b3lyp-d3bj/dzvp,1.0,0.05,C,resp2,4,[H:11][c:5]1[c:4]([c:3]([c:2]([c:7]([c:6]1[H:12])[H:13])[O:1][H:8])[H:9])[H:10],,
4,-0.22178676883145107,RESP2,b3lyp-d3bj/dzvp,1.0,0.05,C,resp2,5,[H:11][c:5]1[c:4]([c:3]([c:2]([c:7]([c:6]1[H:12])[H:13])[O:1][H:8])[H:9])[H:10],,
5,-0.07135722413734047,RESP2,b3lyp-d3bj/dzvp,1.0,0.05,C,resp2,6,[H:11][c:5]1[c:4]([c:3]([c:2]([c:7]([c:6]1[H:12])[H:13])[O:1][H:8])[H:9])[H:10],,
6,-0.3742353829912713,RESP2,b3lyp-d3bj/dzvp,1.0,0.05,C,resp2,7,[H:11][c:5]1[c:4]([c:3]([c:2]([c:7]([c:6]1[H:12])[H:13])[O:1][H:8])[H:9])[H:10],,
7,0.43879208660594293,RESP2,b3lyp-d3bj/dzvp,1.0,0.05,H,resp2,8,[H:11][c:5]1[c:4]([c:3]([c:2]([c:7]([c:6]1[H:12])[H:13])[O:1][H:8])[H:9])[H:10],,
8,0.1894004806287615,RESP2,b3lyp-d3bj/dzvp,1.0,0.05,H,resp2,9,[H:11][c:5]1[c:4]([c:3]([c:2]([c:7]([c:6]1[H:12])[H:13])[O:1][H:8])[H:9])[H:10],,
9,0.1459959347421247,RESP2,b3lyp-d3bj/dzvp,1.0,0.05,H,resp2,10,[H:11][c:5]1[c:4]([c:3]([c:2]([c:7]([c:6]1[H:12])[H:13])[O:1][H:8])[H:9])[H:10],,
10,0.15218842576692,RESP2,b3lyp-d3bj/dzvp,1.0,0.05,H,resp2,11,[H:11][c:5]1[c:4]([c:3]([c:2]([c:7]([c:6]1[H:12])[H:13])[O:1][H:8])[H:9])[H:10],,
11,0.1430806411761462,RESP2,b3lyp-d3bj/dzvp,1.0,0.05,H,resp2,12,[H:11][c:5]1[c:4]([c:3]([c:2]([c:7]([c:6]1[H:12])[H:13])[O:1][H:8])[H:9])[H:10],,
12,0.16602370411430975,RESP2,b3lyp-d3bj/dzvp,1.0,0.05,H,resp2,13,[H:11][c:5]1[c:4]([c:3]([c:2]([c:7]([c:6]1[H:12])[H:13])[O:1][H:8])[H:9])[H:10],,
0,-0.6191647520725692,RESP2,b3lyp-d3bj/dzvp,1.0,0.1,O,resp2,1,[H:11][c:5]1[c:4]([c:3]([c:2]([c:7]([c:6]1[H:12])[H:13])[O:1][H:8])[H:9])[H:10],,
1,0.44758872284597473,RESP2,b3lyp-d3bj/dzvp,1.0,0.1,C,resp2,2,[H:11][c:5]1[c:4]([c:3]([c:2]([c:7]([c:6]1[H:12])[H:13])[O:1][H:8])[H:9])[H:10],,
2,-0.2859969841940642,RESP2,b3lyp-d3bj/dzvp,1.0,0.1,C,resp2,3,[H:11][c:5]1[c:4]([c:3]([c:2]([c:7]([c:6]1[H:12])[H:13])[O:1][H:8])[H:9])[H:10],,
3,-0.11274989013253282,RESP2,b3lyp-d3bj/dzvp,1.0,0.1,C,resp2,4,[H:11][c:5]1[c:4]([c:3]([c:2]([c:7]([c:6]1[H:12])[H:13])[O:1][H:8])[H:9])[H:10],,
4,-0.2222126019698648,RESP2,b3lyp-d3bj/dzvp,1.0,0.1,C,resp2,5,[H:11][c:5]1[c:4]([c:3]([c:2]([c:7]([c:6]1[H:12])[H:13])[O:1][H:8])[H:9])[H:10],,
5,-0.07122507891110137,RESP2,b3lyp-d3bj/dzvp,1.0,0.1,C,resp2,6,[H:11][c:5]1[c:4]([c:3]([c:2]([c:7]([c:6]1[H:12])[H:13])[O:1][H:8])[H:9])[H:10],,
6,-0.3742362008893391,RESP2,b3lyp-d3bj/dzvp,1.0,0.1,C,resp2,7,[H:11][c:5]1[c:4]([c:3]([c:2]([c:7]([c:6]1[H:12])[H:13])[O:1][H:8])[H:9])[H:10],,
7,0.4399197850229302,RESP2,b3lyp-d3bj/dzvp,1.0,0.1,H,resp2,8,[H:11][c:5]1[c:4]([c:3]([c:2]([c:7]([c:6]1[H:12])[H:13])[O:1][H:8])[H:9])[H:10],,
8,0.1897646181576615,RESP2,b3lyp-d3bj/dzvp,1.0,0.1,H,resp2,9,[H:11][c:5]1[c:4]([c:3]([c:2]([c:7]([c:6]1[H:12])[H:13])[O:1][H:8])[H:9])[H:10],,
9,0.14631069891205484,RESP2,b3lyp-d3bj/dzvp,1.0,0.1,H,resp2,10,[H:11][c:5]1[c:4]([c:3]([c:2]([c:7]([c:6]1[H:12])[H:13])[O:1][H:8])[H:9])[H:10],,
10,0.15246899817166848,RESP2,b3lyp-d3bj/dzvp,1.0,0.1,H,resp2,11,[H:11][c:5]1[c:4]([c:3]([c:2]([c:7]([c:6]1[H:12])[H:13])[O:1][H:8])[H:9])[H:10],,
11,0.14323675149039503,RESP2,b3lyp-d3bj/dzvp,1.0,0.1,H,resp2,12,[H:11][c:5]1[c:4]([c:3]([c:2]([c:7]([c:6]1[H:12])[H:13])[O:1][H:8])[H:9])[H:10],,
12,0.1662959335687866,RESP2,b3lyp-d3bj/dzvp,1.0,0.1,H,resp2,13,[H:11][c:5]1[c:4]([c:3]([c:2]([c:7]([c:6]1[H:12])[H:13])[O:1][H:8])[H:9])[H:10],,
0,-0.6207160603685745,RESP2,b3lyp-d3bj/dzvp,1.0,0.15000000000000002,O,resp2,1,[H:11][c:5]1[c:4]([c:3]([c:2]([c:7]([c:6]1[H:12])[H:13])[O:1][H:8])[H:9])[H:10],,
1,0.44795869816658157,RESP2,b3lyp-d3bj/dzvp,1.0,0.15000000000000002,C,resp2,2,[H:11][c:5]1[c:4]([c:3]([c:2]([c:7]([c:6]1[H:12])[H:13])[O:1][H:8])[H:9])[H:10],,
2,-0.28719342721067337,RESP2,b3lyp-d3bj/dzvp,1.0,0.15000000000000002,C,resp2,3,[H:11][c:5]1[c:4]([c:3]([c:2]([c:7]([c:6]1[H:12])[H:13])[O:1][H:8])[H:9])[H:10],,
3,-0.11259312061957451,RESP2,b3lyp-d3bj/dzvp,1.0,0.15000000000000002,C,resp2,4,[H:11][c:5]1[c:4]([c:3]([c:2]([c:7]([c:6]1[H:12])[H:13])[O:1][H:8])[H:9])[H:10],,
4,-0.22263843510827852,RESP2,b3lyp-d3bj/dzvp,1.0,0.15000000000000002,C,resp2,5,[H:11][c:5]1[c:4]([c:3]([c:2]([c:7]([c:6]1[H:12])[H:13])[O:1][H:8])[H:9])[H:10],,
5,-0.07109293368486229,RESP2,b3lyp-d3bj/dzvp,1.0,0.15000000000000002,C,resp2,6,[H:11][c:5]1[c:4]([c:3]([c:2]([c:7]([c:6]1[H:12])[H:13])[O:1][H:8])[H:9])[H:10],,
6,-0.3742370187874068,RESP2,b3lyp-d3bj/dzvp,1.0,0.15000000000000002,C,resp2,7,[H:11][c:5]1[c:4]([c:3]([c:2]([c:7]([c:6]1[H:12])[H:13])[O:1][H:8])[H:9])[H:10],,
7,0.44104748343991756,RESP2,b3lyp-d3bj/dzvp,1.0,0.15000000000000002,H,resp2,8,[H:11][c:5]1[c:4]([c:3]([c:2]([c:7]([c:6]1[H:12])[H:13])[O:1][H:8])[H:9])[H:10],,
8,0.19012875568656146,RESP2,b3lyp-d3bj/dzvp,1.0,0.15000000000000002,H,resp2,9,[H:11][c:5]1[c:4]([c:3]([c:2]([c:7]([c:6]1[H:12])[H:13])[O:1][H:8])[H:9])[H:10],,
9,0.14662546308198499,RESP2,b3lyp-d3bj/dzvp,1.0,0.15000000000000002,H,resp2,10,[H:11][c:5]1[c:4]([c:3]([c:2]([c:7]([c:6]1[H:12])[H:13])[O:1][H:8])[H:9])[H:10],,
10,0.15274957057641697,RESP2,b3lyp-d3bj/dzvp,1.0,0.15000000000000002,H,resp2,11,[H:11][c:5]1[c:4]([c:3]([c:2]([c:7]([c:6]1[H:12])[H:13])[O:1][H:8])[H:9])[H:10],,
11,0.14339286180464386,RESP2,b3lyp-d3bj/dzvp,1.0,0.15000000000000002,H,resp2,12,[H:11][c:5]1[c:4]([c:3]([c:2]([c:7]([c:6]1[H:12])[H:13])[O:1][H:8])[H:9])[H:10],,
12,0.1665681630232635,RESP2,b3lyp-d3bj/dzvp,1.0,0.15000000000000002,H,resp2,13,[H:11][c:5]1[c:4]([c:3]([c:2]([c:7]([c:6]1[H:12])[H:13])[O:1][H:8])[H:9])[H:10],,
0,-0.6222673686645798,RESP2,b3lyp-d3bj/dzvp,1.0,0.2,O,resp2,1,[H:11][c:5]1[c:4]([c:3]([c:2]([c:7]([c:6]1[H:12])[H:13])[O:1][H:8])[H:9])[H:10],,
1,0.4483286734871884,RESP2,b3lyp-d3bj/dzvp,1.0,0.2,C,resp2,2,[H:11][c:5]1[c:4]([c:3]([c:2]([c:7]([c:6]1[H:12])[H:13])[O:1][H:8])[H:9])[H:10],,
2,-0.2883898702272825,RESP2,b3lyp-d3bj/dzvp,1.0,0.2,C,resp2,3,[H:11][c:5]1[c:4]([c:3]([c:2]([c:7]([c:6]1[H:12])[H:13])[O:1][H:8])[H:9])[H:10],,
3,-0.11243635110661616,RESP2,b3lyp-d3bj/dzvp,1.0,0.2,C,resp2,4,[H:11][c:5]1[c:4]([c:3]([c:2]([c:7]([c:6]1[H:12])[H:13])[O:1][H:8])[H:9])[H:10],,
4,-0.22306426824669226,RESP2,b3lyp-d3bj/dzvp,1.0,0.2,C,resp2,5,[H:11][c:5]1[c:4]([c:3]([c:2]([c:7]([c:6]1[H:12])[H:13])[O:1][H:8])[H:9])[H:10],,
5,-0.07096078845862318,RESP2,b3lyp-d3bj/dzvp,1.0,0.2,C,resp2,6,[H:11][c:5]1[c:4]([c:3]([c:2]([c:7]([c:6]1[H:12])[H:13])[O:1][H:8])[H:9])[H:10],,
6,-0.3742378366854745,RESP2,b3lyp-d3bj/dzvp,1.0,0.2,C,resp2,7,[H:11][c:5]1[c:4]([c:3]([c:2]([c:7]([c:6]1[H:12])[H:13])[O:1][H:8])[H:9])[H:10],,
7,0.4421751818569049,RESP2,b3lyp-d3bj/dzvp,1.0,0.2,H,resp2,8,[H:11][c:5]1[c:4]([c:3]([c:2]([c:7]([c:6]1[H:12])[H:13])[O:1][H:8])[H:9])[H:10],,
8,0.19049289321546145,RESP2,b3lyp-d3bj/dzvp,1.0,0.2,H,resp2,9,[H:11][c:5]1[c:4]([c:3]([c:2]([c:7]([c:6]1[H:12])[H:13])[O:1][H:8])[H:9])[H:10],,
9,0.14694022725191516,RESP2,b3lyp-d3bj/dzvp,1.0,0.2,H,resp2,10,[H:11][c:5]1[c:4]([c:3]([c:2]([c:7]([c:6]1[H:12])[H:13])[O:1][H:8])[H:9])[H:10],,
10,0.15303014298116543,RESP2,b3lyp-d3bj/dzvp,1.0,0.2,H,resp2,11,[H:11][c:5]1[c:4]([c:3]([c:2]([c:7]([c:6]1[H:12])[H:13])[O:1][H:8])[H:9])[H:10],,
11,0.14354897211889267,RESP2,b3lyp-d3bj/dzvp,1.0,0.2,H,resp2,12,[H:11][c:5]1[c:4]([c:3]([c:2]([c:7]([c:6]1[H:12])[H:13])[O:1][H:8])[H:9])[H:10],,
12,0.16684039247774035,RESP2,b3lyp-d3bj/dzvp,1.0,0.2,H,resp2,13,[H:11][c:5]1[c:4]([c:3]([c:2]([c:7]([c:6]1[H:12])[H:13])[O:1][H:8])[H:9])[H:10],,
0,-0.6238186769605851,RESP2,b3lyp-d3bj/dzvp,1.0,0.25,O,resp2,1,[H:11][c:5]1[c:4]([c:3]([c:2]([c:7]([c:6]1[H:12])[H:13])[O:1][H:8])[H:9])[H:10],,
1,0.44869864880779525,RESP2,b3lyp-d3bj/dzvp,1.0,0.25,C,resp2,2,[H:11][c:5]1[c:4]([c:3]([c:2]([c:7]([c:6]1[H:12])[H:13])[O:1][H:8])[H:9])[H:10],,
2,-0.2895863132438916,RESP2,b3lyp-d3bj/dzvp,1.0,0.25,C,resp2,3,[H:11][c:5]1[c:4]([c:3]([c:2]([c:7]([c:6]1[H:12])[H:13])[O:1][H:8])[H:9])[H:10],,
3,-0.11227958159365783,RESP2,b3lyp-d3bj/dzvp,1.0,0.25,C,resp2,4,[H:11][c:5]1[c:4]([c:3]([c:2]([c:7]([c:6]1[H:12])[H:13])[O:1][H:8])[H:9])[H:10],,
4,-0.22349010138510597,RESP2,b3lyp-d3bj/dzvp,1.0,0.25,C,resp2,5,[H:11][c:5]1[c:4]([c:3]([c:2]([c:7]([c:6]1[H:12])[H:13])[O:1][H:8])[H:9])[H:10],,
5,-0.07082864323238408,RESP2,b3lyp-d3bj/dzvp,1.0,0.25,C,resp2,6,[H:11][c:5]1[c:4]([c:3]([c:2]([c:7]([c:6]1[H:12])[H:13])[O:1][H:8])[H:9])[H:10],,
6,-0.37423865458354216,RESP2,b3lyp-d3bj/dzvp,1.0,0.25,C,resp2,7,[H:11][c:5]1[c:4]([c:3]([c:2]([c:7]([c:6]1[H:12])[H:13])[O:1][H:8])[H:9])[H:10],,
7,0.44330288027389225,RESP2,b3lyp-d3bj/dzvp,1.0,0.25,H,resp2,8,[H:11][c:5]1[c:4]([c:3]([c:2]([c:7]([c:6]1[H:12])[H:13])[O:1][H:8])[H:9])[H:10],,
8,0.19085703074436136,RESP2,b3lyp-d3bj/dzvp,1.0,0.25,H,resp2,9,[H:11][c:5]1[c:4]([c:3]([c:2]([c:7]([c:6]1[H:12])[H:13])[O:1][H:8])[H:9])[H:10],,
9,0.1472549914218453,RESP2,b3lyp-d3bj/dzvp,1.0,0.25,H,resp2,10,[H:11][c:5]1[c:4]([c:3]([c:2]([c:7]([c:6]1[H:12])[H:13])[O:1][H:8])[H:9])[H:10],,
10,0.1533107153859139,RESP2,b3lyp-d3bj/dzvp,1.0,0.25,H,resp2,11,[H:11][c:5]1[c:4]([c:3]([c:2]([c:7]([c:6]1[H:12])[H:13])[O:1][H:8])[H:9])[H:10],,
11,0.1437050824331415,RESP2,b3lyp-d3bj/dzvp,1.0,0.25,H,resp2,12,[H:11][c:5]1[c:4]([c:3]([c:2]([c:7]([c:6]1[H:12])[H:13])[O:1][H:8])[H:9])[H:10],,
12,0.16711262193221718,RESP2,b3lyp-d3bj/dzvp,1.0,0.25,H,resp2,13,[H:11][c:5]1[c:4]([c:3]([c:2]([c:7]([c:6]1[H:12])[H:13])[O:1][H:8])[H:9])[H:10],,
0,-0.6253699852565904,RESP2,b3lyp-d3bj/dzvp,1.0,0.30000000000000004,O,resp2,1,[H:11][c:5]1[c:4]([c:3]([c:2]([c:7]([c:6]1[H:12])[H:13])[O:1][H:8])[H:9])[H:10],,
1,0.4490686241284021,RESP2,b3lyp-d3bj/dzvp,1.0,0.30000000000000004,C,resp2,2,[H:11][c:5]1[c:4]([c:3]([c:2]([c:7]([c:6]1[H:12])[H:13])[O:1][H:8])[H:9])[H:10],,
2,-0.29078275626050076,RESP2,b3lyp-d3bj/dzvp,1.0,0.30000000000000004,C,resp2,3,[H:11][c:5]1[c:4]([c:3]([c:2]([c:7]([c:6]1[H:12])[H:13])[O:1][H:8])[H:9])[H:10],,
3,-0.11212281208069952,RESP2,b3lyp-d3bj/dzvp,1.0,0.30000000000000004,C,resp2,4,[H:11][c:5]1[c:4]([c:3]([c:2]([c:7]([c:6]1[H:12])[H:13])[O:1][H:8])[H:9])[H:10],,
4,-0.22391593452351968,RESP2,b3lyp-d3bj/dzvp,1.0,0.30000000000000004,C,resp2,5,[H:11][c:5]1[c:4]([c:3]([c:2]([c:7]([c:6]1[H:12])[H:13])[O:1][H:8])[H:9])[H:10],,
5,-0.07069649800614497,RESP2,b3lyp-d3bj/dzvp,1.0,0.30000000000000004,C,resp2,6,[H:11][c:5]1[c:4]([c:3]([c:2]([c:7]([c:6]1[H:12])[H:13])[O:1][H:8])[H:9])[H:10],,
6,-0.3742394724816099,RESP2,b3lyp-d3bj/dzvp,1.0,0.30000000000000004,C,resp2,7,[H:11][c:5]1[c:4]([c:3]([c:2]([c:7]([c:6]1[H:12])[H:13])[O:1][H:8])[H:9])[H:10],,
7,0.4444305786908796,RESP2,b3lyp-d3bj/dzvp,1.0,0.30000000000000004,H,resp2,8,[H:11][c:5]1[c:4]([c:3]([c:2]([c:7]([c:6]1[H:12])[H:13])[O:1][H:8])[H:9])[H:10],,
8,0.19122116827326135,RESP2,b3lyp-d3bj/dzvp,1.0,0.30000000000000004,H,resp2,9,[H:11][c:5]1[c:4]([c:3]([c:2]([c:7]([c:6]1[H:12])[H:13])[O:1][H:8])[H:9])[H:10],,
9,0.14756975559177543,RESP2,b3lyp-d3bj/dzvp,1.0,0.30000000000000004,H,resp2,10,[H:11][c:5]1[c:4]([c:3]([c:2]([c:7]([c:6]1[H:12])[H:13])[O:1][H:8])[H:9])[H:10],,
10,0.1535912877906624,RESP2,b3lyp-d3bj/dzvp,1.0,0.30000000000000004,H,resp2,11,[H:11][c:5]1[c:4]([c:3]([c:2]([c:7]([c:6]1[H:12])[H:13])[O:1][H:8])[H:9])[H:10],,
11,0.14386119274739032,RESP2,b3lyp-d3bj/dzvp,1.0,0.30000000000000004,H,resp2,12,[H:11][c:5]1[c:4]([c:3]([c:2]([c:7]([c:6]1[H:12])[H:13])[O:1][H:8])[H:9])[H:10],,
12,0.16738485138669404,RESP2,b3lyp-d3bj/dzvp,1.0,0.30000000000000004,H,resp2,13,[H:11][c:5]1[c:4]([c:3]([c:2]([c:7]([c:6]1[H:12])[H:13])[O:1][H:8])[H:9])[H:10],,
0,-0.6269212935525957,RESP2,b3lyp-d3bj/dzvp,1.0,0.35000000000000003,O,resp2,1,[H:11][c:5]1[c:4]([c:3]([c:2]([c:7]([c:6]1[H:12])[H:13])[O:1][H:8])[H:9])[H:10],,
1,0.4494385994490089,RESP2,b3lyp-d3bj/dzvp,1.0,0.35000000000000003,C,resp2,2,[H:11][c:5]1[c:4]([c:3]([c:2]([c:7]([c:6]1[H:12])[H:13])[O:1][H:8])[H:9])[H:10],,
2,-0.2919791992771099,RESP2,b3lyp-d3bj/dzvp,1.0,0.35000000000000003,C,resp2,3,[H:11][c:5]1[c:4]([c:3]([c:2]([c:7]([c:6]1[H:12])[H:13])[O:1][H:8])[H:9])[H:10],,
3,-0.11196604256774118,RESP2,b3lyp-d3bj/dzvp,1.0,0.35000000000000003,C,resp2,4,[H:11][c:5]1[c:4]([c:3]([c:2]([c:7]([c:6]1[H:12])[H:13])[O:1][H:8])[H:9])[H:10],,
4,-0.2243417676619334,RESP2,b3lyp-d3bj/dzvp,1.0,0.35000000000000003,C,resp2,5,[H:11][c:5]1[c:4]([c:3]([c:2]([c:7]([c:6]1[H:12])[H:13])[O:1][H:8])[H:9])[H:10],,
5,-0.07056435277990586,RESP2,b3lyp-d3bj/dzvp,1.0,0.35000000000000003,C,resp2,6,[H:11][c:5]1[c:4]([c:3]([c:2]([c:7]([c:6]1[H:12])[H:13])[O:1][H:8])[H:9])[H:10],,
6,-0.3742402903796776,RESP2,b3lyp-d3bj/dzvp,1.0,0.35000000000000003,C,resp2,7,[H:11][c:5]1[c:4]([c:3]([c:2]([c:7]([c:6]1[H:12])[H:13])[O:1][H:8])[H:9])[H:10],,
7,0.44555827710786694,RESP2,b3lyp-d3bj/dzvp,1.0,0.35000000000000003,H,resp2,8,[H:11][c:5]1[c:4]([c:3]([c:2]([c:7]([c:6]1[H:12])[H:13])[O:1][H:8])[H:9])[H:10],,
8,0.19158530580216132,RESP2,b3lyp-d3bj/dzvp,1.0,0.35000000000000003,H,resp2,9,[H:11][c:5]1[c:4]([c:3]([c:2]([c:7]([c:6]1[H:12])[H:13])[O:1][H:8])[H:9])[H:10],,
9,0.14788451976170558,RESP2,b3lyp-d3bj/dzvp,1.0,0.35000000000000003,H,resp2,10,[H:11][c:5]1[c:4]([c:3]([c:2]([c:7]([c:6]1[H:12])[H:13])[O:1][H:8])[H:9])[H:10],,
10,0.15387186019541085,RESP2,b3lyp-d3bj/dzvp,1.0,0.35000000000000003,H,resp2,11,[H:11][c:5]1[c:4]([c:3]([c:2]([c:7]([c:6]1[H:12])[H:13])[O:1][H:8])[H:9])[H:10],,
11,0.14401730306163915,RESP2,b3lyp-d3bj/dzvp,1.0,0.35000000000000003,H,resp2,12,[H:11][c:5]1[c:4]([c:3]([c:2]([c:7]([c:6]1[H:12])[H:13])[O:1][H:8])[H:9])[H:10],,
12,0.1676570808411709,RESP2,b3lyp-d3bj/dzvp,1.0,0.35000000000000003,H,resp2,13,[H:11][c:5]1[c:4]([c:3]([c:2]([c:7]([c:6]1[H:12])[H:13])[O:1][H:8])[H:9])[H:10],,
0,-0.628472601848601,RESP2,b3lyp-d3bj/dzvp,1.0,0.4,O,resp2,1,[H:11][c:5]1[c:4]([c:3]([c:2]([c:7]([c:6]1[H:12])[H:13])[O:1][H:8])[H:9])[H:10],,
1,0.4498085747696158,RESP2,b3lyp-d3bj/dzvp,1.0,0.4,C,resp2,2,[H:11][c:5]1[c:4]([c:3]([c:2]([c:7]([c:6]1[H:12])[H:13])[O:1][H:8])[H:9])[H:10],,
2,-0.29317564229371906,RESP2,b3lyp-d3bj/dzvp,1.0,0.4,C,resp2,3,[H:11][c:5]1[c:4]([c:3]([c:2]([c:7]([c:6]1[H:12])[H:13])[O:1][H:8])[H:9])[H:10],,
3,-0.11180927305478285,RESP2,b3lyp-d3bj/dzvp,1.0,0.4,C,resp2,4,[H:11][c:5]1[c:4]([c:3]([c:2]([c:7]([c:6]1[H:12])[H:13])[O:1][H:8])[H:9])[H:10],,
4,-0.22476760080034708,RESP2,b3lyp-d3bj/dzvp,1.0,0.4,C,resp2,5,[H:11][c:5]1[c:4]([c:3]([c:2]([c:7]([c:6]1[H:12])[H:13])[O:1][H:8])[H:9])[H:10],,
5,-0.07043220755366676,RESP2,b3lyp-d3bj/dzvp,1.0,0.4,C,resp2,6,[H:11][c:5]1[c:4]([c:3]([c:2]([c:7]([c:6]1[H:12])[H:13])[O:1][H:8])[H:9])[H:10],,
6,-0.37424110827774526,RESP2,b3lyp-d3bj/dzvp,1.0,0.4,C,resp2,7,[H:11][c:5]1[c:4]([c:3]([c:2]([c:7]([c:6]1[H:12])[H:13])[O:1][H:8])[H:9])[H:10],,
7,0.4466859755248543,RESP2,b3lyp-d3bj/dzvp,1.0,0.4,H,resp2,8,[H:11][c:5]1[c:4]([c:3]([c:2]([c:7]([c:6]1[H:12])[H:13])[O:1][H:8])[H:9])[H:10],,
8,0.19194944333106134,RESP2,b3lyp-d3bj/dzvp,1.0,0.4,H,resp2,9,[H:11][c:5]1[c:4]([c:3]([c:2]([c:7]([c:6]1[H:12])[H:13])[O:1][H:8])[H:9])[H:10],,
9,0.14819928393163576,RESP2,b3lyp-d3bj/dzvp,1.0,0.4,H,resp2,10,[H:11][c:5]1[c:4]([c:3]([c:2]([c:7]([c:6]1[H:12])[H:13])[O:1][H:8])[H:9])[H:10],,
10,0.15415243260015937,RESP2,b3lyp-d3bj/dzvp,1.0,0.4,H,resp2,11,[H:11][c:5]1[c:4]([c:3]([c:2]([c:7]([c:6]1[H:12])[H:13])[O:1][H:8])[H:9])[H:10],,
11,0.14417341337588802,RESP2,b3lyp-d3bj/dzvp,1.0,0.4,H,resp2,12,[H:11][c:5]1[c:4]([c:3]([c:2]([c:7]([c:6]1[H:12])[H:13])[O:1][H:8])[H:9])[H:10],,
12,0.16792931029564778,RESP2,b3lyp-d3bj/dzvp,1.0,0.4,H,resp2,13,[H:11][c:5]1[c:4]([c:3]([c:2]([c:7]([c:6]1[H:12])[H:13])[O:1][H:8])[H:9])[H:10],,
0,-0.6300239101446065,RESP2,b3lyp-d3bj/dzvp,1.0,0.45,O,resp2,1,[H:11][c:5]1[c:4]([c:3]([c:2]([c:7]([c:6]1[H:12])[H:13])[O:1][H:8])[H:9])[H:10],,
1,0.45017855009022256,RESP2,b3lyp-d3bj/dzvp,1.0,0.45,C,resp2,2,[H:11][c:5]1[c:4]([c:3]([c:2]([c:7]([c:6]1[H:12])[H:13])[O:1][H:8])[H:9])[H:10],,
2,-0.2943720853103283,RESP2,b3lyp-d3bj/dzvp,1.0,0.45,C,resp2,3,[H:11][c:5]1[c:4]([c:3]([c:2]([c:7]([c:6]1[H:12])[H:13])[O:1][H:8])[H:9])[H:10],,
3,-0.11165250354182454,RESP2,b3lyp-d3bj/dzvp,1.0,0.45,C,resp2,4,[H:11][c:5]1[c:4]([c:3]([c:2]([c:7]([c:6]1[H:12])[H:13])[O:1][H:8])[H:9])[H:10],,
4,-0.22519343393876085,RESP2,b3lyp-d3bj/dzvp,1.0,0.45,C,resp2,5,[H:11][c:5]1[c:4]([c:3]([c:2]([c:7]([c:6]1[H:12])[H:13])[O:1][H:8])[H:9])[H:10],,
5,-0.07030006232742769,RESP2,b3lyp-d3bj/dzvp,1.0,0.45,C,resp2,6,[H:11][c:5]1[c:4]([c:3]([c:2]([c:7]([c:6]1[H:12])[H:13])[O:1][H:8])[H:9])[H:10],,
6,-0.3742419261758131,RESP2,b3lyp-d3bj/dzvp,1.0,0.45,C,resp2,7,[H:11][c:5]1[c:4]([c:3]([c:2]([c:7]([c:6]1[H:12])[H:13])[O:1][H:8])[H:9])[H:10],,
7,0.4478136739418416,RESP2,b3lyp-d3bj/dzvp,1.0,0.45,H,resp2,8,[H:11][c:5]1[c:4]([c:3]([c:2]([c:7]([c:6]1[H:12])[H:13])[O:1][H:8])[H:9])[H:10],,
8,0.19231358085996128,RESP2,b3lyp-d3bj/dzvp,1.0,0.45,H,resp2,9,[H:11][c:5]1[c:4]([c:3]([c:2]([c:7]([c:6]1[H:12])[H:13])[O:1][H:8])[H:9])[H:10],,
9,0.1485140481015659,RESP2,b3lyp-d3bj/dzvp,1.0,0.45,H,resp2,10,[H:11][c:5]1[c:4]([c:3]([c:2]([c:7]([c:6]1[H:12])[H:13])[O:1][H:8])[H:9])[H:10],,
10,0.15443300500490784,RESP2,b3lyp-d3bj/dzvp,1.0,0.45,H,resp2,11,[H:11][c:5]1[c:4]([c:3]([c:2]([c:7]([c:6]1[H:12])[H:13])[O:1][H:8])[H:9])[H:10],,
11,0.14432952369013682,RESP2,b3lyp-d3bj/dzvp,1.0,0.45,H,resp2,12,[H:11][c:5]1[c:4]([c:3]([c:2]([c:7]([c:6]1[H:12])[H:13])[O:1][H:8])[H:9])[H:10],,
12,0.16820153975012467,RESP2,b3lyp-d3bj/dzvp,1.0,0.45,H,resp2,13,[H:11][c:5]1[c:4]([c:3]([c:2]([c:7]([c:6]1[H:12])[H:13])[O:1][H:8])[H:9])[H:10],,
0,-0.6315752184406116,RESP2,b3lyp-d3bj/dzvp,1.0,0.5,O,resp2,1,[H:11][c:5]1[c:4]([c:3]([c:2]([c:7]([c:6]1[H:12])[H:13])[O:1][H:8])[H:9])[H:10],,
1,0.45054852541082935,RESP2,b3lyp-d3bj/dzvp,1.0,0.5,C,resp2,2,[H:11][c:5]1[c:4]([c:3]([c:2]([c:7]([c:6]1[H:12])[H:13])[O:1][H:8])[H:9])[H:10],,
2,-0.29556852832693736,RESP2,b3lyp-d3bj/dzvp,1.0,0.5,C,resp2,3,[H:11][c:5]1[c:4]([c:3]([c:2]([c:7]([c:6]1[H:12])[H:13])[O:1][H:8])[H:9])[H:10],,
3,-0.1114957340288662,RESP2,b3lyp-d3bj/dzvp,1.0,0.5,C,resp2,4,[H:11][c:5]1[c:4]([c:3]([c:2]([c:7]([c:6]1[H:12])[H:13])[O:1][H:8])[H:9])[H:10],,
4,-0.22561926707717456,RESP2,b3lyp-d3bj/dzvp,1.0,0.5,C,resp2,5,[H:11][c:5]1[c:4]([c:3]([c:2]([c:7]([c:6]1[H:12])[H:13])[O:1][H:8])[H:9])[H:10],,
5,-0.07016791710118857,RESP2,b3lyp-d3bj/dzvp,1.0,0.5,C,resp2,6,[H:11][c:5]1[c:4]([c:3]([c:2]([c:7]([c:6]1[H:12])[H:13])[O:1][H:8])[H:9])[H:10],,
6,-0.3742427440738807,RESP2,b3lyp-d3bj/dzvp,1.0,0.5,C,resp2,7,[H:11][c:5]1[c:4]([c:3]([c:2]([c:7]([c:6]1[H:12])[H:13])[O:1][H:8])[H:9])[H:10],,
7,0.4489413723588289,RESP2,b3lyp-d3bj/dzvp,1.0,0.5,H,resp2,8,[H:11][c:5]1[c:4]([c:3]([c:2]([c:7]([c:6]1[H:12])[H:13])[O:1][H:8])[H:9])[H:10],,
8,0.19267771838886125,RESP2,b3lyp-d3bj/dzvp,1.0,0.5,H,resp2,9,[H:11][c:5]1[c:4]([c:3]([c:2]([c:7]([c:6]1[H:12])[H:13])[O:1][H:8])[H:9])[H:10],,
9,0.14882881227149605,RESP2,b3lyp-d3bj/dzvp,1.0,0.5,H,resp2,10,[H:11][c:5]1[c:4]([c:3]([c:2]([c:7]([c:6]1[H:12])[H:13])[O:1][H:8])[H:9])[H:10],,
10,0.15471357740965627,RESP2,b3lyp-d3bj/dzvp,1.0,0.5,H,resp2,11,[H:11][c:5]1[c:4]([c:3]([c:2]([c:7]([c:6]1[H:12])[H:13])[O:1][H:8])[H:9])[H:10],,
11,0.14448563400438566,RESP2,b3lyp-d3bj/dzvp,1.0,0.5,H,resp2,12,[H:11][c:5]1[c:4]([c:3]([c:2]([c:7]([c:6]1[H:12])[H:13])[O:1][H:8])[H:9])[H:10],,
12,0.1684737692046015,RESP2,b3lyp-d3bj/dzvp,1.0,0.5,H,resp2,13,[H:11][c:5]1[c:4]([c:3]([c:2]([c:7]([c:6]1[H:12])[H:13])[O:1][H:8])[H:9])[H:10],,
0,-0.633126526736617,RESP2,b3lyp-d3bj/dzvp,1.0,0.55,O,resp2,1,[H:11][c:5]1[c:4]([c:3]([c:2]([c:7]([c:6]1[H:12])[H:13])[O:1][H:8])[H:9])[H:10],,
1,0.4509185007314362,RESP2,b3lyp-d3bj/dzvp,1.0,0.55,C,resp2,2,[H:11][c:5]1[c:4]([c:3]([c:2]([c:7]([c:6]1[H:12])[H:13])[O:1][H:8])[H:9])[H:10],,
2,-0.29676497134354657,RESP2,b3lyp-d3bj/dzvp,1.0,0.55,C,resp2,3,[H:11][c:5]1[c:4]([c:3]([c:2]([c:7]([c:6]1[H:12])[H:13])[O:1][H:8])[H:9])[H:10],,
3,-0.11133896451590788,RESP2,b3lyp-d3bj/dzvp,1.0,0.55,C,resp2,4,[H:11][c:5]1[c:4]([c:3]([c:2]([c:7]([c:6]1[H:12])[H:13])[O:1][H:8])[H:9])[H:10],,
4,-0.2260451002155883,RESP2,b3lyp-d3bj/dzvp,1.0,0.55,C,resp2,5,[H:11][c:5]1[c:4]([c:3]([c:2]([c:7]([c:6]1[H:12])[H:13])[O:1][H:8])[H:9])[H:10],,
5,-0.07003577187494948,RESP2,b3lyp-d3bj/dzvp,1.0,0.55,C,resp2,6,[H:11][c:5]1[c:4]([c:3]([c:2]([c:7]([c:6]1[H:12])[H:13])[O:1][H:8])[H:9])[H:10],,
6,-0.37424356197194836,RESP2,b3lyp-d3bj/dzvp,1.0,0.55,C,resp2,7,[H:11][c:5]1[c:4]([c:3]([c:2]([c:7]([c:6]1[H:12])[H:13])[O:1][H:8])[H:9])[H:10],,
7,0.4500690707758163,RESP2,b3lyp-d3bj/dzvp,1.0,0.55,H,resp2,8,[H:11][c:5]1[c:4]([c:3]([c:2]([c:7]([c:6]1[H:12])[H:13])[O:1][H:8])[H:9])[H:10],,
8,0.1930418559177612,RESP2,b3lyp-d3bj/dzvp,1.0,0.55,H,resp2,9,[H:11][c:5]1[c:4]([c:3]([c:2]([c:7]([c:6]1[H:12])[H:13])[O:1][H:8])[H:9])[H:10],,
9,0.1491435764414262,RESP2,b3lyp-d3bj/dzvp,1.0,0.55,H,resp2,10,[H:11][c:5]1[c:4]([c:3]([c:2]([c:7]([c:6]1[H:12])[H:13])[O:1][H:8])[H:9])[H:10],,
10,0.15499414981440476,RESP2,b3lyp-d3bj/dzvp,1.0,0.55,H,resp2,11,[H:11][c:5]1[c:4]([c:3]([c:2]([c:7]([c:6]1[H:12])[H:13])[O:1][H:8])[H:9])[H:10],,
11,0.14464174431863447,RESP2,b3lyp-d3bj/dzvp,1.0,0.55,H,resp2,12,[H:11][c:5]1[c:4]([c:3]([c:2]([c:7]([c:6]1[H:12])[H:13])[O:1][H:8])[H:9])[H:10],,
12,0.16874599865907836,RESP2,b3lyp-d3bj/dzvp,1.0,0.55,H,resp2,13,[H:11][c:5]1[c:4]([c:3]([c:2]([c:7]([c:6]1[H:12])[H:13])[O:1][H:8])[H:9])[H:10],,
0,-0.6346778350326222,RESP2,b3lyp-d3bj/dzvp,1.0,0.6000000000000001,O,resp2,1,[H:11][c:5]1[c:4]([c:3]([c:2]([c:7]([c:6]1[H:12])[H:13])[O:1][H:8])[H:9])[H:10],,
1,0.45128847605204303,RESP2,b3lyp-d3bj/dzvp,1.0,0.6000000000000001,C,resp2,2,[H:11][c:5]1[c:4]([c:3]([c:2]([c:7]([c:6]1[H:12])[H:13])[O:1][H:8])[H:9])[H:10],,
2,-0.2979614143601557,RESP2,b3lyp-d3bj/dzvp,1.0,0.6000000000000001,C,resp2,3,[H:11][c:5]1[c:4]([c:3]([c:2]([c:7]([c:6]1[H:12])[H:13])[O:1][H:8])[H:9])[H:10],,
3,-0.11118219500294955,RESP2,b3lyp-d3bj/dzvp,1.0,0.6000000000000001,C,resp2,4,[H:11][c:5]1[c:4]([c:3]([c:2]([c:7]([c:6]1[H:12])[H:13])[O:1][H:8])[H:9])[H:10],,
4,-0.226470933354002,RESP2,b3lyp-d3bj/dzvp,1.0,0.6000000000000001,C,resp2,5,[H:11][c:5]1[c:4]([c:3]([c:2]([c:7]([c:6]1[H:12])[H:13])[O:1][H:8])[H:9])[H:10],,
5,-0.06990362664871037,RESP2,b3lyp-d3bj/dzvp,1.0,0.6000000000000001,C,resp2,6,[H:11][c:5]1[c:4]([c:3]([c:2]([c:7]([c:6]1[H:12])[H:13])[O:1][H:8])[H:9])[H:10],,
6,-0.37424437987001613,RESP2,b3lyp-d3bj/dzvp,1.0,0.6000000000000001,C,resp2,7,[H:11][c:5]1[c:4]([c:3]([c:2]([c:7]([c:6]1[H:12])[H:13])[O:1][H:8])[H:9])[H:10],,
7,0.4511967691928036,RESP2,b3lyp-d3bj/dzvp,1.0,0.6000000000000001,H,resp2,8,[H:11][c:5]1[c:4]([c:3]([c:2]([c:7]([c:6]1[H:12])[H:13])[O:1][H:8])[H:9])[H:10],,
8,0.19340599344666118,RESP2,b3lyp-d3bj/dzvp,1.0,0.6000000000000001,H,resp2,9,[H:11][c:5]1[c:4]([c:3]([c:2]([c:7]([c:6]1[H:12])[H:13])[O:1][H:8])[H:9])[H:10],,
9,0.14945834061135635,RESP2,b3lyp-d3bj/dzvp,1.0,0.6000000000000001,H,resp2,10,[H:11][c:5]1[c:4]([c:3]([c:2]([c:7]([c:6]1[H:12])[H:13])[O:1][H:8])[H:9])[H:10],,
10,0.15527472221915326,RESP2,b3lyp-d3bj/dzvp,1.0,0.6000000000000001,H,resp2,11,[H:11][c:5]1[c:4]([c:3]([c:2]([c:7]([c:6]1[H:12])[H:13])[O:1][H:8])[H:9])[H:10],,
11,0.1447978546328833,RESP2,b3lyp-d3bj/dzvp,1.0,0.6000000000000001,H,resp2,12,[H:11][c:5]1[c:4]([c:3]([c:2]([c:7]([c:6]1[H:12])[H:13])[O:1][H:8])[H:9])[H:10],,
12,0.16901822811355524,RESP2,b3lyp-d3bj/dzvp,1.0,0.6000000000000001,H,resp2,13,[H:11][c:5]1[c:4]([c:3]([c:2]([c:7]([c:6]1[H:12])[H:13])[O:1][H:8])[H:9])[H:10],,
0,-0.6362291433286276,RESP2,b3lyp-d3bj/dzvp,1.0,0.65,O,resp2,1,[H:11][c:5]1[c:4]([c:3]([c:2]([c:7]([c:6]1[H:12])[H:13])[O:1][H:8])[H:9])[H:10],,
1,0.45165845137264987,RESP2,b3lyp-d3bj/dzvp,1.0,0.65,C,resp2,2,[H:11][c:5]1[c:4]([c:3]([c:2]([c:7]([c:6]1[H:12])[H:13])[O:1][H:8])[H:9])[H:10],,
2,-0.29915785737676487,RESP2,b3lyp-d3bj/dzvp,1.0,0.65,C,resp2,3,[H:11][c:5]1[c:4]([c:3]([c:2]([c:7]([c:6]1[H:12])[H:13])[O:1][H:8])[H:9])[H:10],,
3,-0.11102542548999125,RESP2,b3lyp-d3bj/dzvp,1.0,0.65,C,resp2,4,[H:11][c:5]1[c:4]([c:3]([c:2]([c:7]([c:6]1[H:12])[H:13])[O:1][H:8])[H:9])[H:10],,
4,-0.22689676649241572,RESP2,b3lyp-d3bj/dzvp,1.0,0.65,C,resp2,5,[H:11][c:5]1[c:4]([c:3]([c:2]([c:7]([c:6]1[H:12])[H:13])[O:1][H:8])[H:9])[H:10],,
5,-0.06977148142247129,RESP2,b3lyp-d3bj/dzvp,1.0,0.65,C,resp2,6,[H:11][c:5]1[c:4]([c:3]([c:2]([c:7]([c:6]1[H:12])[H:13])[O:1][H:8])[H:9])[H:10],,
6,-0.3742451977680838,RESP2,b3lyp-d3bj/dzvp,1.0,0.65,C,resp2,7,[H:11][c:5]1[c:4]([c:3]([c:2]([c:7]([c:6]1[H:12])[H:13])[O:1][H:8])[H:9])[H:10],,
7,0.452324467609791,RESP2,b3lyp-d3bj/dzvp,1.0,0.65,H,resp2,8,[H:11][c:5]1[c:4]([c:3]([c:2]([c:7]([c:6]1[H:12])[H:13])[O:1][H:8])[H:9])[H:10],,
8,0.19377013097556114,RESP2,b3lyp-d3bj/dzvp,1.0,0.65,H,resp2,9,[H:11][c:5]1[c:4]([c:3]([c:2]([c:7]([c:6]1[H:12])[H:13])[O:1][H:8])[H:9])[H:10],,
9,0.1497731047812865,RESP2,b3lyp-d3bj/dzvp,1.0,0.65,H,resp2,10,[H:11][c:5]1[c:4]([c:3]([c:2]([c:7]([c:6]1[H:12])[H:13])[O:1][H:8])[H:9])[H:10],,
10,0.15555529462390172,RESP2,b3lyp-d3bj/dzvp,1.0,0.65,H,resp2,11,[H:11][c:5]1[c:4]([c:3]([c:2]([c:7]([c:6]1[H:12])[H:13])[O:1][H:8])[H:9])[H:10],,
11,0.14495396494713214,RESP2,b3lyp-d3bj/dzvp,1.0,0.65,H,resp2,12,[H:11][c:5]1[c:4]([c:3]([c:2]([c:7]([c:6]1[H:12])[H:13])[O:1][H:8])[H:9])[H:10],,
12,0.16929045756803207,RESP2,b3lyp-d3bj/dzvp,1.0,0.65,H,resp2,13,[H:11][c:5]1[c:4]([c:3]([c:2]([c:7]([c:6]1[H:12])[H:13])[O:1][H:8])[H:9])[H:10],,
0,-0.6377804516246328,RESP2,b3lyp-d3bj/dzvp,1.0,0.7000000000000001,O,resp2,1,[H:11][c:5]1[c:4]([c:3]([c:2]([c:7]([c:6]1[H:12])[H:13])[O:1][H:8])[H:9])[H:10],,
1,0.4520284266932567,RESP2,b3lyp-d3bj/dzvp,1.0,0.7000000000000001,C,resp2,2,[H:11][c:5]1[c:4]([c:3]([c:2]([c:7]([c:6]1[H:12])[H:13])[O:1][H:8])[H:9])[H:10],,
2,-0.30035430039337396,RESP2,b3lyp-d3bj/dzvp,1.0,0.7000000000000001,C,resp2,3,[H:11][c:5]1[c:4]([c:3]([c:2]([c:7]([c:6]1[H:12])[H:13])[O:1][H:8])[H:9])[H:10],,
3,-0.11086865597703288,RESP2,b3lyp-d3bj/dzvp,1.0,0.7000000000000001,C,resp2,4,[H:11][c:5]1[c:4]([c:3]([c:2]([c:7]([c:6]1[H:12])[H:13])[O:1][H:8])[H:9])[H:10],,
4,-0.2273225996308294,RESP2,b3lyp-d3bj/dzvp,1.0,0.7000000000000001,C,resp2,5,[H:11][c:5]1[c:4]([c:3]([c:2]([c:7]([c:6]1[H:12])[H:13])[O:1][H:8])[H:9])[H:10],,
5,-0.06963933619623217,RESP2,b3lyp-d3bj/dzvp,1.0,0.7000000000000001,C,resp2,6,[H:11][c:5]1[c:4]([c:3]([c:2]([c:7]([c:6]1[H:12])[H:13])[O:1][H:8])[H:9])[H:10],,
6,-0.37424601566615157,RESP2,b3lyp-d3bj/dzvp,1.0,0.7000000000000001,C,resp2,7,[H:11][c:5]1[c:4]([c:3]([c:2]([c:7]([c:6]1[H:12])[H:13])[O:1][H:8])[H:9])[H:10],,
7,0.4534521660267783,RESP2,b3lyp-d3bj/dzvp,1.0,0.7000000000000001,H,resp2,8,[H:11][c:5]1[c:4]([c:3]([c:2]([c:7]([c:6]1[H:12])[H:13])[O:1][H:8])[H:9])[H:10],,
8,0.19413426850446117,RESP2,b3lyp-d3bj/dzvp,1.0,0.7000000000000001,H,resp2,9,[H:11][c:5]1[c:4]([c:3]([c:2]([c:7]([c:6]1[H:12])[H:13])[O:1][H:8])[H:9])[H:10],,
9,0.15008786895121667,RESP2,b3lyp-d3bj/dzvp,1.0,0.7000000000000001,H,resp2,10,[H:11][c:5]1[c:4]([c:3]([c:2]([c:7]([c:6]1[H:12])[H:13])[O:1][H:8])[H:9])[H:10],,
10,0.1558358670286502,RESP2,b3lyp-d3bj/dzvp,1.0,0.7000000000000001,H,resp2,11,[H:11][c:5]1[c:4]([c:3]([c:2]([c:7]([c:6]1[H:12])[H:13])[O:1][H:8])[H:9])[H:10],,
11,0.14511007526138098,RESP2,b3lyp-d3bj/dzvp,1.0,0.7000000000000001,H,resp2,12,[H:11][c:5]1[c:4]([c:3]([c:2]([c:7]([c:6]1[H:12])[H:13])[O:1][H:8])[H:9])[H:10],,
12,0.16956268702250896,RESP2,b3lyp-d3bj/dzvp,1.0,0.7000000000000001,H,resp2,13,[H:11][c:5]1[c:4]([c:3]([c:2]([c:7]([c:6]1[H:12])[H:13])[O:1][H:8])[H:9])[H:10],,
0,-0.6393317599206382,RESP2,b3lyp-d3bj/dzvp,1.0,0.75,O,resp2,1,[H:11][c:5]1[c:4]([c:3]([c:2]([c:7]([c:6]1[H:12])[H:13])[O:1][H:8])[H:9])[H:10],,
1,0.4523984020138635,RESP2,b3lyp-d3bj/dzvp,1.0,0.75,C,resp2,2,[H:11][c:5]1[c:4]([c:3]([c:2]([c:7]([c:6]1[H:12])[H:13])[O:1][H:8])[H:9])[H:10],,
2,-0.30155074340998317,RESP2,b3lyp-d3bj/dzvp,1.0,0.75,C,resp2,3,[H:11][c:5]1[c:4]([c:3]([c:2]([c:7]([c:6]1[H:12])[H:13])[O:1][H:8])[H:9])[H:10],,
3,-0.11071188646407458,RESP2,b3lyp-d3bj/dzvp,1.0,0.75,C,resp2,4,[H:11][c:5]1[c:4]([c:3]([c:2]([c:7]([c:6]1[H:12])[H:13])[O:1][H:8])[H:9])[H:10],,
4,-0.22774843276924311,RESP2,b3lyp-d3bj/dzvp,1.0,0.75,C,resp2,5,[H:11][c:5]1[c:4]([c:3]([c:2]([c:7]([c:6]1[H:12])[H:13])[O:1][H:8])[H:9])[H:10],,
5,-0.06950719096999307,RESP2,b3lyp-d3bj/dzvp,1.0,0.75,C,resp2,6,[H:11][c:5]1[c:4]([c:3]([c:2]([c:7]([c:6]1[H:12])[H:13])[O:1][H:8])[H:9])[H:10],,
6,-0.37424683356421923,RESP2,b3lyp-d3bj/dzvp,1.0,0.75,C,resp2,7,[H:11][c:5]1[c:4]([c:3]([c:2]([c:7]([c:6]1[H:12])[H:13])[O:1][H:8])[H:9])[H:10],,
7,0.4545798644437656,RESP2,b3lyp-d3bj/dzvp,1.0,0.75,H,resp2,8,[H:11][c:5]1[c:4]([c:3]([c:2]([c:7]([c:6]1[H:12])[H:13])[O:1][H:8])[H:9])[H:10],,
8,0.19449840603336116,RESP2,b3lyp-d3bj/dzvp,1.0,0.75,H,resp2,9,[H:11][c:5]1[c:4]([c:3]([c:2]([c:7]([c:6]1[H:12])[H:13])[O:1][H:8])[H:9])[H:10],,
9,0.15040263312114682,RESP2,b3lyp-d3bj/dzvp,1.0,0.75,H,resp2,10,[H:11][c:5]1[c:4]([c:3]([c:2]([c:7]([c:6]1[H:12])[H:13])[O:1][H:8])[H:9])[H:10],,
10,0.1561164394333987,RESP2,b3lyp-d3bj/dzvp,1.0,0.75,H,resp2,11,[H:11][c:5]1[c:4]([c:3]([c:2]([c:7]([c:6]1[H:12])[H:13])[O:1][H:8])[H:9])[H:10],,
11,0.1452661855756298,RESP2,b3lyp-d3bj/dzvp,1.0,0.75,H,resp2,12,[H:11][c:5]1[c:4]([c:3]([c:2]([c:7]([c:6]1[H:12])[H:13])[O:1][H:8])[H:9])[H:10],,
12,0.16983491647698584,RESP2,b3lyp-d3bj/dzvp,1.0,0.75,H,resp2,13,[H:11][c:5]1[c:4]([c:3]([c:2]([c:7]([c:6]1[H:12])[H:13])[O:1][H:8])[H:9])[H:10],,
0,-0.6408830682166434,RESP2,b3lyp-d3bj/dzvp,1.0,0.8,O,resp2,1,[H:11][c:5]1[c:4]([c:3]([c:2]([c:7]([c:6]1[H:12])[H:13])[O:1][H:8])[H:9])[H:10],,
1,0.45276837733447034,RESP2,b3lyp-d3bj/dzvp,1.0,0.8,C,resp2,2,[H:11][c:5]1[c:4]([c:3]([c:2]([c:7]([c:6]1[H:12])[H:13])[O:1][H:8])[H:9])[H:10],,
2,-0.3027471864265923,RESP2,b3lyp-d3bj/dzvp,1.0,0.8,C,resp2,3,[H:11][c:5]1[c:4]([c:3]([c:2]([c:7]([c:6]1[H:12])[H:13])[O:1][H:8])[H:9])[H:10],,
3,-0.11055511695111624,RESP2,b3lyp-d3bj/dzvp,1.0,0.8,C,resp2,4,[H:11][c:5]1[c:4]([c:3]([c:2]([c:7]([c:6]1[H:12])[H:13])[O:1][H:8])[H:9])[H:10],,
4,-0.22817426590765685,RESP2,b3lyp-d3bj/dzvp,1.0,0.8,C,resp2,5,[H:11][c:5]1[c:4]([c:3]([c:2]([c:7]([c:6]1[H:12])[H:13])[O:1][H:8])[H:9])[H:10],,
5,-0.06937504574375396,RESP2,b3lyp-d3bj/dzvp,1.0,0.8,C,resp2,6,[H:11][c:5]1[c:4]([c:3]([c:2]([c:7]([c:6]1[H:12])[H:13])[O:1][H:8])[H:9])[H:10],,
6,-0.37424765146228695,RESP2,b3lyp-d3bj/dzvp,1.0,0.8,C,resp2,7,[H:11][c:5]1[c:4]([c:3]([c:2]([c:7]([c:6]1[H:12])[H:13])[O:1][H:8])[H:9])[H:10],,
7,0.455707562860753,RESP2,b3lyp-d3bj/dzvp,1.0,0.8,H,resp2,8,[H:11][c:5]1[c:4]([c:3]([c:2]([c:7]([c:6]1[H:12])[H:13])[O:1][H:8])[H:9])[H:10],,
8,0.19486254356226113,RESP2,b3lyp-d3bj/dzvp,1.0,0.8,H,resp2,9,[H:11][c:5]1[c:4]([c:3]([c:2]([c:7]([c:6]1[H:12])[H:13])[O:1][H:8])[H:9])[H:10],,
9,0.15071739729107697,RESP2,b3lyp-d3bj/dzvp,1.0,0.8,H,resp2,10,[H:11][c:5]1[c:4]([c:3]([c:2]([c:7]([c:6]1[H:12])[H:13])[O:1][H:8])[H:9])[H:10],,
10,0.1563970118381472,RESP2,b3lyp-d3bj/dzvp,1.0,0.8,H,resp2,11,[H:11][c:5]1[c:4]([c:3]([c:2]([c:7]([c:6]1[H:12])[H:13])[O:1][H:8])[H:9])[H:10],,
11,0.14542229588987865,RESP2,b3lyp-d3bj/dzvp,1.0,0.8,H,resp2,12,[H:11][c:5]1[c:4]([c:3]([c:2]([c:7]([c:6]1[H:12])[H:13])[O:1][H:8])[H:9])[H:10],,
12,0.17010714593146267,RESP2,b3lyp-d3bj/dzvp,1.0,0.8,H,resp2,13,[H:11][c:5]1[c:4]([c:3]([c:2]([c:7]([c:6]1[H:12])[H:13])[O:1][H:8])[H:9])[H:10],,
0,-0.6424343765126489,RESP2,b3lyp-d3bj/dzvp,1.0,0.8500000000000001,O,resp2,1,[H:11][c:5]1[c:4]([c:3]([c:2]([c:7]([c:6]1[H:12])[H:13])[O:1][H:8])[H:9])[H:10],,
1,0.4531383526550771,RESP2,b3lyp-d3bj/dzvp,1.0,0.8500000000000001,C,resp2,2,[H:11][c:5]1[c:4]([c:3]([c:2]([c:7]([c:6]1[H:12])[H:13])[O:1][H:8])[H:9])[H:10],,
2,-0.30394362944320147,RESP2,b3lyp-d3bj/dzvp,1.0,0.8500000000000001,C,resp2,3,[H:11][c:5]1[c:4]([c:3]([c:2]([c:7]([c:6]1[H:12])[H:13])[O:1][H:8])[H:9])[H:10],,
3,-0.1103983474381579,RESP2,b3lyp-d3bj/dzvp,1.0,0.8500000000000001,C,resp2,4,[H:11][c:5]1[c:4]([c:3]([c:2]([c:7]([c:6]1[H:12])[H:13])[O:1][H:8])[H:9])[H:10],,
4,-0.22860009904607057,RESP2,b3lyp-d3bj/dzvp,1.0,0.8500000000000001,C,resp2,5,[H:11][c:5]1[c:4]([c:3]([c:2]([c:7]([c:6]1[H:12])[H:13])[O:1][H:8])[H:9])[H:10],,
5,-0.06924290051751486,RESP2,b3lyp-d3bj/dzvp,1.0,0.8500000000000001,C,resp2,6,[H:11][c:5]1[c:4]([c:3]([c:2]([c:7]([c:6]1[H:12])[H:13])[O:1][H:8])[H:9])[H:10],,
6,-0.37424846936035466,RESP2,b3lyp-d3bj/dzvp,1.0,0.8500000000000001,C,resp2,7,[H:11][c:5]1[c:4]([c:3]([c:2]([c:7]([c:6]1[H:12])[H:13])[O:1][H:8])[H:9])[H:10],,
7,0.45683526127774027,RESP2,b3lyp-d3bj/dzvp,1.0,0.8500000000000001,H,resp2,8,[H:11][c:5]1[c:4]([c:3]([c:2]([c:7]([c:6]1[H:12])[H:13])[O:1][H:8])[H:9])[H:10],,
8,0.1952266810911611,RESP2,b3lyp-d3bj/dzvp,1.0,0.8500000000000001,H,resp2,9,[H:11][c:5]1[c:4]([c:3]([c:2]([c:7]([c:6]1[H:12])[H:13])[O:1][H:8])[H:9])[H:10],,
9,0.15103216146100712,RESP2,b3lyp-d3bj/dzvp,1.0,0.8500000000000001,H,resp2,10,[H:11][c:5]1[c:4]([c:3]([c:2]([c:7]([c:6]1[H:12])[H:13])[O:1][H:8])[H:9])[H:10],,
10,0.15667758424289566,RESP2,b3lyp-d3bj/dzvp,1.0,0.8500000000000001,H,resp2,11,[H:11][c:5]1[c:4]([c:3]([c:2]([c:7]([c:6]1[H:12])[H:13])[O:1][H:8])[H:9])[H:10],,
11,0.1455784062041275,RESP2,b3lyp-d3bj/dzvp,1.0,0.8500000000000001,H,resp2,12,[H:11][c:5]1[c:4]([c:3]([c:2]([c:7]([c:6]1[H:12])[H:13])[O:1][H:8])[H:9])[H:10],,
12,0.17037937538593956,RESP2,b3lyp-d3bj/dzvp,1.0,0.8500000000000001,H,resp2,13,[H:11][c:5]1[c:4]([c:3]([c:2]([c:7]([c:6]1[H:12])[H:13])[O:1][H:8])[H:9])[H:10],,
0,-0.643985684808654,RESP2,b3lyp-d3bj/dzvp,1.0,0.9,O,resp2,1,[H:11][c:5]1[c:4]([c:3]([c:2]([c:7]([c:6]1[H:12])[H:13])[O:1][H:8])[H:9])[H:10],,
1,0.45350832797568397,RESP2,b3lyp-d3bj/dzvp,1.0,0.9,C,resp2,2,[H:11][c:5]1[c:4]([c:3]([c:2]([c:7]([c:6]1[H:12])[H:13])[O:1][H:8])[H:9])[H:10],,
2,-0.3051400724598106,RESP2,b3lyp-d3bj/dzvp,1.0,0.9,C,resp2,3,[H:11][c:5]1[c:4]([c:3]([c:2]([c:7]([c:6]1[H:12])[H:13])[O:1][H:8])[H:9])[H:10],,
3,-0.11024157792519959,RESP2,b3lyp-d3bj/dzvp,1.0,0.9,C,resp2,4,[H:11][c:5]1[c:4]([c:3]([c:2]([c:7]([c:6]1[H:12])[H:13])[O:1][H:8])[H:9])[H:10],,
4,-0.22902593218448428,RESP2,b3lyp-d3bj/dzvp,1.0,0.9,C,resp2,5,[H:11][c:5]1[c:4]([c:3]([c:2]([c:7]([c:6]1[H:12])[H:13])[O:1][H:8])[H:9])[H:10],,
5,-0.06911075529127576,RESP2,b3lyp-d3bj/dzvp,1.0,0.9,C,resp2,6,[H:11][c:5]1[c:4]([c:3]([c:2]([c:7]([c:6]1[H:12])[H:13])[O:1][H:8])[H:9])[H:10],,
6,-0.3742492872584224,RESP2,b3lyp-d3bj/dzvp,1.0,0.9,C,resp2,7,[H:11][c:5]1[c:4]([c:3]([c:2]([c:7]([c:6]1[H:12])[H:13])[O:1][H:8])[H:9])[H:10],,
7,0.4579629596947276,RESP2,b3lyp-d3bj/dzvp,1.0,0.9,H,resp2,8,[H:11][c:5]1[c:4]([c:3]([c:2]([c:7]([c:6]1[H:12])[H:13])[O:1][H:8])[H:9])[H:10],,
8,0.19559081862006103,RESP2,b3lyp-d3bj/dzvp,1.0,0.9,H,resp2,9,[H:11][c:5]1[c:4]([c:3]([c:2]([c:7]([c:6]1[H:12])[H:13])[O:1][H:8])[H:9])[H:10],,
9,0.15134692563093727,RESP2,b3lyp-d3bj/dzvp,1.0,0.9,H,resp2,10,[H:11][c:5]1[c:4]([c:3]([c:2]([c:7]([c:6]1[H:12])[H:13])[O:1][H:8])[H:9])[H:10],,
10,0.15695815664764412,RESP2,b3lyp-d3bj/dzvp,1.0,0.9,H,resp2,11,[H:11][c:5]1[c:4]([c:3]([c:2]([c:7]([c:6]1[H:12])[H:13])[O:1][H:8])[H:9])[H:10],,
11,0.1457345165183763,RESP2,b3lyp-d3bj/dzvp,1.0,0.9,H,resp2,12,[H:11][c:5]1[c:4]([c:3]([c:2]([c:7]([c:6]1[H:12])[H:13])[O:1][H:8])[H:9])[H:10],,
12,0.17065160484041642,RESP2,b3lyp-d3bj/dzvp,1.0,0.9,H,resp2,13,[H:11][c:5]1[c:4]([c:3]([c:2]([c:7]([c:6]1[H:12])[H:13])[O:1][H:8])[H:9])[H:10],,
0,-0.6455369931046594,RESP2,b3lyp-d3bj/dzvp,1.0,0.9500000000000001,O,resp2,1,[H:11][c:5]1[c:4]([c:3]([c:2]([c:7]([c:6]1[H:12])[H:13])[O:1][H:8])[H:9])[H:10],,
1,0.45387830329629075,RESP2,b3lyp-d3bj/dzvp,1.0,0.9500000000000001,C,resp2,2,[H:11][c:5]1[c:4]([c:3]([c:2]([c:7]([c:6]1[H:12])[H:13])[O:1][H:8])[H:9])[H:10],,
2,-0.30633651547641977,RESP2,b3lyp-d3bj/dzvp,1.0,0.9500000000000001,C,resp2,3,[H:11][c:5]1[c:4]([c:3]([c:2]([c:7]([c:6]1[H:12])[H:13])[O:1][H:8])[H:9])[H:10],,
3,-0.11008480841224126,RESP2,b3lyp-d3bj/dzvp,1.0,0.9500000000000001,C,resp2,4,[H:11][c:5]1[c:4]([c:3]([c:2]([c:7]([c:6]1[H:12])[H:13])[O:1][H:8])[H:9])[H:10],,
4,-0.22945176532289802,RESP2,b3lyp-d3bj/dzvp,1.0,0.9500000000000001,C,resp2,5,[H:11][c:5]1[c:4]([c:3]([c:2]([c:7]([c:6]1[H:12])[H:13])[O:1][H:8])[H:9])[H:10],,
5,-0.06897861006503667,RESP2,b3lyp-d3bj/dzvp,1.0,0.9500000000000001,C,resp2,6,[H:11][c:5]1[c:4]([c:3]([c:2]([c:7]([c:6]1[H:12])[H:13])[O:1][H:8])[H:9])[H:10],,
6,-0.37425010515649004,RESP2,b3lyp-d3bj/dzvp,1.0,0.9500000000000001,C,resp2,7,[H:11][c:5]1[c:4]([c:3]([c:2]([c:7]([c:6]1[H:12])[H:13])[O:1][H:8])[H:9])[H:10],,
7,0.459090658111715,RESP2,b3lyp-d3bj/dzvp,1.0,0.9500000000000001,H,resp2,8,[H:11][c:5]1[c:4]([c:3]([c:2]([c:7]([c:6]1[H:12])[H:13])[O:1][H:8])[H:9])[H:10],,
8,0.19595495614896102,RESP2,b3lyp-d3bj/dzvp,1.0,0.9500000000000001,H,resp2,9,[H:11][c:5]1[c:4]([c:3]([c:2]([c:7]([c:6]1[H:12])[H:13])[O:1][H:8])[H:9])[H:10],,
9,0.15166168980086742,RESP2,b3lyp-d3bj/dzvp,1.0,0.9500000000000001,H,resp2,10,[H:11][c:5]1[c:4]([c:3]([c:2]([c:7]([c:6]1[H:12])[H:13])[O:1][H:8])[H:9])[H:10],,
10,0.15723872905239258,RESP2,b3lyp-d3bj/dzvp,1.0,0.9500000000000001,H,resp2,11,[H:11][c:5]1[c:4]([c:3]([c:2]([c:7]([c:6]1[H:12])[H:13])[O:1][H:8])[H:9])[H:10],,
11,0.14589062683262513,RESP2,b3lyp-d3bj/dzvp,1.0,0.9500000000000001,H,resp2,12,[H:11][c:5]1[c:4]([c:3]([c:2]([c:7]([c:6]1[H:12])[H:13])[O:1][H:8])[H:9])[H:10],,
12,0.17092383429489327,RESP2,b3lyp-d3bj/dzvp,1.0,0.9500000000000001,H,resp2,13,[H:11][c:5]1[c:4]([c:3]([c:2]([c:7]([c:6]1[H:12])[H:13])[O:1][H:8])[H:9])[H:10],,
0,-0.6470883014006646,RESP2,b3lyp-d3bj/dzvp,1.0,1.0,O,resp2,1,[H:11][c:5]1[c:4]([c:3]([c:2]([c:7]([c:6]1[H:12])[H:13])[O:1][H:8])[H:9])[H:10],,
1,0.4542482786168976,RESP2,b3lyp-d3bj/dzvp,1.0,1.0,C,resp2,2,[H:11][c:5]1[c:4]([c:3]([c:2]([c:7]([c:6]1[H:12])[H:13])[O:1][H:8])[H:9])[H:10],,
2,-0.3075329584930289,RESP2,b3lyp-d3bj/dzvp,1.0,1.0,C,resp2,3,[H:11][c:5]1[c:4]([c:3]([c:2]([c:7]([c:6]1[H:12])[H:13])[O:1][H:8])[H:9])[H:10],,
3,-0.10992803889928293,RESP2,b3lyp-d3bj/dzvp,1.0,1.0,C,resp2,4,[H:11][c:5]1[c:4]([c:3]([c:2]([c:7]([c:6]1[H:12])[H:13])[O:1][H:8])[H:9])[H:10],,
4,-0.22987759846131173,RESP2,b3lyp-d3bj/dzvp,1.0,1.0,C,resp2,5,[H:11][c:5]1[c:4]([c:3]([c:2]([c:7]([c:6]1[H:12])[H:13])[O:1][H:8])[H:9])[H:10],,
5,-0.06884646483879757,RESP2,b3lyp-d3bj/dzvp,1.0,1.0,C,resp2,6,[H:11][c:5]1[c:4]([c:3]([c:2]([c:7]([c:6]1[H:12])[H:13])[O:1][H:8])[H:9])[H:10],,
6,-0.37425092305455776,RESP2,b3lyp-d3bj/dzvp,1.0,1.0,C,resp2,7,[H:11][c:5]1[c:4]([c:3]([c:2]([c:7]([c:6]1[H:12])[H:13])[O:1][H:8])[H:9])[H:10],,
7,0.4602183565287023,RESP2,b3lyp-d3bj/dzvp,1.0,1.0,H,resp2,8,[H:11][c:5]1[c:4]([c:3]([c:2]([c:7]([c:6]1[H:12])[H:13])[O:1][H:8])[H:9])[H:10],,
8,0.196319093677861,RESP2,b3lyp-d3bj/dzvp,1.0,1.0,H,resp2,9,[H:11][c:5]1[c:4]([c:3]([c:2]([c:7]([c:6]1[H:12])[H:13])[O:1][H:8])[H:9])[H:10],,
9,0.15197645397079756,RESP2,b3lyp-d3bj/dzvp,1.0,1.0,H,resp2,10,[H:11][c:5]1[c:4]([c:3]([c:2]([c:7]([c:6]1[H:12])[H:13])[O:1][H:8])[H:9])[H:10],,
10,0.15751930145714108,RESP2,b3lyp-d3bj/dzvp,1.0,1.0,H,resp2,11,[H:11][c:5]1[c:4]([c:3]([c:2]([c:7]([c:6]1[H:12])[H:13])[O:1][H:8])[H:9])[H:10],,
11,0.14604673714687397,RESP2,b3lyp-d3bj/dzvp,1.0,1.0,H,resp2,12,[H:11][c:5]1[c:4]([c:3]([c:2]([c:7]([c:6]1[H:12])[H:13])[O:1][H:8])[H:9])[H:10],,
12,0.17119606374937013,RESP2,b3lyp-d3bj/dzvp,1.0,1.0,H,resp2,13,[H:11][c:5]1[c:4]([c:3]([c:2]([c:7]([c:6]1[H:12])[H:13])[O:1][H:8])[H:9])[H:10],,
0,-0.6160621354809916,RESP2,b3lyp-d3bj/dzvp,,0.0,O,resp2,1,[H:11][c:5]1[c:4]([c:3]([c:2]([c:7]([c:6]1[H:12])[H:13])[O:1][H:8])[H:9])[H:10],,
1,0.44684877220704405,RESP2,b3lyp-d3bj/dzvp,,0.0,C,resp2,2,[H:11][c:5]1[c:4]([c:3]([c:2]([c:7]([c:6]1[H:12])[H:13])[O:1][H:8])[H:9])[H:10],,
2,-0.2836040981628428,RESP2,b3lyp-d3bj/dzvp,,0.0,C,resp2,3,[H:11][c:5]1[c:4]([c:3]([c:2]([c:7]([c:6]1[H:12])[H:13])[O:1][H:8])[H:9])[H:10],,
3,-0.11306342915650433,RESP2,b3lyp-d3bj/dzvp,,0.0,C,resp2,4,[H:11][c:5]1[c:4]([c:3]([c:2]([c:7]([c:6]1[H:12])[H:13])[O:1][H:8])[H:9])[H:10],,
4,-0.22136093569534626,RESP2,b3lyp-d3bj/dzvp,,0.0,C,resp2,5,[H:11][c:5]1[c:4]([c:3]([c:2]([c:7]([c:6]1[H:12])[H:13])[O:1][H:8])[H:9])[H:10],,
5,-0.07148936936101206,RESP2,b3lyp-d3bj/dzvp,,0.0,C,resp2,6,[H:11][c:5]1[c:4]([c:3]([c:2]([c:7]([c:6]1[H:12])[H:13])[O:1][H:8])[H:9])[H:10],,
6,-0.3742345650958101,RESP2,b3lyp-d3bj/dzvp,,0.0,C,resp2,7,[H:11][c:5]1[c:4]([c:3]([c:2]([c:7]([c:6]1[H:12])[H:13])[O:1][H:8])[H:9])[H:10],,
7,0.437664388189013,RESP2,b3lyp-d3bj/dzvp,,0.0,H,resp2,8,[H:11][c:5]1[c:4]([c:3]([c:2]([c:7]([c:6]1[H:12])[H:13])[O:1][H:8])[H:9])[H:10],,
8,0.18903634310020742,RESP2,b3lyp-d3bj/dzvp,,0.0,H,resp2,9,[H:11][c:5]1[c:4]([c:3]([c:2]([c:7]([c:6]1[H:12])[H:13])[O:1][H:8])[H:9])[H:10],,
9,0.14568117057189517,RESP2,b3lyp-d3bj/dzvp,,0.0,H,resp2,10,[H:11][c:5]1[c:4]([c:3]([c:2]([c:7]([c:6]1[H:12])[H:13])[O:1][H:8])[H:9])[H:10],,
10,0.1519078533626125,RESP2,b3lyp-d3bj/dzvp,,0.0,H,resp2,11,[H:11][c:5]1[c:4]([c:3]([c:2]([c:7]([c:6]1[H:12])[H:13])[O:1][H:8])[H:9])[H:10],,
11,0.14292453086140489,RESP2,b3lyp-d3bj/dzvp,,0.0,H,resp2,12,[H:11][c:5]1[c:4]([c:3]([c:2]([c:7]([c:6]1[H:12])[H:13])[O:1][H:8])[H:9])[H:10],,
12,0.16575147466033002,RESP2,b3lyp-d3bj/dzvp,,0.0,H,resp2,13,[H:11][c:5]1[c:4]([c:3]([c:2]([c:7]([c:6]1[H:12])[H:13])[O:1][H:8])[H:9])[H:10],,
0,-0.6176134437796822,RESP2,b3lyp-d3bj/dzvp,,0.05,O,resp2,1,[H:11][c:5]1[c:4]([c:3]([c:2]([c:7]([c:6]1[H:12])[H:13])[O:1][H:8])[H:9])[H:10],,
1,0.44721874756576013,RESP2,b3lyp-d3bj/dzvp,,0.05,C,resp2,2,[H:11][c:5]1[c:4]([c:3]([c:2]([c:7]([c:6]1[H:12])[H:13])[O:1][H:8])[H:9])[H:10],,
2,-0.2848005412255568,RESP2,b3lyp-d3bj/dzvp,,0.05,C,resp2,3,[H:11][c:5]1[c:4]([c:3]([c:2]([c:7]([c:6]1[H:12])[H:13])[O:1][H:8])[H:9])[H:10],,
3,-0.11290665965826643,RESP2,b3lyp-d3bj/dzvp,,0.05,C,resp2,4,[H:11][c:5]1[c:4]([c:3]([c:2]([c:7]([c:6]1[H:12])[H:13])[O:1][H:8])[H:9])[H:10],,
4,-0.22178676879552237,RESP2,b3lyp-d3bj/dzvp,,0.05,C,resp2,5,[H:11][c:5]1[c:4]([c:3]([c:2]([c:7]([c:6]1[H:12])[H:13])[O:1][H:8])[H:9])[H:10],,
5,-0.07135722417831042,RESP2,b3lyp-d3bj/dzvp,,0.05,C,resp2,6,[H:11][c:5]1[c:4]([c:3]([c:2]([c:7]([c:6]1[H:12])[H:13])[O:1][H:8])[H:9])[H:10],,
6,-0.3742353830009793,RESP2,b3lyp-d3bj/dzvp,,0.05,C,resp2,7,[H:11][c:5]1[c:4]([c:3]([c:2]([c:7]([c:6]1[H:12])[H:13])[O:1][H:8])[H:9])[H:10],,
7,0.438792086597991,RESP2,b3lyp-d3bj/dzvp,,0.05,H,resp2,8,[H:11][c:5]1[c:4]([c:3]([c:2]([c:7]([c:6]1[H:12])[H:13])[O:1][H:8])[H:9])[H:10],,
8,0.18940048064466294,RESP2,b3lyp-d3bj/dzvp,,0.05,H,resp2,9,[H:11][c:5]1[c:4]([c:3]([c:2]([c:7]([c:6]1[H:12])[H:13])[O:1][H:8])[H:9])[H:10],,
9,0.14599593475901307,RESP2,b3lyp-d3bj/dzvp,,0.05,H,resp2,10,[H:11][c:5]1[c:4]([c:3]([c:2]([c:7]([c:6]1[H:12])[H:13])[O:1][H:8])[H:9])[H:10],,
10,0.15218842576643354,RESP2,b3lyp-d3bj/dzvp,,0.05,H,resp2,11,[H:11][c:5]1[c:4]([c:3]([c:2]([c:7]([c:6]1[H:12])[H:13])[O:1][H:8])[H:9])[H:10],,
11,0.14308064119079228,RESP2,b3lyp-d3bj/dzvp,,0.05,H,resp2,12,[H:11][c:5]1[c:4]([c:3]([c:2]([c:7]([c:6]1[H:12])[H:13])[O:1][H:8])[H:9])[H:10],,
12,0.1660237041136647,RESP2,b3lyp-d3bj/dzvp,,0.05,H,resp2,13,[H:11][c:5]1[c:4]([c:3]([c:2]([c:7]([c:6]1[H:12])[H:13])[O:1][H:8])[H:9])[H:10],,
0,-0.619164752078373,RESP2,b3lyp-d3bj/dzvp,,0.1,O,resp2,1,[H:11][c:5]1[c:4]([c:3]([c:2]([c:7]([c:6]1[H:12])[H:13])[O:1][H:8])[H:9])[H:10],,
1,0.4475887229244763,RESP2,b3lyp-d3bj/dzvp,,0.1,C,resp2,2,[H:11][c:5]1[c:4]([c:3]([c:2]([c:7]([c:6]1[H:12])[H:13])[O:1][H:8])[H:9])[H:10],,
2,-0.2859969842882708,RESP2,b3lyp-d3bj/dzvp,,0.1,C,resp2,3,[H:11][c:5]1[c:4]([c:3]([c:2]([c:7]([c:6]1[H:12])[H:13])[O:1][H:8])[H:9])[H:10],,
3,-0.11274989016002863,RESP2,b3lyp-d3bj/dzvp,,0.1,C,resp2,4,[H:11][c:5]1[c:4]([c:3]([c:2]([c:7]([c:6]1[H:12])[H:13])[O:1][H:8])[H:9])[H:10],,
4,-0.22221260189569855,RESP2,b3lyp-d3bj/dzvp,,0.1,C,resp2,5,[H:11][c:5]1[c:4]([c:3]([c:2]([c:7]([c:6]1[H:12])[H:13])[O:1][H:8])[H:9])[H:10],,
5,-0.07122507899560887,RESP2,b3lyp-d3bj/dzvp,,0.1,C,resp2,6,[H:11][c:5]1[c:4]([c:3]([c:2]([c:7]([c:6]1[H:12])[H:13])[O:1][H:8])[H:9])[H:10],,
6,-0.37423620090614856,RESP2,b3lyp-d3bj/dzvp,,0.1,C,resp2,7,[H:11][c:5]1[c:4]([c:3]([c:2]([c:7]([c:6]1[H:12])[H:13])[O:1][H:8])[H:9])[H:10],,
7,0.43991978500696904,RESP2,b3lyp-d3bj/dzvp,,0.1,H,resp2,8,[H:11][c:5]1[c:4]([c:3]([c:2]([c:7]([c:6]1[H:12])[H:13])[O:1][H:8])[H:9])[H:10],,
8,0.18976461818911844,RESP2,b3lyp-d3bj/dzvp,,0.1,H,resp2,9,[H:11][c:5]1[c:4]([c:3]([c:2]([c:7]([c:6]1[H:12])[H:13])[O:1][H:8])[H:9])[H:10],,
9,0.14631069894613097,RESP2,b3lyp-d3bj/dzvp,,0.1,H,resp2,10,[H:11][c:5]1[c:4]([c:3]([c:2]([c:7]([c:6]1[H:12])[H:13])[O:1][H:8])[H:9])[H:10],,
10,0.1524689981702545,RESP2,b3lyp-d3bj/dzvp,,0.1,H,resp2,11,[H:11][c:5]1[c:4]([c:3]([c:2]([c:7]([c:6]1[H:12])[H:13])[O:1][H:8])[H:9])[H:10],,
11,0.1432367515201796,RESP2,b3lyp-d3bj/dzvp,,0.1,H,resp2,12,[H:11][c:5]1[c:4]([c:3]([c:2]([c:7]([c:6]1[H:12])[H:13])[O:1][H:8])[H:9])[H:10],,
12,0.1662959335669994,RESP2,b3lyp-d3bj/dzvp,,0.1,H,resp2,13,[H:11][c:5]1[c:4]([c:3]([c:2]([c:7]([c:6]1[H:12])[H:13])[O:1][H:8])[H:9])[H:10],,
0,-0.6207160603770635,RESP2,b3lyp-d3bj/dzvp,,0.15000000000000002,O,resp2,1,[H:11][c:5]1[c:4]([c:3]([c:2]([c:7]([c:6]1[H:12])[H:13])[O:1][H:8])[H:9])[H:10],,
1,0.4479586982831924,RESP2,b3lyp-d3bj/dzvp,,0.15000000000000002,C,resp2,2,[H:11][c:5]1[c:4]([c:3]([c:2]([c:7]([c:6]1[H:12])[H:13])[O:1][H:8])[H:9])[H:10],,
2,-0.28719342735098474,RESP2,b3lyp-d3bj/dzvp,,0.15000000000000002,C,resp2,3,[H:11][c:5]1[c:4]([c:3]([c:2]([c:7]([c:6]1[H:12])[H:13])[O:1][H:8])[H:9])[H:10],,
3,-0.11259312066179078,RESP2,b3lyp-d3bj/dzvp,,0.15000000000000002,C,resp2,4,[H:11][c:5]1[c:4]([c:3]([c:2]([c:7]([c:6]1[H:12])[H:13])[O:1][H:8])[H:9])[H:10],,
4,-0.22263843499587468,RESP2,b3lyp-d3bj/dzvp,,0.15000000000000002,C,resp2,5,[H:11][c:5]1[c:4]([c:3]([c:2]([c:7]([c:6]1[H:12])[H:13])[O:1][H:8])[H:9])[H:10],,
5,-0.07109293381290727,RESP2,b3lyp-d3bj/dzvp,,0.15000000000000002,C,resp2,6,[H:11][c:5]1[c:4]([c:3]([c:2]([c:7]([c:6]1[H:12])[H:13])[O:1][H:8])[H:9])[H:10],,
6,-0.37423701881131777,RESP2,b3lyp-d3bj/dzvp,,0.15000000000000002,C,resp2,7,[H:11][c:5]1[c:4]([c:3]([c:2]([c:7]([c:6]1[H:12])[H:13])[O:1][H:8])[H:9])[H:10],,
7,0.441047483415947,RESP2,b3lyp-d3bj/dzvp,,0.15000000000000002,H,resp2,8,[H:11][c:5]1[c:4]([c:3]([c:2]([c:7]([c:6]1[H:12])[H:13])[O:1][H:8])[H:9])[H:10],,
8,0.19012875573357393,RESP2,b3lyp-d3bj/dzvp,,0.15000000000000002,H,resp2,9,[H:11][c:5]1[c:4]([c:3]([c:2]([c:7]([c:6]1[H:12])[H:13])[O:1][H:8])[H:9])[H:10],,
9,0.14662546313324887,RESP2,b3lyp-d3bj/dzvp,,0.15000000000000002,H,resp2,10,[H:11][c:5]1[c:4]([c:3]([c:2]([c:7]([c:6]1[H:12])[H:13])[O:1][H:8])[H:9])[H:10],,
10,0.1527495705740755,RESP2,b3lyp-d3bj/dzvp,,0.15000000000000002,H,resp2,11,[H:11][c:5]1[c:4]([c:3]([c:2]([c:7]([c:6]1[H:12])[H:13])[O:1][H:8])[H:9])[H:10],,
11,0.14339286184956695,RESP2,b3lyp-d3bj/dzvp,,0.15000000000000002,H,resp2,12,[H:11][c:5]1[c:4]([c:3]([c:2]([c:7]([c:6]1[H:12])[H:13])[O:1][H:8])[H:9])[H:10],,
12,0.16656816302033406,RESP2,b3lyp-d3bj/dzvp,,0.15000000000000002,H,resp2,13,[H:11][c:5]1[c:4]([c:3]([c:2]([c:7]([c:6]1[H:12])[H:13])[O:1][H:8])[H:9])[H:10],,
0,-0.6222673686757542,RESP2,b3lyp-d3bj/dzvp,,0.2,O,resp2,1,[H:11][c:5]1[c:4]([c:3]([c:2]([c:7]([c:6]1[H:12])[H:13])[O:1][H:8])[H:9])[H:10],,
1,0.44832867364190854,RESP2,b3lyp-d3bj/dzvp,,0.2,C,resp2,2,[H:11][c:5]1[c:4]([c:3]([c:2]([c:7]([c:6]1[H:12])[H:13])[O:1][H:8])[H:9])[H:10],,
2,-0.2883898704136988,RESP2,b3lyp-d3bj/dzvp,,0.2,C,resp2,3,[H:11][c:5]1[c:4]([c:3]([c:2]([c:7]([c:6]1[H:12])[H:13])[O:1][H:8])[H:9])[H:10],,
3,-0.11243635116355295,RESP2,b3lyp-d3bj/dzvp,,0.2,C,resp2,4,[H:11][c:5]1[c:4]([c:3]([c:2]([c:7]([c:6]1[H:12])[H:13])[O:1][H:8])[H:9])[H:10],,
4,-0.22306426809605084,RESP2,b3lyp-d3bj/dzvp,,0.2,C,resp2,5,[H:11][c:5]1[c:4]([c:3]([c:2]([c:7]([c:6]1[H:12])[H:13])[O:1][H:8])[H:9])[H:10],,
5,-0.07096078863020566,RESP2,b3lyp-d3bj/dzvp,,0.2,C,resp2,6,[H:11][c:5]1[c:4]([c:3]([c:2]([c:7]([c:6]1[H:12])[H:13])[O:1][H:8])[H:9])[H:10],,
6,-0.37423783671648697,RESP2,b3lyp-d3bj/dzvp,,0.2,C,resp2,7,[H:11][c:5]1[c:4]([c:3]([c:2]([c:7]([c:6]1[H:12])[H:13])[O:1][H:8])[H:9])[H:10],,
7,0.4421751818249251,RESP2,b3lyp-d3bj/dzvp,,0.2,H,resp2,8,[H:11][c:5]1[c:4]([c:3]([c:2]([c:7]([c:6]1[H:12])[H:13])[O:1][H:8])[H:9])[H:10],,
8,0.19049289327802943,RESP2,b3lyp-d3bj/dzvp,,0.2,H,resp2,9,[H:11][c:5]1[c:4]([c:3]([c:2]([c:7]([c:6]1[H:12])[H:13])[O:1][H:8])[H:9])[H:10],,
9,0.14694022732036677,RESP2,b3lyp-d3bj/dzvp,,0.2,H,resp2,10,[H:11][c:5]1[c:4]([c:3]([c:2]([c:7]([c:6]1[H:12])[H:13])[O:1][H:8])[H:9])[H:10],,
10,0.15303014297789652,RESP2,b3lyp-d3bj/dzvp,,0.2,H,resp2,11,[H:11][c:5]1[c:4]([c:3]([c:2]([c:7]([c:6]1[H:12])[H:13])[O:1][H:8])[H:9])[H:10],,
11,0.14354897217895432,RESP2,b3lyp-d3bj/dzvp,,0.2,H,resp2,12,[H:11][c:5]1[c:4]([c:3]([c:2]([c:7]([c:6]1[H:12])[H:13])[O:1][H:8])[H:9])[H:10],,
12,0.16684039247366875,RESP2,b3lyp-d3bj/dzvp,,0.2,H,resp2,13,[H:11][c:5]1[c:4]([c:3]([c:2]([c:7]([c:6]1[H:12])[H:13])[O:1][H:8])[H:9])[H:10],,
0,-0.6238186769744447,RESP2,b3lyp-d3bj/dzvp,,0.25,O,resp2,1,[H:11][c:5]1[c:4]([c:3]([c:2]([c:7]([c:6]1[H:12])[H:13])[O:1][H:8])[H:9])[H:10],,
1,0.44869864900062467,RESP2,b3lyp-d3bj/dzvp,,0.25,C,resp2,2,[H:11][c:5]1[c:4]([c:3]([c:2]([c:7]([c:6]1[H:12])[H:13])[O:1][H:8])[H:9])[H:10],,
2,-0.2895863134764127,RESP2,b3lyp-d3bj/dzvp,,0.25,C,resp2,3,[H:11][c:5]1[c:4]([c:3]([c:2]([c:7]([c:6]1[H:12])[H:13])[O:1][H:8])[H:9])[H:10],,
3,-0.11227958166531511,RESP2,b3lyp-d3bj/dzvp,,0.25,C,resp2,4,[H:11][c:5]1[c:4]([c:3]([c:2]([c:7]([c:6]1[H:12])[H:13])[O:1][H:8])[H:9])[H:10],,
4,-0.22349010119622695,RESP2,b3lyp-d3bj/dzvp,,0.25,C,resp2,5,[H:11][c:5]1[c:4]([c:3]([c:2]([c:7]([c:6]1[H:12])[H:13])[O:1][H:8])[H:9])[H:10],,
5,-0.07082864344750409,RESP2,b3lyp-d3bj/dzvp,,0.25,C,resp2,6,[H:11][c:5]1[c:4]([c:3]([c:2]([c:7]([c:6]1[H:12])[H:13])[O:1][H:8])[H:9])[H:10],,
6,-0.37423865462165623,RESP2,b3lyp-d3bj/dzvp,,0.25,C,resp2,7,[H:11][c:5]1[c:4]([c:3]([c:2]([c:7]([c:6]1[H:12])[H:13])[O:1][H:8])[H:9])[H:10],,
7,0.4433028802339031,RESP2,b3lyp-d3bj/dzvp,,0.25,H,resp2,8,[H:11][c:5]1[c:4]([c:3]([c:2]([c:7]([c:6]1[H:12])[H:13])[O:1][H:8])[H:9])[H:10],,
8,0.1908570308224849,RESP2,b3lyp-d3bj/dzvp,,0.25,H,resp2,9,[H:11][c:5]1[c:4]([c:3]([c:2]([c:7]([c:6]1[H:12])[H:13])[O:1][H:8])[H:9])[H:10],,
9,0.14725499150748467,RESP2,b3lyp-d3bj/dzvp,,0.25,H,resp2,10,[H:11][c:5]1[c:4]([c:3]([c:2]([c:7]([c:6]1[H:12])[H:13])[O:1][H:8])[H:9])[H:10],,
10,0.15331071538171753,RESP2,b3lyp-d3bj/dzvp,,0.25,H,resp2,11,[H:11][c:5]1[c:4]([c:3]([c:2]([c:7]([c:6]1[H:12])[H:13])[O:1][H:8])[H:9])[H:10],,
11,0.14370508250834166,RESP2,b3lyp-d3bj/dzvp,,0.25,H,resp2,12,[H:11][c:5]1[c:4]([c:3]([c:2]([c:7]([c:6]1[H:12])[H:13])[O:1][H:8])[H:9])[H:10],,
12,0.1671126219270034,RESP2,b3lyp-d3bj/dzvp,,0.25,H,resp2,13,[H:11][c:5]1[c:4]([c:3]([c:2]([c:7]([c:6]1[H:12])[H:13])[O:1][H:8])[H:9])[H:10],,
0,-0.6253699852731354,RESP2,b3lyp-d3bj/dzvp,,0.30000000000000004,O,resp2,1,[H:11][c:5]1[c:4]([c:3]([c:2]([c:7]([c:6]1[H:12])[H:13])[O:1][H:8])[H:9])[H:10],,
1,0.4490686243593408,RESP2,b3lyp-d3bj/dzvp,,0.30000000000000004,C,resp2,2,[H:11][c:5]1[c:4]([c:3]([c:2]([c:7]([c:6]1[H:12])[H:13])[O:1][H:8])[H:9])[H:10],,
2,-0.29078275653912666,RESP2,b3lyp-d3bj/dzvp,,0.30000000000000004,C,resp2,3,[H:11][c:5]1[c:4]([c:3]([c:2]([c:7]([c:6]1[H:12])[H:13])[O:1][H:8])[H:9])[H:10],,
3,-0.11212281216707727,RESP2,b3lyp-d3bj/dzvp,,0.30000000000000004,C,resp2,4,[H:11][c:5]1[c:4]([c:3]([c:2]([c:7]([c:6]1[H:12])[H:13])[O:1][H:8])[H:9])[H:10],,
4,-0.2239159342964031,RESP2,b3lyp-d3bj/dzvp,,0.30000000000000004,C,resp2,5,[H:11][c:5]1[c:4]([c:3]([c:2]([c:7]([c:6]1[H:12])[H:13])[O:1][H:8])[H:9])[H:10],,
5,-0.0706964982648025,RESP2,b3lyp-d3bj/dzvp,,0.30000000000000004,C,resp2,6,[H:11][c:5]1[c:4]([c:3]([c:2]([c:7]([c:6]1[H:12])[H:13])[O:1][H:8])[H:9])[H:10],,
6,-0.37423947252682543,RESP2,b3lyp-d3bj/dzvp,,0.30000000000000004,C,resp2,7,[H:11][c:5]1[c:4]([c:3]([c:2]([c:7]([c:6]1[H:12])[H:13])[O:1][H:8])[H:9])[H:10],,
7,0.4444305786428811,RESP2,b3lyp-d3bj/dzvp,,0.30000000000000004,H,resp2,8,[H:11][c:5]1[c:4]([c:3]([c:2]([c:7]([c:6]1[H:12])[H:13])[O:1][H:8])[H:9])[H:10],,
8,0.19122116836694042,RESP2,b3lyp-d3bj/dzvp,,0.30000000000000004,H,resp2,9,[H:11][c:5]1[c:4]([c:3]([c:2]([c:7]([c:6]1[H:12])[H:13])[O:1][H:8])[H:9])[H:10],,
9,0.14756975569460257,RESP2,b3lyp-d3bj/dzvp,,0.30000000000000004,H,resp2,10,[H:11][c:5]1[c:4]([c:3]([c:2]([c:7]([c:6]1[H:12])[H:13])[O:1][H:8])[H:9])[H:10],,
10,0.15359128778553852,RESP2,b3lyp-d3bj/dzvp,,0.30000000000000004,H,resp2,11,[H:11][c:5]1[c:4]([c:3]([c:2]([c:7]([c:6]1[H:12])[H:13])[O:1][H:8])[H:9])[H:10],,
11,0.14386119283772902,RESP2,b3lyp-d3bj/dzvp,,0.30000000000000004,H,resp2,12,[H:11][c:5]1[c:4]([c:3]([c:2]([c:7]([c:6]1[H:12])[H:13])[O:1][H:8])[H:9])[H:10],,
12,0.1673848513803381,RESP2,b3lyp-d3bj/dzvp,,0.30000000000000004,H,resp2,13,[H:11][c:5]1[c:4]([c:3]([c:2]([c:7]([c:6]1[H:12])[H:13])[O:1][H:8])[H:9])[H:10],,
0,-0.626921293571826,RESP2,b3lyp-d3bj/dzvp,,0.35000000000000003,O,resp2,1,[H:11][c:5]1[c:4]([c:3]([c:2]([c:7]([c:6]1[H:12])[H:13])[O:1][H:8])[H:9])[H:10],,
1,0.44943859971805694,RESP2,b3lyp-d3bj/dzvp,,0.35000000000000003,C,resp2,2,[H:11][c:5]1[c:4]([c:3]([c:2]([c:7]([c:6]1[H:12])[H:13])[O:1][H:8])[H:9])[H:10],,
2,-0.29197919960184066,RESP2,b3lyp-d3bj/dzvp,,0.35000000000000003,C,resp2,3,[H:11][c:5]1[c:4]([c:3]([c:2]([c:7]([c:6]1[H:12])[H:13])[O:1][H:8])[H:9])[H:10],,
3,-0.11196604266883942,RESP2,b3lyp-d3bj/dzvp,,0.35000000000000003,C,resp2,4,[H:11][c:5]1[c:4]([c:3]([c:2]([c:7]([c:6]1[H:12])[H:13])[O:1][H:8])[H:9])[H:10],,
4,-0.22434176739657924,RESP2,b3lyp-d3bj/dzvp,,0.35000000000000003,C,resp2,5,[H:11][c:5]1[c:4]([c:3]([c:2]([c:7]([c:6]1[H:12])[H:13])[O:1][H:8])[H:9])[H:10],,
5,-0.07056435308210089,RESP2,b3lyp-d3bj/dzvp,,0.35000000000000003,C,resp2,6,[H:11][c:5]1[c:4]([c:3]([c:2]([c:7]([c:6]1[H:12])[H:13])[O:1][H:8])[H:9])[H:10],,
6,-0.37424029043199464,RESP2,b3lyp-d3bj/dzvp,,0.35000000000000003,C,resp2,7,[H:11][c:5]1[c:4]([c:3]([c:2]([c:7]([c:6]1[H:12])[H:13])[O:1][H:8])[H:9])[H:10],,
7,0.4455582770518591,RESP2,b3lyp-d3bj/dzvp,,0.35000000000000003,H,resp2,8,[H:11][c:5]1[c:4]([c:3]([c:2]([c:7]([c:6]1[H:12])[H:13])[O:1][H:8])[H:9])[H:10],,
8,0.1915853059113959,RESP2,b3lyp-d3bj/dzvp,,0.35000000000000003,H,resp2,9,[H:11][c:5]1[c:4]([c:3]([c:2]([c:7]([c:6]1[H:12])[H:13])[O:1][H:8])[H:9])[H:10],,
9,0.14788451988172044,RESP2,b3lyp-d3bj/dzvp,,0.35000000000000003,H,resp2,10,[H:11][c:5]1[c:4]([c:3]([c:2]([c:7]([c:6]1[H:12])[H:13])[O:1][H:8])[H:9])[H:10],,
10,0.1538718601893595,RESP2,b3lyp-d3bj/dzvp,,0.35000000000000003,H,resp2,11,[H:11][c:5]1[c:4]([c:3]([c:2]([c:7]([c:6]1[H:12])[H:13])[O:1][H:8])[H:9])[H:10],,
11,0.14401730316711636,RESP2,b3lyp-d3bj/dzvp,,0.35000000000000003,H,resp2,12,[H:11][c:5]1[c:4]([c:3]([c:2]([c:7]([c:6]1[H:12])[H:13])[O:1][H:8])[H:9])[H:10],,
12,0.16765708083367276,RESP2,b3lyp-d3bj/dzvp,,0.35000000000000003,H,resp2,13,[H:11][c:5]1[c:4]([c:3]([c:2]([c:7]([c:6]1[H:12])[H:13])[O:1][H:8])[H:9])[H:10],,
0,-0.6284726018705167,RESP2,b3lyp-d3bj/dzvp,,0.4,O,resp2,1,[H:11][c:5]1[c:4]([c:3]([c:2]([c:7]([c:6]1[H:12])[H:13])[O:1][H:8])[H:9])[H:10],,
1,0.4498085750767731,RESP2,b3lyp-d3bj/dzvp,,0.4,C,resp2,2,[H:11][c:5]1[c:4]([c:3]([c:2]([c:7]([c:6]1[H:12])[H:13])[O:1][H:8])[H:9])[H:10],,
2,-0.29317564266455465,RESP2,b3lyp-d3bj/dzvp,,0.4,C,resp2,3,[H:11][c:5]1[c:4]([c:3]([c:2]([c:7]([c:6]1[H:12])[H:13])[O:1][H:8])[H:9])[H:10],,
3,-0.1118092731706016,RESP2,b3lyp-d3bj/dzvp,,0.4,C,resp2,4,[H:11][c:5]1[c:4]([c:3]([c:2]([c:7]([c:6]1[H:12])[H:13])[O:1][H:8])[H:9])[H:10],,
4,-0.2247676004967554,RESP2,b3lyp-d3bj/dzvp,,0.4,C,resp2,5,[H:11][c:5]1[c:4]([c:3]([c:2]([c:7]([c:6]1[H:12])[H:13])[O:1][H:8])[H:9])[H:10],,
5,-0.07043220789939933,RESP2,b3lyp-d3bj/dzvp,,0.4,C,resp2,6,[H:11][c:5]1[c:4]([c:3]([c:2]([c:7]([c:6]1[H:12])[H:13])[O:1][H:8])[H:9])[H:10],,
6,-0.37424110833716384,RESP2,b3lyp-d3bj/dzvp,,0.4,C,resp2,7,[H:11][c:5]1[c:4]([c:3]([c:2]([c:7]([c:6]1[H:12])[H:13])[O:1][H:8])[H:9])[H:10],,
7,0.4466859754608371,RESP2,b3lyp-d3bj/dzvp,,0.4,H,resp2,8,[H:11][c:5]1[c:4]([c:3]([c:2]([c:7]([c:6]1[H:12])[H:13])[O:1][H:8])[H:9])[H:10],,
8,0.19194944345585138,RESP2,b3lyp-d3bj/dzvp,,0.4,H,resp2,9,[H:11][c:5]1[c:4]([c:3]([c:2]([c:7]([c:6]1[H:12])[H:13])[O:1][H:8])[H:9])[H:10],,
9,0.1481992840688383,RESP2,b3lyp-d3bj/dzvp,,0.4,H,resp2,10,[H:11][c:5]1[c:4]([c:3]([c:2]([c:7]([c:6]1[H:12])[H:13])[O:1][H:8])[H:9])[H:10],,
10,0.15415243259318048,RESP2,b3lyp-d3bj/dzvp,,0.4,H,resp2,11,[H:11][c:5]1[c:4]([c:3]([c:2]([c:7]([c:6]1[H:12])[H:13])[O:1][H:8])[H:9])[H:10],,
11,0.1441734134965037,RESP2,b3lyp-d3bj/dzvp,,0.4,H,resp2,12,[H:11][c:5]1[c:4]([c:3]([c:2]([c:7]([c:6]1[H:12])[H:13])[O:1][H:8])[H:9])[H:10],,
12,0.16792931028700742,RESP2,b3lyp-d3bj/dzvp,,0.4,H,resp2,13,[H:11][c:5]1[c:4]([c:3]([c:2]([c:7]([c:6]1[H:12])[H:13])[O:1][H:8])[H:9])[H:10],,
0,-0.6300239101692072,RESP2,b3lyp-d3bj/dzvp,,0.45,O,resp2,1,[H:11][c:5]1[c:4]([c:3]([c:2]([c:7]([c:6]1[H:12])[H:13])[O:1][H:8])[H:9])[H:10],,
1,0.4501785504354892,RESP2,b3lyp-d3bj/dzvp,,0.45,C,resp2,2,[H:11][c:5]1[c:4]([c:3]([c:2]([c:7]([c:6]1[H:12])[H:13])[O:1][H:8])[H:9])[H:10],,
2,-0.29437208572726864,RESP2,b3lyp-d3bj/dzvp,,0.45,C,resp2,3,[H:11][c:5]1[c:4]([c:3]([c:2]([c:7]([c:6]1[H:12])[H:13])[O:1][H:8])[H:9])[H:10],,
3,-0.11165250367236376,RESP2,b3lyp-d3bj/dzvp,,0.45,C,resp2,4,[H:11][c:5]1[c:4]([c:3]([c:2]([c:7]([c:6]1[H:12])[H:13])[O:1][H:8])[H:9])[H:10],,
4,-0.22519343359693156,RESP2,b3lyp-d3bj/dzvp,,0.45,C,resp2,5,[H:11][c:5]1[c:4]([c:3]([c:2]([c:7]([c:6]1[H:12])[H:13])[O:1][H:8])[H:9])[H:10],,
5,-0.07030006271669773,RESP2,b3lyp-d3bj/dzvp,,0.45,C,resp2,6,[H:11][c:5]1[c:4]([c:3]([c:2]([c:7]([c:6]1[H:12])[H:13])[O:1][H:8])[H:9])[H:10],,
6,-0.3742419262423331,RESP2,b3lyp-d3bj/dzvp,,0.45,C,resp2,7,[H:11][c:5]1[c:4]([c:3]([c:2]([c:7]([c:6]1[H:12])[H:13])[O:1][H:8])[H:9])[H:10],,
7,0.44781367386981513,RESP2,b3lyp-d3bj/dzvp,,0.45,H,resp2,8,[H:11][c:5]1[c:4]([c:3]([c:2]([c:7]([c:6]1[H:12])[H:13])[O:1][H:8])[H:9])[H:10],,
8,0.19231358100030688,RESP2,b3lyp-d3bj/dzvp,,0.45,H,resp2,9,[H:11][c:5]1[c:4]([c:3]([c:2]([c:7]([c:6]1[H:12])[H:13])[O:1][H:8])[H:9])[H:10],,
9,0.1485140482559562,RESP2,b3lyp-d3bj/dzvp,,0.45,H,resp2,10,[H:11][c:5]1[c:4]([c:3]([c:2]([c:7]([c:6]1[H:12])[H:13])[O:1][H:8])[H:9])[H:10],,
10,0.1544330049970015,RESP2,b3lyp-d3bj/dzvp,,0.45,H,resp2,11,[H:11][c:5]1[c:4]([c:3]([c:2]([c:7]([c:6]1[H:12])[H:13])[O:1][H:8])[H:9])[H:10],,
11,0.14432952382589107,RESP2,b3lyp-d3bj/dzvp,,0.45,H,resp2,12,[H:11][c:5]1[c:4]([c:3]([c:2]([c:7]([c:6]1[H:12])[H:13])[O:1][H:8])[H:9])[H:10],,
12,0.1682015397403421,RESP2,b3lyp-d3bj/dzvp,,0.45,H,resp2,13,[H:11][c:5]1[c:4]([c:3]([c:2]([c:7]([c:6]1[H:12])[H:13])[O:1][H:8])[H:9])[H:10],,
0,-0.6315752184678979,RESP2,b3lyp-d3bj/dzvp,,0.5,O,resp2,1,[H:11][c:5]1[c:4]([c:3]([c:2]([c:7]([c:6]1[H:12])[H:13])[O:1][H:8])[H:9])[H:10],,
1,0.45054852579420535,RESP2,b3lyp-d3bj/dzvp,,0.5,C,resp2,2,[H:11][c:5]1[c:4]([c:3]([c:2]([c:7]([c:6]1[H:12])[H:13])[O:1][H:8])[H:9])[H:10],,
2,-0.29556852878998263,RESP2,b3lyp-d3bj/dzvp,,0.5,C,resp2,3,[H:11][c:5]1[c:4]([c:3]([c:2]([c:7]([c:6]1[H:12])[H:13])[O:1][H:8])[H:9])[H:10],,
3,-0.11149573417412591,RESP2,b3lyp-d3bj/dzvp,,0.5,C,resp2,4,[H:11][c:5]1[c:4]([c:3]([c:2]([c:7]([c:6]1[H:12])[H:13])[O:1][H:8])[H:9])[H:10],,
4,-0.22561926669710766,RESP2,b3lyp-d3bj/dzvp,,0.5,C,resp2,5,[H:11][c:5]1[c:4]([c:3]([c:2]([c:7]([c:6]1[H:12])[H:13])[O:1][H:8])[H:9])[H:10],,
5,-0.07016791753399612,RESP2,b3lyp-d3bj/dzvp,,0.5,C,resp2,6,[H:11][c:5]1[c:4]([c:3]([c:2]([c:7]([c:6]1[H:12])[H:13])[O:1][H:8])[H:9])[H:10],,
6,-0.3742427441475023,RESP2,b3lyp-d3bj/dzvp,,0.5,C,resp2,7,[H:11][c:5]1[c:4]([c:3]([c:2]([c:7]([c:6]1[H:12])[H:13])[O:1][H:8])[H:9])[H:10],,
7,0.44894137227879316,RESP2,b3lyp-d3bj/dzvp,,0.5,H,resp2,8,[H:11][c:5]1[c:4]([c:3]([c:2]([c:7]([c:6]1[H:12])[H:13])[O:1][H:8])[H:9])[H:10],,
8,0.1926777185447624,RESP2,b3lyp-d3bj/dzvp,,0.5,H,resp2,9,[H:11][c:5]1[c:4]([c:3]([c:2]([c:7]([c:6]1[H:12])[H:13])[O:1][H:8])[H:9])[H:10],,
9,0.14882881244307414,RESP2,b3lyp-d3bj/dzvp,,0.5,H,resp2,10,[H:11][c:5]1[c:4]([c:3]([c:2]([c:7]([c:6]1[H:12])[H:13])[O:1][H:8])[H:9])[H:10],,
10,0.15471357740082253,RESP2,b3lyp-d3bj/dzvp,,0.5,H,resp2,11,[H:11][c:5]1[c:4]([c:3]([c:2]([c:7]([c:6]1[H:12])[H:13])[O:1][H:8])[H:9])[H:10],,
11,0.14448563415527843,RESP2,b3lyp-d3bj/dzvp,,0.5,H,resp2,12,[H:11][c:5]1[c:4]([c:3]([c:2]([c:7]([c:6]1[H:12])[H:13])[O:1][H:8])[H:9])[H:10],,
12,0.1684737691936768,RESP2,b3lyp-d3bj/dzvp,,0.5,H,resp2,13,[H:11][c:5]1[c:4]([c:3]([c:2]([c:7]([c:6]1[H:12])[H:13])[O:1][H:8])[H:9])[H:10],,
0,-0.6331265267665884,RESP2,b3lyp-d3bj/dzvp,,0.55,O,resp2,1,[H:11][c:5]1[c:4]([c:3]([c:2]([c:7]([c:6]1[H:12])[H:13])[O:1][H:8])[H:9])[H:10],,
1,0.4509185011529214,RESP2,b3lyp-d3bj/dzvp,,0.55,C,resp2,2,[H:11][c:5]1[c:4]([c:3]([c:2]([c:7]([c:6]1[H:12])[H:13])[O:1][H:8])[H:9])[H:10],,
2,-0.2967649718526966,RESP2,b3lyp-d3bj/dzvp,,0.55,C,resp2,3,[H:11][c:5]1[c:4]([c:3]([c:2]([c:7]([c:6]1[H:12])[H:13])[O:1][H:8])[H:9])[H:10],,
3,-0.11133896467588811,RESP2,b3lyp-d3bj/dzvp,,0.55,C,resp2,4,[H:11][c:5]1[c:4]([c:3]([c:2]([c:7]([c:6]1[H:12])[H:13])[O:1][H:8])[H:9])[H:10],,
4,-0.22604509979728385,RESP2,b3lyp-d3bj/dzvp,,0.55,C,resp2,5,[H:11][c:5]1[c:4]([c:3]([c:2]([c:7]([c:6]1[H:12])[H:13])[O:1][H:8])[H:9])[H:10],,
5,-0.07003577235129457,RESP2,b3lyp-d3bj/dzvp,,0.55,C,resp2,6,[H:11][c:5]1[c:4]([c:3]([c:2]([c:7]([c:6]1[H:12])[H:13])[O:1][H:8])[H:9])[H:10],,
6,-0.3742435620526716,RESP2,b3lyp-d3bj/dzvp,,0.55,C,resp2,7,[H:11][c:5]1[c:4]([c:3]([c:2]([c:7]([c:6]1[H:12])[H:13])[O:1][H:8])[H:9])[H:10],,
7,0.45006907068777113,RESP2,b3lyp-d3bj/dzvp,,0.55,H,resp2,8,[H:11][c:5]1[c:4]([c:3]([c:2]([c:7]([c:6]1[H:12])[H:13])[O:1][H:8])[H:9])[H:10],,
8,0.19304185608921784,RESP2,b3lyp-d3bj/dzvp,,0.55,H,resp2,9,[H:11][c:5]1[c:4]([c:3]([c:2]([c:7]([c:6]1[H:12])[H:13])[O:1][H:8])[H:9])[H:10],,
9,0.14914357663019198,RESP2,b3lyp-d3bj/dzvp,,0.55,H,resp2,10,[H:11][c:5]1[c:4]([c:3]([c:2]([c:7]([c:6]1[H:12])[H:13])[O:1][H:8])[H:9])[H:10],,
10,0.15499414980464346,RESP2,b3lyp-d3bj/dzvp,,0.55,H,resp2,11,[H:11][c:5]1[c:4]([c:3]([c:2]([c:7]([c:6]1[H:12])[H:13])[O:1][H:8])[H:9])[H:10],,
11,0.14464174448466577,RESP2,b3lyp-d3bj/dzvp,,0.55,H,resp2,12,[H:11][c:5]1[c:4]([c:3]([c:2]([c:7]([c:6]1[H:12])[H:13])[O:1][H:8])[H:9])[H:10],,
12,0.16874599864701142,RESP2,b3lyp-d3bj/dzvp,,0.55,H,resp2,13,[H:11][c:5]1[c:4]([c:3]([c:2]([c:7]([c:6]1[H:12])[H:13])[O:1][H:8])[H:9])[H:10],,
0,-0.6346778350652791,RESP2,b3lyp-d3bj/dzvp,,0.6000000000000001,O,resp2,1,[H:11][c:5]1[c:4]([c:3]([c:2]([c:7]([c:6]1[H:12])[H:13])[O:1][H:8])[H:9])[H:10],,
1,0.45128847651163756,RESP2,b3lyp-d3bj/dzvp,,0.6000000000000001,C,resp2,2,[H:11][c:5]1[c:4]([c:3]([c:2]([c:7]([c:6]1[H:12])[H:13])[O:1][H:8])[H:9])[H:10],,
2,-0.2979614149154106,RESP2,b3lyp-d3bj/dzvp,,0.6000000000000001,C,resp2,3,[H:11][c:5]1[c:4]([c:3]([c:2]([c:7]([c:6]1[H:12])[H:13])[O:1][H:8])[H:9])[H:10],,
3,-0.11118219517765025,RESP2,b3lyp-d3bj/dzvp,,0.6000000000000001,C,resp2,4,[H:11][c:5]1[c:4]([c:3]([c:2]([c:7]([c:6]1[H:12])[H:13])[O:1][H:8])[H:9])[H:10],,
4,-0.22647093289746,RESP2,b3lyp-d3bj/dzvp,,0.6000000000000001,C,resp2,5,[H:11][c:5]1[c:4]([c:3]([c:2]([c:7]([c:6]1[H:12])[H:13])[O:1][H:8])[H:9])[H:10],,
5,-0.06990362716859295,RESP2,b3lyp-d3bj/dzvp,,0.6000000000000001,C,resp2,6,[H:11][c:5]1[c:4]([c:3]([c:2]([c:7]([c:6]1[H:12])[H:13])[O:1][H:8])[H:9])[H:10],,
6,-0.3742443799578408,RESP2,b3lyp-d3bj/dzvp,,0.6000000000000001,C,resp2,7,[H:11][c:5]1[c:4]([c:3]([c:2]([c:7]([c:6]1[H:12])[H:13])[O:1][H:8])[H:9])[H:10],,
7,0.45119676909674916,RESP2,b3lyp-d3bj/dzvp,,0.6000000000000001,H,resp2,8,[H:11][c:5]1[c:4]([c:3]([c:2]([c:7]([c:6]1[H:12])[H:13])[O:1][H:8])[H:9])[H:10],,
8,0.19340599363367333,RESP2,b3lyp-d3bj/dzvp,,0.6000000000000001,H,resp2,9,[H:11][c:5]1[c:4]([c:3]([c:2]([c:7]([c:6]1[H:12])[H:13])[O:1][H:8])[H:9])[H:10],,
9,0.14945834081730988,RESP2,b3lyp-d3bj/dzvp,,0.6000000000000001,H,resp2,10,[H:11][c:5]1[c:4]([c:3]([c:2]([c:7]([c:6]1[H:12])[H:13])[O:1][H:8])[H:9])[H:10],,
10,0.15527472220846447,RESP2,b3lyp-d3bj/dzvp,,0.6000000000000001,H,resp2,11,[H:11][c:5]1[c:4]([c:3]([c:2]([c:7]([c:6]1[H:12])[H:13])[O:1][H:8])[H:9])[H:10],,
11,0.1447978548140531,RESP2,b3lyp-d3bj/dzvp,,0.6000000000000001,H,resp2,12,[H:11][c:5]1[c:4]([c:3]([c:2]([c:7]([c:6]1[H:12])[H:13])[O:1][H:8])[H:9])[H:10],,
12,0.1690182281003461,RESP2,b3lyp-d3bj/dzvp,,0.6000000000000001,H,resp2,13,[H:11][c:5]1[c:4]([c:3]([c:2]([c:7]([c:6]1[H:12])[H:13])[O:1][H:8])[H:9])[H:10],,
0,-0.6362291433639697,RESP2,b3lyp-d3bj/dzvp,,0.65,O,resp2,1,[H:11][c:5]1[c:4]([c:3]([c:2]([c:7]([c:6]1[H:12])[H:13])[O:1][H:8])[H:9])[H:10],,
1,0.4516584518703536,RESP2,b3lyp-d3bj/dzvp,,0.65,C,resp2,2,[H:11][c:5]1[c:4]([c:3]([c:2]([c:7]([c:6]1[H:12])[H:13])[O:1][H:8])[H:9])[H:10],,
2,-0.29915785797812455,RESP2,b3lyp-d3bj/dzvp,,0.65,C,resp2,3,[H:11][c:5]1[c:4]([c:3]([c:2]([c:7]([c:6]1[H:12])[H:13])[O:1][H:8])[H:9])[H:10],,
3,-0.1110254256794124,RESP2,b3lyp-d3bj/dzvp,,0.65,C,resp2,4,[H:11][c:5]1[c:4]([c:3]([c:2]([c:7]([c:6]1[H:12])[H:13])[O:1][H:8])[H:9])[H:10],,
4,-0.2268967659976361,RESP2,b3lyp-d3bj/dzvp,,0.65,C,resp2,5,[H:11][c:5]1[c:4]([c:3]([c:2]([c:7]([c:6]1[H:12])[H:13])[O:1][H:8])[H:9])[H:10],,
5,-0.06977148198589135,RESP2,b3lyp-d3bj/dzvp,,0.65,C,resp2,6,[H:11][c:5]1[c:4]([c:3]([c:2]([c:7]([c:6]1[H:12])[H:13])[O:1][H:8])[H:9])[H:10],,
6,-0.37424519786301,RESP2,b3lyp-d3bj/dzvp,,0.65,C,resp2,7,[H:11][c:5]1[c:4]([c:3]([c:2]([c:7]([c:6]1[H:12])[H:13])[O:1][H:8])[H:9])[H:10],,
7,0.4523244675057272,RESP2,b3lyp-d3bj/dzvp,,0.65,H,resp2,8,[H:11][c:5]1[c:4]([c:3]([c:2]([c:7]([c:6]1[H:12])[H:13])[O:1][H:8])[H:9])[H:10],,
8,0.19377013117812886,RESP2,b3lyp-d3bj/dzvp,,0.65,H,resp2,9,[H:11][c:5]1[c:4]([c:3]([c:2]([c:7]([c:6]1[H:12])[H:13])[O:1][H:8])[H:9])[H:10],,
9,0.1497731050044278,RESP2,b3lyp-d3bj/dzvp,,0.65,H,resp2,10,[H:11][c:5]1[c:4]([c:3]([c:2]([c:7]([c:6]1[H:12])[H:13])[O:1][H:8])[H:9])[H:10],,
10,0.15555529461228548,RESP2,b3lyp-d3bj/dzvp,,0.65,H,resp2,11,[H:11][c:5]1[c:4]([c:3]([c:2]([c:7]([c:6]1[H:12])[H:13])[O:1][H:8])[H:9])[H:10],,
11,0.14495396514344047,RESP2,b3lyp-d3bj/dzvp,,0.65,H,resp2,12,[H:11][c:5]1[c:4]([c:3]([c:2]([c:7]([c:6]1[H:12])[H:13])[O:1][H:8])[H:9])[H:10],,
12,0.1692904575536808,RESP2,b3lyp-d3bj/dzvp,,0.65,H,resp2,13,[H:11][c:5]1[c:4]([c:3]([c:2]([c:7]([c:6]1[H:12])[H:13])[O:1][H:8])[H:9])[H:10],,
0,-0.6377804516626604,RESP2,b3lyp-d3bj/dzvp,,0.7000000000000001,O,resp2,1,[H:11][c:5]1[c:4]([c:3]([c:2]([c:7]([c:6]1[H:12])[H:13])[O:1][H:8])[H:9])[H:10],,
1,0.4520284272290698,RESP2,b3lyp-d3bj/dzvp,,0.7000000000000001,C,resp2,2,[H:11][c:5]1[c:4]([c:3]([c:2]([c:7]([c:6]1[H:12])[H:13])[O:1][H:8])[H:9])[H:10],,
2,-0.3003543010408386,RESP2,b3lyp-d3bj/dzvp,,0.7000000000000001,C,resp2,3,[H:11][c:5]1[c:4]([c:3]([c:2]([c:7]([c:6]1[H:12])[H:13])[O:1][H:8])[H:9])[H:10],,
3,-0.11086865618117457,RESP2,b3lyp-d3bj/dzvp,,0.7000000000000001,C,resp2,4,[H:11][c:5]1[c:4]([c:3]([c:2]([c:7]([c:6]1[H:12])[H:13])[O:1][H:8])[H:9])[H:10],,
4,-0.22732259909781227,RESP2,b3lyp-d3bj/dzvp,,0.7000000000000001,C,resp2,5,[H:11][c:5]1[c:4]([c:3]([c:2]([c:7]([c:6]1[H:12])[H:13])[O:1][H:8])[H:9])[H:10],,
5,-0.06963933680318979,RESP2,b3lyp-d3bj/dzvp,,0.7000000000000001,C,resp2,6,[H:11][c:5]1[c:4]([c:3]([c:2]([c:7]([c:6]1[H:12])[H:13])[O:1][H:8])[H:9])[H:10],,
6,-0.37424601576817923,RESP2,b3lyp-d3bj/dzvp,,0.7000000000000001,C,resp2,7,[H:11][c:5]1[c:4]([c:3]([c:2]([c:7]([c:6]1[H:12])[H:13])[O:1][H:8])[H:9])[H:10],,
7,0.4534521659147052,RESP2,b3lyp-d3bj/dzvp,,0.7000000000000001,H,resp2,8,[H:11][c:5]1[c:4]([c:3]([c:2]([c:7]([c:6]1[H:12])[H:13])[O:1][H:8])[H:9])[H:10],,
8,0.19413426872258432,RESP2,b3lyp-d3bj/dzvp,,0.7000000000000001,H,resp2,9,[H:11][c:5]1[c:4]([c:3]([c:2]([c:7]([c:6]1[H:12])[H:13])[O:1][H:8])[H:9])[H:10],,
9,0.15008786919154568,RESP2,b3lyp-d3bj/dzvp,,0.7000000000000001,H,resp2,10,[H:11][c:5]1[c:4]([c:3]([c:2]([c:7]([c:6]1[H:12])[H:13])[O:1][H:8])[H:9])[H:10],,
10,0.15583586701610647,RESP2,b3lyp-d3bj/dzvp,,0.7000000000000001,H,resp2,11,[H:11][c:5]1[c:4]([c:3]([c:2]([c:7]([c:6]1[H:12])[H:13])[O:1][H:8])[H:9])[H:10],,
11,0.1451100754728278,RESP2,b3lyp-d3bj/dzvp,,0.7000000000000001,H,resp2,12,[H:11][c:5]1[c:4]([c:3]([c:2]([c:7]([c:6]1[H:12])[H:13])[O:1][H:8])[H:9])[H:10],,
12,0.16956268700701546,RESP2,b3lyp-d3bj/dzvp,,0.7000000000000001,H,resp2,13,[H:11][c:5]1[c:4]([c:3]([c:2]([c:7]([c:6]1[H:12])[H:13])[O:1][H:8])[H:9])[H:10],,
0,-0.639331759961351,RESP2,b3lyp-d3bj/dzvp,,0.75,O,resp2,1,[H:11][c:5]1[c:4]([c:3]([c:2]([c:7]([c:6]1[H:12])[H:13])[O:1][H:8])[H:9])[H:10],,
1,0.45239840258778585,RESP2,b3lyp-d3bj/dzvp,,0.75,C,resp2,2,[H:11][c:5]1[c:4]([c:3]([c:2]([c:7]([c:6]1[H:12])[H:13])[O:1][H:8])[H:9])[H:10],,
2,-0.30155074410355254,RESP2,b3lyp-d3bj/dzvp,,0.75,C,resp2,3,[H:11][c:5]1[c:4]([c:3]([c:2]([c:7]([c:6]1[H:12])[H:13])[O:1][H:8])[H:9])[H:10],,
3,-0.11071188668293672,RESP2,b3lyp-d3bj/dzvp,,0.75,C,resp2,4,[H:11][c:5]1[c:4]([c:3]([c:2]([c:7]([c:6]1[H:12])[H:13])[O:1][H:8])[H:9])[H:10],,
4,-0.2277484321979884,RESP2,b3lyp-d3bj/dzvp,,0.75,C,resp2,5,[H:11][c:5]1[c:4]([c:3]([c:2]([c:7]([c:6]1[H:12])[H:13])[O:1][H:8])[H:9])[H:10],,
5,-0.06950719162048817,RESP2,b3lyp-d3bj/dzvp,,0.75,C,resp2,6,[H:11][c:5]1[c:4]([c:3]([c:2]([c:7]([c:6]1[H:12])[H:13])[O:1][H:8])[H:9])[H:10],,
6,-0.3742468336733485,RESP2,b3lyp-d3bj/dzvp,,0.75,C,resp2,7,[H:11][c:5]1[c:4]([c:3]([c:2]([c:7]([c:6]1[H:12])[H:13])[O:1][H:8])[H:9])[H:10],,
7,0.4545798643236832,RESP2,b3lyp-d3bj/dzvp,,0.75,H,resp2,8,[H:11][c:5]1[c:4]([c:3]([c:2]([c:7]([c:6]1[H:12])[H:13])[O:1][H:8])[H:9])[H:10],,
8,0.19449840626703985,RESP2,b3lyp-d3bj/dzvp,,0.75,H,resp2,9,[H:11][c:5]1[c:4]([c:3]([c:2]([c:7]([c:6]1[H:12])[H:13])[O:1][H:8])[H:9])[H:10],,
9,0.15040263337866355,RESP2,b3lyp-d3bj/dzvp,,0.75,H,resp2,10,[H:11][c:5]1[c:4]([c:3]([c:2]([c:7]([c:6]1[H:12])[H:13])[O:1][H:8])[H:9])[H:10],,
10,0.15611643941992748,RESP2,b3lyp-d3bj/dzvp,,0.75,H,resp2,11,[H:11][c:5]1[c:4]([c:3]([c:2]([c:7]([c:6]1[H:12])[H:13])[O:1][H:8])[H:9])[H:10],,
11,0.14526618580221518,RESP2,b3lyp-d3bj/dzvp,,0.75,H,resp2,12,[H:11][c:5]1[c:4]([c:3]([c:2]([c:7]([c:6]1[H:12])[H:13])[O:1][H:8])[H:9])[H:10],,
12,0.16983491646035015,RESP2,b3lyp-d3bj/dzvp,,0.75,H,resp2,13,[H:11][c:5]1[c:4]([c:3]([c:2]([c:7]([c:6]1[H:12])[H:13])[O:1][H:8])[H:9])[H:10],,
0,-0.6408830682600415,RESP2,b3lyp-d3bj/dzvp,,0.8,O,resp2,1,[H:11][c:5]1[c:4]([c:3]([c:2]([c:7]([c:6]1[H:12])[H:13])[O:1][H:8])[H:9])[H:10],,
1,0.45276837794650204,RESP2,b3lyp-d3bj/dzvp,,0.8,C,resp2,2,[H:11][c:5]1[c:4]([c:3]([c:2]([c:7]([c:6]1[H:12])[H:13])[O:1][H:8])[H:9])[H:10],,
2,-0.30274718716626653,RESP2,b3lyp-d3bj/dzvp,,0.8,C,resp2,3,[H:11][c:5]1[c:4]([c:3]([c:2]([c:7]([c:6]1[H:12])[H:13])[O:1][H:8])[H:9])[H:10],,
3,-0.1105551171846989,RESP2,b3lyp-d3bj/dzvp,,0.8,C,resp2,4,[H:11][c:5]1[c:4]([c:3]([c:2]([c:7]([c:6]1[H:12])[H:13])[O:1][H:8])[H:9])[H:10],,
4,-0.22817426529816454,RESP2,b3lyp-d3bj/dzvp,,0.8,C,resp2,5,[H:11][c:5]1[c:4]([c:3]([c:2]([c:7]([c:6]1[H:12])[H:13])[O:1][H:8])[H:9])[H:10],,
5,-0.0693750464377866,RESP2,b3lyp-d3bj/dzvp,,0.8,C,resp2,6,[H:11][c:5]1[c:4]([c:3]([c:2]([c:7]([c:6]1[H:12])[H:13])[O:1][H:8])[H:9])[H:10],,
6,-0.37424765157851764,RESP2,b3lyp-d3bj/dzvp,,0.8,C,resp2,7,[H:11][c:5]1[c:4]([c:3]([c:2]([c:7]([c:6]1[H:12])[H:13])[O:1][H:8])[H:9])[H:10],,
7,0.4557075627326612,RESP2,b3lyp-d3bj/dzvp,,0.8,H,resp2,8,[H:11][c:5]1[c:4]([c:3]([c:2]([c:7]([c:6]1[H:12])[H:13])[O:1][H:8])[H:9])[H:10],,
8,0.19486254381149534,RESP2,b3lyp-d3bj/dzvp,,0.8,H,resp2,9,[H:11][c:5]1[c:4]([c:3]([c:2]([c:7]([c:6]1[H:12])[H:13])[O:1][H:8])[H:9])[H:10],,
9,0.15071739756578145,RESP2,b3lyp-d3bj/dzvp,,0.8,H,resp2,10,[H:11][c:5]1[c:4]([c:3]([c:2]([c:7]([c:6]1[H:12])[H:13])[O:1][H:8])[H:9])[H:10],,
10,0.15639701182374846,RESP2,b3lyp-d3bj/dzvp,,0.8,H,resp2,11,[H:11][c:5]1[c:4]([c:3]([c:2]([c:7]([c:6]1[H:12])[H:13])[O:1][H:8])[H:9])[H:10],,
11,0.1454222961316025,RESP2,b3lyp-d3bj/dzvp,,0.8,H,resp2,12,[H:11][c:5]1[c:4]([c:3]([c:2]([c:7]([c:6]1[H:12])[H:13])[O:1][H:8])[H:9])[H:10],,
12,0.1701071459136848,RESP2,b3lyp-d3bj/dzvp,,0.8,H,resp2,13,[H:11][c:5]1[c:4]([c:3]([c:2]([c:7]([c:6]1[H:12])[H:13])[O:1][H:8])[H:9])[H:10],,
0,-0.6424343765587323,RESP2,b3lyp-d3bj/dzvp,,0.8500000000000001,O,resp2,1,[H:11][c:5]1[c:4]([c:3]([c:2]([c:7]([c:6]1[H:12])[H:13])[O:1][H:8])[H:9])[H:10],,
1,0.4531383533052181,RESP2,b3lyp-d3bj/dzvp,,0.8500000000000001,C,resp2,2,[H:11][c:5]1[c:4]([c:3]([c:2]([c:7]([c:6]1[H:12])[H:13])[O:1][H:8])[H:9])[H:10],,
2,-0.3039436302289805,RESP2,b3lyp-d3bj/dzvp,,0.8500000000000001,C,resp2,3,[H:11][c:5]1[c:4]([c:3]([c:2]([c:7]([c:6]1[H:12])[H:13])[O:1][H:8])[H:9])[H:10],,
3,-0.11039834768646105,RESP2,b3lyp-d3bj/dzvp,,0.8500000000000001,C,resp2,4,[H:11][c:5]1[c:4]([c:3]([c:2]([c:7]([c:6]1[H:12])[H:13])[O:1][H:8])[H:9])[H:10],,
4,-0.22860009839834072,RESP2,b3lyp-d3bj/dzvp,,0.8500000000000001,C,resp2,5,[H:11][c:5]1[c:4]([c:3]([c:2]([c:7]([c:6]1[H:12])[H:13])[O:1][H:8])[H:9])[H:10],,
5,-0.06924290125508499,RESP2,b3lyp-d3bj/dzvp,,0.8500000000000001,C,resp2,6,[H:11][c:5]1[c:4]([c:3]([c:2]([c:7]([c:6]1[H:12])[H:13])[O:1][H:8])[H:9])[H:10],,
6,-0.3742484694836869,RESP2,b3lyp-d3bj/dzvp,,0.8500000000000001,C,resp2,7,[H:11][c:5]1[c:4]([c:3]([c:2]([c:7]([c:6]1[H:12])[H:13])[O:1][H:8])[H:9])[H:10],,
7,0.45683526114163925,RESP2,b3lyp-d3bj/dzvp,,0.8500000000000001,H,resp2,8,[H:11][c:5]1[c:4]([c:3]([c:2]([c:7]([c:6]1[H:12])[H:13])[O:1][H:8])[H:9])[H:10],,
8,0.19522668135595084,RESP2,b3lyp-d3bj/dzvp,,0.8500000000000001,H,resp2,9,[H:11][c:5]1[c:4]([c:3]([c:2]([c:7]([c:6]1[H:12])[H:13])[O:1][H:8])[H:9])[H:10],,
9,0.15103216175289935,RESP2,b3lyp-d3bj/dzvp,,0.8500000000000001,H,resp2,10,[H:11][c:5]1[c:4]([c:3]([c:2]([c:7]([c:6]1[H:12])[H:13])[O:1][H:8])[H:9])[H:10],,
10,0.15667758422756947,RESP2,b3lyp-d3bj/dzvp,,0.8500000000000001,H,resp2,11,[H:11][c:5]1[c:4]([c:3]([c:2]([c:7]([c:6]1[H:12])[H:13])[O:1][H:8])[H:9])[H:10],,
11,0.14557840646098988,RESP2,b3lyp-d3bj/dzvp,,0.8500000000000001,H,resp2,12,[H:11][c:5]1[c:4]([c:3]([c:2]([c:7]([c:6]1[H:12])[H:13])[O:1][H:8])[H:9])[H:10],,
12,0.1703793753670195,RESP2,b3lyp-d3bj/dzvp,,0.8500000000000001,H,resp2,13,[H:11][c:5]1[c:4]([c:3]([c:2]([c:7]([c:6]1[H:12])[H:13])[O:1][H:8])[H:9])[H:10],,
0,-0.6439856848574228,RESP2,b3lyp-d3bj/dzvp,,0.9,O,resp2,1,[H:11][c:5]1[c:4]([c:3]([c:2]([c:7]([c:6]1[H:12])[H:13])[O:1][H:8])[H:9])[H:10],,
1,0.45350832866393426,RESP2,b3lyp-d3bj/dzvp,,0.9,C,resp2,2,[H:11][c:5]1[c:4]([c:3]([c:2]([c:7]([c:6]1[H:12])[H:13])[O:1][H:8])[H:9])[H:10],,
2,-0.30514007329169446,RESP2,b3lyp-d3bj/dzvp,,0.9,C,resp2,3,[H:11][c:5]1[c:4]([c:3]([c:2]([c:7]([c:6]1[H:12])[H:13])[O:1][H:8])[H:9])[H:10],,
3,-0.11024157818822322,RESP2,b3lyp-d3bj/dzvp,,0.9,C,resp2,4,[H:11][c:5]1[c:4]([c:3]([c:2]([c:7]([c:6]1[H:12])[H:13])[O:1][H:8])[H:9])[H:10],,
4,-0.22902593149851683,RESP2,b3lyp-d3bj/dzvp,,0.9,C,resp2,5,[H:11][c:5]1[c:4]([c:3]([c:2]([c:7]([c:6]1[H:12])[H:13])[O:1][H:8])[H:9])[H:10],,
5,-0.06911075607238341,RESP2,b3lyp-d3bj/dzvp,,0.9,C,resp2,6,[H:11][c:5]1[c:4]([c:3]([c:2]([c:7]([c:6]1[H:12])[H:13])[O:1][H:8])[H:9])[H:10],,
6,-0.3742492873888561,RESP2,b3lyp-d3bj/dzvp,,0.9,C,resp2,7,[H:11][c:5]1[c:4]([c:3]([c:2]([c:7]([c:6]1[H:12])[H:13])[O:1][H:8])[H:9])[H:10],,
7,0.4579629595506172,RESP2,b3lyp-d3bj/dzvp,,0.9,H,resp2,8,[H:11][c:5]1[c:4]([c:3]([c:2]([c:7]([c:6]1[H:12])[H:13])[O:1][H:8])[H:9])[H:10],,
8,0.1955908189004063,RESP2,b3lyp-d3bj/dzvp,,0.9,H,resp2,9,[H:11][c:5]1[c:4]([c:3]([c:2]([c:7]([c:6]1[H:12])[H:13])[O:1][H:8])[H:9])[H:10],,
9,0.15134692594001725,RESP2,b3lyp-d3bj/dzvp,,0.9,H,resp2,10,[H:11][c:5]1[c:4]([c:3]([c:2]([c:7]([c:6]1[H:12])[H:13])[O:1][H:8])[H:9])[H:10],,
10,0.15695815663139048,RESP2,b3lyp-d3bj/dzvp,,0.9,H,resp2,11,[H:11][c:5]1[c:4]([c:3]([c:2]([c:7]([c:6]1[H:12])[H:13])[O:1][H:8])[H:9])[H:10],,
11,0.14573451679037724,RESP2,b3lyp-d3bj/dzvp,,0.9,H,resp2,12,[H:11][c:5]1[c:4]([c:3]([c:2]([c:7]([c:6]1[H:12])[H:13])[O:1][H:8])[H:9])[H:10],,
12,0.17065160482035419,RESP2,b3lyp-d3bj/dzvp,,0.9,H,resp2,13,[H:11][c:5]1[c:4]([c:3]([c:2]([c:7]([c:6]1[H:12])[H:13])[O:1][H:8])[H:9])[H:10],,
0,-0.6455369931561135,RESP2,b3lyp-d3bj/dzvp,,0.9500000000000001,O,resp2,1,[H:11][c:5]1[c:4]([c:3]([c:2]([c:7]([c:6]1[H:12])[H:13])[O:1][H:8])[H:9])[H:10],,
1,0.4538783040226504,RESP2,b3lyp-d3bj/dzvp,,0.9500000000000001,C,resp2,2,[H:11][c:5]1[c:4]([c:3]([c:2]([c:7]([c:6]1[H:12])[H:13])[O:1][H:8])[H:9])[H:10],,
2,-0.3063365163544085,RESP2,b3lyp-d3bj/dzvp,,0.9500000000000001,C,resp2,3,[H:11][c:5]1[c:4]([c:3]([c:2]([c:7]([c:6]1[H:12])[H:13])[O:1][H:8])[H:9])[H:10],,
3,-0.11008480868998537,RESP2,b3lyp-d3bj/dzvp,,0.9500000000000001,C,resp2,4,[H:11][c:5]1[c:4]([c:3]([c:2]([c:7]([c:6]1[H:12])[H:13])[O:1][H:8])[H:9])[H:10],,
4,-0.229451764598693,RESP2,b3lyp-d3bj/dzvp,,0.9500000000000001,C,resp2,5,[H:11][c:5]1[c:4]([c:3]([c:2]([c:7]([c:6]1[H:12])[H:13])[O:1][H:8])[H:9])[H:10],,
5,-0.06897861088968181,RESP2,b3lyp-d3bj/dzvp,,0.9500000000000001,C,resp2,6,[H:11][c:5]1[c:4]([c:3]([c:2]([c:7]([c:6]1[H:12])[H:13])[O:1][H:8])[H:9])[H:10],,
6,-0.37425010529402536,RESP2,b3lyp-d3bj/dzvp,,0.9500000000000001,C,resp2,7,[H:11][c:5]1[c:4]([c:3]([c:2]([c:7]([c:6]1[H:12])[H:13])[O:1][H:8])[H:9])[H:10],,
7,0.45909065795959525,RESP2,b3lyp-d3bj/dzvp,,0.9500000000000001,H,resp2,8,[H:11][c:5]1[c:4]([c:3]([c:2]([c:7]([c:6]1[H:12])[H:13])[O:1][H:8])[H:9])[H:10],,
8,0.19595495644486183,RESP2,b3lyp-d3bj/dzvp,,0.9500000000000001,H,resp2,9,[H:11][c:5]1[c:4]([c:3]([c:2]([c:7]([c:6]1[H:12])[H:13])[O:1][H:8])[H:9])[H:10],,
9,0.15166169012713515,RESP2,b3lyp-d3bj/dzvp,,0.9500000000000001,H,resp2,10,[H:11][c:5]1[c:4]([c:3]([c:2]([c:7]([c:6]1[H:12])[H:13])[O:1][H:8])[H:9])[H:10],,
10,0.1572387290352115,RESP2,b3lyp-d3bj/dzvp,,0.9500000000000001,H,resp2,11,[H:11][c:5]1[c:4]([c:3]([c:2]([c:7]([c:6]1[H:12])[H:13])[O:1][H:8])[H:9])[H:10],,
11,0.1458906271197646,RESP2,b3lyp-d3bj/dzvp,,0.9500000000000001,H,resp2,12,[H:11][c:5]1[c:4]([c:3]([c:2]([c:7]([c:6]1[H:12])[H:13])[O:1][H:8])[H:9])[H:10],,
12,0.17092383427368885,RESP2,b3lyp-d3bj/dzvp,,0.9500000000000001,H,resp2,13,[H:11][c:5]1[c:4]([c:3]([c:2]([c:7]([c:6]1[H:12])[H:13])[O:1][H:8])[H:9])[H:10],,
0,-0.6470883014548041,RESP2,b3lyp-d3bj/dzvp,,1.0,O,resp2,1,[H:11][c:5]1[c:4]([c:3]([c:2]([c:7]([c:6]1[H:12])[H:13])[O:1][H:8])[H:9])[H:10],,
1,0.4542482793813665,RESP2,b3lyp-d3bj/dzvp,,1.0,C,resp2,2,[H:11][c:5]1[c:4]([c:3]([c:2]([c:7]([c:6]1[H:12])[H:13])[O:1][H:8])[H:9])[H:10],,
2,-0.30753295941712244,RESP2,b3lyp-d3bj/dzvp,,1.0,C,resp2,3,[H:11][c:5]1[c:4]([c:3]([c:2]([c:7]([c:6]1[H:12])[H:13])[O:1][H:8])[H:9])[H:10],,
3,-0.10992803919174754,RESP2,b3lyp-d3bj/dzvp,,1.0,C,resp2,4,[H:11][c:5]1[c:4]([c:3]([c:2]([c:7]([c:6]1[H:12])[H:13])[O:1][H:8])[H:9])[H:10],,
4,-0.22987759769886912,RESP2,b3lyp-d3bj/dzvp,,1.0,C,resp2,5,[H:11][c:5]1[c:4]([c:3]([c:2]([c:7]([c:6]1[H:12])[H:13])[O:1][H:8])[H:9])[H:10],,
5,-0.06884646570698023,RESP2,b3lyp-d3bj/dzvp,,1.0,C,resp2,6,[H:11][c:5]1[c:4]([c:3]([c:2]([c:7]([c:6]1[H:12])[H:13])[O:1][H:8])[H:9])[H:10],,
6,-0.37425092319919456,RESP2,b3lyp-d3bj/dzvp,,1.0,C,resp2,7,[H:11][c:5]1[c:4]([c:3]([c:2]([c:7]([c:6]1[H:12])[H:13])[O:1][H:8])[H:9])[H:10],,
7,0.4602183563685733,RESP2,b3lyp-d3bj/dzvp,,1.0,H,resp2,8,[H:11][c:5]1[c:4]([c:3]([c:2]([c:7]([c:6]1[H:12])[H:13])[O:1][H:8])[H:9])[H:10],,
8,0.19631909398931732,RESP2,b3lyp-d3bj/dzvp,,1.0,H,resp2,9,[H:11][c:5]1[c:4]([c:3]([c:2]([c:7]([c:6]1[H:12])[H:13])[O:1][H:8])[H:9])[H:10],,
9,0.15197645431425305,RESP2,b3lyp-d3bj/dzvp,,1.0,H,resp2,10,[H:11][c:5]1[c:4]([c:3]([c:2]([c:7]([c:6]1[H:12])[H:13])[O:1][H:8])[H:9])[H:10],,
10,0.15751930143903248,RESP2,b3lyp-d3bj/dzvp,,1.0,H,resp2,11,[H:11][c:5]1[c:4]([c:3]([c:2]([c:7]([c:6]1[H:12])[H:13])[O:1][H:8])[H:9])[H:10],,
11,0.14604673744915195,RESP2,b3lyp-d3bj/dzvp,,1.0,H,resp2,12,[H:11][c:5]1[c:4]([c:3]([c:2]([c:7]([c:6]1[H:12])[H:13])[O:1][H:8])[H:9])[H:10],,
12,0.17119606372702353,RESP2,b3lyp-d3bj/dzvp,,1.0,H,resp2,13,[H:11][c:5]1[c:4]([c:3]([c:2]([c:7]([c:6]1[H:12])[H:13])[O:1][H:8])[H:9])[H:10],,
0,-0.5205377180982933,RESP2,PW6B95/cc-pV(D+d)Z,1.0,0.0,O,hf,1,[H:11][c:5]1[c:4]([c:3]([c:2]([c:7]([c:6]1[H:12])[H:13])[O:1][H:8])[H:9])[H:10],,
1,0.3675720743061237,RESP2,PW6B95/cc-pV(D+d)Z,1.0,0.0,C,hf,2,[H:11][c:5]1[c:4]([c:3]([c:2]([c:7]([c:6]1[H:12])[H:13])[O:1][H:8])[H:9])[H:10],,
2,-0.24827584558381535,RESP2,PW6B95/cc-pV(D+d)Z,1.0,0.0,C,hf,3,[H:11][c:5]1[c:4]([c:3]([c:2]([c:7]([c:6]1[H:12])[H:13])[O:1][H:8])[H:9])[H:10],,
3,-0.07132074515752251,RESP2,PW6B95/cc-pV(D+d)Z,1.0,0.0,C,hf,4,[H:11][c:5]1[c:4]([c:3]([c:2]([c:7]([c:6]1[H:12])[H:13])[O:1][H:8])[H:9])[H:10],,
4,-0.19803030920796932,RESP2,PW6B95/cc-pV(D+d)Z,1.0,0.0,C,hf,5,[H:11][c:5]1[c:4]([c:3]([c:2]([c:7]([c:6]1[H:12])[H:13])[O:1][H:8])[H:9])[H:10],,
5,-0.041807819386032216,RESP2,PW6B95/cc-pV(D+d)Z,1.0,0.0,C,hf,6,[H:11][c:5]1[c:4]([c:3]([c:2]([c:7]([c:6]1[H:12])[H:13])[O:1][H:8])[H:9])[H:10],,
6,-0.3268588829704799,RESP2,PW6B95/cc-pV(D+d)Z,1.0,0.0,C,hf,7,[H:11][c:5]1[c:4]([c:3]([c:2]([c:7]([c:6]1[H:12])[H:13])[O:1][H:8])[H:9])[H:10],,
7,0.3939829791767967,RESP2,PW6B95/cc-pV(D+d)Z,1.0,0.0,H,hf,8,[H:11][c:5]1[c:4]([c:3]([c:2]([c:7]([c:6]1[H:12])[H:13])[O:1][H:8])[H:9])[H:10],,
8,0.155038626545099,RESP2,PW6B95/cc-pV(D+d)Z,1.0,0.0,H,hf,9,[H:11][c:5]1[c:4]([c:3]([c:2]([c:7]([c:6]1[H:12])[H:13])[O:1][H:8])[H:9])[H:10],,
9,0.11421018007585883,RESP2,PW6B95/cc-pV(D+d)Z,1.0,0.0,H,hf,10,[H:11][c:5]1[c:4]([c:3]([c:2]([c:7]([c:6]1[H:12])[H:13])[O:1][H:8])[H:9])[H:10],,
10,0.12438923249725103,RESP2,PW6B95/cc-pV(D+d)Z,1.0,0.0,H,hf,11,[H:11][c:5]1[c:4]([c:3]([c:2]([c:7]([c:6]1[H:12])[H:13])[O:1][H:8])[H:9])[H:10],,
11,0.11305862160645837,RESP2,PW6B95/cc-pV(D+d)Z,1.0,0.0,H,hf,12,[H:11][c:5]1[c:4]([c:3]([c:2]([c:7]([c:6]1[H:12])[H:13])[O:1][H:8])[H:9])[H:10],,
12,0.138579606196525,RESP2,PW6B95/cc-pV(D+d)Z,1.0,0.0,H,hf,13,[H:11][c:5]1[c:4]([c:3]([c:2]([c:7]([c:6]1[H:12])[H:13])[O:1][H:8])[H:9])[H:10],,
0,-0.521583701154891,RESP2,PW6B95/cc-pV(D+d)Z,1.0,0.05,O,hf,1,[H:11][c:5]1[c:4]([c:3]([c:2]([c:7]([c:6]1[H:12])[H:13])[O:1][H:8])[H:9])[H:10],,
1,0.36764300115075726,RESP2,PW6B95/cc-pV(D+d)Z,1.0,0.05,C,hf,2,[H:11][c:5]1[c:4]([c:3]([c:2]([c:7]([c:6]1[H:12])[H:13])[O:1][H:8])[H:9])[H:10],,
2,-0.2492018121391346,RESP2,PW6B95/cc-pV(D+d)Z,1.0,0.05,C,hf,3,[H:11][c:5]1[c:4]([c:3]([c:2]([c:7]([c:6]1[H:12])[H:13])[O:1][H:8])[H:9])[H:10],,
3,-0.07138632803924189,RESP2,PW6B95/cc-pV(D+d)Z,1.0,0.05,C,hf,4,[H:11][c:5]1[c:4]([c:3]([c:2]([c:7]([c:6]1[H:12])[H:13])[O:1][H:8])[H:9])[H:10],,
4,-0.19830033359759797,RESP2,PW6B95/cc-pV(D+d)Z,1.0,0.05,C,hf,5,[H:11][c:5]1[c:4]([c:3]([c:2]([c:7]([c:6]1[H:12])[H:13])[O:1][H:8])[H:9])[H:10],,
5,-0.041820552552299994,RESP2,PW6B95/cc-pV(D+d)Z,1.0,0.05,C,hf,6,[H:11][c:5]1[c:4]([c:3]([c:2]([c:7]([c:6]1[H:12])[H:13])[O:1][H:8])[H:9])[H:10],,
6,-0.32684018015701966,RESP2,PW6B95/cc-pV(D+d)Z,1.0,0.05,C,hf,7,[H:11][c:5]1[c:4]([c:3]([c:2]([c:7]([c:6]1[H:12])[H:13])[O:1][H:8])[H:9])[H:10],,
7,0.3949420750532103,RESP2,PW6B95/cc-pV(D+d)Z,1.0,0.05,H,hf,8,[H:11][c:5]1[c:4]([c:3]([c:2]([c:7]([c:6]1[H:12])[H:13])[O:1][H:8])[H:9])[H:10],,
8,0.1553107757238871,RESP2,PW6B95/cc-pV(D+d)Z,1.0,0.05,H,hf,9,[H:11][c:5]1[c:4]([c:3]([c:2]([c:7]([c:6]1[H:12])[H:13])[O:1][H:8])[H:9])[H:10],,
9,0.11451926303593178,RESP2,PW6B95/cc-pV(D+d)Z,1.0,0.05,H,hf,10,[H:11][c:5]1[c:4]([c:3]([c:2]([c:7]([c:6]1[H:12])[H:13])[O:1][H:8])[H:9])[H:10],,
10,0.12461885424119813,RESP2,PW6B95/cc-pV(D+d)Z,1.0,0.05,H,hf,11,[H:11][c:5]1[c:4]([c:3]([c:2]([c:7]([c:6]1[H:12])[H:13])[O:1][H:8])[H:9])[H:10],,
11,0.11324023207817872,RESP2,PW6B95/cc-pV(D+d)Z,1.0,0.05,H,hf,12,[H:11][c:5]1[c:4]([c:3]([c:2]([c:7]([c:6]1[H:12])[H:13])[O:1][H:8])[H:9])[H:10],,
12,0.13885870635702183,RESP2,PW6B95/cc-pV(D+d)Z,1.0,0.05,H,hf,13,[H:11][c:5]1[c:4]([c:3]([c:2]([c:7]([c:6]1[H:12])[H:13])[O:1][H:8])[H:9])[H:10],,
0,-0.5226296842114889,RESP2,PW6B95/cc-pV(D+d)Z,1.0,0.1,O,hf,1,[H:11][c:5]1[c:4]([c:3]([c:2]([c:7]([c:6]1[H:12])[H:13])[O:1][H:8])[H:9])[H:10],,
1,0.36771392799539093,RESP2,PW6B95/cc-pV(D+d)Z,1.0,0.1,C,hf,2,[H:11][c:5]1[c:4]([c:3]([c:2]([c:7]([c:6]1[H:12])[H:13])[O:1][H:8])[H:9])[H:10],,
2,-0.2501277786944539,RESP2,PW6B95/cc-pV(D+d)Z,1.0,0.1,C,hf,3,[H:11][c:5]1[c:4]([c:3]([c:2]([c:7]([c:6]1[H:12])[H:13])[O:1][H:8])[H:9])[H:10],,
3,-0.07145191092096126,RESP2,PW6B95/cc-pV(D+d)Z,1.0,0.1,C,hf,4,[H:11][c:5]1[c:4]([c:3]([c:2]([c:7]([c:6]1[H:12])[H:13])[O:1][H:8])[H:9])[H:10],,
4,-0.1985703579872266,RESP2,PW6B95/cc-pV(D+d)Z,1.0,0.1,C,hf,5,[H:11][c:5]1[c:4]([c:3]([c:2]([c:7]([c:6]1[H:12])[H:13])[O:1][H:8])[H:9])[H:10],,
5,-0.04183328571856777,RESP2,PW6B95/cc-pV(D+d)Z,1.0,0.1,C,hf,6,[H:11][c:5]1[c:4]([c:3]([c:2]([c:7]([c:6]1[H:12])[H:13])[O:1][H:8])[H:9])[H:10],,
6,-0.32682147734355943,RESP2,PW6B95/cc-pV(D+d)Z,1.0,0.1,C,hf,7,[H:11][c:5]1[c:4]([c:3]([c:2]([c:7]([c:6]1[H:12])[H:13])[O:1][H:8])[H:9])[H:10],,
7,0.3959011709296239,RESP2,PW6B95/cc-pV(D+d)Z,1.0,0.1,H,hf,8,[H:11][c:5]1[c:4]([c:3]([c:2]([c:7]([c:6]1[H:12])[H:13])[O:1][H:8])[H:9])[H:10],,
8,0.15558292490267525,RESP2,PW6B95/cc-pV(D+d)Z,1.0,0.1,H,hf,9,[H:11][c:5]1[c:4]([c:3]([c:2]([c:7]([c:6]1[H:12])[H:13])[O:1][H:8])[H:9])[H:10],,
9,0.11482834599600475,RESP2,PW6B95/cc-pV(D+d)Z,1.0,0.1,H,hf,10,[H:11][c:5]1[c:4]([c:3]([c:2]([c:7]([c:6]1[H:12])[H:13])[O:1][H:8])[H:9])[H:10],,
10,0.12484847598514527,RESP2,PW6B95/cc-pV(D+d)Z,1.0,0.1,H,hf,11,[H:11][c:5]1[c:4]([c:3]([c:2]([c:7]([c:6]1[H:12])[H:13])[O:1][H:8])[H:9])[H:10],,
11,0.11342184254989911,RESP2,PW6B95/cc-pV(D+d)Z,1.0,0.1,H,hf,12,[H:11][c:5]1[c:4]([c:3]([c:2]([c:7]([c:6]1[H:12])[H:13])[O:1][H:8])[H:9])[H:10],,
12,0.13913780651751861,RESP2,PW6B95/cc-pV(D+d)Z,1.0,0.1,H,hf,13,[H:11][c:5]1[c:4]([c:3]([c:2]([c:7]([c:6]1[H:12])[H:13])[O:1][H:8])[H:9])[H:10],,
0,-0.5236756672680866,RESP2,PW6B95/cc-pV(D+d)Z,1.0,0.15000000000000002,O,hf,1,[H:11][c:5]1[c:4]([c:3]([c:2]([c:7]([c:6]1[H:12])[H:13])[O:1][H:8])[H:9])[H:10],,
1,0.3677848548400245,RESP2,PW6B95/cc-pV(D+d)Z,1.0,0.15000000000000002,C,hf,2,[H:11][c:5]1[c:4]([c:3]([c:2]([c:7]([c:6]1[H:12])[H:13])[O:1][H:8])[H:9])[H:10],,
2,-0.25105374524977314,RESP2,PW6B95/cc-pV(D+d)Z,1.0,0.15000000000000002,C,hf,3,[H:11][c:5]1[c:4]([c:3]([c:2]([c:7]([c:6]1[H:12])[H:13])[O:1][H:8])[H:9])[H:10],,
3,-0.0715174938026806,RESP2,PW6B95/cc-pV(D+d)Z,1.0,0.15000000000000002,C,hf,4,[H:11][c:5]1[c:4]([c:3]([c:2]([c:7]([c:6]1[H:12])[H:13])[O:1][H:8])[H:9])[H:10],,
4,-0.19884038237685525,RESP2,PW6B95/cc-pV(D+d)Z,1.0,0.15000000000000002,C,hf,5,[H:11][c:5]1[c:4]([c:3]([c:2]([c:7]([c:6]1[H:12])[H:13])[O:1][H:8])[H:9])[H:10],,
5,-0.04184601888483554,RESP2,PW6B95/cc-pV(D+d)Z,1.0,0.15000000000000002,C,hf,6,[H:11][c:5]1[c:4]([c:3]([c:2]([c:7]([c:6]1[H:12])[H:13])[O:1][H:8])[H:9])[H:10],,
6,-0.3268027745300992,RESP2,PW6B95/cc-pV(D+d)Z,1.0,0.15000000000000002,C,hf,7,[H:11][c:5]1[c:4]([c:3]([c:2]([c:7]([c:6]1[H:12])[H:13])[O:1][H:8])[H:9])[H:10],,
7,0.3968602668060375,RESP2,PW6B95/cc-pV(D+d)Z,1.0,0.15000000000000002,H,hf,8,[H:11][c:5]1[c:4]([c:3]([c:2]([c:7]([c:6]1[H:12])[H:13])[O:1][H:8])[H:9])[H:10],,
8,0.15585507408146337,RESP2,PW6B95/cc-pV(D+d)Z,1.0,0.15000000000000002,H,hf,9,[H:11][c:5]1[c:4]([c:3]([c:2]([c:7]([c:6]1[H:12])[H:13])[O:1][H:8])[H:9])[H:10],,
9,0.11513742895607772,RESP2,PW6B95/cc-pV(D+d)Z,1.0,0.15000000000000002,H,hf,10,[H:11][c:5]1[c:4]([c:3]([c:2]([c:7]([c:6]1[H:12])[H:13])[O:1][H:8])[H:9])[H:10],,
10,0.1250780977290924,RESP2,PW6B95/cc-pV(D+d)Z,1.0,0.15000000000000002,H,hf,11,[H:11][c:5]1[c:4]([c:3]([c:2]([c:7]([c:6]1[H:12])[H:13])[O:1][H:8])[H:9])[H:10],,
11,0.11360345302161948,RESP2,PW6B95/cc-pV(D+d)Z,1.0,0.15000000000000002,H,hf,12,[H:11][c:5]1[c:4]([c:3]([c:2]([c:7]([c:6]1[H:12])[H:13])[O:1][H:8])[H:9])[H:10],,
12,0.13941690667801543,RESP2,PW6B95/cc-pV(D+d)Z,1.0,0.15000000000000002,H,hf,13,[H:11][c:5]1[c:4]([c:3]([c:2]([c:7]([c:6]1[H:12])[H:13])[O:1][H:8])[H:9])[H:10],,
0,-0.5247216503246843,RESP2,PW6B95/cc-pV(D+d)Z,1.0,0.2,O,hf,1,[H:11][c:5]1[c:4]([c:3]([c:2]([c:7]([c:6]1[H:12])[H:13])[O:1][H:8])[H:9])[H:10],,
1,0.36785578168465805,RESP2,PW6B95/cc-pV(D+d)Z,1.0,0.2,C,hf,2,[H:11][c:5]1[c:4]([c:3]([c:2]([c:7]([c:6]1[H:12])[H:13])[O:1][H:8])[H:9])[H:10],,
2,-0.25197971180509243,RESP2,PW6B95/cc-pV(D+d)Z,1.0,0.2,C,hf,3,[H:11][c:5]1[c:4]([c:3]([c:2]([c:7]([c:6]1[H:12])[H:13])[O:1][H:8])[H:9])[H:10],,
3,-0.07158307668439996,RESP2,PW6B95/cc-pV(D+d)Z,1.0,0.2,C,hf,4,[H:11][c:5]1[c:4]([c:3]([c:2]([c:7]([c:6]1[H:12])[H:13])[O:1][H:8])[H:9])[H:10],,
4,-0.1991104067664839,RESP2,PW6B95/cc-pV(D+d)Z,1.0,0.2,C,hf,5,[H:11][c:5]1[c:4]([c:3]([c:2]([c:7]([c:6]1[H:12])[H:13])[O:1][H:8])[H:9])[H:10],,
5,-0.04185875205110331,RESP2,PW6B95/cc-pV(D+d)Z,1.0,0.2,C,hf,6,[H:11][c:5]1[c:4]([c:3]([c:2]([c:7]([c:6]1[H:12])[H:13])[O:1][H:8])[H:9])[H:10],,
6,-0.326784071716639,RESP2,PW6B95/cc-pV(D+d)Z,1.0,0.2,C,hf,7,[H:11][c:5]1[c:4]([c:3]([c:2]([c:7]([c:6]1[H:12])[H:13])[O:1][H:8])[H:9])[H:10],,
7,0.3978193626824511,RESP2,PW6B95/cc-pV(D+d)Z,1.0,0.2,H,hf,8,[H:11][c:5]1[c:4]([c:3]([c:2]([c:7]([c:6]1[H:12])[H:13])[O:1][H:8])[H:9])[H:10],,
8,0.1561272232602515,RESP2,PW6B95/cc-pV(D+d)Z,1.0,0.2,H,hf,9,[H:11][c:5]1[c:4]([c:3]([c:2]([c:7]([c:6]1[H:12])[H:13])[O:1][H:8])[H:9])[H:10],,
9,0.1154465119161507,RESP2,PW6B95/cc-pV(D+d)Z,1.0,0.2,H,hf,10,[H:11][c:5]1[c:4]([c:3]([c:2]([c:7]([c:6]1[H:12])[H:13])[O:1][H:8])[H:9])[H:10],,
10,0.12530771947303954,RESP2,PW6B95/cc-pV(D+d)Z,1.0,0.2,H,hf,11,[H:11][c:5]1[c:4]([c:3]([c:2]([c:7]([c:6]1[H:12])[H:13])[O:1][H:8])[H:9])[H:10],,
11,0.11378506349333985,RESP2,PW6B95/cc-pV(D+d)Z,1.0,0.2,H,hf,12,[H:11][c:5]1[c:4]([c:3]([c:2]([c:7]([c:6]1[H:12])[H:13])[O:1][H:8])[H:9])[H:10],,
12,0.13969600683851224,RESP2,PW6B95/cc-pV(D+d)Z,1.0,0.2,H,hf,13,[H:11][c:5]1[c:4]([c:3]([c:2]([c:7]([c:6]1[H:12])[H:13])[O:1][H:8])[H:9])[H:10],,
0,-0.5257676333812821,RESP2,PW6B95/cc-pV(D+d)Z,1.0,0.25,O,hf,1,[H:11][c:5]1[c:4]([c:3]([c:2]([c:7]([c:6]1[H:12])[H:13])[O:1][H:8])[H:9])[H:10],,
1,0.36792670852929166,RESP2,PW6B95/cc-pV(D+d)Z,1.0,0.25,C,hf,2,[H:11][c:5]1[c:4]([c:3]([c:2]([c:7]([c:6]1[H:12])[H:13])[O:1][H:8])[H:9])[H:10],,
2,-0.25290567836041167,RESP2,PW6B95/cc-pV(D+d)Z,1.0,0.25,C,hf,3,[H:11][c:5]1[c:4]([c:3]([c:2]([c:7]([c:6]1[H:12])[H:13])[O:1][H:8])[H:9])[H:10],,
3,-0.07164865956611932,RESP2,PW6B95/cc-pV(D+d)Z,1.0,0.25,C,hf,4,[H:11][c:5]1[c:4]([c:3]([c:2]([c:7]([c:6]1[H:12])[H:13])[O:1][H:8])[H:9])[H:10],,
4,-0.19938043115611256,RESP2,PW6B95/cc-pV(D+d)Z,1.0,0.25,C,hf,5,[H:11][c:5]1[c:4]([c:3]([c:2]([c:7]([c:6]1[H:12])[H:13])[O:1][H:8])[H:9])[H:10],,
5,-0.04187148521737108,RESP2,PW6B95/cc-pV(D+d)Z,1.0,0.25,C,hf,6,[H:11][c:5]1[c:4]([c:3]([c:2]([c:7]([c:6]1[H:12])[H:13])[O:1][H:8])[H:9])[H:10],,
6,-0.3267653689031787,RESP2,PW6B95/cc-pV(D+d)Z,1.0,0.25,C,hf,7,[H:11][c:5]1[c:4]([c:3]([c:2]([c:7]([c:6]1[H:12])[H:13])[O:1][H:8])[H:9])[H:10],,
7,0.39877845855886473,RESP2,PW6B95/cc-pV(D+d)Z,1.0,0.25,H,hf,8,[H:11][c:5]1[c:4]([c:3]([c:2]([c:7]([c:6]1[H:12])[H:13])[O:1][H:8])[H:9])[H:10],,
8,0.1563993724390396,RESP2,PW6B95/cc-pV(D+d)Z,1.0,0.25,H,hf,9,[H:11][c:5]1[c:4]([c:3]([c:2]([c:7]([c:6]1[H:12])[H:13])[O:1][H:8])[H:9])[H:10],,
9,0.11575559487622367,RESP2,PW6B95/cc-pV(D+d)Z,1.0,0.25,H,hf,10,[H:11][c:5]1[c:4]([c:3]([c:2]([c:7]([c:6]1[H:12])[H:13])[O:1][H:8])[H:9])[H:10],,
10,0.12553734121698662,RESP2,PW6B95/cc-pV(D+d)Z,1.0,0.25,H,hf,11,[H:11][c:5]1[c:4]([c:3]([c:2]([c:7]([c:6]1[H:12])[H:13])[O:1][H:8])[H:9])[H:10],,
11,0.11396667396506022,RESP2,PW6B95/cc-pV(D+d)Z,1.0,0.25,H,hf,12,[H:11][c:5]1[c:4]([c:3]([c:2]([c:7]([c:6]1[H:12])[H:13])[O:1][H:8])[H:9])[H:10],,
12,0.139975106999009,RESP2,PW6B95/cc-pV(D+d)Z,1.0,0.25,H,hf,13,[H:11][c:5]1[c:4]([c:3]([c:2]([c:7]([c:6]1[H:12])[H:13])[O:1][H:8])[H:9])[H:10],,
0,-0.5268136164378798,RESP2,PW6B95/cc-pV(D+d)Z,1.0,0.30000000000000004,O,hf,1,[H:11][c:5]1[c:4]([c:3]([c:2]([c:7]([c:6]1[H:12])[H:13])[O:1][H:8])[H:9])[H:10],,
1,0.3679976353739252,RESP2,PW6B95/cc-pV(D+d)Z,1.0,0.30000000000000004,C,hf,2,[H:11][c:5]1[c:4]([c:3]([c:2]([c:7]([c:6]1[H:12])[H:13])[O:1][H:8])[H:9])[H:10],,
2,-0.25383164491573096,RESP2,PW6B95/cc-pV(D+d)Z,1.0,0.30000000000000004,C,hf,3,[H:11][c:5]1[c:4]([c:3]([c:2]([c:7]([c:6]1[H:12])[H:13])[O:1][H:8])[H:9])[H:10],,
3,-0.0717142424478387,RESP2,PW6B95/cc-pV(D+d)Z,1.0,0.30000000000000004,C,hf,4,[H:11][c:5]1[c:4]([c:3]([c:2]([c:7]([c:6]1[H:12])[H:13])[O:1][H:8])[H:9])[H:10],,
4,-0.1996504555457412,RESP2,PW6B95/cc-pV(D+d)Z,1.0,0.30000000000000004,C,hf,5,[H:11][c:5]1[c:4]([c:3]([c:2]([c:7]([c:6]1[H:12])[H:13])[O:1][H:8])[H:9])[H:10],,
5,-0.04188421838363885,RESP2,PW6B95/cc-pV(D+d)Z,1.0,0.30000000000000004,C,hf,6,[H:11][c:5]1[c:4]([c:3]([c:2]([c:7]([c:6]1[H:12])[H:13])[O:1][H:8])[H:9])[H:10],,
6,-0.3267466660897185,RESP2,PW6B95/cc-pV(D+d)Z,1.0,0.30000000000000004,C,hf,7,[H:11][c:5]1[c:4]([c:3]([c:2]([c:7]([c:6]1[H:12])[H:13])[O:1][H:8])[H:9])[H:10],,
7,0.3997375544352783,RESP2,PW6B95/cc-pV(D+d)Z,1.0,0.30000000000000004,H,hf,8,[H:11][c:5]1[c:4]([c:3]([c:2]([c:7]([c:6]1[H:12])[H:13])[O:1][H:8])[H:9])[H:10],,
8,0.15667152161782769,RESP2,PW6B95/cc-pV(D+d)Z,1.0,0.30000000000000004,H,hf,9,[H:11][c:5]1[c:4]([c:3]([c:2]([c:7]([c:6]1[H:12])[H:13])[O:1][H:8])[H:9])[H:10],,
9,0.11606467783629662,RESP2,PW6B95/cc-pV(D+d)Z,1.0,0.30000000000000004,H,hf,10,[H:11][c:5]1[c:4]([c:3]([c:2]([c:7]([c:6]1[H:12])[H:13])[O:1][H:8])[H:9])[H:10],,
10,0.12576696296093373,RESP2,PW6B95/cc-pV(D+d)Z,1.0,0.30000000000000004,H,hf,11,[H:11][c:5]1[c:4]([c:3]([c:2]([c:7]([c:6]1[H:12])[H:13])[O:1][H:8])[H:9])[H:10],,
11,0.11414828443678057,RESP2,PW6B95/cc-pV(D+d)Z,1.0,0.30000000000000004,H,hf,12,[H:11][c:5]1[c:4]([c:3]([c:2]([c:7]([c:6]1[H:12])[H:13])[O:1][H:8])[H:9])[H:10],,
12,0.14025420715950582,RESP2,PW6B95/cc-pV(D+d)Z,1.0,0.30000000000000004,H,hf,13,[H:11][c:5]1[c:4]([c:3]([c:2]([c:7]([c:6]1[H:12])[H:13])[O:1][H:8])[H:9])[H:10],,
0,-0.5278595994944775,RESP2,PW6B95/cc-pV(D+d)Z,1.0,0.35000000000000003,O,hf,1,[H:11][c:5]1[c:4]([c:3]([c:2]([c:7]([c:6]1[H:12])[H:13])[O:1][H:8])[H:9])[H:10],,
1,0.3680685622185587,RESP2,PW6B95/cc-pV(D+d)Z,1.0,0.35000000000000003,C,hf,2,[H:11][c:5]1[c:4]([c:3]([c:2]([c:7]([c:6]1[H:12])[H:13])[O:1][H:8])[H:9])[H:10],,
2,-0.25475761147105025,RESP2,PW6B95/cc-pV(D+d)Z,1.0,0.35000000000000003,C,hf,3,[H:11][c:5]1[c:4]([c:3]([c:2]([c:7]([c:6]1[H:12])[H:13])[O:1][H:8])[H:9])[H:10],,
3,-0.07177982532955805,RESP2,PW6B95/cc-pV(D+d)Z,1.0,0.35000000000000003,C,hf,4,[H:11][c:5]1[c:4]([c:3]([c:2]([c:7]([c:6]1[H:12])[H:13])[O:1][H:8])[H:9])[H:10],,
4,-0.19992047993536982,RESP2,PW6B95/cc-pV(D+d)Z,1.0,0.35000000000000003,C,hf,5,[H:11][c:5]1[c:4]([c:3]([c:2]([c:7]([c:6]1[H:12])[H:13])[O:1][H:8])[H:9])[H:10],,
5,-0.04189695154990663,RESP2,PW6B95/cc-pV(D+d)Z,1.0,0.35000000000000003,C,hf,6,[H:11][c:5]1[c:4]([c:3]([c:2]([c:7]([c:6]1[H:12])[H:13])[O:1][H:8])[H:9])[H:10],,
6,-0.3267279632762583,RESP2,PW6B95/cc-pV(D+d)Z,1.0,0.35000000000000003,C,hf,7,[H:11][c:5]1[c:4]([c:3]([c:2]([c:7]([c:6]1[H:12])[H:13])[O:1][H:8])[H:9])[H:10],,
7,0.4006966503116918,RESP2,PW6B95/cc-pV(D+d)Z,1.0,0.35000000000000003,H,hf,8,[H:11][c:5]1[c:4]([c:3]([c:2]([c:7]([c:6]1[H:12])[H:13])[O:1][H:8])[H:9])[H:10],,
8,0.1569436707966158,RESP2,PW6B95/cc-pV(D+d)Z,1.0,0.35000000000000003,H,hf,9,[H:11][c:5]1[c:4]([c:3]([c:2]([c:7]([c:6]1[H:12])[H:13])[O:1][H:8])[H:9])[H:10],,
9,0.11637376079636957,RESP2,PW6B95/cc-pV(D+d)Z,1.0,0.35000000000000003,H,hf,10,[H:11][c:5]1[c:4]([c:3]([c:2]([c:7]([c:6]1[H:12])[H:13])[O:1][H:8])[H:9])[H:10],,
10,0.12599658470488087,RESP2,PW6B95/cc-pV(D+d)Z,1.0,0.35000000000000003,H,hf,11,[H:11][c:5]1[c:4]([c:3]([c:2]([c:7]([c:6]1[H:12])[H:13])[O:1][H:8])[H:9])[H:10],,
11,0.11432989490850093,RESP2,PW6B95/cc-pV(D+d)Z,1.0,0.35000000000000003,H,hf,12,[H:11][c:5]1[c:4]([c:3]([c:2]([c:7]([c:6]1[H:12])[H:13])[O:1][H:8])[H:9])[H:10],,
12,0.1405333073200026,RESP2,PW6B95/cc-pV(D+d)Z,1.0,0.35000000000000003,H,hf,13,[H:11][c:5]1[c:4]([c:3]([c:2]([c:7]([c:6]1[H:12])[H:13])[O:1][H:8])[H:9])[H:10],,
0,-0.5289055825510752,RESP2,PW6B95/cc-pV(D+d)Z,1.0,0.4,O,hf,1,[H:11][c:5]1[c:4]([c:3]([c:2]([c:7]([c:6]1[H:12])[H:13])[O:1][H:8])[H:9])[H:10],,
1,0.36813948906319244,RESP2,PW6B95/cc-pV(D+d)Z,1.0,0.4,C,hf,2,[H:11][c:5]1[c:4]([c:3]([c:2]([c:7]([c:6]1[H:12])[H:13])[O:1][H:8])[H:9])[H:10],,
2,-0.2556835780263695,RESP2,PW6B95/cc-pV(D+d)Z,1.0,0.4,C,hf,3,[H:11][c:5]1[c:4]([c:3]([c:2]([c:7]([c:6]1[H:12])[H:13])[O:1][H:8])[H:9])[H:10],,
3,-0.07184540821127741,RESP2,PW6B95/cc-pV(D+d)Z,1.0,0.4,C,hf,4,[H:11][c:5]1[c:4]([c:3]([c:2]([c:7]([c:6]1[H:12])[H:13])[O:1][H:8])[H:9])[H:10],,
4,-0.2001905043249985,RESP2,PW6B95/cc-pV(D+d)Z,1.0,0.4,C,hf,5,[H:11][c:5]1[c:4]([c:3]([c:2]([c:7]([c:6]1[H:12])[H:13])[O:1][H:8])[H:9])[H:10],,
5,-0.04190968471617439,RESP2,PW6B95/cc-pV(D+d)Z,1.0,0.4,C,hf,6,[H:11][c:5]1[c:4]([c:3]([c:2]([c:7]([c:6]1[H:12])[H:13])[O:1][H:8])[H:9])[H:10],,
6,-0.326709260462798,RESP2,PW6B95/cc-pV(D+d)Z,1.0,0.4,C,hf,7,[H:11][c:5]1[c:4]([c:3]([c:2]([c:7]([c:6]1[H:12])[H:13])[O:1][H:8])[H:9])[H:10],,
7,0.40165574618810546,RESP2,PW6B95/cc-pV(D+d)Z,1.0,0.4,H,hf,8,[H:11][c:5]1[c:4]([c:3]([c:2]([c:7]([c:6]1[H:12])[H:13])[O:1][H:8])[H:9])[H:10],,
8,0.15721581997540393,RESP2,PW6B95/cc-pV(D+d)Z,1.0,0.4,H,hf,9,[H:11][c:5]1[c:4]([c:3]([c:2]([c:7]([c:6]1[H:12])[H:13])[O:1][H:8])[H:9])[H:10],,
9,0.11668284375644256,RESP2,PW6B95/cc-pV(D+d)Z,1.0,0.4,H,hf,10,[H:11][c:5]1[c:4]([c:3]([c:2]([c:7]([c:6]1[H:12])[H:13])[O:1][H:8])[H:9])[H:10],,
10,0.12622620644882798,RESP2,PW6B95/cc-pV(D+d)Z,1.0,0.4,H,hf,11,[H:11][c:5]1[c:4]([c:3]([c:2]([c:7]([c:6]1[H:12])[H:13])[O:1][H:8])[H:9])[H:10],,
11,0.11451150538022131,RESP2,PW6B95/cc-pV(D+d)Z,1.0,0.4,H,hf,12,[H:11][c:5]1[c:4]([c:3]([c:2]([c:7]([c:6]1[H:12])[H:13])[O:1][H:8])[H:9])[H:10],,
12,0.14081240748049942,RESP2,PW6B95/cc-pV(D+d)Z,1.0,0.4,H,hf,13,[H:11][c:5]1[c:4]([c:3]([c:2]([c:7]([c:6]1[H:12])[H:13])[O:1][H:8])[H:9])[H:10],,
0,-0.5299515656076729,RESP2,PW6B95/cc-pV(D+d)Z,1.0,0.45,O,hf,1,[H:11][c:5]1[c:4]([c:3]([c:2]([c:7]([c:6]1[H:12])[H:13])[O:1][H:8])[H:9])[H:10],,
1,0.36821041590782594,RESP2,PW6B95/cc-pV(D+d)Z,1.0,0.45,C,hf,2,[H:11][c:5]1[c:4]([c:3]([c:2]([c:7]([c:6]1[H:12])[H:13])[O:1][H:8])[H:9])[H:10],,
2,-0.2566095445816888,RESP2,PW6B95/cc-pV(D+d)Z,1.0,0.45,C,hf,3,[H:11][c:5]1[c:4]([c:3]([c:2]([c:7]([c:6]1[H:12])[H:13])[O:1][H:8])[H:9])[H:10],,
3,-0.0719109910929968,RESP2,PW6B95/cc-pV(D+d)Z,1.0,0.45,C,hf,4,[H:11][c:5]1[c:4]([c:3]([c:2]([c:7]([c:6]1[H:12])[H:13])[O:1][H:8])[H:9])[H:10],,
4,-0.20046052871462713,RESP2,PW6B95/cc-pV(D+d)Z,1.0,0.45,C,hf,5,[H:11][c:5]1[c:4]([c:3]([c:2]([c:7]([c:6]1[H:12])[H:13])[O:1][H:8])[H:9])[H:10],,
5,-0.04192241788244217,RESP2,PW6B95/cc-pV(D+d)Z,1.0,0.45,C,hf,6,[H:11][c:5]1[c:4]([c:3]([c:2]([c:7]([c:6]1[H:12])[H:13])[O:1][H:8])[H:9])[H:10],,
6,-0.32669055764933785,RESP2,PW6B95/cc-pV(D+d)Z,1.0,0.45,C,hf,7,[H:11][c:5]1[c:4]([c:3]([c:2]([c:7]([c:6]1[H:12])[H:13])[O:1][H:8])[H:9])[H:10],,
7,0.4026148420645191,RESP2,PW6B95/cc-pV(D+d)Z,1.0,0.45,H,hf,8,[H:11][c:5]1[c:4]([c:3]([c:2]([c:7]([c:6]1[H:12])[H:13])[O:1][H:8])[H:9])[H:10],,
8,0.15748796915419205,RESP2,PW6B95/cc-pV(D+d)Z,1.0,0.45,H,hf,9,[H:11][c:5]1[c:4]([c:3]([c:2]([c:7]([c:6]1[H:12])[H:13])[O:1][H:8])[H:9])[H:10],,
9,0.11699192671651552,RESP2,PW6B95/cc-pV(D+d)Z,1.0,0.45,H,hf,10,[H:11][c:5]1[c:4]([c:3]([c:2]([c:7]([c:6]1[H:12])[H:13])[O:1][H:8])[H:9])[H:10],,
10,0.12645582819277512,RESP2,PW6B95/cc-pV(D+d)Z,1.0,0.45,H,hf,11,[H:11][c:5]1[c:4]([c:3]([c:2]([c:7]([c:6]1[H:12])[H:13])[O:1][H:8])[H:9])[H:10],,
11,0.11469311585194168,RESP2,PW6B95/cc-pV(D+d)Z,1.0,0.45,H,hf,12,[H:11][c:5]1[c:4]([c:3]([c:2]([c:7]([c:6]1[H:12])[H:13])[O:1][H:8])[H:9])[H:10],,
12,0.14109150764099623,RESP2,PW6B95/cc-pV(D+d)Z,1.0,0.45,H,hf,13,[H:11][c:5]1[c:4]([c:3]([c:2]([c:7]([c:6]1[H:12])[H:13])[O:1][H:8])[H:9])[H:10],,
0,-0.5309975486642707,RESP2,PW6B95/cc-pV(D+d)Z,1.0,0.5,O,hf,1,[H:11][c:5]1[c:4]([c:3]([c:2]([c:7]([c:6]1[H:12])[H:13])[O:1][H:8])[H:9])[H:10],,
1,0.3682813427524595,RESP2,PW6B95/cc-pV(D+d)Z,1.0,0.5,C,hf,2,[H:11][c:5]1[c:4]([c:3]([c:2]([c:7]([c:6]1[H:12])[H:13])[O:1][H:8])[H:9])[H:10],,
2,-0.25753551113700807,RESP2,PW6B95/cc-pV(D+d)Z,1.0,0.5,C,hf,3,[H:11][c:5]1[c:4]([c:3]([c:2]([c:7]([c:6]1[H:12])[H:13])[O:1][H:8])[H:9])[H:10],,
3,-0.07197657397471614,RESP2,PW6B95/cc-pV(D+d)Z,1.0,0.5,C,hf,4,[H:11][c:5]1[c:4]([c:3]([c:2]([c:7]([c:6]1[H:12])[H:13])[O:1][H:8])[H:9])[H:10],,
4,-0.2007305531042558,RESP2,PW6B95/cc-pV(D+d)Z,1.0,0.5,C,hf,5,[H:11][c:5]1[c:4]([c:3]([c:2]([c:7]([c:6]1[H:12])[H:13])[O:1][H:8])[H:9])[H:10],,
5,-0.04193515104870995,RESP2,PW6B95/cc-pV(D+d)Z,1.0,0.5,C,hf,6,[H:11][c:5]1[c:4]([c:3]([c:2]([c:7]([c:6]1[H:12])[H:13])[O:1][H:8])[H:9])[H:10],,
6,-0.3266718548358776,RESP2,PW6B95/cc-pV(D+d)Z,1.0,0.5,C,hf,7,[H:11][c:5]1[c:4]([c:3]([c:2]([c:7]([c:6]1[H:12])[H:13])[O:1][H:8])[H:9])[H:10],,
7,0.40357393794093266,RESP2,PW6B95/cc-pV(D+d)Z,1.0,0.5,H,hf,8,[H:11][c:5]1[c:4]([c:3]([c:2]([c:7]([c:6]1[H:12])[H:13])[O:1][H:8])[H:9])[H:10],,
8,0.15776011833298015,RESP2,PW6B95/cc-pV(D+d)Z,1.0,0.5,H,hf,9,[H:11][c:5]1[c:4]([c:3]([c:2]([c:7]([c:6]1[H:12])[H:13])[O:1][H:8])[H:9])[H:10],,
9,0.11730100967658848,RESP2,PW6B95/cc-pV(D+d)Z,1.0,0.5,H,hf,10,[H:11][c:5]1[c:4]([c:3]([c:2]([c:7]([c:6]1[H:12])[H:13])[O:1][H:8])[H:9])[H:10],,
10,0.1266854499367222,RESP2,PW6B95/cc-pV(D+d)Z,1.0,0.5,H,hf,11,[H:11][c:5]1[c:4]([c:3]([c:2]([c:7]([c:6]1[H:12])[H:13])[O:1][H:8])[H:9])[H:10],,
11,0.11487472632366204,RESP2,PW6B95/cc-pV(D+d)Z,1.0,0.5,H,hf,12,[H:11][c:5]1[c:4]([c:3]([c:2]([c:7]([c:6]1[H:12])[H:13])[O:1][H:8])[H:9])[H:10],,
12,0.14137060780149302,RESP2,PW6B95/cc-pV(D+d)Z,1.0,0.5,H,hf,13,[H:11][c:5]1[c:4]([c:3]([c:2]([c:7]([c:6]1[H:12])[H:13])[O:1][H:8])[H:9])[H:10],,
0,-0.5320435317208683,RESP2,PW6B95/cc-pV(D+d)Z,1.0,0.55,O,hf,1,[H:11][c:5]1[c:4]([c:3]([c:2]([c:7]([c:6]1[H:12])[H:13])[O:1][H:8])[H:9])[H:10],,
1,0.3683522695970931,RESP2,PW6B95/cc-pV(D+d)Z,1.0,0.55,C,hf,2,[H:11][c:5]1[c:4]([c:3]([c:2]([c:7]([c:6]1[H:12])[H:13])[O:1][H:8])[H:9])[H:10],,
2,-0.25846147769232736,RESP2,PW6B95/cc-pV(D+d)Z,1.0,0.55,C,hf,3,[H:11][c:5]1[c:4]([c:3]([c:2]([c:7]([c:6]1[H:12])[H:13])[O:1][H:8])[H:9])[H:10],,
3,-0.07204215685643552,RESP2,PW6B95/cc-pV(D+d)Z,1.0,0.55,C,hf,4,[H:11][c:5]1[c:4]([c:3]([c:2]([c:7]([c:6]1[H:12])[H:13])[O:1][H:8])[H:9])[H:10],,
4,-0.20100057749388445,RESP2,PW6B95/cc-pV(D+d)Z,1.0,0.55,C,hf,5,[H:11][c:5]1[c:4]([c:3]([c:2]([c:7]([c:6]1[H:12])[H:13])[O:1][H:8])[H:9])[H:10],,
5,-0.04194788421497773,RESP2,PW6B95/cc-pV(D+d)Z,1.0,0.55,C,hf,6,[H:11][c:5]1[c:4]([c:3]([c:2]([c:7]([c:6]1[H:12])[H:13])[O:1][H:8])[H:9])[H:10],,
6,-0.32665315202241735,RESP2,PW6B95/cc-pV(D+d)Z,1.0,0.55,C,hf,7,[H:11][c:5]1[c:4]([c:3]([c:2]([c:7]([c:6]1[H:12])[H:13])[O:1][H:8])[H:9])[H:10],,
7,0.40453303381734623,RESP2,PW6B95/cc-pV(D+d)Z,1.0,0.55,H,hf,8,[H:11][c:5]1[c:4]([c:3]([c:2]([c:7]([c:6]1[H:12])[H:13])[O:1][H:8])[H:9])[H:10],,
8,0.15803226751176824,RESP2,PW6B95/cc-pV(D+d)Z,1.0,0.55,H,hf,9,[H:11][c:5]1[c:4]([c:3]([c:2]([c:7]([c:6]1[H:12])[H:13])[O:1][H:8])[H:9])[H:10],,
9,0.11761009263666145,RESP2,PW6B95/cc-pV(D+d)Z,1.0,0.55,H,hf,10,[H:11][c:5]1[c:4]([c:3]([c:2]([c:7]([c:6]1[H:12])[H:13])[O:1][H:8])[H:9])[H:10],,
10,0.12691507168066932,RESP2,PW6B95/cc-pV(D+d)Z,1.0,0.55,H,hf,11,[H:11][c:5]1[c:4]([c:3]([c:2]([c:7]([c:6]1[H:12])[H:13])[O:1][H:8])[H:9])[H:10],,
11,0.11505633679538241,RESP2,PW6B95/cc-pV(D+d)Z,1.0,0.55,H,hf,12,[H:11][c:5]1[c:4]([c:3]([c:2]([c:7]([c:6]1[H:12])[H:13])[O:1][H:8])[H:9])[H:10],,
12,0.1416497079619898,RESP2,PW6B95/cc-pV(D+d)Z,1.0,0.55,H,hf,13,[H:11][c:5]1[c:4]([c:3]([c:2]([c:7]([c:6]1[H:12])[H:13])[O:1][H:8])[H:9])[H:10],,
0,-0.5330895147774661,RESP2,PW6B95/cc-pV(D+d)Z,1.0,0.6000000000000001,O,hf,1,[H:11][c:5]1[c:4]([c:3]([c:2]([c:7]([c:6]1[H:12])[H:13])[O:1][H:8])[H:9])[H:10],,
1,0.3684231964417267,RESP2,PW6B95/cc-pV(D+d)Z,1.0,0.6000000000000001,C,hf,2,[H:11][c:5]1[c:4]([c:3]([c:2]([c:7]([c:6]1[H:12])[H:13])[O:1][H:8])[H:9])[H:10],,
2,-0.2593874442476466,RESP2,PW6B95/cc-pV(D+d)Z,1.0,0.6000000000000001,C,hf,3,[H:11][c:5]1[c:4]([c:3]([c:2]([c:7]([c:6]1[H:12])[H:13])[O:1][H:8])[H:9])[H:10],,
3,-0.07210773973815487,RESP2,PW6B95/cc-pV(D+d)Z,1.0,0.6000000000000001,C,hf,4,[H:11][c:5]1[c:4]([c:3]([c:2]([c:7]([c:6]1[H:12])[H:13])[O:1][H:8])[H:9])[H:10],,
4,-0.2012706018835131,RESP2,PW6B95/cc-pV(D+d)Z,1.0,0.6000000000000001,C,hf,5,[H:11][c:5]1[c:4]([c:3]([c:2]([c:7]([c:6]1[H:12])[H:13])[O:1][H:8])[H:9])[H:10],,
5,-0.04196061738124549,RESP2,PW6B95/cc-pV(D+d)Z,1.0,0.6000000000000001,C,hf,6,[H:11][c:5]1[c:4]([c:3]([c:2]([c:7]([c:6]1[H:12])[H:13])[O:1][H:8])[H:9])[H:10],,
6,-0.3266344492089571,RESP2,PW6B95/cc-pV(D+d)Z,1.0,0.6000000000000001,C,hf,7,[H:11][c:5]1[c:4]([c:3]([c:2]([c:7]([c:6]1[H:12])[H:13])[O:1][H:8])[H:9])[H:10],,
7,0.4054921296937598,RESP2,PW6B95/cc-pV(D+d)Z,1.0,0.6000000000000001,H,hf,8,[H:11][c:5]1[c:4]([c:3]([c:2]([c:7]([c:6]1[H:12])[H:13])[O:1][H:8])[H:9])[H:10],,
8,0.15830441669055637,RESP2,PW6B95/cc-pV(D+d)Z,1.0,0.6000000000000001,H,hf,9,[H:11][c:5]1[c:4]([c:3]([c:2]([c:7]([c:6]1[H:12])[H:13])[O:1][H:8])[H:9])[H:10],,
9,0.1179191755967344,RESP2,PW6B95/cc-pV(D+d)Z,1.0,0.6000000000000001,H,hf,10,[H:11][c:5]1[c:4]([c:3]([c:2]([c:7]([c:6]1[H:12])[H:13])[O:1][H:8])[H:9])[H:10],,
10,0.12714469342461646,RESP2,PW6B95/cc-pV(D+d)Z,1.0,0.6000000000000001,H,hf,11,[H:11][c:5]1[c:4]([c:3]([c:2]([c:7]([c:6]1[H:12])[H:13])[O:1][H:8])[H:9])[H:10],,
11,0.11523794726710276,RESP2,PW6B95/cc-pV(D+d)Z,1.0,0.6000000000000001,H,hf,12,[H:11][c:5]1[c:4]([c:3]([c:2]([c:7]([c:6]1[H:12])[H:13])[O:1][H:8])[H:9])[H:10],,
12,0.14192880812248662,RESP2,PW6B95/cc-pV(D+d)Z,1.0,0.6000000000000001,H,hf,13,[H:11][c:5]1[c:4]([c:3]([c:2]([c:7]([c:6]1[H:12])[H:13])[O:1][H:8])[H:9])[H:10],,
0,-0.5341354978340638,RESP2,PW6B95/cc-pV(D+d)Z,1.0,0.65,O,hf,1,[H:11][c:5]1[c:4]([c:3]([c:2]([c:7]([c:6]1[H:12])[H:13])[O:1][H:8])[H:9])[H:10],,
1,0.3684941232863603,RESP2,PW6B95/cc-pV(D+d)Z,1.0,0.65,C,hf,2,[H:11][c:5]1[c:4]([c:3]([c:2]([c:7]([c:6]1[H:12])[H:13])[O:1][H:8])[H:9])[H:10],,
2,-0.26031341080296583,RESP2,PW6B95/cc-pV(D+d)Z,1.0,0.65,C,hf,3,[H:11][c:5]1[c:4]([c:3]([c:2]([c:7]([c:6]1[H:12])[H:13])[O:1][H:8])[H:9])[H:10],,
3,-0.07217332261987422,RESP2,PW6B95/cc-pV(D+d)Z,1.0,0.65,C,hf,4,[H:11][c:5]1[c:4]([c:3]([c:2]([c:7]([c:6]1[H:12])[H:13])[O:1][H:8])[H:9])[H:10],,
4,-0.2015406262731417,RESP2,PW6B95/cc-pV(D+d)Z,1.0,0.65,C,hf,5,[H:11][c:5]1[c:4]([c:3]([c:2]([c:7]([c:6]1[H:12])[H:13])[O:1][H:8])[H:9])[H:10],,
5,-0.041973350547513257,RESP2,PW6B95/cc-pV(D+d)Z,1.0,0.65,C,hf,6,[H:11][c:5]1[c:4]([c:3]([c:2]([c:7]([c:6]1[H:12])[H:13])[O:1][H:8])[H:9])[H:10],,
6,-0.3266157463954969,RESP2,PW6B95/cc-pV(D+d)Z,1.0,0.65,C,hf,7,[H:11][c:5]1[c:4]([c:3]([c:2]([c:7]([c:6]1[H:12])[H:13])[O:1][H:8])[H:9])[H:10],,
7,0.40645122557017344,RESP2,PW6B95/cc-pV(D+d)Z,1.0,0.65,H,hf,8,[H:11][c:5]1[c:4]([c:3]([c:2]([c:7]([c:6]1[H:12])[H:13])[O:1][H:8])[H:9])[H:10],,
8,0.15857656586934452,RESP2,PW6B95/cc-pV(D+d)Z,1.0,0.65,H,hf,9,[H:11][c:5]1[c:4]([c:3]([c:2]([c:7]([c:6]1[H:12])[H:13])[O:1][H:8])[H:9])[H:10],,
9,0.1182282585568074,RESP2,PW6B95/cc-pV(D+d)Z,1.0,0.65,H,hf,10,[H:11][c:5]1[c:4]([c:3]([c:2]([c:7]([c:6]1[H:12])[H:13])[O:1][H:8])[H:9])[H:10],,
10,0.1273743151685636,RESP2,PW6B95/cc-pV(D+d)Z,1.0,0.65,H,hf,11,[H:11][c:5]1[c:4]([c:3]([c:2]([c:7]([c:6]1[H:12])[H:13])[O:1][H:8])[H:9])[H:10],,
11,0.11541955773882316,RESP2,PW6B95/cc-pV(D+d)Z,1.0,0.65,H,hf,12,[H:11][c:5]1[c:4]([c:3]([c:2]([c:7]([c:6]1[H:12])[H:13])[O:1][H:8])[H:9])[H:10],,
12,0.14220790828298344,RESP2,PW6B95/cc-pV(D+d)Z,1.0,0.65,H,hf,13,[H:11][c:5]1[c:4]([c:3]([c:2]([c:7]([c:6]1[H:12])[H:13])[O:1][H:8])[H:9])[H:10],,
0,-0.5351814808906616,RESP2,PW6B95/cc-pV(D+d)Z,1.0,0.7000000000000001,O,hf,1,[H:11][c:5]1[c:4]([c:3]([c:2]([c:7]([c:6]1[H:12])[H:13])[O:1][H:8])[H:9])[H:10],,
1,0.3685650501309939,RESP2,PW6B95/cc-pV(D+d)Z,1.0,0.7000000000000001,C,hf,2,[H:11][c:5]1[c:4]([c:3]([c:2]([c:7]([c:6]1[H:12])[H:13])[O:1][H:8])[H:9])[H:10],,
2,-0.2612393773582851,RESP2,PW6B95/cc-pV(D+d)Z,1.0,0.7000000000000001,C,hf,3,[H:11][c:5]1[c:4]([c:3]([c:2]([c:7]([c:6]1[H:12])[H:13])[O:1][H:8])[H:9])[H:10],,
3,-0.07223890550159358,RESP2,PW6B95/cc-pV(D+d)Z,1.0,0.7000000000000001,C,hf,4,[H:11][c:5]1[c:4]([c:3]([c:2]([c:7]([c:6]1[H:12])[H:13])[O:1][H:8])[H:9])[H:10],,
4,-0.20181065066277035,RESP2,PW6B95/cc-pV(D+d)Z,1.0,0.7000000000000001,C,hf,5,[H:11][c:5]1[c:4]([c:3]([c:2]([c:7]([c:6]1[H:12])[H:13])[O:1][H:8])[H:9])[H:10],,
5,-0.04198608371378103,RESP2,PW6B95/cc-pV(D+d)Z,1.0,0.7000000000000001,C,hf,6,[H:11][c:5]1[c:4]([c:3]([c:2]([c:7]([c:6]1[H:12])[H:13])[O:1][H:8])[H:9])[H:10],,
6,-0.3265970435820367,RESP2,PW6B95/cc-pV(D+d)Z,1.0,0.7000000000000001,C,hf,7,[H:11][c:5]1[c:4]([c:3]([c:2]([c:7]([c:6]1[H:12])[H:13])[O:1][H:8])[H:9])[H:10],,
7,0.40741032144658706,RESP2,PW6B95/cc-pV(D+d)Z,1.0,0.7000000000000001,H,hf,8,[H:11][c:5]1[c:4]([c:3]([c:2]([c:7]([c:6]1[H:12])[H:13])[O:1][H:8])[H:9])[H:10],,
8,0.15884871504813264,RESP2,PW6B95/cc-pV(D+d)Z,1.0,0.7000000000000001,H,hf,9,[H:11][c:5]1[c:4]([c:3]([c:2]([c:7]([c:6]1[H:12])[H:13])[O:1][H:8])[H:9])[H:10],,
9,0.11853734151688035,RESP2,PW6B95/cc-pV(D+d)Z,1.0,0.7000000000000001,H,hf,10,[H:11][c:5]1[c:4]([c:3]([c:2]([c:7]([c:6]1[H:12])[H:13])[O:1][H:8])[H:9])[H:10],,
10,0.12760393691251073,RESP2,PW6B95/cc-pV(D+d)Z,1.0,0.7000000000000001,H,hf,11,[H:11][c:5]1[c:4]([c:3]([c:2]([c:7]([c:6]1[H:12])[H:13])[O:1][H:8])[H:9])[H:10],,
11,0.11560116821054353,RESP2,PW6B95/cc-pV(D+d)Z,1.0,0.7000000000000001,H,hf,12,[H:11][c:5]1[c:4]([c:3]([c:2]([c:7]([c:6]1[H:12])[H:13])[O:1][H:8])[H:9])[H:10],,
12,0.14248700844348025,RESP2,PW6B95/cc-pV(D+d)Z,1.0,0.7000000000000001,H,hf,13,[H:11][c:5]1[c:4]([c:3]([c:2]([c:7]([c:6]1[H:12])[H:13])[O:1][H:8])[H:9])[H:10],,
0,-0.5362274639472594,RESP2,PW6B95/cc-pV(D+d)Z,1.0,0.75,O,hf,1,[H:11][c:5]1[c:4]([c:3]([c:2]([c:7]([c:6]1[H:12])[H:13])[O:1][H:8])[H:9])[H:10],,
1,0.36863597697562744,RESP2,PW6B95/cc-pV(D+d)Z,1.0,0.75,C,hf,2,[H:11][c:5]1[c:4]([c:3]([c:2]([c:7]([c:6]1[H:12])[H:13])[O:1][H:8])[H:9])[H:10],,
2,-0.26216534391360435,RESP2,PW6B95/cc-pV(D+d)Z,1.0,0.75,C,hf,3,[H:11][c:5]1[c:4]([c:3]([c:2]([c:7]([c:6]1[H:12])[H:13])[O:1][H:8])[H:9])[H:10],,
3,-0.07230448838331295,RESP2,PW6B95/cc-pV(D+d)Z,1.0,0.75,C,hf,4,[H:11][c:5]1[c:4]([c:3]([c:2]([c:7]([c:6]1[H:12])[H:13])[O:1][H:8])[H:9])[H:10],,
4,-0.202080675052399,RESP2,PW6B95/cc-pV(D+d)Z,1.0,0.75,C,hf,5,[H:11][c:5]1[c:4]([c:3]([c:2]([c:7]([c:6]1[H:12])[H:13])[O:1][H:8])[H:9])[H:10],,
5,-0.04199881688004881,RESP2,PW6B95/cc-pV(D+d)Z,1.0,0.75,C,hf,6,[H:11][c:5]1[c:4]([c:3]([c:2]([c:7]([c:6]1[H:12])[H:13])[O:1][H:8])[H:9])[H:10],,
6,-0.32657834076857645,RESP2,PW6B95/cc-pV(D+d)Z,1.0,0.75,C,hf,7,[H:11][c:5]1[c:4]([c:3]([c:2]([c:7]([c:6]1[H:12])[H:13])[O:1][H:8])[H:9])[H:10],,
7,0.4083694173230006,RESP2,PW6B95/cc-pV(D+d)Z,1.0,0.75,H,hf,8,[H:11][c:5]1[c:4]([c:3]([c:2]([c:7]([c:6]1[H:12])[H:13])[O:1][H:8])[H:9])[H:10],,
8,0.15912086422692073,RESP2,PW6B95/cc-pV(D+d)Z,1.0,0.75,H,hf,9,[H:11][c:5]1[c:4]([c:3]([c:2]([c:7]([c:6]1[H:12])[H:13])[O:1][H:8])[H:9])[H:10],,
9,0.1188464244769533,RESP2,PW6B95/cc-pV(D+d)Z,1.0,0.75,H,hf,10,[H:11][c:5]1[c:4]([c:3]([c:2]([c:7]([c:6]1[H:12])[H:13])[O:1][H:8])[H:9])[H:10],,
10,0.12783355865645782,RESP2,PW6B95/cc-pV(D+d)Z,1.0,0.75,H,hf,11,[H:11][c:5]1[c:4]([c:3]([c:2]([c:7]([c:6]1[H:12])[H:13])[O:1][H:8])[H:9])[H:10],,
11,0.11578277868226389,RESP2,PW6B95/cc-pV(D+d)Z,1.0,0.75,H,hf,12,[H:11][c:5]1[c:4]([c:3]([c:2]([c:7]([c:6]1[H:12])[H:13])[O:1][H:8])[H:9])[H:10],,
12,0.14276610860397704,RESP2,PW6B95/cc-pV(D+d)Z,1.0,0.75,H,hf,13,[H:11][c:5]1[c:4]([c:3]([c:2]([c:7]([c:6]1[H:12])[H:13])[O:1][H:8])[H:9])[H:10],,
0,-0.537273447003857,RESP2,PW6B95/cc-pV(D+d)Z,1.0,0.8,O,hf,1,[H:11][c:5]1[c:4]([c:3]([c:2]([c:7]([c:6]1[H:12])[H:13])[O:1][H:8])[H:9])[H:10],,
1,0.36870690382026106,RESP2,PW6B95/cc-pV(D+d)Z,1.0,0.8,C,hf,2,[H:11][c:5]1[c:4]([c:3]([c:2]([c:7]([c:6]1[H:12])[H:13])[O:1][H:8])[H:9])[H:10],,
2,-0.26309131046892364,RESP2,PW6B95/cc-pV(D+d)Z,1.0,0.8,C,hf,3,[H:11][c:5]1[c:4]([c:3]([c:2]([c:7]([c:6]1[H:12])[H:13])[O:1][H:8])[H:9])[H:10],,
3,-0.07237007126503231,RESP2,PW6B95/cc-pV(D+d)Z,1.0,0.8,C,hf,4,[H:11][c:5]1[c:4]([c:3]([c:2]([c:7]([c:6]1[H:12])[H:13])[O:1][H:8])[H:9])[H:10],,
4,-0.20235069944202766,RESP2,PW6B95/cc-pV(D+d)Z,1.0,0.8,C,hf,5,[H:11][c:5]1[c:4]([c:3]([c:2]([c:7]([c:6]1[H:12])[H:13])[O:1][H:8])[H:9])[H:10],,
5,-0.04201155004631659,RESP2,PW6B95/cc-pV(D+d)Z,1.0,0.8,C,hf,6,[H:11][c:5]1[c:4]([c:3]([c:2]([c:7]([c:6]1[H:12])[H:13])[O:1][H:8])[H:9])[H:10],,
6,-0.3265596379551162,RESP2,PW6B95/cc-pV(D+d)Z,1.0,0.8,C,hf,7,[H:11][c:5]1[c:4]([c:3]([c:2]([c:7]([c:6]1[H:12])[H:13])[O:1][H:8])[H:9])[H:10],,
7,0.4093285131994142,RESP2,PW6B95/cc-pV(D+d)Z,1.0,0.8,H,hf,8,[H:11][c:5]1[c:4]([c:3]([c:2]([c:7]([c:6]1[H:12])[H:13])[O:1][H:8])[H:9])[H:10],,
8,0.15939301340570883,RESP2,PW6B95/cc-pV(D+d)Z,1.0,0.8,H,hf,9,[H:11][c:5]1[c:4]([c:3]([c:2]([c:7]([c:6]1[H:12])[H:13])[O:1][H:8])[H:9])[H:10],,
9,0.11915550743702628,RESP2,PW6B95/cc-pV(D+d)Z,1.0,0.8,H,hf,10,[H:11][c:5]1[c:4]([c:3]([c:2]([c:7]([c:6]1[H:12])[H:13])[O:1][H:8])[H:9])[H:10],,
10,0.12806318040040493,RESP2,PW6B95/cc-pV(D+d)Z,1.0,0.8,H,hf,11,[H:11][c:5]1[c:4]([c:3]([c:2]([c:7]([c:6]1[H:12])[H:13])[O:1][H:8])[H:9])[H:10],,
11,0.11596438915398427,RESP2,PW6B95/cc-pV(D+d)Z,1.0,0.8,H,hf,12,[H:11][c:5]1[c:4]([c:3]([c:2]([c:7]([c:6]1[H:12])[H:13])[O:1][H:8])[H:9])[H:10],,
12,0.14304520876447385,RESP2,PW6B95/cc-pV(D+d)Z,1.0,0.8,H,hf,13,[H:11][c:5]1[c:4]([c:3]([c:2]([c:7]([c:6]1[H:12])[H:13])[O:1][H:8])[H:9])[H:10],,
0,-0.5383194300604548,RESP2,PW6B95/cc-pV(D+d)Z,1.0,0.8500000000000001,O,hf,1,[H:11][c:5]1[c:4]([c:3]([c:2]([c:7]([c:6]1[H:12])[H:13])[O:1][H:8])[H:9])[H:10],,
1,0.36877783066489467,RESP2,PW6B95/cc-pV(D+d)Z,1.0,0.8500000000000001,C,hf,2,[H:11][c:5]1[c:4]([c:3]([c:2]([c:7]([c:6]1[H:12])[H:13])[O:1][H:8])[H:9])[H:10],,
2,-0.26401727702424294,RESP2,PW6B95/cc-pV(D+d)Z,1.0,0.8500000000000001,C,hf,3,[H:11][c:5]1[c:4]([c:3]([c:2]([c:7]([c:6]1[H:12])[H:13])[O:1][H:8])[H:9])[H:10],,
3,-0.07243565414675168,RESP2,PW6B95/cc-pV(D+d)Z,1.0,0.8500000000000001,C,hf,4,[H:11][c:5]1[c:4]([c:3]([c:2]([c:7]([c:6]1[H:12])[H:13])[O:1][H:8])[H:9])[H:10],,
4,-0.2026207238316563,RESP2,PW6B95/cc-pV(D+d)Z,1.0,0.8500000000000001,C,hf,5,[H:11][c:5]1[c:4]([c:3]([c:2]([c:7]([c:6]1[H:12])[H:13])[O:1][H:8])[H:9])[H:10],,
5,-0.04202428321258436,RESP2,PW6B95/cc-pV(D+d)Z,1.0,0.8500000000000001,C,hf,6,[H:11][c:5]1[c:4]([c:3]([c:2]([c:7]([c:6]1[H:12])[H:13])[O:1][H:8])[H:9])[H:10],,
6,-0.326540935141656,RESP2,PW6B95/cc-pV(D+d)Z,1.0,0.8500000000000001,C,hf,7,[H:11][c:5]1[c:4]([c:3]([c:2]([c:7]([c:6]1[H:12])[H:13])[O:1][H:8])[H:9])[H:10],,
7,0.41028760907582784,RESP2,PW6B95/cc-pV(D+d)Z,1.0,0.8500000000000001,H,hf,8,[H:11][c:5]1[c:4]([c:3]([c:2]([c:7]([c:6]1[H:12])[H:13])[O:1][H:8])[H:9])[H:10],,
8,0.15966516258449695,RESP2,PW6B95/cc-pV(D+d)Z,1.0,0.8500000000000001,H,hf,9,[H:11][c:5]1[c:4]([c:3]([c:2]([c:7]([c:6]1[H:12])[H:13])[O:1][H:8])[H:9])[H:10],,
9,0.11946459039709924,RESP2,PW6B95/cc-pV(D+d)Z,1.0,0.8500000000000001,H,hf,10,[H:11][c:5]1[c:4]([c:3]([c:2]([c:7]([c:6]1[H:12])[H:13])[O:1][H:8])[H:9])[H:10],,
10,0.12829280214435204,RESP2,PW6B95/cc-pV(D+d)Z,1.0,0.8500000000000001,H,hf,11,[H:11][c:5]1[c:4]([c:3]([c:2]([c:7]([c:6]1[H:12])[H:13])[O:1][H:8])[H:9])[H:10],,
11,0.11614599962570461,RESP2,PW6B95/cc-pV(D+d)Z,1.0,0.8500000000000001,H,hf,12,[H:11][c:5]1[c:4]([c:3]([c:2]([c:7]([c:6]1[H:12])[H:13])[O:1][H:8])[H:9])[H:10],,
12,0.1433243089249706,RESP2,PW6B95/cc-pV(D+d)Z,1.0,0.8500000000000001,H,hf,13,[H:11][c:5]1[c:4]([c:3]([c:2]([c:7]([c:6]1[H:12])[H:13])[O:1][H:8])[H:9])[H:10],,
0,-0.5393654131170524,RESP2,PW6B95/cc-pV(D+d)Z,1.0,0.9,O,hf,1,[H:11][c:5]1[c:4]([c:3]([c:2]([c:7]([c:6]1[H:12])[H:13])[O:1][H:8])[H:9])[H:10],,
1,0.3688487575095282,RESP2,PW6B95/cc-pV(D+d)Z,1.0,0.9,C,hf,2,[H:11][c:5]1[c:4]([c:3]([c:2]([c:7]([c:6]1[H:12])[H:13])[O:1][H:8])[H:9])[H:10],,
2,-0.26494324357956217,RESP2,PW6B95/cc-pV(D+d)Z,1.0,0.9,C,hf,3,[H:11][c:5]1[c:4]([c:3]([c:2]([c:7]([c:6]1[H:12])[H:13])[O:1][H:8])[H:9])[H:10],,
3,-0.07250123702847106,RESP2,PW6B95/cc-pV(D+d)Z,1.0,0.9,C,hf,4,[H:11][c:5]1[c:4]([c:3]([c:2]([c:7]([c:6]1[H:12])[H:13])[O:1][H:8])[H:9])[H:10],,
4,-0.20289074822128494,RESP2,PW6B95/cc-pV(D+d)Z,1.0,0.9,C,hf,5,[H:11][c:5]1[c:4]([c:3]([c:2]([c:7]([c:6]1[H:12])[H:13])[O:1][H:8])[H:9])[H:10],,
5,-0.042037016378852134,RESP2,PW6B95/cc-pV(D+d)Z,1.0,0.9,C,hf,6,[H:11][c:5]1[c:4]([c:3]([c:2]([c:7]([c:6]1[H:12])[H:13])[O:1][H:8])[H:9])[H:10],,
6,-0.3265222323281957,RESP2,PW6B95/cc-pV(D+d)Z,1.0,0.9,C,hf,7,[H:11][c:5]1[c:4]([c:3]([c:2]([c:7]([c:6]1[H:12])[H:13])[O:1][H:8])[H:9])[H:10],,
7,0.41124670495224147,RESP2,PW6B95/cc-pV(D+d)Z,1.0,0.9,H,hf,8,[H:11][c:5]1[c:4]([c:3]([c:2]([c:7]([c:6]1[H:12])[H:13])[O:1][H:8])[H:9])[H:10],,
8,0.15993731176328507,RESP2,PW6B95/cc-pV(D+d)Z,1.0,0.9,H,hf,9,[H:11][c:5]1[c:4]([c:3]([c:2]([c:7]([c:6]1[H:12])[H:13])[O:1][H:8])[H:9])[H:10],,
9,0.11977367335717218,RESP2,PW6B95/cc-pV(D+d)Z,1.0,0.9,H,hf,10,[H:11][c:5]1[c:4]([c:3]([c:2]([c:7]([c:6]1[H:12])[H:13])[O:1][H:8])[H:9])[H:10],,
10,0.12852242388829915,RESP2,PW6B95/cc-pV(D+d)Z,1.0,0.9,H,hf,11,[H:11][c:5]1[c:4]([c:3]([c:2]([c:7]([c:6]1[H:12])[H:13])[O:1][H:8])[H:9])[H:10],,
11,0.11632761009742498,RESP2,PW6B95/cc-pV(D+d)Z,1.0,0.9,H,hf,12,[H:11][c:5]1[c:4]([c:3]([c:2]([c:7]([c:6]1[H:12])[H:13])[O:1][H:8])[H:9])[H:10],,
12,0.14360340908546743,RESP2,PW6B95/cc-pV(D+d)Z,1.0,0.9,H,hf,13,[H:11][c:5]1[c:4]([c:3]([c:2]([c:7]([c:6]1[H:12])[H:13])[O:1][H:8])[H:9])[H:10],,
0,-0.5404113961736502,RESP2,PW6B95/cc-pV(D+d)Z,1.0,0.9500000000000001,O,hf,1,[H:11][c:5]1[c:4]([c:3]([c:2]([c:7]([c:6]1[H:12])[H:13])[O:1][H:8])[H:9])[H:10],,
1,0.3689196843541618,RESP2,PW6B95/cc-pV(D+d)Z,1.0,0.9500000000000001,C,hf,2,[H:11][c:5]1[c:4]([c:3]([c:2]([c:7]([c:6]1[H:12])[H:13])[O:1][H:8])[H:9])[H:10],,
2,-0.26586921013488146,RESP2,PW6B95/cc-pV(D+d)Z,1.0,0.9500000000000001,C,hf,3,[H:11][c:5]1[c:4]([c:3]([c:2]([c:7]([c:6]1[H:12])[H:13])[O:1][H:8])[H:9])[H:10],,
3,-0.07256681991019037,RESP2,PW6B95/cc-pV(D+d)Z,1.0,0.9500000000000001,C,hf,4,[H:11][c:5]1[c:4]([c:3]([c:2]([c:7]([c:6]1[H:12])[H:13])[O:1][H:8])[H:9])[H:10],,
4,-0.2031607726109136,RESP2,PW6B95/cc-pV(D+d)Z,1.0,0.9500000000000001,C,hf,5,[H:11][c:5]1[c:4]([c:3]([c:2]([c:7]([c:6]1[H:12])[H:13])[O:1][H:8])[H:9])[H:10],,
5,-0.04204974954511987,RESP2,PW6B95/cc-pV(D+d)Z,1.0,0.9500000000000001,C,hf,6,[H:11][c:5]1[c:4]([c:3]([c:2]([c:7]([c:6]1[H:12])[H:13])[O:1][H:8])[H:9])[H:10],,
6,-0.32650352951473555,RESP2,PW6B95/cc-pV(D+d)Z,1.0,0.9500000000000001,C,hf,7,[H:11][c:5]1[c:4]([c:3]([c:2]([c:7]([c:6]1[H:12])[H:13])[O:1][H:8])[H:9])[H:10],,
7,0.412205800828655,RESP2,PW6B95/cc-pV(D+d)Z,1.0,0.9500000000000001,H,hf,8,[H:11][c:5]1[c:4]([c:3]([c:2]([c:7]([c:6]1[H:12])[H:13])[O:1][H:8])[H:9])[H:10],,
8,0.1602094609420732,RESP2,PW6B95/cc-pV(D+d)Z,1.0,0.9500000000000001,H,hf,9,[H:11][c:5]1[c:4]([c:3]([c:2]([c:7]([c:6]1[H:12])[H:13])[O:1][H:8])[H:9])[H:10],,
9,0.1200827563172452,RESP2,PW6B95/cc-pV(D+d)Z,1.0,0.9500000000000001,H,hf,10,[H:11][c:5]1[c:4]([c:3]([c:2]([c:7]([c:6]1[H:12])[H:13])[O:1][H:8])[H:9])[H:10],,
10,0.12875204563224632,RESP2,PW6B95/cc-pV(D+d)Z,1.0,0.9500000000000001,H,hf,11,[H:11][c:5]1[c:4]([c:3]([c:2]([c:7]([c:6]1[H:12])[H:13])[O:1][H:8])[H:9])[H:10],,
11,0.11650922056914538,RESP2,PW6B95/cc-pV(D+d)Z,1.0,0.9500000000000001,H,hf,12,[H:11][c:5]1[c:4]([c:3]([c:2]([c:7]([c:6]1[H:12])[H:13])[O:1][H:8])[H:9])[H:10],,
12,0.14388250924596427,RESP2,PW6B95/cc-pV(D+d)Z,1.0,0.9500000000000001,H,hf,13,[H:11][c:5]1[c:4]([c:3]([c:2]([c:7]([c:6]1[H:12])[H:13])[O:1][H:8])[H:9])[H:10],,
0,-0.541457379230248,RESP2,PW6B95/cc-pV(D+d)Z,1.0,1.0,O,hf,1,[H:11][c:5]1[c:4]([c:3]([c:2]([c:7]([c:6]1[H:12])[H:13])[O:1][H:8])[H:9])[H:10],,
1,0.3689906111987954,RESP2,PW6B95/cc-pV(D+d)Z,1.0,1.0,C,hf,2,[H:11][c:5]1[c:4]([c:3]([c:2]([c:7]([c:6]1[H:12])[H:13])[O:1][H:8])[H:9])[H:10],,
2,-0.2667951766902007,RESP2,PW6B95/cc-pV(D+d)Z,1.0,1.0,C,hf,3,[H:11][c:5]1[c:4]([c:3]([c:2]([c:7]([c:6]1[H:12])[H:13])[O:1][H:8])[H:9])[H:10],,
3,-0.07263240279190977,RESP2,PW6B95/cc-pV(D+d)Z,1.0,1.0,C,hf,4,[H:11][c:5]1[c:4]([c:3]([c:2]([c:7]([c:6]1[H:12])[H:13])[O:1][H:8])[H:9])[H:10],,
4,-0.20343079700054223,RESP2,PW6B95/cc-pV(D+d)Z,1.0,1.0,C,hf,5,[H:11][c:5]1[c:4]([c:3]([c:2]([c:7]([c:6]1[H:12])[H:13])[O:1][H:8])[H:9])[H:10],,
5,-0.042062482711387676,RESP2,PW6B95/cc-pV(D+d)Z,1.0,1.0,C,hf,6,[H:11][c:5]1[c:4]([c:3]([c:2]([c:7]([c:6]1[H:12])[H:13])[O:1][H:8])[H:9])[H:10],,
6,-0.32648482670127527,RESP2,PW6B95/cc-pV(D+d)Z,1.0,1.0,C,hf,7,[H:11][c:5]1[c:4]([c:3]([c:2]([c:7]([c:6]1[H:12])[H:13])[O:1][H:8])[H:9])[H:10],,
7,0.4131648967050686,RESP2,PW6B95/cc-pV(D+d)Z,1.0,1.0,H,hf,8,[H:11][c:5]1[c:4]([c:3]([c:2]([c:7]([c:6]1[H:12])[H:13])[O:1][H:8])[H:9])[H:10],,
8,0.1604816101208613,RESP2,PW6B95/cc-pV(D+d)Z,1.0,1.0,H,hf,9,[H:11][c:5]1[c:4]([c:3]([c:2]([c:7]([c:6]1[H:12])[H:13])[O:1][H:8])[H:9])[H:10],,
9,0.12039183927731813,RESP2,PW6B95/cc-pV(D+d)Z,1.0,1.0,H,hf,10,[H:11][c:5]1[c:4]([c:3]([c:2]([c:7]([c:6]1[H:12])[H:13])[O:1][H:8])[H:9])[H:10],,
10,0.1289816673761934,RESP2,PW6B95/cc-pV(D+d)Z,1.0,1.0,H,hf,11,[H:11][c:5]1[c:4]([c:3]([c:2]([c:7]([c:6]1[H:12])[H:13])[O:1][H:8])[H:9])[H:10],,
11,0.11669083104086572,RESP2,PW6B95/cc-pV(D+d)Z,1.0,1.0,H,hf,12,[H:11][c:5]1[c:4]([c:3]([c:2]([c:7]([c:6]1[H:12])[H:13])[O:1][H:8])[H:9])[H:10],,
12,0.14416160940646103,RESP2,PW6B95/cc-pV(D+d)Z,1.0,1.0,H,hf,13,[H:11][c:5]1[c:4]([c:3]([c:2]([c:7]([c:6]1[H:12])[H:13])[O:1][H:8])[H:9])[H:10],,
0,-0.5205377180983816,RESP2,PW6B95/cc-pV(D+d)Z,,0.0,O,hf,1,[H:11][c:5]1[c:4]([c:3]([c:2]([c:7]([c:6]1[H:12])[H:13])[O:1][H:8])[H:9])[H:10],,
1,0.3675720743062921,RESP2,PW6B95/cc-pV(D+d)Z,,0.0,C,hf,2,[H:11][c:5]1[c:4]([c:3]([c:2]([c:7]([c:6]1[H:12])[H:13])[O:1][H:8])[H:9])[H:10],,
2,-0.24827584558370996,RESP2,PW6B95/cc-pV(D+d)Z,,0.0,C,hf,3,[H:11][c:5]1[c:4]([c:3]([c:2]([c:7]([c:6]1[H:12])[H:13])[O:1][H:8])[H:9])[H:10],,
3,-0.0713207451577488,RESP2,PW6B95/cc-pV(D+d)Z,,0.0,C,hf,4,[H:11][c:5]1[c:4]([c:3]([c:2]([c:7]([c:6]1[H:12])[H:13])[O:1][H:8])[H:9])[H:10],,
4,-0.19803030920790196,RESP2,PW6B95/cc-pV(D+d)Z,,0.0,C,hf,5,[H:11][c:5]1[c:4]([c:3]([c:2]([c:7]([c:6]1[H:12])[H:13])[O:1][H:8])[H:9])[H:10],,
5,-0.04180781938597258,RESP2,PW6B95/cc-pV(D+d)Z,,0.0,C,hf,6,[H:11][c:5]1[c:4]([c:3]([c:2]([c:7]([c:6]1[H:12])[H:13])[O:1][H:8])[H:9])[H:10],,
6,-0.32685888297065835,RESP2,PW6B95/cc-pV(D+d)Z,,0.0,C,hf,7,[H:11][c:5]1[c:4]([c:3]([c:2]([c:7]([c:6]1[H:12])[H:13])[O:1][H:8])[H:9])[H:10],,
7,0.39398297917682407,RESP2,PW6B95/cc-pV(D+d)Z,,0.0,H,hf,8,[H:11][c:5]1[c:4]([c:3]([c:2]([c:7]([c:6]1[H:12])[H:13])[O:1][H:8])[H:9])[H:10],,
8,0.15503862654506023,RESP2,PW6B95/cc-pV(D+d)Z,,0.0,H,hf,9,[H:11][c:5]1[c:4]([c:3]([c:2]([c:7]([c:6]1[H:12])[H:13])[O:1][H:8])[H:9])[H:10],,
9,0.11421018007594103,RESP2,PW6B95/cc-pV(D+d)Z,,0.0,H,hf,10,[H:11][c:5]1[c:4]([c:3]([c:2]([c:7]([c:6]1[H:12])[H:13])[O:1][H:8])[H:9])[H:10],,
10,0.12438923249724013,RESP2,PW6B95/cc-pV(D+d)Z,,0.0,H,hf,11,[H:11][c:5]1[c:4]([c:3]([c:2]([c:7]([c:6]1[H:12])[H:13])[O:1][H:8])[H:9])[H:10],,
11,0.1130586216064497,RESP2,PW6B95/cc-pV(D+d)Z,,0.0,H,hf,12,[H:11][c:5]1[c:4]([c:3]([c:2]([c:7]([c:6]1[H:12])[H:13])[O:1][H:8])[H:9])[H:10],,
12,0.1385796061965661,RESP2,PW6B95/cc-pV(D+d)Z,,0.0,H,hf,13,[H:11][c:5]1[c:4]([c:3]([c:2]([c:7]([c:6]1[H:12])[H:13])[O:1][H:8])[H:9])[H:10],,
0,-0.5215837011385152,RESP2,PW6B95/cc-pV(D+d)Z,,0.05,O,hf,1,[H:11][c:5]1[c:4]([c:3]([c:2]([c:7]([c:6]1[H:12])[H:13])[O:1][H:8])[H:9])[H:10],,
1,0.3676430010799922,RESP2,PW6B95/cc-pV(D+d)Z,,0.05,C,hf,2,[H:11][c:5]1[c:4]([c:3]([c:2]([c:7]([c:6]1[H:12])[H:13])[O:1][H:8])[H:9])[H:10],,
2,-0.2492018120913017,RESP2,PW6B95/cc-pV(D+d)Z,,0.05,C,hf,3,[H:11][c:5]1[c:4]([c:3]([c:2]([c:7]([c:6]1[H:12])[H:13])[O:1][H:8])[H:9])[H:10],,
3,-0.07138632806069382,RESP2,PW6B95/cc-pV(D+d)Z,,0.05,C,hf,4,[H:11][c:5]1[c:4]([c:3]([c:2]([c:7]([c:6]1[H:12])[H:13])[O:1][H:8])[H:9])[H:10],,
4,-0.1983003335686694,RESP2,PW6B95/cc-pV(D+d)Z,,0.05,C,hf,5,[H:11][c:5]1[c:4]([c:3]([c:2]([c:7]([c:6]1[H:12])[H:13])[O:1][H:8])[H:9])[H:10],,
5,-0.04182055258214045,RESP2,PW6B95/cc-pV(D+d)Z,,0.05,C,hf,6,[H:11][c:5]1[c:4]([c:3]([c:2]([c:7]([c:6]1[H:12])[H:13])[O:1][H:8])[H:9])[H:10],,
6,-0.32684018008383237,RESP2,PW6B95/cc-pV(D+d)Z,,0.05,C,hf,7,[H:11][c:5]1[c:4]([c:3]([c:2]([c:7]([c:6]1[H:12])[H:13])[O:1][H:8])[H:9])[H:10],,
7,0.39494207504893547,RESP2,PW6B95/cc-pV(D+d)Z,,0.05,H,hf,8,[H:11][c:5]1[c:4]([c:3]([c:2]([c:7]([c:6]1[H:12])[H:13])[O:1][H:8])[H:9])[H:10],,
8,0.15531077570903443,RESP2,PW6B95/cc-pV(D+d)Z,,0.05,H,hf,9,[H:11][c:5]1[c:4]([c:3]([c:2]([c:7]([c:6]1[H:12])[H:13])[O:1][H:8])[H:9])[H:10],,
9,0.11451926303798599,RESP2,PW6B95/cc-pV(D+d)Z,,0.05,H,hf,10,[H:11][c:5]1[c:4]([c:3]([c:2]([c:7]([c:6]1[H:12])[H:13])[O:1][H:8])[H:9])[H:10],,
10,0.12461885423494241,RESP2,PW6B95/cc-pV(D+d)Z,,0.05,H,hf,11,[H:11][c:5]1[c:4]([c:3]([c:2]([c:7]([c:6]1[H:12])[H:13])[O:1][H:8])[H:9])[H:10],,
11,0.11324023207523722,RESP2,PW6B95/cc-pV(D+d)Z,,0.05,H,hf,12,[H:11][c:5]1[c:4]([c:3]([c:2]([c:7]([c:6]1[H:12])[H:13])[O:1][H:8])[H:9])[H:10],,
12,0.1388587063390251,RESP2,PW6B95/cc-pV(D+d)Z,,0.05,H,hf,13,[H:11][c:5]1[c:4]([c:3]([c:2]([c:7]([c:6]1[H:12])[H:13])[O:1][H:8])[H:9])[H:10],,
0,-0.5226296841786486,RESP2,PW6B95/cc-pV(D+d)Z,,0.1,O,hf,1,[H:11][c:5]1[c:4]([c:3]([c:2]([c:7]([c:6]1[H:12])[H:13])[O:1][H:8])[H:9])[H:10],,
1,0.36771392785369245,RESP2,PW6B95/cc-pV(D+d)Z,,0.1,C,hf,2,[H:11][c:5]1[c:4]([c:3]([c:2]([c:7]([c:6]1[H:12])[H:13])[O:1][H:8])[H:9])[H:10],,
2,-0.2501277785988935,RESP2,PW6B95/cc-pV(D+d)Z,,0.1,C,hf,3,[H:11][c:5]1[c:4]([c:3]([c:2]([c:7]([c:6]1[H:12])[H:13])[O:1][H:8])[H:9])[H:10],,
3,-0.07145191096363884,RESP2,PW6B95/cc-pV(D+d)Z,,0.1,C,hf,4,[H:11][c:5]1[c:4]([c:3]([c:2]([c:7]([c:6]1[H:12])[H:13])[O:1][H:8])[H:9])[H:10],,
4,-0.19857035792943692,RESP2,PW6B95/cc-pV(D+d)Z,,0.1,C,hf,5,[H:11][c:5]1[c:4]([c:3]([c:2]([c:7]([c:6]1[H:12])[H:13])[O:1][H:8])[H:9])[H:10],,
5,-0.041833285778308346,RESP2,PW6B95/cc-pV(D+d)Z,,0.1,C,hf,6,[H:11][c:5]1[c:4]([c:3]([c:2]([c:7]([c:6]1[H:12])[H:13])[O:1][H:8])[H:9])[H:10],,
6,-0.3268214771970064,RESP2,PW6B95/cc-pV(D+d)Z,,0.1,C,hf,7,[H:11][c:5]1[c:4]([c:3]([c:2]([c:7]([c:6]1[H:12])[H:13])[O:1][H:8])[H:9])[H:10],,
7,0.39590117092104704,RESP2,PW6B95/cc-pV(D+d)Z,,0.1,H,hf,8,[H:11][c:5]1[c:4]([c:3]([c:2]([c:7]([c:6]1[H:12])[H:13])[O:1][H:8])[H:9])[H:10],,
8,0.15558292487300865,RESP2,PW6B95/cc-pV(D+d)Z,,0.1,H,hf,9,[H:11][c:5]1[c:4]([c:3]([c:2]([c:7]([c:6]1[H:12])[H:13])[O:1][H:8])[H:9])[H:10],,
9,0.11482834600003095,RESP2,PW6B95/cc-pV(D+d)Z,,0.1,H,hf,10,[H:11][c:5]1[c:4]([c:3]([c:2]([c:7]([c:6]1[H:12])[H:13])[O:1][H:8])[H:9])[H:10],,
10,0.12484847597264472,RESP2,PW6B95/cc-pV(D+d)Z,,0.1,H,hf,11,[H:11][c:5]1[c:4]([c:3]([c:2]([c:7]([c:6]1[H:12])[H:13])[O:1][H:8])[H:9])[H:10],,
11,0.11342184254402474,RESP2,PW6B95/cc-pV(D+d)Z,,0.1,H,hf,12,[H:11][c:5]1[c:4]([c:3]([c:2]([c:7]([c:6]1[H:12])[H:13])[O:1][H:8])[H:9])[H:10],,
12,0.13913780648148416,RESP2,PW6B95/cc-pV(D+d)Z,,0.1,H,hf,13,[H:11][c:5]1[c:4]([c:3]([c:2]([c:7]([c:6]1[H:12])[H:13])[O:1][H:8])[H:9])[H:10],,
0,-0.5236756672187822,RESP2,PW6B95/cc-pV(D+d)Z,,0.15000000000000002,O,hf,1,[H:11][c:5]1[c:4]([c:3]([c:2]([c:7]([c:6]1[H:12])[H:13])[O:1][H:8])[H:9])[H:10],,
1,0.36778485462739263,RESP2,PW6B95/cc-pV(D+d)Z,,0.15000000000000002,C,hf,2,[H:11][c:5]1[c:4]([c:3]([c:2]([c:7]([c:6]1[H:12])[H:13])[O:1][H:8])[H:9])[H:10],,
2,-0.25105374510648526,RESP2,PW6B95/cc-pV(D+d)Z,,0.15000000000000002,C,hf,3,[H:11][c:5]1[c:4]([c:3]([c:2]([c:7]([c:6]1[H:12])[H:13])[O:1][H:8])[H:9])[H:10],,
3,-0.07151749386658388,RESP2,PW6B95/cc-pV(D+d)Z,,0.15000000000000002,C,hf,4,[H:11][c:5]1[c:4]([c:3]([c:2]([c:7]([c:6]1[H:12])[H:13])[O:1][H:8])[H:9])[H:10],,
4,-0.19884038229020443,RESP2,PW6B95/cc-pV(D+d)Z,,0.15000000000000002,C,hf,5,[H:11][c:5]1[c:4]([c:3]([c:2]([c:7]([c:6]1[H:12])[H:13])[O:1][H:8])[H:9])[H:10],,
5,-0.041846018974476214,RESP2,PW6B95/cc-pV(D+d)Z,,0.15000000000000002,C,hf,6,[H:11][c:5]1[c:4]([c:3]([c:2]([c:7]([c:6]1[H:12])[H:13])[O:1][H:8])[H:9])[H:10],,
6,-0.3268027743101803,RESP2,PW6B95/cc-pV(D+d)Z,,0.15000000000000002,C,hf,7,[H:11][c:5]1[c:4]([c:3]([c:2]([c:7]([c:6]1[H:12])[H:13])[O:1][H:8])[H:9])[H:10],,
7,0.3968602667931585,RESP2,PW6B95/cc-pV(D+d)Z,,0.15000000000000002,H,hf,8,[H:11][c:5]1[c:4]([c:3]([c:2]([c:7]([c:6]1[H:12])[H:13])[O:1][H:8])[H:9])[H:10],,
8,0.15585507403698284,RESP2,PW6B95/cc-pV(D+d)Z,,0.15000000000000002,H,hf,9,[H:11][c:5]1[c:4]([c:3]([c:2]([c:7]([c:6]1[H:12])[H:13])[O:1][H:8])[H:9])[H:10],,
9,0.1151374289620759,RESP2,PW6B95/cc-pV(D+d)Z,,0.15000000000000002,H,hf,10,[H:11][c:5]1[c:4]([c:3]([c:2]([c:7]([c:6]1[H:12])[H:13])[O:1][H:8])[H:9])[H:10],,
10,0.12507809771034697,RESP2,PW6B95/cc-pV(D+d)Z,,0.15000000000000002,H,hf,11,[H:11][c:5]1[c:4]([c:3]([c:2]([c:7]([c:6]1[H:12])[H:13])[O:1][H:8])[H:9])[H:10],,
11,0.11360345301281226,RESP2,PW6B95/cc-pV(D+d)Z,,0.15000000000000002,H,hf,12,[H:11][c:5]1[c:4]([c:3]([c:2]([c:7]([c:6]1[H:12])[H:13])[O:1][H:8])[H:9])[H:10],,
12,0.13941690662394315,RESP2,PW6B95/cc-pV(D+d)Z,,0.15000000000000002,H,hf,13,[H:11][c:5]1[c:4]([c:3]([c:2]([c:7]([c:6]1[H:12])[H:13])[O:1][H:8])[H:9])[H:10],,
0,-0.5247216502589158,RESP2,PW6B95/cc-pV(D+d)Z,,0.2,O,hf,1,[H:11][c:5]1[c:4]([c:3]([c:2]([c:7]([c:6]1[H:12])[H:13])[O:1][H:8])[H:9])[H:10],,
1,0.3678557814010929,RESP2,PW6B95/cc-pV(D+d)Z,,0.2,C,hf,2,[H:11][c:5]1[c:4]([c:3]([c:2]([c:7]([c:6]1[H:12])[H:13])[O:1][H:8])[H:9])[H:10],,
2,-0.251979711614077,RESP2,PW6B95/cc-pV(D+d)Z,,0.2,C,hf,3,[H:11][c:5]1[c:4]([c:3]([c:2]([c:7]([c:6]1[H:12])[H:13])[O:1][H:8])[H:9])[H:10],,
3,-0.0715830767695289,RESP2,PW6B95/cc-pV(D+d)Z,,0.2,C,hf,4,[H:11][c:5]1[c:4]([c:3]([c:2]([c:7]([c:6]1[H:12])[H:13])[O:1][H:8])[H:9])[H:10],,
4,-0.1991104066509719,RESP2,PW6B95/cc-pV(D+d)Z,,0.2,C,hf,5,[H:11][c:5]1[c:4]([c:3]([c:2]([c:7]([c:6]1[H:12])[H:13])[O:1][H:8])[H:9])[H:10],,
5,-0.041858752170644095,RESP2,PW6B95/cc-pV(D+d)Z,,0.2,C,hf,6,[H:11][c:5]1[c:4]([c:3]([c:2]([c:7]([c:6]1[H:12])[H:13])[O:1][H:8])[H:9])[H:10],,
6,-0.3267840714233543,RESP2,PW6B95/cc-pV(D+d)Z,,0.2,C,hf,7,[H:11][c:5]1[c:4]([c:3]([c:2]([c:7]([c:6]1[H:12])[H:13])[O:1][H:8])[H:9])[H:10],,
7,0.39781936266527007,RESP2,PW6B95/cc-pV(D+d)Z,,0.2,H,hf,8,[H:11][c:5]1[c:4]([c:3]([c:2]([c:7]([c:6]1[H:12])[H:13])[O:1][H:8])[H:9])[H:10],,
8,0.15612722320095707,RESP2,PW6B95/cc-pV(D+d)Z,,0.2,H,hf,9,[H:11][c:5]1[c:4]([c:3]([c:2]([c:7]([c:6]1[H:12])[H:13])[O:1][H:8])[H:9])[H:10],,
9,0.11544651192412086,RESP2,PW6B95/cc-pV(D+d)Z,,0.2,H,hf,10,[H:11][c:5]1[c:4]([c:3]([c:2]([c:7]([c:6]1[H:12])[H:13])[O:1][H:8])[H:9])[H:10],,
10,0.12530771944804928,RESP2,PW6B95/cc-pV(D+d)Z,,0.2,H,hf,11,[H:11][c:5]1[c:4]([c:3]([c:2]([c:7]([c:6]1[H:12])[H:13])[O:1][H:8])[H:9])[H:10],,
11,0.11378506348159978,RESP2,PW6B95/cc-pV(D+d)Z,,0.2,H,hf,12,[H:11][c:5]1[c:4]([c:3]([c:2]([c:7]([c:6]1[H:12])[H:13])[O:1][H:8])[H:9])[H:10],,
12,0.1396960067664022,RESP2,PW6B95/cc-pV(D+d)Z,,0.2,H,hf,13,[H:11][c:5]1[c:4]([c:3]([c:2]([c:7]([c:6]1[H:12])[H:13])[O:1][H:8])[H:9])[H:10],,
0,-0.5257676332990493,RESP2,PW6B95/cc-pV(D+d)Z,,0.25,O,hf,1,[H:11][c:5]1[c:4]([c:3]([c:2]([c:7]([c:6]1[H:12])[H:13])[O:1][H:8])[H:9])[H:10],,
1,0.36792670817479306,RESP2,PW6B95/cc-pV(D+d)Z,,0.25,C,hf,2,[H:11][c:5]1[c:4]([c:3]([c:2]([c:7]([c:6]1[H:12])[H:13])[O:1][H:8])[H:9])[H:10],,
2,-0.25290567812166875,RESP2,PW6B95/cc-pV(D+d)Z,,0.25,C,hf,3,[H:11][c:5]1[c:4]([c:3]([c:2]([c:7]([c:6]1[H:12])[H:13])[O:1][H:8])[H:9])[H:10],,
3,-0.07164865967247391,RESP2,PW6B95/cc-pV(D+d)Z,,0.25,C,hf,4,[H:11][c:5]1[c:4]([c:3]([c:2]([c:7]([c:6]1[H:12])[H:13])[O:1][H:8])[H:9])[H:10],,
4,-0.19938043101173938,RESP2,PW6B95/cc-pV(D+d)Z,,0.25,C,hf,5,[H:11][c:5]1[c:4]([c:3]([c:2]([c:7]([c:6]1[H:12])[H:13])[O:1][H:8])[H:9])[H:10],,
5,-0.04187148536681198,RESP2,PW6B95/cc-pV(D+d)Z,,0.25,C,hf,6,[H:11][c:5]1[c:4]([c:3]([c:2]([c:7]([c:6]1[H:12])[H:13])[O:1][H:8])[H:9])[H:10],,
6,-0.32676536853652827,RESP2,PW6B95/cc-pV(D+d)Z,,0.25,C,hf,7,[H:11][c:5]1[c:4]([c:3]([c:2]([c:7]([c:6]1[H:12])[H:13])[O:1][H:8])[H:9])[H:10],,
7,0.3987784585373816,RESP2,PW6B95/cc-pV(D+d)Z,,0.25,H,hf,8,[H:11][c:5]1[c:4]([c:3]([c:2]([c:7]([c:6]1[H:12])[H:13])[O:1][H:8])[H:9])[H:10],,
8,0.15639937236493123,RESP2,PW6B95/cc-pV(D+d)Z,,0.25,H,hf,9,[H:11][c:5]1[c:4]([c:3]([c:2]([c:7]([c:6]1[H:12])[H:13])[O:1][H:8])[H:9])[H:10],,
9,0.1157555948861658,RESP2,PW6B95/cc-pV(D+d)Z,,0.25,H,hf,10,[H:11][c:5]1[c:4]([c:3]([c:2]([c:7]([c:6]1[H:12])[H:13])[O:1][H:8])[H:9])[H:10],,
10,0.12553734118575152,RESP2,PW6B95/cc-pV(D+d)Z,,0.25,H,hf,11,[H:11][c:5]1[c:4]([c:3]([c:2]([c:7]([c:6]1[H:12])[H:13])[O:1][H:8])[H:9])[H:10],,
11,0.11396667395038727,RESP2,PW6B95/cc-pV(D+d)Z,,0.25,H,hf,12,[H:11][c:5]1[c:4]([c:3]([c:2]([c:7]([c:6]1[H:12])[H:13])[O:1][H:8])[H:9])[H:10],,
12,0.1399751069088612,RESP2,PW6B95/cc-pV(D+d)Z,,0.25,H,hf,13,[H:11][c:5]1[c:4]([c:3]([c:2]([c:7]([c:6]1[H:12])[H:13])[O:1][H:8])[H:9])[H:10],,
0,-0.526813616339183,RESP2,PW6B95/cc-pV(D+d)Z,,0.30000000000000004,O,hf,1,[H:11][c:5]1[c:4]([c:3]([c:2]([c:7]([c:6]1[H:12])[H:13])[O:1][H:8])[H:9])[H:10],,
1,0.3679976349484933,RESP2,PW6B95/cc-pV(D+d)Z,,0.30000000000000004,C,hf,2,[H:11][c:5]1[c:4]([c:3]([c:2]([c:7]([c:6]1[H:12])[H:13])[O:1][H:8])[H:9])[H:10],,
2,-0.2538316446292605,RESP2,PW6B95/cc-pV(D+d)Z,,0.30000000000000004,C,hf,3,[H:11][c:5]1[c:4]([c:3]([c:2]([c:7]([c:6]1[H:12])[H:13])[O:1][H:8])[H:9])[H:10],,
3,-0.07171424257541892,RESP2,PW6B95/cc-pV(D+d)Z,,0.30000000000000004,C,hf,4,[H:11][c:5]1[c:4]([c:3]([c:2]([c:7]([c:6]1[H:12])[H:13])[O:1][H:8])[H:9])[H:10],,
4,-0.1996504553725068,RESP2,PW6B95/cc-pV(D+d)Z,,0.30000000000000004,C,hf,5,[H:11][c:5]1[c:4]([c:3]([c:2]([c:7]([c:6]1[H:12])[H:13])[O:1][H:8])[H:9])[H:10],,
5,-0.04188421856297984,RESP2,PW6B95/cc-pV(D+d)Z,,0.30000000000000004,C,hf,6,[H:11][c:5]1[c:4]([c:3]([c:2]([c:7]([c:6]1[H:12])[H:13])[O:1][H:8])[H:9])[H:10],,
6,-0.3267466656497023,RESP2,PW6B95/cc-pV(D+d)Z,,0.30000000000000004,C,hf,7,[H:11][c:5]1[c:4]([c:3]([c:2]([c:7]([c:6]1[H:12])[H:13])[O:1][H:8])[H:9])[H:10],,
7,0.39973755440949305,RESP2,PW6B95/cc-pV(D+d)Z,,0.30000000000000004,H,hf,8,[H:11][c:5]1[c:4]([c:3]([c:2]([c:7]([c:6]1[H:12])[H:13])[O:1][H:8])[H:9])[H:10],,
8,0.15667152152890548,RESP2,PW6B95/cc-pV(D+d)Z,,0.30000000000000004,H,hf,9,[H:11][c:5]1[c:4]([c:3]([c:2]([c:7]([c:6]1[H:12])[H:13])[O:1][H:8])[H:9])[H:10],,
9,0.11606467784821078,RESP2,PW6B95/cc-pV(D+d)Z,,0.30000000000000004,H,hf,10,[H:11][c:5]1[c:4]([c:3]([c:2]([c:7]([c:6]1[H:12])[H:13])[O:1][H:8])[H:9])[H:10],,
10,0.12576696292345385,RESP2,PW6B95/cc-pV(D+d)Z,,0.30000000000000004,H,hf,11,[H:11][c:5]1[c:4]([c:3]([c:2]([c:7]([c:6]1[H:12])[H:13])[O:1][H:8])[H:9])[H:10],,
11,0.11414828441917481,RESP2,PW6B95/cc-pV(D+d)Z,,0.30000000000000004,H,hf,12,[H:11][c:5]1[c:4]([c:3]([c:2]([c:7]([c:6]1[H:12])[H:13])[O:1][H:8])[H:9])[H:10],,
12,0.14025420705132025,RESP2,PW6B95/cc-pV(D+d)Z,,0.30000000000000004,H,hf,13,[H:11][c:5]1[c:4]([c:3]([c:2]([c:7]([c:6]1[H:12])[H:13])[O:1][H:8])[H:9])[H:10],,
0,-0.5278595993793165,RESP2,PW6B95/cc-pV(D+d)Z,,0.35000000000000003,O,hf,1,[H:11][c:5]1[c:4]([c:3]([c:2]([c:7]([c:6]1[H:12])[H:13])[O:1][H:8])[H:9])[H:10],,
1,0.36806856172219343,RESP2,PW6B95/cc-pV(D+d)Z,,0.35000000000000003,C,hf,2,[H:11][c:5]1[c:4]([c:3]([c:2]([c:7]([c:6]1[H:12])[H:13])[O:1][H:8])[H:9])[H:10],,
2,-0.2547576111368523,RESP2,PW6B95/cc-pV(D+d)Z,,0.35000000000000003,C,hf,3,[H:11][c:5]1[c:4]([c:3]([c:2]([c:7]([c:6]1[H:12])[H:13])[O:1][H:8])[H:9])[H:10],,
3,-0.07177982547836396,RESP2,PW6B95/cc-pV(D+d)Z,,0.35000000000000003,C,hf,4,[H:11][c:5]1[c:4]([c:3]([c:2]([c:7]([c:6]1[H:12])[H:13])[O:1][H:8])[H:9])[H:10],,
4,-0.19992047973327431,RESP2,PW6B95/cc-pV(D+d)Z,,0.35000000000000003,C,hf,5,[H:11][c:5]1[c:4]([c:3]([c:2]([c:7]([c:6]1[H:12])[H:13])[O:1][H:8])[H:9])[H:10],,
5,-0.041896951759147746,RESP2,PW6B95/cc-pV(D+d)Z,,0.35000000000000003,C,hf,6,[H:11][c:5]1[c:4]([c:3]([c:2]([c:7]([c:6]1[H:12])[H:13])[O:1][H:8])[H:9])[H:10],,
6,-0.32672796276287625,RESP2,PW6B95/cc-pV(D+d)Z,,0.35000000000000003,C,hf,7,[H:11][c:5]1[c:4]([c:3]([c:2]([c:7]([c:6]1[H:12])[H:13])[O:1][H:8])[H:9])[H:10],,
7,0.40069665028160445,RESP2,PW6B95/cc-pV(D+d)Z,,0.35000000000000003,H,hf,8,[H:11][c:5]1[c:4]([c:3]([c:2]([c:7]([c:6]1[H:12])[H:13])[O:1][H:8])[H:9])[H:10],,
8,0.15694367069287962,RESP2,PW6B95/cc-pV(D+d)Z,,0.35000000000000003,H,hf,9,[H:11][c:5]1[c:4]([c:3]([c:2]([c:7]([c:6]1[H:12])[H:13])[O:1][H:8])[H:9])[H:10],,
9,0.1163737608102557,RESP2,PW6B95/cc-pV(D+d)Z,,0.35000000000000003,H,hf,10,[H:11][c:5]1[c:4]([c:3]([c:2]([c:7]([c:6]1[H:12])[H:13])[O:1][H:8])[H:9])[H:10],,
10,0.1259965846611561,RESP2,PW6B95/cc-pV(D+d)Z,,0.35000000000000003,H,hf,11,[H:11][c:5]1[c:4]([c:3]([c:2]([c:7]([c:6]1[H:12])[H:13])[O:1][H:8])[H:9])[H:10],,
11,0.1143298948879623,RESP2,PW6B95/cc-pV(D+d)Z,,0.35000000000000003,H,hf,12,[H:11][c:5]1[c:4]([c:3]([c:2]([c:7]([c:6]1[H:12])[H:13])[O:1][H:8])[H:9])[H:10],,
12,0.14053330719377924,RESP2,PW6B95/cc-pV(D+d)Z,,0.35000000000000003,H,hf,13,[H:11][c:5]1[c:4]([c:3]([c:2]([c:7]([c:6]1[H:12])[H:13])[O:1][H:8])[H:9])[H:10],,
0,-0.5289055824194501,RESP2,PW6B95/cc-pV(D+d)Z,,0.4,O,hf,1,[H:11][c:5]1[c:4]([c:3]([c:2]([c:7]([c:6]1[H:12])[H:13])[O:1][H:8])[H:9])[H:10],,
1,0.3681394884958936,RESP2,PW6B95/cc-pV(D+d)Z,,0.4,C,hf,2,[H:11][c:5]1[c:4]([c:3]([c:2]([c:7]([c:6]1[H:12])[H:13])[O:1][H:8])[H:9])[H:10],,
2,-0.25568357764444405,RESP2,PW6B95/cc-pV(D+d)Z,,0.4,C,hf,3,[H:11][c:5]1[c:4]([c:3]([c:2]([c:7]([c:6]1[H:12])[H:13])[O:1][H:8])[H:9])[H:10],,
3,-0.07184540838130897,RESP2,PW6B95/cc-pV(D+d)Z,,0.4,C,hf,4,[H:11][c:5]1[c:4]([c:3]([c:2]([c:7]([c:6]1[H:12])[H:13])[O:1][H:8])[H:9])[H:10],,
4,-0.20019050409404182,RESP2,PW6B95/cc-pV(D+d)Z,,0.4,C,hf,5,[H:11][c:5]1[c:4]([c:3]([c:2]([c:7]([c:6]1[H:12])[H:13])[O:1][H:8])[H:9])[H:10],,
5,-0.04190968495531561,RESP2,PW6B95/cc-pV(D+d)Z,,0.4,C,hf,6,[H:11][c:5]1[c:4]([c:3]([c:2]([c:7]([c:6]1[H:12])[H:13])[O:1][H:8])[H:9])[H:10],,
6,-0.32670925987605026,RESP2,PW6B95/cc-pV(D+d)Z,,0.4,C,hf,7,[H:11][c:5]1[c:4]([c:3]([c:2]([c:7]([c:6]1[H:12])[H:13])[O:1][H:8])[H:9])[H:10],,
7,0.401655746153716,RESP2,PW6B95/cc-pV(D+d)Z,,0.4,H,hf,8,[H:11][c:5]1[c:4]([c:3]([c:2]([c:7]([c:6]1[H:12])[H:13])[O:1][H:8])[H:9])[H:10],,
8,0.15721581985685384,RESP2,PW6B95/cc-pV(D+d)Z,,0.4,H,hf,9,[H:11][c:5]1[c:4]([c:3]([c:2]([c:7]([c:6]1[H:12])[H:13])[O:1][H:8])[H:9])[H:10],,
9,0.11668284377230069,RESP2,PW6B95/cc-pV(D+d)Z,,0.4,H,hf,10,[H:11][c:5]1[c:4]([c:3]([c:2]([c:7]([c:6]1[H:12])[H:13])[O:1][H:8])[H:9])[H:10],,
10,0.1262262063988584,RESP2,PW6B95/cc-pV(D+d)Z,,0.4,H,hf,11,[H:11][c:5]1[c:4]([c:3]([c:2]([c:7]([c:6]1[H:12])[H:13])[O:1][H:8])[H:9])[H:10],,
11,0.11451150535674985,RESP2,PW6B95/cc-pV(D+d)Z,,0.4,H,hf,12,[H:11][c:5]1[c:4]([c:3]([c:2]([c:7]([c:6]1[H:12])[H:13])[O:1][H:8])[H:9])[H:10],,
12,0.14081240733623826,RESP2,PW6B95/cc-pV(D+d)Z,,0.4,H,hf,13,[H:11][c:5]1[c:4]([c:3]([c:2]([c:7]([c:6]1[H:12])[H:13])[O:1][H:8])[H:9])[H:10],,
0,-0.5299515654595837,RESP2,PW6B95/cc-pV(D+d)Z,,0.45,O,hf,1,[H:11][c:5]1[c:4]([c:3]([c:2]([c:7]([c:6]1[H:12])[H:13])[O:1][H:8])[H:9])[H:10],,
1,0.3682104152695939,RESP2,PW6B95/cc-pV(D+d)Z,,0.45,C,hf,2,[H:11][c:5]1[c:4]([c:3]([c:2]([c:7]([c:6]1[H:12])[H:13])[O:1][H:8])[H:9])[H:10],,
2,-0.25660954415203585,RESP2,PW6B95/cc-pV(D+d)Z,,0.45,C,hf,3,[H:11][c:5]1[c:4]([c:3]([c:2]([c:7]([c:6]1[H:12])[H:13])[O:1][H:8])[H:9])[H:10],,
3,-0.07191099128425402,RESP2,PW6B95/cc-pV(D+d)Z,,0.45,C,hf,4,[H:11][c:5]1[c:4]([c:3]([c:2]([c:7]([c:6]1[H:12])[H:13])[O:1][H:8])[H:9])[H:10],,
4,-0.20046052845480933,RESP2,PW6B95/cc-pV(D+d)Z,,0.45,C,hf,5,[H:11][c:5]1[c:4]([c:3]([c:2]([c:7]([c:6]1[H:12])[H:13])[O:1][H:8])[H:9])[H:10],,
5,-0.0419224181514835,RESP2,PW6B95/cc-pV(D+d)Z,,0.45,C,hf,6,[H:11][c:5]1[c:4]([c:3]([c:2]([c:7]([c:6]1[H:12])[H:13])[O:1][H:8])[H:9])[H:10],,
6,-0.3266905569892243,RESP2,PW6B95/cc-pV(D+d)Z,,0.45,C,hf,7,[H:11][c:5]1[c:4]([c:3]([c:2]([c:7]([c:6]1[H:12])[H:13])[O:1][H:8])[H:9])[H:10],,
7,0.4026148420258276,RESP2,PW6B95/cc-pV(D+d)Z,,0.45,H,hf,8,[H:11][c:5]1[c:4]([c:3]([c:2]([c:7]([c:6]1[H:12])[H:13])[O:1][H:8])[H:9])[H:10],,
8,0.15748796902082807,RESP2,PW6B95/cc-pV(D+d)Z,,0.45,H,hf,9,[H:11][c:5]1[c:4]([c:3]([c:2]([c:7]([c:6]1[H:12])[H:13])[O:1][H:8])[H:9])[H:10],,
9,0.11699192673434562,RESP2,PW6B95/cc-pV(D+d)Z,,0.45,H,hf,10,[H:11][c:5]1[c:4]([c:3]([c:2]([c:7]([c:6]1[H:12])[H:13])[O:1][H:8])[H:9])[H:10],,
10,0.1264558281365607,RESP2,PW6B95/cc-pV(D+d)Z,,0.45,H,hf,11,[H:11][c:5]1[c:4]([c:3]([c:2]([c:7]([c:6]1[H:12])[H:13])[O:1][H:8])[H:9])[H:10],,
11,0.11469311582553736,RESP2,PW6B95/cc-pV(D+d)Z,,0.45,H,hf,12,[H:11][c:5]1[c:4]([c:3]([c:2]([c:7]([c:6]1[H:12])[H:13])[O:1][H:8])[H:9])[H:10],,
12,0.1410915074786973,RESP2,PW6B95/cc-pV(D+d)Z,,0.45,H,hf,13,[H:11][c:5]1[c:4]([c:3]([c:2]([c:7]([c:6]1[H:12])[H:13])[O:1][H:8])[H:9])[H:10],,
0,-0.5309975484997171,RESP2,PW6B95/cc-pV(D+d)Z,,0.5,O,hf,1,[H:11][c:5]1[c:4]([c:3]([c:2]([c:7]([c:6]1[H:12])[H:13])[O:1][H:8])[H:9])[H:10],,
1,0.3682813420432941,RESP2,PW6B95/cc-pV(D+d)Z,,0.5,C,hf,2,[H:11][c:5]1[c:4]([c:3]([c:2]([c:7]([c:6]1[H:12])[H:13])[O:1][H:8])[H:9])[H:10],,
2,-0.2575355106596276,RESP2,PW6B95/cc-pV(D+d)Z,,0.5,C,hf,3,[H:11][c:5]1[c:4]([c:3]([c:2]([c:7]([c:6]1[H:12])[H:13])[O:1][H:8])[H:9])[H:10],,
3,-0.07197657418719902,RESP2,PW6B95/cc-pV(D+d)Z,,0.5,C,hf,4,[H:11][c:5]1[c:4]([c:3]([c:2]([c:7]([c:6]1[H:12])[H:13])[O:1][H:8])[H:9])[H:10],,
4,-0.2007305528155768,RESP2,PW6B95/cc-pV(D+d)Z,,0.5,C,hf,5,[H:11][c:5]1[c:4]([c:3]([c:2]([c:7]([c:6]1[H:12])[H:13])[O:1][H:8])[H:9])[H:10],,
5,-0.04193515134765137,RESP2,PW6B95/cc-pV(D+d)Z,,0.5,C,hf,6,[H:11][c:5]1[c:4]([c:3]([c:2]([c:7]([c:6]1[H:12])[H:13])[O:1][H:8])[H:9])[H:10],,
6,-0.3266718541023982,RESP2,PW6B95/cc-pV(D+d)Z,,0.5,C,hf,7,[H:11][c:5]1[c:4]([c:3]([c:2]([c:7]([c:6]1[H:12])[H:13])[O:1][H:8])[H:9])[H:10],,
7,0.40357393789793905,RESP2,PW6B95/cc-pV(D+d)Z,,0.5,H,hf,8,[H:11][c:5]1[c:4]([c:3]([c:2]([c:7]([c:6]1[H:12])[H:13])[O:1][H:8])[H:9])[H:10],,
8,0.15776011818480226,RESP2,PW6B95/cc-pV(D+d)Z,,0.5,H,hf,9,[H:11][c:5]1[c:4]([c:3]([c:2]([c:7]([c:6]1[H:12])[H:13])[O:1][H:8])[H:9])[H:10],,
9,0.1173010096963906,RESP2,PW6B95/cc-pV(D+d)Z,,0.5,H,hf,10,[H:11][c:5]1[c:4]([c:3]([c:2]([c:7]([c:6]1[H:12])[H:13])[O:1][H:8])[H:9])[H:10],,
10,0.12668544987426295,RESP2,PW6B95/cc-pV(D+d)Z,,0.5,H,hf,11,[H:11][c:5]1[c:4]([c:3]([c:2]([c:7]([c:6]1[H:12])[H:13])[O:1][H:8])[H:9])[H:10],,
11,0.11487472629432487,RESP2,PW6B95/cc-pV(D+d)Z,,0.5,H,hf,12,[H:11][c:5]1[c:4]([c:3]([c:2]([c:7]([c:6]1[H:12])[H:13])[O:1][H:8])[H:9])[H:10],,
12,0.1413706076211563,RESP2,PW6B95/cc-pV(D+d)Z,,0.5,H,hf,13,[H:11][c:5]1[c:4]([c:3]([c:2]([c:7]([c:6]1[H:12])[H:13])[O:1][H:8])[H:9])[H:10],,
0,-0.5320435315398507,RESP2,PW6B95/cc-pV(D+d)Z,,0.55,O,hf,1,[H:11][c:5]1[c:4]([c:3]([c:2]([c:7]([c:6]1[H:12])[H:13])[O:1][H:8])[H:9])[H:10],,
1,0.3683522688169943,RESP2,PW6B95/cc-pV(D+d)Z,,0.55,C,hf,2,[H:11][c:5]1[c:4]([c:3]([c:2]([c:7]([c:6]1[H:12])[H:13])[O:1][H:8])[H:9])[H:10],,
2,-0.25846147716721934,RESP2,PW6B95/cc-pV(D+d)Z,,0.55,C,hf,3,[H:11][c:5]1[c:4]([c:3]([c:2]([c:7]([c:6]1[H:12])[H:13])[O:1][H:8])[H:9])[H:10],,
3,-0.07204215709014403,RESP2,PW6B95/cc-pV(D+d)Z,,0.55,C,hf,4,[H:11][c:5]1[c:4]([c:3]([c:2]([c:7]([c:6]1[H:12])[H:13])[O:1][H:8])[H:9])[H:10],,
4,-0.20100057717634426,RESP2,PW6B95/cc-pV(D+d)Z,,0.55,C,hf,5,[H:11][c:5]1[c:4]([c:3]([c:2]([c:7]([c:6]1[H:12])[H:13])[O:1][H:8])[H:9])[H:10],,
5,-0.041947884543819224,RESP2,PW6B95/cc-pV(D+d)Z,,0.55,C,hf,6,[H:11][c:5]1[c:4]([c:3]([c:2]([c:7]([c:6]1[H:12])[H:13])[O:1][H:8])[H:9])[H:10],,
6,-0.3266531512155722,RESP2,PW6B95/cc-pV(D+d)Z,,0.55,C,hf,7,[H:11][c:5]1[c:4]([c:3]([c:2]([c:7]([c:6]1[H:12])[H:13])[O:1][H:8])[H:9])[H:10],,
7,0.4045330337700505,RESP2,PW6B95/cc-pV(D+d)Z,,0.55,H,hf,8,[H:11][c:5]1[c:4]([c:3]([c:2]([c:7]([c:6]1[H:12])[H:13])[O:1][H:8])[H:9])[H:10],,
8,0.15803226734877648,RESP2,PW6B95/cc-pV(D+d)Z,,0.55,H,hf,9,[H:11][c:5]1[c:4]([c:3]([c:2]([c:7]([c:6]1[H:12])[H:13])[O:1][H:8])[H:9])[H:10],,
9,0.11761009265843558,RESP2,PW6B95/cc-pV(D+d)Z,,0.55,H,hf,10,[H:11][c:5]1[c:4]([c:3]([c:2]([c:7]([c:6]1[H:12])[H:13])[O:1][H:8])[H:9])[H:10],,
10,0.12691507161196527,RESP2,PW6B95/cc-pV(D+d)Z,,0.55,H,hf,11,[H:11][c:5]1[c:4]([c:3]([c:2]([c:7]([c:6]1[H:12])[H:13])[O:1][H:8])[H:9])[H:10],,
11,0.11505633676311242,RESP2,PW6B95/cc-pV(D+d)Z,,0.55,H,hf,12,[H:11][c:5]1[c:4]([c:3]([c:2]([c:7]([c:6]1[H:12])[H:13])[O:1][H:8])[H:9])[H:10],,
12,0.14164970776361535,RESP2,PW6B95/cc-pV(D+d)Z,,0.55,H,hf,13,[H:11][c:5]1[c:4]([c:3]([c:2]([c:7]([c:6]1[H:12])[H:13])[O:1][H:8])[H:9])[H:10],,
0,-0.5330895145799842,RESP2,PW6B95/cc-pV(D+d)Z,,0.6000000000000001,O,hf,1,[H:11][c:5]1[c:4]([c:3]([c:2]([c:7]([c:6]1[H:12])[H:13])[O:1][H:8])[H:9])[H:10],,
1,0.3684231955906944,RESP2,PW6B95/cc-pV(D+d)Z,,0.6000000000000001,C,hf,2,[H:11][c:5]1[c:4]([c:3]([c:2]([c:7]([c:6]1[H:12])[H:13])[O:1][H:8])[H:9])[H:10],,
2,-0.25938744367481115,RESP2,PW6B95/cc-pV(D+d)Z,,0.6000000000000001,C,hf,3,[H:11][c:5]1[c:4]([c:3]([c:2]([c:7]([c:6]1[H:12])[H:13])[O:1][H:8])[H:9])[H:10],,
3,-0.07210773999308906,RESP2,PW6B95/cc-pV(D+d)Z,,0.6000000000000001,C,hf,4,[H:11][c:5]1[c:4]([c:3]([c:2]([c:7]([c:6]1[H:12])[H:13])[O:1][H:8])[H:9])[H:10],,
4,-0.20127060153711177,RESP2,PW6B95/cc-pV(D+d)Z,,0.6000000000000001,C,hf,5,[H:11][c:5]1[c:4]([c:3]([c:2]([c:7]([c:6]1[H:12])[H:13])[O:1][H:8])[H:9])[H:10],,
5,-0.041960617739987126,RESP2,PW6B95/cc-pV(D+d)Z,,0.6000000000000001,C,hf,6,[H:11][c:5]1[c:4]([c:3]([c:2]([c:7]([c:6]1[H:12])[H:13])[O:1][H:8])[H:9])[H:10],,
6,-0.3266344483287462,RESP2,PW6B95/cc-pV(D+d)Z,,0.6000000000000001,C,hf,7,[H:11][c:5]1[c:4]([c:3]([c:2]([c:7]([c:6]1[H:12])[H:13])[O:1][H:8])[H:9])[H:10],,
7,0.405492129642162,RESP2,PW6B95/cc-pV(D+d)Z,,0.6000000000000001,H,hf,8,[H:11][c:5]1[c:4]([c:3]([c:2]([c:7]([c:6]1[H:12])[H:13])[O:1][H:8])[H:9])[H:10],,
8,0.15830441651275068,RESP2,PW6B95/cc-pV(D+d)Z,,0.6000000000000001,H,hf,9,[H:11][c:5]1[c:4]([c:3]([c:2]([c:7]([c:6]1[H:12])[H:13])[O:1][H:8])[H:9])[H:10],,
9,0.11791917562048052,RESP2,PW6B95/cc-pV(D+d)Z,,0.6000000000000001,H,hf,10,[H:11][c:5]1[c:4]([c:3]([c:2]([c:7]([c:6]1[H:12])[H:13])[O:1][H:8])[H:9])[H:10],,
10,0.12714469334966752,RESP2,PW6B95/cc-pV(D+d)Z,,0.6000000000000001,H,hf,11,[H:11][c:5]1[c:4]([c:3]([c:2]([c:7]([c:6]1[H:12])[H:13])[O:1][H:8])[H:9])[H:10],,
11,0.11523794723189992,RESP2,PW6B95/cc-pV(D+d)Z,,0.6000000000000001,H,hf,12,[H:11][c:5]1[c:4]([c:3]([c:2]([c:7]([c:6]1[H:12])[H:13])[O:1][H:8])[H:9])[H:10],,
12,0.14192880790607437,RESP2,PW6B95/cc-pV(D+d)Z,,0.6000000000000001,H,hf,13,[H:11][c:5]1[c:4]([c:3]([c:2]([c:7]([c:6]1[H:12])[H:13])[O:1][H:8])[H:9])[H:10],,
0,-0.5341354976201179,RESP2,PW6B95/cc-pV(D+d)Z,,0.65,O,hf,1,[H:11][c:5]1[c:4]([c:3]([c:2]([c:7]([c:6]1[H:12])[H:13])[O:1][H:8])[H:9])[H:10],,
1,0.36849412236439466,RESP2,PW6B95/cc-pV(D+d)Z,,0.65,C,hf,2,[H:11][c:5]1[c:4]([c:3]([c:2]([c:7]([c:6]1[H:12])[H:13])[O:1][H:8])[H:9])[H:10],,
2,-0.2603134101824029,RESP2,PW6B95/cc-pV(D+d)Z,,0.65,C,hf,3,[H:11][c:5]1[c:4]([c:3]([c:2]([c:7]([c:6]1[H:12])[H:13])[O:1][H:8])[H:9])[H:10],,
3,-0.07217332289603408,RESP2,PW6B95/cc-pV(D+d)Z,,0.65,C,hf,4,[H:11][c:5]1[c:4]([c:3]([c:2]([c:7]([c:6]1[H:12])[H:13])[O:1][H:8])[H:9])[H:10],,
4,-0.20154062589787922,RESP2,PW6B95/cc-pV(D+d)Z,,0.65,C,hf,5,[H:11][c:5]1[c:4]([c:3]([c:2]([c:7]([c:6]1[H:12])[H:13])[O:1][H:8])[H:9])[H:10],,
5,-0.041973350936154986,RESP2,PW6B95/cc-pV(D+d)Z,,0.65,C,hf,6,[H:11][c:5]1[c:4]([c:3]([c:2]([c:7]([c:6]1[H:12])[H:13])[O:1][H:8])[H:9])[H:10],,
6,-0.3266157454419202,RESP2,PW6B95/cc-pV(D+d)Z,,0.65,C,hf,7,[H:11][c:5]1[c:4]([c:3]([c:2]([c:7]([c:6]1[H:12])[H:13])[O:1][H:8])[H:9])[H:10],,
7,0.4064512255142735,RESP2,PW6B95/cc-pV(D+d)Z,,0.65,H,hf,8,[H:11][c:5]1[c:4]([c:3]([c:2]([c:7]([c:6]1[H:12])[H:13])[O:1][H:8])[H:9])[H:10],,
8,0.15857656567672487,RESP2,PW6B95/cc-pV(D+d)Z,,0.65,H,hf,9,[H:11][c:5]1[c:4]([c:3]([c:2]([c:7]([c:6]1[H:12])[H:13])[O:1][H:8])[H:9])[H:10],,
9,0.11822825858252546,RESP2,PW6B95/cc-pV(D+d)Z,,0.65,H,hf,10,[H:11][c:5]1[c:4]([c:3]([c:2]([c:7]([c:6]1[H:12])[H:13])[O:1][H:8])[H:9])[H:10],,
10,0.12737431508736982,RESP2,PW6B95/cc-pV(D+d)Z,,0.65,H,hf,11,[H:11][c:5]1[c:4]([c:3]([c:2]([c:7]([c:6]1[H:12])[H:13])[O:1][H:8])[H:9])[H:10],,
11,0.11541955770068742,RESP2,PW6B95/cc-pV(D+d)Z,,0.65,H,hf,12,[H:11][c:5]1[c:4]([c:3]([c:2]([c:7]([c:6]1[H:12])[H:13])[O:1][H:8])[H:9])[H:10],,
12,0.1422079080485334,RESP2,PW6B95/cc-pV(D+d)Z,,0.65,H,hf,13,[H:11][c:5]1[c:4]([c:3]([c:2]([c:7]([c:6]1[H:12])[H:13])[O:1][H:8])[H:9])[H:10],,
0,-0.5351814806602513,RESP2,PW6B95/cc-pV(D+d)Z,,0.7000000000000001,O,hf,1,[H:11][c:5]1[c:4]([c:3]([c:2]([c:7]([c:6]1[H:12])[H:13])[O:1][H:8])[H:9])[H:10],,
1,0.36856504913809496,RESP2,PW6B95/cc-pV(D+d)Z,,0.7000000000000001,C,hf,2,[H:11][c:5]1[c:4]([c:3]([c:2]([c:7]([c:6]1[H:12])[H:13])[O:1][H:8])[H:9])[H:10],,
2,-0.26123937668999464,RESP2,PW6B95/cc-pV(D+d)Z,,0.7000000000000001,C,hf,3,[H:11][c:5]1[c:4]([c:3]([c:2]([c:7]([c:6]1[H:12])[H:13])[O:1][H:8])[H:9])[H:10],,
3,-0.07223890579897908,RESP2,PW6B95/cc-pV(D+d)Z,,0.7000000000000001,C,hf,4,[H:11][c:5]1[c:4]([c:3]([c:2]([c:7]([c:6]1[H:12])[H:13])[O:1][H:8])[H:9])[H:10],,
4,-0.2018106502586467,RESP2,PW6B95/cc-pV(D+d)Z,,0.7000000000000001,C,hf,5,[H:11][c:5]1[c:4]([c:3]([c:2]([c:7]([c:6]1[H:12])[H:13])[O:1][H:8])[H:9])[H:10],,
5,-0.041986084132322854,RESP2,PW6B95/cc-pV(D+d)Z,,0.7000000000000001,C,hf,6,[H:11][c:5]1[c:4]([c:3]([c:2]([c:7]([c:6]1[H:12])[H:13])[O:1][H:8])[H:9])[H:10],,
6,-0.32659704255509414,RESP2,PW6B95/cc-pV(D+d)Z,,0.7000000000000001,C,hf,7,[H:11][c:5]1[c:4]([c:3]([c:2]([c:7]([c:6]1[H:12])[H:13])[O:1][H:8])[H:9])[H:10],,
7,0.407410321386385,RESP2,PW6B95/cc-pV(D+d)Z,,0.7000000000000001,H,hf,8,[H:11][c:5]1[c:4]([c:3]([c:2]([c:7]([c:6]1[H:12])[H:13])[O:1][H:8])[H:9])[H:10],,
8,0.1588487148406991,RESP2,PW6B95/cc-pV(D+d)Z,,0.7000000000000001,H,hf,9,[H:11][c:5]1[c:4]([c:3]([c:2]([c:7]([c:6]1[H:12])[H:13])[O:1][H:8])[H:9])[H:10],,
9,0.11853734154457045,RESP2,PW6B95/cc-pV(D+d)Z,,0.7000000000000001,H,hf,10,[H:11][c:5]1[c:4]([c:3]([c:2]([c:7]([c:6]1[H:12])[H:13])[O:1][H:8])[H:9])[H:10],,
10,0.12760393682507212,RESP2,PW6B95/cc-pV(D+d)Z,,0.7000000000000001,H,hf,11,[H:11][c:5]1[c:4]([c:3]([c:2]([c:7]([c:6]1[H:12])[H:13])[O:1][H:8])[H:9])[H:10],,
11,0.11560116816947497,RESP2,PW6B95/cc-pV(D+d)Z,,0.7000000000000001,H,hf,12,[H:11][c:5]1[c:4]([c:3]([c:2]([c:7]([c:6]1[H:12])[H:13])[O:1][H:8])[H:9])[H:10],,
12,0.14248700819099244,RESP2,PW6B95/cc-pV(D+d)Z,,0.7000000000000001,H,hf,13,[H:11][c:5]1[c:4]([c:3]([c:2]([c:7]([c:6]1[H:12])[H:13])[O:1][H:8])[H:9])[H:10],,
0,-0.536227463700385,RESP2,PW6B95/cc-pV(D+d)Z,,0.75,O,hf,1,[H:11][c:5]1[c:4]([c:3]([c:2]([c:7]([c:6]1[H:12])[H:13])[O:1][H:8])[H:9])[H:10],,
1,0.3686359759117951,RESP2,PW6B95/cc-pV(D+d)Z,,0.75,C,hf,2,[H:11][c:5]1[c:4]([c:3]([c:2]([c:7]([c:6]1[H:12])[H:13])[O:1][H:8])[H:9])[H:10],,
2,-0.2621653431975864,RESP2,PW6B95/cc-pV(D+d)Z,,0.75,C,hf,3,[H:11][c:5]1[c:4]([c:3]([c:2]([c:7]([c:6]1[H:12])[H:13])[O:1][H:8])[H:9])[H:10],,
3,-0.07230448870192413,RESP2,PW6B95/cc-pV(D+d)Z,,0.75,C,hf,4,[H:11][c:5]1[c:4]([c:3]([c:2]([c:7]([c:6]1[H:12])[H:13])[O:1][H:8])[H:9])[H:10],,
4,-0.2020806746194142,RESP2,PW6B95/cc-pV(D+d)Z,,0.75,C,hf,5,[H:11][c:5]1[c:4]([c:3]([c:2]([c:7]([c:6]1[H:12])[H:13])[O:1][H:8])[H:9])[H:10],,
5,-0.04199881732849074,RESP2,PW6B95/cc-pV(D+d)Z,,0.75,C,hf,6,[H:11][c:5]1[c:4]([c:3]([c:2]([c:7]([c:6]1[H:12])[H:13])[O:1][H:8])[H:9])[H:10],,
6,-0.32657833966826816,RESP2,PW6B95/cc-pV(D+d)Z,,0.75,C,hf,7,[H:11][c:5]1[c:4]([c:3]([c:2]([c:7]([c:6]1[H:12])[H:13])[O:1][H:8])[H:9])[H:10],,
7,0.4083694172584965,RESP2,PW6B95/cc-pV(D+d)Z,,0.75,H,hf,8,[H:11][c:5]1[c:4]([c:3]([c:2]([c:7]([c:6]1[H:12])[H:13])[O:1][H:8])[H:9])[H:10],,
8,0.1591208640046733,RESP2,PW6B95/cc-pV(D+d)Z,,0.75,H,hf,9,[H:11][c:5]1[c:4]([c:3]([c:2]([c:7]([c:6]1[H:12])[H:13])[O:1][H:8])[H:9])[H:10],,
9,0.1188464245066154,RESP2,PW6B95/cc-pV(D+d)Z,,0.75,H,hf,10,[H:11][c:5]1[c:4]([c:3]([c:2]([c:7]([c:6]1[H:12])[H:13])[O:1][H:8])[H:9])[H:10],,
10,0.1278335585627744,RESP2,PW6B95/cc-pV(D+d)Z,,0.75,H,hf,11,[H:11][c:5]1[c:4]([c:3]([c:2]([c:7]([c:6]1[H:12])[H:13])[O:1][H:8])[H:9])[H:10],,
11,0.11578277863826247,RESP2,PW6B95/cc-pV(D+d)Z,,0.75,H,hf,12,[H:11][c:5]1[c:4]([c:3]([c:2]([c:7]([c:6]1[H:12])[H:13])[O:1][H:8])[H:9])[H:10],,
12,0.14276610833345144,RESP2,PW6B95/cc-pV(D+d)Z,,0.75,H,hf,13,[H:11][c:5]1[c:4]([c:3]([c:2]([c:7]([c:6]1[H:12])[H:13])[O:1][H:8])[H:9])[H:10],,
0,-0.5372734467405186,RESP2,PW6B95/cc-pV(D+d)Z,,0.8,O,hf,1,[H:11][c:5]1[c:4]([c:3]([c:2]([c:7]([c:6]1[H:12])[H:13])[O:1][H:8])[H:9])[H:10],,
1,0.3687069026854953,RESP2,PW6B95/cc-pV(D+d)Z,,0.8,C,hf,2,[H:11][c:5]1[c:4]([c:3]([c:2]([c:7]([c:6]1[H:12])[H:13])[O:1][H:8])[H:9])[H:10],,
2,-0.26309130970517813,RESP2,PW6B95/cc-pV(D+d)Z,,0.8,C,hf,3,[H:11][c:5]1[c:4]([c:3]([c:2]([c:7]([c:6]1[H:12])[H:13])[O:1][H:8])[H:9])[H:10],,
3,-0.07237007160486914,RESP2,PW6B95/cc-pV(D+d)Z,,0.8,C,hf,4,[H:11][c:5]1[c:4]([c:3]([c:2]([c:7]([c:6]1[H:12])[H:13])[O:1][H:8])[H:9])[H:10],,
4,-0.20235069898018165,RESP2,PW6B95/cc-pV(D+d)Z,,0.8,C,hf,5,[H:11][c:5]1[c:4]([c:3]([c:2]([c:7]([c:6]1[H:12])[H:13])[O:1][H:8])[H:9])[H:10],,
5,-0.04201155052465862,RESP2,PW6B95/cc-pV(D+d)Z,,0.8,C,hf,6,[H:11][c:5]1[c:4]([c:3]([c:2]([c:7]([c:6]1[H:12])[H:13])[O:1][H:8])[H:9])[H:10],,
6,-0.3265596367814421,RESP2,PW6B95/cc-pV(D+d)Z,,0.8,C,hf,7,[H:11][c:5]1[c:4]([c:3]([c:2]([c:7]([c:6]1[H:12])[H:13])[O:1][H:8])[H:9])[H:10],,
7,0.409328513130608,RESP2,PW6B95/cc-pV(D+d)Z,,0.8,H,hf,8,[H:11][c:5]1[c:4]([c:3]([c:2]([c:7]([c:6]1[H:12])[H:13])[O:1][H:8])[H:9])[H:10],,
8,0.15939301316864748,RESP2,PW6B95/cc-pV(D+d)Z,,0.8,H,hf,9,[H:11][c:5]1[c:4]([c:3]([c:2]([c:7]([c:6]1[H:12])[H:13])[O:1][H:8])[H:9])[H:10],,
9,0.11915550746866035,RESP2,PW6B95/cc-pV(D+d)Z,,0.8,H,hf,10,[H:11][c:5]1[c:4]([c:3]([c:2]([c:7]([c:6]1[H:12])[H:13])[O:1][H:8])[H:9])[H:10],,
10,0.12806318030047667,RESP2,PW6B95/cc-pV(D+d)Z,,0.8,H,hf,11,[H:11][c:5]1[c:4]([c:3]([c:2]([c:7]([c:6]1[H:12])[H:13])[O:1][H:8])[H:9])[H:10],,
11,0.11596438910705001,RESP2,PW6B95/cc-pV(D+d)Z,,0.8,H,hf,12,[H:11][c:5]1[c:4]([c:3]([c:2]([c:7]([c:6]1[H:12])[H:13])[O:1][H:8])[H:9])[H:10],,
12,0.14304520847591046,RESP2,PW6B95/cc-pV(D+d)Z,,0.8,H,hf,13,[H:11][c:5]1[c:4]([c:3]([c:2]([c:7]([c:6]1[H:12])[H:13])[O:1][H:8])[H:9])[H:10],,
0,-0.5383194297806521,RESP2,PW6B95/cc-pV(D+d)Z,,0.8500000000000001,O,hf,1,[H:11][c:5]1[c:4]([c:3]([c:2]([c:7]([c:6]1[H:12])[H:13])[O:1][H:8])[H:9])[H:10],,
1,0.36877782945919546,RESP2,PW6B95/cc-pV(D+d)Z,,0.8500000000000001,C,hf,2,[H:11][c:5]1[c:4]([c:3]([c:2]([c:7]([c:6]1[H:12])[H:13])[O:1][H:8])[H:9])[H:10],,
2,-0.2640172762127699,RESP2,PW6B95/cc-pV(D+d)Z,,0.8500000000000001,C,hf,3,[H:11][c:5]1[c:4]([c:3]([c:2]([c:7]([c:6]1[H:12])[H:13])[O:1][H:8])[H:9])[H:10],,
3,-0.07243565450781418,RESP2,PW6B95/cc-pV(D+d)Z,,0.8500000000000001,C,hf,4,[H:11][c:5]1[c:4]([c:3]([c:2]([c:7]([c:6]1[H:12])[H:13])[O:1][H:8])[H:9])[H:10],,
4,-0.2026207233409492,RESP2,PW6B95/cc-pV(D+d)Z,,0.8500000000000001,C,hf,5,[H:11][c:5]1[c:4]([c:3]([c:2]([c:7]([c:6]1[H:12])[H:13])[O:1][H:8])[H:9])[H:10],,
5,-0.04202428372082651,RESP2,PW6B95/cc-pV(D+d)Z,,0.8500000000000001,C,hf,6,[H:11][c:5]1[c:4]([c:3]([c:2]([c:7]([c:6]1[H:12])[H:13])[O:1][H:8])[H:9])[H:10],,
6,-0.3265409338946161,RESP2,PW6B95/cc-pV(D+d)Z,,0.8500000000000001,C,hf,7,[H:11][c:5]1[c:4]([c:3]([c:2]([c:7]([c:6]1[H:12])[H:13])[O:1][H:8])[H:9])[H:10],,
7,0.41028760900271954,RESP2,PW6B95/cc-pV(D+d)Z,,0.8500000000000001,H,hf,8,[H:11][c:5]1[c:4]([c:3]([c:2]([c:7]([c:6]1[H:12])[H:13])[O:1][H:8])[H:9])[H:10],,
8,0.15966516233262168,RESP2,PW6B95/cc-pV(D+d)Z,,0.8500000000000001,H,hf,9,[H:11][c:5]1[c:4]([c:3]([c:2]([c:7]([c:6]1[H:12])[H:13])[O:1][H:8])[H:9])[H:10],,
9,0.1194645904307053,RESP2,PW6B95/cc-pV(D+d)Z,,0.8500000000000001,H,hf,10,[H:11][c:5]1[c:4]([c:3]([c:2]([c:7]([c:6]1[H:12])[H:13])[O:1][H:8])[H:9])[H:10],,
10,0.12829280203817894,RESP2,PW6B95/cc-pV(D+d)Z,,0.8500000000000001,H,hf,11,[H:11][c:5]1[c:4]([c:3]([c:2]([c:7]([c:6]1[H:12])[H:13])[O:1][H:8])[H:9])[H:10],,
11,0.11614599957583749,RESP2,PW6B95/cc-pV(D+d)Z,,0.8500000000000001,H,hf,12,[H:11][c:5]1[c:4]([c:3]([c:2]([c:7]([c:6]1[H:12])[H:13])[O:1][H:8])[H:9])[H:10],,
12,0.14332430861836948,RESP2,PW6B95/cc-pV(D+d)Z,,0.8500000000000001,H,hf,13,[H:11][c:5]1[c:4]([c:3]([c:2]([c:7]([c:6]1[H:12])[H:13])[O:1][H:8])[H:9])[H:10],,
0,-0.5393654128207857,RESP2,PW6B95/cc-pV(D+d)Z,,0.9,O,hf,1,[H:11][c:5]1[c:4]([c:3]([c:2]([c:7]([c:6]1[H:12])[H:13])[O:1][H:8])[H:9])[H:10],,
1,0.3688487562328957,RESP2,PW6B95/cc-pV(D+d)Z,,0.9,C,hf,2,[H:11][c:5]1[c:4]([c:3]([c:2]([c:7]([c:6]1[H:12])[H:13])[O:1][H:8])[H:9])[H:10],,
2,-0.26494324272036174,RESP2,PW6B95/cc-pV(D+d)Z,,0.9,C,hf,3,[H:11][c:5]1[c:4]([c:3]([c:2]([c:7]([c:6]1[H:12])[H:13])[O:1][H:8])[H:9])[H:10],,
3,-0.07250123741075919,RESP2,PW6B95/cc-pV(D+d)Z,,0.9,C,hf,4,[H:11][c:5]1[c:4]([c:3]([c:2]([c:7]([c:6]1[H:12])[H:13])[O:1][H:8])[H:9])[H:10],,
4,-0.20289074770171664,RESP2,PW6B95/cc-pV(D+d)Z,,0.9,C,hf,5,[H:11][c:5]1[c:4]([c:3]([c:2]([c:7]([c:6]1[H:12])[H:13])[O:1][H:8])[H:9])[H:10],,
5,-0.04203701691699439,RESP2,PW6B95/cc-pV(D+d)Z,,0.9,C,hf,6,[H:11][c:5]1[c:4]([c:3]([c:2]([c:7]([c:6]1[H:12])[H:13])[O:1][H:8])[H:9])[H:10],,
6,-0.3265222310077901,RESP2,PW6B95/cc-pV(D+d)Z,,0.9,C,hf,7,[H:11][c:5]1[c:4]([c:3]([c:2]([c:7]([c:6]1[H:12])[H:13])[O:1][H:8])[H:9])[H:10],,
7,0.411246704874831,RESP2,PW6B95/cc-pV(D+d)Z,,0.9,H,hf,8,[H:11][c:5]1[c:4]([c:3]([c:2]([c:7]([c:6]1[H:12])[H:13])[O:1][H:8])[H:9])[H:10],,
8,0.1599373114965959,RESP2,PW6B95/cc-pV(D+d)Z,,0.9,H,hf,9,[H:11][c:5]1[c:4]([c:3]([c:2]([c:7]([c:6]1[H:12])[H:13])[O:1][H:8])[H:9])[H:10],,
9,0.11977367339275026,RESP2,PW6B95/cc-pV(D+d)Z,,0.9,H,hf,10,[H:11][c:5]1[c:4]([c:3]([c:2]([c:7]([c:6]1[H:12])[H:13])[O:1][H:8])[H:9])[H:10],,
10,0.12852242377588124,RESP2,PW6B95/cc-pV(D+d)Z,,0.9,H,hf,11,[H:11][c:5]1[c:4]([c:3]([c:2]([c:7]([c:6]1[H:12])[H:13])[O:1][H:8])[H:9])[H:10],,
11,0.11632761004462502,RESP2,PW6B95/cc-pV(D+d)Z,,0.9,H,hf,12,[H:11][c:5]1[c:4]([c:3]([c:2]([c:7]([c:6]1[H:12])[H:13])[O:1][H:8])[H:9])[H:10],,
12,0.14360340876082853,RESP2,PW6B95/cc-pV(D+d)Z,,0.9,H,hf,13,[H:11][c:5]1[c:4]([c:3]([c:2]([c:7]([c:6]1[H:12])[H:13])[O:1][H:8])[H:9])[H:10],,
0,-0.5404113958609191,RESP2,PW6B95/cc-pV(D+d)Z,,0.9500000000000001,O,hf,1,[H:11][c:5]1[c:4]([c:3]([c:2]([c:7]([c:6]1[H:12])[H:13])[O:1][H:8])[H:9])[H:10],,
1,0.3689196830065959,RESP2,PW6B95/cc-pV(D+d)Z,,0.9500000000000001,C,hf,2,[H:11][c:5]1[c:4]([c:3]([c:2]([c:7]([c:6]1[H:12])[H:13])[O:1][H:8])[H:9])[H:10],,
2,-0.2658692092279535,RESP2,PW6B95/cc-pV(D+d)Z,,0.9500000000000001,C,hf,3,[H:11][c:5]1[c:4]([c:3]([c:2]([c:7]([c:6]1[H:12])[H:13])[O:1][H:8])[H:9])[H:10],,
3,-0.0725668203137042,RESP2,PW6B95/cc-pV(D+d)Z,,0.9500000000000001,C,hf,4,[H:11][c:5]1[c:4]([c:3]([c:2]([c:7]([c:6]1[H:12])[H:13])[O:1][H:8])[H:9])[H:10],,
4,-0.20316077206248412,RESP2,PW6B95/cc-pV(D+d)Z,,0.9500000000000001,C,hf,5,[H:11][c:5]1[c:4]([c:3]([c:2]([c:7]([c:6]1[H:12])[H:13])[O:1][H:8])[H:9])[H:10],,
5,-0.04204975011316225,RESP2,PW6B95/cc-pV(D+d)Z,,0.9500000000000001,C,hf,6,[H:11][c:5]1[c:4]([c:3]([c:2]([c:7]([c:6]1[H:12])[H:13])[O:1][H:8])[H:9])[H:10],,
6,-0.32650352812096406,RESP2,PW6B95/cc-pV(D+d)Z,,0.9500000000000001,C,hf,7,[H:11][c:5]1[c:4]([c:3]([c:2]([c:7]([c:6]1[H:12])[H:13])[O:1][H:8])[H:9])[H:10],,
7,0.41220580074694246,RESP2,PW6B95/cc-pV(D+d)Z,,0.9500000000000001,H,hf,8,[H:11][c:5]1[c:4]([c:3]([c:2]([c:7]([c:6]1[H:12])[H:13])[O:1][H:8])[H:9])[H:10],,
8,0.1602094606605701,RESP2,PW6B95/cc-pV(D+d)Z,,0.9500000000000001,H,hf,9,[H:11][c:5]1[c:4]([c:3]([c:2]([c:7]([c:6]1[H:12])[H:13])[O:1][H:8])[H:9])[H:10],,
9,0.12008275635479522,RESP2,PW6B95/cc-pV(D+d)Z,,0.9500000000000001,H,hf,10,[H:11][c:5]1[c:4]([c:3]([c:2]([c:7]([c:6]1[H:12])[H:13])[O:1][H:8])[H:9])[H:10],,
10,0.12875204551358352,RESP2,PW6B95/cc-pV(D+d)Z,,0.9500000000000001,H,hf,11,[H:11][c:5]1[c:4]([c:3]([c:2]([c:7]([c:6]1[H:12])[H:13])[O:1][H:8])[H:9])[H:10],,
11,0.11650922051341255,RESP2,PW6B95/cc-pV(D+d)Z,,0.9500000000000001,H,hf,12,[H:11][c:5]1[c:4]([c:3]([c:2]([c:7]([c:6]1[H:12])[H:13])[O:1][H:8])[H:9])[H:10],,
12,0.14388250890328755,RESP2,PW6B95/cc-pV(D+d)Z,,0.9500000000000001,H,hf,13,[H:11][c:5]1[c:4]([c:3]([c:2]([c:7]([c:6]1[H:12])[H:13])[O:1][H:8])[H:9])[H:10],,
0,-0.5414573789010527,RESP2,PW6B95/cc-pV(D+d)Z,,1.0,O,hf,1,[H:11][c:5]1[c:4]([c:3]([c:2]([c:7]([c:6]1[H:12])[H:13])[O:1][H:8])[H:9])[H:10],,
1,0.3689906097802961,RESP2,PW6B95/cc-pV(D+d)Z,,1.0,C,hf,2,[H:11][c:5]1[c:4]([c:3]([c:2]([c:7]([c:6]1[H:12])[H:13])[O:1][H:8])[H:9])[H:10],,
2,-0.26679517573554523,RESP2,PW6B95/cc-pV(D+d)Z,,1.0,C,hf,3,[H:11][c:5]1[c:4]([c:3]([c:2]([c:7]([c:6]1[H:12])[H:13])[O:1][H:8])[H:9])[H:10],,
3,-0.07263240321664922,RESP2,PW6B95/cc-pV(D+d)Z,,1.0,C,hf,4,[H:11][c:5]1[c:4]([c:3]([c:2]([c:7]([c:6]1[H:12])[H:13])[O:1][H:8])[H:9])[H:10],,
4,-0.20343079642325163,RESP2,PW6B95/cc-pV(D+d)Z,,1.0,C,hf,5,[H:11][c:5]1[c:4]([c:3]([c:2]([c:7]([c:6]1[H:12])[H:13])[O:1][H:8])[H:9])[H:10],,
5,-0.042062483309330136,RESP2,PW6B95/cc-pV(D+d)Z,,1.0,C,hf,6,[H:11][c:5]1[c:4]([c:3]([c:2]([c:7]([c:6]1[H:12])[H:13])[O:1][H:8])[H:9])[H:10],,
6,-0.3264848252341381,RESP2,PW6B95/cc-pV(D+d)Z,,1.0,C,hf,7,[H:11][c:5]1[c:4]([c:3]([c:2]([c:7]([c:6]1[H:12])[H:13])[O:1][H:8])[H:9])[H:10],,
7,0.413164896619054,RESP2,PW6B95/cc-pV(D+d)Z,,1.0,H,hf,8,[H:11][c:5]1[c:4]([c:3]([c:2]([c:7]([c:6]1[H:12])[H:13])[O:1][H:8])[H:9])[H:10],,
8,0.1604816098245443,RESP2,PW6B95/cc-pV(D+d)Z,,1.0,H,hf,9,[H:11][c:5]1[c:4]([c:3]([c:2]([c:7]([c:6]1[H:12])[H:13])[O:1][H:8])[H:9])[H:10],,
9,0.12039183931684018,RESP2,PW6B95/cc-pV(D+d)Z,,1.0,H,hf,10,[H:11][c:5]1[c:4]([c:3]([c:2]([c:7]([c:6]1[H:12])[H:13])[O:1][H:8])[H:9])[H:10],,
10,0.1289816672512858,RESP2,PW6B95/cc-pV(D+d)Z,,1.0,H,hf,11,[H:11][c:5]1[c:4]([c:3]([c:2]([c:7]([c:6]1[H:12])[H:13])[O:1][H:8])[H:9])[H:10],,
11,0.11669083098220007,RESP2,PW6B95/cc-pV(D+d)Z,,1.0,H,hf,12,[H:11][c:5]1[c:4]([c:3]([c:2]([c:7]([c:6]1[H:12])[H:13])[O:1][H:8])[H:9])[H:10],,
12,0.14416160904574654,RESP2,PW6B95/cc-pV(D+d)Z,,1.0,H,hf,13,[H:11][c:5]1[c:4]([c:3]([c:2]([c:7]([c:6]1[H:12])[H:13])[O:1][H:8])[H:9])[H:10],,
0,-0.5192224017950194,RESP2,PW6B95/cc-pV(D+d)Z,1.0,0.0,O,resp2,1,[H:11][c:5]1[c:4]([c:3]([c:2]([c:7]([c:6]1[H:12])[H:13])[O:1][H:8])[H:9])[H:10],,
1,0.3735237821872513,RESP2,PW6B95/cc-pV(D+d)Z,1.0,0.0,C,resp2,2,[H:11][c:5]1[c:4]([c:3]([c:2]([c:7]([c:6]1[H:12])[H:13])[O:1][H:8])[H:9])[H:10],,
2,-0.2583486782799591,RESP2,PW6B95/cc-pV(D+d)Z,1.0,0.0,C,resp2,3,[H:11][c:5]1[c:4]([c:3]([c:2]([c:7]([c:6]1[H:12])[H:13])[O:1][H:8])[H:9])[H:10],,
3,-0.08187309896361107,RESP2,PW6B95/cc-pV(D+d)Z,1.0,0.0,C,resp2,4,[H:11][c:5]1[c:4]([c:3]([c:2]([c:7]([c:6]1[H:12])[H:13])[O:1][H:8])[H:9])[H:10],,
4,-0.19813095520747961,RESP2,PW6B95/cc-pV(D+d)Z,1.0,0.0,C,resp2,5,[H:11][c:5]1[c:4]([c:3]([c:2]([c:7]([c:6]1[H:12])[H:13])[O:1][H:8])[H:9])[H:10],,
5,-0.04780145741774773,RESP2,PW6B95/cc-pV(D+d)Z,1.0,0.0,C,resp2,6,[H:11][c:5]1[c:4]([c:3]([c:2]([c:7]([c:6]1[H:12])[H:13])[O:1][H:8])[H:9])[H:10],,
6,-0.3393215990711632,RESP2,PW6B95/cc-pV(D+d)Z,1.0,0.0,C,resp2,7,[H:11][c:5]1[c:4]([c:3]([c:2]([c:7]([c:6]1[H:12])[H:13])[O:1][H:8])[H:9])[H:10],,
7,0.39583445557928704,RESP2,PW6B95/cc-pV(D+d)Z,1.0,0.0,H,resp2,8,[H:11][c:5]1[c:4]([c:3]([c:2]([c:7]([c:6]1[H:12])[H:13])[O:1][H:8])[H:9])[H:10],,
8,0.1624733267426124,RESP2,PW6B95/cc-pV(D+d)Z,1.0,0.0,H,resp2,9,[H:11][c:5]1[c:4]([c:3]([c:2]([c:7]([c:6]1[H:12])[H:13])[O:1][H:8])[H:9])[H:10],,
9,0.12120537368379235,RESP2,PW6B95/cc-pV(D+d)Z,1.0,0.0,H,resp2,10,[H:11][c:5]1[c:4]([c:3]([c:2]([c:7]([c:6]1[H:12])[H:13])[O:1][H:8])[H:9])[H:10],,
10,0.1283682170902936,RESP2,PW6B95/cc-pV(D+d)Z,1.0,0.0,H,resp2,11,[H:11][c:5]1[c:4]([c:3]([c:2]([c:7]([c:6]1[H:12])[H:13])[O:1][H:8])[H:9])[H:10],,
11,0.11909763570795599,RESP2,PW6B95/cc-pV(D+d)Z,1.0,0.0,H,resp2,12,[H:11][c:5]1[c:4]([c:3]([c:2]([c:7]([c:6]1[H:12])[H:13])[O:1][H:8])[H:9])[H:10],,
12,0.14419539974378734,RESP2,PW6B95/cc-pV(D+d)Z,1.0,0.0,H,resp2,13,[H:11][c:5]1[c:4]([c:3]([c:2]([c:7]([c:6]1[H:12])[H:13])[O:1][H:8])[H:9])[H:10],,
0,-0.5202644044632241,RESP2,PW6B95/cc-pV(D+d)Z,1.0,0.05,O,resp2,1,[H:11][c:5]1[c:4]([c:3]([c:2]([c:7]([c:6]1[H:12])[H:13])[O:1][H:8])[H:9])[H:10],,
1,0.3735749656634357,RESP2,PW6B95/cc-pV(D+d)Z,1.0,0.05,C,resp2,2,[H:11][c:5]1[c:4]([c:3]([c:2]([c:7]([c:6]1[H:12])[H:13])[O:1][H:8])[H:9])[H:10],,
2,-0.25926400924346327,RESP2,PW6B95/cc-pV(D+d)Z,1.0,0.05,C,resp2,3,[H:11][c:5]1[c:4]([c:3]([c:2]([c:7]([c:6]1[H:12])[H:13])[O:1][H:8])[H:9])[H:10],,
3,-0.08189653373286078,RESP2,PW6B95/cc-pV(D+d)Z,1.0,0.05,C,resp2,4,[H:11][c:5]1[c:4]([c:3]([c:2]([c:7]([c:6]1[H:12])[H:13])[O:1][H:8])[H:9])[H:10],,
4,-0.19848041978776368,RESP2,PW6B95/cc-pV(D+d)Z,1.0,0.05,C,resp2,5,[H:11][c:5]1[c:4]([c:3]([c:2]([c:7]([c:6]1[H:12])[H:13])[O:1][H:8])[H:9])[H:10],,
5,-0.04776792956271978,RESP2,PW6B95/cc-pV(D+d)Z,1.0,0.05,C,resp2,6,[H:11][c:5]1[c:4]([c:3]([c:2]([c:7]([c:6]1[H:12])[H:13])[O:1][H:8])[H:9])[H:10],,
6,-0.3392967037836797,RESP2,PW6B95/cc-pV(D+d)Z,1.0,0.05,C,resp2,7,[H:11][c:5]1[c:4]([c:3]([c:2]([c:7]([c:6]1[H:12])[H:13])[O:1][H:8])[H:9])[H:10],,
7,0.39678981236391686,RESP2,PW6B95/cc-pV(D+d)Z,1.0,0.05,H,resp2,8,[H:11][c:5]1[c:4]([c:3]([c:2]([c:7]([c:6]1[H:12])[H:13])[O:1][H:8])[H:9])[H:10],,
8,0.16273670488220762,RESP2,PW6B95/cc-pV(D+d)Z,1.0,0.05,H,resp2,9,[H:11][c:5]1[c:4]([c:3]([c:2]([c:7]([c:6]1[H:12])[H:13])[O:1][H:8])[H:9])[H:10],,
9,0.12150554036948166,RESP2,PW6B95/cc-pV(D+d)Z,1.0,0.05,H,resp2,10,[H:11][c:5]1[c:4]([c:3]([c:2]([c:7]([c:6]1[H:12])[H:13])[O:1][H:8])[H:9])[H:10],,
10,0.12862052646722694,RESP2,PW6B95/cc-pV(D+d)Z,1.0,0.05,H,resp2,11,[H:11][c:5]1[c:4]([c:3]([c:2]([c:7]([c:6]1[H:12])[H:13])[O:1][H:8])[H:9])[H:10],,
11,0.1192681421836932,RESP2,PW6B95/cc-pV(D+d)Z,1.0,0.05,H,resp2,12,[H:11][c:5]1[c:4]([c:3]([c:2]([c:7]([c:6]1[H:12])[H:13])[O:1][H:8])[H:9])[H:10],,
12,0.14447430864374952,RESP2,PW6B95/cc-pV(D+d)Z,1.0,0.05,H,resp2,13,[H:11][c:5]1[c:4]([c:3]([c:2]([c:7]([c:6]1[H:12])[H:13])[O:1][H:8])[H:9])[H:10],,
0,-0.5213064071314288,RESP2,PW6B95/cc-pV(D+d)Z,1.0,0.1,O,resp2,1,[H:11][c:5]1[c:4]([c:3]([c:2]([c:7]([c:6]1[H:12])[H:13])[O:1][H:8])[H:9])[H:10],,
1,0.37362614913962006,RESP2,PW6B95/cc-pV(D+d)Z,1.0,0.1,C,resp2,2,[H:11][c:5]1[c:4]([c:3]([c:2]([c:7]([c:6]1[H:12])[H:13])[O:1][H:8])[H:9])[H:10],,
2,-0.2601793402069674,RESP2,PW6B95/cc-pV(D+d)Z,1.0,0.1,C,resp2,3,[H:11][c:5]1[c:4]([c:3]([c:2]([c:7]([c:6]1[H:12])[H:13])[O:1][H:8])[H:9])[H:10],,
3,-0.08191996850211054,RESP2,PW6B95/cc-pV(D+d)Z,1.0,0.1,C,resp2,4,[H:11][c:5]1[c:4]([c:3]([c:2]([c:7]([c:6]1[H:12])[H:13])[O:1][H:8])[H:9])[H:10],,
4,-0.19882988436804785,RESP2,PW6B95/cc-pV(D+d)Z,1.0,0.1,C,resp2,5,[H:11][c:5]1[c:4]([c:3]([c:2]([c:7]([c:6]1[H:12])[H:13])[O:1][H:8])[H:9])[H:10],,
5,-0.04773440170769188,RESP2,PW6B95/cc-pV(D+d)Z,1.0,0.1,C,resp2,6,[H:11][c:5]1[c:4]([c:3]([c:2]([c:7]([c:6]1[H:12])[H:13])[O:1][H:8])[H:9])[H:10],,
6,-0.33927180849619626,RESP2,PW6B95/cc-pV(D+d)Z,1.0,0.1,C,resp2,7,[H:11][c:5]1[c:4]([c:3]([c:2]([c:7]([c:6]1[H:12])[H:13])[O:1][H:8])[H:9])[H:10],,
7,0.39774516914854674,RESP2,PW6B95/cc-pV(D+d)Z,1.0,0.1,H,resp2,8,[H:11][c:5]1[c:4]([c:3]([c:2]([c:7]([c:6]1[H:12])[H:13])[O:1][H:8])[H:9])[H:10],,
8,0.16300008302180277,RESP2,PW6B95/cc-pV(D+d)Z,1.0,0.1,H,resp2,9,[H:11][c:5]1[c:4]([c:3]([c:2]([c:7]([c:6]1[H:12])[H:13])[O:1][H:8])[H:9])[H:10],,
9,0.12180570705517098,RESP2,PW6B95/cc-pV(D+d)Z,1.0,0.1,H,resp2,10,[H:11][c:5]1[c:4]([c:3]([c:2]([c:7]([c:6]1[H:12])[H:13])[O:1][H:8])[H:9])[H:10],,
10,0.12887283584416023,RESP2,PW6B95/cc-pV(D+d)Z,1.0,0.1,H,resp2,11,[H:11][c:5]1[c:4]([c:3]([c:2]([c:7]([c:6]1[H:12])[H:13])[O:1][H:8])[H:9])[H:10],,
11,0.11943864865943038,RESP2,PW6B95/cc-pV(D+d)Z,1.0,0.1,H,resp2,12,[H:11][c:5]1[c:4]([c:3]([c:2]([c:7]([c:6]1[H:12])[H:13])[O:1][H:8])[H:9])[H:10],,
12,0.14475321754371168,RESP2,PW6B95/cc-pV(D+d)Z,1.0,0.1,H,resp2,13,[H:11][c:5]1[c:4]([c:3]([c:2]([c:7]([c:6]1[H:12])[H:13])[O:1][H:8])[H:9])[H:10],,
0,-0.5223484097996335,RESP2,PW6B95/cc-pV(D+d)Z,1.0,0.15000000000000002,O,resp2,1,[H:11][c:5]1[c:4]([c:3]([c:2]([c:7]([c:6]1[H:12])[H:13])[O:1][H:8])[H:9])[H:10],,
1,0.3736773326158044,RESP2,PW6B95/cc-pV(D+d)Z,1.0,0.15000000000000002,C,resp2,2,[H:11][c:5]1[c:4]([c:3]([c:2]([c:7]([c:6]1[H:12])[H:13])[O:1][H:8])[H:9])[H:10],,
2,-0.26109467117047164,RESP2,PW6B95/cc-pV(D+d)Z,1.0,0.15000000000000002,C,resp2,3,[H:11][c:5]1[c:4]([c:3]([c:2]([c:7]([c:6]1[H:12])[H:13])[O:1][H:8])[H:9])[H:10],,
3,-0.08194340327136028,RESP2,PW6B95/cc-pV(D+d)Z,1.0,0.15000000000000002,C,resp2,4,[H:11][c:5]1[c:4]([c:3]([c:2]([c:7]([c:6]1[H:12])[H:13])[O:1][H:8])[H:9])[H:10],,
4,-0.19917934894833195,RESP2,PW6B95/cc-pV(D+d)Z,1.0,0.15000000000000002,C,resp2,5,[H:11][c:5]1[c:4]([c:3]([c:2]([c:7]([c:6]1[H:12])[H:13])[O:1][H:8])[H:9])[H:10],,
5,-0.04770087385266396,RESP2,PW6B95/cc-pV(D+d)Z,1.0,0.15000000000000002,C,resp2,6,[H:11][c:5]1[c:4]([c:3]([c:2]([c:7]([c:6]1[H:12])[H:13])[O:1][H:8])[H:9])[H:10],,
6,-0.33924691320871286,RESP2,PW6B95/cc-pV(D+d)Z,1.0,0.15000000000000002,C,resp2,7,[H:11][c:5]1[c:4]([c:3]([c:2]([c:7]([c:6]1[H:12])[H:13])[O:1][H:8])[H:9])[H:10],,
7,0.3987005259331766,RESP2,PW6B95/cc-pV(D+d)Z,1.0,0.15000000000000002,H,resp2,8,[H:11][c:5]1[c:4]([c:3]([c:2]([c:7]([c:6]1[H:12])[H:13])[O:1][H:8])[H:9])[H:10],,
8,0.16326346116139795,RESP2,PW6B95/cc-pV(D+d)Z,1.0,0.15000000000000002,H,resp2,9,[H:11][c:5]1[c:4]([c:3]([c:2]([c:7]([c:6]1[H:12])[H:13])[O:1][H:8])[H:9])[H:10],,
9,0.12210587374086027,RESP2,PW6B95/cc-pV(D+d)Z,1.0,0.15000000000000002,H,resp2,10,[H:11][c:5]1[c:4]([c:3]([c:2]([c:7]([c:6]1[H:12])[H:13])[O:1][H:8])[H:9])[H:10],,
10,0.12912514522109356,RESP2,PW6B95/cc-pV(D+d)Z,1.0,0.15000000000000002,H,resp2,11,[H:11][c:5]1[c:4]([c:3]([c:2]([c:7]([c:6]1[H:12])[H:13])[O:1][H:8])[H:9])[H:10],,
11,0.11960915513516757,RESP2,PW6B95/cc-pV(D+d)Z,1.0,0.15000000000000002,H,resp2,12,[H:11][c:5]1[c:4]([c:3]([c:2]([c:7]([c:6]1[H:12])[H:13])[O:1][H:8])[H:9])[H:10],,
12,0.14503212644367386,RESP2,PW6B95/cc-pV(D+d)Z,1.0,0.15000000000000002,H,resp2,13,[H:11][c:5]1[c:4]([c:3]([c:2]([c:7]([c:6]1[H:12])[H:13])[O:1][H:8])[H:9])[H:10],,
0,-0.5233904124678382,RESP2,PW6B95/cc-pV(D+d)Z,1.0,0.2,O,resp2,1,[H:11][c:5]1[c:4]([c:3]([c:2]([c:7]([c:6]1[H:12])[H:13])[O:1][H:8])[H:9])[H:10],,
1,0.37372851609198876,RESP2,PW6B95/cc-pV(D+d)Z,1.0,0.2,C,resp2,2,[H:11][c:5]1[c:4]([c:3]([c:2]([c:7]([c:6]1[H:12])[H:13])[O:1][H:8])[H:9])[H:10],,
2,-0.26201000213397585,RESP2,PW6B95/cc-pV(D+d)Z,1.0,0.2,C,resp2,3,[H:11][c:5]1[c:4]([c:3]([c:2]([c:7]([c:6]1[H:12])[H:13])[O:1][H:8])[H:9])[H:10],,
3,-0.08196683804061002,RESP2,PW6B95/cc-pV(D+d)Z,1.0,0.2,C,resp2,4,[H:11][c:5]1[c:4]([c:3]([c:2]([c:7]([c:6]1[H:12])[H:13])[O:1][H:8])[H:9])[H:10],,
4,-0.19952881352861607,RESP2,PW6B95/cc-pV(D+d)Z,1.0,0.2,C,resp2,5,[H:11][c:5]1[c:4]([c:3]([c:2]([c:7]([c:6]1[H:12])[H:13])[O:1][H:8])[H:9])[H:10],,
5,-0.04766734599763603,RESP2,PW6B95/cc-pV(D+d)Z,1.0,0.2,C,resp2,6,[H:11][c:5]1[c:4]([c:3]([c:2]([c:7]([c:6]1[H:12])[H:13])[O:1][H:8])[H:9])[H:10],,
6,-0.3392220179212294,RESP2,PW6B95/cc-pV(D+d)Z,1.0,0.2,C,resp2,7,[H:11][c:5]1[c:4]([c:3]([c:2]([c:7]([c:6]1[H:12])[H:13])[O:1][H:8])[H:9])[H:10],,
7,0.39965588271780644,RESP2,PW6B95/cc-pV(D+d)Z,1.0,0.2,H,resp2,8,[H:11][c:5]1[c:4]([c:3]([c:2]([c:7]([c:6]1[H:12])[H:13])[O:1][H:8])[H:9])[H:10],,
8,0.16352683930099318,RESP2,PW6B95/cc-pV(D+d)Z,1.0,0.2,H,resp2,9,[H:11][c:5]1[c:4]([c:3]([c:2]([c:7]([c:6]1[H:12])[H:13])[O:1][H:8])[H:9])[H:10],,
9,0.12240604042654958,RESP2,PW6B95/cc-pV(D+d)Z,1.0,0.2,H,resp2,10,[H:11][c:5]1[c:4]([c:3]([c:2]([c:7]([c:6]1[H:12])[H:13])[O:1][H:8])[H:9])[H:10],,
10,0.12937745459802688,RESP2,PW6B95/cc-pV(D+d)Z,1.0,0.2,H,resp2,11,[H:11][c:5]1[c:4]([c:3]([c:2]([c:7]([c:6]1[H:12])[H:13])[O:1][H:8])[H:9])[H:10],,
11,0.11977966161090477,RESP2,PW6B95/cc-pV(D+d)Z,1.0,0.2,H,resp2,12,[H:11][c:5]1[c:4]([c:3]([c:2]([c:7]([c:6]1[H:12])[H:13])[O:1][H:8])[H:9])[H:10],,
12,0.145311035343636,RESP2,PW6B95/cc-pV(D+d)Z,1.0,0.2,H,resp2,13,[H:11][c:5]1[c:4]([c:3]([c:2]([c:7]([c:6]1[H:12])[H:13])[O:1][H:8])[H:9])[H:10],,
0,-0.5244324151360429,RESP2,PW6B95/cc-pV(D+d)Z,1.0,0.25,O,resp2,1,[H:11][c:5]1[c:4]([c:3]([c:2]([c:7]([c:6]1[H:12])[H:13])[O:1][H:8])[H:9])[H:10],,
1,0.3737796995681731,RESP2,PW6B95/cc-pV(D+d)Z,1.0,0.25,C,resp2,2,[H:11][c:5]1[c:4]([c:3]([c:2]([c:7]([c:6]1[H:12])[H:13])[O:1][H:8])[H:9])[H:10],,
2,-0.26292533309748,RESP2,PW6B95/cc-pV(D+d)Z,1.0,0.25,C,resp2,3,[H:11][c:5]1[c:4]([c:3]([c:2]([c:7]([c:6]1[H:12])[H:13])[O:1][H:8])[H:9])[H:10],,
3,-0.08199027280985975,RESP2,PW6B95/cc-pV(D+d)Z,1.0,0.25,C,resp2,4,[H:11][c:5]1[c:4]([c:3]([c:2]([c:7]([c:6]1[H:12])[H:13])[O:1][H:8])[H:9])[H:10],,
4,-0.19987827810890013,RESP2,PW6B95/cc-pV(D+d)Z,1.0,0.25,C,resp2,5,[H:11][c:5]1[c:4]([c:3]([c:2]([c:7]([c:6]1[H:12])[H:13])[O:1][H:8])[H:9])[H:10],,
5,-0.0476338181426081,RESP2,PW6B95/cc-pV(D+d)Z,1.0,0.25,C,resp2,6,[H:11][c:5]1[c:4]([c:3]([c:2]([c:7]([c:6]1[H:12])[H:13])[O:1][H:8])[H:9])[H:10],,
6,-0.33919712263374596,RESP2,PW6B95/cc-pV(D+d)Z,1.0,0.25,C,resp2,7,[H:11][c:5]1[c:4]([c:3]([c:2]([c:7]([c:6]1[H:12])[H:13])[O:1][H:8])[H:9])[H:10],,
7,0.40061123950243627,RESP2,PW6B95/cc-pV(D+d)Z,1.0,0.25,H,resp2,8,[H:11][c:5]1[c:4]([c:3]([c:2]([c:7]([c:6]1[H:12])[H:13])[O:1][H:8])[H:9])[H:10],,
8,0.16379021744058836,RESP2,PW6B95/cc-pV(D+d)Z,1.0,0.25,H,resp2,9,[H:11][c:5]1[c:4]([c:3]([c:2]([c:7]([c:6]1[H:12])[H:13])[O:1][H:8])[H:9])[H:10],,
9,0.12270620711223888,RESP2,PW6B95/cc-pV(D+d)Z,1.0,0.25,H,resp2,10,[H:11][c:5]1[c:4]([c:3]([c:2]([c:7]([c:6]1[H:12])[H:13])[O:1][H:8])[H:9])[H:10],,
10,0.12962976397496023,RESP2,PW6B95/cc-pV(D+d)Z,1.0,0.25,H,resp2,11,[H:11][c:5]1[c:4]([c:3]([c:2]([c:7]([c:6]1[H:12])[H:13])[O:1][H:8])[H:9])[H:10],,
11,0.11995016808664195,RESP2,PW6B95/cc-pV(D+d)Z,1.0,0.25,H,resp2,12,[H:11][c:5]1[c:4]([c:3]([c:2]([c:7]([c:6]1[H:12])[H:13])[O:1][H:8])[H:9])[H:10],,
12,0.1455899442435982,RESP2,PW6B95/cc-pV(D+d)Z,1.0,0.25,H,resp2,13,[H:11][c:5]1[c:4]([c:3]([c:2]([c:7]([c:6]1[H:12])[H:13])[O:1][H:8])[H:9])[H:10],,
0,-0.5254744178042476,RESP2,PW6B95/cc-pV(D+d)Z,1.0,0.30000000000000004,O,resp2,1,[H:11][c:5]1[c:4]([c:3]([c:2]([c:7]([c:6]1[H:12])[H:13])[O:1][H:8])[H:9])[H:10],,
1,0.37383088304435746,RESP2,PW6B95/cc-pV(D+d)Z,1.0,0.30000000000000004,C,resp2,2,[H:11][c:5]1[c:4]([c:3]([c:2]([c:7]([c:6]1[H:12])[H:13])[O:1][H:8])[H:9])[H:10],,
2,-0.2638406640609842,RESP2,PW6B95/cc-pV(D+d)Z,1.0,0.30000000000000004,C,resp2,3,[H:11][c:5]1[c:4]([c:3]([c:2]([c:7]([c:6]1[H:12])[H:13])[O:1][H:8])[H:9])[H:10],,
3,-0.08201370757910949,RESP2,PW6B95/cc-pV(D+d)Z,1.0,0.30000000000000004,C,resp2,4,[H:11][c:5]1[c:4]([c:3]([c:2]([c:7]([c:6]1[H:12])[H:13])[O:1][H:8])[H:9])[H:10],,
4,-0.20022774268918422,RESP2,PW6B95/cc-pV(D+d)Z,1.0,0.30000000000000004,C,resp2,5,[H:11][c:5]1[c:4]([c:3]([c:2]([c:7]([c:6]1[H:12])[H:13])[O:1][H:8])[H:9])[H:10],,
5,-0.047600290287580185,RESP2,PW6B95/cc-pV(D+d)Z,1.0,0.30000000000000004,C,resp2,6,[H:11][c:5]1[c:4]([c:3]([c:2]([c:7]([c:6]1[H:12])[H:13])[O:1][H:8])[H:9])[H:10],,
6,-0.3391722273462625,RESP2,PW6B95/cc-pV(D+d)Z,1.0,0.30000000000000004,C,resp2,7,[H:11][c:5]1[c:4]([c:3]([c:2]([c:7]([c:6]1[H:12])[H:13])[O:1][H:8])[H:9])[H:10],,
7,0.4015665962870661,RESP2,PW6B95/cc-pV(D+d)Z,1.0,0.30000000000000004,H,resp2,8,[H:11][c:5]1[c:4]([c:3]([c:2]([c:7]([c:6]1[H:12])[H:13])[O:1][H:8])[H:9])[H:10],,
8,0.16405359558018356,RESP2,PW6B95/cc-pV(D+d)Z,1.0,0.30000000000000004,H,resp2,9,[H:11][c:5]1[c:4]([c:3]([c:2]([c:7]([c:6]1[H:12])[H:13])[O:1][H:8])[H:9])[H:10],,
9,0.12300637379792818,RESP2,PW6B95/cc-pV(D+d)Z,1.0,0.30000000000000004,H,resp2,10,[H:11][c:5]1[c:4]([c:3]([c:2]([c:7]([c:6]1[H:12])[H:13])[O:1][H:8])[H:9])[H:10],,
10,0.12988207335189353,RESP2,PW6B95/cc-pV(D+d)Z,1.0,0.30000000000000004,H,resp2,11,[H:11][c:5]1[c:4]([c:3]([c:2]([c:7]([c:6]1[H:12])[H:13])[O:1][H:8])[H:9])[H:10],,
11,0.12012067456237913,RESP2,PW6B95/cc-pV(D+d)Z,1.0,0.30000000000000004,H,resp2,12,[H:11][c:5]1[c:4]([c:3]([c:2]([c:7]([c:6]1[H:12])[H:13])[O:1][H:8])[H:9])[H:10],,
12,0.14586885314356038,RESP2,PW6B95/cc-pV(D+d)Z,1.0,0.30000000000000004,H,resp2,13,[H:11][c:5]1[c:4]([c:3]([c:2]([c:7]([c:6]1[H:12])[H:13])[O:1][H:8])[H:9])[H:10],,
0,-0.5265164204724523,RESP2,PW6B95/cc-pV(D+d)Z,1.0,0.35000000000000003,O,resp2,1,[H:11][c:5]1[c:4]([c:3]([c:2]([c:7]([c:6]1[H:12])[H:13])[O:1][H:8])[H:9])[H:10],,
1,0.3738820665205418,RESP2,PW6B95/cc-pV(D+d)Z,1.0,0.35000000000000003,C,resp2,2,[H:11][c:5]1[c:4]([c:3]([c:2]([c:7]([c:6]1[H:12])[H:13])[O:1][H:8])[H:9])[H:10],,
2,-0.26475599502448843,RESP2,PW6B95/cc-pV(D+d)Z,1.0,0.35000000000000003,C,resp2,3,[H:11][c:5]1[c:4]([c:3]([c:2]([c:7]([c:6]1[H:12])[H:13])[O:1][H:8])[H:9])[H:10],,
3,-0.08203714234835922,RESP2,PW6B95/cc-pV(D+d)Z,1.0,0.35000000000000003,C,resp2,4,[H:11][c:5]1[c:4]([c:3]([c:2]([c:7]([c:6]1[H:12])[H:13])[O:1][H:8])[H:9])[H:10],,
4,-0.20057720726946832,RESP2,PW6B95/cc-pV(D+d)Z,1.0,0.35000000000000003,C,resp2,5,[H:11][c:5]1[c:4]([c:3]([c:2]([c:7]([c:6]1[H:12])[H:13])[O:1][H:8])[H:9])[H:10],,
5,-0.047566762432552256,RESP2,PW6B95/cc-pV(D+d)Z,1.0,0.35000000000000003,C,resp2,6,[H:11][c:5]1[c:4]([c:3]([c:2]([c:7]([c:6]1[H:12])[H:13])[O:1][H:8])[H:9])[H:10],,
6,-0.33914733205877906,RESP2,PW6B95/cc-pV(D+d)Z,1.0,0.35000000000000003,C,resp2,7,[H:11][c:5]1[c:4]([c:3]([c:2]([c:7]([c:6]1[H:12])[H:13])[O:1][H:8])[H:9])[H:10],,
7,0.4025219530716959,RESP2,PW6B95/cc-pV(D+d)Z,1.0,0.35000000000000003,H,resp2,8,[H:11][c:5]1[c:4]([c:3]([c:2]([c:7]([c:6]1[H:12])[H:13])[O:1][H:8])[H:9])[H:10],,
8,0.16431697371977874,RESP2,PW6B95/cc-pV(D+d)Z,1.0,0.35000000000000003,H,resp2,9,[H:11][c:5]1[c:4]([c:3]([c:2]([c:7]([c:6]1[H:12])[H:13])[O:1][H:8])[H:9])[H:10],,
9,0.12330654048361749,RESP2,PW6B95/cc-pV(D+d)Z,1.0,0.35000000000000003,H,resp2,10,[H:11][c:5]1[c:4]([c:3]([c:2]([c:7]([c:6]1[H:12])[H:13])[O:1][H:8])[H:9])[H:10],,
10,0.13013438272882683,RESP2,PW6B95/cc-pV(D+d)Z,1.0,0.35000000000000003,H,resp2,11,[H:11][c:5]1[c:4]([c:3]([c:2]([c:7]([c:6]1[H:12])[H:13])[O:1][H:8])[H:9])[H:10],,
11,0.1202911810381163,RESP2,PW6B95/cc-pV(D+d)Z,1.0,0.35000000000000003,H,resp2,12,[H:11][c:5]1[c:4]([c:3]([c:2]([c:7]([c:6]1[H:12])[H:13])[O:1][H:8])[H:9])[H:10],,
12,0.14614776204352253,RESP2,PW6B95/cc-pV(D+d)Z,1.0,0.35000000000000003,H,resp2,13,[H:11][c:5]1[c:4]([c:3]([c:2]([c:7]([c:6]1[H:12])[H:13])[O:1][H:8])[H:9])[H:10],,
0,-0.527558423140657,RESP2,PW6B95/cc-pV(D+d)Z,1.0,0.4,O,resp2,1,[H:11][c:5]1[c:4]([c:3]([c:2]([c:7]([c:6]1[H:12])[H:13])[O:1][H:8])[H:9])[H:10],,
1,0.37393324999672617,RESP2,PW6B95/cc-pV(D+d)Z,1.0,0.4,C,resp2,2,[H:11][c:5]1[c:4]([c:3]([c:2]([c:7]([c:6]1[H:12])[H:13])[O:1][H:8])[H:9])[H:10],,
2,-0.26567132598799265,RESP2,PW6B95/cc-pV(D+d)Z,1.0,0.4,C,resp2,3,[H:11][c:5]1[c:4]([c:3]([c:2]([c:7]([c:6]1[H:12])[H:13])[O:1][H:8])[H:9])[H:10],,
3,-0.08206057711760896,RESP2,PW6B95/cc-pV(D+d)Z,1.0,0.4,C,resp2,4,[H:11][c:5]1[c:4]([c:3]([c:2]([c:7]([c:6]1[H:12])[H:13])[O:1][H:8])[H:9])[H:10],,
4,-0.20092667184975244,RESP2,PW6B95/cc-pV(D+d)Z,1.0,0.4,C,resp2,5,[H:11][c:5]1[c:4]([c:3]([c:2]([c:7]([c:6]1[H:12])[H:13])[O:1][H:8])[H:9])[H:10],,
5,-0.04753323457752434,RESP2,PW6B95/cc-pV(D+d)Z,1.0,0.4,C,resp2,6,[H:11][c:5]1[c:4]([c:3]([c:2]([c:7]([c:6]1[H:12])[H:13])[O:1][H:8])[H:9])[H:10],,
6,-0.33912243677129567,RESP2,PW6B95/cc-pV(D+d)Z,1.0,0.4,C,resp2,7,[H:11][c:5]1[c:4]([c:3]([c:2]([c:7]([c:6]1[H:12])[H:13])[O:1][H:8])[H:9])[H:10],,
7,0.40347730985632574,RESP2,PW6B95/cc-pV(D+d)Z,1.0,0.4,H,resp2,8,[H:11][c:5]1[c:4]([c:3]([c:2]([c:7]([c:6]1[H:12])[H:13])[O:1][H:8])[H:9])[H:10],,
8,0.16458035185937395,RESP2,PW6B95/cc-pV(D+d)Z,1.0,0.4,H,resp2,9,[H:11][c:5]1[c:4]([c:3]([c:2]([c:7]([c:6]1[H:12])[H:13])[O:1][H:8])[H:9])[H:10],,
9,0.12360670716930679,RESP2,PW6B95/cc-pV(D+d)Z,1.0,0.4,H,resp2,10,[H:11][c:5]1[c:4]([c:3]([c:2]([c:7]([c:6]1[H:12])[H:13])[O:1][H:8])[H:9])[H:10],,
10,0.13038669210576015,RESP2,PW6B95/cc-pV(D+d)Z,1.0,0.4,H,resp2,11,[H:11][c:5]1[c:4]([c:3]([c:2]([c:7]([c:6]1[H:12])[H:13])[O:1][H:8])[H:9])[H:10],,
11,0.12046168751385349,RESP2,PW6B95/cc-pV(D+d)Z,1.0,0.4,H,resp2,12,[H:11][c:5]1[c:4]([c:3]([c:2]([c:7]([c:6]1[H:12])[H:13])[O:1][H:8])[H:9])[H:10],,
12,0.14642667094348472,RESP2,PW6B95/cc-pV(D+d)Z,1.0,0.4,H,resp2,13,[H:11][c:5]1[c:4]([c:3]([c:2]([c:7]([c:6]1[H:12])[H:13])[O:1][H:8])[H:9])[H:10],,
0,-0.5286004258088618,RESP2,PW6B95/cc-pV(D+d)Z,1.0,0.45,O,resp2,1,[H:11][c:5]1[c:4]([c:3]([c:2]([c:7]([c:6]1[H:12])[H:13])[O:1][H:8])[H:9])[H:10],,
1,0.37398443347291055,RESP2,PW6B95/cc-pV(D+d)Z,1.0,0.45,C,resp2,2,[H:11][c:5]1[c:4]([c:3]([c:2]([c:7]([c:6]1[H:12])[H:13])[O:1][H:8])[H:9])[H:10],,
2,-0.2665866569514968,RESP2,PW6B95/cc-pV(D+d)Z,1.0,0.45,C,resp2,3,[H:11][c:5]1[c:4]([c:3]([c:2]([c:7]([c:6]1[H:12])[H:13])[O:1][H:8])[H:9])[H:10],,
3,-0.08208401188685868,RESP2,PW6B95/cc-pV(D+d)Z,1.0,0.45,C,resp2,4,[H:11][c:5]1[c:4]([c:3]([c:2]([c:7]([c:6]1[H:12])[H:13])[O:1][H:8])[H:9])[H:10],,
4,-0.20127613643003656,RESP2,PW6B95/cc-pV(D+d)Z,1.0,0.45,C,resp2,5,[H:11][c:5]1[c:4]([c:3]([c:2]([c:7]([c:6]1[H:12])[H:13])[O:1][H:8])[H:9])[H:10],,
5,-0.0474997067224964,RESP2,PW6B95/cc-pV(D+d)Z,1.0,0.45,C,resp2,6,[H:11][c:5]1[c:4]([c:3]([c:2]([c:7]([c:6]1[H:12])[H:13])[O:1][H:8])[H:9])[H:10],,
6,-0.3390975414838122,RESP2,PW6B95/cc-pV(D+d)Z,1.0,0.45,C,resp2,7,[H:11][c:5]1[c:4]([c:3]([c:2]([c:7]([c:6]1[H:12])[H:13])[O:1][H:8])[H:9])[H:10],,
7,0.40443266664095556,RESP2,PW6B95/cc-pV(D+d)Z,1.0,0.45,H,resp2,8,[H:11][c:5]1[c:4]([c:3]([c:2]([c:7]([c:6]1[H:12])[H:13])[O:1][H:8])[H:9])[H:10],,
8,0.16484372999896918,RESP2,PW6B95/cc-pV(D+d)Z,1.0,0.45,H,resp2,9,[H:11][c:5]1[c:4]([c:3]([c:2]([c:7]([c:6]1[H:12])[H:13])[O:1][H:8])[H:9])[H:10],,
9,0.12390687385499613,RESP2,PW6B95/cc-pV(D+d)Z,1.0,0.45,H,resp2,10,[H:11][c:5]1[c:4]([c:3]([c:2]([c:7]([c:6]1[H:12])[H:13])[O:1][H:8])[H:9])[H:10],,
10,0.1306390014826935,RESP2,PW6B95/cc-pV(D+d)Z,1.0,0.45,H,resp2,11,[H:11][c:5]1[c:4]([c:3]([c:2]([c:7]([c:6]1[H:12])[H:13])[O:1][H:8])[H:9])[H:10],,
11,0.12063219398959071,RESP2,PW6B95/cc-pV(D+d)Z,1.0,0.45,H,resp2,12,[H:11][c:5]1[c:4]([c:3]([c:2]([c:7]([c:6]1[H:12])[H:13])[O:1][H:8])[H:9])[H:10],,
12,0.14670557984344693,RESP2,PW6B95/cc-pV(D+d)Z,1.0,0.45,H,resp2,13,[H:11][c:5]1[c:4]([c:3]([c:2]([c:7]([c:6]1[H:12])[H:13])[O:1][H:8])[H:9])[H:10],,
0,-0.5296424284770663,RESP2,PW6B95/cc-pV(D+d)Z,1.0,0.5,O,resp2,1,[H:11][c:5]1[c:4]([c:3]([c:2]([c:7]([c:6]1[H:12])[H:13])[O:1][H:8])[H:9])[H:10],,
1,0.3740356169490949,RESP2,PW6B95/cc-pV(D+d)Z,1.0,0.5,C,resp2,2,[H:11][c:5]1[c:4]([c:3]([c:2]([c:7]([c:6]1[H:12])[H:13])[O:1][H:8])[H:9])[H:10],,
2,-0.267501987915001,RESP2,PW6B95/cc-pV(D+d)Z,1.0,0.5,C,resp2,3,[H:11][c:5]1[c:4]([c:3]([c:2]([c:7]([c:6]1[H:12])[H:13])[O:1][H:8])[H:9])[H:10],,
3,-0.08210744665610842,RESP2,PW6B95/cc-pV(D+d)Z,1.0,0.5,C,resp2,4,[H:11][c:5]1[c:4]([c:3]([c:2]([c:7]([c:6]1[H:12])[H:13])[O:1][H:8])[H:9])[H:10],,
4,-0.20162560101032065,RESP2,PW6B95/cc-pV(D+d)Z,1.0,0.5,C,resp2,5,[H:11][c:5]1[c:4]([c:3]([c:2]([c:7]([c:6]1[H:12])[H:13])[O:1][H:8])[H:9])[H:10],,
5,-0.04746617886746847,RESP2,PW6B95/cc-pV(D+d)Z,1.0,0.5,C,resp2,6,[H:11][c:5]1[c:4]([c:3]([c:2]([c:7]([c:6]1[H:12])[H:13])[O:1][H:8])[H:9])[H:10],,
6,-0.33907264619632876,RESP2,PW6B95/cc-pV(D+d)Z,1.0,0.5,C,resp2,7,[H:11][c:5]1[c:4]([c:3]([c:2]([c:7]([c:6]1[H:12])[H:13])[O:1][H:8])[H:9])[H:10],,
7,0.4053880234255854,RESP2,PW6B95/cc-pV(D+d)Z,1.0,0.5,H,resp2,8,[H:11][c:5]1[c:4]([c:3]([c:2]([c:7]([c:6]1[H:12])[H:13])[O:1][H:8])[H:9])[H:10],,
8,0.16510710813856436,RESP2,PW6B95/cc-pV(D+d)Z,1.0,0.5,H,resp2,9,[H:11][c:5]1[c:4]([c:3]([c:2]([c:7]([c:6]1[H:12])[H:13])[O:1][H:8])[H:9])[H:10],,
9,0.12420704054068542,RESP2,PW6B95/cc-pV(D+d)Z,1.0,0.5,H,resp2,10,[H:11][c:5]1[c:4]([c:3]([c:2]([c:7]([c:6]1[H:12])[H:13])[O:1][H:8])[H:9])[H:10],,
10,0.13089131085962682,RESP2,PW6B95/cc-pV(D+d)Z,1.0,0.5,H,resp2,11,[H:11][c:5]1[c:4]([c:3]([c:2]([c:7]([c:6]1[H:12])[H:13])[O:1][H:8])[H:9])[H:10],,
11,0.12080270046532789,RESP2,PW6B95/cc-pV(D+d)Z,1.0,0.5,H,resp2,12,[H:11][c:5]1[c:4]([c:3]([c:2]([c:7]([c:6]1[H:12])[H:13])[O:1][H:8])[H:9])[H:10],,
12,0.14698448874340905,RESP2,PW6B95/cc-pV(D+d)Z,1.0,0.5,H,resp2,13,[H:11][c:5]1[c:4]([c:3]([c:2]([c:7]([c:6]1[H:12])[H:13])[O:1][H:8])[H:9])[H:10],,
0,-0.5306844311452711,RESP2,PW6B95/cc-pV(D+d)Z,1.0,0.55,O,resp2,1,[H:11][c:5]1[c:4]([c:3]([c:2]([c:7]([c:6]1[H:12])[H:13])[O:1][H:8])[H:9])[H:10],,
1,0.3740868004252792,RESP2,PW6B95/cc-pV(D+d)Z,1.0,0.55,C,resp2,2,[H:11][c:5]1[c:4]([c:3]([c:2]([c:7]([c:6]1[H:12])[H:13])[O:1][H:8])[H:9])[H:10],,
2,-0.26841731887850523,RESP2,PW6B95/cc-pV(D+d)Z,1.0,0.55,C,resp2,3,[H:11][c:5]1[c:4]([c:3]([c:2]([c:7]([c:6]1[H:12])[H:13])[O:1][H:8])[H:9])[H:10],,
3,-0.08213088142535817,RESP2,PW6B95/cc-pV(D+d)Z,1.0,0.55,C,resp2,4,[H:11][c:5]1[c:4]([c:3]([c:2]([c:7]([c:6]1[H:12])[H:13])[O:1][H:8])[H:9])[H:10],,
4,-0.2019750655906048,RESP2,PW6B95/cc-pV(D+d)Z,1.0,0.55,C,resp2,5,[H:11][c:5]1[c:4]([c:3]([c:2]([c:7]([c:6]1[H:12])[H:13])[O:1][H:8])[H:9])[H:10],,
5,-0.047432651012440576,RESP2,PW6B95/cc-pV(D+d)Z,1.0,0.55,C,resp2,6,[H:11][c:5]1[c:4]([c:3]([c:2]([c:7]([c:6]1[H:12])[H:13])[O:1][H:8])[H:9])[H:10],,
6,-0.3390477509088453,RESP2,PW6B95/cc-pV(D+d)Z,1.0,0.55,C,resp2,7,[H:11][c:5]1[c:4]([c:3]([c:2]([c:7]([c:6]1[H:12])[H:13])[O:1][H:8])[H:9])[H:10],,
7,0.40634338021021527,RESP2,PW6B95/cc-pV(D+d)Z,1.0,0.55,H,resp2,8,[H:11][c:5]1[c:4]([c:3]([c:2]([c:7]([c:6]1[H:12])[H:13])[O:1][H:8])[H:9])[H:10],,
8,0.16537048627815953,RESP2,PW6B95/cc-pV(D+d)Z,1.0,0.55,H,resp2,9,[H:11][c:5]1[c:4]([c:3]([c:2]([c:7]([c:6]1[H:12])[H:13])[O:1][H:8])[H:9])[H:10],,
9,0.1245072072263747,RESP2,PW6B95/cc-pV(D+d)Z,1.0,0.55,H,resp2,10,[H:11][c:5]1[c:4]([c:3]([c:2]([c:7]([c:6]1[H:12])[H:13])[O:1][H:8])[H:9])[H:10],,
10,0.1311436202365601,RESP2,PW6B95/cc-pV(D+d)Z,1.0,0.55,H,resp2,11,[H:11][c:5]1[c:4]([c:3]([c:2]([c:7]([c:6]1[H:12])[H:13])[O:1][H:8])[H:9])[H:10],,
11,0.12097320694106506,RESP2,PW6B95/cc-pV(D+d)Z,1.0,0.55,H,resp2,12,[H:11][c:5]1[c:4]([c:3]([c:2]([c:7]([c:6]1[H:12])[H:13])[O:1][H:8])[H:9])[H:10],,
12,0.1472633976433712,RESP2,PW6B95/cc-pV(D+d)Z,1.0,0.55,H,resp2,13,[H:11][c:5]1[c:4]([c:3]([c:2]([c:7]([c:6]1[H:12])[H:13])[O:1][H:8])[H:9])[H:10],,
0,-0.5317264338134758,RESP2,PW6B95/cc-pV(D+d)Z,1.0,0.6000000000000001,O,resp2,1,[H:11][c:5]1[c:4]([c:3]([c:2]([c:7]([c:6]1[H:12])[H:13])[O:1][H:8])[H:9])[H:10],,
1,0.3741379839014636,RESP2,PW6B95/cc-pV(D+d)Z,1.0,0.6000000000000001,C,resp2,2,[H:11][c:5]1[c:4]([c:3]([c:2]([c:7]([c:6]1[H:12])[H:13])[O:1][H:8])[H:9])[H:10],,
2,-0.2693326498420094,RESP2,PW6B95/cc-pV(D+d)Z,1.0,0.6000000000000001,C,resp2,3,[H:11][c:5]1[c:4]([c:3]([c:2]([c:7]([c:6]1[H:12])[H:13])[O:1][H:8])[H:9])[H:10],,
3,-0.0821543161946079,RESP2,PW6B95/cc-pV(D+d)Z,1.0,0.6000000000000001,C,resp2,4,[H:11][c:5]1[c:4]([c:3]([c:2]([c:7]([c:6]1[H:12])[H:13])[O:1][H:8])[H:9])[H:10],,
4,-0.20232453017088892,RESP2,PW6B95/cc-pV(D+d)Z,1.0,0.6000000000000001,C,resp2,5,[H:11][c:5]1[c:4]([c:3]([c:2]([c:7]([c:6]1[H:12])[H:13])[O:1][H:8])[H:9])[H:10],,
5,-0.04739912315741263,RESP2,PW6B95/cc-pV(D+d)Z,1.0,0.6000000000000001,C,resp2,6,[H:11][c:5]1[c:4]([c:3]([c:2]([c:7]([c:6]1[H:12])[H:13])[O:1][H:8])[H:9])[H:10],,
6,-0.33902285562136186,RESP2,PW6B95/cc-pV(D+d)Z,1.0,0.6000000000000001,C,resp2,7,[H:11][c:5]1[c:4]([c:3]([c:2]([c:7]([c:6]1[H:12])[H:13])[O:1][H:8])[H:9])[H:10],,
7,0.40729873699484503,RESP2,PW6B95/cc-pV(D+d)Z,1.0,0.6000000000000001,H,resp2,8,[H:11][c:5]1[c:4]([c:3]([c:2]([c:7]([c:6]1[H:12])[H:13])[O:1][H:8])[H:9])[H:10],,
8,0.1656338644177547,RESP2,PW6B95/cc-pV(D+d)Z,1.0,0.6000000000000001,H,resp2,9,[H:11][c:5]1[c:4]([c:3]([c:2]([c:7]([c:6]1[H:12])[H:13])[O:1][H:8])[H:9])[H:10],,
9,0.12480737391206402,RESP2,PW6B95/cc-pV(D+d)Z,1.0,0.6000000000000001,H,resp2,10,[H:11][c:5]1[c:4]([c:3]([c:2]([c:7]([c:6]1[H:12])[H:13])[O:1][H:8])[H:9])[H:10],,
10,0.13139592961349342,RESP2,PW6B95/cc-pV(D+d)Z,1.0,0.6000000000000001,H,resp2,11,[H:11][c:5]1[c:4]([c:3]([c:2]([c:7]([c:6]1[H:12])[H:13])[O:1][H:8])[H:9])[H:10],,
11,0.12114371341680226,RESP2,PW6B95/cc-pV(D+d)Z,1.0,0.6000000000000001,H,resp2,12,[H:11][c:5]1[c:4]([c:3]([c:2]([c:7]([c:6]1[H:12])[H:13])[O:1][H:8])[H:9])[H:10],,
12,0.1475423065433334,RESP2,PW6B95/cc-pV(D+d)Z,1.0,0.6000000000000001,H,resp2,13,[H:11][c:5]1[c:4]([c:3]([c:2]([c:7]([c:6]1[H:12])[H:13])[O:1][H:8])[H:9])[H:10],,
0,-0.5327684364816806,RESP2,PW6B95/cc-pV(D+d)Z,1.0,0.65,O,resp2,1,[H:11][c:5]1[c:4]([c:3]([c:2]([c:7]([c:6]1[H:12])[H:13])[O:1][H:8])[H:9])[H:10],,
1,0.37418916737764796,RESP2,PW6B95/cc-pV(D+d)Z,1.0,0.65,C,resp2,2,[H:11][c:5]1[c:4]([c:3]([c:2]([c:7]([c:6]1[H:12])[H:13])[O:1][H:8])[H:9])[H:10],,
2,-0.2702479808055136,RESP2,PW6B95/cc-pV(D+d)Z,1.0,0.65,C,resp2,3,[H:11][c:5]1[c:4]([c:3]([c:2]([c:7]([c:6]1[H:12])[H:13])[O:1][H:8])[H:9])[H:10],,
3,-0.08217775096385764,RESP2,PW6B95/cc-pV(D+d)Z,1.0,0.65,C,resp2,4,[H:11][c:5]1[c:4]([c:3]([c:2]([c:7]([c:6]1[H:12])[H:13])[O:1][H:8])[H:9])[H:10],,
4,-0.20267399475117298,RESP2,PW6B95/cc-pV(D+d)Z,1.0,0.65,C,resp2,5,[H:11][c:5]1[c:4]([c:3]([c:2]([c:7]([c:6]1[H:12])[H:13])[O:1][H:8])[H:9])[H:10],,
5,-0.04736559530238471,RESP2,PW6B95/cc-pV(D+d)Z,1.0,0.65,C,resp2,6,[H:11][c:5]1[c:4]([c:3]([c:2]([c:7]([c:6]1[H:12])[H:13])[O:1][H:8])[H:9])[H:10],,
6,-0.3389979603338784,RESP2,PW6B95/cc-pV(D+d)Z,1.0,0.65,C,resp2,7,[H:11][c:5]1[c:4]([c:3]([c:2]([c:7]([c:6]1[H:12])[H:13])[O:1][H:8])[H:9])[H:10],,
7,0.40825409377947497,RESP2,PW6B95/cc-pV(D+d)Z,1.0,0.65,H,resp2,8,[H:11][c:5]1[c:4]([c:3]([c:2]([c:7]([c:6]1[H:12])[H:13])[O:1][H:8])[H:9])[H:10],,
8,0.1658972425573499,RESP2,PW6B95/cc-pV(D+d)Z,1.0,0.65,H,resp2,9,[H:11][c:5]1[c:4]([c:3]([c:2]([c:7]([c:6]1[H:12])[H:13])[O:1][H:8])[H:9])[H:10],,
9,0.1251075405977533,RESP2,PW6B95/cc-pV(D+d)Z,1.0,0.65,H,resp2,10,[H:11][c:5]1[c:4]([c:3]([c:2]([c:7]([c:6]1[H:12])[H:13])[O:1][H:8])[H:9])[H:10],,
10,0.1316482389904267,RESP2,PW6B95/cc-pV(D+d)Z,1.0,0.65,H,resp2,11,[H:11][c:5]1[c:4]([c:3]([c:2]([c:7]([c:6]1[H:12])[H:13])[O:1][H:8])[H:9])[H:10],,
11,0.12131421989253943,RESP2,PW6B95/cc-pV(D+d)Z,1.0,0.65,H,resp2,12,[H:11][c:5]1[c:4]([c:3]([c:2]([c:7]([c:6]1[H:12])[H:13])[O:1][H:8])[H:9])[H:10],,
12,0.14782121544329554,RESP2,PW6B95/cc-pV(D+d)Z,1.0,0.65,H,resp2,13,[H:11][c:5]1[c:4]([c:3]([c:2]([c:7]([c:6]1[H:12])[H:13])[O:1][H:8])[H:9])[H:10],,
0,-0.5338104391498852,RESP2,PW6B95/cc-pV(D+d)Z,1.0,0.7000000000000001,O,resp2,1,[H:11][c:5]1[c:4]([c:3]([c:2]([c:7]([c:6]1[H:12])[H:13])[O:1][H:8])[H:9])[H:10],,
1,0.37424035085383234,RESP2,PW6B95/cc-pV(D+d)Z,1.0,0.7000000000000001,C,resp2,2,[H:11][c:5]1[c:4]([c:3]([c:2]([c:7]([c:6]1[H:12])[H:13])[O:1][H:8])[H:9])[H:10],,
2,-0.27116331176901776,RESP2,PW6B95/cc-pV(D+d)Z,1.0,0.7000000000000001,C,resp2,3,[H:11][c:5]1[c:4]([c:3]([c:2]([c:7]([c:6]1[H:12])[H:13])[O:1][H:8])[H:9])[H:10],,
3,-0.08220118573310736,RESP2,PW6B95/cc-pV(D+d)Z,1.0,0.7000000000000001,C,resp2,4,[H:11][c:5]1[c:4]([c:3]([c:2]([c:7]([c:6]1[H:12])[H:13])[O:1][H:8])[H:9])[H:10],,
4,-0.2030234593314571,RESP2,PW6B95/cc-pV(D+d)Z,1.0,0.7000000000000001,C,resp2,5,[H:11][c:5]1[c:4]([c:3]([c:2]([c:7]([c:6]1[H:12])[H:13])[O:1][H:8])[H:9])[H:10],,
5,-0.04733206744735677,RESP2,PW6B95/cc-pV(D+d)Z,1.0,0.7000000000000001,C,resp2,6,[H:11][c:5]1[c:4]([c:3]([c:2]([c:7]([c:6]1[H:12])[H:13])[O:1][H:8])[H:9])[H:10],,
6,-0.3389730650463949,RESP2,PW6B95/cc-pV(D+d)Z,1.0,0.7000000000000001,C,resp2,7,[H:11][c:5]1[c:4]([c:3]([c:2]([c:7]([c:6]1[H:12])[H:13])[O:1][H:8])[H:9])[H:10],,
7,0.40920945056410474,RESP2,PW6B95/cc-pV(D+d)Z,1.0,0.7000000000000001,H,resp2,8,[H:11][c:5]1[c:4]([c:3]([c:2]([c:7]([c:6]1[H:12])[H:13])[O:1][H:8])[H:9])[H:10],,
8,0.16616062069694512,RESP2,PW6B95/cc-pV(D+d)Z,1.0,0.7000000000000001,H,resp2,9,[H:11][c:5]1[c:4]([c:3]([c:2]([c:7]([c:6]1[H:12])[H:13])[O:1][H:8])[H:9])[H:10],,
9,0.12540770728344264,RESP2,PW6B95/cc-pV(D+d)Z,1.0,0.7000000000000001,H,resp2,10,[H:11][c:5]1[c:4]([c:3]([c:2]([c:7]([c:6]1[H:12])[H:13])[O:1][H:8])[H:9])[H:10],,
10,0.13190054836736007,RESP2,PW6B95/cc-pV(D+d)Z,1.0,0.7000000000000001,H,resp2,11,[H:11][c:5]1[c:4]([c:3]([c:2]([c:7]([c:6]1[H:12])[H:13])[O:1][H:8])[H:9])[H:10],,
11,0.12148472636827663,RESP2,PW6B95/cc-pV(D+d)Z,1.0,0.7000000000000001,H,resp2,12,[H:11][c:5]1[c:4]([c:3]([c:2]([c:7]([c:6]1[H:12])[H:13])[O:1][H:8])[H:9])[H:10],,
12,0.14810012434325773,RESP2,PW6B95/cc-pV(D+d)Z,1.0,0.7000000000000001,H,resp2,13,[H:11][c:5]1[c:4]([c:3]([c:2]([c:7]([c:6]1[H:12])[H:13])[O:1][H:8])[H:9])[H:10],,
0,-0.5348524418180899,RESP2,PW6B95/cc-pV(D+d)Z,1.0,0.75,O,resp2,1,[H:11][c:5]1[c:4]([c:3]([c:2]([c:7]([c:6]1[H:12])[H:13])[O:1][H:8])[H:9])[H:10],,
1,0.37429153433001666,RESP2,PW6B95/cc-pV(D+d)Z,1.0,0.75,C,resp2,2,[H:11][c:5]1[c:4]([c:3]([c:2]([c:7]([c:6]1[H:12])[H:13])[O:1][H:8])[H:9])[H:10],,
2,-0.272078642732522,RESP2,PW6B95/cc-pV(D+d)Z,1.0,0.75,C,resp2,3,[H:11][c:5]1[c:4]([c:3]([c:2]([c:7]([c:6]1[H:12])[H:13])[O:1][H:8])[H:9])[H:10],,
3,-0.08222462050235711,RESP2,PW6B95/cc-pV(D+d)Z,1.0,0.75,C,resp2,4,[H:11][c:5]1[c:4]([c:3]([c:2]([c:7]([c:6]1[H:12])[H:13])[O:1][H:8])[H:9])[H:10],,
4,-0.2033729239117412,RESP2,PW6B95/cc-pV(D+d)Z,1.0,0.75,C,resp2,5,[H:11][c:5]1[c:4]([c:3]([c:2]([c:7]([c:6]1[H:12])[H:13])[O:1][H:8])[H:9])[H:10],,
5,-0.04729853959232886,RESP2,PW6B95/cc-pV(D+d)Z,1.0,0.75,C,resp2,6,[H:11][c:5]1[c:4]([c:3]([c:2]([c:7]([c:6]1[H:12])[H:13])[O:1][H:8])[H:9])[H:10],,
6,-0.3389481697589115,RESP2,PW6B95/cc-pV(D+d)Z,1.0,0.75,C,resp2,7,[H:11][c:5]1[c:4]([c:3]([c:2]([c:7]([c:6]1[H:12])[H:13])[O:1][H:8])[H:9])[H:10],,
7,0.41016480734873456,RESP2,PW6B95/cc-pV(D+d)Z,1.0,0.75,H,resp2,8,[H:11][c:5]1[c:4]([c:3]([c:2]([c:7]([c:6]1[H:12])[H:13])[O:1][H:8])[H:9])[H:10],,
8,0.16642399883654033,RESP2,PW6B95/cc-pV(D+d)Z,1.0,0.75,H,resp2,9,[H:11][c:5]1[c:4]([c:3]([c:2]([c:7]([c:6]1[H:12])[H:13])[O:1][H:8])[H:9])[H:10],,
9,0.12570787396913194,RESP2,PW6B95/cc-pV(D+d)Z,1.0,0.75,H,resp2,10,[H:11][c:5]1[c:4]([c:3]([c:2]([c:7]([c:6]1[H:12])[H:13])[O:1][H:8])[H:9])[H:10],,
10,0.1321528577442934,RESP2,PW6B95/cc-pV(D+d)Z,1.0,0.75,H,resp2,11,[H:11][c:5]1[c:4]([c:3]([c:2]([c:7]([c:6]1[H:12])[H:13])[O:1][H:8])[H:9])[H:10],,
11,0.12165523284401379,RESP2,PW6B95/cc-pV(D+d)Z,1.0,0.75,H,resp2,12,[H:11][c:5]1[c:4]([c:3]([c:2]([c:7]([c:6]1[H:12])[H:13])[O:1][H:8])[H:9])[H:10],,
12,0.1483790332432199,RESP2,PW6B95/cc-pV(D+d)Z,1.0,0.75,H,resp2,13,[H:11][c:5]1[c:4]([c:3]([c:2]([c:7]([c:6]1[H:12])[H:13])[O:1][H:8])[H:9])[H:10],,
0,-0.5358944444862946,RESP2,PW6B95/cc-pV(D+d)Z,1.0,0.8,O,resp2,1,[H:11][c:5]1[c:4]([c:3]([c:2]([c:7]([c:6]1[H:12])[H:13])[O:1][H:8])[H:9])[H:10],,
1,0.374342717806201,RESP2,PW6B95/cc-pV(D+d)Z,1.0,0.8,C,resp2,2,[H:11][c:5]1[c:4]([c:3]([c:2]([c:7]([c:6]1[H:12])[H:13])[O:1][H:8])[H:9])[H:10],,
2,-0.2729939736960262,RESP2,PW6B95/cc-pV(D+d)Z,1.0,0.8,C,resp2,3,[H:11][c:5]1[c:4]([c:3]([c:2]([c:7]([c:6]1[H:12])[H:13])[O:1][H:8])[H:9])[H:10],,
3,-0.08224805527160685,RESP2,PW6B95/cc-pV(D+d)Z,1.0,0.8,C,resp2,4,[H:11][c:5]1[c:4]([c:3]([c:2]([c:7]([c:6]1[H:12])[H:13])[O:1][H:8])[H:9])[H:10],,
4,-0.2037223884920253,RESP2,PW6B95/cc-pV(D+d)Z,1.0,0.8,C,resp2,5,[H:11][c:5]1[c:4]([c:3]([c:2]([c:7]([c:6]1[H:12])[H:13])[O:1][H:8])[H:9])[H:10],,
5,-0.04726501173730094,RESP2,PW6B95/cc-pV(D+d)Z,1.0,0.8,C,resp2,6,[H:11][c:5]1[c:4]([c:3]([c:2]([c:7]([c:6]1[H:12])[H:13])[O:1][H:8])[H:9])[H:10],,
6,-0.3389232744714281,RESP2,PW6B95/cc-pV(D+d)Z,1.0,0.8,C,resp2,7,[H:11][c:5]1[c:4]([c:3]([c:2]([c:7]([c:6]1[H:12])[H:13])[O:1][H:8])[H:9])[H:10],,
7,0.4111201641333644,RESP2,PW6B95/cc-pV(D+d)Z,1.0,0.8,H,resp2,8,[H:11][c:5]1[c:4]([c:3]([c:2]([c:7]([c:6]1[H:12])[H:13])[O:1][H:8])[H:9])[H:10],,
8,0.1666873769761355,RESP2,PW6B95/cc-pV(D+d)Z,1.0,0.8,H,resp2,9,[H:11][c:5]1[c:4]([c:3]([c:2]([c:7]([c:6]1[H:12])[H:13])[O:1][H:8])[H:9])[H:10],,
9,0.12600804065482124,RESP2,PW6B95/cc-pV(D+d)Z,1.0,0.8,H,resp2,10,[H:11][c:5]1[c:4]([c:3]([c:2]([c:7]([c:6]1[H:12])[H:13])[O:1][H:8])[H:9])[H:10],,
10,0.1324051671212267,RESP2,PW6B95/cc-pV(D+d)Z,1.0,0.8,H,resp2,11,[H:11][c:5]1[c:4]([c:3]([c:2]([c:7]([c:6]1[H:12])[H:13])[O:1][H:8])[H:9])[H:10],,
11,0.121825739319751,RESP2,PW6B95/cc-pV(D+d)Z,1.0,0.8,H,resp2,12,[H:11][c:5]1[c:4]([c:3]([c:2]([c:7]([c:6]1[H:12])[H:13])[O:1][H:8])[H:9])[H:10],,
12,0.14865794214318206,RESP2,PW6B95/cc-pV(D+d)Z,1.0,0.8,H,resp2,13,[H:11][c:5]1[c:4]([c:3]([c:2]([c:7]([c:6]1[H:12])[H:13])[O:1][H:8])[H:9])[H:10],,
0,-0.5369364471544994,RESP2,PW6B95/cc-pV(D+d)Z,1.0,0.8500000000000001,O,resp2,1,[H:11][c:5]1[c:4]([c:3]([c:2]([c:7]([c:6]1[H:12])[H:13])[O:1][H:8])[H:9])[H:10],,
1,0.37439390128238537,RESP2,PW6B95/cc-pV(D+d)Z,1.0,0.8500000000000001,C,resp2,2,[H:11][c:5]1[c:4]([c:3]([c:2]([c:7]([c:6]1[H:12])[H:13])[O:1][H:8])[H:9])[H:10],,
2,-0.27390930465953034,RESP2,PW6B95/cc-pV(D+d)Z,1.0,0.8500000000000001,C,resp2,3,[H:11][c:5]1[c:4]([c:3]([c:2]([c:7]([c:6]1[H:12])[H:13])[O:1][H:8])[H:9])[H:10],,
3,-0.08227149004085657,RESP2,PW6B95/cc-pV(D+d)Z,1.0,0.8500000000000001,C,resp2,4,[H:11][c:5]1[c:4]([c:3]([c:2]([c:7]([c:6]1[H:12])[H:13])[O:1][H:8])[H:9])[H:10],,
4,-0.20407185307230943,RESP2,PW6B95/cc-pV(D+d)Z,1.0,0.8500000000000001,C,resp2,5,[H:11][c:5]1[c:4]([c:3]([c:2]([c:7]([c:6]1[H:12])[H:13])[O:1][H:8])[H:9])[H:10],,
5,-0.047231483882272995,RESP2,PW6B95/cc-pV(D+d)Z,1.0,0.8500000000000001,C,resp2,6,[H:11][c:5]1[c:4]([c:3]([c:2]([c:7]([c:6]1[H:12])[H:13])[O:1][H:8])[H:9])[H:10],,
6,-0.33889837918394455,RESP2,PW6B95/cc-pV(D+d)Z,1.0,0.8500000000000001,C,resp2,7,[H:11][c:5]1[c:4]([c:3]([c:2]([c:7]([c:6]1[H:12])[H:13])[O:1][H:8])[H:9])[H:10],,
7,0.41207552091799426,RESP2,PW6B95/cc-pV(D+d)Z,1.0,0.8500000000000001,H,resp2,8,[H:11][c:5]1[c:4]([c:3]([c:2]([c:7]([c:6]1[H:12])[H:13])[O:1][H:8])[H:9])[H:10],,
8,0.1669507551157307,RESP2,PW6B95/cc-pV(D+d)Z,1.0,0.8500000000000001,H,resp2,9,[H:11][c:5]1[c:4]([c:3]([c:2]([c:7]([c:6]1[H:12])[H:13])[O:1][H:8])[H:9])[H:10],,
9,0.12630820734051054,RESP2,PW6B95/cc-pV(D+d)Z,1.0,0.8500000000000001,H,resp2,10,[H:11][c:5]1[c:4]([c:3]([c:2]([c:7]([c:6]1[H:12])[H:13])[O:1][H:8])[H:9])[H:10],,
10,0.13265747649816,RESP2,PW6B95/cc-pV(D+d)Z,1.0,0.8500000000000001,H,resp2,11,[H:11][c:5]1[c:4]([c:3]([c:2]([c:7]([c:6]1[H:12])[H:13])[O:1][H:8])[H:9])[H:10],,
11,0.12199624579548819,RESP2,PW6B95/cc-pV(D+d)Z,1.0,0.8500000000000001,H,resp2,12,[H:11][c:5]1[c:4]([c:3]([c:2]([c:7]([c:6]1[H:12])[H:13])[O:1][H:8])[H:9])[H:10],,
12,0.14893685104314425,RESP2,PW6B95/cc-pV(D+d)Z,1.0,0.8500000000000001,H,resp2,13,[H:11][c:5]1[c:4]([c:3]([c:2]([c:7]([c:6]1[H:12])[H:13])[O:1][H:8])[H:9])[H:10],,
0,-0.537978449822704,RESP2,PW6B95/cc-pV(D+d)Z,1.0,0.9,O,resp2,1,[H:11][c:5]1[c:4]([c:3]([c:2]([c:7]([c:6]1[H:12])[H:13])[O:1][H:8])[H:9])[H:10],,
1,0.37444508475856975,RESP2,PW6B95/cc-pV(D+d)Z,1.0,0.9,C,resp2,2,[H:11][c:5]1[c:4]([c:3]([c:2]([c:7]([c:6]1[H:12])[H:13])[O:1][H:8])[H:9])[H:10],,
2,-0.2748246356230345,RESP2,PW6B95/cc-pV(D+d)Z,1.0,0.9,C,resp2,3,[H:11][c:5]1[c:4]([c:3]([c:2]([c:7]([c:6]1[H:12])[H:13])[O:1][H:8])[H:9])[H:10],,
3,-0.0822949248101063,RESP2,PW6B95/cc-pV(D+d)Z,1.0,0.9,C,resp2,4,[H:11][c:5]1[c:4]([c:3]([c:2]([c:7]([c:6]1[H:12])[H:13])[O:1][H:8])[H:9])[H:10],,
4,-0.20442131765259353,RESP2,PW6B95/cc-pV(D+d)Z,1.0,0.9,C,resp2,5,[H:11][c:5]1[c:4]([c:3]([c:2]([c:7]([c:6]1[H:12])[H:13])[O:1][H:8])[H:9])[H:10],,
5,-0.04719795602724508,RESP2,PW6B95/cc-pV(D+d)Z,1.0,0.9,C,resp2,6,[H:11][c:5]1[c:4]([c:3]([c:2]([c:7]([c:6]1[H:12])[H:13])[O:1][H:8])[H:9])[H:10],,
6,-0.33887348389646116,RESP2,PW6B95/cc-pV(D+d)Z,1.0,0.9,C,resp2,7,[H:11][c:5]1[c:4]([c:3]([c:2]([c:7]([c:6]1[H:12])[H:13])[O:1][H:8])[H:9])[H:10],,
7,0.41303087770262414,RESP2,PW6B95/cc-pV(D+d)Z,1.0,0.9,H,resp2,8,[H:11][c:5]1[c:4]([c:3]([c:2]([c:7]([c:6]1[H:12])[H:13])[O:1][H:8])[H:9])[H:10],,
8,0.1672141332553259,RESP2,PW6B95/cc-pV(D+d)Z,1.0,0.9,H,resp2,9,[H:11][c:5]1[c:4]([c:3]([c:2]([c:7]([c:6]1[H:12])[H:13])[O:1][H:8])[H:9])[H:10],,
9,0.12660837402619984,RESP2,PW6B95/cc-pV(D+d)Z,1.0,0.9,H,resp2,10,[H:11][c:5]1[c:4]([c:3]([c:2]([c:7]([c:6]1[H:12])[H:13])[O:1][H:8])[H:9])[H:10],,
10,0.1329097858750933,RESP2,PW6B95/cc-pV(D+d)Z,1.0,0.9,H,resp2,11,[H:11][c:5]1[c:4]([c:3]([c:2]([c:7]([c:6]1[H:12])[H:13])[O:1][H:8])[H:9])[H:10],,
11,0.12216675227122538,RESP2,PW6B95/cc-pV(D+d)Z,1.0,0.9,H,resp2,12,[H:11][c:5]1[c:4]([c:3]([c:2]([c:7]([c:6]1[H:12])[H:13])[O:1][H:8])[H:9])[H:10],,
12,0.1492157599431064,RESP2,PW6B95/cc-pV(D+d)Z,1.0,0.9,H,resp2,13,[H:11][c:5]1[c:4]([c:3]([c:2]([c:7]([c:6]1[H:12])[H:13])[O:1][H:8])[H:9])[H:10],,
0,-0.5390204524909088,RESP2,PW6B95/cc-pV(D+d)Z,1.0,0.9500000000000001,O,resp2,1,[H:11][c:5]1[c:4]([c:3]([c:2]([c:7]([c:6]1[H:12])[H:13])[O:1][H:8])[H:9])[H:10],,
1,0.37449626823475407,RESP2,PW6B95/cc-pV(D+d)Z,1.0,0.9500000000000001,C,resp2,2,[H:11][c:5]1[c:4]([c:3]([c:2]([c:7]([c:6]1[H:12])[H:13])[O:1][H:8])[H:9])[H:10],,
2,-0.2757399665865387,RESP2,PW6B95/cc-pV(D+d)Z,1.0,0.9500000000000001,C,resp2,3,[H:11][c:5]1[c:4]([c:3]([c:2]([c:7]([c:6]1[H:12])[H:13])[O:1][H:8])[H:9])[H:10],,
3,-0.08231835957935607,RESP2,PW6B95/cc-pV(D+d)Z,1.0,0.9500000000000001,C,resp2,4,[H:11][c:5]1[c:4]([c:3]([c:2]([c:7]([c:6]1[H:12])[H:13])[O:1][H:8])[H:9])[H:10],,
4,-0.20477078223287762,RESP2,PW6B95/cc-pV(D+d)Z,1.0,0.9500000000000001,C,resp2,5,[H:11][c:5]1[c:4]([c:3]([c:2]([c:7]([c:6]1[H:12])[H:13])[O:1][H:8])[H:9])[H:10],,
5,-0.047164428172217165,RESP2,PW6B95/cc-pV(D+d)Z,1.0,0.9500000000000001,C,resp2,6,[H:11][c:5]1[c:4]([c:3]([c:2]([c:7]([c:6]1[H:12])[H:13])[O:1][H:8])[H:9])[H:10],,
6,-0.3388485886089777,RESP2,PW6B95/cc-pV(D+d)Z,1.0,0.9500000000000001,C,resp2,7,[H:11][c:5]1[c:4]([c:3]([c:2]([c:7]([c:6]1[H:12])[H:13])[O:1][H:8])[H:9])[H:10],,
7,0.41398623448725397,RESP2,PW6B95/cc-pV(D+d)Z,1.0,0.9500000000000001,H,resp2,8,[H:11][c:5]1[c:4]([c:3]([c:2]([c:7]([c:6]1[H:12])[H:13])[O:1][H:8])[H:9])[H:10],,
8,0.1674775113949211,RESP2,PW6B95/cc-pV(D+d)Z,1.0,0.9500000000000001,H,resp2,9,[H:11][c:5]1[c:4]([c:3]([c:2]([c:7]([c:6]1[H:12])[H:13])[O:1][H:8])[H:9])[H:10],,
9,0.12690854071188915,RESP2,PW6B95/cc-pV(D+d)Z,1.0,0.9500000000000001,H,resp2,10,[H:11][c:5]1[c:4]([c:3]([c:2]([c:7]([c:6]1[H:12])[H:13])[O:1][H:8])[H:9])[H:10],,
10,0.13316209525202666,RESP2,PW6B95/cc-pV(D+d)Z,1.0,0.9500000000000001,H,resp2,11,[H:11][c:5]1[c:4]([c:3]([c:2]([c:7]([c:6]1[H:12])[H:13])[O:1][H:8])[H:9])[H:10],,
11,0.12233725874696255,RESP2,PW6B95/cc-pV(D+d)Z,1.0,0.9500000000000001,H,resp2,12,[H:11][c:5]1[c:4]([c:3]([c:2]([c:7]([c:6]1[H:12])[H:13])[O:1][H:8])[H:9])[H:10],,
12,0.14949466884306856,RESP2,PW6B95/cc-pV(D+d)Z,1.0,0.9500000000000001,H,resp2,13,[H:11][c:5]1[c:4]([c:3]([c:2]([c:7]([c:6]1[H:12])[H:13])[O:1][H:8])[H:9])[H:10],,
0,-0.5400624551591134,RESP2,PW6B95/cc-pV(D+d)Z,1.0,1.0,O,resp2,1,[H:11][c:5]1[c:4]([c:3]([c:2]([c:7]([c:6]1[H:12])[H:13])[O:1][H:8])[H:9])[H:10],,
1,0.37454745171093845,RESP2,PW6B95/cc-pV(D+d)Z,1.0,1.0,C,resp2,2,[H:11][c:5]1[c:4]([c:3]([c:2]([c:7]([c:6]1[H:12])[H:13])[O:1][H:8])[H:9])[H:10],,
2,-0.2766552975500429,RESP2,PW6B95/cc-pV(D+d)Z,1.0,1.0,C,resp2,3,[H:11][c:5]1[c:4]([c:3]([c:2]([c:7]([c:6]1[H:12])[H:13])[O:1][H:8])[H:9])[H:10],,
3,-0.0823417943486058,RESP2,PW6B95/cc-pV(D+d)Z,1.0,1.0,C,resp2,4,[H:11][c:5]1[c:4]([c:3]([c:2]([c:7]([c:6]1[H:12])[H:13])[O:1][H:8])[H:9])[H:10],,
4,-0.20512024681316174,RESP2,PW6B95/cc-pV(D+d)Z,1.0,1.0,C,resp2,5,[H:11][c:5]1[c:4]([c:3]([c:2]([c:7]([c:6]1[H:12])[H:13])[O:1][H:8])[H:9])[H:10],,
5,-0.04713090031718925,RESP2,PW6B95/cc-pV(D+d)Z,1.0,1.0,C,resp2,6,[H:11][c:5]1[c:4]([c:3]([c:2]([c:7]([c:6]1[H:12])[H:13])[O:1][H:8])[H:9])[H:10],,
6,-0.33882369332149426,RESP2,PW6B95/cc-pV(D+d)Z,1.0,1.0,C,resp2,7,[H:11][c:5]1[c:4]([c:3]([c:2]([c:7]([c:6]1[H:12])[H:13])[O:1][H:8])[H:9])[H:10],,
7,0.4149415912718838,RESP2,PW6B95/cc-pV(D+d)Z,1.0,1.0,H,resp2,8,[H:11][c:5]1[c:4]([c:3]([c:2]([c:7]([c:6]1[H:12])[H:13])[O:1][H:8])[H:9])[H:10],,
8,0.16774088953451627,RESP2,PW6B95/cc-pV(D+d)Z,1.0,1.0,H,resp2,9,[H:11][c:5]1[c:4]([c:3]([c:2]([c:7]([c:6]1[H:12])[H:13])[O:1][H:8])[H:9])[H:10],,
9,0.12720870739757845,RESP2,PW6B95/cc-pV(D+d)Z,1.0,1.0,H,resp2,10,[H:11][c:5]1[c:4]([c:3]([c:2]([c:7]([c:6]1[H:12])[H:13])[O:1][H:8])[H:9])[H:10],,
10,0.13341440462895995,RESP2,PW6B95/cc-pV(D+d)Z,1.0,1.0,H,resp2,11,[H:11][c:5]1[c:4]([c:3]([c:2]([c:7]([c:6]1[H:12])[H:13])[O:1][H:8])[H:9])[H:10],,
11,0.12250776522269974,RESP2,PW6B95/cc-pV(D+d)Z,1.0,1.0,H,resp2,12,[H:11][c:5]1[c:4]([c:3]([c:2]([c:7]([c:6]1[H:12])[H:13])[O:1][H:8])[H:9])[H:10],,
12,0.14977357774303074,RESP2,PW6B95/cc-pV(D+d)Z,1.0,1.0,H,resp2,13,[H:11][c:5]1[c:4]([c:3]([c:2]([c:7]([c:6]1[H:12])[H:13])[O:1][H:8])[H:9])[H:10],,
0,-0.5192224017948874,RESP2,PW6B95/cc-pV(D+d)Z,,0.0,O,resp2,1,[H:11][c:5]1[c:4]([c:3]([c:2]([c:7]([c:6]1[H:12])[H:13])[O:1][H:8])[H:9])[H:10],,
1,0.3735237821862313,RESP2,PW6B95/cc-pV(D+d)Z,,0.0,C,resp2,2,[H:11][c:5]1[c:4]([c:3]([c:2]([c:7]([c:6]1[H:12])[H:13])[O:1][H:8])[H:9])[H:10],,
2,-0.25834867827863567,RESP2,PW6B95/cc-pV(D+d)Z,,0.0,C,resp2,3,[H:11][c:5]1[c:4]([c:3]([c:2]([c:7]([c:6]1[H:12])[H:13])[O:1][H:8])[H:9])[H:10],,
3,-0.08187309896530855,RESP2,PW6B95/cc-pV(D+d)Z,,0.0,C,resp2,4,[H:11][c:5]1[c:4]([c:3]([c:2]([c:7]([c:6]1[H:12])[H:13])[O:1][H:8])[H:9])[H:10],,
4,-0.19813095520587887,RESP2,PW6B95/cc-pV(D+d)Z,,0.0,C,resp2,5,[H:11][c:5]1[c:4]([c:3]([c:2]([c:7]([c:6]1[H:12])[H:13])[O:1][H:8])[H:9])[H:10],,
5,-0.047801457419043056,RESP2,PW6B95/cc-pV(D+d)Z,,0.0,C,resp2,6,[H:11][c:5]1[c:4]([c:3]([c:2]([c:7]([c:6]1[H:12])[H:13])[O:1][H:8])[H:9])[H:10],,
6,-0.33932159907004955,RESP2,PW6B95/cc-pV(D+d)Z,,0.0,C,resp2,7,[H:11][c:5]1[c:4]([c:3]([c:2]([c:7]([c:6]1[H:12])[H:13])[O:1][H:8])[H:9])[H:10],,
7,0.39583445557927777,RESP2,PW6B95/cc-pV(D+d)Z,,0.0,H,resp2,8,[H:11][c:5]1[c:4]([c:3]([c:2]([c:7]([c:6]1[H:12])[H:13])[O:1][H:8])[H:9])[H:10],,
8,0.1624733267423798,RESP2,PW6B95/cc-pV(D+d)Z,,0.0,H,resp2,9,[H:11][c:5]1[c:4]([c:3]([c:2]([c:7]([c:6]1[H:12])[H:13])[O:1][H:8])[H:9])[H:10],,
9,0.12120537368416319,RESP2,PW6B95/cc-pV(D+d)Z,,0.0,H,resp2,10,[H:11][c:5]1[c:4]([c:3]([c:2]([c:7]([c:6]1[H:12])[H:13])[O:1][H:8])[H:9])[H:10],,
10,0.12836821708997073,RESP2,PW6B95/cc-pV(D+d)Z,,0.0,H,resp2,11,[H:11][c:5]1[c:4]([c:3]([c:2]([c:7]([c:6]1[H:12])[H:13])[O:1][H:8])[H:9])[H:10],,
11,0.11909763570817594,RESP2,PW6B95/cc-pV(D+d)Z,,0.0,H,resp2,12,[H:11][c:5]1[c:4]([c:3]([c:2]([c:7]([c:6]1[H:12])[H:13])[O:1][H:8])[H:9])[H:10],,
12,0.1441953997436044,RESP2,PW6B95/cc-pV(D+d)Z,,0.0,H,resp2,13,[H:11][c:5]1[c:4]([c:3]([c:2]([c:7]([c:6]1[H:12])[H:13])[O:1][H:8])[H:9])[H:10],,
0,-0.5202644044639001,RESP2,PW6B95/cc-pV(D+d)Z,,0.05,O,resp2,1,[H:11][c:5]1[c:4]([c:3]([c:2]([c:7]([c:6]1[H:12])[H:13])[O:1][H:8])[H:9])[H:10],,
1,0.3735749656807085,RESP2,PW6B95/cc-pV(D+d)Z,,0.05,C,resp2,2,[H:11][c:5]1[c:4]([c:3]([c:2]([c:7]([c:6]1[H:12])[H:13])[O:1][H:8])[H:9])[H:10],,
2,-0.25926400925713805,RESP2,PW6B95/cc-pV(D+d)Z,,0.05,C,resp2,3,[H:11][c:5]1[c:4]([c:3]([c:2]([c:7]([c:6]1[H:12])[H:13])[O:1][H:8])[H:9])[H:10],,
3,-0.08189653375134158,RESP2,PW6B95/cc-pV(D+d)Z,,0.05,C,resp2,4,[H:11][c:5]1[c:4]([c:3]([c:2]([c:7]([c:6]1[H:12])[H:13])[O:1][H:8])[H:9])[H:10],,
4,-0.19848041976631434,RESP2,PW6B95/cc-pV(D+d)Z,,0.05,C,resp2,5,[H:11][c:5]1[c:4]([c:3]([c:2]([c:7]([c:6]1[H:12])[H:13])[O:1][H:8])[H:9])[H:10],,
5,-0.047767929582882236,RESP2,PW6B95/cc-pV(D+d)Z,,0.05,C,resp2,6,[H:11][c:5]1[c:4]([c:3]([c:2]([c:7]([c:6]1[H:12])[H:13])[O:1][H:8])[H:9])[H:10],,
6,-0.339296703785532,RESP2,PW6B95/cc-pV(D+d)Z,,0.05,C,resp2,7,[H:11][c:5]1[c:4]([c:3]([c:2]([c:7]([c:6]1[H:12])[H:13])[O:1][H:8])[H:9])[H:10],,
7,0.39678981236016725,RESP2,PW6B95/cc-pV(D+d)Z,,0.05,H,resp2,8,[H:11][c:5]1[c:4]([c:3]([c:2]([c:7]([c:6]1[H:12])[H:13])[O:1][H:8])[H:9])[H:10],,
8,0.1627367048877875,RESP2,PW6B95/cc-pV(D+d)Z,,0.05,H,resp2,9,[H:11][c:5]1[c:4]([c:3]([c:2]([c:7]([c:6]1[H:12])[H:13])[O:1][H:8])[H:9])[H:10],,
9,0.12150554037969061,RESP2,PW6B95/cc-pV(D+d)Z,,0.05,H,resp2,10,[H:11][c:5]1[c:4]([c:3]([c:2]([c:7]([c:6]1[H:12])[H:13])[O:1][H:8])[H:9])[H:10],,
10,0.12862052646543154,RESP2,PW6B95/cc-pV(D+d)Z,,0.05,H,resp2,11,[H:11][c:5]1[c:4]([c:3]([c:2]([c:7]([c:6]1[H:12])[H:13])[O:1][H:8])[H:9])[H:10],,
11,0.11926814219048013,RESP2,PW6B95/cc-pV(D+d)Z,,0.05,H,resp2,12,[H:11][c:5]1[c:4]([c:3]([c:2]([c:7]([c:6]1[H:12])[H:13])[O:1][H:8])[H:9])[H:10],,
12,0.14447430864284272,RESP2,PW6B95/cc-pV(D+d)Z,,0.05,H,resp2,13,[H:11][c:5]1[c:4]([c:3]([c:2]([c:7]([c:6]1[H:12])[H:13])[O:1][H:8])[H:9])[H:10],,
0,-0.5213064071329129,RESP2,PW6B95/cc-pV(D+d)Z,,0.1,O,resp2,1,[H:11][c:5]1[c:4]([c:3]([c:2]([c:7]([c:6]1[H:12])[H:13])[O:1][H:8])[H:9])[H:10],,
1,0.3736261491751858,RESP2,PW6B95/cc-pV(D+d)Z,,0.1,C,resp2,2,[H:11][c:5]1[c:4]([c:3]([c:2]([c:7]([c:6]1[H:12])[H:13])[O:1][H:8])[H:9])[H:10],,
2,-0.2601793402356405,RESP2,PW6B95/cc-pV(D+d)Z,,0.1,C,resp2,3,[H:11][c:5]1[c:4]([c:3]([c:2]([c:7]([c:6]1[H:12])[H:13])[O:1][H:8])[H:9])[H:10],,
3,-0.08191996853737461,RESP2,PW6B95/cc-pV(D+d)Z,,0.1,C,resp2,4,[H:11][c:5]1[c:4]([c:3]([c:2]([c:7]([c:6]1[H:12])[H:13])[O:1][H:8])[H:9])[H:10],,
4,-0.19882988432674983,RESP2,PW6B95/cc-pV(D+d)Z,,0.1,C,resp2,5,[H:11][c:5]1[c:4]([c:3]([c:2]([c:7]([c:6]1[H:12])[H:13])[O:1][H:8])[H:9])[H:10],,
5,-0.047734401746721423,RESP2,PW6B95/cc-pV(D+d)Z,,0.1,C,resp2,6,[H:11][c:5]1[c:4]([c:3]([c:2]([c:7]([c:6]1[H:12])[H:13])[O:1][H:8])[H:9])[H:10],,
6,-0.3392718085010144,RESP2,PW6B95/cc-pV(D+d)Z,,0.1,C,resp2,7,[H:11][c:5]1[c:4]([c:3]([c:2]([c:7]([c:6]1[H:12])[H:13])[O:1][H:8])[H:9])[H:10],,
7,0.39774516914105673,RESP2,PW6B95/cc-pV(D+d)Z,,0.1,H,resp2,8,[H:11][c:5]1[c:4]([c:3]([c:2]([c:7]([c:6]1[H:12])[H:13])[O:1][H:8])[H:9])[H:10],,
8,0.1630000830331952,RESP2,PW6B95/cc-pV(D+d)Z,,0.1,H,resp2,9,[H:11][c:5]1[c:4]([c:3]([c:2]([c:7]([c:6]1[H:12])[H:13])[O:1][H:8])[H:9])[H:10],,
9,0.12180570707521805,RESP2,PW6B95/cc-pV(D+d)Z,,0.1,H,resp2,10,[H:11][c:5]1[c:4]([c:3]([c:2]([c:7]([c:6]1[H:12])[H:13])[O:1][H:8])[H:9])[H:10],,
10,0.12887283584089237,RESP2,PW6B95/cc-pV(D+d)Z,,0.1,H,resp2,11,[H:11][c:5]1[c:4]([c:3]([c:2]([c:7]([c:6]1[H:12])[H:13])[O:1][H:8])[H:9])[H:10],,
11,0.11943864867278431,RESP2,PW6B95/cc-pV(D+d)Z,,0.1,H,resp2,12,[H:11][c:5]1[c:4]([c:3]([c:2]([c:7]([c:6]1[H:12])[H:13])[O:1][H:8])[H:9])[H:10],,
12,0.14475321754208104,RESP2,PW6B95/cc-pV(D+d)Z,,0.1,H,resp2,13,[H:11][c:5]1[c:4]([c:3]([c:2]([c:7]([c:6]1[H:12])[H:13])[O:1][H:8])[H:9])[H:10],,
0,-0.5223484098019255,RESP2,PW6B95/cc-pV(D+d)Z,,0.15000000000000002,O,resp2,1,[H:11][c:5]1[c:4]([c:3]([c:2]([c:7]([c:6]1[H:12])[H:13])[O:1][H:8])[H:9])[H:10],,
1,0.373677332669663,RESP2,PW6B95/cc-pV(D+d)Z,,0.15000000000000002,C,resp2,2,[H:11][c:5]1[c:4]([c:3]([c:2]([c:7]([c:6]1[H:12])[H:13])[O:1][H:8])[H:9])[H:10],,
2,-0.26109467121414287,RESP2,PW6B95/cc-pV(D+d)Z,,0.15000000000000002,C,resp2,3,[H:11][c:5]1[c:4]([c:3]([c:2]([c:7]([c:6]1[H:12])[H:13])[O:1][H:8])[H:9])[H:10],,
3,-0.08194340332340762,RESP2,PW6B95/cc-pV(D+d)Z,,0.15000000000000002,C,resp2,4,[H:11][c:5]1[c:4]([c:3]([c:2]([c:7]([c:6]1[H:12])[H:13])[O:1][H:8])[H:9])[H:10],,
4,-0.19917934888718528,RESP2,PW6B95/cc-pV(D+d)Z,,0.15000000000000002,C,resp2,5,[H:11][c:5]1[c:4]([c:3]([c:2]([c:7]([c:6]1[H:12])[H:13])[O:1][H:8])[H:9])[H:10],,
5,-0.0477008739105606,RESP2,PW6B95/cc-pV(D+d)Z,,0.15000000000000002,C,resp2,6,[H:11][c:5]1[c:4]([c:3]([c:2]([c:7]([c:6]1[H:12])[H:13])[O:1][H:8])[H:9])[H:10],,
6,-0.33924691321649686,RESP2,PW6B95/cc-pV(D+d)Z,,0.15000000000000002,C,resp2,7,[H:11][c:5]1[c:4]([c:3]([c:2]([c:7]([c:6]1[H:12])[H:13])[O:1][H:8])[H:9])[H:10],,
7,0.3987005259219462,RESP2,PW6B95/cc-pV(D+d)Z,,0.15000000000000002,H,resp2,8,[H:11][c:5]1[c:4]([c:3]([c:2]([c:7]([c:6]1[H:12])[H:13])[O:1][H:8])[H:9])[H:10],,
8,0.1632634611786029,RESP2,PW6B95/cc-pV(D+d)Z,,0.15000000000000002,H,resp2,9,[H:11][c:5]1[c:4]([c:3]([c:2]([c:7]([c:6]1[H:12])[H:13])[O:1][H:8])[H:9])[H:10],,
9,0.1221058737707455,RESP2,PW6B95/cc-pV(D+d)Z,,0.15000000000000002,H,resp2,10,[H:11][c:5]1[c:4]([c:3]([c:2]([c:7]([c:6]1[H:12])[H:13])[O:1][H:8])[H:9])[H:10],,
10,0.1291251452163532,RESP2,PW6B95/cc-pV(D+d)Z,,0.15000000000000002,H,resp2,11,[H:11][c:5]1[c:4]([c:3]([c:2]([c:7]([c:6]1[H:12])[H:13])[O:1][H:8])[H:9])[H:10],,
11,0.1196091551550885,RESP2,PW6B95/cc-pV(D+d)Z,,0.15000000000000002,H,resp2,12,[H:11][c:5]1[c:4]([c:3]([c:2]([c:7]([c:6]1[H:12])[H:13])[O:1][H:8])[H:9])[H:10],,
12,0.14503212644131938,RESP2,PW6B95/cc-pV(D+d)Z,,0.15000000000000002,H,resp2,13,[H:11][c:5]1[c:4]([c:3]([c:2]([c:7]([c:6]1[H:12])[H:13])[O:1][H:8])[H:9])[H:10],,
0,-0.5233904124709383,RESP2,PW6B95/cc-pV(D+d)Z,,0.2,O,resp2,1,[H:11][c:5]1[c:4]([c:3]([c:2]([c:7]([c:6]1[H:12])[H:13])[O:1][H:8])[H:9])[H:10],,
1,0.37372851616414027,RESP2,PW6B95/cc-pV(D+d)Z,,0.2,C,resp2,2,[H:11][c:5]1[c:4]([c:3]([c:2]([c:7]([c:6]1[H:12])[H:13])[O:1][H:8])[H:9])[H:10],,
2,-0.2620100021926453,RESP2,PW6B95/cc-pV(D+d)Z,,0.2,C,resp2,3,[H:11][c:5]1[c:4]([c:3]([c:2]([c:7]([c:6]1[H:12])[H:13])[O:1][H:8])[H:9])[H:10],,
3,-0.08196683810944067,RESP2,PW6B95/cc-pV(D+d)Z,,0.2,C,resp2,4,[H:11][c:5]1[c:4]([c:3]([c:2]([c:7]([c:6]1[H:12])[H:13])[O:1][H:8])[H:9])[H:10],,
4,-0.19952881344762075,RESP2,PW6B95/cc-pV(D+d)Z,,0.2,C,resp2,5,[H:11][c:5]1[c:4]([c:3]([c:2]([c:7]([c:6]1[H:12])[H:13])[O:1][H:8])[H:9])[H:10],,
5,-0.04766734607439979,RESP2,PW6B95/cc-pV(D+d)Z,,0.2,C,resp2,6,[H:11][c:5]1[c:4]([c:3]([c:2]([c:7]([c:6]1[H:12])[H:13])[O:1][H:8])[H:9])[H:10],,
6,-0.3392220179319793,RESP2,PW6B95/cc-pV(D+d)Z,,0.2,C,resp2,7,[H:11][c:5]1[c:4]([c:3]([c:2]([c:7]([c:6]1[H:12])[H:13])[O:1][H:8])[H:9])[H:10],,
7,0.3996558827028357,RESP2,PW6B95/cc-pV(D+d)Z,,0.2,H,resp2,8,[H:11][c:5]1[c:4]([c:3]([c:2]([c:7]([c:6]1[H:12])[H:13])[O:1][H:8])[H:9])[H:10],,
8,0.1635268393240106,RESP2,PW6B95/cc-pV(D+d)Z,,0.2,H,resp2,9,[H:11][c:5]1[c:4]([c:3]([c:2]([c:7]([c:6]1[H:12])[H:13])[O:1][H:8])[H:9])[H:10],,
9,0.12240604046627296,RESP2,PW6B95/cc-pV(D+d)Z,,0.2,H,resp2,10,[H:11][c:5]1[c:4]([c:3]([c:2]([c:7]([c:6]1[H:12])[H:13])[O:1][H:8])[H:9])[H:10],,
10,0.12937745459181405,RESP2,PW6B95/cc-pV(D+d)Z,,0.2,H,resp2,11,[H:11][c:5]1[c:4]([c:3]([c:2]([c:7]([c:6]1[H:12])[H:13])[O:1][H:8])[H:9])[H:10],,
11,0.1197796616373927,RESP2,PW6B95/cc-pV(D+d)Z,,0.2,H,resp2,12,[H:11][c:5]1[c:4]([c:3]([c:2]([c:7]([c:6]1[H:12])[H:13])[O:1][H:8])[H:9])[H:10],,
12,0.1453110353405577,RESP2,PW6B95/cc-pV(D+d)Z,,0.2,H,resp2,13,[H:11][c:5]1[c:4]([c:3]([c:2]([c:7]([c:6]1[H:12])[H:13])[O:1][H:8])[H:9])[H:10],,
0,-0.524432415139951,RESP2,PW6B95/cc-pV(D+d)Z,,0.25,O,resp2,1,[H:11][c:5]1[c:4]([c:3]([c:2]([c:7]([c:6]1[H:12])[H:13])[O:1][H:8])[H:9])[H:10],,
1,0.37377969965861757,RESP2,PW6B95/cc-pV(D+d)Z,,0.25,C,resp2,2,[H:11][c:5]1[c:4]([c:3]([c:2]([c:7]([c:6]1[H:12])[H:13])[O:1][H:8])[H:9])[H:10],,
2,-0.2629253331711477,RESP2,PW6B95/cc-pV(D+d)Z,,0.25,C,resp2,3,[H:11][c:5]1[c:4]([c:3]([c:2]([c:7]([c:6]1[H:12])[H:13])[O:1][H:8])[H:9])[H:10],,
3,-0.0819902728954737,RESP2,PW6B95/cc-pV(D+d)Z,,0.25,C,resp2,4,[H:11][c:5]1[c:4]([c:3]([c:2]([c:7]([c:6]1[H:12])[H:13])[O:1][H:8])[H:9])[H:10],,
4,-0.19987827800805621,RESP2,PW6B95/cc-pV(D+d)Z,,0.25,C,resp2,5,[H:11][c:5]1[c:4]([c:3]([c:2]([c:7]([c:6]1[H:12])[H:13])[O:1][H:8])[H:9])[H:10],,
5,-0.04763381823823898,RESP2,PW6B95/cc-pV(D+d)Z,,0.25,C,resp2,6,[H:11][c:5]1[c:4]([c:3]([c:2]([c:7]([c:6]1[H:12])[H:13])[O:1][H:8])[H:9])[H:10],,
6,-0.33919712264746166,RESP2,PW6B95/cc-pV(D+d)Z,,0.25,C,resp2,7,[H:11][c:5]1[c:4]([c:3]([c:2]([c:7]([c:6]1[H:12])[H:13])[O:1][H:8])[H:9])[H:10],,
7,0.40061123948372523,RESP2,PW6B95/cc-pV(D+d)Z,,0.25,H,resp2,8,[H:11][c:5]1[c:4]([c:3]([c:2]([c:7]([c:6]1[H:12])[H:13])[O:1][H:8])[H:9])[H:10],,
8,0.1637902174694183,RESP2,PW6B95/cc-pV(D+d)Z,,0.25,H,resp2,9,[H:11][c:5]1[c:4]([c:3]([c:2]([c:7]([c:6]1[H:12])[H:13])[O:1][H:8])[H:9])[H:10],,
9,0.12270620716180038,RESP2,PW6B95/cc-pV(D+d)Z,,0.25,H,resp2,10,[H:11][c:5]1[c:4]([c:3]([c:2]([c:7]([c:6]1[H:12])[H:13])[O:1][H:8])[H:9])[H:10],,
10,0.12962976396727485,RESP2,PW6B95/cc-pV(D+d)Z,,0.25,H,resp2,11,[H:11][c:5]1[c:4]([c:3]([c:2]([c:7]([c:6]1[H:12])[H:13])[O:1][H:8])[H:9])[H:10],,
11,0.11995016811969687,RESP2,PW6B95/cc-pV(D+d)Z,,0.25,H,resp2,12,[H:11][c:5]1[c:4]([c:3]([c:2]([c:7]([c:6]1[H:12])[H:13])[O:1][H:8])[H:9])[H:10],,
12,0.14558994423979602,RESP2,PW6B95/cc-pV(D+d)Z,,0.25,H,resp2,13,[H:11][c:5]1[c:4]([c:3]([c:2]([c:7]([c:6]1[H:12])[H:13])[O:1][H:8])[H:9])[H:10],,
0,-0.5254744178089638,RESP2,PW6B95/cc-pV(D+d)Z,,0.30000000000000004,O,resp2,1,[H:11][c:5]1[c:4]([c:3]([c:2]([c:7]([c:6]1[H:12])[H:13])[O:1][H:8])[H:9])[H:10],,
1,0.3738308831530948,RESP2,PW6B95/cc-pV(D+d)Z,,0.30000000000000004,C,resp2,2,[H:11][c:5]1[c:4]([c:3]([c:2]([c:7]([c:6]1[H:12])[H:13])[O:1][H:8])[H:9])[H:10],,
2,-0.2638406641496501,RESP2,PW6B95/cc-pV(D+d)Z,,0.30000000000000004,C,resp2,3,[H:11][c:5]1[c:4]([c:3]([c:2]([c:7]([c:6]1[H:12])[H:13])[O:1][H:8])[H:9])[H:10],,
3,-0.0820137076815067,RESP2,PW6B95/cc-pV(D+d)Z,,0.30000000000000004,C,resp2,4,[H:11][c:5]1[c:4]([c:3]([c:2]([c:7]([c:6]1[H:12])[H:13])[O:1][H:8])[H:9])[H:10],,
4,-0.20022774256849168,RESP2,PW6B95/cc-pV(D+d)Z,,0.30000000000000004,C,resp2,5,[H:11][c:5]1[c:4]([c:3]([c:2]([c:7]([c:6]1[H:12])[H:13])[O:1][H:8])[H:9])[H:10],,
5,-0.04760029040207815,RESP2,PW6B95/cc-pV(D+d)Z,,0.30000000000000004,C,resp2,6,[H:11][c:5]1[c:4]([c:3]([c:2]([c:7]([c:6]1[H:12])[H:13])[O:1][H:8])[H:9])[H:10],,
6,-0.3391722273629441,RESP2,PW6B95/cc-pV(D+d)Z,,0.30000000000000004,C,resp2,7,[H:11][c:5]1[c:4]([c:3]([c:2]([c:7]([c:6]1[H:12])[H:13])[O:1][H:8])[H:9])[H:10],,
7,0.4015665962646147,RESP2,PW6B95/cc-pV(D+d)Z,,0.30000000000000004,H,resp2,8,[H:11][c:5]1[c:4]([c:3]([c:2]([c:7]([c:6]1[H:12])[H:13])[O:1][H:8])[H:9])[H:10],,
8,0.16405359561482602,RESP2,PW6B95/cc-pV(D+d)Z,,0.30000000000000004,H,resp2,9,[H:11][c:5]1[c:4]([c:3]([c:2]([c:7]([c:6]1[H:12])[H:13])[O:1][H:8])[H:9])[H:10],,
9,0.12300637385732782,RESP2,PW6B95/cc-pV(D+d)Z,,0.30000000000000004,H,resp2,10,[H:11][c:5]1[c:4]([c:3]([c:2]([c:7]([c:6]1[H:12])[H:13])[O:1][H:8])[H:9])[H:10],,
10,0.12988207334273572,RESP2,PW6B95/cc-pV(D+d)Z,,0.30000000000000004,H,resp2,11,[H:11][c:5]1[c:4]([c:3]([c:2]([c:7]([c:6]1[H:12])[H:13])[O:1][H:8])[H:9])[H:10],,
11,0.12012067460200107,RESP2,PW6B95/cc-pV(D+d)Z,,0.30000000000000004,H,resp2,12,[H:11][c:5]1[c:4]([c:3]([c:2]([c:7]([c:6]1[H:12])[H:13])[O:1][H:8])[H:9])[H:10],,
12,0.14586885313903436,RESP2,PW6B95/cc-pV(D+d)Z,,0.30000000000000004,H,resp2,13,[H:11][c:5]1[c:4]([c:3]([c:2]([c:7]([c:6]1[H:12])[H:13])[O:1][H:8])[H:9])[H:10],,
0,-0.5265164204779764,RESP2,PW6B95/cc-pV(D+d)Z,,0.35000000000000003,O,resp2,1,[H:11][c:5]1[c:4]([c:3]([c:2]([c:7]([c:6]1[H:12])[H:13])[O:1][H:8])[H:9])[H:10],,
1,0.373882066647572,RESP2,PW6B95/cc-pV(D+d)Z,,0.35000000000000003,C,resp2,2,[H:11][c:5]1[c:4]([c:3]([c:2]([c:7]([c:6]1[H:12])[H:13])[O:1][H:8])[H:9])[H:10],,
2,-0.26475599512815245,RESP2,PW6B95/cc-pV(D+d)Z,,0.35000000000000003,C,resp2,3,[H:11][c:5]1[c:4]([c:3]([c:2]([c:7]([c:6]1[H:12])[H:13])[O:1][H:8])[H:9])[H:10],,
3,-0.08203714246753974,RESP2,PW6B95/cc-pV(D+d)Z,,0.35000000000000003,C,resp2,4,[H:11][c:5]1[c:4]([c:3]([c:2]([c:7]([c:6]1[H:12])[H:13])[O:1][H:8])[H:9])[H:10],,
4,-0.20057720712892713,RESP2,PW6B95/cc-pV(D+d)Z,,0.35000000000000003,C,resp2,5,[H:11][c:5]1[c:4]([c:3]([c:2]([c:7]([c:6]1[H:12])[H:13])[O:1][H:8])[H:9])[H:10],,
5,-0.04756676256591733,RESP2,PW6B95/cc-pV(D+d)Z,,0.35000000000000003,C,resp2,6,[H:11][c:5]1[c:4]([c:3]([c:2]([c:7]([c:6]1[H:12])[H:13])[O:1][H:8])[H:9])[H:10],,
6,-0.3391473320784265,RESP2,PW6B95/cc-pV(D+d)Z,,0.35000000000000003,C,resp2,7,[H:11][c:5]1[c:4]([c:3]([c:2]([c:7]([c:6]1[H:12])[H:13])[O:1][H:8])[H:9])[H:10],,
7,0.40252195304550414,RESP2,PW6B95/cc-pV(D+d)Z,,0.35000000000000003,H,resp2,8,[H:11][c:5]1[c:4]([c:3]([c:2]([c:7]([c:6]1[H:12])[H:13])[O:1][H:8])[H:9])[H:10],,
8,0.16431697376023371,RESP2,PW6B95/cc-pV(D+d)Z,,0.35000000000000003,H,resp2,9,[H:11][c:5]1[c:4]([c:3]([c:2]([c:7]([c:6]1[H:12])[H:13])[O:1][H:8])[H:9])[H:10],,
9,0.12330654055285524,RESP2,PW6B95/cc-pV(D+d)Z,,0.35000000000000003,H,resp2,10,[H:11][c:5]1[c:4]([c:3]([c:2]([c:7]([c:6]1[H:12])[H:13])[O:1][H:8])[H:9])[H:10],,
10,0.13013438271819652,RESP2,PW6B95/cc-pV(D+d)Z,,0.35000000000000003,H,resp2,11,[H:11][c:5]1[c:4]([c:3]([c:2]([c:7]([c:6]1[H:12])[H:13])[O:1][H:8])[H:9])[H:10],,
11,0.12029118108430524,RESP2,PW6B95/cc-pV(D+d)Z,,0.35000000000000003,H,resp2,12,[H:11][c:5]1[c:4]([c:3]([c:2]([c:7]([c:6]1[H:12])[H:13])[O:1][H:8])[H:9])[H:10],,
12,0.14614776203827268,RESP2,PW6B95/cc-pV(D+d)Z,,0.35000000000000003,H,resp2,13,[H:11][c:5]1[c:4]([c:3]([c:2]([c:7]([c:6]1[H:12])[H:13])[O:1][H:8])[H:9])[H:10],,
0,-0.5275584231469891,RESP2,PW6B95/cc-pV(D+d)Z,,0.4,O,resp2,1,[H:11][c:5]1[c:4]([c:3]([c:2]([c:7]([c:6]1[H:12])[H:13])[O:1][H:8])[H:9])[H:10],,
1,0.3739332501420493,RESP2,PW6B95/cc-pV(D+d)Z,,0.4,C,resp2,2,[H:11][c:5]1[c:4]([c:3]([c:2]([c:7]([c:6]1[H:12])[H:13])[O:1][H:8])[H:9])[H:10],,
2,-0.2656713261066549,RESP2,PW6B95/cc-pV(D+d)Z,,0.4,C,resp2,3,[H:11][c:5]1[c:4]([c:3]([c:2]([c:7]([c:6]1[H:12])[H:13])[O:1][H:8])[H:9])[H:10],,
3,-0.08206057725357278,RESP2,PW6B95/cc-pV(D+d)Z,,0.4,C,resp2,4,[H:11][c:5]1[c:4]([c:3]([c:2]([c:7]([c:6]1[H:12])[H:13])[O:1][H:8])[H:9])[H:10],,
4,-0.20092667168936265,RESP2,PW6B95/cc-pV(D+d)Z,,0.4,C,resp2,5,[H:11][c:5]1[c:4]([c:3]([c:2]([c:7]([c:6]1[H:12])[H:13])[O:1][H:8])[H:9])[H:10],,
5,-0.04753323472975653,RESP2,PW6B95/cc-pV(D+d)Z,,0.4,C,resp2,6,[H:11][c:5]1[c:4]([c:3]([c:2]([c:7]([c:6]1[H:12])[H:13])[O:1][H:8])[H:9])[H:10],,
6,-0.33912243679390897,RESP2,PW6B95/cc-pV(D+d)Z,,0.4,C,resp2,7,[H:11][c:5]1[c:4]([c:3]([c:2]([c:7]([c:6]1[H:12])[H:13])[O:1][H:8])[H:9])[H:10],,
7,0.4034773098263937,RESP2,PW6B95/cc-pV(D+d)Z,,0.4,H,resp2,8,[H:11][c:5]1[c:4]([c:3]([c:2]([c:7]([c:6]1[H:12])[H:13])[O:1][H:8])[H:9])[H:10],,
8,0.16458035190564138,RESP2,PW6B95/cc-pV(D+d)Z,,0.4,H,resp2,9,[H:11][c:5]1[c:4]([c:3]([c:2]([c:7]([c:6]1[H:12])[H:13])[O:1][H:8])[H:9])[H:10],,
9,0.12360670724838267,RESP2,PW6B95/cc-pV(D+d)Z,,0.4,H,resp2,10,[H:11][c:5]1[c:4]([c:3]([c:2]([c:7]([c:6]1[H:12])[H:13])[O:1][H:8])[H:9])[H:10],,
10,0.13038669209365733,RESP2,PW6B95/cc-pV(D+d)Z,,0.4,H,resp2,11,[H:11][c:5]1[c:4]([c:3]([c:2]([c:7]([c:6]1[H:12])[H:13])[O:1][H:8])[H:9])[H:10],,
11,0.12046168756660942,RESP2,PW6B95/cc-pV(D+d)Z,,0.4,H,resp2,12,[H:11][c:5]1[c:4]([c:3]([c:2]([c:7]([c:6]1[H:12])[H:13])[O:1][H:8])[H:9])[H:10],,
12,0.14642667093751097,RESP2,PW6B95/cc-pV(D+d)Z,,0.4,H,resp2,13,[H:11][c:5]1[c:4]([c:3]([c:2]([c:7]([c:6]1[H:12])[H:13])[O:1][H:8])[H:9])[H:10],,
0,-0.5286004258160018,RESP2,PW6B95/cc-pV(D+d)Z,,0.45,O,resp2,1,[H:11][c:5]1[c:4]([c:3]([c:2]([c:7]([c:6]1[H:12])[H:13])[O:1][H:8])[H:9])[H:10],,
1,0.3739844336365266,RESP2,PW6B95/cc-pV(D+d)Z,,0.45,C,resp2,2,[H:11][c:5]1[c:4]([c:3]([c:2]([c:7]([c:6]1[H:12])[H:13])[O:1][H:8])[H:9])[H:10],,
2,-0.2665866570851573,RESP2,PW6B95/cc-pV(D+d)Z,,0.45,C,resp2,3,[H:11][c:5]1[c:4]([c:3]([c:2]([c:7]([c:6]1[H:12])[H:13])[O:1][H:8])[H:9])[H:10],,
3,-0.0820840120396058,RESP2,PW6B95/cc-pV(D+d)Z,,0.45,C,resp2,4,[H:11][c:5]1[c:4]([c:3]([c:2]([c:7]([c:6]1[H:12])[H:13])[O:1][H:8])[H:9])[H:10],,
4,-0.20127613624979812,RESP2,PW6B95/cc-pV(D+d)Z,,0.45,C,resp2,5,[H:11][c:5]1[c:4]([c:3]([c:2]([c:7]([c:6]1[H:12])[H:13])[O:1][H:8])[H:9])[H:10],,
5,-0.04749970689359571,RESP2,PW6B95/cc-pV(D+d)Z,,0.45,C,resp2,6,[H:11][c:5]1[c:4]([c:3]([c:2]([c:7]([c:6]1[H:12])[H:13])[O:1][H:8])[H:9])[H:10],,
6,-0.3390975415093914,RESP2,PW6B95/cc-pV(D+d)Z,,0.45,C,resp2,7,[H:11][c:5]1[c:4]([c:3]([c:2]([c:7]([c:6]1[H:12])[H:13])[O:1][H:8])[H:9])[H:10],,
7,0.40443266660728316,RESP2,PW6B95/cc-pV(D+d)Z,,0.45,H,resp2,8,[H:11][c:5]1[c:4]([c:3]([c:2]([c:7]([c:6]1[H:12])[H:13])[O:1][H:8])[H:9])[H:10],,
8,0.16484373005104913,RESP2,PW6B95/cc-pV(D+d)Z,,0.45,H,resp2,9,[H:11][c:5]1[c:4]([c:3]([c:2]([c:7]([c:6]1[H:12])[H:13])[O:1][H:8])[H:9])[H:10],,
9,0.12390687394391012,RESP2,PW6B95/cc-pV(D+d)Z,,0.45,H,resp2,10,[H:11][c:5]1[c:4]([c:3]([c:2]([c:7]([c:6]1[H:12])[H:13])[O:1][H:8])[H:9])[H:10],,
10,0.13063900146911817,RESP2,PW6B95/cc-pV(D+d)Z,,0.45,H,resp2,11,[H:11][c:5]1[c:4]([c:3]([c:2]([c:7]([c:6]1[H:12])[H:13])[O:1][H:8])[H:9])[H:10],,
11,0.12063219404891362,RESP2,PW6B95/cc-pV(D+d)Z,,0.45,H,resp2,12,[H:11][c:5]1[c:4]([c:3]([c:2]([c:7]([c:6]1[H:12])[H:13])[O:1][H:8])[H:9])[H:10],,
12,0.1467055798367493,RESP2,PW6B95/cc-pV(D+d)Z,,0.45,H,resp2,13,[H:11][c:5]1[c:4]([c:3]([c:2]([c:7]([c:6]1[H:12])[H:13])[O:1][H:8])[H:9])[H:10],,
0,-0.5296424284850145,RESP2,PW6B95/cc-pV(D+d)Z,,0.5,O,resp2,1,[H:11][c:5]1[c:4]([c:3]([c:2]([c:7]([c:6]1[H:12])[H:13])[O:1][H:8])[H:9])[H:10],,
1,0.3740356171310038,RESP2,PW6B95/cc-pV(D+d)Z,,0.5,C,resp2,2,[H:11][c:5]1[c:4]([c:3]([c:2]([c:7]([c:6]1[H:12])[H:13])[O:1][H:8])[H:9])[H:10],,
2,-0.2675019880636597,RESP2,PW6B95/cc-pV(D+d)Z,,0.5,C,resp2,3,[H:11][c:5]1[c:4]([c:3]([c:2]([c:7]([c:6]1[H:12])[H:13])[O:1][H:8])[H:9])[H:10],,
3,-0.08210744682563884,RESP2,PW6B95/cc-pV(D+d)Z,,0.5,C,resp2,4,[H:11][c:5]1[c:4]([c:3]([c:2]([c:7]([c:6]1[H:12])[H:13])[O:1][H:8])[H:9])[H:10],,
4,-0.2016256008102336,RESP2,PW6B95/cc-pV(D+d)Z,,0.5,C,resp2,5,[H:11][c:5]1[c:4]([c:3]([c:2]([c:7]([c:6]1[H:12])[H:13])[O:1][H:8])[H:9])[H:10],,
5,-0.04746617905743491,RESP2,PW6B95/cc-pV(D+d)Z,,0.5,C,resp2,6,[H:11][c:5]1[c:4]([c:3]([c:2]([c:7]([c:6]1[H:12])[H:13])[O:1][H:8])[H:9])[H:10],,
6,-0.3390726462248738,RESP2,PW6B95/cc-pV(D+d)Z,,0.5,C,resp2,7,[H:11][c:5]1[c:4]([c:3]([c:2]([c:7]([c:6]1[H:12])[H:13])[O:1][H:8])[H:9])[H:10],,
7,0.40538802338817265,RESP2,PW6B95/cc-pV(D+d)Z,,0.5,H,resp2,8,[H:11][c:5]1[c:4]([c:3]([c:2]([c:7]([c:6]1[H:12])[H:13])[O:1][H:8])[H:9])[H:10],,
8,0.1651071081964568,RESP2,PW6B95/cc-pV(D+d)Z,,0.5,H,resp2,9,[H:11][c:5]1[c:4]([c:3]([c:2]([c:7]([c:6]1[H:12])[H:13])[O:1][H:8])[H:9])[H:10],,
9,0.12420704063943755,RESP2,PW6B95/cc-pV(D+d)Z,,0.5,H,resp2,10,[H:11][c:5]1[c:4]([c:3]([c:2]([c:7]([c:6]1[H:12])[H:13])[O:1][H:8])[H:9])[H:10],,
10,0.130891310844579,RESP2,PW6B95/cc-pV(D+d)Z,,0.5,H,resp2,11,[H:11][c:5]1[c:4]([c:3]([c:2]([c:7]([c:6]1[H:12])[H:13])[O:1][H:8])[H:9])[H:10],,
11,0.1208027005312178,RESP2,PW6B95/cc-pV(D+d)Z,,0.5,H,resp2,12,[H:11][c:5]1[c:4]([c:3]([c:2]([c:7]([c:6]1[H:12])[H:13])[O:1][H:8])[H:9])[H:10],,
12,0.14698448873598763,RESP2,PW6B95/cc-pV(D+d)Z,,0.5,H,resp2,13,[H:11][c:5]1[c:4]([c:3]([c:2]([c:7]([c:6]1[H:12])[H:13])[O:1][H:8])[H:9])[H:10],,
0,-0.5306844311540272,RESP2,PW6B95/cc-pV(D+d)Z,,0.55,O,resp2,1,[H:11][c:5]1[c:4]([c:3]([c:2]([c:7]([c:6]1[H:12])[H:13])[O:1][H:8])[H:9])[H:10],,
1,0.3740868006254811,RESP2,PW6B95/cc-pV(D+d)Z,,0.55,C,resp2,2,[H:11][c:5]1[c:4]([c:3]([c:2]([c:7]([c:6]1[H:12])[H:13])[O:1][H:8])[H:9])[H:10],,
2,-0.26841731904216204,RESP2,PW6B95/cc-pV(D+d)Z,,0.55,C,resp2,3,[H:11][c:5]1[c:4]([c:3]([c:2]([c:7]([c:6]1[H:12])[H:13])[O:1][H:8])[H:9])[H:10],,
3,-0.08213088161167184,RESP2,PW6B95/cc-pV(D+d)Z,,0.55,C,resp2,4,[H:11][c:5]1[c:4]([c:3]([c:2]([c:7]([c:6]1[H:12])[H:13])[O:1][H:8])[H:9])[H:10],,
4,-0.20197506537066903,RESP2,PW6B95/cc-pV(D+d)Z,,0.55,C,resp2,5,[H:11][c:5]1[c:4]([c:3]([c:2]([c:7]([c:6]1[H:12])[H:13])[O:1][H:8])[H:9])[H:10],,
5,-0.047432651221274054,RESP2,PW6B95/cc-pV(D+d)Z,,0.55,C,resp2,6,[H:11][c:5]1[c:4]([c:3]([c:2]([c:7]([c:6]1[H:12])[H:13])[O:1][H:8])[H:9])[H:10],,
6,-0.3390477509403562,RESP2,PW6B95/cc-pV(D+d)Z,,0.55,C,resp2,7,[H:11][c:5]1[c:4]([c:3]([c:2]([c:7]([c:6]1[H:12])[H:13])[O:1][H:8])[H:9])[H:10],,
7,0.40634338016906213,RESP2,PW6B95/cc-pV(D+d)Z,,0.55,H,resp2,8,[H:11][c:5]1[c:4]([c:3]([c:2]([c:7]([c:6]1[H:12])[H:13])[O:1][H:8])[H:9])[H:10],,
8,0.16537048634186455,RESP2,PW6B95/cc-pV(D+d)Z,,0.55,H,resp2,9,[H:11][c:5]1[c:4]([c:3]([c:2]([c:7]([c:6]1[H:12])[H:13])[O:1][H:8])[H:9])[H:10],,
9,0.12450720733496501,RESP2,PW6B95/cc-pV(D+d)Z,,0.55,H,resp2,10,[H:11][c:5]1[c:4]([c:3]([c:2]([c:7]([c:6]1[H:12])[H:13])[O:1][H:8])[H:9])[H:10],,
10,0.13114362022003984,RESP2,PW6B95/cc-pV(D+d)Z,,0.55,H,resp2,11,[H:11][c:5]1[c:4]([c:3]([c:2]([c:7]([c:6]1[H:12])[H:13])[O:1][H:8])[H:9])[H:10],,
11,0.12097320701352202,RESP2,PW6B95/cc-pV(D+d)Z,,0.55,H,resp2,12,[H:11][c:5]1[c:4]([c:3]([c:2]([c:7]([c:6]1[H:12])[H:13])[O:1][H:8])[H:9])[H:10],,
12,0.14726339763522597,RESP2,PW6B95/cc-pV(D+d)Z,,0.55,H,resp2,13,[H:11][c:5]1[c:4]([c:3]([c:2]([c:7]([c:6]1[H:12])[H:13])[O:1][H:8])[H:9])[H:10],,
0,-0.5317264338230399,RESP2,PW6B95/cc-pV(D+d)Z,,0.6000000000000001,O,resp2,1,[H:11][c:5]1[c:4]([c:3]([c:2]([c:7]([c:6]1[H:12])[H:13])[O:1][H:8])[H:9])[H:10],,
1,0.37413798411995836,RESP2,PW6B95/cc-pV(D+d)Z,,0.6000000000000001,C,resp2,2,[H:11][c:5]1[c:4]([c:3]([c:2]([c:7]([c:6]1[H:12])[H:13])[O:1][H:8])[H:9])[H:10],,
2,-0.2693326500206644,RESP2,PW6B95/cc-pV(D+d)Z,,0.6000000000000001,C,resp2,3,[H:11][c:5]1[c:4]([c:3]([c:2]([c:7]([c:6]1[H:12])[H:13])[O:1][H:8])[H:9])[H:10],,
3,-0.08215431639770487,RESP2,PW6B95/cc-pV(D+d)Z,,0.6000000000000001,C,resp2,4,[H:11][c:5]1[c:4]([c:3]([c:2]([c:7]([c:6]1[H:12])[H:13])[O:1][H:8])[H:9])[H:10],,
4,-0.20232452993110453,RESP2,PW6B95/cc-pV(D+d)Z,,0.6000000000000001,C,resp2,5,[H:11][c:5]1[c:4]([c:3]([c:2]([c:7]([c:6]1[H:12])[H:13])[O:1][H:8])[H:9])[H:10],,
5,-0.04739912338511324,RESP2,PW6B95/cc-pV(D+d)Z,,0.6000000000000001,C,resp2,6,[H:11][c:5]1[c:4]([c:3]([c:2]([c:7]([c:6]1[H:12])[H:13])[O:1][H:8])[H:9])[H:10],,
6,-0.3390228556558387,RESP2,PW6B95/cc-pV(D+d)Z,,0.6000000000000001,C,resp2,7,[H:11][c:5]1[c:4]([c:3]([c:2]([c:7]([c:6]1[H:12])[H:13])[O:1][H:8])[H:9])[H:10],,
7,0.40729873694995167,RESP2,PW6B95/cc-pV(D+d)Z,,0.6000000000000001,H,resp2,8,[H:11][c:5]1[c:4]([c:3]([c:2]([c:7]([c:6]1[H:12])[H:13])[O:1][H:8])[H:9])[H:10],,
8,0.16563386448727221,RESP2,PW6B95/cc-pV(D+d)Z,,0.6000000000000001,H,resp2,9,[H:11][c:5]1[c:4]([c:3]([c:2]([c:7]([c:6]1[H:12])[H:13])[O:1][H:8])[H:9])[H:10],,
9,0.12480737403049245,RESP2,PW6B95/cc-pV(D+d)Z,,0.6000000000000001,H,resp2,10,[H:11][c:5]1[c:4]([c:3]([c:2]([c:7]([c:6]1[H:12])[H:13])[O:1][H:8])[H:9])[H:10],,
10,0.13139592959550064,RESP2,PW6B95/cc-pV(D+d)Z,,0.6000000000000001,H,resp2,11,[H:11][c:5]1[c:4]([c:3]([c:2]([c:7]([c:6]1[H:12])[H:13])[O:1][H:8])[H:9])[H:10],,
11,0.1211437134958262,RESP2,PW6B95/cc-pV(D+d)Z,,0.6000000000000001,H,resp2,12,[H:11][c:5]1[c:4]([c:3]([c:2]([c:7]([c:6]1[H:12])[H:13])[O:1][H:8])[H:9])[H:10],,
12,0.1475423065344643,RESP2,PW6B95/cc-pV(D+d)Z,,0.6000000000000001,H,resp2,13,[H:11][c:5]1[c:4]([c:3]([c:2]([c:7]([c:6]1[H:12])[H:13])[O:1][H:8])[H:9])[H:10],,
0,-0.5327684364920525,RESP2,PW6B95/cc-pV(D+d)Z,,0.65,O,resp2,1,[H:11][c:5]1[c:4]([c:3]([c:2]([c:7]([c:6]1[H:12])[H:13])[O:1][H:8])[H:9])[H:10],,
1,0.37418916761443555,RESP2,PW6B95/cc-pV(D+d)Z,,0.65,C,resp2,2,[H:11][c:5]1[c:4]([c:3]([c:2]([c:7]([c:6]1[H:12])[H:13])[O:1][H:8])[H:9])[H:10],,
2,-0.2702479809991669,RESP2,PW6B95/cc-pV(D+d)Z,,0.65,C,resp2,3,[H:11][c:5]1[c:4]([c:3]([c:2]([c:7]([c:6]1[H:12])[H:13])[O:1][H:8])[H:9])[H:10],,
3,-0.08217775118373791,RESP2,PW6B95/cc-pV(D+d)Z,,0.65,C,resp2,4,[H:11][c:5]1[c:4]([c:3]([c:2]([c:7]([c:6]1[H:12])[H:13])[O:1][H:8])[H:9])[H:10],,
4,-0.20267399449154,RESP2,PW6B95/cc-pV(D+d)Z,,0.65,C,resp2,5,[H:11][c:5]1[c:4]([c:3]([c:2]([c:7]([c:6]1[H:12])[H:13])[O:1][H:8])[H:9])[H:10],,
5,-0.04736559554895244,RESP2,PW6B95/cc-pV(D+d)Z,,0.65,C,resp2,6,[H:11][c:5]1[c:4]([c:3]([c:2]([c:7]([c:6]1[H:12])[H:13])[O:1][H:8])[H:9])[H:10],,
6,-0.3389979603713212,RESP2,PW6B95/cc-pV(D+d)Z,,0.65,C,resp2,7,[H:11][c:5]1[c:4]([c:3]([c:2]([c:7]([c:6]1[H:12])[H:13])[O:1][H:8])[H:9])[H:10],,
7,0.4082540937308411,RESP2,PW6B95/cc-pV(D+d)Z,,0.65,H,resp2,8,[H:11][c:5]1[c:4]([c:3]([c:2]([c:7]([c:6]1[H:12])[H:13])[O:1][H:8])[H:9])[H:10],,
8,0.16589724263267994,RESP2,PW6B95/cc-pV(D+d)Z,,0.65,H,resp2,9,[H:11][c:5]1[c:4]([c:3]([c:2]([c:7]([c:6]1[H:12])[H:13])[O:1][H:8])[H:9])[H:10],,
9,0.12510754072601987,RESP2,PW6B95/cc-pV(D+d)Z,,0.65,H,resp2,10,[H:11][c:5]1[c:4]([c:3]([c:2]([c:7]([c:6]1[H:12])[H:13])[O:1][H:8])[H:9])[H:10],,
10,0.13164823897096148,RESP2,PW6B95/cc-pV(D+d)Z,,0.65,H,resp2,11,[H:11][c:5]1[c:4]([c:3]([c:2]([c:7]([c:6]1[H:12])[H:13])[O:1][H:8])[H:9])[H:10],,
11,0.12131421997813038,RESP2,PW6B95/cc-pV(D+d)Z,,0.65,H,resp2,12,[H:11][c:5]1[c:4]([c:3]([c:2]([c:7]([c:6]1[H:12])[H:13])[O:1][H:8])[H:9])[H:10],,
12,0.1478212154337026,RESP2,PW6B95/cc-pV(D+d)Z,,0.65,H,resp2,13,[H:11][c:5]1[c:4]([c:3]([c:2]([c:7]([c:6]1[H:12])[H:13])[O:1][H:8])[H:9])[H:10],,
0,-0.5338104391610653,RESP2,PW6B95/cc-pV(D+d)Z,,0.7000000000000001,O,resp2,1,[H:11][c:5]1[c:4]([c:3]([c:2]([c:7]([c:6]1[H:12])[H:13])[O:1][H:8])[H:9])[H:10],,
1,0.37424035110891285,RESP2,PW6B95/cc-pV(D+d)Z,,0.7000000000000001,C,resp2,2,[H:11][c:5]1[c:4]([c:3]([c:2]([c:7]([c:6]1[H:12])[H:13])[O:1][H:8])[H:9])[H:10],,
2,-0.2711633119776693,RESP2,PW6B95/cc-pV(D+d)Z,,0.7000000000000001,C,resp2,3,[H:11][c:5]1[c:4]([c:3]([c:2]([c:7]([c:6]1[H:12])[H:13])[O:1][H:8])[H:9])[H:10],,
3,-0.08220118596977093,RESP2,PW6B95/cc-pV(D+d)Z,,0.7000000000000001,C,resp2,4,[H:11][c:5]1[c:4]([c:3]([c:2]([c:7]([c:6]1[H:12])[H:13])[O:1][H:8])[H:9])[H:10],,
4,-0.20302345905197544,RESP2,PW6B95/cc-pV(D+d)Z,,0.7000000000000001,C,resp2,5,[H:11][c:5]1[c:4]([c:3]([c:2]([c:7]([c:6]1[H:12])[H:13])[O:1][H:8])[H:9])[H:10],,
5,-0.04733206771279162,RESP2,PW6B95/cc-pV(D+d)Z,,0.7000000000000001,C,resp2,6,[H:11][c:5]1[c:4]([c:3]([c:2]([c:7]([c:6]1[H:12])[H:13])[O:1][H:8])[H:9])[H:10],,
6,-0.3389730650868035,RESP2,PW6B95/cc-pV(D+d)Z,,0.7000000000000001,C,resp2,7,[H:11][c:5]1[c:4]([c:3]([c:2]([c:7]([c:6]1[H:12])[H:13])[O:1][H:8])[H:9])[H:10],,
7,0.40920945051173063,RESP2,PW6B95/cc-pV(D+d)Z,,0.7000000000000001,H,resp2,8,[H:11][c:5]1[c:4]([c:3]([c:2]([c:7]([c:6]1[H:12])[H:13])[O:1][H:8])[H:9])[H:10],,
8,0.16616062077808766,RESP2,PW6B95/cc-pV(D+d)Z,,0.7000000000000001,H,resp2,9,[H:11][c:5]1[c:4]([c:3]([c:2]([c:7]([c:6]1[H:12])[H:13])[O:1][H:8])[H:9])[H:10],,
9,0.12540770742154733,RESP2,PW6B95/cc-pV(D+d)Z,,0.7000000000000001,H,resp2,10,[H:11][c:5]1[c:4]([c:3]([c:2]([c:7]([c:6]1[H:12])[H:13])[O:1][H:8])[H:9])[H:10],,
10,0.13190054834642234,RESP2,PW6B95/cc-pV(D+d)Z,,0.7000000000000001,H,resp2,11,[H:11][c:5]1[c:4]([c:3]([c:2]([c:7]([c:6]1[H:12])[H:13])[O:1][H:8])[H:9])[H:10],,
11,0.12148472646043457,RESP2,PW6B95/cc-pV(D+d)Z,,0.7000000000000001,H,resp2,12,[H:11][c:5]1[c:4]([c:3]([c:2]([c:7]([c:6]1[H:12])[H:13])[O:1][H:8])[H:9])[H:10],,
12,0.14810012433294095,RESP2,PW6B95/cc-pV(D+d)Z,,0.7000000000000001,H,resp2,13,[H:11][c:5]1[c:4]([c:3]([c:2]([c:7]([c:6]1[H:12])[H:13])[O:1][H:8])[H:9])[H:10],,
0,-0.534852441830078,RESP2,PW6B95/cc-pV(D+d)Z,,0.75,O,resp2,1,[H:11][c:5]1[c:4]([c:3]([c:2]([c:7]([c:6]1[H:12])[H:13])[O:1][H:8])[H:9])[H:10],,
1,0.3742915346033901,RESP2,PW6B95/cc-pV(D+d)Z,,0.75,C,resp2,2,[H:11][c:5]1[c:4]([c:3]([c:2]([c:7]([c:6]1[H:12])[H:13])[O:1][H:8])[H:9])[H:10],,
2,-0.2720786429561717,RESP2,PW6B95/cc-pV(D+d)Z,,0.75,C,resp2,3,[H:11][c:5]1[c:4]([c:3]([c:2]([c:7]([c:6]1[H:12])[H:13])[O:1][H:8])[H:9])[H:10],,
3,-0.08222462075580397,RESP2,PW6B95/cc-pV(D+d)Z,,0.75,C,resp2,4,[H:11][c:5]1[c:4]([c:3]([c:2]([c:7]([c:6]1[H:12])[H:13])[O:1][H:8])[H:9])[H:10],,
4,-0.20337292361241097,RESP2,PW6B95/cc-pV(D+d)Z,,0.75,C,resp2,5,[H:11][c:5]1[c:4]([c:3]([c:2]([c:7]([c:6]1[H:12])[H:13])[O:1][H:8])[H:9])[H:10],,
5,-0.04729853987663081,RESP2,PW6B95/cc-pV(D+d)Z,,0.75,C,resp2,6,[H:11][c:5]1[c:4]([c:3]([c:2]([c:7]([c:6]1[H:12])[H:13])[O:1][H:8])[H:9])[H:10],,
6,-0.3389481698022859,RESP2,PW6B95/cc-pV(D+d)Z,,0.75,C,resp2,7,[H:11][c:5]1[c:4]([c:3]([c:2]([c:7]([c:6]1[H:12])[H:13])[O:1][H:8])[H:9])[H:10],,
7,0.41016480729262006,RESP2,PW6B95/cc-pV(D+d)Z,,0.75,H,resp2,8,[H:11][c:5]1[c:4]([c:3]([c:2]([c:7]([c:6]1[H:12])[H:13])[O:1][H:8])[H:9])[H:10],,
8,0.16642399892349533,RESP2,PW6B95/cc-pV(D+d)Z,,0.75,H,resp2,9,[H:11][c:5]1[c:4]([c:3]([c:2]([c:7]([c:6]1[H:12])[H:13])[O:1][H:8])[H:9])[H:10],,
9,0.12570787411707474,RESP2,PW6B95/cc-pV(D+d)Z,,0.75,H,resp2,10,[H:11][c:5]1[c:4]([c:3]([c:2]([c:7]([c:6]1[H:12])[H:13])[O:1][H:8])[H:9])[H:10],,
10,0.13215285772188312,RESP2,PW6B95/cc-pV(D+d)Z,,0.75,H,resp2,11,[H:11][c:5]1[c:4]([c:3]([c:2]([c:7]([c:6]1[H:12])[H:13])[O:1][H:8])[H:9])[H:10],,
11,0.12165523294273874,RESP2,PW6B95/cc-pV(D+d)Z,,0.75,H,resp2,12,[H:11][c:5]1[c:4]([c:3]([c:2]([c:7]([c:6]1[H:12])[H:13])[O:1][H:8])[H:9])[H:10],,
12,0.14837903323217924,RESP2,PW6B95/cc-pV(D+d)Z,,0.75,H,resp2,13,[H:11][c:5]1[c:4]([c:3]([c:2]([c:7]([c:6]1[H:12])[H:13])[O:1][H:8])[H:9])[H:10],,
0,-0.5358944444990906,RESP2,PW6B95/cc-pV(D+d)Z,,0.8,O,resp2,1,[H:11][c:5]1[c:4]([c:3]([c:2]([c:7]([c:6]1[H:12])[H:13])[O:1][H:8])[H:9])[H:10],,
1,0.37434271809786734,RESP2,PW6B95/cc-pV(D+d)Z,,0.8,C,resp2,2,[H:11][c:5]1[c:4]([c:3]([c:2]([c:7]([c:6]1[H:12])[H:13])[O:1][H:8])[H:9])[H:10],,
2,-0.27299397393467406,RESP2,PW6B95/cc-pV(D+d)Z,,0.8,C,resp2,3,[H:11][c:5]1[c:4]([c:3]([c:2]([c:7]([c:6]1[H:12])[H:13])[O:1][H:8])[H:9])[H:10],,
3,-0.082248055541837,RESP2,PW6B95/cc-pV(D+d)Z,,0.8,C,resp2,4,[H:11][c:5]1[c:4]([c:3]([c:2]([c:7]([c:6]1[H:12])[H:13])[O:1][H:8])[H:9])[H:10],,
4,-0.20372238817284644,RESP2,PW6B95/cc-pV(D+d)Z,,0.8,C,resp2,5,[H:11][c:5]1[c:4]([c:3]([c:2]([c:7]([c:6]1[H:12])[H:13])[O:1][H:8])[H:9])[H:10],,
5,-0.04726501204047001,RESP2,PW6B95/cc-pV(D+d)Z,,0.8,C,resp2,6,[H:11][c:5]1[c:4]([c:3]([c:2]([c:7]([c:6]1[H:12])[H:13])[O:1][H:8])[H:9])[H:10],,
6,-0.3389232745177684,RESP2,PW6B95/cc-pV(D+d)Z,,0.8,C,resp2,7,[H:11][c:5]1[c:4]([c:3]([c:2]([c:7]([c:6]1[H:12])[H:13])[O:1][H:8])[H:9])[H:10],,
7,0.4111201640735096,RESP2,PW6B95/cc-pV(D+d)Z,,0.8,H,resp2,8,[H:11][c:5]1[c:4]([c:3]([c:2]([c:7]([c:6]1[H:12])[H:13])[O:1][H:8])[H:9])[H:10],,
8,0.166687377068903,RESP2,PW6B95/cc-pV(D+d)Z,,0.8,H,resp2,9,[H:11][c:5]1[c:4]([c:3]([c:2]([c:7]([c:6]1[H:12])[H:13])[O:1][H:8])[H:9])[H:10],,
9,0.12600804081260217,RESP2,PW6B95/cc-pV(D+d)Z,,0.8,H,resp2,10,[H:11][c:5]1[c:4]([c:3]([c:2]([c:7]([c:6]1[H:12])[H:13])[O:1][H:8])[H:9])[H:10],,
10,0.13240516709734393,RESP2,PW6B95/cc-pV(D+d)Z,,0.8,H,resp2,11,[H:11][c:5]1[c:4]([c:3]([c:2]([c:7]([c:6]1[H:12])[H:13])[O:1][H:8])[H:9])[H:10],,
11,0.12182573942504292,RESP2,PW6B95/cc-pV(D+d)Z,,0.8,H,resp2,12,[H:11][c:5]1[c:4]([c:3]([c:2]([c:7]([c:6]1[H:12])[H:13])[O:1][H:8])[H:9])[H:10],,
12,0.14865794213141756,RESP2,PW6B95/cc-pV(D+d)Z,,0.8,H,resp2,13,[H:11][c:5]1[c:4]([c:3]([c:2]([c:7]([c:6]1[H:12])[H:13])[O:1][H:8])[H:9])[H:10],,
0,-0.5369364471681034,RESP2,PW6B95/cc-pV(D+d)Z,,0.8500000000000001,O,resp2,1,[H:11][c:5]1[c:4]([c:3]([c:2]([c:7]([c:6]1[H:12])[H:13])[O:1][H:8])[H:9])[H:10],,
1,0.3743939015923446,RESP2,PW6B95/cc-pV(D+d)Z,,0.8500000000000001,C,resp2,2,[H:11][c:5]1[c:4]([c:3]([c:2]([c:7]([c:6]1[H:12])[H:13])[O:1][H:8])[H:9])[H:10],,
2,-0.27390930491317644,RESP2,PW6B95/cc-pV(D+d)Z,,0.8500000000000001,C,resp2,3,[H:11][c:5]1[c:4]([c:3]([c:2]([c:7]([c:6]1[H:12])[H:13])[O:1][H:8])[H:9])[H:10],,
3,-0.08227149032787,RESP2,PW6B95/cc-pV(D+d)Z,,0.8500000000000001,C,resp2,4,[H:11][c:5]1[c:4]([c:3]([c:2]([c:7]([c:6]1[H:12])[H:13])[O:1][H:8])[H:9])[H:10],,
4,-0.20407185273328188,RESP2,PW6B95/cc-pV(D+d)Z,,0.8500000000000001,C,resp2,5,[H:11][c:5]1[c:4]([c:3]([c:2]([c:7]([c:6]1[H:12])[H:13])[O:1][H:8])[H:9])[H:10],,
5,-0.04723148420430917,RESP2,PW6B95/cc-pV(D+d)Z,,0.8500000000000001,C,resp2,6,[H:11][c:5]1[c:4]([c:3]([c:2]([c:7]([c:6]1[H:12])[H:13])[O:1][H:8])[H:9])[H:10],,
6,-0.33889837923325083,RESP2,PW6B95/cc-pV(D+d)Z,,0.8500000000000001,C,resp2,7,[H:11][c:5]1[c:4]([c:3]([c:2]([c:7]([c:6]1[H:12])[H:13])[O:1][H:8])[H:9])[H:10],,
7,0.412075520854399,RESP2,PW6B95/cc-pV(D+d)Z,,0.8500000000000001,H,resp2,8,[H:11][c:5]1[c:4]([c:3]([c:2]([c:7]([c:6]1[H:12])[H:13])[O:1][H:8])[H:9])[H:10],,
8,0.16695075521431074,RESP2,PW6B95/cc-pV(D+d)Z,,0.8500000000000001,H,resp2,9,[H:11][c:5]1[c:4]([c:3]([c:2]([c:7]([c:6]1[H:12])[H:13])[O:1][H:8])[H:9])[H:10],,
9,0.12630820750812963,RESP2,PW6B95/cc-pV(D+d)Z,,0.8500000000000001,H,resp2,10,[H:11][c:5]1[c:4]([c:3]([c:2]([c:7]([c:6]1[H:12])[H:13])[O:1][H:8])[H:9])[H:10],,
10,0.1326574764728048,RESP2,PW6B95/cc-pV(D+d)Z,,0.8500000000000001,H,resp2,11,[H:11][c:5]1[c:4]([c:3]([c:2]([c:7]([c:6]1[H:12])[H:13])[O:1][H:8])[H:9])[H:10],,
11,0.12199624590734715,RESP2,PW6B95/cc-pV(D+d)Z,,0.8500000000000001,H,resp2,12,[H:11][c:5]1[c:4]([c:3]([c:2]([c:7]([c:6]1[H:12])[H:13])[O:1][H:8])[H:9])[H:10],,
12,0.1489368510306559,RESP2,PW6B95/cc-pV(D+d)Z,,0.8500000000000001,H,resp2,13,[H:11][c:5]1[c:4]([c:3]([c:2]([c:7]([c:6]1[H:12])[H:13])[O:1][H:8])[H:9])[H:10],,
0,-0.5379784498371161,RESP2,PW6B95/cc-pV(D+d)Z,,0.9,O,resp2,1,[H:11][c:5]1[c:4]([c:3]([c:2]([c:7]([c:6]1[H:12])[H:13])[O:1][H:8])[H:9])[H:10],,
1,0.37444508508682184,RESP2,PW6B95/cc-pV(D+d)Z,,0.9,C,resp2,2,[H:11][c:5]1[c:4]([c:3]([c:2]([c:7]([c:6]1[H:12])[H:13])[O:1][H:8])[H:9])[H:10],,
2,-0.2748246358916789,RESP2,PW6B95/cc-pV(D+d)Z,,0.9,C,resp2,3,[H:11][c:5]1[c:4]([c:3]([c:2]([c:7]([c:6]1[H:12])[H:13])[O:1][H:8])[H:9])[H:10],,
3,-0.08229492511390303,RESP2,PW6B95/cc-pV(D+d)Z,,0.9,C,resp2,4,[H:11][c:5]1[c:4]([c:3]([c:2]([c:7]([c:6]1[H:12])[H:13])[O:1][H:8])[H:9])[H:10],,
4,-0.20442131729371738,RESP2,PW6B95/cc-pV(D+d)Z,,0.9,C,resp2,5,[H:11][c:5]1[c:4]([c:3]([c:2]([c:7]([c:6]1[H:12])[H:13])[O:1][H:8])[H:9])[H:10],,
5,-0.04719795636814836,RESP2,PW6B95/cc-pV(D+d)Z,,0.9,C,resp2,6,[H:11][c:5]1[c:4]([c:3]([c:2]([c:7]([c:6]1[H:12])[H:13])[O:1][H:8])[H:9])[H:10],,
6,-0.3388734839487333,RESP2,PW6B95/cc-pV(D+d)Z,,0.9,C,resp2,7,[H:11][c:5]1[c:4]([c:3]([c:2]([c:7]([c:6]1[H:12])[H:13])[O:1][H:8])[H:9])[H:10],,
7,0.4130308776352885,RESP2,PW6B95/cc-pV(D+d)Z,,0.9,H,resp2,8,[H:11][c:5]1[c:4]([c:3]([c:2]([c:7]([c:6]1[H:12])[H:13])[O:1][H:8])[H:9])[H:10],,
8,0.16721413335971844,RESP2,PW6B95/cc-pV(D+d)Z,,0.9,H,resp2,9,[H:11][c:5]1[c:4]([c:3]([c:2]([c:7]([c:6]1[H:12])[H:13])[O:1][H:8])[H:9])[H:10],,
9,0.12660837420365706,RESP2,PW6B95/cc-pV(D+d)Z,,0.9,H,resp2,10,[H:11][c:5]1[c:4]([c:3]([c:2]([c:7]([c:6]1[H:12])[H:13])[O:1][H:8])[H:9])[H:10],,
10,0.1329097858482656,RESP2,PW6B95/cc-pV(D+d)Z,,0.9,H,resp2,11,[H:11][c:5]1[c:4]([c:3]([c:2]([c:7]([c:6]1[H:12])[H:13])[O:1][H:8])[H:9])[H:10],,
11,0.12216675238965131,RESP2,PW6B95/cc-pV(D+d)Z,,0.9,H,resp2,12,[H:11][c:5]1[c:4]([c:3]([c:2]([c:7]([c:6]1[H:12])[H:13])[O:1][H:8])[H:9])[H:10],,
12,0.14921575992989422,RESP2,PW6B95/cc-pV(D+d)Z,,0.9,H,resp2,13,[H:11][c:5]1[c:4]([c:3]([c:2]([c:7]([c:6]1[H:12])[H:13])[O:1][H:8])[H:9])[H:10],,
0,-0.5390204525061288,RESP2,PW6B95/cc-pV(D+d)Z,,0.9500000000000001,O,resp2,1,[H:11][c:5]1[c:4]([c:3]([c:2]([c:7]([c:6]1[H:12])[H:13])[O:1][H:8])[H:9])[H:10],,
1,0.3744962685812991,RESP2,PW6B95/cc-pV(D+d)Z,,0.9500000000000001,C,resp2,2,[H:11][c:5]1[c:4]([c:3]([c:2]([c:7]([c:6]1[H:12])[H:13])[O:1][H:8])[H:9])[H:10],,
2,-0.27573996687018126,RESP2,PW6B95/cc-pV(D+d)Z,,0.9500000000000001,C,resp2,3,[H:11][c:5]1[c:4]([c:3]([c:2]([c:7]([c:6]1[H:12])[H:13])[O:1][H:8])[H:9])[H:10],,
3,-0.08231835989993605,RESP2,PW6B95/cc-pV(D+d)Z,,0.9500000000000001,C,resp2,4,[H:11][c:5]1[c:4]([c:3]([c:2]([c:7]([c:6]1[H:12])[H:13])[O:1][H:8])[H:9])[H:10],,
4,-0.20477078185415282,RESP2,PW6B95/cc-pV(D+d)Z,,0.9500000000000001,C,resp2,5,[H:11][c:5]1[c:4]([c:3]([c:2]([c:7]([c:6]1[H:12])[H:13])[O:1][H:8])[H:9])[H:10],,
5,-0.04716442853198754,RESP2,PW6B95/cc-pV(D+d)Z,,0.9500000000000001,C,resp2,6,[H:11][c:5]1[c:4]([c:3]([c:2]([c:7]([c:6]1[H:12])[H:13])[O:1][H:8])[H:9])[H:10],,
6,-0.33884858866421574,RESP2,PW6B95/cc-pV(D+d)Z,,0.9500000000000001,C,resp2,7,[H:11][c:5]1[c:4]([c:3]([c:2]([c:7]([c:6]1[H:12])[H:13])[O:1][H:8])[H:9])[H:10],,
7,0.413986234416178,RESP2,PW6B95/cc-pV(D+d)Z,,0.9500000000000001,H,resp2,8,[H:11][c:5]1[c:4]([c:3]([c:2]([c:7]([c:6]1[H:12])[H:13])[O:1][H:8])[H:9])[H:10],,
8,0.16747751150512613,RESP2,PW6B95/cc-pV(D+d)Z,,0.9500000000000001,H,resp2,9,[H:11][c:5]1[c:4]([c:3]([c:2]([c:7]([c:6]1[H:12])[H:13])[O:1][H:8])[H:9])[H:10],,
9,0.1269085408991845,RESP2,PW6B95/cc-pV(D+d)Z,,0.9500000000000001,H,resp2,10,[H:11][c:5]1[c:4]([c:3]([c:2]([c:7]([c:6]1[H:12])[H:13])[O:1][H:8])[H:9])[H:10],,
10,0.1331620952237264,RESP2,PW6B95/cc-pV(D+d)Z,,0.9500000000000001,H,resp2,11,[H:11][c:5]1[c:4]([c:3]([c:2]([c:7]([c:6]1[H:12])[H:13])[O:1][H:8])[H:9])[H:10],,
11,0.1223372588719555,RESP2,PW6B95/cc-pV(D+d)Z,,0.9500000000000001,H,resp2,12,[H:11][c:5]1[c:4]([c:3]([c:2]([c:7]([c:6]1[H:12])[H:13])[O:1][H:8])[H:9])[H:10],,
12,0.14949466882913254,RESP2,PW6B95/cc-pV(D+d)Z,,0.9500000000000001,H,resp2,13,[H:11][c:5]1[c:4]([c:3]([c:2]([c:7]([c:6]1[H:12])[H:13])[O:1][H:8])[H:9])[H:10],,
0,-0.5400624551751415,RESP2,PW6B95/cc-pV(D+d)Z,,1.0,O,resp2,1,[H:11][c:5]1[c:4]([c:3]([c:2]([c:7]([c:6]1[H:12])[H:13])[O:1][H:8])[H:9])[H:10],,
1,0.37454745207577633,RESP2,PW6B95/cc-pV(D+d)Z,,1.0,C,resp2,2,[H:11][c:5]1[c:4]([c:3]([c:2]([c:7]([c:6]1[H:12])[H:13])[O:1][H:8])[H:9])[H:10],,
2,-0.2766552978486837,RESP2,PW6B95/cc-pV(D+d)Z,,1.0,C,resp2,3,[H:11][c:5]1[c:4]([c:3]([c:2]([c:7]([c:6]1[H:12])[H:13])[O:1][H:8])[H:9])[H:10],,
3,-0.08234179468596908,RESP2,PW6B95/cc-pV(D+d)Z,,1.0,C,resp2,4,[H:11][c:5]1[c:4]([c:3]([c:2]([c:7]([c:6]1[H:12])[H:13])[O:1][H:8])[H:9])[H:10],,
4,-0.2051202464145883,RESP2,PW6B95/cc-pV(D+d)Z,,1.0,C,resp2,5,[H:11][c:5]1[c:4]([c:3]([c:2]([c:7]([c:6]1[H:12])[H:13])[O:1][H:8])[H:9])[H:10],,
5,-0.047130900695826726,RESP2,PW6B95/cc-pV(D+d)Z,,1.0,C,resp2,6,[H:11][c:5]1[c:4]([c:3]([c:2]([c:7]([c:6]1[H:12])[H:13])[O:1][H:8])[H:9])[H:10],,
6,-0.33882369337969814,RESP2,PW6B95/cc-pV(D+d)Z,,1.0,C,resp2,7,[H:11][c:5]1[c:4]([c:3]([c:2]([c:7]([c:6]1[H:12])[H:13])[O:1][H:8])[H:9])[H:10],,
7,0.41494159119706747,RESP2,PW6B95/cc-pV(D+d)Z,,1.0,H,resp2,8,[H:11][c:5]1[c:4]([c:3]([c:2]([c:7]([c:6]1[H:12])[H:13])[O:1][H:8])[H:9])[H:10],,
8,0.16774088965053385,RESP2,PW6B95/cc-pV(D+d)Z,,1.0,H,resp2,9,[H:11][c:5]1[c:4]([c:3]([c:2]([c:7]([c:6]1[H:12])[H:13])[O:1][H:8])[H:9])[H:10],,
9,0.12720870759471195,RESP2,PW6B95/cc-pV(D+d)Z,,1.0,H,resp2,10,[H:11][c:5]1[c:4]([c:3]([c:2]([c:7]([c:6]1[H:12])[H:13])[O:1][H:8])[H:9])[H:10],,
10,0.13341440459918727,RESP2,PW6B95/cc-pV(D+d)Z,,1.0,H,resp2,11,[H:11][c:5]1[c:4]([c:3]([c:2]([c:7]([c:6]1[H:12])[H:13])[O:1][H:8])[H:9])[H:10],,
11,0.1225077653542597,RESP2,PW6B95/cc-pV(D+d)Z,,1.0,H,resp2,12,[H:11][c:5]1[c:4]([c:3]([c:2]([c:7]([c:6]1[H:12])[H:13])[O:1][H:8])[H:9])[H:10],,
12,0.14977357772837088,RESP2,PW6B95/cc-pV(D+d)Z,,1.0,H,resp2,13,[H:11][c:5]1[c:4]([c:3]([c:2]([c:7]([c:6]1[H:12])[H:13])[O:1][H:8])[H:9])[H:10],,
0,-0.5100799816159102,AM1BCC,OpenEye,,,O,,1,[H:11][c:5]1[c:4]([c:3]([c:2]([c:7]([c:6]1[H:12])[H:13])[O:1][H:8])[H:9])[H:10],1.0,1.0
1,0.10530000008069552,AM1BCC,OpenEye,,,C,,2,[H:11][c:5]1[c:4]([c:3]([c:2]([c:7]([c:6]1[H:12])[H:13])[O:1][H:8])[H:9])[H:10],1.0,1.0
2,-0.1661800014284941,AM1BCC,OpenEye,,,C,,3,[H:11][c:5]1[c:4]([c:3]([c:2]([c:7]([c:6]1[H:12])[H:13])[O:1][H:8])[H:9])[H:10],1.0,1.0
3,-0.10597000443018399,AM1BCC,OpenEye,,,C,,4,[H:11][c:5]1[c:4]([c:3]([c:2]([c:7]([c:6]1[H:12])[H:13])[O:1][H:8])[H:9])[H:10],1.0,1.0
4,-0.15180000834740126,AM1BCC,OpenEye,,,C,,5,[H:11][c:5]1[c:4]([c:3]([c:2]([c:7]([c:6]1[H:12])[H:13])[O:1][H:8])[H:9])[H:10],1.0,1.0
5,-0.10597000443018399,AM1BCC,OpenEye,,,C,,6,[H:11][c:5]1[c:4]([c:3]([c:2]([c:7]([c:6]1[H:12])[H:13])[O:1][H:8])[H:9])[H:10],1.0,1.0
6,-0.1661800014284941,AM1BCC,OpenEye,,,C,,7,[H:11][c:5]1[c:4]([c:3]([c:2]([c:7]([c:6]1[H:12])[H:13])[O:1][H:8])[H:9])[H:10],1.0,1.0
7,0.41650000042640245,AM1BCC,OpenEye,,,H,,8,[H:11][c:5]1[c:4]([c:3]([c:2]([c:7]([c:6]1[H:12])[H:13])[O:1][H:8])[H:9])[H:10],1.0,1.0
8,0.14176000482760942,AM1BCC,OpenEye,,,H,,9,[H:11][c:5]1[c:4]([c:3]([c:2]([c:7]([c:6]1[H:12])[H:13])[O:1][H:8])[H:9])[H:10],1.0,1.0
9,0.13392999596320665,AM1BCC,OpenEye,,,H,,10,[H:11][c:5]1[c:4]([c:3]([c:2]([c:7]([c:6]1[H:12])[H:13])[O:1][H:8])[H:9])[H:10],1.0,1.0
10,0.13299999959193742,AM1BCC,OpenEye,,,H,,11,[H:11][c:5]1[c:4]([c:3]([c:2]([c:7]([c:6]1[H:12])[H:13])[O:1][H:8])[H:9])[H:10],1.0,1.0
11,0.13392999596320665,AM1BCC,OpenEye,,,H,,12,[H:11][c:5]1[c:4]([c:3]([c:2]([c:7]([c:6]1[H:12])[H:13])[O:1][H:8])[H:9])[H:10],1.0,1.0
12,0.14176000482760942,AM1BCC,OpenEye,,,H,,13,[H:11][c:5]1[c:4]([c:3]([c:2]([c:7]([c:6]1[H:12])[H:13])[O:1][H:8])[H:9])[H:10],1.0,1.0
0,-0.4990230769230769,AM1BCC,AmberTools,,,O,,1,[H:11][c:5]1[c:4]([c:3]([c:2]([c:7]([c:6]1[H:12])[H:13])[O:1][H:8])[H:9])[H:10],1.0,1.0
1,0.12317692307692309,AM1BCC,AmberTools,,,C,,2,[H:11][c:5]1[c:4]([c:3]([c:2]([c:7]([c:6]1[H:12])[H:13])[O:1][H:8])[H:9])[H:10],1.0,1.0
2,-0.1849230769230769,AM1BCC,AmberTools,,,C,,3,[H:11][c:5]1[c:4]([c:3]([c:2]([c:7]([c:6]1[H:12])[H:13])[O:1][H:8])[H:9])[H:10],1.0,1.0
3,-0.09442307692307692,AM1BCC,AmberTools,,,C,,4,[H:11][c:5]1[c:4]([c:3]([c:2]([c:7]([c:6]1[H:12])[H:13])[O:1][H:8])[H:9])[H:10],1.0,1.0
4,-0.16592307692307692,AM1BCC,AmberTools,,,C,,5,[H:11][c:5]1[c:4]([c:3]([c:2]([c:7]([c:6]1[H:12])[H:13])[O:1][H:8])[H:9])[H:10],1.0,1.0
5,-0.09442307692307692,AM1BCC,AmberTools,,,C,,6,[H:11][c:5]1[c:4]([c:3]([c:2]([c:7]([c:6]1[H:12])[H:13])[O:1][H:8])[H:9])[H:10],1.0,1.0
6,-0.1849230769230769,AM1BCC,AmberTools,,,C,,7,[H:11][c:5]1[c:4]([c:3]([c:2]([c:7]([c:6]1[H:12])[H:13])[O:1][H:8])[H:9])[H:10],1.0,1.0
7,0.41807692307692307,AM1BCC,AmberTools,,,H,,8,[H:11][c:5]1[c:4]([c:3]([c:2]([c:7]([c:6]1[H:12])[H:13])[O:1][H:8])[H:9])[H:10],1.0,1.0
8,0.14157692307692307,AM1BCC,AmberTools,,,H,,9,[H:11][c:5]1[c:4]([c:3]([c:2]([c:7]([c:6]1[H:12])[H:13])[O:1][H:8])[H:9])[H:10],1.0,1.0
9,0.1330769230769231,AM1BCC,AmberTools,,,H,,10,[H:11][c:5]1[c:4]([c:3]([c:2]([c:7]([c:6]1[H:12])[H:13])[O:1][H:8])[H:9])[H:10],1.0,1.0
10,0.1330769230769231,AM1BCC,AmberTools,,,H,,11,[H:11][c:5]1[c:4]([c:3]([c:2]([c:7]([c:6]1[H:12])[H:13])[O:1][H:8])[H:9])[H:10],1.0,1.0
11,0.1330769230769231,AM1BCC,AmberTools,,,H,,12,[H:11][c:5]1[c:4]([c:3]([c:2]([c:7]([c:6]1[H:12])[H:13])[O:1][H:8])[H:9])[H:10],1.0,1.0
12,0.14157692307692307,AM1BCC,AmberTools,,,H,,13,[H:11][c:5]1[c:4]([c:3]([c:2]([c:7]([c:6]1[H:12])[H:13])[O:1][H:8])[H:9])[H:10],1.0,1.0
0,-0.5100799816159102,AM1BCC,OpenEye,,,O,,1,[H:11][c:5]1[c:4]([c:3]([c:2]([c:7]([c:6]1[H:12])[H:13])[O:1][H:8])[H:9])[H:10],1.0,2.0
1,0.10530000008069552,AM1BCC,OpenEye,,,C,,2,[H:11][c:5]1[c:4]([c:3]([c:2]([c:7]([c:6]1[H:12])[H:13])[O:1][H:8])[H:9])[H:10],1.0,2.0
2,-0.1661800014284941,AM1BCC,OpenEye,,,C,,3,[H:11][c:5]1[c:4]([c:3]([c:2]([c:7]([c:6]1[H:12])[H:13])[O:1][H:8])[H:9])[H:10],1.0,2.0
3,-0.10597000443018399,AM1BCC,OpenEye,,,C,,4,[H:11][c:5]1[c:4]([c:3]([c:2]([c:7]([c:6]1[H:12])[H:13])[O:1][H:8])[H:9])[H:10],1.0,2.0
4,-0.15180000834740126,AM1BCC,OpenEye,,,C,,5,[H:11][c:5]1[c:4]([c:3]([c:2]([c:7]([c:6]1[H:12])[H:13])[O:1][H:8])[H:9])[H:10],1.0,2.0
5,-0.10597000443018399,AM1BCC,OpenEye,,,C,,6,[H:11][c:5]1[c:4]([c:3]([c:2]([c:7]([c:6]1[H:12])[H:13])[O:1][H:8])[H:9])[H:10],1.0,2.0
6,-0.1661800014284941,AM1BCC,OpenEye,,,C,,7,[H:11][c:5]1[c:4]([c:3]([c:2]([c:7]([c:6]1[H:12])[H:13])[O:1][H:8])[H:9])[H:10],1.0,2.0
7,0.41650000042640245,AM1BCC,OpenEye,,,H,,8,[H:11][c:5]1[c:4]([c:3]([c:2]([c:7]([c:6]1[H:12])[H:13])[O:1][H:8])[H:9])[H:10],1.0,2.0
8,0.14176000482760942,AM1BCC,OpenEye,,,H,,9,[H:11][c:5]1[c:4]([c:3]([c:2]([c:7]([c:6]1[H:12])[H:13])[O:1][H:8])[H:9])[H:10],1.0,2.0
9,0.13392999596320665,AM1BCC,OpenEye,,,H,,10,[H:11][c:5]1[c:4]([c:3]([c:2]([c:7]([c:6]1[H:12])[H:13])[O:1][H:8])[H:9])[H:10],1.0,2.0
10,0.13299999959193742,AM1BCC,OpenEye,,,H,,11,[H:11][c:5]1[c:4]([c:3]([c:2]([c:7]([c:6]1[H:12])[H:13])[O:1][H:8])[H:9])[H:10],1.0,2.0
11,0.13392999596320665,AM1BCC,OpenEye,,,H,,12,[H:11][c:5]1[c:4]([c:3]([c:2]([c:7]([c:6]1[H:12])[H:13])[O:1][H:8])[H:9])[H:10],1.0,2.0
12,0.14176000482760942,AM1BCC,OpenEye,,,H,,13,[H:11][c:5]1[c:4]([c:3]([c:2]([c:7]([c:6]1[H:12])[H:13])[O:1][H:8])[H:9])[H:10],1.0,2.0
0,-0.4990230769230769,AM1BCC,AmberTools,,,O,,1,[H:11][c:5]1[c:4]([c:3]([c:2]([c:7]([c:6]1[H:12])[H:13])[O:1][H:8])[H:9])[H:10],1.0,2.0
1,0.12317692307692309,AM1BCC,AmberTools,,,C,,2,[H:11][c:5]1[c:4]([c:3]([c:2]([c:7]([c:6]1[H:12])[H:13])[O:1][H:8])[H:9])[H:10],1.0,2.0
2,-0.1849230769230769,AM1BCC,AmberTools,,,C,,3,[H:11][c:5]1[c:4]([c:3]([c:2]([c:7]([c:6]1[H:12])[H:13])[O:1][H:8])[H:9])[H:10],1.0,2.0
3,-0.09442307692307692,AM1BCC,AmberTools,,,C,,4,[H:11][c:5]1[c:4]([c:3]([c:2]([c:7]([c:6]1[H:12])[H:13])[O:1][H:8])[H:9])[H:10],1.0,2.0
4,-0.16592307692307692,AM1BCC,AmberTools,,,C,,5,[H:11][c:5]1[c:4]([c:3]([c:2]([c:7]([c:6]1[H:12])[H:13])[O:1][H:8])[H:9])[H:10],1.0,2.0
5,-0.09442307692307692,AM1BCC,AmberTools,,,C,,6,[H:11][c:5]1[c:4]([c:3]([c:2]([c:7]([c:6]1[H:12])[H:13])[O:1][H:8])[H:9])[H:10],1.0,2.0
6,-0.1849230769230769,AM1BCC,AmberTools,,,C,,7,[H:11][c:5]1[c:4]([c:3]([c:2]([c:7]([c:6]1[H:12])[H:13])[O:1][H:8])[H:9])[H:10],1.0,2.0
7,0.41807692307692307,AM1BCC,AmberTools,,,H,,8,[H:11][c:5]1[c:4]([c:3]([c:2]([c:7]([c:6]1[H:12])[H:13])[O:1][H:8])[H:9])[H:10],1.0,2.0
8,0.14157692307692307,AM1BCC,AmberTools,,,H,,9,[H:11][c:5]1[c:4]([c:3]([c:2]([c:7]([c:6]1[H:12])[H:13])[O:1][H:8])[H:9])[H:10],1.0,2.0
9,0.1330769230769231,AM1BCC,AmberTools,,,H,,10,[H:11][c:5]1[c:4]([c:3]([c:2]([c:7]([c:6]1[H:12])[H:13])[O:1][H:8])[H:9])[H:10],1.0,2.0
10,0.1330769230769231,AM1BCC,AmberTools,,,H,,11,[H:11][c:5]1[c:4]([c:3]([c:2]([c:7]([c:6]1[H:12])[H:13])[O:1][H:8])[H:9])[H:10],1.0,2.0
11,0.1330769230769231,AM1BCC,AmberTools,,,H,,12,[H:11][c:5]1[c:4]([c:3]([c:2]([c:7]([c:6]1[H:12])[H:13])[O:1][H:8])[H:9])[H:10],1.0,2.0
12,0.14157692307692307,AM1BCC,AmberTools,,,H,,13,[H:11][c:5]1[c:4]([c:3]([c:2]([c:7]([c:6]1[H:12])[H:13])[O:1][H:8])[H:9])[H:10],1.0,2.0
0,-0.5100799816159102,AM1BCC,OpenEye,,,O,,1,[H:11][c:5]1[c:4]([c:3]([c:2]([c:7]([c:6]1[H:12])[H:13])[O:1][H:8])[H:9])[H:10],1.0,3.0
1,0.1053099987598566,AM1BCC,OpenEye,,,C,,2,[H:11][c:5]1[c:4]([c:3]([c:2]([c:7]([c:6]1[H:12])[H:13])[O:1][H:8])[H:9])[H:10],1.0,3.0
2,-0.1661800014284941,AM1BCC,OpenEye,,,C,,3,[H:11][c:5]1[c:4]([c:3]([c:2]([c:7]([c:6]1[H:12])[H:13])[O:1][H:8])[H:9])[H:10],1.0,3.0
3,-0.10597000443018399,AM1BCC,OpenEye,,,C,,4,[H:11][c:5]1[c:4]([c:3]([c:2]([c:7]([c:6]1[H:12])[H:13])[O:1][H:8])[H:9])[H:10],1.0,3.0
4,-0.15181000702656233,AM1BCC,OpenEye,,,C,,5,[H:11][c:5]1[c:4]([c:3]([c:2]([c:7]([c:6]1[H:12])[H:13])[O:1][H:8])[H:9])[H:10],1.0,3.0
5,-0.10597000443018399,AM1BCC,OpenEye,,,C,,6,[H:11][c:5]1[c:4]([c:3]([c:2]([c:7]([c:6]1[H:12])[H:13])[O:1][H:8])[H:9])[H:10],1.0,3.0
6,-0.1661800014284941,AM1BCC,OpenEye,,,C,,7,[H:11][c:5]1[c:4]([c:3]([c:2]([c:7]([c:6]1[H:12])[H:13])[O:1][H:8])[H:9])[H:10],1.0,3.0
7,0.41650000042640245,AM1BCC,OpenEye,,,H,,8,[H:11][c:5]1[c:4]([c:3]([c:2]([c:7]([c:6]1[H:12])[H:13])[O:1][H:8])[H:9])[H:10],1.0,3.0
8,0.14176000482760942,AM1BCC,OpenEye,,,H,,9,[H:11][c:5]1[c:4]([c:3]([c:2]([c:7]([c:6]1[H:12])[H:13])[O:1][H:8])[H:9])[H:10],1.0,3.0
9,0.13392999596320665,AM1BCC,OpenEye,,,H,,10,[H:11][c:5]1[c:4]([c:3]([c:2]([c:7]([c:6]1[H:12])[H:13])[O:1][H:8])[H:9])[H:10],1.0,3.0
10,0.13299999959193742,AM1BCC,OpenEye,,,H,,11,[H:11][c:5]1[c:4]([c:3]([c:2]([c:7]([c:6]1[H:12])[H:13])[O:1][H:8])[H:9])[H:10],1.0,3.0
11,0.13392999596320665,AM1BCC,OpenEye,,,H,,12,[H:11][c:5]1[c:4]([c:3]([c:2]([c:7]([c:6]1[H:12])[H:13])[O:1][H:8])[H:9])[H:10],1.0,3.0
12,0.14176000482760942,AM1BCC,OpenEye,,,H,,13,[H:11][c:5]1[c:4]([c:3]([c:2]([c:7]([c:6]1[H:12])[H:13])[O:1][H:8])[H:9])[H:10],1.0,3.0
0,-0.4990230769230769,AM1BCC,AmberTools,,,O,,1,[H:11][c:5]1[c:4]([c:3]([c:2]([c:7]([c:6]1[H:12])[H:13])[O:1][H:8])[H:9])[H:10],1.0,3.0
1,0.12317692307692309,AM1BCC,AmberTools,,,C,,2,[H:11][c:5]1[c:4]([c:3]([c:2]([c:7]([c:6]1[H:12])[H:13])[O:1][H:8])[H:9])[H:10],1.0,3.0
2,-0.1849230769230769,AM1BCC,AmberTools,,,C,,3,[H:11][c:5]1[c:4]([c:3]([c:2]([c:7]([c:6]1[H:12])[H:13])[O:1][H:8])[H:9])[H:10],1.0,3.0
3,-0.09442307692307692,AM1BCC,AmberTools,,,C,,4,[H:11][c:5]1[c:4]([c:3]([c:2]([c:7]([c:6]1[H:12])[H:13])[O:1][H:8])[H:9])[H:10],1.0,3.0
4,-0.16592307692307692,AM1BCC,AmberTools,,,C,,5,[H:11][c:5]1[c:4]([c:3]([c:2]([c:7]([c:6]1[H:12])[H:13])[O:1][H:8])[H:9])[H:10],1.0,3.0
5,-0.09442307692307692,AM1BCC,AmberTools,,,C,,6,[H:11][c:5]1[c:4]([c:3]([c:2]([c:7]([c:6]1[H:12])[H:13])[O:1][H:8])[H:9])[H:10],1.0,3.0
6,-0.1849230769230769,AM1BCC,AmberTools,,,C,,7,[H:11][c:5]1[c:4]([c:3]([c:2]([c:7]([c:6]1[H:12])[H:13])[O:1][H:8])[H:9])[H:10],1.0,3.0
7,0.41807692307692307,AM1BCC,AmberTools,,,H,,8,[H:11][c:5]1[c:4]([c:3]([c:2]([c:7]([c:6]1[H:12])[H:13])[O:1][H:8])[H:9])[H:10],1.0,3.0
8,0.14157692307692307,AM1BCC,AmberTools,,,H,,9,[H:11][c:5]1[c:4]([c:3]([c:2]([c:7]([c:6]1[H:12])[H:13])[O:1][H:8])[H:9])[H:10],1.0,3.0
9,0.1330769230769231,AM1BCC,AmberTools,,,H,,10,[H:11][c:5]1[c:4]([c:3]([c:2]([c:7]([c:6]1[H:12])[H:13])[O:1][H:8])[H:9])[H:10],1.0,3.0
10,0.1330769230769231,AM1BCC,AmberTools,,,H,,11,[H:11][c:5]1[c:4]([c:3]([c:2]([c:7]([c:6]1[H:12])[H:13])[O:1][H:8])[H:9])[H:10],1.0,3.0
11,0.1330769230769231,AM1BCC,AmberTools,,,H,,12,[H:11][c:5]1[c:4]([c:3]([c:2]([c:7]([c:6]1[H:12])[H:13])[O:1][H:8])[H:9])[H:10],1.0,3.0
12,0.14157692307692307,AM1BCC,AmberTools,,,H,,13,[H:11][c:5]1[c:4]([c:3]([c:2]([c:7]([c:6]1[H:12])[H:13])[O:1][H:8])[H:9])[H:10],1.0,3.0
0,-0.5100799816159102,AM1BCC,OpenEye,,,O,,1,[H:11][c:5]1[c:4]([c:3]([c:2]([c:7]([c:6]1[H:12])[H:13])[O:1][H:8])[H:9])[H:10],1.0,4.0
1,0.10530000008069552,AM1BCC,OpenEye,,,C,,2,[H:11][c:5]1[c:4]([c:3]([c:2]([c:7]([c:6]1[H:12])[H:13])[O:1][H:8])[H:9])[H:10],1.0,4.0
2,-0.1661800014284941,AM1BCC,OpenEye,,,C,,3,[H:11][c:5]1[c:4]([c:3]([c:2]([c:7]([c:6]1[H:12])[H:13])[O:1][H:8])[H:9])[H:10],1.0,4.0
3,-0.10597000443018399,AM1BCC,OpenEye,,,C,,4,[H:11][c:5]1[c:4]([c:3]([c:2]([c:7]([c:6]1[H:12])[H:13])[O:1][H:8])[H:9])[H:10],1.0,4.0
4,-0.15180000834740126,AM1BCC,OpenEye,,,C,,5,[H:11][c:5]1[c:4]([c:3]([c:2]([c:7]([c:6]1[H:12])[H:13])[O:1][H:8])[H:9])[H:10],1.0,4.0
5,-0.10597000443018399,AM1BCC,OpenEye,,,C,,6,[H:11][c:5]1[c:4]([c:3]([c:2]([c:7]([c:6]1[H:12])[H:13])[O:1][H:8])[H:9])[H:10],1.0,4.0
6,-0.1661800014284941,AM1BCC,OpenEye,,,C,,7,[H:11][c:5]1[c:4]([c:3]([c:2]([c:7]([c:6]1[H:12])[H:13])[O:1][H:8])[H:9])[H:10],1.0,4.0
7,0.41650000042640245,AM1BCC,OpenEye,,,H,,8,[H:11][c:5]1[c:4]([c:3]([c:2]([c:7]([c:6]1[H:12])[H:13])[O:1][H:8])[H:9])[H:10],1.0,4.0
8,0.14176000482760942,AM1BCC,OpenEye,,,H,,9,[H:11][c:5]1[c:4]([c:3]([c:2]([c:7]([c:6]1[H:12])[H:13])[O:1][H:8])[H:9])[H:10],1.0,4.0
9,0.13392999596320665,AM1BCC,OpenEye,,,H,,10,[H:11][c:5]1[c:4]([c:3]([c:2]([c:7]([c:6]1[H:12])[H:13])[O:1][H:8])[H:9])[H:10],1.0,4.0
10,0.13299999959193742,AM1BCC,OpenEye,,,H,,11,[H:11][c:5]1[c:4]([c:3]([c:2]([c:7]([c:6]1[H:12])[H:13])[O:1][H:8])[H:9])[H:10],1.0,4.0
11,0.13392999596320665,AM1BCC,OpenEye,,,H,,12,[H:11][c:5]1[c:4]([c:3]([c:2]([c:7]([c:6]1[H:12])[H:13])[O:1][H:8])[H:9])[H:10],1.0,4.0
12,0.14176000482760942,AM1BCC,OpenEye,,,H,,13,[H:11][c:5]1[c:4]([c:3]([c:2]([c:7]([c:6]1[H:12])[H:13])[O:1][H:8])[H:9])[H:10],1.0,4.0
0,-0.4990230769230769,AM1BCC,AmberTools,,,O,,1,[H:11][c:5]1[c:4]([c:3]([c:2]([c:7]([c:6]1[H:12])[H:13])[O:1][H:8])[H:9])[H:10],1.0,4.0
1,0.12317692307692309,AM1BCC,AmberTools,,,C,,2,[H:11][c:5]1[c:4]([c:3]([c:2]([c:7]([c:6]1[H:12])[H:13])[O:1][H:8])[H:9])[H:10],1.0,4.0
2,-0.1849230769230769,AM1BCC,AmberTools,,,C,,3,[H:11][c:5]1[c:4]([c:3]([c:2]([c:7]([c:6]1[H:12])[H:13])[O:1][H:8])[H:9])[H:10],1.0,4.0
3,-0.09442307692307692,AM1BCC,AmberTools,,,C,,4,[H:11][c:5]1[c:4]([c:3]([c:2]([c:7]([c:6]1[H:12])[H:13])[O:1][H:8])[H:9])[H:10],1.0,4.0
4,-0.16592307692307692,AM1BCC,AmberTools,,,C,,5,[H:11][c:5]1[c:4]([c:3]([c:2]([c:7]([c:6]1[H:12])[H:13])[O:1][H:8])[H:9])[H:10],1.0,4.0
5,-0.09442307692307692,AM1BCC,AmberTools,,,C,,6,[H:11][c:5]1[c:4]([c:3]([c:2]([c:7]([c:6]1[H:12])[H:13])[O:1][H:8])[H:9])[H:10],1.0,4.0
6,-0.1849230769230769,AM1BCC,AmberTools,,,C,,7,[H:11][c:5]1[c:4]([c:3]([c:2]([c:7]([c:6]1[H:12])[H:13])[O:1][H:8])[H:9])[H:10],1.0,4.0
7,0.41807692307692307,AM1BCC,AmberTools,,,H,,8,[H:11][c:5]1[c:4]([c:3]([c:2]([c:7]([c:6]1[H:12])[H:13])[O:1][H:8])[H:9])[H:10],1.0,4.0
8,0.14157692307692307,AM1BCC,AmberTools,,,H,,9,[H:11][c:5]1[c:4]([c:3]([c:2]([c:7]([c:6]1[H:12])[H:13])[O:1][H:8])[H:9])[H:10],1.0,4.0
9,0.1330769230769231,AM1BCC,AmberTools,,,H,,10,[H:11][c:5]1[c:4]([c:3]([c:2]([c:7]([c:6]1[H:12])[H:13])[O:1][H:8])[H:9])[H:10],1.0,4.0
10,0.1330769230769231,AM1BCC,AmberTools,,,H,,11,[H:11][c:5]1[c:4]([c:3]([c:2]([c:7]([c:6]1[H:12])[H:13])[O:1][H:8])[H:9])[H:10],1.0,4.0
11,0.1330769230769231,AM1BCC,AmberTools,,,H,,12,[H:11][c:5]1[c:4]([c:3]([c:2]([c:7]([c:6]1[H:12])[H:13])[O:1][H:8])[H:9])[H:10],1.0,4.0
12,0.14157692307692307,AM1BCC,AmberTools,,,H,,13,[H:11][c:5]1[c:4]([c:3]([c:2]([c:7]([c:6]1[H:12])[H:13])[O:1][H:8])[H:9])[H:10],1.0,4.0
0,-0.5100799816159102,AM1BCC,OpenEye,,,O,,1,[H:11][c:5]1[c:4]([c:3]([c:2]([c:7]([c:6]1[H:12])[H:13])[O:1][H:8])[H:9])[H:10],1.0,5.0
1,0.10530000008069552,AM1BCC,OpenEye,,,C,,2,[H:11][c:5]1[c:4]([c:3]([c:2]([c:7]([c:6]1[H:12])[H:13])[O:1][H:8])[H:9])[H:10],1.0,5.0
2,-0.1661800014284941,AM1BCC,OpenEye,,,C,,3,[H:11][c:5]1[c:4]([c:3]([c:2]([c:7]([c:6]1[H:12])[H:13])[O:1][H:8])[H:9])[H:10],1.0,5.0
3,-0.10597000443018399,AM1BCC,OpenEye,,,C,,4,[H:11][c:5]1[c:4]([c:3]([c:2]([c:7]([c:6]1[H:12])[H:13])[O:1][H:8])[H:9])[H:10],1.0,5.0
4,-0.15180000834740126,AM1BCC,OpenEye,,,C,,5,[H:11][c:5]1[c:4]([c:3]([c:2]([c:7]([c:6]1[H:12])[H:13])[O:1][H:8])[H:9])[H:10],1.0,5.0
5,-0.10597000443018399,AM1BCC,OpenEye,,,C,,6,[H:11][c:5]1[c:4]([c:3]([c:2]([c:7]([c:6]1[H:12])[H:13])[O:1][H:8])[H:9])[H:10],1.0,5.0
6,-0.1661800014284941,AM1BCC,OpenEye,,,C,,7,[H:11][c:5]1[c:4]([c:3]([c:2]([c:7]([c:6]1[H:12])[H:13])[O:1][H:8])[H:9])[H:10],1.0,5.0
7,0.41650000042640245,AM1BCC,OpenEye,,,H,,8,[H:11][c:5]1[c:4]([c:3]([c:2]([c:7]([c:6]1[H:12])[H:13])[O:1][H:8])[H:9])[H:10],1.0,5.0
8,0.14176000482760942,AM1BCC,OpenEye,,,H,,9,[H:11][c:5]1[c:4]([c:3]([c:2]([c:7]([c:6]1[H:12])[H:13])[O:1][H:8])[H:9])[H:10],1.0,5.0
9,0.13392999596320665,AM1BCC,OpenEye,,,H,,10,[H:11][c:5]1[c:4]([c:3]([c:2]([c:7]([c:6]1[H:12])[H:13])[O:1][H:8])[H:9])[H:10],1.0,5.0
10,0.13299999959193742,AM1BCC,OpenEye,,,H,,11,[H:11][c:5]1[c:4]([c:3]([c:2]([c:7]([c:6]1[H:12])[H:13])[O:1][H:8])[H:9])[H:10],1.0,5.0
11,0.13392999596320665,AM1BCC,OpenEye,,,H,,12,[H:11][c:5]1[c:4]([c:3]([c:2]([c:7]([c:6]1[H:12])[H:13])[O:1][H:8])[H:9])[H:10],1.0,5.0
12,0.14176000482760942,AM1BCC,OpenEye,,,H,,13,[H:11][c:5]1[c:4]([c:3]([c:2]([c:7]([c:6]1[H:12])[H:13])[O:1][H:8])[H:9])[H:10],1.0,5.0
0,-0.4990230769230769,AM1BCC,AmberTools,,,O,,1,[H:11][c:5]1[c:4]([c:3]([c:2]([c:7]([c:6]1[H:12])[H:13])[O:1][H:8])[H:9])[H:10],1.0,5.0
1,0.12317692307692309,AM1BCC,AmberTools,,,C,,2,[H:11][c:5]1[c:4]([c:3]([c:2]([c:7]([c:6]1[H:12])[H:13])[O:1][H:8])[H:9])[H:10],1.0,5.0
2,-0.1849230769230769,AM1BCC,AmberTools,,,C,,3,[H:11][c:5]1[c:4]([c:3]([c:2]([c:7]([c:6]1[H:12])[H:13])[O:1][H:8])[H:9])[H:10],1.0,5.0
3,-0.09442307692307692,AM1BCC,AmberTools,,,C,,4,[H:11][c:5]1[c:4]([c:3]([c:2]([c:7]([c:6]1[H:12])[H:13])[O:1][H:8])[H:9])[H:10],1.0,5.0
4,-0.16592307692307692,AM1BCC,AmberTools,,,C,,5,[H:11][c:5]1[c:4]([c:3]([c:2]([c:7]([c:6]1[H:12])[H:13])[O:1][H:8])[H:9])[H:10],1.0,5.0
5,-0.09442307692307692,AM1BCC,AmberTools,,,C,,6,[H:11][c:5]1[c:4]([c:3]([c:2]([c:7]([c:6]1[H:12])[H:13])[O:1][H:8])[H:9])[H:10],1.0,5.0
6,-0.1849230769230769,AM1BCC,AmberTools,,,C,,7,[H:11][c:5]1[c:4]([c:3]([c:2]([c:7]([c:6]1[H:12])[H:13])[O:1][H:8])[H:9])[H:10],1.0,5.0
7,0.41807692307692307,AM1BCC,AmberTools,,,H,,8,[H:11][c:5]1[c:4]([c:3]([c:2]([c:7]([c:6]1[H:12])[H:13])[O:1][H:8])[H:9])[H:10],1.0,5.0
8,0.14157692307692307,AM1BCC,AmberTools,,,H,,9,[H:11][c:5]1[c:4]([c:3]([c:2]([c:7]([c:6]1[H:12])[H:13])[O:1][H:8])[H:9])[H:10],1.0,5.0
9,0.1330769230769231,AM1BCC,AmberTools,,,H,,10,[H:11][c:5]1[c:4]([c:3]([c:2]([c:7]([c:6]1[H:12])[H:13])[O:1][H:8])[H:9])[H:10],1.0,5.0
10,0.1330769230769231,AM1BCC,AmberTools,,,H,,11,[H:11][c:5]1[c:4]([c:3]([c:2]([c:7]([c:6]1[H:12])[H:13])[O:1][H:8])[H:9])[H:10],1.0,5.0
11,0.1330769230769231,AM1BCC,AmberTools,,,H,,12,[H:11][c:5]1[c:4]([c:3]([c:2]([c:7]([c:6]1[H:12])[H:13])[O:1][H:8])[H:9])[H:10],1.0,5.0
12,0.14157692307692307,AM1BCC,AmberTools,,,H,,13,[H:11][c:5]1[c:4]([c:3]([c:2]([c:7]([c:6]1[H:12])[H:13])[O:1][H:8])[H:9])[H:10],1.0,5.0
0,-0.5100799816159102,AM1BCC,OpenEye,,,O,,1,[H:11][c:5]1[c:4]([c:3]([c:2]([c:7]([c:6]1[H:12])[H:13])[O:1][H:8])[H:9])[H:10],1.0,6.0
1,0.1053099987598566,AM1BCC,OpenEye,,,C,,2,[H:11][c:5]1[c:4]([c:3]([c:2]([c:7]([c:6]1[H:12])[H:13])[O:1][H:8])[H:9])[H:10],1.0,6.0
2,-0.1661800014284941,AM1BCC,OpenEye,,,C,,3,[H:11][c:5]1[c:4]([c:3]([c:2]([c:7]([c:6]1[H:12])[H:13])[O:1][H:8])[H:9])[H:10],1.0,6.0
3,-0.10597000443018399,AM1BCC,OpenEye,,,C,,4,[H:11][c:5]1[c:4]([c:3]([c:2]([c:7]([c:6]1[H:12])[H:13])[O:1][H:8])[H:9])[H:10],1.0,6.0
4,-0.15180000834740126,AM1BCC,OpenEye,,,C,,5,[H:11][c:5]1[c:4]([c:3]([c:2]([c:7]([c:6]1[H:12])[H:13])[O:1][H:8])[H:9])[H:10],1.0,6.0
5,-0.10597000443018399,AM1BCC,OpenEye,,,C,,6,[H:11][c:5]1[c:4]([c:3]([c:2]([c:7]([c:6]1[H:12])[H:13])[O:1][H:8])[H:9])[H:10],1.0,6.0
6,-0.1661800014284941,AM1BCC,OpenEye,,,C,,7,[H:11][c:5]1[c:4]([c:3]([c:2]([c:7]([c:6]1[H:12])[H:13])[O:1][H:8])[H:9])[H:10],1.0,6.0
7,0.41650000042640245,AM1BCC,OpenEye,,,H,,8,[H:11][c:5]1[c:4]([c:3]([c:2]([c:7]([c:6]1[H:12])[H:13])[O:1][H:8])[H:9])[H:10],1.0,6.0
8,0.14176000482760942,AM1BCC,OpenEye,,,H,,9,[H:11][c:5]1[c:4]([c:3]([c:2]([c:7]([c:6]1[H:12])[H:13])[O:1][H:8])[H:9])[H:10],1.0,6.0
9,0.13392999596320665,AM1BCC,OpenEye,,,H,,10,[H:11][c:5]1[c:4]([c:3]([c:2]([c:7]([c:6]1[H:12])[H:13])[O:1][H:8])[H:9])[H:10],1.0,6.0
10,0.13299000091277635,AM1BCC,OpenEye,,,H,,11,[H:11][c:5]1[c:4]([c:3]([c:2]([c:7]([c:6]1[H:12])[H:13])[O:1][H:8])[H:9])[H:10],1.0,6.0
11,0.13392999596320665,AM1BCC,OpenEye,,,H,,12,[H:11][c:5]1[c:4]([c:3]([c:2]([c:7]([c:6]1[H:12])[H:13])[O:1][H:8])[H:9])[H:10],1.0,6.0
12,0.14176000482760942,AM1BCC,OpenEye,,,H,,13,[H:11][c:5]1[c:4]([c:3]([c:2]([c:7]([c:6]1[H:12])[H:13])[O:1][H:8])[H:9])[H:10],1.0,6.0
0,-0.4990230769230769,AM1BCC,AmberTools,,,O,,1,[H:11][c:5]1[c:4]([c:3]([c:2]([c:7]([c:6]1[H:12])[H:13])[O:1][H:8])[H:9])[H:10],1.0,6.0
1,0.12317692307692309,AM1BCC,AmberTools,,,C,,2,[H:11][c:5]1[c:4]([c:3]([c:2]([c:7]([c:6]1[H:12])[H:13])[O:1][H:8])[H:9])[H:10],1.0,6.0
2,-0.1849230769230769,AM1BCC,AmberTools,,,C,,3,[H:11][c:5]1[c:4]([c:3]([c:2]([c:7]([c:6]1[H:12])[H:13])[O:1][H:8])[H:9])[H:10],1.0,6.0
3,-0.09442307692307692,AM1BCC,AmberTools,,,C,,4,[H:11][c:5]1[c:4]([c:3]([c:2]([c:7]([c:6]1[H:12])[H:13])[O:1][H:8])[H:9])[H:10],1.0,6.0
4,-0.16592307692307692,AM1BCC,AmberTools,,,C,,5,[H:11][c:5]1[c:4]([c:3]([c:2]([c:7]([c:6]1[H:12])[H:13])[O:1][H:8])[H:9])[H:10],1.0,6.0
5,-0.09442307692307692,AM1BCC,AmberTools,,,C,,6,[H:11][c:5]1[c:4]([c:3]([c:2]([c:7]([c:6]1[H:12])[H:13])[O:1][H:8])[H:9])[H:10],1.0,6.0
6,-0.1849230769230769,AM1BCC,AmberTools,,,C,,7,[H:11][c:5]1[c:4]([c:3]([c:2]([c:7]([c:6]1[H:12])[H:13])[O:1][H:8])[H:9])[H:10],1.0,6.0
7,0.41807692307692307,AM1BCC,AmberTools,,,H,,8,[H:11][c:5]1[c:4]([c:3]([c:2]([c:7]([c:6]1[H:12])[H:13])[O:1][H:8])[H:9])[H:10],1.0,6.0
8,0.14157692307692307,AM1BCC,AmberTools,,,H,,9,[H:11][c:5]1[c:4]([c:3]([c:2]([c:7]([c:6]1[H:12])[H:13])[O:1][H:8])[H:9])[H:10],1.0,6.0
9,0.1330769230769231,AM1BCC,AmberTools,,,H,,10,[H:11][c:5]1[c:4]([c:3]([c:2]([c:7]([c:6]1[H:12])[H:13])[O:1][H:8])[H:9])[H:10],1.0,6.0
10,0.1330769230769231,AM1BCC,AmberTools,,,H,,11,[H:11][c:5]1[c:4]([c:3]([c:2]([c:7]([c:6]1[H:12])[H:13])[O:1][H:8])[H:9])[H:10],1.0,6.0
11,0.1330769230769231,AM1BCC,AmberTools,,,H,,12,[H:11][c:5]1[c:4]([c:3]([c:2]([c:7]([c:6]1[H:12])[H:13])[O:1][H:8])[H:9])[H:10],1.0,6.0
12,0.14157692307692307,AM1BCC,AmberTools,,,H,,13,[H:11][c:5]1[c:4]([c:3]([c:2]([c:7]([c:6]1[H:12])[H:13])[O:1][H:8])[H:9])[H:10],1.0,6.0
0,-0.5100799816159102,AM1BCC,OpenEye,,,O,,1,[H:11][c:5]1[c:4]([c:3]([c:2]([c:7]([c:6]1[H:12])[H:13])[O:1][H:8])[H:9])[H:10],1.0,7.0
1,0.1053099987598566,AM1BCC,OpenEye,,,C,,2,[H:11][c:5]1[c:4]([c:3]([c:2]([c:7]([c:6]1[H:12])[H:13])[O:1][H:8])[H:9])[H:10],1.0,7.0
2,-0.1661800014284941,AM1BCC,OpenEye,,,C,,3,[H:11][c:5]1[c:4]([c:3]([c:2]([c:7]([c:6]1[H:12])[H:13])[O:1][H:8])[H:9])[H:10],1.0,7.0
3,-0.10597000443018399,AM1BCC,OpenEye,,,C,,4,[H:11][c:5]1[c:4]([c:3]([c:2]([c:7]([c:6]1[H:12])[H:13])[O:1][H:8])[H:9])[H:10],1.0,7.0
4,-0.15181000702656233,AM1BCC,OpenEye,,,C,,5,[H:11][c:5]1[c:4]([c:3]([c:2]([c:7]([c:6]1[H:12])[H:13])[O:1][H:8])[H:9])[H:10],1.0,7.0
5,-0.10597000443018399,AM1BCC,OpenEye,,,C,,6,[H:11][c:5]1[c:4]([c:3]([c:2]([c:7]([c:6]1[H:12])[H:13])[O:1][H:8])[H:9])[H:10],1.0,7.0
6,-0.1661800014284941,AM1BCC,OpenEye,,,C,,7,[H:11][c:5]1[c:4]([c:3]([c:2]([c:7]([c:6]1[H:12])[H:13])[O:1][H:8])[H:9])[H:10],1.0,7.0
7,0.41650000042640245,AM1BCC,OpenEye,,,H,,8,[H:11][c:5]1[c:4]([c:3]([c:2]([c:7]([c:6]1[H:12])[H:13])[O:1][H:8])[H:9])[H:10],1.0,7.0
8,0.14176000482760942,AM1BCC,OpenEye,,,H,,9,[H:11][c:5]1[c:4]([c:3]([c:2]([c:7]([c:6]1[H:12])[H:13])[O:1][H:8])[H:9])[H:10],1.0,7.0
9,0.13392999596320665,AM1BCC,OpenEye,,,H,,10,[H:11][c:5]1[c:4]([c:3]([c:2]([c:7]([c:6]1[H:12])[H:13])[O:1][H:8])[H:9])[H:10],1.0,7.0
10,0.13299999959193742,AM1BCC,OpenEye,,,H,,11,[H:11][c:5]1[c:4]([c:3]([c:2]([c:7]([c:6]1[H:12])[H:13])[O:1][H:8])[H:9])[H:10],1.0,7.0
11,0.13392999596320665,AM1BCC,OpenEye,,,H,,12,[H:11][c:5]1[c:4]([c:3]([c:2]([c:7]([c:6]1[H:12])[H:13])[O:1][H:8])[H:9])[H:10],1.0,7.0
12,0.14176000482760942,AM1BCC,OpenEye,,,H,,13,[H:11][c:5]1[c:4]([c:3]([c:2]([c:7]([c:6]1[H:12])[H:13])[O:1][H:8])[H:9])[H:10],1.0,7.0
0,-0.4990230769230769,AM1BCC,AmberTools,,,O,,1,[H:11][c:5]1[c:4]([c:3]([c:2]([c:7]([c:6]1[H:12])[H:13])[O:1][H:8])[H:9])[H:10],1.0,7.0
1,0.12317692307692309,AM1BCC,AmberTools,,,C,,2,[H:11][c:5]1[c:4]([c:3]([c:2]([c:7]([c:6]1[H:12])[H:13])[O:1][H:8])[H:9])[H:10],1.0,7.0
2,-0.1849230769230769,AM1BCC,AmberTools,,,C,,3,[H:11][c:5]1[c:4]([c:3]([c:2]([c:7]([c:6]1[H:12])[H:13])[O:1][H:8])[H:9])[H:10],1.0,7.0
3,-0.09442307692307692,AM1BCC,AmberTools,,,C,,4,[H:11][c:5]1[c:4]([c:3]([c:2]([c:7]([c:6]1[H:12])[H:13])[O:1][H:8])[H:9])[H:10],1.0,7.0
4,-0.16592307692307692,AM1BCC,AmberTools,,,C,,5,[H:11][c:5]1[c:4]([c:3]([c:2]([c:7]([c:6]1[H:12])[H:13])[O:1][H:8])[H:9])[H:10],1.0,7.0
5,-0.09442307692307692,AM1BCC,AmberTools,,,C,,6,[H:11][c:5]1[c:4]([c:3]([c:2]([c:7]([c:6]1[H:12])[H:13])[O:1][H:8])[H:9])[H:10],1.0,7.0
6,-0.1849230769230769,AM1BCC,AmberTools,,,C,,7,[H:11][c:5]1[c:4]([c:3]([c:2]([c:7]([c:6]1[H:12])[H:13])[O:1][H:8])[H:9])[H:10],1.0,7.0
7,0.41807692307692307,AM1BCC,AmberTools,,,H,,8,[H:11][c:5]1[c:4]([c:3]([c:2]([c:7]([c:6]1[H:12])[H:13])[O:1][H:8])[H:9])[H:10],1.0,7.0
8,0.14157692307692307,AM1BCC,AmberTools,,,H,,9,[H:11][c:5]1[c:4]([c:3]([c:2]([c:7]([c:6]1[H:12])[H:13])[O:1][H:8])[H:9])[H:10],1.0,7.0
9,0.1330769230769231,AM1BCC,AmberTools,,,H,,10,[H:11][c:5]1[c:4]([c:3]([c:2]([c:7]([c:6]1[H:12])[H:13])[O:1][H:8])[H:9])[H:10],1.0,7.0
10,0.1330769230769231,AM1BCC,AmberTools,,,H,,11,[H:11][c:5]1[c:4]([c:3]([c:2]([c:7]([c:6]1[H:12])[H:13])[O:1][H:8])[H:9])[H:10],1.0,7.0
11,0.1330769230769231,AM1BCC,AmberTools,,,H,,12,[H:11][c:5]1[c:4]([c:3]([c:2]([c:7]([c:6]1[H:12])[H:13])[O:1][H:8])[H:9])[H:10],1.0,7.0
12,0.14157692307692307,AM1BCC,AmberTools,,,H,,13,[H:11][c:5]1[c:4]([c:3]([c:2]([c:7]([c:6]1[H:12])[H:13])[O:1][H:8])[H:9])[H:10],1.0,7.0
0,-0.5100799816159102,AM1BCC,OpenEye,,,O,,1,[H:11][c:5]1[c:4]([c:3]([c:2]([c:7]([c:6]1[H:12])[H:13])[O:1][H:8])[H:9])[H:10],1.0,8.0
1,0.1053099987598566,AM1BCC,OpenEye,,,C,,2,[H:11][c:5]1[c:4]([c:3]([c:2]([c:7]([c:6]1[H:12])[H:13])[O:1][H:8])[H:9])[H:10],1.0,8.0
2,-0.1661800014284941,AM1BCC,OpenEye,,,C,,3,[H:11][c:5]1[c:4]([c:3]([c:2]([c:7]([c:6]1[H:12])[H:13])[O:1][H:8])[H:9])[H:10],1.0,8.0
3,-0.10597000443018399,AM1BCC,OpenEye,,,C,,4,[H:11][c:5]1[c:4]([c:3]([c:2]([c:7]([c:6]1[H:12])[H:13])[O:1][H:8])[H:9])[H:10],1.0,8.0
4,-0.15181000702656233,AM1BCC,OpenEye,,,C,,5,[H:11][c:5]1[c:4]([c:3]([c:2]([c:7]([c:6]1[H:12])[H:13])[O:1][H:8])[H:9])[H:10],1.0,8.0
5,-0.10597000443018399,AM1BCC,OpenEye,,,C,,6,[H:11][c:5]1[c:4]([c:3]([c:2]([c:7]([c:6]1[H:12])[H:13])[O:1][H:8])[H:9])[H:10],1.0,8.0
6,-0.1661800014284941,AM1BCC,OpenEye,,,C,,7,[H:11][c:5]1[c:4]([c:3]([c:2]([c:7]([c:6]1[H:12])[H:13])[O:1][H:8])[H:9])[H:10],1.0,8.0
7,0.41650000042640245,AM1BCC,OpenEye,,,H,,8,[H:11][c:5]1[c:4]([c:3]([c:2]([c:7]([c:6]1[H:12])[H:13])[O:1][H:8])[H:9])[H:10],1.0,8.0
8,0.14176000482760942,AM1BCC,OpenEye,,,H,,9,[H:11][c:5]1[c:4]([c:3]([c:2]([c:7]([c:6]1[H:12])[H:13])[O:1][H:8])[H:9])[H:10],1.0,8.0
9,0.13392999596320665,AM1BCC,OpenEye,,,H,,10,[H:11][c:5]1[c:4]([c:3]([c:2]([c:7]([c:6]1[H:12])[H:13])[O:1][H:8])[H:9])[H:10],1.0,8.0
10,0.13299999959193742,AM1BCC,OpenEye,,,H,,11,[H:11][c:5]1[c:4]([c:3]([c:2]([c:7]([c:6]1[H:12])[H:13])[O:1][H:8])[H:9])[H:10],1.0,8.0
11,0.13392999596320665,AM1BCC,OpenEye,,,H,,12,[H:11][c:5]1[c:4]([c:3]([c:2]([c:7]([c:6]1[H:12])[H:13])[O:1][H:8])[H:9])[H:10],1.0,8.0
12,0.14176000482760942,AM1BCC,OpenEye,,,H,,13,[H:11][c:5]1[c:4]([c:3]([c:2]([c:7]([c:6]1[H:12])[H:13])[O:1][H:8])[H:9])[H:10],1.0,8.0
0,-0.4990230769230769,AM1BCC,AmberTools,,,O,,1,[H:11][c:5]1[c:4]([c:3]([c:2]([c:7]([c:6]1[H:12])[H:13])[O:1][H:8])[H:9])[H:10],1.0,8.0
1,0.12317692307692309,AM1BCC,AmberTools,,,C,,2,[H:11][c:5]1[c:4]([c:3]([c:2]([c:7]([c:6]1[H:12])[H:13])[O:1][H:8])[H:9])[H:10],1.0,8.0
2,-0.1849230769230769,AM1BCC,AmberTools,,,C,,3,[H:11][c:5]1[c:4]([c:3]([c:2]([c:7]([c:6]1[H:12])[H:13])[O:1][H:8])[H:9])[H:10],1.0,8.0
3,-0.09442307692307692,AM1BCC,AmberTools,,,C,,4,[H:11][c:5]1[c:4]([c:3]([c:2]([c:7]([c:6]1[H:12])[H:13])[O:1][H:8])[H:9])[H:10],1.0,8.0
4,-0.16592307692307692,AM1BCC,AmberTools,,,C,,5,[H:11][c:5]1[c:4]([c:3]([c:2]([c:7]([c:6]1[H:12])[H:13])[O:1][H:8])[H:9])[H:10],1.0,8.0
5,-0.09442307692307692,AM1BCC,AmberTools,,,C,,6,[H:11][c:5]1[c:4]([c:3]([c:2]([c:7]([c:6]1[H:12])[H:13])[O:1][H:8])[H:9])[H:10],1.0,8.0
6,-0.1849230769230769,AM1BCC,AmberTools,,,C,,7,[H:11][c:5]1[c:4]([c:3]([c:2]([c:7]([c:6]1[H:12])[H:13])[O:1][H:8])[H:9])[H:10],1.0,8.0
7,0.41807692307692307,AM1BCC,AmberTools,,,H,,8,[H:11][c:5]1[c:4]([c:3]([c:2]([c:7]([c:6]1[H:12])[H:13])[O:1][H:8])[H:9])[H:10],1.0,8.0
8,0.14157692307692307,AM1BCC,AmberTools,,,H,,9,[H:11][c:5]1[c:4]([c:3]([c:2]([c:7]([c:6]1[H:12])[H:13])[O:1][H:8])[H:9])[H:10],1.0,8.0
9,0.1330769230769231,AM1BCC,AmberTools,,,H,,10,[H:11][c:5]1[c:4]([c:3]([c:2]([c:7]([c:6]1[H:12])[H:13])[O:1][H:8])[H:9])[H:10],1.0,8.0
10,0.1330769230769231,AM1BCC,AmberTools,,,H,,11,[H:11][c:5]1[c:4]([c:3]([c:2]([c:7]([c:6]1[H:12])[H:13])[O:1][H:8])[H:9])[H:10],1.0,8.0
11,0.1330769230769231,AM1BCC,AmberTools,,,H,,12,[H:11][c:5]1[c:4]([c:3]([c:2]([c:7]([c:6]1[H:12])[H:13])[O:1][H:8])[H:9])[H:10],1.0,8.0
12,0.14157692307692307,AM1BCC,AmberTools,,,H,,13,[H:11][c:5]1[c:4]([c:3]([c:2]([c:7]([c:6]1[H:12])[H:13])[O:1][H:8])[H:9])[H:10],1.0,8.0
0,-0.5100799816159102,AM1BCC,OpenEye,,,O,,1,[H:11][c:5]1[c:4]([c:3]([c:2]([c:7]([c:6]1[H:12])[H:13])[O:1][H:8])[H:9])[H:10],1.0,9.0
1,0.10530000008069552,AM1BCC,OpenEye,,,C,,2,[H:11][c:5]1[c:4]([c:3]([c:2]([c:7]([c:6]1[H:12])[H:13])[O:1][H:8])[H:9])[H:10],1.0,9.0
2,-0.1661800014284941,AM1BCC,OpenEye,,,C,,3,[H:11][c:5]1[c:4]([c:3]([c:2]([c:7]([c:6]1[H:12])[H:13])[O:1][H:8])[H:9])[H:10],1.0,9.0
3,-0.10597000443018399,AM1BCC,OpenEye,,,C,,4,[H:11][c:5]1[c:4]([c:3]([c:2]([c:7]([c:6]1[H:12])[H:13])[O:1][H:8])[H:9])[H:10],1.0,9.0
4,-0.15180000834740126,AM1BCC,OpenEye,,,C,,5,[H:11][c:5]1[c:4]([c:3]([c:2]([c:7]([c:6]1[H:12])[H:13])[O:1][H:8])[H:9])[H:10],1.0,9.0
5,-0.10597000443018399,AM1BCC,OpenEye,,,C,,6,[H:11][c:5]1[c:4]([c:3]([c:2]([c:7]([c:6]1[H:12])[H:13])[O:1][H:8])[H:9])[H:10],1.0,9.0
6,-0.1661800014284941,AM1BCC,OpenEye,,,C,,7,[H:11][c:5]1[c:4]([c:3]([c:2]([c:7]([c:6]1[H:12])[H:13])[O:1][H:8])[H:9])[H:10],1.0,9.0
7,0.41650000042640245,AM1BCC,OpenEye,,,H,,8,[H:11][c:5]1[c:4]([c:3]([c:2]([c:7]([c:6]1[H:12])[H:13])[O:1][H:8])[H:9])[H:10],1.0,9.0
8,0.14176000482760942,AM1BCC,OpenEye,,,H,,9,[H:11][c:5]1[c:4]([c:3]([c:2]([c:7]([c:6]1[H:12])[H:13])[O:1][H:8])[H:9])[H:10],1.0,9.0
9,0.13392999596320665,AM1BCC,OpenEye,,,H,,10,[H:11][c:5]1[c:4]([c:3]([c:2]([c:7]([c:6]1[H:12])[H:13])[O:1][H:8])[H:9])[H:10],1.0,9.0
10,0.13299999959193742,AM1BCC,OpenEye,,,H,,11,[H:11][c:5]1[c:4]([c:3]([c:2]([c:7]([c:6]1[H:12])[H:13])[O:1][H:8])[H:9])[H:10],1.0,9.0
11,0.13392999596320665,AM1BCC,OpenEye,,,H,,12,[H:11][c:5]1[c:4]([c:3]([c:2]([c:7]([c:6]1[H:12])[H:13])[O:1][H:8])[H:9])[H:10],1.0,9.0
12,0.14176000482760942,AM1BCC,OpenEye,,,H,,13,[H:11][c:5]1[c:4]([c:3]([c:2]([c:7]([c:6]1[H:12])[H:13])[O:1][H:8])[H:9])[H:10],1.0,9.0
0,-0.4990230769230769,AM1BCC,AmberTools,,,O,,1,[H:11][c:5]1[c:4]([c:3]([c:2]([c:7]([c:6]1[H:12])[H:13])[O:1][H:8])[H:9])[H:10],1.0,9.0
1,0.12317692307692309,AM1BCC,AmberTools,,,C,,2,[H:11][c:5]1[c:4]([c:3]([c:2]([c:7]([c:6]1[H:12])[H:13])[O:1][H:8])[H:9])[H:10],1.0,9.0
2,-0.1849230769230769,AM1BCC,AmberTools,,,C,,3,[H:11][c:5]1[c:4]([c:3]([c:2]([c:7]([c:6]1[H:12])[H:13])[O:1][H:8])[H:9])[H:10],1.0,9.0
3,-0.09442307692307692,AM1BCC,AmberTools,,,C,,4,[H:11][c:5]1[c:4]([c:3]([c:2]([c:7]([c:6]1[H:12])[H:13])[O:1][H:8])[H:9])[H:10],1.0,9.0
4,-0.16592307692307692,AM1BCC,AmberTools,,,C,,5,[H:11][c:5]1[c:4]([c:3]([c:2]([c:7]([c:6]1[H:12])[H:13])[O:1][H:8])[H:9])[H:10],1.0,9.0
5,-0.09442307692307692,AM1BCC,AmberTools,,,C,,6,[H:11][c:5]1[c:4]([c:3]([c:2]([c:7]([c:6]1[H:12])[H:13])[O:1][H:8])[H:9])[H:10],1.0,9.0
6,-0.1849230769230769,AM1BCC,AmberTools,,,C,,7,[H:11][c:5]1[c:4]([c:3]([c:2]([c:7]([c:6]1[H:12])[H:13])[O:1][H:8])[H:9])[H:10],1.0,9.0
7,0.41807692307692307,AM1BCC,AmberTools,,,H,,8,[H:11][c:5]1[c:4]([c:3]([c:2]([c:7]([c:6]1[H:12])[H:13])[O:1][H:8])[H:9])[H:10],1.0,9.0
8,0.14157692307692307,AM1BCC,AmberTools,,,H,,9,[H:11][c:5]1[c:4]([c:3]([c:2]([c:7]([c:6]1[H:12])[H:13])[O:1][H:8])[H:9])[H:10],1.0,9.0
9,0.1330769230769231,AM1BCC,AmberTools,,,H,,10,[H:11][c:5]1[c:4]([c:3]([c:2]([c:7]([c:6]1[H:12])[H:13])[O:1][H:8])[H:9])[H:10],1.0,9.0
10,0.1330769230769231,AM1BCC,AmberTools,,,H,,11,[H:11][c:5]1[c:4]([c:3]([c:2]([c:7]([c:6]1[H:12])[H:13])[O:1][H:8])[H:9])[H:10],1.0,9.0
11,0.1330769230769231,AM1BCC,AmberTools,,,H,,12,[H:11][c:5]1[c:4]([c:3]([c:2]([c:7]([c:6]1[H:12])[H:13])[O:1][H:8])[H:9])[H:10],1.0,9.0
12,0.14157692307692307,AM1BCC,AmberTools,,,H,,13,[H:11][c:5]1[c:4]([c:3]([c:2]([c:7]([c:6]1[H:12])[H:13])[O:1][H:8])[H:9])[H:10],1.0,9.0
0,-0.5100799816159102,AM1BCC,OpenEye,,,O,,1,[H:11][c:5]1[c:4]([c:3]([c:2]([c:7]([c:6]1[H:12])[H:13])[O:1][H:8])[H:9])[H:10],1.0,10.0
1,0.10530000008069552,AM1BCC,OpenEye,,,C,,2,[H:11][c:5]1[c:4]([c:3]([c:2]([c:7]([c:6]1[H:12])[H:13])[O:1][H:8])[H:9])[H:10],1.0,10.0
2,-0.1661800014284941,AM1BCC,OpenEye,,,C,,3,[H:11][c:5]1[c:4]([c:3]([c:2]([c:7]([c:6]1[H:12])[H:13])[O:1][H:8])[H:9])[H:10],1.0,10.0
3,-0.10597000443018399,AM1BCC,OpenEye,,,C,,4,[H:11][c:5]1[c:4]([c:3]([c:2]([c:7]([c:6]1[H:12])[H:13])[O:1][H:8])[H:9])[H:10],1.0,10.0
4,-0.15180000834740126,AM1BCC,OpenEye,,,C,,5,[H:11][c:5]1[c:4]([c:3]([c:2]([c:7]([c:6]1[H:12])[H:13])[O:1][H:8])[H:9])[H:10],1.0,10.0
5,-0.10597000443018399,AM1BCC,OpenEye,,,C,,6,[H:11][c:5]1[c:4]([c:3]([c:2]([c:7]([c:6]1[H:12])[H:13])[O:1][H:8])[H:9])[H:10],1.0,10.0
6,-0.1661800014284941,AM1BCC,OpenEye,,,C,,7,[H:11][c:5]1[c:4]([c:3]([c:2]([c:7]([c:6]1[H:12])[H:13])[O:1][H:8])[H:9])[H:10],1.0,10.0
7,0.41650000042640245,AM1BCC,OpenEye,,,H,,8,[H:11][c:5]1[c:4]([c:3]([c:2]([c:7]([c:6]1[H:12])[H:13])[O:1][H:8])[H:9])[H:10],1.0,10.0
8,0.14176000482760942,AM1BCC,OpenEye,,,H,,9,[H:11][c:5]1[c:4]([c:3]([c:2]([c:7]([c:6]1[H:12])[H:13])[O:1][H:8])[H:9])[H:10],1.0,10.0
9,0.13392999596320665,AM1BCC,OpenEye,,,H,,10,[H:11][c:5]1[c:4]([c:3]([c:2]([c:7]([c:6]1[H:12])[H:13])[O:1][H:8])[H:9])[H:10],1.0,10.0
10,0.13299999959193742,AM1BCC,OpenEye,,,H,,11,[H:11][c:5]1[c:4]([c:3]([c:2]([c:7]([c:6]1[H:12])[H:13])[O:1][H:8])[H:9])[H:10],1.0,10.0
11,0.13392999596320665,AM1BCC,OpenEye,,,H,,12,[H:11][c:5]1[c:4]([c:3]([c:2]([c:7]([c:6]1[H:12])[H:13])[O:1][H:8])[H:9])[H:10],1.0,10.0
12,0.14176000482760942,AM1BCC,OpenEye,,,H,,13,[H:11][c:5]1[c:4]([c:3]([c:2]([c:7]([c:6]1[H:12])[H:13])[O:1][H:8])[H:9])[H:10],1.0,10.0
0,-0.4990230769230769,AM1BCC,AmberTools,,,O,,1,[H:11][c:5]1[c:4]([c:3]([c:2]([c:7]([c:6]1[H:12])[H:13])[O:1][H:8])[H:9])[H:10],1.0,10.0
1,0.12317692307692309,AM1BCC,AmberTools,,,C,,2,[H:11][c:5]1[c:4]([c:3]([c:2]([c:7]([c:6]1[H:12])[H:13])[O:1][H:8])[H:9])[H:10],1.0,10.0
2,-0.1849230769230769,AM1BCC,AmberTools,,,C,,3,[H:11][c:5]1[c:4]([c:3]([c:2]([c:7]([c:6]1[H:12])[H:13])[O:1][H:8])[H:9])[H:10],1.0,10.0
3,-0.09442307692307692,AM1BCC,AmberTools,,,C,,4,[H:11][c:5]1[c:4]([c:3]([c:2]([c:7]([c:6]1[H:12])[H:13])[O:1][H:8])[H:9])[H:10],1.0,10.0
4,-0.16592307692307692,AM1BCC,AmberTools,,,C,,5,[H:11][c:5]1[c:4]([c:3]([c:2]([c:7]([c:6]1[H:12])[H:13])[O:1][H:8])[H:9])[H:10],1.0,10.0
5,-0.09442307692307692,AM1BCC,AmberTools,,,C,,6,[H:11][c:5]1[c:4]([c:3]([c:2]([c:7]([c:6]1[H:12])[H:13])[O:1][H:8])[H:9])[H:10],1.0,10.0
6,-0.1849230769230769,AM1BCC,AmberTools,,,C,,7,[H:11][c:5]1[c:4]([c:3]([c:2]([c:7]([c:6]1[H:12])[H:13])[O:1][H:8])[H:9])[H:10],1.0,10.0
7,0.41807692307692307,AM1BCC,AmberTools,,,H,,8,[H:11][c:5]1[c:4]([c:3]([c:2]([c:7]([c:6]1[H:12])[H:13])[O:1][H:8])[H:9])[H:10],1.0,10.0
8,0.14157692307692307,AM1BCC,AmberTools,,,H,,9,[H:11][c:5]1[c:4]([c:3]([c:2]([c:7]([c:6]1[H:12])[H:13])[O:1][H:8])[H:9])[H:10],1.0,10.0
9,0.1330769230769231,AM1BCC,AmberTools,,,H,,10,[H:11][c:5]1[c:4]([c:3]([c:2]([c:7]([c:6]1[H:12])[H:13])[O:1][H:8])[H:9])[H:10],1.0,10.0
10,0.1330769230769231,AM1BCC,AmberTools,,,H,,11,[H:11][c:5]1[c:4]([c:3]([c:2]([c:7]([c:6]1[H:12])[H:13])[O:1][H:8])[H:9])[H:10],1.0,10.0
11,0.1330769230769231,AM1BCC,AmberTools,,,H,,12,[H:11][c:5]1[c:4]([c:3]([c:2]([c:7]([c:6]1[H:12])[H:13])[O:1][H:8])[H:9])[H:10],1.0,10.0
12,0.14157692307692307,AM1BCC,AmberTools,,,H,,13,[H:11][c:5]1[c:4]([c:3]([c:2]([c:7]([c:6]1[H:12])[H:13])[O:1][H:8])[H:9])[H:10],1.0,10.0
0,-0.5100799816159102,AM1BCC,OpenEye,,,O,,1,[H:11][c:5]1[c:4]([c:3]([c:2]([c:7]([c:6]1[H:12])[H:13])[O:1][H:8])[H:9])[H:10],1.0,11.0
1,0.10530000008069552,AM1BCC,OpenEye,,,C,,2,[H:11][c:5]1[c:4]([c:3]([c:2]([c:7]([c:6]1[H:12])[H:13])[O:1][H:8])[H:9])[H:10],1.0,11.0
2,-0.1661800014284941,AM1BCC,OpenEye,,,C,,3,[H:11][c:5]1[c:4]([c:3]([c:2]([c:7]([c:6]1[H:12])[H:13])[O:1][H:8])[H:9])[H:10],1.0,11.0
3,-0.10597000443018399,AM1BCC,OpenEye,,,C,,4,[H:11][c:5]1[c:4]([c:3]([c:2]([c:7]([c:6]1[H:12])[H:13])[O:1][H:8])[H:9])[H:10],1.0,11.0
4,-0.15180000834740126,AM1BCC,OpenEye,,,C,,5,[H:11][c:5]1[c:4]([c:3]([c:2]([c:7]([c:6]1[H:12])[H:13])[O:1][H:8])[H:9])[H:10],1.0,11.0
5,-0.10597000443018399,AM1BCC,OpenEye,,,C,,6,[H:11][c:5]1[c:4]([c:3]([c:2]([c:7]([c:6]1[H:12])[H:13])[O:1][H:8])[H:9])[H:10],1.0,11.0
6,-0.1661800014284941,AM1BCC,OpenEye,,,C,,7,[H:11][c:5]1[c:4]([c:3]([c:2]([c:7]([c:6]1[H:12])[H:13])[O:1][H:8])[H:9])[H:10],1.0,11.0
7,0.41650000042640245,AM1BCC,OpenEye,,,H,,8,[H:11][c:5]1[c:4]([c:3]([c:2]([c:7]([c:6]1[H:12])[H:13])[O:1][H:8])[H:9])[H:10],1.0,11.0
8,0.14176000482760942,AM1BCC,OpenEye,,,H,,9,[H:11][c:5]1[c:4]([c:3]([c:2]([c:7]([c:6]1[H:12])[H:13])[O:1][H:8])[H:9])[H:10],1.0,11.0
9,0.13392999596320665,AM1BCC,OpenEye,,,H,,10,[H:11][c:5]1[c:4]([c:3]([c:2]([c:7]([c:6]1[H:12])[H:13])[O:1][H:8])[H:9])[H:10],1.0,11.0
10,0.13299999959193742,AM1BCC,OpenEye,,,H,,11,[H:11][c:5]1[c:4]([c:3]([c:2]([c:7]([c:6]1[H:12])[H:13])[O:1][H:8])[H:9])[H:10],1.0,11.0
11,0.13392999596320665,AM1BCC,OpenEye,,,H,,12,[H:11][c:5]1[c:4]([c:3]([c:2]([c:7]([c:6]1[H:12])[H:13])[O:1][H:8])[H:9])[H:10],1.0,11.0
12,0.14176000482760942,AM1BCC,OpenEye,,,H,,13,[H:11][c:5]1[c:4]([c:3]([c:2]([c:7]([c:6]1[H:12])[H:13])[O:1][H:8])[H:9])[H:10],1.0,11.0
0,-0.4990230769230769,AM1BCC,AmberTools,,,O,,1,[H:11][c:5]1[c:4]([c:3]([c:2]([c:7]([c:6]1[H:12])[H:13])[O:1][H:8])[H:9])[H:10],1.0,11.0
1,0.12317692307692309,AM1BCC,AmberTools,,,C,,2,[H:11][c:5]1[c:4]([c:3]([c:2]([c:7]([c:6]1[H:12])[H:13])[O:1][H:8])[H:9])[H:10],1.0,11.0
2,-0.1849230769230769,AM1BCC,AmberTools,,,C,,3,[H:11][c:5]1[c:4]([c:3]([c:2]([c:7]([c:6]1[H:12])[H:13])[O:1][H:8])[H:9])[H:10],1.0,11.0
3,-0.09442307692307692,AM1BCC,AmberTools,,,C,,4,[H:11][c:5]1[c:4]([c:3]([c:2]([c:7]([c:6]1[H:12])[H:13])[O:1][H:8])[H:9])[H:10],1.0,11.0
4,-0.16592307692307692,AM1BCC,AmberTools,,,C,,5,[H:11][c:5]1[c:4]([c:3]([c:2]([c:7]([c:6]1[H:12])[H:13])[O:1][H:8])[H:9])[H:10],1.0,11.0
5,-0.09442307692307692,AM1BCC,AmberTools,,,C,,6,[H:11][c:5]1[c:4]([c:3]([c:2]([c:7]([c:6]1[H:12])[H:13])[O:1][H:8])[H:9])[H:10],1.0,11.0
6,-0.1849230769230769,AM1BCC,AmberTools,,,C,,7,[H:11][c:5]1[c:4]([c:3]([c:2]([c:7]([c:6]1[H:12])[H:13])[O:1][H:8])[H:9])[H:10],1.0,11.0
7,0.41807692307692307,AM1BCC,AmberTools,,,H,,8,[H:11][c:5]1[c:4]([c:3]([c:2]([c:7]([c:6]1[H:12])[H:13])[O:1][H:8])[H:9])[H:10],1.0,11.0
8,0.14157692307692307,AM1BCC,AmberTools,,,H,,9,[H:11][c:5]1[c:4]([c:3]([c:2]([c:7]([c:6]1[H:12])[H:13])[O:1][H:8])[H:9])[H:10],1.0,11.0
9,0.1330769230769231,AM1BCC,AmberTools,,,H,,10,[H:11][c:5]1[c:4]([c:3]([c:2]([c:7]([c:6]1[H:12])[H:13])[O:1][H:8])[H:9])[H:10],1.0,11.0
10,0.1330769230769231,AM1BCC,AmberTools,,,H,,11,[H:11][c:5]1[c:4]([c:3]([c:2]([c:7]([c:6]1[H:12])[H:13])[O:1][H:8])[H:9])[H:10],1.0,11.0
11,0.1330769230769231,AM1BCC,AmberTools,,,H,,12,[H:11][c:5]1[c:4]([c:3]([c:2]([c:7]([c:6]1[H:12])[H:13])[O:1][H:8])[H:9])[H:10],1.0,11.0
12,0.14157692307692307,AM1BCC,AmberTools,,,H,,13,[H:11][c:5]1[c:4]([c:3]([c:2]([c:7]([c:6]1[H:12])[H:13])[O:1][H:8])[H:9])[H:10],1.0,11.0
0,-0.5100799816159102,AM1BCC,OpenEye,,,O,,1,[H:11][c:5]1[c:4]([c:3]([c:2]([c:7]([c:6]1[H:12])[H:13])[O:1][H:8])[H:9])[H:10],1.0,12.0
1,0.1053099987598566,AM1BCC,OpenEye,,,C,,2,[H:11][c:5]1[c:4]([c:3]([c:2]([c:7]([c:6]1[H:12])[H:13])[O:1][H:8])[H:9])[H:10],1.0,12.0
2,-0.1661800014284941,AM1BCC,OpenEye,,,C,,3,[H:11][c:5]1[c:4]([c:3]([c:2]([c:7]([c:6]1[H:12])[H:13])[O:1][H:8])[H:9])[H:10],1.0,12.0
3,-0.10597000443018399,AM1BCC,OpenEye,,,C,,4,[H:11][c:5]1[c:4]([c:3]([c:2]([c:7]([c:6]1[H:12])[H:13])[O:1][H:8])[H:9])[H:10],1.0,12.0
4,-0.15181000702656233,AM1BCC,OpenEye,,,C,,5,[H:11][c:5]1[c:4]([c:3]([c:2]([c:7]([c:6]1[H:12])[H:13])[O:1][H:8])[H:9])[H:10],1.0,12.0
5,-0.10597000443018399,AM1BCC,OpenEye,,,C,,6,[H:11][c:5]1[c:4]([c:3]([c:2]([c:7]([c:6]1[H:12])[H:13])[O:1][H:8])[H:9])[H:10],1.0,12.0
6,-0.1661800014284941,AM1BCC,OpenEye,,,C,,7,[H:11][c:5]1[c:4]([c:3]([c:2]([c:7]([c:6]1[H:12])[H:13])[O:1][H:8])[H:9])[H:10],1.0,12.0
7,0.41650000042640245,AM1BCC,OpenEye,,,H,,8,[H:11][c:5]1[c:4]([c:3]([c:2]([c:7]([c:6]1[H:12])[H:13])[O:1][H:8])[H:9])[H:10],1.0,12.0
8,0.14176000482760942,AM1BCC,OpenEye,,,H,,9,[H:11][c:5]1[c:4]([c:3]([c:2]([c:7]([c:6]1[H:12])[H:13])[O:1][H:8])[H:9])[H:10],1.0,12.0
9,0.13392999596320665,AM1BCC,OpenEye,,,H,,10,[H:11][c:5]1[c:4]([c:3]([c:2]([c:7]([c:6]1[H:12])[H:13])[O:1][H:8])[H:9])[H:10],1.0,12.0
10,0.13299999959193742,AM1BCC,OpenEye,,,H,,11,[H:11][c:5]1[c:4]([c:3]([c:2]([c:7]([c:6]1[H:12])[H:13])[O:1][H:8])[H:9])[H:10],1.0,12.0
11,0.13392999596320665,AM1BCC,OpenEye,,,H,,12,[H:11][c:5]1[c:4]([c:3]([c:2]([c:7]([c:6]1[H:12])[H:13])[O:1][H:8])[H:9])[H:10],1.0,12.0
12,0.14176000482760942,AM1BCC,OpenEye,,,H,,13,[H:11][c:5]1[c:4]([c:3]([c:2]([c:7]([c:6]1[H:12])[H:13])[O:1][H:8])[H:9])[H:10],1.0,12.0
0,-0.4990230769230769,AM1BCC,AmberTools,,,O,,1,[H:11][c:5]1[c:4]([c:3]([c:2]([c:7]([c:6]1[H:12])[H:13])[O:1][H:8])[H:9])[H:10],1.0,12.0
1,0.12317692307692309,AM1BCC,AmberTools,,,C,,2,[H:11][c:5]1[c:4]([c:3]([c:2]([c:7]([c:6]1[H:12])[H:13])[O:1][H:8])[H:9])[H:10],1.0,12.0
2,-0.1849230769230769,AM1BCC,AmberTools,,,C,,3,[H:11][c:5]1[c:4]([c:3]([c:2]([c:7]([c:6]1[H:12])[H:13])[O:1][H:8])[H:9])[H:10],1.0,12.0
3,-0.09442307692307692,AM1BCC,AmberTools,,,C,,4,[H:11][c:5]1[c:4]([c:3]([c:2]([c:7]([c:6]1[H:12])[H:13])[O:1][H:8])[H:9])[H:10],1.0,12.0
4,-0.16592307692307692,AM1BCC,AmberTools,,,C,,5,[H:11][c:5]1[c:4]([c:3]([c:2]([c:7]([c:6]1[H:12])[H:13])[O:1][H:8])[H:9])[H:10],1.0,12.0
5,-0.09442307692307692,AM1BCC,AmberTools,,,C,,6,[H:11][c:5]1[c:4]([c:3]([c:2]([c:7]([c:6]1[H:12])[H:13])[O:1][H:8])[H:9])[H:10],1.0,12.0
6,-0.1849230769230769,AM1BCC,AmberTools,,,C,,7,[H:11][c:5]1[c:4]([c:3]([c:2]([c:7]([c:6]1[H:12])[H:13])[O:1][H:8])[H:9])[H:10],1.0,12.0
7,0.41807692307692307,AM1BCC,AmberTools,,,H,,8,[H:11][c:5]1[c:4]([c:3]([c:2]([c:7]([c:6]1[H:12])[H:13])[O:1][H:8])[H:9])[H:10],1.0,12.0
8,0.14157692307692307,AM1BCC,AmberTools,,,H,,9,[H:11][c:5]1[c:4]([c:3]([c:2]([c:7]([c:6]1[H:12])[H:13])[O:1][H:8])[H:9])[H:10],1.0,12.0
9,0.1330769230769231,AM1BCC,AmberTools,,,H,,10,[H:11][c:5]1[c:4]([c:3]([c:2]([c:7]([c:6]1[H:12])[H:13])[O:1][H:8])[H:9])[H:10],1.0,12.0
10,0.1330769230769231,AM1BCC,AmberTools,,,H,,11,[H:11][c:5]1[c:4]([c:3]([c:2]([c:7]([c:6]1[H:12])[H:13])[O:1][H:8])[H:9])[H:10],1.0,12.0
11,0.1330769230769231,AM1BCC,AmberTools,,,H,,12,[H:11][c:5]1[c:4]([c:3]([c:2]([c:7]([c:6]1[H:12])[H:13])[O:1][H:8])[H:9])[H:10],1.0,12.0
12,0.14157692307692307,AM1BCC,AmberTools,,,H,,13,[H:11][c:5]1[c:4]([c:3]([c:2]([c:7]([c:6]1[H:12])[H:13])[O:1][H:8])[H:9])[H:10],1.0,12.0
0,-0.498479992724382,AM1BCC,OpenEye,,,O,,1,[H:11][c:5]1[c:4]([c:3]([c:2]([c:7]([c:6]1[H:12])[H:13])[O:1][H:8])[H:9])[H:10],2.0,1.0
1,0.12210000249055716,AM1BCC,OpenEye,,,C,,2,[H:11][c:5]1[c:4]([c:3]([c:2]([c:7]([c:6]1[H:12])[H:13])[O:1][H:8])[H:9])[H:10],2.0,1.0
2,-0.18479000089260247,AM1BCC,OpenEye,,,C,,3,[H:11][c:5]1[c:4]([c:3]([c:2]([c:7]([c:6]1[H:12])[H:13])[O:1][H:8])[H:9])[H:10],2.0,1.0
3,-0.09443000016304162,AM1BCC,OpenEye,,,C,,4,[H:11][c:5]1[c:4]([c:3]([c:2]([c:7]([c:6]1[H:12])[H:13])[O:1][H:8])[H:9])[H:10],2.0,1.0
4,-0.1644800013074508,AM1BCC,OpenEye,,,C,,5,[H:11][c:5]1[c:4]([c:3]([c:2]([c:7]([c:6]1[H:12])[H:13])[O:1][H:8])[H:9])[H:10],2.0,1.0
5,-0.09443000016304162,AM1BCC,OpenEye,,,C,,6,[H:11][c:5]1[c:4]([c:3]([c:2]([c:7]([c:6]1[H:12])[H:13])[O:1][H:8])[H:9])[H:10],2.0,1.0
6,-0.18479000089260247,AM1BCC,OpenEye,,,C,,7,[H:11][c:5]1[c:4]([c:3]([c:2]([c:7]([c:6]1[H:12])[H:13])[O:1][H:8])[H:9])[H:10],2.0,1.0
7,0.4184199863901505,AM1BCC,OpenEye,,,H,,8,[H:11][c:5]1[c:4]([c:3]([c:2]([c:7]([c:6]1[H:12])[H:13])[O:1][H:8])[H:9])[H:10],2.0,1.0
8,0.14056000056175086,AM1BCC,OpenEye,,,H,,9,[H:11][c:5]1[c:4]([c:3]([c:2]([c:7]([c:6]1[H:12])[H:13])[O:1][H:8])[H:9])[H:10],2.0,1.0
9,0.1328600043287644,AM1BCC,OpenEye,,,H,,10,[H:11][c:5]1[c:4]([c:3]([c:2]([c:7]([c:6]1[H:12])[H:13])[O:1][H:8])[H:9])[H:10],2.0,1.0
10,0.13403999748138282,AM1BCC,OpenEye,,,H,,11,[H:11][c:5]1[c:4]([c:3]([c:2]([c:7]([c:6]1[H:12])[H:13])[O:1][H:8])[H:9])[H:10],2.0,1.0
11,0.1328600043287644,AM1BCC,OpenEye,,,H,,12,[H:11][c:5]1[c:4]([c:3]([c:2]([c:7]([c:6]1[H:12])[H:13])[O:1][H:8])[H:9])[H:10],2.0,1.0
12,0.14056000056175086,AM1BCC,OpenEye,,,H,,13,[H:11][c:5]1[c:4]([c:3]([c:2]([c:7]([c:6]1[H:12])[H:13])[O:1][H:8])[H:9])[H:10],2.0,1.0
0,-0.4990230769230769,AM1BCC,AmberTools,,,O,,1,[H:11][c:5]1[c:4]([c:3]([c:2]([c:7]([c:6]1[H:12])[H:13])[O:1][H:8])[H:9])[H:10],2.0,1.0
1,0.12317692307692309,AM1BCC,AmberTools,,,C,,2,[H:11][c:5]1[c:4]([c:3]([c:2]([c:7]([c:6]1[H:12])[H:13])[O:1][H:8])[H:9])[H:10],2.0,1.0
2,-0.1849230769230769,AM1BCC,AmberTools,,,C,,3,[H:11][c:5]1[c:4]([c:3]([c:2]([c:7]([c:6]1[H:12])[H:13])[O:1][H:8])[H:9])[H:10],2.0,1.0
3,-0.09442307692307692,AM1BCC,AmberTools,,,C,,4,[H:11][c:5]1[c:4]([c:3]([c:2]([c:7]([c:6]1[H:12])[H:13])[O:1][H:8])[H:9])[H:10],2.0,1.0
4,-0.16592307692307692,AM1BCC,AmberTools,,,C,,5,[H:11][c:5]1[c:4]([c:3]([c:2]([c:7]([c:6]1[H:12])[H:13])[O:1][H:8])[H:9])[H:10],2.0,1.0
5,-0.09442307692307692,AM1BCC,AmberTools,,,C,,6,[H:11][c:5]1[c:4]([c:3]([c:2]([c:7]([c:6]1[H:12])[H:13])[O:1][H:8])[H:9])[H:10],2.0,1.0
6,-0.1849230769230769,AM1BCC,AmberTools,,,C,,7,[H:11][c:5]1[c:4]([c:3]([c:2]([c:7]([c:6]1[H:12])[H:13])[O:1][H:8])[H:9])[H:10],2.0,1.0
7,0.41807692307692307,AM1BCC,AmberTools,,,H,,8,[H:11][c:5]1[c:4]([c:3]([c:2]([c:7]([c:6]1[H:12])[H:13])[O:1][H:8])[H:9])[H:10],2.0,1.0
8,0.14157692307692307,AM1BCC,AmberTools,,,H,,9,[H:11][c:5]1[c:4]([c:3]([c:2]([c:7]([c:6]1[H:12])[H:13])[O:1][H:8])[H:9])[H:10],2.0,1.0
9,0.1330769230769231,AM1BCC,AmberTools,,,H,,10,[H:11][c:5]1[c:4]([c:3]([c:2]([c:7]([c:6]1[H:12])[H:13])[O:1][H:8])[H:9])[H:10],2.0,1.0
10,0.1330769230769231,AM1BCC,AmberTools,,,H,,11,[H:11][c:5]1[c:4]([c:3]([c:2]([c:7]([c:6]1[H:12])[H:13])[O:1][H:8])[H:9])[H:10],2.0,1.0
11,0.1330769230769231,AM1BCC,AmberTools,,,H,,12,[H:11][c:5]1[c:4]([c:3]([c:2]([c:7]([c:6]1[H:12])[H:13])[O:1][H:8])[H:9])[H:10],2.0,1.0
12,0.14157692307692307,AM1BCC,AmberTools,,,H,,13,[H:11][c:5]1[c:4]([c:3]([c:2]([c:7]([c:6]1[H:12])[H:13])[O:1][H:8])[H:9])[H:10],2.0,1.0
0,-0.498479992724382,AM1BCC,OpenEye,,,O,,1,[H:11][c:5]1[c:4]([c:3]([c:2]([c:7]([c:6]1[H:12])[H:13])[O:1][H:8])[H:9])[H:10],2.0,2.0
1,0.12210000249055716,AM1BCC,OpenEye,,,C,,2,[H:11][c:5]1[c:4]([c:3]([c:2]([c:7]([c:6]1[H:12])[H:13])[O:1][H:8])[H:9])[H:10],2.0,2.0
2,-0.18479000089260247,AM1BCC,OpenEye,,,C,,3,[H:11][c:5]1[c:4]([c:3]([c:2]([c:7]([c:6]1[H:12])[H:13])[O:1][H:8])[H:9])[H:10],2.0,2.0
3,-0.09443000016304162,AM1BCC,OpenEye,,,C,,4,[H:11][c:5]1[c:4]([c:3]([c:2]([c:7]([c:6]1[H:12])[H:13])[O:1][H:8])[H:9])[H:10],2.0,2.0
4,-0.1644800013074508,AM1BCC,OpenEye,,,C,,5,[H:11][c:5]1[c:4]([c:3]([c:2]([c:7]([c:6]1[H:12])[H:13])[O:1][H:8])[H:9])[H:10],2.0,2.0
5,-0.09443000016304162,AM1BCC,OpenEye,,,C,,6,[H:11][c:5]1[c:4]([c:3]([c:2]([c:7]([c:6]1[H:12])[H:13])[O:1][H:8])[H:9])[H:10],2.0,2.0
6,-0.18479000089260247,AM1BCC,OpenEye,,,C,,7,[H:11][c:5]1[c:4]([c:3]([c:2]([c:7]([c:6]1[H:12])[H:13])[O:1][H:8])[H:9])[H:10],2.0,2.0
7,0.4184199863901505,AM1BCC,OpenEye,,,H,,8,[H:11][c:5]1[c:4]([c:3]([c:2]([c:7]([c:6]1[H:12])[H:13])[O:1][H:8])[H:9])[H:10],2.0,2.0
8,0.14056000056175086,AM1BCC,OpenEye,,,H,,9,[H:11][c:5]1[c:4]([c:3]([c:2]([c:7]([c:6]1[H:12])[H:13])[O:1][H:8])[H:9])[H:10],2.0,2.0
9,0.1328600043287644,AM1BCC,OpenEye,,,H,,10,[H:11][c:5]1[c:4]([c:3]([c:2]([c:7]([c:6]1[H:12])[H:13])[O:1][H:8])[H:9])[H:10],2.0,2.0
10,0.13403999748138282,AM1BCC,OpenEye,,,H,,11,[H:11][c:5]1[c:4]([c:3]([c:2]([c:7]([c:6]1[H:12])[H:13])[O:1][H:8])[H:9])[H:10],2.0,2.0
11,0.1328600043287644,AM1BCC,OpenEye,,,H,,12,[H:11][c:5]1[c:4]([c:3]([c:2]([c:7]([c:6]1[H:12])[H:13])[O:1][H:8])[H:9])[H:10],2.0,2.0
12,0.14056000056175086,AM1BCC,OpenEye,,,H,,13,[H:11][c:5]1[c:4]([c:3]([c:2]([c:7]([c:6]1[H:12])[H:13])[O:1][H:8])[H:9])[H:10],2.0,2.0
0,-0.4990230769230769,AM1BCC,AmberTools,,,O,,1,[H:11][c:5]1[c:4]([c:3]([c:2]([c:7]([c:6]1[H:12])[H:13])[O:1][H:8])[H:9])[H:10],2.0,2.0
1,0.12317692307692309,AM1BCC,AmberTools,,,C,,2,[H:11][c:5]1[c:4]([c:3]([c:2]([c:7]([c:6]1[H:12])[H:13])[O:1][H:8])[H:9])[H:10],2.0,2.0
2,-0.1849230769230769,AM1BCC,AmberTools,,,C,,3,[H:11][c:5]1[c:4]([c:3]([c:2]([c:7]([c:6]1[H:12])[H:13])[O:1][H:8])[H:9])[H:10],2.0,2.0
3,-0.09442307692307692,AM1BCC,AmberTools,,,C,,4,[H:11][c:5]1[c:4]([c:3]([c:2]([c:7]([c:6]1[H:12])[H:13])[O:1][H:8])[H:9])[H:10],2.0,2.0
4,-0.16592307692307692,AM1BCC,AmberTools,,,C,,5,[H:11][c:5]1[c:4]([c:3]([c:2]([c:7]([c:6]1[H:12])[H:13])[O:1][H:8])[H:9])[H:10],2.0,2.0
5,-0.09442307692307692,AM1BCC,AmberTools,,,C,,6,[H:11][c:5]1[c:4]([c:3]([c:2]([c:7]([c:6]1[H:12])[H:13])[O:1][H:8])[H:9])[H:10],2.0,2.0
6,-0.1849230769230769,AM1BCC,AmberTools,,,C,,7,[H:11][c:5]1[c:4]([c:3]([c:2]([c:7]([c:6]1[H:12])[H:13])[O:1][H:8])[H:9])[H:10],2.0,2.0
7,0.41807692307692307,AM1BCC,AmberTools,,,H,,8,[H:11][c:5]1[c:4]([c:3]([c:2]([c:7]([c:6]1[H:12])[H:13])[O:1][H:8])[H:9])[H:10],2.0,2.0
8,0.14157692307692307,AM1BCC,AmberTools,,,H,,9,[H:11][c:5]1[c:4]([c:3]([c:2]([c:7]([c:6]1[H:12])[H:13])[O:1][H:8])[H:9])[H:10],2.0,2.0
9,0.1330769230769231,AM1BCC,AmberTools,,,H,,10,[H:11][c:5]1[c:4]([c:3]([c:2]([c:7]([c:6]1[H:12])[H:13])[O:1][H:8])[H:9])[H:10],2.0,2.0
10,0.1330769230769231,AM1BCC,AmberTools,,,H,,11,[H:11][c:5]1[c:4]([c:3]([c:2]([c:7]([c:6]1[H:12])[H:13])[O:1][H:8])[H:9])[H:10],2.0,2.0
11,0.1330769230769231,AM1BCC,AmberTools,,,H,,12,[H:11][c:5]1[c:4]([c:3]([c:2]([c:7]([c:6]1[H:12])[H:13])[O:1][H:8])[H:9])[H:10],2.0,2.0
12,0.14157692307692307,AM1BCC,AmberTools,,,H,,13,[H:11][c:5]1[c:4]([c:3]([c:2]([c:7]([c:6]1[H:12])[H:13])[O:1][H:8])[H:9])[H:10],2.0,2.0
0,-0.498479992724382,AM1BCC,OpenEye,,,O,,1,[H:11][c:5]1[c:4]([c:3]([c:2]([c:7]([c:6]1[H:12])[H:13])[O:1][H:8])[H:9])[H:10],2.0,3.0
1,0.12210000249055716,AM1BCC,OpenEye,,,C,,2,[H:11][c:5]1[c:4]([c:3]([c:2]([c:7]([c:6]1[H:12])[H:13])[O:1][H:8])[H:9])[H:10],2.0,3.0
2,-0.18479000089260247,AM1BCC,OpenEye,,,C,,3,[H:11][c:5]1[c:4]([c:3]([c:2]([c:7]([c:6]1[H:12])[H:13])[O:1][H:8])[H:9])[H:10],2.0,3.0
3,-0.09443000016304162,AM1BCC,OpenEye,,,C,,4,[H:11][c:5]1[c:4]([c:3]([c:2]([c:7]([c:6]1[H:12])[H:13])[O:1][H:8])[H:9])[H:10],2.0,3.0
4,-0.1644800013074508,AM1BCC,OpenEye,,,C,,5,[H:11][c:5]1[c:4]([c:3]([c:2]([c:7]([c:6]1[H:12])[H:13])[O:1][H:8])[H:9])[H:10],2.0,3.0
5,-0.09443000016304162,AM1BCC,OpenEye,,,C,,6,[H:11][c:5]1[c:4]([c:3]([c:2]([c:7]([c:6]1[H:12])[H:13])[O:1][H:8])[H:9])[H:10],2.0,3.0
6,-0.18479000089260247,AM1BCC,OpenEye,,,C,,7,[H:11][c:5]1[c:4]([c:3]([c:2]([c:7]([c:6]1[H:12])[H:13])[O:1][H:8])[H:9])[H:10],2.0,3.0
7,0.4184199863901505,AM1BCC,OpenEye,,,H,,8,[H:11][c:5]1[c:4]([c:3]([c:2]([c:7]([c:6]1[H:12])[H:13])[O:1][H:8])[H:9])[H:10],2.0,3.0
8,0.14056000056175086,AM1BCC,OpenEye,,,H,,9,[H:11][c:5]1[c:4]([c:3]([c:2]([c:7]([c:6]1[H:12])[H:13])[O:1][H:8])[H:9])[H:10],2.0,3.0
9,0.1328600043287644,AM1BCC,OpenEye,,,H,,10,[H:11][c:5]1[c:4]([c:3]([c:2]([c:7]([c:6]1[H:12])[H:13])[O:1][H:8])[H:9])[H:10],2.0,3.0
10,0.13403999748138282,AM1BCC,OpenEye,,,H,,11,[H:11][c:5]1[c:4]([c:3]([c:2]([c:7]([c:6]1[H:12])[H:13])[O:1][H:8])[H:9])[H:10],2.0,3.0
11,0.1328600043287644,AM1BCC,OpenEye,,,H,,12,[H:11][c:5]1[c:4]([c:3]([c:2]([c:7]([c:6]1[H:12])[H:13])[O:1][H:8])[H:9])[H:10],2.0,3.0
12,0.14056000056175086,AM1BCC,OpenEye,,,H,,13,[H:11][c:5]1[c:4]([c:3]([c:2]([c:7]([c:6]1[H:12])[H:13])[O:1][H:8])[H:9])[H:10],2.0,3.0
0,-0.4990230769230769,AM1BCC,AmberTools,,,O,,1,[H:11][c:5]1[c:4]([c:3]([c:2]([c:7]([c:6]1[H:12])[H:13])[O:1][H:8])[H:9])[H:10],2.0,3.0
1,0.12317692307692309,AM1BCC,AmberTools,,,C,,2,[H:11][c:5]1[c:4]([c:3]([c:2]([c:7]([c:6]1[H:12])[H:13])[O:1][H:8])[H:9])[H:10],2.0,3.0
2,-0.1849230769230769,AM1BCC,AmberTools,,,C,,3,[H:11][c:5]1[c:4]([c:3]([c:2]([c:7]([c:6]1[H:12])[H:13])[O:1][H:8])[H:9])[H:10],2.0,3.0
3,-0.09442307692307692,AM1BCC,AmberTools,,,C,,4,[H:11][c:5]1[c:4]([c:3]([c:2]([c:7]([c:6]1[H:12])[H:13])[O:1][H:8])[H:9])[H:10],2.0,3.0
4,-0.16592307692307692,AM1BCC,AmberTools,,,C,,5,[H:11][c:5]1[c:4]([c:3]([c:2]([c:7]([c:6]1[H:12])[H:13])[O:1][H:8])[H:9])[H:10],2.0,3.0
5,-0.09442307692307692,AM1BCC,AmberTools,,,C,,6,[H:11][c:5]1[c:4]([c:3]([c:2]([c:7]([c:6]1[H:12])[H:13])[O:1][H:8])[H:9])[H:10],2.0,3.0
6,-0.1849230769230769,AM1BCC,AmberTools,,,C,,7,[H:11][c:5]1[c:4]([c:3]([c:2]([c:7]([c:6]1[H:12])[H:13])[O:1][H:8])[H:9])[H:10],2.0,3.0
7,0.41807692307692307,AM1BCC,AmberTools,,,H,,8,[H:11][c:5]1[c:4]([c:3]([c:2]([c:7]([c:6]1[H:12])[H:13])[O:1][H:8])[H:9])[H:10],2.0,3.0
8,0.14157692307692307,AM1BCC,AmberTools,,,H,,9,[H:11][c:5]1[c:4]([c:3]([c:2]([c:7]([c:6]1[H:12])[H:13])[O:1][H:8])[H:9])[H:10],2.0,3.0
9,0.1330769230769231,AM1BCC,AmberTools,,,H,,10,[H:11][c:5]1[c:4]([c:3]([c:2]([c:7]([c:6]1[H:12])[H:13])[O:1][H:8])[H:9])[H:10],2.0,3.0
10,0.1330769230769231,AM1BCC,AmberTools,,,H,,11,[H:11][c:5]1[c:4]([c:3]([c:2]([c:7]([c:6]1[H:12])[H:13])[O:1][H:8])[H:9])[H:10],2.0,3.0
11,0.1330769230769231,AM1BCC,AmberTools,,,H,,12,[H:11][c:5]1[c:4]([c:3]([c:2]([c:7]([c:6]1[H:12])[H:13])[O:1][H:8])[H:9])[H:10],2.0,3.0
12,0.14157692307692307,AM1BCC,AmberTools,,,H,,13,[H:11][c:5]1[c:4]([c:3]([c:2]([c:7]([c:6]1[H:12])[H:13])[O:1][H:8])[H:9])[H:10],2.0,3.0
0,-0.498479992724382,AM1BCC,OpenEye,,,O,,1,[H:11][c:5]1[c:4]([c:3]([c:2]([c:7]([c:6]1[H:12])[H:13])[O:1][H:8])[H:9])[H:10],2.0,4.0
1,0.12210000249055716,AM1BCC,OpenEye,,,C,,2,[H:11][c:5]1[c:4]([c:3]([c:2]([c:7]([c:6]1[H:12])[H:13])[O:1][H:8])[H:9])[H:10],2.0,4.0
2,-0.18479000089260247,AM1BCC,OpenEye,,,C,,3,[H:11][c:5]1[c:4]([c:3]([c:2]([c:7]([c:6]1[H:12])[H:13])[O:1][H:8])[H:9])[H:10],2.0,4.0
3,-0.09443000016304162,AM1BCC,OpenEye,,,C,,4,[H:11][c:5]1[c:4]([c:3]([c:2]([c:7]([c:6]1[H:12])[H:13])[O:1][H:8])[H:9])[H:10],2.0,4.0
4,-0.1644800013074508,AM1BCC,OpenEye,,,C,,5,[H:11][c:5]1[c:4]([c:3]([c:2]([c:7]([c:6]1[H:12])[H:13])[O:1][H:8])[H:9])[H:10],2.0,4.0
5,-0.09443000016304162,AM1BCC,OpenEye,,,C,,6,[H:11][c:5]1[c:4]([c:3]([c:2]([c:7]([c:6]1[H:12])[H:13])[O:1][H:8])[H:9])[H:10],2.0,4.0
6,-0.18479000089260247,AM1BCC,OpenEye,,,C,,7,[H:11][c:5]1[c:4]([c:3]([c:2]([c:7]([c:6]1[H:12])[H:13])[O:1][H:8])[H:9])[H:10],2.0,4.0
7,0.4184199863901505,AM1BCC,OpenEye,,,H,,8,[H:11][c:5]1[c:4]([c:3]([c:2]([c:7]([c:6]1[H:12])[H:13])[O:1][H:8])[H:9])[H:10],2.0,4.0
8,0.14056000056175086,AM1BCC,OpenEye,,,H,,9,[H:11][c:5]1[c:4]([c:3]([c:2]([c:7]([c:6]1[H:12])[H:13])[O:1][H:8])[H:9])[H:10],2.0,4.0
9,0.1328600043287644,AM1BCC,OpenEye,,,H,,10,[H:11][c:5]1[c:4]([c:3]([c:2]([c:7]([c:6]1[H:12])[H:13])[O:1][H:8])[H:9])[H:10],2.0,4.0
10,0.13403999748138282,AM1BCC,OpenEye,,,H,,11,[H:11][c:5]1[c:4]([c:3]([c:2]([c:7]([c:6]1[H:12])[H:13])[O:1][H:8])[H:9])[H:10],2.0,4.0
11,0.1328600043287644,AM1BCC,OpenEye,,,H,,12,[H:11][c:5]1[c:4]([c:3]([c:2]([c:7]([c:6]1[H:12])[H:13])[O:1][H:8])[H:9])[H:10],2.0,4.0
12,0.14056000056175086,AM1BCC,OpenEye,,,H,,13,[H:11][c:5]1[c:4]([c:3]([c:2]([c:7]([c:6]1[H:12])[H:13])[O:1][H:8])[H:9])[H:10],2.0,4.0
0,-0.4990230769230769,AM1BCC,AmberTools,,,O,,1,[H:11][c:5]1[c:4]([c:3]([c:2]([c:7]([c:6]1[H:12])[H:13])[O:1][H:8])[H:9])[H:10],2.0,4.0
1,0.12317692307692309,AM1BCC,AmberTools,,,C,,2,[H:11][c:5]1[c:4]([c:3]([c:2]([c:7]([c:6]1[H:12])[H:13])[O:1][H:8])[H:9])[H:10],2.0,4.0
2,-0.1849230769230769,AM1BCC,AmberTools,,,C,,3,[H:11][c:5]1[c:4]([c:3]([c:2]([c:7]([c:6]1[H:12])[H:13])[O:1][H:8])[H:9])[H:10],2.0,4.0
3,-0.09442307692307692,AM1BCC,AmberTools,,,C,,4,[H:11][c:5]1[c:4]([c:3]([c:2]([c:7]([c:6]1[H:12])[H:13])[O:1][H:8])[H:9])[H:10],2.0,4.0
4,-0.16592307692307692,AM1BCC,AmberTools,,,C,,5,[H:11][c:5]1[c:4]([c:3]([c:2]([c:7]([c:6]1[H:12])[H:13])[O:1][H:8])[H:9])[H:10],2.0,4.0
5,-0.09442307692307692,AM1BCC,AmberTools,,,C,,6,[H:11][c:5]1[c:4]([c:3]([c:2]([c:7]([c:6]1[H:12])[H:13])[O:1][H:8])[H:9])[H:10],2.0,4.0
6,-0.1849230769230769,AM1BCC,AmberTools,,,C,,7,[H:11][c:5]1[c:4]([c:3]([c:2]([c:7]([c:6]1[H:12])[H:13])[O:1][H:8])[H:9])[H:10],2.0,4.0
7,0.41807692307692307,AM1BCC,AmberTools,,,H,,8,[H:11][c:5]1[c:4]([c:3]([c:2]([c:7]([c:6]1[H:12])[H:13])[O:1][H:8])[H:9])[H:10],2.0,4.0
8,0.14157692307692307,AM1BCC,AmberTools,,,H,,9,[H:11][c:5]1[c:4]([c:3]([c:2]([c:7]([c:6]1[H:12])[H:13])[O:1][H:8])[H:9])[H:10],2.0,4.0
9,0.1330769230769231,AM1BCC,AmberTools,,,H,,10,[H:11][c:5]1[c:4]([c:3]([c:2]([c:7]([c:6]1[H:12])[H:13])[O:1][H:8])[H:9])[H:10],2.0,4.0
10,0.1330769230769231,AM1BCC,AmberTools,,,H,,11,[H:11][c:5]1[c:4]([c:3]([c:2]([c:7]([c:6]1[H:12])[H:13])[O:1][H:8])[H:9])[H:10],2.0,4.0
11,0.1330769230769231,AM1BCC,AmberTools,,,H,,12,[H:11][c:5]1[c:4]([c:3]([c:2]([c:7]([c:6]1[H:12])[H:13])[O:1][H:8])[H:9])[H:10],2.0,4.0
12,0.14157692307692307,AM1BCC,AmberTools,,,H,,13,[H:11][c:5]1[c:4]([c:3]([c:2]([c:7]([c:6]1[H:12])[H:13])[O:1][H:8])[H:9])[H:10],2.0,4.0
0,-0.498479992724382,AM1BCC,OpenEye,,,O,,1,[H:11][c:5]1[c:4]([c:3]([c:2]([c:7]([c:6]1[H:12])[H:13])[O:1][H:8])[H:9])[H:10],2.0,5.0
1,0.12210000249055716,AM1BCC,OpenEye,,,C,,2,[H:11][c:5]1[c:4]([c:3]([c:2]([c:7]([c:6]1[H:12])[H:13])[O:1][H:8])[H:9])[H:10],2.0,5.0
2,-0.18479000089260247,AM1BCC,OpenEye,,,C,,3,[H:11][c:5]1[c:4]([c:3]([c:2]([c:7]([c:6]1[H:12])[H:13])[O:1][H:8])[H:9])[H:10],2.0,5.0
3,-0.09443000016304162,AM1BCC,OpenEye,,,C,,4,[H:11][c:5]1[c:4]([c:3]([c:2]([c:7]([c:6]1[H:12])[H:13])[O:1][H:8])[H:9])[H:10],2.0,5.0
4,-0.1644800013074508,AM1BCC,OpenEye,,,C,,5,[H:11][c:5]1[c:4]([c:3]([c:2]([c:7]([c:6]1[H:12])[H:13])[O:1][H:8])[H:9])[H:10],2.0,5.0
5,-0.09443000016304162,AM1BCC,OpenEye,,,C,,6,[H:11][c:5]1[c:4]([c:3]([c:2]([c:7]([c:6]1[H:12])[H:13])[O:1][H:8])[H:9])[H:10],2.0,5.0
6,-0.18479000089260247,AM1BCC,OpenEye,,,C,,7,[H:11][c:5]1[c:4]([c:3]([c:2]([c:7]([c:6]1[H:12])[H:13])[O:1][H:8])[H:9])[H:10],2.0,5.0
7,0.4184199863901505,AM1BCC,OpenEye,,,H,,8,[H:11][c:5]1[c:4]([c:3]([c:2]([c:7]([c:6]1[H:12])[H:13])[O:1][H:8])[H:9])[H:10],2.0,5.0
8,0.14056000056175086,AM1BCC,OpenEye,,,H,,9,[H:11][c:5]1[c:4]([c:3]([c:2]([c:7]([c:6]1[H:12])[H:13])[O:1][H:8])[H:9])[H:10],2.0,5.0
9,0.1328600043287644,AM1BCC,OpenEye,,,H,,10,[H:11][c:5]1[c:4]([c:3]([c:2]([c:7]([c:6]1[H:12])[H:13])[O:1][H:8])[H:9])[H:10],2.0,5.0
10,0.13403999748138282,AM1BCC,OpenEye,,,H,,11,[H:11][c:5]1[c:4]([c:3]([c:2]([c:7]([c:6]1[H:12])[H:13])[O:1][H:8])[H:9])[H:10],2.0,5.0
11,0.1328600043287644,AM1BCC,OpenEye,,,H,,12,[H:11][c:5]1[c:4]([c:3]([c:2]([c:7]([c:6]1[H:12])[H:13])[O:1][H:8])[H:9])[H:10],2.0,5.0
12,0.14056000056175086,AM1BCC,OpenEye,,,H,,13,[H:11][c:5]1[c:4]([c:3]([c:2]([c:7]([c:6]1[H:12])[H:13])[O:1][H:8])[H:9])[H:10],2.0,5.0
0,-0.4990230769230769,AM1BCC,AmberTools,,,O,,1,[H:11][c:5]1[c:4]([c:3]([c:2]([c:7]([c:6]1[H:12])[H:13])[O:1][H:8])[H:9])[H:10],2.0,5.0
1,0.12317692307692309,AM1BCC,AmberTools,,,C,,2,[H:11][c:5]1[c:4]([c:3]([c:2]([c:7]([c:6]1[H:12])[H:13])[O:1][H:8])[H:9])[H:10],2.0,5.0
2,-0.1849230769230769,AM1BCC,AmberTools,,,C,,3,[H:11][c:5]1[c:4]([c:3]([c:2]([c:7]([c:6]1[H:12])[H:13])[O:1][H:8])[H:9])[H:10],2.0,5.0
3,-0.09442307692307692,AM1BCC,AmberTools,,,C,,4,[H:11][c:5]1[c:4]([c:3]([c:2]([c:7]([c:6]1[H:12])[H:13])[O:1][H:8])[H:9])[H:10],2.0,5.0
4,-0.16592307692307692,AM1BCC,AmberTools,,,C,,5,[H:11][c:5]1[c:4]([c:3]([c:2]([c:7]([c:6]1[H:12])[H:13])[O:1][H:8])[H:9])[H:10],2.0,5.0
5,-0.09442307692307692,AM1BCC,AmberTools,,,C,,6,[H:11][c:5]1[c:4]([c:3]([c:2]([c:7]([c:6]1[H:12])[H:13])[O:1][H:8])[H:9])[H:10],2.0,5.0
6,-0.1849230769230769,AM1BCC,AmberTools,,,C,,7,[H:11][c:5]1[c:4]([c:3]([c:2]([c:7]([c:6]1[H:12])[H:13])[O:1][H:8])[H:9])[H:10],2.0,5.0
7,0.41807692307692307,AM1BCC,AmberTools,,,H,,8,[H:11][c:5]1[c:4]([c:3]([c:2]([c:7]([c:6]1[H:12])[H:13])[O:1][H:8])[H:9])[H:10],2.0,5.0
8,0.14157692307692307,AM1BCC,AmberTools,,,H,,9,[H:11][c:5]1[c:4]([c:3]([c:2]([c:7]([c:6]1[H:12])[H:13])[O:1][H:8])[H:9])[H:10],2.0,5.0
9,0.1330769230769231,AM1BCC,AmberTools,,,H,,10,[H:11][c:5]1[c:4]([c:3]([c:2]([c:7]([c:6]1[H:12])[H:13])[O:1][H:8])[H:9])[H:10],2.0,5.0
10,0.1330769230769231,AM1BCC,AmberTools,,,H,,11,[H:11][c:5]1[c:4]([c:3]([c:2]([c:7]([c:6]1[H:12])[H:13])[O:1][H:8])[H:9])[H:10],2.0,5.0
11,0.1330769230769231,AM1BCC,AmberTools,,,H,,12,[H:11][c:5]1[c:4]([c:3]([c:2]([c:7]([c:6]1[H:12])[H:13])[O:1][H:8])[H:9])[H:10],2.0,5.0
12,0.14157692307692307,AM1BCC,AmberTools,,,H,,13,[H:11][c:5]1[c:4]([c:3]([c:2]([c:7]([c:6]1[H:12])[H:13])[O:1][H:8])[H:9])[H:10],2.0,5.0
0,-0.498479992724382,AM1BCC,OpenEye,,,O,,1,[H:11][c:5]1[c:4]([c:3]([c:2]([c:7]([c:6]1[H:12])[H:13])[O:1][H:8])[H:9])[H:10],2.0,6.0
1,0.12210000249055716,AM1BCC,OpenEye,,,C,,2,[H:11][c:5]1[c:4]([c:3]([c:2]([c:7]([c:6]1[H:12])[H:13])[O:1][H:8])[H:9])[H:10],2.0,6.0
2,-0.18479000089260247,AM1BCC,OpenEye,,,C,,3,[H:11][c:5]1[c:4]([c:3]([c:2]([c:7]([c:6]1[H:12])[H:13])[O:1][H:8])[H:9])[H:10],2.0,6.0
3,-0.09443000016304162,AM1BCC,OpenEye,,,C,,4,[H:11][c:5]1[c:4]([c:3]([c:2]([c:7]([c:6]1[H:12])[H:13])[O:1][H:8])[H:9])[H:10],2.0,6.0
4,-0.1644800013074508,AM1BCC,OpenEye,,,C,,5,[H:11][c:5]1[c:4]([c:3]([c:2]([c:7]([c:6]1[H:12])[H:13])[O:1][H:8])[H:9])[H:10],2.0,6.0
5,-0.09443000016304162,AM1BCC,OpenEye,,,C,,6,[H:11][c:5]1[c:4]([c:3]([c:2]([c:7]([c:6]1[H:12])[H:13])[O:1][H:8])[H:9])[H:10],2.0,6.0
6,-0.18479000089260247,AM1BCC,OpenEye,,,C,,7,[H:11][c:5]1[c:4]([c:3]([c:2]([c:7]([c:6]1[H:12])[H:13])[O:1][H:8])[H:9])[H:10],2.0,6.0
7,0.4184199863901505,AM1BCC,OpenEye,,,H,,8,[H:11][c:5]1[c:4]([c:3]([c:2]([c:7]([c:6]1[H:12])[H:13])[O:1][H:8])[H:9])[H:10],2.0,6.0
8,0.14056000056175086,AM1BCC,OpenEye,,,H,,9,[H:11][c:5]1[c:4]([c:3]([c:2]([c:7]([c:6]1[H:12])[H:13])[O:1][H:8])[H:9])[H:10],2.0,6.0
9,0.1328600043287644,AM1BCC,OpenEye,,,H,,10,[H:11][c:5]1[c:4]([c:3]([c:2]([c:7]([c:6]1[H:12])[H:13])[O:1][H:8])[H:9])[H:10],2.0,6.0
10,0.13403999748138282,AM1BCC,OpenEye,,,H,,11,[H:11][c:5]1[c:4]([c:3]([c:2]([c:7]([c:6]1[H:12])[H:13])[O:1][H:8])[H:9])[H:10],2.0,6.0
11,0.1328600043287644,AM1BCC,OpenEye,,,H,,12,[H:11][c:5]1[c:4]([c:3]([c:2]([c:7]([c:6]1[H:12])[H:13])[O:1][H:8])[H:9])[H:10],2.0,6.0
12,0.14056000056175086,AM1BCC,OpenEye,,,H,,13,[H:11][c:5]1[c:4]([c:3]([c:2]([c:7]([c:6]1[H:12])[H:13])[O:1][H:8])[H:9])[H:10],2.0,6.0
0,-0.4990230769230769,AM1BCC,AmberTools,,,O,,1,[H:11][c:5]1[c:4]([c:3]([c:2]([c:7]([c:6]1[H:12])[H:13])[O:1][H:8])[H:9])[H:10],2.0,6.0
1,0.12317692307692309,AM1BCC,AmberTools,,,C,,2,[H:11][c:5]1[c:4]([c:3]([c:2]([c:7]([c:6]1[H:12])[H:13])[O:1][H:8])[H:9])[H:10],2.0,6.0
2,-0.1849230769230769,AM1BCC,AmberTools,,,C,,3,[H:11][c:5]1[c:4]([c:3]([c:2]([c:7]([c:6]1[H:12])[H:13])[O:1][H:8])[H:9])[H:10],2.0,6.0
3,-0.09442307692307692,AM1BCC,AmberTools,,,C,,4,[H:11][c:5]1[c:4]([c:3]([c:2]([c:7]([c:6]1[H:12])[H:13])[O:1][H:8])[H:9])[H:10],2.0,6.0
4,-0.16592307692307692,AM1BCC,AmberTools,,,C,,5,[H:11][c:5]1[c:4]([c:3]([c:2]([c:7]([c:6]1[H:12])[H:13])[O:1][H:8])[H:9])[H:10],2.0,6.0
5,-0.09442307692307692,AM1BCC,AmberTools,,,C,,6,[H:11][c:5]1[c:4]([c:3]([c:2]([c:7]([c:6]1[H:12])[H:13])[O:1][H:8])[H:9])[H:10],2.0,6.0
6,-0.1849230769230769,AM1BCC,AmberTools,,,C,,7,[H:11][c:5]1[c:4]([c:3]([c:2]([c:7]([c:6]1[H:12])[H:13])[O:1][H:8])[H:9])[H:10],2.0,6.0
7,0.41807692307692307,AM1BCC,AmberTools,,,H,,8,[H:11][c:5]1[c:4]([c:3]([c:2]([c:7]([c:6]1[H:12])[H:13])[O:1][H:8])[H:9])[H:10],2.0,6.0
8,0.14157692307692307,AM1BCC,AmberTools,,,H,,9,[H:11][c:5]1[c:4]([c:3]([c:2]([c:7]([c:6]1[H:12])[H:13])[O:1][H:8])[H:9])[H:10],2.0,6.0
9,0.1330769230769231,AM1BCC,AmberTools,,,H,,10,[H:11][c:5]1[c:4]([c:3]([c:2]([c:7]([c:6]1[H:12])[H:13])[O:1][H:8])[H:9])[H:10],2.0,6.0
10,0.1330769230769231,AM1BCC,AmberTools,,,H,,11,[H:11][c:5]1[c:4]([c:3]([c:2]([c:7]([c:6]1[H:12])[H:13])[O:1][H:8])[H:9])[H:10],2.0,6.0
11,0.1330769230769231,AM1BCC,AmberTools,,,H,,12,[H:11][c:5]1[c:4]([c:3]([c:2]([c:7]([c:6]1[H:12])[H:13])[O:1][H:8])[H:9])[H:10],2.0,6.0
12,0.14157692307692307,AM1BCC,AmberTools,,,H,,13,[H:11][c:5]1[c:4]([c:3]([c:2]([c:7]([c:6]1[H:12])[H:13])[O:1][H:8])[H:9])[H:10],2.0,6.0
0,-0.498479992724382,AM1BCC,OpenEye,,,O,,1,[H:11][c:5]1[c:4]([c:3]([c:2]([c:7]([c:6]1[H:12])[H:13])[O:1][H:8])[H:9])[H:10],2.0,7.0
1,0.12210000249055716,AM1BCC,OpenEye,,,C,,2,[H:11][c:5]1[c:4]([c:3]([c:2]([c:7]([c:6]1[H:12])[H:13])[O:1][H:8])[H:9])[H:10],2.0,7.0
2,-0.18479000089260247,AM1BCC,OpenEye,,,C,,3,[H:11][c:5]1[c:4]([c:3]([c:2]([c:7]([c:6]1[H:12])[H:13])[O:1][H:8])[H:9])[H:10],2.0,7.0
3,-0.09443000016304162,AM1BCC,OpenEye,,,C,,4,[H:11][c:5]1[c:4]([c:3]([c:2]([c:7]([c:6]1[H:12])[H:13])[O:1][H:8])[H:9])[H:10],2.0,7.0
4,-0.1644800013074508,AM1BCC,OpenEye,,,C,,5,[H:11][c:5]1[c:4]([c:3]([c:2]([c:7]([c:6]1[H:12])[H:13])[O:1][H:8])[H:9])[H:10],2.0,7.0
5,-0.09443000016304162,AM1BCC,OpenEye,,,C,,6,[H:11][c:5]1[c:4]([c:3]([c:2]([c:7]([c:6]1[H:12])[H:13])[O:1][H:8])[H:9])[H:10],2.0,7.0
6,-0.18479000089260247,AM1BCC,OpenEye,,,C,,7,[H:11][c:5]1[c:4]([c:3]([c:2]([c:7]([c:6]1[H:12])[H:13])[O:1][H:8])[H:9])[H:10],2.0,7.0
7,0.4184199863901505,AM1BCC,OpenEye,,,H,,8,[H:11][c:5]1[c:4]([c:3]([c:2]([c:7]([c:6]1[H:12])[H:13])[O:1][H:8])[H:9])[H:10],2.0,7.0
8,0.14056000056175086,AM1BCC,OpenEye,,,H,,9,[H:11][c:5]1[c:4]([c:3]([c:2]([c:7]([c:6]1[H:12])[H:13])[O:1][H:8])[H:9])[H:10],2.0,7.0
9,0.1328600043287644,AM1BCC,OpenEye,,,H,,10,[H:11][c:5]1[c:4]([c:3]([c:2]([c:7]([c:6]1[H:12])[H:13])[O:1][H:8])[H:9])[H:10],2.0,7.0
10,0.13403999748138282,AM1BCC,OpenEye,,,H,,11,[H:11][c:5]1[c:4]([c:3]([c:2]([c:7]([c:6]1[H:12])[H:13])[O:1][H:8])[H:9])[H:10],2.0,7.0
11,0.1328600043287644,AM1BCC,OpenEye,,,H,,12,[H:11][c:5]1[c:4]([c:3]([c:2]([c:7]([c:6]1[H:12])[H:13])[O:1][H:8])[H:9])[H:10],2.0,7.0
12,0.14056000056175086,AM1BCC,OpenEye,,,H,,13,[H:11][c:5]1[c:4]([c:3]([c:2]([c:7]([c:6]1[H:12])[H:13])[O:1][H:8])[H:9])[H:10],2.0,7.0
0,-0.4990230769230769,AM1BCC,AmberTools,,,O,,1,[H:11][c:5]1[c:4]([c:3]([c:2]([c:7]([c:6]1[H:12])[H:13])[O:1][H:8])[H:9])[H:10],2.0,7.0
1,0.12317692307692309,AM1BCC,AmberTools,,,C,,2,[H:11][c:5]1[c:4]([c:3]([c:2]([c:7]([c:6]1[H:12])[H:13])[O:1][H:8])[H:9])[H:10],2.0,7.0
2,-0.1849230769230769,AM1BCC,AmberTools,,,C,,3,[H:11][c:5]1[c:4]([c:3]([c:2]([c:7]([c:6]1[H:12])[H:13])[O:1][H:8])[H:9])[H:10],2.0,7.0
3,-0.09442307692307692,AM1BCC,AmberTools,,,C,,4,[H:11][c:5]1[c:4]([c:3]([c:2]([c:7]([c:6]1[H:12])[H:13])[O:1][H:8])[H:9])[H:10],2.0,7.0
4,-0.16592307692307692,AM1BCC,AmberTools,,,C,,5,[H:11][c:5]1[c:4]([c:3]([c:2]([c:7]([c:6]1[H:12])[H:13])[O:1][H:8])[H:9])[H:10],2.0,7.0
5,-0.09442307692307692,AM1BCC,AmberTools,,,C,,6,[H:11][c:5]1[c:4]([c:3]([c:2]([c:7]([c:6]1[H:12])[H:13])[O:1][H:8])[H:9])[H:10],2.0,7.0
6,-0.1849230769230769,AM1BCC,AmberTools,,,C,,7,[H:11][c:5]1[c:4]([c:3]([c:2]([c:7]([c:6]1[H:12])[H:13])[O:1][H:8])[H:9])[H:10],2.0,7.0
7,0.41807692307692307,AM1BCC,AmberTools,,,H,,8,[H:11][c:5]1[c:4]([c:3]([c:2]([c:7]([c:6]1[H:12])[H:13])[O:1][H:8])[H:9])[H:10],2.0,7.0
8,0.14157692307692307,AM1BCC,AmberTools,,,H,,9,[H:11][c:5]1[c:4]([c:3]([c:2]([c:7]([c:6]1[H:12])[H:13])[O:1][H:8])[H:9])[H:10],2.0,7.0
9,0.1330769230769231,AM1BCC,AmberTools,,,H,,10,[H:11][c:5]1[c:4]([c:3]([c:2]([c:7]([c:6]1[H:12])[H:13])[O:1][H:8])[H:9])[H:10],2.0,7.0
10,0.1330769230769231,AM1BCC,AmberTools,,,H,,11,[H:11][c:5]1[c:4]([c:3]([c:2]([c:7]([c:6]1[H:12])[H:13])[O:1][H:8])[H:9])[H:10],2.0,7.0
11,0.1330769230769231,AM1BCC,AmberTools,,,H,,12,[H:11][c:5]1[c:4]([c:3]([c:2]([c:7]([c:6]1[H:12])[H:13])[O:1][H:8])[H:9])[H:10],2.0,7.0
12,0.14157692307692307,AM1BCC,AmberTools,,,H,,13,[H:11][c:5]1[c:4]([c:3]([c:2]([c:7]([c:6]1[H:12])[H:13])[O:1][H:8])[H:9])[H:10],2.0,7.0
0,-0.498479992724382,AM1BCC,OpenEye,,,O,,1,[H:11][c:5]1[c:4]([c:3]([c:2]([c:7]([c:6]1[H:12])[H:13])[O:1][H:8])[H:9])[H:10],2.0,8.0
1,0.12210000249055716,AM1BCC,OpenEye,,,C,,2,[H:11][c:5]1[c:4]([c:3]([c:2]([c:7]([c:6]1[H:12])[H:13])[O:1][H:8])[H:9])[H:10],2.0,8.0
2,-0.18479000089260247,AM1BCC,OpenEye,,,C,,3,[H:11][c:5]1[c:4]([c:3]([c:2]([c:7]([c:6]1[H:12])[H:13])[O:1][H:8])[H:9])[H:10],2.0,8.0
3,-0.09443000016304162,AM1BCC,OpenEye,,,C,,4,[H:11][c:5]1[c:4]([c:3]([c:2]([c:7]([c:6]1[H:12])[H:13])[O:1][H:8])[H:9])[H:10],2.0,8.0
4,-0.1644800013074508,AM1BCC,OpenEye,,,C,,5,[H:11][c:5]1[c:4]([c:3]([c:2]([c:7]([c:6]1[H:12])[H:13])[O:1][H:8])[H:9])[H:10],2.0,8.0
5,-0.09443000016304162,AM1BCC,OpenEye,,,C,,6,[H:11][c:5]1[c:4]([c:3]([c:2]([c:7]([c:6]1[H:12])[H:13])[O:1][H:8])[H:9])[H:10],2.0,8.0
6,-0.18479000089260247,AM1BCC,OpenEye,,,C,,7,[H:11][c:5]1[c:4]([c:3]([c:2]([c:7]([c:6]1[H:12])[H:13])[O:1][H:8])[H:9])[H:10],2.0,8.0
7,0.4184199863901505,AM1BCC,OpenEye,,,H,,8,[H:11][c:5]1[c:4]([c:3]([c:2]([c:7]([c:6]1[H:12])[H:13])[O:1][H:8])[H:9])[H:10],2.0,8.0
8,0.14056000056175086,AM1BCC,OpenEye,,,H,,9,[H:11][c:5]1[c:4]([c:3]([c:2]([c:7]([c:6]1[H:12])[H:13])[O:1][H:8])[H:9])[H:10],2.0,8.0
9,0.1328600043287644,AM1BCC,OpenEye,,,H,,10,[H:11][c:5]1[c:4]([c:3]([c:2]([c:7]([c:6]1[H:12])[H:13])[O:1][H:8])[H:9])[H:10],2.0,8.0
10,0.13403999748138282,AM1BCC,OpenEye,,,H,,11,[H:11][c:5]1[c:4]([c:3]([c:2]([c:7]([c:6]1[H:12])[H:13])[O:1][H:8])[H:9])[H:10],2.0,8.0
11,0.1328600043287644,AM1BCC,OpenEye,,,H,,12,[H:11][c:5]1[c:4]([c:3]([c:2]([c:7]([c:6]1[H:12])[H:13])[O:1][H:8])[H:9])[H:10],2.0,8.0
12,0.14056000056175086,AM1BCC,OpenEye,,,H,,13,[H:11][c:5]1[c:4]([c:3]([c:2]([c:7]([c:6]1[H:12])[H:13])[O:1][H:8])[H:9])[H:10],2.0,8.0
0,-0.4990230769230769,AM1BCC,AmberTools,,,O,,1,[H:11][c:5]1[c:4]([c:3]([c:2]([c:7]([c:6]1[H:12])[H:13])[O:1][H:8])[H:9])[H:10],2.0,8.0
1,0.12317692307692309,AM1BCC,AmberTools,,,C,,2,[H:11][c:5]1[c:4]([c:3]([c:2]([c:7]([c:6]1[H:12])[H:13])[O:1][H:8])[H:9])[H:10],2.0,8.0
2,-0.1849230769230769,AM1BCC,AmberTools,,,C,,3,[H:11][c:5]1[c:4]([c:3]([c:2]([c:7]([c:6]1[H:12])[H:13])[O:1][H:8])[H:9])[H:10],2.0,8.0
3,-0.09442307692307692,AM1BCC,AmberTools,,,C,,4,[H:11][c:5]1[c:4]([c:3]([c:2]([c:7]([c:6]1[H:12])[H:13])[O:1][H:8])[H:9])[H:10],2.0,8.0
4,-0.16592307692307692,AM1BCC,AmberTools,,,C,,5,[H:11][c:5]1[c:4]([c:3]([c:2]([c:7]([c:6]1[H:12])[H:13])[O:1][H:8])[H:9])[H:10],2.0,8.0
5,-0.09442307692307692,AM1BCC,AmberTools,,,C,,6,[H:11][c:5]1[c:4]([c:3]([c:2]([c:7]([c:6]1[H:12])[H:13])[O:1][H:8])[H:9])[H:10],2.0,8.0
6,-0.1849230769230769,AM1BCC,AmberTools,,,C,,7,[H:11][c:5]1[c:4]([c:3]([c:2]([c:7]([c:6]1[H:12])[H:13])[O:1][H:8])[H:9])[H:10],2.0,8.0
7,0.41807692307692307,AM1BCC,AmberTools,,,H,,8,[H:11][c:5]1[c:4]([c:3]([c:2]([c:7]([c:6]1[H:12])[H:13])[O:1][H:8])[H:9])[H:10],2.0,8.0
8,0.14157692307692307,AM1BCC,AmberTools,,,H,,9,[H:11][c:5]1[c:4]([c:3]([c:2]([c:7]([c:6]1[H:12])[H:13])[O:1][H:8])[H:9])[H:10],2.0,8.0
9,0.1330769230769231,AM1BCC,AmberTools,,,H,,10,[H:11][c:5]1[c:4]([c:3]([c:2]([c:7]([c:6]1[H:12])[H:13])[O:1][H:8])[H:9])[H:10],2.0,8.0
10,0.1330769230769231,AM1BCC,AmberTools,,,H,,11,[H:11][c:5]1[c:4]([c:3]([c:2]([c:7]([c:6]1[H:12])[H:13])[O:1][H:8])[H:9])[H:10],2.0,8.0
11,0.1330769230769231,AM1BCC,AmberTools,,,H,,12,[H:11][c:5]1[c:4]([c:3]([c:2]([c:7]([c:6]1[H:12])[H:13])[O:1][H:8])[H:9])[H:10],2.0,8.0
12,0.14157692307692307,AM1BCC,AmberTools,,,H,,13,[H:11][c:5]1[c:4]([c:3]([c:2]([c:7]([c:6]1[H:12])[H:13])[O:1][H:8])[H:9])[H:10],2.0,8.0
0,-0.498479992724382,AM1BCC,OpenEye,,,O,,1,[H:11][c:5]1[c:4]([c:3]([c:2]([c:7]([c:6]1[H:12])[H:13])[O:1][H:8])[H:9])[H:10],2.0,9.0
1,0.12210000249055716,AM1BCC,OpenEye,,,C,,2,[H:11][c:5]1[c:4]([c:3]([c:2]([c:7]([c:6]1[H:12])[H:13])[O:1][H:8])[H:9])[H:10],2.0,9.0
2,-0.18479000089260247,AM1BCC,OpenEye,,,C,,3,[H:11][c:5]1[c:4]([c:3]([c:2]([c:7]([c:6]1[H:12])[H:13])[O:1][H:8])[H:9])[H:10],2.0,9.0
3,-0.09443000016304162,AM1BCC,OpenEye,,,C,,4,[H:11][c:5]1[c:4]([c:3]([c:2]([c:7]([c:6]1[H:12])[H:13])[O:1][H:8])[H:9])[H:10],2.0,9.0
4,-0.1644800013074508,AM1BCC,OpenEye,,,C,,5,[H:11][c:5]1[c:4]([c:3]([c:2]([c:7]([c:6]1[H:12])[H:13])[O:1][H:8])[H:9])[H:10],2.0,9.0
5,-0.09443000016304162,AM1BCC,OpenEye,,,C,,6,[H:11][c:5]1[c:4]([c:3]([c:2]([c:7]([c:6]1[H:12])[H:13])[O:1][H:8])[H:9])[H:10],2.0,9.0
6,-0.18479000089260247,AM1BCC,OpenEye,,,C,,7,[H:11][c:5]1[c:4]([c:3]([c:2]([c:7]([c:6]1[H:12])[H:13])[O:1][H:8])[H:9])[H:10],2.0,9.0
7,0.4184199863901505,AM1BCC,OpenEye,,,H,,8,[H:11][c:5]1[c:4]([c:3]([c:2]([c:7]([c:6]1[H:12])[H:13])[O:1][H:8])[H:9])[H:10],2.0,9.0
8,0.14056000056175086,AM1BCC,OpenEye,,,H,,9,[H:11][c:5]1[c:4]([c:3]([c:2]([c:7]([c:6]1[H:12])[H:13])[O:1][H:8])[H:9])[H:10],2.0,9.0
9,0.1328600043287644,AM1BCC,OpenEye,,,H,,10,[H:11][c:5]1[c:4]([c:3]([c:2]([c:7]([c:6]1[H:12])[H:13])[O:1][H:8])[H:9])[H:10],2.0,9.0
10,0.13403999748138282,AM1BCC,OpenEye,,,H,,11,[H:11][c:5]1[c:4]([c:3]([c:2]([c:7]([c:6]1[H:12])[H:13])[O:1][H:8])[H:9])[H:10],2.0,9.0
11,0.1328600043287644,AM1BCC,OpenEye,,,H,,12,[H:11][c:5]1[c:4]([c:3]([c:2]([c:7]([c:6]1[H:12])[H:13])[O:1][H:8])[H:9])[H:10],2.0,9.0
12,0.14056000056175086,AM1BCC,OpenEye,,,H,,13,[H:11][c:5]1[c:4]([c:3]([c:2]([c:7]([c:6]1[H:12])[H:13])[O:1][H:8])[H:9])[H:10],2.0,9.0
0,-0.4990230769230769,AM1BCC,AmberTools,,,O,,1,[H:11][c:5]1[c:4]([c:3]([c:2]([c:7]([c:6]1[H:12])[H:13])[O:1][H:8])[H:9])[H:10],2.0,9.0
1,0.12317692307692309,AM1BCC,AmberTools,,,C,,2,[H:11][c:5]1[c:4]([c:3]([c:2]([c:7]([c:6]1[H:12])[H:13])[O:1][H:8])[H:9])[H:10],2.0,9.0
2,-0.1849230769230769,AM1BCC,AmberTools,,,C,,3,[H:11][c:5]1[c:4]([c:3]([c:2]([c:7]([c:6]1[H:12])[H:13])[O:1][H:8])[H:9])[H:10],2.0,9.0
3,-0.09442307692307692,AM1BCC,AmberTools,,,C,,4,[H:11][c:5]1[c:4]([c:3]([c:2]([c:7]([c:6]1[H:12])[H:13])[O:1][H:8])[H:9])[H:10],2.0,9.0
4,-0.16592307692307692,AM1BCC,AmberTools,,,C,,5,[H:11][c:5]1[c:4]([c:3]([c:2]([c:7]([c:6]1[H:12])[H:13])[O:1][H:8])[H:9])[H:10],2.0,9.0
5,-0.09442307692307692,AM1BCC,AmberTools,,,C,,6,[H:11][c:5]1[c:4]([c:3]([c:2]([c:7]([c:6]1[H:12])[H:13])[O:1][H:8])[H:9])[H:10],2.0,9.0
6,-0.1849230769230769,AM1BCC,AmberTools,,,C,,7,[H:11][c:5]1[c:4]([c:3]([c:2]([c:7]([c:6]1[H:12])[H:13])[O:1][H:8])[H:9])[H:10],2.0,9.0
7,0.41807692307692307,AM1BCC,AmberTools,,,H,,8,[H:11][c:5]1[c:4]([c:3]([c:2]([c:7]([c:6]1[H:12])[H:13])[O:1][H:8])[H:9])[H:10],2.0,9.0
8,0.14157692307692307,AM1BCC,AmberTools,,,H,,9,[H:11][c:5]1[c:4]([c:3]([c:2]([c:7]([c:6]1[H:12])[H:13])[O:1][H:8])[H:9])[H:10],2.0,9.0
9,0.1330769230769231,AM1BCC,AmberTools,,,H,,10,[H:11][c:5]1[c:4]([c:3]([c:2]([c:7]([c:6]1[H:12])[H:13])[O:1][H:8])[H:9])[H:10],2.0,9.0
10,0.1330769230769231,AM1BCC,AmberTools,,,H,,11,[H:11][c:5]1[c:4]([c:3]([c:2]([c:7]([c:6]1[H:12])[H:13])[O:1][H:8])[H:9])[H:10],2.0,9.0
11,0.1330769230769231,AM1BCC,AmberTools,,,H,,12,[H:11][c:5]1[c:4]([c:3]([c:2]([c:7]([c:6]1[H:12])[H:13])[O:1][H:8])[H:9])[H:10],2.0,9.0
12,0.14157692307692307,AM1BCC,AmberTools,,,H,,13,[H:11][c:5]1[c:4]([c:3]([c:2]([c:7]([c:6]1[H:12])[H:13])[O:1][H:8])[H:9])[H:10],2.0,9.0
0,-0.498479992724382,AM1BCC,OpenEye,,,O,,1,[H:11][c:5]1[c:4]([c:3]([c:2]([c:7]([c:6]1[H:12])[H:13])[O:1][H:8])[H:9])[H:10],2.0,10.0
1,0.12210000249055716,AM1BCC,OpenEye,,,C,,2,[H:11][c:5]1[c:4]([c:3]([c:2]([c:7]([c:6]1[H:12])[H:13])[O:1][H:8])[H:9])[H:10],2.0,10.0
2,-0.18479000089260247,AM1BCC,OpenEye,,,C,,3,[H:11][c:5]1[c:4]([c:3]([c:2]([c:7]([c:6]1[H:12])[H:13])[O:1][H:8])[H:9])[H:10],2.0,10.0
3,-0.09443000016304162,AM1BCC,OpenEye,,,C,,4,[H:11][c:5]1[c:4]([c:3]([c:2]([c:7]([c:6]1[H:12])[H:13])[O:1][H:8])[H:9])[H:10],2.0,10.0
4,-0.1644800013074508,AM1BCC,OpenEye,,,C,,5,[H:11][c:5]1[c:4]([c:3]([c:2]([c:7]([c:6]1[H:12])[H:13])[O:1][H:8])[H:9])[H:10],2.0,10.0
5,-0.09443000016304162,AM1BCC,OpenEye,,,C,,6,[H:11][c:5]1[c:4]([c:3]([c:2]([c:7]([c:6]1[H:12])[H:13])[O:1][H:8])[H:9])[H:10],2.0,10.0
6,-0.18479000089260247,AM1BCC,OpenEye,,,C,,7,[H:11][c:5]1[c:4]([c:3]([c:2]([c:7]([c:6]1[H:12])[H:13])[O:1][H:8])[H:9])[H:10],2.0,10.0
7,0.4184199863901505,AM1BCC,OpenEye,,,H,,8,[H:11][c:5]1[c:4]([c:3]([c:2]([c:7]([c:6]1[H:12])[H:13])[O:1][H:8])[H:9])[H:10],2.0,10.0
8,0.14056000056175086,AM1BCC,OpenEye,,,H,,9,[H:11][c:5]1[c:4]([c:3]([c:2]([c:7]([c:6]1[H:12])[H:13])[O:1][H:8])[H:9])[H:10],2.0,10.0
9,0.1328600043287644,AM1BCC,OpenEye,,,H,,10,[H:11][c:5]1[c:4]([c:3]([c:2]([c:7]([c:6]1[H:12])[H:13])[O:1][H:8])[H:9])[H:10],2.0,10.0
10,0.13403999748138282,AM1BCC,OpenEye,,,H,,11,[H:11][c:5]1[c:4]([c:3]([c:2]([c:7]([c:6]1[H:12])[H:13])[O:1][H:8])[H:9])[H:10],2.0,10.0
11,0.1328600043287644,AM1BCC,OpenEye,,,H,,12,[H:11][c:5]1[c:4]([c:3]([c:2]([c:7]([c:6]1[H:12])[H:13])[O:1][H:8])[H:9])[H:10],2.0,10.0
12,0.14056000056175086,AM1BCC,OpenEye,,,H,,13,[H:11][c:5]1[c:4]([c:3]([c:2]([c:7]([c:6]1[H:12])[H:13])[O:1][H:8])[H:9])[H:10],2.0,10.0
0,-0.4990230769230769,AM1BCC,AmberTools,,,O,,1,[H:11][c:5]1[c:4]([c:3]([c:2]([c:7]([c:6]1[H:12])[H:13])[O:1][H:8])[H:9])[H:10],2.0,10.0
1,0.12317692307692309,AM1BCC,AmberTools,,,C,,2,[H:11][c:5]1[c:4]([c:3]([c:2]([c:7]([c:6]1[H:12])[H:13])[O:1][H:8])[H:9])[H:10],2.0,10.0
2,-0.1849230769230769,AM1BCC,AmberTools,,,C,,3,[H:11][c:5]1[c:4]([c:3]([c:2]([c:7]([c:6]1[H:12])[H:13])[O:1][H:8])[H:9])[H:10],2.0,10.0
3,-0.09442307692307692,AM1BCC,AmberTools,,,C,,4,[H:11][c:5]1[c:4]([c:3]([c:2]([c:7]([c:6]1[H:12])[H:13])[O:1][H:8])[H:9])[H:10],2.0,10.0
4,-0.16592307692307692,AM1BCC,AmberTools,,,C,,5,[H:11][c:5]1[c:4]([c:3]([c:2]([c:7]([c:6]1[H:12])[H:13])[O:1][H:8])[H:9])[H:10],2.0,10.0
5,-0.09442307692307692,AM1BCC,AmberTools,,,C,,6,[H:11][c:5]1[c:4]([c:3]([c:2]([c:7]([c:6]1[H:12])[H:13])[O:1][H:8])[H:9])[H:10],2.0,10.0
6,-0.1849230769230769,AM1BCC,AmberTools,,,C,,7,[H:11][c:5]1[c:4]([c:3]([c:2]([c:7]([c:6]1[H:12])[H:13])[O:1][H:8])[H:9])[H:10],2.0,10.0
7,0.41807692307692307,AM1BCC,AmberTools,,,H,,8,[H:11][c:5]1[c:4]([c:3]([c:2]([c:7]([c:6]1[H:12])[H:13])[O:1][H:8])[H:9])[H:10],2.0,10.0
8,0.14157692307692307,AM1BCC,AmberTools,,,H,,9,[H:11][c:5]1[c:4]([c:3]([c:2]([c:7]([c:6]1[H:12])[H:13])[O:1][H:8])[H:9])[H:10],2.0,10.0
9,0.1330769230769231,AM1BCC,AmberTools,,,H,,10,[H:11][c:5]1[c:4]([c:3]([c:2]([c:7]([c:6]1[H:12])[H:13])[O:1][H:8])[H:9])[H:10],2.0,10.0
10,0.1330769230769231,AM1BCC,AmberTools,,,H,,11,[H:11][c:5]1[c:4]([c:3]([c:2]([c:7]([c:6]1[H:12])[H:13])[O:1][H:8])[H:9])[H:10],2.0,10.0
11,0.1330769230769231,AM1BCC,AmberTools,,,H,,12,[H:11][c:5]1[c:4]([c:3]([c:2]([c:7]([c:6]1[H:12])[H:13])[O:1][H:8])[H:9])[H:10],2.0,10.0
12,0.14157692307692307,AM1BCC,AmberTools,,,H,,13,[H:11][c:5]1[c:4]([c:3]([c:2]([c:7]([c:6]1[H:12])[H:13])[O:1][H:8])[H:9])[H:10],2.0,10.0
0,-0.498479992724382,AM1BCC,OpenEye,,,O,,1,[H:11][c:5]1[c:4]([c:3]([c:2]([c:7]([c:6]1[H:12])[H:13])[O:1][H:8])[H:9])[H:10],2.0,11.0
1,0.12210000249055716,AM1BCC,OpenEye,,,C,,2,[H:11][c:5]1[c:4]([c:3]([c:2]([c:7]([c:6]1[H:12])[H:13])[O:1][H:8])[H:9])[H:10],2.0,11.0
2,-0.18479000089260247,AM1BCC,OpenEye,,,C,,3,[H:11][c:5]1[c:4]([c:3]([c:2]([c:7]([c:6]1[H:12])[H:13])[O:1][H:8])[H:9])[H:10],2.0,11.0
3,-0.09443000016304162,AM1BCC,OpenEye,,,C,,4,[H:11][c:5]1[c:4]([c:3]([c:2]([c:7]([c:6]1[H:12])[H:13])[O:1][H:8])[H:9])[H:10],2.0,11.0
4,-0.1644800013074508,AM1BCC,OpenEye,,,C,,5,[H:11][c:5]1[c:4]([c:3]([c:2]([c:7]([c:6]1[H:12])[H:13])[O:1][H:8])[H:9])[H:10],2.0,11.0
5,-0.09443000016304162,AM1BCC,OpenEye,,,C,,6,[H:11][c:5]1[c:4]([c:3]([c:2]([c:7]([c:6]1[H:12])[H:13])[O:1][H:8])[H:9])[H:10],2.0,11.0
6,-0.18479000089260247,AM1BCC,OpenEye,,,C,,7,[H:11][c:5]1[c:4]([c:3]([c:2]([c:7]([c:6]1[H:12])[H:13])[O:1][H:8])[H:9])[H:10],2.0,11.0
7,0.4184199863901505,AM1BCC,OpenEye,,,H,,8,[H:11][c:5]1[c:4]([c:3]([c:2]([c:7]([c:6]1[H:12])[H:13])[O:1][H:8])[H:9])[H:10],2.0,11.0
8,0.14056000056175086,AM1BCC,OpenEye,,,H,,9,[H:11][c:5]1[c:4]([c:3]([c:2]([c:7]([c:6]1[H:12])[H:13])[O:1][H:8])[H:9])[H:10],2.0,11.0
9,0.1328600043287644,AM1BCC,OpenEye,,,H,,10,[H:11][c:5]1[c:4]([c:3]([c:2]([c:7]([c:6]1[H:12])[H:13])[O:1][H:8])[H:9])[H:10],2.0,11.0
10,0.13403999748138282,AM1BCC,OpenEye,,,H,,11,[H:11][c:5]1[c:4]([c:3]([c:2]([c:7]([c:6]1[H:12])[H:13])[O:1][H:8])[H:9])[H:10],2.0,11.0
11,0.1328600043287644,AM1BCC,OpenEye,,,H,,12,[H:11][c:5]1[c:4]([c:3]([c:2]([c:7]([c:6]1[H:12])[H:13])[O:1][H:8])[H:9])[H:10],2.0,11.0
12,0.14056000056175086,AM1BCC,OpenEye,,,H,,13,[H:11][c:5]1[c:4]([c:3]([c:2]([c:7]([c:6]1[H:12])[H:13])[O:1][H:8])[H:9])[H:10],2.0,11.0
0,-0.4990230769230769,AM1BCC,AmberTools,,,O,,1,[H:11][c:5]1[c:4]([c:3]([c:2]([c:7]([c:6]1[H:12])[H:13])[O:1][H:8])[H:9])[H:10],2.0,11.0
1,0.12317692307692309,AM1BCC,AmberTools,,,C,,2,[H:11][c:5]1[c:4]([c:3]([c:2]([c:7]([c:6]1[H:12])[H:13])[O:1][H:8])[H:9])[H:10],2.0,11.0
2,-0.1849230769230769,AM1BCC,AmberTools,,,C,,3,[H:11][c:5]1[c:4]([c:3]([c:2]([c:7]([c:6]1[H:12])[H:13])[O:1][H:8])[H:9])[H:10],2.0,11.0
3,-0.09442307692307692,AM1BCC,AmberTools,,,C,,4,[H:11][c:5]1[c:4]([c:3]([c:2]([c:7]([c:6]1[H:12])[H:13])[O:1][H:8])[H:9])[H:10],2.0,11.0
4,-0.16592307692307692,AM1BCC,AmberTools,,,C,,5,[H:11][c:5]1[c:4]([c:3]([c:2]([c:7]([c:6]1[H:12])[H:13])[O:1][H:8])[H:9])[H:10],2.0,11.0
5,-0.09442307692307692,AM1BCC,AmberTools,,,C,,6,[H:11][c:5]1[c:4]([c:3]([c:2]([c:7]([c:6]1[H:12])[H:13])[O:1][H:8])[H:9])[H:10],2.0,11.0
6,-0.1849230769230769,AM1BCC,AmberTools,,,C,,7,[H:11][c:5]1[c:4]([c:3]([c:2]([c:7]([c:6]1[H:12])[H:13])[O:1][H:8])[H:9])[H:10],2.0,11.0
7,0.41807692307692307,AM1BCC,AmberTools,,,H,,8,[H:11][c:5]1[c:4]([c:3]([c:2]([c:7]([c:6]1[H:12])[H:13])[O:1][H:8])[H:9])[H:10],2.0,11.0
8,0.14157692307692307,AM1BCC,AmberTools,,,H,,9,[H:11][c:5]1[c:4]([c:3]([c:2]([c:7]([c:6]1[H:12])[H:13])[O:1][H:8])[H:9])[H:10],2.0,11.0
9,0.1330769230769231,AM1BCC,AmberTools,,,H,,10,[H:11][c:5]1[c:4]([c:3]([c:2]([c:7]([c:6]1[H:12])[H:13])[O:1][H:8])[H:9])[H:10],2.0,11.0
10,0.1330769230769231,AM1BCC,AmberTools,,,H,,11,[H:11][c:5]1[c:4]([c:3]([c:2]([c:7]([c:6]1[H:12])[H:13])[O:1][H:8])[H:9])[H:10],2.0,11.0
11,0.1330769230769231,AM1BCC,AmberTools,,,H,,12,[H:11][c:5]1[c:4]([c:3]([c:2]([c:7]([c:6]1[H:12])[H:13])[O:1][H:8])[H:9])[H:10],2.0,11.0
12,0.14157692307692307,AM1BCC,AmberTools,,,H,,13,[H:11][c:5]1[c:4]([c:3]([c:2]([c:7]([c:6]1[H:12])[H:13])[O:1][H:8])[H:9])[H:10],2.0,11.0
0,-0.498479992724382,AM1BCC,OpenEye,,,O,,1,[H:11][c:5]1[c:4]([c:3]([c:2]([c:7]([c:6]1[H:12])[H:13])[O:1][H:8])[H:9])[H:10],2.0,12.0
1,0.12210000249055716,AM1BCC,OpenEye,,,C,,2,[H:11][c:5]1[c:4]([c:3]([c:2]([c:7]([c:6]1[H:12])[H:13])[O:1][H:8])[H:9])[H:10],2.0,12.0
2,-0.18479000089260247,AM1BCC,OpenEye,,,C,,3,[H:11][c:5]1[c:4]([c:3]([c:2]([c:7]([c:6]1[H:12])[H:13])[O:1][H:8])[H:9])[H:10],2.0,12.0
3,-0.09443000016304162,AM1BCC,OpenEye,,,C,,4,[H:11][c:5]1[c:4]([c:3]([c:2]([c:7]([c:6]1[H:12])[H:13])[O:1][H:8])[H:9])[H:10],2.0,12.0
4,-0.1644800013074508,AM1BCC,OpenEye,,,C,,5,[H:11][c:5]1[c:4]([c:3]([c:2]([c:7]([c:6]1[H:12])[H:13])[O:1][H:8])[H:9])[H:10],2.0,12.0
5,-0.09443000016304162,AM1BCC,OpenEye,,,C,,6,[H:11][c:5]1[c:4]([c:3]([c:2]([c:7]([c:6]1[H:12])[H:13])[O:1][H:8])[H:9])[H:10],2.0,12.0
6,-0.18479000089260247,AM1BCC,OpenEye,,,C,,7,[H:11][c:5]1[c:4]([c:3]([c:2]([c:7]([c:6]1[H:12])[H:13])[O:1][H:8])[H:9])[H:10],2.0,12.0
7,0.4184199863901505,AM1BCC,OpenEye,,,H,,8,[H:11][c:5]1[c:4]([c:3]([c:2]([c:7]([c:6]1[H:12])[H:13])[O:1][H:8])[H:9])[H:10],2.0,12.0
8,0.14056000056175086,AM1BCC,OpenEye,,,H,,9,[H:11][c:5]1[c:4]([c:3]([c:2]([c:7]([c:6]1[H:12])[H:13])[O:1][H:8])[H:9])[H:10],2.0,12.0
9,0.1328600043287644,AM1BCC,OpenEye,,,H,,10,[H:11][c:5]1[c:4]([c:3]([c:2]([c:7]([c:6]1[H:12])[H:13])[O:1][H:8])[H:9])[H:10],2.0,12.0
10,0.13403999748138282,AM1BCC,OpenEye,,,H,,11,[H:11][c:5]1[c:4]([c:3]([c:2]([c:7]([c:6]1[H:12])[H:13])[O:1][H:8])[H:9])[H:10],2.0,12.0
11,0.1328600043287644,AM1BCC,OpenEye,,,H,,12,[H:11][c:5]1[c:4]([c:3]([c:2]([c:7]([c:6]1[H:12])[H:13])[O:1][H:8])[H:9])[H:10],2.0,12.0
12,0.14056000056175086,AM1BCC,OpenEye,,,H,,13,[H:11][c:5]1[c:4]([c:3]([c:2]([c:7]([c:6]1[H:12])[H:13])[O:1][H:8])[H:9])[H:10],2.0,12.0
0,-0.4990230769230769,AM1BCC,AmberTools,,,O,,1,[H:11][c:5]1[c:4]([c:3]([c:2]([c:7]([c:6]1[H:12])[H:13])[O:1][H:8])[H:9])[H:10],2.0,12.0
1,0.12317692307692309,AM1BCC,AmberTools,,,C,,2,[H:11][c:5]1[c:4]([c:3]([c:2]([c:7]([c:6]1[H:12])[H:13])[O:1][H:8])[H:9])[H:10],2.0,12.0
2,-0.1849230769230769,AM1BCC,AmberTools,,,C,,3,[H:11][c:5]1[c:4]([c:3]([c:2]([c:7]([c:6]1[H:12])[H:13])[O:1][H:8])[H:9])[H:10],2.0,12.0
3,-0.09442307692307692,AM1BCC,AmberTools,,,C,,4,[H:11][c:5]1[c:4]([c:3]([c:2]([c:7]([c:6]1[H:12])[H:13])[O:1][H:8])[H:9])[H:10],2.0,12.0
4,-0.16592307692307692,AM1BCC,AmberTools,,,C,,5,[H:11][c:5]1[c:4]([c:3]([c:2]([c:7]([c:6]1[H:12])[H:13])[O:1][H:8])[H:9])[H:10],2.0,12.0
5,-0.09442307692307692,AM1BCC,AmberTools,,,C,,6,[H:11][c:5]1[c:4]([c:3]([c:2]([c:7]([c:6]1[H:12])[H:13])[O:1][H:8])[H:9])[H:10],2.0,12.0
6,-0.1849230769230769,AM1BCC,AmberTools,,,C,,7,[H:11][c:5]1[c:4]([c:3]([c:2]([c:7]([c:6]1[H:12])[H:13])[O:1][H:8])[H:9])[H:10],2.0,12.0
7,0.41807692307692307,AM1BCC,AmberTools,,,H,,8,[H:11][c:5]1[c:4]([c:3]([c:2]([c:7]([c:6]1[H:12])[H:13])[O:1][H:8])[H:9])[H:10],2.0,12.0
8,0.14157692307692307,AM1BCC,AmberTools,,,H,,9,[H:11][c:5]1[c:4]([c:3]([c:2]([c:7]([c:6]1[H:12])[H:13])[O:1][H:8])[H:9])[H:10],2.0,12.0
9,0.1330769230769231,AM1BCC,AmberTools,,,H,,10,[H:11][c:5]1[c:4]([c:3]([c:2]([c:7]([c:6]1[H:12])[H:13])[O:1][H:8])[H:9])[H:10],2.0,12.0
10,0.1330769230769231,AM1BCC,AmberTools,,,H,,11,[H:11][c:5]1[c:4]([c:3]([c:2]([c:7]([c:6]1[H:12])[H:13])[O:1][H:8])[H:9])[H:10],2.0,12.0
11,0.1330769230769231,AM1BCC,AmberTools,,,H,,12,[H:11][c:5]1[c:4]([c:3]([c:2]([c:7]([c:6]1[H:12])[H:13])[O:1][H:8])[H:9])[H:10],2.0,12.0
12,0.14157692307692307,AM1BCC,AmberTools,,,H,,13,[H:11][c:5]1[c:4]([c:3]([c:2]([c:7]([c:6]1[H:12])[H:13])[O:1][H:8])[H:9])[H:10],2.0,12.0
0,-0.5001699935931426,AM1BCC,OpenEye,,,O,,1,[H:11][c:5]1[c:4]([c:3]([c:2]([c:7]([c:6]1[H:12])[H:13])[O:1][H:8])[H:9])[H:10],3.0,1.0
1,0.12443999831493084,AM1BCC,OpenEye,,,C,,2,[H:11][c:5]1[c:4]([c:3]([c:2]([c:7]([c:6]1[H:12])[H:13])[O:1][H:8])[H:9])[H:10],3.0,1.0
2,-0.18612000460808092,AM1BCC,OpenEye,,,C,,3,[H:11][c:5]1[c:4]([c:3]([c:2]([c:7]([c:6]1[H:12])[H:13])[O:1][H:8])[H:9])[H:10],3.0,1.0
3,-0.09325999881212528,AM1BCC,OpenEye,,,C,,4,[H:11][c:5]1[c:4]([c:3]([c:2]([c:7]([c:6]1[H:12])[H:13])[O:1][H:8])[H:9])[H:10],3.0,1.0
4,-0.16706000383083636,AM1BCC,OpenEye,,,C,,5,[H:11][c:5]1[c:4]([c:3]([c:2]([c:7]([c:6]1[H:12])[H:13])[O:1][H:8])[H:9])[H:10],3.0,1.0
5,-0.09325999881212528,AM1BCC,OpenEye,,,C,,6,[H:11][c:5]1[c:4]([c:3]([c:2]([c:7]([c:6]1[H:12])[H:13])[O:1][H:8])[H:9])[H:10],3.0,1.0
6,-0.18612000460808092,AM1BCC,OpenEye,,,C,,7,[H:11][c:5]1[c:4]([c:3]([c:2]([c:7]([c:6]1[H:12])[H:13])[O:1][H:8])[H:9])[H:10],3.0,1.0
7,0.41925001029784864,AM1BCC,OpenEye,,,H,,8,[H:11][c:5]1[c:4]([c:3]([c:2]([c:7]([c:6]1[H:12])[H:13])[O:1][H:8])[H:9])[H:10],3.0,1.0
8,0.1415600020151872,AM1BCC,OpenEye,,,H,,9,[H:11][c:5]1[c:4]([c:3]([c:2]([c:7]([c:6]1[H:12])[H:13])[O:1][H:8])[H:9])[H:10],3.0,1.0
9,0.13315999393279737,AM1BCC,OpenEye,,,H,,10,[H:11][c:5]1[c:4]([c:3]([c:2]([c:7]([c:6]1[H:12])[H:13])[O:1][H:8])[H:9])[H:10],3.0,1.0
10,0.13286000375564283,AM1BCC,OpenEye,,,H,,11,[H:11][c:5]1[c:4]([c:3]([c:2]([c:7]([c:6]1[H:12])[H:13])[O:1][H:8])[H:9])[H:10],3.0,1.0
11,0.13315999393279737,AM1BCC,OpenEye,,,H,,12,[H:11][c:5]1[c:4]([c:3]([c:2]([c:7]([c:6]1[H:12])[H:13])[O:1][H:8])[H:9])[H:10],3.0,1.0
12,0.1415600020151872,AM1BCC,OpenEye,,,H,,13,[H:11][c:5]1[c:4]([c:3]([c:2]([c:7]([c:6]1[H:12])[H:13])[O:1][H:8])[H:9])[H:10],3.0,1.0
0,-0.4990230769230769,AM1BCC,AmberTools,,,O,,1,[H:11][c:5]1[c:4]([c:3]([c:2]([c:7]([c:6]1[H:12])[H:13])[O:1][H:8])[H:9])[H:10],3.0,1.0
1,0.12317692307692309,AM1BCC,AmberTools,,,C,,2,[H:11][c:5]1[c:4]([c:3]([c:2]([c:7]([c:6]1[H:12])[H:13])[O:1][H:8])[H:9])[H:10],3.0,1.0
2,-0.1849230769230769,AM1BCC,AmberTools,,,C,,3,[H:11][c:5]1[c:4]([c:3]([c:2]([c:7]([c:6]1[H:12])[H:13])[O:1][H:8])[H:9])[H:10],3.0,1.0
3,-0.09442307692307692,AM1BCC,AmberTools,,,C,,4,[H:11][c:5]1[c:4]([c:3]([c:2]([c:7]([c:6]1[H:12])[H:13])[O:1][H:8])[H:9])[H:10],3.0,1.0
4,-0.16592307692307692,AM1BCC,AmberTools,,,C,,5,[H:11][c:5]1[c:4]([c:3]([c:2]([c:7]([c:6]1[H:12])[H:13])[O:1][H:8])[H:9])[H:10],3.0,1.0
5,-0.09442307692307692,AM1BCC,AmberTools,,,C,,6,[H:11][c:5]1[c:4]([c:3]([c:2]([c:7]([c:6]1[H:12])[H:13])[O:1][H:8])[H:9])[H:10],3.0,1.0
6,-0.1849230769230769,AM1BCC,AmberTools,,,C,,7,[H:11][c:5]1[c:4]([c:3]([c:2]([c:7]([c:6]1[H:12])[H:13])[O:1][H:8])[H:9])[H:10],3.0,1.0
7,0.41807692307692307,AM1BCC,AmberTools,,,H,,8,[H:11][c:5]1[c:4]([c:3]([c:2]([c:7]([c:6]1[H:12])[H:13])[O:1][H:8])[H:9])[H:10],3.0,1.0
8,0.14157692307692307,AM1BCC,AmberTools,,,H,,9,[H:11][c:5]1[c:4]([c:3]([c:2]([c:7]([c:6]1[H:12])[H:13])[O:1][H:8])[H:9])[H:10],3.0,1.0
9,0.1330769230769231,AM1BCC,AmberTools,,,H,,10,[H:11][c:5]1[c:4]([c:3]([c:2]([c:7]([c:6]1[H:12])[H:13])[O:1][H:8])[H:9])[H:10],3.0,1.0
10,0.1330769230769231,AM1BCC,AmberTools,,,H,,11,[H:11][c:5]1[c:4]([c:3]([c:2]([c:7]([c:6]1[H:12])[H:13])[O:1][H:8])[H:9])[H:10],3.0,1.0
11,0.1330769230769231,AM1BCC,AmberTools,,,H,,12,[H:11][c:5]1[c:4]([c:3]([c:2]([c:7]([c:6]1[H:12])[H:13])[O:1][H:8])[H:9])[H:10],3.0,1.0
12,0.14157692307692307,AM1BCC,AmberTools,,,H,,13,[H:11][c:5]1[c:4]([c:3]([c:2]([c:7]([c:6]1[H:12])[H:13])[O:1][H:8])[H:9])[H:10],3.0,1.0
0,-0.5001699924468994,AM1BCC,OpenEye,,,O,,1,[H:11][c:5]1[c:4]([c:3]([c:2]([c:7]([c:6]1[H:12])[H:13])[O:1][H:8])[H:9])[H:10],3.0,2.0
1,0.12443000078201294,AM1BCC,OpenEye,,,C,,2,[H:11][c:5]1[c:4]([c:3]([c:2]([c:7]([c:6]1[H:12])[H:13])[O:1][H:8])[H:9])[H:10],3.0,2.0
2,-0.18612000346183777,AM1BCC,OpenEye,,,C,,3,[H:11][c:5]1[c:4]([c:3]([c:2]([c:7]([c:6]1[H:12])[H:13])[O:1][H:8])[H:9])[H:10],3.0,2.0
3,-0.09325999766588211,AM1BCC,OpenEye,,,C,,4,[H:11][c:5]1[c:4]([c:3]([c:2]([c:7]([c:6]1[H:12])[H:13])[O:1][H:8])[H:9])[H:10],3.0,2.0
4,-0.1670600026845932,AM1BCC,OpenEye,,,C,,5,[H:11][c:5]1[c:4]([c:3]([c:2]([c:7]([c:6]1[H:12])[H:13])[O:1][H:8])[H:9])[H:10],3.0,2.0
5,-0.09325999766588211,AM1BCC,OpenEye,,,C,,6,[H:11][c:5]1[c:4]([c:3]([c:2]([c:7]([c:6]1[H:12])[H:13])[O:1][H:8])[H:9])[H:10],3.0,2.0
6,-0.18612000346183777,AM1BCC,OpenEye,,,C,,7,[H:11][c:5]1[c:4]([c:3]([c:2]([c:7]([c:6]1[H:12])[H:13])[O:1][H:8])[H:9])[H:10],3.0,2.0
7,0.4192599952220917,AM1BCC,OpenEye,,,H,,8,[H:11][c:5]1[c:4]([c:3]([c:2]([c:7]([c:6]1[H:12])[H:13])[O:1][H:8])[H:9])[H:10],3.0,2.0
8,0.14156000316143036,AM1BCC,OpenEye,,,H,,9,[H:11][c:5]1[c:4]([c:3]([c:2]([c:7]([c:6]1[H:12])[H:13])[O:1][H:8])[H:9])[H:10],3.0,2.0
9,0.13315999507904053,AM1BCC,OpenEye,,,H,,10,[H:11][c:5]1[c:4]([c:3]([c:2]([c:7]([c:6]1[H:12])[H:13])[O:1][H:8])[H:9])[H:10],3.0,2.0
10,0.132860004901886,AM1BCC,OpenEye,,,H,,11,[H:11][c:5]1[c:4]([c:3]([c:2]([c:7]([c:6]1[H:12])[H:13])[O:1][H:8])[H:9])[H:10],3.0,2.0
11,0.13315999507904053,AM1BCC,OpenEye,,,H,,12,[H:11][c:5]1[c:4]([c:3]([c:2]([c:7]([c:6]1[H:12])[H:13])[O:1][H:8])[H:9])[H:10],3.0,2.0
12,0.14156000316143036,AM1BCC,OpenEye,,,H,,13,[H:11][c:5]1[c:4]([c:3]([c:2]([c:7]([c:6]1[H:12])[H:13])[O:1][H:8])[H:9])[H:10],3.0,2.0
0,-0.4990230769230769,AM1BCC,AmberTools,,,O,,1,[H:11][c:5]1[c:4]([c:3]([c:2]([c:7]([c:6]1[H:12])[H:13])[O:1][H:8])[H:9])[H:10],3.0,2.0
1,0.12317692307692309,AM1BCC,AmberTools,,,C,,2,[H:11][c:5]1[c:4]([c:3]([c:2]([c:7]([c:6]1[H:12])[H:13])[O:1][H:8])[H:9])[H:10],3.0,2.0
2,-0.1849230769230769,AM1BCC,AmberTools,,,C,,3,[H:11][c:5]1[c:4]([c:3]([c:2]([c:7]([c:6]1[H:12])[H:13])[O:1][H:8])[H:9])[H:10],3.0,2.0
3,-0.09442307692307692,AM1BCC,AmberTools,,,C,,4,[H:11][c:5]1[c:4]([c:3]([c:2]([c:7]([c:6]1[H:12])[H:13])[O:1][H:8])[H:9])[H:10],3.0,2.0
4,-0.16592307692307692,AM1BCC,AmberTools,,,C,,5,[H:11][c:5]1[c:4]([c:3]([c:2]([c:7]([c:6]1[H:12])[H:13])[O:1][H:8])[H:9])[H:10],3.0,2.0
5,-0.09442307692307692,AM1BCC,AmberTools,,,C,,6,[H:11][c:5]1[c:4]([c:3]([c:2]([c:7]([c:6]1[H:12])[H:13])[O:1][H:8])[H:9])[H:10],3.0,2.0
6,-0.1849230769230769,AM1BCC,AmberTools,,,C,,7,[H:11][c:5]1[c:4]([c:3]([c:2]([c:7]([c:6]1[H:12])[H:13])[O:1][H:8])[H:9])[H:10],3.0,2.0
7,0.41807692307692307,AM1BCC,AmberTools,,,H,,8,[H:11][c:5]1[c:4]([c:3]([c:2]([c:7]([c:6]1[H:12])[H:13])[O:1][H:8])[H:9])[H:10],3.0,2.0
8,0.14157692307692307,AM1BCC,AmberTools,,,H,,9,[H:11][c:5]1[c:4]([c:3]([c:2]([c:7]([c:6]1[H:12])[H:13])[O:1][H:8])[H:9])[H:10],3.0,2.0
9,0.1330769230769231,AM1BCC,AmberTools,,,H,,10,[H:11][c:5]1[c:4]([c:3]([c:2]([c:7]([c:6]1[H:12])[H:13])[O:1][H:8])[H:9])[H:10],3.0,2.0
10,0.1330769230769231,AM1BCC,AmberTools,,,H,,11,[H:11][c:5]1[c:4]([c:3]([c:2]([c:7]([c:6]1[H:12])[H:13])[O:1][H:8])[H:9])[H:10],3.0,2.0
11,0.1330769230769231,AM1BCC,AmberTools,,,H,,12,[H:11][c:5]1[c:4]([c:3]([c:2]([c:7]([c:6]1[H:12])[H:13])[O:1][H:8])[H:9])[H:10],3.0,2.0
12,0.14157692307692307,AM1BCC,AmberTools,,,H,,13,[H:11][c:5]1[c:4]([c:3]([c:2]([c:7]([c:6]1[H:12])[H:13])[O:1][H:8])[H:9])[H:10],3.0,2.0
0,-0.5001699924468994,AM1BCC,OpenEye,,,O,,1,[H:11][c:5]1[c:4]([c:3]([c:2]([c:7]([c:6]1[H:12])[H:13])[O:1][H:8])[H:9])[H:10],3.0,3.0
1,0.12443000078201294,AM1BCC,OpenEye,,,C,,2,[H:11][c:5]1[c:4]([c:3]([c:2]([c:7]([c:6]1[H:12])[H:13])[O:1][H:8])[H:9])[H:10],3.0,3.0
2,-0.18612000346183777,AM1BCC,OpenEye,,,C,,3,[H:11][c:5]1[c:4]([c:3]([c:2]([c:7]([c:6]1[H:12])[H:13])[O:1][H:8])[H:9])[H:10],3.0,3.0
3,-0.09325999766588211,AM1BCC,OpenEye,,,C,,4,[H:11][c:5]1[c:4]([c:3]([c:2]([c:7]([c:6]1[H:12])[H:13])[O:1][H:8])[H:9])[H:10],3.0,3.0
4,-0.1670600026845932,AM1BCC,OpenEye,,,C,,5,[H:11][c:5]1[c:4]([c:3]([c:2]([c:7]([c:6]1[H:12])[H:13])[O:1][H:8])[H:9])[H:10],3.0,3.0
5,-0.09325999766588211,AM1BCC,OpenEye,,,C,,6,[H:11][c:5]1[c:4]([c:3]([c:2]([c:7]([c:6]1[H:12])[H:13])[O:1][H:8])[H:9])[H:10],3.0,3.0
6,-0.18612000346183777,AM1BCC,OpenEye,,,C,,7,[H:11][c:5]1[c:4]([c:3]([c:2]([c:7]([c:6]1[H:12])[H:13])[O:1][H:8])[H:9])[H:10],3.0,3.0
7,0.4192599952220917,AM1BCC,OpenEye,,,H,,8,[H:11][c:5]1[c:4]([c:3]([c:2]([c:7]([c:6]1[H:12])[H:13])[O:1][H:8])[H:9])[H:10],3.0,3.0
8,0.14156000316143036,AM1BCC,OpenEye,,,H,,9,[H:11][c:5]1[c:4]([c:3]([c:2]([c:7]([c:6]1[H:12])[H:13])[O:1][H:8])[H:9])[H:10],3.0,3.0
9,0.13315999507904053,AM1BCC,OpenEye,,,H,,10,[H:11][c:5]1[c:4]([c:3]([c:2]([c:7]([c:6]1[H:12])[H:13])[O:1][H:8])[H:9])[H:10],3.0,3.0
10,0.132860004901886,AM1BCC,OpenEye,,,H,,11,[H:11][c:5]1[c:4]([c:3]([c:2]([c:7]([c:6]1[H:12])[H:13])[O:1][H:8])[H:9])[H:10],3.0,3.0
11,0.13315999507904053,AM1BCC,OpenEye,,,H,,12,[H:11][c:5]1[c:4]([c:3]([c:2]([c:7]([c:6]1[H:12])[H:13])[O:1][H:8])[H:9])[H:10],3.0,3.0
12,0.14156000316143036,AM1BCC,OpenEye,,,H,,13,[H:11][c:5]1[c:4]([c:3]([c:2]([c:7]([c:6]1[H:12])[H:13])[O:1][H:8])[H:9])[H:10],3.0,3.0
0,-0.4990230769230769,AM1BCC,AmberTools,,,O,,1,[H:11][c:5]1[c:4]([c:3]([c:2]([c:7]([c:6]1[H:12])[H:13])[O:1][H:8])[H:9])[H:10],3.0,3.0
1,0.12317692307692309,AM1BCC,AmberTools,,,C,,2,[H:11][c:5]1[c:4]([c:3]([c:2]([c:7]([c:6]1[H:12])[H:13])[O:1][H:8])[H:9])[H:10],3.0,3.0
2,-0.1849230769230769,AM1BCC,AmberTools,,,C,,3,[H:11][c:5]1[c:4]([c:3]([c:2]([c:7]([c:6]1[H:12])[H:13])[O:1][H:8])[H:9])[H:10],3.0,3.0
3,-0.09442307692307692,AM1BCC,AmberTools,,,C,,4,[H:11][c:5]1[c:4]([c:3]([c:2]([c:7]([c:6]1[H:12])[H:13])[O:1][H:8])[H:9])[H:10],3.0,3.0
4,-0.16592307692307692,AM1BCC,AmberTools,,,C,,5,[H:11][c:5]1[c:4]([c:3]([c:2]([c:7]([c:6]1[H:12])[H:13])[O:1][H:8])[H:9])[H:10],3.0,3.0
5,-0.09442307692307692,AM1BCC,AmberTools,,,C,,6,[H:11][c:5]1[c:4]([c:3]([c:2]([c:7]([c:6]1[H:12])[H:13])[O:1][H:8])[H:9])[H:10],3.0,3.0
6,-0.1849230769230769,AM1BCC,AmberTools,,,C,,7,[H:11][c:5]1[c:4]([c:3]([c:2]([c:7]([c:6]1[H:12])[H:13])[O:1][H:8])[H:9])[H:10],3.0,3.0
7,0.41807692307692307,AM1BCC,AmberTools,,,H,,8,[H:11][c:5]1[c:4]([c:3]([c:2]([c:7]([c:6]1[H:12])[H:13])[O:1][H:8])[H:9])[H:10],3.0,3.0
8,0.14157692307692307,AM1BCC,AmberTools,,,H,,9,[H:11][c:5]1[c:4]([c:3]([c:2]([c:7]([c:6]1[H:12])[H:13])[O:1][H:8])[H:9])[H:10],3.0,3.0
9,0.1330769230769231,AM1BCC,AmberTools,,,H,,10,[H:11][c:5]1[c:4]([c:3]([c:2]([c:7]([c:6]1[H:12])[H:13])[O:1][H:8])[H:9])[H:10],3.0,3.0
10,0.1330769230769231,AM1BCC,AmberTools,,,H,,11,[H:11][c:5]1[c:4]([c:3]([c:2]([c:7]([c:6]1[H:12])[H:13])[O:1][H:8])[H:9])[H:10],3.0,3.0
11,0.1330769230769231,AM1BCC,AmberTools,,,H,,12,[H:11][c:5]1[c:4]([c:3]([c:2]([c:7]([c:6]1[H:12])[H:13])[O:1][H:8])[H:9])[H:10],3.0,3.0
12,0.14157692307692307,AM1BCC,AmberTools,,,H,,13,[H:11][c:5]1[c:4]([c:3]([c:2]([c:7]([c:6]1[H:12])[H:13])[O:1][H:8])[H:9])[H:10],3.0,3.0
0,-0.5001699924468994,AM1BCC,OpenEye,,,O,,1,[H:11][c:5]1[c:4]([c:3]([c:2]([c:7]([c:6]1[H:12])[H:13])[O:1][H:8])[H:9])[H:10],3.0,4.0
1,0.12443000078201294,AM1BCC,OpenEye,,,C,,2,[H:11][c:5]1[c:4]([c:3]([c:2]([c:7]([c:6]1[H:12])[H:13])[O:1][H:8])[H:9])[H:10],3.0,4.0
2,-0.18612000346183777,AM1BCC,OpenEye,,,C,,3,[H:11][c:5]1[c:4]([c:3]([c:2]([c:7]([c:6]1[H:12])[H:13])[O:1][H:8])[H:9])[H:10],3.0,4.0
3,-0.09325999766588211,AM1BCC,OpenEye,,,C,,4,[H:11][c:5]1[c:4]([c:3]([c:2]([c:7]([c:6]1[H:12])[H:13])[O:1][H:8])[H:9])[H:10],3.0,4.0
4,-0.1670600026845932,AM1BCC,OpenEye,,,C,,5,[H:11][c:5]1[c:4]([c:3]([c:2]([c:7]([c:6]1[H:12])[H:13])[O:1][H:8])[H:9])[H:10],3.0,4.0
5,-0.09325999766588211,AM1BCC,OpenEye,,,C,,6,[H:11][c:5]1[c:4]([c:3]([c:2]([c:7]([c:6]1[H:12])[H:13])[O:1][H:8])[H:9])[H:10],3.0,4.0
6,-0.18612000346183777,AM1BCC,OpenEye,,,C,,7,[H:11][c:5]1[c:4]([c:3]([c:2]([c:7]([c:6]1[H:12])[H:13])[O:1][H:8])[H:9])[H:10],3.0,4.0
7,0.4192599952220917,AM1BCC,OpenEye,,,H,,8,[H:11][c:5]1[c:4]([c:3]([c:2]([c:7]([c:6]1[H:12])[H:13])[O:1][H:8])[H:9])[H:10],3.0,4.0
8,0.14156000316143036,AM1BCC,OpenEye,,,H,,9,[H:11][c:5]1[c:4]([c:3]([c:2]([c:7]([c:6]1[H:12])[H:13])[O:1][H:8])[H:9])[H:10],3.0,4.0
9,0.13315999507904053,AM1BCC,OpenEye,,,H,,10,[H:11][c:5]1[c:4]([c:3]([c:2]([c:7]([c:6]1[H:12])[H:13])[O:1][H:8])[H:9])[H:10],3.0,4.0
10,0.132860004901886,AM1BCC,OpenEye,,,H,,11,[H:11][c:5]1[c:4]([c:3]([c:2]([c:7]([c:6]1[H:12])[H:13])[O:1][H:8])[H:9])[H:10],3.0,4.0
11,0.13315999507904053,AM1BCC,OpenEye,,,H,,12,[H:11][c:5]1[c:4]([c:3]([c:2]([c:7]([c:6]1[H:12])[H:13])[O:1][H:8])[H:9])[H:10],3.0,4.0
12,0.14156000316143036,AM1BCC,OpenEye,,,H,,13,[H:11][c:5]1[c:4]([c:3]([c:2]([c:7]([c:6]1[H:12])[H:13])[O:1][H:8])[H:9])[H:10],3.0,4.0
0,-0.4990230769230769,AM1BCC,AmberTools,,,O,,1,[H:11][c:5]1[c:4]([c:3]([c:2]([c:7]([c:6]1[H:12])[H:13])[O:1][H:8])[H:9])[H:10],3.0,4.0
1,0.12317692307692309,AM1BCC,AmberTools,,,C,,2,[H:11][c:5]1[c:4]([c:3]([c:2]([c:7]([c:6]1[H:12])[H:13])[O:1][H:8])[H:9])[H:10],3.0,4.0
2,-0.1849230769230769,AM1BCC,AmberTools,,,C,,3,[H:11][c:5]1[c:4]([c:3]([c:2]([c:7]([c:6]1[H:12])[H:13])[O:1][H:8])[H:9])[H:10],3.0,4.0
3,-0.09442307692307692,AM1BCC,AmberTools,,,C,,4,[H:11][c:5]1[c:4]([c:3]([c:2]([c:7]([c:6]1[H:12])[H:13])[O:1][H:8])[H:9])[H:10],3.0,4.0
4,-0.16592307692307692,AM1BCC,AmberTools,,,C,,5,[H:11][c:5]1[c:4]([c:3]([c:2]([c:7]([c:6]1[H:12])[H:13])[O:1][H:8])[H:9])[H:10],3.0,4.0
5,-0.09442307692307692,AM1BCC,AmberTools,,,C,,6,[H:11][c:5]1[c:4]([c:3]([c:2]([c:7]([c:6]1[H:12])[H:13])[O:1][H:8])[H:9])[H:10],3.0,4.0
6,-0.1849230769230769,AM1BCC,AmberTools,,,C,,7,[H:11][c:5]1[c:4]([c:3]([c:2]([c:7]([c:6]1[H:12])[H:13])[O:1][H:8])[H:9])[H:10],3.0,4.0
7,0.41807692307692307,AM1BCC,AmberTools,,,H,,8,[H:11][c:5]1[c:4]([c:3]([c:2]([c:7]([c:6]1[H:12])[H:13])[O:1][H:8])[H:9])[H:10],3.0,4.0
8,0.14157692307692307,AM1BCC,AmberTools,,,H,,9,[H:11][c:5]1[c:4]([c:3]([c:2]([c:7]([c:6]1[H:12])[H:13])[O:1][H:8])[H:9])[H:10],3.0,4.0
9,0.1330769230769231,AM1BCC,AmberTools,,,H,,10,[H:11][c:5]1[c:4]([c:3]([c:2]([c:7]([c:6]1[H:12])[H:13])[O:1][H:8])[H:9])[H:10],3.0,4.0
10,0.1330769230769231,AM1BCC,AmberTools,,,H,,11,[H:11][c:5]1[c:4]([c:3]([c:2]([c:7]([c:6]1[H:12])[H:13])[O:1][H:8])[H:9])[H:10],3.0,4.0
11,0.1330769230769231,AM1BCC,AmberTools,,,H,,12,[H:11][c:5]1[c:4]([c:3]([c:2]([c:7]([c:6]1[H:12])[H:13])[O:1][H:8])[H:9])[H:10],3.0,4.0
12,0.14157692307692307,AM1BCC,AmberTools,,,H,,13,[H:11][c:5]1[c:4]([c:3]([c:2]([c:7]([c:6]1[H:12])[H:13])[O:1][H:8])[H:9])[H:10],3.0,4.0
0,-0.5001699924468994,AM1BCC,OpenEye,,,O,,1,[H:11][c:5]1[c:4]([c:3]([c:2]([c:7]([c:6]1[H:12])[H:13])[O:1][H:8])[H:9])[H:10],3.0,5.0
1,0.12443000078201294,AM1BCC,OpenEye,,,C,,2,[H:11][c:5]1[c:4]([c:3]([c:2]([c:7]([c:6]1[H:12])[H:13])[O:1][H:8])[H:9])[H:10],3.0,5.0
2,-0.18612000346183777,AM1BCC,OpenEye,,,C,,3,[H:11][c:5]1[c:4]([c:3]([c:2]([c:7]([c:6]1[H:12])[H:13])[O:1][H:8])[H:9])[H:10],3.0,5.0
3,-0.09325999766588211,AM1BCC,OpenEye,,,C,,4,[H:11][c:5]1[c:4]([c:3]([c:2]([c:7]([c:6]1[H:12])[H:13])[O:1][H:8])[H:9])[H:10],3.0,5.0
4,-0.1670600026845932,AM1BCC,OpenEye,,,C,,5,[H:11][c:5]1[c:4]([c:3]([c:2]([c:7]([c:6]1[H:12])[H:13])[O:1][H:8])[H:9])[H:10],3.0,5.0
5,-0.09325999766588211,AM1BCC,OpenEye,,,C,,6,[H:11][c:5]1[c:4]([c:3]([c:2]([c:7]([c:6]1[H:12])[H:13])[O:1][H:8])[H:9])[H:10],3.0,5.0
6,-0.18612000346183777,AM1BCC,OpenEye,,,C,,7,[H:11][c:5]1[c:4]([c:3]([c:2]([c:7]([c:6]1[H:12])[H:13])[O:1][H:8])[H:9])[H:10],3.0,5.0
7,0.4192599952220917,AM1BCC,OpenEye,,,H,,8,[H:11][c:5]1[c:4]([c:3]([c:2]([c:7]([c:6]1[H:12])[H:13])[O:1][H:8])[H:9])[H:10],3.0,5.0
8,0.14156000316143036,AM1BCC,OpenEye,,,H,,9,[H:11][c:5]1[c:4]([c:3]([c:2]([c:7]([c:6]1[H:12])[H:13])[O:1][H:8])[H:9])[H:10],3.0,5.0
9,0.13315999507904053,AM1BCC,OpenEye,,,H,,10,[H:11][c:5]1[c:4]([c:3]([c:2]([c:7]([c:6]1[H:12])[H:13])[O:1][H:8])[H:9])[H:10],3.0,5.0
10,0.132860004901886,AM1BCC,OpenEye,,,H,,11,[H:11][c:5]1[c:4]([c:3]([c:2]([c:7]([c:6]1[H:12])[H:13])[O:1][H:8])[H:9])[H:10],3.0,5.0
11,0.13315999507904053,AM1BCC,OpenEye,,,H,,12,[H:11][c:5]1[c:4]([c:3]([c:2]([c:7]([c:6]1[H:12])[H:13])[O:1][H:8])[H:9])[H:10],3.0,5.0
12,0.14156000316143036,AM1BCC,OpenEye,,,H,,13,[H:11][c:5]1[c:4]([c:3]([c:2]([c:7]([c:6]1[H:12])[H:13])[O:1][H:8])[H:9])[H:10],3.0,5.0
0,-0.4990230769230769,AM1BCC,AmberTools,,,O,,1,[H:11][c:5]1[c:4]([c:3]([c:2]([c:7]([c:6]1[H:12])[H:13])[O:1][H:8])[H:9])[H:10],3.0,5.0
1,0.12317692307692309,AM1BCC,AmberTools,,,C,,2,[H:11][c:5]1[c:4]([c:3]([c:2]([c:7]([c:6]1[H:12])[H:13])[O:1][H:8])[H:9])[H:10],3.0,5.0
2,-0.1849230769230769,AM1BCC,AmberTools,,,C,,3,[H:11][c:5]1[c:4]([c:3]([c:2]([c:7]([c:6]1[H:12])[H:13])[O:1][H:8])[H:9])[H:10],3.0,5.0
3,-0.09442307692307692,AM1BCC,AmberTools,,,C,,4,[H:11][c:5]1[c:4]([c:3]([c:2]([c:7]([c:6]1[H:12])[H:13])[O:1][H:8])[H:9])[H:10],3.0,5.0
4,-0.16592307692307692,AM1BCC,AmberTools,,,C,,5,[H:11][c:5]1[c:4]([c:3]([c:2]([c:7]([c:6]1[H:12])[H:13])[O:1][H:8])[H:9])[H:10],3.0,5.0
5,-0.09442307692307692,AM1BCC,AmberTools,,,C,,6,[H:11][c:5]1[c:4]([c:3]([c:2]([c:7]([c:6]1[H:12])[H:13])[O:1][H:8])[H:9])[H:10],3.0,5.0
6,-0.1849230769230769,AM1BCC,AmberTools,,,C,,7,[H:11][c:5]1[c:4]([c:3]([c:2]([c:7]([c:6]1[H:12])[H:13])[O:1][H:8])[H:9])[H:10],3.0,5.0
7,0.41807692307692307,AM1BCC,AmberTools,,,H,,8,[H:11][c:5]1[c:4]([c:3]([c:2]([c:7]([c:6]1[H:12])[H:13])[O:1][H:8])[H:9])[H:10],3.0,5.0
8,0.14157692307692307,AM1BCC,AmberTools,,,H,,9,[H:11][c:5]1[c:4]([c:3]([c:2]([c:7]([c:6]1[H:12])[H:13])[O:1][H:8])[H:9])[H:10],3.0,5.0
9,0.1330769230769231,AM1BCC,AmberTools,,,H,,10,[H:11][c:5]1[c:4]([c:3]([c:2]([c:7]([c:6]1[H:12])[H:13])[O:1][H:8])[H:9])[H:10],3.0,5.0
10,0.1330769230769231,AM1BCC,AmberTools,,,H,,11,[H:11][c:5]1[c:4]([c:3]([c:2]([c:7]([c:6]1[H:12])[H:13])[O:1][H:8])[H:9])[H:10],3.0,5.0
11,0.1330769230769231,AM1BCC,AmberTools,,,H,,12,[H:11][c:5]1[c:4]([c:3]([c:2]([c:7]([c:6]1[H:12])[H:13])[O:1][H:8])[H:9])[H:10],3.0,5.0
12,0.14157692307692307,AM1BCC,AmberTools,,,H,,13,[H:11][c:5]1[c:4]([c:3]([c:2]([c:7]([c:6]1[H:12])[H:13])[O:1][H:8])[H:9])[H:10],3.0,5.0
0,-0.5001800048809785,AM1BCC,OpenEye,,,O,,1,[H:11][c:5]1[c:4]([c:3]([c:2]([c:7]([c:6]1[H:12])[H:13])[O:1][H:8])[H:9])[H:10],3.0,6.0
1,0.12442000324909504,AM1BCC,OpenEye,,,C,,2,[H:11][c:5]1[c:4]([c:3]([c:2]([c:7]([c:6]1[H:12])[H:13])[O:1][H:8])[H:9])[H:10],3.0,6.0
2,-0.1861200023155946,AM1BCC,OpenEye,,,C,,3,[H:11][c:5]1[c:4]([c:3]([c:2]([c:7]([c:6]1[H:12])[H:13])[O:1][H:8])[H:9])[H:10],3.0,6.0
3,-0.09325999651963894,AM1BCC,OpenEye,,,C,,4,[H:11][c:5]1[c:4]([c:3]([c:2]([c:7]([c:6]1[H:12])[H:13])[O:1][H:8])[H:9])[H:10],3.0,6.0
4,-0.16705000285918897,AM1BCC,OpenEye,,,C,,5,[H:11][c:5]1[c:4]([c:3]([c:2]([c:7]([c:6]1[H:12])[H:13])[O:1][H:8])[H:9])[H:10],3.0,6.0
5,-0.09325999651963894,AM1BCC,OpenEye,,,C,,6,[H:11][c:5]1[c:4]([c:3]([c:2]([c:7]([c:6]1[H:12])[H:13])[O:1][H:8])[H:9])[H:10],3.0,6.0
6,-0.1861200023155946,AM1BCC,OpenEye,,,C,,7,[H:11][c:5]1[c:4]([c:3]([c:2]([c:7]([c:6]1[H:12])[H:13])[O:1][H:8])[H:9])[H:10],3.0,6.0
7,0.41925999636833483,AM1BCC,OpenEye,,,H,,8,[H:11][c:5]1[c:4]([c:3]([c:2]([c:7]([c:6]1[H:12])[H:13])[O:1][H:8])[H:9])[H:10],3.0,6.0
8,0.14156000430767351,AM1BCC,OpenEye,,,H,,9,[H:11][c:5]1[c:4]([c:3]([c:2]([c:7]([c:6]1[H:12])[H:13])[O:1][H:8])[H:9])[H:10],3.0,6.0
9,0.13315999622528368,AM1BCC,OpenEye,,,H,,10,[H:11][c:5]1[c:4]([c:3]([c:2]([c:7]([c:6]1[H:12])[H:13])[O:1][H:8])[H:9])[H:10],3.0,6.0
10,0.13287000472729021,AM1BCC,OpenEye,,,H,,11,[H:11][c:5]1[c:4]([c:3]([c:2]([c:7]([c:6]1[H:12])[H:13])[O:1][H:8])[H:9])[H:10],3.0,6.0
11,0.13315999622528368,AM1BCC,OpenEye,,,H,,12,[H:11][c:5]1[c:4]([c:3]([c:2]([c:7]([c:6]1[H:12])[H:13])[O:1][H:8])[H:9])[H:10],3.0,6.0
12,0.14156000430767351,AM1BCC,OpenEye,,,H,,13,[H:11][c:5]1[c:4]([c:3]([c:2]([c:7]([c:6]1[H:12])[H:13])[O:1][H:8])[H:9])[H:10],3.0,6.0
0,-0.4990230769230769,AM1BCC,AmberTools,,,O,,1,[H:11][c:5]1[c:4]([c:3]([c:2]([c:7]([c:6]1[H:12])[H:13])[O:1][H:8])[H:9])[H:10],3.0,6.0
1,0.12317692307692309,AM1BCC,AmberTools,,,C,,2,[H:11][c:5]1[c:4]([c:3]([c:2]([c:7]([c:6]1[H:12])[H:13])[O:1][H:8])[H:9])[H:10],3.0,6.0
2,-0.1849230769230769,AM1BCC,AmberTools,,,C,,3,[H:11][c:5]1[c:4]([c:3]([c:2]([c:7]([c:6]1[H:12])[H:13])[O:1][H:8])[H:9])[H:10],3.0,6.0
3,-0.09442307692307692,AM1BCC,AmberTools,,,C,,4,[H:11][c:5]1[c:4]([c:3]([c:2]([c:7]([c:6]1[H:12])[H:13])[O:1][H:8])[H:9])[H:10],3.0,6.0
4,-0.16592307692307692,AM1BCC,AmberTools,,,C,,5,[H:11][c:5]1[c:4]([c:3]([c:2]([c:7]([c:6]1[H:12])[H:13])[O:1][H:8])[H:9])[H:10],3.0,6.0
5,-0.09442307692307692,AM1BCC,AmberTools,,,C,,6,[H:11][c:5]1[c:4]([c:3]([c:2]([c:7]([c:6]1[H:12])[H:13])[O:1][H:8])[H:9])[H:10],3.0,6.0
6,-0.1849230769230769,AM1BCC,AmberTools,,,C,,7,[H:11][c:5]1[c:4]([c:3]([c:2]([c:7]([c:6]1[H:12])[H:13])[O:1][H:8])[H:9])[H:10],3.0,6.0
7,0.41807692307692307,AM1BCC,AmberTools,,,H,,8,[H:11][c:5]1[c:4]([c:3]([c:2]([c:7]([c:6]1[H:12])[H:13])[O:1][H:8])[H:9])[H:10],3.0,6.0
8,0.14157692307692307,AM1BCC,AmberTools,,,H,,9,[H:11][c:5]1[c:4]([c:3]([c:2]([c:7]([c:6]1[H:12])[H:13])[O:1][H:8])[H:9])[H:10],3.0,6.0
9,0.1330769230769231,AM1BCC,AmberTools,,,H,,10,[H:11][c:5]1[c:4]([c:3]([c:2]([c:7]([c:6]1[H:12])[H:13])[O:1][H:8])[H:9])[H:10],3.0,6.0
10,0.1330769230769231,AM1BCC,AmberTools,,,H,,11,[H:11][c:5]1[c:4]([c:3]([c:2]([c:7]([c:6]1[H:12])[H:13])[O:1][H:8])[H:9])[H:10],3.0,6.0
11,0.1330769230769231,AM1BCC,AmberTools,,,H,,12,[H:11][c:5]1[c:4]([c:3]([c:2]([c:7]([c:6]1[H:12])[H:13])[O:1][H:8])[H:9])[H:10],3.0,6.0
12,0.14157692307692307,AM1BCC,AmberTools,,,H,,13,[H:11][c:5]1[c:4]([c:3]([c:2]([c:7]([c:6]1[H:12])[H:13])[O:1][H:8])[H:9])[H:10],3.0,6.0
0,-0.5001699924468994,AM1BCC,OpenEye,,,O,,1,[H:11][c:5]1[c:4]([c:3]([c:2]([c:7]([c:6]1[H:12])[H:13])[O:1][H:8])[H:9])[H:10],3.0,7.0
1,0.12443000078201294,AM1BCC,OpenEye,,,C,,2,[H:11][c:5]1[c:4]([c:3]([c:2]([c:7]([c:6]1[H:12])[H:13])[O:1][H:8])[H:9])[H:10],3.0,7.0
2,-0.18612000346183777,AM1BCC,OpenEye,,,C,,3,[H:11][c:5]1[c:4]([c:3]([c:2]([c:7]([c:6]1[H:12])[H:13])[O:1][H:8])[H:9])[H:10],3.0,7.0
3,-0.09325999766588211,AM1BCC,OpenEye,,,C,,4,[H:11][c:5]1[c:4]([c:3]([c:2]([c:7]([c:6]1[H:12])[H:13])[O:1][H:8])[H:9])[H:10],3.0,7.0
4,-0.1670600026845932,AM1BCC,OpenEye,,,C,,5,[H:11][c:5]1[c:4]([c:3]([c:2]([c:7]([c:6]1[H:12])[H:13])[O:1][H:8])[H:9])[H:10],3.0,7.0
5,-0.09325999766588211,AM1BCC,OpenEye,,,C,,6,[H:11][c:5]1[c:4]([c:3]([c:2]([c:7]([c:6]1[H:12])[H:13])[O:1][H:8])[H:9])[H:10],3.0,7.0
6,-0.18612000346183777,AM1BCC,OpenEye,,,C,,7,[H:11][c:5]1[c:4]([c:3]([c:2]([c:7]([c:6]1[H:12])[H:13])[O:1][H:8])[H:9])[H:10],3.0,7.0
7,0.4192599952220917,AM1BCC,OpenEye,,,H,,8,[H:11][c:5]1[c:4]([c:3]([c:2]([c:7]([c:6]1[H:12])[H:13])[O:1][H:8])[H:9])[H:10],3.0,7.0
8,0.14156000316143036,AM1BCC,OpenEye,,,H,,9,[H:11][c:5]1[c:4]([c:3]([c:2]([c:7]([c:6]1[H:12])[H:13])[O:1][H:8])[H:9])[H:10],3.0,7.0
9,0.13315999507904053,AM1BCC,OpenEye,,,H,,10,[H:11][c:5]1[c:4]([c:3]([c:2]([c:7]([c:6]1[H:12])[H:13])[O:1][H:8])[H:9])[H:10],3.0,7.0
10,0.132860004901886,AM1BCC,OpenEye,,,H,,11,[H:11][c:5]1[c:4]([c:3]([c:2]([c:7]([c:6]1[H:12])[H:13])[O:1][H:8])[H:9])[H:10],3.0,7.0
11,0.13315999507904053,AM1BCC,OpenEye,,,H,,12,[H:11][c:5]1[c:4]([c:3]([c:2]([c:7]([c:6]1[H:12])[H:13])[O:1][H:8])[H:9])[H:10],3.0,7.0
12,0.14156000316143036,AM1BCC,OpenEye,,,H,,13,[H:11][c:5]1[c:4]([c:3]([c:2]([c:7]([c:6]1[H:12])[H:13])[O:1][H:8])[H:9])[H:10],3.0,7.0
0,-0.4990230769230769,AM1BCC,AmberTools,,,O,,1,[H:11][c:5]1[c:4]([c:3]([c:2]([c:7]([c:6]1[H:12])[H:13])[O:1][H:8])[H:9])[H:10],3.0,7.0
1,0.12317692307692309,AM1BCC,AmberTools,,,C,,2,[H:11][c:5]1[c:4]([c:3]([c:2]([c:7]([c:6]1[H:12])[H:13])[O:1][H:8])[H:9])[H:10],3.0,7.0
2,-0.1849230769230769,AM1BCC,AmberTools,,,C,,3,[H:11][c:5]1[c:4]([c:3]([c:2]([c:7]([c:6]1[H:12])[H:13])[O:1][H:8])[H:9])[H:10],3.0,7.0
3,-0.09442307692307692,AM1BCC,AmberTools,,,C,,4,[H:11][c:5]1[c:4]([c:3]([c:2]([c:7]([c:6]1[H:12])[H:13])[O:1][H:8])[H:9])[H:10],3.0,7.0
4,-0.16592307692307692,AM1BCC,AmberTools,,,C,,5,[H:11][c:5]1[c:4]([c:3]([c:2]([c:7]([c:6]1[H:12])[H:13])[O:1][H:8])[H:9])[H:10],3.0,7.0
5,-0.09442307692307692,AM1BCC,AmberTools,,,C,,6,[H:11][c:5]1[c:4]([c:3]([c:2]([c:7]([c:6]1[H:12])[H:13])[O:1][H:8])[H:9])[H:10],3.0,7.0
6,-0.1849230769230769,AM1BCC,AmberTools,,,C,,7,[H:11][c:5]1[c:4]([c:3]([c:2]([c:7]([c:6]1[H:12])[H:13])[O:1][H:8])[H:9])[H:10],3.0,7.0
7,0.41807692307692307,AM1BCC,AmberTools,,,H,,8,[H:11][c:5]1[c:4]([c:3]([c:2]([c:7]([c:6]1[H:12])[H:13])[O:1][H:8])[H:9])[H:10],3.0,7.0
8,0.14157692307692307,AM1BCC,AmberTools,,,H,,9,[H:11][c:5]1[c:4]([c:3]([c:2]([c:7]([c:6]1[H:12])[H:13])[O:1][H:8])[H:9])[H:10],3.0,7.0
9,0.1330769230769231,AM1BCC,AmberTools,,,H,,10,[H:11][c:5]1[c:4]([c:3]([c:2]([c:7]([c:6]1[H:12])[H:13])[O:1][H:8])[H:9])[H:10],3.0,7.0
10,0.1330769230769231,AM1BCC,AmberTools,,,H,,11,[H:11][c:5]1[c:4]([c:3]([c:2]([c:7]([c:6]1[H:12])[H:13])[O:1][H:8])[H:9])[H:10],3.0,7.0
11,0.1330769230769231,AM1BCC,AmberTools,,,H,,12,[H:11][c:5]1[c:4]([c:3]([c:2]([c:7]([c:6]1[H:12])[H:13])[O:1][H:8])[H:9])[H:10],3.0,7.0
12,0.14157692307692307,AM1BCC,AmberTools,,,H,,13,[H:11][c:5]1[c:4]([c:3]([c:2]([c:7]([c:6]1[H:12])[H:13])[O:1][H:8])[H:9])[H:10],3.0,7.0
0,-0.5001800048809785,AM1BCC,OpenEye,,,O,,1,[H:11][c:5]1[c:4]([c:3]([c:2]([c:7]([c:6]1[H:12])[H:13])[O:1][H:8])[H:9])[H:10],3.0,8.0
1,0.12442000324909504,AM1BCC,OpenEye,,,C,,2,[H:11][c:5]1[c:4]([c:3]([c:2]([c:7]([c:6]1[H:12])[H:13])[O:1][H:8])[H:9])[H:10],3.0,8.0
2,-0.1861200023155946,AM1BCC,OpenEye,,,C,,3,[H:11][c:5]1[c:4]([c:3]([c:2]([c:7]([c:6]1[H:12])[H:13])[O:1][H:8])[H:9])[H:10],3.0,8.0
3,-0.09325999651963894,AM1BCC,OpenEye,,,C,,4,[H:11][c:5]1[c:4]([c:3]([c:2]([c:7]([c:6]1[H:12])[H:13])[O:1][H:8])[H:9])[H:10],3.0,8.0
4,-0.16705000285918897,AM1BCC,OpenEye,,,C,,5,[H:11][c:5]1[c:4]([c:3]([c:2]([c:7]([c:6]1[H:12])[H:13])[O:1][H:8])[H:9])[H:10],3.0,8.0
5,-0.09325999651963894,AM1BCC,OpenEye,,,C,,6,[H:11][c:5]1[c:4]([c:3]([c:2]([c:7]([c:6]1[H:12])[H:13])[O:1][H:8])[H:9])[H:10],3.0,8.0
6,-0.1861200023155946,AM1BCC,OpenEye,,,C,,7,[H:11][c:5]1[c:4]([c:3]([c:2]([c:7]([c:6]1[H:12])[H:13])[O:1][H:8])[H:9])[H:10],3.0,8.0
7,0.41925999636833483,AM1BCC,OpenEye,,,H,,8,[H:11][c:5]1[c:4]([c:3]([c:2]([c:7]([c:6]1[H:12])[H:13])[O:1][H:8])[H:9])[H:10],3.0,8.0
8,0.14156000430767351,AM1BCC,OpenEye,,,H,,9,[H:11][c:5]1[c:4]([c:3]([c:2]([c:7]([c:6]1[H:12])[H:13])[O:1][H:8])[H:9])[H:10],3.0,8.0
9,0.13315999622528368,AM1BCC,OpenEye,,,H,,10,[H:11][c:5]1[c:4]([c:3]([c:2]([c:7]([c:6]1[H:12])[H:13])[O:1][H:8])[H:9])[H:10],3.0,8.0
10,0.13287000472729021,AM1BCC,OpenEye,,,H,,11,[H:11][c:5]1[c:4]([c:3]([c:2]([c:7]([c:6]1[H:12])[H:13])[O:1][H:8])[H:9])[H:10],3.0,8.0
11,0.13315999622528368,AM1BCC,OpenEye,,,H,,12,[H:11][c:5]1[c:4]([c:3]([c:2]([c:7]([c:6]1[H:12])[H:13])[O:1][H:8])[H:9])[H:10],3.0,8.0
12,0.14156000430767351,AM1BCC,OpenEye,,,H,,13,[H:11][c:5]1[c:4]([c:3]([c:2]([c:7]([c:6]1[H:12])[H:13])[O:1][H:8])[H:9])[H:10],3.0,8.0
0,-0.4990230769230769,AM1BCC,AmberTools,,,O,,1,[H:11][c:5]1[c:4]([c:3]([c:2]([c:7]([c:6]1[H:12])[H:13])[O:1][H:8])[H:9])[H:10],3.0,8.0
1,0.12317692307692309,AM1BCC,AmberTools,,,C,,2,[H:11][c:5]1[c:4]([c:3]([c:2]([c:7]([c:6]1[H:12])[H:13])[O:1][H:8])[H:9])[H:10],3.0,8.0
2,-0.1849230769230769,AM1BCC,AmberTools,,,C,,3,[H:11][c:5]1[c:4]([c:3]([c:2]([c:7]([c:6]1[H:12])[H:13])[O:1][H:8])[H:9])[H:10],3.0,8.0
3,-0.09442307692307692,AM1BCC,AmberTools,,,C,,4,[H:11][c:5]1[c:4]([c:3]([c:2]([c:7]([c:6]1[H:12])[H:13])[O:1][H:8])[H:9])[H:10],3.0,8.0
4,-0.16592307692307692,AM1BCC,AmberTools,,,C,,5,[H:11][c:5]1[c:4]([c:3]([c:2]([c:7]([c:6]1[H:12])[H:13])[O:1][H:8])[H:9])[H:10],3.0,8.0
5,-0.09442307692307692,AM1BCC,AmberTools,,,C,,6,[H:11][c:5]1[c:4]([c:3]([c:2]([c:7]([c:6]1[H:12])[H:13])[O:1][H:8])[H:9])[H:10],3.0,8.0
6,-0.1849230769230769,AM1BCC,AmberTools,,,C,,7,[H:11][c:5]1[c:4]([c:3]([c:2]([c:7]([c:6]1[H:12])[H:13])[O:1][H:8])[H:9])[H:10],3.0,8.0
7,0.41807692307692307,AM1BCC,AmberTools,,,H,,8,[H:11][c:5]1[c:4]([c:3]([c:2]([c:7]([c:6]1[H:12])[H:13])[O:1][H:8])[H:9])[H:10],3.0,8.0
8,0.14157692307692307,AM1BCC,AmberTools,,,H,,9,[H:11][c:5]1[c:4]([c:3]([c:2]([c:7]([c:6]1[H:12])[H:13])[O:1][H:8])[H:9])[H:10],3.0,8.0
9,0.1330769230769231,AM1BCC,AmberTools,,,H,,10,[H:11][c:5]1[c:4]([c:3]([c:2]([c:7]([c:6]1[H:12])[H:13])[O:1][H:8])[H:9])[H:10],3.0,8.0
10,0.1330769230769231,AM1BCC,AmberTools,,,H,,11,[H:11][c:5]1[c:4]([c:3]([c:2]([c:7]([c:6]1[H:12])[H:13])[O:1][H:8])[H:9])[H:10],3.0,8.0
11,0.1330769230769231,AM1BCC,AmberTools,,,H,,12,[H:11][c:5]1[c:4]([c:3]([c:2]([c:7]([c:6]1[H:12])[H:13])[O:1][H:8])[H:9])[H:10],3.0,8.0
12,0.14157692307692307,AM1BCC,AmberTools,,,H,,13,[H:11][c:5]1[c:4]([c:3]([c:2]([c:7]([c:6]1[H:12])[H:13])[O:1][H:8])[H:9])[H:10],3.0,8.0
0,-0.5001800048809785,AM1BCC,OpenEye,,,O,,1,[H:11][c:5]1[c:4]([c:3]([c:2]([c:7]([c:6]1[H:12])[H:13])[O:1][H:8])[H:9])[H:10],3.0,9.0
1,0.12443000192825611,AM1BCC,OpenEye,,,C,,2,[H:11][c:5]1[c:4]([c:3]([c:2]([c:7]([c:6]1[H:12])[H:13])[O:1][H:8])[H:9])[H:10],3.0,9.0
2,-0.1861200023155946,AM1BCC,OpenEye,,,C,,3,[H:11][c:5]1[c:4]([c:3]([c:2]([c:7]([c:6]1[H:12])[H:13])[O:1][H:8])[H:9])[H:10],3.0,9.0
3,-0.09325999651963894,AM1BCC,OpenEye,,,C,,4,[H:11][c:5]1[c:4]([c:3]([c:2]([c:7]([c:6]1[H:12])[H:13])[O:1][H:8])[H:9])[H:10],3.0,9.0
4,-0.16705000285918897,AM1BCC,OpenEye,,,C,,5,[H:11][c:5]1[c:4]([c:3]([c:2]([c:7]([c:6]1[H:12])[H:13])[O:1][H:8])[H:9])[H:10],3.0,9.0
5,-0.09325999651963894,AM1BCC,OpenEye,,,C,,6,[H:11][c:5]1[c:4]([c:3]([c:2]([c:7]([c:6]1[H:12])[H:13])[O:1][H:8])[H:9])[H:10],3.0,9.0
6,-0.1861200023155946,AM1BCC,OpenEye,,,C,,7,[H:11][c:5]1[c:4]([c:3]([c:2]([c:7]([c:6]1[H:12])[H:13])[O:1][H:8])[H:9])[H:10],3.0,9.0
7,0.41925999636833483,AM1BCC,OpenEye,,,H,,8,[H:11][c:5]1[c:4]([c:3]([c:2]([c:7]([c:6]1[H:12])[H:13])[O:1][H:8])[H:9])[H:10],3.0,9.0
8,0.14156000430767351,AM1BCC,OpenEye,,,H,,9,[H:11][c:5]1[c:4]([c:3]([c:2]([c:7]([c:6]1[H:12])[H:13])[O:1][H:8])[H:9])[H:10],3.0,9.0
9,0.13315999622528368,AM1BCC,OpenEye,,,H,,10,[H:11][c:5]1[c:4]([c:3]([c:2]([c:7]([c:6]1[H:12])[H:13])[O:1][H:8])[H:9])[H:10],3.0,9.0
10,0.13286000604812914,AM1BCC,OpenEye,,,H,,11,[H:11][c:5]1[c:4]([c:3]([c:2]([c:7]([c:6]1[H:12])[H:13])[O:1][H:8])[H:9])[H:10],3.0,9.0
11,0.13315999622528368,AM1BCC,OpenEye,,,H,,12,[H:11][c:5]1[c:4]([c:3]([c:2]([c:7]([c:6]1[H:12])[H:13])[O:1][H:8])[H:9])[H:10],3.0,9.0
12,0.14156000430767351,AM1BCC,OpenEye,,,H,,13,[H:11][c:5]1[c:4]([c:3]([c:2]([c:7]([c:6]1[H:12])[H:13])[O:1][H:8])[H:9])[H:10],3.0,9.0
0,-0.4990230769230769,AM1BCC,AmberTools,,,O,,1,[H:11][c:5]1[c:4]([c:3]([c:2]([c:7]([c:6]1[H:12])[H:13])[O:1][H:8])[H:9])[H:10],3.0,9.0
1,0.12317692307692309,AM1BCC,AmberTools,,,C,,2,[H:11][c:5]1[c:4]([c:3]([c:2]([c:7]([c:6]1[H:12])[H:13])[O:1][H:8])[H:9])[H:10],3.0,9.0
2,-0.1849230769230769,AM1BCC,AmberTools,,,C,,3,[H:11][c:5]1[c:4]([c:3]([c:2]([c:7]([c:6]1[H:12])[H:13])[O:1][H:8])[H:9])[H:10],3.0,9.0
3,-0.09442307692307692,AM1BCC,AmberTools,,,C,,4,[H:11][c:5]1[c:4]([c:3]([c:2]([c:7]([c:6]1[H:12])[H:13])[O:1][H:8])[H:9])[H:10],3.0,9.0
4,-0.16592307692307692,AM1BCC,AmberTools,,,C,,5,[H:11][c:5]1[c:4]([c:3]([c:2]([c:7]([c:6]1[H:12])[H:13])[O:1][H:8])[H:9])[H:10],3.0,9.0
5,-0.09442307692307692,AM1BCC,AmberTools,,,C,,6,[H:11][c:5]1[c:4]([c:3]([c:2]([c:7]([c:6]1[H:12])[H:13])[O:1][H:8])[H:9])[H:10],3.0,9.0
6,-0.1849230769230769,AM1BCC,AmberTools,,,C,,7,[H:11][c:5]1[c:4]([c:3]([c:2]([c:7]([c:6]1[H:12])[H:13])[O:1][H:8])[H:9])[H:10],3.0,9.0
7,0.41807692307692307,AM1BCC,AmberTools,,,H,,8,[H:11][c:5]1[c:4]([c:3]([c:2]([c:7]([c:6]1[H:12])[H:13])[O:1][H:8])[H:9])[H:10],3.0,9.0
8,0.14157692307692307,AM1BCC,AmberTools,,,H,,9,[H:11][c:5]1[c:4]([c:3]([c:2]([c:7]([c:6]1[H:12])[H:13])[O:1][H:8])[H:9])[H:10],3.0,9.0
9,0.1330769230769231,AM1BCC,AmberTools,,,H,,10,[H:11][c:5]1[c:4]([c:3]([c:2]([c:7]([c:6]1[H:12])[H:13])[O:1][H:8])[H:9])[H:10],3.0,9.0
10,0.1330769230769231,AM1BCC,AmberTools,,,H,,11,[H:11][c:5]1[c:4]([c:3]([c:2]([c:7]([c:6]1[H:12])[H:13])[O:1][H:8])[H:9])[H:10],3.0,9.0
11,0.1330769230769231,AM1BCC,AmberTools,,,H,,12,[H:11][c:5]1[c:4]([c:3]([c:2]([c:7]([c:6]1[H:12])[H:13])[O:1][H:8])[H:9])[H:10],3.0,9.0
12,0.14157692307692307,AM1BCC,AmberTools,,,H,,13,[H:11][c:5]1[c:4]([c:3]([c:2]([c:7]([c:6]1[H:12])[H:13])[O:1][H:8])[H:9])[H:10],3.0,9.0
0,-0.5001699924468994,AM1BCC,OpenEye,,,O,,1,[H:11][c:5]1[c:4]([c:3]([c:2]([c:7]([c:6]1[H:12])[H:13])[O:1][H:8])[H:9])[H:10],3.0,10.0
1,0.12443000078201294,AM1BCC,OpenEye,,,C,,2,[H:11][c:5]1[c:4]([c:3]([c:2]([c:7]([c:6]1[H:12])[H:13])[O:1][H:8])[H:9])[H:10],3.0,10.0
2,-0.18612000346183777,AM1BCC,OpenEye,,,C,,3,[H:11][c:5]1[c:4]([c:3]([c:2]([c:7]([c:6]1[H:12])[H:13])[O:1][H:8])[H:9])[H:10],3.0,10.0
3,-0.09325999766588211,AM1BCC,OpenEye,,,C,,4,[H:11][c:5]1[c:4]([c:3]([c:2]([c:7]([c:6]1[H:12])[H:13])[O:1][H:8])[H:9])[H:10],3.0,10.0
4,-0.1670600026845932,AM1BCC,OpenEye,,,C,,5,[H:11][c:5]1[c:4]([c:3]([c:2]([c:7]([c:6]1[H:12])[H:13])[O:1][H:8])[H:9])[H:10],3.0,10.0
5,-0.09325999766588211,AM1BCC,OpenEye,,,C,,6,[H:11][c:5]1[c:4]([c:3]([c:2]([c:7]([c:6]1[H:12])[H:13])[O:1][H:8])[H:9])[H:10],3.0,10.0
6,-0.18612000346183777,AM1BCC,OpenEye,,,C,,7,[H:11][c:5]1[c:4]([c:3]([c:2]([c:7]([c:6]1[H:12])[H:13])[O:1][H:8])[H:9])[H:10],3.0,10.0
7,0.4192599952220917,AM1BCC,OpenEye,,,H,,8,[H:11][c:5]1[c:4]([c:3]([c:2]([c:7]([c:6]1[H:12])[H:13])[O:1][H:8])[H:9])[H:10],3.0,10.0
8,0.14156000316143036,AM1BCC,OpenEye,,,H,,9,[H:11][c:5]1[c:4]([c:3]([c:2]([c:7]([c:6]1[H:12])[H:13])[O:1][H:8])[H:9])[H:10],3.0,10.0
9,0.13315999507904053,AM1BCC,OpenEye,,,H,,10,[H:11][c:5]1[c:4]([c:3]([c:2]([c:7]([c:6]1[H:12])[H:13])[O:1][H:8])[H:9])[H:10],3.0,10.0
10,0.132860004901886,AM1BCC,OpenEye,,,H,,11,[H:11][c:5]1[c:4]([c:3]([c:2]([c:7]([c:6]1[H:12])[H:13])[O:1][H:8])[H:9])[H:10],3.0,10.0
11,0.13315999507904053,AM1BCC,OpenEye,,,H,,12,[H:11][c:5]1[c:4]([c:3]([c:2]([c:7]([c:6]1[H:12])[H:13])[O:1][H:8])[H:9])[H:10],3.0,10.0
12,0.14156000316143036,AM1BCC,OpenEye,,,H,,13,[H:11][c:5]1[c:4]([c:3]([c:2]([c:7]([c:6]1[H:12])[H:13])[O:1][H:8])[H:9])[H:10],3.0,10.0
0,-0.4990230769230769,AM1BCC,AmberTools,,,O,,1,[H:11][c:5]1[c:4]([c:3]([c:2]([c:7]([c:6]1[H:12])[H:13])[O:1][H:8])[H:9])[H:10],3.0,10.0
1,0.12317692307692309,AM1BCC,AmberTools,,,C,,2,[H:11][c:5]1[c:4]([c:3]([c:2]([c:7]([c:6]1[H:12])[H:13])[O:1][H:8])[H:9])[H:10],3.0,10.0
2,-0.1849230769230769,AM1BCC,AmberTools,,,C,,3,[H:11][c:5]1[c:4]([c:3]([c:2]([c:7]([c:6]1[H:12])[H:13])[O:1][H:8])[H:9])[H:10],3.0,10.0
3,-0.09442307692307692,AM1BCC,AmberTools,,,C,,4,[H:11][c:5]1[c:4]([c:3]([c:2]([c:7]([c:6]1[H:12])[H:13])[O:1][H:8])[H:9])[H:10],3.0,10.0
4,-0.16592307692307692,AM1BCC,AmberTools,,,C,,5,[H:11][c:5]1[c:4]([c:3]([c:2]([c:7]([c:6]1[H:12])[H:13])[O:1][H:8])[H:9])[H:10],3.0,10.0
5,-0.09442307692307692,AM1BCC,AmberTools,,,C,,6,[H:11][c:5]1[c:4]([c:3]([c:2]([c:7]([c:6]1[H:12])[H:13])[O:1][H:8])[H:9])[H:10],3.0,10.0
6,-0.1849230769230769,AM1BCC,AmberTools,,,C,,7,[H:11][c:5]1[c:4]([c:3]([c:2]([c:7]([c:6]1[H:12])[H:13])[O:1][H:8])[H:9])[H:10],3.0,10.0
7,0.41807692307692307,AM1BCC,AmberTools,,,H,,8,[H:11][c:5]1[c:4]([c:3]([c:2]([c:7]([c:6]1[H:12])[H:13])[O:1][H:8])[H:9])[H:10],3.0,10.0
8,0.14157692307692307,AM1BCC,AmberTools,,,H,,9,[H:11][c:5]1[c:4]([c:3]([c:2]([c:7]([c:6]1[H:12])[H:13])[O:1][H:8])[H:9])[H:10],3.0,10.0
9,0.1330769230769231,AM1BCC,AmberTools,,,H,,10,[H:11][c:5]1[c:4]([c:3]([c:2]([c:7]([c:6]1[H:12])[H:13])[O:1][H:8])[H:9])[H:10],3.0,10.0
10,0.1330769230769231,AM1BCC,AmberTools,,,H,,11,[H:11][c:5]1[c:4]([c:3]([c:2]([c:7]([c:6]1[H:12])[H:13])[O:1][H:8])[H:9])[H:10],3.0,10.0
11,0.1330769230769231,AM1BCC,AmberTools,,,H,,12,[H:11][c:5]1[c:4]([c:3]([c:2]([c:7]([c:6]1[H:12])[H:13])[O:1][H:8])[H:9])[H:10],3.0,10.0
12,0.14157692307692307,AM1BCC,AmberTools,,,H,,13,[H:11][c:5]1[c:4]([c:3]([c:2]([c:7]([c:6]1[H:12])[H:13])[O:1][H:8])[H:9])[H:10],3.0,10.0
0,-0.5001800048809785,AM1BCC,OpenEye,,,O,,1,[H:11][c:5]1[c:4]([c:3]([c:2]([c:7]([c:6]1[H:12])[H:13])[O:1][H:8])[H:9])[H:10],3.0,11.0
1,0.12442000324909504,AM1BCC,OpenEye,,,C,,2,[H:11][c:5]1[c:4]([c:3]([c:2]([c:7]([c:6]1[H:12])[H:13])[O:1][H:8])[H:9])[H:10],3.0,11.0
2,-0.1861200023155946,AM1BCC,OpenEye,,,C,,3,[H:11][c:5]1[c:4]([c:3]([c:2]([c:7]([c:6]1[H:12])[H:13])[O:1][H:8])[H:9])[H:10],3.0,11.0
3,-0.09325999651963894,AM1BCC,OpenEye,,,C,,4,[H:11][c:5]1[c:4]([c:3]([c:2]([c:7]([c:6]1[H:12])[H:13])[O:1][H:8])[H:9])[H:10],3.0,11.0
4,-0.16705000285918897,AM1BCC,OpenEye,,,C,,5,[H:11][c:5]1[c:4]([c:3]([c:2]([c:7]([c:6]1[H:12])[H:13])[O:1][H:8])[H:9])[H:10],3.0,11.0
5,-0.09325999651963894,AM1BCC,OpenEye,,,C,,6,[H:11][c:5]1[c:4]([c:3]([c:2]([c:7]([c:6]1[H:12])[H:13])[O:1][H:8])[H:9])[H:10],3.0,11.0
6,-0.1861200023155946,AM1BCC,OpenEye,,,C,,7,[H:11][c:5]1[c:4]([c:3]([c:2]([c:7]([c:6]1[H:12])[H:13])[O:1][H:8])[H:9])[H:10],3.0,11.0
7,0.41925999636833483,AM1BCC,OpenEye,,,H,,8,[H:11][c:5]1[c:4]([c:3]([c:2]([c:7]([c:6]1[H:12])[H:13])[O:1][H:8])[H:9])[H:10],3.0,11.0
8,0.14156000430767351,AM1BCC,OpenEye,,,H,,9,[H:11][c:5]1[c:4]([c:3]([c:2]([c:7]([c:6]1[H:12])[H:13])[O:1][H:8])[H:9])[H:10],3.0,11.0
9,0.13315999622528368,AM1BCC,OpenEye,,,H,,10,[H:11][c:5]1[c:4]([c:3]([c:2]([c:7]([c:6]1[H:12])[H:13])[O:1][H:8])[H:9])[H:10],3.0,11.0
10,0.13287000472729021,AM1BCC,OpenEye,,,H,,11,[H:11][c:5]1[c:4]([c:3]([c:2]([c:7]([c:6]1[H:12])[H:13])[O:1][H:8])[H:9])[H:10],3.0,11.0
11,0.13315999622528368,AM1BCC,OpenEye,,,H,,12,[H:11][c:5]1[c:4]([c:3]([c:2]([c:7]([c:6]1[H:12])[H:13])[O:1][H:8])[H:9])[H:10],3.0,11.0
12,0.14156000430767351,AM1BCC,OpenEye,,,H,,13,[H:11][c:5]1[c:4]([c:3]([c:2]([c:7]([c:6]1[H:12])[H:13])[O:1][H:8])[H:9])[H:10],3.0,11.0
0,-0.4990230769230769,AM1BCC,AmberTools,,,O,,1,[H:11][c:5]1[c:4]([c:3]([c:2]([c:7]([c:6]1[H:12])[H:13])[O:1][H:8])[H:9])[H:10],3.0,11.0
1,0.12317692307692309,AM1BCC,AmberTools,,,C,,2,[H:11][c:5]1[c:4]([c:3]([c:2]([c:7]([c:6]1[H:12])[H:13])[O:1][H:8])[H:9])[H:10],3.0,11.0
2,-0.1849230769230769,AM1BCC,AmberTools,,,C,,3,[H:11][c:5]1[c:4]([c:3]([c:2]([c:7]([c:6]1[H:12])[H:13])[O:1][H:8])[H:9])[H:10],3.0,11.0
3,-0.09442307692307692,AM1BCC,AmberTools,,,C,,4,[H:11][c:5]1[c:4]([c:3]([c:2]([c:7]([c:6]1[H:12])[H:13])[O:1][H:8])[H:9])[H:10],3.0,11.0
4,-0.16592307692307692,AM1BCC,AmberTools,,,C,,5,[H:11][c:5]1[c:4]([c:3]([c:2]([c:7]([c:6]1[H:12])[H:13])[O:1][H:8])[H:9])[H:10],3.0,11.0
5,-0.09442307692307692,AM1BCC,AmberTools,,,C,,6,[H:11][c:5]1[c:4]([c:3]([c:2]([c:7]([c:6]1[H:12])[H:13])[O:1][H:8])[H:9])[H:10],3.0,11.0
6,-0.1849230769230769,AM1BCC,AmberTools,,,C,,7,[H:11][c:5]1[c:4]([c:3]([c:2]([c:7]([c:6]1[H:12])[H:13])[O:1][H:8])[H:9])[H:10],3.0,11.0
7,0.41807692307692307,AM1BCC,AmberTools,,,H,,8,[H:11][c:5]1[c:4]([c:3]([c:2]([c:7]([c:6]1[H:12])[H:13])[O:1][H:8])[H:9])[H:10],3.0,11.0
8,0.14157692307692307,AM1BCC,AmberTools,,,H,,9,[H:11][c:5]1[c:4]([c:3]([c:2]([c:7]([c:6]1[H:12])[H:13])[O:1][H:8])[H:9])[H:10],3.0,11.0
9,0.1330769230769231,AM1BCC,AmberTools,,,H,,10,[H:11][c:5]1[c:4]([c:3]([c:2]([c:7]([c:6]1[H:12])[H:13])[O:1][H:8])[H:9])[H:10],3.0,11.0
10,0.1330769230769231,AM1BCC,AmberTools,,,H,,11,[H:11][c:5]1[c:4]([c:3]([c:2]([c:7]([c:6]1[H:12])[H:13])[O:1][H:8])[H:9])[H:10],3.0,11.0
11,0.1330769230769231,AM1BCC,AmberTools,,,H,,12,[H:11][c:5]1[c:4]([c:3]([c:2]([c:7]([c:6]1[H:12])[H:13])[O:1][H:8])[H:9])[H:10],3.0,11.0
12,0.14157692307692307,AM1BCC,AmberTools,,,H,,13,[H:11][c:5]1[c:4]([c:3]([c:2]([c:7]([c:6]1[H:12])[H:13])[O:1][H:8])[H:9])[H:10],3.0,11.0
0,-0.5001699924468994,AM1BCC,OpenEye,,,O,,1,[H:11][c:5]1[c:4]([c:3]([c:2]([c:7]([c:6]1[H:12])[H:13])[O:1][H:8])[H:9])[H:10],3.0,12.0
1,0.12443000078201294,AM1BCC,OpenEye,,,C,,2,[H:11][c:5]1[c:4]([c:3]([c:2]([c:7]([c:6]1[H:12])[H:13])[O:1][H:8])[H:9])[H:10],3.0,12.0
2,-0.18612000346183777,AM1BCC,OpenEye,,,C,,3,[H:11][c:5]1[c:4]([c:3]([c:2]([c:7]([c:6]1[H:12])[H:13])[O:1][H:8])[H:9])[H:10],3.0,12.0
3,-0.09325999766588211,AM1BCC,OpenEye,,,C,,4,[H:11][c:5]1[c:4]([c:3]([c:2]([c:7]([c:6]1[H:12])[H:13])[O:1][H:8])[H:9])[H:10],3.0,12.0
4,-0.1670600026845932,AM1BCC,OpenEye,,,C,,5,[H:11][c:5]1[c:4]([c:3]([c:2]([c:7]([c:6]1[H:12])[H:13])[O:1][H:8])[H:9])[H:10],3.0,12.0
5,-0.09325999766588211,AM1BCC,OpenEye,,,C,,6,[H:11][c:5]1[c:4]([c:3]([c:2]([c:7]([c:6]1[H:12])[H:13])[O:1][H:8])[H:9])[H:10],3.0,12.0
6,-0.18612000346183777,AM1BCC,OpenEye,,,C,,7,[H:11][c:5]1[c:4]([c:3]([c:2]([c:7]([c:6]1[H:12])[H:13])[O:1][H:8])[H:9])[H:10],3.0,12.0
7,0.4192599952220917,AM1BCC,OpenEye,,,H,,8,[H:11][c:5]1[c:4]([c:3]([c:2]([c:7]([c:6]1[H:12])[H:13])[O:1][H:8])[H:9])[H:10],3.0,12.0
8,0.14156000316143036,AM1BCC,OpenEye,,,H,,9,[H:11][c:5]1[c:4]([c:3]([c:2]([c:7]([c:6]1[H:12])[H:13])[O:1][H:8])[H:9])[H:10],3.0,12.0
9,0.13315999507904053,AM1BCC,OpenEye,,,H,,10,[H:11][c:5]1[c:4]([c:3]([c:2]([c:7]([c:6]1[H:12])[H:13])[O:1][H:8])[H:9])[H:10],3.0,12.0
10,0.132860004901886,AM1BCC,OpenEye,,,H,,11,[H:11][c:5]1[c:4]([c:3]([c:2]([c:7]([c:6]1[H:12])[H:13])[O:1][H:8])[H:9])[H:10],3.0,12.0
11,0.13315999507904053,AM1BCC,OpenEye,,,H,,12,[H:11][c:5]1[c:4]([c:3]([c:2]([c:7]([c:6]1[H:12])[H:13])[O:1][H:8])[H:9])[H:10],3.0,12.0
12,0.14156000316143036,AM1BCC,OpenEye,,,H,,13,[H:11][c:5]1[c:4]([c:3]([c:2]([c:7]([c:6]1[H:12])[H:13])[O:1][H:8])[H:9])[H:10],3.0,12.0
0,-0.4990230769230769,AM1BCC,AmberTools,,,O,,1,[H:11][c:5]1[c:4]([c:3]([c:2]([c:7]([c:6]1[H:12])[H:13])[O:1][H:8])[H:9])[H:10],3.0,12.0
1,0.12317692307692309,AM1BCC,AmberTools,,,C,,2,[H:11][c:5]1[c:4]([c:3]([c:2]([c:7]([c:6]1[H:12])[H:13])[O:1][H:8])[H:9])[H:10],3.0,12.0
2,-0.1849230769230769,AM1BCC,AmberTools,,,C,,3,[H:11][c:5]1[c:4]([c:3]([c:2]([c:7]([c:6]1[H:12])[H:13])[O:1][H:8])[H:9])[H:10],3.0,12.0
3,-0.09442307692307692,AM1BCC,AmberTools,,,C,,4,[H:11][c:5]1[c:4]([c:3]([c:2]([c:7]([c:6]1[H:12])[H:13])[O:1][H:8])[H:9])[H:10],3.0,12.0
4,-0.16592307692307692,AM1BCC,AmberTools,,,C,,5,[H:11][c:5]1[c:4]([c:3]([c:2]([c:7]([c:6]1[H:12])[H:13])[O:1][H:8])[H:9])[H:10],3.0,12.0
5,-0.09442307692307692,AM1BCC,AmberTools,,,C,,6,[H:11][c:5]1[c:4]([c:3]([c:2]([c:7]([c:6]1[H:12])[H:13])[O:1][H:8])[H:9])[H:10],3.0,12.0
6,-0.1849230769230769,AM1BCC,AmberTools,,,C,,7,[H:11][c:5]1[c:4]([c:3]([c:2]([c:7]([c:6]1[H:12])[H:13])[O:1][H:8])[H:9])[H:10],3.0,12.0
7,0.41807692307692307,AM1BCC,AmberTools,,,H,,8,[H:11][c:5]1[c:4]([c:3]([c:2]([c:7]([c:6]1[H:12])[H:13])[O:1][H:8])[H:9])[H:10],3.0,12.0
8,0.14157692307692307,AM1BCC,AmberTools,,,H,,9,[H:11][c:5]1[c:4]([c:3]([c:2]([c:7]([c:6]1[H:12])[H:13])[O:1][H:8])[H:9])[H:10],3.0,12.0
9,0.1330769230769231,AM1BCC,AmberTools,,,H,,10,[H:11][c:5]1[c:4]([c:3]([c:2]([c:7]([c:6]1[H:12])[H:13])[O:1][H:8])[H:9])[H:10],3.0,12.0
10,0.1330769230769231,AM1BCC,AmberTools,,,H,,11,[H:11][c:5]1[c:4]([c:3]([c:2]([c:7]([c:6]1[H:12])[H:13])[O:1][H:8])[H:9])[H:10],3.0,12.0
11,0.1330769230769231,AM1BCC,AmberTools,,,H,,12,[H:11][c:5]1[c:4]([c:3]([c:2]([c:7]([c:6]1[H:12])[H:13])[O:1][H:8])[H:9])[H:10],3.0,12.0
12,0.14157692307692307,AM1BCC,AmberTools,,,H,,13,[H:11][c:5]1[c:4]([c:3]([c:2]([c:7]([c:6]1[H:12])[H:13])[O:1][H:8])[H:9])[H:10],3.0,12.0
0,-0.2639882555947854,AM1,OpenEye,,,O,,1,[H:11][c:5]1[c:4]([c:3]([c:2]([c:7]([c:6]1[H:12])[H:13])[O:1][H:8])[H:9])[H:10],1.0,1.0
1,0.06026939016122084,AM1,OpenEye,,,C,,2,[H:11][c:5]1[c:4]([c:3]([c:2]([c:7]([c:6]1[H:12])[H:13])[O:1][H:8])[H:9])[H:10],1.0,1.0
2,-0.1442466816649987,AM1,OpenEye,,,C,,3,[H:11][c:5]1[c:4]([c:3]([c:2]([c:7]([c:6]1[H:12])[H:13])[O:1][H:8])[H:9])[H:10],1.0,1.0
3,-0.10808560166221398,AM1,OpenEye,,,C,,4,[H:11][c:5]1[c:4]([c:3]([c:2]([c:7]([c:6]1[H:12])[H:13])[O:1][H:8])[H:9])[H:10],1.0,1.0
4,-0.1518124184356286,AM1,OpenEye,,,C,,5,[H:11][c:5]1[c:4]([c:3]([c:2]([c:7]([c:6]1[H:12])[H:13])[O:1][H:8])[H:9])[H:10],1.0,1.0
5,-0.10387547228198785,AM1,OpenEye,,,C,,6,[H:11][c:5]1[c:4]([c:3]([c:2]([c:7]([c:6]1[H:12])[H:13])[O:1][H:8])[H:9])[H:10],1.0,1.0
6,-0.1881305268750741,AM1,OpenEye,,,C,,7,[H:11][c:5]1[c:4]([c:3]([c:2]([c:7]([c:6]1[H:12])[H:13])[O:1][H:8])[H:9])[H:10],1.0,1.0
7,0.2155017414345191,AM1,OpenEye,,,H,,8,[H:11][c:5]1[c:4]([c:3]([c:2]([c:7]([c:6]1[H:12])[H:13])[O:1][H:8])[H:9])[H:10],1.0,1.0
8,0.14823335495132667,AM1,OpenEye,,,H,,9,[H:11][c:5]1[c:4]([c:3]([c:2]([c:7]([c:6]1[H:12])[H:13])[O:1][H:8])[H:9])[H:10],1.0,1.0
9,0.13408316757816535,AM1,OpenEye,,,H,,10,[H:11][c:5]1[c:4]([c:3]([c:2]([c:7]([c:6]1[H:12])[H:13])[O:1][H:8])[H:9])[H:10],1.0,1.0
10,0.1329955914272712,AM1,OpenEye,,,H,,11,[H:11][c:5]1[c:4]([c:3]([c:2]([c:7]([c:6]1[H:12])[H:13])[O:1][H:8])[H:9])[H:10],1.0,1.0
11,0.133774504925196,AM1,OpenEye,,,H,,12,[H:11][c:5]1[c:4]([c:3]([c:2]([c:7]([c:6]1[H:12])[H:13])[O:1][H:8])[H:9])[H:10],1.0,1.0
12,0.1352812060369895,AM1,OpenEye,,,H,,13,[H:11][c:5]1[c:4]([c:3]([c:2]([c:7]([c:6]1[H:12])[H:13])[O:1][H:8])[H:9])[H:10],1.0,1.0
0,-0.2529230769230769,AM1,AmberTools,,,O,,1,[H:11][c:5]1[c:4]([c:3]([c:2]([c:7]([c:6]1[H:12])[H:13])[O:1][H:8])[H:9])[H:10],1.0,1.0
1,0.07807692307692307,AM1,AmberTools,,,C,,2,[H:11][c:5]1[c:4]([c:3]([c:2]([c:7]([c:6]1[H:12])[H:13])[O:1][H:8])[H:9])[H:10],1.0,1.0
2,-0.15692307692307694,AM1,AmberTools,,,C,,3,[H:11][c:5]1[c:4]([c:3]([c:2]([c:7]([c:6]1[H:12])[H:13])[O:1][H:8])[H:9])[H:10],1.0,1.0
3,-0.09692307692307693,AM1,AmberTools,,,C,,4,[H:11][c:5]1[c:4]([c:3]([c:2]([c:7]([c:6]1[H:12])[H:13])[O:1][H:8])[H:9])[H:10],1.0,1.0
4,-0.16592307692307695,AM1,AmberTools,,,C,,5,[H:11][c:5]1[c:4]([c:3]([c:2]([c:7]([c:6]1[H:12])[H:13])[O:1][H:8])[H:9])[H:10],1.0,1.0
5,-0.09192307692307693,AM1,AmberTools,,,C,,6,[H:11][c:5]1[c:4]([c:3]([c:2]([c:7]([c:6]1[H:12])[H:13])[O:1][H:8])[H:9])[H:10],1.0,1.0
6,-0.21292307692307694,AM1,AmberTools,,,C,,7,[H:11][c:5]1[c:4]([c:3]([c:2]([c:7]([c:6]1[H:12])[H:13])[O:1][H:8])[H:9])[H:10],1.0,1.0
7,0.21707692307692306,AM1,AmberTools,,,H,,8,[H:11][c:5]1[c:4]([c:3]([c:2]([c:7]([c:6]1[H:12])[H:13])[O:1][H:8])[H:9])[H:10],1.0,1.0
8,0.15007692307692305,AM1,AmberTools,,,H,,9,[H:11][c:5]1[c:4]([c:3]([c:2]([c:7]([c:6]1[H:12])[H:13])[O:1][H:8])[H:9])[H:10],1.0,1.0
9,0.13407692307692307,AM1,AmberTools,,,H,,10,[H:11][c:5]1[c:4]([c:3]([c:2]([c:7]([c:6]1[H:12])[H:13])[O:1][H:8])[H:9])[H:10],1.0,1.0
10,0.13307692307692306,AM1,AmberTools,,,H,,11,[H:11][c:5]1[c:4]([c:3]([c:2]([c:7]([c:6]1[H:12])[H:13])[O:1][H:8])[H:9])[H:10],1.0,1.0
11,0.13207692307692306,AM1,AmberTools,,,H,,12,[H:11][c:5]1[c:4]([c:3]([c:2]([c:7]([c:6]1[H:12])[H:13])[O:1][H:8])[H:9])[H:10],1.0,1.0
12,0.13307692307692306,AM1,AmberTools,,,H,,13,[H:11][c:5]1[c:4]([c:3]([c:2]([c:7]([c:6]1[H:12])[H:13])[O:1][H:8])[H:9])[H:10],1.0,1.0
0,-0.26398834500175256,AM1,OpenEye,,,O,,1,[H:11][c:5]1[c:4]([c:3]([c:2]([c:7]([c:6]1[H:12])[H:13])[O:1][H:8])[H:9])[H:10],1.0,2.0
1,0.06026934545773726,AM1,OpenEye,,,C,,2,[H:11][c:5]1[c:4]([c:3]([c:2]([c:7]([c:6]1[H:12])[H:13])[O:1][H:8])[H:9])[H:10],1.0,2.0
2,-0.14424677107196587,AM1,OpenEye,,,C,,3,[H:11][c:5]1[c:4]([c:3]([c:2]([c:7]([c:6]1[H:12])[H:13])[O:1][H:8])[H:9])[H:10],1.0,2.0
3,-0.10808546755176324,AM1,OpenEye,,,C,,4,[H:11][c:5]1[c:4]([c:3]([c:2]([c:7]([c:6]1[H:12])[H:13])[O:1][H:8])[H:9])[H:10],1.0,2.0
4,-0.15181228432517785,AM1,OpenEye,,,C,,5,[H:11][c:5]1[c:4]([c:3]([c:2]([c:7]([c:6]1[H:12])[H:13])[O:1][H:8])[H:9])[H:10],1.0,2.0
5,-0.10387572560172814,AM1,OpenEye,,,C,,6,[H:11][c:5]1[c:4]([c:3]([c:2]([c:7]([c:6]1[H:12])[H:13])[O:1][H:8])[H:9])[H:10],1.0,2.0
6,-0.1881304821715905,AM1,OpenEye,,,C,,7,[H:11][c:5]1[c:4]([c:3]([c:2]([c:7]([c:6]1[H:12])[H:13])[O:1][H:8])[H:9])[H:10],1.0,2.0
7,0.21550159242290717,AM1,OpenEye,,,H,,8,[H:11][c:5]1[c:4]([c:3]([c:2]([c:7]([c:6]1[H:12])[H:13])[O:1][H:8])[H:9])[H:10],1.0,2.0
8,0.14823347416061622,AM1,OpenEye,,,H,,9,[H:11][c:5]1[c:4]([c:3]([c:2]([c:7]([c:6]1[H:12])[H:13])[O:1][H:8])[H:9])[H:10],1.0,2.0
9,0.13408321228164893,AM1,OpenEye,,,H,,10,[H:11][c:5]1[c:4]([c:3]([c:2]([c:7]([c:6]1[H:12])[H:13])[O:1][H:8])[H:9])[H:10],1.0,2.0
10,0.1329955914272712,AM1,OpenEye,,,H,,11,[H:11][c:5]1[c:4]([c:3]([c:2]([c:7]([c:6]1[H:12])[H:13])[O:1][H:8])[H:9])[H:10],1.0,2.0
11,0.13377451982635719,AM1,OpenEye,,,H,,12,[H:11][c:5]1[c:4]([c:3]([c:2]([c:7]([c:6]1[H:12])[H:13])[O:1][H:8])[H:9])[H:10],1.0,2.0
12,0.13528134014744025,AM1,OpenEye,,,H,,13,[H:11][c:5]1[c:4]([c:3]([c:2]([c:7]([c:6]1[H:12])[H:13])[O:1][H:8])[H:9])[H:10],1.0,2.0
0,-0.2529230769230769,AM1,AmberTools,,,O,,1,[H:11][c:5]1[c:4]([c:3]([c:2]([c:7]([c:6]1[H:12])[H:13])[O:1][H:8])[H:9])[H:10],1.0,2.0
1,0.07807692307692307,AM1,AmberTools,,,C,,2,[H:11][c:5]1[c:4]([c:3]([c:2]([c:7]([c:6]1[H:12])[H:13])[O:1][H:8])[H:9])[H:10],1.0,2.0
2,-0.15692307692307694,AM1,AmberTools,,,C,,3,[H:11][c:5]1[c:4]([c:3]([c:2]([c:7]([c:6]1[H:12])[H:13])[O:1][H:8])[H:9])[H:10],1.0,2.0
3,-0.09692307692307693,AM1,AmberTools,,,C,,4,[H:11][c:5]1[c:4]([c:3]([c:2]([c:7]([c:6]1[H:12])[H:13])[O:1][H:8])[H:9])[H:10],1.0,2.0
4,-0.16592307692307695,AM1,AmberTools,,,C,,5,[H:11][c:5]1[c:4]([c:3]([c:2]([c:7]([c:6]1[H:12])[H:13])[O:1][H:8])[H:9])[H:10],1.0,2.0
5,-0.09192307692307693,AM1,AmberTools,,,C,,6,[H:11][c:5]1[c:4]([c:3]([c:2]([c:7]([c:6]1[H:12])[H:13])[O:1][H:8])[H:9])[H:10],1.0,2.0
6,-0.21292307692307694,AM1,AmberTools,,,C,,7,[H:11][c:5]1[c:4]([c:3]([c:2]([c:7]([c:6]1[H:12])[H:13])[O:1][H:8])[H:9])[H:10],1.0,2.0
7,0.21707692307692306,AM1,AmberTools,,,H,,8,[H:11][c:5]1[c:4]([c:3]([c:2]([c:7]([c:6]1[H:12])[H:13])[O:1][H:8])[H:9])[H:10],1.0,2.0
8,0.15007692307692305,AM1,AmberTools,,,H,,9,[H:11][c:5]1[c:4]([c:3]([c:2]([c:7]([c:6]1[H:12])[H:13])[O:1][H:8])[H:9])[H:10],1.0,2.0
9,0.13407692307692307,AM1,AmberTools,,,H,,10,[H:11][c:5]1[c:4]([c:3]([c:2]([c:7]([c:6]1[H:12])[H:13])[O:1][H:8])[H:9])[H:10],1.0,2.0
10,0.13307692307692306,AM1,AmberTools,,,H,,11,[H:11][c:5]1[c:4]([c:3]([c:2]([c:7]([c:6]1[H:12])[H:13])[O:1][H:8])[H:9])[H:10],1.0,2.0
11,0.13207692307692306,AM1,AmberTools,,,H,,12,[H:11][c:5]1[c:4]([c:3]([c:2]([c:7]([c:6]1[H:12])[H:13])[O:1][H:8])[H:9])[H:10],1.0,2.0
12,0.13307692307692306,AM1,AmberTools,,,H,,13,[H:11][c:5]1[c:4]([c:3]([c:2]([c:7]([c:6]1[H:12])[H:13])[O:1][H:8])[H:9])[H:10],1.0,2.0
0,-0.2639864972577645,AM1,OpenEye,,,O,,1,[H:11][c:5]1[c:4]([c:3]([c:2]([c:7]([c:6]1[H:12])[H:13])[O:1][H:8])[H:9])[H:10],1.0,3.0
1,0.060270060713474564,AM1,OpenEye,,,C,,2,[H:11][c:5]1[c:4]([c:3]([c:2]([c:7]([c:6]1[H:12])[H:13])[O:1][H:8])[H:9])[H:10],1.0,3.0
2,-0.14424675617080468,AM1,OpenEye,,,C,,3,[H:11][c:5]1[c:4]([c:3]([c:2]([c:7]([c:6]1[H:12])[H:13])[O:1][H:8])[H:9])[H:10],1.0,3.0
3,-0.10808785173755425,AM1,OpenEye,,,C,,4,[H:11][c:5]1[c:4]([c:3]([c:2]([c:7]([c:6]1[H:12])[H:13])[O:1][H:8])[H:9])[H:10],1.0,3.0
4,-0.15181636724334496,AM1,OpenEye,,,C,,5,[H:11][c:5]1[c:4]([c:3]([c:2]([c:7]([c:6]1[H:12])[H:13])[O:1][H:8])[H:9])[H:10],1.0,3.0
5,-0.10387094232898492,AM1,OpenEye,,,C,,6,[H:11][c:5]1[c:4]([c:3]([c:2]([c:7]([c:6]1[H:12])[H:13])[O:1][H:8])[H:9])[H:10],1.0,3.0
6,-0.1881293049798562,AM1,OpenEye,,,C,,7,[H:11][c:5]1[c:4]([c:3]([c:2]([c:7]([c:6]1[H:12])[H:13])[O:1][H:8])[H:9])[H:10],1.0,3.0
7,0.2155018010391639,AM1,OpenEye,,,H,,8,[H:11][c:5]1[c:4]([c:3]([c:2]([c:7]([c:6]1[H:12])[H:13])[O:1][H:8])[H:9])[H:10],1.0,3.0
8,0.14823113467830878,AM1,OpenEye,,,H,,9,[H:11][c:5]1[c:4]([c:3]([c:2]([c:7]([c:6]1[H:12])[H:13])[O:1][H:8])[H:9])[H:10],1.0,3.0
9,0.13408364441532356,AM1,OpenEye,,,H,,10,[H:11][c:5]1[c:4]([c:3]([c:2]([c:7]([c:6]1[H:12])[H:13])[O:1][H:8])[H:9])[H:10],1.0,3.0
10,0.13299647059578162,AM1,OpenEye,,,H,,11,[H:11][c:5]1[c:4]([c:3]([c:2]([c:7]([c:6]1[H:12])[H:13])[O:1][H:8])[H:9])[H:10],1.0,3.0
11,0.1337742367042945,AM1,OpenEye,,,H,,12,[H:11][c:5]1[c:4]([c:3]([c:2]([c:7]([c:6]1[H:12])[H:13])[O:1][H:8])[H:9])[H:10],1.0,3.0
12,0.13528037157196265,AM1,OpenEye,,,H,,13,[H:11][c:5]1[c:4]([c:3]([c:2]([c:7]([c:6]1[H:12])[H:13])[O:1][H:8])[H:9])[H:10],1.0,3.0
0,-0.2529230769230769,AM1,AmberTools,,,O,,1,[H:11][c:5]1[c:4]([c:3]([c:2]([c:7]([c:6]1[H:12])[H:13])[O:1][H:8])[H:9])[H:10],1.0,3.0
1,0.07807692307692307,AM1,AmberTools,,,C,,2,[H:11][c:5]1[c:4]([c:3]([c:2]([c:7]([c:6]1[H:12])[H:13])[O:1][H:8])[H:9])[H:10],1.0,3.0
2,-0.15692307692307694,AM1,AmberTools,,,C,,3,[H:11][c:5]1[c:4]([c:3]([c:2]([c:7]([c:6]1[H:12])[H:13])[O:1][H:8])[H:9])[H:10],1.0,3.0
3,-0.09692307692307693,AM1,AmberTools,,,C,,4,[H:11][c:5]1[c:4]([c:3]([c:2]([c:7]([c:6]1[H:12])[H:13])[O:1][H:8])[H:9])[H:10],1.0,3.0
4,-0.16592307692307695,AM1,AmberTools,,,C,,5,[H:11][c:5]1[c:4]([c:3]([c:2]([c:7]([c:6]1[H:12])[H:13])[O:1][H:8])[H:9])[H:10],1.0,3.0
5,-0.09192307692307693,AM1,AmberTools,,,C,,6,[H:11][c:5]1[c:4]([c:3]([c:2]([c:7]([c:6]1[H:12])[H:13])[O:1][H:8])[H:9])[H:10],1.0,3.0
6,-0.21292307692307694,AM1,AmberTools,,,C,,7,[H:11][c:5]1[c:4]([c:3]([c:2]([c:7]([c:6]1[H:12])[H:13])[O:1][H:8])[H:9])[H:10],1.0,3.0
7,0.21707692307692306,AM1,AmberTools,,,H,,8,[H:11][c:5]1[c:4]([c:3]([c:2]([c:7]([c:6]1[H:12])[H:13])[O:1][H:8])[H:9])[H:10],1.0,3.0
8,0.15007692307692305,AM1,AmberTools,,,H,,9,[H:11][c:5]1[c:4]([c:3]([c:2]([c:7]([c:6]1[H:12])[H:13])[O:1][H:8])[H:9])[H:10],1.0,3.0
9,0.13407692307692307,AM1,AmberTools,,,H,,10,[H:11][c:5]1[c:4]([c:3]([c:2]([c:7]([c:6]1[H:12])[H:13])[O:1][H:8])[H:9])[H:10],1.0,3.0
10,0.13307692307692306,AM1,AmberTools,,,H,,11,[H:11][c:5]1[c:4]([c:3]([c:2]([c:7]([c:6]1[H:12])[H:13])[O:1][H:8])[H:9])[H:10],1.0,3.0
11,0.13207692307692306,AM1,AmberTools,,,H,,12,[H:11][c:5]1[c:4]([c:3]([c:2]([c:7]([c:6]1[H:12])[H:13])[O:1][H:8])[H:9])[H:10],1.0,3.0
12,0.13307692307692306,AM1,AmberTools,,,H,,13,[H:11][c:5]1[c:4]([c:3]([c:2]([c:7]([c:6]1[H:12])[H:13])[O:1][H:8])[H:9])[H:10],1.0,3.0
0,-0.2639884040332757,AM1,OpenEye,,,O,,1,[H:11][c:5]1[c:4]([c:3]([c:2]([c:7]([c:6]1[H:12])[H:13])[O:1][H:8])[H:9])[H:10],1.0,4.0
1,0.06026914486518273,AM1,OpenEye,,,C,,2,[H:11][c:5]1[c:4]([c:3]([c:2]([c:7]([c:6]1[H:12])[H:13])[O:1][H:8])[H:9])[H:10],1.0,4.0
2,-0.14424684500465026,AM1,OpenEye,,,C,,3,[H:11][c:5]1[c:4]([c:3]([c:2]([c:7]([c:6]1[H:12])[H:13])[O:1][H:8])[H:9])[H:10],1.0,4.0
3,-0.10808516895541778,AM1,OpenEye,,,C,,4,[H:11][c:5]1[c:4]([c:3]([c:2]([c:7]([c:6]1[H:12])[H:13])[O:1][H:8])[H:9])[H:10],1.0,4.0
4,-0.15181209003696075,AM1,OpenEye,,,C,,5,[H:11][c:5]1[c:4]([c:3]([c:2]([c:7]([c:6]1[H:12])[H:13])[O:1][H:8])[H:9])[H:10],1.0,4.0
5,-0.10387615716228119,AM1,OpenEye,,,C,,6,[H:11][c:5]1[c:4]([c:3]([c:2]([c:7]([c:6]1[H:12])[H:13])[O:1][H:8])[H:9])[H:10],1.0,4.0
6,-0.18813021337756744,AM1,OpenEye,,,C,,7,[H:11][c:5]1[c:4]([c:3]([c:2]([c:7]([c:6]1[H:12])[H:13])[O:1][H:8])[H:9])[H:10],1.0,4.0
7,0.21550159299602875,AM1,OpenEye,,,H,,8,[H:11][c:5]1[c:4]([c:3]([c:2]([c:7]([c:6]1[H:12])[H:13])[O:1][H:8])[H:9])[H:10],1.0,4.0
8,0.14823334062328705,AM1,OpenEye,,,H,,9,[H:11][c:5]1[c:4]([c:3]([c:2]([c:7]([c:6]1[H:12])[H:13])[O:1][H:8])[H:9])[H:10],1.0,4.0
9,0.13408333206406006,AM1,OpenEye,,,H,,10,[H:11][c:5]1[c:4]([c:3]([c:2]([c:7]([c:6]1[H:12])[H:13])[O:1][H:8])[H:9])[H:10],1.0,4.0
10,0.13299554729690918,AM1,OpenEye,,,H,,11,[H:11][c:5]1[c:4]([c:3]([c:2]([c:7]([c:6]1[H:12])[H:13])[O:1][H:8])[H:9])[H:10],1.0,4.0
11,0.13377453530063996,AM1,OpenEye,,,H,,12,[H:11][c:5]1[c:4]([c:3]([c:2]([c:7]([c:6]1[H:12])[H:13])[O:1][H:8])[H:9])[H:10],1.0,4.0
12,0.13528138542404541,AM1,OpenEye,,,H,,13,[H:11][c:5]1[c:4]([c:3]([c:2]([c:7]([c:6]1[H:12])[H:13])[O:1][H:8])[H:9])[H:10],1.0,4.0
0,-0.2529230769230769,AM1,AmberTools,,,O,,1,[H:11][c:5]1[c:4]([c:3]([c:2]([c:7]([c:6]1[H:12])[H:13])[O:1][H:8])[H:9])[H:10],1.0,4.0
1,0.07807692307692307,AM1,AmberTools,,,C,,2,[H:11][c:5]1[c:4]([c:3]([c:2]([c:7]([c:6]1[H:12])[H:13])[O:1][H:8])[H:9])[H:10],1.0,4.0
2,-0.15692307692307694,AM1,AmberTools,,,C,,3,[H:11][c:5]1[c:4]([c:3]([c:2]([c:7]([c:6]1[H:12])[H:13])[O:1][H:8])[H:9])[H:10],1.0,4.0
3,-0.09692307692307693,AM1,AmberTools,,,C,,4,[H:11][c:5]1[c:4]([c:3]([c:2]([c:7]([c:6]1[H:12])[H:13])[O:1][H:8])[H:9])[H:10],1.0,4.0
4,-0.16592307692307695,AM1,AmberTools,,,C,,5,[H:11][c:5]1[c:4]([c:3]([c:2]([c:7]([c:6]1[H:12])[H:13])[O:1][H:8])[H:9])[H:10],1.0,4.0
5,-0.09192307692307693,AM1,AmberTools,,,C,,6,[H:11][c:5]1[c:4]([c:3]([c:2]([c:7]([c:6]1[H:12])[H:13])[O:1][H:8])[H:9])[H:10],1.0,4.0
6,-0.21292307692307694,AM1,AmberTools,,,C,,7,[H:11][c:5]1[c:4]([c:3]([c:2]([c:7]([c:6]1[H:12])[H:13])[O:1][H:8])[H:9])[H:10],1.0,4.0
7,0.21707692307692306,AM1,AmberTools,,,H,,8,[H:11][c:5]1[c:4]([c:3]([c:2]([c:7]([c:6]1[H:12])[H:13])[O:1][H:8])[H:9])[H:10],1.0,4.0
8,0.15007692307692305,AM1,AmberTools,,,H,,9,[H:11][c:5]1[c:4]([c:3]([c:2]([c:7]([c:6]1[H:12])[H:13])[O:1][H:8])[H:9])[H:10],1.0,4.0
9,0.13407692307692307,AM1,AmberTools,,,H,,10,[H:11][c:5]1[c:4]([c:3]([c:2]([c:7]([c:6]1[H:12])[H:13])[O:1][H:8])[H:9])[H:10],1.0,4.0
10,0.13307692307692306,AM1,AmberTools,,,H,,11,[H:11][c:5]1[c:4]([c:3]([c:2]([c:7]([c:6]1[H:12])[H:13])[O:1][H:8])[H:9])[H:10],1.0,4.0
11,0.13207692307692306,AM1,AmberTools,,,H,,12,[H:11][c:5]1[c:4]([c:3]([c:2]([c:7]([c:6]1[H:12])[H:13])[O:1][H:8])[H:9])[H:10],1.0,4.0
12,0.13307692307692306,AM1,AmberTools,,,H,,13,[H:11][c:5]1[c:4]([c:3]([c:2]([c:7]([c:6]1[H:12])[H:13])[O:1][H:8])[H:9])[H:10],1.0,4.0
0,-0.2639881676206222,AM1,OpenEye,,,O,,1,[H:11][c:5]1[c:4]([c:3]([c:2]([c:7]([c:6]1[H:12])[H:13])[O:1][H:8])[H:9])[H:10],1.0,5.0
1,0.06026951166299673,AM1,OpenEye,,,C,,2,[H:11][c:5]1[c:4]([c:3]([c:2]([c:7]([c:6]1[H:12])[H:13])[O:1][H:8])[H:9])[H:10],1.0,5.0
2,-0.14424665329548028,AM1,OpenEye,,,C,,3,[H:11][c:5]1[c:4]([c:3]([c:2]([c:7]([c:6]1[H:12])[H:13])[O:1][H:8])[H:9])[H:10],1.0,5.0
3,-0.10808572230430749,AM1,OpenEye,,,C,,4,[H:11][c:5]1[c:4]([c:3]([c:2]([c:7]([c:6]1[H:12])[H:13])[O:1][H:8])[H:9])[H:10],1.0,5.0
4,-0.15181261358352807,AM1,OpenEye,,,C,,5,[H:11][c:5]1[c:4]([c:3]([c:2]([c:7]([c:6]1[H:12])[H:13])[O:1][H:8])[H:9])[H:10],1.0,5.0
5,-0.10387536940666345,AM1,OpenEye,,,C,,6,[H:11][c:5]1[c:4]([c:3]([c:2]([c:7]([c:6]1[H:12])[H:13])[O:1][H:8])[H:9])[H:10],1.0,5.0
6,-0.18813060281368402,AM1,OpenEye,,,C,,7,[H:11][c:5]1[c:4]([c:3]([c:2]([c:7]([c:6]1[H:12])[H:13])[O:1][H:8])[H:9])[H:10],1.0,5.0
7,0.21550174000171515,AM1,OpenEye,,,H,,8,[H:11][c:5]1[c:4]([c:3]([c:2]([c:7]([c:6]1[H:12])[H:13])[O:1][H:8])[H:9])[H:10],1.0,5.0
8,0.14823324921039435,AM1,OpenEye,,,H,,9,[H:11][c:5]1[c:4]([c:3]([c:2]([c:7]([c:6]1[H:12])[H:13])[O:1][H:8])[H:9])[H:10],1.0,5.0
9,0.1340831810465226,AM1,OpenEye,,,H,,10,[H:11][c:5]1[c:4]([c:3]([c:2]([c:7]([c:6]1[H:12])[H:13])[O:1][H:8])[H:9])[H:10],1.0,5.0
10,0.13299575390724036,AM1,OpenEye,,,H,,11,[H:11][c:5]1[c:4]([c:3]([c:2]([c:7]([c:6]1[H:12])[H:13])[O:1][H:8])[H:9])[H:10],1.0,5.0
11,0.13377450349239203,AM1,OpenEye,,,H,,12,[H:11][c:5]1[c:4]([c:3]([c:2]([c:7]([c:6]1[H:12])[H:13])[O:1][H:8])[H:9])[H:10],1.0,5.0
12,0.13528118970302436,AM1,OpenEye,,,H,,13,[H:11][c:5]1[c:4]([c:3]([c:2]([c:7]([c:6]1[H:12])[H:13])[O:1][H:8])[H:9])[H:10],1.0,5.0
0,-0.2529230769230769,AM1,AmberTools,,,O,,1,[H:11][c:5]1[c:4]([c:3]([c:2]([c:7]([c:6]1[H:12])[H:13])[O:1][H:8])[H:9])[H:10],1.0,5.0
1,0.07807692307692307,AM1,AmberTools,,,C,,2,[H:11][c:5]1[c:4]([c:3]([c:2]([c:7]([c:6]1[H:12])[H:13])[O:1][H:8])[H:9])[H:10],1.0,5.0
2,-0.15692307692307694,AM1,AmberTools,,,C,,3,[H:11][c:5]1[c:4]([c:3]([c:2]([c:7]([c:6]1[H:12])[H:13])[O:1][H:8])[H:9])[H:10],1.0,5.0
3,-0.09692307692307693,AM1,AmberTools,,,C,,4,[H:11][c:5]1[c:4]([c:3]([c:2]([c:7]([c:6]1[H:12])[H:13])[O:1][H:8])[H:9])[H:10],1.0,5.0
4,-0.16592307692307695,AM1,AmberTools,,,C,,5,[H:11][c:5]1[c:4]([c:3]([c:2]([c:7]([c:6]1[H:12])[H:13])[O:1][H:8])[H:9])[H:10],1.0,5.0
5,-0.09192307692307693,AM1,AmberTools,,,C,,6,[H:11][c:5]1[c:4]([c:3]([c:2]([c:7]([c:6]1[H:12])[H:13])[O:1][H:8])[H:9])[H:10],1.0,5.0
6,-0.21292307692307694,AM1,AmberTools,,,C,,7,[H:11][c:5]1[c:4]([c:3]([c:2]([c:7]([c:6]1[H:12])[H:13])[O:1][H:8])[H:9])[H:10],1.0,5.0
7,0.21707692307692306,AM1,AmberTools,,,H,,8,[H:11][c:5]1[c:4]([c:3]([c:2]([c:7]([c:6]1[H:12])[H:13])[O:1][H:8])[H:9])[H:10],1.0,5.0
8,0.15007692307692305,AM1,AmberTools,,,H,,9,[H:11][c:5]1[c:4]([c:3]([c:2]([c:7]([c:6]1[H:12])[H:13])[O:1][H:8])[H:9])[H:10],1.0,5.0
9,0.13407692307692307,AM1,AmberTools,,,H,,10,[H:11][c:5]1[c:4]([c:3]([c:2]([c:7]([c:6]1[H:12])[H:13])[O:1][H:8])[H:9])[H:10],1.0,5.0
10,0.13307692307692306,AM1,AmberTools,,,H,,11,[H:11][c:5]1[c:4]([c:3]([c:2]([c:7]([c:6]1[H:12])[H:13])[O:1][H:8])[H:9])[H:10],1.0,5.0
11,0.13207692307692306,AM1,AmberTools,,,H,,12,[H:11][c:5]1[c:4]([c:3]([c:2]([c:7]([c:6]1[H:12])[H:13])[O:1][H:8])[H:9])[H:10],1.0,5.0
12,0.13307692307692306,AM1,AmberTools,,,H,,13,[H:11][c:5]1[c:4]([c:3]([c:2]([c:7]([c:6]1[H:12])[H:13])[O:1][H:8])[H:9])[H:10],1.0,5.0
0,-0.26398959641273206,AM1,OpenEye,,,O,,1,[H:11][c:5]1[c:4]([c:3]([c:2]([c:7]([c:6]1[H:12])[H:13])[O:1][H:8])[H:9])[H:10],1.0,6.0
1,0.06026574338857944,AM1,OpenEye,,,C,,2,[H:11][c:5]1[c:4]([c:3]([c:2]([c:7]([c:6]1[H:12])[H:13])[O:1][H:8])[H:9])[H:10],1.0,6.0
2,-0.1442467409830827,AM1,OpenEye,,,C,,3,[H:11][c:5]1[c:4]([c:3]([c:2]([c:7]([c:6]1[H:12])[H:13])[O:1][H:8])[H:9])[H:10],1.0,6.0
3,-0.1080839026432771,AM1,OpenEye,,,C,,4,[H:11][c:5]1[c:4]([c:3]([c:2]([c:7]([c:6]1[H:12])[H:13])[O:1][H:8])[H:9])[H:10],1.0,6.0
4,-0.15180693452174848,AM1,OpenEye,,,C,,5,[H:11][c:5]1[c:4]([c:3]([c:2]([c:7]([c:6]1[H:12])[H:13])[O:1][H:8])[H:9])[H:10],1.0,6.0
5,-0.10388297473008816,AM1,OpenEye,,,C,,6,[H:11][c:5]1[c:4]([c:3]([c:2]([c:7]([c:6]1[H:12])[H:13])[O:1][H:8])[H:9])[H:10],1.0,6.0
6,-0.18812563900764173,AM1,OpenEye,,,C,,7,[H:11][c:5]1[c:4]([c:3]([c:2]([c:7]([c:6]1[H:12])[H:13])[O:1][H:8])[H:9])[H:10],1.0,6.0
7,0.21550080294792467,AM1,OpenEye,,,H,,8,[H:11][c:5]1[c:4]([c:3]([c:2]([c:7]([c:6]1[H:12])[H:13])[O:1][H:8])[H:9])[H:10],1.0,6.0
8,0.1482339512843352,AM1,OpenEye,,,H,,9,[H:11][c:5]1[c:4]([c:3]([c:2]([c:7]([c:6]1[H:12])[H:13])[O:1][H:8])[H:9])[H:10],1.0,6.0
9,0.13408361489956194,AM1,OpenEye,,,H,,10,[H:11][c:5]1[c:4]([c:3]([c:2]([c:7]([c:6]1[H:12])[H:13])[O:1][H:8])[H:9])[H:10],1.0,6.0
10,0.1329945337313872,AM1,OpenEye,,,H,,11,[H:11][c:5]1[c:4]([c:3]([c:2]([c:7]([c:6]1[H:12])[H:13])[O:1][H:8])[H:9])[H:10],1.0,6.0
11,0.13377525026981646,AM1,OpenEye,,,H,,12,[H:11][c:5]1[c:4]([c:3]([c:2]([c:7]([c:6]1[H:12])[H:13])[O:1][H:8])[H:9])[H:10],1.0,6.0
12,0.1352818917769652,AM1,OpenEye,,,H,,13,[H:11][c:5]1[c:4]([c:3]([c:2]([c:7]([c:6]1[H:12])[H:13])[O:1][H:8])[H:9])[H:10],1.0,6.0
0,-0.2529230769230769,AM1,AmberTools,,,O,,1,[H:11][c:5]1[c:4]([c:3]([c:2]([c:7]([c:6]1[H:12])[H:13])[O:1][H:8])[H:9])[H:10],1.0,6.0
1,0.07807692307692307,AM1,AmberTools,,,C,,2,[H:11][c:5]1[c:4]([c:3]([c:2]([c:7]([c:6]1[H:12])[H:13])[O:1][H:8])[H:9])[H:10],1.0,6.0
2,-0.15692307692307694,AM1,AmberTools,,,C,,3,[H:11][c:5]1[c:4]([c:3]([c:2]([c:7]([c:6]1[H:12])[H:13])[O:1][H:8])[H:9])[H:10],1.0,6.0
3,-0.09692307692307693,AM1,AmberTools,,,C,,4,[H:11][c:5]1[c:4]([c:3]([c:2]([c:7]([c:6]1[H:12])[H:13])[O:1][H:8])[H:9])[H:10],1.0,6.0
4,-0.16592307692307695,AM1,AmberTools,,,C,,5,[H:11][c:5]1[c:4]([c:3]([c:2]([c:7]([c:6]1[H:12])[H:13])[O:1][H:8])[H:9])[H:10],1.0,6.0
5,-0.09192307692307693,AM1,AmberTools,,,C,,6,[H:11][c:5]1[c:4]([c:3]([c:2]([c:7]([c:6]1[H:12])[H:13])[O:1][H:8])[H:9])[H:10],1.0,6.0
6,-0.21292307692307694,AM1,AmberTools,,,C,,7,[H:11][c:5]1[c:4]([c:3]([c:2]([c:7]([c:6]1[H:12])[H:13])[O:1][H:8])[H:9])[H:10],1.0,6.0
7,0.21707692307692306,AM1,AmberTools,,,H,,8,[H:11][c:5]1[c:4]([c:3]([c:2]([c:7]([c:6]1[H:12])[H:13])[O:1][H:8])[H:9])[H:10],1.0,6.0
8,0.15007692307692305,AM1,AmberTools,,,H,,9,[H:11][c:5]1[c:4]([c:3]([c:2]([c:7]([c:6]1[H:12])[H:13])[O:1][H:8])[H:9])[H:10],1.0,6.0
9,0.13407692307692307,AM1,AmberTools,,,H,,10,[H:11][c:5]1[c:4]([c:3]([c:2]([c:7]([c:6]1[H:12])[H:13])[O:1][H:8])[H:9])[H:10],1.0,6.0
10,0.13307692307692306,AM1,AmberTools,,,H,,11,[H:11][c:5]1[c:4]([c:3]([c:2]([c:7]([c:6]1[H:12])[H:13])[O:1][H:8])[H:9])[H:10],1.0,6.0
11,0.13207692307692306,AM1,AmberTools,,,H,,12,[H:11][c:5]1[c:4]([c:3]([c:2]([c:7]([c:6]1[H:12])[H:13])[O:1][H:8])[H:9])[H:10],1.0,6.0
12,0.13307692307692306,AM1,AmberTools,,,H,,13,[H:11][c:5]1[c:4]([c:3]([c:2]([c:7]([c:6]1[H:12])[H:13])[O:1][H:8])[H:9])[H:10],1.0,6.0
0,-0.2639864107164053,AM1,OpenEye,,,O,,1,[H:11][c:5]1[c:4]([c:3]([c:2]([c:7]([c:6]1[H:12])[H:13])[O:1][H:8])[H:9])[H:10],1.0,7.0
1,0.060270691147217385,AM1,OpenEye,,,C,,2,[H:11][c:5]1[c:4]([c:3]([c:2]([c:7]([c:6]1[H:12])[H:13])[O:1][H:8])[H:9])[H:10],1.0,7.0
2,-0.1442467590364126,AM1,OpenEye,,,C,,3,[H:11][c:5]1[c:4]([c:3]([c:2]([c:7]([c:6]1[H:12])[H:13])[O:1][H:8])[H:9])[H:10],1.0,7.0
3,-0.10808909139954127,AM1,OpenEye,,,C,,4,[H:11][c:5]1[c:4]([c:3]([c:2]([c:7]([c:6]1[H:12])[H:13])[O:1][H:8])[H:9])[H:10],1.0,7.0
4,-0.15181789002739465,AM1,OpenEye,,,C,,5,[H:11][c:5]1[c:4]([c:3]([c:2]([c:7]([c:6]1[H:12])[H:13])[O:1][H:8])[H:9])[H:10],1.0,7.0
5,-0.10386829278790034,AM1,OpenEye,,,C,,6,[H:11][c:5]1[c:4]([c:3]([c:2]([c:7]([c:6]1[H:12])[H:13])[O:1][H:8])[H:9])[H:10],1.0,7.0
6,-0.18812999329887903,AM1,OpenEye,,,C,,7,[H:11][c:5]1[c:4]([c:3]([c:2]([c:7]([c:6]1[H:12])[H:13])[O:1][H:8])[H:9])[H:10],1.0,7.0
7,0.21550212599910223,AM1,OpenEye,,,H,,8,[H:11][c:5]1[c:4]([c:3]([c:2]([c:7]([c:6]1[H:12])[H:13])[O:1][H:8])[H:9])[H:10],1.0,7.0
8,0.14823122121966803,AM1,OpenEye,,,H,,9,[H:11][c:5]1[c:4]([c:3]([c:2]([c:7]([c:6]1[H:12])[H:13])[O:1][H:8])[H:9])[H:10],1.0,7.0
9,0.13408343293345892,AM1,OpenEye,,,H,,10,[H:11][c:5]1[c:4]([c:3]([c:2]([c:7]([c:6]1[H:12])[H:13])[O:1][H:8])[H:9])[H:10],1.0,7.0
10,0.13299679555571997,AM1,OpenEye,,,H,,11,[H:11][c:5]1[c:4]([c:3]([c:2]([c:7]([c:6]1[H:12])[H:13])[O:1][H:8])[H:9])[H:10],1.0,7.0
11,0.1337739358154627,AM1,OpenEye,,,H,,12,[H:11][c:5]1[c:4]([c:3]([c:2]([c:7]([c:6]1[H:12])[H:13])[O:1][H:8])[H:9])[H:10],1.0,7.0
12,0.135280234595904,AM1,OpenEye,,,H,,13,[H:11][c:5]1[c:4]([c:3]([c:2]([c:7]([c:6]1[H:12])[H:13])[O:1][H:8])[H:9])[H:10],1.0,7.0
0,-0.2529230769230769,AM1,AmberTools,,,O,,1,[H:11][c:5]1[c:4]([c:3]([c:2]([c:7]([c:6]1[H:12])[H:13])[O:1][H:8])[H:9])[H:10],1.0,7.0
1,0.07807692307692307,AM1,AmberTools,,,C,,2,[H:11][c:5]1[c:4]([c:3]([c:2]([c:7]([c:6]1[H:12])[H:13])[O:1][H:8])[H:9])[H:10],1.0,7.0
2,-0.15692307692307694,AM1,AmberTools,,,C,,3,[H:11][c:5]1[c:4]([c:3]([c:2]([c:7]([c:6]1[H:12])[H:13])[O:1][H:8])[H:9])[H:10],1.0,7.0
3,-0.09692307692307693,AM1,AmberTools,,,C,,4,[H:11][c:5]1[c:4]([c:3]([c:2]([c:7]([c:6]1[H:12])[H:13])[O:1][H:8])[H:9])[H:10],1.0,7.0
4,-0.16592307692307695,AM1,AmberTools,,,C,,5,[H:11][c:5]1[c:4]([c:3]([c:2]([c:7]([c:6]1[H:12])[H:13])[O:1][H:8])[H:9])[H:10],1.0,7.0
5,-0.09192307692307693,AM1,AmberTools,,,C,,6,[H:11][c:5]1[c:4]([c:3]([c:2]([c:7]([c:6]1[H:12])[H:13])[O:1][H:8])[H:9])[H:10],1.0,7.0
6,-0.21292307692307694,AM1,AmberTools,,,C,,7,[H:11][c:5]1[c:4]([c:3]([c:2]([c:7]([c:6]1[H:12])[H:13])[O:1][H:8])[H:9])[H:10],1.0,7.0
7,0.21707692307692306,AM1,AmberTools,,,H,,8,[H:11][c:5]1[c:4]([c:3]([c:2]([c:7]([c:6]1[H:12])[H:13])[O:1][H:8])[H:9])[H:10],1.0,7.0
8,0.15007692307692305,AM1,AmberTools,,,H,,9,[H:11][c:5]1[c:4]([c:3]([c:2]([c:7]([c:6]1[H:12])[H:13])[O:1][H:8])[H:9])[H:10],1.0,7.0
9,0.13407692307692307,AM1,AmberTools,,,H,,10,[H:11][c:5]1[c:4]([c:3]([c:2]([c:7]([c:6]1[H:12])[H:13])[O:1][H:8])[H:9])[H:10],1.0,7.0
10,0.13307692307692306,AM1,AmberTools,,,H,,11,[H:11][c:5]1[c:4]([c:3]([c:2]([c:7]([c:6]1[H:12])[H:13])[O:1][H:8])[H:9])[H:10],1.0,7.0
11,0.13207692307692306,AM1,AmberTools,,,H,,12,[H:11][c:5]1[c:4]([c:3]([c:2]([c:7]([c:6]1[H:12])[H:13])[O:1][H:8])[H:9])[H:10],1.0,7.0
12,0.13307692307692306,AM1,AmberTools,,,H,,13,[H:11][c:5]1[c:4]([c:3]([c:2]([c:7]([c:6]1[H:12])[H:13])[O:1][H:8])[H:9])[H:10],1.0,7.0
0,-0.26398643908592373,AM1,OpenEye,,,O,,1,[H:11][c:5]1[c:4]([c:3]([c:2]([c:7]([c:6]1[H:12])[H:13])[O:1][H:8])[H:9])[H:10],1.0,8.0
1,0.06027012261060568,AM1,OpenEye,,,C,,2,[H:11][c:5]1[c:4]([c:3]([c:2]([c:7]([c:6]1[H:12])[H:13])[O:1][H:8])[H:9])[H:10],1.0,8.0
2,-0.14424699602218774,AM1,OpenEye,,,C,,3,[H:11][c:5]1[c:4]([c:3]([c:2]([c:7]([c:6]1[H:12])[H:13])[O:1][H:8])[H:9])[H:10],1.0,8.0
3,-0.10808817354532388,AM1,OpenEye,,,C,,4,[H:11][c:5]1[c:4]([c:3]([c:2]([c:7]([c:6]1[H:12])[H:13])[O:1][H:8])[H:9])[H:10],1.0,8.0
4,-0.15181638357731012,AM1,OpenEye,,,C,,5,[H:11][c:5]1[c:4]([c:3]([c:2]([c:7]([c:6]1[H:12])[H:13])[O:1][H:8])[H:9])[H:10],1.0,8.0
5,-0.10387062338682321,AM1,OpenEye,,,C,,6,[H:11][c:5]1[c:4]([c:3]([c:2]([c:7]([c:6]1[H:12])[H:13])[O:1][H:8])[H:9])[H:10],1.0,8.0
6,-0.188129217005693,AM1,OpenEye,,,C,,7,[H:11][c:5]1[c:4]([c:3]([c:2]([c:7]([c:6]1[H:12])[H:13])[O:1][H:8])[H:9])[H:10],1.0,8.0
7,0.21550179960635993,AM1,OpenEye,,,H,,8,[H:11][c:5]1[c:4]([c:3]([c:2]([c:7]([c:6]1[H:12])[H:13])[O:1][H:8])[H:9])[H:10],1.0,8.0
8,0.14823114814666602,AM1,OpenEye,,,H,,9,[H:11][c:5]1[c:4]([c:3]([c:2]([c:7]([c:6]1[H:12])[H:13])[O:1][H:8])[H:9])[H:10],1.0,8.0
9,0.1340836578836808,AM1,OpenEye,,,H,,10,[H:11][c:5]1[c:4]([c:3]([c:2]([c:7]([c:6]1[H:12])[H:13])[O:1][H:8])[H:9])[H:10],1.0,8.0
10,0.13299648406413886,AM1,OpenEye,,,H,,11,[H:11][c:5]1[c:4]([c:3]([c:2]([c:7]([c:6]1[H:12])[H:13])[O:1][H:8])[H:9])[H:10],1.0,8.0
11,0.13377426507381293,AM1,OpenEye,,,H,,12,[H:11][c:5]1[c:4]([c:3]([c:2]([c:7]([c:6]1[H:12])[H:13])[O:1][H:8])[H:9])[H:10],1.0,8.0
12,0.1352803552379975,AM1,OpenEye,,,H,,13,[H:11][c:5]1[c:4]([c:3]([c:2]([c:7]([c:6]1[H:12])[H:13])[O:1][H:8])[H:9])[H:10],1.0,8.0
0,-0.2529230769230769,AM1,AmberTools,,,O,,1,[H:11][c:5]1[c:4]([c:3]([c:2]([c:7]([c:6]1[H:12])[H:13])[O:1][H:8])[H:9])[H:10],1.0,8.0
1,0.07807692307692307,AM1,AmberTools,,,C,,2,[H:11][c:5]1[c:4]([c:3]([c:2]([c:7]([c:6]1[H:12])[H:13])[O:1][H:8])[H:9])[H:10],1.0,8.0
2,-0.15692307692307694,AM1,AmberTools,,,C,,3,[H:11][c:5]1[c:4]([c:3]([c:2]([c:7]([c:6]1[H:12])[H:13])[O:1][H:8])[H:9])[H:10],1.0,8.0
3,-0.09692307692307693,AM1,AmberTools,,,C,,4,[H:11][c:5]1[c:4]([c:3]([c:2]([c:7]([c:6]1[H:12])[H:13])[O:1][H:8])[H:9])[H:10],1.0,8.0
4,-0.16592307692307695,AM1,AmberTools,,,C,,5,[H:11][c:5]1[c:4]([c:3]([c:2]([c:7]([c:6]1[H:12])[H:13])[O:1][H:8])[H:9])[H:10],1.0,8.0
5,-0.09192307692307693,AM1,AmberTools,,,C,,6,[H:11][c:5]1[c:4]([c:3]([c:2]([c:7]([c:6]1[H:12])[H:13])[O:1][H:8])[H:9])[H:10],1.0,8.0
6,-0.21292307692307694,AM1,AmberTools,,,C,,7,[H:11][c:5]1[c:4]([c:3]([c:2]([c:7]([c:6]1[H:12])[H:13])[O:1][H:8])[H:9])[H:10],1.0,8.0
7,0.21707692307692306,AM1,AmberTools,,,H,,8,[H:11][c:5]1[c:4]([c:3]([c:2]([c:7]([c:6]1[H:12])[H:13])[O:1][H:8])[H:9])[H:10],1.0,8.0
8,0.15007692307692305,AM1,AmberTools,,,H,,9,[H:11][c:5]1[c:4]([c:3]([c:2]([c:7]([c:6]1[H:12])[H:13])[O:1][H:8])[H:9])[H:10],1.0,8.0
9,0.13407692307692307,AM1,AmberTools,,,H,,10,[H:11][c:5]1[c:4]([c:3]([c:2]([c:7]([c:6]1[H:12])[H:13])[O:1][H:8])[H:9])[H:10],1.0,8.0
10,0.13307692307692306,AM1,AmberTools,,,H,,11,[H:11][c:5]1[c:4]([c:3]([c:2]([c:7]([c:6]1[H:12])[H:13])[O:1][H:8])[H:9])[H:10],1.0,8.0
11,0.13207692307692306,AM1,AmberTools,,,H,,12,[H:11][c:5]1[c:4]([c:3]([c:2]([c:7]([c:6]1[H:12])[H:13])[O:1][H:8])[H:9])[H:10],1.0,8.0
12,0.13307692307692306,AM1,AmberTools,,,H,,13,[H:11][c:5]1[c:4]([c:3]([c:2]([c:7]([c:6]1[H:12])[H:13])[O:1][H:8])[H:9])[H:10],1.0,8.0
0,-0.2639881366720566,AM1,OpenEye,,,O,,1,[H:11][c:5]1[c:4]([c:3]([c:2]([c:7]([c:6]1[H:12])[H:13])[O:1][H:8])[H:9])[H:10],1.0,9.0
1,0.06027021316381601,AM1,OpenEye,,,C,,2,[H:11][c:5]1[c:4]([c:3]([c:2]([c:7]([c:6]1[H:12])[H:13])[O:1][H:8])[H:9])[H:10],1.0,9.0
2,-0.14424684586433265,AM1,OpenEye,,,C,,3,[H:11][c:5]1[c:4]([c:3]([c:2]([c:7]([c:6]1[H:12])[H:13])[O:1][H:8])[H:9])[H:10],1.0,9.0
3,-0.10808616819290015,AM1,OpenEye,,,C,,4,[H:11][c:5]1[c:4]([c:3]([c:2]([c:7]([c:6]1[H:12])[H:13])[O:1][H:8])[H:9])[H:10],1.0,9.0
4,-0.15181352140811774,AM1,OpenEye,,,C,,5,[H:11][c:5]1[c:4]([c:3]([c:2]([c:7]([c:6]1[H:12])[H:13])[O:1][H:8])[H:9])[H:10],1.0,9.0
5,-0.10387386324313971,AM1,OpenEye,,,C,,6,[H:11][c:5]1[c:4]([c:3]([c:2]([c:7]([c:6]1[H:12])[H:13])[O:1][H:8])[H:9])[H:10],1.0,9.0
6,-0.18813143613246772,AM1,OpenEye,,,C,,7,[H:11][c:5]1[c:4]([c:3]([c:2]([c:7]([c:6]1[H:12])[H:13])[O:1][H:8])[H:9])[H:10],1.0,9.0
7,0.21550190506073144,AM1,OpenEye,,,H,,8,[H:11][c:5]1[c:4]([c:3]([c:2]([c:7]([c:6]1[H:12])[H:13])[O:1][H:8])[H:9])[H:10],1.0,9.0
8,0.14823332486244348,AM1,OpenEye,,,H,,9,[H:11][c:5]1[c:4]([c:3]([c:2]([c:7]([c:6]1[H:12])[H:13])[O:1][H:8])[H:9])[H:10],1.0,9.0
9,0.1340830629834762,AM1,OpenEye,,,H,,10,[H:11][c:5]1[c:4]([c:3]([c:2]([c:7]([c:6]1[H:12])[H:13])[O:1][H:8])[H:9])[H:10],1.0,9.0
10,0.13299590406509545,AM1,OpenEye,,,H,,11,[H:11][c:5]1[c:4]([c:3]([c:2]([c:7]([c:6]1[H:12])[H:13])[O:1][H:8])[H:9])[H:10],1.0,9.0
11,0.13377428112121728,AM1,OpenEye,,,H,,12,[H:11][c:5]1[c:4]([c:3]([c:2]([c:7]([c:6]1[H:12])[H:13])[O:1][H:8])[H:9])[H:10],1.0,9.0
12,0.13528128025623468,AM1,OpenEye,,,H,,13,[H:11][c:5]1[c:4]([c:3]([c:2]([c:7]([c:6]1[H:12])[H:13])[O:1][H:8])[H:9])[H:10],1.0,9.0
0,-0.2529230769230769,AM1,AmberTools,,,O,,1,[H:11][c:5]1[c:4]([c:3]([c:2]([c:7]([c:6]1[H:12])[H:13])[O:1][H:8])[H:9])[H:10],1.0,9.0
1,0.07807692307692307,AM1,AmberTools,,,C,,2,[H:11][c:5]1[c:4]([c:3]([c:2]([c:7]([c:6]1[H:12])[H:13])[O:1][H:8])[H:9])[H:10],1.0,9.0
2,-0.15692307692307694,AM1,AmberTools,,,C,,3,[H:11][c:5]1[c:4]([c:3]([c:2]([c:7]([c:6]1[H:12])[H:13])[O:1][H:8])[H:9])[H:10],1.0,9.0
3,-0.09692307692307693,AM1,AmberTools,,,C,,4,[H:11][c:5]1[c:4]([c:3]([c:2]([c:7]([c:6]1[H:12])[H:13])[O:1][H:8])[H:9])[H:10],1.0,9.0
4,-0.16592307692307695,AM1,AmberTools,,,C,,5,[H:11][c:5]1[c:4]([c:3]([c:2]([c:7]([c:6]1[H:12])[H:13])[O:1][H:8])[H:9])[H:10],1.0,9.0
5,-0.09192307692307693,AM1,AmberTools,,,C,,6,[H:11][c:5]1[c:4]([c:3]([c:2]([c:7]([c:6]1[H:12])[H:13])[O:1][H:8])[H:9])[H:10],1.0,9.0
6,-0.21292307692307694,AM1,AmberTools,,,C,,7,[H:11][c:5]1[c:4]([c:3]([c:2]([c:7]([c:6]1[H:12])[H:13])[O:1][H:8])[H:9])[H:10],1.0,9.0
7,0.21707692307692306,AM1,AmberTools,,,H,,8,[H:11][c:5]1[c:4]([c:3]([c:2]([c:7]([c:6]1[H:12])[H:13])[O:1][H:8])[H:9])[H:10],1.0,9.0
8,0.15007692307692305,AM1,AmberTools,,,H,,9,[H:11][c:5]1[c:4]([c:3]([c:2]([c:7]([c:6]1[H:12])[H:13])[O:1][H:8])[H:9])[H:10],1.0,9.0
9,0.13407692307692307,AM1,AmberTools,,,H,,10,[H:11][c:5]1[c:4]([c:3]([c:2]([c:7]([c:6]1[H:12])[H:13])[O:1][H:8])[H:9])[H:10],1.0,9.0
10,0.13307692307692306,AM1,AmberTools,,,H,,11,[H:11][c:5]1[c:4]([c:3]([c:2]([c:7]([c:6]1[H:12])[H:13])[O:1][H:8])[H:9])[H:10],1.0,9.0
11,0.13207692307692306,AM1,AmberTools,,,H,,12,[H:11][c:5]1[c:4]([c:3]([c:2]([c:7]([c:6]1[H:12])[H:13])[O:1][H:8])[H:9])[H:10],1.0,9.0
12,0.13307692307692306,AM1,AmberTools,,,H,,13,[H:11][c:5]1[c:4]([c:3]([c:2]([c:7]([c:6]1[H:12])[H:13])[O:1][H:8])[H:9])[H:10],1.0,9.0
0,-0.26398837623687893,AM1,OpenEye,,,O,,1,[H:11][c:5]1[c:4]([c:3]([c:2]([c:7]([c:6]1[H:12])[H:13])[O:1][H:8])[H:9])[H:10],1.0,10.0
1,0.06026888581422659,AM1,OpenEye,,,C,,2,[H:11][c:5]1[c:4]([c:3]([c:2]([c:7]([c:6]1[H:12])[H:13])[O:1][H:8])[H:9])[H:10],1.0,10.0
2,-0.1442468768128982,AM1,OpenEye,,,C,,3,[H:11][c:5]1[c:4]([c:3]([c:2]([c:7]([c:6]1[H:12])[H:13])[O:1][H:8])[H:9])[H:10],1.0,10.0
3,-0.10808494744392541,AM1,OpenEye,,,C,,4,[H:11][c:5]1[c:4]([c:3]([c:2]([c:7]([c:6]1[H:12])[H:13])[O:1][H:8])[H:9])[H:10],1.0,10.0
4,-0.15181154069992212,AM1,OpenEye,,,C,,5,[H:11][c:5]1[c:4]([c:3]([c:2]([c:7]([c:6]1[H:12])[H:13])[O:1][H:8])[H:9])[H:10],1.0,10.0
5,-0.10387697873207238,AM1,OpenEye,,,C,,6,[H:11][c:5]1[c:4]([c:3]([c:2]([c:7]([c:6]1[H:12])[H:13])[O:1][H:8])[H:9])[H:10],1.0,10.0
6,-0.1881299471625915,AM1,OpenEye,,,C,,7,[H:11][c:5]1[c:4]([c:3]([c:2]([c:7]([c:6]1[H:12])[H:13])[O:1][H:8])[H:9])[H:10],1.0,10.0
7,0.21550150158313605,AM1,OpenEye,,,H,,8,[H:11][c:5]1[c:4]([c:3]([c:2]([c:7]([c:6]1[H:12])[H:13])[O:1][H:8])[H:9])[H:10],1.0,10.0
8,0.14823342802432868,AM1,OpenEye,,,H,,9,[H:11][c:5]1[c:4]([c:3]([c:2]([c:7]([c:6]1[H:12])[H:13])[O:1][H:8])[H:9])[H:10],1.0,10.0
9,0.1340833896627793,AM1,OpenEye,,,H,,10,[H:11][c:5]1[c:4]([c:3]([c:2]([c:7]([c:6]1[H:12])[H:13])[O:1][H:8])[H:9])[H:10],1.0,10.0
10,0.1329954260816941,AM1,OpenEye,,,H,,11,[H:11][c:5]1[c:4]([c:3]([c:2]([c:7]([c:6]1[H:12])[H:13])[O:1][H:8])[H:9])[H:10],1.0,10.0
11,0.1337746078005204,AM1,OpenEye,,,H,,12,[H:11][c:5]1[c:4]([c:3]([c:2]([c:7]([c:6]1[H:12])[H:13])[O:1][H:8])[H:9])[H:10],1.0,10.0
12,0.13528142812160346,AM1,OpenEye,,,H,,13,[H:11][c:5]1[c:4]([c:3]([c:2]([c:7]([c:6]1[H:12])[H:13])[O:1][H:8])[H:9])[H:10],1.0,10.0
0,-0.2529230769230769,AM1,AmberTools,,,O,,1,[H:11][c:5]1[c:4]([c:3]([c:2]([c:7]([c:6]1[H:12])[H:13])[O:1][H:8])[H:9])[H:10],1.0,10.0
1,0.07807692307692307,AM1,AmberTools,,,C,,2,[H:11][c:5]1[c:4]([c:3]([c:2]([c:7]([c:6]1[H:12])[H:13])[O:1][H:8])[H:9])[H:10],1.0,10.0
2,-0.15692307692307694,AM1,AmberTools,,,C,,3,[H:11][c:5]1[c:4]([c:3]([c:2]([c:7]([c:6]1[H:12])[H:13])[O:1][H:8])[H:9])[H:10],1.0,10.0
3,-0.09692307692307693,AM1,AmberTools,,,C,,4,[H:11][c:5]1[c:4]([c:3]([c:2]([c:7]([c:6]1[H:12])[H:13])[O:1][H:8])[H:9])[H:10],1.0,10.0
4,-0.16592307692307695,AM1,AmberTools,,,C,,5,[H:11][c:5]1[c:4]([c:3]([c:2]([c:7]([c:6]1[H:12])[H:13])[O:1][H:8])[H:9])[H:10],1.0,10.0
5,-0.09192307692307693,AM1,AmberTools,,,C,,6,[H:11][c:5]1[c:4]([c:3]([c:2]([c:7]([c:6]1[H:12])[H:13])[O:1][H:8])[H:9])[H:10],1.0,10.0
6,-0.21292307692307694,AM1,AmberTools,,,C,,7,[H:11][c:5]1[c:4]([c:3]([c:2]([c:7]([c:6]1[H:12])[H:13])[O:1][H:8])[H:9])[H:10],1.0,10.0
7,0.21707692307692306,AM1,AmberTools,,,H,,8,[H:11][c:5]1[c:4]([c:3]([c:2]([c:7]([c:6]1[H:12])[H:13])[O:1][H:8])[H:9])[H:10],1.0,10.0
8,0.15007692307692305,AM1,AmberTools,,,H,,9,[H:11][c:5]1[c:4]([c:3]([c:2]([c:7]([c:6]1[H:12])[H:13])[O:1][H:8])[H:9])[H:10],1.0,10.0
9,0.13407692307692307,AM1,AmberTools,,,H,,10,[H:11][c:5]1[c:4]([c:3]([c:2]([c:7]([c:6]1[H:12])[H:13])[O:1][H:8])[H:9])[H:10],1.0,10.0
10,0.13307692307692306,AM1,AmberTools,,,H,,11,[H:11][c:5]1[c:4]([c:3]([c:2]([c:7]([c:6]1[H:12])[H:13])[O:1][H:8])[H:9])[H:10],1.0,10.0
11,0.13207692307692306,AM1,AmberTools,,,H,,12,[H:11][c:5]1[c:4]([c:3]([c:2]([c:7]([c:6]1[H:12])[H:13])[O:1][H:8])[H:9])[H:10],1.0,10.0
12,0.13307692307692306,AM1,AmberTools,,,H,,13,[H:11][c:5]1[c:4]([c:3]([c:2]([c:7]([c:6]1[H:12])[H:13])[O:1][H:8])[H:9])[H:10],1.0,10.0
0,-0.2639887321453828,AM1,OpenEye,,,O,,1,[H:11][c:5]1[c:4]([c:3]([c:2]([c:7]([c:6]1[H:12])[H:13])[O:1][H:8])[H:9])[H:10],1.0,11.0
1,0.060267866804049566,AM1,OpenEye,,,C,,2,[H:11][c:5]1[c:4]([c:3]([c:2]([c:7]([c:6]1[H:12])[H:13])[O:1][H:8])[H:9])[H:10],1.0,11.0
2,-0.14424683039004987,AM1,OpenEye,,,C,,3,[H:11][c:5]1[c:4]([c:3]([c:2]([c:7]([c:6]1[H:12])[H:13])[O:1][H:8])[H:9])[H:10],1.0,11.0
3,-0.10808488611991589,AM1,OpenEye,,,C,,4,[H:11][c:5]1[c:4]([c:3]([c:2]([c:7]([c:6]1[H:12])[H:13])[O:1][H:8])[H:9])[H:10],1.0,11.0
4,-0.15180970613773054,AM1,OpenEye,,,C,,5,[H:11][c:5]1[c:4]([c:3]([c:2]([c:7]([c:6]1[H:12])[H:13])[O:1][H:8])[H:9])[H:10],1.0,11.0
5,-0.10387869064624493,AM1,OpenEye,,,C,,6,[H:11][c:5]1[c:4]([c:3]([c:2]([c:7]([c:6]1[H:12])[H:13])[O:1][H:8])[H:9])[H:10],1.0,11.0
6,-0.1881285894375581,AM1,OpenEye,,,C,,7,[H:11][c:5]1[c:4]([c:3]([c:2]([c:7]([c:6]1[H:12])[H:13])[O:1][H:8])[H:9])[H:10],1.0,11.0
7,0.2155012499827605,AM1,OpenEye,,,H,,8,[H:11][c:5]1[c:4]([c:3]([c:2]([c:7]([c:6]1[H:12])[H:13])[O:1][H:8])[H:9])[H:10],1.0,11.0
8,0.14823354895298296,AM1,OpenEye,,,H,,9,[H:11][c:5]1[c:4]([c:3]([c:2]([c:7]([c:6]1[H:12])[H:13])[O:1][H:8])[H:9])[H:10],1.0,11.0
9,0.13408337648098284,AM1,OpenEye,,,H,,10,[H:11][c:5]1[c:4]([c:3]([c:2]([c:7]([c:6]1[H:12])[H:13])[O:1][H:8])[H:9])[H:10],1.0,11.0
10,0.1329950403708678,AM1,OpenEye,,,H,,11,[H:11][c:5]1[c:4]([c:3]([c:2]([c:7]([c:6]1[H:12])[H:13])[O:1][H:8])[H:9])[H:10],1.0,11.0
11,0.13377477343265826,AM1,OpenEye,,,H,,12,[H:11][c:5]1[c:4]([c:3]([c:2]([c:7]([c:6]1[H:12])[H:13])[O:1][H:8])[H:9])[H:10],1.0,11.0
12,0.13528157885258013,AM1,OpenEye,,,H,,13,[H:11][c:5]1[c:4]([c:3]([c:2]([c:7]([c:6]1[H:12])[H:13])[O:1][H:8])[H:9])[H:10],1.0,11.0
0,-0.2529230769230769,AM1,AmberTools,,,O,,1,[H:11][c:5]1[c:4]([c:3]([c:2]([c:7]([c:6]1[H:12])[H:13])[O:1][H:8])[H:9])[H:10],1.0,11.0
1,0.07807692307692307,AM1,AmberTools,,,C,,2,[H:11][c:5]1[c:4]([c:3]([c:2]([c:7]([c:6]1[H:12])[H:13])[O:1][H:8])[H:9])[H:10],1.0,11.0
2,-0.15692307692307694,AM1,AmberTools,,,C,,3,[H:11][c:5]1[c:4]([c:3]([c:2]([c:7]([c:6]1[H:12])[H:13])[O:1][H:8])[H:9])[H:10],1.0,11.0
3,-0.09692307692307693,AM1,AmberTools,,,C,,4,[H:11][c:5]1[c:4]([c:3]([c:2]([c:7]([c:6]1[H:12])[H:13])[O:1][H:8])[H:9])[H:10],1.0,11.0
4,-0.16592307692307695,AM1,AmberTools,,,C,,5,[H:11][c:5]1[c:4]([c:3]([c:2]([c:7]([c:6]1[H:12])[H:13])[O:1][H:8])[H:9])[H:10],1.0,11.0
5,-0.09192307692307693,AM1,AmberTools,,,C,,6,[H:11][c:5]1[c:4]([c:3]([c:2]([c:7]([c:6]1[H:12])[H:13])[O:1][H:8])[H:9])[H:10],1.0,11.0
6,-0.21292307692307694,AM1,AmberTools,,,C,,7,[H:11][c:5]1[c:4]([c:3]([c:2]([c:7]([c:6]1[H:12])[H:13])[O:1][H:8])[H:9])[H:10],1.0,11.0
7,0.21707692307692306,AM1,AmberTools,,,H,,8,[H:11][c:5]1[c:4]([c:3]([c:2]([c:7]([c:6]1[H:12])[H:13])[O:1][H:8])[H:9])[H:10],1.0,11.0
8,0.15007692307692305,AM1,AmberTools,,,H,,9,[H:11][c:5]1[c:4]([c:3]([c:2]([c:7]([c:6]1[H:12])[H:13])[O:1][H:8])[H:9])[H:10],1.0,11.0
9,0.13407692307692307,AM1,AmberTools,,,H,,10,[H:11][c:5]1[c:4]([c:3]([c:2]([c:7]([c:6]1[H:12])[H:13])[O:1][H:8])[H:9])[H:10],1.0,11.0
10,0.13307692307692306,AM1,AmberTools,,,H,,11,[H:11][c:5]1[c:4]([c:3]([c:2]([c:7]([c:6]1[H:12])[H:13])[O:1][H:8])[H:9])[H:10],1.0,11.0
11,0.13207692307692306,AM1,AmberTools,,,H,,12,[H:11][c:5]1[c:4]([c:3]([c:2]([c:7]([c:6]1[H:12])[H:13])[O:1][H:8])[H:9])[H:10],1.0,11.0
12,0.13307692307692306,AM1,AmberTools,,,H,,13,[H:11][c:5]1[c:4]([c:3]([c:2]([c:7]([c:6]1[H:12])[H:13])[O:1][H:8])[H:9])[H:10],1.0,11.0
0,-0.26398643822624135,AM1,OpenEye,,,O,,1,[H:11][c:5]1[c:4]([c:3]([c:2]([c:7]([c:6]1[H:12])[H:13])[O:1][H:8])[H:9])[H:10],1.0,12.0
1,0.060270261306029096,AM1,OpenEye,,,C,,2,[H:11][c:5]1[c:4]([c:3]([c:2]([c:7]([c:6]1[H:12])[H:13])[O:1][H:8])[H:9])[H:10],1.0,12.0
2,-0.14424695045902178,AM1,OpenEye,,,C,,3,[H:11][c:5]1[c:4]([c:3]([c:2]([c:7]([c:6]1[H:12])[H:13])[O:1][H:8])[H:9])[H:10],1.0,12.0
3,-0.10808806092693256,AM1,OpenEye,,,C,,4,[H:11][c:5]1[c:4]([c:3]([c:2]([c:7]([c:6]1[H:12])[H:13])[O:1][H:8])[H:9])[H:10],1.0,12.0
4,-0.15181656153156206,AM1,OpenEye,,,C,,5,[H:11][c:5]1[c:4]([c:3]([c:2]([c:7]([c:6]1[H:12])[H:13])[O:1][H:8])[H:9])[H:10],1.0,12.0
5,-0.10387039155914234,AM1,OpenEye,,,C,,6,[H:11][c:5]1[c:4]([c:3]([c:2]([c:7]([c:6]1[H:12])[H:13])[O:1][H:8])[H:9])[H:10],1.0,12.0
6,-0.18812939495994493,AM1,OpenEye,,,C,,7,[H:11][c:5]1[c:4]([c:3]([c:2]([c:7]([c:6]1[H:12])[H:13])[O:1][H:8])[H:9])[H:10],1.0,12.0
7,0.21550187497184828,AM1,OpenEye,,,H,,8,[H:11][c:5]1[c:4]([c:3]([c:2]([c:7]([c:6]1[H:12])[H:13])[O:1][H:8])[H:9])[H:10],1.0,12.0
8,0.14823104469822004,AM1,OpenEye,,,H,,9,[H:11][c:5]1[c:4]([c:3]([c:2]([c:7]([c:6]1[H:12])[H:13])[O:1][H:8])[H:9])[H:10],1.0,12.0
9,0.13408367364452436,AM1,OpenEye,,,H,,10,[H:11][c:5]1[c:4]([c:3]([c:2]([c:7]([c:6]1[H:12])[H:13])[O:1][H:8])[H:9])[H:10],1.0,12.0
10,0.13299649982498243,AM1,OpenEye,,,H,,11,[H:11][c:5]1[c:4]([c:3]([c:2]([c:7]([c:6]1[H:12])[H:13])[O:1][H:8])[H:9])[H:10],1.0,12.0
11,0.13377417652652815,AM1,OpenEye,,,H,,12,[H:11][c:5]1[c:4]([c:3]([c:2]([c:7]([c:6]1[H:12])[H:13])[O:1][H:8])[H:9])[H:10],1.0,12.0
12,0.13528026669071272,AM1,OpenEye,,,H,,13,[H:11][c:5]1[c:4]([c:3]([c:2]([c:7]([c:6]1[H:12])[H:13])[O:1][H:8])[H:9])[H:10],1.0,12.0
0,-0.2529230769230769,AM1,AmberTools,,,O,,1,[H:11][c:5]1[c:4]([c:3]([c:2]([c:7]([c:6]1[H:12])[H:13])[O:1][H:8])[H:9])[H:10],1.0,12.0
1,0.07807692307692307,AM1,AmberTools,,,C,,2,[H:11][c:5]1[c:4]([c:3]([c:2]([c:7]([c:6]1[H:12])[H:13])[O:1][H:8])[H:9])[H:10],1.0,12.0
2,-0.15692307692307694,AM1,AmberTools,,,C,,3,[H:11][c:5]1[c:4]([c:3]([c:2]([c:7]([c:6]1[H:12])[H:13])[O:1][H:8])[H:9])[H:10],1.0,12.0
3,-0.09692307692307693,AM1,AmberTools,,,C,,4,[H:11][c:5]1[c:4]([c:3]([c:2]([c:7]([c:6]1[H:12])[H:13])[O:1][H:8])[H:9])[H:10],1.0,12.0
4,-0.16592307692307695,AM1,AmberTools,,,C,,5,[H:11][c:5]1[c:4]([c:3]([c:2]([c:7]([c:6]1[H:12])[H:13])[O:1][H:8])[H:9])[H:10],1.0,12.0
5,-0.09192307692307693,AM1,AmberTools,,,C,,6,[H:11][c:5]1[c:4]([c:3]([c:2]([c:7]([c:6]1[H:12])[H:13])[O:1][H:8])[H:9])[H:10],1.0,12.0
6,-0.21292307692307694,AM1,AmberTools,,,C,,7,[H:11][c:5]1[c:4]([c:3]([c:2]([c:7]([c:6]1[H:12])[H:13])[O:1][H:8])[H:9])[H:10],1.0,12.0
7,0.21707692307692306,AM1,AmberTools,,,H,,8,[H:11][c:5]1[c:4]([c:3]([c:2]([c:7]([c:6]1[H:12])[H:13])[O:1][H:8])[H:9])[H:10],1.0,12.0
8,0.15007692307692305,AM1,AmberTools,,,H,,9,[H:11][c:5]1[c:4]([c:3]([c:2]([c:7]([c:6]1[H:12])[H:13])[O:1][H:8])[H:9])[H:10],1.0,12.0
9,0.13407692307692307,AM1,AmberTools,,,H,,10,[H:11][c:5]1[c:4]([c:3]([c:2]([c:7]([c:6]1[H:12])[H:13])[O:1][H:8])[H:9])[H:10],1.0,12.0
10,0.13307692307692306,AM1,AmberTools,,,H,,11,[H:11][c:5]1[c:4]([c:3]([c:2]([c:7]([c:6]1[H:12])[H:13])[O:1][H:8])[H:9])[H:10],1.0,12.0
11,0.13207692307692306,AM1,AmberTools,,,H,,12,[H:11][c:5]1[c:4]([c:3]([c:2]([c:7]([c:6]1[H:12])[H:13])[O:1][H:8])[H:9])[H:10],1.0,12.0
12,0.13307692307692306,AM1,AmberTools,,,H,,13,[H:11][c:5]1[c:4]([c:3]([c:2]([c:7]([c:6]1[H:12])[H:13])[O:1][H:8])[H:9])[H:10],1.0,12.0
0,-0.25239333453086704,AM1,OpenEye,,,O,,1,[H:11][c:5]1[c:4]([c:3]([c:2]([c:7]([c:6]1[H:12])[H:13])[O:1][H:8])[H:9])[H:10],11.0,1.0
1,0.07708230671974328,AM1,OpenEye,,,C,,2,[H:11][c:5]1[c:4]([c:3]([c:2]([c:7]([c:6]1[H:12])[H:13])[O:1][H:8])[H:9])[H:10],11.0,1.0
2,-0.15624338331130835,AM1,OpenEye,,,C,,3,[H:11][c:5]1[c:4]([c:3]([c:2]([c:7]([c:6]1[H:12])[H:13])[O:1][H:8])[H:9])[H:10],11.0,1.0
3,-0.09683825018314215,AM1,OpenEye,,,C,,4,[H:11][c:5]1[c:4]([c:3]([c:2]([c:7]([c:6]1[H:12])[H:13])[O:1][H:8])[H:9])[H:10],11.0,1.0
4,-0.16448557319549414,AM1,OpenEye,,,C,,5,[H:11][c:5]1[c:4]([c:3]([c:2]([c:7]([c:6]1[H:12])[H:13])[O:1][H:8])[H:9])[H:10],11.0,1.0
5,-0.09204884561208579,AM1,OpenEye,,,C,,6,[H:11][c:5]1[c:4]([c:3]([c:2]([c:7]([c:6]1[H:12])[H:13])[O:1][H:8])[H:9])[H:10],11.0,1.0
6,-0.21335841658023688,AM1,OpenEye,,,C,,7,[H:11][c:5]1[c:4]([c:3]([c:2]([c:7]([c:6]1[H:12])[H:13])[O:1][H:8])[H:9])[H:10],11.0,1.0
7,0.21741722581478265,AM1,OpenEye,,,H,,8,[H:11][c:5]1[c:4]([c:3]([c:2]([c:7]([c:6]1[H:12])[H:13])[O:1][H:8])[H:9])[H:10],11.0,1.0
8,0.14920479116531518,AM1,OpenEye,,,H,,9,[H:11][c:5]1[c:4]([c:3]([c:2]([c:7]([c:6]1[H:12])[H:13])[O:1][H:8])[H:9])[H:10],11.0,1.0
9,0.1337541645536056,AM1,OpenEye,,,H,,10,[H:11][c:5]1[c:4]([c:3]([c:2]([c:7]([c:6]1[H:12])[H:13])[O:1][H:8])[H:9])[H:10],11.0,1.0
10,0.13403706309887078,AM1,OpenEye,,,H,,11,[H:11][c:5]1[c:4]([c:3]([c:2]([c:7]([c:6]1[H:12])[H:13])[O:1][H:8])[H:9])[H:10],11.0,1.0
11,0.1319596773156753,AM1,OpenEye,,,H,,12,[H:11][c:5]1[c:4]([c:3]([c:2]([c:7]([c:6]1[H:12])[H:13])[O:1][H:8])[H:9])[H:10],11.0,1.0
12,0.13191257474514154,AM1,OpenEye,,,H,,13,[H:11][c:5]1[c:4]([c:3]([c:2]([c:7]([c:6]1[H:12])[H:13])[O:1][H:8])[H:9])[H:10],11.0,1.0
0,-0.2529230769230769,AM1,AmberTools,,,O,,1,[H:11][c:5]1[c:4]([c:3]([c:2]([c:7]([c:6]1[H:12])[H:13])[O:1][H:8])[H:9])[H:10],11.0,1.0
1,0.07807692307692307,AM1,AmberTools,,,C,,2,[H:11][c:5]1[c:4]([c:3]([c:2]([c:7]([c:6]1[H:12])[H:13])[O:1][H:8])[H:9])[H:10],11.0,1.0
2,-0.15692307692307694,AM1,AmberTools,,,C,,3,[H:11][c:5]1[c:4]([c:3]([c:2]([c:7]([c:6]1[H:12])[H:13])[O:1][H:8])[H:9])[H:10],11.0,1.0
3,-0.09692307692307693,AM1,AmberTools,,,C,,4,[H:11][c:5]1[c:4]([c:3]([c:2]([c:7]([c:6]1[H:12])[H:13])[O:1][H:8])[H:9])[H:10],11.0,1.0
4,-0.16592307692307695,AM1,AmberTools,,,C,,5,[H:11][c:5]1[c:4]([c:3]([c:2]([c:7]([c:6]1[H:12])[H:13])[O:1][H:8])[H:9])[H:10],11.0,1.0
5,-0.09192307692307693,AM1,AmberTools,,,C,,6,[H:11][c:5]1[c:4]([c:3]([c:2]([c:7]([c:6]1[H:12])[H:13])[O:1][H:8])[H:9])[H:10],11.0,1.0
6,-0.21292307692307694,AM1,AmberTools,,,C,,7,[H:11][c:5]1[c:4]([c:3]([c:2]([c:7]([c:6]1[H:12])[H:13])[O:1][H:8])[H:9])[H:10],11.0,1.0
7,0.21707692307692306,AM1,AmberTools,,,H,,8,[H:11][c:5]1[c:4]([c:3]([c:2]([c:7]([c:6]1[H:12])[H:13])[O:1][H:8])[H:9])[H:10],11.0,1.0
8,0.15007692307692305,AM1,AmberTools,,,H,,9,[H:11][c:5]1[c:4]([c:3]([c:2]([c:7]([c:6]1[H:12])[H:13])[O:1][H:8])[H:9])[H:10],11.0,1.0
9,0.13407692307692307,AM1,AmberTools,,,H,,10,[H:11][c:5]1[c:4]([c:3]([c:2]([c:7]([c:6]1[H:12])[H:13])[O:1][H:8])[H:9])[H:10],11.0,1.0
10,0.13307692307692306,AM1,AmberTools,,,H,,11,[H:11][c:5]1[c:4]([c:3]([c:2]([c:7]([c:6]1[H:12])[H:13])[O:1][H:8])[H:9])[H:10],11.0,1.0
11,0.13207692307692306,AM1,AmberTools,,,H,,12,[H:11][c:5]1[c:4]([c:3]([c:2]([c:7]([c:6]1[H:12])[H:13])[O:1][H:8])[H:9])[H:10],11.0,1.0
12,0.13307692307692306,AM1,AmberTools,,,H,,13,[H:11][c:5]1[c:4]([c:3]([c:2]([c:7]([c:6]1[H:12])[H:13])[O:1][H:8])[H:9])[H:10],11.0,1.0
0,-0.25239327664558703,AM1,OpenEye,,,O,,1,[H:11][c:5]1[c:4]([c:3]([c:2]([c:7]([c:6]1[H:12])[H:13])[O:1][H:8])[H:9])[H:10],11.0,2.0
1,0.07708205168063824,AM1,OpenEye,,,C,,2,[H:11][c:5]1[c:4]([c:3]([c:2]([c:7]([c:6]1[H:12])[H:13])[O:1][H:8])[H:9])[H:10],11.0,2.0
2,-0.15624323601906115,AM1,OpenEye,,,C,,3,[H:11][c:5]1[c:4]([c:3]([c:2]([c:7]([c:6]1[H:12])[H:13])[O:1][H:8])[H:9])[H:10],11.0,2.0
3,-0.09683834130947407,AM1,OpenEye,,,C,,4,[H:11][c:5]1[c:4]([c:3]([c:2]([c:7]([c:6]1[H:12])[H:13])[O:1][H:8])[H:9])[H:10],11.0,2.0
4,-0.16448564942066485,AM1,OpenEye,,,C,,5,[H:11][c:5]1[c:4]([c:3]([c:2]([c:7]([c:6]1[H:12])[H:13])[O:1][H:8])[H:9])[H:10],11.0,2.0
5,-0.09204888458435352,AM1,OpenEye,,,C,,6,[H:11][c:5]1[c:4]([c:3]([c:2]([c:7]([c:6]1[H:12])[H:13])[O:1][H:8])[H:9])[H:10],11.0,2.0
6,-0.21335835869495684,AM1,OpenEye,,,C,,7,[H:11][c:5]1[c:4]([c:3]([c:2]([c:7]([c:6]1[H:12])[H:13])[O:1][H:8])[H:9])[H:10],11.0,2.0
7,0.21741708998496717,AM1,OpenEye,,,H,,8,[H:11][c:5]1[c:4]([c:3]([c:2]([c:7]([c:6]1[H:12])[H:13])[O:1][H:8])[H:9])[H:10],11.0,2.0
8,0.14920493845756239,AM1,OpenEye,,,H,,9,[H:11][c:5]1[c:4]([c:3]([c:2]([c:7]([c:6]1[H:12])[H:13])[O:1][H:8])[H:9])[H:10],11.0,2.0
9,0.13375422243888563,AM1,OpenEye,,,H,,10,[H:11][c:5]1[c:4]([c:3]([c:2]([c:7]([c:6]1[H:12])[H:13])[O:1][H:8])[H:9])[H:10],11.0,2.0
10,0.1340369719725389,AM1,OpenEye,,,H,,11,[H:11][c:5]1[c:4]([c:3]([c:2]([c:7]([c:6]1[H:12])[H:13])[O:1][H:8])[H:9])[H:10],11.0,2.0
11,0.13195976500327772,AM1,OpenEye,,,H,,12,[H:11][c:5]1[c:4]([c:3]([c:2]([c:7]([c:6]1[H:12])[H:13])[O:1][H:8])[H:9])[H:10],11.0,2.0
12,0.13191270713622755,AM1,OpenEye,,,H,,13,[H:11][c:5]1[c:4]([c:3]([c:2]([c:7]([c:6]1[H:12])[H:13])[O:1][H:8])[H:9])[H:10],11.0,2.0
0,-0.2529230769230769,AM1,AmberTools,,,O,,1,[H:11][c:5]1[c:4]([c:3]([c:2]([c:7]([c:6]1[H:12])[H:13])[O:1][H:8])[H:9])[H:10],11.0,2.0
1,0.07807692307692307,AM1,AmberTools,,,C,,2,[H:11][c:5]1[c:4]([c:3]([c:2]([c:7]([c:6]1[H:12])[H:13])[O:1][H:8])[H:9])[H:10],11.0,2.0
2,-0.15692307692307694,AM1,AmberTools,,,C,,3,[H:11][c:5]1[c:4]([c:3]([c:2]([c:7]([c:6]1[H:12])[H:13])[O:1][H:8])[H:9])[H:10],11.0,2.0
3,-0.09692307692307693,AM1,AmberTools,,,C,,4,[H:11][c:5]1[c:4]([c:3]([c:2]([c:7]([c:6]1[H:12])[H:13])[O:1][H:8])[H:9])[H:10],11.0,2.0
4,-0.16592307692307695,AM1,AmberTools,,,C,,5,[H:11][c:5]1[c:4]([c:3]([c:2]([c:7]([c:6]1[H:12])[H:13])[O:1][H:8])[H:9])[H:10],11.0,2.0
5,-0.09192307692307693,AM1,AmberTools,,,C,,6,[H:11][c:5]1[c:4]([c:3]([c:2]([c:7]([c:6]1[H:12])[H:13])[O:1][H:8])[H:9])[H:10],11.0,2.0
6,-0.21292307692307694,AM1,AmberTools,,,C,,7,[H:11][c:5]1[c:4]([c:3]([c:2]([c:7]([c:6]1[H:12])[H:13])[O:1][H:8])[H:9])[H:10],11.0,2.0
7,0.21707692307692306,AM1,AmberTools,,,H,,8,[H:11][c:5]1[c:4]([c:3]([c:2]([c:7]([c:6]1[H:12])[H:13])[O:1][H:8])[H:9])[H:10],11.0,2.0
8,0.15007692307692305,AM1,AmberTools,,,H,,9,[H:11][c:5]1[c:4]([c:3]([c:2]([c:7]([c:6]1[H:12])[H:13])[O:1][H:8])[H:9])[H:10],11.0,2.0
9,0.13407692307692307,AM1,AmberTools,,,H,,10,[H:11][c:5]1[c:4]([c:3]([c:2]([c:7]([c:6]1[H:12])[H:13])[O:1][H:8])[H:9])[H:10],11.0,2.0
10,0.13307692307692306,AM1,AmberTools,,,H,,11,[H:11][c:5]1[c:4]([c:3]([c:2]([c:7]([c:6]1[H:12])[H:13])[O:1][H:8])[H:9])[H:10],11.0,2.0
11,0.13207692307692306,AM1,AmberTools,,,H,,12,[H:11][c:5]1[c:4]([c:3]([c:2]([c:7]([c:6]1[H:12])[H:13])[O:1][H:8])[H:9])[H:10],11.0,2.0
12,0.13307692307692306,AM1,AmberTools,,,H,,13,[H:11][c:5]1[c:4]([c:3]([c:2]([c:7]([c:6]1[H:12])[H:13])[O:1][H:8])[H:9])[H:10],11.0,2.0
0,-0.2523933362502318,AM1,OpenEye,,,O,,1,[H:11][c:5]1[c:4]([c:3]([c:2]([c:7]([c:6]1[H:12])[H:13])[O:1][H:8])[H:9])[H:10],11.0,3.0
1,0.07708224539573376,AM1,OpenEye,,,C,,2,[H:11][c:5]1[c:4]([c:3]([c:2]([c:7]([c:6]1[H:12])[H:13])[O:1][H:8])[H:9])[H:10],11.0,3.0
2,-0.1562433403271895,AM1,OpenEye,,,C,,3,[H:11][c:5]1[c:4]([c:3]([c:2]([c:7]([c:6]1[H:12])[H:13])[O:1][H:8])[H:9])[H:10],11.0,3.0
3,-0.0968382742542487,AM1,OpenEye,,,C,,4,[H:11][c:5]1[c:4]([c:3]([c:2]([c:7]([c:6]1[H:12])[H:13])[O:1][H:8])[H:9])[H:10],11.0,3.0
4,-0.16448558981602007,AM1,OpenEye,,,C,,5,[H:11][c:5]1[c:4]([c:3]([c:2]([c:7]([c:6]1[H:12])[H:13])[O:1][H:8])[H:9])[H:10],11.0,3.0
5,-0.09204886223261173,AM1,OpenEye,,,C,,6,[H:11][c:5]1[c:4]([c:3]([c:2]([c:7]([c:6]1[H:12])[H:13])[O:1][H:8])[H:9])[H:10],11.0,3.0
6,-0.21335840339844042,AM1,OpenEye,,,C,,7,[H:11][c:5]1[c:4]([c:3]([c:2]([c:7]([c:6]1[H:12])[H:13])[O:1][H:8])[H:9])[H:10],11.0,3.0
7,0.21741719429309553,AM1,OpenEye,,,H,,8,[H:11][c:5]1[c:4]([c:3]([c:2]([c:7]([c:6]1[H:12])[H:13])[O:1][H:8])[H:9])[H:10],11.0,3.0
8,0.14920481924827284,AM1,OpenEye,,,H,,9,[H:11][c:5]1[c:4]([c:3]([c:2]([c:7]([c:6]1[H:12])[H:13])[O:1][H:8])[H:9])[H:10],11.0,3.0
9,0.13375419263656324,AM1,OpenEye,,,H,,10,[H:11][c:5]1[c:4]([c:3]([c:2]([c:7]([c:6]1[H:12])[H:13])[O:1][H:8])[H:9])[H:10],11.0,3.0
10,0.13403704647834486,AM1,OpenEye,,,H,,11,[H:11][c:5]1[c:4]([c:3]([c:2]([c:7]([c:6]1[H:12])[H:13])[O:1][H:8])[H:9])[H:10],11.0,3.0
11,0.13195970539863294,AM1,OpenEye,,,H,,12,[H:11][c:5]1[c:4]([c:3]([c:2]([c:7]([c:6]1[H:12])[H:13])[O:1][H:8])[H:9])[H:10],11.0,3.0
12,0.1319126028280992,AM1,OpenEye,,,H,,13,[H:11][c:5]1[c:4]([c:3]([c:2]([c:7]([c:6]1[H:12])[H:13])[O:1][H:8])[H:9])[H:10],11.0,3.0
0,-0.2529230769230769,AM1,AmberTools,,,O,,1,[H:11][c:5]1[c:4]([c:3]([c:2]([c:7]([c:6]1[H:12])[H:13])[O:1][H:8])[H:9])[H:10],11.0,3.0
1,0.07807692307692307,AM1,AmberTools,,,C,,2,[H:11][c:5]1[c:4]([c:3]([c:2]([c:7]([c:6]1[H:12])[H:13])[O:1][H:8])[H:9])[H:10],11.0,3.0
2,-0.15692307692307694,AM1,AmberTools,,,C,,3,[H:11][c:5]1[c:4]([c:3]([c:2]([c:7]([c:6]1[H:12])[H:13])[O:1][H:8])[H:9])[H:10],11.0,3.0
3,-0.09692307692307693,AM1,AmberTools,,,C,,4,[H:11][c:5]1[c:4]([c:3]([c:2]([c:7]([c:6]1[H:12])[H:13])[O:1][H:8])[H:9])[H:10],11.0,3.0
4,-0.16592307692307695,AM1,AmberTools,,,C,,5,[H:11][c:5]1[c:4]([c:3]([c:2]([c:7]([c:6]1[H:12])[H:13])[O:1][H:8])[H:9])[H:10],11.0,3.0
5,-0.09192307692307693,AM1,AmberTools,,,C,,6,[H:11][c:5]1[c:4]([c:3]([c:2]([c:7]([c:6]1[H:12])[H:13])[O:1][H:8])[H:9])[H:10],11.0,3.0
6,-0.21292307692307694,AM1,AmberTools,,,C,,7,[H:11][c:5]1[c:4]([c:3]([c:2]([c:7]([c:6]1[H:12])[H:13])[O:1][H:8])[H:9])[H:10],11.0,3.0
7,0.21707692307692306,AM1,AmberTools,,,H,,8,[H:11][c:5]1[c:4]([c:3]([c:2]([c:7]([c:6]1[H:12])[H:13])[O:1][H:8])[H:9])[H:10],11.0,3.0
8,0.15007692307692305,AM1,AmberTools,,,H,,9,[H:11][c:5]1[c:4]([c:3]([c:2]([c:7]([c:6]1[H:12])[H:13])[O:1][H:8])[H:9])[H:10],11.0,3.0
9,0.13407692307692307,AM1,AmberTools,,,H,,10,[H:11][c:5]1[c:4]([c:3]([c:2]([c:7]([c:6]1[H:12])[H:13])[O:1][H:8])[H:9])[H:10],11.0,3.0
10,0.13307692307692306,AM1,AmberTools,,,H,,11,[H:11][c:5]1[c:4]([c:3]([c:2]([c:7]([c:6]1[H:12])[H:13])[O:1][H:8])[H:9])[H:10],11.0,3.0
11,0.13207692307692306,AM1,AmberTools,,,H,,12,[H:11][c:5]1[c:4]([c:3]([c:2]([c:7]([c:6]1[H:12])[H:13])[O:1][H:8])[H:9])[H:10],11.0,3.0
12,0.13307692307692306,AM1,AmberTools,,,H,,13,[H:11][c:5]1[c:4]([c:3]([c:2]([c:7]([c:6]1[H:12])[H:13])[O:1][H:8])[H:9])[H:10],11.0,3.0
0,-0.2523932164678207,AM1,OpenEye,,,O,,1,[H:11][c:5]1[c:4]([c:3]([c:2]([c:7]([c:6]1[H:12])[H:13])[O:1][H:8])[H:9])[H:10],11.0,4.0
1,0.07708185108808371,AM1,OpenEye,,,C,,2,[H:11][c:5]1[c:4]([c:3]([c:2]([c:7]([c:6]1[H:12])[H:13])[O:1][H:8])[H:9])[H:10],11.0,4.0
2,-0.15624311623665002,AM1,OpenEye,,,C,,3,[H:11][c:5]1[c:4]([c:3]([c:2]([c:7]([c:6]1[H:12])[H:13])[O:1][H:8])[H:9])[H:10],11.0,4.0
3,-0.09683841524215844,AM1,OpenEye,,,C,,4,[H:11][c:5]1[c:4]([c:3]([c:2]([c:7]([c:6]1[H:12])[H:13])[O:1][H:8])[H:9])[H:10],11.0,4.0
4,-0.16448572335334924,AM1,OpenEye,,,C,,5,[H:11][c:5]1[c:4]([c:3]([c:2]([c:7]([c:6]1[H:12])[H:13])[O:1][H:8])[H:9])[H:10],11.0,4.0
5,-0.09204892871471551,AM1,OpenEye,,,C,,6,[H:11][c:5]1[c:4]([c:3]([c:2]([c:7]([c:6]1[H:12])[H:13])[O:1][H:8])[H:9])[H:10],11.0,4.0
6,-0.21335831341835168,AM1,OpenEye,,,C,,7,[H:11][c:5]1[c:4]([c:3]([c:2]([c:7]([c:6]1[H:12])[H:13])[O:1][H:8])[H:9])[H:10],11.0,4.0
7,0.2174169862499604,AM1,OpenEye,,,H,,8,[H:11][c:5]1[c:4]([c:3]([c:2]([c:7]([c:6]1[H:12])[H:13])[O:1][H:8])[H:9])[H:10],11.0,4.0
8,0.14920504333881232,AM1,OpenEye,,,H,,9,[H:11][c:5]1[c:4]([c:3]([c:2]([c:7]([c:6]1[H:12])[H:13])[O:1][H:8])[H:9])[H:10],11.0,4.0
9,0.13375429751781318,AM1,OpenEye,,,H,,10,[H:11][c:5]1[c:4]([c:3]([c:2]([c:7]([c:6]1[H:12])[H:13])[O:1][H:8])[H:9])[H:10],11.0,4.0
10,0.1340368980398545,AM1,OpenEye,,,H,,11,[H:11][c:5]1[c:4]([c:3]([c:2]([c:7]([c:6]1[H:12])[H:13])[O:1][H:8])[H:9])[H:10],11.0,4.0
11,0.13195981027988288,AM1,OpenEye,,,H,,12,[H:11][c:5]1[c:4]([c:3]([c:2]([c:7]([c:6]1[H:12])[H:13])[O:1][H:8])[H:9])[H:10],11.0,4.0
12,0.13191282691863868,AM1,OpenEye,,,H,,13,[H:11][c:5]1[c:4]([c:3]([c:2]([c:7]([c:6]1[H:12])[H:13])[O:1][H:8])[H:9])[H:10],11.0,4.0
0,-0.2529230769230769,AM1,AmberTools,,,O,,1,[H:11][c:5]1[c:4]([c:3]([c:2]([c:7]([c:6]1[H:12])[H:13])[O:1][H:8])[H:9])[H:10],11.0,4.0
1,0.07807692307692307,AM1,AmberTools,,,C,,2,[H:11][c:5]1[c:4]([c:3]([c:2]([c:7]([c:6]1[H:12])[H:13])[O:1][H:8])[H:9])[H:10],11.0,4.0
2,-0.15692307692307694,AM1,AmberTools,,,C,,3,[H:11][c:5]1[c:4]([c:3]([c:2]([c:7]([c:6]1[H:12])[H:13])[O:1][H:8])[H:9])[H:10],11.0,4.0
3,-0.09692307692307693,AM1,AmberTools,,,C,,4,[H:11][c:5]1[c:4]([c:3]([c:2]([c:7]([c:6]1[H:12])[H:13])[O:1][H:8])[H:9])[H:10],11.0,4.0
4,-0.16592307692307695,AM1,AmberTools,,,C,,5,[H:11][c:5]1[c:4]([c:3]([c:2]([c:7]([c:6]1[H:12])[H:13])[O:1][H:8])[H:9])[H:10],11.0,4.0
5,-0.09192307692307693,AM1,AmberTools,,,C,,6,[H:11][c:5]1[c:4]([c:3]([c:2]([c:7]([c:6]1[H:12])[H:13])[O:1][H:8])[H:9])[H:10],11.0,4.0
6,-0.21292307692307694,AM1,AmberTools,,,C,,7,[H:11][c:5]1[c:4]([c:3]([c:2]([c:7]([c:6]1[H:12])[H:13])[O:1][H:8])[H:9])[H:10],11.0,4.0
7,0.21707692307692306,AM1,AmberTools,,,H,,8,[H:11][c:5]1[c:4]([c:3]([c:2]([c:7]([c:6]1[H:12])[H:13])[O:1][H:8])[H:9])[H:10],11.0,4.0
8,0.15007692307692305,AM1,AmberTools,,,H,,9,[H:11][c:5]1[c:4]([c:3]([c:2]([c:7]([c:6]1[H:12])[H:13])[O:1][H:8])[H:9])[H:10],11.0,4.0
9,0.13407692307692307,AM1,AmberTools,,,H,,10,[H:11][c:5]1[c:4]([c:3]([c:2]([c:7]([c:6]1[H:12])[H:13])[O:1][H:8])[H:9])[H:10],11.0,4.0
10,0.13307692307692306,AM1,AmberTools,,,H,,11,[H:11][c:5]1[c:4]([c:3]([c:2]([c:7]([c:6]1[H:12])[H:13])[O:1][H:8])[H:9])[H:10],11.0,4.0
11,0.13207692307692306,AM1,AmberTools,,,H,,12,[H:11][c:5]1[c:4]([c:3]([c:2]([c:7]([c:6]1[H:12])[H:13])[O:1][H:8])[H:9])[H:10],11.0,4.0
12,0.13307692307692306,AM1,AmberTools,,,H,,13,[H:11][c:5]1[c:4]([c:3]([c:2]([c:7]([c:6]1[H:12])[H:13])[O:1][H:8])[H:9])[H:10],11.0,4.0
0,-0.25239333510398865,AM1,OpenEye,,,O,,1,[H:11][c:5]1[c:4]([c:3]([c:2]([c:7]([c:6]1[H:12])[H:13])[O:1][H:8])[H:9])[H:10],11.0,5.0
1,0.07708223909139633,AM1,OpenEye,,,C,,2,[H:11][c:5]1[c:4]([c:3]([c:2]([c:7]([c:6]1[H:12])[H:13])[O:1][H:8])[H:9])[H:10],11.0,5.0
2,-0.15624333918094635,AM1,OpenEye,,,C,,3,[H:11][c:5]1[c:4]([c:3]([c:2]([c:7]([c:6]1[H:12])[H:13])[O:1][H:8])[H:9])[H:10],11.0,5.0
3,-0.09683828055858612,AM1,OpenEye,,,C,,4,[H:11][c:5]1[c:4]([c:3]([c:2]([c:7]([c:6]1[H:12])[H:13])[O:1][H:8])[H:9])[H:10],11.0,5.0
4,-0.16448558866977692,AM1,OpenEye,,,C,,5,[H:11][c:5]1[c:4]([c:3]([c:2]([c:7]([c:6]1[H:12])[H:13])[O:1][H:8])[H:9])[H:10],11.0,5.0
5,-0.09204886108636856,AM1,OpenEye,,,C,,6,[H:11][c:5]1[c:4]([c:3]([c:2]([c:7]([c:6]1[H:12])[H:13])[O:1][H:8])[H:9])[H:10],11.0,5.0
6,-0.21335840225219727,AM1,OpenEye,,,C,,7,[H:11][c:5]1[c:4]([c:3]([c:2]([c:7]([c:6]1[H:12])[H:13])[O:1][H:8])[H:9])[H:10],11.0,5.0
7,0.21741719543933868,AM1,OpenEye,,,H,,8,[H:11][c:5]1[c:4]([c:3]([c:2]([c:7]([c:6]1[H:12])[H:13])[O:1][H:8])[H:9])[H:10],11.0,5.0
8,0.14920483529567719,AM1,OpenEye,,,H,,9,[H:11][c:5]1[c:4]([c:3]([c:2]([c:7]([c:6]1[H:12])[H:13])[O:1][H:8])[H:9])[H:10],11.0,5.0
9,0.1337541937828064,AM1,OpenEye,,,H,,10,[H:11][c:5]1[c:4]([c:3]([c:2]([c:7]([c:6]1[H:12])[H:13])[O:1][H:8])[H:9])[H:10],11.0,5.0
10,0.13403703272342682,AM1,OpenEye,,,H,,11,[H:11][c:5]1[c:4]([c:3]([c:2]([c:7]([c:6]1[H:12])[H:13])[O:1][H:8])[H:9])[H:10],11.0,5.0
11,0.1319597065448761,AM1,OpenEye,,,H,,12,[H:11][c:5]1[c:4]([c:3]([c:2]([c:7]([c:6]1[H:12])[H:13])[O:1][H:8])[H:9])[H:10],11.0,5.0
12,0.13191260397434235,AM1,OpenEye,,,H,,13,[H:11][c:5]1[c:4]([c:3]([c:2]([c:7]([c:6]1[H:12])[H:13])[O:1][H:8])[H:9])[H:10],11.0,5.0
0,-0.2529230769230769,AM1,AmberTools,,,O,,1,[H:11][c:5]1[c:4]([c:3]([c:2]([c:7]([c:6]1[H:12])[H:13])[O:1][H:8])[H:9])[H:10],11.0,5.0
1,0.07807692307692307,AM1,AmberTools,,,C,,2,[H:11][c:5]1[c:4]([c:3]([c:2]([c:7]([c:6]1[H:12])[H:13])[O:1][H:8])[H:9])[H:10],11.0,5.0
2,-0.15692307692307694,AM1,AmberTools,,,C,,3,[H:11][c:5]1[c:4]([c:3]([c:2]([c:7]([c:6]1[H:12])[H:13])[O:1][H:8])[H:9])[H:10],11.0,5.0
3,-0.09692307692307693,AM1,AmberTools,,,C,,4,[H:11][c:5]1[c:4]([c:3]([c:2]([c:7]([c:6]1[H:12])[H:13])[O:1][H:8])[H:9])[H:10],11.0,5.0
4,-0.16592307692307695,AM1,AmberTools,,,C,,5,[H:11][c:5]1[c:4]([c:3]([c:2]([c:7]([c:6]1[H:12])[H:13])[O:1][H:8])[H:9])[H:10],11.0,5.0
5,-0.09192307692307693,AM1,AmberTools,,,C,,6,[H:11][c:5]1[c:4]([c:3]([c:2]([c:7]([c:6]1[H:12])[H:13])[O:1][H:8])[H:9])[H:10],11.0,5.0
6,-0.21292307692307694,AM1,AmberTools,,,C,,7,[H:11][c:5]1[c:4]([c:3]([c:2]([c:7]([c:6]1[H:12])[H:13])[O:1][H:8])[H:9])[H:10],11.0,5.0
7,0.21707692307692306,AM1,AmberTools,,,H,,8,[H:11][c:5]1[c:4]([c:3]([c:2]([c:7]([c:6]1[H:12])[H:13])[O:1][H:8])[H:9])[H:10],11.0,5.0
8,0.15007692307692305,AM1,AmberTools,,,H,,9,[H:11][c:5]1[c:4]([c:3]([c:2]([c:7]([c:6]1[H:12])[H:13])[O:1][H:8])[H:9])[H:10],11.0,5.0
9,0.13407692307692307,AM1,AmberTools,,,H,,10,[H:11][c:5]1[c:4]([c:3]([c:2]([c:7]([c:6]1[H:12])[H:13])[O:1][H:8])[H:9])[H:10],11.0,5.0
10,0.13307692307692306,AM1,AmberTools,,,H,,11,[H:11][c:5]1[c:4]([c:3]([c:2]([c:7]([c:6]1[H:12])[H:13])[O:1][H:8])[H:9])[H:10],11.0,5.0
11,0.13207692307692306,AM1,AmberTools,,,H,,12,[H:11][c:5]1[c:4]([c:3]([c:2]([c:7]([c:6]1[H:12])[H:13])[O:1][H:8])[H:9])[H:10],11.0,5.0
12,0.13307692307692306,AM1,AmberTools,,,H,,13,[H:11][c:5]1[c:4]([c:3]([c:2]([c:7]([c:6]1[H:12])[H:13])[O:1][H:8])[H:9])[H:10],11.0,5.0
0,-0.25239330587478787,AM1,OpenEye,,,O,,1,[H:11][c:5]1[c:4]([c:3]([c:2]([c:7]([c:6]1[H:12])[H:13])[O:1][H:8])[H:9])[H:10],11.0,6.0
1,0.07708218636421058,AM1,OpenEye,,,C,,2,[H:11][c:5]1[c:4]([c:3]([c:2]([c:7]([c:6]1[H:12])[H:13])[O:1][H:8])[H:9])[H:10],11.0,6.0
2,-0.15624330995174554,AM1,OpenEye,,,C,,3,[H:11][c:5]1[c:4]([c:3]([c:2]([c:7]([c:6]1[H:12])[H:13])[O:1][H:8])[H:9])[H:10],11.0,6.0
3,-0.09683830348344949,AM1,OpenEye,,,C,,4,[H:11][c:5]1[c:4]([c:3]([c:2]([c:7]([c:6]1[H:12])[H:13])[O:1][H:8])[H:9])[H:10],11.0,6.0
4,-0.1644856041440597,AM1,OpenEye,,,C,,5,[H:11][c:5]1[c:4]([c:3]([c:2]([c:7]([c:6]1[H:12])[H:13])[O:1][H:8])[H:9])[H:10],11.0,6.0
5,-0.09204886911007074,AM1,OpenEye,,,C,,6,[H:11][c:5]1[c:4]([c:3]([c:2]([c:7]([c:6]1[H:12])[H:13])[O:1][H:8])[H:9])[H:10],11.0,6.0
6,-0.21335837302299646,AM1,OpenEye,,,C,,7,[H:11][c:5]1[c:4]([c:3]([c:2]([c:7]([c:6]1[H:12])[H:13])[O:1][H:8])[H:9])[H:10],11.0,6.0
7,0.21741716506389472,AM1,OpenEye,,,H,,8,[H:11][c:5]1[c:4]([c:3]([c:2]([c:7]([c:6]1[H:12])[H:13])[O:1][H:8])[H:9])[H:10],11.0,6.0
8,0.1492048496237168,AM1,OpenEye,,,H,,9,[H:11][c:5]1[c:4]([c:3]([c:2]([c:7]([c:6]1[H:12])[H:13])[O:1][H:8])[H:9])[H:10],11.0,6.0
9,0.133754208110846,AM1,OpenEye,,,H,,10,[H:11][c:5]1[c:4]([c:3]([c:2]([c:7]([c:6]1[H:12])[H:13])[O:1][H:8])[H:9])[H:10],11.0,6.0
10,0.13403701724914405,AM1,OpenEye,,,H,,11,[H:11][c:5]1[c:4]([c:3]([c:2]([c:7]([c:6]1[H:12])[H:13])[O:1][H:8])[H:9])[H:10],11.0,6.0
11,0.13195972087291571,AM1,OpenEye,,,H,,12,[H:11][c:5]1[c:4]([c:3]([c:2]([c:7]([c:6]1[H:12])[H:13])[O:1][H:8])[H:9])[H:10],11.0,6.0
12,0.13191261830238196,AM1,OpenEye,,,H,,13,[H:11][c:5]1[c:4]([c:3]([c:2]([c:7]([c:6]1[H:12])[H:13])[O:1][H:8])[H:9])[H:10],11.0,6.0
0,-0.2529230769230769,AM1,AmberTools,,,O,,1,[H:11][c:5]1[c:4]([c:3]([c:2]([c:7]([c:6]1[H:12])[H:13])[O:1][H:8])[H:9])[H:10],11.0,6.0
1,0.07807692307692307,AM1,AmberTools,,,C,,2,[H:11][c:5]1[c:4]([c:3]([c:2]([c:7]([c:6]1[H:12])[H:13])[O:1][H:8])[H:9])[H:10],11.0,6.0
2,-0.15692307692307694,AM1,AmberTools,,,C,,3,[H:11][c:5]1[c:4]([c:3]([c:2]([c:7]([c:6]1[H:12])[H:13])[O:1][H:8])[H:9])[H:10],11.0,6.0
3,-0.09692307692307693,AM1,AmberTools,,,C,,4,[H:11][c:5]1[c:4]([c:3]([c:2]([c:7]([c:6]1[H:12])[H:13])[O:1][H:8])[H:9])[H:10],11.0,6.0
4,-0.16592307692307695,AM1,AmberTools,,,C,,5,[H:11][c:5]1[c:4]([c:3]([c:2]([c:7]([c:6]1[H:12])[H:13])[O:1][H:8])[H:9])[H:10],11.0,6.0
5,-0.09192307692307693,AM1,AmberTools,,,C,,6,[H:11][c:5]1[c:4]([c:3]([c:2]([c:7]([c:6]1[H:12])[H:13])[O:1][H:8])[H:9])[H:10],11.0,6.0
6,-0.21292307692307694,AM1,AmberTools,,,C,,7,[H:11][c:5]1[c:4]([c:3]([c:2]([c:7]([c:6]1[H:12])[H:13])[O:1][H:8])[H:9])[H:10],11.0,6.0
7,0.21707692307692306,AM1,AmberTools,,,H,,8,[H:11][c:5]1[c:4]([c:3]([c:2]([c:7]([c:6]1[H:12])[H:13])[O:1][H:8])[H:9])[H:10],11.0,6.0
8,0.15007692307692305,AM1,AmberTools,,,H,,9,[H:11][c:5]1[c:4]([c:3]([c:2]([c:7]([c:6]1[H:12])[H:13])[O:1][H:8])[H:9])[H:10],11.0,6.0
9,0.13407692307692307,AM1,AmberTools,,,H,,10,[H:11][c:5]1[c:4]([c:3]([c:2]([c:7]([c:6]1[H:12])[H:13])[O:1][H:8])[H:9])[H:10],11.0,6.0
10,0.13307692307692306,AM1,AmberTools,,,H,,11,[H:11][c:5]1[c:4]([c:3]([c:2]([c:7]([c:6]1[H:12])[H:13])[O:1][H:8])[H:9])[H:10],11.0,6.0
11,0.13207692307692306,AM1,AmberTools,,,H,,12,[H:11][c:5]1[c:4]([c:3]([c:2]([c:7]([c:6]1[H:12])[H:13])[O:1][H:8])[H:9])[H:10],11.0,6.0
12,0.13307692307692306,AM1,AmberTools,,,H,,13,[H:11][c:5]1[c:4]([c:3]([c:2]([c:7]([c:6]1[H:12])[H:13])[O:1][H:8])[H:9])[H:10],11.0,6.0
0,-0.25239333567711025,AM1,OpenEye,,,O,,1,[H:11][c:5]1[c:4]([c:3]([c:2]([c:7]([c:6]1[H:12])[H:13])[O:1][H:8])[H:9])[H:10],11.0,7.0
1,0.07708232047466132,AM1,OpenEye,,,C,,2,[H:11][c:5]1[c:4]([c:3]([c:2]([c:7]([c:6]1[H:12])[H:13])[O:1][H:8])[H:9])[H:10],11.0,7.0
2,-0.1562433844575515,AM1,OpenEye,,,C,,3,[H:11][c:5]1[c:4]([c:3]([c:2]([c:7]([c:6]1[H:12])[H:13])[O:1][H:8])[H:9])[H:10],11.0,7.0
3,-0.09683825132938531,AM1,OpenEye,,,C,,4,[H:11][c:5]1[c:4]([c:3]([c:2]([c:7]([c:6]1[H:12])[H:13])[O:1][H:8])[H:9])[H:10],11.0,7.0
4,-0.1644855743417373,AM1,OpenEye,,,C,,5,[H:11][c:5]1[c:4]([c:3]([c:2]([c:7]([c:6]1[H:12])[H:13])[O:1][H:8])[H:9])[H:10],11.0,7.0
5,-0.09204884675832894,AM1,OpenEye,,,C,,6,[H:11][c:5]1[c:4]([c:3]([c:2]([c:7]([c:6]1[H:12])[H:13])[O:1][H:8])[H:9])[H:10],11.0,7.0
6,-0.21335841772648004,AM1,OpenEye,,,C,,7,[H:11][c:5]1[c:4]([c:3]([c:2]([c:7]([c:6]1[H:12])[H:13])[O:1][H:8])[H:9])[H:10],11.0,7.0
7,0.2174172395697007,AM1,OpenEye,,,H,,8,[H:11][c:5]1[c:4]([c:3]([c:2]([c:7]([c:6]1[H:12])[H:13])[O:1][H:8])[H:9])[H:10],11.0,7.0
8,0.14920479001907203,AM1,OpenEye,,,H,,9,[H:11][c:5]1[c:4]([c:3]([c:2]([c:7]([c:6]1[H:12])[H:13])[O:1][H:8])[H:9])[H:10],11.0,7.0
9,0.13375416340736243,AM1,OpenEye,,,H,,10,[H:11][c:5]1[c:4]([c:3]([c:2]([c:7]([c:6]1[H:12])[H:13])[O:1][H:8])[H:9])[H:10],11.0,7.0
10,0.13403706195262763,AM1,OpenEye,,,H,,11,[H:11][c:5]1[c:4]([c:3]([c:2]([c:7]([c:6]1[H:12])[H:13])[O:1][H:8])[H:9])[H:10],11.0,7.0
11,0.13195967616943213,AM1,OpenEye,,,H,,12,[H:11][c:5]1[c:4]([c:3]([c:2]([c:7]([c:6]1[H:12])[H:13])[O:1][H:8])[H:9])[H:10],11.0,7.0
12,0.1319125586977372,AM1,OpenEye,,,H,,13,[H:11][c:5]1[c:4]([c:3]([c:2]([c:7]([c:6]1[H:12])[H:13])[O:1][H:8])[H:9])[H:10],11.0,7.0
0,-0.2529230769230769,AM1,AmberTools,,,O,,1,[H:11][c:5]1[c:4]([c:3]([c:2]([c:7]([c:6]1[H:12])[H:13])[O:1][H:8])[H:9])[H:10],11.0,7.0
1,0.07807692307692307,AM1,AmberTools,,,C,,2,[H:11][c:5]1[c:4]([c:3]([c:2]([c:7]([c:6]1[H:12])[H:13])[O:1][H:8])[H:9])[H:10],11.0,7.0
2,-0.15692307692307694,AM1,AmberTools,,,C,,3,[H:11][c:5]1[c:4]([c:3]([c:2]([c:7]([c:6]1[H:12])[H:13])[O:1][H:8])[H:9])[H:10],11.0,7.0
3,-0.09692307692307693,AM1,AmberTools,,,C,,4,[H:11][c:5]1[c:4]([c:3]([c:2]([c:7]([c:6]1[H:12])[H:13])[O:1][H:8])[H:9])[H:10],11.0,7.0
4,-0.16592307692307695,AM1,AmberTools,,,C,,5,[H:11][c:5]1[c:4]([c:3]([c:2]([c:7]([c:6]1[H:12])[H:13])[O:1][H:8])[H:9])[H:10],11.0,7.0
5,-0.09192307692307693,AM1,AmberTools,,,C,,6,[H:11][c:5]1[c:4]([c:3]([c:2]([c:7]([c:6]1[H:12])[H:13])[O:1][H:8])[H:9])[H:10],11.0,7.0
6,-0.21292307692307694,AM1,AmberTools,,,C,,7,[H:11][c:5]1[c:4]([c:3]([c:2]([c:7]([c:6]1[H:12])[H:13])[O:1][H:8])[H:9])[H:10],11.0,7.0
7,0.21707692307692306,AM1,AmberTools,,,H,,8,[H:11][c:5]1[c:4]([c:3]([c:2]([c:7]([c:6]1[H:12])[H:13])[O:1][H:8])[H:9])[H:10],11.0,7.0
8,0.15007692307692305,AM1,AmberTools,,,H,,9,[H:11][c:5]1[c:4]([c:3]([c:2]([c:7]([c:6]1[H:12])[H:13])[O:1][H:8])[H:9])[H:10],11.0,7.0
9,0.13407692307692307,AM1,AmberTools,,,H,,10,[H:11][c:5]1[c:4]([c:3]([c:2]([c:7]([c:6]1[H:12])[H:13])[O:1][H:8])[H:9])[H:10],11.0,7.0
10,0.13307692307692306,AM1,AmberTools,,,H,,11,[H:11][c:5]1[c:4]([c:3]([c:2]([c:7]([c:6]1[H:12])[H:13])[O:1][H:8])[H:9])[H:10],11.0,7.0
11,0.13207692307692306,AM1,AmberTools,,,H,,12,[H:11][c:5]1[c:4]([c:3]([c:2]([c:7]([c:6]1[H:12])[H:13])[O:1][H:8])[H:9])[H:10],11.0,7.0
12,0.13307692307692306,AM1,AmberTools,,,H,,13,[H:11][c:5]1[c:4]([c:3]([c:2]([c:7]([c:6]1[H:12])[H:13])[O:1][H:8])[H:9])[H:10],11.0,7.0
0,-0.25239330530166626,AM1,OpenEye,,,O,,1,[H:11][c:5]1[c:4]([c:3]([c:2]([c:7]([c:6]1[H:12])[H:13])[O:1][H:8])[H:9])[H:10],11.0,8.0
1,0.07708220183849335,AM1,OpenEye,,,C,,2,[H:11][c:5]1[c:4]([c:3]([c:2]([c:7]([c:6]1[H:12])[H:13])[O:1][H:8])[H:9])[H:10],11.0,8.0
2,-0.15624332427978516,AM1,OpenEye,,,C,,3,[H:11][c:5]1[c:4]([c:3]([c:2]([c:7]([c:6]1[H:12])[H:13])[O:1][H:8])[H:9])[H:10],11.0,8.0
3,-0.09683829545974731,AM1,OpenEye,,,C,,4,[H:11][c:5]1[c:4]([c:3]([c:2]([c:7]([c:6]1[H:12])[H:13])[O:1][H:8])[H:9])[H:10],11.0,8.0
4,-0.16448558866977692,AM1,OpenEye,,,C,,5,[H:11][c:5]1[c:4]([c:3]([c:2]([c:7]([c:6]1[H:12])[H:13])[O:1][H:8])[H:9])[H:10],11.0,8.0
5,-0.09204886853694916,AM1,OpenEye,,,C,,6,[H:11][c:5]1[c:4]([c:3]([c:2]([c:7]([c:6]1[H:12])[H:13])[O:1][H:8])[H:9])[H:10],11.0,8.0
6,-0.21335837244987488,AM1,OpenEye,,,C,,7,[H:11][c:5]1[c:4]([c:3]([c:2]([c:7]([c:6]1[H:12])[H:13])[O:1][H:8])[H:9])[H:10],11.0,8.0
7,0.2174171805381775,AM1,OpenEye,,,H,,8,[H:11][c:5]1[c:4]([c:3]([c:2]([c:7]([c:6]1[H:12])[H:13])[O:1][H:8])[H:9])[H:10],11.0,8.0
8,0.14920483529567719,AM1,OpenEye,,,H,,9,[H:11][c:5]1[c:4]([c:3]([c:2]([c:7]([c:6]1[H:12])[H:13])[O:1][H:8])[H:9])[H:10],11.0,8.0
9,0.1337541937828064,AM1,OpenEye,,,H,,10,[H:11][c:5]1[c:4]([c:3]([c:2]([c:7]([c:6]1[H:12])[H:13])[O:1][H:8])[H:9])[H:10],11.0,8.0
10,0.13403703272342682,AM1,OpenEye,,,H,,11,[H:11][c:5]1[c:4]([c:3]([c:2]([c:7]([c:6]1[H:12])[H:13])[O:1][H:8])[H:9])[H:10],11.0,8.0
11,0.1319597065448761,AM1,OpenEye,,,H,,12,[H:11][c:5]1[c:4]([c:3]([c:2]([c:7]([c:6]1[H:12])[H:13])[O:1][H:8])[H:9])[H:10],11.0,8.0
12,0.13191260397434235,AM1,OpenEye,,,H,,13,[H:11][c:5]1[c:4]([c:3]([c:2]([c:7]([c:6]1[H:12])[H:13])[O:1][H:8])[H:9])[H:10],11.0,8.0
0,-0.2529230769230769,AM1,AmberTools,,,O,,1,[H:11][c:5]1[c:4]([c:3]([c:2]([c:7]([c:6]1[H:12])[H:13])[O:1][H:8])[H:9])[H:10],11.0,8.0
1,0.07807692307692307,AM1,AmberTools,,,C,,2,[H:11][c:5]1[c:4]([c:3]([c:2]([c:7]([c:6]1[H:12])[H:13])[O:1][H:8])[H:9])[H:10],11.0,8.0
2,-0.15692307692307694,AM1,AmberTools,,,C,,3,[H:11][c:5]1[c:4]([c:3]([c:2]([c:7]([c:6]1[H:12])[H:13])[O:1][H:8])[H:9])[H:10],11.0,8.0
3,-0.09692307692307693,AM1,AmberTools,,,C,,4,[H:11][c:5]1[c:4]([c:3]([c:2]([c:7]([c:6]1[H:12])[H:13])[O:1][H:8])[H:9])[H:10],11.0,8.0
4,-0.16592307692307695,AM1,AmberTools,,,C,,5,[H:11][c:5]1[c:4]([c:3]([c:2]([c:7]([c:6]1[H:12])[H:13])[O:1][H:8])[H:9])[H:10],11.0,8.0
5,-0.09192307692307693,AM1,AmberTools,,,C,,6,[H:11][c:5]1[c:4]([c:3]([c:2]([c:7]([c:6]1[H:12])[H:13])[O:1][H:8])[H:9])[H:10],11.0,8.0
6,-0.21292307692307694,AM1,AmberTools,,,C,,7,[H:11][c:5]1[c:4]([c:3]([c:2]([c:7]([c:6]1[H:12])[H:13])[O:1][H:8])[H:9])[H:10],11.0,8.0
7,0.21707692307692306,AM1,AmberTools,,,H,,8,[H:11][c:5]1[c:4]([c:3]([c:2]([c:7]([c:6]1[H:12])[H:13])[O:1][H:8])[H:9])[H:10],11.0,8.0
8,0.15007692307692305,AM1,AmberTools,,,H,,9,[H:11][c:5]1[c:4]([c:3]([c:2]([c:7]([c:6]1[H:12])[H:13])[O:1][H:8])[H:9])[H:10],11.0,8.0
9,0.13407692307692307,AM1,AmberTools,,,H,,10,[H:11][c:5]1[c:4]([c:3]([c:2]([c:7]([c:6]1[H:12])[H:13])[O:1][H:8])[H:9])[H:10],11.0,8.0
10,0.13307692307692306,AM1,AmberTools,,,H,,11,[H:11][c:5]1[c:4]([c:3]([c:2]([c:7]([c:6]1[H:12])[H:13])[O:1][H:8])[H:9])[H:10],11.0,8.0
11,0.13207692307692306,AM1,AmberTools,,,H,,12,[H:11][c:5]1[c:4]([c:3]([c:2]([c:7]([c:6]1[H:12])[H:13])[O:1][H:8])[H:9])[H:10],11.0,8.0
12,0.13307692307692306,AM1,AmberTools,,,H,,13,[H:11][c:5]1[c:4]([c:3]([c:2]([c:7]([c:6]1[H:12])[H:13])[O:1][H:8])[H:9])[H:10],11.0,8.0
0,-0.25239333567711025,AM1,OpenEye,,,O,,1,[H:11][c:5]1[c:4]([c:3]([c:2]([c:7]([c:6]1[H:12])[H:13])[O:1][H:8])[H:9])[H:10],11.0,9.0
1,0.07708232792524192,AM1,OpenEye,,,C,,2,[H:11][c:5]1[c:4]([c:3]([c:2]([c:7]([c:6]1[H:12])[H:13])[O:1][H:8])[H:9])[H:10],11.0,9.0
2,-0.1562433844575515,AM1,OpenEye,,,C,,3,[H:11][c:5]1[c:4]([c:3]([c:2]([c:7]([c:6]1[H:12])[H:13])[O:1][H:8])[H:9])[H:10],11.0,9.0
3,-0.09683824387880471,AM1,OpenEye,,,C,,4,[H:11][c:5]1[c:4]([c:3]([c:2]([c:7]([c:6]1[H:12])[H:13])[O:1][H:8])[H:9])[H:10],11.0,9.0
4,-0.1644855743417373,AM1,OpenEye,,,C,,5,[H:11][c:5]1[c:4]([c:3]([c:2]([c:7]([c:6]1[H:12])[H:13])[O:1][H:8])[H:9])[H:10],11.0,9.0
5,-0.09204884675832894,AM1,OpenEye,,,C,,6,[H:11][c:5]1[c:4]([c:3]([c:2]([c:7]([c:6]1[H:12])[H:13])[O:1][H:8])[H:9])[H:10],11.0,9.0
6,-0.21335841772648004,AM1,OpenEye,,,C,,7,[H:11][c:5]1[c:4]([c:3]([c:2]([c:7]([c:6]1[H:12])[H:13])[O:1][H:8])[H:9])[H:10],11.0,9.0
7,0.2174172395697007,AM1,OpenEye,,,H,,8,[H:11][c:5]1[c:4]([c:3]([c:2]([c:7]([c:6]1[H:12])[H:13])[O:1][H:8])[H:9])[H:10],11.0,9.0
8,0.14920477511791083,AM1,OpenEye,,,H,,9,[H:11][c:5]1[c:4]([c:3]([c:2]([c:7]([c:6]1[H:12])[H:13])[O:1][H:8])[H:9])[H:10],11.0,9.0
9,0.13375416340736243,AM1,OpenEye,,,H,,10,[H:11][c:5]1[c:4]([c:3]([c:2]([c:7]([c:6]1[H:12])[H:13])[O:1][H:8])[H:9])[H:10],11.0,9.0
10,0.13403706195262763,AM1,OpenEye,,,H,,11,[H:11][c:5]1[c:4]([c:3]([c:2]([c:7]([c:6]1[H:12])[H:13])[O:1][H:8])[H:9])[H:10],11.0,9.0
11,0.13195967616943213,AM1,OpenEye,,,H,,12,[H:11][c:5]1[c:4]([c:3]([c:2]([c:7]([c:6]1[H:12])[H:13])[O:1][H:8])[H:9])[H:10],11.0,9.0
12,0.1319125586977372,AM1,OpenEye,,,H,,13,[H:11][c:5]1[c:4]([c:3]([c:2]([c:7]([c:6]1[H:12])[H:13])[O:1][H:8])[H:9])[H:10],11.0,9.0
0,-0.2529230769230769,AM1,AmberTools,,,O,,1,[H:11][c:5]1[c:4]([c:3]([c:2]([c:7]([c:6]1[H:12])[H:13])[O:1][H:8])[H:9])[H:10],11.0,9.0
1,0.07807692307692307,AM1,AmberTools,,,C,,2,[H:11][c:5]1[c:4]([c:3]([c:2]([c:7]([c:6]1[H:12])[H:13])[O:1][H:8])[H:9])[H:10],11.0,9.0
2,-0.15692307692307694,AM1,AmberTools,,,C,,3,[H:11][c:5]1[c:4]([c:3]([c:2]([c:7]([c:6]1[H:12])[H:13])[O:1][H:8])[H:9])[H:10],11.0,9.0
3,-0.09692307692307693,AM1,AmberTools,,,C,,4,[H:11][c:5]1[c:4]([c:3]([c:2]([c:7]([c:6]1[H:12])[H:13])[O:1][H:8])[H:9])[H:10],11.0,9.0
4,-0.16592307692307695,AM1,AmberTools,,,C,,5,[H:11][c:5]1[c:4]([c:3]([c:2]([c:7]([c:6]1[H:12])[H:13])[O:1][H:8])[H:9])[H:10],11.0,9.0
5,-0.09192307692307693,AM1,AmberTools,,,C,,6,[H:11][c:5]1[c:4]([c:3]([c:2]([c:7]([c:6]1[H:12])[H:13])[O:1][H:8])[H:9])[H:10],11.0,9.0
6,-0.21292307692307694,AM1,AmberTools,,,C,,7,[H:11][c:5]1[c:4]([c:3]([c:2]([c:7]([c:6]1[H:12])[H:13])[O:1][H:8])[H:9])[H:10],11.0,9.0
7,0.21707692307692306,AM1,AmberTools,,,H,,8,[H:11][c:5]1[c:4]([c:3]([c:2]([c:7]([c:6]1[H:12])[H:13])[O:1][H:8])[H:9])[H:10],11.0,9.0
8,0.15007692307692305,AM1,AmberTools,,,H,,9,[H:11][c:5]1[c:4]([c:3]([c:2]([c:7]([c:6]1[H:12])[H:13])[O:1][H:8])[H:9])[H:10],11.0,9.0
9,0.13407692307692307,AM1,AmberTools,,,H,,10,[H:11][c:5]1[c:4]([c:3]([c:2]([c:7]([c:6]1[H:12])[H:13])[O:1][H:8])[H:9])[H:10],11.0,9.0
10,0.13307692307692306,AM1,AmberTools,,,H,,11,[H:11][c:5]1[c:4]([c:3]([c:2]([c:7]([c:6]1[H:12])[H:13])[O:1][H:8])[H:9])[H:10],11.0,9.0
11,0.13207692307692306,AM1,AmberTools,,,H,,12,[H:11][c:5]1[c:4]([c:3]([c:2]([c:7]([c:6]1[H:12])[H:13])[O:1][H:8])[H:9])[H:10],11.0,9.0
12,0.13307692307692306,AM1,AmberTools,,,H,,13,[H:11][c:5]1[c:4]([c:3]([c:2]([c:7]([c:6]1[H:12])[H:13])[O:1][H:8])[H:9])[H:10],11.0,9.0
0,-0.25239333453086704,AM1,OpenEye,,,O,,1,[H:11][c:5]1[c:4]([c:3]([c:2]([c:7]([c:6]1[H:12])[H:13])[O:1][H:8])[H:9])[H:10],11.0,10.0
1,0.07708229926916269,AM1,OpenEye,,,C,,2,[H:11][c:5]1[c:4]([c:3]([c:2]([c:7]([c:6]1[H:12])[H:13])[O:1][H:8])[H:9])[H:10],11.0,10.0
2,-0.15624336841014716,AM1,OpenEye,,,C,,3,[H:11][c:5]1[c:4]([c:3]([c:2]([c:7]([c:6]1[H:12])[H:13])[O:1][H:8])[H:9])[H:10],11.0,10.0
3,-0.09683826508430335,AM1,OpenEye,,,C,,4,[H:11][c:5]1[c:4]([c:3]([c:2]([c:7]([c:6]1[H:12])[H:13])[O:1][H:8])[H:9])[H:10],11.0,10.0
4,-0.16448557319549414,AM1,OpenEye,,,C,,5,[H:11][c:5]1[c:4]([c:3]([c:2]([c:7]([c:6]1[H:12])[H:13])[O:1][H:8])[H:9])[H:10],11.0,10.0
5,-0.09204885306266639,AM1,OpenEye,,,C,,6,[H:11][c:5]1[c:4]([c:3]([c:2]([c:7]([c:6]1[H:12])[H:13])[O:1][H:8])[H:9])[H:10],11.0,10.0
6,-0.2133584016790757,AM1,OpenEye,,,C,,7,[H:11][c:5]1[c:4]([c:3]([c:2]([c:7]([c:6]1[H:12])[H:13])[O:1][H:8])[H:9])[H:10],11.0,10.0
7,0.21741722581478265,AM1,OpenEye,,,H,,8,[H:11][c:5]1[c:4]([c:3]([c:2]([c:7]([c:6]1[H:12])[H:13])[O:1][H:8])[H:9])[H:10],11.0,10.0
8,0.14920479116531518,AM1,OpenEye,,,H,,9,[H:11][c:5]1[c:4]([c:3]([c:2]([c:7]([c:6]1[H:12])[H:13])[O:1][H:8])[H:9])[H:10],11.0,10.0
9,0.1337541645536056,AM1,OpenEye,,,H,,10,[H:11][c:5]1[c:4]([c:3]([c:2]([c:7]([c:6]1[H:12])[H:13])[O:1][H:8])[H:9])[H:10],11.0,10.0
10,0.13403706309887078,AM1,OpenEye,,,H,,11,[H:11][c:5]1[c:4]([c:3]([c:2]([c:7]([c:6]1[H:12])[H:13])[O:1][H:8])[H:9])[H:10],11.0,10.0
11,0.13195969221683648,AM1,OpenEye,,,H,,12,[H:11][c:5]1[c:4]([c:3]([c:2]([c:7]([c:6]1[H:12])[H:13])[O:1][H:8])[H:9])[H:10],11.0,10.0
12,0.13191255984398034,AM1,OpenEye,,,H,,13,[H:11][c:5]1[c:4]([c:3]([c:2]([c:7]([c:6]1[H:12])[H:13])[O:1][H:8])[H:9])[H:10],11.0,10.0
0,-0.2529230769230769,AM1,AmberTools,,,O,,1,[H:11][c:5]1[c:4]([c:3]([c:2]([c:7]([c:6]1[H:12])[H:13])[O:1][H:8])[H:9])[H:10],11.0,10.0
1,0.07807692307692307,AM1,AmberTools,,,C,,2,[H:11][c:5]1[c:4]([c:3]([c:2]([c:7]([c:6]1[H:12])[H:13])[O:1][H:8])[H:9])[H:10],11.0,10.0
2,-0.15692307692307694,AM1,AmberTools,,,C,,3,[H:11][c:5]1[c:4]([c:3]([c:2]([c:7]([c:6]1[H:12])[H:13])[O:1][H:8])[H:9])[H:10],11.0,10.0
3,-0.09692307692307693,AM1,AmberTools,,,C,,4,[H:11][c:5]1[c:4]([c:3]([c:2]([c:7]([c:6]1[H:12])[H:13])[O:1][H:8])[H:9])[H:10],11.0,10.0
4,-0.16592307692307695,AM1,AmberTools,,,C,,5,[H:11][c:5]1[c:4]([c:3]([c:2]([c:7]([c:6]1[H:12])[H:13])[O:1][H:8])[H:9])[H:10],11.0,10.0
5,-0.09192307692307693,AM1,AmberTools,,,C,,6,[H:11][c:5]1[c:4]([c:3]([c:2]([c:7]([c:6]1[H:12])[H:13])[O:1][H:8])[H:9])[H:10],11.0,10.0
6,-0.21292307692307694,AM1,AmberTools,,,C,,7,[H:11][c:5]1[c:4]([c:3]([c:2]([c:7]([c:6]1[H:12])[H:13])[O:1][H:8])[H:9])[H:10],11.0,10.0
7,0.21707692307692306,AM1,AmberTools,,,H,,8,[H:11][c:5]1[c:4]([c:3]([c:2]([c:7]([c:6]1[H:12])[H:13])[O:1][H:8])[H:9])[H:10],11.0,10.0
8,0.15007692307692305,AM1,AmberTools,,,H,,9,[H:11][c:5]1[c:4]([c:3]([c:2]([c:7]([c:6]1[H:12])[H:13])[O:1][H:8])[H:9])[H:10],11.0,10.0
9,0.13407692307692307,AM1,AmberTools,,,H,,10,[H:11][c:5]1[c:4]([c:3]([c:2]([c:7]([c:6]1[H:12])[H:13])[O:1][H:8])[H:9])[H:10],11.0,10.0
10,0.13307692307692306,AM1,AmberTools,,,H,,11,[H:11][c:5]1[c:4]([c:3]([c:2]([c:7]([c:6]1[H:12])[H:13])[O:1][H:8])[H:9])[H:10],11.0,10.0
11,0.13207692307692306,AM1,AmberTools,,,H,,12,[H:11][c:5]1[c:4]([c:3]([c:2]([c:7]([c:6]1[H:12])[H:13])[O:1][H:8])[H:9])[H:10],11.0,10.0
12,0.13307692307692306,AM1,AmberTools,,,H,,13,[H:11][c:5]1[c:4]([c:3]([c:2]([c:7]([c:6]1[H:12])[H:13])[O:1][H:8])[H:9])[H:10],11.0,10.0
0,-0.2523933339577455,AM1,OpenEye,,,O,,1,[H:11][c:5]1[c:4]([c:3]([c:2]([c:7]([c:6]1[H:12])[H:13])[O:1][H:8])[H:9])[H:10],11.0,11.0
1,0.07708227749054249,AM1,OpenEye,,,C,,2,[H:11][c:5]1[c:4]([c:3]([c:2]([c:7]([c:6]1[H:12])[H:13])[O:1][H:8])[H:9])[H:10],11.0,11.0
2,-0.15624336783702558,AM1,OpenEye,,,C,,3,[H:11][c:5]1[c:4]([c:3]([c:2]([c:7]([c:6]1[H:12])[H:13])[O:1][H:8])[H:9])[H:10],11.0,11.0
3,-0.09683826451118176,AM1,OpenEye,,,C,,4,[H:11][c:5]1[c:4]([c:3]([c:2]([c:7]([c:6]1[H:12])[H:13])[O:1][H:8])[H:9])[H:10],11.0,11.0
4,-0.16448557262237257,AM1,OpenEye,,,C,,5,[H:11][c:5]1[c:4]([c:3]([c:2]([c:7]([c:6]1[H:12])[H:13])[O:1][H:8])[H:9])[H:10],11.0,11.0
5,-0.0920488524895448,AM1,OpenEye,,,C,,6,[H:11][c:5]1[c:4]([c:3]([c:2]([c:7]([c:6]1[H:12])[H:13])[O:1][H:8])[H:9])[H:10],11.0,11.0
6,-0.2133584011059541,AM1,OpenEye,,,C,,7,[H:11][c:5]1[c:4]([c:3]([c:2]([c:7]([c:6]1[H:12])[H:13])[O:1][H:8])[H:9])[H:10],11.0,11.0
7,0.21741721148674303,AM1,OpenEye,,,H,,8,[H:11][c:5]1[c:4]([c:3]([c:2]([c:7]([c:6]1[H:12])[H:13])[O:1][H:8])[H:9])[H:10],11.0,11.0
8,0.14920480663959795,AM1,OpenEye,,,H,,9,[H:11][c:5]1[c:4]([c:3]([c:2]([c:7]([c:6]1[H:12])[H:13])[O:1][H:8])[H:9])[H:10],11.0,11.0
9,0.13375418002788836,AM1,OpenEye,,,H,,10,[H:11][c:5]1[c:4]([c:3]([c:2]([c:7]([c:6]1[H:12])[H:13])[O:1][H:8])[H:9])[H:10],11.0,11.0
10,0.13403704877083117,AM1,OpenEye,,,H,,11,[H:11][c:5]1[c:4]([c:3]([c:2]([c:7]([c:6]1[H:12])[H:13])[O:1][H:8])[H:9])[H:10],11.0,11.0
11,0.13195969278995806,AM1,OpenEye,,,H,,12,[H:11][c:5]1[c:4]([c:3]([c:2]([c:7]([c:6]1[H:12])[H:13])[O:1][H:8])[H:9])[H:10],11.0,11.0
12,0.13191257531826311,AM1,OpenEye,,,H,,13,[H:11][c:5]1[c:4]([c:3]([c:2]([c:7]([c:6]1[H:12])[H:13])[O:1][H:8])[H:9])[H:10],11.0,11.0
0,-0.2529230769230769,AM1,AmberTools,,,O,,1,[H:11][c:5]1[c:4]([c:3]([c:2]([c:7]([c:6]1[H:12])[H:13])[O:1][H:8])[H:9])[H:10],11.0,11.0
1,0.07807692307692307,AM1,AmberTools,,,C,,2,[H:11][c:5]1[c:4]([c:3]([c:2]([c:7]([c:6]1[H:12])[H:13])[O:1][H:8])[H:9])[H:10],11.0,11.0
2,-0.15692307692307694,AM1,AmberTools,,,C,,3,[H:11][c:5]1[c:4]([c:3]([c:2]([c:7]([c:6]1[H:12])[H:13])[O:1][H:8])[H:9])[H:10],11.0,11.0
3,-0.09692307692307693,AM1,AmberTools,,,C,,4,[H:11][c:5]1[c:4]([c:3]([c:2]([c:7]([c:6]1[H:12])[H:13])[O:1][H:8])[H:9])[H:10],11.0,11.0
4,-0.16592307692307695,AM1,AmberTools,,,C,,5,[H:11][c:5]1[c:4]([c:3]([c:2]([c:7]([c:6]1[H:12])[H:13])[O:1][H:8])[H:9])[H:10],11.0,11.0
5,-0.09192307692307693,AM1,AmberTools,,,C,,6,[H:11][c:5]1[c:4]([c:3]([c:2]([c:7]([c:6]1[H:12])[H:13])[O:1][H:8])[H:9])[H:10],11.0,11.0
6,-0.21292307692307694,AM1,AmberTools,,,C,,7,[H:11][c:5]1[c:4]([c:3]([c:2]([c:7]([c:6]1[H:12])[H:13])[O:1][H:8])[H:9])[H:10],11.0,11.0
7,0.21707692307692306,AM1,AmberTools,,,H,,8,[H:11][c:5]1[c:4]([c:3]([c:2]([c:7]([c:6]1[H:12])[H:13])[O:1][H:8])[H:9])[H:10],11.0,11.0
8,0.15007692307692305,AM1,AmberTools,,,H,,9,[H:11][c:5]1[c:4]([c:3]([c:2]([c:7]([c:6]1[H:12])[H:13])[O:1][H:8])[H:9])[H:10],11.0,11.0
9,0.13407692307692307,AM1,AmberTools,,,H,,10,[H:11][c:5]1[c:4]([c:3]([c:2]([c:7]([c:6]1[H:12])[H:13])[O:1][H:8])[H:9])[H:10],11.0,11.0
10,0.13307692307692306,AM1,AmberTools,,,H,,11,[H:11][c:5]1[c:4]([c:3]([c:2]([c:7]([c:6]1[H:12])[H:13])[O:1][H:8])[H:9])[H:10],11.0,11.0
11,0.13207692307692306,AM1,AmberTools,,,H,,12,[H:11][c:5]1[c:4]([c:3]([c:2]([c:7]([c:6]1[H:12])[H:13])[O:1][H:8])[H:9])[H:10],11.0,11.0
12,0.13307692307692306,AM1,AmberTools,,,H,,13,[H:11][c:5]1[c:4]([c:3]([c:2]([c:7]([c:6]1[H:12])[H:13])[O:1][H:8])[H:9])[H:10],11.0,11.0
0,-0.2523933041554231,AM1,OpenEye,,,O,,1,[H:11][c:5]1[c:4]([c:3]([c:2]([c:7]([c:6]1[H:12])[H:13])[O:1][H:8])[H:9])[H:10],11.0,12.0
1,0.07708215083067234,AM1,OpenEye,,,C,,2,[H:11][c:5]1[c:4]([c:3]([c:2]([c:7]([c:6]1[H:12])[H:13])[O:1][H:8])[H:9])[H:10],11.0,12.0
2,-0.15624327843005842,AM1,OpenEye,,,C,,3,[H:11][c:5]1[c:4]([c:3]([c:2]([c:7]([c:6]1[H:12])[H:13])[O:1][H:8])[H:9])[H:10],11.0,12.0
3,-0.09683831666524594,AM1,OpenEye,,,C,,4,[H:11][c:5]1[c:4]([c:3]([c:2]([c:7]([c:6]1[H:12])[H:13])[O:1][H:8])[H:9])[H:10],11.0,12.0
4,-0.16448561732585615,AM1,OpenEye,,,C,,5,[H:11][c:5]1[c:4]([c:3]([c:2]([c:7]([c:6]1[H:12])[H:13])[O:1][H:8])[H:9])[H:10],11.0,12.0
5,-0.09204886739070599,AM1,OpenEye,,,C,,6,[H:11][c:5]1[c:4]([c:3]([c:2]([c:7]([c:6]1[H:12])[H:13])[O:1][H:8])[H:9])[H:10],11.0,12.0
6,-0.21335837130363172,AM1,OpenEye,,,C,,7,[H:11][c:5]1[c:4]([c:3]([c:2]([c:7]([c:6]1[H:12])[H:13])[O:1][H:8])[H:9])[H:10],11.0,12.0
7,0.21741713698093706,AM1,OpenEye,,,H,,8,[H:11][c:5]1[c:4]([c:3]([c:2]([c:7]([c:6]1[H:12])[H:13])[O:1][H:8])[H:9])[H:10],11.0,12.0
8,0.14920488114540392,AM1,OpenEye,,,H,,9,[H:11][c:5]1[c:4]([c:3]([c:2]([c:7]([c:6]1[H:12])[H:13])[O:1][H:8])[H:9])[H:10],11.0,12.0
9,0.13375420983021075,AM1,OpenEye,,,H,,10,[H:11][c:5]1[c:4]([c:3]([c:2]([c:7]([c:6]1[H:12])[H:13])[O:1][H:8])[H:9])[H:10],11.0,12.0
10,0.1340370040673476,AM1,OpenEye,,,H,,11,[H:11][c:5]1[c:4]([c:3]([c:2]([c:7]([c:6]1[H:12])[H:13])[O:1][H:8])[H:9])[H:10],11.0,12.0
11,0.13195972259228045,AM1,OpenEye,,,H,,12,[H:11][c:5]1[c:4]([c:3]([c:2]([c:7]([c:6]1[H:12])[H:13])[O:1][H:8])[H:9])[H:10],11.0,12.0
12,0.13191264982406908,AM1,OpenEye,,,H,,13,[H:11][c:5]1[c:4]([c:3]([c:2]([c:7]([c:6]1[H:12])[H:13])[O:1][H:8])[H:9])[H:10],11.0,12.0
0,-0.2529230769230769,AM1,AmberTools,,,O,,1,[H:11][c:5]1[c:4]([c:3]([c:2]([c:7]([c:6]1[H:12])[H:13])[O:1][H:8])[H:9])[H:10],11.0,12.0
1,0.07807692307692307,AM1,AmberTools,,,C,,2,[H:11][c:5]1[c:4]([c:3]([c:2]([c:7]([c:6]1[H:12])[H:13])[O:1][H:8])[H:9])[H:10],11.0,12.0
2,-0.15692307692307694,AM1,AmberTools,,,C,,3,[H:11][c:5]1[c:4]([c:3]([c:2]([c:7]([c:6]1[H:12])[H:13])[O:1][H:8])[H:9])[H:10],11.0,12.0
3,-0.09692307692307693,AM1,AmberTools,,,C,,4,[H:11][c:5]1[c:4]([c:3]([c:2]([c:7]([c:6]1[H:12])[H:13])[O:1][H:8])[H:9])[H:10],11.0,12.0
4,-0.16592307692307695,AM1,AmberTools,,,C,,5,[H:11][c:5]1[c:4]([c:3]([c:2]([c:7]([c:6]1[H:12])[H:13])[O:1][H:8])[H:9])[H:10],11.0,12.0
5,-0.09192307692307693,AM1,AmberTools,,,C,,6,[H:11][c:5]1[c:4]([c:3]([c:2]([c:7]([c:6]1[H:12])[H:13])[O:1][H:8])[H:9])[H:10],11.0,12.0
6,-0.21292307692307694,AM1,AmberTools,,,C,,7,[H:11][c:5]1[c:4]([c:3]([c:2]([c:7]([c:6]1[H:12])[H:13])[O:1][H:8])[H:9])[H:10],11.0,12.0
7,0.21707692307692306,AM1,AmberTools,,,H,,8,[H:11][c:5]1[c:4]([c:3]([c:2]([c:7]([c:6]1[H:12])[H:13])[O:1][H:8])[H:9])[H:10],11.0,12.0
8,0.15007692307692305,AM1,AmberTools,,,H,,9,[H:11][c:5]1[c:4]([c:3]([c:2]([c:7]([c:6]1[H:12])[H:13])[O:1][H:8])[H:9])[H:10],11.0,12.0
9,0.13407692307692307,AM1,AmberTools,,,H,,10,[H:11][c:5]1[c:4]([c:3]([c:2]([c:7]([c:6]1[H:12])[H:13])[O:1][H:8])[H:9])[H:10],11.0,12.0
10,0.13307692307692306,AM1,AmberTools,,,H,,11,[H:11][c:5]1[c:4]([c:3]([c:2]([c:7]([c:6]1[H:12])[H:13])[O:1][H:8])[H:9])[H:10],11.0,12.0
11,0.13207692307692306,AM1,AmberTools,,,H,,12,[H:11][c:5]1[c:4]([c:3]([c:2]([c:7]([c:6]1[H:12])[H:13])[O:1][H:8])[H:9])[H:10],11.0,12.0
12,0.13307692307692306,AM1,AmberTools,,,H,,13,[H:11][c:5]1[c:4]([c:3]([c:2]([c:7]([c:6]1[H:12])[H:13])[O:1][H:8])[H:9])[H:10],11.0,12.0
0,-0.2540806228151688,AM1,OpenEye,,,O,,1,[H:11][c:5]1[c:4]([c:3]([c:2]([c:7]([c:6]1[H:12])[H:13])[O:1][H:8])[H:9])[H:10],21.0,1.0
1,0.07939010915847924,AM1,OpenEye,,,C,,2,[H:11][c:5]1[c:4]([c:3]([c:2]([c:7]([c:6]1[H:12])[H:13])[O:1][H:8])[H:9])[H:10],21.0,1.0
2,-0.15651966574100348,AM1,OpenEye,,,C,,3,[H:11][c:5]1[c:4]([c:3]([c:2]([c:7]([c:6]1[H:12])[H:13])[O:1][H:8])[H:9])[H:10],21.0,1.0
3,-0.0966056356063256,AM1,OpenEye,,,C,,4,[H:11][c:5]1[c:4]([c:3]([c:2]([c:7]([c:6]1[H:12])[H:13])[O:1][H:8])[H:9])[H:10],21.0,1.0
4,-0.16706678213981482,AM1,OpenEye,,,C,,5,[H:11][c:5]1[c:4]([c:3]([c:2]([c:7]([c:6]1[H:12])[H:13])[O:1][H:8])[H:9])[H:10],21.0,1.0
5,-0.0899348551264176,AM1,OpenEye,,,C,,6,[H:11][c:5]1[c:4]([c:3]([c:2]([c:7]([c:6]1[H:12])[H:13])[O:1][H:8])[H:9])[H:10],21.0,1.0
6,-0.21574634256271216,AM1,OpenEye,,,C,,7,[H:11][c:5]1[c:4]([c:3]([c:2]([c:7]([c:6]1[H:12])[H:13])[O:1][H:8])[H:9])[H:10],21.0,1.0
7,0.2182548796901336,AM1,OpenEye,,,H,,8,[H:11][c:5]1[c:4]([c:3]([c:2]([c:7]([c:6]1[H:12])[H:13])[O:1][H:8])[H:9])[H:10],21.0,1.0
8,0.15064300654026178,AM1,OpenEye,,,H,,9,[H:11][c:5]1[c:4]([c:3]([c:2]([c:7]([c:6]1[H:12])[H:13])[O:1][H:8])[H:9])[H:10],21.0,1.0
9,0.133670792556726,AM1,OpenEye,,,H,,10,[H:11][c:5]1[c:4]([c:3]([c:2]([c:7]([c:6]1[H:12])[H:13])[O:1][H:8])[H:9])[H:10],21.0,1.0
10,0.13286486325355676,AM1,OpenEye,,,H,,11,[H:11][c:5]1[c:4]([c:3]([c:2]([c:7]([c:6]1[H:12])[H:13])[O:1][H:8])[H:9])[H:10],21.0,1.0
11,0.13264781293960717,AM1,OpenEye,,,H,,12,[H:11][c:5]1[c:4]([c:3]([c:2]([c:7]([c:6]1[H:12])[H:13])[O:1][H:8])[H:9])[H:10],21.0,1.0
12,0.13248243985267785,AM1,OpenEye,,,H,,13,[H:11][c:5]1[c:4]([c:3]([c:2]([c:7]([c:6]1[H:12])[H:13])[O:1][H:8])[H:9])[H:10],21.0,1.0
0,-0.2529230769230769,AM1,AmberTools,,,O,,1,[H:11][c:5]1[c:4]([c:3]([c:2]([c:7]([c:6]1[H:12])[H:13])[O:1][H:8])[H:9])[H:10],21.0,1.0
1,0.07807692307692307,AM1,AmberTools,,,C,,2,[H:11][c:5]1[c:4]([c:3]([c:2]([c:7]([c:6]1[H:12])[H:13])[O:1][H:8])[H:9])[H:10],21.0,1.0
2,-0.15692307692307694,AM1,AmberTools,,,C,,3,[H:11][c:5]1[c:4]([c:3]([c:2]([c:7]([c:6]1[H:12])[H:13])[O:1][H:8])[H:9])[H:10],21.0,1.0
3,-0.09692307692307693,AM1,AmberTools,,,C,,4,[H:11][c:5]1[c:4]([c:3]([c:2]([c:7]([c:6]1[H:12])[H:13])[O:1][H:8])[H:9])[H:10],21.0,1.0
4,-0.16592307692307695,AM1,AmberTools,,,C,,5,[H:11][c:5]1[c:4]([c:3]([c:2]([c:7]([c:6]1[H:12])[H:13])[O:1][H:8])[H:9])[H:10],21.0,1.0
5,-0.09192307692307693,AM1,AmberTools,,,C,,6,[H:11][c:5]1[c:4]([c:3]([c:2]([c:7]([c:6]1[H:12])[H:13])[O:1][H:8])[H:9])[H:10],21.0,1.0
6,-0.21292307692307694,AM1,AmberTools,,,C,,7,[H:11][c:5]1[c:4]([c:3]([c:2]([c:7]([c:6]1[H:12])[H:13])[O:1][H:8])[H:9])[H:10],21.0,1.0
7,0.21707692307692306,AM1,AmberTools,,,H,,8,[H:11][c:5]1[c:4]([c:3]([c:2]([c:7]([c:6]1[H:12])[H:13])[O:1][H:8])[H:9])[H:10],21.0,1.0
8,0.15007692307692305,AM1,AmberTools,,,H,,9,[H:11][c:5]1[c:4]([c:3]([c:2]([c:7]([c:6]1[H:12])[H:13])[O:1][H:8])[H:9])[H:10],21.0,1.0
9,0.13407692307692307,AM1,AmberTools,,,H,,10,[H:11][c:5]1[c:4]([c:3]([c:2]([c:7]([c:6]1[H:12])[H:13])[O:1][H:8])[H:9])[H:10],21.0,1.0
10,0.13307692307692306,AM1,AmberTools,,,H,,11,[H:11][c:5]1[c:4]([c:3]([c:2]([c:7]([c:6]1[H:12])[H:13])[O:1][H:8])[H:9])[H:10],21.0,1.0
11,0.13207692307692306,AM1,AmberTools,,,H,,12,[H:11][c:5]1[c:4]([c:3]([c:2]([c:7]([c:6]1[H:12])[H:13])[O:1][H:8])[H:9])[H:10],21.0,1.0
12,0.13307692307692306,AM1,AmberTools,,,H,,13,[H:11][c:5]1[c:4]([c:3]([c:2]([c:7]([c:6]1[H:12])[H:13])[O:1][H:8])[H:9])[H:10],21.0,1.0
0,-0.25408223328682095,AM1,OpenEye,,,O,,1,[H:11][c:5]1[c:4]([c:3]([c:2]([c:7]([c:6]1[H:12])[H:13])[O:1][H:8])[H:9])[H:10],21.0,2.0
1,0.07939149382022712,AM1,OpenEye,,,C,,2,[H:11][c:5]1[c:4]([c:3]([c:2]([c:7]([c:6]1[H:12])[H:13])[O:1][H:8])[H:9])[H:10],21.0,2.0
2,-0.15651984570118097,AM1,OpenEye,,,C,,3,[H:11][c:5]1[c:4]([c:3]([c:2]([c:7]([c:6]1[H:12])[H:13])[O:1][H:8])[H:9])[H:10],21.0,2.0
3,-0.09660605398508218,AM1,OpenEye,,,C,,4,[H:11][c:5]1[c:4]([c:3]([c:2]([c:7]([c:6]1[H:12])[H:13])[O:1][H:8])[H:9])[H:10],21.0,2.0
4,-0.16706617233844903,AM1,OpenEye,,,C,,5,[H:11][c:5]1[c:4]([c:3]([c:2]([c:7]([c:6]1[H:12])[H:13])[O:1][H:8])[H:9])[H:10],21.0,2.0
5,-0.08993491587730554,AM1,OpenEye,,,C,,6,[H:11][c:5]1[c:4]([c:3]([c:2]([c:7]([c:6]1[H:12])[H:13])[O:1][H:8])[H:9])[H:10],21.0,2.0
6,-0.21574667153450158,AM1,OpenEye,,,C,,7,[H:11][c:5]1[c:4]([c:3]([c:2]([c:7]([c:6]1[H:12])[H:13])[O:1][H:8])[H:9])[H:10],21.0,2.0
7,0.21825563850311133,AM1,OpenEye,,,H,,8,[H:11][c:5]1[c:4]([c:3]([c:2]([c:7]([c:6]1[H:12])[H:13])[O:1][H:8])[H:9])[H:10],21.0,2.0
8,0.150643035196341,AM1,OpenEye,,,H,,9,[H:11][c:5]1[c:4]([c:3]([c:2]([c:7]([c:6]1[H:12])[H:13])[O:1][H:8])[H:9])[H:10],21.0,2.0
9,0.1336716556778321,AM1,OpenEye,,,H,,10,[H:11][c:5]1[c:4]([c:3]([c:2]([c:7]([c:6]1[H:12])[H:13])[O:1][H:8])[H:9])[H:10],21.0,2.0
10,0.13286495151428077,AM1,OpenEye,,,H,,11,[H:11][c:5]1[c:4]([c:3]([c:2]([c:7]([c:6]1[H:12])[H:13])[O:1][H:8])[H:9])[H:10],21.0,2.0
11,0.1326464110842118,AM1,OpenEye,,,H,,12,[H:11][c:5]1[c:4]([c:3]([c:2]([c:7]([c:6]1[H:12])[H:13])[O:1][H:8])[H:9])[H:10],21.0,2.0
12,0.13248270692733619,AM1,OpenEye,,,H,,13,[H:11][c:5]1[c:4]([c:3]([c:2]([c:7]([c:6]1[H:12])[H:13])[O:1][H:8])[H:9])[H:10],21.0,2.0
0,-0.2529230769230769,AM1,AmberTools,,,O,,1,[H:11][c:5]1[c:4]([c:3]([c:2]([c:7]([c:6]1[H:12])[H:13])[O:1][H:8])[H:9])[H:10],21.0,2.0
1,0.07807692307692307,AM1,AmberTools,,,C,,2,[H:11][c:5]1[c:4]([c:3]([c:2]([c:7]([c:6]1[H:12])[H:13])[O:1][H:8])[H:9])[H:10],21.0,2.0
2,-0.15692307692307694,AM1,AmberTools,,,C,,3,[H:11][c:5]1[c:4]([c:3]([c:2]([c:7]([c:6]1[H:12])[H:13])[O:1][H:8])[H:9])[H:10],21.0,2.0
3,-0.09692307692307693,AM1,AmberTools,,,C,,4,[H:11][c:5]1[c:4]([c:3]([c:2]([c:7]([c:6]1[H:12])[H:13])[O:1][H:8])[H:9])[H:10],21.0,2.0
4,-0.16592307692307695,AM1,AmberTools,,,C,,5,[H:11][c:5]1[c:4]([c:3]([c:2]([c:7]([c:6]1[H:12])[H:13])[O:1][H:8])[H:9])[H:10],21.0,2.0
5,-0.09192307692307693,AM1,AmberTools,,,C,,6,[H:11][c:5]1[c:4]([c:3]([c:2]([c:7]([c:6]1[H:12])[H:13])[O:1][H:8])[H:9])[H:10],21.0,2.0
6,-0.21292307692307694,AM1,AmberTools,,,C,,7,[H:11][c:5]1[c:4]([c:3]([c:2]([c:7]([c:6]1[H:12])[H:13])[O:1][H:8])[H:9])[H:10],21.0,2.0
7,0.21707692307692306,AM1,AmberTools,,,H,,8,[H:11][c:5]1[c:4]([c:3]([c:2]([c:7]([c:6]1[H:12])[H:13])[O:1][H:8])[H:9])[H:10],21.0,2.0
8,0.15007692307692305,AM1,AmberTools,,,H,,9,[H:11][c:5]1[c:4]([c:3]([c:2]([c:7]([c:6]1[H:12])[H:13])[O:1][H:8])[H:9])[H:10],21.0,2.0
9,0.13407692307692307,AM1,AmberTools,,,H,,10,[H:11][c:5]1[c:4]([c:3]([c:2]([c:7]([c:6]1[H:12])[H:13])[O:1][H:8])[H:9])[H:10],21.0,2.0
10,0.13307692307692306,AM1,AmberTools,,,H,,11,[H:11][c:5]1[c:4]([c:3]([c:2]([c:7]([c:6]1[H:12])[H:13])[O:1][H:8])[H:9])[H:10],21.0,2.0
11,0.13207692307692306,AM1,AmberTools,,,H,,12,[H:11][c:5]1[c:4]([c:3]([c:2]([c:7]([c:6]1[H:12])[H:13])[O:1][H:8])[H:9])[H:10],21.0,2.0
12,0.13307692307692306,AM1,AmberTools,,,H,,13,[H:11][c:5]1[c:4]([c:3]([c:2]([c:7]([c:6]1[H:12])[H:13])[O:1][H:8])[H:9])[H:10],21.0,2.0
0,-0.254082648226848,AM1,OpenEye,,,O,,1,[H:11][c:5]1[c:4]([c:3]([c:2]([c:7]([c:6]1[H:12])[H:13])[O:1][H:8])[H:9])[H:10],21.0,3.0
1,0.07939219646728955,AM1,OpenEye,,,C,,2,[H:11][c:5]1[c:4]([c:3]([c:2]([c:7]([c:6]1[H:12])[H:13])[O:1][H:8])[H:9])[H:10],21.0,3.0
2,-0.15652033514701402,AM1,OpenEye,,,C,,3,[H:11][c:5]1[c:4]([c:3]([c:2]([c:7]([c:6]1[H:12])[H:13])[O:1][H:8])[H:9])[H:10],21.0,3.0
3,-0.09660564191066302,AM1,OpenEye,,,C,,4,[H:11][c:5]1[c:4]([c:3]([c:2]([c:7]([c:6]1[H:12])[H:13])[O:1][H:8])[H:9])[H:10],21.0,3.0
4,-0.16706535048209703,AM1,OpenEye,,,C,,5,[H:11][c:5]1[c:4]([c:3]([c:2]([c:7]([c:6]1[H:12])[H:13])[O:1][H:8])[H:9])[H:10],21.0,3.0
5,-0.08993554688416995,AM1,OpenEye,,,C,,6,[H:11][c:5]1[c:4]([c:3]([c:2]([c:7]([c:6]1[H:12])[H:13])[O:1][H:8])[H:9])[H:10],21.0,3.0
6,-0.21574707157336748,AM1,OpenEye,,,C,,7,[H:11][c:5]1[c:4]([c:3]([c:2]([c:7]([c:6]1[H:12])[H:13])[O:1][H:8])[H:9])[H:10],21.0,3.0
7,0.21825584941185439,AM1,OpenEye,,,H,,8,[H:11][c:5]1[c:4]([c:3]([c:2]([c:7]([c:6]1[H:12])[H:13])[O:1][H:8])[H:9])[H:10],21.0,3.0
8,0.15064321630276167,AM1,OpenEye,,,H,,9,[H:11][c:5]1[c:4]([c:3]([c:2]([c:7]([c:6]1[H:12])[H:13])[O:1][H:8])[H:9])[H:10],21.0,3.0
9,0.13367214970863783,AM1,OpenEye,,,H,,10,[H:11][c:5]1[c:4]([c:3]([c:2]([c:7]([c:6]1[H:12])[H:13])[O:1][H:8])[H:9])[H:10],21.0,3.0
10,0.1328649538067671,AM1,OpenEye,,,H,,11,[H:11][c:5]1[c:4]([c:3]([c:2]([c:7]([c:6]1[H:12])[H:13])[O:1][H:8])[H:9])[H:10],21.0,3.0
11,0.13264544480122054,AM1,OpenEye,,,H,,12,[H:11][c:5]1[c:4]([c:3]([c:2]([c:7]([c:6]1[H:12])[H:13])[O:1][H:8])[H:9])[H:10],21.0,3.0
12,0.1324827837256285,AM1,OpenEye,,,H,,13,[H:11][c:5]1[c:4]([c:3]([c:2]([c:7]([c:6]1[H:12])[H:13])[O:1][H:8])[H:9])[H:10],21.0,3.0
0,-0.2529230769230769,AM1,AmberTools,,,O,,1,[H:11][c:5]1[c:4]([c:3]([c:2]([c:7]([c:6]1[H:12])[H:13])[O:1][H:8])[H:9])[H:10],21.0,3.0
1,0.07807692307692307,AM1,AmberTools,,,C,,2,[H:11][c:5]1[c:4]([c:3]([c:2]([c:7]([c:6]1[H:12])[H:13])[O:1][H:8])[H:9])[H:10],21.0,3.0
2,-0.15692307692307694,AM1,AmberTools,,,C,,3,[H:11][c:5]1[c:4]([c:3]([c:2]([c:7]([c:6]1[H:12])[H:13])[O:1][H:8])[H:9])[H:10],21.0,3.0
3,-0.09692307692307693,AM1,AmberTools,,,C,,4,[H:11][c:5]1[c:4]([c:3]([c:2]([c:7]([c:6]1[H:12])[H:13])[O:1][H:8])[H:9])[H:10],21.0,3.0
4,-0.16592307692307695,AM1,AmberTools,,,C,,5,[H:11][c:5]1[c:4]([c:3]([c:2]([c:7]([c:6]1[H:12])[H:13])[O:1][H:8])[H:9])[H:10],21.0,3.0
5,-0.09192307692307693,AM1,AmberTools,,,C,,6,[H:11][c:5]1[c:4]([c:3]([c:2]([c:7]([c:6]1[H:12])[H:13])[O:1][H:8])[H:9])[H:10],21.0,3.0
6,-0.21292307692307694,AM1,AmberTools,,,C,,7,[H:11][c:5]1[c:4]([c:3]([c:2]([c:7]([c:6]1[H:12])[H:13])[O:1][H:8])[H:9])[H:10],21.0,3.0
7,0.21707692307692306,AM1,AmberTools,,,H,,8,[H:11][c:5]1[c:4]([c:3]([c:2]([c:7]([c:6]1[H:12])[H:13])[O:1][H:8])[H:9])[H:10],21.0,3.0
8,0.15007692307692305,AM1,AmberTools,,,H,,9,[H:11][c:5]1[c:4]([c:3]([c:2]([c:7]([c:6]1[H:12])[H:13])[O:1][H:8])[H:9])[H:10],21.0,3.0
9,0.13407692307692307,AM1,AmberTools,,,H,,10,[H:11][c:5]1[c:4]([c:3]([c:2]([c:7]([c:6]1[H:12])[H:13])[O:1][H:8])[H:9])[H:10],21.0,3.0
10,0.13307692307692306,AM1,AmberTools,,,H,,11,[H:11][c:5]1[c:4]([c:3]([c:2]([c:7]([c:6]1[H:12])[H:13])[O:1][H:8])[H:9])[H:10],21.0,3.0
11,0.13207692307692306,AM1,AmberTools,,,H,,12,[H:11][c:5]1[c:4]([c:3]([c:2]([c:7]([c:6]1[H:12])[H:13])[O:1][H:8])[H:9])[H:10],21.0,3.0
12,0.13307692307692306,AM1,AmberTools,,,H,,13,[H:11][c:5]1[c:4]([c:3]([c:2]([c:7]([c:6]1[H:12])[H:13])[O:1][H:8])[H:9])[H:10],21.0,3.0
0,-0.2540819369829618,AM1,OpenEye,,,O,,1,[H:11][c:5]1[c:4]([c:3]([c:2]([c:7]([c:6]1[H:12])[H:13])[O:1][H:8])[H:9])[H:10],21.0,4.0
1,0.07939157405724892,AM1,OpenEye,,,C,,2,[H:11][c:5]1[c:4]([c:3]([c:2]([c:7]([c:6]1[H:12])[H:13])[O:1][H:8])[H:9])[H:10],21.0,4.0
2,-0.1565201454437696,AM1,OpenEye,,,C,,3,[H:11][c:5]1[c:4]([c:3]([c:2]([c:7]([c:6]1[H:12])[H:13])[O:1][H:8])[H:9])[H:10],21.0,4.0
3,-0.09660560866961113,AM1,OpenEye,,,C,,4,[H:11][c:5]1[c:4]([c:3]([c:2]([c:7]([c:6]1[H:12])[H:13])[O:1][H:8])[H:9])[H:10],21.0,4.0
4,-0.1670656674183332,AM1,OpenEye,,,C,,5,[H:11][c:5]1[c:4]([c:3]([c:2]([c:7]([c:6]1[H:12])[H:13])[O:1][H:8])[H:9])[H:10],21.0,4.0
5,-0.08993545403847328,AM1,OpenEye,,,C,,6,[H:11][c:5]1[c:4]([c:3]([c:2]([c:7]([c:6]1[H:12])[H:13])[O:1][H:8])[H:9])[H:10],21.0,4.0
6,-0.21574692657360664,AM1,OpenEye,,,C,,7,[H:11][c:5]1[c:4]([c:3]([c:2]([c:7]([c:6]1[H:12])[H:13])[O:1][H:8])[H:9])[H:10],21.0,4.0
7,0.21825550267329583,AM1,OpenEye,,,H,,8,[H:11][c:5]1[c:4]([c:3]([c:2]([c:7]([c:6]1[H:12])[H:13])[O:1][H:8])[H:9])[H:10],21.0,4.0
8,0.15064322719207177,AM1,OpenEye,,,H,,9,[H:11][c:5]1[c:4]([c:3]([c:2]([c:7]([c:6]1[H:12])[H:13])[O:1][H:8])[H:9])[H:10],21.0,4.0
9,0.1336717284642733,AM1,OpenEye,,,H,,10,[H:11][c:5]1[c:4]([c:3]([c:2]([c:7]([c:6]1[H:12])[H:13])[O:1][H:8])[H:9])[H:10],21.0,4.0
10,0.1328649348937548,AM1,OpenEye,,,H,,11,[H:11][c:5]1[c:4]([c:3]([c:2]([c:7]([c:6]1[H:12])[H:13])[O:1][H:8])[H:9])[H:10],21.0,4.0
11,0.13264611134162316,AM1,OpenEye,,,H,,12,[H:11][c:5]1[c:4]([c:3]([c:2]([c:7]([c:6]1[H:12])[H:13])[O:1][H:8])[H:9])[H:10],21.0,4.0
12,0.13248266050448784,AM1,OpenEye,,,H,,13,[H:11][c:5]1[c:4]([c:3]([c:2]([c:7]([c:6]1[H:12])[H:13])[O:1][H:8])[H:9])[H:10],21.0,4.0
0,-0.2529230769230769,AM1,AmberTools,,,O,,1,[H:11][c:5]1[c:4]([c:3]([c:2]([c:7]([c:6]1[H:12])[H:13])[O:1][H:8])[H:9])[H:10],21.0,4.0
1,0.07807692307692307,AM1,AmberTools,,,C,,2,[H:11][c:5]1[c:4]([c:3]([c:2]([c:7]([c:6]1[H:12])[H:13])[O:1][H:8])[H:9])[H:10],21.0,4.0
2,-0.15692307692307694,AM1,AmberTools,,,C,,3,[H:11][c:5]1[c:4]([c:3]([c:2]([c:7]([c:6]1[H:12])[H:13])[O:1][H:8])[H:9])[H:10],21.0,4.0
3,-0.09692307692307693,AM1,AmberTools,,,C,,4,[H:11][c:5]1[c:4]([c:3]([c:2]([c:7]([c:6]1[H:12])[H:13])[O:1][H:8])[H:9])[H:10],21.0,4.0
4,-0.16592307692307695,AM1,AmberTools,,,C,,5,[H:11][c:5]1[c:4]([c:3]([c:2]([c:7]([c:6]1[H:12])[H:13])[O:1][H:8])[H:9])[H:10],21.0,4.0
5,-0.09192307692307693,AM1,AmberTools,,,C,,6,[H:11][c:5]1[c:4]([c:3]([c:2]([c:7]([c:6]1[H:12])[H:13])[O:1][H:8])[H:9])[H:10],21.0,4.0
6,-0.21292307692307694,AM1,AmberTools,,,C,,7,[H:11][c:5]1[c:4]([c:3]([c:2]([c:7]([c:6]1[H:12])[H:13])[O:1][H:8])[H:9])[H:10],21.0,4.0
7,0.21707692307692306,AM1,AmberTools,,,H,,8,[H:11][c:5]1[c:4]([c:3]([c:2]([c:7]([c:6]1[H:12])[H:13])[O:1][H:8])[H:9])[H:10],21.0,4.0
8,0.15007692307692305,AM1,AmberTools,,,H,,9,[H:11][c:5]1[c:4]([c:3]([c:2]([c:7]([c:6]1[H:12])[H:13])[O:1][H:8])[H:9])[H:10],21.0,4.0
9,0.13407692307692307,AM1,AmberTools,,,H,,10,[H:11][c:5]1[c:4]([c:3]([c:2]([c:7]([c:6]1[H:12])[H:13])[O:1][H:8])[H:9])[H:10],21.0,4.0
10,0.13307692307692306,AM1,AmberTools,,,H,,11,[H:11][c:5]1[c:4]([c:3]([c:2]([c:7]([c:6]1[H:12])[H:13])[O:1][H:8])[H:9])[H:10],21.0,4.0
11,0.13207692307692306,AM1,AmberTools,,,H,,12,[H:11][c:5]1[c:4]([c:3]([c:2]([c:7]([c:6]1[H:12])[H:13])[O:1][H:8])[H:9])[H:10],21.0,4.0
12,0.13307692307692306,AM1,AmberTools,,,H,,13,[H:11][c:5]1[c:4]([c:3]([c:2]([c:7]([c:6]1[H:12])[H:13])[O:1][H:8])[H:9])[H:10],21.0,4.0
0,-0.2540816653233308,AM1,OpenEye,,,O,,1,[H:11][c:5]1[c:4]([c:3]([c:2]([c:7]([c:6]1[H:12])[H:13])[O:1][H:8])[H:9])[H:10],21.0,5.0
1,0.0793913986820441,AM1,OpenEye,,,C,,2,[H:11][c:5]1[c:4]([c:3]([c:2]([c:7]([c:6]1[H:12])[H:13])[O:1][H:8])[H:9])[H:10],21.0,5.0
2,-0.1565201718073625,AM1,OpenEye,,,C,,3,[H:11][c:5]1[c:4]([c:3]([c:2]([c:7]([c:6]1[H:12])[H:13])[O:1][H:8])[H:9])[H:10],21.0,5.0
3,-0.09660550092275326,AM1,OpenEye,,,C,,4,[H:11][c:5]1[c:4]([c:3]([c:2]([c:7]([c:6]1[H:12])[H:13])[O:1][H:8])[H:9])[H:10],21.0,5.0
4,-0.1670656788807649,AM1,OpenEye,,,C,,5,[H:11][c:5]1[c:4]([c:3]([c:2]([c:7]([c:6]1[H:12])[H:13])[O:1][H:8])[H:9])[H:10],21.0,5.0
5,-0.08993551020438854,AM1,OpenEye,,,C,,6,[H:11][c:5]1[c:4]([c:3]([c:2]([c:7]([c:6]1[H:12])[H:13])[O:1][H:8])[H:9])[H:10],21.0,5.0
6,-0.21574690823371595,AM1,OpenEye,,,C,,7,[H:11][c:5]1[c:4]([c:3]([c:2]([c:7]([c:6]1[H:12])[H:13])[O:1][H:8])[H:9])[H:10],21.0,5.0
7,0.21825535710041338,AM1,OpenEye,,,H,,8,[H:11][c:5]1[c:4]([c:3]([c:2]([c:7]([c:6]1[H:12])[H:13])[O:1][H:8])[H:9])[H:10],21.0,5.0
8,0.15064323063080126,AM1,OpenEye,,,H,,9,[H:11][c:5]1[c:4]([c:3]([c:2]([c:7]([c:6]1[H:12])[H:13])[O:1][H:8])[H:9])[H:10],21.0,5.0
9,0.13367162759487444,AM1,OpenEye,,,H,,10,[H:11][c:5]1[c:4]([c:3]([c:2]([c:7]([c:6]1[H:12])[H:13])[O:1][H:8])[H:9])[H:10],21.0,5.0
10,0.1328649234313231,AM1,OpenEye,,,H,,11,[H:11][c:5]1[c:4]([c:3]([c:2]([c:7]([c:6]1[H:12])[H:13])[O:1][H:8])[H:9])[H:10],21.0,5.0
11,0.1326462637919646,AM1,OpenEye,,,H,,12,[H:11][c:5]1[c:4]([c:3]([c:2]([c:7]([c:6]1[H:12])[H:13])[O:1][H:8])[H:9])[H:10],21.0,5.0
12,0.13248263414089495,AM1,OpenEye,,,H,,13,[H:11][c:5]1[c:4]([c:3]([c:2]([c:7]([c:6]1[H:12])[H:13])[O:1][H:8])[H:9])[H:10],21.0,5.0
0,-0.2529230769230769,AM1,AmberTools,,,O,,1,[H:11][c:5]1[c:4]([c:3]([c:2]([c:7]([c:6]1[H:12])[H:13])[O:1][H:8])[H:9])[H:10],21.0,5.0
1,0.07807692307692307,AM1,AmberTools,,,C,,2,[H:11][c:5]1[c:4]([c:3]([c:2]([c:7]([c:6]1[H:12])[H:13])[O:1][H:8])[H:9])[H:10],21.0,5.0
2,-0.15692307692307694,AM1,AmberTools,,,C,,3,[H:11][c:5]1[c:4]([c:3]([c:2]([c:7]([c:6]1[H:12])[H:13])[O:1][H:8])[H:9])[H:10],21.0,5.0
3,-0.09692307692307693,AM1,AmberTools,,,C,,4,[H:11][c:5]1[c:4]([c:3]([c:2]([c:7]([c:6]1[H:12])[H:13])[O:1][H:8])[H:9])[H:10],21.0,5.0
4,-0.16592307692307695,AM1,AmberTools,,,C,,5,[H:11][c:5]1[c:4]([c:3]([c:2]([c:7]([c:6]1[H:12])[H:13])[O:1][H:8])[H:9])[H:10],21.0,5.0
5,-0.09192307692307693,AM1,AmberTools,,,C,,6,[H:11][c:5]1[c:4]([c:3]([c:2]([c:7]([c:6]1[H:12])[H:13])[O:1][H:8])[H:9])[H:10],21.0,5.0
6,-0.21292307692307694,AM1,AmberTools,,,C,,7,[H:11][c:5]1[c:4]([c:3]([c:2]([c:7]([c:6]1[H:12])[H:13])[O:1][H:8])[H:9])[H:10],21.0,5.0
7,0.21707692307692306,AM1,AmberTools,,,H,,8,[H:11][c:5]1[c:4]([c:3]([c:2]([c:7]([c:6]1[H:12])[H:13])[O:1][H:8])[H:9])[H:10],21.0,5.0
8,0.15007692307692305,AM1,AmberTools,,,H,,9,[H:11][c:5]1[c:4]([c:3]([c:2]([c:7]([c:6]1[H:12])[H:13])[O:1][H:8])[H:9])[H:10],21.0,5.0
9,0.13407692307692307,AM1,AmberTools,,,H,,10,[H:11][c:5]1[c:4]([c:3]([c:2]([c:7]([c:6]1[H:12])[H:13])[O:1][H:8])[H:9])[H:10],21.0,5.0
10,0.13307692307692306,AM1,AmberTools,,,H,,11,[H:11][c:5]1[c:4]([c:3]([c:2]([c:7]([c:6]1[H:12])[H:13])[O:1][H:8])[H:9])[H:10],21.0,5.0
11,0.13207692307692306,AM1,AmberTools,,,H,,12,[H:11][c:5]1[c:4]([c:3]([c:2]([c:7]([c:6]1[H:12])[H:13])[O:1][H:8])[H:9])[H:10],21.0,5.0
12,0.13307692307692306,AM1,AmberTools,,,H,,13,[H:11][c:5]1[c:4]([c:3]([c:2]([c:7]([c:6]1[H:12])[H:13])[O:1][H:8])[H:9])[H:10],21.0,5.0
0,-0.2540872102746597,AM1,OpenEye,,,O,,1,[H:11][c:5]1[c:4]([c:3]([c:2]([c:7]([c:6]1[H:12])[H:13])[O:1][H:8])[H:9])[H:10],21.0,6.0
1,0.07939537557271811,AM1,OpenEye,,,C,,2,[H:11][c:5]1[c:4]([c:3]([c:2]([c:7]([c:6]1[H:12])[H:13])[O:1][H:8])[H:9])[H:10],21.0,6.0
2,-0.15652036724182275,AM1,OpenEye,,,C,,3,[H:11][c:5]1[c:4]([c:3]([c:2]([c:7]([c:6]1[H:12])[H:13])[O:1][H:8])[H:9])[H:10],21.0,6.0
3,-0.09660712686868814,AM1,OpenEye,,,C,,4,[H:11][c:5]1[c:4]([c:3]([c:2]([c:7]([c:6]1[H:12])[H:13])[O:1][H:8])[H:9])[H:10],21.0,6.0
4,-0.16706448850723413,AM1,OpenEye,,,C,,5,[H:11][c:5]1[c:4]([c:3]([c:2]([c:7]([c:6]1[H:12])[H:13])[O:1][H:8])[H:9])[H:10],21.0,6.0
5,-0.08993517664762643,AM1,OpenEye,,,C,,6,[H:11][c:5]1[c:4]([c:3]([c:2]([c:7]([c:6]1[H:12])[H:13])[O:1][H:8])[H:9])[H:10],21.0,6.0
6,-0.2157473569879165,AM1,OpenEye,,,C,,7,[H:11][c:5]1[c:4]([c:3]([c:2]([c:7]([c:6]1[H:12])[H:13])[O:1][H:8])[H:9])[H:10],21.0,6.0
7,0.2182581269970307,AM1,OpenEye,,,H,,8,[H:11][c:5]1[c:4]([c:3]([c:2]([c:7]([c:6]1[H:12])[H:13])[O:1][H:8])[H:9])[H:10],21.0,6.0
8,0.15064288618472907,AM1,OpenEye,,,H,,9,[H:11][c:5]1[c:4]([c:3]([c:2]([c:7]([c:6]1[H:12])[H:13])[O:1][H:8])[H:9])[H:10],21.0,6.0
9,0.133674337886847,AM1,OpenEye,,,H,,10,[H:11][c:5]1[c:4]([c:3]([c:2]([c:7]([c:6]1[H:12])[H:13])[O:1][H:8])[H:9])[H:10],21.0,6.0
10,0.13286507072357032,AM1,OpenEye,,,H,,11,[H:11][c:5]1[c:4]([c:3]([c:2]([c:7]([c:6]1[H:12])[H:13])[O:1][H:8])[H:9])[H:10],21.0,6.0
11,0.13264235796836707,AM1,OpenEye,,,H,,12,[H:11][c:5]1[c:4]([c:3]([c:2]([c:7]([c:6]1[H:12])[H:13])[O:1][H:8])[H:9])[H:10],21.0,6.0
12,0.13248357119468543,AM1,OpenEye,,,H,,13,[H:11][c:5]1[c:4]([c:3]([c:2]([c:7]([c:6]1[H:12])[H:13])[O:1][H:8])[H:9])[H:10],21.0,6.0
0,-0.2529230769230769,AM1,AmberTools,,,O,,1,[H:11][c:5]1[c:4]([c:3]([c:2]([c:7]([c:6]1[H:12])[H:13])[O:1][H:8])[H:9])[H:10],21.0,6.0
1,0.07807692307692307,AM1,AmberTools,,,C,,2,[H:11][c:5]1[c:4]([c:3]([c:2]([c:7]([c:6]1[H:12])[H:13])[O:1][H:8])[H:9])[H:10],21.0,6.0
2,-0.15692307692307694,AM1,AmberTools,,,C,,3,[H:11][c:5]1[c:4]([c:3]([c:2]([c:7]([c:6]1[H:12])[H:13])[O:1][H:8])[H:9])[H:10],21.0,6.0
3,-0.09692307692307693,AM1,AmberTools,,,C,,4,[H:11][c:5]1[c:4]([c:3]([c:2]([c:7]([c:6]1[H:12])[H:13])[O:1][H:8])[H:9])[H:10],21.0,6.0
4,-0.16592307692307695,AM1,AmberTools,,,C,,5,[H:11][c:5]1[c:4]([c:3]([c:2]([c:7]([c:6]1[H:12])[H:13])[O:1][H:8])[H:9])[H:10],21.0,6.0
5,-0.09192307692307693,AM1,AmberTools,,,C,,6,[H:11][c:5]1[c:4]([c:3]([c:2]([c:7]([c:6]1[H:12])[H:13])[O:1][H:8])[H:9])[H:10],21.0,6.0
6,-0.21292307692307694,AM1,AmberTools,,,C,,7,[H:11][c:5]1[c:4]([c:3]([c:2]([c:7]([c:6]1[H:12])[H:13])[O:1][H:8])[H:9])[H:10],21.0,6.0
7,0.21707692307692306,AM1,AmberTools,,,H,,8,[H:11][c:5]1[c:4]([c:3]([c:2]([c:7]([c:6]1[H:12])[H:13])[O:1][H:8])[H:9])[H:10],21.0,6.0
8,0.15007692307692305,AM1,AmberTools,,,H,,9,[H:11][c:5]1[c:4]([c:3]([c:2]([c:7]([c:6]1[H:12])[H:13])[O:1][H:8])[H:9])[H:10],21.0,6.0
9,0.13407692307692307,AM1,AmberTools,,,H,,10,[H:11][c:5]1[c:4]([c:3]([c:2]([c:7]([c:6]1[H:12])[H:13])[O:1][H:8])[H:9])[H:10],21.0,6.0
10,0.13307692307692306,AM1,AmberTools,,,H,,11,[H:11][c:5]1[c:4]([c:3]([c:2]([c:7]([c:6]1[H:12])[H:13])[O:1][H:8])[H:9])[H:10],21.0,6.0
11,0.13207692307692306,AM1,AmberTools,,,H,,12,[H:11][c:5]1[c:4]([c:3]([c:2]([c:7]([c:6]1[H:12])[H:13])[O:1][H:8])[H:9])[H:10],21.0,6.0
12,0.13307692307692306,AM1,AmberTools,,,H,,13,[H:11][c:5]1[c:4]([c:3]([c:2]([c:7]([c:6]1[H:12])[H:13])[O:1][H:8])[H:9])[H:10],21.0,6.0
0,-0.2540825926340543,AM1,OpenEye,,,O,,1,[H:11][c:5]1[c:4]([c:3]([c:2]([c:7]([c:6]1[H:12])[H:13])[O:1][H:8])[H:9])[H:10],21.0,7.0
1,0.0793921179496325,AM1,OpenEye,,,C,,2,[H:11][c:5]1[c:4]([c:3]([c:2]([c:7]([c:6]1[H:12])[H:13])[O:1][H:8])[H:9])[H:10],21.0,7.0
2,-0.15652023485073677,AM1,OpenEye,,,C,,3,[H:11][c:5]1[c:4]([c:3]([c:2]([c:7]([c:6]1[H:12])[H:13])[O:1][H:8])[H:9])[H:10],21.0,7.0
3,-0.09660571297773948,AM1,OpenEye,,,C,,4,[H:11][c:5]1[c:4]([c:3]([c:2]([c:7]([c:6]1[H:12])[H:13])[O:1][H:8])[H:9])[H:10],21.0,7.0
4,-0.1670654439009153,AM1,OpenEye,,,C,,5,[H:11][c:5]1[c:4]([c:3]([c:2]([c:7]([c:6]1[H:12])[H:13])[O:1][H:8])[H:9])[H:10],21.0,7.0
5,-0.08993546148905388,AM1,OpenEye,,,C,,6,[H:11][c:5]1[c:4]([c:3]([c:2]([c:7]([c:6]1[H:12])[H:13])[O:1][H:8])[H:9])[H:10],21.0,7.0
6,-0.21574709048637977,AM1,OpenEye,,,C,,7,[H:11][c:5]1[c:4]([c:3]([c:2]([c:7]([c:6]1[H:12])[H:13])[O:1][H:8])[H:9])[H:10],21.0,7.0
7,0.2182558155976809,AM1,OpenEye,,,H,,8,[H:11][c:5]1[c:4]([c:3]([c:2]([c:7]([c:6]1[H:12])[H:13])[O:1][H:8])[H:9])[H:10],21.0,7.0
8,0.15064321229091057,AM1,OpenEye,,,H,,9,[H:11][c:5]1[c:4]([c:3]([c:2]([c:7]([c:6]1[H:12])[H:13])[O:1][H:8])[H:9])[H:10],21.0,7.0
9,0.13367208609214196,AM1,OpenEye,,,H,,10,[H:11][c:5]1[c:4]([c:3]([c:2]([c:7]([c:6]1[H:12])[H:13])[O:1][H:8])[H:9])[H:10],21.0,7.0
10,0.132864949794916,AM1,OpenEye,,,H,,11,[H:11][c:5]1[c:4]([c:3]([c:2]([c:7]([c:6]1[H:12])[H:13])[O:1][H:8])[H:9])[H:10],21.0,7.0
11,0.13264555999865899,AM1,OpenEye,,,H,,12,[H:11][c:5]1[c:4]([c:3]([c:2]([c:7]([c:6]1[H:12])[H:13])[O:1][H:8])[H:9])[H:10],21.0,7.0
12,0.1324827946149386,AM1,OpenEye,,,H,,13,[H:11][c:5]1[c:4]([c:3]([c:2]([c:7]([c:6]1[H:12])[H:13])[O:1][H:8])[H:9])[H:10],21.0,7.0
0,-0.2529230769230769,AM1,AmberTools,,,O,,1,[H:11][c:5]1[c:4]([c:3]([c:2]([c:7]([c:6]1[H:12])[H:13])[O:1][H:8])[H:9])[H:10],21.0,7.0
1,0.07807692307692307,AM1,AmberTools,,,C,,2,[H:11][c:5]1[c:4]([c:3]([c:2]([c:7]([c:6]1[H:12])[H:13])[O:1][H:8])[H:9])[H:10],21.0,7.0
2,-0.15692307692307694,AM1,AmberTools,,,C,,3,[H:11][c:5]1[c:4]([c:3]([c:2]([c:7]([c:6]1[H:12])[H:13])[O:1][H:8])[H:9])[H:10],21.0,7.0
3,-0.09692307692307693,AM1,AmberTools,,,C,,4,[H:11][c:5]1[c:4]([c:3]([c:2]([c:7]([c:6]1[H:12])[H:13])[O:1][H:8])[H:9])[H:10],21.0,7.0
4,-0.16592307692307695,AM1,AmberTools,,,C,,5,[H:11][c:5]1[c:4]([c:3]([c:2]([c:7]([c:6]1[H:12])[H:13])[O:1][H:8])[H:9])[H:10],21.0,7.0
5,-0.09192307692307693,AM1,AmberTools,,,C,,6,[H:11][c:5]1[c:4]([c:3]([c:2]([c:7]([c:6]1[H:12])[H:13])[O:1][H:8])[H:9])[H:10],21.0,7.0
6,-0.21292307692307694,AM1,AmberTools,,,C,,7,[H:11][c:5]1[c:4]([c:3]([c:2]([c:7]([c:6]1[H:12])[H:13])[O:1][H:8])[H:9])[H:10],21.0,7.0
7,0.21707692307692306,AM1,AmberTools,,,H,,8,[H:11][c:5]1[c:4]([c:3]([c:2]([c:7]([c:6]1[H:12])[H:13])[O:1][H:8])[H:9])[H:10],21.0,7.0
8,0.15007692307692305,AM1,AmberTools,,,H,,9,[H:11][c:5]1[c:4]([c:3]([c:2]([c:7]([c:6]1[H:12])[H:13])[O:1][H:8])[H:9])[H:10],21.0,7.0
9,0.13407692307692307,AM1,AmberTools,,,H,,10,[H:11][c:5]1[c:4]([c:3]([c:2]([c:7]([c:6]1[H:12])[H:13])[O:1][H:8])[H:9])[H:10],21.0,7.0
10,0.13307692307692306,AM1,AmberTools,,,H,,11,[H:11][c:5]1[c:4]([c:3]([c:2]([c:7]([c:6]1[H:12])[H:13])[O:1][H:8])[H:9])[H:10],21.0,7.0
11,0.13207692307692306,AM1,AmberTools,,,H,,12,[H:11][c:5]1[c:4]([c:3]([c:2]([c:7]([c:6]1[H:12])[H:13])[O:1][H:8])[H:9])[H:10],21.0,7.0
12,0.13307692307692306,AM1,AmberTools,,,H,,13,[H:11][c:5]1[c:4]([c:3]([c:2]([c:7]([c:6]1[H:12])[H:13])[O:1][H:8])[H:9])[H:10],21.0,7.0
0,-0.2540856594076523,AM1,OpenEye,,,O,,1,[H:11][c:5]1[c:4]([c:3]([c:2]([c:7]([c:6]1[H:12])[H:13])[O:1][H:8])[H:9])[H:10],21.0,8.0
1,0.07939443049522546,AM1,OpenEye,,,C,,2,[H:11][c:5]1[c:4]([c:3]([c:2]([c:7]([c:6]1[H:12])[H:13])[O:1][H:8])[H:9])[H:10],21.0,8.0
2,-0.15652045550254676,AM1,OpenEye,,,C,,3,[H:11][c:5]1[c:4]([c:3]([c:2]([c:7]([c:6]1[H:12])[H:13])[O:1][H:8])[H:9])[H:10],21.0,8.0
3,-0.0966063508620629,AM1,OpenEye,,,C,,4,[H:11][c:5]1[c:4]([c:3]([c:2]([c:7]([c:6]1[H:12])[H:13])[O:1][H:8])[H:9])[H:10],21.0,8.0
4,-0.16706432344821784,AM1,OpenEye,,,C,,5,[H:11][c:5]1[c:4]([c:3]([c:2]([c:7]([c:6]1[H:12])[H:13])[O:1][H:8])[H:9])[H:10],21.0,8.0
5,-0.08993576409725043,AM1,OpenEye,,,C,,6,[H:11][c:5]1[c:4]([c:3]([c:2]([c:7]([c:6]1[H:12])[H:13])[O:1][H:8])[H:9])[H:10],21.0,8.0
6,-0.21574750485328528,AM1,OpenEye,,,C,,7,[H:11][c:5]1[c:4]([c:3]([c:2]([c:7]([c:6]1[H:12])[H:13])[O:1][H:8])[H:9])[H:10],21.0,8.0
7,0.21825736818405297,AM1,OpenEye,,,H,,8,[H:11][c:5]1[c:4]([c:3]([c:2]([c:7]([c:6]1[H:12])[H:13])[O:1][H:8])[H:9])[H:10],21.0,8.0
8,0.15064315555187371,AM1,OpenEye,,,H,,9,[H:11][c:5]1[c:4]([c:3]([c:2]([c:7]([c:6]1[H:12])[H:13])[O:1][H:8])[H:9])[H:10],21.0,8.0
9,0.13367371318432,AM1,OpenEye,,,H,,10,[H:11][c:5]1[c:4]([c:3]([c:2]([c:7]([c:6]1[H:12])[H:13])[O:1][H:8])[H:9])[H:10],21.0,8.0
10,0.1328650122651687,AM1,OpenEye,,,H,,11,[H:11][c:5]1[c:4]([c:3]([c:2]([c:7]([c:6]1[H:12])[H:13])[O:1][H:8])[H:9])[H:10],21.0,8.0
11,0.1326431488761535,AM1,OpenEye,,,H,,12,[H:11][c:5]1[c:4]([c:3]([c:2]([c:7]([c:6]1[H:12])[H:13])[O:1][H:8])[H:9])[H:10],21.0,8.0
12,0.13248322961422113,AM1,OpenEye,,,H,,13,[H:11][c:5]1[c:4]([c:3]([c:2]([c:7]([c:6]1[H:12])[H:13])[O:1][H:8])[H:9])[H:10],21.0,8.0
0,-0.2529230769230769,AM1,AmberTools,,,O,,1,[H:11][c:5]1[c:4]([c:3]([c:2]([c:7]([c:6]1[H:12])[H:13])[O:1][H:8])[H:9])[H:10],21.0,8.0
1,0.07807692307692307,AM1,AmberTools,,,C,,2,[H:11][c:5]1[c:4]([c:3]([c:2]([c:7]([c:6]1[H:12])[H:13])[O:1][H:8])[H:9])[H:10],21.0,8.0
2,-0.15692307692307694,AM1,AmberTools,,,C,,3,[H:11][c:5]1[c:4]([c:3]([c:2]([c:7]([c:6]1[H:12])[H:13])[O:1][H:8])[H:9])[H:10],21.0,8.0
3,-0.09692307692307693,AM1,AmberTools,,,C,,4,[H:11][c:5]1[c:4]([c:3]([c:2]([c:7]([c:6]1[H:12])[H:13])[O:1][H:8])[H:9])[H:10],21.0,8.0
4,-0.16592307692307695,AM1,AmberTools,,,C,,5,[H:11][c:5]1[c:4]([c:3]([c:2]([c:7]([c:6]1[H:12])[H:13])[O:1][H:8])[H:9])[H:10],21.0,8.0
5,-0.09192307692307693,AM1,AmberTools,,,C,,6,[H:11][c:5]1[c:4]([c:3]([c:2]([c:7]([c:6]1[H:12])[H:13])[O:1][H:8])[H:9])[H:10],21.0,8.0
6,-0.21292307692307694,AM1,AmberTools,,,C,,7,[H:11][c:5]1[c:4]([c:3]([c:2]([c:7]([c:6]1[H:12])[H:13])[O:1][H:8])[H:9])[H:10],21.0,8.0
7,0.21707692307692306,AM1,AmberTools,,,H,,8,[H:11][c:5]1[c:4]([c:3]([c:2]([c:7]([c:6]1[H:12])[H:13])[O:1][H:8])[H:9])[H:10],21.0,8.0
8,0.15007692307692305,AM1,AmberTools,,,H,,9,[H:11][c:5]1[c:4]([c:3]([c:2]([c:7]([c:6]1[H:12])[H:13])[O:1][H:8])[H:9])[H:10],21.0,8.0
9,0.13407692307692307,AM1,AmberTools,,,H,,10,[H:11][c:5]1[c:4]([c:3]([c:2]([c:7]([c:6]1[H:12])[H:13])[O:1][H:8])[H:9])[H:10],21.0,8.0
10,0.13307692307692306,AM1,AmberTools,,,H,,11,[H:11][c:5]1[c:4]([c:3]([c:2]([c:7]([c:6]1[H:12])[H:13])[O:1][H:8])[H:9])[H:10],21.0,8.0
11,0.13207692307692306,AM1,AmberTools,,,H,,12,[H:11][c:5]1[c:4]([c:3]([c:2]([c:7]([c:6]1[H:12])[H:13])[O:1][H:8])[H:9])[H:10],21.0,8.0
12,0.13307692307692306,AM1,AmberTools,,,H,,13,[H:11][c:5]1[c:4]([c:3]([c:2]([c:7]([c:6]1[H:12])[H:13])[O:1][H:8])[H:9])[H:10],21.0,8.0
0,-0.2540858961068667,AM1,OpenEye,,,O,,1,[H:11][c:5]1[c:4]([c:3]([c:2]([c:7]([c:6]1[H:12])[H:13])[O:1][H:8])[H:9])[H:10],21.0,9.0
1,0.07939436515936485,AM1,OpenEye,,,C,,2,[H:11][c:5]1[c:4]([c:3]([c:2]([c:7]([c:6]1[H:12])[H:13])[O:1][H:8])[H:9])[H:10],21.0,9.0
2,-0.1565201706611193,AM1,OpenEye,,,C,,3,[H:11][c:5]1[c:4]([c:3]([c:2]([c:7]([c:6]1[H:12])[H:13])[O:1][H:8])[H:9])[H:10],21.0,9.0
3,-0.09660687068333992,AM1,OpenEye,,,C,,4,[H:11][c:5]1[c:4]([c:3]([c:2]([c:7]([c:6]1[H:12])[H:13])[O:1][H:8])[H:9])[H:10],21.0,9.0
4,-0.16706488797297844,AM1,OpenEye,,,C,,5,[H:11][c:5]1[c:4]([c:3]([c:2]([c:7]([c:6]1[H:12])[H:13])[O:1][H:8])[H:9])[H:10],21.0,9.0
5,-0.08993513652911553,AM1,OpenEye,,,C,,6,[H:11][c:5]1[c:4]([c:3]([c:2]([c:7]([c:6]1[H:12])[H:13])[O:1][H:8])[H:9])[H:10],21.0,9.0
6,-0.2157472945176638,AM1,OpenEye,,,C,,7,[H:11][c:5]1[c:4]([c:3]([c:2]([c:7]([c:6]1[H:12])[H:13])[O:1][H:8])[H:9])[H:10],21.0,9.0
7,0.2182574593103849,AM1,OpenEye,,,H,,8,[H:11][c:5]1[c:4]([c:3]([c:2]([c:7]([c:6]1[H:12])[H:13])[O:1][H:8])[H:9])[H:10],21.0,9.0
8,0.15064297845730415,AM1,OpenEye,,,H,,9,[H:11][c:5]1[c:4]([c:3]([c:2]([c:7]([c:6]1[H:12])[H:13])[O:1][H:8])[H:9])[H:10],21.0,9.0
9,0.1336736254967176,AM1,OpenEye,,,H,,10,[H:11][c:5]1[c:4]([c:3]([c:2]([c:7]([c:6]1[H:12])[H:13])[O:1][H:8])[H:9])[H:10],21.0,9.0
10,0.13286499908337226,AM1,OpenEye,,,H,,11,[H:11][c:5]1[c:4]([c:3]([c:2]([c:7]([c:6]1[H:12])[H:13])[O:1][H:8])[H:9])[H:10],21.0,9.0
11,0.13264347842106453,AM1,OpenEye,,,H,,12,[H:11][c:5]1[c:4]([c:3]([c:2]([c:7]([c:6]1[H:12])[H:13])[O:1][H:8])[H:9])[H:10],21.0,9.0
12,0.13248335054287544,AM1,OpenEye,,,H,,13,[H:11][c:5]1[c:4]([c:3]([c:2]([c:7]([c:6]1[H:12])[H:13])[O:1][H:8])[H:9])[H:10],21.0,9.0
0,-0.2529230769230769,AM1,AmberTools,,,O,,1,[H:11][c:5]1[c:4]([c:3]([c:2]([c:7]([c:6]1[H:12])[H:13])[O:1][H:8])[H:9])[H:10],21.0,9.0
1,0.07807692307692307,AM1,AmberTools,,,C,,2,[H:11][c:5]1[c:4]([c:3]([c:2]([c:7]([c:6]1[H:12])[H:13])[O:1][H:8])[H:9])[H:10],21.0,9.0
2,-0.15692307692307694,AM1,AmberTools,,,C,,3,[H:11][c:5]1[c:4]([c:3]([c:2]([c:7]([c:6]1[H:12])[H:13])[O:1][H:8])[H:9])[H:10],21.0,9.0
3,-0.09692307692307693,AM1,AmberTools,,,C,,4,[H:11][c:5]1[c:4]([c:3]([c:2]([c:7]([c:6]1[H:12])[H:13])[O:1][H:8])[H:9])[H:10],21.0,9.0
4,-0.16592307692307695,AM1,AmberTools,,,C,,5,[H:11][c:5]1[c:4]([c:3]([c:2]([c:7]([c:6]1[H:12])[H:13])[O:1][H:8])[H:9])[H:10],21.0,9.0
5,-0.09192307692307693,AM1,AmberTools,,,C,,6,[H:11][c:5]1[c:4]([c:3]([c:2]([c:7]([c:6]1[H:12])[H:13])[O:1][H:8])[H:9])[H:10],21.0,9.0
6,-0.21292307692307694,AM1,AmberTools,,,C,,7,[H:11][c:5]1[c:4]([c:3]([c:2]([c:7]([c:6]1[H:12])[H:13])[O:1][H:8])[H:9])[H:10],21.0,9.0
7,0.21707692307692306,AM1,AmberTools,,,H,,8,[H:11][c:5]1[c:4]([c:3]([c:2]([c:7]([c:6]1[H:12])[H:13])[O:1][H:8])[H:9])[H:10],21.0,9.0
8,0.15007692307692305,AM1,AmberTools,,,H,,9,[H:11][c:5]1[c:4]([c:3]([c:2]([c:7]([c:6]1[H:12])[H:13])[O:1][H:8])[H:9])[H:10],21.0,9.0
9,0.13407692307692307,AM1,AmberTools,,,H,,10,[H:11][c:5]1[c:4]([c:3]([c:2]([c:7]([c:6]1[H:12])[H:13])[O:1][H:8])[H:9])[H:10],21.0,9.0
10,0.13307692307692306,AM1,AmberTools,,,H,,11,[H:11][c:5]1[c:4]([c:3]([c:2]([c:7]([c:6]1[H:12])[H:13])[O:1][H:8])[H:9])[H:10],21.0,9.0
11,0.13207692307692306,AM1,AmberTools,,,H,,12,[H:11][c:5]1[c:4]([c:3]([c:2]([c:7]([c:6]1[H:12])[H:13])[O:1][H:8])[H:9])[H:10],21.0,9.0
12,0.13307692307692306,AM1,AmberTools,,,H,,13,[H:11][c:5]1[c:4]([c:3]([c:2]([c:7]([c:6]1[H:12])[H:13])[O:1][H:8])[H:9])[H:10],21.0,9.0
0,-0.254082648226848,AM1,OpenEye,,,O,,1,[H:11][c:5]1[c:4]([c:3]([c:2]([c:7]([c:6]1[H:12])[H:13])[O:1][H:8])[H:9])[H:10],21.0,10.0
1,0.07939215921438657,AM1,OpenEye,,,C,,2,[H:11][c:5]1[c:4]([c:3]([c:2]([c:7]([c:6]1[H:12])[H:13])[O:1][H:8])[H:9])[H:10],21.0,10.0
2,-0.15652033514701402,AM1,OpenEye,,,C,,3,[H:11][c:5]1[c:4]([c:3]([c:2]([c:7]([c:6]1[H:12])[H:13])[O:1][H:8])[H:9])[H:10],21.0,10.0
3,-0.09660564191066302,AM1,OpenEye,,,C,,4,[H:11][c:5]1[c:4]([c:3]([c:2]([c:7]([c:6]1[H:12])[H:13])[O:1][H:8])[H:9])[H:10],21.0,10.0
4,-0.16706538028441942,AM1,OpenEye,,,C,,5,[H:11][c:5]1[c:4]([c:3]([c:2]([c:7]([c:6]1[H:12])[H:13])[O:1][H:8])[H:9])[H:10],21.0,10.0
5,-0.08993553943358935,AM1,OpenEye,,,C,,6,[H:11][c:5]1[c:4]([c:3]([c:2]([c:7]([c:6]1[H:12])[H:13])[O:1][H:8])[H:9])[H:10],21.0,10.0
6,-0.21574698216640031,AM1,OpenEye,,,C,,7,[H:11][c:5]1[c:4]([c:3]([c:2]([c:7]([c:6]1[H:12])[H:13])[O:1][H:8])[H:9])[H:10],21.0,10.0
7,0.21825584941185439,AM1,OpenEye,,,H,,8,[H:11][c:5]1[c:4]([c:3]([c:2]([c:7]([c:6]1[H:12])[H:13])[O:1][H:8])[H:9])[H:10],21.0,10.0
8,0.1506431566981169,AM1,OpenEye,,,H,,9,[H:11][c:5]1[c:4]([c:3]([c:2]([c:7]([c:6]1[H:12])[H:13])[O:1][H:8])[H:9])[H:10],21.0,10.0
9,0.13367214970863783,AM1,OpenEye,,,H,,10,[H:11][c:5]1[c:4]([c:3]([c:2]([c:7]([c:6]1[H:12])[H:13])[O:1][H:8])[H:9])[H:10],21.0,10.0
10,0.1328649687079283,AM1,OpenEye,,,H,,11,[H:11][c:5]1[c:4]([c:3]([c:2]([c:7]([c:6]1[H:12])[H:13])[O:1][H:8])[H:9])[H:10],21.0,10.0
11,0.13264545970238173,AM1,OpenEye,,,H,,12,[H:11][c:5]1[c:4]([c:3]([c:2]([c:7]([c:6]1[H:12])[H:13])[O:1][H:8])[H:9])[H:10],21.0,10.0
12,0.1324827837256285,AM1,OpenEye,,,H,,13,[H:11][c:5]1[c:4]([c:3]([c:2]([c:7]([c:6]1[H:12])[H:13])[O:1][H:8])[H:9])[H:10],21.0,10.0
0,-0.2529230769230769,AM1,AmberTools,,,O,,1,[H:11][c:5]1[c:4]([c:3]([c:2]([c:7]([c:6]1[H:12])[H:13])[O:1][H:8])[H:9])[H:10],21.0,10.0
1,0.07807692307692307,AM1,AmberTools,,,C,,2,[H:11][c:5]1[c:4]([c:3]([c:2]([c:7]([c:6]1[H:12])[H:13])[O:1][H:8])[H:9])[H:10],21.0,10.0
2,-0.15692307692307694,AM1,AmberTools,,,C,,3,[H:11][c:5]1[c:4]([c:3]([c:2]([c:7]([c:6]1[H:12])[H:13])[O:1][H:8])[H:9])[H:10],21.0,10.0
3,-0.09692307692307693,AM1,AmberTools,,,C,,4,[H:11][c:5]1[c:4]([c:3]([c:2]([c:7]([c:6]1[H:12])[H:13])[O:1][H:8])[H:9])[H:10],21.0,10.0
4,-0.16592307692307695,AM1,AmberTools,,,C,,5,[H:11][c:5]1[c:4]([c:3]([c:2]([c:7]([c:6]1[H:12])[H:13])[O:1][H:8])[H:9])[H:10],21.0,10.0
5,-0.09192307692307693,AM1,AmberTools,,,C,,6,[H:11][c:5]1[c:4]([c:3]([c:2]([c:7]([c:6]1[H:12])[H:13])[O:1][H:8])[H:9])[H:10],21.0,10.0
6,-0.21292307692307694,AM1,AmberTools,,,C,,7,[H:11][c:5]1[c:4]([c:3]([c:2]([c:7]([c:6]1[H:12])[H:13])[O:1][H:8])[H:9])[H:10],21.0,10.0
7,0.21707692307692306,AM1,AmberTools,,,H,,8,[H:11][c:5]1[c:4]([c:3]([c:2]([c:7]([c:6]1[H:12])[H:13])[O:1][H:8])[H:9])[H:10],21.0,10.0
8,0.15007692307692305,AM1,AmberTools,,,H,,9,[H:11][c:5]1[c:4]([c:3]([c:2]([c:7]([c:6]1[H:12])[H:13])[O:1][H:8])[H:9])[H:10],21.0,10.0
9,0.13407692307692307,AM1,AmberTools,,,H,,10,[H:11][c:5]1[c:4]([c:3]([c:2]([c:7]([c:6]1[H:12])[H:13])[O:1][H:8])[H:9])[H:10],21.0,10.0
10,0.13307692307692306,AM1,AmberTools,,,H,,11,[H:11][c:5]1[c:4]([c:3]([c:2]([c:7]([c:6]1[H:12])[H:13])[O:1][H:8])[H:9])[H:10],21.0,10.0
11,0.13207692307692306,AM1,AmberTools,,,H,,12,[H:11][c:5]1[c:4]([c:3]([c:2]([c:7]([c:6]1[H:12])[H:13])[O:1][H:8])[H:9])[H:10],21.0,10.0
12,0.13307692307692306,AM1,AmberTools,,,H,,13,[H:11][c:5]1[c:4]([c:3]([c:2]([c:7]([c:6]1[H:12])[H:13])[O:1][H:8])[H:9])[H:10],21.0,10.0
0,-0.25408750829788357,AM1,OpenEye,,,O,,1,[H:11][c:5]1[c:4]([c:3]([c:2]([c:7]([c:6]1[H:12])[H:13])[O:1][H:8])[H:9])[H:10],21.0,11.0
1,0.07939562144187781,AM1,OpenEye,,,C,,2,[H:11][c:5]1[c:4]([c:3]([c:2]([c:7]([c:6]1[H:12])[H:13])[O:1][H:8])[H:9])[H:10],21.0,11.0
2,-0.15652039704414514,AM1,OpenEye,,,C,,3,[H:11][c:5]1[c:4]([c:3]([c:2]([c:7]([c:6]1[H:12])[H:13])[O:1][H:8])[H:9])[H:10],21.0,11.0
3,-0.09660715667101052,AM1,OpenEye,,,C,,4,[H:11][c:5]1[c:4]([c:3]([c:2]([c:7]([c:6]1[H:12])[H:13])[O:1][H:8])[H:9])[H:10],21.0,11.0
4,-0.16706439910026696,AM1,OpenEye,,,C,,5,[H:11][c:5]1[c:4]([c:3]([c:2]([c:7]([c:6]1[H:12])[H:13])[O:1][H:8])[H:9])[H:10],21.0,11.0
5,-0.08993521390052941,AM1,OpenEye,,,C,,6,[H:11][c:5]1[c:4]([c:3]([c:2]([c:7]([c:6]1[H:12])[H:13])[O:1][H:8])[H:9])[H:10],21.0,11.0
6,-0.21574744639488366,AM1,OpenEye,,,C,,7,[H:11][c:5]1[c:4]([c:3]([c:2]([c:7]([c:6]1[H:12])[H:13])[O:1][H:8])[H:9])[H:10],21.0,11.0
7,0.21825827600864264,AM1,OpenEye,,,H,,8,[H:11][c:5]1[c:4]([c:3]([c:2]([c:7]([c:6]1[H:12])[H:13])[O:1][H:8])[H:9])[H:10],21.0,11.0
8,0.15064290108589026,AM1,OpenEye,,,H,,9,[H:11][c:5]1[c:4]([c:3]([c:2]([c:7]([c:6]1[H:12])[H:13])[O:1][H:8])[H:9])[H:10],21.0,11.0
9,0.13367450179962012,AM1,OpenEye,,,H,,10,[H:11][c:5]1[c:4]([c:3]([c:2]([c:7]([c:6]1[H:12])[H:13])[O:1][H:8])[H:9])[H:10],21.0,11.0
10,0.13286507072357032,AM1,OpenEye,,,H,,11,[H:11][c:5]1[c:4]([c:3]([c:2]([c:7]([c:6]1[H:12])[H:13])[O:1][H:8])[H:9])[H:10],21.0,11.0
11,0.13264211954978797,AM1,OpenEye,,,H,,12,[H:11][c:5]1[c:4]([c:3]([c:2]([c:7]([c:6]1[H:12])[H:13])[O:1][H:8])[H:9])[H:10],21.0,11.0
12,0.1324836307993302,AM1,OpenEye,,,H,,13,[H:11][c:5]1[c:4]([c:3]([c:2]([c:7]([c:6]1[H:12])[H:13])[O:1][H:8])[H:9])[H:10],21.0,11.0
0,-0.2529230769230769,AM1,AmberTools,,,O,,1,[H:11][c:5]1[c:4]([c:3]([c:2]([c:7]([c:6]1[H:12])[H:13])[O:1][H:8])[H:9])[H:10],21.0,11.0
1,0.07807692307692307,AM1,AmberTools,,,C,,2,[H:11][c:5]1[c:4]([c:3]([c:2]([c:7]([c:6]1[H:12])[H:13])[O:1][H:8])[H:9])[H:10],21.0,11.0
2,-0.15692307692307694,AM1,AmberTools,,,C,,3,[H:11][c:5]1[c:4]([c:3]([c:2]([c:7]([c:6]1[H:12])[H:13])[O:1][H:8])[H:9])[H:10],21.0,11.0
3,-0.09692307692307693,AM1,AmberTools,,,C,,4,[H:11][c:5]1[c:4]([c:3]([c:2]([c:7]([c:6]1[H:12])[H:13])[O:1][H:8])[H:9])[H:10],21.0,11.0
4,-0.16592307692307695,AM1,AmberTools,,,C,,5,[H:11][c:5]1[c:4]([c:3]([c:2]([c:7]([c:6]1[H:12])[H:13])[O:1][H:8])[H:9])[H:10],21.0,11.0
5,-0.09192307692307693,AM1,AmberTools,,,C,,6,[H:11][c:5]1[c:4]([c:3]([c:2]([c:7]([c:6]1[H:12])[H:13])[O:1][H:8])[H:9])[H:10],21.0,11.0
6,-0.21292307692307694,AM1,AmberTools,,,C,,7,[H:11][c:5]1[c:4]([c:3]([c:2]([c:7]([c:6]1[H:12])[H:13])[O:1][H:8])[H:9])[H:10],21.0,11.0
7,0.21707692307692306,AM1,AmberTools,,,H,,8,[H:11][c:5]1[c:4]([c:3]([c:2]([c:7]([c:6]1[H:12])[H:13])[O:1][H:8])[H:9])[H:10],21.0,11.0
8,0.15007692307692305,AM1,AmberTools,,,H,,9,[H:11][c:5]1[c:4]([c:3]([c:2]([c:7]([c:6]1[H:12])[H:13])[O:1][H:8])[H:9])[H:10],21.0,11.0
9,0.13407692307692307,AM1,AmberTools,,,H,,10,[H:11][c:5]1[c:4]([c:3]([c:2]([c:7]([c:6]1[H:12])[H:13])[O:1][H:8])[H:9])[H:10],21.0,11.0
10,0.13307692307692306,AM1,AmberTools,,,H,,11,[H:11][c:5]1[c:4]([c:3]([c:2]([c:7]([c:6]1[H:12])[H:13])[O:1][H:8])[H:9])[H:10],21.0,11.0
11,0.13207692307692306,AM1,AmberTools,,,H,,12,[H:11][c:5]1[c:4]([c:3]([c:2]([c:7]([c:6]1[H:12])[H:13])[O:1][H:8])[H:9])[H:10],21.0,11.0
12,0.13307692307692306,AM1,AmberTools,,,H,,13,[H:11][c:5]1[c:4]([c:3]([c:2]([c:7]([c:6]1[H:12])[H:13])[O:1][H:8])[H:9])[H:10],21.0,11.0
0,-0.254082559966124,AM1,OpenEye,,,O,,1,[H:11][c:5]1[c:4]([c:3]([c:2]([c:7]([c:6]1[H:12])[H:13])[O:1][H:8])[H:9])[H:10],21.0,12.0
1,0.0793921431669822,AM1,OpenEye,,,C,,2,[H:11][c:5]1[c:4]([c:3]([c:2]([c:7]([c:6]1[H:12])[H:13])[O:1][H:8])[H:9])[H:10],21.0,12.0
2,-0.15652029158977362,AM1,OpenEye,,,C,,3,[H:11][c:5]1[c:4]([c:3]([c:2]([c:7]([c:6]1[H:12])[H:13])[O:1][H:8])[H:9])[H:10],21.0,12.0
3,-0.096605628155745,AM1,OpenEye,,,C,,4,[H:11][c:5]1[c:4]([c:3]([c:2]([c:7]([c:6]1[H:12])[H:13])[O:1][H:8])[H:9])[H:10],21.0,12.0
4,-0.16706535162834021,AM1,OpenEye,,,C,,5,[H:11][c:5]1[c:4]([c:3]([c:2]([c:7]([c:6]1[H:12])[H:13])[O:1][H:8])[H:9])[H:10],21.0,12.0
5,-0.08993557038215491,AM1,OpenEye,,,C,,6,[H:11][c:5]1[c:4]([c:3]([c:2]([c:7]([c:6]1[H:12])[H:13])[O:1][H:8])[H:9])[H:10],21.0,12.0
6,-0.21574710252193305,AM1,OpenEye,,,C,,7,[H:11][c:5]1[c:4]([c:3]([c:2]([c:7]([c:6]1[H:12])[H:13])[O:1][H:8])[H:9])[H:10],21.0,12.0
7,0.21825580356212762,AM1,OpenEye,,,H,,8,[H:11][c:5]1[c:4]([c:3]([c:2]([c:7]([c:6]1[H:12])[H:13])[O:1][H:8])[H:9])[H:10],21.0,12.0
8,0.15064324495884088,AM1,OpenEye,,,H,,9,[H:11][c:5]1[c:4]([c:3]([c:2]([c:7]([c:6]1[H:12])[H:13])[O:1][H:8])[H:9])[H:10],21.0,12.0
9,0.13367208895774987,AM1,OpenEye,,,H,,10,[H:11][c:5]1[c:4]([c:3]([c:2]([c:7]([c:6]1[H:12])[H:13])[O:1][H:8])[H:9])[H:10],21.0,12.0
10,0.13286496756168512,AM1,OpenEye,,,H,,11,[H:11][c:5]1[c:4]([c:3]([c:2]([c:7]([c:6]1[H:12])[H:13])[O:1][H:8])[H:9])[H:10],21.0,12.0
11,0.13264548835846093,AM1,OpenEye,,,H,,12,[H:11][c:5]1[c:4]([c:3]([c:2]([c:7]([c:6]1[H:12])[H:13])[O:1][H:8])[H:9])[H:10],21.0,12.0
12,0.13248276767822412,AM1,OpenEye,,,H,,13,[H:11][c:5]1[c:4]([c:3]([c:2]([c:7]([c:6]1[H:12])[H:13])[O:1][H:8])[H:9])[H:10],21.0,12.0
0,-0.2529230769230769,AM1,AmberTools,,,O,,1,[H:11][c:5]1[c:4]([c:3]([c:2]([c:7]([c:6]1[H:12])[H:13])[O:1][H:8])[H:9])[H:10],21.0,12.0
1,0.07807692307692307,AM1,AmberTools,,,C,,2,[H:11][c:5]1[c:4]([c:3]([c:2]([c:7]([c:6]1[H:12])[H:13])[O:1][H:8])[H:9])[H:10],21.0,12.0
2,-0.15692307692307694,AM1,AmberTools,,,C,,3,[H:11][c:5]1[c:4]([c:3]([c:2]([c:7]([c:6]1[H:12])[H:13])[O:1][H:8])[H:9])[H:10],21.0,12.0
3,-0.09692307692307693,AM1,AmberTools,,,C,,4,[H:11][c:5]1[c:4]([c:3]([c:2]([c:7]([c:6]1[H:12])[H:13])[O:1][H:8])[H:9])[H:10],21.0,12.0
4,-0.16592307692307695,AM1,AmberTools,,,C,,5,[H:11][c:5]1[c:4]([c:3]([c:2]([c:7]([c:6]1[H:12])[H:13])[O:1][H:8])[H:9])[H:10],21.0,12.0
5,-0.09192307692307693,AM1,AmberTools,,,C,,6,[H:11][c:5]1[c:4]([c:3]([c:2]([c:7]([c:6]1[H:12])[H:13])[O:1][H:8])[H:9])[H:10],21.0,12.0
6,-0.21292307692307694,AM1,AmberTools,,,C,,7,[H:11][c:5]1[c:4]([c:3]([c:2]([c:7]([c:6]1[H:12])[H:13])[O:1][H:8])[H:9])[H:10],21.0,12.0
7,0.21707692307692306,AM1,AmberTools,,,H,,8,[H:11][c:5]1[c:4]([c:3]([c:2]([c:7]([c:6]1[H:12])[H:13])[O:1][H:8])[H:9])[H:10],21.0,12.0
8,0.15007692307692305,AM1,AmberTools,,,H,,9,[H:11][c:5]1[c:4]([c:3]([c:2]([c:7]([c:6]1[H:12])[H:13])[O:1][H:8])[H:9])[H:10],21.0,12.0
9,0.13407692307692307,AM1,AmberTools,,,H,,10,[H:11][c:5]1[c:4]([c:3]([c:2]([c:7]([c:6]1[H:12])[H:13])[O:1][H:8])[H:9])[H:10],21.0,12.0
10,0.13307692307692306,AM1,AmberTools,,,H,,11,[H:11][c:5]1[c:4]([c:3]([c:2]([c:7]([c:6]1[H:12])[H:13])[O:1][H:8])[H:9])[H:10],21.0,12.0
11,0.13207692307692306,AM1,AmberTools,,,H,,12,[H:11][c:5]1[c:4]([c:3]([c:2]([c:7]([c:6]1[H:12])[H:13])[O:1][H:8])[H:9])[H:10],21.0,12.0
12,0.13307692307692306,AM1,AmberTools,,,H,,13,[H:11][c:5]1[c:4]([c:3]([c:2]([c:7]([c:6]1[H:12])[H:13])[O:1][H:8])[H:9])[H:10],21.0,12.0
