{"resp_b": 0.1, "restrained_fit": true, "exclude_hydrogens": true, "convergence_tolerance": 1e-06, "max_iter": 500, "resp_a": 0.0005, "charge_constraints": {"charge_sum_constraints": [], "charge_equivalence_constraints": [], "molecules": [{"qcmol": {"schema_name": "qcschema_molecule", "schema_version": 2, "validated": true, "symbols": ["C", "C", "C", "C", "O", "C", "C", "O", "H", "H", "H", "H", "H", "H", "H", "H", "H", "H", "H", "H"], "geometry": [[0.0, 0.0, -0.0], [2.890539281427966, -0.0, 0.0], [4.088934814864097, 2.637123365524243, -3.885780586188048e-16], [3.5440066097905696, 4.229990873324424, -2.3241358526590794], [4.532932923630734, 2.9390128684618704, -4.470363097692176], [4.2398491214044345, 4.020826299125278, -6.7102704136605995], [5.377827648132125, 2.4421433665718686, -8.783902983175478], [3.204966179332883, 5.990955395920094, -7.012391789035379], [-0.7446933701068401, 1.07347806668125, 1.584516415265404], [-0.7233288503319312, -1.9134014799727308, 0.15056846412247243], [-0.7678527797587607, 0.8084648368342391, -1.7210818865119735], [3.5543878995898135, -0.9966617219453144, 1.6685295067815575], [3.579962396915235, -1.056097281705802, -1.616955789951952], [6.12422136768506, 2.453562984372042, 0.19378514733779678], [3.432484676992006, 3.6944253143782353, 1.6370759117685538], [1.5450340543632894, 4.542764197242593, -2.600568111888549], [4.444627953386659, 6.0595107577174065, -2.181373280069799], [7.376238113331346, 2.1687743531754773, -8.427502771786125], [4.494039109398251, 0.5945035964882799, -8.811600061286063], [5.108541332773283, 3.3729964602389177, -10.579544728485637]], "name": "C6H12O2", "identifiers": {"molecule_hash": "bf95fceedfd57b445c42b8b3699df048711d22a7", "molecular_formula": "C6H12O2"}, "molecular_charge": 0.0, "molecular_multiplicity": 1, "connectivity": [[0, 1, 1.0], [0, 8, 1.0], [0, 9, 1.0], [0, 10, 1.0], [1, 2, 1.0], [1, 11, 1.0], [1, 12, 1.0], [2, 3, 1.0], [2, 13, 1.0], [2, 14, 1.0], [3, 4, 1.0], [3, 15, 1.0], [3, 16, 1.0], [4, 5, 1.0], [5, 6, 1.0], [5, 7, 2.0], [6, 17, 1.0], [6, 18, 1.0], [6, 19, 1.0]], "fix_com": true, "fix_orientation": true, "provenance": {"creator": "QCElemental", "version": "v0.22.0", "routine": "qcelemental.molparse.from_schema"}, "id": "146956"}, "charge": 0, "optimize_geometry": false, "conformers": [], "conformer_generation_options": {"n_conformer_pool": 4000, "n_max_conformers": 0, "rms_tolerance": 0.05, "energy_window": 15, "keep_original_conformer": true}, "stage_1_unrestrained_charges": null, "stage_1_restrained_charges": null, "stage_2_unrestrained_charges": null, "stage_2_restrained_charges": null, "keep_original_orientation": false, "reorientations": [], "translations": [], "rotations": []}], "unconstrained_atoms": [{"index": 0, "molecule": {"qcmol": {"schema_name": "qcschema_molecule", "schema_version": 2, "validated": true, "symbols": ["C", "C", "C", "C", "O", "C", "C", "O", "H", "H", "H", "H", "H", "H", "H", "H", "H", "H", "H", "H"], "geometry": [[0.0, 0.0, -0.0], [2.890539281427966, -0.0, 0.0], [4.088934814864097, 2.637123365524243, -3.885780586188048e-16], [3.5440066097905696, 4.229990873324424, -2.3241358526590794], [4.532932923630734, 2.9390128684618704, -4.470363097692176], [4.2398491214044345, 4.020826299125278, -6.7102704136605995], [5.377827648132125, 2.4421433665718686, -8.783902983175478], [3.204966179332883, 5.990955395920094, -7.012391789035379], [-0.7446933701068401, 1.07347806668125, 1.584516415265404], [-0.7233288503319312, -1.9134014799727308, 0.15056846412247243], [-0.7678527797587607, 0.8084648368342391, -1.7210818865119735], [3.5543878995898135, -0.9966617219453144, 1.6685295067815575], [3.579962396915235, -1.056097281705802, -1.616955789951952], [6.12422136768506, 2.453562984372042, 0.19378514733779678], [3.432484676992006, 3.6944253143782353, 1.6370759117685538], [1.5450340543632894, 4.542764197242593, -2.600568111888549], [4.444627953386659, 6.0595107577174065, -2.181373280069799], [7.376238113331346, 2.1687743531754773, -8.427502771786125], [4.494039109398251, 0.5945035964882799, -8.811600061286063], [5.108541332773283, 3.3729964602389177, -10.579544728485637]], "name": "C6H12O2", "identifiers": {"molecule_hash": "bf95fceedfd57b445c42b8b3699df048711d22a7", "molecular_formula": "C6H12O2"}, "molecular_charge": 0.0, "molecular_multiplicity": 1, "connectivity": [[0, 1, 1.0], [0, 8, 1.0], [0, 9, 1.0], [0, 10, 1.0], [1, 2, 1.0], [1, 11, 1.0], [1, 12, 1.0], [2, 3, 1.0], [2, 13, 1.0], [2, 14, 1.0], [3, 4, 1.0], [3, 15, 1.0], [3, 16, 1.0], [4, 5, 1.0], [5, 6, 1.0], [5, 7, 2.0], [6, 17, 1.0], [6, 18, 1.0], [6, 19, 1.0]], "fix_com": true, "fix_orientation": true, "provenance": {"creator": "QCElemental", "version": "v0.22.0", "routine": "qcelemental.molparse.from_schema"}, "id": "146956"}, "charge": 0, "optimize_geometry": false, "conformers": [], "conformer_generation_options": {"n_conformer_pool": 4000, "n_max_conformers": 0, "rms_tolerance": 0.05, "energy_window": 15, "keep_original_conformer": true}, "stage_1_unrestrained_charges": null, "stage_1_restrained_charges": null, "stage_2_unrestrained_charges": null, "stage_2_restrained_charges": null, "keep_original_orientation": false, "reorientations": [], "translations": [], "rotations": []}}, {"index": 1, "molecule": {"qcmol": {"schema_name": "qcschema_molecule", "schema_version": 2, "validated": true, "symbols": ["C", "C", "C", "C", "O", "C", "C", "O", "H", "H", "H", "H", "H", "H", "H", "H", "H", "H", "H", "H"], "geometry": [[0.0, 0.0, -0.0], [2.890539281427966, -0.0, 0.0], [4.088934814864097, 2.637123365524243, -3.885780586188048e-16], [3.5440066097905696, 4.229990873324424, -2.3241358526590794], [4.532932923630734, 2.9390128684618704, -4.470363097692176], [4.2398491214044345, 4.020826299125278, -6.7102704136605995], [5.377827648132125, 2.4421433665718686, -8.783902983175478], [3.204966179332883, 5.990955395920094, -7.012391789035379], [-0.7446933701068401, 1.07347806668125, 1.584516415265404], [-0.7233288503319312, -1.9134014799727308, 0.15056846412247243], [-0.7678527797587607, 0.8084648368342391, -1.7210818865119735], [3.5543878995898135, -0.9966617219453144, 1.6685295067815575], [3.579962396915235, -1.056097281705802, -1.616955789951952], [6.12422136768506, 2.453562984372042, 0.19378514733779678], [3.432484676992006, 3.6944253143782353, 1.6370759117685538], [1.5450340543632894, 4.542764197242593, -2.600568111888549], [4.444627953386659, 6.0595107577174065, -2.181373280069799], [7.376238113331346, 2.1687743531754773, -8.427502771786125], [4.494039109398251, 0.5945035964882799, -8.811600061286063], [5.108541332773283, 3.3729964602389177, -10.579544728485637]], "name": "C6H12O2", "identifiers": {"molecule_hash": "bf95fceedfd57b445c42b8b3699df048711d22a7", "molecular_formula": "C6H12O2"}, "molecular_charge": 0.0, "molecular_multiplicity": 1, "connectivity": [[0, 1, 1.0], [0, 8, 1.0], [0, 9, 1.0], [0, 10, 1.0], [1, 2, 1.0], [1, 11, 1.0], [1, 12, 1.0], [2, 3, 1.0], [2, 13, 1.0], [2, 14, 1.0], [3, 4, 1.0], [3, 15, 1.0], [3, 16, 1.0], [4, 5, 1.0], [5, 6, 1.0], [5, 7, 2.0], [6, 17, 1.0], [6, 18, 1.0], [6, 19, 1.0]], "fix_com": true, "fix_orientation": true, "provenance": {"creator": "QCElemental", "version": "v0.22.0", "routine": "qcelemental.molparse.from_schema"}, "id": "146956"}, "charge": 0, "optimize_geometry": false, "conformers": [], "conformer_generation_options": {"n_conformer_pool": 4000, "n_max_conformers": 0, "rms_tolerance": 0.05, "energy_window": 15, "keep_original_conformer": true}, "stage_1_unrestrained_charges": null, "stage_1_restrained_charges": null, "stage_2_unrestrained_charges": null, "stage_2_restrained_charges": null, "keep_original_orientation": false, "reorientations": [], "translations": [], "rotations": []}}, {"index": 2, "molecule": {"qcmol": {"schema_name": "qcschema_molecule", "schema_version": 2, "validated": true, "symbols": ["C", "C", "C", "C", "O", "C", "C", "O", "H", "H", "H", "H", "H", "H", "H", "H", "H", "H", "H", "H"], "geometry": [[0.0, 0.0, -0.0], [2.890539281427966, -0.0, 0.0], [4.088934814864097, 2.637123365524243, -3.885780586188048e-16], [3.5440066097905696, 4.229990873324424, -2.3241358526590794], [4.532932923630734, 2.9390128684618704, -4.470363097692176], [4.2398491214044345, 4.020826299125278, -6.7102704136605995], [5.377827648132125, 2.4421433665718686, -8.783902983175478], [3.204966179332883, 5.990955395920094, -7.012391789035379], [-0.7446933701068401, 1.07347806668125, 1.584516415265404], [-0.7233288503319312, -1.9134014799727308, 0.15056846412247243], [-0.7678527797587607, 0.8084648368342391, -1.7210818865119735], [3.5543878995898135, -0.9966617219453144, 1.6685295067815575], [3.579962396915235, -1.056097281705802, -1.616955789951952], [6.12422136768506, 2.453562984372042, 0.19378514733779678], [3.432484676992006, 3.6944253143782353, 1.6370759117685538], [1.5450340543632894, 4.542764197242593, -2.600568111888549], [4.444627953386659, 6.0595107577174065, -2.181373280069799], [7.376238113331346, 2.1687743531754773, -8.427502771786125], [4.494039109398251, 0.5945035964882799, -8.811600061286063], [5.108541332773283, 3.3729964602389177, -10.579544728485637]], "name": "C6H12O2", "identifiers": {"molecule_hash": "bf95fceedfd57b445c42b8b3699df048711d22a7", "molecular_formula": "C6H12O2"}, "molecular_charge": 0.0, "molecular_multiplicity": 1, "connectivity": [[0, 1, 1.0], [0, 8, 1.0], [0, 9, 1.0], [0, 10, 1.0], [1, 2, 1.0], [1, 11, 1.0], [1, 12, 1.0], [2, 3, 1.0], [2, 13, 1.0], [2, 14, 1.0], [3, 4, 1.0], [3, 15, 1.0], [3, 16, 1.0], [4, 5, 1.0], [5, 6, 1.0], [5, 7, 2.0], [6, 17, 1.0], [6, 18, 1.0], [6, 19, 1.0]], "fix_com": true, "fix_orientation": true, "provenance": {"creator": "QCElemental", "version": "v0.22.0", "routine": "qcelemental.molparse.from_schema"}, "id": "146956"}, "charge": 0, "optimize_geometry": false, "conformers": [], "conformer_generation_options": {"n_conformer_pool": 4000, "n_max_conformers": 0, "rms_tolerance": 0.05, "energy_window": 15, "keep_original_conformer": true}, "stage_1_unrestrained_charges": null, "stage_1_restrained_charges": null, "stage_2_unrestrained_charges": null, "stage_2_restrained_charges": null, "keep_original_orientation": false, "reorientations": [], "translations": [], "rotations": []}}, {"index": 3, "molecule": {"qcmol": {"schema_name": "qcschema_molecule", "schema_version": 2, "validated": true, "symbols": ["C", "C", "C", "C", "O", "C", "C", "O", "H", "H", "H", "H", "H", "H", "H", "H", "H", "H", "H", "H"], "geometry": [[0.0, 0.0, -0.0], [2.890539281427966, -0.0, 0.0], [4.088934814864097, 2.637123365524243, -3.885780586188048e-16], [3.5440066097905696, 4.229990873324424, -2.3241358526590794], [4.532932923630734, 2.9390128684618704, -4.470363097692176], [4.2398491214044345, 4.020826299125278, -6.7102704136605995], [5.377827648132125, 2.4421433665718686, -8.783902983175478], [3.204966179332883, 5.990955395920094, -7.012391789035379], [-0.7446933701068401, 1.07347806668125, 1.584516415265404], [-0.7233288503319312, -1.9134014799727308, 0.15056846412247243], [-0.7678527797587607, 0.8084648368342391, -1.7210818865119735], [3.5543878995898135, -0.9966617219453144, 1.6685295067815575], [3.579962396915235, -1.056097281705802, -1.616955789951952], [6.12422136768506, 2.453562984372042, 0.19378514733779678], [3.432484676992006, 3.6944253143782353, 1.6370759117685538], [1.5450340543632894, 4.542764197242593, -2.600568111888549], [4.444627953386659, 6.0595107577174065, -2.181373280069799], [7.376238113331346, 2.1687743531754773, -8.427502771786125], [4.494039109398251, 0.5945035964882799, -8.811600061286063], [5.108541332773283, 3.3729964602389177, -10.579544728485637]], "name": "C6H12O2", "identifiers": {"molecule_hash": "bf95fceedfd57b445c42b8b3699df048711d22a7", "molecular_formula": "C6H12O2"}, "molecular_charge": 0.0, "molecular_multiplicity": 1, "connectivity": [[0, 1, 1.0], [0, 8, 1.0], [0, 9, 1.0], [0, 10, 1.0], [1, 2, 1.0], [1, 11, 1.0], [1, 12, 1.0], [2, 3, 1.0], [2, 13, 1.0], [2, 14, 1.0], [3, 4, 1.0], [3, 15, 1.0], [3, 16, 1.0], [4, 5, 1.0], [5, 6, 1.0], [5, 7, 2.0], [6, 17, 1.0], [6, 18, 1.0], [6, 19, 1.0]], "fix_com": true, "fix_orientation": true, "provenance": {"creator": "QCElemental", "version": "v0.22.0", "routine": "qcelemental.molparse.from_schema"}, "id": "146956"}, "charge": 0, "optimize_geometry": false, "conformers": [], "conformer_generation_options": {"n_conformer_pool": 4000, "n_max_conformers": 0, "rms_tolerance": 0.05, "energy_window": 15, "keep_original_conformer": true}, "stage_1_unrestrained_charges": null, "stage_1_restrained_charges": null, "stage_2_unrestrained_charges": null, "stage_2_restrained_charges": null, "keep_original_orientation": false, "reorientations": [], "translations": [], "rotations": []}}, {"index": 6, "molecule": {"qcmol": {"schema_name": "qcschema_molecule", "schema_version": 2, "validated": true, "symbols": ["C", "C", "C", "C", "O", "C", "C", "O", "H", "H", "H", "H", "H", "H", "H", "H", "H", "H", "H", "H"], "geometry": [[0.0, 0.0, -0.0], [2.890539281427966, -0.0, 0.0], [4.088934814864097, 2.637123365524243, -3.885780586188048e-16], [3.5440066097905696, 4.229990873324424, -2.3241358526590794], [4.532932923630734, 2.9390128684618704, -4.470363097692176], [4.2398491214044345, 4.020826299125278, -6.7102704136605995], [5.377827648132125, 2.4421433665718686, -8.783902983175478], [3.204966179332883, 5.990955395920094, -7.012391789035379], [-0.7446933701068401, 1.07347806668125, 1.584516415265404], [-0.7233288503319312, -1.9134014799727308, 0.15056846412247243], [-0.7678527797587607, 0.8084648368342391, -1.7210818865119735], [3.5543878995898135, -0.9966617219453144, 1.6685295067815575], [3.579962396915235, -1.056097281705802, -1.616955789951952], [6.12422136768506, 2.453562984372042, 0.19378514733779678], [3.432484676992006, 3.6944253143782353, 1.6370759117685538], [1.5450340543632894, 4.542764197242593, -2.600568111888549], [4.444627953386659, 6.0595107577174065, -2.181373280069799], [7.376238113331346, 2.1687743531754773, -8.427502771786125], [4.494039109398251, 0.5945035964882799, -8.811600061286063], [5.108541332773283, 3.3729964602389177, -10.579544728485637]], "name": "C6H12O2", "identifiers": {"molecule_hash": "bf95fceedfd57b445c42b8b3699df048711d22a7", "molecular_formula": "C6H12O2"}, "molecular_charge": 0.0, "molecular_multiplicity": 1, "connectivity": [[0, 1, 1.0], [0, 8, 1.0], [0, 9, 1.0], [0, 10, 1.0], [1, 2, 1.0], [1, 11, 1.0], [1, 12, 1.0], [2, 3, 1.0], [2, 13, 1.0], [2, 14, 1.0], [3, 4, 1.0], [3, 15, 1.0], [3, 16, 1.0], [4, 5, 1.0], [5, 6, 1.0], [5, 7, 2.0], [6, 17, 1.0], [6, 18, 1.0], [6, 19, 1.0]], "fix_com": true, "fix_orientation": true, "provenance": {"creator": "QCElemental", "version": "v0.22.0", "routine": "qcelemental.molparse.from_schema"}, "id": "146956"}, "charge": 0, "optimize_geometry": false, "conformers": [], "conformer_generation_options": {"n_conformer_pool": 4000, "n_max_conformers": 0, "rms_tolerance": 0.05, "energy_window": 15, "keep_original_conformer": true}, "stage_1_unrestrained_charges": null, "stage_1_restrained_charges": null, "stage_2_unrestrained_charges": null, "stage_2_restrained_charges": null, "keep_original_orientation": false, "reorientations": [], "translations": [], "rotations": []}}]}, "surface_constraints": {"matrix": [[317782040788596.1, 308240482193124.6, 296666704623023.8, 287466381416648.06, 277739889928185.72, 259588157448910.9, 241864393934852.25, 254143777146076.03, 318130836690610.75, 318791215230401.25, 319775575889681.56, 306389853855090.0, 307252891170495.1, 294952403661835.5, 293008606260615.7, 285366079886433.2, 287629917356640.94, 236608177737627.9, 233536748862575.16, 240878851719756.03], [308240482193124.6, 316642269827539.94, 309030466575427.25, 298455822070870.4, 290047304908999.06, 271563864847454.6, 253235672893942.56, 265696740616682.8, 304265968090777.6, 304767658862698.56, 305549039291589.5, 319997573147576.8, 320895870222944.75, 307870280779679.4, 308496025345879.44, 295832240474179.4, 296922132986787.6, 247307837594087.4, 244427450489239.03, 252675171363683.1], [296666704623023.8, 309030466575427.25, 318523240640342.3, 311543496590195.3, 305561601312053.1, 287593159435684.06, 268307541230875.62, 281922306683781.1, 290099822045828.2, 291481463717266.6, 296137238945669.6, 307741729252078.3, 308425389743432.5, 322529955817688.8, 322932816524698.06, 309741080429952.94, 309284412444032.06, 263384924486934.47, 258144359445497.12, 266930472352182.2], [287466381416648.06, 298455822070870.4, 311543496590195.3, 320660943207200.1, 317074630838127.0, 304171213852544.6, 283570443826852.56, 301795515118231.4, 279574081706470.16, 282950607462067.2, 288888502364773.6, 294261033920434.3, 297439513525760.7, 311035857603956.3, 311256279346890.56, 323962640953563.7, 323327467172097.75, 278612719597156.16, 273464469497716.7, 280819737265832.9], [277739889928185.72, 290047304908999.06, 305561601312053.1, 317074630838127.0, 328704755377451.7, 317970745799988.56, 306034197473663.8, 309122624713196.5, 268563273136685.94, 273250889018867.22, 279639280097995.28, 284703706178378.4, 290007380730656.8, 303123677874287.25, 307508810871046.9, 315825682056551.5, 314694501476425.6, 303117792681259.8, 296271862405852.8, 305779587467067.3], [259588157448910.9, 271563864847454.6, 287593159435684.06, 304171213852544.6, 317970745799988.56, 320506143860663.06, 311718938085076.94, 318798945855017.94, 250832554452409.94, 254956619655606.78, 261864034504794.0, 266450698263619.5, 271020519525064.3, 283754189166888.06, 288434619865934.56, 302289455913317.6, 305326659235809.3, 307565465037470.7, 307103060394934.56, 309100104889773.94], [241864393934852.25, 253235672893942.56, 268307541230875.62, 283570443826852.56, 306034197473663.8, 311718938085076.94, 319513492096218.9, 302570712954664.4, 233212142638071.22, 237990636803888.22, 243900740384318.47, 248088969341666.4, 253575782844090.4, 264051669679919.75, 269949863280300.06, 279086204225142.53, 280802790021940.78, 319328377638892.6, 318932047113700.3, 320933175181808.2], [254143777146076.03, 265696740616682.8, 281922306683781.1, 301795515118231.4, 309122624713196.5, 318798945855017.94, 302570712954664.4, 330162411493258.4, 245768569350958.84, 249069932350858.88, 256990531240335.8, 260838672889530.62, 264300268292026.94, 277783053408871.94, 281397832100168.56, 301783034673733.4, 308563993775456.4, 295384362923311.75, 300087696554246.25, 295809276104919.9], [318130836690610.75, 304265968090777.6, 290099822045828.2, 279574081706470.16, 268563273136685.94, 250832554452409.94, 233212142638071.22, 245768569350958.84, 331767008794496.56, 314328395094631.94, 315273102409228.1, 302492461364649.06, 302148027452182.3, 287845641848899.2, 286460412644064.44, 276162889892209.9, 281129019724361.5, 228423053678310.12, 224970961080602.88, 231930474350843.3], [318791215230401.25, 304767658862698.56, 291481463717266.6, 282950607462067.2, 273250889018867.22, 254956619655606.78, 237990636803888.22, 249069932350858.88, 314328395094631.94, 333033108274913.6, 316143192435868.94, 300885625896654.44, 303910402089460.75, 289525287618403.5, 286459482571910.9, 281888478129144.4, 282654974313077.4, 232555089413463.8, 230053044333394.3, 237417456131537.06], [319775575889681.56, 305549039291589.5, 296137238945669.6, 288888502364773.6, 279639280097995.28, 261864034504794.0, 243900740384318.47, 256990531240335.8, 315273102409228.1, 316143192435868.94, 335369754268818.44, 301533378535233.4, 301422738800118.2, 294842674093196.4, 291819834692611.75, 287521621940179.94, 289452466544701.3, 238851189887189.12, 235498498241376.9, 242578544330588.2], [306389853855090.0, 319997573147576.8, 307741729252078.3, 294261033920434.3, 284703706178378.4, 266450698263619.5, 248088969341666.4, 260838672889530.62, 302492461364649.06, 300885625896654.44, 301533378535233.4, 336261986166517.75, 319278367185012.94, 307455887055472.0, 305064547256975.06, 291210469099691.25, 292181639431958.75, 241394186138985.78, 239036162156380.16, 248665648880643.12], [307252891170495.1, 320895870222944.75, 308425389743432.5, 297439513525760.7, 290007380730656.8, 271020519525064.3, 253575782844090.4, 264300268292026.94, 302148027452182.3, 303910402089460.75, 301422738800118.2, 319278367185012.94, 338276738601273.44, 302803738244530.6, 308844665922616.94, 294259479806615.9, 295500076628131.56, 247248587641289.75, 245757217296869.94, 253054165052316.28], [294952403661835.5, 307870280779679.4, 322529955817688.8, 311035857603956.3, 303123677874287.25, 283754189166888.06, 264051669679919.75, 277783053408871.94, 287845641848899.2, 289525287618403.5, 294842674093196.4, 307455887055472.0, 302803738244530.6, 339400249088959.44, 321928113832358.9, 308415938776580.7, 307529721745984.3, 259733218130619.38, 253326618341511.28, 262468223879318.6], [293008606260615.7, 308496025345879.44, 322932816524698.06, 311256279346890.56, 307508810871046.9, 288434619865934.56, 269949863280300.06, 281397832100168.56, 286460412644064.44, 286459482571910.9, 291819834692611.75, 305064547256975.06, 308844665922616.94, 321928113832358.9, 340077341101216.7, 307119433871301.6, 305938159194230.7, 265355499716169.44, 259455485943108.78, 268979633040020.03], [285366079886433.2, 295832240474179.4, 309741080429952.94, 323962640953563.7, 315825682056551.5, 302289455913317.6, 279086204225142.53, 301783034673733.4, 276162889892209.9, 281888478129144.4, 287521621940179.94, 291210469099691.25, 294259479806615.9, 308415938776580.7, 307119433871301.6, 339746716639800.25, 321852630252363.3, 273775591635579.0, 267798578076685.47, 276352865588492.75], [287629917356640.94, 296922132986787.6, 309284412444032.06, 323327467172097.75, 314694501476425.6, 305326659235809.3, 280802790021940.78, 308563993775456.4, 281129019724361.5, 282654974313077.4, 289452466544701.3, 292181639431958.75, 295500076628131.56, 307529721745984.3, 305938159194230.7, 321852630252363.3, 338696203276110.4, 274966606515441.44, 271886925078075.28, 275359140191170.72], [236608177737627.9, 247307837594087.4, 263384924486934.47, 278612719597156.16, 303117792681259.8, 307565465037470.7, 319328377638892.6, 295384362923311.75, 228423053678310.12, 232555089413463.8, 238851189887189.12, 241394186138985.78, 247248587641289.75, 259733218130619.38, 265355499716169.44, 273775591635579.0, 274966606515441.44, 332843002840431.7, 313515600307120.25, 315756846663291.6], [233536748862575.16, 244427450489239.03, 258144359445497.12, 273464469497716.7, 296271862405852.8, 307103060394934.56, 318932047113700.3, 300087696554246.25, 224970961080602.88, 230053044333394.3, 235498498241376.9, 239036162156380.16, 245757217296869.94, 253326618341511.28, 259455485943108.78, 267798578076685.47, 271886925078075.28, 313515600307120.25, 331947046909261.9, 315125196186448.3], [240878851719756.03, 252675171363683.1, 266930472352182.2, 280819737265832.9, 305779587467067.3, 309100104889773.94, 320933175181808.2, 295809276104919.9, 231930474350843.3, 237417456131537.06, 242578544330588.2, 248665648880643.12, 253054165052316.28, 262468223879318.6, 268979633040020.03, 276352865588492.75, 275359140191170.72, 315756846663291.6, 315125196186448.3, 336113203499712.06], [2564541752802.978, 2417570233946.5093, 1365310948220.0024, -850186434634.1957, -1251872289217.4158, -3793728920049.7476, -988850762544.7687, -8556518355035.929, 2842317302635.904, 2813294114317.7197, 2107801487992.3777, 2800472597549.5044, 2622693049792.4985, 1902373375987.3955, 1419685668578.4675, -866980449811.1294, -2084245308633.562, 120272663486.03029, -1259252474958.8728, 512077215816.4982]]}}