{"resp_b": 0.1, "restrained_fit": true, "exclude_hydrogens": true, "convergence_tolerance": 1e-06, "max_iter": 500, "resp_a": 0.0005, "charge_constraints": {"charge_sum_constraints": [], "charge_equivalence_constraints": [], "molecules": [{"qcmol": {"schema_name": "qcschema_molecule", "schema_version": 2, "validated": true, "symbols": ["C", "C", "C", "C", "O", "C", "C", "O", "H", "H", "H", "H", "H", "H", "H", "H", "H", "H", "H", "H"], "geometry": [[0.0, 0.0, -0.0], [2.890539281427966, -0.0, 0.0], [4.088934814864097, 2.637123365524243, -3.885780586188048e-16], [3.5440066097905696, 4.229990873324424, -2.3241358526590794], [4.532932923630734, 2.9390128684618704, -4.470363097692176], [4.2398491214044345, 4.020826299125278, -6.7102704136605995], [5.377827648132125, 2.4421433665718686, -8.783902983175478], [3.204966179332883, 5.990955395920094, -7.012391789035379], [-0.7446933701068401, 1.07347806668125, 1.584516415265404], [-0.7233288503319312, -1.9134014799727308, 0.15056846412247243], [-0.7678527797587607, 0.8084648368342391, -1.7210818865119735], [3.5543878995898135, -0.9966617219453144, 1.6685295067815575], [3.579962396915235, -1.056097281705802, -1.616955789951952], [6.12422136768506, 2.453562984372042, 0.19378514733779678], [3.432484676992006, 3.6944253143782353, 1.6370759117685538], [1.5450340543632894, 4.542764197242593, -2.600568111888549], [4.444627953386659, 6.0595107577174065, -2.181373280069799], [7.376238113331346, 2.1687743531754773, -8.427502771786125], [4.494039109398251, 0.5945035964882799, -8.811600061286063], [5.108541332773283, 3.3729964602389177, -10.579544728485637]], "name": "C6H12O2", "identifiers": {"molecule_hash": "bf95fceedfd57b445c42b8b3699df048711d22a7", "molecular_formula": "C6H12O2"}, "molecular_charge": 0.0, "molecular_multiplicity": 1, "connectivity": [[0, 1, 1.0], [0, 8, 1.0], [0, 9, 1.0], [0, 10, 1.0], [1, 2, 1.0], [1, 11, 1.0], [1, 12, 1.0], [2, 3, 1.0], [2, 13, 1.0], [2, 14, 1.0], [3, 4, 1.0], [3, 15, 1.0], [3, 16, 1.0], [4, 5, 1.0], [5, 6, 1.0], [5, 7, 2.0], [6, 17, 1.0], [6, 18, 1.0], [6, 19, 1.0]], "fix_com": true, "fix_orientation": true, "provenance": {"creator": "QCElemental", "version": "v0.22.0", "routine": "qcelemental.molparse.from_schema"}, "id": "146956"}, "charge": 0, "optimize_geometry": false, "conformers": [], "conformer_generation_options": {"n_conformer_pool": 4000, "n_max_conformers": 0, "rms_tolerance": 0.05, "energy_window": 15, "keep_original_conformer": true}, "stage_1_unrestrained_charges": null, "stage_1_restrained_charges": null, "stage_2_unrestrained_charges": null, "stage_2_restrained_charges": null, "keep_original_orientation": false, "reorientations": [], "translations": [], "rotations": []}], "unconstrained_atoms": [{"index": 0, "molecule": {"qcmol": {"schema_name": "qcschema_molecule", "schema_version": 2, "validated": true, "symbols": ["C", "C", "C", "C", "O", "C", "C", "O", "H", "H", "H", "H", "H", "H", "H", "H", "H", "H", "H", "H"], "geometry": [[0.0, 0.0, -0.0], [2.890539281427966, -0.0, 0.0], [4.088934814864097, 2.637123365524243, -3.885780586188048e-16], [3.5440066097905696, 4.229990873324424, -2.3241358526590794], [4.532932923630734, 2.9390128684618704, -4.470363097692176], [4.2398491214044345, 4.020826299125278, -6.7102704136605995], [5.377827648132125, 2.4421433665718686, -8.783902983175478], [3.204966179332883, 5.990955395920094, -7.012391789035379], [-0.7446933701068401, 1.07347806668125, 1.584516415265404], [-0.7233288503319312, -1.9134014799727308, 0.15056846412247243], [-0.7678527797587607, 0.8084648368342391, -1.7210818865119735], [3.5543878995898135, -0.9966617219453144, 1.6685295067815575], [3.579962396915235, -1.056097281705802, -1.616955789951952], [6.12422136768506, 2.453562984372042, 0.19378514733779678], [3.432484676992006, 3.6944253143782353, 1.6370759117685538], [1.5450340543632894, 4.542764197242593, -2.600568111888549], [4.444627953386659, 6.0595107577174065, -2.181373280069799], [7.376238113331346, 2.1687743531754773, -8.427502771786125], [4.494039109398251, 0.5945035964882799, -8.811600061286063], [5.108541332773283, 3.3729964602389177, -10.579544728485637]], "name": "C6H12O2", "identifiers": {"molecule_hash": "bf95fceedfd57b445c42b8b3699df048711d22a7", "molecular_formula": "C6H12O2"}, "molecular_charge": 0.0, "molecular_multiplicity": 1, "connectivity": [[0, 1, 1.0], [0, 8, 1.0], [0, 9, 1.0], [0, 10, 1.0], [1, 2, 1.0], [1, 11, 1.0], [1, 12, 1.0], [2, 3, 1.0], [2, 13, 1.0], [2, 14, 1.0], [3, 4, 1.0], [3, 15, 1.0], [3, 16, 1.0], [4, 5, 1.0], [5, 6, 1.0], [5, 7, 2.0], [6, 17, 1.0], [6, 18, 1.0], [6, 19, 1.0]], "fix_com": true, "fix_orientation": true, "provenance": {"creator": "QCElemental", "version": "v0.22.0", "routine": "qcelemental.molparse.from_schema"}, "id": "146956"}, "charge": 0, "optimize_geometry": false, "conformers": [], "conformer_generation_options": {"n_conformer_pool": 4000, "n_max_conformers": 0, "rms_tolerance": 0.05, "energy_window": 15, "keep_original_conformer": true}, "stage_1_unrestrained_charges": null, "stage_1_restrained_charges": null, "stage_2_unrestrained_charges": null, "stage_2_restrained_charges": null, "keep_original_orientation": false, "reorientations": [], "translations": [], "rotations": []}}, {"index": 1, "molecule": {"qcmol": {"schema_name": "qcschema_molecule", "schema_version": 2, "validated": true, "symbols": ["C", "C", "C", "C", "O", "C", "C", "O", "H", "H", "H", "H", "H", "H", "H", "H", "H", "H", "H", "H"], "geometry": [[0.0, 0.0, -0.0], [2.890539281427966, -0.0, 0.0], [4.088934814864097, 2.637123365524243, -3.885780586188048e-16], [3.5440066097905696, 4.229990873324424, -2.3241358526590794], [4.532932923630734, 2.9390128684618704, -4.470363097692176], [4.2398491214044345, 4.020826299125278, -6.7102704136605995], [5.377827648132125, 2.4421433665718686, -8.783902983175478], [3.204966179332883, 5.990955395920094, -7.012391789035379], [-0.7446933701068401, 1.07347806668125, 1.584516415265404], [-0.7233288503319312, -1.9134014799727308, 0.15056846412247243], [-0.7678527797587607, 0.8084648368342391, -1.7210818865119735], [3.5543878995898135, -0.9966617219453144, 1.6685295067815575], [3.579962396915235, -1.056097281705802, -1.616955789951952], [6.12422136768506, 2.453562984372042, 0.19378514733779678], [3.432484676992006, 3.6944253143782353, 1.6370759117685538], [1.5450340543632894, 4.542764197242593, -2.600568111888549], [4.444627953386659, 6.0595107577174065, -2.181373280069799], [7.376238113331346, 2.1687743531754773, -8.427502771786125], [4.494039109398251, 0.5945035964882799, -8.811600061286063], [5.108541332773283, 3.3729964602389177, -10.579544728485637]], "name": "C6H12O2", "identifiers": {"molecule_hash": "bf95fceedfd57b445c42b8b3699df048711d22a7", "molecular_formula": "C6H12O2"}, "molecular_charge": 0.0, "molecular_multiplicity": 1, "connectivity": [[0, 1, 1.0], [0, 8, 1.0], [0, 9, 1.0], [0, 10, 1.0], [1, 2, 1.0], [1, 11, 1.0], [1, 12, 1.0], [2, 3, 1.0], [2, 13, 1.0], [2, 14, 1.0], [3, 4, 1.0], [3, 15, 1.0], [3, 16, 1.0], [4, 5, 1.0], [5, 6, 1.0], [5, 7, 2.0], [6, 17, 1.0], [6, 18, 1.0], [6, 19, 1.0]], "fix_com": true, "fix_orientation": true, "provenance": {"creator": "QCElemental", "version": "v0.22.0", "routine": "qcelemental.molparse.from_schema"}, "id": "146956"}, "charge": 0, "optimize_geometry": false, "conformers": [], "conformer_generation_options": {"n_conformer_pool": 4000, "n_max_conformers": 0, "rms_tolerance": 0.05, "energy_window": 15, "keep_original_conformer": true}, "stage_1_unrestrained_charges": null, "stage_1_restrained_charges": null, "stage_2_unrestrained_charges": null, "stage_2_restrained_charges": null, "keep_original_orientation": false, "reorientations": [], "translations": [], "rotations": []}}, {"index": 2, "molecule": {"qcmol": {"schema_name": "qcschema_molecule", "schema_version": 2, "validated": true, "symbols": ["C", "C", "C", "C", "O", "C", "C", "O", "H", "H", "H", "H", "H", "H", "H", "H", "H", "H", "H", "H"], "geometry": [[0.0, 0.0, -0.0], [2.890539281427966, -0.0, 0.0], [4.088934814864097, 2.637123365524243, -3.885780586188048e-16], [3.5440066097905696, 4.229990873324424, -2.3241358526590794], [4.532932923630734, 2.9390128684618704, -4.470363097692176], [4.2398491214044345, 4.020826299125278, -6.7102704136605995], [5.377827648132125, 2.4421433665718686, -8.783902983175478], [3.204966179332883, 5.990955395920094, -7.012391789035379], [-0.7446933701068401, 1.07347806668125, 1.584516415265404], [-0.7233288503319312, -1.9134014799727308, 0.15056846412247243], [-0.7678527797587607, 0.8084648368342391, -1.7210818865119735], [3.5543878995898135, -0.9966617219453144, 1.6685295067815575], [3.579962396915235, -1.056097281705802, -1.616955789951952], [6.12422136768506, 2.453562984372042, 0.19378514733779678], [3.432484676992006, 3.6944253143782353, 1.6370759117685538], [1.5450340543632894, 4.542764197242593, -2.600568111888549], [4.444627953386659, 6.0595107577174065, -2.181373280069799], [7.376238113331346, 2.1687743531754773, -8.427502771786125], [4.494039109398251, 0.5945035964882799, -8.811600061286063], [5.108541332773283, 3.3729964602389177, -10.579544728485637]], "name": "C6H12O2", "identifiers": {"molecule_hash": "bf95fceedfd57b445c42b8b3699df048711d22a7", "molecular_formula": "C6H12O2"}, "molecular_charge": 0.0, "molecular_multiplicity": 1, "connectivity": [[0, 1, 1.0], [0, 8, 1.0], [0, 9, 1.0], [0, 10, 1.0], [1, 2, 1.0], [1, 11, 1.0], [1, 12, 1.0], [2, 3, 1.0], [2, 13, 1.0], [2, 14, 1.0], [3, 4, 1.0], [3, 15, 1.0], [3, 16, 1.0], [4, 5, 1.0], [5, 6, 1.0], [5, 7, 2.0], [6, 17, 1.0], [6, 18, 1.0], [6, 19, 1.0]], "fix_com": true, "fix_orientation": true, "provenance": {"creator": "QCElemental", "version": "v0.22.0", "routine": "qcelemental.molparse.from_schema"}, "id": "146956"}, "charge": 0, "optimize_geometry": false, "conformers": [], "conformer_generation_options": {"n_conformer_pool": 4000, "n_max_conformers": 0, "rms_tolerance": 0.05, "energy_window": 15, "keep_original_conformer": true}, "stage_1_unrestrained_charges": null, "stage_1_restrained_charges": null, "stage_2_unrestrained_charges": null, "stage_2_restrained_charges": null, "keep_original_orientation": false, "reorientations": [], "translations": [], "rotations": []}}, {"index": 3, "molecule": {"qcmol": {"schema_name": "qcschema_molecule", "schema_version": 2, "validated": true, "symbols": ["C", "C", "C", "C", "O", "C", "C", "O", "H", "H", "H", "H", "H", "H", "H", "H", "H", "H", "H", "H"], "geometry": [[0.0, 0.0, -0.0], [2.890539281427966, -0.0, 0.0], [4.088934814864097, 2.637123365524243, -3.885780586188048e-16], [3.5440066097905696, 4.229990873324424, -2.3241358526590794], [4.532932923630734, 2.9390128684618704, -4.470363097692176], [4.2398491214044345, 4.020826299125278, -6.7102704136605995], [5.377827648132125, 2.4421433665718686, -8.783902983175478], [3.204966179332883, 5.990955395920094, -7.012391789035379], [-0.7446933701068401, 1.07347806668125, 1.584516415265404], [-0.7233288503319312, -1.9134014799727308, 0.15056846412247243], [-0.7678527797587607, 0.8084648368342391, -1.7210818865119735], [3.5543878995898135, -0.9966617219453144, 1.6685295067815575], [3.579962396915235, -1.056097281705802, -1.616955789951952], [6.12422136768506, 2.453562984372042, 0.19378514733779678], [3.432484676992006, 3.6944253143782353, 1.6370759117685538], [1.5450340543632894, 4.542764197242593, -2.600568111888549], [4.444627953386659, 6.0595107577174065, -2.181373280069799], [7.376238113331346, 2.1687743531754773, -8.427502771786125], [4.494039109398251, 0.5945035964882799, -8.811600061286063], [5.108541332773283, 3.3729964602389177, -10.579544728485637]], "name": "C6H12O2", "identifiers": {"molecule_hash": "bf95fceedfd57b445c42b8b3699df048711d22a7", "molecular_formula": "C6H12O2"}, "molecular_charge": 0.0, "molecular_multiplicity": 1, "connectivity": [[0, 1, 1.0], [0, 8, 1.0], [0, 9, 1.0], [0, 10, 1.0], [1, 2, 1.0], [1, 11, 1.0], [1, 12, 1.0], [2, 3, 1.0], [2, 13, 1.0], [2, 14, 1.0], [3, 4, 1.0], [3, 15, 1.0], [3, 16, 1.0], [4, 5, 1.0], [5, 6, 1.0], [5, 7, 2.0], [6, 17, 1.0], [6, 18, 1.0], [6, 19, 1.0]], "fix_com": true, "fix_orientation": true, "provenance": {"creator": "QCElemental", "version": "v0.22.0", "routine": "qcelemental.molparse.from_schema"}, "id": "146956"}, "charge": 0, "optimize_geometry": false, "conformers": [], "conformer_generation_options": {"n_conformer_pool": 4000, "n_max_conformers": 0, "rms_tolerance": 0.05, "energy_window": 15, "keep_original_conformer": true}, "stage_1_unrestrained_charges": null, "stage_1_restrained_charges": null, "stage_2_unrestrained_charges": null, "stage_2_restrained_charges": null, "keep_original_orientation": false, "reorientations": [], "translations": [], "rotations": []}}, {"index": 6, "molecule": {"qcmol": {"schema_name": "qcschema_molecule", "schema_version": 2, "validated": true, "symbols": ["C", "C", "C", "C", "O", "C", "C", "O", "H", "H", "H", "H", "H", "H", "H", "H", "H", "H", "H", "H"], "geometry": [[0.0, 0.0, -0.0], [2.890539281427966, -0.0, 0.0], [4.088934814864097, 2.637123365524243, -3.885780586188048e-16], [3.5440066097905696, 4.229990873324424, -2.3241358526590794], [4.532932923630734, 2.9390128684618704, -4.470363097692176], [4.2398491214044345, 4.020826299125278, -6.7102704136605995], [5.377827648132125, 2.4421433665718686, -8.783902983175478], [3.204966179332883, 5.990955395920094, -7.012391789035379], [-0.7446933701068401, 1.07347806668125, 1.584516415265404], [-0.7233288503319312, -1.9134014799727308, 0.15056846412247243], [-0.7678527797587607, 0.8084648368342391, -1.7210818865119735], [3.5543878995898135, -0.9966617219453144, 1.6685295067815575], [3.579962396915235, -1.056097281705802, -1.616955789951952], [6.12422136768506, 2.453562984372042, 0.19378514733779678], [3.432484676992006, 3.6944253143782353, 1.6370759117685538], [1.5450340543632894, 4.542764197242593, -2.600568111888549], [4.444627953386659, 6.0595107577174065, -2.181373280069799], [7.376238113331346, 2.1687743531754773, -8.427502771786125], [4.494039109398251, 0.5945035964882799, -8.811600061286063], [5.108541332773283, 3.3729964602389177, -10.579544728485637]], "name": "C6H12O2", "identifiers": {"molecule_hash": "bf95fceedfd57b445c42b8b3699df048711d22a7", "molecular_formula": "C6H12O2"}, "molecular_charge": 0.0, "molecular_multiplicity": 1, "connectivity": [[0, 1, 1.0], [0, 8, 1.0], [0, 9, 1.0], [0, 10, 1.0], [1, 2, 1.0], [1, 11, 1.0], [1, 12, 1.0], [2, 3, 1.0], [2, 13, 1.0], [2, 14, 1.0], [3, 4, 1.0], [3, 15, 1.0], [3, 16, 1.0], [4, 5, 1.0], [5, 6, 1.0], [5, 7, 2.0], [6, 17, 1.0], [6, 18, 1.0], [6, 19, 1.0]], "fix_com": true, "fix_orientation": true, "provenance": {"creator": "QCElemental", "version": "v0.22.0", "routine": "qcelemental.molparse.from_schema"}, "id": "146956"}, "charge": 0, "optimize_geometry": false, "conformers": [], "conformer_generation_options": {"n_conformer_pool": 4000, "n_max_conformers": 0, "rms_tolerance": 0.05, "energy_window": 15, "keep_original_conformer": true}, "stage_1_unrestrained_charges": null, "stage_1_restrained_charges": null, "stage_2_unrestrained_charges": null, "stage_2_restrained_charges": null, "keep_original_orientation": false, "reorientations": [], "translations": [], "rotations": []}}]}, "surface_constraints": {"matrix": [[1921.7955363888307, 1864.0926478860733, 1794.0998950765713, 1738.4608074000903, 1679.6396149958985, 1569.8665842845262, 1462.6816456694883, 1536.941590014762, 1923.9049020931868, 1927.898564509865, 1933.8515179615679, 1852.9009314089894, 1858.1201325505904, 1783.73257275816, 1771.9773805958969, 1725.7592217630531, 1739.4498169151134, 1430.8945998041402, 1412.3198872610492, 1456.7215879240891], [1864.0926478860733, 1914.9026402132288, 1868.8700427533697, 1804.919578730794, 1754.0688347845226, 1642.2897992557694, 1531.4495561058748, 1606.8082667493602, 1840.0566844190607, 1843.0906669820502, 1847.8160942298114, 1935.1939362863434, 1940.6263736697513, 1861.853790022201, 1865.6380042625124, 1789.0534190338346, 1795.6445440141324, 1495.6008738689284, 1478.181514101758, 1528.0599217611198], [1794.0998950765713, 1868.8700427533697, 1926.277831232905, 1884.067631342124, 1847.8919627228242, 1739.2274096279455, 1622.597109113073, 1704.9328411532927, 1754.3864361976794, 1762.742024949503, 1790.898027830156, 1861.0763789868108, 1865.2108038650877, 1950.5085476887714, 1952.944865756024, 1873.1674756658094, 1870.4057612800252, 1592.8275277387374, 1561.13491067926, 1614.269251121288], [1738.4608074000903, 1804.919578730794, 1884.067631342124, 1939.2056363355662, 1917.5173321224179, 1839.4835879880766, 1714.8998956051757, 1825.1164970661503, 1690.7318308139684, 1711.1516671686725, 1747.0612086201604, 1779.5514500473018, 1798.773331326784, 1880.9976691696095, 1882.3306825699867, 1959.1727490382452, 1955.3315114018499, 1684.9180007102423, 1653.78366690917, 1698.2649372594892], [1679.6396149958985, 1754.0688347845226, 1847.8919627228242, 1917.5173321224179, 1987.850833958284, 1922.9366422108085, 1850.7500625308762, 1869.4274047304193, 1624.1437313776983, 1652.4923596697313, 1691.1263316802883, 1721.7532867021755, 1753.8272128985152, 1833.148549374106, 1859.6677779444133, 1909.9643018187294, 1903.1234332771523, 1833.1131235650705, 1791.7119780265027, 1849.2103172084771], [1569.8665842845262, 1642.2897992557694, 1739.2274096279455, 1839.4835879880766, 1922.9366422108085, 1938.2695530442186, 1885.1287057837746, 1927.9452410320664, 1516.9167807215933, 1541.8573536945128, 1583.6300987852017, 1611.367796186483, 1639.0037151681147, 1716.011144288752, 1744.3162155142138, 1828.1035523418714, 1846.4711882824063, 1860.010487112549, 1857.2140411483213, 1869.2912512826922], [1462.6816456694883, 1531.4495561058748, 1622.597109113073, 1714.8998956051757, 1850.7500625308762, 1885.1287057837746, 1932.266494907176, 1829.804579055636, 1410.3568870028755, 1439.2550967147815, 1474.9965947861992, 1500.3247573264337, 1533.5061643809224, 1596.8596138291034, 1632.5291391326025, 1687.7813076886673, 1698.1624406798296, 1931.1470315076303, 1928.7501685904876, 1940.8520779788907], [1536.941590014762, 1606.8082667493602, 1704.9328411532927, 1825.1164970661503, 1869.4274047304193, 1927.9452410320664, 1829.804579055636, 1996.6661230133866, 1486.2922126928258, 1506.257511694035, 1554.1574906929989, 1577.4289615437428, 1598.3629007508364, 1679.9006203332538, 1701.761143513077, 1825.0409004413436, 1866.0490847683163, 1786.3448921742581, 1814.7885181839447, 1788.914610112438], [1923.9049020931868, 1840.0566844190607, 1754.3864361976794, 1690.7318308139684, 1624.1437313776983, 1516.9167807215933, 1410.3568870028755, 1486.2922126928258, 2006.3700276213353, 1900.9095543093092, 1906.6226971191863, 1829.3313664478037, 1827.2484135184839, 1740.754133949012, 1732.3769559753387, 1670.1025715868823, 1700.1353664052547, 1381.3947941020394, 1360.5180246480384, 1402.606021308771], [1927.898564509865, 1843.0906669820502, 1762.742024949503, 1711.1516671686725, 1652.4923596697313, 1541.8573536945128, 1439.2550967147815, 1506.257511694035, 1900.9095543093092, 2014.026816495313, 1911.8846016357409, 1819.6139596125865, 1837.906361167783, 1750.9119225366887, 1732.3713358335478, 1704.7284628272323, 1709.363926061092, 1406.3835172197212, 1391.252193460535, 1435.7888164975707], [1933.8515179615679, 1847.8160942298114, 1790.898027830156, 1747.0612086201604, 1691.1263316802883, 1583.6300987852017, 1474.9965947861992, 1554.1574906929989, 1906.6226971191863, 1911.8846016357409, 2028.1577645104012, 1823.5312970876728, 1822.8620728915296, 1783.0691218000638, 1764.7883390547065, 1738.795043530848, 1750.4717644601378, 1444.4593991499166, 1424.1836873686507, 1467.000600619652], [1852.9009314089894, 1935.1939362863434, 1861.0763789868108, 1779.5514500473018, 1721.7532867021755, 1611.367796186483, 1500.3247573264337, 1577.4289615437428, 1829.3313664478037, 1819.6139596125865, 1823.5312970876728, 2033.5534235115992, 1930.844487892198, 1859.3477121377198, 1844.8861242132737, 1761.1030431956592, 1766.976239134768, 1459.8379309633908, 1445.5775946787892, 1503.812261766035], [1858.1201325505904, 1940.6263736697513, 1865.2108038650877, 1798.773331326784, 1753.8272128985152, 1639.0037151681147, 1533.5061643809224, 1598.3629007508364, 1827.2484135184839, 1837.906361167783, 1822.8620728915296, 1930.844487892198, 2045.737610622366, 1831.213786264685, 1867.7463973245517, 1779.5420560869152, 1787.0445000651598, 1495.242336628937, 1486.2231057410536, 1530.3516660164594], [1783.73257275816, 1861.853790022201, 1950.5085476887714, 1880.9976691696095, 1833.148549374106, 1716.011144288752, 1596.8596138291034, 1679.9006203332538, 1740.754133949012, 1750.9119225366887, 1783.0691218000638, 1859.3477121377198, 1831.213786264685, 2052.5320946131224, 1946.8689003353845, 1865.153623193976, 1859.794243578848, 1570.7437469543916, 1531.999504235441, 1587.2836606450226], [1771.9773805958969, 1865.6380042625124, 1952.944865756024, 1882.3306825699867, 1859.6677779444133, 1744.3162155142138, 1632.5291391326025, 1701.761143513077, 1732.3769559753387, 1732.3713358335478, 1764.7883390547065, 1844.8861242132737, 1867.7463973245517, 1946.8689003353845, 2056.6268398098446, 1857.3130078186985, 1850.169196988105, 1604.7446777735447, 1569.0640117410262, 1626.6616565619922], [1725.7592217630531, 1789.0534190338346, 1873.1674756658094, 1959.1727490382452, 1909.9643018187294, 1828.1035523418714, 1687.7813076886673, 1825.0409004413436, 1670.1025715868823, 1704.7284628272323, 1738.795043530848, 1761.1030431956592, 1779.5420560869152, 1865.153623193976, 1857.3130078186985, 2054.6273692470068, 1946.412402979117, 1655.6653153655818, 1619.5190175310915, 1671.251385086278], [1739.4498169151134, 1795.6445440141324, 1870.4057612800252, 1955.3315114018499, 1903.1234332771523, 1846.4711882824063, 1698.1624406798296, 1866.0490847683163, 1700.1353664052547, 1709.363926061092, 1750.4717644601378, 1766.976239134768, 1787.0445000651598, 1859.794243578848, 1850.169196988105, 1946.412402979117, 2048.274354107429, 1662.8680191502435, 1644.243441295273, 1665.2418402209619], [1430.8945998041402, 1495.6008738689284, 1592.8275277387374, 1684.9180007102423, 1833.1131235650705, 1860.010487112549, 1931.1470315076303, 1786.3448921742581, 1381.3947941020394, 1406.3835172197212, 1444.4593991499166, 1459.8379309633908, 1495.242336628937, 1570.7437469543916, 1604.7446777735447, 1655.6653153655818, 1662.8680191502435, 2012.8771187190048, 1895.994079191278, 1909.5481134948107], [1412.3198872610492, 1478.181514101758, 1561.13491067926, 1653.78366690917, 1791.7119780265027, 1857.2140411483213, 1928.7501685904876, 1814.7885181839447, 1360.5180246480384, 1391.252193460535, 1424.1836873686507, 1445.5775946787892, 1486.2231057410536, 1531.999504235441, 1569.0640117410262, 1619.5190175310915, 1644.243441295273, 1895.994079191278, 2007.4587083785746, 1905.7281434958606], [1456.7215879240891, 1528.0599217611198, 1614.269251121288, 1698.2649372594892, 1849.2103172084771, 1869.2912512826922, 1940.8520779788907, 1788.914610112438, 1402.606021308771, 1435.7888164975707, 1467.000600619652, 1503.812261766035, 1530.3516660164594, 1587.2836606450226, 1626.6616565619922, 1671.251385086278, 1665.2418402209619, 1909.5481134948107, 1905.7281434958606, 2032.653724595986], [15.5091111553503, 14.620302550341354, 8.256731869145996, -5.141530918691699, -7.5707374583847, -22.94268193749403, -5.980105780313841, -51.74577846224661, 17.18896942553946, 17.013446127086453, 12.746958421139952, 16.935915701696853, 15.860796605711073, 11.504627482439256, 8.585554214461288, -5.243071567391917, -12.604540584834456, 0.7273647241766338, -7.615386392380014, 3.096798909644021]]}}