{"resp_b": 0.1, "restrained_fit": true, "exclude_hydrogens": true, "convergence_tolerance": 1e-06, "max_iter": 500, "resp_a": 0.0005, "charge_constraints": {"charge_sum_constraints": [], "charge_equivalence_constraints": [], "molecules": [{"qcmol": {"schema_name": "qcschema_molecule", "schema_version": 2, "validated": true, "symbols": ["C", "C", "C", "C", "N", "O", "O", "H", "H", "H", "H", "H", "H", "H", "H", "H"], "geometry": [[0.0, -0.0, 0.0], [2.8873866566018527, 8.390496271260519e-16, 8.519425531881343e-16], [3.983968314251852, 2.675577940604693, 4.440892098500626e-16], [6.869893668139563, 2.63020016507704, -0.00031873952197647437], [7.841549333111345, 5.262980736581826, 0.006672990866033457], [8.293323448658485, 6.194759181189497, 2.0083886052458997], [8.038418853400586, 6.2915450941470965, -1.989827824767413], [-0.7316525991164538, -1.9149201116673902, -0.0005344452925936105], [-0.7402445044129204, 0.9544540116696595, 1.6584506791321798], [-0.7401784075270146, 0.9555114333855033, -1.6578361066360985], [3.5713961979052895, -1.0209363055047684, 1.6467509033507794], [3.5713390780473095, -1.019869493755568, -1.6475253228906745], [3.3380013458920414, 3.7029847944839247, -1.6524703993585999], [3.337630314641285, 3.700320848054139, 1.655309180318594], [7.616217428380105, 1.7578585055195732, -1.6845577286933775], [7.622652976661839, 1.7436028741683103, 1.6724495235664794]], "name": "C4H9NO2", "identifiers": {"molecule_hash": "a60b7ce764266b210556e80f42f80cad8067cbdb", "molecular_formula": "C4H9NO2"}, "molecular_charge": 0.0, "molecular_multiplicity": 1, "connectivity": [[0, 1, 1.0], [0, 7, 1.0], [0, 8, 1.0], [0, 9, 1.0], [1, 2, 1.0], [1, 10, 1.0], [1, 11, 1.0], [2, 3, 1.0], [2, 12, 1.0], [2, 13, 1.0], [3, 4, 1.0], [3, 14, 1.0], [3, 15, 1.0], [4, 5, 2.0], [4, 6, 1.0]], "fix_com": true, "fix_orientation": true, "provenance": {"creator": "QCElemental", "version": "v0.22.0", "routine": "qcelemental.molparse.from_schema"}, "id": "231346"}, "charge": 0, "optimize_geometry": false, "conformers": [], "conformer_generation_options": {"n_conformer_pool": 4000, "n_max_conformers": 0, "rms_tolerance": 0.05, "energy_window": 15, "keep_original_conformer": true}, "stage_1_unrestrained_charges": null, "stage_1_restrained_charges": null, "stage_2_unrestrained_charges": null, "stage_2_restrained_charges": null, "keep_original_orientation": false, "reorientations": [], "translations": [], "rotations": []}], "unconstrained_atoms": [{"index": 0, "molecule": {"qcmol": {"schema_name": "qcschema_molecule", "schema_version": 2, "validated": true, "symbols": ["C", "C", "C", "C", "N", "O", "O", "H", "H", "H", "H", "H", "H", "H", "H", "H"], "geometry": [[0.0, -0.0, 0.0], [2.8873866566018527, 8.390496271260519e-16, 8.519425531881343e-16], [3.983968314251852, 2.675577940604693, 4.440892098500626e-16], [6.869893668139563, 2.63020016507704, -0.00031873952197647437], [7.841549333111345, 5.262980736581826, 0.006672990866033457], [8.293323448658485, 6.194759181189497, 2.0083886052458997], [8.038418853400586, 6.2915450941470965, -1.989827824767413], [-0.7316525991164538, -1.9149201116673902, -0.0005344452925936105], [-0.7402445044129204, 0.9544540116696595, 1.6584506791321798], [-0.7401784075270146, 0.9555114333855033, -1.6578361066360985], [3.5713961979052895, -1.0209363055047684, 1.6467509033507794], [3.5713390780473095, -1.019869493755568, -1.6475253228906745], [3.3380013458920414, 3.7029847944839247, -1.6524703993585999], [3.337630314641285, 3.700320848054139, 1.655309180318594], [7.616217428380105, 1.7578585055195732, -1.6845577286933775], [7.622652976661839, 1.7436028741683103, 1.6724495235664794]], "name": "C4H9NO2", "identifiers": {"molecule_hash": "a60b7ce764266b210556e80f42f80cad8067cbdb", "molecular_formula": "C4H9NO2"}, "molecular_charge": 0.0, "molecular_multiplicity": 1, "connectivity": [[0, 1, 1.0], [0, 7, 1.0], [0, 8, 1.0], [0, 9, 1.0], [1, 2, 1.0], [1, 10, 1.0], [1, 11, 1.0], [2, 3, 1.0], [2, 12, 1.0], [2, 13, 1.0], [3, 4, 1.0], [3, 14, 1.0], [3, 15, 1.0], [4, 5, 2.0], [4, 6, 1.0]], "fix_com": true, "fix_orientation": true, "provenance": {"creator": "QCElemental", "version": "v0.22.0", "routine": "qcelemental.molparse.from_schema"}, "id": "231346"}, "charge": 0, "optimize_geometry": false, "conformers": [], "conformer_generation_options": {"n_conformer_pool": 4000, "n_max_conformers": 0, "rms_tolerance": 0.05, "energy_window": 15, "keep_original_conformer": true}, "stage_1_unrestrained_charges": null, "stage_1_restrained_charges": null, "stage_2_unrestrained_charges": null, "stage_2_restrained_charges": null, "keep_original_orientation": false, "reorientations": [], "translations": [], "rotations": []}}, {"index": 1, "molecule": {"qcmol": {"schema_name": "qcschema_molecule", "schema_version": 2, "validated": true, "symbols": ["C", "C", "C", "C", "N", "O", "O", "H", "H", "H", "H", "H", "H", "H", "H", "H"], "geometry": [[0.0, -0.0, 0.0], [2.8873866566018527, 8.390496271260519e-16, 8.519425531881343e-16], [3.983968314251852, 2.675577940604693, 4.440892098500626e-16], [6.869893668139563, 2.63020016507704, -0.00031873952197647437], [7.841549333111345, 5.262980736581826, 0.006672990866033457], [8.293323448658485, 6.194759181189497, 2.0083886052458997], [8.038418853400586, 6.2915450941470965, -1.989827824767413], [-0.7316525991164538, -1.9149201116673902, -0.0005344452925936105], [-0.7402445044129204, 0.9544540116696595, 1.6584506791321798], [-0.7401784075270146, 0.9555114333855033, -1.6578361066360985], [3.5713961979052895, -1.0209363055047684, 1.6467509033507794], [3.5713390780473095, -1.019869493755568, -1.6475253228906745], [3.3380013458920414, 3.7029847944839247, -1.6524703993585999], [3.337630314641285, 3.700320848054139, 1.655309180318594], [7.616217428380105, 1.7578585055195732, -1.6845577286933775], [7.622652976661839, 1.7436028741683103, 1.6724495235664794]], "name": "C4H9NO2", "identifiers": {"molecule_hash": "a60b7ce764266b210556e80f42f80cad8067cbdb", "molecular_formula": "C4H9NO2"}, "molecular_charge": 0.0, "molecular_multiplicity": 1, "connectivity": [[0, 1, 1.0], [0, 7, 1.0], [0, 8, 1.0], [0, 9, 1.0], [1, 2, 1.0], [1, 10, 1.0], [1, 11, 1.0], [2, 3, 1.0], [2, 12, 1.0], [2, 13, 1.0], [3, 4, 1.0], [3, 14, 1.0], [3, 15, 1.0], [4, 5, 2.0], [4, 6, 1.0]], "fix_com": true, "fix_orientation": true, "provenance": {"creator": "QCElemental", "version": "v0.22.0", "routine": "qcelemental.molparse.from_schema"}, "id": "231346"}, "charge": 0, "optimize_geometry": false, "conformers": [], "conformer_generation_options": {"n_conformer_pool": 4000, "n_max_conformers": 0, "rms_tolerance": 0.05, "energy_window": 15, "keep_original_conformer": true}, "stage_1_unrestrained_charges": null, "stage_1_restrained_charges": null, "stage_2_unrestrained_charges": null, "stage_2_restrained_charges": null, "keep_original_orientation": false, "reorientations": [], "translations": [], "rotations": []}}, {"index": 2, "molecule": {"qcmol": {"schema_name": "qcschema_molecule", "schema_version": 2, "validated": true, "symbols": ["C", "C", "C", "C", "N", "O", "O", "H", "H", "H", "H", "H", "H", "H", "H", "H"], "geometry": [[0.0, -0.0, 0.0], [2.8873866566018527, 8.390496271260519e-16, 8.519425531881343e-16], [3.983968314251852, 2.675577940604693, 4.440892098500626e-16], [6.869893668139563, 2.63020016507704, -0.00031873952197647437], [7.841549333111345, 5.262980736581826, 0.006672990866033457], [8.293323448658485, 6.194759181189497, 2.0083886052458997], [8.038418853400586, 6.2915450941470965, -1.989827824767413], [-0.7316525991164538, -1.9149201116673902, -0.0005344452925936105], [-0.7402445044129204, 0.9544540116696595, 1.6584506791321798], [-0.7401784075270146, 0.9555114333855033, -1.6578361066360985], [3.5713961979052895, -1.0209363055047684, 1.6467509033507794], [3.5713390780473095, -1.019869493755568, -1.6475253228906745], [3.3380013458920414, 3.7029847944839247, -1.6524703993585999], [3.337630314641285, 3.700320848054139, 1.655309180318594], [7.616217428380105, 1.7578585055195732, -1.6845577286933775], [7.622652976661839, 1.7436028741683103, 1.6724495235664794]], "name": "C4H9NO2", "identifiers": {"molecule_hash": "a60b7ce764266b210556e80f42f80cad8067cbdb", "molecular_formula": "C4H9NO2"}, "molecular_charge": 0.0, "molecular_multiplicity": 1, "connectivity": [[0, 1, 1.0], [0, 7, 1.0], [0, 8, 1.0], [0, 9, 1.0], [1, 2, 1.0], [1, 10, 1.0], [1, 11, 1.0], [2, 3, 1.0], [2, 12, 1.0], [2, 13, 1.0], [3, 4, 1.0], [3, 14, 1.0], [3, 15, 1.0], [4, 5, 2.0], [4, 6, 1.0]], "fix_com": true, "fix_orientation": true, "provenance": {"creator": "QCElemental", "version": "v0.22.0", "routine": "qcelemental.molparse.from_schema"}, "id": "231346"}, "charge": 0, "optimize_geometry": false, "conformers": [], "conformer_generation_options": {"n_conformer_pool": 4000, "n_max_conformers": 0, "rms_tolerance": 0.05, "energy_window": 15, "keep_original_conformer": true}, "stage_1_unrestrained_charges": null, "stage_1_restrained_charges": null, "stage_2_unrestrained_charges": null, "stage_2_restrained_charges": null, "keep_original_orientation": false, "reorientations": [], "translations": [], "rotations": []}}, {"index": 3, "molecule": {"qcmol": {"schema_name": "qcschema_molecule", "schema_version": 2, "validated": true, "symbols": ["C", "C", "C", "C", "N", "O", "O", "H", "H", "H", "H", "H", "H", "H", "H", "H"], "geometry": [[0.0, -0.0, 0.0], [2.8873866566018527, 8.390496271260519e-16, 8.519425531881343e-16], [3.983968314251852, 2.675577940604693, 4.440892098500626e-16], [6.869893668139563, 2.63020016507704, -0.00031873952197647437], [7.841549333111345, 5.262980736581826, 0.006672990866033457], [8.293323448658485, 6.194759181189497, 2.0083886052458997], [8.038418853400586, 6.2915450941470965, -1.989827824767413], [-0.7316525991164538, -1.9149201116673902, -0.0005344452925936105], [-0.7402445044129204, 0.9544540116696595, 1.6584506791321798], [-0.7401784075270146, 0.9555114333855033, -1.6578361066360985], [3.5713961979052895, -1.0209363055047684, 1.6467509033507794], [3.5713390780473095, -1.019869493755568, -1.6475253228906745], [3.3380013458920414, 3.7029847944839247, -1.6524703993585999], [3.337630314641285, 3.700320848054139, 1.655309180318594], [7.616217428380105, 1.7578585055195732, -1.6845577286933775], [7.622652976661839, 1.7436028741683103, 1.6724495235664794]], "name": "C4H9NO2", "identifiers": {"molecule_hash": "a60b7ce764266b210556e80f42f80cad8067cbdb", "molecular_formula": "C4H9NO2"}, "molecular_charge": 0.0, "molecular_multiplicity": 1, "connectivity": [[0, 1, 1.0], [0, 7, 1.0], [0, 8, 1.0], [0, 9, 1.0], [1, 2, 1.0], [1, 10, 1.0], [1, 11, 1.0], [2, 3, 1.0], [2, 12, 1.0], [2, 13, 1.0], [3, 4, 1.0], [3, 14, 1.0], [3, 15, 1.0], [4, 5, 2.0], [4, 6, 1.0]], "fix_com": true, "fix_orientation": true, "provenance": {"creator": "QCElemental", "version": "v0.22.0", "routine": "qcelemental.molparse.from_schema"}, "id": "231346"}, "charge": 0, "optimize_geometry": false, "conformers": [], "conformer_generation_options": {"n_conformer_pool": 4000, "n_max_conformers": 0, "rms_tolerance": 0.05, "energy_window": 15, "keep_original_conformer": true}, "stage_1_unrestrained_charges": null, "stage_1_restrained_charges": null, "stage_2_unrestrained_charges": null, "stage_2_restrained_charges": null, "keep_original_orientation": false, "reorientations": [], "translations": [], "rotations": []}}]}, "surface_constraints": {"matrix": [[1863.481237335088, 1804.7788489171621, 1729.0568058410636, 1639.4049469586917, 1556.7638974134018, 1505.4055389918833, 1524.056706755054, 1869.6308055037198, 1867.2743451668782, 1872.561803128336, 1797.9260038644966, 1797.485765495034, 1722.3088910267077, 1728.875362180449, 1627.9473214867635, 1625.1545414445707], [1804.7788489171621, 1852.8603897862426, 1798.5452121789222, 1722.7515871540716, 1641.8792743128452, 1601.5560853795323, 1596.7178166202407, 1783.8537544318856, 1782.3127054037693, 1786.1949961876214, 1877.9481332186438, 1877.50356147684, 1796.7903527718527, 1795.6123395476727, 1715.76976669224, 1709.4930393240616], [1729.0568058410636, 1798.5452121789222, 1846.3634949529883, 1789.6010271036769, 1721.7035126030626, 1687.901049165744, 1676.1188987701323, 1708.3421145200011, 1690.3856397554832, 1715.291817397285, 1794.0601832148698, 1794.2011719471905, 1875.974365651221, 1875.0130013956675, 1780.1270174086771, 1781.2706408154584], [1639.4049469586917, 1722.7515871540716, 1789.6010271036769, 1832.5852175660539, 1781.699897467055, 1744.0009851822053, 1745.2365748174082, 1610.8117566214048, 1596.782109195959, 1631.139067503237, 1722.3979152503687, 1715.2473476678401, 1790.5960233256262, 1789.437365203697, 1854.7033175592214, 1856.0111057415618], [1556.7638974134018, 1641.8792743128452, 1721.7035126030626, 1781.699897467055, 1830.2665616762101, 1825.4699812580914, 1826.1917236380377, 1520.7943903665848, 1516.8202584964415, 1553.7013866500777, 1639.4770193896838, 1632.4997242362658, 1719.0930488640872, 1725.5346769642974, 1778.2012615784924, 1779.4164417909367], [1505.4055389918833, 1601.5560853795323, 1687.901049165744, 1744.0009851822053, 1825.4699812580914, 1902.9754100821, 1773.1641483898618, 1467.1574353482704, 1473.2231552720139, 1490.31450606148, 1604.0532818073002, 1593.5152296893395, 1686.8176575184689, 1698.1818590773871, 1715.0918370523527, 1742.6374860062167], [1524.056706755054, 1596.7178166202407, 1676.1188987701323, 1745.2365748174082, 1826.1917236380377, 1773.1641483898618, 1904.6117179855607, 1487.1267684091924, 1479.9861678378918, 1535.5516310074283, 1588.216729527586, 1584.2769894916862, 1670.573481736064, 1676.215299472926, 1749.346060620023, 1723.200801798551], [1869.6308055037198, 1783.8537544318856, 1708.3421145200011, 1610.8117566214048, 1520.7943903665848, 1467.1574353482704, 1487.1267684091924, 1957.915992725776, 1843.620685521366, 1849.7973750316926, 1763.1402931626665, 1769.9586554183413, 1712.1829104761148, 1704.4377259071887, 1596.1544823590743, 1600.0904743163444], [1867.2743451668782, 1782.3127054037693, 1690.3856397554832, 1596.782109195959, 1516.8202584964415, 1473.2231552720139, 1479.9861678378918, 1843.620685521366, 1952.1563046867427, 1847.4441074087679, 1783.1318374581106, 1761.5703033930608, 1674.5029147472208, 1692.477490264588, 1584.84718488055, 1578.9455041016201], [1872.561803128336, 1786.1949961876214, 1715.291817397285, 1631.139067503237, 1553.7013866500777, 1490.31450606148, 1535.5516310074283, 1849.7973750316926, 1847.4441074087679, 1963.7734626166452, 1760.2153517591262, 1773.5359923349613, 1703.885475732075, 1718.5587594090002, 1621.2290102968043, 1617.1811246250588], [1797.9260038644966, 1877.9481332186438, 1794.0601832148698, 1722.3979152503687, 1639.4770193896838, 1604.0532818073002, 1588.216729527586, 1763.1402931626665, 1783.1318374581106, 1760.2153517591262, 1982.8539385562544, 1872.6569662246266, 1764.7343658654493, 1791.7511424320671, 1702.788201546947, 1725.3239354505847], [1797.485765495034, 1877.50356147684, 1794.2011719471905, 1715.2473476678401, 1632.4997242362658, 1593.5152296893395, 1584.2769894916862, 1769.9586554183413, 1761.5703033930608, 1773.5359923349613, 1872.6569662246266, 1981.238483866447, 1799.7066053478216, 1763.5379316045144, 1726.2307668375797, 1683.313553119556], [1722.3088910267077, 1796.7903527718527, 1875.974365651221, 1790.5960233256262, 1719.0930488640872, 1686.8176575184689, 1670.573481736064, 1712.1829104761148, 1674.5029147472208, 1703.885475732075, 1764.7343658654493, 1799.7066053478216, 1983.363600587853, 1874.5373790803476, 1775.892765471278, 1767.4644297744508], [1728.875362180449, 1795.6123395476727, 1875.0130013956675, 1789.437365203697, 1725.5346769642974, 1698.1818590773871, 1676.215299472926, 1704.4377259071887, 1692.477490264588, 1718.5587594090002, 1791.7511424320671, 1763.5379316045144, 1874.5373790803476, 1981.8179066699981, 1759.3374896086455, 1776.1617335282583], [1627.9473214867635, 1715.76976669224, 1780.1270174086771, 1854.7033175592214, 1778.2012615784924, 1715.0918370523527, 1749.346060620023, 1596.1544823590743, 1584.84718488055, 1621.2290102968043, 1702.788201546947, 1726.2307668375797, 1775.892765471278, 1759.3374896086455, 1952.5386346975972, 1845.9123126680024], [1625.1545414445707, 1709.4930393240616, 1781.2706408154584, 1856.0111057415618, 1779.4164417909367, 1742.6374860062167, 1723.200801798551, 1600.0904743163444, 1578.9455041016201, 1617.1811246250588, 1725.3239354505847, 1683.313553119556, 1767.4644297744508, 1776.1617335282583, 1845.9123126680024, 1955.331017118107], [61.17744965844562, 59.297366724877946, 49.492275792052496, 35.835530505440026, -13.156095045512005, -34.03159733585722, -34.59982747400463, 64.5928609347849, 60.47448226470352, 58.76924879503227, 60.61361099256466, 61.407654486827596, 51.98581759226884, 48.88830908085506, 46.407949762856774, 46.65503660836865]]}}