{"resp_b": 0.1, "restrained_fit": true, "exclude_hydrogens": true, "convergence_tolerance": 1e-06, "max_iter": 500, "resp_a": 0.0005, "charge_constraints": {"charge_sum_constraints": [], "charge_equivalence_constraints": [], "molecules": [{"qcmol": {"schema_name": "qcschema_molecule", "schema_version": 2, "validated": true, "symbols": ["C", "C", "C", "C", "N", "O", "O", "H", "H", "H", "H", "H", "H", "H", "H", "H"], "geometry": [[0.0, -0.0, 0.0], [2.8873866566018527, 8.390496271260519e-16, 8.519425531881343e-16], [3.983968314251852, 2.675577940604693, 4.440892098500626e-16], [6.869893668139563, 2.63020016507704, -0.00031873952197647437], [7.841549333111345, 5.262980736581826, 0.006672990866033457], [8.293323448658485, 6.194759181189497, 2.0083886052458997], [8.038418853400586, 6.2915450941470965, -1.989827824767413], [-0.7316525991164538, -1.9149201116673902, -0.0005344452925936105], [-0.7402445044129204, 0.9544540116696595, 1.6584506791321798], [-0.7401784075270146, 0.9555114333855033, -1.6578361066360985], [3.5713961979052895, -1.0209363055047684, 1.6467509033507794], [3.5713390780473095, -1.019869493755568, -1.6475253228906745], [3.3380013458920414, 3.7029847944839247, -1.6524703993585999], [3.337630314641285, 3.700320848054139, 1.655309180318594], [7.616217428380105, 1.7578585055195732, -1.6845577286933775], [7.622652976661839, 1.7436028741683103, 1.6724495235664794]], "name": "C4H9NO2", "identifiers": {"molecule_hash": "a60b7ce764266b210556e80f42f80cad8067cbdb", "molecular_formula": "C4H9NO2"}, "molecular_charge": 0.0, "molecular_multiplicity": 1, "connectivity": [[0, 1, 1.0], [0, 7, 1.0], [0, 8, 1.0], [0, 9, 1.0], [1, 2, 1.0], [1, 10, 1.0], [1, 11, 1.0], [2, 3, 1.0], [2, 12, 1.0], [2, 13, 1.0], [3, 4, 1.0], [3, 14, 1.0], [3, 15, 1.0], [4, 5, 2.0], [4, 6, 1.0]], "fix_com": true, "fix_orientation": true, "provenance": {"creator": "QCElemental", "version": "v0.22.0", "routine": "qcelemental.molparse.from_schema"}, "id": "231346"}, "charge": 0, "optimize_geometry": false, "conformers": [], "conformer_generation_options": {"n_conformer_pool": 4000, "n_max_conformers": 0, "rms_tolerance": 0.05, "energy_window": 15, "keep_original_conformer": true}, "stage_1_unrestrained_charges": null, "stage_1_restrained_charges": null, "stage_2_unrestrained_charges": null, "stage_2_restrained_charges": null, "keep_original_orientation": false, "reorientations": [], "translations": [], "rotations": []}], "unconstrained_atoms": [{"index": 0, "molecule": {"qcmol": {"schema_name": "qcschema_molecule", "schema_version": 2, "validated": true, "symbols": ["C", "C", "C", "C", "N", "O", "O", "H", "H", "H", "H", "H", "H", "H", "H", "H"], "geometry": [[0.0, -0.0, 0.0], [2.8873866566018527, 8.390496271260519e-16, 8.519425531881343e-16], [3.983968314251852, 2.675577940604693, 4.440892098500626e-16], [6.869893668139563, 2.63020016507704, -0.00031873952197647437], [7.841549333111345, 5.262980736581826, 0.006672990866033457], [8.293323448658485, 6.194759181189497, 2.0083886052458997], [8.038418853400586, 6.2915450941470965, -1.989827824767413], [-0.7316525991164538, -1.9149201116673902, -0.0005344452925936105], [-0.7402445044129204, 0.9544540116696595, 1.6584506791321798], [-0.7401784075270146, 0.9555114333855033, -1.6578361066360985], [3.5713961979052895, -1.0209363055047684, 1.6467509033507794], [3.5713390780473095, -1.019869493755568, -1.6475253228906745], [3.3380013458920414, 3.7029847944839247, -1.6524703993585999], [3.337630314641285, 3.700320848054139, 1.655309180318594], [7.616217428380105, 1.7578585055195732, -1.6845577286933775], [7.622652976661839, 1.7436028741683103, 1.6724495235664794]], "name": "C4H9NO2", "identifiers": {"molecule_hash": "a60b7ce764266b210556e80f42f80cad8067cbdb", "molecular_formula": "C4H9NO2"}, "molecular_charge": 0.0, "molecular_multiplicity": 1, "connectivity": [[0, 1, 1.0], [0, 7, 1.0], [0, 8, 1.0], [0, 9, 1.0], [1, 2, 1.0], [1, 10, 1.0], [1, 11, 1.0], [2, 3, 1.0], [2, 12, 1.0], [2, 13, 1.0], [3, 4, 1.0], [3, 14, 1.0], [3, 15, 1.0], [4, 5, 2.0], [4, 6, 1.0]], "fix_com": true, "fix_orientation": true, "provenance": {"creator": "QCElemental", "version": "v0.22.0", "routine": "qcelemental.molparse.from_schema"}, "id": "231346"}, "charge": 0, "optimize_geometry": false, "conformers": [], "conformer_generation_options": {"n_conformer_pool": 4000, "n_max_conformers": 0, "rms_tolerance": 0.05, "energy_window": 15, "keep_original_conformer": true}, "stage_1_unrestrained_charges": null, "stage_1_restrained_charges": null, "stage_2_unrestrained_charges": null, "stage_2_restrained_charges": null, "keep_original_orientation": false, "reorientations": [], "translations": [], "rotations": []}}, {"index": 1, "molecule": {"qcmol": {"schema_name": "qcschema_molecule", "schema_version": 2, "validated": true, "symbols": ["C", "C", "C", "C", "N", "O", "O", "H", "H", "H", "H", "H", "H", "H", "H", "H"], "geometry": [[0.0, -0.0, 0.0], [2.8873866566018527, 8.390496271260519e-16, 8.519425531881343e-16], [3.983968314251852, 2.675577940604693, 4.440892098500626e-16], [6.869893668139563, 2.63020016507704, -0.00031873952197647437], [7.841549333111345, 5.262980736581826, 0.006672990866033457], [8.293323448658485, 6.194759181189497, 2.0083886052458997], [8.038418853400586, 6.2915450941470965, -1.989827824767413], [-0.7316525991164538, -1.9149201116673902, -0.0005344452925936105], [-0.7402445044129204, 0.9544540116696595, 1.6584506791321798], [-0.7401784075270146, 0.9555114333855033, -1.6578361066360985], [3.5713961979052895, -1.0209363055047684, 1.6467509033507794], [3.5713390780473095, -1.019869493755568, -1.6475253228906745], [3.3380013458920414, 3.7029847944839247, -1.6524703993585999], [3.337630314641285, 3.700320848054139, 1.655309180318594], [7.616217428380105, 1.7578585055195732, -1.6845577286933775], [7.622652976661839, 1.7436028741683103, 1.6724495235664794]], "name": "C4H9NO2", "identifiers": {"molecule_hash": "a60b7ce764266b210556e80f42f80cad8067cbdb", "molecular_formula": "C4H9NO2"}, "molecular_charge": 0.0, "molecular_multiplicity": 1, "connectivity": [[0, 1, 1.0], [0, 7, 1.0], [0, 8, 1.0], [0, 9, 1.0], [1, 2, 1.0], [1, 10, 1.0], [1, 11, 1.0], [2, 3, 1.0], [2, 12, 1.0], [2, 13, 1.0], [3, 4, 1.0], [3, 14, 1.0], [3, 15, 1.0], [4, 5, 2.0], [4, 6, 1.0]], "fix_com": true, "fix_orientation": true, "provenance": {"creator": "QCElemental", "version": "v0.22.0", "routine": "qcelemental.molparse.from_schema"}, "id": "231346"}, "charge": 0, "optimize_geometry": false, "conformers": [], "conformer_generation_options": {"n_conformer_pool": 4000, "n_max_conformers": 0, "rms_tolerance": 0.05, "energy_window": 15, "keep_original_conformer": true}, "stage_1_unrestrained_charges": null, "stage_1_restrained_charges": null, "stage_2_unrestrained_charges": null, "stage_2_restrained_charges": null, "keep_original_orientation": false, "reorientations": [], "translations": [], "rotations": []}}, {"index": 2, "molecule": {"qcmol": {"schema_name": "qcschema_molecule", "schema_version": 2, "validated": true, "symbols": ["C", "C", "C", "C", "N", "O", "O", "H", "H", "H", "H", "H", "H", "H", "H", "H"], "geometry": [[0.0, -0.0, 0.0], [2.8873866566018527, 8.390496271260519e-16, 8.519425531881343e-16], [3.983968314251852, 2.675577940604693, 4.440892098500626e-16], [6.869893668139563, 2.63020016507704, -0.00031873952197647437], [7.841549333111345, 5.262980736581826, 0.006672990866033457], [8.293323448658485, 6.194759181189497, 2.0083886052458997], [8.038418853400586, 6.2915450941470965, -1.989827824767413], [-0.7316525991164538, -1.9149201116673902, -0.0005344452925936105], [-0.7402445044129204, 0.9544540116696595, 1.6584506791321798], [-0.7401784075270146, 0.9555114333855033, -1.6578361066360985], [3.5713961979052895, -1.0209363055047684, 1.6467509033507794], [3.5713390780473095, -1.019869493755568, -1.6475253228906745], [3.3380013458920414, 3.7029847944839247, -1.6524703993585999], [3.337630314641285, 3.700320848054139, 1.655309180318594], [7.616217428380105, 1.7578585055195732, -1.6845577286933775], [7.622652976661839, 1.7436028741683103, 1.6724495235664794]], "name": "C4H9NO2", "identifiers": {"molecule_hash": "a60b7ce764266b210556e80f42f80cad8067cbdb", "molecular_formula": "C4H9NO2"}, "molecular_charge": 0.0, "molecular_multiplicity": 1, "connectivity": [[0, 1, 1.0], [0, 7, 1.0], [0, 8, 1.0], [0, 9, 1.0], [1, 2, 1.0], [1, 10, 1.0], [1, 11, 1.0], [2, 3, 1.0], [2, 12, 1.0], [2, 13, 1.0], [3, 4, 1.0], [3, 14, 1.0], [3, 15, 1.0], [4, 5, 2.0], [4, 6, 1.0]], "fix_com": true, "fix_orientation": true, "provenance": {"creator": "QCElemental", "version": "v0.22.0", "routine": "qcelemental.molparse.from_schema"}, "id": "231346"}, "charge": 0, "optimize_geometry": false, "conformers": [], "conformer_generation_options": {"n_conformer_pool": 4000, "n_max_conformers": 0, "rms_tolerance": 0.05, "energy_window": 15, "keep_original_conformer": true}, "stage_1_unrestrained_charges": null, "stage_1_restrained_charges": null, "stage_2_unrestrained_charges": null, "stage_2_restrained_charges": null, "keep_original_orientation": false, "reorientations": [], "translations": [], "rotations": []}}, {"index": 3, "molecule": {"qcmol": {"schema_name": "qcschema_molecule", "schema_version": 2, "validated": true, "symbols": ["C", "C", "C", "C", "N", "O", "O", "H", "H", "H", "H", "H", "H", "H", "H", "H"], "geometry": [[0.0, -0.0, 0.0], [2.8873866566018527, 8.390496271260519e-16, 8.519425531881343e-16], [3.983968314251852, 2.675577940604693, 4.440892098500626e-16], [6.869893668139563, 2.63020016507704, -0.00031873952197647437], [7.841549333111345, 5.262980736581826, 0.006672990866033457], [8.293323448658485, 6.194759181189497, 2.0083886052458997], [8.038418853400586, 6.2915450941470965, -1.989827824767413], [-0.7316525991164538, -1.9149201116673902, -0.0005344452925936105], [-0.7402445044129204, 0.9544540116696595, 1.6584506791321798], [-0.7401784075270146, 0.9555114333855033, -1.6578361066360985], [3.5713961979052895, -1.0209363055047684, 1.6467509033507794], [3.5713390780473095, -1.019869493755568, -1.6475253228906745], [3.3380013458920414, 3.7029847944839247, -1.6524703993585999], [3.337630314641285, 3.700320848054139, 1.655309180318594], [7.616217428380105, 1.7578585055195732, -1.6845577286933775], [7.622652976661839, 1.7436028741683103, 1.6724495235664794]], "name": "C4H9NO2", "identifiers": {"molecule_hash": "a60b7ce764266b210556e80f42f80cad8067cbdb", "molecular_formula": "C4H9NO2"}, "molecular_charge": 0.0, "molecular_multiplicity": 1, "connectivity": [[0, 1, 1.0], [0, 7, 1.0], [0, 8, 1.0], [0, 9, 1.0], [1, 2, 1.0], [1, 10, 1.0], [1, 11, 1.0], [2, 3, 1.0], [2, 12, 1.0], [2, 13, 1.0], [3, 4, 1.0], [3, 14, 1.0], [3, 15, 1.0], [4, 5, 2.0], [4, 6, 1.0]], "fix_com": true, "fix_orientation": true, "provenance": {"creator": "QCElemental", "version": "v0.22.0", "routine": "qcelemental.molparse.from_schema"}, "id": "231346"}, "charge": 0, "optimize_geometry": false, "conformers": [], "conformer_generation_options": {"n_conformer_pool": 4000, "n_max_conformers": 0, "rms_tolerance": 0.05, "energy_window": 15, "keep_original_conformer": true}, "stage_1_unrestrained_charges": null, "stage_1_restrained_charges": null, "stage_2_unrestrained_charges": null, "stage_2_restrained_charges": null, "keep_original_orientation": false, "reorientations": [], "translations": [], "rotations": []}}]}, "surface_constraints": {"matrix": [[270974894042881.97, 262316169957140.4, 251219896053036.5, 237959249845245.28, 226040125306197.84, 218651512210197.78, 221688119224564.16, 271947692983564.5, 271524982475812.94, 272327965170123.53, 261313997031805.2, 261281024718907.34, 250223045357918.06, 251267548461328.2, 236112487768831.9, 235853361625528.3], [262316169957140.4, 269146482161415.88, 261155825635313.66, 250124747091721.1, 238470260502833.47, 232870194411621.38, 232235985618337.44, 259386498288261.1, 259102283992520.8, 259670646400384.2, 272746420018290.34, 272705632113086.16, 260832175372683.44, 260731032806712.8, 249027921559015.44, 248233026074066.94], [251219896053036.5, 261155825635313.66, 267952030513777.7, 259723736928867.8, 250044846458380.72, 245332827354246.06, 243891994120864.78, 248307461630454.5, 245643113726154.84, 249249280033193.7, 260487051260217.38, 260523043589513.88, 272143448399372.7, 272068946979982.44, 258277059548502.06, 258573006329763.22], [237959249845245.28, 250124747091721.1, 259723736928867.8, 265982754443301.22, 258730883266825.4, 253623490537648.7, 253794792582411.22, 233849335503236.34, 231788501819382.3, 236703520368443.16, 250117381957914.5, 249070367026911.34, 259814388883244.88, 259676974737671.8, 269107495147929.72, 269424293352385.03], [226040125306197.84, 238470260502833.47, 250044846458380.72, 258730883266825.4, 265652977102485.2, 265208901259228.16, 265273707756450.9, 220872535357523.84, 220234933838932.3, 225537582616673.7, 238133805646413.9, 237082554185529.3, 249682303817469.3, 250583990605626.1, 258236066893222.4, 258509686988213.25], [218651512210197.78, 232870194411621.38, 245332827354246.06, 253623490537648.7, 265208901259228.16, 276085327542205.2, 258124456653601.1, 213147390210953.66, 213778925378375.28, 216490178229569.94, 233288204088352.7, 231829824041436.0, 244860401439266.44, 246967561899705.28, 249807020114215.75, 253352872362817.1], [221688119224564.16, 232235985618337.44, 243891994120864.78, 253794792582411.22, 265273707756450.9, 258124456653601.1, 276262360563806.7, 216369566975220.56, 215378852967815.53, 223242400581313.12, 230984339334110.94, 230260050536239.44, 243344192173118.3, 243823727123421.62, 254103085658060.16, 251027836707976.88], [271947692983564.5, 259386498288261.1, 248307461630454.5, 233849335503236.34, 220872535357523.84, 213147390210953.66, 216369566975220.56, 284729799482419.06, 268195290114822.8, 269133983948665.2, 256380154658036.0, 257440251542154.2, 248840557241294.2, 247844483129657.47, 231568241950563.62, 232197749551084.53], [271524982475812.94, 259102283992520.8, 245643113726154.84, 231788501819382.3, 220234933838932.3, 213778925378375.28, 215378852967815.53, 268195290114822.8, 283749715260138.4, 268705484644144.4, 259239598484706.9, 256144380173807.47, 243328698587645.72, 246020176269568.84, 229924665601912.25, 229081331363655.1], [272327965170123.53, 259670646400384.2, 249249280033193.7, 236703520368443.16, 225537582616673.7, 216490178229569.94, 223242400581313.12, 269133983948665.2, 268705484644144.4, 285477813145086.5, 255938454174906.9, 257855034848454.16, 247599050245365.0, 249801486020089.7, 234935525613629.56, 234721483481130.62], [261313997031805.2, 272746420018290.34, 260487051260217.38, 250117381957914.5, 238133805646413.9, 233288204088352.7, 230984339334110.94, 256380154658036.0, 259239598484706.9, 255938454174906.9, 287807423871778.7, 271995258362170.97, 256161823151936.7, 260163205325594.75, 247300243113224.3, 250488260480269.94], [261281024718907.34, 272705632113086.16, 260523043589513.88, 249070367026911.34, 237082554185529.3, 231829824041436.0, 230260050536239.44, 257440251542154.2, 256144380173807.47, 257855034848454.16, 271995258362170.97, 287617410368187.8, 261272379773049.44, 256065457787051.66, 250535796560830.84, 244587200056193.94], [250223045357918.06, 260832175372683.44, 272143448399372.7, 259814388883244.88, 249682303817469.3, 244860401439266.44, 243344192173118.3, 248840557241294.2, 243328698587645.72, 247599050245365.0, 256161823151936.7, 261272379773049.44, 287474527419795.2, 271957454743218.53, 257594752268468.1, 256558744343360.44], [251267548461328.2, 260731032806712.8, 272068946979982.44, 259676974737671.8, 250583990605626.1, 246967561899705.28, 243823727123421.62, 247844483129657.47, 246020176269568.84, 249801486020089.7, 260163205325594.75, 256065457787051.66, 271957454743218.53, 287370141506495.2, 255311531911825.25, 257825086408919.44], [236112487768831.9, 249027921559015.44, 258277059548502.06, 269107495147929.72, 258236066893222.4, 249807020114215.75, 254103085658060.16, 231568241950563.62, 229924665601912.25, 234935525613629.56, 247300243113224.3, 250535796560830.84, 257594752268468.1, 255311531911825.25, 283050851194084.8, 267946016606570.4], [235853361625528.3, 248233026074066.94, 258573006329763.22, 269424293352385.03, 258509686988213.25, 253352872362817.1, 251027836707976.88, 232197749551084.53, 229081331363655.1, 234721483481130.62, 250488260480269.94, 244587200056193.94, 256558744343360.44, 257825086408919.44, 267946016606570.4, 283670564206517.9], [9100636717825.213, 8754271427732.25, 7240010594489.27, 5247949796320.332, -2363173812628.8105, -5547099840931.759, -5614117230030.161, 9649479205990.006, 9012601654455.797, 8725325181268.896, 8937476519048.375, 9071107270335.1, 7623879449286.815, 7073941303272.259, 6965440230461.85, 6945844842618.511]]}}