{"resp_b": 0.1, "restrained_fit": true, "exclude_hydrogens": true, "convergence_tolerance": 1e-06, "max_iter": 500, "resp_a": 0.0005, "charge_constraints": {"charge_sum_constraints": [], "charge_equivalence_constraints": [], "molecules": [{"qcmol": {"schema_name": "qcschema_molecule", "schema_version": 2, "validated": true, "symbols": ["C", "C", "C", "C", "N", "O", "O", "H", "H", "H", "H", "H", "H", "H", "H", "H"], "geometry": [[0.0, -0.0, 0.0], [2.8873866566018527, 8.390496271260519e-16, 8.519425531881343e-16], [3.983968314251852, 2.675577940604693, 4.440892098500626e-16], [6.869893668139563, 2.63020016507704, -0.00031873952197647437], [7.841549333111345, 5.262980736581826, 0.006672990866033457], [8.293323448658485, 6.194759181189497, 2.0083886052458997], [8.038418853400586, 6.2915450941470965, -1.989827824767413], [-0.7316525991164538, -1.9149201116673902, -0.0005344452925936105], [-0.7402445044129204, 0.9544540116696595, 1.6584506791321798], [-0.7401784075270146, 0.9555114333855033, -1.6578361066360985], [3.5713961979052895, -1.0209363055047684, 1.6467509033507794], [3.5713390780473095, -1.019869493755568, -1.6475253228906745], [3.3380013458920414, 3.7029847944839247, -1.6524703993585999], [3.337630314641285, 3.700320848054139, 1.655309180318594], [7.616217428380105, 1.7578585055195732, -1.6845577286933775], [7.622652976661839, 1.7436028741683103, 1.6724495235664794]], "name": "C4H9NO2", "identifiers": {"molecule_hash": "a60b7ce764266b210556e80f42f80cad8067cbdb", "molecular_formula": "C4H9NO2"}, "molecular_charge": 0.0, "molecular_multiplicity": 1, "connectivity": [[0, 1, 1.0], [0, 7, 1.0], [0, 8, 1.0], [0, 9, 1.0], [1, 2, 1.0], [1, 10, 1.0], [1, 11, 1.0], [2, 3, 1.0], [2, 12, 1.0], [2, 13, 1.0], [3, 4, 1.0], [3, 14, 1.0], [3, 15, 1.0], [4, 5, 2.0], [4, 6, 1.0]], "fix_com": true, "fix_orientation": true, "provenance": {"creator": "QCElemental", "version": "v0.22.0", "routine": "qcelemental.molparse.from_schema"}, "id": "231346"}, "charge": 0, "optimize_geometry": false, "conformers": [], "conformer_generation_options": {"n_conformer_pool": 4000, "n_max_conformers": 0, "rms_tolerance": 0.05, "energy_window": 15, "keep_original_conformer": true}, "stage_1_unrestrained_charges": null, "stage_1_restrained_charges": null, "stage_2_unrestrained_charges": null, "stage_2_restrained_charges": null, "keep_original_orientation": false, "reorientations": [], "translations": [], "rotations": []}], "unconstrained_atoms": [{"index": 0, "molecule": {"qcmol": {"schema_name": "qcschema_molecule", "schema_version": 2, "validated": true, "symbols": ["C", "C", "C", "C", "N", "O", "O", "H", "H", "H", "H", "H", "H", "H", "H", "H"], "geometry": [[0.0, -0.0, 0.0], [2.8873866566018527, 8.390496271260519e-16, 8.519425531881343e-16], [3.983968314251852, 2.675577940604693, 4.440892098500626e-16], [6.869893668139563, 2.63020016507704, -0.00031873952197647437], [7.841549333111345, 5.262980736581826, 0.006672990866033457], [8.293323448658485, 6.194759181189497, 2.0083886052458997], [8.038418853400586, 6.2915450941470965, -1.989827824767413], [-0.7316525991164538, -1.9149201116673902, -0.0005344452925936105], [-0.7402445044129204, 0.9544540116696595, 1.6584506791321798], [-0.7401784075270146, 0.9555114333855033, -1.6578361066360985], [3.5713961979052895, -1.0209363055047684, 1.6467509033507794], [3.5713390780473095, -1.019869493755568, -1.6475253228906745], [3.3380013458920414, 3.7029847944839247, -1.6524703993585999], [3.337630314641285, 3.700320848054139, 1.655309180318594], [7.616217428380105, 1.7578585055195732, -1.6845577286933775], [7.622652976661839, 1.7436028741683103, 1.6724495235664794]], "name": "C4H9NO2", "identifiers": {"molecule_hash": "a60b7ce764266b210556e80f42f80cad8067cbdb", "molecular_formula": "C4H9NO2"}, "molecular_charge": 0.0, "molecular_multiplicity": 1, "connectivity": [[0, 1, 1.0], [0, 7, 1.0], [0, 8, 1.0], [0, 9, 1.0], [1, 2, 1.0], [1, 10, 1.0], [1, 11, 1.0], [2, 3, 1.0], [2, 12, 1.0], [2, 13, 1.0], [3, 4, 1.0], [3, 14, 1.0], [3, 15, 1.0], [4, 5, 2.0], [4, 6, 1.0]], "fix_com": true, "fix_orientation": true, "provenance": {"creator": "QCElemental", "version": "v0.22.0", "routine": "qcelemental.molparse.from_schema"}, "id": "231346"}, "charge": 0, "optimize_geometry": false, "conformers": [], "conformer_generation_options": {"n_conformer_pool": 4000, "n_max_conformers": 0, "rms_tolerance": 0.05, "energy_window": 15, "keep_original_conformer": true}, "stage_1_unrestrained_charges": null, "stage_1_restrained_charges": null, "stage_2_unrestrained_charges": null, "stage_2_restrained_charges": null, "keep_original_orientation": false, "reorientations": [], "translations": [], "rotations": []}}, {"index": 1, "molecule": {"qcmol": {"schema_name": "qcschema_molecule", "schema_version": 2, "validated": true, "symbols": ["C", "C", "C", "C", "N", "O", "O", "H", "H", "H", "H", "H", "H", "H", "H", "H"], "geometry": [[0.0, -0.0, 0.0], [2.8873866566018527, 8.390496271260519e-16, 8.519425531881343e-16], [3.983968314251852, 2.675577940604693, 4.440892098500626e-16], [6.869893668139563, 2.63020016507704, -0.00031873952197647437], [7.841549333111345, 5.262980736581826, 0.006672990866033457], [8.293323448658485, 6.194759181189497, 2.0083886052458997], [8.038418853400586, 6.2915450941470965, -1.989827824767413], [-0.7316525991164538, -1.9149201116673902, -0.0005344452925936105], [-0.7402445044129204, 0.9544540116696595, 1.6584506791321798], [-0.7401784075270146, 0.9555114333855033, -1.6578361066360985], [3.5713961979052895, -1.0209363055047684, 1.6467509033507794], [3.5713390780473095, -1.019869493755568, -1.6475253228906745], [3.3380013458920414, 3.7029847944839247, -1.6524703993585999], [3.337630314641285, 3.700320848054139, 1.655309180318594], [7.616217428380105, 1.7578585055195732, -1.6845577286933775], [7.622652976661839, 1.7436028741683103, 1.6724495235664794]], "name": "C4H9NO2", "identifiers": {"molecule_hash": "a60b7ce764266b210556e80f42f80cad8067cbdb", "molecular_formula": "C4H9NO2"}, "molecular_charge": 0.0, "molecular_multiplicity": 1, "connectivity": [[0, 1, 1.0], [0, 7, 1.0], [0, 8, 1.0], [0, 9, 1.0], [1, 2, 1.0], [1, 10, 1.0], [1, 11, 1.0], [2, 3, 1.0], [2, 12, 1.0], [2, 13, 1.0], [3, 4, 1.0], [3, 14, 1.0], [3, 15, 1.0], [4, 5, 2.0], [4, 6, 1.0]], "fix_com": true, "fix_orientation": true, "provenance": {"creator": "QCElemental", "version": "v0.22.0", "routine": "qcelemental.molparse.from_schema"}, "id": "231346"}, "charge": 0, "optimize_geometry": false, "conformers": [], "conformer_generation_options": {"n_conformer_pool": 4000, "n_max_conformers": 0, "rms_tolerance": 0.05, "energy_window": 15, "keep_original_conformer": true}, "stage_1_unrestrained_charges": null, "stage_1_restrained_charges": null, "stage_2_unrestrained_charges": null, "stage_2_restrained_charges": null, "keep_original_orientation": false, "reorientations": [], "translations": [], "rotations": []}}, {"index": 2, "molecule": {"qcmol": {"schema_name": "qcschema_molecule", "schema_version": 2, "validated": true, "symbols": ["C", "C", "C", "C", "N", "O", "O", "H", "H", "H", "H", "H", "H", "H", "H", "H"], "geometry": [[0.0, -0.0, 0.0], [2.8873866566018527, 8.390496271260519e-16, 8.519425531881343e-16], [3.983968314251852, 2.675577940604693, 4.440892098500626e-16], [6.869893668139563, 2.63020016507704, -0.00031873952197647437], [7.841549333111345, 5.262980736581826, 0.006672990866033457], [8.293323448658485, 6.194759181189497, 2.0083886052458997], [8.038418853400586, 6.2915450941470965, -1.989827824767413], [-0.7316525991164538, -1.9149201116673902, -0.0005344452925936105], [-0.7402445044129204, 0.9544540116696595, 1.6584506791321798], [-0.7401784075270146, 0.9555114333855033, -1.6578361066360985], [3.5713961979052895, -1.0209363055047684, 1.6467509033507794], [3.5713390780473095, -1.019869493755568, -1.6475253228906745], [3.3380013458920414, 3.7029847944839247, -1.6524703993585999], [3.337630314641285, 3.700320848054139, 1.655309180318594], [7.616217428380105, 1.7578585055195732, -1.6845577286933775], [7.622652976661839, 1.7436028741683103, 1.6724495235664794]], "name": "C4H9NO2", "identifiers": {"molecule_hash": "a60b7ce764266b210556e80f42f80cad8067cbdb", "molecular_formula": "C4H9NO2"}, "molecular_charge": 0.0, "molecular_multiplicity": 1, "connectivity": [[0, 1, 1.0], [0, 7, 1.0], [0, 8, 1.0], [0, 9, 1.0], [1, 2, 1.0], [1, 10, 1.0], [1, 11, 1.0], [2, 3, 1.0], [2, 12, 1.0], [2, 13, 1.0], [3, 4, 1.0], [3, 14, 1.0], [3, 15, 1.0], [4, 5, 2.0], [4, 6, 1.0]], "fix_com": true, "fix_orientation": true, "provenance": {"creator": "QCElemental", "version": "v0.22.0", "routine": "qcelemental.molparse.from_schema"}, "id": "231346"}, "charge": 0, "optimize_geometry": false, "conformers": [], "conformer_generation_options": {"n_conformer_pool": 4000, "n_max_conformers": 0, "rms_tolerance": 0.05, "energy_window": 15, "keep_original_conformer": true}, "stage_1_unrestrained_charges": null, "stage_1_restrained_charges": null, "stage_2_unrestrained_charges": null, "stage_2_restrained_charges": null, "keep_original_orientation": false, "reorientations": [], "translations": [], "rotations": []}}, {"index": 3, "molecule": {"qcmol": {"schema_name": "qcschema_molecule", "schema_version": 2, "validated": true, "symbols": ["C", "C", "C", "C", "N", "O", "O", "H", "H", "H", "H", "H", "H", "H", "H", "H"], "geometry": [[0.0, -0.0, 0.0], [2.8873866566018527, 8.390496271260519e-16, 8.519425531881343e-16], [3.983968314251852, 2.675577940604693, 4.440892098500626e-16], [6.869893668139563, 2.63020016507704, -0.00031873952197647437], [7.841549333111345, 5.262980736581826, 0.006672990866033457], [8.293323448658485, 6.194759181189497, 2.0083886052458997], [8.038418853400586, 6.2915450941470965, -1.989827824767413], [-0.7316525991164538, -1.9149201116673902, -0.0005344452925936105], [-0.7402445044129204, 0.9544540116696595, 1.6584506791321798], [-0.7401784075270146, 0.9555114333855033, -1.6578361066360985], [3.5713961979052895, -1.0209363055047684, 1.6467509033507794], [3.5713390780473095, -1.019869493755568, -1.6475253228906745], [3.3380013458920414, 3.7029847944839247, -1.6524703993585999], [3.337630314641285, 3.700320848054139, 1.655309180318594], [7.616217428380105, 1.7578585055195732, -1.6845577286933775], [7.622652976661839, 1.7436028741683103, 1.6724495235664794]], "name": "C4H9NO2", "identifiers": {"molecule_hash": "a60b7ce764266b210556e80f42f80cad8067cbdb", "molecular_formula": "C4H9NO2"}, "molecular_charge": 0.0, "molecular_multiplicity": 1, "connectivity": [[0, 1, 1.0], [0, 7, 1.0], [0, 8, 1.0], [0, 9, 1.0], [1, 2, 1.0], [1, 10, 1.0], [1, 11, 1.0], [2, 3, 1.0], [2, 12, 1.0], [2, 13, 1.0], [3, 4, 1.0], [3, 14, 1.0], [3, 15, 1.0], [4, 5, 2.0], [4, 6, 1.0]], "fix_com": true, "fix_orientation": true, "provenance": {"creator": "QCElemental", "version": "v0.22.0", "routine": "qcelemental.molparse.from_schema"}, "id": "231346"}, "charge": 0, "optimize_geometry": false, "conformers": [], "conformer_generation_options": {"n_conformer_pool": 4000, "n_max_conformers": 0, "rms_tolerance": 0.05, "energy_window": 15, "keep_original_conformer": true}, "stage_1_unrestrained_charges": null, "stage_1_restrained_charges": null, "stage_2_unrestrained_charges": null, "stage_2_restrained_charges": null, "keep_original_orientation": false, "reorientations": [], "translations": [], "rotations": []}}]}, "surface_constraints": {"matrix": [[4577.7926033884805, 4447.341296686076, 4284.34154787804, 4088.6986311671944, 3909.0205273684783, 3793.6859788617535, 3848.6675041964645, 4601.875519369035, 4592.826260168177, 4608.684328228966, 4435.02264259358, 4436.037404092718, 4272.139579470364, 4289.264468137293, 4067.5492516665704, 4060.694820188051], [4447.341296686076, 4556.582718219402, 4443.470570414994, 4284.676470775319, 4111.642066867978, 4027.3114651395645, 4021.4017963537353, 4408.264967516209, 4401.712467450788, 4414.4620155539615, 4617.333031837168, 4617.9453339553465, 4442.844815270468, 4441.029344202375, 4276.757335426315, 4260.877602913243], [4284.34154787804, 4443.470570414994, 4558.525052582888, 4444.946422838062, 4305.955005017701, 4236.660175998804, 4218.766677518975, 4243.406419054674, 4199.4764690308275, 4260.845482227764, 4436.451407707567, 4438.205106943698, 4629.184237278492, 4627.523946424925, 4432.340727673009, 4433.1930306588165], [4088.6986311671944, 4284.676470775319, 4444.946422838062, 4559.16028349366, 4459.174190039623, 4383.122960061823, 4392.834586655127, 4026.916901893148, 3991.937957033916, 4075.7186527640088, 4287.171235309629, 4271.63073306738, 4449.66809139995, 4446.711347104335, 4620.798100144307, 4621.369238900764], [3909.0205273684783, 4111.642066867978, 4305.955005017701, 4459.174190039623, 4580.136466315376, 4578.305765720412, 4585.926960396657, 3828.833628752092, 3816.5060486491666, 3907.146284173751, 4107.837206935072, 4092.2032116530304, 4303.360727465853, 4317.45896818291, 4462.690412880045, 4463.28547952088], [3793.6859788617535, 4027.3114651395645, 4236.660175998804, 4383.122960061823, 4578.305765720412, 4751.4773939387915, 4479.95018845678, 3707.0990728824345, 3715.762805045935, 3763.4675290969153, 4036.32956802494, 4013.29983192166, 4232.881014950768, 4265.886475390783, 4331.80579628395, 4386.41097355879], [3848.6675041964645, 4021.4017963537353, 4218.766677518975, 4392.834586655127, 4585.926960396657, 4479.95018845678, 4766.4159733714005, 3765.383528266085, 3746.83239886576, 3880.895363133602, 4001.5226913619204, 3991.9144757167333, 4212.514574375554, 4220.61890178321, 4409.407023714281, 4355.332913532215], [4601.875519369035, 4408.264967516209, 4243.406419054674, 4026.916901893148, 3828.833628752092, 3707.0990728824345, 3765.383528266085, 4814.491625959915, 4549.172203913834, 4566.227779880105, 4364.20095271438, 4381.343988008869, 4255.188208755239, 4240.103000872437, 3997.7612315600145, 4006.025188561257], [4592.826260168177, 4401.712467450788, 4199.4764690308275, 3991.937957033916, 3816.5060486491666, 3715.762805045935, 3746.83239886576, 4549.172203913834, 4794.094335135158, 4557.298895028059, 4407.220784156903, 4359.419554841859, 4165.723999515178, 4209.644039521312, 3970.0867438569503, 3953.3132554872077], [4608.684328228966, 4414.4620155539615, 4260.845482227764, 4075.7186527640088, 3907.146284173751, 3763.4675290969153, 3880.895363133602, 4566.227779880105, 4557.298895028059, 4827.663021301318, 4357.340366325131, 4390.781715995344, 4237.99729632776, 4273.510500603031, 4055.6614795405912, 4049.5770832548715], [4435.02264259358, 4617.333031837168, 4436.451407707567, 4287.171235309629, 4107.837206935072, 4036.32956802494, 4001.5226913619204, 4364.20095271438, 4407.220784156903, 4357.340366325131, 4862.141892882264, 4610.309562172981, 4371.489969770603, 4435.692805315918, 4250.649513189706, 4300.805542732649], [4436.037404092718, 4617.9453339553465, 4438.205106943698, 4271.63073306738, 4092.2032116530304, 4013.29983192166, 3991.9144757167333, 4381.343988008869, 4359.419554841859, 4390.781715995344, 4610.309562172981, 4861.534644354523, 4455.082632409751, 4370.627108779556, 4305.790652168757, 4204.90738926105], [4272.139579470364, 4442.844815270468, 4629.184237278492, 4449.66809139995, 4303.360727465853, 4232.881014950768, 4212.514574375554, 4255.188208755239, 4165.723999515178, 4237.99729632776, 4371.489969770603, 4455.082632409751, 4879.567661763046, 4629.311436585601, 4424.420255377618, 4403.000615228834], [4289.264468137293, 4441.029344202375, 4627.523946424925, 4446.711347104335, 4317.45896818291, 4265.886475390783, 4220.61890178321, 4240.103000872437, 4209.644039521312, 4273.510500603031, 4435.692805315918, 4370.627108779556, 4629.311436585601, 4876.91872082464, 4385.839843060074, 4423.562541019022], [4067.5492516665704, 4276.757335426315, 4432.340727673009, 4620.798100144307, 4462.690412880045, 4331.80579628395, 4409.407023714281, 3997.7612315600145, 3970.0867438569503, 4055.6614795405912, 4250.649513189706, 4305.790652168757, 4424.420255377618, 4385.839843060074, 4859.881088909665, 4607.135252466913], [4060.694820188051, 4260.877602913243, 4433.1930306588165, 4621.369238900764, 4463.28547952088, 4386.41097355879, 4355.332913532215, 4006.025188561257, 3953.3132554872077, 4049.5770832548715, 4300.805542732649, 4204.90738926105, 4403.000615228834, 4423.562541019022, 4607.135252466913, 4860.134582243711], [140.49539451925503, 133.21617443840196, 107.49635534165049, 75.26184863844526, -45.58450110224697, -95.38530326374752, -96.09338546419494, 150.48466208154193, 140.25193810504018, 135.02954743505614, 136.69749812764232, 138.84941550239546, 113.69433087941708, 104.71319651099554, 103.41697471247329, 102.77139433000056]]}}