{"resp_b": 0.1, "restrained_fit": true, "exclude_hydrogens": true, "convergence_tolerance": 1e-06, "max_iter": 500, "resp_a": 0.0005, "charge_constraints": {"charge_sum_constraints": [], "charge_equivalence_constraints": [], "molecules": [{"qcmol": {"schema_name": "qcschema_molecule", "schema_version": 2, "validated": true, "symbols": ["C", "C", "C", "C", "N", "O", "O", "H", "H", "H", "H", "H", "H", "H", "H", "H"], "geometry": [[0.0, -0.0, 0.0], [2.8873866566018527, 8.390496271260519e-16, 8.519425531881343e-16], [3.983968314251852, 2.675577940604693, 4.440892098500626e-16], [6.869893668139563, 2.63020016507704, -0.00031873952197647437], [7.841549333111345, 5.262980736581826, 0.006672990866033457], [8.293323448658485, 6.194759181189497, 2.0083886052458997], [8.038418853400586, 6.2915450941470965, -1.989827824767413], [-0.7316525991164538, -1.9149201116673902, -0.0005344452925936105], [-0.7402445044129204, 0.9544540116696595, 1.6584506791321798], [-0.7401784075270146, 0.9555114333855033, -1.6578361066360985], [3.5713961979052895, -1.0209363055047684, 1.6467509033507794], [3.5713390780473095, -1.019869493755568, -1.6475253228906745], [3.3380013458920414, 3.7029847944839247, -1.6524703993585999], [3.337630314641285, 3.700320848054139, 1.655309180318594], [7.616217428380105, 1.7578585055195732, -1.6845577286933775], [7.622652976661839, 1.7436028741683103, 1.6724495235664794]], "name": "C4H9NO2", "identifiers": {"molecule_hash": "a60b7ce764266b210556e80f42f80cad8067cbdb", "molecular_formula": "C4H9NO2"}, "molecular_charge": 0.0, "molecular_multiplicity": 1, "connectivity": [[0, 1, 1.0], [0, 7, 1.0], [0, 8, 1.0], [0, 9, 1.0], [1, 2, 1.0], [1, 10, 1.0], [1, 11, 1.0], [2, 3, 1.0], [2, 12, 1.0], [2, 13, 1.0], [3, 4, 1.0], [3, 14, 1.0], [3, 15, 1.0], [4, 5, 2.0], [4, 6, 1.0]], "fix_com": true, "fix_orientation": true, "provenance": {"creator": "QCElemental", "version": "v0.22.0", "routine": "qcelemental.molparse.from_schema"}, "id": "231346"}, "charge": 0, "optimize_geometry": false, "conformers": [], "conformer_generation_options": {"n_conformer_pool": 4000, "n_max_conformers": 0, "rms_tolerance": 0.05, "energy_window": 15, "keep_original_conformer": true}, "stage_1_unrestrained_charges": null, "stage_1_restrained_charges": null, "stage_2_unrestrained_charges": null, "stage_2_restrained_charges": null, "keep_original_orientation": false, "reorientations": [], "translations": [], "rotations": []}], "unconstrained_atoms": [{"index": 0, "molecule": {"qcmol": {"schema_name": "qcschema_molecule", "schema_version": 2, "validated": true, "symbols": ["C", "C", "C", "C", "N", "O", "O", "H", "H", "H", "H", "H", "H", "H", "H", "H"], "geometry": [[0.0, -0.0, 0.0], [2.8873866566018527, 8.390496271260519e-16, 8.519425531881343e-16], [3.983968314251852, 2.675577940604693, 4.440892098500626e-16], [6.869893668139563, 2.63020016507704, -0.00031873952197647437], [7.841549333111345, 5.262980736581826, 0.006672990866033457], [8.293323448658485, 6.194759181189497, 2.0083886052458997], [8.038418853400586, 6.2915450941470965, -1.989827824767413], [-0.7316525991164538, -1.9149201116673902, -0.0005344452925936105], [-0.7402445044129204, 0.9544540116696595, 1.6584506791321798], [-0.7401784075270146, 0.9555114333855033, -1.6578361066360985], [3.5713961979052895, -1.0209363055047684, 1.6467509033507794], [3.5713390780473095, -1.019869493755568, -1.6475253228906745], [3.3380013458920414, 3.7029847944839247, -1.6524703993585999], [3.337630314641285, 3.700320848054139, 1.655309180318594], [7.616217428380105, 1.7578585055195732, -1.6845577286933775], [7.622652976661839, 1.7436028741683103, 1.6724495235664794]], "name": "C4H9NO2", "identifiers": {"molecule_hash": "a60b7ce764266b210556e80f42f80cad8067cbdb", "molecular_formula": "C4H9NO2"}, "molecular_charge": 0.0, "molecular_multiplicity": 1, "connectivity": [[0, 1, 1.0], [0, 7, 1.0], [0, 8, 1.0], [0, 9, 1.0], [1, 2, 1.0], [1, 10, 1.0], [1, 11, 1.0], [2, 3, 1.0], [2, 12, 1.0], [2, 13, 1.0], [3, 4, 1.0], [3, 14, 1.0], [3, 15, 1.0], [4, 5, 2.0], [4, 6, 1.0]], "fix_com": true, "fix_orientation": true, "provenance": {"creator": "QCElemental", "version": "v0.22.0", "routine": "qcelemental.molparse.from_schema"}, "id": "231346"}, "charge": 0, "optimize_geometry": false, "conformers": [], "conformer_generation_options": {"n_conformer_pool": 4000, "n_max_conformers": 0, "rms_tolerance": 0.05, "energy_window": 15, "keep_original_conformer": true}, "stage_1_unrestrained_charges": null, "stage_1_restrained_charges": null, "stage_2_unrestrained_charges": null, "stage_2_restrained_charges": null, "keep_original_orientation": false, "reorientations": [], "translations": [], "rotations": []}}, {"index": 1, "molecule": {"qcmol": {"schema_name": "qcschema_molecule", "schema_version": 2, "validated": true, "symbols": ["C", "C", "C", "C", "N", "O", "O", "H", "H", "H", "H", "H", "H", "H", "H", "H"], "geometry": [[0.0, -0.0, 0.0], [2.8873866566018527, 8.390496271260519e-16, 8.519425531881343e-16], [3.983968314251852, 2.675577940604693, 4.440892098500626e-16], [6.869893668139563, 2.63020016507704, -0.00031873952197647437], [7.841549333111345, 5.262980736581826, 0.006672990866033457], [8.293323448658485, 6.194759181189497, 2.0083886052458997], [8.038418853400586, 6.2915450941470965, -1.989827824767413], [-0.7316525991164538, -1.9149201116673902, -0.0005344452925936105], [-0.7402445044129204, 0.9544540116696595, 1.6584506791321798], [-0.7401784075270146, 0.9555114333855033, -1.6578361066360985], [3.5713961979052895, -1.0209363055047684, 1.6467509033507794], [3.5713390780473095, -1.019869493755568, -1.6475253228906745], [3.3380013458920414, 3.7029847944839247, -1.6524703993585999], [3.337630314641285, 3.700320848054139, 1.655309180318594], [7.616217428380105, 1.7578585055195732, -1.6845577286933775], [7.622652976661839, 1.7436028741683103, 1.6724495235664794]], "name": "C4H9NO2", "identifiers": {"molecule_hash": "a60b7ce764266b210556e80f42f80cad8067cbdb", "molecular_formula": "C4H9NO2"}, "molecular_charge": 0.0, "molecular_multiplicity": 1, "connectivity": [[0, 1, 1.0], [0, 7, 1.0], [0, 8, 1.0], [0, 9, 1.0], [1, 2, 1.0], [1, 10, 1.0], [1, 11, 1.0], [2, 3, 1.0], [2, 12, 1.0], [2, 13, 1.0], [3, 4, 1.0], [3, 14, 1.0], [3, 15, 1.0], [4, 5, 2.0], [4, 6, 1.0]], "fix_com": true, "fix_orientation": true, "provenance": {"creator": "QCElemental", "version": "v0.22.0", "routine": "qcelemental.molparse.from_schema"}, "id": "231346"}, "charge": 0, "optimize_geometry": false, "conformers": [], "conformer_generation_options": {"n_conformer_pool": 4000, "n_max_conformers": 0, "rms_tolerance": 0.05, "energy_window": 15, "keep_original_conformer": true}, "stage_1_unrestrained_charges": null, "stage_1_restrained_charges": null, "stage_2_unrestrained_charges": null, "stage_2_restrained_charges": null, "keep_original_orientation": false, "reorientations": [], "translations": [], "rotations": []}}, {"index": 2, "molecule": {"qcmol": {"schema_name": "qcschema_molecule", "schema_version": 2, "validated": true, "symbols": ["C", "C", "C", "C", "N", "O", "O", "H", "H", "H", "H", "H", "H", "H", "H", "H"], "geometry": [[0.0, -0.0, 0.0], [2.8873866566018527, 8.390496271260519e-16, 8.519425531881343e-16], [3.983968314251852, 2.675577940604693, 4.440892098500626e-16], [6.869893668139563, 2.63020016507704, -0.00031873952197647437], [7.841549333111345, 5.262980736581826, 0.006672990866033457], [8.293323448658485, 6.194759181189497, 2.0083886052458997], [8.038418853400586, 6.2915450941470965, -1.989827824767413], [-0.7316525991164538, -1.9149201116673902, -0.0005344452925936105], [-0.7402445044129204, 0.9544540116696595, 1.6584506791321798], [-0.7401784075270146, 0.9555114333855033, -1.6578361066360985], [3.5713961979052895, -1.0209363055047684, 1.6467509033507794], [3.5713390780473095, -1.019869493755568, -1.6475253228906745], [3.3380013458920414, 3.7029847944839247, -1.6524703993585999], [3.337630314641285, 3.700320848054139, 1.655309180318594], [7.616217428380105, 1.7578585055195732, -1.6845577286933775], [7.622652976661839, 1.7436028741683103, 1.6724495235664794]], "name": "C4H9NO2", "identifiers": {"molecule_hash": "a60b7ce764266b210556e80f42f80cad8067cbdb", "molecular_formula": "C4H9NO2"}, "molecular_charge": 0.0, "molecular_multiplicity": 1, "connectivity": [[0, 1, 1.0], [0, 7, 1.0], [0, 8, 1.0], [0, 9, 1.0], [1, 2, 1.0], [1, 10, 1.0], [1, 11, 1.0], [2, 3, 1.0], [2, 12, 1.0], [2, 13, 1.0], [3, 4, 1.0], [3, 14, 1.0], [3, 15, 1.0], [4, 5, 2.0], [4, 6, 1.0]], "fix_com": true, "fix_orientation": true, "provenance": {"creator": "QCElemental", "version": "v0.22.0", "routine": "qcelemental.molparse.from_schema"}, "id": "231346"}, "charge": 0, "optimize_geometry": false, "conformers": [], "conformer_generation_options": {"n_conformer_pool": 4000, "n_max_conformers": 0, "rms_tolerance": 0.05, "energy_window": 15, "keep_original_conformer": true}, "stage_1_unrestrained_charges": null, "stage_1_restrained_charges": null, "stage_2_unrestrained_charges": null, "stage_2_restrained_charges": null, "keep_original_orientation": false, "reorientations": [], "translations": [], "rotations": []}}, {"index": 3, "molecule": {"qcmol": {"schema_name": "qcschema_molecule", "schema_version": 2, "validated": true, "symbols": ["C", "C", "C", "C", "N", "O", "O", "H", "H", "H", "H", "H", "H", "H", "H", "H"], "geometry": [[0.0, -0.0, 0.0], [2.8873866566018527, 8.390496271260519e-16, 8.519425531881343e-16], [3.983968314251852, 2.675577940604693, 4.440892098500626e-16], [6.869893668139563, 2.63020016507704, -0.00031873952197647437], [7.841549333111345, 5.262980736581826, 0.006672990866033457], [8.293323448658485, 6.194759181189497, 2.0083886052458997], [8.038418853400586, 6.2915450941470965, -1.989827824767413], [-0.7316525991164538, -1.9149201116673902, -0.0005344452925936105], [-0.7402445044129204, 0.9544540116696595, 1.6584506791321798], [-0.7401784075270146, 0.9555114333855033, -1.6578361066360985], [3.5713961979052895, -1.0209363055047684, 1.6467509033507794], [3.5713390780473095, -1.019869493755568, -1.6475253228906745], [3.3380013458920414, 3.7029847944839247, -1.6524703993585999], [3.337630314641285, 3.700320848054139, 1.655309180318594], [7.616217428380105, 1.7578585055195732, -1.6845577286933775], [7.622652976661839, 1.7436028741683103, 1.6724495235664794]], "name": "C4H9NO2", "identifiers": {"molecule_hash": "a60b7ce764266b210556e80f42f80cad8067cbdb", "molecular_formula": "C4H9NO2"}, "molecular_charge": 0.0, "molecular_multiplicity": 1, "connectivity": [[0, 1, 1.0], [0, 7, 1.0], [0, 8, 1.0], [0, 9, 1.0], [1, 2, 1.0], [1, 10, 1.0], [1, 11, 1.0], [2, 3, 1.0], [2, 12, 1.0], [2, 13, 1.0], [3, 4, 1.0], [3, 14, 1.0], [3, 15, 1.0], [4, 5, 2.0], [4, 6, 1.0]], "fix_com": true, "fix_orientation": true, "provenance": {"creator": "QCElemental", "version": "v0.22.0", "routine": "qcelemental.molparse.from_schema"}, "id": "231346"}, "charge": 0, "optimize_geometry": false, "conformers": [], "conformer_generation_options": {"n_conformer_pool": 4000, "n_max_conformers": 0, "rms_tolerance": 0.05, "energy_window": 15, "keep_original_conformer": true}, "stage_1_unrestrained_charges": null, "stage_1_restrained_charges": null, "stage_2_unrestrained_charges": null, "stage_2_restrained_charges": null, "keep_original_orientation": false, "reorientations": [], "translations": [], "rotations": []}}]}, "surface_constraints": {"matrix": [[1856.0209754524474, 1796.7137043699659, 1720.710641931597, 1629.8831008456891, 1548.2440027639313, 1497.6362917450956, 1518.4352772551376, 1862.6840972492607, 1859.7887857417063, 1865.2887402322142, 1789.8493995144959, 1789.6235570573788, 1713.8826856696185, 1721.0369680575645, 1617.2338463822418, 1615.4591392596844], [1796.7137043699659, 1843.4973714993496, 1788.7660072505826, 1713.2095174620226, 1633.382990662126, 1595.0258005786677, 1590.6817752478928, 1776.6471655964224, 1774.7004651505367, 1778.5934071215659, 1868.1548565130702, 1867.8754853281248, 1786.5491994792283, 1785.8564124784878, 1705.6968746881769, 1700.2524047341856], [1720.710641931597, 1788.7660072505826, 1835.3160646988702, 1778.9570358749086, 1712.6622567550176, 1680.3877326580316, 1670.5187096301074, 1700.7620745560414, 1682.5130002548995, 1707.213084809216, 1784.18529599817, 1784.4318279648267, 1864.0248522929614, 1863.5145378169314, 1769.0481446999952, 1771.0752063587106], [1629.8831008456891, 1713.2095174620226, 1778.9570358749086, 1821.8276982288937, 1772.15660319722, 1737.1739207479375, 1738.3472509559792, 1601.7325109253857, 1587.617107705227, 1621.2822370869853, 1713.1589948164076, 1705.987543511635, 1779.5779572069182, 1778.6367191759439, 1843.2303702696295, 1845.4002582926516], [1548.2440027639313, 1633.382990662126, 1712.6622567550176, 1772.15660319722, 1819.568942868593, 1816.527280887489, 1816.9711706450248, 1512.848934571086, 1508.4818911352615, 1544.8020464728945, 1631.0783791540434, 1623.877861285156, 1710.179020057634, 1716.3551390549178, 1768.7674101864282, 1770.6415540733296], [1497.6362917450956, 1595.0258005786677, 1680.3877326580316, 1737.1739207479375, 1816.527280887489, 1891.0245026570635, 1768.0029429462056, 1459.9361463887615, 1464.2620273293553, 1482.832549240933, 1597.888804083953, 1587.8997200668555, 1677.1519121572758, 1691.584824985719, 1711.0333670780424, 1735.320244957393], [1518.4352772551376, 1590.6817752478928, 1670.5187096301074, 1738.3472509559792, 1816.9711706450248, 1768.0029429462056, 1892.2370768961284, 1482.0062218870935, 1475.220521078482, 1529.0814106402347, 1582.1086556571, 1577.1475842464881, 1666.7664715555381, 1670.0511819303863, 1740.4588428426648, 1719.3953478542996], [1862.6840972492607, 1776.6471655964224, 1700.7620745560414, 1601.7325109253857, 1512.848934571086, 1459.9361463887615, 1482.0062218870935, 1950.2341198412123, 1836.982334362832, 1843.411840381371, 1756.055549016525, 1763.3164826371878, 1704.4132778346177, 1697.59088367994, 1586.1083492213304, 1590.4202627059553], [1859.7887857417063, 1774.7004651505367, 1682.5130002548995, 1587.617107705227, 1508.4818911352615, 1464.2620273293553, 1475.220521078482, 1836.982334362832, 1943.5211474168386, 1840.4768747532205, 1775.6409209803387, 1754.440540069551, 1666.6605586489209, 1685.0955929554889, 1574.8508817680054, 1569.0746870934943], [1865.2887402322142, 1778.5934071215659, 1707.213084809216, 1621.2822370869853, 1544.8020464728945, 1482.832549240933, 1529.0814106402347, 1843.411840381371, 1840.4768747532205, 1955.3575836950026, 1753.0300238643545, 1766.1575290789401, 1695.9098029444162, 1710.9952679852497, 1609.1725129866004, 1607.7066494752803], [1789.8493995144959, 1868.1548565130702, 1784.18529599817, 1713.1589948164076, 1631.0783791540434, 1597.888804083953, 1582.1086556571, 1756.055549016525, 1775.6409209803387, 1753.0300238643545, 1971.3140007964632, 1863.0098279012068, 1754.5601533784247, 1781.9670460598823, 1693.8631726132237, 1715.6993650156626], [1789.6235570573788, 1867.8754853281248, 1784.4318279648267, 1705.987543511635, 1623.877861285156, 1587.8997200668555, 1577.1475842464881, 1763.3164826371878, 1754.440540069551, 1766.1575290789401, 1863.0098279012068, 1970.0125216881597, 1789.5643025681331, 1753.9000744155583, 1716.0248537402726, 1675.2805233871745], [1713.8826856696185, 1786.5491994792283, 1864.0248522929614, 1779.5779572069182, 1710.179020057634, 1677.1519121572758, 1666.7664715555381, 1704.4132778346177, 1666.6605586489209, 1695.9098029444162, 1754.5601533784247, 1789.5643025681331, 1969.033856822091, 1862.750885338596, 1764.3747049537924, 1757.2787480358888], [1721.0369680575645, 1785.8564124784878, 1863.5145378169314, 1778.6367191759439, 1716.3551390549178, 1691.584824985719, 1670.0511819303863, 1697.59088367994, 1685.0955929554889, 1710.9952679852497, 1781.9670460598823, 1753.9000744155583, 1862.750885338596, 1968.318830389475, 1748.7360450824224, 1765.9522384249642], [1617.2338463822418, 1705.6968746881769, 1769.0481446999952, 1843.2303702696295, 1768.7674101864282, 1711.0333670780424, 1740.4588428426648, 1586.1083492213304, 1574.8508817680054, 1609.1725129866004, 1693.8631726132237, 1716.0248537402726, 1764.3747049537924, 1748.7360450824224, 1938.7342883893434, 1835.274929545308], [1615.4591392596844, 1700.2524047341856, 1771.0752063587106, 1845.4002582926516, 1770.6415540733296, 1735.320244957393, 1719.3953478542996, 1590.4202627059553, 1569.0746870934943, 1607.7066494752803, 1715.6993650156626, 1675.2805233871745, 1757.2787480358888, 1765.9522384249642, 1835.274929545308, 1942.9789732224172], [62.334074947918914, 59.9617099772843, 49.58987527537734, 35.94541082221193, -16.18637263441782, -37.994418463016665, -38.45345463174688, 66.09333532374552, 61.73107088223399, 59.7633905814595, 61.21657027146219, 62.131888219839155, 52.21917491956784, 48.45235502449842, 47.70922777807778, 47.575003321412865]]}}