{"resp_b": 0.1, "restrained_fit": true, "exclude_hydrogens": true, "convergence_tolerance": 1e-06, "max_iter": 500, "resp_a": 0.0005, "charge_constraints": {"charge_sum_constraints": [], "charge_equivalence_constraints": [], "molecules": [{"qcmol": {"schema_name": "qcschema_molecule", "schema_version": 2, "validated": true, "symbols": ["C", "C", "C", "C", "N", "O", "O", "H", "H", "H", "H", "H", "H", "H", "H", "H"], "geometry": [[0.0, -0.0, 0.0], [2.8873866566018527, 8.390496271260519e-16, 8.519425531881343e-16], [3.983968314251852, 2.675577940604693, 4.440892098500626e-16], [6.869893668139563, 2.63020016507704, -0.00031873952197647437], [7.841549333111345, 5.262980736581826, 0.006672990866033457], [8.293323448658485, 6.194759181189497, 2.0083886052458997], [8.038418853400586, 6.2915450941470965, -1.989827824767413], [-0.7316525991164538, -1.9149201116673902, -0.0005344452925936105], [-0.7402445044129204, 0.9544540116696595, 1.6584506791321798], [-0.7401784075270146, 0.9555114333855033, -1.6578361066360985], [3.5713961979052895, -1.0209363055047684, 1.6467509033507794], [3.5713390780473095, -1.019869493755568, -1.6475253228906745], [3.3380013458920414, 3.7029847944839247, -1.6524703993585999], [3.337630314641285, 3.700320848054139, 1.655309180318594], [7.616217428380105, 1.7578585055195732, -1.6845577286933775], [7.622652976661839, 1.7436028741683103, 1.6724495235664794]], "name": "C4H9NO2", "identifiers": {"molecule_hash": "a60b7ce764266b210556e80f42f80cad8067cbdb", "molecular_formula": "C4H9NO2"}, "molecular_charge": 0.0, "molecular_multiplicity": 1, "connectivity": [[0, 1, 1.0], [0, 7, 1.0], [0, 8, 1.0], [0, 9, 1.0], [1, 2, 1.0], [1, 10, 1.0], [1, 11, 1.0], [2, 3, 1.0], [2, 12, 1.0], [2, 13, 1.0], [3, 4, 1.0], [3, 14, 1.0], [3, 15, 1.0], [4, 5, 2.0], [4, 6, 1.0]], "fix_com": true, "fix_orientation": true, "provenance": {"creator": "QCElemental", "version": "v0.22.0", "routine": "qcelemental.molparse.from_schema"}, "id": "231346"}, "charge": 0, "optimize_geometry": false, "conformers": [], "conformer_generation_options": {"n_conformer_pool": 4000, "n_max_conformers": 0, "rms_tolerance": 0.05, "energy_window": 15, "keep_original_conformer": true}, "stage_1_unrestrained_charges": null, "stage_1_restrained_charges": null, "stage_2_unrestrained_charges": null, "stage_2_restrained_charges": null, "keep_original_orientation": false, "reorientations": [], "translations": [], "rotations": []}], "unconstrained_atoms": [{"index": 0, "molecule": {"qcmol": {"schema_name": "qcschema_molecule", "schema_version": 2, "validated": true, "symbols": ["C", "C", "C", "C", "N", "O", "O", "H", "H", "H", "H", "H", "H", "H", "H", "H"], "geometry": [[0.0, -0.0, 0.0], [2.8873866566018527, 8.390496271260519e-16, 8.519425531881343e-16], [3.983968314251852, 2.675577940604693, 4.440892098500626e-16], [6.869893668139563, 2.63020016507704, -0.00031873952197647437], [7.841549333111345, 5.262980736581826, 0.006672990866033457], [8.293323448658485, 6.194759181189497, 2.0083886052458997], [8.038418853400586, 6.2915450941470965, -1.989827824767413], [-0.7316525991164538, -1.9149201116673902, -0.0005344452925936105], [-0.7402445044129204, 0.9544540116696595, 1.6584506791321798], [-0.7401784075270146, 0.9555114333855033, -1.6578361066360985], [3.5713961979052895, -1.0209363055047684, 1.6467509033507794], [3.5713390780473095, -1.019869493755568, -1.6475253228906745], [3.3380013458920414, 3.7029847944839247, -1.6524703993585999], [3.337630314641285, 3.700320848054139, 1.655309180318594], [7.616217428380105, 1.7578585055195732, -1.6845577286933775], [7.622652976661839, 1.7436028741683103, 1.6724495235664794]], "name": "C4H9NO2", "identifiers": {"molecule_hash": "a60b7ce764266b210556e80f42f80cad8067cbdb", "molecular_formula": "C4H9NO2"}, "molecular_charge": 0.0, "molecular_multiplicity": 1, "connectivity": [[0, 1, 1.0], [0, 7, 1.0], [0, 8, 1.0], [0, 9, 1.0], [1, 2, 1.0], [1, 10, 1.0], [1, 11, 1.0], [2, 3, 1.0], [2, 12, 1.0], [2, 13, 1.0], [3, 4, 1.0], [3, 14, 1.0], [3, 15, 1.0], [4, 5, 2.0], [4, 6, 1.0]], "fix_com": true, "fix_orientation": true, "provenance": {"creator": "QCElemental", "version": "v0.22.0", "routine": "qcelemental.molparse.from_schema"}, "id": "231346"}, "charge": 0, "optimize_geometry": false, "conformers": [], "conformer_generation_options": {"n_conformer_pool": 4000, "n_max_conformers": 0, "rms_tolerance": 0.05, "energy_window": 15, "keep_original_conformer": true}, "stage_1_unrestrained_charges": null, "stage_1_restrained_charges": null, "stage_2_unrestrained_charges": null, "stage_2_restrained_charges": null, "keep_original_orientation": false, "reorientations": [], "translations": [], "rotations": []}}, {"index": 1, "molecule": {"qcmol": {"schema_name": "qcschema_molecule", "schema_version": 2, "validated": true, "symbols": ["C", "C", "C", "C", "N", "O", "O", "H", "H", "H", "H", "H", "H", "H", "H", "H"], "geometry": [[0.0, -0.0, 0.0], [2.8873866566018527, 8.390496271260519e-16, 8.519425531881343e-16], [3.983968314251852, 2.675577940604693, 4.440892098500626e-16], [6.869893668139563, 2.63020016507704, -0.00031873952197647437], [7.841549333111345, 5.262980736581826, 0.006672990866033457], [8.293323448658485, 6.194759181189497, 2.0083886052458997], [8.038418853400586, 6.2915450941470965, -1.989827824767413], [-0.7316525991164538, -1.9149201116673902, -0.0005344452925936105], [-0.7402445044129204, 0.9544540116696595, 1.6584506791321798], [-0.7401784075270146, 0.9555114333855033, -1.6578361066360985], [3.5713961979052895, -1.0209363055047684, 1.6467509033507794], [3.5713390780473095, -1.019869493755568, -1.6475253228906745], [3.3380013458920414, 3.7029847944839247, -1.6524703993585999], [3.337630314641285, 3.700320848054139, 1.655309180318594], [7.616217428380105, 1.7578585055195732, -1.6845577286933775], [7.622652976661839, 1.7436028741683103, 1.6724495235664794]], "name": "C4H9NO2", "identifiers": {"molecule_hash": "a60b7ce764266b210556e80f42f80cad8067cbdb", "molecular_formula": "C4H9NO2"}, "molecular_charge": 0.0, "molecular_multiplicity": 1, "connectivity": [[0, 1, 1.0], [0, 7, 1.0], [0, 8, 1.0], [0, 9, 1.0], [1, 2, 1.0], [1, 10, 1.0], [1, 11, 1.0], [2, 3, 1.0], [2, 12, 1.0], [2, 13, 1.0], [3, 4, 1.0], [3, 14, 1.0], [3, 15, 1.0], [4, 5, 2.0], [4, 6, 1.0]], "fix_com": true, "fix_orientation": true, "provenance": {"creator": "QCElemental", "version": "v0.22.0", "routine": "qcelemental.molparse.from_schema"}, "id": "231346"}, "charge": 0, "optimize_geometry": false, "conformers": [], "conformer_generation_options": {"n_conformer_pool": 4000, "n_max_conformers": 0, "rms_tolerance": 0.05, "energy_window": 15, "keep_original_conformer": true}, "stage_1_unrestrained_charges": null, "stage_1_restrained_charges": null, "stage_2_unrestrained_charges": null, "stage_2_restrained_charges": null, "keep_original_orientation": false, "reorientations": [], "translations": [], "rotations": []}}, {"index": 2, "molecule": {"qcmol": {"schema_name": "qcschema_molecule", "schema_version": 2, "validated": true, "symbols": ["C", "C", "C", "C", "N", "O", "O", "H", "H", "H", "H", "H", "H", "H", "H", "H"], "geometry": [[0.0, -0.0, 0.0], [2.8873866566018527, 8.390496271260519e-16, 8.519425531881343e-16], [3.983968314251852, 2.675577940604693, 4.440892098500626e-16], [6.869893668139563, 2.63020016507704, -0.00031873952197647437], [7.841549333111345, 5.262980736581826, 0.006672990866033457], [8.293323448658485, 6.194759181189497, 2.0083886052458997], [8.038418853400586, 6.2915450941470965, -1.989827824767413], [-0.7316525991164538, -1.9149201116673902, -0.0005344452925936105], [-0.7402445044129204, 0.9544540116696595, 1.6584506791321798], [-0.7401784075270146, 0.9555114333855033, -1.6578361066360985], [3.5713961979052895, -1.0209363055047684, 1.6467509033507794], [3.5713390780473095, -1.019869493755568, -1.6475253228906745], [3.3380013458920414, 3.7029847944839247, -1.6524703993585999], [3.337630314641285, 3.700320848054139, 1.655309180318594], [7.616217428380105, 1.7578585055195732, -1.6845577286933775], [7.622652976661839, 1.7436028741683103, 1.6724495235664794]], "name": "C4H9NO2", "identifiers": {"molecule_hash": "a60b7ce764266b210556e80f42f80cad8067cbdb", "molecular_formula": "C4H9NO2"}, "molecular_charge": 0.0, "molecular_multiplicity": 1, "connectivity": [[0, 1, 1.0], [0, 7, 1.0], [0, 8, 1.0], [0, 9, 1.0], [1, 2, 1.0], [1, 10, 1.0], [1, 11, 1.0], [2, 3, 1.0], [2, 12, 1.0], [2, 13, 1.0], [3, 4, 1.0], [3, 14, 1.0], [3, 15, 1.0], [4, 5, 2.0], [4, 6, 1.0]], "fix_com": true, "fix_orientation": true, "provenance": {"creator": "QCElemental", "version": "v0.22.0", "routine": "qcelemental.molparse.from_schema"}, "id": "231346"}, "charge": 0, "optimize_geometry": false, "conformers": [], "conformer_generation_options": {"n_conformer_pool": 4000, "n_max_conformers": 0, "rms_tolerance": 0.05, "energy_window": 15, "keep_original_conformer": true}, "stage_1_unrestrained_charges": null, "stage_1_restrained_charges": null, "stage_2_unrestrained_charges": null, "stage_2_restrained_charges": null, "keep_original_orientation": false, "reorientations": [], "translations": [], "rotations": []}}, {"index": 3, "molecule": {"qcmol": {"schema_name": "qcschema_molecule", "schema_version": 2, "validated": true, "symbols": ["C", "C", "C", "C", "N", "O", "O", "H", "H", "H", "H", "H", "H", "H", "H", "H"], "geometry": [[0.0, -0.0, 0.0], [2.8873866566018527, 8.390496271260519e-16, 8.519425531881343e-16], [3.983968314251852, 2.675577940604693, 4.440892098500626e-16], [6.869893668139563, 2.63020016507704, -0.00031873952197647437], [7.841549333111345, 5.262980736581826, 0.006672990866033457], [8.293323448658485, 6.194759181189497, 2.0083886052458997], [8.038418853400586, 6.2915450941470965, -1.989827824767413], [-0.7316525991164538, -1.9149201116673902, -0.0005344452925936105], [-0.7402445044129204, 0.9544540116696595, 1.6584506791321798], [-0.7401784075270146, 0.9555114333855033, -1.6578361066360985], [3.5713961979052895, -1.0209363055047684, 1.6467509033507794], [3.5713390780473095, -1.019869493755568, -1.6475253228906745], [3.3380013458920414, 3.7029847944839247, -1.6524703993585999], [3.337630314641285, 3.700320848054139, 1.655309180318594], [7.616217428380105, 1.7578585055195732, -1.6845577286933775], [7.622652976661839, 1.7436028741683103, 1.6724495235664794]], "name": "C4H9NO2", "identifiers": {"molecule_hash": "a60b7ce764266b210556e80f42f80cad8067cbdb", "molecular_formula": "C4H9NO2"}, "molecular_charge": 0.0, "molecular_multiplicity": 1, "connectivity": [[0, 1, 1.0], [0, 7, 1.0], [0, 8, 1.0], [0, 9, 1.0], [1, 2, 1.0], [1, 10, 1.0], [1, 11, 1.0], [2, 3, 1.0], [2, 12, 1.0], [2, 13, 1.0], [3, 4, 1.0], [3, 14, 1.0], [3, 15, 1.0], [4, 5, 2.0], [4, 6, 1.0]], "fix_com": true, "fix_orientation": true, "provenance": {"creator": "QCElemental", "version": "v0.22.0", "routine": "qcelemental.molparse.from_schema"}, "id": "231346"}, "charge": 0, "optimize_geometry": false, "conformers": [], "conformer_generation_options": {"n_conformer_pool": 4000, "n_max_conformers": 0, "rms_tolerance": 0.05, "energy_window": 15, "keep_original_conformer": true}, "stage_1_unrestrained_charges": null, "stage_1_restrained_charges": null, "stage_2_unrestrained_charges": null, "stage_2_restrained_charges": null, "keep_original_orientation": false, "reorientations": [], "translations": [], "rotations": []}}]}, "surface_constraints": {"matrix": [[668347423068513.9, 649301838265226.9, 625504243465659.1, 596940747959144.6, 570708150657205.9, 553869565676619.8, 561896746373692.3, 671863471751388.8, 670542295911695.1, 672857539409495.5, 647503344890160.8, 647651498912076.1, 623722821041704.5, 626222997812511.8, 593852986522103.5, 592852201891779.8], [649301838265226.9, 665250846930121.0, 648736723735501.9, 625553139029554.1, 600290522703905.2, 587978440548618.6, 587115662016323.1, 643596778686396.1, 642640126359836.4, 644501533340840.5, 674120258653153.9, 674209653466642.2, 648645362768107.4, 648380310034139.6, 624396970628890.9, 622078530961018.9], [625504243465659.1, 648736723735501.9, 665534416445575.9, 648952186259422.9, 628659749263995.9, 618542836178043.1, 615930475073295.9, 619527834953385.9, 613114104335387.9, 622073862037374.8, 647711941911844.2, 647967977638033.2, 675850497551609.1, 675608101381138.0, 647111779079539.0, 647236215262933.9], [596940747959144.6, 625553139029554.1, 648952186259422.9, 665627143713081.8, 651029394195741.9, 639926089359344.9, 641343958288310.5, 587920775323311.0, 582813888589324.1, 595045644362976.9, 625917397432793.1, 623648521820222.2, 649641537653408.6, 649209864939916.4, 674626121952656.1, 674709506923377.1], [570708150657205.9, 600290522703905.2, 628659749263995.9, 651029394195741.9, 668689611369790.5, 668422335571680.4, 669535008818871.6, 559001069292995.06, 557201215324665.06, 570434454491028.4, 599735055387583.6, 597452546788526.1, 628281001687873.1, 630339278396394.1, 651542749741128.6, 651629628161737.6], [553869565676619.8, 587978440548618.6, 618542836178043.1, 639926089359344.9, 668422335571680.4, 693705004722568.8, 654062640572838.6, 541228107335250.5, 542492911973721.9, 549457688418796.56, 589295107185004.2, 585932827138266.8, 617991079591920.6, 622809768881809.0, 632433878582244.9, 640406167081894.9], [561896746373692.3, 587115662016323.1, 615930475073295.9, 641343958288310.5, 669535008818871.6, 654062640572838.6, 695885997540282.0, 549737492633854.4, 547029028720579.2, 566601867432207.2, 584213383494454.5, 582810645557182.2, 615017721948981.0, 616200870747238.4, 643763508941632.4, 635868750461193.6], [671863471751388.8, 643596778686396.1, 619527834953385.9, 587920775323311.0, 559001069292995.06, 541228107335250.5, 549737492633854.4, 702904946424746.8, 664168899206526.8, 666658972956241.6, 637163501353087.4, 639666385798741.2, 621248017285560.4, 619045559635249.8, 583664109487567.4, 584870577198646.1], [670542295911695.1, 642640126359836.4, 613114104335387.9, 582813888589324.1, 557201215324665.06, 542492911973721.9, 547029028720579.2, 664168899206526.8, 699926974139048.4, 665355373380843.4, 643444353550407.0, 636465458296555.0, 608186333825729.6, 614598566819524.6, 579623669162746.8, 577174724478247.4], [672857539409495.5, 644501533340840.5, 622073862037374.8, 595045644362976.9, 570434454491028.4, 549457688418796.56, 566601867432207.2, 666658972956241.6, 665355373380843.4, 704827932741627.6, 636161913212543.0, 641044262648807.9, 618738136181460.9, 623922960213116.9, 592117335103973.5, 591228958249883.1], [647503344890160.8, 674120258653153.9, 647711941911844.2, 625917397432793.1, 599735055387583.6, 589295107185004.2, 584213383494454.5, 637163501353087.4, 643444353550407.0, 636161913212543.0, 709861805344094.6, 673094851140778.0, 638227662755521.6, 647601215894830.8, 620585325918492.9, 627907954151915.4], [647651498912076.1, 674209653466642.2, 647967977638033.2, 623648521820222.2, 597452546788526.1, 585932827138266.8, 582810645557182.2, 639666385798741.2, 636465458296555.0, 641044262648807.9, 673094851140778.0, 709773148597784.8, 650432074475836.0, 638101695581150.5, 628635804926632.1, 613907037685068.9], [623722821041704.5, 648645362768107.4, 675850497551609.1, 649641537653408.6, 628281001687873.1, 617991079591920.6, 615017721948981.0, 621248017285560.4, 608186333825729.6, 618738136181460.9, 638227662755521.6, 650432074475836.0, 712405915384800.0, 675869069149547.1, 645955419546468.6, 642828168136205.0], [626222997812511.8, 648380310034139.6, 675608101381138.0, 649209864939916.4, 630339278396394.1, 622809768881809.0, 616200870747238.4, 619045559635249.8, 614598566819524.6, 623922960213116.9, 647601215894830.8, 638101695581150.5, 675869069149547.1, 712019180121765.5, 640322734839296.5, 645830233163128.2], [593852986522103.5, 624396970628890.9, 647111779079539.0, 674626121952656.1, 651542749741128.6, 632433878582244.9, 643763508941632.4, 583664109487567.4, 579623669162746.8, 592117335103973.5, 620585325918492.9, 628635804926632.1, 645955419546468.6, 640322734839296.5, 709531696238705.4, 672631371071257.6], [592852201891779.8, 622078530961018.9, 647236215262933.9, 674709506923377.1, 651629628161737.6, 640406167081894.9, 635868750461193.6, 584870577198646.1, 577174724478247.4, 591228958249883.1, 627907954151915.4, 613907037685068.9, 642828168136205.0, 645830233163128.2, 672631371071257.6, 709568705248156.4], [20512015666824.293, 19449253045782.652, 15694226081049.36, 10988061021937.475, -6655234245012.591, -13926039909938.701, -14029416326459.965, 21970423718325.19, 20476476968470.582, 19714020580611.71, 19957514369329.55, 20271680788847.68, 16599109616710.977, 15287905518197.518, 15098644906006.21, 15004394084945.248]]}}