{"resp_b": 0.1, "restrained_fit": true, "exclude_hydrogens": true, "convergence_tolerance": 1e-06, "max_iter": 500, "resp_a": 0.0005, "charge_constraints": {"charge_sum_constraints": [], "charge_equivalence_constraints": [], "molecules": [{"qcmol": {"schema_name": "qcschema_molecule", "schema_version": 2, "validated": true, "symbols": ["C", "C", "C", "C", "N", "O", "O", "H", "H", "H", "H", "H", "H", "H", "H", "H"], "geometry": [[0.0, -0.0, 0.0], [2.8873866566018527, 8.390496271260519e-16, 8.519425531881343e-16], [3.983968314251852, 2.675577940604693, 4.440892098500626e-16], [6.869893668139563, 2.63020016507704, -0.00031873952197647437], [7.841549333111345, 5.262980736581826, 0.006672990866033457], [8.293323448658485, 6.194759181189497, 2.0083886052458997], [8.038418853400586, 6.2915450941470965, -1.989827824767413], [-0.7316525991164538, -1.9149201116673902, -0.0005344452925936105], [-0.7402445044129204, 0.9544540116696595, 1.6584506791321798], [-0.7401784075270146, 0.9555114333855033, -1.6578361066360985], [3.5713961979052895, -1.0209363055047684, 1.6467509033507794], [3.5713390780473095, -1.019869493755568, -1.6475253228906745], [3.3380013458920414, 3.7029847944839247, -1.6524703993585999], [3.337630314641285, 3.700320848054139, 1.655309180318594], [7.616217428380105, 1.7578585055195732, -1.6845577286933775], [7.622652976661839, 1.7436028741683103, 1.6724495235664794]], "name": "C4H9NO2", "identifiers": {"molecule_hash": "a60b7ce764266b210556e80f42f80cad8067cbdb", "molecular_formula": "C4H9NO2"}, "molecular_charge": 0.0, "molecular_multiplicity": 1, "connectivity": [[0, 1, 1.0], [0, 7, 1.0], [0, 8, 1.0], [0, 9, 1.0], [1, 2, 1.0], [1, 10, 1.0], [1, 11, 1.0], [2, 3, 1.0], [2, 12, 1.0], [2, 13, 1.0], [3, 4, 1.0], [3, 14, 1.0], [3, 15, 1.0], [4, 5, 2.0], [4, 6, 1.0]], "fix_com": true, "fix_orientation": true, "provenance": {"creator": "QCElemental", "version": "v0.22.0", "routine": "qcelemental.molparse.from_schema"}, "id": "231346"}, "charge": 0, "optimize_geometry": false, "conformers": [], "conformer_generation_options": {"n_conformer_pool": 4000, "n_max_conformers": 0, "rms_tolerance": 0.05, "energy_window": 15, "keep_original_conformer": true}, "stage_1_unrestrained_charges": null, "stage_1_restrained_charges": null, "stage_2_unrestrained_charges": null, "stage_2_restrained_charges": null, "keep_original_orientation": false, "reorientations": [], "translations": [], "rotations": []}], "unconstrained_atoms": [{"index": 0, "molecule": {"qcmol": {"schema_name": "qcschema_molecule", "schema_version": 2, "validated": true, "symbols": ["C", "C", "C", "C", "N", "O", "O", "H", "H", "H", "H", "H", "H", "H", "H", "H"], "geometry": [[0.0, -0.0, 0.0], [2.8873866566018527, 8.390496271260519e-16, 8.519425531881343e-16], [3.983968314251852, 2.675577940604693, 4.440892098500626e-16], [6.869893668139563, 2.63020016507704, -0.00031873952197647437], [7.841549333111345, 5.262980736581826, 0.006672990866033457], [8.293323448658485, 6.194759181189497, 2.0083886052458997], [8.038418853400586, 6.2915450941470965, -1.989827824767413], [-0.7316525991164538, -1.9149201116673902, -0.0005344452925936105], [-0.7402445044129204, 0.9544540116696595, 1.6584506791321798], [-0.7401784075270146, 0.9555114333855033, -1.6578361066360985], [3.5713961979052895, -1.0209363055047684, 1.6467509033507794], [3.5713390780473095, -1.019869493755568, -1.6475253228906745], [3.3380013458920414, 3.7029847944839247, -1.6524703993585999], [3.337630314641285, 3.700320848054139, 1.655309180318594], [7.616217428380105, 1.7578585055195732, -1.6845577286933775], [7.622652976661839, 1.7436028741683103, 1.6724495235664794]], "name": "C4H9NO2", "identifiers": {"molecule_hash": "a60b7ce764266b210556e80f42f80cad8067cbdb", "molecular_formula": "C4H9NO2"}, "molecular_charge": 0.0, "molecular_multiplicity": 1, "connectivity": [[0, 1, 1.0], [0, 7, 1.0], [0, 8, 1.0], [0, 9, 1.0], [1, 2, 1.0], [1, 10, 1.0], [1, 11, 1.0], [2, 3, 1.0], [2, 12, 1.0], [2, 13, 1.0], [3, 4, 1.0], [3, 14, 1.0], [3, 15, 1.0], [4, 5, 2.0], [4, 6, 1.0]], "fix_com": true, "fix_orientation": true, "provenance": {"creator": "QCElemental", "version": "v0.22.0", "routine": "qcelemental.molparse.from_schema"}, "id": "231346"}, "charge": 0, "optimize_geometry": false, "conformers": [], "conformer_generation_options": {"n_conformer_pool": 4000, "n_max_conformers": 0, "rms_tolerance": 0.05, "energy_window": 15, "keep_original_conformer": true}, "stage_1_unrestrained_charges": null, "stage_1_restrained_charges": null, "stage_2_unrestrained_charges": null, "stage_2_restrained_charges": null, "keep_original_orientation": false, "reorientations": [], "translations": [], "rotations": []}}, {"index": 1, "molecule": {"qcmol": {"schema_name": "qcschema_molecule", "schema_version": 2, "validated": true, "symbols": ["C", "C", "C", "C", "N", "O", "O", "H", "H", "H", "H", "H", "H", "H", "H", "H"], "geometry": [[0.0, -0.0, 0.0], [2.8873866566018527, 8.390496271260519e-16, 8.519425531881343e-16], [3.983968314251852, 2.675577940604693, 4.440892098500626e-16], [6.869893668139563, 2.63020016507704, -0.00031873952197647437], [7.841549333111345, 5.262980736581826, 0.006672990866033457], [8.293323448658485, 6.194759181189497, 2.0083886052458997], [8.038418853400586, 6.2915450941470965, -1.989827824767413], [-0.7316525991164538, -1.9149201116673902, -0.0005344452925936105], [-0.7402445044129204, 0.9544540116696595, 1.6584506791321798], [-0.7401784075270146, 0.9555114333855033, -1.6578361066360985], [3.5713961979052895, -1.0209363055047684, 1.6467509033507794], [3.5713390780473095, -1.019869493755568, -1.6475253228906745], [3.3380013458920414, 3.7029847944839247, -1.6524703993585999], [3.337630314641285, 3.700320848054139, 1.655309180318594], [7.616217428380105, 1.7578585055195732, -1.6845577286933775], [7.622652976661839, 1.7436028741683103, 1.6724495235664794]], "name": "C4H9NO2", "identifiers": {"molecule_hash": "a60b7ce764266b210556e80f42f80cad8067cbdb", "molecular_formula": "C4H9NO2"}, "molecular_charge": 0.0, "molecular_multiplicity": 1, "connectivity": [[0, 1, 1.0], [0, 7, 1.0], [0, 8, 1.0], [0, 9, 1.0], [1, 2, 1.0], [1, 10, 1.0], [1, 11, 1.0], [2, 3, 1.0], [2, 12, 1.0], [2, 13, 1.0], [3, 4, 1.0], [3, 14, 1.0], [3, 15, 1.0], [4, 5, 2.0], [4, 6, 1.0]], "fix_com": true, "fix_orientation": true, "provenance": {"creator": "QCElemental", "version": "v0.22.0", "routine": "qcelemental.molparse.from_schema"}, "id": "231346"}, "charge": 0, "optimize_geometry": false, "conformers": [], "conformer_generation_options": {"n_conformer_pool": 4000, "n_max_conformers": 0, "rms_tolerance": 0.05, "energy_window": 15, "keep_original_conformer": true}, "stage_1_unrestrained_charges": null, "stage_1_restrained_charges": null, "stage_2_unrestrained_charges": null, "stage_2_restrained_charges": null, "keep_original_orientation": false, "reorientations": [], "translations": [], "rotations": []}}, {"index": 2, "molecule": {"qcmol": {"schema_name": "qcschema_molecule", "schema_version": 2, "validated": true, "symbols": ["C", "C", "C", "C", "N", "O", "O", "H", "H", "H", "H", "H", "H", "H", "H", "H"], "geometry": [[0.0, -0.0, 0.0], [2.8873866566018527, 8.390496271260519e-16, 8.519425531881343e-16], [3.983968314251852, 2.675577940604693, 4.440892098500626e-16], [6.869893668139563, 2.63020016507704, -0.00031873952197647437], [7.841549333111345, 5.262980736581826, 0.006672990866033457], [8.293323448658485, 6.194759181189497, 2.0083886052458997], [8.038418853400586, 6.2915450941470965, -1.989827824767413], [-0.7316525991164538, -1.9149201116673902, -0.0005344452925936105], [-0.7402445044129204, 0.9544540116696595, 1.6584506791321798], [-0.7401784075270146, 0.9555114333855033, -1.6578361066360985], [3.5713961979052895, -1.0209363055047684, 1.6467509033507794], [3.5713390780473095, -1.019869493755568, -1.6475253228906745], [3.3380013458920414, 3.7029847944839247, -1.6524703993585999], [3.337630314641285, 3.700320848054139, 1.655309180318594], [7.616217428380105, 1.7578585055195732, -1.6845577286933775], [7.622652976661839, 1.7436028741683103, 1.6724495235664794]], "name": "C4H9NO2", "identifiers": {"molecule_hash": "a60b7ce764266b210556e80f42f80cad8067cbdb", "molecular_formula": "C4H9NO2"}, "molecular_charge": 0.0, "molecular_multiplicity": 1, "connectivity": [[0, 1, 1.0], [0, 7, 1.0], [0, 8, 1.0], [0, 9, 1.0], [1, 2, 1.0], [1, 10, 1.0], [1, 11, 1.0], [2, 3, 1.0], [2, 12, 1.0], [2, 13, 1.0], [3, 4, 1.0], [3, 14, 1.0], [3, 15, 1.0], [4, 5, 2.0], [4, 6, 1.0]], "fix_com": true, "fix_orientation": true, "provenance": {"creator": "QCElemental", "version": "v0.22.0", "routine": "qcelemental.molparse.from_schema"}, "id": "231346"}, "charge": 0, "optimize_geometry": false, "conformers": [], "conformer_generation_options": {"n_conformer_pool": 4000, "n_max_conformers": 0, "rms_tolerance": 0.05, "energy_window": 15, "keep_original_conformer": true}, "stage_1_unrestrained_charges": null, "stage_1_restrained_charges": null, "stage_2_unrestrained_charges": null, "stage_2_restrained_charges": null, "keep_original_orientation": false, "reorientations": [], "translations": [], "rotations": []}}, {"index": 3, "molecule": {"qcmol": {"schema_name": "qcschema_molecule", "schema_version": 2, "validated": true, "symbols": ["C", "C", "C", "C", "N", "O", "O", "H", "H", "H", "H", "H", "H", "H", "H", "H"], "geometry": [[0.0, -0.0, 0.0], [2.8873866566018527, 8.390496271260519e-16, 8.519425531881343e-16], [3.983968314251852, 2.675577940604693, 4.440892098500626e-16], [6.869893668139563, 2.63020016507704, -0.00031873952197647437], [7.841549333111345, 5.262980736581826, 0.006672990866033457], [8.293323448658485, 6.194759181189497, 2.0083886052458997], [8.038418853400586, 6.2915450941470965, -1.989827824767413], [-0.7316525991164538, -1.9149201116673902, -0.0005344452925936105], [-0.7402445044129204, 0.9544540116696595, 1.6584506791321798], [-0.7401784075270146, 0.9555114333855033, -1.6578361066360985], [3.5713961979052895, -1.0209363055047684, 1.6467509033507794], [3.5713390780473095, -1.019869493755568, -1.6475253228906745], [3.3380013458920414, 3.7029847944839247, -1.6524703993585999], [3.337630314641285, 3.700320848054139, 1.655309180318594], [7.616217428380105, 1.7578585055195732, -1.6845577286933775], [7.622652976661839, 1.7436028741683103, 1.6724495235664794]], "name": "C4H9NO2", "identifiers": {"molecule_hash": "a60b7ce764266b210556e80f42f80cad8067cbdb", "molecular_formula": "C4H9NO2"}, "molecular_charge": 0.0, "molecular_multiplicity": 1, "connectivity": [[0, 1, 1.0], [0, 7, 1.0], [0, 8, 1.0], [0, 9, 1.0], [1, 2, 1.0], [1, 10, 1.0], [1, 11, 1.0], [2, 3, 1.0], [2, 12, 1.0], [2, 13, 1.0], [3, 4, 1.0], [3, 14, 1.0], [3, 15, 1.0], [4, 5, 2.0], [4, 6, 1.0]], "fix_com": true, "fix_orientation": true, "provenance": {"creator": "QCElemental", "version": "v0.22.0", "routine": "qcelemental.molparse.from_schema"}, "id": "231346"}, "charge": 0, "optimize_geometry": false, "conformers": [], "conformer_generation_options": {"n_conformer_pool": 4000, "n_max_conformers": 0, "rms_tolerance": 0.05, "energy_window": 15, "keep_original_conformer": true}, "stage_1_unrestrained_charges": null, "stage_1_restrained_charges": null, "stage_2_unrestrained_charges": null, "stage_2_restrained_charges": null, "keep_original_orientation": false, "reorientations": [], "translations": [], "rotations": []}}]}, "surface_constraints": {"matrix": [[668385097709722.4, 649338445292278.4, 625539520208810.5, 596974418446436.6, 570740243402495.0, 553900656749649.94, 561928329882292.06, 671901341047284.6, 670580085727528.8, 672895473442277.6, 647539845329655.1, 647688010817161.0, 623758018536479.8, 626258301444171.5, 593886551191454.4, 592885646635378.8], [649338445292278.4, 665288358908744.1, 648773314129431.6, 625588426088880.4, 600324340903580.6, 588011541872459.6, 587148725521280.8, 643633059362998.1, 642676351054935.4, 644537874610312.8, 674158266029979.6, 674247668835491.0, 648681947939147.9, 648416884765971.8, 624432238532398.1, 622113610426424.4], [625539520208810.5, 648773314129431.6, 665571960550361.0, 648988794316364.6, 628695218361281.4, 618577714262986.8, 615965235731696.6, 619562793427212.9, 613148653760140.4, 622108950110984.2, 647748471610428.9, 648004520606834.4, 675888623199415.5, 675646217565159.2, 647148278259029.2, 647272726228268.8], [596974418446436.6, 625588426088880.4, 648988794316364.6, 665664690326023.5, 651066117383016.0, 639962180859921.8, 641380127963632.4, 587953975341076.8, 582846739078579.8, 595079188881277.5, 625952673426960.8, 623683728410337.9, 649678181307221.2, 649246491601947.8, 674664173300646.5, 674747564615432.5], [570740243402495.0, 600324340903580.6, 628695218361281.4, 651066117383016.0, 668727325776514.8, 668460027323044.8, 669572761947134.4, 559032535409571.5, 557232506076491.5, 570466492890122.9, 599768826046972.8, 597486227691167.5, 628316495334177.6, 630374844476679.6, 651579496862068.5, 651666384140863.2], [553900656749649.94, 588011541872459.6, 618577714262986.8, 639962180859921.8, 668460027323044.8, 693744113900231.6, 654099513583497.2, 541258520111270.3, 542523293916331.94, 549488496666945.06, 589328303729856.1, 585965823125041.6, 618025995298424.6, 622844859063483.2, 632469519788628.2, 640442320974478.5], [561928329882292.06, 587148725521280.8, 615965235731696.6, 641380127963632.4, 669572761947134.4, 654099513583497.2, 695925228789995.2, 549768425532835.5, 547059748436763.8, 566633658427177.6, 584246242074610.2, 582843500966959.2, 615052481137719.0, 616235675114849.9, 643799837245954.4, 635904571603661.2], [671901341047284.6, 643633059362998.1, 619562793427212.9, 587953975341076.8, 559032535409571.5, 541258520111270.3, 549768425532835.5, 702944566514955.6, 664206327217609.1, 666696550141678.5, 637199419556641.4, 639702417020002.8, 621283082244500.1, 619080489393027.9, 583697153796442.5, 584903612214869.4], [670580085727528.8, 642676351054935.4, 613148653760140.4, 582846739078579.8, 557232506076491.5, 542523293916331.94, 547059748436763.8, 664206327217609.1, 699966408991908.9, 665392875732693.2, 643480666555267.8, 636501305756300.9, 608220643046730.2, 614633152021016.0, 579656393292889.8, 577207291711010.8], [672895473442277.6, 644537874610312.8, 622108950110984.2, 595079188881277.5, 570466492890122.9, 549488496666945.06, 566633658427177.6, 666696550141678.5, 665392875732693.2, 704867678769653.4, 636197725490934.6, 641080459467026.9, 618773066893015.1, 623958148745243.5, 592150798459773.5, 591262273613627.4], [647539845329655.1, 674158266029979.6, 647748471610428.9, 625952673426960.8, 599768826046972.8, 589328303729856.1, 584246242074610.2, 637199419556641.4, 643480666555267.8, 636197725490934.6, 709901821727758.1, 673132799875640.1, 638263649722869.8, 647637776913867.4, 620620342362158.2, 627943306422562.5], [647688010817161.0, 674247668835491.0, 648004520606834.4, 623683728410337.9, 597486227691167.5, 585965823125041.6, 582843500966959.2, 639702417020002.8, 636501305756300.9, 641080459467026.9, 673132799875640.1, 709813168879404.2, 650468745643618.2, 638137669881688.6, 628671358868843.9, 613941687223270.9], [623758018536479.8, 648681947939147.9, 675888623199415.5, 649678181307221.2, 628316495334177.6, 618025995298424.6, 615052481137719.0, 621283082244500.1, 608220643046730.2, 618773066893015.1, 638263649722869.8, 650468745643618.2, 712446104544583.9, 675907198538175.4, 645991826027033.8, 642864414909084.2], [626258301444171.5, 648416884765971.8, 675646217565159.2, 649246491601947.8, 630374844476679.6, 622844859063483.2, 616235675114849.9, 619080489393027.9, 614633152021016.0, 623958148745243.5, 647637776913867.4, 638137669881688.6, 675907198538175.4, 712059354155091.4, 640358832727381.1, 645866692522317.1], [593886551191454.4, 624432238532398.1, 647148278259029.2, 674664173300646.5, 651579496862068.5, 632469519788628.2, 643799837245954.4, 583697153796442.5, 579656393292889.8, 592150798459773.5, 620620342362158.2, 628671358868843.9, 645991826027033.8, 640358832727381.1, 709571714158893.2, 672669310518751.0], [592885646635378.8, 622113610426424.4, 647272726228268.8, 674747564615432.5, 651666384140863.2, 640442320974478.5, 635904571603661.2, 584903612214869.4, 577207291711010.8, 591262273613627.4, 627943306422562.5, 613941687223270.9, 642864414909084.2, 645866692522317.1, 672669310518751.0, 709608725608659.9], [22760755634612.08, 21744825744574.46, 17680469091994.21, 12759679861684.205, -7813889614402.032, -16228794288104.76, -16219538161912.035, 24494757161221.664, 22527792936696.78, 21816953764578.027, 22363038231192.81, 22620722880289.54, 18698635474552.375, 17045259511456.033, 17691601470649.56, 17738665898343.258]]}}