{"resp_b": 0.1, "restrained_fit": true, "exclude_hydrogens": true, "convergence_tolerance": 1e-06, "max_iter": 500, "resp_a": 0.0005, "charge_constraints": {"charge_sum_constraints": [], "charge_equivalence_constraints": [], "molecules": [{"qcmol": {"schema_name": "qcschema_molecule", "schema_version": 2, "validated": true, "symbols": ["C", "C", "C", "C", "N", "O", "O", "H", "H", "H", "H", "H", "H", "H", "H", "H"], "geometry": [[0.0, -0.0, 0.0], [2.8873866566018527, 8.390496271260519e-16, 8.519425531881343e-16], [3.983968314251852, 2.675577940604693, 4.440892098500626e-16], [6.869893668139563, 2.63020016507704, -0.00031873952197647437], [7.841549333111345, 5.262980736581826, 0.006672990866033457], [8.293323448658485, 6.194759181189497, 2.0083886052458997], [8.038418853400586, 6.2915450941470965, -1.989827824767413], [-0.7316525991164538, -1.9149201116673902, -0.0005344452925936105], [-0.7402445044129204, 0.9544540116696595, 1.6584506791321798], [-0.7401784075270146, 0.9555114333855033, -1.6578361066360985], [3.5713961979052895, -1.0209363055047684, 1.6467509033507794], [3.5713390780473095, -1.019869493755568, -1.6475253228906745], [3.3380013458920414, 3.7029847944839247, -1.6524703993585999], [3.337630314641285, 3.700320848054139, 1.655309180318594], [7.616217428380105, 1.7578585055195732, -1.6845577286933775], [7.622652976661839, 1.7436028741683103, 1.6724495235664794]], "name": "C4H9NO2", "identifiers": {"molecule_hash": "a60b7ce764266b210556e80f42f80cad8067cbdb", "molecular_formula": "C4H9NO2"}, "molecular_charge": 0.0, "molecular_multiplicity": 1, "connectivity": [[0, 1, 1.0], [0, 7, 1.0], [0, 8, 1.0], [0, 9, 1.0], [1, 2, 1.0], [1, 10, 1.0], [1, 11, 1.0], [2, 3, 1.0], [2, 12, 1.0], [2, 13, 1.0], [3, 4, 1.0], [3, 14, 1.0], [3, 15, 1.0], [4, 5, 2.0], [4, 6, 1.0]], "fix_com": true, "fix_orientation": true, "provenance": {"creator": "QCElemental", "version": "v0.22.0", "routine": "qcelemental.molparse.from_schema"}, "id": "231346"}, "charge": 0, "optimize_geometry": false, "conformers": [], "conformer_generation_options": {"n_conformer_pool": 4000, "n_max_conformers": 0, "rms_tolerance": 0.05, "energy_window": 15, "keep_original_conformer": true}, "stage_1_unrestrained_charges": null, "stage_1_restrained_charges": null, "stage_2_unrestrained_charges": null, "stage_2_restrained_charges": null, "keep_original_orientation": false, "reorientations": [], "translations": [], "rotations": []}], "unconstrained_atoms": [{"index": 0, "molecule": {"qcmol": {"schema_name": "qcschema_molecule", "schema_version": 2, "validated": true, "symbols": ["C", "C", "C", "C", "N", "O", "O", "H", "H", "H", "H", "H", "H", "H", "H", "H"], "geometry": [[0.0, -0.0, 0.0], [2.8873866566018527, 8.390496271260519e-16, 8.519425531881343e-16], [3.983968314251852, 2.675577940604693, 4.440892098500626e-16], [6.869893668139563, 2.63020016507704, -0.00031873952197647437], [7.841549333111345, 5.262980736581826, 0.006672990866033457], [8.293323448658485, 6.194759181189497, 2.0083886052458997], [8.038418853400586, 6.2915450941470965, -1.989827824767413], [-0.7316525991164538, -1.9149201116673902, -0.0005344452925936105], [-0.7402445044129204, 0.9544540116696595, 1.6584506791321798], [-0.7401784075270146, 0.9555114333855033, -1.6578361066360985], [3.5713961979052895, -1.0209363055047684, 1.6467509033507794], [3.5713390780473095, -1.019869493755568, -1.6475253228906745], [3.3380013458920414, 3.7029847944839247, -1.6524703993585999], [3.337630314641285, 3.700320848054139, 1.655309180318594], [7.616217428380105, 1.7578585055195732, -1.6845577286933775], [7.622652976661839, 1.7436028741683103, 1.6724495235664794]], "name": "C4H9NO2", "identifiers": {"molecule_hash": "a60b7ce764266b210556e80f42f80cad8067cbdb", "molecular_formula": "C4H9NO2"}, "molecular_charge": 0.0, "molecular_multiplicity": 1, "connectivity": [[0, 1, 1.0], [0, 7, 1.0], [0, 8, 1.0], [0, 9, 1.0], [1, 2, 1.0], [1, 10, 1.0], [1, 11, 1.0], [2, 3, 1.0], [2, 12, 1.0], [2, 13, 1.0], [3, 4, 1.0], [3, 14, 1.0], [3, 15, 1.0], [4, 5, 2.0], [4, 6, 1.0]], "fix_com": true, "fix_orientation": true, "provenance": {"creator": "QCElemental", "version": "v0.22.0", "routine": "qcelemental.molparse.from_schema"}, "id": "231346"}, "charge": 0, "optimize_geometry": false, "conformers": [], "conformer_generation_options": {"n_conformer_pool": 4000, "n_max_conformers": 0, "rms_tolerance": 0.05, "energy_window": 15, "keep_original_conformer": true}, "stage_1_unrestrained_charges": null, "stage_1_restrained_charges": null, "stage_2_unrestrained_charges": null, "stage_2_restrained_charges": null, "keep_original_orientation": false, "reorientations": [], "translations": [], "rotations": []}}, {"index": 1, "molecule": {"qcmol": {"schema_name": "qcschema_molecule", "schema_version": 2, "validated": true, "symbols": ["C", "C", "C", "C", "N", "O", "O", "H", "H", "H", "H", "H", "H", "H", "H", "H"], "geometry": [[0.0, -0.0, 0.0], [2.8873866566018527, 8.390496271260519e-16, 8.519425531881343e-16], [3.983968314251852, 2.675577940604693, 4.440892098500626e-16], [6.869893668139563, 2.63020016507704, -0.00031873952197647437], [7.841549333111345, 5.262980736581826, 0.006672990866033457], [8.293323448658485, 6.194759181189497, 2.0083886052458997], [8.038418853400586, 6.2915450941470965, -1.989827824767413], [-0.7316525991164538, -1.9149201116673902, -0.0005344452925936105], [-0.7402445044129204, 0.9544540116696595, 1.6584506791321798], [-0.7401784075270146, 0.9555114333855033, -1.6578361066360985], [3.5713961979052895, -1.0209363055047684, 1.6467509033507794], [3.5713390780473095, -1.019869493755568, -1.6475253228906745], [3.3380013458920414, 3.7029847944839247, -1.6524703993585999], [3.337630314641285, 3.700320848054139, 1.655309180318594], [7.616217428380105, 1.7578585055195732, -1.6845577286933775], [7.622652976661839, 1.7436028741683103, 1.6724495235664794]], "name": "C4H9NO2", "identifiers": {"molecule_hash": "a60b7ce764266b210556e80f42f80cad8067cbdb", "molecular_formula": "C4H9NO2"}, "molecular_charge": 0.0, "molecular_multiplicity": 1, "connectivity": [[0, 1, 1.0], [0, 7, 1.0], [0, 8, 1.0], [0, 9, 1.0], [1, 2, 1.0], [1, 10, 1.0], [1, 11, 1.0], [2, 3, 1.0], [2, 12, 1.0], [2, 13, 1.0], [3, 4, 1.0], [3, 14, 1.0], [3, 15, 1.0], [4, 5, 2.0], [4, 6, 1.0]], "fix_com": true, "fix_orientation": true, "provenance": {"creator": "QCElemental", "version": "v0.22.0", "routine": "qcelemental.molparse.from_schema"}, "id": "231346"}, "charge": 0, "optimize_geometry": false, "conformers": [], "conformer_generation_options": {"n_conformer_pool": 4000, "n_max_conformers": 0, "rms_tolerance": 0.05, "energy_window": 15, "keep_original_conformer": true}, "stage_1_unrestrained_charges": null, "stage_1_restrained_charges": null, "stage_2_unrestrained_charges": null, "stage_2_restrained_charges": null, "keep_original_orientation": false, "reorientations": [], "translations": [], "rotations": []}}, {"index": 2, "molecule": {"qcmol": {"schema_name": "qcschema_molecule", "schema_version": 2, "validated": true, "symbols": ["C", "C", "C", "C", "N", "O", "O", "H", "H", "H", "H", "H", "H", "H", "H", "H"], "geometry": [[0.0, -0.0, 0.0], [2.8873866566018527, 8.390496271260519e-16, 8.519425531881343e-16], [3.983968314251852, 2.675577940604693, 4.440892098500626e-16], [6.869893668139563, 2.63020016507704, -0.00031873952197647437], [7.841549333111345, 5.262980736581826, 0.006672990866033457], [8.293323448658485, 6.194759181189497, 2.0083886052458997], [8.038418853400586, 6.2915450941470965, -1.989827824767413], [-0.7316525991164538, -1.9149201116673902, -0.0005344452925936105], [-0.7402445044129204, 0.9544540116696595, 1.6584506791321798], [-0.7401784075270146, 0.9555114333855033, -1.6578361066360985], [3.5713961979052895, -1.0209363055047684, 1.6467509033507794], [3.5713390780473095, -1.019869493755568, -1.6475253228906745], [3.3380013458920414, 3.7029847944839247, -1.6524703993585999], [3.337630314641285, 3.700320848054139, 1.655309180318594], [7.616217428380105, 1.7578585055195732, -1.6845577286933775], [7.622652976661839, 1.7436028741683103, 1.6724495235664794]], "name": "C4H9NO2", "identifiers": {"molecule_hash": "a60b7ce764266b210556e80f42f80cad8067cbdb", "molecular_formula": "C4H9NO2"}, "molecular_charge": 0.0, "molecular_multiplicity": 1, "connectivity": [[0, 1, 1.0], [0, 7, 1.0], [0, 8, 1.0], [0, 9, 1.0], [1, 2, 1.0], [1, 10, 1.0], [1, 11, 1.0], [2, 3, 1.0], [2, 12, 1.0], [2, 13, 1.0], [3, 4, 1.0], [3, 14, 1.0], [3, 15, 1.0], [4, 5, 2.0], [4, 6, 1.0]], "fix_com": true, "fix_orientation": true, "provenance": {"creator": "QCElemental", "version": "v0.22.0", "routine": "qcelemental.molparse.from_schema"}, "id": "231346"}, "charge": 0, "optimize_geometry": false, "conformers": [], "conformer_generation_options": {"n_conformer_pool": 4000, "n_max_conformers": 0, "rms_tolerance": 0.05, "energy_window": 15, "keep_original_conformer": true}, "stage_1_unrestrained_charges": null, "stage_1_restrained_charges": null, "stage_2_unrestrained_charges": null, "stage_2_restrained_charges": null, "keep_original_orientation": false, "reorientations": [], "translations": [], "rotations": []}}, {"index": 3, "molecule": {"qcmol": {"schema_name": "qcschema_molecule", "schema_version": 2, "validated": true, "symbols": ["C", "C", "C", "C", "N", "O", "O", "H", "H", "H", "H", "H", "H", "H", "H", "H"], "geometry": [[0.0, -0.0, 0.0], [2.8873866566018527, 8.390496271260519e-16, 8.519425531881343e-16], [3.983968314251852, 2.675577940604693, 4.440892098500626e-16], [6.869893668139563, 2.63020016507704, -0.00031873952197647437], [7.841549333111345, 5.262980736581826, 0.006672990866033457], [8.293323448658485, 6.194759181189497, 2.0083886052458997], [8.038418853400586, 6.2915450941470965, -1.989827824767413], [-0.7316525991164538, -1.9149201116673902, -0.0005344452925936105], [-0.7402445044129204, 0.9544540116696595, 1.6584506791321798], [-0.7401784075270146, 0.9555114333855033, -1.6578361066360985], [3.5713961979052895, -1.0209363055047684, 1.6467509033507794], [3.5713390780473095, -1.019869493755568, -1.6475253228906745], [3.3380013458920414, 3.7029847944839247, -1.6524703993585999], [3.337630314641285, 3.700320848054139, 1.655309180318594], [7.616217428380105, 1.7578585055195732, -1.6845577286933775], [7.622652976661839, 1.7436028741683103, 1.6724495235664794]], "name": "C4H9NO2", "identifiers": {"molecule_hash": "a60b7ce764266b210556e80f42f80cad8067cbdb", "molecular_formula": "C4H9NO2"}, "molecular_charge": 0.0, "molecular_multiplicity": 1, "connectivity": [[0, 1, 1.0], [0, 7, 1.0], [0, 8, 1.0], [0, 9, 1.0], [1, 2, 1.0], [1, 10, 1.0], [1, 11, 1.0], [2, 3, 1.0], [2, 12, 1.0], [2, 13, 1.0], [3, 4, 1.0], [3, 14, 1.0], [3, 15, 1.0], [4, 5, 2.0], [4, 6, 1.0]], "fix_com": true, "fix_orientation": true, "provenance": {"creator": "QCElemental", "version": "v0.22.0", "routine": "qcelemental.molparse.from_schema"}, "id": "231346"}, "charge": 0, "optimize_geometry": false, "conformers": [], "conformer_generation_options": {"n_conformer_pool": 4000, "n_max_conformers": 0, "rms_tolerance": 0.05, "energy_window": 15, "keep_original_conformer": true}, "stage_1_unrestrained_charges": null, "stage_1_restrained_charges": null, "stage_2_unrestrained_charges": null, "stage_2_restrained_charges": null, "keep_original_orientation": false, "reorientations": [], "translations": [], "rotations": []}}]}, "surface_constraints": {"matrix": [[275949300233925.62, 267452458481375.47, 256135672887654.03, 243268921423920.8, 230423113373803.97, 221088632071450.0, 226653316786362.25, 276913108229926.1, 276432299607164.4, 277161699208947.7, 266473437333329.06, 266335254218742.9, 254994454407061.94, 255827740167121.34, 241460526458906.53, 241066643564850.03], [267452458481375.47, 274589796081117.16, 266342716019274.9, 255705704981845.0, 243117473630199.06, 234666946995654.94, 237940609350246.78, 264358578308639.88, 264063315522622.78, 264571546060226.9, 278372214715701.3, 278235145838301.3, 265785275888185.3, 265525910569642.72, 254771936476885.66, 253632240080928.44], [256135672887654.03, 266342716019274.9, 272997839608741.16, 265242745163387.53, 254891439974740.53, 246552274863055.62, 250707510089187.6, 253049319993390.47, 250381929716606.66, 254029439619661.22, 265755209129713.62, 265699827229777.72, 277079531895376.2, 276788527246570.66, 263831899851740.06, 263883717545267.75], [243268921423920.8, 255705704981845.0, 265242745163387.53, 271856197351505.66, 264602694614475.25, 258349513557389.1, 259131494970629.0, 238885713152974.28, 236994779786009.0, 241918264546567.38, 255785223387663.0, 254667494732596.34, 265103874070226.22, 264781692202598.44, 275222911074832.06, 275279013557557.44], [230423113373803.97, 243117473630199.06, 254891439974740.53, 264602694614475.25, 272022021536282.22, 270371463402757.66, 271396937203325.3, 225110429210423.3, 224474088802606.9, 229798089167268.47, 242704395156603.75, 241732763283051.3, 254183270613913.28, 255025606250051.53, 264400552527691.84, 264386520169848.72], [221088632071450.0, 234666946995654.94, 246552274863055.62, 258349513557389.1, 270371463402757.66, 280445068440015.97, 262973227352925.44, 215952593153136.28, 215762450926095.84, 219304348421633.06, 234248503812423.5, 234224532726874.6, 244728505261989.38, 246696038402863.16, 257449449422527.88, 258057365882186.44], [226653316786362.25, 237940609350246.78, 250707510089187.6, 259131494970629.0, 271396937203325.3, 262973227352925.44, 282573264449207.06, 220976369314896.5, 220467202627866.6, 227653300239704.62, 236976271960902.94, 235351097833637.06, 251144702891468.28, 251661054250630.9, 257114074203599.62, 256491801413851.4], [276913108229926.1, 264358578308639.88, 253049319993390.47, 238885713152974.28, 225110429210423.3, 215952593153136.28, 220976369314896.5, 290083659259602.44, 272980299711845.94, 273884189447874.0, 261280351683751.6, 262282526907060.3, 253464052692163.16, 252305290963036.38, 236461036935639.84, 237151177594162.88], [276432299607164.4, 264063315522622.78, 250381929716606.66, 236994779786009.0, 224474088802606.9, 215762450926095.84, 220467202627866.6, 272980299711845.94, 289010700955166.56, 273319987316546.1, 264229733163966.6, 260887465515758.7, 247923691323866.03, 250349258312709.62, 235330570731900.34, 234162148493217.53], [277161699208947.7, 264571546060226.9, 254029439619661.22, 241918264546567.38, 229798089167268.47, 219304348421633.06, 227653300239704.62, 273884189447874.0, 273319987316546.1, 290596750226626.56, 260713708518953.56, 262622034983759.47, 252293069646385.75, 254254433603485.94, 240133760005900.0, 239944201101513.53], [266473437333329.06, 278372214715701.3, 265755209129713.62, 255785223387663.0, 242704395156603.75, 234248503812423.5, 236976271960902.94, 261280351683751.6, 264229733163966.6, 260713708518953.56, 294019780781676.0, 277628739672476.53, 261059638406806.47, 264974982234191.72, 253292196750467.62, 255994639615593.12], [266335254218742.9, 278235145838301.3, 265699827229777.72, 254667494732596.34, 241732763283051.3, 234224532726874.6, 235351097833637.06, 262282526907060.3, 260887465515758.7, 262622034983759.47, 277628739672476.53, 293657424722376.25, 266117773338091.38, 260767477430428.9, 256362110908320.53, 249985941979642.6], [254994454407061.94, 265785275888185.3, 277079531895376.2, 265103874070226.22, 254183270613913.28, 244728505261989.38, 251144702891468.28, 253464052692163.16, 247923691323866.03, 252293069646385.75, 261059638406806.47, 266117773338091.38, 292686087616084.2, 276535545636852.44, 262661335971300.7, 261544308818861.03], [255827740167121.34, 265525910569642.72, 276788527246570.66, 264781692202598.44, 255025606250051.53, 246696038402863.16, 251661054250630.9, 252305290963036.38, 250349258312709.62, 254254433603485.94, 264974982234191.72, 260767477430428.9, 276535545636852.44, 292169651207663.8, 260268748667924.62, 262525177420524.94], [241460526458906.53, 254771936476885.66, 263831899851740.06, 275222911074832.06, 264400552527691.84, 257449449422527.88, 257114074203599.62, 236461036935639.84, 235330570731900.34, 240133760005900.0, 253292196750467.62, 256362110908320.53, 262661335971300.7, 260268748667924.62, 290010562390835.06, 274086438402600.62], [241066643564850.03, 253632240080928.44, 263883717545267.75, 275279013557557.44, 264386520169848.72, 258057365882186.44, 256491801413851.4, 237151177594162.88, 234162148493217.53, 239944201101513.53, 255994639615593.12, 249985941979642.6, 261544308818861.03, 262525177420524.94, 274086438402600.62, 290120327305355.1], [9130223922628.947, 9111772140553.525, 7582259125147.011, 5833958024753.886, -1527204343105.1643, -4746742898912.433, -4679129347351.592, 9557935485837.56, 8992430886816.86, 8689887676824.129, 9481842709331.045, 9533405182910.674, 7849357612347.06, 7069258156369.669, 7520166220891.962, 7464184621733.69]]}}