{"resp_b": 0.1, "restrained_fit": true, "exclude_hydrogens": true, "convergence_tolerance": 1e-06, "max_iter": 500, "resp_a": 0.0005, "charge_constraints": {"charge_sum_constraints": [], "charge_equivalence_constraints": [], "molecules": [{"qcmol": {"schema_name": "qcschema_molecule", "schema_version": 2, "validated": true, "symbols": ["C", "C", "C", "C", "N", "H", "H", "H", "H", "H", "H", "H", "H", "H", "H", "H"], "geometry": [[0.0, 0.0, 0.0], [2.8921247619503365, 2.1607284428476652e-16, -2.278599111632354e-16], [4.106587715357597, 2.6292558092375713, -8.229528170033973e-15], [3.6719091028974624, 4.15823702975209, 2.4068559970170633], [5.078110693013459, 6.523046955239391, 2.297432529589097], [-0.7272698844669229, -1.9119150253684851, -0.15804015814590072], [-0.7714060384113145, 0.8088793042934581, 1.7188697153985546], [-0.7368273846179361, 1.079024034640982, -1.58448979907676], [3.5755360460975902, -1.0648004750812778, 1.6211234760426736], [3.5479689920603676, -1.0126255556672634, -1.6623348798395214], [6.133085706348379, 2.4445150142401926, -0.26026339124510295], [3.4080611870514343, 3.698617099220796, -1.6157926040322361], [4.370146398245544, 3.092556829069886, 4.016071031564848], [1.6536923143288462, 4.4440722375714055, 2.7138307600308833], [4.400516188735693, 7.632086544648685, 0.9189647447029872], [4.889431378741983, 7.488534119544616, 3.915053722898432]], "name": "C4H11N", "identifiers": {"molecule_hash": "510c6075f8467589d3692ae3421a47885dc57fd4", "molecular_formula": "C4H11N"}, "molecular_charge": 0.0, "molecular_multiplicity": 1, "connectivity": [[0, 1, 1.0], [0, 5, 1.0], [0, 6, 1.0], [0, 7, 1.0], [1, 2, 1.0], [1, 8, 1.0], [1, 9, 1.0], [2, 3, 1.0], [2, 10, 1.0], [2, 11, 1.0], [3, 4, 1.0], [3, 12, 1.0], [3, 13, 1.0], [4, 14, 1.0], [4, 15, 1.0]], "fix_com": true, "fix_orientation": true, "provenance": {"creator": "QCElemental", "version": "v0.22.0", "routine": "qcelemental.molparse.from_schema"}, "id": "14080"}, "charge": 0, "optimize_geometry": false, "conformers": [], "conformer_generation_options": {"n_conformer_pool": 4000, "n_max_conformers": 0, "rms_tolerance": 0.05, "energy_window": 15, "keep_original_conformer": true}, "stage_1_unrestrained_charges": null, "stage_1_restrained_charges": null, "stage_2_unrestrained_charges": null, "stage_2_restrained_charges": null, "keep_original_orientation": false, "reorientations": [], "translations": [], "rotations": []}], "unconstrained_atoms": [{"index": 0, "molecule": {"qcmol": {"schema_name": "qcschema_molecule", "schema_version": 2, "validated": true, "symbols": ["C", "C", "C", "C", "N", "H", "H", "H", "H", "H", "H", "H", "H", "H", "H", "H"], "geometry": [[0.0, 0.0, 0.0], [2.8921247619503365, 2.1607284428476652e-16, -2.278599111632354e-16], [4.106587715357597, 2.6292558092375713, -8.229528170033973e-15], [3.6719091028974624, 4.15823702975209, 2.4068559970170633], [5.078110693013459, 6.523046955239391, 2.297432529589097], [-0.7272698844669229, -1.9119150253684851, -0.15804015814590072], [-0.7714060384113145, 0.8088793042934581, 1.7188697153985546], [-0.7368273846179361, 1.079024034640982, -1.58448979907676], [3.5755360460975902, -1.0648004750812778, 1.6211234760426736], [3.5479689920603676, -1.0126255556672634, -1.6623348798395214], [6.133085706348379, 2.4445150142401926, -0.26026339124510295], [3.4080611870514343, 3.698617099220796, -1.6157926040322361], [4.370146398245544, 3.092556829069886, 4.016071031564848], [1.6536923143288462, 4.4440722375714055, 2.7138307600308833], [4.400516188735693, 7.632086544648685, 0.9189647447029872], [4.889431378741983, 7.488534119544616, 3.915053722898432]], "name": "C4H11N", "identifiers": {"molecule_hash": "510c6075f8467589d3692ae3421a47885dc57fd4", "molecular_formula": "C4H11N"}, "molecular_charge": 0.0, "molecular_multiplicity": 1, "connectivity": [[0, 1, 1.0], [0, 5, 1.0], [0, 6, 1.0], [0, 7, 1.0], [1, 2, 1.0], [1, 8, 1.0], [1, 9, 1.0], [2, 3, 1.0], [2, 10, 1.0], [2, 11, 1.0], [3, 4, 1.0], [3, 12, 1.0], [3, 13, 1.0], [4, 14, 1.0], [4, 15, 1.0]], "fix_com": true, "fix_orientation": true, "provenance": {"creator": "QCElemental", "version": "v0.22.0", "routine": "qcelemental.molparse.from_schema"}, "id": "14080"}, "charge": 0, "optimize_geometry": false, "conformers": [], "conformer_generation_options": {"n_conformer_pool": 4000, "n_max_conformers": 0, "rms_tolerance": 0.05, "energy_window": 15, "keep_original_conformer": true}, "stage_1_unrestrained_charges": null, "stage_1_restrained_charges": null, "stage_2_unrestrained_charges": null, "stage_2_restrained_charges": null, "keep_original_orientation": false, "reorientations": [], "translations": [], "rotations": []}}, {"index": 1, "molecule": {"qcmol": {"schema_name": "qcschema_molecule", "schema_version": 2, "validated": true, "symbols": ["C", "C", "C", "C", "N", "H", "H", "H", "H", "H", "H", "H", "H", "H", "H", "H"], "geometry": [[0.0, 0.0, 0.0], [2.8921247619503365, 2.1607284428476652e-16, -2.278599111632354e-16], [4.106587715357597, 2.6292558092375713, -8.229528170033973e-15], [3.6719091028974624, 4.15823702975209, 2.4068559970170633], [5.078110693013459, 6.523046955239391, 2.297432529589097], [-0.7272698844669229, -1.9119150253684851, -0.15804015814590072], [-0.7714060384113145, 0.8088793042934581, 1.7188697153985546], [-0.7368273846179361, 1.079024034640982, -1.58448979907676], [3.5755360460975902, -1.0648004750812778, 1.6211234760426736], [3.5479689920603676, -1.0126255556672634, -1.6623348798395214], [6.133085706348379, 2.4445150142401926, -0.26026339124510295], [3.4080611870514343, 3.698617099220796, -1.6157926040322361], [4.370146398245544, 3.092556829069886, 4.016071031564848], [1.6536923143288462, 4.4440722375714055, 2.7138307600308833], [4.400516188735693, 7.632086544648685, 0.9189647447029872], [4.889431378741983, 7.488534119544616, 3.915053722898432]], "name": "C4H11N", "identifiers": {"molecule_hash": "510c6075f8467589d3692ae3421a47885dc57fd4", "molecular_formula": "C4H11N"}, "molecular_charge": 0.0, "molecular_multiplicity": 1, "connectivity": [[0, 1, 1.0], [0, 5, 1.0], [0, 6, 1.0], [0, 7, 1.0], [1, 2, 1.0], [1, 8, 1.0], [1, 9, 1.0], [2, 3, 1.0], [2, 10, 1.0], [2, 11, 1.0], [3, 4, 1.0], [3, 12, 1.0], [3, 13, 1.0], [4, 14, 1.0], [4, 15, 1.0]], "fix_com": true, "fix_orientation": true, "provenance": {"creator": "QCElemental", "version": "v0.22.0", "routine": "qcelemental.molparse.from_schema"}, "id": "14080"}, "charge": 0, "optimize_geometry": false, "conformers": [], "conformer_generation_options": {"n_conformer_pool": 4000, "n_max_conformers": 0, "rms_tolerance": 0.05, "energy_window": 15, "keep_original_conformer": true}, "stage_1_unrestrained_charges": null, "stage_1_restrained_charges": null, "stage_2_unrestrained_charges": null, "stage_2_restrained_charges": null, "keep_original_orientation": false, "reorientations": [], "translations": [], "rotations": []}}, {"index": 2, "molecule": {"qcmol": {"schema_name": "qcschema_molecule", "schema_version": 2, "validated": true, "symbols": ["C", "C", "C", "C", "N", "H", "H", "H", "H", "H", "H", "H", "H", "H", "H", "H"], "geometry": [[0.0, 0.0, 0.0], [2.8921247619503365, 2.1607284428476652e-16, -2.278599111632354e-16], [4.106587715357597, 2.6292558092375713, -8.229528170033973e-15], [3.6719091028974624, 4.15823702975209, 2.4068559970170633], [5.078110693013459, 6.523046955239391, 2.297432529589097], [-0.7272698844669229, -1.9119150253684851, -0.15804015814590072], [-0.7714060384113145, 0.8088793042934581, 1.7188697153985546], [-0.7368273846179361, 1.079024034640982, -1.58448979907676], [3.5755360460975902, -1.0648004750812778, 1.6211234760426736], [3.5479689920603676, -1.0126255556672634, -1.6623348798395214], [6.133085706348379, 2.4445150142401926, -0.26026339124510295], [3.4080611870514343, 3.698617099220796, -1.6157926040322361], [4.370146398245544, 3.092556829069886, 4.016071031564848], [1.6536923143288462, 4.4440722375714055, 2.7138307600308833], [4.400516188735693, 7.632086544648685, 0.9189647447029872], [4.889431378741983, 7.488534119544616, 3.915053722898432]], "name": "C4H11N", "identifiers": {"molecule_hash": "510c6075f8467589d3692ae3421a47885dc57fd4", "molecular_formula": "C4H11N"}, "molecular_charge": 0.0, "molecular_multiplicity": 1, "connectivity": [[0, 1, 1.0], [0, 5, 1.0], [0, 6, 1.0], [0, 7, 1.0], [1, 2, 1.0], [1, 8, 1.0], [1, 9, 1.0], [2, 3, 1.0], [2, 10, 1.0], [2, 11, 1.0], [3, 4, 1.0], [3, 12, 1.0], [3, 13, 1.0], [4, 14, 1.0], [4, 15, 1.0]], "fix_com": true, "fix_orientation": true, "provenance": {"creator": "QCElemental", "version": "v0.22.0", "routine": "qcelemental.molparse.from_schema"}, "id": "14080"}, "charge": 0, "optimize_geometry": false, "conformers": [], "conformer_generation_options": {"n_conformer_pool": 4000, "n_max_conformers": 0, "rms_tolerance": 0.05, "energy_window": 15, "keep_original_conformer": true}, "stage_1_unrestrained_charges": null, "stage_1_restrained_charges": null, "stage_2_unrestrained_charges": null, "stage_2_restrained_charges": null, "keep_original_orientation": false, "reorientations": [], "translations": [], "rotations": []}}, {"index": 3, "molecule": {"qcmol": {"schema_name": "qcschema_molecule", "schema_version": 2, "validated": true, "symbols": ["C", "C", "C", "C", "N", "H", "H", "H", "H", "H", "H", "H", "H", "H", "H", "H"], "geometry": [[0.0, 0.0, 0.0], [2.8921247619503365, 2.1607284428476652e-16, -2.278599111632354e-16], [4.106587715357597, 2.6292558092375713, -8.229528170033973e-15], [3.6719091028974624, 4.15823702975209, 2.4068559970170633], [5.078110693013459, 6.523046955239391, 2.297432529589097], [-0.7272698844669229, -1.9119150253684851, -0.15804015814590072], [-0.7714060384113145, 0.8088793042934581, 1.7188697153985546], [-0.7368273846179361, 1.079024034640982, -1.58448979907676], [3.5755360460975902, -1.0648004750812778, 1.6211234760426736], [3.5479689920603676, -1.0126255556672634, -1.6623348798395214], [6.133085706348379, 2.4445150142401926, -0.26026339124510295], [3.4080611870514343, 3.698617099220796, -1.6157926040322361], [4.370146398245544, 3.092556829069886, 4.016071031564848], [1.6536923143288462, 4.4440722375714055, 2.7138307600308833], [4.400516188735693, 7.632086544648685, 0.9189647447029872], [4.889431378741983, 7.488534119544616, 3.915053722898432]], "name": "C4H11N", "identifiers": {"molecule_hash": "510c6075f8467589d3692ae3421a47885dc57fd4", "molecular_formula": "C4H11N"}, "molecular_charge": 0.0, "molecular_multiplicity": 1, "connectivity": [[0, 1, 1.0], [0, 5, 1.0], [0, 6, 1.0], [0, 7, 1.0], [1, 2, 1.0], [1, 8, 1.0], [1, 9, 1.0], [2, 3, 1.0], [2, 10, 1.0], [2, 11, 1.0], [3, 4, 1.0], [3, 12, 1.0], [3, 13, 1.0], [4, 14, 1.0], [4, 15, 1.0]], "fix_com": true, "fix_orientation": true, "provenance": {"creator": "QCElemental", "version": "v0.22.0", "routine": "qcelemental.molparse.from_schema"}, "id": "14080"}, "charge": 0, "optimize_geometry": false, "conformers": [], "conformer_generation_options": {"n_conformer_pool": 4000, "n_max_conformers": 0, "rms_tolerance": 0.05, "energy_window": 15, "keep_original_conformer": true}, "stage_1_unrestrained_charges": null, "stage_1_restrained_charges": null, "stage_2_unrestrained_charges": null, "stage_2_restrained_charges": null, "keep_original_orientation": false, "reorientations": [], "translations": [], "rotations": []}}]}, "surface_constraints": {"matrix": [[94063374096929.48, 90924834027454.06, 86985427816948.69, 82721377398514.0, 79494218693850.97, 94253910721403.62, 94545649620445.92, 94446918792731.4, 90547583862503.42, 90494811879156.38, 86237247151925.9, 86972546655883.44, 81973366612846.9, 82018458273626.12, 77727872136933.89, 77620692856189.95], [90924834027454.06, 93308852977123.84, 90529737474894.78, 86746813739110.08, 83284810345067.06, 89785796765835.62, 89989613315428.55, 89891691297854.84, 94523810106699.75, 94544083437487.61, 90336765540643.5, 90295545596297.17, 86199254513098.97, 86225775550375.83, 81640771619300.67, 81306049370460.0], [86985427816948.69, 90529737474894.78, 93015906380638.12, 90395277876068.31, 87239018053365.7, 84632531384358.12, 86433940879820.17, 86194082404039.73, 90216251818337.78, 90301864916865.22, 94349033887653.33, 94375309944096.14, 90009376374898.05, 90009442221364.83, 86390564044560.0, 85630032255992.42], [82721377398514.0, 86746813739110.08, 90395277876068.31, 93015211311119.84, 90973339461878.88, 80063120102083.75, 81626737342968.58, 82599305323337.73, 86681376983166.69, 86023991736647.5, 90198005174869.47, 90268208442850.3, 94086837459529.27, 94091443120243.39, 90187688991447.44, 90217331231381.84], [79494218693850.97, 83284810345067.06, 87239018053365.7, 90973339461878.88, 94249008398357.05, 76661937963402.12, 78433427546054.75, 79758144949140.34, 83891365530344.98, 81605747769309.67, 87235504813995.73, 86455043023673.39, 90412608316232.2, 90418758873615.77, 94583419599626.67, 94595946810330.3], [94253910721403.62, 89785796765835.62, 84632531384358.12, 80063120102083.75, 76661937963402.12, 98544228314845.5, 93191506344269.16, 93176438748144.23, 89436498038063.86, 89377516683871.27, 83581295643198.08, 84404754914251.19, 79508761163786.97, 79169001078735.77, 74660574519340.88, 74910644559222.31], [94545649620445.92, 89989613315428.55, 86433940879820.17, 81626737342968.58, 78433427546054.75, 93191506344269.16, 99302606284731.67, 93452231551117.27, 89267645221125.89, 88488896569099.78, 86276999511359.44, 86543590203752.22, 80649776105828.27, 80753350231675.66, 77092429942460.14, 76500159934676.58], [94446918792731.4, 89891691297854.84, 86194082404039.73, 82599305323337.73, 79758144949140.34, 93176438748144.23, 93452231551117.27, 99017520351622.17, 88566108148633.06, 89180689958878.38, 84817548654787.39, 86430950343673.0, 81794523438985.47, 82177153650990.56, 77728603828656.5, 77938882145903.58], [90547583862503.42, 94523810106699.75, 90216251818337.78, 86681376983166.69, 83891365530344.98, 89436498038063.86, 89267645221125.89, 88566108148633.06, 99815037200825.67, 94226660129441.42, 90137618930269.45, 88441194188741.53, 86284020817956.58, 85651844073854.8, 82183906107507.7, 81902412785427.95], [90494811879156.38, 94544083437487.61, 90301864916865.22, 86023991736647.5, 81605747769309.67, 89377516683871.27, 88488896569099.78, 89180689958878.38, 94226660129441.42, 99837890836093.84, 89255305422740.94, 90146439740907.27, 85412397318800.95, 86096555498670.22, 79578329913772.19, 79326800592544.1], [86237247151925.9, 90336765540643.5, 94349033887653.33, 90198005174869.47, 87235504813995.73, 83581295643198.08, 86276999511359.44, 84817548654787.39, 90137618930269.45, 89255305422740.94, 99723247403128.7, 94173579448865.55, 89764191868772.3, 88424262474054.52, 86475551372399.44, 86215348215331.48], [86972546655883.44, 90295545596297.17, 94375309944096.14, 90268208442850.3, 86455043023673.39, 84404754914251.19, 86543590203752.22, 86430950343673.0, 88441194188741.53, 90146439740907.27, 94173579448865.55, 99785770841881.56, 88917816178686.67, 90230663877388.66, 86141270887242.06, 84033049018671.58], [81973366612846.9, 86199254513098.97, 90009376374898.05, 94086837459529.27, 90412608316232.2, 79508761163786.97, 80649776105828.27, 81794523438985.47, 86284020817956.58, 85412397318800.95, 89764191868772.3, 88917816178686.67, 99217674068980.34, 93635463085401.17, 88619979241113.19, 90041543562779.81], [82018458273626.12, 86225775550375.83, 90009442221364.83, 94091443120243.39, 90418758873615.77, 79169001078735.77, 80753350231675.66, 82177153650990.56, 85651844073854.8, 86096555498670.22, 88424262474054.52, 90230663877388.66, 93635463085401.17, 99226207004339.53, 89669550657000.4, 89006310181293.52], [77727872136933.89, 81640771619300.67, 86390564044560.0, 90187688991447.44, 94583419599626.67, 74660574519340.88, 77092429942460.14, 77728603828656.5, 82183906107507.7, 79578329913772.19, 86475551372399.44, 86141270887242.06, 88619979241113.19, 89669550657000.4, 98709512512650.9, 93656157721761.53], [77620692856189.95, 81306049370460.0, 85630032255992.42, 90217331231381.84, 94595946810330.3, 74910644559222.31, 76500159934676.58, 77938882145903.58, 81902412785427.95, 79326800592544.1, 86215348215331.48, 84033049018671.58, 90041543562779.81, 89006310181293.52, 93656157721761.53, 98654459663989.78], [-224970646435.38632, -72599450103.4869, 247963172902.84692, 282265357344.4788, -247468009775.94165, -248033469621.86627, -128789687058.07047, -391073951182.80414, -245155625900.72116, -54793624607.58138, 452930175181.94727, 291043109135.2395, 451499858445.2247, 450853126459.3054, 381428763087.119, 356697334241.21185]]}}