{"resp_b": 0.1, "restrained_fit": true, "exclude_hydrogens": true, "convergence_tolerance": 1e-06, "max_iter": 500, "resp_a": 0.0005, "charge_constraints": {"charge_sum_constraints": [], "charge_equivalence_constraints": [], "molecules": [{"qcmol": {"schema_name": "qcschema_molecule", "schema_version": 2, "validated": true, "symbols": ["C", "C", "C", "C", "N", "H", "H", "H", "H", "H", "H", "H", "H", "H", "H", "H"], "geometry": [[0.0, 0.0, 0.0], [2.8921247619503365, 2.1607284428476652e-16, -2.278599111632354e-16], [4.106587715357597, 2.6292558092375713, -8.229528170033973e-15], [3.6719091028974624, 4.15823702975209, 2.4068559970170633], [5.078110693013459, 6.523046955239391, 2.297432529589097], [-0.7272698844669229, -1.9119150253684851, -0.15804015814590072], [-0.7714060384113145, 0.8088793042934581, 1.7188697153985546], [-0.7368273846179361, 1.079024034640982, -1.58448979907676], [3.5755360460975902, -1.0648004750812778, 1.6211234760426736], [3.5479689920603676, -1.0126255556672634, -1.6623348798395214], [6.133085706348379, 2.4445150142401926, -0.26026339124510295], [3.4080611870514343, 3.698617099220796, -1.6157926040322361], [4.370146398245544, 3.092556829069886, 4.016071031564848], [1.6536923143288462, 4.4440722375714055, 2.7138307600308833], [4.400516188735693, 7.632086544648685, 0.9189647447029872], [4.889431378741983, 7.488534119544616, 3.915053722898432]], "name": "C4H11N", "identifiers": {"molecule_hash": "510c6075f8467589d3692ae3421a47885dc57fd4", "molecular_formula": "C4H11N"}, "molecular_charge": 0.0, "molecular_multiplicity": 1, "connectivity": [[0, 1, 1.0], [0, 5, 1.0], [0, 6, 1.0], [0, 7, 1.0], [1, 2, 1.0], [1, 8, 1.0], [1, 9, 1.0], [2, 3, 1.0], [2, 10, 1.0], [2, 11, 1.0], [3, 4, 1.0], [3, 12, 1.0], [3, 13, 1.0], [4, 14, 1.0], [4, 15, 1.0]], "fix_com": true, "fix_orientation": true, "provenance": {"creator": "QCElemental", "version": "v0.22.0", "routine": "qcelemental.molparse.from_schema"}, "id": "14080"}, "charge": 0, "optimize_geometry": false, "conformers": [], "conformer_generation_options": {"n_conformer_pool": 4000, "n_max_conformers": 0, "rms_tolerance": 0.05, "energy_window": 15, "keep_original_conformer": true}, "stage_1_unrestrained_charges": null, "stage_1_restrained_charges": null, "stage_2_unrestrained_charges": null, "stage_2_restrained_charges": null, "keep_original_orientation": false, "reorientations": [], "translations": [], "rotations": []}], "unconstrained_atoms": [{"index": 0, "molecule": {"qcmol": {"schema_name": "qcschema_molecule", "schema_version": 2, "validated": true, "symbols": ["C", "C", "C", "C", "N", "H", "H", "H", "H", "H", "H", "H", "H", "H", "H", "H"], "geometry": [[0.0, 0.0, 0.0], [2.8921247619503365, 2.1607284428476652e-16, -2.278599111632354e-16], [4.106587715357597, 2.6292558092375713, -8.229528170033973e-15], [3.6719091028974624, 4.15823702975209, 2.4068559970170633], [5.078110693013459, 6.523046955239391, 2.297432529589097], [-0.7272698844669229, -1.9119150253684851, -0.15804015814590072], [-0.7714060384113145, 0.8088793042934581, 1.7188697153985546], [-0.7368273846179361, 1.079024034640982, -1.58448979907676], [3.5755360460975902, -1.0648004750812778, 1.6211234760426736], [3.5479689920603676, -1.0126255556672634, -1.6623348798395214], [6.133085706348379, 2.4445150142401926, -0.26026339124510295], [3.4080611870514343, 3.698617099220796, -1.6157926040322361], [4.370146398245544, 3.092556829069886, 4.016071031564848], [1.6536923143288462, 4.4440722375714055, 2.7138307600308833], [4.400516188735693, 7.632086544648685, 0.9189647447029872], [4.889431378741983, 7.488534119544616, 3.915053722898432]], "name": "C4H11N", "identifiers": {"molecule_hash": "510c6075f8467589d3692ae3421a47885dc57fd4", "molecular_formula": "C4H11N"}, "molecular_charge": 0.0, "molecular_multiplicity": 1, "connectivity": [[0, 1, 1.0], [0, 5, 1.0], [0, 6, 1.0], [0, 7, 1.0], [1, 2, 1.0], [1, 8, 1.0], [1, 9, 1.0], [2, 3, 1.0], [2, 10, 1.0], [2, 11, 1.0], [3, 4, 1.0], [3, 12, 1.0], [3, 13, 1.0], [4, 14, 1.0], [4, 15, 1.0]], "fix_com": true, "fix_orientation": true, "provenance": {"creator": "QCElemental", "version": "v0.22.0", "routine": "qcelemental.molparse.from_schema"}, "id": "14080"}, "charge": 0, "optimize_geometry": false, "conformers": [], "conformer_generation_options": {"n_conformer_pool": 4000, "n_max_conformers": 0, "rms_tolerance": 0.05, "energy_window": 15, "keep_original_conformer": true}, "stage_1_unrestrained_charges": null, "stage_1_restrained_charges": null, "stage_2_unrestrained_charges": null, "stage_2_restrained_charges": null, "keep_original_orientation": false, "reorientations": [], "translations": [], "rotations": []}}, {"index": 1, "molecule": {"qcmol": {"schema_name": "qcschema_molecule", "schema_version": 2, "validated": true, "symbols": ["C", "C", "C", "C", "N", "H", "H", "H", "H", "H", "H", "H", "H", "H", "H", "H"], "geometry": [[0.0, 0.0, 0.0], [2.8921247619503365, 2.1607284428476652e-16, -2.278599111632354e-16], [4.106587715357597, 2.6292558092375713, -8.229528170033973e-15], [3.6719091028974624, 4.15823702975209, 2.4068559970170633], [5.078110693013459, 6.523046955239391, 2.297432529589097], [-0.7272698844669229, -1.9119150253684851, -0.15804015814590072], [-0.7714060384113145, 0.8088793042934581, 1.7188697153985546], [-0.7368273846179361, 1.079024034640982, -1.58448979907676], [3.5755360460975902, -1.0648004750812778, 1.6211234760426736], [3.5479689920603676, -1.0126255556672634, -1.6623348798395214], [6.133085706348379, 2.4445150142401926, -0.26026339124510295], [3.4080611870514343, 3.698617099220796, -1.6157926040322361], [4.370146398245544, 3.092556829069886, 4.016071031564848], [1.6536923143288462, 4.4440722375714055, 2.7138307600308833], [4.400516188735693, 7.632086544648685, 0.9189647447029872], [4.889431378741983, 7.488534119544616, 3.915053722898432]], "name": "C4H11N", "identifiers": {"molecule_hash": "510c6075f8467589d3692ae3421a47885dc57fd4", "molecular_formula": "C4H11N"}, "molecular_charge": 0.0, "molecular_multiplicity": 1, "connectivity": [[0, 1, 1.0], [0, 5, 1.0], [0, 6, 1.0], [0, 7, 1.0], [1, 2, 1.0], [1, 8, 1.0], [1, 9, 1.0], [2, 3, 1.0], [2, 10, 1.0], [2, 11, 1.0], [3, 4, 1.0], [3, 12, 1.0], [3, 13, 1.0], [4, 14, 1.0], [4, 15, 1.0]], "fix_com": true, "fix_orientation": true, "provenance": {"creator": "QCElemental", "version": "v0.22.0", "routine": "qcelemental.molparse.from_schema"}, "id": "14080"}, "charge": 0, "optimize_geometry": false, "conformers": [], "conformer_generation_options": {"n_conformer_pool": 4000, "n_max_conformers": 0, "rms_tolerance": 0.05, "energy_window": 15, "keep_original_conformer": true}, "stage_1_unrestrained_charges": null, "stage_1_restrained_charges": null, "stage_2_unrestrained_charges": null, "stage_2_restrained_charges": null, "keep_original_orientation": false, "reorientations": [], "translations": [], "rotations": []}}, {"index": 2, "molecule": {"qcmol": {"schema_name": "qcschema_molecule", "schema_version": 2, "validated": true, "symbols": ["C", "C", "C", "C", "N", "H", "H", "H", "H", "H", "H", "H", "H", "H", "H", "H"], "geometry": [[0.0, 0.0, 0.0], [2.8921247619503365, 2.1607284428476652e-16, -2.278599111632354e-16], [4.106587715357597, 2.6292558092375713, -8.229528170033973e-15], [3.6719091028974624, 4.15823702975209, 2.4068559970170633], [5.078110693013459, 6.523046955239391, 2.297432529589097], [-0.7272698844669229, -1.9119150253684851, -0.15804015814590072], [-0.7714060384113145, 0.8088793042934581, 1.7188697153985546], [-0.7368273846179361, 1.079024034640982, -1.58448979907676], [3.5755360460975902, -1.0648004750812778, 1.6211234760426736], [3.5479689920603676, -1.0126255556672634, -1.6623348798395214], [6.133085706348379, 2.4445150142401926, -0.26026339124510295], [3.4080611870514343, 3.698617099220796, -1.6157926040322361], [4.370146398245544, 3.092556829069886, 4.016071031564848], [1.6536923143288462, 4.4440722375714055, 2.7138307600308833], [4.400516188735693, 7.632086544648685, 0.9189647447029872], [4.889431378741983, 7.488534119544616, 3.915053722898432]], "name": "C4H11N", "identifiers": {"molecule_hash": "510c6075f8467589d3692ae3421a47885dc57fd4", "molecular_formula": "C4H11N"}, "molecular_charge": 0.0, "molecular_multiplicity": 1, "connectivity": [[0, 1, 1.0], [0, 5, 1.0], [0, 6, 1.0], [0, 7, 1.0], [1, 2, 1.0], [1, 8, 1.0], [1, 9, 1.0], [2, 3, 1.0], [2, 10, 1.0], [2, 11, 1.0], [3, 4, 1.0], [3, 12, 1.0], [3, 13, 1.0], [4, 14, 1.0], [4, 15, 1.0]], "fix_com": true, "fix_orientation": true, "provenance": {"creator": "QCElemental", "version": "v0.22.0", "routine": "qcelemental.molparse.from_schema"}, "id": "14080"}, "charge": 0, "optimize_geometry": false, "conformers": [], "conformer_generation_options": {"n_conformer_pool": 4000, "n_max_conformers": 0, "rms_tolerance": 0.05, "energy_window": 15, "keep_original_conformer": true}, "stage_1_unrestrained_charges": null, "stage_1_restrained_charges": null, "stage_2_unrestrained_charges": null, "stage_2_restrained_charges": null, "keep_original_orientation": false, "reorientations": [], "translations": [], "rotations": []}}, {"index": 3, "molecule": {"qcmol": {"schema_name": "qcschema_molecule", "schema_version": 2, "validated": true, "symbols": ["C", "C", "C", "C", "N", "H", "H", "H", "H", "H", "H", "H", "H", "H", "H", "H"], "geometry": [[0.0, 0.0, 0.0], [2.8921247619503365, 2.1607284428476652e-16, -2.278599111632354e-16], [4.106587715357597, 2.6292558092375713, -8.229528170033973e-15], [3.6719091028974624, 4.15823702975209, 2.4068559970170633], [5.078110693013459, 6.523046955239391, 2.297432529589097], [-0.7272698844669229, -1.9119150253684851, -0.15804015814590072], [-0.7714060384113145, 0.8088793042934581, 1.7188697153985546], [-0.7368273846179361, 1.079024034640982, -1.58448979907676], [3.5755360460975902, -1.0648004750812778, 1.6211234760426736], [3.5479689920603676, -1.0126255556672634, -1.6623348798395214], [6.133085706348379, 2.4445150142401926, -0.26026339124510295], [3.4080611870514343, 3.698617099220796, -1.6157926040322361], [4.370146398245544, 3.092556829069886, 4.016071031564848], [1.6536923143288462, 4.4440722375714055, 2.7138307600308833], [4.400516188735693, 7.632086544648685, 0.9189647447029872], [4.889431378741983, 7.488534119544616, 3.915053722898432]], "name": "C4H11N", "identifiers": {"molecule_hash": "510c6075f8467589d3692ae3421a47885dc57fd4", "molecular_formula": "C4H11N"}, "molecular_charge": 0.0, "molecular_multiplicity": 1, "connectivity": [[0, 1, 1.0], [0, 5, 1.0], [0, 6, 1.0], [0, 7, 1.0], [1, 2, 1.0], [1, 8, 1.0], [1, 9, 1.0], [2, 3, 1.0], [2, 10, 1.0], [2, 11, 1.0], [3, 4, 1.0], [3, 12, 1.0], [3, 13, 1.0], [4, 14, 1.0], [4, 15, 1.0]], "fix_com": true, "fix_orientation": true, "provenance": {"creator": "QCElemental", "version": "v0.22.0", "routine": "qcelemental.molparse.from_schema"}, "id": "14080"}, "charge": 0, "optimize_geometry": false, "conformers": [], "conformer_generation_options": {"n_conformer_pool": 4000, "n_max_conformers": 0, "rms_tolerance": 0.05, "energy_window": 15, "keep_original_conformer": true}, "stage_1_unrestrained_charges": null, "stage_1_restrained_charges": null, "stage_2_unrestrained_charges": null, "stage_2_restrained_charges": null, "keep_original_orientation": false, "reorientations": [], "translations": [], "rotations": []}}]}, "surface_constraints": {"matrix": [[94059381621508.88, 90920970969763.98, 86981729428132.19, 82717867545187.44, 79490884710343.9, 94249911832874.44, 94541638614313.02, 94442909540477.48, 90543736488250.81, 90490967120421.2, 86233578686740.19, 86968841765933.1, 81969873611786.61, 82014967377205.86, 77724611170433.3, 77617432162139.61], [90920970969763.98, 93304885516357.25, 90525886590640.05, 86743123351034.12, 83281280887293.86, 89781983501680.36, 89985791579732.44, 89887872421447.72, 94519791052965.61, 94540063232487.56, 90332922226824.0, 90291704368455.67, 86195579682017.4, 86222105340958.39, 81637305473966.03, 81302596958621.61], [86981729428132.19, 90525886590640.05, 93011949289439.12, 90391433357852.77, 87235310008318.38, 84628939482941.38, 86430275206772.33, 86190404747332.33, 90212414813477.55, 90298023390471.27, 94345019722170.92, 94371294560257.48, 90005548355970.34, 90005614423951.84, 86386887218650.97, 85626391858978.23], [82717867545187.44, 86743123351034.12, 90391433357852.77, 93011257157273.72, 90969474909833.92, 80059738729845.05, 81623276717180.45, 82595789788651.72, 86677682612392.1, 86020331526673.64, 90194169108285.4, 90264368963808.66, 94082837235261.0, 94087443116728.53, 90183859766302.25, 90213499912859.22], [79490884710343.9, 83281280887293.86, 87235310008318.38, 90969474909833.92, 94245007666185.3, 76658748180582.5, 78430144749615.95, 79754794933237.89, 83887790274638.14, 81602288577108.72, 87231789091416.8, 86451364892590.53, 90408766848237.11, 90414917900895.92, 94579406791532.27, 94591932616367.7], [94249911832874.44, 89781983501680.36, 84628939482941.38, 80059738729845.05, 76658748180582.5, 98540048049450.48, 93187554692471.77, 93172485834716.42, 89432702720304.69, 89373713014885.67, 83577747008000.9, 84401160639696.89, 79505387634995.53, 79165647152448.89, 74657468509022.92, 74907520098356.39], [94541638614313.02, 89985791579732.44, 86430275206772.33, 81623276717180.45, 78430144749615.95, 93187554692471.77, 99298396512366.2, 93448265953883.64, 89263849442218.11, 88485135662407.55, 86273342826111.11, 86539919139133.39, 80646339973365.56, 80749909939341.55, 77089203845662.05, 76496958546990.47], [94442909540477.48, 89887872421447.72, 86190404747332.33, 82595789788651.72, 79754794933237.89, 93172485834716.42, 93448265953883.64, 99013314582236.22, 88562345873394.7, 89176912364367.03, 84813922390111.61, 86427250132252.06, 81791024638320.69, 82173644082017.95, 77725338925215.73, 77935601072617.3], [90543736488250.81, 94519791052965.61, 90212414813477.55, 86677682612392.1, 83887790274638.14, 89432702720304.69, 89263849442218.11, 88562345873394.7, 99810793209915.98, 94222653397214.78, 90133778126995.7, 88437445440464.61, 86280327058789.58, 85648206607411.95, 82180399827004.12, 81898903815805.94], [90490967120421.2, 94540063232487.56, 90298023390471.27, 86020331526673.64, 81602288577108.72, 89373713014885.67, 88485135662407.55, 89176912364367.03, 94222653397214.78, 99833645571362.02, 89251515153855.97, 90142597428545.62, 85408764895618.6, 86092881115057.27, 79574942232550.64, 79323437130088.4], [86233578686740.19, 90332922226824.0, 94345019722170.92, 90194169108285.4, 87231789091416.8, 83577747008000.9, 86273342826111.11, 84813922390111.61, 90133778126995.7, 89251515153855.97, 99719003990171.42, 94169572679515.08, 89760379628165.2, 88420504131112.27, 86471855914606.48, 86211679281064.6], [86968841765933.1, 90291704368455.67, 94371294560257.48, 90264368963808.66, 86451364892590.53, 84401160639696.89, 86539919139133.39, 86427250132252.06, 88437445440464.61, 90142597428545.62, 94169572679515.08, 99781524506386.23, 88914036271357.48, 90226826656528.67, 86137605571952.6, 84029472931533.44], [81969873611786.61, 86195579682017.4, 90005548355970.34, 94082837235261.0, 90408766848237.11, 79505387634995.53, 80646339973365.56, 81791024638320.69, 86280327058789.58, 85408764895618.6, 89760379628165.2, 88914036271357.48, 99213455458508.67, 93631480991296.06, 88616218252467.52, 90037720933062.42], [82014967377205.86, 86222105340958.39, 90005614423951.84, 94087443116728.53, 90414917900895.92, 79165647152448.89, 80749909939341.55, 82173644082017.95, 85648206607411.95, 86092881115057.27, 88420504131112.27, 90226826656528.67, 93631480991296.06, 99221989134191.12, 89665746441499.3, 89002529370747.3], [77724611170433.3, 81637305473966.03, 86386887218650.97, 90183859766302.25, 94579406791532.27, 74657468509022.92, 77089203845662.05, 77725338925215.73, 82180399827004.12, 79574942232550.64, 86471855914606.48, 86137605571952.6, 88616218252467.52, 89665746441499.3, 98705325854557.22, 93652184663854.06], [77617432162139.61, 81302596958621.61, 85626391858978.23, 90213499912859.22, 94591932616367.7, 74907520098356.39, 76496958546990.47, 77935601072617.3, 81898903815805.94, 79323437130088.4, 86211679281064.6, 84029472931533.44, 90037720933062.42, 89002529370747.3, 93652184663854.06, 98650274221315.45], [-253086013018.97995, -108342904360.17322, 177524581134.34732, 238986873632.521, -141299707701.3048, -292650987652.7378, -171651520804.69846, -380935216229.45496, -238832213669.61066, -105941074046.03957, 343129998033.75757, 212553677527.08215, 365760149478.34375, 367251057689.165, 414337250276.2147, 395284131178.2374]]}}