{"resp_b": 0.1, "restrained_fit": true, "exclude_hydrogens": true, "convergence_tolerance": 1e-06, "max_iter": 500, "resp_a": 0.0005, "charge_constraints": {"charge_sum_constraints": [], "charge_equivalence_constraints": [], "molecules": [{"qcmol": {"schema_name": "qcschema_molecule", "schema_version": 2, "validated": true, "symbols": ["C", "C", "C", "C", "N", "H", "H", "H", "H", "H", "H", "H", "H", "H", "H", "H"], "geometry": [[0.0, 0.0, 0.0], [2.8921247619503365, 2.1607284428476652e-16, -2.278599111632354e-16], [4.106587715357597, 2.6292558092375713, -8.229528170033973e-15], [3.6719091028974624, 4.15823702975209, 2.4068559970170633], [5.078110693013459, 6.523046955239391, 2.297432529589097], [-0.7272698844669229, -1.9119150253684851, -0.15804015814590072], [-0.7714060384113145, 0.8088793042934581, 1.7188697153985546], [-0.7368273846179361, 1.079024034640982, -1.58448979907676], [3.5755360460975902, -1.0648004750812778, 1.6211234760426736], [3.5479689920603676, -1.0126255556672634, -1.6623348798395214], [6.133085706348379, 2.4445150142401926, -0.26026339124510295], [3.4080611870514343, 3.698617099220796, -1.6157926040322361], [4.370146398245544, 3.092556829069886, 4.016071031564848], [1.6536923143288462, 4.4440722375714055, 2.7138307600308833], [4.400516188735693, 7.632086544648685, 0.9189647447029872], [4.889431378741983, 7.488534119544616, 3.915053722898432]], "name": "C4H11N", "identifiers": {"molecule_hash": "510c6075f8467589d3692ae3421a47885dc57fd4", "molecular_formula": "C4H11N"}, "molecular_charge": 0.0, "molecular_multiplicity": 1, "connectivity": [[0, 1, 1.0], [0, 5, 1.0], [0, 6, 1.0], [0, 7, 1.0], [1, 2, 1.0], [1, 8, 1.0], [1, 9, 1.0], [2, 3, 1.0], [2, 10, 1.0], [2, 11, 1.0], [3, 4, 1.0], [3, 12, 1.0], [3, 13, 1.0], [4, 14, 1.0], [4, 15, 1.0]], "fix_com": true, "fix_orientation": true, "provenance": {"creator": "QCElemental", "version": "v0.22.0", "routine": "qcelemental.molparse.from_schema"}, "id": "14080"}, "charge": 0, "optimize_geometry": false, "conformers": [], "conformer_generation_options": {"n_conformer_pool": 4000, "n_max_conformers": 0, "rms_tolerance": 0.05, "energy_window": 15, "keep_original_conformer": true}, "stage_1_unrestrained_charges": null, "stage_1_restrained_charges": null, "stage_2_unrestrained_charges": null, "stage_2_restrained_charges": null, "keep_original_orientation": false, "reorientations": [], "translations": [], "rotations": []}], "unconstrained_atoms": [{"index": 0, "molecule": {"qcmol": {"schema_name": "qcschema_molecule", "schema_version": 2, "validated": true, "symbols": ["C", "C", "C", "C", "N", "H", "H", "H", "H", "H", "H", "H", "H", "H", "H", "H"], "geometry": [[0.0, 0.0, 0.0], [2.8921247619503365, 2.1607284428476652e-16, -2.278599111632354e-16], [4.106587715357597, 2.6292558092375713, -8.229528170033973e-15], [3.6719091028974624, 4.15823702975209, 2.4068559970170633], [5.078110693013459, 6.523046955239391, 2.297432529589097], [-0.7272698844669229, -1.9119150253684851, -0.15804015814590072], [-0.7714060384113145, 0.8088793042934581, 1.7188697153985546], [-0.7368273846179361, 1.079024034640982, -1.58448979907676], [3.5755360460975902, -1.0648004750812778, 1.6211234760426736], [3.5479689920603676, -1.0126255556672634, -1.6623348798395214], [6.133085706348379, 2.4445150142401926, -0.26026339124510295], [3.4080611870514343, 3.698617099220796, -1.6157926040322361], [4.370146398245544, 3.092556829069886, 4.016071031564848], [1.6536923143288462, 4.4440722375714055, 2.7138307600308833], [4.400516188735693, 7.632086544648685, 0.9189647447029872], [4.889431378741983, 7.488534119544616, 3.915053722898432]], "name": "C4H11N", "identifiers": {"molecule_hash": "510c6075f8467589d3692ae3421a47885dc57fd4", "molecular_formula": "C4H11N"}, "molecular_charge": 0.0, "molecular_multiplicity": 1, "connectivity": [[0, 1, 1.0], [0, 5, 1.0], [0, 6, 1.0], [0, 7, 1.0], [1, 2, 1.0], [1, 8, 1.0], [1, 9, 1.0], [2, 3, 1.0], [2, 10, 1.0], [2, 11, 1.0], [3, 4, 1.0], [3, 12, 1.0], [3, 13, 1.0], [4, 14, 1.0], [4, 15, 1.0]], "fix_com": true, "fix_orientation": true, "provenance": {"creator": "QCElemental", "version": "v0.22.0", "routine": "qcelemental.molparse.from_schema"}, "id": "14080"}, "charge": 0, "optimize_geometry": false, "conformers": [], "conformer_generation_options": {"n_conformer_pool": 4000, "n_max_conformers": 0, "rms_tolerance": 0.05, "energy_window": 15, "keep_original_conformer": true}, "stage_1_unrestrained_charges": null, "stage_1_restrained_charges": null, "stage_2_unrestrained_charges": null, "stage_2_restrained_charges": null, "keep_original_orientation": false, "reorientations": [], "translations": [], "rotations": []}}, {"index": 1, "molecule": {"qcmol": {"schema_name": "qcschema_molecule", "schema_version": 2, "validated": true, "symbols": ["C", "C", "C", "C", "N", "H", "H", "H", "H", "H", "H", "H", "H", "H", "H", "H"], "geometry": [[0.0, 0.0, 0.0], [2.8921247619503365, 2.1607284428476652e-16, -2.278599111632354e-16], [4.106587715357597, 2.6292558092375713, -8.229528170033973e-15], [3.6719091028974624, 4.15823702975209, 2.4068559970170633], [5.078110693013459, 6.523046955239391, 2.297432529589097], [-0.7272698844669229, -1.9119150253684851, -0.15804015814590072], [-0.7714060384113145, 0.8088793042934581, 1.7188697153985546], [-0.7368273846179361, 1.079024034640982, -1.58448979907676], [3.5755360460975902, -1.0648004750812778, 1.6211234760426736], [3.5479689920603676, -1.0126255556672634, -1.6623348798395214], [6.133085706348379, 2.4445150142401926, -0.26026339124510295], [3.4080611870514343, 3.698617099220796, -1.6157926040322361], [4.370146398245544, 3.092556829069886, 4.016071031564848], [1.6536923143288462, 4.4440722375714055, 2.7138307600308833], [4.400516188735693, 7.632086544648685, 0.9189647447029872], [4.889431378741983, 7.488534119544616, 3.915053722898432]], "name": "C4H11N", "identifiers": {"molecule_hash": "510c6075f8467589d3692ae3421a47885dc57fd4", "molecular_formula": "C4H11N"}, "molecular_charge": 0.0, "molecular_multiplicity": 1, "connectivity": [[0, 1, 1.0], [0, 5, 1.0], [0, 6, 1.0], [0, 7, 1.0], [1, 2, 1.0], [1, 8, 1.0], [1, 9, 1.0], [2, 3, 1.0], [2, 10, 1.0], [2, 11, 1.0], [3, 4, 1.0], [3, 12, 1.0], [3, 13, 1.0], [4, 14, 1.0], [4, 15, 1.0]], "fix_com": true, "fix_orientation": true, "provenance": {"creator": "QCElemental", "version": "v0.22.0", "routine": "qcelemental.molparse.from_schema"}, "id": "14080"}, "charge": 0, "optimize_geometry": false, "conformers": [], "conformer_generation_options": {"n_conformer_pool": 4000, "n_max_conformers": 0, "rms_tolerance": 0.05, "energy_window": 15, "keep_original_conformer": true}, "stage_1_unrestrained_charges": null, "stage_1_restrained_charges": null, "stage_2_unrestrained_charges": null, "stage_2_restrained_charges": null, "keep_original_orientation": false, "reorientations": [], "translations": [], "rotations": []}}, {"index": 2, "molecule": {"qcmol": {"schema_name": "qcschema_molecule", "schema_version": 2, "validated": true, "symbols": ["C", "C", "C", "C", "N", "H", "H", "H", "H", "H", "H", "H", "H", "H", "H", "H"], "geometry": [[0.0, 0.0, 0.0], [2.8921247619503365, 2.1607284428476652e-16, -2.278599111632354e-16], [4.106587715357597, 2.6292558092375713, -8.229528170033973e-15], [3.6719091028974624, 4.15823702975209, 2.4068559970170633], [5.078110693013459, 6.523046955239391, 2.297432529589097], [-0.7272698844669229, -1.9119150253684851, -0.15804015814590072], [-0.7714060384113145, 0.8088793042934581, 1.7188697153985546], [-0.7368273846179361, 1.079024034640982, -1.58448979907676], [3.5755360460975902, -1.0648004750812778, 1.6211234760426736], [3.5479689920603676, -1.0126255556672634, -1.6623348798395214], [6.133085706348379, 2.4445150142401926, -0.26026339124510295], [3.4080611870514343, 3.698617099220796, -1.6157926040322361], [4.370146398245544, 3.092556829069886, 4.016071031564848], [1.6536923143288462, 4.4440722375714055, 2.7138307600308833], [4.400516188735693, 7.632086544648685, 0.9189647447029872], [4.889431378741983, 7.488534119544616, 3.915053722898432]], "name": "C4H11N", "identifiers": {"molecule_hash": "510c6075f8467589d3692ae3421a47885dc57fd4", "molecular_formula": "C4H11N"}, "molecular_charge": 0.0, "molecular_multiplicity": 1, "connectivity": [[0, 1, 1.0], [0, 5, 1.0], [0, 6, 1.0], [0, 7, 1.0], [1, 2, 1.0], [1, 8, 1.0], [1, 9, 1.0], [2, 3, 1.0], [2, 10, 1.0], [2, 11, 1.0], [3, 4, 1.0], [3, 12, 1.0], [3, 13, 1.0], [4, 14, 1.0], [4, 15, 1.0]], "fix_com": true, "fix_orientation": true, "provenance": {"creator": "QCElemental", "version": "v0.22.0", "routine": "qcelemental.molparse.from_schema"}, "id": "14080"}, "charge": 0, "optimize_geometry": false, "conformers": [], "conformer_generation_options": {"n_conformer_pool": 4000, "n_max_conformers": 0, "rms_tolerance": 0.05, "energy_window": 15, "keep_original_conformer": true}, "stage_1_unrestrained_charges": null, "stage_1_restrained_charges": null, "stage_2_unrestrained_charges": null, "stage_2_restrained_charges": null, "keep_original_orientation": false, "reorientations": [], "translations": [], "rotations": []}}, {"index": 3, "molecule": {"qcmol": {"schema_name": "qcschema_molecule", "schema_version": 2, "validated": true, "symbols": ["C", "C", "C", "C", "N", "H", "H", "H", "H", "H", "H", "H", "H", "H", "H", "H"], "geometry": [[0.0, 0.0, 0.0], [2.8921247619503365, 2.1607284428476652e-16, -2.278599111632354e-16], [4.106587715357597, 2.6292558092375713, -8.229528170033973e-15], [3.6719091028974624, 4.15823702975209, 2.4068559970170633], [5.078110693013459, 6.523046955239391, 2.297432529589097], [-0.7272698844669229, -1.9119150253684851, -0.15804015814590072], [-0.7714060384113145, 0.8088793042934581, 1.7188697153985546], [-0.7368273846179361, 1.079024034640982, -1.58448979907676], [3.5755360460975902, -1.0648004750812778, 1.6211234760426736], [3.5479689920603676, -1.0126255556672634, -1.6623348798395214], [6.133085706348379, 2.4445150142401926, -0.26026339124510295], [3.4080611870514343, 3.698617099220796, -1.6157926040322361], [4.370146398245544, 3.092556829069886, 4.016071031564848], [1.6536923143288462, 4.4440722375714055, 2.7138307600308833], [4.400516188735693, 7.632086544648685, 0.9189647447029872], [4.889431378741983, 7.488534119544616, 3.915053722898432]], "name": "C4H11N", "identifiers": {"molecule_hash": "510c6075f8467589d3692ae3421a47885dc57fd4", "molecular_formula": "C4H11N"}, "molecular_charge": 0.0, "molecular_multiplicity": 1, "connectivity": [[0, 1, 1.0], [0, 5, 1.0], [0, 6, 1.0], [0, 7, 1.0], [1, 2, 1.0], [1, 8, 1.0], [1, 9, 1.0], [2, 3, 1.0], [2, 10, 1.0], [2, 11, 1.0], [3, 4, 1.0], [3, 12, 1.0], [3, 13, 1.0], [4, 14, 1.0], [4, 15, 1.0]], "fix_com": true, "fix_orientation": true, "provenance": {"creator": "QCElemental", "version": "v0.22.0", "routine": "qcelemental.molparse.from_schema"}, "id": "14080"}, "charge": 0, "optimize_geometry": false, "conformers": [], "conformer_generation_options": {"n_conformer_pool": 4000, "n_max_conformers": 0, "rms_tolerance": 0.05, "energy_window": 15, "keep_original_conformer": true}, "stage_1_unrestrained_charges": null, "stage_1_restrained_charges": null, "stage_2_unrestrained_charges": null, "stage_2_restrained_charges": null, "keep_original_orientation": false, "reorientations": [], "translations": [], "rotations": []}}]}, "surface_constraints": {"matrix": [[224151590013922.9, 217063087010573.2, 208477624271117.3, 198802567051865.94, 191785143068487.75, 225128980775604.94, 225689606928373.2, 225633875850653.66, 216420038776715.03, 216450800604721.1, 207104352362258.28, 208896241379177.9, 197255132219191.6, 197391586875550.88, 187843649033916.72, 187653543408685.16], [217063087010573.2, 222167267034411.25, 216269511135691.0, 207918260041065.28, 200572232155333.88, 215003434447235.53, 215390778272467.56, 215288678207404.66, 225080577715114.94, 225294328446976.88, 216168207960388.22, 216155364234826.5, 206877198854041.06, 207004407897168.3, 196940824529183.3, 196263399336508.53], [208477624271117.3, 216269511135691.0, 221960736796695.9, 216246449698581.2, 209839600985865.38, 203579233196159.5, 207547065163976.47, 207110399364484.6, 215750797542741.22, 216090842185428.2, 225291283746872.94, 225422427771274.53, 215578905341692.22, 215624895453381.56, 208067321514860.03, 206359586357882.97], [198802567051865.94, 207918260041065.28, 216246449698581.2, 222256257770430.06, 218549402379355.12, 193080268621401.53, 196502707578224.5, 198847381546518.12, 207954793637066.44, 206616383484293.44, 216078158835686.72, 216292192075589.28, 224878012447970.97, 224945641702071.03, 217090576513662.6, 217140903679952.56], [191785143068487.75, 200572232155333.88, 209839600985865.38, 218549402379355.12, 226909079568363.5, 185570118769786.22, 189466143693364.22, 192654776217714.06, 202061453713426.9, 197029390871555.94, 210086837445723.78, 208370358939809.44, 217433596993494.34, 217503578817783.84, 228237851169117.94, 228234909036021.72], [225128980775604.94, 215003434447235.53, 203579233196159.5, 193080268621401.53, 185570118769786.22, 235368888030997.84, 223230218093759.5, 223318638586772.2, 214442317218346.4, 214417120548987.72, 201506370458467.38, 203476882060742.16, 191948925678641.53, 191179407667110.47, 181057869943160.44, 181681884663124.62], [225689606928373.2, 215390778272467.56, 207547065163976.47, 196502707578224.5, 189466143693364.22, 223230218093759.5, 236808944659135.28, 223835766413453.38, 213955159081168.03, 212396146532615.06, 207499862842677.44, 208281008503121.62, 194364198251754.62, 194723074485058.94, 186444754481631.97, 185114314379936.53], [225633875850653.66, 215288678207404.66, 207110399364484.6, 198847381546518.12, 192654776217714.06, 223318638586772.2, 223835766413453.38, 236563867787951.75, 212474323778810.4, 214002245464045.4, 204260053761010.16, 208082680359386.7, 197180635426061.2, 198011949697584.25, 188122744682728.56, 188654721306266.03], [216420038776715.03, 225080577715114.94, 215750797542741.22, 207954793637066.44, 202061453713426.9, 214442317218346.4, 213955159081168.03, 212474323778810.4, 237167025316046.2, 224788469693832.75, 215924020795700.5, 212095643734599.9, 207262846956264.16, 205905957925834.56, 198266538195466.72, 197782517280716.34], [216450800604721.1, 225294328446976.88, 216090842185428.2, 206616383484293.44, 197029390871555.94, 214417120548987.72, 212396146532615.06, 214002245464045.4, 224788469693832.75, 237625926649785.12, 214025192192774.03, 216152117525024.6, 205423430305981.16, 207077430170531.38, 192489133291011.75, 191980426954147.8], [207104352362258.28, 216168207960388.22, 225291283746872.94, 216078158835686.72, 210086837445723.78, 201506370458467.38, 207499862842677.44, 204260053761010.16, 215924020795700.5, 214025192192774.03, 237819375048717.56, 225310180148324.06, 215231955570904.44, 212334204437717.97, 208419665372293.38, 207891997679021.8], [208896241379177.9, 216155364234826.5, 225422427771274.53, 216292192075589.28, 208370358939809.44, 203476882060742.16, 208281008503121.62, 208082680359386.7, 212095643734599.9, 216152117525024.6, 225310180148324.06, 238102582776662.47, 213472359447459.9, 216374617024835.53, 207806600516591.4, 202923893301249.72], [197255132219191.6, 206877198854041.06, 215578905341692.22, 224878012447970.97, 217433596993494.34, 191948925678641.53, 194364198251754.62, 197180635426061.2, 207262846956264.16, 205423430305981.16, 215231955570904.44, 213472359447459.9, 236688251298936.75, 224196504981177.75, 213632362006925.94, 216882838390194.16], [197391586875550.88, 207004407897168.3, 215624895453381.56, 224945641702071.03, 217503578817783.84, 191179407667110.47, 194723074485058.94, 198011949697584.25, 205905957925834.56, 207077430170531.38, 212334204437717.97, 216374617024835.53, 224196504981177.75, 236828020401681.44, 216116781203375.56, 214538902302864.78], [187843649033916.72, 196940824529183.3, 208067321514860.03, 217090576513662.6, 228237851169117.94, 181057869943160.44, 186444754481631.97, 188122744682728.56, 198266538195466.72, 192489133291011.75, 208419665372293.38, 207806600516591.4, 213632362006925.94, 216116781203375.56, 238191083838175.6, 226509472777966.78], [187653543408685.16, 196263399336508.53, 206359586357882.97, 217140903679952.56, 228234909036021.72, 181681884663124.62, 185114314379936.53, 188654721306266.03, 197782517280716.34, 191980426954147.8, 207891997679021.8, 202923893301249.72, 216882838390194.16, 214538902302864.78, 226509472777966.78, 238011513597049.44], [-758639260954.9729, -461627461771.11865, 325851891558.1828, 525978093742.3235, -595448503505.4119, -834577419844.7609, -510816164843.58545, -1135435704289.7722, -864141584068.987, -478843417420.94574, 771735267877.0874, 414804779237.4257, 945771705867.1313, 936774629304.0875, 779802242151.8293, 736993515282.5128]]}}