{"resp_b": 0.1, "restrained_fit": true, "exclude_hydrogens": true, "convergence_tolerance": 1e-06, "max_iter": 500, "resp_a": 0.0005, "charge_constraints": {"charge_sum_constraints": [], "charge_equivalence_constraints": [], "molecules": [{"qcmol": {"schema_name": "qcschema_molecule", "schema_version": 2, "validated": true, "symbols": ["C", "C", "C", "C", "N", "H", "H", "H", "H", "H", "H", "H", "H", "H", "H", "H"], "geometry": [[0.0, 0.0, 0.0], [2.8921247619503365, 2.1607284428476652e-16, -2.278599111632354e-16], [4.106587715357597, 2.6292558092375713, -8.229528170033973e-15], [3.6719091028974624, 4.15823702975209, 2.4068559970170633], [5.078110693013459, 6.523046955239391, 2.297432529589097], [-0.7272698844669229, -1.9119150253684851, -0.15804015814590072], [-0.7714060384113145, 0.8088793042934581, 1.7188697153985546], [-0.7368273846179361, 1.079024034640982, -1.58448979907676], [3.5755360460975902, -1.0648004750812778, 1.6211234760426736], [3.5479689920603676, -1.0126255556672634, -1.6623348798395214], [6.133085706348379, 2.4445150142401926, -0.26026339124510295], [3.4080611870514343, 3.698617099220796, -1.6157926040322361], [4.370146398245544, 3.092556829069886, 4.016071031564848], [1.6536923143288462, 4.4440722375714055, 2.7138307600308833], [4.400516188735693, 7.632086544648685, 0.9189647447029872], [4.889431378741983, 7.488534119544616, 3.915053722898432]], "name": "C4H11N", "identifiers": {"molecule_hash": "510c6075f8467589d3692ae3421a47885dc57fd4", "molecular_formula": "C4H11N"}, "molecular_charge": 0.0, "molecular_multiplicity": 1, "connectivity": [[0, 1, 1.0], [0, 5, 1.0], [0, 6, 1.0], [0, 7, 1.0], [1, 2, 1.0], [1, 8, 1.0], [1, 9, 1.0], [2, 3, 1.0], [2, 10, 1.0], [2, 11, 1.0], [3, 4, 1.0], [3, 12, 1.0], [3, 13, 1.0], [4, 14, 1.0], [4, 15, 1.0]], "fix_com": true, "fix_orientation": true, "provenance": {"creator": "QCElemental", "version": "v0.22.0", "routine": "qcelemental.molparse.from_schema"}, "id": "14080"}, "charge": 0, "optimize_geometry": false, "conformers": [], "conformer_generation_options": {"n_conformer_pool": 4000, "n_max_conformers": 0, "rms_tolerance": 0.05, "energy_window": 15, "keep_original_conformer": true}, "stage_1_unrestrained_charges": null, "stage_1_restrained_charges": null, "stage_2_unrestrained_charges": null, "stage_2_restrained_charges": null, "keep_original_orientation": false, "reorientations": [], "translations": [], "rotations": []}], "unconstrained_atoms": [{"index": 0, "molecule": {"qcmol": {"schema_name": "qcschema_molecule", "schema_version": 2, "validated": true, "symbols": ["C", "C", "C", "C", "N", "H", "H", "H", "H", "H", "H", "H", "H", "H", "H", "H"], "geometry": [[0.0, 0.0, 0.0], [2.8921247619503365, 2.1607284428476652e-16, -2.278599111632354e-16], [4.106587715357597, 2.6292558092375713, -8.229528170033973e-15], [3.6719091028974624, 4.15823702975209, 2.4068559970170633], [5.078110693013459, 6.523046955239391, 2.297432529589097], [-0.7272698844669229, -1.9119150253684851, -0.15804015814590072], [-0.7714060384113145, 0.8088793042934581, 1.7188697153985546], [-0.7368273846179361, 1.079024034640982, -1.58448979907676], [3.5755360460975902, -1.0648004750812778, 1.6211234760426736], [3.5479689920603676, -1.0126255556672634, -1.6623348798395214], [6.133085706348379, 2.4445150142401926, -0.26026339124510295], [3.4080611870514343, 3.698617099220796, -1.6157926040322361], [4.370146398245544, 3.092556829069886, 4.016071031564848], [1.6536923143288462, 4.4440722375714055, 2.7138307600308833], [4.400516188735693, 7.632086544648685, 0.9189647447029872], [4.889431378741983, 7.488534119544616, 3.915053722898432]], "name": "C4H11N", "identifiers": {"molecule_hash": "510c6075f8467589d3692ae3421a47885dc57fd4", "molecular_formula": "C4H11N"}, "molecular_charge": 0.0, "molecular_multiplicity": 1, "connectivity": [[0, 1, 1.0], [0, 5, 1.0], [0, 6, 1.0], [0, 7, 1.0], [1, 2, 1.0], [1, 8, 1.0], [1, 9, 1.0], [2, 3, 1.0], [2, 10, 1.0], [2, 11, 1.0], [3, 4, 1.0], [3, 12, 1.0], [3, 13, 1.0], [4, 14, 1.0], [4, 15, 1.0]], "fix_com": true, "fix_orientation": true, "provenance": {"creator": "QCElemental", "version": "v0.22.0", "routine": "qcelemental.molparse.from_schema"}, "id": "14080"}, "charge": 0, "optimize_geometry": false, "conformers": [], "conformer_generation_options": {"n_conformer_pool": 4000, "n_max_conformers": 0, "rms_tolerance": 0.05, "energy_window": 15, "keep_original_conformer": true}, "stage_1_unrestrained_charges": null, "stage_1_restrained_charges": null, "stage_2_unrestrained_charges": null, "stage_2_restrained_charges": null, "keep_original_orientation": false, "reorientations": [], "translations": [], "rotations": []}}, {"index": 1, "molecule": {"qcmol": {"schema_name": "qcschema_molecule", "schema_version": 2, "validated": true, "symbols": ["C", "C", "C", "C", "N", "H", "H", "H", "H", "H", "H", "H", "H", "H", "H", "H"], "geometry": [[0.0, 0.0, 0.0], [2.8921247619503365, 2.1607284428476652e-16, -2.278599111632354e-16], [4.106587715357597, 2.6292558092375713, -8.229528170033973e-15], [3.6719091028974624, 4.15823702975209, 2.4068559970170633], [5.078110693013459, 6.523046955239391, 2.297432529589097], [-0.7272698844669229, -1.9119150253684851, -0.15804015814590072], [-0.7714060384113145, 0.8088793042934581, 1.7188697153985546], [-0.7368273846179361, 1.079024034640982, -1.58448979907676], [3.5755360460975902, -1.0648004750812778, 1.6211234760426736], [3.5479689920603676, -1.0126255556672634, -1.6623348798395214], [6.133085706348379, 2.4445150142401926, -0.26026339124510295], [3.4080611870514343, 3.698617099220796, -1.6157926040322361], [4.370146398245544, 3.092556829069886, 4.016071031564848], [1.6536923143288462, 4.4440722375714055, 2.7138307600308833], [4.400516188735693, 7.632086544648685, 0.9189647447029872], [4.889431378741983, 7.488534119544616, 3.915053722898432]], "name": "C4H11N", "identifiers": {"molecule_hash": "510c6075f8467589d3692ae3421a47885dc57fd4", "molecular_formula": "C4H11N"}, "molecular_charge": 0.0, "molecular_multiplicity": 1, "connectivity": [[0, 1, 1.0], [0, 5, 1.0], [0, 6, 1.0], [0, 7, 1.0], [1, 2, 1.0], [1, 8, 1.0], [1, 9, 1.0], [2, 3, 1.0], [2, 10, 1.0], [2, 11, 1.0], [3, 4, 1.0], [3, 12, 1.0], [3, 13, 1.0], [4, 14, 1.0], [4, 15, 1.0]], "fix_com": true, "fix_orientation": true, "provenance": {"creator": "QCElemental", "version": "v0.22.0", "routine": "qcelemental.molparse.from_schema"}, "id": "14080"}, "charge": 0, "optimize_geometry": false, "conformers": [], "conformer_generation_options": {"n_conformer_pool": 4000, "n_max_conformers": 0, "rms_tolerance": 0.05, "energy_window": 15, "keep_original_conformer": true}, "stage_1_unrestrained_charges": null, "stage_1_restrained_charges": null, "stage_2_unrestrained_charges": null, "stage_2_restrained_charges": null, "keep_original_orientation": false, "reorientations": [], "translations": [], "rotations": []}}, {"index": 2, "molecule": {"qcmol": {"schema_name": "qcschema_molecule", "schema_version": 2, "validated": true, "symbols": ["C", "C", "C", "C", "N", "H", "H", "H", "H", "H", "H", "H", "H", "H", "H", "H"], "geometry": [[0.0, 0.0, 0.0], [2.8921247619503365, 2.1607284428476652e-16, -2.278599111632354e-16], [4.106587715357597, 2.6292558092375713, -8.229528170033973e-15], [3.6719091028974624, 4.15823702975209, 2.4068559970170633], [5.078110693013459, 6.523046955239391, 2.297432529589097], [-0.7272698844669229, -1.9119150253684851, -0.15804015814590072], [-0.7714060384113145, 0.8088793042934581, 1.7188697153985546], [-0.7368273846179361, 1.079024034640982, -1.58448979907676], [3.5755360460975902, -1.0648004750812778, 1.6211234760426736], [3.5479689920603676, -1.0126255556672634, -1.6623348798395214], [6.133085706348379, 2.4445150142401926, -0.26026339124510295], [3.4080611870514343, 3.698617099220796, -1.6157926040322361], [4.370146398245544, 3.092556829069886, 4.016071031564848], [1.6536923143288462, 4.4440722375714055, 2.7138307600308833], [4.400516188735693, 7.632086544648685, 0.9189647447029872], [4.889431378741983, 7.488534119544616, 3.915053722898432]], "name": "C4H11N", "identifiers": {"molecule_hash": "510c6075f8467589d3692ae3421a47885dc57fd4", "molecular_formula": "C4H11N"}, "molecular_charge": 0.0, "molecular_multiplicity": 1, "connectivity": [[0, 1, 1.0], [0, 5, 1.0], [0, 6, 1.0], [0, 7, 1.0], [1, 2, 1.0], [1, 8, 1.0], [1, 9, 1.0], [2, 3, 1.0], [2, 10, 1.0], [2, 11, 1.0], [3, 4, 1.0], [3, 12, 1.0], [3, 13, 1.0], [4, 14, 1.0], [4, 15, 1.0]], "fix_com": true, "fix_orientation": true, "provenance": {"creator": "QCElemental", "version": "v0.22.0", "routine": "qcelemental.molparse.from_schema"}, "id": "14080"}, "charge": 0, "optimize_geometry": false, "conformers": [], "conformer_generation_options": {"n_conformer_pool": 4000, "n_max_conformers": 0, "rms_tolerance": 0.05, "energy_window": 15, "keep_original_conformer": true}, "stage_1_unrestrained_charges": null, "stage_1_restrained_charges": null, "stage_2_unrestrained_charges": null, "stage_2_restrained_charges": null, "keep_original_orientation": false, "reorientations": [], "translations": [], "rotations": []}}, {"index": 3, "molecule": {"qcmol": {"schema_name": "qcschema_molecule", "schema_version": 2, "validated": true, "symbols": ["C", "C", "C", "C", "N", "H", "H", "H", "H", "H", "H", "H", "H", "H", "H", "H"], "geometry": [[0.0, 0.0, 0.0], [2.8921247619503365, 2.1607284428476652e-16, -2.278599111632354e-16], [4.106587715357597, 2.6292558092375713, -8.229528170033973e-15], [3.6719091028974624, 4.15823702975209, 2.4068559970170633], [5.078110693013459, 6.523046955239391, 2.297432529589097], [-0.7272698844669229, -1.9119150253684851, -0.15804015814590072], [-0.7714060384113145, 0.8088793042934581, 1.7188697153985546], [-0.7368273846179361, 1.079024034640982, -1.58448979907676], [3.5755360460975902, -1.0648004750812778, 1.6211234760426736], [3.5479689920603676, -1.0126255556672634, -1.6623348798395214], [6.133085706348379, 2.4445150142401926, -0.26026339124510295], [3.4080611870514343, 3.698617099220796, -1.6157926040322361], [4.370146398245544, 3.092556829069886, 4.016071031564848], [1.6536923143288462, 4.4440722375714055, 2.7138307600308833], [4.400516188735693, 7.632086544648685, 0.9189647447029872], [4.889431378741983, 7.488534119544616, 3.915053722898432]], "name": "C4H11N", "identifiers": {"molecule_hash": "510c6075f8467589d3692ae3421a47885dc57fd4", "molecular_formula": "C4H11N"}, "molecular_charge": 0.0, "molecular_multiplicity": 1, "connectivity": [[0, 1, 1.0], [0, 5, 1.0], [0, 6, 1.0], [0, 7, 1.0], [1, 2, 1.0], [1, 8, 1.0], [1, 9, 1.0], [2, 3, 1.0], [2, 10, 1.0], [2, 11, 1.0], [3, 4, 1.0], [3, 12, 1.0], [3, 13, 1.0], [4, 14, 1.0], [4, 15, 1.0]], "fix_com": true, "fix_orientation": true, "provenance": {"creator": "QCElemental", "version": "v0.22.0", "routine": "qcelemental.molparse.from_schema"}, "id": "14080"}, "charge": 0, "optimize_geometry": false, "conformers": [], "conformer_generation_options": {"n_conformer_pool": 4000, "n_max_conformers": 0, "rms_tolerance": 0.05, "energy_window": 15, "keep_original_conformer": true}, "stage_1_unrestrained_charges": null, "stage_1_restrained_charges": null, "stage_2_unrestrained_charges": null, "stage_2_restrained_charges": null, "keep_original_orientation": false, "reorientations": [], "translations": [], "rotations": []}}]}, "surface_constraints": {"matrix": [[94053958509005.1, 90944493302769.23, 87032504120622.28, 82809549213267.86, 79794837797639.44, 94255569169352.8, 94569608749492.97, 94422731831095.83, 90533865589773.33, 90545985357408.27, 86290483269548.7, 87005630954713.12, 82041188160408.39, 82074383903246.7, 78098111747931.58, 77926277656321.94], [90944493302769.23, 93294496122377.27, 90539321983662.06, 86743980085588.36, 83382519454157.47, 89815890354904.12, 90035592560998.53, 89894161686600.73, 94470049204190.56, 94579547269295.47, 90362265939471.61, 90326300749928.22, 86197104561335.19, 86226667779808.06, 81833784357228.14, 81406190685425.1], [87032504120622.28, 90539321983662.06, 92979213185271.98, 90344256766064.05, 87201915088420.38, 84696488833853.25, 86500261938432.75, 86224580590789.31, 90208470195732.64, 90358990932505.94, 94324896805890.77, 94357518649919.64, 89982693806791.1, 89992630723228.81, 86407458688921.3, 85600140516817.8], [82809549213267.86, 86743980085588.36, 90344256766064.05, 92885716123330.72, 90829762584970.47, 80195670933699.31, 81752207319702.73, 82661837708713.19, 86647616215965.48, 86063366834900.52, 90173209856695.73, 90236993484023.78, 93977662360879.95, 93987654241151.12, 90128808171915.45, 90090348331115.0], [79794837797639.44, 83382519454157.47, 87201915088420.38, 90829762584970.47, 94000307877214.42, 77006171555987.95, 78761299452421.8, 80128045237408.9, 83950031430473.47, 81727342265036.62, 87190438162438.67, 86443210560357.27, 90276942823837.12, 90279854516719.38, 94411978754735.31, 94341551019278.25], [94255569169352.8, 89815890354904.12, 84696488833853.25, 80195670933699.31, 77006171555987.95, 98570056785874.31, 93220214163906.83, 93164932026356.12, 89424003251650.7, 89427231626827.14, 83645405797113.23, 84423847164760.83, 79604586776185.72, 79307062304299.5, 75042506825857.64, 75268450545813.55], [94569608749492.97, 90035592560998.53, 86500261938432.75, 81752207319702.73, 78761299452421.8, 93220214163906.83, 99370563362900.11, 93476925957381.53, 89272898647279.17, 88546062496514.19, 86347616717077.3, 86586993584428.17, 80786203053227.52, 80823769499967.83, 77458146550287.83, 76818110258960.72], [94422731831095.83, 89894161686600.73, 86224580590789.31, 82661837708713.19, 80128045237408.9, 93164932026356.12, 93476925957381.53, 98982972386725.97, 88539999132005.84, 89204253838882.94, 84850020460872.42, 86466780861542.28, 81803638626313.12, 82164150264808.22, 78201008147787.56, 78329297292508.14], [90533865589773.33, 94470049204190.56, 90208470195732.64, 86647616215965.48, 83950031430473.47, 89424003251650.7, 89272898647279.17, 88539999132005.84, 99735165885276.73, 94239564040944.27, 90163253174149.53, 88456580710381.64, 86250978571325.83, 85618204754621.31, 82424390258276.61, 81957690944291.47], [90545985357408.27, 94579547269295.47, 90358990932505.94, 86063366834900.52, 81727342265036.62, 89427231626827.14, 88546062496514.19, 89204253838882.94, 94239564040944.27, 99939294965072.92, 89304049193611.02, 90222119019123.61, 85458704228766.88, 86158025180672.44, 79743251002534.56, 79451199057350.84], [86290483269548.7, 90362265939471.61, 94324896805890.77, 90173209856695.73, 87190438162438.67, 83645405797113.23, 86347616717077.3, 84850020460872.42, 90163253174149.53, 89304049193611.02, 99740533512069.42, 94161423304946.03, 89802911604394.6, 88403222882922.64, 86461873739084.33, 86173197203197.3], [87005630954713.12, 90326300749928.22, 94357518649919.64, 90236993484023.78, 86443210560357.27, 84423847164760.83, 86586993584428.17, 86466780861542.28, 88456580710381.64, 90222119019123.61, 94161423304946.03, 99814942085936.19, 88867932054402.44, 90266784003577.19, 86151647265399.67, 84028084568588.44], [82041188160408.39, 86197104561335.19, 89982693806791.1, 93977662360879.95, 90276942823837.12, 79604586776185.72, 80786203053227.52, 81803638626313.12, 86250978571325.83, 85458704228766.88, 89802911604394.6, 88867932054402.44, 99150544734324.05, 93575307766596.45, 88552788879426.97, 89927055035395.97], [82074383903246.7, 86226667779808.06, 89992630723228.81, 93987654241151.12, 90279854516719.38, 79307062304299.5, 80823769499967.83, 82164150264808.22, 85618204754621.31, 86158025180672.44, 88403222882922.64, 90266784003577.19, 93575307766596.45, 99174704419785.92, 89609970688175.81, 88869591364070.3], [78098111747931.58, 81833784357228.14, 86407458688921.3, 90128808171915.45, 94411978754735.31, 75042506825857.64, 77458146550287.83, 78201008147787.56, 82424390258276.61, 79743251002534.56, 86461873739084.33, 86151647265399.67, 88552788879426.97, 89609970688175.81, 98594494530248.14, 93528825336714.38], [77926277656321.94, 81406190685425.1, 85600140516817.8, 90090348331115.0, 94341551019278.25, 75268450545813.55, 76818110258960.72, 78329297292508.14, 81957690944291.47, 79451199057350.84, 86173197203197.3, 84028084568588.44, 89927055035395.97, 88869591364070.3, 93528825336714.38, 98376264531650.25], [-353442879113.7028, -217359163245.40677, 54436354700.408356, 195434142236.91562, -27235058048.500298, -391260977038.0646, -296826260078.3536, -454283402217.9092, -299114978119.0153, -248322591322.0025, 180963241940.15317, 55840593496.411674, 296162423293.8512, 292973160447.3708, 480538673222.4031, 479709228784.25464]]}}