{"resp_b": 0.1, "restrained_fit": true, "exclude_hydrogens": true, "convergence_tolerance": 1e-06, "max_iter": 500, "resp_a": 0.0005, "charge_constraints": {"charge_sum_constraints": [], "charge_equivalence_constraints": [], "molecules": [{"qcmol": {"schema_name": "qcschema_molecule", "schema_version": 2, "validated": true, "symbols": ["C", "C", "C", "C", "N", "H", "H", "H", "H", "H", "H", "H", "H", "H", "H", "H"], "geometry": [[0.0, 0.0, 0.0], [2.8921247619503365, 2.1607284428476652e-16, -2.278599111632354e-16], [4.106587715357597, 2.6292558092375713, -8.229528170033973e-15], [3.6719091028974624, 4.15823702975209, 2.4068559970170633], [5.078110693013459, 6.523046955239391, 2.297432529589097], [-0.7272698844669229, -1.9119150253684851, -0.15804015814590072], [-0.7714060384113145, 0.8088793042934581, 1.7188697153985546], [-0.7368273846179361, 1.079024034640982, -1.58448979907676], [3.5755360460975902, -1.0648004750812778, 1.6211234760426736], [3.5479689920603676, -1.0126255556672634, -1.6623348798395214], [6.133085706348379, 2.4445150142401926, -0.26026339124510295], [3.4080611870514343, 3.698617099220796, -1.6157926040322361], [4.370146398245544, 3.092556829069886, 4.016071031564848], [1.6536923143288462, 4.4440722375714055, 2.7138307600308833], [4.400516188735693, 7.632086544648685, 0.9189647447029872], [4.889431378741983, 7.488534119544616, 3.915053722898432]], "name": "C4H11N", "identifiers": {"molecule_hash": "510c6075f8467589d3692ae3421a47885dc57fd4", "molecular_formula": "C4H11N"}, "molecular_charge": 0.0, "molecular_multiplicity": 1, "connectivity": [[0, 1, 1.0], [0, 5, 1.0], [0, 6, 1.0], [0, 7, 1.0], [1, 2, 1.0], [1, 8, 1.0], [1, 9, 1.0], [2, 3, 1.0], [2, 10, 1.0], [2, 11, 1.0], [3, 4, 1.0], [3, 12, 1.0], [3, 13, 1.0], [4, 14, 1.0], [4, 15, 1.0]], "fix_com": true, "fix_orientation": true, "provenance": {"creator": "QCElemental", "version": "v0.22.0", "routine": "qcelemental.molparse.from_schema"}, "id": "14080"}, "charge": 0, "optimize_geometry": false, "conformers": [], "conformer_generation_options": {"n_conformer_pool": 4000, "n_max_conformers": 0, "rms_tolerance": 0.05, "energy_window": 15, "keep_original_conformer": true}, "stage_1_unrestrained_charges": null, "stage_1_restrained_charges": null, "stage_2_unrestrained_charges": null, "stage_2_restrained_charges": null, "keep_original_orientation": false, "reorientations": [], "translations": [], "rotations": []}], "unconstrained_atoms": [{"index": 0, "molecule": {"qcmol": {"schema_name": "qcschema_molecule", "schema_version": 2, "validated": true, "symbols": ["C", "C", "C", "C", "N", "H", "H", "H", "H", "H", "H", "H", "H", "H", "H", "H"], "geometry": [[0.0, 0.0, 0.0], [2.8921247619503365, 2.1607284428476652e-16, -2.278599111632354e-16], [4.106587715357597, 2.6292558092375713, -8.229528170033973e-15], [3.6719091028974624, 4.15823702975209, 2.4068559970170633], [5.078110693013459, 6.523046955239391, 2.297432529589097], [-0.7272698844669229, -1.9119150253684851, -0.15804015814590072], [-0.7714060384113145, 0.8088793042934581, 1.7188697153985546], [-0.7368273846179361, 1.079024034640982, -1.58448979907676], [3.5755360460975902, -1.0648004750812778, 1.6211234760426736], [3.5479689920603676, -1.0126255556672634, -1.6623348798395214], [6.133085706348379, 2.4445150142401926, -0.26026339124510295], [3.4080611870514343, 3.698617099220796, -1.6157926040322361], [4.370146398245544, 3.092556829069886, 4.016071031564848], [1.6536923143288462, 4.4440722375714055, 2.7138307600308833], [4.400516188735693, 7.632086544648685, 0.9189647447029872], [4.889431378741983, 7.488534119544616, 3.915053722898432]], "name": "C4H11N", "identifiers": {"molecule_hash": "510c6075f8467589d3692ae3421a47885dc57fd4", "molecular_formula": "C4H11N"}, "molecular_charge": 0.0, "molecular_multiplicity": 1, "connectivity": [[0, 1, 1.0], [0, 5, 1.0], [0, 6, 1.0], [0, 7, 1.0], [1, 2, 1.0], [1, 8, 1.0], [1, 9, 1.0], [2, 3, 1.0], [2, 10, 1.0], [2, 11, 1.0], [3, 4, 1.0], [3, 12, 1.0], [3, 13, 1.0], [4, 14, 1.0], [4, 15, 1.0]], "fix_com": true, "fix_orientation": true, "provenance": {"creator": "QCElemental", "version": "v0.22.0", "routine": "qcelemental.molparse.from_schema"}, "id": "14080"}, "charge": 0, "optimize_geometry": false, "conformers": [], "conformer_generation_options": {"n_conformer_pool": 4000, "n_max_conformers": 0, "rms_tolerance": 0.05, "energy_window": 15, "keep_original_conformer": true}, "stage_1_unrestrained_charges": null, "stage_1_restrained_charges": null, "stage_2_unrestrained_charges": null, "stage_2_restrained_charges": null, "keep_original_orientation": false, "reorientations": [], "translations": [], "rotations": []}}, {"index": 1, "molecule": {"qcmol": {"schema_name": "qcschema_molecule", "schema_version": 2, "validated": true, "symbols": ["C", "C", "C", "C", "N", "H", "H", "H", "H", "H", "H", "H", "H", "H", "H", "H"], "geometry": [[0.0, 0.0, 0.0], [2.8921247619503365, 2.1607284428476652e-16, -2.278599111632354e-16], [4.106587715357597, 2.6292558092375713, -8.229528170033973e-15], [3.6719091028974624, 4.15823702975209, 2.4068559970170633], [5.078110693013459, 6.523046955239391, 2.297432529589097], [-0.7272698844669229, -1.9119150253684851, -0.15804015814590072], [-0.7714060384113145, 0.8088793042934581, 1.7188697153985546], [-0.7368273846179361, 1.079024034640982, -1.58448979907676], [3.5755360460975902, -1.0648004750812778, 1.6211234760426736], [3.5479689920603676, -1.0126255556672634, -1.6623348798395214], [6.133085706348379, 2.4445150142401926, -0.26026339124510295], [3.4080611870514343, 3.698617099220796, -1.6157926040322361], [4.370146398245544, 3.092556829069886, 4.016071031564848], [1.6536923143288462, 4.4440722375714055, 2.7138307600308833], [4.400516188735693, 7.632086544648685, 0.9189647447029872], [4.889431378741983, 7.488534119544616, 3.915053722898432]], "name": "C4H11N", "identifiers": {"molecule_hash": "510c6075f8467589d3692ae3421a47885dc57fd4", "molecular_formula": "C4H11N"}, "molecular_charge": 0.0, "molecular_multiplicity": 1, "connectivity": [[0, 1, 1.0], [0, 5, 1.0], [0, 6, 1.0], [0, 7, 1.0], [1, 2, 1.0], [1, 8, 1.0], [1, 9, 1.0], [2, 3, 1.0], [2, 10, 1.0], [2, 11, 1.0], [3, 4, 1.0], [3, 12, 1.0], [3, 13, 1.0], [4, 14, 1.0], [4, 15, 1.0]], "fix_com": true, "fix_orientation": true, "provenance": {"creator": "QCElemental", "version": "v0.22.0", "routine": "qcelemental.molparse.from_schema"}, "id": "14080"}, "charge": 0, "optimize_geometry": false, "conformers": [], "conformer_generation_options": {"n_conformer_pool": 4000, "n_max_conformers": 0, "rms_tolerance": 0.05, "energy_window": 15, "keep_original_conformer": true}, "stage_1_unrestrained_charges": null, "stage_1_restrained_charges": null, "stage_2_unrestrained_charges": null, "stage_2_restrained_charges": null, "keep_original_orientation": false, "reorientations": [], "translations": [], "rotations": []}}, {"index": 2, "molecule": {"qcmol": {"schema_name": "qcschema_molecule", "schema_version": 2, "validated": true, "symbols": ["C", "C", "C", "C", "N", "H", "H", "H", "H", "H", "H", "H", "H", "H", "H", "H"], "geometry": [[0.0, 0.0, 0.0], [2.8921247619503365, 2.1607284428476652e-16, -2.278599111632354e-16], [4.106587715357597, 2.6292558092375713, -8.229528170033973e-15], [3.6719091028974624, 4.15823702975209, 2.4068559970170633], [5.078110693013459, 6.523046955239391, 2.297432529589097], [-0.7272698844669229, -1.9119150253684851, -0.15804015814590072], [-0.7714060384113145, 0.8088793042934581, 1.7188697153985546], [-0.7368273846179361, 1.079024034640982, -1.58448979907676], [3.5755360460975902, -1.0648004750812778, 1.6211234760426736], [3.5479689920603676, -1.0126255556672634, -1.6623348798395214], [6.133085706348379, 2.4445150142401926, -0.26026339124510295], [3.4080611870514343, 3.698617099220796, -1.6157926040322361], [4.370146398245544, 3.092556829069886, 4.016071031564848], [1.6536923143288462, 4.4440722375714055, 2.7138307600308833], [4.400516188735693, 7.632086544648685, 0.9189647447029872], [4.889431378741983, 7.488534119544616, 3.915053722898432]], "name": "C4H11N", "identifiers": {"molecule_hash": "510c6075f8467589d3692ae3421a47885dc57fd4", "molecular_formula": "C4H11N"}, "molecular_charge": 0.0, "molecular_multiplicity": 1, "connectivity": [[0, 1, 1.0], [0, 5, 1.0], [0, 6, 1.0], [0, 7, 1.0], [1, 2, 1.0], [1, 8, 1.0], [1, 9, 1.0], [2, 3, 1.0], [2, 10, 1.0], [2, 11, 1.0], [3, 4, 1.0], [3, 12, 1.0], [3, 13, 1.0], [4, 14, 1.0], [4, 15, 1.0]], "fix_com": true, "fix_orientation": true, "provenance": {"creator": "QCElemental", "version": "v0.22.0", "routine": "qcelemental.molparse.from_schema"}, "id": "14080"}, "charge": 0, "optimize_geometry": false, "conformers": [], "conformer_generation_options": {"n_conformer_pool": 4000, "n_max_conformers": 0, "rms_tolerance": 0.05, "energy_window": 15, "keep_original_conformer": true}, "stage_1_unrestrained_charges": null, "stage_1_restrained_charges": null, "stage_2_unrestrained_charges": null, "stage_2_restrained_charges": null, "keep_original_orientation": false, "reorientations": [], "translations": [], "rotations": []}}, {"index": 3, "molecule": {"qcmol": {"schema_name": "qcschema_molecule", "schema_version": 2, "validated": true, "symbols": ["C", "C", "C", "C", "N", "H", "H", "H", "H", "H", "H", "H", "H", "H", "H", "H"], "geometry": [[0.0, 0.0, 0.0], [2.8921247619503365, 2.1607284428476652e-16, -2.278599111632354e-16], [4.106587715357597, 2.6292558092375713, -8.229528170033973e-15], [3.6719091028974624, 4.15823702975209, 2.4068559970170633], [5.078110693013459, 6.523046955239391, 2.297432529589097], [-0.7272698844669229, -1.9119150253684851, -0.15804015814590072], [-0.7714060384113145, 0.8088793042934581, 1.7188697153985546], [-0.7368273846179361, 1.079024034640982, -1.58448979907676], [3.5755360460975902, -1.0648004750812778, 1.6211234760426736], [3.5479689920603676, -1.0126255556672634, -1.6623348798395214], [6.133085706348379, 2.4445150142401926, -0.26026339124510295], [3.4080611870514343, 3.698617099220796, -1.6157926040322361], [4.370146398245544, 3.092556829069886, 4.016071031564848], [1.6536923143288462, 4.4440722375714055, 2.7138307600308833], [4.400516188735693, 7.632086544648685, 0.9189647447029872], [4.889431378741983, 7.488534119544616, 3.915053722898432]], "name": "C4H11N", "identifiers": {"molecule_hash": "510c6075f8467589d3692ae3421a47885dc57fd4", "molecular_formula": "C4H11N"}, "molecular_charge": 0.0, "molecular_multiplicity": 1, "connectivity": [[0, 1, 1.0], [0, 5, 1.0], [0, 6, 1.0], [0, 7, 1.0], [1, 2, 1.0], [1, 8, 1.0], [1, 9, 1.0], [2, 3, 1.0], [2, 10, 1.0], [2, 11, 1.0], [3, 4, 1.0], [3, 12, 1.0], [3, 13, 1.0], [4, 14, 1.0], [4, 15, 1.0]], "fix_com": true, "fix_orientation": true, "provenance": {"creator": "QCElemental", "version": "v0.22.0", "routine": "qcelemental.molparse.from_schema"}, "id": "14080"}, "charge": 0, "optimize_geometry": false, "conformers": [], "conformer_generation_options": {"n_conformer_pool": 4000, "n_max_conformers": 0, "rms_tolerance": 0.05, "energy_window": 15, "keep_original_conformer": true}, "stage_1_unrestrained_charges": null, "stage_1_restrained_charges": null, "stage_2_unrestrained_charges": null, "stage_2_restrained_charges": null, "keep_original_orientation": false, "reorientations": [], "translations": [], "rotations": []}}]}, "surface_constraints": {"matrix": [[227234035385969.5, 220017143282184.38, 211324030807004.44, 201825983960023.9, 195408416307367.72, 228318740276805.5, 228872363486547.4, 228644690754234.3, 219341567705279.16, 219348905187429.12, 209863752427759.0, 211617063931753.38, 200215072625539.88, 200265736819611.94, 191647309359127.2, 191376543968338.4], [220017143282184.38, 225027681384473.9, 219070474795957.44, 210646838261331.16, 203566032704186.9, 217959561402198.5, 218362676699155.78, 218142306729966.72, 227977863536144.88, 228203780220947.12, 218951097648262.4, 218978465261856.3, 209572649500854.56, 209645369428487.1, 200228268126346.2, 199305071119665.4], [211324030807004.44, 219070474795957.44, 224758257553153.78, 219003352549044.88, 212614288860028.94, 206391934740624.75, 210412480681215.7, 209912287407202.53, 218570157693689.38, 218882740994413.2, 228145137136306.84, 228322735854372.84, 218345850194046.56, 218367718507944.2, 211095836276053.56, 209295132054905.7], [201825983960023.9, 210646838261331.16, 219003352549044.88, 225025710663943.62, 221366291741475.0, 196123608872217.72, 199623663056750.72, 201890504263151.25, 210668316103619.34, 209253738675646.8, 218865752077331.34, 219077240155962.25, 227692190401181.97, 227724223692710.8, 220145908187098.0, 220127779605695.34], [195408416307367.72, 203566032704186.9, 212614288860028.94, 221366291741475.0, 229953644609497.94, 189173147061886.47, 193181752208011.94, 196617559713669.6, 205102461340591.16, 199803537146753.88, 212785623483998.47, 211104635985209.47, 220147618920979.34, 220186179063121.0, 231428201230572.9, 231357877364870.25], [228318740276805.5, 217959561402198.5, 206391934740624.75, 196123608872217.72, 189173147061886.47, 238963271385086.16, 226400627664830.22, 226361250602151.12, 217313269590571.6, 217266378022964.84, 204180583323024.2, 206095327056880.9, 194920730002141.97, 194167452188798.03, 184764984196598.8, 185373001005001.4], [228872363486547.4, 218362676699155.78, 210412480681215.7, 199623663056750.72, 193181752208011.94, 226400627664830.22, 240419825327461.53, 226885183967338.62, 216839012846878.3, 215202492505417.06, 210297686302776.84, 210971323197146.0, 197521971862451.56, 197614254913270.7, 190310049268234.9, 188939282594910.38], [228644690754234.3, 218142306729966.72, 209912287407202.53, 201890504263151.25, 196617559713669.6, 226361250602151.12, 226885183967338.62, 239755746643724.06, 215267058529743.97, 216761070452209.0, 206960624418432.38, 210799491131950.25, 200039977656393.9, 200842011962107.1, 192263361372838.84, 192782398689288.6], [219341567705279.16, 227977863536144.88, 218570157693689.38, 210668316103619.34, 205102461340591.16, 217313269590571.6, 216839012846878.3, 215267058529743.97, 240422127841472.6, 227648797546092.5, 218734789996469.66, 214886824126360.34, 209953600604859.94, 208476597260466.94, 201816312378680.4, 200786676128484.7], [219348905187429.12, 228203780220947.12, 218882740994413.2, 209253738675646.8, 199803537146753.88, 217266378022964.84, 215202492505417.06, 216761070452209.0, 227648797546092.5, 240865566028614.28, 216722667682764.2, 218962192617538.1, 208040278780008.28, 209716446733163.06, 195415758130567.34, 194761586067060.75], [209863752427759.0, 218951097648262.4, 228145137136306.84, 218865752077331.34, 212785623483998.47, 204180583323024.2, 210297686302776.84, 206960624418432.38, 218734789996469.66, 216722667682764.2, 241034129971681.34, 228151107714849.38, 218131967730425.88, 214959581465054.28, 211402789693445.0, 210828833708908.16], [211617063931753.38, 218978465261856.3, 228322735854372.84, 219077240155962.25, 211104635985209.47, 206095327056880.9, 210971323197146.0, 210799491131950.25, 214886824126360.34, 218962192617538.1, 228151107714849.38, 241431199725212.1, 216100193483663.72, 219262388926775.97, 210742287862947.56, 205835995483071.0], [200215072625539.88, 209572649500854.56, 218345850194046.56, 227692190401181.97, 220147618920979.34, 194920730002141.97, 197521971862451.56, 200039977656393.9, 209953600604859.94, 208040278780008.28, 218131967730425.88, 216100193483663.72, 239883707712044.44, 226944718336668.78, 216510832978863.56, 219750525710107.78], [200265736819611.94, 209645369428487.1, 218367718507944.2, 227724223692710.8, 220186179063121.0, 194167452188798.03, 197614254913270.7, 200842011962107.1, 208476597260466.94, 209716446733163.06, 214959581465054.28, 219262388926775.97, 226944718336668.78, 239943395782384.34, 218987941179201.84, 217358823547105.62], [191647309359127.2, 200228268126346.2, 211095836276053.56, 220145908187098.0, 231428201230572.9, 184764984196598.8, 190310049268234.9, 192263361372838.84, 201816312378680.4, 195415758130567.34, 211402789693445.0, 210742287862947.56, 216510832978863.56, 218987941179201.84, 241912290902908.7, 229912661999127.88], [191376543968338.4, 199305071119665.4, 209295132054905.7, 220127779605695.34, 231357877364870.25, 185373001005001.4, 188939282594910.38, 192782398689288.6, 200786676128484.7, 194761586067060.75, 210828833708908.16, 205835995483071.0, 219750525710107.78, 217358823547105.62, 229912661999127.88, 241568032801278.6], [-694079833006.8591, -388182554811.1527, 240521803264.35284, 562335149661.7523, 74597985794.8692, -787865881093.656, -567673810129.8096, -935053927523.4144, -581781590799.285, -474160096095.1229, 539290117664.7339, 237474474416.24554, 782465120482.5154, 780470652072.0989, 1283137212631.0964, 1270913069485.2075]]}}