,Charge,Charge model,Method,Weight,Delta,Element,Grid,Atom number,smirks,Conformer,Orientation
0,-0.5921426458574024,RESP2,hf/6-31g*,1.0,0.0,O,hf,1,[H:16][C:7]1([C:6]([C:5]([C:4]([C:9]([C:8]1([H:18])[H:19])([H:20])[H:21])([H:11])[C:2](=[O:1])[O:3][H:10])([H:12])[H:13])([H:14])[H:15])[H:17],,
1,0.7067240585509149,RESP2,hf/6-31g*,1.0,0.0,C,hf,2,[H:16][C:7]1([C:6]([C:5]([C:4]([C:9]([C:8]1([H:18])[H:19])([H:20])[H:21])([H:11])[C:2](=[O:1])[O:3][H:10])([H:12])[H:13])([H:14])[H:15])[H:17],,
2,-0.6522976110464439,RESP2,hf/6-31g*,1.0,0.0,O,hf,3,[H:16][C:7]1([C:6]([C:5]([C:4]([C:9]([C:8]1([H:18])[H:19])([H:20])[H:21])([H:11])[C:2](=[O:1])[O:3][H:10])([H:12])[H:13])([H:14])[H:15])[H:17],,
3,0.043635628270890056,RESP2,hf/6-31g*,1.0,0.0,C,hf,4,[H:16][C:7]1([C:6]([C:5]([C:4]([C:9]([C:8]1([H:18])[H:19])([H:20])[H:21])([H:11])[C:2](=[O:1])[O:3][H:10])([H:12])[H:13])([H:14])[H:15])[H:17],,
4,-0.017071804969175243,RESP2,hf/6-31g*,1.0,0.0,C,hf,5,[H:16][C:7]1([C:6]([C:5]([C:4]([C:9]([C:8]1([H:18])[H:19])([H:20])[H:21])([H:11])[C:2](=[O:1])[O:3][H:10])([H:12])[H:13])([H:14])[H:15])[H:17],,
5,0.0139708265744101,RESP2,hf/6-31g*,1.0,0.0,C,hf,6,[H:16][C:7]1([C:6]([C:5]([C:4]([C:9]([C:8]1([H:18])[H:19])([H:20])[H:21])([H:11])[C:2](=[O:1])[O:3][H:10])([H:12])[H:13])([H:14])[H:15])[H:17],,
6,-0.0103731937858696,RESP2,hf/6-31g*,1.0,0.0,C,hf,7,[H:16][C:7]1([C:6]([C:5]([C:4]([C:9]([C:8]1([H:18])[H:19])([H:20])[H:21])([H:11])[C:2](=[O:1])[O:3][H:10])([H:12])[H:13])([H:14])[H:15])[H:17],,
7,0.04888649340306181,RESP2,hf/6-31g*,1.0,0.0,C,hf,8,[H:16][C:7]1([C:6]([C:5]([C:4]([C:9]([C:8]1([H:18])[H:19])([H:20])[H:21])([H:11])[C:2](=[O:1])[O:3][H:10])([H:12])[H:13])([H:14])[H:15])[H:17],,
8,-0.012732612567920363,RESP2,hf/6-31g*,1.0,0.0,C,hf,9,[H:16][C:7]1([C:6]([C:5]([C:4]([C:9]([C:8]1([H:18])[H:19])([H:20])[H:21])([H:11])[C:2](=[O:1])[O:3][H:10])([H:12])[H:13])([H:14])[H:15])[H:17],,
9,0.4555599351851733,RESP2,hf/6-31g*,1.0,0.0,H,hf,10,[H:16][C:7]1([C:6]([C:5]([C:4]([C:9]([C:8]1([H:18])[H:19])([H:20])[H:21])([H:11])[C:2](=[O:1])[O:3][H:10])([H:12])[H:13])([H:14])[H:15])[H:17],,
10,0.005702610230679925,RESP2,hf/6-31g*,1.0,0.0,H,hf,11,[H:16][C:7]1([C:6]([C:5]([C:4]([C:9]([C:8]1([H:18])[H:19])([H:20])[H:21])([H:11])[C:2](=[O:1])[O:3][H:10])([H:12])[H:13])([H:14])[H:15])[H:17],,
11,0.011840815573369674,RESP2,hf/6-31g*,1.0,0.0,H,hf,12,[H:16][C:7]1([C:6]([C:5]([C:4]([C:9]([C:8]1([H:18])[H:19])([H:20])[H:21])([H:11])[C:2](=[O:1])[O:3][H:10])([H:12])[H:13])([H:14])[H:15])[H:17],,
12,0.0048329658450844155,RESP2,hf/6-31g*,1.0,0.0,H,hf,13,[H:16][C:7]1([C:6]([C:5]([C:4]([C:9]([C:8]1([H:18])[H:19])([H:20])[H:21])([H:11])[C:2](=[O:1])[O:3][H:10])([H:12])[H:13])([H:14])[H:15])[H:17],,
13,0.0008010726991590034,RESP2,hf/6-31g*,1.0,0.0,H,hf,14,[H:16][C:7]1([C:6]([C:5]([C:4]([C:9]([C:8]1([H:18])[H:19])([H:20])[H:21])([H:11])[C:2](=[O:1])[O:3][H:10])([H:12])[H:13])([H:14])[H:15])[H:17],,
14,0.0007894572522483634,RESP2,hf/6-31g*,1.0,0.0,H,hf,15,[H:16][C:7]1([C:6]([C:5]([C:4]([C:9]([C:8]1([H:18])[H:19])([H:20])[H:21])([H:11])[C:2](=[O:1])[O:3][H:10])([H:12])[H:13])([H:14])[H:15])[H:17],,
15,-0.0009258605941791802,RESP2,hf/6-31g*,1.0,0.0,H,hf,16,[H:16][C:7]1([C:6]([C:5]([C:4]([C:9]([C:8]1([H:18])[H:19])([H:20])[H:21])([H:11])[C:2](=[O:1])[O:3][H:10])([H:12])[H:13])([H:14])[H:15])[H:17],,
16,0.0036682534072691887,RESP2,hf/6-31g*,1.0,0.0,H,hf,17,[H:16][C:7]1([C:6]([C:5]([C:4]([C:9]([C:8]1([H:18])[H:19])([H:20])[H:21])([H:11])[C:2](=[O:1])[O:3][H:10])([H:12])[H:13])([H:14])[H:15])[H:17],,
17,-0.010591151694605372,RESP2,hf/6-31g*,1.0,0.0,H,hf,18,[H:16][C:7]1([C:6]([C:5]([C:4]([C:9]([C:8]1([H:18])[H:19])([H:20])[H:21])([H:11])[C:2](=[O:1])[O:3][H:10])([H:12])[H:13])([H:14])[H:15])[H:17],,
18,-0.01357413872923551,RESP2,hf/6-31g*,1.0,0.0,H,hf,19,[H:16][C:7]1([C:6]([C:5]([C:4]([C:9]([C:8]1([H:18])[H:19])([H:20])[H:21])([H:11])[C:2](=[O:1])[O:3][H:10])([H:12])[H:13])([H:14])[H:15])[H:17],,
19,0.006346504919123676,RESP2,hf/6-31g*,1.0,0.0,H,hf,20,[H:16][C:7]1([C:6]([C:5]([C:4]([C:9]([C:8]1([H:18])[H:19])([H:20])[H:21])([H:11])[C:2](=[O:1])[O:3][H:10])([H:12])[H:13])([H:14])[H:15])[H:17],,
20,0.006950397333447279,RESP2,hf/6-31g*,1.0,0.0,H,hf,21,[H:16][C:7]1([C:6]([C:5]([C:4]([C:9]([C:8]1([H:18])[H:19])([H:20])[H:21])([H:11])[C:2](=[O:1])[O:3][H:10])([H:12])[H:13])([H:14])[H:15])[H:17],,
0,-0.595635046064812,RESP2,hf/6-31g*,1.0,0.05,O,hf,1,[H:16][C:7]1([C:6]([C:5]([C:4]([C:9]([C:8]1([H:18])[H:19])([H:20])[H:21])([H:11])[C:2](=[O:1])[O:3][H:10])([H:12])[H:13])([H:14])[H:15])[H:17],,
1,0.7093823761063051,RESP2,hf/6-31g*,1.0,0.05,C,hf,2,[H:16][C:7]1([C:6]([C:5]([C:4]([C:9]([C:8]1([H:18])[H:19])([H:20])[H:21])([H:11])[C:2](=[O:1])[O:3][H:10])([H:12])[H:13])([H:14])[H:15])[H:17],,
2,-0.6537479010654298,RESP2,hf/6-31g*,1.0,0.05,O,hf,3,[H:16][C:7]1([C:6]([C:5]([C:4]([C:9]([C:8]1([H:18])[H:19])([H:20])[H:21])([H:11])[C:2](=[O:1])[O:3][H:10])([H:12])[H:13])([H:14])[H:15])[H:17],,
3,0.04155164321681056,RESP2,hf/6-31g*,1.0,0.05,C,hf,4,[H:16][C:7]1([C:6]([C:5]([C:4]([C:9]([C:8]1([H:18])[H:19])([H:20])[H:21])([H:11])[C:2](=[O:1])[O:3][H:10])([H:12])[H:13])([H:14])[H:15])[H:17],,
4,-0.016667441465289628,RESP2,hf/6-31g*,1.0,0.05,C,hf,5,[H:16][C:7]1([C:6]([C:5]([C:4]([C:9]([C:8]1([H:18])[H:19])([H:20])[H:21])([H:11])[C:2](=[O:1])[O:3][H:10])([H:12])[H:13])([H:14])[H:15])[H:17],,
5,0.01411138640800201,RESP2,hf/6-31g*,1.0,0.05,C,hf,6,[H:16][C:7]1([C:6]([C:5]([C:4]([C:9]([C:8]1([H:18])[H:19])([H:20])[H:21])([H:11])[C:2](=[O:1])[O:3][H:10])([H:12])[H:13])([H:14])[H:15])[H:17],,
6,-0.007928433076202486,RESP2,hf/6-31g*,1.0,0.05,C,hf,7,[H:16][C:7]1([C:6]([C:5]([C:4]([C:9]([C:8]1([H:18])[H:19])([H:20])[H:21])([H:11])[C:2](=[O:1])[O:3][H:10])([H:12])[H:13])([H:14])[H:15])[H:17],,
7,0.04693578340332212,RESP2,hf/6-31g*,1.0,0.05,C,hf,8,[H:16][C:7]1([C:6]([C:5]([C:4]([C:9]([C:8]1([H:18])[H:19])([H:20])[H:21])([H:11])[C:2](=[O:1])[O:3][H:10])([H:12])[H:13])([H:14])[H:15])[H:17],,
8,-0.01152508765959099,RESP2,hf/6-31g*,1.0,0.05,C,hf,9,[H:16][C:7]1([C:6]([C:5]([C:4]([C:9]([C:8]1([H:18])[H:19])([H:20])[H:21])([H:11])[C:2](=[O:1])[O:3][H:10])([H:12])[H:13])([H:14])[H:15])[H:17],,
9,0.457321153819925,RESP2,hf/6-31g*,1.0,0.05,H,hf,10,[H:16][C:7]1([C:6]([C:5]([C:4]([C:9]([C:8]1([H:18])[H:19])([H:20])[H:21])([H:11])[C:2](=[O:1])[O:3][H:10])([H:12])[H:13])([H:14])[H:15])[H:17],,
10,0.006927326231404125,RESP2,hf/6-31g*,1.0,0.05,H,hf,11,[H:16][C:7]1([C:6]([C:5]([C:4]([C:9]([C:8]1([H:18])[H:19])([H:20])[H:21])([H:11])[C:2](=[O:1])[O:3][H:10])([H:12])[H:13])([H:14])[H:15])[H:17],,
11,0.011713969581762356,RESP2,hf/6-31g*,1.0,0.05,H,hf,12,[H:16][C:7]1([C:6]([C:5]([C:4]([C:9]([C:8]1([H:18])[H:19])([H:20])[H:21])([H:11])[C:2](=[O:1])[O:3][H:10])([H:12])[H:13])([H:14])[H:15])[H:17],,
12,0.005098517639020015,RESP2,hf/6-31g*,1.0,0.05,H,hf,13,[H:16][C:7]1([C:6]([C:5]([C:4]([C:9]([C:8]1([H:18])[H:19])([H:20])[H:21])([H:11])[C:2](=[O:1])[O:3][H:10])([H:12])[H:13])([H:14])[H:15])[H:17],,
13,0.000636504174920603,RESP2,hf/6-31g*,1.0,0.05,H,hf,14,[H:16][C:7]1([C:6]([C:5]([C:4]([C:9]([C:8]1([H:18])[H:19])([H:20])[H:21])([H:11])[C:2](=[O:1])[O:3][H:10])([H:12])[H:13])([H:14])[H:15])[H:17],,
14,0.0005267434664381274,RESP2,hf/6-31g*,1.0,0.05,H,hf,15,[H:16][C:7]1([C:6]([C:5]([C:4]([C:9]([C:8]1([H:18])[H:19])([H:20])[H:21])([H:11])[C:2](=[O:1])[O:3][H:10])([H:12])[H:13])([H:14])[H:15])[H:17],,
15,-0.001530134677427309,RESP2,hf/6-31g*,1.0,0.05,H,hf,16,[H:16][C:7]1([C:6]([C:5]([C:4]([C:9]([C:8]1([H:18])[H:19])([H:20])[H:21])([H:11])[C:2](=[O:1])[O:3][H:10])([H:12])[H:13])([H:14])[H:15])[H:17],,
16,0.0030466877631414244,RESP2,hf/6-31g*,1.0,0.05,H,hf,17,[H:16][C:7]1([C:6]([C:5]([C:4]([C:9]([C:8]1([H:18])[H:19])([H:20])[H:21])([H:11])[C:2](=[O:1])[O:3][H:10])([H:12])[H:13])([H:14])[H:15])[H:17],,
17,-0.010100065191738936,RESP2,hf/6-31g*,1.0,0.05,H,hf,18,[H:16][C:7]1([C:6]([C:5]([C:4]([C:9]([C:8]1([H:18])[H:19])([H:20])[H:21])([H:11])[C:2](=[O:1])[O:3][H:10])([H:12])[H:13])([H:14])[H:15])[H:17],,
18,-0.013113705394572319,RESP2,hf/6-31g*,1.0,0.05,H,hf,19,[H:16][C:7]1([C:6]([C:5]([C:4]([C:9]([C:8]1([H:18])[H:19])([H:20])[H:21])([H:11])[C:2](=[O:1])[O:3][H:10])([H:12])[H:13])([H:14])[H:15])[H:17],,
19,0.006118353462313582,RESP2,hf/6-31g*,1.0,0.05,H,hf,20,[H:16][C:7]1([C:6]([C:5]([C:4]([C:9]([C:8]1([H:18])[H:19])([H:20])[H:21])([H:11])[C:2](=[O:1])[O:3][H:10])([H:12])[H:13])([H:14])[H:15])[H:17],,
20,0.00687736932169864,RESP2,hf/6-31g*,1.0,0.05,H,hf,21,[H:16][C:7]1([C:6]([C:5]([C:4]([C:9]([C:8]1([H:18])[H:19])([H:20])[H:21])([H:11])[C:2](=[O:1])[O:3][H:10])([H:12])[H:13])([H:14])[H:15])[H:17],,
0,-0.5991274462722218,RESP2,hf/6-31g*,1.0,0.1,O,hf,1,[H:16][C:7]1([C:6]([C:5]([C:4]([C:9]([C:8]1([H:18])[H:19])([H:20])[H:21])([H:11])[C:2](=[O:1])[O:3][H:10])([H:12])[H:13])([H:14])[H:15])[H:17],,
1,0.7120406936616953,RESP2,hf/6-31g*,1.0,0.1,C,hf,2,[H:16][C:7]1([C:6]([C:5]([C:4]([C:9]([C:8]1([H:18])[H:19])([H:20])[H:21])([H:11])[C:2](=[O:1])[O:3][H:10])([H:12])[H:13])([H:14])[H:15])[H:17],,
2,-0.6551981910844157,RESP2,hf/6-31g*,1.0,0.1,O,hf,3,[H:16][C:7]1([C:6]([C:5]([C:4]([C:9]([C:8]1([H:18])[H:19])([H:20])[H:21])([H:11])[C:2](=[O:1])[O:3][H:10])([H:12])[H:13])([H:14])[H:15])[H:17],,
3,0.03946765816273107,RESP2,hf/6-31g*,1.0,0.1,C,hf,4,[H:16][C:7]1([C:6]([C:5]([C:4]([C:9]([C:8]1([H:18])[H:19])([H:20])[H:21])([H:11])[C:2](=[O:1])[O:3][H:10])([H:12])[H:13])([H:14])[H:15])[H:17],,
4,-0.016263077961404006,RESP2,hf/6-31g*,1.0,0.1,C,hf,5,[H:16][C:7]1([C:6]([C:5]([C:4]([C:9]([C:8]1([H:18])[H:19])([H:20])[H:21])([H:11])[C:2](=[O:1])[O:3][H:10])([H:12])[H:13])([H:14])[H:15])[H:17],,
5,0.014251946241593923,RESP2,hf/6-31g*,1.0,0.1,C,hf,6,[H:16][C:7]1([C:6]([C:5]([C:4]([C:9]([C:8]1([H:18])[H:19])([H:20])[H:21])([H:11])[C:2](=[O:1])[O:3][H:10])([H:12])[H:13])([H:14])[H:15])[H:17],,
6,-0.0054836723665353726,RESP2,hf/6-31g*,1.0,0.1,C,hf,7,[H:16][C:7]1([C:6]([C:5]([C:4]([C:9]([C:8]1([H:18])[H:19])([H:20])[H:21])([H:11])[C:2](=[O:1])[O:3][H:10])([H:12])[H:13])([H:14])[H:15])[H:17],,
7,0.044985073403582425,RESP2,hf/6-31g*,1.0,0.1,C,hf,8,[H:16][C:7]1([C:6]([C:5]([C:4]([C:9]([C:8]1([H:18])[H:19])([H:20])[H:21])([H:11])[C:2](=[O:1])[O:3][H:10])([H:12])[H:13])([H:14])[H:15])[H:17],,
8,-0.010317562751261614,RESP2,hf/6-31g*,1.0,0.1,C,hf,9,[H:16][C:7]1([C:6]([C:5]([C:4]([C:9]([C:8]1([H:18])[H:19])([H:20])[H:21])([H:11])[C:2](=[O:1])[O:3][H:10])([H:12])[H:13])([H:14])[H:15])[H:17],,
9,0.4590823724546767,RESP2,hf/6-31g*,1.0,0.1,H,hf,10,[H:16][C:7]1([C:6]([C:5]([C:4]([C:9]([C:8]1([H:18])[H:19])([H:20])[H:21])([H:11])[C:2](=[O:1])[O:3][H:10])([H:12])[H:13])([H:14])[H:15])[H:17],,
10,0.008152042232128325,RESP2,hf/6-31g*,1.0,0.1,H,hf,11,[H:16][C:7]1([C:6]([C:5]([C:4]([C:9]([C:8]1([H:18])[H:19])([H:20])[H:21])([H:11])[C:2](=[O:1])[O:3][H:10])([H:12])[H:13])([H:14])[H:15])[H:17],,
11,0.011587123590155044,RESP2,hf/6-31g*,1.0,0.1,H,hf,12,[H:16][C:7]1([C:6]([C:5]([C:4]([C:9]([C:8]1([H:18])[H:19])([H:20])[H:21])([H:11])[C:2](=[O:1])[O:3][H:10])([H:12])[H:13])([H:14])[H:15])[H:17],,
12,0.005364069432955616,RESP2,hf/6-31g*,1.0,0.1,H,hf,13,[H:16][C:7]1([C:6]([C:5]([C:4]([C:9]([C:8]1([H:18])[H:19])([H:20])[H:21])([H:11])[C:2](=[O:1])[O:3][H:10])([H:12])[H:13])([H:14])[H:15])[H:17],,
13,0.00047193565068220277,RESP2,hf/6-31g*,1.0,0.1,H,hf,14,[H:16][C:7]1([C:6]([C:5]([C:4]([C:9]([C:8]1([H:18])[H:19])([H:20])[H:21])([H:11])[C:2](=[O:1])[O:3][H:10])([H:12])[H:13])([H:14])[H:15])[H:17],,
14,0.00026402968062789117,RESP2,hf/6-31g*,1.0,0.1,H,hf,15,[H:16][C:7]1([C:6]([C:5]([C:4]([C:9]([C:8]1([H:18])[H:19])([H:20])[H:21])([H:11])[C:2](=[O:1])[O:3][H:10])([H:12])[H:13])([H:14])[H:15])[H:17],,
15,-0.002134408760675438,RESP2,hf/6-31g*,1.0,0.1,H,hf,16,[H:16][C:7]1([C:6]([C:5]([C:4]([C:9]([C:8]1([H:18])[H:19])([H:20])[H:21])([H:11])[C:2](=[O:1])[O:3][H:10])([H:12])[H:13])([H:14])[H:15])[H:17],,
16,0.0024251221190136596,RESP2,hf/6-31g*,1.0,0.1,H,hf,17,[H:16][C:7]1([C:6]([C:5]([C:4]([C:9]([C:8]1([H:18])[H:19])([H:20])[H:21])([H:11])[C:2](=[O:1])[O:3][H:10])([H:12])[H:13])([H:14])[H:15])[H:17],,
17,-0.009608978688872501,RESP2,hf/6-31g*,1.0,0.1,H,hf,18,[H:16][C:7]1([C:6]([C:5]([C:4]([C:9]([C:8]1([H:18])[H:19])([H:20])[H:21])([H:11])[C:2](=[O:1])[O:3][H:10])([H:12])[H:13])([H:14])[H:15])[H:17],,
18,-0.01265327205990913,RESP2,hf/6-31g*,1.0,0.1,H,hf,19,[H:16][C:7]1([C:6]([C:5]([C:4]([C:9]([C:8]1([H:18])[H:19])([H:20])[H:21])([H:11])[C:2](=[O:1])[O:3][H:10])([H:12])[H:13])([H:14])[H:15])[H:17],,
19,0.005890202005503489,RESP2,hf/6-31g*,1.0,0.1,H,hf,20,[H:16][C:7]1([C:6]([C:5]([C:4]([C:9]([C:8]1([H:18])[H:19])([H:20])[H:21])([H:11])[C:2](=[O:1])[O:3][H:10])([H:12])[H:13])([H:14])[H:15])[H:17],,
20,0.0068043413099500025,RESP2,hf/6-31g*,1.0,0.1,H,hf,21,[H:16][C:7]1([C:6]([C:5]([C:4]([C:9]([C:8]1([H:18])[H:19])([H:20])[H:21])([H:11])[C:2](=[O:1])[O:3][H:10])([H:12])[H:13])([H:14])[H:15])[H:17],,
0,-0.6026198464796314,RESP2,hf/6-31g*,1.0,0.15000000000000002,O,hf,1,[H:16][C:7]1([C:6]([C:5]([C:4]([C:9]([C:8]1([H:18])[H:19])([H:20])[H:21])([H:11])[C:2](=[O:1])[O:3][H:10])([H:12])[H:13])([H:14])[H:15])[H:17],,
1,0.7146990112170855,RESP2,hf/6-31g*,1.0,0.15000000000000002,C,hf,2,[H:16][C:7]1([C:6]([C:5]([C:4]([C:9]([C:8]1([H:18])[H:19])([H:20])[H:21])([H:11])[C:2](=[O:1])[O:3][H:10])([H:12])[H:13])([H:14])[H:15])[H:17],,
2,-0.6566484811034017,RESP2,hf/6-31g*,1.0,0.15000000000000002,O,hf,3,[H:16][C:7]1([C:6]([C:5]([C:4]([C:9]([C:8]1([H:18])[H:19])([H:20])[H:21])([H:11])[C:2](=[O:1])[O:3][H:10])([H:12])[H:13])([H:14])[H:15])[H:17],,
3,0.03738367310865156,RESP2,hf/6-31g*,1.0,0.15000000000000002,C,hf,4,[H:16][C:7]1([C:6]([C:5]([C:4]([C:9]([C:8]1([H:18])[H:19])([H:20])[H:21])([H:11])[C:2](=[O:1])[O:3][H:10])([H:12])[H:13])([H:14])[H:15])[H:17],,
4,-0.015858714457518387,RESP2,hf/6-31g*,1.0,0.15000000000000002,C,hf,5,[H:16][C:7]1([C:6]([C:5]([C:4]([C:9]([C:8]1([H:18])[H:19])([H:20])[H:21])([H:11])[C:2](=[O:1])[O:3][H:10])([H:12])[H:13])([H:14])[H:15])[H:17],,
5,0.014392506075185834,RESP2,hf/6-31g*,1.0,0.15000000000000002,C,hf,6,[H:16][C:7]1([C:6]([C:5]([C:4]([C:9]([C:8]1([H:18])[H:19])([H:20])[H:21])([H:11])[C:2](=[O:1])[O:3][H:10])([H:12])[H:13])([H:14])[H:15])[H:17],,
6,-0.003038911656868258,RESP2,hf/6-31g*,1.0,0.15000000000000002,C,hf,7,[H:16][C:7]1([C:6]([C:5]([C:4]([C:9]([C:8]1([H:18])[H:19])([H:20])[H:21])([H:11])[C:2](=[O:1])[O:3][H:10])([H:12])[H:13])([H:14])[H:15])[H:17],,
7,0.04303436340384273,RESP2,hf/6-31g*,1.0,0.15000000000000002,C,hf,8,[H:16][C:7]1([C:6]([C:5]([C:4]([C:9]([C:8]1([H:18])[H:19])([H:20])[H:21])([H:11])[C:2](=[O:1])[O:3][H:10])([H:12])[H:13])([H:14])[H:15])[H:17],,
8,-0.00911003784293224,RESP2,hf/6-31g*,1.0,0.15000000000000002,C,hf,9,[H:16][C:7]1([C:6]([C:5]([C:4]([C:9]([C:8]1([H:18])[H:19])([H:20])[H:21])([H:11])[C:2](=[O:1])[O:3][H:10])([H:12])[H:13])([H:14])[H:15])[H:17],,
9,0.46084359108942846,RESP2,hf/6-31g*,1.0,0.15000000000000002,H,hf,10,[H:16][C:7]1([C:6]([C:5]([C:4]([C:9]([C:8]1([H:18])[H:19])([H:20])[H:21])([H:11])[C:2](=[O:1])[O:3][H:10])([H:12])[H:13])([H:14])[H:15])[H:17],,
10,0.009376758232852526,RESP2,hf/6-31g*,1.0,0.15000000000000002,H,hf,11,[H:16][C:7]1([C:6]([C:5]([C:4]([C:9]([C:8]1([H:18])[H:19])([H:20])[H:21])([H:11])[C:2](=[O:1])[O:3][H:10])([H:12])[H:13])([H:14])[H:15])[H:17],,
11,0.011460277598547727,RESP2,hf/6-31g*,1.0,0.15000000000000002,H,hf,12,[H:16][C:7]1([C:6]([C:5]([C:4]([C:9]([C:8]1([H:18])[H:19])([H:20])[H:21])([H:11])[C:2](=[O:1])[O:3][H:10])([H:12])[H:13])([H:14])[H:15])[H:17],,
12,0.0056296212268912155,RESP2,hf/6-31g*,1.0,0.15000000000000002,H,hf,13,[H:16][C:7]1([C:6]([C:5]([C:4]([C:9]([C:8]1([H:18])[H:19])([H:20])[H:21])([H:11])[C:2](=[O:1])[O:3][H:10])([H:12])[H:13])([H:14])[H:15])[H:17],,
13,0.00030736712644380233,RESP2,hf/6-31g*,1.0,0.15000000000000002,H,hf,14,[H:16][C:7]1([C:6]([C:5]([C:4]([C:9]([C:8]1([H:18])[H:19])([H:20])[H:21])([H:11])[C:2](=[O:1])[O:3][H:10])([H:12])[H:13])([H:14])[H:15])[H:17],,
14,1.3158948176548875e-06,RESP2,hf/6-31g*,1.0,0.15000000000000002,H,hf,15,[H:16][C:7]1([C:6]([C:5]([C:4]([C:9]([C:8]1([H:18])[H:19])([H:20])[H:21])([H:11])[C:2](=[O:1])[O:3][H:10])([H:12])[H:13])([H:14])[H:15])[H:17],,
15,-0.002738682843923567,RESP2,hf/6-31g*,1.0,0.15000000000000002,H,hf,16,[H:16][C:7]1([C:6]([C:5]([C:4]([C:9]([C:8]1([H:18])[H:19])([H:20])[H:21])([H:11])[C:2](=[O:1])[O:3][H:10])([H:12])[H:13])([H:14])[H:15])[H:17],,
16,0.001803556474885895,RESP2,hf/6-31g*,1.0,0.15000000000000002,H,hf,17,[H:16][C:7]1([C:6]([C:5]([C:4]([C:9]([C:8]1([H:18])[H:19])([H:20])[H:21])([H:11])[C:2](=[O:1])[O:3][H:10])([H:12])[H:13])([H:14])[H:15])[H:17],,
17,-0.009117892186006064,RESP2,hf/6-31g*,1.0,0.15000000000000002,H,hf,18,[H:16][C:7]1([C:6]([C:5]([C:4]([C:9]([C:8]1([H:18])[H:19])([H:20])[H:21])([H:11])[C:2](=[O:1])[O:3][H:10])([H:12])[H:13])([H:14])[H:15])[H:17],,
18,-0.012192838725245939,RESP2,hf/6-31g*,1.0,0.15000000000000002,H,hf,19,[H:16][C:7]1([C:6]([C:5]([C:4]([C:9]([C:8]1([H:18])[H:19])([H:20])[H:21])([H:11])[C:2](=[O:1])[O:3][H:10])([H:12])[H:13])([H:14])[H:15])[H:17],,
19,0.005662050548693396,RESP2,hf/6-31g*,1.0,0.15000000000000002,H,hf,20,[H:16][C:7]1([C:6]([C:5]([C:4]([C:9]([C:8]1([H:18])[H:19])([H:20])[H:21])([H:11])[C:2](=[O:1])[O:3][H:10])([H:12])[H:13])([H:14])[H:15])[H:17],,
20,0.006731313298201364,RESP2,hf/6-31g*,1.0,0.15000000000000002,H,hf,21,[H:16][C:7]1([C:6]([C:5]([C:4]([C:9]([C:8]1([H:18])[H:19])([H:20])[H:21])([H:11])[C:2](=[O:1])[O:3][H:10])([H:12])[H:13])([H:14])[H:15])[H:17],,
0,-0.6061122466870411,RESP2,hf/6-31g*,1.0,0.2,O,hf,1,[H:16][C:7]1([C:6]([C:5]([C:4]([C:9]([C:8]1([H:18])[H:19])([H:20])[H:21])([H:11])[C:2](=[O:1])[O:3][H:10])([H:12])[H:13])([H:14])[H:15])[H:17],,
1,0.7173573287724757,RESP2,hf/6-31g*,1.0,0.2,C,hf,2,[H:16][C:7]1([C:6]([C:5]([C:4]([C:9]([C:8]1([H:18])[H:19])([H:20])[H:21])([H:11])[C:2](=[O:1])[O:3][H:10])([H:12])[H:13])([H:14])[H:15])[H:17],,
2,-0.6580987711223877,RESP2,hf/6-31g*,1.0,0.2,O,hf,3,[H:16][C:7]1([C:6]([C:5]([C:4]([C:9]([C:8]1([H:18])[H:19])([H:20])[H:21])([H:11])[C:2](=[O:1])[O:3][H:10])([H:12])[H:13])([H:14])[H:15])[H:17],,
3,0.035299688054572065,RESP2,hf/6-31g*,1.0,0.2,C,hf,4,[H:16][C:7]1([C:6]([C:5]([C:4]([C:9]([C:8]1([H:18])[H:19])([H:20])[H:21])([H:11])[C:2](=[O:1])[O:3][H:10])([H:12])[H:13])([H:14])[H:15])[H:17],,
4,-0.015454350953632772,RESP2,hf/6-31g*,1.0,0.2,C,hf,5,[H:16][C:7]1([C:6]([C:5]([C:4]([C:9]([C:8]1([H:18])[H:19])([H:20])[H:21])([H:11])[C:2](=[O:1])[O:3][H:10])([H:12])[H:13])([H:14])[H:15])[H:17],,
5,0.014533065908777742,RESP2,hf/6-31g*,1.0,0.2,C,hf,6,[H:16][C:7]1([C:6]([C:5]([C:4]([C:9]([C:8]1([H:18])[H:19])([H:20])[H:21])([H:11])[C:2](=[O:1])[O:3][H:10])([H:12])[H:13])([H:14])[H:15])[H:17],,
6,-0.000594150947201149,RESP2,hf/6-31g*,1.0,0.2,C,hf,7,[H:16][C:7]1([C:6]([C:5]([C:4]([C:9]([C:8]1([H:18])[H:19])([H:20])[H:21])([H:11])[C:2](=[O:1])[O:3][H:10])([H:12])[H:13])([H:14])[H:15])[H:17],,
7,0.04108365340410304,RESP2,hf/6-31g*,1.0,0.2,C,hf,8,[H:16][C:7]1([C:6]([C:5]([C:4]([C:9]([C:8]1([H:18])[H:19])([H:20])[H:21])([H:11])[C:2](=[O:1])[O:3][H:10])([H:12])[H:13])([H:14])[H:15])[H:17],,
8,-0.007902512934602868,RESP2,hf/6-31g*,1.0,0.2,C,hf,9,[H:16][C:7]1([C:6]([C:5]([C:4]([C:9]([C:8]1([H:18])[H:19])([H:20])[H:21])([H:11])[C:2](=[O:1])[O:3][H:10])([H:12])[H:13])([H:14])[H:15])[H:17],,
9,0.4626048097241802,RESP2,hf/6-31g*,1.0,0.2,H,hf,10,[H:16][C:7]1([C:6]([C:5]([C:4]([C:9]([C:8]1([H:18])[H:19])([H:20])[H:21])([H:11])[C:2](=[O:1])[O:3][H:10])([H:12])[H:13])([H:14])[H:15])[H:17],,
10,0.010601474233576724,RESP2,hf/6-31g*,1.0,0.2,H,hf,11,[H:16][C:7]1([C:6]([C:5]([C:4]([C:9]([C:8]1([H:18])[H:19])([H:20])[H:21])([H:11])[C:2](=[O:1])[O:3][H:10])([H:12])[H:13])([H:14])[H:15])[H:17],,
11,0.011333431606940409,RESP2,hf/6-31g*,1.0,0.2,H,hf,12,[H:16][C:7]1([C:6]([C:5]([C:4]([C:9]([C:8]1([H:18])[H:19])([H:20])[H:21])([H:11])[C:2](=[O:1])[O:3][H:10])([H:12])[H:13])([H:14])[H:15])[H:17],,
12,0.005895173020826812,RESP2,hf/6-31g*,1.0,0.2,H,hf,13,[H:16][C:7]1([C:6]([C:5]([C:4]([C:9]([C:8]1([H:18])[H:19])([H:20])[H:21])([H:11])[C:2](=[O:1])[O:3][H:10])([H:12])[H:13])([H:14])[H:15])[H:17],,
13,0.00014279860220539956,RESP2,hf/6-31g*,1.0,0.2,H,hf,14,[H:16][C:7]1([C:6]([C:5]([C:4]([C:9]([C:8]1([H:18])[H:19])([H:20])[H:21])([H:11])[C:2](=[O:1])[O:3][H:10])([H:12])[H:13])([H:14])[H:15])[H:17],,
14,-0.00026139789099258377,RESP2,hf/6-31g*,1.0,0.2,H,hf,15,[H:16][C:7]1([C:6]([C:5]([C:4]([C:9]([C:8]1([H:18])[H:19])([H:20])[H:21])([H:11])[C:2](=[O:1])[O:3][H:10])([H:12])[H:13])([H:14])[H:15])[H:17],,
15,-0.003342956927171698,RESP2,hf/6-31g*,1.0,0.2,H,hf,16,[H:16][C:7]1([C:6]([C:5]([C:4]([C:9]([C:8]1([H:18])[H:19])([H:20])[H:21])([H:11])[C:2](=[O:1])[O:3][H:10])([H:12])[H:13])([H:14])[H:15])[H:17],,
16,0.0011819908307581283,RESP2,hf/6-31g*,1.0,0.2,H,hf,17,[H:16][C:7]1([C:6]([C:5]([C:4]([C:9]([C:8]1([H:18])[H:19])([H:20])[H:21])([H:11])[C:2](=[O:1])[O:3][H:10])([H:12])[H:13])([H:14])[H:15])[H:17],,
17,-0.008626805683139633,RESP2,hf/6-31g*,1.0,0.2,H,hf,18,[H:16][C:7]1([C:6]([C:5]([C:4]([C:9]([C:8]1([H:18])[H:19])([H:20])[H:21])([H:11])[C:2](=[O:1])[O:3][H:10])([H:12])[H:13])([H:14])[H:15])[H:17],,
18,-0.011732405390582755,RESP2,hf/6-31g*,1.0,0.2,H,hf,19,[H:16][C:7]1([C:6]([C:5]([C:4]([C:9]([C:8]1([H:18])[H:19])([H:20])[H:21])([H:11])[C:2](=[O:1])[O:3][H:10])([H:12])[H:13])([H:14])[H:15])[H:17],,
19,0.0054338990918833,RESP2,hf/6-31g*,1.0,0.2,H,hf,20,[H:16][C:7]1([C:6]([C:5]([C:4]([C:9]([C:8]1([H:18])[H:19])([H:20])[H:21])([H:11])[C:2](=[O:1])[O:3][H:10])([H:12])[H:13])([H:14])[H:15])[H:17],,
20,0.006658285286452723,RESP2,hf/6-31g*,1.0,0.2,H,hf,21,[H:16][C:7]1([C:6]([C:5]([C:4]([C:9]([C:8]1([H:18])[H:19])([H:20])[H:21])([H:11])[C:2](=[O:1])[O:3][H:10])([H:12])[H:13])([H:14])[H:15])[H:17],,
0,-0.6096046468944508,RESP2,hf/6-31g*,1.0,0.25,O,hf,1,[H:16][C:7]1([C:6]([C:5]([C:4]([C:9]([C:8]1([H:18])[H:19])([H:20])[H:21])([H:11])[C:2](=[O:1])[O:3][H:10])([H:12])[H:13])([H:14])[H:15])[H:17],,
1,0.7200156463278659,RESP2,hf/6-31g*,1.0,0.25,C,hf,2,[H:16][C:7]1([C:6]([C:5]([C:4]([C:9]([C:8]1([H:18])[H:19])([H:20])[H:21])([H:11])[C:2](=[O:1])[O:3][H:10])([H:12])[H:13])([H:14])[H:15])[H:17],,
2,-0.6595490611413736,RESP2,hf/6-31g*,1.0,0.25,O,hf,3,[H:16][C:7]1([C:6]([C:5]([C:4]([C:9]([C:8]1([H:18])[H:19])([H:20])[H:21])([H:11])[C:2](=[O:1])[O:3][H:10])([H:12])[H:13])([H:14])[H:15])[H:17],,
3,0.03321570300049258,RESP2,hf/6-31g*,1.0,0.25,C,hf,4,[H:16][C:7]1([C:6]([C:5]([C:4]([C:9]([C:8]1([H:18])[H:19])([H:20])[H:21])([H:11])[C:2](=[O:1])[O:3][H:10])([H:12])[H:13])([H:14])[H:15])[H:17],,
4,-0.015049987449747145,RESP2,hf/6-31g*,1.0,0.25,C,hf,5,[H:16][C:7]1([C:6]([C:5]([C:4]([C:9]([C:8]1([H:18])[H:19])([H:20])[H:21])([H:11])[C:2](=[O:1])[O:3][H:10])([H:12])[H:13])([H:14])[H:15])[H:17],,
5,0.014673625742369658,RESP2,hf/6-31g*,1.0,0.25,C,hf,6,[H:16][C:7]1([C:6]([C:5]([C:4]([C:9]([C:8]1([H:18])[H:19])([H:20])[H:21])([H:11])[C:2](=[O:1])[O:3][H:10])([H:12])[H:13])([H:14])[H:15])[H:17],,
6,0.0018506097624659723,RESP2,hf/6-31g*,1.0,0.25,C,hf,7,[H:16][C:7]1([C:6]([C:5]([C:4]([C:9]([C:8]1([H:18])[H:19])([H:20])[H:21])([H:11])[C:2](=[O:1])[O:3][H:10])([H:12])[H:13])([H:14])[H:15])[H:17],,
7,0.039132943404363345,RESP2,hf/6-31g*,1.0,0.25,C,hf,8,[H:16][C:7]1([C:6]([C:5]([C:4]([C:9]([C:8]1([H:18])[H:19])([H:20])[H:21])([H:11])[C:2](=[O:1])[O:3][H:10])([H:12])[H:13])([H:14])[H:15])[H:17],,
8,-0.0066949880262734875,RESP2,hf/6-31g*,1.0,0.25,C,hf,9,[H:16][C:7]1([C:6]([C:5]([C:4]([C:9]([C:8]1([H:18])[H:19])([H:20])[H:21])([H:11])[C:2](=[O:1])[O:3][H:10])([H:12])[H:13])([H:14])[H:15])[H:17],,
9,0.4643660283589319,RESP2,hf/6-31g*,1.0,0.25,H,hf,10,[H:16][C:7]1([C:6]([C:5]([C:4]([C:9]([C:8]1([H:18])[H:19])([H:20])[H:21])([H:11])[C:2](=[O:1])[O:3][H:10])([H:12])[H:13])([H:14])[H:15])[H:17],,
10,0.01182619023430093,RESP2,hf/6-31g*,1.0,0.25,H,hf,11,[H:16][C:7]1([C:6]([C:5]([C:4]([C:9]([C:8]1([H:18])[H:19])([H:20])[H:21])([H:11])[C:2](=[O:1])[O:3][H:10])([H:12])[H:13])([H:14])[H:15])[H:17],,
11,0.011206585615333102,RESP2,hf/6-31g*,1.0,0.25,H,hf,12,[H:16][C:7]1([C:6]([C:5]([C:4]([C:9]([C:8]1([H:18])[H:19])([H:20])[H:21])([H:11])[C:2](=[O:1])[O:3][H:10])([H:12])[H:13])([H:14])[H:15])[H:17],,
12,0.006160724814762419,RESP2,hf/6-31g*,1.0,0.25,H,hf,13,[H:16][C:7]1([C:6]([C:5]([C:4]([C:9]([C:8]1([H:18])[H:19])([H:20])[H:21])([H:11])[C:2](=[O:1])[O:3][H:10])([H:12])[H:13])([H:14])[H:15])[H:17],,
13,-2.1769922032993068e-05,RESP2,hf/6-31g*,1.0,0.25,H,hf,14,[H:16][C:7]1([C:6]([C:5]([C:4]([C:9]([C:8]1([H:18])[H:19])([H:20])[H:21])([H:11])[C:2](=[O:1])[O:3][H:10])([H:12])[H:13])([H:14])[H:15])[H:17],,
14,-0.0005241116768028121,RESP2,hf/6-31g*,1.0,0.25,H,hf,15,[H:16][C:7]1([C:6]([C:5]([C:4]([C:9]([C:8]1([H:18])[H:19])([H:20])[H:21])([H:11])[C:2](=[O:1])[O:3][H:10])([H:12])[H:13])([H:14])[H:15])[H:17],,
15,-0.003947231010419819,RESP2,hf/6-31g*,1.0,0.25,H,hf,16,[H:16][C:7]1([C:6]([C:5]([C:4]([C:9]([C:8]1([H:18])[H:19])([H:20])[H:21])([H:11])[C:2](=[O:1])[O:3][H:10])([H:12])[H:13])([H:14])[H:15])[H:17],,
16,0.0005604251866303715,RESP2,hf/6-31g*,1.0,0.25,H,hf,17,[H:16][C:7]1([C:6]([C:5]([C:4]([C:9]([C:8]1([H:18])[H:19])([H:20])[H:21])([H:11])[C:2](=[O:1])[O:3][H:10])([H:12])[H:13])([H:14])[H:15])[H:17],,
17,-0.008135719180273188,RESP2,hf/6-31g*,1.0,0.25,H,hf,18,[H:16][C:7]1([C:6]([C:5]([C:4]([C:9]([C:8]1([H:18])[H:19])([H:20])[H:21])([H:11])[C:2](=[O:1])[O:3][H:10])([H:12])[H:13])([H:14])[H:15])[H:17],,
18,-0.011271972055919555,RESP2,hf/6-31g*,1.0,0.25,H,hf,19,[H:16][C:7]1([C:6]([C:5]([C:4]([C:9]([C:8]1([H:18])[H:19])([H:20])[H:21])([H:11])[C:2](=[O:1])[O:3][H:10])([H:12])[H:13])([H:14])[H:15])[H:17],,
19,0.005205747635073213,RESP2,hf/6-31g*,1.0,0.25,H,hf,20,[H:16][C:7]1([C:6]([C:5]([C:4]([C:9]([C:8]1([H:18])[H:19])([H:20])[H:21])([H:11])[C:2](=[O:1])[O:3][H:10])([H:12])[H:13])([H:14])[H:15])[H:17],,
20,0.006585257274704092,RESP2,hf/6-31g*,1.0,0.25,H,hf,21,[H:16][C:7]1([C:6]([C:5]([C:4]([C:9]([C:8]1([H:18])[H:19])([H:20])[H:21])([H:11])[C:2](=[O:1])[O:3][H:10])([H:12])[H:13])([H:14])[H:15])[H:17],,
0,-0.6130970471018605,RESP2,hf/6-31g*,1.0,0.30000000000000004,O,hf,1,[H:16][C:7]1([C:6]([C:5]([C:4]([C:9]([C:8]1([H:18])[H:19])([H:20])[H:21])([H:11])[C:2](=[O:1])[O:3][H:10])([H:12])[H:13])([H:14])[H:15])[H:17],,
1,0.7226739638832561,RESP2,hf/6-31g*,1.0,0.30000000000000004,C,hf,2,[H:16][C:7]1([C:6]([C:5]([C:4]([C:9]([C:8]1([H:18])[H:19])([H:20])[H:21])([H:11])[C:2](=[O:1])[O:3][H:10])([H:12])[H:13])([H:14])[H:15])[H:17],,
2,-0.6609993511603595,RESP2,hf/6-31g*,1.0,0.30000000000000004,O,hf,3,[H:16][C:7]1([C:6]([C:5]([C:4]([C:9]([C:8]1([H:18])[H:19])([H:20])[H:21])([H:11])[C:2](=[O:1])[O:3][H:10])([H:12])[H:13])([H:14])[H:15])[H:17],,
3,0.03113171794641307,RESP2,hf/6-31g*,1.0,0.30000000000000004,C,hf,4,[H:16][C:7]1([C:6]([C:5]([C:4]([C:9]([C:8]1([H:18])[H:19])([H:20])[H:21])([H:11])[C:2](=[O:1])[O:3][H:10])([H:12])[H:13])([H:14])[H:15])[H:17],,
4,-0.014645623945861528,RESP2,hf/6-31g*,1.0,0.30000000000000004,C,hf,5,[H:16][C:7]1([C:6]([C:5]([C:4]([C:9]([C:8]1([H:18])[H:19])([H:20])[H:21])([H:11])[C:2](=[O:1])[O:3][H:10])([H:12])[H:13])([H:14])[H:15])[H:17],,
5,0.014814185575961567,RESP2,hf/6-31g*,1.0,0.30000000000000004,C,hf,6,[H:16][C:7]1([C:6]([C:5]([C:4]([C:9]([C:8]1([H:18])[H:19])([H:20])[H:21])([H:11])[C:2](=[O:1])[O:3][H:10])([H:12])[H:13])([H:14])[H:15])[H:17],,
6,0.004295370472133086,RESP2,hf/6-31g*,1.0,0.30000000000000004,C,hf,7,[H:16][C:7]1([C:6]([C:5]([C:4]([C:9]([C:8]1([H:18])[H:19])([H:20])[H:21])([H:11])[C:2](=[O:1])[O:3][H:10])([H:12])[H:13])([H:14])[H:15])[H:17],,
7,0.03718223340462365,RESP2,hf/6-31g*,1.0,0.30000000000000004,C,hf,8,[H:16][C:7]1([C:6]([C:5]([C:4]([C:9]([C:8]1([H:18])[H:19])([H:20])[H:21])([H:11])[C:2](=[O:1])[O:3][H:10])([H:12])[H:13])([H:14])[H:15])[H:17],,
8,-0.005487463117944114,RESP2,hf/6-31g*,1.0,0.30000000000000004,C,hf,9,[H:16][C:7]1([C:6]([C:5]([C:4]([C:9]([C:8]1([H:18])[H:19])([H:20])[H:21])([H:11])[C:2](=[O:1])[O:3][H:10])([H:12])[H:13])([H:14])[H:15])[H:17],,
9,0.4661272469936837,RESP2,hf/6-31g*,1.0,0.30000000000000004,H,hf,10,[H:16][C:7]1([C:6]([C:5]([C:4]([C:9]([C:8]1([H:18])[H:19])([H:20])[H:21])([H:11])[C:2](=[O:1])[O:3][H:10])([H:12])[H:13])([H:14])[H:15])[H:17],,
10,0.013050906235025129,RESP2,hf/6-31g*,1.0,0.30000000000000004,H,hf,11,[H:16][C:7]1([C:6]([C:5]([C:4]([C:9]([C:8]1([H:18])[H:19])([H:20])[H:21])([H:11])[C:2](=[O:1])[O:3][H:10])([H:12])[H:13])([H:14])[H:15])[H:17],,
11,0.011079739623725783,RESP2,hf/6-31g*,1.0,0.30000000000000004,H,hf,12,[H:16][C:7]1([C:6]([C:5]([C:4]([C:9]([C:8]1([H:18])[H:19])([H:20])[H:21])([H:11])[C:2](=[O:1])[O:3][H:10])([H:12])[H:13])([H:14])[H:15])[H:17],,
12,0.006426276608698017,RESP2,hf/6-31g*,1.0,0.30000000000000004,H,hf,13,[H:16][C:7]1([C:6]([C:5]([C:4]([C:9]([C:8]1([H:18])[H:19])([H:20])[H:21])([H:11])[C:2](=[O:1])[O:3][H:10])([H:12])[H:13])([H:14])[H:15])[H:17],,
13,-0.000186338446271396,RESP2,hf/6-31g*,1.0,0.30000000000000004,H,hf,14,[H:16][C:7]1([C:6]([C:5]([C:4]([C:9]([C:8]1([H:18])[H:19])([H:20])[H:21])([H:11])[C:2](=[O:1])[O:3][H:10])([H:12])[H:13])([H:14])[H:15])[H:17],,
14,-0.0007868254626130508,RESP2,hf/6-31g*,1.0,0.30000000000000004,H,hf,15,[H:16][C:7]1([C:6]([C:5]([C:4]([C:9]([C:8]1([H:18])[H:19])([H:20])[H:21])([H:11])[C:2](=[O:1])[O:3][H:10])([H:12])[H:13])([H:14])[H:15])[H:17],,
15,-0.004551505093667951,RESP2,hf/6-31g*,1.0,0.30000000000000004,H,hf,16,[H:16][C:7]1([C:6]([C:5]([C:4]([C:9]([C:8]1([H:18])[H:19])([H:20])[H:21])([H:11])[C:2](=[O:1])[O:3][H:10])([H:12])[H:13])([H:14])[H:15])[H:17],,
16,-6.11404574973962e-05,RESP2,hf/6-31g*,1.0,0.30000000000000004,H,hf,17,[H:16][C:7]1([C:6]([C:5]([C:4]([C:9]([C:8]1([H:18])[H:19])([H:20])[H:21])([H:11])[C:2](=[O:1])[O:3][H:10])([H:12])[H:13])([H:14])[H:15])[H:17],,
17,-0.007644632677406756,RESP2,hf/6-31g*,1.0,0.30000000000000004,H,hf,18,[H:16][C:7]1([C:6]([C:5]([C:4]([C:9]([C:8]1([H:18])[H:19])([H:20])[H:21])([H:11])[C:2](=[O:1])[O:3][H:10])([H:12])[H:13])([H:14])[H:15])[H:17],,
18,-0.010811538721256366,RESP2,hf/6-31g*,1.0,0.30000000000000004,H,hf,19,[H:16][C:7]1([C:6]([C:5]([C:4]([C:9]([C:8]1([H:18])[H:19])([H:20])[H:21])([H:11])[C:2](=[O:1])[O:3][H:10])([H:12])[H:13])([H:14])[H:15])[H:17],,
19,0.004977596178263117,RESP2,hf/6-31g*,1.0,0.30000000000000004,H,hf,20,[H:16][C:7]1([C:6]([C:5]([C:4]([C:9]([C:8]1([H:18])[H:19])([H:20])[H:21])([H:11])[C:2](=[O:1])[O:3][H:10])([H:12])[H:13])([H:14])[H:15])[H:17],,
20,0.00651222926295545,RESP2,hf/6-31g*,1.0,0.30000000000000004,H,hf,21,[H:16][C:7]1([C:6]([C:5]([C:4]([C:9]([C:8]1([H:18])[H:19])([H:20])[H:21])([H:11])[C:2](=[O:1])[O:3][H:10])([H:12])[H:13])([H:14])[H:15])[H:17],,
0,-0.6165894473092701,RESP2,hf/6-31g*,1.0,0.35000000000000003,O,hf,1,[H:16][C:7]1([C:6]([C:5]([C:4]([C:9]([C:8]1([H:18])[H:19])([H:20])[H:21])([H:11])[C:2](=[O:1])[O:3][H:10])([H:12])[H:13])([H:14])[H:15])[H:17],,
1,0.7253322814386463,RESP2,hf/6-31g*,1.0,0.35000000000000003,C,hf,2,[H:16][C:7]1([C:6]([C:5]([C:4]([C:9]([C:8]1([H:18])[H:19])([H:20])[H:21])([H:11])[C:2](=[O:1])[O:3][H:10])([H:12])[H:13])([H:14])[H:15])[H:17],,
2,-0.6624496411793453,RESP2,hf/6-31g*,1.0,0.35000000000000003,O,hf,3,[H:16][C:7]1([C:6]([C:5]([C:4]([C:9]([C:8]1([H:18])[H:19])([H:20])[H:21])([H:11])[C:2](=[O:1])[O:3][H:10])([H:12])[H:13])([H:14])[H:15])[H:17],,
3,0.029047732892333568,RESP2,hf/6-31g*,1.0,0.35000000000000003,C,hf,4,[H:16][C:7]1([C:6]([C:5]([C:4]([C:9]([C:8]1([H:18])[H:19])([H:20])[H:21])([H:11])[C:2](=[O:1])[O:3][H:10])([H:12])[H:13])([H:14])[H:15])[H:17],,
4,-0.01424126044197591,RESP2,hf/6-31g*,1.0,0.35000000000000003,C,hf,5,[H:16][C:7]1([C:6]([C:5]([C:4]([C:9]([C:8]1([H:18])[H:19])([H:20])[H:21])([H:11])[C:2](=[O:1])[O:3][H:10])([H:12])[H:13])([H:14])[H:15])[H:17],,
5,0.014954745409553476,RESP2,hf/6-31g*,1.0,0.35000000000000003,C,hf,6,[H:16][C:7]1([C:6]([C:5]([C:4]([C:9]([C:8]1([H:18])[H:19])([H:20])[H:21])([H:11])[C:2](=[O:1])[O:3][H:10])([H:12])[H:13])([H:14])[H:15])[H:17],,
6,0.0067401311818001955,RESP2,hf/6-31g*,1.0,0.35000000000000003,C,hf,7,[H:16][C:7]1([C:6]([C:5]([C:4]([C:9]([C:8]1([H:18])[H:19])([H:20])[H:21])([H:11])[C:2](=[O:1])[O:3][H:10])([H:12])[H:13])([H:14])[H:15])[H:17],,
7,0.035231523404883947,RESP2,hf/6-31g*,1.0,0.35000000000000003,C,hf,8,[H:16][C:7]1([C:6]([C:5]([C:4]([C:9]([C:8]1([H:18])[H:19])([H:20])[H:21])([H:11])[C:2](=[O:1])[O:3][H:10])([H:12])[H:13])([H:14])[H:15])[H:17],,
8,-0.004279938209614742,RESP2,hf/6-31g*,1.0,0.35000000000000003,C,hf,9,[H:16][C:7]1([C:6]([C:5]([C:4]([C:9]([C:8]1([H:18])[H:19])([H:20])[H:21])([H:11])[C:2](=[O:1])[O:3][H:10])([H:12])[H:13])([H:14])[H:15])[H:17],,
9,0.46788846562843533,RESP2,hf/6-31g*,1.0,0.35000000000000003,H,hf,10,[H:16][C:7]1([C:6]([C:5]([C:4]([C:9]([C:8]1([H:18])[H:19])([H:20])[H:21])([H:11])[C:2](=[O:1])[O:3][H:10])([H:12])[H:13])([H:14])[H:15])[H:17],,
10,0.014275622235749325,RESP2,hf/6-31g*,1.0,0.35000000000000003,H,hf,11,[H:16][C:7]1([C:6]([C:5]([C:4]([C:9]([C:8]1([H:18])[H:19])([H:20])[H:21])([H:11])[C:2](=[O:1])[O:3][H:10])([H:12])[H:13])([H:14])[H:15])[H:17],,
11,0.010952893632118463,RESP2,hf/6-31g*,1.0,0.35000000000000003,H,hf,12,[H:16][C:7]1([C:6]([C:5]([C:4]([C:9]([C:8]1([H:18])[H:19])([H:20])[H:21])([H:11])[C:2](=[O:1])[O:3][H:10])([H:12])[H:13])([H:14])[H:15])[H:17],,
12,0.006691828402633614,RESP2,hf/6-31g*,1.0,0.35000000000000003,H,hf,13,[H:16][C:7]1([C:6]([C:5]([C:4]([C:9]([C:8]1([H:18])[H:19])([H:20])[H:21])([H:11])[C:2](=[O:1])[O:3][H:10])([H:12])[H:13])([H:14])[H:15])[H:17],,
13,-0.00035090697050979867,RESP2,hf/6-31g*,1.0,0.35000000000000003,H,hf,14,[H:16][C:7]1([C:6]([C:5]([C:4]([C:9]([C:8]1([H:18])[H:19])([H:20])[H:21])([H:11])[C:2](=[O:1])[O:3][H:10])([H:12])[H:13])([H:14])[H:15])[H:17],,
14,-0.0010495392484232895,RESP2,hf/6-31g*,1.0,0.35000000000000003,H,hf,15,[H:16][C:7]1([C:6]([C:5]([C:4]([C:9]([C:8]1([H:18])[H:19])([H:20])[H:21])([H:11])[C:2](=[O:1])[O:3][H:10])([H:12])[H:13])([H:14])[H:15])[H:17],,
15,-0.005155779176916082,RESP2,hf/6-31g*,1.0,0.35000000000000003,H,hf,16,[H:16][C:7]1([C:6]([C:5]([C:4]([C:9]([C:8]1([H:18])[H:19])([H:20])[H:21])([H:11])[C:2](=[O:1])[O:3][H:10])([H:12])[H:13])([H:14])[H:15])[H:17],,
16,-0.000682706101625163,RESP2,hf/6-31g*,1.0,0.35000000000000003,H,hf,17,[H:16][C:7]1([C:6]([C:5]([C:4]([C:9]([C:8]1([H:18])[H:19])([H:20])[H:21])([H:11])[C:2](=[O:1])[O:3][H:10])([H:12])[H:13])([H:14])[H:15])[H:17],,
17,-0.007153546174540322,RESP2,hf/6-31g*,1.0,0.35000000000000003,H,hf,18,[H:16][C:7]1([C:6]([C:5]([C:4]([C:9]([C:8]1([H:18])[H:19])([H:20])[H:21])([H:11])[C:2](=[O:1])[O:3][H:10])([H:12])[H:13])([H:14])[H:15])[H:17],,
18,-0.010351105386593179,RESP2,hf/6-31g*,1.0,0.35000000000000003,H,hf,19,[H:16][C:7]1([C:6]([C:5]([C:4]([C:9]([C:8]1([H:18])[H:19])([H:20])[H:21])([H:11])[C:2](=[O:1])[O:3][H:10])([H:12])[H:13])([H:14])[H:15])[H:17],,
19,0.004749444721453021,RESP2,hf/6-31g*,1.0,0.35000000000000003,H,hf,20,[H:16][C:7]1([C:6]([C:5]([C:4]([C:9]([C:8]1([H:18])[H:19])([H:20])[H:21])([H:11])[C:2](=[O:1])[O:3][H:10])([H:12])[H:13])([H:14])[H:15])[H:17],,
20,0.00643920125120681,RESP2,hf/6-31g*,1.0,0.35000000000000003,H,hf,21,[H:16][C:7]1([C:6]([C:5]([C:4]([C:9]([C:8]1([H:18])[H:19])([H:20])[H:21])([H:11])[C:2](=[O:1])[O:3][H:10])([H:12])[H:13])([H:14])[H:15])[H:17],,
0,-0.6200818475166799,RESP2,hf/6-31g*,1.0,0.4,O,hf,1,[H:16][C:7]1([C:6]([C:5]([C:4]([C:9]([C:8]1([H:18])[H:19])([H:20])[H:21])([H:11])[C:2](=[O:1])[O:3][H:10])([H:12])[H:13])([H:14])[H:15])[H:17],,
1,0.7279905989940364,RESP2,hf/6-31g*,1.0,0.4,C,hf,2,[H:16][C:7]1([C:6]([C:5]([C:4]([C:9]([C:8]1([H:18])[H:19])([H:20])[H:21])([H:11])[C:2](=[O:1])[O:3][H:10])([H:12])[H:13])([H:14])[H:15])[H:17],,
2,-0.6638999311983314,RESP2,hf/6-31g*,1.0,0.4,O,hf,3,[H:16][C:7]1([C:6]([C:5]([C:4]([C:9]([C:8]1([H:18])[H:19])([H:20])[H:21])([H:11])[C:2](=[O:1])[O:3][H:10])([H:12])[H:13])([H:14])[H:15])[H:17],,
3,0.026963747838254067,RESP2,hf/6-31g*,1.0,0.4,C,hf,4,[H:16][C:7]1([C:6]([C:5]([C:4]([C:9]([C:8]1([H:18])[H:19])([H:20])[H:21])([H:11])[C:2](=[O:1])[O:3][H:10])([H:12])[H:13])([H:14])[H:15])[H:17],,
4,-0.013836896938090293,RESP2,hf/6-31g*,1.0,0.4,C,hf,5,[H:16][C:7]1([C:6]([C:5]([C:4]([C:9]([C:8]1([H:18])[H:19])([H:20])[H:21])([H:11])[C:2](=[O:1])[O:3][H:10])([H:12])[H:13])([H:14])[H:15])[H:17],,
5,0.015095305243145387,RESP2,hf/6-31g*,1.0,0.4,C,hf,6,[H:16][C:7]1([C:6]([C:5]([C:4]([C:9]([C:8]1([H:18])[H:19])([H:20])[H:21])([H:11])[C:2](=[O:1])[O:3][H:10])([H:12])[H:13])([H:14])[H:15])[H:17],,
6,0.009184891891467309,RESP2,hf/6-31g*,1.0,0.4,C,hf,7,[H:16][C:7]1([C:6]([C:5]([C:4]([C:9]([C:8]1([H:18])[H:19])([H:20])[H:21])([H:11])[C:2](=[O:1])[O:3][H:10])([H:12])[H:13])([H:14])[H:15])[H:17],,
7,0.03328081340514426,RESP2,hf/6-31g*,1.0,0.4,C,hf,8,[H:16][C:7]1([C:6]([C:5]([C:4]([C:9]([C:8]1([H:18])[H:19])([H:20])[H:21])([H:11])[C:2](=[O:1])[O:3][H:10])([H:12])[H:13])([H:14])[H:15])[H:17],,
8,-0.0030724133012853686,RESP2,hf/6-31g*,1.0,0.4,C,hf,9,[H:16][C:7]1([C:6]([C:5]([C:4]([C:9]([C:8]1([H:18])[H:19])([H:20])[H:21])([H:11])[C:2](=[O:1])[O:3][H:10])([H:12])[H:13])([H:14])[H:15])[H:17],,
9,0.46964968426318715,RESP2,hf/6-31g*,1.0,0.4,H,hf,10,[H:16][C:7]1([C:6]([C:5]([C:4]([C:9]([C:8]1([H:18])[H:19])([H:20])[H:21])([H:11])[C:2](=[O:1])[O:3][H:10])([H:12])[H:13])([H:14])[H:15])[H:17],,
10,0.015500338236473525,RESP2,hf/6-31g*,1.0,0.4,H,hf,11,[H:16][C:7]1([C:6]([C:5]([C:4]([C:9]([C:8]1([H:18])[H:19])([H:20])[H:21])([H:11])[C:2](=[O:1])[O:3][H:10])([H:12])[H:13])([H:14])[H:15])[H:17],,
11,0.010826047640511148,RESP2,hf/6-31g*,1.0,0.4,H,hf,12,[H:16][C:7]1([C:6]([C:5]([C:4]([C:9]([C:8]1([H:18])[H:19])([H:20])[H:21])([H:11])[C:2](=[O:1])[O:3][H:10])([H:12])[H:13])([H:14])[H:15])[H:17],,
12,0.006957380196569213,RESP2,hf/6-31g*,1.0,0.4,H,hf,13,[H:16][C:7]1([C:6]([C:5]([C:4]([C:9]([C:8]1([H:18])[H:19])([H:20])[H:21])([H:11])[C:2](=[O:1])[O:3][H:10])([H:12])[H:13])([H:14])[H:15])[H:17],,
13,-0.000515475494748199,RESP2,hf/6-31g*,1.0,0.4,H,hf,14,[H:16][C:7]1([C:6]([C:5]([C:4]([C:9]([C:8]1([H:18])[H:19])([H:20])[H:21])([H:11])[C:2](=[O:1])[O:3][H:10])([H:12])[H:13])([H:14])[H:15])[H:17],,
14,-0.0013122530342335255,RESP2,hf/6-31g*,1.0,0.4,H,hf,15,[H:16][C:7]1([C:6]([C:5]([C:4]([C:9]([C:8]1([H:18])[H:19])([H:20])[H:21])([H:11])[C:2](=[O:1])[O:3][H:10])([H:12])[H:13])([H:14])[H:15])[H:17],,
15,-0.005760053260164211,RESP2,hf/6-31g*,1.0,0.4,H,hf,16,[H:16][C:7]1([C:6]([C:5]([C:4]([C:9]([C:8]1([H:18])[H:19])([H:20])[H:21])([H:11])[C:2](=[O:1])[O:3][H:10])([H:12])[H:13])([H:14])[H:15])[H:17],,
16,-0.0013042717457529274,RESP2,hf/6-31g*,1.0,0.4,H,hf,17,[H:16][C:7]1([C:6]([C:5]([C:4]([C:9]([C:8]1([H:18])[H:19])([H:20])[H:21])([H:11])[C:2](=[O:1])[O:3][H:10])([H:12])[H:13])([H:14])[H:15])[H:17],,
17,-0.006662459671673887,RESP2,hf/6-31g*,1.0,0.4,H,hf,18,[H:16][C:7]1([C:6]([C:5]([C:4]([C:9]([C:8]1([H:18])[H:19])([H:20])[H:21])([H:11])[C:2](=[O:1])[O:3][H:10])([H:12])[H:13])([H:14])[H:15])[H:17],,
18,-0.00989067205192999,RESP2,hf/6-31g*,1.0,0.4,H,hf,19,[H:16][C:7]1([C:6]([C:5]([C:4]([C:9]([C:8]1([H:18])[H:19])([H:20])[H:21])([H:11])[C:2](=[O:1])[O:3][H:10])([H:12])[H:13])([H:14])[H:15])[H:17],,
19,0.004521293264642928,RESP2,hf/6-31g*,1.0,0.4,H,hf,20,[H:16][C:7]1([C:6]([C:5]([C:4]([C:9]([C:8]1([H:18])[H:19])([H:20])[H:21])([H:11])[C:2](=[O:1])[O:3][H:10])([H:12])[H:13])([H:14])[H:15])[H:17],,
20,0.006366173239458171,RESP2,hf/6-31g*,1.0,0.4,H,hf,21,[H:16][C:7]1([C:6]([C:5]([C:4]([C:9]([C:8]1([H:18])[H:19])([H:20])[H:21])([H:11])[C:2](=[O:1])[O:3][H:10])([H:12])[H:13])([H:14])[H:15])[H:17],,
0,-0.6235742477240895,RESP2,hf/6-31g*,1.0,0.45,O,hf,1,[H:16][C:7]1([C:6]([C:5]([C:4]([C:9]([C:8]1([H:18])[H:19])([H:20])[H:21])([H:11])[C:2](=[O:1])[O:3][H:10])([H:12])[H:13])([H:14])[H:15])[H:17],,
1,0.7306489165494268,RESP2,hf/6-31g*,1.0,0.45,C,hf,2,[H:16][C:7]1([C:6]([C:5]([C:4]([C:9]([C:8]1([H:18])[H:19])([H:20])[H:21])([H:11])[C:2](=[O:1])[O:3][H:10])([H:12])[H:13])([H:14])[H:15])[H:17],,
2,-0.6653502212173174,RESP2,hf/6-31g*,1.0,0.45,O,hf,3,[H:16][C:7]1([C:6]([C:5]([C:4]([C:9]([C:8]1([H:18])[H:19])([H:20])[H:21])([H:11])[C:2](=[O:1])[O:3][H:10])([H:12])[H:13])([H:14])[H:15])[H:17],,
3,0.024879762784174583,RESP2,hf/6-31g*,1.0,0.45,C,hf,4,[H:16][C:7]1([C:6]([C:5]([C:4]([C:9]([C:8]1([H:18])[H:19])([H:20])[H:21])([H:11])[C:2](=[O:1])[O:3][H:10])([H:12])[H:13])([H:14])[H:15])[H:17],,
4,-0.013432533434204665,RESP2,hf/6-31g*,1.0,0.45,C,hf,5,[H:16][C:7]1([C:6]([C:5]([C:4]([C:9]([C:8]1([H:18])[H:19])([H:20])[H:21])([H:11])[C:2](=[O:1])[O:3][H:10])([H:12])[H:13])([H:14])[H:15])[H:17],,
5,0.015235865076737307,RESP2,hf/6-31g*,1.0,0.45,C,hf,6,[H:16][C:7]1([C:6]([C:5]([C:4]([C:9]([C:8]1([H:18])[H:19])([H:20])[H:21])([H:11])[C:2](=[O:1])[O:3][H:10])([H:12])[H:13])([H:14])[H:15])[H:17],,
6,0.01162965260113443,RESP2,hf/6-31g*,1.0,0.45,C,hf,7,[H:16][C:7]1([C:6]([C:5]([C:4]([C:9]([C:8]1([H:18])[H:19])([H:20])[H:21])([H:11])[C:2](=[O:1])[O:3][H:10])([H:12])[H:13])([H:14])[H:15])[H:17],,
7,0.031330103405404576,RESP2,hf/6-31g*,1.0,0.45,C,hf,8,[H:16][C:7]1([C:6]([C:5]([C:4]([C:9]([C:8]1([H:18])[H:19])([H:20])[H:21])([H:11])[C:2](=[O:1])[O:3][H:10])([H:12])[H:13])([H:14])[H:15])[H:17],,
8,-0.0018648883929559882,RESP2,hf/6-31g*,1.0,0.45,C,hf,9,[H:16][C:7]1([C:6]([C:5]([C:4]([C:9]([C:8]1([H:18])[H:19])([H:20])[H:21])([H:11])[C:2](=[O:1])[O:3][H:10])([H:12])[H:13])([H:14])[H:15])[H:17],,
9,0.4714109028979389,RESP2,hf/6-31g*,1.0,0.45,H,hf,10,[H:16][C:7]1([C:6]([C:5]([C:4]([C:9]([C:8]1([H:18])[H:19])([H:20])[H:21])([H:11])[C:2](=[O:1])[O:3][H:10])([H:12])[H:13])([H:14])[H:15])[H:17],,
10,0.016725054237197733,RESP2,hf/6-31g*,1.0,0.45,H,hf,11,[H:16][C:7]1([C:6]([C:5]([C:4]([C:9]([C:8]1([H:18])[H:19])([H:20])[H:21])([H:11])[C:2](=[O:1])[O:3][H:10])([H:12])[H:13])([H:14])[H:15])[H:17],,
11,0.010699201648903842,RESP2,hf/6-31g*,1.0,0.45,H,hf,12,[H:16][C:7]1([C:6]([C:5]([C:4]([C:9]([C:8]1([H:18])[H:19])([H:20])[H:21])([H:11])[C:2](=[O:1])[O:3][H:10])([H:12])[H:13])([H:14])[H:15])[H:17],,
12,0.0072229319905048215,RESP2,hf/6-31g*,1.0,0.45,H,hf,13,[H:16][C:7]1([C:6]([C:5]([C:4]([C:9]([C:8]1([H:18])[H:19])([H:20])[H:21])([H:11])[C:2](=[O:1])[O:3][H:10])([H:12])[H:13])([H:14])[H:15])[H:17],,
13,-0.0006800440189865917,RESP2,hf/6-31g*,1.0,0.45,H,hf,14,[H:16][C:7]1([C:6]([C:5]([C:4]([C:9]([C:8]1([H:18])[H:19])([H:20])[H:21])([H:11])[C:2](=[O:1])[O:3][H:10])([H:12])[H:13])([H:14])[H:15])[H:17],,
14,-0.0015749668200437542,RESP2,hf/6-31g*,1.0,0.45,H,hf,15,[H:16][C:7]1([C:6]([C:5]([C:4]([C:9]([C:8]1([H:18])[H:19])([H:20])[H:21])([H:11])[C:2](=[O:1])[O:3][H:10])([H:12])[H:13])([H:14])[H:15])[H:17],,
15,-0.006364327343412332,RESP2,hf/6-31g*,1.0,0.45,H,hf,16,[H:16][C:7]1([C:6]([C:5]([C:4]([C:9]([C:8]1([H:18])[H:19])([H:20])[H:21])([H:11])[C:2](=[O:1])[O:3][H:10])([H:12])[H:13])([H:14])[H:15])[H:17],,
16,-0.0019258373898806836,RESP2,hf/6-31g*,1.0,0.45,H,hf,17,[H:16][C:7]1([C:6]([C:5]([C:4]([C:9]([C:8]1([H:18])[H:19])([H:20])[H:21])([H:11])[C:2](=[O:1])[O:3][H:10])([H:12])[H:13])([H:14])[H:15])[H:17],,
17,-0.0061713731688074445,RESP2,hf/6-31g*,1.0,0.45,H,hf,18,[H:16][C:7]1([C:6]([C:5]([C:4]([C:9]([C:8]1([H:18])[H:19])([H:20])[H:21])([H:11])[C:2](=[O:1])[O:3][H:10])([H:12])[H:13])([H:14])[H:15])[H:17],,
18,-0.009430238717266793,RESP2,hf/6-31g*,1.0,0.45,H,hf,19,[H:16][C:7]1([C:6]([C:5]([C:4]([C:9]([C:8]1([H:18])[H:19])([H:20])[H:21])([H:11])[C:2](=[O:1])[O:3][H:10])([H:12])[H:13])([H:14])[H:15])[H:17],,
19,0.004293141807832843,RESP2,hf/6-31g*,1.0,0.45,H,hf,20,[H:16][C:7]1([C:6]([C:5]([C:4]([C:9]([C:8]1([H:18])[H:19])([H:20])[H:21])([H:11])[C:2](=[O:1])[O:3][H:10])([H:12])[H:13])([H:14])[H:15])[H:17],,
20,0.006293145227709541,RESP2,hf/6-31g*,1.0,0.45,H,hf,21,[H:16][C:7]1([C:6]([C:5]([C:4]([C:9]([C:8]1([H:18])[H:19])([H:20])[H:21])([H:11])[C:2](=[O:1])[O:3][H:10])([H:12])[H:13])([H:14])[H:15])[H:17],,
0,-0.6270666479314992,RESP2,hf/6-31g*,1.0,0.5,O,hf,1,[H:16][C:7]1([C:6]([C:5]([C:4]([C:9]([C:8]1([H:18])[H:19])([H:20])[H:21])([H:11])[C:2](=[O:1])[O:3][H:10])([H:12])[H:13])([H:14])[H:15])[H:17],,
1,0.7333072341048168,RESP2,hf/6-31g*,1.0,0.5,C,hf,2,[H:16][C:7]1([C:6]([C:5]([C:4]([C:9]([C:8]1([H:18])[H:19])([H:20])[H:21])([H:11])[C:2](=[O:1])[O:3][H:10])([H:12])[H:13])([H:14])[H:15])[H:17],,
2,-0.6668005112363034,RESP2,hf/6-31g*,1.0,0.5,O,hf,3,[H:16][C:7]1([C:6]([C:5]([C:4]([C:9]([C:8]1([H:18])[H:19])([H:20])[H:21])([H:11])[C:2](=[O:1])[O:3][H:10])([H:12])[H:13])([H:14])[H:15])[H:17],,
3,0.022795777730095078,RESP2,hf/6-31g*,1.0,0.5,C,hf,4,[H:16][C:7]1([C:6]([C:5]([C:4]([C:9]([C:8]1([H:18])[H:19])([H:20])[H:21])([H:11])[C:2](=[O:1])[O:3][H:10])([H:12])[H:13])([H:14])[H:15])[H:17],,
4,-0.01302816993031905,RESP2,hf/6-31g*,1.0,0.5,C,hf,5,[H:16][C:7]1([C:6]([C:5]([C:4]([C:9]([C:8]1([H:18])[H:19])([H:20])[H:21])([H:11])[C:2](=[O:1])[O:3][H:10])([H:12])[H:13])([H:14])[H:15])[H:17],,
5,0.015376424910329213,RESP2,hf/6-31g*,1.0,0.5,C,hf,6,[H:16][C:7]1([C:6]([C:5]([C:4]([C:9]([C:8]1([H:18])[H:19])([H:20])[H:21])([H:11])[C:2](=[O:1])[O:3][H:10])([H:12])[H:13])([H:14])[H:15])[H:17],,
6,0.014074413310801538,RESP2,hf/6-31g*,1.0,0.5,C,hf,7,[H:16][C:7]1([C:6]([C:5]([C:4]([C:9]([C:8]1([H:18])[H:19])([H:20])[H:21])([H:11])[C:2](=[O:1])[O:3][H:10])([H:12])[H:13])([H:14])[H:15])[H:17],,
7,0.029379393405664873,RESP2,hf/6-31g*,1.0,0.5,C,hf,8,[H:16][C:7]1([C:6]([C:5]([C:4]([C:9]([C:8]1([H:18])[H:19])([H:20])[H:21])([H:11])[C:2](=[O:1])[O:3][H:10])([H:12])[H:13])([H:14])[H:15])[H:17],,
8,-0.0006573634846266162,RESP2,hf/6-31g*,1.0,0.5,C,hf,9,[H:16][C:7]1([C:6]([C:5]([C:4]([C:9]([C:8]1([H:18])[H:19])([H:20])[H:21])([H:11])[C:2](=[O:1])[O:3][H:10])([H:12])[H:13])([H:14])[H:15])[H:17],,
9,0.47317212153269056,RESP2,hf/6-31g*,1.0,0.5,H,hf,10,[H:16][C:7]1([C:6]([C:5]([C:4]([C:9]([C:8]1([H:18])[H:19])([H:20])[H:21])([H:11])[C:2](=[O:1])[O:3][H:10])([H:12])[H:13])([H:14])[H:15])[H:17],,
10,0.01794977023792193,RESP2,hf/6-31g*,1.0,0.5,H,hf,11,[H:16][C:7]1([C:6]([C:5]([C:4]([C:9]([C:8]1([H:18])[H:19])([H:20])[H:21])([H:11])[C:2](=[O:1])[O:3][H:10])([H:12])[H:13])([H:14])[H:15])[H:17],,
11,0.010572355657296521,RESP2,hf/6-31g*,1.0,0.5,H,hf,12,[H:16][C:7]1([C:6]([C:5]([C:4]([C:9]([C:8]1([H:18])[H:19])([H:20])[H:21])([H:11])[C:2](=[O:1])[O:3][H:10])([H:12])[H:13])([H:14])[H:15])[H:17],,
12,0.007488483784440419,RESP2,hf/6-31g*,1.0,0.5,H,hf,13,[H:16][C:7]1([C:6]([C:5]([C:4]([C:9]([C:8]1([H:18])[H:19])([H:20])[H:21])([H:11])[C:2](=[O:1])[O:3][H:10])([H:12])[H:13])([H:14])[H:15])[H:17],,
13,-0.0008446125432249945,RESP2,hf/6-31g*,1.0,0.5,H,hf,14,[H:16][C:7]1([C:6]([C:5]([C:4]([C:9]([C:8]1([H:18])[H:19])([H:20])[H:21])([H:11])[C:2](=[O:1])[O:3][H:10])([H:12])[H:13])([H:14])[H:15])[H:17],,
14,-0.0018376806058539926,RESP2,hf/6-31g*,1.0,0.5,H,hf,15,[H:16][C:7]1([C:6]([C:5]([C:4]([C:9]([C:8]1([H:18])[H:19])([H:20])[H:21])([H:11])[C:2](=[O:1])[O:3][H:10])([H:12])[H:13])([H:14])[H:15])[H:17],,
15,-0.006968601426660463,RESP2,hf/6-31g*,1.0,0.5,H,hf,16,[H:16][C:7]1([C:6]([C:5]([C:4]([C:9]([C:8]1([H:18])[H:19])([H:20])[H:21])([H:11])[C:2](=[O:1])[O:3][H:10])([H:12])[H:13])([H:14])[H:15])[H:17],,
16,-0.0025474030340084507,RESP2,hf/6-31g*,1.0,0.5,H,hf,17,[H:16][C:7]1([C:6]([C:5]([C:4]([C:9]([C:8]1([H:18])[H:19])([H:20])[H:21])([H:11])[C:2](=[O:1])[O:3][H:10])([H:12])[H:13])([H:14])[H:15])[H:17],,
17,-0.005680286665941011,RESP2,hf/6-31g*,1.0,0.5,H,hf,18,[H:16][C:7]1([C:6]([C:5]([C:4]([C:9]([C:8]1([H:18])[H:19])([H:20])[H:21])([H:11])[C:2](=[O:1])[O:3][H:10])([H:12])[H:13])([H:14])[H:15])[H:17],,
18,-0.008969805382603606,RESP2,hf/6-31g*,1.0,0.5,H,hf,19,[H:16][C:7]1([C:6]([C:5]([C:4]([C:9]([C:8]1([H:18])[H:19])([H:20])[H:21])([H:11])[C:2](=[O:1])[O:3][H:10])([H:12])[H:13])([H:14])[H:15])[H:17],,
19,0.0040649903510227466,RESP2,hf/6-31g*,1.0,0.5,H,hf,20,[H:16][C:7]1([C:6]([C:5]([C:4]([C:9]([C:8]1([H:18])[H:19])([H:20])[H:21])([H:11])[C:2](=[O:1])[O:3][H:10])([H:12])[H:13])([H:14])[H:15])[H:17],,
20,0.0062201172159609,RESP2,hf/6-31g*,1.0,0.5,H,hf,21,[H:16][C:7]1([C:6]([C:5]([C:4]([C:9]([C:8]1([H:18])[H:19])([H:20])[H:21])([H:11])[C:2](=[O:1])[O:3][H:10])([H:12])[H:13])([H:14])[H:15])[H:17],,
0,-0.630559048138909,RESP2,hf/6-31g*,1.0,0.55,O,hf,1,[H:16][C:7]1([C:6]([C:5]([C:4]([C:9]([C:8]1([H:18])[H:19])([H:20])[H:21])([H:11])[C:2](=[O:1])[O:3][H:10])([H:12])[H:13])([H:14])[H:15])[H:17],,
1,0.735965551660207,RESP2,hf/6-31g*,1.0,0.55,C,hf,2,[H:16][C:7]1([C:6]([C:5]([C:4]([C:9]([C:8]1([H:18])[H:19])([H:20])[H:21])([H:11])[C:2](=[O:1])[O:3][H:10])([H:12])[H:13])([H:14])[H:15])[H:17],,
2,-0.6682508012552892,RESP2,hf/6-31g*,1.0,0.55,O,hf,3,[H:16][C:7]1([C:6]([C:5]([C:4]([C:9]([C:8]1([H:18])[H:19])([H:20])[H:21])([H:11])[C:2](=[O:1])[O:3][H:10])([H:12])[H:13])([H:14])[H:15])[H:17],,
3,0.020711792676015577,RESP2,hf/6-31g*,1.0,0.55,C,hf,4,[H:16][C:7]1([C:6]([C:5]([C:4]([C:9]([C:8]1([H:18])[H:19])([H:20])[H:21])([H:11])[C:2](=[O:1])[O:3][H:10])([H:12])[H:13])([H:14])[H:15])[H:17],,
4,-0.012623806426433432,RESP2,hf/6-31g*,1.0,0.55,C,hf,5,[H:16][C:7]1([C:6]([C:5]([C:4]([C:9]([C:8]1([H:18])[H:19])([H:20])[H:21])([H:11])[C:2](=[O:1])[O:3][H:10])([H:12])[H:13])([H:14])[H:15])[H:17],,
5,0.01551698474392112,RESP2,hf/6-31g*,1.0,0.55,C,hf,6,[H:16][C:7]1([C:6]([C:5]([C:4]([C:9]([C:8]1([H:18])[H:19])([H:20])[H:21])([H:11])[C:2](=[O:1])[O:3][H:10])([H:12])[H:13])([H:14])[H:15])[H:17],,
6,0.016519174020468652,RESP2,hf/6-31g*,1.0,0.55,C,hf,7,[H:16][C:7]1([C:6]([C:5]([C:4]([C:9]([C:8]1([H:18])[H:19])([H:20])[H:21])([H:11])[C:2](=[O:1])[O:3][H:10])([H:12])[H:13])([H:14])[H:15])[H:17],,
7,0.027428683405925178,RESP2,hf/6-31g*,1.0,0.55,C,hf,8,[H:16][C:7]1([C:6]([C:5]([C:4]([C:9]([C:8]1([H:18])[H:19])([H:20])[H:21])([H:11])[C:2](=[O:1])[O:3][H:10])([H:12])[H:13])([H:14])[H:15])[H:17],,
8,0.0005501614237027565,RESP2,hf/6-31g*,1.0,0.55,C,hf,9,[H:16][C:7]1([C:6]([C:5]([C:4]([C:9]([C:8]1([H:18])[H:19])([H:20])[H:21])([H:11])[C:2](=[O:1])[O:3][H:10])([H:12])[H:13])([H:14])[H:15])[H:17],,
9,0.4749333401674423,RESP2,hf/6-31g*,1.0,0.55,H,hf,10,[H:16][C:7]1([C:6]([C:5]([C:4]([C:9]([C:8]1([H:18])[H:19])([H:20])[H:21])([H:11])[C:2](=[O:1])[O:3][H:10])([H:12])[H:13])([H:14])[H:15])[H:17],,
10,0.019174486238646128,RESP2,hf/6-31g*,1.0,0.55,H,hf,11,[H:16][C:7]1([C:6]([C:5]([C:4]([C:9]([C:8]1([H:18])[H:19])([H:20])[H:21])([H:11])[C:2](=[O:1])[O:3][H:10])([H:12])[H:13])([H:14])[H:15])[H:17],,
11,0.010445509665689204,RESP2,hf/6-31g*,1.0,0.55,H,hf,12,[H:16][C:7]1([C:6]([C:5]([C:4]([C:9]([C:8]1([H:18])[H:19])([H:20])[H:21])([H:11])[C:2](=[O:1])[O:3][H:10])([H:12])[H:13])([H:14])[H:15])[H:17],,
12,0.007754035578376016,RESP2,hf/6-31g*,1.0,0.55,H,hf,13,[H:16][C:7]1([C:6]([C:5]([C:4]([C:9]([C:8]1([H:18])[H:19])([H:20])[H:21])([H:11])[C:2](=[O:1])[O:3][H:10])([H:12])[H:13])([H:14])[H:15])[H:17],,
13,-0.0010091810674633978,RESP2,hf/6-31g*,1.0,0.55,H,hf,14,[H:16][C:7]1([C:6]([C:5]([C:4]([C:9]([C:8]1([H:18])[H:19])([H:20])[H:21])([H:11])[C:2](=[O:1])[O:3][H:10])([H:12])[H:13])([H:14])[H:15])[H:17],,
14,-0.0021003943916642316,RESP2,hf/6-31g*,1.0,0.55,H,hf,15,[H:16][C:7]1([C:6]([C:5]([C:4]([C:9]([C:8]1([H:18])[H:19])([H:20])[H:21])([H:11])[C:2](=[O:1])[O:3][H:10])([H:12])[H:13])([H:14])[H:15])[H:17],,
15,-0.007572875509908595,RESP2,hf/6-31g*,1.0,0.55,H,hf,16,[H:16][C:7]1([C:6]([C:5]([C:4]([C:9]([C:8]1([H:18])[H:19])([H:20])[H:21])([H:11])[C:2](=[O:1])[O:3][H:10])([H:12])[H:13])([H:14])[H:15])[H:17],,
16,-0.0031689686781362185,RESP2,hf/6-31g*,1.0,0.55,H,hf,17,[H:16][C:7]1([C:6]([C:5]([C:4]([C:9]([C:8]1([H:18])[H:19])([H:20])[H:21])([H:11])[C:2](=[O:1])[O:3][H:10])([H:12])[H:13])([H:14])[H:15])[H:17],,
17,-0.005189200163074578,RESP2,hf/6-31g*,1.0,0.55,H,hf,18,[H:16][C:7]1([C:6]([C:5]([C:4]([C:9]([C:8]1([H:18])[H:19])([H:20])[H:21])([H:11])[C:2](=[O:1])[O:3][H:10])([H:12])[H:13])([H:14])[H:15])[H:17],,
18,-0.008509372047940417,RESP2,hf/6-31g*,1.0,0.55,H,hf,19,[H:16][C:7]1([C:6]([C:5]([C:4]([C:9]([C:8]1([H:18])[H:19])([H:20])[H:21])([H:11])[C:2](=[O:1])[O:3][H:10])([H:12])[H:13])([H:14])[H:15])[H:17],,
19,0.0038368388942126496,RESP2,hf/6-31g*,1.0,0.55,H,hf,20,[H:16][C:7]1([C:6]([C:5]([C:4]([C:9]([C:8]1([H:18])[H:19])([H:20])[H:21])([H:11])[C:2](=[O:1])[O:3][H:10])([H:12])[H:13])([H:14])[H:15])[H:17],,
20,0.006147089204212259,RESP2,hf/6-31g*,1.0,0.55,H,hf,21,[H:16][C:7]1([C:6]([C:5]([C:4]([C:9]([C:8]1([H:18])[H:19])([H:20])[H:21])([H:11])[C:2](=[O:1])[O:3][H:10])([H:12])[H:13])([H:14])[H:15])[H:17],,
0,-0.6340514483463187,RESP2,hf/6-31g*,1.0,0.6000000000000001,O,hf,1,[H:16][C:7]1([C:6]([C:5]([C:4]([C:9]([C:8]1([H:18])[H:19])([H:20])[H:21])([H:11])[C:2](=[O:1])[O:3][H:10])([H:12])[H:13])([H:14])[H:15])[H:17],,
1,0.7386238692155972,RESP2,hf/6-31g*,1.0,0.6000000000000001,C,hf,2,[H:16][C:7]1([C:6]([C:5]([C:4]([C:9]([C:8]1([H:18])[H:19])([H:20])[H:21])([H:11])[C:2](=[O:1])[O:3][H:10])([H:12])[H:13])([H:14])[H:15])[H:17],,
2,-0.6697010912742751,RESP2,hf/6-31g*,1.0,0.6000000000000001,O,hf,3,[H:16][C:7]1([C:6]([C:5]([C:4]([C:9]([C:8]1([H:18])[H:19])([H:20])[H:21])([H:11])[C:2](=[O:1])[O:3][H:10])([H:12])[H:13])([H:14])[H:15])[H:17],,
3,0.018627807621936075,RESP2,hf/6-31g*,1.0,0.6000000000000001,C,hf,4,[H:16][C:7]1([C:6]([C:5]([C:4]([C:9]([C:8]1([H:18])[H:19])([H:20])[H:21])([H:11])[C:2](=[O:1])[O:3][H:10])([H:12])[H:13])([H:14])[H:15])[H:17],,
4,-0.01221944292254781,RESP2,hf/6-31g*,1.0,0.6000000000000001,C,hf,5,[H:16][C:7]1([C:6]([C:5]([C:4]([C:9]([C:8]1([H:18])[H:19])([H:20])[H:21])([H:11])[C:2](=[O:1])[O:3][H:10])([H:12])[H:13])([H:14])[H:15])[H:17],,
5,0.015657544577513033,RESP2,hf/6-31g*,1.0,0.6000000000000001,C,hf,6,[H:16][C:7]1([C:6]([C:5]([C:4]([C:9]([C:8]1([H:18])[H:19])([H:20])[H:21])([H:11])[C:2](=[O:1])[O:3][H:10])([H:12])[H:13])([H:14])[H:15])[H:17],,
6,0.01896393473013577,RESP2,hf/6-31g*,1.0,0.6000000000000001,C,hf,7,[H:16][C:7]1([C:6]([C:5]([C:4]([C:9]([C:8]1([H:18])[H:19])([H:20])[H:21])([H:11])[C:2](=[O:1])[O:3][H:10])([H:12])[H:13])([H:14])[H:15])[H:17],,
7,0.025477973406185482,RESP2,hf/6-31g*,1.0,0.6000000000000001,C,hf,8,[H:16][C:7]1([C:6]([C:5]([C:4]([C:9]([C:8]1([H:18])[H:19])([H:20])[H:21])([H:11])[C:2](=[O:1])[O:3][H:10])([H:12])[H:13])([H:14])[H:15])[H:17],,
8,0.0017576863320321345,RESP2,hf/6-31g*,1.0,0.6000000000000001,C,hf,9,[H:16][C:7]1([C:6]([C:5]([C:4]([C:9]([C:8]1([H:18])[H:19])([H:20])[H:21])([H:11])[C:2](=[O:1])[O:3][H:10])([H:12])[H:13])([H:14])[H:15])[H:17],,
9,0.4766945588021941,RESP2,hf/6-31g*,1.0,0.6000000000000001,H,hf,10,[H:16][C:7]1([C:6]([C:5]([C:4]([C:9]([C:8]1([H:18])[H:19])([H:20])[H:21])([H:11])[C:2](=[O:1])[O:3][H:10])([H:12])[H:13])([H:14])[H:15])[H:17],,
10,0.02039920223937033,RESP2,hf/6-31g*,1.0,0.6000000000000001,H,hf,11,[H:16][C:7]1([C:6]([C:5]([C:4]([C:9]([C:8]1([H:18])[H:19])([H:20])[H:21])([H:11])[C:2](=[O:1])[O:3][H:10])([H:12])[H:13])([H:14])[H:15])[H:17],,
11,0.010318663674081891,RESP2,hf/6-31g*,1.0,0.6000000000000001,H,hf,12,[H:16][C:7]1([C:6]([C:5]([C:4]([C:9]([C:8]1([H:18])[H:19])([H:20])[H:21])([H:11])[C:2](=[O:1])[O:3][H:10])([H:12])[H:13])([H:14])[H:15])[H:17],,
12,0.008019587372311619,RESP2,hf/6-31g*,1.0,0.6000000000000001,H,hf,13,[H:16][C:7]1([C:6]([C:5]([C:4]([C:9]([C:8]1([H:18])[H:19])([H:20])[H:21])([H:11])[C:2](=[O:1])[O:3][H:10])([H:12])[H:13])([H:14])[H:15])[H:17],,
13,-0.0011737495917017956,RESP2,hf/6-31g*,1.0,0.6000000000000001,H,hf,14,[H:16][C:7]1([C:6]([C:5]([C:4]([C:9]([C:8]1([H:18])[H:19])([H:20])[H:21])([H:11])[C:2](=[O:1])[O:3][H:10])([H:12])[H:13])([H:14])[H:15])[H:17],,
14,-0.0023631081774744653,RESP2,hf/6-31g*,1.0,0.6000000000000001,H,hf,15,[H:16][C:7]1([C:6]([C:5]([C:4]([C:9]([C:8]1([H:18])[H:19])([H:20])[H:21])([H:11])[C:2](=[O:1])[O:3][H:10])([H:12])[H:13])([H:14])[H:15])[H:17],,
15,-0.008177149593156722,RESP2,hf/6-31g*,1.0,0.6000000000000001,H,hf,16,[H:16][C:7]1([C:6]([C:5]([C:4]([C:9]([C:8]1([H:18])[H:19])([H:20])[H:21])([H:11])[C:2](=[O:1])[O:3][H:10])([H:12])[H:13])([H:14])[H:15])[H:17],,
16,-0.0037905343222639815,RESP2,hf/6-31g*,1.0,0.6000000000000001,H,hf,17,[H:16][C:7]1([C:6]([C:5]([C:4]([C:9]([C:8]1([H:18])[H:19])([H:20])[H:21])([H:11])[C:2](=[O:1])[O:3][H:10])([H:12])[H:13])([H:14])[H:15])[H:17],,
17,-0.004698113660208139,RESP2,hf/6-31g*,1.0,0.6000000000000001,H,hf,18,[H:16][C:7]1([C:6]([C:5]([C:4]([C:9]([C:8]1([H:18])[H:19])([H:20])[H:21])([H:11])[C:2](=[O:1])[O:3][H:10])([H:12])[H:13])([H:14])[H:15])[H:17],,
18,-0.008048938713277224,RESP2,hf/6-31g*,1.0,0.6000000000000001,H,hf,19,[H:16][C:7]1([C:6]([C:5]([C:4]([C:9]([C:8]1([H:18])[H:19])([H:20])[H:21])([H:11])[C:2](=[O:1])[O:3][H:10])([H:12])[H:13])([H:14])[H:15])[H:17],,
19,0.003608687437402559,RESP2,hf/6-31g*,1.0,0.6000000000000001,H,hf,20,[H:16][C:7]1([C:6]([C:5]([C:4]([C:9]([C:8]1([H:18])[H:19])([H:20])[H:21])([H:11])[C:2](=[O:1])[O:3][H:10])([H:12])[H:13])([H:14])[H:15])[H:17],,
20,0.0060740611924636236,RESP2,hf/6-31g*,1.0,0.6000000000000001,H,hf,21,[H:16][C:7]1([C:6]([C:5]([C:4]([C:9]([C:8]1([H:18])[H:19])([H:20])[H:21])([H:11])[C:2](=[O:1])[O:3][H:10])([H:12])[H:13])([H:14])[H:15])[H:17],,
0,-0.6375438485537284,RESP2,hf/6-31g*,1.0,0.65,O,hf,1,[H:16][C:7]1([C:6]([C:5]([C:4]([C:9]([C:8]1([H:18])[H:19])([H:20])[H:21])([H:11])[C:2](=[O:1])[O:3][H:10])([H:12])[H:13])([H:14])[H:15])[H:17],,
1,0.7412821867709875,RESP2,hf/6-31g*,1.0,0.65,C,hf,2,[H:16][C:7]1([C:6]([C:5]([C:4]([C:9]([C:8]1([H:18])[H:19])([H:20])[H:21])([H:11])[C:2](=[O:1])[O:3][H:10])([H:12])[H:13])([H:14])[H:15])[H:17],,
2,-0.6711513812932611,RESP2,hf/6-31g*,1.0,0.65,O,hf,3,[H:16][C:7]1([C:6]([C:5]([C:4]([C:9]([C:8]1([H:18])[H:19])([H:20])[H:21])([H:11])[C:2](=[O:1])[O:3][H:10])([H:12])[H:13])([H:14])[H:15])[H:17],,
3,0.016543822567856588,RESP2,hf/6-31g*,1.0,0.65,C,hf,4,[H:16][C:7]1([C:6]([C:5]([C:4]([C:9]([C:8]1([H:18])[H:19])([H:20])[H:21])([H:11])[C:2](=[O:1])[O:3][H:10])([H:12])[H:13])([H:14])[H:15])[H:17],,
4,-0.011815079418662187,RESP2,hf/6-31g*,1.0,0.65,C,hf,5,[H:16][C:7]1([C:6]([C:5]([C:4]([C:9]([C:8]1([H:18])[H:19])([H:20])[H:21])([H:11])[C:2](=[O:1])[O:3][H:10])([H:12])[H:13])([H:14])[H:15])[H:17],,
5,0.01579810441110495,RESP2,hf/6-31g*,1.0,0.65,C,hf,6,[H:16][C:7]1([C:6]([C:5]([C:4]([C:9]([C:8]1([H:18])[H:19])([H:20])[H:21])([H:11])[C:2](=[O:1])[O:3][H:10])([H:12])[H:13])([H:14])[H:15])[H:17],,
6,0.021408695439802884,RESP2,hf/6-31g*,1.0,0.65,C,hf,7,[H:16][C:7]1([C:6]([C:5]([C:4]([C:9]([C:8]1([H:18])[H:19])([H:20])[H:21])([H:11])[C:2](=[O:1])[O:3][H:10])([H:12])[H:13])([H:14])[H:15])[H:17],,
7,0.023527263406445797,RESP2,hf/6-31g*,1.0,0.65,C,hf,8,[H:16][C:7]1([C:6]([C:5]([C:4]([C:9]([C:8]1([H:18])[H:19])([H:20])[H:21])([H:11])[C:2](=[O:1])[O:3][H:10])([H:12])[H:13])([H:14])[H:15])[H:17],,
8,0.0029652112403615095,RESP2,hf/6-31g*,1.0,0.65,C,hf,9,[H:16][C:7]1([C:6]([C:5]([C:4]([C:9]([C:8]1([H:18])[H:19])([H:20])[H:21])([H:11])[C:2](=[O:1])[O:3][H:10])([H:12])[H:13])([H:14])[H:15])[H:17],,
9,0.4784557774369458,RESP2,hf/6-31g*,1.0,0.65,H,hf,10,[H:16][C:7]1([C:6]([C:5]([C:4]([C:9]([C:8]1([H:18])[H:19])([H:20])[H:21])([H:11])[C:2](=[O:1])[O:3][H:10])([H:12])[H:13])([H:14])[H:15])[H:17],,
10,0.021623918240094533,RESP2,hf/6-31g*,1.0,0.65,H,hf,11,[H:16][C:7]1([C:6]([C:5]([C:4]([C:9]([C:8]1([H:18])[H:19])([H:20])[H:21])([H:11])[C:2](=[O:1])[O:3][H:10])([H:12])[H:13])([H:14])[H:15])[H:17],,
11,0.01019181768247458,RESP2,hf/6-31g*,1.0,0.65,H,hf,12,[H:16][C:7]1([C:6]([C:5]([C:4]([C:9]([C:8]1([H:18])[H:19])([H:20])[H:21])([H:11])[C:2](=[O:1])[O:3][H:10])([H:12])[H:13])([H:14])[H:15])[H:17],,
12,0.008285139166247221,RESP2,hf/6-31g*,1.0,0.65,H,hf,13,[H:16][C:7]1([C:6]([C:5]([C:4]([C:9]([C:8]1([H:18])[H:19])([H:20])[H:21])([H:11])[C:2](=[O:1])[O:3][H:10])([H:12])[H:13])([H:14])[H:15])[H:17],,
13,-0.0013383181159401926,RESP2,hf/6-31g*,1.0,0.65,H,hf,14,[H:16][C:7]1([C:6]([C:5]([C:4]([C:9]([C:8]1([H:18])[H:19])([H:20])[H:21])([H:11])[C:2](=[O:1])[O:3][H:10])([H:12])[H:13])([H:14])[H:15])[H:17],,
14,-0.002625821963284698,RESP2,hf/6-31g*,1.0,0.65,H,hf,15,[H:16][C:7]1([C:6]([C:5]([C:4]([C:9]([C:8]1([H:18])[H:19])([H:20])[H:21])([H:11])[C:2](=[O:1])[O:3][H:10])([H:12])[H:13])([H:14])[H:15])[H:17],,
15,-0.008781423676404845,RESP2,hf/6-31g*,1.0,0.65,H,hf,16,[H:16][C:7]1([C:6]([C:5]([C:4]([C:9]([C:8]1([H:18])[H:19])([H:20])[H:21])([H:11])[C:2](=[O:1])[O:3][H:10])([H:12])[H:13])([H:14])[H:15])[H:17],,
16,-0.004412099966391743,RESP2,hf/6-31g*,1.0,0.65,H,hf,17,[H:16][C:7]1([C:6]([C:5]([C:4]([C:9]([C:8]1([H:18])[H:19])([H:20])[H:21])([H:11])[C:2](=[O:1])[O:3][H:10])([H:12])[H:13])([H:14])[H:15])[H:17],,
17,-0.0042070271573417025,RESP2,hf/6-31g*,1.0,0.65,H,hf,18,[H:16][C:7]1([C:6]([C:5]([C:4]([C:9]([C:8]1([H:18])[H:19])([H:20])[H:21])([H:11])[C:2](=[O:1])[O:3][H:10])([H:12])[H:13])([H:14])[H:15])[H:17],,
18,-0.007588505378614032,RESP2,hf/6-31g*,1.0,0.65,H,hf,19,[H:16][C:7]1([C:6]([C:5]([C:4]([C:9]([C:8]1([H:18])[H:19])([H:20])[H:21])([H:11])[C:2](=[O:1])[O:3][H:10])([H:12])[H:13])([H:14])[H:15])[H:17],,
19,0.0033805359805924684,RESP2,hf/6-31g*,1.0,0.65,H,hf,20,[H:16][C:7]1([C:6]([C:5]([C:4]([C:9]([C:8]1([H:18])[H:19])([H:20])[H:21])([H:11])[C:2](=[O:1])[O:3][H:10])([H:12])[H:13])([H:14])[H:15])[H:17],,
20,0.006001033180714987,RESP2,hf/6-31g*,1.0,0.65,H,hf,21,[H:16][C:7]1([C:6]([C:5]([C:4]([C:9]([C:8]1([H:18])[H:19])([H:20])[H:21])([H:11])[C:2](=[O:1])[O:3][H:10])([H:12])[H:13])([H:14])[H:15])[H:17],,
0,-0.6410362487611381,RESP2,hf/6-31g*,1.0,0.7000000000000001,O,hf,1,[H:16][C:7]1([C:6]([C:5]([C:4]([C:9]([C:8]1([H:18])[H:19])([H:20])[H:21])([H:11])[C:2](=[O:1])[O:3][H:10])([H:12])[H:13])([H:14])[H:15])[H:17],,
1,0.7439405043263776,RESP2,hf/6-31g*,1.0,0.7000000000000001,C,hf,2,[H:16][C:7]1([C:6]([C:5]([C:4]([C:9]([C:8]1([H:18])[H:19])([H:20])[H:21])([H:11])[C:2](=[O:1])[O:3][H:10])([H:12])[H:13])([H:14])[H:15])[H:17],,
2,-0.672601671312247,RESP2,hf/6-31g*,1.0,0.7000000000000001,O,hf,3,[H:16][C:7]1([C:6]([C:5]([C:4]([C:9]([C:8]1([H:18])[H:19])([H:20])[H:21])([H:11])[C:2](=[O:1])[O:3][H:10])([H:12])[H:13])([H:14])[H:15])[H:17],,
3,0.01445983751377709,RESP2,hf/6-31g*,1.0,0.7000000000000001,C,hf,4,[H:16][C:7]1([C:6]([C:5]([C:4]([C:9]([C:8]1([H:18])[H:19])([H:20])[H:21])([H:11])[C:2](=[O:1])[O:3][H:10])([H:12])[H:13])([H:14])[H:15])[H:17],,
4,-0.011410715914776564,RESP2,hf/6-31g*,1.0,0.7000000000000001,C,hf,5,[H:16][C:7]1([C:6]([C:5]([C:4]([C:9]([C:8]1([H:18])[H:19])([H:20])[H:21])([H:11])[C:2](=[O:1])[O:3][H:10])([H:12])[H:13])([H:14])[H:15])[H:17],,
5,0.015938664244696865,RESP2,hf/6-31g*,1.0,0.7000000000000001,C,hf,6,[H:16][C:7]1([C:6]([C:5]([C:4]([C:9]([C:8]1([H:18])[H:19])([H:20])[H:21])([H:11])[C:2](=[O:1])[O:3][H:10])([H:12])[H:13])([H:14])[H:15])[H:17],,
6,0.02385345614947,RESP2,hf/6-31g*,1.0,0.7000000000000001,C,hf,7,[H:16][C:7]1([C:6]([C:5]([C:4]([C:9]([C:8]1([H:18])[H:19])([H:20])[H:21])([H:11])[C:2](=[O:1])[O:3][H:10])([H:12])[H:13])([H:14])[H:15])[H:17],,
7,0.021576553406706105,RESP2,hf/6-31g*,1.0,0.7000000000000001,C,hf,8,[H:16][C:7]1([C:6]([C:5]([C:4]([C:9]([C:8]1([H:18])[H:19])([H:20])[H:21])([H:11])[C:2](=[O:1])[O:3][H:10])([H:12])[H:13])([H:14])[H:15])[H:17],,
8,0.004172736148690891,RESP2,hf/6-31g*,1.0,0.7000000000000001,C,hf,9,[H:16][C:7]1([C:6]([C:5]([C:4]([C:9]([C:8]1([H:18])[H:19])([H:20])[H:21])([H:11])[C:2](=[O:1])[O:3][H:10])([H:12])[H:13])([H:14])[H:15])[H:17],,
9,0.4802169960716975,RESP2,hf/6-31g*,1.0,0.7000000000000001,H,hf,10,[H:16][C:7]1([C:6]([C:5]([C:4]([C:9]([C:8]1([H:18])[H:19])([H:20])[H:21])([H:11])[C:2](=[O:1])[O:3][H:10])([H:12])[H:13])([H:14])[H:15])[H:17],,
10,0.022848634240818736,RESP2,hf/6-31g*,1.0,0.7000000000000001,H,hf,11,[H:16][C:7]1([C:6]([C:5]([C:4]([C:9]([C:8]1([H:18])[H:19])([H:20])[H:21])([H:11])[C:2](=[O:1])[O:3][H:10])([H:12])[H:13])([H:14])[H:15])[H:17],,
11,0.010064971690867267,RESP2,hf/6-31g*,1.0,0.7000000000000001,H,hf,12,[H:16][C:7]1([C:6]([C:5]([C:4]([C:9]([C:8]1([H:18])[H:19])([H:20])[H:21])([H:11])[C:2](=[O:1])[O:3][H:10])([H:12])[H:13])([H:14])[H:15])[H:17],,
12,0.008550690960182825,RESP2,hf/6-31g*,1.0,0.7000000000000001,H,hf,13,[H:16][C:7]1([C:6]([C:5]([C:4]([C:9]([C:8]1([H:18])[H:19])([H:20])[H:21])([H:11])[C:2](=[O:1])[O:3][H:10])([H:12])[H:13])([H:14])[H:15])[H:17],,
13,-0.0015028866401785878,RESP2,hf/6-31g*,1.0,0.7000000000000001,H,hf,14,[H:16][C:7]1([C:6]([C:5]([C:4]([C:9]([C:8]1([H:18])[H:19])([H:20])[H:21])([H:11])[C:2](=[O:1])[O:3][H:10])([H:12])[H:13])([H:14])[H:15])[H:17],,
14,-0.002888535749094929,RESP2,hf/6-31g*,1.0,0.7000000000000001,H,hf,15,[H:16][C:7]1([C:6]([C:5]([C:4]([C:9]([C:8]1([H:18])[H:19])([H:20])[H:21])([H:11])[C:2](=[O:1])[O:3][H:10])([H:12])[H:13])([H:14])[H:15])[H:17],,
15,-0.009385697759652971,RESP2,hf/6-31g*,1.0,0.7000000000000001,H,hf,16,[H:16][C:7]1([C:6]([C:5]([C:4]([C:9]([C:8]1([H:18])[H:19])([H:20])[H:21])([H:11])[C:2](=[O:1])[O:3][H:10])([H:12])[H:13])([H:14])[H:15])[H:17],,
16,-0.005033665610519501,RESP2,hf/6-31g*,1.0,0.7000000000000001,H,hf,17,[H:16][C:7]1([C:6]([C:5]([C:4]([C:9]([C:8]1([H:18])[H:19])([H:20])[H:21])([H:11])[C:2](=[O:1])[O:3][H:10])([H:12])[H:13])([H:14])[H:15])[H:17],,
17,-0.0037159406544752605,RESP2,hf/6-31g*,1.0,0.7000000000000001,H,hf,18,[H:16][C:7]1([C:6]([C:5]([C:4]([C:9]([C:8]1([H:18])[H:19])([H:20])[H:21])([H:11])[C:2](=[O:1])[O:3][H:10])([H:12])[H:13])([H:14])[H:15])[H:17],,
18,-0.007128072043950837,RESP2,hf/6-31g*,1.0,0.7000000000000001,H,hf,19,[H:16][C:7]1([C:6]([C:5]([C:4]([C:9]([C:8]1([H:18])[H:19])([H:20])[H:21])([H:11])[C:2](=[O:1])[O:3][H:10])([H:12])[H:13])([H:14])[H:15])[H:17],,
19,0.0031523845237823806,RESP2,hf/6-31g*,1.0,0.7000000000000001,H,hf,20,[H:16][C:7]1([C:6]([C:5]([C:4]([C:9]([C:8]1([H:18])[H:19])([H:20])[H:21])([H:11])[C:2](=[O:1])[O:3][H:10])([H:12])[H:13])([H:14])[H:15])[H:17],,
20,0.005928005168966354,RESP2,hf/6-31g*,1.0,0.7000000000000001,H,hf,21,[H:16][C:7]1([C:6]([C:5]([C:4]([C:9]([C:8]1([H:18])[H:19])([H:20])[H:21])([H:11])[C:2](=[O:1])[O:3][H:10])([H:12])[H:13])([H:14])[H:15])[H:17],,
0,-0.6445286489685477,RESP2,hf/6-31g*,1.0,0.75,O,hf,1,[H:16][C:7]1([C:6]([C:5]([C:4]([C:9]([C:8]1([H:18])[H:19])([H:20])[H:21])([H:11])[C:2](=[O:1])[O:3][H:10])([H:12])[H:13])([H:14])[H:15])[H:17],,
1,0.7465988218817678,RESP2,hf/6-31g*,1.0,0.75,C,hf,2,[H:16][C:7]1([C:6]([C:5]([C:4]([C:9]([C:8]1([H:18])[H:19])([H:20])[H:21])([H:11])[C:2](=[O:1])[O:3][H:10])([H:12])[H:13])([H:14])[H:15])[H:17],,
2,-0.674051961331233,RESP2,hf/6-31g*,1.0,0.75,O,hf,3,[H:16][C:7]1([C:6]([C:5]([C:4]([C:9]([C:8]1([H:18])[H:19])([H:20])[H:21])([H:11])[C:2](=[O:1])[O:3][H:10])([H:12])[H:13])([H:14])[H:15])[H:17],,
3,0.012375852459697589,RESP2,hf/6-31g*,1.0,0.75,C,hf,4,[H:16][C:7]1([C:6]([C:5]([C:4]([C:9]([C:8]1([H:18])[H:19])([H:20])[H:21])([H:11])[C:2](=[O:1])[O:3][H:10])([H:12])[H:13])([H:14])[H:15])[H:17],,
4,-0.01100635241089095,RESP2,hf/6-31g*,1.0,0.75,C,hf,5,[H:16][C:7]1([C:6]([C:5]([C:4]([C:9]([C:8]1([H:18])[H:19])([H:20])[H:21])([H:11])[C:2](=[O:1])[O:3][H:10])([H:12])[H:13])([H:14])[H:15])[H:17],,
5,0.01607922407828877,RESP2,hf/6-31g*,1.0,0.75,C,hf,6,[H:16][C:7]1([C:6]([C:5]([C:4]([C:9]([C:8]1([H:18])[H:19])([H:20])[H:21])([H:11])[C:2](=[O:1])[O:3][H:10])([H:12])[H:13])([H:14])[H:15])[H:17],,
6,0.026298216859137108,RESP2,hf/6-31g*,1.0,0.75,C,hf,7,[H:16][C:7]1([C:6]([C:5]([C:4]([C:9]([C:8]1([H:18])[H:19])([H:20])[H:21])([H:11])[C:2](=[O:1])[O:3][H:10])([H:12])[H:13])([H:14])[H:15])[H:17],,
7,0.01962584340696641,RESP2,hf/6-31g*,1.0,0.75,C,hf,8,[H:16][C:7]1([C:6]([C:5]([C:4]([C:9]([C:8]1([H:18])[H:19])([H:20])[H:21])([H:11])[C:2](=[O:1])[O:3][H:10])([H:12])[H:13])([H:14])[H:15])[H:17],,
8,0.0053802610570202565,RESP2,hf/6-31g*,1.0,0.75,C,hf,9,[H:16][C:7]1([C:6]([C:5]([C:4]([C:9]([C:8]1([H:18])[H:19])([H:20])[H:21])([H:11])[C:2](=[O:1])[O:3][H:10])([H:12])[H:13])([H:14])[H:15])[H:17],,
9,0.48197821470644925,RESP2,hf/6-31g*,1.0,0.75,H,hf,10,[H:16][C:7]1([C:6]([C:5]([C:4]([C:9]([C:8]1([H:18])[H:19])([H:20])[H:21])([H:11])[C:2](=[O:1])[O:3][H:10])([H:12])[H:13])([H:14])[H:15])[H:17],,
10,0.024073350241542932,RESP2,hf/6-31g*,1.0,0.75,H,hf,11,[H:16][C:7]1([C:6]([C:5]([C:4]([C:9]([C:8]1([H:18])[H:19])([H:20])[H:21])([H:11])[C:2](=[O:1])[O:3][H:10])([H:12])[H:13])([H:14])[H:15])[H:17],,
11,0.009938125699259946,RESP2,hf/6-31g*,1.0,0.75,H,hf,12,[H:16][C:7]1([C:6]([C:5]([C:4]([C:9]([C:8]1([H:18])[H:19])([H:20])[H:21])([H:11])[C:2](=[O:1])[O:3][H:10])([H:12])[H:13])([H:14])[H:15])[H:17],,
12,0.008816242754118419,RESP2,hf/6-31g*,1.0,0.75,H,hf,13,[H:16][C:7]1([C:6]([C:5]([C:4]([C:9]([C:8]1([H:18])[H:19])([H:20])[H:21])([H:11])[C:2](=[O:1])[O:3][H:10])([H:12])[H:13])([H:14])[H:15])[H:17],,
13,-0.0016674551644169932,RESP2,hf/6-31g*,1.0,0.75,H,hf,14,[H:16][C:7]1([C:6]([C:5]([C:4]([C:9]([C:8]1([H:18])[H:19])([H:20])[H:21])([H:11])[C:2](=[O:1])[O:3][H:10])([H:12])[H:13])([H:14])[H:15])[H:17],,
14,-0.0031512495349051706,RESP2,hf/6-31g*,1.0,0.75,H,hf,15,[H:16][C:7]1([C:6]([C:5]([C:4]([C:9]([C:8]1([H:18])[H:19])([H:20])[H:21])([H:11])[C:2](=[O:1])[O:3][H:10])([H:12])[H:13])([H:14])[H:15])[H:17],,
15,-0.009989971842901103,RESP2,hf/6-31g*,1.0,0.75,H,hf,16,[H:16][C:7]1([C:6]([C:5]([C:4]([C:9]([C:8]1([H:18])[H:19])([H:20])[H:21])([H:11])[C:2](=[O:1])[O:3][H:10])([H:12])[H:13])([H:14])[H:15])[H:17],,
16,-0.00565523125464727,RESP2,hf/6-31g*,1.0,0.75,H,hf,17,[H:16][C:7]1([C:6]([C:5]([C:4]([C:9]([C:8]1([H:18])[H:19])([H:20])[H:21])([H:11])[C:2](=[O:1])[O:3][H:10])([H:12])[H:13])([H:14])[H:15])[H:17],,
17,-0.0032248541516088315,RESP2,hf/6-31g*,1.0,0.75,H,hf,18,[H:16][C:7]1([C:6]([C:5]([C:4]([C:9]([C:8]1([H:18])[H:19])([H:20])[H:21])([H:11])[C:2](=[O:1])[O:3][H:10])([H:12])[H:13])([H:14])[H:15])[H:17],,
18,-0.006667638709287653,RESP2,hf/6-31g*,1.0,0.75,H,hf,19,[H:16][C:7]1([C:6]([C:5]([C:4]([C:9]([C:8]1([H:18])[H:19])([H:20])[H:21])([H:11])[C:2](=[O:1])[O:3][H:10])([H:12])[H:13])([H:14])[H:15])[H:17],,
19,0.0029242330669722815,RESP2,hf/6-31g*,1.0,0.75,H,hf,20,[H:16][C:7]1([C:6]([C:5]([C:4]([C:9]([C:8]1([H:18])[H:19])([H:20])[H:21])([H:11])[C:2](=[O:1])[O:3][H:10])([H:12])[H:13])([H:14])[H:15])[H:17],,
20,0.00585497715721771,RESP2,hf/6-31g*,1.0,0.75,H,hf,21,[H:16][C:7]1([C:6]([C:5]([C:4]([C:9]([C:8]1([H:18])[H:19])([H:20])[H:21])([H:11])[C:2](=[O:1])[O:3][H:10])([H:12])[H:13])([H:14])[H:15])[H:17],,
0,-0.6480210491759574,RESP2,hf/6-31g*,1.0,0.8,O,hf,1,[H:16][C:7]1([C:6]([C:5]([C:4]([C:9]([C:8]1([H:18])[H:19])([H:20])[H:21])([H:11])[C:2](=[O:1])[O:3][H:10])([H:12])[H:13])([H:14])[H:15])[H:17],,
1,0.749257139437158,RESP2,hf/6-31g*,1.0,0.8,C,hf,2,[H:16][C:7]1([C:6]([C:5]([C:4]([C:9]([C:8]1([H:18])[H:19])([H:20])[H:21])([H:11])[C:2](=[O:1])[O:3][H:10])([H:12])[H:13])([H:14])[H:15])[H:17],,
2,-0.6755022513502188,RESP2,hf/6-31g*,1.0,0.8,O,hf,3,[H:16][C:7]1([C:6]([C:5]([C:4]([C:9]([C:8]1([H:18])[H:19])([H:20])[H:21])([H:11])[C:2](=[O:1])[O:3][H:10])([H:12])[H:13])([H:14])[H:15])[H:17],,
3,0.010291867405618093,RESP2,hf/6-31g*,1.0,0.8,C,hf,4,[H:16][C:7]1([C:6]([C:5]([C:4]([C:9]([C:8]1([H:18])[H:19])([H:20])[H:21])([H:11])[C:2](=[O:1])[O:3][H:10])([H:12])[H:13])([H:14])[H:15])[H:17],,
4,-0.010601988907005326,RESP2,hf/6-31g*,1.0,0.8,C,hf,5,[H:16][C:7]1([C:6]([C:5]([C:4]([C:9]([C:8]1([H:18])[H:19])([H:20])[H:21])([H:11])[C:2](=[O:1])[O:3][H:10])([H:12])[H:13])([H:14])[H:15])[H:17],,
5,0.016219783911880684,RESP2,hf/6-31g*,1.0,0.8,C,hf,6,[H:16][C:7]1([C:6]([C:5]([C:4]([C:9]([C:8]1([H:18])[H:19])([H:20])[H:21])([H:11])[C:2](=[O:1])[O:3][H:10])([H:12])[H:13])([H:14])[H:15])[H:17],,
6,0.02874297756880423,RESP2,hf/6-31g*,1.0,0.8,C,hf,7,[H:16][C:7]1([C:6]([C:5]([C:4]([C:9]([C:8]1([H:18])[H:19])([H:20])[H:21])([H:11])[C:2](=[O:1])[O:3][H:10])([H:12])[H:13])([H:14])[H:15])[H:17],,
7,0.017675133407226717,RESP2,hf/6-31g*,1.0,0.8,C,hf,8,[H:16][C:7]1([C:6]([C:5]([C:4]([C:9]([C:8]1([H:18])[H:19])([H:20])[H:21])([H:11])[C:2](=[O:1])[O:3][H:10])([H:12])[H:13])([H:14])[H:15])[H:17],,
8,0.006587785965349638,RESP2,hf/6-31g*,1.0,0.8,C,hf,9,[H:16][C:7]1([C:6]([C:5]([C:4]([C:9]([C:8]1([H:18])[H:19])([H:20])[H:21])([H:11])[C:2](=[O:1])[O:3][H:10])([H:12])[H:13])([H:14])[H:15])[H:17],,
9,0.483739433341201,RESP2,hf/6-31g*,1.0,0.8,H,hf,10,[H:16][C:7]1([C:6]([C:5]([C:4]([C:9]([C:8]1([H:18])[H:19])([H:20])[H:21])([H:11])[C:2](=[O:1])[O:3][H:10])([H:12])[H:13])([H:14])[H:15])[H:17],,
10,0.025298066242267138,RESP2,hf/6-31g*,1.0,0.8,H,hf,11,[H:16][C:7]1([C:6]([C:5]([C:4]([C:9]([C:8]1([H:18])[H:19])([H:20])[H:21])([H:11])[C:2](=[O:1])[O:3][H:10])([H:12])[H:13])([H:14])[H:15])[H:17],,
11,0.009811279707652635,RESP2,hf/6-31g*,1.0,0.8,H,hf,12,[H:16][C:7]1([C:6]([C:5]([C:4]([C:9]([C:8]1([H:18])[H:19])([H:20])[H:21])([H:11])[C:2](=[O:1])[O:3][H:10])([H:12])[H:13])([H:14])[H:15])[H:17],,
12,0.009081794548054023,RESP2,hf/6-31g*,1.0,0.8,H,hf,13,[H:16][C:7]1([C:6]([C:5]([C:4]([C:9]([C:8]1([H:18])[H:19])([H:20])[H:21])([H:11])[C:2](=[O:1])[O:3][H:10])([H:12])[H:13])([H:14])[H:15])[H:17],,
13,-0.0018320236886553883,RESP2,hf/6-31g*,1.0,0.8,H,hf,14,[H:16][C:7]1([C:6]([C:5]([C:4]([C:9]([C:8]1([H:18])[H:19])([H:20])[H:21])([H:11])[C:2](=[O:1])[O:3][H:10])([H:12])[H:13])([H:14])[H:15])[H:17],,
14,-0.0034139633207154016,RESP2,hf/6-31g*,1.0,0.8,H,hf,15,[H:16][C:7]1([C:6]([C:5]([C:4]([C:9]([C:8]1([H:18])[H:19])([H:20])[H:21])([H:11])[C:2](=[O:1])[O:3][H:10])([H:12])[H:13])([H:14])[H:15])[H:17],,
15,-0.010594245926149229,RESP2,hf/6-31g*,1.0,0.8,H,hf,16,[H:16][C:7]1([C:6]([C:5]([C:4]([C:9]([C:8]1([H:18])[H:19])([H:20])[H:21])([H:11])[C:2](=[O:1])[O:3][H:10])([H:12])[H:13])([H:14])[H:15])[H:17],,
16,-0.00627679689877503,RESP2,hf/6-31g*,1.0,0.8,H,hf,17,[H:16][C:7]1([C:6]([C:5]([C:4]([C:9]([C:8]1([H:18])[H:19])([H:20])[H:21])([H:11])[C:2](=[O:1])[O:3][H:10])([H:12])[H:13])([H:14])[H:15])[H:17],,
17,-0.0027337676487423903,RESP2,hf/6-31g*,1.0,0.8,H,hf,18,[H:16][C:7]1([C:6]([C:5]([C:4]([C:9]([C:8]1([H:18])[H:19])([H:20])[H:21])([H:11])[C:2](=[O:1])[O:3][H:10])([H:12])[H:13])([H:14])[H:15])[H:17],,
18,-0.006207205374624457,RESP2,hf/6-31g*,1.0,0.8,H,hf,19,[H:16][C:7]1([C:6]([C:5]([C:4]([C:9]([C:8]1([H:18])[H:19])([H:20])[H:21])([H:11])[C:2](=[O:1])[O:3][H:10])([H:12])[H:13])([H:14])[H:15])[H:17],,
19,0.0026960816101621933,RESP2,hf/6-31g*,1.0,0.8,H,hf,20,[H:16][C:7]1([C:6]([C:5]([C:4]([C:9]([C:8]1([H:18])[H:19])([H:20])[H:21])([H:11])[C:2](=[O:1])[O:3][H:10])([H:12])[H:13])([H:14])[H:15])[H:17],,
20,0.005781949145469077,RESP2,hf/6-31g*,1.0,0.8,H,hf,21,[H:16][C:7]1([C:6]([C:5]([C:4]([C:9]([C:8]1([H:18])[H:19])([H:20])[H:21])([H:11])[C:2](=[O:1])[O:3][H:10])([H:12])[H:13])([H:14])[H:15])[H:17],,
0,-0.651513449383367,RESP2,hf/6-31g*,1.0,0.8500000000000001,O,hf,1,[H:16][C:7]1([C:6]([C:5]([C:4]([C:9]([C:8]1([H:18])[H:19])([H:20])[H:21])([H:11])[C:2](=[O:1])[O:3][H:10])([H:12])[H:13])([H:14])[H:15])[H:17],,
1,0.7519154569925481,RESP2,hf/6-31g*,1.0,0.8500000000000001,C,hf,2,[H:16][C:7]1([C:6]([C:5]([C:4]([C:9]([C:8]1([H:18])[H:19])([H:20])[H:21])([H:11])[C:2](=[O:1])[O:3][H:10])([H:12])[H:13])([H:14])[H:15])[H:17],,
2,-0.6769525413692048,RESP2,hf/6-31g*,1.0,0.8500000000000001,O,hf,3,[H:16][C:7]1([C:6]([C:5]([C:4]([C:9]([C:8]1([H:18])[H:19])([H:20])[H:21])([H:11])[C:2](=[O:1])[O:3][H:10])([H:12])[H:13])([H:14])[H:15])[H:17],,
3,0.00820788235153859,RESP2,hf/6-31g*,1.0,0.8500000000000001,C,hf,4,[H:16][C:7]1([C:6]([C:5]([C:4]([C:9]([C:8]1([H:18])[H:19])([H:20])[H:21])([H:11])[C:2](=[O:1])[O:3][H:10])([H:12])[H:13])([H:14])[H:15])[H:17],,
4,-0.010197625403119711,RESP2,hf/6-31g*,1.0,0.8500000000000001,C,hf,5,[H:16][C:7]1([C:6]([C:5]([C:4]([C:9]([C:8]1([H:18])[H:19])([H:20])[H:21])([H:11])[C:2](=[O:1])[O:3][H:10])([H:12])[H:13])([H:14])[H:15])[H:17],,
5,0.01636034374547259,RESP2,hf/6-31g*,1.0,0.8500000000000001,C,hf,6,[H:16][C:7]1([C:6]([C:5]([C:4]([C:9]([C:8]1([H:18])[H:19])([H:20])[H:21])([H:11])[C:2](=[O:1])[O:3][H:10])([H:12])[H:13])([H:14])[H:15])[H:17],,
6,0.031187738278471336,RESP2,hf/6-31g*,1.0,0.8500000000000001,C,hf,7,[H:16][C:7]1([C:6]([C:5]([C:4]([C:9]([C:8]1([H:18])[H:19])([H:20])[H:21])([H:11])[C:2](=[O:1])[O:3][H:10])([H:12])[H:13])([H:14])[H:15])[H:17],,
7,0.015724423407487014,RESP2,hf/6-31g*,1.0,0.8500000000000001,C,hf,8,[H:16][C:7]1([C:6]([C:5]([C:4]([C:9]([C:8]1([H:18])[H:19])([H:20])[H:21])([H:11])[C:2](=[O:1])[O:3][H:10])([H:12])[H:13])([H:14])[H:15])[H:17],,
8,0.007795310873679007,RESP2,hf/6-31g*,1.0,0.8500000000000001,C,hf,9,[H:16][C:7]1([C:6]([C:5]([C:4]([C:9]([C:8]1([H:18])[H:19])([H:20])[H:21])([H:11])[C:2](=[O:1])[O:3][H:10])([H:12])[H:13])([H:14])[H:15])[H:17],,
9,0.4855006519759527,RESP2,hf/6-31g*,1.0,0.8500000000000001,H,hf,10,[H:16][C:7]1([C:6]([C:5]([C:4]([C:9]([C:8]1([H:18])[H:19])([H:20])[H:21])([H:11])[C:2](=[O:1])[O:3][H:10])([H:12])[H:13])([H:14])[H:15])[H:17],,
10,0.026522782242991334,RESP2,hf/6-31g*,1.0,0.8500000000000001,H,hf,11,[H:16][C:7]1([C:6]([C:5]([C:4]([C:9]([C:8]1([H:18])[H:19])([H:20])[H:21])([H:11])[C:2](=[O:1])[O:3][H:10])([H:12])[H:13])([H:14])[H:15])[H:17],,
11,0.009684433716045316,RESP2,hf/6-31g*,1.0,0.8500000000000001,H,hf,12,[H:16][C:7]1([C:6]([C:5]([C:4]([C:9]([C:8]1([H:18])[H:19])([H:20])[H:21])([H:11])[C:2](=[O:1])[O:3][H:10])([H:12])[H:13])([H:14])[H:15])[H:17],,
12,0.00934734634198962,RESP2,hf/6-31g*,1.0,0.8500000000000001,H,hf,13,[H:16][C:7]1([C:6]([C:5]([C:4]([C:9]([C:8]1([H:18])[H:19])([H:20])[H:21])([H:11])[C:2](=[O:1])[O:3][H:10])([H:12])[H:13])([H:14])[H:15])[H:17],,
13,-0.0019965922128937943,RESP2,hf/6-31g*,1.0,0.8500000000000001,H,hf,14,[H:16][C:7]1([C:6]([C:5]([C:4]([C:9]([C:8]1([H:18])[H:19])([H:20])[H:21])([H:11])[C:2](=[O:1])[O:3][H:10])([H:12])[H:13])([H:14])[H:15])[H:17],,
14,-0.003676677106525643,RESP2,hf/6-31g*,1.0,0.8500000000000001,H,hf,15,[H:16][C:7]1([C:6]([C:5]([C:4]([C:9]([C:8]1([H:18])[H:19])([H:20])[H:21])([H:11])[C:2](=[O:1])[O:3][H:10])([H:12])[H:13])([H:14])[H:15])[H:17],,
15,-0.011198520009397361,RESP2,hf/6-31g*,1.0,0.8500000000000001,H,hf,16,[H:16][C:7]1([C:6]([C:5]([C:4]([C:9]([C:8]1([H:18])[H:19])([H:20])[H:21])([H:11])[C:2](=[O:1])[O:3][H:10])([H:12])[H:13])([H:14])[H:15])[H:17],,
16,-0.006898362542902801,RESP2,hf/6-31g*,1.0,0.8500000000000001,H,hf,17,[H:16][C:7]1([C:6]([C:5]([C:4]([C:9]([C:8]1([H:18])[H:19])([H:20])[H:21])([H:11])[C:2](=[O:1])[O:3][H:10])([H:12])[H:13])([H:14])[H:15])[H:17],,
17,-0.0022426811458759596,RESP2,hf/6-31g*,1.0,0.8500000000000001,H,hf,18,[H:16][C:7]1([C:6]([C:5]([C:4]([C:9]([C:8]1([H:18])[H:19])([H:20])[H:21])([H:11])[C:2](=[O:1])[O:3][H:10])([H:12])[H:13])([H:14])[H:15])[H:17],,
18,-0.005746772039961272,RESP2,hf/6-31g*,1.0,0.8500000000000001,H,hf,19,[H:16][C:7]1([C:6]([C:5]([C:4]([C:9]([C:8]1([H:18])[H:19])([H:20])[H:21])([H:11])[C:2](=[O:1])[O:3][H:10])([H:12])[H:13])([H:14])[H:15])[H:17],,
19,0.002467930153352094,RESP2,hf/6-31g*,1.0,0.8500000000000001,H,hf,20,[H:16][C:7]1([C:6]([C:5]([C:4]([C:9]([C:8]1([H:18])[H:19])([H:20])[H:21])([H:11])[C:2](=[O:1])[O:3][H:10])([H:12])[H:13])([H:14])[H:15])[H:17],,
20,0.005708921133720434,RESP2,hf/6-31g*,1.0,0.8500000000000001,H,hf,21,[H:16][C:7]1([C:6]([C:5]([C:4]([C:9]([C:8]1([H:18])[H:19])([H:20])[H:21])([H:11])[C:2](=[O:1])[O:3][H:10])([H:12])[H:13])([H:14])[H:15])[H:17],,
0,-0.6550058495907767,RESP2,hf/6-31g*,1.0,0.9,O,hf,1,[H:16][C:7]1([C:6]([C:5]([C:4]([C:9]([C:8]1([H:18])[H:19])([H:20])[H:21])([H:11])[C:2](=[O:1])[O:3][H:10])([H:12])[H:13])([H:14])[H:15])[H:17],,
1,0.7545737745479384,RESP2,hf/6-31g*,1.0,0.9,C,hf,2,[H:16][C:7]1([C:6]([C:5]([C:4]([C:9]([C:8]1([H:18])[H:19])([H:20])[H:21])([H:11])[C:2](=[O:1])[O:3][H:10])([H:12])[H:13])([H:14])[H:15])[H:17],,
2,-0.6784028313881908,RESP2,hf/6-31g*,1.0,0.9,O,hf,3,[H:16][C:7]1([C:6]([C:5]([C:4]([C:9]([C:8]1([H:18])[H:19])([H:20])[H:21])([H:11])[C:2](=[O:1])[O:3][H:10])([H:12])[H:13])([H:14])[H:15])[H:17],,
3,0.006123897297459099,RESP2,hf/6-31g*,1.0,0.9,C,hf,4,[H:16][C:7]1([C:6]([C:5]([C:4]([C:9]([C:8]1([H:18])[H:19])([H:20])[H:21])([H:11])[C:2](=[O:1])[O:3][H:10])([H:12])[H:13])([H:14])[H:15])[H:17],,
4,-0.009793261899234088,RESP2,hf/6-31g*,1.0,0.9,C,hf,5,[H:16][C:7]1([C:6]([C:5]([C:4]([C:9]([C:8]1([H:18])[H:19])([H:20])[H:21])([H:11])[C:2](=[O:1])[O:3][H:10])([H:12])[H:13])([H:14])[H:15])[H:17],,
5,0.016500903579064505,RESP2,hf/6-31g*,1.0,0.9,C,hf,6,[H:16][C:7]1([C:6]([C:5]([C:4]([C:9]([C:8]1([H:18])[H:19])([H:20])[H:21])([H:11])[C:2](=[O:1])[O:3][H:10])([H:12])[H:13])([H:14])[H:15])[H:17],,
6,0.03363249898813846,RESP2,hf/6-31g*,1.0,0.9,C,hf,7,[H:16][C:7]1([C:6]([C:5]([C:4]([C:9]([C:8]1([H:18])[H:19])([H:20])[H:21])([H:11])[C:2](=[O:1])[O:3][H:10])([H:12])[H:13])([H:14])[H:15])[H:17],,
7,0.01377371340774733,RESP2,hf/6-31g*,1.0,0.9,C,hf,8,[H:16][C:7]1([C:6]([C:5]([C:4]([C:9]([C:8]1([H:18])[H:19])([H:20])[H:21])([H:11])[C:2](=[O:1])[O:3][H:10])([H:12])[H:13])([H:14])[H:15])[H:17],,
8,0.009002835782008386,RESP2,hf/6-31g*,1.0,0.9,C,hf,9,[H:16][C:7]1([C:6]([C:5]([C:4]([C:9]([C:8]1([H:18])[H:19])([H:20])[H:21])([H:11])[C:2](=[O:1])[O:3][H:10])([H:12])[H:13])([H:14])[H:15])[H:17],,
9,0.48726187061070436,RESP2,hf/6-31g*,1.0,0.9,H,hf,10,[H:16][C:7]1([C:6]([C:5]([C:4]([C:9]([C:8]1([H:18])[H:19])([H:20])[H:21])([H:11])[C:2](=[O:1])[O:3][H:10])([H:12])[H:13])([H:14])[H:15])[H:17],,
10,0.027747498243715536,RESP2,hf/6-31g*,1.0,0.9,H,hf,11,[H:16][C:7]1([C:6]([C:5]([C:4]([C:9]([C:8]1([H:18])[H:19])([H:20])[H:21])([H:11])[C:2](=[O:1])[O:3][H:10])([H:12])[H:13])([H:14])[H:15])[H:17],,
11,0.009557587724438005,RESP2,hf/6-31g*,1.0,0.9,H,hf,12,[H:16][C:7]1([C:6]([C:5]([C:4]([C:9]([C:8]1([H:18])[H:19])([H:20])[H:21])([H:11])[C:2](=[O:1])[O:3][H:10])([H:12])[H:13])([H:14])[H:15])[H:17],,
12,0.009612898135925226,RESP2,hf/6-31g*,1.0,0.9,H,hf,13,[H:16][C:7]1([C:6]([C:5]([C:4]([C:9]([C:8]1([H:18])[H:19])([H:20])[H:21])([H:11])[C:2](=[O:1])[O:3][H:10])([H:12])[H:13])([H:14])[H:15])[H:17],,
13,-0.002161160737132189,RESP2,hf/6-31g*,1.0,0.9,H,hf,14,[H:16][C:7]1([C:6]([C:5]([C:4]([C:9]([C:8]1([H:18])[H:19])([H:20])[H:21])([H:11])[C:2](=[O:1])[O:3][H:10])([H:12])[H:13])([H:14])[H:15])[H:17],,
14,-0.003939390892335874,RESP2,hf/6-31g*,1.0,0.9,H,hf,15,[H:16][C:7]1([C:6]([C:5]([C:4]([C:9]([C:8]1([H:18])[H:19])([H:20])[H:21])([H:11])[C:2](=[O:1])[O:3][H:10])([H:12])[H:13])([H:14])[H:15])[H:17],,
15,-0.011802794092645485,RESP2,hf/6-31g*,1.0,0.9,H,hf,16,[H:16][C:7]1([C:6]([C:5]([C:4]([C:9]([C:8]1([H:18])[H:19])([H:20])[H:21])([H:11])[C:2](=[O:1])[O:3][H:10])([H:12])[H:13])([H:14])[H:15])[H:17],,
16,-0.007519928187030558,RESP2,hf/6-31g*,1.0,0.9,H,hf,17,[H:16][C:7]1([C:6]([C:5]([C:4]([C:9]([C:8]1([H:18])[H:19])([H:20])[H:21])([H:11])[C:2](=[O:1])[O:3][H:10])([H:12])[H:13])([H:14])[H:15])[H:17],,
17,-0.0017515946430095193,RESP2,hf/6-31g*,1.0,0.9,H,hf,18,[H:16][C:7]1([C:6]([C:5]([C:4]([C:9]([C:8]1([H:18])[H:19])([H:20])[H:21])([H:11])[C:2](=[O:1])[O:3][H:10])([H:12])[H:13])([H:14])[H:15])[H:17],,
18,-0.005286338705298077,RESP2,hf/6-31g*,1.0,0.9,H,hf,19,[H:16][C:7]1([C:6]([C:5]([C:4]([C:9]([C:8]1([H:18])[H:19])([H:20])[H:21])([H:11])[C:2](=[O:1])[O:3][H:10])([H:12])[H:13])([H:14])[H:15])[H:17],,
19,0.0022397786965420064,RESP2,hf/6-31g*,1.0,0.9,H,hf,20,[H:16][C:7]1([C:6]([C:5]([C:4]([C:9]([C:8]1([H:18])[H:19])([H:20])[H:21])([H:11])[C:2](=[O:1])[O:3][H:10])([H:12])[H:13])([H:14])[H:15])[H:17],,
20,0.0056358931219718,RESP2,hf/6-31g*,1.0,0.9,H,hf,21,[H:16][C:7]1([C:6]([C:5]([C:4]([C:9]([C:8]1([H:18])[H:19])([H:20])[H:21])([H:11])[C:2](=[O:1])[O:3][H:10])([H:12])[H:13])([H:14])[H:15])[H:17],,
0,-0.6584982497981864,RESP2,hf/6-31g*,1.0,0.9500000000000001,O,hf,1,[H:16][C:7]1([C:6]([C:5]([C:4]([C:9]([C:8]1([H:18])[H:19])([H:20])[H:21])([H:11])[C:2](=[O:1])[O:3][H:10])([H:12])[H:13])([H:14])[H:15])[H:17],,
1,0.7572320921033285,RESP2,hf/6-31g*,1.0,0.9500000000000001,C,hf,2,[H:16][C:7]1([C:6]([C:5]([C:4]([C:9]([C:8]1([H:18])[H:19])([H:20])[H:21])([H:11])[C:2](=[O:1])[O:3][H:10])([H:12])[H:13])([H:14])[H:15])[H:17],,
2,-0.6798531214071766,RESP2,hf/6-31g*,1.0,0.9500000000000001,O,hf,3,[H:16][C:7]1([C:6]([C:5]([C:4]([C:9]([C:8]1([H:18])[H:19])([H:20])[H:21])([H:11])[C:2](=[O:1])[O:3][H:10])([H:12])[H:13])([H:14])[H:15])[H:17],,
3,0.0040399122433796035,RESP2,hf/6-31g*,1.0,0.9500000000000001,C,hf,4,[H:16][C:7]1([C:6]([C:5]([C:4]([C:9]([C:8]1([H:18])[H:19])([H:20])[H:21])([H:11])[C:2](=[O:1])[O:3][H:10])([H:12])[H:13])([H:14])[H:15])[H:17],,
4,-0.009388898395348464,RESP2,hf/6-31g*,1.0,0.9500000000000001,C,hf,5,[H:16][C:7]1([C:6]([C:5]([C:4]([C:9]([C:8]1([H:18])[H:19])([H:20])[H:21])([H:11])[C:2](=[O:1])[O:3][H:10])([H:12])[H:13])([H:14])[H:15])[H:17],,
5,0.016641463412656425,RESP2,hf/6-31g*,1.0,0.9500000000000001,C,hf,6,[H:16][C:7]1([C:6]([C:5]([C:4]([C:9]([C:8]1([H:18])[H:19])([H:20])[H:21])([H:11])[C:2](=[O:1])[O:3][H:10])([H:12])[H:13])([H:14])[H:15])[H:17],,
6,0.03607725969780558,RESP2,hf/6-31g*,1.0,0.9500000000000001,C,hf,7,[H:16][C:7]1([C:6]([C:5]([C:4]([C:9]([C:8]1([H:18])[H:19])([H:20])[H:21])([H:11])[C:2](=[O:1])[O:3][H:10])([H:12])[H:13])([H:14])[H:15])[H:17],,
7,0.01182300340800764,RESP2,hf/6-31g*,1.0,0.9500000000000001,C,hf,8,[H:16][C:7]1([C:6]([C:5]([C:4]([C:9]([C:8]1([H:18])[H:19])([H:20])[H:21])([H:11])[C:2](=[O:1])[O:3][H:10])([H:12])[H:13])([H:14])[H:15])[H:17],,
8,0.010210360690337764,RESP2,hf/6-31g*,1.0,0.9500000000000001,C,hf,9,[H:16][C:7]1([C:6]([C:5]([C:4]([C:9]([C:8]1([H:18])[H:19])([H:20])[H:21])([H:11])[C:2](=[O:1])[O:3][H:10])([H:12])[H:13])([H:14])[H:15])[H:17],,
9,0.4890230892454561,RESP2,hf/6-31g*,1.0,0.9500000000000001,H,hf,10,[H:16][C:7]1([C:6]([C:5]([C:4]([C:9]([C:8]1([H:18])[H:19])([H:20])[H:21])([H:11])[C:2](=[O:1])[O:3][H:10])([H:12])[H:13])([H:14])[H:15])[H:17],,
10,0.028972214244439742,RESP2,hf/6-31g*,1.0,0.9500000000000001,H,hf,11,[H:16][C:7]1([C:6]([C:5]([C:4]([C:9]([C:8]1([H:18])[H:19])([H:20])[H:21])([H:11])[C:2](=[O:1])[O:3][H:10])([H:12])[H:13])([H:14])[H:15])[H:17],,
11,0.009430741732830693,RESP2,hf/6-31g*,1.0,0.9500000000000001,H,hf,12,[H:16][C:7]1([C:6]([C:5]([C:4]([C:9]([C:8]1([H:18])[H:19])([H:20])[H:21])([H:11])[C:2](=[O:1])[O:3][H:10])([H:12])[H:13])([H:14])[H:15])[H:17],,
12,0.00987844992986083,RESP2,hf/6-31g*,1.0,0.9500000000000001,H,hf,13,[H:16][C:7]1([C:6]([C:5]([C:4]([C:9]([C:8]1([H:18])[H:19])([H:20])[H:21])([H:11])[C:2](=[O:1])[O:3][H:10])([H:12])[H:13])([H:14])[H:15])[H:17],,
13,-0.002325729261370584,RESP2,hf/6-31g*,1.0,0.9500000000000001,H,hf,14,[H:16][C:7]1([C:6]([C:5]([C:4]([C:9]([C:8]1([H:18])[H:19])([H:20])[H:21])([H:11])[C:2](=[O:1])[O:3][H:10])([H:12])[H:13])([H:14])[H:15])[H:17],,
14,-0.004202104678146105,RESP2,hf/6-31g*,1.0,0.9500000000000001,H,hf,15,[H:16][C:7]1([C:6]([C:5]([C:4]([C:9]([C:8]1([H:18])[H:19])([H:20])[H:21])([H:11])[C:2](=[O:1])[O:3][H:10])([H:12])[H:13])([H:14])[H:15])[H:17],,
15,-0.012407068175893609,RESP2,hf/6-31g*,1.0,0.9500000000000001,H,hf,16,[H:16][C:7]1([C:6]([C:5]([C:4]([C:9]([C:8]1([H:18])[H:19])([H:20])[H:21])([H:11])[C:2](=[O:1])[O:3][H:10])([H:12])[H:13])([H:14])[H:15])[H:17],,
16,-0.008141493831158319,RESP2,hf/6-31g*,1.0,0.9500000000000001,H,hf,17,[H:16][C:7]1([C:6]([C:5]([C:4]([C:9]([C:8]1([H:18])[H:19])([H:20])[H:21])([H:11])[C:2](=[O:1])[O:3][H:10])([H:12])[H:13])([H:14])[H:15])[H:17],,
17,-0.0012605081401430777,RESP2,hf/6-31g*,1.0,0.9500000000000001,H,hf,18,[H:16][C:7]1([C:6]([C:5]([C:4]([C:9]([C:8]1([H:18])[H:19])([H:20])[H:21])([H:11])[C:2](=[O:1])[O:3][H:10])([H:12])[H:13])([H:14])[H:15])[H:17],,
18,-0.004825905370634881,RESP2,hf/6-31g*,1.0,0.9500000000000001,H,hf,19,[H:16][C:7]1([C:6]([C:5]([C:4]([C:9]([C:8]1([H:18])[H:19])([H:20])[H:21])([H:11])[C:2](=[O:1])[O:3][H:10])([H:12])[H:13])([H:14])[H:15])[H:17],,
19,0.002011627239731918,RESP2,hf/6-31g*,1.0,0.9500000000000001,H,hf,20,[H:16][C:7]1([C:6]([C:5]([C:4]([C:9]([C:8]1([H:18])[H:19])([H:20])[H:21])([H:11])[C:2](=[O:1])[O:3][H:10])([H:12])[H:13])([H:14])[H:15])[H:17],,
20,0.005562865110223167,RESP2,hf/6-31g*,1.0,0.9500000000000001,H,hf,21,[H:16][C:7]1([C:6]([C:5]([C:4]([C:9]([C:8]1([H:18])[H:19])([H:20])[H:21])([H:11])[C:2](=[O:1])[O:3][H:10])([H:12])[H:13])([H:14])[H:15])[H:17],,
0,-0.6619906500055961,RESP2,hf/6-31g*,1.0,1.0,O,hf,1,[H:16][C:7]1([C:6]([C:5]([C:4]([C:9]([C:8]1([H:18])[H:19])([H:20])[H:21])([H:11])[C:2](=[O:1])[O:3][H:10])([H:12])[H:13])([H:14])[H:15])[H:17],,
1,0.7598904096587188,RESP2,hf/6-31g*,1.0,1.0,C,hf,2,[H:16][C:7]1([C:6]([C:5]([C:4]([C:9]([C:8]1([H:18])[H:19])([H:20])[H:21])([H:11])[C:2](=[O:1])[O:3][H:10])([H:12])[H:13])([H:14])[H:15])[H:17],,
2,-0.6813034114261626,RESP2,hf/6-31g*,1.0,1.0,O,hf,3,[H:16][C:7]1([C:6]([C:5]([C:4]([C:9]([C:8]1([H:18])[H:19])([H:20])[H:21])([H:11])[C:2](=[O:1])[O:3][H:10])([H:12])[H:13])([H:14])[H:15])[H:17],,
3,0.001955927189300113,RESP2,hf/6-31g*,1.0,1.0,C,hf,4,[H:16][C:7]1([C:6]([C:5]([C:4]([C:9]([C:8]1([H:18])[H:19])([H:20])[H:21])([H:11])[C:2](=[O:1])[O:3][H:10])([H:12])[H:13])([H:14])[H:15])[H:17],,
4,-0.00898453489146284,RESP2,hf/6-31g*,1.0,1.0,C,hf,5,[H:16][C:7]1([C:6]([C:5]([C:4]([C:9]([C:8]1([H:18])[H:19])([H:20])[H:21])([H:11])[C:2](=[O:1])[O:3][H:10])([H:12])[H:13])([H:14])[H:15])[H:17],,
5,0.01678202324624834,RESP2,hf/6-31g*,1.0,1.0,C,hf,6,[H:16][C:7]1([C:6]([C:5]([C:4]([C:9]([C:8]1([H:18])[H:19])([H:20])[H:21])([H:11])[C:2](=[O:1])[O:3][H:10])([H:12])[H:13])([H:14])[H:15])[H:17],,
6,0.03852202040747269,RESP2,hf/6-31g*,1.0,1.0,C,hf,7,[H:16][C:7]1([C:6]([C:5]([C:4]([C:9]([C:8]1([H:18])[H:19])([H:20])[H:21])([H:11])[C:2](=[O:1])[O:3][H:10])([H:12])[H:13])([H:14])[H:15])[H:17],,
7,0.009872293408267953,RESP2,hf/6-31g*,1.0,1.0,C,hf,8,[H:16][C:7]1([C:6]([C:5]([C:4]([C:9]([C:8]1([H:18])[H:19])([H:20])[H:21])([H:11])[C:2](=[O:1])[O:3][H:10])([H:12])[H:13])([H:14])[H:15])[H:17],,
8,0.011417885598667143,RESP2,hf/6-31g*,1.0,1.0,C,hf,9,[H:16][C:7]1([C:6]([C:5]([C:4]([C:9]([C:8]1([H:18])[H:19])([H:20])[H:21])([H:11])[C:2](=[O:1])[O:3][H:10])([H:12])[H:13])([H:14])[H:15])[H:17],,
9,0.4907843078802079,RESP2,hf/6-31g*,1.0,1.0,H,hf,10,[H:16][C:7]1([C:6]([C:5]([C:4]([C:9]([C:8]1([H:18])[H:19])([H:20])[H:21])([H:11])[C:2](=[O:1])[O:3][H:10])([H:12])[H:13])([H:14])[H:15])[H:17],,
10,0.03019693024516395,RESP2,hf/6-31g*,1.0,1.0,H,hf,11,[H:16][C:7]1([C:6]([C:5]([C:4]([C:9]([C:8]1([H:18])[H:19])([H:20])[H:21])([H:11])[C:2](=[O:1])[O:3][H:10])([H:12])[H:13])([H:14])[H:15])[H:17],,
11,0.009303895741223383,RESP2,hf/6-31g*,1.0,1.0,H,hf,12,[H:16][C:7]1([C:6]([C:5]([C:4]([C:9]([C:8]1([H:18])[H:19])([H:20])[H:21])([H:11])[C:2](=[O:1])[O:3][H:10])([H:12])[H:13])([H:14])[H:15])[H:17],,
12,0.010144001723796434,RESP2,hf/6-31g*,1.0,1.0,H,hf,13,[H:16][C:7]1([C:6]([C:5]([C:4]([C:9]([C:8]1([H:18])[H:19])([H:20])[H:21])([H:11])[C:2](=[O:1])[O:3][H:10])([H:12])[H:13])([H:14])[H:15])[H:17],,
13,-0.0024902977856089787,RESP2,hf/6-31g*,1.0,1.0,H,hf,14,[H:16][C:7]1([C:6]([C:5]([C:4]([C:9]([C:8]1([H:18])[H:19])([H:20])[H:21])([H:11])[C:2](=[O:1])[O:3][H:10])([H:12])[H:13])([H:14])[H:15])[H:17],,
14,-0.004464818463956335,RESP2,hf/6-31g*,1.0,1.0,H,hf,15,[H:16][C:7]1([C:6]([C:5]([C:4]([C:9]([C:8]1([H:18])[H:19])([H:20])[H:21])([H:11])[C:2](=[O:1])[O:3][H:10])([H:12])[H:13])([H:14])[H:15])[H:17],,
15,-0.013011342259141733,RESP2,hf/6-31g*,1.0,1.0,H,hf,16,[H:16][C:7]1([C:6]([C:5]([C:4]([C:9]([C:8]1([H:18])[H:19])([H:20])[H:21])([H:11])[C:2](=[O:1])[O:3][H:10])([H:12])[H:13])([H:14])[H:15])[H:17],,
16,-0.008763059475286078,RESP2,hf/6-31g*,1.0,1.0,H,hf,17,[H:16][C:7]1([C:6]([C:5]([C:4]([C:9]([C:8]1([H:18])[H:19])([H:20])[H:21])([H:11])[C:2](=[O:1])[O:3][H:10])([H:12])[H:13])([H:14])[H:15])[H:17],,
17,-0.0007694216372766379,RESP2,hf/6-31g*,1.0,1.0,H,hf,18,[H:16][C:7]1([C:6]([C:5]([C:4]([C:9]([C:8]1([H:18])[H:19])([H:20])[H:21])([H:11])[C:2](=[O:1])[O:3][H:10])([H:12])[H:13])([H:14])[H:15])[H:17],,
18,-0.004365472035971687,RESP2,hf/6-31g*,1.0,1.0,H,hf,19,[H:16][C:7]1([C:6]([C:5]([C:4]([C:9]([C:8]1([H:18])[H:19])([H:20])[H:21])([H:11])[C:2](=[O:1])[O:3][H:10])([H:12])[H:13])([H:14])[H:15])[H:17],,
19,0.00178347578292183,RESP2,hf/6-31g*,1.0,1.0,H,hf,20,[H:16][C:7]1([C:6]([C:5]([C:4]([C:9]([C:8]1([H:18])[H:19])([H:20])[H:21])([H:11])[C:2](=[O:1])[O:3][H:10])([H:12])[H:13])([H:14])[H:15])[H:17],,
20,0.005489837098474534,RESP2,hf/6-31g*,1.0,1.0,H,hf,21,[H:16][C:7]1([C:6]([C:5]([C:4]([C:9]([C:8]1([H:18])[H:19])([H:20])[H:21])([H:11])[C:2](=[O:1])[O:3][H:10])([H:12])[H:13])([H:14])[H:15])[H:17],,
0,-0.592142732362548,RESP2,hf/6-31g*,,0.0,O,hf,1,[H:16][C:7]1([C:6]([C:5]([C:4]([C:9]([C:8]1([H:18])[H:19])([H:20])[H:21])([H:11])[C:2](=[O:1])[O:3][H:10])([H:12])[H:13])([H:14])[H:15])[H:17],,
1,0.7067239681844868,RESP2,hf/6-31g*,,0.0,C,hf,2,[H:16][C:7]1([C:6]([C:5]([C:4]([C:9]([C:8]1([H:18])[H:19])([H:20])[H:21])([H:11])[C:2](=[O:1])[O:3][H:10])([H:12])[H:13])([H:14])[H:15])[H:17],,
2,-0.6522976674023906,RESP2,hf/6-31g*,,0.0,O,hf,3,[H:16][C:7]1([C:6]([C:5]([C:4]([C:9]([C:8]1([H:18])[H:19])([H:20])[H:21])([H:11])[C:2](=[O:1])[O:3][H:10])([H:12])[H:13])([H:14])[H:15])[H:17],,
3,0.04363568817425024,RESP2,hf/6-31g*,,0.0,C,hf,4,[H:16][C:7]1([C:6]([C:5]([C:4]([C:9]([C:8]1([H:18])[H:19])([H:20])[H:21])([H:11])[C:2](=[O:1])[O:3][H:10])([H:12])[H:13])([H:14])[H:15])[H:17],,
4,-0.01707116705408546,RESP2,hf/6-31g*,,0.0,C,hf,5,[H:16][C:7]1([C:6]([C:5]([C:4]([C:9]([C:8]1([H:18])[H:19])([H:20])[H:21])([H:11])[C:2](=[O:1])[O:3][H:10])([H:12])[H:13])([H:14])[H:15])[H:17],,
5,0.01397064589019918,RESP2,hf/6-31g*,,0.0,C,hf,6,[H:16][C:7]1([C:6]([C:5]([C:4]([C:9]([C:8]1([H:18])[H:19])([H:20])[H:21])([H:11])[C:2](=[O:1])[O:3][H:10])([H:12])[H:13])([H:14])[H:15])[H:17],,
6,-0.01037306445336187,RESP2,hf/6-31g*,,0.0,C,hf,7,[H:16][C:7]1([C:6]([C:5]([C:4]([C:9]([C:8]1([H:18])[H:19])([H:20])[H:21])([H:11])[C:2](=[O:1])[O:3][H:10])([H:12])[H:13])([H:14])[H:15])[H:17],,
7,0.048886180679175446,RESP2,hf/6-31g*,,0.0,C,hf,8,[H:16][C:7]1([C:6]([C:5]([C:4]([C:9]([C:8]1([H:18])[H:19])([H:20])[H:21])([H:11])[C:2](=[O:1])[O:3][H:10])([H:12])[H:13])([H:14])[H:15])[H:17],,
8,-0.012732556006349448,RESP2,hf/6-31g*,,0.0,C,hf,9,[H:16][C:7]1([C:6]([C:5]([C:4]([C:9]([C:8]1([H:18])[H:19])([H:20])[H:21])([H:11])[C:2](=[O:1])[O:3][H:10])([H:12])[H:13])([H:14])[H:15])[H:17],,
9,0.45556000208059955,RESP2,hf/6-31g*,,0.0,H,hf,10,[H:16][C:7]1([C:6]([C:5]([C:4]([C:9]([C:8]1([H:18])[H:19])([H:20])[H:21])([H:11])[C:2](=[O:1])[O:3][H:10])([H:12])[H:13])([H:14])[H:15])[H:17],,
10,0.0057025651230355814,RESP2,hf/6-31g*,,0.0,H,hf,11,[H:16][C:7]1([C:6]([C:5]([C:4]([C:9]([C:8]1([H:18])[H:19])([H:20])[H:21])([H:11])[C:2](=[O:1])[O:3][H:10])([H:12])[H:13])([H:14])[H:15])[H:17],,
11,0.011840713425439325,RESP2,hf/6-31g*,,0.0,H,hf,12,[H:16][C:7]1([C:6]([C:5]([C:4]([C:9]([C:8]1([H:18])[H:19])([H:20])[H:21])([H:11])[C:2](=[O:1])[O:3][H:10])([H:12])[H:13])([H:14])[H:15])[H:17],,
12,0.004832761507460398,RESP2,hf/6-31g*,,0.0,H,hf,13,[H:16][C:7]1([C:6]([C:5]([C:4]([C:9]([C:8]1([H:18])[H:19])([H:20])[H:21])([H:11])[C:2](=[O:1])[O:3][H:10])([H:12])[H:13])([H:14])[H:15])[H:17],,
13,0.0008010676348335803,RESP2,hf/6-31g*,,0.0,H,hf,14,[H:16][C:7]1([C:6]([C:5]([C:4]([C:9]([C:8]1([H:18])[H:19])([H:20])[H:21])([H:11])[C:2](=[O:1])[O:3][H:10])([H:12])[H:13])([H:14])[H:15])[H:17],,
14,0.0007894531313170566,RESP2,hf/6-31g*,,0.0,H,hf,15,[H:16][C:7]1([C:6]([C:5]([C:4]([C:9]([C:8]1([H:18])[H:19])([H:20])[H:21])([H:11])[C:2](=[O:1])[O:3][H:10])([H:12])[H:13])([H:14])[H:15])[H:17],,
15,-0.0009258406894749729,RESP2,hf/6-31g*,,0.0,H,hf,16,[H:16][C:7]1([C:6]([C:5]([C:4]([C:9]([C:8]1([H:18])[H:19])([H:20])[H:21])([H:11])[C:2](=[O:1])[O:3][H:10])([H:12])[H:13])([H:14])[H:15])[H:17],,
16,0.0036682314359690635,RESP2,hf/6-31g*,,0.0,H,hf,17,[H:16][C:7]1([C:6]([C:5]([C:4]([C:9]([C:8]1([H:18])[H:19])([H:20])[H:21])([H:11])[C:2](=[O:1])[O:3][H:10])([H:12])[H:13])([H:14])[H:15])[H:17],,
17,-0.010591104616085036,RESP2,hf/6-31g*,,0.0,H,hf,18,[H:16][C:7]1([C:6]([C:5]([C:4]([C:9]([C:8]1([H:18])[H:19])([H:20])[H:21])([H:11])[C:2](=[O:1])[O:3][H:10])([H:12])[H:13])([H:14])[H:15])[H:17],,
18,-0.013574077088212434,RESP2,hf/6-31g*,,0.0,H,hf,19,[H:16][C:7]1([C:6]([C:5]([C:4]([C:9]([C:8]1([H:18])[H:19])([H:20])[H:21])([H:11])[C:2](=[O:1])[O:3][H:10])([H:12])[H:13])([H:14])[H:15])[H:17],,
19,0.006346507572366814,RESP2,hf/6-31g*,,0.0,H,hf,20,[H:16][C:7]1([C:6]([C:5]([C:4]([C:9]([C:8]1([H:18])[H:19])([H:20])[H:21])([H:11])[C:2](=[O:1])[O:3][H:10])([H:12])[H:13])([H:14])[H:15])[H:17],,
20,0.0069504248333747964,RESP2,hf/6-31g*,,0.0,H,hf,21,[H:16][C:7]1([C:6]([C:5]([C:4]([C:9]([C:8]1([H:18])[H:19])([H:20])[H:21])([H:11])[C:2](=[O:1])[O:3][H:10])([H:12])[H:13])([H:14])[H:15])[H:17],,
0,-0.5956351319342699,RESP2,hf/6-31g*,,0.05,O,hf,1,[H:16][C:7]1([C:6]([C:5]([C:4]([C:9]([C:8]1([H:18])[H:19])([H:20])[H:21])([H:11])[C:2](=[O:1])[O:3][H:10])([H:12])[H:13])([H:14])[H:15])[H:17],,
1,0.7093822869963465,RESP2,hf/6-31g*,,0.05,C,hf,2,[H:16][C:7]1([C:6]([C:5]([C:4]([C:9]([C:8]1([H:18])[H:19])([H:20])[H:21])([H:11])[C:2](=[O:1])[O:3][H:10])([H:12])[H:13])([H:14])[H:15])[H:17],,
2,-0.6537479566019269,RESP2,hf/6-31g*,,0.05,O,hf,3,[H:16][C:7]1([C:6]([C:5]([C:4]([C:9]([C:8]1([H:18])[H:19])([H:20])[H:21])([H:11])[C:2](=[O:1])[O:3][H:10])([H:12])[H:13])([H:14])[H:15])[H:17],,
3,0.041551705823114855,RESP2,hf/6-31g*,,0.05,C,hf,4,[H:16][C:7]1([C:6]([C:5]([C:4]([C:9]([C:8]1([H:18])[H:19])([H:20])[H:21])([H:11])[C:2](=[O:1])[O:3][H:10])([H:12])[H:13])([H:14])[H:15])[H:17],,
4,-0.01666681286520218,RESP2,hf/6-31g*,,0.05,C,hf,5,[H:16][C:7]1([C:6]([C:5]([C:4]([C:9]([C:8]1([H:18])[H:19])([H:20])[H:21])([H:11])[C:2](=[O:1])[O:3][H:10])([H:12])[H:13])([H:14])[H:15])[H:17],,
5,0.014111192507268723,RESP2,hf/6-31g*,,0.05,C,hf,6,[H:16][C:7]1([C:6]([C:5]([C:4]([C:9]([C:8]1([H:18])[H:19])([H:20])[H:21])([H:11])[C:2](=[O:1])[O:3][H:10])([H:12])[H:13])([H:14])[H:15])[H:17],,
6,-0.007928295144018273,RESP2,hf/6-31g*,,0.05,C,hf,7,[H:16][C:7]1([C:6]([C:5]([C:4]([C:9]([C:8]1([H:18])[H:19])([H:20])[H:21])([H:11])[C:2](=[O:1])[O:3][H:10])([H:12])[H:13])([H:14])[H:15])[H:17],,
7,0.046935463811742004,RESP2,hf/6-31g*,,0.05,C,hf,8,[H:16][C:7]1([C:6]([C:5]([C:4]([C:9]([C:8]1([H:18])[H:19])([H:20])[H:21])([H:11])[C:2](=[O:1])[O:3][H:10])([H:12])[H:13])([H:14])[H:15])[H:17],,
8,-0.011525019964310542,RESP2,hf/6-31g*,,0.05,C,hf,9,[H:16][C:7]1([C:6]([C:5]([C:4]([C:9]([C:8]1([H:18])[H:19])([H:20])[H:21])([H:11])[C:2](=[O:1])[O:3][H:10])([H:12])[H:13])([H:14])[H:15])[H:17],,
9,0.45732121935495507,RESP2,hf/6-31g*,,0.05,H,hf,10,[H:16][C:7]1([C:6]([C:5]([C:4]([C:9]([C:8]1([H:18])[H:19])([H:20])[H:21])([H:11])[C:2](=[O:1])[O:3][H:10])([H:12])[H:13])([H:14])[H:15])[H:17],,
10,0.006927278581762475,RESP2,hf/6-31g*,,0.05,H,hf,11,[H:16][C:7]1([C:6]([C:5]([C:4]([C:9]([C:8]1([H:18])[H:19])([H:20])[H:21])([H:11])[C:2](=[O:1])[O:3][H:10])([H:12])[H:13])([H:14])[H:15])[H:17],,
11,0.011713871451029896,RESP2,hf/6-31g*,,0.05,H,hf,12,[H:16][C:7]1([C:6]([C:5]([C:4]([C:9]([C:8]1([H:18])[H:19])([H:20])[H:21])([H:11])[C:2](=[O:1])[O:3][H:10])([H:12])[H:13])([H:14])[H:15])[H:17],,
12,0.005098315344480751,RESP2,hf/6-31g*,,0.05,H,hf,13,[H:16][C:7]1([C:6]([C:5]([C:4]([C:9]([C:8]1([H:18])[H:19])([H:20])[H:21])([H:11])[C:2](=[O:1])[O:3][H:10])([H:12])[H:13])([H:14])[H:15])[H:17],,
13,0.0006365022798436133,RESP2,hf/6-31g*,,0.05,H,hf,14,[H:16][C:7]1([C:6]([C:5]([C:4]([C:9]([C:8]1([H:18])[H:19])([H:20])[H:21])([H:11])[C:2](=[O:1])[O:3][H:10])([H:12])[H:13])([H:14])[H:15])[H:17],,
14,0.0005267447331266396,RESP2,hf/6-31g*,,0.05,H,hf,15,[H:16][C:7]1([C:6]([C:5]([C:4]([C:9]([C:8]1([H:18])[H:19])([H:20])[H:21])([H:11])[C:2](=[O:1])[O:3][H:10])([H:12])[H:13])([H:14])[H:15])[H:17],,
15,-0.001530114645982497,RESP2,hf/6-31g*,,0.05,H,hf,16,[H:16][C:7]1([C:6]([C:5]([C:4]([C:9]([C:8]1([H:18])[H:19])([H:20])[H:21])([H:11])[C:2](=[O:1])[O:3][H:10])([H:12])[H:13])([H:14])[H:15])[H:17],,
16,0.0030466646766947997,RESP2,hf/6-31g*,,0.05,H,hf,17,[H:16][C:7]1([C:6]([C:5]([C:4]([C:9]([C:8]1([H:18])[H:19])([H:20])[H:21])([H:11])[C:2](=[O:1])[O:3][H:10])([H:12])[H:13])([H:14])[H:15])[H:17],,
17,-0.010100018617901656,RESP2,hf/6-31g*,,0.05,H,hf,18,[H:16][C:7]1([C:6]([C:5]([C:4]([C:9]([C:8]1([H:18])[H:19])([H:20])[H:21])([H:11])[C:2](=[O:1])[O:3][H:10])([H:12])[H:13])([H:14])[H:15])[H:17],,
18,-0.013113642028824061,RESP2,hf/6-31g*,,0.05,H,hf,19,[H:16][C:7]1([C:6]([C:5]([C:4]([C:9]([C:8]1([H:18])[H:19])([H:20])[H:21])([H:11])[C:2](=[O:1])[O:3][H:10])([H:12])[H:13])([H:14])[H:15])[H:17],,
19,0.00611835282656734,RESP2,hf/6-31g*,,0.05,H,hf,20,[H:16][C:7]1([C:6]([C:5]([C:4]([C:9]([C:8]1([H:18])[H:19])([H:20])[H:21])([H:11])[C:2](=[O:1])[O:3][H:10])([H:12])[H:13])([H:14])[H:15])[H:17],,
20,0.006877393415503316,RESP2,hf/6-31g*,,0.05,H,hf,21,[H:16][C:7]1([C:6]([C:5]([C:4]([C:9]([C:8]1([H:18])[H:19])([H:20])[H:21])([H:11])[C:2](=[O:1])[O:3][H:10])([H:12])[H:13])([H:14])[H:15])[H:17],,
0,-0.5991275315059919,RESP2,hf/6-31g*,,0.1,O,hf,1,[H:16][C:7]1([C:6]([C:5]([C:4]([C:9]([C:8]1([H:18])[H:19])([H:20])[H:21])([H:11])[C:2](=[O:1])[O:3][H:10])([H:12])[H:13])([H:14])[H:15])[H:17],,
1,0.712040605808206,RESP2,hf/6-31g*,,0.1,C,hf,2,[H:16][C:7]1([C:6]([C:5]([C:4]([C:9]([C:8]1([H:18])[H:19])([H:20])[H:21])([H:11])[C:2](=[O:1])[O:3][H:10])([H:12])[H:13])([H:14])[H:15])[H:17],,
2,-0.6551982458014632,RESP2,hf/6-31g*,,0.1,O,hf,3,[H:16][C:7]1([C:6]([C:5]([C:4]([C:9]([C:8]1([H:18])[H:19])([H:20])[H:21])([H:11])[C:2](=[O:1])[O:3][H:10])([H:12])[H:13])([H:14])[H:15])[H:17],,
3,0.03946772347197949,RESP2,hf/6-31g*,,0.1,C,hf,4,[H:16][C:7]1([C:6]([C:5]([C:4]([C:9]([C:8]1([H:18])[H:19])([H:20])[H:21])([H:11])[C:2](=[O:1])[O:3][H:10])([H:12])[H:13])([H:14])[H:15])[H:17],,
4,-0.016262458676318908,RESP2,hf/6-31g*,,0.1,C,hf,5,[H:16][C:7]1([C:6]([C:5]([C:4]([C:9]([C:8]1([H:18])[H:19])([H:20])[H:21])([H:11])[C:2](=[O:1])[O:3][H:10])([H:12])[H:13])([H:14])[H:15])[H:17],,
5,0.014251739124338268,RESP2,hf/6-31g*,,0.1,C,hf,6,[H:16][C:7]1([C:6]([C:5]([C:4]([C:9]([C:8]1([H:18])[H:19])([H:20])[H:21])([H:11])[C:2](=[O:1])[O:3][H:10])([H:12])[H:13])([H:14])[H:15])[H:17],,
6,-0.005483525834674683,RESP2,hf/6-31g*,,0.1,C,hf,7,[H:16][C:7]1([C:6]([C:5]([C:4]([C:9]([C:8]1([H:18])[H:19])([H:20])[H:21])([H:11])[C:2](=[O:1])[O:3][H:10])([H:12])[H:13])([H:14])[H:15])[H:17],,
7,0.044984746944308575,RESP2,hf/6-31g*,,0.1,C,hf,8,[H:16][C:7]1([C:6]([C:5]([C:4]([C:9]([C:8]1([H:18])[H:19])([H:20])[H:21])([H:11])[C:2](=[O:1])[O:3][H:10])([H:12])[H:13])([H:14])[H:15])[H:17],,
8,-0.010317483922271642,RESP2,hf/6-31g*,,0.1,C,hf,9,[H:16][C:7]1([C:6]([C:5]([C:4]([C:9]([C:8]1([H:18])[H:19])([H:20])[H:21])([H:11])[C:2](=[O:1])[O:3][H:10])([H:12])[H:13])([H:14])[H:15])[H:17],,
9,0.4590824366293107,RESP2,hf/6-31g*,,0.1,H,hf,10,[H:16][C:7]1([C:6]([C:5]([C:4]([C:9]([C:8]1([H:18])[H:19])([H:20])[H:21])([H:11])[C:2](=[O:1])[O:3][H:10])([H:12])[H:13])([H:14])[H:15])[H:17],,
10,0.008151992040489366,RESP2,hf/6-31g*,,0.1,H,hf,11,[H:16][C:7]1([C:6]([C:5]([C:4]([C:9]([C:8]1([H:18])[H:19])([H:20])[H:21])([H:11])[C:2](=[O:1])[O:3][H:10])([H:12])[H:13])([H:14])[H:15])[H:17],,
11,0.011587029476620464,RESP2,hf/6-31g*,,0.1,H,hf,12,[H:16][C:7]1([C:6]([C:5]([C:4]([C:9]([C:8]1([H:18])[H:19])([H:20])[H:21])([H:11])[C:2](=[O:1])[O:3][H:10])([H:12])[H:13])([H:14])[H:15])[H:17],,
12,0.005363869181501099,RESP2,hf/6-31g*,,0.1,H,hf,13,[H:16][C:7]1([C:6]([C:5]([C:4]([C:9]([C:8]1([H:18])[H:19])([H:20])[H:21])([H:11])[C:2](=[O:1])[O:3][H:10])([H:12])[H:13])([H:14])[H:15])[H:17],,
13,0.0004719369248536411,RESP2,hf/6-31g*,,0.1,H,hf,14,[H:16][C:7]1([C:6]([C:5]([C:4]([C:9]([C:8]1([H:18])[H:19])([H:20])[H:21])([H:11])[C:2](=[O:1])[O:3][H:10])([H:12])[H:13])([H:14])[H:15])[H:17],,
14,0.0002640363349362173,RESP2,hf/6-31g*,,0.1,H,hf,15,[H:16][C:7]1([C:6]([C:5]([C:4]([C:9]([C:8]1([H:18])[H:19])([H:20])[H:21])([H:11])[C:2](=[O:1])[O:3][H:10])([H:12])[H:13])([H:14])[H:15])[H:17],,
15,-0.0021343886024900267,RESP2,hf/6-31g*,,0.1,H,hf,16,[H:16][C:7]1([C:6]([C:5]([C:4]([C:9]([C:8]1([H:18])[H:19])([H:20])[H:21])([H:11])[C:2](=[O:1])[O:3][H:10])([H:12])[H:13])([H:14])[H:15])[H:17],,
16,0.0024250979174205317,RESP2,hf/6-31g*,,0.1,H,hf,17,[H:16][C:7]1([C:6]([C:5]([C:4]([C:9]([C:8]1([H:18])[H:19])([H:20])[H:21])([H:11])[C:2](=[O:1])[O:3][H:10])([H:12])[H:13])([H:14])[H:15])[H:17],,
17,-0.009608932619718282,RESP2,hf/6-31g*,,0.1,H,hf,18,[H:16][C:7]1([C:6]([C:5]([C:4]([C:9]([C:8]1([H:18])[H:19])([H:20])[H:21])([H:11])[C:2](=[O:1])[O:3][H:10])([H:12])[H:13])([H:14])[H:15])[H:17],,
18,-0.012653206969435692,RESP2,hf/6-31g*,,0.1,H,hf,19,[H:16][C:7]1([C:6]([C:5]([C:4]([C:9]([C:8]1([H:18])[H:19])([H:20])[H:21])([H:11])[C:2](=[O:1])[O:3][H:10])([H:12])[H:13])([H:14])[H:15])[H:17],,
19,0.005890198080767861,RESP2,hf/6-31g*,,0.1,H,hf,20,[H:16][C:7]1([C:6]([C:5]([C:4]([C:9]([C:8]1([H:18])[H:19])([H:20])[H:21])([H:11])[C:2](=[O:1])[O:3][H:10])([H:12])[H:13])([H:14])[H:15])[H:17],,
20,0.0068043619976318305,RESP2,hf/6-31g*,,0.1,H,hf,21,[H:16][C:7]1([C:6]([C:5]([C:4]([C:9]([C:8]1([H:18])[H:19])([H:20])[H:21])([H:11])[C:2](=[O:1])[O:3][H:10])([H:12])[H:13])([H:14])[H:15])[H:17],,
0,-0.6026199310777137,RESP2,hf/6-31g*,,0.15000000000000002,O,hf,1,[H:16][C:7]1([C:6]([C:5]([C:4]([C:9]([C:8]1([H:18])[H:19])([H:20])[H:21])([H:11])[C:2](=[O:1])[O:3][H:10])([H:12])[H:13])([H:14])[H:15])[H:17],,
1,0.7146989246200657,RESP2,hf/6-31g*,,0.15000000000000002,C,hf,2,[H:16][C:7]1([C:6]([C:5]([C:4]([C:9]([C:8]1([H:18])[H:19])([H:20])[H:21])([H:11])[C:2](=[O:1])[O:3][H:10])([H:12])[H:13])([H:14])[H:15])[H:17],,
2,-0.6566485350009993,RESP2,hf/6-31g*,,0.15000000000000002,O,hf,3,[H:16][C:7]1([C:6]([C:5]([C:4]([C:9]([C:8]1([H:18])[H:19])([H:20])[H:21])([H:11])[C:2](=[O:1])[O:3][H:10])([H:12])[H:13])([H:14])[H:15])[H:17],,
3,0.03738374112084411,RESP2,hf/6-31g*,,0.15000000000000002,C,hf,4,[H:16][C:7]1([C:6]([C:5]([C:4]([C:9]([C:8]1([H:18])[H:19])([H:20])[H:21])([H:11])[C:2](=[O:1])[O:3][H:10])([H:12])[H:13])([H:14])[H:15])[H:17],,
4,-0.015858104487435624,RESP2,hf/6-31g*,,0.15000000000000002,C,hf,5,[H:16][C:7]1([C:6]([C:5]([C:4]([C:9]([C:8]1([H:18])[H:19])([H:20])[H:21])([H:11])[C:2](=[O:1])[O:3][H:10])([H:12])[H:13])([H:14])[H:15])[H:17],,
5,0.014392285741407815,RESP2,hf/6-31g*,,0.15000000000000002,C,hf,6,[H:16][C:7]1([C:6]([C:5]([C:4]([C:9]([C:8]1([H:18])[H:19])([H:20])[H:21])([H:11])[C:2](=[O:1])[O:3][H:10])([H:12])[H:13])([H:14])[H:15])[H:17],,
6,-0.003038756525331084,RESP2,hf/6-31g*,,0.15000000000000002,C,hf,7,[H:16][C:7]1([C:6]([C:5]([C:4]([C:9]([C:8]1([H:18])[H:19])([H:20])[H:21])([H:11])[C:2](=[O:1])[O:3][H:10])([H:12])[H:13])([H:14])[H:15])[H:17],,
7,0.04303403007687513,RESP2,hf/6-31g*,,0.15000000000000002,C,hf,8,[H:16][C:7]1([C:6]([C:5]([C:4]([C:9]([C:8]1([H:18])[H:19])([H:20])[H:21])([H:11])[C:2](=[O:1])[O:3][H:10])([H:12])[H:13])([H:14])[H:15])[H:17],,
8,-0.009109947880232734,RESP2,hf/6-31g*,,0.15000000000000002,C,hf,9,[H:16][C:7]1([C:6]([C:5]([C:4]([C:9]([C:8]1([H:18])[H:19])([H:20])[H:21])([H:11])[C:2](=[O:1])[O:3][H:10])([H:12])[H:13])([H:14])[H:15])[H:17],,
9,0.46084365390366616,RESP2,hf/6-31g*,,0.15000000000000002,H,hf,10,[H:16][C:7]1([C:6]([C:5]([C:4]([C:9]([C:8]1([H:18])[H:19])([H:20])[H:21])([H:11])[C:2](=[O:1])[O:3][H:10])([H:12])[H:13])([H:14])[H:15])[H:17],,
10,0.00937670549921626,RESP2,hf/6-31g*,,0.15000000000000002,H,hf,11,[H:16][C:7]1([C:6]([C:5]([C:4]([C:9]([C:8]1([H:18])[H:19])([H:20])[H:21])([H:11])[C:2](=[O:1])[O:3][H:10])([H:12])[H:13])([H:14])[H:15])[H:17],,
11,0.011460187502211037,RESP2,hf/6-31g*,,0.15000000000000002,H,hf,12,[H:16][C:7]1([C:6]([C:5]([C:4]([C:9]([C:8]1([H:18])[H:19])([H:20])[H:21])([H:11])[C:2](=[O:1])[O:3][H:10])([H:12])[H:13])([H:14])[H:15])[H:17],,
12,0.005629423018521452,RESP2,hf/6-31g*,,0.15000000000000002,H,hf,13,[H:16][C:7]1([C:6]([C:5]([C:4]([C:9]([C:8]1([H:18])[H:19])([H:20])[H:21])([H:11])[C:2](=[O:1])[O:3][H:10])([H:12])[H:13])([H:14])[H:15])[H:17],,
13,0.0003073715698636741,RESP2,hf/6-31g*,,0.15000000000000002,H,hf,14,[H:16][C:7]1([C:6]([C:5]([C:4]([C:9]([C:8]1([H:18])[H:19])([H:20])[H:21])([H:11])[C:2](=[O:1])[O:3][H:10])([H:12])[H:13])([H:14])[H:15])[H:17],,
14,1.3279367458001008e-06,RESP2,hf/6-31g*,,0.15000000000000002,H,hf,15,[H:16][C:7]1([C:6]([C:5]([C:4]([C:9]([C:8]1([H:18])[H:19])([H:20])[H:21])([H:11])[C:2](=[O:1])[O:3][H:10])([H:12])[H:13])([H:14])[H:15])[H:17],,
15,-0.0027386625589975503,RESP2,hf/6-31g*,,0.15000000000000002,H,hf,16,[H:16][C:7]1([C:6]([C:5]([C:4]([C:9]([C:8]1([H:18])[H:19])([H:20])[H:21])([H:11])[C:2](=[O:1])[O:3][H:10])([H:12])[H:13])([H:14])[H:15])[H:17],,
16,0.001803531158146268,RESP2,hf/6-31g*,,0.15000000000000002,H,hf,17,[H:16][C:7]1([C:6]([C:5]([C:4]([C:9]([C:8]1([H:18])[H:19])([H:20])[H:21])([H:11])[C:2](=[O:1])[O:3][H:10])([H:12])[H:13])([H:14])[H:15])[H:17],,
17,-0.009117846621534902,RESP2,hf/6-31g*,,0.15000000000000002,H,hf,18,[H:16][C:7]1([C:6]([C:5]([C:4]([C:9]([C:8]1([H:18])[H:19])([H:20])[H:21])([H:11])[C:2](=[O:1])[O:3][H:10])([H:12])[H:13])([H:14])[H:15])[H:17],,
18,-0.012192771910047317,RESP2,hf/6-31g*,,0.15000000000000002,H,hf,19,[H:16][C:7]1([C:6]([C:5]([C:4]([C:9]([C:8]1([H:18])[H:19])([H:20])[H:21])([H:11])[C:2](=[O:1])[O:3][H:10])([H:12])[H:13])([H:14])[H:15])[H:17],,
19,0.005662043334968388,RESP2,hf/6-31g*,,0.15000000000000002,H,hf,20,[H:16][C:7]1([C:6]([C:5]([C:4]([C:9]([C:8]1([H:18])[H:19])([H:20])[H:21])([H:11])[C:2](=[O:1])[O:3][H:10])([H:12])[H:13])([H:14])[H:15])[H:17],,
20,0.006731330579760352,RESP2,hf/6-31g*,,0.15000000000000002,H,hf,21,[H:16][C:7]1([C:6]([C:5]([C:4]([C:9]([C:8]1([H:18])[H:19])([H:20])[H:21])([H:11])[C:2](=[O:1])[O:3][H:10])([H:12])[H:13])([H:14])[H:15])[H:17],,
0,-0.6061123306494356,RESP2,hf/6-31g*,,0.2,O,hf,1,[H:16][C:7]1([C:6]([C:5]([C:4]([C:9]([C:8]1([H:18])[H:19])([H:20])[H:21])([H:11])[C:2](=[O:1])[O:3][H:10])([H:12])[H:13])([H:14])[H:15])[H:17],,
1,0.7173572434319255,RESP2,hf/6-31g*,,0.2,C,hf,2,[H:16][C:7]1([C:6]([C:5]([C:4]([C:9]([C:8]1([H:18])[H:19])([H:20])[H:21])([H:11])[C:2](=[O:1])[O:3][H:10])([H:12])[H:13])([H:14])[H:15])[H:17],,
2,-0.6580988242005357,RESP2,hf/6-31g*,,0.2,O,hf,3,[H:16][C:7]1([C:6]([C:5]([C:4]([C:9]([C:8]1([H:18])[H:19])([H:20])[H:21])([H:11])[C:2](=[O:1])[O:3][H:10])([H:12])[H:13])([H:14])[H:15])[H:17],,
3,0.035299758769708735,RESP2,hf/6-31g*,,0.2,C,hf,4,[H:16][C:7]1([C:6]([C:5]([C:4]([C:9]([C:8]1([H:18])[H:19])([H:20])[H:21])([H:11])[C:2](=[O:1])[O:3][H:10])([H:12])[H:13])([H:14])[H:15])[H:17],,
4,-0.015453750298552348,RESP2,hf/6-31g*,,0.2,C,hf,5,[H:16][C:7]1([C:6]([C:5]([C:4]([C:9]([C:8]1([H:18])[H:19])([H:20])[H:21])([H:11])[C:2](=[O:1])[O:3][H:10])([H:12])[H:13])([H:14])[H:15])[H:17],,
5,0.01453283235847736,RESP2,hf/6-31g*,,0.2,C,hf,6,[H:16][C:7]1([C:6]([C:5]([C:4]([C:9]([C:8]1([H:18])[H:19])([H:20])[H:21])([H:11])[C:2](=[O:1])[O:3][H:10])([H:12])[H:13])([H:14])[H:15])[H:17],,
6,-0.0005939872159874918,RESP2,hf/6-31g*,,0.2,C,hf,7,[H:16][C:7]1([C:6]([C:5]([C:4]([C:9]([C:8]1([H:18])[H:19])([H:20])[H:21])([H:11])[C:2](=[O:1])[O:3][H:10])([H:12])[H:13])([H:14])[H:15])[H:17],,
7,0.0410833132094417,RESP2,hf/6-31g*,,0.2,C,hf,8,[H:16][C:7]1([C:6]([C:5]([C:4]([C:9]([C:8]1([H:18])[H:19])([H:20])[H:21])([H:11])[C:2](=[O:1])[O:3][H:10])([H:12])[H:13])([H:14])[H:15])[H:17],,
8,-0.007902411838193832,RESP2,hf/6-31g*,,0.2,C,hf,9,[H:16][C:7]1([C:6]([C:5]([C:4]([C:9]([C:8]1([H:18])[H:19])([H:20])[H:21])([H:11])[C:2](=[O:1])[O:3][H:10])([H:12])[H:13])([H:14])[H:15])[H:17],,
9,0.4626048711780218,RESP2,hf/6-31g*,,0.2,H,hf,10,[H:16][C:7]1([C:6]([C:5]([C:4]([C:9]([C:8]1([H:18])[H:19])([H:20])[H:21])([H:11])[C:2](=[O:1])[O:3][H:10])([H:12])[H:13])([H:14])[H:15])[H:17],,
10,0.01060141895794315,RESP2,hf/6-31g*,,0.2,H,hf,11,[H:16][C:7]1([C:6]([C:5]([C:4]([C:9]([C:8]1([H:18])[H:19])([H:20])[H:21])([H:11])[C:2](=[O:1])[O:3][H:10])([H:12])[H:13])([H:14])[H:15])[H:17],,
11,0.011333345527801608,RESP2,hf/6-31g*,,0.2,H,hf,12,[H:16][C:7]1([C:6]([C:5]([C:4]([C:9]([C:8]1([H:18])[H:19])([H:20])[H:21])([H:11])[C:2](=[O:1])[O:3][H:10])([H:12])[H:13])([H:14])[H:15])[H:17],,
12,0.005894976855541803,RESP2,hf/6-31g*,,0.2,H,hf,13,[H:16][C:7]1([C:6]([C:5]([C:4]([C:9]([C:8]1([H:18])[H:19])([H:20])[H:21])([H:11])[C:2](=[O:1])[O:3][H:10])([H:12])[H:13])([H:14])[H:15])[H:17],,
13,0.0001428062148737046,RESP2,hf/6-31g*,,0.2,H,hf,14,[H:16][C:7]1([C:6]([C:5]([C:4]([C:9]([C:8]1([H:18])[H:19])([H:20])[H:21])([H:11])[C:2](=[O:1])[O:3][H:10])([H:12])[H:13])([H:14])[H:15])[H:17],,
14,-0.0002613804614446194,RESP2,hf/6-31g*,,0.2,H,hf,15,[H:16][C:7]1([C:6]([C:5]([C:4]([C:9]([C:8]1([H:18])[H:19])([H:20])[H:21])([H:11])[C:2](=[O:1])[O:3][H:10])([H:12])[H:13])([H:14])[H:15])[H:17],,
15,-0.003342936515505077,RESP2,hf/6-31g*,,0.2,H,hf,16,[H:16][C:7]1([C:6]([C:5]([C:4]([C:9]([C:8]1([H:18])[H:19])([H:20])[H:21])([H:11])[C:2](=[O:1])[O:3][H:10])([H:12])[H:13])([H:14])[H:15])[H:17],,
16,0.0011819643988720025,RESP2,hf/6-31g*,,0.2,H,hf,17,[H:16][C:7]1([C:6]([C:5]([C:4]([C:9]([C:8]1([H:18])[H:19])([H:20])[H:21])([H:11])[C:2](=[O:1])[O:3][H:10])([H:12])[H:13])([H:14])[H:15])[H:17],,
17,-0.008626760623351526,RESP2,hf/6-31g*,,0.2,H,hf,18,[H:16][C:7]1([C:6]([C:5]([C:4]([C:9]([C:8]1([H:18])[H:19])([H:20])[H:21])([H:11])[C:2](=[O:1])[O:3][H:10])([H:12])[H:13])([H:14])[H:15])[H:17],,
18,-0.011732336850658946,RESP2,hf/6-31g*,,0.2,H,hf,19,[H:16][C:7]1([C:6]([C:5]([C:4]([C:9]([C:8]1([H:18])[H:19])([H:20])[H:21])([H:11])[C:2](=[O:1])[O:3][H:10])([H:12])[H:13])([H:14])[H:15])[H:17],,
19,0.005433888589168913,RESP2,hf/6-31g*,,0.2,H,hf,20,[H:16][C:7]1([C:6]([C:5]([C:4]([C:9]([C:8]1([H:18])[H:19])([H:20])[H:21])([H:11])[C:2](=[O:1])[O:3][H:10])([H:12])[H:13])([H:14])[H:15])[H:17],,
20,0.00665829916188887,RESP2,hf/6-31g*,,0.2,H,hf,21,[H:16][C:7]1([C:6]([C:5]([C:4]([C:9]([C:8]1([H:18])[H:19])([H:20])[H:21])([H:11])[C:2](=[O:1])[O:3][H:10])([H:12])[H:13])([H:14])[H:15])[H:17],,
0,-0.6096047302211575,RESP2,hf/6-31g*,,0.25,O,hf,1,[H:16][C:7]1([C:6]([C:5]([C:4]([C:9]([C:8]1([H:18])[H:19])([H:20])[H:21])([H:11])[C:2](=[O:1])[O:3][H:10])([H:12])[H:13])([H:14])[H:15])[H:17],,
1,0.720015562243785,RESP2,hf/6-31g*,,0.25,C,hf,2,[H:16][C:7]1([C:6]([C:5]([C:4]([C:9]([C:8]1([H:18])[H:19])([H:20])[H:21])([H:11])[C:2](=[O:1])[O:3][H:10])([H:12])[H:13])([H:14])[H:15])[H:17],,
2,-0.6595491134000718,RESP2,hf/6-31g*,,0.25,O,hf,3,[H:16][C:7]1([C:6]([C:5]([C:4]([C:9]([C:8]1([H:18])[H:19])([H:20])[H:21])([H:11])[C:2](=[O:1])[O:3][H:10])([H:12])[H:13])([H:14])[H:15])[H:17],,
3,0.03321577641857338,RESP2,hf/6-31g*,,0.25,C,hf,4,[H:16][C:7]1([C:6]([C:5]([C:4]([C:9]([C:8]1([H:18])[H:19])([H:20])[H:21])([H:11])[C:2](=[O:1])[O:3][H:10])([H:12])[H:13])([H:14])[H:15])[H:17],,
4,-0.015049396109669063,RESP2,hf/6-31g*,,0.25,C,hf,5,[H:16][C:7]1([C:6]([C:5]([C:4]([C:9]([C:8]1([H:18])[H:19])([H:20])[H:21])([H:11])[C:2](=[O:1])[O:3][H:10])([H:12])[H:13])([H:14])[H:15])[H:17],,
5,0.01467337897554691,RESP2,hf/6-31g*,,0.25,C,hf,6,[H:16][C:7]1([C:6]([C:5]([C:4]([C:9]([C:8]1([H:18])[H:19])([H:20])[H:21])([H:11])[C:2](=[O:1])[O:3][H:10])([H:12])[H:13])([H:14])[H:15])[H:17],,
6,0.0018507820933561109,RESP2,hf/6-31g*,,0.25,C,hf,7,[H:16][C:7]1([C:6]([C:5]([C:4]([C:9]([C:8]1([H:18])[H:19])([H:20])[H:21])([H:11])[C:2](=[O:1])[O:3][H:10])([H:12])[H:13])([H:14])[H:15])[H:17],,
7,0.039132596342008275,RESP2,hf/6-31g*,,0.25,C,hf,8,[H:16][C:7]1([C:6]([C:5]([C:4]([C:9]([C:8]1([H:18])[H:19])([H:20])[H:21])([H:11])[C:2](=[O:1])[O:3][H:10])([H:12])[H:13])([H:14])[H:15])[H:17],,
8,-0.00669487579615492,RESP2,hf/6-31g*,,0.25,C,hf,9,[H:16][C:7]1([C:6]([C:5]([C:4]([C:9]([C:8]1([H:18])[H:19])([H:20])[H:21])([H:11])[C:2](=[O:1])[O:3][H:10])([H:12])[H:13])([H:14])[H:15])[H:17],,
9,0.46436608845237737,RESP2,hf/6-31g*,,0.25,H,hf,10,[H:16][C:7]1([C:6]([C:5]([C:4]([C:9]([C:8]1([H:18])[H:19])([H:20])[H:21])([H:11])[C:2](=[O:1])[O:3][H:10])([H:12])[H:13])([H:14])[H:15])[H:17],,
10,0.01182613241667005,RESP2,hf/6-31g*,,0.25,H,hf,11,[H:16][C:7]1([C:6]([C:5]([C:4]([C:9]([C:8]1([H:18])[H:19])([H:20])[H:21])([H:11])[C:2](=[O:1])[O:3][H:10])([H:12])[H:13])([H:14])[H:15])[H:17],,
11,0.011206503553392186,RESP2,hf/6-31g*,,0.25,H,hf,12,[H:16][C:7]1([C:6]([C:5]([C:4]([C:9]([C:8]1([H:18])[H:19])([H:20])[H:21])([H:11])[C:2](=[O:1])[O:3][H:10])([H:12])[H:13])([H:14])[H:15])[H:17],,
12,0.00616053069256216,RESP2,hf/6-31g*,,0.25,H,hf,13,[H:16][C:7]1([C:6]([C:5]([C:4]([C:9]([C:8]1([H:18])[H:19])([H:20])[H:21])([H:11])[C:2](=[O:1])[O:3][H:10])([H:12])[H:13])([H:14])[H:15])[H:17],,
13,-2.1759140116257033e-05,RESP2,hf/6-31g*,,0.25,H,hf,14,[H:16][C:7]1([C:6]([C:5]([C:4]([C:9]([C:8]1([H:18])[H:19])([H:20])[H:21])([H:11])[C:2](=[O:1])[O:3][H:10])([H:12])[H:13])([H:14])[H:15])[H:17],,
14,-0.0005240888596350312,RESP2,hf/6-31g*,,0.25,H,hf,15,[H:16][C:7]1([C:6]([C:5]([C:4]([C:9]([C:8]1([H:18])[H:19])([H:20])[H:21])([H:11])[C:2](=[O:1])[O:3][H:10])([H:12])[H:13])([H:14])[H:15])[H:17],,
15,-0.003947210472012596,RESP2,hf/6-31g*,,0.25,H,hf,16,[H:16][C:7]1([C:6]([C:5]([C:4]([C:9]([C:8]1([H:18])[H:19])([H:20])[H:21])([H:11])[C:2](=[O:1])[O:3][H:10])([H:12])[H:13])([H:14])[H:15])[H:17],,
16,0.0005603976395977441,RESP2,hf/6-31g*,,0.25,H,hf,17,[H:16][C:7]1([C:6]([C:5]([C:4]([C:9]([C:8]1([H:18])[H:19])([H:20])[H:21])([H:11])[C:2](=[O:1])[O:3][H:10])([H:12])[H:13])([H:14])[H:15])[H:17],,
17,-0.00813567462516814,RESP2,hf/6-31g*,,0.25,H,hf,18,[H:16][C:7]1([C:6]([C:5]([C:4]([C:9]([C:8]1([H:18])[H:19])([H:20])[H:21])([H:11])[C:2](=[O:1])[O:3][H:10])([H:12])[H:13])([H:14])[H:15])[H:17],,
18,-0.011271901791270566,RESP2,hf/6-31g*,,0.25,H,hf,19,[H:16][C:7]1([C:6]([C:5]([C:4]([C:9]([C:8]1([H:18])[H:19])([H:20])[H:21])([H:11])[C:2](=[O:1])[O:3][H:10])([H:12])[H:13])([H:14])[H:15])[H:17],,
19,0.0052057338433694434,RESP2,hf/6-31g*,,0.25,H,hf,20,[H:16][C:7]1([C:6]([C:5]([C:4]([C:9]([C:8]1([H:18])[H:19])([H:20])[H:21])([H:11])[C:2](=[O:1])[O:3][H:10])([H:12])[H:13])([H:14])[H:15])[H:17],,
20,0.006585267744017394,RESP2,hf/6-31g*,,0.25,H,hf,21,[H:16][C:7]1([C:6]([C:5]([C:4]([C:9]([C:8]1([H:18])[H:19])([H:20])[H:21])([H:11])[C:2](=[O:1])[O:3][H:10])([H:12])[H:13])([H:14])[H:15])[H:17],,
0,-0.6130971297928794,RESP2,hf/6-31g*,,0.30000000000000004,O,hf,1,[H:16][C:7]1([C:6]([C:5]([C:4]([C:9]([C:8]1([H:18])[H:19])([H:20])[H:21])([H:11])[C:2](=[O:1])[O:3][H:10])([H:12])[H:13])([H:14])[H:15])[H:17],,
1,0.7226738810556447,RESP2,hf/6-31g*,,0.30000000000000004,C,hf,2,[H:16][C:7]1([C:6]([C:5]([C:4]([C:9]([C:8]1([H:18])[H:19])([H:20])[H:21])([H:11])[C:2](=[O:1])[O:3][H:10])([H:12])[H:13])([H:14])[H:15])[H:17],,
2,-0.6609994025996082,RESP2,hf/6-31g*,,0.30000000000000004,O,hf,3,[H:16][C:7]1([C:6]([C:5]([C:4]([C:9]([C:8]1([H:18])[H:19])([H:20])[H:21])([H:11])[C:2](=[O:1])[O:3][H:10])([H:12])[H:13])([H:14])[H:15])[H:17],,
3,0.031131794067437994,RESP2,hf/6-31g*,,0.30000000000000004,C,hf,4,[H:16][C:7]1([C:6]([C:5]([C:4]([C:9]([C:8]1([H:18])[H:19])([H:20])[H:21])([H:11])[C:2](=[O:1])[O:3][H:10])([H:12])[H:13])([H:14])[H:15])[H:17],,
4,-0.014645041920785792,RESP2,hf/6-31g*,,0.30000000000000004,C,hf,5,[H:16][C:7]1([C:6]([C:5]([C:4]([C:9]([C:8]1([H:18])[H:19])([H:20])[H:21])([H:11])[C:2](=[O:1])[O:3][H:10])([H:12])[H:13])([H:14])[H:15])[H:17],,
5,0.014813925592616451,RESP2,hf/6-31g*,,0.30000000000000004,C,hf,6,[H:16][C:7]1([C:6]([C:5]([C:4]([C:9]([C:8]1([H:18])[H:19])([H:20])[H:21])([H:11])[C:2](=[O:1])[O:3][H:10])([H:12])[H:13])([H:14])[H:15])[H:17],,
6,0.0042955514026997025,RESP2,hf/6-31g*,,0.30000000000000004,C,hf,7,[H:16][C:7]1([C:6]([C:5]([C:4]([C:9]([C:8]1([H:18])[H:19])([H:20])[H:21])([H:11])[C:2](=[O:1])[O:3][H:10])([H:12])[H:13])([H:14])[H:15])[H:17],,
7,0.037181879474574825,RESP2,hf/6-31g*,,0.30000000000000004,C,hf,8,[H:16][C:7]1([C:6]([C:5]([C:4]([C:9]([C:8]1([H:18])[H:19])([H:20])[H:21])([H:11])[C:2](=[O:1])[O:3][H:10])([H:12])[H:13])([H:14])[H:15])[H:17],,
8,-0.0054873397541160196,RESP2,hf/6-31g*,,0.30000000000000004,C,hf,9,[H:16][C:7]1([C:6]([C:5]([C:4]([C:9]([C:8]1([H:18])[H:19])([H:20])[H:21])([H:11])[C:2](=[O:1])[O:3][H:10])([H:12])[H:13])([H:14])[H:15])[H:17],,
9,0.46612730572673294,RESP2,hf/6-31g*,,0.30000000000000004,H,hf,10,[H:16][C:7]1([C:6]([C:5]([C:4]([C:9]([C:8]1([H:18])[H:19])([H:20])[H:21])([H:11])[C:2](=[O:1])[O:3][H:10])([H:12])[H:13])([H:14])[H:15])[H:17],,
10,0.013050845875396937,RESP2,hf/6-31g*,,0.30000000000000004,H,hf,11,[H:16][C:7]1([C:6]([C:5]([C:4]([C:9]([C:8]1([H:18])[H:19])([H:20])[H:21])([H:11])[C:2](=[O:1])[O:3][H:10])([H:12])[H:13])([H:14])[H:15])[H:17],,
11,0.01107966157898275,RESP2,hf/6-31g*,,0.30000000000000004,H,hf,12,[H:16][C:7]1([C:6]([C:5]([C:4]([C:9]([C:8]1([H:18])[H:19])([H:20])[H:21])([H:11])[C:2](=[O:1])[O:3][H:10])([H:12])[H:13])([H:14])[H:15])[H:17],,
12,0.006426084529582506,RESP2,hf/6-31g*,,0.30000000000000004,H,hf,13,[H:16][C:7]1([C:6]([C:5]([C:4]([C:9]([C:8]1([H:18])[H:19])([H:20])[H:21])([H:11])[C:2](=[O:1])[O:3][H:10])([H:12])[H:13])([H:14])[H:15])[H:17],,
13,-0.00018632449510623214,RESP2,hf/6-31g*,,0.30000000000000004,H,hf,14,[H:16][C:7]1([C:6]([C:5]([C:4]([C:9]([C:8]1([H:18])[H:19])([H:20])[H:21])([H:11])[C:2](=[O:1])[O:3][H:10])([H:12])[H:13])([H:14])[H:15])[H:17],,
14,-0.0007867972578254564,RESP2,hf/6-31g*,,0.30000000000000004,H,hf,15,[H:16][C:7]1([C:6]([C:5]([C:4]([C:9]([C:8]1([H:18])[H:19])([H:20])[H:21])([H:11])[C:2](=[O:1])[O:3][H:10])([H:12])[H:13])([H:14])[H:15])[H:17],,
15,-0.004551484428520128,RESP2,hf/6-31g*,,0.30000000000000004,H,hf,16,[H:16][C:7]1([C:6]([C:5]([C:4]([C:9]([C:8]1([H:18])[H:19])([H:20])[H:21])([H:11])[C:2](=[O:1])[O:3][H:10])([H:12])[H:13])([H:14])[H:15])[H:17],,
16,-6.116911967652772e-05,RESP2,hf/6-31g*,,0.30000000000000004,H,hf,17,[H:16][C:7]1([C:6]([C:5]([C:4]([C:9]([C:8]1([H:18])[H:19])([H:20])[H:21])([H:11])[C:2](=[O:1])[O:3][H:10])([H:12])[H:13])([H:14])[H:15])[H:17],,
17,-0.007644588626984769,RESP2,hf/6-31g*,,0.30000000000000004,H,hf,18,[H:16][C:7]1([C:6]([C:5]([C:4]([C:9]([C:8]1([H:18])[H:19])([H:20])[H:21])([H:11])[C:2](=[O:1])[O:3][H:10])([H:12])[H:13])([H:14])[H:15])[H:17],,
18,-0.0108114667318822,RESP2,hf/6-31g*,,0.30000000000000004,H,hf,19,[H:16][C:7]1([C:6]([C:5]([C:4]([C:9]([C:8]1([H:18])[H:19])([H:20])[H:21])([H:11])[C:2](=[O:1])[O:3][H:10])([H:12])[H:13])([H:14])[H:15])[H:17],,
19,0.004977579097569962,RESP2,hf/6-31g*,,0.30000000000000004,H,hf,20,[H:16][C:7]1([C:6]([C:5]([C:4]([C:9]([C:8]1([H:18])[H:19])([H:20])[H:21])([H:11])[C:2](=[O:1])[O:3][H:10])([H:12])[H:13])([H:14])[H:15])[H:17],,
20,0.006512236326145906,RESP2,hf/6-31g*,,0.30000000000000004,H,hf,21,[H:16][C:7]1([C:6]([C:5]([C:4]([C:9]([C:8]1([H:18])[H:19])([H:20])[H:21])([H:11])[C:2](=[O:1])[O:3][H:10])([H:12])[H:13])([H:14])[H:15])[H:17],,
0,-0.6165895293646012,RESP2,hf/6-31g*,,0.35000000000000003,O,hf,1,[H:16][C:7]1([C:6]([C:5]([C:4]([C:9]([C:8]1([H:18])[H:19])([H:20])[H:21])([H:11])[C:2](=[O:1])[O:3][H:10])([H:12])[H:13])([H:14])[H:15])[H:17],,
1,0.7253321998675043,RESP2,hf/6-31g*,,0.35000000000000003,C,hf,2,[H:16][C:7]1([C:6]([C:5]([C:4]([C:9]([C:8]1([H:18])[H:19])([H:20])[H:21])([H:11])[C:2](=[O:1])[O:3][H:10])([H:12])[H:13])([H:14])[H:15])[H:17],,
2,-0.6624496917991444,RESP2,hf/6-31g*,,0.35000000000000003,O,hf,3,[H:16][C:7]1([C:6]([C:5]([C:4]([C:9]([C:8]1([H:18])[H:19])([H:20])[H:21])([H:11])[C:2](=[O:1])[O:3][H:10])([H:12])[H:13])([H:14])[H:15])[H:17],,
3,0.029047811716302618,RESP2,hf/6-31g*,,0.35000000000000003,C,hf,4,[H:16][C:7]1([C:6]([C:5]([C:4]([C:9]([C:8]1([H:18])[H:19])([H:20])[H:21])([H:11])[C:2](=[O:1])[O:3][H:10])([H:12])[H:13])([H:14])[H:15])[H:17],,
4,-0.014240687731902513,RESP2,hf/6-31g*,,0.35000000000000003,C,hf,5,[H:16][C:7]1([C:6]([C:5]([C:4]([C:9]([C:8]1([H:18])[H:19])([H:20])[H:21])([H:11])[C:2](=[O:1])[O:3][H:10])([H:12])[H:13])([H:14])[H:15])[H:17],,
5,0.014954472209685994,RESP2,hf/6-31g*,,0.35000000000000003,C,hf,6,[H:16][C:7]1([C:6]([C:5]([C:4]([C:9]([C:8]1([H:18])[H:19])([H:20])[H:21])([H:11])[C:2](=[O:1])[O:3][H:10])([H:12])[H:13])([H:14])[H:15])[H:17],,
6,0.006740320712043299,RESP2,hf/6-31g*,,0.35000000000000003,C,hf,7,[H:16][C:7]1([C:6]([C:5]([C:4]([C:9]([C:8]1([H:18])[H:19])([H:20])[H:21])([H:11])[C:2](=[O:1])[O:3][H:10])([H:12])[H:13])([H:14])[H:15])[H:17],,
7,0.03523116260714138,RESP2,hf/6-31g*,,0.35000000000000003,C,hf,8,[H:16][C:7]1([C:6]([C:5]([C:4]([C:9]([C:8]1([H:18])[H:19])([H:20])[H:21])([H:11])[C:2](=[O:1])[O:3][H:10])([H:12])[H:13])([H:14])[H:15])[H:17],,
8,-0.004279803712077113,RESP2,hf/6-31g*,,0.35000000000000003,C,hf,9,[H:16][C:7]1([C:6]([C:5]([C:4]([C:9]([C:8]1([H:18])[H:19])([H:20])[H:21])([H:11])[C:2](=[O:1])[O:3][H:10])([H:12])[H:13])([H:14])[H:15])[H:17],,
9,0.46788852300108846,RESP2,hf/6-31g*,,0.35000000000000003,H,hf,10,[H:16][C:7]1([C:6]([C:5]([C:4]([C:9]([C:8]1([H:18])[H:19])([H:20])[H:21])([H:11])[C:2](=[O:1])[O:3][H:10])([H:12])[H:13])([H:14])[H:15])[H:17],,
10,0.014275559334123831,RESP2,hf/6-31g*,,0.35000000000000003,H,hf,11,[H:16][C:7]1([C:6]([C:5]([C:4]([C:9]([C:8]1([H:18])[H:19])([H:20])[H:21])([H:11])[C:2](=[O:1])[O:3][H:10])([H:12])[H:13])([H:14])[H:15])[H:17],,
11,0.01095281960457332,RESP2,hf/6-31g*,,0.35000000000000003,H,hf,12,[H:16][C:7]1([C:6]([C:5]([C:4]([C:9]([C:8]1([H:18])[H:19])([H:20])[H:21])([H:11])[C:2](=[O:1])[O:3][H:10])([H:12])[H:13])([H:14])[H:15])[H:17],,
12,0.00669163836660286,RESP2,hf/6-31g*,,0.35000000000000003,H,hf,13,[H:16][C:7]1([C:6]([C:5]([C:4]([C:9]([C:8]1([H:18])[H:19])([H:20])[H:21])([H:11])[C:2](=[O:1])[O:3][H:10])([H:12])[H:13])([H:14])[H:15])[H:17],,
13,-0.000350889850096199,RESP2,hf/6-31g*,,0.35000000000000003,H,hf,14,[H:16][C:7]1([C:6]([C:5]([C:4]([C:9]([C:8]1([H:18])[H:19])([H:20])[H:21])([H:11])[C:2](=[O:1])[O:3][H:10])([H:12])[H:13])([H:14])[H:15])[H:17],,
14,-0.0010495056560158734,RESP2,hf/6-31g*,,0.35000000000000003,H,hf,15,[H:16][C:7]1([C:6]([C:5]([C:4]([C:9]([C:8]1([H:18])[H:19])([H:20])[H:21])([H:11])[C:2](=[O:1])[O:3][H:10])([H:12])[H:13])([H:14])[H:15])[H:17],,
15,-0.005155758385027651,RESP2,hf/6-31g*,,0.35000000000000003,H,hf,16,[H:16][C:7]1([C:6]([C:5]([C:4]([C:9]([C:8]1([H:18])[H:19])([H:20])[H:21])([H:11])[C:2](=[O:1])[O:3][H:10])([H:12])[H:13])([H:14])[H:15])[H:17],,
16,-0.0006827358789507911,RESP2,hf/6-31g*,,0.35000000000000003,H,hf,17,[H:16][C:7]1([C:6]([C:5]([C:4]([C:9]([C:8]1([H:18])[H:19])([H:20])[H:21])([H:11])[C:2](=[O:1])[O:3][H:10])([H:12])[H:13])([H:14])[H:15])[H:17],,
17,-0.0071535026288013885,RESP2,hf/6-31g*,,0.35000000000000003,H,hf,18,[H:16][C:7]1([C:6]([C:5]([C:4]([C:9]([C:8]1([H:18])[H:19])([H:20])[H:21])([H:11])[C:2](=[O:1])[O:3][H:10])([H:12])[H:13])([H:14])[H:15])[H:17],,
18,-0.010351031672493825,RESP2,hf/6-31g*,,0.35000000000000003,H,hf,19,[H:16][C:7]1([C:6]([C:5]([C:4]([C:9]([C:8]1([H:18])[H:19])([H:20])[H:21])([H:11])[C:2](=[O:1])[O:3][H:10])([H:12])[H:13])([H:14])[H:15])[H:17],,
19,0.004749424351770489,RESP2,hf/6-31g*,,0.35000000000000003,H,hf,20,[H:16][C:7]1([C:6]([C:5]([C:4]([C:9]([C:8]1([H:18])[H:19])([H:20])[H:21])([H:11])[C:2](=[O:1])[O:3][H:10])([H:12])[H:13])([H:14])[H:15])[H:17],,
20,0.006439204908274426,RESP2,hf/6-31g*,,0.35000000000000003,H,hf,21,[H:16][C:7]1([C:6]([C:5]([C:4]([C:9]([C:8]1([H:18])[H:19])([H:20])[H:21])([H:11])[C:2](=[O:1])[O:3][H:10])([H:12])[H:13])([H:14])[H:15])[H:17],,
0,-0.6200819289363232,RESP2,hf/6-31g*,,0.4,O,hf,1,[H:16][C:7]1([C:6]([C:5]([C:4]([C:9]([C:8]1([H:18])[H:19])([H:20])[H:21])([H:11])[C:2](=[O:1])[O:3][H:10])([H:12])[H:13])([H:14])[H:15])[H:17],,
1,0.7279905186793639,RESP2,hf/6-31g*,,0.4,C,hf,2,[H:16][C:7]1([C:6]([C:5]([C:4]([C:9]([C:8]1([H:18])[H:19])([H:20])[H:21])([H:11])[C:2](=[O:1])[O:3][H:10])([H:12])[H:13])([H:14])[H:15])[H:17],,
2,-0.6638999809986806,RESP2,hf/6-31g*,,0.4,O,hf,3,[H:16][C:7]1([C:6]([C:5]([C:4]([C:9]([C:8]1([H:18])[H:19])([H:20])[H:21])([H:11])[C:2](=[O:1])[O:3][H:10])([H:12])[H:13])([H:14])[H:15])[H:17],,
3,0.026963829365167245,RESP2,hf/6-31g*,,0.4,C,hf,4,[H:16][C:7]1([C:6]([C:5]([C:4]([C:9]([C:8]1([H:18])[H:19])([H:20])[H:21])([H:11])[C:2](=[O:1])[O:3][H:10])([H:12])[H:13])([H:14])[H:15])[H:17],,
4,-0.013836333543019236,RESP2,hf/6-31g*,,0.4,C,hf,5,[H:16][C:7]1([C:6]([C:5]([C:4]([C:9]([C:8]1([H:18])[H:19])([H:20])[H:21])([H:11])[C:2](=[O:1])[O:3][H:10])([H:12])[H:13])([H:14])[H:15])[H:17],,
5,0.015095018826755539,RESP2,hf/6-31g*,,0.4,C,hf,6,[H:16][C:7]1([C:6]([C:5]([C:4]([C:9]([C:8]1([H:18])[H:19])([H:20])[H:21])([H:11])[C:2](=[O:1])[O:3][H:10])([H:12])[H:13])([H:14])[H:15])[H:17],,
6,0.00918509002138689,RESP2,hf/6-31g*,,0.4,C,hf,7,[H:16][C:7]1([C:6]([C:5]([C:4]([C:9]([C:8]1([H:18])[H:19])([H:20])[H:21])([H:11])[C:2](=[O:1])[O:3][H:10])([H:12])[H:13])([H:14])[H:15])[H:17],,
7,0.033280445739707946,RESP2,hf/6-31g*,,0.4,C,hf,8,[H:16][C:7]1([C:6]([C:5]([C:4]([C:9]([C:8]1([H:18])[H:19])([H:20])[H:21])([H:11])[C:2](=[O:1])[O:3][H:10])([H:12])[H:13])([H:14])[H:15])[H:17],,
8,-0.0030722676700382107,RESP2,hf/6-31g*,,0.4,C,hf,9,[H:16][C:7]1([C:6]([C:5]([C:4]([C:9]([C:8]1([H:18])[H:19])([H:20])[H:21])([H:11])[C:2](=[O:1])[O:3][H:10])([H:12])[H:13])([H:14])[H:15])[H:17],,
9,0.46964974027544404,RESP2,hf/6-31g*,,0.4,H,hf,10,[H:16][C:7]1([C:6]([C:5]([C:4]([C:9]([C:8]1([H:18])[H:19])([H:20])[H:21])([H:11])[C:2](=[O:1])[O:3][H:10])([H:12])[H:13])([H:14])[H:15])[H:17],,
10,0.015500272792850722,RESP2,hf/6-31g*,,0.4,H,hf,11,[H:16][C:7]1([C:6]([C:5]([C:4]([C:9]([C:8]1([H:18])[H:19])([H:20])[H:21])([H:11])[C:2](=[O:1])[O:3][H:10])([H:12])[H:13])([H:14])[H:15])[H:17],,
11,0.01082597763016389,RESP2,hf/6-31g*,,0.4,H,hf,12,[H:16][C:7]1([C:6]([C:5]([C:4]([C:9]([C:8]1([H:18])[H:19])([H:20])[H:21])([H:11])[C:2](=[O:1])[O:3][H:10])([H:12])[H:13])([H:14])[H:15])[H:17],,
12,0.00695719220362321,RESP2,hf/6-31g*,,0.4,H,hf,13,[H:16][C:7]1([C:6]([C:5]([C:4]([C:9]([C:8]1([H:18])[H:19])([H:20])[H:21])([H:11])[C:2](=[O:1])[O:3][H:10])([H:12])[H:13])([H:14])[H:15])[H:17],,
13,-0.0005154552050861686,RESP2,hf/6-31g*,,0.4,H,hf,14,[H:16][C:7]1([C:6]([C:5]([C:4]([C:9]([C:8]1([H:18])[H:19])([H:20])[H:21])([H:11])[C:2](=[O:1])[O:3][H:10])([H:12])[H:13])([H:14])[H:15])[H:17],,
14,-0.0013122140542062928,RESP2,hf/6-31g*,,0.4,H,hf,15,[H:16][C:7]1([C:6]([C:5]([C:4]([C:9]([C:8]1([H:18])[H:19])([H:20])[H:21])([H:11])[C:2](=[O:1])[O:3][H:10])([H:12])[H:13])([H:14])[H:15])[H:17],,
15,-0.005760032341535179,RESP2,hf/6-31g*,,0.4,H,hf,16,[H:16][C:7]1([C:6]([C:5]([C:4]([C:9]([C:8]1([H:18])[H:19])([H:20])[H:21])([H:11])[C:2](=[O:1])[O:3][H:10])([H:12])[H:13])([H:14])[H:15])[H:17],,
16,-0.0013043026382250568,RESP2,hf/6-31g*,,0.4,H,hf,17,[H:16][C:7]1([C:6]([C:5]([C:4]([C:9]([C:8]1([H:18])[H:19])([H:20])[H:21])([H:11])[C:2](=[O:1])[O:3][H:10])([H:12])[H:13])([H:14])[H:15])[H:17],,
17,-0.006662416630618013,RESP2,hf/6-31g*,,0.4,H,hf,18,[H:16][C:7]1([C:6]([C:5]([C:4]([C:9]([C:8]1([H:18])[H:19])([H:20])[H:21])([H:11])[C:2](=[O:1])[O:3][H:10])([H:12])[H:13])([H:14])[H:15])[H:17],,
18,-0.009890596613105455,RESP2,hf/6-31g*,,0.4,H,hf,19,[H:16][C:7]1([C:6]([C:5]([C:4]([C:9]([C:8]1([H:18])[H:19])([H:20])[H:21])([H:11])[C:2](=[O:1])[O:3][H:10])([H:12])[H:13])([H:14])[H:15])[H:17],,
19,0.0045212696059710135,RESP2,hf/6-31g*,,0.4,H,hf,20,[H:16][C:7]1([C:6]([C:5]([C:4]([C:9]([C:8]1([H:18])[H:19])([H:20])[H:21])([H:11])[C:2](=[O:1])[O:3][H:10])([H:12])[H:13])([H:14])[H:15])[H:17],,
20,0.006366173490402944,RESP2,hf/6-31g*,,0.4,H,hf,21,[H:16][C:7]1([C:6]([C:5]([C:4]([C:9]([C:8]1([H:18])[H:19])([H:20])[H:21])([H:11])[C:2](=[O:1])[O:3][H:10])([H:12])[H:13])([H:14])[H:15])[H:17],,
0,-0.6235743285080451,RESP2,hf/6-31g*,,0.45,O,hf,1,[H:16][C:7]1([C:6]([C:5]([C:4]([C:9]([C:8]1([H:18])[H:19])([H:20])[H:21])([H:11])[C:2](=[O:1])[O:3][H:10])([H:12])[H:13])([H:14])[H:15])[H:17],,
1,0.7306488374912237,RESP2,hf/6-31g*,,0.45,C,hf,2,[H:16][C:7]1([C:6]([C:5]([C:4]([C:9]([C:8]1([H:18])[H:19])([H:20])[H:21])([H:11])[C:2](=[O:1])[O:3][H:10])([H:12])[H:13])([H:14])[H:15])[H:17],,
2,-0.665350270198217,RESP2,hf/6-31g*,,0.45,O,hf,3,[H:16][C:7]1([C:6]([C:5]([C:4]([C:9]([C:8]1([H:18])[H:19])([H:20])[H:21])([H:11])[C:2](=[O:1])[O:3][H:10])([H:12])[H:13])([H:14])[H:15])[H:17],,
3,0.024879847014031883,RESP2,hf/6-31g*,,0.45,C,hf,4,[H:16][C:7]1([C:6]([C:5]([C:4]([C:9]([C:8]1([H:18])[H:19])([H:20])[H:21])([H:11])[C:2](=[O:1])[O:3][H:10])([H:12])[H:13])([H:14])[H:15])[H:17],,
4,-0.013431979354135948,RESP2,hf/6-31g*,,0.45,C,hf,5,[H:16][C:7]1([C:6]([C:5]([C:4]([C:9]([C:8]1([H:18])[H:19])([H:20])[H:21])([H:11])[C:2](=[O:1])[O:3][H:10])([H:12])[H:13])([H:14])[H:15])[H:17],,
5,0.015235565443825094,RESP2,hf/6-31g*,,0.45,C,hf,6,[H:16][C:7]1([C:6]([C:5]([C:4]([C:9]([C:8]1([H:18])[H:19])([H:20])[H:21])([H:11])[C:2](=[O:1])[O:3][H:10])([H:12])[H:13])([H:14])[H:15])[H:17],,
6,0.011629859330730494,RESP2,hf/6-31g*,,0.45,C,hf,7,[H:16][C:7]1([C:6]([C:5]([C:4]([C:9]([C:8]1([H:18])[H:19])([H:20])[H:21])([H:11])[C:2](=[O:1])[O:3][H:10])([H:12])[H:13])([H:14])[H:15])[H:17],,
7,0.03132972887227453,RESP2,hf/6-31g*,,0.45,C,hf,8,[H:16][C:7]1([C:6]([C:5]([C:4]([C:9]([C:8]1([H:18])[H:19])([H:20])[H:21])([H:11])[C:2](=[O:1])[O:3][H:10])([H:12])[H:13])([H:14])[H:15])[H:17],,
8,-0.0018647316279992979,RESP2,hf/6-31g*,,0.45,C,hf,9,[H:16][C:7]1([C:6]([C:5]([C:4]([C:9]([C:8]1([H:18])[H:19])([H:20])[H:21])([H:11])[C:2](=[O:1])[O:3][H:10])([H:12])[H:13])([H:14])[H:15])[H:17],,
9,0.47141095754979967,RESP2,hf/6-31g*,,0.45,H,hf,10,[H:16][C:7]1([C:6]([C:5]([C:4]([C:9]([C:8]1([H:18])[H:19])([H:20])[H:21])([H:11])[C:2](=[O:1])[O:3][H:10])([H:12])[H:13])([H:14])[H:15])[H:17],,
10,0.016724986251577624,RESP2,hf/6-31g*,,0.45,H,hf,11,[H:16][C:7]1([C:6]([C:5]([C:4]([C:9]([C:8]1([H:18])[H:19])([H:20])[H:21])([H:11])[C:2](=[O:1])[O:3][H:10])([H:12])[H:13])([H:14])[H:15])[H:17],,
11,0.010699135655754474,RESP2,hf/6-31g*,,0.45,H,hf,12,[H:16][C:7]1([C:6]([C:5]([C:4]([C:9]([C:8]1([H:18])[H:19])([H:20])[H:21])([H:11])[C:2](=[O:1])[O:3][H:10])([H:12])[H:13])([H:14])[H:15])[H:17],,
12,0.0072227460406435705,RESP2,hf/6-31g*,,0.45,H,hf,13,[H:16][C:7]1([C:6]([C:5]([C:4]([C:9]([C:8]1([H:18])[H:19])([H:20])[H:21])([H:11])[C:2](=[O:1])[O:3][H:10])([H:12])[H:13])([H:14])[H:15])[H:17],,
13,-0.0006800205600761274,RESP2,hf/6-31g*,,0.45,H,hf,14,[H:16][C:7]1([C:6]([C:5]([C:4]([C:9]([C:8]1([H:18])[H:19])([H:20])[H:21])([H:11])[C:2](=[O:1])[O:3][H:10])([H:12])[H:13])([H:14])[H:15])[H:17],,
14,-0.0015749224523967022,RESP2,hf/6-31g*,,0.45,H,hf,15,[H:16][C:7]1([C:6]([C:5]([C:4]([C:9]([C:8]1([H:18])[H:19])([H:20])[H:21])([H:11])[C:2](=[O:1])[O:3][H:10])([H:12])[H:13])([H:14])[H:15])[H:17],,
15,-0.006364306298042695,RESP2,hf/6-31g*,,0.45,H,hf,16,[H:16][C:7]1([C:6]([C:5]([C:4]([C:9]([C:8]1([H:18])[H:19])([H:20])[H:21])([H:11])[C:2](=[O:1])[O:3][H:10])([H:12])[H:13])([H:14])[H:15])[H:17],,
16,-0.001925869397499312,RESP2,hf/6-31g*,,0.45,H,hf,17,[H:16][C:7]1([C:6]([C:5]([C:4]([C:9]([C:8]1([H:18])[H:19])([H:20])[H:21])([H:11])[C:2](=[O:1])[O:3][H:10])([H:12])[H:13])([H:14])[H:15])[H:17],,
17,-0.0061713306324346255,RESP2,hf/6-31g*,,0.45,H,hf,18,[H:16][C:7]1([C:6]([C:5]([C:4]([C:9]([C:8]1([H:18])[H:19])([H:20])[H:21])([H:11])[C:2](=[O:1])[O:3][H:10])([H:12])[H:13])([H:14])[H:15])[H:17],,
18,-0.009430161553717072,RESP2,hf/6-31g*,,0.45,H,hf,19,[H:16][C:7]1([C:6]([C:5]([C:4]([C:9]([C:8]1([H:18])[H:19])([H:20])[H:21])([H:11])[C:2](=[O:1])[O:3][H:10])([H:12])[H:13])([H:14])[H:15])[H:17],,
19,0.004293114860171548,RESP2,hf/6-31g*,,0.45,H,hf,20,[H:16][C:7]1([C:6]([C:5]([C:4]([C:9]([C:8]1([H:18])[H:19])([H:20])[H:21])([H:11])[C:2](=[O:1])[O:3][H:10])([H:12])[H:13])([H:14])[H:15])[H:17],,
20,0.006293142072531473,RESP2,hf/6-31g*,,0.45,H,hf,21,[H:16][C:7]1([C:6]([C:5]([C:4]([C:9]([C:8]1([H:18])[H:19])([H:20])[H:21])([H:11])[C:2](=[O:1])[O:3][H:10])([H:12])[H:13])([H:14])[H:15])[H:17],,
0,-0.6270667280797669,RESP2,hf/6-31g*,,0.5,O,hf,1,[H:16][C:7]1([C:6]([C:5]([C:4]([C:9]([C:8]1([H:18])[H:19])([H:20])[H:21])([H:11])[C:2](=[O:1])[O:3][H:10])([H:12])[H:13])([H:14])[H:15])[H:17],,
1,0.7333071563030834,RESP2,hf/6-31g*,,0.5,C,hf,2,[H:16][C:7]1([C:6]([C:5]([C:4]([C:9]([C:8]1([H:18])[H:19])([H:20])[H:21])([H:11])[C:2](=[O:1])[O:3][H:10])([H:12])[H:13])([H:14])[H:15])[H:17],,
2,-0.6668005593977532,RESP2,hf/6-31g*,,0.5,O,hf,3,[H:16][C:7]1([C:6]([C:5]([C:4]([C:9]([C:8]1([H:18])[H:19])([H:20])[H:21])([H:11])[C:2](=[O:1])[O:3][H:10])([H:12])[H:13])([H:14])[H:15])[H:17],,
3,0.022795864662896497,RESP2,hf/6-31g*,,0.5,C,hf,4,[H:16][C:7]1([C:6]([C:5]([C:4]([C:9]([C:8]1([H:18])[H:19])([H:20])[H:21])([H:11])[C:2](=[O:1])[O:3][H:10])([H:12])[H:13])([H:14])[H:15])[H:17],,
4,-0.01302762516525268,RESP2,hf/6-31g*,,0.5,C,hf,5,[H:16][C:7]1([C:6]([C:5]([C:4]([C:9]([C:8]1([H:18])[H:19])([H:20])[H:21])([H:11])[C:2](=[O:1])[O:3][H:10])([H:12])[H:13])([H:14])[H:15])[H:17],,
5,0.015376112060894627,RESP2,hf/6-31g*,,0.5,C,hf,6,[H:16][C:7]1([C:6]([C:5]([C:4]([C:9]([C:8]1([H:18])[H:19])([H:20])[H:21])([H:11])[C:2](=[O:1])[O:3][H:10])([H:12])[H:13])([H:14])[H:15])[H:17],,
6,0.01407462864007408,RESP2,hf/6-31g*,,0.5,C,hf,7,[H:16][C:7]1([C:6]([C:5]([C:4]([C:9]([C:8]1([H:18])[H:19])([H:20])[H:21])([H:11])[C:2](=[O:1])[O:3][H:10])([H:12])[H:13])([H:14])[H:15])[H:17],,
7,0.02937901200484108,RESP2,hf/6-31g*,,0.5,C,hf,8,[H:16][C:7]1([C:6]([C:5]([C:4]([C:9]([C:8]1([H:18])[H:19])([H:20])[H:21])([H:11])[C:2](=[O:1])[O:3][H:10])([H:12])[H:13])([H:14])[H:15])[H:17],,
8,-0.0006571955859604041,RESP2,hf/6-31g*,,0.5,C,hf,9,[H:16][C:7]1([C:6]([C:5]([C:4]([C:9]([C:8]1([H:18])[H:19])([H:20])[H:21])([H:11])[C:2](=[O:1])[O:3][H:10])([H:12])[H:13])([H:14])[H:15])[H:17],,
9,0.47317217482415513,RESP2,hf/6-31g*,,0.5,H,hf,10,[H:16][C:7]1([C:6]([C:5]([C:4]([C:9]([C:8]1([H:18])[H:19])([H:20])[H:21])([H:11])[C:2](=[O:1])[O:3][H:10])([H:12])[H:13])([H:14])[H:15])[H:17],,
10,0.017949699710304506,RESP2,hf/6-31g*,,0.5,H,hf,11,[H:16][C:7]1([C:6]([C:5]([C:4]([C:9]([C:8]1([H:18])[H:19])([H:20])[H:21])([H:11])[C:2](=[O:1])[O:3][H:10])([H:12])[H:13])([H:14])[H:15])[H:17],,
11,0.010572293681345032,RESP2,hf/6-31g*,,0.5,H,hf,12,[H:16][C:7]1([C:6]([C:5]([C:4]([C:9]([C:8]1([H:18])[H:19])([H:20])[H:21])([H:11])[C:2](=[O:1])[O:3][H:10])([H:12])[H:13])([H:14])[H:15])[H:17],,
12,0.0074882998776639115,RESP2,hf/6-31g*,,0.5,H,hf,13,[H:16][C:7]1([C:6]([C:5]([C:4]([C:9]([C:8]1([H:18])[H:19])([H:20])[H:21])([H:11])[C:2](=[O:1])[O:3][H:10])([H:12])[H:13])([H:14])[H:15])[H:17],,
13,-0.0008445859150661077,RESP2,hf/6-31g*,,0.5,H,hf,14,[H:16][C:7]1([C:6]([C:5]([C:4]([C:9]([C:8]1([H:18])[H:19])([H:20])[H:21])([H:11])[C:2](=[O:1])[O:3][H:10])([H:12])[H:13])([H:14])[H:15])[H:17],,
14,-0.0018376308505871322,RESP2,hf/6-31g*,,0.5,H,hf,15,[H:16][C:7]1([C:6]([C:5]([C:4]([C:9]([C:8]1([H:18])[H:19])([H:20])[H:21])([H:11])[C:2](=[O:1])[O:3][H:10])([H:12])[H:13])([H:14])[H:15])[H:17],,
15,-0.006968580254550231,RESP2,hf/6-31g*,,0.5,H,hf,16,[H:16][C:7]1([C:6]([C:5]([C:4]([C:9]([C:8]1([H:18])[H:19])([H:20])[H:21])([H:11])[C:2](=[O:1])[O:3][H:10])([H:12])[H:13])([H:14])[H:15])[H:17],,
16,-0.0025474361567735886,RESP2,hf/6-31g*,,0.5,H,hf,17,[H:16][C:7]1([C:6]([C:5]([C:4]([C:9]([C:8]1([H:18])[H:19])([H:20])[H:21])([H:11])[C:2](=[O:1])[O:3][H:10])([H:12])[H:13])([H:14])[H:15])[H:17],,
17,-0.0056802446342512575,RESP2,hf/6-31g*,,0.5,H,hf,18,[H:16][C:7]1([C:6]([C:5]([C:4]([C:9]([C:8]1([H:18])[H:19])([H:20])[H:21])([H:11])[C:2](=[O:1])[O:3][H:10])([H:12])[H:13])([H:14])[H:15])[H:17],,
18,-0.00896972649432871,RESP2,hf/6-31g*,,0.5,H,hf,19,[H:16][C:7]1([C:6]([C:5]([C:4]([C:9]([C:8]1([H:18])[H:19])([H:20])[H:21])([H:11])[C:2](=[O:1])[O:3][H:10])([H:12])[H:13])([H:14])[H:15])[H:17],,
19,0.004064960114372062,RESP2,hf/6-31g*,,0.5,H,hf,20,[H:16][C:7]1([C:6]([C:5]([C:4]([C:9]([C:8]1([H:18])[H:19])([H:20])[H:21])([H:11])[C:2](=[O:1])[O:3][H:10])([H:12])[H:13])([H:14])[H:15])[H:17],,
20,0.00622011065465998,RESP2,hf/6-31g*,,0.5,H,hf,21,[H:16][C:7]1([C:6]([C:5]([C:4]([C:9]([C:8]1([H:18])[H:19])([H:20])[H:21])([H:11])[C:2](=[O:1])[O:3][H:10])([H:12])[H:13])([H:14])[H:15])[H:17],,
0,-0.6305591276514889,RESP2,hf/6-31g*,,0.55,O,hf,1,[H:16][C:7]1([C:6]([C:5]([C:4]([C:9]([C:8]1([H:18])[H:19])([H:20])[H:21])([H:11])[C:2](=[O:1])[O:3][H:10])([H:12])[H:13])([H:14])[H:15])[H:17],,
1,0.7359654751149429,RESP2,hf/6-31g*,,0.55,C,hf,2,[H:16][C:7]1([C:6]([C:5]([C:4]([C:9]([C:8]1([H:18])[H:19])([H:20])[H:21])([H:11])[C:2](=[O:1])[O:3][H:10])([H:12])[H:13])([H:14])[H:15])[H:17],,
2,-0.6682508485972894,RESP2,hf/6-31g*,,0.55,O,hf,3,[H:16][C:7]1([C:6]([C:5]([C:4]([C:9]([C:8]1([H:18])[H:19])([H:20])[H:21])([H:11])[C:2](=[O:1])[O:3][H:10])([H:12])[H:13])([H:14])[H:15])[H:17],,
3,0.020711882311761114,RESP2,hf/6-31g*,,0.55,C,hf,4,[H:16][C:7]1([C:6]([C:5]([C:4]([C:9]([C:8]1([H:18])[H:19])([H:20])[H:21])([H:11])[C:2](=[O:1])[O:3][H:10])([H:12])[H:13])([H:14])[H:15])[H:17],,
4,-0.012623270976369408,RESP2,hf/6-31g*,,0.55,C,hf,5,[H:16][C:7]1([C:6]([C:5]([C:4]([C:9]([C:8]1([H:18])[H:19])([H:20])[H:21])([H:11])[C:2](=[O:1])[O:3][H:10])([H:12])[H:13])([H:14])[H:15])[H:17],,
5,0.015516658677964168,RESP2,hf/6-31g*,,0.55,C,hf,6,[H:16][C:7]1([C:6]([C:5]([C:4]([C:9]([C:8]1([H:18])[H:19])([H:20])[H:21])([H:11])[C:2](=[O:1])[O:3][H:10])([H:12])[H:13])([H:14])[H:15])[H:17],,
6,0.01651939794941767,RESP2,hf/6-31g*,,0.55,C,hf,7,[H:16][C:7]1([C:6]([C:5]([C:4]([C:9]([C:8]1([H:18])[H:19])([H:20])[H:21])([H:11])[C:2](=[O:1])[O:3][H:10])([H:12])[H:13])([H:14])[H:15])[H:17],,
7,0.02742829513740764,RESP2,hf/6-31g*,,0.55,C,hf,8,[H:16][C:7]1([C:6]([C:5]([C:4]([C:9]([C:8]1([H:18])[H:19])([H:20])[H:21])([H:11])[C:2](=[O:1])[O:3][H:10])([H:12])[H:13])([H:14])[H:15])[H:17],,
8,0.0005503404560784975,RESP2,hf/6-31g*,,0.55,C,hf,9,[H:16][C:7]1([C:6]([C:5]([C:4]([C:9]([C:8]1([H:18])[H:19])([H:20])[H:21])([H:11])[C:2](=[O:1])[O:3][H:10])([H:12])[H:13])([H:14])[H:15])[H:17],,
9,0.47493339209851076,RESP2,hf/6-31g*,,0.55,H,hf,10,[H:16][C:7]1([C:6]([C:5]([C:4]([C:9]([C:8]1([H:18])[H:19])([H:20])[H:21])([H:11])[C:2](=[O:1])[O:3][H:10])([H:12])[H:13])([H:14])[H:15])[H:17],,
10,0.019174413169031394,RESP2,hf/6-31g*,,0.55,H,hf,11,[H:16][C:7]1([C:6]([C:5]([C:4]([C:9]([C:8]1([H:18])[H:19])([H:20])[H:21])([H:11])[C:2](=[O:1])[O:3][H:10])([H:12])[H:13])([H:14])[H:15])[H:17],,
11,0.010445451706935598,RESP2,hf/6-31g*,,0.55,H,hf,12,[H:16][C:7]1([C:6]([C:5]([C:4]([C:9]([C:8]1([H:18])[H:19])([H:20])[H:21])([H:11])[C:2](=[O:1])[O:3][H:10])([H:12])[H:13])([H:14])[H:15])[H:17],,
12,0.0077538537146842595,RESP2,hf/6-31g*,,0.55,H,hf,13,[H:16][C:7]1([C:6]([C:5]([C:4]([C:9]([C:8]1([H:18])[H:19])([H:20])[H:21])([H:11])[C:2](=[O:1])[O:3][H:10])([H:12])[H:13])([H:14])[H:15])[H:17],,
13,-0.00100915127005608,RESP2,hf/6-31g*,,0.55,H,hf,14,[H:16][C:7]1([C:6]([C:5]([C:4]([C:9]([C:8]1([H:18])[H:19])([H:20])[H:21])([H:11])[C:2](=[O:1])[O:3][H:10])([H:12])[H:13])([H:14])[H:15])[H:17],,
14,-0.0021003392487775542,RESP2,hf/6-31g*,,0.55,H,hf,15,[H:16][C:7]1([C:6]([C:5]([C:4]([C:9]([C:8]1([H:18])[H:19])([H:20])[H:21])([H:11])[C:2](=[O:1])[O:3][H:10])([H:12])[H:13])([H:14])[H:15])[H:17],,
15,-0.007572854211057761,RESP2,hf/6-31g*,,0.55,H,hf,16,[H:16][C:7]1([C:6]([C:5]([C:4]([C:9]([C:8]1([H:18])[H:19])([H:20])[H:21])([H:11])[C:2](=[O:1])[O:3][H:10])([H:12])[H:13])([H:14])[H:15])[H:17],,
16,-0.003169002916047858,RESP2,hf/6-31g*,,0.55,H,hf,17,[H:16][C:7]1([C:6]([C:5]([C:4]([C:9]([C:8]1([H:18])[H:19])([H:20])[H:21])([H:11])[C:2](=[O:1])[O:3][H:10])([H:12])[H:13])([H:14])[H:15])[H:17],,
17,-0.005189158636067883,RESP2,hf/6-31g*,,0.55,H,hf,18,[H:16][C:7]1([C:6]([C:5]([C:4]([C:9]([C:8]1([H:18])[H:19])([H:20])[H:21])([H:11])[C:2](=[O:1])[O:3][H:10])([H:12])[H:13])([H:14])[H:15])[H:17],,
18,-0.008509291434940343,RESP2,hf/6-31g*,,0.55,H,hf,19,[H:16][C:7]1([C:6]([C:5]([C:4]([C:9]([C:8]1([H:18])[H:19])([H:20])[H:21])([H:11])[C:2](=[O:1])[O:3][H:10])([H:12])[H:13])([H:14])[H:15])[H:17],,
19,0.0038368053685725826,RESP2,hf/6-31g*,,0.55,H,hf,20,[H:16][C:7]1([C:6]([C:5]([C:4]([C:9]([C:8]1([H:18])[H:19])([H:20])[H:21])([H:11])[C:2](=[O:1])[O:3][H:10])([H:12])[H:13])([H:14])[H:15])[H:17],,
20,0.006147079236788494,RESP2,hf/6-31g*,,0.55,H,hf,21,[H:16][C:7]1([C:6]([C:5]([C:4]([C:9]([C:8]1([H:18])[H:19])([H:20])[H:21])([H:11])[C:2](=[O:1])[O:3][H:10])([H:12])[H:13])([H:14])[H:15])[H:17],,
0,-0.6340515272232108,RESP2,hf/6-31g*,,0.6000000000000001,O,hf,1,[H:16][C:7]1([C:6]([C:5]([C:4]([C:9]([C:8]1([H:18])[H:19])([H:20])[H:21])([H:11])[C:2](=[O:1])[O:3][H:10])([H:12])[H:13])([H:14])[H:15])[H:17],,
1,0.7386237939268026,RESP2,hf/6-31g*,,0.6000000000000001,C,hf,2,[H:16][C:7]1([C:6]([C:5]([C:4]([C:9]([C:8]1([H:18])[H:19])([H:20])[H:21])([H:11])[C:2](=[O:1])[O:3][H:10])([H:12])[H:13])([H:14])[H:15])[H:17],,
2,-0.6697011377968256,RESP2,hf/6-31g*,,0.6000000000000001,O,hf,3,[H:16][C:7]1([C:6]([C:5]([C:4]([C:9]([C:8]1([H:18])[H:19])([H:20])[H:21])([H:11])[C:2](=[O:1])[O:3][H:10])([H:12])[H:13])([H:14])[H:15])[H:17],,
3,0.018627899960625745,RESP2,hf/6-31g*,,0.6000000000000001,C,hf,4,[H:16][C:7]1([C:6]([C:5]([C:4]([C:9]([C:8]1([H:18])[H:19])([H:20])[H:21])([H:11])[C:2](=[O:1])[O:3][H:10])([H:12])[H:13])([H:14])[H:15])[H:17],,
4,-0.012218916787486121,RESP2,hf/6-31g*,,0.6000000000000001,C,hf,5,[H:16][C:7]1([C:6]([C:5]([C:4]([C:9]([C:8]1([H:18])[H:19])([H:20])[H:21])([H:11])[C:2](=[O:1])[O:3][H:10])([H:12])[H:13])([H:14])[H:15])[H:17],,
5,0.01565720529503372,RESP2,hf/6-31g*,,0.6000000000000001,C,hf,6,[H:16][C:7]1([C:6]([C:5]([C:4]([C:9]([C:8]1([H:18])[H:19])([H:20])[H:21])([H:11])[C:2](=[O:1])[O:3][H:10])([H:12])[H:13])([H:14])[H:15])[H:17],,
6,0.018964167258761277,RESP2,hf/6-31g*,,0.6000000000000001,C,hf,7,[H:16][C:7]1([C:6]([C:5]([C:4]([C:9]([C:8]1([H:18])[H:19])([H:20])[H:21])([H:11])[C:2](=[O:1])[O:3][H:10])([H:12])[H:13])([H:14])[H:15])[H:17],,
7,0.025477578269974203,RESP2,hf/6-31g*,,0.6000000000000001,C,hf,8,[H:16][C:7]1([C:6]([C:5]([C:4]([C:9]([C:8]1([H:18])[H:19])([H:20])[H:21])([H:11])[C:2](=[O:1])[O:3][H:10])([H:12])[H:13])([H:14])[H:15])[H:17],,
8,0.0017578764981174078,RESP2,hf/6-31g*,,0.6000000000000001,C,hf,9,[H:16][C:7]1([C:6]([C:5]([C:4]([C:9]([C:8]1([H:18])[H:19])([H:20])[H:21])([H:11])[C:2](=[O:1])[O:3][H:10])([H:12])[H:13])([H:14])[H:15])[H:17],,
9,0.47669460937286623,RESP2,hf/6-31g*,,0.6000000000000001,H,hf,10,[H:16][C:7]1([C:6]([C:5]([C:4]([C:9]([C:8]1([H:18])[H:19])([H:20])[H:21])([H:11])[C:2](=[O:1])[O:3][H:10])([H:12])[H:13])([H:14])[H:15])[H:17],,
10,0.020399126627758293,RESP2,hf/6-31g*,,0.6000000000000001,H,hf,11,[H:16][C:7]1([C:6]([C:5]([C:4]([C:9]([C:8]1([H:18])[H:19])([H:20])[H:21])([H:11])[C:2](=[O:1])[O:3][H:10])([H:12])[H:13])([H:14])[H:15])[H:17],,
11,0.010318609732526175,RESP2,hf/6-31g*,,0.6000000000000001,H,hf,12,[H:16][C:7]1([C:6]([C:5]([C:4]([C:9]([C:8]1([H:18])[H:19])([H:20])[H:21])([H:11])[C:2](=[O:1])[O:3][H:10])([H:12])[H:13])([H:14])[H:15])[H:17],,
12,0.008019407551704615,RESP2,hf/6-31g*,,0.6000000000000001,H,hf,13,[H:16][C:7]1([C:6]([C:5]([C:4]([C:9]([C:8]1([H:18])[H:19])([H:20])[H:21])([H:11])[C:2](=[O:1])[O:3][H:10])([H:12])[H:13])([H:14])[H:15])[H:17],,
13,-0.0011737166250460446,RESP2,hf/6-31g*,,0.6000000000000001,H,hf,14,[H:16][C:7]1([C:6]([C:5]([C:4]([C:9]([C:8]1([H:18])[H:19])([H:20])[H:21])([H:11])[C:2](=[O:1])[O:3][H:10])([H:12])[H:13])([H:14])[H:15])[H:17],,
14,-0.0023630476469679697,RESP2,hf/6-31g*,,0.6000000000000001,H,hf,15,[H:16][C:7]1([C:6]([C:5]([C:4]([C:9]([C:8]1([H:18])[H:19])([H:20])[H:21])([H:11])[C:2](=[O:1])[O:3][H:10])([H:12])[H:13])([H:14])[H:15])[H:17],,
15,-0.008177128167565282,RESP2,hf/6-31g*,,0.6000000000000001,H,hf,16,[H:16][C:7]1([C:6]([C:5]([C:4]([C:9]([C:8]1([H:18])[H:19])([H:20])[H:21])([H:11])[C:2](=[O:1])[O:3][H:10])([H:12])[H:13])([H:14])[H:15])[H:17],,
16,-0.0037905696753221187,RESP2,hf/6-31g*,,0.6000000000000001,H,hf,17,[H:16][C:7]1([C:6]([C:5]([C:4]([C:9]([C:8]1([H:18])[H:19])([H:20])[H:21])([H:11])[C:2](=[O:1])[O:3][H:10])([H:12])[H:13])([H:14])[H:15])[H:17],,
17,-0.004698072637884501,RESP2,hf/6-31g*,,0.6000000000000001,H,hf,18,[H:16][C:7]1([C:6]([C:5]([C:4]([C:9]([C:8]1([H:18])[H:19])([H:20])[H:21])([H:11])[C:2](=[O:1])[O:3][H:10])([H:12])[H:13])([H:14])[H:15])[H:17],,
18,-0.008048856375551965,RESP2,hf/6-31g*,,0.6000000000000001,H,hf,19,[H:16][C:7]1([C:6]([C:5]([C:4]([C:9]([C:8]1([H:18])[H:19])([H:20])[H:21])([H:11])[C:2](=[O:1])[O:3][H:10])([H:12])[H:13])([H:14])[H:15])[H:17],,
19,0.0036086506227731114,RESP2,hf/6-31g*,,0.6000000000000001,H,hf,20,[H:16][C:7]1([C:6]([C:5]([C:4]([C:9]([C:8]1([H:18])[H:19])([H:20])[H:21])([H:11])[C:2](=[O:1])[O:3][H:10])([H:12])[H:13])([H:14])[H:15])[H:17],,
20,0.0060740478189170175,RESP2,hf/6-31g*,,0.6000000000000001,H,hf,21,[H:16][C:7]1([C:6]([C:5]([C:4]([C:9]([C:8]1([H:18])[H:19])([H:20])[H:21])([H:11])[C:2](=[O:1])[O:3][H:10])([H:12])[H:13])([H:14])[H:15])[H:17],,
0,-0.6375439267949327,RESP2,hf/6-31g*,,0.65,O,hf,1,[H:16][C:7]1([C:6]([C:5]([C:4]([C:9]([C:8]1([H:18])[H:19])([H:20])[H:21])([H:11])[C:2](=[O:1])[O:3][H:10])([H:12])[H:13])([H:14])[H:15])[H:17],,
1,0.7412821127386623,RESP2,hf/6-31g*,,0.65,C,hf,2,[H:16][C:7]1([C:6]([C:5]([C:4]([C:9]([C:8]1([H:18])[H:19])([H:20])[H:21])([H:11])[C:2](=[O:1])[O:3][H:10])([H:12])[H:13])([H:14])[H:15])[H:17],,
2,-0.671151426996362,RESP2,hf/6-31g*,,0.65,O,hf,3,[H:16][C:7]1([C:6]([C:5]([C:4]([C:9]([C:8]1([H:18])[H:19])([H:20])[H:21])([H:11])[C:2](=[O:1])[O:3][H:10])([H:12])[H:13])([H:14])[H:15])[H:17],,
3,0.016543917609490377,RESP2,hf/6-31g*,,0.65,C,hf,4,[H:16][C:7]1([C:6]([C:5]([C:4]([C:9]([C:8]1([H:18])[H:19])([H:20])[H:21])([H:11])[C:2](=[O:1])[O:3][H:10])([H:12])[H:13])([H:14])[H:15])[H:17],,
4,-0.011814562598602845,RESP2,hf/6-31g*,,0.65,C,hf,5,[H:16][C:7]1([C:6]([C:5]([C:4]([C:9]([C:8]1([H:18])[H:19])([H:20])[H:21])([H:11])[C:2](=[O:1])[O:3][H:10])([H:12])[H:13])([H:14])[H:15])[H:17],,
5,0.015797751912103267,RESP2,hf/6-31g*,,0.65,C,hf,6,[H:16][C:7]1([C:6]([C:5]([C:4]([C:9]([C:8]1([H:18])[H:19])([H:20])[H:21])([H:11])[C:2](=[O:1])[O:3][H:10])([H:12])[H:13])([H:14])[H:15])[H:17],,
6,0.02140893656810487,RESP2,hf/6-31g*,,0.65,C,hf,7,[H:16][C:7]1([C:6]([C:5]([C:4]([C:9]([C:8]1([H:18])[H:19])([H:20])[H:21])([H:11])[C:2](=[O:1])[O:3][H:10])([H:12])[H:13])([H:14])[H:15])[H:17],,
7,0.02352686140254077,RESP2,hf/6-31g*,,0.65,C,hf,8,[H:16][C:7]1([C:6]([C:5]([C:4]([C:9]([C:8]1([H:18])[H:19])([H:20])[H:21])([H:11])[C:2](=[O:1])[O:3][H:10])([H:12])[H:13])([H:14])[H:15])[H:17],,
8,0.002965412540156313,RESP2,hf/6-31g*,,0.65,C,hf,9,[H:16][C:7]1([C:6]([C:5]([C:4]([C:9]([C:8]1([H:18])[H:19])([H:20])[H:21])([H:11])[C:2](=[O:1])[O:3][H:10])([H:12])[H:13])([H:14])[H:15])[H:17],,
9,0.47845582664722186,RESP2,hf/6-31g*,,0.65,H,hf,10,[H:16][C:7]1([C:6]([C:5]([C:4]([C:9]([C:8]1([H:18])[H:19])([H:20])[H:21])([H:11])[C:2](=[O:1])[O:3][H:10])([H:12])[H:13])([H:14])[H:15])[H:17],,
10,0.021623840086485185,RESP2,hf/6-31g*,,0.65,H,hf,11,[H:16][C:7]1([C:6]([C:5]([C:4]([C:9]([C:8]1([H:18])[H:19])([H:20])[H:21])([H:11])[C:2](=[O:1])[O:3][H:10])([H:12])[H:13])([H:14])[H:15])[H:17],,
11,0.010191767758116746,RESP2,hf/6-31g*,,0.65,H,hf,12,[H:16][C:7]1([C:6]([C:5]([C:4]([C:9]([C:8]1([H:18])[H:19])([H:20])[H:21])([H:11])[C:2](=[O:1])[O:3][H:10])([H:12])[H:13])([H:14])[H:15])[H:17],,
12,0.008284961388724968,RESP2,hf/6-31g*,,0.65,H,hf,13,[H:16][C:7]1([C:6]([C:5]([C:4]([C:9]([C:8]1([H:18])[H:19])([H:20])[H:21])([H:11])[C:2](=[O:1])[O:3][H:10])([H:12])[H:13])([H:14])[H:15])[H:17],,
13,-0.0013382819800360113,RESP2,hf/6-31g*,,0.65,H,hf,14,[H:16][C:7]1([C:6]([C:5]([C:4]([C:9]([C:8]1([H:18])[H:19])([H:20])[H:21])([H:11])[C:2](=[O:1])[O:3][H:10])([H:12])[H:13])([H:14])[H:15])[H:17],,
14,-0.002625756045158386,RESP2,hf/6-31g*,,0.65,H,hf,15,[H:16][C:7]1([C:6]([C:5]([C:4]([C:9]([C:8]1([H:18])[H:19])([H:20])[H:21])([H:11])[C:2](=[O:1])[O:3][H:10])([H:12])[H:13])([H:14])[H:15])[H:17],,
15,-0.008781402124072807,RESP2,hf/6-31g*,,0.65,H,hf,16,[H:16][C:7]1([C:6]([C:5]([C:4]([C:9]([C:8]1([H:18])[H:19])([H:20])[H:21])([H:11])[C:2](=[O:1])[O:3][H:10])([H:12])[H:13])([H:14])[H:15])[H:17],,
16,-0.004412136434596381,RESP2,hf/6-31g*,,0.65,H,hf,17,[H:16][C:7]1([C:6]([C:5]([C:4]([C:9]([C:8]1([H:18])[H:19])([H:20])[H:21])([H:11])[C:2](=[O:1])[O:3][H:10])([H:12])[H:13])([H:14])[H:15])[H:17],,
17,-0.004206986639701121,RESP2,hf/6-31g*,,0.65,H,hf,18,[H:16][C:7]1([C:6]([C:5]([C:4]([C:9]([C:8]1([H:18])[H:19])([H:20])[H:21])([H:11])[C:2](=[O:1])[O:3][H:10])([H:12])[H:13])([H:14])[H:15])[H:17],,
18,-0.007588421316163591,RESP2,hf/6-31g*,,0.65,H,hf,19,[H:16][C:7]1([C:6]([C:5]([C:4]([C:9]([C:8]1([H:18])[H:19])([H:20])[H:21])([H:11])[C:2](=[O:1])[O:3][H:10])([H:12])[H:13])([H:14])[H:15])[H:17],,
19,0.003380495876973638,RESP2,hf/6-31g*,,0.65,H,hf,20,[H:16][C:7]1([C:6]([C:5]([C:4]([C:9]([C:8]1([H:18])[H:19])([H:20])[H:21])([H:11])[C:2](=[O:1])[O:3][H:10])([H:12])[H:13])([H:14])[H:15])[H:17],,
20,0.006001016401045538,RESP2,hf/6-31g*,,0.65,H,hf,21,[H:16][C:7]1([C:6]([C:5]([C:4]([C:9]([C:8]1([H:18])[H:19])([H:20])[H:21])([H:11])[C:2](=[O:1])[O:3][H:10])([H:12])[H:13])([H:14])[H:15])[H:17],,
0,-0.6410363263666545,RESP2,hf/6-31g*,,0.7000000000000001,O,hf,1,[H:16][C:7]1([C:6]([C:5]([C:4]([C:9]([C:8]1([H:18])[H:19])([H:20])[H:21])([H:11])[C:2](=[O:1])[O:3][H:10])([H:12])[H:13])([H:14])[H:15])[H:17],,
1,0.7439404315505219,RESP2,hf/6-31g*,,0.7000000000000001,C,hf,2,[H:16][C:7]1([C:6]([C:5]([C:4]([C:9]([C:8]1([H:18])[H:19])([H:20])[H:21])([H:11])[C:2](=[O:1])[O:3][H:10])([H:12])[H:13])([H:14])[H:15])[H:17],,
2,-0.6726017161958983,RESP2,hf/6-31g*,,0.7000000000000001,O,hf,3,[H:16][C:7]1([C:6]([C:5]([C:4]([C:9]([C:8]1([H:18])[H:19])([H:20])[H:21])([H:11])[C:2](=[O:1])[O:3][H:10])([H:12])[H:13])([H:14])[H:15])[H:17],,
3,0.014459935258354985,RESP2,hf/6-31g*,,0.7000000000000001,C,hf,4,[H:16][C:7]1([C:6]([C:5]([C:4]([C:9]([C:8]1([H:18])[H:19])([H:20])[H:21])([H:11])[C:2](=[O:1])[O:3][H:10])([H:12])[H:13])([H:14])[H:15])[H:17],,
4,-0.01141020840971958,RESP2,hf/6-31g*,,0.7000000000000001,C,hf,5,[H:16][C:7]1([C:6]([C:5]([C:4]([C:9]([C:8]1([H:18])[H:19])([H:20])[H:21])([H:11])[C:2](=[O:1])[O:3][H:10])([H:12])[H:13])([H:14])[H:15])[H:17],,
5,0.015938298529172796,RESP2,hf/6-31g*,,0.7000000000000001,C,hf,6,[H:16][C:7]1([C:6]([C:5]([C:4]([C:9]([C:8]1([H:18])[H:19])([H:20])[H:21])([H:11])[C:2](=[O:1])[O:3][H:10])([H:12])[H:13])([H:14])[H:15])[H:17],,
6,0.02385370587744845,RESP2,hf/6-31g*,,0.7000000000000001,C,hf,7,[H:16][C:7]1([C:6]([C:5]([C:4]([C:9]([C:8]1([H:18])[H:19])([H:20])[H:21])([H:11])[C:2](=[O:1])[O:3][H:10])([H:12])[H:13])([H:14])[H:15])[H:17],,
7,0.02157614453510732,RESP2,hf/6-31g*,,0.7000000000000001,C,hf,8,[H:16][C:7]1([C:6]([C:5]([C:4]([C:9]([C:8]1([H:18])[H:19])([H:20])[H:21])([H:11])[C:2](=[O:1])[O:3][H:10])([H:12])[H:13])([H:14])[H:15])[H:17],,
8,0.004172948582195204,RESP2,hf/6-31g*,,0.7000000000000001,C,hf,9,[H:16][C:7]1([C:6]([C:5]([C:4]([C:9]([C:8]1([H:18])[H:19])([H:20])[H:21])([H:11])[C:2](=[O:1])[O:3][H:10])([H:12])[H:13])([H:14])[H:15])[H:17],,
9,0.48021704392157744,RESP2,hf/6-31g*,,0.7000000000000001,H,hf,10,[H:16][C:7]1([C:6]([C:5]([C:4]([C:9]([C:8]1([H:18])[H:19])([H:20])[H:21])([H:11])[C:2](=[O:1])[O:3][H:10])([H:12])[H:13])([H:14])[H:15])[H:17],,
10,0.022848553545212067,RESP2,hf/6-31g*,,0.7000000000000001,H,hf,11,[H:16][C:7]1([C:6]([C:5]([C:4]([C:9]([C:8]1([H:18])[H:19])([H:20])[H:21])([H:11])[C:2](=[O:1])[O:3][H:10])([H:12])[H:13])([H:14])[H:15])[H:17],,
11,0.010064925783707303,RESP2,hf/6-31g*,,0.7000000000000001,H,hf,12,[H:16][C:7]1([C:6]([C:5]([C:4]([C:9]([C:8]1([H:18])[H:19])([H:20])[H:21])([H:11])[C:2](=[O:1])[O:3][H:10])([H:12])[H:13])([H:14])[H:15])[H:17],,
12,0.008550515225745306,RESP2,hf/6-31g*,,0.7000000000000001,H,hf,13,[H:16][C:7]1([C:6]([C:5]([C:4]([C:9]([C:8]1([H:18])[H:19])([H:20])[H:21])([H:11])[C:2](=[O:1])[O:3][H:10])([H:12])[H:13])([H:14])[H:15])[H:17],,
13,-0.0015028473350259942,RESP2,hf/6-31g*,,0.7000000000000001,H,hf,14,[H:16][C:7]1([C:6]([C:5]([C:4]([C:9]([C:8]1([H:18])[H:19])([H:20])[H:21])([H:11])[C:2](=[O:1])[O:3][H:10])([H:12])[H:13])([H:14])[H:15])[H:17],,
14,-0.0028884644433488193,RESP2,hf/6-31g*,,0.7000000000000001,H,hf,15,[H:16][C:7]1([C:6]([C:5]([C:4]([C:9]([C:8]1([H:18])[H:19])([H:20])[H:21])([H:11])[C:2](=[O:1])[O:3][H:10])([H:12])[H:13])([H:14])[H:15])[H:17],,
15,-0.009385676080580345,RESP2,hf/6-31g*,,0.7000000000000001,H,hf,16,[H:16][C:7]1([C:6]([C:5]([C:4]([C:9]([C:8]1([H:18])[H:19])([H:20])[H:21])([H:11])[C:2](=[O:1])[O:3][H:10])([H:12])[H:13])([H:14])[H:15])[H:17],,
16,-0.005033703193870662,RESP2,hf/6-31g*,,0.7000000000000001,H,hf,17,[H:16][C:7]1([C:6]([C:5]([C:4]([C:9]([C:8]1([H:18])[H:19])([H:20])[H:21])([H:11])[C:2](=[O:1])[O:3][H:10])([H:12])[H:13])([H:14])[H:15])[H:17],,
17,-0.0037159006415177576,RESP2,hf/6-31g*,,0.7000000000000001,H,hf,18,[H:16][C:7]1([C:6]([C:5]([C:4]([C:9]([C:8]1([H:18])[H:19])([H:20])[H:21])([H:11])[C:2](=[O:1])[O:3][H:10])([H:12])[H:13])([H:14])[H:15])[H:17],,
18,-0.007127986256775232,RESP2,hf/6-31g*,,0.7000000000000001,H,hf,19,[H:16][C:7]1([C:6]([C:5]([C:4]([C:9]([C:8]1([H:18])[H:19])([H:20])[H:21])([H:11])[C:2](=[O:1])[O:3][H:10])([H:12])[H:13])([H:14])[H:15])[H:17],,
19,0.0031523411311741487,RESP2,hf/6-31g*,,0.7000000000000001,H,hf,20,[H:16][C:7]1([C:6]([C:5]([C:4]([C:9]([C:8]1([H:18])[H:19])([H:20])[H:21])([H:11])[C:2](=[O:1])[O:3][H:10])([H:12])[H:13])([H:14])[H:15])[H:17],,
20,0.005927984983174041,RESP2,hf/6-31g*,,0.7000000000000001,H,hf,21,[H:16][C:7]1([C:6]([C:5]([C:4]([C:9]([C:8]1([H:18])[H:19])([H:20])[H:21])([H:11])[C:2](=[O:1])[O:3][H:10])([H:12])[H:13])([H:14])[H:15])[H:17],,
0,-0.6445287259383764,RESP2,hf/6-31g*,,0.75,O,hf,1,[H:16][C:7]1([C:6]([C:5]([C:4]([C:9]([C:8]1([H:18])[H:19])([H:20])[H:21])([H:11])[C:2](=[O:1])[O:3][H:10])([H:12])[H:13])([H:14])[H:15])[H:17],,
1,0.7465987503623815,RESP2,hf/6-31g*,,0.75,C,hf,2,[H:16][C:7]1([C:6]([C:5]([C:4]([C:9]([C:8]1([H:18])[H:19])([H:20])[H:21])([H:11])[C:2](=[O:1])[O:3][H:10])([H:12])[H:13])([H:14])[H:15])[H:17],,
2,-0.6740520053954345,RESP2,hf/6-31g*,,0.75,O,hf,3,[H:16][C:7]1([C:6]([C:5]([C:4]([C:9]([C:8]1([H:18])[H:19])([H:20])[H:21])([H:11])[C:2](=[O:1])[O:3][H:10])([H:12])[H:13])([H:14])[H:15])[H:17],,
3,0.012375952907219613,RESP2,hf/6-31g*,,0.75,C,hf,4,[H:16][C:7]1([C:6]([C:5]([C:4]([C:9]([C:8]1([H:18])[H:19])([H:20])[H:21])([H:11])[C:2](=[O:1])[O:3][H:10])([H:12])[H:13])([H:14])[H:15])[H:17],,
4,-0.011005854220836301,RESP2,hf/6-31g*,,0.75,C,hf,5,[H:16][C:7]1([C:6]([C:5]([C:4]([C:9]([C:8]1([H:18])[H:19])([H:20])[H:21])([H:11])[C:2](=[O:1])[O:3][H:10])([H:12])[H:13])([H:14])[H:15])[H:17],,
5,0.016078845146242342,RESP2,hf/6-31g*,,0.75,C,hf,6,[H:16][C:7]1([C:6]([C:5]([C:4]([C:9]([C:8]1([H:18])[H:19])([H:20])[H:21])([H:11])[C:2](=[O:1])[O:3][H:10])([H:12])[H:13])([H:14])[H:15])[H:17],,
6,0.026298475186792045,RESP2,hf/6-31g*,,0.75,C,hf,7,[H:16][C:7]1([C:6]([C:5]([C:4]([C:9]([C:8]1([H:18])[H:19])([H:20])[H:21])([H:11])[C:2](=[O:1])[O:3][H:10])([H:12])[H:13])([H:14])[H:15])[H:17],,
7,0.01962542766767389,RESP2,hf/6-31g*,,0.75,C,hf,8,[H:16][C:7]1([C:6]([C:5]([C:4]([C:9]([C:8]1([H:18])[H:19])([H:20])[H:21])([H:11])[C:2](=[O:1])[O:3][H:10])([H:12])[H:13])([H:14])[H:15])[H:17],,
8,0.005380484624234109,RESP2,hf/6-31g*,,0.75,C,hf,9,[H:16][C:7]1([C:6]([C:5]([C:4]([C:9]([C:8]1([H:18])[H:19])([H:20])[H:21])([H:11])[C:2](=[O:1])[O:3][H:10])([H:12])[H:13])([H:14])[H:15])[H:17],,
9,0.48197826119593296,RESP2,hf/6-31g*,,0.75,H,hf,10,[H:16][C:7]1([C:6]([C:5]([C:4]([C:9]([C:8]1([H:18])[H:19])([H:20])[H:21])([H:11])[C:2](=[O:1])[O:3][H:10])([H:12])[H:13])([H:14])[H:15])[H:17],,
10,0.02407326700393896,RESP2,hf/6-31g*,,0.75,H,hf,11,[H:16][C:7]1([C:6]([C:5]([C:4]([C:9]([C:8]1([H:18])[H:19])([H:20])[H:21])([H:11])[C:2](=[O:1])[O:3][H:10])([H:12])[H:13])([H:14])[H:15])[H:17],,
11,0.009938083809297874,RESP2,hf/6-31g*,,0.75,H,hf,12,[H:16][C:7]1([C:6]([C:5]([C:4]([C:9]([C:8]1([H:18])[H:19])([H:20])[H:21])([H:11])[C:2](=[O:1])[O:3][H:10])([H:12])[H:13])([H:14])[H:15])[H:17],,
12,0.008816069062765658,RESP2,hf/6-31g*,,0.75,H,hf,13,[H:16][C:7]1([C:6]([C:5]([C:4]([C:9]([C:8]1([H:18])[H:19])([H:20])[H:21])([H:11])[C:2](=[O:1])[O:3][H:10])([H:12])[H:13])([H:14])[H:15])[H:17],,
13,-0.0016674126900159609,RESP2,hf/6-31g*,,0.75,H,hf,14,[H:16][C:7]1([C:6]([C:5]([C:4]([C:9]([C:8]1([H:18])[H:19])([H:20])[H:21])([H:11])[C:2](=[O:1])[O:3][H:10])([H:12])[H:13])([H:14])[H:15])[H:17],,
14,-0.0031511728415392357,RESP2,hf/6-31g*,,0.75,H,hf,15,[H:16][C:7]1([C:6]([C:5]([C:4]([C:9]([C:8]1([H:18])[H:19])([H:20])[H:21])([H:11])[C:2](=[O:1])[O:3][H:10])([H:12])[H:13])([H:14])[H:15])[H:17],,
15,-0.009989950037087872,RESP2,hf/6-31g*,,0.75,H,hf,16,[H:16][C:7]1([C:6]([C:5]([C:4]([C:9]([C:8]1([H:18])[H:19])([H:20])[H:21])([H:11])[C:2](=[O:1])[O:3][H:10])([H:12])[H:13])([H:14])[H:15])[H:17],,
16,-0.005655269953144923,RESP2,hf/6-31g*,,0.75,H,hf,17,[H:16][C:7]1([C:6]([C:5]([C:4]([C:9]([C:8]1([H:18])[H:19])([H:20])[H:21])([H:11])[C:2](=[O:1])[O:3][H:10])([H:12])[H:13])([H:14])[H:15])[H:17],,
17,-0.0032248146433343783,RESP2,hf/6-31g*,,0.75,H,hf,18,[H:16][C:7]1([C:6]([C:5]([C:4]([C:9]([C:8]1([H:18])[H:19])([H:20])[H:21])([H:11])[C:2](=[O:1])[O:3][H:10])([H:12])[H:13])([H:14])[H:15])[H:17],,
18,-0.0066675511973868585,RESP2,hf/6-31g*,,0.75,H,hf,19,[H:16][C:7]1([C:6]([C:5]([C:4]([C:9]([C:8]1([H:18])[H:19])([H:20])[H:21])([H:11])[C:2](=[O:1])[O:3][H:10])([H:12])[H:13])([H:14])[H:15])[H:17],,
19,0.002924186385374676,RESP2,hf/6-31g*,,0.75,H,hf,20,[H:16][C:7]1([C:6]([C:5]([C:4]([C:9]([C:8]1([H:18])[H:19])([H:20])[H:21])([H:11])[C:2](=[O:1])[O:3][H:10])([H:12])[H:13])([H:14])[H:15])[H:17],,
20,0.005854953565302562,RESP2,hf/6-31g*,,0.75,H,hf,21,[H:16][C:7]1([C:6]([C:5]([C:4]([C:9]([C:8]1([H:18])[H:19])([H:20])[H:21])([H:11])[C:2](=[O:1])[O:3][H:10])([H:12])[H:13])([H:14])[H:15])[H:17],,
0,-0.6480211255100983,RESP2,hf/6-31g*,,0.8,O,hf,1,[H:16][C:7]1([C:6]([C:5]([C:4]([C:9]([C:8]1([H:18])[H:19])([H:20])[H:21])([H:11])[C:2](=[O:1])[O:3][H:10])([H:12])[H:13])([H:14])[H:15])[H:17],,
1,0.7492570691742412,RESP2,hf/6-31g*,,0.8,C,hf,2,[H:16][C:7]1([C:6]([C:5]([C:4]([C:9]([C:8]1([H:18])[H:19])([H:20])[H:21])([H:11])[C:2](=[O:1])[O:3][H:10])([H:12])[H:13])([H:14])[H:15])[H:17],,
2,-0.6755022945949707,RESP2,hf/6-31g*,,0.8,O,hf,3,[H:16][C:7]1([C:6]([C:5]([C:4]([C:9]([C:8]1([H:18])[H:19])([H:20])[H:21])([H:11])[C:2](=[O:1])[O:3][H:10])([H:12])[H:13])([H:14])[H:15])[H:17],,
3,0.010291970556084246,RESP2,hf/6-31g*,,0.8,C,hf,4,[H:16][C:7]1([C:6]([C:5]([C:4]([C:9]([C:8]1([H:18])[H:19])([H:20])[H:21])([H:11])[C:2](=[O:1])[O:3][H:10])([H:12])[H:13])([H:14])[H:15])[H:17],,
4,-0.010601500031953016,RESP2,hf/6-31g*,,0.8,C,hf,5,[H:16][C:7]1([C:6]([C:5]([C:4]([C:9]([C:8]1([H:18])[H:19])([H:20])[H:21])([H:11])[C:2](=[O:1])[O:3][H:10])([H:12])[H:13])([H:14])[H:15])[H:17],,
5,0.016219391763311893,RESP2,hf/6-31g*,,0.8,C,hf,6,[H:16][C:7]1([C:6]([C:5]([C:4]([C:9]([C:8]1([H:18])[H:19])([H:20])[H:21])([H:11])[C:2](=[O:1])[O:3][H:10])([H:12])[H:13])([H:14])[H:15])[H:17],,
6,0.028743244496135648,RESP2,hf/6-31g*,,0.8,C,hf,7,[H:16][C:7]1([C:6]([C:5]([C:4]([C:9]([C:8]1([H:18])[H:19])([H:20])[H:21])([H:11])[C:2](=[O:1])[O:3][H:10])([H:12])[H:13])([H:14])[H:15])[H:17],,
7,0.017674710800240453,RESP2,hf/6-31g*,,0.8,C,hf,8,[H:16][C:7]1([C:6]([C:5]([C:4]([C:9]([C:8]1([H:18])[H:19])([H:20])[H:21])([H:11])[C:2](=[O:1])[O:3][H:10])([H:12])[H:13])([H:14])[H:15])[H:17],,
8,0.00658802066627302,RESP2,hf/6-31g*,,0.8,C,hf,9,[H:16][C:7]1([C:6]([C:5]([C:4]([C:9]([C:8]1([H:18])[H:19])([H:20])[H:21])([H:11])[C:2](=[O:1])[O:3][H:10])([H:12])[H:13])([H:14])[H:15])[H:17],,
9,0.48373947847028853,RESP2,hf/6-31g*,,0.8,H,hf,10,[H:16][C:7]1([C:6]([C:5]([C:4]([C:9]([C:8]1([H:18])[H:19])([H:20])[H:21])([H:11])[C:2](=[O:1])[O:3][H:10])([H:12])[H:13])([H:14])[H:15])[H:17],,
10,0.025297980462665858,RESP2,hf/6-31g*,,0.8,H,hf,11,[H:16][C:7]1([C:6]([C:5]([C:4]([C:9]([C:8]1([H:18])[H:19])([H:20])[H:21])([H:11])[C:2](=[O:1])[O:3][H:10])([H:12])[H:13])([H:14])[H:15])[H:17],,
11,0.009811241834888452,RESP2,hf/6-31g*,,0.8,H,hf,12,[H:16][C:7]1([C:6]([C:5]([C:4]([C:9]([C:8]1([H:18])[H:19])([H:20])[H:21])([H:11])[C:2](=[O:1])[O:3][H:10])([H:12])[H:13])([H:14])[H:15])[H:17],,
12,0.009081622899786018,RESP2,hf/6-31g*,,0.8,H,hf,13,[H:16][C:7]1([C:6]([C:5]([C:4]([C:9]([C:8]1([H:18])[H:19])([H:20])[H:21])([H:11])[C:2](=[O:1])[O:3][H:10])([H:12])[H:13])([H:14])[H:15])[H:17],,
13,-0.0018319780450059228,RESP2,hf/6-31g*,,0.8,H,hf,14,[H:16][C:7]1([C:6]([C:5]([C:4]([C:9]([C:8]1([H:18])[H:19])([H:20])[H:21])([H:11])[C:2](=[O:1])[O:3][H:10])([H:12])[H:13])([H:14])[H:15])[H:17],,
14,-0.0034138812397296477,RESP2,hf/6-31g*,,0.8,H,hf,15,[H:16][C:7]1([C:6]([C:5]([C:4]([C:9]([C:8]1([H:18])[H:19])([H:20])[H:21])([H:11])[C:2](=[O:1])[O:3][H:10])([H:12])[H:13])([H:14])[H:15])[H:17],,
15,-0.01059422399359539,RESP2,hf/6-31g*,,0.8,H,hf,16,[H:16][C:7]1([C:6]([C:5]([C:4]([C:9]([C:8]1([H:18])[H:19])([H:20])[H:21])([H:11])[C:2](=[O:1])[O:3][H:10])([H:12])[H:13])([H:14])[H:15])[H:17],,
16,-0.006276836712419183,RESP2,hf/6-31g*,,0.8,H,hf,17,[H:16][C:7]1([C:6]([C:5]([C:4]([C:9]([C:8]1([H:18])[H:19])([H:20])[H:21])([H:11])[C:2](=[O:1])[O:3][H:10])([H:12])[H:13])([H:14])[H:15])[H:17],,
17,-0.0027337286451509933,RESP2,hf/6-31g*,,0.8,H,hf,18,[H:16][C:7]1([C:6]([C:5]([C:4]([C:9]([C:8]1([H:18])[H:19])([H:20])[H:21])([H:11])[C:2](=[O:1])[O:3][H:10])([H:12])[H:13])([H:14])[H:15])[H:17],,
18,-0.006207116137998479,RESP2,hf/6-31g*,,0.8,H,hf,19,[H:16][C:7]1([C:6]([C:5]([C:4]([C:9]([C:8]1([H:18])[H:19])([H:20])[H:21])([H:11])[C:2](=[O:1])[O:3][H:10])([H:12])[H:13])([H:14])[H:15])[H:17],,
19,0.0026960316395752072,RESP2,hf/6-31g*,,0.8,H,hf,20,[H:16][C:7]1([C:6]([C:5]([C:4]([C:9]([C:8]1([H:18])[H:19])([H:20])[H:21])([H:11])[C:2](=[O:1])[O:3][H:10])([H:12])[H:13])([H:14])[H:15])[H:17],,
20,0.0057819221474310865,RESP2,hf/6-31g*,,0.8,H,hf,21,[H:16][C:7]1([C:6]([C:5]([C:4]([C:9]([C:8]1([H:18])[H:19])([H:20])[H:21])([H:11])[C:2](=[O:1])[O:3][H:10])([H:12])[H:13])([H:14])[H:15])[H:17],,
0,-0.6515135250818203,RESP2,hf/6-31g*,,0.8500000000000001,O,hf,1,[H:16][C:7]1([C:6]([C:5]([C:4]([C:9]([C:8]1([H:18])[H:19])([H:20])[H:21])([H:11])[C:2](=[O:1])[O:3][H:10])([H:12])[H:13])([H:14])[H:15])[H:17],,
1,0.7519153879861009,RESP2,hf/6-31g*,,0.8500000000000001,C,hf,2,[H:16][C:7]1([C:6]([C:5]([C:4]([C:9]([C:8]1([H:18])[H:19])([H:20])[H:21])([H:11])[C:2](=[O:1])[O:3][H:10])([H:12])[H:13])([H:14])[H:15])[H:17],,
2,-0.676952583794507,RESP2,hf/6-31g*,,0.8500000000000001,O,hf,3,[H:16][C:7]1([C:6]([C:5]([C:4]([C:9]([C:8]1([H:18])[H:19])([H:20])[H:21])([H:11])[C:2](=[O:1])[O:3][H:10])([H:12])[H:13])([H:14])[H:15])[H:17],,
3,0.008207988204948873,RESP2,hf/6-31g*,,0.8500000000000001,C,hf,4,[H:16][C:7]1([C:6]([C:5]([C:4]([C:9]([C:8]1([H:18])[H:19])([H:20])[H:21])([H:11])[C:2](=[O:1])[O:3][H:10])([H:12])[H:13])([H:14])[H:15])[H:17],,
4,-0.010197145843069733,RESP2,hf/6-31g*,,0.8500000000000001,C,hf,5,[H:16][C:7]1([C:6]([C:5]([C:4]([C:9]([C:8]1([H:18])[H:19])([H:20])[H:21])([H:11])[C:2](=[O:1])[O:3][H:10])([H:12])[H:13])([H:14])[H:15])[H:17],,
5,0.016359938380381443,RESP2,hf/6-31g*,,0.8500000000000001,C,hf,6,[H:16][C:7]1([C:6]([C:5]([C:4]([C:9]([C:8]1([H:18])[H:19])([H:20])[H:21])([H:11])[C:2](=[O:1])[O:3][H:10])([H:12])[H:13])([H:14])[H:15])[H:17],,
6,0.031188013805479253,RESP2,hf/6-31g*,,0.8500000000000001,C,hf,7,[H:16][C:7]1([C:6]([C:5]([C:4]([C:9]([C:8]1([H:18])[H:19])([H:20])[H:21])([H:11])[C:2](=[O:1])[O:3][H:10])([H:12])[H:13])([H:14])[H:15])[H:17],,
7,0.015723993932807025,RESP2,hf/6-31g*,,0.8500000000000001,C,hf,8,[H:16][C:7]1([C:6]([C:5]([C:4]([C:9]([C:8]1([H:18])[H:19])([H:20])[H:21])([H:11])[C:2](=[O:1])[O:3][H:10])([H:12])[H:13])([H:14])[H:15])[H:17],,
8,0.007795556708311931,RESP2,hf/6-31g*,,0.8500000000000001,C,hf,9,[H:16][C:7]1([C:6]([C:5]([C:4]([C:9]([C:8]1([H:18])[H:19])([H:20])[H:21])([H:11])[C:2](=[O:1])[O:3][H:10])([H:12])[H:13])([H:14])[H:15])[H:17],,
9,0.48550069574464416,RESP2,hf/6-31g*,,0.8500000000000001,H,hf,10,[H:16][C:7]1([C:6]([C:5]([C:4]([C:9]([C:8]1([H:18])[H:19])([H:20])[H:21])([H:11])[C:2](=[O:1])[O:3][H:10])([H:12])[H:13])([H:14])[H:15])[H:17],,
10,0.026522693921392757,RESP2,hf/6-31g*,,0.8500000000000001,H,hf,11,[H:16][C:7]1([C:6]([C:5]([C:4]([C:9]([C:8]1([H:18])[H:19])([H:20])[H:21])([H:11])[C:2](=[O:1])[O:3][H:10])([H:12])[H:13])([H:14])[H:15])[H:17],,
11,0.009684399860479026,RESP2,hf/6-31g*,,0.8500000000000001,H,hf,12,[H:16][C:7]1([C:6]([C:5]([C:4]([C:9]([C:8]1([H:18])[H:19])([H:20])[H:21])([H:11])[C:2](=[O:1])[O:3][H:10])([H:12])[H:13])([H:14])[H:15])[H:17],,
12,0.009347176736806373,RESP2,hf/6-31g*,,0.8500000000000001,H,hf,13,[H:16][C:7]1([C:6]([C:5]([C:4]([C:9]([C:8]1([H:18])[H:19])([H:20])[H:21])([H:11])[C:2](=[O:1])[O:3][H:10])([H:12])[H:13])([H:14])[H:15])[H:17],,
13,-0.001996543399995887,RESP2,hf/6-31g*,,0.8500000000000001,H,hf,14,[H:16][C:7]1([C:6]([C:5]([C:4]([C:9]([C:8]1([H:18])[H:19])([H:20])[H:21])([H:11])[C:2](=[O:1])[O:3][H:10])([H:12])[H:13])([H:14])[H:15])[H:17],,
14,-0.0036765896379200628,RESP2,hf/6-31g*,,0.8500000000000001,H,hf,15,[H:16][C:7]1([C:6]([C:5]([C:4]([C:9]([C:8]1([H:18])[H:19])([H:20])[H:21])([H:11])[C:2](=[O:1])[O:3][H:10])([H:12])[H:13])([H:14])[H:15])[H:17],,
15,-0.011198497950102913,RESP2,hf/6-31g*,,0.8500000000000001,H,hf,16,[H:16][C:7]1([C:6]([C:5]([C:4]([C:9]([C:8]1([H:18])[H:19])([H:20])[H:21])([H:11])[C:2](=[O:1])[O:3][H:10])([H:12])[H:13])([H:14])[H:15])[H:17],,
16,-0.006898403471693444,RESP2,hf/6-31g*,,0.8500000000000001,H,hf,17,[H:16][C:7]1([C:6]([C:5]([C:4]([C:9]([C:8]1([H:18])[H:19])([H:20])[H:21])([H:11])[C:2](=[O:1])[O:3][H:10])([H:12])[H:13])([H:14])[H:15])[H:17],,
17,-0.0022426426469676105,RESP2,hf/6-31g*,,0.8500000000000001,H,hf,18,[H:16][C:7]1([C:6]([C:5]([C:4]([C:9]([C:8]1([H:18])[H:19])([H:20])[H:21])([H:11])[C:2](=[O:1])[O:3][H:10])([H:12])[H:13])([H:14])[H:15])[H:17],,
18,-0.005746681078610101,RESP2,hf/6-31g*,,0.8500000000000001,H,hf,19,[H:16][C:7]1([C:6]([C:5]([C:4]([C:9]([C:8]1([H:18])[H:19])([H:20])[H:21])([H:11])[C:2](=[O:1])[O:3][H:10])([H:12])[H:13])([H:14])[H:15])[H:17],,
19,0.002467876893775736,RESP2,hf/6-31g*,,0.8500000000000001,H,hf,20,[H:16][C:7]1([C:6]([C:5]([C:4]([C:9]([C:8]1([H:18])[H:19])([H:20])[H:21])([H:11])[C:2](=[O:1])[O:3][H:10])([H:12])[H:13])([H:14])[H:15])[H:17],,
20,0.005708890729559611,RESP2,hf/6-31g*,,0.8500000000000001,H,hf,21,[H:16][C:7]1([C:6]([C:5]([C:4]([C:9]([C:8]1([H:18])[H:19])([H:20])[H:21])([H:11])[C:2](=[O:1])[O:3][H:10])([H:12])[H:13])([H:14])[H:15])[H:17],,
0,-0.655005924653542,RESP2,hf/6-31g*,,0.9,O,hf,1,[H:16][C:7]1([C:6]([C:5]([C:4]([C:9]([C:8]1([H:18])[H:19])([H:20])[H:21])([H:11])[C:2](=[O:1])[O:3][H:10])([H:12])[H:13])([H:14])[H:15])[H:17],,
1,0.7545737067979605,RESP2,hf/6-31g*,,0.9,C,hf,2,[H:16][C:7]1([C:6]([C:5]([C:4]([C:9]([C:8]1([H:18])[H:19])([H:20])[H:21])([H:11])[C:2](=[O:1])[O:3][H:10])([H:12])[H:13])([H:14])[H:15])[H:17],,
2,-0.6784028729940432,RESP2,hf/6-31g*,,0.9,O,hf,3,[H:16][C:7]1([C:6]([C:5]([C:4]([C:9]([C:8]1([H:18])[H:19])([H:20])[H:21])([H:11])[C:2](=[O:1])[O:3][H:10])([H:12])[H:13])([H:14])[H:15])[H:17],,
3,0.006124005853813502,RESP2,hf/6-31g*,,0.9,C,hf,4,[H:16][C:7]1([C:6]([C:5]([C:4]([C:9]([C:8]1([H:18])[H:19])([H:20])[H:21])([H:11])[C:2](=[O:1])[O:3][H:10])([H:12])[H:13])([H:14])[H:15])[H:17],,
4,-0.009792791654186457,RESP2,hf/6-31g*,,0.9,C,hf,5,[H:16][C:7]1([C:6]([C:5]([C:4]([C:9]([C:8]1([H:18])[H:19])([H:20])[H:21])([H:11])[C:2](=[O:1])[O:3][H:10])([H:12])[H:13])([H:14])[H:15])[H:17],,
5,0.01650048499745099,RESP2,hf/6-31g*,,0.9,C,hf,6,[H:16][C:7]1([C:6]([C:5]([C:4]([C:9]([C:8]1([H:18])[H:19])([H:20])[H:21])([H:11])[C:2](=[O:1])[O:3][H:10])([H:12])[H:13])([H:14])[H:15])[H:17],,
6,0.03363278311482284,RESP2,hf/6-31g*,,0.9,C,hf,7,[H:16][C:7]1([C:6]([C:5]([C:4]([C:9]([C:8]1([H:18])[H:19])([H:20])[H:21])([H:11])[C:2](=[O:1])[O:3][H:10])([H:12])[H:13])([H:14])[H:15])[H:17],,
7,0.013773277065373587,RESP2,hf/6-31g*,,0.9,C,hf,8,[H:16][C:7]1([C:6]([C:5]([C:4]([C:9]([C:8]1([H:18])[H:19])([H:20])[H:21])([H:11])[C:2](=[O:1])[O:3][H:10])([H:12])[H:13])([H:14])[H:15])[H:17],,
8,0.009003092750350833,RESP2,hf/6-31g*,,0.9,C,hf,9,[H:16][C:7]1([C:6]([C:5]([C:4]([C:9]([C:8]1([H:18])[H:19])([H:20])[H:21])([H:11])[C:2](=[O:1])[O:3][H:10])([H:12])[H:13])([H:14])[H:15])[H:17],,
9,0.4872619130189996,RESP2,hf/6-31g*,,0.9,H,hf,10,[H:16][C:7]1([C:6]([C:5]([C:4]([C:9]([C:8]1([H:18])[H:19])([H:20])[H:21])([H:11])[C:2](=[O:1])[O:3][H:10])([H:12])[H:13])([H:14])[H:15])[H:17],,
10,0.027747407380119646,RESP2,hf/6-31g*,,0.9,H,hf,11,[H:16][C:7]1([C:6]([C:5]([C:4]([C:9]([C:8]1([H:18])[H:19])([H:20])[H:21])([H:11])[C:2](=[O:1])[O:3][H:10])([H:12])[H:13])([H:14])[H:15])[H:17],,
11,0.009557557886069597,RESP2,hf/6-31g*,,0.9,H,hf,12,[H:16][C:7]1([C:6]([C:5]([C:4]([C:9]([C:8]1([H:18])[H:19])([H:20])[H:21])([H:11])[C:2](=[O:1])[O:3][H:10])([H:12])[H:13])([H:14])[H:15])[H:17],,
12,0.009612730573826722,RESP2,hf/6-31g*,,0.9,H,hf,13,[H:16][C:7]1([C:6]([C:5]([C:4]([C:9]([C:8]1([H:18])[H:19])([H:20])[H:21])([H:11])[C:2](=[O:1])[O:3][H:10])([H:12])[H:13])([H:14])[H:15])[H:17],,
13,-0.0021611087549858565,RESP2,hf/6-31g*,,0.9,H,hf,14,[H:16][C:7]1([C:6]([C:5]([C:4]([C:9]([C:8]1([H:18])[H:19])([H:20])[H:21])([H:11])[C:2](=[O:1])[O:3][H:10])([H:12])[H:13])([H:14])[H:15])[H:17],,
14,-0.003939298036110482,RESP2,hf/6-31g*,,0.9,H,hf,15,[H:16][C:7]1([C:6]([C:5]([C:4]([C:9]([C:8]1([H:18])[H:19])([H:20])[H:21])([H:11])[C:2](=[O:1])[O:3][H:10])([H:12])[H:13])([H:14])[H:15])[H:17],,
15,-0.011802771906610438,RESP2,hf/6-31g*,,0.9,H,hf,16,[H:16][C:7]1([C:6]([C:5]([C:4]([C:9]([C:8]1([H:18])[H:19])([H:20])[H:21])([H:11])[C:2](=[O:1])[O:3][H:10])([H:12])[H:13])([H:14])[H:15])[H:17],,
16,-0.007519970230967709,RESP2,hf/6-31g*,,0.9,H,hf,17,[H:16][C:7]1([C:6]([C:5]([C:4]([C:9]([C:8]1([H:18])[H:19])([H:20])[H:21])([H:11])[C:2](=[O:1])[O:3][H:10])([H:12])[H:13])([H:14])[H:15])[H:17],,
17,-0.0017515566487842343,RESP2,hf/6-31g*,,0.9,H,hf,18,[H:16][C:7]1([C:6]([C:5]([C:4]([C:9]([C:8]1([H:18])[H:19])([H:20])[H:21])([H:11])[C:2](=[O:1])[O:3][H:10])([H:12])[H:13])([H:14])[H:15])[H:17],,
18,-0.005286246019221731,RESP2,hf/6-31g*,,0.9,H,hf,19,[H:16][C:7]1([C:6]([C:5]([C:4]([C:9]([C:8]1([H:18])[H:19])([H:20])[H:21])([H:11])[C:2](=[O:1])[O:3][H:10])([H:12])[H:13])([H:14])[H:15])[H:17],,
19,0.0022397221479762606,RESP2,hf/6-31g*,,0.9,H,hf,20,[H:16][C:7]1([C:6]([C:5]([C:4]([C:9]([C:8]1([H:18])[H:19])([H:20])[H:21])([H:11])[C:2](=[O:1])[O:3][H:10])([H:12])[H:13])([H:14])[H:15])[H:17],,
20,0.0056358593116881284,RESP2,hf/6-31g*,,0.9,H,hf,21,[H:16][C:7]1([C:6]([C:5]([C:4]([C:9]([C:8]1([H:18])[H:19])([H:20])[H:21])([H:11])[C:2](=[O:1])[O:3][H:10])([H:12])[H:13])([H:14])[H:15])[H:17],,
0,-0.658498324225264,RESP2,hf/6-31g*,,0.9500000000000001,O,hf,1,[H:16][C:7]1([C:6]([C:5]([C:4]([C:9]([C:8]1([H:18])[H:19])([H:20])[H:21])([H:11])[C:2](=[O:1])[O:3][H:10])([H:12])[H:13])([H:14])[H:15])[H:17],,
1,0.7572320256098202,RESP2,hf/6-31g*,,0.9500000000000001,C,hf,2,[H:16][C:7]1([C:6]([C:5]([C:4]([C:9]([C:8]1([H:18])[H:19])([H:20])[H:21])([H:11])[C:2](=[O:1])[O:3][H:10])([H:12])[H:13])([H:14])[H:15])[H:17],,
2,-0.6798531621935796,RESP2,hf/6-31g*,,0.9500000000000001,O,hf,3,[H:16][C:7]1([C:6]([C:5]([C:4]([C:9]([C:8]1([H:18])[H:19])([H:20])[H:21])([H:11])[C:2](=[O:1])[O:3][H:10])([H:12])[H:13])([H:14])[H:15])[H:17],,
3,0.004040023502678124,RESP2,hf/6-31g*,,0.9500000000000001,C,hf,4,[H:16][C:7]1([C:6]([C:5]([C:4]([C:9]([C:8]1([H:18])[H:19])([H:20])[H:21])([H:11])[C:2](=[O:1])[O:3][H:10])([H:12])[H:13])([H:14])[H:15])[H:17],,
4,-0.00938843746530318,RESP2,hf/6-31g*,,0.9500000000000001,C,hf,5,[H:16][C:7]1([C:6]([C:5]([C:4]([C:9]([C:8]1([H:18])[H:19])([H:20])[H:21])([H:11])[C:2](=[O:1])[O:3][H:10])([H:12])[H:13])([H:14])[H:15])[H:17],,
5,0.016641031614520532,RESP2,hf/6-31g*,,0.9500000000000001,C,hf,6,[H:16][C:7]1([C:6]([C:5]([C:4]([C:9]([C:8]1([H:18])[H:19])([H:20])[H:21])([H:11])[C:2](=[O:1])[O:3][H:10])([H:12])[H:13])([H:14])[H:15])[H:17],,
6,0.03607755242416644,RESP2,hf/6-31g*,,0.9500000000000001,C,hf,7,[H:16][C:7]1([C:6]([C:5]([C:4]([C:9]([C:8]1([H:18])[H:19])([H:20])[H:21])([H:11])[C:2](=[O:1])[O:3][H:10])([H:12])[H:13])([H:14])[H:15])[H:17],,
7,0.011822560197940148,RESP2,hf/6-31g*,,0.9500000000000001,C,hf,8,[H:16][C:7]1([C:6]([C:5]([C:4]([C:9]([C:8]1([H:18])[H:19])([H:20])[H:21])([H:11])[C:2](=[O:1])[O:3][H:10])([H:12])[H:13])([H:14])[H:15])[H:17],,
8,0.010210628792389737,RESP2,hf/6-31g*,,0.9500000000000001,C,hf,9,[H:16][C:7]1([C:6]([C:5]([C:4]([C:9]([C:8]1([H:18])[H:19])([H:20])[H:21])([H:11])[C:2](=[O:1])[O:3][H:10])([H:12])[H:13])([H:14])[H:15])[H:17],,
9,0.48902313029335526,RESP2,hf/6-31g*,,0.9500000000000001,H,hf,10,[H:16][C:7]1([C:6]([C:5]([C:4]([C:9]([C:8]1([H:18])[H:19])([H:20])[H:21])([H:11])[C:2](=[O:1])[O:3][H:10])([H:12])[H:13])([H:14])[H:15])[H:17],,
10,0.02897212083884654,RESP2,hf/6-31g*,,0.9500000000000001,H,hf,11,[H:16][C:7]1([C:6]([C:5]([C:4]([C:9]([C:8]1([H:18])[H:19])([H:20])[H:21])([H:11])[C:2](=[O:1])[O:3][H:10])([H:12])[H:13])([H:14])[H:15])[H:17],,
11,0.009430715911660167,RESP2,hf/6-31g*,,0.9500000000000001,H,hf,12,[H:16][C:7]1([C:6]([C:5]([C:4]([C:9]([C:8]1([H:18])[H:19])([H:20])[H:21])([H:11])[C:2](=[O:1])[O:3][H:10])([H:12])[H:13])([H:14])[H:15])[H:17],,
12,0.009878284410847074,RESP2,hf/6-31g*,,0.9500000000000001,H,hf,13,[H:16][C:7]1([C:6]([C:5]([C:4]([C:9]([C:8]1([H:18])[H:19])([H:20])[H:21])([H:11])[C:2](=[O:1])[O:3][H:10])([H:12])[H:13])([H:14])[H:15])[H:17],,
13,-0.0023256741099758264,RESP2,hf/6-31g*,,0.9500000000000001,H,hf,14,[H:16][C:7]1([C:6]([C:5]([C:4]([C:9]([C:8]1([H:18])[H:19])([H:20])[H:21])([H:11])[C:2](=[O:1])[O:3][H:10])([H:12])[H:13])([H:14])[H:15])[H:17],,
14,-0.004202006434300901,RESP2,hf/6-31g*,,0.9500000000000001,H,hf,15,[H:16][C:7]1([C:6]([C:5]([C:4]([C:9]([C:8]1([H:18])[H:19])([H:20])[H:21])([H:11])[C:2](=[O:1])[O:3][H:10])([H:12])[H:13])([H:14])[H:15])[H:17],,
15,-0.012407045863117966,RESP2,hf/6-31g*,,0.9500000000000001,H,hf,16,[H:16][C:7]1([C:6]([C:5]([C:4]([C:9]([C:8]1([H:18])[H:19])([H:20])[H:21])([H:11])[C:2](=[O:1])[O:3][H:10])([H:12])[H:13])([H:14])[H:15])[H:17],,
16,-0.008141536990241977,RESP2,hf/6-31g*,,0.9500000000000001,H,hf,17,[H:16][C:7]1([C:6]([C:5]([C:4]([C:9]([C:8]1([H:18])[H:19])([H:20])[H:21])([H:11])[C:2](=[O:1])[O:3][H:10])([H:12])[H:13])([H:14])[H:15])[H:17],,
17,-0.001260470650600857,RESP2,hf/6-31g*,,0.9500000000000001,H,hf,18,[H:16][C:7]1([C:6]([C:5]([C:4]([C:9]([C:8]1([H:18])[H:19])([H:20])[H:21])([H:11])[C:2](=[O:1])[O:3][H:10])([H:12])[H:13])([H:14])[H:15])[H:17],,
18,-0.0048258109598333584,RESP2,hf/6-31g*,,0.9500000000000001,H,hf,19,[H:16][C:7]1([C:6]([C:5]([C:4]([C:9]([C:8]1([H:18])[H:19])([H:20])[H:21])([H:11])[C:2](=[O:1])[O:3][H:10])([H:12])[H:13])([H:14])[H:15])[H:17],,
19,0.002011567402176784,RESP2,hf/6-31g*,,0.9500000000000001,H,hf,20,[H:16][C:7]1([C:6]([C:5]([C:4]([C:9]([C:8]1([H:18])[H:19])([H:20])[H:21])([H:11])[C:2](=[O:1])[O:3][H:10])([H:12])[H:13])([H:14])[H:15])[H:17],,
20,0.005562827893816645,RESP2,hf/6-31g*,,0.9500000000000001,H,hf,21,[H:16][C:7]1([C:6]([C:5]([C:4]([C:9]([C:8]1([H:18])[H:19])([H:20])[H:21])([H:11])[C:2](=[O:1])[O:3][H:10])([H:12])[H:13])([H:14])[H:15])[H:17],,
0,-0.6619907237969859,RESP2,hf/6-31g*,,1.0,O,hf,1,[H:16][C:7]1([C:6]([C:5]([C:4]([C:9]([C:8]1([H:18])[H:19])([H:20])[H:21])([H:11])[C:2](=[O:1])[O:3][H:10])([H:12])[H:13])([H:14])[H:15])[H:17],,
1,0.7598903444216798,RESP2,hf/6-31g*,,1.0,C,hf,2,[H:16][C:7]1([C:6]([C:5]([C:4]([C:9]([C:8]1([H:18])[H:19])([H:20])[H:21])([H:11])[C:2](=[O:1])[O:3][H:10])([H:12])[H:13])([H:14])[H:15])[H:17],,
2,-0.6813034513931158,RESP2,hf/6-31g*,,1.0,O,hf,3,[H:16][C:7]1([C:6]([C:5]([C:4]([C:9]([C:8]1([H:18])[H:19])([H:20])[H:21])([H:11])[C:2](=[O:1])[O:3][H:10])([H:12])[H:13])([H:14])[H:15])[H:17],,
3,0.001956041151542749,RESP2,hf/6-31g*,,1.0,C,hf,4,[H:16][C:7]1([C:6]([C:5]([C:4]([C:9]([C:8]1([H:18])[H:19])([H:20])[H:21])([H:11])[C:2](=[O:1])[O:3][H:10])([H:12])[H:13])([H:14])[H:15])[H:17],,
4,-0.008984083276419905,RESP2,hf/6-31g*,,1.0,C,hf,5,[H:16][C:7]1([C:6]([C:5]([C:4]([C:9]([C:8]1([H:18])[H:19])([H:20])[H:21])([H:11])[C:2](=[O:1])[O:3][H:10])([H:12])[H:13])([H:14])[H:15])[H:17],,
5,0.016781578231590072,RESP2,hf/6-31g*,,1.0,C,hf,6,[H:16][C:7]1([C:6]([C:5]([C:4]([C:9]([C:8]1([H:18])[H:19])([H:20])[H:21])([H:11])[C:2](=[O:1])[O:3][H:10])([H:12])[H:13])([H:14])[H:15])[H:17],,
6,0.03852232173351003,RESP2,hf/6-31g*,,1.0,C,hf,7,[H:16][C:7]1([C:6]([C:5]([C:4]([C:9]([C:8]1([H:18])[H:19])([H:20])[H:21])([H:11])[C:2](=[O:1])[O:3][H:10])([H:12])[H:13])([H:14])[H:15])[H:17],,
7,0.00987184333050671,RESP2,hf/6-31g*,,1.0,C,hf,8,[H:16][C:7]1([C:6]([C:5]([C:4]([C:9]([C:8]1([H:18])[H:19])([H:20])[H:21])([H:11])[C:2](=[O:1])[O:3][H:10])([H:12])[H:13])([H:14])[H:15])[H:17],,
8,0.011418164834428637,RESP2,hf/6-31g*,,1.0,C,hf,9,[H:16][C:7]1([C:6]([C:5]([C:4]([C:9]([C:8]1([H:18])[H:19])([H:20])[H:21])([H:11])[C:2](=[O:1])[O:3][H:10])([H:12])[H:13])([H:14])[H:15])[H:17],,
9,0.4907843475677108,RESP2,hf/6-31g*,,1.0,H,hf,10,[H:16][C:7]1([C:6]([C:5]([C:4]([C:9]([C:8]1([H:18])[H:19])([H:20])[H:21])([H:11])[C:2](=[O:1])[O:3][H:10])([H:12])[H:13])([H:14])[H:15])[H:17],,
10,0.030196834297573426,RESP2,hf/6-31g*,,1.0,H,hf,11,[H:16][C:7]1([C:6]([C:5]([C:4]([C:9]([C:8]1([H:18])[H:19])([H:20])[H:21])([H:11])[C:2](=[O:1])[O:3][H:10])([H:12])[H:13])([H:14])[H:15])[H:17],,
11,0.009303873937250734,RESP2,hf/6-31g*,,1.0,H,hf,12,[H:16][C:7]1([C:6]([C:5]([C:4]([C:9]([C:8]1([H:18])[H:19])([H:20])[H:21])([H:11])[C:2](=[O:1])[O:3][H:10])([H:12])[H:13])([H:14])[H:15])[H:17],,
12,0.010143838247867422,RESP2,hf/6-31g*,,1.0,H,hf,13,[H:16][C:7]1([C:6]([C:5]([C:4]([C:9]([C:8]1([H:18])[H:19])([H:20])[H:21])([H:11])[C:2](=[O:1])[O:3][H:10])([H:12])[H:13])([H:14])[H:15])[H:17],,
13,-0.0024902394649657985,RESP2,hf/6-31g*,,1.0,H,hf,14,[H:16][C:7]1([C:6]([C:5]([C:4]([C:9]([C:8]1([H:18])[H:19])([H:20])[H:21])([H:11])[C:2](=[O:1])[O:3][H:10])([H:12])[H:13])([H:14])[H:15])[H:17],,
14,-0.004464714832491324,RESP2,hf/6-31g*,,1.0,H,hf,15,[H:16][C:7]1([C:6]([C:5]([C:4]([C:9]([C:8]1([H:18])[H:19])([H:20])[H:21])([H:11])[C:2](=[O:1])[O:3][H:10])([H:12])[H:13])([H:14])[H:15])[H:17],,
15,-0.013011319819625493,RESP2,hf/6-31g*,,1.0,H,hf,16,[H:16][C:7]1([C:6]([C:5]([C:4]([C:9]([C:8]1([H:18])[H:19])([H:20])[H:21])([H:11])[C:2](=[O:1])[O:3][H:10])([H:12])[H:13])([H:14])[H:15])[H:17],,
16,-0.008763103749516244,RESP2,hf/6-31g*,,1.0,H,hf,17,[H:16][C:7]1([C:6]([C:5]([C:4]([C:9]([C:8]1([H:18])[H:19])([H:20])[H:21])([H:11])[C:2](=[O:1])[O:3][H:10])([H:12])[H:13])([H:14])[H:15])[H:17],,
17,-0.0007693846524174832,RESP2,hf/6-31g*,,1.0,H,hf,18,[H:16][C:7]1([C:6]([C:5]([C:4]([C:9]([C:8]1([H:18])[H:19])([H:20])[H:21])([H:11])[C:2](=[O:1])[O:3][H:10])([H:12])[H:13])([H:14])[H:15])[H:17],,
18,-0.004365375900444991,RESP2,hf/6-31g*,,1.0,H,hf,19,[H:16][C:7]1([C:6]([C:5]([C:4]([C:9]([C:8]1([H:18])[H:19])([H:20])[H:21])([H:11])[C:2](=[O:1])[O:3][H:10])([H:12])[H:13])([H:14])[H:15])[H:17],,
19,0.0017834126563773057,RESP2,hf/6-31g*,,1.0,H,hf,20,[H:16][C:7]1([C:6]([C:5]([C:4]([C:9]([C:8]1([H:18])[H:19])([H:20])[H:21])([H:11])[C:2](=[O:1])[O:3][H:10])([H:12])[H:13])([H:14])[H:15])[H:17],,
20,0.00548979647594516,RESP2,hf/6-31g*,,1.0,H,hf,21,[H:16][C:7]1([C:6]([C:5]([C:4]([C:9]([C:8]1([H:18])[H:19])([H:20])[H:21])([H:11])[C:2](=[O:1])[O:3][H:10])([H:12])[H:13])([H:14])[H:15])[H:17],,
0,-0.5893199477938971,RESP2,hf/6-31g*,1.0,0.0,O,resp2,1,[H:16][C:7]1([C:6]([C:5]([C:4]([C:9]([C:8]1([H:18])[H:19])([H:20])[H:21])([H:11])[C:2](=[O:1])[O:3][H:10])([H:12])[H:13])([H:14])[H:15])[H:17],,
1,0.6882614121539166,RESP2,hf/6-31g*,1.0,0.0,C,resp2,2,[H:16][C:7]1([C:6]([C:5]([C:4]([C:9]([C:8]1([H:18])[H:19])([H:20])[H:21])([H:11])[C:2](=[O:1])[O:3][H:10])([H:12])[H:13])([H:14])[H:15])[H:17],,
2,-0.6497610776110547,RESP2,hf/6-31g*,1.0,0.0,O,resp2,3,[H:16][C:7]1([C:6]([C:5]([C:4]([C:9]([C:8]1([H:18])[H:19])([H:20])[H:21])([H:11])[C:2](=[O:1])[O:3][H:10])([H:12])[H:13])([H:14])[H:15])[H:17],,
3,0.07276683405460153,RESP2,hf/6-31g*,1.0,0.0,C,resp2,4,[H:16][C:7]1([C:6]([C:5]([C:4]([C:9]([C:8]1([H:18])[H:19])([H:20])[H:21])([H:11])[C:2](=[O:1])[O:3][H:10])([H:12])[H:13])([H:14])[H:15])[H:17],,
4,-0.007388742074849657,RESP2,hf/6-31g*,1.0,0.0,C,resp2,5,[H:16][C:7]1([C:6]([C:5]([C:4]([C:9]([C:8]1([H:18])[H:19])([H:20])[H:21])([H:11])[C:2](=[O:1])[O:3][H:10])([H:12])[H:13])([H:14])[H:15])[H:17],,
5,0.006715065303082661,RESP2,hf/6-31g*,1.0,0.0,C,resp2,6,[H:16][C:7]1([C:6]([C:5]([C:4]([C:9]([C:8]1([H:18])[H:19])([H:20])[H:21])([H:11])[C:2](=[O:1])[O:3][H:10])([H:12])[H:13])([H:14])[H:15])[H:17],,
6,-0.0012211690828750155,RESP2,hf/6-31g*,1.0,0.0,C,resp2,7,[H:16][C:7]1([C:6]([C:5]([C:4]([C:9]([C:8]1([H:18])[H:19])([H:20])[H:21])([H:11])[C:2](=[O:1])[O:3][H:10])([H:12])[H:13])([H:14])[H:15])[H:17],,
7,0.05254742101182915,RESP2,hf/6-31g*,1.0,0.0,C,resp2,8,[H:16][C:7]1([C:6]([C:5]([C:4]([C:9]([C:8]1([H:18])[H:19])([H:20])[H:21])([H:11])[C:2](=[O:1])[O:3][H:10])([H:12])[H:13])([H:14])[H:15])[H:17],,
8,-0.006372394727910885,RESP2,hf/6-31g*,1.0,0.0,C,resp2,9,[H:16][C:7]1([C:6]([C:5]([C:4]([C:9]([C:8]1([H:18])[H:19])([H:20])[H:21])([H:11])[C:2](=[O:1])[O:3][H:10])([H:12])[H:13])([H:14])[H:15])[H:17],,
9,0.4562412561533952,RESP2,hf/6-31g*,1.0,0.0,H,resp2,10,[H:16][C:7]1([C:6]([C:5]([C:4]([C:9]([C:8]1([H:18])[H:19])([H:20])[H:21])([H:11])[C:2](=[O:1])[O:3][H:10])([H:12])[H:13])([H:14])[H:15])[H:17],,
10,-0.0043331786550286164,RESP2,hf/6-31g*,1.0,0.0,H,resp2,11,[H:16][C:7]1([C:6]([C:5]([C:4]([C:9]([C:8]1([H:18])[H:19])([H:20])[H:21])([H:11])[C:2](=[O:1])[O:3][H:10])([H:12])[H:13])([H:14])[H:15])[H:17],,
11,0.007800549982236591,RESP2,hf/6-31g*,1.0,0.0,H,resp2,12,[H:16][C:7]1([C:6]([C:5]([C:4]([C:9]([C:8]1([H:18])[H:19])([H:20])[H:21])([H:11])[C:2](=[O:1])[O:3][H:10])([H:12])[H:13])([H:14])[H:15])[H:17],,
12,-9.667514254773762e-06,RESP2,hf/6-31g*,1.0,0.0,H,resp2,13,[H:16][C:7]1([C:6]([C:5]([C:4]([C:9]([C:8]1([H:18])[H:19])([H:20])[H:21])([H:11])[C:2](=[O:1])[O:3][H:10])([H:12])[H:13])([H:14])[H:15])[H:17],,
13,0.0005360211309227336,RESP2,hf/6-31g*,1.0,0.0,H,resp2,14,[H:16][C:7]1([C:6]([C:5]([C:4]([C:9]([C:8]1([H:18])[H:19])([H:20])[H:21])([H:11])[C:2](=[O:1])[O:3][H:10])([H:12])[H:13])([H:14])[H:15])[H:17],,
14,0.0016873590782642744,RESP2,hf/6-31g*,1.0,0.0,H,resp2,15,[H:16][C:7]1([C:6]([C:5]([C:4]([C:9]([C:8]1([H:18])[H:19])([H:20])[H:21])([H:11])[C:2](=[O:1])[O:3][H:10])([H:12])[H:13])([H:14])[H:15])[H:17],,
15,-0.003844451321919875,RESP2,hf/6-31g*,1.0,0.0,H,resp2,16,[H:16][C:7]1([C:6]([C:5]([C:4]([C:9]([C:8]1([H:18])[H:19])([H:20])[H:21])([H:11])[C:2](=[O:1])[O:3][H:10])([H:12])[H:13])([H:14])[H:15])[H:17],,
16,6.4704930470267874e-06,RESP2,hf/6-31g*,1.0,0.0,H,resp2,17,[H:16][C:7]1([C:6]([C:5]([C:4]([C:9]([C:8]1([H:18])[H:19])([H:20])[H:21])([H:11])[C:2](=[O:1])[O:3][H:10])([H:12])[H:13])([H:14])[H:15])[H:17],,
17,-0.013373215244766182,RESP2,hf/6-31g*,1.0,0.0,H,resp2,18,[H:16][C:7]1([C:6]([C:5]([C:4]([C:9]([C:8]1([H:18])[H:19])([H:20])[H:21])([H:11])[C:2](=[O:1])[O:3][H:10])([H:12])[H:13])([H:14])[H:15])[H:17],,
18,-0.016248328782001883,RESP2,hf/6-31g*,1.0,0.0,H,resp2,19,[H:16][C:7]1([C:6]([C:5]([C:4]([C:9]([C:8]1([H:18])[H:19])([H:20])[H:21])([H:11])[C:2](=[O:1])[O:3][H:10])([H:12])[H:13])([H:14])[H:15])[H:17],,
19,0.0026320498428366217,RESP2,hf/6-31g*,1.0,0.0,H,resp2,20,[H:16][C:7]1([C:6]([C:5]([C:4]([C:9]([C:8]1([H:18])[H:19])([H:20])[H:21])([H:11])[C:2](=[O:1])[O:3][H:10])([H:12])[H:13])([H:14])[H:15])[H:17],,
20,0.002677733604426238,RESP2,hf/6-31g*,1.0,0.0,H,resp2,21,[H:16][C:7]1([C:6]([C:5]([C:4]([C:9]([C:8]1([H:18])[H:19])([H:20])[H:21])([H:11])[C:2](=[O:1])[O:3][H:10])([H:12])[H:13])([H:14])[H:15])[H:17],,
0,-0.5927849366507891,RESP2,hf/6-31g*,1.0,0.05,O,resp2,1,[H:16][C:7]1([C:6]([C:5]([C:4]([C:9]([C:8]1([H:18])[H:19])([H:20])[H:21])([H:11])[C:2](=[O:1])[O:3][H:10])([H:12])[H:13])([H:14])[H:15])[H:17],,
1,0.6907110162079403,RESP2,hf/6-31g*,1.0,0.05,C,resp2,2,[H:16][C:7]1([C:6]([C:5]([C:4]([C:9]([C:8]1([H:18])[H:19])([H:20])[H:21])([H:11])[C:2](=[O:1])[O:3][H:10])([H:12])[H:13])([H:14])[H:15])[H:17],,
2,-0.6511972064629509,RESP2,hf/6-31g*,1.0,0.05,O,resp2,3,[H:16][C:7]1([C:6]([C:5]([C:4]([C:9]([C:8]1([H:18])[H:19])([H:20])[H:21])([H:11])[C:2](=[O:1])[O:3][H:10])([H:12])[H:13])([H:14])[H:15])[H:17],,
3,0.0709291468837769,RESP2,hf/6-31g*,1.0,0.05,C,resp2,4,[H:16][C:7]1([C:6]([C:5]([C:4]([C:9]([C:8]1([H:18])[H:19])([H:20])[H:21])([H:11])[C:2](=[O:1])[O:3][H:10])([H:12])[H:13])([H:14])[H:15])[H:17],,
4,-0.006861436768580494,RESP2,hf/6-31g*,1.0,0.05,C,resp2,5,[H:16][C:7]1([C:6]([C:5]([C:4]([C:9]([C:8]1([H:18])[H:19])([H:20])[H:21])([H:11])[C:2](=[O:1])[O:3][H:10])([H:12])[H:13])([H:14])[H:15])[H:17],,
5,0.0068894625537479085,RESP2,hf/6-31g*,1.0,0.05,C,resp2,6,[H:16][C:7]1([C:6]([C:5]([C:4]([C:9]([C:8]1([H:18])[H:19])([H:20])[H:21])([H:11])[C:2](=[O:1])[O:3][H:10])([H:12])[H:13])([H:14])[H:15])[H:17],,
6,0.0015049538526618702,RESP2,hf/6-31g*,1.0,0.05,C,resp2,7,[H:16][C:7]1([C:6]([C:5]([C:4]([C:9]([C:8]1([H:18])[H:19])([H:20])[H:21])([H:11])[C:2](=[O:1])[O:3][H:10])([H:12])[H:13])([H:14])[H:15])[H:17],,
7,0.05023956029253177,RESP2,hf/6-31g*,1.0,0.05,C,resp2,8,[H:16][C:7]1([C:6]([C:5]([C:4]([C:9]([C:8]1([H:18])[H:19])([H:20])[H:21])([H:11])[C:2](=[O:1])[O:3][H:10])([H:12])[H:13])([H:14])[H:15])[H:17],,
8,-0.005401612269615529,RESP2,hf/6-31g*,1.0,0.05,C,resp2,9,[H:16][C:7]1([C:6]([C:5]([C:4]([C:9]([C:8]1([H:18])[H:19])([H:20])[H:21])([H:11])[C:2](=[O:1])[O:3][H:10])([H:12])[H:13])([H:14])[H:15])[H:17],,
9,0.45803164040346556,RESP2,hf/6-31g*,1.0,0.05,H,resp2,10,[H:16][C:7]1([C:6]([C:5]([C:4]([C:9]([C:8]1([H:18])[H:19])([H:20])[H:21])([H:11])[C:2](=[O:1])[O:3][H:10])([H:12])[H:13])([H:14])[H:15])[H:17],,
10,-0.003154189716670533,RESP2,hf/6-31g*,1.0,0.05,H,resp2,11,[H:16][C:7]1([C:6]([C:5]([C:4]([C:9]([C:8]1([H:18])[H:19])([H:20])[H:21])([H:11])[C:2](=[O:1])[O:3][H:10])([H:12])[H:13])([H:14])[H:15])[H:17],,
11,0.00763547029355374,RESP2,hf/6-31g*,1.0,0.05,H,resp2,12,[H:16][C:7]1([C:6]([C:5]([C:4]([C:9]([C:8]1([H:18])[H:19])([H:20])[H:21])([H:11])[C:2](=[O:1])[O:3][H:10])([H:12])[H:13])([H:14])[H:15])[H:17],,
12,0.00020431693278892955,RESP2,hf/6-31g*,1.0,0.05,H,resp2,13,[H:16][C:7]1([C:6]([C:5]([C:4]([C:9]([C:8]1([H:18])[H:19])([H:20])[H:21])([H:11])[C:2](=[O:1])[O:3][H:10])([H:12])[H:13])([H:14])[H:15])[H:17],,
13,0.0003405509661715765,RESP2,hf/6-31g*,1.0,0.05,H,resp2,14,[H:16][C:7]1([C:6]([C:5]([C:4]([C:9]([C:8]1([H:18])[H:19])([H:20])[H:21])([H:11])[C:2](=[O:1])[O:3][H:10])([H:12])[H:13])([H:14])[H:15])[H:17],,
14,0.0013853581018216845,RESP2,hf/6-31g*,1.0,0.05,H,resp2,15,[H:16][C:7]1([C:6]([C:5]([C:4]([C:9]([C:8]1([H:18])[H:19])([H:20])[H:21])([H:11])[C:2](=[O:1])[O:3][H:10])([H:12])[H:13])([H:14])[H:15])[H:17],,
15,-0.004505741859001343,RESP2,hf/6-31g*,1.0,0.05,H,resp2,16,[H:16][C:7]1([C:6]([C:5]([C:4]([C:9]([C:8]1([H:18])[H:19])([H:20])[H:21])([H:11])[C:2](=[O:1])[O:3][H:10])([H:12])[H:13])([H:14])[H:15])[H:17],,
16,-0.0006773096993979126,RESP2,hf/6-31g*,1.0,0.05,H,resp2,17,[H:16][C:7]1([C:6]([C:5]([C:4]([C:9]([C:8]1([H:18])[H:19])([H:20])[H:21])([H:11])[C:2](=[O:1])[O:3][H:10])([H:12])[H:13])([H:14])[H:15])[H:17],,
17,-0.012786160380970845,RESP2,hf/6-31g*,1.0,0.05,H,resp2,18,[H:16][C:7]1([C:6]([C:5]([C:4]([C:9]([C:8]1([H:18])[H:19])([H:20])[H:21])([H:11])[C:2](=[O:1])[O:3][H:10])([H:12])[H:13])([H:14])[H:15])[H:17],,
18,-0.015698348979043774,RESP2,hf/6-31g*,1.0,0.05,H,resp2,19,[H:16][C:7]1([C:6]([C:5]([C:4]([C:9]([C:8]1([H:18])[H:19])([H:20])[H:21])([H:11])[C:2](=[O:1])[O:3][H:10])([H:12])[H:13])([H:14])[H:15])[H:17],,
19,0.0025053319824182205,RESP2,hf/6-31g*,1.0,0.05,H,resp2,20,[H:16][C:7]1([C:6]([C:5]([C:4]([C:9]([C:8]1([H:18])[H:19])([H:20])[H:21])([H:11])[C:2](=[O:1])[O:3][H:10])([H:12])[H:13])([H:14])[H:15])[H:17],,
20,0.0026901343161420113,RESP2,hf/6-31g*,1.0,0.05,H,resp2,21,[H:16][C:7]1([C:6]([C:5]([C:4]([C:9]([C:8]1([H:18])[H:19])([H:20])[H:21])([H:11])[C:2](=[O:1])[O:3][H:10])([H:12])[H:13])([H:14])[H:15])[H:17],,
0,-0.5962499255076811,RESP2,hf/6-31g*,1.0,0.1,O,resp2,1,[H:16][C:7]1([C:6]([C:5]([C:4]([C:9]([C:8]1([H:18])[H:19])([H:20])[H:21])([H:11])[C:2](=[O:1])[O:3][H:10])([H:12])[H:13])([H:14])[H:15])[H:17],,
1,0.6931606202619641,RESP2,hf/6-31g*,1.0,0.1,C,resp2,2,[H:16][C:7]1([C:6]([C:5]([C:4]([C:9]([C:8]1([H:18])[H:19])([H:20])[H:21])([H:11])[C:2](=[O:1])[O:3][H:10])([H:12])[H:13])([H:14])[H:15])[H:17],,
2,-0.6526333353148474,RESP2,hf/6-31g*,1.0,0.1,O,resp2,3,[H:16][C:7]1([C:6]([C:5]([C:4]([C:9]([C:8]1([H:18])[H:19])([H:20])[H:21])([H:11])[C:2](=[O:1])[O:3][H:10])([H:12])[H:13])([H:14])[H:15])[H:17],,
3,0.06909145971295226,RESP2,hf/6-31g*,1.0,0.1,C,resp2,4,[H:16][C:7]1([C:6]([C:5]([C:4]([C:9]([C:8]1([H:18])[H:19])([H:20])[H:21])([H:11])[C:2](=[O:1])[O:3][H:10])([H:12])[H:13])([H:14])[H:15])[H:17],,
4,-0.006334131462311327,RESP2,hf/6-31g*,1.0,0.1,C,resp2,5,[H:16][C:7]1([C:6]([C:5]([C:4]([C:9]([C:8]1([H:18])[H:19])([H:20])[H:21])([H:11])[C:2](=[O:1])[O:3][H:10])([H:12])[H:13])([H:14])[H:15])[H:17],,
5,0.007063859804413159,RESP2,hf/6-31g*,1.0,0.1,C,resp2,6,[H:16][C:7]1([C:6]([C:5]([C:4]([C:9]([C:8]1([H:18])[H:19])([H:20])[H:21])([H:11])[C:2](=[O:1])[O:3][H:10])([H:12])[H:13])([H:14])[H:15])[H:17],,
6,0.004231076788198758,RESP2,hf/6-31g*,1.0,0.1,C,resp2,7,[H:16][C:7]1([C:6]([C:5]([C:4]([C:9]([C:8]1([H:18])[H:19])([H:20])[H:21])([H:11])[C:2](=[O:1])[O:3][H:10])([H:12])[H:13])([H:14])[H:15])[H:17],,
7,0.04793169957323441,RESP2,hf/6-31g*,1.0,0.1,C,resp2,8,[H:16][C:7]1([C:6]([C:5]([C:4]([C:9]([C:8]1([H:18])[H:19])([H:20])[H:21])([H:11])[C:2](=[O:1])[O:3][H:10])([H:12])[H:13])([H:14])[H:15])[H:17],,
8,-0.004430829811320169,RESP2,hf/6-31g*,1.0,0.1,C,resp2,9,[H:16][C:7]1([C:6]([C:5]([C:4]([C:9]([C:8]1([H:18])[H:19])([H:20])[H:21])([H:11])[C:2](=[O:1])[O:3][H:10])([H:12])[H:13])([H:14])[H:15])[H:17],,
9,0.45982202465353594,RESP2,hf/6-31g*,1.0,0.1,H,resp2,10,[H:16][C:7]1([C:6]([C:5]([C:4]([C:9]([C:8]1([H:18])[H:19])([H:20])[H:21])([H:11])[C:2](=[O:1])[O:3][H:10])([H:12])[H:13])([H:14])[H:15])[H:17],,
10,-0.001975200778312447,RESP2,hf/6-31g*,1.0,0.1,H,resp2,11,[H:16][C:7]1([C:6]([C:5]([C:4]([C:9]([C:8]1([H:18])[H:19])([H:20])[H:21])([H:11])[C:2](=[O:1])[O:3][H:10])([H:12])[H:13])([H:14])[H:15])[H:17],,
11,0.0074703906048708925,RESP2,hf/6-31g*,1.0,0.1,H,resp2,12,[H:16][C:7]1([C:6]([C:5]([C:4]([C:9]([C:8]1([H:18])[H:19])([H:20])[H:21])([H:11])[C:2](=[O:1])[O:3][H:10])([H:12])[H:13])([H:14])[H:15])[H:17],,
12,0.0004183013798326354,RESP2,hf/6-31g*,1.0,0.1,H,resp2,13,[H:16][C:7]1([C:6]([C:5]([C:4]([C:9]([C:8]1([H:18])[H:19])([H:20])[H:21])([H:11])[C:2](=[O:1])[O:3][H:10])([H:12])[H:13])([H:14])[H:15])[H:17],,
13,0.00014508080142042193,RESP2,hf/6-31g*,1.0,0.1,H,resp2,14,[H:16][C:7]1([C:6]([C:5]([C:4]([C:9]([C:8]1([H:18])[H:19])([H:20])[H:21])([H:11])[C:2](=[O:1])[O:3][H:10])([H:12])[H:13])([H:14])[H:15])[H:17],,
14,0.0010833571253790976,RESP2,hf/6-31g*,1.0,0.1,H,resp2,15,[H:16][C:7]1([C:6]([C:5]([C:4]([C:9]([C:8]1([H:18])[H:19])([H:20])[H:21])([H:11])[C:2](=[O:1])[O:3][H:10])([H:12])[H:13])([H:14])[H:15])[H:17],,
15,-0.005167032396082807,RESP2,hf/6-31g*,1.0,0.1,H,resp2,16,[H:16][C:7]1([C:6]([C:5]([C:4]([C:9]([C:8]1([H:18])[H:19])([H:20])[H:21])([H:11])[C:2](=[O:1])[O:3][H:10])([H:12])[H:13])([H:14])[H:15])[H:17],,
16,-0.0013610898918428496,RESP2,hf/6-31g*,1.0,0.1,H,resp2,17,[H:16][C:7]1([C:6]([C:5]([C:4]([C:9]([C:8]1([H:18])[H:19])([H:20])[H:21])([H:11])[C:2](=[O:1])[O:3][H:10])([H:12])[H:13])([H:14])[H:15])[H:17],,
17,-0.012199105517175509,RESP2,hf/6-31g*,1.0,0.1,H,resp2,18,[H:16][C:7]1([C:6]([C:5]([C:4]([C:9]([C:8]1([H:18])[H:19])([H:20])[H:21])([H:11])[C:2](=[O:1])[O:3][H:10])([H:12])[H:13])([H:14])[H:15])[H:17],,
18,-0.015148369176085658,RESP2,hf/6-31g*,1.0,0.1,H,resp2,19,[H:16][C:7]1([C:6]([C:5]([C:4]([C:9]([C:8]1([H:18])[H:19])([H:20])[H:21])([H:11])[C:2](=[O:1])[O:3][H:10])([H:12])[H:13])([H:14])[H:15])[H:17],,
19,0.0023786141219998215,RESP2,hf/6-31g*,1.0,0.1,H,resp2,20,[H:16][C:7]1([C:6]([C:5]([C:4]([C:9]([C:8]1([H:18])[H:19])([H:20])[H:21])([H:11])[C:2](=[O:1])[O:3][H:10])([H:12])[H:13])([H:14])[H:15])[H:17],,
20,0.002702535027857787,RESP2,hf/6-31g*,1.0,0.1,H,resp2,21,[H:16][C:7]1([C:6]([C:5]([C:4]([C:9]([C:8]1([H:18])[H:19])([H:20])[H:21])([H:11])[C:2](=[O:1])[O:3][H:10])([H:12])[H:13])([H:14])[H:15])[H:17],,
0,-0.5997149143645731,RESP2,hf/6-31g*,1.0,0.15000000000000002,O,resp2,1,[H:16][C:7]1([C:6]([C:5]([C:4]([C:9]([C:8]1([H:18])[H:19])([H:20])[H:21])([H:11])[C:2](=[O:1])[O:3][H:10])([H:12])[H:13])([H:14])[H:15])[H:17],,
1,0.6956102243159878,RESP2,hf/6-31g*,1.0,0.15000000000000002,C,resp2,2,[H:16][C:7]1([C:6]([C:5]([C:4]([C:9]([C:8]1([H:18])[H:19])([H:20])[H:21])([H:11])[C:2](=[O:1])[O:3][H:10])([H:12])[H:13])([H:14])[H:15])[H:17],,
2,-0.6540694641667436,RESP2,hf/6-31g*,1.0,0.15000000000000002,O,resp2,3,[H:16][C:7]1([C:6]([C:5]([C:4]([C:9]([C:8]1([H:18])[H:19])([H:20])[H:21])([H:11])[C:2](=[O:1])[O:3][H:10])([H:12])[H:13])([H:14])[H:15])[H:17],,
3,0.06725377254212761,RESP2,hf/6-31g*,1.0,0.15000000000000002,C,resp2,4,[H:16][C:7]1([C:6]([C:5]([C:4]([C:9]([C:8]1([H:18])[H:19])([H:20])[H:21])([H:11])[C:2](=[O:1])[O:3][H:10])([H:12])[H:13])([H:14])[H:15])[H:17],,
4,-0.00580682615604216,RESP2,hf/6-31g*,1.0,0.15000000000000002,C,resp2,5,[H:16][C:7]1([C:6]([C:5]([C:4]([C:9]([C:8]1([H:18])[H:19])([H:20])[H:21])([H:11])[C:2](=[O:1])[O:3][H:10])([H:12])[H:13])([H:14])[H:15])[H:17],,
5,0.00723825705507841,RESP2,hf/6-31g*,1.0,0.15000000000000002,C,resp2,6,[H:16][C:7]1([C:6]([C:5]([C:4]([C:9]([C:8]1([H:18])[H:19])([H:20])[H:21])([H:11])[C:2](=[O:1])[O:3][H:10])([H:12])[H:13])([H:14])[H:15])[H:17],,
6,0.006957199723735648,RESP2,hf/6-31g*,1.0,0.15000000000000002,C,resp2,7,[H:16][C:7]1([C:6]([C:5]([C:4]([C:9]([C:8]1([H:18])[H:19])([H:20])[H:21])([H:11])[C:2](=[O:1])[O:3][H:10])([H:12])[H:13])([H:14])[H:15])[H:17],,
7,0.04562383885393704,RESP2,hf/6-31g*,1.0,0.15000000000000002,C,resp2,8,[H:16][C:7]1([C:6]([C:5]([C:4]([C:9]([C:8]1([H:18])[H:19])([H:20])[H:21])([H:11])[C:2](=[O:1])[O:3][H:10])([H:12])[H:13])([H:14])[H:15])[H:17],,
8,-0.0034600473530248086,RESP2,hf/6-31g*,1.0,0.15000000000000002,C,resp2,9,[H:16][C:7]1([C:6]([C:5]([C:4]([C:9]([C:8]1([H:18])[H:19])([H:20])[H:21])([H:11])[C:2](=[O:1])[O:3][H:10])([H:12])[H:13])([H:14])[H:15])[H:17],,
9,0.4616124089036062,RESP2,hf/6-31g*,1.0,0.15000000000000002,H,resp2,10,[H:16][C:7]1([C:6]([C:5]([C:4]([C:9]([C:8]1([H:18])[H:19])([H:20])[H:21])([H:11])[C:2](=[O:1])[O:3][H:10])([H:12])[H:13])([H:14])[H:15])[H:17],,
10,-0.0007962118399543601,RESP2,hf/6-31g*,1.0,0.15000000000000002,H,resp2,11,[H:16][C:7]1([C:6]([C:5]([C:4]([C:9]([C:8]1([H:18])[H:19])([H:20])[H:21])([H:11])[C:2](=[O:1])[O:3][H:10])([H:12])[H:13])([H:14])[H:15])[H:17],,
11,0.0073053109161880445,RESP2,hf/6-31g*,1.0,0.15000000000000002,H,resp2,12,[H:16][C:7]1([C:6]([C:5]([C:4]([C:9]([C:8]1([H:18])[H:19])([H:20])[H:21])([H:11])[C:2](=[O:1])[O:3][H:10])([H:12])[H:13])([H:14])[H:15])[H:17],,
12,0.0006322858268763417,RESP2,hf/6-31g*,1.0,0.15000000000000002,H,resp2,13,[H:16][C:7]1([C:6]([C:5]([C:4]([C:9]([C:8]1([H:18])[H:19])([H:20])[H:21])([H:11])[C:2](=[O:1])[O:3][H:10])([H:12])[H:13])([H:14])[H:15])[H:17],,
13,-5.038936333073229e-05,RESP2,hf/6-31g*,1.0,0.15000000000000002,H,resp2,14,[H:16][C:7]1([C:6]([C:5]([C:4]([C:9]([C:8]1([H:18])[H:19])([H:20])[H:21])([H:11])[C:2](=[O:1])[O:3][H:10])([H:12])[H:13])([H:14])[H:15])[H:17],,
14,0.0007813561489365106,RESP2,hf/6-31g*,1.0,0.15000000000000002,H,resp2,15,[H:16][C:7]1([C:6]([C:5]([C:4]([C:9]([C:8]1([H:18])[H:19])([H:20])[H:21])([H:11])[C:2](=[O:1])[O:3][H:10])([H:12])[H:13])([H:14])[H:15])[H:17],,
15,-0.005828322933164271,RESP2,hf/6-31g*,1.0,0.15000000000000002,H,resp2,16,[H:16][C:7]1([C:6]([C:5]([C:4]([C:9]([C:8]1([H:18])[H:19])([H:20])[H:21])([H:11])[C:2](=[O:1])[O:3][H:10])([H:12])[H:13])([H:14])[H:15])[H:17],,
16,-0.0020448700842877867,RESP2,hf/6-31g*,1.0,0.15000000000000002,H,resp2,17,[H:16][C:7]1([C:6]([C:5]([C:4]([C:9]([C:8]1([H:18])[H:19])([H:20])[H:21])([H:11])[C:2](=[O:1])[O:3][H:10])([H:12])[H:13])([H:14])[H:15])[H:17],,
17,-0.011612050653380168,RESP2,hf/6-31g*,1.0,0.15000000000000002,H,resp2,18,[H:16][C:7]1([C:6]([C:5]([C:4]([C:9]([C:8]1([H:18])[H:19])([H:20])[H:21])([H:11])[C:2](=[O:1])[O:3][H:10])([H:12])[H:13])([H:14])[H:15])[H:17],,
18,-0.014598389373127546,RESP2,hf/6-31g*,1.0,0.15000000000000002,H,resp2,19,[H:16][C:7]1([C:6]([C:5]([C:4]([C:9]([C:8]1([H:18])[H:19])([H:20])[H:21])([H:11])[C:2](=[O:1])[O:3][H:10])([H:12])[H:13])([H:14])[H:15])[H:17],,
19,0.0022518962615814234,RESP2,hf/6-31g*,1.0,0.15000000000000002,H,resp2,20,[H:16][C:7]1([C:6]([C:5]([C:4]([C:9]([C:8]1([H:18])[H:19])([H:20])[H:21])([H:11])[C:2](=[O:1])[O:3][H:10])([H:12])[H:13])([H:14])[H:15])[H:17],,
20,0.002714935739573563,RESP2,hf/6-31g*,1.0,0.15000000000000002,H,resp2,21,[H:16][C:7]1([C:6]([C:5]([C:4]([C:9]([C:8]1([H:18])[H:19])([H:20])[H:21])([H:11])[C:2](=[O:1])[O:3][H:10])([H:12])[H:13])([H:14])[H:15])[H:17],,
0,-0.6031799032214653,RESP2,hf/6-31g*,1.0,0.2,O,resp2,1,[H:16][C:7]1([C:6]([C:5]([C:4]([C:9]([C:8]1([H:18])[H:19])([H:20])[H:21])([H:11])[C:2](=[O:1])[O:3][H:10])([H:12])[H:13])([H:14])[H:15])[H:17],,
1,0.6980598283700116,RESP2,hf/6-31g*,1.0,0.2,C,resp2,2,[H:16][C:7]1([C:6]([C:5]([C:4]([C:9]([C:8]1([H:18])[H:19])([H:20])[H:21])([H:11])[C:2](=[O:1])[O:3][H:10])([H:12])[H:13])([H:14])[H:15])[H:17],,
2,-0.65550559301864,RESP2,hf/6-31g*,1.0,0.2,O,resp2,3,[H:16][C:7]1([C:6]([C:5]([C:4]([C:9]([C:8]1([H:18])[H:19])([H:20])[H:21])([H:11])[C:2](=[O:1])[O:3][H:10])([H:12])[H:13])([H:14])[H:15])[H:17],,
3,0.06541608537130296,RESP2,hf/6-31g*,1.0,0.2,C,resp2,4,[H:16][C:7]1([C:6]([C:5]([C:4]([C:9]([C:8]1([H:18])[H:19])([H:20])[H:21])([H:11])[C:2](=[O:1])[O:3][H:10])([H:12])[H:13])([H:14])[H:15])[H:17],,
4,-0.005279520849773,RESP2,hf/6-31g*,1.0,0.2,C,resp2,5,[H:16][C:7]1([C:6]([C:5]([C:4]([C:9]([C:8]1([H:18])[H:19])([H:20])[H:21])([H:11])[C:2](=[O:1])[O:3][H:10])([H:12])[H:13])([H:14])[H:15])[H:17],,
5,0.0074126543057436555,RESP2,hf/6-31g*,1.0,0.2,C,resp2,6,[H:16][C:7]1([C:6]([C:5]([C:4]([C:9]([C:8]1([H:18])[H:19])([H:20])[H:21])([H:11])[C:2](=[O:1])[O:3][H:10])([H:12])[H:13])([H:14])[H:15])[H:17],,
6,0.00968332265927253,RESP2,hf/6-31g*,1.0,0.2,C,resp2,7,[H:16][C:7]1([C:6]([C:5]([C:4]([C:9]([C:8]1([H:18])[H:19])([H:20])[H:21])([H:11])[C:2](=[O:1])[O:3][H:10])([H:12])[H:13])([H:14])[H:15])[H:17],,
7,0.04331597813463967,RESP2,hf/6-31g*,1.0,0.2,C,resp2,8,[H:16][C:7]1([C:6]([C:5]([C:4]([C:9]([C:8]1([H:18])[H:19])([H:20])[H:21])([H:11])[C:2](=[O:1])[O:3][H:10])([H:12])[H:13])([H:14])[H:15])[H:17],,
8,-0.0024892648947294547,RESP2,hf/6-31g*,1.0,0.2,C,resp2,9,[H:16][C:7]1([C:6]([C:5]([C:4]([C:9]([C:8]1([H:18])[H:19])([H:20])[H:21])([H:11])[C:2](=[O:1])[O:3][H:10])([H:12])[H:13])([H:14])[H:15])[H:17],,
9,0.4634027931536766,RESP2,hf/6-31g*,1.0,0.2,H,resp2,10,[H:16][C:7]1([C:6]([C:5]([C:4]([C:9]([C:8]1([H:18])[H:19])([H:20])[H:21])([H:11])[C:2](=[O:1])[O:3][H:10])([H:12])[H:13])([H:14])[H:15])[H:17],,
10,0.00038277709840372055,RESP2,hf/6-31g*,1.0,0.2,H,resp2,11,[H:16][C:7]1([C:6]([C:5]([C:4]([C:9]([C:8]1([H:18])[H:19])([H:20])[H:21])([H:11])[C:2](=[O:1])[O:3][H:10])([H:12])[H:13])([H:14])[H:15])[H:17],,
11,0.007140231227505192,RESP2,hf/6-31g*,1.0,0.2,H,resp2,12,[H:16][C:7]1([C:6]([C:5]([C:4]([C:9]([C:8]1([H:18])[H:19])([H:20])[H:21])([H:11])[C:2](=[O:1])[O:3][H:10])([H:12])[H:13])([H:14])[H:15])[H:17],,
12,0.0008462702739200423,RESP2,hf/6-31g*,1.0,0.2,H,resp2,13,[H:16][C:7]1([C:6]([C:5]([C:4]([C:9]([C:8]1([H:18])[H:19])([H:20])[H:21])([H:11])[C:2](=[O:1])[O:3][H:10])([H:12])[H:13])([H:14])[H:15])[H:17],,
13,-0.00024585952808189214,RESP2,hf/6-31g*,1.0,0.2,H,resp2,14,[H:16][C:7]1([C:6]([C:5]([C:4]([C:9]([C:8]1([H:18])[H:19])([H:20])[H:21])([H:11])[C:2](=[O:1])[O:3][H:10])([H:12])[H:13])([H:14])[H:15])[H:17],,
14,0.00047935517249391834,RESP2,hf/6-31g*,1.0,0.2,H,resp2,15,[H:16][C:7]1([C:6]([C:5]([C:4]([C:9]([C:8]1([H:18])[H:19])([H:20])[H:21])([H:11])[C:2](=[O:1])[O:3][H:10])([H:12])[H:13])([H:14])[H:15])[H:17],,
15,-0.006489613470245741,RESP2,hf/6-31g*,1.0,0.2,H,resp2,16,[H:16][C:7]1([C:6]([C:5]([C:4]([C:9]([C:8]1([H:18])[H:19])([H:20])[H:21])([H:11])[C:2](=[O:1])[O:3][H:10])([H:12])[H:13])([H:14])[H:15])[H:17],,
16,-0.0027286502767327283,RESP2,hf/6-31g*,1.0,0.2,H,resp2,17,[H:16][C:7]1([C:6]([C:5]([C:4]([C:9]([C:8]1([H:18])[H:19])([H:20])[H:21])([H:11])[C:2](=[O:1])[O:3][H:10])([H:12])[H:13])([H:14])[H:15])[H:17],,
17,-0.011024995789584836,RESP2,hf/6-31g*,1.0,0.2,H,resp2,18,[H:16][C:7]1([C:6]([C:5]([C:4]([C:9]([C:8]1([H:18])[H:19])([H:20])[H:21])([H:11])[C:2](=[O:1])[O:3][H:10])([H:12])[H:13])([H:14])[H:15])[H:17],,
18,-0.014048409570169439,RESP2,hf/6-31g*,1.0,0.2,H,resp2,19,[H:16][C:7]1([C:6]([C:5]([C:4]([C:9]([C:8]1([H:18])[H:19])([H:20])[H:21])([H:11])[C:2](=[O:1])[O:3][H:10])([H:12])[H:13])([H:14])[H:15])[H:17],,
19,0.00212517840116302,RESP2,hf/6-31g*,1.0,0.2,H,resp2,20,[H:16][C:7]1([C:6]([C:5]([C:4]([C:9]([C:8]1([H:18])[H:19])([H:20])[H:21])([H:11])[C:2](=[O:1])[O:3][H:10])([H:12])[H:13])([H:14])[H:15])[H:17],,
20,0.0027273364512893335,RESP2,hf/6-31g*,1.0,0.2,H,resp2,21,[H:16][C:7]1([C:6]([C:5]([C:4]([C:9]([C:8]1([H:18])[H:19])([H:20])[H:21])([H:11])[C:2](=[O:1])[O:3][H:10])([H:12])[H:13])([H:14])[H:15])[H:17],,
0,-0.6066448920783573,RESP2,hf/6-31g*,1.0,0.25,O,resp2,1,[H:16][C:7]1([C:6]([C:5]([C:4]([C:9]([C:8]1([H:18])[H:19])([H:20])[H:21])([H:11])[C:2](=[O:1])[O:3][H:10])([H:12])[H:13])([H:14])[H:15])[H:17],,
1,0.7005094324240353,RESP2,hf/6-31g*,1.0,0.25,C,resp2,2,[H:16][C:7]1([C:6]([C:5]([C:4]([C:9]([C:8]1([H:18])[H:19])([H:20])[H:21])([H:11])[C:2](=[O:1])[O:3][H:10])([H:12])[H:13])([H:14])[H:15])[H:17],,
2,-0.6569417218705362,RESP2,hf/6-31g*,1.0,0.25,O,resp2,3,[H:16][C:7]1([C:6]([C:5]([C:4]([C:9]([C:8]1([H:18])[H:19])([H:20])[H:21])([H:11])[C:2](=[O:1])[O:3][H:10])([H:12])[H:13])([H:14])[H:15])[H:17],,
3,0.06357839820047832,RESP2,hf/6-31g*,1.0,0.25,C,resp2,4,[H:16][C:7]1([C:6]([C:5]([C:4]([C:9]([C:8]1([H:18])[H:19])([H:20])[H:21])([H:11])[C:2](=[O:1])[O:3][H:10])([H:12])[H:13])([H:14])[H:15])[H:17],,
4,-0.004752215543503832,RESP2,hf/6-31g*,1.0,0.25,C,resp2,5,[H:16][C:7]1([C:6]([C:5]([C:4]([C:9]([C:8]1([H:18])[H:19])([H:20])[H:21])([H:11])[C:2](=[O:1])[O:3][H:10])([H:12])[H:13])([H:14])[H:15])[H:17],,
5,0.007587051556408909,RESP2,hf/6-31g*,1.0,0.25,C,resp2,6,[H:16][C:7]1([C:6]([C:5]([C:4]([C:9]([C:8]1([H:18])[H:19])([H:20])[H:21])([H:11])[C:2](=[O:1])[O:3][H:10])([H:12])[H:13])([H:14])[H:15])[H:17],,
6,0.01240944559480942,RESP2,hf/6-31g*,1.0,0.25,C,resp2,7,[H:16][C:7]1([C:6]([C:5]([C:4]([C:9]([C:8]1([H:18])[H:19])([H:20])[H:21])([H:11])[C:2](=[O:1])[O:3][H:10])([H:12])[H:13])([H:14])[H:15])[H:17],,
7,0.0410081174153423,RESP2,hf/6-31g*,1.0,0.25,C,resp2,8,[H:16][C:7]1([C:6]([C:5]([C:4]([C:9]([C:8]1([H:18])[H:19])([H:20])[H:21])([H:11])[C:2](=[O:1])[O:3][H:10])([H:12])[H:13])([H:14])[H:15])[H:17],,
8,-0.0015184824364340927,RESP2,hf/6-31g*,1.0,0.25,C,resp2,9,[H:16][C:7]1([C:6]([C:5]([C:4]([C:9]([C:8]1([H:18])[H:19])([H:20])[H:21])([H:11])[C:2](=[O:1])[O:3][H:10])([H:12])[H:13])([H:14])[H:15])[H:17],,
9,0.4651931774037469,RESP2,hf/6-31g*,1.0,0.25,H,resp2,10,[H:16][C:7]1([C:6]([C:5]([C:4]([C:9]([C:8]1([H:18])[H:19])([H:20])[H:21])([H:11])[C:2](=[O:1])[O:3][H:10])([H:12])[H:13])([H:14])[H:15])[H:17],,
10,0.001561766036761809,RESP2,hf/6-31g*,1.0,0.25,H,resp2,11,[H:16][C:7]1([C:6]([C:5]([C:4]([C:9]([C:8]1([H:18])[H:19])([H:20])[H:21])([H:11])[C:2](=[O:1])[O:3][H:10])([H:12])[H:13])([H:14])[H:15])[H:17],,
11,0.006975151538822346,RESP2,hf/6-31g*,1.0,0.25,H,resp2,12,[H:16][C:7]1([C:6]([C:5]([C:4]([C:9]([C:8]1([H:18])[H:19])([H:20])[H:21])([H:11])[C:2](=[O:1])[O:3][H:10])([H:12])[H:13])([H:14])[H:15])[H:17],,
12,0.0010602547209637506,RESP2,hf/6-31g*,1.0,0.25,H,resp2,13,[H:16][C:7]1([C:6]([C:5]([C:4]([C:9]([C:8]1([H:18])[H:19])([H:20])[H:21])([H:11])[C:2](=[O:1])[O:3][H:10])([H:12])[H:13])([H:14])[H:15])[H:17],,
13,-0.00044132969283304415,RESP2,hf/6-31g*,1.0,0.25,H,resp2,14,[H:16][C:7]1([C:6]([C:5]([C:4]([C:9]([C:8]1([H:18])[H:19])([H:20])[H:21])([H:11])[C:2](=[O:1])[O:3][H:10])([H:12])[H:13])([H:14])[H:15])[H:17],,
14,0.0001773541960513335,RESP2,hf/6-31g*,1.0,0.25,H,resp2,15,[H:16][C:7]1([C:6]([C:5]([C:4]([C:9]([C:8]1([H:18])[H:19])([H:20])[H:21])([H:11])[C:2](=[O:1])[O:3][H:10])([H:12])[H:13])([H:14])[H:15])[H:17],,
15,-0.0071509040073272035,RESP2,hf/6-31g*,1.0,0.25,H,resp2,16,[H:16][C:7]1([C:6]([C:5]([C:4]([C:9]([C:8]1([H:18])[H:19])([H:20])[H:21])([H:11])[C:2](=[O:1])[O:3][H:10])([H:12])[H:13])([H:14])[H:15])[H:17],,
16,-0.0034124304691776626,RESP2,hf/6-31g*,1.0,0.25,H,resp2,17,[H:16][C:7]1([C:6]([C:5]([C:4]([C:9]([C:8]1([H:18])[H:19])([H:20])[H:21])([H:11])[C:2](=[O:1])[O:3][H:10])([H:12])[H:13])([H:14])[H:15])[H:17],,
17,-0.010437940925789493,RESP2,hf/6-31g*,1.0,0.25,H,resp2,18,[H:16][C:7]1([C:6]([C:5]([C:4]([C:9]([C:8]1([H:18])[H:19])([H:20])[H:21])([H:11])[C:2](=[O:1])[O:3][H:10])([H:12])[H:13])([H:14])[H:15])[H:17],,
18,-0.013498429767211323,RESP2,hf/6-31g*,1.0,0.25,H,resp2,19,[H:16][C:7]1([C:6]([C:5]([C:4]([C:9]([C:8]1([H:18])[H:19])([H:20])[H:21])([H:11])[C:2](=[O:1])[O:3][H:10])([H:12])[H:13])([H:14])[H:15])[H:17],,
19,0.0019984605407446236,RESP2,hf/6-31g*,1.0,0.25,H,resp2,20,[H:16][C:7]1([C:6]([C:5]([C:4]([C:9]([C:8]1([H:18])[H:19])([H:20])[H:21])([H:11])[C:2](=[O:1])[O:3][H:10])([H:12])[H:13])([H:14])[H:15])[H:17],,
20,0.002739737163005112,RESP2,hf/6-31g*,1.0,0.25,H,resp2,21,[H:16][C:7]1([C:6]([C:5]([C:4]([C:9]([C:8]1([H:18])[H:19])([H:20])[H:21])([H:11])[C:2](=[O:1])[O:3][H:10])([H:12])[H:13])([H:14])[H:15])[H:17],,
0,-0.6101098809352493,RESP2,hf/6-31g*,1.0,0.30000000000000004,O,resp2,1,[H:16][C:7]1([C:6]([C:5]([C:4]([C:9]([C:8]1([H:18])[H:19])([H:20])[H:21])([H:11])[C:2](=[O:1])[O:3][H:10])([H:12])[H:13])([H:14])[H:15])[H:17],,
1,0.7029590364780591,RESP2,hf/6-31g*,1.0,0.30000000000000004,C,resp2,2,[H:16][C:7]1([C:6]([C:5]([C:4]([C:9]([C:8]1([H:18])[H:19])([H:20])[H:21])([H:11])[C:2](=[O:1])[O:3][H:10])([H:12])[H:13])([H:14])[H:15])[H:17],,
2,-0.6583778507224325,RESP2,hf/6-31g*,1.0,0.30000000000000004,O,resp2,3,[H:16][C:7]1([C:6]([C:5]([C:4]([C:9]([C:8]1([H:18])[H:19])([H:20])[H:21])([H:11])[C:2](=[O:1])[O:3][H:10])([H:12])[H:13])([H:14])[H:15])[H:17],,
3,0.06174071102965368,RESP2,hf/6-31g*,1.0,0.30000000000000004,C,resp2,4,[H:16][C:7]1([C:6]([C:5]([C:4]([C:9]([C:8]1([H:18])[H:19])([H:20])[H:21])([H:11])[C:2](=[O:1])[O:3][H:10])([H:12])[H:13])([H:14])[H:15])[H:17],,
4,-0.004224910237234668,RESP2,hf/6-31g*,1.0,0.30000000000000004,C,resp2,5,[H:16][C:7]1([C:6]([C:5]([C:4]([C:9]([C:8]1([H:18])[H:19])([H:20])[H:21])([H:11])[C:2](=[O:1])[O:3][H:10])([H:12])[H:13])([H:14])[H:15])[H:17],,
5,0.007761448807074157,RESP2,hf/6-31g*,1.0,0.30000000000000004,C,resp2,6,[H:16][C:7]1([C:6]([C:5]([C:4]([C:9]([C:8]1([H:18])[H:19])([H:20])[H:21])([H:11])[C:2](=[O:1])[O:3][H:10])([H:12])[H:13])([H:14])[H:15])[H:17],,
6,0.015135568530346309,RESP2,hf/6-31g*,1.0,0.30000000000000004,C,resp2,7,[H:16][C:7]1([C:6]([C:5]([C:4]([C:9]([C:8]1([H:18])[H:19])([H:20])[H:21])([H:11])[C:2](=[O:1])[O:3][H:10])([H:12])[H:13])([H:14])[H:15])[H:17],,
7,0.038700256696044925,RESP2,hf/6-31g*,1.0,0.30000000000000004,C,resp2,8,[H:16][C:7]1([C:6]([C:5]([C:4]([C:9]([C:8]1([H:18])[H:19])([H:20])[H:21])([H:11])[C:2](=[O:1])[O:3][H:10])([H:12])[H:13])([H:14])[H:15])[H:17],,
8,-0.0005476999781387345,RESP2,hf/6-31g*,1.0,0.30000000000000004,C,resp2,9,[H:16][C:7]1([C:6]([C:5]([C:4]([C:9]([C:8]1([H:18])[H:19])([H:20])[H:21])([H:11])[C:2](=[O:1])[O:3][H:10])([H:12])[H:13])([H:14])[H:15])[H:17],,
9,0.4669835616538172,RESP2,hf/6-31g*,1.0,0.30000000000000004,H,resp2,10,[H:16][C:7]1([C:6]([C:5]([C:4]([C:9]([C:8]1([H:18])[H:19])([H:20])[H:21])([H:11])[C:2](=[O:1])[O:3][H:10])([H:12])[H:13])([H:14])[H:15])[H:17],,
10,0.0027407549751198934,RESP2,hf/6-31g*,1.0,0.30000000000000004,H,resp2,11,[H:16][C:7]1([C:6]([C:5]([C:4]([C:9]([C:8]1([H:18])[H:19])([H:20])[H:21])([H:11])[C:2](=[O:1])[O:3][H:10])([H:12])[H:13])([H:14])[H:15])[H:17],,
11,0.006810071850139497,RESP2,hf/6-31g*,1.0,0.30000000000000004,H,resp2,12,[H:16][C:7]1([C:6]([C:5]([C:4]([C:9]([C:8]1([H:18])[H:19])([H:20])[H:21])([H:11])[C:2](=[O:1])[O:3][H:10])([H:12])[H:13])([H:14])[H:15])[H:17],,
12,0.0012742391680074542,RESP2,hf/6-31g*,1.0,0.30000000000000004,H,resp2,13,[H:16][C:7]1([C:6]([C:5]([C:4]([C:9]([C:8]1([H:18])[H:19])([H:20])[H:21])([H:11])[C:2](=[O:1])[O:3][H:10])([H:12])[H:13])([H:14])[H:15])[H:17],,
13,-0.0006367998575842013,RESP2,hf/6-31g*,1.0,0.30000000000000004,H,resp2,14,[H:16][C:7]1([C:6]([C:5]([C:4]([C:9]([C:8]1([H:18])[H:19])([H:20])[H:21])([H:11])[C:2](=[O:1])[O:3][H:10])([H:12])[H:13])([H:14])[H:15])[H:17],,
14,-0.00012464678039125632,RESP2,hf/6-31g*,1.0,0.30000000000000004,H,resp2,15,[H:16][C:7]1([C:6]([C:5]([C:4]([C:9]([C:8]1([H:18])[H:19])([H:20])[H:21])([H:11])[C:2](=[O:1])[O:3][H:10])([H:12])[H:13])([H:14])[H:15])[H:17],,
15,-0.00781219454440867,RESP2,hf/6-31g*,1.0,0.30000000000000004,H,resp2,16,[H:16][C:7]1([C:6]([C:5]([C:4]([C:9]([C:8]1([H:18])[H:19])([H:20])[H:21])([H:11])[C:2](=[O:1])[O:3][H:10])([H:12])[H:13])([H:14])[H:15])[H:17],,
16,-0.0040962106616226025,RESP2,hf/6-31g*,1.0,0.30000000000000004,H,resp2,17,[H:16][C:7]1([C:6]([C:5]([C:4]([C:9]([C:8]1([H:18])[H:19])([H:20])[H:21])([H:11])[C:2](=[O:1])[O:3][H:10])([H:12])[H:13])([H:14])[H:15])[H:17],,
17,-0.009850886061994158,RESP2,hf/6-31g*,1.0,0.30000000000000004,H,resp2,18,[H:16][C:7]1([C:6]([C:5]([C:4]([C:9]([C:8]1([H:18])[H:19])([H:20])[H:21])([H:11])[C:2](=[O:1])[O:3][H:10])([H:12])[H:13])([H:14])[H:15])[H:17],,
18,-0.012948449964253213,RESP2,hf/6-31g*,1.0,0.30000000000000004,H,resp2,19,[H:16][C:7]1([C:6]([C:5]([C:4]([C:9]([C:8]1([H:18])[H:19])([H:20])[H:21])([H:11])[C:2](=[O:1])[O:3][H:10])([H:12])[H:13])([H:14])[H:15])[H:17],,
19,0.001871742680326223,RESP2,hf/6-31g*,1.0,0.30000000000000004,H,resp2,20,[H:16][C:7]1([C:6]([C:5]([C:4]([C:9]([C:8]1([H:18])[H:19])([H:20])[H:21])([H:11])[C:2](=[O:1])[O:3][H:10])([H:12])[H:13])([H:14])[H:15])[H:17],,
20,0.002752137874720885,RESP2,hf/6-31g*,1.0,0.30000000000000004,H,resp2,21,[H:16][C:7]1([C:6]([C:5]([C:4]([C:9]([C:8]1([H:18])[H:19])([H:20])[H:21])([H:11])[C:2](=[O:1])[O:3][H:10])([H:12])[H:13])([H:14])[H:15])[H:17],,
0,-0.6135748697921413,RESP2,hf/6-31g*,1.0,0.35000000000000003,O,resp2,1,[H:16][C:7]1([C:6]([C:5]([C:4]([C:9]([C:8]1([H:18])[H:19])([H:20])[H:21])([H:11])[C:2](=[O:1])[O:3][H:10])([H:12])[H:13])([H:14])[H:15])[H:17],,
1,0.7054086405320827,RESP2,hf/6-31g*,1.0,0.35000000000000003,C,resp2,2,[H:16][C:7]1([C:6]([C:5]([C:4]([C:9]([C:8]1([H:18])[H:19])([H:20])[H:21])([H:11])[C:2](=[O:1])[O:3][H:10])([H:12])[H:13])([H:14])[H:15])[H:17],,
2,-0.6598139795743287,RESP2,hf/6-31g*,1.0,0.35000000000000003,O,resp2,3,[H:16][C:7]1([C:6]([C:5]([C:4]([C:9]([C:8]1([H:18])[H:19])([H:20])[H:21])([H:11])[C:2](=[O:1])[O:3][H:10])([H:12])[H:13])([H:14])[H:15])[H:17],,
3,0.059903023858829035,RESP2,hf/6-31g*,1.0,0.35000000000000003,C,resp2,4,[H:16][C:7]1([C:6]([C:5]([C:4]([C:9]([C:8]1([H:18])[H:19])([H:20])[H:21])([H:11])[C:2](=[O:1])[O:3][H:10])([H:12])[H:13])([H:14])[H:15])[H:17],,
4,-0.003697604930965498,RESP2,hf/6-31g*,1.0,0.35000000000000003,C,resp2,5,[H:16][C:7]1([C:6]([C:5]([C:4]([C:9]([C:8]1([H:18])[H:19])([H:20])[H:21])([H:11])[C:2](=[O:1])[O:3][H:10])([H:12])[H:13])([H:14])[H:15])[H:17],,
5,0.007935846057739409,RESP2,hf/6-31g*,1.0,0.35000000000000003,C,resp2,6,[H:16][C:7]1([C:6]([C:5]([C:4]([C:9]([C:8]1([H:18])[H:19])([H:20])[H:21])([H:11])[C:2](=[O:1])[O:3][H:10])([H:12])[H:13])([H:14])[H:15])[H:17],,
6,0.0178616914658832,RESP2,hf/6-31g*,1.0,0.35000000000000003,C,resp2,7,[H:16][C:7]1([C:6]([C:5]([C:4]([C:9]([C:8]1([H:18])[H:19])([H:20])[H:21])([H:11])[C:2](=[O:1])[O:3][H:10])([H:12])[H:13])([H:14])[H:15])[H:17],,
7,0.03639239597674756,RESP2,hf/6-31g*,1.0,0.35000000000000003,C,resp2,8,[H:16][C:7]1([C:6]([C:5]([C:4]([C:9]([C:8]1([H:18])[H:19])([H:20])[H:21])([H:11])[C:2](=[O:1])[O:3][H:10])([H:12])[H:13])([H:14])[H:15])[H:17],,
8,0.0004230824801566269,RESP2,hf/6-31g*,1.0,0.35000000000000003,C,resp2,9,[H:16][C:7]1([C:6]([C:5]([C:4]([C:9]([C:8]1([H:18])[H:19])([H:20])[H:21])([H:11])[C:2](=[O:1])[O:3][H:10])([H:12])[H:13])([H:14])[H:15])[H:17],,
9,0.4687739459038875,RESP2,hf/6-31g*,1.0,0.35000000000000003,H,resp2,10,[H:16][C:7]1([C:6]([C:5]([C:4]([C:9]([C:8]1([H:18])[H:19])([H:20])[H:21])([H:11])[C:2](=[O:1])[O:3][H:10])([H:12])[H:13])([H:14])[H:15])[H:17],,
10,0.003919743913477983,RESP2,hf/6-31g*,1.0,0.35000000000000003,H,resp2,11,[H:16][C:7]1([C:6]([C:5]([C:4]([C:9]([C:8]1([H:18])[H:19])([H:20])[H:21])([H:11])[C:2](=[O:1])[O:3][H:10])([H:12])[H:13])([H:14])[H:15])[H:17],,
11,0.006644992161456652,RESP2,hf/6-31g*,1.0,0.35000000000000003,H,resp2,12,[H:16][C:7]1([C:6]([C:5]([C:4]([C:9]([C:8]1([H:18])[H:19])([H:20])[H:21])([H:11])[C:2](=[O:1])[O:3][H:10])([H:12])[H:13])([H:14])[H:15])[H:17],,
12,0.0014882236150511629,RESP2,hf/6-31g*,1.0,0.35000000000000003,H,resp2,13,[H:16][C:7]1([C:6]([C:5]([C:4]([C:9]([C:8]1([H:18])[H:19])([H:20])[H:21])([H:11])[C:2](=[O:1])[O:3][H:10])([H:12])[H:13])([H:14])[H:15])[H:17],,
13,-0.000832270022335353,RESP2,hf/6-31g*,1.0,0.35000000000000003,H,resp2,14,[H:16][C:7]1([C:6]([C:5]([C:4]([C:9]([C:8]1([H:18])[H:19])([H:20])[H:21])([H:11])[C:2](=[O:1])[O:3][H:10])([H:12])[H:13])([H:14])[H:15])[H:17],,
14,-0.0004266477568338409,RESP2,hf/6-31g*,1.0,0.35000000000000003,H,resp2,15,[H:16][C:7]1([C:6]([C:5]([C:4]([C:9]([C:8]1([H:18])[H:19])([H:20])[H:21])([H:11])[C:2](=[O:1])[O:3][H:10])([H:12])[H:13])([H:14])[H:15])[H:17],,
15,-0.008473485081490133,RESP2,hf/6-31g*,1.0,0.35000000000000003,H,resp2,16,[H:16][C:7]1([C:6]([C:5]([C:4]([C:9]([C:8]1([H:18])[H:19])([H:20])[H:21])([H:11])[C:2](=[O:1])[O:3][H:10])([H:12])[H:13])([H:14])[H:15])[H:17],,
16,-0.004779990854067537,RESP2,hf/6-31g*,1.0,0.35000000000000003,H,resp2,17,[H:16][C:7]1([C:6]([C:5]([C:4]([C:9]([C:8]1([H:18])[H:19])([H:20])[H:21])([H:11])[C:2](=[O:1])[O:3][H:10])([H:12])[H:13])([H:14])[H:15])[H:17],,
17,-0.009263831198198817,RESP2,hf/6-31g*,1.0,0.35000000000000003,H,resp2,18,[H:16][C:7]1([C:6]([C:5]([C:4]([C:9]([C:8]1([H:18])[H:19])([H:20])[H:21])([H:11])[C:2](=[O:1])[O:3][H:10])([H:12])[H:13])([H:14])[H:15])[H:17],,
18,-0.012398470161295099,RESP2,hf/6-31g*,1.0,0.35000000000000003,H,resp2,19,[H:16][C:7]1([C:6]([C:5]([C:4]([C:9]([C:8]1([H:18])[H:19])([H:20])[H:21])([H:11])[C:2](=[O:1])[O:3][H:10])([H:12])[H:13])([H:14])[H:15])[H:17],,
19,0.0017450248199078267,RESP2,hf/6-31g*,1.0,0.35000000000000003,H,resp2,20,[H:16][C:7]1([C:6]([C:5]([C:4]([C:9]([C:8]1([H:18])[H:19])([H:20])[H:21])([H:11])[C:2](=[O:1])[O:3][H:10])([H:12])[H:13])([H:14])[H:15])[H:17],,
20,0.002764538586436664,RESP2,hf/6-31g*,1.0,0.35000000000000003,H,resp2,21,[H:16][C:7]1([C:6]([C:5]([C:4]([C:9]([C:8]1([H:18])[H:19])([H:20])[H:21])([H:11])[C:2](=[O:1])[O:3][H:10])([H:12])[H:13])([H:14])[H:15])[H:17],,
0,-0.6170398586490333,RESP2,hf/6-31g*,1.0,0.4,O,resp2,1,[H:16][C:7]1([C:6]([C:5]([C:4]([C:9]([C:8]1([H:18])[H:19])([H:20])[H:21])([H:11])[C:2](=[O:1])[O:3][H:10])([H:12])[H:13])([H:14])[H:15])[H:17],,
1,0.7078582445861066,RESP2,hf/6-31g*,1.0,0.4,C,resp2,2,[H:16][C:7]1([C:6]([C:5]([C:4]([C:9]([C:8]1([H:18])[H:19])([H:20])[H:21])([H:11])[C:2](=[O:1])[O:3][H:10])([H:12])[H:13])([H:14])[H:15])[H:17],,
2,-0.6612501084262251,RESP2,hf/6-31g*,1.0,0.4,O,resp2,3,[H:16][C:7]1([C:6]([C:5]([C:4]([C:9]([C:8]1([H:18])[H:19])([H:20])[H:21])([H:11])[C:2](=[O:1])[O:3][H:10])([H:12])[H:13])([H:14])[H:15])[H:17],,
3,0.0580653366880044,RESP2,hf/6-31g*,1.0,0.4,C,resp2,4,[H:16][C:7]1([C:6]([C:5]([C:4]([C:9]([C:8]1([H:18])[H:19])([H:20])[H:21])([H:11])[C:2](=[O:1])[O:3][H:10])([H:12])[H:13])([H:14])[H:15])[H:17],,
4,-0.0031702996246963317,RESP2,hf/6-31g*,1.0,0.4,C,resp2,5,[H:16][C:7]1([C:6]([C:5]([C:4]([C:9]([C:8]1([H:18])[H:19])([H:20])[H:21])([H:11])[C:2](=[O:1])[O:3][H:10])([H:12])[H:13])([H:14])[H:15])[H:17],,
5,0.00811024330840466,RESP2,hf/6-31g*,1.0,0.4,C,resp2,6,[H:16][C:7]1([C:6]([C:5]([C:4]([C:9]([C:8]1([H:18])[H:19])([H:20])[H:21])([H:11])[C:2](=[O:1])[O:3][H:10])([H:12])[H:13])([H:14])[H:15])[H:17],,
6,0.020587814401420084,RESP2,hf/6-31g*,1.0,0.4,C,resp2,7,[H:16][C:7]1([C:6]([C:5]([C:4]([C:9]([C:8]1([H:18])[H:19])([H:20])[H:21])([H:11])[C:2](=[O:1])[O:3][H:10])([H:12])[H:13])([H:14])[H:15])[H:17],,
7,0.03408453525745019,RESP2,hf/6-31g*,1.0,0.4,C,resp2,8,[H:16][C:7]1([C:6]([C:5]([C:4]([C:9]([C:8]1([H:18])[H:19])([H:20])[H:21])([H:11])[C:2](=[O:1])[O:3][H:10])([H:12])[H:13])([H:14])[H:15])[H:17],,
8,0.0013938649384519872,RESP2,hf/6-31g*,1.0,0.4,C,resp2,9,[H:16][C:7]1([C:6]([C:5]([C:4]([C:9]([C:8]1([H:18])[H:19])([H:20])[H:21])([H:11])[C:2](=[O:1])[O:3][H:10])([H:12])[H:13])([H:14])[H:15])[H:17],,
9,0.4705643301539579,RESP2,hf/6-31g*,1.0,0.4,H,resp2,10,[H:16][C:7]1([C:6]([C:5]([C:4]([C:9]([C:8]1([H:18])[H:19])([H:20])[H:21])([H:11])[C:2](=[O:1])[O:3][H:10])([H:12])[H:13])([H:14])[H:15])[H:17],,
10,0.005098732851836069,RESP2,hf/6-31g*,1.0,0.4,H,resp2,11,[H:16][C:7]1([C:6]([C:5]([C:4]([C:9]([C:8]1([H:18])[H:19])([H:20])[H:21])([H:11])[C:2](=[O:1])[O:3][H:10])([H:12])[H:13])([H:14])[H:15])[H:17],,
11,0.0064799124727738045,RESP2,hf/6-31g*,1.0,0.4,H,resp2,12,[H:16][C:7]1([C:6]([C:5]([C:4]([C:9]([C:8]1([H:18])[H:19])([H:20])[H:21])([H:11])[C:2](=[O:1])[O:3][H:10])([H:12])[H:13])([H:14])[H:15])[H:17],,
12,0.001702208062094869,RESP2,hf/6-31g*,1.0,0.4,H,resp2,13,[H:16][C:7]1([C:6]([C:5]([C:4]([C:9]([C:8]1([H:18])[H:19])([H:20])[H:21])([H:11])[C:2](=[O:1])[O:3][H:10])([H:12])[H:13])([H:14])[H:15])[H:17],,
13,-0.0010277401870865074,RESP2,hf/6-31g*,1.0,0.4,H,resp2,14,[H:16][C:7]1([C:6]([C:5]([C:4]([C:9]([C:8]1([H:18])[H:19])([H:20])[H:21])([H:11])[C:2](=[O:1])[O:3][H:10])([H:12])[H:13])([H:14])[H:15])[H:17],,
14,-0.0007286487332764276,RESP2,hf/6-31g*,1.0,0.4,H,resp2,15,[H:16][C:7]1([C:6]([C:5]([C:4]([C:9]([C:8]1([H:18])[H:19])([H:20])[H:21])([H:11])[C:2](=[O:1])[O:3][H:10])([H:12])[H:13])([H:14])[H:15])[H:17],,
15,-0.009134775618571596,RESP2,hf/6-31g*,1.0,0.4,H,resp2,16,[H:16][C:7]1([C:6]([C:5]([C:4]([C:9]([C:8]1([H:18])[H:19])([H:20])[H:21])([H:11])[C:2](=[O:1])[O:3][H:10])([H:12])[H:13])([H:14])[H:15])[H:17],,
16,-0.005463771046512472,RESP2,hf/6-31g*,1.0,0.4,H,resp2,17,[H:16][C:7]1([C:6]([C:5]([C:4]([C:9]([C:8]1([H:18])[H:19])([H:20])[H:21])([H:11])[C:2](=[O:1])[O:3][H:10])([H:12])[H:13])([H:14])[H:15])[H:17],,
17,-0.008676776334403478,RESP2,hf/6-31g*,1.0,0.4,H,resp2,18,[H:16][C:7]1([C:6]([C:5]([C:4]([C:9]([C:8]1([H:18])[H:19])([H:20])[H:21])([H:11])[C:2](=[O:1])[O:3][H:10])([H:12])[H:13])([H:14])[H:15])[H:17],,
18,-0.011848490358336987,RESP2,hf/6-31g*,1.0,0.4,H,resp2,19,[H:16][C:7]1([C:6]([C:5]([C:4]([C:9]([C:8]1([H:18])[H:19])([H:20])[H:21])([H:11])[C:2](=[O:1])[O:3][H:10])([H:12])[H:13])([H:14])[H:15])[H:17],,
19,0.0016183069594894288,RESP2,hf/6-31g*,1.0,0.4,H,resp2,20,[H:16][C:7]1([C:6]([C:5]([C:4]([C:9]([C:8]1([H:18])[H:19])([H:20])[H:21])([H:11])[C:2](=[O:1])[O:3][H:10])([H:12])[H:13])([H:14])[H:15])[H:17],,
20,0.00277693929815244,RESP2,hf/6-31g*,1.0,0.4,H,resp2,21,[H:16][C:7]1([C:6]([C:5]([C:4]([C:9]([C:8]1([H:18])[H:19])([H:20])[H:21])([H:11])[C:2](=[O:1])[O:3][H:10])([H:12])[H:13])([H:14])[H:15])[H:17],,
0,-0.6205048475059255,RESP2,hf/6-31g*,1.0,0.45,O,resp2,1,[H:16][C:7]1([C:6]([C:5]([C:4]([C:9]([C:8]1([H:18])[H:19])([H:20])[H:21])([H:11])[C:2](=[O:1])[O:3][H:10])([H:12])[H:13])([H:14])[H:15])[H:17],,
1,0.7103078486401303,RESP2,hf/6-31g*,1.0,0.45,C,resp2,2,[H:16][C:7]1([C:6]([C:5]([C:4]([C:9]([C:8]1([H:18])[H:19])([H:20])[H:21])([H:11])[C:2](=[O:1])[O:3][H:10])([H:12])[H:13])([H:14])[H:15])[H:17],,
2,-0.6626862372781216,RESP2,hf/6-31g*,1.0,0.45,O,resp2,3,[H:16][C:7]1([C:6]([C:5]([C:4]([C:9]([C:8]1([H:18])[H:19])([H:20])[H:21])([H:11])[C:2](=[O:1])[O:3][H:10])([H:12])[H:13])([H:14])[H:15])[H:17],,
3,0.05622764951717976,RESP2,hf/6-31g*,1.0,0.45,C,resp2,4,[H:16][C:7]1([C:6]([C:5]([C:4]([C:9]([C:8]1([H:18])[H:19])([H:20])[H:21])([H:11])[C:2](=[O:1])[O:3][H:10])([H:12])[H:13])([H:14])[H:15])[H:17],,
4,-0.0026429943184271636,RESP2,hf/6-31g*,1.0,0.45,C,resp2,5,[H:16][C:7]1([C:6]([C:5]([C:4]([C:9]([C:8]1([H:18])[H:19])([H:20])[H:21])([H:11])[C:2](=[O:1])[O:3][H:10])([H:12])[H:13])([H:14])[H:15])[H:17],,
5,0.008284640559069915,RESP2,hf/6-31g*,1.0,0.45,C,resp2,6,[H:16][C:7]1([C:6]([C:5]([C:4]([C:9]([C:8]1([H:18])[H:19])([H:20])[H:21])([H:11])[C:2](=[O:1])[O:3][H:10])([H:12])[H:13])([H:14])[H:15])[H:17],,
6,0.023313937336956976,RESP2,hf/6-31g*,1.0,0.45,C,resp2,7,[H:16][C:7]1([C:6]([C:5]([C:4]([C:9]([C:8]1([H:18])[H:19])([H:20])[H:21])([H:11])[C:2](=[O:1])[O:3][H:10])([H:12])[H:13])([H:14])[H:15])[H:17],,
7,0.031776674538152826,RESP2,hf/6-31g*,1.0,0.45,C,resp2,8,[H:16][C:7]1([C:6]([C:5]([C:4]([C:9]([C:8]1([H:18])[H:19])([H:20])[H:21])([H:11])[C:2](=[O:1])[O:3][H:10])([H:12])[H:13])([H:14])[H:15])[H:17],,
8,0.0023646473967473486,RESP2,hf/6-31g*,1.0,0.45,C,resp2,9,[H:16][C:7]1([C:6]([C:5]([C:4]([C:9]([C:8]1([H:18])[H:19])([H:20])[H:21])([H:11])[C:2](=[O:1])[O:3][H:10])([H:12])[H:13])([H:14])[H:15])[H:17],,
9,0.4723547144040282,RESP2,hf/6-31g*,1.0,0.45,H,resp2,10,[H:16][C:7]1([C:6]([C:5]([C:4]([C:9]([C:8]1([H:18])[H:19])([H:20])[H:21])([H:11])[C:2](=[O:1])[O:3][H:10])([H:12])[H:13])([H:14])[H:15])[H:17],,
10,0.006277721790194158,RESP2,hf/6-31g*,1.0,0.45,H,resp2,11,[H:16][C:7]1([C:6]([C:5]([C:4]([C:9]([C:8]1([H:18])[H:19])([H:20])[H:21])([H:11])[C:2](=[O:1])[O:3][H:10])([H:12])[H:13])([H:14])[H:15])[H:17],,
11,0.00631483278409096,RESP2,hf/6-31g*,1.0,0.45,H,resp2,12,[H:16][C:7]1([C:6]([C:5]([C:4]([C:9]([C:8]1([H:18])[H:19])([H:20])[H:21])([H:11])[C:2](=[O:1])[O:3][H:10])([H:12])[H:13])([H:14])[H:15])[H:17],,
12,0.0019161925091385778,RESP2,hf/6-31g*,1.0,0.45,H,resp2,13,[H:16][C:7]1([C:6]([C:5]([C:4]([C:9]([C:8]1([H:18])[H:19])([H:20])[H:21])([H:11])[C:2](=[O:1])[O:3][H:10])([H:12])[H:13])([H:14])[H:15])[H:17],,
13,-0.001223210351837659,RESP2,hf/6-31g*,1.0,0.45,H,resp2,14,[H:16][C:7]1([C:6]([C:5]([C:4]([C:9]([C:8]1([H:18])[H:19])([H:20])[H:21])([H:11])[C:2](=[O:1])[O:3][H:10])([H:12])[H:13])([H:14])[H:15])[H:17],,
14,-0.001030649709719012,RESP2,hf/6-31g*,1.0,0.45,H,resp2,15,[H:16][C:7]1([C:6]([C:5]([C:4]([C:9]([C:8]1([H:18])[H:19])([H:20])[H:21])([H:11])[C:2](=[O:1])[O:3][H:10])([H:12])[H:13])([H:14])[H:15])[H:17],,
15,-0.009796066155653059,RESP2,hf/6-31g*,1.0,0.45,H,resp2,16,[H:16][C:7]1([C:6]([C:5]([C:4]([C:9]([C:8]1([H:18])[H:19])([H:20])[H:21])([H:11])[C:2](=[O:1])[O:3][H:10])([H:12])[H:13])([H:14])[H:15])[H:17],,
16,-0.006147551238957406,RESP2,hf/6-31g*,1.0,0.45,H,resp2,17,[H:16][C:7]1([C:6]([C:5]([C:4]([C:9]([C:8]1([H:18])[H:19])([H:20])[H:21])([H:11])[C:2](=[O:1])[O:3][H:10])([H:12])[H:13])([H:14])[H:15])[H:17],,
17,-0.008089721470608139,RESP2,hf/6-31g*,1.0,0.45,H,resp2,18,[H:16][C:7]1([C:6]([C:5]([C:4]([C:9]([C:8]1([H:18])[H:19])([H:20])[H:21])([H:11])[C:2](=[O:1])[O:3][H:10])([H:12])[H:13])([H:14])[H:15])[H:17],,
18,-0.01129851055537887,RESP2,hf/6-31g*,1.0,0.45,H,resp2,19,[H:16][C:7]1([C:6]([C:5]([C:4]([C:9]([C:8]1([H:18])[H:19])([H:20])[H:21])([H:11])[C:2](=[O:1])[O:3][H:10])([H:12])[H:13])([H:14])[H:15])[H:17],,
19,0.001491589099071033,RESP2,hf/6-31g*,1.0,0.45,H,resp2,20,[H:16][C:7]1([C:6]([C:5]([C:4]([C:9]([C:8]1([H:18])[H:19])([H:20])[H:21])([H:11])[C:2](=[O:1])[O:3][H:10])([H:12])[H:13])([H:14])[H:15])[H:17],,
20,0.002789340009868219,RESP2,hf/6-31g*,1.0,0.45,H,resp2,21,[H:16][C:7]1([C:6]([C:5]([C:4]([C:9]([C:8]1([H:18])[H:19])([H:20])[H:21])([H:11])[C:2](=[O:1])[O:3][H:10])([H:12])[H:13])([H:14])[H:15])[H:17],,
0,-0.6239698363628176,RESP2,hf/6-31g*,1.0,0.5,O,resp2,1,[H:16][C:7]1([C:6]([C:5]([C:4]([C:9]([C:8]1([H:18])[H:19])([H:20])[H:21])([H:11])[C:2](=[O:1])[O:3][H:10])([H:12])[H:13])([H:14])[H:15])[H:17],,
1,0.712757452694154,RESP2,hf/6-31g*,1.0,0.5,C,resp2,2,[H:16][C:7]1([C:6]([C:5]([C:4]([C:9]([C:8]1([H:18])[H:19])([H:20])[H:21])([H:11])[C:2](=[O:1])[O:3][H:10])([H:12])[H:13])([H:14])[H:15])[H:17],,
2,-0.6641223661300178,RESP2,hf/6-31g*,1.0,0.5,O,resp2,3,[H:16][C:7]1([C:6]([C:5]([C:4]([C:9]([C:8]1([H:18])[H:19])([H:20])[H:21])([H:11])[C:2](=[O:1])[O:3][H:10])([H:12])[H:13])([H:14])[H:15])[H:17],,
3,0.05438996234635512,RESP2,hf/6-31g*,1.0,0.5,C,resp2,4,[H:16][C:7]1([C:6]([C:5]([C:4]([C:9]([C:8]1([H:18])[H:19])([H:20])[H:21])([H:11])[C:2](=[O:1])[O:3][H:10])([H:12])[H:13])([H:14])[H:15])[H:17],,
4,-0.0021156890121579947,RESP2,hf/6-31g*,1.0,0.5,C,resp2,5,[H:16][C:7]1([C:6]([C:5]([C:4]([C:9]([C:8]1([H:18])[H:19])([H:20])[H:21])([H:11])[C:2](=[O:1])[O:3][H:10])([H:12])[H:13])([H:14])[H:15])[H:17],,
5,0.008459037809735169,RESP2,hf/6-31g*,1.0,0.5,C,resp2,6,[H:16][C:7]1([C:6]([C:5]([C:4]([C:9]([C:8]1([H:18])[H:19])([H:20])[H:21])([H:11])[C:2](=[O:1])[O:3][H:10])([H:12])[H:13])([H:14])[H:15])[H:17],,
6,0.026040060272493865,RESP2,hf/6-31g*,1.0,0.5,C,resp2,7,[H:16][C:7]1([C:6]([C:5]([C:4]([C:9]([C:8]1([H:18])[H:19])([H:20])[H:21])([H:11])[C:2](=[O:1])[O:3][H:10])([H:12])[H:13])([H:14])[H:15])[H:17],,
7,0.02946881381885546,RESP2,hf/6-31g*,1.0,0.5,C,resp2,8,[H:16][C:7]1([C:6]([C:5]([C:4]([C:9]([C:8]1([H:18])[H:19])([H:20])[H:21])([H:11])[C:2](=[O:1])[O:3][H:10])([H:12])[H:13])([H:14])[H:15])[H:17],,
8,0.0033354298550427107,RESP2,hf/6-31g*,1.0,0.5,C,resp2,9,[H:16][C:7]1([C:6]([C:5]([C:4]([C:9]([C:8]1([H:18])[H:19])([H:20])[H:21])([H:11])[C:2](=[O:1])[O:3][H:10])([H:12])[H:13])([H:14])[H:15])[H:17],,
9,0.4741450986540985,RESP2,hf/6-31g*,1.0,0.5,H,resp2,10,[H:16][C:7]1([C:6]([C:5]([C:4]([C:9]([C:8]1([H:18])[H:19])([H:20])[H:21])([H:11])[C:2](=[O:1])[O:3][H:10])([H:12])[H:13])([H:14])[H:15])[H:17],,
10,0.0074567107285522455,RESP2,hf/6-31g*,1.0,0.5,H,resp2,11,[H:16][C:7]1([C:6]([C:5]([C:4]([C:9]([C:8]1([H:18])[H:19])([H:20])[H:21])([H:11])[C:2](=[O:1])[O:3][H:10])([H:12])[H:13])([H:14])[H:15])[H:17],,
11,0.006149753095408114,RESP2,hf/6-31g*,1.0,0.5,H,resp2,12,[H:16][C:7]1([C:6]([C:5]([C:4]([C:9]([C:8]1([H:18])[H:19])([H:20])[H:21])([H:11])[C:2](=[O:1])[O:3][H:10])([H:12])[H:13])([H:14])[H:15])[H:17],,
12,0.002130176956182286,RESP2,hf/6-31g*,1.0,0.5,H,resp2,13,[H:16][C:7]1([C:6]([C:5]([C:4]([C:9]([C:8]1([H:18])[H:19])([H:20])[H:21])([H:11])[C:2](=[O:1])[O:3][H:10])([H:12])[H:13])([H:14])[H:15])[H:17],,
13,-0.001418680516588811,RESP2,hf/6-31g*,1.0,0.5,H,resp2,14,[H:16][C:7]1([C:6]([C:5]([C:4]([C:9]([C:8]1([H:18])[H:19])([H:20])[H:21])([H:11])[C:2](=[O:1])[O:3][H:10])([H:12])[H:13])([H:14])[H:15])[H:17],,
14,-0.0013326506861615966,RESP2,hf/6-31g*,1.0,0.5,H,resp2,15,[H:16][C:7]1([C:6]([C:5]([C:4]([C:9]([C:8]1([H:18])[H:19])([H:20])[H:21])([H:11])[C:2](=[O:1])[O:3][H:10])([H:12])[H:13])([H:14])[H:15])[H:17],,
15,-0.010457356692734518,RESP2,hf/6-31g*,1.0,0.5,H,resp2,16,[H:16][C:7]1([C:6]([C:5]([C:4]([C:9]([C:8]1([H:18])[H:19])([H:20])[H:21])([H:11])[C:2](=[O:1])[O:3][H:10])([H:12])[H:13])([H:14])[H:15])[H:17],,
16,-0.006831331431402341,RESP2,hf/6-31g*,1.0,0.5,H,resp2,17,[H:16][C:7]1([C:6]([C:5]([C:4]([C:9]([C:8]1([H:18])[H:19])([H:20])[H:21])([H:11])[C:2](=[O:1])[O:3][H:10])([H:12])[H:13])([H:14])[H:15])[H:17],,
17,-0.007502666606812797,RESP2,hf/6-31g*,1.0,0.5,H,resp2,18,[H:16][C:7]1([C:6]([C:5]([C:4]([C:9]([C:8]1([H:18])[H:19])([H:20])[H:21])([H:11])[C:2](=[O:1])[O:3][H:10])([H:12])[H:13])([H:14])[H:15])[H:17],,
18,-0.010748530752420755,RESP2,hf/6-31g*,1.0,0.5,H,resp2,19,[H:16][C:7]1([C:6]([C:5]([C:4]([C:9]([C:8]1([H:18])[H:19])([H:20])[H:21])([H:11])[C:2](=[O:1])[O:3][H:10])([H:12])[H:13])([H:14])[H:15])[H:17],,
19,0.001364871238652637,RESP2,hf/6-31g*,1.0,0.5,H,resp2,20,[H:16][C:7]1([C:6]([C:5]([C:4]([C:9]([C:8]1([H:18])[H:19])([H:20])[H:21])([H:11])[C:2](=[O:1])[O:3][H:10])([H:12])[H:13])([H:14])[H:15])[H:17],,
20,0.002801740721583997,RESP2,hf/6-31g*,1.0,0.5,H,resp2,21,[H:16][C:7]1([C:6]([C:5]([C:4]([C:9]([C:8]1([H:18])[H:19])([H:20])[H:21])([H:11])[C:2](=[O:1])[O:3][H:10])([H:12])[H:13])([H:14])[H:15])[H:17],,
0,-0.6274348252197096,RESP2,hf/6-31g*,1.0,0.55,O,resp2,1,[H:16][C:7]1([C:6]([C:5]([C:4]([C:9]([C:8]1([H:18])[H:19])([H:20])[H:21])([H:11])[C:2](=[O:1])[O:3][H:10])([H:12])[H:13])([H:14])[H:15])[H:17],,
1,0.7152070567481777,RESP2,hf/6-31g*,1.0,0.55,C,resp2,2,[H:16][C:7]1([C:6]([C:5]([C:4]([C:9]([C:8]1([H:18])[H:19])([H:20])[H:21])([H:11])[C:2](=[O:1])[O:3][H:10])([H:12])[H:13])([H:14])[H:15])[H:17],,
2,-0.6655584949819141,RESP2,hf/6-31g*,1.0,0.55,O,resp2,3,[H:16][C:7]1([C:6]([C:5]([C:4]([C:9]([C:8]1([H:18])[H:19])([H:20])[H:21])([H:11])[C:2](=[O:1])[O:3][H:10])([H:12])[H:13])([H:14])[H:15])[H:17],,
3,0.05255227517553048,RESP2,hf/6-31g*,1.0,0.55,C,resp2,4,[H:16][C:7]1([C:6]([C:5]([C:4]([C:9]([C:8]1([H:18])[H:19])([H:20])[H:21])([H:11])[C:2](=[O:1])[O:3][H:10])([H:12])[H:13])([H:14])[H:15])[H:17],,
4,-0.0015883837058888175,RESP2,hf/6-31g*,1.0,0.55,C,resp2,5,[H:16][C:7]1([C:6]([C:5]([C:4]([C:9]([C:8]1([H:18])[H:19])([H:20])[H:21])([H:11])[C:2](=[O:1])[O:3][H:10])([H:12])[H:13])([H:14])[H:15])[H:17],,
5,0.008633435060400428,RESP2,hf/6-31g*,1.0,0.55,C,resp2,6,[H:16][C:7]1([C:6]([C:5]([C:4]([C:9]([C:8]1([H:18])[H:19])([H:20])[H:21])([H:11])[C:2](=[O:1])[O:3][H:10])([H:12])[H:13])([H:14])[H:15])[H:17],,
6,0.028766183208030767,RESP2,hf/6-31g*,1.0,0.55,C,resp2,7,[H:16][C:7]1([C:6]([C:5]([C:4]([C:9]([C:8]1([H:18])[H:19])([H:20])[H:21])([H:11])[C:2](=[O:1])[O:3][H:10])([H:12])[H:13])([H:14])[H:15])[H:17],,
7,0.027160953099558096,RESP2,hf/6-31g*,1.0,0.55,C,resp2,8,[H:16][C:7]1([C:6]([C:5]([C:4]([C:9]([C:8]1([H:18])[H:19])([H:20])[H:21])([H:11])[C:2](=[O:1])[O:3][H:10])([H:12])[H:13])([H:14])[H:15])[H:17],,
8,0.004306212313338081,RESP2,hf/6-31g*,1.0,0.55,C,resp2,9,[H:16][C:7]1([C:6]([C:5]([C:4]([C:9]([C:8]1([H:18])[H:19])([H:20])[H:21])([H:11])[C:2](=[O:1])[O:3][H:10])([H:12])[H:13])([H:14])[H:15])[H:17],,
9,0.47593548290416876,RESP2,hf/6-31g*,1.0,0.55,H,resp2,10,[H:16][C:7]1([C:6]([C:5]([C:4]([C:9]([C:8]1([H:18])[H:19])([H:20])[H:21])([H:11])[C:2](=[O:1])[O:3][H:10])([H:12])[H:13])([H:14])[H:15])[H:17],,
10,0.008635699666910343,RESP2,hf/6-31g*,1.0,0.55,H,resp2,11,[H:16][C:7]1([C:6]([C:5]([C:4]([C:9]([C:8]1([H:18])[H:19])([H:20])[H:21])([H:11])[C:2](=[O:1])[O:3][H:10])([H:12])[H:13])([H:14])[H:15])[H:17],,
11,0.005984673406725276,RESP2,hf/6-31g*,1.0,0.55,H,resp2,12,[H:16][C:7]1([C:6]([C:5]([C:4]([C:9]([C:8]1([H:18])[H:19])([H:20])[H:21])([H:11])[C:2](=[O:1])[O:3][H:10])([H:12])[H:13])([H:14])[H:15])[H:17],,
12,0.002344161403226003,RESP2,hf/6-31g*,1.0,0.55,H,resp2,13,[H:16][C:7]1([C:6]([C:5]([C:4]([C:9]([C:8]1([H:18])[H:19])([H:20])[H:21])([H:11])[C:2](=[O:1])[O:3][H:10])([H:12])[H:13])([H:14])[H:15])[H:17],,
13,-0.0016141506813399553,RESP2,hf/6-31g*,1.0,0.55,H,resp2,14,[H:16][C:7]1([C:6]([C:5]([C:4]([C:9]([C:8]1([H:18])[H:19])([H:20])[H:21])([H:11])[C:2](=[O:1])[O:3][H:10])([H:12])[H:13])([H:14])[H:15])[H:17],,
14,-0.0016346516626041736,RESP2,hf/6-31g*,1.0,0.55,H,resp2,15,[H:16][C:7]1([C:6]([C:5]([C:4]([C:9]([C:8]1([H:18])[H:19])([H:20])[H:21])([H:11])[C:2](=[O:1])[O:3][H:10])([H:12])[H:13])([H:14])[H:15])[H:17],,
15,-0.011118647229815974,RESP2,hf/6-31g*,1.0,0.55,H,resp2,16,[H:16][C:7]1([C:6]([C:5]([C:4]([C:9]([C:8]1([H:18])[H:19])([H:20])[H:21])([H:11])[C:2](=[O:1])[O:3][H:10])([H:12])[H:13])([H:14])[H:15])[H:17],,
16,-0.007515111623847268,RESP2,hf/6-31g*,1.0,0.55,H,resp2,17,[H:16][C:7]1([C:6]([C:5]([C:4]([C:9]([C:8]1([H:18])[H:19])([H:20])[H:21])([H:11])[C:2](=[O:1])[O:3][H:10])([H:12])[H:13])([H:14])[H:15])[H:17],,
17,-0.0069156117430174465,RESP2,hf/6-31g*,1.0,0.55,H,resp2,18,[H:16][C:7]1([C:6]([C:5]([C:4]([C:9]([C:8]1([H:18])[H:19])([H:20])[H:21])([H:11])[C:2](=[O:1])[O:3][H:10])([H:12])[H:13])([H:14])[H:15])[H:17],,
18,-0.010198550949462632,RESP2,hf/6-31g*,1.0,0.55,H,resp2,19,[H:16][C:7]1([C:6]([C:5]([C:4]([C:9]([C:8]1([H:18])[H:19])([H:20])[H:21])([H:11])[C:2](=[O:1])[O:3][H:10])([H:12])[H:13])([H:14])[H:15])[H:17],,
19,0.001238153378234249,RESP2,hf/6-31g*,1.0,0.55,H,resp2,20,[H:16][C:7]1([C:6]([C:5]([C:4]([C:9]([C:8]1([H:18])[H:19])([H:20])[H:21])([H:11])[C:2](=[O:1])[O:3][H:10])([H:12])[H:13])([H:14])[H:15])[H:17],,
20,0.0028141414332997832,RESP2,hf/6-31g*,1.0,0.55,H,resp2,21,[H:16][C:7]1([C:6]([C:5]([C:4]([C:9]([C:8]1([H:18])[H:19])([H:20])[H:21])([H:11])[C:2](=[O:1])[O:3][H:10])([H:12])[H:13])([H:14])[H:15])[H:17],,
0,-0.6308998140766016,RESP2,hf/6-31g*,1.0,0.6000000000000001,O,resp2,1,[H:16][C:7]1([C:6]([C:5]([C:4]([C:9]([C:8]1([H:18])[H:19])([H:20])[H:21])([H:11])[C:2](=[O:1])[O:3][H:10])([H:12])[H:13])([H:14])[H:15])[H:17],,
1,0.7176566608022016,RESP2,hf/6-31g*,1.0,0.6000000000000001,C,resp2,2,[H:16][C:7]1([C:6]([C:5]([C:4]([C:9]([C:8]1([H:18])[H:19])([H:20])[H:21])([H:11])[C:2](=[O:1])[O:3][H:10])([H:12])[H:13])([H:14])[H:15])[H:17],,
2,-0.6669946238338104,RESP2,hf/6-31g*,1.0,0.6000000000000001,O,resp2,3,[H:16][C:7]1([C:6]([C:5]([C:4]([C:9]([C:8]1([H:18])[H:19])([H:20])[H:21])([H:11])[C:2](=[O:1])[O:3][H:10])([H:12])[H:13])([H:14])[H:15])[H:17],,
3,0.050714588004705824,RESP2,hf/6-31g*,1.0,0.6000000000000001,C,resp2,4,[H:16][C:7]1([C:6]([C:5]([C:4]([C:9]([C:8]1([H:18])[H:19])([H:20])[H:21])([H:11])[C:2](=[O:1])[O:3][H:10])([H:12])[H:13])([H:14])[H:15])[H:17],,
4,-0.0010610783996196662,RESP2,hf/6-31g*,1.0,0.6000000000000001,C,resp2,5,[H:16][C:7]1([C:6]([C:5]([C:4]([C:9]([C:8]1([H:18])[H:19])([H:20])[H:21])([H:11])[C:2](=[O:1])[O:3][H:10])([H:12])[H:13])([H:14])[H:15])[H:17],,
5,0.008807832311065663,RESP2,hf/6-31g*,1.0,0.6000000000000001,C,resp2,6,[H:16][C:7]1([C:6]([C:5]([C:4]([C:9]([C:8]1([H:18])[H:19])([H:20])[H:21])([H:11])[C:2](=[O:1])[O:3][H:10])([H:12])[H:13])([H:14])[H:15])[H:17],,
6,0.03149230614356764,RESP2,hf/6-31g*,1.0,0.6000000000000001,C,resp2,7,[H:16][C:7]1([C:6]([C:5]([C:4]([C:9]([C:8]1([H:18])[H:19])([H:20])[H:21])([H:11])[C:2](=[O:1])[O:3][H:10])([H:12])[H:13])([H:14])[H:15])[H:17],,
7,0.02485309238026071,RESP2,hf/6-31g*,1.0,0.6000000000000001,C,resp2,8,[H:16][C:7]1([C:6]([C:5]([C:4]([C:9]([C:8]1([H:18])[H:19])([H:20])[H:21])([H:11])[C:2](=[O:1])[O:3][H:10])([H:12])[H:13])([H:14])[H:15])[H:17],,
8,0.005276994771633426,RESP2,hf/6-31g*,1.0,0.6000000000000001,C,resp2,9,[H:16][C:7]1([C:6]([C:5]([C:4]([C:9]([C:8]1([H:18])[H:19])([H:20])[H:21])([H:11])[C:2](=[O:1])[O:3][H:10])([H:12])[H:13])([H:14])[H:15])[H:17],,
9,0.47772586715423915,RESP2,hf/6-31g*,1.0,0.6000000000000001,H,resp2,10,[H:16][C:7]1([C:6]([C:5]([C:4]([C:9]([C:8]1([H:18])[H:19])([H:20])[H:21])([H:11])[C:2](=[O:1])[O:3][H:10])([H:12])[H:13])([H:14])[H:15])[H:17],,
10,0.009814688605268414,RESP2,hf/6-31g*,1.0,0.6000000000000001,H,resp2,11,[H:16][C:7]1([C:6]([C:5]([C:4]([C:9]([C:8]1([H:18])[H:19])([H:20])[H:21])([H:11])[C:2](=[O:1])[O:3][H:10])([H:12])[H:13])([H:14])[H:15])[H:17],,
11,0.005819593718042412,RESP2,hf/6-31g*,1.0,0.6000000000000001,H,resp2,12,[H:16][C:7]1([C:6]([C:5]([C:4]([C:9]([C:8]1([H:18])[H:19])([H:20])[H:21])([H:11])[C:2](=[O:1])[O:3][H:10])([H:12])[H:13])([H:14])[H:15])[H:17],,
12,0.0025581458502696927,RESP2,hf/6-31g*,1.0,0.6000000000000001,H,resp2,13,[H:16][C:7]1([C:6]([C:5]([C:4]([C:9]([C:8]1([H:18])[H:19])([H:20])[H:21])([H:11])[C:2](=[O:1])[O:3][H:10])([H:12])[H:13])([H:14])[H:15])[H:17],,
13,-0.0018096208460911256,RESP2,hf/6-31g*,1.0,0.6000000000000001,H,resp2,14,[H:16][C:7]1([C:6]([C:5]([C:4]([C:9]([C:8]1([H:18])[H:19])([H:20])[H:21])([H:11])[C:2](=[O:1])[O:3][H:10])([H:12])[H:13])([H:14])[H:15])[H:17],,
14,-0.0019366526390467763,RESP2,hf/6-31g*,1.0,0.6000000000000001,H,resp2,15,[H:16][C:7]1([C:6]([C:5]([C:4]([C:9]([C:8]1([H:18])[H:19])([H:20])[H:21])([H:11])[C:2](=[O:1])[O:3][H:10])([H:12])[H:13])([H:14])[H:15])[H:17],,
15,-0.011779937766897454,RESP2,hf/6-31g*,1.0,0.6000000000000001,H,resp2,16,[H:16][C:7]1([C:6]([C:5]([C:4]([C:9]([C:8]1([H:18])[H:19])([H:20])[H:21])([H:11])[C:2](=[O:1])[O:3][H:10])([H:12])[H:13])([H:14])[H:15])[H:17],,
16,-0.008198891816292223,RESP2,hf/6-31g*,1.0,0.6000000000000001,H,resp2,17,[H:16][C:7]1([C:6]([C:5]([C:4]([C:9]([C:8]1([H:18])[H:19])([H:20])[H:21])([H:11])[C:2](=[O:1])[O:3][H:10])([H:12])[H:13])([H:14])[H:15])[H:17],,
17,-0.006328556879222124,RESP2,hf/6-31g*,1.0,0.6000000000000001,H,resp2,18,[H:16][C:7]1([C:6]([C:5]([C:4]([C:9]([C:8]1([H:18])[H:19])([H:20])[H:21])([H:11])[C:2](=[O:1])[O:3][H:10])([H:12])[H:13])([H:14])[H:15])[H:17],,
18,-0.009648571146504536,RESP2,hf/6-31g*,1.0,0.6000000000000001,H,resp2,19,[H:16][C:7]1([C:6]([C:5]([C:4]([C:9]([C:8]1([H:18])[H:19])([H:20])[H:21])([H:11])[C:2](=[O:1])[O:3][H:10])([H:12])[H:13])([H:14])[H:15])[H:17],,
19,0.0011114355178158347,RESP2,hf/6-31g*,1.0,0.6000000000000001,H,resp2,20,[H:16][C:7]1([C:6]([C:5]([C:4]([C:9]([C:8]1([H:18])[H:19])([H:20])[H:21])([H:11])[C:2](=[O:1])[O:3][H:10])([H:12])[H:13])([H:14])[H:15])[H:17],,
20,0.002826542145015544,RESP2,hf/6-31g*,1.0,0.6000000000000001,H,resp2,21,[H:16][C:7]1([C:6]([C:5]([C:4]([C:9]([C:8]1([H:18])[H:19])([H:20])[H:21])([H:11])[C:2](=[O:1])[O:3][H:10])([H:12])[H:13])([H:14])[H:15])[H:17],,
0,-0.6343648029334935,RESP2,hf/6-31g*,1.0,0.65,O,resp2,1,[H:16][C:7]1([C:6]([C:5]([C:4]([C:9]([C:8]1([H:18])[H:19])([H:20])[H:21])([H:11])[C:2](=[O:1])[O:3][H:10])([H:12])[H:13])([H:14])[H:15])[H:17],,
1,0.7201062648562253,RESP2,hf/6-31g*,1.0,0.65,C,resp2,2,[H:16][C:7]1([C:6]([C:5]([C:4]([C:9]([C:8]1([H:18])[H:19])([H:20])[H:21])([H:11])[C:2](=[O:1])[O:3][H:10])([H:12])[H:13])([H:14])[H:15])[H:17],,
2,-0.6684307526857066,RESP2,hf/6-31g*,1.0,0.65,O,resp2,3,[H:16][C:7]1([C:6]([C:5]([C:4]([C:9]([C:8]1([H:18])[H:19])([H:20])[H:21])([H:11])[C:2](=[O:1])[O:3][H:10])([H:12])[H:13])([H:14])[H:15])[H:17],,
3,0.04887690083388118,RESP2,hf/6-31g*,1.0,0.65,C,resp2,4,[H:16][C:7]1([C:6]([C:5]([C:4]([C:9]([C:8]1([H:18])[H:19])([H:20])[H:21])([H:11])[C:2](=[O:1])[O:3][H:10])([H:12])[H:13])([H:14])[H:15])[H:17],,
4,-0.0005337730933505011,RESP2,hf/6-31g*,1.0,0.65,C,resp2,5,[H:16][C:7]1([C:6]([C:5]([C:4]([C:9]([C:8]1([H:18])[H:19])([H:20])[H:21])([H:11])[C:2](=[O:1])[O:3][H:10])([H:12])[H:13])([H:14])[H:15])[H:17],,
5,0.008982229561730913,RESP2,hf/6-31g*,1.0,0.65,C,resp2,6,[H:16][C:7]1([C:6]([C:5]([C:4]([C:9]([C:8]1([H:18])[H:19])([H:20])[H:21])([H:11])[C:2](=[O:1])[O:3][H:10])([H:12])[H:13])([H:14])[H:15])[H:17],,
6,0.03421842907910452,RESP2,hf/6-31g*,1.0,0.65,C,resp2,7,[H:16][C:7]1([C:6]([C:5]([C:4]([C:9]([C:8]1([H:18])[H:19])([H:20])[H:21])([H:11])[C:2](=[O:1])[O:3][H:10])([H:12])[H:13])([H:14])[H:15])[H:17],,
7,0.022545231660963345,RESP2,hf/6-31g*,1.0,0.65,C,resp2,8,[H:16][C:7]1([C:6]([C:5]([C:4]([C:9]([C:8]1([H:18])[H:19])([H:20])[H:21])([H:11])[C:2](=[O:1])[O:3][H:10])([H:12])[H:13])([H:14])[H:15])[H:17],,
8,0.006247777229928785,RESP2,hf/6-31g*,1.0,0.65,C,resp2,9,[H:16][C:7]1([C:6]([C:5]([C:4]([C:9]([C:8]1([H:18])[H:19])([H:20])[H:21])([H:11])[C:2](=[O:1])[O:3][H:10])([H:12])[H:13])([H:14])[H:15])[H:17],,
9,0.4795162514043095,RESP2,hf/6-31g*,1.0,0.65,H,resp2,10,[H:16][C:7]1([C:6]([C:5]([C:4]([C:9]([C:8]1([H:18])[H:19])([H:20])[H:21])([H:11])[C:2](=[O:1])[O:3][H:10])([H:12])[H:13])([H:14])[H:15])[H:17],,
10,0.010993677543626498,RESP2,hf/6-31g*,1.0,0.65,H,resp2,11,[H:16][C:7]1([C:6]([C:5]([C:4]([C:9]([C:8]1([H:18])[H:19])([H:20])[H:21])([H:11])[C:2](=[O:1])[O:3][H:10])([H:12])[H:13])([H:14])[H:15])[H:17],,
11,0.005654514029359565,RESP2,hf/6-31g*,1.0,0.65,H,resp2,12,[H:16][C:7]1([C:6]([C:5]([C:4]([C:9]([C:8]1([H:18])[H:19])([H:20])[H:21])([H:11])[C:2](=[O:1])[O:3][H:10])([H:12])[H:13])([H:14])[H:15])[H:17],,
12,0.0027721302973133985,RESP2,hf/6-31g*,1.0,0.65,H,resp2,13,[H:16][C:7]1([C:6]([C:5]([C:4]([C:9]([C:8]1([H:18])[H:19])([H:20])[H:21])([H:11])[C:2](=[O:1])[O:3][H:10])([H:12])[H:13])([H:14])[H:15])[H:17],,
13,-0.00200509101084228,RESP2,hf/6-31g*,1.0,0.65,H,resp2,14,[H:16][C:7]1([C:6]([C:5]([C:4]([C:9]([C:8]1([H:18])[H:19])([H:20])[H:21])([H:11])[C:2](=[O:1])[O:3][H:10])([H:12])[H:13])([H:14])[H:15])[H:17],,
14,-0.0022386536154893636,RESP2,hf/6-31g*,1.0,0.65,H,resp2,15,[H:16][C:7]1([C:6]([C:5]([C:4]([C:9]([C:8]1([H:18])[H:19])([H:20])[H:21])([H:11])[C:2](=[O:1])[O:3][H:10])([H:12])[H:13])([H:14])[H:15])[H:17],,
15,-0.01244122830397892,RESP2,hf/6-31g*,1.0,0.65,H,resp2,16,[H:16][C:7]1([C:6]([C:5]([C:4]([C:9]([C:8]1([H:18])[H:19])([H:20])[H:21])([H:11])[C:2](=[O:1])[O:3][H:10])([H:12])[H:13])([H:14])[H:15])[H:17],,
16,-0.008882672008737158,RESP2,hf/6-31g*,1.0,0.65,H,resp2,17,[H:16][C:7]1([C:6]([C:5]([C:4]([C:9]([C:8]1([H:18])[H:19])([H:20])[H:21])([H:11])[C:2](=[O:1])[O:3][H:10])([H:12])[H:13])([H:14])[H:15])[H:17],,
17,-0.005741502015426786,RESP2,hf/6-31g*,1.0,0.65,H,resp2,18,[H:16][C:7]1([C:6]([C:5]([C:4]([C:9]([C:8]1([H:18])[H:19])([H:20])[H:21])([H:11])[C:2](=[O:1])[O:3][H:10])([H:12])[H:13])([H:14])[H:15])[H:17],,
18,-0.009098591343546425,RESP2,hf/6-31g*,1.0,0.65,H,resp2,19,[H:16][C:7]1([C:6]([C:5]([C:4]([C:9]([C:8]1([H:18])[H:19])([H:20])[H:21])([H:11])[C:2](=[O:1])[O:3][H:10])([H:12])[H:13])([H:14])[H:15])[H:17],,
19,0.0009847176573974362,RESP2,hf/6-31g*,1.0,0.65,H,resp2,20,[H:16][C:7]1([C:6]([C:5]([C:4]([C:9]([C:8]1([H:18])[H:19])([H:20])[H:21])([H:11])[C:2](=[O:1])[O:3][H:10])([H:12])[H:13])([H:14])[H:15])[H:17],,
20,0.0028389428567313192,RESP2,hf/6-31g*,1.0,0.65,H,resp2,21,[H:16][C:7]1([C:6]([C:5]([C:4]([C:9]([C:8]1([H:18])[H:19])([H:20])[H:21])([H:11])[C:2](=[O:1])[O:3][H:10])([H:12])[H:13])([H:14])[H:15])[H:17],,
0,-0.6378297917903857,RESP2,hf/6-31g*,1.0,0.7000000000000001,O,resp2,1,[H:16][C:7]1([C:6]([C:5]([C:4]([C:9]([C:8]1([H:18])[H:19])([H:20])[H:21])([H:11])[C:2](=[O:1])[O:3][H:10])([H:12])[H:13])([H:14])[H:15])[H:17],,
1,0.722555868910249,RESP2,hf/6-31g*,1.0,0.7000000000000001,C,resp2,2,[H:16][C:7]1([C:6]([C:5]([C:4]([C:9]([C:8]1([H:18])[H:19])([H:20])[H:21])([H:11])[C:2](=[O:1])[O:3][H:10])([H:12])[H:13])([H:14])[H:15])[H:17],,
2,-0.669866881537603,RESP2,hf/6-31g*,1.0,0.7000000000000001,O,resp2,3,[H:16][C:7]1([C:6]([C:5]([C:4]([C:9]([C:8]1([H:18])[H:19])([H:20])[H:21])([H:11])[C:2](=[O:1])[O:3][H:10])([H:12])[H:13])([H:14])[H:15])[H:17],,
3,0.04703921366305653,RESP2,hf/6-31g*,1.0,0.7000000000000001,C,resp2,4,[H:16][C:7]1([C:6]([C:5]([C:4]([C:9]([C:8]1([H:18])[H:19])([H:20])[H:21])([H:11])[C:2](=[O:1])[O:3][H:10])([H:12])[H:13])([H:14])[H:15])[H:17],,
4,-6.46778708133925e-06,RESP2,hf/6-31g*,1.0,0.7000000000000001,C,resp2,5,[H:16][C:7]1([C:6]([C:5]([C:4]([C:9]([C:8]1([H:18])[H:19])([H:20])[H:21])([H:11])[C:2](=[O:1])[O:3][H:10])([H:12])[H:13])([H:14])[H:15])[H:17],,
5,0.00915662681239616,RESP2,hf/6-31g*,1.0,0.7000000000000001,C,resp2,6,[H:16][C:7]1([C:6]([C:5]([C:4]([C:9]([C:8]1([H:18])[H:19])([H:20])[H:21])([H:11])[C:2](=[O:1])[O:3][H:10])([H:12])[H:13])([H:14])[H:15])[H:17],,
6,0.03694455201464141,RESP2,hf/6-31g*,1.0,0.7000000000000001,C,resp2,7,[H:16][C:7]1([C:6]([C:5]([C:4]([C:9]([C:8]1([H:18])[H:19])([H:20])[H:21])([H:11])[C:2](=[O:1])[O:3][H:10])([H:12])[H:13])([H:14])[H:15])[H:17],,
7,0.020237370941665965,RESP2,hf/6-31g*,1.0,0.7000000000000001,C,resp2,8,[H:16][C:7]1([C:6]([C:5]([C:4]([C:9]([C:8]1([H:18])[H:19])([H:20])[H:21])([H:11])[C:2](=[O:1])[O:3][H:10])([H:12])[H:13])([H:14])[H:15])[H:17],,
8,0.007218559688224139,RESP2,hf/6-31g*,1.0,0.7000000000000001,C,resp2,9,[H:16][C:7]1([C:6]([C:5]([C:4]([C:9]([C:8]1([H:18])[H:19])([H:20])[H:21])([H:11])[C:2](=[O:1])[O:3][H:10])([H:12])[H:13])([H:14])[H:15])[H:17],,
9,0.48130663565437976,RESP2,hf/6-31g*,1.0,0.7000000000000001,H,resp2,10,[H:16][C:7]1([C:6]([C:5]([C:4]([C:9]([C:8]1([H:18])[H:19])([H:20])[H:21])([H:11])[C:2](=[O:1])[O:3][H:10])([H:12])[H:13])([H:14])[H:15])[H:17],,
10,0.012172666481984581,RESP2,hf/6-31g*,1.0,0.7000000000000001,H,resp2,11,[H:16][C:7]1([C:6]([C:5]([C:4]([C:9]([C:8]1([H:18])[H:19])([H:20])[H:21])([H:11])[C:2](=[O:1])[O:3][H:10])([H:12])[H:13])([H:14])[H:15])[H:17],,
11,0.005489434340676712,RESP2,hf/6-31g*,1.0,0.7000000000000001,H,resp2,12,[H:16][C:7]1([C:6]([C:5]([C:4]([C:9]([C:8]1([H:18])[H:19])([H:20])[H:21])([H:11])[C:2](=[O:1])[O:3][H:10])([H:12])[H:13])([H:14])[H:15])[H:17],,
12,0.0029861147443570996,RESP2,hf/6-31g*,1.0,0.7000000000000001,H,resp2,13,[H:16][C:7]1([C:6]([C:5]([C:4]([C:9]([C:8]1([H:18])[H:19])([H:20])[H:21])([H:11])[C:2](=[O:1])[O:3][H:10])([H:12])[H:13])([H:14])[H:15])[H:17],,
13,-0.0022005611755934397,RESP2,hf/6-31g*,1.0,0.7000000000000001,H,resp2,14,[H:16][C:7]1([C:6]([C:5]([C:4]([C:9]([C:8]1([H:18])[H:19])([H:20])[H:21])([H:11])[C:2](=[O:1])[O:3][H:10])([H:12])[H:13])([H:14])[H:15])[H:17],,
14,-0.0025406545919319564,RESP2,hf/6-31g*,1.0,0.7000000000000001,H,resp2,15,[H:16][C:7]1([C:6]([C:5]([C:4]([C:9]([C:8]1([H:18])[H:19])([H:20])[H:21])([H:11])[C:2](=[O:1])[O:3][H:10])([H:12])[H:13])([H:14])[H:15])[H:17],,
15,-0.013102518841060388,RESP2,hf/6-31g*,1.0,0.7000000000000001,H,resp2,16,[H:16][C:7]1([C:6]([C:5]([C:4]([C:9]([C:8]1([H:18])[H:19])([H:20])[H:21])([H:11])[C:2](=[O:1])[O:3][H:10])([H:12])[H:13])([H:14])[H:15])[H:17],,
16,-0.0095664522011821,RESP2,hf/6-31g*,1.0,0.7000000000000001,H,resp2,17,[H:16][C:7]1([C:6]([C:5]([C:4]([C:9]([C:8]1([H:18])[H:19])([H:20])[H:21])([H:11])[C:2](=[O:1])[O:3][H:10])([H:12])[H:13])([H:14])[H:15])[H:17],,
17,-0.005154447151631452,RESP2,hf/6-31g*,1.0,0.7000000000000001,H,resp2,18,[H:16][C:7]1([C:6]([C:5]([C:4]([C:9]([C:8]1([H:18])[H:19])([H:20])[H:21])([H:11])[C:2](=[O:1])[O:3][H:10])([H:12])[H:13])([H:14])[H:15])[H:17],,
18,-0.008548611540588315,RESP2,hf/6-31g*,1.0,0.7000000000000001,H,resp2,19,[H:16][C:7]1([C:6]([C:5]([C:4]([C:9]([C:8]1([H:18])[H:19])([H:20])[H:21])([H:11])[C:2](=[O:1])[O:3][H:10])([H:12])[H:13])([H:14])[H:15])[H:17],,
19,0.0008579997969790325,RESP2,hf/6-31g*,1.0,0.7000000000000001,H,resp2,20,[H:16][C:7]1([C:6]([C:5]([C:4]([C:9]([C:8]1([H:18])[H:19])([H:20])[H:21])([H:11])[C:2](=[O:1])[O:3][H:10])([H:12])[H:13])([H:14])[H:15])[H:17],,
20,0.0028513435684470903,RESP2,hf/6-31g*,1.0,0.7000000000000001,H,resp2,21,[H:16][C:7]1([C:6]([C:5]([C:4]([C:9]([C:8]1([H:18])[H:19])([H:20])[H:21])([H:11])[C:2](=[O:1])[O:3][H:10])([H:12])[H:13])([H:14])[H:15])[H:17],,
0,-0.6412947806472777,RESP2,hf/6-31g*,1.0,0.75,O,resp2,1,[H:16][C:7]1([C:6]([C:5]([C:4]([C:9]([C:8]1([H:18])[H:19])([H:20])[H:21])([H:11])[C:2](=[O:1])[O:3][H:10])([H:12])[H:13])([H:14])[H:15])[H:17],,
1,0.7250054729642728,RESP2,hf/6-31g*,1.0,0.75,C,resp2,2,[H:16][C:7]1([C:6]([C:5]([C:4]([C:9]([C:8]1([H:18])[H:19])([H:20])[H:21])([H:11])[C:2](=[O:1])[O:3][H:10])([H:12])[H:13])([H:14])[H:15])[H:17],,
2,-0.6713030103894992,RESP2,hf/6-31g*,1.0,0.75,O,resp2,3,[H:16][C:7]1([C:6]([C:5]([C:4]([C:9]([C:8]1([H:18])[H:19])([H:20])[H:21])([H:11])[C:2](=[O:1])[O:3][H:10])([H:12])[H:13])([H:14])[H:15])[H:17],,
3,0.04520152649223189,RESP2,hf/6-31g*,1.0,0.75,C,resp2,4,[H:16][C:7]1([C:6]([C:5]([C:4]([C:9]([C:8]1([H:18])[H:19])([H:20])[H:21])([H:11])[C:2](=[O:1])[O:3][H:10])([H:12])[H:13])([H:14])[H:15])[H:17],,
4,0.0005208375191878288,RESP2,hf/6-31g*,1.0,0.75,C,resp2,5,[H:16][C:7]1([C:6]([C:5]([C:4]([C:9]([C:8]1([H:18])[H:19])([H:20])[H:21])([H:11])[C:2](=[O:1])[O:3][H:10])([H:12])[H:13])([H:14])[H:15])[H:17],,
5,0.009331024063061412,RESP2,hf/6-31g*,1.0,0.75,C,resp2,6,[H:16][C:7]1([C:6]([C:5]([C:4]([C:9]([C:8]1([H:18])[H:19])([H:20])[H:21])([H:11])[C:2](=[O:1])[O:3][H:10])([H:12])[H:13])([H:14])[H:15])[H:17],,
6,0.03967067495017829,RESP2,hf/6-31g*,1.0,0.75,C,resp2,7,[H:16][C:7]1([C:6]([C:5]([C:4]([C:9]([C:8]1([H:18])[H:19])([H:20])[H:21])([H:11])[C:2](=[O:1])[O:3][H:10])([H:12])[H:13])([H:14])[H:15])[H:17],,
7,0.017929510222368602,RESP2,hf/6-31g*,1.0,0.75,C,resp2,8,[H:16][C:7]1([C:6]([C:5]([C:4]([C:9]([C:8]1([H:18])[H:19])([H:20])[H:21])([H:11])[C:2](=[O:1])[O:3][H:10])([H:12])[H:13])([H:14])[H:15])[H:17],,
8,0.008189342146519502,RESP2,hf/6-31g*,1.0,0.75,C,resp2,9,[H:16][C:7]1([C:6]([C:5]([C:4]([C:9]([C:8]1([H:18])[H:19])([H:20])[H:21])([H:11])[C:2](=[O:1])[O:3][H:10])([H:12])[H:13])([H:14])[H:15])[H:17],,
9,0.48309701990445003,RESP2,hf/6-31g*,1.0,0.75,H,resp2,10,[H:16][C:7]1([C:6]([C:5]([C:4]([C:9]([C:8]1([H:18])[H:19])([H:20])[H:21])([H:11])[C:2](=[O:1])[O:3][H:10])([H:12])[H:13])([H:14])[H:15])[H:17],,
10,0.013351655420342669,RESP2,hf/6-31g*,1.0,0.75,H,resp2,11,[H:16][C:7]1([C:6]([C:5]([C:4]([C:9]([C:8]1([H:18])[H:19])([H:20])[H:21])([H:11])[C:2](=[O:1])[O:3][H:10])([H:12])[H:13])([H:14])[H:15])[H:17],,
11,0.005324354651993867,RESP2,hf/6-31g*,1.0,0.75,H,resp2,12,[H:16][C:7]1([C:6]([C:5]([C:4]([C:9]([C:8]1([H:18])[H:19])([H:20])[H:21])([H:11])[C:2](=[O:1])[O:3][H:10])([H:12])[H:13])([H:14])[H:15])[H:17],,
12,0.0032000991914008076,RESP2,hf/6-31g*,1.0,0.75,H,resp2,13,[H:16][C:7]1([C:6]([C:5]([C:4]([C:9]([C:8]1([H:18])[H:19])([H:20])[H:21])([H:11])[C:2](=[O:1])[O:3][H:10])([H:12])[H:13])([H:14])[H:15])[H:17],,
13,-0.0023960313403445913,RESP2,hf/6-31g*,1.0,0.75,H,resp2,14,[H:16][C:7]1([C:6]([C:5]([C:4]([C:9]([C:8]1([H:18])[H:19])([H:20])[H:21])([H:11])[C:2](=[O:1])[O:3][H:10])([H:12])[H:13])([H:14])[H:15])[H:17],,
14,-0.00284265556837454,RESP2,hf/6-31g*,1.0,0.75,H,resp2,15,[H:16][C:7]1([C:6]([C:5]([C:4]([C:9]([C:8]1([H:18])[H:19])([H:20])[H:21])([H:11])[C:2](=[O:1])[O:3][H:10])([H:12])[H:13])([H:14])[H:15])[H:17],,
15,-0.01376380937814185,RESP2,hf/6-31g*,1.0,0.75,H,resp2,16,[H:16][C:7]1([C:6]([C:5]([C:4]([C:9]([C:8]1([H:18])[H:19])([H:20])[H:21])([H:11])[C:2](=[O:1])[O:3][H:10])([H:12])[H:13])([H:14])[H:15])[H:17],,
16,-0.010250232393627032,RESP2,hf/6-31g*,1.0,0.75,H,resp2,17,[H:16][C:7]1([C:6]([C:5]([C:4]([C:9]([C:8]1([H:18])[H:19])([H:20])[H:21])([H:11])[C:2](=[O:1])[O:3][H:10])([H:12])[H:13])([H:14])[H:15])[H:17],,
17,-0.004567392287836112,RESP2,hf/6-31g*,1.0,0.75,H,resp2,18,[H:16][C:7]1([C:6]([C:5]([C:4]([C:9]([C:8]1([H:18])[H:19])([H:20])[H:21])([H:11])[C:2](=[O:1])[O:3][H:10])([H:12])[H:13])([H:14])[H:15])[H:17],,
18,-0.0079986317376302,RESP2,hf/6-31g*,1.0,0.75,H,resp2,19,[H:16][C:7]1([C:6]([C:5]([C:4]([C:9]([C:8]1([H:18])[H:19])([H:20])[H:21])([H:11])[C:2](=[O:1])[O:3][H:10])([H:12])[H:13])([H:14])[H:15])[H:17],,
19,0.0007312819365606368,RESP2,hf/6-31g*,1.0,0.75,H,resp2,20,[H:16][C:7]1([C:6]([C:5]([C:4]([C:9]([C:8]1([H:18])[H:19])([H:20])[H:21])([H:11])[C:2](=[O:1])[O:3][H:10])([H:12])[H:13])([H:14])[H:15])[H:17],,
20,0.0028637442801628687,RESP2,hf/6-31g*,1.0,0.75,H,resp2,21,[H:16][C:7]1([C:6]([C:5]([C:4]([C:9]([C:8]1([H:18])[H:19])([H:20])[H:21])([H:11])[C:2](=[O:1])[O:3][H:10])([H:12])[H:13])([H:14])[H:15])[H:17],,
0,-0.6447597695041698,RESP2,hf/6-31g*,1.0,0.8,O,resp2,1,[H:16][C:7]1([C:6]([C:5]([C:4]([C:9]([C:8]1([H:18])[H:19])([H:20])[H:21])([H:11])[C:2](=[O:1])[O:3][H:10])([H:12])[H:13])([H:14])[H:15])[H:17],,
1,0.7274550770182965,RESP2,hf/6-31g*,1.0,0.8,C,resp2,2,[H:16][C:7]1([C:6]([C:5]([C:4]([C:9]([C:8]1([H:18])[H:19])([H:20])[H:21])([H:11])[C:2](=[O:1])[O:3][H:10])([H:12])[H:13])([H:14])[H:15])[H:17],,
2,-0.6727391392413956,RESP2,hf/6-31g*,1.0,0.8,O,resp2,3,[H:16][C:7]1([C:6]([C:5]([C:4]([C:9]([C:8]1([H:18])[H:19])([H:20])[H:21])([H:11])[C:2](=[O:1])[O:3][H:10])([H:12])[H:13])([H:14])[H:15])[H:17],,
3,0.043363839321407256,RESP2,hf/6-31g*,1.0,0.8,C,resp2,4,[H:16][C:7]1([C:6]([C:5]([C:4]([C:9]([C:8]1([H:18])[H:19])([H:20])[H:21])([H:11])[C:2](=[O:1])[O:3][H:10])([H:12])[H:13])([H:14])[H:15])[H:17],,
4,0.0010481428254570035,RESP2,hf/6-31g*,1.0,0.8,C,resp2,5,[H:16][C:7]1([C:6]([C:5]([C:4]([C:9]([C:8]1([H:18])[H:19])([H:20])[H:21])([H:11])[C:2](=[O:1])[O:3][H:10])([H:12])[H:13])([H:14])[H:15])[H:17],,
5,0.009505421313726671,RESP2,hf/6-31g*,1.0,0.8,C,resp2,6,[H:16][C:7]1([C:6]([C:5]([C:4]([C:9]([C:8]1([H:18])[H:19])([H:20])[H:21])([H:11])[C:2](=[O:1])[O:3][H:10])([H:12])[H:13])([H:14])[H:15])[H:17],,
6,0.042396797885715196,RESP2,hf/6-31g*,1.0,0.8,C,resp2,7,[H:16][C:7]1([C:6]([C:5]([C:4]([C:9]([C:8]1([H:18])[H:19])([H:20])[H:21])([H:11])[C:2](=[O:1])[O:3][H:10])([H:12])[H:13])([H:14])[H:15])[H:17],,
7,0.01562164950307124,RESP2,hf/6-31g*,1.0,0.8,C,resp2,8,[H:16][C:7]1([C:6]([C:5]([C:4]([C:9]([C:8]1([H:18])[H:19])([H:20])[H:21])([H:11])[C:2](=[O:1])[O:3][H:10])([H:12])[H:13])([H:14])[H:15])[H:17],,
8,0.00916012460481487,RESP2,hf/6-31g*,1.0,0.8,C,resp2,9,[H:16][C:7]1([C:6]([C:5]([C:4]([C:9]([C:8]1([H:18])[H:19])([H:20])[H:21])([H:11])[C:2](=[O:1])[O:3][H:10])([H:12])[H:13])([H:14])[H:15])[H:17],,
9,0.4848874041545204,RESP2,hf/6-31g*,1.0,0.8,H,resp2,10,[H:16][C:7]1([C:6]([C:5]([C:4]([C:9]([C:8]1([H:18])[H:19])([H:20])[H:21])([H:11])[C:2](=[O:1])[O:3][H:10])([H:12])[H:13])([H:14])[H:15])[H:17],,
10,0.014530644358700764,RESP2,hf/6-31g*,1.0,0.8,H,resp2,11,[H:16][C:7]1([C:6]([C:5]([C:4]([C:9]([C:8]1([H:18])[H:19])([H:20])[H:21])([H:11])[C:2](=[O:1])[O:3][H:10])([H:12])[H:13])([H:14])[H:15])[H:17],,
11,0.0051592749633110275,RESP2,hf/6-31g*,1.0,0.8,H,resp2,12,[H:16][C:7]1([C:6]([C:5]([C:4]([C:9]([C:8]1([H:18])[H:19])([H:20])[H:21])([H:11])[C:2](=[O:1])[O:3][H:10])([H:12])[H:13])([H:14])[H:15])[H:17],,
12,0.0034140836384445217,RESP2,hf/6-31g*,1.0,0.8,H,resp2,13,[H:16][C:7]1([C:6]([C:5]([C:4]([C:9]([C:8]1([H:18])[H:19])([H:20])[H:21])([H:11])[C:2](=[O:1])[O:3][H:10])([H:12])[H:13])([H:14])[H:15])[H:17],,
13,-0.0025915015050957386,RESP2,hf/6-31g*,1.0,0.8,H,resp2,14,[H:16][C:7]1([C:6]([C:5]([C:4]([C:9]([C:8]1([H:18])[H:19])([H:20])[H:21])([H:11])[C:2](=[O:1])[O:3][H:10])([H:12])[H:13])([H:14])[H:15])[H:17],,
14,-0.00314465654481712,RESP2,hf/6-31g*,1.0,0.8,H,resp2,15,[H:16][C:7]1([C:6]([C:5]([C:4]([C:9]([C:8]1([H:18])[H:19])([H:20])[H:21])([H:11])[C:2](=[O:1])[O:3][H:10])([H:12])[H:13])([H:14])[H:15])[H:17],,
15,-0.014425099915223307,RESP2,hf/6-31g*,1.0,0.8,H,resp2,16,[H:16][C:7]1([C:6]([C:5]([C:4]([C:9]([C:8]1([H:18])[H:19])([H:20])[H:21])([H:11])[C:2](=[O:1])[O:3][H:10])([H:12])[H:13])([H:14])[H:15])[H:17],,
16,-0.010934012586071962,RESP2,hf/6-31g*,1.0,0.8,H,resp2,17,[H:16][C:7]1([C:6]([C:5]([C:4]([C:9]([C:8]1([H:18])[H:19])([H:20])[H:21])([H:11])[C:2](=[O:1])[O:3][H:10])([H:12])[H:13])([H:14])[H:15])[H:17],,
17,-0.003980337424040765,RESP2,hf/6-31g*,1.0,0.8,H,resp2,18,[H:16][C:7]1([C:6]([C:5]([C:4]([C:9]([C:8]1([H:18])[H:19])([H:20])[H:21])([H:11])[C:2](=[O:1])[O:3][H:10])([H:12])[H:13])([H:14])[H:15])[H:17],,
18,-0.007448651934672081,RESP2,hf/6-31g*,1.0,0.8,H,resp2,19,[H:16][C:7]1([C:6]([C:5]([C:4]([C:9]([C:8]1([H:18])[H:19])([H:20])[H:21])([H:11])[C:2](=[O:1])[O:3][H:10])([H:12])[H:13])([H:14])[H:15])[H:17],,
19,0.0006045640761422462,RESP2,hf/6-31g*,1.0,0.8,H,resp2,20,[H:16][C:7]1([C:6]([C:5]([C:4]([C:9]([C:8]1([H:18])[H:19])([H:20])[H:21])([H:11])[C:2](=[O:1])[O:3][H:10])([H:12])[H:13])([H:14])[H:15])[H:17],,
20,0.0028761449918786523,RESP2,hf/6-31g*,1.0,0.8,H,resp2,21,[H:16][C:7]1([C:6]([C:5]([C:4]([C:9]([C:8]1([H:18])[H:19])([H:20])[H:21])([H:11])[C:2](=[O:1])[O:3][H:10])([H:12])[H:13])([H:14])[H:15])[H:17],,
0,-0.6482247583610617,RESP2,hf/6-31g*,1.0,0.8500000000000001,O,resp2,1,[H:16][C:7]1([C:6]([C:5]([C:4]([C:9]([C:8]1([H:18])[H:19])([H:20])[H:21])([H:11])[C:2](=[O:1])[O:3][H:10])([H:12])[H:13])([H:14])[H:15])[H:17],,
1,0.7299046810723203,RESP2,hf/6-31g*,1.0,0.8500000000000001,C,resp2,2,[H:16][C:7]1([C:6]([C:5]([C:4]([C:9]([C:8]1([H:18])[H:19])([H:20])[H:21])([H:11])[C:2](=[O:1])[O:3][H:10])([H:12])[H:13])([H:14])[H:15])[H:17],,
2,-0.6741752680932919,RESP2,hf/6-31g*,1.0,0.8500000000000001,O,resp2,3,[H:16][C:7]1([C:6]([C:5]([C:4]([C:9]([C:8]1([H:18])[H:19])([H:20])[H:21])([H:11])[C:2](=[O:1])[O:3][H:10])([H:12])[H:13])([H:14])[H:15])[H:17],,
3,0.041526152150582606,RESP2,hf/6-31g*,1.0,0.8500000000000001,C,resp2,4,[H:16][C:7]1([C:6]([C:5]([C:4]([C:9]([C:8]1([H:18])[H:19])([H:20])[H:21])([H:11])[C:2](=[O:1])[O:3][H:10])([H:12])[H:13])([H:14])[H:15])[H:17],,
4,0.001575448131726165,RESP2,hf/6-31g*,1.0,0.8500000000000001,C,resp2,5,[H:16][C:7]1([C:6]([C:5]([C:4]([C:9]([C:8]1([H:18])[H:19])([H:20])[H:21])([H:11])[C:2](=[O:1])[O:3][H:10])([H:12])[H:13])([H:14])[H:15])[H:17],,
5,0.009679818564391917,RESP2,hf/6-31g*,1.0,0.8500000000000001,C,resp2,6,[H:16][C:7]1([C:6]([C:5]([C:4]([C:9]([C:8]1([H:18])[H:19])([H:20])[H:21])([H:11])[C:2](=[O:1])[O:3][H:10])([H:12])[H:13])([H:14])[H:15])[H:17],,
6,0.04512292082125208,RESP2,hf/6-31g*,1.0,0.8500000000000001,C,resp2,7,[H:16][C:7]1([C:6]([C:5]([C:4]([C:9]([C:8]1([H:18])[H:19])([H:20])[H:21])([H:11])[C:2](=[O:1])[O:3][H:10])([H:12])[H:13])([H:14])[H:15])[H:17],,
7,0.013313788783773865,RESP2,hf/6-31g*,1.0,0.8500000000000001,C,resp2,8,[H:16][C:7]1([C:6]([C:5]([C:4]([C:9]([C:8]1([H:18])[H:19])([H:20])[H:21])([H:11])[C:2](=[O:1])[O:3][H:10])([H:12])[H:13])([H:14])[H:15])[H:17],,
8,0.010130907063110225,RESP2,hf/6-31g*,1.0,0.8500000000000001,C,resp2,9,[H:16][C:7]1([C:6]([C:5]([C:4]([C:9]([C:8]1([H:18])[H:19])([H:20])[H:21])([H:11])[C:2](=[O:1])[O:3][H:10])([H:12])[H:13])([H:14])[H:15])[H:17],,
9,0.48667778840459075,RESP2,hf/6-31g*,1.0,0.8500000000000001,H,resp2,10,[H:16][C:7]1([C:6]([C:5]([C:4]([C:9]([C:8]1([H:18])[H:19])([H:20])[H:21])([H:11])[C:2](=[O:1])[O:3][H:10])([H:12])[H:13])([H:14])[H:15])[H:17],,
10,0.015709633297058843,RESP2,hf/6-31g*,1.0,0.8500000000000001,H,resp2,11,[H:16][C:7]1([C:6]([C:5]([C:4]([C:9]([C:8]1([H:18])[H:19])([H:20])[H:21])([H:11])[C:2](=[O:1])[O:3][H:10])([H:12])[H:13])([H:14])[H:15])[H:17],,
11,0.004994195274628174,RESP2,hf/6-31g*,1.0,0.8500000000000001,H,resp2,12,[H:16][C:7]1([C:6]([C:5]([C:4]([C:9]([C:8]1([H:18])[H:19])([H:20])[H:21])([H:11])[C:2](=[O:1])[O:3][H:10])([H:12])[H:13])([H:14])[H:15])[H:17],,
12,0.0036280680854882228,RESP2,hf/6-31g*,1.0,0.8500000000000001,H,resp2,13,[H:16][C:7]1([C:6]([C:5]([C:4]([C:9]([C:8]1([H:18])[H:19])([H:20])[H:21])([H:11])[C:2](=[O:1])[O:3][H:10])([H:12])[H:13])([H:14])[H:15])[H:17],,
13,-0.002786971669846898,RESP2,hf/6-31g*,1.0,0.8500000000000001,H,resp2,14,[H:16][C:7]1([C:6]([C:5]([C:4]([C:9]([C:8]1([H:18])[H:19])([H:20])[H:21])([H:11])[C:2](=[O:1])[O:3][H:10])([H:12])[H:13])([H:14])[H:15])[H:17],,
14,-0.003446657521259712,RESP2,hf/6-31g*,1.0,0.8500000000000001,H,resp2,15,[H:16][C:7]1([C:6]([C:5]([C:4]([C:9]([C:8]1([H:18])[H:19])([H:20])[H:21])([H:11])[C:2](=[O:1])[O:3][H:10])([H:12])[H:13])([H:14])[H:15])[H:17],,
15,-0.015086390452304777,RESP2,hf/6-31g*,1.0,0.8500000000000001,H,resp2,16,[H:16][C:7]1([C:6]([C:5]([C:4]([C:9]([C:8]1([H:18])[H:19])([H:20])[H:21])([H:11])[C:2](=[O:1])[O:3][H:10])([H:12])[H:13])([H:14])[H:15])[H:17],,
16,-0.011617792778516906,RESP2,hf/6-31g*,1.0,0.8500000000000001,H,resp2,17,[H:16][C:7]1([C:6]([C:5]([C:4]([C:9]([C:8]1([H:18])[H:19])([H:20])[H:21])([H:11])[C:2](=[O:1])[O:3][H:10])([H:12])[H:13])([H:14])[H:15])[H:17],,
17,-0.003393282560245431,RESP2,hf/6-31g*,1.0,0.8500000000000001,H,resp2,18,[H:16][C:7]1([C:6]([C:5]([C:4]([C:9]([C:8]1([H:18])[H:19])([H:20])[H:21])([H:11])[C:2](=[O:1])[O:3][H:10])([H:12])[H:13])([H:14])[H:15])[H:17],,
18,-0.006898672131713973,RESP2,hf/6-31g*,1.0,0.8500000000000001,H,resp2,19,[H:16][C:7]1([C:6]([C:5]([C:4]([C:9]([C:8]1([H:18])[H:19])([H:20])[H:21])([H:11])[C:2](=[O:1])[O:3][H:10])([H:12])[H:13])([H:14])[H:15])[H:17],,
19,0.0004778462157238424,RESP2,hf/6-31g*,1.0,0.8500000000000001,H,resp2,20,[H:16][C:7]1([C:6]([C:5]([C:4]([C:9]([C:8]1([H:18])[H:19])([H:20])[H:21])([H:11])[C:2](=[O:1])[O:3][H:10])([H:12])[H:13])([H:14])[H:15])[H:17],,
20,0.0028885457035944234,RESP2,hf/6-31g*,1.0,0.8500000000000001,H,resp2,21,[H:16][C:7]1([C:6]([C:5]([C:4]([C:9]([C:8]1([H:18])[H:19])([H:20])[H:21])([H:11])[C:2](=[O:1])[O:3][H:10])([H:12])[H:13])([H:14])[H:15])[H:17],,
0,-0.6516897472179538,RESP2,hf/6-31g*,1.0,0.9,O,resp2,1,[H:16][C:7]1([C:6]([C:5]([C:4]([C:9]([C:8]1([H:18])[H:19])([H:20])[H:21])([H:11])[C:2](=[O:1])[O:3][H:10])([H:12])[H:13])([H:14])[H:15])[H:17],,
1,0.732354285126344,RESP2,hf/6-31g*,1.0,0.9,C,resp2,2,[H:16][C:7]1([C:6]([C:5]([C:4]([C:9]([C:8]1([H:18])[H:19])([H:20])[H:21])([H:11])[C:2](=[O:1])[O:3][H:10])([H:12])[H:13])([H:14])[H:15])[H:17],,
2,-0.6756113969451881,RESP2,hf/6-31g*,1.0,0.9,O,resp2,3,[H:16][C:7]1([C:6]([C:5]([C:4]([C:9]([C:8]1([H:18])[H:19])([H:20])[H:21])([H:11])[C:2](=[O:1])[O:3][H:10])([H:12])[H:13])([H:14])[H:15])[H:17],,
3,0.03968846497975798,RESP2,hf/6-31g*,1.0,0.9,C,resp2,4,[H:16][C:7]1([C:6]([C:5]([C:4]([C:9]([C:8]1([H:18])[H:19])([H:20])[H:21])([H:11])[C:2](=[O:1])[O:3][H:10])([H:12])[H:13])([H:14])[H:15])[H:17],,
4,0.0021027534379953385,RESP2,hf/6-31g*,1.0,0.9,C,resp2,5,[H:16][C:7]1([C:6]([C:5]([C:4]([C:9]([C:8]1([H:18])[H:19])([H:20])[H:21])([H:11])[C:2](=[O:1])[O:3][H:10])([H:12])[H:13])([H:14])[H:15])[H:17],,
5,0.009854215815057176,RESP2,hf/6-31g*,1.0,0.9,C,resp2,6,[H:16][C:7]1([C:6]([C:5]([C:4]([C:9]([C:8]1([H:18])[H:19])([H:20])[H:21])([H:11])[C:2](=[O:1])[O:3][H:10])([H:12])[H:13])([H:14])[H:15])[H:17],,
6,0.04784904375678897,RESP2,hf/6-31g*,1.0,0.9,C,resp2,7,[H:16][C:7]1([C:6]([C:5]([C:4]([C:9]([C:8]1([H:18])[H:19])([H:20])[H:21])([H:11])[C:2](=[O:1])[O:3][H:10])([H:12])[H:13])([H:14])[H:15])[H:17],,
7,0.011005928064476506,RESP2,hf/6-31g*,1.0,0.9,C,resp2,8,[H:16][C:7]1([C:6]([C:5]([C:4]([C:9]([C:8]1([H:18])[H:19])([H:20])[H:21])([H:11])[C:2](=[O:1])[O:3][H:10])([H:12])[H:13])([H:14])[H:15])[H:17],,
8,0.011101689521405592,RESP2,hf/6-31g*,1.0,0.9,C,resp2,9,[H:16][C:7]1([C:6]([C:5]([C:4]([C:9]([C:8]1([H:18])[H:19])([H:20])[H:21])([H:11])[C:2](=[O:1])[O:3][H:10])([H:12])[H:13])([H:14])[H:15])[H:17],,
9,0.488468172654661,RESP2,hf/6-31g*,1.0,0.9,H,resp2,10,[H:16][C:7]1([C:6]([C:5]([C:4]([C:9]([C:8]1([H:18])[H:19])([H:20])[H:21])([H:11])[C:2](=[O:1])[O:3][H:10])([H:12])[H:13])([H:14])[H:15])[H:17],,
10,0.01688862223541694,RESP2,hf/6-31g*,1.0,0.9,H,resp2,11,[H:16][C:7]1([C:6]([C:5]([C:4]([C:9]([C:8]1([H:18])[H:19])([H:20])[H:21])([H:11])[C:2](=[O:1])[O:3][H:10])([H:12])[H:13])([H:14])[H:15])[H:17],,
11,0.004829115585945334,RESP2,hf/6-31g*,1.0,0.9,H,resp2,12,[H:16][C:7]1([C:6]([C:5]([C:4]([C:9]([C:8]1([H:18])[H:19])([H:20])[H:21])([H:11])[C:2](=[O:1])[O:3][H:10])([H:12])[H:13])([H:14])[H:15])[H:17],,
12,0.0038420525325319364,RESP2,hf/6-31g*,1.0,0.9,H,resp2,13,[H:16][C:7]1([C:6]([C:5]([C:4]([C:9]([C:8]1([H:18])[H:19])([H:20])[H:21])([H:11])[C:2](=[O:1])[O:3][H:10])([H:12])[H:13])([H:14])[H:15])[H:17],,
13,-0.0029824418345980445,RESP2,hf/6-31g*,1.0,0.9,H,resp2,14,[H:16][C:7]1([C:6]([C:5]([C:4]([C:9]([C:8]1([H:18])[H:19])([H:20])[H:21])([H:11])[C:2](=[O:1])[O:3][H:10])([H:12])[H:13])([H:14])[H:15])[H:17],,
14,-0.0037486584977022915,RESP2,hf/6-31g*,1.0,0.9,H,resp2,15,[H:16][C:7]1([C:6]([C:5]([C:4]([C:9]([C:8]1([H:18])[H:19])([H:20])[H:21])([H:11])[C:2](=[O:1])[O:3][H:10])([H:12])[H:13])([H:14])[H:15])[H:17],,
15,-0.015747680989386236,RESP2,hf/6-31g*,1.0,0.9,H,resp2,16,[H:16][C:7]1([C:6]([C:5]([C:4]([C:9]([C:8]1([H:18])[H:19])([H:20])[H:21])([H:11])[C:2](=[O:1])[O:3][H:10])([H:12])[H:13])([H:14])[H:15])[H:17],,
16,-0.012301572970961832,RESP2,hf/6-31g*,1.0,0.9,H,resp2,17,[H:16][C:7]1([C:6]([C:5]([C:4]([C:9]([C:8]1([H:18])[H:19])([H:20])[H:21])([H:11])[C:2](=[O:1])[O:3][H:10])([H:12])[H:13])([H:14])[H:15])[H:17],,
17,-0.002806227696450085,RESP2,hf/6-31g*,1.0,0.9,H,resp2,18,[H:16][C:7]1([C:6]([C:5]([C:4]([C:9]([C:8]1([H:18])[H:19])([H:20])[H:21])([H:11])[C:2](=[O:1])[O:3][H:10])([H:12])[H:13])([H:14])[H:15])[H:17],,
18,-0.006348692328755853,RESP2,hf/6-31g*,1.0,0.9,H,resp2,19,[H:16][C:7]1([C:6]([C:5]([C:4]([C:9]([C:8]1([H:18])[H:19])([H:20])[H:21])([H:11])[C:2](=[O:1])[O:3][H:10])([H:12])[H:13])([H:14])[H:15])[H:17],,
19,0.0003511283553054516,RESP2,hf/6-31g*,1.0,0.9,H,resp2,20,[H:16][C:7]1([C:6]([C:5]([C:4]([C:9]([C:8]1([H:18])[H:19])([H:20])[H:21])([H:11])[C:2](=[O:1])[O:3][H:10])([H:12])[H:13])([H:14])[H:15])[H:17],,
20,0.002900946415310207,RESP2,hf/6-31g*,1.0,0.9,H,resp2,21,[H:16][C:7]1([C:6]([C:5]([C:4]([C:9]([C:8]1([H:18])[H:19])([H:20])[H:21])([H:11])[C:2](=[O:1])[O:3][H:10])([H:12])[H:13])([H:14])[H:15])[H:17],,
0,-0.655154736074846,RESP2,hf/6-31g*,1.0,0.9500000000000001,O,resp2,1,[H:16][C:7]1([C:6]([C:5]([C:4]([C:9]([C:8]1([H:18])[H:19])([H:20])[H:21])([H:11])[C:2](=[O:1])[O:3][H:10])([H:12])[H:13])([H:14])[H:15])[H:17],,
1,0.7348038891803677,RESP2,hf/6-31g*,1.0,0.9500000000000001,C,resp2,2,[H:16][C:7]1([C:6]([C:5]([C:4]([C:9]([C:8]1([H:18])[H:19])([H:20])[H:21])([H:11])[C:2](=[O:1])[O:3][H:10])([H:12])[H:13])([H:14])[H:15])[H:17],,
2,-0.6770475257970846,RESP2,hf/6-31g*,1.0,0.9500000000000001,O,resp2,3,[H:16][C:7]1([C:6]([C:5]([C:4]([C:9]([C:8]1([H:18])[H:19])([H:20])[H:21])([H:11])[C:2](=[O:1])[O:3][H:10])([H:12])[H:13])([H:14])[H:15])[H:17],,
3,0.03785077780893334,RESP2,hf/6-31g*,1.0,0.9500000000000001,C,resp2,4,[H:16][C:7]1([C:6]([C:5]([C:4]([C:9]([C:8]1([H:18])[H:19])([H:20])[H:21])([H:11])[C:2](=[O:1])[O:3][H:10])([H:12])[H:13])([H:14])[H:15])[H:17],,
4,0.0026300587442645053,RESP2,hf/6-31g*,1.0,0.9500000000000001,C,resp2,5,[H:16][C:7]1([C:6]([C:5]([C:4]([C:9]([C:8]1([H:18])[H:19])([H:20])[H:21])([H:11])[C:2](=[O:1])[O:3][H:10])([H:12])[H:13])([H:14])[H:15])[H:17],,
5,0.010028613065722426,RESP2,hf/6-31g*,1.0,0.9500000000000001,C,resp2,6,[H:16][C:7]1([C:6]([C:5]([C:4]([C:9]([C:8]1([H:18])[H:19])([H:20])[H:21])([H:11])[C:2](=[O:1])[O:3][H:10])([H:12])[H:13])([H:14])[H:15])[H:17],,
6,0.05057516669232586,RESP2,hf/6-31g*,1.0,0.9500000000000001,C,resp2,7,[H:16][C:7]1([C:6]([C:5]([C:4]([C:9]([C:8]1([H:18])[H:19])([H:20])[H:21])([H:11])[C:2](=[O:1])[O:3][H:10])([H:12])[H:13])([H:14])[H:15])[H:17],,
7,0.008698067345179134,RESP2,hf/6-31g*,1.0,0.9500000000000001,C,resp2,8,[H:16][C:7]1([C:6]([C:5]([C:4]([C:9]([C:8]1([H:18])[H:19])([H:20])[H:21])([H:11])[C:2](=[O:1])[O:3][H:10])([H:12])[H:13])([H:14])[H:15])[H:17],,
8,0.01207247197970095,RESP2,hf/6-31g*,1.0,0.9500000000000001,C,resp2,9,[H:16][C:7]1([C:6]([C:5]([C:4]([C:9]([C:8]1([H:18])[H:19])([H:20])[H:21])([H:11])[C:2](=[O:1])[O:3][H:10])([H:12])[H:13])([H:14])[H:15])[H:17],,
9,0.4902585569047314,RESP2,hf/6-31g*,1.0,0.9500000000000001,H,resp2,10,[H:16][C:7]1([C:6]([C:5]([C:4]([C:9]([C:8]1([H:18])[H:19])([H:20])[H:21])([H:11])[C:2](=[O:1])[O:3][H:10])([H:12])[H:13])([H:14])[H:15])[H:17],,
10,0.018067611173775026,RESP2,hf/6-31g*,1.0,0.9500000000000001,H,resp2,11,[H:16][C:7]1([C:6]([C:5]([C:4]([C:9]([C:8]1([H:18])[H:19])([H:20])[H:21])([H:11])[C:2](=[O:1])[O:3][H:10])([H:12])[H:13])([H:14])[H:15])[H:17],,
11,0.004664035897262487,RESP2,hf/6-31g*,1.0,0.9500000000000001,H,resp2,12,[H:16][C:7]1([C:6]([C:5]([C:4]([C:9]([C:8]1([H:18])[H:19])([H:20])[H:21])([H:11])[C:2](=[O:1])[O:3][H:10])([H:12])[H:13])([H:14])[H:15])[H:17],,
12,0.004056036979575643,RESP2,hf/6-31g*,1.0,0.9500000000000001,H,resp2,13,[H:16][C:7]1([C:6]([C:5]([C:4]([C:9]([C:8]1([H:18])[H:19])([H:20])[H:21])([H:11])[C:2](=[O:1])[O:3][H:10])([H:12])[H:13])([H:14])[H:15])[H:17],,
13,-0.0031779119993491987,RESP2,hf/6-31g*,1.0,0.9500000000000001,H,resp2,14,[H:16][C:7]1([C:6]([C:5]([C:4]([C:9]([C:8]1([H:18])[H:19])([H:20])[H:21])([H:11])[C:2](=[O:1])[O:3][H:10])([H:12])[H:13])([H:14])[H:15])[H:17],,
14,-0.004050659474144878,RESP2,hf/6-31g*,1.0,0.9500000000000001,H,resp2,15,[H:16][C:7]1([C:6]([C:5]([C:4]([C:9]([C:8]1([H:18])[H:19])([H:20])[H:21])([H:11])[C:2](=[O:1])[O:3][H:10])([H:12])[H:13])([H:14])[H:15])[H:17],,
15,-0.016408971526467697,RESP2,hf/6-31g*,1.0,0.9500000000000001,H,resp2,16,[H:16][C:7]1([C:6]([C:5]([C:4]([C:9]([C:8]1([H:18])[H:19])([H:20])[H:21])([H:11])[C:2](=[O:1])[O:3][H:10])([H:12])[H:13])([H:14])[H:15])[H:17],,
16,-0.01298535316340677,RESP2,hf/6-31g*,1.0,0.9500000000000001,H,resp2,17,[H:16][C:7]1([C:6]([C:5]([C:4]([C:9]([C:8]1([H:18])[H:19])([H:20])[H:21])([H:11])[C:2](=[O:1])[O:3][H:10])([H:12])[H:13])([H:14])[H:15])[H:17],,
17,-0.002219172832654746,RESP2,hf/6-31g*,1.0,0.9500000000000001,H,resp2,18,[H:16][C:7]1([C:6]([C:5]([C:4]([C:9]([C:8]1([H:18])[H:19])([H:20])[H:21])([H:11])[C:2](=[O:1])[O:3][H:10])([H:12])[H:13])([H:14])[H:15])[H:17],,
18,-0.00579871252579774,RESP2,hf/6-31g*,1.0,0.9500000000000001,H,resp2,19,[H:16][C:7]1([C:6]([C:5]([C:4]([C:9]([C:8]1([H:18])[H:19])([H:20])[H:21])([H:11])[C:2](=[O:1])[O:3][H:10])([H:12])[H:13])([H:14])[H:15])[H:17],,
19,0.00022441049488705354,RESP2,hf/6-31g*,1.0,0.9500000000000001,H,resp2,20,[H:16][C:7]1([C:6]([C:5]([C:4]([C:9]([C:8]1([H:18])[H:19])([H:20])[H:21])([H:11])[C:2](=[O:1])[O:3][H:10])([H:12])[H:13])([H:14])[H:15])[H:17],,
20,0.002913347127025983,RESP2,hf/6-31g*,1.0,0.9500000000000001,H,resp2,21,[H:16][C:7]1([C:6]([C:5]([C:4]([C:9]([C:8]1([H:18])[H:19])([H:20])[H:21])([H:11])[C:2](=[O:1])[O:3][H:10])([H:12])[H:13])([H:14])[H:15])[H:17],,
0,-0.6586197249317379,RESP2,hf/6-31g*,1.0,1.0,O,resp2,1,[H:16][C:7]1([C:6]([C:5]([C:4]([C:9]([C:8]1([H:18])[H:19])([H:20])[H:21])([H:11])[C:2](=[O:1])[O:3][H:10])([H:12])[H:13])([H:14])[H:15])[H:17],,
1,0.7372534932343915,RESP2,hf/6-31g*,1.0,1.0,C,resp2,2,[H:16][C:7]1([C:6]([C:5]([C:4]([C:9]([C:8]1([H:18])[H:19])([H:20])[H:21])([H:11])[C:2](=[O:1])[O:3][H:10])([H:12])[H:13])([H:14])[H:15])[H:17],,
2,-0.6784836546489809,RESP2,hf/6-31g*,1.0,1.0,O,resp2,3,[H:16][C:7]1([C:6]([C:5]([C:4]([C:9]([C:8]1([H:18])[H:19])([H:20])[H:21])([H:11])[C:2](=[O:1])[O:3][H:10])([H:12])[H:13])([H:14])[H:15])[H:17],,
3,0.03601309063810869,RESP2,hf/6-31g*,1.0,1.0,C,resp2,4,[H:16][C:7]1([C:6]([C:5]([C:4]([C:9]([C:8]1([H:18])[H:19])([H:20])[H:21])([H:11])[C:2](=[O:1])[O:3][H:10])([H:12])[H:13])([H:14])[H:15])[H:17],,
4,0.0031573640505336655,RESP2,hf/6-31g*,1.0,1.0,C,resp2,5,[H:16][C:7]1([C:6]([C:5]([C:4]([C:9]([C:8]1([H:18])[H:19])([H:20])[H:21])([H:11])[C:2](=[O:1])[O:3][H:10])([H:12])[H:13])([H:14])[H:15])[H:17],,
5,0.010203010316387671,RESP2,hf/6-31g*,1.0,1.0,C,resp2,6,[H:16][C:7]1([C:6]([C:5]([C:4]([C:9]([C:8]1([H:18])[H:19])([H:20])[H:21])([H:11])[C:2](=[O:1])[O:3][H:10])([H:12])[H:13])([H:14])[H:15])[H:17],,
6,0.05330128962786274,RESP2,hf/6-31g*,1.0,1.0,C,resp2,7,[H:16][C:7]1([C:6]([C:5]([C:4]([C:9]([C:8]1([H:18])[H:19])([H:20])[H:21])([H:11])[C:2](=[O:1])[O:3][H:10])([H:12])[H:13])([H:14])[H:15])[H:17],,
7,0.006390206625881763,RESP2,hf/6-31g*,1.0,1.0,C,resp2,8,[H:16][C:7]1([C:6]([C:5]([C:4]([C:9]([C:8]1([H:18])[H:19])([H:20])[H:21])([H:11])[C:2](=[O:1])[O:3][H:10])([H:12])[H:13])([H:14])[H:15])[H:17],,
8,0.013043254437996305,RESP2,hf/6-31g*,1.0,1.0,C,resp2,9,[H:16][C:7]1([C:6]([C:5]([C:4]([C:9]([C:8]1([H:18])[H:19])([H:20])[H:21])([H:11])[C:2](=[O:1])[O:3][H:10])([H:12])[H:13])([H:14])[H:15])[H:17],,
9,0.4920489411548017,RESP2,hf/6-31g*,1.0,1.0,H,resp2,10,[H:16][C:7]1([C:6]([C:5]([C:4]([C:9]([C:8]1([H:18])[H:19])([H:20])[H:21])([H:11])[C:2](=[O:1])[O:3][H:10])([H:12])[H:13])([H:14])[H:15])[H:17],,
10,0.019246600112133104,RESP2,hf/6-31g*,1.0,1.0,H,resp2,11,[H:16][C:7]1([C:6]([C:5]([C:4]([C:9]([C:8]1([H:18])[H:19])([H:20])[H:21])([H:11])[C:2](=[O:1])[O:3][H:10])([H:12])[H:13])([H:14])[H:15])[H:17],,
11,0.004498956208579634,RESP2,hf/6-31g*,1.0,1.0,H,resp2,12,[H:16][C:7]1([C:6]([C:5]([C:4]([C:9]([C:8]1([H:18])[H:19])([H:20])[H:21])([H:11])[C:2](=[O:1])[O:3][H:10])([H:12])[H:13])([H:14])[H:15])[H:17],,
12,0.004270021426619343,RESP2,hf/6-31g*,1.0,1.0,H,resp2,13,[H:16][C:7]1([C:6]([C:5]([C:4]([C:9]([C:8]1([H:18])[H:19])([H:20])[H:21])([H:11])[C:2](=[O:1])[O:3][H:10])([H:12])[H:13])([H:14])[H:15])[H:17],,
13,-0.0033733821641003586,RESP2,hf/6-31g*,1.0,1.0,H,resp2,14,[H:16][C:7]1([C:6]([C:5]([C:4]([C:9]([C:8]1([H:18])[H:19])([H:20])[H:21])([H:11])[C:2](=[O:1])[O:3][H:10])([H:12])[H:13])([H:14])[H:15])[H:17],,
14,-0.0043526604505874705,RESP2,hf/6-31g*,1.0,1.0,H,resp2,15,[H:16][C:7]1([C:6]([C:5]([C:4]([C:9]([C:8]1([H:18])[H:19])([H:20])[H:21])([H:11])[C:2](=[O:1])[O:3][H:10])([H:12])[H:13])([H:14])[H:15])[H:17],,
15,-0.01707026206354917,RESP2,hf/6-31g*,1.0,1.0,H,resp2,16,[H:16][C:7]1([C:6]([C:5]([C:4]([C:9]([C:8]1([H:18])[H:19])([H:20])[H:21])([H:11])[C:2](=[O:1])[O:3][H:10])([H:12])[H:13])([H:14])[H:15])[H:17],,
16,-0.013669133355851711,RESP2,hf/6-31g*,1.0,1.0,H,resp2,17,[H:16][C:7]1([C:6]([C:5]([C:4]([C:9]([C:8]1([H:18])[H:19])([H:20])[H:21])([H:11])[C:2](=[O:1])[O:3][H:10])([H:12])[H:13])([H:14])[H:15])[H:17],,
17,-0.0016321179688594135,RESP2,hf/6-31g*,1.0,1.0,H,resp2,18,[H:16][C:7]1([C:6]([C:5]([C:4]([C:9]([C:8]1([H:18])[H:19])([H:20])[H:21])([H:11])[C:2](=[O:1])[O:3][H:10])([H:12])[H:13])([H:14])[H:15])[H:17],,
18,-0.0052487327228396335,RESP2,hf/6-31g*,1.0,1.0,H,resp2,19,[H:16][C:7]1([C:6]([C:5]([C:4]([C:9]([C:8]1([H:18])[H:19])([H:20])[H:21])([H:11])[C:2](=[O:1])[O:3][H:10])([H:12])[H:13])([H:14])[H:15])[H:17],,
19,9.769263446864998e-05,RESP2,hf/6-31g*,1.0,1.0,H,resp2,20,[H:16][C:7]1([C:6]([C:5]([C:4]([C:9]([C:8]1([H:18])[H:19])([H:20])[H:21])([H:11])[C:2](=[O:1])[O:3][H:10])([H:12])[H:13])([H:14])[H:15])[H:17],,
20,0.0029257478387417534,RESP2,hf/6-31g*,1.0,1.0,H,resp2,21,[H:16][C:7]1([C:6]([C:5]([C:4]([C:9]([C:8]1([H:18])[H:19])([H:20])[H:21])([H:11])[C:2](=[O:1])[O:3][H:10])([H:12])[H:13])([H:14])[H:15])[H:17],,
0,-0.5893200199030136,RESP2,hf/6-31g*,,0.0,O,resp2,1,[H:16][C:7]1([C:6]([C:5]([C:4]([C:9]([C:8]1([H:18])[H:19])([H:20])[H:21])([H:11])[C:2](=[O:1])[O:3][H:10])([H:12])[H:13])([H:14])[H:15])[H:17],,
1,0.68826128412187,RESP2,hf/6-31g*,,0.0,C,resp2,2,[H:16][C:7]1([C:6]([C:5]([C:4]([C:9]([C:8]1([H:18])[H:19])([H:20])[H:21])([H:11])[C:2](=[O:1])[O:3][H:10])([H:12])[H:13])([H:14])[H:15])[H:17],,
2,-0.6497611230534536,RESP2,hf/6-31g*,,0.0,O,resp2,3,[H:16][C:7]1([C:6]([C:5]([C:4]([C:9]([C:8]1([H:18])[H:19])([H:20])[H:21])([H:11])[C:2](=[O:1])[O:3][H:10])([H:12])[H:13])([H:14])[H:15])[H:17],,
3,0.07276692200855947,RESP2,hf/6-31g*,,0.0,C,resp2,4,[H:16][C:7]1([C:6]([C:5]([C:4]([C:9]([C:8]1([H:18])[H:19])([H:20])[H:21])([H:11])[C:2](=[O:1])[O:3][H:10])([H:12])[H:13])([H:14])[H:15])[H:17],,
4,-0.007388098301793474,RESP2,hf/6-31g*,,0.0,C,resp2,5,[H:16][C:7]1([C:6]([C:5]([C:4]([C:9]([C:8]1([H:18])[H:19])([H:20])[H:21])([H:11])[C:2](=[O:1])[O:3][H:10])([H:12])[H:13])([H:14])[H:15])[H:17],,
5,0.006714899516159887,RESP2,hf/6-31g*,,0.0,C,resp2,6,[H:16][C:7]1([C:6]([C:5]([C:4]([C:9]([C:8]1([H:18])[H:19])([H:20])[H:21])([H:11])[C:2](=[O:1])[O:3][H:10])([H:12])[H:13])([H:14])[H:15])[H:17],,
6,-0.0012210296144448774,RESP2,hf/6-31g*,,0.0,C,resp2,7,[H:16][C:7]1([C:6]([C:5]([C:4]([C:9]([C:8]1([H:18])[H:19])([H:20])[H:21])([H:11])[C:2](=[O:1])[O:3][H:10])([H:12])[H:13])([H:14])[H:15])[H:17],,
7,0.05254704615408363,RESP2,hf/6-31g*,,0.0,C,resp2,8,[H:16][C:7]1([C:6]([C:5]([C:4]([C:9]([C:8]1([H:18])[H:19])([H:20])[H:21])([H:11])[C:2](=[O:1])[O:3][H:10])([H:12])[H:13])([H:14])[H:15])[H:17],,
8,-0.006372411243981881,RESP2,hf/6-31g*,,0.0,C,resp2,9,[H:16][C:7]1([C:6]([C:5]([C:4]([C:9]([C:8]1([H:18])[H:19])([H:20])[H:21])([H:11])[C:2](=[O:1])[O:3][H:10])([H:12])[H:13])([H:14])[H:15])[H:17],,
9,0.4562413229923678,RESP2,hf/6-31g*,,0.0,H,resp2,10,[H:16][C:7]1([C:6]([C:5]([C:4]([C:9]([C:8]1([H:18])[H:19])([H:20])[H:21])([H:11])[C:2](=[O:1])[O:3][H:10])([H:12])[H:13])([H:14])[H:15])[H:17],,
10,-0.004333223551252841,RESP2,hf/6-31g*,,0.0,H,resp2,11,[H:16][C:7]1([C:6]([C:5]([C:4]([C:9]([C:8]1([H:18])[H:19])([H:20])[H:21])([H:11])[C:2](=[O:1])[O:3][H:10])([H:12])[H:13])([H:14])[H:15])[H:17],,
11,0.007800437365972898,RESP2,hf/6-31g*,,0.0,H,resp2,12,[H:16][C:7]1([C:6]([C:5]([C:4]([C:9]([C:8]1([H:18])[H:19])([H:20])[H:21])([H:11])[C:2](=[O:1])[O:3][H:10])([H:12])[H:13])([H:14])[H:15])[H:17],,
12,-9.863397827126246e-06,RESP2,hf/6-31g*,,0.0,H,resp2,13,[H:16][C:7]1([C:6]([C:5]([C:4]([C:9]([C:8]1([H:18])[H:19])([H:20])[H:21])([H:11])[C:2](=[O:1])[O:3][H:10])([H:12])[H:13])([H:14])[H:15])[H:17],,
13,0.000536011655996959,RESP2,hf/6-31g*,,0.0,H,resp2,14,[H:16][C:7]1([C:6]([C:5]([C:4]([C:9]([C:8]1([H:18])[H:19])([H:20])[H:21])([H:11])[C:2](=[O:1])[O:3][H:10])([H:12])[H:13])([H:14])[H:15])[H:17],,
14,0.001687351489377547,RESP2,hf/6-31g*,,0.0,H,resp2,15,[H:16][C:7]1([C:6]([C:5]([C:4]([C:9]([C:8]1([H:18])[H:19])([H:20])[H:21])([H:11])[C:2](=[O:1])[O:3][H:10])([H:12])[H:13])([H:14])[H:15])[H:17],,
15,-0.0038444384898449224,RESP2,hf/6-31g*,,0.0,H,resp2,16,[H:16][C:7]1([C:6]([C:5]([C:4]([C:9]([C:8]1([H:18])[H:19])([H:20])[H:21])([H:11])[C:2](=[O:1])[O:3][H:10])([H:12])[H:13])([H:14])[H:15])[H:17],,
16,6.452498418051011e-06,RESP2,hf/6-31g*,,0.0,H,resp2,17,[H:16][C:7]1([C:6]([C:5]([C:4]([C:9]([C:8]1([H:18])[H:19])([H:20])[H:21])([H:11])[C:2](=[O:1])[O:3][H:10])([H:12])[H:13])([H:14])[H:15])[H:17],,
17,-0.013373140321064129,RESP2,hf/6-31g*,,0.0,H,resp2,18,[H:16][C:7]1([C:6]([C:5]([C:4]([C:9]([C:8]1([H:18])[H:19])([H:20])[H:21])([H:11])[C:2](=[O:1])[O:3][H:10])([H:12])[H:13])([H:14])[H:15])[H:17],,
18,-0.016248242301915735,RESP2,hf/6-31g*,,0.0,H,resp2,19,[H:16][C:7]1([C:6]([C:5]([C:4]([C:9]([C:8]1([H:18])[H:19])([H:20])[H:21])([H:11])[C:2](=[O:1])[O:3][H:10])([H:12])[H:13])([H:14])[H:15])[H:17],,
19,0.002632073425396599,RESP2,hf/6-31g*,,0.0,H,resp2,20,[H:16][C:7]1([C:6]([C:5]([C:4]([C:9]([C:8]1([H:18])[H:19])([H:20])[H:21])([H:11])[C:2](=[O:1])[O:3][H:10])([H:12])[H:13])([H:14])[H:15])[H:17],,
20,0.002677788950389217,RESP2,hf/6-31g*,,0.0,H,resp2,21,[H:16][C:7]1([C:6]([C:5]([C:4]([C:9]([C:8]1([H:18])[H:19])([H:20])[H:21])([H:11])[C:2](=[O:1])[O:3][H:10])([H:12])[H:13])([H:14])[H:15])[H:17],,
0,-0.5927850082607501,RESP2,hf/6-31g*,,0.05,O,resp2,1,[H:16][C:7]1([C:6]([C:5]([C:4]([C:9]([C:8]1([H:18])[H:19])([H:20])[H:21])([H:11])[C:2](=[O:1])[O:3][H:10])([H:12])[H:13])([H:14])[H:15])[H:17],,
1,0.6907108902181036,RESP2,hf/6-31g*,,0.05,C,resp2,2,[H:16][C:7]1([C:6]([C:5]([C:4]([C:9]([C:8]1([H:18])[H:19])([H:20])[H:21])([H:11])[C:2](=[O:1])[O:3][H:10])([H:12])[H:13])([H:14])[H:15])[H:17],,
2,-0.6511972512359612,RESP2,hf/6-31g*,,0.05,O,resp2,3,[H:16][C:7]1([C:6]([C:5]([C:4]([C:9]([C:8]1([H:18])[H:19])([H:20])[H:21])([H:11])[C:2](=[O:1])[O:3][H:10])([H:12])[H:13])([H:14])[H:15])[H:17],,
3,0.07092923690920092,RESP2,hf/6-31g*,,0.05,C,resp2,4,[H:16][C:7]1([C:6]([C:5]([C:4]([C:9]([C:8]1([H:18])[H:19])([H:20])[H:21])([H:11])[C:2](=[O:1])[O:3][H:10])([H:12])[H:13])([H:14])[H:15])[H:17],,
4,-0.006860804316510158,RESP2,hf/6-31g*,,0.05,C,resp2,5,[H:16][C:7]1([C:6]([C:5]([C:4]([C:9]([C:8]1([H:18])[H:19])([H:20])[H:21])([H:11])[C:2](=[O:1])[O:3][H:10])([H:12])[H:13])([H:14])[H:15])[H:17],,
5,0.0068892781296388105,RESP2,hf/6-31g*,,0.05,C,resp2,6,[H:16][C:7]1([C:6]([C:5]([C:4]([C:9]([C:8]1([H:18])[H:19])([H:20])[H:21])([H:11])[C:2](=[O:1])[O:3][H:10])([H:12])[H:13])([H:14])[H:15])[H:17],,
6,0.0015051039810746922,RESP2,hf/6-31g*,,0.05,C,resp2,7,[H:16][C:7]1([C:6]([C:5]([C:4]([C:9]([C:8]1([H:18])[H:19])([H:20])[H:21])([H:11])[C:2](=[O:1])[O:3][H:10])([H:12])[H:13])([H:14])[H:15])[H:17],,
7,0.05023917520795483,RESP2,hf/6-31g*,,0.05,C,resp2,8,[H:16][C:7]1([C:6]([C:5]([C:4]([C:9]([C:8]1([H:18])[H:19])([H:20])[H:21])([H:11])[C:2](=[O:1])[O:3][H:10])([H:12])[H:13])([H:14])[H:15])[H:17],,
8,-0.005401614443041321,RESP2,hf/6-31g*,,0.05,C,resp2,9,[H:16][C:7]1([C:6]([C:5]([C:4]([C:9]([C:8]1([H:18])[H:19])([H:20])[H:21])([H:11])[C:2](=[O:1])[O:3][H:10])([H:12])[H:13])([H:14])[H:15])[H:17],,
9,0.4580317058108128,RESP2,hf/6-31g*,,0.05,H,resp2,10,[H:16][C:7]1([C:6]([C:5]([C:4]([C:9]([C:8]1([H:18])[H:19])([H:20])[H:21])([H:11])[C:2](=[O:1])[O:3][H:10])([H:12])[H:13])([H:14])[H:15])[H:17],,
10,-0.0031542369283339734,RESP2,hf/6-31g*,,0.05,H,resp2,11,[H:16][C:7]1([C:6]([C:5]([C:4]([C:9]([C:8]1([H:18])[H:19])([H:20])[H:21])([H:11])[C:2](=[O:1])[O:3][H:10])([H:12])[H:13])([H:14])[H:15])[H:17],,
11,0.007635362501442256,RESP2,hf/6-31g*,,0.05,H,resp2,12,[H:16][C:7]1([C:6]([C:5]([C:4]([C:9]([C:8]1([H:18])[H:19])([H:20])[H:21])([H:11])[C:2](=[O:1])[O:3][H:10])([H:12])[H:13])([H:14])[H:15])[H:17],,
12,0.00020412436392194951,RESP2,hf/6-31g*,,0.05,H,resp2,13,[H:16][C:7]1([C:6]([C:5]([C:4]([C:9]([C:8]1([H:18])[H:19])([H:20])[H:21])([H:11])[C:2](=[O:1])[O:3][H:10])([H:12])[H:13])([H:14])[H:15])[H:17],,
13,0.00034054633743860375,RESP2,hf/6-31g*,,0.05,H,resp2,14,[H:16][C:7]1([C:6]([C:5]([C:4]([C:9]([C:8]1([H:18])[H:19])([H:20])[H:21])([H:11])[C:2](=[O:1])[O:3][H:10])([H:12])[H:13])([H:14])[H:15])[H:17],,
14,0.001385357450098389,RESP2,hf/6-31g*,,0.05,H,resp2,15,[H:16][C:7]1([C:6]([C:5]([C:4]([C:9]([C:8]1([H:18])[H:19])([H:20])[H:21])([H:11])[C:2](=[O:1])[O:3][H:10])([H:12])[H:13])([H:14])[H:15])[H:17],,
15,-0.004505728917405626,RESP2,hf/6-31g*,,0.05,H,resp2,16,[H:16][C:7]1([C:6]([C:5]([C:4]([C:9]([C:8]1([H:18])[H:19])([H:20])[H:21])([H:11])[C:2](=[O:1])[O:3][H:10])([H:12])[H:13])([H:14])[H:15])[H:17],,
16,-0.0006773287469968257,RESP2,hf/6-31g*,,0.05,H,resp2,17,[H:16][C:7]1([C:6]([C:5]([C:4]([C:9]([C:8]1([H:18])[H:19])([H:20])[H:21])([H:11])[C:2](=[O:1])[O:3][H:10])([H:12])[H:13])([H:14])[H:15])[H:17],,
17,-0.012786085216527085,RESP2,hf/6-31g*,,0.05,H,resp2,18,[H:16][C:7]1([C:6]([C:5]([C:4]([C:9]([C:8]1([H:18])[H:19])([H:20])[H:21])([H:11])[C:2](=[O:1])[O:3][H:10])([H:12])[H:13])([H:14])[H:15])[H:17],,
18,-0.01569826005864552,RESP2,hf/6-31g*,,0.05,H,resp2,19,[H:16][C:7]1([C:6]([C:5]([C:4]([C:9]([C:8]1([H:18])[H:19])([H:20])[H:21])([H:11])[C:2](=[O:1])[O:3][H:10])([H:12])[H:13])([H:14])[H:15])[H:17],,
19,0.002505351554721342,RESP2,hf/6-31g*,,0.05,H,resp2,20,[H:16][C:7]1([C:6]([C:5]([C:4]([C:9]([C:8]1([H:18])[H:19])([H:20])[H:21])([H:11])[C:2](=[O:1])[O:3][H:10])([H:12])[H:13])([H:14])[H:15])[H:17],,
20,0.002690185659763438,RESP2,hf/6-31g*,,0.05,H,resp2,21,[H:16][C:7]1([C:6]([C:5]([C:4]([C:9]([C:8]1([H:18])[H:19])([H:20])[H:21])([H:11])[C:2](=[O:1])[O:3][H:10])([H:12])[H:13])([H:14])[H:15])[H:17],,
0,-0.5962499966184868,RESP2,hf/6-31g*,,0.1,O,resp2,1,[H:16][C:7]1([C:6]([C:5]([C:4]([C:9]([C:8]1([H:18])[H:19])([H:20])[H:21])([H:11])[C:2](=[O:1])[O:3][H:10])([H:12])[H:13])([H:14])[H:15])[H:17],,
1,0.6931604963143372,RESP2,hf/6-31g*,,0.1,C,resp2,2,[H:16][C:7]1([C:6]([C:5]([C:4]([C:9]([C:8]1([H:18])[H:19])([H:20])[H:21])([H:11])[C:2](=[O:1])[O:3][H:10])([H:12])[H:13])([H:14])[H:15])[H:17],,
2,-0.6526333794184687,RESP2,hf/6-31g*,,0.1,O,resp2,3,[H:16][C:7]1([C:6]([C:5]([C:4]([C:9]([C:8]1([H:18])[H:19])([H:20])[H:21])([H:11])[C:2](=[O:1])[O:3][H:10])([H:12])[H:13])([H:14])[H:15])[H:17],,
3,0.06909155180984237,RESP2,hf/6-31g*,,0.1,C,resp2,4,[H:16][C:7]1([C:6]([C:5]([C:4]([C:9]([C:8]1([H:18])[H:19])([H:20])[H:21])([H:11])[C:2](=[O:1])[O:3][H:10])([H:12])[H:13])([H:14])[H:15])[H:17],,
4,-0.006333510331226842,RESP2,hf/6-31g*,,0.1,C,resp2,5,[H:16][C:7]1([C:6]([C:5]([C:4]([C:9]([C:8]1([H:18])[H:19])([H:20])[H:21])([H:11])[C:2](=[O:1])[O:3][H:10])([H:12])[H:13])([H:14])[H:15])[H:17],,
5,0.007063656743117735,RESP2,hf/6-31g*,,0.1,C,resp2,6,[H:16][C:7]1([C:6]([C:5]([C:4]([C:9]([C:8]1([H:18])[H:19])([H:20])[H:21])([H:11])[C:2](=[O:1])[O:3][H:10])([H:12])[H:13])([H:14])[H:15])[H:17],,
6,0.004231237576594261,RESP2,hf/6-31g*,,0.1,C,resp2,7,[H:16][C:7]1([C:6]([C:5]([C:4]([C:9]([C:8]1([H:18])[H:19])([H:20])[H:21])([H:11])[C:2](=[O:1])[O:3][H:10])([H:12])[H:13])([H:14])[H:15])[H:17],,
7,0.04793130426182605,RESP2,hf/6-31g*,,0.1,C,resp2,8,[H:16][C:7]1([C:6]([C:5]([C:4]([C:9]([C:8]1([H:18])[H:19])([H:20])[H:21])([H:11])[C:2](=[O:1])[O:3][H:10])([H:12])[H:13])([H:14])[H:15])[H:17],,
8,-0.004430817642100762,RESP2,hf/6-31g*,,0.1,C,resp2,9,[H:16][C:7]1([C:6]([C:5]([C:4]([C:9]([C:8]1([H:18])[H:19])([H:20])[H:21])([H:11])[C:2](=[O:1])[O:3][H:10])([H:12])[H:13])([H:14])[H:15])[H:17],,
9,0.459822088629258,RESP2,hf/6-31g*,,0.1,H,resp2,10,[H:16][C:7]1([C:6]([C:5]([C:4]([C:9]([C:8]1([H:18])[H:19])([H:20])[H:21])([H:11])[C:2](=[O:1])[O:3][H:10])([H:12])[H:13])([H:14])[H:15])[H:17],,
10,-0.001975250305415107,RESP2,hf/6-31g*,,0.1,H,resp2,11,[H:16][C:7]1([C:6]([C:5]([C:4]([C:9]([C:8]1([H:18])[H:19])([H:20])[H:21])([H:11])[C:2](=[O:1])[O:3][H:10])([H:12])[H:13])([H:14])[H:15])[H:17],,
11,0.007470287636911617,RESP2,hf/6-31g*,,0.1,H,resp2,12,[H:16][C:7]1([C:6]([C:5]([C:4]([C:9]([C:8]1([H:18])[H:19])([H:20])[H:21])([H:11])[C:2](=[O:1])[O:3][H:10])([H:12])[H:13])([H:14])[H:15])[H:17],,
12,0.00041811212567102496,RESP2,hf/6-31g*,,0.1,H,resp2,13,[H:16][C:7]1([C:6]([C:5]([C:4]([C:9]([C:8]1([H:18])[H:19])([H:20])[H:21])([H:11])[C:2](=[O:1])[O:3][H:10])([H:12])[H:13])([H:14])[H:15])[H:17],,
13,0.0001450810188802483,RESP2,hf/6-31g*,,0.1,H,resp2,14,[H:16][C:7]1([C:6]([C:5]([C:4]([C:9]([C:8]1([H:18])[H:19])([H:20])[H:21])([H:11])[C:2](=[O:1])[O:3][H:10])([H:12])[H:13])([H:14])[H:15])[H:17],,
14,0.001083363410819231,RESP2,hf/6-31g*,,0.1,H,resp2,15,[H:16][C:7]1([C:6]([C:5]([C:4]([C:9]([C:8]1([H:18])[H:19])([H:20])[H:21])([H:11])[C:2](=[O:1])[O:3][H:10])([H:12])[H:13])([H:14])[H:15])[H:17],,
15,-0.005167019344966331,RESP2,hf/6-31g*,,0.1,H,resp2,16,[H:16][C:7]1([C:6]([C:5]([C:4]([C:9]([C:8]1([H:18])[H:19])([H:20])[H:21])([H:11])[C:2](=[O:1])[O:3][H:10])([H:12])[H:13])([H:14])[H:15])[H:17],,
16,-0.0013611099924117026,RESP2,hf/6-31g*,,0.1,H,resp2,17,[H:16][C:7]1([C:6]([C:5]([C:4]([C:9]([C:8]1([H:18])[H:19])([H:20])[H:21])([H:11])[C:2](=[O:1])[O:3][H:10])([H:12])[H:13])([H:14])[H:15])[H:17],,
17,-0.012199030111990044,RESP2,hf/6-31g*,,0.1,H,resp2,18,[H:16][C:7]1([C:6]([C:5]([C:4]([C:9]([C:8]1([H:18])[H:19])([H:20])[H:21])([H:11])[C:2](=[O:1])[O:3][H:10])([H:12])[H:13])([H:14])[H:15])[H:17],,
18,-0.015148277815375312,RESP2,hf/6-31g*,,0.1,H,resp2,19,[H:16][C:7]1([C:6]([C:5]([C:4]([C:9]([C:8]1([H:18])[H:19])([H:20])[H:21])([H:11])[C:2](=[O:1])[O:3][H:10])([H:12])[H:13])([H:14])[H:15])[H:17],,
19,0.002378629684046085,RESP2,hf/6-31g*,,0.1,H,resp2,20,[H:16][C:7]1([C:6]([C:5]([C:4]([C:9]([C:8]1([H:18])[H:19])([H:20])[H:21])([H:11])[C:2](=[O:1])[O:3][H:10])([H:12])[H:13])([H:14])[H:15])[H:17],,
20,0.0027025823691376595,RESP2,hf/6-31g*,,0.1,H,resp2,21,[H:16][C:7]1([C:6]([C:5]([C:4]([C:9]([C:8]1([H:18])[H:19])([H:20])[H:21])([H:11])[C:2](=[O:1])[O:3][H:10])([H:12])[H:13])([H:14])[H:15])[H:17],,
0,-0.5997149849762232,RESP2,hf/6-31g*,,0.15000000000000002,O,resp2,1,[H:16][C:7]1([C:6]([C:5]([C:4]([C:9]([C:8]1([H:18])[H:19])([H:20])[H:21])([H:11])[C:2](=[O:1])[O:3][H:10])([H:12])[H:13])([H:14])[H:15])[H:17],,
1,0.6956101024105708,RESP2,hf/6-31g*,,0.15000000000000002,C,resp2,2,[H:16][C:7]1([C:6]([C:5]([C:4]([C:9]([C:8]1([H:18])[H:19])([H:20])[H:21])([H:11])[C:2](=[O:1])[O:3][H:10])([H:12])[H:13])([H:14])[H:15])[H:17],,
2,-0.6540695076009763,RESP2,hf/6-31g*,,0.15000000000000002,O,resp2,3,[H:16][C:7]1([C:6]([C:5]([C:4]([C:9]([C:8]1([H:18])[H:19])([H:20])[H:21])([H:11])[C:2](=[O:1])[O:3][H:10])([H:12])[H:13])([H:14])[H:15])[H:17],,
3,0.06725386671048382,RESP2,hf/6-31g*,,0.15000000000000002,C,resp2,4,[H:16][C:7]1([C:6]([C:5]([C:4]([C:9]([C:8]1([H:18])[H:19])([H:20])[H:21])([H:11])[C:2](=[O:1])[O:3][H:10])([H:12])[H:13])([H:14])[H:15])[H:17],,
4,-0.00580621634594352,RESP2,hf/6-31g*,,0.15000000000000002,C,resp2,5,[H:16][C:7]1([C:6]([C:5]([C:4]([C:9]([C:8]1([H:18])[H:19])([H:20])[H:21])([H:11])[C:2](=[O:1])[O:3][H:10])([H:12])[H:13])([H:14])[H:15])[H:17],,
5,0.007238035356596665,RESP2,hf/6-31g*,,0.15000000000000002,C,resp2,6,[H:16][C:7]1([C:6]([C:5]([C:4]([C:9]([C:8]1([H:18])[H:19])([H:20])[H:21])([H:11])[C:2](=[O:1])[O:3][H:10])([H:12])[H:13])([H:14])[H:15])[H:17],,
6,0.006957371172113837,RESP2,hf/6-31g*,,0.15000000000000002,C,resp2,7,[H:16][C:7]1([C:6]([C:5]([C:4]([C:9]([C:8]1([H:18])[H:19])([H:20])[H:21])([H:11])[C:2](=[O:1])[O:3][H:10])([H:12])[H:13])([H:14])[H:15])[H:17],,
7,0.04562343331569725,RESP2,hf/6-31g*,,0.15000000000000002,C,resp2,8,[H:16][C:7]1([C:6]([C:5]([C:4]([C:9]([C:8]1([H:18])[H:19])([H:20])[H:21])([H:11])[C:2](=[O:1])[O:3][H:10])([H:12])[H:13])([H:14])[H:15])[H:17],,
8,-0.0034600208411601965,RESP2,hf/6-31g*,,0.15000000000000002,C,resp2,9,[H:16][C:7]1([C:6]([C:5]([C:4]([C:9]([C:8]1([H:18])[H:19])([H:20])[H:21])([H:11])[C:2](=[O:1])[O:3][H:10])([H:12])[H:13])([H:14])[H:15])[H:17],,
9,0.4616124714477031,RESP2,hf/6-31g*,,0.15000000000000002,H,resp2,10,[H:16][C:7]1([C:6]([C:5]([C:4]([C:9]([C:8]1([H:18])[H:19])([H:20])[H:21])([H:11])[C:2](=[O:1])[O:3][H:10])([H:12])[H:13])([H:14])[H:15])[H:17],,
10,-0.0007962636824962328,RESP2,hf/6-31g*,,0.15000000000000002,H,resp2,11,[H:16][C:7]1([C:6]([C:5]([C:4]([C:9]([C:8]1([H:18])[H:19])([H:20])[H:21])([H:11])[C:2](=[O:1])[O:3][H:10])([H:12])[H:13])([H:14])[H:15])[H:17],,
11,0.007305212772380981,RESP2,hf/6-31g*,,0.15000000000000002,H,resp2,12,[H:16][C:7]1([C:6]([C:5]([C:4]([C:9]([C:8]1([H:18])[H:19])([H:20])[H:21])([H:11])[C:2](=[O:1])[O:3][H:10])([H:12])[H:13])([H:14])[H:15])[H:17],,
12,0.0006320998874201064,RESP2,hf/6-31g*,,0.15000000000000002,H,resp2,13,[H:16][C:7]1([C:6]([C:5]([C:4]([C:9]([C:8]1([H:18])[H:19])([H:20])[H:21])([H:11])[C:2](=[O:1])[O:3][H:10])([H:12])[H:13])([H:14])[H:15])[H:17],,
13,-5.038429967810149e-05,RESP2,hf/6-31g*,,0.15000000000000002,H,resp2,14,[H:16][C:7]1([C:6]([C:5]([C:4]([C:9]([C:8]1([H:18])[H:19])([H:20])[H:21])([H:11])[C:2](=[O:1])[O:3][H:10])([H:12])[H:13])([H:14])[H:15])[H:17],,
14,0.0007813693715400785,RESP2,hf/6-31g*,,0.15000000000000002,H,resp2,15,[H:16][C:7]1([C:6]([C:5]([C:4]([C:9]([C:8]1([H:18])[H:19])([H:20])[H:21])([H:11])[C:2](=[O:1])[O:3][H:10])([H:12])[H:13])([H:14])[H:15])[H:17],,
15,-0.00582830977252703,RESP2,hf/6-31g*,,0.15000000000000002,H,resp2,16,[H:16][C:7]1([C:6]([C:5]([C:4]([C:9]([C:8]1([H:18])[H:19])([H:20])[H:21])([H:11])[C:2](=[O:1])[O:3][H:10])([H:12])[H:13])([H:14])[H:15])[H:17],,
16,-0.0020448912378265745,RESP2,hf/6-31g*,,0.15000000000000002,H,resp2,17,[H:16][C:7]1([C:6]([C:5]([C:4]([C:9]([C:8]1([H:18])[H:19])([H:20])[H:21])([H:11])[C:2](=[O:1])[O:3][H:10])([H:12])[H:13])([H:14])[H:15])[H:17],,
17,-0.011611975007452995,RESP2,hf/6-31g*,,0.15000000000000002,H,resp2,18,[H:16][C:7]1([C:6]([C:5]([C:4]([C:9]([C:8]1([H:18])[H:19])([H:20])[H:21])([H:11])[C:2](=[O:1])[O:3][H:10])([H:12])[H:13])([H:14])[H:15])[H:17],,
18,-0.014598295572105095,RESP2,hf/6-31g*,,0.15000000000000002,H,resp2,19,[H:16][C:7]1([C:6]([C:5]([C:4]([C:9]([C:8]1([H:18])[H:19])([H:20])[H:21])([H:11])[C:2](=[O:1])[O:3][H:10])([H:12])[H:13])([H:14])[H:15])[H:17],,
19,0.0022519078133708343,RESP2,hf/6-31g*,,0.15000000000000002,H,resp2,20,[H:16][C:7]1([C:6]([C:5]([C:4]([C:9]([C:8]1([H:18])[H:19])([H:20])[H:21])([H:11])[C:2](=[O:1])[O:3][H:10])([H:12])[H:13])([H:14])[H:15])[H:17],,
20,0.002714979078511886,RESP2,hf/6-31g*,,0.15000000000000002,H,resp2,21,[H:16][C:7]1([C:6]([C:5]([C:4]([C:9]([C:8]1([H:18])[H:19])([H:20])[H:21])([H:11])[C:2](=[O:1])[O:3][H:10])([H:12])[H:13])([H:14])[H:15])[H:17],,
0,-0.6031799733339598,RESP2,hf/6-31g*,,0.2,O,resp2,1,[H:16][C:7]1([C:6]([C:5]([C:4]([C:9]([C:8]1([H:18])[H:19])([H:20])[H:21])([H:11])[C:2](=[O:1])[O:3][H:10])([H:12])[H:13])([H:14])[H:15])[H:17],,
1,0.6980597085068042,RESP2,hf/6-31g*,,0.2,C,resp2,2,[H:16][C:7]1([C:6]([C:5]([C:4]([C:9]([C:8]1([H:18])[H:19])([H:20])[H:21])([H:11])[C:2](=[O:1])[O:3][H:10])([H:12])[H:13])([H:14])[H:15])[H:17],,
2,-0.6555056357834838,RESP2,hf/6-31g*,,0.2,O,resp2,3,[H:16][C:7]1([C:6]([C:5]([C:4]([C:9]([C:8]1([H:18])[H:19])([H:20])[H:21])([H:11])[C:2](=[O:1])[O:3][H:10])([H:12])[H:13])([H:14])[H:15])[H:17],,
3,0.06541618161112528,RESP2,hf/6-31g*,,0.2,C,resp2,4,[H:16][C:7]1([C:6]([C:5]([C:4]([C:9]([C:8]1([H:18])[H:19])([H:20])[H:21])([H:11])[C:2](=[O:1])[O:3][H:10])([H:12])[H:13])([H:14])[H:15])[H:17],,
4,-0.005278922360660204,RESP2,hf/6-31g*,,0.2,C,resp2,5,[H:16][C:7]1([C:6]([C:5]([C:4]([C:9]([C:8]1([H:18])[H:19])([H:20])[H:21])([H:11])[C:2](=[O:1])[O:3][H:10])([H:12])[H:13])([H:14])[H:15])[H:17],,
5,0.007412413970075589,RESP2,hf/6-31g*,,0.2,C,resp2,6,[H:16][C:7]1([C:6]([C:5]([C:4]([C:9]([C:8]1([H:18])[H:19])([H:20])[H:21])([H:11])[C:2](=[O:1])[O:3][H:10])([H:12])[H:13])([H:14])[H:15])[H:17],,
6,0.009683504767633406,RESP2,hf/6-31g*,,0.2,C,resp2,7,[H:16][C:7]1([C:6]([C:5]([C:4]([C:9]([C:8]1([H:18])[H:19])([H:20])[H:21])([H:11])[C:2](=[O:1])[O:3][H:10])([H:12])[H:13])([H:14])[H:15])[H:17],,
7,0.04331556236956846,RESP2,hf/6-31g*,,0.2,C,resp2,8,[H:16][C:7]1([C:6]([C:5]([C:4]([C:9]([C:8]1([H:18])[H:19])([H:20])[H:21])([H:11])[C:2](=[O:1])[O:3][H:10])([H:12])[H:13])([H:14])[H:15])[H:17],,
8,-0.0024892240402196375,RESP2,hf/6-31g*,,0.2,C,resp2,9,[H:16][C:7]1([C:6]([C:5]([C:4]([C:9]([C:8]1([H:18])[H:19])([H:20])[H:21])([H:11])[C:2](=[O:1])[O:3][H:10])([H:12])[H:13])([H:14])[H:15])[H:17],,
9,0.46340285426614825,RESP2,hf/6-31g*,,0.2,H,resp2,10,[H:16][C:7]1([C:6]([C:5]([C:4]([C:9]([C:8]1([H:18])[H:19])([H:20])[H:21])([H:11])[C:2](=[O:1])[O:3][H:10])([H:12])[H:13])([H:14])[H:15])[H:17],,
10,0.000382722940422634,RESP2,hf/6-31g*,,0.2,H,resp2,11,[H:16][C:7]1([C:6]([C:5]([C:4]([C:9]([C:8]1([H:18])[H:19])([H:20])[H:21])([H:11])[C:2](=[O:1])[O:3][H:10])([H:12])[H:13])([H:14])[H:15])[H:17],,
11,0.007140137907850341,RESP2,hf/6-31g*,,0.2,H,resp2,12,[H:16][C:7]1([C:6]([C:5]([C:4]([C:9]([C:8]1([H:18])[H:19])([H:20])[H:21])([H:11])[C:2](=[O:1])[O:3][H:10])([H:12])[H:13])([H:14])[H:15])[H:17],,
12,0.0008460876491691819,RESP2,hf/6-31g*,,0.2,H,resp2,13,[H:16][C:7]1([C:6]([C:5]([C:4]([C:9]([C:8]1([H:18])[H:19])([H:20])[H:21])([H:11])[C:2](=[O:1])[O:3][H:10])([H:12])[H:13])([H:14])[H:15])[H:17],,
13,-0.00024584961823645674,RESP2,hf/6-31g*,,0.2,H,resp2,14,[H:16][C:7]1([C:6]([C:5]([C:4]([C:9]([C:8]1([H:18])[H:19])([H:20])[H:21])([H:11])[C:2](=[O:1])[O:3][H:10])([H:12])[H:13])([H:14])[H:15])[H:17],,
14,0.0004793753322609207,RESP2,hf/6-31g*,,0.2,H,resp2,15,[H:16][C:7]1([C:6]([C:5]([C:4]([C:9]([C:8]1([H:18])[H:19])([H:20])[H:21])([H:11])[C:2](=[O:1])[O:3][H:10])([H:12])[H:13])([H:14])[H:15])[H:17],,
15,-0.006489600200087734,RESP2,hf/6-31g*,,0.2,H,resp2,16,[H:16][C:7]1([C:6]([C:5]([C:4]([C:9]([C:8]1([H:18])[H:19])([H:20])[H:21])([H:11])[C:2](=[O:1])[O:3][H:10])([H:12])[H:13])([H:14])[H:15])[H:17],,
16,-0.0027286724832414505,RESP2,hf/6-31g*,,0.2,H,resp2,17,[H:16][C:7]1([C:6]([C:5]([C:4]([C:9]([C:8]1([H:18])[H:19])([H:20])[H:21])([H:11])[C:2](=[O:1])[O:3][H:10])([H:12])[H:13])([H:14])[H:15])[H:17],,
17,-0.011024919902915953,RESP2,hf/6-31g*,,0.2,H,resp2,18,[H:16][C:7]1([C:6]([C:5]([C:4]([C:9]([C:8]1([H:18])[H:19])([H:20])[H:21])([H:11])[C:2](=[O:1])[O:3][H:10])([H:12])[H:13])([H:14])[H:15])[H:17],,
18,-0.014048313328834884,RESP2,hf/6-31g*,,0.2,H,resp2,19,[H:16][C:7]1([C:6]([C:5]([C:4]([C:9]([C:8]1([H:18])[H:19])([H:20])[H:21])([H:11])[C:2](=[O:1])[O:3][H:10])([H:12])[H:13])([H:14])[H:15])[H:17],,
19,0.0021251859426955773,RESP2,hf/6-31g*,,0.2,H,resp2,20,[H:16][C:7]1([C:6]([C:5]([C:4]([C:9]([C:8]1([H:18])[H:19])([H:20])[H:21])([H:11])[C:2](=[O:1])[O:3][H:10])([H:12])[H:13])([H:14])[H:15])[H:17],,
20,0.0027273757878861077,RESP2,hf/6-31g*,,0.2,H,resp2,21,[H:16][C:7]1([C:6]([C:5]([C:4]([C:9]([C:8]1([H:18])[H:19])([H:20])[H:21])([H:11])[C:2](=[O:1])[O:3][H:10])([H:12])[H:13])([H:14])[H:15])[H:17],,
0,-0.6066449616916963,RESP2,hf/6-31g*,,0.25,O,resp2,1,[H:16][C:7]1([C:6]([C:5]([C:4]([C:9]([C:8]1([H:18])[H:19])([H:20])[H:21])([H:11])[C:2](=[O:1])[O:3][H:10])([H:12])[H:13])([H:14])[H:15])[H:17],,
1,0.7005093146030378,RESP2,hf/6-31g*,,0.25,C,resp2,2,[H:16][C:7]1([C:6]([C:5]([C:4]([C:9]([C:8]1([H:18])[H:19])([H:20])[H:21])([H:11])[C:2](=[O:1])[O:3][H:10])([H:12])[H:13])([H:14])[H:15])[H:17],,
2,-0.6569417639659912,RESP2,hf/6-31g*,,0.25,O,resp2,3,[H:16][C:7]1([C:6]([C:5]([C:4]([C:9]([C:8]1([H:18])[H:19])([H:20])[H:21])([H:11])[C:2](=[O:1])[O:3][H:10])([H:12])[H:13])([H:14])[H:15])[H:17],,
3,0.06357849651176672,RESP2,hf/6-31g*,,0.25,C,resp2,4,[H:16][C:7]1([C:6]([C:5]([C:4]([C:9]([C:8]1([H:18])[H:19])([H:20])[H:21])([H:11])[C:2](=[O:1])[O:3][H:10])([H:12])[H:13])([H:14])[H:15])[H:17],,
4,-0.004751628375376887,RESP2,hf/6-31g*,,0.25,C,resp2,5,[H:16][C:7]1([C:6]([C:5]([C:4]([C:9]([C:8]1([H:18])[H:19])([H:20])[H:21])([H:11])[C:2](=[O:1])[O:3][H:10])([H:12])[H:13])([H:14])[H:15])[H:17],,
5,0.007586792583554513,RESP2,hf/6-31g*,,0.25,C,resp2,6,[H:16][C:7]1([C:6]([C:5]([C:4]([C:9]([C:8]1([H:18])[H:19])([H:20])[H:21])([H:11])[C:2](=[O:1])[O:3][H:10])([H:12])[H:13])([H:14])[H:15])[H:17],,
6,0.012409638363152974,RESP2,hf/6-31g*,,0.25,C,resp2,7,[H:16][C:7]1([C:6]([C:5]([C:4]([C:9]([C:8]1([H:18])[H:19])([H:20])[H:21])([H:11])[C:2](=[O:1])[O:3][H:10])([H:12])[H:13])([H:14])[H:15])[H:17],,
7,0.041007691423439664,RESP2,hf/6-31g*,,0.25,C,resp2,8,[H:16][C:7]1([C:6]([C:5]([C:4]([C:9]([C:8]1([H:18])[H:19])([H:20])[H:21])([H:11])[C:2](=[O:1])[O:3][H:10])([H:12])[H:13])([H:14])[H:15])[H:17],,
8,-0.0015184272392790776,RESP2,hf/6-31g*,,0.25,C,resp2,9,[H:16][C:7]1([C:6]([C:5]([C:4]([C:9]([C:8]1([H:18])[H:19])([H:20])[H:21])([H:11])[C:2](=[O:1])[O:3][H:10])([H:12])[H:13])([H:14])[H:15])[H:17],,
9,0.4651932370845933,RESP2,hf/6-31g*,,0.25,H,resp2,10,[H:16][C:7]1([C:6]([C:5]([C:4]([C:9]([C:8]1([H:18])[H:19])([H:20])[H:21])([H:11])[C:2](=[O:1])[O:3][H:10])([H:12])[H:13])([H:14])[H:15])[H:17],,
10,0.0015617095633415016,RESP2,hf/6-31g*,,0.25,H,resp2,11,[H:16][C:7]1([C:6]([C:5]([C:4]([C:9]([C:8]1([H:18])[H:19])([H:20])[H:21])([H:11])[C:2](=[O:1])[O:3][H:10])([H:12])[H:13])([H:14])[H:15])[H:17],,
11,0.006975063043319701,RESP2,hf/6-31g*,,0.25,H,resp2,12,[H:16][C:7]1([C:6]([C:5]([C:4]([C:9]([C:8]1([H:18])[H:19])([H:20])[H:21])([H:11])[C:2](=[O:1])[O:3][H:10])([H:12])[H:13])([H:14])[H:15])[H:17],,
12,0.0010600754109182577,RESP2,hf/6-31g*,,0.25,H,resp2,13,[H:16][C:7]1([C:6]([C:5]([C:4]([C:9]([C:8]1([H:18])[H:19])([H:20])[H:21])([H:11])[C:2](=[O:1])[O:3][H:10])([H:12])[H:13])([H:14])[H:15])[H:17],,
13,-0.00044131493679481175,RESP2,hf/6-31g*,,0.25,H,resp2,14,[H:16][C:7]1([C:6]([C:5]([C:4]([C:9]([C:8]1([H:18])[H:19])([H:20])[H:21])([H:11])[C:2](=[O:1])[O:3][H:10])([H:12])[H:13])([H:14])[H:15])[H:17],,
14,0.00017738129298176293,RESP2,hf/6-31g*,,0.25,H,resp2,15,[H:16][C:7]1([C:6]([C:5]([C:4]([C:9]([C:8]1([H:18])[H:19])([H:20])[H:21])([H:11])[C:2](=[O:1])[O:3][H:10])([H:12])[H:13])([H:14])[H:15])[H:17],,
15,-0.007150890627648437,RESP2,hf/6-31g*,,0.25,H,resp2,16,[H:16][C:7]1([C:6]([C:5]([C:4]([C:9]([C:8]1([H:18])[H:19])([H:20])[H:21])([H:11])[C:2](=[O:1])[O:3][H:10])([H:12])[H:13])([H:14])[H:15])[H:17],,
16,-0.0034124537286563273,RESP2,hf/6-31g*,,0.25,H,resp2,17,[H:16][C:7]1([C:6]([C:5]([C:4]([C:9]([C:8]1([H:18])[H:19])([H:20])[H:21])([H:11])[C:2](=[O:1])[O:3][H:10])([H:12])[H:13])([H:14])[H:15])[H:17],,
17,-0.01043786479837891,RESP2,hf/6-31g*,,0.25,H,resp2,18,[H:16][C:7]1([C:6]([C:5]([C:4]([C:9]([C:8]1([H:18])[H:19])([H:20])[H:21])([H:11])[C:2](=[O:1])[O:3][H:10])([H:12])[H:13])([H:14])[H:15])[H:17],,
18,-0.013498331085564674,RESP2,hf/6-31g*,,0.25,H,resp2,19,[H:16][C:7]1([C:6]([C:5]([C:4]([C:9]([C:8]1([H:18])[H:19])([H:20])[H:21])([H:11])[C:2](=[O:1])[O:3][H:10])([H:12])[H:13])([H:14])[H:15])[H:17],,
19,0.0019984640720203204,RESP2,hf/6-31g*,,0.25,H,resp2,20,[H:16][C:7]1([C:6]([C:5]([C:4]([C:9]([C:8]1([H:18])[H:19])([H:20])[H:21])([H:11])[C:2](=[O:1])[O:3][H:10])([H:12])[H:13])([H:14])[H:15])[H:17],,
20,0.002739772497260329,RESP2,hf/6-31g*,,0.25,H,resp2,21,[H:16][C:7]1([C:6]([C:5]([C:4]([C:9]([C:8]1([H:18])[H:19])([H:20])[H:21])([H:11])[C:2](=[O:1])[O:3][H:10])([H:12])[H:13])([H:14])[H:15])[H:17],,
0,-0.6101099500494329,RESP2,hf/6-31g*,,0.30000000000000004,O,resp2,1,[H:16][C:7]1([C:6]([C:5]([C:4]([C:9]([C:8]1([H:18])[H:19])([H:20])[H:21])([H:11])[C:2](=[O:1])[O:3][H:10])([H:12])[H:13])([H:14])[H:15])[H:17],,
1,0.7029589206992712,RESP2,hf/6-31g*,,0.30000000000000004,C,resp2,2,[H:16][C:7]1([C:6]([C:5]([C:4]([C:9]([C:8]1([H:18])[H:19])([H:20])[H:21])([H:11])[C:2](=[O:1])[O:3][H:10])([H:12])[H:13])([H:14])[H:15])[H:17],,
2,-0.658377892148499,RESP2,hf/6-31g*,,0.30000000000000004,O,resp2,3,[H:16][C:7]1([C:6]([C:5]([C:4]([C:9]([C:8]1([H:18])[H:19])([H:20])[H:21])([H:11])[C:2](=[O:1])[O:3][H:10])([H:12])[H:13])([H:14])[H:15])[H:17],,
3,0.06174081141240817,RESP2,hf/6-31g*,,0.30000000000000004,C,resp2,4,[H:16][C:7]1([C:6]([C:5]([C:4]([C:9]([C:8]1([H:18])[H:19])([H:20])[H:21])([H:11])[C:2](=[O:1])[O:3][H:10])([H:12])[H:13])([H:14])[H:15])[H:17],,
4,-0.004224334390093573,RESP2,hf/6-31g*,,0.30000000000000004,C,resp2,5,[H:16][C:7]1([C:6]([C:5]([C:4]([C:9]([C:8]1([H:18])[H:19])([H:20])[H:21])([H:11])[C:2](=[O:1])[O:3][H:10])([H:12])[H:13])([H:14])[H:15])[H:17],,
5,0.007761171197033435,RESP2,hf/6-31g*,,0.30000000000000004,C,resp2,6,[H:16][C:7]1([C:6]([C:5]([C:4]([C:9]([C:8]1([H:18])[H:19])([H:20])[H:21])([H:11])[C:2](=[O:1])[O:3][H:10])([H:12])[H:13])([H:14])[H:15])[H:17],,
6,0.015135771958672543,RESP2,hf/6-31g*,,0.30000000000000004,C,resp2,7,[H:16][C:7]1([C:6]([C:5]([C:4]([C:9]([C:8]1([H:18])[H:19])([H:20])[H:21])([H:11])[C:2](=[O:1])[O:3][H:10])([H:12])[H:13])([H:14])[H:15])[H:17],,
7,0.03869982047731087,RESP2,hf/6-31g*,,0.30000000000000004,C,resp2,8,[H:16][C:7]1([C:6]([C:5]([C:4]([C:9]([C:8]1([H:18])[H:19])([H:20])[H:21])([H:11])[C:2](=[O:1])[O:3][H:10])([H:12])[H:13])([H:14])[H:15])[H:17],,
8,-0.0005476304383385191,RESP2,hf/6-31g*,,0.30000000000000004,C,resp2,9,[H:16][C:7]1([C:6]([C:5]([C:4]([C:9]([C:8]1([H:18])[H:19])([H:20])[H:21])([H:11])[C:2](=[O:1])[O:3][H:10])([H:12])[H:13])([H:14])[H:15])[H:17],,
9,0.46698361990303844,RESP2,hf/6-31g*,,0.30000000000000004,H,resp2,10,[H:16][C:7]1([C:6]([C:5]([C:4]([C:9]([C:8]1([H:18])[H:19])([H:20])[H:21])([H:11])[C:2](=[O:1])[O:3][H:10])([H:12])[H:13])([H:14])[H:15])[H:17],,
10,0.0027406961862603673,RESP2,hf/6-31g*,,0.30000000000000004,H,resp2,11,[H:16][C:7]1([C:6]([C:5]([C:4]([C:9]([C:8]1([H:18])[H:19])([H:20])[H:21])([H:11])[C:2](=[O:1])[O:3][H:10])([H:12])[H:13])([H:14])[H:15])[H:17],,
11,0.006809988178789058,RESP2,hf/6-31g*,,0.30000000000000004,H,resp2,12,[H:16][C:7]1([C:6]([C:5]([C:4]([C:9]([C:8]1([H:18])[H:19])([H:20])[H:21])([H:11])[C:2](=[O:1])[O:3][H:10])([H:12])[H:13])([H:14])[H:15])[H:17],,
12,0.0012740631726673311,RESP2,hf/6-31g*,,0.30000000000000004,H,resp2,13,[H:16][C:7]1([C:6]([C:5]([C:4]([C:9]([C:8]1([H:18])[H:19])([H:20])[H:21])([H:11])[C:2](=[O:1])[O:3][H:10])([H:12])[H:13])([H:14])[H:15])[H:17],,
13,-0.0006367802553531699,RESP2,hf/6-31g*,,0.30000000000000004,H,resp2,14,[H:16][C:7]1([C:6]([C:5]([C:4]([C:9]([C:8]1([H:18])[H:19])([H:20])[H:21])([H:11])[C:2](=[O:1])[O:3][H:10])([H:12])[H:13])([H:14])[H:15])[H:17],,
14,-0.00012461274629739792,RESP2,hf/6-31g*,,0.30000000000000004,H,resp2,15,[H:16][C:7]1([C:6]([C:5]([C:4]([C:9]([C:8]1([H:18])[H:19])([H:20])[H:21])([H:11])[C:2](=[O:1])[O:3][H:10])([H:12])[H:13])([H:14])[H:15])[H:17],,
15,-0.007812181055209144,RESP2,hf/6-31g*,,0.30000000000000004,H,resp2,16,[H:16][C:7]1([C:6]([C:5]([C:4]([C:9]([C:8]1([H:18])[H:19])([H:20])[H:21])([H:11])[C:2](=[O:1])[O:3][H:10])([H:12])[H:13])([H:14])[H:15])[H:17],,
16,-0.004096234974071207,RESP2,hf/6-31g*,,0.30000000000000004,H,resp2,17,[H:16][C:7]1([C:6]([C:5]([C:4]([C:9]([C:8]1([H:18])[H:19])([H:20])[H:21])([H:11])[C:2](=[O:1])[O:3][H:10])([H:12])[H:13])([H:14])[H:15])[H:17],,
17,-0.009850809693841868,RESP2,hf/6-31g*,,0.30000000000000004,H,resp2,18,[H:16][C:7]1([C:6]([C:5]([C:4]([C:9]([C:8]1([H:18])[H:19])([H:20])[H:21])([H:11])[C:2](=[O:1])[O:3][H:10])([H:12])[H:13])([H:14])[H:15])[H:17],,
18,-0.012948348842294465,RESP2,hf/6-31g*,,0.30000000000000004,H,resp2,19,[H:16][C:7]1([C:6]([C:5]([C:4]([C:9]([C:8]1([H:18])[H:19])([H:20])[H:21])([H:11])[C:2](=[O:1])[O:3][H:10])([H:12])[H:13])([H:14])[H:15])[H:17],,
19,0.0018717422013450613,RESP2,hf/6-31g*,,0.30000000000000004,H,resp2,20,[H:16][C:7]1([C:6]([C:5]([C:4]([C:9]([C:8]1([H:18])[H:19])([H:20])[H:21])([H:11])[C:2](=[O:1])[O:3][H:10])([H:12])[H:13])([H:14])[H:15])[H:17],,
20,0.0027521692066345476,RESP2,hf/6-31g*,,0.30000000000000004,H,resp2,21,[H:16][C:7]1([C:6]([C:5]([C:4]([C:9]([C:8]1([H:18])[H:19])([H:20])[H:21])([H:11])[C:2](=[O:1])[O:3][H:10])([H:12])[H:13])([H:14])[H:15])[H:17],,
0,-0.6135749384071695,RESP2,hf/6-31g*,,0.35000000000000003,O,resp2,1,[H:16][C:7]1([C:6]([C:5]([C:4]([C:9]([C:8]1([H:18])[H:19])([H:20])[H:21])([H:11])[C:2](=[O:1])[O:3][H:10])([H:12])[H:13])([H:14])[H:15])[H:17],,
1,0.7054085267955047,RESP2,hf/6-31g*,,0.35000000000000003,C,resp2,2,[H:16][C:7]1([C:6]([C:5]([C:4]([C:9]([C:8]1([H:18])[H:19])([H:20])[H:21])([H:11])[C:2](=[O:1])[O:3][H:10])([H:12])[H:13])([H:14])[H:15])[H:17],,
2,-0.6598140203310066,RESP2,hf/6-31g*,,0.35000000000000003,O,resp2,3,[H:16][C:7]1([C:6]([C:5]([C:4]([C:9]([C:8]1([H:18])[H:19])([H:20])[H:21])([H:11])[C:2](=[O:1])[O:3][H:10])([H:12])[H:13])([H:14])[H:15])[H:17],,
3,0.05990312631304962,RESP2,hf/6-31g*,,0.35000000000000003,C,resp2,4,[H:16][C:7]1([C:6]([C:5]([C:4]([C:9]([C:8]1([H:18])[H:19])([H:20])[H:21])([H:11])[C:2](=[O:1])[O:3][H:10])([H:12])[H:13])([H:14])[H:15])[H:17],,
4,-0.003697040404810246,RESP2,hf/6-31g*,,0.35000000000000003,C,resp2,5,[H:16][C:7]1([C:6]([C:5]([C:4]([C:9]([C:8]1([H:18])[H:19])([H:20])[H:21])([H:11])[C:2](=[O:1])[O:3][H:10])([H:12])[H:13])([H:14])[H:15])[H:17],,
5,0.007935549810512369,RESP2,hf/6-31g*,,0.35000000000000003,C,resp2,6,[H:16][C:7]1([C:6]([C:5]([C:4]([C:9]([C:8]1([H:18])[H:19])([H:20])[H:21])([H:11])[C:2](=[O:1])[O:3][H:10])([H:12])[H:13])([H:14])[H:15])[H:17],,
6,0.017861905554192124,RESP2,hf/6-31g*,,0.35000000000000003,C,resp2,7,[H:16][C:7]1([C:6]([C:5]([C:4]([C:9]([C:8]1([H:18])[H:19])([H:20])[H:21])([H:11])[C:2](=[O:1])[O:3][H:10])([H:12])[H:13])([H:14])[H:15])[H:17],,
7,0.036391949531182084,RESP2,hf/6-31g*,,0.35000000000000003,C,resp2,8,[H:16][C:7]1([C:6]([C:5]([C:4]([C:9]([C:8]1([H:18])[H:19])([H:20])[H:21])([H:11])[C:2](=[O:1])[O:3][H:10])([H:12])[H:13])([H:14])[H:15])[H:17],,
8,0.00042316636260205135,RESP2,hf/6-31g*,,0.35000000000000003,C,resp2,9,[H:16][C:7]1([C:6]([C:5]([C:4]([C:9]([C:8]1([H:18])[H:19])([H:20])[H:21])([H:11])[C:2](=[O:1])[O:3][H:10])([H:12])[H:13])([H:14])[H:15])[H:17],,
9,0.4687740027214835,RESP2,hf/6-31g*,,0.35000000000000003,H,resp2,10,[H:16][C:7]1([C:6]([C:5]([C:4]([C:9]([C:8]1([H:18])[H:19])([H:20])[H:21])([H:11])[C:2](=[O:1])[O:3][H:10])([H:12])[H:13])([H:14])[H:15])[H:17],,
10,0.003919682809179245,RESP2,hf/6-31g*,,0.35000000000000003,H,resp2,11,[H:16][C:7]1([C:6]([C:5]([C:4]([C:9]([C:8]1([H:18])[H:19])([H:20])[H:21])([H:11])[C:2](=[O:1])[O:3][H:10])([H:12])[H:13])([H:14])[H:15])[H:17],,
11,0.006644913314258427,RESP2,hf/6-31g*,,0.35000000000000003,H,resp2,12,[H:16][C:7]1([C:6]([C:5]([C:4]([C:9]([C:8]1([H:18])[H:19])([H:20])[H:21])([H:11])[C:2](=[O:1])[O:3][H:10])([H:12])[H:13])([H:14])[H:15])[H:17],,
12,0.001488050934416417,RESP2,hf/6-31g*,,0.35000000000000003,H,resp2,13,[H:16][C:7]1([C:6]([C:5]([C:4]([C:9]([C:8]1([H:18])[H:19])([H:20])[H:21])([H:11])[C:2](=[O:1])[O:3][H:10])([H:12])[H:13])([H:14])[H:15])[H:17],,
13,-0.0008322455739115149,RESP2,hf/6-31g*,,0.35000000000000003,H,resp2,14,[H:16][C:7]1([C:6]([C:5]([C:4]([C:9]([C:8]1([H:18])[H:19])([H:20])[H:21])([H:11])[C:2](=[O:1])[O:3][H:10])([H:12])[H:13])([H:14])[H:15])[H:17],,
14,-0.0004266067855765457,RESP2,hf/6-31g*,,0.35000000000000003,H,resp2,15,[H:16][C:7]1([C:6]([C:5]([C:4]([C:9]([C:8]1([H:18])[H:19])([H:20])[H:21])([H:11])[C:2](=[O:1])[O:3][H:10])([H:12])[H:13])([H:14])[H:15])[H:17],,
15,-0.008473471482769836,RESP2,hf/6-31g*,,0.35000000000000003,H,resp2,16,[H:16][C:7]1([C:6]([C:5]([C:4]([C:9]([C:8]1([H:18])[H:19])([H:20])[H:21])([H:11])[C:2](=[O:1])[O:3][H:10])([H:12])[H:13])([H:14])[H:15])[H:17],,
16,-0.004780016219486073,RESP2,hf/6-31g*,,0.35000000000000003,H,resp2,17,[H:16][C:7]1([C:6]([C:5]([C:4]([C:9]([C:8]1([H:18])[H:19])([H:20])[H:21])([H:11])[C:2](=[O:1])[O:3][H:10])([H:12])[H:13])([H:14])[H:15])[H:17],,
17,-0.009263754589304814,RESP2,hf/6-31g*,,0.35000000000000003,H,resp2,18,[H:16][C:7]1([C:6]([C:5]([C:4]([C:9]([C:8]1([H:18])[H:19])([H:20])[H:21])([H:11])[C:2](=[O:1])[O:3][H:10])([H:12])[H:13])([H:14])[H:15])[H:17],,
18,-0.012398366599024243,RESP2,hf/6-31g*,,0.35000000000000003,H,resp2,19,[H:16][C:7]1([C:6]([C:5]([C:4]([C:9]([C:8]1([H:18])[H:19])([H:20])[H:21])([H:11])[C:2](=[O:1])[O:3][H:10])([H:12])[H:13])([H:14])[H:15])[H:17],,
19,0.0017450203306698144,RESP2,hf/6-31g*,,0.35000000000000003,H,resp2,20,[H:16][C:7]1([C:6]([C:5]([C:4]([C:9]([C:8]1([H:18])[H:19])([H:20])[H:21])([H:11])[C:2](=[O:1])[O:3][H:10])([H:12])[H:13])([H:14])[H:15])[H:17],,
20,0.002764565916008779,RESP2,hf/6-31g*,,0.35000000000000003,H,resp2,21,[H:16][C:7]1([C:6]([C:5]([C:4]([C:9]([C:8]1([H:18])[H:19])([H:20])[H:21])([H:11])[C:2](=[O:1])[O:3][H:10])([H:12])[H:13])([H:14])[H:15])[H:17],,
0,-0.617039926764906,RESP2,hf/6-31g*,,0.4,O,resp2,1,[H:16][C:7]1([C:6]([C:5]([C:4]([C:9]([C:8]1([H:18])[H:19])([H:20])[H:21])([H:11])[C:2](=[O:1])[O:3][H:10])([H:12])[H:13])([H:14])[H:15])[H:17],,
1,0.7078581328917384,RESP2,hf/6-31g*,,0.4,C,resp2,2,[H:16][C:7]1([C:6]([C:5]([C:4]([C:9]([C:8]1([H:18])[H:19])([H:20])[H:21])([H:11])[C:2](=[O:1])[O:3][H:10])([H:12])[H:13])([H:14])[H:15])[H:17],,
2,-0.661250148513514,RESP2,hf/6-31g*,,0.4,O,resp2,3,[H:16][C:7]1([C:6]([C:5]([C:4]([C:9]([C:8]1([H:18])[H:19])([H:20])[H:21])([H:11])[C:2](=[O:1])[O:3][H:10])([H:12])[H:13])([H:14])[H:15])[H:17],,
3,0.05806544121369107,RESP2,hf/6-31g*,,0.4,C,resp2,4,[H:16][C:7]1([C:6]([C:5]([C:4]([C:9]([C:8]1([H:18])[H:19])([H:20])[H:21])([H:11])[C:2](=[O:1])[O:3][H:10])([H:12])[H:13])([H:14])[H:15])[H:17],,
4,-0.003169746419526937,RESP2,hf/6-31g*,,0.4,C,resp2,5,[H:16][C:7]1([C:6]([C:5]([C:4]([C:9]([C:8]1([H:18])[H:19])([H:20])[H:21])([H:11])[C:2](=[O:1])[O:3][H:10])([H:12])[H:13])([H:14])[H:15])[H:17],,
5,0.008109928423991285,RESP2,hf/6-31g*,,0.4,C,resp2,6,[H:16][C:7]1([C:6]([C:5]([C:4]([C:9]([C:8]1([H:18])[H:19])([H:20])[H:21])([H:11])[C:2](=[O:1])[O:3][H:10])([H:12])[H:13])([H:14])[H:15])[H:17],,
6,0.020588039149711683,RESP2,hf/6-31g*,,0.4,C,resp2,7,[H:16][C:7]1([C:6]([C:5]([C:4]([C:9]([C:8]1([H:18])[H:19])([H:20])[H:21])([H:11])[C:2](=[O:1])[O:3][H:10])([H:12])[H:13])([H:14])[H:15])[H:17],,
7,0.03408407858505329,RESP2,hf/6-31g*,,0.4,C,resp2,8,[H:16][C:7]1([C:6]([C:5]([C:4]([C:9]([C:8]1([H:18])[H:19])([H:20])[H:21])([H:11])[C:2](=[O:1])[O:3][H:10])([H:12])[H:13])([H:14])[H:15])[H:17],,
8,0.0013939631635426029,RESP2,hf/6-31g*,,0.4,C,resp2,9,[H:16][C:7]1([C:6]([C:5]([C:4]([C:9]([C:8]1([H:18])[H:19])([H:20])[H:21])([H:11])[C:2](=[O:1])[O:3][H:10])([H:12])[H:13])([H:14])[H:15])[H:17],,
9,0.47056438553992863,RESP2,hf/6-31g*,,0.4,H,resp2,10,[H:16][C:7]1([C:6]([C:5]([C:4]([C:9]([C:8]1([H:18])[H:19])([H:20])[H:21])([H:11])[C:2](=[O:1])[O:3][H:10])([H:12])[H:13])([H:14])[H:15])[H:17],,
10,0.005098669432098106,RESP2,hf/6-31g*,,0.4,H,resp2,11,[H:16][C:7]1([C:6]([C:5]([C:4]([C:9]([C:8]1([H:18])[H:19])([H:20])[H:21])([H:11])[C:2](=[O:1])[O:3][H:10])([H:12])[H:13])([H:14])[H:15])[H:17],,
11,0.006479838449727779,RESP2,hf/6-31g*,,0.4,H,resp2,12,[H:16][C:7]1([C:6]([C:5]([C:4]([C:9]([C:8]1([H:18])[H:19])([H:20])[H:21])([H:11])[C:2](=[O:1])[O:3][H:10])([H:12])[H:13])([H:14])[H:15])[H:17],,
12,0.001702038696165485,RESP2,hf/6-31g*,,0.4,H,resp2,13,[H:16][C:7]1([C:6]([C:5]([C:4]([C:9]([C:8]1([H:18])[H:19])([H:20])[H:21])([H:11])[C:2](=[O:1])[O:3][H:10])([H:12])[H:13])([H:14])[H:15])[H:17],,
13,-0.0010277108924698773,RESP2,hf/6-31g*,,0.4,H,resp2,14,[H:16][C:7]1([C:6]([C:5]([C:4]([C:9]([C:8]1([H:18])[H:19])([H:20])[H:21])([H:11])[C:2](=[O:1])[O:3][H:10])([H:12])[H:13])([H:14])[H:15])[H:17],,
14,-0.0007286008248557107,RESP2,hf/6-31g*,,0.4,H,resp2,15,[H:16][C:7]1([C:6]([C:5]([C:4]([C:9]([C:8]1([H:18])[H:19])([H:20])[H:21])([H:11])[C:2](=[O:1])[O:3][H:10])([H:12])[H:13])([H:14])[H:15])[H:17],,
15,-0.009134761910330549,RESP2,hf/6-31g*,,0.4,H,resp2,16,[H:16][C:7]1([C:6]([C:5]([C:4]([C:9]([C:8]1([H:18])[H:19])([H:20])[H:21])([H:11])[C:2](=[O:1])[O:3][H:10])([H:12])[H:13])([H:14])[H:15])[H:17],,
16,-0.0054637974649009565,RESP2,hf/6-31g*,,0.4,H,resp2,17,[H:16][C:7]1([C:6]([C:5]([C:4]([C:9]([C:8]1([H:18])[H:19])([H:20])[H:21])([H:11])[C:2](=[O:1])[O:3][H:10])([H:12])[H:13])([H:14])[H:15])[H:17],,
17,-0.008676699484767781,RESP2,hf/6-31g*,,0.4,H,resp2,18,[H:16][C:7]1([C:6]([C:5]([C:4]([C:9]([C:8]1([H:18])[H:19])([H:20])[H:21])([H:11])[C:2](=[O:1])[O:3][H:10])([H:12])[H:13])([H:14])[H:15])[H:17],,
18,-0.01184838435575404,RESP2,hf/6-31g*,,0.4,H,resp2,19,[H:16][C:7]1([C:6]([C:5]([C:4]([C:9]([C:8]1([H:18])[H:19])([H:20])[H:21])([H:11])[C:2](=[O:1])[O:3][H:10])([H:12])[H:13])([H:14])[H:15])[H:17],,
19,0.0016182984599945507,RESP2,hf/6-31g*,,0.4,H,resp2,20,[H:16][C:7]1([C:6]([C:5]([C:4]([C:9]([C:8]1([H:18])[H:19])([H:20])[H:21])([H:11])[C:2](=[O:1])[O:3][H:10])([H:12])[H:13])([H:14])[H:15])[H:17],,
20,0.0027769626253829932,RESP2,hf/6-31g*,,0.4,H,resp2,21,[H:16][C:7]1([C:6]([C:5]([C:4]([C:9]([C:8]1([H:18])[H:19])([H:20])[H:21])([H:11])[C:2](=[O:1])[O:3][H:10])([H:12])[H:13])([H:14])[H:15])[H:17],,
0,-0.6205049151226425,RESP2,hf/6-31g*,,0.45,O,resp2,1,[H:16][C:7]1([C:6]([C:5]([C:4]([C:9]([C:8]1([H:18])[H:19])([H:20])[H:21])([H:11])[C:2](=[O:1])[O:3][H:10])([H:12])[H:13])([H:14])[H:15])[H:17],,
1,0.710307738987972,RESP2,hf/6-31g*,,0.45,C,resp2,2,[H:16][C:7]1([C:6]([C:5]([C:4]([C:9]([C:8]1([H:18])[H:19])([H:20])[H:21])([H:11])[C:2](=[O:1])[O:3][H:10])([H:12])[H:13])([H:14])[H:15])[H:17],,
2,-0.6626862766960216,RESP2,hf/6-31g*,,0.45,O,resp2,3,[H:16][C:7]1([C:6]([C:5]([C:4]([C:9]([C:8]1([H:18])[H:19])([H:20])[H:21])([H:11])[C:2](=[O:1])[O:3][H:10])([H:12])[H:13])([H:14])[H:15])[H:17],,
3,0.056227756114332526,RESP2,hf/6-31g*,,0.45,C,resp2,4,[H:16][C:7]1([C:6]([C:5]([C:4]([C:9]([C:8]1([H:18])[H:19])([H:20])[H:21])([H:11])[C:2](=[O:1])[O:3][H:10])([H:12])[H:13])([H:14])[H:15])[H:17],,
4,-0.0026424524342436133,RESP2,hf/6-31g*,,0.45,C,resp2,5,[H:16][C:7]1([C:6]([C:5]([C:4]([C:9]([C:8]1([H:18])[H:19])([H:20])[H:21])([H:11])[C:2](=[O:1])[O:3][H:10])([H:12])[H:13])([H:14])[H:15])[H:17],,
5,0.008284307037470219,RESP2,hf/6-31g*,,0.45,C,resp2,6,[H:16][C:7]1([C:6]([C:5]([C:4]([C:9]([C:8]1([H:18])[H:19])([H:20])[H:21])([H:11])[C:2](=[O:1])[O:3][H:10])([H:12])[H:13])([H:14])[H:15])[H:17],,
6,0.023314172745231256,RESP2,hf/6-31g*,,0.45,C,resp2,7,[H:16][C:7]1([C:6]([C:5]([C:4]([C:9]([C:8]1([H:18])[H:19])([H:20])[H:21])([H:11])[C:2](=[O:1])[O:3][H:10])([H:12])[H:13])([H:14])[H:15])[H:17],,
7,0.031776207638924504,RESP2,hf/6-31g*,,0.45,C,resp2,8,[H:16][C:7]1([C:6]([C:5]([C:4]([C:9]([C:8]1([H:18])[H:19])([H:20])[H:21])([H:11])[C:2](=[O:1])[O:3][H:10])([H:12])[H:13])([H:14])[H:15])[H:17],,
8,0.0023647599644831705,RESP2,hf/6-31g*,,0.45,C,resp2,9,[H:16][C:7]1([C:6]([C:5]([C:4]([C:9]([C:8]1([H:18])[H:19])([H:20])[H:21])([H:11])[C:2](=[O:1])[O:3][H:10])([H:12])[H:13])([H:14])[H:15])[H:17],,
9,0.47235476835837376,RESP2,hf/6-31g*,,0.45,H,resp2,10,[H:16][C:7]1([C:6]([C:5]([C:4]([C:9]([C:8]1([H:18])[H:19])([H:20])[H:21])([H:11])[C:2](=[O:1])[O:3][H:10])([H:12])[H:13])([H:14])[H:15])[H:17],,
10,0.006277656055016981,RESP2,hf/6-31g*,,0.45,H,resp2,11,[H:16][C:7]1([C:6]([C:5]([C:4]([C:9]([C:8]1([H:18])[H:19])([H:20])[H:21])([H:11])[C:2](=[O:1])[O:3][H:10])([H:12])[H:13])([H:14])[H:15])[H:17],,
11,0.006314763585197148,RESP2,hf/6-31g*,,0.45,H,resp2,12,[H:16][C:7]1([C:6]([C:5]([C:4]([C:9]([C:8]1([H:18])[H:19])([H:20])[H:21])([H:11])[C:2](=[O:1])[O:3][H:10])([H:12])[H:13])([H:14])[H:15])[H:17],,
12,0.0019160264579145686,RESP2,hf/6-31g*,,0.45,H,resp2,13,[H:16][C:7]1([C:6]([C:5]([C:4]([C:9]([C:8]1([H:18])[H:19])([H:20])[H:21])([H:11])[C:2](=[O:1])[O:3][H:10])([H:12])[H:13])([H:14])[H:15])[H:17],,
13,-0.0012231762110282247,RESP2,hf/6-31g*,,0.45,H,resp2,14,[H:16][C:7]1([C:6]([C:5]([C:4]([C:9]([C:8]1([H:18])[H:19])([H:20])[H:21])([H:11])[C:2](=[O:1])[O:3][H:10])([H:12])[H:13])([H:14])[H:15])[H:17],,
14,-0.0010305948641348606,RESP2,hf/6-31g*,,0.45,H,resp2,15,[H:16][C:7]1([C:6]([C:5]([C:4]([C:9]([C:8]1([H:18])[H:19])([H:20])[H:21])([H:11])[C:2](=[O:1])[O:3][H:10])([H:12])[H:13])([H:14])[H:15])[H:17],,
15,-0.009796052337891244,RESP2,hf/6-31g*,,0.45,H,resp2,16,[H:16][C:7]1([C:6]([C:5]([C:4]([C:9]([C:8]1([H:18])[H:19])([H:20])[H:21])([H:11])[C:2](=[O:1])[O:3][H:10])([H:12])[H:13])([H:14])[H:15])[H:17],,
16,-0.006147578710315826,RESP2,hf/6-31g*,,0.45,H,resp2,17,[H:16][C:7]1([C:6]([C:5]([C:4]([C:9]([C:8]1([H:18])[H:19])([H:20])[H:21])([H:11])[C:2](=[O:1])[O:3][H:10])([H:12])[H:13])([H:14])[H:15])[H:17],,
17,-0.008089644380230729,RESP2,hf/6-31g*,,0.45,H,resp2,18,[H:16][C:7]1([C:6]([C:5]([C:4]([C:9]([C:8]1([H:18])[H:19])([H:20])[H:21])([H:11])[C:2](=[O:1])[O:3][H:10])([H:12])[H:13])([H:14])[H:15])[H:17],,
18,-0.011298402112483822,RESP2,hf/6-31g*,,0.45,H,resp2,19,[H:16][C:7]1([C:6]([C:5]([C:4]([C:9]([C:8]1([H:18])[H:19])([H:20])[H:21])([H:11])[C:2](=[O:1])[O:3][H:10])([H:12])[H:13])([H:14])[H:15])[H:17],,
19,0.0014915765893193018,RESP2,hf/6-31g*,,0.45,H,resp2,20,[H:16][C:7]1([C:6]([C:5]([C:4]([C:9]([C:8]1([H:18])[H:19])([H:20])[H:21])([H:11])[C:2](=[O:1])[O:3][H:10])([H:12])[H:13])([H:14])[H:15])[H:17],,
20,0.0027893593347572223,RESP2,hf/6-31g*,,0.45,H,resp2,21,[H:16][C:7]1([C:6]([C:5]([C:4]([C:9]([C:8]1([H:18])[H:19])([H:20])[H:21])([H:11])[C:2](=[O:1])[O:3][H:10])([H:12])[H:13])([H:14])[H:15])[H:17],,
0,-0.6239699034803791,RESP2,hf/6-31g*,,0.5,O,resp2,1,[H:16][C:7]1([C:6]([C:5]([C:4]([C:9]([C:8]1([H:18])[H:19])([H:20])[H:21])([H:11])[C:2](=[O:1])[O:3][H:10])([H:12])[H:13])([H:14])[H:15])[H:17],,
1,0.7127573450842054,RESP2,hf/6-31g*,,0.5,C,resp2,2,[H:16][C:7]1([C:6]([C:5]([C:4]([C:9]([C:8]1([H:18])[H:19])([H:20])[H:21])([H:11])[C:2](=[O:1])[O:3][H:10])([H:12])[H:13])([H:14])[H:15])[H:17],,
2,-0.6641224048785291,RESP2,hf/6-31g*,,0.5,O,resp2,3,[H:16][C:7]1([C:6]([C:5]([C:4]([C:9]([C:8]1([H:18])[H:19])([H:20])[H:21])([H:11])[C:2](=[O:1])[O:3][H:10])([H:12])[H:13])([H:14])[H:15])[H:17],,
3,0.05439007101497397,RESP2,hf/6-31g*,,0.5,C,resp2,4,[H:16][C:7]1([C:6]([C:5]([C:4]([C:9]([C:8]1([H:18])[H:19])([H:20])[H:21])([H:11])[C:2](=[O:1])[O:3][H:10])([H:12])[H:13])([H:14])[H:15])[H:17],,
4,-0.0021151584489602993,RESP2,hf/6-31g*,,0.5,C,resp2,5,[H:16][C:7]1([C:6]([C:5]([C:4]([C:9]([C:8]1([H:18])[H:19])([H:20])[H:21])([H:11])[C:2](=[O:1])[O:3][H:10])([H:12])[H:13])([H:14])[H:15])[H:17],,
5,0.008458685650949139,RESP2,hf/6-31g*,,0.5,C,resp2,6,[H:16][C:7]1([C:6]([C:5]([C:4]([C:9]([C:8]1([H:18])[H:19])([H:20])[H:21])([H:11])[C:2](=[O:1])[O:3][H:10])([H:12])[H:13])([H:14])[H:15])[H:17],,
6,0.026040306340750826,RESP2,hf/6-31g*,,0.5,C,resp2,7,[H:16][C:7]1([C:6]([C:5]([C:4]([C:9]([C:8]1([H:18])[H:19])([H:20])[H:21])([H:11])[C:2](=[O:1])[O:3][H:10])([H:12])[H:13])([H:14])[H:15])[H:17],,
7,0.029468336692795707,RESP2,hf/6-31g*,,0.5,C,resp2,8,[H:16][C:7]1([C:6]([C:5]([C:4]([C:9]([C:8]1([H:18])[H:19])([H:20])[H:21])([H:11])[C:2](=[O:1])[O:3][H:10])([H:12])[H:13])([H:14])[H:15])[H:17],,
8,0.0033355567654237274,RESP2,hf/6-31g*,,0.5,C,resp2,9,[H:16][C:7]1([C:6]([C:5]([C:4]([C:9]([C:8]1([H:18])[H:19])([H:20])[H:21])([H:11])[C:2](=[O:1])[O:3][H:10])([H:12])[H:13])([H:14])[H:15])[H:17],,
9,0.4741451511768189,RESP2,hf/6-31g*,,0.5,H,resp2,10,[H:16][C:7]1([C:6]([C:5]([C:4]([C:9]([C:8]1([H:18])[H:19])([H:20])[H:21])([H:11])[C:2](=[O:1])[O:3][H:10])([H:12])[H:13])([H:14])[H:15])[H:17],,
10,0.007456642677935844,RESP2,hf/6-31g*,,0.5,H,resp2,11,[H:16][C:7]1([C:6]([C:5]([C:4]([C:9]([C:8]1([H:18])[H:19])([H:20])[H:21])([H:11])[C:2](=[O:1])[O:3][H:10])([H:12])[H:13])([H:14])[H:15])[H:17],,
11,0.006149688720666503,RESP2,hf/6-31g*,,0.5,H,resp2,12,[H:16][C:7]1([C:6]([C:5]([C:4]([C:9]([C:8]1([H:18])[H:19])([H:20])[H:21])([H:11])[C:2](=[O:1])[O:3][H:10])([H:12])[H:13])([H:14])[H:15])[H:17],,
12,0.002130014219663642,RESP2,hf/6-31g*,,0.5,H,resp2,13,[H:16][C:7]1([C:6]([C:5]([C:4]([C:9]([C:8]1([H:18])[H:19])([H:20])[H:21])([H:11])[C:2](=[O:1])[O:3][H:10])([H:12])[H:13])([H:14])[H:15])[H:17],,
13,-0.0014186415295865825,RESP2,hf/6-31g*,,0.5,H,resp2,14,[H:16][C:7]1([C:6]([C:5]([C:4]([C:9]([C:8]1([H:18])[H:19])([H:20])[H:21])([H:11])[C:2](=[O:1])[O:3][H:10])([H:12])[H:13])([H:14])[H:15])[H:17],,
14,-0.0013325889034140211,RESP2,hf/6-31g*,,0.5,H,resp2,15,[H:16][C:7]1([C:6]([C:5]([C:4]([C:9]([C:8]1([H:18])[H:19])([H:20])[H:21])([H:11])[C:2](=[O:1])[O:3][H:10])([H:12])[H:13])([H:14])[H:15])[H:17],,
15,-0.010457342765451952,RESP2,hf/6-31g*,,0.5,H,resp2,16,[H:16][C:7]1([C:6]([C:5]([C:4]([C:9]([C:8]1([H:18])[H:19])([H:20])[H:21])([H:11])[C:2](=[O:1])[O:3][H:10])([H:12])[H:13])([H:14])[H:15])[H:17],,
16,-0.006831359955730705,RESP2,hf/6-31g*,,0.5,H,resp2,17,[H:16][C:7]1([C:6]([C:5]([C:4]([C:9]([C:8]1([H:18])[H:19])([H:20])[H:21])([H:11])[C:2](=[O:1])[O:3][H:10])([H:12])[H:13])([H:14])[H:15])[H:17],,
17,-0.00750258927569369,RESP2,hf/6-31g*,,0.5,H,resp2,18,[H:16][C:7]1([C:6]([C:5]([C:4]([C:9]([C:8]1([H:18])[H:19])([H:20])[H:21])([H:11])[C:2](=[O:1])[O:3][H:10])([H:12])[H:13])([H:14])[H:15])[H:17],,
18,-0.010748419869213615,RESP2,hf/6-31g*,,0.5,H,resp2,19,[H:16][C:7]1([C:6]([C:5]([C:4]([C:9]([C:8]1([H:18])[H:19])([H:20])[H:21])([H:11])[C:2](=[O:1])[O:3][H:10])([H:12])[H:13])([H:14])[H:15])[H:17],,
19,0.0013648547186440425,RESP2,hf/6-31g*,,0.5,H,resp2,20,[H:16][C:7]1([C:6]([C:5]([C:4]([C:9]([C:8]1([H:18])[H:19])([H:20])[H:21])([H:11])[C:2](=[O:1])[O:3][H:10])([H:12])[H:13])([H:14])[H:15])[H:17],,
20,0.002801756044131441,RESP2,hf/6-31g*,,0.5,H,resp2,21,[H:16][C:7]1([C:6]([C:5]([C:4]([C:9]([C:8]1([H:18])[H:19])([H:20])[H:21])([H:11])[C:2](=[O:1])[O:3][H:10])([H:12])[H:13])([H:14])[H:15])[H:17],,
0,-0.6274348918381156,RESP2,hf/6-31g*,,0.55,O,resp2,1,[H:16][C:7]1([C:6]([C:5]([C:4]([C:9]([C:8]1([H:18])[H:19])([H:20])[H:21])([H:11])[C:2](=[O:1])[O:3][H:10])([H:12])[H:13])([H:14])[H:15])[H:17],,
1,0.7152069511804389,RESP2,hf/6-31g*,,0.55,C,resp2,2,[H:16][C:7]1([C:6]([C:5]([C:4]([C:9]([C:8]1([H:18])[H:19])([H:20])[H:21])([H:11])[C:2](=[O:1])[O:3][H:10])([H:12])[H:13])([H:14])[H:15])[H:17],,
2,-0.6655585330610367,RESP2,hf/6-31g*,,0.55,O,resp2,3,[H:16][C:7]1([C:6]([C:5]([C:4]([C:9]([C:8]1([H:18])[H:19])([H:20])[H:21])([H:11])[C:2](=[O:1])[O:3][H:10])([H:12])[H:13])([H:14])[H:15])[H:17],,
3,0.05255238591561543,RESP2,hf/6-31g*,,0.55,C,resp2,4,[H:16][C:7]1([C:6]([C:5]([C:4]([C:9]([C:8]1([H:18])[H:19])([H:20])[H:21])([H:11])[C:2](=[O:1])[O:3][H:10])([H:12])[H:13])([H:14])[H:15])[H:17],,
4,-0.001587864463676969,RESP2,hf/6-31g*,,0.55,C,resp2,5,[H:16][C:7]1([C:6]([C:5]([C:4]([C:9]([C:8]1([H:18])[H:19])([H:20])[H:21])([H:11])[C:2](=[O:1])[O:3][H:10])([H:12])[H:13])([H:14])[H:15])[H:17],,
5,0.008633064264428078,RESP2,hf/6-31g*,,0.55,C,resp2,6,[H:16][C:7]1([C:6]([C:5]([C:4]([C:9]([C:8]1([H:18])[H:19])([H:20])[H:21])([H:11])[C:2](=[O:1])[O:3][H:10])([H:12])[H:13])([H:14])[H:15])[H:17],,
6,0.028766439936270413,RESP2,hf/6-31g*,,0.55,C,resp2,7,[H:16][C:7]1([C:6]([C:5]([C:4]([C:9]([C:8]1([H:18])[H:19])([H:20])[H:21])([H:11])[C:2](=[O:1])[O:3][H:10])([H:12])[H:13])([H:14])[H:15])[H:17],,
7,0.027160465746666928,RESP2,hf/6-31g*,,0.55,C,resp2,8,[H:16][C:7]1([C:6]([C:5]([C:4]([C:9]([C:8]1([H:18])[H:19])([H:20])[H:21])([H:11])[C:2](=[O:1])[O:3][H:10])([H:12])[H:13])([H:14])[H:15])[H:17],,
8,0.004306353566364301,RESP2,hf/6-31g*,,0.55,C,resp2,9,[H:16][C:7]1([C:6]([C:5]([C:4]([C:9]([C:8]1([H:18])[H:19])([H:20])[H:21])([H:11])[C:2](=[O:1])[O:3][H:10])([H:12])[H:13])([H:14])[H:15])[H:17],,
9,0.475935533995264,RESP2,hf/6-31g*,,0.55,H,resp2,10,[H:16][C:7]1([C:6]([C:5]([C:4]([C:9]([C:8]1([H:18])[H:19])([H:20])[H:21])([H:11])[C:2](=[O:1])[O:3][H:10])([H:12])[H:13])([H:14])[H:15])[H:17],,
10,0.008635629300854725,RESP2,hf/6-31g*,,0.55,H,resp2,11,[H:16][C:7]1([C:6]([C:5]([C:4]([C:9]([C:8]1([H:18])[H:19])([H:20])[H:21])([H:11])[C:2](=[O:1])[O:3][H:10])([H:12])[H:13])([H:14])[H:15])[H:17],,
11,0.005984613856135876,RESP2,hf/6-31g*,,0.55,H,resp2,12,[H:16][C:7]1([C:6]([C:5]([C:4]([C:9]([C:8]1([H:18])[H:19])([H:20])[H:21])([H:11])[C:2](=[O:1])[O:3][H:10])([H:12])[H:13])([H:14])[H:15])[H:17],,
12,0.0023440019814127307,RESP2,hf/6-31g*,,0.55,H,resp2,13,[H:16][C:7]1([C:6]([C:5]([C:4]([C:9]([C:8]1([H:18])[H:19])([H:20])[H:21])([H:11])[C:2](=[O:1])[O:3][H:10])([H:12])[H:13])([H:14])[H:15])[H:17],,
13,-0.0016141068481449247,RESP2,hf/6-31g*,,0.55,H,resp2,14,[H:16][C:7]1([C:6]([C:5]([C:4]([C:9]([C:8]1([H:18])[H:19])([H:20])[H:21])([H:11])[C:2](=[O:1])[O:3][H:10])([H:12])[H:13])([H:14])[H:15])[H:17],,
14,-0.0016345829426931658,RESP2,hf/6-31g*,,0.55,H,resp2,15,[H:16][C:7]1([C:6]([C:5]([C:4]([C:9]([C:8]1([H:18])[H:19])([H:20])[H:21])([H:11])[C:2](=[O:1])[O:3][H:10])([H:12])[H:13])([H:14])[H:15])[H:17],,
15,-0.011118633193012643,RESP2,hf/6-31g*,,0.55,H,resp2,16,[H:16][C:7]1([C:6]([C:5]([C:4]([C:9]([C:8]1([H:18])[H:19])([H:20])[H:21])([H:11])[C:2](=[O:1])[O:3][H:10])([H:12])[H:13])([H:14])[H:15])[H:17],,
16,-0.007515141201145569,RESP2,hf/6-31g*,,0.55,H,resp2,17,[H:16][C:7]1([C:6]([C:5]([C:4]([C:9]([C:8]1([H:18])[H:19])([H:20])[H:21])([H:11])[C:2](=[O:1])[O:3][H:10])([H:12])[H:13])([H:14])[H:15])[H:17],,
17,-0.006915534171156632,RESP2,hf/6-31g*,,0.55,H,resp2,18,[H:16][C:7]1([C:6]([C:5]([C:4]([C:9]([C:8]1([H:18])[H:19])([H:20])[H:21])([H:11])[C:2](=[O:1])[O:3][H:10])([H:12])[H:13])([H:14])[H:15])[H:17],,
18,-0.01019843762594339,RESP2,hf/6-31g*,,0.55,H,resp2,19,[H:16][C:7]1([C:6]([C:5]([C:4]([C:9]([C:8]1([H:18])[H:19])([H:20])[H:21])([H:11])[C:2](=[O:1])[O:3][H:10])([H:12])[H:13])([H:14])[H:15])[H:17],,
19,0.0012381328479687988,RESP2,hf/6-31g*,,0.55,H,resp2,20,[H:16][C:7]1([C:6]([C:5]([C:4]([C:9]([C:8]1([H:18])[H:19])([H:20])[H:21])([H:11])[C:2](=[O:1])[O:3][H:10])([H:12])[H:13])([H:14])[H:15])[H:17],,
20,0.0028141527535056757,RESP2,hf/6-31g*,,0.55,H,resp2,21,[H:16][C:7]1([C:6]([C:5]([C:4]([C:9]([C:8]1([H:18])[H:19])([H:20])[H:21])([H:11])[C:2](=[O:1])[O:3][H:10])([H:12])[H:13])([H:14])[H:15])[H:17],,
0,-0.6308998801958521,RESP2,hf/6-31g*,,0.6000000000000001,O,resp2,1,[H:16][C:7]1([C:6]([C:5]([C:4]([C:9]([C:8]1([H:18])[H:19])([H:20])[H:21])([H:11])[C:2](=[O:1])[O:3][H:10])([H:12])[H:13])([H:14])[H:15])[H:17],,
1,0.7176565572766725,RESP2,hf/6-31g*,,0.6000000000000001,C,resp2,2,[H:16][C:7]1([C:6]([C:5]([C:4]([C:9]([C:8]1([H:18])[H:19])([H:20])[H:21])([H:11])[C:2](=[O:1])[O:3][H:10])([H:12])[H:13])([H:14])[H:15])[H:17],,
2,-0.6669946612435442,RESP2,hf/6-31g*,,0.6000000000000001,O,resp2,3,[H:16][C:7]1([C:6]([C:5]([C:4]([C:9]([C:8]1([H:18])[H:19])([H:20])[H:21])([H:11])[C:2](=[O:1])[O:3][H:10])([H:12])[H:13])([H:14])[H:15])[H:17],,
3,0.050714700816256855,RESP2,hf/6-31g*,,0.6000000000000001,C,resp2,4,[H:16][C:7]1([C:6]([C:5]([C:4]([C:9]([C:8]1([H:18])[H:19])([H:20])[H:21])([H:11])[C:2](=[O:1])[O:3][H:10])([H:12])[H:13])([H:14])[H:15])[H:17],,
4,-0.0010605704783936704,RESP2,hf/6-31g*,,0.6000000000000001,C,resp2,5,[H:16][C:7]1([C:6]([C:5]([C:4]([C:9]([C:8]1([H:18])[H:19])([H:20])[H:21])([H:11])[C:2](=[O:1])[O:3][H:10])([H:12])[H:13])([H:14])[H:15])[H:17],,
5,0.008807442877906984,RESP2,hf/6-31g*,,0.6000000000000001,C,resp2,6,[H:16][C:7]1([C:6]([C:5]([C:4]([C:9]([C:8]1([H:18])[H:19])([H:20])[H:21])([H:11])[C:2](=[O:1])[O:3][H:10])([H:12])[H:13])([H:14])[H:15])[H:17],,
6,0.03149257353178996,RESP2,hf/6-31g*,,0.6000000000000001,C,resp2,7,[H:16][C:7]1([C:6]([C:5]([C:4]([C:9]([C:8]1([H:18])[H:19])([H:20])[H:21])([H:11])[C:2](=[O:1])[O:3][H:10])([H:12])[H:13])([H:14])[H:15])[H:17],,
7,0.02485259480053811,RESP2,hf/6-31g*,,0.6000000000000001,C,resp2,8,[H:16][C:7]1([C:6]([C:5]([C:4]([C:9]([C:8]1([H:18])[H:19])([H:20])[H:21])([H:11])[C:2](=[O:1])[O:3][H:10])([H:12])[H:13])([H:14])[H:15])[H:17],,
8,0.005277150367304844,RESP2,hf/6-31g*,,0.6000000000000001,C,resp2,9,[H:16][C:7]1([C:6]([C:5]([C:4]([C:9]([C:8]1([H:18])[H:19])([H:20])[H:21])([H:11])[C:2](=[O:1])[O:3][H:10])([H:12])[H:13])([H:14])[H:15])[H:17],,
9,0.4777259168137091,RESP2,hf/6-31g*,,0.6000000000000001,H,resp2,10,[H:16][C:7]1([C:6]([C:5]([C:4]([C:9]([C:8]1([H:18])[H:19])([H:20])[H:21])([H:11])[C:2](=[O:1])[O:3][H:10])([H:12])[H:13])([H:14])[H:15])[H:17],,
10,0.009814615923773577,RESP2,hf/6-31g*,,0.6000000000000001,H,resp2,11,[H:16][C:7]1([C:6]([C:5]([C:4]([C:9]([C:8]1([H:18])[H:19])([H:20])[H:21])([H:11])[C:2](=[O:1])[O:3][H:10])([H:12])[H:13])([H:14])[H:15])[H:17],,
11,0.005819538991605218,RESP2,hf/6-31g*,,0.6000000000000001,H,resp2,12,[H:16][C:7]1([C:6]([C:5]([C:4]([C:9]([C:8]1([H:18])[H:19])([H:20])[H:21])([H:11])[C:2](=[O:1])[O:3][H:10])([H:12])[H:13])([H:14])[H:15])[H:17],,
12,0.0025579897431617887,RESP2,hf/6-31g*,,0.6000000000000001,H,resp2,13,[H:16][C:7]1([C:6]([C:5]([C:4]([C:9]([C:8]1([H:18])[H:19])([H:20])[H:21])([H:11])[C:2](=[O:1])[O:3][H:10])([H:12])[H:13])([H:14])[H:15])[H:17],,
13,-0.0018095721667032985,RESP2,hf/6-31g*,,0.6000000000000001,H,resp2,14,[H:16][C:7]1([C:6]([C:5]([C:4]([C:9]([C:8]1([H:18])[H:19])([H:20])[H:21])([H:11])[C:2](=[O:1])[O:3][H:10])([H:12])[H:13])([H:14])[H:15])[H:17],,
14,-0.0019365769819723426,RESP2,hf/6-31g*,,0.6000000000000001,H,resp2,15,[H:16][C:7]1([C:6]([C:5]([C:4]([C:9]([C:8]1([H:18])[H:19])([H:20])[H:21])([H:11])[C:2](=[O:1])[O:3][H:10])([H:12])[H:13])([H:14])[H:15])[H:17],,
15,-0.011779923620573365,RESP2,hf/6-31g*,,0.6000000000000001,H,resp2,16,[H:16][C:7]1([C:6]([C:5]([C:4]([C:9]([C:8]1([H:18])[H:19])([H:20])[H:21])([H:11])[C:2](=[O:1])[O:3][H:10])([H:12])[H:13])([H:14])[H:15])[H:17],,
16,-0.008198922446560465,RESP2,hf/6-31g*,,0.6000000000000001,H,resp2,17,[H:16][C:7]1([C:6]([C:5]([C:4]([C:9]([C:8]1([H:18])[H:19])([H:20])[H:21])([H:11])[C:2](=[O:1])[O:3][H:10])([H:12])[H:13])([H:14])[H:15])[H:17],,
17,-0.006328479066619607,RESP2,hf/6-31g*,,0.6000000000000001,H,resp2,18,[H:16][C:7]1([C:6]([C:5]([C:4]([C:9]([C:8]1([H:18])[H:19])([H:20])[H:21])([H:11])[C:2](=[O:1])[O:3][H:10])([H:12])[H:13])([H:14])[H:15])[H:17],,
18,-0.009648455382673197,RESP2,hf/6-31g*,,0.6000000000000001,H,resp2,19,[H:16][C:7]1([C:6]([C:5]([C:4]([C:9]([C:8]1([H:18])[H:19])([H:20])[H:21])([H:11])[C:2](=[O:1])[O:3][H:10])([H:12])[H:13])([H:14])[H:15])[H:17],,
19,0.0011114109772935236,RESP2,hf/6-31g*,,0.6000000000000001,H,resp2,20,[H:16][C:7]1([C:6]([C:5]([C:4]([C:9]([C:8]1([H:18])[H:19])([H:20])[H:21])([H:11])[C:2](=[O:1])[O:3][H:10])([H:12])[H:13])([H:14])[H:15])[H:17],,
20,0.0028265494628798783,RESP2,hf/6-31g*,,0.6000000000000001,H,resp2,21,[H:16][C:7]1([C:6]([C:5]([C:4]([C:9]([C:8]1([H:18])[H:19])([H:20])[H:21])([H:11])[C:2](=[O:1])[O:3][H:10])([H:12])[H:13])([H:14])[H:15])[H:17],,
0,-0.6343648685535888,RESP2,hf/6-31g*,,0.65,O,resp2,1,[H:16][C:7]1([C:6]([C:5]([C:4]([C:9]([C:8]1([H:18])[H:19])([H:20])[H:21])([H:11])[C:2](=[O:1])[O:3][H:10])([H:12])[H:13])([H:14])[H:15])[H:17],,
1,0.7201061633729059,RESP2,hf/6-31g*,,0.65,C,resp2,2,[H:16][C:7]1([C:6]([C:5]([C:4]([C:9]([C:8]1([H:18])[H:19])([H:20])[H:21])([H:11])[C:2](=[O:1])[O:3][H:10])([H:12])[H:13])([H:14])[H:15])[H:17],,
2,-0.6684307894260518,RESP2,hf/6-31g*,,0.65,O,resp2,3,[H:16][C:7]1([C:6]([C:5]([C:4]([C:9]([C:8]1([H:18])[H:19])([H:20])[H:21])([H:11])[C:2](=[O:1])[O:3][H:10])([H:12])[H:13])([H:14])[H:15])[H:17],,
3,0.04887701571689832,RESP2,hf/6-31g*,,0.65,C,resp2,4,[H:16][C:7]1([C:6]([C:5]([C:4]([C:9]([C:8]1([H:18])[H:19])([H:20])[H:21])([H:11])[C:2](=[O:1])[O:3][H:10])([H:12])[H:13])([H:14])[H:15])[H:17],,
4,-0.0005332764931103446,RESP2,hf/6-31g*,,0.65,C,resp2,5,[H:16][C:7]1([C:6]([C:5]([C:4]([C:9]([C:8]1([H:18])[H:19])([H:20])[H:21])([H:11])[C:2](=[O:1])[O:3][H:10])([H:12])[H:13])([H:14])[H:15])[H:17],,
5,0.008981821491385917,RESP2,hf/6-31g*,,0.65,C,resp2,6,[H:16][C:7]1([C:6]([C:5]([C:4]([C:9]([C:8]1([H:18])[H:19])([H:20])[H:21])([H:11])[C:2](=[O:1])[O:3][H:10])([H:12])[H:13])([H:14])[H:15])[H:17],,
6,0.03421870712730954,RESP2,hf/6-31g*,,0.65,C,resp2,7,[H:16][C:7]1([C:6]([C:5]([C:4]([C:9]([C:8]1([H:18])[H:19])([H:20])[H:21])([H:11])[C:2](=[O:1])[O:3][H:10])([H:12])[H:13])([H:14])[H:15])[H:17],,
7,0.02254472385440933,RESP2,hf/6-31g*,,0.65,C,resp2,8,[H:16][C:7]1([C:6]([C:5]([C:4]([C:9]([C:8]1([H:18])[H:19])([H:20])[H:21])([H:11])[C:2](=[O:1])[O:3][H:10])([H:12])[H:13])([H:14])[H:15])[H:17],,
8,0.006247947168245413,RESP2,hf/6-31g*,,0.65,C,resp2,9,[H:16][C:7]1([C:6]([C:5]([C:4]([C:9]([C:8]1([H:18])[H:19])([H:20])[H:21])([H:11])[C:2](=[O:1])[O:3][H:10])([H:12])[H:13])([H:14])[H:15])[H:17],,
9,0.4795162996321542,RESP2,hf/6-31g*,,0.65,H,resp2,10,[H:16][C:7]1([C:6]([C:5]([C:4]([C:9]([C:8]1([H:18])[H:19])([H:20])[H:21])([H:11])[C:2](=[O:1])[O:3][H:10])([H:12])[H:13])([H:14])[H:15])[H:17],,
10,0.010993602546692453,RESP2,hf/6-31g*,,0.65,H,resp2,11,[H:16][C:7]1([C:6]([C:5]([C:4]([C:9]([C:8]1([H:18])[H:19])([H:20])[H:21])([H:11])[C:2](=[O:1])[O:3][H:10])([H:12])[H:13])([H:14])[H:15])[H:17],,
11,0.005654464127074588,RESP2,hf/6-31g*,,0.65,H,resp2,12,[H:16][C:7]1([C:6]([C:5]([C:4]([C:9]([C:8]1([H:18])[H:19])([H:20])[H:21])([H:11])[C:2](=[O:1])[O:3][H:10])([H:12])[H:13])([H:14])[H:15])[H:17],,
12,0.002771977504910874,RESP2,hf/6-31g*,,0.65,H,resp2,13,[H:16][C:7]1([C:6]([C:5]([C:4]([C:9]([C:8]1([H:18])[H:19])([H:20])[H:21])([H:11])[C:2](=[O:1])[O:3][H:10])([H:12])[H:13])([H:14])[H:15])[H:17],,
13,-0.0020050374852616432,RESP2,hf/6-31g*,,0.65,H,resp2,14,[H:16][C:7]1([C:6]([C:5]([C:4]([C:9]([C:8]1([H:18])[H:19])([H:20])[H:21])([H:11])[C:2](=[O:1])[O:3][H:10])([H:12])[H:13])([H:14])[H:15])[H:17],,
14,-0.0022385710212514897,RESP2,hf/6-31g*,,0.65,H,resp2,15,[H:16][C:7]1([C:6]([C:5]([C:4]([C:9]([C:8]1([H:18])[H:19])([H:20])[H:21])([H:11])[C:2](=[O:1])[O:3][H:10])([H:12])[H:13])([H:14])[H:15])[H:17],,
15,-0.012441214048134058,RESP2,hf/6-31g*,,0.65,H,resp2,16,[H:16][C:7]1([C:6]([C:5]([C:4]([C:9]([C:8]1([H:18])[H:19])([H:20])[H:21])([H:11])[C:2](=[O:1])[O:3][H:10])([H:12])[H:13])([H:14])[H:15])[H:17],,
16,-0.00888270369197533,RESP2,hf/6-31g*,,0.65,H,resp2,17,[H:16][C:7]1([C:6]([C:5]([C:4]([C:9]([C:8]1([H:18])[H:19])([H:20])[H:21])([H:11])[C:2](=[O:1])[O:3][H:10])([H:12])[H:13])([H:14])[H:15])[H:17],,
17,-0.005741423962082555,RESP2,hf/6-31g*,,0.65,H,resp2,18,[H:16][C:7]1([C:6]([C:5]([C:4]([C:9]([C:8]1([H:18])[H:19])([H:20])[H:21])([H:11])[C:2](=[O:1])[O:3][H:10])([H:12])[H:13])([H:14])[H:15])[H:17],,
18,-0.009098473139402976,RESP2,hf/6-31g*,,0.65,H,resp2,19,[H:16][C:7]1([C:6]([C:5]([C:4]([C:9]([C:8]1([H:18])[H:19])([H:20])[H:21])([H:11])[C:2](=[O:1])[O:3][H:10])([H:12])[H:13])([H:14])[H:15])[H:17],,
19,0.000984689106618277,RESP2,hf/6-31g*,,0.65,H,resp2,20,[H:16][C:7]1([C:6]([C:5]([C:4]([C:9]([C:8]1([H:18])[H:19])([H:20])[H:21])([H:11])[C:2](=[O:1])[O:3][H:10])([H:12])[H:13])([H:14])[H:15])[H:17],,
20,0.00283894617225411,RESP2,hf/6-31g*,,0.65,H,resp2,21,[H:16][C:7]1([C:6]([C:5]([C:4]([C:9]([C:8]1([H:18])[H:19])([H:20])[H:21])([H:11])[C:2](=[O:1])[O:3][H:10])([H:12])[H:13])([H:14])[H:15])[H:17],,
0,-0.6378298569113253,RESP2,hf/6-31g*,,0.7000000000000001,O,resp2,1,[H:16][C:7]1([C:6]([C:5]([C:4]([C:9]([C:8]1([H:18])[H:19])([H:20])[H:21])([H:11])[C:2](=[O:1])[O:3][H:10])([H:12])[H:13])([H:14])[H:15])[H:17],,
1,0.7225557694691395,RESP2,hf/6-31g*,,0.7000000000000001,C,resp2,2,[H:16][C:7]1([C:6]([C:5]([C:4]([C:9]([C:8]1([H:18])[H:19])([H:20])[H:21])([H:11])[C:2](=[O:1])[O:3][H:10])([H:12])[H:13])([H:14])[H:15])[H:17],,
2,-0.6698669176085594,RESP2,hf/6-31g*,,0.7000000000000001,O,resp2,3,[H:16][C:7]1([C:6]([C:5]([C:4]([C:9]([C:8]1([H:18])[H:19])([H:20])[H:21])([H:11])[C:2](=[O:1])[O:3][H:10])([H:12])[H:13])([H:14])[H:15])[H:17],,
3,0.04703933061753976,RESP2,hf/6-31g*,,0.7000000000000001,C,resp2,4,[H:16][C:7]1([C:6]([C:5]([C:4]([C:9]([C:8]1([H:18])[H:19])([H:20])[H:21])([H:11])[C:2](=[O:1])[O:3][H:10])([H:12])[H:13])([H:14])[H:15])[H:17],,
4,-5.9825078270300184e-06,RESP2,hf/6-31g*,,0.7000000000000001,C,resp2,5,[H:16][C:7]1([C:6]([C:5]([C:4]([C:9]([C:8]1([H:18])[H:19])([H:20])[H:21])([H:11])[C:2](=[O:1])[O:3][H:10])([H:12])[H:13])([H:14])[H:15])[H:17],,
5,0.009156200104864839,RESP2,hf/6-31g*,,0.7000000000000001,C,resp2,6,[H:16][C:7]1([C:6]([C:5]([C:4]([C:9]([C:8]1([H:18])[H:19])([H:20])[H:21])([H:11])[C:2](=[O:1])[O:3][H:10])([H:12])[H:13])([H:14])[H:15])[H:17],,
6,0.03694484072282911,RESP2,hf/6-31g*,,0.7000000000000001,C,resp2,7,[H:16][C:7]1([C:6]([C:5]([C:4]([C:9]([C:8]1([H:18])[H:19])([H:20])[H:21])([H:11])[C:2](=[O:1])[O:3][H:10])([H:12])[H:13])([H:14])[H:15])[H:17],,
7,0.020236852908280537,RESP2,hf/6-31g*,,0.7000000000000001,C,resp2,8,[H:16][C:7]1([C:6]([C:5]([C:4]([C:9]([C:8]1([H:18])[H:19])([H:20])[H:21])([H:11])[C:2](=[O:1])[O:3][H:10])([H:12])[H:13])([H:14])[H:15])[H:17],,
8,0.007218743969185971,RESP2,hf/6-31g*,,0.7000000000000001,C,resp2,9,[H:16][C:7]1([C:6]([C:5]([C:4]([C:9]([C:8]1([H:18])[H:19])([H:20])[H:21])([H:11])[C:2](=[O:1])[O:3][H:10])([H:12])[H:13])([H:14])[H:15])[H:17],,
9,0.4813066824505993,RESP2,hf/6-31g*,,0.7000000000000001,H,resp2,10,[H:16][C:7]1([C:6]([C:5]([C:4]([C:9]([C:8]1([H:18])[H:19])([H:20])[H:21])([H:11])[C:2](=[O:1])[O:3][H:10])([H:12])[H:13])([H:14])[H:15])[H:17],,
10,0.012172589169611319,RESP2,hf/6-31g*,,0.7000000000000001,H,resp2,11,[H:16][C:7]1([C:6]([C:5]([C:4]([C:9]([C:8]1([H:18])[H:19])([H:20])[H:21])([H:11])[C:2](=[O:1])[O:3][H:10])([H:12])[H:13])([H:14])[H:15])[H:17],,
11,0.005489389262543944,RESP2,hf/6-31g*,,0.7000000000000001,H,resp2,12,[H:16][C:7]1([C:6]([C:5]([C:4]([C:9]([C:8]1([H:18])[H:19])([H:20])[H:21])([H:11])[C:2](=[O:1])[O:3][H:10])([H:12])[H:13])([H:14])[H:15])[H:17],,
12,0.002985965266659948,RESP2,hf/6-31g*,,0.7000000000000001,H,resp2,13,[H:16][C:7]1([C:6]([C:5]([C:4]([C:9]([C:8]1([H:18])[H:19])([H:20])[H:21])([H:11])[C:2](=[O:1])[O:3][H:10])([H:12])[H:13])([H:14])[H:15])[H:17],,
13,-0.002200502803820001,RESP2,hf/6-31g*,,0.7000000000000001,H,resp2,14,[H:16][C:7]1([C:6]([C:5]([C:4]([C:9]([C:8]1([H:18])[H:19])([H:20])[H:21])([H:11])[C:2](=[O:1])[O:3][H:10])([H:12])[H:13])([H:14])[H:15])[H:17],,
14,-0.00254056506053065,RESP2,hf/6-31g*,,0.7000000000000001,H,resp2,15,[H:16][C:7]1([C:6]([C:5]([C:4]([C:9]([C:8]1([H:18])[H:19])([H:20])[H:21])([H:11])[C:2](=[O:1])[O:3][H:10])([H:12])[H:13])([H:14])[H:15])[H:17],,
15,-0.013102504475694764,RESP2,hf/6-31g*,,0.7000000000000001,H,resp2,16,[H:16][C:7]1([C:6]([C:5]([C:4]([C:9]([C:8]1([H:18])[H:19])([H:20])[H:21])([H:11])[C:2](=[O:1])[O:3][H:10])([H:12])[H:13])([H:14])[H:15])[H:17],,
16,-0.00956648493739021,RESP2,hf/6-31g*,,0.7000000000000001,H,resp2,17,[H:16][C:7]1([C:6]([C:5]([C:4]([C:9]([C:8]1([H:18])[H:19])([H:20])[H:21])([H:11])[C:2](=[O:1])[O:3][H:10])([H:12])[H:13])([H:14])[H:15])[H:17],,
17,-0.005154368857545514,RESP2,hf/6-31g*,,0.7000000000000001,H,resp2,18,[H:16][C:7]1([C:6]([C:5]([C:4]([C:9]([C:8]1([H:18])[H:19])([H:20])[H:21])([H:11])[C:2](=[O:1])[O:3][H:10])([H:12])[H:13])([H:14])[H:15])[H:17],,
18,-0.008548490896132768,RESP2,hf/6-31g*,,0.7000000000000001,H,resp2,19,[H:16][C:7]1([C:6]([C:5]([C:4]([C:9]([C:8]1([H:18])[H:19])([H:20])[H:21])([H:11])[C:2](=[O:1])[O:3][H:10])([H:12])[H:13])([H:14])[H:15])[H:17],,
19,0.000857967235943018,RESP2,hf/6-31g*,,0.7000000000000001,H,resp2,20,[H:16][C:7]1([C:6]([C:5]([C:4]([C:9]([C:8]1([H:18])[H:19])([H:20])[H:21])([H:11])[C:2](=[O:1])[O:3][H:10])([H:12])[H:13])([H:14])[H:15])[H:17],,
20,0.0028513428816283287,RESP2,hf/6-31g*,,0.7000000000000001,H,resp2,21,[H:16][C:7]1([C:6]([C:5]([C:4]([C:9]([C:8]1([H:18])[H:19])([H:20])[H:21])([H:11])[C:2](=[O:1])[O:3][H:10])([H:12])[H:13])([H:14])[H:15])[H:17],,
0,-0.6412948452690618,RESP2,hf/6-31g*,,0.75,O,resp2,1,[H:16][C:7]1([C:6]([C:5]([C:4]([C:9]([C:8]1([H:18])[H:19])([H:20])[H:21])([H:11])[C:2](=[O:1])[O:3][H:10])([H:12])[H:13])([H:14])[H:15])[H:17],,
1,0.725005375565373,RESP2,hf/6-31g*,,0.75,C,resp2,2,[H:16][C:7]1([C:6]([C:5]([C:4]([C:9]([C:8]1([H:18])[H:19])([H:20])[H:21])([H:11])[C:2](=[O:1])[O:3][H:10])([H:12])[H:13])([H:14])[H:15])[H:17],,
2,-0.671303045791067,RESP2,hf/6-31g*,,0.75,O,resp2,3,[H:16][C:7]1([C:6]([C:5]([C:4]([C:9]([C:8]1([H:18])[H:19])([H:20])[H:21])([H:11])[C:2](=[O:1])[O:3][H:10])([H:12])[H:13])([H:14])[H:15])[H:17],,
3,0.04520164551818122,RESP2,hf/6-31g*,,0.75,C,resp2,4,[H:16][C:7]1([C:6]([C:5]([C:4]([C:9]([C:8]1([H:18])[H:19])([H:20])[H:21])([H:11])[C:2](=[O:1])[O:3][H:10])([H:12])[H:13])([H:14])[H:15])[H:17],,
4,0.0005213114774562878,RESP2,hf/6-31g*,,0.75,C,resp2,5,[H:16][C:7]1([C:6]([C:5]([C:4]([C:9]([C:8]1([H:18])[H:19])([H:20])[H:21])([H:11])[C:2](=[O:1])[O:3][H:10])([H:12])[H:13])([H:14])[H:15])[H:17],,
5,0.009330578718343764,RESP2,hf/6-31g*,,0.75,C,resp2,6,[H:16][C:7]1([C:6]([C:5]([C:4]([C:9]([C:8]1([H:18])[H:19])([H:20])[H:21])([H:11])[C:2](=[O:1])[O:3][H:10])([H:12])[H:13])([H:14])[H:15])[H:17],,
6,0.03967097431834868,RESP2,hf/6-31g*,,0.75,C,resp2,7,[H:16][C:7]1([C:6]([C:5]([C:4]([C:9]([C:8]1([H:18])[H:19])([H:20])[H:21])([H:11])[C:2](=[O:1])[O:3][H:10])([H:12])[H:13])([H:14])[H:15])[H:17],,
7,0.01792898196215175,RESP2,hf/6-31g*,,0.75,C,resp2,8,[H:16][C:7]1([C:6]([C:5]([C:4]([C:9]([C:8]1([H:18])[H:19])([H:20])[H:21])([H:11])[C:2](=[O:1])[O:3][H:10])([H:12])[H:13])([H:14])[H:15])[H:17],,
8,0.008189540770126532,RESP2,hf/6-31g*,,0.75,C,resp2,9,[H:16][C:7]1([C:6]([C:5]([C:4]([C:9]([C:8]1([H:18])[H:19])([H:20])[H:21])([H:11])[C:2](=[O:1])[O:3][H:10])([H:12])[H:13])([H:14])[H:15])[H:17],,
9,0.4830970652690444,RESP2,hf/6-31g*,,0.75,H,resp2,10,[H:16][C:7]1([C:6]([C:5]([C:4]([C:9]([C:8]1([H:18])[H:19])([H:20])[H:21])([H:11])[C:2](=[O:1])[O:3][H:10])([H:12])[H:13])([H:14])[H:15])[H:17],,
10,0.013351575792530187,RESP2,hf/6-31g*,,0.75,H,resp2,11,[H:16][C:7]1([C:6]([C:5]([C:4]([C:9]([C:8]1([H:18])[H:19])([H:20])[H:21])([H:11])[C:2](=[O:1])[O:3][H:10])([H:12])[H:13])([H:14])[H:15])[H:17],,
11,0.0053243143980133065,RESP2,hf/6-31g*,,0.75,H,resp2,12,[H:16][C:7]1([C:6]([C:5]([C:4]([C:9]([C:8]1([H:18])[H:19])([H:20])[H:21])([H:11])[C:2](=[O:1])[O:3][H:10])([H:12])[H:13])([H:14])[H:15])[H:17],,
12,0.0031999530284090257,RESP2,hf/6-31g*,,0.75,H,resp2,13,[H:16][C:7]1([C:6]([C:5]([C:4]([C:9]([C:8]1([H:18])[H:19])([H:20])[H:21])([H:11])[C:2](=[O:1])[O:3][H:10])([H:12])[H:13])([H:14])[H:15])[H:17],,
13,-0.0023959681223783536,RESP2,hf/6-31g*,,0.75,H,resp2,14,[H:16][C:7]1([C:6]([C:5]([C:4]([C:9]([C:8]1([H:18])[H:19])([H:20])[H:21])([H:11])[C:2](=[O:1])[O:3][H:10])([H:12])[H:13])([H:14])[H:15])[H:17],,
14,-0.0028425590998098055,RESP2,hf/6-31g*,,0.75,H,resp2,15,[H:16][C:7]1([C:6]([C:5]([C:4]([C:9]([C:8]1([H:18])[H:19])([H:20])[H:21])([H:11])[C:2](=[O:1])[O:3][H:10])([H:12])[H:13])([H:14])[H:15])[H:17],,
15,-0.013763794903255466,RESP2,hf/6-31g*,,0.75,H,resp2,16,[H:16][C:7]1([C:6]([C:5]([C:4]([C:9]([C:8]1([H:18])[H:19])([H:20])[H:21])([H:11])[C:2](=[O:1])[O:3][H:10])([H:12])[H:13])([H:14])[H:15])[H:17],,
16,-0.010250266182805083,RESP2,hf/6-31g*,,0.75,H,resp2,17,[H:16][C:7]1([C:6]([C:5]([C:4]([C:9]([C:8]1([H:18])[H:19])([H:20])[H:21])([H:11])[C:2](=[O:1])[O:3][H:10])([H:12])[H:13])([H:14])[H:15])[H:17],,
17,-0.00456731375300847,RESP2,hf/6-31g*,,0.75,H,resp2,18,[H:16][C:7]1([C:6]([C:5]([C:4]([C:9]([C:8]1([H:18])[H:19])([H:20])[H:21])([H:11])[C:2](=[O:1])[O:3][H:10])([H:12])[H:13])([H:14])[H:15])[H:17],,
18,-0.007998508652862555,RESP2,hf/6-31g*,,0.75,H,resp2,19,[H:16][C:7]1([C:6]([C:5]([C:4]([C:9]([C:8]1([H:18])[H:19])([H:20])[H:21])([H:11])[C:2](=[O:1])[O:3][H:10])([H:12])[H:13])([H:14])[H:15])[H:17],,
19,0.0007312453652677638,RESP2,hf/6-31g*,,0.75,H,resp2,20,[H:16][C:7]1([C:6]([C:5]([C:4]([C:9]([C:8]1([H:18])[H:19])([H:20])[H:21])([H:11])[C:2](=[O:1])[O:3][H:10])([H:12])[H:13])([H:14])[H:15])[H:17],,
20,0.0028637395910025526,RESP2,hf/6-31g*,,0.75,H,resp2,21,[H:16][C:7]1([C:6]([C:5]([C:4]([C:9]([C:8]1([H:18])[H:19])([H:20])[H:21])([H:11])[C:2](=[O:1])[O:3][H:10])([H:12])[H:13])([H:14])[H:15])[H:17],,
0,-0.6447598336267983,RESP2,hf/6-31g*,,0.8,O,resp2,1,[H:16][C:7]1([C:6]([C:5]([C:4]([C:9]([C:8]1([H:18])[H:19])([H:20])[H:21])([H:11])[C:2](=[O:1])[O:3][H:10])([H:12])[H:13])([H:14])[H:15])[H:17],,
1,0.7274549816616066,RESP2,hf/6-31g*,,0.8,C,resp2,2,[H:16][C:7]1([C:6]([C:5]([C:4]([C:9]([C:8]1([H:18])[H:19])([H:20])[H:21])([H:11])[C:2](=[O:1])[O:3][H:10])([H:12])[H:13])([H:14])[H:15])[H:17],,
2,-0.6727391739735745,RESP2,hf/6-31g*,,0.8,O,resp2,3,[H:16][C:7]1([C:6]([C:5]([C:4]([C:9]([C:8]1([H:18])[H:19])([H:20])[H:21])([H:11])[C:2](=[O:1])[O:3][H:10])([H:12])[H:13])([H:14])[H:15])[H:17],,
3,0.043363960418822664,RESP2,hf/6-31g*,,0.8,C,resp2,4,[H:16][C:7]1([C:6]([C:5]([C:4]([C:9]([C:8]1([H:18])[H:19])([H:20])[H:21])([H:11])[C:2](=[O:1])[O:3][H:10])([H:12])[H:13])([H:14])[H:15])[H:17],,
4,0.0010486054627396027,RESP2,hf/6-31g*,,0.8,C,resp2,5,[H:16][C:7]1([C:6]([C:5]([C:4]([C:9]([C:8]1([H:18])[H:19])([H:20])[H:21])([H:11])[C:2](=[O:1])[O:3][H:10])([H:12])[H:13])([H:14])[H:15])[H:17],,
5,0.009504957331822687,RESP2,hf/6-31g*,,0.8,C,resp2,6,[H:16][C:7]1([C:6]([C:5]([C:4]([C:9]([C:8]1([H:18])[H:19])([H:20])[H:21])([H:11])[C:2](=[O:1])[O:3][H:10])([H:12])[H:13])([H:14])[H:15])[H:17],,
6,0.04239710791386825,RESP2,hf/6-31g*,,0.8,C,resp2,7,[H:16][C:7]1([C:6]([C:5]([C:4]([C:9]([C:8]1([H:18])[H:19])([H:20])[H:21])([H:11])[C:2](=[O:1])[O:3][H:10])([H:12])[H:13])([H:14])[H:15])[H:17],,
7,0.01562111101602295,RESP2,hf/6-31g*,,0.8,C,resp2,8,[H:16][C:7]1([C:6]([C:5]([C:4]([C:9]([C:8]1([H:18])[H:19])([H:20])[H:21])([H:11])[C:2](=[O:1])[O:3][H:10])([H:12])[H:13])([H:14])[H:15])[H:17],,
8,0.009160337571067089,RESP2,hf/6-31g*,,0.8,C,resp2,9,[H:16][C:7]1([C:6]([C:5]([C:4]([C:9]([C:8]1([H:18])[H:19])([H:20])[H:21])([H:11])[C:2](=[O:1])[O:3][H:10])([H:12])[H:13])([H:14])[H:15])[H:17],,
9,0.4848874480874895,RESP2,hf/6-31g*,,0.8,H,resp2,10,[H:16][C:7]1([C:6]([C:5]([C:4]([C:9]([C:8]1([H:18])[H:19])([H:20])[H:21])([H:11])[C:2](=[O:1])[O:3][H:10])([H:12])[H:13])([H:14])[H:15])[H:17],,
10,0.014530562415449052,RESP2,hf/6-31g*,,0.8,H,resp2,11,[H:16][C:7]1([C:6]([C:5]([C:4]([C:9]([C:8]1([H:18])[H:19])([H:20])[H:21])([H:11])[C:2](=[O:1])[O:3][H:10])([H:12])[H:13])([H:14])[H:15])[H:17],,
11,0.005159239533482664,RESP2,hf/6-31g*,,0.8,H,resp2,12,[H:16][C:7]1([C:6]([C:5]([C:4]([C:9]([C:8]1([H:18])[H:19])([H:20])[H:21])([H:11])[C:2](=[O:1])[O:3][H:10])([H:12])[H:13])([H:14])[H:15])[H:17],,
12,0.003413940790158099,RESP2,hf/6-31g*,,0.8,H,resp2,13,[H:16][C:7]1([C:6]([C:5]([C:4]([C:9]([C:8]1([H:18])[H:19])([H:20])[H:21])([H:11])[C:2](=[O:1])[O:3][H:10])([H:12])[H:13])([H:14])[H:15])[H:17],,
13,-0.002591433440936711,RESP2,hf/6-31g*,,0.8,H,resp2,14,[H:16][C:7]1([C:6]([C:5]([C:4]([C:9]([C:8]1([H:18])[H:19])([H:20])[H:21])([H:11])[C:2](=[O:1])[O:3][H:10])([H:12])[H:13])([H:14])[H:15])[H:17],,
14,-0.0031445531390889656,RESP2,hf/6-31g*,,0.8,H,resp2,15,[H:16][C:7]1([C:6]([C:5]([C:4]([C:9]([C:8]1([H:18])[H:19])([H:20])[H:21])([H:11])[C:2](=[O:1])[O:3][H:10])([H:12])[H:13])([H:14])[H:15])[H:17],,
15,-0.014425085330816174,RESP2,hf/6-31g*,,0.8,H,resp2,16,[H:16][C:7]1([C:6]([C:5]([C:4]([C:9]([C:8]1([H:18])[H:19])([H:20])[H:21])([H:11])[C:2](=[O:1])[O:3][H:10])([H:12])[H:13])([H:14])[H:15])[H:17],,
16,-0.010934047428219964,RESP2,hf/6-31g*,,0.8,H,resp2,17,[H:16][C:7]1([C:6]([C:5]([C:4]([C:9]([C:8]1([H:18])[H:19])([H:20])[H:21])([H:11])[C:2](=[O:1])[O:3][H:10])([H:12])[H:13])([H:14])[H:15])[H:17],,
17,-0.003980258648471428,RESP2,hf/6-31g*,,0.8,H,resp2,18,[H:16][C:7]1([C:6]([C:5]([C:4]([C:9]([C:8]1([H:18])[H:19])([H:20])[H:21])([H:11])[C:2](=[O:1])[O:3][H:10])([H:12])[H:13])([H:14])[H:15])[H:17],,
18,-0.007448526409592345,RESP2,hf/6-31g*,,0.8,H,resp2,19,[H:16][C:7]1([C:6]([C:5]([C:4]([C:9]([C:8]1([H:18])[H:19])([H:20])[H:21])([H:11])[C:2](=[O:1])[O:3][H:10])([H:12])[H:13])([H:14])[H:15])[H:17],,
19,0.0006045234945925048,RESP2,hf/6-31g*,,0.8,H,resp2,20,[H:16][C:7]1([C:6]([C:5]([C:4]([C:9]([C:8]1([H:18])[H:19])([H:20])[H:21])([H:11])[C:2](=[O:1])[O:3][H:10])([H:12])[H:13])([H:14])[H:15])[H:17],,
20,0.0028761363003767717,RESP2,hf/6-31g*,,0.8,H,resp2,21,[H:16][C:7]1([C:6]([C:5]([C:4]([C:9]([C:8]1([H:18])[H:19])([H:20])[H:21])([H:11])[C:2](=[O:1])[O:3][H:10])([H:12])[H:13])([H:14])[H:15])[H:17],,
0,-0.6482248219845349,RESP2,hf/6-31g*,,0.8500000000000001,O,resp2,1,[H:16][C:7]1([C:6]([C:5]([C:4]([C:9]([C:8]1([H:18])[H:19])([H:20])[H:21])([H:11])[C:2](=[O:1])[O:3][H:10])([H:12])[H:13])([H:14])[H:15])[H:17],,
1,0.7299045877578402,RESP2,hf/6-31g*,,0.8500000000000001,C,resp2,2,[H:16][C:7]1([C:6]([C:5]([C:4]([C:9]([C:8]1([H:18])[H:19])([H:20])[H:21])([H:11])[C:2](=[O:1])[O:3][H:10])([H:12])[H:13])([H:14])[H:15])[H:17],,
2,-0.6741753021560821,RESP2,hf/6-31g*,,0.8500000000000001,O,resp2,3,[H:16][C:7]1([C:6]([C:5]([C:4]([C:9]([C:8]1([H:18])[H:19])([H:20])[H:21])([H:11])[C:2](=[O:1])[O:3][H:10])([H:12])[H:13])([H:14])[H:15])[H:17],,
3,0.04152627531946411,RESP2,hf/6-31g*,,0.8500000000000001,C,resp2,4,[H:16][C:7]1([C:6]([C:5]([C:4]([C:9]([C:8]1([H:18])[H:19])([H:20])[H:21])([H:11])[C:2](=[O:1])[O:3][H:10])([H:12])[H:13])([H:14])[H:15])[H:17],,
4,0.001575899448022917,RESP2,hf/6-31g*,,0.8500000000000001,C,resp2,5,[H:16][C:7]1([C:6]([C:5]([C:4]([C:9]([C:8]1([H:18])[H:19])([H:20])[H:21])([H:11])[C:2](=[O:1])[O:3][H:10])([H:12])[H:13])([H:14])[H:15])[H:17],,
5,0.009679335945301609,RESP2,hf/6-31g*,,0.8500000000000001,C,resp2,6,[H:16][C:7]1([C:6]([C:5]([C:4]([C:9]([C:8]1([H:18])[H:19])([H:20])[H:21])([H:11])[C:2](=[O:1])[O:3][H:10])([H:12])[H:13])([H:14])[H:15])[H:17],,
6,0.04512324150938781,RESP2,hf/6-31g*,,0.8500000000000001,C,resp2,7,[H:16][C:7]1([C:6]([C:5]([C:4]([C:9]([C:8]1([H:18])[H:19])([H:20])[H:21])([H:11])[C:2](=[O:1])[O:3][H:10])([H:12])[H:13])([H:14])[H:15])[H:17],,
7,0.013313240069894155,RESP2,hf/6-31g*,,0.8500000000000001,C,resp2,8,[H:16][C:7]1([C:6]([C:5]([C:4]([C:9]([C:8]1([H:18])[H:19])([H:20])[H:21])([H:11])[C:2](=[O:1])[O:3][H:10])([H:12])[H:13])([H:14])[H:15])[H:17],,
8,0.010131134372007649,RESP2,hf/6-31g*,,0.8500000000000001,C,resp2,9,[H:16][C:7]1([C:6]([C:5]([C:4]([C:9]([C:8]1([H:18])[H:19])([H:20])[H:21])([H:11])[C:2](=[O:1])[O:3][H:10])([H:12])[H:13])([H:14])[H:15])[H:17],,
9,0.48667783090593464,RESP2,hf/6-31g*,,0.8500000000000001,H,resp2,10,[H:16][C:7]1([C:6]([C:5]([C:4]([C:9]([C:8]1([H:18])[H:19])([H:20])[H:21])([H:11])[C:2](=[O:1])[O:3][H:10])([H:12])[H:13])([H:14])[H:15])[H:17],,
10,0.015709549038367916,RESP2,hf/6-31g*,,0.8500000000000001,H,resp2,11,[H:16][C:7]1([C:6]([C:5]([C:4]([C:9]([C:8]1([H:18])[H:19])([H:20])[H:21])([H:11])[C:2](=[O:1])[O:3][H:10])([H:12])[H:13])([H:14])[H:15])[H:17],,
11,0.004994164668952021,RESP2,hf/6-31g*,,0.8500000000000001,H,resp2,12,[H:16][C:7]1([C:6]([C:5]([C:4]([C:9]([C:8]1([H:18])[H:19])([H:20])[H:21])([H:11])[C:2](=[O:1])[O:3][H:10])([H:12])[H:13])([H:14])[H:15])[H:17],,
12,0.0036279285519071726,RESP2,hf/6-31g*,,0.8500000000000001,H,resp2,13,[H:16][C:7]1([C:6]([C:5]([C:4]([C:9]([C:8]1([H:18])[H:19])([H:20])[H:21])([H:11])[C:2](=[O:1])[O:3][H:10])([H:12])[H:13])([H:14])[H:15])[H:17],,
13,-0.002786898759495069,RESP2,hf/6-31g*,,0.8500000000000001,H,resp2,14,[H:16][C:7]1([C:6]([C:5]([C:4]([C:9]([C:8]1([H:18])[H:19])([H:20])[H:21])([H:11])[C:2](=[O:1])[O:3][H:10])([H:12])[H:13])([H:14])[H:15])[H:17],,
14,-0.0034465471783681266,RESP2,hf/6-31g*,,0.8500000000000001,H,resp2,15,[H:16][C:7]1([C:6]([C:5]([C:4]([C:9]([C:8]1([H:18])[H:19])([H:20])[H:21])([H:11])[C:2](=[O:1])[O:3][H:10])([H:12])[H:13])([H:14])[H:15])[H:17],,
15,-0.01508637575837688,RESP2,hf/6-31g*,,0.8500000000000001,H,resp2,16,[H:16][C:7]1([C:6]([C:5]([C:4]([C:9]([C:8]1([H:18])[H:19])([H:20])[H:21])([H:11])[C:2](=[O:1])[O:3][H:10])([H:12])[H:13])([H:14])[H:15])[H:17],,
16,-0.011617828673634843,RESP2,hf/6-31g*,,0.8500000000000001,H,resp2,17,[H:16][C:7]1([C:6]([C:5]([C:4]([C:9]([C:8]1([H:18])[H:19])([H:20])[H:21])([H:11])[C:2](=[O:1])[O:3][H:10])([H:12])[H:13])([H:14])[H:15])[H:17],,
17,-0.003393203543934387,RESP2,hf/6-31g*,,0.8500000000000001,H,resp2,18,[H:16][C:7]1([C:6]([C:5]([C:4]([C:9]([C:8]1([H:18])[H:19])([H:20])[H:21])([H:11])[C:2](=[O:1])[O:3][H:10])([H:12])[H:13])([H:14])[H:15])[H:17],,
18,-0.006898544166322137,RESP2,hf/6-31g*,,0.8500000000000001,H,resp2,19,[H:16][C:7]1([C:6]([C:5]([C:4]([C:9]([C:8]1([H:18])[H:19])([H:20])[H:21])([H:11])[C:2](=[O:1])[O:3][H:10])([H:12])[H:13])([H:14])[H:15])[H:17],,
19,0.00047780162391724526,RESP2,hf/6-31g*,,0.8500000000000001,H,resp2,20,[H:16][C:7]1([C:6]([C:5]([C:4]([C:9]([C:8]1([H:18])[H:19])([H:20])[H:21])([H:11])[C:2](=[O:1])[O:3][H:10])([H:12])[H:13])([H:14])[H:15])[H:17],,
20,0.002888533009750991,RESP2,hf/6-31g*,,0.8500000000000001,H,resp2,21,[H:16][C:7]1([C:6]([C:5]([C:4]([C:9]([C:8]1([H:18])[H:19])([H:20])[H:21])([H:11])[C:2](=[O:1])[O:3][H:10])([H:12])[H:13])([H:14])[H:15])[H:17],,
0,-0.6516898103422714,RESP2,hf/6-31g*,,0.9,O,resp2,1,[H:16][C:7]1([C:6]([C:5]([C:4]([C:9]([C:8]1([H:18])[H:19])([H:20])[H:21])([H:11])[C:2](=[O:1])[O:3][H:10])([H:12])[H:13])([H:14])[H:15])[H:17],,
1,0.7323541938540736,RESP2,hf/6-31g*,,0.9,C,resp2,2,[H:16][C:7]1([C:6]([C:5]([C:4]([C:9]([C:8]1([H:18])[H:19])([H:20])[H:21])([H:11])[C:2](=[O:1])[O:3][H:10])([H:12])[H:13])([H:14])[H:15])[H:17],,
2,-0.6756114303385896,RESP2,hf/6-31g*,,0.9,O,resp2,3,[H:16][C:7]1([C:6]([C:5]([C:4]([C:9]([C:8]1([H:18])[H:19])([H:20])[H:21])([H:11])[C:2](=[O:1])[O:3][H:10])([H:12])[H:13])([H:14])[H:15])[H:17],,
3,0.03968859022010556,RESP2,hf/6-31g*,,0.9,C,resp2,4,[H:16][C:7]1([C:6]([C:5]([C:4]([C:9]([C:8]1([H:18])[H:19])([H:20])[H:21])([H:11])[C:2](=[O:1])[O:3][H:10])([H:12])[H:13])([H:14])[H:15])[H:17],,
4,0.00210319343330624,RESP2,hf/6-31g*,,0.9,C,resp2,5,[H:16][C:7]1([C:6]([C:5]([C:4]([C:9]([C:8]1([H:18])[H:19])([H:20])[H:21])([H:11])[C:2](=[O:1])[O:3][H:10])([H:12])[H:13])([H:14])[H:15])[H:17],,
5,0.009853714558780539,RESP2,hf/6-31g*,,0.9,C,resp2,6,[H:16][C:7]1([C:6]([C:5]([C:4]([C:9]([C:8]1([H:18])[H:19])([H:20])[H:21])([H:11])[C:2](=[O:1])[O:3][H:10])([H:12])[H:13])([H:14])[H:15])[H:17],,
6,0.04784937510490738,RESP2,hf/6-31g*,,0.9,C,resp2,7,[H:16][C:7]1([C:6]([C:5]([C:4]([C:9]([C:8]1([H:18])[H:19])([H:20])[H:21])([H:11])[C:2](=[O:1])[O:3][H:10])([H:12])[H:13])([H:14])[H:15])[H:17],,
7,0.01100536912376537,RESP2,hf/6-31g*,,0.9,C,resp2,8,[H:16][C:7]1([C:6]([C:5]([C:4]([C:9]([C:8]1([H:18])[H:19])([H:20])[H:21])([H:11])[C:2](=[O:1])[O:3][H:10])([H:12])[H:13])([H:14])[H:15])[H:17],,
8,0.011101931172948214,RESP2,hf/6-31g*,,0.9,C,resp2,9,[H:16][C:7]1([C:6]([C:5]([C:4]([C:9]([C:8]1([H:18])[H:19])([H:20])[H:21])([H:11])[C:2](=[O:1])[O:3][H:10])([H:12])[H:13])([H:14])[H:15])[H:17],,
9,0.4884682137243797,RESP2,hf/6-31g*,,0.9,H,resp2,10,[H:16][C:7]1([C:6]([C:5]([C:4]([C:9]([C:8]1([H:18])[H:19])([H:20])[H:21])([H:11])[C:2](=[O:1])[O:3][H:10])([H:12])[H:13])([H:14])[H:15])[H:17],,
10,0.016888535661286796,RESP2,hf/6-31g*,,0.9,H,resp2,11,[H:16][C:7]1([C:6]([C:5]([C:4]([C:9]([C:8]1([H:18])[H:19])([H:20])[H:21])([H:11])[C:2](=[O:1])[O:3][H:10])([H:12])[H:13])([H:14])[H:15])[H:17],,
11,0.004829089804421387,RESP2,hf/6-31g*,,0.9,H,resp2,12,[H:16][C:7]1([C:6]([C:5]([C:4]([C:9]([C:8]1([H:18])[H:19])([H:20])[H:21])([H:11])[C:2](=[O:1])[O:3][H:10])([H:12])[H:13])([H:14])[H:15])[H:17],,
12,0.0038419163136562554,RESP2,hf/6-31g*,,0.9,H,resp2,13,[H:16][C:7]1([C:6]([C:5]([C:4]([C:9]([C:8]1([H:18])[H:19])([H:20])[H:21])([H:11])[C:2](=[O:1])[O:3][H:10])([H:12])[H:13])([H:14])[H:15])[H:17],,
13,-0.0029823640780534165,RESP2,hf/6-31g*,,0.9,H,resp2,14,[H:16][C:7]1([C:6]([C:5]([C:4]([C:9]([C:8]1([H:18])[H:19])([H:20])[H:21])([H:11])[C:2](=[O:1])[O:3][H:10])([H:12])[H:13])([H:14])[H:15])[H:17],,
14,-0.0037485412176472763,RESP2,hf/6-31g*,,0.9,H,resp2,15,[H:16][C:7]1([C:6]([C:5]([C:4]([C:9]([C:8]1([H:18])[H:19])([H:20])[H:21])([H:11])[C:2](=[O:1])[O:3][H:10])([H:12])[H:13])([H:14])[H:15])[H:17],,
15,-0.015747666185937575,RESP2,hf/6-31g*,,0.9,H,resp2,16,[H:16][C:7]1([C:6]([C:5]([C:4]([C:9]([C:8]1([H:18])[H:19])([H:20])[H:21])([H:11])[C:2](=[O:1])[O:3][H:10])([H:12])[H:13])([H:14])[H:15])[H:17],,
16,-0.012301609919049711,RESP2,hf/6-31g*,,0.9,H,resp2,17,[H:16][C:7]1([C:6]([C:5]([C:4]([C:9]([C:8]1([H:18])[H:19])([H:20])[H:21])([H:11])[C:2](=[O:1])[O:3][H:10])([H:12])[H:13])([H:14])[H:15])[H:17],,
17,-0.0028061484393973376,RESP2,hf/6-31g*,,0.9,H,resp2,18,[H:16][C:7]1([C:6]([C:5]([C:4]([C:9]([C:8]1([H:18])[H:19])([H:20])[H:21])([H:11])[C:2](=[O:1])[O:3][H:10])([H:12])[H:13])([H:14])[H:15])[H:17],,
18,-0.00634856192305192,RESP2,hf/6-31g*,,0.9,H,resp2,19,[H:16][C:7]1([C:6]([C:5]([C:4]([C:9]([C:8]1([H:18])[H:19])([H:20])[H:21])([H:11])[C:2](=[O:1])[O:3][H:10])([H:12])[H:13])([H:14])[H:15])[H:17],,
19,0.000351079753241996,RESP2,hf/6-31g*,,0.9,H,resp2,20,[H:16][C:7]1([C:6]([C:5]([C:4]([C:9]([C:8]1([H:18])[H:19])([H:20])[H:21])([H:11])[C:2](=[O:1])[O:3][H:10])([H:12])[H:13])([H:14])[H:15])[H:17],,
20,0.0029009297191252194,RESP2,hf/6-31g*,,0.9,H,resp2,21,[H:16][C:7]1([C:6]([C:5]([C:4]([C:9]([C:8]1([H:18])[H:19])([H:20])[H:21])([H:11])[C:2](=[O:1])[O:3][H:10])([H:12])[H:13])([H:14])[H:15])[H:17],,
0,-0.6551547987000079,RESP2,hf/6-31g*,,0.9500000000000001,O,resp2,1,[H:16][C:7]1([C:6]([C:5]([C:4]([C:9]([C:8]1([H:18])[H:19])([H:20])[H:21])([H:11])[C:2](=[O:1])[O:3][H:10])([H:12])[H:13])([H:14])[H:15])[H:17],,
1,0.7348037999503073,RESP2,hf/6-31g*,,0.9500000000000001,C,resp2,2,[H:16][C:7]1([C:6]([C:5]([C:4]([C:9]([C:8]1([H:18])[H:19])([H:20])[H:21])([H:11])[C:2](=[O:1])[O:3][H:10])([H:12])[H:13])([H:14])[H:15])[H:17],,
2,-0.6770475585210972,RESP2,hf/6-31g*,,0.9500000000000001,O,resp2,3,[H:16][C:7]1([C:6]([C:5]([C:4]([C:9]([C:8]1([H:18])[H:19])([H:20])[H:21])([H:11])[C:2](=[O:1])[O:3][H:10])([H:12])[H:13])([H:14])[H:15])[H:17],,
3,0.03785090512074701,RESP2,hf/6-31g*,,0.9500000000000001,C,resp2,4,[H:16][C:7]1([C:6]([C:5]([C:4]([C:9]([C:8]1([H:18])[H:19])([H:20])[H:21])([H:11])[C:2](=[O:1])[O:3][H:10])([H:12])[H:13])([H:14])[H:15])[H:17],,
4,0.002630487418589557,RESP2,hf/6-31g*,,0.9500000000000001,C,resp2,5,[H:16][C:7]1([C:6]([C:5]([C:4]([C:9]([C:8]1([H:18])[H:19])([H:20])[H:21])([H:11])[C:2](=[O:1])[O:3][H:10])([H:12])[H:13])([H:14])[H:15])[H:17],,
5,0.010028093172259465,RESP2,hf/6-31g*,,0.9500000000000001,C,resp2,6,[H:16][C:7]1([C:6]([C:5]([C:4]([C:9]([C:8]1([H:18])[H:19])([H:20])[H:21])([H:11])[C:2](=[O:1])[O:3][H:10])([H:12])[H:13])([H:14])[H:15])[H:17],,
6,0.05057550870042696,RESP2,hf/6-31g*,,0.9500000000000001,C,resp2,7,[H:16][C:7]1([C:6]([C:5]([C:4]([C:9]([C:8]1([H:18])[H:19])([H:20])[H:21])([H:11])[C:2](=[O:1])[O:3][H:10])([H:12])[H:13])([H:14])[H:15])[H:17],,
7,0.008697498177636577,RESP2,hf/6-31g*,,0.9500000000000001,C,resp2,8,[H:16][C:7]1([C:6]([C:5]([C:4]([C:9]([C:8]1([H:18])[H:19])([H:20])[H:21])([H:11])[C:2](=[O:1])[O:3][H:10])([H:12])[H:13])([H:14])[H:15])[H:17],,
8,0.012072727973888775,RESP2,hf/6-31g*,,0.9500000000000001,C,resp2,9,[H:16][C:7]1([C:6]([C:5]([C:4]([C:9]([C:8]1([H:18])[H:19])([H:20])[H:21])([H:11])[C:2](=[O:1])[O:3][H:10])([H:12])[H:13])([H:14])[H:15])[H:17],,
9,0.49025859654282483,RESP2,hf/6-31g*,,0.9500000000000001,H,resp2,10,[H:16][C:7]1([C:6]([C:5]([C:4]([C:9]([C:8]1([H:18])[H:19])([H:20])[H:21])([H:11])[C:2](=[O:1])[O:3][H:10])([H:12])[H:13])([H:14])[H:15])[H:17],,
10,0.01806752228420566,RESP2,hf/6-31g*,,0.9500000000000001,H,resp2,11,[H:16][C:7]1([C:6]([C:5]([C:4]([C:9]([C:8]1([H:18])[H:19])([H:20])[H:21])([H:11])[C:2](=[O:1])[O:3][H:10])([H:12])[H:13])([H:14])[H:15])[H:17],,
11,0.004664014939890747,RESP2,hf/6-31g*,,0.9500000000000001,H,resp2,12,[H:16][C:7]1([C:6]([C:5]([C:4]([C:9]([C:8]1([H:18])[H:19])([H:20])[H:21])([H:11])[C:2](=[O:1])[O:3][H:10])([H:12])[H:13])([H:14])[H:15])[H:17],,
12,0.004055904075405331,RESP2,hf/6-31g*,,0.9500000000000001,H,resp2,13,[H:16][C:7]1([C:6]([C:5]([C:4]([C:9]([C:8]1([H:18])[H:19])([H:20])[H:21])([H:11])[C:2](=[O:1])[O:3][H:10])([H:12])[H:13])([H:14])[H:15])[H:17],,
13,-0.003177829396611772,RESP2,hf/6-31g*,,0.9500000000000001,H,resp2,14,[H:16][C:7]1([C:6]([C:5]([C:4]([C:9]([C:8]1([H:18])[H:19])([H:20])[H:21])([H:11])[C:2](=[O:1])[O:3][H:10])([H:12])[H:13])([H:14])[H:15])[H:17],,
14,-0.004050535256926435,RESP2,hf/6-31g*,,0.9500000000000001,H,resp2,15,[H:16][C:7]1([C:6]([C:5]([C:4]([C:9]([C:8]1([H:18])[H:19])([H:20])[H:21])([H:11])[C:2](=[O:1])[O:3][H:10])([H:12])[H:13])([H:14])[H:15])[H:17],,
15,-0.01640895661349828,RESP2,hf/6-31g*,,0.9500000000000001,H,resp2,16,[H:16][C:7]1([C:6]([C:5]([C:4]([C:9]([C:8]1([H:18])[H:19])([H:20])[H:21])([H:11])[C:2](=[O:1])[O:3][H:10])([H:12])[H:13])([H:14])[H:15])[H:17],,
16,-0.012985391164464588,RESP2,hf/6-31g*,,0.9500000000000001,H,resp2,17,[H:16][C:7]1([C:6]([C:5]([C:4]([C:9]([C:8]1([H:18])[H:19])([H:20])[H:21])([H:11])[C:2](=[O:1])[O:3][H:10])([H:12])[H:13])([H:14])[H:15])[H:17],,
17,-0.0022190933348602937,RESP2,hf/6-31g*,,0.9500000000000001,H,resp2,18,[H:16][C:7]1([C:6]([C:5]([C:4]([C:9]([C:8]1([H:18])[H:19])([H:20])[H:21])([H:11])[C:2](=[O:1])[O:3][H:10])([H:12])[H:13])([H:14])[H:15])[H:17],,
18,-0.005798579679781708,RESP2,hf/6-31g*,,0.9500000000000001,H,resp2,19,[H:16][C:7]1([C:6]([C:5]([C:4]([C:9]([C:8]1([H:18])[H:19])([H:20])[H:21])([H:11])[C:2](=[O:1])[O:3][H:10])([H:12])[H:13])([H:14])[H:15])[H:17],,
19,0.00022435788256673923,RESP2,hf/6-31g*,,0.9500000000000001,H,resp2,20,[H:16][C:7]1([C:6]([C:5]([C:4]([C:9]([C:8]1([H:18])[H:19])([H:20])[H:21])([H:11])[C:2](=[O:1])[O:3][H:10])([H:12])[H:13])([H:14])[H:15])[H:17],,
20,0.0029133264284994403,RESP2,hf/6-31g*,,0.9500000000000001,H,resp2,21,[H:16][C:7]1([C:6]([C:5]([C:4]([C:9]([C:8]1([H:18])[H:19])([H:20])[H:21])([H:11])[C:2](=[O:1])[O:3][H:10])([H:12])[H:13])([H:14])[H:15])[H:17],,
0,-0.6586197870577446,RESP2,hf/6-31g*,,1.0,O,resp2,1,[H:16][C:7]1([C:6]([C:5]([C:4]([C:9]([C:8]1([H:18])[H:19])([H:20])[H:21])([H:11])[C:2](=[O:1])[O:3][H:10])([H:12])[H:13])([H:14])[H:15])[H:17],,
1,0.7372534060465407,RESP2,hf/6-31g*,,1.0,C,resp2,2,[H:16][C:7]1([C:6]([C:5]([C:4]([C:9]([C:8]1([H:18])[H:19])([H:20])[H:21])([H:11])[C:2](=[O:1])[O:3][H:10])([H:12])[H:13])([H:14])[H:15])[H:17],,
2,-0.6784836867036048,RESP2,hf/6-31g*,,1.0,O,resp2,3,[H:16][C:7]1([C:6]([C:5]([C:4]([C:9]([C:8]1([H:18])[H:19])([H:20])[H:21])([H:11])[C:2](=[O:1])[O:3][H:10])([H:12])[H:13])([H:14])[H:15])[H:17],,
3,0.036013220021388466,RESP2,hf/6-31g*,,1.0,C,resp2,4,[H:16][C:7]1([C:6]([C:5]([C:4]([C:9]([C:8]1([H:18])[H:19])([H:20])[H:21])([H:11])[C:2](=[O:1])[O:3][H:10])([H:12])[H:13])([H:14])[H:15])[H:17],,
4,0.003157781403872878,RESP2,hf/6-31g*,,1.0,C,resp2,5,[H:16][C:7]1([C:6]([C:5]([C:4]([C:9]([C:8]1([H:18])[H:19])([H:20])[H:21])([H:11])[C:2](=[O:1])[O:3][H:10])([H:12])[H:13])([H:14])[H:15])[H:17],,
5,0.010202471785738394,RESP2,hf/6-31g*,,1.0,C,resp2,6,[H:16][C:7]1([C:6]([C:5]([C:4]([C:9]([C:8]1([H:18])[H:19])([H:20])[H:21])([H:11])[C:2](=[O:1])[O:3][H:10])([H:12])[H:13])([H:14])[H:15])[H:17],,
6,0.05330164229594653,RESP2,hf/6-31g*,,1.0,C,resp2,7,[H:16][C:7]1([C:6]([C:5]([C:4]([C:9]([C:8]1([H:18])[H:19])([H:20])[H:21])([H:11])[C:2](=[O:1])[O:3][H:10])([H:12])[H:13])([H:14])[H:15])[H:17],,
7,0.006389627231507792,RESP2,hf/6-31g*,,1.0,C,resp2,8,[H:16][C:7]1([C:6]([C:5]([C:4]([C:9]([C:8]1([H:18])[H:19])([H:20])[H:21])([H:11])[C:2](=[O:1])[O:3][H:10])([H:12])[H:13])([H:14])[H:15])[H:17],,
8,0.013043524774829339,RESP2,hf/6-31g*,,1.0,C,resp2,9,[H:16][C:7]1([C:6]([C:5]([C:4]([C:9]([C:8]1([H:18])[H:19])([H:20])[H:21])([H:11])[C:2](=[O:1])[O:3][H:10])([H:12])[H:13])([H:14])[H:15])[H:17],,
9,0.49204897936126996,RESP2,hf/6-31g*,,1.0,H,resp2,10,[H:16][C:7]1([C:6]([C:5]([C:4]([C:9]([C:8]1([H:18])[H:19])([H:20])[H:21])([H:11])[C:2](=[O:1])[O:3][H:10])([H:12])[H:13])([H:14])[H:15])[H:17],,
10,0.019246508907124534,RESP2,hf/6-31g*,,1.0,H,resp2,11,[H:16][C:7]1([C:6]([C:5]([C:4]([C:9]([C:8]1([H:18])[H:19])([H:20])[H:21])([H:11])[C:2](=[O:1])[O:3][H:10])([H:12])[H:13])([H:14])[H:15])[H:17],,
11,0.004498940075360112,RESP2,hf/6-31g*,,1.0,H,resp2,12,[H:16][C:7]1([C:6]([C:5]([C:4]([C:9]([C:8]1([H:18])[H:19])([H:20])[H:21])([H:11])[C:2](=[O:1])[O:3][H:10])([H:12])[H:13])([H:14])[H:15])[H:17],,
12,0.004269891837154412,RESP2,hf/6-31g*,,1.0,H,resp2,13,[H:16][C:7]1([C:6]([C:5]([C:4]([C:9]([C:8]1([H:18])[H:19])([H:20])[H:21])([H:11])[C:2](=[O:1])[O:3][H:10])([H:12])[H:13])([H:14])[H:15])[H:17],,
13,-0.0033732947151701217,RESP2,hf/6-31g*,,1.0,H,resp2,14,[H:16][C:7]1([C:6]([C:5]([C:4]([C:9]([C:8]1([H:18])[H:19])([H:20])[H:21])([H:11])[C:2](=[O:1])[O:3][H:10])([H:12])[H:13])([H:14])[H:15])[H:17],,
14,-0.004352529296205587,RESP2,hf/6-31g*,,1.0,H,resp2,15,[H:16][C:7]1([C:6]([C:5]([C:4]([C:9]([C:8]1([H:18])[H:19])([H:20])[H:21])([H:11])[C:2](=[O:1])[O:3][H:10])([H:12])[H:13])([H:14])[H:15])[H:17],,
15,-0.017070247041058976,RESP2,hf/6-31g*,,1.0,H,resp2,16,[H:16][C:7]1([C:6]([C:5]([C:4]([C:9]([C:8]1([H:18])[H:19])([H:20])[H:21])([H:11])[C:2](=[O:1])[O:3][H:10])([H:12])[H:13])([H:14])[H:15])[H:17],,
16,-0.013669172409879459,RESP2,hf/6-31g*,,1.0,H,resp2,17,[H:16][C:7]1([C:6]([C:5]([C:4]([C:9]([C:8]1([H:18])[H:19])([H:20])[H:21])([H:11])[C:2](=[O:1])[O:3][H:10])([H:12])[H:13])([H:14])[H:15])[H:17],,
17,-0.0016320382303232463,RESP2,hf/6-31g*,,1.0,H,resp2,18,[H:16][C:7]1([C:6]([C:5]([C:4]([C:9]([C:8]1([H:18])[H:19])([H:20])[H:21])([H:11])[C:2](=[O:1])[O:3][H:10])([H:12])[H:13])([H:14])[H:15])[H:17],,
18,-0.0052485974365114926,RESP2,hf/6-31g*,,1.0,H,resp2,19,[H:16][C:7]1([C:6]([C:5]([C:4]([C:9]([C:8]1([H:18])[H:19])([H:20])[H:21])([H:11])[C:2](=[O:1])[O:3][H:10])([H:12])[H:13])([H:14])[H:15])[H:17],,
19,9.763601189148827e-05,RESP2,hf/6-31g*,,1.0,H,resp2,20,[H:16][C:7]1([C:6]([C:5]([C:4]([C:9]([C:8]1([H:18])[H:19])([H:20])[H:21])([H:11])[C:2](=[O:1])[O:3][H:10])([H:12])[H:13])([H:14])[H:15])[H:17],,
20,0.002925723137873667,RESP2,hf/6-31g*,,1.0,H,resp2,21,[H:16][C:7]1([C:6]([C:5]([C:4]([C:9]([C:8]1([H:18])[H:19])([H:20])[H:21])([H:11])[C:2](=[O:1])[O:3][H:10])([H:12])[H:13])([H:14])[H:15])[H:17],,
0,-0.5161473113483075,RESP2,b3lyp-d3bj/dzvp,1.0,0.0,O,hf,1,[H:16][C:7]1([C:6]([C:5]([C:4]([C:9]([C:8]1([H:18])[H:19])([H:20])[H:21])([H:11])[C:2](=[O:1])[O:3][H:10])([H:12])[H:13])([H:14])[H:15])[H:17],,
1,0.5408125177217947,RESP2,b3lyp-d3bj/dzvp,1.0,0.0,C,hf,2,[H:16][C:7]1([C:6]([C:5]([C:4]([C:9]([C:8]1([H:18])[H:19])([H:20])[H:21])([H:11])[C:2](=[O:1])[O:3][H:10])([H:12])[H:13])([H:14])[H:15])[H:17],,
2,-0.5829962414149537,RESP2,b3lyp-d3bj/dzvp,1.0,0.0,O,hf,3,[H:16][C:7]1([C:6]([C:5]([C:4]([C:9]([C:8]1([H:18])[H:19])([H:20])[H:21])([H:11])[C:2](=[O:1])[O:3][H:10])([H:12])[H:13])([H:14])[H:15])[H:17],,
3,0.11254150431693288,RESP2,b3lyp-d3bj/dzvp,1.0,0.0,C,hf,4,[H:16][C:7]1([C:6]([C:5]([C:4]([C:9]([C:8]1([H:18])[H:19])([H:20])[H:21])([H:11])[C:2](=[O:1])[O:3][H:10])([H:12])[H:13])([H:14])[H:15])[H:17],,
4,-0.02459953695722477,RESP2,b3lyp-d3bj/dzvp,1.0,0.0,C,hf,5,[H:16][C:7]1([C:6]([C:5]([C:4]([C:9]([C:8]1([H:18])[H:19])([H:20])[H:21])([H:11])[C:2](=[O:1])[O:3][H:10])([H:12])[H:13])([H:14])[H:15])[H:17],,
5,0.013119124786399948,RESP2,b3lyp-d3bj/dzvp,1.0,0.0,C,hf,6,[H:16][C:7]1([C:6]([C:5]([C:4]([C:9]([C:8]1([H:18])[H:19])([H:20])[H:21])([H:11])[C:2](=[O:1])[O:3][H:10])([H:12])[H:13])([H:14])[H:15])[H:17],,
6,-0.015367901127138891,RESP2,b3lyp-d3bj/dzvp,1.0,0.0,C,hf,7,[H:16][C:7]1([C:6]([C:5]([C:4]([C:9]([C:8]1([H:18])[H:19])([H:20])[H:21])([H:11])[C:2](=[O:1])[O:3][H:10])([H:12])[H:13])([H:14])[H:15])[H:17],,
7,0.047099223167286264,RESP2,b3lyp-d3bj/dzvp,1.0,0.0,C,hf,8,[H:16][C:7]1([C:6]([C:5]([C:4]([C:9]([C:8]1([H:18])[H:19])([H:20])[H:21])([H:11])[C:2](=[O:1])[O:3][H:10])([H:12])[H:13])([H:14])[H:15])[H:17],,
8,-0.031075034711605172,RESP2,b3lyp-d3bj/dzvp,1.0,0.0,C,hf,9,[H:16][C:7]1([C:6]([C:5]([C:4]([C:9]([C:8]1([H:18])[H:19])([H:20])[H:21])([H:11])[C:2](=[O:1])[O:3][H:10])([H:12])[H:13])([H:14])[H:15])[H:17],,
9,0.4315933364256947,RESP2,b3lyp-d3bj/dzvp,1.0,0.0,H,hf,10,[H:16][C:7]1([C:6]([C:5]([C:4]([C:9]([C:8]1([H:18])[H:19])([H:20])[H:21])([H:11])[C:2](=[O:1])[O:3][H:10])([H:12])[H:13])([H:14])[H:15])[H:17],,
10,-0.005253609146742351,RESP2,b3lyp-d3bj/dzvp,1.0,0.0,H,hf,11,[H:16][C:7]1([C:6]([C:5]([C:4]([C:9]([C:8]1([H:18])[H:19])([H:20])[H:21])([H:11])[C:2](=[O:1])[O:3][H:10])([H:12])[H:13])([H:14])[H:15])[H:17],,
11,0.013631270602849382,RESP2,b3lyp-d3bj/dzvp,1.0,0.0,H,hf,12,[H:16][C:7]1([C:6]([C:5]([C:4]([C:9]([C:8]1([H:18])[H:19])([H:20])[H:21])([H:11])[C:2](=[O:1])[O:3][H:10])([H:12])[H:13])([H:14])[H:15])[H:17],,
12,0.004149555988554478,RESP2,b3lyp-d3bj/dzvp,1.0,0.0,H,hf,13,[H:16][C:7]1([C:6]([C:5]([C:4]([C:9]([C:8]1([H:18])[H:19])([H:20])[H:21])([H:11])[C:2](=[O:1])[O:3][H:10])([H:12])[H:13])([H:14])[H:15])[H:17],,
13,0.002225021115299163,RESP2,b3lyp-d3bj/dzvp,1.0,0.0,H,hf,14,[H:16][C:7]1([C:6]([C:5]([C:4]([C:9]([C:8]1([H:18])[H:19])([H:20])[H:21])([H:11])[C:2](=[O:1])[O:3][H:10])([H:12])[H:13])([H:14])[H:15])[H:17],,
14,0.002204270703486297,RESP2,b3lyp-d3bj/dzvp,1.0,0.0,H,hf,15,[H:16][C:7]1([C:6]([C:5]([C:4]([C:9]([C:8]1([H:18])[H:19])([H:20])[H:21])([H:11])[C:2](=[O:1])[O:3][H:10])([H:12])[H:13])([H:14])[H:15])[H:17],,
15,0.0008595304142858898,RESP2,b3lyp-d3bj/dzvp,1.0,0.0,H,hf,16,[H:16][C:7]1([C:6]([C:5]([C:4]([C:9]([C:8]1([H:18])[H:19])([H:20])[H:21])([H:11])[C:2](=[O:1])[O:3][H:10])([H:12])[H:13])([H:14])[H:15])[H:17],,
16,0.005896232559545143,RESP2,b3lyp-d3bj/dzvp,1.0,0.0,H,hf,17,[H:16][C:7]1([C:6]([C:5]([C:4]([C:9]([C:8]1([H:18])[H:19])([H:20])[H:21])([H:11])[C:2](=[O:1])[O:3][H:10])([H:12])[H:13])([H:14])[H:15])[H:17],,
17,-0.008950545057983011,RESP2,b3lyp-d3bj/dzvp,1.0,0.0,H,hf,18,[H:16][C:7]1([C:6]([C:5]([C:4]([C:9]([C:8]1([H:18])[H:19])([H:20])[H:21])([H:11])[C:2](=[O:1])[O:3][H:10])([H:12])[H:13])([H:14])[H:15])[H:17],,
18,-0.011475645750114808,RESP2,b3lyp-d3bj/dzvp,1.0,0.0,H,hf,19,[H:16][C:7]1([C:6]([C:5]([C:4]([C:9]([C:8]1([H:18])[H:19])([H:20])[H:21])([H:11])[C:2](=[O:1])[O:3][H:10])([H:12])[H:13])([H:14])[H:15])[H:17],,
19,0.011875527202331817,RESP2,b3lyp-d3bj/dzvp,1.0,0.0,H,hf,20,[H:16][C:7]1([C:6]([C:5]([C:4]([C:9]([C:8]1([H:18])[H:19])([H:20])[H:21])([H:11])[C:2](=[O:1])[O:3][H:10])([H:12])[H:13])([H:14])[H:15])[H:17],,
20,0.00985871050960942,RESP2,b3lyp-d3bj/dzvp,1.0,0.0,H,hf,21,[H:16][C:7]1([C:6]([C:5]([C:4]([C:9]([C:8]1([H:18])[H:19])([H:20])[H:21])([H:11])[C:2](=[O:1])[O:3][H:10])([H:12])[H:13])([H:14])[H:15])[H:17],,
0,-0.5197729304374328,RESP2,b3lyp-d3bj/dzvp,1.0,0.05,O,hf,1,[H:16][C:7]1([C:6]([C:5]([C:4]([C:9]([C:8]1([H:18])[H:19])([H:20])[H:21])([H:11])[C:2](=[O:1])[O:3][H:10])([H:12])[H:13])([H:14])[H:15])[H:17],,
1,0.5431611536776785,RESP2,b3lyp-d3bj/dzvp,1.0,0.05,C,hf,2,[H:16][C:7]1([C:6]([C:5]([C:4]([C:9]([C:8]1([H:18])[H:19])([H:20])[H:21])([H:11])[C:2](=[O:1])[O:3][H:10])([H:12])[H:13])([H:14])[H:15])[H:17],,
2,-0.5846190071314803,RESP2,b3lyp-d3bj/dzvp,1.0,0.05,O,hf,3,[H:16][C:7]1([C:6]([C:5]([C:4]([C:9]([C:8]1([H:18])[H:19])([H:20])[H:21])([H:11])[C:2](=[O:1])[O:3][H:10])([H:12])[H:13])([H:14])[H:15])[H:17],,
3,0.11065765794065852,RESP2,b3lyp-d3bj/dzvp,1.0,0.05,C,hf,4,[H:16][C:7]1([C:6]([C:5]([C:4]([C:9]([C:8]1([H:18])[H:19])([H:20])[H:21])([H:11])[C:2](=[O:1])[O:3][H:10])([H:12])[H:13])([H:14])[H:15])[H:17],,
4,-0.023916381504025686,RESP2,b3lyp-d3bj/dzvp,1.0,0.05,C,hf,5,[H:16][C:7]1([C:6]([C:5]([C:4]([C:9]([C:8]1([H:18])[H:19])([H:20])[H:21])([H:11])[C:2](=[O:1])[O:3][H:10])([H:12])[H:13])([H:14])[H:15])[H:17],,
5,0.013406728264058511,RESP2,b3lyp-d3bj/dzvp,1.0,0.05,C,hf,6,[H:16][C:7]1([C:6]([C:5]([C:4]([C:9]([C:8]1([H:18])[H:19])([H:20])[H:21])([H:11])[C:2](=[O:1])[O:3][H:10])([H:12])[H:13])([H:14])[H:15])[H:17],,
6,-0.012939153418113476,RESP2,b3lyp-d3bj/dzvp,1.0,0.05,C,hf,7,[H:16][C:7]1([C:6]([C:5]([C:4]([C:9]([C:8]1([H:18])[H:19])([H:20])[H:21])([H:11])[C:2](=[O:1])[O:3][H:10])([H:12])[H:13])([H:14])[H:15])[H:17],,
7,0.04526817748530042,RESP2,b3lyp-d3bj/dzvp,1.0,0.05,C,hf,8,[H:16][C:7]1([C:6]([C:5]([C:4]([C:9]([C:8]1([H:18])[H:19])([H:20])[H:21])([H:11])[C:2](=[O:1])[O:3][H:10])([H:12])[H:13])([H:14])[H:15])[H:17],,
8,-0.029718029422129224,RESP2,b3lyp-d3bj/dzvp,1.0,0.05,C,hf,9,[H:16][C:7]1([C:6]([C:5]([C:4]([C:9]([C:8]1([H:18])[H:19])([H:20])[H:21])([H:11])[C:2](=[O:1])[O:3][H:10])([H:12])[H:13])([H:14])[H:15])[H:17],,
9,0.4336615602379018,RESP2,b3lyp-d3bj/dzvp,1.0,0.05,H,hf,10,[H:16][C:7]1([C:6]([C:5]([C:4]([C:9]([C:8]1([H:18])[H:19])([H:20])[H:21])([H:11])[C:2](=[O:1])[O:3][H:10])([H:12])[H:13])([H:14])[H:15])[H:17],,
10,-0.004093037203655242,RESP2,b3lyp-d3bj/dzvp,1.0,0.05,H,hf,11,[H:16][C:7]1([C:6]([C:5]([C:4]([C:9]([C:8]1([H:18])[H:19])([H:20])[H:21])([H:11])[C:2](=[O:1])[O:3][H:10])([H:12])[H:13])([H:14])[H:15])[H:17],,
11,0.013382075877983277,RESP2,b3lyp-d3bj/dzvp,1.0,0.05,H,hf,12,[H:16][C:7]1([C:6]([C:5]([C:4]([C:9]([C:8]1([H:18])[H:19])([H:20])[H:21])([H:11])[C:2](=[O:1])[O:3][H:10])([H:12])[H:13])([H:14])[H:15])[H:17],,
12,0.004364050835270522,RESP2,b3lyp-d3bj/dzvp,1.0,0.05,H,hf,13,[H:16][C:7]1([C:6]([C:5]([C:4]([C:9]([C:8]1([H:18])[H:19])([H:20])[H:21])([H:11])[C:2](=[O:1])[O:3][H:10])([H:12])[H:13])([H:14])[H:15])[H:17],,
13,0.0019979386411614532,RESP2,b3lyp-d3bj/dzvp,1.0,0.05,H,hf,14,[H:16][C:7]1([C:6]([C:5]([C:4]([C:9]([C:8]1([H:18])[H:19])([H:20])[H:21])([H:11])[C:2](=[O:1])[O:3][H:10])([H:12])[H:13])([H:14])[H:15])[H:17],,
14,0.0018815196787456596,RESP2,b3lyp-d3bj/dzvp,1.0,0.05,H,hf,15,[H:16][C:7]1([C:6]([C:5]([C:4]([C:9]([C:8]1([H:18])[H:19])([H:20])[H:21])([H:11])[C:2](=[O:1])[O:3][H:10])([H:12])[H:13])([H:14])[H:15])[H:17],,
15,0.00023811169286642528,RESP2,b3lyp-d3bj/dzvp,1.0,0.05,H,hf,16,[H:16][C:7]1([C:6]([C:5]([C:4]([C:9]([C:8]1([H:18])[H:19])([H:20])[H:21])([H:11])[C:2](=[O:1])[O:3][H:10])([H:12])[H:13])([H:14])[H:15])[H:17],,
16,0.005256378718558723,RESP2,b3lyp-d3bj/dzvp,1.0,0.05,H,hf,17,[H:16][C:7]1([C:6]([C:5]([C:4]([C:9]([C:8]1([H:18])[H:19])([H:20])[H:21])([H:11])[C:2](=[O:1])[O:3][H:10])([H:12])[H:13])([H:14])[H:15])[H:17],,
17,-0.00852088010277493,RESP2,b3lyp-d3bj/dzvp,1.0,0.05,H,hf,18,[H:16][C:7]1([C:6]([C:5]([C:4]([C:9]([C:8]1([H:18])[H:19])([H:20])[H:21])([H:11])[C:2](=[O:1])[O:3][H:10])([H:12])[H:13])([H:14])[H:15])[H:17],,
18,-0.011046865467028535,RESP2,b3lyp-d3bj/dzvp,1.0,0.05,H,hf,19,[H:16][C:7]1([C:6]([C:5]([C:4]([C:9]([C:8]1([H:18])[H:19])([H:20])[H:21])([H:11])[C:2](=[O:1])[O:3][H:10])([H:12])[H:13])([H:14])[H:15])[H:17],,
19,0.011612843014823312,RESP2,b3lyp-d3bj/dzvp,1.0,0.05,H,hf,20,[H:16][C:7]1([C:6]([C:5]([C:4]([C:9]([C:8]1([H:18])[H:19])([H:20])[H:21])([H:11])[C:2](=[O:1])[O:3][H:10])([H:12])[H:13])([H:14])[H:15])[H:17],,
20,0.009738088621633015,RESP2,b3lyp-d3bj/dzvp,1.0,0.05,H,hf,21,[H:16][C:7]1([C:6]([C:5]([C:4]([C:9]([C:8]1([H:18])[H:19])([H:20])[H:21])([H:11])[C:2](=[O:1])[O:3][H:10])([H:12])[H:13])([H:14])[H:15])[H:17],,
0,-0.5233985495265582,RESP2,b3lyp-d3bj/dzvp,1.0,0.1,O,hf,1,[H:16][C:7]1([C:6]([C:5]([C:4]([C:9]([C:8]1([H:18])[H:19])([H:20])[H:21])([H:11])[C:2](=[O:1])[O:3][H:10])([H:12])[H:13])([H:14])[H:15])[H:17],,
1,0.5455097896335624,RESP2,b3lyp-d3bj/dzvp,1.0,0.1,C,hf,2,[H:16][C:7]1([C:6]([C:5]([C:4]([C:9]([C:8]1([H:18])[H:19])([H:20])[H:21])([H:11])[C:2](=[O:1])[O:3][H:10])([H:12])[H:13])([H:14])[H:15])[H:17],,
2,-0.586241772848007,RESP2,b3lyp-d3bj/dzvp,1.0,0.1,O,hf,3,[H:16][C:7]1([C:6]([C:5]([C:4]([C:9]([C:8]1([H:18])[H:19])([H:20])[H:21])([H:11])[C:2](=[O:1])[O:3][H:10])([H:12])[H:13])([H:14])[H:15])[H:17],,
3,0.10877381156438416,RESP2,b3lyp-d3bj/dzvp,1.0,0.1,C,hf,4,[H:16][C:7]1([C:6]([C:5]([C:4]([C:9]([C:8]1([H:18])[H:19])([H:20])[H:21])([H:11])[C:2](=[O:1])[O:3][H:10])([H:12])[H:13])([H:14])[H:15])[H:17],,
4,-0.023233226050826613,RESP2,b3lyp-d3bj/dzvp,1.0,0.1,C,hf,5,[H:16][C:7]1([C:6]([C:5]([C:4]([C:9]([C:8]1([H:18])[H:19])([H:20])[H:21])([H:11])[C:2](=[O:1])[O:3][H:10])([H:12])[H:13])([H:14])[H:15])[H:17],,
5,0.013694331741717072,RESP2,b3lyp-d3bj/dzvp,1.0,0.1,C,hf,6,[H:16][C:7]1([C:6]([C:5]([C:4]([C:9]([C:8]1([H:18])[H:19])([H:20])[H:21])([H:11])[C:2](=[O:1])[O:3][H:10])([H:12])[H:13])([H:14])[H:15])[H:17],,
6,-0.010510405709088068,RESP2,b3lyp-d3bj/dzvp,1.0,0.1,C,hf,7,[H:16][C:7]1([C:6]([C:5]([C:4]([C:9]([C:8]1([H:18])[H:19])([H:20])[H:21])([H:11])[C:2](=[O:1])[O:3][H:10])([H:12])[H:13])([H:14])[H:15])[H:17],,
7,0.04343713180331457,RESP2,b3lyp-d3bj/dzvp,1.0,0.1,C,hf,8,[H:16][C:7]1([C:6]([C:5]([C:4]([C:9]([C:8]1([H:18])[H:19])([H:20])[H:21])([H:11])[C:2](=[O:1])[O:3][H:10])([H:12])[H:13])([H:14])[H:15])[H:17],,
8,-0.028361024132653286,RESP2,b3lyp-d3bj/dzvp,1.0,0.1,C,hf,9,[H:16][C:7]1([C:6]([C:5]([C:4]([C:9]([C:8]1([H:18])[H:19])([H:20])[H:21])([H:11])[C:2](=[O:1])[O:3][H:10])([H:12])[H:13])([H:14])[H:15])[H:17],,
9,0.4357297840501091,RESP2,b3lyp-d3bj/dzvp,1.0,0.1,H,hf,10,[H:16][C:7]1([C:6]([C:5]([C:4]([C:9]([C:8]1([H:18])[H:19])([H:20])[H:21])([H:11])[C:2](=[O:1])[O:3][H:10])([H:12])[H:13])([H:14])[H:15])[H:17],,
10,-0.0029324652605681356,RESP2,b3lyp-d3bj/dzvp,1.0,0.1,H,hf,11,[H:16][C:7]1([C:6]([C:5]([C:4]([C:9]([C:8]1([H:18])[H:19])([H:20])[H:21])([H:11])[C:2](=[O:1])[O:3][H:10])([H:12])[H:13])([H:14])[H:15])[H:17],,
11,0.013132881153117167,RESP2,b3lyp-d3bj/dzvp,1.0,0.1,H,hf,12,[H:16][C:7]1([C:6]([C:5]([C:4]([C:9]([C:8]1([H:18])[H:19])([H:20])[H:21])([H:11])[C:2](=[O:1])[O:3][H:10])([H:12])[H:13])([H:14])[H:15])[H:17],,
12,0.004578545681986566,RESP2,b3lyp-d3bj/dzvp,1.0,0.1,H,hf,13,[H:16][C:7]1([C:6]([C:5]([C:4]([C:9]([C:8]1([H:18])[H:19])([H:20])[H:21])([H:11])[C:2](=[O:1])[O:3][H:10])([H:12])[H:13])([H:14])[H:15])[H:17],,
13,0.00177085616702374,RESP2,b3lyp-d3bj/dzvp,1.0,0.1,H,hf,14,[H:16][C:7]1([C:6]([C:5]([C:4]([C:9]([C:8]1([H:18])[H:19])([H:20])[H:21])([H:11])[C:2](=[O:1])[O:3][H:10])([H:12])[H:13])([H:14])[H:15])[H:17],,
14,0.00155876865400502,RESP2,b3lyp-d3bj/dzvp,1.0,0.1,H,hf,15,[H:16][C:7]1([C:6]([C:5]([C:4]([C:9]([C:8]1([H:18])[H:19])([H:20])[H:21])([H:11])[C:2](=[O:1])[O:3][H:10])([H:12])[H:13])([H:14])[H:15])[H:17],,
15,-0.0003833070285530421,RESP2,b3lyp-d3bj/dzvp,1.0,0.1,H,hf,16,[H:16][C:7]1([C:6]([C:5]([C:4]([C:9]([C:8]1([H:18])[H:19])([H:20])[H:21])([H:11])[C:2](=[O:1])[O:3][H:10])([H:12])[H:13])([H:14])[H:15])[H:17],,
16,0.004616524877572302,RESP2,b3lyp-d3bj/dzvp,1.0,0.1,H,hf,17,[H:16][C:7]1([C:6]([C:5]([C:4]([C:9]([C:8]1([H:18])[H:19])([H:20])[H:21])([H:11])[C:2](=[O:1])[O:3][H:10])([H:12])[H:13])([H:14])[H:15])[H:17],,
17,-0.008091215147566855,RESP2,b3lyp-d3bj/dzvp,1.0,0.1,H,hf,18,[H:16][C:7]1([C:6]([C:5]([C:4]([C:9]([C:8]1([H:18])[H:19])([H:20])[H:21])([H:11])[C:2](=[O:1])[O:3][H:10])([H:12])[H:13])([H:14])[H:15])[H:17],,
18,-0.010618085183942267,RESP2,b3lyp-d3bj/dzvp,1.0,0.1,H,hf,19,[H:16][C:7]1([C:6]([C:5]([C:4]([C:9]([C:8]1([H:18])[H:19])([H:20])[H:21])([H:11])[C:2](=[O:1])[O:3][H:10])([H:12])[H:13])([H:14])[H:15])[H:17],,
19,0.011350158827314803,RESP2,b3lyp-d3bj/dzvp,1.0,0.1,H,hf,20,[H:16][C:7]1([C:6]([C:5]([C:4]([C:9]([C:8]1([H:18])[H:19])([H:20])[H:21])([H:11])[C:2](=[O:1])[O:3][H:10])([H:12])[H:13])([H:14])[H:15])[H:17],,
20,0.009617466733656608,RESP2,b3lyp-d3bj/dzvp,1.0,0.1,H,hf,21,[H:16][C:7]1([C:6]([C:5]([C:4]([C:9]([C:8]1([H:18])[H:19])([H:20])[H:21])([H:11])[C:2](=[O:1])[O:3][H:10])([H:12])[H:13])([H:14])[H:15])[H:17],,
0,-0.5270241686156837,RESP2,b3lyp-d3bj/dzvp,1.0,0.15000000000000002,O,hf,1,[H:16][C:7]1([C:6]([C:5]([C:4]([C:9]([C:8]1([H:18])[H:19])([H:20])[H:21])([H:11])[C:2](=[O:1])[O:3][H:10])([H:12])[H:13])([H:14])[H:15])[H:17],,
1,0.5478584255894462,RESP2,b3lyp-d3bj/dzvp,1.0,0.15000000000000002,C,hf,2,[H:16][C:7]1([C:6]([C:5]([C:4]([C:9]([C:8]1([H:18])[H:19])([H:20])[H:21])([H:11])[C:2](=[O:1])[O:3][H:10])([H:12])[H:13])([H:14])[H:15])[H:17],,
2,-0.5878645385645338,RESP2,b3lyp-d3bj/dzvp,1.0,0.15000000000000002,O,hf,3,[H:16][C:7]1([C:6]([C:5]([C:4]([C:9]([C:8]1([H:18])[H:19])([H:20])[H:21])([H:11])[C:2](=[O:1])[O:3][H:10])([H:12])[H:13])([H:14])[H:15])[H:17],,
3,0.10688996518810981,RESP2,b3lyp-d3bj/dzvp,1.0,0.15000000000000002,C,hf,4,[H:16][C:7]1([C:6]([C:5]([C:4]([C:9]([C:8]1([H:18])[H:19])([H:20])[H:21])([H:11])[C:2](=[O:1])[O:3][H:10])([H:12])[H:13])([H:14])[H:15])[H:17],,
4,-0.022550070597627526,RESP2,b3lyp-d3bj/dzvp,1.0,0.15000000000000002,C,hf,5,[H:16][C:7]1([C:6]([C:5]([C:4]([C:9]([C:8]1([H:18])[H:19])([H:20])[H:21])([H:11])[C:2](=[O:1])[O:3][H:10])([H:12])[H:13])([H:14])[H:15])[H:17],,
5,0.013981935219375637,RESP2,b3lyp-d3bj/dzvp,1.0,0.15000000000000002,C,hf,6,[H:16][C:7]1([C:6]([C:5]([C:4]([C:9]([C:8]1([H:18])[H:19])([H:20])[H:21])([H:11])[C:2](=[O:1])[O:3][H:10])([H:12])[H:13])([H:14])[H:15])[H:17],,
6,-0.00808165800006265,RESP2,b3lyp-d3bj/dzvp,1.0,0.15000000000000002,C,hf,7,[H:16][C:7]1([C:6]([C:5]([C:4]([C:9]([C:8]1([H:18])[H:19])([H:20])[H:21])([H:11])[C:2](=[O:1])[O:3][H:10])([H:12])[H:13])([H:14])[H:15])[H:17],,
7,0.041606086121328725,RESP2,b3lyp-d3bj/dzvp,1.0,0.15000000000000002,C,hf,8,[H:16][C:7]1([C:6]([C:5]([C:4]([C:9]([C:8]1([H:18])[H:19])([H:20])[H:21])([H:11])[C:2](=[O:1])[O:3][H:10])([H:12])[H:13])([H:14])[H:15])[H:17],,
8,-0.027004018843177335,RESP2,b3lyp-d3bj/dzvp,1.0,0.15000000000000002,C,hf,9,[H:16][C:7]1([C:6]([C:5]([C:4]([C:9]([C:8]1([H:18])[H:19])([H:20])[H:21])([H:11])[C:2](=[O:1])[O:3][H:10])([H:12])[H:13])([H:14])[H:15])[H:17],,
9,0.4377980078623163,RESP2,b3lyp-d3bj/dzvp,1.0,0.15000000000000002,H,hf,10,[H:16][C:7]1([C:6]([C:5]([C:4]([C:9]([C:8]1([H:18])[H:19])([H:20])[H:21])([H:11])[C:2](=[O:1])[O:3][H:10])([H:12])[H:13])([H:14])[H:15])[H:17],,
10,-0.0017718933174810229,RESP2,b3lyp-d3bj/dzvp,1.0,0.15000000000000002,H,hf,11,[H:16][C:7]1([C:6]([C:5]([C:4]([C:9]([C:8]1([H:18])[H:19])([H:20])[H:21])([H:11])[C:2](=[O:1])[O:3][H:10])([H:12])[H:13])([H:14])[H:15])[H:17],,
11,0.012883686428251065,RESP2,b3lyp-d3bj/dzvp,1.0,0.15000000000000002,H,hf,12,[H:16][C:7]1([C:6]([C:5]([C:4]([C:9]([C:8]1([H:18])[H:19])([H:20])[H:21])([H:11])[C:2](=[O:1])[O:3][H:10])([H:12])[H:13])([H:14])[H:15])[H:17],,
12,0.004793040528702613,RESP2,b3lyp-d3bj/dzvp,1.0,0.15000000000000002,H,hf,13,[H:16][C:7]1([C:6]([C:5]([C:4]([C:9]([C:8]1([H:18])[H:19])([H:20])[H:21])([H:11])[C:2](=[O:1])[O:3][H:10])([H:12])[H:13])([H:14])[H:15])[H:17],,
13,0.0015437736928860318,RESP2,b3lyp-d3bj/dzvp,1.0,0.15000000000000002,H,hf,14,[H:16][C:7]1([C:6]([C:5]([C:4]([C:9]([C:8]1([H:18])[H:19])([H:20])[H:21])([H:11])[C:2](=[O:1])[O:3][H:10])([H:12])[H:13])([H:14])[H:15])[H:17],,
14,0.0012360176292643848,RESP2,b3lyp-d3bj/dzvp,1.0,0.15000000000000002,H,hf,15,[H:16][C:7]1([C:6]([C:5]([C:4]([C:9]([C:8]1([H:18])[H:19])([H:20])[H:21])([H:11])[C:2](=[O:1])[O:3][H:10])([H:12])[H:13])([H:14])[H:15])[H:17],,
15,-0.0010047257499725044,RESP2,b3lyp-d3bj/dzvp,1.0,0.15000000000000002,H,hf,16,[H:16][C:7]1([C:6]([C:5]([C:4]([C:9]([C:8]1([H:18])[H:19])([H:20])[H:21])([H:11])[C:2](=[O:1])[O:3][H:10])([H:12])[H:13])([H:14])[H:15])[H:17],,
16,0.003976671036585885,RESP2,b3lyp-d3bj/dzvp,1.0,0.15000000000000002,H,hf,17,[H:16][C:7]1([C:6]([C:5]([C:4]([C:9]([C:8]1([H:18])[H:19])([H:20])[H:21])([H:11])[C:2](=[O:1])[O:3][H:10])([H:12])[H:13])([H:14])[H:15])[H:17],,
17,-0.007661550192358771,RESP2,b3lyp-d3bj/dzvp,1.0,0.15000000000000002,H,hf,18,[H:16][C:7]1([C:6]([C:5]([C:4]([C:9]([C:8]1([H:18])[H:19])([H:20])[H:21])([H:11])[C:2](=[O:1])[O:3][H:10])([H:12])[H:13])([H:14])[H:15])[H:17],,
18,-0.01018930490085599,RESP2,b3lyp-d3bj/dzvp,1.0,0.15000000000000002,H,hf,19,[H:16][C:7]1([C:6]([C:5]([C:4]([C:9]([C:8]1([H:18])[H:19])([H:20])[H:21])([H:11])[C:2](=[O:1])[O:3][H:10])([H:12])[H:13])([H:14])[H:15])[H:17],,
19,0.0110874746398063,RESP2,b3lyp-d3bj/dzvp,1.0,0.15000000000000002,H,hf,20,[H:16][C:7]1([C:6]([C:5]([C:4]([C:9]([C:8]1([H:18])[H:19])([H:20])[H:21])([H:11])[C:2](=[O:1])[O:3][H:10])([H:12])[H:13])([H:14])[H:15])[H:17],,
20,0.009496844845680205,RESP2,b3lyp-d3bj/dzvp,1.0,0.15000000000000002,H,hf,21,[H:16][C:7]1([C:6]([C:5]([C:4]([C:9]([C:8]1([H:18])[H:19])([H:20])[H:21])([H:11])[C:2](=[O:1])[O:3][H:10])([H:12])[H:13])([H:14])[H:15])[H:17],,
0,-0.5306497877048091,RESP2,b3lyp-d3bj/dzvp,1.0,0.2,O,hf,1,[H:16][C:7]1([C:6]([C:5]([C:4]([C:9]([C:8]1([H:18])[H:19])([H:20])[H:21])([H:11])[C:2](=[O:1])[O:3][H:10])([H:12])[H:13])([H:14])[H:15])[H:17],,
1,0.5502070615453301,RESP2,b3lyp-d3bj/dzvp,1.0,0.2,C,hf,2,[H:16][C:7]1([C:6]([C:5]([C:4]([C:9]([C:8]1([H:18])[H:19])([H:20])[H:21])([H:11])[C:2](=[O:1])[O:3][H:10])([H:12])[H:13])([H:14])[H:15])[H:17],,
2,-0.5894873042810606,RESP2,b3lyp-d3bj/dzvp,1.0,0.2,O,hf,3,[H:16][C:7]1([C:6]([C:5]([C:4]([C:9]([C:8]1([H:18])[H:19])([H:20])[H:21])([H:11])[C:2](=[O:1])[O:3][H:10])([H:12])[H:13])([H:14])[H:15])[H:17],,
3,0.10500611881183546,RESP2,b3lyp-d3bj/dzvp,1.0,0.2,C,hf,4,[H:16][C:7]1([C:6]([C:5]([C:4]([C:9]([C:8]1([H:18])[H:19])([H:20])[H:21])([H:11])[C:2](=[O:1])[O:3][H:10])([H:12])[H:13])([H:14])[H:15])[H:17],,
4,-0.02186691514442843,RESP2,b3lyp-d3bj/dzvp,1.0,0.2,C,hf,5,[H:16][C:7]1([C:6]([C:5]([C:4]([C:9]([C:8]1([H:18])[H:19])([H:20])[H:21])([H:11])[C:2](=[O:1])[O:3][H:10])([H:12])[H:13])([H:14])[H:15])[H:17],,
5,0.014269538697034213,RESP2,b3lyp-d3bj/dzvp,1.0,0.2,C,hf,6,[H:16][C:7]1([C:6]([C:5]([C:4]([C:9]([C:8]1([H:18])[H:19])([H:20])[H:21])([H:11])[C:2](=[O:1])[O:3][H:10])([H:12])[H:13])([H:14])[H:15])[H:17],,
6,-0.005652910291037227,RESP2,b3lyp-d3bj/dzvp,1.0,0.2,C,hf,7,[H:16][C:7]1([C:6]([C:5]([C:4]([C:9]([C:8]1([H:18])[H:19])([H:20])[H:21])([H:11])[C:2](=[O:1])[O:3][H:10])([H:12])[H:13])([H:14])[H:15])[H:17],,
7,0.03977504043934289,RESP2,b3lyp-d3bj/dzvp,1.0,0.2,C,hf,8,[H:16][C:7]1([C:6]([C:5]([C:4]([C:9]([C:8]1([H:18])[H:19])([H:20])[H:21])([H:11])[C:2](=[O:1])[O:3][H:10])([H:12])[H:13])([H:14])[H:15])[H:17],,
8,-0.025647013553701376,RESP2,b3lyp-d3bj/dzvp,1.0,0.2,C,hf,9,[H:16][C:7]1([C:6]([C:5]([C:4]([C:9]([C:8]1([H:18])[H:19])([H:20])[H:21])([H:11])[C:2](=[O:1])[O:3][H:10])([H:12])[H:13])([H:14])[H:15])[H:17],,
9,0.4398662316745235,RESP2,b3lyp-d3bj/dzvp,1.0,0.2,H,hf,10,[H:16][C:7]1([C:6]([C:5]([C:4]([C:9]([C:8]1([H:18])[H:19])([H:20])[H:21])([H:11])[C:2](=[O:1])[O:3][H:10])([H:12])[H:13])([H:14])[H:15])[H:17],,
10,-0.0006113213743939007,RESP2,b3lyp-d3bj/dzvp,1.0,0.2,H,hf,11,[H:16][C:7]1([C:6]([C:5]([C:4]([C:9]([C:8]1([H:18])[H:19])([H:20])[H:21])([H:11])[C:2](=[O:1])[O:3][H:10])([H:12])[H:13])([H:14])[H:15])[H:17],,
11,0.012634491703384973,RESP2,b3lyp-d3bj/dzvp,1.0,0.2,H,hf,12,[H:16][C:7]1([C:6]([C:5]([C:4]([C:9]([C:8]1([H:18])[H:19])([H:20])[H:21])([H:11])[C:2](=[O:1])[O:3][H:10])([H:12])[H:13])([H:14])[H:15])[H:17],,
12,0.0050075353754186714,RESP2,b3lyp-d3bj/dzvp,1.0,0.2,H,hf,13,[H:16][C:7]1([C:6]([C:5]([C:4]([C:9]([C:8]1([H:18])[H:19])([H:20])[H:21])([H:11])[C:2](=[O:1])[O:3][H:10])([H:12])[H:13])([H:14])[H:15])[H:17],,
13,0.0013166912187483342,RESP2,b3lyp-d3bj/dzvp,1.0,0.2,H,hf,14,[H:16][C:7]1([C:6]([C:5]([C:4]([C:9]([C:8]1([H:18])[H:19])([H:20])[H:21])([H:11])[C:2](=[O:1])[O:3][H:10])([H:12])[H:13])([H:14])[H:15])[H:17],,
14,0.0009132666045237606,RESP2,b3lyp-d3bj/dzvp,1.0,0.2,H,hf,15,[H:16][C:7]1([C:6]([C:5]([C:4]([C:9]([C:8]1([H:18])[H:19])([H:20])[H:21])([H:11])[C:2](=[O:1])[O:3][H:10])([H:12])[H:13])([H:14])[H:15])[H:17],,
15,-0.001626144471391956,RESP2,b3lyp-d3bj/dzvp,1.0,0.2,H,hf,16,[H:16][C:7]1([C:6]([C:5]([C:4]([C:9]([C:8]1([H:18])[H:19])([H:20])[H:21])([H:11])[C:2](=[O:1])[O:3][H:10])([H:12])[H:13])([H:14])[H:15])[H:17],,
16,0.0033368171955994795,RESP2,b3lyp-d3bj/dzvp,1.0,0.2,H,hf,17,[H:16][C:7]1([C:6]([C:5]([C:4]([C:9]([C:8]1([H:18])[H:19])([H:20])[H:21])([H:11])[C:2](=[O:1])[O:3][H:10])([H:12])[H:13])([H:14])[H:15])[H:17],,
17,-0.007231885237150679,RESP2,b3lyp-d3bj/dzvp,1.0,0.2,H,hf,18,[H:16][C:7]1([C:6]([C:5]([C:4]([C:9]([C:8]1([H:18])[H:19])([H:20])[H:21])([H:11])[C:2](=[O:1])[O:3][H:10])([H:12])[H:13])([H:14])[H:15])[H:17],,
18,-0.009760524617769707,RESP2,b3lyp-d3bj/dzvp,1.0,0.2,H,hf,19,[H:16][C:7]1([C:6]([C:5]([C:4]([C:9]([C:8]1([H:18])[H:19])([H:20])[H:21])([H:11])[C:2](=[O:1])[O:3][H:10])([H:12])[H:13])([H:14])[H:15])[H:17],,
19,0.010824790452297808,RESP2,b3lyp-d3bj/dzvp,1.0,0.2,H,hf,20,[H:16][C:7]1([C:6]([C:5]([C:4]([C:9]([C:8]1([H:18])[H:19])([H:20])[H:21])([H:11])[C:2](=[O:1])[O:3][H:10])([H:12])[H:13])([H:14])[H:15])[H:17],,
20,0.009376222957703814,RESP2,b3lyp-d3bj/dzvp,1.0,0.2,H,hf,21,[H:16][C:7]1([C:6]([C:5]([C:4]([C:9]([C:8]1([H:18])[H:19])([H:20])[H:21])([H:11])[C:2](=[O:1])[O:3][H:10])([H:12])[H:13])([H:14])[H:15])[H:17],,
0,-0.5342754067939344,RESP2,b3lyp-d3bj/dzvp,1.0,0.25,O,hf,1,[H:16][C:7]1([C:6]([C:5]([C:4]([C:9]([C:8]1([H:18])[H:19])([H:20])[H:21])([H:11])[C:2](=[O:1])[O:3][H:10])([H:12])[H:13])([H:14])[H:15])[H:17],,
1,0.5525556975012138,RESP2,b3lyp-d3bj/dzvp,1.0,0.25,C,hf,2,[H:16][C:7]1([C:6]([C:5]([C:4]([C:9]([C:8]1([H:18])[H:19])([H:20])[H:21])([H:11])[C:2](=[O:1])[O:3][H:10])([H:12])[H:13])([H:14])[H:15])[H:17],,
2,-0.5911100699975871,RESP2,b3lyp-d3bj/dzvp,1.0,0.25,O,hf,3,[H:16][C:7]1([C:6]([C:5]([C:4]([C:9]([C:8]1([H:18])[H:19])([H:20])[H:21])([H:11])[C:2](=[O:1])[O:3][H:10])([H:12])[H:13])([H:14])[H:15])[H:17],,
3,0.10312227243556109,RESP2,b3lyp-d3bj/dzvp,1.0,0.25,C,hf,4,[H:16][C:7]1([C:6]([C:5]([C:4]([C:9]([C:8]1([H:18])[H:19])([H:20])[H:21])([H:11])[C:2](=[O:1])[O:3][H:10])([H:12])[H:13])([H:14])[H:15])[H:17],,
4,-0.021183759691229355,RESP2,b3lyp-d3bj/dzvp,1.0,0.25,C,hf,5,[H:16][C:7]1([C:6]([C:5]([C:4]([C:9]([C:8]1([H:18])[H:19])([H:20])[H:21])([H:11])[C:2](=[O:1])[O:3][H:10])([H:12])[H:13])([H:14])[H:15])[H:17],,
5,0.014557142174692766,RESP2,b3lyp-d3bj/dzvp,1.0,0.25,C,hf,6,[H:16][C:7]1([C:6]([C:5]([C:4]([C:9]([C:8]1([H:18])[H:19])([H:20])[H:21])([H:11])[C:2](=[O:1])[O:3][H:10])([H:12])[H:13])([H:14])[H:15])[H:17],,
6,-0.003224162582011821,RESP2,b3lyp-d3bj/dzvp,1.0,0.25,C,hf,7,[H:16][C:7]1([C:6]([C:5]([C:4]([C:9]([C:8]1([H:18])[H:19])([H:20])[H:21])([H:11])[C:2](=[O:1])[O:3][H:10])([H:12])[H:13])([H:14])[H:15])[H:17],,
7,0.03794399475735704,RESP2,b3lyp-d3bj/dzvp,1.0,0.25,C,hf,8,[H:16][C:7]1([C:6]([C:5]([C:4]([C:9]([C:8]1([H:18])[H:19])([H:20])[H:21])([H:11])[C:2](=[O:1])[O:3][H:10])([H:12])[H:13])([H:14])[H:15])[H:17],,
8,-0.024290008264225435,RESP2,b3lyp-d3bj/dzvp,1.0,0.25,C,hf,9,[H:16][C:7]1([C:6]([C:5]([C:4]([C:9]([C:8]1([H:18])[H:19])([H:20])[H:21])([H:11])[C:2](=[O:1])[O:3][H:10])([H:12])[H:13])([H:14])[H:15])[H:17],,
9,0.44193445548673066,RESP2,b3lyp-d3bj/dzvp,1.0,0.25,H,hf,10,[H:16][C:7]1([C:6]([C:5]([C:4]([C:9]([C:8]1([H:18])[H:19])([H:20])[H:21])([H:11])[C:2](=[O:1])[O:3][H:10])([H:12])[H:13])([H:14])[H:15])[H:17],,
10,0.0005492505686932001,RESP2,b3lyp-d3bj/dzvp,1.0,0.25,H,hf,11,[H:16][C:7]1([C:6]([C:5]([C:4]([C:9]([C:8]1([H:18])[H:19])([H:20])[H:21])([H:11])[C:2](=[O:1])[O:3][H:10])([H:12])[H:13])([H:14])[H:15])[H:17],,
11,0.012385296978518858,RESP2,b3lyp-d3bj/dzvp,1.0,0.25,H,hf,12,[H:16][C:7]1([C:6]([C:5]([C:4]([C:9]([C:8]1([H:18])[H:19])([H:20])[H:21])([H:11])[C:2](=[O:1])[O:3][H:10])([H:12])[H:13])([H:14])[H:15])[H:17],,
12,0.005222030222134708,RESP2,b3lyp-d3bj/dzvp,1.0,0.25,H,hf,13,[H:16][C:7]1([C:6]([C:5]([C:4]([C:9]([C:8]1([H:18])[H:19])([H:20])[H:21])([H:11])[C:2](=[O:1])[O:3][H:10])([H:12])[H:13])([H:14])[H:15])[H:17],,
13,0.0010896087446106157,RESP2,b3lyp-d3bj/dzvp,1.0,0.25,H,hf,14,[H:16][C:7]1([C:6]([C:5]([C:4]([C:9]([C:8]1([H:18])[H:19])([H:20])[H:21])([H:11])[C:2](=[O:1])[O:3][H:10])([H:12])[H:13])([H:14])[H:15])[H:17],,
14,0.0005905155797831151,RESP2,b3lyp-d3bj/dzvp,1.0,0.25,H,hf,15,[H:16][C:7]1([C:6]([C:5]([C:4]([C:9]([C:8]1([H:18])[H:19])([H:20])[H:21])([H:11])[C:2](=[O:1])[O:3][H:10])([H:12])[H:13])([H:14])[H:15])[H:17],,
15,-0.002247563192811429,RESP2,b3lyp-d3bj/dzvp,1.0,0.25,H,hf,16,[H:16][C:7]1([C:6]([C:5]([C:4]([C:9]([C:8]1([H:18])[H:19])([H:20])[H:21])([H:11])[C:2](=[O:1])[O:3][H:10])([H:12])[H:13])([H:14])[H:15])[H:17],,
16,0.0026969633546130513,RESP2,b3lyp-d3bj/dzvp,1.0,0.25,H,hf,17,[H:16][C:7]1([C:6]([C:5]([C:4]([C:9]([C:8]1([H:18])[H:19])([H:20])[H:21])([H:11])[C:2](=[O:1])[O:3][H:10])([H:12])[H:13])([H:14])[H:15])[H:17],,
17,-0.006802220281942607,RESP2,b3lyp-d3bj/dzvp,1.0,0.25,H,hf,18,[H:16][C:7]1([C:6]([C:5]([C:4]([C:9]([C:8]1([H:18])[H:19])([H:20])[H:21])([H:11])[C:2](=[O:1])[O:3][H:10])([H:12])[H:13])([H:14])[H:15])[H:17],,
18,-0.009331744334683442,RESP2,b3lyp-d3bj/dzvp,1.0,0.25,H,hf,19,[H:16][C:7]1([C:6]([C:5]([C:4]([C:9]([C:8]1([H:18])[H:19])([H:20])[H:21])([H:11])[C:2](=[O:1])[O:3][H:10])([H:12])[H:13])([H:14])[H:15])[H:17],,
19,0.010562106264789293,RESP2,b3lyp-d3bj/dzvp,1.0,0.25,H,hf,20,[H:16][C:7]1([C:6]([C:5]([C:4]([C:9]([C:8]1([H:18])[H:19])([H:20])[H:21])([H:11])[C:2](=[O:1])[O:3][H:10])([H:12])[H:13])([H:14])[H:15])[H:17],,
20,0.0092556010697274,RESP2,b3lyp-d3bj/dzvp,1.0,0.25,H,hf,21,[H:16][C:7]1([C:6]([C:5]([C:4]([C:9]([C:8]1([H:18])[H:19])([H:20])[H:21])([H:11])[C:2](=[O:1])[O:3][H:10])([H:12])[H:13])([H:14])[H:15])[H:17],,
0,-0.5379010258830599,RESP2,b3lyp-d3bj/dzvp,1.0,0.30000000000000004,O,hf,1,[H:16][C:7]1([C:6]([C:5]([C:4]([C:9]([C:8]1([H:18])[H:19])([H:20])[H:21])([H:11])[C:2](=[O:1])[O:3][H:10])([H:12])[H:13])([H:14])[H:15])[H:17],,
1,0.5549043334570976,RESP2,b3lyp-d3bj/dzvp,1.0,0.30000000000000004,C,hf,2,[H:16][C:7]1([C:6]([C:5]([C:4]([C:9]([C:8]1([H:18])[H:19])([H:20])[H:21])([H:11])[C:2](=[O:1])[O:3][H:10])([H:12])[H:13])([H:14])[H:15])[H:17],,
2,-0.592732835714114,RESP2,b3lyp-d3bj/dzvp,1.0,0.30000000000000004,O,hf,3,[H:16][C:7]1([C:6]([C:5]([C:4]([C:9]([C:8]1([H:18])[H:19])([H:20])[H:21])([H:11])[C:2](=[O:1])[O:3][H:10])([H:12])[H:13])([H:14])[H:15])[H:17],,
3,0.10123842605928673,RESP2,b3lyp-d3bj/dzvp,1.0,0.30000000000000004,C,hf,4,[H:16][C:7]1([C:6]([C:5]([C:4]([C:9]([C:8]1([H:18])[H:19])([H:20])[H:21])([H:11])[C:2](=[O:1])[O:3][H:10])([H:12])[H:13])([H:14])[H:15])[H:17],,
4,-0.020500604238030264,RESP2,b3lyp-d3bj/dzvp,1.0,0.30000000000000004,C,hf,5,[H:16][C:7]1([C:6]([C:5]([C:4]([C:9]([C:8]1([H:18])[H:19])([H:20])[H:21])([H:11])[C:2](=[O:1])[O:3][H:10])([H:12])[H:13])([H:14])[H:15])[H:17],,
5,0.014844745652351337,RESP2,b3lyp-d3bj/dzvp,1.0,0.30000000000000004,C,hf,6,[H:16][C:7]1([C:6]([C:5]([C:4]([C:9]([C:8]1([H:18])[H:19])([H:20])[H:21])([H:11])[C:2](=[O:1])[O:3][H:10])([H:12])[H:13])([H:14])[H:15])[H:17],,
6,-0.0007954148729863976,RESP2,b3lyp-d3bj/dzvp,1.0,0.30000000000000004,C,hf,7,[H:16][C:7]1([C:6]([C:5]([C:4]([C:9]([C:8]1([H:18])[H:19])([H:20])[H:21])([H:11])[C:2](=[O:1])[O:3][H:10])([H:12])[H:13])([H:14])[H:15])[H:17],,
7,0.03611294907537121,RESP2,b3lyp-d3bj/dzvp,1.0,0.30000000000000004,C,hf,8,[H:16][C:7]1([C:6]([C:5]([C:4]([C:9]([C:8]1([H:18])[H:19])([H:20])[H:21])([H:11])[C:2](=[O:1])[O:3][H:10])([H:12])[H:13])([H:14])[H:15])[H:17],,
8,-0.022933002974749483,RESP2,b3lyp-d3bj/dzvp,1.0,0.30000000000000004,C,hf,9,[H:16][C:7]1([C:6]([C:5]([C:4]([C:9]([C:8]1([H:18])[H:19])([H:20])[H:21])([H:11])[C:2](=[O:1])[O:3][H:10])([H:12])[H:13])([H:14])[H:15])[H:17],,
9,0.44400267929893794,RESP2,b3lyp-d3bj/dzvp,1.0,0.30000000000000004,H,hf,10,[H:16][C:7]1([C:6]([C:5]([C:4]([C:9]([C:8]1([H:18])[H:19])([H:20])[H:21])([H:11])[C:2](=[O:1])[O:3][H:10])([H:12])[H:13])([H:14])[H:15])[H:17],,
10,0.0017098225117803184,RESP2,b3lyp-d3bj/dzvp,1.0,0.30000000000000004,H,hf,11,[H:16][C:7]1([C:6]([C:5]([C:4]([C:9]([C:8]1([H:18])[H:19])([H:20])[H:21])([H:11])[C:2](=[O:1])[O:3][H:10])([H:12])[H:13])([H:14])[H:15])[H:17],,
11,0.012136102253652761,RESP2,b3lyp-d3bj/dzvp,1.0,0.30000000000000004,H,hf,12,[H:16][C:7]1([C:6]([C:5]([C:4]([C:9]([C:8]1([H:18])[H:19])([H:20])[H:21])([H:11])[C:2](=[O:1])[O:3][H:10])([H:12])[H:13])([H:14])[H:15])[H:17],,
12,0.005436525068850761,RESP2,b3lyp-d3bj/dzvp,1.0,0.30000000000000004,H,hf,13,[H:16][C:7]1([C:6]([C:5]([C:4]([C:9]([C:8]1([H:18])[H:19])([H:20])[H:21])([H:11])[C:2](=[O:1])[O:3][H:10])([H:12])[H:13])([H:14])[H:15])[H:17],,
13,0.0008625262704729131,RESP2,b3lyp-d3bj/dzvp,1.0,0.30000000000000004,H,hf,14,[H:16][C:7]1([C:6]([C:5]([C:4]([C:9]([C:8]1([H:18])[H:19])([H:20])[H:21])([H:11])[C:2](=[O:1])[O:3][H:10])([H:12])[H:13])([H:14])[H:15])[H:17],,
14,0.00026776455504248537,RESP2,b3lyp-d3bj/dzvp,1.0,0.30000000000000004,H,hf,15,[H:16][C:7]1([C:6]([C:5]([C:4]([C:9]([C:8]1([H:18])[H:19])([H:20])[H:21])([H:11])[C:2](=[O:1])[O:3][H:10])([H:12])[H:13])([H:14])[H:15])[H:17],,
15,-0.002868981914230886,RESP2,b3lyp-d3bj/dzvp,1.0,0.30000000000000004,H,hf,16,[H:16][C:7]1([C:6]([C:5]([C:4]([C:9]([C:8]1([H:18])[H:19])([H:20])[H:21])([H:11])[C:2](=[O:1])[O:3][H:10])([H:12])[H:13])([H:14])[H:15])[H:17],,
16,0.0020571095136266396,RESP2,b3lyp-d3bj/dzvp,1.0,0.30000000000000004,H,hf,17,[H:16][C:7]1([C:6]([C:5]([C:4]([C:9]([C:8]1([H:18])[H:19])([H:20])[H:21])([H:11])[C:2](=[O:1])[O:3][H:10])([H:12])[H:13])([H:14])[H:15])[H:17],,
17,-0.006372555326734519,RESP2,b3lyp-d3bj/dzvp,1.0,0.30000000000000004,H,hf,18,[H:16][C:7]1([C:6]([C:5]([C:4]([C:9]([C:8]1([H:18])[H:19])([H:20])[H:21])([H:11])[C:2](=[O:1])[O:3][H:10])([H:12])[H:13])([H:14])[H:15])[H:17],,
18,-0.008902964051597162,RESP2,b3lyp-d3bj/dzvp,1.0,0.30000000000000004,H,hf,19,[H:16][C:7]1([C:6]([C:5]([C:4]([C:9]([C:8]1([H:18])[H:19])([H:20])[H:21])([H:11])[C:2](=[O:1])[O:3][H:10])([H:12])[H:13])([H:14])[H:15])[H:17],,
19,0.010299422077280795,RESP2,b3lyp-d3bj/dzvp,1.0,0.30000000000000004,H,hf,20,[H:16][C:7]1([C:6]([C:5]([C:4]([C:9]([C:8]1([H:18])[H:19])([H:20])[H:21])([H:11])[C:2](=[O:1])[O:3][H:10])([H:12])[H:13])([H:14])[H:15])[H:17],,
20,0.009134979181751001,RESP2,b3lyp-d3bj/dzvp,1.0,0.30000000000000004,H,hf,21,[H:16][C:7]1([C:6]([C:5]([C:4]([C:9]([C:8]1([H:18])[H:19])([H:20])[H:21])([H:11])[C:2](=[O:1])[O:3][H:10])([H:12])[H:13])([H:14])[H:15])[H:17],,
0,-0.5415266449721852,RESP2,b3lyp-d3bj/dzvp,1.0,0.35000000000000003,O,hf,1,[H:16][C:7]1([C:6]([C:5]([C:4]([C:9]([C:8]1([H:18])[H:19])([H:20])[H:21])([H:11])[C:2](=[O:1])[O:3][H:10])([H:12])[H:13])([H:14])[H:15])[H:17],,
1,0.5572529694129814,RESP2,b3lyp-d3bj/dzvp,1.0,0.35000000000000003,C,hf,2,[H:16][C:7]1([C:6]([C:5]([C:4]([C:9]([C:8]1([H:18])[H:19])([H:20])[H:21])([H:11])[C:2](=[O:1])[O:3][H:10])([H:12])[H:13])([H:14])[H:15])[H:17],,
2,-0.5943556014306406,RESP2,b3lyp-d3bj/dzvp,1.0,0.35000000000000003,O,hf,3,[H:16][C:7]1([C:6]([C:5]([C:4]([C:9]([C:8]1([H:18])[H:19])([H:20])[H:21])([H:11])[C:2](=[O:1])[O:3][H:10])([H:12])[H:13])([H:14])[H:15])[H:17],,
3,0.09935457968301238,RESP2,b3lyp-d3bj/dzvp,1.0,0.35000000000000003,C,hf,4,[H:16][C:7]1([C:6]([C:5]([C:4]([C:9]([C:8]1([H:18])[H:19])([H:20])[H:21])([H:11])[C:2](=[O:1])[O:3][H:10])([H:12])[H:13])([H:14])[H:15])[H:17],,
4,-0.019817448784831184,RESP2,b3lyp-d3bj/dzvp,1.0,0.35000000000000003,C,hf,5,[H:16][C:7]1([C:6]([C:5]([C:4]([C:9]([C:8]1([H:18])[H:19])([H:20])[H:21])([H:11])[C:2](=[O:1])[O:3][H:10])([H:12])[H:13])([H:14])[H:15])[H:17],,
5,0.015132349130009898,RESP2,b3lyp-d3bj/dzvp,1.0,0.35000000000000003,C,hf,6,[H:16][C:7]1([C:6]([C:5]([C:4]([C:9]([C:8]1([H:18])[H:19])([H:20])[H:21])([H:11])[C:2](=[O:1])[O:3][H:10])([H:12])[H:13])([H:14])[H:15])[H:17],,
6,0.0016333328360390142,RESP2,b3lyp-d3bj/dzvp,1.0,0.35000000000000003,C,hf,7,[H:16][C:7]1([C:6]([C:5]([C:4]([C:9]([C:8]1([H:18])[H:19])([H:20])[H:21])([H:11])[C:2](=[O:1])[O:3][H:10])([H:12])[H:13])([H:14])[H:15])[H:17],,
7,0.034281903393385355,RESP2,b3lyp-d3bj/dzvp,1.0,0.35000000000000003,C,hf,8,[H:16][C:7]1([C:6]([C:5]([C:4]([C:9]([C:8]1([H:18])[H:19])([H:20])[H:21])([H:11])[C:2](=[O:1])[O:3][H:10])([H:12])[H:13])([H:14])[H:15])[H:17],,
8,-0.021575997685273535,RESP2,b3lyp-d3bj/dzvp,1.0,0.35000000000000003,C,hf,9,[H:16][C:7]1([C:6]([C:5]([C:4]([C:9]([C:8]1([H:18])[H:19])([H:20])[H:21])([H:11])[C:2](=[O:1])[O:3][H:10])([H:12])[H:13])([H:14])[H:15])[H:17],,
9,0.44607090311114506,RESP2,b3lyp-d3bj/dzvp,1.0,0.35000000000000003,H,hf,10,[H:16][C:7]1([C:6]([C:5]([C:4]([C:9]([C:8]1([H:18])[H:19])([H:20])[H:21])([H:11])[C:2](=[O:1])[O:3][H:10])([H:12])[H:13])([H:14])[H:15])[H:17],,
10,0.002870394454867427,RESP2,b3lyp-d3bj/dzvp,1.0,0.35000000000000003,H,hf,11,[H:16][C:7]1([C:6]([C:5]([C:4]([C:9]([C:8]1([H:18])[H:19])([H:20])[H:21])([H:11])[C:2](=[O:1])[O:3][H:10])([H:12])[H:13])([H:14])[H:15])[H:17],,
11,0.011886907528786654,RESP2,b3lyp-d3bj/dzvp,1.0,0.35000000000000003,H,hf,12,[H:16][C:7]1([C:6]([C:5]([C:4]([C:9]([C:8]1([H:18])[H:19])([H:20])[H:21])([H:11])[C:2](=[O:1])[O:3][H:10])([H:12])[H:13])([H:14])[H:15])[H:17],,
12,0.005651019915566807,RESP2,b3lyp-d3bj/dzvp,1.0,0.35000000000000003,H,hf,13,[H:16][C:7]1([C:6]([C:5]([C:4]([C:9]([C:8]1([H:18])[H:19])([H:20])[H:21])([H:11])[C:2](=[O:1])[O:3][H:10])([H:12])[H:13])([H:14])[H:15])[H:17],,
13,0.0006354437963352024,RESP2,b3lyp-d3bj/dzvp,1.0,0.35000000000000003,H,hf,14,[H:16][C:7]1([C:6]([C:5]([C:4]([C:9]([C:8]1([H:18])[H:19])([H:20])[H:21])([H:11])[C:2](=[O:1])[O:3][H:10])([H:12])[H:13])([H:14])[H:15])[H:17],,
14,-5.498646969815211e-05,RESP2,b3lyp-d3bj/dzvp,1.0,0.35000000000000003,H,hf,15,[H:16][C:7]1([C:6]([C:5]([C:4]([C:9]([C:8]1([H:18])[H:19])([H:20])[H:21])([H:11])[C:2](=[O:1])[O:3][H:10])([H:12])[H:13])([H:14])[H:15])[H:17],,
15,-0.0034904006356503508,RESP2,b3lyp-d3bj/dzvp,1.0,0.35000000000000003,H,hf,16,[H:16][C:7]1([C:6]([C:5]([C:4]([C:9]([C:8]1([H:18])[H:19])([H:20])[H:21])([H:11])[C:2](=[O:1])[O:3][H:10])([H:12])[H:13])([H:14])[H:15])[H:17],,
16,0.0014172556726402199,RESP2,b3lyp-d3bj/dzvp,1.0,0.35000000000000003,H,hf,17,[H:16][C:7]1([C:6]([C:5]([C:4]([C:9]([C:8]1([H:18])[H:19])([H:20])[H:21])([H:11])[C:2](=[O:1])[O:3][H:10])([H:12])[H:13])([H:14])[H:15])[H:17],,
17,-0.005942890371526438,RESP2,b3lyp-d3bj/dzvp,1.0,0.35000000000000003,H,hf,18,[H:16][C:7]1([C:6]([C:5]([C:4]([C:9]([C:8]1([H:18])[H:19])([H:20])[H:21])([H:11])[C:2](=[O:1])[O:3][H:10])([H:12])[H:13])([H:14])[H:15])[H:17],,
18,-0.00847418376851089,RESP2,b3lyp-d3bj/dzvp,1.0,0.35000000000000003,H,hf,19,[H:16][C:7]1([C:6]([C:5]([C:4]([C:9]([C:8]1([H:18])[H:19])([H:20])[H:21])([H:11])[C:2](=[O:1])[O:3][H:10])([H:12])[H:13])([H:14])[H:15])[H:17],,
19,0.01003673788977229,RESP2,b3lyp-d3bj/dzvp,1.0,0.35000000000000003,H,hf,20,[H:16][C:7]1([C:6]([C:5]([C:4]([C:9]([C:8]1([H:18])[H:19])([H:20])[H:21])([H:11])[C:2](=[O:1])[O:3][H:10])([H:12])[H:13])([H:14])[H:15])[H:17],,
20,0.009014357293774596,RESP2,b3lyp-d3bj/dzvp,1.0,0.35000000000000003,H,hf,21,[H:16][C:7]1([C:6]([C:5]([C:4]([C:9]([C:8]1([H:18])[H:19])([H:20])[H:21])([H:11])[C:2](=[O:1])[O:3][H:10])([H:12])[H:13])([H:14])[H:15])[H:17],,
0,-0.5451522640613106,RESP2,b3lyp-d3bj/dzvp,1.0,0.4,O,hf,1,[H:16][C:7]1([C:6]([C:5]([C:4]([C:9]([C:8]1([H:18])[H:19])([H:20])[H:21])([H:11])[C:2](=[O:1])[O:3][H:10])([H:12])[H:13])([H:14])[H:15])[H:17],,
1,0.5596016053688653,RESP2,b3lyp-d3bj/dzvp,1.0,0.4,C,hf,2,[H:16][C:7]1([C:6]([C:5]([C:4]([C:9]([C:8]1([H:18])[H:19])([H:20])[H:21])([H:11])[C:2](=[O:1])[O:3][H:10])([H:12])[H:13])([H:14])[H:15])[H:17],,
2,-0.5959783671471672,RESP2,b3lyp-d3bj/dzvp,1.0,0.4,O,hf,3,[H:16][C:7]1([C:6]([C:5]([C:4]([C:9]([C:8]1([H:18])[H:19])([H:20])[H:21])([H:11])[C:2](=[O:1])[O:3][H:10])([H:12])[H:13])([H:14])[H:15])[H:17],,
3,0.09747073330673803,RESP2,b3lyp-d3bj/dzvp,1.0,0.4,C,hf,4,[H:16][C:7]1([C:6]([C:5]([C:4]([C:9]([C:8]1([H:18])[H:19])([H:20])[H:21])([H:11])[C:2](=[O:1])[O:3][H:10])([H:12])[H:13])([H:14])[H:15])[H:17],,
4,-0.019134293331632104,RESP2,b3lyp-d3bj/dzvp,1.0,0.4,C,hf,5,[H:16][C:7]1([C:6]([C:5]([C:4]([C:9]([C:8]1([H:18])[H:19])([H:20])[H:21])([H:11])[C:2](=[O:1])[O:3][H:10])([H:12])[H:13])([H:14])[H:15])[H:17],,
5,0.015419952607668461,RESP2,b3lyp-d3bj/dzvp,1.0,0.4,C,hf,6,[H:16][C:7]1([C:6]([C:5]([C:4]([C:9]([C:8]1([H:18])[H:19])([H:20])[H:21])([H:11])[C:2](=[O:1])[O:3][H:10])([H:12])[H:13])([H:14])[H:15])[H:17],,
6,0.004062080545064428,RESP2,b3lyp-d3bj/dzvp,1.0,0.4,C,hf,7,[H:16][C:7]1([C:6]([C:5]([C:4]([C:9]([C:8]1([H:18])[H:19])([H:20])[H:21])([H:11])[C:2](=[O:1])[O:3][H:10])([H:12])[H:13])([H:14])[H:15])[H:17],,
7,0.032450857711399515,RESP2,b3lyp-d3bj/dzvp,1.0,0.4,C,hf,8,[H:16][C:7]1([C:6]([C:5]([C:4]([C:9]([C:8]1([H:18])[H:19])([H:20])[H:21])([H:11])[C:2](=[O:1])[O:3][H:10])([H:12])[H:13])([H:14])[H:15])[H:17],,
8,-0.02021899239579759,RESP2,b3lyp-d3bj/dzvp,1.0,0.4,C,hf,9,[H:16][C:7]1([C:6]([C:5]([C:4]([C:9]([C:8]1([H:18])[H:19])([H:20])[H:21])([H:11])[C:2](=[O:1])[O:3][H:10])([H:12])[H:13])([H:14])[H:15])[H:17],,
9,0.4481391269233522,RESP2,b3lyp-d3bj/dzvp,1.0,0.4,H,hf,10,[H:16][C:7]1([C:6]([C:5]([C:4]([C:9]([C:8]1([H:18])[H:19])([H:20])[H:21])([H:11])[C:2](=[O:1])[O:3][H:10])([H:12])[H:13])([H:14])[H:15])[H:17],,
10,0.004030966397954537,RESP2,b3lyp-d3bj/dzvp,1.0,0.4,H,hf,11,[H:16][C:7]1([C:6]([C:5]([C:4]([C:9]([C:8]1([H:18])[H:19])([H:20])[H:21])([H:11])[C:2](=[O:1])[O:3][H:10])([H:12])[H:13])([H:14])[H:15])[H:17],,
11,0.011637712803920548,RESP2,b3lyp-d3bj/dzvp,1.0,0.4,H,hf,12,[H:16][C:7]1([C:6]([C:5]([C:4]([C:9]([C:8]1([H:18])[H:19])([H:20])[H:21])([H:11])[C:2](=[O:1])[O:3][H:10])([H:12])[H:13])([H:14])[H:15])[H:17],,
12,0.005865514762282851,RESP2,b3lyp-d3bj/dzvp,1.0,0.4,H,hf,13,[H:16][C:7]1([C:6]([C:5]([C:4]([C:9]([C:8]1([H:18])[H:19])([H:20])[H:21])([H:11])[C:2](=[O:1])[O:3][H:10])([H:12])[H:13])([H:14])[H:15])[H:17],,
13,0.0004083613221974919,RESP2,b3lyp-d3bj/dzvp,1.0,0.4,H,hf,14,[H:16][C:7]1([C:6]([C:5]([C:4]([C:9]([C:8]1([H:18])[H:19])([H:20])[H:21])([H:11])[C:2](=[O:1])[O:3][H:10])([H:12])[H:13])([H:14])[H:15])[H:17],,
14,-0.00037773749443878945,RESP2,b3lyp-d3bj/dzvp,1.0,0.4,H,hf,15,[H:16][C:7]1([C:6]([C:5]([C:4]([C:9]([C:8]1([H:18])[H:19])([H:20])[H:21])([H:11])[C:2](=[O:1])[O:3][H:10])([H:12])[H:13])([H:14])[H:15])[H:17],,
15,-0.004111819357069815,RESP2,b3lyp-d3bj/dzvp,1.0,0.4,H,hf,16,[H:16][C:7]1([C:6]([C:5]([C:4]([C:9]([C:8]1([H:18])[H:19])([H:20])[H:21])([H:11])[C:2](=[O:1])[O:3][H:10])([H:12])[H:13])([H:14])[H:15])[H:17],,
16,0.0007774018316538009,RESP2,b3lyp-d3bj/dzvp,1.0,0.4,H,hf,17,[H:16][C:7]1([C:6]([C:5]([C:4]([C:9]([C:8]1([H:18])[H:19])([H:20])[H:21])([H:11])[C:2](=[O:1])[O:3][H:10])([H:12])[H:13])([H:14])[H:15])[H:17],,
17,-0.005513225416318359,RESP2,b3lyp-d3bj/dzvp,1.0,0.4,H,hf,18,[H:16][C:7]1([C:6]([C:5]([C:4]([C:9]([C:8]1([H:18])[H:19])([H:20])[H:21])([H:11])[C:2](=[O:1])[O:3][H:10])([H:12])[H:13])([H:14])[H:15])[H:17],,
18,-0.008045403485424618,RESP2,b3lyp-d3bj/dzvp,1.0,0.4,H,hf,19,[H:16][C:7]1([C:6]([C:5]([C:4]([C:9]([C:8]1([H:18])[H:19])([H:20])[H:21])([H:11])[C:2](=[O:1])[O:3][H:10])([H:12])[H:13])([H:14])[H:15])[H:17],,
19,0.009774053702263783,RESP2,b3lyp-d3bj/dzvp,1.0,0.4,H,hf,20,[H:16][C:7]1([C:6]([C:5]([C:4]([C:9]([C:8]1([H:18])[H:19])([H:20])[H:21])([H:11])[C:2](=[O:1])[O:3][H:10])([H:12])[H:13])([H:14])[H:15])[H:17],,
20,0.008893735405798192,RESP2,b3lyp-d3bj/dzvp,1.0,0.4,H,hf,21,[H:16][C:7]1([C:6]([C:5]([C:4]([C:9]([C:8]1([H:18])[H:19])([H:20])[H:21])([H:11])[C:2](=[O:1])[O:3][H:10])([H:12])[H:13])([H:14])[H:15])[H:17],,
0,-0.5487778831504361,RESP2,b3lyp-d3bj/dzvp,1.0,0.45,O,hf,1,[H:16][C:7]1([C:6]([C:5]([C:4]([C:9]([C:8]1([H:18])[H:19])([H:20])[H:21])([H:11])[C:2](=[O:1])[O:3][H:10])([H:12])[H:13])([H:14])[H:15])[H:17],,
1,0.561950241324749,RESP2,b3lyp-d3bj/dzvp,1.0,0.45,C,hf,2,[H:16][C:7]1([C:6]([C:5]([C:4]([C:9]([C:8]1([H:18])[H:19])([H:20])[H:21])([H:11])[C:2](=[O:1])[O:3][H:10])([H:12])[H:13])([H:14])[H:15])[H:17],,
2,-0.5976011328636941,RESP2,b3lyp-d3bj/dzvp,1.0,0.45,O,hf,3,[H:16][C:7]1([C:6]([C:5]([C:4]([C:9]([C:8]1([H:18])[H:19])([H:20])[H:21])([H:11])[C:2](=[O:1])[O:3][H:10])([H:12])[H:13])([H:14])[H:15])[H:17],,
3,0.09558688693046367,RESP2,b3lyp-d3bj/dzvp,1.0,0.45,C,hf,4,[H:16][C:7]1([C:6]([C:5]([C:4]([C:9]([C:8]1([H:18])[H:19])([H:20])[H:21])([H:11])[C:2](=[O:1])[O:3][H:10])([H:12])[H:13])([H:14])[H:15])[H:17],,
4,-0.018451137878433017,RESP2,b3lyp-d3bj/dzvp,1.0,0.45,C,hf,5,[H:16][C:7]1([C:6]([C:5]([C:4]([C:9]([C:8]1([H:18])[H:19])([H:20])[H:21])([H:11])[C:2](=[O:1])[O:3][H:10])([H:12])[H:13])([H:14])[H:15])[H:17],,
5,0.01570755608532703,RESP2,b3lyp-d3bj/dzvp,1.0,0.45,C,hf,6,[H:16][C:7]1([C:6]([C:5]([C:4]([C:9]([C:8]1([H:18])[H:19])([H:20])[H:21])([H:11])[C:2](=[O:1])[O:3][H:10])([H:12])[H:13])([H:14])[H:15])[H:17],,
6,0.0064908282540898435,RESP2,b3lyp-d3bj/dzvp,1.0,0.45,C,hf,7,[H:16][C:7]1([C:6]([C:5]([C:4]([C:9]([C:8]1([H:18])[H:19])([H:20])[H:21])([H:11])[C:2](=[O:1])[O:3][H:10])([H:12])[H:13])([H:14])[H:15])[H:17],,
7,0.030619812029413676,RESP2,b3lyp-d3bj/dzvp,1.0,0.45,C,hf,8,[H:16][C:7]1([C:6]([C:5]([C:4]([C:9]([C:8]1([H:18])[H:19])([H:20])[H:21])([H:11])[C:2](=[O:1])[O:3][H:10])([H:12])[H:13])([H:14])[H:15])[H:17],,
8,-0.018861987106321643,RESP2,b3lyp-d3bj/dzvp,1.0,0.45,C,hf,9,[H:16][C:7]1([C:6]([C:5]([C:4]([C:9]([C:8]1([H:18])[H:19])([H:20])[H:21])([H:11])[C:2](=[O:1])[O:3][H:10])([H:12])[H:13])([H:14])[H:15])[H:17],,
9,0.4502073507355595,RESP2,b3lyp-d3bj/dzvp,1.0,0.45,H,hf,10,[H:16][C:7]1([C:6]([C:5]([C:4]([C:9]([C:8]1([H:18])[H:19])([H:20])[H:21])([H:11])[C:2](=[O:1])[O:3][H:10])([H:12])[H:13])([H:14])[H:15])[H:17],,
10,0.0051915383410416505,RESP2,b3lyp-d3bj/dzvp,1.0,0.45,H,hf,11,[H:16][C:7]1([C:6]([C:5]([C:4]([C:9]([C:8]1([H:18])[H:19])([H:20])[H:21])([H:11])[C:2](=[O:1])[O:3][H:10])([H:12])[H:13])([H:14])[H:15])[H:17],,
11,0.011388518079054449,RESP2,b3lyp-d3bj/dzvp,1.0,0.45,H,hf,12,[H:16][C:7]1([C:6]([C:5]([C:4]([C:9]([C:8]1([H:18])[H:19])([H:20])[H:21])([H:11])[C:2](=[O:1])[O:3][H:10])([H:12])[H:13])([H:14])[H:15])[H:17],,
12,0.0060800096089989025,RESP2,b3lyp-d3bj/dzvp,1.0,0.45,H,hf,13,[H:16][C:7]1([C:6]([C:5]([C:4]([C:9]([C:8]1([H:18])[H:19])([H:20])[H:21])([H:11])[C:2](=[O:1])[O:3][H:10])([H:12])[H:13])([H:14])[H:15])[H:17],,
13,0.00018127884805978691,RESP2,b3lyp-d3bj/dzvp,1.0,0.45,H,hf,14,[H:16][C:7]1([C:6]([C:5]([C:4]([C:9]([C:8]1([H:18])[H:19])([H:20])[H:21])([H:11])[C:2](=[O:1])[O:3][H:10])([H:12])[H:13])([H:14])[H:15])[H:17],,
14,-0.0007004885191794212,RESP2,b3lyp-d3bj/dzvp,1.0,0.45,H,hf,15,[H:16][C:7]1([C:6]([C:5]([C:4]([C:9]([C:8]1([H:18])[H:19])([H:20])[H:21])([H:11])[C:2](=[O:1])[O:3][H:10])([H:12])[H:13])([H:14])[H:15])[H:17],,
15,-0.004733238078489274,RESP2,b3lyp-d3bj/dzvp,1.0,0.45,H,hf,16,[H:16][C:7]1([C:6]([C:5]([C:4]([C:9]([C:8]1([H:18])[H:19])([H:20])[H:21])([H:11])[C:2](=[O:1])[O:3][H:10])([H:12])[H:13])([H:14])[H:15])[H:17],,
16,0.00013754799066738714,RESP2,b3lyp-d3bj/dzvp,1.0,0.45,H,hf,17,[H:16][C:7]1([C:6]([C:5]([C:4]([C:9]([C:8]1([H:18])[H:19])([H:20])[H:21])([H:11])[C:2](=[O:1])[O:3][H:10])([H:12])[H:13])([H:14])[H:15])[H:17],,
17,-0.005083560461110274,RESP2,b3lyp-d3bj/dzvp,1.0,0.45,H,hf,18,[H:16][C:7]1([C:6]([C:5]([C:4]([C:9]([C:8]1([H:18])[H:19])([H:20])[H:21])([H:11])[C:2](=[O:1])[O:3][H:10])([H:12])[H:13])([H:14])[H:15])[H:17],,
18,-0.007616623202338341,RESP2,b3lyp-d3bj/dzvp,1.0,0.45,H,hf,19,[H:16][C:7]1([C:6]([C:5]([C:4]([C:9]([C:8]1([H:18])[H:19])([H:20])[H:21])([H:11])[C:2](=[O:1])[O:3][H:10])([H:12])[H:13])([H:14])[H:15])[H:17],,
19,0.009511369514755286,RESP2,b3lyp-d3bj/dzvp,1.0,0.45,H,hf,20,[H:16][C:7]1([C:6]([C:5]([C:4]([C:9]([C:8]1([H:18])[H:19])([H:20])[H:21])([H:11])[C:2](=[O:1])[O:3][H:10])([H:12])[H:13])([H:14])[H:15])[H:17],,
20,0.008773113517821793,RESP2,b3lyp-d3bj/dzvp,1.0,0.45,H,hf,21,[H:16][C:7]1([C:6]([C:5]([C:4]([C:9]([C:8]1([H:18])[H:19])([H:20])[H:21])([H:11])[C:2](=[O:1])[O:3][H:10])([H:12])[H:13])([H:14])[H:15])[H:17],,
0,-0.5524035022395614,RESP2,b3lyp-d3bj/dzvp,1.0,0.5,O,hf,1,[H:16][C:7]1([C:6]([C:5]([C:4]([C:9]([C:8]1([H:18])[H:19])([H:20])[H:21])([H:11])[C:2](=[O:1])[O:3][H:10])([H:12])[H:13])([H:14])[H:15])[H:17],,
1,0.5642988772806329,RESP2,b3lyp-d3bj/dzvp,1.0,0.5,C,hf,2,[H:16][C:7]1([C:6]([C:5]([C:4]([C:9]([C:8]1([H:18])[H:19])([H:20])[H:21])([H:11])[C:2](=[O:1])[O:3][H:10])([H:12])[H:13])([H:14])[H:15])[H:17],,
2,-0.5992238985802207,RESP2,b3lyp-d3bj/dzvp,1.0,0.5,O,hf,3,[H:16][C:7]1([C:6]([C:5]([C:4]([C:9]([C:8]1([H:18])[H:19])([H:20])[H:21])([H:11])[C:2](=[O:1])[O:3][H:10])([H:12])[H:13])([H:14])[H:15])[H:17],,
3,0.09370304055418929,RESP2,b3lyp-d3bj/dzvp,1.0,0.5,C,hf,4,[H:16][C:7]1([C:6]([C:5]([C:4]([C:9]([C:8]1([H:18])[H:19])([H:20])[H:21])([H:11])[C:2](=[O:1])[O:3][H:10])([H:12])[H:13])([H:14])[H:15])[H:17],,
4,-0.017767982425233943,RESP2,b3lyp-d3bj/dzvp,1.0,0.5,C,hf,5,[H:16][C:7]1([C:6]([C:5]([C:4]([C:9]([C:8]1([H:18])[H:19])([H:20])[H:21])([H:11])[C:2](=[O:1])[O:3][H:10])([H:12])[H:13])([H:14])[H:15])[H:17],,
5,0.015995159562985587,RESP2,b3lyp-d3bj/dzvp,1.0,0.5,C,hf,6,[H:16][C:7]1([C:6]([C:5]([C:4]([C:9]([C:8]1([H:18])[H:19])([H:20])[H:21])([H:11])[C:2](=[O:1])[O:3][H:10])([H:12])[H:13])([H:14])[H:15])[H:17],,
6,0.008919575963115248,RESP2,b3lyp-d3bj/dzvp,1.0,0.5,C,hf,7,[H:16][C:7]1([C:6]([C:5]([C:4]([C:9]([C:8]1([H:18])[H:19])([H:20])[H:21])([H:11])[C:2](=[O:1])[O:3][H:10])([H:12])[H:13])([H:14])[H:15])[H:17],,
7,0.02878876634742782,RESP2,b3lyp-d3bj/dzvp,1.0,0.5,C,hf,8,[H:16][C:7]1([C:6]([C:5]([C:4]([C:9]([C:8]1([H:18])[H:19])([H:20])[H:21])([H:11])[C:2](=[O:1])[O:3][H:10])([H:12])[H:13])([H:14])[H:15])[H:17],,
8,-0.017504981816845698,RESP2,b3lyp-d3bj/dzvp,1.0,0.5,C,hf,9,[H:16][C:7]1([C:6]([C:5]([C:4]([C:9]([C:8]1([H:18])[H:19])([H:20])[H:21])([H:11])[C:2](=[O:1])[O:3][H:10])([H:12])[H:13])([H:14])[H:15])[H:17],,
9,0.4522755745477667,RESP2,b3lyp-d3bj/dzvp,1.0,0.5,H,hf,10,[H:16][C:7]1([C:6]([C:5]([C:4]([C:9]([C:8]1([H:18])[H:19])([H:20])[H:21])([H:11])[C:2](=[O:1])[O:3][H:10])([H:12])[H:13])([H:14])[H:15])[H:17],,
10,0.006352110284128752,RESP2,b3lyp-d3bj/dzvp,1.0,0.5,H,hf,11,[H:16][C:7]1([C:6]([C:5]([C:4]([C:9]([C:8]1([H:18])[H:19])([H:20])[H:21])([H:11])[C:2](=[O:1])[O:3][H:10])([H:12])[H:13])([H:14])[H:15])[H:17],,
11,0.011139323354188333,RESP2,b3lyp-d3bj/dzvp,1.0,0.5,H,hf,12,[H:16][C:7]1([C:6]([C:5]([C:4]([C:9]([C:8]1([H:18])[H:19])([H:20])[H:21])([H:11])[C:2](=[O:1])[O:3][H:10])([H:12])[H:13])([H:14])[H:15])[H:17],,
12,0.006294504455714939,RESP2,b3lyp-d3bj/dzvp,1.0,0.5,H,hf,13,[H:16][C:7]1([C:6]([C:5]([C:4]([C:9]([C:8]1([H:18])[H:19])([H:20])[H:21])([H:11])[C:2](=[O:1])[O:3][H:10])([H:12])[H:13])([H:14])[H:15])[H:17],,
13,-4.580362607793167e-05,RESP2,b3lyp-d3bj/dzvp,1.0,0.5,H,hf,14,[H:16][C:7]1([C:6]([C:5]([C:4]([C:9]([C:8]1([H:18])[H:19])([H:20])[H:21])([H:11])[C:2](=[O:1])[O:3][H:10])([H:12])[H:13])([H:14])[H:15])[H:17],,
14,-0.0010232395439200668,RESP2,b3lyp-d3bj/dzvp,1.0,0.5,H,hf,15,[H:16][C:7]1([C:6]([C:5]([C:4]([C:9]([C:8]1([H:18])[H:19])([H:20])[H:21])([H:11])[C:2](=[O:1])[O:3][H:10])([H:12])[H:13])([H:14])[H:15])[H:17],,
15,-0.005354656799908747,RESP2,b3lyp-d3bj/dzvp,1.0,0.5,H,hf,16,[H:16][C:7]1([C:6]([C:5]([C:4]([C:9]([C:8]1([H:18])[H:19])([H:20])[H:21])([H:11])[C:2](=[O:1])[O:3][H:10])([H:12])[H:13])([H:14])[H:15])[H:17],,
16,-0.0005023058503190399,RESP2,b3lyp-d3bj/dzvp,1.0,0.5,H,hf,17,[H:16][C:7]1([C:6]([C:5]([C:4]([C:9]([C:8]1([H:18])[H:19])([H:20])[H:21])([H:11])[C:2](=[O:1])[O:3][H:10])([H:12])[H:13])([H:14])[H:15])[H:17],,
17,-0.004653895505902201,RESP2,b3lyp-d3bj/dzvp,1.0,0.5,H,hf,18,[H:16][C:7]1([C:6]([C:5]([C:4]([C:9]([C:8]1([H:18])[H:19])([H:20])[H:21])([H:11])[C:2](=[O:1])[O:3][H:10])([H:12])[H:13])([H:14])[H:15])[H:17],,
18,-0.007187842919252076,RESP2,b3lyp-d3bj/dzvp,1.0,0.5,H,hf,19,[H:16][C:7]1([C:6]([C:5]([C:4]([C:9]([C:8]1([H:18])[H:19])([H:20])[H:21])([H:11])[C:2](=[O:1])[O:3][H:10])([H:12])[H:13])([H:14])[H:15])[H:17],,
19,0.00924868532724677,RESP2,b3lyp-d3bj/dzvp,1.0,0.5,H,hf,20,[H:16][C:7]1([C:6]([C:5]([C:4]([C:9]([C:8]1([H:18])[H:19])([H:20])[H:21])([H:11])[C:2](=[O:1])[O:3][H:10])([H:12])[H:13])([H:14])[H:15])[H:17],,
20,0.008652491629845377,RESP2,b3lyp-d3bj/dzvp,1.0,0.5,H,hf,21,[H:16][C:7]1([C:6]([C:5]([C:4]([C:9]([C:8]1([H:18])[H:19])([H:20])[H:21])([H:11])[C:2](=[O:1])[O:3][H:10])([H:12])[H:13])([H:14])[H:15])[H:17],,
0,-0.5560291213286868,RESP2,b3lyp-d3bj/dzvp,1.0,0.55,O,hf,1,[H:16][C:7]1([C:6]([C:5]([C:4]([C:9]([C:8]1([H:18])[H:19])([H:20])[H:21])([H:11])[C:2](=[O:1])[O:3][H:10])([H:12])[H:13])([H:14])[H:15])[H:17],,
1,0.5666475132365167,RESP2,b3lyp-d3bj/dzvp,1.0,0.55,C,hf,2,[H:16][C:7]1([C:6]([C:5]([C:4]([C:9]([C:8]1([H:18])[H:19])([H:20])[H:21])([H:11])[C:2](=[O:1])[O:3][H:10])([H:12])[H:13])([H:14])[H:15])[H:17],,
2,-0.6008466642967474,RESP2,b3lyp-d3bj/dzvp,1.0,0.55,O,hf,3,[H:16][C:7]1([C:6]([C:5]([C:4]([C:9]([C:8]1([H:18])[H:19])([H:20])[H:21])([H:11])[C:2](=[O:1])[O:3][H:10])([H:12])[H:13])([H:14])[H:15])[H:17],,
3,0.09181919417791495,RESP2,b3lyp-d3bj/dzvp,1.0,0.55,C,hf,4,[H:16][C:7]1([C:6]([C:5]([C:4]([C:9]([C:8]1([H:18])[H:19])([H:20])[H:21])([H:11])[C:2](=[O:1])[O:3][H:10])([H:12])[H:13])([H:14])[H:15])[H:17],,
4,-0.017084826972034856,RESP2,b3lyp-d3bj/dzvp,1.0,0.55,C,hf,5,[H:16][C:7]1([C:6]([C:5]([C:4]([C:9]([C:8]1([H:18])[H:19])([H:20])[H:21])([H:11])[C:2](=[O:1])[O:3][H:10])([H:12])[H:13])([H:14])[H:15])[H:17],,
5,0.016282763040644153,RESP2,b3lyp-d3bj/dzvp,1.0,0.55,C,hf,6,[H:16][C:7]1([C:6]([C:5]([C:4]([C:9]([C:8]1([H:18])[H:19])([H:20])[H:21])([H:11])[C:2](=[O:1])[O:3][H:10])([H:12])[H:13])([H:14])[H:15])[H:17],,
6,0.011348323672140672,RESP2,b3lyp-d3bj/dzvp,1.0,0.55,C,hf,7,[H:16][C:7]1([C:6]([C:5]([C:4]([C:9]([C:8]1([H:18])[H:19])([H:20])[H:21])([H:11])[C:2](=[O:1])[O:3][H:10])([H:12])[H:13])([H:14])[H:15])[H:17],,
7,0.026957720665441977,RESP2,b3lyp-d3bj/dzvp,1.0,0.55,C,hf,8,[H:16][C:7]1([C:6]([C:5]([C:4]([C:9]([C:8]1([H:18])[H:19])([H:20])[H:21])([H:11])[C:2](=[O:1])[O:3][H:10])([H:12])[H:13])([H:14])[H:15])[H:17],,
8,-0.01614797652736975,RESP2,b3lyp-d3bj/dzvp,1.0,0.55,C,hf,9,[H:16][C:7]1([C:6]([C:5]([C:4]([C:9]([C:8]1([H:18])[H:19])([H:20])[H:21])([H:11])[C:2](=[O:1])[O:3][H:10])([H:12])[H:13])([H:14])[H:15])[H:17],,
9,0.4543437983599739,RESP2,b3lyp-d3bj/dzvp,1.0,0.55,H,hf,10,[H:16][C:7]1([C:6]([C:5]([C:4]([C:9]([C:8]1([H:18])[H:19])([H:20])[H:21])([H:11])[C:2](=[O:1])[O:3][H:10])([H:12])[H:13])([H:14])[H:15])[H:17],,
10,0.007512682227215868,RESP2,b3lyp-d3bj/dzvp,1.0,0.55,H,hf,11,[H:16][C:7]1([C:6]([C:5]([C:4]([C:9]([C:8]1([H:18])[H:19])([H:20])[H:21])([H:11])[C:2](=[O:1])[O:3][H:10])([H:12])[H:13])([H:14])[H:15])[H:17],,
11,0.010890128629322234,RESP2,b3lyp-d3bj/dzvp,1.0,0.55,H,hf,12,[H:16][C:7]1([C:6]([C:5]([C:4]([C:9]([C:8]1([H:18])[H:19])([H:20])[H:21])([H:11])[C:2](=[O:1])[O:3][H:10])([H:12])[H:13])([H:14])[H:15])[H:17],,
12,0.00650899930243099,RESP2,b3lyp-d3bj/dzvp,1.0,0.55,H,hf,13,[H:16][C:7]1([C:6]([C:5]([C:4]([C:9]([C:8]1([H:18])[H:19])([H:20])[H:21])([H:11])[C:2](=[O:1])[O:3][H:10])([H:12])[H:13])([H:14])[H:15])[H:17],,
13,-0.0002728861002156372,RESP2,b3lyp-d3bj/dzvp,1.0,0.55,H,hf,14,[H:16][C:7]1([C:6]([C:5]([C:4]([C:9]([C:8]1([H:18])[H:19])([H:20])[H:21])([H:11])[C:2](=[O:1])[O:3][H:10])([H:12])[H:13])([H:14])[H:15])[H:17],,
14,-0.001345990568660699,RESP2,b3lyp-d3bj/dzvp,1.0,0.55,H,hf,15,[H:16][C:7]1([C:6]([C:5]([C:4]([C:9]([C:8]1([H:18])[H:19])([H:20])[H:21])([H:11])[C:2](=[O:1])[O:3][H:10])([H:12])[H:13])([H:14])[H:15])[H:17],,
15,-0.005976075521328208,RESP2,b3lyp-d3bj/dzvp,1.0,0.55,H,hf,16,[H:16][C:7]1([C:6]([C:5]([C:4]([C:9]([C:8]1([H:18])[H:19])([H:20])[H:21])([H:11])[C:2](=[O:1])[O:3][H:10])([H:12])[H:13])([H:14])[H:15])[H:17],,
16,-0.0011421596913054543,RESP2,b3lyp-d3bj/dzvp,1.0,0.55,H,hf,17,[H:16][C:7]1([C:6]([C:5]([C:4]([C:9]([C:8]1([H:18])[H:19])([H:20])[H:21])([H:11])[C:2](=[O:1])[O:3][H:10])([H:12])[H:13])([H:14])[H:15])[H:17],,
17,-0.004224230550694116,RESP2,b3lyp-d3bj/dzvp,1.0,0.55,H,hf,18,[H:16][C:7]1([C:6]([C:5]([C:4]([C:9]([C:8]1([H:18])[H:19])([H:20])[H:21])([H:11])[C:2](=[O:1])[O:3][H:10])([H:12])[H:13])([H:14])[H:15])[H:17],,
18,-0.0067590626361657994,RESP2,b3lyp-d3bj/dzvp,1.0,0.55,H,hf,19,[H:16][C:7]1([C:6]([C:5]([C:4]([C:9]([C:8]1([H:18])[H:19])([H:20])[H:21])([H:11])[C:2](=[O:1])[O:3][H:10])([H:12])[H:13])([H:14])[H:15])[H:17],,
19,0.00898600113973827,RESP2,b3lyp-d3bj/dzvp,1.0,0.55,H,hf,20,[H:16][C:7]1([C:6]([C:5]([C:4]([C:9]([C:8]1([H:18])[H:19])([H:20])[H:21])([H:11])[C:2](=[O:1])[O:3][H:10])([H:12])[H:13])([H:14])[H:15])[H:17],,
20,0.008531869741868979,RESP2,b3lyp-d3bj/dzvp,1.0,0.55,H,hf,21,[H:16][C:7]1([C:6]([C:5]([C:4]([C:9]([C:8]1([H:18])[H:19])([H:20])[H:21])([H:11])[C:2](=[O:1])[O:3][H:10])([H:12])[H:13])([H:14])[H:15])[H:17],,
0,-0.5596547404178122,RESP2,b3lyp-d3bj/dzvp,1.0,0.6000000000000001,O,hf,1,[H:16][C:7]1([C:6]([C:5]([C:4]([C:9]([C:8]1([H:18])[H:19])([H:20])[H:21])([H:11])[C:2](=[O:1])[O:3][H:10])([H:12])[H:13])([H:14])[H:15])[H:17],,
1,0.5689961491924004,RESP2,b3lyp-d3bj/dzvp,1.0,0.6000000000000001,C,hf,2,[H:16][C:7]1([C:6]([C:5]([C:4]([C:9]([C:8]1([H:18])[H:19])([H:20])[H:21])([H:11])[C:2](=[O:1])[O:3][H:10])([H:12])[H:13])([H:14])[H:15])[H:17],,
2,-0.6024694300132742,RESP2,b3lyp-d3bj/dzvp,1.0,0.6000000000000001,O,hf,3,[H:16][C:7]1([C:6]([C:5]([C:4]([C:9]([C:8]1([H:18])[H:19])([H:20])[H:21])([H:11])[C:2](=[O:1])[O:3][H:10])([H:12])[H:13])([H:14])[H:15])[H:17],,
3,0.0899353478016406,RESP2,b3lyp-d3bj/dzvp,1.0,0.6000000000000001,C,hf,4,[H:16][C:7]1([C:6]([C:5]([C:4]([C:9]([C:8]1([H:18])[H:19])([H:20])[H:21])([H:11])[C:2](=[O:1])[O:3][H:10])([H:12])[H:13])([H:14])[H:15])[H:17],,
4,-0.016401671518835762,RESP2,b3lyp-d3bj/dzvp,1.0,0.6000000000000001,C,hf,5,[H:16][C:7]1([C:6]([C:5]([C:4]([C:9]([C:8]1([H:18])[H:19])([H:20])[H:21])([H:11])[C:2](=[O:1])[O:3][H:10])([H:12])[H:13])([H:14])[H:15])[H:17],,
5,0.016570366518302727,RESP2,b3lyp-d3bj/dzvp,1.0,0.6000000000000001,C,hf,6,[H:16][C:7]1([C:6]([C:5]([C:4]([C:9]([C:8]1([H:18])[H:19])([H:20])[H:21])([H:11])[C:2](=[O:1])[O:3][H:10])([H:12])[H:13])([H:14])[H:15])[H:17],,
6,0.013777071381166094,RESP2,b3lyp-d3bj/dzvp,1.0,0.6000000000000001,C,hf,7,[H:16][C:7]1([C:6]([C:5]([C:4]([C:9]([C:8]1([H:18])[H:19])([H:20])[H:21])([H:11])[C:2](=[O:1])[O:3][H:10])([H:12])[H:13])([H:14])[H:15])[H:17],,
7,0.02512667498345614,RESP2,b3lyp-d3bj/dzvp,1.0,0.6000000000000001,C,hf,8,[H:16][C:7]1([C:6]([C:5]([C:4]([C:9]([C:8]1([H:18])[H:19])([H:20])[H:21])([H:11])[C:2](=[O:1])[O:3][H:10])([H:12])[H:13])([H:14])[H:15])[H:17],,
8,-0.01479097123789379,RESP2,b3lyp-d3bj/dzvp,1.0,0.6000000000000001,C,hf,9,[H:16][C:7]1([C:6]([C:5]([C:4]([C:9]([C:8]1([H:18])[H:19])([H:20])[H:21])([H:11])[C:2](=[O:1])[O:3][H:10])([H:12])[H:13])([H:14])[H:15])[H:17],,
9,0.4564120221721811,RESP2,b3lyp-d3bj/dzvp,1.0,0.6000000000000001,H,hf,10,[H:16][C:7]1([C:6]([C:5]([C:4]([C:9]([C:8]1([H:18])[H:19])([H:20])[H:21])([H:11])[C:2](=[O:1])[O:3][H:10])([H:12])[H:13])([H:14])[H:15])[H:17],,
10,0.008673254170302987,RESP2,b3lyp-d3bj/dzvp,1.0,0.6000000000000001,H,hf,11,[H:16][C:7]1([C:6]([C:5]([C:4]([C:9]([C:8]1([H:18])[H:19])([H:20])[H:21])([H:11])[C:2](=[O:1])[O:3][H:10])([H:12])[H:13])([H:14])[H:15])[H:17],,
11,0.010640933904456138,RESP2,b3lyp-d3bj/dzvp,1.0,0.6000000000000001,H,hf,12,[H:16][C:7]1([C:6]([C:5]([C:4]([C:9]([C:8]1([H:18])[H:19])([H:20])[H:21])([H:11])[C:2](=[O:1])[O:3][H:10])([H:12])[H:13])([H:14])[H:15])[H:17],,
12,0.006723494149147045,RESP2,b3lyp-d3bj/dzvp,1.0,0.6000000000000001,H,hf,13,[H:16][C:7]1([C:6]([C:5]([C:4]([C:9]([C:8]1([H:18])[H:19])([H:20])[H:21])([H:11])[C:2](=[O:1])[O:3][H:10])([H:12])[H:13])([H:14])[H:15])[H:17],,
13,-0.0004999685743533375,RESP2,b3lyp-d3bj/dzvp,1.0,0.6000000000000001,H,hf,14,[H:16][C:7]1([C:6]([C:5]([C:4]([C:9]([C:8]1([H:18])[H:19])([H:20])[H:21])([H:11])[C:2](=[O:1])[O:3][H:10])([H:12])[H:13])([H:14])[H:15])[H:17],,
14,-0.0016687415934013264,RESP2,b3lyp-d3bj/dzvp,1.0,0.6000000000000001,H,hf,15,[H:16][C:7]1([C:6]([C:5]([C:4]([C:9]([C:8]1([H:18])[H:19])([H:20])[H:21])([H:11])[C:2](=[O:1])[O:3][H:10])([H:12])[H:13])([H:14])[H:15])[H:17],,
15,-0.006597494242747662,RESP2,b3lyp-d3bj/dzvp,1.0,0.6000000000000001,H,hf,16,[H:16][C:7]1([C:6]([C:5]([C:4]([C:9]([C:8]1([H:18])[H:19])([H:20])[H:21])([H:11])[C:2](=[O:1])[O:3][H:10])([H:12])[H:13])([H:14])[H:15])[H:17],,
16,-0.0017820135322918636,RESP2,b3lyp-d3bj/dzvp,1.0,0.6000000000000001,H,hf,17,[H:16][C:7]1([C:6]([C:5]([C:4]([C:9]([C:8]1([H:18])[H:19])([H:20])[H:21])([H:11])[C:2](=[O:1])[O:3][H:10])([H:12])[H:13])([H:14])[H:15])[H:17],,
17,-0.0037945655954860253,RESP2,b3lyp-d3bj/dzvp,1.0,0.6000000000000001,H,hf,18,[H:16][C:7]1([C:6]([C:5]([C:4]([C:9]([C:8]1([H:18])[H:19])([H:20])[H:21])([H:11])[C:2](=[O:1])[O:3][H:10])([H:12])[H:13])([H:14])[H:15])[H:17],,
18,-0.006330282353079516,RESP2,b3lyp-d3bj/dzvp,1.0,0.6000000000000001,H,hf,19,[H:16][C:7]1([C:6]([C:5]([C:4]([C:9]([C:8]1([H:18])[H:19])([H:20])[H:21])([H:11])[C:2](=[O:1])[O:3][H:10])([H:12])[H:13])([H:14])[H:15])[H:17],,
19,0.008723316952229774,RESP2,b3lyp-d3bj/dzvp,1.0,0.6000000000000001,H,hf,20,[H:16][C:7]1([C:6]([C:5]([C:4]([C:9]([C:8]1([H:18])[H:19])([H:20])[H:21])([H:11])[C:2](=[O:1])[O:3][H:10])([H:12])[H:13])([H:14])[H:15])[H:17],,
20,0.008411247853892584,RESP2,b3lyp-d3bj/dzvp,1.0,0.6000000000000001,H,hf,21,[H:16][C:7]1([C:6]([C:5]([C:4]([C:9]([C:8]1([H:18])[H:19])([H:20])[H:21])([H:11])[C:2](=[O:1])[O:3][H:10])([H:12])[H:13])([H:14])[H:15])[H:17],,
0,-0.5632803595069376,RESP2,b3lyp-d3bj/dzvp,1.0,0.65,O,hf,1,[H:16][C:7]1([C:6]([C:5]([C:4]([C:9]([C:8]1([H:18])[H:19])([H:20])[H:21])([H:11])[C:2](=[O:1])[O:3][H:10])([H:12])[H:13])([H:14])[H:15])[H:17],,
1,0.5713447851482842,RESP2,b3lyp-d3bj/dzvp,1.0,0.65,C,hf,2,[H:16][C:7]1([C:6]([C:5]([C:4]([C:9]([C:8]1([H:18])[H:19])([H:20])[H:21])([H:11])[C:2](=[O:1])[O:3][H:10])([H:12])[H:13])([H:14])[H:15])[H:17],,
2,-0.6040921957298009,RESP2,b3lyp-d3bj/dzvp,1.0,0.65,O,hf,3,[H:16][C:7]1([C:6]([C:5]([C:4]([C:9]([C:8]1([H:18])[H:19])([H:20])[H:21])([H:11])[C:2](=[O:1])[O:3][H:10])([H:12])[H:13])([H:14])[H:15])[H:17],,
3,0.08805150142536623,RESP2,b3lyp-d3bj/dzvp,1.0,0.65,C,hf,4,[H:16][C:7]1([C:6]([C:5]([C:4]([C:9]([C:8]1([H:18])[H:19])([H:20])[H:21])([H:11])[C:2](=[O:1])[O:3][H:10])([H:12])[H:13])([H:14])[H:15])[H:17],,
4,-0.01571851606563668,RESP2,b3lyp-d3bj/dzvp,1.0,0.65,C,hf,5,[H:16][C:7]1([C:6]([C:5]([C:4]([C:9]([C:8]1([H:18])[H:19])([H:20])[H:21])([H:11])[C:2](=[O:1])[O:3][H:10])([H:12])[H:13])([H:14])[H:15])[H:17],,
5,0.01685796999596129,RESP2,b3lyp-d3bj/dzvp,1.0,0.65,C,hf,6,[H:16][C:7]1([C:6]([C:5]([C:4]([C:9]([C:8]1([H:18])[H:19])([H:20])[H:21])([H:11])[C:2](=[O:1])[O:3][H:10])([H:12])[H:13])([H:14])[H:15])[H:17],,
6,0.016205819090191507,RESP2,b3lyp-d3bj/dzvp,1.0,0.65,C,hf,7,[H:16][C:7]1([C:6]([C:5]([C:4]([C:9]([C:8]1([H:18])[H:19])([H:20])[H:21])([H:11])[C:2](=[O:1])[O:3][H:10])([H:12])[H:13])([H:14])[H:15])[H:17],,
7,0.0232956293014703,RESP2,b3lyp-d3bj/dzvp,1.0,0.65,C,hf,8,[H:16][C:7]1([C:6]([C:5]([C:4]([C:9]([C:8]1([H:18])[H:19])([H:20])[H:21])([H:11])[C:2](=[O:1])[O:3][H:10])([H:12])[H:13])([H:14])[H:15])[H:17],,
8,-0.013433965948417847,RESP2,b3lyp-d3bj/dzvp,1.0,0.65,C,hf,9,[H:16][C:7]1([C:6]([C:5]([C:4]([C:9]([C:8]1([H:18])[H:19])([H:20])[H:21])([H:11])[C:2](=[O:1])[O:3][H:10])([H:12])[H:13])([H:14])[H:15])[H:17],,
9,0.4584802459843883,RESP2,b3lyp-d3bj/dzvp,1.0,0.65,H,hf,10,[H:16][C:7]1([C:6]([C:5]([C:4]([C:9]([C:8]1([H:18])[H:19])([H:20])[H:21])([H:11])[C:2](=[O:1])[O:3][H:10])([H:12])[H:13])([H:14])[H:15])[H:17],,
10,0.009833826113390096,RESP2,b3lyp-d3bj/dzvp,1.0,0.65,H,hf,11,[H:16][C:7]1([C:6]([C:5]([C:4]([C:9]([C:8]1([H:18])[H:19])([H:20])[H:21])([H:11])[C:2](=[O:1])[O:3][H:10])([H:12])[H:13])([H:14])[H:15])[H:17],,
11,0.010391739179590033,RESP2,b3lyp-d3bj/dzvp,1.0,0.65,H,hf,12,[H:16][C:7]1([C:6]([C:5]([C:4]([C:9]([C:8]1([H:18])[H:19])([H:20])[H:21])([H:11])[C:2](=[O:1])[O:3][H:10])([H:12])[H:13])([H:14])[H:15])[H:17],,
12,0.006937988995863089,RESP2,b3lyp-d3bj/dzvp,1.0,0.65,H,hf,13,[H:16][C:7]1([C:6]([C:5]([C:4]([C:9]([C:8]1([H:18])[H:19])([H:20])[H:21])([H:11])[C:2](=[O:1])[O:3][H:10])([H:12])[H:13])([H:14])[H:15])[H:17],,
13,-0.0007270510484910478,RESP2,b3lyp-d3bj/dzvp,1.0,0.65,H,hf,14,[H:16][C:7]1([C:6]([C:5]([C:4]([C:9]([C:8]1([H:18])[H:19])([H:20])[H:21])([H:11])[C:2](=[O:1])[O:3][H:10])([H:12])[H:13])([H:14])[H:15])[H:17],,
14,-0.0019914926181419635,RESP2,b3lyp-d3bj/dzvp,1.0,0.65,H,hf,15,[H:16][C:7]1([C:6]([C:5]([C:4]([C:9]([C:8]1([H:18])[H:19])([H:20])[H:21])([H:11])[C:2](=[O:1])[O:3][H:10])([H:12])[H:13])([H:14])[H:15])[H:17],,
15,-0.0072189129641671256,RESP2,b3lyp-d3bj/dzvp,1.0,0.65,H,hf,16,[H:16][C:7]1([C:6]([C:5]([C:4]([C:9]([C:8]1([H:18])[H:19])([H:20])[H:21])([H:11])[C:2](=[O:1])[O:3][H:10])([H:12])[H:13])([H:14])[H:15])[H:17],,
16,-0.002421867373278283,RESP2,b3lyp-d3bj/dzvp,1.0,0.65,H,hf,17,[H:16][C:7]1([C:6]([C:5]([C:4]([C:9]([C:8]1([H:18])[H:19])([H:20])[H:21])([H:11])[C:2](=[O:1])[O:3][H:10])([H:12])[H:13])([H:14])[H:15])[H:17],,
17,-0.0033649006402779466,RESP2,b3lyp-d3bj/dzvp,1.0,0.65,H,hf,18,[H:16][C:7]1([C:6]([C:5]([C:4]([C:9]([C:8]1([H:18])[H:19])([H:20])[H:21])([H:11])[C:2](=[O:1])[O:3][H:10])([H:12])[H:13])([H:14])[H:15])[H:17],,
18,-0.005901502069993244,RESP2,b3lyp-d3bj/dzvp,1.0,0.65,H,hf,19,[H:16][C:7]1([C:6]([C:5]([C:4]([C:9]([C:8]1([H:18])[H:19])([H:20])[H:21])([H:11])[C:2](=[O:1])[O:3][H:10])([H:12])[H:13])([H:14])[H:15])[H:17],,
19,0.008460632764721268,RESP2,b3lyp-d3bj/dzvp,1.0,0.65,H,hf,20,[H:16][C:7]1([C:6]([C:5]([C:4]([C:9]([C:8]1([H:18])[H:19])([H:20])[H:21])([H:11])[C:2](=[O:1])[O:3][H:10])([H:12])[H:13])([H:14])[H:15])[H:17],,
20,0.008290625965916178,RESP2,b3lyp-d3bj/dzvp,1.0,0.65,H,hf,21,[H:16][C:7]1([C:6]([C:5]([C:4]([C:9]([C:8]1([H:18])[H:19])([H:20])[H:21])([H:11])[C:2](=[O:1])[O:3][H:10])([H:12])[H:13])([H:14])[H:15])[H:17],,
0,-0.5669059785960628,RESP2,b3lyp-d3bj/dzvp,1.0,0.7000000000000001,O,hf,1,[H:16][C:7]1([C:6]([C:5]([C:4]([C:9]([C:8]1([H:18])[H:19])([H:20])[H:21])([H:11])[C:2](=[O:1])[O:3][H:10])([H:12])[H:13])([H:14])[H:15])[H:17],,
1,0.5736934211041681,RESP2,b3lyp-d3bj/dzvp,1.0,0.7000000000000001,C,hf,2,[H:16][C:7]1([C:6]([C:5]([C:4]([C:9]([C:8]1([H:18])[H:19])([H:20])[H:21])([H:11])[C:2](=[O:1])[O:3][H:10])([H:12])[H:13])([H:14])[H:15])[H:17],,
2,-0.6057149614463275,RESP2,b3lyp-d3bj/dzvp,1.0,0.7000000000000001,O,hf,3,[H:16][C:7]1([C:6]([C:5]([C:4]([C:9]([C:8]1([H:18])[H:19])([H:20])[H:21])([H:11])[C:2](=[O:1])[O:3][H:10])([H:12])[H:13])([H:14])[H:15])[H:17],,
3,0.08616765504909188,RESP2,b3lyp-d3bj/dzvp,1.0,0.7000000000000001,C,hf,4,[H:16][C:7]1([C:6]([C:5]([C:4]([C:9]([C:8]1([H:18])[H:19])([H:20])[H:21])([H:11])[C:2](=[O:1])[O:3][H:10])([H:12])[H:13])([H:14])[H:15])[H:17],,
4,-0.015035360612437602,RESP2,b3lyp-d3bj/dzvp,1.0,0.7000000000000001,C,hf,5,[H:16][C:7]1([C:6]([C:5]([C:4]([C:9]([C:8]1([H:18])[H:19])([H:20])[H:21])([H:11])[C:2](=[O:1])[O:3][H:10])([H:12])[H:13])([H:14])[H:15])[H:17],,
5,0.01714557347361985,RESP2,b3lyp-d3bj/dzvp,1.0,0.7000000000000001,C,hf,6,[H:16][C:7]1([C:6]([C:5]([C:4]([C:9]([C:8]1([H:18])[H:19])([H:20])[H:21])([H:11])[C:2](=[O:1])[O:3][H:10])([H:12])[H:13])([H:14])[H:15])[H:17],,
6,0.018634566799216917,RESP2,b3lyp-d3bj/dzvp,1.0,0.7000000000000001,C,hf,7,[H:16][C:7]1([C:6]([C:5]([C:4]([C:9]([C:8]1([H:18])[H:19])([H:20])[H:21])([H:11])[C:2](=[O:1])[O:3][H:10])([H:12])[H:13])([H:14])[H:15])[H:17],,
7,0.02146458361948445,RESP2,b3lyp-d3bj/dzvp,1.0,0.7000000000000001,C,hf,8,[H:16][C:7]1([C:6]([C:5]([C:4]([C:9]([C:8]1([H:18])[H:19])([H:20])[H:21])([H:11])[C:2](=[O:1])[O:3][H:10])([H:12])[H:13])([H:14])[H:15])[H:17],,
8,-0.0120769606589419,RESP2,b3lyp-d3bj/dzvp,1.0,0.7000000000000001,C,hf,9,[H:16][C:7]1([C:6]([C:5]([C:4]([C:9]([C:8]1([H:18])[H:19])([H:20])[H:21])([H:11])[C:2](=[O:1])[O:3][H:10])([H:12])[H:13])([H:14])[H:15])[H:17],,
9,0.4605484697965956,RESP2,b3lyp-d3bj/dzvp,1.0,0.7000000000000001,H,hf,10,[H:16][C:7]1([C:6]([C:5]([C:4]([C:9]([C:8]1([H:18])[H:19])([H:20])[H:21])([H:11])[C:2](=[O:1])[O:3][H:10])([H:12])[H:13])([H:14])[H:15])[H:17],,
10,0.010994398056477204,RESP2,b3lyp-d3bj/dzvp,1.0,0.7000000000000001,H,hf,11,[H:16][C:7]1([C:6]([C:5]([C:4]([C:9]([C:8]1([H:18])[H:19])([H:20])[H:21])([H:11])[C:2](=[O:1])[O:3][H:10])([H:12])[H:13])([H:14])[H:15])[H:17],,
11,0.010142544454723923,RESP2,b3lyp-d3bj/dzvp,1.0,0.7000000000000001,H,hf,12,[H:16][C:7]1([C:6]([C:5]([C:4]([C:9]([C:8]1([H:18])[H:19])([H:20])[H:21])([H:11])[C:2](=[O:1])[O:3][H:10])([H:12])[H:13])([H:14])[H:15])[H:17],,
12,0.007152483842579132,RESP2,b3lyp-d3bj/dzvp,1.0,0.7000000000000001,H,hf,13,[H:16][C:7]1([C:6]([C:5]([C:4]([C:9]([C:8]1([H:18])[H:19])([H:20])[H:21])([H:11])[C:2](=[O:1])[O:3][H:10])([H:12])[H:13])([H:14])[H:15])[H:17],,
13,-0.0009541335226287613,RESP2,b3lyp-d3bj/dzvp,1.0,0.7000000000000001,H,hf,14,[H:16][C:7]1([C:6]([C:5]([C:4]([C:9]([C:8]1([H:18])[H:19])([H:20])[H:21])([H:11])[C:2](=[O:1])[O:3][H:10])([H:12])[H:13])([H:14])[H:15])[H:17],,
14,-0.002314243642882604,RESP2,b3lyp-d3bj/dzvp,1.0,0.7000000000000001,H,hf,15,[H:16][C:7]1([C:6]([C:5]([C:4]([C:9]([C:8]1([H:18])[H:19])([H:20])[H:21])([H:11])[C:2](=[O:1])[O:3][H:10])([H:12])[H:13])([H:14])[H:15])[H:17],,
15,-0.007840331685586593,RESP2,b3lyp-d3bj/dzvp,1.0,0.7000000000000001,H,hf,16,[H:16][C:7]1([C:6]([C:5]([C:4]([C:9]([C:8]1([H:18])[H:19])([H:20])[H:21])([H:11])[C:2](=[O:1])[O:3][H:10])([H:12])[H:13])([H:14])[H:15])[H:17],,
16,-0.0030617212142647053,RESP2,b3lyp-d3bj/dzvp,1.0,0.7000000000000001,H,hf,17,[H:16][C:7]1([C:6]([C:5]([C:4]([C:9]([C:8]1([H:18])[H:19])([H:20])[H:21])([H:11])[C:2](=[O:1])[O:3][H:10])([H:12])[H:13])([H:14])[H:15])[H:17],,
17,-0.002935235685069869,RESP2,b3lyp-d3bj/dzvp,1.0,0.7000000000000001,H,hf,18,[H:16][C:7]1([C:6]([C:5]([C:4]([C:9]([C:8]1([H:18])[H:19])([H:20])[H:21])([H:11])[C:2](=[O:1])[O:3][H:10])([H:12])[H:13])([H:14])[H:15])[H:17],,
18,-0.005472721786906974,RESP2,b3lyp-d3bj/dzvp,1.0,0.7000000000000001,H,hf,19,[H:16][C:7]1([C:6]([C:5]([C:4]([C:9]([C:8]1([H:18])[H:19])([H:20])[H:21])([H:11])[C:2](=[O:1])[O:3][H:10])([H:12])[H:13])([H:14])[H:15])[H:17],,
19,0.00819794857721276,RESP2,b3lyp-d3bj/dzvp,1.0,0.7000000000000001,H,hf,20,[H:16][C:7]1([C:6]([C:5]([C:4]([C:9]([C:8]1([H:18])[H:19])([H:20])[H:21])([H:11])[C:2](=[O:1])[O:3][H:10])([H:12])[H:13])([H:14])[H:15])[H:17],,
20,0.00817000407793977,RESP2,b3lyp-d3bj/dzvp,1.0,0.7000000000000001,H,hf,21,[H:16][C:7]1([C:6]([C:5]([C:4]([C:9]([C:8]1([H:18])[H:19])([H:20])[H:21])([H:11])[C:2](=[O:1])[O:3][H:10])([H:12])[H:13])([H:14])[H:15])[H:17],,
0,-0.5705315976851884,RESP2,b3lyp-d3bj/dzvp,1.0,0.75,O,hf,1,[H:16][C:7]1([C:6]([C:5]([C:4]([C:9]([C:8]1([H:18])[H:19])([H:20])[H:21])([H:11])[C:2](=[O:1])[O:3][H:10])([H:12])[H:13])([H:14])[H:15])[H:17],,
1,0.5760420570600518,RESP2,b3lyp-d3bj/dzvp,1.0,0.75,C,hf,2,[H:16][C:7]1([C:6]([C:5]([C:4]([C:9]([C:8]1([H:18])[H:19])([H:20])[H:21])([H:11])[C:2](=[O:1])[O:3][H:10])([H:12])[H:13])([H:14])[H:15])[H:17],,
2,-0.6073377271628544,RESP2,b3lyp-d3bj/dzvp,1.0,0.75,O,hf,3,[H:16][C:7]1([C:6]([C:5]([C:4]([C:9]([C:8]1([H:18])[H:19])([H:20])[H:21])([H:11])[C:2](=[O:1])[O:3][H:10])([H:12])[H:13])([H:14])[H:15])[H:17],,
3,0.08428380867281753,RESP2,b3lyp-d3bj/dzvp,1.0,0.75,C,hf,4,[H:16][C:7]1([C:6]([C:5]([C:4]([C:9]([C:8]1([H:18])[H:19])([H:20])[H:21])([H:11])[C:2](=[O:1])[O:3][H:10])([H:12])[H:13])([H:14])[H:15])[H:17],,
4,-0.014352205159238516,RESP2,b3lyp-d3bj/dzvp,1.0,0.75,C,hf,5,[H:16][C:7]1([C:6]([C:5]([C:4]([C:9]([C:8]1([H:18])[H:19])([H:20])[H:21])([H:11])[C:2](=[O:1])[O:3][H:10])([H:12])[H:13])([H:14])[H:15])[H:17],,
5,0.017433176951278415,RESP2,b3lyp-d3bj/dzvp,1.0,0.75,C,hf,6,[H:16][C:7]1([C:6]([C:5]([C:4]([C:9]([C:8]1([H:18])[H:19])([H:20])[H:21])([H:11])[C:2](=[O:1])[O:3][H:10])([H:12])[H:13])([H:14])[H:15])[H:17],,
6,0.02106331450824233,RESP2,b3lyp-d3bj/dzvp,1.0,0.75,C,hf,7,[H:16][C:7]1([C:6]([C:5]([C:4]([C:9]([C:8]1([H:18])[H:19])([H:20])[H:21])([H:11])[C:2](=[O:1])[O:3][H:10])([H:12])[H:13])([H:14])[H:15])[H:17],,
7,0.01963353793749861,RESP2,b3lyp-d3bj/dzvp,1.0,0.75,C,hf,8,[H:16][C:7]1([C:6]([C:5]([C:4]([C:9]([C:8]1([H:18])[H:19])([H:20])[H:21])([H:11])[C:2](=[O:1])[O:3][H:10])([H:12])[H:13])([H:14])[H:15])[H:17],,
8,-0.01071995536946595,RESP2,b3lyp-d3bj/dzvp,1.0,0.75,C,hf,9,[H:16][C:7]1([C:6]([C:5]([C:4]([C:9]([C:8]1([H:18])[H:19])([H:20])[H:21])([H:11])[C:2](=[O:1])[O:3][H:10])([H:12])[H:13])([H:14])[H:15])[H:17],,
9,0.4626166936088027,RESP2,b3lyp-d3bj/dzvp,1.0,0.75,H,hf,10,[H:16][C:7]1([C:6]([C:5]([C:4]([C:9]([C:8]1([H:18])[H:19])([H:20])[H:21])([H:11])[C:2](=[O:1])[O:3][H:10])([H:12])[H:13])([H:14])[H:15])[H:17],,
10,0.012154969999564317,RESP2,b3lyp-d3bj/dzvp,1.0,0.75,H,hf,11,[H:16][C:7]1([C:6]([C:5]([C:4]([C:9]([C:8]1([H:18])[H:19])([H:20])[H:21])([H:11])[C:2](=[O:1])[O:3][H:10])([H:12])[H:13])([H:14])[H:15])[H:17],,
11,0.009893349729857823,RESP2,b3lyp-d3bj/dzvp,1.0,0.75,H,hf,12,[H:16][C:7]1([C:6]([C:5]([C:4]([C:9]([C:8]1([H:18])[H:19])([H:20])[H:21])([H:11])[C:2](=[O:1])[O:3][H:10])([H:12])[H:13])([H:14])[H:15])[H:17],,
12,0.007366978689295183,RESP2,b3lyp-d3bj/dzvp,1.0,0.75,H,hf,13,[H:16][C:7]1([C:6]([C:5]([C:4]([C:9]([C:8]1([H:18])[H:19])([H:20])[H:21])([H:11])[C:2](=[O:1])[O:3][H:10])([H:12])[H:13])([H:14])[H:15])[H:17],,
13,-0.0011812159967664662,RESP2,b3lyp-d3bj/dzvp,1.0,0.75,H,hf,14,[H:16][C:7]1([C:6]([C:5]([C:4]([C:9]([C:8]1([H:18])[H:19])([H:20])[H:21])([H:11])[C:2](=[O:1])[O:3][H:10])([H:12])[H:13])([H:14])[H:15])[H:17],,
14,-0.0026369946676232355,RESP2,b3lyp-d3bj/dzvp,1.0,0.75,H,hf,15,[H:16][C:7]1([C:6]([C:5]([C:4]([C:9]([C:8]1([H:18])[H:19])([H:20])[H:21])([H:11])[C:2](=[O:1])[O:3][H:10])([H:12])[H:13])([H:14])[H:15])[H:17],,
15,-0.008461750407006053,RESP2,b3lyp-d3bj/dzvp,1.0,0.75,H,hf,16,[H:16][C:7]1([C:6]([C:5]([C:4]([C:9]([C:8]1([H:18])[H:19])([H:20])[H:21])([H:11])[C:2](=[O:1])[O:3][H:10])([H:12])[H:13])([H:14])[H:15])[H:17],,
16,-0.0037015750552511183,RESP2,b3lyp-d3bj/dzvp,1.0,0.75,H,hf,17,[H:16][C:7]1([C:6]([C:5]([C:4]([C:9]([C:8]1([H:18])[H:19])([H:20])[H:21])([H:11])[C:2](=[O:1])[O:3][H:10])([H:12])[H:13])([H:14])[H:15])[H:17],,
17,-0.002505570729861784,RESP2,b3lyp-d3bj/dzvp,1.0,0.75,H,hf,18,[H:16][C:7]1([C:6]([C:5]([C:4]([C:9]([C:8]1([H:18])[H:19])([H:20])[H:21])([H:11])[C:2](=[O:1])[O:3][H:10])([H:12])[H:13])([H:14])[H:15])[H:17],,
18,-0.0050439415038206975,RESP2,b3lyp-d3bj/dzvp,1.0,0.75,H,hf,19,[H:16][C:7]1([C:6]([C:5]([C:4]([C:9]([C:8]1([H:18])[H:19])([H:20])[H:21])([H:11])[C:2](=[O:1])[O:3][H:10])([H:12])[H:13])([H:14])[H:15])[H:17],,
19,0.00793526438970426,RESP2,b3lyp-d3bj/dzvp,1.0,0.75,H,hf,20,[H:16][C:7]1([C:6]([C:5]([C:4]([C:9]([C:8]1([H:18])[H:19])([H:20])[H:21])([H:11])[C:2](=[O:1])[O:3][H:10])([H:12])[H:13])([H:14])[H:15])[H:17],,
20,0.00804938218996337,RESP2,b3lyp-d3bj/dzvp,1.0,0.75,H,hf,21,[H:16][C:7]1([C:6]([C:5]([C:4]([C:9]([C:8]1([H:18])[H:19])([H:20])[H:21])([H:11])[C:2](=[O:1])[O:3][H:10])([H:12])[H:13])([H:14])[H:15])[H:17],,
0,-0.5741572167743138,RESP2,b3lyp-d3bj/dzvp,1.0,0.8,O,hf,1,[H:16][C:7]1([C:6]([C:5]([C:4]([C:9]([C:8]1([H:18])[H:19])([H:20])[H:21])([H:11])[C:2](=[O:1])[O:3][H:10])([H:12])[H:13])([H:14])[H:15])[H:17],,
1,0.5783906930159357,RESP2,b3lyp-d3bj/dzvp,1.0,0.8,C,hf,2,[H:16][C:7]1([C:6]([C:5]([C:4]([C:9]([C:8]1([H:18])[H:19])([H:20])[H:21])([H:11])[C:2](=[O:1])[O:3][H:10])([H:12])[H:13])([H:14])[H:15])[H:17],,
2,-0.608960492879381,RESP2,b3lyp-d3bj/dzvp,1.0,0.8,O,hf,3,[H:16][C:7]1([C:6]([C:5]([C:4]([C:9]([C:8]1([H:18])[H:19])([H:20])[H:21])([H:11])[C:2](=[O:1])[O:3][H:10])([H:12])[H:13])([H:14])[H:15])[H:17],,
3,0.08239996229654317,RESP2,b3lyp-d3bj/dzvp,1.0,0.8,C,hf,4,[H:16][C:7]1([C:6]([C:5]([C:4]([C:9]([C:8]1([H:18])[H:19])([H:20])[H:21])([H:11])[C:2](=[O:1])[O:3][H:10])([H:12])[H:13])([H:14])[H:15])[H:17],,
4,-0.01366904970603943,RESP2,b3lyp-d3bj/dzvp,1.0,0.8,C,hf,5,[H:16][C:7]1([C:6]([C:5]([C:4]([C:9]([C:8]1([H:18])[H:19])([H:20])[H:21])([H:11])[C:2](=[O:1])[O:3][H:10])([H:12])[H:13])([H:14])[H:15])[H:17],,
5,0.01772078042893698,RESP2,b3lyp-d3bj/dzvp,1.0,0.8,C,hf,6,[H:16][C:7]1([C:6]([C:5]([C:4]([C:9]([C:8]1([H:18])[H:19])([H:20])[H:21])([H:11])[C:2](=[O:1])[O:3][H:10])([H:12])[H:13])([H:14])[H:15])[H:17],,
6,0.02349206221726775,RESP2,b3lyp-d3bj/dzvp,1.0,0.8,C,hf,7,[H:16][C:7]1([C:6]([C:5]([C:4]([C:9]([C:8]1([H:18])[H:19])([H:20])[H:21])([H:11])[C:2](=[O:1])[O:3][H:10])([H:12])[H:13])([H:14])[H:15])[H:17],,
7,0.017802492255512763,RESP2,b3lyp-d3bj/dzvp,1.0,0.8,C,hf,8,[H:16][C:7]1([C:6]([C:5]([C:4]([C:9]([C:8]1([H:18])[H:19])([H:20])[H:21])([H:11])[C:2](=[O:1])[O:3][H:10])([H:12])[H:13])([H:14])[H:15])[H:17],,
8,-0.00936295007999,RESP2,b3lyp-d3bj/dzvp,1.0,0.8,C,hf,9,[H:16][C:7]1([C:6]([C:5]([C:4]([C:9]([C:8]1([H:18])[H:19])([H:20])[H:21])([H:11])[C:2](=[O:1])[O:3][H:10])([H:12])[H:13])([H:14])[H:15])[H:17],,
9,0.46468491742100987,RESP2,b3lyp-d3bj/dzvp,1.0,0.8,H,hf,10,[H:16][C:7]1([C:6]([C:5]([C:4]([C:9]([C:8]1([H:18])[H:19])([H:20])[H:21])([H:11])[C:2](=[O:1])[O:3][H:10])([H:12])[H:13])([H:14])[H:15])[H:17],,
10,0.013315541942651431,RESP2,b3lyp-d3bj/dzvp,1.0,0.8,H,hf,11,[H:16][C:7]1([C:6]([C:5]([C:4]([C:9]([C:8]1([H:18])[H:19])([H:20])[H:21])([H:11])[C:2](=[O:1])[O:3][H:10])([H:12])[H:13])([H:14])[H:15])[H:17],,
11,0.00964415500499172,RESP2,b3lyp-d3bj/dzvp,1.0,0.8,H,hf,12,[H:16][C:7]1([C:6]([C:5]([C:4]([C:9]([C:8]1([H:18])[H:19])([H:20])[H:21])([H:11])[C:2](=[O:1])[O:3][H:10])([H:12])[H:13])([H:14])[H:15])[H:17],,
12,0.00758147353601123,RESP2,b3lyp-d3bj/dzvp,1.0,0.8,H,hf,13,[H:16][C:7]1([C:6]([C:5]([C:4]([C:9]([C:8]1([H:18])[H:19])([H:20])[H:21])([H:11])[C:2](=[O:1])[O:3][H:10])([H:12])[H:13])([H:14])[H:15])[H:17],,
13,-0.0014082984709041745,RESP2,b3lyp-d3bj/dzvp,1.0,0.8,H,hf,14,[H:16][C:7]1([C:6]([C:5]([C:4]([C:9]([C:8]1([H:18])[H:19])([H:20])[H:21])([H:11])[C:2](=[O:1])[O:3][H:10])([H:12])[H:13])([H:14])[H:15])[H:17],,
14,-0.002959745692363871,RESP2,b3lyp-d3bj/dzvp,1.0,0.8,H,hf,15,[H:16][C:7]1([C:6]([C:5]([C:4]([C:9]([C:8]1([H:18])[H:19])([H:20])[H:21])([H:11])[C:2](=[O:1])[O:3][H:10])([H:12])[H:13])([H:14])[H:15])[H:17],,
15,-0.009083169128425514,RESP2,b3lyp-d3bj/dzvp,1.0,0.8,H,hf,16,[H:16][C:7]1([C:6]([C:5]([C:4]([C:9]([C:8]1([H:18])[H:19])([H:20])[H:21])([H:11])[C:2](=[O:1])[O:3][H:10])([H:12])[H:13])([H:14])[H:15])[H:17],,
16,-0.004341428896237536,RESP2,b3lyp-d3bj/dzvp,1.0,0.8,H,hf,17,[H:16][C:7]1([C:6]([C:5]([C:4]([C:9]([C:8]1([H:18])[H:19])([H:20])[H:21])([H:11])[C:2](=[O:1])[O:3][H:10])([H:12])[H:13])([H:14])[H:15])[H:17],,
17,-0.002075905774653701,RESP2,b3lyp-d3bj/dzvp,1.0,0.8,H,hf,18,[H:16][C:7]1([C:6]([C:5]([C:4]([C:9]([C:8]1([H:18])[H:19])([H:20])[H:21])([H:11])[C:2](=[O:1])[O:3][H:10])([H:12])[H:13])([H:14])[H:15])[H:17],,
18,-0.0046151612207344225,RESP2,b3lyp-d3bj/dzvp,1.0,0.8,H,hf,19,[H:16][C:7]1([C:6]([C:5]([C:4]([C:9]([C:8]1([H:18])[H:19])([H:20])[H:21])([H:11])[C:2](=[O:1])[O:3][H:10])([H:12])[H:13])([H:14])[H:15])[H:17],,
19,0.007672580202195756,RESP2,b3lyp-d3bj/dzvp,1.0,0.8,H,hf,20,[H:16][C:7]1([C:6]([C:5]([C:4]([C:9]([C:8]1([H:18])[H:19])([H:20])[H:21])([H:11])[C:2](=[O:1])[O:3][H:10])([H:12])[H:13])([H:14])[H:15])[H:17],,
20,0.007928760301986968,RESP2,b3lyp-d3bj/dzvp,1.0,0.8,H,hf,21,[H:16][C:7]1([C:6]([C:5]([C:4]([C:9]([C:8]1([H:18])[H:19])([H:20])[H:21])([H:11])[C:2](=[O:1])[O:3][H:10])([H:12])[H:13])([H:14])[H:15])[H:17],,
0,-0.577782835863439,RESP2,b3lyp-d3bj/dzvp,1.0,0.8500000000000001,O,hf,1,[H:16][C:7]1([C:6]([C:5]([C:4]([C:9]([C:8]1([H:18])[H:19])([H:20])[H:21])([H:11])[C:2](=[O:1])[O:3][H:10])([H:12])[H:13])([H:14])[H:15])[H:17],,
1,0.5807393289718196,RESP2,b3lyp-d3bj/dzvp,1.0,0.8500000000000001,C,hf,2,[H:16][C:7]1([C:6]([C:5]([C:4]([C:9]([C:8]1([H:18])[H:19])([H:20])[H:21])([H:11])[C:2](=[O:1])[O:3][H:10])([H:12])[H:13])([H:14])[H:15])[H:17],,
2,-0.6105832585959077,RESP2,b3lyp-d3bj/dzvp,1.0,0.8500000000000001,O,hf,3,[H:16][C:7]1([C:6]([C:5]([C:4]([C:9]([C:8]1([H:18])[H:19])([H:20])[H:21])([H:11])[C:2](=[O:1])[O:3][H:10])([H:12])[H:13])([H:14])[H:15])[H:17],,
3,0.0805161159202688,RESP2,b3lyp-d3bj/dzvp,1.0,0.8500000000000001,C,hf,4,[H:16][C:7]1([C:6]([C:5]([C:4]([C:9]([C:8]1([H:18])[H:19])([H:20])[H:21])([H:11])[C:2](=[O:1])[O:3][H:10])([H:12])[H:13])([H:14])[H:15])[H:17],,
4,-0.01298589425284035,RESP2,b3lyp-d3bj/dzvp,1.0,0.8500000000000001,C,hf,5,[H:16][C:7]1([C:6]([C:5]([C:4]([C:9]([C:8]1([H:18])[H:19])([H:20])[H:21])([H:11])[C:2](=[O:1])[O:3][H:10])([H:12])[H:13])([H:14])[H:15])[H:17],,
5,0.018008383906595544,RESP2,b3lyp-d3bj/dzvp,1.0,0.8500000000000001,C,hf,6,[H:16][C:7]1([C:6]([C:5]([C:4]([C:9]([C:8]1([H:18])[H:19])([H:20])[H:21])([H:11])[C:2](=[O:1])[O:3][H:10])([H:12])[H:13])([H:14])[H:15])[H:17],,
6,0.025920809926293163,RESP2,b3lyp-d3bj/dzvp,1.0,0.8500000000000001,C,hf,7,[H:16][C:7]1([C:6]([C:5]([C:4]([C:9]([C:8]1([H:18])[H:19])([H:20])[H:21])([H:11])[C:2](=[O:1])[O:3][H:10])([H:12])[H:13])([H:14])[H:15])[H:17],,
7,0.015971446573526917,RESP2,b3lyp-d3bj/dzvp,1.0,0.8500000000000001,C,hf,8,[H:16][C:7]1([C:6]([C:5]([C:4]([C:9]([C:8]1([H:18])[H:19])([H:20])[H:21])([H:11])[C:2](=[O:1])[O:3][H:10])([H:12])[H:13])([H:14])[H:15])[H:17],,
8,-0.008005944790514058,RESP2,b3lyp-d3bj/dzvp,1.0,0.8500000000000001,C,hf,9,[H:16][C:7]1([C:6]([C:5]([C:4]([C:9]([C:8]1([H:18])[H:19])([H:20])[H:21])([H:11])[C:2](=[O:1])[O:3][H:10])([H:12])[H:13])([H:14])[H:15])[H:17],,
9,0.4667531412332171,RESP2,b3lyp-d3bj/dzvp,1.0,0.8500000000000001,H,hf,10,[H:16][C:7]1([C:6]([C:5]([C:4]([C:9]([C:8]1([H:18])[H:19])([H:20])[H:21])([H:11])[C:2](=[O:1])[O:3][H:10])([H:12])[H:13])([H:14])[H:15])[H:17],,
10,0.014476113885738535,RESP2,b3lyp-d3bj/dzvp,1.0,0.8500000000000001,H,hf,11,[H:16][C:7]1([C:6]([C:5]([C:4]([C:9]([C:8]1([H:18])[H:19])([H:20])[H:21])([H:11])[C:2](=[O:1])[O:3][H:10])([H:12])[H:13])([H:14])[H:15])[H:17],,
11,0.00939496028012561,RESP2,b3lyp-d3bj/dzvp,1.0,0.8500000000000001,H,hf,12,[H:16][C:7]1([C:6]([C:5]([C:4]([C:9]([C:8]1([H:18])[H:19])([H:20])[H:21])([H:11])[C:2](=[O:1])[O:3][H:10])([H:12])[H:13])([H:14])[H:15])[H:17],,
12,0.007795968382727273,RESP2,b3lyp-d3bj/dzvp,1.0,0.8500000000000001,H,hf,13,[H:16][C:7]1([C:6]([C:5]([C:4]([C:9]([C:8]1([H:18])[H:19])([H:20])[H:21])([H:11])[C:2](=[O:1])[O:3][H:10])([H:12])[H:13])([H:14])[H:15])[H:17],,
13,-0.001635380945041888,RESP2,b3lyp-d3bj/dzvp,1.0,0.8500000000000001,H,hf,14,[H:16][C:7]1([C:6]([C:5]([C:4]([C:9]([C:8]1([H:18])[H:19])([H:20])[H:21])([H:11])[C:2](=[O:1])[O:3][H:10])([H:12])[H:13])([H:14])[H:15])[H:17],,
14,-0.003282496717104511,RESP2,b3lyp-d3bj/dzvp,1.0,0.8500000000000001,H,hf,15,[H:16][C:7]1([C:6]([C:5]([C:4]([C:9]([C:8]1([H:18])[H:19])([H:20])[H:21])([H:11])[C:2](=[O:1])[O:3][H:10])([H:12])[H:13])([H:14])[H:15])[H:17],,
15,-0.009704587849844985,RESP2,b3lyp-d3bj/dzvp,1.0,0.8500000000000001,H,hf,16,[H:16][C:7]1([C:6]([C:5]([C:4]([C:9]([C:8]1([H:18])[H:19])([H:20])[H:21])([H:11])[C:2](=[O:1])[O:3][H:10])([H:12])[H:13])([H:14])[H:15])[H:17],,
16,-0.004981282737223957,RESP2,b3lyp-d3bj/dzvp,1.0,0.8500000000000001,H,hf,17,[H:16][C:7]1([C:6]([C:5]([C:4]([C:9]([C:8]1([H:18])[H:19])([H:20])[H:21])([H:11])[C:2](=[O:1])[O:3][H:10])([H:12])[H:13])([H:14])[H:15])[H:17],,
17,-0.0016462408194456233,RESP2,b3lyp-d3bj/dzvp,1.0,0.8500000000000001,H,hf,18,[H:16][C:7]1([C:6]([C:5]([C:4]([C:9]([C:8]1([H:18])[H:19])([H:20])[H:21])([H:11])[C:2](=[O:1])[O:3][H:10])([H:12])[H:13])([H:14])[H:15])[H:17],,
18,-0.004186380937648153,RESP2,b3lyp-d3bj/dzvp,1.0,0.8500000000000001,H,hf,19,[H:16][C:7]1([C:6]([C:5]([C:4]([C:9]([C:8]1([H:18])[H:19])([H:20])[H:21])([H:11])[C:2](=[O:1])[O:3][H:10])([H:12])[H:13])([H:14])[H:15])[H:17],,
19,0.007409896014687248,RESP2,b3lyp-d3bj/dzvp,1.0,0.8500000000000001,H,hf,20,[H:16][C:7]1([C:6]([C:5]([C:4]([C:9]([C:8]1([H:18])[H:19])([H:20])[H:21])([H:11])[C:2](=[O:1])[O:3][H:10])([H:12])[H:13])([H:14])[H:15])[H:17],,
20,0.00780813841401056,RESP2,b3lyp-d3bj/dzvp,1.0,0.8500000000000001,H,hf,21,[H:16][C:7]1([C:6]([C:5]([C:4]([C:9]([C:8]1([H:18])[H:19])([H:20])[H:21])([H:11])[C:2](=[O:1])[O:3][H:10])([H:12])[H:13])([H:14])[H:15])[H:17],,
0,-0.5814084549525645,RESP2,b3lyp-d3bj/dzvp,1.0,0.9,O,hf,1,[H:16][C:7]1([C:6]([C:5]([C:4]([C:9]([C:8]1([H:18])[H:19])([H:20])[H:21])([H:11])[C:2](=[O:1])[O:3][H:10])([H:12])[H:13])([H:14])[H:15])[H:17],,
1,0.5830879649277033,RESP2,b3lyp-d3bj/dzvp,1.0,0.9,C,hf,2,[H:16][C:7]1([C:6]([C:5]([C:4]([C:9]([C:8]1([H:18])[H:19])([H:20])[H:21])([H:11])[C:2](=[O:1])[O:3][H:10])([H:12])[H:13])([H:14])[H:15])[H:17],,
2,-0.6122060243124344,RESP2,b3lyp-d3bj/dzvp,1.0,0.9,O,hf,3,[H:16][C:7]1([C:6]([C:5]([C:4]([C:9]([C:8]1([H:18])[H:19])([H:20])[H:21])([H:11])[C:2](=[O:1])[O:3][H:10])([H:12])[H:13])([H:14])[H:15])[H:17],,
3,0.07863226954399445,RESP2,b3lyp-d3bj/dzvp,1.0,0.9,C,hf,4,[H:16][C:7]1([C:6]([C:5]([C:4]([C:9]([C:8]1([H:18])[H:19])([H:20])[H:21])([H:11])[C:2](=[O:1])[O:3][H:10])([H:12])[H:13])([H:14])[H:15])[H:17],,
4,-0.01230273879964127,RESP2,b3lyp-d3bj/dzvp,1.0,0.9,C,hf,5,[H:16][C:7]1([C:6]([C:5]([C:4]([C:9]([C:8]1([H:18])[H:19])([H:20])[H:21])([H:11])[C:2](=[O:1])[O:3][H:10])([H:12])[H:13])([H:14])[H:15])[H:17],,
5,0.018295987384254107,RESP2,b3lyp-d3bj/dzvp,1.0,0.9,C,hf,6,[H:16][C:7]1([C:6]([C:5]([C:4]([C:9]([C:8]1([H:18])[H:19])([H:20])[H:21])([H:11])[C:2](=[O:1])[O:3][H:10])([H:12])[H:13])([H:14])[H:15])[H:17],,
6,0.028349557635318573,RESP2,b3lyp-d3bj/dzvp,1.0,0.9,C,hf,7,[H:16][C:7]1([C:6]([C:5]([C:4]([C:9]([C:8]1([H:18])[H:19])([H:20])[H:21])([H:11])[C:2](=[O:1])[O:3][H:10])([H:12])[H:13])([H:14])[H:15])[H:17],,
7,0.014140400891541074,RESP2,b3lyp-d3bj/dzvp,1.0,0.9,C,hf,8,[H:16][C:7]1([C:6]([C:5]([C:4]([C:9]([C:8]1([H:18])[H:19])([H:20])[H:21])([H:11])[C:2](=[O:1])[O:3][H:10])([H:12])[H:13])([H:14])[H:15])[H:17],,
8,-0.0066489395010381125,RESP2,b3lyp-d3bj/dzvp,1.0,0.9,C,hf,9,[H:16][C:7]1([C:6]([C:5]([C:4]([C:9]([C:8]1([H:18])[H:19])([H:20])[H:21])([H:11])[C:2](=[O:1])[O:3][H:10])([H:12])[H:13])([H:14])[H:15])[H:17],,
9,0.46882136504542427,RESP2,b3lyp-d3bj/dzvp,1.0,0.9,H,hf,10,[H:16][C:7]1([C:6]([C:5]([C:4]([C:9]([C:8]1([H:18])[H:19])([H:20])[H:21])([H:11])[C:2](=[O:1])[O:3][H:10])([H:12])[H:13])([H:14])[H:15])[H:17],,
10,0.015636685828825644,RESP2,b3lyp-d3bj/dzvp,1.0,0.9,H,hf,11,[H:16][C:7]1([C:6]([C:5]([C:4]([C:9]([C:8]1([H:18])[H:19])([H:20])[H:21])([H:11])[C:2](=[O:1])[O:3][H:10])([H:12])[H:13])([H:14])[H:15])[H:17],,
11,0.009145765555259505,RESP2,b3lyp-d3bj/dzvp,1.0,0.9,H,hf,12,[H:16][C:7]1([C:6]([C:5]([C:4]([C:9]([C:8]1([H:18])[H:19])([H:20])[H:21])([H:11])[C:2](=[O:1])[O:3][H:10])([H:12])[H:13])([H:14])[H:15])[H:17],,
12,0.00801046322944332,RESP2,b3lyp-d3bj/dzvp,1.0,0.9,H,hf,13,[H:16][C:7]1([C:6]([C:5]([C:4]([C:9]([C:8]1([H:18])[H:19])([H:20])[H:21])([H:11])[C:2](=[O:1])[O:3][H:10])([H:12])[H:13])([H:14])[H:15])[H:17],,
13,-0.001862463419179598,RESP2,b3lyp-d3bj/dzvp,1.0,0.9,H,hf,14,[H:16][C:7]1([C:6]([C:5]([C:4]([C:9]([C:8]1([H:18])[H:19])([H:20])[H:21])([H:11])[C:2](=[O:1])[O:3][H:10])([H:12])[H:13])([H:14])[H:15])[H:17],,
14,-0.003605247741845148,RESP2,b3lyp-d3bj/dzvp,1.0,0.9,H,hf,15,[H:16][C:7]1([C:6]([C:5]([C:4]([C:9]([C:8]1([H:18])[H:19])([H:20])[H:21])([H:11])[C:2](=[O:1])[O:3][H:10])([H:12])[H:13])([H:14])[H:15])[H:17],,
15,-0.010326006571264446,RESP2,b3lyp-d3bj/dzvp,1.0,0.9,H,hf,16,[H:16][C:7]1([C:6]([C:5]([C:4]([C:9]([C:8]1([H:18])[H:19])([H:20])[H:21])([H:11])[C:2](=[O:1])[O:3][H:10])([H:12])[H:13])([H:14])[H:15])[H:17],,
16,-0.005621136578210377,RESP2,b3lyp-d3bj/dzvp,1.0,0.9,H,hf,17,[H:16][C:7]1([C:6]([C:5]([C:4]([C:9]([C:8]1([H:18])[H:19])([H:20])[H:21])([H:11])[C:2](=[O:1])[O:3][H:10])([H:12])[H:13])([H:14])[H:15])[H:17],,
17,-0.0012165758642375443,RESP2,b3lyp-d3bj/dzvp,1.0,0.9,H,hf,18,[H:16][C:7]1([C:6]([C:5]([C:4]([C:9]([C:8]1([H:18])[H:19])([H:20])[H:21])([H:11])[C:2](=[O:1])[O:3][H:10])([H:12])[H:13])([H:14])[H:15])[H:17],,
18,-0.0037576006545618815,RESP2,b3lyp-d3bj/dzvp,1.0,0.9,H,hf,19,[H:16][C:7]1([C:6]([C:5]([C:4]([C:9]([C:8]1([H:18])[H:19])([H:20])[H:21])([H:11])[C:2](=[O:1])[O:3][H:10])([H:12])[H:13])([H:14])[H:15])[H:17],,
19,0.007147211827178742,RESP2,b3lyp-d3bj/dzvp,1.0,0.9,H,hf,20,[H:16][C:7]1([C:6]([C:5]([C:4]([C:9]([C:8]1([H:18])[H:19])([H:20])[H:21])([H:11])[C:2](=[O:1])[O:3][H:10])([H:12])[H:13])([H:14])[H:15])[H:17],,
20,0.007687516526034155,RESP2,b3lyp-d3bj/dzvp,1.0,0.9,H,hf,21,[H:16][C:7]1([C:6]([C:5]([C:4]([C:9]([C:8]1([H:18])[H:19])([H:20])[H:21])([H:11])[C:2](=[O:1])[O:3][H:10])([H:12])[H:13])([H:14])[H:15])[H:17],,
0,-0.5850340740416899,RESP2,b3lyp-d3bj/dzvp,1.0,0.9500000000000001,O,hf,1,[H:16][C:7]1([C:6]([C:5]([C:4]([C:9]([C:8]1([H:18])[H:19])([H:20])[H:21])([H:11])[C:2](=[O:1])[O:3][H:10])([H:12])[H:13])([H:14])[H:15])[H:17],,
1,0.5854366008835871,RESP2,b3lyp-d3bj/dzvp,1.0,0.9500000000000001,C,hf,2,[H:16][C:7]1([C:6]([C:5]([C:4]([C:9]([C:8]1([H:18])[H:19])([H:20])[H:21])([H:11])[C:2](=[O:1])[O:3][H:10])([H:12])[H:13])([H:14])[H:15])[H:17],,
2,-0.6138287900289611,RESP2,b3lyp-d3bj/dzvp,1.0,0.9500000000000001,O,hf,3,[H:16][C:7]1([C:6]([C:5]([C:4]([C:9]([C:8]1([H:18])[H:19])([H:20])[H:21])([H:11])[C:2](=[O:1])[O:3][H:10])([H:12])[H:13])([H:14])[H:15])[H:17],,
3,0.0767484231677201,RESP2,b3lyp-d3bj/dzvp,1.0,0.9500000000000001,C,hf,4,[H:16][C:7]1([C:6]([C:5]([C:4]([C:9]([C:8]1([H:18])[H:19])([H:20])[H:21])([H:11])[C:2](=[O:1])[O:3][H:10])([H:12])[H:13])([H:14])[H:15])[H:17],,
4,-0.011619583346442182,RESP2,b3lyp-d3bj/dzvp,1.0,0.9500000000000001,C,hf,5,[H:16][C:7]1([C:6]([C:5]([C:4]([C:9]([C:8]1([H:18])[H:19])([H:20])[H:21])([H:11])[C:2](=[O:1])[O:3][H:10])([H:12])[H:13])([H:14])[H:15])[H:17],,
5,0.01858359086191267,RESP2,b3lyp-d3bj/dzvp,1.0,0.9500000000000001,C,hf,6,[H:16][C:7]1([C:6]([C:5]([C:4]([C:9]([C:8]1([H:18])[H:19])([H:20])[H:21])([H:11])[C:2](=[O:1])[O:3][H:10])([H:12])[H:13])([H:14])[H:15])[H:17],,
6,0.03077830534434399,RESP2,b3lyp-d3bj/dzvp,1.0,0.9500000000000001,C,hf,7,[H:16][C:7]1([C:6]([C:5]([C:4]([C:9]([C:8]1([H:18])[H:19])([H:20])[H:21])([H:11])[C:2](=[O:1])[O:3][H:10])([H:12])[H:13])([H:14])[H:15])[H:17],,
7,0.01230935520955523,RESP2,b3lyp-d3bj/dzvp,1.0,0.9500000000000001,C,hf,8,[H:16][C:7]1([C:6]([C:5]([C:4]([C:9]([C:8]1([H:18])[H:19])([H:20])[H:21])([H:11])[C:2](=[O:1])[O:3][H:10])([H:12])[H:13])([H:14])[H:15])[H:17],,
8,-0.00529193421156216,RESP2,b3lyp-d3bj/dzvp,1.0,0.9500000000000001,C,hf,9,[H:16][C:7]1([C:6]([C:5]([C:4]([C:9]([C:8]1([H:18])[H:19])([H:20])[H:21])([H:11])[C:2](=[O:1])[O:3][H:10])([H:12])[H:13])([H:14])[H:15])[H:17],,
9,0.4708895888576315,RESP2,b3lyp-d3bj/dzvp,1.0,0.9500000000000001,H,hf,10,[H:16][C:7]1([C:6]([C:5]([C:4]([C:9]([C:8]1([H:18])[H:19])([H:20])[H:21])([H:11])[C:2](=[O:1])[O:3][H:10])([H:12])[H:13])([H:14])[H:15])[H:17],,
10,0.01679725777191276,RESP2,b3lyp-d3bj/dzvp,1.0,0.9500000000000001,H,hf,11,[H:16][C:7]1([C:6]([C:5]([C:4]([C:9]([C:8]1([H:18])[H:19])([H:20])[H:21])([H:11])[C:2](=[O:1])[O:3][H:10])([H:12])[H:13])([H:14])[H:15])[H:17],,
11,0.008896570830393405,RESP2,b3lyp-d3bj/dzvp,1.0,0.9500000000000001,H,hf,12,[H:16][C:7]1([C:6]([C:5]([C:4]([C:9]([C:8]1([H:18])[H:19])([H:20])[H:21])([H:11])[C:2](=[O:1])[O:3][H:10])([H:12])[H:13])([H:14])[H:15])[H:17],,
12,0.00822495807615937,RESP2,b3lyp-d3bj/dzvp,1.0,0.9500000000000001,H,hf,13,[H:16][C:7]1([C:6]([C:5]([C:4]([C:9]([C:8]1([H:18])[H:19])([H:20])[H:21])([H:11])[C:2](=[O:1])[O:3][H:10])([H:12])[H:13])([H:14])[H:15])[H:17],,
13,-0.0020895458933173038,RESP2,b3lyp-d3bj/dzvp,1.0,0.9500000000000001,H,hf,14,[H:16][C:7]1([C:6]([C:5]([C:4]([C:9]([C:8]1([H:18])[H:19])([H:20])[H:21])([H:11])[C:2](=[O:1])[O:3][H:10])([H:12])[H:13])([H:14])[H:15])[H:17],,
14,-0.00392799876658578,RESP2,b3lyp-d3bj/dzvp,1.0,0.9500000000000001,H,hf,15,[H:16][C:7]1([C:6]([C:5]([C:4]([C:9]([C:8]1([H:18])[H:19])([H:20])[H:21])([H:11])[C:2](=[O:1])[O:3][H:10])([H:12])[H:13])([H:14])[H:15])[H:17],,
15,-0.010947425292683907,RESP2,b3lyp-d3bj/dzvp,1.0,0.9500000000000001,H,hf,16,[H:16][C:7]1([C:6]([C:5]([C:4]([C:9]([C:8]1([H:18])[H:19])([H:20])[H:21])([H:11])[C:2](=[O:1])[O:3][H:10])([H:12])[H:13])([H:14])[H:15])[H:17],,
16,-0.006260990419196792,RESP2,b3lyp-d3bj/dzvp,1.0,0.9500000000000001,H,hf,17,[H:16][C:7]1([C:6]([C:5]([C:4]([C:9]([C:8]1([H:18])[H:19])([H:20])[H:21])([H:11])[C:2](=[O:1])[O:3][H:10])([H:12])[H:13])([H:14])[H:15])[H:17],,
17,-0.0007869109090294587,RESP2,b3lyp-d3bj/dzvp,1.0,0.9500000000000001,H,hf,18,[H:16][C:7]1([C:6]([C:5]([C:4]([C:9]([C:8]1([H:18])[H:19])([H:20])[H:21])([H:11])[C:2](=[O:1])[O:3][H:10])([H:12])[H:13])([H:14])[H:15])[H:17],,
18,-0.003328820371475604,RESP2,b3lyp-d3bj/dzvp,1.0,0.9500000000000001,H,hf,19,[H:16][C:7]1([C:6]([C:5]([C:4]([C:9]([C:8]1([H:18])[H:19])([H:20])[H:21])([H:11])[C:2](=[O:1])[O:3][H:10])([H:12])[H:13])([H:14])[H:15])[H:17],,
19,0.006884527639670241,RESP2,b3lyp-d3bj/dzvp,1.0,0.9500000000000001,H,hf,20,[H:16][C:7]1([C:6]([C:5]([C:4]([C:9]([C:8]1([H:18])[H:19])([H:20])[H:21])([H:11])[C:2](=[O:1])[O:3][H:10])([H:12])[H:13])([H:14])[H:15])[H:17],,
20,0.007566894638057754,RESP2,b3lyp-d3bj/dzvp,1.0,0.9500000000000001,H,hf,21,[H:16][C:7]1([C:6]([C:5]([C:4]([C:9]([C:8]1([H:18])[H:19])([H:20])[H:21])([H:11])[C:2](=[O:1])[O:3][H:10])([H:12])[H:13])([H:14])[H:15])[H:17],,
0,-0.5886596931308152,RESP2,b3lyp-d3bj/dzvp,1.0,1.0,O,hf,1,[H:16][C:7]1([C:6]([C:5]([C:4]([C:9]([C:8]1([H:18])[H:19])([H:20])[H:21])([H:11])[C:2](=[O:1])[O:3][H:10])([H:12])[H:13])([H:14])[H:15])[H:17],,
1,0.5877852368394709,RESP2,b3lyp-d3bj/dzvp,1.0,1.0,C,hf,2,[H:16][C:7]1([C:6]([C:5]([C:4]([C:9]([C:8]1([H:18])[H:19])([H:20])[H:21])([H:11])[C:2](=[O:1])[O:3][H:10])([H:12])[H:13])([H:14])[H:15])[H:17],,
2,-0.6154515557454878,RESP2,b3lyp-d3bj/dzvp,1.0,1.0,O,hf,3,[H:16][C:7]1([C:6]([C:5]([C:4]([C:9]([C:8]1([H:18])[H:19])([H:20])[H:21])([H:11])[C:2](=[O:1])[O:3][H:10])([H:12])[H:13])([H:14])[H:15])[H:17],,
3,0.07486457679144574,RESP2,b3lyp-d3bj/dzvp,1.0,1.0,C,hf,4,[H:16][C:7]1([C:6]([C:5]([C:4]([C:9]([C:8]1([H:18])[H:19])([H:20])[H:21])([H:11])[C:2](=[O:1])[O:3][H:10])([H:12])[H:13])([H:14])[H:15])[H:17],,
4,-0.010936427893243096,RESP2,b3lyp-d3bj/dzvp,1.0,1.0,C,hf,5,[H:16][C:7]1([C:6]([C:5]([C:4]([C:9]([C:8]1([H:18])[H:19])([H:20])[H:21])([H:11])[C:2](=[O:1])[O:3][H:10])([H:12])[H:13])([H:14])[H:15])[H:17],,
5,0.01887119433957124,RESP2,b3lyp-d3bj/dzvp,1.0,1.0,C,hf,6,[H:16][C:7]1([C:6]([C:5]([C:4]([C:9]([C:8]1([H:18])[H:19])([H:20])[H:21])([H:11])[C:2](=[O:1])[O:3][H:10])([H:12])[H:13])([H:14])[H:15])[H:17],,
6,0.033207053053369406,RESP2,b3lyp-d3bj/dzvp,1.0,1.0,C,hf,7,[H:16][C:7]1([C:6]([C:5]([C:4]([C:9]([C:8]1([H:18])[H:19])([H:20])[H:21])([H:11])[C:2](=[O:1])[O:3][H:10])([H:12])[H:13])([H:14])[H:15])[H:17],,
7,0.010478309527569393,RESP2,b3lyp-d3bj/dzvp,1.0,1.0,C,hf,8,[H:16][C:7]1([C:6]([C:5]([C:4]([C:9]([C:8]1([H:18])[H:19])([H:20])[H:21])([H:11])[C:2](=[O:1])[O:3][H:10])([H:12])[H:13])([H:14])[H:15])[H:17],,
8,-0.00393492892208621,RESP2,b3lyp-d3bj/dzvp,1.0,1.0,C,hf,9,[H:16][C:7]1([C:6]([C:5]([C:4]([C:9]([C:8]1([H:18])[H:19])([H:20])[H:21])([H:11])[C:2](=[O:1])[O:3][H:10])([H:12])[H:13])([H:14])[H:15])[H:17],,
9,0.4729578126698387,RESP2,b3lyp-d3bj/dzvp,1.0,1.0,H,hf,10,[H:16][C:7]1([C:6]([C:5]([C:4]([C:9]([C:8]1([H:18])[H:19])([H:20])[H:21])([H:11])[C:2](=[O:1])[O:3][H:10])([H:12])[H:13])([H:14])[H:15])[H:17],,
10,0.017957829714999873,RESP2,b3lyp-d3bj/dzvp,1.0,1.0,H,hf,11,[H:16][C:7]1([C:6]([C:5]([C:4]([C:9]([C:8]1([H:18])[H:19])([H:20])[H:21])([H:11])[C:2](=[O:1])[O:3][H:10])([H:12])[H:13])([H:14])[H:15])[H:17],,
11,0.008647376105527304,RESP2,b3lyp-d3bj/dzvp,1.0,1.0,H,hf,12,[H:16][C:7]1([C:6]([C:5]([C:4]([C:9]([C:8]1([H:18])[H:19])([H:20])[H:21])([H:11])[C:2](=[O:1])[O:3][H:10])([H:12])[H:13])([H:14])[H:15])[H:17],,
12,0.008439452922875419,RESP2,b3lyp-d3bj/dzvp,1.0,1.0,H,hf,13,[H:16][C:7]1([C:6]([C:5]([C:4]([C:9]([C:8]1([H:18])[H:19])([H:20])[H:21])([H:11])[C:2](=[O:1])[O:3][H:10])([H:12])[H:13])([H:14])[H:15])[H:17],,
13,-0.0023166283674550085,RESP2,b3lyp-d3bj/dzvp,1.0,1.0,H,hf,14,[H:16][C:7]1([C:6]([C:5]([C:4]([C:9]([C:8]1([H:18])[H:19])([H:20])[H:21])([H:11])[C:2](=[O:1])[O:3][H:10])([H:12])[H:13])([H:14])[H:15])[H:17],,
14,-0.004250749791326412,RESP2,b3lyp-d3bj/dzvp,1.0,1.0,H,hf,15,[H:16][C:7]1([C:6]([C:5]([C:4]([C:9]([C:8]1([H:18])[H:19])([H:20])[H:21])([H:11])[C:2](=[O:1])[O:3][H:10])([H:12])[H:13])([H:14])[H:15])[H:17],,
15,-0.011568844014103366,RESP2,b3lyp-d3bj/dzvp,1.0,1.0,H,hf,16,[H:16][C:7]1([C:6]([C:5]([C:4]([C:9]([C:8]1([H:18])[H:19])([H:20])[H:21])([H:11])[C:2](=[O:1])[O:3][H:10])([H:12])[H:13])([H:14])[H:15])[H:17],,
16,-0.006900844260183205,RESP2,b3lyp-d3bj/dzvp,1.0,1.0,H,hf,17,[H:16][C:7]1([C:6]([C:5]([C:4]([C:9]([C:8]1([H:18])[H:19])([H:20])[H:21])([H:11])[C:2](=[O:1])[O:3][H:10])([H:12])[H:13])([H:14])[H:15])[H:17],,
17,-0.00035724595382137427,RESP2,b3lyp-d3bj/dzvp,1.0,1.0,H,hf,18,[H:16][C:7]1([C:6]([C:5]([C:4]([C:9]([C:8]1([H:18])[H:19])([H:20])[H:21])([H:11])[C:2](=[O:1])[O:3][H:10])([H:12])[H:13])([H:14])[H:15])[H:17],,
18,-0.0029000400883893267,RESP2,b3lyp-d3bj/dzvp,1.0,1.0,H,hf,19,[H:16][C:7]1([C:6]([C:5]([C:4]([C:9]([C:8]1([H:18])[H:19])([H:20])[H:21])([H:11])[C:2](=[O:1])[O:3][H:10])([H:12])[H:13])([H:14])[H:15])[H:17],,
19,0.006621843452161741,RESP2,b3lyp-d3bj/dzvp,1.0,1.0,H,hf,20,[H:16][C:7]1([C:6]([C:5]([C:4]([C:9]([C:8]1([H:18])[H:19])([H:20])[H:21])([H:11])[C:2](=[O:1])[O:3][H:10])([H:12])[H:13])([H:14])[H:15])[H:17],,
20,0.007446272750081355,RESP2,b3lyp-d3bj/dzvp,1.0,1.0,H,hf,21,[H:16][C:7]1([C:6]([C:5]([C:4]([C:9]([C:8]1([H:18])[H:19])([H:20])[H:21])([H:11])[C:2](=[O:1])[O:3][H:10])([H:12])[H:13])([H:14])[H:15])[H:17],,
0,-0.5161473889882565,RESP2,b3lyp-d3bj/dzvp,,0.0,O,hf,1,[H:16][C:7]1([C:6]([C:5]([C:4]([C:9]([C:8]1([H:18])[H:19])([H:20])[H:21])([H:11])[C:2](=[O:1])[O:3][H:10])([H:12])[H:13])([H:14])[H:15])[H:17],,
1,0.5408124323460848,RESP2,b3lyp-d3bj/dzvp,,0.0,C,hf,2,[H:16][C:7]1([C:6]([C:5]([C:4]([C:9]([C:8]1([H:18])[H:19])([H:20])[H:21])([H:11])[C:2](=[O:1])[O:3][H:10])([H:12])[H:13])([H:14])[H:15])[H:17],,
2,-0.5829962958391777,RESP2,b3lyp-d3bj/dzvp,,0.0,O,hf,3,[H:16][C:7]1([C:6]([C:5]([C:4]([C:9]([C:8]1([H:18])[H:19])([H:20])[H:21])([H:11])[C:2](=[O:1])[O:3][H:10])([H:12])[H:13])([H:14])[H:15])[H:17],,
3,0.11254153374313455,RESP2,b3lyp-d3bj/dzvp,,0.0,C,hf,4,[H:16][C:7]1([C:6]([C:5]([C:4]([C:9]([C:8]1([H:18])[H:19])([H:20])[H:21])([H:11])[C:2](=[O:1])[O:3][H:10])([H:12])[H:13])([H:14])[H:15])[H:17],,
4,-0.024598812446648455,RESP2,b3lyp-d3bj/dzvp,,0.0,C,hf,5,[H:16][C:7]1([C:6]([C:5]([C:4]([C:9]([C:8]1([H:18])[H:19])([H:20])[H:21])([H:11])[C:2](=[O:1])[O:3][H:10])([H:12])[H:13])([H:14])[H:15])[H:17],,
5,0.013118846555130948,RESP2,b3lyp-d3bj/dzvp,,0.0,C,hf,6,[H:16][C:7]1([C:6]([C:5]([C:4]([C:9]([C:8]1([H:18])[H:19])([H:20])[H:21])([H:11])[C:2](=[O:1])[O:3][H:10])([H:12])[H:13])([H:14])[H:15])[H:17],,
6,-0.015367851697793691,RESP2,b3lyp-d3bj/dzvp,,0.0,C,hf,7,[H:16][C:7]1([C:6]([C:5]([C:4]([C:9]([C:8]1([H:18])[H:19])([H:20])[H:21])([H:11])[C:2](=[O:1])[O:3][H:10])([H:12])[H:13])([H:14])[H:15])[H:17],,
7,0.04709895249488629,RESP2,b3lyp-d3bj/dzvp,,0.0,C,hf,8,[H:16][C:7]1([C:6]([C:5]([C:4]([C:9]([C:8]1([H:18])[H:19])([H:20])[H:21])([H:11])[C:2](=[O:1])[O:3][H:10])([H:12])[H:13])([H:14])[H:15])[H:17],,
8,-0.031074902742640093,RESP2,b3lyp-d3bj/dzvp,,0.0,C,hf,9,[H:16][C:7]1([C:6]([C:5]([C:4]([C:9]([C:8]1([H:18])[H:19])([H:20])[H:21])([H:11])[C:2](=[O:1])[O:3][H:10])([H:12])[H:13])([H:14])[H:15])[H:17],,
9,0.4315933957967403,RESP2,b3lyp-d3bj/dzvp,,0.0,H,hf,10,[H:16][C:7]1([C:6]([C:5]([C:4]([C:9]([C:8]1([H:18])[H:19])([H:20])[H:21])([H:11])[C:2](=[O:1])[O:3][H:10])([H:12])[H:13])([H:14])[H:15])[H:17],,
10,-0.005253650227651207,RESP2,b3lyp-d3bj/dzvp,,0.0,H,hf,11,[H:16][C:7]1([C:6]([C:5]([C:4]([C:9]([C:8]1([H:18])[H:19])([H:20])[H:21])([H:11])[C:2](=[O:1])[O:3][H:10])([H:12])[H:13])([H:14])[H:15])[H:17],,
11,0.013631144000478976,RESP2,b3lyp-d3bj/dzvp,,0.0,H,hf,12,[H:16][C:7]1([C:6]([C:5]([C:4]([C:9]([C:8]1([H:18])[H:19])([H:20])[H:21])([H:11])[C:2](=[O:1])[O:3][H:10])([H:12])[H:13])([H:14])[H:15])[H:17],,
12,0.004149338654356068,RESP2,b3lyp-d3bj/dzvp,,0.0,H,hf,13,[H:16][C:7]1([C:6]([C:5]([C:4]([C:9]([C:8]1([H:18])[H:19])([H:20])[H:21])([H:11])[C:2](=[O:1])[O:3][H:10])([H:12])[H:13])([H:14])[H:15])[H:17],,
13,0.0022250436595311223,RESP2,b3lyp-d3bj/dzvp,,0.0,H,hf,14,[H:16][C:7]1([C:6]([C:5]([C:4]([C:9]([C:8]1([H:18])[H:19])([H:20])[H:21])([H:11])[C:2](=[O:1])[O:3][H:10])([H:12])[H:13])([H:14])[H:15])[H:17],,
14,0.0022042886146160672,RESP2,b3lyp-d3bj/dzvp,,0.0,H,hf,15,[H:16][C:7]1([C:6]([C:5]([C:4]([C:9]([C:8]1([H:18])[H:19])([H:20])[H:21])([H:11])[C:2](=[O:1])[O:3][H:10])([H:12])[H:13])([H:14])[H:15])[H:17],,
15,0.0008595782334799248,RESP2,b3lyp-d3bj/dzvp,,0.0,H,hf,16,[H:16][C:7]1([C:6]([C:5]([C:4]([C:9]([C:8]1([H:18])[H:19])([H:20])[H:21])([H:11])[C:2](=[O:1])[O:3][H:10])([H:12])[H:13])([H:14])[H:15])[H:17],,
16,0.005896241363304746,RESP2,b3lyp-d3bj/dzvp,,0.0,H,hf,17,[H:16][C:7]1([C:6]([C:5]([C:4]([C:9]([C:8]1([H:18])[H:19])([H:20])[H:21])([H:11])[C:2](=[O:1])[O:3][H:10])([H:12])[H:13])([H:14])[H:15])[H:17],,
17,-0.008950514671788735,RESP2,b3lyp-d3bj/dzvp,,0.0,H,hf,18,[H:16][C:7]1([C:6]([C:5]([C:4]([C:9]([C:8]1([H:18])[H:19])([H:20])[H:21])([H:11])[C:2](=[O:1])[O:3][H:10])([H:12])[H:13])([H:14])[H:15])[H:17],,
18,-0.011475594895663677,RESP2,b3lyp-d3bj/dzvp,,0.0,H,hf,19,[H:16][C:7]1([C:6]([C:5]([C:4]([C:9]([C:8]1([H:18])[H:19])([H:20])[H:21])([H:11])[C:2](=[O:1])[O:3][H:10])([H:12])[H:13])([H:14])[H:15])[H:17],,
19,0.011875513449920794,RESP2,b3lyp-d3bj/dzvp,,0.0,H,hf,20,[H:16][C:7]1([C:6]([C:5]([C:4]([C:9]([C:8]1([H:18])[H:19])([H:20])[H:21])([H:11])[C:2](=[O:1])[O:3][H:10])([H:12])[H:13])([H:14])[H:15])[H:17],,
20,0.009858702597955528,RESP2,b3lyp-d3bj/dzvp,,0.0,H,hf,21,[H:16][C:7]1([C:6]([C:5]([C:4]([C:9]([C:8]1([H:18])[H:19])([H:20])[H:21])([H:11])[C:2](=[O:1])[O:3][H:10])([H:12])[H:13])([H:14])[H:15])[H:17],,
0,-0.5197730074504998,RESP2,b3lyp-d3bj/dzvp,,0.05,O,hf,1,[H:16][C:7]1([C:6]([C:5]([C:4]([C:9]([C:8]1([H:18])[H:19])([H:20])[H:21])([H:11])[C:2](=[O:1])[O:3][H:10])([H:12])[H:13])([H:14])[H:15])[H:17],,
1,0.5431610667792572,RESP2,b3lyp-d3bj/dzvp,,0.05,C,hf,2,[H:16][C:7]1([C:6]([C:5]([C:4]([C:9]([C:8]1([H:18])[H:19])([H:20])[H:21])([H:11])[C:2](=[O:1])[O:3][H:10])([H:12])[H:13])([H:14])[H:15])[H:17],,
2,-0.5846190604695505,RESP2,b3lyp-d3bj/dzvp,,0.05,O,hf,3,[H:16][C:7]1([C:6]([C:5]([C:4]([C:9]([C:8]1([H:18])[H:19])([H:20])[H:21])([H:11])[C:2](=[O:1])[O:3][H:10])([H:12])[H:13])([H:14])[H:15])[H:17],,
3,0.11065769360155758,RESP2,b3lyp-d3bj/dzvp,,0.05,C,hf,4,[H:16][C:7]1([C:6]([C:5]([C:4]([C:9]([C:8]1([H:18])[H:19])([H:20])[H:21])([H:11])[C:2](=[O:1])[O:3][H:10])([H:12])[H:13])([H:14])[H:15])[H:17],,
4,-0.023915669432961997,RESP2,b3lyp-d3bj/dzvp,,0.05,C,hf,5,[H:16][C:7]1([C:6]([C:5]([C:4]([C:9]([C:8]1([H:18])[H:19])([H:20])[H:21])([H:11])[C:2](=[O:1])[O:3][H:10])([H:12])[H:13])([H:14])[H:15])[H:17],,
5,0.013406440651044176,RESP2,b3lyp-d3bj/dzvp,,0.05,C,hf,6,[H:16][C:7]1([C:6]([C:5]([C:4]([C:9]([C:8]1([H:18])[H:19])([H:20])[H:21])([H:11])[C:2](=[O:1])[O:3][H:10])([H:12])[H:13])([H:14])[H:15])[H:17],,
6,-0.012939096790762845,RESP2,b3lyp-d3bj/dzvp,,0.05,C,hf,7,[H:16][C:7]1([C:6]([C:5]([C:4]([C:9]([C:8]1([H:18])[H:19])([H:20])[H:21])([H:11])[C:2](=[O:1])[O:3][H:10])([H:12])[H:13])([H:14])[H:15])[H:17],,
7,0.045267899846928264,RESP2,b3lyp-d3bj/dzvp,,0.05,C,hf,8,[H:16][C:7]1([C:6]([C:5]([C:4]([C:9]([C:8]1([H:18])[H:19])([H:20])[H:21])([H:11])[C:2](=[O:1])[O:3][H:10])([H:12])[H:13])([H:14])[H:15])[H:17],,
8,-0.029717887473436812,RESP2,b3lyp-d3bj/dzvp,,0.05,C,hf,9,[H:16][C:7]1([C:6]([C:5]([C:4]([C:9]([C:8]1([H:18])[H:19])([H:20])[H:21])([H:11])[C:2](=[O:1])[O:3][H:10])([H:12])[H:13])([H:14])[H:15])[H:17],,
9,0.43366161872487496,RESP2,b3lyp-d3bj/dzvp,,0.05,H,hf,10,[H:16][C:7]1([C:6]([C:5]([C:4]([C:9]([C:8]1([H:18])[H:19])([H:20])[H:21])([H:11])[C:2](=[O:1])[O:3][H:10])([H:12])[H:13])([H:14])[H:15])[H:17],,
10,-0.004093081202930997,RESP2,b3lyp-d3bj/dzvp,,0.05,H,hf,11,[H:16][C:7]1([C:6]([C:5]([C:4]([C:9]([C:8]1([H:18])[H:19])([H:20])[H:21])([H:11])[C:2](=[O:1])[O:3][H:10])([H:12])[H:13])([H:14])[H:15])[H:17],,
11,0.013381954363003587,RESP2,b3lyp-d3bj/dzvp,,0.05,H,hf,12,[H:16][C:7]1([C:6]([C:5]([C:4]([C:9]([C:8]1([H:18])[H:19])([H:20])[H:21])([H:11])[C:2](=[O:1])[O:3][H:10])([H:12])[H:13])([H:14])[H:15])[H:17],,
12,0.004363835659227709,RESP2,b3lyp-d3bj/dzvp,,0.05,H,hf,13,[H:16][C:7]1([C:6]([C:5]([C:4]([C:9]([C:8]1([H:18])[H:19])([H:20])[H:21])([H:11])[C:2](=[O:1])[O:3][H:10])([H:12])[H:13])([H:14])[H:15])[H:17],,
13,0.001997963844303699,RESP2,b3lyp-d3bj/dzvp,,0.05,H,hf,14,[H:16][C:7]1([C:6]([C:5]([C:4]([C:9]([C:8]1([H:18])[H:19])([H:20])[H:21])([H:11])[C:2](=[O:1])[O:3][H:10])([H:12])[H:13])([H:14])[H:15])[H:17],,
14,0.0018815418437244961,RESP2,b3lyp-d3bj/dzvp,,0.05,H,hf,15,[H:16][C:7]1([C:6]([C:5]([C:4]([C:9]([C:8]1([H:18])[H:19])([H:20])[H:21])([H:11])[C:2](=[O:1])[O:3][H:10])([H:12])[H:13])([H:14])[H:15])[H:17],,
15,0.00023815983281862864,RESP2,b3lyp-d3bj/dzvp,,0.05,H,hf,16,[H:16][C:7]1([C:6]([C:5]([C:4]([C:9]([C:8]1([H:18])[H:19])([H:20])[H:21])([H:11])[C:2](=[O:1])[O:3][H:10])([H:12])[H:13])([H:14])[H:15])[H:17],,
16,0.005256385925140605,RESP2,b3lyp-d3bj/dzvp,,0.05,H,hf,17,[H:16][C:7]1([C:6]([C:5]([C:4]([C:9]([C:8]1([H:18])[H:19])([H:20])[H:21])([H:11])[C:2](=[O:1])[O:3][H:10])([H:12])[H:13])([H:14])[H:15])[H:17],,
17,-0.008520849716467773,RESP2,b3lyp-d3bj/dzvp,,0.05,H,hf,18,[H:16][C:7]1([C:6]([C:5]([C:4]([C:9]([C:8]1([H:18])[H:19])([H:20])[H:21])([H:11])[C:2](=[O:1])[O:3][H:10])([H:12])[H:13])([H:14])[H:15])[H:17],,
18,-0.011046812675905755,RESP2,b3lyp-d3bj/dzvp,,0.05,H,hf,19,[H:16][C:7]1([C:6]([C:5]([C:4]([C:9]([C:8]1([H:18])[H:19])([H:20])[H:21])([H:11])[C:2](=[O:1])[O:3][H:10])([H:12])[H:13])([H:14])[H:15])[H:17],,
19,0.011612826159117988,RESP2,b3lyp-d3bj/dzvp,,0.05,H,hf,20,[H:16][C:7]1([C:6]([C:5]([C:4]([C:9]([C:8]1([H:18])[H:19])([H:20])[H:21])([H:11])[C:2](=[O:1])[O:3][H:10])([H:12])[H:13])([H:14])[H:15])[H:17],,
20,0.009738077981517422,RESP2,b3lyp-d3bj/dzvp,,0.05,H,hf,21,[H:16][C:7]1([C:6]([C:5]([C:4]([C:9]([C:8]1([H:18])[H:19])([H:20])[H:21])([H:11])[C:2](=[O:1])[O:3][H:10])([H:12])[H:13])([H:14])[H:15])[H:17],,
0,-0.523398625912743,RESP2,b3lyp-d3bj/dzvp,,0.1,O,hf,1,[H:16][C:7]1([C:6]([C:5]([C:4]([C:9]([C:8]1([H:18])[H:19])([H:20])[H:21])([H:11])[C:2](=[O:1])[O:3][H:10])([H:12])[H:13])([H:14])[H:15])[H:17],,
1,0.54550970121243,RESP2,b3lyp-d3bj/dzvp,,0.1,C,hf,2,[H:16][C:7]1([C:6]([C:5]([C:4]([C:9]([C:8]1([H:18])[H:19])([H:20])[H:21])([H:11])[C:2](=[O:1])[O:3][H:10])([H:12])[H:13])([H:14])[H:15])[H:17],,
2,-0.5862418250999233,RESP2,b3lyp-d3bj/dzvp,,0.1,O,hf,3,[H:16][C:7]1([C:6]([C:5]([C:4]([C:9]([C:8]1([H:18])[H:19])([H:20])[H:21])([H:11])[C:2](=[O:1])[O:3][H:10])([H:12])[H:13])([H:14])[H:15])[H:17],,
3,0.1087738534599806,RESP2,b3lyp-d3bj/dzvp,,0.1,C,hf,4,[H:16][C:7]1([C:6]([C:5]([C:4]([C:9]([C:8]1([H:18])[H:19])([H:20])[H:21])([H:11])[C:2](=[O:1])[O:3][H:10])([H:12])[H:13])([H:14])[H:15])[H:17],,
4,-0.02323252641927555,RESP2,b3lyp-d3bj/dzvp,,0.1,C,hf,5,[H:16][C:7]1([C:6]([C:5]([C:4]([C:9]([C:8]1([H:18])[H:19])([H:20])[H:21])([H:11])[C:2](=[O:1])[O:3][H:10])([H:12])[H:13])([H:14])[H:15])[H:17],,
5,0.013694034746957387,RESP2,b3lyp-d3bj/dzvp,,0.1,C,hf,6,[H:16][C:7]1([C:6]([C:5]([C:4]([C:9]([C:8]1([H:18])[H:19])([H:20])[H:21])([H:11])[C:2](=[O:1])[O:3][H:10])([H:12])[H:13])([H:14])[H:15])[H:17],,
6,-0.010510341883732012,RESP2,b3lyp-d3bj/dzvp,,0.1,C,hf,7,[H:16][C:7]1([C:6]([C:5]([C:4]([C:9]([C:8]1([H:18])[H:19])([H:20])[H:21])([H:11])[C:2](=[O:1])[O:3][H:10])([H:12])[H:13])([H:14])[H:15])[H:17],,
7,0.04343684719897023,RESP2,b3lyp-d3bj/dzvp,,0.1,C,hf,8,[H:16][C:7]1([C:6]([C:5]([C:4]([C:9]([C:8]1([H:18])[H:19])([H:20])[H:21])([H:11])[C:2](=[O:1])[O:3][H:10])([H:12])[H:13])([H:14])[H:15])[H:17],,
8,-0.02836087220423355,RESP2,b3lyp-d3bj/dzvp,,0.1,C,hf,9,[H:16][C:7]1([C:6]([C:5]([C:4]([C:9]([C:8]1([H:18])[H:19])([H:20])[H:21])([H:11])[C:2](=[O:1])[O:3][H:10])([H:12])[H:13])([H:14])[H:15])[H:17],,
9,0.4357298416530097,RESP2,b3lyp-d3bj/dzvp,,0.1,H,hf,10,[H:16][C:7]1([C:6]([C:5]([C:4]([C:9]([C:8]1([H:18])[H:19])([H:20])[H:21])([H:11])[C:2](=[O:1])[O:3][H:10])([H:12])[H:13])([H:14])[H:15])[H:17],,
10,-0.0029325121782107994,RESP2,b3lyp-d3bj/dzvp,,0.1,H,hf,11,[H:16][C:7]1([C:6]([C:5]([C:4]([C:9]([C:8]1([H:18])[H:19])([H:20])[H:21])([H:11])[C:2](=[O:1])[O:3][H:10])([H:12])[H:13])([H:14])[H:15])[H:17],,
11,0.013132764725528188,RESP2,b3lyp-d3bj/dzvp,,0.1,H,hf,12,[H:16][C:7]1([C:6]([C:5]([C:4]([C:9]([C:8]1([H:18])[H:19])([H:20])[H:21])([H:11])[C:2](=[O:1])[O:3][H:10])([H:12])[H:13])([H:14])[H:15])[H:17],,
12,0.0045783326640993355,RESP2,b3lyp-d3bj/dzvp,,0.1,H,hf,13,[H:16][C:7]1([C:6]([C:5]([C:4]([C:9]([C:8]1([H:18])[H:19])([H:20])[H:21])([H:11])[C:2](=[O:1])[O:3][H:10])([H:12])[H:13])([H:14])[H:15])[H:17],,
13,0.0017708840290762634,RESP2,b3lyp-d3bj/dzvp,,0.1,H,hf,14,[H:16][C:7]1([C:6]([C:5]([C:4]([C:9]([C:8]1([H:18])[H:19])([H:20])[H:21])([H:11])[C:2](=[O:1])[O:3][H:10])([H:12])[H:13])([H:14])[H:15])[H:17],,
14,0.0015587950728329122,RESP2,b3lyp-d3bj/dzvp,,0.1,H,hf,15,[H:16][C:7]1([C:6]([C:5]([C:4]([C:9]([C:8]1([H:18])[H:19])([H:20])[H:21])([H:11])[C:2](=[O:1])[O:3][H:10])([H:12])[H:13])([H:14])[H:15])[H:17],,
15,-0.0003832585678426808,RESP2,b3lyp-d3bj/dzvp,,0.1,H,hf,16,[H:16][C:7]1([C:6]([C:5]([C:4]([C:9]([C:8]1([H:18])[H:19])([H:20])[H:21])([H:11])[C:2](=[O:1])[O:3][H:10])([H:12])[H:13])([H:14])[H:15])[H:17],,
16,0.004616530486976454,RESP2,b3lyp-d3bj/dzvp,,0.1,H,hf,17,[H:16][C:7]1([C:6]([C:5]([C:4]([C:9]([C:8]1([H:18])[H:19])([H:20])[H:21])([H:11])[C:2](=[O:1])[O:3][H:10])([H:12])[H:13])([H:14])[H:15])[H:17],,
17,-0.008091184761146826,RESP2,b3lyp-d3bj/dzvp,,0.1,H,hf,18,[H:16][C:7]1([C:6]([C:5]([C:4]([C:9]([C:8]1([H:18])[H:19])([H:20])[H:21])([H:11])[C:2](=[O:1])[O:3][H:10])([H:12])[H:13])([H:14])[H:15])[H:17],,
18,-0.010618030456147846,RESP2,b3lyp-d3bj/dzvp,,0.1,H,hf,19,[H:16][C:7]1([C:6]([C:5]([C:4]([C:9]([C:8]1([H:18])[H:19])([H:20])[H:21])([H:11])[C:2](=[O:1])[O:3][H:10])([H:12])[H:13])([H:14])[H:15])[H:17],,
19,0.011350138868315165,RESP2,b3lyp-d3bj/dzvp,,0.1,H,hf,20,[H:16][C:7]1([C:6]([C:5]([C:4]([C:9]([C:8]1([H:18])[H:19])([H:20])[H:21])([H:11])[C:2](=[O:1])[O:3][H:10])([H:12])[H:13])([H:14])[H:15])[H:17],,
20,0.009617453365079307,RESP2,b3lyp-d3bj/dzvp,,0.1,H,hf,21,[H:16][C:7]1([C:6]([C:5]([C:4]([C:9]([C:8]1([H:18])[H:19])([H:20])[H:21])([H:11])[C:2](=[O:1])[O:3][H:10])([H:12])[H:13])([H:14])[H:15])[H:17],,
0,-0.5270242443749863,RESP2,b3lyp-d3bj/dzvp,,0.15000000000000002,O,hf,1,[H:16][C:7]1([C:6]([C:5]([C:4]([C:9]([C:8]1([H:18])[H:19])([H:20])[H:21])([H:11])[C:2](=[O:1])[O:3][H:10])([H:12])[H:13])([H:14])[H:15])[H:17],,
1,0.5478583356456025,RESP2,b3lyp-d3bj/dzvp,,0.15000000000000002,C,hf,2,[H:16][C:7]1([C:6]([C:5]([C:4]([C:9]([C:8]1([H:18])[H:19])([H:20])[H:21])([H:11])[C:2](=[O:1])[O:3][H:10])([H:12])[H:13])([H:14])[H:15])[H:17],,
2,-0.5878645897302962,RESP2,b3lyp-d3bj/dzvp,,0.15000000000000002,O,hf,3,[H:16][C:7]1([C:6]([C:5]([C:4]([C:9]([C:8]1([H:18])[H:19])([H:20])[H:21])([H:11])[C:2](=[O:1])[O:3][H:10])([H:12])[H:13])([H:14])[H:15])[H:17],,
3,0.10689001331840363,RESP2,b3lyp-d3bj/dzvp,,0.15000000000000002,C,hf,4,[H:16][C:7]1([C:6]([C:5]([C:4]([C:9]([C:8]1([H:18])[H:19])([H:20])[H:21])([H:11])[C:2](=[O:1])[O:3][H:10])([H:12])[H:13])([H:14])[H:15])[H:17],,
4,-0.022549383405589086,RESP2,b3lyp-d3bj/dzvp,,0.15000000000000002,C,hf,5,[H:16][C:7]1([C:6]([C:5]([C:4]([C:9]([C:8]1([H:18])[H:19])([H:20])[H:21])([H:11])[C:2](=[O:1])[O:3][H:10])([H:12])[H:13])([H:14])[H:15])[H:17],,
5,0.01398162884287062,RESP2,b3lyp-d3bj/dzvp,,0.15000000000000002,C,hf,6,[H:16][C:7]1([C:6]([C:5]([C:4]([C:9]([C:8]1([H:18])[H:19])([H:20])[H:21])([H:11])[C:2](=[O:1])[O:3][H:10])([H:12])[H:13])([H:14])[H:15])[H:17],,
6,-0.00808158697670116,RESP2,b3lyp-d3bj/dzvp,,0.15000000000000002,C,hf,7,[H:16][C:7]1([C:6]([C:5]([C:4]([C:9]([C:8]1([H:18])[H:19])([H:20])[H:21])([H:11])[C:2](=[O:1])[O:3][H:10])([H:12])[H:13])([H:14])[H:15])[H:17],,
7,0.04160579455101221,RESP2,b3lyp-d3bj/dzvp,,0.15000000000000002,C,hf,8,[H:16][C:7]1([C:6]([C:5]([C:4]([C:9]([C:8]1([H:18])[H:19])([H:20])[H:21])([H:11])[C:2](=[O:1])[O:3][H:10])([H:12])[H:13])([H:14])[H:15])[H:17],,
8,-0.02700385693503026,RESP2,b3lyp-d3bj/dzvp,,0.15000000000000002,C,hf,9,[H:16][C:7]1([C:6]([C:5]([C:4]([C:9]([C:8]1([H:18])[H:19])([H:20])[H:21])([H:11])[C:2](=[O:1])[O:3][H:10])([H:12])[H:13])([H:14])[H:15])[H:17],,
9,0.4377980645811444,RESP2,b3lyp-d3bj/dzvp,,0.15000000000000002,H,hf,10,[H:16][C:7]1([C:6]([C:5]([C:4]([C:9]([C:8]1([H:18])[H:19])([H:20])[H:21])([H:11])[C:2](=[O:1])[O:3][H:10])([H:12])[H:13])([H:14])[H:15])[H:17],,
10,-0.0017719431534905829,RESP2,b3lyp-d3bj/dzvp,,0.15000000000000002,H,hf,11,[H:16][C:7]1([C:6]([C:5]([C:4]([C:9]([C:8]1([H:18])[H:19])([H:20])[H:21])([H:11])[C:2](=[O:1])[O:3][H:10])([H:12])[H:13])([H:14])[H:15])[H:17],,
11,0.012883575088052806,RESP2,b3lyp-d3bj/dzvp,,0.15000000000000002,H,hf,12,[H:16][C:7]1([C:6]([C:5]([C:4]([C:9]([C:8]1([H:18])[H:19])([H:20])[H:21])([H:11])[C:2](=[O:1])[O:3][H:10])([H:12])[H:13])([H:14])[H:15])[H:17],,
12,0.004792829668970981,RESP2,b3lyp-d3bj/dzvp,,0.15000000000000002,H,hf,13,[H:16][C:7]1([C:6]([C:5]([C:4]([C:9]([C:8]1([H:18])[H:19])([H:20])[H:21])([H:11])[C:2](=[O:1])[O:3][H:10])([H:12])[H:13])([H:14])[H:15])[H:17],,
13,0.0015438042138488455,RESP2,b3lyp-d3bj/dzvp,,0.15000000000000002,H,hf,14,[H:16][C:7]1([C:6]([C:5]([C:4]([C:9]([C:8]1([H:18])[H:19])([H:20])[H:21])([H:11])[C:2](=[O:1])[O:3][H:10])([H:12])[H:13])([H:14])[H:15])[H:17],,
14,0.001236048301941346,RESP2,b3lyp-d3bj/dzvp,,0.15000000000000002,H,hf,15,[H:16][C:7]1([C:6]([C:5]([C:4]([C:9]([C:8]1([H:18])[H:19])([H:20])[H:21])([H:11])[C:2](=[O:1])[O:3][H:10])([H:12])[H:13])([H:14])[H:15])[H:17],,
15,-0.0010046769685039718,RESP2,b3lyp-d3bj/dzvp,,0.15000000000000002,H,hf,16,[H:16][C:7]1([C:6]([C:5]([C:4]([C:9]([C:8]1([H:18])[H:19])([H:20])[H:21])([H:11])[C:2](=[O:1])[O:3][H:10])([H:12])[H:13])([H:14])[H:15])[H:17],,
16,0.003976675048812319,RESP2,b3lyp-d3bj/dzvp,,0.15000000000000002,H,hf,17,[H:16][C:7]1([C:6]([C:5]([C:4]([C:9]([C:8]1([H:18])[H:19])([H:20])[H:21])([H:11])[C:2](=[O:1])[O:3][H:10])([H:12])[H:13])([H:14])[H:15])[H:17],,
17,-0.007661519805825859,RESP2,b3lyp-d3bj/dzvp,,0.15000000000000002,H,hf,18,[H:16][C:7]1([C:6]([C:5]([C:4]([C:9]([C:8]1([H:18])[H:19])([H:20])[H:21])([H:11])[C:2](=[O:1])[O:3][H:10])([H:12])[H:13])([H:14])[H:15])[H:17],,
18,-0.010189248236389918,RESP2,b3lyp-d3bj/dzvp,,0.15000000000000002,H,hf,19,[H:16][C:7]1([C:6]([C:5]([C:4]([C:9]([C:8]1([H:18])[H:19])([H:20])[H:21])([H:11])[C:2](=[O:1])[O:3][H:10])([H:12])[H:13])([H:14])[H:15])[H:17],,
19,0.011087451577512364,RESP2,b3lyp-d3bj/dzvp,,0.15000000000000002,H,hf,20,[H:16][C:7]1([C:6]([C:5]([C:4]([C:9]([C:8]1([H:18])[H:19])([H:20])[H:21])([H:11])[C:2](=[O:1])[O:3][H:10])([H:12])[H:13])([H:14])[H:15])[H:17],,
20,0.009496828748641207,RESP2,b3lyp-d3bj/dzvp,,0.15000000000000002,H,hf,21,[H:16][C:7]1([C:6]([C:5]([C:4]([C:9]([C:8]1([H:18])[H:19])([H:20])[H:21])([H:11])[C:2](=[O:1])[O:3][H:10])([H:12])[H:13])([H:14])[H:15])[H:17],,
0,-0.5306498628372295,RESP2,b3lyp-d3bj/dzvp,,0.2,O,hf,1,[H:16][C:7]1([C:6]([C:5]([C:4]([C:9]([C:8]1([H:18])[H:19])([H:20])[H:21])([H:11])[C:2](=[O:1])[O:3][H:10])([H:12])[H:13])([H:14])[H:15])[H:17],,
1,0.5502069700787752,RESP2,b3lyp-d3bj/dzvp,,0.2,C,hf,2,[H:16][C:7]1([C:6]([C:5]([C:4]([C:9]([C:8]1([H:18])[H:19])([H:20])[H:21])([H:11])[C:2](=[O:1])[O:3][H:10])([H:12])[H:13])([H:14])[H:15])[H:17],,
2,-0.589487354360669,RESP2,b3lyp-d3bj/dzvp,,0.2,O,hf,3,[H:16][C:7]1([C:6]([C:5]([C:4]([C:9]([C:8]1([H:18])[H:19])([H:20])[H:21])([H:11])[C:2](=[O:1])[O:3][H:10])([H:12])[H:13])([H:14])[H:15])[H:17],,
3,0.10500617317682667,RESP2,b3lyp-d3bj/dzvp,,0.2,C,hf,4,[H:16][C:7]1([C:6]([C:5]([C:4]([C:9]([C:8]1([H:18])[H:19])([H:20])[H:21])([H:11])[C:2](=[O:1])[O:3][H:10])([H:12])[H:13])([H:14])[H:15])[H:17],,
4,-0.021866240391902637,RESP2,b3lyp-d3bj/dzvp,,0.2,C,hf,5,[H:16][C:7]1([C:6]([C:5]([C:4]([C:9]([C:8]1([H:18])[H:19])([H:20])[H:21])([H:11])[C:2](=[O:1])[O:3][H:10])([H:12])[H:13])([H:14])[H:15])[H:17],,
5,0.014269222938783844,RESP2,b3lyp-d3bj/dzvp,,0.2,C,hf,6,[H:16][C:7]1([C:6]([C:5]([C:4]([C:9]([C:8]1([H:18])[H:19])([H:20])[H:21])([H:11])[C:2](=[O:1])[O:3][H:10])([H:12])[H:13])([H:14])[H:15])[H:17],,
6,-0.005652832069670319,RESP2,b3lyp-d3bj/dzvp,,0.2,C,hf,7,[H:16][C:7]1([C:6]([C:5]([C:4]([C:9]([C:8]1([H:18])[H:19])([H:20])[H:21])([H:11])[C:2](=[O:1])[O:3][H:10])([H:12])[H:13])([H:14])[H:15])[H:17],,
7,0.03977474190305418,RESP2,b3lyp-d3bj/dzvp,,0.2,C,hf,8,[H:16][C:7]1([C:6]([C:5]([C:4]([C:9]([C:8]1([H:18])[H:19])([H:20])[H:21])([H:11])[C:2](=[O:1])[O:3][H:10])([H:12])[H:13])([H:14])[H:15])[H:17],,
8,-0.02564684166582699,RESP2,b3lyp-d3bj/dzvp,,0.2,C,hf,9,[H:16][C:7]1([C:6]([C:5]([C:4]([C:9]([C:8]1([H:18])[H:19])([H:20])[H:21])([H:11])[C:2](=[O:1])[O:3][H:10])([H:12])[H:13])([H:14])[H:15])[H:17],,
9,0.4398662875092792,RESP2,b3lyp-d3bj/dzvp,,0.2,H,hf,10,[H:16][C:7]1([C:6]([C:5]([C:4]([C:9]([C:8]1([H:18])[H:19])([H:20])[H:21])([H:11])[C:2](=[O:1])[O:3][H:10])([H:12])[H:13])([H:14])[H:15])[H:17],,
10,-0.0006113741287703782,RESP2,b3lyp-d3bj/dzvp,,0.2,H,hf,11,[H:16][C:7]1([C:6]([C:5]([C:4]([C:9]([C:8]1([H:18])[H:19])([H:20])[H:21])([H:11])[C:2](=[O:1])[O:3][H:10])([H:12])[H:13])([H:14])[H:15])[H:17],,
11,0.012634385450577415,RESP2,b3lyp-d3bj/dzvp,,0.2,H,hf,12,[H:16][C:7]1([C:6]([C:5]([C:4]([C:9]([C:8]1([H:18])[H:19])([H:20])[H:21])([H:11])[C:2](=[O:1])[O:3][H:10])([H:12])[H:13])([H:14])[H:15])[H:17],,
12,0.005007326673842616,RESP2,b3lyp-d3bj/dzvp,,0.2,H,hf,13,[H:16][C:7]1([C:6]([C:5]([C:4]([C:9]([C:8]1([H:18])[H:19])([H:20])[H:21])([H:11])[C:2](=[O:1])[O:3][H:10])([H:12])[H:13])([H:14])[H:15])[H:17],,
13,0.0013167243986214174,RESP2,b3lyp-d3bj/dzvp,,0.2,H,hf,14,[H:16][C:7]1([C:6]([C:5]([C:4]([C:9]([C:8]1([H:18])[H:19])([H:20])[H:21])([H:11])[C:2](=[O:1])[O:3][H:10])([H:12])[H:13])([H:14])[H:15])[H:17],,
14,0.0009133015310497696,RESP2,b3lyp-d3bj/dzvp,,0.2,H,hf,15,[H:16][C:7]1([C:6]([C:5]([C:4]([C:9]([C:8]1([H:18])[H:19])([H:20])[H:21])([H:11])[C:2](=[O:1])[O:3][H:10])([H:12])[H:13])([H:14])[H:15])[H:17],,
15,-0.0016260953691652734,RESP2,b3lyp-d3bj/dzvp,,0.2,H,hf,16,[H:16][C:7]1([C:6]([C:5]([C:4]([C:9]([C:8]1([H:18])[H:19])([H:20])[H:21])([H:11])[C:2](=[O:1])[O:3][H:10])([H:12])[H:13])([H:14])[H:15])[H:17],,
16,0.003336819610648175,RESP2,b3lyp-d3bj/dzvp,,0.2,H,hf,17,[H:16][C:7]1([C:6]([C:5]([C:4]([C:9]([C:8]1([H:18])[H:19])([H:20])[H:21])([H:11])[C:2](=[O:1])[O:3][H:10])([H:12])[H:13])([H:14])[H:15])[H:17],,
17,-0.007231854850504904,RESP2,b3lyp-d3bj/dzvp,,0.2,H,hf,18,[H:16][C:7]1([C:6]([C:5]([C:4]([C:9]([C:8]1([H:18])[H:19])([H:20])[H:21])([H:11])[C:2](=[O:1])[O:3][H:10])([H:12])[H:13])([H:14])[H:15])[H:17],,
18,-0.009760466016632,RESP2,b3lyp-d3bj/dzvp,,0.2,H,hf,19,[H:16][C:7]1([C:6]([C:5]([C:4]([C:9]([C:8]1([H:18])[H:19])([H:20])[H:21])([H:11])[C:2](=[O:1])[O:3][H:10])([H:12])[H:13])([H:14])[H:15])[H:17],,
19,0.010824764286709553,RESP2,b3lyp-d3bj/dzvp,,0.2,H,hf,20,[H:16][C:7]1([C:6]([C:5]([C:4]([C:9]([C:8]1([H:18])[H:19])([H:20])[H:21])([H:11])[C:2](=[O:1])[O:3][H:10])([H:12])[H:13])([H:14])[H:15])[H:17],,
20,0.009376204132203098,RESP2,b3lyp-d3bj/dzvp,,0.2,H,hf,21,[H:16][C:7]1([C:6]([C:5]([C:4]([C:9]([C:8]1([H:18])[H:19])([H:20])[H:21])([H:11])[C:2](=[O:1])[O:3][H:10])([H:12])[H:13])([H:14])[H:15])[H:17],,
0,-0.5342754812994728,RESP2,b3lyp-d3bj/dzvp,,0.25,O,hf,1,[H:16][C:7]1([C:6]([C:5]([C:4]([C:9]([C:8]1([H:18])[H:19])([H:20])[H:21])([H:11])[C:2](=[O:1])[O:3][H:10])([H:12])[H:13])([H:14])[H:15])[H:17],,
1,0.5525556045119477,RESP2,b3lyp-d3bj/dzvp,,0.25,C,hf,2,[H:16][C:7]1([C:6]([C:5]([C:4]([C:9]([C:8]1([H:18])[H:19])([H:20])[H:21])([H:11])[C:2](=[O:1])[O:3][H:10])([H:12])[H:13])([H:14])[H:15])[H:17],,
2,-0.5911101189910417,RESP2,b3lyp-d3bj/dzvp,,0.25,O,hf,3,[H:16][C:7]1([C:6]([C:5]([C:4]([C:9]([C:8]1([H:18])[H:19])([H:20])[H:21])([H:11])[C:2](=[O:1])[O:3][H:10])([H:12])[H:13])([H:14])[H:15])[H:17],,
3,0.10312233303524966,RESP2,b3lyp-d3bj/dzvp,,0.25,C,hf,4,[H:16][C:7]1([C:6]([C:5]([C:4]([C:9]([C:8]1([H:18])[H:19])([H:20])[H:21])([H:11])[C:2](=[O:1])[O:3][H:10])([H:12])[H:13])([H:14])[H:15])[H:17],,
4,-0.02118309737821619,RESP2,b3lyp-d3bj/dzvp,,0.25,C,hf,5,[H:16][C:7]1([C:6]([C:5]([C:4]([C:9]([C:8]1([H:18])[H:19])([H:20])[H:21])([H:11])[C:2](=[O:1])[O:3][H:10])([H:12])[H:13])([H:14])[H:15])[H:17],,
5,0.014556817034697057,RESP2,b3lyp-d3bj/dzvp,,0.25,C,hf,6,[H:16][C:7]1([C:6]([C:5]([C:4]([C:9]([C:8]1([H:18])[H:19])([H:20])[H:21])([H:11])[C:2](=[O:1])[O:3][H:10])([H:12])[H:13])([H:14])[H:15])[H:17],,
6,-0.0032240771626394836,RESP2,b3lyp-d3bj/dzvp,,0.25,C,hf,7,[H:16][C:7]1([C:6]([C:5]([C:4]([C:9]([C:8]1([H:18])[H:19])([H:20])[H:21])([H:11])[C:2](=[O:1])[O:3][H:10])([H:12])[H:13])([H:14])[H:15])[H:17],,
7,0.03794368925509615,RESP2,b3lyp-d3bj/dzvp,,0.25,C,hf,8,[H:16][C:7]1([C:6]([C:5]([C:4]([C:9]([C:8]1([H:18])[H:19])([H:20])[H:21])([H:11])[C:2](=[O:1])[O:3][H:10])([H:12])[H:13])([H:14])[H:15])[H:17],,
8,-0.02428982639662372,RESP2,b3lyp-d3bj/dzvp,,0.25,C,hf,9,[H:16][C:7]1([C:6]([C:5]([C:4]([C:9]([C:8]1([H:18])[H:19])([H:20])[H:21])([H:11])[C:2](=[O:1])[O:3][H:10])([H:12])[H:13])([H:14])[H:15])[H:17],,
9,0.4419345104374139,RESP2,b3lyp-d3bj/dzvp,,0.25,H,hf,10,[H:16][C:7]1([C:6]([C:5]([C:4]([C:9]([C:8]1([H:18])[H:19])([H:20])[H:21])([H:11])[C:2](=[O:1])[O:3][H:10])([H:12])[H:13])([H:14])[H:15])[H:17],,
10,0.0005491948959498212,RESP2,b3lyp-d3bj/dzvp,,0.25,H,hf,11,[H:16][C:7]1([C:6]([C:5]([C:4]([C:9]([C:8]1([H:18])[H:19])([H:20])[H:21])([H:11])[C:2](=[O:1])[O:3][H:10])([H:12])[H:13])([H:14])[H:15])[H:17],,
11,0.012385195813102014,RESP2,b3lyp-d3bj/dzvp,,0.25,H,hf,12,[H:16][C:7]1([C:6]([C:5]([C:4]([C:9]([C:8]1([H:18])[H:19])([H:20])[H:21])([H:11])[C:2](=[O:1])[O:3][H:10])([H:12])[H:13])([H:14])[H:15])[H:17],,
12,0.005221823678714246,RESP2,b3lyp-d3bj/dzvp,,0.25,H,hf,13,[H:16][C:7]1([C:6]([C:5]([C:4]([C:9]([C:8]1([H:18])[H:19])([H:20])[H:21])([H:11])[C:2](=[O:1])[O:3][H:10])([H:12])[H:13])([H:14])[H:15])[H:17],,
13,0.0010896445833939836,RESP2,b3lyp-d3bj/dzvp,,0.25,H,hf,14,[H:16][C:7]1([C:6]([C:5]([C:4]([C:9]([C:8]1([H:18])[H:19])([H:20])[H:21])([H:11])[C:2](=[O:1])[O:3][H:10])([H:12])[H:13])([H:14])[H:15])[H:17],,
14,0.0005905547601581879,RESP2,b3lyp-d3bj/dzvp,,0.25,H,hf,15,[H:16][C:7]1([C:6]([C:5]([C:4]([C:9]([C:8]1([H:18])[H:19])([H:20])[H:21])([H:11])[C:2](=[O:1])[O:3][H:10])([H:12])[H:13])([H:14])[H:15])[H:17],,
15,-0.00224751376982658,RESP2,b3lyp-d3bj/dzvp,,0.25,H,hf,16,[H:16][C:7]1([C:6]([C:5]([C:4]([C:9]([C:8]1([H:18])[H:19])([H:20])[H:21])([H:11])[C:2](=[O:1])[O:3][H:10])([H:12])[H:13])([H:14])[H:15])[H:17],,
16,0.0026969641724840236,RESP2,b3lyp-d3bj/dzvp,,0.25,H,hf,17,[H:16][C:7]1([C:6]([C:5]([C:4]([C:9]([C:8]1([H:18])[H:19])([H:20])[H:21])([H:11])[C:2](=[O:1])[O:3][H:10])([H:12])[H:13])([H:14])[H:15])[H:17],,
17,-0.006802189895183952,RESP2,b3lyp-d3bj/dzvp,,0.25,H,hf,18,[H:16][C:7]1([C:6]([C:5]([C:4]([C:9]([C:8]1([H:18])[H:19])([H:20])[H:21])([H:11])[C:2](=[O:1])[O:3][H:10])([H:12])[H:13])([H:14])[H:15])[H:17],,
18,-0.009331683796874088,RESP2,b3lyp-d3bj/dzvp,,0.25,H,hf,19,[H:16][C:7]1([C:6]([C:5]([C:4]([C:9]([C:8]1([H:18])[H:19])([H:20])[H:21])([H:11])[C:2](=[O:1])[O:3][H:10])([H:12])[H:13])([H:14])[H:15])[H:17],,
19,0.010562076995906732,RESP2,b3lyp-d3bj/dzvp,,0.25,H,hf,20,[H:16][C:7]1([C:6]([C:5]([C:4]([C:9]([C:8]1([H:18])[H:19])([H:20])[H:21])([H:11])[C:2](=[O:1])[O:3][H:10])([H:12])[H:13])([H:14])[H:15])[H:17],,
20,0.009255579515764983,RESP2,b3lyp-d3bj/dzvp,,0.25,H,hf,21,[H:16][C:7]1([C:6]([C:5]([C:4]([C:9]([C:8]1([H:18])[H:19])([H:20])[H:21])([H:11])[C:2](=[O:1])[O:3][H:10])([H:12])[H:13])([H:14])[H:15])[H:17],,
0,-0.5379010997617161,RESP2,b3lyp-d3bj/dzvp,,0.30000000000000004,O,hf,1,[H:16][C:7]1([C:6]([C:5]([C:4]([C:9]([C:8]1([H:18])[H:19])([H:20])[H:21])([H:11])[C:2](=[O:1])[O:3][H:10])([H:12])[H:13])([H:14])[H:15])[H:17],,
1,0.5549042389451203,RESP2,b3lyp-d3bj/dzvp,,0.30000000000000004,C,hf,2,[H:16][C:7]1([C:6]([C:5]([C:4]([C:9]([C:8]1([H:18])[H:19])([H:20])[H:21])([H:11])[C:2](=[O:1])[O:3][H:10])([H:12])[H:13])([H:14])[H:15])[H:17],,
2,-0.5927328836214146,RESP2,b3lyp-d3bj/dzvp,,0.30000000000000004,O,hf,3,[H:16][C:7]1([C:6]([C:5]([C:4]([C:9]([C:8]1([H:18])[H:19])([H:20])[H:21])([H:11])[C:2](=[O:1])[O:3][H:10])([H:12])[H:13])([H:14])[H:15])[H:17],,
3,0.10123849289367272,RESP2,b3lyp-d3bj/dzvp,,0.30000000000000004,C,hf,4,[H:16][C:7]1([C:6]([C:5]([C:4]([C:9]([C:8]1([H:18])[H:19])([H:20])[H:21])([H:11])[C:2](=[O:1])[O:3][H:10])([H:12])[H:13])([H:14])[H:15])[H:17],,
4,-0.02049995436452973,RESP2,b3lyp-d3bj/dzvp,,0.30000000000000004,C,hf,5,[H:16][C:7]1([C:6]([C:5]([C:4]([C:9]([C:8]1([H:18])[H:19])([H:20])[H:21])([H:11])[C:2](=[O:1])[O:3][H:10])([H:12])[H:13])([H:14])[H:15])[H:17],,
5,0.014844411130610285,RESP2,b3lyp-d3bj/dzvp,,0.30000000000000004,C,hf,6,[H:16][C:7]1([C:6]([C:5]([C:4]([C:9]([C:8]1([H:18])[H:19])([H:20])[H:21])([H:11])[C:2](=[O:1])[O:3][H:10])([H:12])[H:13])([H:14])[H:15])[H:17],,
6,-0.0007953222556086358,RESP2,b3lyp-d3bj/dzvp,,0.30000000000000004,C,hf,7,[H:16][C:7]1([C:6]([C:5]([C:4]([C:9]([C:8]1([H:18])[H:19])([H:20])[H:21])([H:11])[C:2](=[O:1])[O:3][H:10])([H:12])[H:13])([H:14])[H:15])[H:17],,
7,0.03611263660713812,RESP2,b3lyp-d3bj/dzvp,,0.30000000000000004,C,hf,8,[H:16][C:7]1([C:6]([C:5]([C:4]([C:9]([C:8]1([H:18])[H:19])([H:20])[H:21])([H:11])[C:2](=[O:1])[O:3][H:10])([H:12])[H:13])([H:14])[H:15])[H:17],,
8,-0.02293281112742044,RESP2,b3lyp-d3bj/dzvp,,0.30000000000000004,C,hf,9,[H:16][C:7]1([C:6]([C:5]([C:4]([C:9]([C:8]1([H:18])[H:19])([H:20])[H:21])([H:11])[C:2](=[O:1])[O:3][H:10])([H:12])[H:13])([H:14])[H:15])[H:17],,
9,0.4440027333655486,RESP2,b3lyp-d3bj/dzvp,,0.30000000000000004,H,hf,10,[H:16][C:7]1([C:6]([C:5]([C:4]([C:9]([C:8]1([H:18])[H:19])([H:20])[H:21])([H:11])[C:2](=[O:1])[O:3][H:10])([H:12])[H:13])([H:14])[H:15])[H:17],,
10,0.0017097639206700326,RESP2,b3lyp-d3bj/dzvp,,0.30000000000000004,H,hf,11,[H:16][C:7]1([C:6]([C:5]([C:4]([C:9]([C:8]1([H:18])[H:19])([H:20])[H:21])([H:11])[C:2](=[O:1])[O:3][H:10])([H:12])[H:13])([H:14])[H:15])[H:17],,
11,0.012136006175626627,RESP2,b3lyp-d3bj/dzvp,,0.30000000000000004,H,hf,12,[H:16][C:7]1([C:6]([C:5]([C:4]([C:9]([C:8]1([H:18])[H:19])([H:20])[H:21])([H:11])[C:2](=[O:1])[O:3][H:10])([H:12])[H:13])([H:14])[H:15])[H:17],,
12,0.0054363206835858855,RESP2,b3lyp-d3bj/dzvp,,0.30000000000000004,H,hf,13,[H:16][C:7]1([C:6]([C:5]([C:4]([C:9]([C:8]1([H:18])[H:19])([H:20])[H:21])([H:11])[C:2](=[O:1])[O:3][H:10])([H:12])[H:13])([H:14])[H:15])[H:17],,
13,0.0008625647681665604,RESP2,b3lyp-d3bj/dzvp,,0.30000000000000004,H,hf,14,[H:16][C:7]1([C:6]([C:5]([C:4]([C:9]([C:8]1([H:18])[H:19])([H:20])[H:21])([H:11])[C:2](=[O:1])[O:3][H:10])([H:12])[H:13])([H:14])[H:15])[H:17],,
14,0.0002678079892666166,RESP2,b3lyp-d3bj/dzvp,,0.30000000000000004,H,hf,15,[H:16][C:7]1([C:6]([C:5]([C:4]([C:9]([C:8]1([H:18])[H:19])([H:20])[H:21])([H:11])[C:2](=[O:1])[O:3][H:10])([H:12])[H:13])([H:14])[H:15])[H:17],,
15,-0.0028689321704878767,RESP2,b3lyp-d3bj/dzvp,,0.30000000000000004,H,hf,16,[H:16][C:7]1([C:6]([C:5]([C:4]([C:9]([C:8]1([H:18])[H:19])([H:20])[H:21])([H:11])[C:2](=[O:1])[O:3][H:10])([H:12])[H:13])([H:14])[H:15])[H:17],,
16,0.002057108734319883,RESP2,b3lyp-d3bj/dzvp,,0.30000000000000004,H,hf,17,[H:16][C:7]1([C:6]([C:5]([C:4]([C:9]([C:8]1([H:18])[H:19])([H:20])[H:21])([H:11])[C:2](=[O:1])[O:3][H:10])([H:12])[H:13])([H:14])[H:15])[H:17],,
17,-0.0063725249398629905,RESP2,b3lyp-d3bj/dzvp,,0.30000000000000004,H,hf,18,[H:16][C:7]1([C:6]([C:5]([C:4]([C:9]([C:8]1([H:18])[H:19])([H:20])[H:21])([H:11])[C:2](=[O:1])[O:3][H:10])([H:12])[H:13])([H:14])[H:15])[H:17],,
18,-0.008902901577116165,RESP2,b3lyp-d3bj/dzvp,,0.30000000000000004,H,hf,19,[H:16][C:7]1([C:6]([C:5]([C:4]([C:9]([C:8]1([H:18])[H:19])([H:20])[H:21])([H:11])[C:2](=[O:1])[O:3][H:10])([H:12])[H:13])([H:14])[H:15])[H:17],,
19,0.010299389705103926,RESP2,b3lyp-d3bj/dzvp,,0.30000000000000004,H,hf,20,[H:16][C:7]1([C:6]([C:5]([C:4]([C:9]([C:8]1([H:18])[H:19])([H:20])[H:21])([H:11])[C:2](=[O:1])[O:3][H:10])([H:12])[H:13])([H:14])[H:15])[H:17],,
20,0.009134954899326878,RESP2,b3lyp-d3bj/dzvp,,0.30000000000000004,H,hf,21,[H:16][C:7]1([C:6]([C:5]([C:4]([C:9]([C:8]1([H:18])[H:19])([H:20])[H:21])([H:11])[C:2](=[O:1])[O:3][H:10])([H:12])[H:13])([H:14])[H:15])[H:17],,
0,-0.5415267182239591,RESP2,b3lyp-d3bj/dzvp,,0.35000000000000003,O,hf,1,[H:16][C:7]1([C:6]([C:5]([C:4]([C:9]([C:8]1([H:18])[H:19])([H:20])[H:21])([H:11])[C:2](=[O:1])[O:3][H:10])([H:12])[H:13])([H:14])[H:15])[H:17],,
1,0.5572528733782929,RESP2,b3lyp-d3bj/dzvp,,0.35000000000000003,C,hf,2,[H:16][C:7]1([C:6]([C:5]([C:4]([C:9]([C:8]1([H:18])[H:19])([H:20])[H:21])([H:11])[C:2](=[O:1])[O:3][H:10])([H:12])[H:13])([H:14])[H:15])[H:17],,
2,-0.5943556482517874,RESP2,b3lyp-d3bj/dzvp,,0.35000000000000003,O,hf,3,[H:16][C:7]1([C:6]([C:5]([C:4]([C:9]([C:8]1([H:18])[H:19])([H:20])[H:21])([H:11])[C:2](=[O:1])[O:3][H:10])([H:12])[H:13])([H:14])[H:15])[H:17],,
3,0.09935465275209573,RESP2,b3lyp-d3bj/dzvp,,0.35000000000000003,C,hf,4,[H:16][C:7]1([C:6]([C:5]([C:4]([C:9]([C:8]1([H:18])[H:19])([H:20])[H:21])([H:11])[C:2](=[O:1])[O:3][H:10])([H:12])[H:13])([H:14])[H:15])[H:17],,
4,-0.01981681135084327,RESP2,b3lyp-d3bj/dzvp,,0.35000000000000003,C,hf,5,[H:16][C:7]1([C:6]([C:5]([C:4]([C:9]([C:8]1([H:18])[H:19])([H:20])[H:21])([H:11])[C:2](=[O:1])[O:3][H:10])([H:12])[H:13])([H:14])[H:15])[H:17],,
5,0.015132005226523509,RESP2,b3lyp-d3bj/dzvp,,0.35000000000000003,C,hf,6,[H:16][C:7]1([C:6]([C:5]([C:4]([C:9]([C:8]1([H:18])[H:19])([H:20])[H:21])([H:11])[C:2](=[O:1])[O:3][H:10])([H:12])[H:13])([H:14])[H:15])[H:17],,
6,0.0016334326514222091,RESP2,b3lyp-d3bj/dzvp,,0.35000000000000003,C,hf,7,[H:16][C:7]1([C:6]([C:5]([C:4]([C:9]([C:8]1([H:18])[H:19])([H:20])[H:21])([H:11])[C:2](=[O:1])[O:3][H:10])([H:12])[H:13])([H:14])[H:15])[H:17],,
7,0.03428158395918009,RESP2,b3lyp-d3bj/dzvp,,0.35000000000000003,C,hf,8,[H:16][C:7]1([C:6]([C:5]([C:4]([C:9]([C:8]1([H:18])[H:19])([H:20])[H:21])([H:11])[C:2](=[O:1])[O:3][H:10])([H:12])[H:13])([H:14])[H:15])[H:17],,
8,-0.021575795858217162,RESP2,b3lyp-d3bj/dzvp,,0.35000000000000003,C,hf,9,[H:16][C:7]1([C:6]([C:5]([C:4]([C:9]([C:8]1([H:18])[H:19])([H:20])[H:21])([H:11])[C:2](=[O:1])[O:3][H:10])([H:12])[H:13])([H:14])[H:15])[H:17],,
9,0.4460709562936833,RESP2,b3lyp-d3bj/dzvp,,0.35000000000000003,H,hf,10,[H:16][C:7]1([C:6]([C:5]([C:4]([C:9]([C:8]1([H:18])[H:19])([H:20])[H:21])([H:11])[C:2](=[O:1])[O:3][H:10])([H:12])[H:13])([H:14])[H:15])[H:17],,
10,0.0028703329453902402,RESP2,b3lyp-d3bj/dzvp,,0.35000000000000003,H,hf,11,[H:16][C:7]1([C:6]([C:5]([C:4]([C:9]([C:8]1([H:18])[H:19])([H:20])[H:21])([H:11])[C:2](=[O:1])[O:3][H:10])([H:12])[H:13])([H:14])[H:15])[H:17],,
11,0.011886816538151235,RESP2,b3lyp-d3bj/dzvp,,0.35000000000000003,H,hf,12,[H:16][C:7]1([C:6]([C:5]([C:4]([C:9]([C:8]1([H:18])[H:19])([H:20])[H:21])([H:11])[C:2](=[O:1])[O:3][H:10])([H:12])[H:13])([H:14])[H:15])[H:17],,
12,0.0056508176884575234,RESP2,b3lyp-d3bj/dzvp,,0.35000000000000003,H,hf,13,[H:16][C:7]1([C:6]([C:5]([C:4]([C:9]([C:8]1([H:18])[H:19])([H:20])[H:21])([H:11])[C:2](=[O:1])[O:3][H:10])([H:12])[H:13])([H:14])[H:15])[H:17],,
13,0.0006354849529391348,RESP2,b3lyp-d3bj/dzvp,,0.35000000000000003,H,hf,14,[H:16][C:7]1([C:6]([C:5]([C:4]([C:9]([C:8]1([H:18])[H:19])([H:20])[H:21])([H:11])[C:2](=[O:1])[O:3][H:10])([H:12])[H:13])([H:14])[H:15])[H:17],,
14,-5.4938781624957136e-05,RESP2,b3lyp-d3bj/dzvp,,0.35000000000000003,H,hf,15,[H:16][C:7]1([C:6]([C:5]([C:4]([C:9]([C:8]1([H:18])[H:19])([H:20])[H:21])([H:11])[C:2](=[O:1])[O:3][H:10])([H:12])[H:13])([H:14])[H:15])[H:17],,
15,-0.003490350571149176,RESP2,b3lyp-d3bj/dzvp,,0.35000000000000003,H,hf,16,[H:16][C:7]1([C:6]([C:5]([C:4]([C:9]([C:8]1([H:18])[H:19])([H:20])[H:21])([H:11])[C:2](=[O:1])[O:3][H:10])([H:12])[H:13])([H:14])[H:15])[H:17],,
16,0.001417253296155741,RESP2,b3lyp-d3bj/dzvp,,0.35000000000000003,H,hf,17,[H:16][C:7]1([C:6]([C:5]([C:4]([C:9]([C:8]1([H:18])[H:19])([H:20])[H:21])([H:11])[C:2](=[O:1])[O:3][H:10])([H:12])[H:13])([H:14])[H:15])[H:17],,
17,-0.005942859984542031,RESP2,b3lyp-d3bj/dzvp,,0.35000000000000003,H,hf,18,[H:16][C:7]1([C:6]([C:5]([C:4]([C:9]([C:8]1([H:18])[H:19])([H:20])[H:21])([H:11])[C:2](=[O:1])[O:3][H:10])([H:12])[H:13])([H:14])[H:15])[H:17],,
18,-0.008474119357358246,RESP2,b3lyp-d3bj/dzvp,,0.35000000000000003,H,hf,19,[H:16][C:7]1([C:6]([C:5]([C:4]([C:9]([C:8]1([H:18])[H:19])([H:20])[H:21])([H:11])[C:2](=[O:1])[O:3][H:10])([H:12])[H:13])([H:14])[H:15])[H:17],,
19,0.010036702414301116,RESP2,b3lyp-d3bj/dzvp,,0.35000000000000003,H,hf,20,[H:16][C:7]1([C:6]([C:5]([C:4]([C:9]([C:8]1([H:18])[H:19])([H:20])[H:21])([H:11])[C:2](=[O:1])[O:3][H:10])([H:12])[H:13])([H:14])[H:15])[H:17],,
20,0.00901433028288877,RESP2,b3lyp-d3bj/dzvp,,0.35000000000000003,H,hf,21,[H:16][C:7]1([C:6]([C:5]([C:4]([C:9]([C:8]1([H:18])[H:19])([H:20])[H:21])([H:11])[C:2](=[O:1])[O:3][H:10])([H:12])[H:13])([H:14])[H:15])[H:17],,
0,-0.5451523366862026,RESP2,b3lyp-d3bj/dzvp,,0.4,O,hf,1,[H:16][C:7]1([C:6]([C:5]([C:4]([C:9]([C:8]1([H:18])[H:19])([H:20])[H:21])([H:11])[C:2](=[O:1])[O:3][H:10])([H:12])[H:13])([H:14])[H:15])[H:17],,
1,0.5596015078114656,RESP2,b3lyp-d3bj/dzvp,,0.4,C,hf,2,[H:16][C:7]1([C:6]([C:5]([C:4]([C:9]([C:8]1([H:18])[H:19])([H:20])[H:21])([H:11])[C:2](=[O:1])[O:3][H:10])([H:12])[H:13])([H:14])[H:15])[H:17],,
2,-0.5959784128821602,RESP2,b3lyp-d3bj/dzvp,,0.4,O,hf,3,[H:16][C:7]1([C:6]([C:5]([C:4]([C:9]([C:8]1([H:18])[H:19])([H:20])[H:21])([H:11])[C:2](=[O:1])[O:3][H:10])([H:12])[H:13])([H:14])[H:15])[H:17],,
3,0.09747081261051876,RESP2,b3lyp-d3bj/dzvp,,0.4,C,hf,4,[H:16][C:7]1([C:6]([C:5]([C:4]([C:9]([C:8]1([H:18])[H:19])([H:20])[H:21])([H:11])[C:2](=[O:1])[O:3][H:10])([H:12])[H:13])([H:14])[H:15])[H:17],,
4,-0.01913366833715682,RESP2,b3lyp-d3bj/dzvp,,0.4,C,hf,5,[H:16][C:7]1([C:6]([C:5]([C:4]([C:9]([C:8]1([H:18])[H:19])([H:20])[H:21])([H:11])[C:2](=[O:1])[O:3][H:10])([H:12])[H:13])([H:14])[H:15])[H:17],,
5,0.01541959932243673,RESP2,b3lyp-d3bj/dzvp,,0.4,C,hf,6,[H:16][C:7]1([C:6]([C:5]([C:4]([C:9]([C:8]1([H:18])[H:19])([H:20])[H:21])([H:11])[C:2](=[O:1])[O:3][H:10])([H:12])[H:13])([H:14])[H:15])[H:17],,
6,0.004062187558453045,RESP2,b3lyp-d3bj/dzvp,,0.4,C,hf,7,[H:16][C:7]1([C:6]([C:5]([C:4]([C:9]([C:8]1([H:18])[H:19])([H:20])[H:21])([H:11])[C:2](=[O:1])[O:3][H:10])([H:12])[H:13])([H:14])[H:15])[H:17],,
7,0.03245053131122206,RESP2,b3lyp-d3bj/dzvp,,0.4,C,hf,8,[H:16][C:7]1([C:6]([C:5]([C:4]([C:9]([C:8]1([H:18])[H:19])([H:20])[H:21])([H:11])[C:2](=[O:1])[O:3][H:10])([H:12])[H:13])([H:14])[H:15])[H:17],,
8,-0.02021878058901389,RESP2,b3lyp-d3bj/dzvp,,0.4,C,hf,9,[H:16][C:7]1([C:6]([C:5]([C:4]([C:9]([C:8]1([H:18])[H:19])([H:20])[H:21])([H:11])[C:2](=[O:1])[O:3][H:10])([H:12])[H:13])([H:14])[H:15])[H:17],,
9,0.448139179221818,RESP2,b3lyp-d3bj/dzvp,,0.4,H,hf,10,[H:16][C:7]1([C:6]([C:5]([C:4]([C:9]([C:8]1([H:18])[H:19])([H:20])[H:21])([H:11])[C:2](=[O:1])[O:3][H:10])([H:12])[H:13])([H:14])[H:15])[H:17],,
10,0.004030901970110442,RESP2,b3lyp-d3bj/dzvp,,0.4,H,hf,11,[H:16][C:7]1([C:6]([C:5]([C:4]([C:9]([C:8]1([H:18])[H:19])([H:20])[H:21])([H:11])[C:2](=[O:1])[O:3][H:10])([H:12])[H:13])([H:14])[H:15])[H:17],,
11,0.011637626900675843,RESP2,b3lyp-d3bj/dzvp,,0.4,H,hf,12,[H:16][C:7]1([C:6]([C:5]([C:4]([C:9]([C:8]1([H:18])[H:19])([H:20])[H:21])([H:11])[C:2](=[O:1])[O:3][H:10])([H:12])[H:13])([H:14])[H:15])[H:17],,
12,0.005865314693329155,RESP2,b3lyp-d3bj/dzvp,,0.4,H,hf,13,[H:16][C:7]1([C:6]([C:5]([C:4]([C:9]([C:8]1([H:18])[H:19])([H:20])[H:21])([H:11])[C:2](=[O:1])[O:3][H:10])([H:12])[H:13])([H:14])[H:15])[H:17],,
13,0.000408405137711704,RESP2,b3lyp-d3bj/dzvp,,0.4,H,hf,14,[H:16][C:7]1([C:6]([C:5]([C:4]([C:9]([C:8]1([H:18])[H:19])([H:20])[H:21])([H:11])[C:2](=[O:1])[O:3][H:10])([H:12])[H:13])([H:14])[H:15])[H:17],,
14,-0.00037768555251653616,RESP2,b3lyp-d3bj/dzvp,,0.4,H,hf,15,[H:16][C:7]1([C:6]([C:5]([C:4]([C:9]([C:8]1([H:18])[H:19])([H:20])[H:21])([H:11])[C:2](=[O:1])[O:3][H:10])([H:12])[H:13])([H:14])[H:15])[H:17],,
15,-0.004111768971810479,RESP2,b3lyp-d3bj/dzvp,,0.4,H,hf,16,[H:16][C:7]1([C:6]([C:5]([C:4]([C:9]([C:8]1([H:18])[H:19])([H:20])[H:21])([H:11])[C:2](=[O:1])[O:3][H:10])([H:12])[H:13])([H:14])[H:15])[H:17],,
16,0.0007773978579915936,RESP2,b3lyp-d3bj/dzvp,,0.4,H,hf,17,[H:16][C:7]1([C:6]([C:5]([C:4]([C:9]([C:8]1([H:18])[H:19])([H:20])[H:21])([H:11])[C:2](=[O:1])[O:3][H:10])([H:12])[H:13])([H:14])[H:15])[H:17],,
17,-0.005513195029221079,RESP2,b3lyp-d3bj/dzvp,,0.4,H,hf,18,[H:16][C:7]1([C:6]([C:5]([C:4]([C:9]([C:8]1([H:18])[H:19])([H:20])[H:21])([H:11])[C:2](=[O:1])[O:3][H:10])([H:12])[H:13])([H:14])[H:15])[H:17],,
18,-0.00804533713760033,RESP2,b3lyp-d3bj/dzvp,,0.4,H,hf,19,[H:16][C:7]1([C:6]([C:5]([C:4]([C:9]([C:8]1([H:18])[H:19])([H:20])[H:21])([H:11])[C:2](=[O:1])[O:3][H:10])([H:12])[H:13])([H:14])[H:15])[H:17],,
19,0.009774015123498302,RESP2,b3lyp-d3bj/dzvp,,0.4,H,hf,20,[H:16][C:7]1([C:6]([C:5]([C:4]([C:9]([C:8]1([H:18])[H:19])([H:20])[H:21])([H:11])[C:2](=[O:1])[O:3][H:10])([H:12])[H:13])([H:14])[H:15])[H:17],,
20,0.00889370566645066,RESP2,b3lyp-d3bj/dzvp,,0.4,H,hf,21,[H:16][C:7]1([C:6]([C:5]([C:4]([C:9]([C:8]1([H:18])[H:19])([H:20])[H:21])([H:11])[C:2](=[O:1])[O:3][H:10])([H:12])[H:13])([H:14])[H:15])[H:17],,
0,-0.5487779551484457,RESP2,b3lyp-d3bj/dzvp,,0.45,O,hf,1,[H:16][C:7]1([C:6]([C:5]([C:4]([C:9]([C:8]1([H:18])[H:19])([H:20])[H:21])([H:11])[C:2](=[O:1])[O:3][H:10])([H:12])[H:13])([H:14])[H:15])[H:17],,
1,0.5619501422446382,RESP2,b3lyp-d3bj/dzvp,,0.45,C,hf,2,[H:16][C:7]1([C:6]([C:5]([C:4]([C:9]([C:8]1([H:18])[H:19])([H:20])[H:21])([H:11])[C:2](=[O:1])[O:3][H:10])([H:12])[H:13])([H:14])[H:15])[H:17],,
2,-0.597601177512533,RESP2,b3lyp-d3bj/dzvp,,0.45,O,hf,3,[H:16][C:7]1([C:6]([C:5]([C:4]([C:9]([C:8]1([H:18])[H:19])([H:20])[H:21])([H:11])[C:2](=[O:1])[O:3][H:10])([H:12])[H:13])([H:14])[H:15])[H:17],,
3,0.0955869724689418,RESP2,b3lyp-d3bj/dzvp,,0.45,C,hf,4,[H:16][C:7]1([C:6]([C:5]([C:4]([C:9]([C:8]1([H:18])[H:19])([H:20])[H:21])([H:11])[C:2](=[O:1])[O:3][H:10])([H:12])[H:13])([H:14])[H:15])[H:17],,
4,-0.018450525323470367,RESP2,b3lyp-d3bj/dzvp,,0.45,C,hf,5,[H:16][C:7]1([C:6]([C:5]([C:4]([C:9]([C:8]1([H:18])[H:19])([H:20])[H:21])([H:11])[C:2](=[O:1])[O:3][H:10])([H:12])[H:13])([H:14])[H:15])[H:17],,
5,0.015707193418349953,RESP2,b3lyp-d3bj/dzvp,,0.45,C,hf,6,[H:16][C:7]1([C:6]([C:5]([C:4]([C:9]([C:8]1([H:18])[H:19])([H:20])[H:21])([H:11])[C:2](=[O:1])[O:3][H:10])([H:12])[H:13])([H:14])[H:15])[H:17],,
6,0.006490942465483889,RESP2,b3lyp-d3bj/dzvp,,0.45,C,hf,7,[H:16][C:7]1([C:6]([C:5]([C:4]([C:9]([C:8]1([H:18])[H:19])([H:20])[H:21])([H:11])[C:2](=[O:1])[O:3][H:10])([H:12])[H:13])([H:14])[H:15])[H:17],,
7,0.030619478663264036,RESP2,b3lyp-d3bj/dzvp,,0.45,C,hf,8,[H:16][C:7]1([C:6]([C:5]([C:4]([C:9]([C:8]1([H:18])[H:19])([H:20])[H:21])([H:11])[C:2](=[O:1])[O:3][H:10])([H:12])[H:13])([H:14])[H:15])[H:17],,
8,-0.018861765319810615,RESP2,b3lyp-d3bj/dzvp,,0.45,C,hf,9,[H:16][C:7]1([C:6]([C:5]([C:4]([C:9]([C:8]1([H:18])[H:19])([H:20])[H:21])([H:11])[C:2](=[O:1])[O:3][H:10])([H:12])[H:13])([H:14])[H:15])[H:17],,
9,0.45020740214995275,RESP2,b3lyp-d3bj/dzvp,,0.45,H,hf,10,[H:16][C:7]1([C:6]([C:5]([C:4]([C:9]([C:8]1([H:18])[H:19])([H:20])[H:21])([H:11])[C:2](=[O:1])[O:3][H:10])([H:12])[H:13])([H:14])[H:15])[H:17],,
10,0.00519147099483065,RESP2,b3lyp-d3bj/dzvp,,0.45,H,hf,11,[H:16][C:7]1([C:6]([C:5]([C:4]([C:9]([C:8]1([H:18])[H:19])([H:20])[H:21])([H:11])[C:2](=[O:1])[O:3][H:10])([H:12])[H:13])([H:14])[H:15])[H:17],,
11,0.011388437263200452,RESP2,b3lyp-d3bj/dzvp,,0.45,H,hf,12,[H:16][C:7]1([C:6]([C:5]([C:4]([C:9]([C:8]1([H:18])[H:19])([H:20])[H:21])([H:11])[C:2](=[O:1])[O:3][H:10])([H:12])[H:13])([H:14])[H:15])[H:17],,
12,0.006079811698200793,RESP2,b3lyp-d3bj/dzvp,,0.45,H,hf,13,[H:16][C:7]1([C:6]([C:5]([C:4]([C:9]([C:8]1([H:18])[H:19])([H:20])[H:21])([H:11])[C:2](=[O:1])[O:3][H:10])([H:12])[H:13])([H:14])[H:15])[H:17],,
13,0.00018132532248427865,RESP2,b3lyp-d3bj/dzvp,,0.45,H,hf,14,[H:16][C:7]1([C:6]([C:5]([C:4]([C:9]([C:8]1([H:18])[H:19])([H:20])[H:21])([H:11])[C:2](=[O:1])[O:3][H:10])([H:12])[H:13])([H:14])[H:15])[H:17],,
14,-0.0007004323234081097,RESP2,b3lyp-d3bj/dzvp,,0.45,H,hf,15,[H:16][C:7]1([C:6]([C:5]([C:4]([C:9]([C:8]1([H:18])[H:19])([H:20])[H:21])([H:11])[C:2](=[O:1])[O:3][H:10])([H:12])[H:13])([H:14])[H:15])[H:17],,
15,-0.004733187372471778,RESP2,b3lyp-d3bj/dzvp,,0.45,H,hf,16,[H:16][C:7]1([C:6]([C:5]([C:4]([C:9]([C:8]1([H:18])[H:19])([H:20])[H:21])([H:11])[C:2](=[O:1])[O:3][H:10])([H:12])[H:13])([H:14])[H:15])[H:17],,
16,0.00013754241982745196,RESP2,b3lyp-d3bj/dzvp,,0.45,H,hf,17,[H:16][C:7]1([C:6]([C:5]([C:4]([C:9]([C:8]1([H:18])[H:19])([H:20])[H:21])([H:11])[C:2](=[O:1])[O:3][H:10])([H:12])[H:13])([H:14])[H:15])[H:17],,
17,-0.00508353007390012,RESP2,b3lyp-d3bj/dzvp,,0.45,H,hf,18,[H:16][C:7]1([C:6]([C:5]([C:4]([C:9]([C:8]1([H:18])[H:19])([H:20])[H:21])([H:11])[C:2](=[O:1])[O:3][H:10])([H:12])[H:13])([H:14])[H:15])[H:17],,
18,-0.007616554917842412,RESP2,b3lyp-d3bj/dzvp,,0.45,H,hf,19,[H:16][C:7]1([C:6]([C:5]([C:4]([C:9]([C:8]1([H:18])[H:19])([H:20])[H:21])([H:11])[C:2](=[O:1])[O:3][H:10])([H:12])[H:13])([H:14])[H:15])[H:17],,
19,0.009511327832695492,RESP2,b3lyp-d3bj/dzvp,,0.45,H,hf,20,[H:16][C:7]1([C:6]([C:5]([C:4]([C:9]([C:8]1([H:18])[H:19])([H:20])[H:21])([H:11])[C:2](=[O:1])[O:3][H:10])([H:12])[H:13])([H:14])[H:15])[H:17],,
20,0.008773081050012553,RESP2,b3lyp-d3bj/dzvp,,0.45,H,hf,21,[H:16][C:7]1([C:6]([C:5]([C:4]([C:9]([C:8]1([H:18])[H:19])([H:20])[H:21])([H:11])[C:2](=[O:1])[O:3][H:10])([H:12])[H:13])([H:14])[H:15])[H:17],,
0,-0.552403573610689,RESP2,b3lyp-d3bj/dzvp,,0.5,O,hf,1,[H:16][C:7]1([C:6]([C:5]([C:4]([C:9]([C:8]1([H:18])[H:19])([H:20])[H:21])([H:11])[C:2](=[O:1])[O:3][H:10])([H:12])[H:13])([H:14])[H:15])[H:17],,
1,0.5642987766778107,RESP2,b3lyp-d3bj/dzvp,,0.5,C,hf,2,[H:16][C:7]1([C:6]([C:5]([C:4]([C:9]([C:8]1([H:18])[H:19])([H:20])[H:21])([H:11])[C:2](=[O:1])[O:3][H:10])([H:12])[H:13])([H:14])[H:15])[H:17],,
2,-0.5992239421429059,RESP2,b3lyp-d3bj/dzvp,,0.5,O,hf,3,[H:16][C:7]1([C:6]([C:5]([C:4]([C:9]([C:8]1([H:18])[H:19])([H:20])[H:21])([H:11])[C:2](=[O:1])[O:3][H:10])([H:12])[H:13])([H:14])[H:15])[H:17],,
3,0.09370313232736481,RESP2,b3lyp-d3bj/dzvp,,0.5,C,hf,4,[H:16][C:7]1([C:6]([C:5]([C:4]([C:9]([C:8]1([H:18])[H:19])([H:20])[H:21])([H:11])[C:2](=[O:1])[O:3][H:10])([H:12])[H:13])([H:14])[H:15])[H:17],,
4,-0.01776738230978391,RESP2,b3lyp-d3bj/dzvp,,0.5,C,hf,5,[H:16][C:7]1([C:6]([C:5]([C:4]([C:9]([C:8]1([H:18])[H:19])([H:20])[H:21])([H:11])[C:2](=[O:1])[O:3][H:10])([H:12])[H:13])([H:14])[H:15])[H:17],,
5,0.015994787514263177,RESP2,b3lyp-d3bj/dzvp,,0.5,C,hf,6,[H:16][C:7]1([C:6]([C:5]([C:4]([C:9]([C:8]1([H:18])[H:19])([H:20])[H:21])([H:11])[C:2](=[O:1])[O:3][H:10])([H:12])[H:13])([H:14])[H:15])[H:17],,
6,0.008919697372514732,RESP2,b3lyp-d3bj/dzvp,,0.5,C,hf,7,[H:16][C:7]1([C:6]([C:5]([C:4]([C:9]([C:8]1([H:18])[H:19])([H:20])[H:21])([H:11])[C:2](=[O:1])[O:3][H:10])([H:12])[H:13])([H:14])[H:15])[H:17],,
7,0.028788426015306005,RESP2,b3lyp-d3bj/dzvp,,0.5,C,hf,8,[H:16][C:7]1([C:6]([C:5]([C:4]([C:9]([C:8]1([H:18])[H:19])([H:20])[H:21])([H:11])[C:2](=[O:1])[O:3][H:10])([H:12])[H:13])([H:14])[H:15])[H:17],,
8,-0.017504750050607337,RESP2,b3lyp-d3bj/dzvp,,0.5,C,hf,9,[H:16][C:7]1([C:6]([C:5]([C:4]([C:9]([C:8]1([H:18])[H:19])([H:20])[H:21])([H:11])[C:2](=[O:1])[O:3][H:10])([H:12])[H:13])([H:14])[H:15])[H:17],,
9,0.4522756250780875,RESP2,b3lyp-d3bj/dzvp,,0.5,H,hf,10,[H:16][C:7]1([C:6]([C:5]([C:4]([C:9]([C:8]1([H:18])[H:19])([H:20])[H:21])([H:11])[C:2](=[O:1])[O:3][H:10])([H:12])[H:13])([H:14])[H:15])[H:17],,
10,0.006352040019550857,RESP2,b3lyp-d3bj/dzvp,,0.5,H,hf,11,[H:16][C:7]1([C:6]([C:5]([C:4]([C:9]([C:8]1([H:18])[H:19])([H:20])[H:21])([H:11])[C:2](=[O:1])[O:3][H:10])([H:12])[H:13])([H:14])[H:15])[H:17],,
11,0.011139247625725062,RESP2,b3lyp-d3bj/dzvp,,0.5,H,hf,12,[H:16][C:7]1([C:6]([C:5]([C:4]([C:9]([C:8]1([H:18])[H:19])([H:20])[H:21])([H:11])[C:2](=[O:1])[O:3][H:10])([H:12])[H:13])([H:14])[H:15])[H:17],,
12,0.00629430870307243,RESP2,b3lyp-d3bj/dzvp,,0.5,H,hf,13,[H:16][C:7]1([C:6]([C:5]([C:4]([C:9]([C:8]1([H:18])[H:19])([H:20])[H:21])([H:11])[C:2](=[O:1])[O:3][H:10])([H:12])[H:13])([H:14])[H:15])[H:17],,
13,-4.575449274314721e-05,RESP2,b3lyp-d3bj/dzvp,,0.5,H,hf,14,[H:16][C:7]1([C:6]([C:5]([C:4]([C:9]([C:8]1([H:18])[H:19])([H:20])[H:21])([H:11])[C:2](=[O:1])[O:3][H:10])([H:12])[H:13])([H:14])[H:15])[H:17],,
14,-0.0010231790942996834,RESP2,b3lyp-d3bj/dzvp,,0.5,H,hf,15,[H:16][C:7]1([C:6]([C:5]([C:4]([C:9]([C:8]1([H:18])[H:19])([H:20])[H:21])([H:11])[C:2](=[O:1])[O:3][H:10])([H:12])[H:13])([H:14])[H:15])[H:17],,
15,-0.005354605773133077,RESP2,b3lyp-d3bj/dzvp,,0.5,H,hf,16,[H:16][C:7]1([C:6]([C:5]([C:4]([C:9]([C:8]1([H:18])[H:19])([H:20])[H:21])([H:11])[C:2](=[O:1])[O:3][H:10])([H:12])[H:13])([H:14])[H:15])[H:17],,
16,-0.0005023130183366907,RESP2,b3lyp-d3bj/dzvp,,0.5,H,hf,17,[H:16][C:7]1([C:6]([C:5]([C:4]([C:9]([C:8]1([H:18])[H:19])([H:20])[H:21])([H:11])[C:2](=[O:1])[O:3][H:10])([H:12])[H:13])([H:14])[H:15])[H:17],,
17,-0.004653865118579161,RESP2,b3lyp-d3bj/dzvp,,0.5,H,hf,18,[H:16][C:7]1([C:6]([C:5]([C:4]([C:9]([C:8]1([H:18])[H:19])([H:20])[H:21])([H:11])[C:2](=[O:1])[O:3][H:10])([H:12])[H:13])([H:14])[H:15])[H:17],,
18,-0.0071877726980844915,RESP2,b3lyp-d3bj/dzvp,,0.5,H,hf,19,[H:16][C:7]1([C:6]([C:5]([C:4]([C:9]([C:8]1([H:18])[H:19])([H:20])[H:21])([H:11])[C:2](=[O:1])[O:3][H:10])([H:12])[H:13])([H:14])[H:15])[H:17],,
19,0.00924864054189268,RESP2,b3lyp-d3bj/dzvp,,0.5,H,hf,20,[H:16][C:7]1([C:6]([C:5]([C:4]([C:9]([C:8]1([H:18])[H:19])([H:20])[H:21])([H:11])[C:2](=[O:1])[O:3][H:10])([H:12])[H:13])([H:14])[H:15])[H:17],,
20,0.008652456433574447,RESP2,b3lyp-d3bj/dzvp,,0.5,H,hf,21,[H:16][C:7]1([C:6]([C:5]([C:4]([C:9]([C:8]1([H:18])[H:19])([H:20])[H:21])([H:11])[C:2](=[O:1])[O:3][H:10])([H:12])[H:13])([H:14])[H:15])[H:17],,
0,-0.5560291920729322,RESP2,b3lyp-d3bj/dzvp,,0.55,O,hf,1,[H:16][C:7]1([C:6]([C:5]([C:4]([C:9]([C:8]1([H:18])[H:19])([H:20])[H:21])([H:11])[C:2](=[O:1])[O:3][H:10])([H:12])[H:13])([H:14])[H:15])[H:17],,
1,0.5666474111109833,RESP2,b3lyp-d3bj/dzvp,,0.55,C,hf,2,[H:16][C:7]1([C:6]([C:5]([C:4]([C:9]([C:8]1([H:18])[H:19])([H:20])[H:21])([H:11])[C:2](=[O:1])[O:3][H:10])([H:12])[H:13])([H:14])[H:15])[H:17],,
2,-0.6008467067732788,RESP2,b3lyp-d3bj/dzvp,,0.55,O,hf,3,[H:16][C:7]1([C:6]([C:5]([C:4]([C:9]([C:8]1([H:18])[H:19])([H:20])[H:21])([H:11])[C:2](=[O:1])[O:3][H:10])([H:12])[H:13])([H:14])[H:15])[H:17],,
3,0.09181929218578784,RESP2,b3lyp-d3bj/dzvp,,0.55,C,hf,4,[H:16][C:7]1([C:6]([C:5]([C:4]([C:9]([C:8]1([H:18])[H:19])([H:20])[H:21])([H:11])[C:2](=[O:1])[O:3][H:10])([H:12])[H:13])([H:14])[H:15])[H:17],,
4,-0.017084239296097457,RESP2,b3lyp-d3bj/dzvp,,0.55,C,hf,5,[H:16][C:7]1([C:6]([C:5]([C:4]([C:9]([C:8]1([H:18])[H:19])([H:20])[H:21])([H:11])[C:2](=[O:1])[O:3][H:10])([H:12])[H:13])([H:14])[H:15])[H:17],,
5,0.016282381610176398,RESP2,b3lyp-d3bj/dzvp,,0.55,C,hf,6,[H:16][C:7]1([C:6]([C:5]([C:4]([C:9]([C:8]1([H:18])[H:19])([H:20])[H:21])([H:11])[C:2](=[O:1])[O:3][H:10])([H:12])[H:13])([H:14])[H:15])[H:17],,
6,0.011348452279545574,RESP2,b3lyp-d3bj/dzvp,,0.55,C,hf,7,[H:16][C:7]1([C:6]([C:5]([C:4]([C:9]([C:8]1([H:18])[H:19])([H:20])[H:21])([H:11])[C:2](=[O:1])[O:3][H:10])([H:12])[H:13])([H:14])[H:15])[H:17],,
7,0.026957373367347975,RESP2,b3lyp-d3bj/dzvp,,0.55,C,hf,8,[H:16][C:7]1([C:6]([C:5]([C:4]([C:9]([C:8]1([H:18])[H:19])([H:20])[H:21])([H:11])[C:2](=[O:1])[O:3][H:10])([H:12])[H:13])([H:14])[H:15])[H:17],,
8,-0.016147734781404063,RESP2,b3lyp-d3bj/dzvp,,0.55,C,hf,9,[H:16][C:7]1([C:6]([C:5]([C:4]([C:9]([C:8]1([H:18])[H:19])([H:20])[H:21])([H:11])[C:2](=[O:1])[O:3][H:10])([H:12])[H:13])([H:14])[H:15])[H:17],,
9,0.4543438480062222,RESP2,b3lyp-d3bj/dzvp,,0.55,H,hf,10,[H:16][C:7]1([C:6]([C:5]([C:4]([C:9]([C:8]1([H:18])[H:19])([H:20])[H:21])([H:11])[C:2](=[O:1])[O:3][H:10])([H:12])[H:13])([H:14])[H:15])[H:17],,
10,0.007512609044271063,RESP2,b3lyp-d3bj/dzvp,,0.55,H,hf,11,[H:16][C:7]1([C:6]([C:5]([C:4]([C:9]([C:8]1([H:18])[H:19])([H:20])[H:21])([H:11])[C:2](=[O:1])[O:3][H:10])([H:12])[H:13])([H:14])[H:15])[H:17],,
11,0.01089005798824967,RESP2,b3lyp-d3bj/dzvp,,0.55,H,hf,12,[H:16][C:7]1([C:6]([C:5]([C:4]([C:9]([C:8]1([H:18])[H:19])([H:20])[H:21])([H:11])[C:2](=[O:1])[O:3][H:10])([H:12])[H:13])([H:14])[H:15])[H:17],,
12,0.006508805707944065,RESP2,b3lyp-d3bj/dzvp,,0.55,H,hf,13,[H:16][C:7]1([C:6]([C:5]([C:4]([C:9]([C:8]1([H:18])[H:19])([H:20])[H:21])([H:11])[C:2](=[O:1])[O:3][H:10])([H:12])[H:13])([H:14])[H:15])[H:17],,
13,-0.0002728343079705758,RESP2,b3lyp-d3bj/dzvp,,0.55,H,hf,14,[H:16][C:7]1([C:6]([C:5]([C:4]([C:9]([C:8]1([H:18])[H:19])([H:20])[H:21])([H:11])[C:2](=[O:1])[O:3][H:10])([H:12])[H:13])([H:14])[H:15])[H:17],,
14,-0.0013459258651912604,RESP2,b3lyp-d3bj/dzvp,,0.55,H,hf,15,[H:16][C:7]1([C:6]([C:5]([C:4]([C:9]([C:8]1([H:18])[H:19])([H:20])[H:21])([H:11])[C:2](=[O:1])[O:3][H:10])([H:12])[H:13])([H:14])[H:15])[H:17],,
15,-0.005976024173794379,RESP2,b3lyp-d3bj/dzvp,,0.55,H,hf,16,[H:16][C:7]1([C:6]([C:5]([C:4]([C:9]([C:8]1([H:18])[H:19])([H:20])[H:21])([H:11])[C:2](=[O:1])[O:3][H:10])([H:12])[H:13])([H:14])[H:15])[H:17],,
16,-0.0011421684565008363,RESP2,b3lyp-d3bj/dzvp,,0.55,H,hf,17,[H:16][C:7]1([C:6]([C:5]([C:4]([C:9]([C:8]1([H:18])[H:19])([H:20])[H:21])([H:11])[C:2](=[O:1])[O:3][H:10])([H:12])[H:13])([H:14])[H:15])[H:17],,
17,-0.004224200163258206,RESP2,b3lyp-d3bj/dzvp,,0.55,H,hf,18,[H:16][C:7]1([C:6]([C:5]([C:4]([C:9]([C:8]1([H:18])[H:19])([H:20])[H:21])([H:11])[C:2](=[O:1])[O:3][H:10])([H:12])[H:13])([H:14])[H:15])[H:17],,
18,-0.006758990478326575,RESP2,b3lyp-d3bj/dzvp,,0.55,H,hf,19,[H:16][C:7]1([C:6]([C:5]([C:4]([C:9]([C:8]1([H:18])[H:19])([H:20])[H:21])([H:11])[C:2](=[O:1])[O:3][H:10])([H:12])[H:13])([H:14])[H:15])[H:17],,
19,0.008985953251089867,RESP2,b3lyp-d3bj/dzvp,,0.55,H,hf,20,[H:16][C:7]1([C:6]([C:5]([C:4]([C:9]([C:8]1([H:18])[H:19])([H:20])[H:21])([H:11])[C:2](=[O:1])[O:3][H:10])([H:12])[H:13])([H:14])[H:15])[H:17],,
20,0.008531831817136336,RESP2,b3lyp-d3bj/dzvp,,0.55,H,hf,21,[H:16][C:7]1([C:6]([C:5]([C:4]([C:9]([C:8]1([H:18])[H:19])([H:20])[H:21])([H:11])[C:2](=[O:1])[O:3][H:10])([H:12])[H:13])([H:14])[H:15])[H:17],,
0,-0.5596548105351755,RESP2,b3lyp-d3bj/dzvp,,0.6000000000000001,O,hf,1,[H:16][C:7]1([C:6]([C:5]([C:4]([C:9]([C:8]1([H:18])[H:19])([H:20])[H:21])([H:11])[C:2](=[O:1])[O:3][H:10])([H:12])[H:13])([H:14])[H:15])[H:17],,
1,0.5689960455441558,RESP2,b3lyp-d3bj/dzvp,,0.6000000000000001,C,hf,2,[H:16][C:7]1([C:6]([C:5]([C:4]([C:9]([C:8]1([H:18])[H:19])([H:20])[H:21])([H:11])[C:2](=[O:1])[O:3][H:10])([H:12])[H:13])([H:14])[H:15])[H:17],,
2,-0.6024694714036516,RESP2,b3lyp-d3bj/dzvp,,0.6000000000000001,O,hf,3,[H:16][C:7]1([C:6]([C:5]([C:4]([C:9]([C:8]1([H:18])[H:19])([H:20])[H:21])([H:11])[C:2](=[O:1])[O:3][H:10])([H:12])[H:13])([H:14])[H:15])[H:17],,
3,0.08993545204421087,RESP2,b3lyp-d3bj/dzvp,,0.6000000000000001,C,hf,4,[H:16][C:7]1([C:6]([C:5]([C:4]([C:9]([C:8]1([H:18])[H:19])([H:20])[H:21])([H:11])[C:2](=[O:1])[O:3][H:10])([H:12])[H:13])([H:14])[H:15])[H:17],,
4,-0.01640109628241099,RESP2,b3lyp-d3bj/dzvp,,0.6000000000000001,C,hf,5,[H:16][C:7]1([C:6]([C:5]([C:4]([C:9]([C:8]1([H:18])[H:19])([H:20])[H:21])([H:11])[C:2](=[O:1])[O:3][H:10])([H:12])[H:13])([H:14])[H:15])[H:17],,
5,0.016569975706089632,RESP2,b3lyp-d3bj/dzvp,,0.6000000000000001,C,hf,6,[H:16][C:7]1([C:6]([C:5]([C:4]([C:9]([C:8]1([H:18])[H:19])([H:20])[H:21])([H:11])[C:2](=[O:1])[O:3][H:10])([H:12])[H:13])([H:14])[H:15])[H:17],,
6,0.013777207186576428,RESP2,b3lyp-d3bj/dzvp,,0.6000000000000001,C,hf,7,[H:16][C:7]1([C:6]([C:5]([C:4]([C:9]([C:8]1([H:18])[H:19])([H:20])[H:21])([H:11])[C:2](=[O:1])[O:3][H:10])([H:12])[H:13])([H:14])[H:15])[H:17],,
7,0.02512632071938995,RESP2,b3lyp-d3bj/dzvp,,0.6000000000000001,C,hf,8,[H:16][C:7]1([C:6]([C:5]([C:4]([C:9]([C:8]1([H:18])[H:19])([H:20])[H:21])([H:11])[C:2](=[O:1])[O:3][H:10])([H:12])[H:13])([H:14])[H:15])[H:17],,
8,-0.014790719512200776,RESP2,b3lyp-d3bj/dzvp,,0.6000000000000001,C,hf,9,[H:16][C:7]1([C:6]([C:5]([C:4]([C:9]([C:8]1([H:18])[H:19])([H:20])[H:21])([H:11])[C:2](=[O:1])[O:3][H:10])([H:12])[H:13])([H:14])[H:15])[H:17],,
9,0.45641207093435693,RESP2,b3lyp-d3bj/dzvp,,0.6000000000000001,H,hf,10,[H:16][C:7]1([C:6]([C:5]([C:4]([C:9]([C:8]1([H:18])[H:19])([H:20])[H:21])([H:11])[C:2](=[O:1])[O:3][H:10])([H:12])[H:13])([H:14])[H:15])[H:17],,
10,0.00867317806899128,RESP2,b3lyp-d3bj/dzvp,,0.6000000000000001,H,hf,11,[H:16][C:7]1([C:6]([C:5]([C:4]([C:9]([C:8]1([H:18])[H:19])([H:20])[H:21])([H:11])[C:2](=[O:1])[O:3][H:10])([H:12])[H:13])([H:14])[H:15])[H:17],,
11,0.010640868350774284,RESP2,b3lyp-d3bj/dzvp,,0.6000000000000001,H,hf,12,[H:16][C:7]1([C:6]([C:5]([C:4]([C:9]([C:8]1([H:18])[H:19])([H:20])[H:21])([H:11])[C:2](=[O:1])[O:3][H:10])([H:12])[H:13])([H:14])[H:15])[H:17],,
12,0.006723302712815711,RESP2,b3lyp-d3bj/dzvp,,0.6000000000000001,H,hf,13,[H:16][C:7]1([C:6]([C:5]([C:4]([C:9]([C:8]1([H:18])[H:19])([H:20])[H:21])([H:11])[C:2](=[O:1])[O:3][H:10])([H:12])[H:13])([H:14])[H:15])[H:17],,
13,-0.0004999141231979935,RESP2,b3lyp-d3bj/dzvp,,0.6000000000000001,H,hf,14,[H:16][C:7]1([C:6]([C:5]([C:4]([C:9]([C:8]1([H:18])[H:19])([H:20])[H:21])([H:11])[C:2](=[O:1])[O:3][H:10])([H:12])[H:13])([H:14])[H:15])[H:17],,
14,-0.0016686726360828261,RESP2,b3lyp-d3bj/dzvp,,0.6000000000000001,H,hf,15,[H:16][C:7]1([C:6]([C:5]([C:4]([C:9]([C:8]1([H:18])[H:19])([H:20])[H:21])([H:11])[C:2](=[O:1])[O:3][H:10])([H:12])[H:13])([H:14])[H:15])[H:17],,
15,-0.00659744257445567,RESP2,b3lyp-d3bj/dzvp,,0.6000000000000001,H,hf,16,[H:16][C:7]1([C:6]([C:5]([C:4]([C:9]([C:8]1([H:18])[H:19])([H:20])[H:21])([H:11])[C:2](=[O:1])[O:3][H:10])([H:12])[H:13])([H:14])[H:15])[H:17],,
16,-0.0017820238946649712,RESP2,b3lyp-d3bj/dzvp,,0.6000000000000001,H,hf,17,[H:16][C:7]1([C:6]([C:5]([C:4]([C:9]([C:8]1([H:18])[H:19])([H:20])[H:21])([H:11])[C:2](=[O:1])[O:3][H:10])([H:12])[H:13])([H:14])[H:15])[H:17],,
17,-0.0037945352079372377,RESP2,b3lyp-d3bj/dzvp,,0.6000000000000001,H,hf,18,[H:16][C:7]1([C:6]([C:5]([C:4]([C:9]([C:8]1([H:18])[H:19])([H:20])[H:21])([H:11])[C:2](=[O:1])[O:3][H:10])([H:12])[H:13])([H:14])[H:15])[H:17],,
18,-0.006330208258568646,RESP2,b3lyp-d3bj/dzvp,,0.6000000000000001,H,hf,19,[H:16][C:7]1([C:6]([C:5]([C:4]([C:9]([C:8]1([H:18])[H:19])([H:20])[H:21])([H:11])[C:2](=[O:1])[O:3][H:10])([H:12])[H:13])([H:14])[H:15])[H:17],,
19,0.008723265960287064,RESP2,b3lyp-d3bj/dzvp,,0.6000000000000001,H,hf,20,[H:16][C:7]1([C:6]([C:5]([C:4]([C:9]([C:8]1([H:18])[H:19])([H:20])[H:21])([H:11])[C:2](=[O:1])[O:3][H:10])([H:12])[H:13])([H:14])[H:15])[H:17],,
20,0.008411207200698236,RESP2,b3lyp-d3bj/dzvp,,0.6000000000000001,H,hf,21,[H:16][C:7]1([C:6]([C:5]([C:4]([C:9]([C:8]1([H:18])[H:19])([H:20])[H:21])([H:11])[C:2](=[O:1])[O:3][H:10])([H:12])[H:13])([H:14])[H:15])[H:17],,
0,-0.5632804289974188,RESP2,b3lyp-d3bj/dzvp,,0.65,O,hf,1,[H:16][C:7]1([C:6]([C:5]([C:4]([C:9]([C:8]1([H:18])[H:19])([H:20])[H:21])([H:11])[C:2](=[O:1])[O:3][H:10])([H:12])[H:13])([H:14])[H:15])[H:17],,
1,0.5713446799773284,RESP2,b3lyp-d3bj/dzvp,,0.65,C,hf,2,[H:16][C:7]1([C:6]([C:5]([C:4]([C:9]([C:8]1([H:18])[H:19])([H:20])[H:21])([H:11])[C:2](=[O:1])[O:3][H:10])([H:12])[H:13])([H:14])[H:15])[H:17],,
2,-0.6040922360340244,RESP2,b3lyp-d3bj/dzvp,,0.65,O,hf,3,[H:16][C:7]1([C:6]([C:5]([C:4]([C:9]([C:8]1([H:18])[H:19])([H:20])[H:21])([H:11])[C:2](=[O:1])[O:3][H:10])([H:12])[H:13])([H:14])[H:15])[H:17],,
3,0.08805161190263391,RESP2,b3lyp-d3bj/dzvp,,0.65,C,hf,4,[H:16][C:7]1([C:6]([C:5]([C:4]([C:9]([C:8]1([H:18])[H:19])([H:20])[H:21])([H:11])[C:2](=[O:1])[O:3][H:10])([H:12])[H:13])([H:14])[H:15])[H:17],,
4,-0.015717953268724535,RESP2,b3lyp-d3bj/dzvp,,0.65,C,hf,5,[H:16][C:7]1([C:6]([C:5]([C:4]([C:9]([C:8]1([H:18])[H:19])([H:20])[H:21])([H:11])[C:2](=[O:1])[O:3][H:10])([H:12])[H:13])([H:14])[H:15])[H:17],,
5,0.016857569802002852,RESP2,b3lyp-d3bj/dzvp,,0.65,C,hf,6,[H:16][C:7]1([C:6]([C:5]([C:4]([C:9]([C:8]1([H:18])[H:19])([H:20])[H:21])([H:11])[C:2](=[O:1])[O:3][H:10])([H:12])[H:13])([H:14])[H:15])[H:17],,
6,0.01620596209360727,RESP2,b3lyp-d3bj/dzvp,,0.65,C,hf,7,[H:16][C:7]1([C:6]([C:5]([C:4]([C:9]([C:8]1([H:18])[H:19])([H:20])[H:21])([H:11])[C:2](=[O:1])[O:3][H:10])([H:12])[H:13])([H:14])[H:15])[H:17],,
7,0.023295268071431927,RESP2,b3lyp-d3bj/dzvp,,0.65,C,hf,8,[H:16][C:7]1([C:6]([C:5]([C:4]([C:9]([C:8]1([H:18])[H:19])([H:20])[H:21])([H:11])[C:2](=[O:1])[O:3][H:10])([H:12])[H:13])([H:14])[H:15])[H:17],,
8,-0.0134337042429975,RESP2,b3lyp-d3bj/dzvp,,0.65,C,hf,9,[H:16][C:7]1([C:6]([C:5]([C:4]([C:9]([C:8]1([H:18])[H:19])([H:20])[H:21])([H:11])[C:2](=[O:1])[O:3][H:10])([H:12])[H:13])([H:14])[H:15])[H:17],,
9,0.4584802938624916,RESP2,b3lyp-d3bj/dzvp,,0.65,H,hf,10,[H:16][C:7]1([C:6]([C:5]([C:4]([C:9]([C:8]1([H:18])[H:19])([H:20])[H:21])([H:11])[C:2](=[O:1])[O:3][H:10])([H:12])[H:13])([H:14])[H:15])[H:17],,
10,0.009833747093711487,RESP2,b3lyp-d3bj/dzvp,,0.65,H,hf,11,[H:16][C:7]1([C:6]([C:5]([C:4]([C:9]([C:8]1([H:18])[H:19])([H:20])[H:21])([H:11])[C:2](=[O:1])[O:3][H:10])([H:12])[H:13])([H:14])[H:15])[H:17],,
11,0.010391678713298897,RESP2,b3lyp-d3bj/dzvp,,0.65,H,hf,12,[H:16][C:7]1([C:6]([C:5]([C:4]([C:9]([C:8]1([H:18])[H:19])([H:20])[H:21])([H:11])[C:2](=[O:1])[O:3][H:10])([H:12])[H:13])([H:14])[H:15])[H:17],,
12,0.006937799717687348,RESP2,b3lyp-d3bj/dzvp,,0.65,H,hf,13,[H:16][C:7]1([C:6]([C:5]([C:4]([C:9]([C:8]1([H:18])[H:19])([H:20])[H:21])([H:11])[C:2](=[O:1])[O:3][H:10])([H:12])[H:13])([H:14])[H:15])[H:17],,
13,-0.000726993938425419,RESP2,b3lyp-d3bj/dzvp,,0.65,H,hf,14,[H:16][C:7]1([C:6]([C:5]([C:4]([C:9]([C:8]1([H:18])[H:19])([H:20])[H:21])([H:11])[C:2](=[O:1])[O:3][H:10])([H:12])[H:13])([H:14])[H:15])[H:17],,
14,-0.0019914194069744,RESP2,b3lyp-d3bj/dzvp,,0.65,H,hf,15,[H:16][C:7]1([C:6]([C:5]([C:4]([C:9]([C:8]1([H:18])[H:19])([H:20])[H:21])([H:11])[C:2](=[O:1])[O:3][H:10])([H:12])[H:13])([H:14])[H:15])[H:17],,
15,-0.007218860975116969,RESP2,b3lyp-d3bj/dzvp,,0.65,H,hf,16,[H:16][C:7]1([C:6]([C:5]([C:4]([C:9]([C:8]1([H:18])[H:19])([H:20])[H:21])([H:11])[C:2](=[O:1])[O:3][H:10])([H:12])[H:13])([H:14])[H:15])[H:17],,
16,-0.002421879332829113,RESP2,b3lyp-d3bj/dzvp,,0.65,H,hf,17,[H:16][C:7]1([C:6]([C:5]([C:4]([C:9]([C:8]1([H:18])[H:19])([H:20])[H:21])([H:11])[C:2](=[O:1])[O:3][H:10])([H:12])[H:13])([H:14])[H:15])[H:17],,
17,-0.0033648702526162793,RESP2,b3lyp-d3bj/dzvp,,0.65,H,hf,18,[H:16][C:7]1([C:6]([C:5]([C:4]([C:9]([C:8]1([H:18])[H:19])([H:20])[H:21])([H:11])[C:2](=[O:1])[O:3][H:10])([H:12])[H:13])([H:14])[H:15])[H:17],,
18,-0.005901426038810727,RESP2,b3lyp-d3bj/dzvp,,0.65,H,hf,19,[H:16][C:7]1([C:6]([C:5]([C:4]([C:9]([C:8]1([H:18])[H:19])([H:20])[H:21])([H:11])[C:2](=[O:1])[O:3][H:10])([H:12])[H:13])([H:14])[H:15])[H:17],,
19,0.008460578669484256,RESP2,b3lyp-d3bj/dzvp,,0.65,H,hf,20,[H:16][C:7]1([C:6]([C:5]([C:4]([C:9]([C:8]1([H:18])[H:19])([H:20])[H:21])([H:11])[C:2](=[O:1])[O:3][H:10])([H:12])[H:13])([H:14])[H:15])[H:17],,
20,0.008290582584260131,RESP2,b3lyp-d3bj/dzvp,,0.65,H,hf,21,[H:16][C:7]1([C:6]([C:5]([C:4]([C:9]([C:8]1([H:18])[H:19])([H:20])[H:21])([H:11])[C:2](=[O:1])[O:3][H:10])([H:12])[H:13])([H:14])[H:15])[H:17],,
0,-0.5669060474596619,RESP2,b3lyp-d3bj/dzvp,,0.7000000000000001,O,hf,1,[H:16][C:7]1([C:6]([C:5]([C:4]([C:9]([C:8]1([H:18])[H:19])([H:20])[H:21])([H:11])[C:2](=[O:1])[O:3][H:10])([H:12])[H:13])([H:14])[H:15])[H:17],,
1,0.5736933144105011,RESP2,b3lyp-d3bj/dzvp,,0.7000000000000001,C,hf,2,[H:16][C:7]1([C:6]([C:5]([C:4]([C:9]([C:8]1([H:18])[H:19])([H:20])[H:21])([H:11])[C:2](=[O:1])[O:3][H:10])([H:12])[H:13])([H:14])[H:15])[H:17],,
2,-0.6057150006643972,RESP2,b3lyp-d3bj/dzvp,,0.7000000000000001,O,hf,3,[H:16][C:7]1([C:6]([C:5]([C:4]([C:9]([C:8]1([H:18])[H:19])([H:20])[H:21])([H:11])[C:2](=[O:1])[O:3][H:10])([H:12])[H:13])([H:14])[H:15])[H:17],,
3,0.08616777176105693,RESP2,b3lyp-d3bj/dzvp,,0.7000000000000001,C,hf,4,[H:16][C:7]1([C:6]([C:5]([C:4]([C:9]([C:8]1([H:18])[H:19])([H:20])[H:21])([H:11])[C:2](=[O:1])[O:3][H:10])([H:12])[H:13])([H:14])[H:15])[H:17],,
4,-0.015034810255038082,RESP2,b3lyp-d3bj/dzvp,,0.7000000000000001,C,hf,5,[H:16][C:7]1([C:6]([C:5]([C:4]([C:9]([C:8]1([H:18])[H:19])([H:20])[H:21])([H:11])[C:2](=[O:1])[O:3][H:10])([H:12])[H:13])([H:14])[H:15])[H:17],,
5,0.017145163897916076,RESP2,b3lyp-d3bj/dzvp,,0.7000000000000001,C,hf,6,[H:16][C:7]1([C:6]([C:5]([C:4]([C:9]([C:8]1([H:18])[H:19])([H:20])[H:21])([H:11])[C:2](=[O:1])[O:3][H:10])([H:12])[H:13])([H:14])[H:15])[H:17],,
6,0.01863471700063811,RESP2,b3lyp-d3bj/dzvp,,0.7000000000000001,C,hf,7,[H:16][C:7]1([C:6]([C:5]([C:4]([C:9]([C:8]1([H:18])[H:19])([H:20])[H:21])([H:11])[C:2](=[O:1])[O:3][H:10])([H:12])[H:13])([H:14])[H:15])[H:17],,
7,0.021464215423473893,RESP2,b3lyp-d3bj/dzvp,,0.7000000000000001,C,hf,8,[H:16][C:7]1([C:6]([C:5]([C:4]([C:9]([C:8]1([H:18])[H:19])([H:20])[H:21])([H:11])[C:2](=[O:1])[O:3][H:10])([H:12])[H:13])([H:14])[H:15])[H:17],,
8,-0.012076688973794224,RESP2,b3lyp-d3bj/dzvp,,0.7000000000000001,C,hf,9,[H:16][C:7]1([C:6]([C:5]([C:4]([C:9]([C:8]1([H:18])[H:19])([H:20])[H:21])([H:11])[C:2](=[O:1])[O:3][H:10])([H:12])[H:13])([H:14])[H:15])[H:17],,
9,0.4605485167906263,RESP2,b3lyp-d3bj/dzvp,,0.7000000000000001,H,hf,10,[H:16][C:7]1([C:6]([C:5]([C:4]([C:9]([C:8]1([H:18])[H:19])([H:20])[H:21])([H:11])[C:2](=[O:1])[O:3][H:10])([H:12])[H:13])([H:14])[H:15])[H:17],,
10,0.010994316118431692,RESP2,b3lyp-d3bj/dzvp,,0.7000000000000001,H,hf,11,[H:16][C:7]1([C:6]([C:5]([C:4]([C:9]([C:8]1([H:18])[H:19])([H:20])[H:21])([H:11])[C:2](=[O:1])[O:3][H:10])([H:12])[H:13])([H:14])[H:15])[H:17],,
11,0.010142489075823503,RESP2,b3lyp-d3bj/dzvp,,0.7000000000000001,H,hf,12,[H:16][C:7]1([C:6]([C:5]([C:4]([C:9]([C:8]1([H:18])[H:19])([H:20])[H:21])([H:11])[C:2](=[O:1])[O:3][H:10])([H:12])[H:13])([H:14])[H:15])[H:17],,
12,0.007152296722558983,RESP2,b3lyp-d3bj/dzvp,,0.7000000000000001,H,hf,13,[H:16][C:7]1([C:6]([C:5]([C:4]([C:9]([C:8]1([H:18])[H:19])([H:20])[H:21])([H:11])[C:2](=[O:1])[O:3][H:10])([H:12])[H:13])([H:14])[H:15])[H:17],,
13,-0.0009540737536528474,RESP2,b3lyp-d3bj/dzvp,,0.7000000000000001,H,hf,14,[H:16][C:7]1([C:6]([C:5]([C:4]([C:9]([C:8]1([H:18])[H:19])([H:20])[H:21])([H:11])[C:2](=[O:1])[O:3][H:10])([H:12])[H:13])([H:14])[H:15])[H:17],,
14,-0.0023141661778659757,RESP2,b3lyp-d3bj/dzvp,,0.7000000000000001,H,hf,15,[H:16][C:7]1([C:6]([C:5]([C:4]([C:9]([C:8]1([H:18])[H:19])([H:20])[H:21])([H:11])[C:2](=[O:1])[O:3][H:10])([H:12])[H:13])([H:14])[H:15])[H:17],,
15,-0.007840279375778272,RESP2,b3lyp-d3bj/dzvp,,0.7000000000000001,H,hf,16,[H:16][C:7]1([C:6]([C:5]([C:4]([C:9]([C:8]1([H:18])[H:19])([H:20])[H:21])([H:11])[C:2](=[O:1])[O:3][H:10])([H:12])[H:13])([H:14])[H:15])[H:17],,
16,-0.003061734770993258,RESP2,b3lyp-d3bj/dzvp,,0.7000000000000001,H,hf,17,[H:16][C:7]1([C:6]([C:5]([C:4]([C:9]([C:8]1([H:18])[H:19])([H:20])[H:21])([H:11])[C:2](=[O:1])[O:3][H:10])([H:12])[H:13])([H:14])[H:15])[H:17],,
17,-0.0029352052972953227,RESP2,b3lyp-d3bj/dzvp,,0.7000000000000001,H,hf,18,[H:16][C:7]1([C:6]([C:5]([C:4]([C:9]([C:8]1([H:18])[H:19])([H:20])[H:21])([H:11])[C:2](=[O:1])[O:3][H:10])([H:12])[H:13])([H:14])[H:15])[H:17],,
18,-0.005472643819052809,RESP2,b3lyp-d3bj/dzvp,,0.7000000000000001,H,hf,19,[H:16][C:7]1([C:6]([C:5]([C:4]([C:9]([C:8]1([H:18])[H:19])([H:20])[H:21])([H:11])[C:2](=[O:1])[O:3][H:10])([H:12])[H:13])([H:14])[H:15])[H:17],,
19,0.008197891378681443,RESP2,b3lyp-d3bj/dzvp,,0.7000000000000001,H,hf,20,[H:16][C:7]1([C:6]([C:5]([C:4]([C:9]([C:8]1([H:18])[H:19])([H:20])[H:21])([H:11])[C:2](=[O:1])[O:3][H:10])([H:12])[H:13])([H:14])[H:15])[H:17],,
20,0.008169957967822019,RESP2,b3lyp-d3bj/dzvp,,0.7000000000000001,H,hf,21,[H:16][C:7]1([C:6]([C:5]([C:4]([C:9]([C:8]1([H:18])[H:19])([H:20])[H:21])([H:11])[C:2](=[O:1])[O:3][H:10])([H:12])[H:13])([H:14])[H:15])[H:17],,
0,-0.5705316659219052,RESP2,b3lyp-d3bj/dzvp,,0.75,O,hf,1,[H:16][C:7]1([C:6]([C:5]([C:4]([C:9]([C:8]1([H:18])[H:19])([H:20])[H:21])([H:11])[C:2](=[O:1])[O:3][H:10])([H:12])[H:13])([H:14])[H:15])[H:17],,
1,0.5760419488436737,RESP2,b3lyp-d3bj/dzvp,,0.75,C,hf,2,[H:16][C:7]1([C:6]([C:5]([C:4]([C:9]([C:8]1([H:18])[H:19])([H:20])[H:21])([H:11])[C:2](=[O:1])[O:3][H:10])([H:12])[H:13])([H:14])[H:15])[H:17],,
2,-0.60733776529477,RESP2,b3lyp-d3bj/dzvp,,0.75,O,hf,3,[H:16][C:7]1([C:6]([C:5]([C:4]([C:9]([C:8]1([H:18])[H:19])([H:20])[H:21])([H:11])[C:2](=[O:1])[O:3][H:10])([H:12])[H:13])([H:14])[H:15])[H:17],,
3,0.08428393161947995,RESP2,b3lyp-d3bj/dzvp,,0.75,C,hf,4,[H:16][C:7]1([C:6]([C:5]([C:4]([C:9]([C:8]1([H:18])[H:19])([H:20])[H:21])([H:11])[C:2](=[O:1])[O:3][H:10])([H:12])[H:13])([H:14])[H:15])[H:17],,
4,-0.014351667241351635,RESP2,b3lyp-d3bj/dzvp,,0.75,C,hf,5,[H:16][C:7]1([C:6]([C:5]([C:4]([C:9]([C:8]1([H:18])[H:19])([H:20])[H:21])([H:11])[C:2](=[O:1])[O:3][H:10])([H:12])[H:13])([H:14])[H:15])[H:17],,
5,0.017432757993829293,RESP2,b3lyp-d3bj/dzvp,,0.75,C,hf,6,[H:16][C:7]1([C:6]([C:5]([C:4]([C:9]([C:8]1([H:18])[H:19])([H:20])[H:21])([H:11])[C:2](=[O:1])[O:3][H:10])([H:12])[H:13])([H:14])[H:15])[H:17],,
6,0.021063471907668944,RESP2,b3lyp-d3bj/dzvp,,0.75,C,hf,7,[H:16][C:7]1([C:6]([C:5]([C:4]([C:9]([C:8]1([H:18])[H:19])([H:20])[H:21])([H:11])[C:2](=[O:1])[O:3][H:10])([H:12])[H:13])([H:14])[H:15])[H:17],,
7,0.019633162775515862,RESP2,b3lyp-d3bj/dzvp,,0.75,C,hf,8,[H:16][C:7]1([C:6]([C:5]([C:4]([C:9]([C:8]1([H:18])[H:19])([H:20])[H:21])([H:11])[C:2](=[O:1])[O:3][H:10])([H:12])[H:13])([H:14])[H:15])[H:17],,
8,-0.010719673704590958,RESP2,b3lyp-d3bj/dzvp,,0.75,C,hf,9,[H:16][C:7]1([C:6]([C:5]([C:4]([C:9]([C:8]1([H:18])[H:19])([H:20])[H:21])([H:11])[C:2](=[O:1])[O:3][H:10])([H:12])[H:13])([H:14])[H:15])[H:17],,
9,0.46261673971876105,RESP2,b3lyp-d3bj/dzvp,,0.75,H,hf,10,[H:16][C:7]1([C:6]([C:5]([C:4]([C:9]([C:8]1([H:18])[H:19])([H:20])[H:21])([H:11])[C:2](=[O:1])[O:3][H:10])([H:12])[H:13])([H:14])[H:15])[H:17],,
10,0.01215488514315189,RESP2,b3lyp-d3bj/dzvp,,0.75,H,hf,11,[H:16][C:7]1([C:6]([C:5]([C:4]([C:9]([C:8]1([H:18])[H:19])([H:20])[H:21])([H:11])[C:2](=[O:1])[O:3][H:10])([H:12])[H:13])([H:14])[H:15])[H:17],,
11,0.009893299438348106,RESP2,b3lyp-d3bj/dzvp,,0.75,H,hf,12,[H:16][C:7]1([C:6]([C:5]([C:4]([C:9]([C:8]1([H:18])[H:19])([H:20])[H:21])([H:11])[C:2](=[O:1])[O:3][H:10])([H:12])[H:13])([H:14])[H:15])[H:17],,
12,0.007366793727430612,RESP2,b3lyp-d3bj/dzvp,,0.75,H,hf,13,[H:16][C:7]1([C:6]([C:5]([C:4]([C:9]([C:8]1([H:18])[H:19])([H:20])[H:21])([H:11])[C:2](=[O:1])[O:3][H:10])([H:12])[H:13])([H:14])[H:15])[H:17],,
13,-0.0011811535688802809,RESP2,b3lyp-d3bj/dzvp,,0.75,H,hf,14,[H:16][C:7]1([C:6]([C:5]([C:4]([C:9]([C:8]1([H:18])[H:19])([H:20])[H:21])([H:11])[C:2](=[O:1])[O:3][H:10])([H:12])[H:13])([H:14])[H:15])[H:17],,
14,-0.0026369129487575577,RESP2,b3lyp-d3bj/dzvp,,0.75,H,hf,15,[H:16][C:7]1([C:6]([C:5]([C:4]([C:9]([C:8]1([H:18])[H:19])([H:20])[H:21])([H:11])[C:2](=[O:1])[O:3][H:10])([H:12])[H:13])([H:14])[H:15])[H:17],,
15,-0.008461697776439576,RESP2,b3lyp-d3bj/dzvp,,0.75,H,hf,16,[H:16][C:7]1([C:6]([C:5]([C:4]([C:9]([C:8]1([H:18])[H:19])([H:20])[H:21])([H:11])[C:2](=[O:1])[O:3][H:10])([H:12])[H:13])([H:14])[H:15])[H:17],,
16,-0.003701590209157408,RESP2,b3lyp-d3bj/dzvp,,0.75,H,hf,17,[H:16][C:7]1([C:6]([C:5]([C:4]([C:9]([C:8]1([H:18])[H:19])([H:20])[H:21])([H:11])[C:2](=[O:1])[O:3][H:10])([H:12])[H:13])([H:14])[H:15])[H:17],,
17,-0.002505540341974373,RESP2,b3lyp-d3bj/dzvp,,0.75,H,hf,18,[H:16][C:7]1([C:6]([C:5]([C:4]([C:9]([C:8]1([H:18])[H:19])([H:20])[H:21])([H:11])[C:2](=[O:1])[O:3][H:10])([H:12])[H:13])([H:14])[H:15])[H:17],,
18,-0.005043861599294899,RESP2,b3lyp-d3bj/dzvp,,0.75,H,hf,19,[H:16][C:7]1([C:6]([C:5]([C:4]([C:9]([C:8]1([H:18])[H:19])([H:20])[H:21])([H:11])[C:2](=[O:1])[O:3][H:10])([H:12])[H:13])([H:14])[H:15])[H:17],,
19,0.007935204087878626,RESP2,b3lyp-d3bj/dzvp,,0.75,H,hf,20,[H:16][C:7]1([C:6]([C:5]([C:4]([C:9]([C:8]1([H:18])[H:19])([H:20])[H:21])([H:11])[C:2](=[O:1])[O:3][H:10])([H:12])[H:13])([H:14])[H:15])[H:17],,
20,0.008049333351383907,RESP2,b3lyp-d3bj/dzvp,,0.75,H,hf,21,[H:16][C:7]1([C:6]([C:5]([C:4]([C:9]([C:8]1([H:18])[H:19])([H:20])[H:21])([H:11])[C:2](=[O:1])[O:3][H:10])([H:12])[H:13])([H:14])[H:15])[H:17],,
0,-0.5741572843841485,RESP2,b3lyp-d3bj/dzvp,,0.8,O,hf,1,[H:16][C:7]1([C:6]([C:5]([C:4]([C:9]([C:8]1([H:18])[H:19])([H:20])[H:21])([H:11])[C:2](=[O:1])[O:3][H:10])([H:12])[H:13])([H:14])[H:15])[H:17],,
1,0.5783905832768462,RESP2,b3lyp-d3bj/dzvp,,0.8,C,hf,2,[H:16][C:7]1([C:6]([C:5]([C:4]([C:9]([C:8]1([H:18])[H:19])([H:20])[H:21])([H:11])[C:2](=[O:1])[O:3][H:10])([H:12])[H:13])([H:14])[H:15])[H:17],,
2,-0.6089605299251429,RESP2,b3lyp-d3bj/dzvp,,0.8,O,hf,3,[H:16][C:7]1([C:6]([C:5]([C:4]([C:9]([C:8]1([H:18])[H:19])([H:20])[H:21])([H:11])[C:2](=[O:1])[O:3][H:10])([H:12])[H:13])([H:14])[H:15])[H:17],,
3,0.08240009147790299,RESP2,b3lyp-d3bj/dzvp,,0.8,C,hf,4,[H:16][C:7]1([C:6]([C:5]([C:4]([C:9]([C:8]1([H:18])[H:19])([H:20])[H:21])([H:11])[C:2](=[O:1])[O:3][H:10])([H:12])[H:13])([H:14])[H:15])[H:17],,
4,-0.013668524227665178,RESP2,b3lyp-d3bj/dzvp,,0.8,C,hf,5,[H:16][C:7]1([C:6]([C:5]([C:4]([C:9]([C:8]1([H:18])[H:19])([H:20])[H:21])([H:11])[C:2](=[O:1])[O:3][H:10])([H:12])[H:13])([H:14])[H:15])[H:17],,
5,0.017720352089742517,RESP2,b3lyp-d3bj/dzvp,,0.8,C,hf,6,[H:16][C:7]1([C:6]([C:5]([C:4]([C:9]([C:8]1([H:18])[H:19])([H:20])[H:21])([H:11])[C:2](=[O:1])[O:3][H:10])([H:12])[H:13])([H:14])[H:15])[H:17],,
6,0.02349222681469979,RESP2,b3lyp-d3bj/dzvp,,0.8,C,hf,7,[H:16][C:7]1([C:6]([C:5]([C:4]([C:9]([C:8]1([H:18])[H:19])([H:20])[H:21])([H:11])[C:2](=[O:1])[O:3][H:10])([H:12])[H:13])([H:14])[H:15])[H:17],,
7,0.017802110127557832,RESP2,b3lyp-d3bj/dzvp,,0.8,C,hf,8,[H:16][C:7]1([C:6]([C:5]([C:4]([C:9]([C:8]1([H:18])[H:19])([H:20])[H:21])([H:11])[C:2](=[O:1])[O:3][H:10])([H:12])[H:13])([H:14])[H:15])[H:17],,
8,-0.00936265843538768,RESP2,b3lyp-d3bj/dzvp,,0.8,C,hf,9,[H:16][C:7]1([C:6]([C:5]([C:4]([C:9]([C:8]1([H:18])[H:19])([H:20])[H:21])([H:11])[C:2](=[O:1])[O:3][H:10])([H:12])[H:13])([H:14])[H:15])[H:17],,
9,0.4646849626468958,RESP2,b3lyp-d3bj/dzvp,,0.8,H,hf,10,[H:16][C:7]1([C:6]([C:5]([C:4]([C:9]([C:8]1([H:18])[H:19])([H:20])[H:21])([H:11])[C:2](=[O:1])[O:3][H:10])([H:12])[H:13])([H:14])[H:15])[H:17],,
10,0.013315454167872099,RESP2,b3lyp-d3bj/dzvp,,0.8,H,hf,11,[H:16][C:7]1([C:6]([C:5]([C:4]([C:9]([C:8]1([H:18])[H:19])([H:20])[H:21])([H:11])[C:2](=[O:1])[O:3][H:10])([H:12])[H:13])([H:14])[H:15])[H:17],,
11,0.009644109800872715,RESP2,b3lyp-d3bj/dzvp,,0.8,H,hf,12,[H:16][C:7]1([C:6]([C:5]([C:4]([C:9]([C:8]1([H:18])[H:19])([H:20])[H:21])([H:11])[C:2](=[O:1])[O:3][H:10])([H:12])[H:13])([H:14])[H:15])[H:17],,
12,0.00758129073230225,RESP2,b3lyp-d3bj/dzvp,,0.8,H,hf,13,[H:16][C:7]1([C:6]([C:5]([C:4]([C:9]([C:8]1([H:18])[H:19])([H:20])[H:21])([H:11])[C:2](=[O:1])[O:3][H:10])([H:12])[H:13])([H:14])[H:15])[H:17],,
13,-0.0014082333841077064,RESP2,b3lyp-d3bj/dzvp,,0.8,H,hf,14,[H:16][C:7]1([C:6]([C:5]([C:4]([C:9]([C:8]1([H:18])[H:19])([H:20])[H:21])([H:11])[C:2](=[O:1])[O:3][H:10])([H:12])[H:13])([H:14])[H:15])[H:17],,
14,-0.002959659719649132,RESP2,b3lyp-d3bj/dzvp,,0.8,H,hf,15,[H:16][C:7]1([C:6]([C:5]([C:4]([C:9]([C:8]1([H:18])[H:19])([H:20])[H:21])([H:11])[C:2](=[O:1])[O:3][H:10])([H:12])[H:13])([H:14])[H:15])[H:17],,
15,-0.009083116177100876,RESP2,b3lyp-d3bj/dzvp,,0.8,H,hf,16,[H:16][C:7]1([C:6]([C:5]([C:4]([C:9]([C:8]1([H:18])[H:19])([H:20])[H:21])([H:11])[C:2](=[O:1])[O:3][H:10])([H:12])[H:13])([H:14])[H:15])[H:17],,
16,-0.004341445647321551,RESP2,b3lyp-d3bj/dzvp,,0.8,H,hf,17,[H:16][C:7]1([C:6]([C:5]([C:4]([C:9]([C:8]1([H:18])[H:19])([H:20])[H:21])([H:11])[C:2](=[O:1])[O:3][H:10])([H:12])[H:13])([H:14])[H:15])[H:17],,
17,-0.002075875386653414,RESP2,b3lyp-d3bj/dzvp,,0.8,H,hf,18,[H:16][C:7]1([C:6]([C:5]([C:4]([C:9]([C:8]1([H:18])[H:19])([H:20])[H:21])([H:11])[C:2](=[O:1])[O:3][H:10])([H:12])[H:13])([H:14])[H:15])[H:17],,
18,-0.004615079379536978,RESP2,b3lyp-d3bj/dzvp,,0.8,H,hf,19,[H:16][C:7]1([C:6]([C:5]([C:4]([C:9]([C:8]1([H:18])[H:19])([H:20])[H:21])([H:11])[C:2](=[O:1])[O:3][H:10])([H:12])[H:13])([H:14])[H:15])[H:17],,
19,0.007672516797075815,RESP2,b3lyp-d3bj/dzvp,,0.8,H,hf,20,[H:16][C:7]1([C:6]([C:5]([C:4]([C:9]([C:8]1([H:18])[H:19])([H:20])[H:21])([H:11])[C:2](=[O:1])[O:3][H:10])([H:12])[H:13])([H:14])[H:15])[H:17],,
20,0.007928708734945798,RESP2,b3lyp-d3bj/dzvp,,0.8,H,hf,21,[H:16][C:7]1([C:6]([C:5]([C:4]([C:9]([C:8]1([H:18])[H:19])([H:20])[H:21])([H:11])[C:2](=[O:1])[O:3][H:10])([H:12])[H:13])([H:14])[H:15])[H:17],,
0,-0.5777829028463918,RESP2,b3lyp-d3bj/dzvp,,0.8500000000000001,O,hf,1,[H:16][C:7]1([C:6]([C:5]([C:4]([C:9]([C:8]1([H:18])[H:19])([H:20])[H:21])([H:11])[C:2](=[O:1])[O:3][H:10])([H:12])[H:13])([H:14])[H:15])[H:17],,
1,0.5807392177100189,RESP2,b3lyp-d3bj/dzvp,,0.8500000000000001,C,hf,2,[H:16][C:7]1([C:6]([C:5]([C:4]([C:9]([C:8]1([H:18])[H:19])([H:20])[H:21])([H:11])[C:2](=[O:1])[O:3][H:10])([H:12])[H:13])([H:14])[H:15])[H:17],,
2,-0.6105832945555157,RESP2,b3lyp-d3bj/dzvp,,0.8500000000000001,O,hf,3,[H:16][C:7]1([C:6]([C:5]([C:4]([C:9]([C:8]1([H:18])[H:19])([H:20])[H:21])([H:11])[C:2](=[O:1])[O:3][H:10])([H:12])[H:13])([H:14])[H:15])[H:17],,
3,0.08051625133632602,RESP2,b3lyp-d3bj/dzvp,,0.8500000000000001,C,hf,4,[H:16][C:7]1([C:6]([C:5]([C:4]([C:9]([C:8]1([H:18])[H:19])([H:20])[H:21])([H:11])[C:2](=[O:1])[O:3][H:10])([H:12])[H:13])([H:14])[H:15])[H:17],,
4,-0.012985381213978709,RESP2,b3lyp-d3bj/dzvp,,0.8500000000000001,C,hf,5,[H:16][C:7]1([C:6]([C:5]([C:4]([C:9]([C:8]1([H:18])[H:19])([H:20])[H:21])([H:11])[C:2](=[O:1])[O:3][H:10])([H:12])[H:13])([H:14])[H:15])[H:17],,
5,0.018007946185655748,RESP2,b3lyp-d3bj/dzvp,,0.8500000000000001,C,hf,6,[H:16][C:7]1([C:6]([C:5]([C:4]([C:9]([C:8]1([H:18])[H:19])([H:20])[H:21])([H:11])[C:2](=[O:1])[O:3][H:10])([H:12])[H:13])([H:14])[H:15])[H:17],,
6,0.025920981721730643,RESP2,b3lyp-d3bj/dzvp,,0.8500000000000001,C,hf,7,[H:16][C:7]1([C:6]([C:5]([C:4]([C:9]([C:8]1([H:18])[H:19])([H:20])[H:21])([H:11])[C:2](=[O:1])[O:3][H:10])([H:12])[H:13])([H:14])[H:15])[H:17],,
7,0.015971057479599815,RESP2,b3lyp-d3bj/dzvp,,0.8500000000000001,C,hf,8,[H:16][C:7]1([C:6]([C:5]([C:4]([C:9]([C:8]1([H:18])[H:19])([H:20])[H:21])([H:11])[C:2](=[O:1])[O:3][H:10])([H:12])[H:13])([H:14])[H:15])[H:17],,
8,-0.008005643166184389,RESP2,b3lyp-d3bj/dzvp,,0.8500000000000001,C,hf,9,[H:16][C:7]1([C:6]([C:5]([C:4]([C:9]([C:8]1([H:18])[H:19])([H:20])[H:21])([H:11])[C:2](=[O:1])[O:3][H:10])([H:12])[H:13])([H:14])[H:15])[H:17],,
9,0.46675318557503054,RESP2,b3lyp-d3bj/dzvp,,0.8500000000000001,H,hf,10,[H:16][C:7]1([C:6]([C:5]([C:4]([C:9]([C:8]1([H:18])[H:19])([H:20])[H:21])([H:11])[C:2](=[O:1])[O:3][H:10])([H:12])[H:13])([H:14])[H:15])[H:17],,
10,0.014476023192592318,RESP2,b3lyp-d3bj/dzvp,,0.8500000000000001,H,hf,11,[H:16][C:7]1([C:6]([C:5]([C:4]([C:9]([C:8]1([H:18])[H:19])([H:20])[H:21])([H:11])[C:2](=[O:1])[O:3][H:10])([H:12])[H:13])([H:14])[H:15])[H:17],,
11,0.009394920163397337,RESP2,b3lyp-d3bj/dzvp,,0.8500000000000001,H,hf,12,[H:16][C:7]1([C:6]([C:5]([C:4]([C:9]([C:8]1([H:18])[H:19])([H:20])[H:21])([H:11])[C:2](=[O:1])[O:3][H:10])([H:12])[H:13])([H:14])[H:15])[H:17],,
12,0.007795787737173898,RESP2,b3lyp-d3bj/dzvp,,0.8500000000000001,H,hf,13,[H:16][C:7]1([C:6]([C:5]([C:4]([C:9]([C:8]1([H:18])[H:19])([H:20])[H:21])([H:11])[C:2](=[O:1])[O:3][H:10])([H:12])[H:13])([H:14])[H:15])[H:17],,
13,-0.0016353131993351215,RESP2,b3lyp-d3bj/dzvp,,0.8500000000000001,H,hf,14,[H:16][C:7]1([C:6]([C:5]([C:4]([C:9]([C:8]1([H:18])[H:19])([H:20])[H:21])([H:11])[C:2](=[O:1])[O:3][H:10])([H:12])[H:13])([H:14])[H:15])[H:17],,
14,-0.0032824064905406947,RESP2,b3lyp-d3bj/dzvp,,0.8500000000000001,H,hf,15,[H:16][C:7]1([C:6]([C:5]([C:4]([C:9]([C:8]1([H:18])[H:19])([H:20])[H:21])([H:11])[C:2](=[O:1])[O:3][H:10])([H:12])[H:13])([H:14])[H:15])[H:17],,
15,-0.009704534577762164,RESP2,b3lyp-d3bj/dzvp,,0.8500000000000001,H,hf,16,[H:16][C:7]1([C:6]([C:5]([C:4]([C:9]([C:8]1([H:18])[H:19])([H:20])[H:21])([H:11])[C:2](=[O:1])[O:3][H:10])([H:12])[H:13])([H:14])[H:15])[H:17],,
16,-0.004981301085485683,RESP2,b3lyp-d3bj/dzvp,,0.8500000000000001,H,hf,17,[H:16][C:7]1([C:6]([C:5]([C:4]([C:9]([C:8]1([H:18])[H:19])([H:20])[H:21])([H:11])[C:2](=[O:1])[O:3][H:10])([H:12])[H:13])([H:14])[H:15])[H:17],,
17,-0.0016462104313324439,RESP2,b3lyp-d3bj/dzvp,,0.8500000000000001,H,hf,18,[H:16][C:7]1([C:6]([C:5]([C:4]([C:9]([C:8]1([H:18])[H:19])([H:20])[H:21])([H:11])[C:2](=[O:1])[O:3][H:10])([H:12])[H:13])([H:14])[H:15])[H:17],,
18,-0.004186297159779047,RESP2,b3lyp-d3bj/dzvp,,0.8500000000000001,H,hf,19,[H:16][C:7]1([C:6]([C:5]([C:4]([C:9]([C:8]1([H:18])[H:19])([H:20])[H:21])([H:11])[C:2](=[O:1])[O:3][H:10])([H:12])[H:13])([H:14])[H:15])[H:17],,
19,0.0074098295062730146,RESP2,b3lyp-d3bj/dzvp,,0.8500000000000001,H,hf,20,[H:16][C:7]1([C:6]([C:5]([C:4]([C:9]([C:8]1([H:18])[H:19])([H:20])[H:21])([H:11])[C:2](=[O:1])[O:3][H:10])([H:12])[H:13])([H:14])[H:15])[H:17],,
20,0.007808084118507703,RESP2,b3lyp-d3bj/dzvp,,0.8500000000000001,H,hf,21,[H:16][C:7]1([C:6]([C:5]([C:4]([C:9]([C:8]1([H:18])[H:19])([H:20])[H:21])([H:11])[C:2](=[O:1])[O:3][H:10])([H:12])[H:13])([H:14])[H:15])[H:17],,
0,-0.581408521308635,RESP2,b3lyp-d3bj/dzvp,,0.9,O,hf,1,[H:16][C:7]1([C:6]([C:5]([C:4]([C:9]([C:8]1([H:18])[H:19])([H:20])[H:21])([H:11])[C:2](=[O:1])[O:3][H:10])([H:12])[H:13])([H:14])[H:15])[H:17],,
1,0.5830878521431914,RESP2,b3lyp-d3bj/dzvp,,0.9,C,hf,2,[H:16][C:7]1([C:6]([C:5]([C:4]([C:9]([C:8]1([H:18])[H:19])([H:20])[H:21])([H:11])[C:2](=[O:1])[O:3][H:10])([H:12])[H:13])([H:14])[H:15])[H:17],,
2,-0.6122060591858886,RESP2,b3lyp-d3bj/dzvp,,0.9,O,hf,3,[H:16][C:7]1([C:6]([C:5]([C:4]([C:9]([C:8]1([H:18])[H:19])([H:20])[H:21])([H:11])[C:2](=[O:1])[O:3][H:10])([H:12])[H:13])([H:14])[H:15])[H:17],,
3,0.07863241119474904,RESP2,b3lyp-d3bj/dzvp,,0.9,C,hf,4,[H:16][C:7]1([C:6]([C:5]([C:4]([C:9]([C:8]1([H:18])[H:19])([H:20])[H:21])([H:11])[C:2](=[O:1])[O:3][H:10])([H:12])[H:13])([H:14])[H:15])[H:17],,
4,-0.012302238200292265,RESP2,b3lyp-d3bj/dzvp,,0.9,C,hf,5,[H:16][C:7]1([C:6]([C:5]([C:4]([C:9]([C:8]1([H:18])[H:19])([H:20])[H:21])([H:11])[C:2](=[O:1])[O:3][H:10])([H:12])[H:13])([H:14])[H:15])[H:17],,
5,0.01829554028156896,RESP2,b3lyp-d3bj/dzvp,,0.9,C,hf,6,[H:16][C:7]1([C:6]([C:5]([C:4]([C:9]([C:8]1([H:18])[H:19])([H:20])[H:21])([H:11])[C:2](=[O:1])[O:3][H:10])([H:12])[H:13])([H:14])[H:15])[H:17],,
6,0.028349736628761474,RESP2,b3lyp-d3bj/dzvp,,0.9,C,hf,7,[H:16][C:7]1([C:6]([C:5]([C:4]([C:9]([C:8]1([H:18])[H:19])([H:20])[H:21])([H:11])[C:2](=[O:1])[O:3][H:10])([H:12])[H:13])([H:14])[H:15])[H:17],,
7,0.01414000483164178,RESP2,b3lyp-d3bj/dzvp,,0.9,C,hf,8,[H:16][C:7]1([C:6]([C:5]([C:4]([C:9]([C:8]1([H:18])[H:19])([H:20])[H:21])([H:11])[C:2](=[O:1])[O:3][H:10])([H:12])[H:13])([H:14])[H:15])[H:17],,
8,-0.006648627896981125,RESP2,b3lyp-d3bj/dzvp,,0.9,C,hf,9,[H:16][C:7]1([C:6]([C:5]([C:4]([C:9]([C:8]1([H:18])[H:19])([H:20])[H:21])([H:11])[C:2](=[O:1])[O:3][H:10])([H:12])[H:13])([H:14])[H:15])[H:17],,
9,0.46882140850316517,RESP2,b3lyp-d3bj/dzvp,,0.9,H,hf,10,[H:16][C:7]1([C:6]([C:5]([C:4]([C:9]([C:8]1([H:18])[H:19])([H:20])[H:21])([H:11])[C:2](=[O:1])[O:3][H:10])([H:12])[H:13])([H:14])[H:15])[H:17],,
10,0.015636592217312513,RESP2,b3lyp-d3bj/dzvp,,0.9,H,hf,11,[H:16][C:7]1([C:6]([C:5]([C:4]([C:9]([C:8]1([H:18])[H:19])([H:20])[H:21])([H:11])[C:2](=[O:1])[O:3][H:10])([H:12])[H:13])([H:14])[H:15])[H:17],,
11,0.009145730525921936,RESP2,b3lyp-d3bj/dzvp,,0.9,H,hf,12,[H:16][C:7]1([C:6]([C:5]([C:4]([C:9]([C:8]1([H:18])[H:19])([H:20])[H:21])([H:11])[C:2](=[O:1])[O:3][H:10])([H:12])[H:13])([H:14])[H:15])[H:17],,
12,0.008010284742045525,RESP2,b3lyp-d3bj/dzvp,,0.9,H,hf,13,[H:16][C:7]1([C:6]([C:5]([C:4]([C:9]([C:8]1([H:18])[H:19])([H:20])[H:21])([H:11])[C:2](=[O:1])[O:3][H:10])([H:12])[H:13])([H:14])[H:15])[H:17],,
13,-0.0018623930145625575,RESP2,b3lyp-d3bj/dzvp,,0.9,H,hf,14,[H:16][C:7]1([C:6]([C:5]([C:4]([C:9]([C:8]1([H:18])[H:19])([H:20])[H:21])([H:11])[C:2](=[O:1])[O:3][H:10])([H:12])[H:13])([H:14])[H:15])[H:17],,
14,-0.0036051532614322784,RESP2,b3lyp-d3bj/dzvp,,0.9,H,hf,15,[H:16][C:7]1([C:6]([C:5]([C:4]([C:9]([C:8]1([H:18])[H:19])([H:20])[H:21])([H:11])[C:2](=[O:1])[O:3][H:10])([H:12])[H:13])([H:14])[H:15])[H:17],,
15,-0.010325952978423474,RESP2,b3lyp-d3bj/dzvp,,0.9,H,hf,16,[H:16][C:7]1([C:6]([C:5]([C:4]([C:9]([C:8]1([H:18])[H:19])([H:20])[H:21])([H:11])[C:2](=[O:1])[O:3][H:10])([H:12])[H:13])([H:14])[H:15])[H:17],,
16,-0.005621156523649835,RESP2,b3lyp-d3bj/dzvp,,0.9,H,hf,17,[H:16][C:7]1([C:6]([C:5]([C:4]([C:9]([C:8]1([H:18])[H:19])([H:20])[H:21])([H:11])[C:2](=[O:1])[O:3][H:10])([H:12])[H:13])([H:14])[H:15])[H:17],,
17,-0.0012165454760114964,RESP2,b3lyp-d3bj/dzvp,,0.9,H,hf,18,[H:16][C:7]1([C:6]([C:5]([C:4]([C:9]([C:8]1([H:18])[H:19])([H:20])[H:21])([H:11])[C:2](=[O:1])[O:3][H:10])([H:12])[H:13])([H:14])[H:15])[H:17],,
18,-0.003757514940021138,RESP2,b3lyp-d3bj/dzvp,,0.9,H,hf,19,[H:16][C:7]1([C:6]([C:5]([C:4]([C:9]([C:8]1([H:18])[H:19])([H:20])[H:21])([H:11])[C:2](=[O:1])[O:3][H:10])([H:12])[H:13])([H:14])[H:15])[H:17],,
19,0.007147142215470195,RESP2,b3lyp-d3bj/dzvp,,0.9,H,hf,20,[H:16][C:7]1([C:6]([C:5]([C:4]([C:9]([C:8]1([H:18])[H:19])([H:20])[H:21])([H:11])[C:2](=[O:1])[O:3][H:10])([H:12])[H:13])([H:14])[H:15])[H:17],,
20,0.0076874595020695845,RESP2,b3lyp-d3bj/dzvp,,0.9,H,hf,21,[H:16][C:7]1([C:6]([C:5]([C:4]([C:9]([C:8]1([H:18])[H:19])([H:20])[H:21])([H:11])[C:2](=[O:1])[O:3][H:10])([H:12])[H:13])([H:14])[H:15])[H:17],,
0,-0.5850341397708781,RESP2,b3lyp-d3bj/dzvp,,0.9500000000000001,O,hf,1,[H:16][C:7]1([C:6]([C:5]([C:4]([C:9]([C:8]1([H:18])[H:19])([H:20])[H:21])([H:11])[C:2](=[O:1])[O:3][H:10])([H:12])[H:13])([H:14])[H:15])[H:17],,
1,0.585436486576364,RESP2,b3lyp-d3bj/dzvp,,0.9500000000000001,C,hf,2,[H:16][C:7]1([C:6]([C:5]([C:4]([C:9]([C:8]1([H:18])[H:19])([H:20])[H:21])([H:11])[C:2](=[O:1])[O:3][H:10])([H:12])[H:13])([H:14])[H:15])[H:17],,
2,-0.6138288238162612,RESP2,b3lyp-d3bj/dzvp,,0.9500000000000001,O,hf,3,[H:16][C:7]1([C:6]([C:5]([C:4]([C:9]([C:8]1([H:18])[H:19])([H:20])[H:21])([H:11])[C:2](=[O:1])[O:3][H:10])([H:12])[H:13])([H:14])[H:15])[H:17],,
3,0.07674857105317207,RESP2,b3lyp-d3bj/dzvp,,0.9500000000000001,C,hf,4,[H:16][C:7]1([C:6]([C:5]([C:4]([C:9]([C:8]1([H:18])[H:19])([H:20])[H:21])([H:11])[C:2](=[O:1])[O:3][H:10])([H:12])[H:13])([H:14])[H:15])[H:17],,
4,-0.011619095186605815,RESP2,b3lyp-d3bj/dzvp,,0.9500000000000001,C,hf,5,[H:16][C:7]1([C:6]([C:5]([C:4]([C:9]([C:8]1([H:18])[H:19])([H:20])[H:21])([H:11])[C:2](=[O:1])[O:3][H:10])([H:12])[H:13])([H:14])[H:15])[H:17],,
5,0.018583134377482186,RESP2,b3lyp-d3bj/dzvp,,0.9500000000000001,C,hf,6,[H:16][C:7]1([C:6]([C:5]([C:4]([C:9]([C:8]1([H:18])[H:19])([H:20])[H:21])([H:11])[C:2](=[O:1])[O:3][H:10])([H:12])[H:13])([H:14])[H:15])[H:17],,
6,0.03077849153579232,RESP2,b3lyp-d3bj/dzvp,,0.9500000000000001,C,hf,7,[H:16][C:7]1([C:6]([C:5]([C:4]([C:9]([C:8]1([H:18])[H:19])([H:20])[H:21])([H:11])[C:2](=[O:1])[O:3][H:10])([H:12])[H:13])([H:14])[H:15])[H:17],,
7,0.012308952183683745,RESP2,b3lyp-d3bj/dzvp,,0.9500000000000001,C,hf,8,[H:16][C:7]1([C:6]([C:5]([C:4]([C:9]([C:8]1([H:18])[H:19])([H:20])[H:21])([H:11])[C:2](=[O:1])[O:3][H:10])([H:12])[H:13])([H:14])[H:15])[H:17],,
8,-0.0052916126277778525,RESP2,b3lyp-d3bj/dzvp,,0.9500000000000001,C,hf,9,[H:16][C:7]1([C:6]([C:5]([C:4]([C:9]([C:8]1([H:18])[H:19])([H:20])[H:21])([H:11])[C:2](=[O:1])[O:3][H:10])([H:12])[H:13])([H:14])[H:15])[H:17],,
9,0.4708896314312999,RESP2,b3lyp-d3bj/dzvp,,0.9500000000000001,H,hf,10,[H:16][C:7]1([C:6]([C:5]([C:4]([C:9]([C:8]1([H:18])[H:19])([H:20])[H:21])([H:11])[C:2](=[O:1])[O:3][H:10])([H:12])[H:13])([H:14])[H:15])[H:17],,
10,0.016797161242032718,RESP2,b3lyp-d3bj/dzvp,,0.9500000000000001,H,hf,11,[H:16][C:7]1([C:6]([C:5]([C:4]([C:9]([C:8]1([H:18])[H:19])([H:20])[H:21])([H:11])[C:2](=[O:1])[O:3][H:10])([H:12])[H:13])([H:14])[H:15])[H:17],,
11,0.00889654088844654,RESP2,b3lyp-d3bj/dzvp,,0.9500000000000001,H,hf,12,[H:16][C:7]1([C:6]([C:5]([C:4]([C:9]([C:8]1([H:18])[H:19])([H:20])[H:21])([H:11])[C:2](=[O:1])[O:3][H:10])([H:12])[H:13])([H:14])[H:15])[H:17],,
12,0.008224781746917157,RESP2,b3lyp-d3bj/dzvp,,0.9500000000000001,H,hf,13,[H:16][C:7]1([C:6]([C:5]([C:4]([C:9]([C:8]1([H:18])[H:19])([H:20])[H:21])([H:11])[C:2](=[O:1])[O:3][H:10])([H:12])[H:13])([H:14])[H:15])[H:17],,
13,-0.0020894728297899887,RESP2,b3lyp-d3bj/dzvp,,0.9500000000000001,H,hf,14,[H:16][C:7]1([C:6]([C:5]([C:4]([C:9]([C:8]1([H:18])[H:19])([H:20])[H:21])([H:11])[C:2](=[O:1])[O:3][H:10])([H:12])[H:13])([H:14])[H:15])[H:17],,
14,-0.003927900032323859,RESP2,b3lyp-d3bj/dzvp,,0.9500000000000001,H,hf,15,[H:16][C:7]1([C:6]([C:5]([C:4]([C:9]([C:8]1([H:18])[H:19])([H:20])[H:21])([H:11])[C:2](=[O:1])[O:3][H:10])([H:12])[H:13])([H:14])[H:15])[H:17],,
15,-0.010947371379084778,RESP2,b3lyp-d3bj/dzvp,,0.9500000000000001,H,hf,16,[H:16][C:7]1([C:6]([C:5]([C:4]([C:9]([C:8]1([H:18])[H:19])([H:20])[H:21])([H:11])[C:2](=[O:1])[O:3][H:10])([H:12])[H:13])([H:14])[H:15])[H:17],,
16,-0.006261011961813983,RESP2,b3lyp-d3bj/dzvp,,0.9500000000000001,H,hf,17,[H:16][C:7]1([C:6]([C:5]([C:4]([C:9]([C:8]1([H:18])[H:19])([H:20])[H:21])([H:11])[C:2](=[O:1])[O:3][H:10])([H:12])[H:13])([H:14])[H:15])[H:17],,
17,-0.0007868805206905427,RESP2,b3lyp-d3bj/dzvp,,0.9500000000000001,H,hf,18,[H:16][C:7]1([C:6]([C:5]([C:4]([C:9]([C:8]1([H:18])[H:19])([H:20])[H:21])([H:11])[C:2](=[O:1])[O:3][H:10])([H:12])[H:13])([H:14])[H:15])[H:17],,
18,-0.0033287327202632232,RESP2,b3lyp-d3bj/dzvp,,0.9500000000000001,H,hf,19,[H:16][C:7]1([C:6]([C:5]([C:4]([C:9]([C:8]1([H:18])[H:19])([H:20])[H:21])([H:11])[C:2](=[O:1])[O:3][H:10])([H:12])[H:13])([H:14])[H:15])[H:17],,
19,0.006884454924667379,RESP2,b3lyp-d3bj/dzvp,,0.9500000000000001,H,hf,20,[H:16][C:7]1([C:6]([C:5]([C:4]([C:9]([C:8]1([H:18])[H:19])([H:20])[H:21])([H:11])[C:2](=[O:1])[O:3][H:10])([H:12])[H:13])([H:14])[H:15])[H:17],,
20,0.007566834885631473,RESP2,b3lyp-d3bj/dzvp,,0.9500000000000001,H,hf,21,[H:16][C:7]1([C:6]([C:5]([C:4]([C:9]([C:8]1([H:18])[H:19])([H:20])[H:21])([H:11])[C:2](=[O:1])[O:3][H:10])([H:12])[H:13])([H:14])[H:15])[H:17],,
0,-0.5886597582331214,RESP2,b3lyp-d3bj/dzvp,,1.0,O,hf,1,[H:16][C:7]1([C:6]([C:5]([C:4]([C:9]([C:8]1([H:18])[H:19])([H:20])[H:21])([H:11])[C:2](=[O:1])[O:3][H:10])([H:12])[H:13])([H:14])[H:15])[H:17],,
1,0.5877851210095366,RESP2,b3lyp-d3bj/dzvp,,1.0,C,hf,2,[H:16][C:7]1([C:6]([C:5]([C:4]([C:9]([C:8]1([H:18])[H:19])([H:20])[H:21])([H:11])[C:2](=[O:1])[O:3][H:10])([H:12])[H:13])([H:14])[H:15])[H:17],,
2,-0.6154515884466342,RESP2,b3lyp-d3bj/dzvp,,1.0,O,hf,3,[H:16][C:7]1([C:6]([C:5]([C:4]([C:9]([C:8]1([H:18])[H:19])([H:20])[H:21])([H:11])[C:2](=[O:1])[O:3][H:10])([H:12])[H:13])([H:14])[H:15])[H:17],,
3,0.0748647309115951,RESP2,b3lyp-d3bj/dzvp,,1.0,C,hf,4,[H:16][C:7]1([C:6]([C:5]([C:4]([C:9]([C:8]1([H:18])[H:19])([H:20])[H:21])([H:11])[C:2](=[O:1])[O:3][H:10])([H:12])[H:13])([H:14])[H:15])[H:17],,
4,-0.01093595217291936,RESP2,b3lyp-d3bj/dzvp,,1.0,C,hf,5,[H:16][C:7]1([C:6]([C:5]([C:4]([C:9]([C:8]1([H:18])[H:19])([H:20])[H:21])([H:11])[C:2](=[O:1])[O:3][H:10])([H:12])[H:13])([H:14])[H:15])[H:17],,
5,0.018870728473395406,RESP2,b3lyp-d3bj/dzvp,,1.0,C,hf,6,[H:16][C:7]1([C:6]([C:5]([C:4]([C:9]([C:8]1([H:18])[H:19])([H:20])[H:21])([H:11])[C:2](=[O:1])[O:3][H:10])([H:12])[H:13])([H:14])[H:15])[H:17],,
6,0.033207246442823156,RESP2,b3lyp-d3bj/dzvp,,1.0,C,hf,7,[H:16][C:7]1([C:6]([C:5]([C:4]([C:9]([C:8]1([H:18])[H:19])([H:20])[H:21])([H:11])[C:2](=[O:1])[O:3][H:10])([H:12])[H:13])([H:14])[H:15])[H:17],,
7,0.01047789953572572,RESP2,b3lyp-d3bj/dzvp,,1.0,C,hf,8,[H:16][C:7]1([C:6]([C:5]([C:4]([C:9]([C:8]1([H:18])[H:19])([H:20])[H:21])([H:11])[C:2](=[O:1])[O:3][H:10])([H:12])[H:13])([H:14])[H:15])[H:17],,
8,-0.003934597358574577,RESP2,b3lyp-d3bj/dzvp,,1.0,C,hf,9,[H:16][C:7]1([C:6]([C:5]([C:4]([C:9]([C:8]1([H:18])[H:19])([H:20])[H:21])([H:11])[C:2](=[O:1])[O:3][H:10])([H:12])[H:13])([H:14])[H:15])[H:17],,
9,0.47295785435943466,RESP2,b3lyp-d3bj/dzvp,,1.0,H,hf,10,[H:16][C:7]1([C:6]([C:5]([C:4]([C:9]([C:8]1([H:18])[H:19])([H:20])[H:21])([H:11])[C:2](=[O:1])[O:3][H:10])([H:12])[H:13])([H:14])[H:15])[H:17],,
10,0.017957730266752923,RESP2,b3lyp-d3bj/dzvp,,1.0,H,hf,11,[H:16][C:7]1([C:6]([C:5]([C:4]([C:9]([C:8]1([H:18])[H:19])([H:20])[H:21])([H:11])[C:2](=[O:1])[O:3][H:10])([H:12])[H:13])([H:14])[H:15])[H:17],,
11,0.00864735125097115,RESP2,b3lyp-d3bj/dzvp,,1.0,H,hf,12,[H:16][C:7]1([C:6]([C:5]([C:4]([C:9]([C:8]1([H:18])[H:19])([H:20])[H:21])([H:11])[C:2](=[O:1])[O:3][H:10])([H:12])[H:13])([H:14])[H:15])[H:17],,
12,0.008439278751788794,RESP2,b3lyp-d3bj/dzvp,,1.0,H,hf,13,[H:16][C:7]1([C:6]([C:5]([C:4]([C:9]([C:8]1([H:18])[H:19])([H:20])[H:21])([H:11])[C:2](=[O:1])[O:3][H:10])([H:12])[H:13])([H:14])[H:15])[H:17],,
13,-0.002316552645017414,RESP2,b3lyp-d3bj/dzvp,,1.0,H,hf,14,[H:16][C:7]1([C:6]([C:5]([C:4]([C:9]([C:8]1([H:18])[H:19])([H:20])[H:21])([H:11])[C:2](=[O:1])[O:3][H:10])([H:12])[H:13])([H:14])[H:15])[H:17],,
14,-0.004250646803215432,RESP2,b3lyp-d3bj/dzvp,,1.0,H,hf,15,[H:16][C:7]1([C:6]([C:5]([C:4]([C:9]([C:8]1([H:18])[H:19])([H:20])[H:21])([H:11])[C:2](=[O:1])[O:3][H:10])([H:12])[H:13])([H:14])[H:15])[H:17],,
15,-0.011568789779746076,RESP2,b3lyp-d3bj/dzvp,,1.0,H,hf,16,[H:16][C:7]1([C:6]([C:5]([C:4]([C:9]([C:8]1([H:18])[H:19])([H:20])[H:21])([H:11])[C:2](=[O:1])[O:3][H:10])([H:12])[H:13])([H:14])[H:15])[H:17],,
16,-0.006900867399978125,RESP2,b3lyp-d3bj/dzvp,,1.0,H,hf,17,[H:16][C:7]1([C:6]([C:5]([C:4]([C:9]([C:8]1([H:18])[H:19])([H:20])[H:21])([H:11])[C:2](=[O:1])[O:3][H:10])([H:12])[H:13])([H:14])[H:15])[H:17],,
17,-0.0003572155653695846,RESP2,b3lyp-d3bj/dzvp,,1.0,H,hf,18,[H:16][C:7]1([C:6]([C:5]([C:4]([C:9]([C:8]1([H:18])[H:19])([H:20])[H:21])([H:11])[C:2](=[O:1])[O:3][H:10])([H:12])[H:13])([H:14])[H:15])[H:17],,
18,-0.002899950500505304,RESP2,b3lyp-d3bj/dzvp,,1.0,H,hf,19,[H:16][C:7]1([C:6]([C:5]([C:4]([C:9]([C:8]1([H:18])[H:19])([H:20])[H:21])([H:11])[C:2](=[O:1])[O:3][H:10])([H:12])[H:13])([H:14])[H:15])[H:17],,
19,0.006621767633864569,RESP2,b3lyp-d3bj/dzvp,,1.0,H,hf,20,[H:16][C:7]1([C:6]([C:5]([C:4]([C:9]([C:8]1([H:18])[H:19])([H:20])[H:21])([H:11])[C:2](=[O:1])[O:3][H:10])([H:12])[H:13])([H:14])[H:15])[H:17],,
20,0.0074462102691933655,RESP2,b3lyp-d3bj/dzvp,,1.0,H,hf,21,[H:16][C:7]1([C:6]([C:5]([C:4]([C:9]([C:8]1([H:18])[H:19])([H:20])[H:21])([H:11])[C:2](=[O:1])[O:3][H:10])([H:12])[H:13])([H:14])[H:15])[H:17],,
0,-0.513671588215708,RESP2,b3lyp-d3bj/dzvp,1.0,0.0,O,resp2,1,[H:16][C:7]1([C:6]([C:5]([C:4]([C:9]([C:8]1([H:18])[H:19])([H:20])[H:21])([H:11])[C:2](=[O:1])[O:3][H:10])([H:12])[H:13])([H:14])[H:15])[H:17],,
1,0.5190100239208485,RESP2,b3lyp-d3bj/dzvp,1.0,0.0,C,resp2,2,[H:16][C:7]1([C:6]([C:5]([C:4]([C:9]([C:8]1([H:18])[H:19])([H:20])[H:21])([H:11])[C:2](=[O:1])[O:3][H:10])([H:12])[H:13])([H:14])[H:15])[H:17],,
2,-0.5820804679925018,RESP2,b3lyp-d3bj/dzvp,1.0,0.0,O,resp2,3,[H:16][C:7]1([C:6]([C:5]([C:4]([C:9]([C:8]1([H:18])[H:19])([H:20])[H:21])([H:11])[C:2](=[O:1])[O:3][H:10])([H:12])[H:13])([H:14])[H:15])[H:17],,
3,0.1470184741862719,RESP2,b3lyp-d3bj/dzvp,1.0,0.0,C,resp2,4,[H:16][C:7]1([C:6]([C:5]([C:4]([C:9]([C:8]1([H:18])[H:19])([H:20])[H:21])([H:11])[C:2](=[O:1])[O:3][H:10])([H:12])[H:13])([H:14])[H:15])[H:17],,
4,-0.01846226797720321,RESP2,b3lyp-d3bj/dzvp,1.0,0.0,C,resp2,5,[H:16][C:7]1([C:6]([C:5]([C:4]([C:9]([C:8]1([H:18])[H:19])([H:20])[H:21])([H:11])[C:2](=[O:1])[O:3][H:10])([H:12])[H:13])([H:14])[H:15])[H:17],,
5,0.005839225367588415,RESP2,b3lyp-d3bj/dzvp,1.0,0.0,C,resp2,6,[H:16][C:7]1([C:6]([C:5]([C:4]([C:9]([C:8]1([H:18])[H:19])([H:20])[H:21])([H:11])[C:2](=[O:1])[O:3][H:10])([H:12])[H:13])([H:14])[H:15])[H:17],,
6,-0.003444789464012357,RESP2,b3lyp-d3bj/dzvp,1.0,0.0,C,resp2,7,[H:16][C:7]1([C:6]([C:5]([C:4]([C:9]([C:8]1([H:18])[H:19])([H:20])[H:21])([H:11])[C:2](=[O:1])[O:3][H:10])([H:12])[H:13])([H:14])[H:15])[H:17],,
7,0.05442134212495753,RESP2,b3lyp-d3bj/dzvp,1.0,0.0,C,resp2,8,[H:16][C:7]1([C:6]([C:5]([C:4]([C:9]([C:8]1([H:18])[H:19])([H:20])[H:21])([H:11])[C:2](=[O:1])[O:3][H:10])([H:12])[H:13])([H:14])[H:15])[H:17],,
8,-0.026349616939544733,RESP2,b3lyp-d3bj/dzvp,1.0,0.0,C,resp2,9,[H:16][C:7]1([C:6]([C:5]([C:4]([C:9]([C:8]1([H:18])[H:19])([H:20])[H:21])([H:11])[C:2](=[O:1])[O:3][H:10])([H:12])[H:13])([H:14])[H:15])[H:17],,
9,0.43421154567506054,RESP2,b3lyp-d3bj/dzvp,1.0,0.0,H,resp2,10,[H:16][C:7]1([C:6]([C:5]([C:4]([C:9]([C:8]1([H:18])[H:19])([H:20])[H:21])([H:11])[C:2](=[O:1])[O:3][H:10])([H:12])[H:13])([H:14])[H:15])[H:17],,
10,-0.0159004748776214,RESP2,b3lyp-d3bj/dzvp,1.0,0.0,H,resp2,11,[H:16][C:7]1([C:6]([C:5]([C:4]([C:9]([C:8]1([H:18])[H:19])([H:20])[H:21])([H:11])[C:2](=[O:1])[O:3][H:10])([H:12])[H:13])([H:14])[H:15])[H:17],,
11,0.010629803778743112,RESP2,b3lyp-d3bj/dzvp,1.0,0.0,H,resp2,12,[H:16][C:7]1([C:6]([C:5]([C:4]([C:9]([C:8]1([H:18])[H:19])([H:20])[H:21])([H:11])[C:2](=[O:1])[O:3][H:10])([H:12])[H:13])([H:14])[H:15])[H:17],,
12,7.507027248989577e-05,RESP2,b3lyp-d3bj/dzvp,1.0,0.0,H,resp2,13,[H:16][C:7]1([C:6]([C:5]([C:4]([C:9]([C:8]1([H:18])[H:19])([H:20])[H:21])([H:11])[C:2](=[O:1])[O:3][H:10])([H:12])[H:13])([H:14])[H:15])[H:17],,
13,0.0019181478751130493,RESP2,b3lyp-d3bj/dzvp,1.0,0.0,H,resp2,14,[H:16][C:7]1([C:6]([C:5]([C:4]([C:9]([C:8]1([H:18])[H:19])([H:20])[H:21])([H:11])[C:2](=[O:1])[O:3][H:10])([H:12])[H:13])([H:14])[H:15])[H:17],,
14,0.003148524416276738,RESP2,b3lyp-d3bj/dzvp,1.0,0.0,H,resp2,15,[H:16][C:7]1([C:6]([C:5]([C:4]([C:9]([C:8]1([H:18])[H:19])([H:20])[H:21])([H:11])[C:2](=[O:1])[O:3][H:10])([H:12])[H:13])([H:14])[H:15])[H:17],,
15,-0.003090311203708587,RESP2,b3lyp-d3bj/dzvp,1.0,0.0,H,resp2,16,[H:16][C:7]1([C:6]([C:5]([C:4]([C:9]([C:8]1([H:18])[H:19])([H:20])[H:21])([H:11])[C:2](=[O:1])[O:3][H:10])([H:12])[H:13])([H:14])[H:15])[H:17],,
16,0.0010024059815820195,RESP2,b3lyp-d3bj/dzvp,1.0,0.0,H,resp2,17,[H:16][C:7]1([C:6]([C:5]([C:4]([C:9]([C:8]1([H:18])[H:19])([H:20])[H:21])([H:11])[C:2](=[O:1])[O:3][H:10])([H:12])[H:13])([H:14])[H:15])[H:17],,
17,-0.012952603322618439,RESP2,b3lyp-d3bj/dzvp,1.0,0.0,H,resp2,18,[H:16][C:7]1([C:6]([C:5]([C:4]([C:9]([C:8]1([H:18])[H:19])([H:20])[H:21])([H:11])[C:2](=[O:1])[O:3][H:10])([H:12])[H:13])([H:14])[H:15])[H:17],,
18,-0.015473483394645004,RESP2,b3lyp-d3bj/dzvp,1.0,0.0,H,resp2,19,[H:16][C:7]1([C:6]([C:5]([C:4]([C:9]([C:8]1([H:18])[H:19])([H:20])[H:21])([H:11])[C:2](=[O:1])[O:3][H:10])([H:12])[H:13])([H:14])[H:15])[H:17],,
19,0.008481148013766305,RESP2,b3lyp-d3bj/dzvp,1.0,0.0,H,resp2,20,[H:16][C:7]1([C:6]([C:5]([C:4]([C:9]([C:8]1([H:18])[H:19])([H:20])[H:21])([H:11])[C:2](=[O:1])[O:3][H:10])([H:12])[H:13])([H:14])[H:15])[H:17],,
20,0.005669891774865461,RESP2,b3lyp-d3bj/dzvp,1.0,0.0,H,resp2,21,[H:16][C:7]1([C:6]([C:5]([C:4]([C:9]([C:8]1([H:18])[H:19])([H:20])[H:21])([H:11])[C:2](=[O:1])[O:3][H:10])([H:12])[H:13])([H:14])[H:15])[H:17],,
0,-0.517288620053382,RESP2,b3lyp-d3bj/dzvp,1.0,0.05,O,resp2,1,[H:16][C:7]1([C:6]([C:5]([C:4]([C:9]([C:8]1([H:18])[H:19])([H:20])[H:21])([H:11])[C:2](=[O:1])[O:3][H:10])([H:12])[H:13])([H:14])[H:15])[H:17],,
1,0.5211453465399561,RESP2,b3lyp-d3bj/dzvp,1.0,0.05,C,resp2,2,[H:16][C:7]1([C:6]([C:5]([C:4]([C:9]([C:8]1([H:18])[H:19])([H:20])[H:21])([H:11])[C:2](=[O:1])[O:3][H:10])([H:12])[H:13])([H:14])[H:15])[H:17],,
2,-0.5837070590023324,RESP2,b3lyp-d3bj/dzvp,1.0,0.05,O,resp2,3,[H:16][C:7]1([C:6]([C:5]([C:4]([C:9]([C:8]1([H:18])[H:19])([H:20])[H:21])([H:11])[C:2](=[O:1])[O:3][H:10])([H:12])[H:13])([H:14])[H:15])[H:17],,
3,0.14549834653520938,RESP2,b3lyp-d3bj/dzvp,1.0,0.05,C,resp2,4,[H:16][C:7]1([C:6]([C:5]([C:4]([C:9]([C:8]1([H:18])[H:19])([H:20])[H:21])([H:11])[C:2](=[O:1])[O:3][H:10])([H:12])[H:13])([H:14])[H:15])[H:17],,
4,-0.01768621480940598,RESP2,b3lyp-d3bj/dzvp,1.0,0.05,C,resp2,5,[H:16][C:7]1([C:6]([C:5]([C:4]([C:9]([C:8]1([H:18])[H:19])([H:20])[H:21])([H:11])[C:2](=[O:1])[O:3][H:10])([H:12])[H:13])([H:14])[H:15])[H:17],,
5,0.006191256415580037,RESP2,b3lyp-d3bj/dzvp,1.0,0.05,C,resp2,6,[H:16][C:7]1([C:6]([C:5]([C:4]([C:9]([C:8]1([H:18])[H:19])([H:20])[H:21])([H:11])[C:2](=[O:1])[O:3][H:10])([H:12])[H:13])([H:14])[H:15])[H:17],,
6,-0.0007340589608768113,RESP2,b3lyp-d3bj/dzvp,1.0,0.05,C,resp2,7,[H:16][C:7]1([C:6]([C:5]([C:4]([C:9]([C:8]1([H:18])[H:19])([H:20])[H:21])([H:11])[C:2](=[O:1])[O:3][H:10])([H:12])[H:13])([H:14])[H:15])[H:17],,
7,0.052400711229502496,RESP2,b3lyp-d3bj/dzvp,1.0,0.05,C,resp2,8,[H:16][C:7]1([C:6]([C:5]([C:4]([C:9]([C:8]1([H:18])[H:19])([H:20])[H:21])([H:11])[C:2](=[O:1])[O:3][H:10])([H:12])[H:13])([H:14])[H:15])[H:17],,
8,-0.025165204425685823,RESP2,b3lyp-d3bj/dzvp,1.0,0.05,C,resp2,9,[H:16][C:7]1([C:6]([C:5]([C:4]([C:9]([C:8]1([H:18])[H:19])([H:20])[H:21])([H:11])[C:2](=[O:1])[O:3][H:10])([H:12])[H:13])([H:14])[H:15])[H:17],,
9,0.4363152067330552,RESP2,b3lyp-d3bj/dzvp,1.0,0.05,H,resp2,10,[H:16][C:7]1([C:6]([C:5]([C:4]([C:9]([C:8]1([H:18])[H:19])([H:20])[H:21])([H:11])[C:2](=[O:1])[O:3][H:10])([H:12])[H:13])([H:14])[H:15])[H:17],,
10,-0.0148330564023338,RESP2,b3lyp-d3bj/dzvp,1.0,0.05,H,resp2,11,[H:16][C:7]1([C:6]([C:5]([C:4]([C:9]([C:8]1([H:18])[H:19])([H:20])[H:21])([H:11])[C:2](=[O:1])[O:3][H:10])([H:12])[H:13])([H:14])[H:15])[H:17],,
11,0.010339828327987723,RESP2,b3lyp-d3bj/dzvp,1.0,0.05,H,resp2,12,[H:16][C:7]1([C:6]([C:5]([C:4]([C:9]([C:8]1([H:18])[H:19])([H:20])[H:21])([H:11])[C:2](=[O:1])[O:3][H:10])([H:12])[H:13])([H:14])[H:15])[H:17],,
12,0.0002329898693537206,RESP2,b3lyp-d3bj/dzvp,1.0,0.05,H,resp2,13,[H:16][C:7]1([C:6]([C:5]([C:4]([C:9]([C:8]1([H:18])[H:19])([H:20])[H:21])([H:11])[C:2](=[O:1])[O:3][H:10])([H:12])[H:13])([H:14])[H:15])[H:17],,
13,0.001642505916882653,RESP2,b3lyp-d3bj/dzvp,1.0,0.05,H,resp2,14,[H:16][C:7]1([C:6]([C:5]([C:4]([C:9]([C:8]1([H:18])[H:19])([H:20])[H:21])([H:11])[C:2](=[O:1])[O:3][H:10])([H:12])[H:13])([H:14])[H:15])[H:17],,
14,0.0027782858414078858,RESP2,b3lyp-d3bj/dzvp,1.0,0.05,H,resp2,15,[H:16][C:7]1([C:6]([C:5]([C:4]([C:9]([C:8]1([H:18])[H:19])([H:20])[H:21])([H:11])[C:2](=[O:1])[O:3][H:10])([H:12])[H:13])([H:14])[H:15])[H:17],,
15,-0.00378543860979279,RESP2,b3lyp-d3bj/dzvp,1.0,0.05,H,resp2,16,[H:16][C:7]1([C:6]([C:5]([C:4]([C:9]([C:8]1([H:18])[H:19])([H:20])[H:21])([H:11])[C:2](=[O:1])[O:3][H:10])([H:12])[H:13])([H:14])[H:15])[H:17],,
16,0.0002839274499847509,RESP2,b3lyp-d3bj/dzvp,1.0,0.05,H,resp2,17,[H:16][C:7]1([C:6]([C:5]([C:4]([C:9]([C:8]1([H:18])[H:19])([H:20])[H:21])([H:11])[C:2](=[O:1])[O:3][H:10])([H:12])[H:13])([H:14])[H:15])[H:17],,
17,-0.012485297326849396,RESP2,b3lyp-d3bj/dzvp,1.0,0.05,H,resp2,18,[H:16][C:7]1([C:6]([C:5]([C:4]([C:9]([C:8]1([H:18])[H:19])([H:20])[H:21])([H:11])[C:2](=[O:1])[O:3][H:10])([H:12])[H:13])([H:14])[H:15])[H:17],,
18,-0.015013062073167516,RESP2,b3lyp-d3bj/dzvp,1.0,0.05,H,resp2,19,[H:16][C:7]1([C:6]([C:5]([C:4]([C:9]([C:8]1([H:18])[H:19])([H:20])[H:21])([H:11])[C:2](=[O:1])[O:3][H:10])([H:12])[H:13])([H:14])[H:15])[H:17],,
19,0.008278688137163245,RESP2,b3lyp-d3bj/dzvp,1.0,0.05,H,resp2,20,[H:16][C:7]1([C:6]([C:5]([C:4]([C:9]([C:8]1([H:18])[H:19])([H:20])[H:21])([H:11])[C:2](=[O:1])[O:3][H:10])([H:12])[H:13])([H:14])[H:15])[H:17],,
20,0.005590918667743343,RESP2,b3lyp-d3bj/dzvp,1.0,0.05,H,resp2,21,[H:16][C:7]1([C:6]([C:5]([C:4]([C:9]([C:8]1([H:18])[H:19])([H:20])[H:21])([H:11])[C:2](=[O:1])[O:3][H:10])([H:12])[H:13])([H:14])[H:15])[H:17],,
0,-0.5209056518910562,RESP2,b3lyp-d3bj/dzvp,1.0,0.1,O,resp2,1,[H:16][C:7]1([C:6]([C:5]([C:4]([C:9]([C:8]1([H:18])[H:19])([H:20])[H:21])([H:11])[C:2](=[O:1])[O:3][H:10])([H:12])[H:13])([H:14])[H:15])[H:17],,
1,0.5232806691590639,RESP2,b3lyp-d3bj/dzvp,1.0,0.1,C,resp2,2,[H:16][C:7]1([C:6]([C:5]([C:4]([C:9]([C:8]1([H:18])[H:19])([H:20])[H:21])([H:11])[C:2](=[O:1])[O:3][H:10])([H:12])[H:13])([H:14])[H:15])[H:17],,
2,-0.5853336500121631,RESP2,b3lyp-d3bj/dzvp,1.0,0.1,O,resp2,3,[H:16][C:7]1([C:6]([C:5]([C:4]([C:9]([C:8]1([H:18])[H:19])([H:20])[H:21])([H:11])[C:2](=[O:1])[O:3][H:10])([H:12])[H:13])([H:14])[H:15])[H:17],,
3,0.14397821888414689,RESP2,b3lyp-d3bj/dzvp,1.0,0.1,C,resp2,4,[H:16][C:7]1([C:6]([C:5]([C:4]([C:9]([C:8]1([H:18])[H:19])([H:20])[H:21])([H:11])[C:2](=[O:1])[O:3][H:10])([H:12])[H:13])([H:14])[H:15])[H:17],,
4,-0.01691016164160876,RESP2,b3lyp-d3bj/dzvp,1.0,0.1,C,resp2,5,[H:16][C:7]1([C:6]([C:5]([C:4]([C:9]([C:8]1([H:18])[H:19])([H:20])[H:21])([H:11])[C:2](=[O:1])[O:3][H:10])([H:12])[H:13])([H:14])[H:15])[H:17],,
5,0.006543287463571653,RESP2,b3lyp-d3bj/dzvp,1.0,0.1,C,resp2,6,[H:16][C:7]1([C:6]([C:5]([C:4]([C:9]([C:8]1([H:18])[H:19])([H:20])[H:21])([H:11])[C:2](=[O:1])[O:3][H:10])([H:12])[H:13])([H:14])[H:15])[H:17],,
6,0.001976671542258727,RESP2,b3lyp-d3bj/dzvp,1.0,0.1,C,resp2,7,[H:16][C:7]1([C:6]([C:5]([C:4]([C:9]([C:8]1([H:18])[H:19])([H:20])[H:21])([H:11])[C:2](=[O:1])[O:3][H:10])([H:12])[H:13])([H:14])[H:15])[H:17],,
7,0.05038008033404746,RESP2,b3lyp-d3bj/dzvp,1.0,0.1,C,resp2,8,[H:16][C:7]1([C:6]([C:5]([C:4]([C:9]([C:8]1([H:18])[H:19])([H:20])[H:21])([H:11])[C:2](=[O:1])[O:3][H:10])([H:12])[H:13])([H:14])[H:15])[H:17],,
8,-0.02398079191182692,RESP2,b3lyp-d3bj/dzvp,1.0,0.1,C,resp2,9,[H:16][C:7]1([C:6]([C:5]([C:4]([C:9]([C:8]1([H:18])[H:19])([H:20])[H:21])([H:11])[C:2](=[O:1])[O:3][H:10])([H:12])[H:13])([H:14])[H:15])[H:17],,
9,0.43841886779105,RESP2,b3lyp-d3bj/dzvp,1.0,0.1,H,resp2,10,[H:16][C:7]1([C:6]([C:5]([C:4]([C:9]([C:8]1([H:18])[H:19])([H:20])[H:21])([H:11])[C:2](=[O:1])[O:3][H:10])([H:12])[H:13])([H:14])[H:15])[H:17],,
10,-0.01376563792704621,RESP2,b3lyp-d3bj/dzvp,1.0,0.1,H,resp2,11,[H:16][C:7]1([C:6]([C:5]([C:4]([C:9]([C:8]1([H:18])[H:19])([H:20])[H:21])([H:11])[C:2](=[O:1])[O:3][H:10])([H:12])[H:13])([H:14])[H:15])[H:17],,
11,0.010049852877232328,RESP2,b3lyp-d3bj/dzvp,1.0,0.1,H,resp2,12,[H:16][C:7]1([C:6]([C:5]([C:4]([C:9]([C:8]1([H:18])[H:19])([H:20])[H:21])([H:11])[C:2](=[O:1])[O:3][H:10])([H:12])[H:13])([H:14])[H:15])[H:17],,
12,0.00039090946621753815,RESP2,b3lyp-d3bj/dzvp,1.0,0.1,H,resp2,13,[H:16][C:7]1([C:6]([C:5]([C:4]([C:9]([C:8]1([H:18])[H:19])([H:20])[H:21])([H:11])[C:2](=[O:1])[O:3][H:10])([H:12])[H:13])([H:14])[H:15])[H:17],,
13,0.0013668639586522494,RESP2,b3lyp-d3bj/dzvp,1.0,0.1,H,resp2,14,[H:16][C:7]1([C:6]([C:5]([C:4]([C:9]([C:8]1([H:18])[H:19])([H:20])[H:21])([H:11])[C:2](=[O:1])[O:3][H:10])([H:12])[H:13])([H:14])[H:15])[H:17],,
14,0.002408047266539027,RESP2,b3lyp-d3bj/dzvp,1.0,0.1,H,resp2,15,[H:16][C:7]1([C:6]([C:5]([C:4]([C:9]([C:8]1([H:18])[H:19])([H:20])[H:21])([H:11])[C:2](=[O:1])[O:3][H:10])([H:12])[H:13])([H:14])[H:15])[H:17],,
15,-0.004480566015876999,RESP2,b3lyp-d3bj/dzvp,1.0,0.1,H,resp2,16,[H:16][C:7]1([C:6]([C:5]([C:4]([C:9]([C:8]1([H:18])[H:19])([H:20])[H:21])([H:11])[C:2](=[O:1])[O:3][H:10])([H:12])[H:13])([H:14])[H:15])[H:17],,
16,-0.00043455108161252504,RESP2,b3lyp-d3bj/dzvp,1.0,0.1,H,resp2,17,[H:16][C:7]1([C:6]([C:5]([C:4]([C:9]([C:8]1([H:18])[H:19])([H:20])[H:21])([H:11])[C:2](=[O:1])[O:3][H:10])([H:12])[H:13])([H:14])[H:15])[H:17],,
17,-0.012017991331080363,RESP2,b3lyp-d3bj/dzvp,1.0,0.1,H,resp2,18,[H:16][C:7]1([C:6]([C:5]([C:4]([C:9]([C:8]1([H:18])[H:19])([H:20])[H:21])([H:11])[C:2](=[O:1])[O:3][H:10])([H:12])[H:13])([H:14])[H:15])[H:17],,
18,-0.014552640751690037,RESP2,b3lyp-d3bj/dzvp,1.0,0.1,H,resp2,19,[H:16][C:7]1([C:6]([C:5]([C:4]([C:9]([C:8]1([H:18])[H:19])([H:20])[H:21])([H:11])[C:2](=[O:1])[O:3][H:10])([H:12])[H:13])([H:14])[H:15])[H:17],,
19,0.008076228260560182,RESP2,b3lyp-d3bj/dzvp,1.0,0.1,H,resp2,20,[H:16][C:7]1([C:6]([C:5]([C:4]([C:9]([C:8]1([H:18])[H:19])([H:20])[H:21])([H:11])[C:2](=[O:1])[O:3][H:10])([H:12])[H:13])([H:14])[H:15])[H:17],,
20,0.005511945560621217,RESP2,b3lyp-d3bj/dzvp,1.0,0.1,H,resp2,21,[H:16][C:7]1([C:6]([C:5]([C:4]([C:9]([C:8]1([H:18])[H:19])([H:20])[H:21])([H:11])[C:2](=[O:1])[O:3][H:10])([H:12])[H:13])([H:14])[H:15])[H:17],,
0,-0.5245226837287303,RESP2,b3lyp-d3bj/dzvp,1.0,0.15000000000000002,O,resp2,1,[H:16][C:7]1([C:6]([C:5]([C:4]([C:9]([C:8]1([H:18])[H:19])([H:20])[H:21])([H:11])[C:2](=[O:1])[O:3][H:10])([H:12])[H:13])([H:14])[H:15])[H:17],,
1,0.5254159917781717,RESP2,b3lyp-d3bj/dzvp,1.0,0.15000000000000002,C,resp2,2,[H:16][C:7]1([C:6]([C:5]([C:4]([C:9]([C:8]1([H:18])[H:19])([H:20])[H:21])([H:11])[C:2](=[O:1])[O:3][H:10])([H:12])[H:13])([H:14])[H:15])[H:17],,
2,-0.5869602410219938,RESP2,b3lyp-d3bj/dzvp,1.0,0.15000000000000002,O,resp2,3,[H:16][C:7]1([C:6]([C:5]([C:4]([C:9]([C:8]1([H:18])[H:19])([H:20])[H:21])([H:11])[C:2](=[O:1])[O:3][H:10])([H:12])[H:13])([H:14])[H:15])[H:17],,
3,0.14245809123308442,RESP2,b3lyp-d3bj/dzvp,1.0,0.15000000000000002,C,resp2,4,[H:16][C:7]1([C:6]([C:5]([C:4]([C:9]([C:8]1([H:18])[H:19])([H:20])[H:21])([H:11])[C:2](=[O:1])[O:3][H:10])([H:12])[H:13])([H:14])[H:15])[H:17],,
4,-0.01613410847381152,RESP2,b3lyp-d3bj/dzvp,1.0,0.15000000000000002,C,resp2,5,[H:16][C:7]1([C:6]([C:5]([C:4]([C:9]([C:8]1([H:18])[H:19])([H:20])[H:21])([H:11])[C:2](=[O:1])[O:3][H:10])([H:12])[H:13])([H:14])[H:15])[H:17],,
5,0.006895318511563278,RESP2,b3lyp-d3bj/dzvp,1.0,0.15000000000000002,C,resp2,6,[H:16][C:7]1([C:6]([C:5]([C:4]([C:9]([C:8]1([H:18])[H:19])([H:20])[H:21])([H:11])[C:2](=[O:1])[O:3][H:10])([H:12])[H:13])([H:14])[H:15])[H:17],,
6,0.004687402045394278,RESP2,b3lyp-d3bj/dzvp,1.0,0.15000000000000002,C,resp2,7,[H:16][C:7]1([C:6]([C:5]([C:4]([C:9]([C:8]1([H:18])[H:19])([H:20])[H:21])([H:11])[C:2](=[O:1])[O:3][H:10])([H:12])[H:13])([H:14])[H:15])[H:17],,
7,0.04835944943859242,RESP2,b3lyp-d3bj/dzvp,1.0,0.15000000000000002,C,resp2,8,[H:16][C:7]1([C:6]([C:5]([C:4]([C:9]([C:8]1([H:18])[H:19])([H:20])[H:21])([H:11])[C:2](=[O:1])[O:3][H:10])([H:12])[H:13])([H:14])[H:15])[H:17],,
8,-0.022796379397968,RESP2,b3lyp-d3bj/dzvp,1.0,0.15000000000000002,C,resp2,9,[H:16][C:7]1([C:6]([C:5]([C:4]([C:9]([C:8]1([H:18])[H:19])([H:20])[H:21])([H:11])[C:2](=[O:1])[O:3][H:10])([H:12])[H:13])([H:14])[H:15])[H:17],,
9,0.44052252884904464,RESP2,b3lyp-d3bj/dzvp,1.0,0.15000000000000002,H,resp2,10,[H:16][C:7]1([C:6]([C:5]([C:4]([C:9]([C:8]1([H:18])[H:19])([H:20])[H:21])([H:11])[C:2](=[O:1])[O:3][H:10])([H:12])[H:13])([H:14])[H:15])[H:17],,
10,-0.012698219451758605,RESP2,b3lyp-d3bj/dzvp,1.0,0.15000000000000002,H,resp2,11,[H:16][C:7]1([C:6]([C:5]([C:4]([C:9]([C:8]1([H:18])[H:19])([H:20])[H:21])([H:11])[C:2](=[O:1])[O:3][H:10])([H:12])[H:13])([H:14])[H:15])[H:17],,
11,0.009759877426476942,RESP2,b3lyp-d3bj/dzvp,1.0,0.15000000000000002,H,resp2,12,[H:16][C:7]1([C:6]([C:5]([C:4]([C:9]([C:8]1([H:18])[H:19])([H:20])[H:21])([H:11])[C:2](=[O:1])[O:3][H:10])([H:12])[H:13])([H:14])[H:15])[H:17],,
12,0.0005488290630813661,RESP2,b3lyp-d3bj/dzvp,1.0,0.15000000000000002,H,resp2,13,[H:16][C:7]1([C:6]([C:5]([C:4]([C:9]([C:8]1([H:18])[H:19])([H:20])[H:21])([H:11])[C:2](=[O:1])[O:3][H:10])([H:12])[H:13])([H:14])[H:15])[H:17],,
13,0.001091222000421856,RESP2,b3lyp-d3bj/dzvp,1.0,0.15000000000000002,H,resp2,14,[H:16][C:7]1([C:6]([C:5]([C:4]([C:9]([C:8]1([H:18])[H:19])([H:20])[H:21])([H:11])[C:2](=[O:1])[O:3][H:10])([H:12])[H:13])([H:14])[H:15])[H:17],,
14,0.002037808691670178,RESP2,b3lyp-d3bj/dzvp,1.0,0.15000000000000002,H,resp2,15,[H:16][C:7]1([C:6]([C:5]([C:4]([C:9]([C:8]1([H:18])[H:19])([H:20])[H:21])([H:11])[C:2](=[O:1])[O:3][H:10])([H:12])[H:13])([H:14])[H:15])[H:17],,
15,-0.0051756934219612,RESP2,b3lyp-d3bj/dzvp,1.0,0.15000000000000002,H,resp2,16,[H:16][C:7]1([C:6]([C:5]([C:4]([C:9]([C:8]1([H:18])[H:19])([H:20])[H:21])([H:11])[C:2](=[O:1])[O:3][H:10])([H:12])[H:13])([H:14])[H:15])[H:17],,
16,-0.0011530296132097903,RESP2,b3lyp-d3bj/dzvp,1.0,0.15000000000000002,H,resp2,17,[H:16][C:7]1([C:6]([C:5]([C:4]([C:9]([C:8]1([H:18])[H:19])([H:20])[H:21])([H:11])[C:2](=[O:1])[O:3][H:10])([H:12])[H:13])([H:14])[H:15])[H:17],,
17,-0.011550685335311317,RESP2,b3lyp-d3bj/dzvp,1.0,0.15000000000000002,H,resp2,18,[H:16][C:7]1([C:6]([C:5]([C:4]([C:9]([C:8]1([H:18])[H:19])([H:20])[H:21])([H:11])[C:2](=[O:1])[O:3][H:10])([H:12])[H:13])([H:14])[H:15])[H:17],,
18,-0.014092219430212547,RESP2,b3lyp-d3bj/dzvp,1.0,0.15000000000000002,H,resp2,19,[H:16][C:7]1([C:6]([C:5]([C:4]([C:9]([C:8]1([H:18])[H:19])([H:20])[H:21])([H:11])[C:2](=[O:1])[O:3][H:10])([H:12])[H:13])([H:14])[H:15])[H:17],,
19,0.007873768383957126,RESP2,b3lyp-d3bj/dzvp,1.0,0.15000000000000002,H,resp2,20,[H:16][C:7]1([C:6]([C:5]([C:4]([C:9]([C:8]1([H:18])[H:19])([H:20])[H:21])([H:11])[C:2](=[O:1])[O:3][H:10])([H:12])[H:13])([H:14])[H:15])[H:17],,
20,0.0054329724534991014,RESP2,b3lyp-d3bj/dzvp,1.0,0.15000000000000002,H,resp2,21,[H:16][C:7]1([C:6]([C:5]([C:4]([C:9]([C:8]1([H:18])[H:19])([H:20])[H:21])([H:11])[C:2](=[O:1])[O:3][H:10])([H:12])[H:13])([H:14])[H:15])[H:17],,
0,-0.5281397155664045,RESP2,b3lyp-d3bj/dzvp,1.0,0.2,O,resp2,1,[H:16][C:7]1([C:6]([C:5]([C:4]([C:9]([C:8]1([H:18])[H:19])([H:20])[H:21])([H:11])[C:2](=[O:1])[O:3][H:10])([H:12])[H:13])([H:14])[H:15])[H:17],,
1,0.5275513143972794,RESP2,b3lyp-d3bj/dzvp,1.0,0.2,C,resp2,2,[H:16][C:7]1([C:6]([C:5]([C:4]([C:9]([C:8]1([H:18])[H:19])([H:20])[H:21])([H:11])[C:2](=[O:1])[O:3][H:10])([H:12])[H:13])([H:14])[H:15])[H:17],,
2,-0.5885868320318245,RESP2,b3lyp-d3bj/dzvp,1.0,0.2,O,resp2,3,[H:16][C:7]1([C:6]([C:5]([C:4]([C:9]([C:8]1([H:18])[H:19])([H:20])[H:21])([H:11])[C:2](=[O:1])[O:3][H:10])([H:12])[H:13])([H:14])[H:15])[H:17],,
3,0.14093796358202193,RESP2,b3lyp-d3bj/dzvp,1.0,0.2,C,resp2,4,[H:16][C:7]1([C:6]([C:5]([C:4]([C:9]([C:8]1([H:18])[H:19])([H:20])[H:21])([H:11])[C:2](=[O:1])[O:3][H:10])([H:12])[H:13])([H:14])[H:15])[H:17],,
4,-0.01535805530601429,RESP2,b3lyp-d3bj/dzvp,1.0,0.2,C,resp2,5,[H:16][C:7]1([C:6]([C:5]([C:4]([C:9]([C:8]1([H:18])[H:19])([H:20])[H:21])([H:11])[C:2](=[O:1])[O:3][H:10])([H:12])[H:13])([H:14])[H:15])[H:17],,
5,0.0072473495595549,RESP2,b3lyp-d3bj/dzvp,1.0,0.2,C,resp2,6,[H:16][C:7]1([C:6]([C:5]([C:4]([C:9]([C:8]1([H:18])[H:19])([H:20])[H:21])([H:11])[C:2](=[O:1])[O:3][H:10])([H:12])[H:13])([H:14])[H:15])[H:17],,
6,0.007398132548529821,RESP2,b3lyp-d3bj/dzvp,1.0,0.2,C,resp2,7,[H:16][C:7]1([C:6]([C:5]([C:4]([C:9]([C:8]1([H:18])[H:19])([H:20])[H:21])([H:11])[C:2](=[O:1])[O:3][H:10])([H:12])[H:13])([H:14])[H:15])[H:17],,
7,0.0463388185431374,RESP2,b3lyp-d3bj/dzvp,1.0,0.2,C,resp2,8,[H:16][C:7]1([C:6]([C:5]([C:4]([C:9]([C:8]1([H:18])[H:19])([H:20])[H:21])([H:11])[C:2](=[O:1])[O:3][H:10])([H:12])[H:13])([H:14])[H:15])[H:17],,
8,-0.021611966884109095,RESP2,b3lyp-d3bj/dzvp,1.0,0.2,C,resp2,9,[H:16][C:7]1([C:6]([C:5]([C:4]([C:9]([C:8]1([H:18])[H:19])([H:20])[H:21])([H:11])[C:2](=[O:1])[O:3][H:10])([H:12])[H:13])([H:14])[H:15])[H:17],,
9,0.4426261899070393,RESP2,b3lyp-d3bj/dzvp,1.0,0.2,H,resp2,10,[H:16][C:7]1([C:6]([C:5]([C:4]([C:9]([C:8]1([H:18])[H:19])([H:20])[H:21])([H:11])[C:2](=[O:1])[O:3][H:10])([H:12])[H:13])([H:14])[H:15])[H:17],,
10,-0.011630800976471007,RESP2,b3lyp-d3bj/dzvp,1.0,0.2,H,resp2,11,[H:16][C:7]1([C:6]([C:5]([C:4]([C:9]([C:8]1([H:18])[H:19])([H:20])[H:21])([H:11])[C:2](=[O:1])[O:3][H:10])([H:12])[H:13])([H:14])[H:15])[H:17],,
11,0.009469901975721555,RESP2,b3lyp-d3bj/dzvp,1.0,0.2,H,resp2,12,[H:16][C:7]1([C:6]([C:5]([C:4]([C:9]([C:8]1([H:18])[H:19])([H:20])[H:21])([H:11])[C:2](=[O:1])[O:3][H:10])([H:12])[H:13])([H:14])[H:15])[H:17],,
12,0.0007067486599451913,RESP2,b3lyp-d3bj/dzvp,1.0,0.2,H,resp2,13,[H:16][C:7]1([C:6]([C:5]([C:4]([C:9]([C:8]1([H:18])[H:19])([H:20])[H:21])([H:11])[C:2](=[O:1])[O:3][H:10])([H:12])[H:13])([H:14])[H:15])[H:17],,
13,0.0008155800421914602,RESP2,b3lyp-d3bj/dzvp,1.0,0.2,H,resp2,14,[H:16][C:7]1([C:6]([C:5]([C:4]([C:9]([C:8]1([H:18])[H:19])([H:20])[H:21])([H:11])[C:2](=[O:1])[O:3][H:10])([H:12])[H:13])([H:14])[H:15])[H:17],,
14,0.001667570116801327,RESP2,b3lyp-d3bj/dzvp,1.0,0.2,H,resp2,15,[H:16][C:7]1([C:6]([C:5]([C:4]([C:9]([C:8]1([H:18])[H:19])([H:20])[H:21])([H:11])[C:2](=[O:1])[O:3][H:10])([H:12])[H:13])([H:14])[H:15])[H:17],,
15,-0.005870820828045403,RESP2,b3lyp-d3bj/dzvp,1.0,0.2,H,resp2,16,[H:16][C:7]1([C:6]([C:5]([C:4]([C:9]([C:8]1([H:18])[H:19])([H:20])[H:21])([H:11])[C:2](=[O:1])[O:3][H:10])([H:12])[H:13])([H:14])[H:15])[H:17],,
16,-0.0018715081448070587,RESP2,b3lyp-d3bj/dzvp,1.0,0.2,H,resp2,17,[H:16][C:7]1([C:6]([C:5]([C:4]([C:9]([C:8]1([H:18])[H:19])([H:20])[H:21])([H:11])[C:2](=[O:1])[O:3][H:10])([H:12])[H:13])([H:14])[H:15])[H:17],,
17,-0.011083379339542275,RESP2,b3lyp-d3bj/dzvp,1.0,0.2,H,resp2,18,[H:16][C:7]1([C:6]([C:5]([C:4]([C:9]([C:8]1([H:18])[H:19])([H:20])[H:21])([H:11])[C:2](=[O:1])[O:3][H:10])([H:12])[H:13])([H:14])[H:15])[H:17],,
18,-0.013631798108735061,RESP2,b3lyp-d3bj/dzvp,1.0,0.2,H,resp2,19,[H:16][C:7]1([C:6]([C:5]([C:4]([C:9]([C:8]1([H:18])[H:19])([H:20])[H:21])([H:11])[C:2](=[O:1])[O:3][H:10])([H:12])[H:13])([H:14])[H:15])[H:17],,
19,0.00767130850735407,RESP2,b3lyp-d3bj/dzvp,1.0,0.2,H,resp2,20,[H:16][C:7]1([C:6]([C:5]([C:4]([C:9]([C:8]1([H:18])[H:19])([H:20])[H:21])([H:11])[C:2](=[O:1])[O:3][H:10])([H:12])[H:13])([H:14])[H:15])[H:17],,
20,0.005353999346376983,RESP2,b3lyp-d3bj/dzvp,1.0,0.2,H,resp2,21,[H:16][C:7]1([C:6]([C:5]([C:4]([C:9]([C:8]1([H:18])[H:19])([H:20])[H:21])([H:11])[C:2](=[O:1])[O:3][H:10])([H:12])[H:13])([H:14])[H:15])[H:17],,
0,-0.5317567474040786,RESP2,b3lyp-d3bj/dzvp,1.0,0.25,O,resp2,1,[H:16][C:7]1([C:6]([C:5]([C:4]([C:9]([C:8]1([H:18])[H:19])([H:20])[H:21])([H:11])[C:2](=[O:1])[O:3][H:10])([H:12])[H:13])([H:14])[H:15])[H:17],,
1,0.5296866370163872,RESP2,b3lyp-d3bj/dzvp,1.0,0.25,C,resp2,2,[H:16][C:7]1([C:6]([C:5]([C:4]([C:9]([C:8]1([H:18])[H:19])([H:20])[H:21])([H:11])[C:2](=[O:1])[O:3][H:10])([H:12])[H:13])([H:14])[H:15])[H:17],,
2,-0.5902134230416551,RESP2,b3lyp-d3bj/dzvp,1.0,0.25,O,resp2,3,[H:16][C:7]1([C:6]([C:5]([C:4]([C:9]([C:8]1([H:18])[H:19])([H:20])[H:21])([H:11])[C:2](=[O:1])[O:3][H:10])([H:12])[H:13])([H:14])[H:15])[H:17],,
3,0.1394178359309594,RESP2,b3lyp-d3bj/dzvp,1.0,0.25,C,resp2,4,[H:16][C:7]1([C:6]([C:5]([C:4]([C:9]([C:8]1([H:18])[H:19])([H:20])[H:21])([H:11])[C:2](=[O:1])[O:3][H:10])([H:12])[H:13])([H:14])[H:15])[H:17],,
4,-0.014582002138217063,RESP2,b3lyp-d3bj/dzvp,1.0,0.25,C,resp2,5,[H:16][C:7]1([C:6]([C:5]([C:4]([C:9]([C:8]1([H:18])[H:19])([H:20])[H:21])([H:11])[C:2](=[O:1])[O:3][H:10])([H:12])[H:13])([H:14])[H:15])[H:17],,
5,0.007599380607546517,RESP2,b3lyp-d3bj/dzvp,1.0,0.25,C,resp2,6,[H:16][C:7]1([C:6]([C:5]([C:4]([C:9]([C:8]1([H:18])[H:19])([H:20])[H:21])([H:11])[C:2](=[O:1])[O:3][H:10])([H:12])[H:13])([H:14])[H:15])[H:17],,
6,0.010108863051665362,RESP2,b3lyp-d3bj/dzvp,1.0,0.25,C,resp2,7,[H:16][C:7]1([C:6]([C:5]([C:4]([C:9]([C:8]1([H:18])[H:19])([H:20])[H:21])([H:11])[C:2](=[O:1])[O:3][H:10])([H:12])[H:13])([H:14])[H:15])[H:17],,
7,0.04431818764768235,RESP2,b3lyp-d3bj/dzvp,1.0,0.25,C,resp2,8,[H:16][C:7]1([C:6]([C:5]([C:4]([C:9]([C:8]1([H:18])[H:19])([H:20])[H:21])([H:11])[C:2](=[O:1])[O:3][H:10])([H:12])[H:13])([H:14])[H:15])[H:17],,
8,-0.020427554370250185,RESP2,b3lyp-d3bj/dzvp,1.0,0.25,C,resp2,9,[H:16][C:7]1([C:6]([C:5]([C:4]([C:9]([C:8]1([H:18])[H:19])([H:20])[H:21])([H:11])[C:2](=[O:1])[O:3][H:10])([H:12])[H:13])([H:14])[H:15])[H:17],,
9,0.444729850965034,RESP2,b3lyp-d3bj/dzvp,1.0,0.25,H,resp2,10,[H:16][C:7]1([C:6]([C:5]([C:4]([C:9]([C:8]1([H:18])[H:19])([H:20])[H:21])([H:11])[C:2](=[O:1])[O:3][H:10])([H:12])[H:13])([H:14])[H:15])[H:17],,
10,-0.01056338250118341,RESP2,b3lyp-d3bj/dzvp,1.0,0.25,H,resp2,11,[H:16][C:7]1([C:6]([C:5]([C:4]([C:9]([C:8]1([H:18])[H:19])([H:20])[H:21])([H:11])[C:2](=[O:1])[O:3][H:10])([H:12])[H:13])([H:14])[H:15])[H:17],,
11,0.009179926524966164,RESP2,b3lyp-d3bj/dzvp,1.0,0.25,H,resp2,12,[H:16][C:7]1([C:6]([C:5]([C:4]([C:9]([C:8]1([H:18])[H:19])([H:20])[H:21])([H:11])[C:2](=[O:1])[O:3][H:10])([H:12])[H:13])([H:14])[H:15])[H:17],,
12,0.0008646682568090112,RESP2,b3lyp-d3bj/dzvp,1.0,0.25,H,resp2,13,[H:16][C:7]1([C:6]([C:5]([C:4]([C:9]([C:8]1([H:18])[H:19])([H:20])[H:21])([H:11])[C:2](=[O:1])[O:3][H:10])([H:12])[H:13])([H:14])[H:15])[H:17],,
13,0.0005399380839610588,RESP2,b3lyp-d3bj/dzvp,1.0,0.25,H,resp2,14,[H:16][C:7]1([C:6]([C:5]([C:4]([C:9]([C:8]1([H:18])[H:19])([H:20])[H:21])([H:11])[C:2](=[O:1])[O:3][H:10])([H:12])[H:13])([H:14])[H:15])[H:17],,
14,0.00129733154193247,RESP2,b3lyp-d3bj/dzvp,1.0,0.25,H,resp2,15,[H:16][C:7]1([C:6]([C:5]([C:4]([C:9]([C:8]1([H:18])[H:19])([H:20])[H:21])([H:11])[C:2](=[O:1])[O:3][H:10])([H:12])[H:13])([H:14])[H:15])[H:17],,
15,-0.00656594823412961,RESP2,b3lyp-d3bj/dzvp,1.0,0.25,H,resp2,16,[H:16][C:7]1([C:6]([C:5]([C:4]([C:9]([C:8]1([H:18])[H:19])([H:20])[H:21])([H:11])[C:2](=[O:1])[O:3][H:10])([H:12])[H:13])([H:14])[H:15])[H:17],,
16,-0.002589986676404332,RESP2,b3lyp-d3bj/dzvp,1.0,0.25,H,resp2,17,[H:16][C:7]1([C:6]([C:5]([C:4]([C:9]([C:8]1([H:18])[H:19])([H:20])[H:21])([H:11])[C:2](=[O:1])[O:3][H:10])([H:12])[H:13])([H:14])[H:15])[H:17],,
17,-0.010616073343773237,RESP2,b3lyp-d3bj/dzvp,1.0,0.25,H,resp2,18,[H:16][C:7]1([C:6]([C:5]([C:4]([C:9]([C:8]1([H:18])[H:19])([H:20])[H:21])([H:11])[C:2](=[O:1])[O:3][H:10])([H:12])[H:13])([H:14])[H:15])[H:17],,
18,-0.013171376787257577,RESP2,b3lyp-d3bj/dzvp,1.0,0.25,H,resp2,19,[H:16][C:7]1([C:6]([C:5]([C:4]([C:9]([C:8]1([H:18])[H:19])([H:20])[H:21])([H:11])[C:2](=[O:1])[O:3][H:10])([H:12])[H:13])([H:14])[H:15])[H:17],,
19,0.007468848630751007,RESP2,b3lyp-d3bj/dzvp,1.0,0.25,H,resp2,20,[H:16][C:7]1([C:6]([C:5]([C:4]([C:9]([C:8]1([H:18])[H:19])([H:20])[H:21])([H:11])[C:2](=[O:1])[O:3][H:10])([H:12])[H:13])([H:14])[H:15])[H:17],,
20,0.005275026239254859,RESP2,b3lyp-d3bj/dzvp,1.0,0.25,H,resp2,21,[H:16][C:7]1([C:6]([C:5]([C:4]([C:9]([C:8]1([H:18])[H:19])([H:20])[H:21])([H:11])[C:2](=[O:1])[O:3][H:10])([H:12])[H:13])([H:14])[H:15])[H:17],,
0,-0.5353737792417528,RESP2,b3lyp-d3bj/dzvp,1.0,0.30000000000000004,O,resp2,1,[H:16][C:7]1([C:6]([C:5]([C:4]([C:9]([C:8]1([H:18])[H:19])([H:20])[H:21])([H:11])[C:2](=[O:1])[O:3][H:10])([H:12])[H:13])([H:14])[H:15])[H:17],,
1,0.5318219596354947,RESP2,b3lyp-d3bj/dzvp,1.0,0.30000000000000004,C,resp2,2,[H:16][C:7]1([C:6]([C:5]([C:4]([C:9]([C:8]1([H:18])[H:19])([H:20])[H:21])([H:11])[C:2](=[O:1])[O:3][H:10])([H:12])[H:13])([H:14])[H:15])[H:17],,
2,-0.5918400140514859,RESP2,b3lyp-d3bj/dzvp,1.0,0.30000000000000004,O,resp2,3,[H:16][C:7]1([C:6]([C:5]([C:4]([C:9]([C:8]1([H:18])[H:19])([H:20])[H:21])([H:11])[C:2](=[O:1])[O:3][H:10])([H:12])[H:13])([H:14])[H:15])[H:17],,
3,0.13789770827989692,RESP2,b3lyp-d3bj/dzvp,1.0,0.30000000000000004,C,resp2,4,[H:16][C:7]1([C:6]([C:5]([C:4]([C:9]([C:8]1([H:18])[H:19])([H:20])[H:21])([H:11])[C:2](=[O:1])[O:3][H:10])([H:12])[H:13])([H:14])[H:15])[H:17],,
4,-0.013805948970419837,RESP2,b3lyp-d3bj/dzvp,1.0,0.30000000000000004,C,resp2,5,[H:16][C:7]1([C:6]([C:5]([C:4]([C:9]([C:8]1([H:18])[H:19])([H:20])[H:21])([H:11])[C:2](=[O:1])[O:3][H:10])([H:12])[H:13])([H:14])[H:15])[H:17],,
5,0.007951411655538133,RESP2,b3lyp-d3bj/dzvp,1.0,0.30000000000000004,C,resp2,6,[H:16][C:7]1([C:6]([C:5]([C:4]([C:9]([C:8]1([H:18])[H:19])([H:20])[H:21])([H:11])[C:2](=[O:1])[O:3][H:10])([H:12])[H:13])([H:14])[H:15])[H:17],,
6,0.012819593554800904,RESP2,b3lyp-d3bj/dzvp,1.0,0.30000000000000004,C,resp2,7,[H:16][C:7]1([C:6]([C:5]([C:4]([C:9]([C:8]1([H:18])[H:19])([H:20])[H:21])([H:11])[C:2](=[O:1])[O:3][H:10])([H:12])[H:13])([H:14])[H:15])[H:17],,
7,0.0422975567522273,RESP2,b3lyp-d3bj/dzvp,1.0,0.30000000000000004,C,resp2,8,[H:16][C:7]1([C:6]([C:5]([C:4]([C:9]([C:8]1([H:18])[H:19])([H:20])[H:21])([H:11])[C:2](=[O:1])[O:3][H:10])([H:12])[H:13])([H:14])[H:15])[H:17],,
8,-0.019243141856391283,RESP2,b3lyp-d3bj/dzvp,1.0,0.30000000000000004,C,resp2,9,[H:16][C:7]1([C:6]([C:5]([C:4]([C:9]([C:8]1([H:18])[H:19])([H:20])[H:21])([H:11])[C:2](=[O:1])[O:3][H:10])([H:12])[H:13])([H:14])[H:15])[H:17],,
9,0.4468335120230287,RESP2,b3lyp-d3bj/dzvp,1.0,0.30000000000000004,H,resp2,10,[H:16][C:7]1([C:6]([C:5]([C:4]([C:9]([C:8]1([H:18])[H:19])([H:20])[H:21])([H:11])[C:2](=[O:1])[O:3][H:10])([H:12])[H:13])([H:14])[H:15])[H:17],,
10,-0.009495964025895818,RESP2,b3lyp-d3bj/dzvp,1.0,0.30000000000000004,H,resp2,11,[H:16][C:7]1([C:6]([C:5]([C:4]([C:9]([C:8]1([H:18])[H:19])([H:20])[H:21])([H:11])[C:2](=[O:1])[O:3][H:10])([H:12])[H:13])([H:14])[H:15])[H:17],,
11,0.008889951074210766,RESP2,b3lyp-d3bj/dzvp,1.0,0.30000000000000004,H,resp2,12,[H:16][C:7]1([C:6]([C:5]([C:4]([C:9]([C:8]1([H:18])[H:19])([H:20])[H:21])([H:11])[C:2](=[O:1])[O:3][H:10])([H:12])[H:13])([H:14])[H:15])[H:17],,
12,0.0010225878536728285,RESP2,b3lyp-d3bj/dzvp,1.0,0.30000000000000004,H,resp2,13,[H:16][C:7]1([C:6]([C:5]([C:4]([C:9]([C:8]1([H:18])[H:19])([H:20])[H:21])([H:11])[C:2](=[O:1])[O:3][H:10])([H:12])[H:13])([H:14])[H:15])[H:17],,
13,0.00026429612573065464,RESP2,b3lyp-d3bj/dzvp,1.0,0.30000000000000004,H,resp2,14,[H:16][C:7]1([C:6]([C:5]([C:4]([C:9]([C:8]1([H:18])[H:19])([H:20])[H:21])([H:11])[C:2](=[O:1])[O:3][H:10])([H:12])[H:13])([H:14])[H:15])[H:17],,
14,0.0009270929670636102,RESP2,b3lyp-d3bj/dzvp,1.0,0.30000000000000004,H,resp2,15,[H:16][C:7]1([C:6]([C:5]([C:4]([C:9]([C:8]1([H:18])[H:19])([H:20])[H:21])([H:11])[C:2](=[O:1])[O:3][H:10])([H:12])[H:13])([H:14])[H:15])[H:17],,
15,-0.007261075640213821,RESP2,b3lyp-d3bj/dzvp,1.0,0.30000000000000004,H,resp2,16,[H:16][C:7]1([C:6]([C:5]([C:4]([C:9]([C:8]1([H:18])[H:19])([H:20])[H:21])([H:11])[C:2](=[O:1])[O:3][H:10])([H:12])[H:13])([H:14])[H:15])[H:17],,
16,-0.003308465208001608,RESP2,b3lyp-d3bj/dzvp,1.0,0.30000000000000004,H,resp2,17,[H:16][C:7]1([C:6]([C:5]([C:4]([C:9]([C:8]1([H:18])[H:19])([H:20])[H:21])([H:11])[C:2](=[O:1])[O:3][H:10])([H:12])[H:13])([H:14])[H:15])[H:17],,
17,-0.010148767348004203,RESP2,b3lyp-d3bj/dzvp,1.0,0.30000000000000004,H,resp2,18,[H:16][C:7]1([C:6]([C:5]([C:4]([C:9]([C:8]1([H:18])[H:19])([H:20])[H:21])([H:11])[C:2](=[O:1])[O:3][H:10])([H:12])[H:13])([H:14])[H:15])[H:17],,
18,-0.012710955465780098,RESP2,b3lyp-d3bj/dzvp,1.0,0.30000000000000004,H,resp2,19,[H:16][C:7]1([C:6]([C:5]([C:4]([C:9]([C:8]1([H:18])[H:19])([H:20])[H:21])([H:11])[C:2](=[O:1])[O:3][H:10])([H:12])[H:13])([H:14])[H:15])[H:17],,
19,0.0072663887541479415,RESP2,b3lyp-d3bj/dzvp,1.0,0.30000000000000004,H,resp2,20,[H:16][C:7]1([C:6]([C:5]([C:4]([C:9]([C:8]1([H:18])[H:19])([H:20])[H:21])([H:11])[C:2](=[O:1])[O:3][H:10])([H:12])[H:13])([H:14])[H:15])[H:17],,
20,0.0051960531321327335,RESP2,b3lyp-d3bj/dzvp,1.0,0.30000000000000004,H,resp2,21,[H:16][C:7]1([C:6]([C:5]([C:4]([C:9]([C:8]1([H:18])[H:19])([H:20])[H:21])([H:11])[C:2](=[O:1])[O:3][H:10])([H:12])[H:13])([H:14])[H:15])[H:17],,
0,-0.5389908110794268,RESP2,b3lyp-d3bj/dzvp,1.0,0.35000000000000003,O,resp2,1,[H:16][C:7]1([C:6]([C:5]([C:4]([C:9]([C:8]1([H:18])[H:19])([H:20])[H:21])([H:11])[C:2](=[O:1])[O:3][H:10])([H:12])[H:13])([H:14])[H:15])[H:17],,
1,0.5339572822546024,RESP2,b3lyp-d3bj/dzvp,1.0,0.35000000000000003,C,resp2,2,[H:16][C:7]1([C:6]([C:5]([C:4]([C:9]([C:8]1([H:18])[H:19])([H:20])[H:21])([H:11])[C:2](=[O:1])[O:3][H:10])([H:12])[H:13])([H:14])[H:15])[H:17],,
2,-0.5934666050613167,RESP2,b3lyp-d3bj/dzvp,1.0,0.35000000000000003,O,resp2,3,[H:16][C:7]1([C:6]([C:5]([C:4]([C:9]([C:8]1([H:18])[H:19])([H:20])[H:21])([H:11])[C:2](=[O:1])[O:3][H:10])([H:12])[H:13])([H:14])[H:15])[H:17],,
3,0.13637758062883443,RESP2,b3lyp-d3bj/dzvp,1.0,0.35000000000000003,C,resp2,4,[H:16][C:7]1([C:6]([C:5]([C:4]([C:9]([C:8]1([H:18])[H:19])([H:20])[H:21])([H:11])[C:2](=[O:1])[O:3][H:10])([H:12])[H:13])([H:14])[H:15])[H:17],,
4,-0.013029895802622598,RESP2,b3lyp-d3bj/dzvp,1.0,0.35000000000000003,C,resp2,5,[H:16][C:7]1([C:6]([C:5]([C:4]([C:9]([C:8]1([H:18])[H:19])([H:20])[H:21])([H:11])[C:2](=[O:1])[O:3][H:10])([H:12])[H:13])([H:14])[H:15])[H:17],,
5,0.00830344270352976,RESP2,b3lyp-d3bj/dzvp,1.0,0.35000000000000003,C,resp2,6,[H:16][C:7]1([C:6]([C:5]([C:4]([C:9]([C:8]1([H:18])[H:19])([H:20])[H:21])([H:11])[C:2](=[O:1])[O:3][H:10])([H:12])[H:13])([H:14])[H:15])[H:17],,
6,0.015530324057936454,RESP2,b3lyp-d3bj/dzvp,1.0,0.35000000000000003,C,resp2,7,[H:16][C:7]1([C:6]([C:5]([C:4]([C:9]([C:8]1([H:18])[H:19])([H:20])[H:21])([H:11])[C:2](=[O:1])[O:3][H:10])([H:12])[H:13])([H:14])[H:15])[H:17],,
7,0.040276925856772276,RESP2,b3lyp-d3bj/dzvp,1.0,0.35000000000000003,C,resp2,8,[H:16][C:7]1([C:6]([C:5]([C:4]([C:9]([C:8]1([H:18])[H:19])([H:20])[H:21])([H:11])[C:2](=[O:1])[O:3][H:10])([H:12])[H:13])([H:14])[H:15])[H:17],,
8,-0.018058729342532363,RESP2,b3lyp-d3bj/dzvp,1.0,0.35000000000000003,C,resp2,9,[H:16][C:7]1([C:6]([C:5]([C:4]([C:9]([C:8]1([H:18])[H:19])([H:20])[H:21])([H:11])[C:2](=[O:1])[O:3][H:10])([H:12])[H:13])([H:14])[H:15])[H:17],,
9,0.4489371730810234,RESP2,b3lyp-d3bj/dzvp,1.0,0.35000000000000003,H,resp2,10,[H:16][C:7]1([C:6]([C:5]([C:4]([C:9]([C:8]1([H:18])[H:19])([H:20])[H:21])([H:11])[C:2](=[O:1])[O:3][H:10])([H:12])[H:13])([H:14])[H:15])[H:17],,
10,-0.008428545550608213,RESP2,b3lyp-d3bj/dzvp,1.0,0.35000000000000003,H,resp2,11,[H:16][C:7]1([C:6]([C:5]([C:4]([C:9]([C:8]1([H:18])[H:19])([H:20])[H:21])([H:11])[C:2](=[O:1])[O:3][H:10])([H:12])[H:13])([H:14])[H:15])[H:17],,
11,0.008599975623455384,RESP2,b3lyp-d3bj/dzvp,1.0,0.35000000000000003,H,resp2,12,[H:16][C:7]1([C:6]([C:5]([C:4]([C:9]([C:8]1([H:18])[H:19])([H:20])[H:21])([H:11])[C:2](=[O:1])[O:3][H:10])([H:12])[H:13])([H:14])[H:15])[H:17],,
12,0.001180507450536659,RESP2,b3lyp-d3bj/dzvp,1.0,0.35000000000000003,H,resp2,13,[H:16][C:7]1([C:6]([C:5]([C:4]([C:9]([C:8]1([H:18])[H:19])([H:20])[H:21])([H:11])[C:2](=[O:1])[O:3][H:10])([H:12])[H:13])([H:14])[H:15])[H:17],,
13,-1.134583249973612e-05,RESP2,b3lyp-d3bj/dzvp,1.0,0.35000000000000003,H,resp2,14,[H:16][C:7]1([C:6]([C:5]([C:4]([C:9]([C:8]1([H:18])[H:19])([H:20])[H:21])([H:11])[C:2](=[O:1])[O:3][H:10])([H:12])[H:13])([H:14])[H:15])[H:17],,
14,0.0005568543921947639,RESP2,b3lyp-d3bj/dzvp,1.0,0.35000000000000003,H,resp2,15,[H:16][C:7]1([C:6]([C:5]([C:4]([C:9]([C:8]1([H:18])[H:19])([H:20])[H:21])([H:11])[C:2](=[O:1])[O:3][H:10])([H:12])[H:13])([H:14])[H:15])[H:17],,
15,-0.00795620304629802,RESP2,b3lyp-d3bj/dzvp,1.0,0.35000000000000003,H,resp2,16,[H:16][C:7]1([C:6]([C:5]([C:4]([C:9]([C:8]1([H:18])[H:19])([H:20])[H:21])([H:11])[C:2](=[O:1])[O:3][H:10])([H:12])[H:13])([H:14])[H:15])[H:17],,
16,-0.004026943739598872,RESP2,b3lyp-d3bj/dzvp,1.0,0.35000000000000003,H,resp2,17,[H:16][C:7]1([C:6]([C:5]([C:4]([C:9]([C:8]1([H:18])[H:19])([H:20])[H:21])([H:11])[C:2](=[O:1])[O:3][H:10])([H:12])[H:13])([H:14])[H:15])[H:17],,
17,-0.009681461352235153,RESP2,b3lyp-d3bj/dzvp,1.0,0.35000000000000003,H,resp2,18,[H:16][C:7]1([C:6]([C:5]([C:4]([C:9]([C:8]1([H:18])[H:19])([H:20])[H:21])([H:11])[C:2](=[O:1])[O:3][H:10])([H:12])[H:13])([H:14])[H:15])[H:17],,
18,-0.012250534144302603,RESP2,b3lyp-d3bj/dzvp,1.0,0.35000000000000003,H,resp2,19,[H:16][C:7]1([C:6]([C:5]([C:4]([C:9]([C:8]1([H:18])[H:19])([H:20])[H:21])([H:11])[C:2](=[O:1])[O:3][H:10])([H:12])[H:13])([H:14])[H:15])[H:17],,
19,0.00706392887754489,RESP2,b3lyp-d3bj/dzvp,1.0,0.35000000000000003,H,resp2,20,[H:16][C:7]1([C:6]([C:5]([C:4]([C:9]([C:8]1([H:18])[H:19])([H:20])[H:21])([H:11])[C:2](=[O:1])[O:3][H:10])([H:12])[H:13])([H:14])[H:15])[H:17],,
20,0.005117080025010621,RESP2,b3lyp-d3bj/dzvp,1.0,0.35000000000000003,H,resp2,21,[H:16][C:7]1([C:6]([C:5]([C:4]([C:9]([C:8]1([H:18])[H:19])([H:20])[H:21])([H:11])[C:2](=[O:1])[O:3][H:10])([H:12])[H:13])([H:14])[H:15])[H:17],,
0,-0.5426078429171011,RESP2,b3lyp-d3bj/dzvp,1.0,0.4,O,resp2,1,[H:16][C:7]1([C:6]([C:5]([C:4]([C:9]([C:8]1([H:18])[H:19])([H:20])[H:21])([H:11])[C:2](=[O:1])[O:3][H:10])([H:12])[H:13])([H:14])[H:15])[H:17],,
1,0.5360926048737102,RESP2,b3lyp-d3bj/dzvp,1.0,0.4,C,resp2,2,[H:16][C:7]1([C:6]([C:5]([C:4]([C:9]([C:8]1([H:18])[H:19])([H:20])[H:21])([H:11])[C:2](=[O:1])[O:3][H:10])([H:12])[H:13])([H:14])[H:15])[H:17],,
2,-0.5950931960711473,RESP2,b3lyp-d3bj/dzvp,1.0,0.4,O,resp2,3,[H:16][C:7]1([C:6]([C:5]([C:4]([C:9]([C:8]1([H:18])[H:19])([H:20])[H:21])([H:11])[C:2](=[O:1])[O:3][H:10])([H:12])[H:13])([H:14])[H:15])[H:17],,
3,0.1348574529777719,RESP2,b3lyp-d3bj/dzvp,1.0,0.4,C,resp2,4,[H:16][C:7]1([C:6]([C:5]([C:4]([C:9]([C:8]1([H:18])[H:19])([H:20])[H:21])([H:11])[C:2](=[O:1])[O:3][H:10])([H:12])[H:13])([H:14])[H:15])[H:17],,
4,-0.012253842634825372,RESP2,b3lyp-d3bj/dzvp,1.0,0.4,C,resp2,5,[H:16][C:7]1([C:6]([C:5]([C:4]([C:9]([C:8]1([H:18])[H:19])([H:20])[H:21])([H:11])[C:2](=[O:1])[O:3][H:10])([H:12])[H:13])([H:14])[H:15])[H:17],,
5,0.008655473751521377,RESP2,b3lyp-d3bj/dzvp,1.0,0.4,C,resp2,6,[H:16][C:7]1([C:6]([C:5]([C:4]([C:9]([C:8]1([H:18])[H:19])([H:20])[H:21])([H:11])[C:2](=[O:1])[O:3][H:10])([H:12])[H:13])([H:14])[H:15])[H:17],,
6,0.018241054561071994,RESP2,b3lyp-d3bj/dzvp,1.0,0.4,C,resp2,7,[H:16][C:7]1([C:6]([C:5]([C:4]([C:9]([C:8]1([H:18])[H:19])([H:20])[H:21])([H:11])[C:2](=[O:1])[O:3][H:10])([H:12])[H:13])([H:14])[H:15])[H:17],,
7,0.038256294961317244,RESP2,b3lyp-d3bj/dzvp,1.0,0.4,C,resp2,8,[H:16][C:7]1([C:6]([C:5]([C:4]([C:9]([C:8]1([H:18])[H:19])([H:20])[H:21])([H:11])[C:2](=[O:1])[O:3][H:10])([H:12])[H:13])([H:14])[H:15])[H:17],,
8,-0.01687431682867346,RESP2,b3lyp-d3bj/dzvp,1.0,0.4,C,resp2,9,[H:16][C:7]1([C:6]([C:5]([C:4]([C:9]([C:8]1([H:18])[H:19])([H:20])[H:21])([H:11])[C:2](=[O:1])[O:3][H:10])([H:12])[H:13])([H:14])[H:15])[H:17],,
9,0.451040834139018,RESP2,b3lyp-d3bj/dzvp,1.0,0.4,H,resp2,10,[H:16][C:7]1([C:6]([C:5]([C:4]([C:9]([C:8]1([H:18])[H:19])([H:20])[H:21])([H:11])[C:2](=[O:1])[O:3][H:10])([H:12])[H:13])([H:14])[H:15])[H:17],,
10,-0.007361127075320616,RESP2,b3lyp-d3bj/dzvp,1.0,0.4,H,resp2,11,[H:16][C:7]1([C:6]([C:5]([C:4]([C:9]([C:8]1([H:18])[H:19])([H:20])[H:21])([H:11])[C:2](=[O:1])[O:3][H:10])([H:12])[H:13])([H:14])[H:15])[H:17],,
11,0.008310000172699993,RESP2,b3lyp-d3bj/dzvp,1.0,0.4,H,resp2,12,[H:16][C:7]1([C:6]([C:5]([C:4]([C:9]([C:8]1([H:18])[H:19])([H:20])[H:21])([H:11])[C:2](=[O:1])[O:3][H:10])([H:12])[H:13])([H:14])[H:15])[H:17],,
12,0.0013384270474004788,RESP2,b3lyp-d3bj/dzvp,1.0,0.4,H,resp2,13,[H:16][C:7]1([C:6]([C:5]([C:4]([C:9]([C:8]1([H:18])[H:19])([H:20])[H:21])([H:11])[C:2](=[O:1])[O:3][H:10])([H:12])[H:13])([H:14])[H:15])[H:17],,
13,-0.0002869877907301374,RESP2,b3lyp-d3bj/dzvp,1.0,0.4,H,resp2,14,[H:16][C:7]1([C:6]([C:5]([C:4]([C:9]([C:8]1([H:18])[H:19])([H:20])[H:21])([H:11])[C:2](=[O:1])[O:3][H:10])([H:12])[H:13])([H:14])[H:15])[H:17],,
14,0.00018661581732590753,RESP2,b3lyp-d3bj/dzvp,1.0,0.4,H,resp2,15,[H:16][C:7]1([C:6]([C:5]([C:4]([C:9]([C:8]1([H:18])[H:19])([H:20])[H:21])([H:11])[C:2](=[O:1])[O:3][H:10])([H:12])[H:13])([H:14])[H:15])[H:17],,
15,-0.008651330452382226,RESP2,b3lyp-d3bj/dzvp,1.0,0.4,H,resp2,16,[H:16][C:7]1([C:6]([C:5]([C:4]([C:9]([C:8]1([H:18])[H:19])([H:20])[H:21])([H:11])[C:2](=[O:1])[O:3][H:10])([H:12])[H:13])([H:14])[H:15])[H:17],,
16,-0.004745422271196145,RESP2,b3lyp-d3bj/dzvp,1.0,0.4,H,resp2,17,[H:16][C:7]1([C:6]([C:5]([C:4]([C:9]([C:8]1([H:18])[H:19])([H:20])[H:21])([H:11])[C:2](=[O:1])[O:3][H:10])([H:12])[H:13])([H:14])[H:15])[H:17],,
17,-0.009214155356466117,RESP2,b3lyp-d3bj/dzvp,1.0,0.4,H,resp2,18,[H:16][C:7]1([C:6]([C:5]([C:4]([C:9]([C:8]1([H:18])[H:19])([H:20])[H:21])([H:11])[C:2](=[O:1])[O:3][H:10])([H:12])[H:13])([H:14])[H:15])[H:17],,
18,-0.011790112822825122,RESP2,b3lyp-d3bj/dzvp,1.0,0.4,H,resp2,19,[H:16][C:7]1([C:6]([C:5]([C:4]([C:9]([C:8]1([H:18])[H:19])([H:20])[H:21])([H:11])[C:2](=[O:1])[O:3][H:10])([H:12])[H:13])([H:14])[H:15])[H:17],,
19,0.006861469000941827,RESP2,b3lyp-d3bj/dzvp,1.0,0.4,H,resp2,20,[H:16][C:7]1([C:6]([C:5]([C:4]([C:9]([C:8]1([H:18])[H:19])([H:20])[H:21])([H:11])[C:2](=[O:1])[O:3][H:10])([H:12])[H:13])([H:14])[H:15])[H:17],,
20,0.005038106917888497,RESP2,b3lyp-d3bj/dzvp,1.0,0.4,H,resp2,21,[H:16][C:7]1([C:6]([C:5]([C:4]([C:9]([C:8]1([H:18])[H:19])([H:20])[H:21])([H:11])[C:2](=[O:1])[O:3][H:10])([H:12])[H:13])([H:14])[H:15])[H:17],,
0,-0.5462248747547751,RESP2,b3lyp-d3bj/dzvp,1.0,0.45,O,resp2,1,[H:16][C:7]1([C:6]([C:5]([C:4]([C:9]([C:8]1([H:18])[H:19])([H:20])[H:21])([H:11])[C:2](=[O:1])[O:3][H:10])([H:12])[H:13])([H:14])[H:15])[H:17],,
1,0.5382279274928179,RESP2,b3lyp-d3bj/dzvp,1.0,0.45,C,resp2,2,[H:16][C:7]1([C:6]([C:5]([C:4]([C:9]([C:8]1([H:18])[H:19])([H:20])[H:21])([H:11])[C:2](=[O:1])[O:3][H:10])([H:12])[H:13])([H:14])[H:15])[H:17],,
2,-0.596719787080978,RESP2,b3lyp-d3bj/dzvp,1.0,0.45,O,resp2,3,[H:16][C:7]1([C:6]([C:5]([C:4]([C:9]([C:8]1([H:18])[H:19])([H:20])[H:21])([H:11])[C:2](=[O:1])[O:3][H:10])([H:12])[H:13])([H:14])[H:15])[H:17],,
3,0.13333732532670944,RESP2,b3lyp-d3bj/dzvp,1.0,0.45,C,resp2,4,[H:16][C:7]1([C:6]([C:5]([C:4]([C:9]([C:8]1([H:18])[H:19])([H:20])[H:21])([H:11])[C:2](=[O:1])[O:3][H:10])([H:12])[H:13])([H:14])[H:15])[H:17],,
4,-0.011477789467028142,RESP2,b3lyp-d3bj/dzvp,1.0,0.45,C,resp2,5,[H:16][C:7]1([C:6]([C:5]([C:4]([C:9]([C:8]1([H:18])[H:19])([H:20])[H:21])([H:11])[C:2](=[O:1])[O:3][H:10])([H:12])[H:13])([H:14])[H:15])[H:17],,
5,0.009007504799512997,RESP2,b3lyp-d3bj/dzvp,1.0,0.45,C,resp2,6,[H:16][C:7]1([C:6]([C:5]([C:4]([C:9]([C:8]1([H:18])[H:19])([H:20])[H:21])([H:11])[C:2](=[O:1])[O:3][H:10])([H:12])[H:13])([H:14])[H:15])[H:17],,
6,0.02095178506420754,RESP2,b3lyp-d3bj/dzvp,1.0,0.45,C,resp2,7,[H:16][C:7]1([C:6]([C:5]([C:4]([C:9]([C:8]1([H:18])[H:19])([H:20])[H:21])([H:11])[C:2](=[O:1])[O:3][H:10])([H:12])[H:13])([H:14])[H:15])[H:17],,
7,0.036235664065862205,RESP2,b3lyp-d3bj/dzvp,1.0,0.45,C,resp2,8,[H:16][C:7]1([C:6]([C:5]([C:4]([C:9]([C:8]1([H:18])[H:19])([H:20])[H:21])([H:11])[C:2](=[O:1])[O:3][H:10])([H:12])[H:13])([H:14])[H:15])[H:17],,
8,-0.01568990431481455,RESP2,b3lyp-d3bj/dzvp,1.0,0.45,C,resp2,9,[H:16][C:7]1([C:6]([C:5]([C:4]([C:9]([C:8]1([H:18])[H:19])([H:20])[H:21])([H:11])[C:2](=[O:1])[O:3][H:10])([H:12])[H:13])([H:14])[H:15])[H:17],,
9,0.4531444951970127,RESP2,b3lyp-d3bj/dzvp,1.0,0.45,H,resp2,10,[H:16][C:7]1([C:6]([C:5]([C:4]([C:9]([C:8]1([H:18])[H:19])([H:20])[H:21])([H:11])[C:2](=[O:1])[O:3][H:10])([H:12])[H:13])([H:14])[H:15])[H:17],,
10,-0.00629370860003302,RESP2,b3lyp-d3bj/dzvp,1.0,0.45,H,resp2,11,[H:16][C:7]1([C:6]([C:5]([C:4]([C:9]([C:8]1([H:18])[H:19])([H:20])[H:21])([H:11])[C:2](=[O:1])[O:3][H:10])([H:12])[H:13])([H:14])[H:15])[H:17],,
11,0.008020024721944605,RESP2,b3lyp-d3bj/dzvp,1.0,0.45,H,resp2,12,[H:16][C:7]1([C:6]([C:5]([C:4]([C:9]([C:8]1([H:18])[H:19])([H:20])[H:21])([H:11])[C:2](=[O:1])[O:3][H:10])([H:12])[H:13])([H:14])[H:15])[H:17],,
12,0.0014963466442643016,RESP2,b3lyp-d3bj/dzvp,1.0,0.45,H,resp2,13,[H:16][C:7]1([C:6]([C:5]([C:4]([C:9]([C:8]1([H:18])[H:19])([H:20])[H:21])([H:11])[C:2](=[O:1])[O:3][H:10])([H:12])[H:13])([H:14])[H:15])[H:17],,
13,-0.0005626297489605357,RESP2,b3lyp-d3bj/dzvp,1.0,0.45,H,resp2,14,[H:16][C:7]1([C:6]([C:5]([C:4]([C:9]([C:8]1([H:18])[H:19])([H:20])[H:21])([H:11])[C:2](=[O:1])[O:3][H:10])([H:12])[H:13])([H:14])[H:15])[H:17],,
14,-0.00018362275754294624,RESP2,b3lyp-d3bj/dzvp,1.0,0.45,H,resp2,15,[H:16][C:7]1([C:6]([C:5]([C:4]([C:9]([C:8]1([H:18])[H:19])([H:20])[H:21])([H:11])[C:2](=[O:1])[O:3][H:10])([H:12])[H:13])([H:14])[H:15])[H:17],,
15,-0.009346457858466429,RESP2,b3lyp-d3bj/dzvp,1.0,0.45,H,resp2,16,[H:16][C:7]1([C:6]([C:5]([C:4]([C:9]([C:8]1([H:18])[H:19])([H:20])[H:21])([H:11])[C:2](=[O:1])[O:3][H:10])([H:12])[H:13])([H:14])[H:15])[H:17],,
16,-0.005463900802793415,RESP2,b3lyp-d3bj/dzvp,1.0,0.45,H,resp2,17,[H:16][C:7]1([C:6]([C:5]([C:4]([C:9]([C:8]1([H:18])[H:19])([H:20])[H:21])([H:11])[C:2](=[O:1])[O:3][H:10])([H:12])[H:13])([H:14])[H:15])[H:17],,
17,-0.008746849360697077,RESP2,b3lyp-d3bj/dzvp,1.0,0.45,H,resp2,18,[H:16][C:7]1([C:6]([C:5]([C:4]([C:9]([C:8]1([H:18])[H:19])([H:20])[H:21])([H:11])[C:2](=[O:1])[O:3][H:10])([H:12])[H:13])([H:14])[H:15])[H:17],,
18,-0.011329691501347638,RESP2,b3lyp-d3bj/dzvp,1.0,0.45,H,resp2,19,[H:16][C:7]1([C:6]([C:5]([C:4]([C:9]([C:8]1([H:18])[H:19])([H:20])[H:21])([H:11])[C:2](=[O:1])[O:3][H:10])([H:12])[H:13])([H:14])[H:15])[H:17],,
19,0.006659009124338768,RESP2,b3lyp-d3bj/dzvp,1.0,0.45,H,resp2,20,[H:16][C:7]1([C:6]([C:5]([C:4]([C:9]([C:8]1([H:18])[H:19])([H:20])[H:21])([H:11])[C:2](=[O:1])[O:3][H:10])([H:12])[H:13])([H:14])[H:15])[H:17],,
20,0.004959133810766376,RESP2,b3lyp-d3bj/dzvp,1.0,0.45,H,resp2,21,[H:16][C:7]1([C:6]([C:5]([C:4]([C:9]([C:8]1([H:18])[H:19])([H:20])[H:21])([H:11])[C:2](=[O:1])[O:3][H:10])([H:12])[H:13])([H:14])[H:15])[H:17],,
0,-0.5498419065924492,RESP2,b3lyp-d3bj/dzvp,1.0,0.5,O,resp2,1,[H:16][C:7]1([C:6]([C:5]([C:4]([C:9]([C:8]1([H:18])[H:19])([H:20])[H:21])([H:11])[C:2](=[O:1])[O:3][H:10])([H:12])[H:13])([H:14])[H:15])[H:17],,
1,0.5403632501119257,RESP2,b3lyp-d3bj/dzvp,1.0,0.5,C,resp2,2,[H:16][C:7]1([C:6]([C:5]([C:4]([C:9]([C:8]1([H:18])[H:19])([H:20])[H:21])([H:11])[C:2](=[O:1])[O:3][H:10])([H:12])[H:13])([H:14])[H:15])[H:17],,
2,-0.5983463780908087,RESP2,b3lyp-d3bj/dzvp,1.0,0.5,O,resp2,3,[H:16][C:7]1([C:6]([C:5]([C:4]([C:9]([C:8]1([H:18])[H:19])([H:20])[H:21])([H:11])[C:2](=[O:1])[O:3][H:10])([H:12])[H:13])([H:14])[H:15])[H:17],,
3,0.13181719767564692,RESP2,b3lyp-d3bj/dzvp,1.0,0.5,C,resp2,4,[H:16][C:7]1([C:6]([C:5]([C:4]([C:9]([C:8]1([H:18])[H:19])([H:20])[H:21])([H:11])[C:2](=[O:1])[O:3][H:10])([H:12])[H:13])([H:14])[H:15])[H:17],,
4,-0.01070173629923091,RESP2,b3lyp-d3bj/dzvp,1.0,0.5,C,resp2,5,[H:16][C:7]1([C:6]([C:5]([C:4]([C:9]([C:8]1([H:18])[H:19])([H:20])[H:21])([H:11])[C:2](=[O:1])[O:3][H:10])([H:12])[H:13])([H:14])[H:15])[H:17],,
5,0.009359535847504617,RESP2,b3lyp-d3bj/dzvp,1.0,0.5,C,resp2,6,[H:16][C:7]1([C:6]([C:5]([C:4]([C:9]([C:8]1([H:18])[H:19])([H:20])[H:21])([H:11])[C:2](=[O:1])[O:3][H:10])([H:12])[H:13])([H:14])[H:15])[H:17],,
6,0.02366251556734308,RESP2,b3lyp-d3bj/dzvp,1.0,0.5,C,resp2,7,[H:16][C:7]1([C:6]([C:5]([C:4]([C:9]([C:8]1([H:18])[H:19])([H:20])[H:21])([H:11])[C:2](=[O:1])[O:3][H:10])([H:12])[H:13])([H:14])[H:15])[H:17],,
7,0.03421503317040717,RESP2,b3lyp-d3bj/dzvp,1.0,0.5,C,resp2,8,[H:16][C:7]1([C:6]([C:5]([C:4]([C:9]([C:8]1([H:18])[H:19])([H:20])[H:21])([H:11])[C:2](=[O:1])[O:3][H:10])([H:12])[H:13])([H:14])[H:15])[H:17],,
8,-0.01450549180095564,RESP2,b3lyp-d3bj/dzvp,1.0,0.5,C,resp2,9,[H:16][C:7]1([C:6]([C:5]([C:4]([C:9]([C:8]1([H:18])[H:19])([H:20])[H:21])([H:11])[C:2](=[O:1])[O:3][H:10])([H:12])[H:13])([H:14])[H:15])[H:17],,
9,0.4552481562550074,RESP2,b3lyp-d3bj/dzvp,1.0,0.5,H,resp2,10,[H:16][C:7]1([C:6]([C:5]([C:4]([C:9]([C:8]1([H:18])[H:19])([H:20])[H:21])([H:11])[C:2](=[O:1])[O:3][H:10])([H:12])[H:13])([H:14])[H:15])[H:17],,
10,-0.0052262901247454195,RESP2,b3lyp-d3bj/dzvp,1.0,0.5,H,resp2,11,[H:16][C:7]1([C:6]([C:5]([C:4]([C:9]([C:8]1([H:18])[H:19])([H:20])[H:21])([H:11])[C:2](=[O:1])[O:3][H:10])([H:12])[H:13])([H:14])[H:15])[H:17],,
11,0.007730049271189215,RESP2,b3lyp-d3bj/dzvp,1.0,0.5,H,resp2,12,[H:16][C:7]1([C:6]([C:5]([C:4]([C:9]([C:8]1([H:18])[H:19])([H:20])[H:21])([H:11])[C:2](=[O:1])[O:3][H:10])([H:12])[H:13])([H:14])[H:15])[H:17],,
12,0.0016542662411281265,RESP2,b3lyp-d3bj/dzvp,1.0,0.5,H,resp2,13,[H:16][C:7]1([C:6]([C:5]([C:4]([C:9]([C:8]1([H:18])[H:19])([H:20])[H:21])([H:11])[C:2](=[O:1])[O:3][H:10])([H:12])[H:13])([H:14])[H:15])[H:17],,
13,-0.0008382717071909319,RESP2,b3lyp-d3bj/dzvp,1.0,0.5,H,resp2,14,[H:16][C:7]1([C:6]([C:5]([C:4]([C:9]([C:8]1([H:18])[H:19])([H:20])[H:21])([H:11])[C:2](=[O:1])[O:3][H:10])([H:12])[H:13])([H:14])[H:15])[H:17],,
14,-0.0005538613324117981,RESP2,b3lyp-d3bj/dzvp,1.0,0.5,H,resp2,15,[H:16][C:7]1([C:6]([C:5]([C:4]([C:9]([C:8]1([H:18])[H:19])([H:20])[H:21])([H:11])[C:2](=[O:1])[O:3][H:10])([H:12])[H:13])([H:14])[H:15])[H:17],,
15,-0.010041585264550634,RESP2,b3lyp-d3bj/dzvp,1.0,0.5,H,resp2,16,[H:16][C:7]1([C:6]([C:5]([C:4]([C:9]([C:8]1([H:18])[H:19])([H:20])[H:21])([H:11])[C:2](=[O:1])[O:3][H:10])([H:12])[H:13])([H:14])[H:15])[H:17],,
16,-0.0061823793343906835,RESP2,b3lyp-d3bj/dzvp,1.0,0.5,H,resp2,17,[H:16][C:7]1([C:6]([C:5]([C:4]([C:9]([C:8]1([H:18])[H:19])([H:20])[H:21])([H:11])[C:2](=[O:1])[O:3][H:10])([H:12])[H:13])([H:14])[H:15])[H:17],,
17,-0.008279543364928034,RESP2,b3lyp-d3bj/dzvp,1.0,0.5,H,resp2,18,[H:16][C:7]1([C:6]([C:5]([C:4]([C:9]([C:8]1([H:18])[H:19])([H:20])[H:21])([H:11])[C:2](=[O:1])[O:3][H:10])([H:12])[H:13])([H:14])[H:15])[H:17],,
18,-0.01086927017987015,RESP2,b3lyp-d3bj/dzvp,1.0,0.5,H,resp2,19,[H:16][C:7]1([C:6]([C:5]([C:4]([C:9]([C:8]1([H:18])[H:19])([H:20])[H:21])([H:11])[C:2](=[O:1])[O:3][H:10])([H:12])[H:13])([H:14])[H:15])[H:17],,
19,0.00645654924773571,RESP2,b3lyp-d3bj/dzvp,1.0,0.5,H,resp2,20,[H:16][C:7]1([C:6]([C:5]([C:4]([C:9]([C:8]1([H:18])[H:19])([H:20])[H:21])([H:11])[C:2](=[O:1])[O:3][H:10])([H:12])[H:13])([H:14])[H:15])[H:17],,
20,0.004880160703644258,RESP2,b3lyp-d3bj/dzvp,1.0,0.5,H,resp2,21,[H:16][C:7]1([C:6]([C:5]([C:4]([C:9]([C:8]1([H:18])[H:19])([H:20])[H:21])([H:11])[C:2](=[O:1])[O:3][H:10])([H:12])[H:13])([H:14])[H:15])[H:17],,
0,-0.5534589384301234,RESP2,b3lyp-d3bj/dzvp,1.0,0.55,O,resp2,1,[H:16][C:7]1([C:6]([C:5]([C:4]([C:9]([C:8]1([H:18])[H:19])([H:20])[H:21])([H:11])[C:2](=[O:1])[O:3][H:10])([H:12])[H:13])([H:14])[H:15])[H:17],,
1,0.5424985727310334,RESP2,b3lyp-d3bj/dzvp,1.0,0.55,C,resp2,2,[H:16][C:7]1([C:6]([C:5]([C:4]([C:9]([C:8]1([H:18])[H:19])([H:20])[H:21])([H:11])[C:2](=[O:1])[O:3][H:10])([H:12])[H:13])([H:14])[H:15])[H:17],,
2,-0.5999729691006394,RESP2,b3lyp-d3bj/dzvp,1.0,0.55,O,resp2,3,[H:16][C:7]1([C:6]([C:5]([C:4]([C:9]([C:8]1([H:18])[H:19])([H:20])[H:21])([H:11])[C:2](=[O:1])[O:3][H:10])([H:12])[H:13])([H:14])[H:15])[H:17],,
3,0.13029707002458443,RESP2,b3lyp-d3bj/dzvp,1.0,0.55,C,resp2,4,[H:16][C:7]1([C:6]([C:5]([C:4]([C:9]([C:8]1([H:18])[H:19])([H:20])[H:21])([H:11])[C:2](=[O:1])[O:3][H:10])([H:12])[H:13])([H:14])[H:15])[H:17],,
4,-0.00992568313143368,RESP2,b3lyp-d3bj/dzvp,1.0,0.55,C,resp2,5,[H:16][C:7]1([C:6]([C:5]([C:4]([C:9]([C:8]1([H:18])[H:19])([H:20])[H:21])([H:11])[C:2](=[O:1])[O:3][H:10])([H:12])[H:13])([H:14])[H:15])[H:17],,
5,0.00971156689549624,RESP2,b3lyp-d3bj/dzvp,1.0,0.55,C,resp2,6,[H:16][C:7]1([C:6]([C:5]([C:4]([C:9]([C:8]1([H:18])[H:19])([H:20])[H:21])([H:11])[C:2](=[O:1])[O:3][H:10])([H:12])[H:13])([H:14])[H:15])[H:17],,
6,0.026373246070478626,RESP2,b3lyp-d3bj/dzvp,1.0,0.55,C,resp2,7,[H:16][C:7]1([C:6]([C:5]([C:4]([C:9]([C:8]1([H:18])[H:19])([H:20])[H:21])([H:11])[C:2](=[O:1])[O:3][H:10])([H:12])[H:13])([H:14])[H:15])[H:17],,
7,0.032194402274952134,RESP2,b3lyp-d3bj/dzvp,1.0,0.55,C,resp2,8,[H:16][C:7]1([C:6]([C:5]([C:4]([C:9]([C:8]1([H:18])[H:19])([H:20])[H:21])([H:11])[C:2](=[O:1])[O:3][H:10])([H:12])[H:13])([H:14])[H:15])[H:17],,
8,-0.013321079287096728,RESP2,b3lyp-d3bj/dzvp,1.0,0.55,C,resp2,9,[H:16][C:7]1([C:6]([C:5]([C:4]([C:9]([C:8]1([H:18])[H:19])([H:20])[H:21])([H:11])[C:2](=[O:1])[O:3][H:10])([H:12])[H:13])([H:14])[H:15])[H:17],,
9,0.45735181731300206,RESP2,b3lyp-d3bj/dzvp,1.0,0.55,H,resp2,10,[H:16][C:7]1([C:6]([C:5]([C:4]([C:9]([C:8]1([H:18])[H:19])([H:20])[H:21])([H:11])[C:2](=[O:1])[O:3][H:10])([H:12])[H:13])([H:14])[H:15])[H:17],,
10,-0.004158871649457821,RESP2,b3lyp-d3bj/dzvp,1.0,0.55,H,resp2,11,[H:16][C:7]1([C:6]([C:5]([C:4]([C:9]([C:8]1([H:18])[H:19])([H:20])[H:21])([H:11])[C:2](=[O:1])[O:3][H:10])([H:12])[H:13])([H:14])[H:15])[H:17],,
11,0.007440073820433825,RESP2,b3lyp-d3bj/dzvp,1.0,0.55,H,resp2,12,[H:16][C:7]1([C:6]([C:5]([C:4]([C:9]([C:8]1([H:18])[H:19])([H:20])[H:21])([H:11])[C:2](=[O:1])[O:3][H:10])([H:12])[H:13])([H:14])[H:15])[H:17],,
12,0.001812185837991949,RESP2,b3lyp-d3bj/dzvp,1.0,0.55,H,resp2,13,[H:16][C:7]1([C:6]([C:5]([C:4]([C:9]([C:8]1([H:18])[H:19])([H:20])[H:21])([H:11])[C:2](=[O:1])[O:3][H:10])([H:12])[H:13])([H:14])[H:15])[H:17],,
13,-0.001113913665421331,RESP2,b3lyp-d3bj/dzvp,1.0,0.55,H,resp2,14,[H:16][C:7]1([C:6]([C:5]([C:4]([C:9]([C:8]1([H:18])[H:19])([H:20])[H:21])([H:11])[C:2](=[O:1])[O:3][H:10])([H:12])[H:13])([H:14])[H:15])[H:17],,
14,-0.0009240999072806524,RESP2,b3lyp-d3bj/dzvp,1.0,0.55,H,resp2,15,[H:16][C:7]1([C:6]([C:5]([C:4]([C:9]([C:8]1([H:18])[H:19])([H:20])[H:21])([H:11])[C:2](=[O:1])[O:3][H:10])([H:12])[H:13])([H:14])[H:15])[H:17],,
15,-0.010736712670634838,RESP2,b3lyp-d3bj/dzvp,1.0,0.55,H,resp2,16,[H:16][C:7]1([C:6]([C:5]([C:4]([C:9]([C:8]1([H:18])[H:19])([H:20])[H:21])([H:11])[C:2](=[O:1])[O:3][H:10])([H:12])[H:13])([H:14])[H:15])[H:17],,
16,-0.006900857865987955,RESP2,b3lyp-d3bj/dzvp,1.0,0.55,H,resp2,17,[H:16][C:7]1([C:6]([C:5]([C:4]([C:9]([C:8]1([H:18])[H:19])([H:20])[H:21])([H:11])[C:2](=[O:1])[O:3][H:10])([H:12])[H:13])([H:14])[H:15])[H:17],,
17,-0.007812237369158994,RESP2,b3lyp-d3bj/dzvp,1.0,0.55,H,resp2,18,[H:16][C:7]1([C:6]([C:5]([C:4]([C:9]([C:8]1([H:18])[H:19])([H:20])[H:21])([H:11])[C:2](=[O:1])[O:3][H:10])([H:12])[H:13])([H:14])[H:15])[H:17],,
18,-0.010408848858392664,RESP2,b3lyp-d3bj/dzvp,1.0,0.55,H,resp2,19,[H:16][C:7]1([C:6]([C:5]([C:4]([C:9]([C:8]1([H:18])[H:19])([H:20])[H:21])([H:11])[C:2](=[O:1])[O:3][H:10])([H:12])[H:13])([H:14])[H:15])[H:17],,
19,0.00625408937113265,RESP2,b3lyp-d3bj/dzvp,1.0,0.55,H,resp2,20,[H:16][C:7]1([C:6]([C:5]([C:4]([C:9]([C:8]1([H:18])[H:19])([H:20])[H:21])([H:11])[C:2](=[O:1])[O:3][H:10])([H:12])[H:13])([H:14])[H:15])[H:17],,
20,0.004801187596522137,RESP2,b3lyp-d3bj/dzvp,1.0,0.55,H,resp2,21,[H:16][C:7]1([C:6]([C:5]([C:4]([C:9]([C:8]1([H:18])[H:19])([H:20])[H:21])([H:11])[C:2](=[O:1])[O:3][H:10])([H:12])[H:13])([H:14])[H:15])[H:17],,
0,-0.5570759702677975,RESP2,b3lyp-d3bj/dzvp,1.0,0.6000000000000001,O,resp2,1,[H:16][C:7]1([C:6]([C:5]([C:4]([C:9]([C:8]1([H:18])[H:19])([H:20])[H:21])([H:11])[C:2](=[O:1])[O:3][H:10])([H:12])[H:13])([H:14])[H:15])[H:17],,
1,0.5446338953501411,RESP2,b3lyp-d3bj/dzvp,1.0,0.6000000000000001,C,resp2,2,[H:16][C:7]1([C:6]([C:5]([C:4]([C:9]([C:8]1([H:18])[H:19])([H:20])[H:21])([H:11])[C:2](=[O:1])[O:3][H:10])([H:12])[H:13])([H:14])[H:15])[H:17],,
2,-0.60159956011047,RESP2,b3lyp-d3bj/dzvp,1.0,0.6000000000000001,O,resp2,3,[H:16][C:7]1([C:6]([C:5]([C:4]([C:9]([C:8]1([H:18])[H:19])([H:20])[H:21])([H:11])[C:2](=[O:1])[O:3][H:10])([H:12])[H:13])([H:14])[H:15])[H:17],,
3,0.12877694237352194,RESP2,b3lyp-d3bj/dzvp,1.0,0.6000000000000001,C,resp2,4,[H:16][C:7]1([C:6]([C:5]([C:4]([C:9]([C:8]1([H:18])[H:19])([H:20])[H:21])([H:11])[C:2](=[O:1])[O:3][H:10])([H:12])[H:13])([H:14])[H:15])[H:17],,
4,-0.00914962996363645,RESP2,b3lyp-d3bj/dzvp,1.0,0.6000000000000001,C,resp2,5,[H:16][C:7]1([C:6]([C:5]([C:4]([C:9]([C:8]1([H:18])[H:19])([H:20])[H:21])([H:11])[C:2](=[O:1])[O:3][H:10])([H:12])[H:13])([H:14])[H:15])[H:17],,
5,0.01006359794348786,RESP2,b3lyp-d3bj/dzvp,1.0,0.6000000000000001,C,resp2,6,[H:16][C:7]1([C:6]([C:5]([C:4]([C:9]([C:8]1([H:18])[H:19])([H:20])[H:21])([H:11])[C:2](=[O:1])[O:3][H:10])([H:12])[H:13])([H:14])[H:15])[H:17],,
6,0.029083976573614178,RESP2,b3lyp-d3bj/dzvp,1.0,0.6000000000000001,C,resp2,7,[H:16][C:7]1([C:6]([C:5]([C:4]([C:9]([C:8]1([H:18])[H:19])([H:20])[H:21])([H:11])[C:2](=[O:1])[O:3][H:10])([H:12])[H:13])([H:14])[H:15])[H:17],,
7,0.030173771379497095,RESP2,b3lyp-d3bj/dzvp,1.0,0.6000000000000001,C,resp2,8,[H:16][C:7]1([C:6]([C:5]([C:4]([C:9]([C:8]1([H:18])[H:19])([H:20])[H:21])([H:11])[C:2](=[O:1])[O:3][H:10])([H:12])[H:13])([H:14])[H:15])[H:17],,
8,-0.01213666677323782,RESP2,b3lyp-d3bj/dzvp,1.0,0.6000000000000001,C,resp2,9,[H:16][C:7]1([C:6]([C:5]([C:4]([C:9]([C:8]1([H:18])[H:19])([H:20])[H:21])([H:11])[C:2](=[O:1])[O:3][H:10])([H:12])[H:13])([H:14])[H:15])[H:17],,
9,0.4594554783709968,RESP2,b3lyp-d3bj/dzvp,1.0,0.6000000000000001,H,resp2,10,[H:16][C:7]1([C:6]([C:5]([C:4]([C:9]([C:8]1([H:18])[H:19])([H:20])[H:21])([H:11])[C:2](=[O:1])[O:3][H:10])([H:12])[H:13])([H:14])[H:15])[H:17],,
10,-0.003091453174170222,RESP2,b3lyp-d3bj/dzvp,1.0,0.6000000000000001,H,resp2,11,[H:16][C:7]1([C:6]([C:5]([C:4]([C:9]([C:8]1([H:18])[H:19])([H:20])[H:21])([H:11])[C:2](=[O:1])[O:3][H:10])([H:12])[H:13])([H:14])[H:15])[H:17],,
11,0.007150098369678435,RESP2,b3lyp-d3bj/dzvp,1.0,0.6000000000000001,H,resp2,12,[H:16][C:7]1([C:6]([C:5]([C:4]([C:9]([C:8]1([H:18])[H:19])([H:20])[H:21])([H:11])[C:2](=[O:1])[O:3][H:10])([H:12])[H:13])([H:14])[H:15])[H:17],,
12,0.001970105434855772,RESP2,b3lyp-d3bj/dzvp,1.0,0.6000000000000001,H,resp2,13,[H:16][C:7]1([C:6]([C:5]([C:4]([C:9]([C:8]1([H:18])[H:19])([H:20])[H:21])([H:11])[C:2](=[O:1])[O:3][H:10])([H:12])[H:13])([H:14])[H:15])[H:17],,
13,-0.0013895556236517292,RESP2,b3lyp-d3bj/dzvp,1.0,0.6000000000000001,H,resp2,14,[H:16][C:7]1([C:6]([C:5]([C:4]([C:9]([C:8]1([H:18])[H:19])([H:20])[H:21])([H:11])[C:2](=[O:1])[O:3][H:10])([H:12])[H:13])([H:14])[H:15])[H:17],,
14,-0.0012943384821495066,RESP2,b3lyp-d3bj/dzvp,1.0,0.6000000000000001,H,resp2,15,[H:16][C:7]1([C:6]([C:5]([C:4]([C:9]([C:8]1([H:18])[H:19])([H:20])[H:21])([H:11])[C:2](=[O:1])[O:3][H:10])([H:12])[H:13])([H:14])[H:15])[H:17],,
15,-0.011431840076719045,RESP2,b3lyp-d3bj/dzvp,1.0,0.6000000000000001,H,resp2,16,[H:16][C:7]1([C:6]([C:5]([C:4]([C:9]([C:8]1([H:18])[H:19])([H:20])[H:21])([H:11])[C:2](=[O:1])[O:3][H:10])([H:12])[H:13])([H:14])[H:15])[H:17],,
16,-0.007619336397585225,RESP2,b3lyp-d3bj/dzvp,1.0,0.6000000000000001,H,resp2,17,[H:16][C:7]1([C:6]([C:5]([C:4]([C:9]([C:8]1([H:18])[H:19])([H:20])[H:21])([H:11])[C:2](=[O:1])[O:3][H:10])([H:12])[H:13])([H:14])[H:15])[H:17],,
17,-0.0073449313733899525,RESP2,b3lyp-d3bj/dzvp,1.0,0.6000000000000001,H,resp2,18,[H:16][C:7]1([C:6]([C:5]([C:4]([C:9]([C:8]1([H:18])[H:19])([H:20])[H:21])([H:11])[C:2](=[O:1])[O:3][H:10])([H:12])[H:13])([H:14])[H:15])[H:17],,
18,-0.00994842753691518,RESP2,b3lyp-d3bj/dzvp,1.0,0.6000000000000001,H,resp2,19,[H:16][C:7]1([C:6]([C:5]([C:4]([C:9]([C:8]1([H:18])[H:19])([H:20])[H:21])([H:11])[C:2](=[O:1])[O:3][H:10])([H:12])[H:13])([H:14])[H:15])[H:17],,
19,0.00605162949452959,RESP2,b3lyp-d3bj/dzvp,1.0,0.6000000000000001,H,resp2,20,[H:16][C:7]1([C:6]([C:5]([C:4]([C:9]([C:8]1([H:18])[H:19])([H:20])[H:21])([H:11])[C:2](=[O:1])[O:3][H:10])([H:12])[H:13])([H:14])[H:15])[H:17],,
20,0.004722214489400017,RESP2,b3lyp-d3bj/dzvp,1.0,0.6000000000000001,H,resp2,21,[H:16][C:7]1([C:6]([C:5]([C:4]([C:9]([C:8]1([H:18])[H:19])([H:20])[H:21])([H:11])[C:2](=[O:1])[O:3][H:10])([H:12])[H:13])([H:14])[H:15])[H:17],,
0,-0.5606930021054717,RESP2,b3lyp-d3bj/dzvp,1.0,0.65,O,resp2,1,[H:16][C:7]1([C:6]([C:5]([C:4]([C:9]([C:8]1([H:18])[H:19])([H:20])[H:21])([H:11])[C:2](=[O:1])[O:3][H:10])([H:12])[H:13])([H:14])[H:15])[H:17],,
1,0.5467692179692487,RESP2,b3lyp-d3bj/dzvp,1.0,0.65,C,resp2,2,[H:16][C:7]1([C:6]([C:5]([C:4]([C:9]([C:8]1([H:18])[H:19])([H:20])[H:21])([H:11])[C:2](=[O:1])[O:3][H:10])([H:12])[H:13])([H:14])[H:15])[H:17],,
2,-0.6032261511203008,RESP2,b3lyp-d3bj/dzvp,1.0,0.65,O,resp2,3,[H:16][C:7]1([C:6]([C:5]([C:4]([C:9]([C:8]1([H:18])[H:19])([H:20])[H:21])([H:11])[C:2](=[O:1])[O:3][H:10])([H:12])[H:13])([H:14])[H:15])[H:17],,
3,0.12725681472245945,RESP2,b3lyp-d3bj/dzvp,1.0,0.65,C,resp2,4,[H:16][C:7]1([C:6]([C:5]([C:4]([C:9]([C:8]1([H:18])[H:19])([H:20])[H:21])([H:11])[C:2](=[O:1])[O:3][H:10])([H:12])[H:13])([H:14])[H:15])[H:17],,
4,-0.00837357679583922,RESP2,b3lyp-d3bj/dzvp,1.0,0.65,C,resp2,5,[H:16][C:7]1([C:6]([C:5]([C:4]([C:9]([C:8]1([H:18])[H:19])([H:20])[H:21])([H:11])[C:2](=[O:1])[O:3][H:10])([H:12])[H:13])([H:14])[H:15])[H:17],,
5,0.010415628991479478,RESP2,b3lyp-d3bj/dzvp,1.0,0.65,C,resp2,6,[H:16][C:7]1([C:6]([C:5]([C:4]([C:9]([C:8]1([H:18])[H:19])([H:20])[H:21])([H:11])[C:2](=[O:1])[O:3][H:10])([H:12])[H:13])([H:14])[H:15])[H:17],,
6,0.03179470707674971,RESP2,b3lyp-d3bj/dzvp,1.0,0.65,C,resp2,7,[H:16][C:7]1([C:6]([C:5]([C:4]([C:9]([C:8]1([H:18])[H:19])([H:20])[H:21])([H:11])[C:2](=[O:1])[O:3][H:10])([H:12])[H:13])([H:14])[H:15])[H:17],,
7,0.028153140484042057,RESP2,b3lyp-d3bj/dzvp,1.0,0.65,C,resp2,8,[H:16][C:7]1([C:6]([C:5]([C:4]([C:9]([C:8]1([H:18])[H:19])([H:20])[H:21])([H:11])[C:2](=[O:1])[O:3][H:10])([H:12])[H:13])([H:14])[H:15])[H:17],,
8,-0.01095225425937891,RESP2,b3lyp-d3bj/dzvp,1.0,0.65,C,resp2,9,[H:16][C:7]1([C:6]([C:5]([C:4]([C:9]([C:8]1([H:18])[H:19])([H:20])[H:21])([H:11])[C:2](=[O:1])[O:3][H:10])([H:12])[H:13])([H:14])[H:15])[H:17],,
9,0.46155913942899146,RESP2,b3lyp-d3bj/dzvp,1.0,0.65,H,resp2,10,[H:16][C:7]1([C:6]([C:5]([C:4]([C:9]([C:8]1([H:18])[H:19])([H:20])[H:21])([H:11])[C:2](=[O:1])[O:3][H:10])([H:12])[H:13])([H:14])[H:15])[H:17],,
10,-0.0020240346988826263,RESP2,b3lyp-d3bj/dzvp,1.0,0.65,H,resp2,11,[H:16][C:7]1([C:6]([C:5]([C:4]([C:9]([C:8]1([H:18])[H:19])([H:20])[H:21])([H:11])[C:2](=[O:1])[O:3][H:10])([H:12])[H:13])([H:14])[H:15])[H:17],,
11,0.006860122918923045,RESP2,b3lyp-d3bj/dzvp,1.0,0.65,H,resp2,12,[H:16][C:7]1([C:6]([C:5]([C:4]([C:9]([C:8]1([H:18])[H:19])([H:20])[H:21])([H:11])[C:2](=[O:1])[O:3][H:10])([H:12])[H:13])([H:14])[H:15])[H:17],,
12,0.002128025031719595,RESP2,b3lyp-d3bj/dzvp,1.0,0.65,H,resp2,13,[H:16][C:7]1([C:6]([C:5]([C:4]([C:9]([C:8]1([H:18])[H:19])([H:20])[H:21])([H:11])[C:2](=[O:1])[O:3][H:10])([H:12])[H:13])([H:14])[H:15])[H:17],,
13,-0.0016651975818821278,RESP2,b3lyp-d3bj/dzvp,1.0,0.65,H,resp2,14,[H:16][C:7]1([C:6]([C:5]([C:4]([C:9]([C:8]1([H:18])[H:19])([H:20])[H:21])([H:11])[C:2](=[O:1])[O:3][H:10])([H:12])[H:13])([H:14])[H:15])[H:17],,
14,-0.0016645770570183603,RESP2,b3lyp-d3bj/dzvp,1.0,0.65,H,resp2,15,[H:16][C:7]1([C:6]([C:5]([C:4]([C:9]([C:8]1([H:18])[H:19])([H:20])[H:21])([H:11])[C:2](=[O:1])[O:3][H:10])([H:12])[H:13])([H:14])[H:15])[H:17],,
15,-0.012126967482803248,RESP2,b3lyp-d3bj/dzvp,1.0,0.65,H,resp2,16,[H:16][C:7]1([C:6]([C:5]([C:4]([C:9]([C:8]1([H:18])[H:19])([H:20])[H:21])([H:11])[C:2](=[O:1])[O:3][H:10])([H:12])[H:13])([H:14])[H:15])[H:17],,
16,-0.008337814929182496,RESP2,b3lyp-d3bj/dzvp,1.0,0.65,H,resp2,17,[H:16][C:7]1([C:6]([C:5]([C:4]([C:9]([C:8]1([H:18])[H:19])([H:20])[H:21])([H:11])[C:2](=[O:1])[O:3][H:10])([H:12])[H:13])([H:14])[H:15])[H:17],,
17,-0.006877625377620915,RESP2,b3lyp-d3bj/dzvp,1.0,0.65,H,resp2,18,[H:16][C:7]1([C:6]([C:5]([C:4]([C:9]([C:8]1([H:18])[H:19])([H:20])[H:21])([H:11])[C:2](=[O:1])[O:3][H:10])([H:12])[H:13])([H:14])[H:15])[H:17],,
18,-0.009488006215437694,RESP2,b3lyp-d3bj/dzvp,1.0,0.65,H,resp2,19,[H:16][C:7]1([C:6]([C:5]([C:4]([C:9]([C:8]1([H:18])[H:19])([H:20])[H:21])([H:11])[C:2](=[O:1])[O:3][H:10])([H:12])[H:13])([H:14])[H:15])[H:17],,
19,0.00584916961792653,RESP2,b3lyp-d3bj/dzvp,1.0,0.65,H,resp2,20,[H:16][C:7]1([C:6]([C:5]([C:4]([C:9]([C:8]1([H:18])[H:19])([H:20])[H:21])([H:11])[C:2](=[O:1])[O:3][H:10])([H:12])[H:13])([H:14])[H:15])[H:17],,
20,0.004643241382277895,RESP2,b3lyp-d3bj/dzvp,1.0,0.65,H,resp2,21,[H:16][C:7]1([C:6]([C:5]([C:4]([C:9]([C:8]1([H:18])[H:19])([H:20])[H:21])([H:11])[C:2](=[O:1])[O:3][H:10])([H:12])[H:13])([H:14])[H:15])[H:17],,
0,-0.5643100339431458,RESP2,b3lyp-d3bj/dzvp,1.0,0.7000000000000001,O,resp2,1,[H:16][C:7]1([C:6]([C:5]([C:4]([C:9]([C:8]1([H:18])[H:19])([H:20])[H:21])([H:11])[C:2](=[O:1])[O:3][H:10])([H:12])[H:13])([H:14])[H:15])[H:17],,
1,0.5489045405883565,RESP2,b3lyp-d3bj/dzvp,1.0,0.7000000000000001,C,resp2,2,[H:16][C:7]1([C:6]([C:5]([C:4]([C:9]([C:8]1([H:18])[H:19])([H:20])[H:21])([H:11])[C:2](=[O:1])[O:3][H:10])([H:12])[H:13])([H:14])[H:15])[H:17],,
2,-0.6048527421301315,RESP2,b3lyp-d3bj/dzvp,1.0,0.7000000000000001,O,resp2,3,[H:16][C:7]1([C:6]([C:5]([C:4]([C:9]([C:8]1([H:18])[H:19])([H:20])[H:21])([H:11])[C:2](=[O:1])[O:3][H:10])([H:12])[H:13])([H:14])[H:15])[H:17],,
3,0.12573668707139696,RESP2,b3lyp-d3bj/dzvp,1.0,0.7000000000000001,C,resp2,4,[H:16][C:7]1([C:6]([C:5]([C:4]([C:9]([C:8]1([H:18])[H:19])([H:20])[H:21])([H:11])[C:2](=[O:1])[O:3][H:10])([H:12])[H:13])([H:14])[H:15])[H:17],,
4,-0.00759752362804199,RESP2,b3lyp-d3bj/dzvp,1.0,0.7000000000000001,C,resp2,5,[H:16][C:7]1([C:6]([C:5]([C:4]([C:9]([C:8]1([H:18])[H:19])([H:20])[H:21])([H:11])[C:2](=[O:1])[O:3][H:10])([H:12])[H:13])([H:14])[H:15])[H:17],,
5,0.010767660039471098,RESP2,b3lyp-d3bj/dzvp,1.0,0.7000000000000001,C,resp2,6,[H:16][C:7]1([C:6]([C:5]([C:4]([C:9]([C:8]1([H:18])[H:19])([H:20])[H:21])([H:11])[C:2](=[O:1])[O:3][H:10])([H:12])[H:13])([H:14])[H:15])[H:17],,
6,0.03450543757988526,RESP2,b3lyp-d3bj/dzvp,1.0,0.7000000000000001,C,resp2,7,[H:16][C:7]1([C:6]([C:5]([C:4]([C:9]([C:8]1([H:18])[H:19])([H:20])[H:21])([H:11])[C:2](=[O:1])[O:3][H:10])([H:12])[H:13])([H:14])[H:15])[H:17],,
7,0.026132509588587025,RESP2,b3lyp-d3bj/dzvp,1.0,0.7000000000000001,C,resp2,8,[H:16][C:7]1([C:6]([C:5]([C:4]([C:9]([C:8]1([H:18])[H:19])([H:20])[H:21])([H:11])[C:2](=[O:1])[O:3][H:10])([H:12])[H:13])([H:14])[H:15])[H:17],,
8,-0.009767841745520003,RESP2,b3lyp-d3bj/dzvp,1.0,0.7000000000000001,C,resp2,9,[H:16][C:7]1([C:6]([C:5]([C:4]([C:9]([C:8]1([H:18])[H:19])([H:20])[H:21])([H:11])[C:2](=[O:1])[O:3][H:10])([H:12])[H:13])([H:14])[H:15])[H:17],,
9,0.46366280048698616,RESP2,b3lyp-d3bj/dzvp,1.0,0.7000000000000001,H,resp2,10,[H:16][C:7]1([C:6]([C:5]([C:4]([C:9]([C:8]1([H:18])[H:19])([H:20])[H:21])([H:11])[C:2](=[O:1])[O:3][H:10])([H:12])[H:13])([H:14])[H:15])[H:17],,
10,-0.0009566162235950271,RESP2,b3lyp-d3bj/dzvp,1.0,0.7000000000000001,H,resp2,11,[H:16][C:7]1([C:6]([C:5]([C:4]([C:9]([C:8]1([H:18])[H:19])([H:20])[H:21])([H:11])[C:2](=[O:1])[O:3][H:10])([H:12])[H:13])([H:14])[H:15])[H:17],,
11,0.006570147468167655,RESP2,b3lyp-d3bj/dzvp,1.0,0.7000000000000001,H,resp2,12,[H:16][C:7]1([C:6]([C:5]([C:4]([C:9]([C:8]1([H:18])[H:19])([H:20])[H:21])([H:11])[C:2](=[O:1])[O:3][H:10])([H:12])[H:13])([H:14])[H:15])[H:17],,
12,0.0022859446285834178,RESP2,b3lyp-d3bj/dzvp,1.0,0.7000000000000001,H,resp2,13,[H:16][C:7]1([C:6]([C:5]([C:4]([C:9]([C:8]1([H:18])[H:19])([H:20])[H:21])([H:11])[C:2](=[O:1])[O:3][H:10])([H:12])[H:13])([H:14])[H:15])[H:17],,
13,-0.0019408395401125265,RESP2,b3lyp-d3bj/dzvp,1.0,0.7000000000000001,H,resp2,14,[H:16][C:7]1([C:6]([C:5]([C:4]([C:9]([C:8]1([H:18])[H:19])([H:20])[H:21])([H:11])[C:2](=[O:1])[O:3][H:10])([H:12])[H:13])([H:14])[H:15])[H:17],,
14,-0.0020348156318872146,RESP2,b3lyp-d3bj/dzvp,1.0,0.7000000000000001,H,resp2,15,[H:16][C:7]1([C:6]([C:5]([C:4]([C:9]([C:8]1([H:18])[H:19])([H:20])[H:21])([H:11])[C:2](=[O:1])[O:3][H:10])([H:12])[H:13])([H:14])[H:15])[H:17],,
15,-0.012822094888887454,RESP2,b3lyp-d3bj/dzvp,1.0,0.7000000000000001,H,resp2,16,[H:16][C:7]1([C:6]([C:5]([C:4]([C:9]([C:8]1([H:18])[H:19])([H:20])[H:21])([H:11])[C:2](=[O:1])[O:3][H:10])([H:12])[H:13])([H:14])[H:15])[H:17],,
16,-0.009056293460779768,RESP2,b3lyp-d3bj/dzvp,1.0,0.7000000000000001,H,resp2,17,[H:16][C:7]1([C:6]([C:5]([C:4]([C:9]([C:8]1([H:18])[H:19])([H:20])[H:21])([H:11])[C:2](=[O:1])[O:3][H:10])([H:12])[H:13])([H:14])[H:15])[H:17],,
17,-0.006410319381851873,RESP2,b3lyp-d3bj/dzvp,1.0,0.7000000000000001,H,resp2,18,[H:16][C:7]1([C:6]([C:5]([C:4]([C:9]([C:8]1([H:18])[H:19])([H:20])[H:21])([H:11])[C:2](=[O:1])[O:3][H:10])([H:12])[H:13])([H:14])[H:15])[H:17],,
18,-0.00902758489396021,RESP2,b3lyp-d3bj/dzvp,1.0,0.7000000000000001,H,resp2,19,[H:16][C:7]1([C:6]([C:5]([C:4]([C:9]([C:8]1([H:18])[H:19])([H:20])[H:21])([H:11])[C:2](=[O:1])[O:3][H:10])([H:12])[H:13])([H:14])[H:15])[H:17],,
19,0.00564670974132347,RESP2,b3lyp-d3bj/dzvp,1.0,0.7000000000000001,H,resp2,20,[H:16][C:7]1([C:6]([C:5]([C:4]([C:9]([C:8]1([H:18])[H:19])([H:20])[H:21])([H:11])[C:2](=[O:1])[O:3][H:10])([H:12])[H:13])([H:14])[H:15])[H:17],,
20,0.004564268275155775,RESP2,b3lyp-d3bj/dzvp,1.0,0.7000000000000001,H,resp2,21,[H:16][C:7]1([C:6]([C:5]([C:4]([C:9]([C:8]1([H:18])[H:19])([H:20])[H:21])([H:11])[C:2](=[O:1])[O:3][H:10])([H:12])[H:13])([H:14])[H:15])[H:17],,
0,-0.5679270657808199,RESP2,b3lyp-d3bj/dzvp,1.0,0.75,O,resp2,1,[H:16][C:7]1([C:6]([C:5]([C:4]([C:9]([C:8]1([H:18])[H:19])([H:20])[H:21])([H:11])[C:2](=[O:1])[O:3][H:10])([H:12])[H:13])([H:14])[H:15])[H:17],,
1,0.5510398632074641,RESP2,b3lyp-d3bj/dzvp,1.0,0.75,C,resp2,2,[H:16][C:7]1([C:6]([C:5]([C:4]([C:9]([C:8]1([H:18])[H:19])([H:20])[H:21])([H:11])[C:2](=[O:1])[O:3][H:10])([H:12])[H:13])([H:14])[H:15])[H:17],,
2,-0.6064793331399622,RESP2,b3lyp-d3bj/dzvp,1.0,0.75,O,resp2,3,[H:16][C:7]1([C:6]([C:5]([C:4]([C:9]([C:8]1([H:18])[H:19])([H:20])[H:21])([H:11])[C:2](=[O:1])[O:3][H:10])([H:12])[H:13])([H:14])[H:15])[H:17],,
3,0.12421655942033447,RESP2,b3lyp-d3bj/dzvp,1.0,0.75,C,resp2,4,[H:16][C:7]1([C:6]([C:5]([C:4]([C:9]([C:8]1([H:18])[H:19])([H:20])[H:21])([H:11])[C:2](=[O:1])[O:3][H:10])([H:12])[H:13])([H:14])[H:15])[H:17],,
4,-0.006821470460244759,RESP2,b3lyp-d3bj/dzvp,1.0,0.75,C,resp2,5,[H:16][C:7]1([C:6]([C:5]([C:4]([C:9]([C:8]1([H:18])[H:19])([H:20])[H:21])([H:11])[C:2](=[O:1])[O:3][H:10])([H:12])[H:13])([H:14])[H:15])[H:17],,
5,0.011119691087462722,RESP2,b3lyp-d3bj/dzvp,1.0,0.75,C,resp2,6,[H:16][C:7]1([C:6]([C:5]([C:4]([C:9]([C:8]1([H:18])[H:19])([H:20])[H:21])([H:11])[C:2](=[O:1])[O:3][H:10])([H:12])[H:13])([H:14])[H:15])[H:17],,
6,0.0372161680830208,RESP2,b3lyp-d3bj/dzvp,1.0,0.75,C,resp2,7,[H:16][C:7]1([C:6]([C:5]([C:4]([C:9]([C:8]1([H:18])[H:19])([H:20])[H:21])([H:11])[C:2](=[O:1])[O:3][H:10])([H:12])[H:13])([H:14])[H:15])[H:17],,
7,0.02411187869313199,RESP2,b3lyp-d3bj/dzvp,1.0,0.75,C,resp2,8,[H:16][C:7]1([C:6]([C:5]([C:4]([C:9]([C:8]1([H:18])[H:19])([H:20])[H:21])([H:11])[C:2](=[O:1])[O:3][H:10])([H:12])[H:13])([H:14])[H:15])[H:17],,
8,-0.008583429231661091,RESP2,b3lyp-d3bj/dzvp,1.0,0.75,C,resp2,9,[H:16][C:7]1([C:6]([C:5]([C:4]([C:9]([C:8]1([H:18])[H:19])([H:20])[H:21])([H:11])[C:2](=[O:1])[O:3][H:10])([H:12])[H:13])([H:14])[H:15])[H:17],,
9,0.4657664615449808,RESP2,b3lyp-d3bj/dzvp,1.0,0.75,H,resp2,10,[H:16][C:7]1([C:6]([C:5]([C:4]([C:9]([C:8]1([H:18])[H:19])([H:20])[H:21])([H:11])[C:2](=[O:1])[O:3][H:10])([H:12])[H:13])([H:14])[H:15])[H:17],,
10,0.00011080225169257118,RESP2,b3lyp-d3bj/dzvp,1.0,0.75,H,resp2,11,[H:16][C:7]1([C:6]([C:5]([C:4]([C:9]([C:8]1([H:18])[H:19])([H:20])[H:21])([H:11])[C:2](=[O:1])[O:3][H:10])([H:12])[H:13])([H:14])[H:15])[H:17],,
11,0.006280172017412268,RESP2,b3lyp-d3bj/dzvp,1.0,0.75,H,resp2,12,[H:16][C:7]1([C:6]([C:5]([C:4]([C:9]([C:8]1([H:18])[H:19])([H:20])[H:21])([H:11])[C:2](=[O:1])[O:3][H:10])([H:12])[H:13])([H:14])[H:15])[H:17],,
12,0.002443864225447242,RESP2,b3lyp-d3bj/dzvp,1.0,0.75,H,resp2,13,[H:16][C:7]1([C:6]([C:5]([C:4]([C:9]([C:8]1([H:18])[H:19])([H:20])[H:21])([H:11])[C:2](=[O:1])[O:3][H:10])([H:12])[H:13])([H:14])[H:15])[H:17],,
13,-0.0022164814983429227,RESP2,b3lyp-d3bj/dzvp,1.0,0.75,H,resp2,14,[H:16][C:7]1([C:6]([C:5]([C:4]([C:9]([C:8]1([H:18])[H:19])([H:20])[H:21])([H:11])[C:2](=[O:1])[O:3][H:10])([H:12])[H:13])([H:14])[H:15])[H:17],,
14,-0.002405054206756066,RESP2,b3lyp-d3bj/dzvp,1.0,0.75,H,resp2,15,[H:16][C:7]1([C:6]([C:5]([C:4]([C:9]([C:8]1([H:18])[H:19])([H:20])[H:21])([H:11])[C:2](=[O:1])[O:3][H:10])([H:12])[H:13])([H:14])[H:15])[H:17],,
15,-0.013517222294971655,RESP2,b3lyp-d3bj/dzvp,1.0,0.75,H,resp2,16,[H:16][C:7]1([C:6]([C:5]([C:4]([C:9]([C:8]1([H:18])[H:19])([H:20])[H:21])([H:11])[C:2](=[O:1])[O:3][H:10])([H:12])[H:13])([H:14])[H:15])[H:17],,
16,-0.009774771992377036,RESP2,b3lyp-d3bj/dzvp,1.0,0.75,H,resp2,17,[H:16][C:7]1([C:6]([C:5]([C:4]([C:9]([C:8]1([H:18])[H:19])([H:20])[H:21])([H:11])[C:2](=[O:1])[O:3][H:10])([H:12])[H:13])([H:14])[H:15])[H:17],,
17,-0.005943013386082831,RESP2,b3lyp-d3bj/dzvp,1.0,0.75,H,resp2,18,[H:16][C:7]1([C:6]([C:5]([C:4]([C:9]([C:8]1([H:18])[H:19])([H:20])[H:21])([H:11])[C:2](=[O:1])[O:3][H:10])([H:12])[H:13])([H:14])[H:15])[H:17],,
18,-0.008567163572482722,RESP2,b3lyp-d3bj/dzvp,1.0,0.75,H,resp2,19,[H:16][C:7]1([C:6]([C:5]([C:4]([C:9]([C:8]1([H:18])[H:19])([H:20])[H:21])([H:11])[C:2](=[O:1])[O:3][H:10])([H:12])[H:13])([H:14])[H:15])[H:17],,
19,0.005444249864720413,RESP2,b3lyp-d3bj/dzvp,1.0,0.75,H,resp2,20,[H:16][C:7]1([C:6]([C:5]([C:4]([C:9]([C:8]1([H:18])[H:19])([H:20])[H:21])([H:11])[C:2](=[O:1])[O:3][H:10])([H:12])[H:13])([H:14])[H:15])[H:17],,
20,0.004485295168033657,RESP2,b3lyp-d3bj/dzvp,1.0,0.75,H,resp2,21,[H:16][C:7]1([C:6]([C:5]([C:4]([C:9]([C:8]1([H:18])[H:19])([H:20])[H:21])([H:11])[C:2](=[O:1])[O:3][H:10])([H:12])[H:13])([H:14])[H:15])[H:17],,
0,-0.571544097618494,RESP2,b3lyp-d3bj/dzvp,1.0,0.8,O,resp2,1,[H:16][C:7]1([C:6]([C:5]([C:4]([C:9]([C:8]1([H:18])[H:19])([H:20])[H:21])([H:11])[C:2](=[O:1])[O:3][H:10])([H:12])[H:13])([H:14])[H:15])[H:17],,
1,0.5531751858265719,RESP2,b3lyp-d3bj/dzvp,1.0,0.8,C,resp2,2,[H:16][C:7]1([C:6]([C:5]([C:4]([C:9]([C:8]1([H:18])[H:19])([H:20])[H:21])([H:11])[C:2](=[O:1])[O:3][H:10])([H:12])[H:13])([H:14])[H:15])[H:17],,
2,-0.6081059241497928,RESP2,b3lyp-d3bj/dzvp,1.0,0.8,O,resp2,3,[H:16][C:7]1([C:6]([C:5]([C:4]([C:9]([C:8]1([H:18])[H:19])([H:20])[H:21])([H:11])[C:2](=[O:1])[O:3][H:10])([H:12])[H:13])([H:14])[H:15])[H:17],,
3,0.12269643176927196,RESP2,b3lyp-d3bj/dzvp,1.0,0.8,C,resp2,4,[H:16][C:7]1([C:6]([C:5]([C:4]([C:9]([C:8]1([H:18])[H:19])([H:20])[H:21])([H:11])[C:2](=[O:1])[O:3][H:10])([H:12])[H:13])([H:14])[H:15])[H:17],,
4,-0.006045417292447528,RESP2,b3lyp-d3bj/dzvp,1.0,0.8,C,resp2,5,[H:16][C:7]1([C:6]([C:5]([C:4]([C:9]([C:8]1([H:18])[H:19])([H:20])[H:21])([H:11])[C:2](=[O:1])[O:3][H:10])([H:12])[H:13])([H:14])[H:15])[H:17],,
5,0.01147172213545434,RESP2,b3lyp-d3bj/dzvp,1.0,0.8,C,resp2,6,[H:16][C:7]1([C:6]([C:5]([C:4]([C:9]([C:8]1([H:18])[H:19])([H:20])[H:21])([H:11])[C:2](=[O:1])[O:3][H:10])([H:12])[H:13])([H:14])[H:15])[H:17],,
6,0.03992689858615635,RESP2,b3lyp-d3bj/dzvp,1.0,0.8,C,resp2,7,[H:16][C:7]1([C:6]([C:5]([C:4]([C:9]([C:8]1([H:18])[H:19])([H:20])[H:21])([H:11])[C:2](=[O:1])[O:3][H:10])([H:12])[H:13])([H:14])[H:15])[H:17],,
7,0.022091247797676954,RESP2,b3lyp-d3bj/dzvp,1.0,0.8,C,resp2,8,[H:16][C:7]1([C:6]([C:5]([C:4]([C:9]([C:8]1([H:18])[H:19])([H:20])[H:21])([H:11])[C:2](=[O:1])[O:3][H:10])([H:12])[H:13])([H:14])[H:15])[H:17],,
8,-0.007399016717802181,RESP2,b3lyp-d3bj/dzvp,1.0,0.8,C,resp2,9,[H:16][C:7]1([C:6]([C:5]([C:4]([C:9]([C:8]1([H:18])[H:19])([H:20])[H:21])([H:11])[C:2](=[O:1])[O:3][H:10])([H:12])[H:13])([H:14])[H:15])[H:17],,
9,0.4678701226029755,RESP2,b3lyp-d3bj/dzvp,1.0,0.8,H,resp2,10,[H:16][C:7]1([C:6]([C:5]([C:4]([C:9]([C:8]1([H:18])[H:19])([H:20])[H:21])([H:11])[C:2](=[O:1])[O:3][H:10])([H:12])[H:13])([H:14])[H:15])[H:17],,
10,0.0011782207269801696,RESP2,b3lyp-d3bj/dzvp,1.0,0.8,H,resp2,11,[H:16][C:7]1([C:6]([C:5]([C:4]([C:9]([C:8]1([H:18])[H:19])([H:20])[H:21])([H:11])[C:2](=[O:1])[O:3][H:10])([H:12])[H:13])([H:14])[H:15])[H:17],,
11,0.005990196566656878,RESP2,b3lyp-d3bj/dzvp,1.0,0.8,H,resp2,12,[H:16][C:7]1([C:6]([C:5]([C:4]([C:9]([C:8]1([H:18])[H:19])([H:20])[H:21])([H:11])[C:2](=[O:1])[O:3][H:10])([H:12])[H:13])([H:14])[H:15])[H:17],,
12,0.0026017838223110655,RESP2,b3lyp-d3bj/dzvp,1.0,0.8,H,resp2,13,[H:16][C:7]1([C:6]([C:5]([C:4]([C:9]([C:8]1([H:18])[H:19])([H:20])[H:21])([H:11])[C:2](=[O:1])[O:3][H:10])([H:12])[H:13])([H:14])[H:15])[H:17],,
13,-0.002492123456573321,RESP2,b3lyp-d3bj/dzvp,1.0,0.8,H,resp2,14,[H:16][C:7]1([C:6]([C:5]([C:4]([C:9]([C:8]1([H:18])[H:19])([H:20])[H:21])([H:11])[C:2](=[O:1])[O:3][H:10])([H:12])[H:13])([H:14])[H:15])[H:17],,
14,-0.0027752927816249197,RESP2,b3lyp-d3bj/dzvp,1.0,0.8,H,resp2,15,[H:16][C:7]1([C:6]([C:5]([C:4]([C:9]([C:8]1([H:18])[H:19])([H:20])[H:21])([H:11])[C:2](=[O:1])[O:3][H:10])([H:12])[H:13])([H:14])[H:15])[H:17],,
15,-0.014212349701055862,RESP2,b3lyp-d3bj/dzvp,1.0,0.8,H,resp2,16,[H:16][C:7]1([C:6]([C:5]([C:4]([C:9]([C:8]1([H:18])[H:19])([H:20])[H:21])([H:11])[C:2](=[O:1])[O:3][H:10])([H:12])[H:13])([H:14])[H:15])[H:17],,
16,-0.010493250523974307,RESP2,b3lyp-d3bj/dzvp,1.0,0.8,H,resp2,17,[H:16][C:7]1([C:6]([C:5]([C:4]([C:9]([C:8]1([H:18])[H:19])([H:20])[H:21])([H:11])[C:2](=[O:1])[O:3][H:10])([H:12])[H:13])([H:14])[H:15])[H:17],,
17,-0.005475707390313791,RESP2,b3lyp-d3bj/dzvp,1.0,0.8,H,resp2,18,[H:16][C:7]1([C:6]([C:5]([C:4]([C:9]([C:8]1([H:18])[H:19])([H:20])[H:21])([H:11])[C:2](=[O:1])[O:3][H:10])([H:12])[H:13])([H:14])[H:15])[H:17],,
18,-0.008106742251005238,RESP2,b3lyp-d3bj/dzvp,1.0,0.8,H,resp2,19,[H:16][C:7]1([C:6]([C:5]([C:4]([C:9]([C:8]1([H:18])[H:19])([H:20])[H:21])([H:11])[C:2](=[O:1])[O:3][H:10])([H:12])[H:13])([H:14])[H:15])[H:17],,
19,0.005241789988117353,RESP2,b3lyp-d3bj/dzvp,1.0,0.8,H,resp2,20,[H:16][C:7]1([C:6]([C:5]([C:4]([C:9]([C:8]1([H:18])[H:19])([H:20])[H:21])([H:11])[C:2](=[O:1])[O:3][H:10])([H:12])[H:13])([H:14])[H:15])[H:17],,
20,0.004406322060911537,RESP2,b3lyp-d3bj/dzvp,1.0,0.8,H,resp2,21,[H:16][C:7]1([C:6]([C:5]([C:4]([C:9]([C:8]1([H:18])[H:19])([H:20])[H:21])([H:11])[C:2](=[O:1])[O:3][H:10])([H:12])[H:13])([H:14])[H:15])[H:17],,
0,-0.5751611294561682,RESP2,b3lyp-d3bj/dzvp,1.0,0.8500000000000001,O,resp2,1,[H:16][C:7]1([C:6]([C:5]([C:4]([C:9]([C:8]1([H:18])[H:19])([H:20])[H:21])([H:11])[C:2](=[O:1])[O:3][H:10])([H:12])[H:13])([H:14])[H:15])[H:17],,
1,0.5553105084456796,RESP2,b3lyp-d3bj/dzvp,1.0,0.8500000000000001,C,resp2,2,[H:16][C:7]1([C:6]([C:5]([C:4]([C:9]([C:8]1([H:18])[H:19])([H:20])[H:21])([H:11])[C:2](=[O:1])[O:3][H:10])([H:12])[H:13])([H:14])[H:15])[H:17],,
2,-0.6097325151596236,RESP2,b3lyp-d3bj/dzvp,1.0,0.8500000000000001,O,resp2,3,[H:16][C:7]1([C:6]([C:5]([C:4]([C:9]([C:8]1([H:18])[H:19])([H:20])[H:21])([H:11])[C:2](=[O:1])[O:3][H:10])([H:12])[H:13])([H:14])[H:15])[H:17],,
3,0.12117630411820948,RESP2,b3lyp-d3bj/dzvp,1.0,0.8500000000000001,C,resp2,4,[H:16][C:7]1([C:6]([C:5]([C:4]([C:9]([C:8]1([H:18])[H:19])([H:20])[H:21])([H:11])[C:2](=[O:1])[O:3][H:10])([H:12])[H:13])([H:14])[H:15])[H:17],,
4,-0.005269364124650295,RESP2,b3lyp-d3bj/dzvp,1.0,0.8500000000000001,C,resp2,5,[H:16][C:7]1([C:6]([C:5]([C:4]([C:9]([C:8]1([H:18])[H:19])([H:20])[H:21])([H:11])[C:2](=[O:1])[O:3][H:10])([H:12])[H:13])([H:14])[H:15])[H:17],,
5,0.011823753183445963,RESP2,b3lyp-d3bj/dzvp,1.0,0.8500000000000001,C,resp2,6,[H:16][C:7]1([C:6]([C:5]([C:4]([C:9]([C:8]1([H:18])[H:19])([H:20])[H:21])([H:11])[C:2](=[O:1])[O:3][H:10])([H:12])[H:13])([H:14])[H:15])[H:17],,
6,0.0426376290892919,RESP2,b3lyp-d3bj/dzvp,1.0,0.8500000000000001,C,resp2,7,[H:16][C:7]1([C:6]([C:5]([C:4]([C:9]([C:8]1([H:18])[H:19])([H:20])[H:21])([H:11])[C:2](=[O:1])[O:3][H:10])([H:12])[H:13])([H:14])[H:15])[H:17],,
7,0.020070616902221918,RESP2,b3lyp-d3bj/dzvp,1.0,0.8500000000000001,C,resp2,8,[H:16][C:7]1([C:6]([C:5]([C:4]([C:9]([C:8]1([H:18])[H:19])([H:20])[H:21])([H:11])[C:2](=[O:1])[O:3][H:10])([H:12])[H:13])([H:14])[H:15])[H:17],,
8,-0.006214604203943268,RESP2,b3lyp-d3bj/dzvp,1.0,0.8500000000000001,C,resp2,9,[H:16][C:7]1([C:6]([C:5]([C:4]([C:9]([C:8]1([H:18])[H:19])([H:20])[H:21])([H:11])[C:2](=[O:1])[O:3][H:10])([H:12])[H:13])([H:14])[H:15])[H:17],,
9,0.4699737836609702,RESP2,b3lyp-d3bj/dzvp,1.0,0.8500000000000001,H,resp2,10,[H:16][C:7]1([C:6]([C:5]([C:4]([C:9]([C:8]1([H:18])[H:19])([H:20])[H:21])([H:11])[C:2](=[O:1])[O:3][H:10])([H:12])[H:13])([H:14])[H:15])[H:17],,
10,0.0022456392022677713,RESP2,b3lyp-d3bj/dzvp,1.0,0.8500000000000001,H,resp2,11,[H:16][C:7]1([C:6]([C:5]([C:4]([C:9]([C:8]1([H:18])[H:19])([H:20])[H:21])([H:11])[C:2](=[O:1])[O:3][H:10])([H:12])[H:13])([H:14])[H:15])[H:17],,
11,0.005700221115901491,RESP2,b3lyp-d3bj/dzvp,1.0,0.8500000000000001,H,resp2,12,[H:16][C:7]1([C:6]([C:5]([C:4]([C:9]([C:8]1([H:18])[H:19])([H:20])[H:21])([H:11])[C:2](=[O:1])[O:3][H:10])([H:12])[H:13])([H:14])[H:15])[H:17],,
12,0.00275970341917489,RESP2,b3lyp-d3bj/dzvp,1.0,0.8500000000000001,H,resp2,13,[H:16][C:7]1([C:6]([C:5]([C:4]([C:9]([C:8]1([H:18])[H:19])([H:20])[H:21])([H:11])[C:2](=[O:1])[O:3][H:10])([H:12])[H:13])([H:14])[H:15])[H:17],,
13,-0.002767765414803717,RESP2,b3lyp-d3bj/dzvp,1.0,0.8500000000000001,H,resp2,14,[H:16][C:7]1([C:6]([C:5]([C:4]([C:9]([C:8]1([H:18])[H:19])([H:20])[H:21])([H:11])[C:2](=[O:1])[O:3][H:10])([H:12])[H:13])([H:14])[H:15])[H:17],,
14,-0.003145531356493772,RESP2,b3lyp-d3bj/dzvp,1.0,0.8500000000000001,H,resp2,15,[H:16][C:7]1([C:6]([C:5]([C:4]([C:9]([C:8]1([H:18])[H:19])([H:20])[H:21])([H:11])[C:2](=[O:1])[O:3][H:10])([H:12])[H:13])([H:14])[H:15])[H:17],,
15,-0.014907477107140065,RESP2,b3lyp-d3bj/dzvp,1.0,0.8500000000000001,H,resp2,16,[H:16][C:7]1([C:6]([C:5]([C:4]([C:9]([C:8]1([H:18])[H:19])([H:20])[H:21])([H:11])[C:2](=[O:1])[O:3][H:10])([H:12])[H:13])([H:14])[H:15])[H:17],,
16,-0.011211729055571575,RESP2,b3lyp-d3bj/dzvp,1.0,0.8500000000000001,H,resp2,17,[H:16][C:7]1([C:6]([C:5]([C:4]([C:9]([C:8]1([H:18])[H:19])([H:20])[H:21])([H:11])[C:2](=[O:1])[O:3][H:10])([H:12])[H:13])([H:14])[H:15])[H:17],,
17,-0.0050084013945447476,RESP2,b3lyp-d3bj/dzvp,1.0,0.8500000000000001,H,resp2,18,[H:16][C:7]1([C:6]([C:5]([C:4]([C:9]([C:8]1([H:18])[H:19])([H:20])[H:21])([H:11])[C:2](=[O:1])[O:3][H:10])([H:12])[H:13])([H:14])[H:15])[H:17],,
18,-0.007646320929527748,RESP2,b3lyp-d3bj/dzvp,1.0,0.8500000000000001,H,resp2,19,[H:16][C:7]1([C:6]([C:5]([C:4]([C:9]([C:8]1([H:18])[H:19])([H:20])[H:21])([H:11])[C:2](=[O:1])[O:3][H:10])([H:12])[H:13])([H:14])[H:15])[H:17],,
19,0.005039330111514296,RESP2,b3lyp-d3bj/dzvp,1.0,0.8500000000000001,H,resp2,20,[H:16][C:7]1([C:6]([C:5]([C:4]([C:9]([C:8]1([H:18])[H:19])([H:20])[H:21])([H:11])[C:2](=[O:1])[O:3][H:10])([H:12])[H:13])([H:14])[H:15])[H:17],,
20,0.004327348953789419,RESP2,b3lyp-d3bj/dzvp,1.0,0.8500000000000001,H,resp2,21,[H:16][C:7]1([C:6]([C:5]([C:4]([C:9]([C:8]1([H:18])[H:19])([H:20])[H:21])([H:11])[C:2](=[O:1])[O:3][H:10])([H:12])[H:13])([H:14])[H:15])[H:17],,
0,-0.5787781612938422,RESP2,b3lyp-d3bj/dzvp,1.0,0.9,O,resp2,1,[H:16][C:7]1([C:6]([C:5]([C:4]([C:9]([C:8]1([H:18])[H:19])([H:20])[H:21])([H:11])[C:2](=[O:1])[O:3][H:10])([H:12])[H:13])([H:14])[H:15])[H:17],,
1,0.5574458310647873,RESP2,b3lyp-d3bj/dzvp,1.0,0.9,C,resp2,2,[H:16][C:7]1([C:6]([C:5]([C:4]([C:9]([C:8]1([H:18])[H:19])([H:20])[H:21])([H:11])[C:2](=[O:1])[O:3][H:10])([H:12])[H:13])([H:14])[H:15])[H:17],,
2,-0.6113591061694542,RESP2,b3lyp-d3bj/dzvp,1.0,0.9,O,resp2,3,[H:16][C:7]1([C:6]([C:5]([C:4]([C:9]([C:8]1([H:18])[H:19])([H:20])[H:21])([H:11])[C:2](=[O:1])[O:3][H:10])([H:12])[H:13])([H:14])[H:15])[H:17],,
3,0.11965617646714698,RESP2,b3lyp-d3bj/dzvp,1.0,0.9,C,resp2,4,[H:16][C:7]1([C:6]([C:5]([C:4]([C:9]([C:8]1([H:18])[H:19])([H:20])[H:21])([H:11])[C:2](=[O:1])[O:3][H:10])([H:12])[H:13])([H:14])[H:15])[H:17],,
4,-0.004493310956853069,RESP2,b3lyp-d3bj/dzvp,1.0,0.9,C,resp2,5,[H:16][C:7]1([C:6]([C:5]([C:4]([C:9]([C:8]1([H:18])[H:19])([H:20])[H:21])([H:11])[C:2](=[O:1])[O:3][H:10])([H:12])[H:13])([H:14])[H:15])[H:17],,
5,0.01217578423143758,RESP2,b3lyp-d3bj/dzvp,1.0,0.9,C,resp2,6,[H:16][C:7]1([C:6]([C:5]([C:4]([C:9]([C:8]1([H:18])[H:19])([H:20])[H:21])([H:11])[C:2](=[O:1])[O:3][H:10])([H:12])[H:13])([H:14])[H:15])[H:17],,
6,0.04534835959242744,RESP2,b3lyp-d3bj/dzvp,1.0,0.9,C,resp2,7,[H:16][C:7]1([C:6]([C:5]([C:4]([C:9]([C:8]1([H:18])[H:19])([H:20])[H:21])([H:11])[C:2](=[O:1])[O:3][H:10])([H:12])[H:13])([H:14])[H:15])[H:17],,
7,0.01804998600676688,RESP2,b3lyp-d3bj/dzvp,1.0,0.9,C,resp2,8,[H:16][C:7]1([C:6]([C:5]([C:4]([C:9]([C:8]1([H:18])[H:19])([H:20])[H:21])([H:11])[C:2](=[O:1])[O:3][H:10])([H:12])[H:13])([H:14])[H:15])[H:17],,
8,-0.0050301916900843645,RESP2,b3lyp-d3bj/dzvp,1.0,0.9,C,resp2,9,[H:16][C:7]1([C:6]([C:5]([C:4]([C:9]([C:8]1([H:18])[H:19])([H:20])[H:21])([H:11])[C:2](=[O:1])[O:3][H:10])([H:12])[H:13])([H:14])[H:15])[H:17],,
9,0.4720774447189649,RESP2,b3lyp-d3bj/dzvp,1.0,0.9,H,resp2,10,[H:16][C:7]1([C:6]([C:5]([C:4]([C:9]([C:8]1([H:18])[H:19])([H:20])[H:21])([H:11])[C:2](=[O:1])[O:3][H:10])([H:12])[H:13])([H:14])[H:15])[H:17],,
10,0.0033130576775553646,RESP2,b3lyp-d3bj/dzvp,1.0,0.9,H,resp2,11,[H:16][C:7]1([C:6]([C:5]([C:4]([C:9]([C:8]1([H:18])[H:19])([H:20])[H:21])([H:11])[C:2](=[O:1])[O:3][H:10])([H:12])[H:13])([H:14])[H:15])[H:17],,
11,0.005410245665146098,RESP2,b3lyp-d3bj/dzvp,1.0,0.9,H,resp2,12,[H:16][C:7]1([C:6]([C:5]([C:4]([C:9]([C:8]1([H:18])[H:19])([H:20])[H:21])([H:11])[C:2](=[O:1])[O:3][H:10])([H:12])[H:13])([H:14])[H:15])[H:17],,
12,0.0029176230160387097,RESP2,b3lyp-d3bj/dzvp,1.0,0.9,H,resp2,13,[H:16][C:7]1([C:6]([C:5]([C:4]([C:9]([C:8]1([H:18])[H:19])([H:20])[H:21])([H:11])[C:2](=[O:1])[O:3][H:10])([H:12])[H:13])([H:14])[H:15])[H:17],,
13,-0.003043407373034118,RESP2,b3lyp-d3bj/dzvp,1.0,0.9,H,resp2,14,[H:16][C:7]1([C:6]([C:5]([C:4]([C:9]([C:8]1([H:18])[H:19])([H:20])[H:21])([H:11])[C:2](=[O:1])[O:3][H:10])([H:12])[H:13])([H:14])[H:15])[H:17],,
14,-0.0035157699313626283,RESP2,b3lyp-d3bj/dzvp,1.0,0.9,H,resp2,15,[H:16][C:7]1([C:6]([C:5]([C:4]([C:9]([C:8]1([H:18])[H:19])([H:20])[H:21])([H:11])[C:2](=[O:1])[O:3][H:10])([H:12])[H:13])([H:14])[H:15])[H:17],,
15,-0.015602604513224271,RESP2,b3lyp-d3bj/dzvp,1.0,0.9,H,resp2,16,[H:16][C:7]1([C:6]([C:5]([C:4]([C:9]([C:8]1([H:18])[H:19])([H:20])[H:21])([H:11])[C:2](=[O:1])[O:3][H:10])([H:12])[H:13])([H:14])[H:15])[H:17],,
16,-0.011930207587168848,RESP2,b3lyp-d3bj/dzvp,1.0,0.9,H,resp2,17,[H:16][C:7]1([C:6]([C:5]([C:4]([C:9]([C:8]1([H:18])[H:19])([H:20])[H:21])([H:11])[C:2](=[O:1])[O:3][H:10])([H:12])[H:13])([H:14])[H:15])[H:17],,
17,-0.0045410953987757114,RESP2,b3lyp-d3bj/dzvp,1.0,0.9,H,resp2,18,[H:16][C:7]1([C:6]([C:5]([C:4]([C:9]([C:8]1([H:18])[H:19])([H:20])[H:21])([H:11])[C:2](=[O:1])[O:3][H:10])([H:12])[H:13])([H:14])[H:15])[H:17],,
18,-0.007185899608050267,RESP2,b3lyp-d3bj/dzvp,1.0,0.9,H,resp2,19,[H:16][C:7]1([C:6]([C:5]([C:4]([C:9]([C:8]1([H:18])[H:19])([H:20])[H:21])([H:11])[C:2](=[O:1])[O:3][H:10])([H:12])[H:13])([H:14])[H:15])[H:17],,
19,0.004836870234911233,RESP2,b3lyp-d3bj/dzvp,1.0,0.9,H,resp2,20,[H:16][C:7]1([C:6]([C:5]([C:4]([C:9]([C:8]1([H:18])[H:19])([H:20])[H:21])([H:11])[C:2](=[O:1])[O:3][H:10])([H:12])[H:13])([H:14])[H:15])[H:17],,
20,0.004248375846667295,RESP2,b3lyp-d3bj/dzvp,1.0,0.9,H,resp2,21,[H:16][C:7]1([C:6]([C:5]([C:4]([C:9]([C:8]1([H:18])[H:19])([H:20])[H:21])([H:11])[C:2](=[O:1])[O:3][H:10])([H:12])[H:13])([H:14])[H:15])[H:17],,
0,-0.5823951931315163,RESP2,b3lyp-d3bj/dzvp,1.0,0.9500000000000001,O,resp2,1,[H:16][C:7]1([C:6]([C:5]([C:4]([C:9]([C:8]1([H:18])[H:19])([H:20])[H:21])([H:11])[C:2](=[O:1])[O:3][H:10])([H:12])[H:13])([H:14])[H:15])[H:17],,
1,0.559581153683895,RESP2,b3lyp-d3bj/dzvp,1.0,0.9500000000000001,C,resp2,2,[H:16][C:7]1([C:6]([C:5]([C:4]([C:9]([C:8]1([H:18])[H:19])([H:20])[H:21])([H:11])[C:2](=[O:1])[O:3][H:10])([H:12])[H:13])([H:14])[H:15])[H:17],,
2,-0.6129856971792849,RESP2,b3lyp-d3bj/dzvp,1.0,0.9500000000000001,O,resp2,3,[H:16][C:7]1([C:6]([C:5]([C:4]([C:9]([C:8]1([H:18])[H:19])([H:20])[H:21])([H:11])[C:2](=[O:1])[O:3][H:10])([H:12])[H:13])([H:14])[H:15])[H:17],,
3,0.11813604881608447,RESP2,b3lyp-d3bj/dzvp,1.0,0.9500000000000001,C,resp2,4,[H:16][C:7]1([C:6]([C:5]([C:4]([C:9]([C:8]1([H:18])[H:19])([H:20])[H:21])([H:11])[C:2](=[O:1])[O:3][H:10])([H:12])[H:13])([H:14])[H:15])[H:17],,
4,-0.00371725778905584,RESP2,b3lyp-d3bj/dzvp,1.0,0.9500000000000001,C,resp2,5,[H:16][C:7]1([C:6]([C:5]([C:4]([C:9]([C:8]1([H:18])[H:19])([H:20])[H:21])([H:11])[C:2](=[O:1])[O:3][H:10])([H:12])[H:13])([H:14])[H:15])[H:17],,
5,0.0125278152794292,RESP2,b3lyp-d3bj/dzvp,1.0,0.9500000000000001,C,resp2,6,[H:16][C:7]1([C:6]([C:5]([C:4]([C:9]([C:8]1([H:18])[H:19])([H:20])[H:21])([H:11])[C:2](=[O:1])[O:3][H:10])([H:12])[H:13])([H:14])[H:15])[H:17],,
6,0.04805909009556298,RESP2,b3lyp-d3bj/dzvp,1.0,0.9500000000000001,C,resp2,7,[H:16][C:7]1([C:6]([C:5]([C:4]([C:9]([C:8]1([H:18])[H:19])([H:20])[H:21])([H:11])[C:2](=[O:1])[O:3][H:10])([H:12])[H:13])([H:14])[H:15])[H:17],,
7,0.01602935511131184,RESP2,b3lyp-d3bj/dzvp,1.0,0.9500000000000001,C,resp2,8,[H:16][C:7]1([C:6]([C:5]([C:4]([C:9]([C:8]1([H:18])[H:19])([H:20])[H:21])([H:11])[C:2](=[O:1])[O:3][H:10])([H:12])[H:13])([H:14])[H:15])[H:17],,
8,-0.0038457791762254545,RESP2,b3lyp-d3bj/dzvp,1.0,0.9500000000000001,C,resp2,9,[H:16][C:7]1([C:6]([C:5]([C:4]([C:9]([C:8]1([H:18])[H:19])([H:20])[H:21])([H:11])[C:2](=[O:1])[O:3][H:10])([H:12])[H:13])([H:14])[H:15])[H:17],,
9,0.47418110577695954,RESP2,b3lyp-d3bj/dzvp,1.0,0.9500000000000001,H,resp2,10,[H:16][C:7]1([C:6]([C:5]([C:4]([C:9]([C:8]1([H:18])[H:19])([H:20])[H:21])([H:11])[C:2](=[O:1])[O:3][H:10])([H:12])[H:13])([H:14])[H:15])[H:17],,
10,0.0043804761528429634,RESP2,b3lyp-d3bj/dzvp,1.0,0.9500000000000001,H,resp2,11,[H:16][C:7]1([C:6]([C:5]([C:4]([C:9]([C:8]1([H:18])[H:19])([H:20])[H:21])([H:11])[C:2](=[O:1])[O:3][H:10])([H:12])[H:13])([H:14])[H:15])[H:17],,
11,0.005120270214390707,RESP2,b3lyp-d3bj/dzvp,1.0,0.9500000000000001,H,resp2,12,[H:16][C:7]1([C:6]([C:5]([C:4]([C:9]([C:8]1([H:18])[H:19])([H:20])[H:21])([H:11])[C:2](=[O:1])[O:3][H:10])([H:12])[H:13])([H:14])[H:15])[H:17],,
12,0.0030755426129025322,RESP2,b3lyp-d3bj/dzvp,1.0,0.9500000000000001,H,resp2,13,[H:16][C:7]1([C:6]([C:5]([C:4]([C:9]([C:8]1([H:18])[H:19])([H:20])[H:21])([H:11])[C:2](=[O:1])[O:3][H:10])([H:12])[H:13])([H:14])[H:15])[H:17],,
13,-0.0033190493312645173,RESP2,b3lyp-d3bj/dzvp,1.0,0.9500000000000001,H,resp2,14,[H:16][C:7]1([C:6]([C:5]([C:4]([C:9]([C:8]1([H:18])[H:19])([H:20])[H:21])([H:11])[C:2](=[O:1])[O:3][H:10])([H:12])[H:13])([H:14])[H:15])[H:17],,
14,-0.0038860085062314828,RESP2,b3lyp-d3bj/dzvp,1.0,0.9500000000000001,H,resp2,15,[H:16][C:7]1([C:6]([C:5]([C:4]([C:9]([C:8]1([H:18])[H:19])([H:20])[H:21])([H:11])[C:2](=[O:1])[O:3][H:10])([H:12])[H:13])([H:14])[H:15])[H:17],,
15,-0.016297731919308476,RESP2,b3lyp-d3bj/dzvp,1.0,0.9500000000000001,H,resp2,16,[H:16][C:7]1([C:6]([C:5]([C:4]([C:9]([C:8]1([H:18])[H:19])([H:20])[H:21])([H:11])[C:2](=[O:1])[O:3][H:10])([H:12])[H:13])([H:14])[H:15])[H:17],,
16,-0.012648686118766121,RESP2,b3lyp-d3bj/dzvp,1.0,0.9500000000000001,H,resp2,17,[H:16][C:7]1([C:6]([C:5]([C:4]([C:9]([C:8]1([H:18])[H:19])([H:20])[H:21])([H:11])[C:2](=[O:1])[O:3][H:10])([H:12])[H:13])([H:14])[H:15])[H:17],,
17,-0.004073789403006671,RESP2,b3lyp-d3bj/dzvp,1.0,0.9500000000000001,H,resp2,18,[H:16][C:7]1([C:6]([C:5]([C:4]([C:9]([C:8]1([H:18])[H:19])([H:20])[H:21])([H:11])[C:2](=[O:1])[O:3][H:10])([H:12])[H:13])([H:14])[H:15])[H:17],,
18,-0.006725478286572782,RESP2,b3lyp-d3bj/dzvp,1.0,0.9500000000000001,H,resp2,19,[H:16][C:7]1([C:6]([C:5]([C:4]([C:9]([C:8]1([H:18])[H:19])([H:20])[H:21])([H:11])[C:2](=[O:1])[O:3][H:10])([H:12])[H:13])([H:14])[H:15])[H:17],,
19,0.004634410358308173,RESP2,b3lyp-d3bj/dzvp,1.0,0.9500000000000001,H,resp2,20,[H:16][C:7]1([C:6]([C:5]([C:4]([C:9]([C:8]1([H:18])[H:19])([H:20])[H:21])([H:11])[C:2](=[O:1])[O:3][H:10])([H:12])[H:13])([H:14])[H:15])[H:17],,
20,0.004169402739545173,RESP2,b3lyp-d3bj/dzvp,1.0,0.9500000000000001,H,resp2,21,[H:16][C:7]1([C:6]([C:5]([C:4]([C:9]([C:8]1([H:18])[H:19])([H:20])[H:21])([H:11])[C:2](=[O:1])[O:3][H:10])([H:12])[H:13])([H:14])[H:15])[H:17],,
0,-0.5860122249691905,RESP2,b3lyp-d3bj/dzvp,1.0,1.0,O,resp2,1,[H:16][C:7]1([C:6]([C:5]([C:4]([C:9]([C:8]1([H:18])[H:19])([H:20])[H:21])([H:11])[C:2](=[O:1])[O:3][H:10])([H:12])[H:13])([H:14])[H:15])[H:17],,
1,0.5617164763030028,RESP2,b3lyp-d3bj/dzvp,1.0,1.0,C,resp2,2,[H:16][C:7]1([C:6]([C:5]([C:4]([C:9]([C:8]1([H:18])[H:19])([H:20])[H:21])([H:11])[C:2](=[O:1])[O:3][H:10])([H:12])[H:13])([H:14])[H:15])[H:17],,
2,-0.6146122881891155,RESP2,b3lyp-d3bj/dzvp,1.0,1.0,O,resp2,3,[H:16][C:7]1([C:6]([C:5]([C:4]([C:9]([C:8]1([H:18])[H:19])([H:20])[H:21])([H:11])[C:2](=[O:1])[O:3][H:10])([H:12])[H:13])([H:14])[H:15])[H:17],,
3,0.11661592116502198,RESP2,b3lyp-d3bj/dzvp,1.0,1.0,C,resp2,4,[H:16][C:7]1([C:6]([C:5]([C:4]([C:9]([C:8]1([H:18])[H:19])([H:20])[H:21])([H:11])[C:2](=[O:1])[O:3][H:10])([H:12])[H:13])([H:14])[H:15])[H:17],,
4,-0.0029412046212586133,RESP2,b3lyp-d3bj/dzvp,1.0,1.0,C,resp2,5,[H:16][C:7]1([C:6]([C:5]([C:4]([C:9]([C:8]1([H:18])[H:19])([H:20])[H:21])([H:11])[C:2](=[O:1])[O:3][H:10])([H:12])[H:13])([H:14])[H:15])[H:17],,
5,0.012879846327420817,RESP2,b3lyp-d3bj/dzvp,1.0,1.0,C,resp2,6,[H:16][C:7]1([C:6]([C:5]([C:4]([C:9]([C:8]1([H:18])[H:19])([H:20])[H:21])([H:11])[C:2](=[O:1])[O:3][H:10])([H:12])[H:13])([H:14])[H:15])[H:17],,
6,0.050769820598698515,RESP2,b3lyp-d3bj/dzvp,1.0,1.0,C,resp2,7,[H:16][C:7]1([C:6]([C:5]([C:4]([C:9]([C:8]1([H:18])[H:19])([H:20])[H:21])([H:11])[C:2](=[O:1])[O:3][H:10])([H:12])[H:13])([H:14])[H:15])[H:17],,
7,0.014008724215856805,RESP2,b3lyp-d3bj/dzvp,1.0,1.0,C,resp2,8,[H:16][C:7]1([C:6]([C:5]([C:4]([C:9]([C:8]1([H:18])[H:19])([H:20])[H:21])([H:11])[C:2](=[O:1])[O:3][H:10])([H:12])[H:13])([H:14])[H:15])[H:17],,
8,-0.0026613666623665497,RESP2,b3lyp-d3bj/dzvp,1.0,1.0,C,resp2,9,[H:16][C:7]1([C:6]([C:5]([C:4]([C:9]([C:8]1([H:18])[H:19])([H:20])[H:21])([H:11])[C:2](=[O:1])[O:3][H:10])([H:12])[H:13])([H:14])[H:15])[H:17],,
9,0.47628476683495424,RESP2,b3lyp-d3bj/dzvp,1.0,1.0,H,resp2,10,[H:16][C:7]1([C:6]([C:5]([C:4]([C:9]([C:8]1([H:18])[H:19])([H:20])[H:21])([H:11])[C:2](=[O:1])[O:3][H:10])([H:12])[H:13])([H:14])[H:15])[H:17],,
10,0.005447894628130557,RESP2,b3lyp-d3bj/dzvp,1.0,1.0,H,resp2,11,[H:16][C:7]1([C:6]([C:5]([C:4]([C:9]([C:8]1([H:18])[H:19])([H:20])[H:21])([H:11])[C:2](=[O:1])[O:3][H:10])([H:12])[H:13])([H:14])[H:15])[H:17],,
11,0.004830294763635315,RESP2,b3lyp-d3bj/dzvp,1.0,1.0,H,resp2,12,[H:16][C:7]1([C:6]([C:5]([C:4]([C:9]([C:8]1([H:18])[H:19])([H:20])[H:21])([H:11])[C:2](=[O:1])[O:3][H:10])([H:12])[H:13])([H:14])[H:15])[H:17],,
12,0.003233462209766352,RESP2,b3lyp-d3bj/dzvp,1.0,1.0,H,resp2,13,[H:16][C:7]1([C:6]([C:5]([C:4]([C:9]([C:8]1([H:18])[H:19])([H:20])[H:21])([H:11])[C:2](=[O:1])[O:3][H:10])([H:12])[H:13])([H:14])[H:15])[H:17],,
13,-0.003594691289494918,RESP2,b3lyp-d3bj/dzvp,1.0,1.0,H,resp2,14,[H:16][C:7]1([C:6]([C:5]([C:4]([C:9]([C:8]1([H:18])[H:19])([H:20])[H:21])([H:11])[C:2](=[O:1])[O:3][H:10])([H:12])[H:13])([H:14])[H:15])[H:17],,
14,-0.004256247081100339,RESP2,b3lyp-d3bj/dzvp,1.0,1.0,H,resp2,15,[H:16][C:7]1([C:6]([C:5]([C:4]([C:9]([C:8]1([H:18])[H:19])([H:20])[H:21])([H:11])[C:2](=[O:1])[O:3][H:10])([H:12])[H:13])([H:14])[H:15])[H:17],,
15,-0.016992859325392684,RESP2,b3lyp-d3bj/dzvp,1.0,1.0,H,resp2,16,[H:16][C:7]1([C:6]([C:5]([C:4]([C:9]([C:8]1([H:18])[H:19])([H:20])[H:21])([H:11])[C:2](=[O:1])[O:3][H:10])([H:12])[H:13])([H:14])[H:15])[H:17],,
16,-0.013367164650363392,RESP2,b3lyp-d3bj/dzvp,1.0,1.0,H,resp2,17,[H:16][C:7]1([C:6]([C:5]([C:4]([C:9]([C:8]1([H:18])[H:19])([H:20])[H:21])([H:11])[C:2](=[O:1])[O:3][H:10])([H:12])[H:13])([H:14])[H:15])[H:17],,
17,-0.003606483407237634,RESP2,b3lyp-d3bj/dzvp,1.0,1.0,H,resp2,18,[H:16][C:7]1([C:6]([C:5]([C:4]([C:9]([C:8]1([H:18])[H:19])([H:20])[H:21])([H:11])[C:2](=[O:1])[O:3][H:10])([H:12])[H:13])([H:14])[H:15])[H:17],,
18,-0.006265056965095299,RESP2,b3lyp-d3bj/dzvp,1.0,1.0,H,resp2,19,[H:16][C:7]1([C:6]([C:5]([C:4]([C:9]([C:8]1([H:18])[H:19])([H:20])[H:21])([H:11])[C:2](=[O:1])[O:3][H:10])([H:12])[H:13])([H:14])[H:15])[H:17],,
19,0.004431950481705111,RESP2,b3lyp-d3bj/dzvp,1.0,1.0,H,resp2,20,[H:16][C:7]1([C:6]([C:5]([C:4]([C:9]([C:8]1([H:18])[H:19])([H:20])[H:21])([H:11])[C:2](=[O:1])[O:3][H:10])([H:12])[H:13])([H:14])[H:15])[H:17],,
20,0.004090429632423051,RESP2,b3lyp-d3bj/dzvp,1.0,1.0,H,resp2,21,[H:16][C:7]1([C:6]([C:5]([C:4]([C:9]([C:8]1([H:18])[H:19])([H:20])[H:21])([H:11])[C:2](=[O:1])[O:3][H:10])([H:12])[H:13])([H:14])[H:15])[H:17],,
0,-0.5136716506178524,RESP2,b3lyp-d3bj/dzvp,,0.0,O,resp2,1,[H:16][C:7]1([C:6]([C:5]([C:4]([C:9]([C:8]1([H:18])[H:19])([H:20])[H:21])([H:11])[C:2](=[O:1])[O:3][H:10])([H:12])[H:13])([H:14])[H:15])[H:17],,
1,0.5190098979661727,RESP2,b3lyp-d3bj/dzvp,,0.0,C,resp2,2,[H:16][C:7]1([C:6]([C:5]([C:4]([C:9]([C:8]1([H:18])[H:19])([H:20])[H:21])([H:11])[C:2](=[O:1])[O:3][H:10])([H:12])[H:13])([H:14])[H:15])[H:17],,
2,-0.5820805119247612,RESP2,b3lyp-d3bj/dzvp,,0.0,O,resp2,3,[H:16][C:7]1([C:6]([C:5]([C:4]([C:9]([C:8]1([H:18])[H:19])([H:20])[H:21])([H:11])[C:2](=[O:1])[O:3][H:10])([H:12])[H:13])([H:14])[H:15])[H:17],,
3,0.14701852260084194,RESP2,b3lyp-d3bj/dzvp,,0.0,C,resp2,4,[H:16][C:7]1([C:6]([C:5]([C:4]([C:9]([C:8]1([H:18])[H:19])([H:20])[H:21])([H:11])[C:2](=[O:1])[O:3][H:10])([H:12])[H:13])([H:14])[H:15])[H:17],,
4,-0.018461540374120743,RESP2,b3lyp-d3bj/dzvp,,0.0,C,resp2,5,[H:16][C:7]1([C:6]([C:5]([C:4]([C:9]([C:8]1([H:18])[H:19])([H:20])[H:21])([H:11])[C:2](=[O:1])[O:3][H:10])([H:12])[H:13])([H:14])[H:15])[H:17],,
5,0.005838982221922559,RESP2,b3lyp-d3bj/dzvp,,0.0,C,resp2,6,[H:16][C:7]1([C:6]([C:5]([C:4]([C:9]([C:8]1([H:18])[H:19])([H:20])[H:21])([H:11])[C:2](=[O:1])[O:3][H:10])([H:12])[H:13])([H:14])[H:15])[H:17],,
6,-0.0034447583644916916,RESP2,b3lyp-d3bj/dzvp,,0.0,C,resp2,7,[H:16][C:7]1([C:6]([C:5]([C:4]([C:9]([C:8]1([H:18])[H:19])([H:20])[H:21])([H:11])[C:2](=[O:1])[O:3][H:10])([H:12])[H:13])([H:14])[H:15])[H:17],,
7,0.0544209720644718,RESP2,b3lyp-d3bj/dzvp,,0.0,C,resp2,8,[H:16][C:7]1([C:6]([C:5]([C:4]([C:9]([C:8]1([H:18])[H:19])([H:20])[H:21])([H:11])[C:2](=[O:1])[O:3][H:10])([H:12])[H:13])([H:14])[H:15])[H:17],,
8,-0.026349500097976965,RESP2,b3lyp-d3bj/dzvp,,0.0,C,resp2,9,[H:16][C:7]1([C:6]([C:5]([C:4]([C:9]([C:8]1([H:18])[H:19])([H:20])[H:21])([H:11])[C:2](=[O:1])[O:3][H:10])([H:12])[H:13])([H:14])[H:15])[H:17],,
9,0.4342116053456812,RESP2,b3lyp-d3bj/dzvp,,0.0,H,resp2,10,[H:16][C:7]1([C:6]([C:5]([C:4]([C:9]([C:8]1([H:18])[H:19])([H:20])[H:21])([H:11])[C:2](=[O:1])[O:3][H:10])([H:12])[H:13])([H:14])[H:15])[H:17],,
10,-0.01590051480284195,RESP2,b3lyp-d3bj/dzvp,,0.0,H,resp2,11,[H:16][C:7]1([C:6]([C:5]([C:4]([C:9]([C:8]1([H:18])[H:19])([H:20])[H:21])([H:11])[C:2](=[O:1])[O:3][H:10])([H:12])[H:13])([H:14])[H:15])[H:17],,
11,0.010629667477031283,RESP2,b3lyp-d3bj/dzvp,,0.0,H,resp2,12,[H:16][C:7]1([C:6]([C:5]([C:4]([C:9]([C:8]1([H:18])[H:19])([H:20])[H:21])([H:11])[C:2](=[O:1])[O:3][H:10])([H:12])[H:13])([H:14])[H:15])[H:17],,
12,7.486376908766998e-05,RESP2,b3lyp-d3bj/dzvp,,0.0,H,resp2,13,[H:16][C:7]1([C:6]([C:5]([C:4]([C:9]([C:8]1([H:18])[H:19])([H:20])[H:21])([H:11])[C:2](=[O:1])[O:3][H:10])([H:12])[H:13])([H:14])[H:15])[H:17],,
13,0.0019181611521228046,RESP2,b3lyp-d3bj/dzvp,,0.0,H,resp2,14,[H:16][C:7]1([C:6]([C:5]([C:4]([C:9]([C:8]1([H:18])[H:19])([H:20])[H:21])([H:11])[C:2](=[O:1])[O:3][H:10])([H:12])[H:13])([H:14])[H:15])[H:17],,
14,0.003148532192570151,RESP2,b3lyp-d3bj/dzvp,,0.0,H,resp2,15,[H:16][C:7]1([C:6]([C:5]([C:4]([C:9]([C:8]1([H:18])[H:19])([H:20])[H:21])([H:11])[C:2](=[O:1])[O:3][H:10])([H:12])[H:13])([H:14])[H:15])[H:17],,
15,-0.003090256817208466,RESP2,b3lyp-d3bj/dzvp,,0.0,H,resp2,16,[H:16][C:7]1([C:6]([C:5]([C:4]([C:9]([C:8]1([H:18])[H:19])([H:20])[H:21])([H:11])[C:2](=[O:1])[O:3][H:10])([H:12])[H:13])([H:14])[H:15])[H:17],,
16,0.0010024285499043643,RESP2,b3lyp-d3bj/dzvp,,0.0,H,resp2,17,[H:16][C:7]1([C:6]([C:5]([C:4]([C:9]([C:8]1([H:18])[H:19])([H:20])[H:21])([H:11])[C:2](=[O:1])[O:3][H:10])([H:12])[H:13])([H:14])[H:15])[H:17],,
17,-0.012952540365471686,RESP2,b3lyp-d3bj/dzvp,,0.0,H,resp2,18,[H:16][C:7]1([C:6]([C:5]([C:4]([C:9]([C:8]1([H:18])[H:19])([H:20])[H:21])([H:11])[C:2](=[O:1])[O:3][H:10])([H:12])[H:13])([H:14])[H:15])[H:17],,
18,-0.015473401473043337,RESP2,b3lyp-d3bj/dzvp,,0.0,H,resp2,19,[H:16][C:7]1([C:6]([C:5]([C:4]([C:9]([C:8]1([H:18])[H:19])([H:20])[H:21])([H:11])[C:2](=[O:1])[O:3][H:10])([H:12])[H:13])([H:14])[H:15])[H:17],,
19,0.008481145321761684,RESP2,b3lyp-d3bj/dzvp,,0.0,H,resp2,20,[H:16][C:7]1([C:6]([C:5]([C:4]([C:9]([C:8]1([H:18])[H:19])([H:20])[H:21])([H:11])[C:2](=[O:1])[O:3][H:10])([H:12])[H:13])([H:14])[H:15])[H:17],,
20,0.005669896176200064,RESP2,b3lyp-d3bj/dzvp,,0.0,H,resp2,21,[H:16][C:7]1([C:6]([C:5]([C:4]([C:9]([C:8]1([H:18])[H:19])([H:20])[H:21])([H:11])[C:2](=[O:1])[O:3][H:10])([H:12])[H:13])([H:14])[H:15])[H:17],,
0,-0.5172886817504403,RESP2,b3lyp-d3bj/dzvp,,0.05,O,resp2,1,[H:16][C:7]1([C:6]([C:5]([C:4]([C:9]([C:8]1([H:18])[H:19])([H:20])[H:21])([H:11])[C:2](=[O:1])[O:3][H:10])([H:12])[H:13])([H:14])[H:15])[H:17],,
1,0.5211452190615037,RESP2,b3lyp-d3bj/dzvp,,0.05,C,resp2,2,[H:16][C:7]1([C:6]([C:5]([C:4]([C:9]([C:8]1([H:18])[H:19])([H:20])[H:21])([H:11])[C:2](=[O:1])[O:3][H:10])([H:12])[H:13])([H:14])[H:15])[H:17],,
2,-0.5837071019060255,RESP2,b3lyp-d3bj/dzvp,,0.05,O,resp2,3,[H:16][C:7]1([C:6]([C:5]([C:4]([C:9]([C:8]1([H:18])[H:19])([H:20])[H:21])([H:11])[C:2](=[O:1])[O:3][H:10])([H:12])[H:13])([H:14])[H:15])[H:17],,
3,0.14549840191186295,RESP2,b3lyp-d3bj/dzvp,,0.05,C,resp2,4,[H:16][C:7]1([C:6]([C:5]([C:4]([C:9]([C:8]1([H:18])[H:19])([H:20])[H:21])([H:11])[C:2](=[O:1])[O:3][H:10])([H:12])[H:13])([H:14])[H:15])[H:17],,
4,-0.017685502830308168,RESP2,b3lyp-d3bj/dzvp,,0.05,C,resp2,5,[H:16][C:7]1([C:6]([C:5]([C:4]([C:9]([C:8]1([H:18])[H:19])([H:20])[H:21])([H:11])[C:2](=[O:1])[O:3][H:10])([H:12])[H:13])([H:14])[H:15])[H:17],,
5,0.006191000279113596,RESP2,b3lyp-d3bj/dzvp,,0.05,C,resp2,6,[H:16][C:7]1([C:6]([C:5]([C:4]([C:9]([C:8]1([H:18])[H:19])([H:20])[H:21])([H:11])[C:2](=[O:1])[O:3][H:10])([H:12])[H:13])([H:14])[H:15])[H:17],,
6,-0.0007340196191269958,RESP2,b3lyp-d3bj/dzvp,,0.05,C,resp2,7,[H:16][C:7]1([C:6]([C:5]([C:4]([C:9]([C:8]1([H:18])[H:19])([H:20])[H:21])([H:11])[C:2](=[O:1])[O:3][H:10])([H:12])[H:13])([H:14])[H:15])[H:17],,
7,0.05240033188718314,RESP2,b3lyp-d3bj/dzvp,,0.05,C,resp2,8,[H:16][C:7]1([C:6]([C:5]([C:4]([C:9]([C:8]1([H:18])[H:19])([H:20])[H:21])([H:11])[C:2](=[O:1])[O:3][H:10])([H:12])[H:13])([H:14])[H:15])[H:17],,
8,-0.025165075511900614,RESP2,b3lyp-d3bj/dzvp,,0.05,C,resp2,9,[H:16][C:7]1([C:6]([C:5]([C:4]([C:9]([C:8]1([H:18])[H:19])([H:20])[H:21])([H:11])[C:2](=[O:1])[O:3][H:10])([H:12])[H:13])([H:14])[H:15])[H:17],,
9,0.43631526552884103,RESP2,b3lyp-d3bj/dzvp,,0.05,H,resp2,10,[H:16][C:7]1([C:6]([C:5]([C:4]([C:9]([C:8]1([H:18])[H:19])([H:20])[H:21])([H:11])[C:2](=[O:1])[O:3][H:10])([H:12])[H:13])([H:14])[H:15])[H:17],,
10,-0.014833099247895862,RESP2,b3lyp-d3bj/dzvp,,0.05,H,resp2,11,[H:16][C:7]1([C:6]([C:5]([C:4]([C:9]([C:8]1([H:18])[H:19])([H:20])[H:21])([H:11])[C:2](=[O:1])[O:3][H:10])([H:12])[H:13])([H:14])[H:15])[H:17],,
11,0.010339698008578698,RESP2,b3lyp-d3bj/dzvp,,0.05,H,resp2,12,[H:16][C:7]1([C:6]([C:5]([C:4]([C:9]([C:8]1([H:18])[H:19])([H:20])[H:21])([H:11])[C:2](=[O:1])[O:3][H:10])([H:12])[H:13])([H:14])[H:15])[H:17],,
12,0.0002327869536183855,RESP2,b3lyp-d3bj/dzvp,,0.05,H,resp2,13,[H:16][C:7]1([C:6]([C:5]([C:4]([C:9]([C:8]1([H:18])[H:19])([H:20])[H:21])([H:11])[C:2](=[O:1])[O:3][H:10])([H:12])[H:13])([H:14])[H:15])[H:17],,
13,0.0016425231416129268,RESP2,b3lyp-d3bj/dzvp,,0.05,H,resp2,14,[H:16][C:7]1([C:6]([C:5]([C:4]([C:9]([C:8]1([H:18])[H:19])([H:20])[H:21])([H:11])[C:2](=[O:1])[O:3][H:10])([H:12])[H:13])([H:14])[H:15])[H:17],,
14,0.002778299088167394,RESP2,b3lyp-d3bj/dzvp,,0.05,H,resp2,15,[H:16][C:7]1([C:6]([C:5]([C:4]([C:9]([C:8]1([H:18])[H:19])([H:20])[H:21])([H:11])[C:2](=[O:1])[O:3][H:10])([H:12])[H:13])([H:14])[H:15])[H:17],,
15,-0.0037853838459144347,RESP2,b3lyp-d3bj/dzvp,,0.05,H,resp2,16,[H:16][C:7]1([C:6]([C:5]([C:4]([C:9]([C:8]1([H:18])[H:19])([H:20])[H:21])([H:11])[C:2](=[O:1])[O:3][H:10])([H:12])[H:13])([H:14])[H:15])[H:17],,
16,0.0002839485796343261,RESP2,b3lyp-d3bj/dzvp,,0.05,H,resp2,17,[H:16][C:7]1([C:6]([C:5]([C:4]([C:9]([C:8]1([H:18])[H:19])([H:20])[H:21])([H:11])[C:2](=[O:1])[O:3][H:10])([H:12])[H:13])([H:14])[H:15])[H:17],,
17,-0.012485233783855392,RESP2,b3lyp-d3bj/dzvp,,0.05,H,resp2,18,[H:16][C:7]1([C:6]([C:5]([C:4]([C:9]([C:8]1([H:18])[H:19])([H:20])[H:21])([H:11])[C:2](=[O:1])[O:3][H:10])([H:12])[H:13])([H:14])[H:15])[H:17],,
18,-0.015012977703883719,RESP2,b3lyp-d3bj/dzvp,,0.05,H,resp2,19,[H:16][C:7]1([C:6]([C:5]([C:4]([C:9]([C:8]1([H:18])[H:19])([H:20])[H:21])([H:11])[C:2](=[O:1])[O:3][H:10])([H:12])[H:13])([H:14])[H:15])[H:17],,
19,0.008278681805462235,RESP2,b3lyp-d3bj/dzvp,,0.05,H,resp2,20,[H:16][C:7]1([C:6]([C:5]([C:4]([C:9]([C:8]1([H:18])[H:19])([H:20])[H:21])([H:11])[C:2](=[O:1])[O:3][H:10])([H:12])[H:13])([H:14])[H:15])[H:17],,
20,0.005590919953772449,RESP2,b3lyp-d3bj/dzvp,,0.05,H,resp2,21,[H:16][C:7]1([C:6]([C:5]([C:4]([C:9]([C:8]1([H:18])[H:19])([H:20])[H:21])([H:11])[C:2](=[O:1])[O:3][H:10])([H:12])[H:13])([H:14])[H:15])[H:17],,
0,-0.5209057128830282,RESP2,b3lyp-d3bj/dzvp,,0.1,O,resp2,1,[H:16][C:7]1([C:6]([C:5]([C:4]([C:9]([C:8]1([H:18])[H:19])([H:20])[H:21])([H:11])[C:2](=[O:1])[O:3][H:10])([H:12])[H:13])([H:14])[H:15])[H:17],,
1,0.5232805401568347,RESP2,b3lyp-d3bj/dzvp,,0.1,C,resp2,2,[H:16][C:7]1([C:6]([C:5]([C:4]([C:9]([C:8]1([H:18])[H:19])([H:20])[H:21])([H:11])[C:2](=[O:1])[O:3][H:10])([H:12])[H:13])([H:14])[H:15])[H:17],,
2,-0.5853336918872897,RESP2,b3lyp-d3bj/dzvp,,0.1,O,resp2,3,[H:16][C:7]1([C:6]([C:5]([C:4]([C:9]([C:8]1([H:18])[H:19])([H:20])[H:21])([H:11])[C:2](=[O:1])[O:3][H:10])([H:12])[H:13])([H:14])[H:15])[H:17],,
3,0.14397828122288397,RESP2,b3lyp-d3bj/dzvp,,0.1,C,resp2,4,[H:16][C:7]1([C:6]([C:5]([C:4]([C:9]([C:8]1([H:18])[H:19])([H:20])[H:21])([H:11])[C:2](=[O:1])[O:3][H:10])([H:12])[H:13])([H:14])[H:15])[H:17],,
4,-0.016909465286495593,RESP2,b3lyp-d3bj/dzvp,,0.1,C,resp2,5,[H:16][C:7]1([C:6]([C:5]([C:4]([C:9]([C:8]1([H:18])[H:19])([H:20])[H:21])([H:11])[C:2](=[O:1])[O:3][H:10])([H:12])[H:13])([H:14])[H:15])[H:17],,
5,0.0065430183363046355,RESP2,b3lyp-d3bj/dzvp,,0.1,C,resp2,6,[H:16][C:7]1([C:6]([C:5]([C:4]([C:9]([C:8]1([H:18])[H:19])([H:20])[H:21])([H:11])[C:2](=[O:1])[O:3][H:10])([H:12])[H:13])([H:14])[H:15])[H:17],,
6,0.0019767191262377,RESP2,b3lyp-d3bj/dzvp,,0.1,C,resp2,7,[H:16][C:7]1([C:6]([C:5]([C:4]([C:9]([C:8]1([H:18])[H:19])([H:20])[H:21])([H:11])[C:2](=[O:1])[O:3][H:10])([H:12])[H:13])([H:14])[H:15])[H:17],,
7,0.05037969170989448,RESP2,b3lyp-d3bj/dzvp,,0.1,C,resp2,8,[H:16][C:7]1([C:6]([C:5]([C:4]([C:9]([C:8]1([H:18])[H:19])([H:20])[H:21])([H:11])[C:2](=[O:1])[O:3][H:10])([H:12])[H:13])([H:14])[H:15])[H:17],,
8,-0.02398065092582427,RESP2,b3lyp-d3bj/dzvp,,0.1,C,resp2,9,[H:16][C:7]1([C:6]([C:5]([C:4]([C:9]([C:8]1([H:18])[H:19])([H:20])[H:21])([H:11])[C:2](=[O:1])[O:3][H:10])([H:12])[H:13])([H:14])[H:15])[H:17],,
9,0.4384189257120009,RESP2,b3lyp-d3bj/dzvp,,0.1,H,resp2,10,[H:16][C:7]1([C:6]([C:5]([C:4]([C:9]([C:8]1([H:18])[H:19])([H:20])[H:21])([H:11])[C:2](=[O:1])[O:3][H:10])([H:12])[H:13])([H:14])[H:15])[H:17],,
10,-0.013765683692949775,RESP2,b3lyp-d3bj/dzvp,,0.1,H,resp2,11,[H:16][C:7]1([C:6]([C:5]([C:4]([C:9]([C:8]1([H:18])[H:19])([H:20])[H:21])([H:11])[C:2](=[O:1])[O:3][H:10])([H:12])[H:13])([H:14])[H:15])[H:17],,
11,0.010049728540126117,RESP2,b3lyp-d3bj/dzvp,,0.1,H,resp2,12,[H:16][C:7]1([C:6]([C:5]([C:4]([C:9]([C:8]1([H:18])[H:19])([H:20])[H:21])([H:11])[C:2](=[O:1])[O:3][H:10])([H:12])[H:13])([H:14])[H:15])[H:17],,
12,0.00039071013814910127,RESP2,b3lyp-d3bj/dzvp,,0.1,H,resp2,13,[H:16][C:7]1([C:6]([C:5]([C:4]([C:9]([C:8]1([H:18])[H:19])([H:20])[H:21])([H:11])[C:2](=[O:1])[O:3][H:10])([H:12])[H:13])([H:14])[H:15])[H:17],,
13,0.001366885131103049,RESP2,b3lyp-d3bj/dzvp,,0.1,H,resp2,14,[H:16][C:7]1([C:6]([C:5]([C:4]([C:9]([C:8]1([H:18])[H:19])([H:20])[H:21])([H:11])[C:2](=[O:1])[O:3][H:10])([H:12])[H:13])([H:14])[H:15])[H:17],,
14,0.002408065983764637,RESP2,b3lyp-d3bj/dzvp,,0.1,H,resp2,15,[H:16][C:7]1([C:6]([C:5]([C:4]([C:9]([C:8]1([H:18])[H:19])([H:20])[H:21])([H:11])[C:2](=[O:1])[O:3][H:10])([H:12])[H:13])([H:14])[H:15])[H:17],,
15,-0.004480510874620403,RESP2,b3lyp-d3bj/dzvp,,0.1,H,resp2,16,[H:16][C:7]1([C:6]([C:5]([C:4]([C:9]([C:8]1([H:18])[H:19])([H:20])[H:21])([H:11])[C:2](=[O:1])[O:3][H:10])([H:12])[H:13])([H:14])[H:15])[H:17],,
16,-0.00043453139063571176,RESP2,b3lyp-d3bj/dzvp,,0.1,H,resp2,17,[H:16][C:7]1([C:6]([C:5]([C:4]([C:9]([C:8]1([H:18])[H:19])([H:20])[H:21])([H:11])[C:2](=[O:1])[O:3][H:10])([H:12])[H:13])([H:14])[H:15])[H:17],,
17,-0.012017927202239095,RESP2,b3lyp-d3bj/dzvp,,0.1,H,resp2,18,[H:16][C:7]1([C:6]([C:5]([C:4]([C:9]([C:8]1([H:18])[H:19])([H:20])[H:21])([H:11])[C:2](=[O:1])[O:3][H:10])([H:12])[H:13])([H:14])[H:15])[H:17],,
18,-0.014552553934724101,RESP2,b3lyp-d3bj/dzvp,,0.1,H,resp2,19,[H:16][C:7]1([C:6]([C:5]([C:4]([C:9]([C:8]1([H:18])[H:19])([H:20])[H:21])([H:11])[C:2](=[O:1])[O:3][H:10])([H:12])[H:13])([H:14])[H:15])[H:17],,
19,0.008076218289162789,RESP2,b3lyp-d3bj/dzvp,,0.1,H,resp2,20,[H:16][C:7]1([C:6]([C:5]([C:4]([C:9]([C:8]1([H:18])[H:19])([H:20])[H:21])([H:11])[C:2](=[O:1])[O:3][H:10])([H:12])[H:13])([H:14])[H:15])[H:17],,
20,0.0055119437313448354,RESP2,b3lyp-d3bj/dzvp,,0.1,H,resp2,21,[H:16][C:7]1([C:6]([C:5]([C:4]([C:9]([C:8]1([H:18])[H:19])([H:20])[H:21])([H:11])[C:2](=[O:1])[O:3][H:10])([H:12])[H:13])([H:14])[H:15])[H:17],,
0,-0.5245227440156162,RESP2,b3lyp-d3bj/dzvp,,0.15000000000000002,O,resp2,1,[H:16][C:7]1([C:6]([C:5]([C:4]([C:9]([C:8]1([H:18])[H:19])([H:20])[H:21])([H:11])[C:2](=[O:1])[O:3][H:10])([H:12])[H:13])([H:14])[H:15])[H:17],,
1,0.5254158612521657,RESP2,b3lyp-d3bj/dzvp,,0.15000000000000002,C,resp2,2,[H:16][C:7]1([C:6]([C:5]([C:4]([C:9]([C:8]1([H:18])[H:19])([H:20])[H:21])([H:11])[C:2](=[O:1])[O:3][H:10])([H:12])[H:13])([H:14])[H:15])[H:17],,
2,-0.5869602818685539,RESP2,b3lyp-d3bj/dzvp,,0.15000000000000002,O,resp2,3,[H:16][C:7]1([C:6]([C:5]([C:4]([C:9]([C:8]1([H:18])[H:19])([H:20])[H:21])([H:11])[C:2](=[O:1])[O:3][H:10])([H:12])[H:13])([H:14])[H:15])[H:17],,
3,0.142458160533905,RESP2,b3lyp-d3bj/dzvp,,0.15000000000000002,C,resp2,4,[H:16][C:7]1([C:6]([C:5]([C:4]([C:9]([C:8]1([H:18])[H:19])([H:20])[H:21])([H:11])[C:2](=[O:1])[O:3][H:10])([H:12])[H:13])([H:14])[H:15])[H:17],,
4,-0.01613342774268303,RESP2,b3lyp-d3bj/dzvp,,0.15000000000000002,C,resp2,5,[H:16][C:7]1([C:6]([C:5]([C:4]([C:9]([C:8]1([H:18])[H:19])([H:20])[H:21])([H:11])[C:2](=[O:1])[O:3][H:10])([H:12])[H:13])([H:14])[H:15])[H:17],,
5,0.0068950363934956686,RESP2,b3lyp-d3bj/dzvp,,0.15000000000000002,C,resp2,6,[H:16][C:7]1([C:6]([C:5]([C:4]([C:9]([C:8]1([H:18])[H:19])([H:20])[H:21])([H:11])[C:2](=[O:1])[O:3][H:10])([H:12])[H:13])([H:14])[H:15])[H:17],,
6,0.004687457871602392,RESP2,b3lyp-d3bj/dzvp,,0.15000000000000002,C,resp2,7,[H:16][C:7]1([C:6]([C:5]([C:4]([C:9]([C:8]1([H:18])[H:19])([H:20])[H:21])([H:11])[C:2](=[O:1])[O:3][H:10])([H:12])[H:13])([H:14])[H:15])[H:17],,
7,0.04835905153260582,RESP2,b3lyp-d3bj/dzvp,,0.15000000000000002,C,resp2,8,[H:16][C:7]1([C:6]([C:5]([C:4]([C:9]([C:8]1([H:18])[H:19])([H:20])[H:21])([H:11])[C:2](=[O:1])[O:3][H:10])([H:12])[H:13])([H:14])[H:15])[H:17],,
8,-0.022796226339747927,RESP2,b3lyp-d3bj/dzvp,,0.15000000000000002,C,resp2,9,[H:16][C:7]1([C:6]([C:5]([C:4]([C:9]([C:8]1([H:18])[H:19])([H:20])[H:21])([H:11])[C:2](=[O:1])[O:3][H:10])([H:12])[H:13])([H:14])[H:15])[H:17],,
9,0.44052258589516075,RESP2,b3lyp-d3bj/dzvp,,0.15000000000000002,H,resp2,10,[H:16][C:7]1([C:6]([C:5]([C:4]([C:9]([C:8]1([H:18])[H:19])([H:20])[H:21])([H:11])[C:2](=[O:1])[O:3][H:10])([H:12])[H:13])([H:14])[H:15])[H:17],,
10,-0.012698268138003696,RESP2,b3lyp-d3bj/dzvp,,0.15000000000000002,H,resp2,11,[H:16][C:7]1([C:6]([C:5]([C:4]([C:9]([C:8]1([H:18])[H:19])([H:20])[H:21])([H:11])[C:2](=[O:1])[O:3][H:10])([H:12])[H:13])([H:14])[H:15])[H:17],,
11,0.009759759071673526,RESP2,b3lyp-d3bj/dzvp,,0.15000000000000002,H,resp2,12,[H:16][C:7]1([C:6]([C:5]([C:4]([C:9]([C:8]1([H:18])[H:19])([H:20])[H:21])([H:11])[C:2](=[O:1])[O:3][H:10])([H:12])[H:13])([H:14])[H:15])[H:17],,
12,0.0005486333226798117,RESP2,b3lyp-d3bj/dzvp,,0.15000000000000002,H,resp2,13,[H:16][C:7]1([C:6]([C:5]([C:4]([C:9]([C:8]1([H:18])[H:19])([H:20])[H:21])([H:11])[C:2](=[O:1])[O:3][H:10])([H:12])[H:13])([H:14])[H:15])[H:17],,
13,0.001091247120593166,RESP2,b3lyp-d3bj/dzvp,,0.15000000000000002,H,resp2,14,[H:16][C:7]1([C:6]([C:5]([C:4]([C:9]([C:8]1([H:18])[H:19])([H:20])[H:21])([H:11])[C:2](=[O:1])[O:3][H:10])([H:12])[H:13])([H:14])[H:15])[H:17],,
14,0.002037832879361875,RESP2,b3lyp-d3bj/dzvp,,0.15000000000000002,H,resp2,15,[H:16][C:7]1([C:6]([C:5]([C:4]([C:9]([C:8]1([H:18])[H:19])([H:20])[H:21])([H:11])[C:2](=[O:1])[O:3][H:10])([H:12])[H:13])([H:14])[H:15])[H:17],,
15,-0.005175637903326376,RESP2,b3lyp-d3bj/dzvp,,0.15000000000000002,H,resp2,16,[H:16][C:7]1([C:6]([C:5]([C:4]([C:9]([C:8]1([H:18])[H:19])([H:20])[H:21])([H:11])[C:2](=[O:1])[O:3][H:10])([H:12])[H:13])([H:14])[H:15])[H:17],,
16,-0.0011530113609057554,RESP2,b3lyp-d3bj/dzvp,,0.15000000000000002,H,resp2,17,[H:16][C:7]1([C:6]([C:5]([C:4]([C:9]([C:8]1([H:18])[H:19])([H:20])[H:21])([H:11])[C:2](=[O:1])[O:3][H:10])([H:12])[H:13])([H:14])[H:15])[H:17],,
17,-0.011550620620622806,RESP2,b3lyp-d3bj/dzvp,,0.15000000000000002,H,resp2,18,[H:16][C:7]1([C:6]([C:5]([C:4]([C:9]([C:8]1([H:18])[H:19])([H:20])[H:21])([H:11])[C:2](=[O:1])[O:3][H:10])([H:12])[H:13])([H:14])[H:15])[H:17],,
18,-0.01409213016556449,RESP2,b3lyp-d3bj/dzvp,,0.15000000000000002,H,resp2,19,[H:16][C:7]1([C:6]([C:5]([C:4]([C:9]([C:8]1([H:18])[H:19])([H:20])[H:21])([H:11])[C:2](=[O:1])[O:3][H:10])([H:12])[H:13])([H:14])[H:15])[H:17],,
19,0.007873754772863333,RESP2,b3lyp-d3bj/dzvp,,0.15000000000000002,H,resp2,20,[H:16][C:7]1([C:6]([C:5]([C:4]([C:9]([C:8]1([H:18])[H:19])([H:20])[H:21])([H:11])[C:2](=[O:1])[O:3][H:10])([H:12])[H:13])([H:14])[H:15])[H:17],,
20,0.005432967508917217,RESP2,b3lyp-d3bj/dzvp,,0.15000000000000002,H,resp2,21,[H:16][C:7]1([C:6]([C:5]([C:4]([C:9]([C:8]1([H:18])[H:19])([H:20])[H:21])([H:11])[C:2](=[O:1])[O:3][H:10])([H:12])[H:13])([H:14])[H:15])[H:17],,
0,-0.5281397751482041,RESP2,b3lyp-d3bj/dzvp,,0.2,O,resp2,1,[H:16][C:7]1([C:6]([C:5]([C:4]([C:9]([C:8]1([H:18])[H:19])([H:20])[H:21])([H:11])[C:2](=[O:1])[O:3][H:10])([H:12])[H:13])([H:14])[H:15])[H:17],,
1,0.5275511823474966,RESP2,b3lyp-d3bj/dzvp,,0.2,C,resp2,2,[H:16][C:7]1([C:6]([C:5]([C:4]([C:9]([C:8]1([H:18])[H:19])([H:20])[H:21])([H:11])[C:2](=[O:1])[O:3][H:10])([H:12])[H:13])([H:14])[H:15])[H:17],,
2,-0.5885868718498182,RESP2,b3lyp-d3bj/dzvp,,0.2,O,resp2,3,[H:16][C:7]1([C:6]([C:5]([C:4]([C:9]([C:8]1([H:18])[H:19])([H:20])[H:21])([H:11])[C:2](=[O:1])[O:3][H:10])([H:12])[H:13])([H:14])[H:15])[H:17],,
3,0.14093803984492603,RESP2,b3lyp-d3bj/dzvp,,0.2,C,resp2,4,[H:16][C:7]1([C:6]([C:5]([C:4]([C:9]([C:8]1([H:18])[H:19])([H:20])[H:21])([H:11])[C:2](=[O:1])[O:3][H:10])([H:12])[H:13])([H:14])[H:15])[H:17],,
4,-0.015357390198870453,RESP2,b3lyp-d3bj/dzvp,,0.2,C,resp2,5,[H:16][C:7]1([C:6]([C:5]([C:4]([C:9]([C:8]1([H:18])[H:19])([H:20])[H:21])([H:11])[C:2](=[O:1])[O:3][H:10])([H:12])[H:13])([H:14])[H:15])[H:17],,
5,0.007247054450686711,RESP2,b3lyp-d3bj/dzvp,,0.2,C,resp2,6,[H:16][C:7]1([C:6]([C:5]([C:4]([C:9]([C:8]1([H:18])[H:19])([H:20])[H:21])([H:11])[C:2](=[O:1])[O:3][H:10])([H:12])[H:13])([H:14])[H:15])[H:17],,
6,0.0073981966169670895,RESP2,b3lyp-d3bj/dzvp,,0.2,C,resp2,7,[H:16][C:7]1([C:6]([C:5]([C:4]([C:9]([C:8]1([H:18])[H:19])([H:20])[H:21])([H:11])[C:2](=[O:1])[O:3][H:10])([H:12])[H:13])([H:14])[H:15])[H:17],,
7,0.04633841135531716,RESP2,b3lyp-d3bj/dzvp,,0.2,C,resp2,8,[H:16][C:7]1([C:6]([C:5]([C:4]([C:9]([C:8]1([H:18])[H:19])([H:20])[H:21])([H:11])[C:2](=[O:1])[O:3][H:10])([H:12])[H:13])([H:14])[H:15])[H:17],,
8,-0.02161180175367158,RESP2,b3lyp-d3bj/dzvp,,0.2,C,resp2,9,[H:16][C:7]1([C:6]([C:5]([C:4]([C:9]([C:8]1([H:18])[H:19])([H:20])[H:21])([H:11])[C:2](=[O:1])[O:3][H:10])([H:12])[H:13])([H:14])[H:15])[H:17],,
9,0.4426262460783206,RESP2,b3lyp-d3bj/dzvp,,0.2,H,resp2,10,[H:16][C:7]1([C:6]([C:5]([C:4]([C:9]([C:8]1([H:18])[H:19])([H:20])[H:21])([H:11])[C:2](=[O:1])[O:3][H:10])([H:12])[H:13])([H:14])[H:15])[H:17],,
10,-0.011630852583057606,RESP2,b3lyp-d3bj/dzvp,,0.2,H,resp2,11,[H:16][C:7]1([C:6]([C:5]([C:4]([C:9]([C:8]1([H:18])[H:19])([H:20])[H:21])([H:11])[C:2](=[O:1])[O:3][H:10])([H:12])[H:13])([H:14])[H:15])[H:17],,
11,0.009469789603220948,RESP2,b3lyp-d3bj/dzvp,,0.2,H,resp2,12,[H:16][C:7]1([C:6]([C:5]([C:4]([C:9]([C:8]1([H:18])[H:19])([H:20])[H:21])([H:11])[C:2](=[O:1])[O:3][H:10])([H:12])[H:13])([H:14])[H:15])[H:17],,
12,0.00070655650721053,RESP2,b3lyp-d3bj/dzvp,,0.2,H,resp2,13,[H:16][C:7]1([C:6]([C:5]([C:4]([C:9]([C:8]1([H:18])[H:19])([H:20])[H:21])([H:11])[C:2](=[O:1])[O:3][H:10])([H:12])[H:13])([H:14])[H:15])[H:17],,
13,0.000815609110083291,RESP2,b3lyp-d3bj/dzvp,,0.2,H,resp2,14,[H:16][C:7]1([C:6]([C:5]([C:4]([C:9]([C:8]1([H:18])[H:19])([H:20])[H:21])([H:11])[C:2](=[O:1])[O:3][H:10])([H:12])[H:13])([H:14])[H:15])[H:17],,
14,0.0016675997749591208,RESP2,b3lyp-d3bj/dzvp,,0.2,H,resp2,15,[H:16][C:7]1([C:6]([C:5]([C:4]([C:9]([C:8]1([H:18])[H:19])([H:20])[H:21])([H:11])[C:2](=[O:1])[O:3][H:10])([H:12])[H:13])([H:14])[H:15])[H:17],,
15,-0.0058707649320323425,RESP2,b3lyp-d3bj/dzvp,,0.2,H,resp2,16,[H:16][C:7]1([C:6]([C:5]([C:4]([C:9]([C:8]1([H:18])[H:19])([H:20])[H:21])([H:11])[C:2](=[O:1])[O:3][H:10])([H:12])[H:13])([H:14])[H:15])[H:17],,
16,-0.0018714913311757907,RESP2,b3lyp-d3bj/dzvp,,0.2,H,resp2,17,[H:16][C:7]1([C:6]([C:5]([C:4]([C:9]([C:8]1([H:18])[H:19])([H:20])[H:21])([H:11])[C:2](=[O:1])[O:3][H:10])([H:12])[H:13])([H:14])[H:15])[H:17],,
17,-0.011083314039006508,RESP2,b3lyp-d3bj/dzvp,,0.2,H,resp2,18,[H:16][C:7]1([C:6]([C:5]([C:4]([C:9]([C:8]1([H:18])[H:19])([H:20])[H:21])([H:11])[C:2](=[O:1])[O:3][H:10])([H:12])[H:13])([H:14])[H:15])[H:17],,
18,-0.013631706396404871,RESP2,b3lyp-d3bj/dzvp,,0.2,H,resp2,19,[H:16][C:7]1([C:6]([C:5]([C:4]([C:9]([C:8]1([H:18])[H:19])([H:20])[H:21])([H:11])[C:2](=[O:1])[O:3][H:10])([H:12])[H:13])([H:14])[H:15])[H:17],,
19,0.007671291256563888,RESP2,b3lyp-d3bj/dzvp,,0.2,H,resp2,20,[H:16][C:7]1([C:6]([C:5]([C:4]([C:9]([C:8]1([H:18])[H:19])([H:20])[H:21])([H:11])[C:2](=[O:1])[O:3][H:10])([H:12])[H:13])([H:14])[H:15])[H:17],,
20,0.005353991286489606,RESP2,b3lyp-d3bj/dzvp,,0.2,H,resp2,21,[H:16][C:7]1([C:6]([C:5]([C:4]([C:9]([C:8]1([H:18])[H:19])([H:20])[H:21])([H:11])[C:2](=[O:1])[O:3][H:10])([H:12])[H:13])([H:14])[H:15])[H:17],,
0,-0.5317568062807921,RESP2,b3lyp-d3bj/dzvp,,0.25,O,resp2,1,[H:16][C:7]1([C:6]([C:5]([C:4]([C:9]([C:8]1([H:18])[H:19])([H:20])[H:21])([H:11])[C:2](=[O:1])[O:3][H:10])([H:12])[H:13])([H:14])[H:15])[H:17],,
1,0.5296865034428275,RESP2,b3lyp-d3bj/dzvp,,0.25,C,resp2,2,[H:16][C:7]1([C:6]([C:5]([C:4]([C:9]([C:8]1([H:18])[H:19])([H:20])[H:21])([H:11])[C:2](=[O:1])[O:3][H:10])([H:12])[H:13])([H:14])[H:15])[H:17],,
2,-0.5902134618310825,RESP2,b3lyp-d3bj/dzvp,,0.25,O,resp2,3,[H:16][C:7]1([C:6]([C:5]([C:4]([C:9]([C:8]1([H:18])[H:19])([H:20])[H:21])([H:11])[C:2](=[O:1])[O:3][H:10])([H:12])[H:13])([H:14])[H:15])[H:17],,
3,0.13941791915594703,RESP2,b3lyp-d3bj/dzvp,,0.25,C,resp2,4,[H:16][C:7]1([C:6]([C:5]([C:4]([C:9]([C:8]1([H:18])[H:19])([H:20])[H:21])([H:11])[C:2](=[O:1])[O:3][H:10])([H:12])[H:13])([H:14])[H:15])[H:17],,
4,-0.01458135265505788,RESP2,b3lyp-d3bj/dzvp,,0.25,C,resp2,5,[H:16][C:7]1([C:6]([C:5]([C:4]([C:9]([C:8]1([H:18])[H:19])([H:20])[H:21])([H:11])[C:2](=[O:1])[O:3][H:10])([H:12])[H:13])([H:14])[H:15])[H:17],,
5,0.007599072507877746,RESP2,b3lyp-d3bj/dzvp,,0.25,C,resp2,6,[H:16][C:7]1([C:6]([C:5]([C:4]([C:9]([C:8]1([H:18])[H:19])([H:20])[H:21])([H:11])[C:2](=[O:1])[O:3][H:10])([H:12])[H:13])([H:14])[H:15])[H:17],,
6,0.010108935362331782,RESP2,b3lyp-d3bj/dzvp,,0.25,C,resp2,7,[H:16][C:7]1([C:6]([C:5]([C:4]([C:9]([C:8]1([H:18])[H:19])([H:20])[H:21])([H:11])[C:2](=[O:1])[O:3][H:10])([H:12])[H:13])([H:14])[H:15])[H:17],,
7,0.0443177711780285,RESP2,b3lyp-d3bj/dzvp,,0.25,C,resp2,8,[H:16][C:7]1([C:6]([C:5]([C:4]([C:9]([C:8]1([H:18])[H:19])([H:20])[H:21])([H:11])[C:2](=[O:1])[O:3][H:10])([H:12])[H:13])([H:14])[H:15])[H:17],,
8,-0.020427377167595233,RESP2,b3lyp-d3bj/dzvp,,0.25,C,resp2,9,[H:16][C:7]1([C:6]([C:5]([C:4]([C:9]([C:8]1([H:18])[H:19])([H:20])[H:21])([H:11])[C:2](=[O:1])[O:3][H:10])([H:12])[H:13])([H:14])[H:15])[H:17],,
9,0.4447299062614804,RESP2,b3lyp-d3bj/dzvp,,0.25,H,resp2,10,[H:16][C:7]1([C:6]([C:5]([C:4]([C:9]([C:8]1([H:18])[H:19])([H:20])[H:21])([H:11])[C:2](=[O:1])[O:3][H:10])([H:12])[H:13])([H:14])[H:15])[H:17],,
10,-0.010563437028111522,RESP2,b3lyp-d3bj/dzvp,,0.25,H,resp2,11,[H:16][C:7]1([C:6]([C:5]([C:4]([C:9]([C:8]1([H:18])[H:19])([H:20])[H:21])([H:11])[C:2](=[O:1])[O:3][H:10])([H:12])[H:13])([H:14])[H:15])[H:17],,
11,0.00917982013476836,RESP2,b3lyp-d3bj/dzvp,,0.25,H,resp2,12,[H:16][C:7]1([C:6]([C:5]([C:4]([C:9]([C:8]1([H:18])[H:19])([H:20])[H:21])([H:11])[C:2](=[O:1])[O:3][H:10])([H:12])[H:13])([H:14])[H:15])[H:17],,
12,0.0008644796917412429,RESP2,b3lyp-d3bj/dzvp,,0.25,H,resp2,13,[H:16][C:7]1([C:6]([C:5]([C:4]([C:9]([C:8]1([H:18])[H:19])([H:20])[H:21])([H:11])[C:2](=[O:1])[O:3][H:10])([H:12])[H:13])([H:14])[H:15])[H:17],,
13,0.0005399710995734103,RESP2,b3lyp-d3bj/dzvp,,0.25,H,resp2,14,[H:16][C:7]1([C:6]([C:5]([C:4]([C:9]([C:8]1([H:18])[H:19])([H:20])[H:21])([H:11])[C:2](=[O:1])[O:3][H:10])([H:12])[H:13])([H:14])[H:15])[H:17],,
14,0.001297366670556361,RESP2,b3lyp-d3bj/dzvp,,0.25,H,resp2,15,[H:16][C:7]1([C:6]([C:5]([C:4]([C:9]([C:8]1([H:18])[H:19])([H:20])[H:21])([H:11])[C:2](=[O:1])[O:3][H:10])([H:12])[H:13])([H:14])[H:15])[H:17],,
15,-0.0065658919607383135,RESP2,b3lyp-d3bj/dzvp,,0.25,H,resp2,16,[H:16][C:7]1([C:6]([C:5]([C:4]([C:9]([C:8]1([H:18])[H:19])([H:20])[H:21])([H:11])[C:2](=[O:1])[O:3][H:10])([H:12])[H:13])([H:14])[H:15])[H:17],,
16,-0.002589971301445831,RESP2,b3lyp-d3bj/dzvp,,0.25,H,resp2,17,[H:16][C:7]1([C:6]([C:5]([C:4]([C:9]([C:8]1([H:18])[H:19])([H:20])[H:21])([H:11])[C:2](=[O:1])[O:3][H:10])([H:12])[H:13])([H:14])[H:15])[H:17],,
17,-0.010616007457390216,RESP2,b3lyp-d3bj/dzvp,,0.25,H,resp2,18,[H:16][C:7]1([C:6]([C:5]([C:4]([C:9]([C:8]1([H:18])[H:19])([H:20])[H:21])([H:11])[C:2](=[O:1])[O:3][H:10])([H:12])[H:13])([H:14])[H:15])[H:17],,
18,-0.013171282627245255,RESP2,b3lyp-d3bj/dzvp,,0.25,H,resp2,19,[H:16][C:7]1([C:6]([C:5]([C:4]([C:9]([C:8]1([H:18])[H:19])([H:20])[H:21])([H:11])[C:2](=[O:1])[O:3][H:10])([H:12])[H:13])([H:14])[H:15])[H:17],,
19,0.0074688277402644365,RESP2,b3lyp-d3bj/dzvp,,0.25,H,resp2,20,[H:16][C:7]1([C:6]([C:5]([C:4]([C:9]([C:8]1([H:18])[H:19])([H:20])[H:21])([H:11])[C:2](=[O:1])[O:3][H:10])([H:12])[H:13])([H:14])[H:15])[H:17],,
20,0.0052750150640619884,RESP2,b3lyp-d3bj/dzvp,,0.25,H,resp2,21,[H:16][C:7]1([C:6]([C:5]([C:4]([C:9]([C:8]1([H:18])[H:19])([H:20])[H:21])([H:11])[C:2](=[O:1])[O:3][H:10])([H:12])[H:13])([H:14])[H:15])[H:17],,
0,-0.5353738374133801,RESP2,b3lyp-d3bj/dzvp,,0.30000000000000004,O,resp2,1,[H:16][C:7]1([C:6]([C:5]([C:4]([C:9]([C:8]1([H:18])[H:19])([H:20])[H:21])([H:11])[C:2](=[O:1])[O:3][H:10])([H:12])[H:13])([H:14])[H:15])[H:17],,
1,0.5318218245381585,RESP2,b3lyp-d3bj/dzvp,,0.30000000000000004,C,resp2,2,[H:16][C:7]1([C:6]([C:5]([C:4]([C:9]([C:8]1([H:18])[H:19])([H:20])[H:21])([H:11])[C:2](=[O:1])[O:3][H:10])([H:12])[H:13])([H:14])[H:15])[H:17],,
2,-0.5918400518123468,RESP2,b3lyp-d3bj/dzvp,,0.30000000000000004,O,resp2,3,[H:16][C:7]1([C:6]([C:5]([C:4]([C:9]([C:8]1([H:18])[H:19])([H:20])[H:21])([H:11])[C:2](=[O:1])[O:3][H:10])([H:12])[H:13])([H:14])[H:15])[H:17],,
3,0.13789779846696806,RESP2,b3lyp-d3bj/dzvp,,0.30000000000000004,C,resp2,4,[H:16][C:7]1([C:6]([C:5]([C:4]([C:9]([C:8]1([H:18])[H:19])([H:20])[H:21])([H:11])[C:2](=[O:1])[O:3][H:10])([H:12])[H:13])([H:14])[H:15])[H:17],,
4,-0.013805315111245314,RESP2,b3lyp-d3bj/dzvp,,0.30000000000000004,C,resp2,5,[H:16][C:7]1([C:6]([C:5]([C:4]([C:9]([C:8]1([H:18])[H:19])([H:20])[H:21])([H:11])[C:2](=[O:1])[O:3][H:10])([H:12])[H:13])([H:14])[H:15])[H:17],,
5,0.00795109056506878,RESP2,b3lyp-d3bj/dzvp,,0.30000000000000004,C,resp2,6,[H:16][C:7]1([C:6]([C:5]([C:4]([C:9]([C:8]1([H:18])[H:19])([H:20])[H:21])([H:11])[C:2](=[O:1])[O:3][H:10])([H:12])[H:13])([H:14])[H:15])[H:17],,
6,0.012819674107696475,RESP2,b3lyp-d3bj/dzvp,,0.30000000000000004,C,resp2,7,[H:16][C:7]1([C:6]([C:5]([C:4]([C:9]([C:8]1([H:18])[H:19])([H:20])[H:21])([H:11])[C:2](=[O:1])[O:3][H:10])([H:12])[H:13])([H:14])[H:15])[H:17],,
7,0.042297131000739834,RESP2,b3lyp-d3bj/dzvp,,0.30000000000000004,C,resp2,8,[H:16][C:7]1([C:6]([C:5]([C:4]([C:9]([C:8]1([H:18])[H:19])([H:20])[H:21])([H:11])[C:2](=[O:1])[O:3][H:10])([H:12])[H:13])([H:14])[H:15])[H:17],,
8,-0.019242952581518896,RESP2,b3lyp-d3bj/dzvp,,0.30000000000000004,C,resp2,9,[H:16][C:7]1([C:6]([C:5]([C:4]([C:9]([C:8]1([H:18])[H:19])([H:20])[H:21])([H:11])[C:2](=[O:1])[O:3][H:10])([H:12])[H:13])([H:14])[H:15])[H:17],,
9,0.44683356644464023,RESP2,b3lyp-d3bj/dzvp,,0.30000000000000004,H,resp2,10,[H:16][C:7]1([C:6]([C:5]([C:4]([C:9]([C:8]1([H:18])[H:19])([H:20])[H:21])([H:11])[C:2](=[O:1])[O:3][H:10])([H:12])[H:13])([H:14])[H:15])[H:17],,
10,-0.009496021473165441,RESP2,b3lyp-d3bj/dzvp,,0.30000000000000004,H,resp2,11,[H:16][C:7]1([C:6]([C:5]([C:4]([C:9]([C:8]1([H:18])[H:19])([H:20])[H:21])([H:11])[C:2](=[O:1])[O:3][H:10])([H:12])[H:13])([H:14])[H:15])[H:17],,
11,0.008889850666315771,RESP2,b3lyp-d3bj/dzvp,,0.30000000000000004,H,resp2,12,[H:16][C:7]1([C:6]([C:5]([C:4]([C:9]([C:8]1([H:18])[H:19])([H:20])[H:21])([H:11])[C:2](=[O:1])[O:3][H:10])([H:12])[H:13])([H:14])[H:15])[H:17],,
12,0.0010224028762719532,RESP2,b3lyp-d3bj/dzvp,,0.30000000000000004,H,resp2,13,[H:16][C:7]1([C:6]([C:5]([C:4]([C:9]([C:8]1([H:18])[H:19])([H:20])[H:21])([H:11])[C:2](=[O:1])[O:3][H:10])([H:12])[H:13])([H:14])[H:15])[H:17],,
13,0.0002643330890635269,RESP2,b3lyp-d3bj/dzvp,,0.30000000000000004,H,resp2,14,[H:16][C:7]1([C:6]([C:5]([C:4]([C:9]([C:8]1([H:18])[H:19])([H:20])[H:21])([H:11])[C:2](=[O:1])[O:3][H:10])([H:12])[H:13])([H:14])[H:15])[H:17],,
14,0.0009271335661535984,RESP2,b3lyp-d3bj/dzvp,,0.30000000000000004,H,resp2,15,[H:16][C:7]1([C:6]([C:5]([C:4]([C:9]([C:8]1([H:18])[H:19])([H:20])[H:21])([H:11])[C:2](=[O:1])[O:3][H:10])([H:12])[H:13])([H:14])[H:15])[H:17],,
15,-0.007261018989444288,RESP2,b3lyp-d3bj/dzvp,,0.30000000000000004,H,resp2,16,[H:16][C:7]1([C:6]([C:5]([C:4]([C:9]([C:8]1([H:18])[H:19])([H:20])[H:21])([H:11])[C:2](=[O:1])[O:3][H:10])([H:12])[H:13])([H:14])[H:15])[H:17],,
16,-0.0033084512717158746,RESP2,b3lyp-d3bj/dzvp,,0.30000000000000004,H,resp2,17,[H:16][C:7]1([C:6]([C:5]([C:4]([C:9]([C:8]1([H:18])[H:19])([H:20])[H:21])([H:11])[C:2](=[O:1])[O:3][H:10])([H:12])[H:13])([H:14])[H:15])[H:17],,
17,-0.010148700875773926,RESP2,b3lyp-d3bj/dzvp,,0.30000000000000004,H,resp2,18,[H:16][C:7]1([C:6]([C:5]([C:4]([C:9]([C:8]1([H:18])[H:19])([H:20])[H:21])([H:11])[C:2](=[O:1])[O:3][H:10])([H:12])[H:13])([H:14])[H:15])[H:17],,
18,-0.012710858858085643,RESP2,b3lyp-d3bj/dzvp,,0.30000000000000004,H,resp2,19,[H:16][C:7]1([C:6]([C:5]([C:4]([C:9]([C:8]1([H:18])[H:19])([H:20])[H:21])([H:11])[C:2](=[O:1])[O:3][H:10])([H:12])[H:13])([H:14])[H:15])[H:17],,
19,0.007266364223964983,RESP2,b3lyp-d3bj/dzvp,,0.30000000000000004,H,resp2,20,[H:16][C:7]1([C:6]([C:5]([C:4]([C:9]([C:8]1([H:18])[H:19])([H:20])[H:21])([H:11])[C:2](=[O:1])[O:3][H:10])([H:12])[H:13])([H:14])[H:15])[H:17],,
20,0.005196038841634369,RESP2,b3lyp-d3bj/dzvp,,0.30000000000000004,H,resp2,21,[H:16][C:7]1([C:6]([C:5]([C:4]([C:9]([C:8]1([H:18])[H:19])([H:20])[H:21])([H:11])[C:2](=[O:1])[O:3][H:10])([H:12])[H:13])([H:14])[H:15])[H:17],,
0,-0.538990868545968,RESP2,b3lyp-d3bj/dzvp,,0.35000000000000003,O,resp2,1,[H:16][C:7]1([C:6]([C:5]([C:4]([C:9]([C:8]1([H:18])[H:19])([H:20])[H:21])([H:11])[C:2](=[O:1])[O:3][H:10])([H:12])[H:13])([H:14])[H:15])[H:17],,
1,0.5339571456334894,RESP2,b3lyp-d3bj/dzvp,,0.35000000000000003,C,resp2,2,[H:16][C:7]1([C:6]([C:5]([C:4]([C:9]([C:8]1([H:18])[H:19])([H:20])[H:21])([H:11])[C:2](=[O:1])[O:3][H:10])([H:12])[H:13])([H:14])[H:15])[H:17],,
2,-0.593466641793611,RESP2,b3lyp-d3bj/dzvp,,0.35000000000000003,O,resp2,3,[H:16][C:7]1([C:6]([C:5]([C:4]([C:9]([C:8]1([H:18])[H:19])([H:20])[H:21])([H:11])[C:2](=[O:1])[O:3][H:10])([H:12])[H:13])([H:14])[H:15])[H:17],,
3,0.13637767777798906,RESP2,b3lyp-d3bj/dzvp,,0.35000000000000003,C,resp2,4,[H:16][C:7]1([C:6]([C:5]([C:4]([C:9]([C:8]1([H:18])[H:19])([H:20])[H:21])([H:11])[C:2](=[O:1])[O:3][H:10])([H:12])[H:13])([H:14])[H:15])[H:17],,
4,-0.013029277567432737,RESP2,b3lyp-d3bj/dzvp,,0.35000000000000003,C,resp2,5,[H:16][C:7]1([C:6]([C:5]([C:4]([C:9]([C:8]1([H:18])[H:19])([H:20])[H:21])([H:11])[C:2](=[O:1])[O:3][H:10])([H:12])[H:13])([H:14])[H:15])[H:17],,
5,0.00830310862225982,RESP2,b3lyp-d3bj/dzvp,,0.35000000000000003,C,resp2,6,[H:16][C:7]1([C:6]([C:5]([C:4]([C:9]([C:8]1([H:18])[H:19])([H:20])[H:21])([H:11])[C:2](=[O:1])[O:3][H:10])([H:12])[H:13])([H:14])[H:15])[H:17],,
6,0.015530412853061172,RESP2,b3lyp-d3bj/dzvp,,0.35000000000000003,C,resp2,7,[H:16][C:7]1([C:6]([C:5]([C:4]([C:9]([C:8]1([H:18])[H:19])([H:20])[H:21])([H:11])[C:2](=[O:1])[O:3][H:10])([H:12])[H:13])([H:14])[H:15])[H:17],,
7,0.04027649082345118,RESP2,b3lyp-d3bj/dzvp,,0.35000000000000003,C,resp2,8,[H:16][C:7]1([C:6]([C:5]([C:4]([C:9]([C:8]1([H:18])[H:19])([H:20])[H:21])([H:11])[C:2](=[O:1])[O:3][H:10])([H:12])[H:13])([H:14])[H:15])[H:17],,
8,-0.018058527995442546,RESP2,b3lyp-d3bj/dzvp,,0.35000000000000003,C,resp2,9,[H:16][C:7]1([C:6]([C:5]([C:4]([C:9]([C:8]1([H:18])[H:19])([H:20])[H:21])([H:11])[C:2](=[O:1])[O:3][H:10])([H:12])[H:13])([H:14])[H:15])[H:17],,
9,0.4489372266278001,RESP2,b3lyp-d3bj/dzvp,,0.35000000000000003,H,resp2,10,[H:16][C:7]1([C:6]([C:5]([C:4]([C:9]([C:8]1([H:18])[H:19])([H:20])[H:21])([H:11])[C:2](=[O:1])[O:3][H:10])([H:12])[H:13])([H:14])[H:15])[H:17],,
10,-0.00842860591821935,RESP2,b3lyp-d3bj/dzvp,,0.35000000000000003,H,resp2,11,[H:16][C:7]1([C:6]([C:5]([C:4]([C:9]([C:8]1([H:18])[H:19])([H:20])[H:21])([H:11])[C:2](=[O:1])[O:3][H:10])([H:12])[H:13])([H:14])[H:15])[H:17],,
11,0.00859988119786319,RESP2,b3lyp-d3bj/dzvp,,0.35000000000000003,H,resp2,12,[H:16][C:7]1([C:6]([C:5]([C:4]([C:9]([C:8]1([H:18])[H:19])([H:20])[H:21])([H:11])[C:2](=[O:1])[O:3][H:10])([H:12])[H:13])([H:14])[H:15])[H:17],,
12,0.0011803260608026717,RESP2,b3lyp-d3bj/dzvp,,0.35000000000000003,H,resp2,13,[H:16][C:7]1([C:6]([C:5]([C:4]([C:9]([C:8]1([H:18])[H:19])([H:20])[H:21])([H:11])[C:2](=[O:1])[O:3][H:10])([H:12])[H:13])([H:14])[H:15])[H:17],,
13,-1.1304921446348204e-05,RESP2,b3lyp-d3bj/dzvp,,0.35000000000000003,H,resp2,14,[H:16][C:7]1([C:6]([C:5]([C:4]([C:9]([C:8]1([H:18])[H:19])([H:20])[H:21])([H:11])[C:2](=[O:1])[O:3][H:10])([H:12])[H:13])([H:14])[H:15])[H:17],,
14,0.0005569004617508439,RESP2,b3lyp-d3bj/dzvp,,0.35000000000000003,H,resp2,15,[H:16][C:7]1([C:6]([C:5]([C:4]([C:9]([C:8]1([H:18])[H:19])([H:20])[H:21])([H:11])[C:2](=[O:1])[O:3][H:10])([H:12])[H:13])([H:14])[H:15])[H:17],,
15,-0.007956146018150253,RESP2,b3lyp-d3bj/dzvp,,0.35000000000000003,H,resp2,16,[H:16][C:7]1([C:6]([C:5]([C:4]([C:9]([C:8]1([H:18])[H:19])([H:20])[H:21])([H:11])[C:2](=[O:1])[O:3][H:10])([H:12])[H:13])([H:14])[H:15])[H:17],,
16,-0.0040269312419859106,RESP2,b3lyp-d3bj/dzvp,,0.35000000000000003,H,resp2,17,[H:16][C:7]1([C:6]([C:5]([C:4]([C:9]([C:8]1([H:18])[H:19])([H:20])[H:21])([H:11])[C:2](=[O:1])[O:3][H:10])([H:12])[H:13])([H:14])[H:15])[H:17],,
17,-0.009681394294157626,RESP2,b3lyp-d3bj/dzvp,,0.35000000000000003,H,resp2,18,[H:16][C:7]1([C:6]([C:5]([C:4]([C:9]([C:8]1([H:18])[H:19])([H:20])[H:21])([H:11])[C:2](=[O:1])[O:3][H:10])([H:12])[H:13])([H:14])[H:15])[H:17],,
18,-0.012250435088926022,RESP2,b3lyp-d3bj/dzvp,,0.35000000000000003,H,resp2,19,[H:16][C:7]1([C:6]([C:5]([C:4]([C:9]([C:8]1([H:18])[H:19])([H:20])[H:21])([H:11])[C:2](=[O:1])[O:3][H:10])([H:12])[H:13])([H:14])[H:15])[H:17],,
19,0.007063900707665537,RESP2,b3lyp-d3bj/dzvp,,0.35000000000000003,H,resp2,20,[H:16][C:7]1([C:6]([C:5]([C:4]([C:9]([C:8]1([H:18])[H:19])([H:20])[H:21])([H:11])[C:2](=[O:1])[O:3][H:10])([H:12])[H:13])([H:14])[H:15])[H:17],,
20,0.005117062619206758,RESP2,b3lyp-d3bj/dzvp,,0.35000000000000003,H,resp2,21,[H:16][C:7]1([C:6]([C:5]([C:4]([C:9]([C:8]1([H:18])[H:19])([H:20])[H:21])([H:11])[C:2](=[O:1])[O:3][H:10])([H:12])[H:13])([H:14])[H:15])[H:17],,
0,-0.5426078996785559,RESP2,b3lyp-d3bj/dzvp,,0.4,O,resp2,1,[H:16][C:7]1([C:6]([C:5]([C:4]([C:9]([C:8]1([H:18])[H:19])([H:20])[H:21])([H:11])[C:2](=[O:1])[O:3][H:10])([H:12])[H:13])([H:14])[H:15])[H:17],,
1,0.5360924667288204,RESP2,b3lyp-d3bj/dzvp,,0.4,C,resp2,2,[H:16][C:7]1([C:6]([C:5]([C:4]([C:9]([C:8]1([H:18])[H:19])([H:20])[H:21])([H:11])[C:2](=[O:1])[O:3][H:10])([H:12])[H:13])([H:14])[H:15])[H:17],,
2,-0.5950932317748752,RESP2,b3lyp-d3bj/dzvp,,0.4,O,resp2,3,[H:16][C:7]1([C:6]([C:5]([C:4]([C:9]([C:8]1([H:18])[H:19])([H:20])[H:21])([H:11])[C:2](=[O:1])[O:3][H:10])([H:12])[H:13])([H:14])[H:15])[H:17],,
3,0.13485755708901007,RESP2,b3lyp-d3bj/dzvp,,0.4,C,resp2,4,[H:16][C:7]1([C:6]([C:5]([C:4]([C:9]([C:8]1([H:18])[H:19])([H:20])[H:21])([H:11])[C:2](=[O:1])[O:3][H:10])([H:12])[H:13])([H:14])[H:15])[H:17],,
4,-0.012253240023620167,RESP2,b3lyp-d3bj/dzvp,,0.4,C,resp2,5,[H:16][C:7]1([C:6]([C:5]([C:4]([C:9]([C:8]1([H:18])[H:19])([H:20])[H:21])([H:11])[C:2](=[O:1])[O:3][H:10])([H:12])[H:13])([H:14])[H:15])[H:17],,
5,0.008655126679450856,RESP2,b3lyp-d3bj/dzvp,,0.4,C,resp2,6,[H:16][C:7]1([C:6]([C:5]([C:4]([C:9]([C:8]1([H:18])[H:19])([H:20])[H:21])([H:11])[C:2](=[O:1])[O:3][H:10])([H:12])[H:13])([H:14])[H:15])[H:17],,
6,0.018241151598425865,RESP2,b3lyp-d3bj/dzvp,,0.4,C,resp2,7,[H:16][C:7]1([C:6]([C:5]([C:4]([C:9]([C:8]1([H:18])[H:19])([H:20])[H:21])([H:11])[C:2](=[O:1])[O:3][H:10])([H:12])[H:13])([H:14])[H:15])[H:17],,
7,0.03825585064616251,RESP2,b3lyp-d3bj/dzvp,,0.4,C,resp2,8,[H:16][C:7]1([C:6]([C:5]([C:4]([C:9]([C:8]1([H:18])[H:19])([H:20])[H:21])([H:11])[C:2](=[O:1])[O:3][H:10])([H:12])[H:13])([H:14])[H:15])[H:17],,
8,-0.0168741034093662,RESP2,b3lyp-d3bj/dzvp,,0.4,C,resp2,9,[H:16][C:7]1([C:6]([C:5]([C:4]([C:9]([C:8]1([H:18])[H:19])([H:20])[H:21])([H:11])[C:2](=[O:1])[O:3][H:10])([H:12])[H:13])([H:14])[H:15])[H:17],,
9,0.45104088681095994,RESP2,b3lyp-d3bj/dzvp,,0.4,H,resp2,10,[H:16][C:7]1([C:6]([C:5]([C:4]([C:9]([C:8]1([H:18])[H:19])([H:20])[H:21])([H:11])[C:2](=[O:1])[O:3][H:10])([H:12])[H:13])([H:14])[H:15])[H:17],,
10,-0.007361190363273269,RESP2,b3lyp-d3bj/dzvp,,0.4,H,resp2,11,[H:16][C:7]1([C:6]([C:5]([C:4]([C:9]([C:8]1([H:18])[H:19])([H:20])[H:21])([H:11])[C:2](=[O:1])[O:3][H:10])([H:12])[H:13])([H:14])[H:15])[H:17],,
11,0.008309911729410605,RESP2,b3lyp-d3bj/dzvp,,0.4,H,resp2,12,[H:16][C:7]1([C:6]([C:5]([C:4]([C:9]([C:8]1([H:18])[H:19])([H:20])[H:21])([H:11])[C:2](=[O:1])[O:3][H:10])([H:12])[H:13])([H:14])[H:15])[H:17],,
12,0.0013382492453333846,RESP2,b3lyp-d3bj/dzvp,,0.4,H,resp2,13,[H:16][C:7]1([C:6]([C:5]([C:4]([C:9]([C:8]1([H:18])[H:19])([H:20])[H:21])([H:11])[C:2](=[O:1])[O:3][H:10])([H:12])[H:13])([H:14])[H:15])[H:17],,
13,-0.0002869429319562282,RESP2,b3lyp-d3bj/dzvp,,0.4,H,resp2,14,[H:16][C:7]1([C:6]([C:5]([C:4]([C:9]([C:8]1([H:18])[H:19])([H:20])[H:21])([H:11])[C:2](=[O:1])[O:3][H:10])([H:12])[H:13])([H:14])[H:15])[H:17],,
14,0.00018666735734808467,RESP2,b3lyp-d3bj/dzvp,,0.4,H,resp2,15,[H:16][C:7]1([C:6]([C:5]([C:4]([C:9]([C:8]1([H:18])[H:19])([H:20])[H:21])([H:11])[C:2](=[O:1])[O:3][H:10])([H:12])[H:13])([H:14])[H:15])[H:17],,
15,-0.008651273046856223,RESP2,b3lyp-d3bj/dzvp,,0.4,H,resp2,16,[H:16][C:7]1([C:6]([C:5]([C:4]([C:9]([C:8]1([H:18])[H:19])([H:20])[H:21])([H:11])[C:2](=[O:1])[O:3][H:10])([H:12])[H:13])([H:14])[H:15])[H:17],,
16,-0.004745411212255951,RESP2,b3lyp-d3bj/dzvp,,0.4,H,resp2,17,[H:16][C:7]1([C:6]([C:5]([C:4]([C:9]([C:8]1([H:18])[H:19])([H:20])[H:21])([H:11])[C:2](=[O:1])[O:3][H:10])([H:12])[H:13])([H:14])[H:15])[H:17],,
17,-0.009214087712541334,RESP2,b3lyp-d3bj/dzvp,,0.4,H,resp2,18,[H:16][C:7]1([C:6]([C:5]([C:4]([C:9]([C:8]1([H:18])[H:19])([H:20])[H:21])([H:11])[C:2](=[O:1])[O:3][H:10])([H:12])[H:13])([H:14])[H:15])[H:17],,
18,-0.011790011319766409,RESP2,b3lyp-d3bj/dzvp,,0.4,H,resp2,19,[H:16][C:7]1([C:6]([C:5]([C:4]([C:9]([C:8]1([H:18])[H:19])([H:20])[H:21])([H:11])[C:2](=[O:1])[O:3][H:10])([H:12])[H:13])([H:14])[H:15])[H:17],,
19,0.006861437191366086,RESP2,b3lyp-d3bj/dzvp,,0.4,H,resp2,20,[H:16][C:7]1([C:6]([C:5]([C:4]([C:9]([C:8]1([H:18])[H:19])([H:20])[H:21])([H:11])[C:2](=[O:1])[O:3][H:10])([H:12])[H:13])([H:14])[H:15])[H:17],,
20,0.005038086396779141,RESP2,b3lyp-d3bj/dzvp,,0.4,H,resp2,21,[H:16][C:7]1([C:6]([C:5]([C:4]([C:9]([C:8]1([H:18])[H:19])([H:20])[H:21])([H:11])[C:2](=[O:1])[O:3][H:10])([H:12])[H:13])([H:14])[H:15])[H:17],,
0,-0.546224930811144,RESP2,b3lyp-d3bj/dzvp,,0.45,O,resp2,1,[H:16][C:7]1([C:6]([C:5]([C:4]([C:9]([C:8]1([H:18])[H:19])([H:20])[H:21])([H:11])[C:2](=[O:1])[O:3][H:10])([H:12])[H:13])([H:14])[H:15])[H:17],,
1,0.5382277878241515,RESP2,b3lyp-d3bj/dzvp,,0.45,C,resp2,2,[H:16][C:7]1([C:6]([C:5]([C:4]([C:9]([C:8]1([H:18])[H:19])([H:20])[H:21])([H:11])[C:2](=[O:1])[O:3][H:10])([H:12])[H:13])([H:14])[H:15])[H:17],,
2,-0.5967198217561395,RESP2,b3lyp-d3bj/dzvp,,0.45,O,resp2,3,[H:16][C:7]1([C:6]([C:5]([C:4]([C:9]([C:8]1([H:18])[H:19])([H:20])[H:21])([H:11])[C:2](=[O:1])[O:3][H:10])([H:12])[H:13])([H:14])[H:15])[H:17],,
3,0.13333743640003112,RESP2,b3lyp-d3bj/dzvp,,0.45,C,resp2,4,[H:16][C:7]1([C:6]([C:5]([C:4]([C:9]([C:8]1([H:18])[H:19])([H:20])[H:21])([H:11])[C:2](=[O:1])[O:3][H:10])([H:12])[H:13])([H:14])[H:15])[H:17],,
4,-0.011477202479807597,RESP2,b3lyp-d3bj/dzvp,,0.45,C,resp2,5,[H:16][C:7]1([C:6]([C:5]([C:4]([C:9]([C:8]1([H:18])[H:19])([H:20])[H:21])([H:11])[C:2](=[O:1])[O:3][H:10])([H:12])[H:13])([H:14])[H:15])[H:17],,
5,0.009007144736641893,RESP2,b3lyp-d3bj/dzvp,,0.45,C,resp2,6,[H:16][C:7]1([C:6]([C:5]([C:4]([C:9]([C:8]1([H:18])[H:19])([H:20])[H:21])([H:11])[C:2](=[O:1])[O:3][H:10])([H:12])[H:13])([H:14])[H:15])[H:17],,
6,0.020951890343790556,RESP2,b3lyp-d3bj/dzvp,,0.45,C,resp2,7,[H:16][C:7]1([C:6]([C:5]([C:4]([C:9]([C:8]1([H:18])[H:19])([H:20])[H:21])([H:11])[C:2](=[O:1])[O:3][H:10])([H:12])[H:13])([H:14])[H:15])[H:17],,
7,0.03623521046887386,RESP2,b3lyp-d3bj/dzvp,,0.45,C,resp2,8,[H:16][C:7]1([C:6]([C:5]([C:4]([C:9]([C:8]1([H:18])[H:19])([H:20])[H:21])([H:11])[C:2](=[O:1])[O:3][H:10])([H:12])[H:13])([H:14])[H:15])[H:17],,
8,-0.01568967882328986,RESP2,b3lyp-d3bj/dzvp,,0.45,C,resp2,9,[H:16][C:7]1([C:6]([C:5]([C:4]([C:9]([C:8]1([H:18])[H:19])([H:20])[H:21])([H:11])[C:2](=[O:1])[O:3][H:10])([H:12])[H:13])([H:14])[H:15])[H:17],,
9,0.4531445469941198,RESP2,b3lyp-d3bj/dzvp,,0.45,H,resp2,10,[H:16][C:7]1([C:6]([C:5]([C:4]([C:9]([C:8]1([H:18])[H:19])([H:20])[H:21])([H:11])[C:2](=[O:1])[O:3][H:10])([H:12])[H:13])([H:14])[H:15])[H:17],,
10,-0.006293774808327186,RESP2,b3lyp-d3bj/dzvp,,0.45,H,resp2,11,[H:16][C:7]1([C:6]([C:5]([C:4]([C:9]([C:8]1([H:18])[H:19])([H:20])[H:21])([H:11])[C:2](=[O:1])[O:3][H:10])([H:12])[H:13])([H:14])[H:15])[H:17],,
11,0.00801994226095802,RESP2,b3lyp-d3bj/dzvp,,0.45,H,resp2,12,[H:16][C:7]1([C:6]([C:5]([C:4]([C:9]([C:8]1([H:18])[H:19])([H:20])[H:21])([H:11])[C:2](=[O:1])[O:3][H:10])([H:12])[H:13])([H:14])[H:15])[H:17],,
12,0.0014961724298640977,RESP2,b3lyp-d3bj/dzvp,,0.45,H,resp2,13,[H:16][C:7]1([C:6]([C:5]([C:4]([C:9]([C:8]1([H:18])[H:19])([H:20])[H:21])([H:11])[C:2](=[O:1])[O:3][H:10])([H:12])[H:13])([H:14])[H:15])[H:17],,
13,-0.0005625809424661087,RESP2,b3lyp-d3bj/dzvp,,0.45,H,resp2,14,[H:16][C:7]1([C:6]([C:5]([C:4]([C:9]([C:8]1([H:18])[H:19])([H:20])[H:21])([H:11])[C:2](=[O:1])[O:3][H:10])([H:12])[H:13])([H:14])[H:15])[H:17],,
14,-0.00018356574705467475,RESP2,b3lyp-d3bj/dzvp,,0.45,H,resp2,15,[H:16][C:7]1([C:6]([C:5]([C:4]([C:9]([C:8]1([H:18])[H:19])([H:20])[H:21])([H:11])[C:2](=[O:1])[O:3][H:10])([H:12])[H:13])([H:14])[H:15])[H:17],,
15,-0.009346400075562195,RESP2,b3lyp-d3bj/dzvp,,0.45,H,resp2,16,[H:16][C:7]1([C:6]([C:5]([C:4]([C:9]([C:8]1([H:18])[H:19])([H:20])[H:21])([H:11])[C:2](=[O:1])[O:3][H:10])([H:12])[H:13])([H:14])[H:15])[H:17],,
16,-0.005463891182525992,RESP2,b3lyp-d3bj/dzvp,,0.45,H,resp2,17,[H:16][C:7]1([C:6]([C:5]([C:4]([C:9]([C:8]1([H:18])[H:19])([H:20])[H:21])([H:11])[C:2](=[O:1])[O:3][H:10])([H:12])[H:13])([H:14])[H:15])[H:17],,
17,-0.008746781130925042,RESP2,b3lyp-d3bj/dzvp,,0.45,H,resp2,18,[H:16][C:7]1([C:6]([C:5]([C:4]([C:9]([C:8]1([H:18])[H:19])([H:20])[H:21])([H:11])[C:2](=[O:1])[O:3][H:10])([H:12])[H:13])([H:14])[H:15])[H:17],,
18,-0.011329587550606795,RESP2,b3lyp-d3bj/dzvp,,0.45,H,resp2,19,[H:16][C:7]1([C:6]([C:5]([C:4]([C:9]([C:8]1([H:18])[H:19])([H:20])[H:21])([H:11])[C:2](=[O:1])[O:3][H:10])([H:12])[H:13])([H:14])[H:15])[H:17],,
19,0.006658973675066636,RESP2,b3lyp-d3bj/dzvp,,0.45,H,resp2,20,[H:16][C:7]1([C:6]([C:5]([C:4]([C:9]([C:8]1([H:18])[H:19])([H:20])[H:21])([H:11])[C:2](=[O:1])[O:3][H:10])([H:12])[H:13])([H:14])[H:15])[H:17],,
20,0.004959110174351525,RESP2,b3lyp-d3bj/dzvp,,0.45,H,resp2,21,[H:16][C:7]1([C:6]([C:5]([C:4]([C:9]([C:8]1([H:18])[H:19])([H:20])[H:21])([H:11])[C:2](=[O:1])[O:3][H:10])([H:12])[H:13])([H:14])[H:15])[H:17],,
0,-0.5498419619437319,RESP2,b3lyp-d3bj/dzvp,,0.5,O,resp2,1,[H:16][C:7]1([C:6]([C:5]([C:4]([C:9]([C:8]1([H:18])[H:19])([H:20])[H:21])([H:11])[C:2](=[O:1])[O:3][H:10])([H:12])[H:13])([H:14])[H:15])[H:17],,
1,0.5403631089194822,RESP2,b3lyp-d3bj/dzvp,,0.5,C,resp2,2,[H:16][C:7]1([C:6]([C:5]([C:4]([C:9]([C:8]1([H:18])[H:19])([H:20])[H:21])([H:11])[C:2](=[O:1])[O:3][H:10])([H:12])[H:13])([H:14])[H:15])[H:17],,
2,-0.5983464117374038,RESP2,b3lyp-d3bj/dzvp,,0.5,O,resp2,3,[H:16][C:7]1([C:6]([C:5]([C:4]([C:9]([C:8]1([H:18])[H:19])([H:20])[H:21])([H:11])[C:2](=[O:1])[O:3][H:10])([H:12])[H:13])([H:14])[H:15])[H:17],,
3,0.13181731571105212,RESP2,b3lyp-d3bj/dzvp,,0.5,C,resp2,4,[H:16][C:7]1([C:6]([C:5]([C:4]([C:9]([C:8]1([H:18])[H:19])([H:20])[H:21])([H:11])[C:2](=[O:1])[O:3][H:10])([H:12])[H:13])([H:14])[H:15])[H:17],,
4,-0.010701164935995024,RESP2,b3lyp-d3bj/dzvp,,0.5,C,resp2,5,[H:16][C:7]1([C:6]([C:5]([C:4]([C:9]([C:8]1([H:18])[H:19])([H:20])[H:21])([H:11])[C:2](=[O:1])[O:3][H:10])([H:12])[H:13])([H:14])[H:15])[H:17],,
5,0.00935916279383293,RESP2,b3lyp-d3bj/dzvp,,0.5,C,resp2,6,[H:16][C:7]1([C:6]([C:5]([C:4]([C:9]([C:8]1([H:18])[H:19])([H:20])[H:21])([H:11])[C:2](=[O:1])[O:3][H:10])([H:12])[H:13])([H:14])[H:15])[H:17],,
6,0.023662629089155254,RESP2,b3lyp-d3bj/dzvp,,0.5,C,resp2,7,[H:16][C:7]1([C:6]([C:5]([C:4]([C:9]([C:8]1([H:18])[H:19])([H:20])[H:21])([H:11])[C:2](=[O:1])[O:3][H:10])([H:12])[H:13])([H:14])[H:15])[H:17],,
7,0.03421457029158519,RESP2,b3lyp-d3bj/dzvp,,0.5,C,resp2,8,[H:16][C:7]1([C:6]([C:5]([C:4]([C:9]([C:8]1([H:18])[H:19])([H:20])[H:21])([H:11])[C:2](=[O:1])[O:3][H:10])([H:12])[H:13])([H:14])[H:15])[H:17],,
8,-0.01450525423721351,RESP2,b3lyp-d3bj/dzvp,,0.5,C,resp2,9,[H:16][C:7]1([C:6]([C:5]([C:4]([C:9]([C:8]1([H:18])[H:19])([H:20])[H:21])([H:11])[C:2](=[O:1])[O:3][H:10])([H:12])[H:13])([H:14])[H:15])[H:17],,
9,0.45524820717727965,RESP2,b3lyp-d3bj/dzvp,,0.5,H,resp2,10,[H:16][C:7]1([C:6]([C:5]([C:4]([C:9]([C:8]1([H:18])[H:19])([H:20])[H:21])([H:11])[C:2](=[O:1])[O:3][H:10])([H:12])[H:13])([H:14])[H:15])[H:17],,
10,-0.005226359253381099,RESP2,b3lyp-d3bj/dzvp,,0.5,H,resp2,11,[H:16][C:7]1([C:6]([C:5]([C:4]([C:9]([C:8]1([H:18])[H:19])([H:20])[H:21])([H:11])[C:2](=[O:1])[O:3][H:10])([H:12])[H:13])([H:14])[H:15])[H:17],,
11,0.007729972792505434,RESP2,b3lyp-d3bj/dzvp,,0.5,H,resp2,12,[H:16][C:7]1([C:6]([C:5]([C:4]([C:9]([C:8]1([H:18])[H:19])([H:20])[H:21])([H:11])[C:2](=[O:1])[O:3][H:10])([H:12])[H:13])([H:14])[H:15])[H:17],,
12,0.0016540956143948132,RESP2,b3lyp-d3bj/dzvp,,0.5,H,resp2,13,[H:16][C:7]1([C:6]([C:5]([C:4]([C:9]([C:8]1([H:18])[H:19])([H:20])[H:21])([H:11])[C:2](=[O:1])[O:3][H:10])([H:12])[H:13])([H:14])[H:15])[H:17],,
13,-0.0008382189529759864,RESP2,b3lyp-d3bj/dzvp,,0.5,H,resp2,14,[H:16][C:7]1([C:6]([C:5]([C:4]([C:9]([C:8]1([H:18])[H:19])([H:20])[H:21])([H:11])[C:2](=[O:1])[O:3][H:10])([H:12])[H:13])([H:14])[H:15])[H:17],,
14,-0.0005537988514574317,RESP2,b3lyp-d3bj/dzvp,,0.5,H,resp2,15,[H:16][C:7]1([C:6]([C:5]([C:4]([C:9]([C:8]1([H:18])[H:19])([H:20])[H:21])([H:11])[C:2](=[O:1])[O:3][H:10])([H:12])[H:13])([H:14])[H:15])[H:17],,
15,-0.010041527104268163,RESP2,b3lyp-d3bj/dzvp,,0.5,H,resp2,16,[H:16][C:7]1([C:6]([C:5]([C:4]([C:9]([C:8]1([H:18])[H:19])([H:20])[H:21])([H:11])[C:2](=[O:1])[O:3][H:10])([H:12])[H:13])([H:14])[H:15])[H:17],,
16,-0.006182371152796029,RESP2,b3lyp-d3bj/dzvp,,0.5,H,resp2,17,[H:16][C:7]1([C:6]([C:5]([C:4]([C:9]([C:8]1([H:18])[H:19])([H:20])[H:21])([H:11])[C:2](=[O:1])[O:3][H:10])([H:12])[H:13])([H:14])[H:15])[H:17],,
17,-0.008279474549308748,RESP2,b3lyp-d3bj/dzvp,,0.5,H,resp2,18,[H:16][C:7]1([C:6]([C:5]([C:4]([C:9]([C:8]1([H:18])[H:19])([H:20])[H:21])([H:11])[C:2](=[O:1])[O:3][H:10])([H:12])[H:13])([H:14])[H:15])[H:17],,
18,-0.010869163781447177,RESP2,b3lyp-d3bj/dzvp,,0.5,H,resp2,19,[H:16][C:7]1([C:6]([C:5]([C:4]([C:9]([C:8]1([H:18])[H:19])([H:20])[H:21])([H:11])[C:2](=[O:1])[O:3][H:10])([H:12])[H:13])([H:14])[H:15])[H:17],,
19,0.006456510158767187,RESP2,b3lyp-d3bj/dzvp,,0.5,H,resp2,20,[H:16][C:7]1([C:6]([C:5]([C:4]([C:9]([C:8]1([H:18])[H:19])([H:20])[H:21])([H:11])[C:2](=[O:1])[O:3][H:10])([H:12])[H:13])([H:14])[H:15])[H:17],,
20,0.004880133951923911,RESP2,b3lyp-d3bj/dzvp,,0.5,H,resp2,21,[H:16][C:7]1([C:6]([C:5]([C:4]([C:9]([C:8]1([H:18])[H:19])([H:20])[H:21])([H:11])[C:2](=[O:1])[O:3][H:10])([H:12])[H:13])([H:14])[H:15])[H:17],,
0,-0.5534589930763198,RESP2,b3lyp-d3bj/dzvp,,0.55,O,resp2,1,[H:16][C:7]1([C:6]([C:5]([C:4]([C:9]([C:8]1([H:18])[H:19])([H:20])[H:21])([H:11])[C:2](=[O:1])[O:3][H:10])([H:12])[H:13])([H:14])[H:15])[H:17],,
1,0.5424984300148132,RESP2,b3lyp-d3bj/dzvp,,0.55,C,resp2,2,[H:16][C:7]1([C:6]([C:5]([C:4]([C:9]([C:8]1([H:18])[H:19])([H:20])[H:21])([H:11])[C:2](=[O:1])[O:3][H:10])([H:12])[H:13])([H:14])[H:15])[H:17],,
2,-0.5999730017186681,RESP2,b3lyp-d3bj/dzvp,,0.55,O,resp2,3,[H:16][C:7]1([C:6]([C:5]([C:4]([C:9]([C:8]1([H:18])[H:19])([H:20])[H:21])([H:11])[C:2](=[O:1])[O:3][H:10])([H:12])[H:13])([H:14])[H:15])[H:17],,
3,0.13029719502207313,RESP2,b3lyp-d3bj/dzvp,,0.55,C,resp2,4,[H:16][C:7]1([C:6]([C:5]([C:4]([C:9]([C:8]1([H:18])[H:19])([H:20])[H:21])([H:11])[C:2](=[O:1])[O:3][H:10])([H:12])[H:13])([H:14])[H:15])[H:17],,
4,-0.009925127392182454,RESP2,b3lyp-d3bj/dzvp,,0.55,C,resp2,5,[H:16][C:7]1([C:6]([C:5]([C:4]([C:9]([C:8]1([H:18])[H:19])([H:20])[H:21])([H:11])[C:2](=[O:1])[O:3][H:10])([H:12])[H:13])([H:14])[H:15])[H:17],,
5,0.009711180851023968,RESP2,b3lyp-d3bj/dzvp,,0.55,C,resp2,6,[H:16][C:7]1([C:6]([C:5]([C:4]([C:9]([C:8]1([H:18])[H:19])([H:20])[H:21])([H:11])[C:2](=[O:1])[O:3][H:10])([H:12])[H:13])([H:14])[H:15])[H:17],,
6,0.026373367834519948,RESP2,b3lyp-d3bj/dzvp,,0.55,C,resp2,7,[H:16][C:7]1([C:6]([C:5]([C:4]([C:9]([C:8]1([H:18])[H:19])([H:20])[H:21])([H:11])[C:2](=[O:1])[O:3][H:10])([H:12])[H:13])([H:14])[H:15])[H:17],,
7,0.03219393011429653,RESP2,b3lyp-d3bj/dzvp,,0.55,C,resp2,8,[H:16][C:7]1([C:6]([C:5]([C:4]([C:9]([C:8]1([H:18])[H:19])([H:20])[H:21])([H:11])[C:2](=[O:1])[O:3][H:10])([H:12])[H:13])([H:14])[H:15])[H:17],,
8,-0.013320829651137164,RESP2,b3lyp-d3bj/dzvp,,0.55,C,resp2,9,[H:16][C:7]1([C:6]([C:5]([C:4]([C:9]([C:8]1([H:18])[H:19])([H:20])[H:21])([H:11])[C:2](=[O:1])[O:3][H:10])([H:12])[H:13])([H:14])[H:15])[H:17],,
9,0.4573518673604395,RESP2,b3lyp-d3bj/dzvp,,0.55,H,resp2,10,[H:16][C:7]1([C:6]([C:5]([C:4]([C:9]([C:8]1([H:18])[H:19])([H:20])[H:21])([H:11])[C:2](=[O:1])[O:3][H:10])([H:12])[H:13])([H:14])[H:15])[H:17],,
10,-0.004158943698435015,RESP2,b3lyp-d3bj/dzvp,,0.55,H,resp2,11,[H:16][C:7]1([C:6]([C:5]([C:4]([C:9]([C:8]1([H:18])[H:19])([H:20])[H:21])([H:11])[C:2](=[O:1])[O:3][H:10])([H:12])[H:13])([H:14])[H:15])[H:17],,
11,0.0074400033240528485,RESP2,b3lyp-d3bj/dzvp,,0.55,H,resp2,12,[H:16][C:7]1([C:6]([C:5]([C:4]([C:9]([C:8]1([H:18])[H:19])([H:20])[H:21])([H:11])[C:2](=[O:1])[O:3][H:10])([H:12])[H:13])([H:14])[H:15])[H:17],,
12,0.001812018798925526,RESP2,b3lyp-d3bj/dzvp,,0.55,H,resp2,13,[H:16][C:7]1([C:6]([C:5]([C:4]([C:9]([C:8]1([H:18])[H:19])([H:20])[H:21])([H:11])[C:2](=[O:1])[O:3][H:10])([H:12])[H:13])([H:14])[H:15])[H:17],,
13,-0.0011138569634858674,RESP2,b3lyp-d3bj/dzvp,,0.55,H,resp2,14,[H:16][C:7]1([C:6]([C:5]([C:4]([C:9]([C:8]1([H:18])[H:19])([H:20])[H:21])([H:11])[C:2](=[O:1])[O:3][H:10])([H:12])[H:13])([H:14])[H:15])[H:17],,
14,-0.0009240319558601919,RESP2,b3lyp-d3bj/dzvp,,0.55,H,resp2,15,[H:16][C:7]1([C:6]([C:5]([C:4]([C:9]([C:8]1([H:18])[H:19])([H:20])[H:21])([H:11])[C:2](=[O:1])[O:3][H:10])([H:12])[H:13])([H:14])[H:15])[H:17],,
15,-0.010736654132974135,RESP2,b3lyp-d3bj/dzvp,,0.55,H,resp2,16,[H:16][C:7]1([C:6]([C:5]([C:4]([C:9]([C:8]1([H:18])[H:19])([H:20])[H:21])([H:11])[C:2](=[O:1])[O:3][H:10])([H:12])[H:13])([H:14])[H:15])[H:17],,
16,-0.006900851123066071,RESP2,b3lyp-d3bj/dzvp,,0.55,H,resp2,17,[H:16][C:7]1([C:6]([C:5]([C:4]([C:9]([C:8]1([H:18])[H:19])([H:20])[H:21])([H:11])[C:2](=[O:1])[O:3][H:10])([H:12])[H:13])([H:14])[H:15])[H:17],,
17,-0.007812167967692456,RESP2,b3lyp-d3bj/dzvp,,0.55,H,resp2,18,[H:16][C:7]1([C:6]([C:5]([C:4]([C:9]([C:8]1([H:18])[H:19])([H:20])[H:21])([H:11])[C:2](=[O:1])[O:3][H:10])([H:12])[H:13])([H:14])[H:15])[H:17],,
18,-0.010408740012287561,RESP2,b3lyp-d3bj/dzvp,,0.55,H,resp2,19,[H:16][C:7]1([C:6]([C:5]([C:4]([C:9]([C:8]1([H:18])[H:19])([H:20])[H:21])([H:11])[C:2](=[O:1])[O:3][H:10])([H:12])[H:13])([H:14])[H:15])[H:17],,
19,0.006254046642467735,RESP2,b3lyp-d3bj/dzvp,,0.55,H,resp2,20,[H:16][C:7]1([C:6]([C:5]([C:4]([C:9]([C:8]1([H:18])[H:19])([H:20])[H:21])([H:11])[C:2](=[O:1])[O:3][H:10])([H:12])[H:13])([H:14])[H:15])[H:17],,
20,0.0048011577294962944,RESP2,b3lyp-d3bj/dzvp,,0.55,H,resp2,21,[H:16][C:7]1([C:6]([C:5]([C:4]([C:9]([C:8]1([H:18])[H:19])([H:20])[H:21])([H:11])[C:2](=[O:1])[O:3][H:10])([H:12])[H:13])([H:14])[H:15])[H:17],,
0,-0.5570760242089078,RESP2,b3lyp-d3bj/dzvp,,0.6000000000000001,O,resp2,1,[H:16][C:7]1([C:6]([C:5]([C:4]([C:9]([C:8]1([H:18])[H:19])([H:20])[H:21])([H:11])[C:2](=[O:1])[O:3][H:10])([H:12])[H:13])([H:14])[H:15])[H:17],,
1,0.5446337511101442,RESP2,b3lyp-d3bj/dzvp,,0.6000000000000001,C,resp2,2,[H:16][C:7]1([C:6]([C:5]([C:4]([C:9]([C:8]1([H:18])[H:19])([H:20])[H:21])([H:11])[C:2](=[O:1])[O:3][H:10])([H:12])[H:13])([H:14])[H:15])[H:17],,
2,-0.6015995916999323,RESP2,b3lyp-d3bj/dzvp,,0.6000000000000001,O,resp2,3,[H:16][C:7]1([C:6]([C:5]([C:4]([C:9]([C:8]1([H:18])[H:19])([H:20])[H:21])([H:11])[C:2](=[O:1])[O:3][H:10])([H:12])[H:13])([H:14])[H:15])[H:17],,
3,0.12877707433309415,RESP2,b3lyp-d3bj/dzvp,,0.6000000000000001,C,resp2,4,[H:16][C:7]1([C:6]([C:5]([C:4]([C:9]([C:8]1([H:18])[H:19])([H:20])[H:21])([H:11])[C:2](=[O:1])[O:3][H:10])([H:12])[H:13])([H:14])[H:15])[H:17],,
4,-0.009149089848369882,RESP2,b3lyp-d3bj/dzvp,,0.6000000000000001,C,resp2,5,[H:16][C:7]1([C:6]([C:5]([C:4]([C:9]([C:8]1([H:18])[H:19])([H:20])[H:21])([H:11])[C:2](=[O:1])[O:3][H:10])([H:12])[H:13])([H:14])[H:15])[H:17],,
5,0.010063198908215004,RESP2,b3lyp-d3bj/dzvp,,0.6000000000000001,C,resp2,6,[H:16][C:7]1([C:6]([C:5]([C:4]([C:9]([C:8]1([H:18])[H:19])([H:20])[H:21])([H:11])[C:2](=[O:1])[O:3][H:10])([H:12])[H:13])([H:14])[H:15])[H:17],,
6,0.029084106579884642,RESP2,b3lyp-d3bj/dzvp,,0.6000000000000001,C,resp2,7,[H:16][C:7]1([C:6]([C:5]([C:4]([C:9]([C:8]1([H:18])[H:19])([H:20])[H:21])([H:11])[C:2](=[O:1])[O:3][H:10])([H:12])[H:13])([H:14])[H:15])[H:17],,
7,0.03017328993700787,RESP2,b3lyp-d3bj/dzvp,,0.6000000000000001,C,resp2,8,[H:16][C:7]1([C:6]([C:5]([C:4]([C:9]([C:8]1([H:18])[H:19])([H:20])[H:21])([H:11])[C:2](=[O:1])[O:3][H:10])([H:12])[H:13])([H:14])[H:15])[H:17],,
8,-0.012136405065060819,RESP2,b3lyp-d3bj/dzvp,,0.6000000000000001,C,resp2,9,[H:16][C:7]1([C:6]([C:5]([C:4]([C:9]([C:8]1([H:18])[H:19])([H:20])[H:21])([H:11])[C:2](=[O:1])[O:3][H:10])([H:12])[H:13])([H:14])[H:15])[H:17],,
9,0.4594555275435993,RESP2,b3lyp-d3bj/dzvp,,0.6000000000000001,H,resp2,10,[H:16][C:7]1([C:6]([C:5]([C:4]([C:9]([C:8]1([H:18])[H:19])([H:20])[H:21])([H:11])[C:2](=[O:1])[O:3][H:10])([H:12])[H:13])([H:14])[H:15])[H:17],,
10,-0.003091528143488929,RESP2,b3lyp-d3bj/dzvp,,0.6000000000000001,H,resp2,11,[H:16][C:7]1([C:6]([C:5]([C:4]([C:9]([C:8]1([H:18])[H:19])([H:20])[H:21])([H:11])[C:2](=[O:1])[O:3][H:10])([H:12])[H:13])([H:14])[H:15])[H:17],,
11,0.007150033855600262,RESP2,b3lyp-d3bj/dzvp,,0.6000000000000001,H,resp2,12,[H:16][C:7]1([C:6]([C:5]([C:4]([C:9]([C:8]1([H:18])[H:19])([H:20])[H:21])([H:11])[C:2](=[O:1])[O:3][H:10])([H:12])[H:13])([H:14])[H:15])[H:17],,
12,0.0019699419834562394,RESP2,b3lyp-d3bj/dzvp,,0.6000000000000001,H,resp2,13,[H:16][C:7]1([C:6]([C:5]([C:4]([C:9]([C:8]1([H:18])[H:19])([H:20])[H:21])([H:11])[C:2](=[O:1])[O:3][H:10])([H:12])[H:13])([H:14])[H:15])[H:17],,
13,-0.001389494973995748,RESP2,b3lyp-d3bj/dzvp,,0.6000000000000001,H,resp2,14,[H:16][C:7]1([C:6]([C:5]([C:4]([C:9]([C:8]1([H:18])[H:19])([H:20])[H:21])([H:11])[C:2](=[O:1])[O:3][H:10])([H:12])[H:13])([H:14])[H:15])[H:17],,
14,-0.0012942650602629515,RESP2,b3lyp-d3bj/dzvp,,0.6000000000000001,H,resp2,15,[H:16][C:7]1([C:6]([C:5]([C:4]([C:9]([C:8]1([H:18])[H:19])([H:20])[H:21])([H:11])[C:2](=[O:1])[O:3][H:10])([H:12])[H:13])([H:14])[H:15])[H:17],,
15,-0.011431781161680107,RESP2,b3lyp-d3bj/dzvp,,0.6000000000000001,H,resp2,16,[H:16][C:7]1([C:6]([C:5]([C:4]([C:9]([C:8]1([H:18])[H:19])([H:20])[H:21])([H:11])[C:2](=[O:1])[O:3][H:10])([H:12])[H:13])([H:14])[H:15])[H:17],,
16,-0.007619331093336111,RESP2,b3lyp-d3bj/dzvp,,0.6000000000000001,H,resp2,17,[H:16][C:7]1([C:6]([C:5]([C:4]([C:9]([C:8]1([H:18])[H:19])([H:20])[H:21])([H:11])[C:2](=[O:1])[O:3][H:10])([H:12])[H:13])([H:14])[H:15])[H:17],,
17,-0.007344861386076163,RESP2,b3lyp-d3bj/dzvp,,0.6000000000000001,H,resp2,18,[H:16][C:7]1([C:6]([C:5]([C:4]([C:9]([C:8]1([H:18])[H:19])([H:20])[H:21])([H:11])[C:2](=[O:1])[O:3][H:10])([H:12])[H:13])([H:14])[H:15])[H:17],,
18,-0.009948316243127947,RESP2,b3lyp-d3bj/dzvp,,0.6000000000000001,H,resp2,19,[H:16][C:7]1([C:6]([C:5]([C:4]([C:9]([C:8]1([H:18])[H:19])([H:20])[H:21])([H:11])[C:2](=[O:1])[O:3][H:10])([H:12])[H:13])([H:14])[H:15])[H:17],,
19,0.006051583126168284,RESP2,b3lyp-d3bj/dzvp,,0.6000000000000001,H,resp2,20,[H:16][C:7]1([C:6]([C:5]([C:4]([C:9]([C:8]1([H:18])[H:19])([H:20])[H:21])([H:11])[C:2](=[O:1])[O:3][H:10])([H:12])[H:13])([H:14])[H:15])[H:17],,
20,0.004722181507068678,RESP2,b3lyp-d3bj/dzvp,,0.6000000000000001,H,resp2,21,[H:16][C:7]1([C:6]([C:5]([C:4]([C:9]([C:8]1([H:18])[H:19])([H:20])[H:21])([H:11])[C:2](=[O:1])[O:3][H:10])([H:12])[H:13])([H:14])[H:15])[H:17],,
0,-0.5606930553414957,RESP2,b3lyp-d3bj/dzvp,,0.65,O,resp2,1,[H:16][C:7]1([C:6]([C:5]([C:4]([C:9]([C:8]1([H:18])[H:19])([H:20])[H:21])([H:11])[C:2](=[O:1])[O:3][H:10])([H:12])[H:13])([H:14])[H:15])[H:17],,
1,0.5467690722054752,RESP2,b3lyp-d3bj/dzvp,,0.65,C,resp2,2,[H:16][C:7]1([C:6]([C:5]([C:4]([C:9]([C:8]1([H:18])[H:19])([H:20])[H:21])([H:11])[C:2](=[O:1])[O:3][H:10])([H:12])[H:13])([H:14])[H:15])[H:17],,
2,-0.6032261816811965,RESP2,b3lyp-d3bj/dzvp,,0.65,O,resp2,3,[H:16][C:7]1([C:6]([C:5]([C:4]([C:9]([C:8]1([H:18])[H:19])([H:20])[H:21])([H:11])[C:2](=[O:1])[O:3][H:10])([H:12])[H:13])([H:14])[H:15])[H:17],,
3,0.12725695364411516,RESP2,b3lyp-d3bj/dzvp,,0.65,C,resp2,4,[H:16][C:7]1([C:6]([C:5]([C:4]([C:9]([C:8]1([H:18])[H:19])([H:20])[H:21])([H:11])[C:2](=[O:1])[O:3][H:10])([H:12])[H:13])([H:14])[H:15])[H:17],,
4,-0.00837305230455731,RESP2,b3lyp-d3bj/dzvp,,0.65,C,resp2,5,[H:16][C:7]1([C:6]([C:5]([C:4]([C:9]([C:8]1([H:18])[H:19])([H:20])[H:21])([H:11])[C:2](=[O:1])[O:3][H:10])([H:12])[H:13])([H:14])[H:15])[H:17],,
5,0.010415216965406043,RESP2,b3lyp-d3bj/dzvp,,0.65,C,resp2,6,[H:16][C:7]1([C:6]([C:5]([C:4]([C:9]([C:8]1([H:18])[H:19])([H:20])[H:21])([H:11])[C:2](=[O:1])[O:3][H:10])([H:12])[H:13])([H:14])[H:15])[H:17],,
6,0.03179484532524934,RESP2,b3lyp-d3bj/dzvp,,0.65,C,resp2,7,[H:16][C:7]1([C:6]([C:5]([C:4]([C:9]([C:8]1([H:18])[H:19])([H:20])[H:21])([H:11])[C:2](=[O:1])[O:3][H:10])([H:12])[H:13])([H:14])[H:15])[H:17],,
7,0.02815264975971922,RESP2,b3lyp-d3bj/dzvp,,0.65,C,resp2,8,[H:16][C:7]1([C:6]([C:5]([C:4]([C:9]([C:8]1([H:18])[H:19])([H:20])[H:21])([H:11])[C:2](=[O:1])[O:3][H:10])([H:12])[H:13])([H:14])[H:15])[H:17],,
8,-0.010951980478984475,RESP2,b3lyp-d3bj/dzvp,,0.65,C,resp2,9,[H:16][C:7]1([C:6]([C:5]([C:4]([C:9]([C:8]1([H:18])[H:19])([H:20])[H:21])([H:11])[C:2](=[O:1])[O:3][H:10])([H:12])[H:13])([H:14])[H:15])[H:17],,
9,0.4615591877267592,RESP2,b3lyp-d3bj/dzvp,,0.65,H,resp2,10,[H:16][C:7]1([C:6]([C:5]([C:4]([C:9]([C:8]1([H:18])[H:19])([H:20])[H:21])([H:11])[C:2](=[O:1])[O:3][H:10])([H:12])[H:13])([H:14])[H:15])[H:17],,
10,-0.0020241125885428453,RESP2,b3lyp-d3bj/dzvp,,0.65,H,resp2,11,[H:16][C:7]1([C:6]([C:5]([C:4]([C:9]([C:8]1([H:18])[H:19])([H:20])[H:21])([H:11])[C:2](=[O:1])[O:3][H:10])([H:12])[H:13])([H:14])[H:15])[H:17],,
11,0.006860064387147679,RESP2,b3lyp-d3bj/dzvp,,0.65,H,resp2,12,[H:16][C:7]1([C:6]([C:5]([C:4]([C:9]([C:8]1([H:18])[H:19])([H:20])[H:21])([H:11])[C:2](=[O:1])[O:3][H:10])([H:12])[H:13])([H:14])[H:15])[H:17],,
12,0.0021278651679869547,RESP2,b3lyp-d3bj/dzvp,,0.65,H,resp2,13,[H:16][C:7]1([C:6]([C:5]([C:4]([C:9]([C:8]1([H:18])[H:19])([H:20])[H:21])([H:11])[C:2](=[O:1])[O:3][H:10])([H:12])[H:13])([H:14])[H:15])[H:17],,
13,-0.0016651329845056252,RESP2,b3lyp-d3bj/dzvp,,0.65,H,resp2,14,[H:16][C:7]1([C:6]([C:5]([C:4]([C:9]([C:8]1([H:18])[H:19])([H:20])[H:21])([H:11])[C:2](=[O:1])[O:3][H:10])([H:12])[H:13])([H:14])[H:15])[H:17],,
14,-0.0016644981646657083,RESP2,b3lyp-d3bj/dzvp,,0.65,H,resp2,15,[H:16][C:7]1([C:6]([C:5]([C:4]([C:9]([C:8]1([H:18])[H:19])([H:20])[H:21])([H:11])[C:2](=[O:1])[O:3][H:10])([H:12])[H:13])([H:14])[H:15])[H:17],,
15,-0.012126908190386074,RESP2,b3lyp-d3bj/dzvp,,0.65,H,resp2,16,[H:16][C:7]1([C:6]([C:5]([C:4]([C:9]([C:8]1([H:18])[H:19])([H:20])[H:21])([H:11])[C:2](=[O:1])[O:3][H:10])([H:12])[H:13])([H:14])[H:15])[H:17],,
16,-0.008337811063606149,RESP2,b3lyp-d3bj/dzvp,,0.65,H,resp2,17,[H:16][C:7]1([C:6]([C:5]([C:4]([C:9]([C:8]1([H:18])[H:19])([H:20])[H:21])([H:11])[C:2](=[O:1])[O:3][H:10])([H:12])[H:13])([H:14])[H:15])[H:17],,
17,-0.006877554804459868,RESP2,b3lyp-d3bj/dzvp,,0.65,H,resp2,18,[H:16][C:7]1([C:6]([C:5]([C:4]([C:9]([C:8]1([H:18])[H:19])([H:20])[H:21])([H:11])[C:2](=[O:1])[O:3][H:10])([H:12])[H:13])([H:14])[H:15])[H:17],,
18,-0.00948789247396833,RESP2,b3lyp-d3bj/dzvp,,0.65,H,resp2,19,[H:16][C:7]1([C:6]([C:5]([C:4]([C:9]([C:8]1([H:18])[H:19])([H:20])[H:21])([H:11])[C:2](=[O:1])[O:3][H:10])([H:12])[H:13])([H:14])[H:15])[H:17],,
19,0.005849119609868837,RESP2,b3lyp-d3bj/dzvp,,0.65,H,resp2,20,[H:16][C:7]1([C:6]([C:5]([C:4]([C:9]([C:8]1([H:18])[H:19])([H:20])[H:21])([H:11])[C:2](=[O:1])[O:3][H:10])([H:12])[H:13])([H:14])[H:15])[H:17],,
20,0.004643205284641063,RESP2,b3lyp-d3bj/dzvp,,0.65,H,resp2,21,[H:16][C:7]1([C:6]([C:5]([C:4]([C:9]([C:8]1([H:18])[H:19])([H:20])[H:21])([H:11])[C:2](=[O:1])[O:3][H:10])([H:12])[H:13])([H:14])[H:15])[H:17],,
0,-0.5643100864740836,RESP2,b3lyp-d3bj/dzvp,,0.7000000000000001,O,resp2,1,[H:16][C:7]1([C:6]([C:5]([C:4]([C:9]([C:8]1([H:18])[H:19])([H:20])[H:21])([H:11])[C:2](=[O:1])[O:3][H:10])([H:12])[H:13])([H:14])[H:15])[H:17],,
1,0.5489043933008061,RESP2,b3lyp-d3bj/dzvp,,0.7000000000000001,C,resp2,2,[H:16][C:7]1([C:6]([C:5]([C:4]([C:9]([C:8]1([H:18])[H:19])([H:20])[H:21])([H:11])[C:2](=[O:1])[O:3][H:10])([H:12])[H:13])([H:14])[H:15])[H:17],,
2,-0.6048527716624608,RESP2,b3lyp-d3bj/dzvp,,0.7000000000000001,O,resp2,3,[H:16][C:7]1([C:6]([C:5]([C:4]([C:9]([C:8]1([H:18])[H:19])([H:20])[H:21])([H:11])[C:2](=[O:1])[O:3][H:10])([H:12])[H:13])([H:14])[H:15])[H:17],,
3,0.1257368329551362,RESP2,b3lyp-d3bj/dzvp,,0.7000000000000001,C,resp2,4,[H:16][C:7]1([C:6]([C:5]([C:4]([C:9]([C:8]1([H:18])[H:19])([H:20])[H:21])([H:11])[C:2](=[O:1])[O:3][H:10])([H:12])[H:13])([H:14])[H:15])[H:17],,
4,-0.0075970147607447355,RESP2,b3lyp-d3bj/dzvp,,0.7000000000000001,C,resp2,5,[H:16][C:7]1([C:6]([C:5]([C:4]([C:9]([C:8]1([H:18])[H:19])([H:20])[H:21])([H:11])[C:2](=[O:1])[O:3][H:10])([H:12])[H:13])([H:14])[H:15])[H:17],,
5,0.010767235022597079,RESP2,b3lyp-d3bj/dzvp,,0.7000000000000001,C,resp2,6,[H:16][C:7]1([C:6]([C:5]([C:4]([C:9]([C:8]1([H:18])[H:19])([H:20])[H:21])([H:11])[C:2](=[O:1])[O:3][H:10])([H:12])[H:13])([H:14])[H:15])[H:17],,
6,0.034505584070614034,RESP2,b3lyp-d3bj/dzvp,,0.7000000000000001,C,resp2,7,[H:16][C:7]1([C:6]([C:5]([C:4]([C:9]([C:8]1([H:18])[H:19])([H:20])[H:21])([H:11])[C:2](=[O:1])[O:3][H:10])([H:12])[H:13])([H:14])[H:15])[H:17],,
7,0.026132009582430553,RESP2,b3lyp-d3bj/dzvp,,0.7000000000000001,C,resp2,8,[H:16][C:7]1([C:6]([C:5]([C:4]([C:9]([C:8]1([H:18])[H:19])([H:20])[H:21])([H:11])[C:2](=[O:1])[O:3][H:10])([H:12])[H:13])([H:14])[H:15])[H:17],,
8,-0.009767555892908128,RESP2,b3lyp-d3bj/dzvp,,0.7000000000000001,C,resp2,9,[H:16][C:7]1([C:6]([C:5]([C:4]([C:9]([C:8]1([H:18])[H:19])([H:20])[H:21])([H:11])[C:2](=[O:1])[O:3][H:10])([H:12])[H:13])([H:14])[H:15])[H:17],,
9,0.463662847909919,RESP2,b3lyp-d3bj/dzvp,,0.7000000000000001,H,resp2,10,[H:16][C:7]1([C:6]([C:5]([C:4]([C:9]([C:8]1([H:18])[H:19])([H:20])[H:21])([H:11])[C:2](=[O:1])[O:3][H:10])([H:12])[H:13])([H:14])[H:15])[H:17],,
10,-0.0009566970335967578,RESP2,b3lyp-d3bj/dzvp,,0.7000000000000001,H,resp2,11,[H:16][C:7]1([C:6]([C:5]([C:4]([C:9]([C:8]1([H:18])[H:19])([H:20])[H:21])([H:11])[C:2](=[O:1])[O:3][H:10])([H:12])[H:13])([H:14])[H:15])[H:17],,
11,0.006570094918695095,RESP2,b3lyp-d3bj/dzvp,,0.7000000000000001,H,resp2,12,[H:16][C:7]1([C:6]([C:5]([C:4]([C:9]([C:8]1([H:18])[H:19])([H:20])[H:21])([H:11])[C:2](=[O:1])[O:3][H:10])([H:12])[H:13])([H:14])[H:15])[H:17],,
12,0.0022857883525176704,RESP2,b3lyp-d3bj/dzvp,,0.7000000000000001,H,resp2,13,[H:16][C:7]1([C:6]([C:5]([C:4]([C:9]([C:8]1([H:18])[H:19])([H:20])[H:21])([H:11])[C:2](=[O:1])[O:3][H:10])([H:12])[H:13])([H:14])[H:15])[H:17],,
13,-0.0019407709950155037,RESP2,b3lyp-d3bj/dzvp,,0.7000000000000001,H,resp2,14,[H:16][C:7]1([C:6]([C:5]([C:4]([C:9]([C:8]1([H:18])[H:19])([H:20])[H:21])([H:11])[C:2](=[O:1])[O:3][H:10])([H:12])[H:13])([H:14])[H:15])[H:17],,
14,-0.002034731269068466,RESP2,b3lyp-d3bj/dzvp,,0.7000000000000001,H,resp2,15,[H:16][C:7]1([C:6]([C:5]([C:4]([C:9]([C:8]1([H:18])[H:19])([H:20])[H:21])([H:11])[C:2](=[O:1])[O:3][H:10])([H:12])[H:13])([H:14])[H:15])[H:17],,
15,-0.012822035219092044,RESP2,b3lyp-d3bj/dzvp,,0.7000000000000001,H,resp2,16,[H:16][C:7]1([C:6]([C:5]([C:4]([C:9]([C:8]1([H:18])[H:19])([H:20])[H:21])([H:11])[C:2](=[O:1])[O:3][H:10])([H:12])[H:13])([H:14])[H:15])[H:17],,
16,-0.00905629103387619,RESP2,b3lyp-d3bj/dzvp,,0.7000000000000001,H,resp2,17,[H:16][C:7]1([C:6]([C:5]([C:4]([C:9]([C:8]1([H:18])[H:19])([H:20])[H:21])([H:11])[C:2](=[O:1])[O:3][H:10])([H:12])[H:13])([H:14])[H:15])[H:17],,
17,-0.006410248222843571,RESP2,b3lyp-d3bj/dzvp,,0.7000000000000001,H,resp2,18,[H:16][C:7]1([C:6]([C:5]([C:4]([C:9]([C:8]1([H:18])[H:19])([H:20])[H:21])([H:11])[C:2](=[O:1])[O:3][H:10])([H:12])[H:13])([H:14])[H:15])[H:17],,
18,-0.009027468704808713,RESP2,b3lyp-d3bj/dzvp,,0.7000000000000001,H,resp2,19,[H:16][C:7]1([C:6]([C:5]([C:4]([C:9]([C:8]1([H:18])[H:19])([H:20])[H:21])([H:11])[C:2](=[O:1])[O:3][H:10])([H:12])[H:13])([H:14])[H:15])[H:17],,
19,0.005646656093569388,RESP2,b3lyp-d3bj/dzvp,,0.7000000000000001,H,resp2,20,[H:16][C:7]1([C:6]([C:5]([C:4]([C:9]([C:8]1([H:18])[H:19])([H:20])[H:21])([H:11])[C:2](=[O:1])[O:3][H:10])([H:12])[H:13])([H:14])[H:15])[H:17],,
20,0.00456422906221345,RESP2,b3lyp-d3bj/dzvp,,0.7000000000000001,H,resp2,21,[H:16][C:7]1([C:6]([C:5]([C:4]([C:9]([C:8]1([H:18])[H:19])([H:20])[H:21])([H:11])[C:2](=[O:1])[O:3][H:10])([H:12])[H:13])([H:14])[H:15])[H:17],,
0,-0.5679271176066717,RESP2,b3lyp-d3bj/dzvp,,0.75,O,resp2,1,[H:16][C:7]1([C:6]([C:5]([C:4]([C:9]([C:8]1([H:18])[H:19])([H:20])[H:21])([H:11])[C:2](=[O:1])[O:3][H:10])([H:12])[H:13])([H:14])[H:15])[H:17],,
1,0.551039714396137,RESP2,b3lyp-d3bj/dzvp,,0.75,C,resp2,2,[H:16][C:7]1([C:6]([C:5]([C:4]([C:9]([C:8]1([H:18])[H:19])([H:20])[H:21])([H:11])[C:2](=[O:1])[O:3][H:10])([H:12])[H:13])([H:14])[H:15])[H:17],,
2,-0.6064793616437251,RESP2,b3lyp-d3bj/dzvp,,0.75,O,resp2,3,[H:16][C:7]1([C:6]([C:5]([C:4]([C:9]([C:8]1([H:18])[H:19])([H:20])[H:21])([H:11])[C:2](=[O:1])[O:3][H:10])([H:12])[H:13])([H:14])[H:15])[H:17],,
3,0.12421671226615721,RESP2,b3lyp-d3bj/dzvp,,0.75,C,resp2,4,[H:16][C:7]1([C:6]([C:5]([C:4]([C:9]([C:8]1([H:18])[H:19])([H:20])[H:21])([H:11])[C:2](=[O:1])[O:3][H:10])([H:12])[H:13])([H:14])[H:15])[H:17],,
4,-0.00682097721693217,RESP2,b3lyp-d3bj/dzvp,,0.75,C,resp2,5,[H:16][C:7]1([C:6]([C:5]([C:4]([C:9]([C:8]1([H:18])[H:19])([H:20])[H:21])([H:11])[C:2](=[O:1])[O:3][H:10])([H:12])[H:13])([H:14])[H:15])[H:17],,
5,0.011119253079788114,RESP2,b3lyp-d3bj/dzvp,,0.75,C,resp2,6,[H:16][C:7]1([C:6]([C:5]([C:4]([C:9]([C:8]1([H:18])[H:19])([H:20])[H:21])([H:11])[C:2](=[O:1])[O:3][H:10])([H:12])[H:13])([H:14])[H:15])[H:17],,
6,0.03721632281597872,RESP2,b3lyp-d3bj/dzvp,,0.75,C,resp2,7,[H:16][C:7]1([C:6]([C:5]([C:4]([C:9]([C:8]1([H:18])[H:19])([H:20])[H:21])([H:11])[C:2](=[O:1])[O:3][H:10])([H:12])[H:13])([H:14])[H:15])[H:17],,
7,0.024111369405141893,RESP2,b3lyp-d3bj/dzvp,,0.75,C,resp2,8,[H:16][C:7]1([C:6]([C:5]([C:4]([C:9]([C:8]1([H:18])[H:19])([H:20])[H:21])([H:11])[C:2](=[O:1])[O:3][H:10])([H:12])[H:13])([H:14])[H:15])[H:17],,
8,-0.008583131306831786,RESP2,b3lyp-d3bj/dzvp,,0.75,C,resp2,9,[H:16][C:7]1([C:6]([C:5]([C:4]([C:9]([C:8]1([H:18])[H:19])([H:20])[H:21])([H:11])[C:2](=[O:1])[O:3][H:10])([H:12])[H:13])([H:14])[H:15])[H:17],,
9,0.4657665080930789,RESP2,b3lyp-d3bj/dzvp,,0.75,H,resp2,10,[H:16][C:7]1([C:6]([C:5]([C:4]([C:9]([C:8]1([H:18])[H:19])([H:20])[H:21])([H:11])[C:2](=[O:1])[O:3][H:10])([H:12])[H:13])([H:14])[H:15])[H:17],,
10,0.00011071852134932183,RESP2,b3lyp-d3bj/dzvp,,0.75,H,resp2,11,[H:16][C:7]1([C:6]([C:5]([C:4]([C:9]([C:8]1([H:18])[H:19])([H:20])[H:21])([H:11])[C:2](=[O:1])[O:3][H:10])([H:12])[H:13])([H:14])[H:15])[H:17],,
11,0.006280125450242507,RESP2,b3lyp-d3bj/dzvp,,0.75,H,resp2,12,[H:16][C:7]1([C:6]([C:5]([C:4]([C:9]([C:8]1([H:18])[H:19])([H:20])[H:21])([H:11])[C:2](=[O:1])[O:3][H:10])([H:12])[H:13])([H:14])[H:15])[H:17],,
12,0.0024437115370483805,RESP2,b3lyp-d3bj/dzvp,,0.75,H,resp2,13,[H:16][C:7]1([C:6]([C:5]([C:4]([C:9]([C:8]1([H:18])[H:19])([H:20])[H:21])([H:11])[C:2](=[O:1])[O:3][H:10])([H:12])[H:13])([H:14])[H:15])[H:17],,
13,-0.002216409005525386,RESP2,b3lyp-d3bj/dzvp,,0.75,H,resp2,14,[H:16][C:7]1([C:6]([C:5]([C:4]([C:9]([C:8]1([H:18])[H:19])([H:20])[H:21])([H:11])[C:2](=[O:1])[O:3][H:10])([H:12])[H:13])([H:14])[H:15])[H:17],,
14,-0.0024049643734712274,RESP2,b3lyp-d3bj/dzvp,,0.75,H,resp2,15,[H:16][C:7]1([C:6]([C:5]([C:4]([C:9]([C:8]1([H:18])[H:19])([H:20])[H:21])([H:11])[C:2](=[O:1])[O:3][H:10])([H:12])[H:13])([H:14])[H:15])[H:17],,
15,-0.013517162247798016,RESP2,b3lyp-d3bj/dzvp,,0.75,H,resp2,16,[H:16][C:7]1([C:6]([C:5]([C:4]([C:9]([C:8]1([H:18])[H:19])([H:20])[H:21])([H:11])[C:2](=[O:1])[O:3][H:10])([H:12])[H:13])([H:14])[H:15])[H:17],,
16,-0.00977477100414623,RESP2,b3lyp-d3bj/dzvp,,0.75,H,resp2,17,[H:16][C:7]1([C:6]([C:5]([C:4]([C:9]([C:8]1([H:18])[H:19])([H:20])[H:21])([H:11])[C:2](=[O:1])[O:3][H:10])([H:12])[H:13])([H:14])[H:15])[H:17],,
17,-0.005942941641227282,RESP2,b3lyp-d3bj/dzvp,,0.75,H,resp2,18,[H:16][C:7]1([C:6]([C:5]([C:4]([C:9]([C:8]1([H:18])[H:19])([H:20])[H:21])([H:11])[C:2](=[O:1])[O:3][H:10])([H:12])[H:13])([H:14])[H:15])[H:17],,
18,-0.008567044935649101,RESP2,b3lyp-d3bj/dzvp,,0.75,H,resp2,19,[H:16][C:7]1([C:6]([C:5]([C:4]([C:9]([C:8]1([H:18])[H:19])([H:20])[H:21])([H:11])[C:2](=[O:1])[O:3][H:10])([H:12])[H:13])([H:14])[H:15])[H:17],,
19,0.005444192577269935,RESP2,b3lyp-d3bj/dzvp,,0.75,H,resp2,20,[H:16][C:7]1([C:6]([C:5]([C:4]([C:9]([C:8]1([H:18])[H:19])([H:20])[H:21])([H:11])[C:2](=[O:1])[O:3][H:10])([H:12])[H:13])([H:14])[H:15])[H:17],,
20,0.004485252839785831,RESP2,b3lyp-d3bj/dzvp,,0.75,H,resp2,21,[H:16][C:7]1([C:6]([C:5]([C:4]([C:9]([C:8]1([H:18])[H:19])([H:20])[H:21])([H:11])[C:2](=[O:1])[O:3][H:10])([H:12])[H:13])([H:14])[H:15])[H:17],,
0,-0.5715441487392596,RESP2,b3lyp-d3bj/dzvp,,0.8,O,resp2,1,[H:16][C:7]1([C:6]([C:5]([C:4]([C:9]([C:8]1([H:18])[H:19])([H:20])[H:21])([H:11])[C:2](=[O:1])[O:3][H:10])([H:12])[H:13])([H:14])[H:15])[H:17],,
1,0.553175035491468,RESP2,b3lyp-d3bj/dzvp,,0.8,C,resp2,2,[H:16][C:7]1([C:6]([C:5]([C:4]([C:9]([C:8]1([H:18])[H:19])([H:20])[H:21])([H:11])[C:2](=[O:1])[O:3][H:10])([H:12])[H:13])([H:14])[H:15])[H:17],,
2,-0.6081059516249893,RESP2,b3lyp-d3bj/dzvp,,0.8,O,resp2,3,[H:16][C:7]1([C:6]([C:5]([C:4]([C:9]([C:8]1([H:18])[H:19])([H:20])[H:21])([H:11])[C:2](=[O:1])[O:3][H:10])([H:12])[H:13])([H:14])[H:15])[H:17],,
3,0.12269659157717822,RESP2,b3lyp-d3bj/dzvp,,0.8,C,resp2,4,[H:16][C:7]1([C:6]([C:5]([C:4]([C:9]([C:8]1([H:18])[H:19])([H:20])[H:21])([H:11])[C:2](=[O:1])[O:3][H:10])([H:12])[H:13])([H:14])[H:15])[H:17],,
4,-0.006044939673119596,RESP2,b3lyp-d3bj/dzvp,,0.8,C,resp2,5,[H:16][C:7]1([C:6]([C:5]([C:4]([C:9]([C:8]1([H:18])[H:19])([H:20])[H:21])([H:11])[C:2](=[O:1])[O:3][H:10])([H:12])[H:13])([H:14])[H:15])[H:17],,
5,0.011471271136979152,RESP2,b3lyp-d3bj/dzvp,,0.8,C,resp2,6,[H:16][C:7]1([C:6]([C:5]([C:4]([C:9]([C:8]1([H:18])[H:19])([H:20])[H:21])([H:11])[C:2](=[O:1])[O:3][H:10])([H:12])[H:13])([H:14])[H:15])[H:17],,
6,0.039927061561343416,RESP2,b3lyp-d3bj/dzvp,,0.8,C,resp2,7,[H:16][C:7]1([C:6]([C:5]([C:4]([C:9]([C:8]1([H:18])[H:19])([H:20])[H:21])([H:11])[C:2](=[O:1])[O:3][H:10])([H:12])[H:13])([H:14])[H:15])[H:17],,
7,0.022090729227853236,RESP2,b3lyp-d3bj/dzvp,,0.8,C,resp2,8,[H:16][C:7]1([C:6]([C:5]([C:4]([C:9]([C:8]1([H:18])[H:19])([H:20])[H:21])([H:11])[C:2](=[O:1])[O:3][H:10])([H:12])[H:13])([H:14])[H:15])[H:17],,
8,-0.007398706720755439,RESP2,b3lyp-d3bj/dzvp,,0.8,C,resp2,9,[H:16][C:7]1([C:6]([C:5]([C:4]([C:9]([C:8]1([H:18])[H:19])([H:20])[H:21])([H:11])[C:2](=[O:1])[O:3][H:10])([H:12])[H:13])([H:14])[H:15])[H:17],,
9,0.46787016827623873,RESP2,b3lyp-d3bj/dzvp,,0.8,H,resp2,10,[H:16][C:7]1([C:6]([C:5]([C:4]([C:9]([C:8]1([H:18])[H:19])([H:20])[H:21])([H:11])[C:2](=[O:1])[O:3][H:10])([H:12])[H:13])([H:14])[H:15])[H:17],,
10,0.0011781340762954096,RESP2,b3lyp-d3bj/dzvp,,0.8,H,resp2,11,[H:16][C:7]1([C:6]([C:5]([C:4]([C:9]([C:8]1([H:18])[H:19])([H:20])[H:21])([H:11])[C:2](=[O:1])[O:3][H:10])([H:12])[H:13])([H:14])[H:15])[H:17],,
11,0.005990155981789922,RESP2,b3lyp-d3bj/dzvp,,0.8,H,resp2,12,[H:16][C:7]1([C:6]([C:5]([C:4]([C:9]([C:8]1([H:18])[H:19])([H:20])[H:21])([H:11])[C:2](=[O:1])[O:3][H:10])([H:12])[H:13])([H:14])[H:15])[H:17],,
12,0.0026016347215790966,RESP2,b3lyp-d3bj/dzvp,,0.8,H,resp2,13,[H:16][C:7]1([C:6]([C:5]([C:4]([C:9]([C:8]1([H:18])[H:19])([H:20])[H:21])([H:11])[C:2](=[O:1])[O:3][H:10])([H:12])[H:13])([H:14])[H:15])[H:17],,
13,-0.0024920470160352637,RESP2,b3lyp-d3bj/dzvp,,0.8,H,resp2,14,[H:16][C:7]1([C:6]([C:5]([C:4]([C:9]([C:8]1([H:18])[H:19])([H:20])[H:21])([H:11])[C:2](=[O:1])[O:3][H:10])([H:12])[H:13])([H:14])[H:15])[H:17],,
14,-0.0027751974778739844,RESP2,b3lyp-d3bj/dzvp,,0.8,H,resp2,15,[H:16][C:7]1([C:6]([C:5]([C:4]([C:9]([C:8]1([H:18])[H:19])([H:20])[H:21])([H:11])[C:2](=[O:1])[O:3][H:10])([H:12])[H:13])([H:14])[H:15])[H:17],,
15,-0.014212289276503986,RESP2,b3lyp-d3bj/dzvp,,0.8,H,resp2,16,[H:16][C:7]1([C:6]([C:5]([C:4]([C:9]([C:8]1([H:18])[H:19])([H:20])[H:21])([H:11])[C:2](=[O:1])[O:3][H:10])([H:12])[H:13])([H:14])[H:15])[H:17],,
16,-0.010493250974416269,RESP2,b3lyp-d3bj/dzvp,,0.8,H,resp2,17,[H:16][C:7]1([C:6]([C:5]([C:4]([C:9]([C:8]1([H:18])[H:19])([H:20])[H:21])([H:11])[C:2](=[O:1])[O:3][H:10])([H:12])[H:13])([H:14])[H:15])[H:17],,
17,-0.0054756350596109876,RESP2,b3lyp-d3bj/dzvp,,0.8,H,resp2,18,[H:16][C:7]1([C:6]([C:5]([C:4]([C:9]([C:8]1([H:18])[H:19])([H:20])[H:21])([H:11])[C:2](=[O:1])[O:3][H:10])([H:12])[H:13])([H:14])[H:15])[H:17],,
18,-0.008106621166489485,RESP2,b3lyp-d3bj/dzvp,,0.8,H,resp2,19,[H:16][C:7]1([C:6]([C:5]([C:4]([C:9]([C:8]1([H:18])[H:19])([H:20])[H:21])([H:11])[C:2](=[O:1])[O:3][H:10])([H:12])[H:13])([H:14])[H:15])[H:17],,
19,0.005241729060970486,RESP2,b3lyp-d3bj/dzvp,,0.8,H,resp2,20,[H:16][C:7]1([C:6]([C:5]([C:4]([C:9]([C:8]1([H:18])[H:19])([H:20])[H:21])([H:11])[C:2](=[O:1])[O:3][H:10])([H:12])[H:13])([H:14])[H:15])[H:17],,
20,0.004406276617358216,RESP2,b3lyp-d3bj/dzvp,,0.8,H,resp2,21,[H:16][C:7]1([C:6]([C:5]([C:4]([C:9]([C:8]1([H:18])[H:19])([H:20])[H:21])([H:11])[C:2](=[O:1])[O:3][H:10])([H:12])[H:13])([H:14])[H:15])[H:17],,
0,-0.5751611798718476,RESP2,b3lyp-d3bj/dzvp,,0.8500000000000001,O,resp2,1,[H:16][C:7]1([C:6]([C:5]([C:4]([C:9]([C:8]1([H:18])[H:19])([H:20])[H:21])([H:11])[C:2](=[O:1])[O:3][H:10])([H:12])[H:13])([H:14])[H:15])[H:17],,
1,0.555310356586799,RESP2,b3lyp-d3bj/dzvp,,0.8500000000000001,C,resp2,2,[H:16][C:7]1([C:6]([C:5]([C:4]([C:9]([C:8]1([H:18])[H:19])([H:20])[H:21])([H:11])[C:2](=[O:1])[O:3][H:10])([H:12])[H:13])([H:14])[H:15])[H:17],,
2,-0.6097325416062536,RESP2,b3lyp-d3bj/dzvp,,0.8500000000000001,O,resp2,3,[H:16][C:7]1([C:6]([C:5]([C:4]([C:9]([C:8]1([H:18])[H:19])([H:20])[H:21])([H:11])[C:2](=[O:1])[O:3][H:10])([H:12])[H:13])([H:14])[H:15])[H:17],,
3,0.12117647088819926,RESP2,b3lyp-d3bj/dzvp,,0.8500000000000001,C,resp2,4,[H:16][C:7]1([C:6]([C:5]([C:4]([C:9]([C:8]1([H:18])[H:19])([H:20])[H:21])([H:11])[C:2](=[O:1])[O:3][H:10])([H:12])[H:13])([H:14])[H:15])[H:17],,
4,-0.0052689021293070215,RESP2,b3lyp-d3bj/dzvp,,0.8500000000000001,C,resp2,5,[H:16][C:7]1([C:6]([C:5]([C:4]([C:9]([C:8]1([H:18])[H:19])([H:20])[H:21])([H:11])[C:2](=[O:1])[O:3][H:10])([H:12])[H:13])([H:14])[H:15])[H:17],,
5,0.011823289194170191,RESP2,b3lyp-d3bj/dzvp,,0.8500000000000001,C,resp2,6,[H:16][C:7]1([C:6]([C:5]([C:4]([C:9]([C:8]1([H:18])[H:19])([H:20])[H:21])([H:11])[C:2](=[O:1])[O:3][H:10])([H:12])[H:13])([H:14])[H:15])[H:17],,
6,0.042637800306708114,RESP2,b3lyp-d3bj/dzvp,,0.8500000000000001,C,resp2,7,[H:16][C:7]1([C:6]([C:5]([C:4]([C:9]([C:8]1([H:18])[H:19])([H:20])[H:21])([H:11])[C:2](=[O:1])[O:3][H:10])([H:12])[H:13])([H:14])[H:15])[H:17],,
7,0.02007008905056457,RESP2,b3lyp-d3bj/dzvp,,0.8500000000000001,C,resp2,8,[H:16][C:7]1([C:6]([C:5]([C:4]([C:9]([C:8]1([H:18])[H:19])([H:20])[H:21])([H:11])[C:2](=[O:1])[O:3][H:10])([H:12])[H:13])([H:14])[H:15])[H:17],,
8,-0.0062142821346790915,RESP2,b3lyp-d3bj/dzvp,,0.8500000000000001,C,resp2,9,[H:16][C:7]1([C:6]([C:5]([C:4]([C:9]([C:8]1([H:18])[H:19])([H:20])[H:21])([H:11])[C:2](=[O:1])[O:3][H:10])([H:12])[H:13])([H:14])[H:15])[H:17],,
9,0.46997382845939856,RESP2,b3lyp-d3bj/dzvp,,0.8500000000000001,H,resp2,10,[H:16][C:7]1([C:6]([C:5]([C:4]([C:9]([C:8]1([H:18])[H:19])([H:20])[H:21])([H:11])[C:2](=[O:1])[O:3][H:10])([H:12])[H:13])([H:14])[H:15])[H:17],,
10,0.0022455496312414965,RESP2,b3lyp-d3bj/dzvp,,0.8500000000000001,H,resp2,11,[H:16][C:7]1([C:6]([C:5]([C:4]([C:9]([C:8]1([H:18])[H:19])([H:20])[H:21])([H:11])[C:2](=[O:1])[O:3][H:10])([H:12])[H:13])([H:14])[H:15])[H:17],,
11,0.005700186513337339,RESP2,b3lyp-d3bj/dzvp,,0.8500000000000001,H,resp2,12,[H:16][C:7]1([C:6]([C:5]([C:4]([C:9]([C:8]1([H:18])[H:19])([H:20])[H:21])([H:11])[C:2](=[O:1])[O:3][H:10])([H:12])[H:13])([H:14])[H:15])[H:17],,
12,0.002759557906109812,RESP2,b3lyp-d3bj/dzvp,,0.8500000000000001,H,resp2,13,[H:16][C:7]1([C:6]([C:5]([C:4]([C:9]([C:8]1([H:18])[H:19])([H:20])[H:21])([H:11])[C:2](=[O:1])[O:3][H:10])([H:12])[H:13])([H:14])[H:15])[H:17],,
13,-0.0027676850265451426,RESP2,b3lyp-d3bj/dzvp,,0.8500000000000001,H,resp2,14,[H:16][C:7]1([C:6]([C:5]([C:4]([C:9]([C:8]1([H:18])[H:19])([H:20])[H:21])([H:11])[C:2](=[O:1])[O:3][H:10])([H:12])[H:13])([H:14])[H:15])[H:17],,
14,-0.003145430582276742,RESP2,b3lyp-d3bj/dzvp,,0.8500000000000001,H,resp2,15,[H:16][C:7]1([C:6]([C:5]([C:4]([C:9]([C:8]1([H:18])[H:19])([H:20])[H:21])([H:11])[C:2](=[O:1])[O:3][H:10])([H:12])[H:13])([H:14])[H:15])[H:17],,
15,-0.014907416305209953,RESP2,b3lyp-d3bj/dzvp,,0.8500000000000001,H,resp2,16,[H:16][C:7]1([C:6]([C:5]([C:4]([C:9]([C:8]1([H:18])[H:19])([H:20])[H:21])([H:11])[C:2](=[O:1])[O:3][H:10])([H:12])[H:13])([H:14])[H:15])[H:17],,
16,-0.011211730944686306,RESP2,b3lyp-d3bj/dzvp,,0.8500000000000001,H,resp2,17,[H:16][C:7]1([C:6]([C:5]([C:4]([C:9]([C:8]1([H:18])[H:19])([H:20])[H:21])([H:11])[C:2](=[O:1])[O:3][H:10])([H:12])[H:13])([H:14])[H:15])[H:17],,
17,-0.005008328477994691,RESP2,b3lyp-d3bj/dzvp,,0.8500000000000001,H,resp2,18,[H:16][C:7]1([C:6]([C:5]([C:4]([C:9]([C:8]1([H:18])[H:19])([H:20])[H:21])([H:11])[C:2](=[O:1])[O:3][H:10])([H:12])[H:13])([H:14])[H:15])[H:17],,
18,-0.007646197397329866,RESP2,b3lyp-d3bj/dzvp,,0.8500000000000001,H,resp2,19,[H:16][C:7]1([C:6]([C:5]([C:4]([C:9]([C:8]1([H:18])[H:19])([H:20])[H:21])([H:11])[C:2](=[O:1])[O:3][H:10])([H:12])[H:13])([H:14])[H:15])[H:17],,
19,0.005039265544671038,RESP2,b3lyp-d3bj/dzvp,,0.8500000000000001,H,resp2,20,[H:16][C:7]1([C:6]([C:5]([C:4]([C:9]([C:8]1([H:18])[H:19])([H:20])[H:21])([H:11])[C:2](=[O:1])[O:3][H:10])([H:12])[H:13])([H:14])[H:15])[H:17],,
20,0.004327300394930603,RESP2,b3lyp-d3bj/dzvp,,0.8500000000000001,H,resp2,21,[H:16][C:7]1([C:6]([C:5]([C:4]([C:9]([C:8]1([H:18])[H:19])([H:20])[H:21])([H:11])[C:2](=[O:1])[O:3][H:10])([H:12])[H:13])([H:14])[H:15])[H:17],,
0,-0.5787782110044355,RESP2,b3lyp-d3bj/dzvp,,0.9,O,resp2,1,[H:16][C:7]1([C:6]([C:5]([C:4]([C:9]([C:8]1([H:18])[H:19])([H:20])[H:21])([H:11])[C:2](=[O:1])[O:3][H:10])([H:12])[H:13])([H:14])[H:15])[H:17],,
1,0.55744567768213,RESP2,b3lyp-d3bj/dzvp,,0.9,C,resp2,2,[H:16][C:7]1([C:6]([C:5]([C:4]([C:9]([C:8]1([H:18])[H:19])([H:20])[H:21])([H:11])[C:2](=[O:1])[O:3][H:10])([H:12])[H:13])([H:14])[H:15])[H:17],,
2,-0.6113591315875178,RESP2,b3lyp-d3bj/dzvp,,0.9,O,resp2,3,[H:16][C:7]1([C:6]([C:5]([C:4]([C:9]([C:8]1([H:18])[H:19])([H:20])[H:21])([H:11])[C:2](=[O:1])[O:3][H:10])([H:12])[H:13])([H:14])[H:15])[H:17],,
3,0.11965635019922027,RESP2,b3lyp-d3bj/dzvp,,0.9,C,resp2,4,[H:16][C:7]1([C:6]([C:5]([C:4]([C:9]([C:8]1([H:18])[H:19])([H:20])[H:21])([H:11])[C:2](=[O:1])[O:3][H:10])([H:12])[H:13])([H:14])[H:15])[H:17],,
4,-0.004492864585494458,RESP2,b3lyp-d3bj/dzvp,,0.9,C,resp2,5,[H:16][C:7]1([C:6]([C:5]([C:4]([C:9]([C:8]1([H:18])[H:19])([H:20])[H:21])([H:11])[C:2](=[O:1])[O:3][H:10])([H:12])[H:13])([H:14])[H:15])[H:17],,
5,0.01217530725136122,RESP2,b3lyp-d3bj/dzvp,,0.9,C,resp2,6,[H:16][C:7]1([C:6]([C:5]([C:4]([C:9]([C:8]1([H:18])[H:19])([H:20])[H:21])([H:11])[C:2](=[O:1])[O:3][H:10])([H:12])[H:13])([H:14])[H:15])[H:17],,
6,0.0453485390520728,RESP2,b3lyp-d3bj/dzvp,,0.9,C,resp2,7,[H:16][C:7]1([C:6]([C:5]([C:4]([C:9]([C:8]1([H:18])[H:19])([H:20])[H:21])([H:11])[C:2](=[O:1])[O:3][H:10])([H:12])[H:13])([H:14])[H:15])[H:17],,
7,0.01804944887327591,RESP2,b3lyp-d3bj/dzvp,,0.9,C,resp2,8,[H:16][C:7]1([C:6]([C:5]([C:4]([C:9]([C:8]1([H:18])[H:19])([H:20])[H:21])([H:11])[C:2](=[O:1])[O:3][H:10])([H:12])[H:13])([H:14])[H:15])[H:17],,
8,-0.005029857548602754,RESP2,b3lyp-d3bj/dzvp,,0.9,C,resp2,9,[H:16][C:7]1([C:6]([C:5]([C:4]([C:9]([C:8]1([H:18])[H:19])([H:20])[H:21])([H:11])[C:2](=[O:1])[O:3][H:10])([H:12])[H:13])([H:14])[H:15])[H:17],,
9,0.4720774886425584,RESP2,b3lyp-d3bj/dzvp,,0.9,H,resp2,10,[H:16][C:7]1([C:6]([C:5]([C:4]([C:9]([C:8]1([H:18])[H:19])([H:20])[H:21])([H:11])[C:2](=[O:1])[O:3][H:10])([H:12])[H:13])([H:14])[H:15])[H:17],,
10,0.0033129651861875734,RESP2,b3lyp-d3bj/dzvp,,0.9,H,resp2,11,[H:16][C:7]1([C:6]([C:5]([C:4]([C:9]([C:8]1([H:18])[H:19])([H:20])[H:21])([H:11])[C:2](=[O:1])[O:3][H:10])([H:12])[H:13])([H:14])[H:15])[H:17],,
11,0.005410217044884748,RESP2,b3lyp-d3bj/dzvp,,0.9,H,resp2,12,[H:16][C:7]1([C:6]([C:5]([C:4]([C:9]([C:8]1([H:18])[H:19])([H:20])[H:21])([H:11])[C:2](=[O:1])[O:3][H:10])([H:12])[H:13])([H:14])[H:15])[H:17],,
12,0.00291748109064052,RESP2,b3lyp-d3bj/dzvp,,0.9,H,resp2,13,[H:16][C:7]1([C:6]([C:5]([C:4]([C:9]([C:8]1([H:18])[H:19])([H:20])[H:21])([H:11])[C:2](=[O:1])[O:3][H:10])([H:12])[H:13])([H:14])[H:15])[H:17],,
13,-0.0030433230370550276,RESP2,b3lyp-d3bj/dzvp,,0.9,H,resp2,14,[H:16][C:7]1([C:6]([C:5]([C:4]([C:9]([C:8]1([H:18])[H:19])([H:20])[H:21])([H:11])[C:2](=[O:1])[O:3][H:10])([H:12])[H:13])([H:14])[H:15])[H:17],,
14,-0.0035156636866795067,RESP2,b3lyp-d3bj/dzvp,,0.9,H,resp2,15,[H:16][C:7]1([C:6]([C:5]([C:4]([C:9]([C:8]1([H:18])[H:19])([H:20])[H:21])([H:11])[C:2](=[O:1])[O:3][H:10])([H:12])[H:13])([H:14])[H:15])[H:17],,
15,-0.01560254333391593,RESP2,b3lyp-d3bj/dzvp,,0.9,H,resp2,16,[H:16][C:7]1([C:6]([C:5]([C:4]([C:9]([C:8]1([H:18])[H:19])([H:20])[H:21])([H:11])[C:2](=[O:1])[O:3][H:10])([H:12])[H:13])([H:14])[H:15])[H:17],,
16,-0.011930210914956354,RESP2,b3lyp-d3bj/dzvp,,0.9,H,resp2,17,[H:16][C:7]1([C:6]([C:5]([C:4]([C:9]([C:8]1([H:18])[H:19])([H:20])[H:21])([H:11])[C:2](=[O:1])[O:3][H:10])([H:12])[H:13])([H:14])[H:15])[H:17],,
17,-0.004541021896378404,RESP2,b3lyp-d3bj/dzvp,,0.9,H,resp2,18,[H:16][C:7]1([C:6]([C:5]([C:4]([C:9]([C:8]1([H:18])[H:19])([H:20])[H:21])([H:11])[C:2](=[O:1])[O:3][H:10])([H:12])[H:13])([H:14])[H:15])[H:17],,
18,-0.007185773628170257,RESP2,b3lyp-d3bj/dzvp,,0.9,H,resp2,19,[H:16][C:7]1([C:6]([C:5]([C:4]([C:9]([C:8]1([H:18])[H:19])([H:20])[H:21])([H:11])[C:2](=[O:1])[O:3][H:10])([H:12])[H:13])([H:14])[H:15])[H:17],,
19,0.004836802028371582,RESP2,b3lyp-d3bj/dzvp,,0.9,H,resp2,20,[H:16][C:7]1([C:6]([C:5]([C:4]([C:9]([C:8]1([H:18])[H:19])([H:20])[H:21])([H:11])[C:2](=[O:1])[O:3][H:10])([H:12])[H:13])([H:14])[H:15])[H:17],,
20,0.004248324172502982,RESP2,b3lyp-d3bj/dzvp,,0.9,H,resp2,21,[H:16][C:7]1([C:6]([C:5]([C:4]([C:9]([C:8]1([H:18])[H:19])([H:20])[H:21])([H:11])[C:2](=[O:1])[O:3][H:10])([H:12])[H:13])([H:14])[H:15])[H:17],,
0,-0.5823952421370235,RESP2,b3lyp-d3bj/dzvp,,0.9500000000000001,O,resp2,1,[H:16][C:7]1([C:6]([C:5]([C:4]([C:9]([C:8]1([H:18])[H:19])([H:20])[H:21])([H:11])[C:2](=[O:1])[O:3][H:10])([H:12])[H:13])([H:14])[H:15])[H:17],,
1,0.5595809987774609,RESP2,b3lyp-d3bj/dzvp,,0.9500000000000001,C,resp2,2,[H:16][C:7]1([C:6]([C:5]([C:4]([C:9]([C:8]1([H:18])[H:19])([H:20])[H:21])([H:11])[C:2](=[O:1])[O:3][H:10])([H:12])[H:13])([H:14])[H:15])[H:17],,
2,-0.6129857215687821,RESP2,b3lyp-d3bj/dzvp,,0.9500000000000001,O,resp2,3,[H:16][C:7]1([C:6]([C:5]([C:4]([C:9]([C:8]1([H:18])[H:19])([H:20])[H:21])([H:11])[C:2](=[O:1])[O:3][H:10])([H:12])[H:13])([H:14])[H:15])[H:17],,
3,0.11813622951024129,RESP2,b3lyp-d3bj/dzvp,,0.9500000000000001,C,resp2,4,[H:16][C:7]1([C:6]([C:5]([C:4]([C:9]([C:8]1([H:18])[H:19])([H:20])[H:21])([H:11])[C:2](=[O:1])[O:3][H:10])([H:12])[H:13])([H:14])[H:15])[H:17],,
4,-0.003716827041681868,RESP2,b3lyp-d3bj/dzvp,,0.9500000000000001,C,resp2,5,[H:16][C:7]1([C:6]([C:5]([C:4]([C:9]([C:8]1([H:18])[H:19])([H:20])[H:21])([H:11])[C:2](=[O:1])[O:3][H:10])([H:12])[H:13])([H:14])[H:15])[H:17],,
5,0.012527325308552276,RESP2,b3lyp-d3bj/dzvp,,0.9500000000000001,C,resp2,6,[H:16][C:7]1([C:6]([C:5]([C:4]([C:9]([C:8]1([H:18])[H:19])([H:20])[H:21])([H:11])[C:2](=[O:1])[O:3][H:10])([H:12])[H:13])([H:14])[H:15])[H:17],,
6,0.048059277797437516,RESP2,b3lyp-d3bj/dzvp,,0.9500000000000001,C,resp2,7,[H:16][C:7]1([C:6]([C:5]([C:4]([C:9]([C:8]1([H:18])[H:19])([H:20])[H:21])([H:11])[C:2](=[O:1])[O:3][H:10])([H:12])[H:13])([H:14])[H:15])[H:17],,
7,0.01602880869598726,RESP2,b3lyp-d3bj/dzvp,,0.9500000000000001,C,resp2,8,[H:16][C:7]1([C:6]([C:5]([C:4]([C:9]([C:8]1([H:18])[H:19])([H:20])[H:21])([H:11])[C:2](=[O:1])[O:3][H:10])([H:12])[H:13])([H:14])[H:15])[H:17],,
8,-0.0038454329625263904,RESP2,b3lyp-d3bj/dzvp,,0.9500000000000001,C,resp2,9,[H:16][C:7]1([C:6]([C:5]([C:4]([C:9]([C:8]1([H:18])[H:19])([H:20])[H:21])([H:11])[C:2](=[O:1])[O:3][H:10])([H:12])[H:13])([H:14])[H:15])[H:17],,
9,0.47418114882571827,RESP2,b3lyp-d3bj/dzvp,,0.9500000000000001,H,resp2,10,[H:16][C:7]1([C:6]([C:5]([C:4]([C:9]([C:8]1([H:18])[H:19])([H:20])[H:21])([H:11])[C:2](=[O:1])[O:3][H:10])([H:12])[H:13])([H:14])[H:15])[H:17],,
10,0.004380380741133677,RESP2,b3lyp-d3bj/dzvp,,0.9500000000000001,H,resp2,11,[H:16][C:7]1([C:6]([C:5]([C:4]([C:9]([C:8]1([H:18])[H:19])([H:20])[H:21])([H:11])[C:2](=[O:1])[O:3][H:10])([H:12])[H:13])([H:14])[H:15])[H:17],,
11,0.005120247576432181,RESP2,b3lyp-d3bj/dzvp,,0.9500000000000001,H,resp2,12,[H:16][C:7]1([C:6]([C:5]([C:4]([C:9]([C:8]1([H:18])[H:19])([H:20])[H:21])([H:11])[C:2](=[O:1])[O:3][H:10])([H:12])[H:13])([H:14])[H:15])[H:17],,
12,0.0030754042751712516,RESP2,b3lyp-d3bj/dzvp,,0.9500000000000001,H,resp2,13,[H:16][C:7]1([C:6]([C:5]([C:4]([C:9]([C:8]1([H:18])[H:19])([H:20])[H:21])([H:11])[C:2](=[O:1])[O:3][H:10])([H:12])[H:13])([H:14])[H:15])[H:17],,
13,-0.0033189610475648896,RESP2,b3lyp-d3bj/dzvp,,0.9500000000000001,H,resp2,14,[H:16][C:7]1([C:6]([C:5]([C:4]([C:9]([C:8]1([H:18])[H:19])([H:20])[H:21])([H:11])[C:2](=[O:1])[O:3][H:10])([H:12])[H:13])([H:14])[H:15])[H:17],,
14,-0.0038858967910822477,RESP2,b3lyp-d3bj/dzvp,,0.9500000000000001,H,resp2,15,[H:16][C:7]1([C:6]([C:5]([C:4]([C:9]([C:8]1([H:18])[H:19])([H:20])[H:21])([H:11])[C:2](=[O:1])[O:3][H:10])([H:12])[H:13])([H:14])[H:15])[H:17],,
15,-0.016297670362621888,RESP2,b3lyp-d3bj/dzvp,,0.9500000000000001,H,resp2,16,[H:16][C:7]1([C:6]([C:5]([C:4]([C:9]([C:8]1([H:18])[H:19])([H:20])[H:21])([H:11])[C:2](=[O:1])[O:3][H:10])([H:12])[H:13])([H:14])[H:15])[H:17],,
16,-0.012648690885226374,RESP2,b3lyp-d3bj/dzvp,,0.9500000000000001,H,resp2,17,[H:16][C:7]1([C:6]([C:5]([C:4]([C:9]([C:8]1([H:18])[H:19])([H:20])[H:21])([H:11])[C:2](=[O:1])[O:3][H:10])([H:12])[H:13])([H:14])[H:15])[H:17],,
17,-0.004073715314762093,RESP2,b3lyp-d3bj/dzvp,,0.9500000000000001,H,resp2,18,[H:16][C:7]1([C:6]([C:5]([C:4]([C:9]([C:8]1([H:18])[H:19])([H:20])[H:21])([H:11])[C:2](=[O:1])[O:3][H:10])([H:12])[H:13])([H:14])[H:15])[H:17],,
18,-0.006725349859010623,RESP2,b3lyp-d3bj/dzvp,,0.9500000000000001,H,resp2,19,[H:16][C:7]1([C:6]([C:5]([C:4]([C:9]([C:8]1([H:18])[H:19])([H:20])[H:21])([H:11])[C:2](=[O:1])[O:3][H:10])([H:12])[H:13])([H:14])[H:15])[H:17],,
19,0.00463433851207215,RESP2,b3lyp-d3bj/dzvp,,0.9500000000000001,H,resp2,20,[H:16][C:7]1([C:6]([C:5]([C:4]([C:9]([C:8]1([H:18])[H:19])([H:20])[H:21])([H:11])[C:2](=[O:1])[O:3][H:10])([H:12])[H:13])([H:14])[H:15])[H:17],,
20,0.004169347950075383,RESP2,b3lyp-d3bj/dzvp,,0.9500000000000001,H,resp2,21,[H:16][C:7]1([C:6]([C:5]([C:4]([C:9]([C:8]1([H:18])[H:19])([H:20])[H:21])([H:11])[C:2](=[O:1])[O:3][H:10])([H:12])[H:13])([H:14])[H:15])[H:17],,
0,-0.5860122732696115,RESP2,b3lyp-d3bj/dzvp,,1.0,O,resp2,1,[H:16][C:7]1([C:6]([C:5]([C:4]([C:9]([C:8]1([H:18])[H:19])([H:20])[H:21])([H:11])[C:2](=[O:1])[O:3][H:10])([H:12])[H:13])([H:14])[H:15])[H:17],,
1,0.5617163198727918,RESP2,b3lyp-d3bj/dzvp,,1.0,C,resp2,2,[H:16][C:7]1([C:6]([C:5]([C:4]([C:9]([C:8]1([H:18])[H:19])([H:20])[H:21])([H:11])[C:2](=[O:1])[O:3][H:10])([H:12])[H:13])([H:14])[H:15])[H:17],,
2,-0.6146123115500464,RESP2,b3lyp-d3bj/dzvp,,1.0,O,resp2,3,[H:16][C:7]1([C:6]([C:5]([C:4]([C:9]([C:8]1([H:18])[H:19])([H:20])[H:21])([H:11])[C:2](=[O:1])[O:3][H:10])([H:12])[H:13])([H:14])[H:15])[H:17],,
3,0.1166161088212623,RESP2,b3lyp-d3bj/dzvp,,1.0,C,resp2,4,[H:16][C:7]1([C:6]([C:5]([C:4]([C:9]([C:8]1([H:18])[H:19])([H:20])[H:21])([H:11])[C:2](=[O:1])[O:3][H:10])([H:12])[H:13])([H:14])[H:15])[H:17],,
4,-0.0029407894978693114,RESP2,b3lyp-d3bj/dzvp,,1.0,C,resp2,5,[H:16][C:7]1([C:6]([C:5]([C:4]([C:9]([C:8]1([H:18])[H:19])([H:20])[H:21])([H:11])[C:2](=[O:1])[O:3][H:10])([H:12])[H:13])([H:14])[H:15])[H:17],,
5,0.012879343365743298,RESP2,b3lyp-d3bj/dzvp,,1.0,C,resp2,6,[H:16][C:7]1([C:6]([C:5]([C:4]([C:9]([C:8]1([H:18])[H:19])([H:20])[H:21])([H:11])[C:2](=[O:1])[O:3][H:10])([H:12])[H:13])([H:14])[H:15])[H:17],,
6,0.05077001654280219,RESP2,b3lyp-d3bj/dzvp,,1.0,C,resp2,7,[H:16][C:7]1([C:6]([C:5]([C:4]([C:9]([C:8]1([H:18])[H:19])([H:20])[H:21])([H:11])[C:2](=[O:1])[O:3][H:10])([H:12])[H:13])([H:14])[H:15])[H:17],,
7,0.014008168518698589,RESP2,b3lyp-d3bj/dzvp,,1.0,C,resp2,8,[H:16][C:7]1([C:6]([C:5]([C:4]([C:9]([C:8]1([H:18])[H:19])([H:20])[H:21])([H:11])[C:2](=[O:1])[O:3][H:10])([H:12])[H:13])([H:14])[H:15])[H:17],,
8,-0.002661008376450061,RESP2,b3lyp-d3bj/dzvp,,1.0,C,resp2,9,[H:16][C:7]1([C:6]([C:5]([C:4]([C:9]([C:8]1([H:18])[H:19])([H:20])[H:21])([H:11])[C:2](=[O:1])[O:3][H:10])([H:12])[H:13])([H:14])[H:15])[H:17],,
9,0.4762848090088781,RESP2,b3lyp-d3bj/dzvp,,1.0,H,resp2,10,[H:16][C:7]1([C:6]([C:5]([C:4]([C:9]([C:8]1([H:18])[H:19])([H:20])[H:21])([H:11])[C:2](=[O:1])[O:3][H:10])([H:12])[H:13])([H:14])[H:15])[H:17],,
10,0.005447796296079745,RESP2,b3lyp-d3bj/dzvp,,1.0,H,resp2,11,[H:16][C:7]1([C:6]([C:5]([C:4]([C:9]([C:8]1([H:18])[H:19])([H:20])[H:21])([H:11])[C:2](=[O:1])[O:3][H:10])([H:12])[H:13])([H:14])[H:15])[H:17],,
11,0.004830278107979581,RESP2,b3lyp-d3bj/dzvp,,1.0,H,resp2,12,[H:16][C:7]1([C:6]([C:5]([C:4]([C:9]([C:8]1([H:18])[H:19])([H:20])[H:21])([H:11])[C:2](=[O:1])[O:3][H:10])([H:12])[H:13])([H:14])[H:15])[H:17],,
12,0.0032333274597019512,RESP2,b3lyp-d3bj/dzvp,,1.0,H,resp2,13,[H:16][C:7]1([C:6]([C:5]([C:4]([C:9]([C:8]1([H:18])[H:19])([H:20])[H:21])([H:11])[C:2](=[O:1])[O:3][H:10])([H:12])[H:13])([H:14])[H:15])[H:17],,
13,-0.003594599058074783,RESP2,b3lyp-d3bj/dzvp,,1.0,H,resp2,14,[H:16][C:7]1([C:6]([C:5]([C:4]([C:9]([C:8]1([H:18])[H:19])([H:20])[H:21])([H:11])[C:2](=[O:1])[O:3][H:10])([H:12])[H:13])([H:14])[H:15])[H:17],,
14,-0.00425612989548502,RESP2,b3lyp-d3bj/dzvp,,1.0,H,resp2,15,[H:16][C:7]1([C:6]([C:5]([C:4]([C:9]([C:8]1([H:18])[H:19])([H:20])[H:21])([H:11])[C:2](=[O:1])[O:3][H:10])([H:12])[H:13])([H:14])[H:15])[H:17],,
15,-0.016992797391327866,RESP2,b3lyp-d3bj/dzvp,,1.0,H,resp2,16,[H:16][C:7]1([C:6]([C:5]([C:4]([C:9]([C:8]1([H:18])[H:19])([H:20])[H:21])([H:11])[C:2](=[O:1])[O:3][H:10])([H:12])[H:13])([H:14])[H:15])[H:17],,
16,-0.013367170855496428,RESP2,b3lyp-d3bj/dzvp,,1.0,H,resp2,17,[H:16][C:7]1([C:6]([C:5]([C:4]([C:9]([C:8]1([H:18])[H:19])([H:20])[H:21])([H:11])[C:2](=[O:1])[O:3][H:10])([H:12])[H:13])([H:14])[H:15])[H:17],,
17,-0.003606408733145814,RESP2,b3lyp-d3bj/dzvp,,1.0,H,resp2,18,[H:16][C:7]1([C:6]([C:5]([C:4]([C:9]([C:8]1([H:18])[H:19])([H:20])[H:21])([H:11])[C:2](=[O:1])[O:3][H:10])([H:12])[H:13])([H:14])[H:15])[H:17],,
18,-0.006264926089851023,RESP2,b3lyp-d3bj/dzvp,,1.0,H,resp2,19,[H:16][C:7]1([C:6]([C:5]([C:4]([C:9]([C:8]1([H:18])[H:19])([H:20])[H:21])([H:11])[C:2](=[O:1])[O:3][H:10])([H:12])[H:13])([H:14])[H:15])[H:17],,
19,0.004431874995772685,RESP2,b3lyp-d3bj/dzvp,,1.0,H,resp2,20,[H:16][C:7]1([C:6]([C:5]([C:4]([C:9]([C:8]1([H:18])[H:19])([H:20])[H:21])([H:11])[C:2](=[O:1])[O:3][H:10])([H:12])[H:13])([H:14])[H:15])[H:17],,
20,0.0040903717276477534,RESP2,b3lyp-d3bj/dzvp,,1.0,H,resp2,21,[H:16][C:7]1([C:6]([C:5]([C:4]([C:9]([C:8]1([H:18])[H:19])([H:20])[H:21])([H:11])[C:2](=[O:1])[O:3][H:10])([H:12])[H:13])([H:14])[H:15])[H:17],,
0,-0.4816537810276214,RESP2,PW6B95/cc-pV(D+d)Z,1.0,0.0,O,hf,1,[H:16][C:7]1([C:6]([C:5]([C:4]([C:9]([C:8]1([H:18])[H:19])([H:20])[H:21])([H:11])[C:2](=[O:1])[O:3][H:10])([H:12])[H:13])([H:14])[H:15])[H:17],,
1,0.5235827194318782,RESP2,PW6B95/cc-pV(D+d)Z,1.0,0.0,C,hf,2,[H:16][C:7]1([C:6]([C:5]([C:4]([C:9]([C:8]1([H:18])[H:19])([H:20])[H:21])([H:11])[C:2](=[O:1])[O:3][H:10])([H:12])[H:13])([H:14])[H:15])[H:17],,
2,-0.5196009028895653,RESP2,PW6B95/cc-pV(D+d)Z,1.0,0.0,O,hf,3,[H:16][C:7]1([C:6]([C:5]([C:4]([C:9]([C:8]1([H:18])[H:19])([H:20])[H:21])([H:11])[C:2](=[O:1])[O:3][H:10])([H:12])[H:13])([H:14])[H:15])[H:17],,
3,0.0528510406555278,RESP2,PW6B95/cc-pV(D+d)Z,1.0,0.0,C,hf,4,[H:16][C:7]1([C:6]([C:5]([C:4]([C:9]([C:8]1([H:18])[H:19])([H:20])[H:21])([H:11])[C:2](=[O:1])[O:3][H:10])([H:12])[H:13])([H:14])[H:15])[H:17],,
4,-0.04487358301370035,RESP2,PW6B95/cc-pV(D+d)Z,1.0,0.0,C,hf,5,[H:16][C:7]1([C:6]([C:5]([C:4]([C:9]([C:8]1([H:18])[H:19])([H:20])[H:21])([H:11])[C:2](=[O:1])[O:3][H:10])([H:12])[H:13])([H:14])[H:15])[H:17],,
5,0.007797708921581256,RESP2,PW6B95/cc-pV(D+d)Z,1.0,0.0,C,hf,6,[H:16][C:7]1([C:6]([C:5]([C:4]([C:9]([C:8]1([H:18])[H:19])([H:20])[H:21])([H:11])[C:2](=[O:1])[O:3][H:10])([H:12])[H:13])([H:14])[H:15])[H:17],,
6,-0.029988917403831916,RESP2,PW6B95/cc-pV(D+d)Z,1.0,0.0,C,hf,7,[H:16][C:7]1([C:6]([C:5]([C:4]([C:9]([C:8]1([H:18])[H:19])([H:20])[H:21])([H:11])[C:2](=[O:1])[O:3][H:10])([H:12])[H:13])([H:14])[H:15])[H:17],,
7,0.035568548542437364,RESP2,PW6B95/cc-pV(D+d)Z,1.0,0.0,C,hf,8,[H:16][C:7]1([C:6]([C:5]([C:4]([C:9]([C:8]1([H:18])[H:19])([H:20])[H:21])([H:11])[C:2](=[O:1])[O:3][H:10])([H:12])[H:13])([H:14])[H:15])[H:17],,
8,-0.04477734358662101,RESP2,PW6B95/cc-pV(D+d)Z,1.0,0.0,C,hf,9,[H:16][C:7]1([C:6]([C:5]([C:4]([C:9]([C:8]1([H:18])[H:19])([H:20])[H:21])([H:11])[C:2](=[O:1])[O:3][H:10])([H:12])[H:13])([H:14])[H:15])[H:17],,
9,0.39488107028824865,RESP2,PW6B95/cc-pV(D+d)Z,1.0,0.0,H,hf,10,[H:16][C:7]1([C:6]([C:5]([C:4]([C:9]([C:8]1([H:18])[H:19])([H:20])[H:21])([H:11])[C:2](=[O:1])[O:3][H:10])([H:12])[H:13])([H:14])[H:15])[H:17],,
10,0.012238773415951712,RESP2,PW6B95/cc-pV(D+d)Z,1.0,0.0,H,hf,11,[H:16][C:7]1([C:6]([C:5]([C:4]([C:9]([C:8]1([H:18])[H:19])([H:20])[H:21])([H:11])[C:2](=[O:1])[O:3][H:10])([H:12])[H:13])([H:14])[H:15])[H:17],,
11,0.02053831623299729,RESP2,PW6B95/cc-pV(D+d)Z,1.0,0.0,H,hf,12,[H:16][C:7]1([C:6]([C:5]([C:4]([C:9]([C:8]1([H:18])[H:19])([H:20])[H:21])([H:11])[C:2](=[O:1])[O:3][H:10])([H:12])[H:13])([H:14])[H:15])[H:17],,
12,0.01462221776291091,RESP2,PW6B95/cc-pV(D+d)Z,1.0,0.0,H,hf,13,[H:16][C:7]1([C:6]([C:5]([C:4]([C:9]([C:8]1([H:18])[H:19])([H:20])[H:21])([H:11])[C:2](=[O:1])[O:3][H:10])([H:12])[H:13])([H:14])[H:15])[H:17],,
13,0.006347512198338177,RESP2,PW6B95/cc-pV(D+d)Z,1.0,0.0,H,hf,14,[H:16][C:7]1([C:6]([C:5]([C:4]([C:9]([C:8]1([H:18])[H:19])([H:20])[H:21])([H:11])[C:2](=[O:1])[O:3][H:10])([H:12])[H:13])([H:14])[H:15])[H:17],,
14,0.006619002439339786,RESP2,PW6B95/cc-pV(D+d)Z,1.0,0.0,H,hf,15,[H:16][C:7]1([C:6]([C:5]([C:4]([C:9]([C:8]1([H:18])[H:19])([H:20])[H:21])([H:11])[C:2](=[O:1])[O:3][H:10])([H:12])[H:13])([H:14])[H:15])[H:17],,
15,0.006781242106495772,RESP2,PW6B95/cc-pV(D+d)Z,1.0,0.0,H,hf,16,[H:16][C:7]1([C:6]([C:5]([C:4]([C:9]([C:8]1([H:18])[H:19])([H:20])[H:21])([H:11])[C:2](=[O:1])[O:3][H:10])([H:12])[H:13])([H:14])[H:15])[H:17],,
16,0.011496779142622308,RESP2,PW6B95/cc-pV(D+d)Z,1.0,0.0,H,hf,17,[H:16][C:7]1([C:6]([C:5]([C:4]([C:9]([C:8]1([H:18])[H:19])([H:20])[H:21])([H:11])[C:2](=[O:1])[O:3][H:10])([H:12])[H:13])([H:14])[H:15])[H:17],,
17,-0.002126866624707097,RESP2,PW6B95/cc-pV(D+d)Z,1.0,0.0,H,hf,18,[H:16][C:7]1([C:6]([C:5]([C:4]([C:9]([C:8]1([H:18])[H:19])([H:20])[H:21])([H:11])[C:2](=[O:1])[O:3][H:10])([H:12])[H:13])([H:14])[H:15])[H:17],,
18,-0.00477765614929572,RESP2,PW6B95/cc-pV(D+d)Z,1.0,0.0,H,hf,19,[H:16][C:7]1([C:6]([C:5]([C:4]([C:9]([C:8]1([H:18])[H:19])([H:20])[H:21])([H:11])[C:2](=[O:1])[O:3][H:10])([H:12])[H:13])([H:14])[H:15])[H:17],,
19,0.017025335676769993,RESP2,PW6B95/cc-pV(D+d)Z,1.0,0.0,H,hf,20,[H:16][C:7]1([C:6]([C:5]([C:4]([C:9]([C:8]1([H:18])[H:19])([H:20])[H:21])([H:11])[C:2](=[O:1])[O:3][H:10])([H:12])[H:13])([H:14])[H:15])[H:17],,
20,0.017448783880243558,RESP2,PW6B95/cc-pV(D+d)Z,1.0,0.0,H,hf,21,[H:16][C:7]1([C:6]([C:5]([C:4]([C:9]([C:8]1([H:18])[H:19])([H:20])[H:21])([H:11])[C:2](=[O:1])[O:3][H:10])([H:12])[H:13])([H:14])[H:15])[H:17],,
0,-0.4846764745027987,RESP2,PW6B95/cc-pV(D+d)Z,1.0,0.05,O,hf,1,[H:16][C:7]1([C:6]([C:5]([C:4]([C:9]([C:8]1([H:18])[H:19])([H:20])[H:21])([H:11])[C:2](=[O:1])[O:3][H:10])([H:12])[H:13])([H:14])[H:15])[H:17],,
1,0.525252021516962,RESP2,PW6B95/cc-pV(D+d)Z,1.0,0.05,C,hf,2,[H:16][C:7]1([C:6]([C:5]([C:4]([C:9]([C:8]1([H:18])[H:19])([H:20])[H:21])([H:11])[C:2](=[O:1])[O:3][H:10])([H:12])[H:13])([H:14])[H:15])[H:17],,
2,-0.5206822612207844,RESP2,PW6B95/cc-pV(D+d)Z,1.0,0.05,O,hf,3,[H:16][C:7]1([C:6]([C:5]([C:4]([C:9]([C:8]1([H:18])[H:19])([H:20])[H:21])([H:11])[C:2](=[O:1])[O:3][H:10])([H:12])[H:13])([H:14])[H:15])[H:17],,
3,0.051444024476769934,RESP2,PW6B95/cc-pV(D+d)Z,1.0,0.05,C,hf,4,[H:16][C:7]1([C:6]([C:5]([C:4]([C:9]([C:8]1([H:18])[H:19])([H:20])[H:21])([H:11])[C:2](=[O:1])[O:3][H:10])([H:12])[H:13])([H:14])[H:15])[H:17],,
4,-0.044441802461014396,RESP2,PW6B95/cc-pV(D+d)Z,1.0,0.05,C,hf,5,[H:16][C:7]1([C:6]([C:5]([C:4]([C:9]([C:8]1([H:18])[H:19])([H:20])[H:21])([H:11])[C:2](=[O:1])[O:3][H:10])([H:12])[H:13])([H:14])[H:15])[H:17],,
5,0.007713397129161907,RESP2,PW6B95/cc-pV(D+d)Z,1.0,0.05,C,hf,6,[H:16][C:7]1([C:6]([C:5]([C:4]([C:9]([C:8]1([H:18])[H:19])([H:20])[H:21])([H:11])[C:2](=[O:1])[O:3][H:10])([H:12])[H:13])([H:14])[H:15])[H:17],,
6,-0.027643758784009122,RESP2,PW6B95/cc-pV(D+d)Z,1.0,0.05,C,hf,7,[H:16][C:7]1([C:6]([C:5]([C:4]([C:9]([C:8]1([H:18])[H:19])([H:20])[H:21])([H:11])[C:2](=[O:1])[O:3][H:10])([H:12])[H:13])([H:14])[H:15])[H:17],,
7,0.033767239486692864,RESP2,PW6B95/cc-pV(D+d)Z,1.0,0.05,C,hf,8,[H:16][C:7]1([C:6]([C:5]([C:4]([C:9]([C:8]1([H:18])[H:19])([H:20])[H:21])([H:11])[C:2](=[O:1])[O:3][H:10])([H:12])[H:13])([H:14])[H:15])[H:17],,
8,-0.04349205163748021,RESP2,PW6B95/cc-pV(D+d)Z,1.0,0.05,C,hf,9,[H:16][C:7]1([C:6]([C:5]([C:4]([C:9]([C:8]1([H:18])[H:19])([H:20])[H:21])([H:11])[C:2](=[O:1])[O:3][H:10])([H:12])[H:13])([H:14])[H:15])[H:17],,
9,0.39661407636562834,RESP2,PW6B95/cc-pV(D+d)Z,1.0,0.05,H,hf,10,[H:16][C:7]1([C:6]([C:5]([C:4]([C:9]([C:8]1([H:18])[H:19])([H:20])[H:21])([H:11])[C:2](=[O:1])[O:3][H:10])([H:12])[H:13])([H:14])[H:15])[H:17],,
10,0.013186049329359515,RESP2,PW6B95/cc-pV(D+d)Z,1.0,0.05,H,hf,11,[H:16][C:7]1([C:6]([C:5]([C:4]([C:9]([C:8]1([H:18])[H:19])([H:20])[H:21])([H:11])[C:2](=[O:1])[O:3][H:10])([H:12])[H:13])([H:14])[H:15])[H:17],,
11,0.020374071804261793,RESP2,PW6B95/cc-pV(D+d)Z,1.0,0.05,H,hf,12,[H:16][C:7]1([C:6]([C:5]([C:4]([C:9]([C:8]1([H:18])[H:19])([H:20])[H:21])([H:11])[C:2](=[O:1])[O:3][H:10])([H:12])[H:13])([H:14])[H:15])[H:17],,
12,0.014827385996815259,RESP2,PW6B95/cc-pV(D+d)Z,1.0,0.05,H,hf,13,[H:16][C:7]1([C:6]([C:5]([C:4]([C:9]([C:8]1([H:18])[H:19])([H:20])[H:21])([H:11])[C:2](=[O:1])[O:3][H:10])([H:12])[H:13])([H:14])[H:15])[H:17],,
13,0.006270417039299687,RESP2,PW6B95/cc-pV(D+d)Z,1.0,0.05,H,hf,14,[H:16][C:7]1([C:6]([C:5]([C:4]([C:9]([C:8]1([H:18])[H:19])([H:20])[H:21])([H:11])[C:2](=[O:1])[O:3][H:10])([H:12])[H:13])([H:14])[H:15])[H:17],,
14,0.0064202687003303005,RESP2,PW6B95/cc-pV(D+d)Z,1.0,0.05,H,hf,15,[H:16][C:7]1([C:6]([C:5]([C:4]([C:9]([C:8]1([H:18])[H:19])([H:20])[H:21])([H:11])[C:2](=[O:1])[O:3][H:10])([H:12])[H:13])([H:14])[H:15])[H:17],,
15,0.006217411908844123,RESP2,PW6B95/cc-pV(D+d)Z,1.0,0.05,H,hf,16,[H:16][C:7]1([C:6]([C:5]([C:4]([C:9]([C:8]1([H:18])[H:19])([H:20])[H:21])([H:11])[C:2](=[O:1])[O:3][H:10])([H:12])[H:13])([H:14])[H:15])[H:17],,
16,0.010898253323657165,RESP2,PW6B95/cc-pV(D+d)Z,1.0,0.05,H,hf,17,[H:16][C:7]1([C:6]([C:5]([C:4]([C:9]([C:8]1([H:18])[H:19])([H:20])[H:21])([H:11])[C:2](=[O:1])[O:3][H:10])([H:12])[H:13])([H:14])[H:15])[H:17],,
17,-0.0016878109347765544,RESP2,PW6B95/cc-pV(D+d)Z,1.0,0.05,H,hf,18,[H:16][C:7]1([C:6]([C:5]([C:4]([C:9]([C:8]1([H:18])[H:19])([H:20])[H:21])([H:11])[C:2](=[O:1])[O:3][H:10])([H:12])[H:13])([H:14])[H:15])[H:17],,
18,-0.004359549365231777,RESP2,PW6B95/cc-pV(D+d)Z,1.0,0.05,H,hf,19,[H:16][C:7]1([C:6]([C:5]([C:4]([C:9]([C:8]1([H:18])[H:19])([H:20])[H:21])([H:11])[C:2](=[O:1])[O:3][H:10])([H:12])[H:13])([H:14])[H:15])[H:17],,
19,0.016752858237087123,RESP2,PW6B95/cc-pV(D+d)Z,1.0,0.05,H,hf,20,[H:16][C:7]1([C:6]([C:5]([C:4]([C:9]([C:8]1([H:18])[H:19])([H:20])[H:21])([H:11])[C:2](=[O:1])[O:3][H:10])([H:12])[H:13])([H:14])[H:15])[H:17],,
20,0.017246233591225086,RESP2,PW6B95/cc-pV(D+d)Z,1.0,0.05,H,hf,21,[H:16][C:7]1([C:6]([C:5]([C:4]([C:9]([C:8]1([H:18])[H:19])([H:20])[H:21])([H:11])[C:2](=[O:1])[O:3][H:10])([H:12])[H:13])([H:14])[H:15])[H:17],,
0,-0.48769916797797613,RESP2,PW6B95/cc-pV(D+d)Z,1.0,0.1,O,hf,1,[H:16][C:7]1([C:6]([C:5]([C:4]([C:9]([C:8]1([H:18])[H:19])([H:20])[H:21])([H:11])[C:2](=[O:1])[O:3][H:10])([H:12])[H:13])([H:14])[H:15])[H:17],,
1,0.526921323602046,RESP2,PW6B95/cc-pV(D+d)Z,1.0,0.1,C,hf,2,[H:16][C:7]1([C:6]([C:5]([C:4]([C:9]([C:8]1([H:18])[H:19])([H:20])[H:21])([H:11])[C:2](=[O:1])[O:3][H:10])([H:12])[H:13])([H:14])[H:15])[H:17],,
2,-0.5217636195520035,RESP2,PW6B95/cc-pV(D+d)Z,1.0,0.1,O,hf,3,[H:16][C:7]1([C:6]([C:5]([C:4]([C:9]([C:8]1([H:18])[H:19])([H:20])[H:21])([H:11])[C:2](=[O:1])[O:3][H:10])([H:12])[H:13])([H:14])[H:15])[H:17],,
3,0.05003700829801207,RESP2,PW6B95/cc-pV(D+d)Z,1.0,0.1,C,hf,4,[H:16][C:7]1([C:6]([C:5]([C:4]([C:9]([C:8]1([H:18])[H:19])([H:20])[H:21])([H:11])[C:2](=[O:1])[O:3][H:10])([H:12])[H:13])([H:14])[H:15])[H:17],,
4,-0.04401002190832845,RESP2,PW6B95/cc-pV(D+d)Z,1.0,0.1,C,hf,5,[H:16][C:7]1([C:6]([C:5]([C:4]([C:9]([C:8]1([H:18])[H:19])([H:20])[H:21])([H:11])[C:2](=[O:1])[O:3][H:10])([H:12])[H:13])([H:14])[H:15])[H:17],,
5,0.007629085336742566,RESP2,PW6B95/cc-pV(D+d)Z,1.0,0.1,C,hf,6,[H:16][C:7]1([C:6]([C:5]([C:4]([C:9]([C:8]1([H:18])[H:19])([H:20])[H:21])([H:11])[C:2](=[O:1])[O:3][H:10])([H:12])[H:13])([H:14])[H:15])[H:17],,
6,-0.025298600164186322,RESP2,PW6B95/cc-pV(D+d)Z,1.0,0.1,C,hf,7,[H:16][C:7]1([C:6]([C:5]([C:4]([C:9]([C:8]1([H:18])[H:19])([H:20])[H:21])([H:11])[C:2](=[O:1])[O:3][H:10])([H:12])[H:13])([H:14])[H:15])[H:17],,
7,0.031965930430948364,RESP2,PW6B95/cc-pV(D+d)Z,1.0,0.1,C,hf,8,[H:16][C:7]1([C:6]([C:5]([C:4]([C:9]([C:8]1([H:18])[H:19])([H:20])[H:21])([H:11])[C:2](=[O:1])[O:3][H:10])([H:12])[H:13])([H:14])[H:15])[H:17],,
8,-0.04220675968833942,RESP2,PW6B95/cc-pV(D+d)Z,1.0,0.1,C,hf,9,[H:16][C:7]1([C:6]([C:5]([C:4]([C:9]([C:8]1([H:18])[H:19])([H:20])[H:21])([H:11])[C:2](=[O:1])[O:3][H:10])([H:12])[H:13])([H:14])[H:15])[H:17],,
9,0.398347082443008,RESP2,PW6B95/cc-pV(D+d)Z,1.0,0.1,H,hf,10,[H:16][C:7]1([C:6]([C:5]([C:4]([C:9]([C:8]1([H:18])[H:19])([H:20])[H:21])([H:11])[C:2](=[O:1])[O:3][H:10])([H:12])[H:13])([H:14])[H:15])[H:17],,
10,0.014133325242767324,RESP2,PW6B95/cc-pV(D+d)Z,1.0,0.1,H,hf,11,[H:16][C:7]1([C:6]([C:5]([C:4]([C:9]([C:8]1([H:18])[H:19])([H:20])[H:21])([H:11])[C:2](=[O:1])[O:3][H:10])([H:12])[H:13])([H:14])[H:15])[H:17],,
11,0.020209827375526304,RESP2,PW6B95/cc-pV(D+d)Z,1.0,0.1,H,hf,12,[H:16][C:7]1([C:6]([C:5]([C:4]([C:9]([C:8]1([H:18])[H:19])([H:20])[H:21])([H:11])[C:2](=[O:1])[O:3][H:10])([H:12])[H:13])([H:14])[H:15])[H:17],,
12,0.015032554230719612,RESP2,PW6B95/cc-pV(D+d)Z,1.0,0.1,H,hf,13,[H:16][C:7]1([C:6]([C:5]([C:4]([C:9]([C:8]1([H:18])[H:19])([H:20])[H:21])([H:11])[C:2](=[O:1])[O:3][H:10])([H:12])[H:13])([H:14])[H:15])[H:17],,
13,0.006193321880261204,RESP2,PW6B95/cc-pV(D+d)Z,1.0,0.1,H,hf,14,[H:16][C:7]1([C:6]([C:5]([C:4]([C:9]([C:8]1([H:18])[H:19])([H:20])[H:21])([H:11])[C:2](=[O:1])[O:3][H:10])([H:12])[H:13])([H:14])[H:15])[H:17],,
14,0.006221534961320822,RESP2,PW6B95/cc-pV(D+d)Z,1.0,0.1,H,hf,15,[H:16][C:7]1([C:6]([C:5]([C:4]([C:9]([C:8]1([H:18])[H:19])([H:20])[H:21])([H:11])[C:2](=[O:1])[O:3][H:10])([H:12])[H:13])([H:14])[H:15])[H:17],,
15,0.005653581711192481,RESP2,PW6B95/cc-pV(D+d)Z,1.0,0.1,H,hf,16,[H:16][C:7]1([C:6]([C:5]([C:4]([C:9]([C:8]1([H:18])[H:19])([H:20])[H:21])([H:11])[C:2](=[O:1])[O:3][H:10])([H:12])[H:13])([H:14])[H:15])[H:17],,
16,0.010299727504692026,RESP2,PW6B95/cc-pV(D+d)Z,1.0,0.1,H,hf,17,[H:16][C:7]1([C:6]([C:5]([C:4]([C:9]([C:8]1([H:18])[H:19])([H:20])[H:21])([H:11])[C:2](=[O:1])[O:3][H:10])([H:12])[H:13])([H:14])[H:15])[H:17],,
17,-0.0012487552448460053,RESP2,PW6B95/cc-pV(D+d)Z,1.0,0.1,H,hf,18,[H:16][C:7]1([C:6]([C:5]([C:4]([C:9]([C:8]1([H:18])[H:19])([H:20])[H:21])([H:11])[C:2](=[O:1])[O:3][H:10])([H:12])[H:13])([H:14])[H:15])[H:17],,
18,-0.003941442581167827,RESP2,PW6B95/cc-pV(D+d)Z,1.0,0.1,H,hf,19,[H:16][C:7]1([C:6]([C:5]([C:4]([C:9]([C:8]1([H:18])[H:19])([H:20])[H:21])([H:11])[C:2](=[O:1])[O:3][H:10])([H:12])[H:13])([H:14])[H:15])[H:17],,
19,0.01648038079740426,RESP2,PW6B95/cc-pV(D+d)Z,1.0,0.1,H,hf,20,[H:16][C:7]1([C:6]([C:5]([C:4]([C:9]([C:8]1([H:18])[H:19])([H:20])[H:21])([H:11])[C:2](=[O:1])[O:3][H:10])([H:12])[H:13])([H:14])[H:15])[H:17],,
20,0.017043683302206628,RESP2,PW6B95/cc-pV(D+d)Z,1.0,0.1,H,hf,21,[H:16][C:7]1([C:6]([C:5]([C:4]([C:9]([C:8]1([H:18])[H:19])([H:20])[H:21])([H:11])[C:2](=[O:1])[O:3][H:10])([H:12])[H:13])([H:14])[H:15])[H:17],,
0,-0.4907218614531535,RESP2,PW6B95/cc-pV(D+d)Z,1.0,0.15000000000000002,O,hf,1,[H:16][C:7]1([C:6]([C:5]([C:4]([C:9]([C:8]1([H:18])[H:19])([H:20])[H:21])([H:11])[C:2](=[O:1])[O:3][H:10])([H:12])[H:13])([H:14])[H:15])[H:17],,
1,0.52859062568713,RESP2,PW6B95/cc-pV(D+d)Z,1.0,0.15000000000000002,C,hf,2,[H:16][C:7]1([C:6]([C:5]([C:4]([C:9]([C:8]1([H:18])[H:19])([H:20])[H:21])([H:11])[C:2](=[O:1])[O:3][H:10])([H:12])[H:13])([H:14])[H:15])[H:17],,
2,-0.5228449778832225,RESP2,PW6B95/cc-pV(D+d)Z,1.0,0.15000000000000002,O,hf,3,[H:16][C:7]1([C:6]([C:5]([C:4]([C:9]([C:8]1([H:18])[H:19])([H:20])[H:21])([H:11])[C:2](=[O:1])[O:3][H:10])([H:12])[H:13])([H:14])[H:15])[H:17],,
3,0.0486299921192542,RESP2,PW6B95/cc-pV(D+d)Z,1.0,0.15000000000000002,C,hf,4,[H:16][C:7]1([C:6]([C:5]([C:4]([C:9]([C:8]1([H:18])[H:19])([H:20])[H:21])([H:11])[C:2](=[O:1])[O:3][H:10])([H:12])[H:13])([H:14])[H:15])[H:17],,
4,-0.0435782413556425,RESP2,PW6B95/cc-pV(D+d)Z,1.0,0.15000000000000002,C,hf,5,[H:16][C:7]1([C:6]([C:5]([C:4]([C:9]([C:8]1([H:18])[H:19])([H:20])[H:21])([H:11])[C:2](=[O:1])[O:3][H:10])([H:12])[H:13])([H:14])[H:15])[H:17],,
5,0.007544773544323208,RESP2,PW6B95/cc-pV(D+d)Z,1.0,0.15000000000000002,C,hf,6,[H:16][C:7]1([C:6]([C:5]([C:4]([C:9]([C:8]1([H:18])[H:19])([H:20])[H:21])([H:11])[C:2](=[O:1])[O:3][H:10])([H:12])[H:13])([H:14])[H:15])[H:17],,
6,-0.022953441544363535,RESP2,PW6B95/cc-pV(D+d)Z,1.0,0.15000000000000002,C,hf,7,[H:16][C:7]1([C:6]([C:5]([C:4]([C:9]([C:8]1([H:18])[H:19])([H:20])[H:21])([H:11])[C:2](=[O:1])[O:3][H:10])([H:12])[H:13])([H:14])[H:15])[H:17],,
7,0.030164621375203853,RESP2,PW6B95/cc-pV(D+d)Z,1.0,0.15000000000000002,C,hf,8,[H:16][C:7]1([C:6]([C:5]([C:4]([C:9]([C:8]1([H:18])[H:19])([H:20])[H:21])([H:11])[C:2](=[O:1])[O:3][H:10])([H:12])[H:13])([H:14])[H:15])[H:17],,
8,-0.04092146773919862,RESP2,PW6B95/cc-pV(D+d)Z,1.0,0.15000000000000002,C,hf,9,[H:16][C:7]1([C:6]([C:5]([C:4]([C:9]([C:8]1([H:18])[H:19])([H:20])[H:21])([H:11])[C:2](=[O:1])[O:3][H:10])([H:12])[H:13])([H:14])[H:15])[H:17],,
9,0.40008008852038757,RESP2,PW6B95/cc-pV(D+d)Z,1.0,0.15000000000000002,H,hf,10,[H:16][C:7]1([C:6]([C:5]([C:4]([C:9]([C:8]1([H:18])[H:19])([H:20])[H:21])([H:11])[C:2](=[O:1])[O:3][H:10])([H:12])[H:13])([H:14])[H:15])[H:17],,
10,0.015080601156175117,RESP2,PW6B95/cc-pV(D+d)Z,1.0,0.15000000000000002,H,hf,11,[H:16][C:7]1([C:6]([C:5]([C:4]([C:9]([C:8]1([H:18])[H:19])([H:20])[H:21])([H:11])[C:2](=[O:1])[O:3][H:10])([H:12])[H:13])([H:14])[H:15])[H:17],,
11,0.020045582946790798,RESP2,PW6B95/cc-pV(D+d)Z,1.0,0.15000000000000002,H,hf,12,[H:16][C:7]1([C:6]([C:5]([C:4]([C:9]([C:8]1([H:18])[H:19])([H:20])[H:21])([H:11])[C:2](=[O:1])[O:3][H:10])([H:12])[H:13])([H:14])[H:15])[H:17],,
12,0.01523772246462395,RESP2,PW6B95/cc-pV(D+d)Z,1.0,0.15000000000000002,H,hf,13,[H:16][C:7]1([C:6]([C:5]([C:4]([C:9]([C:8]1([H:18])[H:19])([H:20])[H:21])([H:11])[C:2](=[O:1])[O:3][H:10])([H:12])[H:13])([H:14])[H:15])[H:17],,
13,0.0061162267212227055,RESP2,PW6B95/cc-pV(D+d)Z,1.0,0.15000000000000002,H,hf,14,[H:16][C:7]1([C:6]([C:5]([C:4]([C:9]([C:8]1([H:18])[H:19])([H:20])[H:21])([H:11])[C:2](=[O:1])[O:3][H:10])([H:12])[H:13])([H:14])[H:15])[H:17],,
14,0.0060228012223113294,RESP2,PW6B95/cc-pV(D+d)Z,1.0,0.15000000000000002,H,hf,15,[H:16][C:7]1([C:6]([C:5]([C:4]([C:9]([C:8]1([H:18])[H:19])([H:20])[H:21])([H:11])[C:2](=[O:1])[O:3][H:10])([H:12])[H:13])([H:14])[H:15])[H:17],,
15,0.005089751513540824,RESP2,PW6B95/cc-pV(D+d)Z,1.0,0.15000000000000002,H,hf,16,[H:16][C:7]1([C:6]([C:5]([C:4]([C:9]([C:8]1([H:18])[H:19])([H:20])[H:21])([H:11])[C:2](=[O:1])[O:3][H:10])([H:12])[H:13])([H:14])[H:15])[H:17],,
16,0.009701201685726872,RESP2,PW6B95/cc-pV(D+d)Z,1.0,0.15000000000000002,H,hf,17,[H:16][C:7]1([C:6]([C:5]([C:4]([C:9]([C:8]1([H:18])[H:19])([H:20])[H:21])([H:11])[C:2](=[O:1])[O:3][H:10])([H:12])[H:13])([H:14])[H:15])[H:17],,
17,-0.0008096995549154705,RESP2,PW6B95/cc-pV(D+d)Z,1.0,0.15000000000000002,H,hf,18,[H:16][C:7]1([C:6]([C:5]([C:4]([C:9]([C:8]1([H:18])[H:19])([H:20])[H:21])([H:11])[C:2](=[O:1])[O:3][H:10])([H:12])[H:13])([H:14])[H:15])[H:17],,
18,-0.003523335797103892,RESP2,PW6B95/cc-pV(D+d)Z,1.0,0.15000000000000002,H,hf,19,[H:16][C:7]1([C:6]([C:5]([C:4]([C:9]([C:8]1([H:18])[H:19])([H:20])[H:21])([H:11])[C:2](=[O:1])[O:3][H:10])([H:12])[H:13])([H:14])[H:15])[H:17],,
19,0.01620790335772138,RESP2,PW6B95/cc-pV(D+d)Z,1.0,0.15000000000000002,H,hf,20,[H:16][C:7]1([C:6]([C:5]([C:4]([C:9]([C:8]1([H:18])[H:19])([H:20])[H:21])([H:11])[C:2](=[O:1])[O:3][H:10])([H:12])[H:13])([H:14])[H:15])[H:17],,
20,0.01684113301318815,RESP2,PW6B95/cc-pV(D+d)Z,1.0,0.15000000000000002,H,hf,21,[H:16][C:7]1([C:6]([C:5]([C:4]([C:9]([C:8]1([H:18])[H:19])([H:20])[H:21])([H:11])[C:2](=[O:1])[O:3][H:10])([H:12])[H:13])([H:14])[H:15])[H:17],,
0,-0.4937445549283309,RESP2,PW6B95/cc-pV(D+d)Z,1.0,0.2,O,hf,1,[H:16][C:7]1([C:6]([C:5]([C:4]([C:9]([C:8]1([H:18])[H:19])([H:20])[H:21])([H:11])[C:2](=[O:1])[O:3][H:10])([H:12])[H:13])([H:14])[H:15])[H:17],,
1,0.5302599277722139,RESP2,PW6B95/cc-pV(D+d)Z,1.0,0.2,C,hf,2,[H:16][C:7]1([C:6]([C:5]([C:4]([C:9]([C:8]1([H:18])[H:19])([H:20])[H:21])([H:11])[C:2](=[O:1])[O:3][H:10])([H:12])[H:13])([H:14])[H:15])[H:17],,
2,-0.5239263362144416,RESP2,PW6B95/cc-pV(D+d)Z,1.0,0.2,O,hf,3,[H:16][C:7]1([C:6]([C:5]([C:4]([C:9]([C:8]1([H:18])[H:19])([H:20])[H:21])([H:11])[C:2](=[O:1])[O:3][H:10])([H:12])[H:13])([H:14])[H:15])[H:17],,
3,0.047222975940496334,RESP2,PW6B95/cc-pV(D+d)Z,1.0,0.2,C,hf,4,[H:16][C:7]1([C:6]([C:5]([C:4]([C:9]([C:8]1([H:18])[H:19])([H:20])[H:21])([H:11])[C:2](=[O:1])[O:3][H:10])([H:12])[H:13])([H:14])[H:15])[H:17],,
4,-0.04314646080295655,RESP2,PW6B95/cc-pV(D+d)Z,1.0,0.2,C,hf,5,[H:16][C:7]1([C:6]([C:5]([C:4]([C:9]([C:8]1([H:18])[H:19])([H:20])[H:21])([H:11])[C:2](=[O:1])[O:3][H:10])([H:12])[H:13])([H:14])[H:15])[H:17],,
5,0.007460461751903867,RESP2,PW6B95/cc-pV(D+d)Z,1.0,0.2,C,hf,6,[H:16][C:7]1([C:6]([C:5]([C:4]([C:9]([C:8]1([H:18])[H:19])([H:20])[H:21])([H:11])[C:2](=[O:1])[O:3][H:10])([H:12])[H:13])([H:14])[H:15])[H:17],,
6,-0.020608282924540734,RESP2,PW6B95/cc-pV(D+d)Z,1.0,0.2,C,hf,7,[H:16][C:7]1([C:6]([C:5]([C:4]([C:9]([C:8]1([H:18])[H:19])([H:20])[H:21])([H:11])[C:2](=[O:1])[O:3][H:10])([H:12])[H:13])([H:14])[H:15])[H:17],,
7,0.028363312319459356,RESP2,PW6B95/cc-pV(D+d)Z,1.0,0.2,C,hf,8,[H:16][C:7]1([C:6]([C:5]([C:4]([C:9]([C:8]1([H:18])[H:19])([H:20])[H:21])([H:11])[C:2](=[O:1])[O:3][H:10])([H:12])[H:13])([H:14])[H:15])[H:17],,
8,-0.03963617579005783,RESP2,PW6B95/cc-pV(D+d)Z,1.0,0.2,C,hf,9,[H:16][C:7]1([C:6]([C:5]([C:4]([C:9]([C:8]1([H:18])[H:19])([H:20])[H:21])([H:11])[C:2](=[O:1])[O:3][H:10])([H:12])[H:13])([H:14])[H:15])[H:17],,
9,0.4018130945977673,RESP2,PW6B95/cc-pV(D+d)Z,1.0,0.2,H,hf,10,[H:16][C:7]1([C:6]([C:5]([C:4]([C:9]([C:8]1([H:18])[H:19])([H:20])[H:21])([H:11])[C:2](=[O:1])[O:3][H:10])([H:12])[H:13])([H:14])[H:15])[H:17],,
10,0.016027877069582926,RESP2,PW6B95/cc-pV(D+d)Z,1.0,0.2,H,hf,11,[H:16][C:7]1([C:6]([C:5]([C:4]([C:9]([C:8]1([H:18])[H:19])([H:20])[H:21])([H:11])[C:2](=[O:1])[O:3][H:10])([H:12])[H:13])([H:14])[H:15])[H:17],,
11,0.01988133851805531,RESP2,PW6B95/cc-pV(D+d)Z,1.0,0.2,H,hf,12,[H:16][C:7]1([C:6]([C:5]([C:4]([C:9]([C:8]1([H:18])[H:19])([H:20])[H:21])([H:11])[C:2](=[O:1])[O:3][H:10])([H:12])[H:13])([H:14])[H:15])[H:17],,
12,0.015442890698528307,RESP2,PW6B95/cc-pV(D+d)Z,1.0,0.2,H,hf,13,[H:16][C:7]1([C:6]([C:5]([C:4]([C:9]([C:8]1([H:18])[H:19])([H:20])[H:21])([H:11])[C:2](=[O:1])[O:3][H:10])([H:12])[H:13])([H:14])[H:15])[H:17],,
13,0.006039131562184224,RESP2,PW6B95/cc-pV(D+d)Z,1.0,0.2,H,hf,14,[H:16][C:7]1([C:6]([C:5]([C:4]([C:9]([C:8]1([H:18])[H:19])([H:20])[H:21])([H:11])[C:2](=[O:1])[O:3][H:10])([H:12])[H:13])([H:14])[H:15])[H:17],,
14,0.005824067483301851,RESP2,PW6B95/cc-pV(D+d)Z,1.0,0.2,H,hf,15,[H:16][C:7]1([C:6]([C:5]([C:4]([C:9]([C:8]1([H:18])[H:19])([H:20])[H:21])([H:11])[C:2](=[O:1])[O:3][H:10])([H:12])[H:13])([H:14])[H:15])[H:17],,
15,0.0045259213158891825,RESP2,PW6B95/cc-pV(D+d)Z,1.0,0.2,H,hf,16,[H:16][C:7]1([C:6]([C:5]([C:4]([C:9]([C:8]1([H:18])[H:19])([H:20])[H:21])([H:11])[C:2](=[O:1])[O:3][H:10])([H:12])[H:13])([H:14])[H:15])[H:17],,
16,0.009102675866761736,RESP2,PW6B95/cc-pV(D+d)Z,1.0,0.2,H,hf,17,[H:16][C:7]1([C:6]([C:5]([C:4]([C:9]([C:8]1([H:18])[H:19])([H:20])[H:21])([H:11])[C:2](=[O:1])[O:3][H:10])([H:12])[H:13])([H:14])[H:15])[H:17],,
17,-0.00037064386498492097,RESP2,PW6B95/cc-pV(D+d)Z,1.0,0.2,H,hf,18,[H:16][C:7]1([C:6]([C:5]([C:4]([C:9]([C:8]1([H:18])[H:19])([H:20])[H:21])([H:11])[C:2](=[O:1])[O:3][H:10])([H:12])[H:13])([H:14])[H:15])[H:17],,
18,-0.003105229013039942,RESP2,PW6B95/cc-pV(D+d)Z,1.0,0.2,H,hf,19,[H:16][C:7]1([C:6]([C:5]([C:4]([C:9]([C:8]1([H:18])[H:19])([H:20])[H:21])([H:11])[C:2](=[O:1])[O:3][H:10])([H:12])[H:13])([H:14])[H:15])[H:17],,
19,0.015935425918038516,RESP2,PW6B95/cc-pV(D+d)Z,1.0,0.2,H,hf,20,[H:16][C:7]1([C:6]([C:5]([C:4]([C:9]([C:8]1([H:18])[H:19])([H:20])[H:21])([H:11])[C:2](=[O:1])[O:3][H:10])([H:12])[H:13])([H:14])[H:15])[H:17],,
20,0.01663858272416969,RESP2,PW6B95/cc-pV(D+d)Z,1.0,0.2,H,hf,21,[H:16][C:7]1([C:6]([C:5]([C:4]([C:9]([C:8]1([H:18])[H:19])([H:20])[H:21])([H:11])[C:2](=[O:1])[O:3][H:10])([H:12])[H:13])([H:14])[H:15])[H:17],,
0,-0.4967672484035082,RESP2,PW6B95/cc-pV(D+d)Z,1.0,0.25,O,hf,1,[H:16][C:7]1([C:6]([C:5]([C:4]([C:9]([C:8]1([H:18])[H:19])([H:20])[H:21])([H:11])[C:2](=[O:1])[O:3][H:10])([H:12])[H:13])([H:14])[H:15])[H:17],,
1,0.5319292298572978,RESP2,PW6B95/cc-pV(D+d)Z,1.0,0.25,C,hf,2,[H:16][C:7]1([C:6]([C:5]([C:4]([C:9]([C:8]1([H:18])[H:19])([H:20])[H:21])([H:11])[C:2](=[O:1])[O:3][H:10])([H:12])[H:13])([H:14])[H:15])[H:17],,
2,-0.5250076945456607,RESP2,PW6B95/cc-pV(D+d)Z,1.0,0.25,O,hf,3,[H:16][C:7]1([C:6]([C:5]([C:4]([C:9]([C:8]1([H:18])[H:19])([H:20])[H:21])([H:11])[C:2](=[O:1])[O:3][H:10])([H:12])[H:13])([H:14])[H:15])[H:17],,
3,0.04581595976173847,RESP2,PW6B95/cc-pV(D+d)Z,1.0,0.25,C,hf,4,[H:16][C:7]1([C:6]([C:5]([C:4]([C:9]([C:8]1([H:18])[H:19])([H:20])[H:21])([H:11])[C:2](=[O:1])[O:3][H:10])([H:12])[H:13])([H:14])[H:15])[H:17],,
4,-0.0427146802502706,RESP2,PW6B95/cc-pV(D+d)Z,1.0,0.25,C,hf,5,[H:16][C:7]1([C:6]([C:5]([C:4]([C:9]([C:8]1([H:18])[H:19])([H:20])[H:21])([H:11])[C:2](=[O:1])[O:3][H:10])([H:12])[H:13])([H:14])[H:15])[H:17],,
5,0.007376149959484518,RESP2,PW6B95/cc-pV(D+d)Z,1.0,0.25,C,hf,6,[H:16][C:7]1([C:6]([C:5]([C:4]([C:9]([C:8]1([H:18])[H:19])([H:20])[H:21])([H:11])[C:2](=[O:1])[O:3][H:10])([H:12])[H:13])([H:14])[H:15])[H:17],,
6,-0.018263124304717937,RESP2,PW6B95/cc-pV(D+d)Z,1.0,0.25,C,hf,7,[H:16][C:7]1([C:6]([C:5]([C:4]([C:9]([C:8]1([H:18])[H:19])([H:20])[H:21])([H:11])[C:2](=[O:1])[O:3][H:10])([H:12])[H:13])([H:14])[H:15])[H:17],,
7,0.026562003263714853,RESP2,PW6B95/cc-pV(D+d)Z,1.0,0.25,C,hf,8,[H:16][C:7]1([C:6]([C:5]([C:4]([C:9]([C:8]1([H:18])[H:19])([H:20])[H:21])([H:11])[C:2](=[O:1])[O:3][H:10])([H:12])[H:13])([H:14])[H:15])[H:17],,
8,-0.038350883840917026,RESP2,PW6B95/cc-pV(D+d)Z,1.0,0.25,C,hf,9,[H:16][C:7]1([C:6]([C:5]([C:4]([C:9]([C:8]1([H:18])[H:19])([H:20])[H:21])([H:11])[C:2](=[O:1])[O:3][H:10])([H:12])[H:13])([H:14])[H:15])[H:17],,
9,0.40354610067514685,RESP2,PW6B95/cc-pV(D+d)Z,1.0,0.25,H,hf,10,[H:16][C:7]1([C:6]([C:5]([C:4]([C:9]([C:8]1([H:18])[H:19])([H:20])[H:21])([H:11])[C:2](=[O:1])[O:3][H:10])([H:12])[H:13])([H:14])[H:15])[H:17],,
10,0.01697515298299073,RESP2,PW6B95/cc-pV(D+d)Z,1.0,0.25,H,hf,11,[H:16][C:7]1([C:6]([C:5]([C:4]([C:9]([C:8]1([H:18])[H:19])([H:20])[H:21])([H:11])[C:2](=[O:1])[O:3][H:10])([H:12])[H:13])([H:14])[H:15])[H:17],,
11,0.019717094089319816,RESP2,PW6B95/cc-pV(D+d)Z,1.0,0.25,H,hf,12,[H:16][C:7]1([C:6]([C:5]([C:4]([C:9]([C:8]1([H:18])[H:19])([H:20])[H:21])([H:11])[C:2](=[O:1])[O:3][H:10])([H:12])[H:13])([H:14])[H:15])[H:17],,
12,0.015648058932432655,RESP2,PW6B95/cc-pV(D+d)Z,1.0,0.25,H,hf,13,[H:16][C:7]1([C:6]([C:5]([C:4]([C:9]([C:8]1([H:18])[H:19])([H:20])[H:21])([H:11])[C:2](=[O:1])[O:3][H:10])([H:12])[H:13])([H:14])[H:15])[H:17],,
13,0.005962036403145733,RESP2,PW6B95/cc-pV(D+d)Z,1.0,0.25,H,hf,14,[H:16][C:7]1([C:6]([C:5]([C:4]([C:9]([C:8]1([H:18])[H:19])([H:20])[H:21])([H:11])[C:2](=[O:1])[O:3][H:10])([H:12])[H:13])([H:14])[H:15])[H:17],,
14,0.005625333744292366,RESP2,PW6B95/cc-pV(D+d)Z,1.0,0.25,H,hf,15,[H:16][C:7]1([C:6]([C:5]([C:4]([C:9]([C:8]1([H:18])[H:19])([H:20])[H:21])([H:11])[C:2](=[O:1])[O:3][H:10])([H:12])[H:13])([H:14])[H:15])[H:17],,
15,0.0039620911182375335,RESP2,PW6B95/cc-pV(D+d)Z,1.0,0.25,H,hf,16,[H:16][C:7]1([C:6]([C:5]([C:4]([C:9]([C:8]1([H:18])[H:19])([H:20])[H:21])([H:11])[C:2](=[O:1])[O:3][H:10])([H:12])[H:13])([H:14])[H:15])[H:17],,
16,0.00850415004779659,RESP2,PW6B95/cc-pV(D+d)Z,1.0,0.25,H,hf,17,[H:16][C:7]1([C:6]([C:5]([C:4]([C:9]([C:8]1([H:18])[H:19])([H:20])[H:21])([H:11])[C:2](=[O:1])[O:3][H:10])([H:12])[H:13])([H:14])[H:15])[H:17],,
17,6.841182494562194e-05,RESP2,PW6B95/cc-pV(D+d)Z,1.0,0.25,H,hf,18,[H:16][C:7]1([C:6]([C:5]([C:4]([C:9]([C:8]1([H:18])[H:19])([H:20])[H:21])([H:11])[C:2](=[O:1])[O:3][H:10])([H:12])[H:13])([H:14])[H:15])[H:17],,
18,-0.0026871222289759993,RESP2,PW6B95/cc-pV(D+d)Z,1.0,0.25,H,hf,19,[H:16][C:7]1([C:6]([C:5]([C:4]([C:9]([C:8]1([H:18])[H:19])([H:20])[H:21])([H:11])[C:2](=[O:1])[O:3][H:10])([H:12])[H:13])([H:14])[H:15])[H:17],,
19,0.01566294847835565,RESP2,PW6B95/cc-pV(D+d)Z,1.0,0.25,H,hf,20,[H:16][C:7]1([C:6]([C:5]([C:4]([C:9]([C:8]1([H:18])[H:19])([H:20])[H:21])([H:11])[C:2](=[O:1])[O:3][H:10])([H:12])[H:13])([H:14])[H:15])[H:17],,
20,0.016436032435151224,RESP2,PW6B95/cc-pV(D+d)Z,1.0,0.25,H,hf,21,[H:16][C:7]1([C:6]([C:5]([C:4]([C:9]([C:8]1([H:18])[H:19])([H:20])[H:21])([H:11])[C:2](=[O:1])[O:3][H:10])([H:12])[H:13])([H:14])[H:15])[H:17],,
0,-0.49978994187868564,RESP2,PW6B95/cc-pV(D+d)Z,1.0,0.30000000000000004,O,hf,1,[H:16][C:7]1([C:6]([C:5]([C:4]([C:9]([C:8]1([H:18])[H:19])([H:20])[H:21])([H:11])[C:2](=[O:1])[O:3][H:10])([H:12])[H:13])([H:14])[H:15])[H:17],,
1,0.5335985319423817,RESP2,PW6B95/cc-pV(D+d)Z,1.0,0.30000000000000004,C,hf,2,[H:16][C:7]1([C:6]([C:5]([C:4]([C:9]([C:8]1([H:18])[H:19])([H:20])[H:21])([H:11])[C:2](=[O:1])[O:3][H:10])([H:12])[H:13])([H:14])[H:15])[H:17],,
2,-0.5260890528768797,RESP2,PW6B95/cc-pV(D+d)Z,1.0,0.30000000000000004,O,hf,3,[H:16][C:7]1([C:6]([C:5]([C:4]([C:9]([C:8]1([H:18])[H:19])([H:20])[H:21])([H:11])[C:2](=[O:1])[O:3][H:10])([H:12])[H:13])([H:14])[H:15])[H:17],,
3,0.0444089435829806,RESP2,PW6B95/cc-pV(D+d)Z,1.0,0.30000000000000004,C,hf,4,[H:16][C:7]1([C:6]([C:5]([C:4]([C:9]([C:8]1([H:18])[H:19])([H:20])[H:21])([H:11])[C:2](=[O:1])[O:3][H:10])([H:12])[H:13])([H:14])[H:15])[H:17],,
4,-0.04228289969758465,RESP2,PW6B95/cc-pV(D+d)Z,1.0,0.30000000000000004,C,hf,5,[H:16][C:7]1([C:6]([C:5]([C:4]([C:9]([C:8]1([H:18])[H:19])([H:20])[H:21])([H:11])[C:2](=[O:1])[O:3][H:10])([H:12])[H:13])([H:14])[H:15])[H:17],,
5,0.0072918381670651735,RESP2,PW6B95/cc-pV(D+d)Z,1.0,0.30000000000000004,C,hf,6,[H:16][C:7]1([C:6]([C:5]([C:4]([C:9]([C:8]1([H:18])[H:19])([H:20])[H:21])([H:11])[C:2](=[O:1])[O:3][H:10])([H:12])[H:13])([H:14])[H:15])[H:17],,
6,-0.01591796568489514,RESP2,PW6B95/cc-pV(D+d)Z,1.0,0.30000000000000004,C,hf,7,[H:16][C:7]1([C:6]([C:5]([C:4]([C:9]([C:8]1([H:18])[H:19])([H:20])[H:21])([H:11])[C:2](=[O:1])[O:3][H:10])([H:12])[H:13])([H:14])[H:15])[H:17],,
7,0.02476069420797035,RESP2,PW6B95/cc-pV(D+d)Z,1.0,0.30000000000000004,C,hf,8,[H:16][C:7]1([C:6]([C:5]([C:4]([C:9]([C:8]1([H:18])[H:19])([H:20])[H:21])([H:11])[C:2](=[O:1])[O:3][H:10])([H:12])[H:13])([H:14])[H:15])[H:17],,
8,-0.037065591891776224,RESP2,PW6B95/cc-pV(D+d)Z,1.0,0.30000000000000004,C,hf,9,[H:16][C:7]1([C:6]([C:5]([C:4]([C:9]([C:8]1([H:18])[H:19])([H:20])[H:21])([H:11])[C:2](=[O:1])[O:3][H:10])([H:12])[H:13])([H:14])[H:15])[H:17],,
9,0.40527910675252654,RESP2,PW6B95/cc-pV(D+d)Z,1.0,0.30000000000000004,H,hf,10,[H:16][C:7]1([C:6]([C:5]([C:4]([C:9]([C:8]1([H:18])[H:19])([H:20])[H:21])([H:11])[C:2](=[O:1])[O:3][H:10])([H:12])[H:13])([H:14])[H:15])[H:17],,
10,0.017922428896398536,RESP2,PW6B95/cc-pV(D+d)Z,1.0,0.30000000000000004,H,hf,11,[H:16][C:7]1([C:6]([C:5]([C:4]([C:9]([C:8]1([H:18])[H:19])([H:20])[H:21])([H:11])[C:2](=[O:1])[O:3][H:10])([H:12])[H:13])([H:14])[H:15])[H:17],,
11,0.019552849660584324,RESP2,PW6B95/cc-pV(D+d)Z,1.0,0.30000000000000004,H,hf,12,[H:16][C:7]1([C:6]([C:5]([C:4]([C:9]([C:8]1([H:18])[H:19])([H:20])[H:21])([H:11])[C:2](=[O:1])[O:3][H:10])([H:12])[H:13])([H:14])[H:15])[H:17],,
12,0.015853227166337004,RESP2,PW6B95/cc-pV(D+d)Z,1.0,0.30000000000000004,H,hf,13,[H:16][C:7]1([C:6]([C:5]([C:4]([C:9]([C:8]1([H:18])[H:19])([H:20])[H:21])([H:11])[C:2](=[O:1])[O:3][H:10])([H:12])[H:13])([H:14])[H:15])[H:17],,
13,0.005884941244107248,RESP2,PW6B95/cc-pV(D+d)Z,1.0,0.30000000000000004,H,hf,14,[H:16][C:7]1([C:6]([C:5]([C:4]([C:9]([C:8]1([H:18])[H:19])([H:20])[H:21])([H:11])[C:2](=[O:1])[O:3][H:10])([H:12])[H:13])([H:14])[H:15])[H:17],,
14,0.005426600005282885,RESP2,PW6B95/cc-pV(D+d)Z,1.0,0.30000000000000004,H,hf,15,[H:16][C:7]1([C:6]([C:5]([C:4]([C:9]([C:8]1([H:18])[H:19])([H:20])[H:21])([H:11])[C:2](=[O:1])[O:3][H:10])([H:12])[H:13])([H:14])[H:15])[H:17],,
15,0.0033982609205858876,RESP2,PW6B95/cc-pV(D+d)Z,1.0,0.30000000000000004,H,hf,16,[H:16][C:7]1([C:6]([C:5]([C:4]([C:9]([C:8]1([H:18])[H:19])([H:20])[H:21])([H:11])[C:2](=[O:1])[O:3][H:10])([H:12])[H:13])([H:14])[H:15])[H:17],,
16,0.00790562422883145,RESP2,PW6B95/cc-pV(D+d)Z,1.0,0.30000000000000004,H,hf,17,[H:16][C:7]1([C:6]([C:5]([C:4]([C:9]([C:8]1([H:18])[H:19])([H:20])[H:21])([H:11])[C:2](=[O:1])[O:3][H:10])([H:12])[H:13])([H:14])[H:15])[H:17],,
17,0.0005074675148761697,RESP2,PW6B95/cc-pV(D+d)Z,1.0,0.30000000000000004,H,hf,18,[H:16][C:7]1([C:6]([C:5]([C:4]([C:9]([C:8]1([H:18])[H:19])([H:20])[H:21])([H:11])[C:2](=[O:1])[O:3][H:10])([H:12])[H:13])([H:14])[H:15])[H:17],,
18,-0.0022690154449120513,RESP2,PW6B95/cc-pV(D+d)Z,1.0,0.30000000000000004,H,hf,19,[H:16][C:7]1([C:6]([C:5]([C:4]([C:9]([C:8]1([H:18])[H:19])([H:20])[H:21])([H:11])[C:2](=[O:1])[O:3][H:10])([H:12])[H:13])([H:14])[H:15])[H:17],,
19,0.01539047103867278,RESP2,PW6B95/cc-pV(D+d)Z,1.0,0.30000000000000004,H,hf,20,[H:16][C:7]1([C:6]([C:5]([C:4]([C:9]([C:8]1([H:18])[H:19])([H:20])[H:21])([H:11])[C:2](=[O:1])[O:3][H:10])([H:12])[H:13])([H:14])[H:15])[H:17],,
20,0.01623348214613276,RESP2,PW6B95/cc-pV(D+d)Z,1.0,0.30000000000000004,H,hf,21,[H:16][C:7]1([C:6]([C:5]([C:4]([C:9]([C:8]1([H:18])[H:19])([H:20])[H:21])([H:11])[C:2](=[O:1])[O:3][H:10])([H:12])[H:13])([H:14])[H:15])[H:17],,
0,-0.502812635353863,RESP2,PW6B95/cc-pV(D+d)Z,1.0,0.35000000000000003,O,hf,1,[H:16][C:7]1([C:6]([C:5]([C:4]([C:9]([C:8]1([H:18])[H:19])([H:20])[H:21])([H:11])[C:2](=[O:1])[O:3][H:10])([H:12])[H:13])([H:14])[H:15])[H:17],,
1,0.5352678340274656,RESP2,PW6B95/cc-pV(D+d)Z,1.0,0.35000000000000003,C,hf,2,[H:16][C:7]1([C:6]([C:5]([C:4]([C:9]([C:8]1([H:18])[H:19])([H:20])[H:21])([H:11])[C:2](=[O:1])[O:3][H:10])([H:12])[H:13])([H:14])[H:15])[H:17],,
2,-0.5271704112080988,RESP2,PW6B95/cc-pV(D+d)Z,1.0,0.35000000000000003,O,hf,3,[H:16][C:7]1([C:6]([C:5]([C:4]([C:9]([C:8]1([H:18])[H:19])([H:20])[H:21])([H:11])[C:2](=[O:1])[O:3][H:10])([H:12])[H:13])([H:14])[H:15])[H:17],,
3,0.043001927404222734,RESP2,PW6B95/cc-pV(D+d)Z,1.0,0.35000000000000003,C,hf,4,[H:16][C:7]1([C:6]([C:5]([C:4]([C:9]([C:8]1([H:18])[H:19])([H:20])[H:21])([H:11])[C:2](=[O:1])[O:3][H:10])([H:12])[H:13])([H:14])[H:15])[H:17],,
4,-0.041851119144898696,RESP2,PW6B95/cc-pV(D+d)Z,1.0,0.35000000000000003,C,hf,5,[H:16][C:7]1([C:6]([C:5]([C:4]([C:9]([C:8]1([H:18])[H:19])([H:20])[H:21])([H:11])[C:2](=[O:1])[O:3][H:10])([H:12])[H:13])([H:14])[H:15])[H:17],,
5,0.007207526374645826,RESP2,PW6B95/cc-pV(D+d)Z,1.0,0.35000000000000003,C,hf,6,[H:16][C:7]1([C:6]([C:5]([C:4]([C:9]([C:8]1([H:18])[H:19])([H:20])[H:21])([H:11])[C:2](=[O:1])[O:3][H:10])([H:12])[H:13])([H:14])[H:15])[H:17],,
6,-0.013572807065072337,RESP2,PW6B95/cc-pV(D+d)Z,1.0,0.35000000000000003,C,hf,7,[H:16][C:7]1([C:6]([C:5]([C:4]([C:9]([C:8]1([H:18])[H:19])([H:20])[H:21])([H:11])[C:2](=[O:1])[O:3][H:10])([H:12])[H:13])([H:14])[H:15])[H:17],,
7,0.02295938515222585,RESP2,PW6B95/cc-pV(D+d)Z,1.0,0.35000000000000003,C,hf,8,[H:16][C:7]1([C:6]([C:5]([C:4]([C:9]([C:8]1([H:18])[H:19])([H:20])[H:21])([H:11])[C:2](=[O:1])[O:3][H:10])([H:12])[H:13])([H:14])[H:15])[H:17],,
8,-0.03578029994263542,RESP2,PW6B95/cc-pV(D+d)Z,1.0,0.35000000000000003,C,hf,9,[H:16][C:7]1([C:6]([C:5]([C:4]([C:9]([C:8]1([H:18])[H:19])([H:20])[H:21])([H:11])[C:2](=[O:1])[O:3][H:10])([H:12])[H:13])([H:14])[H:15])[H:17],,
9,0.4070121128299061,RESP2,PW6B95/cc-pV(D+d)Z,1.0,0.35000000000000003,H,hf,10,[H:16][C:7]1([C:6]([C:5]([C:4]([C:9]([C:8]1([H:18])[H:19])([H:20])[H:21])([H:11])[C:2](=[O:1])[O:3][H:10])([H:12])[H:13])([H:14])[H:15])[H:17],,
10,0.01886970480980634,RESP2,PW6B95/cc-pV(D+d)Z,1.0,0.35000000000000003,H,hf,11,[H:16][C:7]1([C:6]([C:5]([C:4]([C:9]([C:8]1([H:18])[H:19])([H:20])[H:21])([H:11])[C:2](=[O:1])[O:3][H:10])([H:12])[H:13])([H:14])[H:15])[H:17],,
11,0.019388605231848828,RESP2,PW6B95/cc-pV(D+d)Z,1.0,0.35000000000000003,H,hf,12,[H:16][C:7]1([C:6]([C:5]([C:4]([C:9]([C:8]1([H:18])[H:19])([H:20])[H:21])([H:11])[C:2](=[O:1])[O:3][H:10])([H:12])[H:13])([H:14])[H:15])[H:17],,
12,0.016058395400241354,RESP2,PW6B95/cc-pV(D+d)Z,1.0,0.35000000000000003,H,hf,13,[H:16][C:7]1([C:6]([C:5]([C:4]([C:9]([C:8]1([H:18])[H:19])([H:20])[H:21])([H:11])[C:2](=[O:1])[O:3][H:10])([H:12])[H:13])([H:14])[H:15])[H:17],,
13,0.0058078460850687595,RESP2,PW6B95/cc-pV(D+d)Z,1.0,0.35000000000000003,H,hf,14,[H:16][C:7]1([C:6]([C:5]([C:4]([C:9]([C:8]1([H:18])[H:19])([H:20])[H:21])([H:11])[C:2](=[O:1])[O:3][H:10])([H:12])[H:13])([H:14])[H:15])[H:17],,
14,0.005227866266273402,RESP2,PW6B95/cc-pV(D+d)Z,1.0,0.35000000000000003,H,hf,15,[H:16][C:7]1([C:6]([C:5]([C:4]([C:9]([C:8]1([H:18])[H:19])([H:20])[H:21])([H:11])[C:2](=[O:1])[O:3][H:10])([H:12])[H:13])([H:14])[H:15])[H:17],,
15,0.002834430722934241,RESP2,PW6B95/cc-pV(D+d)Z,1.0,0.35000000000000003,H,hf,16,[H:16][C:7]1([C:6]([C:5]([C:4]([C:9]([C:8]1([H:18])[H:19])([H:20])[H:21])([H:11])[C:2](=[O:1])[O:3][H:10])([H:12])[H:13])([H:14])[H:15])[H:17],,
16,0.007307098409866308,RESP2,PW6B95/cc-pV(D+d)Z,1.0,0.35000000000000003,H,hf,17,[H:16][C:7]1([C:6]([C:5]([C:4]([C:9]([C:8]1([H:18])[H:19])([H:20])[H:21])([H:11])[C:2](=[O:1])[O:3][H:10])([H:12])[H:13])([H:14])[H:15])[H:17],,
17,0.0009465232048067143,RESP2,PW6B95/cc-pV(D+d)Z,1.0,0.35000000000000003,H,hf,18,[H:16][C:7]1([C:6]([C:5]([C:4]([C:9]([C:8]1([H:18])[H:19])([H:20])[H:21])([H:11])[C:2](=[O:1])[O:3][H:10])([H:12])[H:13])([H:14])[H:15])[H:17],,
18,-0.001850908660848106,RESP2,PW6B95/cc-pV(D+d)Z,1.0,0.35000000000000003,H,hf,19,[H:16][C:7]1([C:6]([C:5]([C:4]([C:9]([C:8]1([H:18])[H:19])([H:20])[H:21])([H:11])[C:2](=[O:1])[O:3][H:10])([H:12])[H:13])([H:14])[H:15])[H:17],,
19,0.015117993598989911,RESP2,PW6B95/cc-pV(D+d)Z,1.0,0.35000000000000003,H,hf,20,[H:16][C:7]1([C:6]([C:5]([C:4]([C:9]([C:8]1([H:18])[H:19])([H:20])[H:21])([H:11])[C:2](=[O:1])[O:3][H:10])([H:12])[H:13])([H:14])[H:15])[H:17],,
20,0.01603093185711429,RESP2,PW6B95/cc-pV(D+d)Z,1.0,0.35000000000000003,H,hf,21,[H:16][C:7]1([C:6]([C:5]([C:4]([C:9]([C:8]1([H:18])[H:19])([H:20])[H:21])([H:11])[C:2](=[O:1])[O:3][H:10])([H:12])[H:13])([H:14])[H:15])[H:17],,
0,-0.5058353288290404,RESP2,PW6B95/cc-pV(D+d)Z,1.0,0.4,O,hf,1,[H:16][C:7]1([C:6]([C:5]([C:4]([C:9]([C:8]1([H:18])[H:19])([H:20])[H:21])([H:11])[C:2](=[O:1])[O:3][H:10])([H:12])[H:13])([H:14])[H:15])[H:17],,
1,0.5369371361125497,RESP2,PW6B95/cc-pV(D+d)Z,1.0,0.4,C,hf,2,[H:16][C:7]1([C:6]([C:5]([C:4]([C:9]([C:8]1([H:18])[H:19])([H:20])[H:21])([H:11])[C:2](=[O:1])[O:3][H:10])([H:12])[H:13])([H:14])[H:15])[H:17],,
2,-0.5282517695393179,RESP2,PW6B95/cc-pV(D+d)Z,1.0,0.4,O,hf,3,[H:16][C:7]1([C:6]([C:5]([C:4]([C:9]([C:8]1([H:18])[H:19])([H:20])[H:21])([H:11])[C:2](=[O:1])[O:3][H:10])([H:12])[H:13])([H:14])[H:15])[H:17],,
3,0.041594911225464874,RESP2,PW6B95/cc-pV(D+d)Z,1.0,0.4,C,hf,4,[H:16][C:7]1([C:6]([C:5]([C:4]([C:9]([C:8]1([H:18])[H:19])([H:20])[H:21])([H:11])[C:2](=[O:1])[O:3][H:10])([H:12])[H:13])([H:14])[H:15])[H:17],,
4,-0.041419338592212744,RESP2,PW6B95/cc-pV(D+d)Z,1.0,0.4,C,hf,5,[H:16][C:7]1([C:6]([C:5]([C:4]([C:9]([C:8]1([H:18])[H:19])([H:20])[H:21])([H:11])[C:2](=[O:1])[O:3][H:10])([H:12])[H:13])([H:14])[H:15])[H:17],,
5,0.007123214582226479,RESP2,PW6B95/cc-pV(D+d)Z,1.0,0.4,C,hf,6,[H:16][C:7]1([C:6]([C:5]([C:4]([C:9]([C:8]1([H:18])[H:19])([H:20])[H:21])([H:11])[C:2](=[O:1])[O:3][H:10])([H:12])[H:13])([H:14])[H:15])[H:17],,
6,-0.011227648445249547,RESP2,PW6B95/cc-pV(D+d)Z,1.0,0.4,C,hf,7,[H:16][C:7]1([C:6]([C:5]([C:4]([C:9]([C:8]1([H:18])[H:19])([H:20])[H:21])([H:11])[C:2](=[O:1])[O:3][H:10])([H:12])[H:13])([H:14])[H:15])[H:17],,
7,0.02115807609648135,RESP2,PW6B95/cc-pV(D+d)Z,1.0,0.4,C,hf,8,[H:16][C:7]1([C:6]([C:5]([C:4]([C:9]([C:8]1([H:18])[H:19])([H:20])[H:21])([H:11])[C:2](=[O:1])[O:3][H:10])([H:12])[H:13])([H:14])[H:15])[H:17],,
8,-0.03449500799349462,RESP2,PW6B95/cc-pV(D+d)Z,1.0,0.4,C,hf,9,[H:16][C:7]1([C:6]([C:5]([C:4]([C:9]([C:8]1([H:18])[H:19])([H:20])[H:21])([H:11])[C:2](=[O:1])[O:3][H:10])([H:12])[H:13])([H:14])[H:15])[H:17],,
9,0.4087451189072858,RESP2,PW6B95/cc-pV(D+d)Z,1.0,0.4,H,hf,10,[H:16][C:7]1([C:6]([C:5]([C:4]([C:9]([C:8]1([H:18])[H:19])([H:20])[H:21])([H:11])[C:2](=[O:1])[O:3][H:10])([H:12])[H:13])([H:14])[H:15])[H:17],,
10,0.019816980723214143,RESP2,PW6B95/cc-pV(D+d)Z,1.0,0.4,H,hf,11,[H:16][C:7]1([C:6]([C:5]([C:4]([C:9]([C:8]1([H:18])[H:19])([H:20])[H:21])([H:11])[C:2](=[O:1])[O:3][H:10])([H:12])[H:13])([H:14])[H:15])[H:17],,
11,0.019224360803113332,RESP2,PW6B95/cc-pV(D+d)Z,1.0,0.4,H,hf,12,[H:16][C:7]1([C:6]([C:5]([C:4]([C:9]([C:8]1([H:18])[H:19])([H:20])[H:21])([H:11])[C:2](=[O:1])[O:3][H:10])([H:12])[H:13])([H:14])[H:15])[H:17],,
12,0.0162635636341457,RESP2,PW6B95/cc-pV(D+d)Z,1.0,0.4,H,hf,13,[H:16][C:7]1([C:6]([C:5]([C:4]([C:9]([C:8]1([H:18])[H:19])([H:20])[H:21])([H:11])[C:2](=[O:1])[O:3][H:10])([H:12])[H:13])([H:14])[H:15])[H:17],,
13,0.00573075092603027,RESP2,PW6B95/cc-pV(D+d)Z,1.0,0.4,H,hf,14,[H:16][C:7]1([C:6]([C:5]([C:4]([C:9]([C:8]1([H:18])[H:19])([H:20])[H:21])([H:11])[C:2](=[O:1])[O:3][H:10])([H:12])[H:13])([H:14])[H:15])[H:17],,
14,0.005029132527263918,RESP2,PW6B95/cc-pV(D+d)Z,1.0,0.4,H,hf,15,[H:16][C:7]1([C:6]([C:5]([C:4]([C:9]([C:8]1([H:18])[H:19])([H:20])[H:21])([H:11])[C:2](=[O:1])[O:3][H:10])([H:12])[H:13])([H:14])[H:15])[H:17],,
15,0.0022706005252825924,RESP2,PW6B95/cc-pV(D+d)Z,1.0,0.4,H,hf,16,[H:16][C:7]1([C:6]([C:5]([C:4]([C:9]([C:8]1([H:18])[H:19])([H:20])[H:21])([H:11])[C:2](=[O:1])[O:3][H:10])([H:12])[H:13])([H:14])[H:15])[H:17],,
16,0.006708572590901164,RESP2,PW6B95/cc-pV(D+d)Z,1.0,0.4,H,hf,17,[H:16][C:7]1([C:6]([C:5]([C:4]([C:9]([C:8]1([H:18])[H:19])([H:20])[H:21])([H:11])[C:2](=[O:1])[O:3][H:10])([H:12])[H:13])([H:14])[H:15])[H:17],,
17,0.0013855788947372569,RESP2,PW6B95/cc-pV(D+d)Z,1.0,0.4,H,hf,18,[H:16][C:7]1([C:6]([C:5]([C:4]([C:9]([C:8]1([H:18])[H:19])([H:20])[H:21])([H:11])[C:2](=[O:1])[O:3][H:10])([H:12])[H:13])([H:14])[H:15])[H:17],,
18,-0.0014328018767841635,RESP2,PW6B95/cc-pV(D+d)Z,1.0,0.4,H,hf,19,[H:16][C:7]1([C:6]([C:5]([C:4]([C:9]([C:8]1([H:18])[H:19])([H:20])[H:21])([H:11])[C:2](=[O:1])[O:3][H:10])([H:12])[H:13])([H:14])[H:15])[H:17],,
19,0.014845516159307043,RESP2,PW6B95/cc-pV(D+d)Z,1.0,0.4,H,hf,20,[H:16][C:7]1([C:6]([C:5]([C:4]([C:9]([C:8]1([H:18])[H:19])([H:20])[H:21])([H:11])[C:2](=[O:1])[O:3][H:10])([H:12])[H:13])([H:14])[H:15])[H:17],,
20,0.015828381568095823,RESP2,PW6B95/cc-pV(D+d)Z,1.0,0.4,H,hf,21,[H:16][C:7]1([C:6]([C:5]([C:4]([C:9]([C:8]1([H:18])[H:19])([H:20])[H:21])([H:11])[C:2](=[O:1])[O:3][H:10])([H:12])[H:13])([H:14])[H:15])[H:17],,
0,-0.5088580223042177,RESP2,PW6B95/cc-pV(D+d)Z,1.0,0.45,O,hf,1,[H:16][C:7]1([C:6]([C:5]([C:4]([C:9]([C:8]1([H:18])[H:19])([H:20])[H:21])([H:11])[C:2](=[O:1])[O:3][H:10])([H:12])[H:13])([H:14])[H:15])[H:17],,
1,0.5386064381976335,RESP2,PW6B95/cc-pV(D+d)Z,1.0,0.45,C,hf,2,[H:16][C:7]1([C:6]([C:5]([C:4]([C:9]([C:8]1([H:18])[H:19])([H:20])[H:21])([H:11])[C:2](=[O:1])[O:3][H:10])([H:12])[H:13])([H:14])[H:15])[H:17],,
2,-0.5293331278705369,RESP2,PW6B95/cc-pV(D+d)Z,1.0,0.45,O,hf,3,[H:16][C:7]1([C:6]([C:5]([C:4]([C:9]([C:8]1([H:18])[H:19])([H:20])[H:21])([H:11])[C:2](=[O:1])[O:3][H:10])([H:12])[H:13])([H:14])[H:15])[H:17],,
3,0.040187895046707,RESP2,PW6B95/cc-pV(D+d)Z,1.0,0.45,C,hf,4,[H:16][C:7]1([C:6]([C:5]([C:4]([C:9]([C:8]1([H:18])[H:19])([H:20])[H:21])([H:11])[C:2](=[O:1])[O:3][H:10])([H:12])[H:13])([H:14])[H:15])[H:17],,
4,-0.040987558039526806,RESP2,PW6B95/cc-pV(D+d)Z,1.0,0.45,C,hf,5,[H:16][C:7]1([C:6]([C:5]([C:4]([C:9]([C:8]1([H:18])[H:19])([H:20])[H:21])([H:11])[C:2](=[O:1])[O:3][H:10])([H:12])[H:13])([H:14])[H:15])[H:17],,
5,0.00703890278980713,RESP2,PW6B95/cc-pV(D+d)Z,1.0,0.45,C,hf,6,[H:16][C:7]1([C:6]([C:5]([C:4]([C:9]([C:8]1([H:18])[H:19])([H:20])[H:21])([H:11])[C:2](=[O:1])[O:3][H:10])([H:12])[H:13])([H:14])[H:15])[H:17],,
6,-0.008882489825426753,RESP2,PW6B95/cc-pV(D+d)Z,1.0,0.45,C,hf,7,[H:16][C:7]1([C:6]([C:5]([C:4]([C:9]([C:8]1([H:18])[H:19])([H:20])[H:21])([H:11])[C:2](=[O:1])[O:3][H:10])([H:12])[H:13])([H:14])[H:15])[H:17],,
7,0.019356767040736845,RESP2,PW6B95/cc-pV(D+d)Z,1.0,0.45,C,hf,8,[H:16][C:7]1([C:6]([C:5]([C:4]([C:9]([C:8]1([H:18])[H:19])([H:20])[H:21])([H:11])[C:2](=[O:1])[O:3][H:10])([H:12])[H:13])([H:14])[H:15])[H:17],,
8,-0.03320971604435383,RESP2,PW6B95/cc-pV(D+d)Z,1.0,0.45,C,hf,9,[H:16][C:7]1([C:6]([C:5]([C:4]([C:9]([C:8]1([H:18])[H:19])([H:20])[H:21])([H:11])[C:2](=[O:1])[O:3][H:10])([H:12])[H:13])([H:14])[H:15])[H:17],,
9,0.4104781249846655,RESP2,PW6B95/cc-pV(D+d)Z,1.0,0.45,H,hf,10,[H:16][C:7]1([C:6]([C:5]([C:4]([C:9]([C:8]1([H:18])[H:19])([H:20])[H:21])([H:11])[C:2](=[O:1])[O:3][H:10])([H:12])[H:13])([H:14])[H:15])[H:17],,
10,0.020764256636621944,RESP2,PW6B95/cc-pV(D+d)Z,1.0,0.45,H,hf,11,[H:16][C:7]1([C:6]([C:5]([C:4]([C:9]([C:8]1([H:18])[H:19])([H:20])[H:21])([H:11])[C:2](=[O:1])[O:3][H:10])([H:12])[H:13])([H:14])[H:15])[H:17],,
11,0.019060116374377836,RESP2,PW6B95/cc-pV(D+d)Z,1.0,0.45,H,hf,12,[H:16][C:7]1([C:6]([C:5]([C:4]([C:9]([C:8]1([H:18])[H:19])([H:20])[H:21])([H:11])[C:2](=[O:1])[O:3][H:10])([H:12])[H:13])([H:14])[H:15])[H:17],,
12,0.01646873186805005,RESP2,PW6B95/cc-pV(D+d)Z,1.0,0.45,H,hf,13,[H:16][C:7]1([C:6]([C:5]([C:4]([C:9]([C:8]1([H:18])[H:19])([H:20])[H:21])([H:11])[C:2](=[O:1])[O:3][H:10])([H:12])[H:13])([H:14])[H:15])[H:17],,
13,0.00565365576699178,RESP2,PW6B95/cc-pV(D+d)Z,1.0,0.45,H,hf,14,[H:16][C:7]1([C:6]([C:5]([C:4]([C:9]([C:8]1([H:18])[H:19])([H:20])[H:21])([H:11])[C:2](=[O:1])[O:3][H:10])([H:12])[H:13])([H:14])[H:15])[H:17],,
14,0.004830398788254432,RESP2,PW6B95/cc-pV(D+d)Z,1.0,0.45,H,hf,15,[H:16][C:7]1([C:6]([C:5]([C:4]([C:9]([C:8]1([H:18])[H:19])([H:20])[H:21])([H:11])[C:2](=[O:1])[O:3][H:10])([H:12])[H:13])([H:14])[H:15])[H:17],,
15,0.001706770327630943,RESP2,PW6B95/cc-pV(D+d)Z,1.0,0.45,H,hf,16,[H:16][C:7]1([C:6]([C:5]([C:4]([C:9]([C:8]1([H:18])[H:19])([H:20])[H:21])([H:11])[C:2](=[O:1])[O:3][H:10])([H:12])[H:13])([H:14])[H:15])[H:17],,
16,0.00611004677193602,RESP2,PW6B95/cc-pV(D+d)Z,1.0,0.45,H,hf,17,[H:16][C:7]1([C:6]([C:5]([C:4]([C:9]([C:8]1([H:18])[H:19])([H:20])[H:21])([H:11])[C:2](=[O:1])[O:3][H:10])([H:12])[H:13])([H:14])[H:15])[H:17],,
17,0.001824634584667799,RESP2,PW6B95/cc-pV(D+d)Z,1.0,0.45,H,hf,18,[H:16][C:7]1([C:6]([C:5]([C:4]([C:9]([C:8]1([H:18])[H:19])([H:20])[H:21])([H:11])[C:2](=[O:1])[O:3][H:10])([H:12])[H:13])([H:14])[H:15])[H:17],,
18,-0.0010146950927202214,RESP2,PW6B95/cc-pV(D+d)Z,1.0,0.45,H,hf,19,[H:16][C:7]1([C:6]([C:5]([C:4]([C:9]([C:8]1([H:18])[H:19])([H:20])[H:21])([H:11])[C:2](=[O:1])[O:3][H:10])([H:12])[H:13])([H:14])[H:15])[H:17],,
19,0.014573038719624173,RESP2,PW6B95/cc-pV(D+d)Z,1.0,0.45,H,hf,20,[H:16][C:7]1([C:6]([C:5]([C:4]([C:9]([C:8]1([H:18])[H:19])([H:20])[H:21])([H:11])[C:2](=[O:1])[O:3][H:10])([H:12])[H:13])([H:14])[H:15])[H:17],,
20,0.015625831279077355,RESP2,PW6B95/cc-pV(D+d)Z,1.0,0.45,H,hf,21,[H:16][C:7]1([C:6]([C:5]([C:4]([C:9]([C:8]1([H:18])[H:19])([H:20])[H:21])([H:11])[C:2](=[O:1])[O:3][H:10])([H:12])[H:13])([H:14])[H:15])[H:17],,
0,-0.5118807157793951,RESP2,PW6B95/cc-pV(D+d)Z,1.0,0.5,O,hf,1,[H:16][C:7]1([C:6]([C:5]([C:4]([C:9]([C:8]1([H:18])[H:19])([H:20])[H:21])([H:11])[C:2](=[O:1])[O:3][H:10])([H:12])[H:13])([H:14])[H:15])[H:17],,
1,0.5402757402827174,RESP2,PW6B95/cc-pV(D+d)Z,1.0,0.5,C,hf,2,[H:16][C:7]1([C:6]([C:5]([C:4]([C:9]([C:8]1([H:18])[H:19])([H:20])[H:21])([H:11])[C:2](=[O:1])[O:3][H:10])([H:12])[H:13])([H:14])[H:15])[H:17],,
2,-0.530414486201756,RESP2,PW6B95/cc-pV(D+d)Z,1.0,0.5,O,hf,3,[H:16][C:7]1([C:6]([C:5]([C:4]([C:9]([C:8]1([H:18])[H:19])([H:20])[H:21])([H:11])[C:2](=[O:1])[O:3][H:10])([H:12])[H:13])([H:14])[H:15])[H:17],,
3,0.03878087886794914,RESP2,PW6B95/cc-pV(D+d)Z,1.0,0.5,C,hf,4,[H:16][C:7]1([C:6]([C:5]([C:4]([C:9]([C:8]1([H:18])[H:19])([H:20])[H:21])([H:11])[C:2](=[O:1])[O:3][H:10])([H:12])[H:13])([H:14])[H:15])[H:17],,
4,-0.04055577748684085,RESP2,PW6B95/cc-pV(D+d)Z,1.0,0.5,C,hf,5,[H:16][C:7]1([C:6]([C:5]([C:4]([C:9]([C:8]1([H:18])[H:19])([H:20])[H:21])([H:11])[C:2](=[O:1])[O:3][H:10])([H:12])[H:13])([H:14])[H:15])[H:17],,
5,0.006954590997387787,RESP2,PW6B95/cc-pV(D+d)Z,1.0,0.5,C,hf,6,[H:16][C:7]1([C:6]([C:5]([C:4]([C:9]([C:8]1([H:18])[H:19])([H:20])[H:21])([H:11])[C:2](=[O:1])[O:3][H:10])([H:12])[H:13])([H:14])[H:15])[H:17],,
6,-0.006537331205603951,RESP2,PW6B95/cc-pV(D+d)Z,1.0,0.5,C,hf,7,[H:16][C:7]1([C:6]([C:5]([C:4]([C:9]([C:8]1([H:18])[H:19])([H:20])[H:21])([H:11])[C:2](=[O:1])[O:3][H:10])([H:12])[H:13])([H:14])[H:15])[H:17],,
7,0.017555457984992345,RESP2,PW6B95/cc-pV(D+d)Z,1.0,0.5,C,hf,8,[H:16][C:7]1([C:6]([C:5]([C:4]([C:9]([C:8]1([H:18])[H:19])([H:20])[H:21])([H:11])[C:2](=[O:1])[O:3][H:10])([H:12])[H:13])([H:14])[H:15])[H:17],,
8,-0.031924424095213025,RESP2,PW6B95/cc-pV(D+d)Z,1.0,0.5,C,hf,9,[H:16][C:7]1([C:6]([C:5]([C:4]([C:9]([C:8]1([H:18])[H:19])([H:20])[H:21])([H:11])[C:2](=[O:1])[O:3][H:10])([H:12])[H:13])([H:14])[H:15])[H:17],,
9,0.4122111310620451,RESP2,PW6B95/cc-pV(D+d)Z,1.0,0.5,H,hf,10,[H:16][C:7]1([C:6]([C:5]([C:4]([C:9]([C:8]1([H:18])[H:19])([H:20])[H:21])([H:11])[C:2](=[O:1])[O:3][H:10])([H:12])[H:13])([H:14])[H:15])[H:17],,
10,0.021711532550029753,RESP2,PW6B95/cc-pV(D+d)Z,1.0,0.5,H,hf,11,[H:16][C:7]1([C:6]([C:5]([C:4]([C:9]([C:8]1([H:18])[H:19])([H:20])[H:21])([H:11])[C:2](=[O:1])[O:3][H:10])([H:12])[H:13])([H:14])[H:15])[H:17],,
11,0.018895871945642347,RESP2,PW6B95/cc-pV(D+d)Z,1.0,0.5,H,hf,12,[H:16][C:7]1([C:6]([C:5]([C:4]([C:9]([C:8]1([H:18])[H:19])([H:20])[H:21])([H:11])[C:2](=[O:1])[O:3][H:10])([H:12])[H:13])([H:14])[H:15])[H:17],,
12,0.0166739001019544,RESP2,PW6B95/cc-pV(D+d)Z,1.0,0.5,H,hf,13,[H:16][C:7]1([C:6]([C:5]([C:4]([C:9]([C:8]1([H:18])[H:19])([H:20])[H:21])([H:11])[C:2](=[O:1])[O:3][H:10])([H:12])[H:13])([H:14])[H:15])[H:17],,
13,0.005576560607953297,RESP2,PW6B95/cc-pV(D+d)Z,1.0,0.5,H,hf,14,[H:16][C:7]1([C:6]([C:5]([C:4]([C:9]([C:8]1([H:18])[H:19])([H:20])[H:21])([H:11])[C:2](=[O:1])[O:3][H:10])([H:12])[H:13])([H:14])[H:15])[H:17],,
14,0.004631665049244954,RESP2,PW6B95/cc-pV(D+d)Z,1.0,0.5,H,hf,15,[H:16][C:7]1([C:6]([C:5]([C:4]([C:9]([C:8]1([H:18])[H:19])([H:20])[H:21])([H:11])[C:2](=[O:1])[O:3][H:10])([H:12])[H:13])([H:14])[H:15])[H:17],,
15,0.0011429401299793006,RESP2,PW6B95/cc-pV(D+d)Z,1.0,0.5,H,hf,16,[H:16][C:7]1([C:6]([C:5]([C:4]([C:9]([C:8]1([H:18])[H:19])([H:20])[H:21])([H:11])[C:2](=[O:1])[O:3][H:10])([H:12])[H:13])([H:14])[H:15])[H:17],,
16,0.005511520952970882,RESP2,PW6B95/cc-pV(D+d)Z,1.0,0.5,H,hf,17,[H:16][C:7]1([C:6]([C:5]([C:4]([C:9]([C:8]1([H:18])[H:19])([H:20])[H:21])([H:11])[C:2](=[O:1])[O:3][H:10])([H:12])[H:13])([H:14])[H:15])[H:17],,
17,0.0022636902745983485,RESP2,PW6B95/cc-pV(D+d)Z,1.0,0.5,H,hf,18,[H:16][C:7]1([C:6]([C:5]([C:4]([C:9]([C:8]1([H:18])[H:19])([H:20])[H:21])([H:11])[C:2](=[O:1])[O:3][H:10])([H:12])[H:13])([H:14])[H:15])[H:17],,
18,-0.0005965883086562714,RESP2,PW6B95/cc-pV(D+d)Z,1.0,0.5,H,hf,19,[H:16][C:7]1([C:6]([C:5]([C:4]([C:9]([C:8]1([H:18])[H:19])([H:20])[H:21])([H:11])[C:2](=[O:1])[O:3][H:10])([H:12])[H:13])([H:14])[H:15])[H:17],,
19,0.014300561279941308,RESP2,PW6B95/cc-pV(D+d)Z,1.0,0.5,H,hf,20,[H:16][C:7]1([C:6]([C:5]([C:4]([C:9]([C:8]1([H:18])[H:19])([H:20])[H:21])([H:11])[C:2](=[O:1])[O:3][H:10])([H:12])[H:13])([H:14])[H:15])[H:17],,
20,0.015423280990058895,RESP2,PW6B95/cc-pV(D+d)Z,1.0,0.5,H,hf,21,[H:16][C:7]1([C:6]([C:5]([C:4]([C:9]([C:8]1([H:18])[H:19])([H:20])[H:21])([H:11])[C:2](=[O:1])[O:3][H:10])([H:12])[H:13])([H:14])[H:15])[H:17],,
0,-0.5149034092545726,RESP2,PW6B95/cc-pV(D+d)Z,1.0,0.55,O,hf,1,[H:16][C:7]1([C:6]([C:5]([C:4]([C:9]([C:8]1([H:18])[H:19])([H:20])[H:21])([H:11])[C:2](=[O:1])[O:3][H:10])([H:12])[H:13])([H:14])[H:15])[H:17],,
1,0.5419450423678013,RESP2,PW6B95/cc-pV(D+d)Z,1.0,0.55,C,hf,2,[H:16][C:7]1([C:6]([C:5]([C:4]([C:9]([C:8]1([H:18])[H:19])([H:20])[H:21])([H:11])[C:2](=[O:1])[O:3][H:10])([H:12])[H:13])([H:14])[H:15])[H:17],,
2,-0.5314958445329752,RESP2,PW6B95/cc-pV(D+d)Z,1.0,0.55,O,hf,3,[H:16][C:7]1([C:6]([C:5]([C:4]([C:9]([C:8]1([H:18])[H:19])([H:20])[H:21])([H:11])[C:2](=[O:1])[O:3][H:10])([H:12])[H:13])([H:14])[H:15])[H:17],,
3,0.037373862689191274,RESP2,PW6B95/cc-pV(D+d)Z,1.0,0.55,C,hf,4,[H:16][C:7]1([C:6]([C:5]([C:4]([C:9]([C:8]1([H:18])[H:19])([H:20])[H:21])([H:11])[C:2](=[O:1])[O:3][H:10])([H:12])[H:13])([H:14])[H:15])[H:17],,
4,-0.040123996934154894,RESP2,PW6B95/cc-pV(D+d)Z,1.0,0.55,C,hf,5,[H:16][C:7]1([C:6]([C:5]([C:4]([C:9]([C:8]1([H:18])[H:19])([H:20])[H:21])([H:11])[C:2](=[O:1])[O:3][H:10])([H:12])[H:13])([H:14])[H:15])[H:17],,
5,0.00687027920496844,RESP2,PW6B95/cc-pV(D+d)Z,1.0,0.55,C,hf,6,[H:16][C:7]1([C:6]([C:5]([C:4]([C:9]([C:8]1([H:18])[H:19])([H:20])[H:21])([H:11])[C:2](=[O:1])[O:3][H:10])([H:12])[H:13])([H:14])[H:15])[H:17],,
6,-0.004192172585781151,RESP2,PW6B95/cc-pV(D+d)Z,1.0,0.55,C,hf,7,[H:16][C:7]1([C:6]([C:5]([C:4]([C:9]([C:8]1([H:18])[H:19])([H:20])[H:21])([H:11])[C:2](=[O:1])[O:3][H:10])([H:12])[H:13])([H:14])[H:15])[H:17],,
7,0.01575414892924784,RESP2,PW6B95/cc-pV(D+d)Z,1.0,0.55,C,hf,8,[H:16][C:7]1([C:6]([C:5]([C:4]([C:9]([C:8]1([H:18])[H:19])([H:20])[H:21])([H:11])[C:2](=[O:1])[O:3][H:10])([H:12])[H:13])([H:14])[H:15])[H:17],,
8,-0.030639132146072227,RESP2,PW6B95/cc-pV(D+d)Z,1.0,0.55,C,hf,9,[H:16][C:7]1([C:6]([C:5]([C:4]([C:9]([C:8]1([H:18])[H:19])([H:20])[H:21])([H:11])[C:2](=[O:1])[O:3][H:10])([H:12])[H:13])([H:14])[H:15])[H:17],,
9,0.41394413713942474,RESP2,PW6B95/cc-pV(D+d)Z,1.0,0.55,H,hf,10,[H:16][C:7]1([C:6]([C:5]([C:4]([C:9]([C:8]1([H:18])[H:19])([H:20])[H:21])([H:11])[C:2](=[O:1])[O:3][H:10])([H:12])[H:13])([H:14])[H:15])[H:17],,
10,0.022658808463437558,RESP2,PW6B95/cc-pV(D+d)Z,1.0,0.55,H,hf,11,[H:16][C:7]1([C:6]([C:5]([C:4]([C:9]([C:8]1([H:18])[H:19])([H:20])[H:21])([H:11])[C:2](=[O:1])[O:3][H:10])([H:12])[H:13])([H:14])[H:15])[H:17],,
11,0.018731627516906855,RESP2,PW6B95/cc-pV(D+d)Z,1.0,0.55,H,hf,12,[H:16][C:7]1([C:6]([C:5]([C:4]([C:9]([C:8]1([H:18])[H:19])([H:20])[H:21])([H:11])[C:2](=[O:1])[O:3][H:10])([H:12])[H:13])([H:14])[H:15])[H:17],,
12,0.01687906833585875,RESP2,PW6B95/cc-pV(D+d)Z,1.0,0.55,H,hf,13,[H:16][C:7]1([C:6]([C:5]([C:4]([C:9]([C:8]1([H:18])[H:19])([H:20])[H:21])([H:11])[C:2](=[O:1])[O:3][H:10])([H:12])[H:13])([H:14])[H:15])[H:17],,
13,0.005499465448914809,RESP2,PW6B95/cc-pV(D+d)Z,1.0,0.55,H,hf,14,[H:16][C:7]1([C:6]([C:5]([C:4]([C:9]([C:8]1([H:18])[H:19])([H:20])[H:21])([H:11])[C:2](=[O:1])[O:3][H:10])([H:12])[H:13])([H:14])[H:15])[H:17],,
14,0.00443293131023547,RESP2,PW6B95/cc-pV(D+d)Z,1.0,0.55,H,hf,15,[H:16][C:7]1([C:6]([C:5]([C:4]([C:9]([C:8]1([H:18])[H:19])([H:20])[H:21])([H:11])[C:2](=[O:1])[O:3][H:10])([H:12])[H:13])([H:14])[H:15])[H:17],,
15,0.0005791099323276535,RESP2,PW6B95/cc-pV(D+d)Z,1.0,0.55,H,hf,16,[H:16][C:7]1([C:6]([C:5]([C:4]([C:9]([C:8]1([H:18])[H:19])([H:20])[H:21])([H:11])[C:2](=[O:1])[O:3][H:10])([H:12])[H:13])([H:14])[H:15])[H:17],,
16,0.004912995134005738,RESP2,PW6B95/cc-pV(D+d)Z,1.0,0.55,H,hf,17,[H:16][C:7]1([C:6]([C:5]([C:4]([C:9]([C:8]1([H:18])[H:19])([H:20])[H:21])([H:11])[C:2](=[O:1])[O:3][H:10])([H:12])[H:13])([H:14])[H:15])[H:17],,
17,0.0027027459645288937,RESP2,PW6B95/cc-pV(D+d)Z,1.0,0.55,H,hf,18,[H:16][C:7]1([C:6]([C:5]([C:4]([C:9]([C:8]1([H:18])[H:19])([H:20])[H:21])([H:11])[C:2](=[O:1])[O:3][H:10])([H:12])[H:13])([H:14])[H:15])[H:17],,
18,-0.00017848152459232547,RESP2,PW6B95/cc-pV(D+d)Z,1.0,0.55,H,hf,19,[H:16][C:7]1([C:6]([C:5]([C:4]([C:9]([C:8]1([H:18])[H:19])([H:20])[H:21])([H:11])[C:2](=[O:1])[O:3][H:10])([H:12])[H:13])([H:14])[H:15])[H:17],,
19,0.014028083840258441,RESP2,PW6B95/cc-pV(D+d)Z,1.0,0.55,H,hf,20,[H:16][C:7]1([C:6]([C:5]([C:4]([C:9]([C:8]1([H:18])[H:19])([H:20])[H:21])([H:11])[C:2](=[O:1])[O:3][H:10])([H:12])[H:13])([H:14])[H:15])[H:17],,
20,0.015220730701040427,RESP2,PW6B95/cc-pV(D+d)Z,1.0,0.55,H,hf,21,[H:16][C:7]1([C:6]([C:5]([C:4]([C:9]([C:8]1([H:18])[H:19])([H:20])[H:21])([H:11])[C:2](=[O:1])[O:3][H:10])([H:12])[H:13])([H:14])[H:15])[H:17],,
0,-0.5179261027297498,RESP2,PW6B95/cc-pV(D+d)Z,1.0,0.6000000000000001,O,hf,1,[H:16][C:7]1([C:6]([C:5]([C:4]([C:9]([C:8]1([H:18])[H:19])([H:20])[H:21])([H:11])[C:2](=[O:1])[O:3][H:10])([H:12])[H:13])([H:14])[H:15])[H:17],,
1,0.5436143444528853,RESP2,PW6B95/cc-pV(D+d)Z,1.0,0.6000000000000001,C,hf,2,[H:16][C:7]1([C:6]([C:5]([C:4]([C:9]([C:8]1([H:18])[H:19])([H:20])[H:21])([H:11])[C:2](=[O:1])[O:3][H:10])([H:12])[H:13])([H:14])[H:15])[H:17],,
2,-0.5325772028641941,RESP2,PW6B95/cc-pV(D+d)Z,1.0,0.6000000000000001,O,hf,3,[H:16][C:7]1([C:6]([C:5]([C:4]([C:9]([C:8]1([H:18])[H:19])([H:20])[H:21])([H:11])[C:2](=[O:1])[O:3][H:10])([H:12])[H:13])([H:14])[H:15])[H:17],,
3,0.0359668465104334,RESP2,PW6B95/cc-pV(D+d)Z,1.0,0.6000000000000001,C,hf,4,[H:16][C:7]1([C:6]([C:5]([C:4]([C:9]([C:8]1([H:18])[H:19])([H:20])[H:21])([H:11])[C:2](=[O:1])[O:3][H:10])([H:12])[H:13])([H:14])[H:15])[H:17],,
4,-0.03969221638146895,RESP2,PW6B95/cc-pV(D+d)Z,1.0,0.6000000000000001,C,hf,5,[H:16][C:7]1([C:6]([C:5]([C:4]([C:9]([C:8]1([H:18])[H:19])([H:20])[H:21])([H:11])[C:2](=[O:1])[O:3][H:10])([H:12])[H:13])([H:14])[H:15])[H:17],,
5,0.00678596741254909,RESP2,PW6B95/cc-pV(D+d)Z,1.0,0.6000000000000001,C,hf,6,[H:16][C:7]1([C:6]([C:5]([C:4]([C:9]([C:8]1([H:18])[H:19])([H:20])[H:21])([H:11])[C:2](=[O:1])[O:3][H:10])([H:12])[H:13])([H:14])[H:15])[H:17],,
6,-0.0018470139659583554,RESP2,PW6B95/cc-pV(D+d)Z,1.0,0.6000000000000001,C,hf,7,[H:16][C:7]1([C:6]([C:5]([C:4]([C:9]([C:8]1([H:18])[H:19])([H:20])[H:21])([H:11])[C:2](=[O:1])[O:3][H:10])([H:12])[H:13])([H:14])[H:15])[H:17],,
7,0.013952839873503339,RESP2,PW6B95/cc-pV(D+d)Z,1.0,0.6000000000000001,C,hf,8,[H:16][C:7]1([C:6]([C:5]([C:4]([C:9]([C:8]1([H:18])[H:19])([H:20])[H:21])([H:11])[C:2](=[O:1])[O:3][H:10])([H:12])[H:13])([H:14])[H:15])[H:17],,
8,-0.02935384019693143,RESP2,PW6B95/cc-pV(D+d)Z,1.0,0.6000000000000001,C,hf,9,[H:16][C:7]1([C:6]([C:5]([C:4]([C:9]([C:8]1([H:18])[H:19])([H:20])[H:21])([H:11])[C:2](=[O:1])[O:3][H:10])([H:12])[H:13])([H:14])[H:15])[H:17],,
9,0.41567714321680443,RESP2,PW6B95/cc-pV(D+d)Z,1.0,0.6000000000000001,H,hf,10,[H:16][C:7]1([C:6]([C:5]([C:4]([C:9]([C:8]1([H:18])[H:19])([H:20])[H:21])([H:11])[C:2](=[O:1])[O:3][H:10])([H:12])[H:13])([H:14])[H:15])[H:17],,
10,0.023606084376845363,RESP2,PW6B95/cc-pV(D+d)Z,1.0,0.6000000000000001,H,hf,11,[H:16][C:7]1([C:6]([C:5]([C:4]([C:9]([C:8]1([H:18])[H:19])([H:20])[H:21])([H:11])[C:2](=[O:1])[O:3][H:10])([H:12])[H:13])([H:14])[H:15])[H:17],,
11,0.01856738308817136,RESP2,PW6B95/cc-pV(D+d)Z,1.0,0.6000000000000001,H,hf,12,[H:16][C:7]1([C:6]([C:5]([C:4]([C:9]([C:8]1([H:18])[H:19])([H:20])[H:21])([H:11])[C:2](=[O:1])[O:3][H:10])([H:12])[H:13])([H:14])[H:15])[H:17],,
12,0.0170842365697631,RESP2,PW6B95/cc-pV(D+d)Z,1.0,0.6000000000000001,H,hf,13,[H:16][C:7]1([C:6]([C:5]([C:4]([C:9]([C:8]1([H:18])[H:19])([H:20])[H:21])([H:11])[C:2](=[O:1])[O:3][H:10])([H:12])[H:13])([H:14])[H:15])[H:17],,
13,0.0054223702898763175,RESP2,PW6B95/cc-pV(D+d)Z,1.0,0.6000000000000001,H,hf,14,[H:16][C:7]1([C:6]([C:5]([C:4]([C:9]([C:8]1([H:18])[H:19])([H:20])[H:21])([H:11])[C:2](=[O:1])[O:3][H:10])([H:12])[H:13])([H:14])[H:15])[H:17],,
14,0.004234197571225984,RESP2,PW6B95/cc-pV(D+d)Z,1.0,0.6000000000000001,H,hf,15,[H:16][C:7]1([C:6]([C:5]([C:4]([C:9]([C:8]1([H:18])[H:19])([H:20])[H:21])([H:11])[C:2](=[O:1])[O:3][H:10])([H:12])[H:13])([H:14])[H:15])[H:17],,
15,1.527973467600339e-05,RESP2,PW6B95/cc-pV(D+d)Z,1.0,0.6000000000000001,H,hf,16,[H:16][C:7]1([C:6]([C:5]([C:4]([C:9]([C:8]1([H:18])[H:19])([H:20])[H:21])([H:11])[C:2](=[O:1])[O:3][H:10])([H:12])[H:13])([H:14])[H:15])[H:17],,
16,0.004314469315040593,RESP2,PW6B95/cc-pV(D+d)Z,1.0,0.6000000000000001,H,hf,17,[H:16][C:7]1([C:6]([C:5]([C:4]([C:9]([C:8]1([H:18])[H:19])([H:20])[H:21])([H:11])[C:2](=[O:1])[O:3][H:10])([H:12])[H:13])([H:14])[H:15])[H:17],,
17,0.003141801654459437,RESP2,PW6B95/cc-pV(D+d)Z,1.0,0.6000000000000001,H,hf,18,[H:16][C:7]1([C:6]([C:5]([C:4]([C:9]([C:8]1([H:18])[H:19])([H:20])[H:21])([H:11])[C:2](=[O:1])[O:3][H:10])([H:12])[H:13])([H:14])[H:15])[H:17],,
18,0.0002396252594716174,RESP2,PW6B95/cc-pV(D+d)Z,1.0,0.6000000000000001,H,hf,19,[H:16][C:7]1([C:6]([C:5]([C:4]([C:9]([C:8]1([H:18])[H:19])([H:20])[H:21])([H:11])[C:2](=[O:1])[O:3][H:10])([H:12])[H:13])([H:14])[H:15])[H:17],,
19,0.01375560640057557,RESP2,PW6B95/cc-pV(D+d)Z,1.0,0.6000000000000001,H,hf,20,[H:16][C:7]1([C:6]([C:5]([C:4]([C:9]([C:8]1([H:18])[H:19])([H:20])[H:21])([H:11])[C:2](=[O:1])[O:3][H:10])([H:12])[H:13])([H:14])[H:15])[H:17],,
20,0.015018180412021959,RESP2,PW6B95/cc-pV(D+d)Z,1.0,0.6000000000000001,H,hf,21,[H:16][C:7]1([C:6]([C:5]([C:4]([C:9]([C:8]1([H:18])[H:19])([H:20])[H:21])([H:11])[C:2](=[O:1])[O:3][H:10])([H:12])[H:13])([H:14])[H:15])[H:17],,
0,-0.5209487962049272,RESP2,PW6B95/cc-pV(D+d)Z,1.0,0.65,O,hf,1,[H:16][C:7]1([C:6]([C:5]([C:4]([C:9]([C:8]1([H:18])[H:19])([H:20])[H:21])([H:11])[C:2](=[O:1])[O:3][H:10])([H:12])[H:13])([H:14])[H:15])[H:17],,
1,0.5452836465379692,RESP2,PW6B95/cc-pV(D+d)Z,1.0,0.65,C,hf,2,[H:16][C:7]1([C:6]([C:5]([C:4]([C:9]([C:8]1([H:18])[H:19])([H:20])[H:21])([H:11])[C:2](=[O:1])[O:3][H:10])([H:12])[H:13])([H:14])[H:15])[H:17],,
2,-0.5336585611954132,RESP2,PW6B95/cc-pV(D+d)Z,1.0,0.65,O,hf,3,[H:16][C:7]1([C:6]([C:5]([C:4]([C:9]([C:8]1([H:18])[H:19])([H:20])[H:21])([H:11])[C:2](=[O:1])[O:3][H:10])([H:12])[H:13])([H:14])[H:15])[H:17],,
3,0.03455983033167553,RESP2,PW6B95/cc-pV(D+d)Z,1.0,0.65,C,hf,4,[H:16][C:7]1([C:6]([C:5]([C:4]([C:9]([C:8]1([H:18])[H:19])([H:20])[H:21])([H:11])[C:2](=[O:1])[O:3][H:10])([H:12])[H:13])([H:14])[H:15])[H:17],,
4,-0.03926043582878301,RESP2,PW6B95/cc-pV(D+d)Z,1.0,0.65,C,hf,5,[H:16][C:7]1([C:6]([C:5]([C:4]([C:9]([C:8]1([H:18])[H:19])([H:20])[H:21])([H:11])[C:2](=[O:1])[O:3][H:10])([H:12])[H:13])([H:14])[H:15])[H:17],,
5,0.0067016556201297366,RESP2,PW6B95/cc-pV(D+d)Z,1.0,0.65,C,hf,6,[H:16][C:7]1([C:6]([C:5]([C:4]([C:9]([C:8]1([H:18])[H:19])([H:20])[H:21])([H:11])[C:2](=[O:1])[O:3][H:10])([H:12])[H:13])([H:14])[H:15])[H:17],,
6,0.0004981446538644299,RESP2,PW6B95/cc-pV(D+d)Z,1.0,0.65,C,hf,7,[H:16][C:7]1([C:6]([C:5]([C:4]([C:9]([C:8]1([H:18])[H:19])([H:20])[H:21])([H:11])[C:2](=[O:1])[O:3][H:10])([H:12])[H:13])([H:14])[H:15])[H:17],,
7,0.012151530817758832,RESP2,PW6B95/cc-pV(D+d)Z,1.0,0.65,C,hf,8,[H:16][C:7]1([C:6]([C:5]([C:4]([C:9]([C:8]1([H:18])[H:19])([H:20])[H:21])([H:11])[C:2](=[O:1])[O:3][H:10])([H:12])[H:13])([H:14])[H:15])[H:17],,
8,-0.02806854824779064,RESP2,PW6B95/cc-pV(D+d)Z,1.0,0.65,C,hf,9,[H:16][C:7]1([C:6]([C:5]([C:4]([C:9]([C:8]1([H:18])[H:19])([H:20])[H:21])([H:11])[C:2](=[O:1])[O:3][H:10])([H:12])[H:13])([H:14])[H:15])[H:17],,
9,0.4174101492941841,RESP2,PW6B95/cc-pV(D+d)Z,1.0,0.65,H,hf,10,[H:16][C:7]1([C:6]([C:5]([C:4]([C:9]([C:8]1([H:18])[H:19])([H:20])[H:21])([H:11])[C:2](=[O:1])[O:3][H:10])([H:12])[H:13])([H:14])[H:15])[H:17],,
10,0.024553360290253158,RESP2,PW6B95/cc-pV(D+d)Z,1.0,0.65,H,hf,11,[H:16][C:7]1([C:6]([C:5]([C:4]([C:9]([C:8]1([H:18])[H:19])([H:20])[H:21])([H:11])[C:2](=[O:1])[O:3][H:10])([H:12])[H:13])([H:14])[H:15])[H:17],,
11,0.018403138659435856,RESP2,PW6B95/cc-pV(D+d)Z,1.0,0.65,H,hf,12,[H:16][C:7]1([C:6]([C:5]([C:4]([C:9]([C:8]1([H:18])[H:19])([H:20])[H:21])([H:11])[C:2](=[O:1])[O:3][H:10])([H:12])[H:13])([H:14])[H:15])[H:17],,
12,0.017289404803667443,RESP2,PW6B95/cc-pV(D+d)Z,1.0,0.65,H,hf,13,[H:16][C:7]1([C:6]([C:5]([C:4]([C:9]([C:8]1([H:18])[H:19])([H:20])[H:21])([H:11])[C:2](=[O:1])[O:3][H:10])([H:12])[H:13])([H:14])[H:15])[H:17],,
13,0.005345275130837823,RESP2,PW6B95/cc-pV(D+d)Z,1.0,0.65,H,hf,14,[H:16][C:7]1([C:6]([C:5]([C:4]([C:9]([C:8]1([H:18])[H:19])([H:20])[H:21])([H:11])[C:2](=[O:1])[O:3][H:10])([H:12])[H:13])([H:14])[H:15])[H:17],,
14,0.004035463832216494,RESP2,PW6B95/cc-pV(D+d)Z,1.0,0.65,H,hf,15,[H:16][C:7]1([C:6]([C:5]([C:4]([C:9]([C:8]1([H:18])[H:19])([H:20])[H:21])([H:11])[C:2](=[O:1])[O:3][H:10])([H:12])[H:13])([H:14])[H:15])[H:17],,
15,-0.0005485504629756505,RESP2,PW6B95/cc-pV(D+d)Z,1.0,0.65,H,hf,16,[H:16][C:7]1([C:6]([C:5]([C:4]([C:9]([C:8]1([H:18])[H:19])([H:20])[H:21])([H:11])[C:2](=[O:1])[O:3][H:10])([H:12])[H:13])([H:14])[H:15])[H:17],,
16,0.0037159434960754435,RESP2,PW6B95/cc-pV(D+d)Z,1.0,0.65,H,hf,17,[H:16][C:7]1([C:6]([C:5]([C:4]([C:9]([C:8]1([H:18])[H:19])([H:20])[H:21])([H:11])[C:2](=[O:1])[O:3][H:10])([H:12])[H:13])([H:14])[H:15])[H:17],,
17,0.0035808573443899734,RESP2,PW6B95/cc-pV(D+d)Z,1.0,0.65,H,hf,18,[H:16][C:7]1([C:6]([C:5]([C:4]([C:9]([C:8]1([H:18])[H:19])([H:20])[H:21])([H:11])[C:2](=[O:1])[O:3][H:10])([H:12])[H:13])([H:14])[H:15])[H:17],,
18,0.0006577320435355537,RESP2,PW6B95/cc-pV(D+d)Z,1.0,0.65,H,hf,19,[H:16][C:7]1([C:6]([C:5]([C:4]([C:9]([C:8]1([H:18])[H:19])([H:20])[H:21])([H:11])[C:2](=[O:1])[O:3][H:10])([H:12])[H:13])([H:14])[H:15])[H:17],,
19,0.013483128960892694,RESP2,PW6B95/cc-pV(D+d)Z,1.0,0.65,H,hf,20,[H:16][C:7]1([C:6]([C:5]([C:4]([C:9]([C:8]1([H:18])[H:19])([H:20])[H:21])([H:11])[C:2](=[O:1])[O:3][H:10])([H:12])[H:13])([H:14])[H:15])[H:17],,
20,0.014815630123003486,RESP2,PW6B95/cc-pV(D+d)Z,1.0,0.65,H,hf,21,[H:16][C:7]1([C:6]([C:5]([C:4]([C:9]([C:8]1([H:18])[H:19])([H:20])[H:21])([H:11])[C:2](=[O:1])[O:3][H:10])([H:12])[H:13])([H:14])[H:15])[H:17],,
0,-0.5239714896801047,RESP2,PW6B95/cc-pV(D+d)Z,1.0,0.7000000000000001,O,hf,1,[H:16][C:7]1([C:6]([C:5]([C:4]([C:9]([C:8]1([H:18])[H:19])([H:20])[H:21])([H:11])[C:2](=[O:1])[O:3][H:10])([H:12])[H:13])([H:14])[H:15])[H:17],,
1,0.5469529486230531,RESP2,PW6B95/cc-pV(D+d)Z,1.0,0.7000000000000001,C,hf,2,[H:16][C:7]1([C:6]([C:5]([C:4]([C:9]([C:8]1([H:18])[H:19])([H:20])[H:21])([H:11])[C:2](=[O:1])[O:3][H:10])([H:12])[H:13])([H:14])[H:15])[H:17],,
2,-0.5347399195266324,RESP2,PW6B95/cc-pV(D+d)Z,1.0,0.7000000000000001,O,hf,3,[H:16][C:7]1([C:6]([C:5]([C:4]([C:9]([C:8]1([H:18])[H:19])([H:20])[H:21])([H:11])[C:2](=[O:1])[O:3][H:10])([H:12])[H:13])([H:14])[H:15])[H:17],,
3,0.03315281415291767,RESP2,PW6B95/cc-pV(D+d)Z,1.0,0.7000000000000001,C,hf,4,[H:16][C:7]1([C:6]([C:5]([C:4]([C:9]([C:8]1([H:18])[H:19])([H:20])[H:21])([H:11])[C:2](=[O:1])[O:3][H:10])([H:12])[H:13])([H:14])[H:15])[H:17],,
4,-0.03882865527609705,RESP2,PW6B95/cc-pV(D+d)Z,1.0,0.7000000000000001,C,hf,5,[H:16][C:7]1([C:6]([C:5]([C:4]([C:9]([C:8]1([H:18])[H:19])([H:20])[H:21])([H:11])[C:2](=[O:1])[O:3][H:10])([H:12])[H:13])([H:14])[H:15])[H:17],,
5,0.006617343827710395,RESP2,PW6B95/cc-pV(D+d)Z,1.0,0.7000000000000001,C,hf,6,[H:16][C:7]1([C:6]([C:5]([C:4]([C:9]([C:8]1([H:18])[H:19])([H:20])[H:21])([H:11])[C:2](=[O:1])[O:3][H:10])([H:12])[H:13])([H:14])[H:15])[H:17],,
6,0.002843303273687233,RESP2,PW6B95/cc-pV(D+d)Z,1.0,0.7000000000000001,C,hf,7,[H:16][C:7]1([C:6]([C:5]([C:4]([C:9]([C:8]1([H:18])[H:19])([H:20])[H:21])([H:11])[C:2](=[O:1])[O:3][H:10])([H:12])[H:13])([H:14])[H:15])[H:17],,
7,0.010350221762014332,RESP2,PW6B95/cc-pV(D+d)Z,1.0,0.7000000000000001,C,hf,8,[H:16][C:7]1([C:6]([C:5]([C:4]([C:9]([C:8]1([H:18])[H:19])([H:20])[H:21])([H:11])[C:2](=[O:1])[O:3][H:10])([H:12])[H:13])([H:14])[H:15])[H:17],,
8,-0.02678325629864984,RESP2,PW6B95/cc-pV(D+d)Z,1.0,0.7000000000000001,C,hf,9,[H:16][C:7]1([C:6]([C:5]([C:4]([C:9]([C:8]1([H:18])[H:19])([H:20])[H:21])([H:11])[C:2](=[O:1])[O:3][H:10])([H:12])[H:13])([H:14])[H:15])[H:17],,
9,0.4191431553715637,RESP2,PW6B95/cc-pV(D+d)Z,1.0,0.7000000000000001,H,hf,10,[H:16][C:7]1([C:6]([C:5]([C:4]([C:9]([C:8]1([H:18])[H:19])([H:20])[H:21])([H:11])[C:2](=[O:1])[O:3][H:10])([H:12])[H:13])([H:14])[H:15])[H:17],,
10,0.02550063620366097,RESP2,PW6B95/cc-pV(D+d)Z,1.0,0.7000000000000001,H,hf,11,[H:16][C:7]1([C:6]([C:5]([C:4]([C:9]([C:8]1([H:18])[H:19])([H:20])[H:21])([H:11])[C:2](=[O:1])[O:3][H:10])([H:12])[H:13])([H:14])[H:15])[H:17],,
11,0.018238894230700367,RESP2,PW6B95/cc-pV(D+d)Z,1.0,0.7000000000000001,H,hf,12,[H:16][C:7]1([C:6]([C:5]([C:4]([C:9]([C:8]1([H:18])[H:19])([H:20])[H:21])([H:11])[C:2](=[O:1])[O:3][H:10])([H:12])[H:13])([H:14])[H:15])[H:17],,
12,0.017494573037571796,RESP2,PW6B95/cc-pV(D+d)Z,1.0,0.7000000000000001,H,hf,13,[H:16][C:7]1([C:6]([C:5]([C:4]([C:9]([C:8]1([H:18])[H:19])([H:20])[H:21])([H:11])[C:2](=[O:1])[O:3][H:10])([H:12])[H:13])([H:14])[H:15])[H:17],,
13,0.00526817997179934,RESP2,PW6B95/cc-pV(D+d)Z,1.0,0.7000000000000001,H,hf,14,[H:16][C:7]1([C:6]([C:5]([C:4]([C:9]([C:8]1([H:18])[H:19])([H:20])[H:21])([H:11])[C:2](=[O:1])[O:3][H:10])([H:12])[H:13])([H:14])[H:15])[H:17],,
14,0.003836730093207016,RESP2,PW6B95/cc-pV(D+d)Z,1.0,0.7000000000000001,H,hf,15,[H:16][C:7]1([C:6]([C:5]([C:4]([C:9]([C:8]1([H:18])[H:19])([H:20])[H:21])([H:11])[C:2](=[O:1])[O:3][H:10])([H:12])[H:13])([H:14])[H:15])[H:17],,
15,-0.0011123806606272927,RESP2,PW6B95/cc-pV(D+d)Z,1.0,0.7000000000000001,H,hf,16,[H:16][C:7]1([C:6]([C:5]([C:4]([C:9]([C:8]1([H:18])[H:19])([H:20])[H:21])([H:11])[C:2](=[O:1])[O:3][H:10])([H:12])[H:13])([H:14])[H:15])[H:17],,
16,0.0031174176771103053,RESP2,PW6B95/cc-pV(D+d)Z,1.0,0.7000000000000001,H,hf,17,[H:16][C:7]1([C:6]([C:5]([C:4]([C:9]([C:8]1([H:18])[H:19])([H:20])[H:21])([H:11])[C:2](=[O:1])[O:3][H:10])([H:12])[H:13])([H:14])[H:15])[H:17],,
17,0.004019913034320524,RESP2,PW6B95/cc-pV(D+d)Z,1.0,0.7000000000000001,H,hf,18,[H:16][C:7]1([C:6]([C:5]([C:4]([C:9]([C:8]1([H:18])[H:19])([H:20])[H:21])([H:11])[C:2](=[O:1])[O:3][H:10])([H:12])[H:13])([H:14])[H:15])[H:17],,
18,0.0010758388275995045,RESP2,PW6B95/cc-pV(D+d)Z,1.0,0.7000000000000001,H,hf,19,[H:16][C:7]1([C:6]([C:5]([C:4]([C:9]([C:8]1([H:18])[H:19])([H:20])[H:21])([H:11])[C:2](=[O:1])[O:3][H:10])([H:12])[H:13])([H:14])[H:15])[H:17],,
19,0.013210651521209829,RESP2,PW6B95/cc-pV(D+d)Z,1.0,0.7000000000000001,H,hf,20,[H:16][C:7]1([C:6]([C:5]([C:4]([C:9]([C:8]1([H:18])[H:19])([H:20])[H:21])([H:11])[C:2](=[O:1])[O:3][H:10])([H:12])[H:13])([H:14])[H:15])[H:17],,
20,0.014613079833985023,RESP2,PW6B95/cc-pV(D+d)Z,1.0,0.7000000000000001,H,hf,21,[H:16][C:7]1([C:6]([C:5]([C:4]([C:9]([C:8]1([H:18])[H:19])([H:20])[H:21])([H:11])[C:2](=[O:1])[O:3][H:10])([H:12])[H:13])([H:14])[H:15])[H:17],,
0,-0.5269941831552819,RESP2,PW6B95/cc-pV(D+d)Z,1.0,0.75,O,hf,1,[H:16][C:7]1([C:6]([C:5]([C:4]([C:9]([C:8]1([H:18])[H:19])([H:20])[H:21])([H:11])[C:2](=[O:1])[O:3][H:10])([H:12])[H:13])([H:14])[H:15])[H:17],,
1,0.5486222507081371,RESP2,PW6B95/cc-pV(D+d)Z,1.0,0.75,C,hf,2,[H:16][C:7]1([C:6]([C:5]([C:4]([C:9]([C:8]1([H:18])[H:19])([H:20])[H:21])([H:11])[C:2](=[O:1])[O:3][H:10])([H:12])[H:13])([H:14])[H:15])[H:17],,
2,-0.5358212778578513,RESP2,PW6B95/cc-pV(D+d)Z,1.0,0.75,O,hf,3,[H:16][C:7]1([C:6]([C:5]([C:4]([C:9]([C:8]1([H:18])[H:19])([H:20])[H:21])([H:11])[C:2](=[O:1])[O:3][H:10])([H:12])[H:13])([H:14])[H:15])[H:17],,
3,0.031745797974159794,RESP2,PW6B95/cc-pV(D+d)Z,1.0,0.75,C,hf,4,[H:16][C:7]1([C:6]([C:5]([C:4]([C:9]([C:8]1([H:18])[H:19])([H:20])[H:21])([H:11])[C:2](=[O:1])[O:3][H:10])([H:12])[H:13])([H:14])[H:15])[H:17],,
4,-0.03839687472341111,RESP2,PW6B95/cc-pV(D+d)Z,1.0,0.75,C,hf,5,[H:16][C:7]1([C:6]([C:5]([C:4]([C:9]([C:8]1([H:18])[H:19])([H:20])[H:21])([H:11])[C:2](=[O:1])[O:3][H:10])([H:12])[H:13])([H:14])[H:15])[H:17],,
5,0.0065330320352910394,RESP2,PW6B95/cc-pV(D+d)Z,1.0,0.75,C,hf,6,[H:16][C:7]1([C:6]([C:5]([C:4]([C:9]([C:8]1([H:18])[H:19])([H:20])[H:21])([H:11])[C:2](=[O:1])[O:3][H:10])([H:12])[H:13])([H:14])[H:15])[H:17],,
6,0.0051884618935100196,RESP2,PW6B95/cc-pV(D+d)Z,1.0,0.75,C,hf,7,[H:16][C:7]1([C:6]([C:5]([C:4]([C:9]([C:8]1([H:18])[H:19])([H:20])[H:21])([H:11])[C:2](=[O:1])[O:3][H:10])([H:12])[H:13])([H:14])[H:15])[H:17],,
7,0.008548912706269826,RESP2,PW6B95/cc-pV(D+d)Z,1.0,0.75,C,hf,8,[H:16][C:7]1([C:6]([C:5]([C:4]([C:9]([C:8]1([H:18])[H:19])([H:20])[H:21])([H:11])[C:2](=[O:1])[O:3][H:10])([H:12])[H:13])([H:14])[H:15])[H:17],,
8,-0.025497964349509048,RESP2,PW6B95/cc-pV(D+d)Z,1.0,0.75,C,hf,9,[H:16][C:7]1([C:6]([C:5]([C:4]([C:9]([C:8]1([H:18])[H:19])([H:20])[H:21])([H:11])[C:2](=[O:1])[O:3][H:10])([H:12])[H:13])([H:14])[H:15])[H:17],,
9,0.42087616144894335,RESP2,PW6B95/cc-pV(D+d)Z,1.0,0.75,H,hf,10,[H:16][C:7]1([C:6]([C:5]([C:4]([C:9]([C:8]1([H:18])[H:19])([H:20])[H:21])([H:11])[C:2](=[O:1])[O:3][H:10])([H:12])[H:13])([H:14])[H:15])[H:17],,
10,0.026447912117068765,RESP2,PW6B95/cc-pV(D+d)Z,1.0,0.75,H,hf,11,[H:16][C:7]1([C:6]([C:5]([C:4]([C:9]([C:8]1([H:18])[H:19])([H:20])[H:21])([H:11])[C:2](=[O:1])[O:3][H:10])([H:12])[H:13])([H:14])[H:15])[H:17],,
11,0.018074649801964868,RESP2,PW6B95/cc-pV(D+d)Z,1.0,0.75,H,hf,12,[H:16][C:7]1([C:6]([C:5]([C:4]([C:9]([C:8]1([H:18])[H:19])([H:20])[H:21])([H:11])[C:2](=[O:1])[O:3][H:10])([H:12])[H:13])([H:14])[H:15])[H:17],,
12,0.01769974127147614,RESP2,PW6B95/cc-pV(D+d)Z,1.0,0.75,H,hf,13,[H:16][C:7]1([C:6]([C:5]([C:4]([C:9]([C:8]1([H:18])[H:19])([H:20])[H:21])([H:11])[C:2](=[O:1])[O:3][H:10])([H:12])[H:13])([H:14])[H:15])[H:17],,
13,0.005191084812760843,RESP2,PW6B95/cc-pV(D+d)Z,1.0,0.75,H,hf,14,[H:16][C:7]1([C:6]([C:5]([C:4]([C:9]([C:8]1([H:18])[H:19])([H:20])[H:21])([H:11])[C:2](=[O:1])[O:3][H:10])([H:12])[H:13])([H:14])[H:15])[H:17],,
14,0.0036379963541975247,RESP2,PW6B95/cc-pV(D+d)Z,1.0,0.75,H,hf,15,[H:16][C:7]1([C:6]([C:5]([C:4]([C:9]([C:8]1([H:18])[H:19])([H:20])[H:21])([H:11])[C:2](=[O:1])[O:3][H:10])([H:12])[H:13])([H:14])[H:15])[H:17],,
15,-0.0016762108582789475,RESP2,PW6B95/cc-pV(D+d)Z,1.0,0.75,H,hf,16,[H:16][C:7]1([C:6]([C:5]([C:4]([C:9]([C:8]1([H:18])[H:19])([H:20])[H:21])([H:11])[C:2](=[O:1])[O:3][H:10])([H:12])[H:13])([H:14])[H:15])[H:17],,
16,0.0025188918581451553,RESP2,PW6B95/cc-pV(D+d)Z,1.0,0.75,H,hf,17,[H:16][C:7]1([C:6]([C:5]([C:4]([C:9]([C:8]1([H:18])[H:19])([H:20])[H:21])([H:11])[C:2](=[O:1])[O:3][H:10])([H:12])[H:13])([H:14])[H:15])[H:17],,
17,0.004458968724251059,RESP2,PW6B95/cc-pV(D+d)Z,1.0,0.75,H,hf,18,[H:16][C:7]1([C:6]([C:5]([C:4]([C:9]([C:8]1([H:18])[H:19])([H:20])[H:21])([H:11])[C:2](=[O:1])[O:3][H:10])([H:12])[H:13])([H:14])[H:15])[H:17],,
18,0.0014939456116634404,RESP2,PW6B95/cc-pV(D+d)Z,1.0,0.75,H,hf,19,[H:16][C:7]1([C:6]([C:5]([C:4]([C:9]([C:8]1([H:18])[H:19])([H:20])[H:21])([H:11])[C:2](=[O:1])[O:3][H:10])([H:12])[H:13])([H:14])[H:15])[H:17],,
19,0.012938174081526954,RESP2,PW6B95/cc-pV(D+d)Z,1.0,0.75,H,hf,20,[H:16][C:7]1([C:6]([C:5]([C:4]([C:9]([C:8]1([H:18])[H:19])([H:20])[H:21])([H:11])[C:2](=[O:1])[O:3][H:10])([H:12])[H:13])([H:14])[H:15])[H:17],,
20,0.014410529544966551,RESP2,PW6B95/cc-pV(D+d)Z,1.0,0.75,H,hf,21,[H:16][C:7]1([C:6]([C:5]([C:4]([C:9]([C:8]1([H:18])[H:19])([H:20])[H:21])([H:11])[C:2](=[O:1])[O:3][H:10])([H:12])[H:13])([H:14])[H:15])[H:17],,
0,-0.5300168766304594,RESP2,PW6B95/cc-pV(D+d)Z,1.0,0.8,O,hf,1,[H:16][C:7]1([C:6]([C:5]([C:4]([C:9]([C:8]1([H:18])[H:19])([H:20])[H:21])([H:11])[C:2](=[O:1])[O:3][H:10])([H:12])[H:13])([H:14])[H:15])[H:17],,
1,0.550291552793221,RESP2,PW6B95/cc-pV(D+d)Z,1.0,0.8,C,hf,2,[H:16][C:7]1([C:6]([C:5]([C:4]([C:9]([C:8]1([H:18])[H:19])([H:20])[H:21])([H:11])[C:2](=[O:1])[O:3][H:10])([H:12])[H:13])([H:14])[H:15])[H:17],,
2,-0.5369026361890704,RESP2,PW6B95/cc-pV(D+d)Z,1.0,0.8,O,hf,3,[H:16][C:7]1([C:6]([C:5]([C:4]([C:9]([C:8]1([H:18])[H:19])([H:20])[H:21])([H:11])[C:2](=[O:1])[O:3][H:10])([H:12])[H:13])([H:14])[H:15])[H:17],,
3,0.030338781795401937,RESP2,PW6B95/cc-pV(D+d)Z,1.0,0.8,C,hf,4,[H:16][C:7]1([C:6]([C:5]([C:4]([C:9]([C:8]1([H:18])[H:19])([H:20])[H:21])([H:11])[C:2](=[O:1])[O:3][H:10])([H:12])[H:13])([H:14])[H:15])[H:17],,
4,-0.037965094170725154,RESP2,PW6B95/cc-pV(D+d)Z,1.0,0.8,C,hf,5,[H:16][C:7]1([C:6]([C:5]([C:4]([C:9]([C:8]1([H:18])[H:19])([H:20])[H:21])([H:11])[C:2](=[O:1])[O:3][H:10])([H:12])[H:13])([H:14])[H:15])[H:17],,
5,0.006448720242871701,RESP2,PW6B95/cc-pV(D+d)Z,1.0,0.8,C,hf,6,[H:16][C:7]1([C:6]([C:5]([C:4]([C:9]([C:8]1([H:18])[H:19])([H:20])[H:21])([H:11])[C:2](=[O:1])[O:3][H:10])([H:12])[H:13])([H:14])[H:15])[H:17],,
6,0.007533620513332826,RESP2,PW6B95/cc-pV(D+d)Z,1.0,0.8,C,hf,7,[H:16][C:7]1([C:6]([C:5]([C:4]([C:9]([C:8]1([H:18])[H:19])([H:20])[H:21])([H:11])[C:2](=[O:1])[O:3][H:10])([H:12])[H:13])([H:14])[H:15])[H:17],,
7,0.006747603650525331,RESP2,PW6B95/cc-pV(D+d)Z,1.0,0.8,C,hf,8,[H:16][C:7]1([C:6]([C:5]([C:4]([C:9]([C:8]1([H:18])[H:19])([H:20])[H:21])([H:11])[C:2](=[O:1])[O:3][H:10])([H:12])[H:13])([H:14])[H:15])[H:17],,
8,-0.02421267240036824,RESP2,PW6B95/cc-pV(D+d)Z,1.0,0.8,C,hf,9,[H:16][C:7]1([C:6]([C:5]([C:4]([C:9]([C:8]1([H:18])[H:19])([H:20])[H:21])([H:11])[C:2](=[O:1])[O:3][H:10])([H:12])[H:13])([H:14])[H:15])[H:17],,
9,0.42260916752632305,RESP2,PW6B95/cc-pV(D+d)Z,1.0,0.8,H,hf,10,[H:16][C:7]1([C:6]([C:5]([C:4]([C:9]([C:8]1([H:18])[H:19])([H:20])[H:21])([H:11])[C:2](=[O:1])[O:3][H:10])([H:12])[H:13])([H:14])[H:15])[H:17],,
10,0.027395188030476577,RESP2,PW6B95/cc-pV(D+d)Z,1.0,0.8,H,hf,11,[H:16][C:7]1([C:6]([C:5]([C:4]([C:9]([C:8]1([H:18])[H:19])([H:20])[H:21])([H:11])[C:2](=[O:1])[O:3][H:10])([H:12])[H:13])([H:14])[H:15])[H:17],,
11,0.01791040537322938,RESP2,PW6B95/cc-pV(D+d)Z,1.0,0.8,H,hf,12,[H:16][C:7]1([C:6]([C:5]([C:4]([C:9]([C:8]1([H:18])[H:19])([H:20])[H:21])([H:11])[C:2](=[O:1])[O:3][H:10])([H:12])[H:13])([H:14])[H:15])[H:17],,
12,0.017904909505380498,RESP2,PW6B95/cc-pV(D+d)Z,1.0,0.8,H,hf,13,[H:16][C:7]1([C:6]([C:5]([C:4]([C:9]([C:8]1([H:18])[H:19])([H:20])[H:21])([H:11])[C:2](=[O:1])[O:3][H:10])([H:12])[H:13])([H:14])[H:15])[H:17],,
13,0.005113989653722364,RESP2,PW6B95/cc-pV(D+d)Z,1.0,0.8,H,hf,14,[H:16][C:7]1([C:6]([C:5]([C:4]([C:9]([C:8]1([H:18])[H:19])([H:20])[H:21])([H:11])[C:2](=[O:1])[O:3][H:10])([H:12])[H:13])([H:14])[H:15])[H:17],,
14,0.00343926261518805,RESP2,PW6B95/cc-pV(D+d)Z,1.0,0.8,H,hf,15,[H:16][C:7]1([C:6]([C:5]([C:4]([C:9]([C:8]1([H:18])[H:19])([H:20])[H:21])([H:11])[C:2](=[O:1])[O:3][H:10])([H:12])[H:13])([H:14])[H:15])[H:17],,
15,-0.0022400410559305865,RESP2,PW6B95/cc-pV(D+d)Z,1.0,0.8,H,hf,16,[H:16][C:7]1([C:6]([C:5]([C:4]([C:9]([C:8]1([H:18])[H:19])([H:20])[H:21])([H:11])[C:2](=[O:1])[O:3][H:10])([H:12])[H:13])([H:14])[H:15])[H:17],,
16,0.0019203660391800212,RESP2,PW6B95/cc-pV(D+d)Z,1.0,0.8,H,hf,17,[H:16][C:7]1([C:6]([C:5]([C:4]([C:9]([C:8]1([H:18])[H:19])([H:20])[H:21])([H:11])[C:2](=[O:1])[O:3][H:10])([H:12])[H:13])([H:14])[H:15])[H:17],,
17,0.004898024414181613,RESP2,PW6B95/cc-pV(D+d)Z,1.0,0.8,H,hf,18,[H:16][C:7]1([C:6]([C:5]([C:4]([C:9]([C:8]1([H:18])[H:19])([H:20])[H:21])([H:11])[C:2](=[O:1])[O:3][H:10])([H:12])[H:13])([H:14])[H:15])[H:17],,
18,0.0019120523957273947,RESP2,PW6B95/cc-pV(D+d)Z,1.0,0.8,H,hf,19,[H:16][C:7]1([C:6]([C:5]([C:4]([C:9]([C:8]1([H:18])[H:19])([H:20])[H:21])([H:11])[C:2](=[O:1])[O:3][H:10])([H:12])[H:13])([H:14])[H:15])[H:17],,
19,0.012665696641844094,RESP2,PW6B95/cc-pV(D+d)Z,1.0,0.8,H,hf,20,[H:16][C:7]1([C:6]([C:5]([C:4]([C:9]([C:8]1([H:18])[H:19])([H:20])[H:21])([H:11])[C:2](=[O:1])[O:3][H:10])([H:12])[H:13])([H:14])[H:15])[H:17],,
20,0.014207979255948093,RESP2,PW6B95/cc-pV(D+d)Z,1.0,0.8,H,hf,21,[H:16][C:7]1([C:6]([C:5]([C:4]([C:9]([C:8]1([H:18])[H:19])([H:20])[H:21])([H:11])[C:2](=[O:1])[O:3][H:10])([H:12])[H:13])([H:14])[H:15])[H:17],,
0,-0.5330395701056367,RESP2,PW6B95/cc-pV(D+d)Z,1.0,0.8500000000000001,O,hf,1,[H:16][C:7]1([C:6]([C:5]([C:4]([C:9]([C:8]1([H:18])[H:19])([H:20])[H:21])([H:11])[C:2](=[O:1])[O:3][H:10])([H:12])[H:13])([H:14])[H:15])[H:17],,
1,0.5519608548783048,RESP2,PW6B95/cc-pV(D+d)Z,1.0,0.8500000000000001,C,hf,2,[H:16][C:7]1([C:6]([C:5]([C:4]([C:9]([C:8]1([H:18])[H:19])([H:20])[H:21])([H:11])[C:2](=[O:1])[O:3][H:10])([H:12])[H:13])([H:14])[H:15])[H:17],,
2,-0.5379839945202896,RESP2,PW6B95/cc-pV(D+d)Z,1.0,0.8500000000000001,O,hf,3,[H:16][C:7]1([C:6]([C:5]([C:4]([C:9]([C:8]1([H:18])[H:19])([H:20])[H:21])([H:11])[C:2](=[O:1])[O:3][H:10])([H:12])[H:13])([H:14])[H:15])[H:17],,
3,0.028931765616644067,RESP2,PW6B95/cc-pV(D+d)Z,1.0,0.8500000000000001,C,hf,4,[H:16][C:7]1([C:6]([C:5]([C:4]([C:9]([C:8]1([H:18])[H:19])([H:20])[H:21])([H:11])[C:2](=[O:1])[O:3][H:10])([H:12])[H:13])([H:14])[H:15])[H:17],,
4,-0.037533313618039195,RESP2,PW6B95/cc-pV(D+d)Z,1.0,0.8500000000000001,C,hf,5,[H:16][C:7]1([C:6]([C:5]([C:4]([C:9]([C:8]1([H:18])[H:19])([H:20])[H:21])([H:11])[C:2](=[O:1])[O:3][H:10])([H:12])[H:13])([H:14])[H:15])[H:17],,
5,0.006364408450452356,RESP2,PW6B95/cc-pV(D+d)Z,1.0,0.8500000000000001,C,hf,6,[H:16][C:7]1([C:6]([C:5]([C:4]([C:9]([C:8]1([H:18])[H:19])([H:20])[H:21])([H:11])[C:2](=[O:1])[O:3][H:10])([H:12])[H:13])([H:14])[H:15])[H:17],,
6,0.009878779133155626,RESP2,PW6B95/cc-pV(D+d)Z,1.0,0.8500000000000001,C,hf,7,[H:16][C:7]1([C:6]([C:5]([C:4]([C:9]([C:8]1([H:18])[H:19])([H:20])[H:21])([H:11])[C:2](=[O:1])[O:3][H:10])([H:12])[H:13])([H:14])[H:15])[H:17],,
7,0.004946294594780829,RESP2,PW6B95/cc-pV(D+d)Z,1.0,0.8500000000000001,C,hf,8,[H:16][C:7]1([C:6]([C:5]([C:4]([C:9]([C:8]1([H:18])[H:19])([H:20])[H:21])([H:11])[C:2](=[O:1])[O:3][H:10])([H:12])[H:13])([H:14])[H:15])[H:17],,
8,-0.022927380451227438,RESP2,PW6B95/cc-pV(D+d)Z,1.0,0.8500000000000001,C,hf,9,[H:16][C:7]1([C:6]([C:5]([C:4]([C:9]([C:8]1([H:18])[H:19])([H:20])[H:21])([H:11])[C:2](=[O:1])[O:3][H:10])([H:12])[H:13])([H:14])[H:15])[H:17],,
9,0.42434217360370263,RESP2,PW6B95/cc-pV(D+d)Z,1.0,0.8500000000000001,H,hf,10,[H:16][C:7]1([C:6]([C:5]([C:4]([C:9]([C:8]1([H:18])[H:19])([H:20])[H:21])([H:11])[C:2](=[O:1])[O:3][H:10])([H:12])[H:13])([H:14])[H:15])[H:17],,
10,0.028342463943884386,RESP2,PW6B95/cc-pV(D+d)Z,1.0,0.8500000000000001,H,hf,11,[H:16][C:7]1([C:6]([C:5]([C:4]([C:9]([C:8]1([H:18])[H:19])([H:20])[H:21])([H:11])[C:2](=[O:1])[O:3][H:10])([H:12])[H:13])([H:14])[H:15])[H:17],,
11,0.01774616094449389,RESP2,PW6B95/cc-pV(D+d)Z,1.0,0.8500000000000001,H,hf,12,[H:16][C:7]1([C:6]([C:5]([C:4]([C:9]([C:8]1([H:18])[H:19])([H:20])[H:21])([H:11])[C:2](=[O:1])[O:3][H:10])([H:12])[H:13])([H:14])[H:15])[H:17],,
12,0.01811007773928485,RESP2,PW6B95/cc-pV(D+d)Z,1.0,0.8500000000000001,H,hf,13,[H:16][C:7]1([C:6]([C:5]([C:4]([C:9]([C:8]1([H:18])[H:19])([H:20])[H:21])([H:11])[C:2](=[O:1])[O:3][H:10])([H:12])[H:13])([H:14])[H:15])[H:17],,
13,0.005036894494683877,RESP2,PW6B95/cc-pV(D+d)Z,1.0,0.8500000000000001,H,hf,14,[H:16][C:7]1([C:6]([C:5]([C:4]([C:9]([C:8]1([H:18])[H:19])([H:20])[H:21])([H:11])[C:2](=[O:1])[O:3][H:10])([H:12])[H:13])([H:14])[H:15])[H:17],,
14,0.003240528876178569,RESP2,PW6B95/cc-pV(D+d)Z,1.0,0.8500000000000001,H,hf,15,[H:16][C:7]1([C:6]([C:5]([C:4]([C:9]([C:8]1([H:18])[H:19])([H:20])[H:21])([H:11])[C:2](=[O:1])[O:3][H:10])([H:12])[H:13])([H:14])[H:15])[H:17],,
15,-0.002803871253582232,RESP2,PW6B95/cc-pV(D+d)Z,1.0,0.8500000000000001,H,hf,16,[H:16][C:7]1([C:6]([C:5]([C:4]([C:9]([C:8]1([H:18])[H:19])([H:20])[H:21])([H:11])[C:2](=[O:1])[O:3][H:10])([H:12])[H:13])([H:14])[H:15])[H:17],,
16,0.0013218402202148797,RESP2,PW6B95/cc-pV(D+d)Z,1.0,0.8500000000000001,H,hf,17,[H:16][C:7]1([C:6]([C:5]([C:4]([C:9]([C:8]1([H:18])[H:19])([H:20])[H:21])([H:11])[C:2](=[O:1])[O:3][H:10])([H:12])[H:13])([H:14])[H:15])[H:17],,
17,0.005337080104112159,RESP2,PW6B95/cc-pV(D+d)Z,1.0,0.8500000000000001,H,hf,18,[H:16][C:7]1([C:6]([C:5]([C:4]([C:9]([C:8]1([H:18])[H:19])([H:20])[H:21])([H:11])[C:2](=[O:1])[O:3][H:10])([H:12])[H:13])([H:14])[H:15])[H:17],,
18,0.002330159179791342,RESP2,PW6B95/cc-pV(D+d)Z,1.0,0.8500000000000001,H,hf,19,[H:16][C:7]1([C:6]([C:5]([C:4]([C:9]([C:8]1([H:18])[H:19])([H:20])[H:21])([H:11])[C:2](=[O:1])[O:3][H:10])([H:12])[H:13])([H:14])[H:15])[H:17],,
19,0.012393219202161226,RESP2,PW6B95/cc-pV(D+d)Z,1.0,0.8500000000000001,H,hf,20,[H:16][C:7]1([C:6]([C:5]([C:4]([C:9]([C:8]1([H:18])[H:19])([H:20])[H:21])([H:11])[C:2](=[O:1])[O:3][H:10])([H:12])[H:13])([H:14])[H:15])[H:17],,
20,0.014005428966929627,RESP2,PW6B95/cc-pV(D+d)Z,1.0,0.8500000000000001,H,hf,21,[H:16][C:7]1([C:6]([C:5]([C:4]([C:9]([C:8]1([H:18])[H:19])([H:20])[H:21])([H:11])[C:2](=[O:1])[O:3][H:10])([H:12])[H:13])([H:14])[H:15])[H:17],,
0,-0.5360622635808141,RESP2,PW6B95/cc-pV(D+d)Z,1.0,0.9,O,hf,1,[H:16][C:7]1([C:6]([C:5]([C:4]([C:9]([C:8]1([H:18])[H:19])([H:20])[H:21])([H:11])[C:2](=[O:1])[O:3][H:10])([H:12])[H:13])([H:14])[H:15])[H:17],,
1,0.5536301569633888,RESP2,PW6B95/cc-pV(D+d)Z,1.0,0.9,C,hf,2,[H:16][C:7]1([C:6]([C:5]([C:4]([C:9]([C:8]1([H:18])[H:19])([H:20])[H:21])([H:11])[C:2](=[O:1])[O:3][H:10])([H:12])[H:13])([H:14])[H:15])[H:17],,
2,-0.5390653528515087,RESP2,PW6B95/cc-pV(D+d)Z,1.0,0.9,O,hf,3,[H:16][C:7]1([C:6]([C:5]([C:4]([C:9]([C:8]1([H:18])[H:19])([H:20])[H:21])([H:11])[C:2](=[O:1])[O:3][H:10])([H:12])[H:13])([H:14])[H:15])[H:17],,
3,0.02752474943788619,RESP2,PW6B95/cc-pV(D+d)Z,1.0,0.9,C,hf,4,[H:16][C:7]1([C:6]([C:5]([C:4]([C:9]([C:8]1([H:18])[H:19])([H:20])[H:21])([H:11])[C:2](=[O:1])[O:3][H:10])([H:12])[H:13])([H:14])[H:15])[H:17],,
4,-0.03710153306535326,RESP2,PW6B95/cc-pV(D+d)Z,1.0,0.9,C,hf,5,[H:16][C:7]1([C:6]([C:5]([C:4]([C:9]([C:8]1([H:18])[H:19])([H:20])[H:21])([H:11])[C:2](=[O:1])[O:3][H:10])([H:12])[H:13])([H:14])[H:15])[H:17],,
5,0.006280096658032998,RESP2,PW6B95/cc-pV(D+d)Z,1.0,0.9,C,hf,6,[H:16][C:7]1([C:6]([C:5]([C:4]([C:9]([C:8]1([H:18])[H:19])([H:20])[H:21])([H:11])[C:2](=[O:1])[O:3][H:10])([H:12])[H:13])([H:14])[H:15])[H:17],,
6,0.012223937752978408,RESP2,PW6B95/cc-pV(D+d)Z,1.0,0.9,C,hf,7,[H:16][C:7]1([C:6]([C:5]([C:4]([C:9]([C:8]1([H:18])[H:19])([H:20])[H:21])([H:11])[C:2](=[O:1])[O:3][H:10])([H:12])[H:13])([H:14])[H:15])[H:17],,
7,0.003144985539036318,RESP2,PW6B95/cc-pV(D+d)Z,1.0,0.9,C,hf,8,[H:16][C:7]1([C:6]([C:5]([C:4]([C:9]([C:8]1([H:18])[H:19])([H:20])[H:21])([H:11])[C:2](=[O:1])[O:3][H:10])([H:12])[H:13])([H:14])[H:15])[H:17],,
8,-0.021642088502086654,RESP2,PW6B95/cc-pV(D+d)Z,1.0,0.9,C,hf,9,[H:16][C:7]1([C:6]([C:5]([C:4]([C:9]([C:8]1([H:18])[H:19])([H:20])[H:21])([H:11])[C:2](=[O:1])[O:3][H:10])([H:12])[H:13])([H:14])[H:15])[H:17],,
9,0.42607517968108227,RESP2,PW6B95/cc-pV(D+d)Z,1.0,0.9,H,hf,10,[H:16][C:7]1([C:6]([C:5]([C:4]([C:9]([C:8]1([H:18])[H:19])([H:20])[H:21])([H:11])[C:2](=[O:1])[O:3][H:10])([H:12])[H:13])([H:14])[H:15])[H:17],,
10,0.029289739857292173,RESP2,PW6B95/cc-pV(D+d)Z,1.0,0.9,H,hf,11,[H:16][C:7]1([C:6]([C:5]([C:4]([C:9]([C:8]1([H:18])[H:19])([H:20])[H:21])([H:11])[C:2](=[O:1])[O:3][H:10])([H:12])[H:13])([H:14])[H:15])[H:17],,
11,0.01758191651575838,RESP2,PW6B95/cc-pV(D+d)Z,1.0,0.9,H,hf,12,[H:16][C:7]1([C:6]([C:5]([C:4]([C:9]([C:8]1([H:18])[H:19])([H:20])[H:21])([H:11])[C:2](=[O:1])[O:3][H:10])([H:12])[H:13])([H:14])[H:15])[H:17],,
12,0.018315245973189186,RESP2,PW6B95/cc-pV(D+d)Z,1.0,0.9,H,hf,13,[H:16][C:7]1([C:6]([C:5]([C:4]([C:9]([C:8]1([H:18])[H:19])([H:20])[H:21])([H:11])[C:2](=[O:1])[O:3][H:10])([H:12])[H:13])([H:14])[H:15])[H:17],,
13,0.004959799335645378,RESP2,PW6B95/cc-pV(D+d)Z,1.0,0.9,H,hf,14,[H:16][C:7]1([C:6]([C:5]([C:4]([C:9]([C:8]1([H:18])[H:19])([H:20])[H:21])([H:11])[C:2](=[O:1])[O:3][H:10])([H:12])[H:13])([H:14])[H:15])[H:17],,
14,0.0030417951371690733,RESP2,PW6B95/cc-pV(D+d)Z,1.0,0.9,H,hf,15,[H:16][C:7]1([C:6]([C:5]([C:4]([C:9]([C:8]1([H:18])[H:19])([H:20])[H:21])([H:11])[C:2](=[O:1])[O:3][H:10])([H:12])[H:13])([H:14])[H:15])[H:17],,
15,-0.0033677014512338913,RESP2,PW6B95/cc-pV(D+d)Z,1.0,0.9,H,hf,16,[H:16][C:7]1([C:6]([C:5]([C:4]([C:9]([C:8]1([H:18])[H:19])([H:20])[H:21])([H:11])[C:2](=[O:1])[O:3][H:10])([H:12])[H:13])([H:14])[H:15])[H:17],,
16,0.0007233144012497254,RESP2,PW6B95/cc-pV(D+d)Z,1.0,0.9,H,hf,17,[H:16][C:7]1([C:6]([C:5]([C:4]([C:9]([C:8]1([H:18])[H:19])([H:20])[H:21])([H:11])[C:2](=[O:1])[O:3][H:10])([H:12])[H:13])([H:14])[H:15])[H:17],,
17,0.005776135794042692,RESP2,PW6B95/cc-pV(D+d)Z,1.0,0.9,H,hf,18,[H:16][C:7]1([C:6]([C:5]([C:4]([C:9]([C:8]1([H:18])[H:19])([H:20])[H:21])([H:11])[C:2](=[O:1])[O:3][H:10])([H:12])[H:13])([H:14])[H:15])[H:17],,
18,0.002748265963855273,RESP2,PW6B95/cc-pV(D+d)Z,1.0,0.9,H,hf,19,[H:16][C:7]1([C:6]([C:5]([C:4]([C:9]([C:8]1([H:18])[H:19])([H:20])[H:21])([H:11])[C:2](=[O:1])[O:3][H:10])([H:12])[H:13])([H:14])[H:15])[H:17],,
19,0.012120741762478347,RESP2,PW6B95/cc-pV(D+d)Z,1.0,0.9,H,hf,20,[H:16][C:7]1([C:6]([C:5]([C:4]([C:9]([C:8]1([H:18])[H:19])([H:20])[H:21])([H:11])[C:2](=[O:1])[O:3][H:10])([H:12])[H:13])([H:14])[H:15])[H:17],,
20,0.013802878677911148,RESP2,PW6B95/cc-pV(D+d)Z,1.0,0.9,H,hf,21,[H:16][C:7]1([C:6]([C:5]([C:4]([C:9]([C:8]1([H:18])[H:19])([H:20])[H:21])([H:11])[C:2](=[O:1])[O:3][H:10])([H:12])[H:13])([H:14])[H:15])[H:17],,
0,-0.5390849570559914,RESP2,PW6B95/cc-pV(D+d)Z,1.0,0.9500000000000001,O,hf,1,[H:16][C:7]1([C:6]([C:5]([C:4]([C:9]([C:8]1([H:18])[H:19])([H:20])[H:21])([H:11])[C:2](=[O:1])[O:3][H:10])([H:12])[H:13])([H:14])[H:15])[H:17],,
1,0.5552994590484727,RESP2,PW6B95/cc-pV(D+d)Z,1.0,0.9500000000000001,C,hf,2,[H:16][C:7]1([C:6]([C:5]([C:4]([C:9]([C:8]1([H:18])[H:19])([H:20])[H:21])([H:11])[C:2](=[O:1])[O:3][H:10])([H:12])[H:13])([H:14])[H:15])[H:17],,
2,-0.5401467111827277,RESP2,PW6B95/cc-pV(D+d)Z,1.0,0.9500000000000001,O,hf,3,[H:16][C:7]1([C:6]([C:5]([C:4]([C:9]([C:8]1([H:18])[H:19])([H:20])[H:21])([H:11])[C:2](=[O:1])[O:3][H:10])([H:12])[H:13])([H:14])[H:15])[H:17],,
3,0.026117733259128334,RESP2,PW6B95/cc-pV(D+d)Z,1.0,0.9500000000000001,C,hf,4,[H:16][C:7]1([C:6]([C:5]([C:4]([C:9]([C:8]1([H:18])[H:19])([H:20])[H:21])([H:11])[C:2](=[O:1])[O:3][H:10])([H:12])[H:13])([H:14])[H:15])[H:17],,
4,-0.036669752512667304,RESP2,PW6B95/cc-pV(D+d)Z,1.0,0.9500000000000001,C,hf,5,[H:16][C:7]1([C:6]([C:5]([C:4]([C:9]([C:8]1([H:18])[H:19])([H:20])[H:21])([H:11])[C:2](=[O:1])[O:3][H:10])([H:12])[H:13])([H:14])[H:15])[H:17],,
5,0.006195784865613661,RESP2,PW6B95/cc-pV(D+d)Z,1.0,0.9500000000000001,C,hf,6,[H:16][C:7]1([C:6]([C:5]([C:4]([C:9]([C:8]1([H:18])[H:19])([H:20])[H:21])([H:11])[C:2](=[O:1])[O:3][H:10])([H:12])[H:13])([H:14])[H:15])[H:17],,
6,0.014569096372801215,RESP2,PW6B95/cc-pV(D+d)Z,1.0,0.9500000000000001,C,hf,7,[H:16][C:7]1([C:6]([C:5]([C:4]([C:9]([C:8]1([H:18])[H:19])([H:20])[H:21])([H:11])[C:2](=[O:1])[O:3][H:10])([H:12])[H:13])([H:14])[H:15])[H:17],,
7,0.0013436764832918252,RESP2,PW6B95/cc-pV(D+d)Z,1.0,0.9500000000000001,C,hf,8,[H:16][C:7]1([C:6]([C:5]([C:4]([C:9]([C:8]1([H:18])[H:19])([H:20])[H:21])([H:11])[C:2](=[O:1])[O:3][H:10])([H:12])[H:13])([H:14])[H:15])[H:17],,
8,-0.020356796552945845,RESP2,PW6B95/cc-pV(D+d)Z,1.0,0.9500000000000001,C,hf,9,[H:16][C:7]1([C:6]([C:5]([C:4]([C:9]([C:8]1([H:18])[H:19])([H:20])[H:21])([H:11])[C:2](=[O:1])[O:3][H:10])([H:12])[H:13])([H:14])[H:15])[H:17],,
9,0.4278081857584619,RESP2,PW6B95/cc-pV(D+d)Z,1.0,0.9500000000000001,H,hf,10,[H:16][C:7]1([C:6]([C:5]([C:4]([C:9]([C:8]1([H:18])[H:19])([H:20])[H:21])([H:11])[C:2](=[O:1])[O:3][H:10])([H:12])[H:13])([H:14])[H:15])[H:17],,
10,0.030237015770699992,RESP2,PW6B95/cc-pV(D+d)Z,1.0,0.9500000000000001,H,hf,11,[H:16][C:7]1([C:6]([C:5]([C:4]([C:9]([C:8]1([H:18])[H:19])([H:20])[H:21])([H:11])[C:2](=[O:1])[O:3][H:10])([H:12])[H:13])([H:14])[H:15])[H:17],,
11,0.017417672087022898,RESP2,PW6B95/cc-pV(D+d)Z,1.0,0.9500000000000001,H,hf,12,[H:16][C:7]1([C:6]([C:5]([C:4]([C:9]([C:8]1([H:18])[H:19])([H:20])[H:21])([H:11])[C:2](=[O:1])[O:3][H:10])([H:12])[H:13])([H:14])[H:15])[H:17],,
12,0.018520414207093546,RESP2,PW6B95/cc-pV(D+d)Z,1.0,0.9500000000000001,H,hf,13,[H:16][C:7]1([C:6]([C:5]([C:4]([C:9]([C:8]1([H:18])[H:19])([H:20])[H:21])([H:11])[C:2](=[O:1])[O:3][H:10])([H:12])[H:13])([H:14])[H:15])[H:17],,
13,0.004882704176606899,RESP2,PW6B95/cc-pV(D+d)Z,1.0,0.9500000000000001,H,hf,14,[H:16][C:7]1([C:6]([C:5]([C:4]([C:9]([C:8]1([H:18])[H:19])([H:20])[H:21])([H:11])[C:2](=[O:1])[O:3][H:10])([H:12])[H:13])([H:14])[H:15])[H:17],,
14,0.002843061398159601,RESP2,PW6B95/cc-pV(D+d)Z,1.0,0.9500000000000001,H,hf,15,[H:16][C:7]1([C:6]([C:5]([C:4]([C:9]([C:8]1([H:18])[H:19])([H:20])[H:21])([H:11])[C:2](=[O:1])[O:3][H:10])([H:12])[H:13])([H:14])[H:15])[H:17],,
15,-0.003931531648885528,RESP2,PW6B95/cc-pV(D+d)Z,1.0,0.9500000000000001,H,hf,16,[H:16][C:7]1([C:6]([C:5]([C:4]([C:9]([C:8]1([H:18])[H:19])([H:20])[H:21])([H:11])[C:2](=[O:1])[O:3][H:10])([H:12])[H:13])([H:14])[H:15])[H:17],,
16,0.00012478858228459272,RESP2,PW6B95/cc-pV(D+d)Z,1.0,0.9500000000000001,H,hf,17,[H:16][C:7]1([C:6]([C:5]([C:4]([C:9]([C:8]1([H:18])[H:19])([H:20])[H:21])([H:11])[C:2](=[O:1])[O:3][H:10])([H:12])[H:13])([H:14])[H:15])[H:17],,
17,0.006215191483973247,RESP2,PW6B95/cc-pV(D+d)Z,1.0,0.9500000000000001,H,hf,18,[H:16][C:7]1([C:6]([C:5]([C:4]([C:9]([C:8]1([H:18])[H:19])([H:20])[H:21])([H:11])[C:2](=[O:1])[O:3][H:10])([H:12])[H:13])([H:14])[H:15])[H:17],,
18,0.0031663727479192294,RESP2,PW6B95/cc-pV(D+d)Z,1.0,0.9500000000000001,H,hf,19,[H:16][C:7]1([C:6]([C:5]([C:4]([C:9]([C:8]1([H:18])[H:19])([H:20])[H:21])([H:11])[C:2](=[O:1])[O:3][H:10])([H:12])[H:13])([H:14])[H:15])[H:17],,
19,0.011848264322795487,RESP2,PW6B95/cc-pV(D+d)Z,1.0,0.9500000000000001,H,hf,20,[H:16][C:7]1([C:6]([C:5]([C:4]([C:9]([C:8]1([H:18])[H:19])([H:20])[H:21])([H:11])[C:2](=[O:1])[O:3][H:10])([H:12])[H:13])([H:14])[H:15])[H:17],,
20,0.013600328388892694,RESP2,PW6B95/cc-pV(D+d)Z,1.0,0.9500000000000001,H,hf,21,[H:16][C:7]1([C:6]([C:5]([C:4]([C:9]([C:8]1([H:18])[H:19])([H:20])[H:21])([H:11])[C:2](=[O:1])[O:3][H:10])([H:12])[H:13])([H:14])[H:15])[H:17],,
0,-0.5421076505311688,RESP2,PW6B95/cc-pV(D+d)Z,1.0,1.0,O,hf,1,[H:16][C:7]1([C:6]([C:5]([C:4]([C:9]([C:8]1([H:18])[H:19])([H:20])[H:21])([H:11])[C:2](=[O:1])[O:3][H:10])([H:12])[H:13])([H:14])[H:15])[H:17],,
1,0.5569687611335566,RESP2,PW6B95/cc-pV(D+d)Z,1.0,1.0,C,hf,2,[H:16][C:7]1([C:6]([C:5]([C:4]([C:9]([C:8]1([H:18])[H:19])([H:20])[H:21])([H:11])[C:2](=[O:1])[O:3][H:10])([H:12])[H:13])([H:14])[H:15])[H:17],,
2,-0.5412280695139468,RESP2,PW6B95/cc-pV(D+d)Z,1.0,1.0,O,hf,3,[H:16][C:7]1([C:6]([C:5]([C:4]([C:9]([C:8]1([H:18])[H:19])([H:20])[H:21])([H:11])[C:2](=[O:1])[O:3][H:10])([H:12])[H:13])([H:14])[H:15])[H:17],,
3,0.024710717080370464,RESP2,PW6B95/cc-pV(D+d)Z,1.0,1.0,C,hf,4,[H:16][C:7]1([C:6]([C:5]([C:4]([C:9]([C:8]1([H:18])[H:19])([H:20])[H:21])([H:11])[C:2](=[O:1])[O:3][H:10])([H:12])[H:13])([H:14])[H:15])[H:17],,
4,-0.03623797195998136,RESP2,PW6B95/cc-pV(D+d)Z,1.0,1.0,C,hf,5,[H:16][C:7]1([C:6]([C:5]([C:4]([C:9]([C:8]1([H:18])[H:19])([H:20])[H:21])([H:11])[C:2](=[O:1])[O:3][H:10])([H:12])[H:13])([H:14])[H:15])[H:17],,
5,0.006111473073194306,RESP2,PW6B95/cc-pV(D+d)Z,1.0,1.0,C,hf,6,[H:16][C:7]1([C:6]([C:5]([C:4]([C:9]([C:8]1([H:18])[H:19])([H:20])[H:21])([H:11])[C:2](=[O:1])[O:3][H:10])([H:12])[H:13])([H:14])[H:15])[H:17],,
6,0.016914254992624004,RESP2,PW6B95/cc-pV(D+d)Z,1.0,1.0,C,hf,7,[H:16][C:7]1([C:6]([C:5]([C:4]([C:9]([C:8]1([H:18])[H:19])([H:20])[H:21])([H:11])[C:2](=[O:1])[O:3][H:10])([H:12])[H:13])([H:14])[H:15])[H:17],,
7,-0.0004576325724526817,RESP2,PW6B95/cc-pV(D+d)Z,1.0,1.0,C,hf,8,[H:16][C:7]1([C:6]([C:5]([C:4]([C:9]([C:8]1([H:18])[H:19])([H:20])[H:21])([H:11])[C:2](=[O:1])[O:3][H:10])([H:12])[H:13])([H:14])[H:15])[H:17],,
8,-0.019071504603805054,RESP2,PW6B95/cc-pV(D+d)Z,1.0,1.0,C,hf,9,[H:16][C:7]1([C:6]([C:5]([C:4]([C:9]([C:8]1([H:18])[H:19])([H:20])[H:21])([H:11])[C:2](=[O:1])[O:3][H:10])([H:12])[H:13])([H:14])[H:15])[H:17],,
9,0.42954119183584155,RESP2,PW6B95/cc-pV(D+d)Z,1.0,1.0,H,hf,10,[H:16][C:7]1([C:6]([C:5]([C:4]([C:9]([C:8]1([H:18])[H:19])([H:20])[H:21])([H:11])[C:2](=[O:1])[O:3][H:10])([H:12])[H:13])([H:14])[H:15])[H:17],,
10,0.031184291684107787,RESP2,PW6B95/cc-pV(D+d)Z,1.0,1.0,H,hf,11,[H:16][C:7]1([C:6]([C:5]([C:4]([C:9]([C:8]1([H:18])[H:19])([H:20])[H:21])([H:11])[C:2](=[O:1])[O:3][H:10])([H:12])[H:13])([H:14])[H:15])[H:17],,
11,0.0172534276582874,RESP2,PW6B95/cc-pV(D+d)Z,1.0,1.0,H,hf,12,[H:16][C:7]1([C:6]([C:5]([C:4]([C:9]([C:8]1([H:18])[H:19])([H:20])[H:21])([H:11])[C:2](=[O:1])[O:3][H:10])([H:12])[H:13])([H:14])[H:15])[H:17],,
12,0.01872558244099789,RESP2,PW6B95/cc-pV(D+d)Z,1.0,1.0,H,hf,13,[H:16][C:7]1([C:6]([C:5]([C:4]([C:9]([C:8]1([H:18])[H:19])([H:20])[H:21])([H:11])[C:2](=[O:1])[O:3][H:10])([H:12])[H:13])([H:14])[H:15])[H:17],,
13,0.004805609017568404,RESP2,PW6B95/cc-pV(D+d)Z,1.0,1.0,H,hf,14,[H:16][C:7]1([C:6]([C:5]([C:4]([C:9]([C:8]1([H:18])[H:19])([H:20])[H:21])([H:11])[C:2](=[O:1])[O:3][H:10])([H:12])[H:13])([H:14])[H:15])[H:17],,
14,0.00264432765915011,RESP2,PW6B95/cc-pV(D+d)Z,1.0,1.0,H,hf,15,[H:16][C:7]1([C:6]([C:5]([C:4]([C:9]([C:8]1([H:18])[H:19])([H:20])[H:21])([H:11])[C:2](=[O:1])[O:3][H:10])([H:12])[H:13])([H:14])[H:15])[H:17],,
15,-0.004495361846537182,RESP2,PW6B95/cc-pV(D+d)Z,1.0,1.0,H,hf,16,[H:16][C:7]1([C:6]([C:5]([C:4]([C:9]([C:8]1([H:18])[H:19])([H:20])[H:21])([H:11])[C:2](=[O:1])[O:3][H:10])([H:12])[H:13])([H:14])[H:15])[H:17],,
16,-0.00047373723668055694,RESP2,PW6B95/cc-pV(D+d)Z,1.0,1.0,H,hf,17,[H:16][C:7]1([C:6]([C:5]([C:4]([C:9]([C:8]1([H:18])[H:19])([H:20])[H:21])([H:11])[C:2](=[O:1])[O:3][H:10])([H:12])[H:13])([H:14])[H:15])[H:17],,
17,0.006654247173903783,RESP2,PW6B95/cc-pV(D+d)Z,1.0,1.0,H,hf,18,[H:16][C:7]1([C:6]([C:5]([C:4]([C:9]([C:8]1([H:18])[H:19])([H:20])[H:21])([H:11])[C:2](=[O:1])[O:3][H:10])([H:12])[H:13])([H:14])[H:15])[H:17],,
18,0.003584479531983166,RESP2,PW6B95/cc-pV(D+d)Z,1.0,1.0,H,hf,19,[H:16][C:7]1([C:6]([C:5]([C:4]([C:9]([C:8]1([H:18])[H:19])([H:20])[H:21])([H:11])[C:2](=[O:1])[O:3][H:10])([H:12])[H:13])([H:14])[H:15])[H:17],,
19,0.011575786883112612,RESP2,PW6B95/cc-pV(D+d)Z,1.0,1.0,H,hf,20,[H:16][C:7]1([C:6]([C:5]([C:4]([C:9]([C:8]1([H:18])[H:19])([H:20])[H:21])([H:11])[C:2](=[O:1])[O:3][H:10])([H:12])[H:13])([H:14])[H:15])[H:17],,
20,0.013397778099874219,RESP2,PW6B95/cc-pV(D+d)Z,1.0,1.0,H,hf,21,[H:16][C:7]1([C:6]([C:5]([C:4]([C:9]([C:8]1([H:18])[H:19])([H:20])[H:21])([H:11])[C:2](=[O:1])[O:3][H:10])([H:12])[H:13])([H:14])[H:15])[H:17],,
0,-0.48165381245036926,RESP2,PW6B95/cc-pV(D+d)Z,,0.0,O,hf,1,[H:16][C:7]1([C:6]([C:5]([C:4]([C:9]([C:8]1([H:18])[H:19])([H:20])[H:21])([H:11])[C:2](=[O:1])[O:3][H:10])([H:12])[H:13])([H:14])[H:15])[H:17],,
1,0.5235826453917267,RESP2,PW6B95/cc-pV(D+d)Z,,0.0,C,hf,2,[H:16][C:7]1([C:6]([C:5]([C:4]([C:9]([C:8]1([H:18])[H:19])([H:20])[H:21])([H:11])[C:2](=[O:1])[O:3][H:10])([H:12])[H:13])([H:14])[H:15])[H:17],,
2,-0.519600918318525,RESP2,PW6B95/cc-pV(D+d)Z,,0.0,O,hf,3,[H:16][C:7]1([C:6]([C:5]([C:4]([C:9]([C:8]1([H:18])[H:19])([H:20])[H:21])([H:11])[C:2](=[O:1])[O:3][H:10])([H:12])[H:13])([H:14])[H:15])[H:17],,
3,0.052851017579206405,RESP2,PW6B95/cc-pV(D+d)Z,,0.0,C,hf,4,[H:16][C:7]1([C:6]([C:5]([C:4]([C:9]([C:8]1([H:18])[H:19])([H:20])[H:21])([H:11])[C:2](=[O:1])[O:3][H:10])([H:12])[H:13])([H:14])[H:15])[H:17],,
4,-0.044873050205788086,RESP2,PW6B95/cc-pV(D+d)Z,,0.0,C,hf,5,[H:16][C:7]1([C:6]([C:5]([C:4]([C:9]([C:8]1([H:18])[H:19])([H:20])[H:21])([H:11])[C:2](=[O:1])[O:3][H:10])([H:12])[H:13])([H:14])[H:15])[H:17],,
5,0.007797481319909878,RESP2,PW6B95/cc-pV(D+d)Z,,0.0,C,hf,6,[H:16][C:7]1([C:6]([C:5]([C:4]([C:9]([C:8]1([H:18])[H:19])([H:20])[H:21])([H:11])[C:2](=[O:1])[O:3][H:10])([H:12])[H:13])([H:14])[H:15])[H:17],,
6,-0.02998892682823469,RESP2,PW6B95/cc-pV(D+d)Z,,0.0,C,hf,7,[H:16][C:7]1([C:6]([C:5]([C:4]([C:9]([C:8]1([H:18])[H:19])([H:20])[H:21])([H:11])[C:2](=[O:1])[O:3][H:10])([H:12])[H:13])([H:14])[H:15])[H:17],,
7,0.03556831158809881,RESP2,PW6B95/cc-pV(D+d)Z,,0.0,C,hf,8,[H:16][C:7]1([C:6]([C:5]([C:4]([C:9]([C:8]1([H:18])[H:19])([H:20])[H:21])([H:11])[C:2](=[O:1])[O:3][H:10])([H:12])[H:13])([H:14])[H:15])[H:17],,
8,-0.044777322960984564,RESP2,PW6B95/cc-pV(D+d)Z,,0.0,C,hf,9,[H:16][C:7]1([C:6]([C:5]([C:4]([C:9]([C:8]1([H:18])[H:19])([H:20])[H:21])([H:11])[C:2](=[O:1])[O:3][H:10])([H:12])[H:13])([H:14])[H:15])[H:17],,
9,0.39488109491273693,RESP2,PW6B95/cc-pV(D+d)Z,,0.0,H,hf,10,[H:16][C:7]1([C:6]([C:5]([C:4]([C:9]([C:8]1([H:18])[H:19])([H:20])[H:21])([H:11])[C:2](=[O:1])[O:3][H:10])([H:12])[H:13])([H:14])[H:15])[H:17],,
10,0.012238768957277699,RESP2,PW6B95/cc-pV(D+d)Z,,0.0,H,hf,11,[H:16][C:7]1([C:6]([C:5]([C:4]([C:9]([C:8]1([H:18])[H:19])([H:20])[H:21])([H:11])[C:2](=[O:1])[O:3][H:10])([H:12])[H:13])([H:14])[H:15])[H:17],,
11,0.020538222651550676,RESP2,PW6B95/cc-pV(D+d)Z,,0.0,H,hf,12,[H:16][C:7]1([C:6]([C:5]([C:4]([C:9]([C:8]1([H:18])[H:19])([H:20])[H:21])([H:11])[C:2](=[O:1])[O:3][H:10])([H:12])[H:13])([H:14])[H:15])[H:17],,
12,0.01462205997935794,RESP2,PW6B95/cc-pV(D+d)Z,,0.0,H,hf,13,[H:16][C:7]1([C:6]([C:5]([C:4]([C:9]([C:8]1([H:18])[H:19])([H:20])[H:21])([H:11])[C:2](=[O:1])[O:3][H:10])([H:12])[H:13])([H:14])[H:15])[H:17],,
13,0.006347540425804151,RESP2,PW6B95/cc-pV(D+d)Z,,0.0,H,hf,14,[H:16][C:7]1([C:6]([C:5]([C:4]([C:9]([C:8]1([H:18])[H:19])([H:20])[H:21])([H:11])[C:2](=[O:1])[O:3][H:10])([H:12])[H:13])([H:14])[H:15])[H:17],,
14,0.006619036078441845,RESP2,PW6B95/cc-pV(D+d)Z,,0.0,H,hf,15,[H:16][C:7]1([C:6]([C:5]([C:4]([C:9]([C:8]1([H:18])[H:19])([H:20])[H:21])([H:11])[C:2](=[O:1])[O:3][H:10])([H:12])[H:13])([H:14])[H:15])[H:17],,
15,0.006781292327087993,RESP2,PW6B95/cc-pV(D+d)Z,,0.0,H,hf,16,[H:16][C:7]1([C:6]([C:5]([C:4]([C:9]([C:8]1([H:18])[H:19])([H:20])[H:21])([H:11])[C:2](=[O:1])[O:3][H:10])([H:12])[H:13])([H:14])[H:15])[H:17],,
16,0.011496816532698101,RESP2,PW6B95/cc-pV(D+d)Z,,0.0,H,hf,17,[H:16][C:7]1([C:6]([C:5]([C:4]([C:9]([C:8]1([H:18])[H:19])([H:20])[H:21])([H:11])[C:2](=[O:1])[O:3][H:10])([H:12])[H:13])([H:14])[H:15])[H:17],,
17,-0.002126817063232693,RESP2,PW6B95/cc-pV(D+d)Z,,0.0,H,hf,18,[H:16][C:7]1([C:6]([C:5]([C:4]([C:9]([C:8]1([H:18])[H:19])([H:20])[H:21])([H:11])[C:2](=[O:1])[O:3][H:10])([H:12])[H:13])([H:14])[H:15])[H:17],,
18,-0.004777599689875275,RESP2,PW6B95/cc-pV(D+d)Z,,0.0,H,hf,19,[H:16][C:7]1([C:6]([C:5]([C:4]([C:9]([C:8]1([H:18])[H:19])([H:20])[H:21])([H:11])[C:2](=[O:1])[O:3][H:10])([H:12])[H:13])([H:14])[H:15])[H:17],,
19,0.017025358418214502,RESP2,PW6B95/cc-pV(D+d)Z,,0.0,H,hf,20,[H:16][C:7]1([C:6]([C:5]([C:4]([C:9]([C:8]1([H:18])[H:19])([H:20])[H:21])([H:11])[C:2](=[O:1])[O:3][H:10])([H:12])[H:13])([H:14])[H:15])[H:17],,
20,0.017448801354897892,RESP2,PW6B95/cc-pV(D+d)Z,,0.0,H,hf,21,[H:16][C:7]1([C:6]([C:5]([C:4]([C:9]([C:8]1([H:18])[H:19])([H:20])[H:21])([H:11])[C:2](=[O:1])[O:3][H:10])([H:12])[H:13])([H:14])[H:15])[H:17],,
0,-0.4846765053899682,RESP2,PW6B95/cc-pV(D+d)Z,,0.05,O,hf,1,[H:16][C:7]1([C:6]([C:5]([C:4]([C:9]([C:8]1([H:18])[H:19])([H:20])[H:21])([H:11])[C:2](=[O:1])[O:3][H:10])([H:12])[H:13])([H:14])[H:15])[H:17],,
1,0.5252519466045819,RESP2,PW6B95/cc-pV(D+d)Z,,0.05,C,hf,2,[H:16][C:7]1([C:6]([C:5]([C:4]([C:9]([C:8]1([H:18])[H:19])([H:20])[H:21])([H:11])[C:2](=[O:1])[O:3][H:10])([H:12])[H:13])([H:14])[H:15])[H:17],,
2,-0.5206822761277518,RESP2,PW6B95/cc-pV(D+d)Z,,0.05,O,hf,3,[H:16][C:7]1([C:6]([C:5]([C:4]([C:9]([C:8]1([H:18])[H:19])([H:20])[H:21])([H:11])[C:2](=[O:1])[O:3][H:10])([H:12])[H:13])([H:14])[H:15])[H:17],,
3,0.05144400053185119,RESP2,PW6B95/cc-pV(D+d)Z,,0.05,C,hf,4,[H:16][C:7]1([C:6]([C:5]([C:4]([C:9]([C:8]1([H:18])[H:19])([H:20])[H:21])([H:11])[C:2](=[O:1])[O:3][H:10])([H:12])[H:13])([H:14])[H:15])[H:17],,
4,-0.04444127758564742,RESP2,PW6B95/cc-pV(D+d)Z,,0.05,C,hf,5,[H:16][C:7]1([C:6]([C:5]([C:4]([C:9]([C:8]1([H:18])[H:19])([H:20])[H:21])([H:11])[C:2](=[O:1])[O:3][H:10])([H:12])[H:13])([H:14])[H:15])[H:17],,
5,0.007713165578422152,RESP2,PW6B95/cc-pV(D+d)Z,,0.05,C,hf,6,[H:16][C:7]1([C:6]([C:5]([C:4]([C:9]([C:8]1([H:18])[H:19])([H:20])[H:21])([H:11])[C:2](=[O:1])[O:3][H:10])([H:12])[H:13])([H:14])[H:15])[H:17],,
6,-0.027643762673506444,RESP2,PW6B95/cc-pV(D+d)Z,,0.05,C,hf,7,[H:16][C:7]1([C:6]([C:5]([C:4]([C:9]([C:8]1([H:18])[H:19])([H:20])[H:21])([H:11])[C:2](=[O:1])[O:3][H:10])([H:12])[H:13])([H:14])[H:15])[H:17],,
7,0.03376699366585675,RESP2,PW6B95/cc-pV(D+d)Z,,0.05,C,hf,8,[H:16][C:7]1([C:6]([C:5]([C:4]([C:9]([C:8]1([H:18])[H:19])([H:20])[H:21])([H:11])[C:2](=[O:1])[O:3][H:10])([H:12])[H:13])([H:14])[H:15])[H:17],,
8,-0.04349201899864911,RESP2,PW6B95/cc-pV(D+d)Z,,0.05,C,hf,9,[H:16][C:7]1([C:6]([C:5]([C:4]([C:9]([C:8]1([H:18])[H:19])([H:20])[H:21])([H:11])[C:2](=[O:1])[O:3][H:10])([H:12])[H:13])([H:14])[H:15])[H:17],,
9,0.39661410136826675,RESP2,PW6B95/cc-pV(D+d)Z,,0.05,H,hf,10,[H:16][C:7]1([C:6]([C:5]([C:4]([C:9]([C:8]1([H:18])[H:19])([H:20])[H:21])([H:11])[C:2](=[O:1])[O:3][H:10])([H:12])[H:13])([H:14])[H:15])[H:17],,
10,0.013186043936349909,RESP2,PW6B95/cc-pV(D+d)Z,,0.05,H,hf,11,[H:16][C:7]1([C:6]([C:5]([C:4]([C:9]([C:8]1([H:18])[H:19])([H:20])[H:21])([H:11])[C:2](=[O:1])[O:3][H:10])([H:12])[H:13])([H:14])[H:15])[H:17],,
11,0.020373981303878488,RESP2,PW6B95/cc-pV(D+d)Z,,0.05,H,hf,12,[H:16][C:7]1([C:6]([C:5]([C:4]([C:9]([C:8]1([H:18])[H:19])([H:20])[H:21])([H:11])[C:2](=[O:1])[O:3][H:10])([H:12])[H:13])([H:14])[H:15])[H:17],,
12,0.014827230565157602,RESP2,PW6B95/cc-pV(D+d)Z,,0.05,H,hf,13,[H:16][C:7]1([C:6]([C:5]([C:4]([C:9]([C:8]1([H:18])[H:19])([H:20])[H:21])([H:11])[C:2](=[O:1])[O:3][H:10])([H:12])[H:13])([H:14])[H:15])[H:17],,
13,0.0062704461422385185,RESP2,PW6B95/cc-pV(D+d)Z,,0.05,H,hf,14,[H:16][C:7]1([C:6]([C:5]([C:4]([C:9]([C:8]1([H:18])[H:19])([H:20])[H:21])([H:11])[C:2](=[O:1])[O:3][H:10])([H:12])[H:13])([H:14])[H:15])[H:17],,
14,0.006420304878922601,RESP2,PW6B95/cc-pV(D+d)Z,,0.05,H,hf,15,[H:16][C:7]1([C:6]([C:5]([C:4]([C:9]([C:8]1([H:18])[H:19])([H:20])[H:21])([H:11])[C:2](=[O:1])[O:3][H:10])([H:12])[H:13])([H:14])[H:15])[H:17],,
15,0.00621746225250779,RESP2,PW6B95/cc-pV(D+d)Z,,0.05,H,hf,16,[H:16][C:7]1([C:6]([C:5]([C:4]([C:9]([C:8]1([H:18])[H:19])([H:20])[H:21])([H:11])[C:2](=[O:1])[O:3][H:10])([H:12])[H:13])([H:14])[H:15])[H:17],,
16,0.010898289711916113,RESP2,PW6B95/cc-pV(D+d)Z,,0.05,H,hf,17,[H:16][C:7]1([C:6]([C:5]([C:4]([C:9]([C:8]1([H:18])[H:19])([H:20])[H:21])([H:11])[C:2](=[O:1])[O:3][H:10])([H:12])[H:13])([H:14])[H:15])[H:17],,
17,-0.0016877606818872849,RESP2,PW6B95/cc-pV(D+d)Z,,0.05,H,hf,18,[H:16][C:7]1([C:6]([C:5]([C:4]([C:9]([C:8]1([H:18])[H:19])([H:20])[H:21])([H:11])[C:2](=[O:1])[O:3][H:10])([H:12])[H:13])([H:14])[H:15])[H:17],,
18,-0.004359491395605015,RESP2,PW6B95/cc-pV(D+d)Z,,0.05,H,hf,19,[H:16][C:7]1([C:6]([C:5]([C:4]([C:9]([C:8]1([H:18])[H:19])([H:20])[H:21])([H:11])[C:2](=[O:1])[O:3][H:10])([H:12])[H:13])([H:14])[H:15])[H:17],,
19,0.016752878056109116,RESP2,PW6B95/cc-pV(D+d)Z,,0.05,H,hf,20,[H:16][C:7]1([C:6]([C:5]([C:4]([C:9]([C:8]1([H:18])[H:19])([H:20])[H:21])([H:11])[C:2](=[O:1])[O:3][H:10])([H:12])[H:13])([H:14])[H:15])[H:17],,
20,0.01724624825695634,RESP2,PW6B95/cc-pV(D+d)Z,,0.05,H,hf,21,[H:16][C:7]1([C:6]([C:5]([C:4]([C:9]([C:8]1([H:18])[H:19])([H:20])[H:21])([H:11])[C:2](=[O:1])[O:3][H:10])([H:12])[H:13])([H:14])[H:15])[H:17],,
0,-0.4876991983295672,RESP2,PW6B95/cc-pV(D+d)Z,,0.1,O,hf,1,[H:16][C:7]1([C:6]([C:5]([C:4]([C:9]([C:8]1([H:18])[H:19])([H:20])[H:21])([H:11])[C:2](=[O:1])[O:3][H:10])([H:12])[H:13])([H:14])[H:15])[H:17],,
1,0.5269212478174372,RESP2,PW6B95/cc-pV(D+d)Z,,0.1,C,hf,2,[H:16][C:7]1([C:6]([C:5]([C:4]([C:9]([C:8]1([H:18])[H:19])([H:20])[H:21])([H:11])[C:2](=[O:1])[O:3][H:10])([H:12])[H:13])([H:14])[H:15])[H:17],,
2,-0.5217636339369786,RESP2,PW6B95/cc-pV(D+d)Z,,0.1,O,hf,3,[H:16][C:7]1([C:6]([C:5]([C:4]([C:9]([C:8]1([H:18])[H:19])([H:20])[H:21])([H:11])[C:2](=[O:1])[O:3][H:10])([H:12])[H:13])([H:14])[H:15])[H:17],,
3,0.050036983484496006,RESP2,PW6B95/cc-pV(D+d)Z,,0.1,C,hf,4,[H:16][C:7]1([C:6]([C:5]([C:4]([C:9]([C:8]1([H:18])[H:19])([H:20])[H:21])([H:11])[C:2](=[O:1])[O:3][H:10])([H:12])[H:13])([H:14])[H:15])[H:17],,
4,-0.044009504965506756,RESP2,PW6B95/cc-pV(D+d)Z,,0.1,C,hf,5,[H:16][C:7]1([C:6]([C:5]([C:4]([C:9]([C:8]1([H:18])[H:19])([H:20])[H:21])([H:11])[C:2](=[O:1])[O:3][H:10])([H:12])[H:13])([H:14])[H:15])[H:17],,
5,0.007628849836934432,RESP2,PW6B95/cc-pV(D+d)Z,,0.1,C,hf,6,[H:16][C:7]1([C:6]([C:5]([C:4]([C:9]([C:8]1([H:18])[H:19])([H:20])[H:21])([H:11])[C:2](=[O:1])[O:3][H:10])([H:12])[H:13])([H:14])[H:15])[H:17],,
6,-0.025298598518778196,RESP2,PW6B95/cc-pV(D+d)Z,,0.1,C,hf,7,[H:16][C:7]1([C:6]([C:5]([C:4]([C:9]([C:8]1([H:18])[H:19])([H:20])[H:21])([H:11])[C:2](=[O:1])[O:3][H:10])([H:12])[H:13])([H:14])[H:15])[H:17],,
7,0.0319656757436147,RESP2,PW6B95/cc-pV(D+d)Z,,0.1,C,hf,8,[H:16][C:7]1([C:6]([C:5]([C:4]([C:9]([C:8]1([H:18])[H:19])([H:20])[H:21])([H:11])[C:2](=[O:1])[O:3][H:10])([H:12])[H:13])([H:14])[H:15])[H:17],,
8,-0.04220671503631364,RESP2,PW6B95/cc-pV(D+d)Z,,0.1,C,hf,9,[H:16][C:7]1([C:6]([C:5]([C:4]([C:9]([C:8]1([H:18])[H:19])([H:20])[H:21])([H:11])[C:2](=[O:1])[O:3][H:10])([H:12])[H:13])([H:14])[H:15])[H:17],,
9,0.39834710782379656,RESP2,PW6B95/cc-pV(D+d)Z,,0.1,H,hf,10,[H:16][C:7]1([C:6]([C:5]([C:4]([C:9]([C:8]1([H:18])[H:19])([H:20])[H:21])([H:11])[C:2](=[O:1])[O:3][H:10])([H:12])[H:13])([H:14])[H:15])[H:17],,
10,0.014133318915422128,RESP2,PW6B95/cc-pV(D+d)Z,,0.1,H,hf,11,[H:16][C:7]1([C:6]([C:5]([C:4]([C:9]([C:8]1([H:18])[H:19])([H:20])[H:21])([H:11])[C:2](=[O:1])[O:3][H:10])([H:12])[H:13])([H:14])[H:15])[H:17],,
11,0.020209739956206306,RESP2,PW6B95/cc-pV(D+d)Z,,0.1,H,hf,12,[H:16][C:7]1([C:6]([C:5]([C:4]([C:9]([C:8]1([H:18])[H:19])([H:20])[H:21])([H:11])[C:2](=[O:1])[O:3][H:10])([H:12])[H:13])([H:14])[H:15])[H:17],,
12,0.015032401150957268,RESP2,PW6B95/cc-pV(D+d)Z,,0.1,H,hf,13,[H:16][C:7]1([C:6]([C:5]([C:4]([C:9]([C:8]1([H:18])[H:19])([H:20])[H:21])([H:11])[C:2](=[O:1])[O:3][H:10])([H:12])[H:13])([H:14])[H:15])[H:17],,
13,0.006193351858672892,RESP2,PW6B95/cc-pV(D+d)Z,,0.1,H,hf,14,[H:16][C:7]1([C:6]([C:5]([C:4]([C:9]([C:8]1([H:18])[H:19])([H:20])[H:21])([H:11])[C:2](=[O:1])[O:3][H:10])([H:12])[H:13])([H:14])[H:15])[H:17],,
14,0.006221573679403364,RESP2,PW6B95/cc-pV(D+d)Z,,0.1,H,hf,15,[H:16][C:7]1([C:6]([C:5]([C:4]([C:9]([C:8]1([H:18])[H:19])([H:20])[H:21])([H:11])[C:2](=[O:1])[O:3][H:10])([H:12])[H:13])([H:14])[H:15])[H:17],,
15,0.005653632177927593,RESP2,PW6B95/cc-pV(D+d)Z,,0.1,H,hf,16,[H:16][C:7]1([C:6]([C:5]([C:4]([C:9]([C:8]1([H:18])[H:19])([H:20])[H:21])([H:11])[C:2](=[O:1])[O:3][H:10])([H:12])[H:13])([H:14])[H:15])[H:17],,
16,0.010299762891134132,RESP2,PW6B95/cc-pV(D+d)Z,,0.1,H,hf,17,[H:16][C:7]1([C:6]([C:5]([C:4]([C:9]([C:8]1([H:18])[H:19])([H:20])[H:21])([H:11])[C:2](=[O:1])[O:3][H:10])([H:12])[H:13])([H:14])[H:15])[H:17],,
17,-0.0012487043005418707,RESP2,PW6B95/cc-pV(D+d)Z,,0.1,H,hf,18,[H:16][C:7]1([C:6]([C:5]([C:4]([C:9]([C:8]1([H:18])[H:19])([H:20])[H:21])([H:11])[C:2](=[O:1])[O:3][H:10])([H:12])[H:13])([H:14])[H:15])[H:17],,
18,-0.00394138310133475,RESP2,PW6B95/cc-pV(D+d)Z,,0.1,H,hf,19,[H:16][C:7]1([C:6]([C:5]([C:4]([C:9]([C:8]1([H:18])[H:19])([H:20])[H:21])([H:11])[C:2](=[O:1])[O:3][H:10])([H:12])[H:13])([H:14])[H:15])[H:17],,
19,0.01648039769400374,RESP2,PW6B95/cc-pV(D+d)Z,,0.1,H,hf,20,[H:16][C:7]1([C:6]([C:5]([C:4]([C:9]([C:8]1([H:18])[H:19])([H:20])[H:21])([H:11])[C:2](=[O:1])[O:3][H:10])([H:12])[H:13])([H:14])[H:15])[H:17],,
20,0.017043695159014795,RESP2,PW6B95/cc-pV(D+d)Z,,0.1,H,hf,21,[H:16][C:7]1([C:6]([C:5]([C:4]([C:9]([C:8]1([H:18])[H:19])([H:20])[H:21])([H:11])[C:2](=[O:1])[O:3][H:10])([H:12])[H:13])([H:14])[H:15])[H:17],,
0,-0.49072189126916604,RESP2,PW6B95/cc-pV(D+d)Z,,0.15000000000000002,O,hf,1,[H:16][C:7]1([C:6]([C:5]([C:4]([C:9]([C:8]1([H:18])[H:19])([H:20])[H:21])([H:11])[C:2](=[O:1])[O:3][H:10])([H:12])[H:13])([H:14])[H:15])[H:17],,
1,0.5285905490302925,RESP2,PW6B95/cc-pV(D+d)Z,,0.15000000000000002,C,hf,2,[H:16][C:7]1([C:6]([C:5]([C:4]([C:9]([C:8]1([H:18])[H:19])([H:20])[H:21])([H:11])[C:2](=[O:1])[O:3][H:10])([H:12])[H:13])([H:14])[H:15])[H:17],,
2,-0.5228449917462055,RESP2,PW6B95/cc-pV(D+d)Z,,0.15000000000000002,O,hf,3,[H:16][C:7]1([C:6]([C:5]([C:4]([C:9]([C:8]1([H:18])[H:19])([H:20])[H:21])([H:11])[C:2](=[O:1])[O:3][H:10])([H:12])[H:13])([H:14])[H:15])[H:17],,
3,0.048629966437140786,RESP2,PW6B95/cc-pV(D+d)Z,,0.15000000000000002,C,hf,4,[H:16][C:7]1([C:6]([C:5]([C:4]([C:9]([C:8]1([H:18])[H:19])([H:20])[H:21])([H:11])[C:2](=[O:1])[O:3][H:10])([H:12])[H:13])([H:14])[H:15])[H:17],,
4,-0.04357773234536609,RESP2,PW6B95/cc-pV(D+d)Z,,0.15000000000000002,C,hf,5,[H:16][C:7]1([C:6]([C:5]([C:4]([C:9]([C:8]1([H:18])[H:19])([H:20])[H:21])([H:11])[C:2](=[O:1])[O:3][H:10])([H:12])[H:13])([H:14])[H:15])[H:17],,
5,0.007544534095446702,RESP2,PW6B95/cc-pV(D+d)Z,,0.15000000000000002,C,hf,6,[H:16][C:7]1([C:6]([C:5]([C:4]([C:9]([C:8]1([H:18])[H:19])([H:20])[H:21])([H:11])[C:2](=[O:1])[O:3][H:10])([H:12])[H:13])([H:14])[H:15])[H:17],,
6,-0.02295343436404996,RESP2,PW6B95/cc-pV(D+d)Z,,0.15000000000000002,C,hf,7,[H:16][C:7]1([C:6]([C:5]([C:4]([C:9]([C:8]1([H:18])[H:19])([H:20])[H:21])([H:11])[C:2](=[O:1])[O:3][H:10])([H:12])[H:13])([H:14])[H:15])[H:17],,
7,0.030164357821372625,RESP2,PW6B95/cc-pV(D+d)Z,,0.15000000000000002,C,hf,8,[H:16][C:7]1([C:6]([C:5]([C:4]([C:9]([C:8]1([H:18])[H:19])([H:20])[H:21])([H:11])[C:2](=[O:1])[O:3][H:10])([H:12])[H:13])([H:14])[H:15])[H:17],,
8,-0.04092141107397819,RESP2,PW6B95/cc-pV(D+d)Z,,0.15000000000000002,C,hf,9,[H:16][C:7]1([C:6]([C:5]([C:4]([C:9]([C:8]1([H:18])[H:19])([H:20])[H:21])([H:11])[C:2](=[O:1])[O:3][H:10])([H:12])[H:13])([H:14])[H:15])[H:17],,
9,0.4000801142793264,RESP2,PW6B95/cc-pV(D+d)Z,,0.15000000000000002,H,hf,10,[H:16][C:7]1([C:6]([C:5]([C:4]([C:9]([C:8]1([H:18])[H:19])([H:20])[H:21])([H:11])[C:2](=[O:1])[O:3][H:10])([H:12])[H:13])([H:14])[H:15])[H:17],,
10,0.015080593894494334,RESP2,PW6B95/cc-pV(D+d)Z,,0.15000000000000002,H,hf,11,[H:16][C:7]1([C:6]([C:5]([C:4]([C:9]([C:8]1([H:18])[H:19])([H:20])[H:21])([H:11])[C:2](=[O:1])[O:3][H:10])([H:12])[H:13])([H:14])[H:15])[H:17],,
11,0.02004549860853411,RESP2,PW6B95/cc-pV(D+d)Z,,0.15000000000000002,H,hf,12,[H:16][C:7]1([C:6]([C:5]([C:4]([C:9]([C:8]1([H:18])[H:19])([H:20])[H:21])([H:11])[C:2](=[O:1])[O:3][H:10])([H:12])[H:13])([H:14])[H:15])[H:17],,
12,0.015237571736756925,RESP2,PW6B95/cc-pV(D+d)Z,,0.15000000000000002,H,hf,13,[H:16][C:7]1([C:6]([C:5]([C:4]([C:9]([C:8]1([H:18])[H:19])([H:20])[H:21])([H:11])[C:2](=[O:1])[O:3][H:10])([H:12])[H:13])([H:14])[H:15])[H:17],,
13,0.006116257575107256,RESP2,PW6B95/cc-pV(D+d)Z,,0.15000000000000002,H,hf,14,[H:16][C:7]1([C:6]([C:5]([C:4]([C:9]([C:8]1([H:18])[H:19])([H:20])[H:21])([H:11])[C:2](=[O:1])[O:3][H:10])([H:12])[H:13])([H:14])[H:15])[H:17],,
14,0.0060228424798841156,RESP2,PW6B95/cc-pV(D+d)Z,,0.15000000000000002,H,hf,15,[H:16][C:7]1([C:6]([C:5]([C:4]([C:9]([C:8]1([H:18])[H:19])([H:20])[H:21])([H:11])[C:2](=[O:1])[O:3][H:10])([H:12])[H:13])([H:14])[H:15])[H:17],,
15,0.0050898021033473845,RESP2,PW6B95/cc-pV(D+d)Z,,0.15000000000000002,H,hf,16,[H:16][C:7]1([C:6]([C:5]([C:4]([C:9]([C:8]1([H:18])[H:19])([H:20])[H:21])([H:11])[C:2](=[O:1])[O:3][H:10])([H:12])[H:13])([H:14])[H:15])[H:17],,
16,0.009701236070352138,RESP2,PW6B95/cc-pV(D+d)Z,,0.15000000000000002,H,hf,17,[H:16][C:7]1([C:6]([C:5]([C:4]([C:9]([C:8]1([H:18])[H:19])([H:20])[H:21])([H:11])[C:2](=[O:1])[O:3][H:10])([H:12])[H:13])([H:14])[H:15])[H:17],,
17,-0.0008096479191964673,RESP2,PW6B95/cc-pV(D+d)Z,,0.15000000000000002,H,hf,18,[H:16][C:7]1([C:6]([C:5]([C:4]([C:9]([C:8]1([H:18])[H:19])([H:20])[H:21])([H:11])[C:2](=[O:1])[O:3][H:10])([H:12])[H:13])([H:14])[H:15])[H:17],,
18,-0.003523274807064495,RESP2,PW6B95/cc-pV(D+d)Z,,0.15000000000000002,H,hf,19,[H:16][C:7]1([C:6]([C:5]([C:4]([C:9]([C:8]1([H:18])[H:19])([H:20])[H:21])([H:11])[C:2](=[O:1])[O:3][H:10])([H:12])[H:13])([H:14])[H:15])[H:17],,
19,0.01620791733189835,RESP2,PW6B95/cc-pV(D+d)Z,,0.15000000000000002,H,hf,20,[H:16][C:7]1([C:6]([C:5]([C:4]([C:9]([C:8]1([H:18])[H:19])([H:20])[H:21])([H:11])[C:2](=[O:1])[O:3][H:10])([H:12])[H:13])([H:14])[H:15])[H:17],,
20,0.01684114206107324,RESP2,PW6B95/cc-pV(D+d)Z,,0.15000000000000002,H,hf,21,[H:16][C:7]1([C:6]([C:5]([C:4]([C:9]([C:8]1([H:18])[H:19])([H:20])[H:21])([H:11])[C:2](=[O:1])[O:3][H:10])([H:12])[H:13])([H:14])[H:15])[H:17],,
0,-0.49374458420876505,RESP2,PW6B95/cc-pV(D+d)Z,,0.2,O,hf,1,[H:16][C:7]1([C:6]([C:5]([C:4]([C:9]([C:8]1([H:18])[H:19])([H:20])[H:21])([H:11])[C:2](=[O:1])[O:3][H:10])([H:12])[H:13])([H:14])[H:15])[H:17],,
1,0.5302598502431477,RESP2,PW6B95/cc-pV(D+d)Z,,0.2,C,hf,2,[H:16][C:7]1([C:6]([C:5]([C:4]([C:9]([C:8]1([H:18])[H:19])([H:20])[H:21])([H:11])[C:2](=[O:1])[O:3][H:10])([H:12])[H:13])([H:14])[H:15])[H:17],,
2,-0.5239263495554324,RESP2,PW6B95/cc-pV(D+d)Z,,0.2,O,hf,3,[H:16][C:7]1([C:6]([C:5]([C:4]([C:9]([C:8]1([H:18])[H:19])([H:20])[H:21])([H:11])[C:2](=[O:1])[O:3][H:10])([H:12])[H:13])([H:14])[H:15])[H:17],,
3,0.04722294938978559,RESP2,PW6B95/cc-pV(D+d)Z,,0.2,C,hf,4,[H:16][C:7]1([C:6]([C:5]([C:4]([C:9]([C:8]1([H:18])[H:19])([H:20])[H:21])([H:11])[C:2](=[O:1])[O:3][H:10])([H:12])[H:13])([H:14])[H:15])[H:17],,
4,-0.04314595972522543,RESP2,PW6B95/cc-pV(D+d)Z,,0.2,C,hf,5,[H:16][C:7]1([C:6]([C:5]([C:4]([C:9]([C:8]1([H:18])[H:19])([H:20])[H:21])([H:11])[C:2](=[O:1])[O:3][H:10])([H:12])[H:13])([H:14])[H:15])[H:17],,
5,0.007460218353958982,RESP2,PW6B95/cc-pV(D+d)Z,,0.2,C,hf,6,[H:16][C:7]1([C:6]([C:5]([C:4]([C:9]([C:8]1([H:18])[H:19])([H:20])[H:21])([H:11])[C:2](=[O:1])[O:3][H:10])([H:12])[H:13])([H:14])[H:15])[H:17],,
6,-0.020608270209321707,RESP2,PW6B95/cc-pV(D+d)Z,,0.2,C,hf,7,[H:16][C:7]1([C:6]([C:5]([C:4]([C:9]([C:8]1([H:18])[H:19])([H:20])[H:21])([H:11])[C:2](=[O:1])[O:3][H:10])([H:12])[H:13])([H:14])[H:15])[H:17],,
7,0.028363039899130568,RESP2,PW6B95/cc-pV(D+d)Z,,0.2,C,hf,8,[H:16][C:7]1([C:6]([C:5]([C:4]([C:9]([C:8]1([H:18])[H:19])([H:20])[H:21])([H:11])[C:2](=[O:1])[O:3][H:10])([H:12])[H:13])([H:14])[H:15])[H:17],,
8,-0.03963610711164272,RESP2,PW6B95/cc-pV(D+d)Z,,0.2,C,hf,9,[H:16][C:7]1([C:6]([C:5]([C:4]([C:9]([C:8]1([H:18])[H:19])([H:20])[H:21])([H:11])[C:2](=[O:1])[O:3][H:10])([H:12])[H:13])([H:14])[H:15])[H:17],,
9,0.4018131207348562,RESP2,PW6B95/cc-pV(D+d)Z,,0.2,H,hf,10,[H:16][C:7]1([C:6]([C:5]([C:4]([C:9]([C:8]1([H:18])[H:19])([H:20])[H:21])([H:11])[C:2](=[O:1])[O:3][H:10])([H:12])[H:13])([H:14])[H:15])[H:17],,
10,0.016027868873566553,RESP2,PW6B95/cc-pV(D+d)Z,,0.2,H,hf,11,[H:16][C:7]1([C:6]([C:5]([C:4]([C:9]([C:8]1([H:18])[H:19])([H:20])[H:21])([H:11])[C:2](=[O:1])[O:3][H:10])([H:12])[H:13])([H:14])[H:15])[H:17],,
11,0.019881257260861932,RESP2,PW6B95/cc-pV(D+d)Z,,0.2,H,hf,12,[H:16][C:7]1([C:6]([C:5]([C:4]([C:9]([C:8]1([H:18])[H:19])([H:20])[H:21])([H:11])[C:2](=[O:1])[O:3][H:10])([H:12])[H:13])([H:14])[H:15])[H:17],,
12,0.015442742322556595,RESP2,PW6B95/cc-pV(D+d)Z,,0.2,H,hf,13,[H:16][C:7]1([C:6]([C:5]([C:4]([C:9]([C:8]1([H:18])[H:19])([H:20])[H:21])([H:11])[C:2](=[O:1])[O:3][H:10])([H:12])[H:13])([H:14])[H:15])[H:17],,
13,0.00603916329154163,RESP2,PW6B95/cc-pV(D+d)Z,,0.2,H,hf,14,[H:16][C:7]1([C:6]([C:5]([C:4]([C:9]([C:8]1([H:18])[H:19])([H:20])[H:21])([H:11])[C:2](=[O:1])[O:3][H:10])([H:12])[H:13])([H:14])[H:15])[H:17],,
14,0.005824111280364878,RESP2,PW6B95/cc-pV(D+d)Z,,0.2,H,hf,15,[H:16][C:7]1([C:6]([C:5]([C:4]([C:9]([C:8]1([H:18])[H:19])([H:20])[H:21])([H:11])[C:2](=[O:1])[O:3][H:10])([H:12])[H:13])([H:14])[H:15])[H:17],,
15,0.004525972028767187,RESP2,PW6B95/cc-pV(D+d)Z,,0.2,H,hf,16,[H:16][C:7]1([C:6]([C:5]([C:4]([C:9]([C:8]1([H:18])[H:19])([H:20])[H:21])([H:11])[C:2](=[O:1])[O:3][H:10])([H:12])[H:13])([H:14])[H:15])[H:17],,
16,0.009102709249570158,RESP2,PW6B95/cc-pV(D+d)Z,,0.2,H,hf,17,[H:16][C:7]1([C:6]([C:5]([C:4]([C:9]([C:8]1([H:18])[H:19])([H:20])[H:21])([H:11])[C:2](=[O:1])[O:3][H:10])([H:12])[H:13])([H:14])[H:15])[H:17],,
17,-0.0003705915378510534,RESP2,PW6B95/cc-pV(D+d)Z,,0.2,H,hf,18,[H:16][C:7]1([C:6]([C:5]([C:4]([C:9]([C:8]1([H:18])[H:19])([H:20])[H:21])([H:11])[C:2](=[O:1])[O:3][H:10])([H:12])[H:13])([H:14])[H:15])[H:17],,
18,-0.0031051665127942297,RESP2,PW6B95/cc-pV(D+d)Z,,0.2,H,hf,19,[H:16][C:7]1([C:6]([C:5]([C:4]([C:9]([C:8]1([H:18])[H:19])([H:20])[H:21])([H:11])[C:2](=[O:1])[O:3][H:10])([H:12])[H:13])([H:14])[H:15])[H:17],,
19,0.015935436969792972,RESP2,PW6B95/cc-pV(D+d)Z,,0.2,H,hf,20,[H:16][C:7]1([C:6]([C:5]([C:4]([C:9]([C:8]1([H:18])[H:19])([H:20])[H:21])([H:11])[C:2](=[O:1])[O:3][H:10])([H:12])[H:13])([H:14])[H:15])[H:17],,
20,0.016638588963131695,RESP2,PW6B95/cc-pV(D+d)Z,,0.2,H,hf,21,[H:16][C:7]1([C:6]([C:5]([C:4]([C:9]([C:8]1([H:18])[H:19])([H:20])[H:21])([H:11])[C:2](=[O:1])[O:3][H:10])([H:12])[H:13])([H:14])[H:15])[H:17],,
0,-0.49676727714836394,RESP2,PW6B95/cc-pV(D+d)Z,,0.25,O,hf,1,[H:16][C:7]1([C:6]([C:5]([C:4]([C:9]([C:8]1([H:18])[H:19])([H:20])[H:21])([H:11])[C:2](=[O:1])[O:3][H:10])([H:12])[H:13])([H:14])[H:15])[H:17],,
1,0.5319291514560028,RESP2,PW6B95/cc-pV(D+d)Z,,0.25,C,hf,2,[H:16][C:7]1([C:6]([C:5]([C:4]([C:9]([C:8]1([H:18])[H:19])([H:20])[H:21])([H:11])[C:2](=[O:1])[O:3][H:10])([H:12])[H:13])([H:14])[H:15])[H:17],,
2,-0.5250077073646592,RESP2,PW6B95/cc-pV(D+d)Z,,0.25,O,hf,3,[H:16][C:7]1([C:6]([C:5]([C:4]([C:9]([C:8]1([H:18])[H:19])([H:20])[H:21])([H:11])[C:2](=[O:1])[O:3][H:10])([H:12])[H:13])([H:14])[H:15])[H:17],,
3,0.045815932342430386,RESP2,PW6B95/cc-pV(D+d)Z,,0.25,C,hf,4,[H:16][C:7]1([C:6]([C:5]([C:4]([C:9]([C:8]1([H:18])[H:19])([H:20])[H:21])([H:11])[C:2](=[O:1])[O:3][H:10])([H:12])[H:13])([H:14])[H:15])[H:17],,
4,-0.04271418710508476,RESP2,PW6B95/cc-pV(D+d)Z,,0.25,C,hf,5,[H:16][C:7]1([C:6]([C:5]([C:4]([C:9]([C:8]1([H:18])[H:19])([H:20])[H:21])([H:11])[C:2](=[O:1])[O:3][H:10])([H:12])[H:13])([H:14])[H:15])[H:17],,
5,0.007375902612471257,RESP2,PW6B95/cc-pV(D+d)Z,,0.25,C,hf,6,[H:16][C:7]1([C:6]([C:5]([C:4]([C:9]([C:8]1([H:18])[H:19])([H:20])[H:21])([H:11])[C:2](=[O:1])[O:3][H:10])([H:12])[H:13])([H:14])[H:15])[H:17],,
6,-0.018263106054593463,RESP2,PW6B95/cc-pV(D+d)Z,,0.25,C,hf,7,[H:16][C:7]1([C:6]([C:5]([C:4]([C:9]([C:8]1([H:18])[H:19])([H:20])[H:21])([H:11])[C:2](=[O:1])[O:3][H:10])([H:12])[H:13])([H:14])[H:15])[H:17],,
7,0.026561721976888504,RESP2,PW6B95/cc-pV(D+d)Z,,0.25,C,hf,8,[H:16][C:7]1([C:6]([C:5]([C:4]([C:9]([C:8]1([H:18])[H:19])([H:20])[H:21])([H:11])[C:2](=[O:1])[O:3][H:10])([H:12])[H:13])([H:14])[H:15])[H:17],,
8,-0.038350803149307264,RESP2,PW6B95/cc-pV(D+d)Z,,0.25,C,hf,9,[H:16][C:7]1([C:6]([C:5]([C:4]([C:9]([C:8]1([H:18])[H:19])([H:20])[H:21])([H:11])[C:2](=[O:1])[O:3][H:10])([H:12])[H:13])([H:14])[H:15])[H:17],,
9,0.4035461271903861,RESP2,PW6B95/cc-pV(D+d)Z,,0.25,H,hf,10,[H:16][C:7]1([C:6]([C:5]([C:4]([C:9]([C:8]1([H:18])[H:19])([H:20])[H:21])([H:11])[C:2](=[O:1])[O:3][H:10])([H:12])[H:13])([H:14])[H:15])[H:17],,
10,0.016975143852638763,RESP2,PW6B95/cc-pV(D+d)Z,,0.25,H,hf,11,[H:16][C:7]1([C:6]([C:5]([C:4]([C:9]([C:8]1([H:18])[H:19])([H:20])[H:21])([H:11])[C:2](=[O:1])[O:3][H:10])([H:12])[H:13])([H:14])[H:15])[H:17],,
11,0.01971701591318974,RESP2,PW6B95/cc-pV(D+d)Z,,0.25,H,hf,12,[H:16][C:7]1([C:6]([C:5]([C:4]([C:9]([C:8]1([H:18])[H:19])([H:20])[H:21])([H:11])[C:2](=[O:1])[O:3][H:10])([H:12])[H:13])([H:14])[H:15])[H:17],,
12,0.015647912908356255,RESP2,PW6B95/cc-pV(D+d)Z,,0.25,H,hf,13,[H:16][C:7]1([C:6]([C:5]([C:4]([C:9]([C:8]1([H:18])[H:19])([H:20])[H:21])([H:11])[C:2](=[O:1])[O:3][H:10])([H:12])[H:13])([H:14])[H:15])[H:17],,
13,0.005962069007975999,RESP2,PW6B95/cc-pV(D+d)Z,,0.25,H,hf,14,[H:16][C:7]1([C:6]([C:5]([C:4]([C:9]([C:8]1([H:18])[H:19])([H:20])[H:21])([H:11])[C:2](=[O:1])[O:3][H:10])([H:12])[H:13])([H:14])[H:15])[H:17],,
14,0.005625380080845635,RESP2,PW6B95/cc-pV(D+d)Z,,0.25,H,hf,15,[H:16][C:7]1([C:6]([C:5]([C:4]([C:9]([C:8]1([H:18])[H:19])([H:20])[H:21])([H:11])[C:2](=[O:1])[O:3][H:10])([H:12])[H:13])([H:14])[H:15])[H:17],,
15,0.003962141954186985,RESP2,PW6B95/cc-pV(D+d)Z,,0.25,H,hf,16,[H:16][C:7]1([C:6]([C:5]([C:4]([C:9]([C:8]1([H:18])[H:19])([H:20])[H:21])([H:11])[C:2](=[O:1])[O:3][H:10])([H:12])[H:13])([H:14])[H:15])[H:17],,
16,0.00850418242878817,RESP2,PW6B95/cc-pV(D+d)Z,,0.25,H,hf,17,[H:16][C:7]1([C:6]([C:5]([C:4]([C:9]([C:8]1([H:18])[H:19])([H:20])[H:21])([H:11])[C:2](=[O:1])[O:3][H:10])([H:12])[H:13])([H:14])[H:15])[H:17],,
17,6.846484349435576e-05,RESP2,PW6B95/cc-pV(D+d)Z,,0.25,H,hf,18,[H:16][C:7]1([C:6]([C:5]([C:4]([C:9]([C:8]1([H:18])[H:19])([H:20])[H:21])([H:11])[C:2](=[O:1])[O:3][H:10])([H:12])[H:13])([H:14])[H:15])[H:17],,
18,-0.002687058218523969,RESP2,PW6B95/cc-pV(D+d)Z,,0.25,H,hf,19,[H:16][C:7]1([C:6]([C:5]([C:4]([C:9]([C:8]1([H:18])[H:19])([H:20])[H:21])([H:11])[C:2](=[O:1])[O:3][H:10])([H:12])[H:13])([H:14])[H:15])[H:17],,
19,0.01566295660768759,RESP2,PW6B95/cc-pV(D+d)Z,,0.25,H,hf,20,[H:16][C:7]1([C:6]([C:5]([C:4]([C:9]([C:8]1([H:18])[H:19])([H:20])[H:21])([H:11])[C:2](=[O:1])[O:3][H:10])([H:12])[H:13])([H:14])[H:15])[H:17],,
20,0.016436035865190143,RESP2,PW6B95/cc-pV(D+d)Z,,0.25,H,hf,21,[H:16][C:7]1([C:6]([C:5]([C:4]([C:9]([C:8]1([H:18])[H:19])([H:20])[H:21])([H:11])[C:2](=[O:1])[O:3][H:10])([H:12])[H:13])([H:14])[H:15])[H:17],,
0,-0.4997899700879629,RESP2,PW6B95/cc-pV(D+d)Z,,0.30000000000000004,O,hf,1,[H:16][C:7]1([C:6]([C:5]([C:4]([C:9]([C:8]1([H:18])[H:19])([H:20])[H:21])([H:11])[C:2](=[O:1])[O:3][H:10])([H:12])[H:13])([H:14])[H:15])[H:17],,
1,0.5335984526688581,RESP2,PW6B95/cc-pV(D+d)Z,,0.30000000000000004,C,hf,2,[H:16][C:7]1([C:6]([C:5]([C:4]([C:9]([C:8]1([H:18])[H:19])([H:20])[H:21])([H:11])[C:2](=[O:1])[O:3][H:10])([H:12])[H:13])([H:14])[H:15])[H:17],,
2,-0.526089065173886,RESP2,PW6B95/cc-pV(D+d)Z,,0.30000000000000004,O,hf,3,[H:16][C:7]1([C:6]([C:5]([C:4]([C:9]([C:8]1([H:18])[H:19])([H:20])[H:21])([H:11])[C:2](=[O:1])[O:3][H:10])([H:12])[H:13])([H:14])[H:15])[H:17],,
3,0.044408915295075166,RESP2,PW6B95/cc-pV(D+d)Z,,0.30000000000000004,C,hf,4,[H:16][C:7]1([C:6]([C:5]([C:4]([C:9]([C:8]1([H:18])[H:19])([H:20])[H:21])([H:11])[C:2](=[O:1])[O:3][H:10])([H:12])[H:13])([H:14])[H:15])[H:17],,
4,-0.04228241448494411,RESP2,PW6B95/cc-pV(D+d)Z,,0.30000000000000004,C,hf,5,[H:16][C:7]1([C:6]([C:5]([C:4]([C:9]([C:8]1([H:18])[H:19])([H:20])[H:21])([H:11])[C:2](=[O:1])[O:3][H:10])([H:12])[H:13])([H:14])[H:15])[H:17],,
5,0.007291586870983528,RESP2,PW6B95/cc-pV(D+d)Z,,0.30000000000000004,C,hf,6,[H:16][C:7]1([C:6]([C:5]([C:4]([C:9]([C:8]1([H:18])[H:19])([H:20])[H:21])([H:11])[C:2](=[O:1])[O:3][H:10])([H:12])[H:13])([H:14])[H:15])[H:17],,
6,-0.01591794189986522,RESP2,PW6B95/cc-pV(D+d)Z,,0.30000000000000004,C,hf,7,[H:16][C:7]1([C:6]([C:5]([C:4]([C:9]([C:8]1([H:18])[H:19])([H:20])[H:21])([H:11])[C:2](=[O:1])[O:3][H:10])([H:12])[H:13])([H:14])[H:15])[H:17],,
7,0.024760404054646436,RESP2,PW6B95/cc-pV(D+d)Z,,0.30000000000000004,C,hf,8,[H:16][C:7]1([C:6]([C:5]([C:4]([C:9]([C:8]1([H:18])[H:19])([H:20])[H:21])([H:11])[C:2](=[O:1])[O:3][H:10])([H:12])[H:13])([H:14])[H:15])[H:17],,
8,-0.037065499186971815,RESP2,PW6B95/cc-pV(D+d)Z,,0.30000000000000004,C,hf,9,[H:16][C:7]1([C:6]([C:5]([C:4]([C:9]([C:8]1([H:18])[H:19])([H:20])[H:21])([H:11])[C:2](=[O:1])[O:3][H:10])([H:12])[H:13])([H:14])[H:15])[H:17],,
9,0.40527913364591583,RESP2,PW6B95/cc-pV(D+d)Z,,0.30000000000000004,H,hf,10,[H:16][C:7]1([C:6]([C:5]([C:4]([C:9]([C:8]1([H:18])[H:19])([H:20])[H:21])([H:11])[C:2](=[O:1])[O:3][H:10])([H:12])[H:13])([H:14])[H:15])[H:17],,
10,0.01792241883171097,RESP2,PW6B95/cc-pV(D+d)Z,,0.30000000000000004,H,hf,11,[H:16][C:7]1([C:6]([C:5]([C:4]([C:9]([C:8]1([H:18])[H:19])([H:20])[H:21])([H:11])[C:2](=[O:1])[O:3][H:10])([H:12])[H:13])([H:14])[H:15])[H:17],,
11,0.019552774565517548,RESP2,PW6B95/cc-pV(D+d)Z,,0.30000000000000004,H,hf,12,[H:16][C:7]1([C:6]([C:5]([C:4]([C:9]([C:8]1([H:18])[H:19])([H:20])[H:21])([H:11])[C:2](=[O:1])[O:3][H:10])([H:12])[H:13])([H:14])[H:15])[H:17],,
12,0.015853083494155915,RESP2,PW6B95/cc-pV(D+d)Z,,0.30000000000000004,H,hf,13,[H:16][C:7]1([C:6]([C:5]([C:4]([C:9]([C:8]1([H:18])[H:19])([H:20])[H:21])([H:11])[C:2](=[O:1])[O:3][H:10])([H:12])[H:13])([H:14])[H:15])[H:17],,
13,0.005884974724410363,RESP2,PW6B95/cc-pV(D+d)Z,,0.30000000000000004,H,hf,14,[H:16][C:7]1([C:6]([C:5]([C:4]([C:9]([C:8]1([H:18])[H:19])([H:20])[H:21])([H:11])[C:2](=[O:1])[O:3][H:10])([H:12])[H:13])([H:14])[H:15])[H:17],,
14,0.005426648881326388,RESP2,PW6B95/cc-pV(D+d)Z,,0.30000000000000004,H,hf,15,[H:16][C:7]1([C:6]([C:5]([C:4]([C:9]([C:8]1([H:18])[H:19])([H:20])[H:21])([H:11])[C:2](=[O:1])[O:3][H:10])([H:12])[H:13])([H:14])[H:15])[H:17],,
15,0.003398311879606778,RESP2,PW6B95/cc-pV(D+d)Z,,0.30000000000000004,H,hf,16,[H:16][C:7]1([C:6]([C:5]([C:4]([C:9]([C:8]1([H:18])[H:19])([H:20])[H:21])([H:11])[C:2](=[O:1])[O:3][H:10])([H:12])[H:13])([H:14])[H:15])[H:17],,
16,0.00790565560800618,RESP2,PW6B95/cc-pV(D+d)Z,,0.30000000000000004,H,hf,17,[H:16][C:7]1([C:6]([C:5]([C:4]([C:9]([C:8]1([H:18])[H:19])([H:20])[H:21])([H:11])[C:2](=[O:1])[O:3][H:10])([H:12])[H:13])([H:14])[H:15])[H:17],,
17,0.0005075212248397605,RESP2,PW6B95/cc-pV(D+d)Z,,0.30000000000000004,H,hf,18,[H:16][C:7]1([C:6]([C:5]([C:4]([C:9]([C:8]1([H:18])[H:19])([H:20])[H:21])([H:11])[C:2](=[O:1])[O:3][H:10])([H:12])[H:13])([H:14])[H:15])[H:17],,
18,-0.0022689499242537123,RESP2,PW6B95/cc-pV(D+d)Z,,0.30000000000000004,H,hf,19,[H:16][C:7]1([C:6]([C:5]([C:4]([C:9]([C:8]1([H:18])[H:19])([H:20])[H:21])([H:11])[C:2](=[O:1])[O:3][H:10])([H:12])[H:13])([H:14])[H:15])[H:17],,
19,0.015390476245582202,RESP2,PW6B95/cc-pV(D+d)Z,,0.30000000000000004,H,hf,20,[H:16][C:7]1([C:6]([C:5]([C:4]([C:9]([C:8]1([H:18])[H:19])([H:20])[H:21])([H:11])[C:2](=[O:1])[O:3][H:10])([H:12])[H:13])([H:14])[H:15])[H:17],,
20,0.016233482767248588,RESP2,PW6B95/cc-pV(D+d)Z,,0.30000000000000004,H,hf,21,[H:16][C:7]1([C:6]([C:5]([C:4]([C:9]([C:8]1([H:18])[H:19])([H:20])[H:21])([H:11])[C:2](=[O:1])[O:3][H:10])([H:12])[H:13])([H:14])[H:15])[H:17],,
0,-0.5028126630275619,RESP2,PW6B95/cc-pV(D+d)Z,,0.35000000000000003,O,hf,1,[H:16][C:7]1([C:6]([C:5]([C:4]([C:9]([C:8]1([H:18])[H:19])([H:20])[H:21])([H:11])[C:2](=[O:1])[O:3][H:10])([H:12])[H:13])([H:14])[H:15])[H:17],,
1,0.5352677538817132,RESP2,PW6B95/cc-pV(D+d)Z,,0.35000000000000003,C,hf,2,[H:16][C:7]1([C:6]([C:5]([C:4]([C:9]([C:8]1([H:18])[H:19])([H:20])[H:21])([H:11])[C:2](=[O:1])[O:3][H:10])([H:12])[H:13])([H:14])[H:15])[H:17],,
2,-0.5271704229831128,RESP2,PW6B95/cc-pV(D+d)Z,,0.35000000000000003,O,hf,3,[H:16][C:7]1([C:6]([C:5]([C:4]([C:9]([C:8]1([H:18])[H:19])([H:20])[H:21])([H:11])[C:2](=[O:1])[O:3][H:10])([H:12])[H:13])([H:14])[H:15])[H:17],,
3,0.043001898247719966,RESP2,PW6B95/cc-pV(D+d)Z,,0.35000000000000003,C,hf,4,[H:16][C:7]1([C:6]([C:5]([C:4]([C:9]([C:8]1([H:18])[H:19])([H:20])[H:21])([H:11])[C:2](=[O:1])[O:3][H:10])([H:12])[H:13])([H:14])[H:15])[H:17],,
4,-0.04185064186480343,RESP2,PW6B95/cc-pV(D+d)Z,,0.35000000000000003,C,hf,5,[H:16][C:7]1([C:6]([C:5]([C:4]([C:9]([C:8]1([H:18])[H:19])([H:20])[H:21])([H:11])[C:2](=[O:1])[O:3][H:10])([H:12])[H:13])([H:14])[H:15])[H:17],,
5,0.007207271129495808,RESP2,PW6B95/cc-pV(D+d)Z,,0.35000000000000003,C,hf,6,[H:16][C:7]1([C:6]([C:5]([C:4]([C:9]([C:8]1([H:18])[H:19])([H:20])[H:21])([H:11])[C:2](=[O:1])[O:3][H:10])([H:12])[H:13])([H:14])[H:15])[H:17],,
6,-0.013572777745136965,RESP2,PW6B95/cc-pV(D+d)Z,,0.35000000000000003,C,hf,7,[H:16][C:7]1([C:6]([C:5]([C:4]([C:9]([C:8]1([H:18])[H:19])([H:20])[H:21])([H:11])[C:2](=[O:1])[O:3][H:10])([H:12])[H:13])([H:14])[H:15])[H:17],,
7,0.02295908613240438,RESP2,PW6B95/cc-pV(D+d)Z,,0.35000000000000003,C,hf,8,[H:16][C:7]1([C:6]([C:5]([C:4]([C:9]([C:8]1([H:18])[H:19])([H:20])[H:21])([H:11])[C:2](=[O:1])[O:3][H:10])([H:12])[H:13])([H:14])[H:15])[H:17],,
8,-0.035780195224636345,RESP2,PW6B95/cc-pV(D+d)Z,,0.35000000000000003,C,hf,9,[H:16][C:7]1([C:6]([C:5]([C:4]([C:9]([C:8]1([H:18])[H:19])([H:20])[H:21])([H:11])[C:2](=[O:1])[O:3][H:10])([H:12])[H:13])([H:14])[H:15])[H:17],,
9,0.40701214010144565,RESP2,PW6B95/cc-pV(D+d)Z,,0.35000000000000003,H,hf,10,[H:16][C:7]1([C:6]([C:5]([C:4]([C:9]([C:8]1([H:18])[H:19])([H:20])[H:21])([H:11])[C:2](=[O:1])[O:3][H:10])([H:12])[H:13])([H:14])[H:15])[H:17],,
10,0.01886969381078319,RESP2,PW6B95/cc-pV(D+d)Z,,0.35000000000000003,H,hf,11,[H:16][C:7]1([C:6]([C:5]([C:4]([C:9]([C:8]1([H:18])[H:19])([H:20])[H:21])([H:11])[C:2](=[O:1])[O:3][H:10])([H:12])[H:13])([H:14])[H:15])[H:17],,
11,0.019388533217845366,RESP2,PW6B95/cc-pV(D+d)Z,,0.35000000000000003,H,hf,12,[H:16][C:7]1([C:6]([C:5]([C:4]([C:9]([C:8]1([H:18])[H:19])([H:20])[H:21])([H:11])[C:2](=[O:1])[O:3][H:10])([H:12])[H:13])([H:14])[H:15])[H:17],,
12,0.01605825407995558,RESP2,PW6B95/cc-pV(D+d)Z,,0.35000000000000003,H,hf,13,[H:16][C:7]1([C:6]([C:5]([C:4]([C:9]([C:8]1([H:18])[H:19])([H:20])[H:21])([H:11])[C:2](=[O:1])[O:3][H:10])([H:12])[H:13])([H:14])[H:15])[H:17],,
13,0.005807880440844737,RESP2,PW6B95/cc-pV(D+d)Z,,0.35000000000000003,H,hf,14,[H:16][C:7]1([C:6]([C:5]([C:4]([C:9]([C:8]1([H:18])[H:19])([H:20])[H:21])([H:11])[C:2](=[O:1])[O:3][H:10])([H:12])[H:13])([H:14])[H:15])[H:17],,
14,0.00522791768180715,RESP2,PW6B95/cc-pV(D+d)Z,,0.35000000000000003,H,hf,15,[H:16][C:7]1([C:6]([C:5]([C:4]([C:9]([C:8]1([H:18])[H:19])([H:20])[H:21])([H:11])[C:2](=[O:1])[O:3][H:10])([H:12])[H:13])([H:14])[H:15])[H:17],,
15,0.0028344818050265817,RESP2,PW6B95/cc-pV(D+d)Z,,0.35000000000000003,H,hf,16,[H:16][C:7]1([C:6]([C:5]([C:4]([C:9]([C:8]1([H:18])[H:19])([H:20])[H:21])([H:11])[C:2](=[O:1])[O:3][H:10])([H:12])[H:13])([H:14])[H:15])[H:17],,
16,0.007307128787224198,RESP2,PW6B95/cc-pV(D+d)Z,,0.35000000000000003,H,hf,17,[H:16][C:7]1([C:6]([C:5]([C:4]([C:9]([C:8]1([H:18])[H:19])([H:20])[H:21])([H:11])[C:2](=[O:1])[O:3][H:10])([H:12])[H:13])([H:14])[H:15])[H:17],,
17,0.0009465776061851754,RESP2,PW6B95/cc-pV(D+d)Z,,0.35000000000000003,H,hf,18,[H:16][C:7]1([C:6]([C:5]([C:4]([C:9]([C:8]1([H:18])[H:19])([H:20])[H:21])([H:11])[C:2](=[O:1])[O:3][H:10])([H:12])[H:13])([H:14])[H:15])[H:17],,
18,-0.0018508416299834458,RESP2,PW6B95/cc-pV(D+d)Z,,0.35000000000000003,H,hf,19,[H:16][C:7]1([C:6]([C:5]([C:4]([C:9]([C:8]1([H:18])[H:19])([H:20])[H:21])([H:11])[C:2](=[O:1])[O:3][H:10])([H:12])[H:13])([H:14])[H:15])[H:17],,
19,0.015117995883476823,RESP2,PW6B95/cc-pV(D+d)Z,,0.35000000000000003,H,hf,20,[H:16][C:7]1([C:6]([C:5]([C:4]([C:9]([C:8]1([H:18])[H:19])([H:20])[H:21])([H:11])[C:2](=[O:1])[O:3][H:10])([H:12])[H:13])([H:14])[H:15])[H:17],,
20,0.016030929669307043,RESP2,PW6B95/cc-pV(D+d)Z,,0.35000000000000003,H,hf,21,[H:16][C:7]1([C:6]([C:5]([C:4]([C:9]([C:8]1([H:18])[H:19])([H:20])[H:21])([H:11])[C:2](=[O:1])[O:3][H:10])([H:12])[H:13])([H:14])[H:15])[H:17],,
0,-0.5058353559671608,RESP2,PW6B95/cc-pV(D+d)Z,,0.4,O,hf,1,[H:16][C:7]1([C:6]([C:5]([C:4]([C:9]([C:8]1([H:18])[H:19])([H:20])[H:21])([H:11])[C:2](=[O:1])[O:3][H:10])([H:12])[H:13])([H:14])[H:15])[H:17],,
1,0.5369370550945685,RESP2,PW6B95/cc-pV(D+d)Z,,0.4,C,hf,2,[H:16][C:7]1([C:6]([C:5]([C:4]([C:9]([C:8]1([H:18])[H:19])([H:20])[H:21])([H:11])[C:2](=[O:1])[O:3][H:10])([H:12])[H:13])([H:14])[H:15])[H:17],,
2,-0.5282517807923397,RESP2,PW6B95/cc-pV(D+d)Z,,0.4,O,hf,3,[H:16][C:7]1([C:6]([C:5]([C:4]([C:9]([C:8]1([H:18])[H:19])([H:20])[H:21])([H:11])[C:2](=[O:1])[O:3][H:10])([H:12])[H:13])([H:14])[H:15])[H:17],,
3,0.04159488120036476,RESP2,PW6B95/cc-pV(D+d)Z,,0.4,C,hf,4,[H:16][C:7]1([C:6]([C:5]([C:4]([C:9]([C:8]1([H:18])[H:19])([H:20])[H:21])([H:11])[C:2](=[O:1])[O:3][H:10])([H:12])[H:13])([H:14])[H:15])[H:17],,
4,-0.04141886924466277,RESP2,PW6B95/cc-pV(D+d)Z,,0.4,C,hf,5,[H:16][C:7]1([C:6]([C:5]([C:4]([C:9]([C:8]1([H:18])[H:19])([H:20])[H:21])([H:11])[C:2](=[O:1])[O:3][H:10])([H:12])[H:13])([H:14])[H:15])[H:17],,
5,0.007122955388008084,RESP2,PW6B95/cc-pV(D+d)Z,,0.4,C,hf,6,[H:16][C:7]1([C:6]([C:5]([C:4]([C:9]([C:8]1([H:18])[H:19])([H:20])[H:21])([H:11])[C:2](=[O:1])[O:3][H:10])([H:12])[H:13])([H:14])[H:15])[H:17],,
6,-0.011227613590408725,RESP2,PW6B95/cc-pV(D+d)Z,,0.4,C,hf,7,[H:16][C:7]1([C:6]([C:5]([C:4]([C:9]([C:8]1([H:18])[H:19])([H:20])[H:21])([H:11])[C:2](=[O:1])[O:3][H:10])([H:12])[H:13])([H:14])[H:15])[H:17],,
7,0.021157768210162322,RESP2,PW6B95/cc-pV(D+d)Z,,0.4,C,hf,8,[H:16][C:7]1([C:6]([C:5]([C:4]([C:9]([C:8]1([H:18])[H:19])([H:20])[H:21])([H:11])[C:2](=[O:1])[O:3][H:10])([H:12])[H:13])([H:14])[H:15])[H:17],,
8,-0.03449489126230089,RESP2,PW6B95/cc-pV(D+d)Z,,0.4,C,hf,9,[H:16][C:7]1([C:6]([C:5]([C:4]([C:9]([C:8]1([H:18])[H:19])([H:20])[H:21])([H:11])[C:2](=[O:1])[O:3][H:10])([H:12])[H:13])([H:14])[H:15])[H:17],,
9,0.40874514655697547,RESP2,PW6B95/cc-pV(D+d)Z,,0.4,H,hf,10,[H:16][C:7]1([C:6]([C:5]([C:4]([C:9]([C:8]1([H:18])[H:19])([H:20])[H:21])([H:11])[C:2](=[O:1])[O:3][H:10])([H:12])[H:13])([H:14])[H:15])[H:17],,
10,0.0198169687898554,RESP2,PW6B95/cc-pV(D+d)Z,,0.4,H,hf,11,[H:16][C:7]1([C:6]([C:5]([C:4]([C:9]([C:8]1([H:18])[H:19])([H:20])[H:21])([H:11])[C:2](=[O:1])[O:3][H:10])([H:12])[H:13])([H:14])[H:15])[H:17],,
11,0.019224291870173178,RESP2,PW6B95/cc-pV(D+d)Z,,0.4,H,hf,12,[H:16][C:7]1([C:6]([C:5]([C:4]([C:9]([C:8]1([H:18])[H:19])([H:20])[H:21])([H:11])[C:2](=[O:1])[O:3][H:10])([H:12])[H:13])([H:14])[H:15])[H:17],,
12,0.016263424665755245,RESP2,PW6B95/cc-pV(D+d)Z,,0.4,H,hf,13,[H:16][C:7]1([C:6]([C:5]([C:4]([C:9]([C:8]1([H:18])[H:19])([H:20])[H:21])([H:11])[C:2](=[O:1])[O:3][H:10])([H:12])[H:13])([H:14])[H:15])[H:17],,
13,0.005730786157279106,RESP2,PW6B95/cc-pV(D+d)Z,,0.4,H,hf,14,[H:16][C:7]1([C:6]([C:5]([C:4]([C:9]([C:8]1([H:18])[H:19])([H:20])[H:21])([H:11])[C:2](=[O:1])[O:3][H:10])([H:12])[H:13])([H:14])[H:15])[H:17],,
14,0.005029186482287908,RESP2,PW6B95/cc-pV(D+d)Z,,0.4,H,hf,15,[H:16][C:7]1([C:6]([C:5]([C:4]([C:9]([C:8]1([H:18])[H:19])([H:20])[H:21])([H:11])[C:2](=[O:1])[O:3][H:10])([H:12])[H:13])([H:14])[H:15])[H:17],,
15,0.0022706517304463786,RESP2,PW6B95/cc-pV(D+d)Z,,0.4,H,hf,16,[H:16][C:7]1([C:6]([C:5]([C:4]([C:9]([C:8]1([H:18])[H:19])([H:20])[H:21])([H:11])[C:2](=[O:1])[O:3][H:10])([H:12])[H:13])([H:14])[H:15])[H:17],,
16,0.006708601966442212,RESP2,PW6B95/cc-pV(D+d)Z,,0.4,H,hf,17,[H:16][C:7]1([C:6]([C:5]([C:4]([C:9]([C:8]1([H:18])[H:19])([H:20])[H:21])([H:11])[C:2](=[O:1])[O:3][H:10])([H:12])[H:13])([H:14])[H:15])[H:17],,
17,0.001385633987530584,RESP2,PW6B95/cc-pV(D+d)Z,,0.4,H,hf,18,[H:16][C:7]1([C:6]([C:5]([C:4]([C:9]([C:8]1([H:18])[H:19])([H:20])[H:21])([H:11])[C:2](=[O:1])[O:3][H:10])([H:12])[H:13])([H:14])[H:15])[H:17],,
18,-0.0014327333357131858,RESP2,PW6B95/cc-pV(D+d)Z,,0.4,H,hf,19,[H:16][C:7]1([C:6]([C:5]([C:4]([C:9]([C:8]1([H:18])[H:19])([H:20])[H:21])([H:11])[C:2](=[O:1])[O:3][H:10])([H:12])[H:13])([H:14])[H:15])[H:17],,
19,0.01484551552137144,RESP2,PW6B95/cc-pV(D+d)Z,,0.4,H,hf,20,[H:16][C:7]1([C:6]([C:5]([C:4]([C:9]([C:8]1([H:18])[H:19])([H:20])[H:21])([H:11])[C:2](=[O:1])[O:3][H:10])([H:12])[H:13])([H:14])[H:15])[H:17],,
20,0.015828376571365495,RESP2,PW6B95/cc-pV(D+d)Z,,0.4,H,hf,21,[H:16][C:7]1([C:6]([C:5]([C:4]([C:9]([C:8]1([H:18])[H:19])([H:20])[H:21])([H:11])[C:2](=[O:1])[O:3][H:10])([H:12])[H:13])([H:14])[H:15])[H:17],,
0,-0.5088580489067598,RESP2,PW6B95/cc-pV(D+d)Z,,0.45,O,hf,1,[H:16][C:7]1([C:6]([C:5]([C:4]([C:9]([C:8]1([H:18])[H:19])([H:20])[H:21])([H:11])[C:2](=[O:1])[O:3][H:10])([H:12])[H:13])([H:14])[H:15])[H:17],,
1,0.5386063563074237,RESP2,PW6B95/cc-pV(D+d)Z,,0.45,C,hf,2,[H:16][C:7]1([C:6]([C:5]([C:4]([C:9]([C:8]1([H:18])[H:19])([H:20])[H:21])([H:11])[C:2](=[O:1])[O:3][H:10])([H:12])[H:13])([H:14])[H:15])[H:17],,
2,-0.5293331386015666,RESP2,PW6B95/cc-pV(D+d)Z,,0.45,O,hf,3,[H:16][C:7]1([C:6]([C:5]([C:4]([C:9]([C:8]1([H:18])[H:19])([H:20])[H:21])([H:11])[C:2](=[O:1])[O:3][H:10])([H:12])[H:13])([H:14])[H:15])[H:17],,
3,0.04018786415300957,RESP2,PW6B95/cc-pV(D+d)Z,,0.45,C,hf,4,[H:16][C:7]1([C:6]([C:5]([C:4]([C:9]([C:8]1([H:18])[H:19])([H:20])[H:21])([H:11])[C:2](=[O:1])[O:3][H:10])([H:12])[H:13])([H:14])[H:15])[H:17],,
4,-0.04098709662452211,RESP2,PW6B95/cc-pV(D+d)Z,,0.45,C,hf,5,[H:16][C:7]1([C:6]([C:5]([C:4]([C:9]([C:8]1([H:18])[H:19])([H:20])[H:21])([H:11])[C:2](=[O:1])[O:3][H:10])([H:12])[H:13])([H:14])[H:15])[H:17],,
5,0.00703863964652036,RESP2,PW6B95/cc-pV(D+d)Z,,0.45,C,hf,6,[H:16][C:7]1([C:6]([C:5]([C:4]([C:9]([C:8]1([H:18])[H:19])([H:20])[H:21])([H:11])[C:2](=[O:1])[O:3][H:10])([H:12])[H:13])([H:14])[H:15])[H:17],,
6,-0.008882449435680478,RESP2,PW6B95/cc-pV(D+d)Z,,0.45,C,hf,7,[H:16][C:7]1([C:6]([C:5]([C:4]([C:9]([C:8]1([H:18])[H:19])([H:20])[H:21])([H:11])[C:2](=[O:1])[O:3][H:10])([H:12])[H:13])([H:14])[H:15])[H:17],,
7,0.019356450287920265,RESP2,PW6B95/cc-pV(D+d)Z,,0.45,C,hf,8,[H:16][C:7]1([C:6]([C:5]([C:4]([C:9]([C:8]1([H:18])[H:19])([H:20])[H:21])([H:11])[C:2](=[O:1])[O:3][H:10])([H:12])[H:13])([H:14])[H:15])[H:17],,
8,-0.033209587299965426,RESP2,PW6B95/cc-pV(D+d)Z,,0.45,C,hf,9,[H:16][C:7]1([C:6]([C:5]([C:4]([C:9]([C:8]1([H:18])[H:19])([H:20])[H:21])([H:11])[C:2](=[O:1])[O:3][H:10])([H:12])[H:13])([H:14])[H:15])[H:17],,
9,0.41047815301250534,RESP2,PW6B95/cc-pV(D+d)Z,,0.45,H,hf,10,[H:16][C:7]1([C:6]([C:5]([C:4]([C:9]([C:8]1([H:18])[H:19])([H:20])[H:21])([H:11])[C:2](=[O:1])[O:3][H:10])([H:12])[H:13])([H:14])[H:15])[H:17],,
10,0.020764243768927618,RESP2,PW6B95/cc-pV(D+d)Z,,0.45,H,hf,11,[H:16][C:7]1([C:6]([C:5]([C:4]([C:9]([C:8]1([H:18])[H:19])([H:20])[H:21])([H:11])[C:2](=[O:1])[O:3][H:10])([H:12])[H:13])([H:14])[H:15])[H:17],,
11,0.019060050522500996,RESP2,PW6B95/cc-pV(D+d)Z,,0.45,H,hf,12,[H:16][C:7]1([C:6]([C:5]([C:4]([C:9]([C:8]1([H:18])[H:19])([H:20])[H:21])([H:11])[C:2](=[O:1])[O:3][H:10])([H:12])[H:13])([H:14])[H:15])[H:17],,
12,0.01646859525155491,RESP2,PW6B95/cc-pV(D+d)Z,,0.45,H,hf,13,[H:16][C:7]1([C:6]([C:5]([C:4]([C:9]([C:8]1([H:18])[H:19])([H:20])[H:21])([H:11])[C:2](=[O:1])[O:3][H:10])([H:12])[H:13])([H:14])[H:15])[H:17],,
13,0.005653691873713476,RESP2,PW6B95/cc-pV(D+d)Z,,0.45,H,hf,14,[H:16][C:7]1([C:6]([C:5]([C:4]([C:9]([C:8]1([H:18])[H:19])([H:20])[H:21])([H:11])[C:2](=[O:1])[O:3][H:10])([H:12])[H:13])([H:14])[H:15])[H:17],,
14,0.004830455282768668,RESP2,PW6B95/cc-pV(D+d)Z,,0.45,H,hf,15,[H:16][C:7]1([C:6]([C:5]([C:4]([C:9]([C:8]1([H:18])[H:19])([H:20])[H:21])([H:11])[C:2](=[O:1])[O:3][H:10])([H:12])[H:13])([H:14])[H:15])[H:17],,
15,0.0017068216558661794,RESP2,PW6B95/cc-pV(D+d)Z,,0.45,H,hf,16,[H:16][C:7]1([C:6]([C:5]([C:4]([C:9]([C:8]1([H:18])[H:19])([H:20])[H:21])([H:11])[C:2](=[O:1])[O:3][H:10])([H:12])[H:13])([H:14])[H:15])[H:17],,
16,0.006110075145660227,RESP2,PW6B95/cc-pV(D+d)Z,,0.45,H,hf,17,[H:16][C:7]1([C:6]([C:5]([C:4]([C:9]([C:8]1([H:18])[H:19])([H:20])[H:21])([H:11])[C:2](=[O:1])[O:3][H:10])([H:12])[H:13])([H:14])[H:15])[H:17],,
17,0.001824690368875995,RESP2,PW6B95/cc-pV(D+d)Z,,0.45,H,hf,18,[H:16][C:7]1([C:6]([C:5]([C:4]([C:9]([C:8]1([H:18])[H:19])([H:20])[H:21])([H:11])[C:2](=[O:1])[O:3][H:10])([H:12])[H:13])([H:14])[H:15])[H:17],,
18,-0.0010146250414429232,RESP2,PW6B95/cc-pV(D+d)Z,,0.45,H,hf,19,[H:16][C:7]1([C:6]([C:5]([C:4]([C:9]([C:8]1([H:18])[H:19])([H:20])[H:21])([H:11])[C:2](=[O:1])[O:3][H:10])([H:12])[H:13])([H:14])[H:15])[H:17],,
19,0.01457303515926606,RESP2,PW6B95/cc-pV(D+d)Z,,0.45,H,hf,20,[H:16][C:7]1([C:6]([C:5]([C:4]([C:9]([C:8]1([H:18])[H:19])([H:20])[H:21])([H:11])[C:2](=[O:1])[O:3][H:10])([H:12])[H:13])([H:14])[H:15])[H:17],,
20,0.01562582347342395,RESP2,PW6B95/cc-pV(D+d)Z,,0.45,H,hf,21,[H:16][C:7]1([C:6]([C:5]([C:4]([C:9]([C:8]1([H:18])[H:19])([H:20])[H:21])([H:11])[C:2](=[O:1])[O:3][H:10])([H:12])[H:13])([H:14])[H:15])[H:17],,
0,-0.5118807418463587,RESP2,PW6B95/cc-pV(D+d)Z,,0.5,O,hf,1,[H:16][C:7]1([C:6]([C:5]([C:4]([C:9]([C:8]1([H:18])[H:19])([H:20])[H:21])([H:11])[C:2](=[O:1])[O:3][H:10])([H:12])[H:13])([H:14])[H:15])[H:17],,
1,0.5402756575202788,RESP2,PW6B95/cc-pV(D+d)Z,,0.5,C,hf,2,[H:16][C:7]1([C:6]([C:5]([C:4]([C:9]([C:8]1([H:18])[H:19])([H:20])[H:21])([H:11])[C:2](=[O:1])[O:3][H:10])([H:12])[H:13])([H:14])[H:15])[H:17],,
2,-0.5304144964107934,RESP2,PW6B95/cc-pV(D+d)Z,,0.5,O,hf,3,[H:16][C:7]1([C:6]([C:5]([C:4]([C:9]([C:8]1([H:18])[H:19])([H:20])[H:21])([H:11])[C:2](=[O:1])[O:3][H:10])([H:12])[H:13])([H:14])[H:15])[H:17],,
3,0.03878084710565436,RESP2,PW6B95/cc-pV(D+d)Z,,0.5,C,hf,4,[H:16][C:7]1([C:6]([C:5]([C:4]([C:9]([C:8]1([H:18])[H:19])([H:20])[H:21])([H:11])[C:2](=[O:1])[O:3][H:10])([H:12])[H:13])([H:14])[H:15])[H:17],,
4,-0.04055532400438144,RESP2,PW6B95/cc-pV(D+d)Z,,0.5,C,hf,5,[H:16][C:7]1([C:6]([C:5]([C:4]([C:9]([C:8]1([H:18])[H:19])([H:20])[H:21])([H:11])[C:2](=[O:1])[O:3][H:10])([H:12])[H:13])([H:14])[H:15])[H:17],,
5,0.0069543239050326375,RESP2,PW6B95/cc-pV(D+d)Z,,0.5,C,hf,6,[H:16][C:7]1([C:6]([C:5]([C:4]([C:9]([C:8]1([H:18])[H:19])([H:20])[H:21])([H:11])[C:2](=[O:1])[O:3][H:10])([H:12])[H:13])([H:14])[H:15])[H:17],,
6,-0.0065372852809522305,RESP2,PW6B95/cc-pV(D+d)Z,,0.5,C,hf,7,[H:16][C:7]1([C:6]([C:5]([C:4]([C:9]([C:8]1([H:18])[H:19])([H:20])[H:21])([H:11])[C:2](=[O:1])[O:3][H:10])([H:12])[H:13])([H:14])[H:15])[H:17],,
7,0.017555132365678204,RESP2,PW6B95/cc-pV(D+d)Z,,0.5,C,hf,8,[H:16][C:7]1([C:6]([C:5]([C:4]([C:9]([C:8]1([H:18])[H:19])([H:20])[H:21])([H:11])[C:2](=[O:1])[O:3][H:10])([H:12])[H:13])([H:14])[H:15])[H:17],,
8,-0.03192428333762996,RESP2,PW6B95/cc-pV(D+d)Z,,0.5,C,hf,9,[H:16][C:7]1([C:6]([C:5]([C:4]([C:9]([C:8]1([H:18])[H:19])([H:20])[H:21])([H:11])[C:2](=[O:1])[O:3][H:10])([H:12])[H:13])([H:14])[H:15])[H:17],,
9,0.4122111594680351,RESP2,PW6B95/cc-pV(D+d)Z,,0.5,H,hf,10,[H:16][C:7]1([C:6]([C:5]([C:4]([C:9]([C:8]1([H:18])[H:19])([H:20])[H:21])([H:11])[C:2](=[O:1])[O:3][H:10])([H:12])[H:13])([H:14])[H:15])[H:17],,
10,0.021711518747999828,RESP2,PW6B95/cc-pV(D+d)Z,,0.5,H,hf,11,[H:16][C:7]1([C:6]([C:5]([C:4]([C:9]([C:8]1([H:18])[H:19])([H:20])[H:21])([H:11])[C:2](=[O:1])[O:3][H:10])([H:12])[H:13])([H:14])[H:15])[H:17],,
11,0.018895809174828804,RESP2,PW6B95/cc-pV(D+d)Z,,0.5,H,hf,12,[H:16][C:7]1([C:6]([C:5]([C:4]([C:9]([C:8]1([H:18])[H:19])([H:20])[H:21])([H:11])[C:2](=[O:1])[O:3][H:10])([H:12])[H:13])([H:14])[H:15])[H:17],,
12,0.016673765837354575,RESP2,PW6B95/cc-pV(D+d)Z,,0.5,H,hf,13,[H:16][C:7]1([C:6]([C:5]([C:4]([C:9]([C:8]1([H:18])[H:19])([H:20])[H:21])([H:11])[C:2](=[O:1])[O:3][H:10])([H:12])[H:13])([H:14])[H:15])[H:17],,
13,0.005576597590147847,RESP2,PW6B95/cc-pV(D+d)Z,,0.5,H,hf,14,[H:16][C:7]1([C:6]([C:5]([C:4]([C:9]([C:8]1([H:18])[H:19])([H:20])[H:21])([H:11])[C:2](=[O:1])[O:3][H:10])([H:12])[H:13])([H:14])[H:15])[H:17],,
14,0.004631724083249427,RESP2,PW6B95/cc-pV(D+d)Z,,0.5,H,hf,15,[H:16][C:7]1([C:6]([C:5]([C:4]([C:9]([C:8]1([H:18])[H:19])([H:20])[H:21])([H:11])[C:2](=[O:1])[O:3][H:10])([H:12])[H:13])([H:14])[H:15])[H:17],,
15,0.0011429915812859789,RESP2,PW6B95/cc-pV(D+d)Z,,0.5,H,hf,16,[H:16][C:7]1([C:6]([C:5]([C:4]([C:9]([C:8]1([H:18])[H:19])([H:20])[H:21])([H:11])[C:2](=[O:1])[O:3][H:10])([H:12])[H:13])([H:14])[H:15])[H:17],,
16,0.005511548324878242,RESP2,PW6B95/cc-pV(D+d)Z,,0.5,H,hf,17,[H:16][C:7]1([C:6]([C:5]([C:4]([C:9]([C:8]1([H:18])[H:19])([H:20])[H:21])([H:11])[C:2](=[O:1])[O:3][H:10])([H:12])[H:13])([H:14])[H:15])[H:17],,
17,0.002263746750221406,RESP2,PW6B95/cc-pV(D+d)Z,,0.5,H,hf,18,[H:16][C:7]1([C:6]([C:5]([C:4]([C:9]([C:8]1([H:18])[H:19])([H:20])[H:21])([H:11])[C:2](=[O:1])[O:3][H:10])([H:12])[H:13])([H:14])[H:15])[H:17],,
18,-0.0005965167471726606,RESP2,PW6B95/cc-pV(D+d)Z,,0.5,H,hf,19,[H:16][C:7]1([C:6]([C:5]([C:4]([C:9]([C:8]1([H:18])[H:19])([H:20])[H:21])([H:11])[C:2](=[O:1])[O:3][H:10])([H:12])[H:13])([H:14])[H:15])[H:17],,
19,0.01430055479716068,RESP2,PW6B95/cc-pV(D+d)Z,,0.5,H,hf,20,[H:16][C:7]1([C:6]([C:5]([C:4]([C:9]([C:8]1([H:18])[H:19])([H:20])[H:21])([H:11])[C:2](=[O:1])[O:3][H:10])([H:12])[H:13])([H:14])[H:15])[H:17],,
20,0.015423270375482398,RESP2,PW6B95/cc-pV(D+d)Z,,0.5,H,hf,21,[H:16][C:7]1([C:6]([C:5]([C:4]([C:9]([C:8]1([H:18])[H:19])([H:20])[H:21])([H:11])[C:2](=[O:1])[O:3][H:10])([H:12])[H:13])([H:14])[H:15])[H:17],,
0,-0.5149034347859577,RESP2,PW6B95/cc-pV(D+d)Z,,0.55,O,hf,1,[H:16][C:7]1([C:6]([C:5]([C:4]([C:9]([C:8]1([H:18])[H:19])([H:20])[H:21])([H:11])[C:2](=[O:1])[O:3][H:10])([H:12])[H:13])([H:14])[H:15])[H:17],,
1,0.5419449587331341,RESP2,PW6B95/cc-pV(D+d)Z,,0.55,C,hf,2,[H:16][C:7]1([C:6]([C:5]([C:4]([C:9]([C:8]1([H:18])[H:19])([H:20])[H:21])([H:11])[C:2](=[O:1])[O:3][H:10])([H:12])[H:13])([H:14])[H:15])[H:17],,
2,-0.5314958542200203,RESP2,PW6B95/cc-pV(D+d)Z,,0.55,O,hf,3,[H:16][C:7]1([C:6]([C:5]([C:4]([C:9]([C:8]1([H:18])[H:19])([H:20])[H:21])([H:11])[C:2](=[O:1])[O:3][H:10])([H:12])[H:13])([H:14])[H:15])[H:17],,
3,0.03737383005829916,RESP2,PW6B95/cc-pV(D+d)Z,,0.55,C,hf,4,[H:16][C:7]1([C:6]([C:5]([C:4]([C:9]([C:8]1([H:18])[H:19])([H:20])[H:21])([H:11])[C:2](=[O:1])[O:3][H:10])([H:12])[H:13])([H:14])[H:15])[H:17],,
4,-0.04012355138424077,RESP2,PW6B95/cc-pV(D+d)Z,,0.55,C,hf,5,[H:16][C:7]1([C:6]([C:5]([C:4]([C:9]([C:8]1([H:18])[H:19])([H:20])[H:21])([H:11])[C:2](=[O:1])[O:3][H:10])([H:12])[H:13])([H:14])[H:15])[H:17],,
5,0.006870008163544916,RESP2,PW6B95/cc-pV(D+d)Z,,0.55,C,hf,6,[H:16][C:7]1([C:6]([C:5]([C:4]([C:9]([C:8]1([H:18])[H:19])([H:20])[H:21])([H:11])[C:2](=[O:1])[O:3][H:10])([H:12])[H:13])([H:14])[H:15])[H:17],,
6,-0.00419212112622398,RESP2,PW6B95/cc-pV(D+d)Z,,0.55,C,hf,7,[H:16][C:7]1([C:6]([C:5]([C:4]([C:9]([C:8]1([H:18])[H:19])([H:20])[H:21])([H:11])[C:2](=[O:1])[O:3][H:10])([H:12])[H:13])([H:14])[H:15])[H:17],,
7,0.015753814443436143,RESP2,PW6B95/cc-pV(D+d)Z,,0.55,C,hf,8,[H:16][C:7]1([C:6]([C:5]([C:4]([C:9]([C:8]1([H:18])[H:19])([H:20])[H:21])([H:11])[C:2](=[O:1])[O:3][H:10])([H:12])[H:13])([H:14])[H:15])[H:17],,
8,-0.030638979375294494,RESP2,PW6B95/cc-pV(D+d)Z,,0.55,C,hf,9,[H:16][C:7]1([C:6]([C:5]([C:4]([C:9]([C:8]1([H:18])[H:19])([H:20])[H:21])([H:11])[C:2](=[O:1])[O:3][H:10])([H:12])[H:13])([H:14])[H:15])[H:17],,
9,0.4139441659235649,RESP2,PW6B95/cc-pV(D+d)Z,,0.55,H,hf,10,[H:16][C:7]1([C:6]([C:5]([C:4]([C:9]([C:8]1([H:18])[H:19])([H:20])[H:21])([H:11])[C:2](=[O:1])[O:3][H:10])([H:12])[H:13])([H:14])[H:15])[H:17],,
10,0.02265879372707205,RESP2,PW6B95/cc-pV(D+d)Z,,0.55,H,hf,11,[H:16][C:7]1([C:6]([C:5]([C:4]([C:9]([C:8]1([H:18])[H:19])([H:20])[H:21])([H:11])[C:2](=[O:1])[O:3][H:10])([H:12])[H:13])([H:14])[H:15])[H:17],,
11,0.018731567827156625,RESP2,PW6B95/cc-pV(D+d)Z,,0.55,H,hf,12,[H:16][C:7]1([C:6]([C:5]([C:4]([C:9]([C:8]1([H:18])[H:19])([H:20])[H:21])([H:11])[C:2](=[O:1])[O:3][H:10])([H:12])[H:13])([H:14])[H:15])[H:17],,
12,0.01687893642315424,RESP2,PW6B95/cc-pV(D+d)Z,,0.55,H,hf,13,[H:16][C:7]1([C:6]([C:5]([C:4]([C:9]([C:8]1([H:18])[H:19])([H:20])[H:21])([H:11])[C:2](=[O:1])[O:3][H:10])([H:12])[H:13])([H:14])[H:15])[H:17],,
13,0.00549950330658222,RESP2,PW6B95/cc-pV(D+d)Z,,0.55,H,hf,14,[H:16][C:7]1([C:6]([C:5]([C:4]([C:9]([C:8]1([H:18])[H:19])([H:20])[H:21])([H:11])[C:2](=[O:1])[O:3][H:10])([H:12])[H:13])([H:14])[H:15])[H:17],,
14,0.004432992883730187,RESP2,PW6B95/cc-pV(D+d)Z,,0.55,H,hf,15,[H:16][C:7]1([C:6]([C:5]([C:4]([C:9]([C:8]1([H:18])[H:19])([H:20])[H:21])([H:11])[C:2](=[O:1])[O:3][H:10])([H:12])[H:13])([H:14])[H:15])[H:17],,
15,0.0005791615067057797,RESP2,PW6B95/cc-pV(D+d)Z,,0.55,H,hf,16,[H:16][C:7]1([C:6]([C:5]([C:4]([C:9]([C:8]1([H:18])[H:19])([H:20])[H:21])([H:11])[C:2](=[O:1])[O:3][H:10])([H:12])[H:13])([H:14])[H:15])[H:17],,
16,0.004913021504096259,RESP2,PW6B95/cc-pV(D+d)Z,,0.55,H,hf,17,[H:16][C:7]1([C:6]([C:5]([C:4]([C:9]([C:8]1([H:18])[H:19])([H:20])[H:21])([H:11])[C:2](=[O:1])[O:3][H:10])([H:12])[H:13])([H:14])[H:15])[H:17],,
17,0.0027028031315668192,RESP2,PW6B95/cc-pV(D+d)Z,,0.55,H,hf,18,[H:16][C:7]1([C:6]([C:5]([C:4]([C:9]([C:8]1([H:18])[H:19])([H:20])[H:21])([H:11])[C:2](=[O:1])[O:3][H:10])([H:12])[H:13])([H:14])[H:15])[H:17],,
18,-0.0001784084529023962,RESP2,PW6B95/cc-pV(D+d)Z,,0.55,H,hf,19,[H:16][C:7]1([C:6]([C:5]([C:4]([C:9]([C:8]1([H:18])[H:19])([H:20])[H:21])([H:11])[C:2](=[O:1])[O:3][H:10])([H:12])[H:13])([H:14])[H:15])[H:17],,
19,0.014028074435055299,RESP2,PW6B95/cc-pV(D+d)Z,,0.55,H,hf,20,[H:16][C:7]1([C:6]([C:5]([C:4]([C:9]([C:8]1([H:18])[H:19])([H:20])[H:21])([H:11])[C:2](=[O:1])[O:3][H:10])([H:12])[H:13])([H:14])[H:15])[H:17],,
20,0.015220717277540853,RESP2,PW6B95/cc-pV(D+d)Z,,0.55,H,hf,21,[H:16][C:7]1([C:6]([C:5]([C:4]([C:9]([C:8]1([H:18])[H:19])([H:20])[H:21])([H:11])[C:2](=[O:1])[O:3][H:10])([H:12])[H:13])([H:14])[H:15])[H:17],,
0,-0.5179261277255566,RESP2,PW6B95/cc-pV(D+d)Z,,0.6000000000000001,O,hf,1,[H:16][C:7]1([C:6]([C:5]([C:4]([C:9]([C:8]1([H:18])[H:19])([H:20])[H:21])([H:11])[C:2](=[O:1])[O:3][H:10])([H:12])[H:13])([H:14])[H:15])[H:17],,
1,0.5436142599459892,RESP2,PW6B95/cc-pV(D+d)Z,,0.6000000000000001,C,hf,2,[H:16][C:7]1([C:6]([C:5]([C:4]([C:9]([C:8]1([H:18])[H:19])([H:20])[H:21])([H:11])[C:2](=[O:1])[O:3][H:10])([H:12])[H:13])([H:14])[H:15])[H:17],,
2,-0.5325772120292472,RESP2,PW6B95/cc-pV(D+d)Z,,0.6000000000000001,O,hf,3,[H:16][C:7]1([C:6]([C:5]([C:4]([C:9]([C:8]1([H:18])[H:19])([H:20])[H:21])([H:11])[C:2](=[O:1])[O:3][H:10])([H:12])[H:13])([H:14])[H:15])[H:17],,
3,0.03596681301094395,RESP2,PW6B95/cc-pV(D+d)Z,,0.6000000000000001,C,hf,4,[H:16][C:7]1([C:6]([C:5]([C:4]([C:9]([C:8]1([H:18])[H:19])([H:20])[H:21])([H:11])[C:2](=[O:1])[O:3][H:10])([H:12])[H:13])([H:14])[H:15])[H:17],,
4,-0.03969177876410011,RESP2,PW6B95/cc-pV(D+d)Z,,0.6000000000000001,C,hf,5,[H:16][C:7]1([C:6]([C:5]([C:4]([C:9]([C:8]1([H:18])[H:19])([H:20])[H:21])([H:11])[C:2](=[O:1])[O:3][H:10])([H:12])[H:13])([H:14])[H:15])[H:17],,
5,0.006785692422057191,RESP2,PW6B95/cc-pV(D+d)Z,,0.6000000000000001,C,hf,6,[H:16][C:7]1([C:6]([C:5]([C:4]([C:9]([C:8]1([H:18])[H:19])([H:20])[H:21])([H:11])[C:2](=[O:1])[O:3][H:10])([H:12])[H:13])([H:14])[H:15])[H:17],,
6,-0.001846956971495731,RESP2,PW6B95/cc-pV(D+d)Z,,0.6000000000000001,C,hf,7,[H:16][C:7]1([C:6]([C:5]([C:4]([C:9]([C:8]1([H:18])[H:19])([H:20])[H:21])([H:11])[C:2](=[O:1])[O:3][H:10])([H:12])[H:13])([H:14])[H:15])[H:17],,
7,0.01395249652119408,RESP2,PW6B95/cc-pV(D+d)Z,,0.6000000000000001,C,hf,8,[H:16][C:7]1([C:6]([C:5]([C:4]([C:9]([C:8]1([H:18])[H:19])([H:20])[H:21])([H:11])[C:2](=[O:1])[O:3][H:10])([H:12])[H:13])([H:14])[H:15])[H:17],,
8,-0.029353675412959038,RESP2,PW6B95/cc-pV(D+d)Z,,0.6000000000000001,C,hf,9,[H:16][C:7]1([C:6]([C:5]([C:4]([C:9]([C:8]1([H:18])[H:19])([H:20])[H:21])([H:11])[C:2](=[O:1])[O:3][H:10])([H:12])[H:13])([H:14])[H:15])[H:17],,
9,0.4156771723790948,RESP2,PW6B95/cc-pV(D+d)Z,,0.6000000000000001,H,hf,10,[H:16][C:7]1([C:6]([C:5]([C:4]([C:9]([C:8]1([H:18])[H:19])([H:20])[H:21])([H:11])[C:2](=[O:1])[O:3][H:10])([H:12])[H:13])([H:14])[H:15])[H:17],,
10,0.02360606870614426,RESP2,PW6B95/cc-pV(D+d)Z,,0.6000000000000001,H,hf,11,[H:16][C:7]1([C:6]([C:5]([C:4]([C:9]([C:8]1([H:18])[H:19])([H:20])[H:21])([H:11])[C:2](=[O:1])[O:3][H:10])([H:12])[H:13])([H:14])[H:15])[H:17],,
11,0.018567326479484433,RESP2,PW6B95/cc-pV(D+d)Z,,0.6000000000000001,H,hf,12,[H:16][C:7]1([C:6]([C:5]([C:4]([C:9]([C:8]1([H:18])[H:19])([H:20])[H:21])([H:11])[C:2](=[O:1])[O:3][H:10])([H:12])[H:13])([H:14])[H:15])[H:17],,
12,0.0170841070089539,RESP2,PW6B95/cc-pV(D+d)Z,,0.6000000000000001,H,hf,13,[H:16][C:7]1([C:6]([C:5]([C:4]([C:9]([C:8]1([H:18])[H:19])([H:20])[H:21])([H:11])[C:2](=[O:1])[O:3][H:10])([H:12])[H:13])([H:14])[H:15])[H:17],,
13,0.005422409023016588,RESP2,PW6B95/cc-pV(D+d)Z,,0.6000000000000001,H,hf,14,[H:16][C:7]1([C:6]([C:5]([C:4]([C:9]([C:8]1([H:18])[H:19])([H:20])[H:21])([H:11])[C:2](=[O:1])[O:3][H:10])([H:12])[H:13])([H:14])[H:15])[H:17],,
14,0.004234261684210944,RESP2,PW6B95/cc-pV(D+d)Z,,0.6000000000000001,H,hf,15,[H:16][C:7]1([C:6]([C:5]([C:4]([C:9]([C:8]1([H:18])[H:19])([H:20])[H:21])([H:11])[C:2](=[O:1])[O:3][H:10])([H:12])[H:13])([H:14])[H:15])[H:17],,
15,1.5331432125577345e-05,RESP2,PW6B95/cc-pV(D+d)Z,,0.6000000000000001,H,hf,16,[H:16][C:7]1([C:6]([C:5]([C:4]([C:9]([C:8]1([H:18])[H:19])([H:20])[H:21])([H:11])[C:2](=[O:1])[O:3][H:10])([H:12])[H:13])([H:14])[H:15])[H:17],,
16,0.004314494683314272,RESP2,PW6B95/cc-pV(D+d)Z,,0.6000000000000001,H,hf,17,[H:16][C:7]1([C:6]([C:5]([C:4]([C:9]([C:8]1([H:18])[H:19])([H:20])[H:21])([H:11])[C:2](=[O:1])[O:3][H:10])([H:12])[H:13])([H:14])[H:15])[H:17],,
17,0.0031418595129122286,RESP2,PW6B95/cc-pV(D+d)Z,,0.6000000000000001,H,hf,18,[H:16][C:7]1([C:6]([C:5]([C:4]([C:9]([C:8]1([H:18])[H:19])([H:20])[H:21])([H:11])[C:2](=[O:1])[O:3][H:10])([H:12])[H:13])([H:14])[H:15])[H:17],,
18,0.00023969984136786558,RESP2,PW6B95/cc-pV(D+d)Z,,0.6000000000000001,H,hf,19,[H:16][C:7]1([C:6]([C:5]([C:4]([C:9]([C:8]1([H:18])[H:19])([H:20])[H:21])([H:11])[C:2](=[O:1])[O:3][H:10])([H:12])[H:13])([H:14])[H:15])[H:17],,
19,0.013755594072949916,RESP2,PW6B95/cc-pV(D+d)Z,,0.6000000000000001,H,hf,20,[H:16][C:7]1([C:6]([C:5]([C:4]([C:9]([C:8]1([H:18])[H:19])([H:20])[H:21])([H:11])[C:2](=[O:1])[O:3][H:10])([H:12])[H:13])([H:14])[H:15])[H:17],,
20,0.015018164179599301,RESP2,PW6B95/cc-pV(D+d)Z,,0.6000000000000001,H,hf,21,[H:16][C:7]1([C:6]([C:5]([C:4]([C:9]([C:8]1([H:18])[H:19])([H:20])[H:21])([H:11])[C:2](=[O:1])[O:3][H:10])([H:12])[H:13])([H:14])[H:15])[H:17],,
0,-0.5209488206651556,RESP2,PW6B95/cc-pV(D+d)Z,,0.65,O,hf,1,[H:16][C:7]1([C:6]([C:5]([C:4]([C:9]([C:8]1([H:18])[H:19])([H:20])[H:21])([H:11])[C:2](=[O:1])[O:3][H:10])([H:12])[H:13])([H:14])[H:15])[H:17],,
1,0.5452835611588445,RESP2,PW6B95/cc-pV(D+d)Z,,0.65,C,hf,2,[H:16][C:7]1([C:6]([C:5]([C:4]([C:9]([C:8]1([H:18])[H:19])([H:20])[H:21])([H:11])[C:2](=[O:1])[O:3][H:10])([H:12])[H:13])([H:14])[H:15])[H:17],,
2,-0.533658569838474,RESP2,PW6B95/cc-pV(D+d)Z,,0.65,O,hf,3,[H:16][C:7]1([C:6]([C:5]([C:4]([C:9]([C:8]1([H:18])[H:19])([H:20])[H:21])([H:11])[C:2](=[O:1])[O:3][H:10])([H:12])[H:13])([H:14])[H:15])[H:17],,
3,0.034559795963588755,RESP2,PW6B95/cc-pV(D+d)Z,,0.65,C,hf,4,[H:16][C:7]1([C:6]([C:5]([C:4]([C:9]([C:8]1([H:18])[H:19])([H:20])[H:21])([H:11])[C:2](=[O:1])[O:3][H:10])([H:12])[H:13])([H:14])[H:15])[H:17],,
4,-0.03926000614395944,RESP2,PW6B95/cc-pV(D+d)Z,,0.65,C,hf,5,[H:16][C:7]1([C:6]([C:5]([C:4]([C:9]([C:8]1([H:18])[H:19])([H:20])[H:21])([H:11])[C:2](=[O:1])[O:3][H:10])([H:12])[H:13])([H:14])[H:15])[H:17],,
5,0.006701376680569469,RESP2,PW6B95/cc-pV(D+d)Z,,0.65,C,hf,6,[H:16][C:7]1([C:6]([C:5]([C:4]([C:9]([C:8]1([H:18])[H:19])([H:20])[H:21])([H:11])[C:2](=[O:1])[O:3][H:10])([H:12])[H:13])([H:14])[H:15])[H:17],,
6,0.0004982071832325128,RESP2,PW6B95/cc-pV(D+d)Z,,0.65,C,hf,7,[H:16][C:7]1([C:6]([C:5]([C:4]([C:9]([C:8]1([H:18])[H:19])([H:20])[H:21])([H:11])[C:2](=[O:1])[O:3][H:10])([H:12])[H:13])([H:14])[H:15])[H:17],,
7,0.012151178598952022,RESP2,PW6B95/cc-pV(D+d)Z,,0.65,C,hf,8,[H:16][C:7]1([C:6]([C:5]([C:4]([C:9]([C:8]1([H:18])[H:19])([H:20])[H:21])([H:11])[C:2](=[O:1])[O:3][H:10])([H:12])[H:13])([H:14])[H:15])[H:17],,
8,-0.028068371450623575,RESP2,PW6B95/cc-pV(D+d)Z,,0.65,C,hf,9,[H:16][C:7]1([C:6]([C:5]([C:4]([C:9]([C:8]1([H:18])[H:19])([H:20])[H:21])([H:11])[C:2](=[O:1])[O:3][H:10])([H:12])[H:13])([H:14])[H:15])[H:17],,
9,0.41741017883462456,RESP2,PW6B95/cc-pV(D+d)Z,,0.65,H,hf,10,[H:16][C:7]1([C:6]([C:5]([C:4]([C:9]([C:8]1([H:18])[H:19])([H:20])[H:21])([H:11])[C:2](=[O:1])[O:3][H:10])([H:12])[H:13])([H:14])[H:15])[H:17],,
10,0.024553343685216472,RESP2,PW6B95/cc-pV(D+d)Z,,0.65,H,hf,11,[H:16][C:7]1([C:6]([C:5]([C:4]([C:9]([C:8]1([H:18])[H:19])([H:20])[H:21])([H:11])[C:2](=[O:1])[O:3][H:10])([H:12])[H:13])([H:14])[H:15])[H:17],,
11,0.01840308513181225,RESP2,PW6B95/cc-pV(D+d)Z,,0.65,H,hf,12,[H:16][C:7]1([C:6]([C:5]([C:4]([C:9]([C:8]1([H:18])[H:19])([H:20])[H:21])([H:11])[C:2](=[O:1])[O:3][H:10])([H:12])[H:13])([H:14])[H:15])[H:17],,
12,0.017289277594753568,RESP2,PW6B95/cc-pV(D+d)Z,,0.65,H,hf,13,[H:16][C:7]1([C:6]([C:5]([C:4]([C:9]([C:8]1([H:18])[H:19])([H:20])[H:21])([H:11])[C:2](=[O:1])[O:3][H:10])([H:12])[H:13])([H:14])[H:15])[H:17],,
13,0.00534531473945096,RESP2,PW6B95/cc-pV(D+d)Z,,0.65,H,hf,14,[H:16][C:7]1([C:6]([C:5]([C:4]([C:9]([C:8]1([H:18])[H:19])([H:20])[H:21])([H:11])[C:2](=[O:1])[O:3][H:10])([H:12])[H:13])([H:14])[H:15])[H:17],,
14,0.004035530484691705,RESP2,PW6B95/cc-pV(D+d)Z,,0.65,H,hf,15,[H:16][C:7]1([C:6]([C:5]([C:4]([C:9]([C:8]1([H:18])[H:19])([H:20])[H:21])([H:11])[C:2](=[O:1])[O:3][H:10])([H:12])[H:13])([H:14])[H:15])[H:17],,
15,-0.000548498642454622,RESP2,PW6B95/cc-pV(D+d)Z,,0.65,H,hf,16,[H:16][C:7]1([C:6]([C:5]([C:4]([C:9]([C:8]1([H:18])[H:19])([H:20])[H:21])([H:11])[C:2](=[O:1])[O:3][H:10])([H:12])[H:13])([H:14])[H:15])[H:17],,
16,0.0037159678625322884,RESP2,PW6B95/cc-pV(D+d)Z,,0.65,H,hf,17,[H:16][C:7]1([C:6]([C:5]([C:4]([C:9]([C:8]1([H:18])[H:19])([H:20])[H:21])([H:11])[C:2](=[O:1])[O:3][H:10])([H:12])[H:13])([H:14])[H:15])[H:17],,
17,0.0035809158942576393,RESP2,PW6B95/cc-pV(D+d)Z,,0.65,H,hf,18,[H:16][C:7]1([C:6]([C:5]([C:4]([C:9]([C:8]1([H:18])[H:19])([H:20])[H:21])([H:11])[C:2](=[O:1])[O:3][H:10])([H:12])[H:13])([H:14])[H:15])[H:17],,
18,0.0006578081356381276,RESP2,PW6B95/cc-pV(D+d)Z,,0.65,H,hf,19,[H:16][C:7]1([C:6]([C:5]([C:4]([C:9]([C:8]1([H:18])[H:19])([H:20])[H:21])([H:11])[C:2](=[O:1])[O:3][H:10])([H:12])[H:13])([H:14])[H:15])[H:17],,
19,0.013483113710844536,RESP2,PW6B95/cc-pV(D+d)Z,,0.65,H,hf,20,[H:16][C:7]1([C:6]([C:5]([C:4]([C:9]([C:8]1([H:18])[H:19])([H:20])[H:21])([H:11])[C:2](=[O:1])[O:3][H:10])([H:12])[H:13])([H:14])[H:15])[H:17],,
20,0.014815611081657753,RESP2,PW6B95/cc-pV(D+d)Z,,0.65,H,hf,21,[H:16][C:7]1([C:6]([C:5]([C:4]([C:9]([C:8]1([H:18])[H:19])([H:20])[H:21])([H:11])[C:2](=[O:1])[O:3][H:10])([H:12])[H:13])([H:14])[H:15])[H:17],,
0,-0.5239715136047545,RESP2,PW6B95/cc-pV(D+d)Z,,0.7000000000000001,O,hf,1,[H:16][C:7]1([C:6]([C:5]([C:4]([C:9]([C:8]1([H:18])[H:19])([H:20])[H:21])([H:11])[C:2](=[O:1])[O:3][H:10])([H:12])[H:13])([H:14])[H:15])[H:17],,
1,0.5469528623716996,RESP2,PW6B95/cc-pV(D+d)Z,,0.7000000000000001,C,hf,2,[H:16][C:7]1([C:6]([C:5]([C:4]([C:9]([C:8]1([H:18])[H:19])([H:20])[H:21])([H:11])[C:2](=[O:1])[O:3][H:10])([H:12])[H:13])([H:14])[H:15])[H:17],,
2,-0.534739927647701,RESP2,PW6B95/cc-pV(D+d)Z,,0.7000000000000001,O,hf,3,[H:16][C:7]1([C:6]([C:5]([C:4]([C:9]([C:8]1([H:18])[H:19])([H:20])[H:21])([H:11])[C:2](=[O:1])[O:3][H:10])([H:12])[H:13])([H:14])[H:15])[H:17],,
3,0.033152778916233555,RESP2,PW6B95/cc-pV(D+d)Z,,0.7000000000000001,C,hf,4,[H:16][C:7]1([C:6]([C:5]([C:4]([C:9]([C:8]1([H:18])[H:19])([H:20])[H:21])([H:11])[C:2](=[O:1])[O:3][H:10])([H:12])[H:13])([H:14])[H:15])[H:17],,
4,-0.03882823352381877,RESP2,PW6B95/cc-pV(D+d)Z,,0.7000000000000001,C,hf,5,[H:16][C:7]1([C:6]([C:5]([C:4]([C:9]([C:8]1([H:18])[H:19])([H:20])[H:21])([H:11])[C:2](=[O:1])[O:3][H:10])([H:12])[H:13])([H:14])[H:15])[H:17],,
5,0.0066170609390817465,RESP2,PW6B95/cc-pV(D+d)Z,,0.7000000000000001,C,hf,6,[H:16][C:7]1([C:6]([C:5]([C:4]([C:9]([C:8]1([H:18])[H:19])([H:20])[H:21])([H:11])[C:2](=[O:1])[O:3][H:10])([H:12])[H:13])([H:14])[H:15])[H:17],,
6,0.002843371337960762,RESP2,PW6B95/cc-pV(D+d)Z,,0.7000000000000001,C,hf,7,[H:16][C:7]1([C:6]([C:5]([C:4]([C:9]([C:8]1([H:18])[H:19])([H:20])[H:21])([H:11])[C:2](=[O:1])[O:3][H:10])([H:12])[H:13])([H:14])[H:15])[H:17],,
7,0.010349860676709961,RESP2,PW6B95/cc-pV(D+d)Z,,0.7000000000000001,C,hf,8,[H:16][C:7]1([C:6]([C:5]([C:4]([C:9]([C:8]1([H:18])[H:19])([H:20])[H:21])([H:11])[C:2](=[O:1])[O:3][H:10])([H:12])[H:13])([H:14])[H:15])[H:17],,
8,-0.026783067488288112,RESP2,PW6B95/cc-pV(D+d)Z,,0.7000000000000001,C,hf,9,[H:16][C:7]1([C:6]([C:5]([C:4]([C:9]([C:8]1([H:18])[H:19])([H:20])[H:21])([H:11])[C:2](=[O:1])[O:3][H:10])([H:12])[H:13])([H:14])[H:15])[H:17],,
9,0.41914318529015443,RESP2,PW6B95/cc-pV(D+d)Z,,0.7000000000000001,H,hf,10,[H:16][C:7]1([C:6]([C:5]([C:4]([C:9]([C:8]1([H:18])[H:19])([H:20])[H:21])([H:11])[C:2](=[O:1])[O:3][H:10])([H:12])[H:13])([H:14])[H:15])[H:17],,
10,0.02550061866428869,RESP2,PW6B95/cc-pV(D+d)Z,,0.7000000000000001,H,hf,11,[H:16][C:7]1([C:6]([C:5]([C:4]([C:9]([C:8]1([H:18])[H:19])([H:20])[H:21])([H:11])[C:2](=[O:1])[O:3][H:10])([H:12])[H:13])([H:14])[H:15])[H:17],,
11,0.018238843784140063,RESP2,PW6B95/cc-pV(D+d)Z,,0.7000000000000001,H,hf,12,[H:16][C:7]1([C:6]([C:5]([C:4]([C:9]([C:8]1([H:18])[H:19])([H:20])[H:21])([H:11])[C:2](=[O:1])[O:3][H:10])([H:12])[H:13])([H:14])[H:15])[H:17],,
12,0.017494448180553235,RESP2,PW6B95/cc-pV(D+d)Z,,0.7000000000000001,H,hf,13,[H:16][C:7]1([C:6]([C:5]([C:4]([C:9]([C:8]1([H:18])[H:19])([H:20])[H:21])([H:11])[C:2](=[O:1])[O:3][H:10])([H:12])[H:13])([H:14])[H:15])[H:17],,
13,0.005268220455885331,RESP2,PW6B95/cc-pV(D+d)Z,,0.7000000000000001,H,hf,14,[H:16][C:7]1([C:6]([C:5]([C:4]([C:9]([C:8]1([H:18])[H:19])([H:20])[H:21])([H:11])[C:2](=[O:1])[O:3][H:10])([H:12])[H:13])([H:14])[H:15])[H:17],,
14,0.0038367992851724647,RESP2,PW6B95/cc-pV(D+d)Z,,0.7000000000000001,H,hf,15,[H:16][C:7]1([C:6]([C:5]([C:4]([C:9]([C:8]1([H:18])[H:19])([H:20])[H:21])([H:11])[C:2](=[O:1])[O:3][H:10])([H:12])[H:13])([H:14])[H:15])[H:17],,
15,-0.0011123287170348218,RESP2,PW6B95/cc-pV(D+d)Z,,0.7000000000000001,H,hf,16,[H:16][C:7]1([C:6]([C:5]([C:4]([C:9]([C:8]1([H:18])[H:19])([H:20])[H:21])([H:11])[C:2](=[O:1])[O:3][H:10])([H:12])[H:13])([H:14])[H:15])[H:17],,
16,0.003117441041750303,RESP2,PW6B95/cc-pV(D+d)Z,,0.7000000000000001,H,hf,17,[H:16][C:7]1([C:6]([C:5]([C:4]([C:9]([C:8]1([H:18])[H:19])([H:20])[H:21])([H:11])[C:2](=[O:1])[O:3][H:10])([H:12])[H:13])([H:14])[H:15])[H:17],,
17,0.004019972275603052,RESP2,PW6B95/cc-pV(D+d)Z,,0.7000000000000001,H,hf,18,[H:16][C:7]1([C:6]([C:5]([C:4]([C:9]([C:8]1([H:18])[H:19])([H:20])[H:21])([H:11])[C:2](=[O:1])[O:3][H:10])([H:12])[H:13])([H:14])[H:15])[H:17],,
18,0.0010759164299083916,RESP2,PW6B95/cc-pV(D+d)Z,,0.7000000000000001,H,hf,19,[H:16][C:7]1([C:6]([C:5]([C:4]([C:9]([C:8]1([H:18])[H:19])([H:20])[H:21])([H:11])[C:2](=[O:1])[O:3][H:10])([H:12])[H:13])([H:14])[H:15])[H:17],,
19,0.013210633348739155,RESP2,PW6B95/cc-pV(D+d)Z,,0.7000000000000001,H,hf,20,[H:16][C:7]1([C:6]([C:5]([C:4]([C:9]([C:8]1([H:18])[H:19])([H:20])[H:21])([H:11])[C:2](=[O:1])[O:3][H:10])([H:12])[H:13])([H:14])[H:15])[H:17],,
20,0.014613057983716204,RESP2,PW6B95/cc-pV(D+d)Z,,0.7000000000000001,H,hf,21,[H:16][C:7]1([C:6]([C:5]([C:4]([C:9]([C:8]1([H:18])[H:19])([H:20])[H:21])([H:11])[C:2](=[O:1])[O:3][H:10])([H:12])[H:13])([H:14])[H:15])[H:17],,
0,-0.5269942065443534,RESP2,PW6B95/cc-pV(D+d)Z,,0.75,O,hf,1,[H:16][C:7]1([C:6]([C:5]([C:4]([C:9]([C:8]1([H:18])[H:19])([H:20])[H:21])([H:11])[C:2](=[O:1])[O:3][H:10])([H:12])[H:13])([H:14])[H:15])[H:17],,
1,0.548622163584555,RESP2,PW6B95/cc-pV(D+d)Z,,0.75,C,hf,2,[H:16][C:7]1([C:6]([C:5]([C:4]([C:9]([C:8]1([H:18])[H:19])([H:20])[H:21])([H:11])[C:2](=[O:1])[O:3][H:10])([H:12])[H:13])([H:14])[H:15])[H:17],,
2,-0.5358212854569276,RESP2,PW6B95/cc-pV(D+d)Z,,0.75,O,hf,3,[H:16][C:7]1([C:6]([C:5]([C:4]([C:9]([C:8]1([H:18])[H:19])([H:20])[H:21])([H:11])[C:2](=[O:1])[O:3][H:10])([H:12])[H:13])([H:14])[H:15])[H:17],,
3,0.03174576186887835,RESP2,PW6B95/cc-pV(D+d)Z,,0.75,C,hf,4,[H:16][C:7]1([C:6]([C:5]([C:4]([C:9]([C:8]1([H:18])[H:19])([H:20])[H:21])([H:11])[C:2](=[O:1])[O:3][H:10])([H:12])[H:13])([H:14])[H:15])[H:17],,
4,-0.03839646090367811,RESP2,PW6B95/cc-pV(D+d)Z,,0.75,C,hf,5,[H:16][C:7]1([C:6]([C:5]([C:4]([C:9]([C:8]1([H:18])[H:19])([H:20])[H:21])([H:11])[C:2](=[O:1])[O:3][H:10])([H:12])[H:13])([H:14])[H:15])[H:17],,
5,0.006532745197594024,RESP2,PW6B95/cc-pV(D+d)Z,,0.75,C,hf,6,[H:16][C:7]1([C:6]([C:5]([C:4]([C:9]([C:8]1([H:18])[H:19])([H:20])[H:21])([H:11])[C:2](=[O:1])[O:3][H:10])([H:12])[H:13])([H:14])[H:15])[H:17],,
6,0.005188535492689007,RESP2,PW6B95/cc-pV(D+d)Z,,0.75,C,hf,7,[H:16][C:7]1([C:6]([C:5]([C:4]([C:9]([C:8]1([H:18])[H:19])([H:20])[H:21])([H:11])[C:2](=[O:1])[O:3][H:10])([H:12])[H:13])([H:14])[H:15])[H:17],,
7,0.008548542754467902,RESP2,PW6B95/cc-pV(D+d)Z,,0.75,C,hf,8,[H:16][C:7]1([C:6]([C:5]([C:4]([C:9]([C:8]1([H:18])[H:19])([H:20])[H:21])([H:11])[C:2](=[O:1])[O:3][H:10])([H:12])[H:13])([H:14])[H:15])[H:17],,
8,-0.02549776352595265,RESP2,PW6B95/cc-pV(D+d)Z,,0.75,C,hf,9,[H:16][C:7]1([C:6]([C:5]([C:4]([C:9]([C:8]1([H:18])[H:19])([H:20])[H:21])([H:11])[C:2](=[O:1])[O:3][H:10])([H:12])[H:13])([H:14])[H:15])[H:17],,
9,0.4208761917456842,RESP2,PW6B95/cc-pV(D+d)Z,,0.75,H,hf,10,[H:16][C:7]1([C:6]([C:5]([C:4]([C:9]([C:8]1([H:18])[H:19])([H:20])[H:21])([H:11])[C:2](=[O:1])[O:3][H:10])([H:12])[H:13])([H:14])[H:15])[H:17],,
10,0.026447893643360903,RESP2,PW6B95/cc-pV(D+d)Z,,0.75,H,hf,11,[H:16][C:7]1([C:6]([C:5]([C:4]([C:9]([C:8]1([H:18])[H:19])([H:20])[H:21])([H:11])[C:2](=[O:1])[O:3][H:10])([H:12])[H:13])([H:14])[H:15])[H:17],,
11,0.01807460243646788,RESP2,PW6B95/cc-pV(D+d)Z,,0.75,H,hf,12,[H:16][C:7]1([C:6]([C:5]([C:4]([C:9]([C:8]1([H:18])[H:19])([H:20])[H:21])([H:11])[C:2](=[O:1])[O:3][H:10])([H:12])[H:13])([H:14])[H:15])[H:17],,
12,0.017699618766352898,RESP2,PW6B95/cc-pV(D+d)Z,,0.75,H,hf,13,[H:16][C:7]1([C:6]([C:5]([C:4]([C:9]([C:8]1([H:18])[H:19])([H:20])[H:21])([H:11])[C:2](=[O:1])[O:3][H:10])([H:12])[H:13])([H:14])[H:15])[H:17],,
13,0.005191126172319702,RESP2,PW6B95/cc-pV(D+d)Z,,0.75,H,hf,14,[H:16][C:7]1([C:6]([C:5]([C:4]([C:9]([C:8]1([H:18])[H:19])([H:20])[H:21])([H:11])[C:2](=[O:1])[O:3][H:10])([H:12])[H:13])([H:14])[H:15])[H:17],,
14,0.0036380680856532245,RESP2,PW6B95/cc-pV(D+d)Z,,0.75,H,hf,15,[H:16][C:7]1([C:6]([C:5]([C:4]([C:9]([C:8]1([H:18])[H:19])([H:20])[H:21])([H:11])[C:2](=[O:1])[O:3][H:10])([H:12])[H:13])([H:14])[H:15])[H:17],,
15,-0.0016761587916150217,RESP2,PW6B95/cc-pV(D+d)Z,,0.75,H,hf,16,[H:16][C:7]1([C:6]([C:5]([C:4]([C:9]([C:8]1([H:18])[H:19])([H:20])[H:21])([H:11])[C:2](=[O:1])[O:3][H:10])([H:12])[H:13])([H:14])[H:15])[H:17],,
16,0.0025189142209683197,RESP2,PW6B95/cc-pV(D+d)Z,,0.75,H,hf,17,[H:16][C:7]1([C:6]([C:5]([C:4]([C:9]([C:8]1([H:18])[H:19])([H:20])[H:21])([H:11])[C:2](=[O:1])[O:3][H:10])([H:12])[H:13])([H:14])[H:15])[H:17],,
17,0.004459028656948462,RESP2,PW6B95/cc-pV(D+d)Z,,0.75,H,hf,18,[H:16][C:7]1([C:6]([C:5]([C:4]([C:9]([C:8]1([H:18])[H:19])([H:20])[H:21])([H:11])[C:2](=[O:1])[O:3][H:10])([H:12])[H:13])([H:14])[H:15])[H:17],,
18,0.0014940247241786535,RESP2,PW6B95/cc-pV(D+d)Z,,0.75,H,hf,19,[H:16][C:7]1([C:6]([C:5]([C:4]([C:9]([C:8]1([H:18])[H:19])([H:20])[H:21])([H:11])[C:2](=[O:1])[O:3][H:10])([H:12])[H:13])([H:14])[H:15])[H:17],,
19,0.012938152986633773,RESP2,PW6B95/cc-pV(D+d)Z,,0.75,H,hf,20,[H:16][C:7]1([C:6]([C:5]([C:4]([C:9]([C:8]1([H:18])[H:19])([H:20])[H:21])([H:11])[C:2](=[O:1])[O:3][H:10])([H:12])[H:13])([H:14])[H:15])[H:17],,
20,0.014410504885774658,RESP2,PW6B95/cc-pV(D+d)Z,,0.75,H,hf,21,[H:16][C:7]1([C:6]([C:5]([C:4]([C:9]([C:8]1([H:18])[H:19])([H:20])[H:21])([H:11])[C:2](=[O:1])[O:3][H:10])([H:12])[H:13])([H:14])[H:15])[H:17],,
0,-0.5300168994839523,RESP2,PW6B95/cc-pV(D+d)Z,,0.8,O,hf,1,[H:16][C:7]1([C:6]([C:5]([C:4]([C:9]([C:8]1([H:18])[H:19])([H:20])[H:21])([H:11])[C:2](=[O:1])[O:3][H:10])([H:12])[H:13])([H:14])[H:15])[H:17],,
1,0.5502914647974102,RESP2,PW6B95/cc-pV(D+d)Z,,0.8,C,hf,2,[H:16][C:7]1([C:6]([C:5]([C:4]([C:9]([C:8]1([H:18])[H:19])([H:20])[H:21])([H:11])[C:2](=[O:1])[O:3][H:10])([H:12])[H:13])([H:14])[H:15])[H:17],,
2,-0.5369026432661546,RESP2,PW6B95/cc-pV(D+d)Z,,0.8,O,hf,3,[H:16][C:7]1([C:6]([C:5]([C:4]([C:9]([C:8]1([H:18])[H:19])([H:20])[H:21])([H:11])[C:2](=[O:1])[O:3][H:10])([H:12])[H:13])([H:14])[H:15])[H:17],,
3,0.030338744821523135,RESP2,PW6B95/cc-pV(D+d)Z,,0.8,C,hf,4,[H:16][C:7]1([C:6]([C:5]([C:4]([C:9]([C:8]1([H:18])[H:19])([H:20])[H:21])([H:11])[C:2](=[O:1])[O:3][H:10])([H:12])[H:13])([H:14])[H:15])[H:17],,
4,-0.03796468828353745,RESP2,PW6B95/cc-pV(D+d)Z,,0.8,C,hf,5,[H:16][C:7]1([C:6]([C:5]([C:4]([C:9]([C:8]1([H:18])[H:19])([H:20])[H:21])([H:11])[C:2](=[O:1])[O:3][H:10])([H:12])[H:13])([H:14])[H:15])[H:17],,
5,0.006448429456106296,RESP2,PW6B95/cc-pV(D+d)Z,,0.8,C,hf,6,[H:16][C:7]1([C:6]([C:5]([C:4]([C:9]([C:8]1([H:18])[H:19])([H:20])[H:21])([H:11])[C:2](=[O:1])[O:3][H:10])([H:12])[H:13])([H:14])[H:15])[H:17],,
6,0.007533699647417252,RESP2,PW6B95/cc-pV(D+d)Z,,0.8,C,hf,7,[H:16][C:7]1([C:6]([C:5]([C:4]([C:9]([C:8]1([H:18])[H:19])([H:20])[H:21])([H:11])[C:2](=[O:1])[O:3][H:10])([H:12])[H:13])([H:14])[H:15])[H:17],,
7,0.006747224832225838,RESP2,PW6B95/cc-pV(D+d)Z,,0.8,C,hf,8,[H:16][C:7]1([C:6]([C:5]([C:4]([C:9]([C:8]1([H:18])[H:19])([H:20])[H:21])([H:11])[C:2](=[O:1])[O:3][H:10])([H:12])[H:13])([H:14])[H:15])[H:17],,
8,-0.024212459563617193,RESP2,PW6B95/cc-pV(D+d)Z,,0.8,C,hf,9,[H:16][C:7]1([C:6]([C:5]([C:4]([C:9]([C:8]1([H:18])[H:19])([H:20])[H:21])([H:11])[C:2](=[O:1])[O:3][H:10])([H:12])[H:13])([H:14])[H:15])[H:17],,
9,0.422609198201214,RESP2,PW6B95/cc-pV(D+d)Z,,0.8,H,hf,10,[H:16][C:7]1([C:6]([C:5]([C:4]([C:9]([C:8]1([H:18])[H:19])([H:20])[H:21])([H:11])[C:2](=[O:1])[O:3][H:10])([H:12])[H:13])([H:14])[H:15])[H:17],,
10,0.027395168622433113,RESP2,PW6B95/cc-pV(D+d)Z,,0.8,H,hf,11,[H:16][C:7]1([C:6]([C:5]([C:4]([C:9]([C:8]1([H:18])[H:19])([H:20])[H:21])([H:11])[C:2](=[O:1])[O:3][H:10])([H:12])[H:13])([H:14])[H:15])[H:17],,
11,0.01791036108879569,RESP2,PW6B95/cc-pV(D+d)Z,,0.8,H,hf,12,[H:16][C:7]1([C:6]([C:5]([C:4]([C:9]([C:8]1([H:18])[H:19])([H:20])[H:21])([H:11])[C:2](=[O:1])[O:3][H:10])([H:12])[H:13])([H:14])[H:15])[H:17],,
12,0.017904789352152558,RESP2,PW6B95/cc-pV(D+d)Z,,0.8,H,hf,13,[H:16][C:7]1([C:6]([C:5]([C:4]([C:9]([C:8]1([H:18])[H:19])([H:20])[H:21])([H:11])[C:2](=[O:1])[O:3][H:10])([H:12])[H:13])([H:14])[H:15])[H:17],,
13,0.005114031888754068,RESP2,PW6B95/cc-pV(D+d)Z,,0.8,H,hf,14,[H:16][C:7]1([C:6]([C:5]([C:4]([C:9]([C:8]1([H:18])[H:19])([H:20])[H:21])([H:11])[C:2](=[O:1])[O:3][H:10])([H:12])[H:13])([H:14])[H:15])[H:17],,
14,0.0034393368861339794,RESP2,PW6B95/cc-pV(D+d)Z,,0.8,H,hf,15,[H:16][C:7]1([C:6]([C:5]([C:4]([C:9]([C:8]1([H:18])[H:19])([H:20])[H:21])([H:11])[C:2](=[O:1])[O:3][H:10])([H:12])[H:13])([H:14])[H:15])[H:17],,
15,-0.0022399888661952263,RESP2,PW6B95/cc-pV(D+d)Z,,0.8,H,hf,16,[H:16][C:7]1([C:6]([C:5]([C:4]([C:9]([C:8]1([H:18])[H:19])([H:20])[H:21])([H:11])[C:2](=[O:1])[O:3][H:10])([H:12])[H:13])([H:14])[H:15])[H:17],,
16,0.0019203874001863304,RESP2,PW6B95/cc-pV(D+d)Z,,0.8,H,hf,17,[H:16][C:7]1([C:6]([C:5]([C:4]([C:9]([C:8]1([H:18])[H:19])([H:20])[H:21])([H:11])[C:2](=[O:1])[O:3][H:10])([H:12])[H:13])([H:14])[H:15])[H:17],,
17,0.00489808503829387,RESP2,PW6B95/cc-pV(D+d)Z,,0.8,H,hf,18,[H:16][C:7]1([C:6]([C:5]([C:4]([C:9]([C:8]1([H:18])[H:19])([H:20])[H:21])([H:11])[C:2](=[O:1])[O:3][H:10])([H:12])[H:13])([H:14])[H:15])[H:17],,
18,0.0019121330184489122,RESP2,PW6B95/cc-pV(D+d)Z,,0.8,H,hf,19,[H:16][C:7]1([C:6]([C:5]([C:4]([C:9]([C:8]1([H:18])[H:19])([H:20])[H:21])([H:11])[C:2](=[O:1])[O:3][H:10])([H:12])[H:13])([H:14])[H:15])[H:17],,
19,0.012665672624528388,RESP2,PW6B95/cc-pV(D+d)Z,,0.8,H,hf,20,[H:16][C:7]1([C:6]([C:5]([C:4]([C:9]([C:8]1([H:18])[H:19])([H:20])[H:21])([H:11])[C:2](=[O:1])[O:3][H:10])([H:12])[H:13])([H:14])[H:15])[H:17],,
20,0.014207951787833106,RESP2,PW6B95/cc-pV(D+d)Z,,0.8,H,hf,21,[H:16][C:7]1([C:6]([C:5]([C:4]([C:9]([C:8]1([H:18])[H:19])([H:20])[H:21])([H:11])[C:2](=[O:1])[O:3][H:10])([H:12])[H:13])([H:14])[H:15])[H:17],,
0,-0.5330395924235511,RESP2,PW6B95/cc-pV(D+d)Z,,0.8500000000000001,O,hf,1,[H:16][C:7]1([C:6]([C:5]([C:4]([C:9]([C:8]1([H:18])[H:19])([H:20])[H:21])([H:11])[C:2](=[O:1])[O:3][H:10])([H:12])[H:13])([H:14])[H:15])[H:17],,
1,0.5519607660102653,RESP2,PW6B95/cc-pV(D+d)Z,,0.8500000000000001,C,hf,2,[H:16][C:7]1([C:6]([C:5]([C:4]([C:9]([C:8]1([H:18])[H:19])([H:20])[H:21])([H:11])[C:2](=[O:1])[O:3][H:10])([H:12])[H:13])([H:14])[H:15])[H:17],,
2,-0.5379840010753814,RESP2,PW6B95/cc-pV(D+d)Z,,0.8500000000000001,O,hf,3,[H:16][C:7]1([C:6]([C:5]([C:4]([C:9]([C:8]1([H:18])[H:19])([H:20])[H:21])([H:11])[C:2](=[O:1])[O:3][H:10])([H:12])[H:13])([H:14])[H:15])[H:17],,
3,0.028931727774167932,RESP2,PW6B95/cc-pV(D+d)Z,,0.8500000000000001,C,hf,4,[H:16][C:7]1([C:6]([C:5]([C:4]([C:9]([C:8]1([H:18])[H:19])([H:20])[H:21])([H:11])[C:2](=[O:1])[O:3][H:10])([H:12])[H:13])([H:14])[H:15])[H:17],,
4,-0.03753291566339678,RESP2,PW6B95/cc-pV(D+d)Z,,0.8500000000000001,C,hf,5,[H:16][C:7]1([C:6]([C:5]([C:4]([C:9]([C:8]1([H:18])[H:19])([H:20])[H:21])([H:11])[C:2](=[O:1])[O:3][H:10])([H:12])[H:13])([H:14])[H:15])[H:17],,
5,0.006364113714618572,RESP2,PW6B95/cc-pV(D+d)Z,,0.8500000000000001,C,hf,6,[H:16][C:7]1([C:6]([C:5]([C:4]([C:9]([C:8]1([H:18])[H:19])([H:20])[H:21])([H:11])[C:2](=[O:1])[O:3][H:10])([H:12])[H:13])([H:14])[H:15])[H:17],,
6,0.0098788638021455,RESP2,PW6B95/cc-pV(D+d)Z,,0.8500000000000001,C,hf,7,[H:16][C:7]1([C:6]([C:5]([C:4]([C:9]([C:8]1([H:18])[H:19])([H:20])[H:21])([H:11])[C:2](=[O:1])[O:3][H:10])([H:12])[H:13])([H:14])[H:15])[H:17],,
7,0.004945906909983775,RESP2,PW6B95/cc-pV(D+d)Z,,0.8500000000000001,C,hf,8,[H:16][C:7]1([C:6]([C:5]([C:4]([C:9]([C:8]1([H:18])[H:19])([H:20])[H:21])([H:11])[C:2](=[O:1])[O:3][H:10])([H:12])[H:13])([H:14])[H:15])[H:17],,
8,-0.02292715560128173,RESP2,PW6B95/cc-pV(D+d)Z,,0.8500000000000001,C,hf,9,[H:16][C:7]1([C:6]([C:5]([C:4]([C:9]([C:8]1([H:18])[H:19])([H:20])[H:21])([H:11])[C:2](=[O:1])[O:3][H:10])([H:12])[H:13])([H:14])[H:15])[H:17],,
9,0.4243422046567438,RESP2,PW6B95/cc-pV(D+d)Z,,0.8500000000000001,H,hf,10,[H:16][C:7]1([C:6]([C:5]([C:4]([C:9]([C:8]1([H:18])[H:19])([H:20])[H:21])([H:11])[C:2](=[O:1])[O:3][H:10])([H:12])[H:13])([H:14])[H:15])[H:17],,
10,0.028342443601505327,RESP2,PW6B95/cc-pV(D+d)Z,,0.8500000000000001,H,hf,11,[H:16][C:7]1([C:6]([C:5]([C:4]([C:9]([C:8]1([H:18])[H:19])([H:20])[H:21])([H:11])[C:2](=[O:1])[O:3][H:10])([H:12])[H:13])([H:14])[H:15])[H:17],,
11,0.017746119741123504,RESP2,PW6B95/cc-pV(D+d)Z,,0.8500000000000001,H,hf,12,[H:16][C:7]1([C:6]([C:5]([C:4]([C:9]([C:8]1([H:18])[H:19])([H:20])[H:21])([H:11])[C:2](=[O:1])[O:3][H:10])([H:12])[H:13])([H:14])[H:15])[H:17],,
12,0.01810995993795222,RESP2,PW6B95/cc-pV(D+d)Z,,0.8500000000000001,H,hf,13,[H:16][C:7]1([C:6]([C:5]([C:4]([C:9]([C:8]1([H:18])[H:19])([H:20])[H:21])([H:11])[C:2](=[O:1])[O:3][H:10])([H:12])[H:13])([H:14])[H:15])[H:17],,
13,0.0050369376051884384,RESP2,PW6B95/cc-pV(D+d)Z,,0.8500000000000001,H,hf,14,[H:16][C:7]1([C:6]([C:5]([C:4]([C:9]([C:8]1([H:18])[H:19])([H:20])[H:21])([H:11])[C:2](=[O:1])[O:3][H:10])([H:12])[H:13])([H:14])[H:15])[H:17],,
14,0.003240605686614737,RESP2,PW6B95/cc-pV(D+d)Z,,0.8500000000000001,H,hf,15,[H:16][C:7]1([C:6]([C:5]([C:4]([C:9]([C:8]1([H:18])[H:19])([H:20])[H:21])([H:11])[C:2](=[O:1])[O:3][H:10])([H:12])[H:13])([H:14])[H:15])[H:17],,
15,-0.0028038189407754285,RESP2,PW6B95/cc-pV(D+d)Z,,0.8500000000000001,H,hf,16,[H:16][C:7]1([C:6]([C:5]([C:4]([C:9]([C:8]1([H:18])[H:19])([H:20])[H:21])([H:11])[C:2](=[O:1])[O:3][H:10])([H:12])[H:13])([H:14])[H:15])[H:17],,
16,0.0013218605794043435,RESP2,PW6B95/cc-pV(D+d)Z,,0.8500000000000001,H,hf,17,[H:16][C:7]1([C:6]([C:5]([C:4]([C:9]([C:8]1([H:18])[H:19])([H:20])[H:21])([H:11])[C:2](=[O:1])[O:3][H:10])([H:12])[H:13])([H:14])[H:15])[H:17],,
17,0.005337141419639279,RESP2,PW6B95/cc-pV(D+d)Z,,0.8500000000000001,H,hf,18,[H:16][C:7]1([C:6]([C:5]([C:4]([C:9]([C:8]1([H:18])[H:19])([H:20])[H:21])([H:11])[C:2](=[O:1])[O:3][H:10])([H:12])[H:13])([H:14])[H:15])[H:17],,
18,0.0023302413127191746,RESP2,PW6B95/cc-pV(D+d)Z,,0.8500000000000001,H,hf,19,[H:16][C:7]1([C:6]([C:5]([C:4]([C:9]([C:8]1([H:18])[H:19])([H:20])[H:21])([H:11])[C:2](=[O:1])[O:3][H:10])([H:12])[H:13])([H:14])[H:15])[H:17],,
19,0.012393192262423006,RESP2,PW6B95/cc-pV(D+d)Z,,0.8500000000000001,H,hf,20,[H:16][C:7]1([C:6]([C:5]([C:4]([C:9]([C:8]1([H:18])[H:19])([H:20])[H:21])([H:11])[C:2](=[O:1])[O:3][H:10])([H:12])[H:13])([H:14])[H:15])[H:17],,
20,0.014005398689891554,RESP2,PW6B95/cc-pV(D+d)Z,,0.8500000000000001,H,hf,21,[H:16][C:7]1([C:6]([C:5]([C:4]([C:9]([C:8]1([H:18])[H:19])([H:20])[H:21])([H:11])[C:2](=[O:1])[O:3][H:10])([H:12])[H:13])([H:14])[H:15])[H:17],,
0,-0.5360622853631501,RESP2,PW6B95/cc-pV(D+d)Z,,0.9,O,hf,1,[H:16][C:7]1([C:6]([C:5]([C:4]([C:9]([C:8]1([H:18])[H:19])([H:20])[H:21])([H:11])[C:2](=[O:1])[O:3][H:10])([H:12])[H:13])([H:14])[H:15])[H:17],,
1,0.5536300672231206,RESP2,PW6B95/cc-pV(D+d)Z,,0.9,C,hf,2,[H:16][C:7]1([C:6]([C:5]([C:4]([C:9]([C:8]1([H:18])[H:19])([H:20])[H:21])([H:11])[C:2](=[O:1])[O:3][H:10])([H:12])[H:13])([H:14])[H:15])[H:17],,
2,-0.5390653588846083,RESP2,PW6B95/cc-pV(D+d)Z,,0.9,O,hf,3,[H:16][C:7]1([C:6]([C:5]([C:4]([C:9]([C:8]1([H:18])[H:19])([H:20])[H:21])([H:11])[C:2](=[O:1])[O:3][H:10])([H:12])[H:13])([H:14])[H:15])[H:17],,
3,0.027524710726812743,RESP2,PW6B95/cc-pV(D+d)Z,,0.9,C,hf,4,[H:16][C:7]1([C:6]([C:5]([C:4]([C:9]([C:8]1([H:18])[H:19])([H:20])[H:21])([H:11])[C:2](=[O:1])[O:3][H:10])([H:12])[H:13])([H:14])[H:15])[H:17],,
4,-0.0371011430432561,RESP2,PW6B95/cc-pV(D+d)Z,,0.9,C,hf,5,[H:16][C:7]1([C:6]([C:5]([C:4]([C:9]([C:8]1([H:18])[H:19])([H:20])[H:21])([H:11])[C:2](=[O:1])[O:3][H:10])([H:12])[H:13])([H:14])[H:15])[H:17],,
5,0.006279797973130857,RESP2,PW6B95/cc-pV(D+d)Z,,0.9,C,hf,6,[H:16][C:7]1([C:6]([C:5]([C:4]([C:9]([C:8]1([H:18])[H:19])([H:20])[H:21])([H:11])[C:2](=[O:1])[O:3][H:10])([H:12])[H:13])([H:14])[H:15])[H:17],,
6,0.012224027956873752,RESP2,PW6B95/cc-pV(D+d)Z,,0.9,C,hf,7,[H:16][C:7]1([C:6]([C:5]([C:4]([C:9]([C:8]1([H:18])[H:19])([H:20])[H:21])([H:11])[C:2](=[O:1])[O:3][H:10])([H:12])[H:13])([H:14])[H:15])[H:17],,
7,0.003144588987741726,RESP2,PW6B95/cc-pV(D+d)Z,,0.9,C,hf,8,[H:16][C:7]1([C:6]([C:5]([C:4]([C:9]([C:8]1([H:18])[H:19])([H:20])[H:21])([H:11])[C:2](=[O:1])[O:3][H:10])([H:12])[H:13])([H:14])[H:15])[H:17],,
8,-0.021641851638946264,RESP2,PW6B95/cc-pV(D+d)Z,,0.9,C,hf,9,[H:16][C:7]1([C:6]([C:5]([C:4]([C:9]([C:8]1([H:18])[H:19])([H:20])[H:21])([H:11])[C:2](=[O:1])[O:3][H:10])([H:12])[H:13])([H:14])[H:15])[H:17],,
9,0.4260752111122737,RESP2,PW6B95/cc-pV(D+d)Z,,0.9,H,hf,10,[H:16][C:7]1([C:6]([C:5]([C:4]([C:9]([C:8]1([H:18])[H:19])([H:20])[H:21])([H:11])[C:2](=[O:1])[O:3][H:10])([H:12])[H:13])([H:14])[H:15])[H:17],,
10,0.029289718580577547,RESP2,PW6B95/cc-pV(D+d)Z,,0.9,H,hf,11,[H:16][C:7]1([C:6]([C:5]([C:4]([C:9]([C:8]1([H:18])[H:19])([H:20])[H:21])([H:11])[C:2](=[O:1])[O:3][H:10])([H:12])[H:13])([H:14])[H:15])[H:17],,
11,0.017581878393451326,RESP2,PW6B95/cc-pV(D+d)Z,,0.9,H,hf,12,[H:16][C:7]1([C:6]([C:5]([C:4]([C:9]([C:8]1([H:18])[H:19])([H:20])[H:21])([H:11])[C:2](=[O:1])[O:3][H:10])([H:12])[H:13])([H:14])[H:15])[H:17],,
12,0.018315130523751895,RESP2,PW6B95/cc-pV(D+d)Z,,0.9,H,hf,13,[H:16][C:7]1([C:6]([C:5]([C:4]([C:9]([C:8]1([H:18])[H:19])([H:20])[H:21])([H:11])[C:2](=[O:1])[O:3][H:10])([H:12])[H:13])([H:14])[H:15])[H:17],,
13,0.004959843321622817,RESP2,PW6B95/cc-pV(D+d)Z,,0.9,H,hf,14,[H:16][C:7]1([C:6]([C:5]([C:4]([C:9]([C:8]1([H:18])[H:19])([H:20])[H:21])([H:11])[C:2](=[O:1])[O:3][H:10])([H:12])[H:13])([H:14])[H:15])[H:17],,
14,0.0030418744870955045,RESP2,PW6B95/cc-pV(D+d)Z,,0.9,H,hf,15,[H:16][C:7]1([C:6]([C:5]([C:4]([C:9]([C:8]1([H:18])[H:19])([H:20])[H:21])([H:11])[C:2](=[O:1])[O:3][H:10])([H:12])[H:13])([H:14])[H:15])[H:17],,
15,-0.0033676490153556203,RESP2,PW6B95/cc-pV(D+d)Z,,0.9,H,hf,16,[H:16][C:7]1([C:6]([C:5]([C:4]([C:9]([C:8]1([H:18])[H:19])([H:20])[H:21])([H:11])[C:2](=[O:1])[O:3][H:10])([H:12])[H:13])([H:14])[H:15])[H:17],,
16,0.0007233337586223677,RESP2,PW6B95/cc-pV(D+d)Z,,0.9,H,hf,17,[H:16][C:7]1([C:6]([C:5]([C:4]([C:9]([C:8]1([H:18])[H:19])([H:20])[H:21])([H:11])[C:2](=[O:1])[O:3][H:10])([H:12])[H:13])([H:14])[H:15])[H:17],,
17,0.005776197800984698,RESP2,PW6B95/cc-pV(D+d)Z,,0.9,H,hf,18,[H:16][C:7]1([C:6]([C:5]([C:4]([C:9]([C:8]1([H:18])[H:19])([H:20])[H:21])([H:11])[C:2](=[O:1])[O:3][H:10])([H:12])[H:13])([H:14])[H:15])[H:17],,
18,0.002748349606989444,RESP2,PW6B95/cc-pV(D+d)Z,,0.9,H,hf,19,[H:16][C:7]1([C:6]([C:5]([C:4]([C:9]([C:8]1([H:18])[H:19])([H:20])[H:21])([H:11])[C:2](=[O:1])[O:3][H:10])([H:12])[H:13])([H:14])[H:15])[H:17],,
19,0.012120711900317632,RESP2,PW6B95/cc-pV(D+d)Z,,0.9,H,hf,20,[H:16][C:7]1([C:6]([C:5]([C:4]([C:9]([C:8]1([H:18])[H:19])([H:20])[H:21])([H:11])[C:2](=[O:1])[O:3][H:10])([H:12])[H:13])([H:14])[H:15])[H:17],,
20,0.013802845591950016,RESP2,PW6B95/cc-pV(D+d)Z,,0.9,H,hf,21,[H:16][C:7]1([C:6]([C:5]([C:4]([C:9]([C:8]1([H:18])[H:19])([H:20])[H:21])([H:11])[C:2](=[O:1])[O:3][H:10])([H:12])[H:13])([H:14])[H:15])[H:17],,
0,-0.5390849783027492,RESP2,PW6B95/cc-pV(D+d)Z,,0.9500000000000001,O,hf,1,[H:16][C:7]1([C:6]([C:5]([C:4]([C:9]([C:8]1([H:18])[H:19])([H:20])[H:21])([H:11])[C:2](=[O:1])[O:3][H:10])([H:12])[H:13])([H:14])[H:15])[H:17],,
1,0.5552993684359758,RESP2,PW6B95/cc-pV(D+d)Z,,0.9500000000000001,C,hf,2,[H:16][C:7]1([C:6]([C:5]([C:4]([C:9]([C:8]1([H:18])[H:19])([H:20])[H:21])([H:11])[C:2](=[O:1])[O:3][H:10])([H:12])[H:13])([H:14])[H:15])[H:17],,
2,-0.5401467166938351,RESP2,PW6B95/cc-pV(D+d)Z,,0.9500000000000001,O,hf,3,[H:16][C:7]1([C:6]([C:5]([C:4]([C:9]([C:8]1([H:18])[H:19])([H:20])[H:21])([H:11])[C:2](=[O:1])[O:3][H:10])([H:12])[H:13])([H:14])[H:15])[H:17],,
3,0.026117693679457526,RESP2,PW6B95/cc-pV(D+d)Z,,0.9500000000000001,C,hf,4,[H:16][C:7]1([C:6]([C:5]([C:4]([C:9]([C:8]1([H:18])[H:19])([H:20])[H:21])([H:11])[C:2](=[O:1])[O:3][H:10])([H:12])[H:13])([H:14])[H:15])[H:17],,
4,-0.03666937042311546,RESP2,PW6B95/cc-pV(D+d)Z,,0.9500000000000001,C,hf,5,[H:16][C:7]1([C:6]([C:5]([C:4]([C:9]([C:8]1([H:18])[H:19])([H:20])[H:21])([H:11])[C:2](=[O:1])[O:3][H:10])([H:12])[H:13])([H:14])[H:15])[H:17],,
5,0.006195482231643122,RESP2,PW6B95/cc-pV(D+d)Z,,0.9500000000000001,C,hf,6,[H:16][C:7]1([C:6]([C:5]([C:4]([C:9]([C:8]1([H:18])[H:19])([H:20])[H:21])([H:11])[C:2](=[O:1])[O:3][H:10])([H:12])[H:13])([H:14])[H:15])[H:17],,
6,0.014569192111601991,RESP2,PW6B95/cc-pV(D+d)Z,,0.9500000000000001,C,hf,7,[H:16][C:7]1([C:6]([C:5]([C:4]([C:9]([C:8]1([H:18])[H:19])([H:20])[H:21])([H:11])[C:2](=[O:1])[O:3][H:10])([H:12])[H:13])([H:14])[H:15])[H:17],,
7,0.0013432710654996518,RESP2,PW6B95/cc-pV(D+d)Z,,0.9500000000000001,C,hf,8,[H:16][C:7]1([C:6]([C:5]([C:4]([C:9]([C:8]1([H:18])[H:19])([H:20])[H:21])([H:11])[C:2](=[O:1])[O:3][H:10])([H:12])[H:13])([H:14])[H:15])[H:17],,
8,-0.02035654767661081,RESP2,PW6B95/cc-pV(D+d)Z,,0.9500000000000001,C,hf,9,[H:16][C:7]1([C:6]([C:5]([C:4]([C:9]([C:8]1([H:18])[H:19])([H:20])[H:21])([H:11])[C:2](=[O:1])[O:3][H:10])([H:12])[H:13])([H:14])[H:15])[H:17],,
9,0.4278082175678035,RESP2,PW6B95/cc-pV(D+d)Z,,0.9500000000000001,H,hf,10,[H:16][C:7]1([C:6]([C:5]([C:4]([C:9]([C:8]1([H:18])[H:19])([H:20])[H:21])([H:11])[C:2](=[O:1])[O:3][H:10])([H:12])[H:13])([H:14])[H:15])[H:17],,
10,0.03023699355964975,RESP2,PW6B95/cc-pV(D+d)Z,,0.9500000000000001,H,hf,11,[H:16][C:7]1([C:6]([C:5]([C:4]([C:9]([C:8]1([H:18])[H:19])([H:20])[H:21])([H:11])[C:2](=[O:1])[O:3][H:10])([H:12])[H:13])([H:14])[H:15])[H:17],,
11,0.017417637045779127,RESP2,PW6B95/cc-pV(D+d)Z,,0.9500000000000001,H,hf,12,[H:16][C:7]1([C:6]([C:5]([C:4]([C:9]([C:8]1([H:18])[H:19])([H:20])[H:21])([H:11])[C:2](=[O:1])[O:3][H:10])([H:12])[H:13])([H:14])[H:15])[H:17],,
12,0.018520301109551544,RESP2,PW6B95/cc-pV(D+d)Z,,0.9500000000000001,H,hf,13,[H:16][C:7]1([C:6]([C:5]([C:4]([C:9]([C:8]1([H:18])[H:19])([H:20])[H:21])([H:11])[C:2](=[O:1])[O:3][H:10])([H:12])[H:13])([H:14])[H:15])[H:17],,
13,0.004882749038057175,RESP2,PW6B95/cc-pV(D+d)Z,,0.9500000000000001,H,hf,14,[H:16][C:7]1([C:6]([C:5]([C:4]([C:9]([C:8]1([H:18])[H:19])([H:20])[H:21])([H:11])[C:2](=[O:1])[O:3][H:10])([H:12])[H:13])([H:14])[H:15])[H:17],,
14,0.0028431432875762512,RESP2,PW6B95/cc-pV(D+d)Z,,0.9500000000000001,H,hf,15,[H:16][C:7]1([C:6]([C:5]([C:4]([C:9]([C:8]1([H:18])[H:19])([H:20])[H:21])([H:11])[C:2](=[O:1])[O:3][H:10])([H:12])[H:13])([H:14])[H:15])[H:17],,
15,-0.003931479089935834,RESP2,PW6B95/cc-pV(D+d)Z,,0.9500000000000001,H,hf,16,[H:16][C:7]1([C:6]([C:5]([C:4]([C:9]([C:8]1([H:18])[H:19])([H:20])[H:21])([H:11])[C:2](=[O:1])[O:3][H:10])([H:12])[H:13])([H:14])[H:15])[H:17],,
16,0.00012480693784036975,RESP2,PW6B95/cc-pV(D+d)Z,,0.9500000000000001,H,hf,17,[H:16][C:7]1([C:6]([C:5]([C:4]([C:9]([C:8]1([H:18])[H:19])([H:20])[H:21])([H:11])[C:2](=[O:1])[O:3][H:10])([H:12])[H:13])([H:14])[H:15])[H:17],,
17,0.006215254182330097,RESP2,PW6B95/cc-pV(D+d)Z,,0.9500000000000001,H,hf,18,[H:16][C:7]1([C:6]([C:5]([C:4]([C:9]([C:8]1([H:18])[H:19])([H:20])[H:21])([H:11])[C:2](=[O:1])[O:3][H:10])([H:12])[H:13])([H:14])[H:15])[H:17],,
18,0.0031664579012596946,RESP2,PW6B95/cc-pV(D+d)Z,,0.9500000000000001,H,hf,19,[H:16][C:7]1([C:6]([C:5]([C:4]([C:9]([C:8]1([H:18])[H:19])([H:20])[H:21])([H:11])[C:2](=[O:1])[O:3][H:10])([H:12])[H:13])([H:14])[H:15])[H:17],,
19,0.011848231538212238,RESP2,PW6B95/cc-pV(D+d)Z,,0.9500000000000001,H,hf,20,[H:16][C:7]1([C:6]([C:5]([C:4]([C:9]([C:8]1([H:18])[H:19])([H:20])[H:21])([H:11])[C:2](=[O:1])[O:3][H:10])([H:12])[H:13])([H:14])[H:15])[H:17],,
20,0.013600292494008454,RESP2,PW6B95/cc-pV(D+d)Z,,0.9500000000000001,H,hf,21,[H:16][C:7]1([C:6]([C:5]([C:4]([C:9]([C:8]1([H:18])[H:19])([H:20])[H:21])([H:11])[C:2](=[O:1])[O:3][H:10])([H:12])[H:13])([H:14])[H:15])[H:17],,
0,-0.542107671242348,RESP2,PW6B95/cc-pV(D+d)Z,,1.0,O,hf,1,[H:16][C:7]1([C:6]([C:5]([C:4]([C:9]([C:8]1([H:18])[H:19])([H:20])[H:21])([H:11])[C:2](=[O:1])[O:3][H:10])([H:12])[H:13])([H:14])[H:15])[H:17],,
1,0.556968669648831,RESP2,PW6B95/cc-pV(D+d)Z,,1.0,C,hf,2,[H:16][C:7]1([C:6]([C:5]([C:4]([C:9]([C:8]1([H:18])[H:19])([H:20])[H:21])([H:11])[C:2](=[O:1])[O:3][H:10])([H:12])[H:13])([H:14])[H:15])[H:17],,
2,-0.541228074503062,RESP2,PW6B95/cc-pV(D+d)Z,,1.0,O,hf,3,[H:16][C:7]1([C:6]([C:5]([C:4]([C:9]([C:8]1([H:18])[H:19])([H:20])[H:21])([H:11])[C:2](=[O:1])[O:3][H:10])([H:12])[H:13])([H:14])[H:15])[H:17],,
3,0.02471067663210233,RESP2,PW6B95/cc-pV(D+d)Z,,1.0,C,hf,4,[H:16][C:7]1([C:6]([C:5]([C:4]([C:9]([C:8]1([H:18])[H:19])([H:20])[H:21])([H:11])[C:2](=[O:1])[O:3][H:10])([H:12])[H:13])([H:14])[H:15])[H:17],,
4,-0.03623759780297478,RESP2,PW6B95/cc-pV(D+d)Z,,1.0,C,hf,5,[H:16][C:7]1([C:6]([C:5]([C:4]([C:9]([C:8]1([H:18])[H:19])([H:20])[H:21])([H:11])[C:2](=[O:1])[O:3][H:10])([H:12])[H:13])([H:14])[H:15])[H:17],,
5,0.006111166490155407,RESP2,PW6B95/cc-pV(D+d)Z,,1.0,C,hf,6,[H:16][C:7]1([C:6]([C:5]([C:4]([C:9]([C:8]1([H:18])[H:19])([H:20])[H:21])([H:11])[C:2](=[O:1])[O:3][H:10])([H:12])[H:13])([H:14])[H:15])[H:17],,
6,0.01691435626633024,RESP2,PW6B95/cc-pV(D+d)Z,,1.0,C,hf,7,[H:16][C:7]1([C:6]([C:5]([C:4]([C:9]([C:8]1([H:18])[H:19])([H:20])[H:21])([H:11])[C:2](=[O:1])[O:3][H:10])([H:12])[H:13])([H:14])[H:15])[H:17],,
7,-0.0004580468567423981,RESP2,PW6B95/cc-pV(D+d)Z,,1.0,C,hf,8,[H:16][C:7]1([C:6]([C:5]([C:4]([C:9]([C:8]1([H:18])[H:19])([H:20])[H:21])([H:11])[C:2](=[O:1])[O:3][H:10])([H:12])[H:13])([H:14])[H:15])[H:17],,
8,-0.019071243714275345,RESP2,PW6B95/cc-pV(D+d)Z,,1.0,C,hf,9,[H:16][C:7]1([C:6]([C:5]([C:4]([C:9]([C:8]1([H:18])[H:19])([H:20])[H:21])([H:11])[C:2](=[O:1])[O:3][H:10])([H:12])[H:13])([H:14])[H:15])[H:17],,
9,0.42954122402333333,RESP2,PW6B95/cc-pV(D+d)Z,,1.0,H,hf,10,[H:16][C:7]1([C:6]([C:5]([C:4]([C:9]([C:8]1([H:18])[H:19])([H:20])[H:21])([H:11])[C:2](=[O:1])[O:3][H:10])([H:12])[H:13])([H:14])[H:15])[H:17],,
10,0.03118426853872197,RESP2,PW6B95/cc-pV(D+d)Z,,1.0,H,hf,11,[H:16][C:7]1([C:6]([C:5]([C:4]([C:9]([C:8]1([H:18])[H:19])([H:20])[H:21])([H:11])[C:2](=[O:1])[O:3][H:10])([H:12])[H:13])([H:14])[H:15])[H:17],,
11,0.01725339569810695,RESP2,PW6B95/cc-pV(D+d)Z,,1.0,H,hf,12,[H:16][C:7]1([C:6]([C:5]([C:4]([C:9]([C:8]1([H:18])[H:19])([H:20])[H:21])([H:11])[C:2](=[O:1])[O:3][H:10])([H:12])[H:13])([H:14])[H:15])[H:17],,
12,0.018725471695351218,RESP2,PW6B95/cc-pV(D+d)Z,,1.0,H,hf,13,[H:16][C:7]1([C:6]([C:5]([C:4]([C:9]([C:8]1([H:18])[H:19])([H:20])[H:21])([H:11])[C:2](=[O:1])[O:3][H:10])([H:12])[H:13])([H:14])[H:15])[H:17],,
13,0.004805654754491554,RESP2,PW6B95/cc-pV(D+d)Z,,1.0,H,hf,14,[H:16][C:7]1([C:6]([C:5]([C:4]([C:9]([C:8]1([H:18])[H:19])([H:20])[H:21])([H:11])[C:2](=[O:1])[O:3][H:10])([H:12])[H:13])([H:14])[H:15])[H:17],,
14,0.0026444120880570183,RESP2,PW6B95/cc-pV(D+d)Z,,1.0,H,hf,15,[H:16][C:7]1([C:6]([C:5]([C:4]([C:9]([C:8]1([H:18])[H:19])([H:20])[H:21])([H:11])[C:2](=[O:1])[O:3][H:10])([H:12])[H:13])([H:14])[H:15])[H:17],,
15,-0.004495309164516025,RESP2,PW6B95/cc-pV(D+d)Z,,1.0,H,hf,16,[H:16][C:7]1([C:6]([C:5]([C:4]([C:9]([C:8]1([H:18])[H:19])([H:20])[H:21])([H:11])[C:2](=[O:1])[O:3][H:10])([H:12])[H:13])([H:14])[H:15])[H:17],,
16,-0.0004737198829416066,RESP2,PW6B95/cc-pV(D+d)Z,,1.0,H,hf,17,[H:16][C:7]1([C:6]([C:5]([C:4]([C:9]([C:8]1([H:18])[H:19])([H:20])[H:21])([H:11])[C:2](=[O:1])[O:3][H:10])([H:12])[H:13])([H:14])[H:15])[H:17],,
17,0.006654310563675515,RESP2,PW6B95/cc-pV(D+d)Z,,1.0,H,hf,18,[H:16][C:7]1([C:6]([C:5]([C:4]([C:9]([C:8]1([H:18])[H:19])([H:20])[H:21])([H:11])[C:2](=[O:1])[O:3][H:10])([H:12])[H:13])([H:14])[H:15])[H:17],,
18,0.003584566195529964,RESP2,PW6B95/cc-pV(D+d)Z,,1.0,H,hf,19,[H:16][C:7]1([C:6]([C:5]([C:4]([C:9]([C:8]1([H:18])[H:19])([H:20])[H:21])([H:11])[C:2](=[O:1])[O:3][H:10])([H:12])[H:13])([H:14])[H:15])[H:17],,
19,0.011575751176106866,RESP2,PW6B95/cc-pV(D+d)Z,,1.0,H,hf,20,[H:16][C:7]1([C:6]([C:5]([C:4]([C:9]([C:8]1([H:18])[H:19])([H:20])[H:21])([H:11])[C:2](=[O:1])[O:3][H:10])([H:12])[H:13])([H:14])[H:15])[H:17],,
20,0.013397739396066914,RESP2,PW6B95/cc-pV(D+d)Z,,1.0,H,hf,21,[H:16][C:7]1([C:6]([C:5]([C:4]([C:9]([C:8]1([H:18])[H:19])([H:20])[H:21])([H:11])[C:2](=[O:1])[O:3][H:10])([H:12])[H:13])([H:14])[H:15])[H:17],,
0,-0.4798593642384218,RESP2,PW6B95/cc-pV(D+d)Z,1.0,0.0,O,resp2,1,[H:16][C:7]1([C:6]([C:5]([C:4]([C:9]([C:8]1([H:18])[H:19])([H:20])[H:21])([H:11])[C:2](=[O:1])[O:3][H:10])([H:12])[H:13])([H:14])[H:15])[H:17],,
1,0.510683627015498,RESP2,PW6B95/cc-pV(D+d)Z,1.0,0.0,C,resp2,2,[H:16][C:7]1([C:6]([C:5]([C:4]([C:9]([C:8]1([H:18])[H:19])([H:20])[H:21])([H:11])[C:2](=[O:1])[O:3][H:10])([H:12])[H:13])([H:14])[H:15])[H:17],,
2,-0.518387538309345,RESP2,PW6B95/cc-pV(D+d)Z,1.0,0.0,O,resp2,3,[H:16][C:7]1([C:6]([C:5]([C:4]([C:9]([C:8]1([H:18])[H:19])([H:20])[H:21])([H:11])[C:2](=[O:1])[O:3][H:10])([H:12])[H:13])([H:14])[H:15])[H:17],,
3,0.07408171440084968,RESP2,PW6B95/cc-pV(D+d)Z,1.0,0.0,C,resp2,4,[H:16][C:7]1([C:6]([C:5]([C:4]([C:9]([C:8]1([H:18])[H:19])([H:20])[H:21])([H:11])[C:2](=[O:1])[O:3][H:10])([H:12])[H:13])([H:14])[H:15])[H:17],,
4,-0.04384493425758088,RESP2,PW6B95/cc-pV(D+d)Z,1.0,0.0,C,resp2,5,[H:16][C:7]1([C:6]([C:5]([C:4]([C:9]([C:8]1([H:18])[H:19])([H:20])[H:21])([H:11])[C:2](=[O:1])[O:3][H:10])([H:12])[H:13])([H:14])[H:15])[H:17],,
5,0.0018671824402228157,RESP2,PW6B95/cc-pV(D+d)Z,1.0,0.0,C,resp2,6,[H:16][C:7]1([C:6]([C:5]([C:4]([C:9]([C:8]1([H:18])[H:19])([H:20])[H:21])([H:11])[C:2](=[O:1])[O:3][H:10])([H:12])[H:13])([H:14])[H:15])[H:17],,
6,-0.025355082452919907,RESP2,PW6B95/cc-pV(D+d)Z,1.0,0.0,C,resp2,7,[H:16][C:7]1([C:6]([C:5]([C:4]([C:9]([C:8]1([H:18])[H:19])([H:20])[H:21])([H:11])[C:2](=[O:1])[O:3][H:10])([H:12])[H:13])([H:14])[H:15])[H:17],,
7,0.03532674910609498,RESP2,PW6B95/cc-pV(D+d)Z,1.0,0.0,C,resp2,8,[H:16][C:7]1([C:6]([C:5]([C:4]([C:9]([C:8]1([H:18])[H:19])([H:20])[H:21])([H:11])[C:2](=[O:1])[O:3][H:10])([H:12])[H:13])([H:14])[H:15])[H:17],,
8,-0.04556379338886758,RESP2,PW6B95/cc-pV(D+d)Z,1.0,0.0,C,resp2,9,[H:16][C:7]1([C:6]([C:5]([C:4]([C:9]([C:8]1([H:18])[H:19])([H:20])[H:21])([H:11])[C:2](=[O:1])[O:3][H:10])([H:12])[H:13])([H:14])[H:15])[H:17],,
9,0.39599108250729315,RESP2,PW6B95/cc-pV(D+d)Z,1.0,0.0,H,resp2,10,[H:16][C:7]1([C:6]([C:5]([C:4]([C:9]([C:8]1([H:18])[H:19])([H:20])[H:21])([H:11])[C:2](=[O:1])[O:3][H:10])([H:12])[H:13])([H:14])[H:15])[H:17],,
10,0.006460188287403264,RESP2,PW6B95/cc-pV(D+d)Z,1.0,0.0,H,resp2,11,[H:16][C:7]1([C:6]([C:5]([C:4]([C:9]([C:8]1([H:18])[H:19])([H:20])[H:21])([H:11])[C:2](=[O:1])[O:3][H:10])([H:12])[H:13])([H:14])[H:15])[H:17],,
11,0.019829333347430204,RESP2,PW6B95/cc-pV(D+d)Z,1.0,0.0,H,resp2,12,[H:16][C:7]1([C:6]([C:5]([C:4]([C:9]([C:8]1([H:18])[H:19])([H:20])[H:21])([H:11])[C:2](=[O:1])[O:3][H:10])([H:12])[H:13])([H:14])[H:15])[H:17],,
12,0.01307379049144747,RESP2,PW6B95/cc-pV(D+d)Z,1.0,0.0,H,resp2,13,[H:16][C:7]1([C:6]([C:5]([C:4]([C:9]([C:8]1([H:18])[H:19])([H:20])[H:21])([H:11])[C:2](=[O:1])[O:3][H:10])([H:12])[H:13])([H:14])[H:15])[H:17],,
13,0.007208703837634116,RESP2,PW6B95/cc-pV(D+d)Z,1.0,0.0,H,resp2,14,[H:16][C:7]1([C:6]([C:5]([C:4]([C:9]([C:8]1([H:18])[H:19])([H:20])[H:21])([H:11])[C:2](=[O:1])[O:3][H:10])([H:12])[H:13])([H:14])[H:15])[H:17],,
14,0.007887040605165475,RESP2,PW6B95/cc-pV(D+d)Z,1.0,0.0,H,resp2,15,[H:16][C:7]1([C:6]([C:5]([C:4]([C:9]([C:8]1([H:18])[H:19])([H:20])[H:21])([H:11])[C:2](=[O:1])[O:3][H:10])([H:12])[H:13])([H:14])[H:15])[H:17],,
15,0.005670685116085744,RESP2,PW6B95/cc-pV(D+d)Z,1.0,0.0,H,resp2,16,[H:16][C:7]1([C:6]([C:5]([C:4]([C:9]([C:8]1([H:18])[H:19])([H:20])[H:21])([H:11])[C:2](=[O:1])[O:3][H:10])([H:12])[H:13])([H:14])[H:15])[H:17],,
16,0.010289800731036195,RESP2,PW6B95/cc-pV(D+d)Z,1.0,0.0,H,resp2,17,[H:16][C:7]1([C:6]([C:5]([C:4]([C:9]([C:8]1([H:18])[H:19])([H:20])[H:21])([H:11])[C:2](=[O:1])[O:3][H:10])([H:12])[H:13])([H:14])[H:15])[H:17],,
17,-0.0027722272731462113,RESP2,PW6B95/cc-pV(D+d)Z,1.0,0.0,H,resp2,18,[H:16][C:7]1([C:6]([C:5]([C:4]([C:9]([C:8]1([H:18])[H:19])([H:20])[H:21])([H:11])[C:2](=[O:1])[O:3][H:10])([H:12])[H:13])([H:14])[H:15])[H:17],,
18,-0.005242992796776059,RESP2,PW6B95/cc-pV(D+d)Z,1.0,0.0,H,resp2,19,[H:16][C:7]1([C:6]([C:5]([C:4]([C:9]([C:8]1([H:18])[H:19])([H:20])[H:21])([H:11])[C:2](=[O:1])[O:3][H:10])([H:12])[H:13])([H:14])[H:15])[H:17],,
19,0.016249369687024357,RESP2,PW6B95/cc-pV(D+d)Z,1.0,0.0,H,resp2,20,[H:16][C:7]1([C:6]([C:5]([C:4]([C:9]([C:8]1([H:18])[H:19])([H:20])[H:21])([H:11])[C:2](=[O:1])[O:3][H:10])([H:12])[H:13])([H:14])[H:15])[H:17],,
20,0.016406665143872075,RESP2,PW6B95/cc-pV(D+d)Z,1.0,0.0,H,resp2,21,[H:16][C:7]1([C:6]([C:5]([C:4]([C:9]([C:8]1([H:18])[H:19])([H:20])[H:21])([H:11])[C:2](=[O:1])[O:3][H:10])([H:12])[H:13])([H:14])[H:15])[H:17],,
0,-0.48286984867473526,RESP2,PW6B95/cc-pV(D+d)Z,1.0,0.05,O,resp2,1,[H:16][C:7]1([C:6]([C:5]([C:4]([C:9]([C:8]1([H:18])[H:19])([H:20])[H:21])([H:11])[C:2](=[O:1])[O:3][H:10])([H:12])[H:13])([H:14])[H:15])[H:17],,
1,0.5121794402150867,RESP2,PW6B95/cc-pV(D+d)Z,1.0,0.05,C,resp2,2,[H:16][C:7]1([C:6]([C:5]([C:4]([C:9]([C:8]1([H:18])[H:19])([H:20])[H:21])([H:11])[C:2](=[O:1])[O:3][H:10])([H:12])[H:13])([H:14])[H:15])[H:17],,
2,-0.5194621660144116,RESP2,PW6B95/cc-pV(D+d)Z,1.0,0.05,O,resp2,3,[H:16][C:7]1([C:6]([C:5]([C:4]([C:9]([C:8]1([H:18])[H:19])([H:20])[H:21])([H:11])[C:2](=[O:1])[O:3][H:10])([H:12])[H:13])([H:14])[H:15])[H:17],,
3,0.07291510813044565,RESP2,PW6B95/cc-pV(D+d)Z,1.0,0.05,C,resp2,4,[H:16][C:7]1([C:6]([C:5]([C:4]([C:9]([C:8]1([H:18])[H:19])([H:20])[H:21])([H:11])[C:2](=[O:1])[O:3][H:10])([H:12])[H:13])([H:14])[H:15])[H:17],,
4,-0.04334164589905106,RESP2,PW6B95/cc-pV(D+d)Z,1.0,0.05,C,resp2,5,[H:16][C:7]1([C:6]([C:5]([C:4]([C:9]([C:8]1([H:18])[H:19])([H:20])[H:21])([H:11])[C:2](=[O:1])[O:3][H:10])([H:12])[H:13])([H:14])[H:15])[H:17],,
5,0.0018582565324328055,RESP2,PW6B95/cc-pV(D+d)Z,1.0,0.05,C,resp2,6,[H:16][C:7]1([C:6]([C:5]([C:4]([C:9]([C:8]1([H:18])[H:19])([H:20])[H:21])([H:11])[C:2](=[O:1])[O:3][H:10])([H:12])[H:13])([H:14])[H:15])[H:17],,
6,-0.022849775279660676,RESP2,PW6B95/cc-pV(D+d)Z,1.0,0.05,C,resp2,7,[H:16][C:7]1([C:6]([C:5]([C:4]([C:9]([C:8]1([H:18])[H:19])([H:20])[H:21])([H:11])[C:2](=[O:1])[O:3][H:10])([H:12])[H:13])([H:14])[H:15])[H:17],,
7,0.03321671827243116,RESP2,PW6B95/cc-pV(D+d)Z,1.0,0.05,C,resp2,8,[H:16][C:7]1([C:6]([C:5]([C:4]([C:9]([C:8]1([H:18])[H:19])([H:20])[H:21])([H:11])[C:2](=[O:1])[O:3][H:10])([H:12])[H:13])([H:14])[H:15])[H:17],,
8,-0.04443507462885477,RESP2,PW6B95/cc-pV(D+d)Z,1.0,0.05,C,resp2,9,[H:16][C:7]1([C:6]([C:5]([C:4]([C:9]([C:8]1([H:18])[H:19])([H:20])[H:21])([H:11])[C:2](=[O:1])[O:3][H:10])([H:12])[H:13])([H:14])[H:15])[H:17],,
9,0.39775375344316416,RESP2,PW6B95/cc-pV(D+d)Z,1.0,0.05,H,resp2,10,[H:16][C:7]1([C:6]([C:5]([C:4]([C:9]([C:8]1([H:18])[H:19])([H:20])[H:21])([H:11])[C:2](=[O:1])[O:3][H:10])([H:12])[H:13])([H:14])[H:15])[H:17],,
10,0.0073580595433719006,RESP2,PW6B95/cc-pV(D+d)Z,1.0,0.05,H,resp2,11,[H:16][C:7]1([C:6]([C:5]([C:4]([C:9]([C:8]1([H:18])[H:19])([H:20])[H:21])([H:11])[C:2](=[O:1])[O:3][H:10])([H:12])[H:13])([H:14])[H:15])[H:17],,
11,0.019640276135850843,RESP2,PW6B95/cc-pV(D+d)Z,1.0,0.05,H,resp2,12,[H:16][C:7]1([C:6]([C:5]([C:4]([C:9]([C:8]1([H:18])[H:19])([H:20])[H:21])([H:11])[C:2](=[O:1])[O:3][H:10])([H:12])[H:13])([H:14])[H:15])[H:17],,
12,0.013238419735101392,RESP2,PW6B95/cc-pV(D+d)Z,1.0,0.05,H,resp2,13,[H:16][C:7]1([C:6]([C:5]([C:4]([C:9]([C:8]1([H:18])[H:19])([H:20])[H:21])([H:11])[C:2](=[O:1])[O:3][H:10])([H:12])[H:13])([H:14])[H:15])[H:17],,
13,0.007098074082555224,RESP2,PW6B95/cc-pV(D+d)Z,1.0,0.05,H,resp2,14,[H:16][C:7]1([C:6]([C:5]([C:4]([C:9]([C:8]1([H:18])[H:19])([H:20])[H:21])([H:11])[C:2](=[O:1])[O:3][H:10])([H:12])[H:13])([H:14])[H:15])[H:17],,
14,0.007646719069895948,RESP2,PW6B95/cc-pV(D+d)Z,1.0,0.05,H,resp2,15,[H:16][C:7]1([C:6]([C:5]([C:4]([C:9]([C:8]1([H:18])[H:19])([H:20])[H:21])([H:11])[C:2](=[O:1])[O:3][H:10])([H:12])[H:13])([H:14])[H:15])[H:17],,
15,0.005081151267892053,RESP2,PW6B95/cc-pV(D+d)Z,1.0,0.05,H,resp2,16,[H:16][C:7]1([C:6]([C:5]([C:4]([C:9]([C:8]1([H:18])[H:19])([H:20])[H:21])([H:11])[C:2](=[O:1])[O:3][H:10])([H:12])[H:13])([H:14])[H:15])[H:17],,
16,0.009658487095731121,RESP2,PW6B95/cc-pV(D+d)Z,1.0,0.05,H,resp2,17,[H:16][C:7]1([C:6]([C:5]([C:4]([C:9]([C:8]1([H:18])[H:19])([H:20])[H:21])([H:11])[C:2](=[O:1])[O:3][H:10])([H:12])[H:13])([H:14])[H:15])[H:17],,
17,-0.002249378007559321,RESP2,PW6B95/cc-pV(D+d)Z,1.0,0.05,H,resp2,18,[H:16][C:7]1([C:6]([C:5]([C:4]([C:9]([C:8]1([H:18])[H:19])([H:20])[H:21])([H:11])[C:2](=[O:1])[O:3][H:10])([H:12])[H:13])([H:14])[H:15])[H:17],,
18,-0.00474478605777846,RESP2,PW6B95/cc-pV(D+d)Z,1.0,0.05,H,resp2,19,[H:16][C:7]1([C:6]([C:5]([C:4]([C:9]([C:8]1([H:18])[H:19])([H:20])[H:21])([H:11])[C:2](=[O:1])[O:3][H:10])([H:12])[H:13])([H:14])[H:15])[H:17],,
19,0.01604350979019046,RESP2,PW6B95/cc-pV(D+d)Z,1.0,0.05,H,resp2,20,[H:16][C:7]1([C:6]([C:5]([C:4]([C:9]([C:8]1([H:18])[H:19])([H:20])[H:21])([H:11])[C:2](=[O:1])[O:3][H:10])([H:12])[H:13])([H:14])[H:15])[H:17],,
20,0.016264701247901834,RESP2,PW6B95/cc-pV(D+d)Z,1.0,0.05,H,resp2,21,[H:16][C:7]1([C:6]([C:5]([C:4]([C:9]([C:8]1([H:18])[H:19])([H:20])[H:21])([H:11])[C:2](=[O:1])[O:3][H:10])([H:12])[H:13])([H:14])[H:15])[H:17],,
0,-0.4858803331110487,RESP2,PW6B95/cc-pV(D+d)Z,1.0,0.1,O,resp2,1,[H:16][C:7]1([C:6]([C:5]([C:4]([C:9]([C:8]1([H:18])[H:19])([H:20])[H:21])([H:11])[C:2](=[O:1])[O:3][H:10])([H:12])[H:13])([H:14])[H:15])[H:17],,
1,0.5136752534146753,RESP2,PW6B95/cc-pV(D+d)Z,1.0,0.1,C,resp2,2,[H:16][C:7]1([C:6]([C:5]([C:4]([C:9]([C:8]1([H:18])[H:19])([H:20])[H:21])([H:11])[C:2](=[O:1])[O:3][H:10])([H:12])[H:13])([H:14])[H:15])[H:17],,
2,-0.5205367937194784,RESP2,PW6B95/cc-pV(D+d)Z,1.0,0.1,O,resp2,3,[H:16][C:7]1([C:6]([C:5]([C:4]([C:9]([C:8]1([H:18])[H:19])([H:20])[H:21])([H:11])[C:2](=[O:1])[O:3][H:10])([H:12])[H:13])([H:14])[H:15])[H:17],,
3,0.07174850186004164,RESP2,PW6B95/cc-pV(D+d)Z,1.0,0.1,C,resp2,4,[H:16][C:7]1([C:6]([C:5]([C:4]([C:9]([C:8]1([H:18])[H:19])([H:20])[H:21])([H:11])[C:2](=[O:1])[O:3][H:10])([H:12])[H:13])([H:14])[H:15])[H:17],,
4,-0.04283835754052124,RESP2,PW6B95/cc-pV(D+d)Z,1.0,0.1,C,resp2,5,[H:16][C:7]1([C:6]([C:5]([C:4]([C:9]([C:8]1([H:18])[H:19])([H:20])[H:21])([H:11])[C:2](=[O:1])[O:3][H:10])([H:12])[H:13])([H:14])[H:15])[H:17],,
5,0.0018493306246427981,RESP2,PW6B95/cc-pV(D+d)Z,1.0,0.1,C,resp2,6,[H:16][C:7]1([C:6]([C:5]([C:4]([C:9]([C:8]1([H:18])[H:19])([H:20])[H:21])([H:11])[C:2](=[O:1])[O:3][H:10])([H:12])[H:13])([H:14])[H:15])[H:17],,
6,-0.020344468106401448,RESP2,PW6B95/cc-pV(D+d)Z,1.0,0.1,C,resp2,7,[H:16][C:7]1([C:6]([C:5]([C:4]([C:9]([C:8]1([H:18])[H:19])([H:20])[H:21])([H:11])[C:2](=[O:1])[O:3][H:10])([H:12])[H:13])([H:14])[H:15])[H:17],,
7,0.03110668743876736,RESP2,PW6B95/cc-pV(D+d)Z,1.0,0.1,C,resp2,8,[H:16][C:7]1([C:6]([C:5]([C:4]([C:9]([C:8]1([H:18])[H:19])([H:20])[H:21])([H:11])[C:2](=[O:1])[O:3][H:10])([H:12])[H:13])([H:14])[H:15])[H:17],,
8,-0.04330635586884196,RESP2,PW6B95/cc-pV(D+d)Z,1.0,0.1,C,resp2,9,[H:16][C:7]1([C:6]([C:5]([C:4]([C:9]([C:8]1([H:18])[H:19])([H:20])[H:21])([H:11])[C:2](=[O:1])[O:3][H:10])([H:12])[H:13])([H:14])[H:15])[H:17],,
9,0.39951642437903523,RESP2,PW6B95/cc-pV(D+d)Z,1.0,0.1,H,resp2,10,[H:16][C:7]1([C:6]([C:5]([C:4]([C:9]([C:8]1([H:18])[H:19])([H:20])[H:21])([H:11])[C:2](=[O:1])[O:3][H:10])([H:12])[H:13])([H:14])[H:15])[H:17],,
10,0.00825593079934054,RESP2,PW6B95/cc-pV(D+d)Z,1.0,0.1,H,resp2,11,[H:16][C:7]1([C:6]([C:5]([C:4]([C:9]([C:8]1([H:18])[H:19])([H:20])[H:21])([H:11])[C:2](=[O:1])[O:3][H:10])([H:12])[H:13])([H:14])[H:15])[H:17],,
11,0.01945121892427149,RESP2,PW6B95/cc-pV(D+d)Z,1.0,0.1,H,resp2,12,[H:16][C:7]1([C:6]([C:5]([C:4]([C:9]([C:8]1([H:18])[H:19])([H:20])[H:21])([H:11])[C:2](=[O:1])[O:3][H:10])([H:12])[H:13])([H:14])[H:15])[H:17],,
12,0.01340304897875532,RESP2,PW6B95/cc-pV(D+d)Z,1.0,0.1,H,resp2,13,[H:16][C:7]1([C:6]([C:5]([C:4]([C:9]([C:8]1([H:18])[H:19])([H:20])[H:21])([H:11])[C:2](=[O:1])[O:3][H:10])([H:12])[H:13])([H:14])[H:15])[H:17],,
13,0.006987444327476336,RESP2,PW6B95/cc-pV(D+d)Z,1.0,0.1,H,resp2,14,[H:16][C:7]1([C:6]([C:5]([C:4]([C:9]([C:8]1([H:18])[H:19])([H:20])[H:21])([H:11])[C:2](=[O:1])[O:3][H:10])([H:12])[H:13])([H:14])[H:15])[H:17],,
14,0.007406397534626424,RESP2,PW6B95/cc-pV(D+d)Z,1.0,0.1,H,resp2,15,[H:16][C:7]1([C:6]([C:5]([C:4]([C:9]([C:8]1([H:18])[H:19])([H:20])[H:21])([H:11])[C:2](=[O:1])[O:3][H:10])([H:12])[H:13])([H:14])[H:15])[H:17],,
15,0.004491617419698364,RESP2,PW6B95/cc-pV(D+d)Z,1.0,0.1,H,resp2,16,[H:16][C:7]1([C:6]([C:5]([C:4]([C:9]([C:8]1([H:18])[H:19])([H:20])[H:21])([H:11])[C:2](=[O:1])[O:3][H:10])([H:12])[H:13])([H:14])[H:15])[H:17],,
16,0.009027173460426051,RESP2,PW6B95/cc-pV(D+d)Z,1.0,0.1,H,resp2,17,[H:16][C:7]1([C:6]([C:5]([C:4]([C:9]([C:8]1([H:18])[H:19])([H:20])[H:21])([H:11])[C:2](=[O:1])[O:3][H:10])([H:12])[H:13])([H:14])[H:15])[H:17],,
17,-0.001726528741972428,RESP2,PW6B95/cc-pV(D+d)Z,1.0,0.1,H,resp2,18,[H:16][C:7]1([C:6]([C:5]([C:4]([C:9]([C:8]1([H:18])[H:19])([H:20])[H:21])([H:11])[C:2](=[O:1])[O:3][H:10])([H:12])[H:13])([H:14])[H:15])[H:17],,
18,-0.004246579318780858,RESP2,PW6B95/cc-pV(D+d)Z,1.0,0.1,H,resp2,19,[H:16][C:7]1([C:6]([C:5]([C:4]([C:9]([C:8]1([H:18])[H:19])([H:20])[H:21])([H:11])[C:2](=[O:1])[O:3][H:10])([H:12])[H:13])([H:14])[H:15])[H:17],,
19,0.015837649893356565,RESP2,PW6B95/cc-pV(D+d)Z,1.0,0.1,H,resp2,20,[H:16][C:7]1([C:6]([C:5]([C:4]([C:9]([C:8]1([H:18])[H:19])([H:20])[H:21])([H:11])[C:2](=[O:1])[O:3][H:10])([H:12])[H:13])([H:14])[H:15])[H:17],,
20,0.016122737351931593,RESP2,PW6B95/cc-pV(D+d)Z,1.0,0.1,H,resp2,21,[H:16][C:7]1([C:6]([C:5]([C:4]([C:9]([C:8]1([H:18])[H:19])([H:20])[H:21])([H:11])[C:2](=[O:1])[O:3][H:10])([H:12])[H:13])([H:14])[H:15])[H:17],,
0,-0.4888908175473622,RESP2,PW6B95/cc-pV(D+d)Z,1.0,0.15000000000000002,O,resp2,1,[H:16][C:7]1([C:6]([C:5]([C:4]([C:9]([C:8]1([H:18])[H:19])([H:20])[H:21])([H:11])[C:2](=[O:1])[O:3][H:10])([H:12])[H:13])([H:14])[H:15])[H:17],,
1,0.515171066614264,RESP2,PW6B95/cc-pV(D+d)Z,1.0,0.15000000000000002,C,resp2,2,[H:16][C:7]1([C:6]([C:5]([C:4]([C:9]([C:8]1([H:18])[H:19])([H:20])[H:21])([H:11])[C:2](=[O:1])[O:3][H:10])([H:12])[H:13])([H:14])[H:15])[H:17],,
2,-0.521611421424545,RESP2,PW6B95/cc-pV(D+d)Z,1.0,0.15000000000000002,O,resp2,3,[H:16][C:7]1([C:6]([C:5]([C:4]([C:9]([C:8]1([H:18])[H:19])([H:20])[H:21])([H:11])[C:2](=[O:1])[O:3][H:10])([H:12])[H:13])([H:14])[H:15])[H:17],,
3,0.07058189558963761,RESP2,PW6B95/cc-pV(D+d)Z,1.0,0.15000000000000002,C,resp2,4,[H:16][C:7]1([C:6]([C:5]([C:4]([C:9]([C:8]1([H:18])[H:19])([H:20])[H:21])([H:11])[C:2](=[O:1])[O:3][H:10])([H:12])[H:13])([H:14])[H:15])[H:17],,
4,-0.042335069181991404,RESP2,PW6B95/cc-pV(D+d)Z,1.0,0.15000000000000002,C,resp2,5,[H:16][C:7]1([C:6]([C:5]([C:4]([C:9]([C:8]1([H:18])[H:19])([H:20])[H:21])([H:11])[C:2](=[O:1])[O:3][H:10])([H:12])[H:13])([H:14])[H:15])[H:17],,
5,0.0018404047168527875,RESP2,PW6B95/cc-pV(D+d)Z,1.0,0.15000000000000002,C,resp2,6,[H:16][C:7]1([C:6]([C:5]([C:4]([C:9]([C:8]1([H:18])[H:19])([H:20])[H:21])([H:11])[C:2](=[O:1])[O:3][H:10])([H:12])[H:13])([H:14])[H:15])[H:17],,
6,-0.01783916093314222,RESP2,PW6B95/cc-pV(D+d)Z,1.0,0.15000000000000002,C,resp2,7,[H:16][C:7]1([C:6]([C:5]([C:4]([C:9]([C:8]1([H:18])[H:19])([H:20])[H:21])([H:11])[C:2](=[O:1])[O:3][H:10])([H:12])[H:13])([H:14])[H:15])[H:17],,
7,0.028996656605103546,RESP2,PW6B95/cc-pV(D+d)Z,1.0,0.15000000000000002,C,resp2,8,[H:16][C:7]1([C:6]([C:5]([C:4]([C:9]([C:8]1([H:18])[H:19])([H:20])[H:21])([H:11])[C:2](=[O:1])[O:3][H:10])([H:12])[H:13])([H:14])[H:15])[H:17],,
8,-0.042177637108829144,RESP2,PW6B95/cc-pV(D+d)Z,1.0,0.15000000000000002,C,resp2,9,[H:16][C:7]1([C:6]([C:5]([C:4]([C:9]([C:8]1([H:18])[H:19])([H:20])[H:21])([H:11])[C:2](=[O:1])[O:3][H:10])([H:12])[H:13])([H:14])[H:15])[H:17],,
9,0.40127909531490624,RESP2,PW6B95/cc-pV(D+d)Z,1.0,0.15000000000000002,H,resp2,10,[H:16][C:7]1([C:6]([C:5]([C:4]([C:9]([C:8]1([H:18])[H:19])([H:20])[H:21])([H:11])[C:2](=[O:1])[O:3][H:10])([H:12])[H:13])([H:14])[H:15])[H:17],,
10,0.009153802055309175,RESP2,PW6B95/cc-pV(D+d)Z,1.0,0.15000000000000002,H,resp2,11,[H:16][C:7]1([C:6]([C:5]([C:4]([C:9]([C:8]1([H:18])[H:19])([H:20])[H:21])([H:11])[C:2](=[O:1])[O:3][H:10])([H:12])[H:13])([H:14])[H:15])[H:17],,
11,0.019262161712692127,RESP2,PW6B95/cc-pV(D+d)Z,1.0,0.15000000000000002,H,resp2,12,[H:16][C:7]1([C:6]([C:5]([C:4]([C:9]([C:8]1([H:18])[H:19])([H:20])[H:21])([H:11])[C:2](=[O:1])[O:3][H:10])([H:12])[H:13])([H:14])[H:15])[H:17],,
12,0.013567678222409242,RESP2,PW6B95/cc-pV(D+d)Z,1.0,0.15000000000000002,H,resp2,13,[H:16][C:7]1([C:6]([C:5]([C:4]([C:9]([C:8]1([H:18])[H:19])([H:20])[H:21])([H:11])[C:2](=[O:1])[O:3][H:10])([H:12])[H:13])([H:14])[H:15])[H:17],,
13,0.006876814572397443,RESP2,PW6B95/cc-pV(D+d)Z,1.0,0.15000000000000002,H,resp2,14,[H:16][C:7]1([C:6]([C:5]([C:4]([C:9]([C:8]1([H:18])[H:19])([H:20])[H:21])([H:11])[C:2](=[O:1])[O:3][H:10])([H:12])[H:13])([H:14])[H:15])[H:17],,
14,0.007166075999356896,RESP2,PW6B95/cc-pV(D+d)Z,1.0,0.15000000000000002,H,resp2,15,[H:16][C:7]1([C:6]([C:5]([C:4]([C:9]([C:8]1([H:18])[H:19])([H:20])[H:21])([H:11])[C:2](=[O:1])[O:3][H:10])([H:12])[H:13])([H:14])[H:15])[H:17],,
15,0.0039020835715046706,RESP2,PW6B95/cc-pV(D+d)Z,1.0,0.15000000000000002,H,resp2,16,[H:16][C:7]1([C:6]([C:5]([C:4]([C:9]([C:8]1([H:18])[H:19])([H:20])[H:21])([H:11])[C:2](=[O:1])[O:3][H:10])([H:12])[H:13])([H:14])[H:15])[H:17],,
16,0.008395859825120979,RESP2,PW6B95/cc-pV(D+d)Z,1.0,0.15000000000000002,H,resp2,17,[H:16][C:7]1([C:6]([C:5]([C:4]([C:9]([C:8]1([H:18])[H:19])([H:20])[H:21])([H:11])[C:2](=[O:1])[O:3][H:10])([H:12])[H:13])([H:14])[H:15])[H:17],,
17,-0.0012036794763855374,RESP2,PW6B95/cc-pV(D+d)Z,1.0,0.15000000000000002,H,resp2,18,[H:16][C:7]1([C:6]([C:5]([C:4]([C:9]([C:8]1([H:18])[H:19])([H:20])[H:21])([H:11])[C:2](=[O:1])[O:3][H:10])([H:12])[H:13])([H:14])[H:15])[H:17],,
18,-0.00374837257978326,RESP2,PW6B95/cc-pV(D+d)Z,1.0,0.15000000000000002,H,resp2,19,[H:16][C:7]1([C:6]([C:5]([C:4]([C:9]([C:8]1([H:18])[H:19])([H:20])[H:21])([H:11])[C:2](=[O:1])[O:3][H:10])([H:12])[H:13])([H:14])[H:15])[H:17],,
19,0.015631789996522663,RESP2,PW6B95/cc-pV(D+d)Z,1.0,0.15000000000000002,H,resp2,20,[H:16][C:7]1([C:6]([C:5]([C:4]([C:9]([C:8]1([H:18])[H:19])([H:20])[H:21])([H:11])[C:2](=[O:1])[O:3][H:10])([H:12])[H:13])([H:14])[H:15])[H:17],,
20,0.01598077345596135,RESP2,PW6B95/cc-pV(D+d)Z,1.0,0.15000000000000002,H,resp2,21,[H:16][C:7]1([C:6]([C:5]([C:4]([C:9]([C:8]1([H:18])[H:19])([H:20])[H:21])([H:11])[C:2](=[O:1])[O:3][H:10])([H:12])[H:13])([H:14])[H:15])[H:17],,
0,-0.4919013019836756,RESP2,PW6B95/cc-pV(D+d)Z,1.0,0.2,O,resp2,1,[H:16][C:7]1([C:6]([C:5]([C:4]([C:9]([C:8]1([H:18])[H:19])([H:20])[H:21])([H:11])[C:2](=[O:1])[O:3][H:10])([H:12])[H:13])([H:14])[H:15])[H:17],,
1,0.5166668798138527,RESP2,PW6B95/cc-pV(D+d)Z,1.0,0.2,C,resp2,2,[H:16][C:7]1([C:6]([C:5]([C:4]([C:9]([C:8]1([H:18])[H:19])([H:20])[H:21])([H:11])[C:2](=[O:1])[O:3][H:10])([H:12])[H:13])([H:14])[H:15])[H:17],,
2,-0.5226860491296117,RESP2,PW6B95/cc-pV(D+d)Z,1.0,0.2,O,resp2,3,[H:16][C:7]1([C:6]([C:5]([C:4]([C:9]([C:8]1([H:18])[H:19])([H:20])[H:21])([H:11])[C:2](=[O:1])[O:3][H:10])([H:12])[H:13])([H:14])[H:15])[H:17],,
3,0.06941528931923359,RESP2,PW6B95/cc-pV(D+d)Z,1.0,0.2,C,resp2,4,[H:16][C:7]1([C:6]([C:5]([C:4]([C:9]([C:8]1([H:18])[H:19])([H:20])[H:21])([H:11])[C:2](=[O:1])[O:3][H:10])([H:12])[H:13])([H:14])[H:15])[H:17],,
4,-0.04183178082346158,RESP2,PW6B95/cc-pV(D+d)Z,1.0,0.2,C,resp2,5,[H:16][C:7]1([C:6]([C:5]([C:4]([C:9]([C:8]1([H:18])[H:19])([H:20])[H:21])([H:11])[C:2](=[O:1])[O:3][H:10])([H:12])[H:13])([H:14])[H:15])[H:17],,
5,0.0018314788090627782,RESP2,PW6B95/cc-pV(D+d)Z,1.0,0.2,C,resp2,6,[H:16][C:7]1([C:6]([C:5]([C:4]([C:9]([C:8]1([H:18])[H:19])([H:20])[H:21])([H:11])[C:2](=[O:1])[O:3][H:10])([H:12])[H:13])([H:14])[H:15])[H:17],,
6,-0.015333853759882991,RESP2,PW6B95/cc-pV(D+d)Z,1.0,0.2,C,resp2,7,[H:16][C:7]1([C:6]([C:5]([C:4]([C:9]([C:8]1([H:18])[H:19])([H:20])[H:21])([H:11])[C:2](=[O:1])[O:3][H:10])([H:12])[H:13])([H:14])[H:15])[H:17],,
7,0.02688662577143974,RESP2,PW6B95/cc-pV(D+d)Z,1.0,0.2,C,resp2,8,[H:16][C:7]1([C:6]([C:5]([C:4]([C:9]([C:8]1([H:18])[H:19])([H:20])[H:21])([H:11])[C:2](=[O:1])[O:3][H:10])([H:12])[H:13])([H:14])[H:15])[H:17],,
8,-0.04104891834881633,RESP2,PW6B95/cc-pV(D+d)Z,1.0,0.2,C,resp2,9,[H:16][C:7]1([C:6]([C:5]([C:4]([C:9]([C:8]1([H:18])[H:19])([H:20])[H:21])([H:11])[C:2](=[O:1])[O:3][H:10])([H:12])[H:13])([H:14])[H:15])[H:17],,
9,0.40304176625077726,RESP2,PW6B95/cc-pV(D+d)Z,1.0,0.2,H,resp2,10,[H:16][C:7]1([C:6]([C:5]([C:4]([C:9]([C:8]1([H:18])[H:19])([H:20])[H:21])([H:11])[C:2](=[O:1])[O:3][H:10])([H:12])[H:13])([H:14])[H:15])[H:17],,
10,0.010051673311277813,RESP2,PW6B95/cc-pV(D+d)Z,1.0,0.2,H,resp2,11,[H:16][C:7]1([C:6]([C:5]([C:4]([C:9]([C:8]1([H:18])[H:19])([H:20])[H:21])([H:11])[C:2](=[O:1])[O:3][H:10])([H:12])[H:13])([H:14])[H:15])[H:17],,
11,0.01907310450111277,RESP2,PW6B95/cc-pV(D+d)Z,1.0,0.2,H,resp2,12,[H:16][C:7]1([C:6]([C:5]([C:4]([C:9]([C:8]1([H:18])[H:19])([H:20])[H:21])([H:11])[C:2](=[O:1])[O:3][H:10])([H:12])[H:13])([H:14])[H:15])[H:17],,
12,0.013732307466063166,RESP2,PW6B95/cc-pV(D+d)Z,1.0,0.2,H,resp2,13,[H:16][C:7]1([C:6]([C:5]([C:4]([C:9]([C:8]1([H:18])[H:19])([H:20])[H:21])([H:11])[C:2](=[O:1])[O:3][H:10])([H:12])[H:13])([H:14])[H:15])[H:17],,
13,0.006766184817318552,RESP2,PW6B95/cc-pV(D+d)Z,1.0,0.2,H,resp2,14,[H:16][C:7]1([C:6]([C:5]([C:4]([C:9]([C:8]1([H:18])[H:19])([H:20])[H:21])([H:11])[C:2](=[O:1])[O:3][H:10])([H:12])[H:13])([H:14])[H:15])[H:17],,
14,0.006925754464087369,RESP2,PW6B95/cc-pV(D+d)Z,1.0,0.2,H,resp2,15,[H:16][C:7]1([C:6]([C:5]([C:4]([C:9]([C:8]1([H:18])[H:19])([H:20])[H:21])([H:11])[C:2](=[O:1])[O:3][H:10])([H:12])[H:13])([H:14])[H:15])[H:17],,
15,0.0033125497233109794,RESP2,PW6B95/cc-pV(D+d)Z,1.0,0.2,H,resp2,16,[H:16][C:7]1([C:6]([C:5]([C:4]([C:9]([C:8]1([H:18])[H:19])([H:20])[H:21])([H:11])[C:2](=[O:1])[O:3][H:10])([H:12])[H:13])([H:14])[H:15])[H:17],,
16,0.007764546189815905,RESP2,PW6B95/cc-pV(D+d)Z,1.0,0.2,H,resp2,17,[H:16][C:7]1([C:6]([C:5]([C:4]([C:9]([C:8]1([H:18])[H:19])([H:20])[H:21])([H:11])[C:2](=[O:1])[O:3][H:10])([H:12])[H:13])([H:14])[H:15])[H:17],,
17,-0.0006808302107986468,RESP2,PW6B95/cc-pV(D+d)Z,1.0,0.2,H,resp2,18,[H:16][C:7]1([C:6]([C:5]([C:4]([C:9]([C:8]1([H:18])[H:19])([H:20])[H:21])([H:11])[C:2](=[O:1])[O:3][H:10])([H:12])[H:13])([H:14])[H:15])[H:17],,
18,-0.00325016584078566,RESP2,PW6B95/cc-pV(D+d)Z,1.0,0.2,H,resp2,19,[H:16][C:7]1([C:6]([C:5]([C:4]([C:9]([C:8]1([H:18])[H:19])([H:20])[H:21])([H:11])[C:2](=[O:1])[O:3][H:10])([H:12])[H:13])([H:14])[H:15])[H:17],,
19,0.015425930099688767,RESP2,PW6B95/cc-pV(D+d)Z,1.0,0.2,H,resp2,20,[H:16][C:7]1([C:6]([C:5]([C:4]([C:9]([C:8]1([H:18])[H:19])([H:20])[H:21])([H:11])[C:2](=[O:1])[O:3][H:10])([H:12])[H:13])([H:14])[H:15])[H:17],,
20,0.015838809559991108,RESP2,PW6B95/cc-pV(D+d)Z,1.0,0.2,H,resp2,21,[H:16][C:7]1([C:6]([C:5]([C:4]([C:9]([C:8]1([H:18])[H:19])([H:20])[H:21])([H:11])[C:2](=[O:1])[O:3][H:10])([H:12])[H:13])([H:14])[H:15])[H:17],,
0,-0.49491178641998906,RESP2,PW6B95/cc-pV(D+d)Z,1.0,0.25,O,resp2,1,[H:16][C:7]1([C:6]([C:5]([C:4]([C:9]([C:8]1([H:18])[H:19])([H:20])[H:21])([H:11])[C:2](=[O:1])[O:3][H:10])([H:12])[H:13])([H:14])[H:15])[H:17],,
1,0.5181626930134414,RESP2,PW6B95/cc-pV(D+d)Z,1.0,0.25,C,resp2,2,[H:16][C:7]1([C:6]([C:5]([C:4]([C:9]([C:8]1([H:18])[H:19])([H:20])[H:21])([H:11])[C:2](=[O:1])[O:3][H:10])([H:12])[H:13])([H:14])[H:15])[H:17],,
2,-0.5237606768346783,RESP2,PW6B95/cc-pV(D+d)Z,1.0,0.25,O,resp2,3,[H:16][C:7]1([C:6]([C:5]([C:4]([C:9]([C:8]1([H:18])[H:19])([H:20])[H:21])([H:11])[C:2](=[O:1])[O:3][H:10])([H:12])[H:13])([H:14])[H:15])[H:17],,
3,0.06824868304882957,RESP2,PW6B95/cc-pV(D+d)Z,1.0,0.25,C,resp2,4,[H:16][C:7]1([C:6]([C:5]([C:4]([C:9]([C:8]1([H:18])[H:19])([H:20])[H:21])([H:11])[C:2](=[O:1])[O:3][H:10])([H:12])[H:13])([H:14])[H:15])[H:17],,
4,-0.041328492464931754,RESP2,PW6B95/cc-pV(D+d)Z,1.0,0.25,C,resp2,5,[H:16][C:7]1([C:6]([C:5]([C:4]([C:9]([C:8]1([H:18])[H:19])([H:20])[H:21])([H:11])[C:2](=[O:1])[O:3][H:10])([H:12])[H:13])([H:14])[H:15])[H:17],,
5,0.0018225529012727728,RESP2,PW6B95/cc-pV(D+d)Z,1.0,0.25,C,resp2,6,[H:16][C:7]1([C:6]([C:5]([C:4]([C:9]([C:8]1([H:18])[H:19])([H:20])[H:21])([H:11])[C:2](=[O:1])[O:3][H:10])([H:12])[H:13])([H:14])[H:15])[H:17],,
6,-0.012828546586623756,RESP2,PW6B95/cc-pV(D+d)Z,1.0,0.25,C,resp2,7,[H:16][C:7]1([C:6]([C:5]([C:4]([C:9]([C:8]1([H:18])[H:19])([H:20])[H:21])([H:11])[C:2](=[O:1])[O:3][H:10])([H:12])[H:13])([H:14])[H:15])[H:17],,
7,0.024776594937775936,RESP2,PW6B95/cc-pV(D+d)Z,1.0,0.25,C,resp2,8,[H:16][C:7]1([C:6]([C:5]([C:4]([C:9]([C:8]1([H:18])[H:19])([H:20])[H:21])([H:11])[C:2](=[O:1])[O:3][H:10])([H:12])[H:13])([H:14])[H:15])[H:17],,
8,-0.03992019958880351,RESP2,PW6B95/cc-pV(D+d)Z,1.0,0.25,C,resp2,9,[H:16][C:7]1([C:6]([C:5]([C:4]([C:9]([C:8]1([H:18])[H:19])([H:20])[H:21])([H:11])[C:2](=[O:1])[O:3][H:10])([H:12])[H:13])([H:14])[H:15])[H:17],,
9,0.40480443718664827,RESP2,PW6B95/cc-pV(D+d)Z,1.0,0.25,H,resp2,10,[H:16][C:7]1([C:6]([C:5]([C:4]([C:9]([C:8]1([H:18])[H:19])([H:20])[H:21])([H:11])[C:2](=[O:1])[O:3][H:10])([H:12])[H:13])([H:14])[H:15])[H:17],,
10,0.010949544567246453,RESP2,PW6B95/cc-pV(D+d)Z,1.0,0.25,H,resp2,11,[H:16][C:7]1([C:6]([C:5]([C:4]([C:9]([C:8]1([H:18])[H:19])([H:20])[H:21])([H:11])[C:2](=[O:1])[O:3][H:10])([H:12])[H:13])([H:14])[H:15])[H:17],,
11,0.018884047289533416,RESP2,PW6B95/cc-pV(D+d)Z,1.0,0.25,H,resp2,12,[H:16][C:7]1([C:6]([C:5]([C:4]([C:9]([C:8]1([H:18])[H:19])([H:20])[H:21])([H:11])[C:2](=[O:1])[O:3][H:10])([H:12])[H:13])([H:14])[H:15])[H:17],,
12,0.013896936709717093,RESP2,PW6B95/cc-pV(D+d)Z,1.0,0.25,H,resp2,13,[H:16][C:7]1([C:6]([C:5]([C:4]([C:9]([C:8]1([H:18])[H:19])([H:20])[H:21])([H:11])[C:2](=[O:1])[O:3][H:10])([H:12])[H:13])([H:14])[H:15])[H:17],,
13,0.006655555062239665,RESP2,PW6B95/cc-pV(D+d)Z,1.0,0.25,H,resp2,14,[H:16][C:7]1([C:6]([C:5]([C:4]([C:9]([C:8]1([H:18])[H:19])([H:20])[H:21])([H:11])[C:2](=[O:1])[O:3][H:10])([H:12])[H:13])([H:14])[H:15])[H:17],,
14,0.006685432928817847,RESP2,PW6B95/cc-pV(D+d)Z,1.0,0.25,H,resp2,15,[H:16][C:7]1([C:6]([C:5]([C:4]([C:9]([C:8]1([H:18])[H:19])([H:20])[H:21])([H:11])[C:2](=[O:1])[O:3][H:10])([H:12])[H:13])([H:14])[H:15])[H:17],,
15,0.002723015875117293,RESP2,PW6B95/cc-pV(D+d)Z,1.0,0.25,H,resp2,16,[H:16][C:7]1([C:6]([C:5]([C:4]([C:9]([C:8]1([H:18])[H:19])([H:20])[H:21])([H:11])[C:2](=[O:1])[O:3][H:10])([H:12])[H:13])([H:14])[H:15])[H:17],,
16,0.007133232554510836,RESP2,PW6B95/cc-pV(D+d)Z,1.0,0.25,H,resp2,17,[H:16][C:7]1([C:6]([C:5]([C:4]([C:9]([C:8]1([H:18])[H:19])([H:20])[H:21])([H:11])[C:2](=[O:1])[O:3][H:10])([H:12])[H:13])([H:14])[H:15])[H:17],,
17,-0.00015798094521175113,RESP2,PW6B95/cc-pV(D+d)Z,1.0,0.25,H,resp2,18,[H:16][C:7]1([C:6]([C:5]([C:4]([C:9]([C:8]1([H:18])[H:19])([H:20])[H:21])([H:11])[C:2](=[O:1])[O:3][H:10])([H:12])[H:13])([H:14])[H:15])[H:17],,
18,-0.002751959101788056,RESP2,PW6B95/cc-pV(D+d)Z,1.0,0.25,H,resp2,19,[H:16][C:7]1([C:6]([C:5]([C:4]([C:9]([C:8]1([H:18])[H:19])([H:20])[H:21])([H:11])[C:2](=[O:1])[O:3][H:10])([H:12])[H:13])([H:14])[H:15])[H:17],,
19,0.015220070202854872,RESP2,PW6B95/cc-pV(D+d)Z,1.0,0.25,H,resp2,20,[H:16][C:7]1([C:6]([C:5]([C:4]([C:9]([C:8]1([H:18])[H:19])([H:20])[H:21])([H:11])[C:2](=[O:1])[O:3][H:10])([H:12])[H:13])([H:14])[H:15])[H:17],,
20,0.01569684566402087,RESP2,PW6B95/cc-pV(D+d)Z,1.0,0.25,H,resp2,21,[H:16][C:7]1([C:6]([C:5]([C:4]([C:9]([C:8]1([H:18])[H:19])([H:20])[H:21])([H:11])[C:2](=[O:1])[O:3][H:10])([H:12])[H:13])([H:14])[H:15])[H:17],,
0,-0.4979222708563025,RESP2,PW6B95/cc-pV(D+d)Z,1.0,0.30000000000000004,O,resp2,1,[H:16][C:7]1([C:6]([C:5]([C:4]([C:9]([C:8]1([H:18])[H:19])([H:20])[H:21])([H:11])[C:2](=[O:1])[O:3][H:10])([H:12])[H:13])([H:14])[H:15])[H:17],,
1,0.5196585062130301,RESP2,PW6B95/cc-pV(D+d)Z,1.0,0.30000000000000004,C,resp2,2,[H:16][C:7]1([C:6]([C:5]([C:4]([C:9]([C:8]1([H:18])[H:19])([H:20])[H:21])([H:11])[C:2](=[O:1])[O:3][H:10])([H:12])[H:13])([H:14])[H:15])[H:17],,
2,-0.5248353045397449,RESP2,PW6B95/cc-pV(D+d)Z,1.0,0.30000000000000004,O,resp2,3,[H:16][C:7]1([C:6]([C:5]([C:4]([C:9]([C:8]1([H:18])[H:19])([H:20])[H:21])([H:11])[C:2](=[O:1])[O:3][H:10])([H:12])[H:13])([H:14])[H:15])[H:17],,
3,0.06708207677842554,RESP2,PW6B95/cc-pV(D+d)Z,1.0,0.30000000000000004,C,resp2,4,[H:16][C:7]1([C:6]([C:5]([C:4]([C:9]([C:8]1([H:18])[H:19])([H:20])[H:21])([H:11])[C:2](=[O:1])[O:3][H:10])([H:12])[H:13])([H:14])[H:15])[H:17],,
4,-0.04082520410640194,RESP2,PW6B95/cc-pV(D+d)Z,1.0,0.30000000000000004,C,resp2,5,[H:16][C:7]1([C:6]([C:5]([C:4]([C:9]([C:8]1([H:18])[H:19])([H:20])[H:21])([H:11])[C:2](=[O:1])[O:3][H:10])([H:12])[H:13])([H:14])[H:15])[H:17],,
5,0.0018136269934827499,RESP2,PW6B95/cc-pV(D+d)Z,1.0,0.30000000000000004,C,resp2,6,[H:16][C:7]1([C:6]([C:5]([C:4]([C:9]([C:8]1([H:18])[H:19])([H:20])[H:21])([H:11])[C:2](=[O:1])[O:3][H:10])([H:12])[H:13])([H:14])[H:15])[H:17],,
6,-0.01032323941336454,RESP2,PW6B95/cc-pV(D+d)Z,1.0,0.30000000000000004,C,resp2,7,[H:16][C:7]1([C:6]([C:5]([C:4]([C:9]([C:8]1([H:18])[H:19])([H:20])[H:21])([H:11])[C:2](=[O:1])[O:3][H:10])([H:12])[H:13])([H:14])[H:15])[H:17],,
7,0.022666564104112115,RESP2,PW6B95/cc-pV(D+d)Z,1.0,0.30000000000000004,C,resp2,8,[H:16][C:7]1([C:6]([C:5]([C:4]([C:9]([C:8]1([H:18])[H:19])([H:20])[H:21])([H:11])[C:2](=[O:1])[O:3][H:10])([H:12])[H:13])([H:14])[H:15])[H:17],,
8,-0.038791480828790706,RESP2,PW6B95/cc-pV(D+d)Z,1.0,0.30000000000000004,C,resp2,9,[H:16][C:7]1([C:6]([C:5]([C:4]([C:9]([C:8]1([H:18])[H:19])([H:20])[H:21])([H:11])[C:2](=[O:1])[O:3][H:10])([H:12])[H:13])([H:14])[H:15])[H:17],,
9,0.4065671081225193,RESP2,PW6B95/cc-pV(D+d)Z,1.0,0.30000000000000004,H,resp2,10,[H:16][C:7]1([C:6]([C:5]([C:4]([C:9]([C:8]1([H:18])[H:19])([H:20])[H:21])([H:11])[C:2](=[O:1])[O:3][H:10])([H:12])[H:13])([H:14])[H:15])[H:17],,
10,0.011847415823215078,RESP2,PW6B95/cc-pV(D+d)Z,1.0,0.30000000000000004,H,resp2,11,[H:16][C:7]1([C:6]([C:5]([C:4]([C:9]([C:8]1([H:18])[H:19])([H:20])[H:21])([H:11])[C:2](=[O:1])[O:3][H:10])([H:12])[H:13])([H:14])[H:15])[H:17],,
11,0.018694990077954044,RESP2,PW6B95/cc-pV(D+d)Z,1.0,0.30000000000000004,H,resp2,12,[H:16][C:7]1([C:6]([C:5]([C:4]([C:9]([C:8]1([H:18])[H:19])([H:20])[H:21])([H:11])[C:2](=[O:1])[O:3][H:10])([H:12])[H:13])([H:14])[H:15])[H:17],,
12,0.014061565953371003,RESP2,PW6B95/cc-pV(D+d)Z,1.0,0.30000000000000004,H,resp2,13,[H:16][C:7]1([C:6]([C:5]([C:4]([C:9]([C:8]1([H:18])[H:19])([H:20])[H:21])([H:11])[C:2](=[O:1])[O:3][H:10])([H:12])[H:13])([H:14])[H:15])[H:17],,
13,0.00654492530716076,RESP2,PW6B95/cc-pV(D+d)Z,1.0,0.30000000000000004,H,resp2,14,[H:16][C:7]1([C:6]([C:5]([C:4]([C:9]([C:8]1([H:18])[H:19])([H:20])[H:21])([H:11])[C:2](=[O:1])[O:3][H:10])([H:12])[H:13])([H:14])[H:15])[H:17],,
14,0.006445111393548307,RESP2,PW6B95/cc-pV(D+d)Z,1.0,0.30000000000000004,H,resp2,15,[H:16][C:7]1([C:6]([C:5]([C:4]([C:9]([C:8]1([H:18])[H:19])([H:20])[H:21])([H:11])[C:2](=[O:1])[O:3][H:10])([H:12])[H:13])([H:14])[H:15])[H:17],,
15,0.0021334820269235883,RESP2,PW6B95/cc-pV(D+d)Z,1.0,0.30000000000000004,H,resp2,16,[H:16][C:7]1([C:6]([C:5]([C:4]([C:9]([C:8]1([H:18])[H:19])([H:20])[H:21])([H:11])[C:2](=[O:1])[O:3][H:10])([H:12])[H:13])([H:14])[H:15])[H:17],,
16,0.0065019189192057495,RESP2,PW6B95/cc-pV(D+d)Z,1.0,0.30000000000000004,H,resp2,17,[H:16][C:7]1([C:6]([C:5]([C:4]([C:9]([C:8]1([H:18])[H:19])([H:20])[H:21])([H:11])[C:2](=[O:1])[O:3][H:10])([H:12])[H:13])([H:14])[H:15])[H:17],,
17,0.0003648683203751268,RESP2,PW6B95/cc-pV(D+d)Z,1.0,0.30000000000000004,H,resp2,18,[H:16][C:7]1([C:6]([C:5]([C:4]([C:9]([C:8]1([H:18])[H:19])([H:20])[H:21])([H:11])[C:2](=[O:1])[O:3][H:10])([H:12])[H:13])([H:14])[H:15])[H:17],,
18,-0.0022537523627904686,RESP2,PW6B95/cc-pV(D+d)Z,1.0,0.30000000000000004,H,resp2,19,[H:16][C:7]1([C:6]([C:5]([C:4]([C:9]([C:8]1([H:18])[H:19])([H:20])[H:21])([H:11])[C:2](=[O:1])[O:3][H:10])([H:12])[H:13])([H:14])[H:15])[H:17],,
19,0.015014210306020959,RESP2,PW6B95/cc-pV(D+d)Z,1.0,0.30000000000000004,H,resp2,20,[H:16][C:7]1([C:6]([C:5]([C:4]([C:9]([C:8]1([H:18])[H:19])([H:20])[H:21])([H:11])[C:2](=[O:1])[O:3][H:10])([H:12])[H:13])([H:14])[H:15])[H:17],,
20,0.01555488176805061,RESP2,PW6B95/cc-pV(D+d)Z,1.0,0.30000000000000004,H,resp2,21,[H:16][C:7]1([C:6]([C:5]([C:4]([C:9]([C:8]1([H:18])[H:19])([H:20])[H:21])([H:11])[C:2](=[O:1])[O:3][H:10])([H:12])[H:13])([H:14])[H:15])[H:17],,
0,-0.5009327552926159,RESP2,PW6B95/cc-pV(D+d)Z,1.0,0.35000000000000003,O,resp2,1,[H:16][C:7]1([C:6]([C:5]([C:4]([C:9]([C:8]1([H:18])[H:19])([H:20])[H:21])([H:11])[C:2](=[O:1])[O:3][H:10])([H:12])[H:13])([H:14])[H:15])[H:17],,
1,0.5211543194126188,RESP2,PW6B95/cc-pV(D+d)Z,1.0,0.35000000000000003,C,resp2,2,[H:16][C:7]1([C:6]([C:5]([C:4]([C:9]([C:8]1([H:18])[H:19])([H:20])[H:21])([H:11])[C:2](=[O:1])[O:3][H:10])([H:12])[H:13])([H:14])[H:15])[H:17],,
2,-0.5259099322448115,RESP2,PW6B95/cc-pV(D+d)Z,1.0,0.35000000000000003,O,resp2,3,[H:16][C:7]1([C:6]([C:5]([C:4]([C:9]([C:8]1([H:18])[H:19])([H:20])[H:21])([H:11])[C:2](=[O:1])[O:3][H:10])([H:12])[H:13])([H:14])[H:15])[H:17],,
3,0.06591547050802152,RESP2,PW6B95/cc-pV(D+d)Z,1.0,0.35000000000000003,C,resp2,4,[H:16][C:7]1([C:6]([C:5]([C:4]([C:9]([C:8]1([H:18])[H:19])([H:20])[H:21])([H:11])[C:2](=[O:1])[O:3][H:10])([H:12])[H:13])([H:14])[H:15])[H:17],,
4,-0.040321915747872104,RESP2,PW6B95/cc-pV(D+d)Z,1.0,0.35000000000000003,C,resp2,5,[H:16][C:7]1([C:6]([C:5]([C:4]([C:9]([C:8]1([H:18])[H:19])([H:20])[H:21])([H:11])[C:2](=[O:1])[O:3][H:10])([H:12])[H:13])([H:14])[H:15])[H:17],,
5,0.0018047010856927484,RESP2,PW6B95/cc-pV(D+d)Z,1.0,0.35000000000000003,C,resp2,6,[H:16][C:7]1([C:6]([C:5]([C:4]([C:9]([C:8]1([H:18])[H:19])([H:20])[H:21])([H:11])[C:2](=[O:1])[O:3][H:10])([H:12])[H:13])([H:14])[H:15])[H:17],,
6,-0.007817932240105302,RESP2,PW6B95/cc-pV(D+d)Z,1.0,0.35000000000000003,C,resp2,7,[H:16][C:7]1([C:6]([C:5]([C:4]([C:9]([C:8]1([H:18])[H:19])([H:20])[H:21])([H:11])[C:2](=[O:1])[O:3][H:10])([H:12])[H:13])([H:14])[H:15])[H:17],,
7,0.020556533270448308,RESP2,PW6B95/cc-pV(D+d)Z,1.0,0.35000000000000003,C,resp2,8,[H:16][C:7]1([C:6]([C:5]([C:4]([C:9]([C:8]1([H:18])[H:19])([H:20])[H:21])([H:11])[C:2](=[O:1])[O:3][H:10])([H:12])[H:13])([H:14])[H:15])[H:17],,
8,-0.03766276206877788,RESP2,PW6B95/cc-pV(D+d)Z,1.0,0.35000000000000003,C,resp2,9,[H:16][C:7]1([C:6]([C:5]([C:4]([C:9]([C:8]1([H:18])[H:19])([H:20])[H:21])([H:11])[C:2](=[O:1])[O:3][H:10])([H:12])[H:13])([H:14])[H:15])[H:17],,
9,0.4083297790583903,RESP2,PW6B95/cc-pV(D+d)Z,1.0,0.35000000000000003,H,resp2,10,[H:16][C:7]1([C:6]([C:5]([C:4]([C:9]([C:8]1([H:18])[H:19])([H:20])[H:21])([H:11])[C:2](=[O:1])[O:3][H:10])([H:12])[H:13])([H:14])[H:15])[H:17],,
10,0.012745287079183721,RESP2,PW6B95/cc-pV(D+d)Z,1.0,0.35000000000000003,H,resp2,11,[H:16][C:7]1([C:6]([C:5]([C:4]([C:9]([C:8]1([H:18])[H:19])([H:20])[H:21])([H:11])[C:2](=[O:1])[O:3][H:10])([H:12])[H:13])([H:14])[H:15])[H:17],,
11,0.01850593286637469,RESP2,PW6B95/cc-pV(D+d)Z,1.0,0.35000000000000003,H,resp2,12,[H:16][C:7]1([C:6]([C:5]([C:4]([C:9]([C:8]1([H:18])[H:19])([H:20])[H:21])([H:11])[C:2](=[O:1])[O:3][H:10])([H:12])[H:13])([H:14])[H:15])[H:17],,
12,0.014226195197024933,RESP2,PW6B95/cc-pV(D+d)Z,1.0,0.35000000000000003,H,resp2,13,[H:16][C:7]1([C:6]([C:5]([C:4]([C:9]([C:8]1([H:18])[H:19])([H:20])[H:21])([H:11])[C:2](=[O:1])[O:3][H:10])([H:12])[H:13])([H:14])[H:15])[H:17],,
13,0.006434295552081877,RESP2,PW6B95/cc-pV(D+d)Z,1.0,0.35000000000000003,H,resp2,14,[H:16][C:7]1([C:6]([C:5]([C:4]([C:9]([C:8]1([H:18])[H:19])([H:20])[H:21])([H:11])[C:2](=[O:1])[O:3][H:10])([H:12])[H:13])([H:14])[H:15])[H:17],,
14,0.006204789858278788,RESP2,PW6B95/cc-pV(D+d)Z,1.0,0.35000000000000003,H,resp2,15,[H:16][C:7]1([C:6]([C:5]([C:4]([C:9]([C:8]1([H:18])[H:19])([H:20])[H:21])([H:11])[C:2](=[O:1])[O:3][H:10])([H:12])[H:13])([H:14])[H:15])[H:17],,
15,0.0015439481787299046,RESP2,PW6B95/cc-pV(D+d)Z,1.0,0.35000000000000003,H,resp2,16,[H:16][C:7]1([C:6]([C:5]([C:4]([C:9]([C:8]1([H:18])[H:19])([H:20])[H:21])([H:11])[C:2](=[O:1])[O:3][H:10])([H:12])[H:13])([H:14])[H:15])[H:17],,
16,0.005870605283900684,RESP2,PW6B95/cc-pV(D+d)Z,1.0,0.35000000000000003,H,resp2,17,[H:16][C:7]1([C:6]([C:5]([C:4]([C:9]([C:8]1([H:18])[H:19])([H:20])[H:21])([H:11])[C:2](=[O:1])[O:3][H:10])([H:12])[H:13])([H:14])[H:15])[H:17],,
17,0.0008877175859620259,RESP2,PW6B95/cc-pV(D+d)Z,1.0,0.35000000000000003,H,resp2,18,[H:16][C:7]1([C:6]([C:5]([C:4]([C:9]([C:8]1([H:18])[H:19])([H:20])[H:21])([H:11])[C:2](=[O:1])[O:3][H:10])([H:12])[H:13])([H:14])[H:15])[H:17],,
18,-0.001755545623792861,RESP2,PW6B95/cc-pV(D+d)Z,1.0,0.35000000000000003,H,resp2,19,[H:16][C:7]1([C:6]([C:5]([C:4]([C:9]([C:8]1([H:18])[H:19])([H:20])[H:21])([H:11])[C:2](=[O:1])[O:3][H:10])([H:12])[H:13])([H:14])[H:15])[H:17],,
19,0.01480835040918707,RESP2,PW6B95/cc-pV(D+d)Z,1.0,0.35000000000000003,H,resp2,20,[H:16][C:7]1([C:6]([C:5]([C:4]([C:9]([C:8]1([H:18])[H:19])([H:20])[H:21])([H:11])[C:2](=[O:1])[O:3][H:10])([H:12])[H:13])([H:14])[H:15])[H:17],,
20,0.015412917872080377,RESP2,PW6B95/cc-pV(D+d)Z,1.0,0.35000000000000003,H,resp2,21,[H:16][C:7]1([C:6]([C:5]([C:4]([C:9]([C:8]1([H:18])[H:19])([H:20])[H:21])([H:11])[C:2](=[O:1])[O:3][H:10])([H:12])[H:13])([H:14])[H:15])[H:17],,
0,-0.5039432397289294,RESP2,PW6B95/cc-pV(D+d)Z,1.0,0.4,O,resp2,1,[H:16][C:7]1([C:6]([C:5]([C:4]([C:9]([C:8]1([H:18])[H:19])([H:20])[H:21])([H:11])[C:2](=[O:1])[O:3][H:10])([H:12])[H:13])([H:14])[H:15])[H:17],,
1,0.5226501326122075,RESP2,PW6B95/cc-pV(D+d)Z,1.0,0.4,C,resp2,2,[H:16][C:7]1([C:6]([C:5]([C:4]([C:9]([C:8]1([H:18])[H:19])([H:20])[H:21])([H:11])[C:2](=[O:1])[O:3][H:10])([H:12])[H:13])([H:14])[H:15])[H:17],,
2,-0.5269845599498783,RESP2,PW6B95/cc-pV(D+d)Z,1.0,0.4,O,resp2,3,[H:16][C:7]1([C:6]([C:5]([C:4]([C:9]([C:8]1([H:18])[H:19])([H:20])[H:21])([H:11])[C:2](=[O:1])[O:3][H:10])([H:12])[H:13])([H:14])[H:15])[H:17],,
3,0.06474886423761751,RESP2,PW6B95/cc-pV(D+d)Z,1.0,0.4,C,resp2,4,[H:16][C:7]1([C:6]([C:5]([C:4]([C:9]([C:8]1([H:18])[H:19])([H:20])[H:21])([H:11])[C:2](=[O:1])[O:3][H:10])([H:12])[H:13])([H:14])[H:15])[H:17],,
4,-0.039818627389342276,RESP2,PW6B95/cc-pV(D+d)Z,1.0,0.4,C,resp2,5,[H:16][C:7]1([C:6]([C:5]([C:4]([C:9]([C:8]1([H:18])[H:19])([H:20])[H:21])([H:11])[C:2](=[O:1])[O:3][H:10])([H:12])[H:13])([H:14])[H:15])[H:17],,
5,0.0017957751779027406,RESP2,PW6B95/cc-pV(D+d)Z,1.0,0.4,C,resp2,6,[H:16][C:7]1([C:6]([C:5]([C:4]([C:9]([C:8]1([H:18])[H:19])([H:20])[H:21])([H:11])[C:2](=[O:1])[O:3][H:10])([H:12])[H:13])([H:14])[H:15])[H:17],,
6,-0.005312625066846073,RESP2,PW6B95/cc-pV(D+d)Z,1.0,0.4,C,resp2,7,[H:16][C:7]1([C:6]([C:5]([C:4]([C:9]([C:8]1([H:18])[H:19])([H:20])[H:21])([H:11])[C:2](=[O:1])[O:3][H:10])([H:12])[H:13])([H:14])[H:15])[H:17],,
7,0.018446502436784504,RESP2,PW6B95/cc-pV(D+d)Z,1.0,0.4,C,resp2,8,[H:16][C:7]1([C:6]([C:5]([C:4]([C:9]([C:8]1([H:18])[H:19])([H:20])[H:21])([H:11])[C:2](=[O:1])[O:3][H:10])([H:12])[H:13])([H:14])[H:15])[H:17],,
8,-0.03653404330876507,RESP2,PW6B95/cc-pV(D+d)Z,1.0,0.4,C,resp2,9,[H:16][C:7]1([C:6]([C:5]([C:4]([C:9]([C:8]1([H:18])[H:19])([H:20])[H:21])([H:11])[C:2](=[O:1])[O:3][H:10])([H:12])[H:13])([H:14])[H:15])[H:17],,
9,0.4100924499942613,RESP2,PW6B95/cc-pV(D+d)Z,1.0,0.4,H,resp2,10,[H:16][C:7]1([C:6]([C:5]([C:4]([C:9]([C:8]1([H:18])[H:19])([H:20])[H:21])([H:11])[C:2](=[O:1])[O:3][H:10])([H:12])[H:13])([H:14])[H:15])[H:17],,
10,0.01364315833515236,RESP2,PW6B95/cc-pV(D+d)Z,1.0,0.4,H,resp2,11,[H:16][C:7]1([C:6]([C:5]([C:4]([C:9]([C:8]1([H:18])[H:19])([H:20])[H:21])([H:11])[C:2](=[O:1])[O:3][H:10])([H:12])[H:13])([H:14])[H:15])[H:17],,
11,0.018316875654795336,RESP2,PW6B95/cc-pV(D+d)Z,1.0,0.4,H,resp2,12,[H:16][C:7]1([C:6]([C:5]([C:4]([C:9]([C:8]1([H:18])[H:19])([H:20])[H:21])([H:11])[C:2](=[O:1])[O:3][H:10])([H:12])[H:13])([H:14])[H:15])[H:17],,
12,0.014390824440678861,RESP2,PW6B95/cc-pV(D+d)Z,1.0,0.4,H,resp2,13,[H:16][C:7]1([C:6]([C:5]([C:4]([C:9]([C:8]1([H:18])[H:19])([H:20])[H:21])([H:11])[C:2](=[O:1])[O:3][H:10])([H:12])[H:13])([H:14])[H:15])[H:17],,
13,0.006323665797002988,RESP2,PW6B95/cc-pV(D+d)Z,1.0,0.4,H,resp2,14,[H:16][C:7]1([C:6]([C:5]([C:4]([C:9]([C:8]1([H:18])[H:19])([H:20])[H:21])([H:11])[C:2](=[O:1])[O:3][H:10])([H:12])[H:13])([H:14])[H:15])[H:17],,
14,0.005964468323009263,RESP2,PW6B95/cc-pV(D+d)Z,1.0,0.4,H,resp2,15,[H:16][C:7]1([C:6]([C:5]([C:4]([C:9]([C:8]1([H:18])[H:19])([H:20])[H:21])([H:11])[C:2](=[O:1])[O:3][H:10])([H:12])[H:13])([H:14])[H:15])[H:17],,
15,0.0009544143305362156,RESP2,PW6B95/cc-pV(D+d)Z,1.0,0.4,H,resp2,16,[H:16][C:7]1([C:6]([C:5]([C:4]([C:9]([C:8]1([H:18])[H:19])([H:20])[H:21])([H:11])[C:2](=[O:1])[O:3][H:10])([H:12])[H:13])([H:14])[H:15])[H:17],,
16,0.005239291648595614,RESP2,PW6B95/cc-pV(D+d)Z,1.0,0.4,H,resp2,17,[H:16][C:7]1([C:6]([C:5]([C:4]([C:9]([C:8]1([H:18])[H:19])([H:20])[H:21])([H:11])[C:2](=[O:1])[O:3][H:10])([H:12])[H:13])([H:14])[H:15])[H:17],,
17,0.0014105668515489189,RESP2,PW6B95/cc-pV(D+d)Z,1.0,0.4,H,resp2,18,[H:16][C:7]1([C:6]([C:5]([C:4]([C:9]([C:8]1([H:18])[H:19])([H:20])[H:21])([H:11])[C:2](=[O:1])[O:3][H:10])([H:12])[H:13])([H:14])[H:15])[H:17],,
18,-0.00125733888479526,RESP2,PW6B95/cc-pV(D+d)Z,1.0,0.4,H,resp2,19,[H:16][C:7]1([C:6]([C:5]([C:4]([C:9]([C:8]1([H:18])[H:19])([H:20])[H:21])([H:11])[C:2](=[O:1])[O:3][H:10])([H:12])[H:13])([H:14])[H:15])[H:17],,
19,0.014602490512353173,RESP2,PW6B95/cc-pV(D+d)Z,1.0,0.4,H,resp2,20,[H:16][C:7]1([C:6]([C:5]([C:4]([C:9]([C:8]1([H:18])[H:19])([H:20])[H:21])([H:11])[C:2](=[O:1])[O:3][H:10])([H:12])[H:13])([H:14])[H:15])[H:17],,
20,0.015270953976110137,RESP2,PW6B95/cc-pV(D+d)Z,1.0,0.4,H,resp2,21,[H:16][C:7]1([C:6]([C:5]([C:4]([C:9]([C:8]1([H:18])[H:19])([H:20])[H:21])([H:11])[C:2](=[O:1])[O:3][H:10])([H:12])[H:13])([H:14])[H:15])[H:17],,
0,-0.5069537241652429,RESP2,PW6B95/cc-pV(D+d)Z,1.0,0.45,O,resp2,1,[H:16][C:7]1([C:6]([C:5]([C:4]([C:9]([C:8]1([H:18])[H:19])([H:20])[H:21])([H:11])[C:2](=[O:1])[O:3][H:10])([H:12])[H:13])([H:14])[H:15])[H:17],,
1,0.5241459458117963,RESP2,PW6B95/cc-pV(D+d)Z,1.0,0.45,C,resp2,2,[H:16][C:7]1([C:6]([C:5]([C:4]([C:9]([C:8]1([H:18])[H:19])([H:20])[H:21])([H:11])[C:2](=[O:1])[O:3][H:10])([H:12])[H:13])([H:14])[H:15])[H:17],,
2,-0.528059187654945,RESP2,PW6B95/cc-pV(D+d)Z,1.0,0.45,O,resp2,3,[H:16][C:7]1([C:6]([C:5]([C:4]([C:9]([C:8]1([H:18])[H:19])([H:20])[H:21])([H:11])[C:2](=[O:1])[O:3][H:10])([H:12])[H:13])([H:14])[H:15])[H:17],,
3,0.06358225796721348,RESP2,PW6B95/cc-pV(D+d)Z,1.0,0.45,C,resp2,4,[H:16][C:7]1([C:6]([C:5]([C:4]([C:9]([C:8]1([H:18])[H:19])([H:20])[H:21])([H:11])[C:2](=[O:1])[O:3][H:10])([H:12])[H:13])([H:14])[H:15])[H:17],,
4,-0.03931533903081245,RESP2,PW6B95/cc-pV(D+d)Z,1.0,0.45,C,resp2,5,[H:16][C:7]1([C:6]([C:5]([C:4]([C:9]([C:8]1([H:18])[H:19])([H:20])[H:21])([H:11])[C:2](=[O:1])[O:3][H:10])([H:12])[H:13])([H:14])[H:15])[H:17],,
5,0.001786849270112727,RESP2,PW6B95/cc-pV(D+d)Z,1.0,0.45,C,resp2,6,[H:16][C:7]1([C:6]([C:5]([C:4]([C:9]([C:8]1([H:18])[H:19])([H:20])[H:21])([H:11])[C:2](=[O:1])[O:3][H:10])([H:12])[H:13])([H:14])[H:15])[H:17],,
6,-0.0028073178935868496,RESP2,PW6B95/cc-pV(D+d)Z,1.0,0.45,C,resp2,7,[H:16][C:7]1([C:6]([C:5]([C:4]([C:9]([C:8]1([H:18])[H:19])([H:20])[H:21])([H:11])[C:2](=[O:1])[O:3][H:10])([H:12])[H:13])([H:14])[H:15])[H:17],,
7,0.01633647160312069,RESP2,PW6B95/cc-pV(D+d)Z,1.0,0.45,C,resp2,8,[H:16][C:7]1([C:6]([C:5]([C:4]([C:9]([C:8]1([H:18])[H:19])([H:20])[H:21])([H:11])[C:2](=[O:1])[O:3][H:10])([H:12])[H:13])([H:14])[H:15])[H:17],,
8,-0.03540532454875226,RESP2,PW6B95/cc-pV(D+d)Z,1.0,0.45,C,resp2,9,[H:16][C:7]1([C:6]([C:5]([C:4]([C:9]([C:8]1([H:18])[H:19])([H:20])[H:21])([H:11])[C:2](=[O:1])[O:3][H:10])([H:12])[H:13])([H:14])[H:15])[H:17],,
9,0.4118551209301323,RESP2,PW6B95/cc-pV(D+d)Z,1.0,0.45,H,resp2,10,[H:16][C:7]1([C:6]([C:5]([C:4]([C:9]([C:8]1([H:18])[H:19])([H:20])[H:21])([H:11])[C:2](=[O:1])[O:3][H:10])([H:12])[H:13])([H:14])[H:15])[H:17],,
10,0.014541029591120995,RESP2,PW6B95/cc-pV(D+d)Z,1.0,0.45,H,resp2,11,[H:16][C:7]1([C:6]([C:5]([C:4]([C:9]([C:8]1([H:18])[H:19])([H:20])[H:21])([H:11])[C:2](=[O:1])[O:3][H:10])([H:12])[H:13])([H:14])[H:15])[H:17],,
11,0.01812781844321597,RESP2,PW6B95/cc-pV(D+d)Z,1.0,0.45,H,resp2,12,[H:16][C:7]1([C:6]([C:5]([C:4]([C:9]([C:8]1([H:18])[H:19])([H:20])[H:21])([H:11])[C:2](=[O:1])[O:3][H:10])([H:12])[H:13])([H:14])[H:15])[H:17],,
12,0.014555453684332783,RESP2,PW6B95/cc-pV(D+d)Z,1.0,0.45,H,resp2,13,[H:16][C:7]1([C:6]([C:5]([C:4]([C:9]([C:8]1([H:18])[H:19])([H:20])[H:21])([H:11])[C:2](=[O:1])[O:3][H:10])([H:12])[H:13])([H:14])[H:15])[H:17],,
13,0.0062130360419240934,RESP2,PW6B95/cc-pV(D+d)Z,1.0,0.45,H,resp2,14,[H:16][C:7]1([C:6]([C:5]([C:4]([C:9]([C:8]1([H:18])[H:19])([H:20])[H:21])([H:11])[C:2](=[O:1])[O:3][H:10])([H:12])[H:13])([H:14])[H:15])[H:17],,
14,0.005724146787739732,RESP2,PW6B95/cc-pV(D+d)Z,1.0,0.45,H,resp2,15,[H:16][C:7]1([C:6]([C:5]([C:4]([C:9]([C:8]1([H:18])[H:19])([H:20])[H:21])([H:11])[C:2](=[O:1])[O:3][H:10])([H:12])[H:13])([H:14])[H:15])[H:17],,
15,0.00036488048234252073,RESP2,PW6B95/cc-pV(D+d)Z,1.0,0.45,H,resp2,16,[H:16][C:7]1([C:6]([C:5]([C:4]([C:9]([C:8]1([H:18])[H:19])([H:20])[H:21])([H:11])[C:2](=[O:1])[O:3][H:10])([H:12])[H:13])([H:14])[H:15])[H:17],,
16,0.0046079780132905375,RESP2,PW6B95/cc-pV(D+d)Z,1.0,0.45,H,resp2,17,[H:16][C:7]1([C:6]([C:5]([C:4]([C:9]([C:8]1([H:18])[H:19])([H:20])[H:21])([H:11])[C:2](=[O:1])[O:3][H:10])([H:12])[H:13])([H:14])[H:15])[H:17],,
17,0.0019334161171358053,RESP2,PW6B95/cc-pV(D+d)Z,1.0,0.45,H,resp2,18,[H:16][C:7]1([C:6]([C:5]([C:4]([C:9]([C:8]1([H:18])[H:19])([H:20])[H:21])([H:11])[C:2](=[O:1])[O:3][H:10])([H:12])[H:13])([H:14])[H:15])[H:17],,
18,-0.0007591321457976648,RESP2,PW6B95/cc-pV(D+d)Z,1.0,0.45,H,resp2,19,[H:16][C:7]1([C:6]([C:5]([C:4]([C:9]([C:8]1([H:18])[H:19])([H:20])[H:21])([H:11])[C:2](=[O:1])[O:3][H:10])([H:12])[H:13])([H:14])[H:15])[H:17],,
19,0.014396630615519273,RESP2,PW6B95/cc-pV(D+d)Z,1.0,0.45,H,resp2,20,[H:16][C:7]1([C:6]([C:5]([C:4]([C:9]([C:8]1([H:18])[H:19])([H:20])[H:21])([H:11])[C:2](=[O:1])[O:3][H:10])([H:12])[H:13])([H:14])[H:15])[H:17],,
20,0.015128990080139893,RESP2,PW6B95/cc-pV(D+d)Z,1.0,0.45,H,resp2,21,[H:16][C:7]1([C:6]([C:5]([C:4]([C:9]([C:8]1([H:18])[H:19])([H:20])[H:21])([H:11])[C:2](=[O:1])[O:3][H:10])([H:12])[H:13])([H:14])[H:15])[H:17],,
0,-0.5099642086015563,RESP2,PW6B95/cc-pV(D+d)Z,1.0,0.5,O,resp2,1,[H:16][C:7]1([C:6]([C:5]([C:4]([C:9]([C:8]1([H:18])[H:19])([H:20])[H:21])([H:11])[C:2](=[O:1])[O:3][H:10])([H:12])[H:13])([H:14])[H:15])[H:17],,
1,0.5256417590113849,RESP2,PW6B95/cc-pV(D+d)Z,1.0,0.5,C,resp2,2,[H:16][C:7]1([C:6]([C:5]([C:4]([C:9]([C:8]1([H:18])[H:19])([H:20])[H:21])([H:11])[C:2](=[O:1])[O:3][H:10])([H:12])[H:13])([H:14])[H:15])[H:17],,
2,-0.5291338153600116,RESP2,PW6B95/cc-pV(D+d)Z,1.0,0.5,O,resp2,3,[H:16][C:7]1([C:6]([C:5]([C:4]([C:9]([C:8]1([H:18])[H:19])([H:20])[H:21])([H:11])[C:2](=[O:1])[O:3][H:10])([H:12])[H:13])([H:14])[H:15])[H:17],,
3,0.06241565169680946,RESP2,PW6B95/cc-pV(D+d)Z,1.0,0.5,C,resp2,4,[H:16][C:7]1([C:6]([C:5]([C:4]([C:9]([C:8]1([H:18])[H:19])([H:20])[H:21])([H:11])[C:2](=[O:1])[O:3][H:10])([H:12])[H:13])([H:14])[H:15])[H:17],,
4,-0.03881205067228262,RESP2,PW6B95/cc-pV(D+d)Z,1.0,0.5,C,resp2,5,[H:16][C:7]1([C:6]([C:5]([C:4]([C:9]([C:8]1([H:18])[H:19])([H:20])[H:21])([H:11])[C:2](=[O:1])[O:3][H:10])([H:12])[H:13])([H:14])[H:15])[H:17],,
5,0.001777923362322726,RESP2,PW6B95/cc-pV(D+d)Z,1.0,0.5,C,resp2,6,[H:16][C:7]1([C:6]([C:5]([C:4]([C:9]([C:8]1([H:18])[H:19])([H:20])[H:21])([H:11])[C:2](=[O:1])[O:3][H:10])([H:12])[H:13])([H:14])[H:15])[H:17],,
6,-0.0003020107203276106,RESP2,PW6B95/cc-pV(D+d)Z,1.0,0.5,C,resp2,7,[H:16][C:7]1([C:6]([C:5]([C:4]([C:9]([C:8]1([H:18])[H:19])([H:20])[H:21])([H:11])[C:2](=[O:1])[O:3][H:10])([H:12])[H:13])([H:14])[H:15])[H:17],,
7,0.014226440769456892,RESP2,PW6B95/cc-pV(D+d)Z,1.0,0.5,C,resp2,8,[H:16][C:7]1([C:6]([C:5]([C:4]([C:9]([C:8]1([H:18])[H:19])([H:20])[H:21])([H:11])[C:2](=[O:1])[O:3][H:10])([H:12])[H:13])([H:14])[H:15])[H:17],,
8,-0.03427660578873944,RESP2,PW6B95/cc-pV(D+d)Z,1.0,0.5,C,resp2,9,[H:16][C:7]1([C:6]([C:5]([C:4]([C:9]([C:8]1([H:18])[H:19])([H:20])[H:21])([H:11])[C:2](=[O:1])[O:3][H:10])([H:12])[H:13])([H:14])[H:15])[H:17],,
9,0.41361779186600334,RESP2,PW6B95/cc-pV(D+d)Z,1.0,0.5,H,resp2,10,[H:16][C:7]1([C:6]([C:5]([C:4]([C:9]([C:8]1([H:18])[H:19])([H:20])[H:21])([H:11])[C:2](=[O:1])[O:3][H:10])([H:12])[H:13])([H:14])[H:15])[H:17],,
10,0.015438900847089638,RESP2,PW6B95/cc-pV(D+d)Z,1.0,0.5,H,resp2,11,[H:16][C:7]1([C:6]([C:5]([C:4]([C:9]([C:8]1([H:18])[H:19])([H:20])[H:21])([H:11])[C:2](=[O:1])[O:3][H:10])([H:12])[H:13])([H:14])[H:15])[H:17],,
11,0.01793876123163662,RESP2,PW6B95/cc-pV(D+d)Z,1.0,0.5,H,resp2,12,[H:16][C:7]1([C:6]([C:5]([C:4]([C:9]([C:8]1([H:18])[H:19])([H:20])[H:21])([H:11])[C:2](=[O:1])[O:3][H:10])([H:12])[H:13])([H:14])[H:15])[H:17],,
12,0.014720082927986712,RESP2,PW6B95/cc-pV(D+d)Z,1.0,0.5,H,resp2,13,[H:16][C:7]1([C:6]([C:5]([C:4]([C:9]([C:8]1([H:18])[H:19])([H:20])[H:21])([H:11])[C:2](=[O:1])[O:3][H:10])([H:12])[H:13])([H:14])[H:15])[H:17],,
13,0.00610240628684521,RESP2,PW6B95/cc-pV(D+d)Z,1.0,0.5,H,resp2,14,[H:16][C:7]1([C:6]([C:5]([C:4]([C:9]([C:8]1([H:18])[H:19])([H:20])[H:21])([H:11])[C:2](=[O:1])[O:3][H:10])([H:12])[H:13])([H:14])[H:15])[H:17],,
14,0.005483825252470214,RESP2,PW6B95/cc-pV(D+d)Z,1.0,0.5,H,resp2,15,[H:16][C:7]1([C:6]([C:5]([C:4]([C:9]([C:8]1([H:18])[H:19])([H:20])[H:21])([H:11])[C:2](=[O:1])[O:3][H:10])([H:12])[H:13])([H:14])[H:15])[H:17],,
15,-0.00022465336585116228,RESP2,PW6B95/cc-pV(D+d)Z,1.0,0.5,H,resp2,16,[H:16][C:7]1([C:6]([C:5]([C:4]([C:9]([C:8]1([H:18])[H:19])([H:20])[H:21])([H:11])[C:2](=[O:1])[O:3][H:10])([H:12])[H:13])([H:14])[H:15])[H:17],,
16,0.003976664377985472,RESP2,PW6B95/cc-pV(D+d)Z,1.0,0.5,H,resp2,17,[H:16][C:7]1([C:6]([C:5]([C:4]([C:9]([C:8]1([H:18])[H:19])([H:20])[H:21])([H:11])[C:2](=[O:1])[O:3][H:10])([H:12])[H:13])([H:14])[H:15])[H:17],,
17,0.0024562653827227047,RESP2,PW6B95/cc-pV(D+d)Z,1.0,0.5,H,resp2,18,[H:16][C:7]1([C:6]([C:5]([C:4]([C:9]([C:8]1([H:18])[H:19])([H:20])[H:21])([H:11])[C:2](=[O:1])[O:3][H:10])([H:12])[H:13])([H:14])[H:15])[H:17],,
18,-0.0002609254068000563,RESP2,PW6B95/cc-pV(D+d)Z,1.0,0.5,H,resp2,19,[H:16][C:7]1([C:6]([C:5]([C:4]([C:9]([C:8]1([H:18])[H:19])([H:20])[H:21])([H:11])[C:2](=[O:1])[O:3][H:10])([H:12])[H:13])([H:14])[H:15])[H:17],,
19,0.014190770718685382,RESP2,PW6B95/cc-pV(D+d)Z,1.0,0.5,H,resp2,20,[H:16][C:7]1([C:6]([C:5]([C:4]([C:9]([C:8]1([H:18])[H:19])([H:20])[H:21])([H:11])[C:2](=[O:1])[O:3][H:10])([H:12])[H:13])([H:14])[H:15])[H:17],,
20,0.014987026184169657,RESP2,PW6B95/cc-pV(D+d)Z,1.0,0.5,H,resp2,21,[H:16][C:7]1([C:6]([C:5]([C:4]([C:9]([C:8]1([H:18])[H:19])([H:20])[H:21])([H:11])[C:2](=[O:1])[O:3][H:10])([H:12])[H:13])([H:14])[H:15])[H:17],,
0,-0.5129746930378697,RESP2,PW6B95/cc-pV(D+d)Z,1.0,0.55,O,resp2,1,[H:16][C:7]1([C:6]([C:5]([C:4]([C:9]([C:8]1([H:18])[H:19])([H:20])[H:21])([H:11])[C:2](=[O:1])[O:3][H:10])([H:12])[H:13])([H:14])[H:15])[H:17],,
1,0.5271375722109737,RESP2,PW6B95/cc-pV(D+d)Z,1.0,0.55,C,resp2,2,[H:16][C:7]1([C:6]([C:5]([C:4]([C:9]([C:8]1([H:18])[H:19])([H:20])[H:21])([H:11])[C:2](=[O:1])[O:3][H:10])([H:12])[H:13])([H:14])[H:15])[H:17],,
2,-0.5302084430650782,RESP2,PW6B95/cc-pV(D+d)Z,1.0,0.55,O,resp2,3,[H:16][C:7]1([C:6]([C:5]([C:4]([C:9]([C:8]1([H:18])[H:19])([H:20])[H:21])([H:11])[C:2](=[O:1])[O:3][H:10])([H:12])[H:13])([H:14])[H:15])[H:17],,
3,0.06124904542640542,RESP2,PW6B95/cc-pV(D+d)Z,1.0,0.55,C,resp2,4,[H:16][C:7]1([C:6]([C:5]([C:4]([C:9]([C:8]1([H:18])[H:19])([H:20])[H:21])([H:11])[C:2](=[O:1])[O:3][H:10])([H:12])[H:13])([H:14])[H:15])[H:17],,
4,-0.038308762313752805,RESP2,PW6B95/cc-pV(D+d)Z,1.0,0.55,C,resp2,5,[H:16][C:7]1([C:6]([C:5]([C:4]([C:9]([C:8]1([H:18])[H:19])([H:20])[H:21])([H:11])[C:2](=[O:1])[O:3][H:10])([H:12])[H:13])([H:14])[H:15])[H:17],,
5,0.001768997454532697,RESP2,PW6B95/cc-pV(D+d)Z,1.0,0.55,C,resp2,6,[H:16][C:7]1([C:6]([C:5]([C:4]([C:9]([C:8]1([H:18])[H:19])([H:20])[H:21])([H:11])[C:2](=[O:1])[O:3][H:10])([H:12])[H:13])([H:14])[H:15])[H:17],,
6,0.0022032964529316024,RESP2,PW6B95/cc-pV(D+d)Z,1.0,0.55,C,resp2,7,[H:16][C:7]1([C:6]([C:5]([C:4]([C:9]([C:8]1([H:18])[H:19])([H:20])[H:21])([H:11])[C:2](=[O:1])[O:3][H:10])([H:12])[H:13])([H:14])[H:15])[H:17],,
7,0.012116409935793064,RESP2,PW6B95/cc-pV(D+d)Z,1.0,0.55,C,resp2,8,[H:16][C:7]1([C:6]([C:5]([C:4]([C:9]([C:8]1([H:18])[H:19])([H:20])[H:21])([H:11])[C:2](=[O:1])[O:3][H:10])([H:12])[H:13])([H:14])[H:15])[H:17],,
8,-0.03314788702872664,RESP2,PW6B95/cc-pV(D+d)Z,1.0,0.55,C,resp2,9,[H:16][C:7]1([C:6]([C:5]([C:4]([C:9]([C:8]1([H:18])[H:19])([H:20])[H:21])([H:11])[C:2](=[O:1])[O:3][H:10])([H:12])[H:13])([H:14])[H:15])[H:17],,
9,0.4153804628018743,RESP2,PW6B95/cc-pV(D+d)Z,1.0,0.55,H,resp2,10,[H:16][C:7]1([C:6]([C:5]([C:4]([C:9]([C:8]1([H:18])[H:19])([H:20])[H:21])([H:11])[C:2](=[O:1])[O:3][H:10])([H:12])[H:13])([H:14])[H:15])[H:17],,
10,0.016336772103058256,RESP2,PW6B95/cc-pV(D+d)Z,1.0,0.55,H,resp2,11,[H:16][C:7]1([C:6]([C:5]([C:4]([C:9]([C:8]1([H:18])[H:19])([H:20])[H:21])([H:11])[C:2](=[O:1])[O:3][H:10])([H:12])[H:13])([H:14])[H:15])[H:17],,
11,0.017749704020057242,RESP2,PW6B95/cc-pV(D+d)Z,1.0,0.55,H,resp2,12,[H:16][C:7]1([C:6]([C:5]([C:4]([C:9]([C:8]1([H:18])[H:19])([H:20])[H:21])([H:11])[C:2](=[O:1])[O:3][H:10])([H:12])[H:13])([H:14])[H:15])[H:17],,
12,0.014884712171640618,RESP2,PW6B95/cc-pV(D+d)Z,1.0,0.55,H,resp2,13,[H:16][C:7]1([C:6]([C:5]([C:4]([C:9]([C:8]1([H:18])[H:19])([H:20])[H:21])([H:11])[C:2](=[O:1])[O:3][H:10])([H:12])[H:13])([H:14])[H:15])[H:17],,
13,0.005991776531766299,RESP2,PW6B95/cc-pV(D+d)Z,1.0,0.55,H,resp2,14,[H:16][C:7]1([C:6]([C:5]([C:4]([C:9]([C:8]1([H:18])[H:19])([H:20])[H:21])([H:11])[C:2](=[O:1])[O:3][H:10])([H:12])[H:13])([H:14])[H:15])[H:17],,
14,0.005243503717200668,RESP2,PW6B95/cc-pV(D+d)Z,1.0,0.55,H,resp2,15,[H:16][C:7]1([C:6]([C:5]([C:4]([C:9]([C:8]1([H:18])[H:19])([H:20])[H:21])([H:11])[C:2](=[O:1])[O:3][H:10])([H:12])[H:13])([H:14])[H:15])[H:17],,
15,-0.0008141872140448732,RESP2,PW6B95/cc-pV(D+d)Z,1.0,0.55,H,resp2,16,[H:16][C:7]1([C:6]([C:5]([C:4]([C:9]([C:8]1([H:18])[H:19])([H:20])[H:21])([H:11])[C:2](=[O:1])[O:3][H:10])([H:12])[H:13])([H:14])[H:15])[H:17],,
16,0.0033453507426803794,RESP2,PW6B95/cc-pV(D+d)Z,1.0,0.55,H,resp2,17,[H:16][C:7]1([C:6]([C:5]([C:4]([C:9]([C:8]1([H:18])[H:19])([H:20])[H:21])([H:11])[C:2](=[O:1])[O:3][H:10])([H:12])[H:13])([H:14])[H:15])[H:17],,
17,0.0029791146483095776,RESP2,PW6B95/cc-pV(D+d)Z,1.0,0.55,H,resp2,18,[H:16][C:7]1([C:6]([C:5]([C:4]([C:9]([C:8]1([H:18])[H:19])([H:20])[H:21])([H:11])[C:2](=[O:1])[O:3][H:10])([H:12])[H:13])([H:14])[H:15])[H:17],,
18,0.00023728133219752483,RESP2,PW6B95/cc-pV(D+d)Z,1.0,0.55,H,resp2,19,[H:16][C:7]1([C:6]([C:5]([C:4]([C:9]([C:8]1([H:18])[H:19])([H:20])[H:21])([H:11])[C:2](=[O:1])[O:3][H:10])([H:12])[H:13])([H:14])[H:15])[H:17],,
19,0.013984910821851463,RESP2,PW6B95/cc-pV(D+d)Z,1.0,0.55,H,resp2,20,[H:16][C:7]1([C:6]([C:5]([C:4]([C:9]([C:8]1([H:18])[H:19])([H:20])[H:21])([H:11])[C:2](=[O:1])[O:3][H:10])([H:12])[H:13])([H:14])[H:15])[H:17],,
20,0.014845062288199396,RESP2,PW6B95/cc-pV(D+d)Z,1.0,0.55,H,resp2,21,[H:16][C:7]1([C:6]([C:5]([C:4]([C:9]([C:8]1([H:18])[H:19])([H:20])[H:21])([H:11])[C:2](=[O:1])[O:3][H:10])([H:12])[H:13])([H:14])[H:15])[H:17],,
0,-0.5159851774741832,RESP2,PW6B95/cc-pV(D+d)Z,1.0,0.6000000000000001,O,resp2,1,[H:16][C:7]1([C:6]([C:5]([C:4]([C:9]([C:8]1([H:18])[H:19])([H:20])[H:21])([H:11])[C:2](=[O:1])[O:3][H:10])([H:12])[H:13])([H:14])[H:15])[H:17],,
1,0.5286333854105624,RESP2,PW6B95/cc-pV(D+d)Z,1.0,0.6000000000000001,C,resp2,2,[H:16][C:7]1([C:6]([C:5]([C:4]([C:9]([C:8]1([H:18])[H:19])([H:20])[H:21])([H:11])[C:2](=[O:1])[O:3][H:10])([H:12])[H:13])([H:14])[H:15])[H:17],,
2,-0.5312830707701448,RESP2,PW6B95/cc-pV(D+d)Z,1.0,0.6000000000000001,O,resp2,3,[H:16][C:7]1([C:6]([C:5]([C:4]([C:9]([C:8]1([H:18])[H:19])([H:20])[H:21])([H:11])[C:2](=[O:1])[O:3][H:10])([H:12])[H:13])([H:14])[H:15])[H:17],,
3,0.0600824391560014,RESP2,PW6B95/cc-pV(D+d)Z,1.0,0.6000000000000001,C,resp2,4,[H:16][C:7]1([C:6]([C:5]([C:4]([C:9]([C:8]1([H:18])[H:19])([H:20])[H:21])([H:11])[C:2](=[O:1])[O:3][H:10])([H:12])[H:13])([H:14])[H:15])[H:17],,
4,-0.03780547395522298,RESP2,PW6B95/cc-pV(D+d)Z,1.0,0.6000000000000001,C,resp2,5,[H:16][C:7]1([C:6]([C:5]([C:4]([C:9]([C:8]1([H:18])[H:19])([H:20])[H:21])([H:11])[C:2](=[O:1])[O:3][H:10])([H:12])[H:13])([H:14])[H:15])[H:17],,
5,0.0017600715467426902,RESP2,PW6B95/cc-pV(D+d)Z,1.0,0.6000000000000001,C,resp2,6,[H:16][C:7]1([C:6]([C:5]([C:4]([C:9]([C:8]1([H:18])[H:19])([H:20])[H:21])([H:11])[C:2](=[O:1])[O:3][H:10])([H:12])[H:13])([H:14])[H:15])[H:17],,
6,0.004708603626190836,RESP2,PW6B95/cc-pV(D+d)Z,1.0,0.6000000000000001,C,resp2,7,[H:16][C:7]1([C:6]([C:5]([C:4]([C:9]([C:8]1([H:18])[H:19])([H:20])[H:21])([H:11])[C:2](=[O:1])[O:3][H:10])([H:12])[H:13])([H:14])[H:15])[H:17],,
7,0.010006379102129254,RESP2,PW6B95/cc-pV(D+d)Z,1.0,0.6000000000000001,C,resp2,8,[H:16][C:7]1([C:6]([C:5]([C:4]([C:9]([C:8]1([H:18])[H:19])([H:20])[H:21])([H:11])[C:2](=[O:1])[O:3][H:10])([H:12])[H:13])([H:14])[H:15])[H:17],,
8,-0.03201916826871382,RESP2,PW6B95/cc-pV(D+d)Z,1.0,0.6000000000000001,C,resp2,9,[H:16][C:7]1([C:6]([C:5]([C:4]([C:9]([C:8]1([H:18])[H:19])([H:20])[H:21])([H:11])[C:2](=[O:1])[O:3][H:10])([H:12])[H:13])([H:14])[H:15])[H:17],,
9,0.4171431337377453,RESP2,PW6B95/cc-pV(D+d)Z,1.0,0.6000000000000001,H,resp2,10,[H:16][C:7]1([C:6]([C:5]([C:4]([C:9]([C:8]1([H:18])[H:19])([H:20])[H:21])([H:11])[C:2](=[O:1])[O:3][H:10])([H:12])[H:13])([H:14])[H:15])[H:17],,
10,0.017234643359026896,RESP2,PW6B95/cc-pV(D+d)Z,1.0,0.6000000000000001,H,resp2,11,[H:16][C:7]1([C:6]([C:5]([C:4]([C:9]([C:8]1([H:18])[H:19])([H:20])[H:21])([H:11])[C:2](=[O:1])[O:3][H:10])([H:12])[H:13])([H:14])[H:15])[H:17],,
11,0.017560646808477885,RESP2,PW6B95/cc-pV(D+d)Z,1.0,0.6000000000000001,H,resp2,12,[H:16][C:7]1([C:6]([C:5]([C:4]([C:9]([C:8]1([H:18])[H:19])([H:20])[H:21])([H:11])[C:2](=[O:1])[O:3][H:10])([H:12])[H:13])([H:14])[H:15])[H:17],,
12,0.015049341415294543,RESP2,PW6B95/cc-pV(D+d)Z,1.0,0.6000000000000001,H,resp2,13,[H:16][C:7]1([C:6]([C:5]([C:4]([C:9]([C:8]1([H:18])[H:19])([H:20])[H:21])([H:11])[C:2](=[O:1])[O:3][H:10])([H:12])[H:13])([H:14])[H:15])[H:17],,
13,0.005881146776687411,RESP2,PW6B95/cc-pV(D+d)Z,1.0,0.6000000000000001,H,resp2,14,[H:16][C:7]1([C:6]([C:5]([C:4]([C:9]([C:8]1([H:18])[H:19])([H:20])[H:21])([H:11])[C:2](=[O:1])[O:3][H:10])([H:12])[H:13])([H:14])[H:15])[H:17],,
14,0.005003182181931144,RESP2,PW6B95/cc-pV(D+d)Z,1.0,0.6000000000000001,H,resp2,15,[H:16][C:7]1([C:6]([C:5]([C:4]([C:9]([C:8]1([H:18])[H:19])([H:20])[H:21])([H:11])[C:2](=[O:1])[O:3][H:10])([H:12])[H:13])([H:14])[H:15])[H:17],,
15,-0.0014037210622385625,RESP2,PW6B95/cc-pV(D+d)Z,1.0,0.6000000000000001,H,resp2,16,[H:16][C:7]1([C:6]([C:5]([C:4]([C:9]([C:8]1([H:18])[H:19])([H:20])[H:21])([H:11])[C:2](=[O:1])[O:3][H:10])([H:12])[H:13])([H:14])[H:15])[H:17],,
16,0.0027140371073753086,RESP2,PW6B95/cc-pV(D+d)Z,1.0,0.6000000000000001,H,resp2,17,[H:16][C:7]1([C:6]([C:5]([C:4]([C:9]([C:8]1([H:18])[H:19])([H:20])[H:21])([H:11])[C:2](=[O:1])[O:3][H:10])([H:12])[H:13])([H:14])[H:15])[H:17],,
17,0.0035019639138964714,RESP2,PW6B95/cc-pV(D+d)Z,1.0,0.6000000000000001,H,resp2,18,[H:16][C:7]1([C:6]([C:5]([C:4]([C:9]([C:8]1([H:18])[H:19])([H:20])[H:21])([H:11])[C:2](=[O:1])[O:3][H:10])([H:12])[H:13])([H:14])[H:15])[H:17],,
18,0.0007354880711951273,RESP2,PW6B95/cc-pV(D+d)Z,1.0,0.6000000000000001,H,resp2,19,[H:16][C:7]1([C:6]([C:5]([C:4]([C:9]([C:8]1([H:18])[H:19])([H:20])[H:21])([H:11])[C:2](=[O:1])[O:3][H:10])([H:12])[H:13])([H:14])[H:15])[H:17],,
19,0.013779050925017567,RESP2,PW6B95/cc-pV(D+d)Z,1.0,0.6000000000000001,H,resp2,20,[H:16][C:7]1([C:6]([C:5]([C:4]([C:9]([C:8]1([H:18])[H:19])([H:20])[H:21])([H:11])[C:2](=[O:1])[O:3][H:10])([H:12])[H:13])([H:14])[H:15])[H:17],,
20,0.014703098392229155,RESP2,PW6B95/cc-pV(D+d)Z,1.0,0.6000000000000001,H,resp2,21,[H:16][C:7]1([C:6]([C:5]([C:4]([C:9]([C:8]1([H:18])[H:19])([H:20])[H:21])([H:11])[C:2](=[O:1])[O:3][H:10])([H:12])[H:13])([H:14])[H:15])[H:17],,
0,-0.5189956619104966,RESP2,PW6B95/cc-pV(D+d)Z,1.0,0.65,O,resp2,1,[H:16][C:7]1([C:6]([C:5]([C:4]([C:9]([C:8]1([H:18])[H:19])([H:20])[H:21])([H:11])[C:2](=[O:1])[O:3][H:10])([H:12])[H:13])([H:14])[H:15])[H:17],,
1,0.5301291986101511,RESP2,PW6B95/cc-pV(D+d)Z,1.0,0.65,C,resp2,2,[H:16][C:7]1([C:6]([C:5]([C:4]([C:9]([C:8]1([H:18])[H:19])([H:20])[H:21])([H:11])[C:2](=[O:1])[O:3][H:10])([H:12])[H:13])([H:14])[H:15])[H:17],,
2,-0.5323576984752114,RESP2,PW6B95/cc-pV(D+d)Z,1.0,0.65,O,resp2,3,[H:16][C:7]1([C:6]([C:5]([C:4]([C:9]([C:8]1([H:18])[H:19])([H:20])[H:21])([H:11])[C:2](=[O:1])[O:3][H:10])([H:12])[H:13])([H:14])[H:15])[H:17],,
3,0.05891583288559738,RESP2,PW6B95/cc-pV(D+d)Z,1.0,0.65,C,resp2,4,[H:16][C:7]1([C:6]([C:5]([C:4]([C:9]([C:8]1([H:18])[H:19])([H:20])[H:21])([H:11])[C:2](=[O:1])[O:3][H:10])([H:12])[H:13])([H:14])[H:15])[H:17],,
4,-0.037302185596693155,RESP2,PW6B95/cc-pV(D+d)Z,1.0,0.65,C,resp2,5,[H:16][C:7]1([C:6]([C:5]([C:4]([C:9]([C:8]1([H:18])[H:19])([H:20])[H:21])([H:11])[C:2](=[O:1])[O:3][H:10])([H:12])[H:13])([H:14])[H:15])[H:17],,
5,0.0017511456389526794,RESP2,PW6B95/cc-pV(D+d)Z,1.0,0.65,C,resp2,6,[H:16][C:7]1([C:6]([C:5]([C:4]([C:9]([C:8]1([H:18])[H:19])([H:20])[H:21])([H:11])[C:2](=[O:1])[O:3][H:10])([H:12])[H:13])([H:14])[H:15])[H:17],,
6,0.0072139107994500596,RESP2,PW6B95/cc-pV(D+d)Z,1.0,0.65,C,resp2,7,[H:16][C:7]1([C:6]([C:5]([C:4]([C:9]([C:8]1([H:18])[H:19])([H:20])[H:21])([H:11])[C:2](=[O:1])[O:3][H:10])([H:12])[H:13])([H:14])[H:15])[H:17],,
7,0.007896348268465445,RESP2,PW6B95/cc-pV(D+d)Z,1.0,0.65,C,resp2,8,[H:16][C:7]1([C:6]([C:5]([C:4]([C:9]([C:8]1([H:18])[H:19])([H:20])[H:21])([H:11])[C:2](=[O:1])[O:3][H:10])([H:12])[H:13])([H:14])[H:15])[H:17],,
8,-0.03089044950870101,RESP2,PW6B95/cc-pV(D+d)Z,1.0,0.65,C,resp2,9,[H:16][C:7]1([C:6]([C:5]([C:4]([C:9]([C:8]1([H:18])[H:19])([H:20])[H:21])([H:11])[C:2](=[O:1])[O:3][H:10])([H:12])[H:13])([H:14])[H:15])[H:17],,
9,0.4189058046736164,RESP2,PW6B95/cc-pV(D+d)Z,1.0,0.65,H,resp2,10,[H:16][C:7]1([C:6]([C:5]([C:4]([C:9]([C:8]1([H:18])[H:19])([H:20])[H:21])([H:11])[C:2](=[O:1])[O:3][H:10])([H:12])[H:13])([H:14])[H:15])[H:17],,
10,0.01813251461499553,RESP2,PW6B95/cc-pV(D+d)Z,1.0,0.65,H,resp2,11,[H:16][C:7]1([C:6]([C:5]([C:4]([C:9]([C:8]1([H:18])[H:19])([H:20])[H:21])([H:11])[C:2](=[O:1])[O:3][H:10])([H:12])[H:13])([H:14])[H:15])[H:17],,
11,0.017371589596898523,RESP2,PW6B95/cc-pV(D+d)Z,1.0,0.65,H,resp2,12,[H:16][C:7]1([C:6]([C:5]([C:4]([C:9]([C:8]1([H:18])[H:19])([H:20])[H:21])([H:11])[C:2](=[O:1])[O:3][H:10])([H:12])[H:13])([H:14])[H:15])[H:17],,
12,0.015213970658948466,RESP2,PW6B95/cc-pV(D+d)Z,1.0,0.65,H,resp2,13,[H:16][C:7]1([C:6]([C:5]([C:4]([C:9]([C:8]1([H:18])[H:19])([H:20])[H:21])([H:11])[C:2](=[O:1])[O:3][H:10])([H:12])[H:13])([H:14])[H:15])[H:17],,
13,0.005770517021608519,RESP2,PW6B95/cc-pV(D+d)Z,1.0,0.65,H,resp2,14,[H:16][C:7]1([C:6]([C:5]([C:4]([C:9]([C:8]1([H:18])[H:19])([H:20])[H:21])([H:11])[C:2](=[O:1])[O:3][H:10])([H:12])[H:13])([H:14])[H:15])[H:17],,
14,0.0047628606466616165,RESP2,PW6B95/cc-pV(D+d)Z,1.0,0.65,H,resp2,15,[H:16][C:7]1([C:6]([C:5]([C:4]([C:9]([C:8]1([H:18])[H:19])([H:20])[H:21])([H:11])[C:2](=[O:1])[O:3][H:10])([H:12])[H:13])([H:14])[H:15])[H:17],,
15,-0.0019932549104322538,RESP2,PW6B95/cc-pV(D+d)Z,1.0,0.65,H,resp2,16,[H:16][C:7]1([C:6]([C:5]([C:4]([C:9]([C:8]1([H:18])[H:19])([H:20])[H:21])([H:11])[C:2](=[O:1])[O:3][H:10])([H:12])[H:13])([H:14])[H:15])[H:17],,
16,0.0020827234720702348,RESP2,PW6B95/cc-pV(D+d)Z,1.0,0.65,H,resp2,17,[H:16][C:7]1([C:6]([C:5]([C:4]([C:9]([C:8]1([H:18])[H:19])([H:20])[H:21])([H:11])[C:2](=[O:1])[O:3][H:10])([H:12])[H:13])([H:14])[H:15])[H:17],,
17,0.004024813179483361,RESP2,PW6B95/cc-pV(D+d)Z,1.0,0.65,H,resp2,18,[H:16][C:7]1([C:6]([C:5]([C:4]([C:9]([C:8]1([H:18])[H:19])([H:20])[H:21])([H:11])[C:2](=[O:1])[O:3][H:10])([H:12])[H:13])([H:14])[H:15])[H:17],,
18,0.0012336948101927254,RESP2,PW6B95/cc-pV(D+d)Z,1.0,0.65,H,resp2,19,[H:16][C:7]1([C:6]([C:5]([C:4]([C:9]([C:8]1([H:18])[H:19])([H:20])[H:21])([H:11])[C:2](=[O:1])[O:3][H:10])([H:12])[H:13])([H:14])[H:15])[H:17],,
19,0.013573191028183667,RESP2,PW6B95/cc-pV(D+d)Z,1.0,0.65,H,resp2,20,[H:16][C:7]1([C:6]([C:5]([C:4]([C:9]([C:8]1([H:18])[H:19])([H:20])[H:21])([H:11])[C:2](=[O:1])[O:3][H:10])([H:12])[H:13])([H:14])[H:15])[H:17],,
20,0.014561134496258912,RESP2,PW6B95/cc-pV(D+d)Z,1.0,0.65,H,resp2,21,[H:16][C:7]1([C:6]([C:5]([C:4]([C:9]([C:8]1([H:18])[H:19])([H:20])[H:21])([H:11])[C:2](=[O:1])[O:3][H:10])([H:12])[H:13])([H:14])[H:15])[H:17],,
0,-0.5220061463468101,RESP2,PW6B95/cc-pV(D+d)Z,1.0,0.7000000000000001,O,resp2,1,[H:16][C:7]1([C:6]([C:5]([C:4]([C:9]([C:8]1([H:18])[H:19])([H:20])[H:21])([H:11])[C:2](=[O:1])[O:3][H:10])([H:12])[H:13])([H:14])[H:15])[H:17],,
1,0.5316250118097396,RESP2,PW6B95/cc-pV(D+d)Z,1.0,0.7000000000000001,C,resp2,2,[H:16][C:7]1([C:6]([C:5]([C:4]([C:9]([C:8]1([H:18])[H:19])([H:20])[H:21])([H:11])[C:2](=[O:1])[O:3][H:10])([H:12])[H:13])([H:14])[H:15])[H:17],,
2,-0.5334323261802781,RESP2,PW6B95/cc-pV(D+d)Z,1.0,0.7000000000000001,O,resp2,3,[H:16][C:7]1([C:6]([C:5]([C:4]([C:9]([C:8]1([H:18])[H:19])([H:20])[H:21])([H:11])[C:2](=[O:1])[O:3][H:10])([H:12])[H:13])([H:14])[H:15])[H:17],,
3,0.05774922661519336,RESP2,PW6B95/cc-pV(D+d)Z,1.0,0.7000000000000001,C,resp2,4,[H:16][C:7]1([C:6]([C:5]([C:4]([C:9]([C:8]1([H:18])[H:19])([H:20])[H:21])([H:11])[C:2](=[O:1])[O:3][H:10])([H:12])[H:13])([H:14])[H:15])[H:17],,
4,-0.03679889723816332,RESP2,PW6B95/cc-pV(D+d)Z,1.0,0.7000000000000001,C,resp2,5,[H:16][C:7]1([C:6]([C:5]([C:4]([C:9]([C:8]1([H:18])[H:19])([H:20])[H:21])([H:11])[C:2](=[O:1])[O:3][H:10])([H:12])[H:13])([H:14])[H:15])[H:17],,
5,0.0017422197311626783,RESP2,PW6B95/cc-pV(D+d)Z,1.0,0.7000000000000001,C,resp2,6,[H:16][C:7]1([C:6]([C:5]([C:4]([C:9]([C:8]1([H:18])[H:19])([H:20])[H:21])([H:11])[C:2](=[O:1])[O:3][H:10])([H:12])[H:13])([H:14])[H:15])[H:17],,
6,0.009719217972709297,RESP2,PW6B95/cc-pV(D+d)Z,1.0,0.7000000000000001,C,resp2,7,[H:16][C:7]1([C:6]([C:5]([C:4]([C:9]([C:8]1([H:18])[H:19])([H:20])[H:21])([H:11])[C:2](=[O:1])[O:3][H:10])([H:12])[H:13])([H:14])[H:15])[H:17],,
7,0.005786317434801644,RESP2,PW6B95/cc-pV(D+d)Z,1.0,0.7000000000000001,C,resp2,8,[H:16][C:7]1([C:6]([C:5]([C:4]([C:9]([C:8]1([H:18])[H:19])([H:20])[H:21])([H:11])[C:2](=[O:1])[O:3][H:10])([H:12])[H:13])([H:14])[H:15])[H:17],,
8,-0.029761730748688184,RESP2,PW6B95/cc-pV(D+d)Z,1.0,0.7000000000000001,C,resp2,9,[H:16][C:7]1([C:6]([C:5]([C:4]([C:9]([C:8]1([H:18])[H:19])([H:20])[H:21])([H:11])[C:2](=[O:1])[O:3][H:10])([H:12])[H:13])([H:14])[H:15])[H:17],,
9,0.4206684756094874,RESP2,PW6B95/cc-pV(D+d)Z,1.0,0.7000000000000001,H,resp2,10,[H:16][C:7]1([C:6]([C:5]([C:4]([C:9]([C:8]1([H:18])[H:19])([H:20])[H:21])([H:11])[C:2](=[O:1])[O:3][H:10])([H:12])[H:13])([H:14])[H:15])[H:17],,
10,0.019030385870964176,RESP2,PW6B95/cc-pV(D+d)Z,1.0,0.7000000000000001,H,resp2,11,[H:16][C:7]1([C:6]([C:5]([C:4]([C:9]([C:8]1([H:18])[H:19])([H:20])[H:21])([H:11])[C:2](=[O:1])[O:3][H:10])([H:12])[H:13])([H:14])[H:15])[H:17],,
11,0.017182532385319173,RESP2,PW6B95/cc-pV(D+d)Z,1.0,0.7000000000000001,H,resp2,12,[H:16][C:7]1([C:6]([C:5]([C:4]([C:9]([C:8]1([H:18])[H:19])([H:20])[H:21])([H:11])[C:2](=[O:1])[O:3][H:10])([H:12])[H:13])([H:14])[H:15])[H:17],,
12,0.015378599902602397,RESP2,PW6B95/cc-pV(D+d)Z,1.0,0.7000000000000001,H,resp2,13,[H:16][C:7]1([C:6]([C:5]([C:4]([C:9]([C:8]1([H:18])[H:19])([H:20])[H:21])([H:11])[C:2](=[O:1])[O:3][H:10])([H:12])[H:13])([H:14])[H:15])[H:17],,
13,0.005659887266529635,RESP2,PW6B95/cc-pV(D+d)Z,1.0,0.7000000000000001,H,resp2,14,[H:16][C:7]1([C:6]([C:5]([C:4]([C:9]([C:8]1([H:18])[H:19])([H:20])[H:21])([H:11])[C:2](=[O:1])[O:3][H:10])([H:12])[H:13])([H:14])[H:15])[H:17],,
14,0.004522539111392097,RESP2,PW6B95/cc-pV(D+d)Z,1.0,0.7000000000000001,H,resp2,15,[H:16][C:7]1([C:6]([C:5]([C:4]([C:9]([C:8]1([H:18])[H:19])([H:20])[H:21])([H:11])[C:2](=[O:1])[O:3][H:10])([H:12])[H:13])([H:14])[H:15])[H:17],,
15,-0.002582788758625937,RESP2,PW6B95/cc-pV(D+d)Z,1.0,0.7000000000000001,H,resp2,16,[H:16][C:7]1([C:6]([C:5]([C:4]([C:9]([C:8]1([H:18])[H:19])([H:20])[H:21])([H:11])[C:2](=[O:1])[O:3][H:10])([H:12])[H:13])([H:14])[H:15])[H:17],,
16,0.0014514098367651703,RESP2,PW6B95/cc-pV(D+d)Z,1.0,0.7000000000000001,H,resp2,17,[H:16][C:7]1([C:6]([C:5]([C:4]([C:9]([C:8]1([H:18])[H:19])([H:20])[H:21])([H:11])[C:2](=[O:1])[O:3][H:10])([H:12])[H:13])([H:14])[H:15])[H:17],,
17,0.00454766244507026,RESP2,PW6B95/cc-pV(D+d)Z,1.0,0.7000000000000001,H,resp2,18,[H:16][C:7]1([C:6]([C:5]([C:4]([C:9]([C:8]1([H:18])[H:19])([H:20])[H:21])([H:11])[C:2](=[O:1])[O:3][H:10])([H:12])[H:13])([H:14])[H:15])[H:17],,
18,0.001731901549190334,RESP2,PW6B95/cc-pV(D+d)Z,1.0,0.7000000000000001,H,resp2,19,[H:16][C:7]1([C:6]([C:5]([C:4]([C:9]([C:8]1([H:18])[H:19])([H:20])[H:21])([H:11])[C:2](=[O:1])[O:3][H:10])([H:12])[H:13])([H:14])[H:15])[H:17],,
19,0.013367331131349778,RESP2,PW6B95/cc-pV(D+d)Z,1.0,0.7000000000000001,H,resp2,20,[H:16][C:7]1([C:6]([C:5]([C:4]([C:9]([C:8]1([H:18])[H:19])([H:20])[H:21])([H:11])[C:2](=[O:1])[O:3][H:10])([H:12])[H:13])([H:14])[H:15])[H:17],,
20,0.014419170600288678,RESP2,PW6B95/cc-pV(D+d)Z,1.0,0.7000000000000001,H,resp2,21,[H:16][C:7]1([C:6]([C:5]([C:4]([C:9]([C:8]1([H:18])[H:19])([H:20])[H:21])([H:11])[C:2](=[O:1])[O:3][H:10])([H:12])[H:13])([H:14])[H:15])[H:17],,
0,-0.5250166307831236,RESP2,PW6B95/cc-pV(D+d)Z,1.0,0.75,O,resp2,1,[H:16][C:7]1([C:6]([C:5]([C:4]([C:9]([C:8]1([H:18])[H:19])([H:20])[H:21])([H:11])[C:2](=[O:1])[O:3][H:10])([H:12])[H:13])([H:14])[H:15])[H:17],,
1,0.5331208250093284,RESP2,PW6B95/cc-pV(D+d)Z,1.0,0.75,C,resp2,2,[H:16][C:7]1([C:6]([C:5]([C:4]([C:9]([C:8]1([H:18])[H:19])([H:20])[H:21])([H:11])[C:2](=[O:1])[O:3][H:10])([H:12])[H:13])([H:14])[H:15])[H:17],,
2,-0.5345069538853447,RESP2,PW6B95/cc-pV(D+d)Z,1.0,0.75,O,resp2,3,[H:16][C:7]1([C:6]([C:5]([C:4]([C:9]([C:8]1([H:18])[H:19])([H:20])[H:21])([H:11])[C:2](=[O:1])[O:3][H:10])([H:12])[H:13])([H:14])[H:15])[H:17],,
3,0.05658262034478932,RESP2,PW6B95/cc-pV(D+d)Z,1.0,0.75,C,resp2,4,[H:16][C:7]1([C:6]([C:5]([C:4]([C:9]([C:8]1([H:18])[H:19])([H:20])[H:21])([H:11])[C:2](=[O:1])[O:3][H:10])([H:12])[H:13])([H:14])[H:15])[H:17],,
4,-0.036295608879633505,RESP2,PW6B95/cc-pV(D+d)Z,1.0,0.75,C,resp2,5,[H:16][C:7]1([C:6]([C:5]([C:4]([C:9]([C:8]1([H:18])[H:19])([H:20])[H:21])([H:11])[C:2](=[O:1])[O:3][H:10])([H:12])[H:13])([H:14])[H:15])[H:17],,
5,0.001733293823372657,RESP2,PW6B95/cc-pV(D+d)Z,1.0,0.75,C,resp2,6,[H:16][C:7]1([C:6]([C:5]([C:4]([C:9]([C:8]1([H:18])[H:19])([H:20])[H:21])([H:11])[C:2](=[O:1])[O:3][H:10])([H:12])[H:13])([H:14])[H:15])[H:17],,
6,0.012224525145968513,RESP2,PW6B95/cc-pV(D+d)Z,1.0,0.75,C,resp2,7,[H:16][C:7]1([C:6]([C:5]([C:4]([C:9]([C:8]1([H:18])[H:19])([H:20])[H:21])([H:11])[C:2](=[O:1])[O:3][H:10])([H:12])[H:13])([H:14])[H:15])[H:17],,
7,0.0036762866011378265,RESP2,PW6B95/cc-pV(D+d)Z,1.0,0.75,C,resp2,8,[H:16][C:7]1([C:6]([C:5]([C:4]([C:9]([C:8]1([H:18])[H:19])([H:20])[H:21])([H:11])[C:2](=[O:1])[O:3][H:10])([H:12])[H:13])([H:14])[H:15])[H:17],,
8,-0.028633011988675384,RESP2,PW6B95/cc-pV(D+d)Z,1.0,0.75,C,resp2,9,[H:16][C:7]1([C:6]([C:5]([C:4]([C:9]([C:8]1([H:18])[H:19])([H:20])[H:21])([H:11])[C:2](=[O:1])[O:3][H:10])([H:12])[H:13])([H:14])[H:15])[H:17],,
9,0.42243114654535846,RESP2,PW6B95/cc-pV(D+d)Z,1.0,0.75,H,resp2,10,[H:16][C:7]1([C:6]([C:5]([C:4]([C:9]([C:8]1([H:18])[H:19])([H:20])[H:21])([H:11])[C:2](=[O:1])[O:3][H:10])([H:12])[H:13])([H:14])[H:15])[H:17],,
10,0.019928257126932802,RESP2,PW6B95/cc-pV(D+d)Z,1.0,0.75,H,resp2,11,[H:16][C:7]1([C:6]([C:5]([C:4]([C:9]([C:8]1([H:18])[H:19])([H:20])[H:21])([H:11])[C:2](=[O:1])[O:3][H:10])([H:12])[H:13])([H:14])[H:15])[H:17],,
11,0.016993475173739805,RESP2,PW6B95/cc-pV(D+d)Z,1.0,0.75,H,resp2,12,[H:16][C:7]1([C:6]([C:5]([C:4]([C:9]([C:8]1([H:18])[H:19])([H:20])[H:21])([H:11])[C:2](=[O:1])[O:3][H:10])([H:12])[H:13])([H:14])[H:15])[H:17],,
12,0.01554322914625631,RESP2,PW6B95/cc-pV(D+d)Z,1.0,0.75,H,resp2,13,[H:16][C:7]1([C:6]([C:5]([C:4]([C:9]([C:8]1([H:18])[H:19])([H:20])[H:21])([H:11])[C:2](=[O:1])[O:3][H:10])([H:12])[H:13])([H:14])[H:15])[H:17],,
13,0.005549257511450733,RESP2,PW6B95/cc-pV(D+d)Z,1.0,0.75,H,resp2,14,[H:16][C:7]1([C:6]([C:5]([C:4]([C:9]([C:8]1([H:18])[H:19])([H:20])[H:21])([H:11])[C:2](=[O:1])[O:3][H:10])([H:12])[H:13])([H:14])[H:15])[H:17],,
14,0.004282217576122559,RESP2,PW6B95/cc-pV(D+d)Z,1.0,0.75,H,resp2,15,[H:16][C:7]1([C:6]([C:5]([C:4]([C:9]([C:8]1([H:18])[H:19])([H:20])[H:21])([H:11])[C:2](=[O:1])[O:3][H:10])([H:12])[H:13])([H:14])[H:15])[H:17],,
15,-0.0031723226068196392,RESP2,PW6B95/cc-pV(D+d)Z,1.0,0.75,H,resp2,16,[H:16][C:7]1([C:6]([C:5]([C:4]([C:9]([C:8]1([H:18])[H:19])([H:20])[H:21])([H:11])[C:2](=[O:1])[O:3][H:10])([H:12])[H:13])([H:14])[H:15])[H:17],,
16,0.0008200962014600867,RESP2,PW6B95/cc-pV(D+d)Z,1.0,0.75,H,resp2,17,[H:16][C:7]1([C:6]([C:5]([C:4]([C:9]([C:8]1([H:18])[H:19])([H:20])[H:21])([H:11])[C:2](=[O:1])[O:3][H:10])([H:12])[H:13])([H:14])[H:15])[H:17],,
17,0.005070511710657139,RESP2,PW6B95/cc-pV(D+d)Z,1.0,0.75,H,resp2,18,[H:16][C:7]1([C:6]([C:5]([C:4]([C:9]([C:8]1([H:18])[H:19])([H:20])[H:21])([H:11])[C:2](=[O:1])[O:3][H:10])([H:12])[H:13])([H:14])[H:15])[H:17],,
18,0.0022301082881879216,RESP2,PW6B95/cc-pV(D+d)Z,1.0,0.75,H,resp2,19,[H:16][C:7]1([C:6]([C:5]([C:4]([C:9]([C:8]1([H:18])[H:19])([H:20])[H:21])([H:11])[C:2](=[O:1])[O:3][H:10])([H:12])[H:13])([H:14])[H:15])[H:17],,
19,0.013161471234515868,RESP2,PW6B95/cc-pV(D+d)Z,1.0,0.75,H,resp2,20,[H:16][C:7]1([C:6]([C:5]([C:4]([C:9]([C:8]1([H:18])[H:19])([H:20])[H:21])([H:11])[C:2](=[O:1])[O:3][H:10])([H:12])[H:13])([H:14])[H:15])[H:17],,
20,0.014277206704318422,RESP2,PW6B95/cc-pV(D+d)Z,1.0,0.75,H,resp2,21,[H:16][C:7]1([C:6]([C:5]([C:4]([C:9]([C:8]1([H:18])[H:19])([H:20])[H:21])([H:11])[C:2](=[O:1])[O:3][H:10])([H:12])[H:13])([H:14])[H:15])[H:17],,
0,-0.5280271152194369,RESP2,PW6B95/cc-pV(D+d)Z,1.0,0.8,O,resp2,1,[H:16][C:7]1([C:6]([C:5]([C:4]([C:9]([C:8]1([H:18])[H:19])([H:20])[H:21])([H:11])[C:2](=[O:1])[O:3][H:10])([H:12])[H:13])([H:14])[H:15])[H:17],,
1,0.5346166382089171,RESP2,PW6B95/cc-pV(D+d)Z,1.0,0.8,C,resp2,2,[H:16][C:7]1([C:6]([C:5]([C:4]([C:9]([C:8]1([H:18])[H:19])([H:20])[H:21])([H:11])[C:2](=[O:1])[O:3][H:10])([H:12])[H:13])([H:14])[H:15])[H:17],,
2,-0.5355815815904115,RESP2,PW6B95/cc-pV(D+d)Z,1.0,0.8,O,resp2,3,[H:16][C:7]1([C:6]([C:5]([C:4]([C:9]([C:8]1([H:18])[H:19])([H:20])[H:21])([H:11])[C:2](=[O:1])[O:3][H:10])([H:12])[H:13])([H:14])[H:15])[H:17],,
3,0.055416014074385296,RESP2,PW6B95/cc-pV(D+d)Z,1.0,0.8,C,resp2,4,[H:16][C:7]1([C:6]([C:5]([C:4]([C:9]([C:8]1([H:18])[H:19])([H:20])[H:21])([H:11])[C:2](=[O:1])[O:3][H:10])([H:12])[H:13])([H:14])[H:15])[H:17],,
4,-0.035792320521103684,RESP2,PW6B95/cc-pV(D+d)Z,1.0,0.8,C,resp2,5,[H:16][C:7]1([C:6]([C:5]([C:4]([C:9]([C:8]1([H:18])[H:19])([H:20])[H:21])([H:11])[C:2](=[O:1])[O:3][H:10])([H:12])[H:13])([H:14])[H:15])[H:17],,
5,0.0017243679155826443,RESP2,PW6B95/cc-pV(D+d)Z,1.0,0.8,C,resp2,6,[H:16][C:7]1([C:6]([C:5]([C:4]([C:9]([C:8]1([H:18])[H:19])([H:20])[H:21])([H:11])[C:2](=[O:1])[O:3][H:10])([H:12])[H:13])([H:14])[H:15])[H:17],,
6,0.014729832319227741,RESP2,PW6B95/cc-pV(D+d)Z,1.0,0.8,C,resp2,7,[H:16][C:7]1([C:6]([C:5]([C:4]([C:9]([C:8]1([H:18])[H:19])([H:20])[H:21])([H:11])[C:2](=[O:1])[O:3][H:10])([H:12])[H:13])([H:14])[H:15])[H:17],,
7,0.0015662557674740124,RESP2,PW6B95/cc-pV(D+d)Z,1.0,0.8,C,resp2,8,[H:16][C:7]1([C:6]([C:5]([C:4]([C:9]([C:8]1([H:18])[H:19])([H:20])[H:21])([H:11])[C:2](=[O:1])[O:3][H:10])([H:12])[H:13])([H:14])[H:15])[H:17],,
8,-0.027504293228662574,RESP2,PW6B95/cc-pV(D+d)Z,1.0,0.8,C,resp2,9,[H:16][C:7]1([C:6]([C:5]([C:4]([C:9]([C:8]1([H:18])[H:19])([H:20])[H:21])([H:11])[C:2](=[O:1])[O:3][H:10])([H:12])[H:13])([H:14])[H:15])[H:17],,
9,0.4241938174812295,RESP2,PW6B95/cc-pV(D+d)Z,1.0,0.8,H,resp2,10,[H:16][C:7]1([C:6]([C:5]([C:4]([C:9]([C:8]1([H:18])[H:19])([H:20])[H:21])([H:11])[C:2](=[O:1])[O:3][H:10])([H:12])[H:13])([H:14])[H:15])[H:17],,
10,0.020826128382901436,RESP2,PW6B95/cc-pV(D+d)Z,1.0,0.8,H,resp2,11,[H:16][C:7]1([C:6]([C:5]([C:4]([C:9]([C:8]1([H:18])[H:19])([H:20])[H:21])([H:11])[C:2](=[O:1])[O:3][H:10])([H:12])[H:13])([H:14])[H:15])[H:17],,
11,0.01680441796216044,RESP2,PW6B95/cc-pV(D+d)Z,1.0,0.8,H,resp2,12,[H:16][C:7]1([C:6]([C:5]([C:4]([C:9]([C:8]1([H:18])[H:19])([H:20])[H:21])([H:11])[C:2](=[O:1])[O:3][H:10])([H:12])[H:13])([H:14])[H:15])[H:17],,
12,0.01570785838991023,RESP2,PW6B95/cc-pV(D+d)Z,1.0,0.8,H,resp2,13,[H:16][C:7]1([C:6]([C:5]([C:4]([C:9]([C:8]1([H:18])[H:19])([H:20])[H:21])([H:11])[C:2](=[O:1])[O:3][H:10])([H:12])[H:13])([H:14])[H:15])[H:17],,
13,0.005438627756371838,RESP2,PW6B95/cc-pV(D+d)Z,1.0,0.8,H,resp2,14,[H:16][C:7]1([C:6]([C:5]([C:4]([C:9]([C:8]1([H:18])[H:19])([H:20])[H:21])([H:11])[C:2](=[O:1])[O:3][H:10])([H:12])[H:13])([H:14])[H:15])[H:17],,
14,0.004041896040853029,RESP2,PW6B95/cc-pV(D+d)Z,1.0,0.8,H,resp2,15,[H:16][C:7]1([C:6]([C:5]([C:4]([C:9]([C:8]1([H:18])[H:19])([H:20])[H:21])([H:11])[C:2](=[O:1])[O:3][H:10])([H:12])[H:13])([H:14])[H:15])[H:17],,
15,-0.003761856455013335,RESP2,PW6B95/cc-pV(D+d)Z,1.0,0.8,H,resp2,16,[H:16][C:7]1([C:6]([C:5]([C:4]([C:9]([C:8]1([H:18])[H:19])([H:20])[H:21])([H:11])[C:2](=[O:1])[O:3][H:10])([H:12])[H:13])([H:14])[H:15])[H:17],,
16,0.0001887825661550099,RESP2,PW6B95/cc-pV(D+d)Z,1.0,0.8,H,resp2,17,[H:16][C:7]1([C:6]([C:5]([C:4]([C:9]([C:8]1([H:18])[H:19])([H:20])[H:21])([H:11])[C:2](=[O:1])[O:3][H:10])([H:12])[H:13])([H:14])[H:15])[H:17],,
17,0.005593360976244028,RESP2,PW6B95/cc-pV(D+d)Z,1.0,0.8,H,resp2,18,[H:16][C:7]1([C:6]([C:5]([C:4]([C:9]([C:8]1([H:18])[H:19])([H:20])[H:21])([H:11])[C:2](=[O:1])[O:3][H:10])([H:12])[H:13])([H:14])[H:15])[H:17],,
18,0.002728315027185518,RESP2,PW6B95/cc-pV(D+d)Z,1.0,0.8,H,resp2,19,[H:16][C:7]1([C:6]([C:5]([C:4]([C:9]([C:8]1([H:18])[H:19])([H:20])[H:21])([H:11])[C:2](=[O:1])[O:3][H:10])([H:12])[H:13])([H:14])[H:15])[H:17],,
19,0.012955611337681966,RESP2,PW6B95/cc-pV(D+d)Z,1.0,0.8,H,resp2,20,[H:16][C:7]1([C:6]([C:5]([C:4]([C:9]([C:8]1([H:18])[H:19])([H:20])[H:21])([H:11])[C:2](=[O:1])[O:3][H:10])([H:12])[H:13])([H:14])[H:15])[H:17],,
20,0.014135242808348178,RESP2,PW6B95/cc-pV(D+d)Z,1.0,0.8,H,resp2,21,[H:16][C:7]1([C:6]([C:5]([C:4]([C:9]([C:8]1([H:18])[H:19])([H:20])[H:21])([H:11])[C:2](=[O:1])[O:3][H:10])([H:12])[H:13])([H:14])[H:15])[H:17],,
0,-0.5310375996557504,RESP2,PW6B95/cc-pV(D+d)Z,1.0,0.8500000000000001,O,resp2,1,[H:16][C:7]1([C:6]([C:5]([C:4]([C:9]([C:8]1([H:18])[H:19])([H:20])[H:21])([H:11])[C:2](=[O:1])[O:3][H:10])([H:12])[H:13])([H:14])[H:15])[H:17],,
1,0.5361124514085058,RESP2,PW6B95/cc-pV(D+d)Z,1.0,0.8500000000000001,C,resp2,2,[H:16][C:7]1([C:6]([C:5]([C:4]([C:9]([C:8]1([H:18])[H:19])([H:20])[H:21])([H:11])[C:2](=[O:1])[O:3][H:10])([H:12])[H:13])([H:14])[H:15])[H:17],,
2,-0.5366562092954781,RESP2,PW6B95/cc-pV(D+d)Z,1.0,0.8500000000000001,O,resp2,3,[H:16][C:7]1([C:6]([C:5]([C:4]([C:9]([C:8]1([H:18])[H:19])([H:20])[H:21])([H:11])[C:2](=[O:1])[O:3][H:10])([H:12])[H:13])([H:14])[H:15])[H:17],,
3,0.05424940780398127,RESP2,PW6B95/cc-pV(D+d)Z,1.0,0.8500000000000001,C,resp2,4,[H:16][C:7]1([C:6]([C:5]([C:4]([C:9]([C:8]1([H:18])[H:19])([H:20])[H:21])([H:11])[C:2](=[O:1])[O:3][H:10])([H:12])[H:13])([H:14])[H:15])[H:17],,
4,-0.035289032162573855,RESP2,PW6B95/cc-pV(D+d)Z,1.0,0.8500000000000001,C,resp2,5,[H:16][C:7]1([C:6]([C:5]([C:4]([C:9]([C:8]1([H:18])[H:19])([H:20])[H:21])([H:11])[C:2](=[O:1])[O:3][H:10])([H:12])[H:13])([H:14])[H:15])[H:17],,
5,0.001715442007792637,RESP2,PW6B95/cc-pV(D+d)Z,1.0,0.8500000000000001,C,resp2,6,[H:16][C:7]1([C:6]([C:5]([C:4]([C:9]([C:8]1([H:18])[H:19])([H:20])[H:21])([H:11])[C:2](=[O:1])[O:3][H:10])([H:12])[H:13])([H:14])[H:15])[H:17],,
6,0.01723513949248698,RESP2,PW6B95/cc-pV(D+d)Z,1.0,0.8500000000000001,C,resp2,7,[H:16][C:7]1([C:6]([C:5]([C:4]([C:9]([C:8]1([H:18])[H:19])([H:20])[H:21])([H:11])[C:2](=[O:1])[O:3][H:10])([H:12])[H:13])([H:14])[H:15])[H:17],,
7,-0.0005437750661897963,RESP2,PW6B95/cc-pV(D+d)Z,1.0,0.8500000000000001,C,resp2,8,[H:16][C:7]1([C:6]([C:5]([C:4]([C:9]([C:8]1([H:18])[H:19])([H:20])[H:21])([H:11])[C:2](=[O:1])[O:3][H:10])([H:12])[H:13])([H:14])[H:15])[H:17],,
8,-0.026375574468649753,RESP2,PW6B95/cc-pV(D+d)Z,1.0,0.8500000000000001,C,resp2,9,[H:16][C:7]1([C:6]([C:5]([C:4]([C:9]([C:8]1([H:18])[H:19])([H:20])[H:21])([H:11])[C:2](=[O:1])[O:3][H:10])([H:12])[H:13])([H:14])[H:15])[H:17],,
9,0.4259564884171005,RESP2,PW6B95/cc-pV(D+d)Z,1.0,0.8500000000000001,H,resp2,10,[H:16][C:7]1([C:6]([C:5]([C:4]([C:9]([C:8]1([H:18])[H:19])([H:20])[H:21])([H:11])[C:2](=[O:1])[O:3][H:10])([H:12])[H:13])([H:14])[H:15])[H:17],,
10,0.021723999638870076,RESP2,PW6B95/cc-pV(D+d)Z,1.0,0.8500000000000001,H,resp2,11,[H:16][C:7]1([C:6]([C:5]([C:4]([C:9]([C:8]1([H:18])[H:19])([H:20])[H:21])([H:11])[C:2](=[O:1])[O:3][H:10])([H:12])[H:13])([H:14])[H:15])[H:17],,
11,0.016615360750581086,RESP2,PW6B95/cc-pV(D+d)Z,1.0,0.8500000000000001,H,resp2,12,[H:16][C:7]1([C:6]([C:5]([C:4]([C:9]([C:8]1([H:18])[H:19])([H:20])[H:21])([H:11])[C:2](=[O:1])[O:3][H:10])([H:12])[H:13])([H:14])[H:15])[H:17],,
12,0.01587248763356416,RESP2,PW6B95/cc-pV(D+d)Z,1.0,0.8500000000000001,H,resp2,13,[H:16][C:7]1([C:6]([C:5]([C:4]([C:9]([C:8]1([H:18])[H:19])([H:20])[H:21])([H:11])[C:2](=[O:1])[O:3][H:10])([H:12])[H:13])([H:14])[H:15])[H:17],,
13,0.005327998001292949,RESP2,PW6B95/cc-pV(D+d)Z,1.0,0.8500000000000001,H,resp2,14,[H:16][C:7]1([C:6]([C:5]([C:4]([C:9]([C:8]1([H:18])[H:19])([H:20])[H:21])([H:11])[C:2](=[O:1])[O:3][H:10])([H:12])[H:13])([H:14])[H:15])[H:17],,
14,0.0038015745055835046,RESP2,PW6B95/cc-pV(D+d)Z,1.0,0.8500000000000001,H,resp2,15,[H:16][C:7]1([C:6]([C:5]([C:4]([C:9]([C:8]1([H:18])[H:19])([H:20])[H:21])([H:11])[C:2](=[O:1])[O:3][H:10])([H:12])[H:13])([H:14])[H:15])[H:17],,
15,-0.004351390303207024,RESP2,PW6B95/cc-pV(D+d)Z,1.0,0.8500000000000001,H,resp2,16,[H:16][C:7]1([C:6]([C:5]([C:4]([C:9]([C:8]1([H:18])[H:19])([H:20])[H:21])([H:11])[C:2](=[O:1])[O:3][H:10])([H:12])[H:13])([H:14])[H:15])[H:17],,
16,-0.0004425310691500612,RESP2,PW6B95/cc-pV(D+d)Z,1.0,0.8500000000000001,H,resp2,17,[H:16][C:7]1([C:6]([C:5]([C:4]([C:9]([C:8]1([H:18])[H:19])([H:20])[H:21])([H:11])[C:2](=[O:1])[O:3][H:10])([H:12])[H:13])([H:14])[H:15])[H:17],,
17,0.006116210241830921,RESP2,PW6B95/cc-pV(D+d)Z,1.0,0.8500000000000001,H,resp2,18,[H:16][C:7]1([C:6]([C:5]([C:4]([C:9]([C:8]1([H:18])[H:19])([H:20])[H:21])([H:11])[C:2](=[O:1])[O:3][H:10])([H:12])[H:13])([H:14])[H:15])[H:17],,
18,0.003226521766183121,RESP2,PW6B95/cc-pV(D+d)Z,1.0,0.8500000000000001,H,resp2,19,[H:16][C:7]1([C:6]([C:5]([C:4]([C:9]([C:8]1([H:18])[H:19])([H:20])[H:21])([H:11])[C:2](=[O:1])[O:3][H:10])([H:12])[H:13])([H:14])[H:15])[H:17],,
19,0.01274975144084807,RESP2,PW6B95/cc-pV(D+d)Z,1.0,0.8500000000000001,H,resp2,20,[H:16][C:7]1([C:6]([C:5]([C:4]([C:9]([C:8]1([H:18])[H:19])([H:20])[H:21])([H:11])[C:2](=[O:1])[O:3][H:10])([H:12])[H:13])([H:14])[H:15])[H:17],,
20,0.013993278912377938,RESP2,PW6B95/cc-pV(D+d)Z,1.0,0.8500000000000001,H,resp2,21,[H:16][C:7]1([C:6]([C:5]([C:4]([C:9]([C:8]1([H:18])[H:19])([H:20])[H:21])([H:11])[C:2](=[O:1])[O:3][H:10])([H:12])[H:13])([H:14])[H:15])[H:17],,
0,-0.5340480840920638,RESP2,PW6B95/cc-pV(D+d)Z,1.0,0.9,O,resp2,1,[H:16][C:7]1([C:6]([C:5]([C:4]([C:9]([C:8]1([H:18])[H:19])([H:20])[H:21])([H:11])[C:2](=[O:1])[O:3][H:10])([H:12])[H:13])([H:14])[H:15])[H:17],,
1,0.5376082646080945,RESP2,PW6B95/cc-pV(D+d)Z,1.0,0.9,C,resp2,2,[H:16][C:7]1([C:6]([C:5]([C:4]([C:9]([C:8]1([H:18])[H:19])([H:20])[H:21])([H:11])[C:2](=[O:1])[O:3][H:10])([H:12])[H:13])([H:14])[H:15])[H:17],,
2,-0.5377308370005447,RESP2,PW6B95/cc-pV(D+d)Z,1.0,0.9,O,resp2,3,[H:16][C:7]1([C:6]([C:5]([C:4]([C:9]([C:8]1([H:18])[H:19])([H:20])[H:21])([H:11])[C:2](=[O:1])[O:3][H:10])([H:12])[H:13])([H:14])[H:15])[H:17],,
3,0.053082801533577265,RESP2,PW6B95/cc-pV(D+d)Z,1.0,0.9,C,resp2,4,[H:16][C:7]1([C:6]([C:5]([C:4]([C:9]([C:8]1([H:18])[H:19])([H:20])[H:21])([H:11])[C:2](=[O:1])[O:3][H:10])([H:12])[H:13])([H:14])[H:15])[H:17],,
4,-0.03478574380404402,RESP2,PW6B95/cc-pV(D+d)Z,1.0,0.9,C,resp2,5,[H:16][C:7]1([C:6]([C:5]([C:4]([C:9]([C:8]1([H:18])[H:19])([H:20])[H:21])([H:11])[C:2](=[O:1])[O:3][H:10])([H:12])[H:13])([H:14])[H:15])[H:17],,
5,0.0017065161000026322,RESP2,PW6B95/cc-pV(D+d)Z,1.0,0.9,C,resp2,6,[H:16][C:7]1([C:6]([C:5]([C:4]([C:9]([C:8]1([H:18])[H:19])([H:20])[H:21])([H:11])[C:2](=[O:1])[O:3][H:10])([H:12])[H:13])([H:14])[H:15])[H:17],,
6,0.019740446665746206,RESP2,PW6B95/cc-pV(D+d)Z,1.0,0.9,C,resp2,7,[H:16][C:7]1([C:6]([C:5]([C:4]([C:9]([C:8]1([H:18])[H:19])([H:20])[H:21])([H:11])[C:2](=[O:1])[O:3][H:10])([H:12])[H:13])([H:14])[H:15])[H:17],,
7,-0.002653805899853598,RESP2,PW6B95/cc-pV(D+d)Z,1.0,0.9,C,resp2,8,[H:16][C:7]1([C:6]([C:5]([C:4]([C:9]([C:8]1([H:18])[H:19])([H:20])[H:21])([H:11])[C:2](=[O:1])[O:3][H:10])([H:12])[H:13])([H:14])[H:15])[H:17],,
8,-0.025246855708636936,RESP2,PW6B95/cc-pV(D+d)Z,1.0,0.9,C,resp2,9,[H:16][C:7]1([C:6]([C:5]([C:4]([C:9]([C:8]1([H:18])[H:19])([H:20])[H:21])([H:11])[C:2](=[O:1])[O:3][H:10])([H:12])[H:13])([H:14])[H:15])[H:17],,
9,0.42771915935297145,RESP2,PW6B95/cc-pV(D+d)Z,1.0,0.9,H,resp2,10,[H:16][C:7]1([C:6]([C:5]([C:4]([C:9]([C:8]1([H:18])[H:19])([H:20])[H:21])([H:11])[C:2](=[O:1])[O:3][H:10])([H:12])[H:13])([H:14])[H:15])[H:17],,
10,0.022621870894838716,RESP2,PW6B95/cc-pV(D+d)Z,1.0,0.9,H,resp2,11,[H:16][C:7]1([C:6]([C:5]([C:4]([C:9]([C:8]1([H:18])[H:19])([H:20])[H:21])([H:11])[C:2](=[O:1])[O:3][H:10])([H:12])[H:13])([H:14])[H:15])[H:17],,
11,0.016426303539001732,RESP2,PW6B95/cc-pV(D+d)Z,1.0,0.9,H,resp2,12,[H:16][C:7]1([C:6]([C:5]([C:4]([C:9]([C:8]1([H:18])[H:19])([H:20])[H:21])([H:11])[C:2](=[O:1])[O:3][H:10])([H:12])[H:13])([H:14])[H:15])[H:17],,
12,0.016037116877218087,RESP2,PW6B95/cc-pV(D+d)Z,1.0,0.9,H,resp2,13,[H:16][C:7]1([C:6]([C:5]([C:4]([C:9]([C:8]1([H:18])[H:19])([H:20])[H:21])([H:11])[C:2](=[O:1])[O:3][H:10])([H:12])[H:13])([H:14])[H:15])[H:17],,
13,0.005217368246214063,RESP2,PW6B95/cc-pV(D+d)Z,1.0,0.9,H,resp2,14,[H:16][C:7]1([C:6]([C:5]([C:4]([C:9]([C:8]1([H:18])[H:19])([H:20])[H:21])([H:11])[C:2](=[O:1])[O:3][H:10])([H:12])[H:13])([H:14])[H:15])[H:17],,
14,0.003561252970313983,RESP2,PW6B95/cc-pV(D+d)Z,1.0,0.9,H,resp2,15,[H:16][C:7]1([C:6]([C:5]([C:4]([C:9]([C:8]1([H:18])[H:19])([H:20])[H:21])([H:11])[C:2](=[O:1])[O:3][H:10])([H:12])[H:13])([H:14])[H:15])[H:17],,
15,-0.00494092415140071,RESP2,PW6B95/cc-pV(D+d)Z,1.0,0.9,H,resp2,16,[H:16][C:7]1([C:6]([C:5]([C:4]([C:9]([C:8]1([H:18])[H:19])([H:20])[H:21])([H:11])[C:2](=[O:1])[O:3][H:10])([H:12])[H:13])([H:14])[H:15])[H:17],,
16,-0.0010738447044551286,RESP2,PW6B95/cc-pV(D+d)Z,1.0,0.9,H,resp2,17,[H:16][C:7]1([C:6]([C:5]([C:4]([C:9]([C:8]1([H:18])[H:19])([H:20])[H:21])([H:11])[C:2](=[O:1])[O:3][H:10])([H:12])[H:13])([H:14])[H:15])[H:17],,
17,0.006639059507417816,RESP2,PW6B95/cc-pV(D+d)Z,1.0,0.9,H,resp2,18,[H:16][C:7]1([C:6]([C:5]([C:4]([C:9]([C:8]1([H:18])[H:19])([H:20])[H:21])([H:11])[C:2](=[O:1])[O:3][H:10])([H:12])[H:13])([H:14])[H:15])[H:17],,
18,0.003724728505180725,RESP2,PW6B95/cc-pV(D+d)Z,1.0,0.9,H,resp2,19,[H:16][C:7]1([C:6]([C:5]([C:4]([C:9]([C:8]1([H:18])[H:19])([H:20])[H:21])([H:11])[C:2](=[O:1])[O:3][H:10])([H:12])[H:13])([H:14])[H:15])[H:17],,
19,0.012543891544014177,RESP2,PW6B95/cc-pV(D+d)Z,1.0,0.9,H,resp2,20,[H:16][C:7]1([C:6]([C:5]([C:4]([C:9]([C:8]1([H:18])[H:19])([H:20])[H:21])([H:11])[C:2](=[O:1])[O:3][H:10])([H:12])[H:13])([H:14])[H:15])[H:17],,
20,0.013851315016407701,RESP2,PW6B95/cc-pV(D+d)Z,1.0,0.9,H,resp2,21,[H:16][C:7]1([C:6]([C:5]([C:4]([C:9]([C:8]1([H:18])[H:19])([H:20])[H:21])([H:11])[C:2](=[O:1])[O:3][H:10])([H:12])[H:13])([H:14])[H:15])[H:17],,
0,-0.5370585685283773,RESP2,PW6B95/cc-pV(D+d)Z,1.0,0.9500000000000001,O,resp2,1,[H:16][C:7]1([C:6]([C:5]([C:4]([C:9]([C:8]1([H:18])[H:19])([H:20])[H:21])([H:11])[C:2](=[O:1])[O:3][H:10])([H:12])[H:13])([H:14])[H:15])[H:17],,
1,0.5391040778076832,RESP2,PW6B95/cc-pV(D+d)Z,1.0,0.9500000000000001,C,resp2,2,[H:16][C:7]1([C:6]([C:5]([C:4]([C:9]([C:8]1([H:18])[H:19])([H:20])[H:21])([H:11])[C:2](=[O:1])[O:3][H:10])([H:12])[H:13])([H:14])[H:15])[H:17],,
2,-0.5388054647056113,RESP2,PW6B95/cc-pV(D+d)Z,1.0,0.9500000000000001,O,resp2,3,[H:16][C:7]1([C:6]([C:5]([C:4]([C:9]([C:8]1([H:18])[H:19])([H:20])[H:21])([H:11])[C:2](=[O:1])[O:3][H:10])([H:12])[H:13])([H:14])[H:15])[H:17],,
3,0.05191619526317323,RESP2,PW6B95/cc-pV(D+d)Z,1.0,0.9500000000000001,C,resp2,4,[H:16][C:7]1([C:6]([C:5]([C:4]([C:9]([C:8]1([H:18])[H:19])([H:20])[H:21])([H:11])[C:2](=[O:1])[O:3][H:10])([H:12])[H:13])([H:14])[H:15])[H:17],,
4,-0.0342824554455142,RESP2,PW6B95/cc-pV(D+d)Z,1.0,0.9500000000000001,C,resp2,5,[H:16][C:7]1([C:6]([C:5]([C:4]([C:9]([C:8]1([H:18])[H:19])([H:20])[H:21])([H:11])[C:2](=[O:1])[O:3][H:10])([H:12])[H:13])([H:14])[H:15])[H:17],,
5,0.0016975901922126162,RESP2,PW6B95/cc-pV(D+d)Z,1.0,0.9500000000000001,C,resp2,6,[H:16][C:7]1([C:6]([C:5]([C:4]([C:9]([C:8]1([H:18])[H:19])([H:20])[H:21])([H:11])[C:2](=[O:1])[O:3][H:10])([H:12])[H:13])([H:14])[H:15])[H:17],,
6,0.022245753839005428,RESP2,PW6B95/cc-pV(D+d)Z,1.0,0.9500000000000001,C,resp2,7,[H:16][C:7]1([C:6]([C:5]([C:4]([C:9]([C:8]1([H:18])[H:19])([H:20])[H:21])([H:11])[C:2](=[O:1])[O:3][H:10])([H:12])[H:13])([H:14])[H:15])[H:17],,
7,-0.004763836733517415,RESP2,PW6B95/cc-pV(D+d)Z,1.0,0.9500000000000001,C,resp2,8,[H:16][C:7]1([C:6]([C:5]([C:4]([C:9]([C:8]1([H:18])[H:19])([H:20])[H:21])([H:11])[C:2](=[O:1])[O:3][H:10])([H:12])[H:13])([H:14])[H:15])[H:17],,
8,-0.02411813694862413,RESP2,PW6B95/cc-pV(D+d)Z,1.0,0.9500000000000001,C,resp2,9,[H:16][C:7]1([C:6]([C:5]([C:4]([C:9]([C:8]1([H:18])[H:19])([H:20])[H:21])([H:11])[C:2](=[O:1])[O:3][H:10])([H:12])[H:13])([H:14])[H:15])[H:17],,
9,0.4294818302888425,RESP2,PW6B95/cc-pV(D+d)Z,1.0,0.9500000000000001,H,resp2,10,[H:16][C:7]1([C:6]([C:5]([C:4]([C:9]([C:8]1([H:18])[H:19])([H:20])[H:21])([H:11])[C:2](=[O:1])[O:3][H:10])([H:12])[H:13])([H:14])[H:15])[H:17],,
10,0.023519742150807346,RESP2,PW6B95/cc-pV(D+d)Z,1.0,0.9500000000000001,H,resp2,11,[H:16][C:7]1([C:6]([C:5]([C:4]([C:9]([C:8]1([H:18])[H:19])([H:20])[H:21])([H:11])[C:2](=[O:1])[O:3][H:10])([H:12])[H:13])([H:14])[H:15])[H:17],,
11,0.016237246327422364,RESP2,PW6B95/cc-pV(D+d)Z,1.0,0.9500000000000001,H,resp2,12,[H:16][C:7]1([C:6]([C:5]([C:4]([C:9]([C:8]1([H:18])[H:19])([H:20])[H:21])([H:11])[C:2](=[O:1])[O:3][H:10])([H:12])[H:13])([H:14])[H:15])[H:17],,
12,0.016201746120872003,RESP2,PW6B95/cc-pV(D+d)Z,1.0,0.9500000000000001,H,resp2,13,[H:16][C:7]1([C:6]([C:5]([C:4]([C:9]([C:8]1([H:18])[H:19])([H:20])[H:21])([H:11])[C:2](=[O:1])[O:3][H:10])([H:12])[H:13])([H:14])[H:15])[H:17],,
13,0.005106738491135166,RESP2,PW6B95/cc-pV(D+d)Z,1.0,0.9500000000000001,H,resp2,14,[H:16][C:7]1([C:6]([C:5]([C:4]([C:9]([C:8]1([H:18])[H:19])([H:20])[H:21])([H:11])[C:2](=[O:1])[O:3][H:10])([H:12])[H:13])([H:14])[H:15])[H:17],,
14,0.0033209314350444493,RESP2,PW6B95/cc-pV(D+d)Z,1.0,0.9500000000000001,H,resp2,15,[H:16][C:7]1([C:6]([C:5]([C:4]([C:9]([C:8]1([H:18])[H:19])([H:20])[H:21])([H:11])[C:2](=[O:1])[O:3][H:10])([H:12])[H:13])([H:14])[H:15])[H:17],,
15,-0.005530457999594407,RESP2,PW6B95/cc-pV(D+d)Z,1.0,0.9500000000000001,H,resp2,16,[H:16][C:7]1([C:6]([C:5]([C:4]([C:9]([C:8]1([H:18])[H:19])([H:20])[H:21])([H:11])[C:2](=[O:1])[O:3][H:10])([H:12])[H:13])([H:14])[H:15])[H:17],,
16,-0.0017051583397602083,RESP2,PW6B95/cc-pV(D+d)Z,1.0,0.9500000000000001,H,resp2,17,[H:16][C:7]1([C:6]([C:5]([C:4]([C:9]([C:8]1([H:18])[H:19])([H:20])[H:21])([H:11])[C:2](=[O:1])[O:3][H:10])([H:12])[H:13])([H:14])[H:15])[H:17],,
17,0.007161908773004702,RESP2,PW6B95/cc-pV(D+d)Z,1.0,0.9500000000000001,H,resp2,18,[H:16][C:7]1([C:6]([C:5]([C:4]([C:9]([C:8]1([H:18])[H:19])([H:20])[H:21])([H:11])[C:2](=[O:1])[O:3][H:10])([H:12])[H:13])([H:14])[H:15])[H:17],,
18,0.004222935244178319,RESP2,PW6B95/cc-pV(D+d)Z,1.0,0.9500000000000001,H,resp2,19,[H:16][C:7]1([C:6]([C:5]([C:4]([C:9]([C:8]1([H:18])[H:19])([H:20])[H:21])([H:11])[C:2](=[O:1])[O:3][H:10])([H:12])[H:13])([H:14])[H:15])[H:17],,
19,0.012338031647180274,RESP2,PW6B95/cc-pV(D+d)Z,1.0,0.9500000000000001,H,resp2,20,[H:16][C:7]1([C:6]([C:5]([C:4]([C:9]([C:8]1([H:18])[H:19])([H:20])[H:21])([H:11])[C:2](=[O:1])[O:3][H:10])([H:12])[H:13])([H:14])[H:15])[H:17],,
20,0.013709351120437452,RESP2,PW6B95/cc-pV(D+d)Z,1.0,0.9500000000000001,H,resp2,21,[H:16][C:7]1([C:6]([C:5]([C:4]([C:9]([C:8]1([H:18])[H:19])([H:20])[H:21])([H:11])[C:2](=[O:1])[O:3][H:10])([H:12])[H:13])([H:14])[H:15])[H:17],,
0,-0.5400690529646908,RESP2,PW6B95/cc-pV(D+d)Z,1.0,1.0,O,resp2,1,[H:16][C:7]1([C:6]([C:5]([C:4]([C:9]([C:8]1([H:18])[H:19])([H:20])[H:21])([H:11])[C:2](=[O:1])[O:3][H:10])([H:12])[H:13])([H:14])[H:15])[H:17],,
1,0.5405998910072719,RESP2,PW6B95/cc-pV(D+d)Z,1.0,1.0,C,resp2,2,[H:16][C:7]1([C:6]([C:5]([C:4]([C:9]([C:8]1([H:18])[H:19])([H:20])[H:21])([H:11])[C:2](=[O:1])[O:3][H:10])([H:12])[H:13])([H:14])[H:15])[H:17],,
2,-0.539880092410678,RESP2,PW6B95/cc-pV(D+d)Z,1.0,1.0,O,resp2,3,[H:16][C:7]1([C:6]([C:5]([C:4]([C:9]([C:8]1([H:18])[H:19])([H:20])[H:21])([H:11])[C:2](=[O:1])[O:3][H:10])([H:12])[H:13])([H:14])[H:15])[H:17],,
3,0.05074958899276921,RESP2,PW6B95/cc-pV(D+d)Z,1.0,1.0,C,resp2,4,[H:16][C:7]1([C:6]([C:5]([C:4]([C:9]([C:8]1([H:18])[H:19])([H:20])[H:21])([H:11])[C:2](=[O:1])[O:3][H:10])([H:12])[H:13])([H:14])[H:15])[H:17],,
4,-0.03377916708698438,RESP2,PW6B95/cc-pV(D+d)Z,1.0,1.0,C,resp2,5,[H:16][C:7]1([C:6]([C:5]([C:4]([C:9]([C:8]1([H:18])[H:19])([H:20])[H:21])([H:11])[C:2](=[O:1])[O:3][H:10])([H:12])[H:13])([H:14])[H:15])[H:17],,
5,0.0016886642844226093,RESP2,PW6B95/cc-pV(D+d)Z,1.0,1.0,C,resp2,6,[H:16][C:7]1([C:6]([C:5]([C:4]([C:9]([C:8]1([H:18])[H:19])([H:20])[H:21])([H:11])[C:2](=[O:1])[O:3][H:10])([H:12])[H:13])([H:14])[H:15])[H:17],,
6,0.02475106101226466,RESP2,PW6B95/cc-pV(D+d)Z,1.0,1.0,C,resp2,7,[H:16][C:7]1([C:6]([C:5]([C:4]([C:9]([C:8]1([H:18])[H:19])([H:20])[H:21])([H:11])[C:2](=[O:1])[O:3][H:10])([H:12])[H:13])([H:14])[H:15])[H:17],,
7,-0.006873867567181218,RESP2,PW6B95/cc-pV(D+d)Z,1.0,1.0,C,resp2,8,[H:16][C:7]1([C:6]([C:5]([C:4]([C:9]([C:8]1([H:18])[H:19])([H:20])[H:21])([H:11])[C:2](=[O:1])[O:3][H:10])([H:12])[H:13])([H:14])[H:15])[H:17],,
8,-0.02298941818861131,RESP2,PW6B95/cc-pV(D+d)Z,1.0,1.0,C,resp2,9,[H:16][C:7]1([C:6]([C:5]([C:4]([C:9]([C:8]1([H:18])[H:19])([H:20])[H:21])([H:11])[C:2](=[O:1])[O:3][H:10])([H:12])[H:13])([H:14])[H:15])[H:17],,
9,0.43124450122471353,RESP2,PW6B95/cc-pV(D+d)Z,1.0,1.0,H,resp2,10,[H:16][C:7]1([C:6]([C:5]([C:4]([C:9]([C:8]1([H:18])[H:19])([H:20])[H:21])([H:11])[C:2](=[O:1])[O:3][H:10])([H:12])[H:13])([H:14])[H:15])[H:17],,
10,0.024417613406775986,RESP2,PW6B95/cc-pV(D+d)Z,1.0,1.0,H,resp2,11,[H:16][C:7]1([C:6]([C:5]([C:4]([C:9]([C:8]1([H:18])[H:19])([H:20])[H:21])([H:11])[C:2](=[O:1])[O:3][H:10])([H:12])[H:13])([H:14])[H:15])[H:17],,
11,0.01604818911584301,RESP2,PW6B95/cc-pV(D+d)Z,1.0,1.0,H,resp2,12,[H:16][C:7]1([C:6]([C:5]([C:4]([C:9]([C:8]1([H:18])[H:19])([H:20])[H:21])([H:11])[C:2](=[O:1])[O:3][H:10])([H:12])[H:13])([H:14])[H:15])[H:17],,
12,0.01636637536452593,RESP2,PW6B95/cc-pV(D+d)Z,1.0,1.0,H,resp2,13,[H:16][C:7]1([C:6]([C:5]([C:4]([C:9]([C:8]1([H:18])[H:19])([H:20])[H:21])([H:11])[C:2](=[O:1])[O:3][H:10])([H:12])[H:13])([H:14])[H:15])[H:17],,
13,0.004996108736056277,RESP2,PW6B95/cc-pV(D+d)Z,1.0,1.0,H,resp2,14,[H:16][C:7]1([C:6]([C:5]([C:4]([C:9]([C:8]1([H:18])[H:19])([H:20])[H:21])([H:11])[C:2](=[O:1])[O:3][H:10])([H:12])[H:13])([H:14])[H:15])[H:17],,
14,0.0030806098997749254,RESP2,PW6B95/cc-pV(D+d)Z,1.0,1.0,H,resp2,15,[H:16][C:7]1([C:6]([C:5]([C:4]([C:9]([C:8]1([H:18])[H:19])([H:20])[H:21])([H:11])[C:2](=[O:1])[O:3][H:10])([H:12])[H:13])([H:14])[H:15])[H:17],,
15,-0.006119991847788096,RESP2,PW6B95/cc-pV(D+d)Z,1.0,1.0,H,resp2,16,[H:16][C:7]1([C:6]([C:5]([C:4]([C:9]([C:8]1([H:18])[H:19])([H:20])[H:21])([H:11])[C:2](=[O:1])[O:3][H:10])([H:12])[H:13])([H:14])[H:15])[H:17],,
16,-0.002336471975065278,RESP2,PW6B95/cc-pV(D+d)Z,1.0,1.0,H,resp2,17,[H:16][C:7]1([C:6]([C:5]([C:4]([C:9]([C:8]1([H:18])[H:19])([H:20])[H:21])([H:11])[C:2](=[O:1])[O:3][H:10])([H:12])[H:13])([H:14])[H:15])[H:17],,
17,0.007684758038591594,RESP2,PW6B95/cc-pV(D+d)Z,1.0,1.0,H,resp2,18,[H:16][C:7]1([C:6]([C:5]([C:4]([C:9]([C:8]1([H:18])[H:19])([H:20])[H:21])([H:11])[C:2](=[O:1])[O:3][H:10])([H:12])[H:13])([H:14])[H:15])[H:17],,
18,0.00472114198317592,RESP2,PW6B95/cc-pV(D+d)Z,1.0,1.0,H,resp2,19,[H:16][C:7]1([C:6]([C:5]([C:4]([C:9]([C:8]1([H:18])[H:19])([H:20])[H:21])([H:11])[C:2](=[O:1])[O:3][H:10])([H:12])[H:13])([H:14])[H:15])[H:17],,
19,0.012132171750346378,RESP2,PW6B95/cc-pV(D+d)Z,1.0,1.0,H,resp2,20,[H:16][C:7]1([C:6]([C:5]([C:4]([C:9]([C:8]1([H:18])[H:19])([H:20])[H:21])([H:11])[C:2](=[O:1])[O:3][H:10])([H:12])[H:13])([H:14])[H:15])[H:17],,
20,0.013567387224467212,RESP2,PW6B95/cc-pV(D+d)Z,1.0,1.0,H,resp2,21,[H:16][C:7]1([C:6]([C:5]([C:4]([C:9]([C:8]1([H:18])[H:19])([H:20])[H:21])([H:11])[C:2](=[O:1])[O:3][H:10])([H:12])[H:13])([H:14])[H:15])[H:17],,
0,-0.47985938769255987,RESP2,PW6B95/cc-pV(D+d)Z,,0.0,O,resp2,1,[H:16][C:7]1([C:6]([C:5]([C:4]([C:9]([C:8]1([H:18])[H:19])([H:20])[H:21])([H:11])[C:2](=[O:1])[O:3][H:10])([H:12])[H:13])([H:14])[H:15])[H:17],,
1,0.5106835238756181,RESP2,PW6B95/cc-pV(D+d)Z,,0.0,C,resp2,2,[H:16][C:7]1([C:6]([C:5]([C:4]([C:9]([C:8]1([H:18])[H:19])([H:20])[H:21])([H:11])[C:2](=[O:1])[O:3][H:10])([H:12])[H:13])([H:14])[H:15])[H:17],,
2,-0.5183875474768865,RESP2,PW6B95/cc-pV(D+d)Z,,0.0,O,resp2,3,[H:16][C:7]1([C:6]([C:5]([C:4]([C:9]([C:8]1([H:18])[H:19])([H:20])[H:21])([H:11])[C:2](=[O:1])[O:3][H:10])([H:12])[H:13])([H:14])[H:15])[H:17],,
3,0.07408171491064035,RESP2,PW6B95/cc-pV(D+d)Z,,0.0,C,resp2,4,[H:16][C:7]1([C:6]([C:5]([C:4]([C:9]([C:8]1([H:18])[H:19])([H:20])[H:21])([H:11])[C:2](=[O:1])[O:3][H:10])([H:12])[H:13])([H:14])[H:15])[H:17],,
4,-0.04384437803123103,RESP2,PW6B95/cc-pV(D+d)Z,,0.0,C,resp2,5,[H:16][C:7]1([C:6]([C:5]([C:4]([C:9]([C:8]1([H:18])[H:19])([H:20])[H:21])([H:11])[C:2](=[O:1])[O:3][H:10])([H:12])[H:13])([H:14])[H:15])[H:17],,
5,0.0018669722561001508,RESP2,PW6B95/cc-pV(D+d)Z,,0.0,C,resp2,6,[H:16][C:7]1([C:6]([C:5]([C:4]([C:9]([C:8]1([H:18])[H:19])([H:20])[H:21])([H:11])[C:2](=[O:1])[O:3][H:10])([H:12])[H:13])([H:14])[H:15])[H:17],,
6,-0.025355104128018405,RESP2,PW6B95/cc-pV(D+d)Z,,0.0,C,resp2,7,[H:16][C:7]1([C:6]([C:5]([C:4]([C:9]([C:8]1([H:18])[H:19])([H:20])[H:21])([H:11])[C:2](=[O:1])[O:3][H:10])([H:12])[H:13])([H:14])[H:15])[H:17],,
7,0.035326498427900824,RESP2,PW6B95/cc-pV(D+d)Z,,0.0,C,resp2,8,[H:16][C:7]1([C:6]([C:5]([C:4]([C:9]([C:8]1([H:18])[H:19])([H:20])[H:21])([H:11])[C:2](=[O:1])[O:3][H:10])([H:12])[H:13])([H:14])[H:15])[H:17],,
8,-0.04556376092436376,RESP2,PW6B95/cc-pV(D+d)Z,,0.0,C,resp2,9,[H:16][C:7]1([C:6]([C:5]([C:4]([C:9]([C:8]1([H:18])[H:19])([H:20])[H:21])([H:11])[C:2](=[O:1])[O:3][H:10])([H:12])[H:13])([H:14])[H:15])[H:17],,
9,0.395991107225796,RESP2,PW6B95/cc-pV(D+d)Z,,0.0,H,resp2,10,[H:16][C:7]1([C:6]([C:5]([C:4]([C:9]([C:8]1([H:18])[H:19])([H:20])[H:21])([H:11])[C:2](=[O:1])[O:3][H:10])([H:12])[H:13])([H:14])[H:15])[H:17],,
10,0.006460175516354293,RESP2,PW6B95/cc-pV(D+d)Z,,0.0,H,resp2,11,[H:16][C:7]1([C:6]([C:5]([C:4]([C:9]([C:8]1([H:18])[H:19])([H:20])[H:21])([H:11])[C:2](=[O:1])[O:3][H:10])([H:12])[H:13])([H:14])[H:15])[H:17],,
11,0.019829229296439706,RESP2,PW6B95/cc-pV(D+d)Z,,0.0,H,resp2,12,[H:16][C:7]1([C:6]([C:5]([C:4]([C:9]([C:8]1([H:18])[H:19])([H:20])[H:21])([H:11])[C:2](=[O:1])[O:3][H:10])([H:12])[H:13])([H:14])[H:15])[H:17],,
12,0.013073627039375204,RESP2,PW6B95/cc-pV(D+d)Z,,0.0,H,resp2,13,[H:16][C:7]1([C:6]([C:5]([C:4]([C:9]([C:8]1([H:18])[H:19])([H:20])[H:21])([H:11])[C:2](=[O:1])[O:3][H:10])([H:12])[H:13])([H:14])[H:15])[H:17],,
13,0.007208724736227844,RESP2,PW6B95/cc-pV(D+d)Z,,0.0,H,resp2,14,[H:16][C:7]1([C:6]([C:5]([C:4]([C:9]([C:8]1([H:18])[H:19])([H:20])[H:21])([H:11])[C:2](=[O:1])[O:3][H:10])([H:12])[H:13])([H:14])[H:15])[H:17],,
14,0.007887067306469363,RESP2,PW6B95/cc-pV(D+d)Z,,0.0,H,resp2,15,[H:16][C:7]1([C:6]([C:5]([C:4]([C:9]([C:8]1([H:18])[H:19])([H:20])[H:21])([H:11])[C:2](=[O:1])[O:3][H:10])([H:12])[H:13])([H:14])[H:15])[H:17],,
15,0.0056707382138570465,RESP2,PW6B95/cc-pV(D+d)Z,,0.0,H,resp2,16,[H:16][C:7]1([C:6]([C:5]([C:4]([C:9]([C:8]1([H:18])[H:19])([H:20])[H:21])([H:11])[C:2](=[O:1])[O:3][H:10])([H:12])[H:13])([H:14])[H:15])[H:17],,
16,0.010289838960591598,RESP2,PW6B95/cc-pV(D+d)Z,,0.0,H,resp2,17,[H:16][C:7]1([C:6]([C:5]([C:4]([C:9]([C:8]1([H:18])[H:19])([H:20])[H:21])([H:11])[C:2](=[O:1])[O:3][H:10])([H:12])[H:13])([H:14])[H:15])[H:17],,
17,-0.0027721750548882077,RESP2,PW6B95/cc-pV(D+d)Z,,0.0,H,resp2,18,[H:16][C:7]1([C:6]([C:5]([C:4]([C:9]([C:8]1([H:18])[H:19])([H:20])[H:21])([H:11])[C:2](=[O:1])[O:3][H:10])([H:12])[H:13])([H:14])[H:15])[H:17],,
18,-0.005242934076452264,RESP2,PW6B95/cc-pV(D+d)Z,,0.0,H,resp2,19,[H:16][C:7]1([C:6]([C:5]([C:4]([C:9]([C:8]1([H:18])[H:19])([H:20])[H:21])([H:11])[C:2](=[O:1])[O:3][H:10])([H:12])[H:13])([H:14])[H:15])[H:17],,
19,0.016249387820074238,RESP2,PW6B95/cc-pV(D+d)Z,,0.0,H,resp2,20,[H:16][C:7]1([C:6]([C:5]([C:4]([C:9]([C:8]1([H:18])[H:19])([H:20])[H:21])([H:11])[C:2](=[O:1])[O:3][H:10])([H:12])[H:13])([H:14])[H:15])[H:17],,
20,0.01640668179895545,RESP2,PW6B95/cc-pV(D+d)Z,,0.0,H,resp2,21,[H:16][C:7]1([C:6]([C:5]([C:4]([C:9]([C:8]1([H:18])[H:19])([H:20])[H:21])([H:11])[C:2](=[O:1])[O:3][H:10])([H:12])[H:13])([H:14])[H:15])[H:17],,
0,-0.4828698715617504,RESP2,PW6B95/cc-pV(D+d)Z,,0.05,O,resp2,1,[H:16][C:7]1([C:6]([C:5]([C:4]([C:9]([C:8]1([H:18])[H:19])([H:20])[H:21])([H:11])[C:2](=[O:1])[O:3][H:10])([H:12])[H:13])([H:14])[H:15])[H:17],,
1,0.5121793363335471,RESP2,PW6B95/cc-pV(D+d)Z,,0.05,C,resp2,2,[H:16][C:7]1([C:6]([C:5]([C:4]([C:9]([C:8]1([H:18])[H:19])([H:20])[H:21])([H:11])[C:2](=[O:1])[O:3][H:10])([H:12])[H:13])([H:14])[H:15])[H:17],,
2,-0.5194621745671516,RESP2,PW6B95/cc-pV(D+d)Z,,0.05,O,resp2,3,[H:16][C:7]1([C:6]([C:5]([C:4]([C:9]([C:8]1([H:18])[H:19])([H:20])[H:21])([H:11])[C:2](=[O:1])[O:3][H:10])([H:12])[H:13])([H:14])[H:15])[H:17],,
3,0.07291510716664346,RESP2,PW6B95/cc-pV(D+d)Z,,0.05,C,resp2,4,[H:16][C:7]1([C:6]([C:5]([C:4]([C:9]([C:8]1([H:18])[H:19])([H:20])[H:21])([H:11])[C:2](=[O:1])[O:3][H:10])([H:12])[H:13])([H:14])[H:15])[H:17],,
4,-0.043341100039402135,RESP2,PW6B95/cc-pV(D+d)Z,,0.05,C,resp2,5,[H:16][C:7]1([C:6]([C:5]([C:4]([C:9]([C:8]1([H:18])[H:19])([H:20])[H:21])([H:11])[C:2](=[O:1])[O:3][H:10])([H:12])[H:13])([H:14])[H:15])[H:17],,
5,0.0018580390699839337,RESP2,PW6B95/cc-pV(D+d)Z,,0.05,C,resp2,6,[H:16][C:7]1([C:6]([C:5]([C:4]([C:9]([C:8]1([H:18])[H:19])([H:20])[H:21])([H:11])[C:2](=[O:1])[O:3][H:10])([H:12])[H:13])([H:14])[H:15])[H:17],,
6,-0.022849788318083222,RESP2,PW6B95/cc-pV(D+d)Z,,0.05,C,resp2,7,[H:16][C:7]1([C:6]([C:5]([C:4]([C:9]([C:8]1([H:18])[H:19])([H:20])[H:21])([H:11])[C:2](=[O:1])[O:3][H:10])([H:12])[H:13])([H:14])[H:15])[H:17],,
7,0.03321645524100159,RESP2,PW6B95/cc-pV(D+d)Z,,0.05,C,resp2,8,[H:16][C:7]1([C:6]([C:5]([C:4]([C:9]([C:8]1([H:18])[H:19])([H:20])[H:21])([H:11])[C:2](=[O:1])[O:3][H:10])([H:12])[H:13])([H:14])[H:15])[H:17],,
8,-0.04443502616294193,RESP2,PW6B95/cc-pV(D+d)Z,,0.05,C,resp2,9,[H:16][C:7]1([C:6]([C:5]([C:4]([C:9]([C:8]1([H:18])[H:19])([H:20])[H:21])([H:11])[C:2](=[O:1])[O:3][H:10])([H:12])[H:13])([H:14])[H:15])[H:17],,
9,0.3977537784492854,RESP2,PW6B95/cc-pV(D+d)Z,,0.05,H,resp2,10,[H:16][C:7]1([C:6]([C:5]([C:4]([C:9]([C:8]1([H:18])[H:19])([H:20])[H:21])([H:11])[C:2](=[O:1])[O:3][H:10])([H:12])[H:13])([H:14])[H:15])[H:17],,
10,0.007358046042662361,RESP2,PW6B95/cc-pV(D+d)Z,,0.05,H,resp2,11,[H:16][C:7]1([C:6]([C:5]([C:4]([C:9]([C:8]1([H:18])[H:19])([H:20])[H:21])([H:11])[C:2](=[O:1])[O:3][H:10])([H:12])[H:13])([H:14])[H:15])[H:17],,
11,0.01964017603303066,RESP2,PW6B95/cc-pV(D+d)Z,,0.05,H,resp2,12,[H:16][C:7]1([C:6]([C:5]([C:4]([C:9]([C:8]1([H:18])[H:19])([H:20])[H:21])([H:11])[C:2](=[O:1])[O:3][H:10])([H:12])[H:13])([H:14])[H:15])[H:17],,
12,0.013238259639905757,RESP2,PW6B95/cc-pV(D+d)Z,,0.05,H,resp2,13,[H:16][C:7]1([C:6]([C:5]([C:4]([C:9]([C:8]1([H:18])[H:19])([H:20])[H:21])([H:11])[C:2](=[O:1])[O:3][H:10])([H:12])[H:13])([H:14])[H:15])[H:17],,
13,0.007098096850977017,RESP2,PW6B95/cc-pV(D+d)Z,,0.05,H,resp2,14,[H:16][C:7]1([C:6]([C:5]([C:4]([C:9]([C:8]1([H:18])[H:19])([H:20])[H:21])([H:11])[C:2](=[O:1])[O:3][H:10])([H:12])[H:13])([H:14])[H:15])[H:17],,
14,0.00764674927359689,RESP2,PW6B95/cc-pV(D+d)Z,,0.05,H,resp2,15,[H:16][C:7]1([C:6]([C:5]([C:4]([C:9]([C:8]1([H:18])[H:19])([H:20])[H:21])([H:11])[C:2](=[O:1])[O:3][H:10])([H:12])[H:13])([H:14])[H:15])[H:17],,
15,0.005081204014429921,RESP2,PW6B95/cc-pV(D+d)Z,,0.05,H,resp2,16,[H:16][C:7]1([C:6]([C:5]([C:4]([C:9]([C:8]1([H:18])[H:19])([H:20])[H:21])([H:11])[C:2](=[O:1])[O:3][H:10])([H:12])[H:13])([H:14])[H:15])[H:17],,
16,0.009658523902270236,RESP2,PW6B95/cc-pV(D+d)Z,,0.05,H,resp2,17,[H:16][C:7]1([C:6]([C:5]([C:4]([C:9]([C:8]1([H:18])[H:19])([H:20])[H:21])([H:11])[C:2](=[O:1])[O:3][H:10])([H:12])[H:13])([H:14])[H:15])[H:17],,
17,-0.0022493245200296955,RESP2,PW6B95/cc-pV(D+d)Z,,0.05,H,resp2,18,[H:16][C:7]1([C:6]([C:5]([C:4]([C:9]([C:8]1([H:18])[H:19])([H:20])[H:21])([H:11])[C:2](=[O:1])[O:3][H:10])([H:12])[H:13])([H:14])[H:15])[H:17],,
18,-0.004744725213287594,RESP2,PW6B95/cc-pV(D+d)Z,,0.05,H,resp2,19,[H:16][C:7]1([C:6]([C:5]([C:4]([C:9]([C:8]1([H:18])[H:19])([H:20])[H:21])([H:11])[C:2](=[O:1])[O:3][H:10])([H:12])[H:13])([H:14])[H:15])[H:17],,
19,0.016043524123348578,RESP2,PW6B95/cc-pV(D+d)Z,,0.05,H,resp2,20,[H:16][C:7]1([C:6]([C:5]([C:4]([C:9]([C:8]1([H:18])[H:19])([H:20])[H:21])([H:11])[C:2](=[O:1])[O:3][H:10])([H:12])[H:13])([H:14])[H:15])[H:17],,
20,0.016264714241963733,RESP2,PW6B95/cc-pV(D+d)Z,,0.05,H,resp2,21,[H:16][C:7]1([C:6]([C:5]([C:4]([C:9]([C:8]1([H:18])[H:19])([H:20])[H:21])([H:11])[C:2](=[O:1])[O:3][H:10])([H:12])[H:13])([H:14])[H:15])[H:17],,
0,-0.48588035543094105,RESP2,PW6B95/cc-pV(D+d)Z,,0.1,O,resp2,1,[H:16][C:7]1([C:6]([C:5]([C:4]([C:9]([C:8]1([H:18])[H:19])([H:20])[H:21])([H:11])[C:2](=[O:1])[O:3][H:10])([H:12])[H:13])([H:14])[H:15])[H:17],,
1,0.5136751487914764,RESP2,PW6B95/cc-pV(D+d)Z,,0.1,C,resp2,2,[H:16][C:7]1([C:6]([C:5]([C:4]([C:9]([C:8]1([H:18])[H:19])([H:20])[H:21])([H:11])[C:2](=[O:1])[O:3][H:10])([H:12])[H:13])([H:14])[H:15])[H:17],,
2,-0.5205368016574166,RESP2,PW6B95/cc-pV(D+d)Z,,0.1,O,resp2,3,[H:16][C:7]1([C:6]([C:5]([C:4]([C:9]([C:8]1([H:18])[H:19])([H:20])[H:21])([H:11])[C:2](=[O:1])[O:3][H:10])([H:12])[H:13])([H:14])[H:15])[H:17],,
3,0.07174849942264655,RESP2,PW6B95/cc-pV(D+d)Z,,0.1,C,resp2,4,[H:16][C:7]1([C:6]([C:5]([C:4]([C:9]([C:8]1([H:18])[H:19])([H:20])[H:21])([H:11])[C:2](=[O:1])[O:3][H:10])([H:12])[H:13])([H:14])[H:15])[H:17],,
4,-0.04283782204757324,RESP2,PW6B95/cc-pV(D+d)Z,,0.1,C,resp2,5,[H:16][C:7]1([C:6]([C:5]([C:4]([C:9]([C:8]1([H:18])[H:19])([H:20])[H:21])([H:11])[C:2](=[O:1])[O:3][H:10])([H:12])[H:13])([H:14])[H:15])[H:17],,
5,0.0018491058838677084,RESP2,PW6B95/cc-pV(D+d)Z,,0.1,C,resp2,6,[H:16][C:7]1([C:6]([C:5]([C:4]([C:9]([C:8]1([H:18])[H:19])([H:20])[H:21])([H:11])[C:2](=[O:1])[O:3][H:10])([H:12])[H:13])([H:14])[H:15])[H:17],,
6,-0.02034447250814805,RESP2,PW6B95/cc-pV(D+d)Z,,0.1,C,resp2,7,[H:16][C:7]1([C:6]([C:5]([C:4]([C:9]([C:8]1([H:18])[H:19])([H:20])[H:21])([H:11])[C:2](=[O:1])[O:3][H:10])([H:12])[H:13])([H:14])[H:15])[H:17],,
7,0.031106412054102365,RESP2,PW6B95/cc-pV(D+d)Z,,0.1,C,resp2,8,[H:16][C:7]1([C:6]([C:5]([C:4]([C:9]([C:8]1([H:18])[H:19])([H:20])[H:21])([H:11])[C:2](=[O:1])[O:3][H:10])([H:12])[H:13])([H:14])[H:15])[H:17],,
8,-0.04330629140152012,RESP2,PW6B95/cc-pV(D+d)Z,,0.1,C,resp2,9,[H:16][C:7]1([C:6]([C:5]([C:4]([C:9]([C:8]1([H:18])[H:19])([H:20])[H:21])([H:11])[C:2](=[O:1])[O:3][H:10])([H:12])[H:13])([H:14])[H:15])[H:17],,
9,0.39951644967277467,RESP2,PW6B95/cc-pV(D+d)Z,,0.1,H,resp2,10,[H:16][C:7]1([C:6]([C:5]([C:4]([C:9]([C:8]1([H:18])[H:19])([H:20])[H:21])([H:11])[C:2](=[O:1])[O:3][H:10])([H:12])[H:13])([H:14])[H:15])[H:17],,
10,0.00825591656897042,RESP2,PW6B95/cc-pV(D+d)Z,,0.1,H,resp2,11,[H:16][C:7]1([C:6]([C:5]([C:4]([C:9]([C:8]1([H:18])[H:19])([H:20])[H:21])([H:11])[C:2](=[O:1])[O:3][H:10])([H:12])[H:13])([H:14])[H:15])[H:17],,
11,0.0194511227696216,RESP2,PW6B95/cc-pV(D+d)Z,,0.1,H,resp2,12,[H:16][C:7]1([C:6]([C:5]([C:4]([C:9]([C:8]1([H:18])[H:19])([H:20])[H:21])([H:11])[C:2](=[O:1])[O:3][H:10])([H:12])[H:13])([H:14])[H:15])[H:17],,
12,0.013402892240436308,RESP2,PW6B95/cc-pV(D+d)Z,,0.1,H,resp2,13,[H:16][C:7]1([C:6]([C:5]([C:4]([C:9]([C:8]1([H:18])[H:19])([H:20])[H:21])([H:11])[C:2](=[O:1])[O:3][H:10])([H:12])[H:13])([H:14])[H:15])[H:17],,
13,0.006987468965726182,RESP2,PW6B95/cc-pV(D+d)Z,,0.1,H,resp2,14,[H:16][C:7]1([C:6]([C:5]([C:4]([C:9]([C:8]1([H:18])[H:19])([H:20])[H:21])([H:11])[C:2](=[O:1])[O:3][H:10])([H:12])[H:13])([H:14])[H:15])[H:17],,
14,0.00740643124072441,RESP2,PW6B95/cc-pV(D+d)Z,,0.1,H,resp2,15,[H:16][C:7]1([C:6]([C:5]([C:4]([C:9]([C:8]1([H:18])[H:19])([H:20])[H:21])([H:11])[C:2](=[O:1])[O:3][H:10])([H:12])[H:13])([H:14])[H:15])[H:17],,
15,0.004491669815002788,RESP2,PW6B95/cc-pV(D+d)Z,,0.1,H,resp2,16,[H:16][C:7]1([C:6]([C:5]([C:4]([C:9]([C:8]1([H:18])[H:19])([H:20])[H:21])([H:11])[C:2](=[O:1])[O:3][H:10])([H:12])[H:13])([H:14])[H:15])[H:17],,
16,0.009027208843948867,RESP2,PW6B95/cc-pV(D+d)Z,,0.1,H,resp2,17,[H:16][C:7]1([C:6]([C:5]([C:4]([C:9]([C:8]1([H:18])[H:19])([H:20])[H:21])([H:11])[C:2](=[O:1])[O:3][H:10])([H:12])[H:13])([H:14])[H:15])[H:17],,
17,-0.001726473985171193,RESP2,PW6B95/cc-pV(D+d)Z,,0.1,H,resp2,18,[H:16][C:7]1([C:6]([C:5]([C:4]([C:9]([C:8]1([H:18])[H:19])([H:20])[H:21])([H:11])[C:2](=[O:1])[O:3][H:10])([H:12])[H:13])([H:14])[H:15])[H:17],,
18,-0.004246516350122933,RESP2,PW6B95/cc-pV(D+d)Z,,0.1,H,resp2,19,[H:16][C:7]1([C:6]([C:5]([C:4]([C:9]([C:8]1([H:18])[H:19])([H:20])[H:21])([H:11])[C:2](=[O:1])[O:3][H:10])([H:12])[H:13])([H:14])[H:15])[H:17],,
19,0.01583766042662291,RESP2,PW6B95/cc-pV(D+d)Z,,0.1,H,resp2,20,[H:16][C:7]1([C:6]([C:5]([C:4]([C:9]([C:8]1([H:18])[H:19])([H:20])[H:21])([H:11])[C:2](=[O:1])[O:3][H:10])([H:12])[H:13])([H:14])[H:15])[H:17],,
20,0.01612274668497201,RESP2,PW6B95/cc-pV(D+d)Z,,0.1,H,resp2,21,[H:16][C:7]1([C:6]([C:5]([C:4]([C:9]([C:8]1([H:18])[H:19])([H:20])[H:21])([H:11])[C:2](=[O:1])[O:3][H:10])([H:12])[H:13])([H:14])[H:15])[H:17],,
0,-0.4888908393001316,RESP2,PW6B95/cc-pV(D+d)Z,,0.15000000000000002,O,resp2,1,[H:16][C:7]1([C:6]([C:5]([C:4]([C:9]([C:8]1([H:18])[H:19])([H:20])[H:21])([H:11])[C:2](=[O:1])[O:3][H:10])([H:12])[H:13])([H:14])[H:15])[H:17],,
1,0.5151709612494053,RESP2,PW6B95/cc-pV(D+d)Z,,0.15000000000000002,C,resp2,2,[H:16][C:7]1([C:6]([C:5]([C:4]([C:9]([C:8]1([H:18])[H:19])([H:20])[H:21])([H:11])[C:2](=[O:1])[O:3][H:10])([H:12])[H:13])([H:14])[H:15])[H:17],,
2,-0.5216114287476816,RESP2,PW6B95/cc-pV(D+d)Z,,0.15000000000000002,O,resp2,3,[H:16][C:7]1([C:6]([C:5]([C:4]([C:9]([C:8]1([H:18])[H:19])([H:20])[H:21])([H:11])[C:2](=[O:1])[O:3][H:10])([H:12])[H:13])([H:14])[H:15])[H:17],,
3,0.07058189167864963,RESP2,PW6B95/cc-pV(D+d)Z,,0.15000000000000002,C,resp2,4,[H:16][C:7]1([C:6]([C:5]([C:4]([C:9]([C:8]1([H:18])[H:19])([H:20])[H:21])([H:11])[C:2](=[O:1])[O:3][H:10])([H:12])[H:13])([H:14])[H:15])[H:17],,
4,-0.04233454405574434,RESP2,PW6B95/cc-pV(D+d)Z,,0.15000000000000002,C,resp2,5,[H:16][C:7]1([C:6]([C:5]([C:4]([C:9]([C:8]1([H:18])[H:19])([H:20])[H:21])([H:11])[C:2](=[O:1])[O:3][H:10])([H:12])[H:13])([H:14])[H:15])[H:17],,
5,0.0018401726977514941,RESP2,PW6B95/cc-pV(D+d)Z,,0.15000000000000002,C,resp2,6,[H:16][C:7]1([C:6]([C:5]([C:4]([C:9]([C:8]1([H:18])[H:19])([H:20])[H:21])([H:11])[C:2](=[O:1])[O:3][H:10])([H:12])[H:13])([H:14])[H:15])[H:17],,
6,-0.01783915669821287,RESP2,PW6B95/cc-pV(D+d)Z,,0.15000000000000002,C,resp2,7,[H:16][C:7]1([C:6]([C:5]([C:4]([C:9]([C:8]1([H:18])[H:19])([H:20])[H:21])([H:11])[C:2](=[O:1])[O:3][H:10])([H:12])[H:13])([H:14])[H:15])[H:17],,
7,0.028996368867203134,RESP2,PW6B95/cc-pV(D+d)Z,,0.15000000000000002,C,resp2,8,[H:16][C:7]1([C:6]([C:5]([C:4]([C:9]([C:8]1([H:18])[H:19])([H:20])[H:21])([H:11])[C:2](=[O:1])[O:3][H:10])([H:12])[H:13])([H:14])[H:15])[H:17],,
8,-0.042177556640098285,RESP2,PW6B95/cc-pV(D+d)Z,,0.15000000000000002,C,resp2,9,[H:16][C:7]1([C:6]([C:5]([C:4]([C:9]([C:8]1([H:18])[H:19])([H:20])[H:21])([H:11])[C:2](=[O:1])[O:3][H:10])([H:12])[H:13])([H:14])[H:15])[H:17],,
9,0.40127912089626405,RESP2,PW6B95/cc-pV(D+d)Z,,0.15000000000000002,H,resp2,10,[H:16][C:7]1([C:6]([C:5]([C:4]([C:9]([C:8]1([H:18])[H:19])([H:20])[H:21])([H:11])[C:2](=[O:1])[O:3][H:10])([H:12])[H:13])([H:14])[H:15])[H:17],,
10,0.009153787095278492,RESP2,PW6B95/cc-pV(D+d)Z,,0.15000000000000002,H,resp2,11,[H:16][C:7]1([C:6]([C:5]([C:4]([C:9]([C:8]1([H:18])[H:19])([H:20])[H:21])([H:11])[C:2](=[O:1])[O:3][H:10])([H:12])[H:13])([H:14])[H:15])[H:17],,
11,0.01926206950621255,RESP2,PW6B95/cc-pV(D+d)Z,,0.15000000000000002,H,resp2,12,[H:16][C:7]1([C:6]([C:5]([C:4]([C:9]([C:8]1([H:18])[H:19])([H:20])[H:21])([H:11])[C:2](=[O:1])[O:3][H:10])([H:12])[H:13])([H:14])[H:15])[H:17],,
12,0.013567524840966863,RESP2,PW6B95/cc-pV(D+d)Z,,0.15000000000000002,H,resp2,13,[H:16][C:7]1([C:6]([C:5]([C:4]([C:9]([C:8]1([H:18])[H:19])([H:20])[H:21])([H:11])[C:2](=[O:1])[O:3][H:10])([H:12])[H:13])([H:14])[H:15])[H:17],,
13,0.006876841080475359,RESP2,PW6B95/cc-pV(D+d)Z,,0.15000000000000002,H,resp2,14,[H:16][C:7]1([C:6]([C:5]([C:4]([C:9]([C:8]1([H:18])[H:19])([H:20])[H:21])([H:11])[C:2](=[O:1])[O:3][H:10])([H:12])[H:13])([H:14])[H:15])[H:17],,
14,0.0071661132078519405,RESP2,PW6B95/cc-pV(D+d)Z,,0.15000000000000002,H,resp2,15,[H:16][C:7]1([C:6]([C:5]([C:4]([C:9]([C:8]1([H:18])[H:19])([H:20])[H:21])([H:11])[C:2](=[O:1])[O:3][H:10])([H:12])[H:13])([H:14])[H:15])[H:17],,
15,0.0039021356155756652,RESP2,PW6B95/cc-pV(D+d)Z,,0.15000000000000002,H,resp2,16,[H:16][C:7]1([C:6]([C:5]([C:4]([C:9]([C:8]1([H:18])[H:19])([H:20])[H:21])([H:11])[C:2](=[O:1])[O:3][H:10])([H:12])[H:13])([H:14])[H:15])[H:17],,
16,0.008395893785627509,RESP2,PW6B95/cc-pV(D+d)Z,,0.15000000000000002,H,resp2,17,[H:16][C:7]1([C:6]([C:5]([C:4]([C:9]([C:8]1([H:18])[H:19])([H:20])[H:21])([H:11])[C:2](=[O:1])[O:3][H:10])([H:12])[H:13])([H:14])[H:15])[H:17],,
17,-0.0012036234503126784,RESP2,PW6B95/cc-pV(D+d)Z,,0.15000000000000002,H,resp2,18,[H:16][C:7]1([C:6]([C:5]([C:4]([C:9]([C:8]1([H:18])[H:19])([H:20])[H:21])([H:11])[C:2](=[O:1])[O:3][H:10])([H:12])[H:13])([H:14])[H:15])[H:17],,
18,-0.00374830748695826,RESP2,PW6B95/cc-pV(D+d)Z,,0.15000000000000002,H,resp2,19,[H:16][C:7]1([C:6]([C:5]([C:4]([C:9]([C:8]1([H:18])[H:19])([H:20])[H:21])([H:11])[C:2](=[O:1])[O:3][H:10])([H:12])[H:13])([H:14])[H:15])[H:17],,
19,0.01563179672989725,RESP2,PW6B95/cc-pV(D+d)Z,,0.15000000000000002,H,resp2,20,[H:16][C:7]1([C:6]([C:5]([C:4]([C:9]([C:8]1([H:18])[H:19])([H:20])[H:21])([H:11])[C:2](=[O:1])[O:3][H:10])([H:12])[H:13])([H:14])[H:15])[H:17],,
20,0.015980779127980294,RESP2,PW6B95/cc-pV(D+d)Z,,0.15000000000000002,H,resp2,21,[H:16][C:7]1([C:6]([C:5]([C:4]([C:9]([C:8]1([H:18])[H:19])([H:20])[H:21])([H:11])[C:2](=[O:1])[O:3][H:10])([H:12])[H:13])([H:14])[H:15])[H:17],,
0,-0.49190132316932217,RESP2,PW6B95/cc-pV(D+d)Z,,0.2,O,resp2,1,[H:16][C:7]1([C:6]([C:5]([C:4]([C:9]([C:8]1([H:18])[H:19])([H:20])[H:21])([H:11])[C:2](=[O:1])[O:3][H:10])([H:12])[H:13])([H:14])[H:15])[H:17],,
1,0.5166667737073346,RESP2,PW6B95/cc-pV(D+d)Z,,0.2,C,resp2,2,[H:16][C:7]1([C:6]([C:5]([C:4]([C:9]([C:8]1([H:18])[H:19])([H:20])[H:21])([H:11])[C:2](=[O:1])[O:3][H:10])([H:12])[H:13])([H:14])[H:15])[H:17],,
2,-0.5226860558379466,RESP2,PW6B95/cc-pV(D+d)Z,,0.2,O,resp2,3,[H:16][C:7]1([C:6]([C:5]([C:4]([C:9]([C:8]1([H:18])[H:19])([H:20])[H:21])([H:11])[C:2](=[O:1])[O:3][H:10])([H:12])[H:13])([H:14])[H:15])[H:17],,
3,0.06941528393465275,RESP2,PW6B95/cc-pV(D+d)Z,,0.2,C,resp2,4,[H:16][C:7]1([C:6]([C:5]([C:4]([C:9]([C:8]1([H:18])[H:19])([H:20])[H:21])([H:11])[C:2](=[O:1])[O:3][H:10])([H:12])[H:13])([H:14])[H:15])[H:17],,
4,-0.041831266063915455,RESP2,PW6B95/cc-pV(D+d)Z,,0.2,C,resp2,5,[H:16][C:7]1([C:6]([C:5]([C:4]([C:9]([C:8]1([H:18])[H:19])([H:20])[H:21])([H:11])[C:2](=[O:1])[O:3][H:10])([H:12])[H:13])([H:14])[H:15])[H:17],,
5,0.0018312395116352718,RESP2,PW6B95/cc-pV(D+d)Z,,0.2,C,resp2,6,[H:16][C:7]1([C:6]([C:5]([C:4]([C:9]([C:8]1([H:18])[H:19])([H:20])[H:21])([H:11])[C:2](=[O:1])[O:3][H:10])([H:12])[H:13])([H:14])[H:15])[H:17],,
6,-0.015333840888277698,RESP2,PW6B95/cc-pV(D+d)Z,,0.2,C,resp2,7,[H:16][C:7]1([C:6]([C:5]([C:4]([C:9]([C:8]1([H:18])[H:19])([H:20])[H:21])([H:11])[C:2](=[O:1])[O:3][H:10])([H:12])[H:13])([H:14])[H:15])[H:17],,
7,0.026886325680303903,RESP2,PW6B95/cc-pV(D+d)Z,,0.2,C,resp2,8,[H:16][C:7]1([C:6]([C:5]([C:4]([C:9]([C:8]1([H:18])[H:19])([H:20])[H:21])([H:11])[C:2](=[O:1])[O:3][H:10])([H:12])[H:13])([H:14])[H:15])[H:17],,
8,-0.041048821878676464,RESP2,PW6B95/cc-pV(D+d)Z,,0.2,C,resp2,9,[H:16][C:7]1([C:6]([C:5]([C:4]([C:9]([C:8]1([H:18])[H:19])([H:20])[H:21])([H:11])[C:2](=[O:1])[O:3][H:10])([H:12])[H:13])([H:14])[H:15])[H:17],,
9,0.4030417921197534,RESP2,PW6B95/cc-pV(D+d)Z,,0.2,H,resp2,10,[H:16][C:7]1([C:6]([C:5]([C:4]([C:9]([C:8]1([H:18])[H:19])([H:20])[H:21])([H:11])[C:2](=[O:1])[O:3][H:10])([H:12])[H:13])([H:14])[H:15])[H:17],,
10,0.010051657621586555,RESP2,PW6B95/cc-pV(D+d)Z,,0.2,H,resp2,11,[H:16][C:7]1([C:6]([C:5]([C:4]([C:9]([C:8]1([H:18])[H:19])([H:20])[H:21])([H:11])[C:2](=[O:1])[O:3][H:10])([H:12])[H:13])([H:14])[H:15])[H:17],,
11,0.019073016242803498,RESP2,PW6B95/cc-pV(D+d)Z,,0.2,H,resp2,12,[H:16][C:7]1([C:6]([C:5]([C:4]([C:9]([C:8]1([H:18])[H:19])([H:20])[H:21])([H:11])[C:2](=[O:1])[O:3][H:10])([H:12])[H:13])([H:14])[H:15])[H:17],,
12,0.013732157441497415,RESP2,PW6B95/cc-pV(D+d)Z,,0.2,H,resp2,13,[H:16][C:7]1([C:6]([C:5]([C:4]([C:9]([C:8]1([H:18])[H:19])([H:20])[H:21])([H:11])[C:2](=[O:1])[O:3][H:10])([H:12])[H:13])([H:14])[H:15])[H:17],,
13,0.006766213195224528,RESP2,PW6B95/cc-pV(D+d)Z,,0.2,H,resp2,14,[H:16][C:7]1([C:6]([C:5]([C:4]([C:9]([C:8]1([H:18])[H:19])([H:20])[H:21])([H:11])[C:2](=[O:1])[O:3][H:10])([H:12])[H:13])([H:14])[H:15])[H:17],,
14,0.006925795174979463,RESP2,PW6B95/cc-pV(D+d)Z,,0.2,H,resp2,15,[H:16][C:7]1([C:6]([C:5]([C:4]([C:9]([C:8]1([H:18])[H:19])([H:20])[H:21])([H:11])[C:2](=[O:1])[O:3][H:10])([H:12])[H:13])([H:14])[H:15])[H:17],,
15,0.003312601416148535,RESP2,PW6B95/cc-pV(D+d)Z,,0.2,H,resp2,16,[H:16][C:7]1([C:6]([C:5]([C:4]([C:9]([C:8]1([H:18])[H:19])([H:20])[H:21])([H:11])[C:2](=[O:1])[O:3][H:10])([H:12])[H:13])([H:14])[H:15])[H:17],,
16,0.007764578727306145,RESP2,PW6B95/cc-pV(D+d)Z,,0.2,H,resp2,17,[H:16][C:7]1([C:6]([C:5]([C:4]([C:9]([C:8]1([H:18])[H:19])([H:20])[H:21])([H:11])[C:2](=[O:1])[O:3][H:10])([H:12])[H:13])([H:14])[H:15])[H:17],,
17,-0.0006807729154541723,RESP2,PW6B95/cc-pV(D+d)Z,,0.2,H,resp2,18,[H:16][C:7]1([C:6]([C:5]([C:4]([C:9]([C:8]1([H:18])[H:19])([H:20])[H:21])([H:11])[C:2](=[O:1])[O:3][H:10])([H:12])[H:13])([H:14])[H:15])[H:17],,
18,-0.0032500986237935956,RESP2,PW6B95/cc-pV(D+d)Z,,0.2,H,resp2,19,[H:16][C:7]1([C:6]([C:5]([C:4]([C:9]([C:8]1([H:18])[H:19])([H:20])[H:21])([H:11])[C:2](=[O:1])[O:3][H:10])([H:12])[H:13])([H:14])[H:15])[H:17],,
19,0.015425933033171585,RESP2,PW6B95/cc-pV(D+d)Z,,0.2,H,resp2,20,[H:16][C:7]1([C:6]([C:5]([C:4]([C:9]([C:8]1([H:18])[H:19])([H:20])[H:21])([H:11])[C:2](=[O:1])[O:3][H:10])([H:12])[H:13])([H:14])[H:15])[H:17],,
20,0.015838811570988574,RESP2,PW6B95/cc-pV(D+d)Z,,0.2,H,resp2,21,[H:16][C:7]1([C:6]([C:5]([C:4]([C:9]([C:8]1([H:18])[H:19])([H:20])[H:21])([H:11])[C:2](=[O:1])[O:3][H:10])([H:12])[H:13])([H:14])[H:15])[H:17],,
0,-0.4949118070385127,RESP2,PW6B95/cc-pV(D+d)Z,,0.25,O,resp2,1,[H:16][C:7]1([C:6]([C:5]([C:4]([C:9]([C:8]1([H:18])[H:19])([H:20])[H:21])([H:11])[C:2](=[O:1])[O:3][H:10])([H:12])[H:13])([H:14])[H:15])[H:17],,
1,0.5181625861652636,RESP2,PW6B95/cc-pV(D+d)Z,,0.25,C,resp2,2,[H:16][C:7]1([C:6]([C:5]([C:4]([C:9]([C:8]1([H:18])[H:19])([H:20])[H:21])([H:11])[C:2](=[O:1])[O:3][H:10])([H:12])[H:13])([H:14])[H:15])[H:17],,
2,-0.5237606829282117,RESP2,PW6B95/cc-pV(D+d)Z,,0.25,O,resp2,3,[H:16][C:7]1([C:6]([C:5]([C:4]([C:9]([C:8]1([H:18])[H:19])([H:20])[H:21])([H:11])[C:2](=[O:1])[O:3][H:10])([H:12])[H:13])([H:14])[H:15])[H:17],,
3,0.06824867619065583,RESP2,PW6B95/cc-pV(D+d)Z,,0.25,C,resp2,4,[H:16][C:7]1([C:6]([C:5]([C:4]([C:9]([C:8]1([H:18])[H:19])([H:20])[H:21])([H:11])[C:2](=[O:1])[O:3][H:10])([H:12])[H:13])([H:14])[H:15])[H:17],,
4,-0.041327988072086555,RESP2,PW6B95/cc-pV(D+d)Z,,0.25,C,resp2,5,[H:16][C:7]1([C:6]([C:5]([C:4]([C:9]([C:8]1([H:18])[H:19])([H:20])[H:21])([H:11])[C:2](=[O:1])[O:3][H:10])([H:12])[H:13])([H:14])[H:15])[H:17],,
5,0.0018223063255190539,RESP2,PW6B95/cc-pV(D+d)Z,,0.25,C,resp2,6,[H:16][C:7]1([C:6]([C:5]([C:4]([C:9]([C:8]1([H:18])[H:19])([H:20])[H:21])([H:11])[C:2](=[O:1])[O:3][H:10])([H:12])[H:13])([H:14])[H:15])[H:17],,
6,-0.012828525078342519,RESP2,PW6B95/cc-pV(D+d)Z,,0.25,C,resp2,7,[H:16][C:7]1([C:6]([C:5]([C:4]([C:9]([C:8]1([H:18])[H:19])([H:20])[H:21])([H:11])[C:2](=[O:1])[O:3][H:10])([H:12])[H:13])([H:14])[H:15])[H:17],,
7,0.02477628249340467,RESP2,PW6B95/cc-pV(D+d)Z,,0.25,C,resp2,8,[H:16][C:7]1([C:6]([C:5]([C:4]([C:9]([C:8]1([H:18])[H:19])([H:20])[H:21])([H:11])[C:2](=[O:1])[O:3][H:10])([H:12])[H:13])([H:14])[H:15])[H:17],,
8,-0.039920087117254636,RESP2,PW6B95/cc-pV(D+d)Z,,0.25,C,resp2,9,[H:16][C:7]1([C:6]([C:5]([C:4]([C:9]([C:8]1([H:18])[H:19])([H:20])[H:21])([H:11])[C:2](=[O:1])[O:3][H:10])([H:12])[H:13])([H:14])[H:15])[H:17],,
9,0.40480446334324277,RESP2,PW6B95/cc-pV(D+d)Z,,0.25,H,resp2,10,[H:16][C:7]1([C:6]([C:5]([C:4]([C:9]([C:8]1([H:18])[H:19])([H:20])[H:21])([H:11])[C:2](=[O:1])[O:3][H:10])([H:12])[H:13])([H:14])[H:15])[H:17],,
10,0.010949528147894622,RESP2,PW6B95/cc-pV(D+d)Z,,0.25,H,resp2,11,[H:16][C:7]1([C:6]([C:5]([C:4]([C:9]([C:8]1([H:18])[H:19])([H:20])[H:21])([H:11])[C:2](=[O:1])[O:3][H:10])([H:12])[H:13])([H:14])[H:15])[H:17],,
11,0.018883962979394445,RESP2,PW6B95/cc-pV(D+d)Z,,0.25,H,resp2,12,[H:16][C:7]1([C:6]([C:5]([C:4]([C:9]([C:8]1([H:18])[H:19])([H:20])[H:21])([H:11])[C:2](=[O:1])[O:3][H:10])([H:12])[H:13])([H:14])[H:15])[H:17],,
12,0.013896790042027969,RESP2,PW6B95/cc-pV(D+d)Z,,0.25,H,resp2,13,[H:16][C:7]1([C:6]([C:5]([C:4]([C:9]([C:8]1([H:18])[H:19])([H:20])[H:21])([H:11])[C:2](=[O:1])[O:3][H:10])([H:12])[H:13])([H:14])[H:15])[H:17],,
13,0.0066555853099737,RESP2,PW6B95/cc-pV(D+d)Z,,0.25,H,resp2,14,[H:16][C:7]1([C:6]([C:5]([C:4]([C:9]([C:8]1([H:18])[H:19])([H:20])[H:21])([H:11])[C:2](=[O:1])[O:3][H:10])([H:12])[H:13])([H:14])[H:15])[H:17],,
14,0.00668547714210699,RESP2,PW6B95/cc-pV(D+d)Z,,0.25,H,resp2,15,[H:16][C:7]1([C:6]([C:5]([C:4]([C:9]([C:8]1([H:18])[H:19])([H:20])[H:21])([H:11])[C:2](=[O:1])[O:3][H:10])([H:12])[H:13])([H:14])[H:15])[H:17],,
15,0.0027230672167214095,RESP2,PW6B95/cc-pV(D+d)Z,,0.25,H,resp2,16,[H:16][C:7]1([C:6]([C:5]([C:4]([C:9]([C:8]1([H:18])[H:19])([H:20])[H:21])([H:11])[C:2](=[O:1])[O:3][H:10])([H:12])[H:13])([H:14])[H:15])[H:17],,
16,0.007133263668984784,RESP2,PW6B95/cc-pV(D+d)Z,,0.25,H,resp2,17,[H:16][C:7]1([C:6]([C:5]([C:4]([C:9]([C:8]1([H:18])[H:19])([H:20])[H:21])([H:11])[C:2](=[O:1])[O:3][H:10])([H:12])[H:13])([H:14])[H:15])[H:17],,
17,-0.0001579223805956615,RESP2,PW6B95/cc-pV(D+d)Z,,0.25,H,resp2,18,[H:16][C:7]1([C:6]([C:5]([C:4]([C:9]([C:8]1([H:18])[H:19])([H:20])[H:21])([H:11])[C:2](=[O:1])[O:3][H:10])([H:12])[H:13])([H:14])[H:15])[H:17],,
18,-0.002751889760628926,RESP2,PW6B95/cc-pV(D+d)Z,,0.25,H,resp2,19,[H:16][C:7]1([C:6]([C:5]([C:4]([C:9]([C:8]1([H:18])[H:19])([H:20])[H:21])([H:11])[C:2](=[O:1])[O:3][H:10])([H:12])[H:13])([H:14])[H:15])[H:17],,
19,0.015220069336445924,RESP2,PW6B95/cc-pV(D+d)Z,,0.25,H,resp2,20,[H:16][C:7]1([C:6]([C:5]([C:4]([C:9]([C:8]1([H:18])[H:19])([H:20])[H:21])([H:11])[C:2](=[O:1])[O:3][H:10])([H:12])[H:13])([H:14])[H:15])[H:17],,
20,0.015696844013996854,RESP2,PW6B95/cc-pV(D+d)Z,,0.25,H,resp2,21,[H:16][C:7]1([C:6]([C:5]([C:4]([C:9]([C:8]1([H:18])[H:19])([H:20])[H:21])([H:11])[C:2](=[O:1])[O:3][H:10])([H:12])[H:13])([H:14])[H:15])[H:17],,
0,-0.49792229090770324,RESP2,PW6B95/cc-pV(D+d)Z,,0.30000000000000004,O,resp2,1,[H:16][C:7]1([C:6]([C:5]([C:4]([C:9]([C:8]1([H:18])[H:19])([H:20])[H:21])([H:11])[C:2](=[O:1])[O:3][H:10])([H:12])[H:13])([H:14])[H:15])[H:17],,
1,0.5196583986231926,RESP2,PW6B95/cc-pV(D+d)Z,,0.30000000000000004,C,resp2,2,[H:16][C:7]1([C:6]([C:5]([C:4]([C:9]([C:8]1([H:18])[H:19])([H:20])[H:21])([H:11])[C:2](=[O:1])[O:3][H:10])([H:12])[H:13])([H:14])[H:15])[H:17],,
2,-0.5248353100184768,RESP2,PW6B95/cc-pV(D+d)Z,,0.30000000000000004,O,resp2,3,[H:16][C:7]1([C:6]([C:5]([C:4]([C:9]([C:8]1([H:18])[H:19])([H:20])[H:21])([H:11])[C:2](=[O:1])[O:3][H:10])([H:12])[H:13])([H:14])[H:15])[H:17],,
3,0.06708206844665894,RESP2,PW6B95/cc-pV(D+d)Z,,0.30000000000000004,C,resp2,4,[H:16][C:7]1([C:6]([C:5]([C:4]([C:9]([C:8]1([H:18])[H:19])([H:20])[H:21])([H:11])[C:2](=[O:1])[O:3][H:10])([H:12])[H:13])([H:14])[H:15])[H:17],,
4,-0.040824710080257655,RESP2,PW6B95/cc-pV(D+d)Z,,0.30000000000000004,C,resp2,5,[H:16][C:7]1([C:6]([C:5]([C:4]([C:9]([C:8]1([H:18])[H:19])([H:20])[H:21])([H:11])[C:2](=[O:1])[O:3][H:10])([H:12])[H:13])([H:14])[H:15])[H:17],,
5,0.0018133731394028372,RESP2,PW6B95/cc-pV(D+d)Z,,0.30000000000000004,C,resp2,6,[H:16][C:7]1([C:6]([C:5]([C:4]([C:9]([C:8]1([H:18])[H:19])([H:20])[H:21])([H:11])[C:2](=[O:1])[O:3][H:10])([H:12])[H:13])([H:14])[H:15])[H:17],,
6,-0.010323209268407338,RESP2,PW6B95/cc-pV(D+d)Z,,0.30000000000000004,C,resp2,7,[H:16][C:7]1([C:6]([C:5]([C:4]([C:9]([C:8]1([H:18])[H:19])([H:20])[H:21])([H:11])[C:2](=[O:1])[O:3][H:10])([H:12])[H:13])([H:14])[H:15])[H:17],,
7,0.02266623930650544,RESP2,PW6B95/cc-pV(D+d)Z,,0.30000000000000004,C,resp2,8,[H:16][C:7]1([C:6]([C:5]([C:4]([C:9]([C:8]1([H:18])[H:19])([H:20])[H:21])([H:11])[C:2](=[O:1])[O:3][H:10])([H:12])[H:13])([H:14])[H:15])[H:17],,
8,-0.038791352355832816,RESP2,PW6B95/cc-pV(D+d)Z,,0.30000000000000004,C,resp2,9,[H:16][C:7]1([C:6]([C:5]([C:4]([C:9]([C:8]1([H:18])[H:19])([H:20])[H:21])([H:11])[C:2](=[O:1])[O:3][H:10])([H:12])[H:13])([H:14])[H:15])[H:17],,
9,0.40656713456673216,RESP2,PW6B95/cc-pV(D+d)Z,,0.30000000000000004,H,resp2,10,[H:16][C:7]1([C:6]([C:5]([C:4]([C:9]([C:8]1([H:18])[H:19])([H:20])[H:21])([H:11])[C:2](=[O:1])[O:3][H:10])([H:12])[H:13])([H:14])[H:15])[H:17],,
10,0.011847398674202692,RESP2,PW6B95/cc-pV(D+d)Z,,0.30000000000000004,H,resp2,11,[H:16][C:7]1([C:6]([C:5]([C:4]([C:9]([C:8]1([H:18])[H:19])([H:20])[H:21])([H:11])[C:2](=[O:1])[O:3][H:10])([H:12])[H:13])([H:14])[H:15])[H:17],,
11,0.018694909715985395,RESP2,PW6B95/cc-pV(D+d)Z,,0.30000000000000004,H,resp2,12,[H:16][C:7]1([C:6]([C:5]([C:4]([C:9]([C:8]1([H:18])[H:19])([H:20])[H:21])([H:11])[C:2](=[O:1])[O:3][H:10])([H:12])[H:13])([H:14])[H:15])[H:17],,
12,0.014061422642558526,RESP2,PW6B95/cc-pV(D+d)Z,,0.30000000000000004,H,resp2,13,[H:16][C:7]1([C:6]([C:5]([C:4]([C:9]([C:8]1([H:18])[H:19])([H:20])[H:21])([H:11])[C:2](=[O:1])[O:3][H:10])([H:12])[H:13])([H:14])[H:15])[H:17],,
13,0.006544957424722874,RESP2,PW6B95/cc-pV(D+d)Z,,0.30000000000000004,H,resp2,14,[H:16][C:7]1([C:6]([C:5]([C:4]([C:9]([C:8]1([H:18])[H:19])([H:20])[H:21])([H:11])[C:2](=[O:1])[O:3][H:10])([H:12])[H:13])([H:14])[H:15])[H:17],,
14,0.006445159109234518,RESP2,PW6B95/cc-pV(D+d)Z,,0.30000000000000004,H,resp2,15,[H:16][C:7]1([C:6]([C:5]([C:4]([C:9]([C:8]1([H:18])[H:19])([H:20])[H:21])([H:11])[C:2](=[O:1])[O:3][H:10])([H:12])[H:13])([H:14])[H:15])[H:17],,
15,0.002133533017294285,RESP2,PW6B95/cc-pV(D+d)Z,,0.30000000000000004,H,resp2,16,[H:16][C:7]1([C:6]([C:5]([C:4]([C:9]([C:8]1([H:18])[H:19])([H:20])[H:21])([H:11])[C:2](=[O:1])[O:3][H:10])([H:12])[H:13])([H:14])[H:15])[H:17],,
16,0.006501948610663423,RESP2,PW6B95/cc-pV(D+d)Z,,0.30000000000000004,H,resp2,17,[H:16][C:7]1([C:6]([C:5]([C:4]([C:9]([C:8]1([H:18])[H:19])([H:20])[H:21])([H:11])[C:2](=[O:1])[O:3][H:10])([H:12])[H:13])([H:14])[H:15])[H:17],,
17,0.00036492815426285064,RESP2,PW6B95/cc-pV(D+d)Z,,0.30000000000000004,H,resp2,18,[H:16][C:7]1([C:6]([C:5]([C:4]([C:9]([C:8]1([H:18])[H:19])([H:20])[H:21])([H:11])[C:2](=[O:1])[O:3][H:10])([H:12])[H:13])([H:14])[H:15])[H:17],,
18,-0.0022536808974642553,RESP2,PW6B95/cc-pV(D+d)Z,,0.30000000000000004,H,resp2,19,[H:16][C:7]1([C:6]([C:5]([C:4]([C:9]([C:8]1([H:18])[H:19])([H:20])[H:21])([H:11])[C:2](=[O:1])[O:3][H:10])([H:12])[H:13])([H:14])[H:15])[H:17],,
19,0.015014205639720262,RESP2,PW6B95/cc-pV(D+d)Z,,0.30000000000000004,H,resp2,20,[H:16][C:7]1([C:6]([C:5]([C:4]([C:9]([C:8]1([H:18])[H:19])([H:20])[H:21])([H:11])[C:2](=[O:1])[O:3][H:10])([H:12])[H:13])([H:14])[H:15])[H:17],,
20,0.015554876457005134,RESP2,PW6B95/cc-pV(D+d)Z,,0.30000000000000004,H,resp2,21,[H:16][C:7]1([C:6]([C:5]([C:4]([C:9]([C:8]1([H:18])[H:19])([H:20])[H:21])([H:11])[C:2](=[O:1])[O:3][H:10])([H:12])[H:13])([H:14])[H:15])[H:17],,
0,-0.5009327747768938,RESP2,PW6B95/cc-pV(D+d)Z,,0.35000000000000003,O,resp2,1,[H:16][C:7]1([C:6]([C:5]([C:4]([C:9]([C:8]1([H:18])[H:19])([H:20])[H:21])([H:11])[C:2](=[O:1])[O:3][H:10])([H:12])[H:13])([H:14])[H:15])[H:17],,
1,0.5211542110811218,RESP2,PW6B95/cc-pV(D+d)Z,,0.35000000000000003,C,resp2,2,[H:16][C:7]1([C:6]([C:5]([C:4]([C:9]([C:8]1([H:18])[H:19])([H:20])[H:21])([H:11])[C:2](=[O:1])[O:3][H:10])([H:12])[H:13])([H:14])[H:15])[H:17],,
2,-0.5259099371087417,RESP2,PW6B95/cc-pV(D+d)Z,,0.35000000000000003,O,resp2,3,[H:16][C:7]1([C:6]([C:5]([C:4]([C:9]([C:8]1([H:18])[H:19])([H:20])[H:21])([H:11])[C:2](=[O:1])[O:3][H:10])([H:12])[H:13])([H:14])[H:15])[H:17],,
3,0.06591546070266203,RESP2,PW6B95/cc-pV(D+d)Z,,0.35000000000000003,C,resp2,4,[H:16][C:7]1([C:6]([C:5]([C:4]([C:9]([C:8]1([H:18])[H:19])([H:20])[H:21])([H:11])[C:2](=[O:1])[O:3][H:10])([H:12])[H:13])([H:14])[H:15])[H:17],,
4,-0.04032143208842876,RESP2,PW6B95/cc-pV(D+d)Z,,0.35000000000000003,C,resp2,5,[H:16][C:7]1([C:6]([C:5]([C:4]([C:9]([C:8]1([H:18])[H:19])([H:20])[H:21])([H:11])[C:2](=[O:1])[O:3][H:10])([H:12])[H:13])([H:14])[H:15])[H:17],,
5,0.0018044399532866151,RESP2,PW6B95/cc-pV(D+d)Z,,0.35000000000000003,C,resp2,6,[H:16][C:7]1([C:6]([C:5]([C:4]([C:9]([C:8]1([H:18])[H:19])([H:20])[H:21])([H:11])[C:2](=[O:1])[O:3][H:10])([H:12])[H:13])([H:14])[H:15])[H:17],,
6,-0.007817893458472159,RESP2,PW6B95/cc-pV(D+d)Z,,0.35000000000000003,C,resp2,7,[H:16][C:7]1([C:6]([C:5]([C:4]([C:9]([C:8]1([H:18])[H:19])([H:20])[H:21])([H:11])[C:2](=[O:1])[O:3][H:10])([H:12])[H:13])([H:14])[H:15])[H:17],,
7,0.020556196119606206,RESP2,PW6B95/cc-pV(D+d)Z,,0.35000000000000003,C,resp2,8,[H:16][C:7]1([C:6]([C:5]([C:4]([C:9]([C:8]1([H:18])[H:19])([H:20])[H:21])([H:11])[C:2](=[O:1])[O:3][H:10])([H:12])[H:13])([H:14])[H:15])[H:17],,
8,-0.03766261759441099,RESP2,PW6B95/cc-pV(D+d)Z,,0.35000000000000003,C,resp2,9,[H:16][C:7]1([C:6]([C:5]([C:4]([C:9]([C:8]1([H:18])[H:19])([H:20])[H:21])([H:11])[C:2](=[O:1])[O:3][H:10])([H:12])[H:13])([H:14])[H:15])[H:17],,
9,0.4083298057902215,RESP2,PW6B95/cc-pV(D+d)Z,,0.35000000000000003,H,resp2,10,[H:16][C:7]1([C:6]([C:5]([C:4]([C:9]([C:8]1([H:18])[H:19])([H:20])[H:21])([H:11])[C:2](=[O:1])[O:3][H:10])([H:12])[H:13])([H:14])[H:15])[H:17],,
10,0.012745269200510754,RESP2,PW6B95/cc-pV(D+d)Z,,0.35000000000000003,H,resp2,11,[H:16][C:7]1([C:6]([C:5]([C:4]([C:9]([C:8]1([H:18])[H:19])([H:20])[H:21])([H:11])[C:2](=[O:1])[O:3][H:10])([H:12])[H:13])([H:14])[H:15])[H:17],,
11,0.01850585645257634,RESP2,PW6B95/cc-pV(D+d)Z,,0.35000000000000003,H,resp2,12,[H:16][C:7]1([C:6]([C:5]([C:4]([C:9]([C:8]1([H:18])[H:19])([H:20])[H:21])([H:11])[C:2](=[O:1])[O:3][H:10])([H:12])[H:13])([H:14])[H:15])[H:17],,
12,0.014226055243089078,RESP2,PW6B95/cc-pV(D+d)Z,,0.35000000000000003,H,resp2,13,[H:16][C:7]1([C:6]([C:5]([C:4]([C:9]([C:8]1([H:18])[H:19])([H:20])[H:21])([H:11])[C:2](=[O:1])[O:3][H:10])([H:12])[H:13])([H:14])[H:15])[H:17],,
13,0.0064343295394720425,RESP2,PW6B95/cc-pV(D+d)Z,,0.35000000000000003,H,resp2,14,[H:16][C:7]1([C:6]([C:5]([C:4]([C:9]([C:8]1([H:18])[H:19])([H:20])[H:21])([H:11])[C:2](=[O:1])[O:3][H:10])([H:12])[H:13])([H:14])[H:15])[H:17],,
14,0.006204841076362041,RESP2,PW6B95/cc-pV(D+d)Z,,0.35000000000000003,H,resp2,15,[H:16][C:7]1([C:6]([C:5]([C:4]([C:9]([C:8]1([H:18])[H:19])([H:20])[H:21])([H:11])[C:2](=[O:1])[O:3][H:10])([H:12])[H:13])([H:14])[H:15])[H:17],,
15,0.0015439988178671542,RESP2,PW6B95/cc-pV(D+d)Z,,0.35000000000000003,H,resp2,16,[H:16][C:7]1([C:6]([C:5]([C:4]([C:9]([C:8]1([H:18])[H:19])([H:20])[H:21])([H:11])[C:2](=[O:1])[O:3][H:10])([H:12])[H:13])([H:14])[H:15])[H:17],,
16,0.005870633552342058,RESP2,PW6B95/cc-pV(D+d)Z,,0.35000000000000003,H,resp2,17,[H:16][C:7]1([C:6]([C:5]([C:4]([C:9]([C:8]1([H:18])[H:19])([H:20])[H:21])([H:11])[C:2](=[O:1])[O:3][H:10])([H:12])[H:13])([H:14])[H:15])[H:17],,
17,0.0008877786891213577,RESP2,PW6B95/cc-pV(D+d)Z,,0.35000000000000003,H,resp2,18,[H:16][C:7]1([C:6]([C:5]([C:4]([C:9]([C:8]1([H:18])[H:19])([H:20])[H:21])([H:11])[C:2](=[O:1])[O:3][H:10])([H:12])[H:13])([H:14])[H:15])[H:17],,
18,-0.0017554720342995904,RESP2,PW6B95/cc-pV(D+d)Z,,0.35000000000000003,H,resp2,19,[H:16][C:7]1([C:6]([C:5]([C:4]([C:9]([C:8]1([H:18])[H:19])([H:20])[H:21])([H:11])[C:2](=[O:1])[O:3][H:10])([H:12])[H:13])([H:14])[H:15])[H:17],,
19,0.014808341942994595,RESP2,PW6B95/cc-pV(D+d)Z,,0.35000000000000003,H,resp2,20,[H:16][C:7]1([C:6]([C:5]([C:4]([C:9]([C:8]1([H:18])[H:19])([H:20])[H:21])([H:11])[C:2](=[O:1])[O:3][H:10])([H:12])[H:13])([H:14])[H:15])[H:17],,
20,0.015412908900013412,RESP2,PW6B95/cc-pV(D+d)Z,,0.35000000000000003,H,resp2,21,[H:16][C:7]1([C:6]([C:5]([C:4]([C:9]([C:8]1([H:18])[H:19])([H:20])[H:21])([H:11])[C:2](=[O:1])[O:3][H:10])([H:12])[H:13])([H:14])[H:15])[H:17],,
0,-0.5039432586460845,RESP2,PW6B95/cc-pV(D+d)Z,,0.4,O,resp2,1,[H:16][C:7]1([C:6]([C:5]([C:4]([C:9]([C:8]1([H:18])[H:19])([H:20])[H:21])([H:11])[C:2](=[O:1])[O:3][H:10])([H:12])[H:13])([H:14])[H:15])[H:17],,
1,0.5226500235390509,RESP2,PW6B95/cc-pV(D+d)Z,,0.4,C,resp2,2,[H:16][C:7]1([C:6]([C:5]([C:4]([C:9]([C:8]1([H:18])[H:19])([H:20])[H:21])([H:11])[C:2](=[O:1])[O:3][H:10])([H:12])[H:13])([H:14])[H:15])[H:17],,
2,-0.5269845641990067,RESP2,PW6B95/cc-pV(D+d)Z,,0.4,O,resp2,3,[H:16][C:7]1([C:6]([C:5]([C:4]([C:9]([C:8]1([H:18])[H:19])([H:20])[H:21])([H:11])[C:2](=[O:1])[O:3][H:10])([H:12])[H:13])([H:14])[H:15])[H:17],,
3,0.06474885295866513,RESP2,PW6B95/cc-pV(D+d)Z,,0.4,C,resp2,4,[H:16][C:7]1([C:6]([C:5]([C:4]([C:9]([C:8]1([H:18])[H:19])([H:20])[H:21])([H:11])[C:2](=[O:1])[O:3][H:10])([H:12])[H:13])([H:14])[H:15])[H:17],,
4,-0.03981815409659987,RESP2,PW6B95/cc-pV(D+d)Z,,0.4,C,resp2,5,[H:16][C:7]1([C:6]([C:5]([C:4]([C:9]([C:8]1([H:18])[H:19])([H:20])[H:21])([H:11])[C:2](=[O:1])[O:3][H:10])([H:12])[H:13])([H:14])[H:15])[H:17],,
5,0.0017955067671704009,RESP2,PW6B95/cc-pV(D+d)Z,,0.4,C,resp2,6,[H:16][C:7]1([C:6]([C:5]([C:4]([C:9]([C:8]1([H:18])[H:19])([H:20])[H:21])([H:11])[C:2](=[O:1])[O:3][H:10])([H:12])[H:13])([H:14])[H:15])[H:17],,
6,-0.005312577648536982,RESP2,PW6B95/cc-pV(D+d)Z,,0.4,C,resp2,7,[H:16][C:7]1([C:6]([C:5]([C:4]([C:9]([C:8]1([H:18])[H:19])([H:20])[H:21])([H:11])[C:2](=[O:1])[O:3][H:10])([H:12])[H:13])([H:14])[H:15])[H:17],,
7,0.01844615293270698,RESP2,PW6B95/cc-pV(D+d)Z,,0.4,C,resp2,8,[H:16][C:7]1([C:6]([C:5]([C:4]([C:9]([C:8]1([H:18])[H:19])([H:20])[H:21])([H:11])[C:2](=[O:1])[O:3][H:10])([H:12])[H:13])([H:14])[H:15])[H:17],,
8,-0.03653388283298917,RESP2,PW6B95/cc-pV(D+d)Z,,0.4,C,resp2,9,[H:16][C:7]1([C:6]([C:5]([C:4]([C:9]([C:8]1([H:18])[H:19])([H:20])[H:21])([H:11])[C:2](=[O:1])[O:3][H:10])([H:12])[H:13])([H:14])[H:15])[H:17],,
9,0.4100924770137109,RESP2,PW6B95/cc-pV(D+d)Z,,0.4,H,resp2,10,[H:16][C:7]1([C:6]([C:5]([C:4]([C:9]([C:8]1([H:18])[H:19])([H:20])[H:21])([H:11])[C:2](=[O:1])[O:3][H:10])([H:12])[H:13])([H:14])[H:15])[H:17],,
10,0.013643139726818826,RESP2,PW6B95/cc-pV(D+d)Z,,0.4,H,resp2,11,[H:16][C:7]1([C:6]([C:5]([C:4]([C:9]([C:8]1([H:18])[H:19])([H:20])[H:21])([H:11])[C:2](=[O:1])[O:3][H:10])([H:12])[H:13])([H:14])[H:15])[H:17],,
11,0.01831680318916729,RESP2,PW6B95/cc-pV(D+d)Z,,0.4,H,resp2,12,[H:16][C:7]1([C:6]([C:5]([C:4]([C:9]([C:8]1([H:18])[H:19])([H:20])[H:21])([H:11])[C:2](=[O:1])[O:3][H:10])([H:12])[H:13])([H:14])[H:15])[H:17],,
12,0.014390687843619635,RESP2,PW6B95/cc-pV(D+d)Z,,0.4,H,resp2,13,[H:16][C:7]1([C:6]([C:5]([C:4]([C:9]([C:8]1([H:18])[H:19])([H:20])[H:21])([H:11])[C:2](=[O:1])[O:3][H:10])([H:12])[H:13])([H:14])[H:15])[H:17],,
13,0.006323701654221218,RESP2,PW6B95/cc-pV(D+d)Z,,0.4,H,resp2,14,[H:16][C:7]1([C:6]([C:5]([C:4]([C:9]([C:8]1([H:18])[H:19])([H:20])[H:21])([H:11])[C:2](=[O:1])[O:3][H:10])([H:12])[H:13])([H:14])[H:15])[H:17],,
14,0.0059645230434895715,RESP2,PW6B95/cc-pV(D+d)Z,,0.4,H,resp2,15,[H:16][C:7]1([C:6]([C:5]([C:4]([C:9]([C:8]1([H:18])[H:19])([H:20])[H:21])([H:11])[C:2](=[O:1])[O:3][H:10])([H:12])[H:13])([H:14])[H:15])[H:17],,
15,0.0009544646184400324,RESP2,PW6B95/cc-pV(D+d)Z,,0.4,H,resp2,16,[H:16][C:7]1([C:6]([C:5]([C:4]([C:9]([C:8]1([H:18])[H:19])([H:20])[H:21])([H:11])[C:2](=[O:1])[O:3][H:10])([H:12])[H:13])([H:14])[H:15])[H:17],,
16,0.0052393184940207,RESP2,PW6B95/cc-pV(D+d)Z,,0.4,H,resp2,17,[H:16][C:7]1([C:6]([C:5]([C:4]([C:9]([C:8]1([H:18])[H:19])([H:20])[H:21])([H:11])[C:2](=[O:1])[O:3][H:10])([H:12])[H:13])([H:14])[H:15])[H:17],,
17,0.0014106292239798716,RESP2,PW6B95/cc-pV(D+d)Z,,0.4,H,resp2,18,[H:16][C:7]1([C:6]([C:5]([C:4]([C:9]([C:8]1([H:18])[H:19])([H:20])[H:21])([H:11])[C:2](=[O:1])[O:3][H:10])([H:12])[H:13])([H:14])[H:15])[H:17],,
18,-0.0012572631711349183,RESP2,PW6B95/cc-pV(D+d)Z,,0.4,H,resp2,19,[H:16][C:7]1([C:6]([C:5]([C:4]([C:9]([C:8]1([H:18])[H:19])([H:20])[H:21])([H:11])[C:2](=[O:1])[O:3][H:10])([H:12])[H:13])([H:14])[H:15])[H:17],,
19,0.014602478246268938,RESP2,PW6B95/cc-pV(D+d)Z,,0.4,H,resp2,20,[H:16][C:7]1([C:6]([C:5]([C:4]([C:9]([C:8]1([H:18])[H:19])([H:20])[H:21])([H:11])[C:2](=[O:1])[O:3][H:10])([H:12])[H:13])([H:14])[H:15])[H:17],,
20,0.015270941343021698,RESP2,PW6B95/cc-pV(D+d)Z,,0.4,H,resp2,21,[H:16][C:7]1([C:6]([C:5]([C:4]([C:9]([C:8]1([H:18])[H:19])([H:20])[H:21])([H:11])[C:2](=[O:1])[O:3][H:10])([H:12])[H:13])([H:14])[H:15])[H:17],,
0,-0.5069537425152749,RESP2,PW6B95/cc-pV(D+d)Z,,0.45,O,resp2,1,[H:16][C:7]1([C:6]([C:5]([C:4]([C:9]([C:8]1([H:18])[H:19])([H:20])[H:21])([H:11])[C:2](=[O:1])[O:3][H:10])([H:12])[H:13])([H:14])[H:15])[H:17],,
1,0.5241458359969801,RESP2,PW6B95/cc-pV(D+d)Z,,0.45,C,resp2,2,[H:16][C:7]1([C:6]([C:5]([C:4]([C:9]([C:8]1([H:18])[H:19])([H:20])[H:21])([H:11])[C:2](=[O:1])[O:3][H:10])([H:12])[H:13])([H:14])[H:15])[H:17],,
2,-0.5280591912892718,RESP2,PW6B95/cc-pV(D+d)Z,,0.45,O,resp2,3,[H:16][C:7]1([C:6]([C:5]([C:4]([C:9]([C:8]1([H:18])[H:19])([H:20])[H:21])([H:11])[C:2](=[O:1])[O:3][H:10])([H:12])[H:13])([H:14])[H:15])[H:17],,
3,0.06358224521466824,RESP2,PW6B95/cc-pV(D+d)Z,,0.45,C,resp2,4,[H:16][C:7]1([C:6]([C:5]([C:4]([C:9]([C:8]1([H:18])[H:19])([H:20])[H:21])([H:11])[C:2](=[O:1])[O:3][H:10])([H:12])[H:13])([H:14])[H:15])[H:17],,
4,-0.03931487610477097,RESP2,PW6B95/cc-pV(D+d)Z,,0.45,C,resp2,5,[H:16][C:7]1([C:6]([C:5]([C:4]([C:9]([C:8]1([H:18])[H:19])([H:20])[H:21])([H:11])[C:2](=[O:1])[O:3][H:10])([H:12])[H:13])([H:14])[H:15])[H:17],,
5,0.0017865735810541862,RESP2,PW6B95/cc-pV(D+d)Z,,0.45,C,resp2,6,[H:16][C:7]1([C:6]([C:5]([C:4]([C:9]([C:8]1([H:18])[H:19])([H:20])[H:21])([H:11])[C:2](=[O:1])[O:3][H:10])([H:12])[H:13])([H:14])[H:15])[H:17],,
6,-0.002807261838601801,RESP2,PW6B95/cc-pV(D+d)Z,,0.45,C,resp2,7,[H:16][C:7]1([C:6]([C:5]([C:4]([C:9]([C:8]1([H:18])[H:19])([H:20])[H:21])([H:11])[C:2](=[O:1])[O:3][H:10])([H:12])[H:13])([H:14])[H:15])[H:17],,
7,0.016336109745807757,RESP2,PW6B95/cc-pV(D+d)Z,,0.45,C,resp2,8,[H:16][C:7]1([C:6]([C:5]([C:4]([C:9]([C:8]1([H:18])[H:19])([H:20])[H:21])([H:11])[C:2](=[O:1])[O:3][H:10])([H:12])[H:13])([H:14])[H:15])[H:17],,
8,-0.03540514807156733,RESP2,PW6B95/cc-pV(D+d)Z,,0.45,C,resp2,9,[H:16][C:7]1([C:6]([C:5]([C:4]([C:9]([C:8]1([H:18])[H:19])([H:20])[H:21])([H:11])[C:2](=[O:1])[O:3][H:10])([H:12])[H:13])([H:14])[H:15])[H:17],,
9,0.41185514823720026,RESP2,PW6B95/cc-pV(D+d)Z,,0.45,H,resp2,10,[H:16][C:7]1([C:6]([C:5]([C:4]([C:9]([C:8]1([H:18])[H:19])([H:20])[H:21])([H:11])[C:2](=[O:1])[O:3][H:10])([H:12])[H:13])([H:14])[H:15])[H:17],,
10,0.014541010253126896,RESP2,PW6B95/cc-pV(D+d)Z,,0.45,H,resp2,11,[H:16][C:7]1([C:6]([C:5]([C:4]([C:9]([C:8]1([H:18])[H:19])([H:20])[H:21])([H:11])[C:2](=[O:1])[O:3][H:10])([H:12])[H:13])([H:14])[H:15])[H:17],,
11,0.018127749925758243,RESP2,PW6B95/cc-pV(D+d)Z,,0.45,H,resp2,12,[H:16][C:7]1([C:6]([C:5]([C:4]([C:9]([C:8]1([H:18])[H:19])([H:20])[H:21])([H:11])[C:2](=[O:1])[O:3][H:10])([H:12])[H:13])([H:14])[H:15])[H:17],,
12,0.014555320444150194,RESP2,PW6B95/cc-pV(D+d)Z,,0.45,H,resp2,13,[H:16][C:7]1([C:6]([C:5]([C:4]([C:9]([C:8]1([H:18])[H:19])([H:20])[H:21])([H:11])[C:2](=[O:1])[O:3][H:10])([H:12])[H:13])([H:14])[H:15])[H:17],,
13,0.0062130737689703956,RESP2,PW6B95/cc-pV(D+d)Z,,0.45,H,resp2,14,[H:16][C:7]1([C:6]([C:5]([C:4]([C:9]([C:8]1([H:18])[H:19])([H:20])[H:21])([H:11])[C:2](=[O:1])[O:3][H:10])([H:12])[H:13])([H:14])[H:15])[H:17],,
14,0.005724205010617102,RESP2,PW6B95/cc-pV(D+d)Z,,0.45,H,resp2,15,[H:16][C:7]1([C:6]([C:5]([C:4]([C:9]([C:8]1([H:18])[H:19])([H:20])[H:21])([H:11])[C:2](=[O:1])[O:3][H:10])([H:12])[H:13])([H:14])[H:15])[H:17],,
15,0.00036493041901291,RESP2,PW6B95/cc-pV(D+d)Z,,0.45,H,resp2,16,[H:16][C:7]1([C:6]([C:5]([C:4]([C:9]([C:8]1([H:18])[H:19])([H:20])[H:21])([H:11])[C:2](=[O:1])[O:3][H:10])([H:12])[H:13])([H:14])[H:15])[H:17],,
16,0.004608003435699342,RESP2,PW6B95/cc-pV(D+d)Z,,0.45,H,resp2,17,[H:16][C:7]1([C:6]([C:5]([C:4]([C:9]([C:8]1([H:18])[H:19])([H:20])[H:21])([H:11])[C:2](=[O:1])[O:3][H:10])([H:12])[H:13])([H:14])[H:15])[H:17],,
17,0.0019334797588383852,RESP2,PW6B95/cc-pV(D+d)Z,,0.45,H,resp2,18,[H:16][C:7]1([C:6]([C:5]([C:4]([C:9]([C:8]1([H:18])[H:19])([H:20])[H:21])([H:11])[C:2](=[O:1])[O:3][H:10])([H:12])[H:13])([H:14])[H:15])[H:17],,
18,-0.0007590543079702462,RESP2,PW6B95/cc-pV(D+d)Z,,0.45,H,resp2,19,[H:16][C:7]1([C:6]([C:5]([C:4]([C:9]([C:8]1([H:18])[H:19])([H:20])[H:21])([H:11])[C:2](=[O:1])[O:3][H:10])([H:12])[H:13])([H:14])[H:15])[H:17],,
19,0.014396614549543281,RESP2,PW6B95/cc-pV(D+d)Z,,0.45,H,resp2,20,[H:16][C:7]1([C:6]([C:5]([C:4]([C:9]([C:8]1([H:18])[H:19])([H:20])[H:21])([H:11])[C:2](=[O:1])[O:3][H:10])([H:12])[H:13])([H:14])[H:15])[H:17],,
20,0.015128973786029985,RESP2,PW6B95/cc-pV(D+d)Z,,0.45,H,resp2,21,[H:16][C:7]1([C:6]([C:5]([C:4]([C:9]([C:8]1([H:18])[H:19])([H:20])[H:21])([H:11])[C:2](=[O:1])[O:3][H:10])([H:12])[H:13])([H:14])[H:15])[H:17],,
0,-0.5099642263844655,RESP2,PW6B95/cc-pV(D+d)Z,,0.5,O,resp2,1,[H:16][C:7]1([C:6]([C:5]([C:4]([C:9]([C:8]1([H:18])[H:19])([H:20])[H:21])([H:11])[C:2](=[O:1])[O:3][H:10])([H:12])[H:13])([H:14])[H:15])[H:17],,
1,0.5256416484549091,RESP2,PW6B95/cc-pV(D+d)Z,,0.5,C,resp2,2,[H:16][C:7]1([C:6]([C:5]([C:4]([C:9]([C:8]1([H:18])[H:19])([H:20])[H:21])([H:11])[C:2](=[O:1])[O:3][H:10])([H:12])[H:13])([H:14])[H:15])[H:17],,
2,-0.5291338183795369,RESP2,PW6B95/cc-pV(D+d)Z,,0.5,O,resp2,3,[H:16][C:7]1([C:6]([C:5]([C:4]([C:9]([C:8]1([H:18])[H:19])([H:20])[H:21])([H:11])[C:2](=[O:1])[O:3][H:10])([H:12])[H:13])([H:14])[H:15])[H:17],,
3,0.062415637470671324,RESP2,PW6B95/cc-pV(D+d)Z,,0.5,C,resp2,4,[H:16][C:7]1([C:6]([C:5]([C:4]([C:9]([C:8]1([H:18])[H:19])([H:20])[H:21])([H:11])[C:2](=[O:1])[O:3][H:10])([H:12])[H:13])([H:14])[H:15])[H:17],,
4,-0.038811598112942075,RESP2,PW6B95/cc-pV(D+d)Z,,0.5,C,resp2,5,[H:16][C:7]1([C:6]([C:5]([C:4]([C:9]([C:8]1([H:18])[H:19])([H:20])[H:21])([H:11])[C:2](=[O:1])[O:3][H:10])([H:12])[H:13])([H:14])[H:15])[H:17],,
5,0.0017776403949379634,RESP2,PW6B95/cc-pV(D+d)Z,,0.5,C,resp2,6,[H:16][C:7]1([C:6]([C:5]([C:4]([C:9]([C:8]1([H:18])[H:19])([H:20])[H:21])([H:11])[C:2](=[O:1])[O:3][H:10])([H:12])[H:13])([H:14])[H:15])[H:17],,
6,-0.0003019460286666268,RESP2,PW6B95/cc-pV(D+d)Z,,0.5,C,resp2,7,[H:16][C:7]1([C:6]([C:5]([C:4]([C:9]([C:8]1([H:18])[H:19])([H:20])[H:21])([H:11])[C:2](=[O:1])[O:3][H:10])([H:12])[H:13])([H:14])[H:15])[H:17],,
7,0.014226066558908521,RESP2,PW6B95/cc-pV(D+d)Z,,0.5,C,resp2,8,[H:16][C:7]1([C:6]([C:5]([C:4]([C:9]([C:8]1([H:18])[H:19])([H:20])[H:21])([H:11])[C:2](=[O:1])[O:3][H:10])([H:12])[H:13])([H:14])[H:15])[H:17],,
8,-0.03427641331014551,RESP2,PW6B95/cc-pV(D+d)Z,,0.5,C,resp2,9,[H:16][C:7]1([C:6]([C:5]([C:4]([C:9]([C:8]1([H:18])[H:19])([H:20])[H:21])([H:11])[C:2](=[O:1])[O:3][H:10])([H:12])[H:13])([H:14])[H:15])[H:17],,
9,0.41361781946068954,RESP2,PW6B95/cc-pV(D+d)Z,,0.5,H,resp2,10,[H:16][C:7]1([C:6]([C:5]([C:4]([C:9]([C:8]1([H:18])[H:19])([H:20])[H:21])([H:11])[C:2](=[O:1])[O:3][H:10])([H:12])[H:13])([H:14])[H:15])[H:17],,
10,0.015438880779434958,RESP2,PW6B95/cc-pV(D+d)Z,,0.5,H,resp2,11,[H:16][C:7]1([C:6]([C:5]([C:4]([C:9]([C:8]1([H:18])[H:19])([H:20])[H:21])([H:11])[C:2](=[O:1])[O:3][H:10])([H:12])[H:13])([H:14])[H:15])[H:17],,
11,0.017938696662349186,RESP2,PW6B95/cc-pV(D+d)Z,,0.5,H,resp2,12,[H:16][C:7]1([C:6]([C:5]([C:4]([C:9]([C:8]1([H:18])[H:19])([H:20])[H:21])([H:11])[C:2](=[O:1])[O:3][H:10])([H:12])[H:13])([H:14])[H:15])[H:17],,
12,0.014719953044680743,RESP2,PW6B95/cc-pV(D+d)Z,,0.5,H,resp2,13,[H:16][C:7]1([C:6]([C:5]([C:4]([C:9]([C:8]1([H:18])[H:19])([H:20])[H:21])([H:11])[C:2](=[O:1])[O:3][H:10])([H:12])[H:13])([H:14])[H:15])[H:17],,
13,0.0061024458837195625,RESP2,PW6B95/cc-pV(D+d)Z,,0.5,H,resp2,14,[H:16][C:7]1([C:6]([C:5]([C:4]([C:9]([C:8]1([H:18])[H:19])([H:20])[H:21])([H:11])[C:2](=[O:1])[O:3][H:10])([H:12])[H:13])([H:14])[H:15])[H:17],,
14,0.005483886977744623,RESP2,PW6B95/cc-pV(D+d)Z,,0.5,H,resp2,15,[H:16][C:7]1([C:6]([C:5]([C:4]([C:9]([C:8]1([H:18])[H:19])([H:20])[H:21])([H:11])[C:2](=[O:1])[O:3][H:10])([H:12])[H:13])([H:14])[H:15])[H:17],,
15,-0.00022460378041422096,RESP2,PW6B95/cc-pV(D+d)Z,,0.5,H,resp2,16,[H:16][C:7]1([C:6]([C:5]([C:4]([C:9]([C:8]1([H:18])[H:19])([H:20])[H:21])([H:11])[C:2](=[O:1])[O:3][H:10])([H:12])[H:13])([H:14])[H:15])[H:17],,
16,0.003976688377377975,RESP2,PW6B95/cc-pV(D+d)Z,,0.5,H,resp2,17,[H:16][C:7]1([C:6]([C:5]([C:4]([C:9]([C:8]1([H:18])[H:19])([H:20])[H:21])([H:11])[C:2](=[O:1])[O:3][H:10])([H:12])[H:13])([H:14])[H:15])[H:17],,
17,0.0024563302936968915,RESP2,PW6B95/cc-pV(D+d)Z,,0.5,H,resp2,18,[H:16][C:7]1([C:6]([C:5]([C:4]([C:9]([C:8]1([H:18])[H:19])([H:20])[H:21])([H:11])[C:2](=[O:1])[O:3][H:10])([H:12])[H:13])([H:14])[H:15])[H:17],,
18,-0.0002608454448055817,RESP2,PW6B95/cc-pV(D+d)Z,,0.5,H,resp2,19,[H:16][C:7]1([C:6]([C:5]([C:4]([C:9]([C:8]1([H:18])[H:19])([H:20])[H:21])([H:11])[C:2](=[O:1])[O:3][H:10])([H:12])[H:13])([H:14])[H:15])[H:17],,
19,0.014190750852817612,RESP2,PW6B95/cc-pV(D+d)Z,,0.5,H,resp2,20,[H:16][C:7]1([C:6]([C:5]([C:4]([C:9]([C:8]1([H:18])[H:19])([H:20])[H:21])([H:11])[C:2](=[O:1])[O:3][H:10])([H:12])[H:13])([H:14])[H:15])[H:17],,
20,0.01498700622903826,RESP2,PW6B95/cc-pV(D+d)Z,,0.5,H,resp2,21,[H:16][C:7]1([C:6]([C:5]([C:4]([C:9]([C:8]1([H:18])[H:19])([H:20])[H:21])([H:11])[C:2](=[O:1])[O:3][H:10])([H:12])[H:13])([H:14])[H:15])[H:17],,
0,-0.512974710253656,RESP2,PW6B95/cc-pV(D+d)Z,,0.55,O,resp2,1,[H:16][C:7]1([C:6]([C:5]([C:4]([C:9]([C:8]1([H:18])[H:19])([H:20])[H:21])([H:11])[C:2](=[O:1])[O:3][H:10])([H:12])[H:13])([H:14])[H:15])[H:17],,
1,0.5271374609128382,RESP2,PW6B95/cc-pV(D+d)Z,,0.55,C,resp2,2,[H:16][C:7]1([C:6]([C:5]([C:4]([C:9]([C:8]1([H:18])[H:19])([H:20])[H:21])([H:11])[C:2](=[O:1])[O:3][H:10])([H:12])[H:13])([H:14])[H:15])[H:17],,
2,-0.5302084454698018,RESP2,PW6B95/cc-pV(D+d)Z,,0.55,O,resp2,3,[H:16][C:7]1([C:6]([C:5]([C:4]([C:9]([C:8]1([H:18])[H:19])([H:20])[H:21])([H:11])[C:2](=[O:1])[O:3][H:10])([H:12])[H:13])([H:14])[H:15])[H:17],,
3,0.06124902972667443,RESP2,PW6B95/cc-pV(D+d)Z,,0.55,C,resp2,4,[H:16][C:7]1([C:6]([C:5]([C:4]([C:9]([C:8]1([H:18])[H:19])([H:20])[H:21])([H:11])[C:2](=[O:1])[O:3][H:10])([H:12])[H:13])([H:14])[H:15])[H:17],,
4,-0.038308320121113175,RESP2,PW6B95/cc-pV(D+d)Z,,0.55,C,resp2,5,[H:16][C:7]1([C:6]([C:5]([C:4]([C:9]([C:8]1([H:18])[H:19])([H:20])[H:21])([H:11])[C:2](=[O:1])[O:3][H:10])([H:12])[H:13])([H:14])[H:15])[H:17],,
5,0.0017687072088217511,RESP2,PW6B95/cc-pV(D+d)Z,,0.55,C,resp2,6,[H:16][C:7]1([C:6]([C:5]([C:4]([C:9]([C:8]1([H:18])[H:19])([H:20])[H:21])([H:11])[C:2](=[O:1])[O:3][H:10])([H:12])[H:13])([H:14])[H:15])[H:17],,
6,0.0022033697812685596,RESP2,PW6B95/cc-pV(D+d)Z,,0.55,C,resp2,7,[H:16][C:7]1([C:6]([C:5]([C:4]([C:9]([C:8]1([H:18])[H:19])([H:20])[H:21])([H:11])[C:2](=[O:1])[O:3][H:10])([H:12])[H:13])([H:14])[H:15])[H:17],,
7,0.012116023372009297,RESP2,PW6B95/cc-pV(D+d)Z,,0.55,C,resp2,8,[H:16][C:7]1([C:6]([C:5]([C:4]([C:9]([C:8]1([H:18])[H:19])([H:20])[H:21])([H:11])[C:2](=[O:1])[O:3][H:10])([H:12])[H:13])([H:14])[H:15])[H:17],,
8,-0.033147678548723684,RESP2,PW6B95/cc-pV(D+d)Z,,0.55,C,resp2,9,[H:16][C:7]1([C:6]([C:5]([C:4]([C:9]([C:8]1([H:18])[H:19])([H:20])[H:21])([H:11])[C:2](=[O:1])[O:3][H:10])([H:12])[H:13])([H:14])[H:15])[H:17],,
9,0.41538049068417887,RESP2,PW6B95/cc-pV(D+d)Z,,0.55,H,resp2,10,[H:16][C:7]1([C:6]([C:5]([C:4]([C:9]([C:8]1([H:18])[H:19])([H:20])[H:21])([H:11])[C:2](=[O:1])[O:3][H:10])([H:12])[H:13])([H:14])[H:15])[H:17],,
10,0.01633675130574303,RESP2,PW6B95/cc-pV(D+d)Z,,0.55,H,resp2,11,[H:16][C:7]1([C:6]([C:5]([C:4]([C:9]([C:8]1([H:18])[H:19])([H:20])[H:21])([H:11])[C:2](=[O:1])[O:3][H:10])([H:12])[H:13])([H:14])[H:15])[H:17],,
11,0.01774964339894014,RESP2,PW6B95/cc-pV(D+d)Z,,0.55,H,resp2,12,[H:16][C:7]1([C:6]([C:5]([C:4]([C:9]([C:8]1([H:18])[H:19])([H:20])[H:21])([H:11])[C:2](=[O:1])[O:3][H:10])([H:12])[H:13])([H:14])[H:15])[H:17],,
12,0.014884585645211305,RESP2,PW6B95/cc-pV(D+d)Z,,0.55,H,resp2,13,[H:16][C:7]1([C:6]([C:5]([C:4]([C:9]([C:8]1([H:18])[H:19])([H:20])[H:21])([H:11])[C:2](=[O:1])[O:3][H:10])([H:12])[H:13])([H:14])[H:15])[H:17],,
13,0.005991817998468741,RESP2,PW6B95/cc-pV(D+d)Z,,0.55,H,resp2,14,[H:16][C:7]1([C:6]([C:5]([C:4]([C:9]([C:8]1([H:18])[H:19])([H:20])[H:21])([H:11])[C:2](=[O:1])[O:3][H:10])([H:12])[H:13])([H:14])[H:15])[H:17],,
14,0.005243568944872156,RESP2,PW6B95/cc-pV(D+d)Z,,0.55,H,resp2,15,[H:16][C:7]1([C:6]([C:5]([C:4]([C:9]([C:8]1([H:18])[H:19])([H:20])[H:21])([H:11])[C:2](=[O:1])[O:3][H:10])([H:12])[H:13])([H:14])[H:15])[H:17],,
15,-0.0008141379798413419,RESP2,PW6B95/cc-pV(D+d)Z,,0.55,H,resp2,16,[H:16][C:7]1([C:6]([C:5]([C:4]([C:9]([C:8]1([H:18])[H:19])([H:20])[H:21])([H:11])[C:2](=[O:1])[O:3][H:10])([H:12])[H:13])([H:14])[H:15])[H:17],,
16,0.00334537331905662,RESP2,PW6B95/cc-pV(D+d)Z,,0.55,H,resp2,17,[H:16][C:7]1([C:6]([C:5]([C:4]([C:9]([C:8]1([H:18])[H:19])([H:20])[H:21])([H:11])[C:2](=[O:1])[O:3][H:10])([H:12])[H:13])([H:14])[H:15])[H:17],,
17,0.002979180828555408,RESP2,PW6B95/cc-pV(D+d)Z,,0.55,H,resp2,18,[H:16][C:7]1([C:6]([C:5]([C:4]([C:9]([C:8]1([H:18])[H:19])([H:20])[H:21])([H:11])[C:2](=[O:1])[O:3][H:10])([H:12])[H:13])([H:14])[H:15])[H:17],,
18,0.00023736341835909366,RESP2,PW6B95/cc-pV(D+d)Z,,0.55,H,resp2,19,[H:16][C:7]1([C:6]([C:5]([C:4]([C:9]([C:8]1([H:18])[H:19])([H:20])[H:21])([H:11])[C:2](=[O:1])[O:3][H:10])([H:12])[H:13])([H:14])[H:15])[H:17],,
19,0.013984887156091957,RESP2,PW6B95/cc-pV(D+d)Z,,0.55,H,resp2,20,[H:16][C:7]1([C:6]([C:5]([C:4]([C:9]([C:8]1([H:18])[H:19])([H:20])[H:21])([H:11])[C:2](=[O:1])[O:3][H:10])([H:12])[H:13])([H:14])[H:15])[H:17],,
20,0.014845038672046547,RESP2,PW6B95/cc-pV(D+d)Z,,0.55,H,resp2,21,[H:16][C:7]1([C:6]([C:5]([C:4]([C:9]([C:8]1([H:18])[H:19])([H:20])[H:21])([H:11])[C:2](=[O:1])[O:3][H:10])([H:12])[H:13])([H:14])[H:15])[H:17],,
0,-0.5159851941228466,RESP2,PW6B95/cc-pV(D+d)Z,,0.6000000000000001,O,resp2,1,[H:16][C:7]1([C:6]([C:5]([C:4]([C:9]([C:8]1([H:18])[H:19])([H:20])[H:21])([H:11])[C:2](=[O:1])[O:3][H:10])([H:12])[H:13])([H:14])[H:15])[H:17],,
1,0.5286332733707673,RESP2,PW6B95/cc-pV(D+d)Z,,0.6000000000000001,C,resp2,2,[H:16][C:7]1([C:6]([C:5]([C:4]([C:9]([C:8]1([H:18])[H:19])([H:20])[H:21])([H:11])[C:2](=[O:1])[O:3][H:10])([H:12])[H:13])([H:14])[H:15])[H:17],,
2,-0.5312830725600669,RESP2,PW6B95/cc-pV(D+d)Z,,0.6000000000000001,O,resp2,3,[H:16][C:7]1([C:6]([C:5]([C:4]([C:9]([C:8]1([H:18])[H:19])([H:20])[H:21])([H:11])[C:2](=[O:1])[O:3][H:10])([H:12])[H:13])([H:14])[H:15])[H:17],,
3,0.06008242198267753,RESP2,PW6B95/cc-pV(D+d)Z,,0.6000000000000001,C,resp2,4,[H:16][C:7]1([C:6]([C:5]([C:4]([C:9]([C:8]1([H:18])[H:19])([H:20])[H:21])([H:11])[C:2](=[O:1])[O:3][H:10])([H:12])[H:13])([H:14])[H:15])[H:17],,
4,-0.03780504212928428,RESP2,PW6B95/cc-pV(D+d)Z,,0.6000000000000001,C,resp2,5,[H:16][C:7]1([C:6]([C:5]([C:4]([C:9]([C:8]1([H:18])[H:19])([H:20])[H:21])([H:11])[C:2](=[O:1])[O:3][H:10])([H:12])[H:13])([H:14])[H:15])[H:17],,
5,0.0017597740227055232,RESP2,PW6B95/cc-pV(D+d)Z,,0.6000000000000001,C,resp2,6,[H:16][C:7]1([C:6]([C:5]([C:4]([C:9]([C:8]1([H:18])[H:19])([H:20])[H:21])([H:11])[C:2](=[O:1])[O:3][H:10])([H:12])[H:13])([H:14])[H:15])[H:17],,
6,0.004708685591203729,RESP2,PW6B95/cc-pV(D+d)Z,,0.6000000000000001,C,resp2,7,[H:16][C:7]1([C:6]([C:5]([C:4]([C:9]([C:8]1([H:18])[H:19])([H:20])[H:21])([H:11])[C:2](=[O:1])[O:3][H:10])([H:12])[H:13])([H:14])[H:15])[H:17],,
7,0.010005980185110055,RESP2,PW6B95/cc-pV(D+d)Z,,0.6000000000000001,C,resp2,8,[H:16][C:7]1([C:6]([C:5]([C:4]([C:9]([C:8]1([H:18])[H:19])([H:20])[H:21])([H:11])[C:2](=[O:1])[O:3][H:10])([H:12])[H:13])([H:14])[H:15])[H:17],,
8,-0.032018943787301864,RESP2,PW6B95/cc-pV(D+d)Z,,0.6000000000000001,C,resp2,9,[H:16][C:7]1([C:6]([C:5]([C:4]([C:9]([C:8]1([H:18])[H:19])([H:20])[H:21])([H:11])[C:2](=[O:1])[O:3][H:10])([H:12])[H:13])([H:14])[H:15])[H:17],,
9,0.4171431619076683,RESP2,PW6B95/cc-pV(D+d)Z,,0.6000000000000001,H,resp2,10,[H:16][C:7]1([C:6]([C:5]([C:4]([C:9]([C:8]1([H:18])[H:19])([H:20])[H:21])([H:11])[C:2](=[O:1])[O:3][H:10])([H:12])[H:13])([H:14])[H:15])[H:17],,
10,0.017234621832051093,RESP2,PW6B95/cc-pV(D+d)Z,,0.6000000000000001,H,resp2,11,[H:16][C:7]1([C:6]([C:5]([C:4]([C:9]([C:8]1([H:18])[H:19])([H:20])[H:21])([H:11])[C:2](=[O:1])[O:3][H:10])([H:12])[H:13])([H:14])[H:15])[H:17],,
11,0.01756059013553108,RESP2,PW6B95/cc-pV(D+d)Z,,0.6000000000000001,H,resp2,12,[H:16][C:7]1([C:6]([C:5]([C:4]([C:9]([C:8]1([H:18])[H:19])([H:20])[H:21])([H:11])[C:2](=[O:1])[O:3][H:10])([H:12])[H:13])([H:14])[H:15])[H:17],,
12,0.015049218245741848,RESP2,PW6B95/cc-pV(D+d)Z,,0.6000000000000001,H,resp2,13,[H:16][C:7]1([C:6]([C:5]([C:4]([C:9]([C:8]1([H:18])[H:19])([H:20])[H:21])([H:11])[C:2](=[O:1])[O:3][H:10])([H:12])[H:13])([H:14])[H:15])[H:17],,
13,0.0058811901132179035,RESP2,PW6B95/cc-pV(D+d)Z,,0.6000000000000001,H,resp2,14,[H:16][C:7]1([C:6]([C:5]([C:4]([C:9]([C:8]1([H:18])[H:19])([H:20])[H:21])([H:11])[C:2](=[O:1])[O:3][H:10])([H:12])[H:13])([H:14])[H:15])[H:17],,
14,0.005003250911999673,RESP2,PW6B95/cc-pV(D+d)Z,,0.6000000000000001,H,resp2,15,[H:16][C:7]1([C:6]([C:5]([C:4]([C:9]([C:8]1([H:18])[H:19])([H:20])[H:21])([H:11])[C:2](=[O:1])[O:3][H:10])([H:12])[H:13])([H:14])[H:15])[H:17],,
15,-0.001403672179268478,RESP2,PW6B95/cc-pV(D+d)Z,,0.6000000000000001,H,resp2,16,[H:16][C:7]1([C:6]([C:5]([C:4]([C:9]([C:8]1([H:18])[H:19])([H:20])[H:21])([H:11])[C:2](=[O:1])[O:3][H:10])([H:12])[H:13])([H:14])[H:15])[H:17],,
16,0.002714058260735248,RESP2,PW6B95/cc-pV(D+d)Z,,0.6000000000000001,H,resp2,17,[H:16][C:7]1([C:6]([C:5]([C:4]([C:9]([C:8]1([H:18])[H:19])([H:20])[H:21])([H:11])[C:2](=[O:1])[O:3][H:10])([H:12])[H:13])([H:14])[H:15])[H:17],,
17,0.0035020313634139093,RESP2,PW6B95/cc-pV(D+d)Z,,0.6000000000000001,H,resp2,18,[H:16][C:7]1([C:6]([C:5]([C:4]([C:9]([C:8]1([H:18])[H:19])([H:20])[H:21])([H:11])[C:2](=[O:1])[O:3][H:10])([H:12])[H:13])([H:14])[H:15])[H:17],,
18,0.000735572281523753,RESP2,PW6B95/cc-pV(D+d)Z,,0.6000000000000001,H,resp2,19,[H:16][C:7]1([C:6]([C:5]([C:4]([C:9]([C:8]1([H:18])[H:19])([H:20])[H:21])([H:11])[C:2](=[O:1])[O:3][H:10])([H:12])[H:13])([H:14])[H:15])[H:17],,
19,0.013779023459366284,RESP2,PW6B95/cc-pV(D+d)Z,,0.6000000000000001,H,resp2,20,[H:16][C:7]1([C:6]([C:5]([C:4]([C:9]([C:8]1([H:18])[H:19])([H:20])[H:21])([H:11])[C:2](=[O:1])[O:3][H:10])([H:12])[H:13])([H:14])[H:15])[H:17],,
20,0.014703071115054818,RESP2,PW6B95/cc-pV(D+d)Z,,0.6000000000000001,H,resp2,21,[H:16][C:7]1([C:6]([C:5]([C:4]([C:9]([C:8]1([H:18])[H:19])([H:20])[H:21])([H:11])[C:2](=[O:1])[O:3][H:10])([H:12])[H:13])([H:14])[H:15])[H:17],,
0,-0.5189956779920373,RESP2,PW6B95/cc-pV(D+d)Z,,0.65,O,resp2,1,[H:16][C:7]1([C:6]([C:5]([C:4]([C:9]([C:8]1([H:18])[H:19])([H:20])[H:21])([H:11])[C:2](=[O:1])[O:3][H:10])([H:12])[H:13])([H:14])[H:15])[H:17],,
1,0.5301290858286963,RESP2,PW6B95/cc-pV(D+d)Z,,0.65,C,resp2,2,[H:16][C:7]1([C:6]([C:5]([C:4]([C:9]([C:8]1([H:18])[H:19])([H:20])[H:21])([H:11])[C:2](=[O:1])[O:3][H:10])([H:12])[H:13])([H:14])[H:15])[H:17],,
2,-0.5323576996503319,RESP2,PW6B95/cc-pV(D+d)Z,,0.65,O,resp2,3,[H:16][C:7]1([C:6]([C:5]([C:4]([C:9]([C:8]1([H:18])[H:19])([H:20])[H:21])([H:11])[C:2](=[O:1])[O:3][H:10])([H:12])[H:13])([H:14])[H:15])[H:17],,
3,0.05891581423868062,RESP2,PW6B95/cc-pV(D+d)Z,,0.65,C,resp2,4,[H:16][C:7]1([C:6]([C:5]([C:4]([C:9]([C:8]1([H:18])[H:19])([H:20])[H:21])([H:11])[C:2](=[O:1])[O:3][H:10])([H:12])[H:13])([H:14])[H:15])[H:17],,
4,-0.03730176413745539,RESP2,PW6B95/cc-pV(D+d)Z,,0.65,C,resp2,5,[H:16][C:7]1([C:6]([C:5]([C:4]([C:9]([C:8]1([H:18])[H:19])([H:20])[H:21])([H:11])[C:2](=[O:1])[O:3][H:10])([H:12])[H:13])([H:14])[H:15])[H:17],,
5,0.0017508408365893065,RESP2,PW6B95/cc-pV(D+d)Z,,0.65,C,resp2,6,[H:16][C:7]1([C:6]([C:5]([C:4]([C:9]([C:8]1([H:18])[H:19])([H:20])[H:21])([H:11])[C:2](=[O:1])[O:3][H:10])([H:12])[H:13])([H:14])[H:15])[H:17],,
6,0.007214001401138908,RESP2,PW6B95/cc-pV(D+d)Z,,0.65,C,resp2,7,[H:16][C:7]1([C:6]([C:5]([C:4]([C:9]([C:8]1([H:18])[H:19])([H:20])[H:21])([H:11])[C:2](=[O:1])[O:3][H:10])([H:12])[H:13])([H:14])[H:15])[H:17],,
7,0.00789593699821083,RESP2,PW6B95/cc-pV(D+d)Z,,0.65,C,resp2,8,[H:16][C:7]1([C:6]([C:5]([C:4]([C:9]([C:8]1([H:18])[H:19])([H:20])[H:21])([H:11])[C:2](=[O:1])[O:3][H:10])([H:12])[H:13])([H:14])[H:15])[H:17],,
8,-0.03089020902588004,RESP2,PW6B95/cc-pV(D+d)Z,,0.65,C,resp2,9,[H:16][C:7]1([C:6]([C:5]([C:4]([C:9]([C:8]1([H:18])[H:19])([H:20])[H:21])([H:11])[C:2](=[O:1])[O:3][H:10])([H:12])[H:13])([H:14])[H:15])[H:17],,
9,0.41890583313115765,RESP2,PW6B95/cc-pV(D+d)Z,,0.65,H,resp2,10,[H:16][C:7]1([C:6]([C:5]([C:4]([C:9]([C:8]1([H:18])[H:19])([H:20])[H:21])([H:11])[C:2](=[O:1])[O:3][H:10])([H:12])[H:13])([H:14])[H:15])[H:17],,
10,0.01813249235835916,RESP2,PW6B95/cc-pV(D+d)Z,,0.65,H,resp2,11,[H:16][C:7]1([C:6]([C:5]([C:4]([C:9]([C:8]1([H:18])[H:19])([H:20])[H:21])([H:11])[C:2](=[O:1])[O:3][H:10])([H:12])[H:13])([H:14])[H:15])[H:17],,
11,0.017371536872122027,RESP2,PW6B95/cc-pV(D+d)Z,,0.65,H,resp2,12,[H:16][C:7]1([C:6]([C:5]([C:4]([C:9]([C:8]1([H:18])[H:19])([H:20])[H:21])([H:11])[C:2](=[O:1])[O:3][H:10])([H:12])[H:13])([H:14])[H:15])[H:17],,
12,0.015213850846272404,RESP2,PW6B95/cc-pV(D+d)Z,,0.65,H,resp2,13,[H:16][C:7]1([C:6]([C:5]([C:4]([C:9]([C:8]1([H:18])[H:19])([H:20])[H:21])([H:11])[C:2](=[O:1])[O:3][H:10])([H:12])[H:13])([H:14])[H:15])[H:17],,
13,0.005770562227967078,RESP2,PW6B95/cc-pV(D+d)Z,,0.65,H,resp2,14,[H:16][C:7]1([C:6]([C:5]([C:4]([C:9]([C:8]1([H:18])[H:19])([H:20])[H:21])([H:11])[C:2](=[O:1])[O:3][H:10])([H:12])[H:13])([H:14])[H:15])[H:17],,
14,0.004762932879127202,RESP2,PW6B95/cc-pV(D+d)Z,,0.65,H,resp2,15,[H:16][C:7]1([C:6]([C:5]([C:4]([C:9]([C:8]1([H:18])[H:19])([H:20])[H:21])([H:11])[C:2](=[O:1])[O:3][H:10])([H:12])[H:13])([H:14])[H:15])[H:17],,
15,-0.0019932063786956018,RESP2,PW6B95/cc-pV(D+d)Z,,0.65,H,resp2,16,[H:16][C:7]1([C:6]([C:5]([C:4]([C:9]([C:8]1([H:18])[H:19])([H:20])[H:21])([H:11])[C:2](=[O:1])[O:3][H:10])([H:12])[H:13])([H:14])[H:15])[H:17],,
16,0.0020827432024138883,RESP2,PW6B95/cc-pV(D+d)Z,,0.65,H,resp2,17,[H:16][C:7]1([C:6]([C:5]([C:4]([C:9]([C:8]1([H:18])[H:19])([H:20])[H:21])([H:11])[C:2](=[O:1])[O:3][H:10])([H:12])[H:13])([H:14])[H:15])[H:17],,
17,0.004024881898272421,RESP2,PW6B95/cc-pV(D+d)Z,,0.65,H,resp2,18,[H:16][C:7]1([C:6]([C:5]([C:4]([C:9]([C:8]1([H:18])[H:19])([H:20])[H:21])([H:11])[C:2](=[O:1])[O:3][H:10])([H:12])[H:13])([H:14])[H:15])[H:17],,
18,0.001233781144688423,RESP2,PW6B95/cc-pV(D+d)Z,,0.65,H,resp2,19,[H:16][C:7]1([C:6]([C:5]([C:4]([C:9]([C:8]1([H:18])[H:19])([H:20])[H:21])([H:11])[C:2](=[O:1])[O:3][H:10])([H:12])[H:13])([H:14])[H:15])[H:17],,
19,0.013573159762640626,RESP2,PW6B95/cc-pV(D+d)Z,,0.65,H,resp2,20,[H:16][C:7]1([C:6]([C:5]([C:4]([C:9]([C:8]1([H:18])[H:19])([H:20])[H:21])([H:11])[C:2](=[O:1])[O:3][H:10])([H:12])[H:13])([H:14])[H:15])[H:17],,
20,0.014561103558063102,RESP2,PW6B95/cc-pV(D+d)Z,,0.65,H,resp2,21,[H:16][C:7]1([C:6]([C:5]([C:4]([C:9]([C:8]1([H:18])[H:19])([H:20])[H:21])([H:11])[C:2](=[O:1])[O:3][H:10])([H:12])[H:13])([H:14])[H:15])[H:17],,
0,-0.5220061618612277,RESP2,PW6B95/cc-pV(D+d)Z,,0.7000000000000001,O,resp2,1,[H:16][C:7]1([C:6]([C:5]([C:4]([C:9]([C:8]1([H:18])[H:19])([H:20])[H:21])([H:11])[C:2](=[O:1])[O:3][H:10])([H:12])[H:13])([H:14])[H:15])[H:17],,
1,0.5316248982866255,RESP2,PW6B95/cc-pV(D+d)Z,,0.7000000000000001,C,resp2,2,[H:16][C:7]1([C:6]([C:5]([C:4]([C:9]([C:8]1([H:18])[H:19])([H:20])[H:21])([H:11])[C:2](=[O:1])[O:3][H:10])([H:12])[H:13])([H:14])[H:15])[H:17],,
2,-0.5334323267405969,RESP2,PW6B95/cc-pV(D+d)Z,,0.7000000000000001,O,resp2,3,[H:16][C:7]1([C:6]([C:5]([C:4]([C:9]([C:8]1([H:18])[H:19])([H:20])[H:21])([H:11])[C:2](=[O:1])[O:3][H:10])([H:12])[H:13])([H:14])[H:15])[H:17],,
3,0.05774920649468373,RESP2,PW6B95/cc-pV(D+d)Z,,0.7000000000000001,C,resp2,4,[H:16][C:7]1([C:6]([C:5]([C:4]([C:9]([C:8]1([H:18])[H:19])([H:20])[H:21])([H:11])[C:2](=[O:1])[O:3][H:10])([H:12])[H:13])([H:14])[H:15])[H:17],,
4,-0.03679848614562649,RESP2,PW6B95/cc-pV(D+d)Z,,0.7000000000000001,C,resp2,5,[H:16][C:7]1([C:6]([C:5]([C:4]([C:9]([C:8]1([H:18])[H:19])([H:20])[H:21])([H:11])[C:2](=[O:1])[O:3][H:10])([H:12])[H:13])([H:14])[H:15])[H:17],,
5,0.0017419076504730949,RESP2,PW6B95/cc-pV(D+d)Z,,0.7000000000000001,C,resp2,6,[H:16][C:7]1([C:6]([C:5]([C:4]([C:9]([C:8]1([H:18])[H:19])([H:20])[H:21])([H:11])[C:2](=[O:1])[O:3][H:10])([H:12])[H:13])([H:14])[H:15])[H:17],,
6,0.009719317211074096,RESP2,PW6B95/cc-pV(D+d)Z,,0.7000000000000001,C,resp2,7,[H:16][C:7]1([C:6]([C:5]([C:4]([C:9]([C:8]1([H:18])[H:19])([H:20])[H:21])([H:11])[C:2](=[O:1])[O:3][H:10])([H:12])[H:13])([H:14])[H:15])[H:17],,
7,0.005785893811311603,RESP2,PW6B95/cc-pV(D+d)Z,,0.7000000000000001,C,resp2,8,[H:16][C:7]1([C:6]([C:5]([C:4]([C:9]([C:8]1([H:18])[H:19])([H:20])[H:21])([H:11])[C:2](=[O:1])[O:3][H:10])([H:12])[H:13])([H:14])[H:15])[H:17],,
8,-0.0297614742644582,RESP2,PW6B95/cc-pV(D+d)Z,,0.7000000000000001,C,resp2,9,[H:16][C:7]1([C:6]([C:5]([C:4]([C:9]([C:8]1([H:18])[H:19])([H:20])[H:21])([H:11])[C:2](=[O:1])[O:3][H:10])([H:12])[H:13])([H:14])[H:15])[H:17],,
9,0.420668504354647,RESP2,PW6B95/cc-pV(D+d)Z,,0.7000000000000001,H,resp2,10,[H:16][C:7]1([C:6]([C:5]([C:4]([C:9]([C:8]1([H:18])[H:19])([H:20])[H:21])([H:11])[C:2](=[O:1])[O:3][H:10])([H:12])[H:13])([H:14])[H:15])[H:17],,
10,0.019030362884667234,RESP2,PW6B95/cc-pV(D+d)Z,,0.7000000000000001,H,resp2,11,[H:16][C:7]1([C:6]([C:5]([C:4]([C:9]([C:8]1([H:18])[H:19])([H:20])[H:21])([H:11])[C:2](=[O:1])[O:3][H:10])([H:12])[H:13])([H:14])[H:15])[H:17],,
11,0.01718248360871298,RESP2,PW6B95/cc-pV(D+d)Z,,0.7000000000000001,H,resp2,12,[H:16][C:7]1([C:6]([C:5]([C:4]([C:9]([C:8]1([H:18])[H:19])([H:20])[H:21])([H:11])[C:2](=[O:1])[O:3][H:10])([H:12])[H:13])([H:14])[H:15])[H:17],,
12,0.015378483446802968,RESP2,PW6B95/cc-pV(D+d)Z,,0.7000000000000001,H,resp2,13,[H:16][C:7]1([C:6]([C:5]([C:4]([C:9]([C:8]1([H:18])[H:19])([H:20])[H:21])([H:11])[C:2](=[O:1])[O:3][H:10])([H:12])[H:13])([H:14])[H:15])[H:17],,
13,0.0056599343427162566,RESP2,PW6B95/cc-pV(D+d)Z,,0.7000000000000001,H,resp2,14,[H:16][C:7]1([C:6]([C:5]([C:4]([C:9]([C:8]1([H:18])[H:19])([H:20])[H:21])([H:11])[C:2](=[O:1])[O:3][H:10])([H:12])[H:13])([H:14])[H:15])[H:17],,
14,0.004522614846254734,RESP2,PW6B95/cc-pV(D+d)Z,,0.7000000000000001,H,resp2,15,[H:16][C:7]1([C:6]([C:5]([C:4]([C:9]([C:8]1([H:18])[H:19])([H:20])[H:21])([H:11])[C:2](=[O:1])[O:3][H:10])([H:12])[H:13])([H:14])[H:15])[H:17],,
15,-0.0025827405781227216,RESP2,PW6B95/cc-pV(D+d)Z,,0.7000000000000001,H,resp2,16,[H:16][C:7]1([C:6]([C:5]([C:4]([C:9]([C:8]1([H:18])[H:19])([H:20])[H:21])([H:11])[C:2](=[O:1])[O:3][H:10])([H:12])[H:13])([H:14])[H:15])[H:17],,
16,0.001451428144092533,RESP2,PW6B95/cc-pV(D+d)Z,,0.7000000000000001,H,resp2,17,[H:16][C:7]1([C:6]([C:5]([C:4]([C:9]([C:8]1([H:18])[H:19])([H:20])[H:21])([H:11])[C:2](=[O:1])[O:3][H:10])([H:12])[H:13])([H:14])[H:15])[H:17],,
17,0.004547732433130938,RESP2,PW6B95/cc-pV(D+d)Z,,0.7000000000000001,H,resp2,18,[H:16][C:7]1([C:6]([C:5]([C:4]([C:9]([C:8]1([H:18])[H:19])([H:20])[H:21])([H:11])[C:2](=[O:1])[O:3][H:10])([H:12])[H:13])([H:14])[H:15])[H:17],,
18,0.0017319900078530987,RESP2,PW6B95/cc-pV(D+d)Z,,0.7000000000000001,H,resp2,19,[H:16][C:7]1([C:6]([C:5]([C:4]([C:9]([C:8]1([H:18])[H:19])([H:20])[H:21])([H:11])[C:2](=[O:1])[O:3][H:10])([H:12])[H:13])([H:14])[H:15])[H:17],,
19,0.013367296065914969,RESP2,PW6B95/cc-pV(D+d)Z,,0.7000000000000001,H,resp2,20,[H:16][C:7]1([C:6]([C:5]([C:4]([C:9]([C:8]1([H:18])[H:19])([H:20])[H:21])([H:11])[C:2](=[O:1])[O:3][H:10])([H:12])[H:13])([H:14])[H:15])[H:17],,
20,0.01441913600107139,RESP2,PW6B95/cc-pV(D+d)Z,,0.7000000000000001,H,resp2,21,[H:16][C:7]1([C:6]([C:5]([C:4]([C:9]([C:8]1([H:18])[H:19])([H:20])[H:21])([H:11])[C:2](=[O:1])[O:3][H:10])([H:12])[H:13])([H:14])[H:15])[H:17],,
0,-0.5250166457304184,RESP2,PW6B95/cc-pV(D+d)Z,,0.75,O,resp2,1,[H:16][C:7]1([C:6]([C:5]([C:4]([C:9]([C:8]1([H:18])[H:19])([H:20])[H:21])([H:11])[C:2](=[O:1])[O:3][H:10])([H:12])[H:13])([H:14])[H:15])[H:17],,
1,0.5331207107445546,RESP2,PW6B95/cc-pV(D+d)Z,,0.75,C,resp2,2,[H:16][C:7]1([C:6]([C:5]([C:4]([C:9]([C:8]1([H:18])[H:19])([H:20])[H:21])([H:11])[C:2](=[O:1])[O:3][H:10])([H:12])[H:13])([H:14])[H:15])[H:17],,
2,-0.534506953830862,RESP2,PW6B95/cc-pV(D+d)Z,,0.75,O,resp2,3,[H:16][C:7]1([C:6]([C:5]([C:4]([C:9]([C:8]1([H:18])[H:19])([H:20])[H:21])([H:11])[C:2](=[O:1])[O:3][H:10])([H:12])[H:13])([H:14])[H:15])[H:17],,
3,0.05658259875068683,RESP2,PW6B95/cc-pV(D+d)Z,,0.75,C,resp2,4,[H:16][C:7]1([C:6]([C:5]([C:4]([C:9]([C:8]1([H:18])[H:19])([H:20])[H:21])([H:11])[C:2](=[O:1])[O:3][H:10])([H:12])[H:13])([H:14])[H:15])[H:17],,
4,-0.03629520815379759,RESP2,PW6B95/cc-pV(D+d)Z,,0.75,C,resp2,5,[H:16][C:7]1([C:6]([C:5]([C:4]([C:9]([C:8]1([H:18])[H:19])([H:20])[H:21])([H:11])[C:2](=[O:1])[O:3][H:10])([H:12])[H:13])([H:14])[H:15])[H:17],,
5,0.0017329744643568754,RESP2,PW6B95/cc-pV(D+d)Z,,0.75,C,resp2,6,[H:16][C:7]1([C:6]([C:5]([C:4]([C:9]([C:8]1([H:18])[H:19])([H:20])[H:21])([H:11])[C:2](=[O:1])[O:3][H:10])([H:12])[H:13])([H:14])[H:15])[H:17],,
6,0.012224633021009268,RESP2,PW6B95/cc-pV(D+d)Z,,0.75,C,resp2,7,[H:16][C:7]1([C:6]([C:5]([C:4]([C:9]([C:8]1([H:18])[H:19])([H:20])[H:21])([H:11])[C:2](=[O:1])[O:3][H:10])([H:12])[H:13])([H:14])[H:15])[H:17],,
7,0.003675850624412375,RESP2,PW6B95/cc-pV(D+d)Z,,0.75,C,resp2,8,[H:16][C:7]1([C:6]([C:5]([C:4]([C:9]([C:8]1([H:18])[H:19])([H:20])[H:21])([H:11])[C:2](=[O:1])[O:3][H:10])([H:12])[H:13])([H:14])[H:15])[H:17],,
8,-0.028632739503036384,RESP2,PW6B95/cc-pV(D+d)Z,,0.75,C,resp2,9,[H:16][C:7]1([C:6]([C:5]([C:4]([C:9]([C:8]1([H:18])[H:19])([H:20])[H:21])([H:11])[C:2](=[O:1])[O:3][H:10])([H:12])[H:13])([H:14])[H:15])[H:17],,
9,0.42243117557813636,RESP2,PW6B95/cc-pV(D+d)Z,,0.75,H,resp2,10,[H:16][C:7]1([C:6]([C:5]([C:4]([C:9]([C:8]1([H:18])[H:19])([H:20])[H:21])([H:11])[C:2](=[O:1])[O:3][H:10])([H:12])[H:13])([H:14])[H:15])[H:17],,
10,0.019928233410975296,RESP2,PW6B95/cc-pV(D+d)Z,,0.75,H,resp2,11,[H:16][C:7]1([C:6]([C:5]([C:4]([C:9]([C:8]1([H:18])[H:19])([H:20])[H:21])([H:11])[C:2](=[O:1])[O:3][H:10])([H:12])[H:13])([H:14])[H:15])[H:17],,
11,0.016993430345303928,RESP2,PW6B95/cc-pV(D+d)Z,,0.75,H,resp2,12,[H:16][C:7]1([C:6]([C:5]([C:4]([C:9]([C:8]1([H:18])[H:19])([H:20])[H:21])([H:11])[C:2](=[O:1])[O:3][H:10])([H:12])[H:13])([H:14])[H:15])[H:17],,
12,0.01554311604733352,RESP2,PW6B95/cc-pV(D+d)Z,,0.75,H,resp2,13,[H:16][C:7]1([C:6]([C:5]([C:4]([C:9]([C:8]1([H:18])[H:19])([H:20])[H:21])([H:11])[C:2](=[O:1])[O:3][H:10])([H:12])[H:13])([H:14])[H:15])[H:17],,
13,0.005549306457465429,RESP2,PW6B95/cc-pV(D+d)Z,,0.75,H,resp2,14,[H:16][C:7]1([C:6]([C:5]([C:4]([C:9]([C:8]1([H:18])[H:19])([H:20])[H:21])([H:11])[C:2](=[O:1])[O:3][H:10])([H:12])[H:13])([H:14])[H:15])[H:17],,
14,0.0042822968133822605,RESP2,PW6B95/cc-pV(D+d)Z,,0.75,H,resp2,15,[H:16][C:7]1([C:6]([C:5]([C:4]([C:9]([C:8]1([H:18])[H:19])([H:20])[H:21])([H:11])[C:2](=[O:1])[O:3][H:10])([H:12])[H:13])([H:14])[H:15])[H:17],,
15,-0.003172274777549849,RESP2,PW6B95/cc-pV(D+d)Z,,0.75,H,resp2,16,[H:16][C:7]1([C:6]([C:5]([C:4]([C:9]([C:8]1([H:18])[H:19])([H:20])[H:21])([H:11])[C:2](=[O:1])[O:3][H:10])([H:12])[H:13])([H:14])[H:15])[H:17],,
16,0.0008201130857711707,RESP2,PW6B95/cc-pV(D+d)Z,,0.75,H,resp2,17,[H:16][C:7]1([C:6]([C:5]([C:4]([C:9]([C:8]1([H:18])[H:19])([H:20])[H:21])([H:11])[C:2](=[O:1])[O:3][H:10])([H:12])[H:13])([H:14])[H:15])[H:17],,
17,0.005070582967989447,RESP2,PW6B95/cc-pV(D+d)Z,,0.75,H,resp2,18,[H:16][C:7]1([C:6]([C:5]([C:4]([C:9]([C:8]1([H:18])[H:19])([H:20])[H:21])([H:11])[C:2](=[O:1])[O:3][H:10])([H:12])[H:13])([H:14])[H:15])[H:17],,
18,0.0022301988710177654,RESP2,PW6B95/cc-pV(D+d)Z,,0.75,H,resp2,19,[H:16][C:7]1([C:6]([C:5]([C:4]([C:9]([C:8]1([H:18])[H:19])([H:20])[H:21])([H:11])[C:2](=[O:1])[O:3][H:10])([H:12])[H:13])([H:14])[H:15])[H:17],,
19,0.013161432369189303,RESP2,PW6B95/cc-pV(D+d)Z,,0.75,H,resp2,20,[H:16][C:7]1([C:6]([C:5]([C:4]([C:9]([C:8]1([H:18])[H:19])([H:20])[H:21])([H:11])[C:2](=[O:1])[O:3][H:10])([H:12])[H:13])([H:14])[H:15])[H:17],,
20,0.01427716844407967,RESP2,PW6B95/cc-pV(D+d)Z,,0.75,H,resp2,21,[H:16][C:7]1([C:6]([C:5]([C:4]([C:9]([C:8]1([H:18])[H:19])([H:20])[H:21])([H:11])[C:2](=[O:1])[O:3][H:10])([H:12])[H:13])([H:14])[H:15])[H:17],,
0,-0.5280271295996088,RESP2,PW6B95/cc-pV(D+d)Z,,0.8,O,resp2,1,[H:16][C:7]1([C:6]([C:5]([C:4]([C:9]([C:8]1([H:18])[H:19])([H:20])[H:21])([H:11])[C:2](=[O:1])[O:3][H:10])([H:12])[H:13])([H:14])[H:15])[H:17],,
1,0.5346165232024837,RESP2,PW6B95/cc-pV(D+d)Z,,0.8,C,resp2,2,[H:16][C:7]1([C:6]([C:5]([C:4]([C:9]([C:8]1([H:18])[H:19])([H:20])[H:21])([H:11])[C:2](=[O:1])[O:3][H:10])([H:12])[H:13])([H:14])[H:15])[H:17],,
2,-0.535581580921127,RESP2,PW6B95/cc-pV(D+d)Z,,0.8,O,resp2,3,[H:16][C:7]1([C:6]([C:5]([C:4]([C:9]([C:8]1([H:18])[H:19])([H:20])[H:21])([H:11])[C:2](=[O:1])[O:3][H:10])([H:12])[H:13])([H:14])[H:15])[H:17],,
3,0.055415991006689924,RESP2,PW6B95/cc-pV(D+d)Z,,0.8,C,resp2,4,[H:16][C:7]1([C:6]([C:5]([C:4]([C:9]([C:8]1([H:18])[H:19])([H:20])[H:21])([H:11])[C:2](=[O:1])[O:3][H:10])([H:12])[H:13])([H:14])[H:15])[H:17],,
4,-0.03579193016196869,RESP2,PW6B95/cc-pV(D+d)Z,,0.8,C,resp2,5,[H:16][C:7]1([C:6]([C:5]([C:4]([C:9]([C:8]1([H:18])[H:19])([H:20])[H:21])([H:11])[C:2](=[O:1])[O:3][H:10])([H:12])[H:13])([H:14])[H:15])[H:17],,
5,0.0017240412782406611,RESP2,PW6B95/cc-pV(D+d)Z,,0.8,C,resp2,6,[H:16][C:7]1([C:6]([C:5]([C:4]([C:9]([C:8]1([H:18])[H:19])([H:20])[H:21])([H:11])[C:2](=[O:1])[O:3][H:10])([H:12])[H:13])([H:14])[H:15])[H:17],,
6,0.01472994883094445,RESP2,PW6B95/cc-pV(D+d)Z,,0.8,C,resp2,7,[H:16][C:7]1([C:6]([C:5]([C:4]([C:9]([C:8]1([H:18])[H:19])([H:20])[H:21])([H:11])[C:2](=[O:1])[O:3][H:10])([H:12])[H:13])([H:14])[H:15])[H:17],,
7,0.0015658074375131477,RESP2,PW6B95/cc-pV(D+d)Z,,0.8,C,resp2,8,[H:16][C:7]1([C:6]([C:5]([C:4]([C:9]([C:8]1([H:18])[H:19])([H:20])[H:21])([H:11])[C:2](=[O:1])[O:3][H:10])([H:12])[H:13])([H:14])[H:15])[H:17],,
8,-0.027504004741614553,RESP2,PW6B95/cc-pV(D+d)Z,,0.8,C,resp2,9,[H:16][C:7]1([C:6]([C:5]([C:4]([C:9]([C:8]1([H:18])[H:19])([H:20])[H:21])([H:11])[C:2](=[O:1])[O:3][H:10])([H:12])[H:13])([H:14])[H:15])[H:17],,
9,0.42419384680162575,RESP2,PW6B95/cc-pV(D+d)Z,,0.8,H,resp2,10,[H:16][C:7]1([C:6]([C:5]([C:4]([C:9]([C:8]1([H:18])[H:19])([H:20])[H:21])([H:11])[C:2](=[O:1])[O:3][H:10])([H:12])[H:13])([H:14])[H:15])[H:17],,
10,0.020826103937283368,RESP2,PW6B95/cc-pV(D+d)Z,,0.8,H,resp2,11,[H:16][C:7]1([C:6]([C:5]([C:4]([C:9]([C:8]1([H:18])[H:19])([H:20])[H:21])([H:11])[C:2](=[O:1])[O:3][H:10])([H:12])[H:13])([H:14])[H:15])[H:17],,
11,0.01680437708189488,RESP2,PW6B95/cc-pV(D+d)Z,,0.8,H,resp2,12,[H:16][C:7]1([C:6]([C:5]([C:4]([C:9]([C:8]1([H:18])[H:19])([H:20])[H:21])([H:11])[C:2](=[O:1])[O:3][H:10])([H:12])[H:13])([H:14])[H:15])[H:17],,
12,0.015707748647864075,RESP2,PW6B95/cc-pV(D+d)Z,,0.8,H,resp2,13,[H:16][C:7]1([C:6]([C:5]([C:4]([C:9]([C:8]1([H:18])[H:19])([H:20])[H:21])([H:11])[C:2](=[O:1])[O:3][H:10])([H:12])[H:13])([H:14])[H:15])[H:17],,
13,0.0054386785722146044,RESP2,PW6B95/cc-pV(D+d)Z,,0.8,H,resp2,14,[H:16][C:7]1([C:6]([C:5]([C:4]([C:9]([C:8]1([H:18])[H:19])([H:20])[H:21])([H:11])[C:2](=[O:1])[O:3][H:10])([H:12])[H:13])([H:14])[H:15])[H:17],,
14,0.00404197878050979,RESP2,PW6B95/cc-pV(D+d)Z,,0.8,H,resp2,15,[H:16][C:7]1([C:6]([C:5]([C:4]([C:9]([C:8]1([H:18])[H:19])([H:20])[H:21])([H:11])[C:2](=[O:1])[O:3][H:10])([H:12])[H:13])([H:14])[H:15])[H:17],,
15,-0.0037618089769769713,RESP2,PW6B95/cc-pV(D+d)Z,,0.8,H,resp2,16,[H:16][C:7]1([C:6]([C:5]([C:4]([C:9]([C:8]1([H:18])[H:19])([H:20])[H:21])([H:11])[C:2](=[O:1])[O:3][H:10])([H:12])[H:13])([H:14])[H:15])[H:17],,
16,0.00018879802744981245,RESP2,PW6B95/cc-pV(D+d)Z,,0.8,H,resp2,17,[H:16][C:7]1([C:6]([C:5]([C:4]([C:9]([C:8]1([H:18])[H:19])([H:20])[H:21])([H:11])[C:2](=[O:1])[O:3][H:10])([H:12])[H:13])([H:14])[H:15])[H:17],,
17,0.005593433502847961,RESP2,PW6B95/cc-pV(D+d)Z,,0.8,H,resp2,18,[H:16][C:7]1([C:6]([C:5]([C:4]([C:9]([C:8]1([H:18])[H:19])([H:20])[H:21])([H:11])[C:2](=[O:1])[O:3][H:10])([H:12])[H:13])([H:14])[H:15])[H:17],,
18,0.0027284077341824383,RESP2,PW6B95/cc-pV(D+d)Z,,0.8,H,resp2,19,[H:16][C:7]1([C:6]([C:5]([C:4]([C:9]([C:8]1([H:18])[H:19])([H:20])[H:21])([H:11])[C:2](=[O:1])[O:3][H:10])([H:12])[H:13])([H:14])[H:15])[H:17],,
19,0.012955568672463646,RESP2,PW6B95/cc-pV(D+d)Z,,0.8,H,resp2,20,[H:16][C:7]1([C:6]([C:5]([C:4]([C:9]([C:8]1([H:18])[H:19])([H:20])[H:21])([H:11])[C:2](=[O:1])[O:3][H:10])([H:12])[H:13])([H:14])[H:15])[H:17],,
20,0.014135200887087956,RESP2,PW6B95/cc-pV(D+d)Z,,0.8,H,resp2,21,[H:16][C:7]1([C:6]([C:5]([C:4]([C:9]([C:8]1([H:18])[H:19])([H:20])[H:21])([H:11])[C:2](=[O:1])[O:3][H:10])([H:12])[H:13])([H:14])[H:15])[H:17],,
0,-0.5310376134687995,RESP2,PW6B95/cc-pV(D+d)Z,,0.8500000000000001,O,resp2,1,[H:16][C:7]1([C:6]([C:5]([C:4]([C:9]([C:8]1([H:18])[H:19])([H:20])[H:21])([H:11])[C:2](=[O:1])[O:3][H:10])([H:12])[H:13])([H:14])[H:15])[H:17],,
1,0.5361123356604127,RESP2,PW6B95/cc-pV(D+d)Z,,0.8500000000000001,C,resp2,2,[H:16][C:7]1([C:6]([C:5]([C:4]([C:9]([C:8]1([H:18])[H:19])([H:20])[H:21])([H:11])[C:2](=[O:1])[O:3][H:10])([H:12])[H:13])([H:14])[H:15])[H:17],,
2,-0.536656208011392,RESP2,PW6B95/cc-pV(D+d)Z,,0.8500000000000001,O,resp2,3,[H:16][C:7]1([C:6]([C:5]([C:4]([C:9]([C:8]1([H:18])[H:19])([H:20])[H:21])([H:11])[C:2](=[O:1])[O:3][H:10])([H:12])[H:13])([H:14])[H:15])[H:17],,
3,0.054249383262693025,RESP2,PW6B95/cc-pV(D+d)Z,,0.8500000000000001,C,resp2,4,[H:16][C:7]1([C:6]([C:5]([C:4]([C:9]([C:8]1([H:18])[H:19])([H:20])[H:21])([H:11])[C:2](=[O:1])[O:3][H:10])([H:12])[H:13])([H:14])[H:15])[H:17],,
4,-0.035288652170139795,RESP2,PW6B95/cc-pV(D+d)Z,,0.8500000000000001,C,resp2,5,[H:16][C:7]1([C:6]([C:5]([C:4]([C:9]([C:8]1([H:18])[H:19])([H:20])[H:21])([H:11])[C:2](=[O:1])[O:3][H:10])([H:12])[H:13])([H:14])[H:15])[H:17],,
5,0.0017151080921244436,RESP2,PW6B95/cc-pV(D+d)Z,,0.8500000000000001,C,resp2,6,[H:16][C:7]1([C:6]([C:5]([C:4]([C:9]([C:8]1([H:18])[H:19])([H:20])[H:21])([H:11])[C:2](=[O:1])[O:3][H:10])([H:12])[H:13])([H:14])[H:15])[H:17],,
6,0.017235264640879634,RESP2,PW6B95/cc-pV(D+d)Z,,0.8500000000000001,C,resp2,7,[H:16][C:7]1([C:6]([C:5]([C:4]([C:9]([C:8]1([H:18])[H:19])([H:20])[H:21])([H:11])[C:2](=[O:1])[O:3][H:10])([H:12])[H:13])([H:14])[H:15])[H:17],,
7,-0.0005442357493860836,RESP2,PW6B95/cc-pV(D+d)Z,,0.8500000000000001,C,resp2,8,[H:16][C:7]1([C:6]([C:5]([C:4]([C:9]([C:8]1([H:18])[H:19])([H:20])[H:21])([H:11])[C:2](=[O:1])[O:3][H:10])([H:12])[H:13])([H:14])[H:15])[H:17],,
8,-0.026375269980192722,RESP2,PW6B95/cc-pV(D+d)Z,,0.8500000000000001,C,resp2,9,[H:16][C:7]1([C:6]([C:5]([C:4]([C:9]([C:8]1([H:18])[H:19])([H:20])[H:21])([H:11])[C:2](=[O:1])[O:3][H:10])([H:12])[H:13])([H:14])[H:15])[H:17],,
9,0.4259565180251151,RESP2,PW6B95/cc-pV(D+d)Z,,0.8500000000000001,H,resp2,10,[H:16][C:7]1([C:6]([C:5]([C:4]([C:9]([C:8]1([H:18])[H:19])([H:20])[H:21])([H:11])[C:2](=[O:1])[O:3][H:10])([H:12])[H:13])([H:14])[H:15])[H:17],,
10,0.02172397446359144,RESP2,PW6B95/cc-pV(D+d)Z,,0.8500000000000001,H,resp2,11,[H:16][C:7]1([C:6]([C:5]([C:4]([C:9]([C:8]1([H:18])[H:19])([H:20])[H:21])([H:11])[C:2](=[O:1])[O:3][H:10])([H:12])[H:13])([H:14])[H:15])[H:17],,
11,0.016615323818485832,RESP2,PW6B95/cc-pV(D+d)Z,,0.8500000000000001,H,resp2,12,[H:16][C:7]1([C:6]([C:5]([C:4]([C:9]([C:8]1([H:18])[H:19])([H:20])[H:21])([H:11])[C:2](=[O:1])[O:3][H:10])([H:12])[H:13])([H:14])[H:15])[H:17],,
12,0.015872381248394633,RESP2,PW6B95/cc-pV(D+d)Z,,0.8500000000000001,H,resp2,13,[H:16][C:7]1([C:6]([C:5]([C:4]([C:9]([C:8]1([H:18])[H:19])([H:20])[H:21])([H:11])[C:2](=[O:1])[O:3][H:10])([H:12])[H:13])([H:14])[H:15])[H:17],,
13,0.005328050686963778,RESP2,PW6B95/cc-pV(D+d)Z,,0.8500000000000001,H,resp2,14,[H:16][C:7]1([C:6]([C:5]([C:4]([C:9]([C:8]1([H:18])[H:19])([H:20])[H:21])([H:11])[C:2](=[O:1])[O:3][H:10])([H:12])[H:13])([H:14])[H:15])[H:17],,
14,0.003801660747637317,RESP2,PW6B95/cc-pV(D+d)Z,,0.8500000000000001,H,resp2,15,[H:16][C:7]1([C:6]([C:5]([C:4]([C:9]([C:8]1([H:18])[H:19])([H:20])[H:21])([H:11])[C:2](=[O:1])[O:3][H:10])([H:12])[H:13])([H:14])[H:15])[H:17],,
15,-0.004351343176404098,RESP2,PW6B95/cc-pV(D+d)Z,,0.8500000000000001,H,resp2,16,[H:16][C:7]1([C:6]([C:5]([C:4]([C:9]([C:8]1([H:18])[H:19])([H:20])[H:21])([H:11])[C:2](=[O:1])[O:3][H:10])([H:12])[H:13])([H:14])[H:15])[H:17],,
16,-0.0004425170308715492,RESP2,PW6B95/cc-pV(D+d)Z,,0.8500000000000001,H,resp2,17,[H:16][C:7]1([C:6]([C:5]([C:4]([C:9]([C:8]1([H:18])[H:19])([H:20])[H:21])([H:11])[C:2](=[O:1])[O:3][H:10])([H:12])[H:13])([H:14])[H:15])[H:17],,
17,0.006116284037706473,RESP2,PW6B95/cc-pV(D+d)Z,,0.8500000000000001,H,resp2,18,[H:16][C:7]1([C:6]([C:5]([C:4]([C:9]([C:8]1([H:18])[H:19])([H:20])[H:21])([H:11])[C:2](=[O:1])[O:3][H:10])([H:12])[H:13])([H:14])[H:15])[H:17],,
18,0.0032266165973471083,RESP2,PW6B95/cc-pV(D+d)Z,,0.8500000000000001,H,resp2,19,[H:16][C:7]1([C:6]([C:5]([C:4]([C:9]([C:8]1([H:18])[H:19])([H:20])[H:21])([H:11])[C:2](=[O:1])[O:3][H:10])([H:12])[H:13])([H:14])[H:15])[H:17],,
19,0.012749704975737984,RESP2,PW6B95/cc-pV(D+d)Z,,0.8500000000000001,H,resp2,20,[H:16][C:7]1([C:6]([C:5]([C:4]([C:9]([C:8]1([H:18])[H:19])([H:20])[H:21])([H:11])[C:2](=[O:1])[O:3][H:10])([H:12])[H:13])([H:14])[H:15])[H:17],,
20,0.013993233330096236,RESP2,PW6B95/cc-pV(D+d)Z,,0.8500000000000001,H,resp2,21,[H:16][C:7]1([C:6]([C:5]([C:4]([C:9]([C:8]1([H:18])[H:19])([H:20])[H:21])([H:11])[C:2](=[O:1])[O:3][H:10])([H:12])[H:13])([H:14])[H:15])[H:17],,
0,-0.53404809733799,RESP2,PW6B95/cc-pV(D+d)Z,,0.9,O,resp2,1,[H:16][C:7]1([C:6]([C:5]([C:4]([C:9]([C:8]1([H:18])[H:19])([H:20])[H:21])([H:11])[C:2](=[O:1])[O:3][H:10])([H:12])[H:13])([H:14])[H:15])[H:17],,
1,0.5376081481183419,RESP2,PW6B95/cc-pV(D+d)Z,,0.9,C,resp2,2,[H:16][C:7]1([C:6]([C:5]([C:4]([C:9]([C:8]1([H:18])[H:19])([H:20])[H:21])([H:11])[C:2](=[O:1])[O:3][H:10])([H:12])[H:13])([H:14])[H:15])[H:17],,
2,-0.537730835101657,RESP2,PW6B95/cc-pV(D+d)Z,,0.9,O,resp2,3,[H:16][C:7]1([C:6]([C:5]([C:4]([C:9]([C:8]1([H:18])[H:19])([H:20])[H:21])([H:11])[C:2](=[O:1])[O:3][H:10])([H:12])[H:13])([H:14])[H:15])[H:17],,
3,0.053082775518696126,RESP2,PW6B95/cc-pV(D+d)Z,,0.9,C,resp2,4,[H:16][C:7]1([C:6]([C:5]([C:4]([C:9]([C:8]1([H:18])[H:19])([H:20])[H:21])([H:11])[C:2](=[O:1])[O:3][H:10])([H:12])[H:13])([H:14])[H:15])[H:17],,
4,-0.0347853741783109,RESP2,PW6B95/cc-pV(D+d)Z,,0.9,C,resp2,5,[H:16][C:7]1([C:6]([C:5]([C:4]([C:9]([C:8]1([H:18])[H:19])([H:20])[H:21])([H:11])[C:2](=[O:1])[O:3][H:10])([H:12])[H:13])([H:14])[H:15])[H:17],,
5,0.0017061749060082241,RESP2,PW6B95/cc-pV(D+d)Z,,0.9,C,resp2,6,[H:16][C:7]1([C:6]([C:5]([C:4]([C:9]([C:8]1([H:18])[H:19])([H:20])[H:21])([H:11])[C:2](=[O:1])[O:3][H:10])([H:12])[H:13])([H:14])[H:15])[H:17],,
6,0.019740580450814806,RESP2,PW6B95/cc-pV(D+d)Z,,0.9,C,resp2,7,[H:16][C:7]1([C:6]([C:5]([C:4]([C:9]([C:8]1([H:18])[H:19])([H:20])[H:21])([H:11])[C:2](=[O:1])[O:3][H:10])([H:12])[H:13])([H:14])[H:15])[H:17],,
7,-0.002654278936285312,RESP2,PW6B95/cc-pV(D+d)Z,,0.9,C,resp2,8,[H:16][C:7]1([C:6]([C:5]([C:4]([C:9]([C:8]1([H:18])[H:19])([H:20])[H:21])([H:11])[C:2](=[O:1])[O:3][H:10])([H:12])[H:13])([H:14])[H:15])[H:17],,
8,-0.025246535218770905,RESP2,PW6B95/cc-pV(D+d)Z,,0.9,C,resp2,9,[H:16][C:7]1([C:6]([C:5]([C:4]([C:9]([C:8]1([H:18])[H:19])([H:20])[H:21])([H:11])[C:2](=[O:1])[O:3][H:10])([H:12])[H:13])([H:14])[H:15])[H:17],,
9,0.42771918924860447,RESP2,PW6B95/cc-pV(D+d)Z,,0.9,H,resp2,10,[H:16][C:7]1([C:6]([C:5]([C:4]([C:9]([C:8]1([H:18])[H:19])([H:20])[H:21])([H:11])[C:2](=[O:1])[O:3][H:10])([H:12])[H:13])([H:14])[H:15])[H:17],,
10,0.0226218449898995,RESP2,PW6B95/cc-pV(D+d)Z,,0.9,H,resp2,11,[H:16][C:7]1([C:6]([C:5]([C:4]([C:9]([C:8]1([H:18])[H:19])([H:20])[H:21])([H:11])[C:2](=[O:1])[O:3][H:10])([H:12])[H:13])([H:14])[H:15])[H:17],,
11,0.016426270555076776,RESP2,PW6B95/cc-pV(D+d)Z,,0.9,H,resp2,12,[H:16][C:7]1([C:6]([C:5]([C:4]([C:9]([C:8]1([H:18])[H:19])([H:20])[H:21])([H:11])[C:2](=[O:1])[O:3][H:10])([H:12])[H:13])([H:14])[H:15])[H:17],,
12,0.016037013848925186,RESP2,PW6B95/cc-pV(D+d)Z,,0.9,H,resp2,13,[H:16][C:7]1([C:6]([C:5]([C:4]([C:9]([C:8]1([H:18])[H:19])([H:20])[H:21])([H:11])[C:2](=[O:1])[O:3][H:10])([H:12])[H:13])([H:14])[H:15])[H:17],,
13,0.005217422801712949,RESP2,PW6B95/cc-pV(D+d)Z,,0.9,H,resp2,14,[H:16][C:7]1([C:6]([C:5]([C:4]([C:9]([C:8]1([H:18])[H:19])([H:20])[H:21])([H:11])[C:2](=[O:1])[O:3][H:10])([H:12])[H:13])([H:14])[H:15])[H:17],,
14,0.003561342714764843,RESP2,PW6B95/cc-pV(D+d)Z,,0.9,H,resp2,15,[H:16][C:7]1([C:6]([C:5]([C:4]([C:9]([C:8]1([H:18])[H:19])([H:20])[H:21])([H:11])[C:2](=[O:1])[O:3][H:10])([H:12])[H:13])([H:14])[H:15])[H:17],,
15,-0.004940877375831224,RESP2,PW6B95/cc-pV(D+d)Z,,0.9,H,resp2,16,[H:16][C:7]1([C:6]([C:5]([C:4]([C:9]([C:8]1([H:18])[H:19])([H:20])[H:21])([H:11])[C:2](=[O:1])[O:3][H:10])([H:12])[H:13])([H:14])[H:15])[H:17],,
16,-0.0010738320891929113,RESP2,PW6B95/cc-pV(D+d)Z,,0.9,H,resp2,17,[H:16][C:7]1([C:6]([C:5]([C:4]([C:9]([C:8]1([H:18])[H:19])([H:20])[H:21])([H:11])[C:2](=[O:1])[O:3][H:10])([H:12])[H:13])([H:14])[H:15])[H:17],,
17,0.006639134572564981,RESP2,PW6B95/cc-pV(D+d)Z,,0.9,H,resp2,18,[H:16][C:7]1([C:6]([C:5]([C:4]([C:9]([C:8]1([H:18])[H:19])([H:20])[H:21])([H:11])[C:2](=[O:1])[O:3][H:10])([H:12])[H:13])([H:14])[H:15])[H:17],,
18,0.0037248254605117756,RESP2,PW6B95/cc-pV(D+d)Z,,0.9,H,resp2,19,[H:16][C:7]1([C:6]([C:5]([C:4]([C:9]([C:8]1([H:18])[H:19])([H:20])[H:21])([H:11])[C:2](=[O:1])[O:3][H:10])([H:12])[H:13])([H:14])[H:15])[H:17],,
19,0.01254384127901232,RESP2,PW6B95/cc-pV(D+d)Z,,0.9,H,resp2,20,[H:16][C:7]1([C:6]([C:5]([C:4]([C:9]([C:8]1([H:18])[H:19])([H:20])[H:21])([H:11])[C:2](=[O:1])[O:3][H:10])([H:12])[H:13])([H:14])[H:15])[H:17],,
20,0.013851265773104516,RESP2,PW6B95/cc-pV(D+d)Z,,0.9,H,resp2,21,[H:16][C:7]1([C:6]([C:5]([C:4]([C:9]([C:8]1([H:18])[H:19])([H:20])[H:21])([H:11])[C:2](=[O:1])[O:3][H:10])([H:12])[H:13])([H:14])[H:15])[H:17],,
0,-0.5370585812071806,RESP2,PW6B95/cc-pV(D+d)Z,,0.9500000000000001,O,resp2,1,[H:16][C:7]1([C:6]([C:5]([C:4]([C:9]([C:8]1([H:18])[H:19])([H:20])[H:21])([H:11])[C:2](=[O:1])[O:3][H:10])([H:12])[H:13])([H:14])[H:15])[H:17],,
1,0.539103960576271,RESP2,PW6B95/cc-pV(D+d)Z,,0.9500000000000001,C,resp2,2,[H:16][C:7]1([C:6]([C:5]([C:4]([C:9]([C:8]1([H:18])[H:19])([H:20])[H:21])([H:11])[C:2](=[O:1])[O:3][H:10])([H:12])[H:13])([H:14])[H:15])[H:17],,
2,-0.538805462191922,RESP2,PW6B95/cc-pV(D+d)Z,,0.9500000000000001,O,resp2,3,[H:16][C:7]1([C:6]([C:5]([C:4]([C:9]([C:8]1([H:18])[H:19])([H:20])[H:21])([H:11])[C:2](=[O:1])[O:3][H:10])([H:12])[H:13])([H:14])[H:15])[H:17],,
3,0.05191616777469922,RESP2,PW6B95/cc-pV(D+d)Z,,0.9500000000000001,C,resp2,4,[H:16][C:7]1([C:6]([C:5]([C:4]([C:9]([C:8]1([H:18])[H:19])([H:20])[H:21])([H:11])[C:2](=[O:1])[O:3][H:10])([H:12])[H:13])([H:14])[H:15])[H:17],,
4,-0.03428209618648201,RESP2,PW6B95/cc-pV(D+d)Z,,0.9500000000000001,C,resp2,5,[H:16][C:7]1([C:6]([C:5]([C:4]([C:9]([C:8]1([H:18])[H:19])([H:20])[H:21])([H:11])[C:2](=[O:1])[O:3][H:10])([H:12])[H:13])([H:14])[H:15])[H:17],,
5,0.0016972417198920042,RESP2,PW6B95/cc-pV(D+d)Z,,0.9500000000000001,C,resp2,6,[H:16][C:7]1([C:6]([C:5]([C:4]([C:9]([C:8]1([H:18])[H:19])([H:20])[H:21])([H:11])[C:2](=[O:1])[O:3][H:10])([H:12])[H:13])([H:14])[H:15])[H:17],,
6,0.022245896260749985,RESP2,PW6B95/cc-pV(D+d)Z,,0.9500000000000001,C,resp2,7,[H:16][C:7]1([C:6]([C:5]([C:4]([C:9]([C:8]1([H:18])[H:19])([H:20])[H:21])([H:11])[C:2](=[O:1])[O:3][H:10])([H:12])[H:13])([H:14])[H:15])[H:17],,
7,-0.0047643221231845456,RESP2,PW6B95/cc-pV(D+d)Z,,0.9500000000000001,C,resp2,8,[H:16][C:7]1([C:6]([C:5]([C:4]([C:9]([C:8]1([H:18])[H:19])([H:20])[H:21])([H:11])[C:2](=[O:1])[O:3][H:10])([H:12])[H:13])([H:14])[H:15])[H:17],,
8,-0.024117800457349077,RESP2,PW6B95/cc-pV(D+d)Z,,0.9500000000000001,C,resp2,9,[H:16][C:7]1([C:6]([C:5]([C:4]([C:9]([C:8]1([H:18])[H:19])([H:20])[H:21])([H:11])[C:2](=[O:1])[O:3][H:10])([H:12])[H:13])([H:14])[H:15])[H:17],,
9,0.4294818604720938,RESP2,PW6B95/cc-pV(D+d)Z,,0.9500000000000001,H,resp2,10,[H:16][C:7]1([C:6]([C:5]([C:4]([C:9]([C:8]1([H:18])[H:19])([H:20])[H:21])([H:11])[C:2](=[O:1])[O:3][H:10])([H:12])[H:13])([H:14])[H:15])[H:17],,
10,0.02351971551620757,RESP2,PW6B95/cc-pV(D+d)Z,,0.9500000000000001,H,resp2,11,[H:16][C:7]1([C:6]([C:5]([C:4]([C:9]([C:8]1([H:18])[H:19])([H:20])[H:21])([H:11])[C:2](=[O:1])[O:3][H:10])([H:12])[H:13])([H:14])[H:15])[H:17],,
11,0.016237217291667726,RESP2,PW6B95/cc-pV(D+d)Z,,0.9500000000000001,H,resp2,12,[H:16][C:7]1([C:6]([C:5]([C:4]([C:9]([C:8]1([H:18])[H:19])([H:20])[H:21])([H:11])[C:2](=[O:1])[O:3][H:10])([H:12])[H:13])([H:14])[H:15])[H:17],,
12,0.01620164644945574,RESP2,PW6B95/cc-pV(D+d)Z,,0.9500000000000001,H,resp2,13,[H:16][C:7]1([C:6]([C:5]([C:4]([C:9]([C:8]1([H:18])[H:19])([H:20])[H:21])([H:11])[C:2](=[O:1])[O:3][H:10])([H:12])[H:13])([H:14])[H:15])[H:17],,
13,0.005106794916462119,RESP2,PW6B95/cc-pV(D+d)Z,,0.9500000000000001,H,resp2,14,[H:16][C:7]1([C:6]([C:5]([C:4]([C:9]([C:8]1([H:18])[H:19])([H:20])[H:21])([H:11])[C:2](=[O:1])[O:3][H:10])([H:12])[H:13])([H:14])[H:15])[H:17],,
14,0.0033210246818923678,RESP2,PW6B95/cc-pV(D+d)Z,,0.9500000000000001,H,resp2,15,[H:16][C:7]1([C:6]([C:5]([C:4]([C:9]([C:8]1([H:18])[H:19])([H:20])[H:21])([H:11])[C:2](=[O:1])[O:3][H:10])([H:12])[H:13])([H:14])[H:15])[H:17],,
15,-0.005530411575258352,RESP2,PW6B95/cc-pV(D+d)Z,,0.9500000000000001,H,resp2,16,[H:16][C:7]1([C:6]([C:5]([C:4]([C:9]([C:8]1([H:18])[H:19])([H:20])[H:21])([H:11])[C:2](=[O:1])[O:3][H:10])([H:12])[H:13])([H:14])[H:15])[H:17],,
16,-0.001705147147514275,RESP2,PW6B95/cc-pV(D+d)Z,,0.9500000000000001,H,resp2,17,[H:16][C:7]1([C:6]([C:5]([C:4]([C:9]([C:8]1([H:18])[H:19])([H:20])[H:21])([H:11])[C:2](=[O:1])[O:3][H:10])([H:12])[H:13])([H:14])[H:15])[H:17],,
17,0.00716198510742349,RESP2,PW6B95/cc-pV(D+d)Z,,0.9500000000000001,H,resp2,18,[H:16][C:7]1([C:6]([C:5]([C:4]([C:9]([C:8]1([H:18])[H:19])([H:20])[H:21])([H:11])[C:2](=[O:1])[O:3][H:10])([H:12])[H:13])([H:14])[H:15])[H:17],,
18,0.004223034323676443,RESP2,PW6B95/cc-pV(D+d)Z,,0.9500000000000001,H,resp2,19,[H:16][C:7]1([C:6]([C:5]([C:4]([C:9]([C:8]1([H:18])[H:19])([H:20])[H:21])([H:11])[C:2](=[O:1])[O:3][H:10])([H:12])[H:13])([H:14])[H:15])[H:17],,
19,0.012337977582286658,RESP2,PW6B95/cc-pV(D+d)Z,,0.9500000000000001,H,resp2,20,[H:16][C:7]1([C:6]([C:5]([C:4]([C:9]([C:8]1([H:18])[H:19])([H:20])[H:21])([H:11])[C:2](=[O:1])[O:3][H:10])([H:12])[H:13])([H:14])[H:15])[H:17],,
20,0.013709298216112798,RESP2,PW6B95/cc-pV(D+d)Z,,0.9500000000000001,H,resp2,21,[H:16][C:7]1([C:6]([C:5]([C:4]([C:9]([C:8]1([H:18])[H:19])([H:20])[H:21])([H:11])[C:2](=[O:1])[O:3][H:10])([H:12])[H:13])([H:14])[H:15])[H:17],,
0,-0.5400690650763711,RESP2,PW6B95/cc-pV(D+d)Z,,1.0,O,resp2,1,[H:16][C:7]1([C:6]([C:5]([C:4]([C:9]([C:8]1([H:18])[H:19])([H:20])[H:21])([H:11])[C:2](=[O:1])[O:3][H:10])([H:12])[H:13])([H:14])[H:15])[H:17],,
1,0.5405997730342001,RESP2,PW6B95/cc-pV(D+d)Z,,1.0,C,resp2,2,[H:16][C:7]1([C:6]([C:5]([C:4]([C:9]([C:8]1([H:18])[H:19])([H:20])[H:21])([H:11])[C:2](=[O:1])[O:3][H:10])([H:12])[H:13])([H:14])[H:15])[H:17],,
2,-0.539880089282187,RESP2,PW6B95/cc-pV(D+d)Z,,1.0,O,resp2,3,[H:16][C:7]1([C:6]([C:5]([C:4]([C:9]([C:8]1([H:18])[H:19])([H:20])[H:21])([H:11])[C:2](=[O:1])[O:3][H:10])([H:12])[H:13])([H:14])[H:15])[H:17],,
3,0.050749560030702315,RESP2,PW6B95/cc-pV(D+d)Z,,1.0,C,resp2,4,[H:16][C:7]1([C:6]([C:5]([C:4]([C:9]([C:8]1([H:18])[H:19])([H:20])[H:21])([H:11])[C:2](=[O:1])[O:3][H:10])([H:12])[H:13])([H:14])[H:15])[H:17],,
4,-0.033778818194653115,RESP2,PW6B95/cc-pV(D+d)Z,,1.0,C,resp2,5,[H:16][C:7]1([C:6]([C:5]([C:4]([C:9]([C:8]1([H:18])[H:19])([H:20])[H:21])([H:11])[C:2](=[O:1])[O:3][H:10])([H:12])[H:13])([H:14])[H:15])[H:17],,
5,0.0016883085337757817,RESP2,PW6B95/cc-pV(D+d)Z,,1.0,C,resp2,6,[H:16][C:7]1([C:6]([C:5]([C:4]([C:9]([C:8]1([H:18])[H:19])([H:20])[H:21])([H:11])[C:2](=[O:1])[O:3][H:10])([H:12])[H:13])([H:14])[H:15])[H:17],,
6,0.024751212070685157,RESP2,PW6B95/cc-pV(D+d)Z,,1.0,C,resp2,7,[H:16][C:7]1([C:6]([C:5]([C:4]([C:9]([C:8]1([H:18])[H:19])([H:20])[H:21])([H:11])[C:2](=[O:1])[O:3][H:10])([H:12])[H:13])([H:14])[H:15])[H:17],,
7,-0.006874365310083777,RESP2,PW6B95/cc-pV(D+d)Z,,1.0,C,resp2,8,[H:16][C:7]1([C:6]([C:5]([C:4]([C:9]([C:8]1([H:18])[H:19])([H:20])[H:21])([H:11])[C:2](=[O:1])[O:3][H:10])([H:12])[H:13])([H:14])[H:15])[H:17],,
8,-0.022989065695927256,RESP2,PW6B95/cc-pV(D+d)Z,,1.0,C,resp2,9,[H:16][C:7]1([C:6]([C:5]([C:4]([C:9]([C:8]1([H:18])[H:19])([H:20])[H:21])([H:11])[C:2](=[O:1])[O:3][H:10])([H:12])[H:13])([H:14])[H:15])[H:17],,
9,0.43124453169558313,RESP2,PW6B95/cc-pV(D+d)Z,,1.0,H,resp2,10,[H:16][C:7]1([C:6]([C:5]([C:4]([C:9]([C:8]1([H:18])[H:19])([H:20])[H:21])([H:11])[C:2](=[O:1])[O:3][H:10])([H:12])[H:13])([H:14])[H:15])[H:17],,
10,0.02441758604251563,RESP2,PW6B95/cc-pV(D+d)Z,,1.0,H,resp2,11,[H:16][C:7]1([C:6]([C:5]([C:4]([C:9]([C:8]1([H:18])[H:19])([H:20])[H:21])([H:11])[C:2](=[O:1])[O:3][H:10])([H:12])[H:13])([H:14])[H:15])[H:17],,
11,0.01604816402825867,RESP2,PW6B95/cc-pV(D+d)Z,,1.0,H,resp2,12,[H:16][C:7]1([C:6]([C:5]([C:4]([C:9]([C:8]1([H:18])[H:19])([H:20])[H:21])([H:11])[C:2](=[O:1])[O:3][H:10])([H:12])[H:13])([H:14])[H:15])[H:17],,
12,0.01636627904998629,RESP2,PW6B95/cc-pV(D+d)Z,,1.0,H,resp2,13,[H:16][C:7]1([C:6]([C:5]([C:4]([C:9]([C:8]1([H:18])[H:19])([H:20])[H:21])([H:11])[C:2](=[O:1])[O:3][H:10])([H:12])[H:13])([H:14])[H:15])[H:17],,
13,0.004996167031211288,RESP2,PW6B95/cc-pV(D+d)Z,,1.0,H,resp2,14,[H:16][C:7]1([C:6]([C:5]([C:4]([C:9]([C:8]1([H:18])[H:19])([H:20])[H:21])([H:11])[C:2](=[O:1])[O:3][H:10])([H:12])[H:13])([H:14])[H:15])[H:17],,
14,0.0030807066490198907,RESP2,PW6B95/cc-pV(D+d)Z,,1.0,H,resp2,15,[H:16][C:7]1([C:6]([C:5]([C:4]([C:9]([C:8]1([H:18])[H:19])([H:20])[H:21])([H:11])[C:2](=[O:1])[O:3][H:10])([H:12])[H:13])([H:14])[H:15])[H:17],,
15,-0.006119945774685482,RESP2,PW6B95/cc-pV(D+d)Z,,1.0,H,resp2,16,[H:16][C:7]1([C:6]([C:5]([C:4]([C:9]([C:8]1([H:18])[H:19])([H:20])[H:21])([H:11])[C:2](=[O:1])[O:3][H:10])([H:12])[H:13])([H:14])[H:15])[H:17],,
16,-0.0023364622058356403,RESP2,PW6B95/cc-pV(D+d)Z,,1.0,H,resp2,17,[H:16][C:7]1([C:6]([C:5]([C:4]([C:9]([C:8]1([H:18])[H:19])([H:20])[H:21])([H:11])[C:2](=[O:1])[O:3][H:10])([H:12])[H:13])([H:14])[H:15])[H:17],,
17,0.007684835642281996,RESP2,PW6B95/cc-pV(D+d)Z,,1.0,H,resp2,18,[H:16][C:7]1([C:6]([C:5]([C:4]([C:9]([C:8]1([H:18])[H:19])([H:20])[H:21])([H:11])[C:2](=[O:1])[O:3][H:10])([H:12])[H:13])([H:14])[H:15])[H:17],,
18,0.004721243186841107,RESP2,PW6B95/cc-pV(D+d)Z,,1.0,H,resp2,19,[H:16][C:7]1([C:6]([C:5]([C:4]([C:9]([C:8]1([H:18])[H:19])([H:20])[H:21])([H:11])[C:2](=[O:1])[O:3][H:10])([H:12])[H:13])([H:14])[H:15])[H:17],,
19,0.01213211388556099,RESP2,PW6B95/cc-pV(D+d)Z,,1.0,H,resp2,20,[H:16][C:7]1([C:6]([C:5]([C:4]([C:9]([C:8]1([H:18])[H:19])([H:20])[H:21])([H:11])[C:2](=[O:1])[O:3][H:10])([H:12])[H:13])([H:14])[H:15])[H:17],,
20,0.013567330659121074,RESP2,PW6B95/cc-pV(D+d)Z,,1.0,H,resp2,21,[H:16][C:7]1([C:6]([C:5]([C:4]([C:9]([C:8]1([H:18])[H:19])([H:20])[H:21])([H:11])[C:2](=[O:1])[O:3][H:10])([H:12])[H:13])([H:14])[H:15])[H:17],,
0,-0.5512300123061452,AM1BCC,OpenEye,,,O,,1,[H:16][C:7]1([C:6]([C:5]([C:4]([C:9]([C:8]1([H:18])[H:19])([H:20])[H:21])([H:11])[C:2](=[O:1])[O:3][H:10])([H:12])[H:13])([H:14])[H:15])[H:17],1.0,1.0
1,0.6335700164948191,AM1BCC,OpenEye,,,C,,2,[H:16][C:7]1([C:6]([C:5]([C:4]([C:9]([C:8]1([H:18])[H:19])([H:20])[H:21])([H:11])[C:2](=[O:1])[O:3][H:10])([H:12])[H:13])([H:14])[H:15])[H:17],1.0,1.0
2,-0.6029800165976796,AM1BCC,OpenEye,,,O,,3,[H:16][C:7]1([C:6]([C:5]([C:4]([C:9]([C:8]1([H:18])[H:19])([H:20])[H:21])([H:11])[C:2](=[O:1])[O:3][H:10])([H:12])[H:13])([H:14])[H:15])[H:17],1.0,1.0
3,-0.10627999795334679,AM1BCC,OpenEye,,,C,,4,[H:16][C:7]1([C:6]([C:5]([C:4]([C:9]([C:8]1([H:18])[H:19])([H:20])[H:21])([H:11])[C:2](=[O:1])[O:3][H:10])([H:12])[H:13])([H:14])[H:15])[H:17],1.0,1.0
4,-0.07033999902861458,AM1BCC,OpenEye,,,C,,5,[H:16][C:7]1([C:6]([C:5]([C:4]([C:9]([C:8]1([H:18])[H:19])([H:20])[H:21])([H:11])[C:2](=[O:1])[O:3][H:10])([H:12])[H:13])([H:14])[H:15])[H:17],1.0,1.0
5,-0.07653000099318367,AM1BCC,OpenEye,,,C,,6,[H:16][C:7]1([C:6]([C:5]([C:4]([C:9]([C:8]1([H:18])[H:19])([H:20])[H:21])([H:11])[C:2](=[O:1])[O:3][H:10])([H:12])[H:13])([H:14])[H:15])[H:17],1.0,1.0
6,-0.079999997147492,AM1BCC,OpenEye,,,C,,7,[H:16][C:7]1([C:6]([C:5]([C:4]([C:9]([C:8]1([H:18])[H:19])([H:20])[H:21])([H:11])[C:2](=[O:1])[O:3][H:10])([H:12])[H:13])([H:14])[H:15])[H:17],1.0,1.0
7,-0.07653000099318367,AM1BCC,OpenEye,,,C,,8,[H:16][C:7]1([C:6]([C:5]([C:4]([C:9]([C:8]1([H:18])[H:19])([H:20])[H:21])([H:11])[C:2](=[O:1])[O:3][H:10])([H:12])[H:13])([H:14])[H:15])[H:17],1.0,1.0
8,-0.07033999902861458,AM1BCC,OpenEye,,,C,,9,[H:16][C:7]1([C:6]([C:5]([C:4]([C:9]([C:8]1([H:18])[H:19])([H:20])[H:21])([H:11])[C:2](=[O:1])[O:3][H:10])([H:12])[H:13])([H:14])[H:15])[H:17],1.0,1.0
9,0.44242999064070837,AM1BCC,OpenEye,,,H,,10,[H:16][C:7]1([C:6]([C:5]([C:4]([C:9]([C:8]1([H:18])[H:19])([H:20])[H:21])([H:11])[C:2](=[O:1])[O:3][H:10])([H:12])[H:13])([H:14])[H:15])[H:17],1.0,1.0
10,0.08225000011069435,AM1BCC,OpenEye,,,H,,11,[H:16][C:7]1([C:6]([C:5]([C:4]([C:9]([C:8]1([H:18])[H:19])([H:20])[H:21])([H:11])[C:2](=[O:1])[O:3][H:10])([H:12])[H:13])([H:14])[H:15])[H:17],1.0,1.0
11,0.05411000283701079,AM1BCC,OpenEye,,,H,,12,[H:16][C:7]1([C:6]([C:5]([C:4]([C:9]([C:8]1([H:18])[H:19])([H:20])[H:21])([H:11])[C:2](=[O:1])[O:3][H:10])([H:12])[H:13])([H:14])[H:15])[H:17],1.0,1.0
12,0.05411000283701079,AM1BCC,OpenEye,,,H,,13,[H:16][C:7]1([C:6]([C:5]([C:4]([C:9]([C:8]1([H:18])[H:19])([H:20])[H:21])([H:11])[C:2](=[O:1])[O:3][H:10])([H:12])[H:13])([H:14])[H:15])[H:17],1.0,1.0
13,0.04392000021679061,AM1BCC,OpenEye,,,H,,14,[H:16][C:7]1([C:6]([C:5]([C:4]([C:9]([C:8]1([H:18])[H:19])([H:20])[H:21])([H:11])[C:2](=[O:1])[O:3][H:10])([H:12])[H:13])([H:14])[H:15])[H:17],1.0,1.0
14,0.04392000021679061,AM1BCC,OpenEye,,,H,,15,[H:16][C:7]1([C:6]([C:5]([C:4]([C:9]([C:8]1([H:18])[H:19])([H:20])[H:21])([H:11])[C:2](=[O:1])[O:3][H:10])([H:12])[H:13])([H:14])[H:15])[H:17],1.0,1.0
15,0.04193000229341643,AM1BCC,OpenEye,,,H,,16,[H:16][C:7]1([C:6]([C:5]([C:4]([C:9]([C:8]1([H:18])[H:19])([H:20])[H:21])([H:11])[C:2](=[O:1])[O:3][H:10])([H:12])[H:13])([H:14])[H:15])[H:17],1.0,1.0
16,0.04193000229341643,AM1BCC,OpenEye,,,H,,17,[H:16][C:7]1([C:6]([C:5]([C:4]([C:9]([C:8]1([H:18])[H:19])([H:20])[H:21])([H:11])[C:2](=[O:1])[O:3][H:10])([H:12])[H:13])([H:14])[H:15])[H:17],1.0,1.0
17,0.04392000021679061,AM1BCC,OpenEye,,,H,,18,[H:16][C:7]1([C:6]([C:5]([C:4]([C:9]([C:8]1([H:18])[H:19])([H:20])[H:21])([H:11])[C:2](=[O:1])[O:3][H:10])([H:12])[H:13])([H:14])[H:15])[H:17],1.0,1.0
18,0.04392000021679061,AM1BCC,OpenEye,,,H,,19,[H:16][C:7]1([C:6]([C:5]([C:4]([C:9]([C:8]1([H:18])[H:19])([H:20])[H:21])([H:11])[C:2](=[O:1])[O:3][H:10])([H:12])[H:13])([H:14])[H:15])[H:17],1.0,1.0
19,0.05411000283701079,AM1BCC,OpenEye,,,H,,20,[H:16][C:7]1([C:6]([C:5]([C:4]([C:9]([C:8]1([H:18])[H:19])([H:20])[H:21])([H:11])[C:2](=[O:1])[O:3][H:10])([H:12])[H:13])([H:14])[H:15])[H:17],1.0,1.0
20,0.05411000283701079,AM1BCC,OpenEye,,,H,,21,[H:16][C:7]1([C:6]([C:5]([C:4]([C:9]([C:8]1([H:18])[H:19])([H:20])[H:21])([H:11])[C:2](=[O:1])[O:3][H:10])([H:12])[H:13])([H:14])[H:15])[H:17],1.0,1.0
0,-0.5510476190476191,AM1BCC,AmberTools,,,O,,1,[H:16][C:7]1([C:6]([C:5]([C:4]([C:9]([C:8]1([H:18])[H:19])([H:20])[H:21])([H:11])[C:2](=[O:1])[O:3][H:10])([H:12])[H:13])([H:14])[H:15])[H:17],1.0,1.0
1,0.6360523809523809,AM1BCC,AmberTools,,,C,,2,[H:16][C:7]1([C:6]([C:5]([C:4]([C:9]([C:8]1([H:18])[H:19])([H:20])[H:21])([H:11])[C:2](=[O:1])[O:3][H:10])([H:12])[H:13])([H:14])[H:15])[H:17],1.0,1.0
2,-0.610147619047619,AM1BCC,AmberTools,,,O,,3,[H:16][C:7]1([C:6]([C:5]([C:4]([C:9]([C:8]1([H:18])[H:19])([H:20])[H:21])([H:11])[C:2](=[O:1])[O:3][H:10])([H:12])[H:13])([H:14])[H:15])[H:17],1.0,1.0
3,-0.10374761904761905,AM1BCC,AmberTools,,,C,,4,[H:16][C:7]1([C:6]([C:5]([C:4]([C:9]([C:8]1([H:18])[H:19])([H:20])[H:21])([H:11])[C:2](=[O:1])[O:3][H:10])([H:12])[H:13])([H:14])[H:15])[H:17],1.0,1.0
4,-0.07394761904761904,AM1BCC,AmberTools,,,C,,5,[H:16][C:7]1([C:6]([C:5]([C:4]([C:9]([C:8]1([H:18])[H:19])([H:20])[H:21])([H:11])[C:2](=[O:1])[O:3][H:10])([H:12])[H:13])([H:14])[H:15])[H:17],1.0,1.0
5,-0.07544761904761904,AM1BCC,AmberTools,,,C,,6,[H:16][C:7]1([C:6]([C:5]([C:4]([C:9]([C:8]1([H:18])[H:19])([H:20])[H:21])([H:11])[C:2](=[O:1])[O:3][H:10])([H:12])[H:13])([H:14])[H:15])[H:17],1.0,1.0
6,-0.07944761904761904,AM1BCC,AmberTools,,,C,,7,[H:16][C:7]1([C:6]([C:5]([C:4]([C:9]([C:8]1([H:18])[H:19])([H:20])[H:21])([H:11])[C:2](=[O:1])[O:3][H:10])([H:12])[H:13])([H:14])[H:15])[H:17],1.0,1.0
7,-0.07544761904761904,AM1BCC,AmberTools,,,C,,8,[H:16][C:7]1([C:6]([C:5]([C:4]([C:9]([C:8]1([H:18])[H:19])([H:20])[H:21])([H:11])[C:2](=[O:1])[O:3][H:10])([H:12])[H:13])([H:14])[H:15])[H:17],1.0,1.0
8,-0.07394761904761904,AM1BCC,AmberTools,,,C,,9,[H:16][C:7]1([C:6]([C:5]([C:4]([C:9]([C:8]1([H:18])[H:19])([H:20])[H:21])([H:11])[C:2](=[O:1])[O:3][H:10])([H:12])[H:13])([H:14])[H:15])[H:17],1.0,1.0
9,0.441952380952381,AM1BCC,AmberTools,,,H,,10,[H:16][C:7]1([C:6]([C:5]([C:4]([C:9]([C:8]1([H:18])[H:19])([H:20])[H:21])([H:11])[C:2](=[O:1])[O:3][H:10])([H:12])[H:13])([H:14])[H:15])[H:17],1.0,1.0
10,0.08265238095238095,AM1BCC,AmberTools,,,H,,11,[H:16][C:7]1([C:6]([C:5]([C:4]([C:9]([C:8]1([H:18])[H:19])([H:20])[H:21])([H:11])[C:2](=[O:1])[O:3][H:10])([H:12])[H:13])([H:14])[H:15])[H:17],1.0,1.0
11,0.05515238095238096,AM1BCC,AmberTools,,,H,,12,[H:16][C:7]1([C:6]([C:5]([C:4]([C:9]([C:8]1([H:18])[H:19])([H:20])[H:21])([H:11])[C:2](=[O:1])[O:3][H:10])([H:12])[H:13])([H:14])[H:15])[H:17],1.0,1.0
12,0.05515238095238096,AM1BCC,AmberTools,,,H,,13,[H:16][C:7]1([C:6]([C:5]([C:4]([C:9]([C:8]1([H:18])[H:19])([H:20])[H:21])([H:11])[C:2](=[O:1])[O:3][H:10])([H:12])[H:13])([H:14])[H:15])[H:17],1.0,1.0
13,0.044402380952380964,AM1BCC,AmberTools,,,H,,14,[H:16][C:7]1([C:6]([C:5]([C:4]([C:9]([C:8]1([H:18])[H:19])([H:20])[H:21])([H:11])[C:2](=[O:1])[O:3][H:10])([H:12])[H:13])([H:14])[H:15])[H:17],1.0,1.0
14,0.044402380952380964,AM1BCC,AmberTools,,,H,,15,[H:16][C:7]1([C:6]([C:5]([C:4]([C:9]([C:8]1([H:18])[H:19])([H:20])[H:21])([H:11])[C:2](=[O:1])[O:3][H:10])([H:12])[H:13])([H:14])[H:15])[H:17],1.0,1.0
15,0.04215238095238096,AM1BCC,AmberTools,,,H,,16,[H:16][C:7]1([C:6]([C:5]([C:4]([C:9]([C:8]1([H:18])[H:19])([H:20])[H:21])([H:11])[C:2](=[O:1])[O:3][H:10])([H:12])[H:13])([H:14])[H:15])[H:17],1.0,1.0
16,0.04215238095238096,AM1BCC,AmberTools,,,H,,17,[H:16][C:7]1([C:6]([C:5]([C:4]([C:9]([C:8]1([H:18])[H:19])([H:20])[H:21])([H:11])[C:2](=[O:1])[O:3][H:10])([H:12])[H:13])([H:14])[H:15])[H:17],1.0,1.0
17,0.044402380952380964,AM1BCC,AmberTools,,,H,,18,[H:16][C:7]1([C:6]([C:5]([C:4]([C:9]([C:8]1([H:18])[H:19])([H:20])[H:21])([H:11])[C:2](=[O:1])[O:3][H:10])([H:12])[H:13])([H:14])[H:15])[H:17],1.0,1.0
18,0.044402380952380964,AM1BCC,AmberTools,,,H,,19,[H:16][C:7]1([C:6]([C:5]([C:4]([C:9]([C:8]1([H:18])[H:19])([H:20])[H:21])([H:11])[C:2](=[O:1])[O:3][H:10])([H:12])[H:13])([H:14])[H:15])[H:17],1.0,1.0
19,0.05515238095238096,AM1BCC,AmberTools,,,H,,20,[H:16][C:7]1([C:6]([C:5]([C:4]([C:9]([C:8]1([H:18])[H:19])([H:20])[H:21])([H:11])[C:2](=[O:1])[O:3][H:10])([H:12])[H:13])([H:14])[H:15])[H:17],1.0,1.0
20,0.05515238095238096,AM1BCC,AmberTools,,,H,,21,[H:16][C:7]1([C:6]([C:5]([C:4]([C:9]([C:8]1([H:18])[H:19])([H:20])[H:21])([H:11])[C:2](=[O:1])[O:3][H:10])([H:12])[H:13])([H:14])[H:15])[H:17],1.0,1.0
0,-0.5512300123061452,AM1BCC,OpenEye,,,O,,1,[H:16][C:7]1([C:6]([C:5]([C:4]([C:9]([C:8]1([H:18])[H:19])([H:20])[H:21])([H:11])[C:2](=[O:1])[O:3][H:10])([H:12])[H:13])([H:14])[H:15])[H:17],1.0,2.0
1,0.6335700164948191,AM1BCC,OpenEye,,,C,,2,[H:16][C:7]1([C:6]([C:5]([C:4]([C:9]([C:8]1([H:18])[H:19])([H:20])[H:21])([H:11])[C:2](=[O:1])[O:3][H:10])([H:12])[H:13])([H:14])[H:15])[H:17],1.0,2.0
2,-0.6029800165976796,AM1BCC,OpenEye,,,O,,3,[H:16][C:7]1([C:6]([C:5]([C:4]([C:9]([C:8]1([H:18])[H:19])([H:20])[H:21])([H:11])[C:2](=[O:1])[O:3][H:10])([H:12])[H:13])([H:14])[H:15])[H:17],1.0,2.0
3,-0.10627999795334679,AM1BCC,OpenEye,,,C,,4,[H:16][C:7]1([C:6]([C:5]([C:4]([C:9]([C:8]1([H:18])[H:19])([H:20])[H:21])([H:11])[C:2](=[O:1])[O:3][H:10])([H:12])[H:13])([H:14])[H:15])[H:17],1.0,2.0
4,-0.07033999902861458,AM1BCC,OpenEye,,,C,,5,[H:16][C:7]1([C:6]([C:5]([C:4]([C:9]([C:8]1([H:18])[H:19])([H:20])[H:21])([H:11])[C:2](=[O:1])[O:3][H:10])([H:12])[H:13])([H:14])[H:15])[H:17],1.0,2.0
5,-0.07653000099318367,AM1BCC,OpenEye,,,C,,6,[H:16][C:7]1([C:6]([C:5]([C:4]([C:9]([C:8]1([H:18])[H:19])([H:20])[H:21])([H:11])[C:2](=[O:1])[O:3][H:10])([H:12])[H:13])([H:14])[H:15])[H:17],1.0,2.0
6,-0.079999997147492,AM1BCC,OpenEye,,,C,,7,[H:16][C:7]1([C:6]([C:5]([C:4]([C:9]([C:8]1([H:18])[H:19])([H:20])[H:21])([H:11])[C:2](=[O:1])[O:3][H:10])([H:12])[H:13])([H:14])[H:15])[H:17],1.0,2.0
7,-0.07653000099318367,AM1BCC,OpenEye,,,C,,8,[H:16][C:7]1([C:6]([C:5]([C:4]([C:9]([C:8]1([H:18])[H:19])([H:20])[H:21])([H:11])[C:2](=[O:1])[O:3][H:10])([H:12])[H:13])([H:14])[H:15])[H:17],1.0,2.0
8,-0.07033999902861458,AM1BCC,OpenEye,,,C,,9,[H:16][C:7]1([C:6]([C:5]([C:4]([C:9]([C:8]1([H:18])[H:19])([H:20])[H:21])([H:11])[C:2](=[O:1])[O:3][H:10])([H:12])[H:13])([H:14])[H:15])[H:17],1.0,2.0
9,0.44242999064070837,AM1BCC,OpenEye,,,H,,10,[H:16][C:7]1([C:6]([C:5]([C:4]([C:9]([C:8]1([H:18])[H:19])([H:20])[H:21])([H:11])[C:2](=[O:1])[O:3][H:10])([H:12])[H:13])([H:14])[H:15])[H:17],1.0,2.0
10,0.08225000011069435,AM1BCC,OpenEye,,,H,,11,[H:16][C:7]1([C:6]([C:5]([C:4]([C:9]([C:8]1([H:18])[H:19])([H:20])[H:21])([H:11])[C:2](=[O:1])[O:3][H:10])([H:12])[H:13])([H:14])[H:15])[H:17],1.0,2.0
11,0.05411000283701079,AM1BCC,OpenEye,,,H,,12,[H:16][C:7]1([C:6]([C:5]([C:4]([C:9]([C:8]1([H:18])[H:19])([H:20])[H:21])([H:11])[C:2](=[O:1])[O:3][H:10])([H:12])[H:13])([H:14])[H:15])[H:17],1.0,2.0
12,0.05411000283701079,AM1BCC,OpenEye,,,H,,13,[H:16][C:7]1([C:6]([C:5]([C:4]([C:9]([C:8]1([H:18])[H:19])([H:20])[H:21])([H:11])[C:2](=[O:1])[O:3][H:10])([H:12])[H:13])([H:14])[H:15])[H:17],1.0,2.0
13,0.04392000021679061,AM1BCC,OpenEye,,,H,,14,[H:16][C:7]1([C:6]([C:5]([C:4]([C:9]([C:8]1([H:18])[H:19])([H:20])[H:21])([H:11])[C:2](=[O:1])[O:3][H:10])([H:12])[H:13])([H:14])[H:15])[H:17],1.0,2.0
14,0.04392000021679061,AM1BCC,OpenEye,,,H,,15,[H:16][C:7]1([C:6]([C:5]([C:4]([C:9]([C:8]1([H:18])[H:19])([H:20])[H:21])([H:11])[C:2](=[O:1])[O:3][H:10])([H:12])[H:13])([H:14])[H:15])[H:17],1.0,2.0
15,0.04193000229341643,AM1BCC,OpenEye,,,H,,16,[H:16][C:7]1([C:6]([C:5]([C:4]([C:9]([C:8]1([H:18])[H:19])([H:20])[H:21])([H:11])[C:2](=[O:1])[O:3][H:10])([H:12])[H:13])([H:14])[H:15])[H:17],1.0,2.0
16,0.04193000229341643,AM1BCC,OpenEye,,,H,,17,[H:16][C:7]1([C:6]([C:5]([C:4]([C:9]([C:8]1([H:18])[H:19])([H:20])[H:21])([H:11])[C:2](=[O:1])[O:3][H:10])([H:12])[H:13])([H:14])[H:15])[H:17],1.0,2.0
17,0.04392000021679061,AM1BCC,OpenEye,,,H,,18,[H:16][C:7]1([C:6]([C:5]([C:4]([C:9]([C:8]1([H:18])[H:19])([H:20])[H:21])([H:11])[C:2](=[O:1])[O:3][H:10])([H:12])[H:13])([H:14])[H:15])[H:17],1.0,2.0
18,0.04392000021679061,AM1BCC,OpenEye,,,H,,19,[H:16][C:7]1([C:6]([C:5]([C:4]([C:9]([C:8]1([H:18])[H:19])([H:20])[H:21])([H:11])[C:2](=[O:1])[O:3][H:10])([H:12])[H:13])([H:14])[H:15])[H:17],1.0,2.0
19,0.05411000283701079,AM1BCC,OpenEye,,,H,,20,[H:16][C:7]1([C:6]([C:5]([C:4]([C:9]([C:8]1([H:18])[H:19])([H:20])[H:21])([H:11])[C:2](=[O:1])[O:3][H:10])([H:12])[H:13])([H:14])[H:15])[H:17],1.0,2.0
20,0.05411000283701079,AM1BCC,OpenEye,,,H,,21,[H:16][C:7]1([C:6]([C:5]([C:4]([C:9]([C:8]1([H:18])[H:19])([H:20])[H:21])([H:11])[C:2](=[O:1])[O:3][H:10])([H:12])[H:13])([H:14])[H:15])[H:17],1.0,2.0
0,-0.5510476190476191,AM1BCC,AmberTools,,,O,,1,[H:16][C:7]1([C:6]([C:5]([C:4]([C:9]([C:8]1([H:18])[H:19])([H:20])[H:21])([H:11])[C:2](=[O:1])[O:3][H:10])([H:12])[H:13])([H:14])[H:15])[H:17],1.0,2.0
1,0.6360523809523809,AM1BCC,AmberTools,,,C,,2,[H:16][C:7]1([C:6]([C:5]([C:4]([C:9]([C:8]1([H:18])[H:19])([H:20])[H:21])([H:11])[C:2](=[O:1])[O:3][H:10])([H:12])[H:13])([H:14])[H:15])[H:17],1.0,2.0
2,-0.610147619047619,AM1BCC,AmberTools,,,O,,3,[H:16][C:7]1([C:6]([C:5]([C:4]([C:9]([C:8]1([H:18])[H:19])([H:20])[H:21])([H:11])[C:2](=[O:1])[O:3][H:10])([H:12])[H:13])([H:14])[H:15])[H:17],1.0,2.0
3,-0.10374761904761905,AM1BCC,AmberTools,,,C,,4,[H:16][C:7]1([C:6]([C:5]([C:4]([C:9]([C:8]1([H:18])[H:19])([H:20])[H:21])([H:11])[C:2](=[O:1])[O:3][H:10])([H:12])[H:13])([H:14])[H:15])[H:17],1.0,2.0
4,-0.07394761904761904,AM1BCC,AmberTools,,,C,,5,[H:16][C:7]1([C:6]([C:5]([C:4]([C:9]([C:8]1([H:18])[H:19])([H:20])[H:21])([H:11])[C:2](=[O:1])[O:3][H:10])([H:12])[H:13])([H:14])[H:15])[H:17],1.0,2.0
5,-0.07544761904761904,AM1BCC,AmberTools,,,C,,6,[H:16][C:7]1([C:6]([C:5]([C:4]([C:9]([C:8]1([H:18])[H:19])([H:20])[H:21])([H:11])[C:2](=[O:1])[O:3][H:10])([H:12])[H:13])([H:14])[H:15])[H:17],1.0,2.0
6,-0.07944761904761904,AM1BCC,AmberTools,,,C,,7,[H:16][C:7]1([C:6]([C:5]([C:4]([C:9]([C:8]1([H:18])[H:19])([H:20])[H:21])([H:11])[C:2](=[O:1])[O:3][H:10])([H:12])[H:13])([H:14])[H:15])[H:17],1.0,2.0
7,-0.07544761904761904,AM1BCC,AmberTools,,,C,,8,[H:16][C:7]1([C:6]([C:5]([C:4]([C:9]([C:8]1([H:18])[H:19])([H:20])[H:21])([H:11])[C:2](=[O:1])[O:3][H:10])([H:12])[H:13])([H:14])[H:15])[H:17],1.0,2.0
8,-0.07394761904761904,AM1BCC,AmberTools,,,C,,9,[H:16][C:7]1([C:6]([C:5]([C:4]([C:9]([C:8]1([H:18])[H:19])([H:20])[H:21])([H:11])[C:2](=[O:1])[O:3][H:10])([H:12])[H:13])([H:14])[H:15])[H:17],1.0,2.0
9,0.441952380952381,AM1BCC,AmberTools,,,H,,10,[H:16][C:7]1([C:6]([C:5]([C:4]([C:9]([C:8]1([H:18])[H:19])([H:20])[H:21])([H:11])[C:2](=[O:1])[O:3][H:10])([H:12])[H:13])([H:14])[H:15])[H:17],1.0,2.0
10,0.08265238095238095,AM1BCC,AmberTools,,,H,,11,[H:16][C:7]1([C:6]([C:5]([C:4]([C:9]([C:8]1([H:18])[H:19])([H:20])[H:21])([H:11])[C:2](=[O:1])[O:3][H:10])([H:12])[H:13])([H:14])[H:15])[H:17],1.0,2.0
11,0.05515238095238096,AM1BCC,AmberTools,,,H,,12,[H:16][C:7]1([C:6]([C:5]([C:4]([C:9]([C:8]1([H:18])[H:19])([H:20])[H:21])([H:11])[C:2](=[O:1])[O:3][H:10])([H:12])[H:13])([H:14])[H:15])[H:17],1.0,2.0
12,0.05515238095238096,AM1BCC,AmberTools,,,H,,13,[H:16][C:7]1([C:6]([C:5]([C:4]([C:9]([C:8]1([H:18])[H:19])([H:20])[H:21])([H:11])[C:2](=[O:1])[O:3][H:10])([H:12])[H:13])([H:14])[H:15])[H:17],1.0,2.0
13,0.044402380952380964,AM1BCC,AmberTools,,,H,,14,[H:16][C:7]1([C:6]([C:5]([C:4]([C:9]([C:8]1([H:18])[H:19])([H:20])[H:21])([H:11])[C:2](=[O:1])[O:3][H:10])([H:12])[H:13])([H:14])[H:15])[H:17],1.0,2.0
14,0.044402380952380964,AM1BCC,AmberTools,,,H,,15,[H:16][C:7]1([C:6]([C:5]([C:4]([C:9]([C:8]1([H:18])[H:19])([H:20])[H:21])([H:11])[C:2](=[O:1])[O:3][H:10])([H:12])[H:13])([H:14])[H:15])[H:17],1.0,2.0
15,0.04215238095238096,AM1BCC,AmberTools,,,H,,16,[H:16][C:7]1([C:6]([C:5]([C:4]([C:9]([C:8]1([H:18])[H:19])([H:20])[H:21])([H:11])[C:2](=[O:1])[O:3][H:10])([H:12])[H:13])([H:14])[H:15])[H:17],1.0,2.0
16,0.04215238095238096,AM1BCC,AmberTools,,,H,,17,[H:16][C:7]1([C:6]([C:5]([C:4]([C:9]([C:8]1([H:18])[H:19])([H:20])[H:21])([H:11])[C:2](=[O:1])[O:3][H:10])([H:12])[H:13])([H:14])[H:15])[H:17],1.0,2.0
17,0.044402380952380964,AM1BCC,AmberTools,,,H,,18,[H:16][C:7]1([C:6]([C:5]([C:4]([C:9]([C:8]1([H:18])[H:19])([H:20])[H:21])([H:11])[C:2](=[O:1])[O:3][H:10])([H:12])[H:13])([H:14])[H:15])[H:17],1.0,2.0
18,0.044402380952380964,AM1BCC,AmberTools,,,H,,19,[H:16][C:7]1([C:6]([C:5]([C:4]([C:9]([C:8]1([H:18])[H:19])([H:20])[H:21])([H:11])[C:2](=[O:1])[O:3][H:10])([H:12])[H:13])([H:14])[H:15])[H:17],1.0,2.0
19,0.05515238095238096,AM1BCC,AmberTools,,,H,,20,[H:16][C:7]1([C:6]([C:5]([C:4]([C:9]([C:8]1([H:18])[H:19])([H:20])[H:21])([H:11])[C:2](=[O:1])[O:3][H:10])([H:12])[H:13])([H:14])[H:15])[H:17],1.0,2.0
20,0.05515238095238096,AM1BCC,AmberTools,,,H,,21,[H:16][C:7]1([C:6]([C:5]([C:4]([C:9]([C:8]1([H:18])[H:19])([H:20])[H:21])([H:11])[C:2](=[O:1])[O:3][H:10])([H:12])[H:13])([H:14])[H:15])[H:17],1.0,2.0
0,-0.5512300123061452,AM1BCC,OpenEye,,,O,,1,[H:16][C:7]1([C:6]([C:5]([C:4]([C:9]([C:8]1([H:18])[H:19])([H:20])[H:21])([H:11])[C:2](=[O:1])[O:3][H:10])([H:12])[H:13])([H:14])[H:15])[H:17],1.0,3.0
1,0.6335700164948191,AM1BCC,OpenEye,,,C,,2,[H:16][C:7]1([C:6]([C:5]([C:4]([C:9]([C:8]1([H:18])[H:19])([H:20])[H:21])([H:11])[C:2](=[O:1])[O:3][H:10])([H:12])[H:13])([H:14])[H:15])[H:17],1.0,3.0
2,-0.6029800165976796,AM1BCC,OpenEye,,,O,,3,[H:16][C:7]1([C:6]([C:5]([C:4]([C:9]([C:8]1([H:18])[H:19])([H:20])[H:21])([H:11])[C:2](=[O:1])[O:3][H:10])([H:12])[H:13])([H:14])[H:15])[H:17],1.0,3.0
3,-0.10627999795334679,AM1BCC,OpenEye,,,C,,4,[H:16][C:7]1([C:6]([C:5]([C:4]([C:9]([C:8]1([H:18])[H:19])([H:20])[H:21])([H:11])[C:2](=[O:1])[O:3][H:10])([H:12])[H:13])([H:14])[H:15])[H:17],1.0,3.0
4,-0.07033999902861458,AM1BCC,OpenEye,,,C,,5,[H:16][C:7]1([C:6]([C:5]([C:4]([C:9]([C:8]1([H:18])[H:19])([H:20])[H:21])([H:11])[C:2](=[O:1])[O:3][H:10])([H:12])[H:13])([H:14])[H:15])[H:17],1.0,3.0
5,-0.07653000099318367,AM1BCC,OpenEye,,,C,,6,[H:16][C:7]1([C:6]([C:5]([C:4]([C:9]([C:8]1([H:18])[H:19])([H:20])[H:21])([H:11])[C:2](=[O:1])[O:3][H:10])([H:12])[H:13])([H:14])[H:15])[H:17],1.0,3.0
6,-0.079999997147492,AM1BCC,OpenEye,,,C,,7,[H:16][C:7]1([C:6]([C:5]([C:4]([C:9]([C:8]1([H:18])[H:19])([H:20])[H:21])([H:11])[C:2](=[O:1])[O:3][H:10])([H:12])[H:13])([H:14])[H:15])[H:17],1.0,3.0
7,-0.07653000099318367,AM1BCC,OpenEye,,,C,,8,[H:16][C:7]1([C:6]([C:5]([C:4]([C:9]([C:8]1([H:18])[H:19])([H:20])[H:21])([H:11])[C:2](=[O:1])[O:3][H:10])([H:12])[H:13])([H:14])[H:15])[H:17],1.0,3.0
8,-0.07033999902861458,AM1BCC,OpenEye,,,C,,9,[H:16][C:7]1([C:6]([C:5]([C:4]([C:9]([C:8]1([H:18])[H:19])([H:20])[H:21])([H:11])[C:2](=[O:1])[O:3][H:10])([H:12])[H:13])([H:14])[H:15])[H:17],1.0,3.0
9,0.44242999064070837,AM1BCC,OpenEye,,,H,,10,[H:16][C:7]1([C:6]([C:5]([C:4]([C:9]([C:8]1([H:18])[H:19])([H:20])[H:21])([H:11])[C:2](=[O:1])[O:3][H:10])([H:12])[H:13])([H:14])[H:15])[H:17],1.0,3.0
10,0.08225000011069435,AM1BCC,OpenEye,,,H,,11,[H:16][C:7]1([C:6]([C:5]([C:4]([C:9]([C:8]1([H:18])[H:19])([H:20])[H:21])([H:11])[C:2](=[O:1])[O:3][H:10])([H:12])[H:13])([H:14])[H:15])[H:17],1.0,3.0
11,0.05411000283701079,AM1BCC,OpenEye,,,H,,12,[H:16][C:7]1([C:6]([C:5]([C:4]([C:9]([C:8]1([H:18])[H:19])([H:20])[H:21])([H:11])[C:2](=[O:1])[O:3][H:10])([H:12])[H:13])([H:14])[H:15])[H:17],1.0,3.0
12,0.05411000283701079,AM1BCC,OpenEye,,,H,,13,[H:16][C:7]1([C:6]([C:5]([C:4]([C:9]([C:8]1([H:18])[H:19])([H:20])[H:21])([H:11])[C:2](=[O:1])[O:3][H:10])([H:12])[H:13])([H:14])[H:15])[H:17],1.0,3.0
13,0.04392000021679061,AM1BCC,OpenEye,,,H,,14,[H:16][C:7]1([C:6]([C:5]([C:4]([C:9]([C:8]1([H:18])[H:19])([H:20])[H:21])([H:11])[C:2](=[O:1])[O:3][H:10])([H:12])[H:13])([H:14])[H:15])[H:17],1.0,3.0
14,0.04392000021679061,AM1BCC,OpenEye,,,H,,15,[H:16][C:7]1([C:6]([C:5]([C:4]([C:9]([C:8]1([H:18])[H:19])([H:20])[H:21])([H:11])[C:2](=[O:1])[O:3][H:10])([H:12])[H:13])([H:14])[H:15])[H:17],1.0,3.0
15,0.04193000229341643,AM1BCC,OpenEye,,,H,,16,[H:16][C:7]1([C:6]([C:5]([C:4]([C:9]([C:8]1([H:18])[H:19])([H:20])[H:21])([H:11])[C:2](=[O:1])[O:3][H:10])([H:12])[H:13])([H:14])[H:15])[H:17],1.0,3.0
16,0.04193000229341643,AM1BCC,OpenEye,,,H,,17,[H:16][C:7]1([C:6]([C:5]([C:4]([C:9]([C:8]1([H:18])[H:19])([H:20])[H:21])([H:11])[C:2](=[O:1])[O:3][H:10])([H:12])[H:13])([H:14])[H:15])[H:17],1.0,3.0
17,0.04392000021679061,AM1BCC,OpenEye,,,H,,18,[H:16][C:7]1([C:6]([C:5]([C:4]([C:9]([C:8]1([H:18])[H:19])([H:20])[H:21])([H:11])[C:2](=[O:1])[O:3][H:10])([H:12])[H:13])([H:14])[H:15])[H:17],1.0,3.0
18,0.04392000021679061,AM1BCC,OpenEye,,,H,,19,[H:16][C:7]1([C:6]([C:5]([C:4]([C:9]([C:8]1([H:18])[H:19])([H:20])[H:21])([H:11])[C:2](=[O:1])[O:3][H:10])([H:12])[H:13])([H:14])[H:15])[H:17],1.0,3.0
19,0.05411000283701079,AM1BCC,OpenEye,,,H,,20,[H:16][C:7]1([C:6]([C:5]([C:4]([C:9]([C:8]1([H:18])[H:19])([H:20])[H:21])([H:11])[C:2](=[O:1])[O:3][H:10])([H:12])[H:13])([H:14])[H:15])[H:17],1.0,3.0
20,0.05411000283701079,AM1BCC,OpenEye,,,H,,21,[H:16][C:7]1([C:6]([C:5]([C:4]([C:9]([C:8]1([H:18])[H:19])([H:20])[H:21])([H:11])[C:2](=[O:1])[O:3][H:10])([H:12])[H:13])([H:14])[H:15])[H:17],1.0,3.0
0,-0.5510476190476191,AM1BCC,AmberTools,,,O,,1,[H:16][C:7]1([C:6]([C:5]([C:4]([C:9]([C:8]1([H:18])[H:19])([H:20])[H:21])([H:11])[C:2](=[O:1])[O:3][H:10])([H:12])[H:13])([H:14])[H:15])[H:17],1.0,3.0
1,0.6360523809523809,AM1BCC,AmberTools,,,C,,2,[H:16][C:7]1([C:6]([C:5]([C:4]([C:9]([C:8]1([H:18])[H:19])([H:20])[H:21])([H:11])[C:2](=[O:1])[O:3][H:10])([H:12])[H:13])([H:14])[H:15])[H:17],1.0,3.0
2,-0.610147619047619,AM1BCC,AmberTools,,,O,,3,[H:16][C:7]1([C:6]([C:5]([C:4]([C:9]([C:8]1([H:18])[H:19])([H:20])[H:21])([H:11])[C:2](=[O:1])[O:3][H:10])([H:12])[H:13])([H:14])[H:15])[H:17],1.0,3.0
3,-0.10374761904761905,AM1BCC,AmberTools,,,C,,4,[H:16][C:7]1([C:6]([C:5]([C:4]([C:9]([C:8]1([H:18])[H:19])([H:20])[H:21])([H:11])[C:2](=[O:1])[O:3][H:10])([H:12])[H:13])([H:14])[H:15])[H:17],1.0,3.0
4,-0.07394761904761904,AM1BCC,AmberTools,,,C,,5,[H:16][C:7]1([C:6]([C:5]([C:4]([C:9]([C:8]1([H:18])[H:19])([H:20])[H:21])([H:11])[C:2](=[O:1])[O:3][H:10])([H:12])[H:13])([H:14])[H:15])[H:17],1.0,3.0
5,-0.07544761904761904,AM1BCC,AmberTools,,,C,,6,[H:16][C:7]1([C:6]([C:5]([C:4]([C:9]([C:8]1([H:18])[H:19])([H:20])[H:21])([H:11])[C:2](=[O:1])[O:3][H:10])([H:12])[H:13])([H:14])[H:15])[H:17],1.0,3.0
6,-0.07944761904761904,AM1BCC,AmberTools,,,C,,7,[H:16][C:7]1([C:6]([C:5]([C:4]([C:9]([C:8]1([H:18])[H:19])([H:20])[H:21])([H:11])[C:2](=[O:1])[O:3][H:10])([H:12])[H:13])([H:14])[H:15])[H:17],1.0,3.0
7,-0.07544761904761904,AM1BCC,AmberTools,,,C,,8,[H:16][C:7]1([C:6]([C:5]([C:4]([C:9]([C:8]1([H:18])[H:19])([H:20])[H:21])([H:11])[C:2](=[O:1])[O:3][H:10])([H:12])[H:13])([H:14])[H:15])[H:17],1.0,3.0
8,-0.07394761904761904,AM1BCC,AmberTools,,,C,,9,[H:16][C:7]1([C:6]([C:5]([C:4]([C:9]([C:8]1([H:18])[H:19])([H:20])[H:21])([H:11])[C:2](=[O:1])[O:3][H:10])([H:12])[H:13])([H:14])[H:15])[H:17],1.0,3.0
9,0.441952380952381,AM1BCC,AmberTools,,,H,,10,[H:16][C:7]1([C:6]([C:5]([C:4]([C:9]([C:8]1([H:18])[H:19])([H:20])[H:21])([H:11])[C:2](=[O:1])[O:3][H:10])([H:12])[H:13])([H:14])[H:15])[H:17],1.0,3.0
10,0.08265238095238095,AM1BCC,AmberTools,,,H,,11,[H:16][C:7]1([C:6]([C:5]([C:4]([C:9]([C:8]1([H:18])[H:19])([H:20])[H:21])([H:11])[C:2](=[O:1])[O:3][H:10])([H:12])[H:13])([H:14])[H:15])[H:17],1.0,3.0
11,0.05515238095238096,AM1BCC,AmberTools,,,H,,12,[H:16][C:7]1([C:6]([C:5]([C:4]([C:9]([C:8]1([H:18])[H:19])([H:20])[H:21])([H:11])[C:2](=[O:1])[O:3][H:10])([H:12])[H:13])([H:14])[H:15])[H:17],1.0,3.0
12,0.05515238095238096,AM1BCC,AmberTools,,,H,,13,[H:16][C:7]1([C:6]([C:5]([C:4]([C:9]([C:8]1([H:18])[H:19])([H:20])[H:21])([H:11])[C:2](=[O:1])[O:3][H:10])([H:12])[H:13])([H:14])[H:15])[H:17],1.0,3.0
13,0.044402380952380964,AM1BCC,AmberTools,,,H,,14,[H:16][C:7]1([C:6]([C:5]([C:4]([C:9]([C:8]1([H:18])[H:19])([H:20])[H:21])([H:11])[C:2](=[O:1])[O:3][H:10])([H:12])[H:13])([H:14])[H:15])[H:17],1.0,3.0
14,0.044402380952380964,AM1BCC,AmberTools,,,H,,15,[H:16][C:7]1([C:6]([C:5]([C:4]([C:9]([C:8]1([H:18])[H:19])([H:20])[H:21])([H:11])[C:2](=[O:1])[O:3][H:10])([H:12])[H:13])([H:14])[H:15])[H:17],1.0,3.0
15,0.04215238095238096,AM1BCC,AmberTools,,,H,,16,[H:16][C:7]1([C:6]([C:5]([C:4]([C:9]([C:8]1([H:18])[H:19])([H:20])[H:21])([H:11])[C:2](=[O:1])[O:3][H:10])([H:12])[H:13])([H:14])[H:15])[H:17],1.0,3.0
16,0.04215238095238096,AM1BCC,AmberTools,,,H,,17,[H:16][C:7]1([C:6]([C:5]([C:4]([C:9]([C:8]1([H:18])[H:19])([H:20])[H:21])([H:11])[C:2](=[O:1])[O:3][H:10])([H:12])[H:13])([H:14])[H:15])[H:17],1.0,3.0
17,0.044402380952380964,AM1BCC,AmberTools,,,H,,18,[H:16][C:7]1([C:6]([C:5]([C:4]([C:9]([C:8]1([H:18])[H:19])([H:20])[H:21])([H:11])[C:2](=[O:1])[O:3][H:10])([H:12])[H:13])([H:14])[H:15])[H:17],1.0,3.0
18,0.044402380952380964,AM1BCC,AmberTools,,,H,,19,[H:16][C:7]1([C:6]([C:5]([C:4]([C:9]([C:8]1([H:18])[H:19])([H:20])[H:21])([H:11])[C:2](=[O:1])[O:3][H:10])([H:12])[H:13])([H:14])[H:15])[H:17],1.0,3.0
19,0.05515238095238096,AM1BCC,AmberTools,,,H,,20,[H:16][C:7]1([C:6]([C:5]([C:4]([C:9]([C:8]1([H:18])[H:19])([H:20])[H:21])([H:11])[C:2](=[O:1])[O:3][H:10])([H:12])[H:13])([H:14])[H:15])[H:17],1.0,3.0
20,0.05515238095238096,AM1BCC,AmberTools,,,H,,21,[H:16][C:7]1([C:6]([C:5]([C:4]([C:9]([C:8]1([H:18])[H:19])([H:20])[H:21])([H:11])[C:2](=[O:1])[O:3][H:10])([H:12])[H:13])([H:14])[H:15])[H:17],1.0,3.0
0,-0.5512300123061452,AM1BCC,OpenEye,,,O,,1,[H:16][C:7]1([C:6]([C:5]([C:4]([C:9]([C:8]1([H:18])[H:19])([H:20])[H:21])([H:11])[C:2](=[O:1])[O:3][H:10])([H:12])[H:13])([H:14])[H:15])[H:17],1.0,4.0
1,0.6335700164948191,AM1BCC,OpenEye,,,C,,2,[H:16][C:7]1([C:6]([C:5]([C:4]([C:9]([C:8]1([H:18])[H:19])([H:20])[H:21])([H:11])[C:2](=[O:1])[O:3][H:10])([H:12])[H:13])([H:14])[H:15])[H:17],1.0,4.0
2,-0.6029800165976796,AM1BCC,OpenEye,,,O,,3,[H:16][C:7]1([C:6]([C:5]([C:4]([C:9]([C:8]1([H:18])[H:19])([H:20])[H:21])([H:11])[C:2](=[O:1])[O:3][H:10])([H:12])[H:13])([H:14])[H:15])[H:17],1.0,4.0
3,-0.10627999795334679,AM1BCC,OpenEye,,,C,,4,[H:16][C:7]1([C:6]([C:5]([C:4]([C:9]([C:8]1([H:18])[H:19])([H:20])[H:21])([H:11])[C:2](=[O:1])[O:3][H:10])([H:12])[H:13])([H:14])[H:15])[H:17],1.0,4.0
4,-0.07033999902861458,AM1BCC,OpenEye,,,C,,5,[H:16][C:7]1([C:6]([C:5]([C:4]([C:9]([C:8]1([H:18])[H:19])([H:20])[H:21])([H:11])[C:2](=[O:1])[O:3][H:10])([H:12])[H:13])([H:14])[H:15])[H:17],1.0,4.0
5,-0.07653000099318367,AM1BCC,OpenEye,,,C,,6,[H:16][C:7]1([C:6]([C:5]([C:4]([C:9]([C:8]1([H:18])[H:19])([H:20])[H:21])([H:11])[C:2](=[O:1])[O:3][H:10])([H:12])[H:13])([H:14])[H:15])[H:17],1.0,4.0
6,-0.079999997147492,AM1BCC,OpenEye,,,C,,7,[H:16][C:7]1([C:6]([C:5]([C:4]([C:9]([C:8]1([H:18])[H:19])([H:20])[H:21])([H:11])[C:2](=[O:1])[O:3][H:10])([H:12])[H:13])([H:14])[H:15])[H:17],1.0,4.0
7,-0.07653000099318367,AM1BCC,OpenEye,,,C,,8,[H:16][C:7]1([C:6]([C:5]([C:4]([C:9]([C:8]1([H:18])[H:19])([H:20])[H:21])([H:11])[C:2](=[O:1])[O:3][H:10])([H:12])[H:13])([H:14])[H:15])[H:17],1.0,4.0
8,-0.07033999902861458,AM1BCC,OpenEye,,,C,,9,[H:16][C:7]1([C:6]([C:5]([C:4]([C:9]([C:8]1([H:18])[H:19])([H:20])[H:21])([H:11])[C:2](=[O:1])[O:3][H:10])([H:12])[H:13])([H:14])[H:15])[H:17],1.0,4.0
9,0.44242999064070837,AM1BCC,OpenEye,,,H,,10,[H:16][C:7]1([C:6]([C:5]([C:4]([C:9]([C:8]1([H:18])[H:19])([H:20])[H:21])([H:11])[C:2](=[O:1])[O:3][H:10])([H:12])[H:13])([H:14])[H:15])[H:17],1.0,4.0
10,0.08225000011069435,AM1BCC,OpenEye,,,H,,11,[H:16][C:7]1([C:6]([C:5]([C:4]([C:9]([C:8]1([H:18])[H:19])([H:20])[H:21])([H:11])[C:2](=[O:1])[O:3][H:10])([H:12])[H:13])([H:14])[H:15])[H:17],1.0,4.0
11,0.05411000283701079,AM1BCC,OpenEye,,,H,,12,[H:16][C:7]1([C:6]([C:5]([C:4]([C:9]([C:8]1([H:18])[H:19])([H:20])[H:21])([H:11])[C:2](=[O:1])[O:3][H:10])([H:12])[H:13])([H:14])[H:15])[H:17],1.0,4.0
12,0.05411000283701079,AM1BCC,OpenEye,,,H,,13,[H:16][C:7]1([C:6]([C:5]([C:4]([C:9]([C:8]1([H:18])[H:19])([H:20])[H:21])([H:11])[C:2](=[O:1])[O:3][H:10])([H:12])[H:13])([H:14])[H:15])[H:17],1.0,4.0
13,0.04392000021679061,AM1BCC,OpenEye,,,H,,14,[H:16][C:7]1([C:6]([C:5]([C:4]([C:9]([C:8]1([H:18])[H:19])([H:20])[H:21])([H:11])[C:2](=[O:1])[O:3][H:10])([H:12])[H:13])([H:14])[H:15])[H:17],1.0,4.0
14,0.04392000021679061,AM1BCC,OpenEye,,,H,,15,[H:16][C:7]1([C:6]([C:5]([C:4]([C:9]([C:8]1([H:18])[H:19])([H:20])[H:21])([H:11])[C:2](=[O:1])[O:3][H:10])([H:12])[H:13])([H:14])[H:15])[H:17],1.0,4.0
15,0.04193000229341643,AM1BCC,OpenEye,,,H,,16,[H:16][C:7]1([C:6]([C:5]([C:4]([C:9]([C:8]1([H:18])[H:19])([H:20])[H:21])([H:11])[C:2](=[O:1])[O:3][H:10])([H:12])[H:13])([H:14])[H:15])[H:17],1.0,4.0
16,0.04193000229341643,AM1BCC,OpenEye,,,H,,17,[H:16][C:7]1([C:6]([C:5]([C:4]([C:9]([C:8]1([H:18])[H:19])([H:20])[H:21])([H:11])[C:2](=[O:1])[O:3][H:10])([H:12])[H:13])([H:14])[H:15])[H:17],1.0,4.0
17,0.04392000021679061,AM1BCC,OpenEye,,,H,,18,[H:16][C:7]1([C:6]([C:5]([C:4]([C:9]([C:8]1([H:18])[H:19])([H:20])[H:21])([H:11])[C:2](=[O:1])[O:3][H:10])([H:12])[H:13])([H:14])[H:15])[H:17],1.0,4.0
18,0.04392000021679061,AM1BCC,OpenEye,,,H,,19,[H:16][C:7]1([C:6]([C:5]([C:4]([C:9]([C:8]1([H:18])[H:19])([H:20])[H:21])([H:11])[C:2](=[O:1])[O:3][H:10])([H:12])[H:13])([H:14])[H:15])[H:17],1.0,4.0
19,0.05411000283701079,AM1BCC,OpenEye,,,H,,20,[H:16][C:7]1([C:6]([C:5]([C:4]([C:9]([C:8]1([H:18])[H:19])([H:20])[H:21])([H:11])[C:2](=[O:1])[O:3][H:10])([H:12])[H:13])([H:14])[H:15])[H:17],1.0,4.0
20,0.05411000283701079,AM1BCC,OpenEye,,,H,,21,[H:16][C:7]1([C:6]([C:5]([C:4]([C:9]([C:8]1([H:18])[H:19])([H:20])[H:21])([H:11])[C:2](=[O:1])[O:3][H:10])([H:12])[H:13])([H:14])[H:15])[H:17],1.0,4.0
0,-0.5510476190476191,AM1BCC,AmberTools,,,O,,1,[H:16][C:7]1([C:6]([C:5]([C:4]([C:9]([C:8]1([H:18])[H:19])([H:20])[H:21])([H:11])[C:2](=[O:1])[O:3][H:10])([H:12])[H:13])([H:14])[H:15])[H:17],1.0,4.0
1,0.6360523809523809,AM1BCC,AmberTools,,,C,,2,[H:16][C:7]1([C:6]([C:5]([C:4]([C:9]([C:8]1([H:18])[H:19])([H:20])[H:21])([H:11])[C:2](=[O:1])[O:3][H:10])([H:12])[H:13])([H:14])[H:15])[H:17],1.0,4.0
2,-0.610147619047619,AM1BCC,AmberTools,,,O,,3,[H:16][C:7]1([C:6]([C:5]([C:4]([C:9]([C:8]1([H:18])[H:19])([H:20])[H:21])([H:11])[C:2](=[O:1])[O:3][H:10])([H:12])[H:13])([H:14])[H:15])[H:17],1.0,4.0
3,-0.10374761904761905,AM1BCC,AmberTools,,,C,,4,[H:16][C:7]1([C:6]([C:5]([C:4]([C:9]([C:8]1([H:18])[H:19])([H:20])[H:21])([H:11])[C:2](=[O:1])[O:3][H:10])([H:12])[H:13])([H:14])[H:15])[H:17],1.0,4.0
4,-0.07394761904761904,AM1BCC,AmberTools,,,C,,5,[H:16][C:7]1([C:6]([C:5]([C:4]([C:9]([C:8]1([H:18])[H:19])([H:20])[H:21])([H:11])[C:2](=[O:1])[O:3][H:10])([H:12])[H:13])([H:14])[H:15])[H:17],1.0,4.0
5,-0.07544761904761904,AM1BCC,AmberTools,,,C,,6,[H:16][C:7]1([C:6]([C:5]([C:4]([C:9]([C:8]1([H:18])[H:19])([H:20])[H:21])([H:11])[C:2](=[O:1])[O:3][H:10])([H:12])[H:13])([H:14])[H:15])[H:17],1.0,4.0
6,-0.07944761904761904,AM1BCC,AmberTools,,,C,,7,[H:16][C:7]1([C:6]([C:5]([C:4]([C:9]([C:8]1([H:18])[H:19])([H:20])[H:21])([H:11])[C:2](=[O:1])[O:3][H:10])([H:12])[H:13])([H:14])[H:15])[H:17],1.0,4.0
7,-0.07544761904761904,AM1BCC,AmberTools,,,C,,8,[H:16][C:7]1([C:6]([C:5]([C:4]([C:9]([C:8]1([H:18])[H:19])([H:20])[H:21])([H:11])[C:2](=[O:1])[O:3][H:10])([H:12])[H:13])([H:14])[H:15])[H:17],1.0,4.0
8,-0.07394761904761904,AM1BCC,AmberTools,,,C,,9,[H:16][C:7]1([C:6]([C:5]([C:4]([C:9]([C:8]1([H:18])[H:19])([H:20])[H:21])([H:11])[C:2](=[O:1])[O:3][H:10])([H:12])[H:13])([H:14])[H:15])[H:17],1.0,4.0
9,0.441952380952381,AM1BCC,AmberTools,,,H,,10,[H:16][C:7]1([C:6]([C:5]([C:4]([C:9]([C:8]1([H:18])[H:19])([H:20])[H:21])([H:11])[C:2](=[O:1])[O:3][H:10])([H:12])[H:13])([H:14])[H:15])[H:17],1.0,4.0
10,0.08265238095238095,AM1BCC,AmberTools,,,H,,11,[H:16][C:7]1([C:6]([C:5]([C:4]([C:9]([C:8]1([H:18])[H:19])([H:20])[H:21])([H:11])[C:2](=[O:1])[O:3][H:10])([H:12])[H:13])([H:14])[H:15])[H:17],1.0,4.0
11,0.05515238095238096,AM1BCC,AmberTools,,,H,,12,[H:16][C:7]1([C:6]([C:5]([C:4]([C:9]([C:8]1([H:18])[H:19])([H:20])[H:21])([H:11])[C:2](=[O:1])[O:3][H:10])([H:12])[H:13])([H:14])[H:15])[H:17],1.0,4.0
12,0.05515238095238096,AM1BCC,AmberTools,,,H,,13,[H:16][C:7]1([C:6]([C:5]([C:4]([C:9]([C:8]1([H:18])[H:19])([H:20])[H:21])([H:11])[C:2](=[O:1])[O:3][H:10])([H:12])[H:13])([H:14])[H:15])[H:17],1.0,4.0
13,0.044402380952380964,AM1BCC,AmberTools,,,H,,14,[H:16][C:7]1([C:6]([C:5]([C:4]([C:9]([C:8]1([H:18])[H:19])([H:20])[H:21])([H:11])[C:2](=[O:1])[O:3][H:10])([H:12])[H:13])([H:14])[H:15])[H:17],1.0,4.0
14,0.044402380952380964,AM1BCC,AmberTools,,,H,,15,[H:16][C:7]1([C:6]([C:5]([C:4]([C:9]([C:8]1([H:18])[H:19])([H:20])[H:21])([H:11])[C:2](=[O:1])[O:3][H:10])([H:12])[H:13])([H:14])[H:15])[H:17],1.0,4.0
15,0.04215238095238096,AM1BCC,AmberTools,,,H,,16,[H:16][C:7]1([C:6]([C:5]([C:4]([C:9]([C:8]1([H:18])[H:19])([H:20])[H:21])([H:11])[C:2](=[O:1])[O:3][H:10])([H:12])[H:13])([H:14])[H:15])[H:17],1.0,4.0
16,0.04215238095238096,AM1BCC,AmberTools,,,H,,17,[H:16][C:7]1([C:6]([C:5]([C:4]([C:9]([C:8]1([H:18])[H:19])([H:20])[H:21])([H:11])[C:2](=[O:1])[O:3][H:10])([H:12])[H:13])([H:14])[H:15])[H:17],1.0,4.0
17,0.044402380952380964,AM1BCC,AmberTools,,,H,,18,[H:16][C:7]1([C:6]([C:5]([C:4]([C:9]([C:8]1([H:18])[H:19])([H:20])[H:21])([H:11])[C:2](=[O:1])[O:3][H:10])([H:12])[H:13])([H:14])[H:15])[H:17],1.0,4.0
18,0.044402380952380964,AM1BCC,AmberTools,,,H,,19,[H:16][C:7]1([C:6]([C:5]([C:4]([C:9]([C:8]1([H:18])[H:19])([H:20])[H:21])([H:11])[C:2](=[O:1])[O:3][H:10])([H:12])[H:13])([H:14])[H:15])[H:17],1.0,4.0
19,0.05515238095238096,AM1BCC,AmberTools,,,H,,20,[H:16][C:7]1([C:6]([C:5]([C:4]([C:9]([C:8]1([H:18])[H:19])([H:20])[H:21])([H:11])[C:2](=[O:1])[O:3][H:10])([H:12])[H:13])([H:14])[H:15])[H:17],1.0,4.0
20,0.05515238095238096,AM1BCC,AmberTools,,,H,,21,[H:16][C:7]1([C:6]([C:5]([C:4]([C:9]([C:8]1([H:18])[H:19])([H:20])[H:21])([H:11])[C:2](=[O:1])[O:3][H:10])([H:12])[H:13])([H:14])[H:15])[H:17],1.0,4.0
0,-0.5512300123061452,AM1BCC,OpenEye,,,O,,1,[H:16][C:7]1([C:6]([C:5]([C:4]([C:9]([C:8]1([H:18])[H:19])([H:20])[H:21])([H:11])[C:2](=[O:1])[O:3][H:10])([H:12])[H:13])([H:14])[H:15])[H:17],1.0,5.0
1,0.6335700164948191,AM1BCC,OpenEye,,,C,,2,[H:16][C:7]1([C:6]([C:5]([C:4]([C:9]([C:8]1([H:18])[H:19])([H:20])[H:21])([H:11])[C:2](=[O:1])[O:3][H:10])([H:12])[H:13])([H:14])[H:15])[H:17],1.0,5.0
2,-0.6029800165976796,AM1BCC,OpenEye,,,O,,3,[H:16][C:7]1([C:6]([C:5]([C:4]([C:9]([C:8]1([H:18])[H:19])([H:20])[H:21])([H:11])[C:2](=[O:1])[O:3][H:10])([H:12])[H:13])([H:14])[H:15])[H:17],1.0,5.0
3,-0.10627999795334679,AM1BCC,OpenEye,,,C,,4,[H:16][C:7]1([C:6]([C:5]([C:4]([C:9]([C:8]1([H:18])[H:19])([H:20])[H:21])([H:11])[C:2](=[O:1])[O:3][H:10])([H:12])[H:13])([H:14])[H:15])[H:17],1.0,5.0
4,-0.07033999902861458,AM1BCC,OpenEye,,,C,,5,[H:16][C:7]1([C:6]([C:5]([C:4]([C:9]([C:8]1([H:18])[H:19])([H:20])[H:21])([H:11])[C:2](=[O:1])[O:3][H:10])([H:12])[H:13])([H:14])[H:15])[H:17],1.0,5.0
5,-0.07653000099318367,AM1BCC,OpenEye,,,C,,6,[H:16][C:7]1([C:6]([C:5]([C:4]([C:9]([C:8]1([H:18])[H:19])([H:20])[H:21])([H:11])[C:2](=[O:1])[O:3][H:10])([H:12])[H:13])([H:14])[H:15])[H:17],1.0,5.0
6,-0.079999997147492,AM1BCC,OpenEye,,,C,,7,[H:16][C:7]1([C:6]([C:5]([C:4]([C:9]([C:8]1([H:18])[H:19])([H:20])[H:21])([H:11])[C:2](=[O:1])[O:3][H:10])([H:12])[H:13])([H:14])[H:15])[H:17],1.0,5.0
7,-0.07653000099318367,AM1BCC,OpenEye,,,C,,8,[H:16][C:7]1([C:6]([C:5]([C:4]([C:9]([C:8]1([H:18])[H:19])([H:20])[H:21])([H:11])[C:2](=[O:1])[O:3][H:10])([H:12])[H:13])([H:14])[H:15])[H:17],1.0,5.0
8,-0.07033999902861458,AM1BCC,OpenEye,,,C,,9,[H:16][C:7]1([C:6]([C:5]([C:4]([C:9]([C:8]1([H:18])[H:19])([H:20])[H:21])([H:11])[C:2](=[O:1])[O:3][H:10])([H:12])[H:13])([H:14])[H:15])[H:17],1.0,5.0
9,0.44242999064070837,AM1BCC,OpenEye,,,H,,10,[H:16][C:7]1([C:6]([C:5]([C:4]([C:9]([C:8]1([H:18])[H:19])([H:20])[H:21])([H:11])[C:2](=[O:1])[O:3][H:10])([H:12])[H:13])([H:14])[H:15])[H:17],1.0,5.0
10,0.08225000011069435,AM1BCC,OpenEye,,,H,,11,[H:16][C:7]1([C:6]([C:5]([C:4]([C:9]([C:8]1([H:18])[H:19])([H:20])[H:21])([H:11])[C:2](=[O:1])[O:3][H:10])([H:12])[H:13])([H:14])[H:15])[H:17],1.0,5.0
11,0.05411000283701079,AM1BCC,OpenEye,,,H,,12,[H:16][C:7]1([C:6]([C:5]([C:4]([C:9]([C:8]1([H:18])[H:19])([H:20])[H:21])([H:11])[C:2](=[O:1])[O:3][H:10])([H:12])[H:13])([H:14])[H:15])[H:17],1.0,5.0
12,0.05411000283701079,AM1BCC,OpenEye,,,H,,13,[H:16][C:7]1([C:6]([C:5]([C:4]([C:9]([C:8]1([H:18])[H:19])([H:20])[H:21])([H:11])[C:2](=[O:1])[O:3][H:10])([H:12])[H:13])([H:14])[H:15])[H:17],1.0,5.0
13,0.04392000021679061,AM1BCC,OpenEye,,,H,,14,[H:16][C:7]1([C:6]([C:5]([C:4]([C:9]([C:8]1([H:18])[H:19])([H:20])[H:21])([H:11])[C:2](=[O:1])[O:3][H:10])([H:12])[H:13])([H:14])[H:15])[H:17],1.0,5.0
14,0.04392000021679061,AM1BCC,OpenEye,,,H,,15,[H:16][C:7]1([C:6]([C:5]([C:4]([C:9]([C:8]1([H:18])[H:19])([H:20])[H:21])([H:11])[C:2](=[O:1])[O:3][H:10])([H:12])[H:13])([H:14])[H:15])[H:17],1.0,5.0
15,0.04193000229341643,AM1BCC,OpenEye,,,H,,16,[H:16][C:7]1([C:6]([C:5]([C:4]([C:9]([C:8]1([H:18])[H:19])([H:20])[H:21])([H:11])[C:2](=[O:1])[O:3][H:10])([H:12])[H:13])([H:14])[H:15])[H:17],1.0,5.0
16,0.04193000229341643,AM1BCC,OpenEye,,,H,,17,[H:16][C:7]1([C:6]([C:5]([C:4]([C:9]([C:8]1([H:18])[H:19])([H:20])[H:21])([H:11])[C:2](=[O:1])[O:3][H:10])([H:12])[H:13])([H:14])[H:15])[H:17],1.0,5.0
17,0.04392000021679061,AM1BCC,OpenEye,,,H,,18,[H:16][C:7]1([C:6]([C:5]([C:4]([C:9]([C:8]1([H:18])[H:19])([H:20])[H:21])([H:11])[C:2](=[O:1])[O:3][H:10])([H:12])[H:13])([H:14])[H:15])[H:17],1.0,5.0
18,0.04392000021679061,AM1BCC,OpenEye,,,H,,19,[H:16][C:7]1([C:6]([C:5]([C:4]([C:9]([C:8]1([H:18])[H:19])([H:20])[H:21])([H:11])[C:2](=[O:1])[O:3][H:10])([H:12])[H:13])([H:14])[H:15])[H:17],1.0,5.0
19,0.05411000283701079,AM1BCC,OpenEye,,,H,,20,[H:16][C:7]1([C:6]([C:5]([C:4]([C:9]([C:8]1([H:18])[H:19])([H:20])[H:21])([H:11])[C:2](=[O:1])[O:3][H:10])([H:12])[H:13])([H:14])[H:15])[H:17],1.0,5.0
20,0.05411000283701079,AM1BCC,OpenEye,,,H,,21,[H:16][C:7]1([C:6]([C:5]([C:4]([C:9]([C:8]1([H:18])[H:19])([H:20])[H:21])([H:11])[C:2](=[O:1])[O:3][H:10])([H:12])[H:13])([H:14])[H:15])[H:17],1.0,5.0
0,-0.5510476190476191,AM1BCC,AmberTools,,,O,,1,[H:16][C:7]1([C:6]([C:5]([C:4]([C:9]([C:8]1([H:18])[H:19])([H:20])[H:21])([H:11])[C:2](=[O:1])[O:3][H:10])([H:12])[H:13])([H:14])[H:15])[H:17],1.0,5.0
1,0.6360523809523809,AM1BCC,AmberTools,,,C,,2,[H:16][C:7]1([C:6]([C:5]([C:4]([C:9]([C:8]1([H:18])[H:19])([H:20])[H:21])([H:11])[C:2](=[O:1])[O:3][H:10])([H:12])[H:13])([H:14])[H:15])[H:17],1.0,5.0
2,-0.610147619047619,AM1BCC,AmberTools,,,O,,3,[H:16][C:7]1([C:6]([C:5]([C:4]([C:9]([C:8]1([H:18])[H:19])([H:20])[H:21])([H:11])[C:2](=[O:1])[O:3][H:10])([H:12])[H:13])([H:14])[H:15])[H:17],1.0,5.0
3,-0.10374761904761905,AM1BCC,AmberTools,,,C,,4,[H:16][C:7]1([C:6]([C:5]([C:4]([C:9]([C:8]1([H:18])[H:19])([H:20])[H:21])([H:11])[C:2](=[O:1])[O:3][H:10])([H:12])[H:13])([H:14])[H:15])[H:17],1.0,5.0
4,-0.07394761904761904,AM1BCC,AmberTools,,,C,,5,[H:16][C:7]1([C:6]([C:5]([C:4]([C:9]([C:8]1([H:18])[H:19])([H:20])[H:21])([H:11])[C:2](=[O:1])[O:3][H:10])([H:12])[H:13])([H:14])[H:15])[H:17],1.0,5.0
5,-0.07544761904761904,AM1BCC,AmberTools,,,C,,6,[H:16][C:7]1([C:6]([C:5]([C:4]([C:9]([C:8]1([H:18])[H:19])([H:20])[H:21])([H:11])[C:2](=[O:1])[O:3][H:10])([H:12])[H:13])([H:14])[H:15])[H:17],1.0,5.0
6,-0.07944761904761904,AM1BCC,AmberTools,,,C,,7,[H:16][C:7]1([C:6]([C:5]([C:4]([C:9]([C:8]1([H:18])[H:19])([H:20])[H:21])([H:11])[C:2](=[O:1])[O:3][H:10])([H:12])[H:13])([H:14])[H:15])[H:17],1.0,5.0
7,-0.07544761904761904,AM1BCC,AmberTools,,,C,,8,[H:16][C:7]1([C:6]([C:5]([C:4]([C:9]([C:8]1([H:18])[H:19])([H:20])[H:21])([H:11])[C:2](=[O:1])[O:3][H:10])([H:12])[H:13])([H:14])[H:15])[H:17],1.0,5.0
8,-0.07394761904761904,AM1BCC,AmberTools,,,C,,9,[H:16][C:7]1([C:6]([C:5]([C:4]([C:9]([C:8]1([H:18])[H:19])([H:20])[H:21])([H:11])[C:2](=[O:1])[O:3][H:10])([H:12])[H:13])([H:14])[H:15])[H:17],1.0,5.0
9,0.441952380952381,AM1BCC,AmberTools,,,H,,10,[H:16][C:7]1([C:6]([C:5]([C:4]([C:9]([C:8]1([H:18])[H:19])([H:20])[H:21])([H:11])[C:2](=[O:1])[O:3][H:10])([H:12])[H:13])([H:14])[H:15])[H:17],1.0,5.0
10,0.08265238095238095,AM1BCC,AmberTools,,,H,,11,[H:16][C:7]1([C:6]([C:5]([C:4]([C:9]([C:8]1([H:18])[H:19])([H:20])[H:21])([H:11])[C:2](=[O:1])[O:3][H:10])([H:12])[H:13])([H:14])[H:15])[H:17],1.0,5.0
11,0.05515238095238096,AM1BCC,AmberTools,,,H,,12,[H:16][C:7]1([C:6]([C:5]([C:4]([C:9]([C:8]1([H:18])[H:19])([H:20])[H:21])([H:11])[C:2](=[O:1])[O:3][H:10])([H:12])[H:13])([H:14])[H:15])[H:17],1.0,5.0
12,0.05515238095238096,AM1BCC,AmberTools,,,H,,13,[H:16][C:7]1([C:6]([C:5]([C:4]([C:9]([C:8]1([H:18])[H:19])([H:20])[H:21])([H:11])[C:2](=[O:1])[O:3][H:10])([H:12])[H:13])([H:14])[H:15])[H:17],1.0,5.0
13,0.044402380952380964,AM1BCC,AmberTools,,,H,,14,[H:16][C:7]1([C:6]([C:5]([C:4]([C:9]([C:8]1([H:18])[H:19])([H:20])[H:21])([H:11])[C:2](=[O:1])[O:3][H:10])([H:12])[H:13])([H:14])[H:15])[H:17],1.0,5.0
14,0.044402380952380964,AM1BCC,AmberTools,,,H,,15,[H:16][C:7]1([C:6]([C:5]([C:4]([C:9]([C:8]1([H:18])[H:19])([H:20])[H:21])([H:11])[C:2](=[O:1])[O:3][H:10])([H:12])[H:13])([H:14])[H:15])[H:17],1.0,5.0
15,0.04215238095238096,AM1BCC,AmberTools,,,H,,16,[H:16][C:7]1([C:6]([C:5]([C:4]([C:9]([C:8]1([H:18])[H:19])([H:20])[H:21])([H:11])[C:2](=[O:1])[O:3][H:10])([H:12])[H:13])([H:14])[H:15])[H:17],1.0,5.0
16,0.04215238095238096,AM1BCC,AmberTools,,,H,,17,[H:16][C:7]1([C:6]([C:5]([C:4]([C:9]([C:8]1([H:18])[H:19])([H:20])[H:21])([H:11])[C:2](=[O:1])[O:3][H:10])([H:12])[H:13])([H:14])[H:15])[H:17],1.0,5.0
17,0.044402380952380964,AM1BCC,AmberTools,,,H,,18,[H:16][C:7]1([C:6]([C:5]([C:4]([C:9]([C:8]1([H:18])[H:19])([H:20])[H:21])([H:11])[C:2](=[O:1])[O:3][H:10])([H:12])[H:13])([H:14])[H:15])[H:17],1.0,5.0
18,0.044402380952380964,AM1BCC,AmberTools,,,H,,19,[H:16][C:7]1([C:6]([C:5]([C:4]([C:9]([C:8]1([H:18])[H:19])([H:20])[H:21])([H:11])[C:2](=[O:1])[O:3][H:10])([H:12])[H:13])([H:14])[H:15])[H:17],1.0,5.0
19,0.05515238095238096,AM1BCC,AmberTools,,,H,,20,[H:16][C:7]1([C:6]([C:5]([C:4]([C:9]([C:8]1([H:18])[H:19])([H:20])[H:21])([H:11])[C:2](=[O:1])[O:3][H:10])([H:12])[H:13])([H:14])[H:15])[H:17],1.0,5.0
20,0.05515238095238096,AM1BCC,AmberTools,,,H,,21,[H:16][C:7]1([C:6]([C:5]([C:4]([C:9]([C:8]1([H:18])[H:19])([H:20])[H:21])([H:11])[C:2](=[O:1])[O:3][H:10])([H:12])[H:13])([H:14])[H:15])[H:17],1.0,5.0
0,-0.5512300123061452,AM1BCC,OpenEye,,,O,,1,[H:16][C:7]1([C:6]([C:5]([C:4]([C:9]([C:8]1([H:18])[H:19])([H:20])[H:21])([H:11])[C:2](=[O:1])[O:3][H:10])([H:12])[H:13])([H:14])[H:15])[H:17],1.0,6.0
1,0.6335700164948191,AM1BCC,OpenEye,,,C,,2,[H:16][C:7]1([C:6]([C:5]([C:4]([C:9]([C:8]1([H:18])[H:19])([H:20])[H:21])([H:11])[C:2](=[O:1])[O:3][H:10])([H:12])[H:13])([H:14])[H:15])[H:17],1.0,6.0
2,-0.6029800165976796,AM1BCC,OpenEye,,,O,,3,[H:16][C:7]1([C:6]([C:5]([C:4]([C:9]([C:8]1([H:18])[H:19])([H:20])[H:21])([H:11])[C:2](=[O:1])[O:3][H:10])([H:12])[H:13])([H:14])[H:15])[H:17],1.0,6.0
3,-0.10627999795334679,AM1BCC,OpenEye,,,C,,4,[H:16][C:7]1([C:6]([C:5]([C:4]([C:9]([C:8]1([H:18])[H:19])([H:20])[H:21])([H:11])[C:2](=[O:1])[O:3][H:10])([H:12])[H:13])([H:14])[H:15])[H:17],1.0,6.0
4,-0.07033999902861458,AM1BCC,OpenEye,,,C,,5,[H:16][C:7]1([C:6]([C:5]([C:4]([C:9]([C:8]1([H:18])[H:19])([H:20])[H:21])([H:11])[C:2](=[O:1])[O:3][H:10])([H:12])[H:13])([H:14])[H:15])[H:17],1.0,6.0
5,-0.07653000099318367,AM1BCC,OpenEye,,,C,,6,[H:16][C:7]1([C:6]([C:5]([C:4]([C:9]([C:8]1([H:18])[H:19])([H:20])[H:21])([H:11])[C:2](=[O:1])[O:3][H:10])([H:12])[H:13])([H:14])[H:15])[H:17],1.0,6.0
6,-0.079999997147492,AM1BCC,OpenEye,,,C,,7,[H:16][C:7]1([C:6]([C:5]([C:4]([C:9]([C:8]1([H:18])[H:19])([H:20])[H:21])([H:11])[C:2](=[O:1])[O:3][H:10])([H:12])[H:13])([H:14])[H:15])[H:17],1.0,6.0
7,-0.07653000099318367,AM1BCC,OpenEye,,,C,,8,[H:16][C:7]1([C:6]([C:5]([C:4]([C:9]([C:8]1([H:18])[H:19])([H:20])[H:21])([H:11])[C:2](=[O:1])[O:3][H:10])([H:12])[H:13])([H:14])[H:15])[H:17],1.0,6.0
8,-0.07033999902861458,AM1BCC,OpenEye,,,C,,9,[H:16][C:7]1([C:6]([C:5]([C:4]([C:9]([C:8]1([H:18])[H:19])([H:20])[H:21])([H:11])[C:2](=[O:1])[O:3][H:10])([H:12])[H:13])([H:14])[H:15])[H:17],1.0,6.0
9,0.44242999064070837,AM1BCC,OpenEye,,,H,,10,[H:16][C:7]1([C:6]([C:5]([C:4]([C:9]([C:8]1([H:18])[H:19])([H:20])[H:21])([H:11])[C:2](=[O:1])[O:3][H:10])([H:12])[H:13])([H:14])[H:15])[H:17],1.0,6.0
10,0.08225000011069435,AM1BCC,OpenEye,,,H,,11,[H:16][C:7]1([C:6]([C:5]([C:4]([C:9]([C:8]1([H:18])[H:19])([H:20])[H:21])([H:11])[C:2](=[O:1])[O:3][H:10])([H:12])[H:13])([H:14])[H:15])[H:17],1.0,6.0
11,0.05411000283701079,AM1BCC,OpenEye,,,H,,12,[H:16][C:7]1([C:6]([C:5]([C:4]([C:9]([C:8]1([H:18])[H:19])([H:20])[H:21])([H:11])[C:2](=[O:1])[O:3][H:10])([H:12])[H:13])([H:14])[H:15])[H:17],1.0,6.0
12,0.05411000283701079,AM1BCC,OpenEye,,,H,,13,[H:16][C:7]1([C:6]([C:5]([C:4]([C:9]([C:8]1([H:18])[H:19])([H:20])[H:21])([H:11])[C:2](=[O:1])[O:3][H:10])([H:12])[H:13])([H:14])[H:15])[H:17],1.0,6.0
13,0.04392000021679061,AM1BCC,OpenEye,,,H,,14,[H:16][C:7]1([C:6]([C:5]([C:4]([C:9]([C:8]1([H:18])[H:19])([H:20])[H:21])([H:11])[C:2](=[O:1])[O:3][H:10])([H:12])[H:13])([H:14])[H:15])[H:17],1.0,6.0
14,0.04392000021679061,AM1BCC,OpenEye,,,H,,15,[H:16][C:7]1([C:6]([C:5]([C:4]([C:9]([C:8]1([H:18])[H:19])([H:20])[H:21])([H:11])[C:2](=[O:1])[O:3][H:10])([H:12])[H:13])([H:14])[H:15])[H:17],1.0,6.0
15,0.04193000229341643,AM1BCC,OpenEye,,,H,,16,[H:16][C:7]1([C:6]([C:5]([C:4]([C:9]([C:8]1([H:18])[H:19])([H:20])[H:21])([H:11])[C:2](=[O:1])[O:3][H:10])([H:12])[H:13])([H:14])[H:15])[H:17],1.0,6.0
16,0.04193000229341643,AM1BCC,OpenEye,,,H,,17,[H:16][C:7]1([C:6]([C:5]([C:4]([C:9]([C:8]1([H:18])[H:19])([H:20])[H:21])([H:11])[C:2](=[O:1])[O:3][H:10])([H:12])[H:13])([H:14])[H:15])[H:17],1.0,6.0
17,0.04392000021679061,AM1BCC,OpenEye,,,H,,18,[H:16][C:7]1([C:6]([C:5]([C:4]([C:9]([C:8]1([H:18])[H:19])([H:20])[H:21])([H:11])[C:2](=[O:1])[O:3][H:10])([H:12])[H:13])([H:14])[H:15])[H:17],1.0,6.0
18,0.04392000021679061,AM1BCC,OpenEye,,,H,,19,[H:16][C:7]1([C:6]([C:5]([C:4]([C:9]([C:8]1([H:18])[H:19])([H:20])[H:21])([H:11])[C:2](=[O:1])[O:3][H:10])([H:12])[H:13])([H:14])[H:15])[H:17],1.0,6.0
19,0.05411000283701079,AM1BCC,OpenEye,,,H,,20,[H:16][C:7]1([C:6]([C:5]([C:4]([C:9]([C:8]1([H:18])[H:19])([H:20])[H:21])([H:11])[C:2](=[O:1])[O:3][H:10])([H:12])[H:13])([H:14])[H:15])[H:17],1.0,6.0
20,0.05411000283701079,AM1BCC,OpenEye,,,H,,21,[H:16][C:7]1([C:6]([C:5]([C:4]([C:9]([C:8]1([H:18])[H:19])([H:20])[H:21])([H:11])[C:2](=[O:1])[O:3][H:10])([H:12])[H:13])([H:14])[H:15])[H:17],1.0,6.0
0,-0.5510476190476191,AM1BCC,AmberTools,,,O,,1,[H:16][C:7]1([C:6]([C:5]([C:4]([C:9]([C:8]1([H:18])[H:19])([H:20])[H:21])([H:11])[C:2](=[O:1])[O:3][H:10])([H:12])[H:13])([H:14])[H:15])[H:17],1.0,6.0
1,0.6360523809523809,AM1BCC,AmberTools,,,C,,2,[H:16][C:7]1([C:6]([C:5]([C:4]([C:9]([C:8]1([H:18])[H:19])([H:20])[H:21])([H:11])[C:2](=[O:1])[O:3][H:10])([H:12])[H:13])([H:14])[H:15])[H:17],1.0,6.0
2,-0.610147619047619,AM1BCC,AmberTools,,,O,,3,[H:16][C:7]1([C:6]([C:5]([C:4]([C:9]([C:8]1([H:18])[H:19])([H:20])[H:21])([H:11])[C:2](=[O:1])[O:3][H:10])([H:12])[H:13])([H:14])[H:15])[H:17],1.0,6.0
3,-0.10374761904761905,AM1BCC,AmberTools,,,C,,4,[H:16][C:7]1([C:6]([C:5]([C:4]([C:9]([C:8]1([H:18])[H:19])([H:20])[H:21])([H:11])[C:2](=[O:1])[O:3][H:10])([H:12])[H:13])([H:14])[H:15])[H:17],1.0,6.0
4,-0.07394761904761904,AM1BCC,AmberTools,,,C,,5,[H:16][C:7]1([C:6]([C:5]([C:4]([C:9]([C:8]1([H:18])[H:19])([H:20])[H:21])([H:11])[C:2](=[O:1])[O:3][H:10])([H:12])[H:13])([H:14])[H:15])[H:17],1.0,6.0
5,-0.07544761904761904,AM1BCC,AmberTools,,,C,,6,[H:16][C:7]1([C:6]([C:5]([C:4]([C:9]([C:8]1([H:18])[H:19])([H:20])[H:21])([H:11])[C:2](=[O:1])[O:3][H:10])([H:12])[H:13])([H:14])[H:15])[H:17],1.0,6.0
6,-0.07944761904761904,AM1BCC,AmberTools,,,C,,7,[H:16][C:7]1([C:6]([C:5]([C:4]([C:9]([C:8]1([H:18])[H:19])([H:20])[H:21])([H:11])[C:2](=[O:1])[O:3][H:10])([H:12])[H:13])([H:14])[H:15])[H:17],1.0,6.0
7,-0.07544761904761904,AM1BCC,AmberTools,,,C,,8,[H:16][C:7]1([C:6]([C:5]([C:4]([C:9]([C:8]1([H:18])[H:19])([H:20])[H:21])([H:11])[C:2](=[O:1])[O:3][H:10])([H:12])[H:13])([H:14])[H:15])[H:17],1.0,6.0
8,-0.07394761904761904,AM1BCC,AmberTools,,,C,,9,[H:16][C:7]1([C:6]([C:5]([C:4]([C:9]([C:8]1([H:18])[H:19])([H:20])[H:21])([H:11])[C:2](=[O:1])[O:3][H:10])([H:12])[H:13])([H:14])[H:15])[H:17],1.0,6.0
9,0.441952380952381,AM1BCC,AmberTools,,,H,,10,[H:16][C:7]1([C:6]([C:5]([C:4]([C:9]([C:8]1([H:18])[H:19])([H:20])[H:21])([H:11])[C:2](=[O:1])[O:3][H:10])([H:12])[H:13])([H:14])[H:15])[H:17],1.0,6.0
10,0.08265238095238095,AM1BCC,AmberTools,,,H,,11,[H:16][C:7]1([C:6]([C:5]([C:4]([C:9]([C:8]1([H:18])[H:19])([H:20])[H:21])([H:11])[C:2](=[O:1])[O:3][H:10])([H:12])[H:13])([H:14])[H:15])[H:17],1.0,6.0
11,0.05515238095238096,AM1BCC,AmberTools,,,H,,12,[H:16][C:7]1([C:6]([C:5]([C:4]([C:9]([C:8]1([H:18])[H:19])([H:20])[H:21])([H:11])[C:2](=[O:1])[O:3][H:10])([H:12])[H:13])([H:14])[H:15])[H:17],1.0,6.0
12,0.05515238095238096,AM1BCC,AmberTools,,,H,,13,[H:16][C:7]1([C:6]([C:5]([C:4]([C:9]([C:8]1([H:18])[H:19])([H:20])[H:21])([H:11])[C:2](=[O:1])[O:3][H:10])([H:12])[H:13])([H:14])[H:15])[H:17],1.0,6.0
13,0.044402380952380964,AM1BCC,AmberTools,,,H,,14,[H:16][C:7]1([C:6]([C:5]([C:4]([C:9]([C:8]1([H:18])[H:19])([H:20])[H:21])([H:11])[C:2](=[O:1])[O:3][H:10])([H:12])[H:13])([H:14])[H:15])[H:17],1.0,6.0
14,0.044402380952380964,AM1BCC,AmberTools,,,H,,15,[H:16][C:7]1([C:6]([C:5]([C:4]([C:9]([C:8]1([H:18])[H:19])([H:20])[H:21])([H:11])[C:2](=[O:1])[O:3][H:10])([H:12])[H:13])([H:14])[H:15])[H:17],1.0,6.0
15,0.04215238095238096,AM1BCC,AmberTools,,,H,,16,[H:16][C:7]1([C:6]([C:5]([C:4]([C:9]([C:8]1([H:18])[H:19])([H:20])[H:21])([H:11])[C:2](=[O:1])[O:3][H:10])([H:12])[H:13])([H:14])[H:15])[H:17],1.0,6.0
16,0.04215238095238096,AM1BCC,AmberTools,,,H,,17,[H:16][C:7]1([C:6]([C:5]([C:4]([C:9]([C:8]1([H:18])[H:19])([H:20])[H:21])([H:11])[C:2](=[O:1])[O:3][H:10])([H:12])[H:13])([H:14])[H:15])[H:17],1.0,6.0
17,0.044402380952380964,AM1BCC,AmberTools,,,H,,18,[H:16][C:7]1([C:6]([C:5]([C:4]([C:9]([C:8]1([H:18])[H:19])([H:20])[H:21])([H:11])[C:2](=[O:1])[O:3][H:10])([H:12])[H:13])([H:14])[H:15])[H:17],1.0,6.0
18,0.044402380952380964,AM1BCC,AmberTools,,,H,,19,[H:16][C:7]1([C:6]([C:5]([C:4]([C:9]([C:8]1([H:18])[H:19])([H:20])[H:21])([H:11])[C:2](=[O:1])[O:3][H:10])([H:12])[H:13])([H:14])[H:15])[H:17],1.0,6.0
19,0.05515238095238096,AM1BCC,AmberTools,,,H,,20,[H:16][C:7]1([C:6]([C:5]([C:4]([C:9]([C:8]1([H:18])[H:19])([H:20])[H:21])([H:11])[C:2](=[O:1])[O:3][H:10])([H:12])[H:13])([H:14])[H:15])[H:17],1.0,6.0
20,0.05515238095238096,AM1BCC,AmberTools,,,H,,21,[H:16][C:7]1([C:6]([C:5]([C:4]([C:9]([C:8]1([H:18])[H:19])([H:20])[H:21])([H:11])[C:2](=[O:1])[O:3][H:10])([H:12])[H:13])([H:14])[H:15])[H:17],1.0,6.0
0,-0.5512300123061452,AM1BCC,OpenEye,,,O,,1,[H:16][C:7]1([C:6]([C:5]([C:4]([C:9]([C:8]1([H:18])[H:19])([H:20])[H:21])([H:11])[C:2](=[O:1])[O:3][H:10])([H:12])[H:13])([H:14])[H:15])[H:17],1.0,7.0
1,0.6335700164948191,AM1BCC,OpenEye,,,C,,2,[H:16][C:7]1([C:6]([C:5]([C:4]([C:9]([C:8]1([H:18])[H:19])([H:20])[H:21])([H:11])[C:2](=[O:1])[O:3][H:10])([H:12])[H:13])([H:14])[H:15])[H:17],1.0,7.0
2,-0.6029800165976796,AM1BCC,OpenEye,,,O,,3,[H:16][C:7]1([C:6]([C:5]([C:4]([C:9]([C:8]1([H:18])[H:19])([H:20])[H:21])([H:11])[C:2](=[O:1])[O:3][H:10])([H:12])[H:13])([H:14])[H:15])[H:17],1.0,7.0
3,-0.10627999795334679,AM1BCC,OpenEye,,,C,,4,[H:16][C:7]1([C:6]([C:5]([C:4]([C:9]([C:8]1([H:18])[H:19])([H:20])[H:21])([H:11])[C:2](=[O:1])[O:3][H:10])([H:12])[H:13])([H:14])[H:15])[H:17],1.0,7.0
4,-0.07033999902861458,AM1BCC,OpenEye,,,C,,5,[H:16][C:7]1([C:6]([C:5]([C:4]([C:9]([C:8]1([H:18])[H:19])([H:20])[H:21])([H:11])[C:2](=[O:1])[O:3][H:10])([H:12])[H:13])([H:14])[H:15])[H:17],1.0,7.0
5,-0.07653000099318367,AM1BCC,OpenEye,,,C,,6,[H:16][C:7]1([C:6]([C:5]([C:4]([C:9]([C:8]1([H:18])[H:19])([H:20])[H:21])([H:11])[C:2](=[O:1])[O:3][H:10])([H:12])[H:13])([H:14])[H:15])[H:17],1.0,7.0
6,-0.079999997147492,AM1BCC,OpenEye,,,C,,7,[H:16][C:7]1([C:6]([C:5]([C:4]([C:9]([C:8]1([H:18])[H:19])([H:20])[H:21])([H:11])[C:2](=[O:1])[O:3][H:10])([H:12])[H:13])([H:14])[H:15])[H:17],1.0,7.0
7,-0.07653000099318367,AM1BCC,OpenEye,,,C,,8,[H:16][C:7]1([C:6]([C:5]([C:4]([C:9]([C:8]1([H:18])[H:19])([H:20])[H:21])([H:11])[C:2](=[O:1])[O:3][H:10])([H:12])[H:13])([H:14])[H:15])[H:17],1.0,7.0
8,-0.07033999902861458,AM1BCC,OpenEye,,,C,,9,[H:16][C:7]1([C:6]([C:5]([C:4]([C:9]([C:8]1([H:18])[H:19])([H:20])[H:21])([H:11])[C:2](=[O:1])[O:3][H:10])([H:12])[H:13])([H:14])[H:15])[H:17],1.0,7.0
9,0.44242999064070837,AM1BCC,OpenEye,,,H,,10,[H:16][C:7]1([C:6]([C:5]([C:4]([C:9]([C:8]1([H:18])[H:19])([H:20])[H:21])([H:11])[C:2](=[O:1])[O:3][H:10])([H:12])[H:13])([H:14])[H:15])[H:17],1.0,7.0
10,0.08225000011069435,AM1BCC,OpenEye,,,H,,11,[H:16][C:7]1([C:6]([C:5]([C:4]([C:9]([C:8]1([H:18])[H:19])([H:20])[H:21])([H:11])[C:2](=[O:1])[O:3][H:10])([H:12])[H:13])([H:14])[H:15])[H:17],1.0,7.0
11,0.05411000283701079,AM1BCC,OpenEye,,,H,,12,[H:16][C:7]1([C:6]([C:5]([C:4]([C:9]([C:8]1([H:18])[H:19])([H:20])[H:21])([H:11])[C:2](=[O:1])[O:3][H:10])([H:12])[H:13])([H:14])[H:15])[H:17],1.0,7.0
12,0.05411000283701079,AM1BCC,OpenEye,,,H,,13,[H:16][C:7]1([C:6]([C:5]([C:4]([C:9]([C:8]1([H:18])[H:19])([H:20])[H:21])([H:11])[C:2](=[O:1])[O:3][H:10])([H:12])[H:13])([H:14])[H:15])[H:17],1.0,7.0
13,0.04392000021679061,AM1BCC,OpenEye,,,H,,14,[H:16][C:7]1([C:6]([C:5]([C:4]([C:9]([C:8]1([H:18])[H:19])([H:20])[H:21])([H:11])[C:2](=[O:1])[O:3][H:10])([H:12])[H:13])([H:14])[H:15])[H:17],1.0,7.0
14,0.04392000021679061,AM1BCC,OpenEye,,,H,,15,[H:16][C:7]1([C:6]([C:5]([C:4]([C:9]([C:8]1([H:18])[H:19])([H:20])[H:21])([H:11])[C:2](=[O:1])[O:3][H:10])([H:12])[H:13])([H:14])[H:15])[H:17],1.0,7.0
15,0.04193000229341643,AM1BCC,OpenEye,,,H,,16,[H:16][C:7]1([C:6]([C:5]([C:4]([C:9]([C:8]1([H:18])[H:19])([H:20])[H:21])([H:11])[C:2](=[O:1])[O:3][H:10])([H:12])[H:13])([H:14])[H:15])[H:17],1.0,7.0
16,0.04193000229341643,AM1BCC,OpenEye,,,H,,17,[H:16][C:7]1([C:6]([C:5]([C:4]([C:9]([C:8]1([H:18])[H:19])([H:20])[H:21])([H:11])[C:2](=[O:1])[O:3][H:10])([H:12])[H:13])([H:14])[H:15])[H:17],1.0,7.0
17,0.04392000021679061,AM1BCC,OpenEye,,,H,,18,[H:16][C:7]1([C:6]([C:5]([C:4]([C:9]([C:8]1([H:18])[H:19])([H:20])[H:21])([H:11])[C:2](=[O:1])[O:3][H:10])([H:12])[H:13])([H:14])[H:15])[H:17],1.0,7.0
18,0.04392000021679061,AM1BCC,OpenEye,,,H,,19,[H:16][C:7]1([C:6]([C:5]([C:4]([C:9]([C:8]1([H:18])[H:19])([H:20])[H:21])([H:11])[C:2](=[O:1])[O:3][H:10])([H:12])[H:13])([H:14])[H:15])[H:17],1.0,7.0
19,0.05411000283701079,AM1BCC,OpenEye,,,H,,20,[H:16][C:7]1([C:6]([C:5]([C:4]([C:9]([C:8]1([H:18])[H:19])([H:20])[H:21])([H:11])[C:2](=[O:1])[O:3][H:10])([H:12])[H:13])([H:14])[H:15])[H:17],1.0,7.0
20,0.05411000283701079,AM1BCC,OpenEye,,,H,,21,[H:16][C:7]1([C:6]([C:5]([C:4]([C:9]([C:8]1([H:18])[H:19])([H:20])[H:21])([H:11])[C:2](=[O:1])[O:3][H:10])([H:12])[H:13])([H:14])[H:15])[H:17],1.0,7.0
0,-0.5510476190476191,AM1BCC,AmberTools,,,O,,1,[H:16][C:7]1([C:6]([C:5]([C:4]([C:9]([C:8]1([H:18])[H:19])([H:20])[H:21])([H:11])[C:2](=[O:1])[O:3][H:10])([H:12])[H:13])([H:14])[H:15])[H:17],1.0,7.0
1,0.6360523809523809,AM1BCC,AmberTools,,,C,,2,[H:16][C:7]1([C:6]([C:5]([C:4]([C:9]([C:8]1([H:18])[H:19])([H:20])[H:21])([H:11])[C:2](=[O:1])[O:3][H:10])([H:12])[H:13])([H:14])[H:15])[H:17],1.0,7.0
2,-0.610147619047619,AM1BCC,AmberTools,,,O,,3,[H:16][C:7]1([C:6]([C:5]([C:4]([C:9]([C:8]1([H:18])[H:19])([H:20])[H:21])([H:11])[C:2](=[O:1])[O:3][H:10])([H:12])[H:13])([H:14])[H:15])[H:17],1.0,7.0
3,-0.10374761904761905,AM1BCC,AmberTools,,,C,,4,[H:16][C:7]1([C:6]([C:5]([C:4]([C:9]([C:8]1([H:18])[H:19])([H:20])[H:21])([H:11])[C:2](=[O:1])[O:3][H:10])([H:12])[H:13])([H:14])[H:15])[H:17],1.0,7.0
4,-0.07394761904761904,AM1BCC,AmberTools,,,C,,5,[H:16][C:7]1([C:6]([C:5]([C:4]([C:9]([C:8]1([H:18])[H:19])([H:20])[H:21])([H:11])[C:2](=[O:1])[O:3][H:10])([H:12])[H:13])([H:14])[H:15])[H:17],1.0,7.0
5,-0.07544761904761904,AM1BCC,AmberTools,,,C,,6,[H:16][C:7]1([C:6]([C:5]([C:4]([C:9]([C:8]1([H:18])[H:19])([H:20])[H:21])([H:11])[C:2](=[O:1])[O:3][H:10])([H:12])[H:13])([H:14])[H:15])[H:17],1.0,7.0
6,-0.07944761904761904,AM1BCC,AmberTools,,,C,,7,[H:16][C:7]1([C:6]([C:5]([C:4]([C:9]([C:8]1([H:18])[H:19])([H:20])[H:21])([H:11])[C:2](=[O:1])[O:3][H:10])([H:12])[H:13])([H:14])[H:15])[H:17],1.0,7.0
7,-0.07544761904761904,AM1BCC,AmberTools,,,C,,8,[H:16][C:7]1([C:6]([C:5]([C:4]([C:9]([C:8]1([H:18])[H:19])([H:20])[H:21])([H:11])[C:2](=[O:1])[O:3][H:10])([H:12])[H:13])([H:14])[H:15])[H:17],1.0,7.0
8,-0.07394761904761904,AM1BCC,AmberTools,,,C,,9,[H:16][C:7]1([C:6]([C:5]([C:4]([C:9]([C:8]1([H:18])[H:19])([H:20])[H:21])([H:11])[C:2](=[O:1])[O:3][H:10])([H:12])[H:13])([H:14])[H:15])[H:17],1.0,7.0
9,0.441952380952381,AM1BCC,AmberTools,,,H,,10,[H:16][C:7]1([C:6]([C:5]([C:4]([C:9]([C:8]1([H:18])[H:19])([H:20])[H:21])([H:11])[C:2](=[O:1])[O:3][H:10])([H:12])[H:13])([H:14])[H:15])[H:17],1.0,7.0
10,0.08265238095238095,AM1BCC,AmberTools,,,H,,11,[H:16][C:7]1([C:6]([C:5]([C:4]([C:9]([C:8]1([H:18])[H:19])([H:20])[H:21])([H:11])[C:2](=[O:1])[O:3][H:10])([H:12])[H:13])([H:14])[H:15])[H:17],1.0,7.0
11,0.05515238095238096,AM1BCC,AmberTools,,,H,,12,[H:16][C:7]1([C:6]([C:5]([C:4]([C:9]([C:8]1([H:18])[H:19])([H:20])[H:21])([H:11])[C:2](=[O:1])[O:3][H:10])([H:12])[H:13])([H:14])[H:15])[H:17],1.0,7.0
12,0.05515238095238096,AM1BCC,AmberTools,,,H,,13,[H:16][C:7]1([C:6]([C:5]([C:4]([C:9]([C:8]1([H:18])[H:19])([H:20])[H:21])([H:11])[C:2](=[O:1])[O:3][H:10])([H:12])[H:13])([H:14])[H:15])[H:17],1.0,7.0
13,0.044402380952380964,AM1BCC,AmberTools,,,H,,14,[H:16][C:7]1([C:6]([C:5]([C:4]([C:9]([C:8]1([H:18])[H:19])([H:20])[H:21])([H:11])[C:2](=[O:1])[O:3][H:10])([H:12])[H:13])([H:14])[H:15])[H:17],1.0,7.0
14,0.044402380952380964,AM1BCC,AmberTools,,,H,,15,[H:16][C:7]1([C:6]([C:5]([C:4]([C:9]([C:8]1([H:18])[H:19])([H:20])[H:21])([H:11])[C:2](=[O:1])[O:3][H:10])([H:12])[H:13])([H:14])[H:15])[H:17],1.0,7.0
15,0.04215238095238096,AM1BCC,AmberTools,,,H,,16,[H:16][C:7]1([C:6]([C:5]([C:4]([C:9]([C:8]1([H:18])[H:19])([H:20])[H:21])([H:11])[C:2](=[O:1])[O:3][H:10])([H:12])[H:13])([H:14])[H:15])[H:17],1.0,7.0
16,0.04215238095238096,AM1BCC,AmberTools,,,H,,17,[H:16][C:7]1([C:6]([C:5]([C:4]([C:9]([C:8]1([H:18])[H:19])([H:20])[H:21])([H:11])[C:2](=[O:1])[O:3][H:10])([H:12])[H:13])([H:14])[H:15])[H:17],1.0,7.0
17,0.044402380952380964,AM1BCC,AmberTools,,,H,,18,[H:16][C:7]1([C:6]([C:5]([C:4]([C:9]([C:8]1([H:18])[H:19])([H:20])[H:21])([H:11])[C:2](=[O:1])[O:3][H:10])([H:12])[H:13])([H:14])[H:15])[H:17],1.0,7.0
18,0.044402380952380964,AM1BCC,AmberTools,,,H,,19,[H:16][C:7]1([C:6]([C:5]([C:4]([C:9]([C:8]1([H:18])[H:19])([H:20])[H:21])([H:11])[C:2](=[O:1])[O:3][H:10])([H:12])[H:13])([H:14])[H:15])[H:17],1.0,7.0
19,0.05515238095238096,AM1BCC,AmberTools,,,H,,20,[H:16][C:7]1([C:6]([C:5]([C:4]([C:9]([C:8]1([H:18])[H:19])([H:20])[H:21])([H:11])[C:2](=[O:1])[O:3][H:10])([H:12])[H:13])([H:14])[H:15])[H:17],1.0,7.0
20,0.05515238095238096,AM1BCC,AmberTools,,,H,,21,[H:16][C:7]1([C:6]([C:5]([C:4]([C:9]([C:8]1([H:18])[H:19])([H:20])[H:21])([H:11])[C:2](=[O:1])[O:3][H:10])([H:12])[H:13])([H:14])[H:15])[H:17],1.0,7.0
0,-0.5512300123061452,AM1BCC,OpenEye,,,O,,1,[H:16][C:7]1([C:6]([C:5]([C:4]([C:9]([C:8]1([H:18])[H:19])([H:20])[H:21])([H:11])[C:2](=[O:1])[O:3][H:10])([H:12])[H:13])([H:14])[H:15])[H:17],1.0,8.0
1,0.6335700164948191,AM1BCC,OpenEye,,,C,,2,[H:16][C:7]1([C:6]([C:5]([C:4]([C:9]([C:8]1([H:18])[H:19])([H:20])[H:21])([H:11])[C:2](=[O:1])[O:3][H:10])([H:12])[H:13])([H:14])[H:15])[H:17],1.0,8.0
2,-0.6029800165976796,AM1BCC,OpenEye,,,O,,3,[H:16][C:7]1([C:6]([C:5]([C:4]([C:9]([C:8]1([H:18])[H:19])([H:20])[H:21])([H:11])[C:2](=[O:1])[O:3][H:10])([H:12])[H:13])([H:14])[H:15])[H:17],1.0,8.0
3,-0.10627999795334679,AM1BCC,OpenEye,,,C,,4,[H:16][C:7]1([C:6]([C:5]([C:4]([C:9]([C:8]1([H:18])[H:19])([H:20])[H:21])([H:11])[C:2](=[O:1])[O:3][H:10])([H:12])[H:13])([H:14])[H:15])[H:17],1.0,8.0
4,-0.07033999902861458,AM1BCC,OpenEye,,,C,,5,[H:16][C:7]1([C:6]([C:5]([C:4]([C:9]([C:8]1([H:18])[H:19])([H:20])[H:21])([H:11])[C:2](=[O:1])[O:3][H:10])([H:12])[H:13])([H:14])[H:15])[H:17],1.0,8.0
5,-0.07653000099318367,AM1BCC,OpenEye,,,C,,6,[H:16][C:7]1([C:6]([C:5]([C:4]([C:9]([C:8]1([H:18])[H:19])([H:20])[H:21])([H:11])[C:2](=[O:1])[O:3][H:10])([H:12])[H:13])([H:14])[H:15])[H:17],1.0,8.0
6,-0.079999997147492,AM1BCC,OpenEye,,,C,,7,[H:16][C:7]1([C:6]([C:5]([C:4]([C:9]([C:8]1([H:18])[H:19])([H:20])[H:21])([H:11])[C:2](=[O:1])[O:3][H:10])([H:12])[H:13])([H:14])[H:15])[H:17],1.0,8.0
7,-0.07653000099318367,AM1BCC,OpenEye,,,C,,8,[H:16][C:7]1([C:6]([C:5]([C:4]([C:9]([C:8]1([H:18])[H:19])([H:20])[H:21])([H:11])[C:2](=[O:1])[O:3][H:10])([H:12])[H:13])([H:14])[H:15])[H:17],1.0,8.0
8,-0.07033999902861458,AM1BCC,OpenEye,,,C,,9,[H:16][C:7]1([C:6]([C:5]([C:4]([C:9]([C:8]1([H:18])[H:19])([H:20])[H:21])([H:11])[C:2](=[O:1])[O:3][H:10])([H:12])[H:13])([H:14])[H:15])[H:17],1.0,8.0
9,0.44242999064070837,AM1BCC,OpenEye,,,H,,10,[H:16][C:7]1([C:6]([C:5]([C:4]([C:9]([C:8]1([H:18])[H:19])([H:20])[H:21])([H:11])[C:2](=[O:1])[O:3][H:10])([H:12])[H:13])([H:14])[H:15])[H:17],1.0,8.0
10,0.08225000011069435,AM1BCC,OpenEye,,,H,,11,[H:16][C:7]1([C:6]([C:5]([C:4]([C:9]([C:8]1([H:18])[H:19])([H:20])[H:21])([H:11])[C:2](=[O:1])[O:3][H:10])([H:12])[H:13])([H:14])[H:15])[H:17],1.0,8.0
11,0.05411000283701079,AM1BCC,OpenEye,,,H,,12,[H:16][C:7]1([C:6]([C:5]([C:4]([C:9]([C:8]1([H:18])[H:19])([H:20])[H:21])([H:11])[C:2](=[O:1])[O:3][H:10])([H:12])[H:13])([H:14])[H:15])[H:17],1.0,8.0
12,0.05411000283701079,AM1BCC,OpenEye,,,H,,13,[H:16][C:7]1([C:6]([C:5]([C:4]([C:9]([C:8]1([H:18])[H:19])([H:20])[H:21])([H:11])[C:2](=[O:1])[O:3][H:10])([H:12])[H:13])([H:14])[H:15])[H:17],1.0,8.0
13,0.04392000021679061,AM1BCC,OpenEye,,,H,,14,[H:16][C:7]1([C:6]([C:5]([C:4]([C:9]([C:8]1([H:18])[H:19])([H:20])[H:21])([H:11])[C:2](=[O:1])[O:3][H:10])([H:12])[H:13])([H:14])[H:15])[H:17],1.0,8.0
14,0.04392000021679061,AM1BCC,OpenEye,,,H,,15,[H:16][C:7]1([C:6]([C:5]([C:4]([C:9]([C:8]1([H:18])[H:19])([H:20])[H:21])([H:11])[C:2](=[O:1])[O:3][H:10])([H:12])[H:13])([H:14])[H:15])[H:17],1.0,8.0
15,0.04193000229341643,AM1BCC,OpenEye,,,H,,16,[H:16][C:7]1([C:6]([C:5]([C:4]([C:9]([C:8]1([H:18])[H:19])([H:20])[H:21])([H:11])[C:2](=[O:1])[O:3][H:10])([H:12])[H:13])([H:14])[H:15])[H:17],1.0,8.0
16,0.04193000229341643,AM1BCC,OpenEye,,,H,,17,[H:16][C:7]1([C:6]([C:5]([C:4]([C:9]([C:8]1([H:18])[H:19])([H:20])[H:21])([H:11])[C:2](=[O:1])[O:3][H:10])([H:12])[H:13])([H:14])[H:15])[H:17],1.0,8.0
17,0.04392000021679061,AM1BCC,OpenEye,,,H,,18,[H:16][C:7]1([C:6]([C:5]([C:4]([C:9]([C:8]1([H:18])[H:19])([H:20])[H:21])([H:11])[C:2](=[O:1])[O:3][H:10])([H:12])[H:13])([H:14])[H:15])[H:17],1.0,8.0
18,0.04392000021679061,AM1BCC,OpenEye,,,H,,19,[H:16][C:7]1([C:6]([C:5]([C:4]([C:9]([C:8]1([H:18])[H:19])([H:20])[H:21])([H:11])[C:2](=[O:1])[O:3][H:10])([H:12])[H:13])([H:14])[H:15])[H:17],1.0,8.0
19,0.05411000283701079,AM1BCC,OpenEye,,,H,,20,[H:16][C:7]1([C:6]([C:5]([C:4]([C:9]([C:8]1([H:18])[H:19])([H:20])[H:21])([H:11])[C:2](=[O:1])[O:3][H:10])([H:12])[H:13])([H:14])[H:15])[H:17],1.0,8.0
20,0.05411000283701079,AM1BCC,OpenEye,,,H,,21,[H:16][C:7]1([C:6]([C:5]([C:4]([C:9]([C:8]1([H:18])[H:19])([H:20])[H:21])([H:11])[C:2](=[O:1])[O:3][H:10])([H:12])[H:13])([H:14])[H:15])[H:17],1.0,8.0
0,-0.5510476190476191,AM1BCC,AmberTools,,,O,,1,[H:16][C:7]1([C:6]([C:5]([C:4]([C:9]([C:8]1([H:18])[H:19])([H:20])[H:21])([H:11])[C:2](=[O:1])[O:3][H:10])([H:12])[H:13])([H:14])[H:15])[H:17],1.0,8.0
1,0.6360523809523809,AM1BCC,AmberTools,,,C,,2,[H:16][C:7]1([C:6]([C:5]([C:4]([C:9]([C:8]1([H:18])[H:19])([H:20])[H:21])([H:11])[C:2](=[O:1])[O:3][H:10])([H:12])[H:13])([H:14])[H:15])[H:17],1.0,8.0
2,-0.610147619047619,AM1BCC,AmberTools,,,O,,3,[H:16][C:7]1([C:6]([C:5]([C:4]([C:9]([C:8]1([H:18])[H:19])([H:20])[H:21])([H:11])[C:2](=[O:1])[O:3][H:10])([H:12])[H:13])([H:14])[H:15])[H:17],1.0,8.0
3,-0.10374761904761905,AM1BCC,AmberTools,,,C,,4,[H:16][C:7]1([C:6]([C:5]([C:4]([C:9]([C:8]1([H:18])[H:19])([H:20])[H:21])([H:11])[C:2](=[O:1])[O:3][H:10])([H:12])[H:13])([H:14])[H:15])[H:17],1.0,8.0
4,-0.07394761904761904,AM1BCC,AmberTools,,,C,,5,[H:16][C:7]1([C:6]([C:5]([C:4]([C:9]([C:8]1([H:18])[H:19])([H:20])[H:21])([H:11])[C:2](=[O:1])[O:3][H:10])([H:12])[H:13])([H:14])[H:15])[H:17],1.0,8.0
5,-0.07544761904761904,AM1BCC,AmberTools,,,C,,6,[H:16][C:7]1([C:6]([C:5]([C:4]([C:9]([C:8]1([H:18])[H:19])([H:20])[H:21])([H:11])[C:2](=[O:1])[O:3][H:10])([H:12])[H:13])([H:14])[H:15])[H:17],1.0,8.0
6,-0.07944761904761904,AM1BCC,AmberTools,,,C,,7,[H:16][C:7]1([C:6]([C:5]([C:4]([C:9]([C:8]1([H:18])[H:19])([H:20])[H:21])([H:11])[C:2](=[O:1])[O:3][H:10])([H:12])[H:13])([H:14])[H:15])[H:17],1.0,8.0
7,-0.07544761904761904,AM1BCC,AmberTools,,,C,,8,[H:16][C:7]1([C:6]([C:5]([C:4]([C:9]([C:8]1([H:18])[H:19])([H:20])[H:21])([H:11])[C:2](=[O:1])[O:3][H:10])([H:12])[H:13])([H:14])[H:15])[H:17],1.0,8.0
8,-0.07394761904761904,AM1BCC,AmberTools,,,C,,9,[H:16][C:7]1([C:6]([C:5]([C:4]([C:9]([C:8]1([H:18])[H:19])([H:20])[H:21])([H:11])[C:2](=[O:1])[O:3][H:10])([H:12])[H:13])([H:14])[H:15])[H:17],1.0,8.0
9,0.441952380952381,AM1BCC,AmberTools,,,H,,10,[H:16][C:7]1([C:6]([C:5]([C:4]([C:9]([C:8]1([H:18])[H:19])([H:20])[H:21])([H:11])[C:2](=[O:1])[O:3][H:10])([H:12])[H:13])([H:14])[H:15])[H:17],1.0,8.0
10,0.08265238095238095,AM1BCC,AmberTools,,,H,,11,[H:16][C:7]1([C:6]([C:5]([C:4]([C:9]([C:8]1([H:18])[H:19])([H:20])[H:21])([H:11])[C:2](=[O:1])[O:3][H:10])([H:12])[H:13])([H:14])[H:15])[H:17],1.0,8.0
11,0.05515238095238096,AM1BCC,AmberTools,,,H,,12,[H:16][C:7]1([C:6]([C:5]([C:4]([C:9]([C:8]1([H:18])[H:19])([H:20])[H:21])([H:11])[C:2](=[O:1])[O:3][H:10])([H:12])[H:13])([H:14])[H:15])[H:17],1.0,8.0
12,0.05515238095238096,AM1BCC,AmberTools,,,H,,13,[H:16][C:7]1([C:6]([C:5]([C:4]([C:9]([C:8]1([H:18])[H:19])([H:20])[H:21])([H:11])[C:2](=[O:1])[O:3][H:10])([H:12])[H:13])([H:14])[H:15])[H:17],1.0,8.0
13,0.044402380952380964,AM1BCC,AmberTools,,,H,,14,[H:16][C:7]1([C:6]([C:5]([C:4]([C:9]([C:8]1([H:18])[H:19])([H:20])[H:21])([H:11])[C:2](=[O:1])[O:3][H:10])([H:12])[H:13])([H:14])[H:15])[H:17],1.0,8.0
14,0.044402380952380964,AM1BCC,AmberTools,,,H,,15,[H:16][C:7]1([C:6]([C:5]([C:4]([C:9]([C:8]1([H:18])[H:19])([H:20])[H:21])([H:11])[C:2](=[O:1])[O:3][H:10])([H:12])[H:13])([H:14])[H:15])[H:17],1.0,8.0
15,0.04215238095238096,AM1BCC,AmberTools,,,H,,16,[H:16][C:7]1([C:6]([C:5]([C:4]([C:9]([C:8]1([H:18])[H:19])([H:20])[H:21])([H:11])[C:2](=[O:1])[O:3][H:10])([H:12])[H:13])([H:14])[H:15])[H:17],1.0,8.0
16,0.04215238095238096,AM1BCC,AmberTools,,,H,,17,[H:16][C:7]1([C:6]([C:5]([C:4]([C:9]([C:8]1([H:18])[H:19])([H:20])[H:21])([H:11])[C:2](=[O:1])[O:3][H:10])([H:12])[H:13])([H:14])[H:15])[H:17],1.0,8.0
17,0.044402380952380964,AM1BCC,AmberTools,,,H,,18,[H:16][C:7]1([C:6]([C:5]([C:4]([C:9]([C:8]1([H:18])[H:19])([H:20])[H:21])([H:11])[C:2](=[O:1])[O:3][H:10])([H:12])[H:13])([H:14])[H:15])[H:17],1.0,8.0
18,0.044402380952380964,AM1BCC,AmberTools,,,H,,19,[H:16][C:7]1([C:6]([C:5]([C:4]([C:9]([C:8]1([H:18])[H:19])([H:20])[H:21])([H:11])[C:2](=[O:1])[O:3][H:10])([H:12])[H:13])([H:14])[H:15])[H:17],1.0,8.0
19,0.05515238095238096,AM1BCC,AmberTools,,,H,,20,[H:16][C:7]1([C:6]([C:5]([C:4]([C:9]([C:8]1([H:18])[H:19])([H:20])[H:21])([H:11])[C:2](=[O:1])[O:3][H:10])([H:12])[H:13])([H:14])[H:15])[H:17],1.0,8.0
20,0.05515238095238096,AM1BCC,AmberTools,,,H,,21,[H:16][C:7]1([C:6]([C:5]([C:4]([C:9]([C:8]1([H:18])[H:19])([H:20])[H:21])([H:11])[C:2](=[O:1])[O:3][H:10])([H:12])[H:13])([H:14])[H:15])[H:17],1.0,8.0
0,-0.5512300123061452,AM1BCC,OpenEye,,,O,,1,[H:16][C:7]1([C:6]([C:5]([C:4]([C:9]([C:8]1([H:18])[H:19])([H:20])[H:21])([H:11])[C:2](=[O:1])[O:3][H:10])([H:12])[H:13])([H:14])[H:15])[H:17],1.0,9.0
1,0.6335700164948191,AM1BCC,OpenEye,,,C,,2,[H:16][C:7]1([C:6]([C:5]([C:4]([C:9]([C:8]1([H:18])[H:19])([H:20])[H:21])([H:11])[C:2](=[O:1])[O:3][H:10])([H:12])[H:13])([H:14])[H:15])[H:17],1.0,9.0
2,-0.6029800165976796,AM1BCC,OpenEye,,,O,,3,[H:16][C:7]1([C:6]([C:5]([C:4]([C:9]([C:8]1([H:18])[H:19])([H:20])[H:21])([H:11])[C:2](=[O:1])[O:3][H:10])([H:12])[H:13])([H:14])[H:15])[H:17],1.0,9.0
3,-0.10627999795334679,AM1BCC,OpenEye,,,C,,4,[H:16][C:7]1([C:6]([C:5]([C:4]([C:9]([C:8]1([H:18])[H:19])([H:20])[H:21])([H:11])[C:2](=[O:1])[O:3][H:10])([H:12])[H:13])([H:14])[H:15])[H:17],1.0,9.0
4,-0.07033999902861458,AM1BCC,OpenEye,,,C,,5,[H:16][C:7]1([C:6]([C:5]([C:4]([C:9]([C:8]1([H:18])[H:19])([H:20])[H:21])([H:11])[C:2](=[O:1])[O:3][H:10])([H:12])[H:13])([H:14])[H:15])[H:17],1.0,9.0
5,-0.07653000099318367,AM1BCC,OpenEye,,,C,,6,[H:16][C:7]1([C:6]([C:5]([C:4]([C:9]([C:8]1([H:18])[H:19])([H:20])[H:21])([H:11])[C:2](=[O:1])[O:3][H:10])([H:12])[H:13])([H:14])[H:15])[H:17],1.0,9.0
6,-0.079999997147492,AM1BCC,OpenEye,,,C,,7,[H:16][C:7]1([C:6]([C:5]([C:4]([C:9]([C:8]1([H:18])[H:19])([H:20])[H:21])([H:11])[C:2](=[O:1])[O:3][H:10])([H:12])[H:13])([H:14])[H:15])[H:17],1.0,9.0
7,-0.07653000099318367,AM1BCC,OpenEye,,,C,,8,[H:16][C:7]1([C:6]([C:5]([C:4]([C:9]([C:8]1([H:18])[H:19])([H:20])[H:21])([H:11])[C:2](=[O:1])[O:3][H:10])([H:12])[H:13])([H:14])[H:15])[H:17],1.0,9.0
8,-0.07033999902861458,AM1BCC,OpenEye,,,C,,9,[H:16][C:7]1([C:6]([C:5]([C:4]([C:9]([C:8]1([H:18])[H:19])([H:20])[H:21])([H:11])[C:2](=[O:1])[O:3][H:10])([H:12])[H:13])([H:14])[H:15])[H:17],1.0,9.0
9,0.44242999064070837,AM1BCC,OpenEye,,,H,,10,[H:16][C:7]1([C:6]([C:5]([C:4]([C:9]([C:8]1([H:18])[H:19])([H:20])[H:21])([H:11])[C:2](=[O:1])[O:3][H:10])([H:12])[H:13])([H:14])[H:15])[H:17],1.0,9.0
10,0.08225000011069435,AM1BCC,OpenEye,,,H,,11,[H:16][C:7]1([C:6]([C:5]([C:4]([C:9]([C:8]1([H:18])[H:19])([H:20])[H:21])([H:11])[C:2](=[O:1])[O:3][H:10])([H:12])[H:13])([H:14])[H:15])[H:17],1.0,9.0
11,0.05411000283701079,AM1BCC,OpenEye,,,H,,12,[H:16][C:7]1([C:6]([C:5]([C:4]([C:9]([C:8]1([H:18])[H:19])([H:20])[H:21])([H:11])[C:2](=[O:1])[O:3][H:10])([H:12])[H:13])([H:14])[H:15])[H:17],1.0,9.0
12,0.05411000283701079,AM1BCC,OpenEye,,,H,,13,[H:16][C:7]1([C:6]([C:5]([C:4]([C:9]([C:8]1([H:18])[H:19])([H:20])[H:21])([H:11])[C:2](=[O:1])[O:3][H:10])([H:12])[H:13])([H:14])[H:15])[H:17],1.0,9.0
13,0.04392000021679061,AM1BCC,OpenEye,,,H,,14,[H:16][C:7]1([C:6]([C:5]([C:4]([C:9]([C:8]1([H:18])[H:19])([H:20])[H:21])([H:11])[C:2](=[O:1])[O:3][H:10])([H:12])[H:13])([H:14])[H:15])[H:17],1.0,9.0
14,0.04392000021679061,AM1BCC,OpenEye,,,H,,15,[H:16][C:7]1([C:6]([C:5]([C:4]([C:9]([C:8]1([H:18])[H:19])([H:20])[H:21])([H:11])[C:2](=[O:1])[O:3][H:10])([H:12])[H:13])([H:14])[H:15])[H:17],1.0,9.0
15,0.04193000229341643,AM1BCC,OpenEye,,,H,,16,[H:16][C:7]1([C:6]([C:5]([C:4]([C:9]([C:8]1([H:18])[H:19])([H:20])[H:21])([H:11])[C:2](=[O:1])[O:3][H:10])([H:12])[H:13])([H:14])[H:15])[H:17],1.0,9.0
16,0.04193000229341643,AM1BCC,OpenEye,,,H,,17,[H:16][C:7]1([C:6]([C:5]([C:4]([C:9]([C:8]1([H:18])[H:19])([H:20])[H:21])([H:11])[C:2](=[O:1])[O:3][H:10])([H:12])[H:13])([H:14])[H:15])[H:17],1.0,9.0
17,0.04392000021679061,AM1BCC,OpenEye,,,H,,18,[H:16][C:7]1([C:6]([C:5]([C:4]([C:9]([C:8]1([H:18])[H:19])([H:20])[H:21])([H:11])[C:2](=[O:1])[O:3][H:10])([H:12])[H:13])([H:14])[H:15])[H:17],1.0,9.0
18,0.04392000021679061,AM1BCC,OpenEye,,,H,,19,[H:16][C:7]1([C:6]([C:5]([C:4]([C:9]([C:8]1([H:18])[H:19])([H:20])[H:21])([H:11])[C:2](=[O:1])[O:3][H:10])([H:12])[H:13])([H:14])[H:15])[H:17],1.0,9.0
19,0.05411000283701079,AM1BCC,OpenEye,,,H,,20,[H:16][C:7]1([C:6]([C:5]([C:4]([C:9]([C:8]1([H:18])[H:19])([H:20])[H:21])([H:11])[C:2](=[O:1])[O:3][H:10])([H:12])[H:13])([H:14])[H:15])[H:17],1.0,9.0
20,0.05411000283701079,AM1BCC,OpenEye,,,H,,21,[H:16][C:7]1([C:6]([C:5]([C:4]([C:9]([C:8]1([H:18])[H:19])([H:20])[H:21])([H:11])[C:2](=[O:1])[O:3][H:10])([H:12])[H:13])([H:14])[H:15])[H:17],1.0,9.0
0,-0.5510476190476191,AM1BCC,AmberTools,,,O,,1,[H:16][C:7]1([C:6]([C:5]([C:4]([C:9]([C:8]1([H:18])[H:19])([H:20])[H:21])([H:11])[C:2](=[O:1])[O:3][H:10])([H:12])[H:13])([H:14])[H:15])[H:17],1.0,9.0
1,0.6360523809523809,AM1BCC,AmberTools,,,C,,2,[H:16][C:7]1([C:6]([C:5]([C:4]([C:9]([C:8]1([H:18])[H:19])([H:20])[H:21])([H:11])[C:2](=[O:1])[O:3][H:10])([H:12])[H:13])([H:14])[H:15])[H:17],1.0,9.0
2,-0.610147619047619,AM1BCC,AmberTools,,,O,,3,[H:16][C:7]1([C:6]([C:5]([C:4]([C:9]([C:8]1([H:18])[H:19])([H:20])[H:21])([H:11])[C:2](=[O:1])[O:3][H:10])([H:12])[H:13])([H:14])[H:15])[H:17],1.0,9.0
3,-0.10374761904761905,AM1BCC,AmberTools,,,C,,4,[H:16][C:7]1([C:6]([C:5]([C:4]([C:9]([C:8]1([H:18])[H:19])([H:20])[H:21])([H:11])[C:2](=[O:1])[O:3][H:10])([H:12])[H:13])([H:14])[H:15])[H:17],1.0,9.0
4,-0.07394761904761904,AM1BCC,AmberTools,,,C,,5,[H:16][C:7]1([C:6]([C:5]([C:4]([C:9]([C:8]1([H:18])[H:19])([H:20])[H:21])([H:11])[C:2](=[O:1])[O:3][H:10])([H:12])[H:13])([H:14])[H:15])[H:17],1.0,9.0
5,-0.07544761904761904,AM1BCC,AmberTools,,,C,,6,[H:16][C:7]1([C:6]([C:5]([C:4]([C:9]([C:8]1([H:18])[H:19])([H:20])[H:21])([H:11])[C:2](=[O:1])[O:3][H:10])([H:12])[H:13])([H:14])[H:15])[H:17],1.0,9.0
6,-0.07944761904761904,AM1BCC,AmberTools,,,C,,7,[H:16][C:7]1([C:6]([C:5]([C:4]([C:9]([C:8]1([H:18])[H:19])([H:20])[H:21])([H:11])[C:2](=[O:1])[O:3][H:10])([H:12])[H:13])([H:14])[H:15])[H:17],1.0,9.0
7,-0.07544761904761904,AM1BCC,AmberTools,,,C,,8,[H:16][C:7]1([C:6]([C:5]([C:4]([C:9]([C:8]1([H:18])[H:19])([H:20])[H:21])([H:11])[C:2](=[O:1])[O:3][H:10])([H:12])[H:13])([H:14])[H:15])[H:17],1.0,9.0
8,-0.07394761904761904,AM1BCC,AmberTools,,,C,,9,[H:16][C:7]1([C:6]([C:5]([C:4]([C:9]([C:8]1([H:18])[H:19])([H:20])[H:21])([H:11])[C:2](=[O:1])[O:3][H:10])([H:12])[H:13])([H:14])[H:15])[H:17],1.0,9.0
9,0.441952380952381,AM1BCC,AmberTools,,,H,,10,[H:16][C:7]1([C:6]([C:5]([C:4]([C:9]([C:8]1([H:18])[H:19])([H:20])[H:21])([H:11])[C:2](=[O:1])[O:3][H:10])([H:12])[H:13])([H:14])[H:15])[H:17],1.0,9.0
10,0.08265238095238095,AM1BCC,AmberTools,,,H,,11,[H:16][C:7]1([C:6]([C:5]([C:4]([C:9]([C:8]1([H:18])[H:19])([H:20])[H:21])([H:11])[C:2](=[O:1])[O:3][H:10])([H:12])[H:13])([H:14])[H:15])[H:17],1.0,9.0
11,0.05515238095238096,AM1BCC,AmberTools,,,H,,12,[H:16][C:7]1([C:6]([C:5]([C:4]([C:9]([C:8]1([H:18])[H:19])([H:20])[H:21])([H:11])[C:2](=[O:1])[O:3][H:10])([H:12])[H:13])([H:14])[H:15])[H:17],1.0,9.0
12,0.05515238095238096,AM1BCC,AmberTools,,,H,,13,[H:16][C:7]1([C:6]([C:5]([C:4]([C:9]([C:8]1([H:18])[H:19])([H:20])[H:21])([H:11])[C:2](=[O:1])[O:3][H:10])([H:12])[H:13])([H:14])[H:15])[H:17],1.0,9.0
13,0.044402380952380964,AM1BCC,AmberTools,,,H,,14,[H:16][C:7]1([C:6]([C:5]([C:4]([C:9]([C:8]1([H:18])[H:19])([H:20])[H:21])([H:11])[C:2](=[O:1])[O:3][H:10])([H:12])[H:13])([H:14])[H:15])[H:17],1.0,9.0
14,0.044402380952380964,AM1BCC,AmberTools,,,H,,15,[H:16][C:7]1([C:6]([C:5]([C:4]([C:9]([C:8]1([H:18])[H:19])([H:20])[H:21])([H:11])[C:2](=[O:1])[O:3][H:10])([H:12])[H:13])([H:14])[H:15])[H:17],1.0,9.0
15,0.04215238095238096,AM1BCC,AmberTools,,,H,,16,[H:16][C:7]1([C:6]([C:5]([C:4]([C:9]([C:8]1([H:18])[H:19])([H:20])[H:21])([H:11])[C:2](=[O:1])[O:3][H:10])([H:12])[H:13])([H:14])[H:15])[H:17],1.0,9.0
16,0.04215238095238096,AM1BCC,AmberTools,,,H,,17,[H:16][C:7]1([C:6]([C:5]([C:4]([C:9]([C:8]1([H:18])[H:19])([H:20])[H:21])([H:11])[C:2](=[O:1])[O:3][H:10])([H:12])[H:13])([H:14])[H:15])[H:17],1.0,9.0
17,0.044402380952380964,AM1BCC,AmberTools,,,H,,18,[H:16][C:7]1([C:6]([C:5]([C:4]([C:9]([C:8]1([H:18])[H:19])([H:20])[H:21])([H:11])[C:2](=[O:1])[O:3][H:10])([H:12])[H:13])([H:14])[H:15])[H:17],1.0,9.0
18,0.044402380952380964,AM1BCC,AmberTools,,,H,,19,[H:16][C:7]1([C:6]([C:5]([C:4]([C:9]([C:8]1([H:18])[H:19])([H:20])[H:21])([H:11])[C:2](=[O:1])[O:3][H:10])([H:12])[H:13])([H:14])[H:15])[H:17],1.0,9.0
19,0.05515238095238096,AM1BCC,AmberTools,,,H,,20,[H:16][C:7]1([C:6]([C:5]([C:4]([C:9]([C:8]1([H:18])[H:19])([H:20])[H:21])([H:11])[C:2](=[O:1])[O:3][H:10])([H:12])[H:13])([H:14])[H:15])[H:17],1.0,9.0
20,0.05515238095238096,AM1BCC,AmberTools,,,H,,21,[H:16][C:7]1([C:6]([C:5]([C:4]([C:9]([C:8]1([H:18])[H:19])([H:20])[H:21])([H:11])[C:2](=[O:1])[O:3][H:10])([H:12])[H:13])([H:14])[H:15])[H:17],1.0,9.0
0,-0.5512300123061452,AM1BCC,OpenEye,,,O,,1,[H:16][C:7]1([C:6]([C:5]([C:4]([C:9]([C:8]1([H:18])[H:19])([H:20])[H:21])([H:11])[C:2](=[O:1])[O:3][H:10])([H:12])[H:13])([H:14])[H:15])[H:17],1.0,10.0
1,0.6335700164948191,AM1BCC,OpenEye,,,C,,2,[H:16][C:7]1([C:6]([C:5]([C:4]([C:9]([C:8]1([H:18])[H:19])([H:20])[H:21])([H:11])[C:2](=[O:1])[O:3][H:10])([H:12])[H:13])([H:14])[H:15])[H:17],1.0,10.0
2,-0.6029800165976796,AM1BCC,OpenEye,,,O,,3,[H:16][C:7]1([C:6]([C:5]([C:4]([C:9]([C:8]1([H:18])[H:19])([H:20])[H:21])([H:11])[C:2](=[O:1])[O:3][H:10])([H:12])[H:13])([H:14])[H:15])[H:17],1.0,10.0
3,-0.10627999795334679,AM1BCC,OpenEye,,,C,,4,[H:16][C:7]1([C:6]([C:5]([C:4]([C:9]([C:8]1([H:18])[H:19])([H:20])[H:21])([H:11])[C:2](=[O:1])[O:3][H:10])([H:12])[H:13])([H:14])[H:15])[H:17],1.0,10.0
4,-0.07033999902861458,AM1BCC,OpenEye,,,C,,5,[H:16][C:7]1([C:6]([C:5]([C:4]([C:9]([C:8]1([H:18])[H:19])([H:20])[H:21])([H:11])[C:2](=[O:1])[O:3][H:10])([H:12])[H:13])([H:14])[H:15])[H:17],1.0,10.0
5,-0.07653000099318367,AM1BCC,OpenEye,,,C,,6,[H:16][C:7]1([C:6]([C:5]([C:4]([C:9]([C:8]1([H:18])[H:19])([H:20])[H:21])([H:11])[C:2](=[O:1])[O:3][H:10])([H:12])[H:13])([H:14])[H:15])[H:17],1.0,10.0
6,-0.079999997147492,AM1BCC,OpenEye,,,C,,7,[H:16][C:7]1([C:6]([C:5]([C:4]([C:9]([C:8]1([H:18])[H:19])([H:20])[H:21])([H:11])[C:2](=[O:1])[O:3][H:10])([H:12])[H:13])([H:14])[H:15])[H:17],1.0,10.0
7,-0.07653000099318367,AM1BCC,OpenEye,,,C,,8,[H:16][C:7]1([C:6]([C:5]([C:4]([C:9]([C:8]1([H:18])[H:19])([H:20])[H:21])([H:11])[C:2](=[O:1])[O:3][H:10])([H:12])[H:13])([H:14])[H:15])[H:17],1.0,10.0
8,-0.07033999902861458,AM1BCC,OpenEye,,,C,,9,[H:16][C:7]1([C:6]([C:5]([C:4]([C:9]([C:8]1([H:18])[H:19])([H:20])[H:21])([H:11])[C:2](=[O:1])[O:3][H:10])([H:12])[H:13])([H:14])[H:15])[H:17],1.0,10.0
9,0.44242999064070837,AM1BCC,OpenEye,,,H,,10,[H:16][C:7]1([C:6]([C:5]([C:4]([C:9]([C:8]1([H:18])[H:19])([H:20])[H:21])([H:11])[C:2](=[O:1])[O:3][H:10])([H:12])[H:13])([H:14])[H:15])[H:17],1.0,10.0
10,0.08225000011069435,AM1BCC,OpenEye,,,H,,11,[H:16][C:7]1([C:6]([C:5]([C:4]([C:9]([C:8]1([H:18])[H:19])([H:20])[H:21])([H:11])[C:2](=[O:1])[O:3][H:10])([H:12])[H:13])([H:14])[H:15])[H:17],1.0,10.0
11,0.05411000283701079,AM1BCC,OpenEye,,,H,,12,[H:16][C:7]1([C:6]([C:5]([C:4]([C:9]([C:8]1([H:18])[H:19])([H:20])[H:21])([H:11])[C:2](=[O:1])[O:3][H:10])([H:12])[H:13])([H:14])[H:15])[H:17],1.0,10.0
12,0.05411000283701079,AM1BCC,OpenEye,,,H,,13,[H:16][C:7]1([C:6]([C:5]([C:4]([C:9]([C:8]1([H:18])[H:19])([H:20])[H:21])([H:11])[C:2](=[O:1])[O:3][H:10])([H:12])[H:13])([H:14])[H:15])[H:17],1.0,10.0
13,0.04392000021679061,AM1BCC,OpenEye,,,H,,14,[H:16][C:7]1([C:6]([C:5]([C:4]([C:9]([C:8]1([H:18])[H:19])([H:20])[H:21])([H:11])[C:2](=[O:1])[O:3][H:10])([H:12])[H:13])([H:14])[H:15])[H:17],1.0,10.0
14,0.04392000021679061,AM1BCC,OpenEye,,,H,,15,[H:16][C:7]1([C:6]([C:5]([C:4]([C:9]([C:8]1([H:18])[H:19])([H:20])[H:21])([H:11])[C:2](=[O:1])[O:3][H:10])([H:12])[H:13])([H:14])[H:15])[H:17],1.0,10.0
15,0.04193000229341643,AM1BCC,OpenEye,,,H,,16,[H:16][C:7]1([C:6]([C:5]([C:4]([C:9]([C:8]1([H:18])[H:19])([H:20])[H:21])([H:11])[C:2](=[O:1])[O:3][H:10])([H:12])[H:13])([H:14])[H:15])[H:17],1.0,10.0
16,0.04193000229341643,AM1BCC,OpenEye,,,H,,17,[H:16][C:7]1([C:6]([C:5]([C:4]([C:9]([C:8]1([H:18])[H:19])([H:20])[H:21])([H:11])[C:2](=[O:1])[O:3][H:10])([H:12])[H:13])([H:14])[H:15])[H:17],1.0,10.0
17,0.04392000021679061,AM1BCC,OpenEye,,,H,,18,[H:16][C:7]1([C:6]([C:5]([C:4]([C:9]([C:8]1([H:18])[H:19])([H:20])[H:21])([H:11])[C:2](=[O:1])[O:3][H:10])([H:12])[H:13])([H:14])[H:15])[H:17],1.0,10.0
18,0.04392000021679061,AM1BCC,OpenEye,,,H,,19,[H:16][C:7]1([C:6]([C:5]([C:4]([C:9]([C:8]1([H:18])[H:19])([H:20])[H:21])([H:11])[C:2](=[O:1])[O:3][H:10])([H:12])[H:13])([H:14])[H:15])[H:17],1.0,10.0
19,0.05411000283701079,AM1BCC,OpenEye,,,H,,20,[H:16][C:7]1([C:6]([C:5]([C:4]([C:9]([C:8]1([H:18])[H:19])([H:20])[H:21])([H:11])[C:2](=[O:1])[O:3][H:10])([H:12])[H:13])([H:14])[H:15])[H:17],1.0,10.0
20,0.05411000283701079,AM1BCC,OpenEye,,,H,,21,[H:16][C:7]1([C:6]([C:5]([C:4]([C:9]([C:8]1([H:18])[H:19])([H:20])[H:21])([H:11])[C:2](=[O:1])[O:3][H:10])([H:12])[H:13])([H:14])[H:15])[H:17],1.0,10.0
0,-0.5510476190476191,AM1BCC,AmberTools,,,O,,1,[H:16][C:7]1([C:6]([C:5]([C:4]([C:9]([C:8]1([H:18])[H:19])([H:20])[H:21])([H:11])[C:2](=[O:1])[O:3][H:10])([H:12])[H:13])([H:14])[H:15])[H:17],1.0,10.0
1,0.6360523809523809,AM1BCC,AmberTools,,,C,,2,[H:16][C:7]1([C:6]([C:5]([C:4]([C:9]([C:8]1([H:18])[H:19])([H:20])[H:21])([H:11])[C:2](=[O:1])[O:3][H:10])([H:12])[H:13])([H:14])[H:15])[H:17],1.0,10.0
2,-0.610147619047619,AM1BCC,AmberTools,,,O,,3,[H:16][C:7]1([C:6]([C:5]([C:4]([C:9]([C:8]1([H:18])[H:19])([H:20])[H:21])([H:11])[C:2](=[O:1])[O:3][H:10])([H:12])[H:13])([H:14])[H:15])[H:17],1.0,10.0
3,-0.10374761904761905,AM1BCC,AmberTools,,,C,,4,[H:16][C:7]1([C:6]([C:5]([C:4]([C:9]([C:8]1([H:18])[H:19])([H:20])[H:21])([H:11])[C:2](=[O:1])[O:3][H:10])([H:12])[H:13])([H:14])[H:15])[H:17],1.0,10.0
4,-0.07394761904761904,AM1BCC,AmberTools,,,C,,5,[H:16][C:7]1([C:6]([C:5]([C:4]([C:9]([C:8]1([H:18])[H:19])([H:20])[H:21])([H:11])[C:2](=[O:1])[O:3][H:10])([H:12])[H:13])([H:14])[H:15])[H:17],1.0,10.0
5,-0.07544761904761904,AM1BCC,AmberTools,,,C,,6,[H:16][C:7]1([C:6]([C:5]([C:4]([C:9]([C:8]1([H:18])[H:19])([H:20])[H:21])([H:11])[C:2](=[O:1])[O:3][H:10])([H:12])[H:13])([H:14])[H:15])[H:17],1.0,10.0
6,-0.07944761904761904,AM1BCC,AmberTools,,,C,,7,[H:16][C:7]1([C:6]([C:5]([C:4]([C:9]([C:8]1([H:18])[H:19])([H:20])[H:21])([H:11])[C:2](=[O:1])[O:3][H:10])([H:12])[H:13])([H:14])[H:15])[H:17],1.0,10.0
7,-0.07544761904761904,AM1BCC,AmberTools,,,C,,8,[H:16][C:7]1([C:6]([C:5]([C:4]([C:9]([C:8]1([H:18])[H:19])([H:20])[H:21])([H:11])[C:2](=[O:1])[O:3][H:10])([H:12])[H:13])([H:14])[H:15])[H:17],1.0,10.0
8,-0.07394761904761904,AM1BCC,AmberTools,,,C,,9,[H:16][C:7]1([C:6]([C:5]([C:4]([C:9]([C:8]1([H:18])[H:19])([H:20])[H:21])([H:11])[C:2](=[O:1])[O:3][H:10])([H:12])[H:13])([H:14])[H:15])[H:17],1.0,10.0
9,0.441952380952381,AM1BCC,AmberTools,,,H,,10,[H:16][C:7]1([C:6]([C:5]([C:4]([C:9]([C:8]1([H:18])[H:19])([H:20])[H:21])([H:11])[C:2](=[O:1])[O:3][H:10])([H:12])[H:13])([H:14])[H:15])[H:17],1.0,10.0
10,0.08265238095238095,AM1BCC,AmberTools,,,H,,11,[H:16][C:7]1([C:6]([C:5]([C:4]([C:9]([C:8]1([H:18])[H:19])([H:20])[H:21])([H:11])[C:2](=[O:1])[O:3][H:10])([H:12])[H:13])([H:14])[H:15])[H:17],1.0,10.0
11,0.05515238095238096,AM1BCC,AmberTools,,,H,,12,[H:16][C:7]1([C:6]([C:5]([C:4]([C:9]([C:8]1([H:18])[H:19])([H:20])[H:21])([H:11])[C:2](=[O:1])[O:3][H:10])([H:12])[H:13])([H:14])[H:15])[H:17],1.0,10.0
12,0.05515238095238096,AM1BCC,AmberTools,,,H,,13,[H:16][C:7]1([C:6]([C:5]([C:4]([C:9]([C:8]1([H:18])[H:19])([H:20])[H:21])([H:11])[C:2](=[O:1])[O:3][H:10])([H:12])[H:13])([H:14])[H:15])[H:17],1.0,10.0
13,0.044402380952380964,AM1BCC,AmberTools,,,H,,14,[H:16][C:7]1([C:6]([C:5]([C:4]([C:9]([C:8]1([H:18])[H:19])([H:20])[H:21])([H:11])[C:2](=[O:1])[O:3][H:10])([H:12])[H:13])([H:14])[H:15])[H:17],1.0,10.0
14,0.044402380952380964,AM1BCC,AmberTools,,,H,,15,[H:16][C:7]1([C:6]([C:5]([C:4]([C:9]([C:8]1([H:18])[H:19])([H:20])[H:21])([H:11])[C:2](=[O:1])[O:3][H:10])([H:12])[H:13])([H:14])[H:15])[H:17],1.0,10.0
15,0.04215238095238096,AM1BCC,AmberTools,,,H,,16,[H:16][C:7]1([C:6]([C:5]([C:4]([C:9]([C:8]1([H:18])[H:19])([H:20])[H:21])([H:11])[C:2](=[O:1])[O:3][H:10])([H:12])[H:13])([H:14])[H:15])[H:17],1.0,10.0
16,0.04215238095238096,AM1BCC,AmberTools,,,H,,17,[H:16][C:7]1([C:6]([C:5]([C:4]([C:9]([C:8]1([H:18])[H:19])([H:20])[H:21])([H:11])[C:2](=[O:1])[O:3][H:10])([H:12])[H:13])([H:14])[H:15])[H:17],1.0,10.0
17,0.044402380952380964,AM1BCC,AmberTools,,,H,,18,[H:16][C:7]1([C:6]([C:5]([C:4]([C:9]([C:8]1([H:18])[H:19])([H:20])[H:21])([H:11])[C:2](=[O:1])[O:3][H:10])([H:12])[H:13])([H:14])[H:15])[H:17],1.0,10.0
18,0.044402380952380964,AM1BCC,AmberTools,,,H,,19,[H:16][C:7]1([C:6]([C:5]([C:4]([C:9]([C:8]1([H:18])[H:19])([H:20])[H:21])([H:11])[C:2](=[O:1])[O:3][H:10])([H:12])[H:13])([H:14])[H:15])[H:17],1.0,10.0
19,0.05515238095238096,AM1BCC,AmberTools,,,H,,20,[H:16][C:7]1([C:6]([C:5]([C:4]([C:9]([C:8]1([H:18])[H:19])([H:20])[H:21])([H:11])[C:2](=[O:1])[O:3][H:10])([H:12])[H:13])([H:14])[H:15])[H:17],1.0,10.0
20,0.05515238095238096,AM1BCC,AmberTools,,,H,,21,[H:16][C:7]1([C:6]([C:5]([C:4]([C:9]([C:8]1([H:18])[H:19])([H:20])[H:21])([H:11])[C:2](=[O:1])[O:3][H:10])([H:12])[H:13])([H:14])[H:15])[H:17],1.0,10.0
0,-0.5512300123061452,AM1BCC,OpenEye,,,O,,1,[H:16][C:7]1([C:6]([C:5]([C:4]([C:9]([C:8]1([H:18])[H:19])([H:20])[H:21])([H:11])[C:2](=[O:1])[O:3][H:10])([H:12])[H:13])([H:14])[H:15])[H:17],1.0,11.0
1,0.6335700164948191,AM1BCC,OpenEye,,,C,,2,[H:16][C:7]1([C:6]([C:5]([C:4]([C:9]([C:8]1([H:18])[H:19])([H:20])[H:21])([H:11])[C:2](=[O:1])[O:3][H:10])([H:12])[H:13])([H:14])[H:15])[H:17],1.0,11.0
2,-0.6029800165976796,AM1BCC,OpenEye,,,O,,3,[H:16][C:7]1([C:6]([C:5]([C:4]([C:9]([C:8]1([H:18])[H:19])([H:20])[H:21])([H:11])[C:2](=[O:1])[O:3][H:10])([H:12])[H:13])([H:14])[H:15])[H:17],1.0,11.0
3,-0.10627999795334679,AM1BCC,OpenEye,,,C,,4,[H:16][C:7]1([C:6]([C:5]([C:4]([C:9]([C:8]1([H:18])[H:19])([H:20])[H:21])([H:11])[C:2](=[O:1])[O:3][H:10])([H:12])[H:13])([H:14])[H:15])[H:17],1.0,11.0
4,-0.07033999902861458,AM1BCC,OpenEye,,,C,,5,[H:16][C:7]1([C:6]([C:5]([C:4]([C:9]([C:8]1([H:18])[H:19])([H:20])[H:21])([H:11])[C:2](=[O:1])[O:3][H:10])([H:12])[H:13])([H:14])[H:15])[H:17],1.0,11.0
5,-0.07653000099318367,AM1BCC,OpenEye,,,C,,6,[H:16][C:7]1([C:6]([C:5]([C:4]([C:9]([C:8]1([H:18])[H:19])([H:20])[H:21])([H:11])[C:2](=[O:1])[O:3][H:10])([H:12])[H:13])([H:14])[H:15])[H:17],1.0,11.0
6,-0.079999997147492,AM1BCC,OpenEye,,,C,,7,[H:16][C:7]1([C:6]([C:5]([C:4]([C:9]([C:8]1([H:18])[H:19])([H:20])[H:21])([H:11])[C:2](=[O:1])[O:3][H:10])([H:12])[H:13])([H:14])[H:15])[H:17],1.0,11.0
7,-0.07653000099318367,AM1BCC,OpenEye,,,C,,8,[H:16][C:7]1([C:6]([C:5]([C:4]([C:9]([C:8]1([H:18])[H:19])([H:20])[H:21])([H:11])[C:2](=[O:1])[O:3][H:10])([H:12])[H:13])([H:14])[H:15])[H:17],1.0,11.0
8,-0.07033999902861458,AM1BCC,OpenEye,,,C,,9,[H:16][C:7]1([C:6]([C:5]([C:4]([C:9]([C:8]1([H:18])[H:19])([H:20])[H:21])([H:11])[C:2](=[O:1])[O:3][H:10])([H:12])[H:13])([H:14])[H:15])[H:17],1.0,11.0
9,0.44242999064070837,AM1BCC,OpenEye,,,H,,10,[H:16][C:7]1([C:6]([C:5]([C:4]([C:9]([C:8]1([H:18])[H:19])([H:20])[H:21])([H:11])[C:2](=[O:1])[O:3][H:10])([H:12])[H:13])([H:14])[H:15])[H:17],1.0,11.0
10,0.08225000011069435,AM1BCC,OpenEye,,,H,,11,[H:16][C:7]1([C:6]([C:5]([C:4]([C:9]([C:8]1([H:18])[H:19])([H:20])[H:21])([H:11])[C:2](=[O:1])[O:3][H:10])([H:12])[H:13])([H:14])[H:15])[H:17],1.0,11.0
11,0.05411000283701079,AM1BCC,OpenEye,,,H,,12,[H:16][C:7]1([C:6]([C:5]([C:4]([C:9]([C:8]1([H:18])[H:19])([H:20])[H:21])([H:11])[C:2](=[O:1])[O:3][H:10])([H:12])[H:13])([H:14])[H:15])[H:17],1.0,11.0
12,0.05411000283701079,AM1BCC,OpenEye,,,H,,13,[H:16][C:7]1([C:6]([C:5]([C:4]([C:9]([C:8]1([H:18])[H:19])([H:20])[H:21])([H:11])[C:2](=[O:1])[O:3][H:10])([H:12])[H:13])([H:14])[H:15])[H:17],1.0,11.0
13,0.04392000021679061,AM1BCC,OpenEye,,,H,,14,[H:16][C:7]1([C:6]([C:5]([C:4]([C:9]([C:8]1([H:18])[H:19])([H:20])[H:21])([H:11])[C:2](=[O:1])[O:3][H:10])([H:12])[H:13])([H:14])[H:15])[H:17],1.0,11.0
14,0.04392000021679061,AM1BCC,OpenEye,,,H,,15,[H:16][C:7]1([C:6]([C:5]([C:4]([C:9]([C:8]1([H:18])[H:19])([H:20])[H:21])([H:11])[C:2](=[O:1])[O:3][H:10])([H:12])[H:13])([H:14])[H:15])[H:17],1.0,11.0
15,0.04193000229341643,AM1BCC,OpenEye,,,H,,16,[H:16][C:7]1([C:6]([C:5]([C:4]([C:9]([C:8]1([H:18])[H:19])([H:20])[H:21])([H:11])[C:2](=[O:1])[O:3][H:10])([H:12])[H:13])([H:14])[H:15])[H:17],1.0,11.0
16,0.04193000229341643,AM1BCC,OpenEye,,,H,,17,[H:16][C:7]1([C:6]([C:5]([C:4]([C:9]([C:8]1([H:18])[H:19])([H:20])[H:21])([H:11])[C:2](=[O:1])[O:3][H:10])([H:12])[H:13])([H:14])[H:15])[H:17],1.0,11.0
17,0.04392000021679061,AM1BCC,OpenEye,,,H,,18,[H:16][C:7]1([C:6]([C:5]([C:4]([C:9]([C:8]1([H:18])[H:19])([H:20])[H:21])([H:11])[C:2](=[O:1])[O:3][H:10])([H:12])[H:13])([H:14])[H:15])[H:17],1.0,11.0
18,0.04392000021679061,AM1BCC,OpenEye,,,H,,19,[H:16][C:7]1([C:6]([C:5]([C:4]([C:9]([C:8]1([H:18])[H:19])([H:20])[H:21])([H:11])[C:2](=[O:1])[O:3][H:10])([H:12])[H:13])([H:14])[H:15])[H:17],1.0,11.0
19,0.05411000283701079,AM1BCC,OpenEye,,,H,,20,[H:16][C:7]1([C:6]([C:5]([C:4]([C:9]([C:8]1([H:18])[H:19])([H:20])[H:21])([H:11])[C:2](=[O:1])[O:3][H:10])([H:12])[H:13])([H:14])[H:15])[H:17],1.0,11.0
20,0.05411000283701079,AM1BCC,OpenEye,,,H,,21,[H:16][C:7]1([C:6]([C:5]([C:4]([C:9]([C:8]1([H:18])[H:19])([H:20])[H:21])([H:11])[C:2](=[O:1])[O:3][H:10])([H:12])[H:13])([H:14])[H:15])[H:17],1.0,11.0
0,-0.5510476190476191,AM1BCC,AmberTools,,,O,,1,[H:16][C:7]1([C:6]([C:5]([C:4]([C:9]([C:8]1([H:18])[H:19])([H:20])[H:21])([H:11])[C:2](=[O:1])[O:3][H:10])([H:12])[H:13])([H:14])[H:15])[H:17],1.0,11.0
1,0.6360523809523809,AM1BCC,AmberTools,,,C,,2,[H:16][C:7]1([C:6]([C:5]([C:4]([C:9]([C:8]1([H:18])[H:19])([H:20])[H:21])([H:11])[C:2](=[O:1])[O:3][H:10])([H:12])[H:13])([H:14])[H:15])[H:17],1.0,11.0
2,-0.610147619047619,AM1BCC,AmberTools,,,O,,3,[H:16][C:7]1([C:6]([C:5]([C:4]([C:9]([C:8]1([H:18])[H:19])([H:20])[H:21])([H:11])[C:2](=[O:1])[O:3][H:10])([H:12])[H:13])([H:14])[H:15])[H:17],1.0,11.0
3,-0.10374761904761905,AM1BCC,AmberTools,,,C,,4,[H:16][C:7]1([C:6]([C:5]([C:4]([C:9]([C:8]1([H:18])[H:19])([H:20])[H:21])([H:11])[C:2](=[O:1])[O:3][H:10])([H:12])[H:13])([H:14])[H:15])[H:17],1.0,11.0
4,-0.07394761904761904,AM1BCC,AmberTools,,,C,,5,[H:16][C:7]1([C:6]([C:5]([C:4]([C:9]([C:8]1([H:18])[H:19])([H:20])[H:21])([H:11])[C:2](=[O:1])[O:3][H:10])([H:12])[H:13])([H:14])[H:15])[H:17],1.0,11.0
5,-0.07544761904761904,AM1BCC,AmberTools,,,C,,6,[H:16][C:7]1([C:6]([C:5]([C:4]([C:9]([C:8]1([H:18])[H:19])([H:20])[H:21])([H:11])[C:2](=[O:1])[O:3][H:10])([H:12])[H:13])([H:14])[H:15])[H:17],1.0,11.0
6,-0.07944761904761904,AM1BCC,AmberTools,,,C,,7,[H:16][C:7]1([C:6]([C:5]([C:4]([C:9]([C:8]1([H:18])[H:19])([H:20])[H:21])([H:11])[C:2](=[O:1])[O:3][H:10])([H:12])[H:13])([H:14])[H:15])[H:17],1.0,11.0
7,-0.07544761904761904,AM1BCC,AmberTools,,,C,,8,[H:16][C:7]1([C:6]([C:5]([C:4]([C:9]([C:8]1([H:18])[H:19])([H:20])[H:21])([H:11])[C:2](=[O:1])[O:3][H:10])([H:12])[H:13])([H:14])[H:15])[H:17],1.0,11.0
8,-0.07394761904761904,AM1BCC,AmberTools,,,C,,9,[H:16][C:7]1([C:6]([C:5]([C:4]([C:9]([C:8]1([H:18])[H:19])([H:20])[H:21])([H:11])[C:2](=[O:1])[O:3][H:10])([H:12])[H:13])([H:14])[H:15])[H:17],1.0,11.0
9,0.441952380952381,AM1BCC,AmberTools,,,H,,10,[H:16][C:7]1([C:6]([C:5]([C:4]([C:9]([C:8]1([H:18])[H:19])([H:20])[H:21])([H:11])[C:2](=[O:1])[O:3][H:10])([H:12])[H:13])([H:14])[H:15])[H:17],1.0,11.0
10,0.08265238095238095,AM1BCC,AmberTools,,,H,,11,[H:16][C:7]1([C:6]([C:5]([C:4]([C:9]([C:8]1([H:18])[H:19])([H:20])[H:21])([H:11])[C:2](=[O:1])[O:3][H:10])([H:12])[H:13])([H:14])[H:15])[H:17],1.0,11.0
11,0.05515238095238096,AM1BCC,AmberTools,,,H,,12,[H:16][C:7]1([C:6]([C:5]([C:4]([C:9]([C:8]1([H:18])[H:19])([H:20])[H:21])([H:11])[C:2](=[O:1])[O:3][H:10])([H:12])[H:13])([H:14])[H:15])[H:17],1.0,11.0
12,0.05515238095238096,AM1BCC,AmberTools,,,H,,13,[H:16][C:7]1([C:6]([C:5]([C:4]([C:9]([C:8]1([H:18])[H:19])([H:20])[H:21])([H:11])[C:2](=[O:1])[O:3][H:10])([H:12])[H:13])([H:14])[H:15])[H:17],1.0,11.0
13,0.044402380952380964,AM1BCC,AmberTools,,,H,,14,[H:16][C:7]1([C:6]([C:5]([C:4]([C:9]([C:8]1([H:18])[H:19])([H:20])[H:21])([H:11])[C:2](=[O:1])[O:3][H:10])([H:12])[H:13])([H:14])[H:15])[H:17],1.0,11.0
14,0.044402380952380964,AM1BCC,AmberTools,,,H,,15,[H:16][C:7]1([C:6]([C:5]([C:4]([C:9]([C:8]1([H:18])[H:19])([H:20])[H:21])([H:11])[C:2](=[O:1])[O:3][H:10])([H:12])[H:13])([H:14])[H:15])[H:17],1.0,11.0
15,0.04215238095238096,AM1BCC,AmberTools,,,H,,16,[H:16][C:7]1([C:6]([C:5]([C:4]([C:9]([C:8]1([H:18])[H:19])([H:20])[H:21])([H:11])[C:2](=[O:1])[O:3][H:10])([H:12])[H:13])([H:14])[H:15])[H:17],1.0,11.0
16,0.04215238095238096,AM1BCC,AmberTools,,,H,,17,[H:16][C:7]1([C:6]([C:5]([C:4]([C:9]([C:8]1([H:18])[H:19])([H:20])[H:21])([H:11])[C:2](=[O:1])[O:3][H:10])([H:12])[H:13])([H:14])[H:15])[H:17],1.0,11.0
17,0.044402380952380964,AM1BCC,AmberTools,,,H,,18,[H:16][C:7]1([C:6]([C:5]([C:4]([C:9]([C:8]1([H:18])[H:19])([H:20])[H:21])([H:11])[C:2](=[O:1])[O:3][H:10])([H:12])[H:13])([H:14])[H:15])[H:17],1.0,11.0
18,0.044402380952380964,AM1BCC,AmberTools,,,H,,19,[H:16][C:7]1([C:6]([C:5]([C:4]([C:9]([C:8]1([H:18])[H:19])([H:20])[H:21])([H:11])[C:2](=[O:1])[O:3][H:10])([H:12])[H:13])([H:14])[H:15])[H:17],1.0,11.0
19,0.05515238095238096,AM1BCC,AmberTools,,,H,,20,[H:16][C:7]1([C:6]([C:5]([C:4]([C:9]([C:8]1([H:18])[H:19])([H:20])[H:21])([H:11])[C:2](=[O:1])[O:3][H:10])([H:12])[H:13])([H:14])[H:15])[H:17],1.0,11.0
20,0.05515238095238096,AM1BCC,AmberTools,,,H,,21,[H:16][C:7]1([C:6]([C:5]([C:4]([C:9]([C:8]1([H:18])[H:19])([H:20])[H:21])([H:11])[C:2](=[O:1])[O:3][H:10])([H:12])[H:13])([H:14])[H:15])[H:17],1.0,11.0
0,-0.5512300123061452,AM1BCC,OpenEye,,,O,,1,[H:16][C:7]1([C:6]([C:5]([C:4]([C:9]([C:8]1([H:18])[H:19])([H:20])[H:21])([H:11])[C:2](=[O:1])[O:3][H:10])([H:12])[H:13])([H:14])[H:15])[H:17],1.0,12.0
1,0.6335700164948191,AM1BCC,OpenEye,,,C,,2,[H:16][C:7]1([C:6]([C:5]([C:4]([C:9]([C:8]1([H:18])[H:19])([H:20])[H:21])([H:11])[C:2](=[O:1])[O:3][H:10])([H:12])[H:13])([H:14])[H:15])[H:17],1.0,12.0
2,-0.6029800165976796,AM1BCC,OpenEye,,,O,,3,[H:16][C:7]1([C:6]([C:5]([C:4]([C:9]([C:8]1([H:18])[H:19])([H:20])[H:21])([H:11])[C:2](=[O:1])[O:3][H:10])([H:12])[H:13])([H:14])[H:15])[H:17],1.0,12.0
3,-0.10627999795334679,AM1BCC,OpenEye,,,C,,4,[H:16][C:7]1([C:6]([C:5]([C:4]([C:9]([C:8]1([H:18])[H:19])([H:20])[H:21])([H:11])[C:2](=[O:1])[O:3][H:10])([H:12])[H:13])([H:14])[H:15])[H:17],1.0,12.0
4,-0.07033999902861458,AM1BCC,OpenEye,,,C,,5,[H:16][C:7]1([C:6]([C:5]([C:4]([C:9]([C:8]1([H:18])[H:19])([H:20])[H:21])([H:11])[C:2](=[O:1])[O:3][H:10])([H:12])[H:13])([H:14])[H:15])[H:17],1.0,12.0
5,-0.07653000099318367,AM1BCC,OpenEye,,,C,,6,[H:16][C:7]1([C:6]([C:5]([C:4]([C:9]([C:8]1([H:18])[H:19])([H:20])[H:21])([H:11])[C:2](=[O:1])[O:3][H:10])([H:12])[H:13])([H:14])[H:15])[H:17],1.0,12.0
6,-0.079999997147492,AM1BCC,OpenEye,,,C,,7,[H:16][C:7]1([C:6]([C:5]([C:4]([C:9]([C:8]1([H:18])[H:19])([H:20])[H:21])([H:11])[C:2](=[O:1])[O:3][H:10])([H:12])[H:13])([H:14])[H:15])[H:17],1.0,12.0
7,-0.07653000099318367,AM1BCC,OpenEye,,,C,,8,[H:16][C:7]1([C:6]([C:5]([C:4]([C:9]([C:8]1([H:18])[H:19])([H:20])[H:21])([H:11])[C:2](=[O:1])[O:3][H:10])([H:12])[H:13])([H:14])[H:15])[H:17],1.0,12.0
8,-0.07033999902861458,AM1BCC,OpenEye,,,C,,9,[H:16][C:7]1([C:6]([C:5]([C:4]([C:9]([C:8]1([H:18])[H:19])([H:20])[H:21])([H:11])[C:2](=[O:1])[O:3][H:10])([H:12])[H:13])([H:14])[H:15])[H:17],1.0,12.0
9,0.44242999064070837,AM1BCC,OpenEye,,,H,,10,[H:16][C:7]1([C:6]([C:5]([C:4]([C:9]([C:8]1([H:18])[H:19])([H:20])[H:21])([H:11])[C:2](=[O:1])[O:3][H:10])([H:12])[H:13])([H:14])[H:15])[H:17],1.0,12.0
10,0.08225000011069435,AM1BCC,OpenEye,,,H,,11,[H:16][C:7]1([C:6]([C:5]([C:4]([C:9]([C:8]1([H:18])[H:19])([H:20])[H:21])([H:11])[C:2](=[O:1])[O:3][H:10])([H:12])[H:13])([H:14])[H:15])[H:17],1.0,12.0
11,0.05411000283701079,AM1BCC,OpenEye,,,H,,12,[H:16][C:7]1([C:6]([C:5]([C:4]([C:9]([C:8]1([H:18])[H:19])([H:20])[H:21])([H:11])[C:2](=[O:1])[O:3][H:10])([H:12])[H:13])([H:14])[H:15])[H:17],1.0,12.0
12,0.05411000283701079,AM1BCC,OpenEye,,,H,,13,[H:16][C:7]1([C:6]([C:5]([C:4]([C:9]([C:8]1([H:18])[H:19])([H:20])[H:21])([H:11])[C:2](=[O:1])[O:3][H:10])([H:12])[H:13])([H:14])[H:15])[H:17],1.0,12.0
13,0.04392000021679061,AM1BCC,OpenEye,,,H,,14,[H:16][C:7]1([C:6]([C:5]([C:4]([C:9]([C:8]1([H:18])[H:19])([H:20])[H:21])([H:11])[C:2](=[O:1])[O:3][H:10])([H:12])[H:13])([H:14])[H:15])[H:17],1.0,12.0
14,0.04392000021679061,AM1BCC,OpenEye,,,H,,15,[H:16][C:7]1([C:6]([C:5]([C:4]([C:9]([C:8]1([H:18])[H:19])([H:20])[H:21])([H:11])[C:2](=[O:1])[O:3][H:10])([H:12])[H:13])([H:14])[H:15])[H:17],1.0,12.0
15,0.04193000229341643,AM1BCC,OpenEye,,,H,,16,[H:16][C:7]1([C:6]([C:5]([C:4]([C:9]([C:8]1([H:18])[H:19])([H:20])[H:21])([H:11])[C:2](=[O:1])[O:3][H:10])([H:12])[H:13])([H:14])[H:15])[H:17],1.0,12.0
16,0.04193000229341643,AM1BCC,OpenEye,,,H,,17,[H:16][C:7]1([C:6]([C:5]([C:4]([C:9]([C:8]1([H:18])[H:19])([H:20])[H:21])([H:11])[C:2](=[O:1])[O:3][H:10])([H:12])[H:13])([H:14])[H:15])[H:17],1.0,12.0
17,0.04392000021679061,AM1BCC,OpenEye,,,H,,18,[H:16][C:7]1([C:6]([C:5]([C:4]([C:9]([C:8]1([H:18])[H:19])([H:20])[H:21])([H:11])[C:2](=[O:1])[O:3][H:10])([H:12])[H:13])([H:14])[H:15])[H:17],1.0,12.0
18,0.04392000021679061,AM1BCC,OpenEye,,,H,,19,[H:16][C:7]1([C:6]([C:5]([C:4]([C:9]([C:8]1([H:18])[H:19])([H:20])[H:21])([H:11])[C:2](=[O:1])[O:3][H:10])([H:12])[H:13])([H:14])[H:15])[H:17],1.0,12.0
19,0.05411000283701079,AM1BCC,OpenEye,,,H,,20,[H:16][C:7]1([C:6]([C:5]([C:4]([C:9]([C:8]1([H:18])[H:19])([H:20])[H:21])([H:11])[C:2](=[O:1])[O:3][H:10])([H:12])[H:13])([H:14])[H:15])[H:17],1.0,12.0
20,0.05411000283701079,AM1BCC,OpenEye,,,H,,21,[H:16][C:7]1([C:6]([C:5]([C:4]([C:9]([C:8]1([H:18])[H:19])([H:20])[H:21])([H:11])[C:2](=[O:1])[O:3][H:10])([H:12])[H:13])([H:14])[H:15])[H:17],1.0,12.0
0,-0.5510476190476191,AM1BCC,AmberTools,,,O,,1,[H:16][C:7]1([C:6]([C:5]([C:4]([C:9]([C:8]1([H:18])[H:19])([H:20])[H:21])([H:11])[C:2](=[O:1])[O:3][H:10])([H:12])[H:13])([H:14])[H:15])[H:17],1.0,12.0
1,0.6360523809523809,AM1BCC,AmberTools,,,C,,2,[H:16][C:7]1([C:6]([C:5]([C:4]([C:9]([C:8]1([H:18])[H:19])([H:20])[H:21])([H:11])[C:2](=[O:1])[O:3][H:10])([H:12])[H:13])([H:14])[H:15])[H:17],1.0,12.0
2,-0.610147619047619,AM1BCC,AmberTools,,,O,,3,[H:16][C:7]1([C:6]([C:5]([C:4]([C:9]([C:8]1([H:18])[H:19])([H:20])[H:21])([H:11])[C:2](=[O:1])[O:3][H:10])([H:12])[H:13])([H:14])[H:15])[H:17],1.0,12.0
3,-0.10374761904761905,AM1BCC,AmberTools,,,C,,4,[H:16][C:7]1([C:6]([C:5]([C:4]([C:9]([C:8]1([H:18])[H:19])([H:20])[H:21])([H:11])[C:2](=[O:1])[O:3][H:10])([H:12])[H:13])([H:14])[H:15])[H:17],1.0,12.0
4,-0.07394761904761904,AM1BCC,AmberTools,,,C,,5,[H:16][C:7]1([C:6]([C:5]([C:4]([C:9]([C:8]1([H:18])[H:19])([H:20])[H:21])([H:11])[C:2](=[O:1])[O:3][H:10])([H:12])[H:13])([H:14])[H:15])[H:17],1.0,12.0
5,-0.07544761904761904,AM1BCC,AmberTools,,,C,,6,[H:16][C:7]1([C:6]([C:5]([C:4]([C:9]([C:8]1([H:18])[H:19])([H:20])[H:21])([H:11])[C:2](=[O:1])[O:3][H:10])([H:12])[H:13])([H:14])[H:15])[H:17],1.0,12.0
6,-0.07944761904761904,AM1BCC,AmberTools,,,C,,7,[H:16][C:7]1([C:6]([C:5]([C:4]([C:9]([C:8]1([H:18])[H:19])([H:20])[H:21])([H:11])[C:2](=[O:1])[O:3][H:10])([H:12])[H:13])([H:14])[H:15])[H:17],1.0,12.0
7,-0.07544761904761904,AM1BCC,AmberTools,,,C,,8,[H:16][C:7]1([C:6]([C:5]([C:4]([C:9]([C:8]1([H:18])[H:19])([H:20])[H:21])([H:11])[C:2](=[O:1])[O:3][H:10])([H:12])[H:13])([H:14])[H:15])[H:17],1.0,12.0
8,-0.07394761904761904,AM1BCC,AmberTools,,,C,,9,[H:16][C:7]1([C:6]([C:5]([C:4]([C:9]([C:8]1([H:18])[H:19])([H:20])[H:21])([H:11])[C:2](=[O:1])[O:3][H:10])([H:12])[H:13])([H:14])[H:15])[H:17],1.0,12.0
9,0.441952380952381,AM1BCC,AmberTools,,,H,,10,[H:16][C:7]1([C:6]([C:5]([C:4]([C:9]([C:8]1([H:18])[H:19])([H:20])[H:21])([H:11])[C:2](=[O:1])[O:3][H:10])([H:12])[H:13])([H:14])[H:15])[H:17],1.0,12.0
10,0.08265238095238095,AM1BCC,AmberTools,,,H,,11,[H:16][C:7]1([C:6]([C:5]([C:4]([C:9]([C:8]1([H:18])[H:19])([H:20])[H:21])([H:11])[C:2](=[O:1])[O:3][H:10])([H:12])[H:13])([H:14])[H:15])[H:17],1.0,12.0
11,0.05515238095238096,AM1BCC,AmberTools,,,H,,12,[H:16][C:7]1([C:6]([C:5]([C:4]([C:9]([C:8]1([H:18])[H:19])([H:20])[H:21])([H:11])[C:2](=[O:1])[O:3][H:10])([H:12])[H:13])([H:14])[H:15])[H:17],1.0,12.0
12,0.05515238095238096,AM1BCC,AmberTools,,,H,,13,[H:16][C:7]1([C:6]([C:5]([C:4]([C:9]([C:8]1([H:18])[H:19])([H:20])[H:21])([H:11])[C:2](=[O:1])[O:3][H:10])([H:12])[H:13])([H:14])[H:15])[H:17],1.0,12.0
13,0.044402380952380964,AM1BCC,AmberTools,,,H,,14,[H:16][C:7]1([C:6]([C:5]([C:4]([C:9]([C:8]1([H:18])[H:19])([H:20])[H:21])([H:11])[C:2](=[O:1])[O:3][H:10])([H:12])[H:13])([H:14])[H:15])[H:17],1.0,12.0
14,0.044402380952380964,AM1BCC,AmberTools,,,H,,15,[H:16][C:7]1([C:6]([C:5]([C:4]([C:9]([C:8]1([H:18])[H:19])([H:20])[H:21])([H:11])[C:2](=[O:1])[O:3][H:10])([H:12])[H:13])([H:14])[H:15])[H:17],1.0,12.0
15,0.04215238095238096,AM1BCC,AmberTools,,,H,,16,[H:16][C:7]1([C:6]([C:5]([C:4]([C:9]([C:8]1([H:18])[H:19])([H:20])[H:21])([H:11])[C:2](=[O:1])[O:3][H:10])([H:12])[H:13])([H:14])[H:15])[H:17],1.0,12.0
16,0.04215238095238096,AM1BCC,AmberTools,,,H,,17,[H:16][C:7]1([C:6]([C:5]([C:4]([C:9]([C:8]1([H:18])[H:19])([H:20])[H:21])([H:11])[C:2](=[O:1])[O:3][H:10])([H:12])[H:13])([H:14])[H:15])[H:17],1.0,12.0
17,0.044402380952380964,AM1BCC,AmberTools,,,H,,18,[H:16][C:7]1([C:6]([C:5]([C:4]([C:9]([C:8]1([H:18])[H:19])([H:20])[H:21])([H:11])[C:2](=[O:1])[O:3][H:10])([H:12])[H:13])([H:14])[H:15])[H:17],1.0,12.0
18,0.044402380952380964,AM1BCC,AmberTools,,,H,,19,[H:16][C:7]1([C:6]([C:5]([C:4]([C:9]([C:8]1([H:18])[H:19])([H:20])[H:21])([H:11])[C:2](=[O:1])[O:3][H:10])([H:12])[H:13])([H:14])[H:15])[H:17],1.0,12.0
19,0.05515238095238096,AM1BCC,AmberTools,,,H,,20,[H:16][C:7]1([C:6]([C:5]([C:4]([C:9]([C:8]1([H:18])[H:19])([H:20])[H:21])([H:11])[C:2](=[O:1])[O:3][H:10])([H:12])[H:13])([H:14])[H:15])[H:17],1.0,12.0
20,0.05515238095238096,AM1BCC,AmberTools,,,H,,21,[H:16][C:7]1([C:6]([C:5]([C:4]([C:9]([C:8]1([H:18])[H:19])([H:20])[H:21])([H:11])[C:2](=[O:1])[O:3][H:10])([H:12])[H:13])([H:14])[H:15])[H:17],1.0,12.0
0,-0.5531499988975979,AM1BCC,OpenEye,,,O,,1,[H:16][C:7]1([C:6]([C:5]([C:4]([C:9]([C:8]1([H:18])[H:19])([H:20])[H:21])([H:11])[C:2](=[O:1])[O:3][H:10])([H:12])[H:13])([H:14])[H:15])[H:17],2.0,1.0
1,0.6332700245437168,AM1BCC,OpenEye,,,C,,2,[H:16][C:7]1([C:6]([C:5]([C:4]([C:9]([C:8]1([H:18])[H:19])([H:20])[H:21])([H:11])[C:2](=[O:1])[O:3][H:10])([H:12])[H:13])([H:14])[H:15])[H:17],2.0,1.0
2,-0.6009200222435451,AM1BCC,OpenEye,,,O,,3,[H:16][C:7]1([C:6]([C:5]([C:4]([C:9]([C:8]1([H:18])[H:19])([H:20])[H:21])([H:11])[C:2](=[O:1])[O:3][H:10])([H:12])[H:13])([H:14])[H:15])[H:17],2.0,1.0
3,-0.10565999966292154,AM1BCC,OpenEye,,,C,,4,[H:16][C:7]1([C:6]([C:5]([C:4]([C:9]([C:8]1([H:18])[H:19])([H:20])[H:21])([H:11])[C:2](=[O:1])[O:3][H:10])([H:12])[H:13])([H:14])[H:15])[H:17],2.0,1.0
4,-0.0743900023045994,AM1BCC,OpenEye,,,C,,5,[H:16][C:7]1([C:6]([C:5]([C:4]([C:9]([C:8]1([H:18])[H:19])([H:20])[H:21])([H:11])[C:2](=[O:1])[O:3][H:10])([H:12])[H:13])([H:14])[H:15])[H:17],2.0,1.0
5,-0.07590000402359735,AM1BCC,OpenEye,,,C,,6,[H:16][C:7]1([C:6]([C:5]([C:4]([C:9]([C:8]1([H:18])[H:19])([H:20])[H:21])([H:11])[C:2](=[O:1])[O:3][H:10])([H:12])[H:13])([H:14])[H:15])[H:17],2.0,1.0
6,-0.07988999854950678,AM1BCC,OpenEye,,,C,,7,[H:16][C:7]1([C:6]([C:5]([C:4]([C:9]([C:8]1([H:18])[H:19])([H:20])[H:21])([H:11])[C:2](=[O:1])[O:3][H:10])([H:12])[H:13])([H:14])[H:15])[H:17],2.0,1.0
7,-0.07590000402359735,AM1BCC,OpenEye,,,C,,8,[H:16][C:7]1([C:6]([C:5]([C:4]([C:9]([C:8]1([H:18])[H:19])([H:20])[H:21])([H:11])[C:2](=[O:1])[O:3][H:10])([H:12])[H:13])([H:14])[H:15])[H:17],2.0,1.0
8,-0.0743900023045994,AM1BCC,OpenEye,,,C,,9,[H:16][C:7]1([C:6]([C:5]([C:4]([C:9]([C:8]1([H:18])[H:19])([H:20])[H:21])([H:11])[C:2](=[O:1])[O:3][H:10])([H:12])[H:13])([H:14])[H:15])[H:17],2.0,1.0
9,0.4429500095901035,AM1BCC,OpenEye,,,H,,10,[H:16][C:7]1([C:6]([C:5]([C:4]([C:9]([C:8]1([H:18])[H:19])([H:20])[H:21])([H:11])[C:2](=[O:1])[O:3][H:10])([H:12])[H:13])([H:14])[H:15])[H:17],2.0,1.0
10,0.08099999952883948,AM1BCC,OpenEye,,,H,,11,[H:16][C:7]1([C:6]([C:5]([C:4]([C:9]([C:8]1([H:18])[H:19])([H:20])[H:21])([H:11])[C:2](=[O:1])[O:3][H:10])([H:12])[H:13])([H:14])[H:15])[H:17],2.0,1.0
11,0.05589000064702261,AM1BCC,OpenEye,,,H,,12,[H:16][C:7]1([C:6]([C:5]([C:4]([C:9]([C:8]1([H:18])[H:19])([H:20])[H:21])([H:11])[C:2](=[O:1])[O:3][H:10])([H:12])[H:13])([H:14])[H:15])[H:17],2.0,1.0
12,0.05589000064702261,AM1BCC,OpenEye,,,H,,13,[H:16][C:7]1([C:6]([C:5]([C:4]([C:9]([C:8]1([H:18])[H:19])([H:20])[H:21])([H:11])[C:2](=[O:1])[O:3][H:10])([H:12])[H:13])([H:14])[H:15])[H:17],2.0,1.0
13,0.043889998680069334,AM1BCC,OpenEye,,,H,,14,[H:16][C:7]1([C:6]([C:5]([C:4]([C:9]([C:8]1([H:18])[H:19])([H:20])[H:21])([H:11])[C:2](=[O:1])[O:3][H:10])([H:12])[H:13])([H:14])[H:15])[H:17],2.0,1.0
14,0.043889998680069334,AM1BCC,OpenEye,,,H,,15,[H:16][C:7]1([C:6]([C:5]([C:4]([C:9]([C:8]1([H:18])[H:19])([H:20])[H:21])([H:11])[C:2](=[O:1])[O:3][H:10])([H:12])[H:13])([H:14])[H:15])[H:17],2.0,1.0
15,0.04193000051946867,AM1BCC,OpenEye,,,H,,16,[H:16][C:7]1([C:6]([C:5]([C:4]([C:9]([C:8]1([H:18])[H:19])([H:20])[H:21])([H:11])[C:2](=[O:1])[O:3][H:10])([H:12])[H:13])([H:14])[H:15])[H:17],2.0,1.0
16,0.04193000051946867,AM1BCC,OpenEye,,,H,,17,[H:16][C:7]1([C:6]([C:5]([C:4]([C:9]([C:8]1([H:18])[H:19])([H:20])[H:21])([H:11])[C:2](=[O:1])[O:3][H:10])([H:12])[H:13])([H:14])[H:15])[H:17],2.0,1.0
17,0.043889998680069334,AM1BCC,OpenEye,,,H,,18,[H:16][C:7]1([C:6]([C:5]([C:4]([C:9]([C:8]1([H:18])[H:19])([H:20])[H:21])([H:11])[C:2](=[O:1])[O:3][H:10])([H:12])[H:13])([H:14])[H:15])[H:17],2.0,1.0
18,0.043889998680069334,AM1BCC,OpenEye,,,H,,19,[H:16][C:7]1([C:6]([C:5]([C:4]([C:9]([C:8]1([H:18])[H:19])([H:20])[H:21])([H:11])[C:2](=[O:1])[O:3][H:10])([H:12])[H:13])([H:14])[H:15])[H:17],2.0,1.0
19,0.05589000064702261,AM1BCC,OpenEye,,,H,,20,[H:16][C:7]1([C:6]([C:5]([C:4]([C:9]([C:8]1([H:18])[H:19])([H:20])[H:21])([H:11])[C:2](=[O:1])[O:3][H:10])([H:12])[H:13])([H:14])[H:15])[H:17],2.0,1.0
20,0.05589000064702261,AM1BCC,OpenEye,,,H,,21,[H:16][C:7]1([C:6]([C:5]([C:4]([C:9]([C:8]1([H:18])[H:19])([H:20])[H:21])([H:11])[C:2](=[O:1])[O:3][H:10])([H:12])[H:13])([H:14])[H:15])[H:17],2.0,1.0
0,-0.550952380952381,AM1BCC,AmberTools,,,O,,1,[H:16][C:7]1([C:6]([C:5]([C:4]([C:9]([C:8]1([H:18])[H:19])([H:20])[H:21])([H:11])[C:2](=[O:1])[O:3][H:10])([H:12])[H:13])([H:14])[H:15])[H:17],2.0,1.0
1,0.6361476190476191,AM1BCC,AmberTools,,,C,,2,[H:16][C:7]1([C:6]([C:5]([C:4]([C:9]([C:8]1([H:18])[H:19])([H:20])[H:21])([H:11])[C:2](=[O:1])[O:3][H:10])([H:12])[H:13])([H:14])[H:15])[H:17],2.0,1.0
2,-0.6100523809523809,AM1BCC,AmberTools,,,O,,3,[H:16][C:7]1([C:6]([C:5]([C:4]([C:9]([C:8]1([H:18])[H:19])([H:20])[H:21])([H:11])[C:2](=[O:1])[O:3][H:10])([H:12])[H:13])([H:14])[H:15])[H:17],2.0,1.0
3,-0.10365238095238094,AM1BCC,AmberTools,,,C,,4,[H:16][C:7]1([C:6]([C:5]([C:4]([C:9]([C:8]1([H:18])[H:19])([H:20])[H:21])([H:11])[C:2](=[O:1])[O:3][H:10])([H:12])[H:13])([H:14])[H:15])[H:17],2.0,1.0
4,-0.07385238095238093,AM1BCC,AmberTools,,,C,,5,[H:16][C:7]1([C:6]([C:5]([C:4]([C:9]([C:8]1([H:18])[H:19])([H:20])[H:21])([H:11])[C:2](=[O:1])[O:3][H:10])([H:12])[H:13])([H:14])[H:15])[H:17],2.0,1.0
5,-0.07535238095238093,AM1BCC,AmberTools,,,C,,6,[H:16][C:7]1([C:6]([C:5]([C:4]([C:9]([C:8]1([H:18])[H:19])([H:20])[H:21])([H:11])[C:2](=[O:1])[O:3][H:10])([H:12])[H:13])([H:14])[H:15])[H:17],2.0,1.0
6,-0.07935238095238094,AM1BCC,AmberTools,,,C,,7,[H:16][C:7]1([C:6]([C:5]([C:4]([C:9]([C:8]1([H:18])[H:19])([H:20])[H:21])([H:11])[C:2](=[O:1])[O:3][H:10])([H:12])[H:13])([H:14])[H:15])[H:17],2.0,1.0
7,-0.07535238095238093,AM1BCC,AmberTools,,,C,,8,[H:16][C:7]1([C:6]([C:5]([C:4]([C:9]([C:8]1([H:18])[H:19])([H:20])[H:21])([H:11])[C:2](=[O:1])[O:3][H:10])([H:12])[H:13])([H:14])[H:15])[H:17],2.0,1.0
8,-0.07385238095238093,AM1BCC,AmberTools,,,C,,9,[H:16][C:7]1([C:6]([C:5]([C:4]([C:9]([C:8]1([H:18])[H:19])([H:20])[H:21])([H:11])[C:2](=[O:1])[O:3][H:10])([H:12])[H:13])([H:14])[H:15])[H:17],2.0,1.0
9,0.4420476190476191,AM1BCC,AmberTools,,,H,,10,[H:16][C:7]1([C:6]([C:5]([C:4]([C:9]([C:8]1([H:18])[H:19])([H:20])[H:21])([H:11])[C:2](=[O:1])[O:3][H:10])([H:12])[H:13])([H:14])[H:15])[H:17],2.0,1.0
10,0.08274761904761906,AM1BCC,AmberTools,,,H,,11,[H:16][C:7]1([C:6]([C:5]([C:4]([C:9]([C:8]1([H:18])[H:19])([H:20])[H:21])([H:11])[C:2](=[O:1])[O:3][H:10])([H:12])[H:13])([H:14])[H:15])[H:17],2.0,1.0
11,0.05499761904761906,AM1BCC,AmberTools,,,H,,12,[H:16][C:7]1([C:6]([C:5]([C:4]([C:9]([C:8]1([H:18])[H:19])([H:20])[H:21])([H:11])[C:2](=[O:1])[O:3][H:10])([H:12])[H:13])([H:14])[H:15])[H:17],2.0,1.0
12,0.05499761904761906,AM1BCC,AmberTools,,,H,,13,[H:16][C:7]1([C:6]([C:5]([C:4]([C:9]([C:8]1([H:18])[H:19])([H:20])[H:21])([H:11])[C:2](=[O:1])[O:3][H:10])([H:12])[H:13])([H:14])[H:15])[H:17],2.0,1.0
13,0.044497619047619064,AM1BCC,AmberTools,,,H,,14,[H:16][C:7]1([C:6]([C:5]([C:4]([C:9]([C:8]1([H:18])[H:19])([H:20])[H:21])([H:11])[C:2](=[O:1])[O:3][H:10])([H:12])[H:13])([H:14])[H:15])[H:17],2.0,1.0
14,0.044497619047619064,AM1BCC,AmberTools,,,H,,15,[H:16][C:7]1([C:6]([C:5]([C:4]([C:9]([C:8]1([H:18])[H:19])([H:20])[H:21])([H:11])[C:2](=[O:1])[O:3][H:10])([H:12])[H:13])([H:14])[H:15])[H:17],2.0,1.0
15,0.04174761904761906,AM1BCC,AmberTools,,,H,,16,[H:16][C:7]1([C:6]([C:5]([C:4]([C:9]([C:8]1([H:18])[H:19])([H:20])[H:21])([H:11])[C:2](=[O:1])[O:3][H:10])([H:12])[H:13])([H:14])[H:15])[H:17],2.0,1.0
16,0.04174761904761906,AM1BCC,AmberTools,,,H,,17,[H:16][C:7]1([C:6]([C:5]([C:4]([C:9]([C:8]1([H:18])[H:19])([H:20])[H:21])([H:11])[C:2](=[O:1])[O:3][H:10])([H:12])[H:13])([H:14])[H:15])[H:17],2.0,1.0
17,0.044497619047619064,AM1BCC,AmberTools,,,H,,18,[H:16][C:7]1([C:6]([C:5]([C:4]([C:9]([C:8]1([H:18])[H:19])([H:20])[H:21])([H:11])[C:2](=[O:1])[O:3][H:10])([H:12])[H:13])([H:14])[H:15])[H:17],2.0,1.0
18,0.044497619047619064,AM1BCC,AmberTools,,,H,,19,[H:16][C:7]1([C:6]([C:5]([C:4]([C:9]([C:8]1([H:18])[H:19])([H:20])[H:21])([H:11])[C:2](=[O:1])[O:3][H:10])([H:12])[H:13])([H:14])[H:15])[H:17],2.0,1.0
19,0.05499761904761906,AM1BCC,AmberTools,,,H,,20,[H:16][C:7]1([C:6]([C:5]([C:4]([C:9]([C:8]1([H:18])[H:19])([H:20])[H:21])([H:11])[C:2](=[O:1])[O:3][H:10])([H:12])[H:13])([H:14])[H:15])[H:17],2.0,1.0
20,0.05499761904761906,AM1BCC,AmberTools,,,H,,21,[H:16][C:7]1([C:6]([C:5]([C:4]([C:9]([C:8]1([H:18])[H:19])([H:20])[H:21])([H:11])[C:2](=[O:1])[O:3][H:10])([H:12])[H:13])([H:14])[H:15])[H:17],2.0,1.0
0,-0.5531499988975979,AM1BCC,OpenEye,,,O,,1,[H:16][C:7]1([C:6]([C:5]([C:4]([C:9]([C:8]1([H:18])[H:19])([H:20])[H:21])([H:11])[C:2](=[O:1])[O:3][H:10])([H:12])[H:13])([H:14])[H:15])[H:17],2.0,2.0
1,0.6332700245437168,AM1BCC,OpenEye,,,C,,2,[H:16][C:7]1([C:6]([C:5]([C:4]([C:9]([C:8]1([H:18])[H:19])([H:20])[H:21])([H:11])[C:2](=[O:1])[O:3][H:10])([H:12])[H:13])([H:14])[H:15])[H:17],2.0,2.0
2,-0.6009200222435451,AM1BCC,OpenEye,,,O,,3,[H:16][C:7]1([C:6]([C:5]([C:4]([C:9]([C:8]1([H:18])[H:19])([H:20])[H:21])([H:11])[C:2](=[O:1])[O:3][H:10])([H:12])[H:13])([H:14])[H:15])[H:17],2.0,2.0
3,-0.10565999966292154,AM1BCC,OpenEye,,,C,,4,[H:16][C:7]1([C:6]([C:5]([C:4]([C:9]([C:8]1([H:18])[H:19])([H:20])[H:21])([H:11])[C:2](=[O:1])[O:3][H:10])([H:12])[H:13])([H:14])[H:15])[H:17],2.0,2.0
4,-0.0743900023045994,AM1BCC,OpenEye,,,C,,5,[H:16][C:7]1([C:6]([C:5]([C:4]([C:9]([C:8]1([H:18])[H:19])([H:20])[H:21])([H:11])[C:2](=[O:1])[O:3][H:10])([H:12])[H:13])([H:14])[H:15])[H:17],2.0,2.0
5,-0.07590000402359735,AM1BCC,OpenEye,,,C,,6,[H:16][C:7]1([C:6]([C:5]([C:4]([C:9]([C:8]1([H:18])[H:19])([H:20])[H:21])([H:11])[C:2](=[O:1])[O:3][H:10])([H:12])[H:13])([H:14])[H:15])[H:17],2.0,2.0
6,-0.07988999854950678,AM1BCC,OpenEye,,,C,,7,[H:16][C:7]1([C:6]([C:5]([C:4]([C:9]([C:8]1([H:18])[H:19])([H:20])[H:21])([H:11])[C:2](=[O:1])[O:3][H:10])([H:12])[H:13])([H:14])[H:15])[H:17],2.0,2.0
7,-0.07590000402359735,AM1BCC,OpenEye,,,C,,8,[H:16][C:7]1([C:6]([C:5]([C:4]([C:9]([C:8]1([H:18])[H:19])([H:20])[H:21])([H:11])[C:2](=[O:1])[O:3][H:10])([H:12])[H:13])([H:14])[H:15])[H:17],2.0,2.0
8,-0.0743900023045994,AM1BCC,OpenEye,,,C,,9,[H:16][C:7]1([C:6]([C:5]([C:4]([C:9]([C:8]1([H:18])[H:19])([H:20])[H:21])([H:11])[C:2](=[O:1])[O:3][H:10])([H:12])[H:13])([H:14])[H:15])[H:17],2.0,2.0
9,0.4429500095901035,AM1BCC,OpenEye,,,H,,10,[H:16][C:7]1([C:6]([C:5]([C:4]([C:9]([C:8]1([H:18])[H:19])([H:20])[H:21])([H:11])[C:2](=[O:1])[O:3][H:10])([H:12])[H:13])([H:14])[H:15])[H:17],2.0,2.0
10,0.08099999952883948,AM1BCC,OpenEye,,,H,,11,[H:16][C:7]1([C:6]([C:5]([C:4]([C:9]([C:8]1([H:18])[H:19])([H:20])[H:21])([H:11])[C:2](=[O:1])[O:3][H:10])([H:12])[H:13])([H:14])[H:15])[H:17],2.0,2.0
11,0.05589000064702261,AM1BCC,OpenEye,,,H,,12,[H:16][C:7]1([C:6]([C:5]([C:4]([C:9]([C:8]1([H:18])[H:19])([H:20])[H:21])([H:11])[C:2](=[O:1])[O:3][H:10])([H:12])[H:13])([H:14])[H:15])[H:17],2.0,2.0
12,0.05589000064702261,AM1BCC,OpenEye,,,H,,13,[H:16][C:7]1([C:6]([C:5]([C:4]([C:9]([C:8]1([H:18])[H:19])([H:20])[H:21])([H:11])[C:2](=[O:1])[O:3][H:10])([H:12])[H:13])([H:14])[H:15])[H:17],2.0,2.0
13,0.043889998680069334,AM1BCC,OpenEye,,,H,,14,[H:16][C:7]1([C:6]([C:5]([C:4]([C:9]([C:8]1([H:18])[H:19])([H:20])[H:21])([H:11])[C:2](=[O:1])[O:3][H:10])([H:12])[H:13])([H:14])[H:15])[H:17],2.0,2.0
14,0.043889998680069334,AM1BCC,OpenEye,,,H,,15,[H:16][C:7]1([C:6]([C:5]([C:4]([C:9]([C:8]1([H:18])[H:19])([H:20])[H:21])([H:11])[C:2](=[O:1])[O:3][H:10])([H:12])[H:13])([H:14])[H:15])[H:17],2.0,2.0
15,0.04193000051946867,AM1BCC,OpenEye,,,H,,16,[H:16][C:7]1([C:6]([C:5]([C:4]([C:9]([C:8]1([H:18])[H:19])([H:20])[H:21])([H:11])[C:2](=[O:1])[O:3][H:10])([H:12])[H:13])([H:14])[H:15])[H:17],2.0,2.0
16,0.04193000051946867,AM1BCC,OpenEye,,,H,,17,[H:16][C:7]1([C:6]([C:5]([C:4]([C:9]([C:8]1([H:18])[H:19])([H:20])[H:21])([H:11])[C:2](=[O:1])[O:3][H:10])([H:12])[H:13])([H:14])[H:15])[H:17],2.0,2.0
17,0.043889998680069334,AM1BCC,OpenEye,,,H,,18,[H:16][C:7]1([C:6]([C:5]([C:4]([C:9]([C:8]1([H:18])[H:19])([H:20])[H:21])([H:11])[C:2](=[O:1])[O:3][H:10])([H:12])[H:13])([H:14])[H:15])[H:17],2.0,2.0
18,0.043889998680069334,AM1BCC,OpenEye,,,H,,19,[H:16][C:7]1([C:6]([C:5]([C:4]([C:9]([C:8]1([H:18])[H:19])([H:20])[H:21])([H:11])[C:2](=[O:1])[O:3][H:10])([H:12])[H:13])([H:14])[H:15])[H:17],2.0,2.0
19,0.05589000064702261,AM1BCC,OpenEye,,,H,,20,[H:16][C:7]1([C:6]([C:5]([C:4]([C:9]([C:8]1([H:18])[H:19])([H:20])[H:21])([H:11])[C:2](=[O:1])[O:3][H:10])([H:12])[H:13])([H:14])[H:15])[H:17],2.0,2.0
20,0.05589000064702261,AM1BCC,OpenEye,,,H,,21,[H:16][C:7]1([C:6]([C:5]([C:4]([C:9]([C:8]1([H:18])[H:19])([H:20])[H:21])([H:11])[C:2](=[O:1])[O:3][H:10])([H:12])[H:13])([H:14])[H:15])[H:17],2.0,2.0
0,-0.550952380952381,AM1BCC,AmberTools,,,O,,1,[H:16][C:7]1([C:6]([C:5]([C:4]([C:9]([C:8]1([H:18])[H:19])([H:20])[H:21])([H:11])[C:2](=[O:1])[O:3][H:10])([H:12])[H:13])([H:14])[H:15])[H:17],2.0,2.0
1,0.6361476190476191,AM1BCC,AmberTools,,,C,,2,[H:16][C:7]1([C:6]([C:5]([C:4]([C:9]([C:8]1([H:18])[H:19])([H:20])[H:21])([H:11])[C:2](=[O:1])[O:3][H:10])([H:12])[H:13])([H:14])[H:15])[H:17],2.0,2.0
2,-0.6100523809523809,AM1BCC,AmberTools,,,O,,3,[H:16][C:7]1([C:6]([C:5]([C:4]([C:9]([C:8]1([H:18])[H:19])([H:20])[H:21])([H:11])[C:2](=[O:1])[O:3][H:10])([H:12])[H:13])([H:14])[H:15])[H:17],2.0,2.0
3,-0.10365238095238094,AM1BCC,AmberTools,,,C,,4,[H:16][C:7]1([C:6]([C:5]([C:4]([C:9]([C:8]1([H:18])[H:19])([H:20])[H:21])([H:11])[C:2](=[O:1])[O:3][H:10])([H:12])[H:13])([H:14])[H:15])[H:17],2.0,2.0
4,-0.07385238095238093,AM1BCC,AmberTools,,,C,,5,[H:16][C:7]1([C:6]([C:5]([C:4]([C:9]([C:8]1([H:18])[H:19])([H:20])[H:21])([H:11])[C:2](=[O:1])[O:3][H:10])([H:12])[H:13])([H:14])[H:15])[H:17],2.0,2.0
5,-0.07535238095238093,AM1BCC,AmberTools,,,C,,6,[H:16][C:7]1([C:6]([C:5]([C:4]([C:9]([C:8]1([H:18])[H:19])([H:20])[H:21])([H:11])[C:2](=[O:1])[O:3][H:10])([H:12])[H:13])([H:14])[H:15])[H:17],2.0,2.0
6,-0.07935238095238094,AM1BCC,AmberTools,,,C,,7,[H:16][C:7]1([C:6]([C:5]([C:4]([C:9]([C:8]1([H:18])[H:19])([H:20])[H:21])([H:11])[C:2](=[O:1])[O:3][H:10])([H:12])[H:13])([H:14])[H:15])[H:17],2.0,2.0
7,-0.07535238095238093,AM1BCC,AmberTools,,,C,,8,[H:16][C:7]1([C:6]([C:5]([C:4]([C:9]([C:8]1([H:18])[H:19])([H:20])[H:21])([H:11])[C:2](=[O:1])[O:3][H:10])([H:12])[H:13])([H:14])[H:15])[H:17],2.0,2.0
8,-0.07385238095238093,AM1BCC,AmberTools,,,C,,9,[H:16][C:7]1([C:6]([C:5]([C:4]([C:9]([C:8]1([H:18])[H:19])([H:20])[H:21])([H:11])[C:2](=[O:1])[O:3][H:10])([H:12])[H:13])([H:14])[H:15])[H:17],2.0,2.0
9,0.4420476190476191,AM1BCC,AmberTools,,,H,,10,[H:16][C:7]1([C:6]([C:5]([C:4]([C:9]([C:8]1([H:18])[H:19])([H:20])[H:21])([H:11])[C:2](=[O:1])[O:3][H:10])([H:12])[H:13])([H:14])[H:15])[H:17],2.0,2.0
10,0.08274761904761906,AM1BCC,AmberTools,,,H,,11,[H:16][C:7]1([C:6]([C:5]([C:4]([C:9]([C:8]1([H:18])[H:19])([H:20])[H:21])([H:11])[C:2](=[O:1])[O:3][H:10])([H:12])[H:13])([H:14])[H:15])[H:17],2.0,2.0
11,0.05499761904761906,AM1BCC,AmberTools,,,H,,12,[H:16][C:7]1([C:6]([C:5]([C:4]([C:9]([C:8]1([H:18])[H:19])([H:20])[H:21])([H:11])[C:2](=[O:1])[O:3][H:10])([H:12])[H:13])([H:14])[H:15])[H:17],2.0,2.0
12,0.05499761904761906,AM1BCC,AmberTools,,,H,,13,[H:16][C:7]1([C:6]([C:5]([C:4]([C:9]([C:8]1([H:18])[H:19])([H:20])[H:21])([H:11])[C:2](=[O:1])[O:3][H:10])([H:12])[H:13])([H:14])[H:15])[H:17],2.0,2.0
13,0.044497619047619064,AM1BCC,AmberTools,,,H,,14,[H:16][C:7]1([C:6]([C:5]([C:4]([C:9]([C:8]1([H:18])[H:19])([H:20])[H:21])([H:11])[C:2](=[O:1])[O:3][H:10])([H:12])[H:13])([H:14])[H:15])[H:17],2.0,2.0
14,0.044497619047619064,AM1BCC,AmberTools,,,H,,15,[H:16][C:7]1([C:6]([C:5]([C:4]([C:9]([C:8]1([H:18])[H:19])([H:20])[H:21])([H:11])[C:2](=[O:1])[O:3][H:10])([H:12])[H:13])([H:14])[H:15])[H:17],2.0,2.0
15,0.04174761904761906,AM1BCC,AmberTools,,,H,,16,[H:16][C:7]1([C:6]([C:5]([C:4]([C:9]([C:8]1([H:18])[H:19])([H:20])[H:21])([H:11])[C:2](=[O:1])[O:3][H:10])([H:12])[H:13])([H:14])[H:15])[H:17],2.0,2.0
16,0.04174761904761906,AM1BCC,AmberTools,,,H,,17,[H:16][C:7]1([C:6]([C:5]([C:4]([C:9]([C:8]1([H:18])[H:19])([H:20])[H:21])([H:11])[C:2](=[O:1])[O:3][H:10])([H:12])[H:13])([H:14])[H:15])[H:17],2.0,2.0
17,0.044497619047619064,AM1BCC,AmberTools,,,H,,18,[H:16][C:7]1([C:6]([C:5]([C:4]([C:9]([C:8]1([H:18])[H:19])([H:20])[H:21])([H:11])[C:2](=[O:1])[O:3][H:10])([H:12])[H:13])([H:14])[H:15])[H:17],2.0,2.0
18,0.044497619047619064,AM1BCC,AmberTools,,,H,,19,[H:16][C:7]1([C:6]([C:5]([C:4]([C:9]([C:8]1([H:18])[H:19])([H:20])[H:21])([H:11])[C:2](=[O:1])[O:3][H:10])([H:12])[H:13])([H:14])[H:15])[H:17],2.0,2.0
19,0.05499761904761906,AM1BCC,AmberTools,,,H,,20,[H:16][C:7]1([C:6]([C:5]([C:4]([C:9]([C:8]1([H:18])[H:19])([H:20])[H:21])([H:11])[C:2](=[O:1])[O:3][H:10])([H:12])[H:13])([H:14])[H:15])[H:17],2.0,2.0
20,0.05499761904761906,AM1BCC,AmberTools,,,H,,21,[H:16][C:7]1([C:6]([C:5]([C:4]([C:9]([C:8]1([H:18])[H:19])([H:20])[H:21])([H:11])[C:2](=[O:1])[O:3][H:10])([H:12])[H:13])([H:14])[H:15])[H:17],2.0,2.0
0,-0.5531499988975979,AM1BCC,OpenEye,,,O,,1,[H:16][C:7]1([C:6]([C:5]([C:4]([C:9]([C:8]1([H:18])[H:19])([H:20])[H:21])([H:11])[C:2](=[O:1])[O:3][H:10])([H:12])[H:13])([H:14])[H:15])[H:17],2.0,3.0
1,0.6332700245437168,AM1BCC,OpenEye,,,C,,2,[H:16][C:7]1([C:6]([C:5]([C:4]([C:9]([C:8]1([H:18])[H:19])([H:20])[H:21])([H:11])[C:2](=[O:1])[O:3][H:10])([H:12])[H:13])([H:14])[H:15])[H:17],2.0,3.0
2,-0.6009200222435451,AM1BCC,OpenEye,,,O,,3,[H:16][C:7]1([C:6]([C:5]([C:4]([C:9]([C:8]1([H:18])[H:19])([H:20])[H:21])([H:11])[C:2](=[O:1])[O:3][H:10])([H:12])[H:13])([H:14])[H:15])[H:17],2.0,3.0
3,-0.10565999966292154,AM1BCC,OpenEye,,,C,,4,[H:16][C:7]1([C:6]([C:5]([C:4]([C:9]([C:8]1([H:18])[H:19])([H:20])[H:21])([H:11])[C:2](=[O:1])[O:3][H:10])([H:12])[H:13])([H:14])[H:15])[H:17],2.0,3.0
4,-0.0743900023045994,AM1BCC,OpenEye,,,C,,5,[H:16][C:7]1([C:6]([C:5]([C:4]([C:9]([C:8]1([H:18])[H:19])([H:20])[H:21])([H:11])[C:2](=[O:1])[O:3][H:10])([H:12])[H:13])([H:14])[H:15])[H:17],2.0,3.0
5,-0.07590000402359735,AM1BCC,OpenEye,,,C,,6,[H:16][C:7]1([C:6]([C:5]([C:4]([C:9]([C:8]1([H:18])[H:19])([H:20])[H:21])([H:11])[C:2](=[O:1])[O:3][H:10])([H:12])[H:13])([H:14])[H:15])[H:17],2.0,3.0
6,-0.07988999854950678,AM1BCC,OpenEye,,,C,,7,[H:16][C:7]1([C:6]([C:5]([C:4]([C:9]([C:8]1([H:18])[H:19])([H:20])[H:21])([H:11])[C:2](=[O:1])[O:3][H:10])([H:12])[H:13])([H:14])[H:15])[H:17],2.0,3.0
7,-0.07590000402359735,AM1BCC,OpenEye,,,C,,8,[H:16][C:7]1([C:6]([C:5]([C:4]([C:9]([C:8]1([H:18])[H:19])([H:20])[H:21])([H:11])[C:2](=[O:1])[O:3][H:10])([H:12])[H:13])([H:14])[H:15])[H:17],2.0,3.0
8,-0.0743900023045994,AM1BCC,OpenEye,,,C,,9,[H:16][C:7]1([C:6]([C:5]([C:4]([C:9]([C:8]1([H:18])[H:19])([H:20])[H:21])([H:11])[C:2](=[O:1])[O:3][H:10])([H:12])[H:13])([H:14])[H:15])[H:17],2.0,3.0
9,0.4429500095901035,AM1BCC,OpenEye,,,H,,10,[H:16][C:7]1([C:6]([C:5]([C:4]([C:9]([C:8]1([H:18])[H:19])([H:20])[H:21])([H:11])[C:2](=[O:1])[O:3][H:10])([H:12])[H:13])([H:14])[H:15])[H:17],2.0,3.0
10,0.08099999952883948,AM1BCC,OpenEye,,,H,,11,[H:16][C:7]1([C:6]([C:5]([C:4]([C:9]([C:8]1([H:18])[H:19])([H:20])[H:21])([H:11])[C:2](=[O:1])[O:3][H:10])([H:12])[H:13])([H:14])[H:15])[H:17],2.0,3.0
11,0.05589000064702261,AM1BCC,OpenEye,,,H,,12,[H:16][C:7]1([C:6]([C:5]([C:4]([C:9]([C:8]1([H:18])[H:19])([H:20])[H:21])([H:11])[C:2](=[O:1])[O:3][H:10])([H:12])[H:13])([H:14])[H:15])[H:17],2.0,3.0
12,0.05589000064702261,AM1BCC,OpenEye,,,H,,13,[H:16][C:7]1([C:6]([C:5]([C:4]([C:9]([C:8]1([H:18])[H:19])([H:20])[H:21])([H:11])[C:2](=[O:1])[O:3][H:10])([H:12])[H:13])([H:14])[H:15])[H:17],2.0,3.0
13,0.043889998680069334,AM1BCC,OpenEye,,,H,,14,[H:16][C:7]1([C:6]([C:5]([C:4]([C:9]([C:8]1([H:18])[H:19])([H:20])[H:21])([H:11])[C:2](=[O:1])[O:3][H:10])([H:12])[H:13])([H:14])[H:15])[H:17],2.0,3.0
14,0.043889998680069334,AM1BCC,OpenEye,,,H,,15,[H:16][C:7]1([C:6]([C:5]([C:4]([C:9]([C:8]1([H:18])[H:19])([H:20])[H:21])([H:11])[C:2](=[O:1])[O:3][H:10])([H:12])[H:13])([H:14])[H:15])[H:17],2.0,3.0
15,0.04193000051946867,AM1BCC,OpenEye,,,H,,16,[H:16][C:7]1([C:6]([C:5]([C:4]([C:9]([C:8]1([H:18])[H:19])([H:20])[H:21])([H:11])[C:2](=[O:1])[O:3][H:10])([H:12])[H:13])([H:14])[H:15])[H:17],2.0,3.0
16,0.04193000051946867,AM1BCC,OpenEye,,,H,,17,[H:16][C:7]1([C:6]([C:5]([C:4]([C:9]([C:8]1([H:18])[H:19])([H:20])[H:21])([H:11])[C:2](=[O:1])[O:3][H:10])([H:12])[H:13])([H:14])[H:15])[H:17],2.0,3.0
17,0.043889998680069334,AM1BCC,OpenEye,,,H,,18,[H:16][C:7]1([C:6]([C:5]([C:4]([C:9]([C:8]1([H:18])[H:19])([H:20])[H:21])([H:11])[C:2](=[O:1])[O:3][H:10])([H:12])[H:13])([H:14])[H:15])[H:17],2.0,3.0
18,0.043889998680069334,AM1BCC,OpenEye,,,H,,19,[H:16][C:7]1([C:6]([C:5]([C:4]([C:9]([C:8]1([H:18])[H:19])([H:20])[H:21])([H:11])[C:2](=[O:1])[O:3][H:10])([H:12])[H:13])([H:14])[H:15])[H:17],2.0,3.0
19,0.05589000064702261,AM1BCC,OpenEye,,,H,,20,[H:16][C:7]1([C:6]([C:5]([C:4]([C:9]([C:8]1([H:18])[H:19])([H:20])[H:21])([H:11])[C:2](=[O:1])[O:3][H:10])([H:12])[H:13])([H:14])[H:15])[H:17],2.0,3.0
20,0.05589000064702261,AM1BCC,OpenEye,,,H,,21,[H:16][C:7]1([C:6]([C:5]([C:4]([C:9]([C:8]1([H:18])[H:19])([H:20])[H:21])([H:11])[C:2](=[O:1])[O:3][H:10])([H:12])[H:13])([H:14])[H:15])[H:17],2.0,3.0
0,-0.5510476190476191,AM1BCC,AmberTools,,,O,,1,[H:16][C:7]1([C:6]([C:5]([C:4]([C:9]([C:8]1([H:18])[H:19])([H:20])[H:21])([H:11])[C:2](=[O:1])[O:3][H:10])([H:12])[H:13])([H:14])[H:15])[H:17],2.0,3.0
1,0.6360523809523809,AM1BCC,AmberTools,,,C,,2,[H:16][C:7]1([C:6]([C:5]([C:4]([C:9]([C:8]1([H:18])[H:19])([H:20])[H:21])([H:11])[C:2](=[O:1])[O:3][H:10])([H:12])[H:13])([H:14])[H:15])[H:17],2.0,3.0
2,-0.610147619047619,AM1BCC,AmberTools,,,O,,3,[H:16][C:7]1([C:6]([C:5]([C:4]([C:9]([C:8]1([H:18])[H:19])([H:20])[H:21])([H:11])[C:2](=[O:1])[O:3][H:10])([H:12])[H:13])([H:14])[H:15])[H:17],2.0,3.0
3,-0.10374761904761905,AM1BCC,AmberTools,,,C,,4,[H:16][C:7]1([C:6]([C:5]([C:4]([C:9]([C:8]1([H:18])[H:19])([H:20])[H:21])([H:11])[C:2](=[O:1])[O:3][H:10])([H:12])[H:13])([H:14])[H:15])[H:17],2.0,3.0
4,-0.07394761904761904,AM1BCC,AmberTools,,,C,,5,[H:16][C:7]1([C:6]([C:5]([C:4]([C:9]([C:8]1([H:18])[H:19])([H:20])[H:21])([H:11])[C:2](=[O:1])[O:3][H:10])([H:12])[H:13])([H:14])[H:15])[H:17],2.0,3.0
5,-0.07544761904761904,AM1BCC,AmberTools,,,C,,6,[H:16][C:7]1([C:6]([C:5]([C:4]([C:9]([C:8]1([H:18])[H:19])([H:20])[H:21])([H:11])[C:2](=[O:1])[O:3][H:10])([H:12])[H:13])([H:14])[H:15])[H:17],2.0,3.0
6,-0.07944761904761904,AM1BCC,AmberTools,,,C,,7,[H:16][C:7]1([C:6]([C:5]([C:4]([C:9]([C:8]1([H:18])[H:19])([H:20])[H:21])([H:11])[C:2](=[O:1])[O:3][H:10])([H:12])[H:13])([H:14])[H:15])[H:17],2.0,3.0
7,-0.07544761904761904,AM1BCC,AmberTools,,,C,,8,[H:16][C:7]1([C:6]([C:5]([C:4]([C:9]([C:8]1([H:18])[H:19])([H:20])[H:21])([H:11])[C:2](=[O:1])[O:3][H:10])([H:12])[H:13])([H:14])[H:15])[H:17],2.0,3.0
8,-0.07394761904761904,AM1BCC,AmberTools,,,C,,9,[H:16][C:7]1([C:6]([C:5]([C:4]([C:9]([C:8]1([H:18])[H:19])([H:20])[H:21])([H:11])[C:2](=[O:1])[O:3][H:10])([H:12])[H:13])([H:14])[H:15])[H:17],2.0,3.0
9,0.441952380952381,AM1BCC,AmberTools,,,H,,10,[H:16][C:7]1([C:6]([C:5]([C:4]([C:9]([C:8]1([H:18])[H:19])([H:20])[H:21])([H:11])[C:2](=[O:1])[O:3][H:10])([H:12])[H:13])([H:14])[H:15])[H:17],2.0,3.0
10,0.08265238095238095,AM1BCC,AmberTools,,,H,,11,[H:16][C:7]1([C:6]([C:5]([C:4]([C:9]([C:8]1([H:18])[H:19])([H:20])[H:21])([H:11])[C:2](=[O:1])[O:3][H:10])([H:12])[H:13])([H:14])[H:15])[H:17],2.0,3.0
11,0.05515238095238096,AM1BCC,AmberTools,,,H,,12,[H:16][C:7]1([C:6]([C:5]([C:4]([C:9]([C:8]1([H:18])[H:19])([H:20])[H:21])([H:11])[C:2](=[O:1])[O:3][H:10])([H:12])[H:13])([H:14])[H:15])[H:17],2.0,3.0
12,0.05515238095238096,AM1BCC,AmberTools,,,H,,13,[H:16][C:7]1([C:6]([C:5]([C:4]([C:9]([C:8]1([H:18])[H:19])([H:20])[H:21])([H:11])[C:2](=[O:1])[O:3][H:10])([H:12])[H:13])([H:14])[H:15])[H:17],2.0,3.0
13,0.044402380952380964,AM1BCC,AmberTools,,,H,,14,[H:16][C:7]1([C:6]([C:5]([C:4]([C:9]([C:8]1([H:18])[H:19])([H:20])[H:21])([H:11])[C:2](=[O:1])[O:3][H:10])([H:12])[H:13])([H:14])[H:15])[H:17],2.0,3.0
14,0.044402380952380964,AM1BCC,AmberTools,,,H,,15,[H:16][C:7]1([C:6]([C:5]([C:4]([C:9]([C:8]1([H:18])[H:19])([H:20])[H:21])([H:11])[C:2](=[O:1])[O:3][H:10])([H:12])[H:13])([H:14])[H:15])[H:17],2.0,3.0
15,0.04215238095238096,AM1BCC,AmberTools,,,H,,16,[H:16][C:7]1([C:6]([C:5]([C:4]([C:9]([C:8]1([H:18])[H:19])([H:20])[H:21])([H:11])[C:2](=[O:1])[O:3][H:10])([H:12])[H:13])([H:14])[H:15])[H:17],2.0,3.0
16,0.04215238095238096,AM1BCC,AmberTools,,,H,,17,[H:16][C:7]1([C:6]([C:5]([C:4]([C:9]([C:8]1([H:18])[H:19])([H:20])[H:21])([H:11])[C:2](=[O:1])[O:3][H:10])([H:12])[H:13])([H:14])[H:15])[H:17],2.0,3.0
17,0.044402380952380964,AM1BCC,AmberTools,,,H,,18,[H:16][C:7]1([C:6]([C:5]([C:4]([C:9]([C:8]1([H:18])[H:19])([H:20])[H:21])([H:11])[C:2](=[O:1])[O:3][H:10])([H:12])[H:13])([H:14])[H:15])[H:17],2.0,3.0
18,0.044402380952380964,AM1BCC,AmberTools,,,H,,19,[H:16][C:7]1([C:6]([C:5]([C:4]([C:9]([C:8]1([H:18])[H:19])([H:20])[H:21])([H:11])[C:2](=[O:1])[O:3][H:10])([H:12])[H:13])([H:14])[H:15])[H:17],2.0,3.0
19,0.05515238095238096,AM1BCC,AmberTools,,,H,,20,[H:16][C:7]1([C:6]([C:5]([C:4]([C:9]([C:8]1([H:18])[H:19])([H:20])[H:21])([H:11])[C:2](=[O:1])[O:3][H:10])([H:12])[H:13])([H:14])[H:15])[H:17],2.0,3.0
20,0.05515238095238096,AM1BCC,AmberTools,,,H,,21,[H:16][C:7]1([C:6]([C:5]([C:4]([C:9]([C:8]1([H:18])[H:19])([H:20])[H:21])([H:11])[C:2](=[O:1])[O:3][H:10])([H:12])[H:13])([H:14])[H:15])[H:17],2.0,3.0
0,-0.5531499988975979,AM1BCC,OpenEye,,,O,,1,[H:16][C:7]1([C:6]([C:5]([C:4]([C:9]([C:8]1([H:18])[H:19])([H:20])[H:21])([H:11])[C:2](=[O:1])[O:3][H:10])([H:12])[H:13])([H:14])[H:15])[H:17],2.0,4.0
1,0.6332700245437168,AM1BCC,OpenEye,,,C,,2,[H:16][C:7]1([C:6]([C:5]([C:4]([C:9]([C:8]1([H:18])[H:19])([H:20])[H:21])([H:11])[C:2](=[O:1])[O:3][H:10])([H:12])[H:13])([H:14])[H:15])[H:17],2.0,4.0
2,-0.6009200222435451,AM1BCC,OpenEye,,,O,,3,[H:16][C:7]1([C:6]([C:5]([C:4]([C:9]([C:8]1([H:18])[H:19])([H:20])[H:21])([H:11])[C:2](=[O:1])[O:3][H:10])([H:12])[H:13])([H:14])[H:15])[H:17],2.0,4.0
3,-0.10565999966292154,AM1BCC,OpenEye,,,C,,4,[H:16][C:7]1([C:6]([C:5]([C:4]([C:9]([C:8]1([H:18])[H:19])([H:20])[H:21])([H:11])[C:2](=[O:1])[O:3][H:10])([H:12])[H:13])([H:14])[H:15])[H:17],2.0,4.0
4,-0.0743900023045994,AM1BCC,OpenEye,,,C,,5,[H:16][C:7]1([C:6]([C:5]([C:4]([C:9]([C:8]1([H:18])[H:19])([H:20])[H:21])([H:11])[C:2](=[O:1])[O:3][H:10])([H:12])[H:13])([H:14])[H:15])[H:17],2.0,4.0
5,-0.07590000402359735,AM1BCC,OpenEye,,,C,,6,[H:16][C:7]1([C:6]([C:5]([C:4]([C:9]([C:8]1([H:18])[H:19])([H:20])[H:21])([H:11])[C:2](=[O:1])[O:3][H:10])([H:12])[H:13])([H:14])[H:15])[H:17],2.0,4.0
6,-0.07988999854950678,AM1BCC,OpenEye,,,C,,7,[H:16][C:7]1([C:6]([C:5]([C:4]([C:9]([C:8]1([H:18])[H:19])([H:20])[H:21])([H:11])[C:2](=[O:1])[O:3][H:10])([H:12])[H:13])([H:14])[H:15])[H:17],2.0,4.0
7,-0.07590000402359735,AM1BCC,OpenEye,,,C,,8,[H:16][C:7]1([C:6]([C:5]([C:4]([C:9]([C:8]1([H:18])[H:19])([H:20])[H:21])([H:11])[C:2](=[O:1])[O:3][H:10])([H:12])[H:13])([H:14])[H:15])[H:17],2.0,4.0
8,-0.0743900023045994,AM1BCC,OpenEye,,,C,,9,[H:16][C:7]1([C:6]([C:5]([C:4]([C:9]([C:8]1([H:18])[H:19])([H:20])[H:21])([H:11])[C:2](=[O:1])[O:3][H:10])([H:12])[H:13])([H:14])[H:15])[H:17],2.0,4.0
9,0.4429500095901035,AM1BCC,OpenEye,,,H,,10,[H:16][C:7]1([C:6]([C:5]([C:4]([C:9]([C:8]1([H:18])[H:19])([H:20])[H:21])([H:11])[C:2](=[O:1])[O:3][H:10])([H:12])[H:13])([H:14])[H:15])[H:17],2.0,4.0
10,0.08099999952883948,AM1BCC,OpenEye,,,H,,11,[H:16][C:7]1([C:6]([C:5]([C:4]([C:9]([C:8]1([H:18])[H:19])([H:20])[H:21])([H:11])[C:2](=[O:1])[O:3][H:10])([H:12])[H:13])([H:14])[H:15])[H:17],2.0,4.0
11,0.05589000064702261,AM1BCC,OpenEye,,,H,,12,[H:16][C:7]1([C:6]([C:5]([C:4]([C:9]([C:8]1([H:18])[H:19])([H:20])[H:21])([H:11])[C:2](=[O:1])[O:3][H:10])([H:12])[H:13])([H:14])[H:15])[H:17],2.0,4.0
12,0.05589000064702261,AM1BCC,OpenEye,,,H,,13,[H:16][C:7]1([C:6]([C:5]([C:4]([C:9]([C:8]1([H:18])[H:19])([H:20])[H:21])([H:11])[C:2](=[O:1])[O:3][H:10])([H:12])[H:13])([H:14])[H:15])[H:17],2.0,4.0
13,0.043889998680069334,AM1BCC,OpenEye,,,H,,14,[H:16][C:7]1([C:6]([C:5]([C:4]([C:9]([C:8]1([H:18])[H:19])([H:20])[H:21])([H:11])[C:2](=[O:1])[O:3][H:10])([H:12])[H:13])([H:14])[H:15])[H:17],2.0,4.0
14,0.043889998680069334,AM1BCC,OpenEye,,,H,,15,[H:16][C:7]1([C:6]([C:5]([C:4]([C:9]([C:8]1([H:18])[H:19])([H:20])[H:21])([H:11])[C:2](=[O:1])[O:3][H:10])([H:12])[H:13])([H:14])[H:15])[H:17],2.0,4.0
15,0.04193000051946867,AM1BCC,OpenEye,,,H,,16,[H:16][C:7]1([C:6]([C:5]([C:4]([C:9]([C:8]1([H:18])[H:19])([H:20])[H:21])([H:11])[C:2](=[O:1])[O:3][H:10])([H:12])[H:13])([H:14])[H:15])[H:17],2.0,4.0
16,0.04193000051946867,AM1BCC,OpenEye,,,H,,17,[H:16][C:7]1([C:6]([C:5]([C:4]([C:9]([C:8]1([H:18])[H:19])([H:20])[H:21])([H:11])[C:2](=[O:1])[O:3][H:10])([H:12])[H:13])([H:14])[H:15])[H:17],2.0,4.0
17,0.043889998680069334,AM1BCC,OpenEye,,,H,,18,[H:16][C:7]1([C:6]([C:5]([C:4]([C:9]([C:8]1([H:18])[H:19])([H:20])[H:21])([H:11])[C:2](=[O:1])[O:3][H:10])([H:12])[H:13])([H:14])[H:15])[H:17],2.0,4.0
18,0.043889998680069334,AM1BCC,OpenEye,,,H,,19,[H:16][C:7]1([C:6]([C:5]([C:4]([C:9]([C:8]1([H:18])[H:19])([H:20])[H:21])([H:11])[C:2](=[O:1])[O:3][H:10])([H:12])[H:13])([H:14])[H:15])[H:17],2.0,4.0
19,0.05589000064702261,AM1BCC,OpenEye,,,H,,20,[H:16][C:7]1([C:6]([C:5]([C:4]([C:9]([C:8]1([H:18])[H:19])([H:20])[H:21])([H:11])[C:2](=[O:1])[O:3][H:10])([H:12])[H:13])([H:14])[H:15])[H:17],2.0,4.0
20,0.05589000064702261,AM1BCC,OpenEye,,,H,,21,[H:16][C:7]1([C:6]([C:5]([C:4]([C:9]([C:8]1([H:18])[H:19])([H:20])[H:21])([H:11])[C:2](=[O:1])[O:3][H:10])([H:12])[H:13])([H:14])[H:15])[H:17],2.0,4.0
0,-0.550952380952381,AM1BCC,AmberTools,,,O,,1,[H:16][C:7]1([C:6]([C:5]([C:4]([C:9]([C:8]1([H:18])[H:19])([H:20])[H:21])([H:11])[C:2](=[O:1])[O:3][H:10])([H:12])[H:13])([H:14])[H:15])[H:17],2.0,4.0
1,0.6361476190476191,AM1BCC,AmberTools,,,C,,2,[H:16][C:7]1([C:6]([C:5]([C:4]([C:9]([C:8]1([H:18])[H:19])([H:20])[H:21])([H:11])[C:2](=[O:1])[O:3][H:10])([H:12])[H:13])([H:14])[H:15])[H:17],2.0,4.0
2,-0.6100523809523809,AM1BCC,AmberTools,,,O,,3,[H:16][C:7]1([C:6]([C:5]([C:4]([C:9]([C:8]1([H:18])[H:19])([H:20])[H:21])([H:11])[C:2](=[O:1])[O:3][H:10])([H:12])[H:13])([H:14])[H:15])[H:17],2.0,4.0
3,-0.10365238095238094,AM1BCC,AmberTools,,,C,,4,[H:16][C:7]1([C:6]([C:5]([C:4]([C:9]([C:8]1([H:18])[H:19])([H:20])[H:21])([H:11])[C:2](=[O:1])[O:3][H:10])([H:12])[H:13])([H:14])[H:15])[H:17],2.0,4.0
4,-0.07385238095238093,AM1BCC,AmberTools,,,C,,5,[H:16][C:7]1([C:6]([C:5]([C:4]([C:9]([C:8]1([H:18])[H:19])([H:20])[H:21])([H:11])[C:2](=[O:1])[O:3][H:10])([H:12])[H:13])([H:14])[H:15])[H:17],2.0,4.0
5,-0.07535238095238093,AM1BCC,AmberTools,,,C,,6,[H:16][C:7]1([C:6]([C:5]([C:4]([C:9]([C:8]1([H:18])[H:19])([H:20])[H:21])([H:11])[C:2](=[O:1])[O:3][H:10])([H:12])[H:13])([H:14])[H:15])[H:17],2.0,4.0
6,-0.07935238095238094,AM1BCC,AmberTools,,,C,,7,[H:16][C:7]1([C:6]([C:5]([C:4]([C:9]([C:8]1([H:18])[H:19])([H:20])[H:21])([H:11])[C:2](=[O:1])[O:3][H:10])([H:12])[H:13])([H:14])[H:15])[H:17],2.0,4.0
7,-0.07535238095238093,AM1BCC,AmberTools,,,C,,8,[H:16][C:7]1([C:6]([C:5]([C:4]([C:9]([C:8]1([H:18])[H:19])([H:20])[H:21])([H:11])[C:2](=[O:1])[O:3][H:10])([H:12])[H:13])([H:14])[H:15])[H:17],2.0,4.0
8,-0.07385238095238093,AM1BCC,AmberTools,,,C,,9,[H:16][C:7]1([C:6]([C:5]([C:4]([C:9]([C:8]1([H:18])[H:19])([H:20])[H:21])([H:11])[C:2](=[O:1])[O:3][H:10])([H:12])[H:13])([H:14])[H:15])[H:17],2.0,4.0
9,0.4420476190476191,AM1BCC,AmberTools,,,H,,10,[H:16][C:7]1([C:6]([C:5]([C:4]([C:9]([C:8]1([H:18])[H:19])([H:20])[H:21])([H:11])[C:2](=[O:1])[O:3][H:10])([H:12])[H:13])([H:14])[H:15])[H:17],2.0,4.0
10,0.08274761904761906,AM1BCC,AmberTools,,,H,,11,[H:16][C:7]1([C:6]([C:5]([C:4]([C:9]([C:8]1([H:18])[H:19])([H:20])[H:21])([H:11])[C:2](=[O:1])[O:3][H:10])([H:12])[H:13])([H:14])[H:15])[H:17],2.0,4.0
11,0.05499761904761906,AM1BCC,AmberTools,,,H,,12,[H:16][C:7]1([C:6]([C:5]([C:4]([C:9]([C:8]1([H:18])[H:19])([H:20])[H:21])([H:11])[C:2](=[O:1])[O:3][H:10])([H:12])[H:13])([H:14])[H:15])[H:17],2.0,4.0
12,0.05499761904761906,AM1BCC,AmberTools,,,H,,13,[H:16][C:7]1([C:6]([C:5]([C:4]([C:9]([C:8]1([H:18])[H:19])([H:20])[H:21])([H:11])[C:2](=[O:1])[O:3][H:10])([H:12])[H:13])([H:14])[H:15])[H:17],2.0,4.0
13,0.044497619047619064,AM1BCC,AmberTools,,,H,,14,[H:16][C:7]1([C:6]([C:5]([C:4]([C:9]([C:8]1([H:18])[H:19])([H:20])[H:21])([H:11])[C:2](=[O:1])[O:3][H:10])([H:12])[H:13])([H:14])[H:15])[H:17],2.0,4.0
14,0.044497619047619064,AM1BCC,AmberTools,,,H,,15,[H:16][C:7]1([C:6]([C:5]([C:4]([C:9]([C:8]1([H:18])[H:19])([H:20])[H:21])([H:11])[C:2](=[O:1])[O:3][H:10])([H:12])[H:13])([H:14])[H:15])[H:17],2.0,4.0
15,0.04174761904761906,AM1BCC,AmberTools,,,H,,16,[H:16][C:7]1([C:6]([C:5]([C:4]([C:9]([C:8]1([H:18])[H:19])([H:20])[H:21])([H:11])[C:2](=[O:1])[O:3][H:10])([H:12])[H:13])([H:14])[H:15])[H:17],2.0,4.0
16,0.04174761904761906,AM1BCC,AmberTools,,,H,,17,[H:16][C:7]1([C:6]([C:5]([C:4]([C:9]([C:8]1([H:18])[H:19])([H:20])[H:21])([H:11])[C:2](=[O:1])[O:3][H:10])([H:12])[H:13])([H:14])[H:15])[H:17],2.0,4.0
17,0.044497619047619064,AM1BCC,AmberTools,,,H,,18,[H:16][C:7]1([C:6]([C:5]([C:4]([C:9]([C:8]1([H:18])[H:19])([H:20])[H:21])([H:11])[C:2](=[O:1])[O:3][H:10])([H:12])[H:13])([H:14])[H:15])[H:17],2.0,4.0
18,0.044497619047619064,AM1BCC,AmberTools,,,H,,19,[H:16][C:7]1([C:6]([C:5]([C:4]([C:9]([C:8]1([H:18])[H:19])([H:20])[H:21])([H:11])[C:2](=[O:1])[O:3][H:10])([H:12])[H:13])([H:14])[H:15])[H:17],2.0,4.0
19,0.05499761904761906,AM1BCC,AmberTools,,,H,,20,[H:16][C:7]1([C:6]([C:5]([C:4]([C:9]([C:8]1([H:18])[H:19])([H:20])[H:21])([H:11])[C:2](=[O:1])[O:3][H:10])([H:12])[H:13])([H:14])[H:15])[H:17],2.0,4.0
20,0.05499761904761906,AM1BCC,AmberTools,,,H,,21,[H:16][C:7]1([C:6]([C:5]([C:4]([C:9]([C:8]1([H:18])[H:19])([H:20])[H:21])([H:11])[C:2](=[O:1])[O:3][H:10])([H:12])[H:13])([H:14])[H:15])[H:17],2.0,4.0
0,-0.5531499988975979,AM1BCC,OpenEye,,,O,,1,[H:16][C:7]1([C:6]([C:5]([C:4]([C:9]([C:8]1([H:18])[H:19])([H:20])[H:21])([H:11])[C:2](=[O:1])[O:3][H:10])([H:12])[H:13])([H:14])[H:15])[H:17],2.0,5.0
1,0.6332700245437168,AM1BCC,OpenEye,,,C,,2,[H:16][C:7]1([C:6]([C:5]([C:4]([C:9]([C:8]1([H:18])[H:19])([H:20])[H:21])([H:11])[C:2](=[O:1])[O:3][H:10])([H:12])[H:13])([H:14])[H:15])[H:17],2.0,5.0
2,-0.6009200222435451,AM1BCC,OpenEye,,,O,,3,[H:16][C:7]1([C:6]([C:5]([C:4]([C:9]([C:8]1([H:18])[H:19])([H:20])[H:21])([H:11])[C:2](=[O:1])[O:3][H:10])([H:12])[H:13])([H:14])[H:15])[H:17],2.0,5.0
3,-0.10565999966292154,AM1BCC,OpenEye,,,C,,4,[H:16][C:7]1([C:6]([C:5]([C:4]([C:9]([C:8]1([H:18])[H:19])([H:20])[H:21])([H:11])[C:2](=[O:1])[O:3][H:10])([H:12])[H:13])([H:14])[H:15])[H:17],2.0,5.0
4,-0.0743900023045994,AM1BCC,OpenEye,,,C,,5,[H:16][C:7]1([C:6]([C:5]([C:4]([C:9]([C:8]1([H:18])[H:19])([H:20])[H:21])([H:11])[C:2](=[O:1])[O:3][H:10])([H:12])[H:13])([H:14])[H:15])[H:17],2.0,5.0
5,-0.07590000402359735,AM1BCC,OpenEye,,,C,,6,[H:16][C:7]1([C:6]([C:5]([C:4]([C:9]([C:8]1([H:18])[H:19])([H:20])[H:21])([H:11])[C:2](=[O:1])[O:3][H:10])([H:12])[H:13])([H:14])[H:15])[H:17],2.0,5.0
6,-0.07988999854950678,AM1BCC,OpenEye,,,C,,7,[H:16][C:7]1([C:6]([C:5]([C:4]([C:9]([C:8]1([H:18])[H:19])([H:20])[H:21])([H:11])[C:2](=[O:1])[O:3][H:10])([H:12])[H:13])([H:14])[H:15])[H:17],2.0,5.0
7,-0.07590000402359735,AM1BCC,OpenEye,,,C,,8,[H:16][C:7]1([C:6]([C:5]([C:4]([C:9]([C:8]1([H:18])[H:19])([H:20])[H:21])([H:11])[C:2](=[O:1])[O:3][H:10])([H:12])[H:13])([H:14])[H:15])[H:17],2.0,5.0
8,-0.0743900023045994,AM1BCC,OpenEye,,,C,,9,[H:16][C:7]1([C:6]([C:5]([C:4]([C:9]([C:8]1([H:18])[H:19])([H:20])[H:21])([H:11])[C:2](=[O:1])[O:3][H:10])([H:12])[H:13])([H:14])[H:15])[H:17],2.0,5.0
9,0.4429500095901035,AM1BCC,OpenEye,,,H,,10,[H:16][C:7]1([C:6]([C:5]([C:4]([C:9]([C:8]1([H:18])[H:19])([H:20])[H:21])([H:11])[C:2](=[O:1])[O:3][H:10])([H:12])[H:13])([H:14])[H:15])[H:17],2.0,5.0
10,0.08099999952883948,AM1BCC,OpenEye,,,H,,11,[H:16][C:7]1([C:6]([C:5]([C:4]([C:9]([C:8]1([H:18])[H:19])([H:20])[H:21])([H:11])[C:2](=[O:1])[O:3][H:10])([H:12])[H:13])([H:14])[H:15])[H:17],2.0,5.0
11,0.05589000064702261,AM1BCC,OpenEye,,,H,,12,[H:16][C:7]1([C:6]([C:5]([C:4]([C:9]([C:8]1([H:18])[H:19])([H:20])[H:21])([H:11])[C:2](=[O:1])[O:3][H:10])([H:12])[H:13])([H:14])[H:15])[H:17],2.0,5.0
12,0.05589000064702261,AM1BCC,OpenEye,,,H,,13,[H:16][C:7]1([C:6]([C:5]([C:4]([C:9]([C:8]1([H:18])[H:19])([H:20])[H:21])([H:11])[C:2](=[O:1])[O:3][H:10])([H:12])[H:13])([H:14])[H:15])[H:17],2.0,5.0
13,0.043889998680069334,AM1BCC,OpenEye,,,H,,14,[H:16][C:7]1([C:6]([C:5]([C:4]([C:9]([C:8]1([H:18])[H:19])([H:20])[H:21])([H:11])[C:2](=[O:1])[O:3][H:10])([H:12])[H:13])([H:14])[H:15])[H:17],2.0,5.0
14,0.043889998680069334,AM1BCC,OpenEye,,,H,,15,[H:16][C:7]1([C:6]([C:5]([C:4]([C:9]([C:8]1([H:18])[H:19])([H:20])[H:21])([H:11])[C:2](=[O:1])[O:3][H:10])([H:12])[H:13])([H:14])[H:15])[H:17],2.0,5.0
15,0.04193000051946867,AM1BCC,OpenEye,,,H,,16,[H:16][C:7]1([C:6]([C:5]([C:4]([C:9]([C:8]1([H:18])[H:19])([H:20])[H:21])([H:11])[C:2](=[O:1])[O:3][H:10])([H:12])[H:13])([H:14])[H:15])[H:17],2.0,5.0
16,0.04193000051946867,AM1BCC,OpenEye,,,H,,17,[H:16][C:7]1([C:6]([C:5]([C:4]([C:9]([C:8]1([H:18])[H:19])([H:20])[H:21])([H:11])[C:2](=[O:1])[O:3][H:10])([H:12])[H:13])([H:14])[H:15])[H:17],2.0,5.0
17,0.043889998680069334,AM1BCC,OpenEye,,,H,,18,[H:16][C:7]1([C:6]([C:5]([C:4]([C:9]([C:8]1([H:18])[H:19])([H:20])[H:21])([H:11])[C:2](=[O:1])[O:3][H:10])([H:12])[H:13])([H:14])[H:15])[H:17],2.0,5.0
18,0.043889998680069334,AM1BCC,OpenEye,,,H,,19,[H:16][C:7]1([C:6]([C:5]([C:4]([C:9]([C:8]1([H:18])[H:19])([H:20])[H:21])([H:11])[C:2](=[O:1])[O:3][H:10])([H:12])[H:13])([H:14])[H:15])[H:17],2.0,5.0
19,0.05589000064702261,AM1BCC,OpenEye,,,H,,20,[H:16][C:7]1([C:6]([C:5]([C:4]([C:9]([C:8]1([H:18])[H:19])([H:20])[H:21])([H:11])[C:2](=[O:1])[O:3][H:10])([H:12])[H:13])([H:14])[H:15])[H:17],2.0,5.0
20,0.05589000064702261,AM1BCC,OpenEye,,,H,,21,[H:16][C:7]1([C:6]([C:5]([C:4]([C:9]([C:8]1([H:18])[H:19])([H:20])[H:21])([H:11])[C:2](=[O:1])[O:3][H:10])([H:12])[H:13])([H:14])[H:15])[H:17],2.0,5.0
0,-0.551,AM1BCC,AmberTools,,,O,,1,[H:16][C:7]1([C:6]([C:5]([C:4]([C:9]([C:8]1([H:18])[H:19])([H:20])[H:21])([H:11])[C:2](=[O:1])[O:3][H:10])([H:12])[H:13])([H:14])[H:15])[H:17],2.0,5.0
1,0.6361,AM1BCC,AmberTools,,,C,,2,[H:16][C:7]1([C:6]([C:5]([C:4]([C:9]([C:8]1([H:18])[H:19])([H:20])[H:21])([H:11])[C:2](=[O:1])[O:3][H:10])([H:12])[H:13])([H:14])[H:15])[H:17],2.0,5.0
2,-0.6101,AM1BCC,AmberTools,,,O,,3,[H:16][C:7]1([C:6]([C:5]([C:4]([C:9]([C:8]1([H:18])[H:19])([H:20])[H:21])([H:11])[C:2](=[O:1])[O:3][H:10])([H:12])[H:13])([H:14])[H:15])[H:17],2.0,5.0
3,-0.10369999999999999,AM1BCC,AmberTools,,,C,,4,[H:16][C:7]1([C:6]([C:5]([C:4]([C:9]([C:8]1([H:18])[H:19])([H:20])[H:21])([H:11])[C:2](=[O:1])[O:3][H:10])([H:12])[H:13])([H:14])[H:15])[H:17],2.0,5.0
4,-0.07389999999999998,AM1BCC,AmberTools,,,C,,5,[H:16][C:7]1([C:6]([C:5]([C:4]([C:9]([C:8]1([H:18])[H:19])([H:20])[H:21])([H:11])[C:2](=[O:1])[O:3][H:10])([H:12])[H:13])([H:14])[H:15])[H:17],2.0,5.0
5,-0.07539999999999998,AM1BCC,AmberTools,,,C,,6,[H:16][C:7]1([C:6]([C:5]([C:4]([C:9]([C:8]1([H:18])[H:19])([H:20])[H:21])([H:11])[C:2](=[O:1])[O:3][H:10])([H:12])[H:13])([H:14])[H:15])[H:17],2.0,5.0
6,-0.07939999999999998,AM1BCC,AmberTools,,,C,,7,[H:16][C:7]1([C:6]([C:5]([C:4]([C:9]([C:8]1([H:18])[H:19])([H:20])[H:21])([H:11])[C:2](=[O:1])[O:3][H:10])([H:12])[H:13])([H:14])[H:15])[H:17],2.0,5.0
7,-0.07539999999999998,AM1BCC,AmberTools,,,C,,8,[H:16][C:7]1([C:6]([C:5]([C:4]([C:9]([C:8]1([H:18])[H:19])([H:20])[H:21])([H:11])[C:2](=[O:1])[O:3][H:10])([H:12])[H:13])([H:14])[H:15])[H:17],2.0,5.0
8,-0.07389999999999998,AM1BCC,AmberTools,,,C,,9,[H:16][C:7]1([C:6]([C:5]([C:4]([C:9]([C:8]1([H:18])[H:19])([H:20])[H:21])([H:11])[C:2](=[O:1])[O:3][H:10])([H:12])[H:13])([H:14])[H:15])[H:17],2.0,5.0
9,0.442,AM1BCC,AmberTools,,,H,,10,[H:16][C:7]1([C:6]([C:5]([C:4]([C:9]([C:8]1([H:18])[H:19])([H:20])[H:21])([H:11])[C:2](=[O:1])[O:3][H:10])([H:12])[H:13])([H:14])[H:15])[H:17],2.0,5.0
10,0.08270000000000001,AM1BCC,AmberTools,,,H,,11,[H:16][C:7]1([C:6]([C:5]([C:4]([C:9]([C:8]1([H:18])[H:19])([H:20])[H:21])([H:11])[C:2](=[O:1])[O:3][H:10])([H:12])[H:13])([H:14])[H:15])[H:17],2.0,5.0
11,0.055200000000000006,AM1BCC,AmberTools,,,H,,12,[H:16][C:7]1([C:6]([C:5]([C:4]([C:9]([C:8]1([H:18])[H:19])([H:20])[H:21])([H:11])[C:2](=[O:1])[O:3][H:10])([H:12])[H:13])([H:14])[H:15])[H:17],2.0,5.0
12,0.055200000000000006,AM1BCC,AmberTools,,,H,,13,[H:16][C:7]1([C:6]([C:5]([C:4]([C:9]([C:8]1([H:18])[H:19])([H:20])[H:21])([H:11])[C:2](=[O:1])[O:3][H:10])([H:12])[H:13])([H:14])[H:15])[H:17],2.0,5.0
13,0.04445000000000001,AM1BCC,AmberTools,,,H,,14,[H:16][C:7]1([C:6]([C:5]([C:4]([C:9]([C:8]1([H:18])[H:19])([H:20])[H:21])([H:11])[C:2](=[O:1])[O:3][H:10])([H:12])[H:13])([H:14])[H:15])[H:17],2.0,5.0
14,0.04445000000000001,AM1BCC,AmberTools,,,H,,15,[H:16][C:7]1([C:6]([C:5]([C:4]([C:9]([C:8]1([H:18])[H:19])([H:20])[H:21])([H:11])[C:2](=[O:1])[O:3][H:10])([H:12])[H:13])([H:14])[H:15])[H:17],2.0,5.0
15,0.04170000000000001,AM1BCC,AmberTools,,,H,,16,[H:16][C:7]1([C:6]([C:5]([C:4]([C:9]([C:8]1([H:18])[H:19])([H:20])[H:21])([H:11])[C:2](=[O:1])[O:3][H:10])([H:12])[H:13])([H:14])[H:15])[H:17],2.0,5.0
16,0.04170000000000001,AM1BCC,AmberTools,,,H,,17,[H:16][C:7]1([C:6]([C:5]([C:4]([C:9]([C:8]1([H:18])[H:19])([H:20])[H:21])([H:11])[C:2](=[O:1])[O:3][H:10])([H:12])[H:13])([H:14])[H:15])[H:17],2.0,5.0
17,0.04445000000000001,AM1BCC,AmberTools,,,H,,18,[H:16][C:7]1([C:6]([C:5]([C:4]([C:9]([C:8]1([H:18])[H:19])([H:20])[H:21])([H:11])[C:2](=[O:1])[O:3][H:10])([H:12])[H:13])([H:14])[H:15])[H:17],2.0,5.0
18,0.04445000000000001,AM1BCC,AmberTools,,,H,,19,[H:16][C:7]1([C:6]([C:5]([C:4]([C:9]([C:8]1([H:18])[H:19])([H:20])[H:21])([H:11])[C:2](=[O:1])[O:3][H:10])([H:12])[H:13])([H:14])[H:15])[H:17],2.0,5.0
19,0.055200000000000006,AM1BCC,AmberTools,,,H,,20,[H:16][C:7]1([C:6]([C:5]([C:4]([C:9]([C:8]1([H:18])[H:19])([H:20])[H:21])([H:11])[C:2](=[O:1])[O:3][H:10])([H:12])[H:13])([H:14])[H:15])[H:17],2.0,5.0
20,0.055200000000000006,AM1BCC,AmberTools,,,H,,21,[H:16][C:7]1([C:6]([C:5]([C:4]([C:9]([C:8]1([H:18])[H:19])([H:20])[H:21])([H:11])[C:2](=[O:1])[O:3][H:10])([H:12])[H:13])([H:14])[H:15])[H:17],2.0,5.0
0,-0.5531499988975979,AM1BCC,OpenEye,,,O,,1,[H:16][C:7]1([C:6]([C:5]([C:4]([C:9]([C:8]1([H:18])[H:19])([H:20])[H:21])([H:11])[C:2](=[O:1])[O:3][H:10])([H:12])[H:13])([H:14])[H:15])[H:17],2.0,6.0
1,0.6332700245437168,AM1BCC,OpenEye,,,C,,2,[H:16][C:7]1([C:6]([C:5]([C:4]([C:9]([C:8]1([H:18])[H:19])([H:20])[H:21])([H:11])[C:2](=[O:1])[O:3][H:10])([H:12])[H:13])([H:14])[H:15])[H:17],2.0,6.0
2,-0.6009200222435451,AM1BCC,OpenEye,,,O,,3,[H:16][C:7]1([C:6]([C:5]([C:4]([C:9]([C:8]1([H:18])[H:19])([H:20])[H:21])([H:11])[C:2](=[O:1])[O:3][H:10])([H:12])[H:13])([H:14])[H:15])[H:17],2.0,6.0
3,-0.10565999966292154,AM1BCC,OpenEye,,,C,,4,[H:16][C:7]1([C:6]([C:5]([C:4]([C:9]([C:8]1([H:18])[H:19])([H:20])[H:21])([H:11])[C:2](=[O:1])[O:3][H:10])([H:12])[H:13])([H:14])[H:15])[H:17],2.0,6.0
4,-0.0743900023045994,AM1BCC,OpenEye,,,C,,5,[H:16][C:7]1([C:6]([C:5]([C:4]([C:9]([C:8]1([H:18])[H:19])([H:20])[H:21])([H:11])[C:2](=[O:1])[O:3][H:10])([H:12])[H:13])([H:14])[H:15])[H:17],2.0,6.0
5,-0.07590000402359735,AM1BCC,OpenEye,,,C,,6,[H:16][C:7]1([C:6]([C:5]([C:4]([C:9]([C:8]1([H:18])[H:19])([H:20])[H:21])([H:11])[C:2](=[O:1])[O:3][H:10])([H:12])[H:13])([H:14])[H:15])[H:17],2.0,6.0
6,-0.07988999854950678,AM1BCC,OpenEye,,,C,,7,[H:16][C:7]1([C:6]([C:5]([C:4]([C:9]([C:8]1([H:18])[H:19])([H:20])[H:21])([H:11])[C:2](=[O:1])[O:3][H:10])([H:12])[H:13])([H:14])[H:15])[H:17],2.0,6.0
7,-0.07590000402359735,AM1BCC,OpenEye,,,C,,8,[H:16][C:7]1([C:6]([C:5]([C:4]([C:9]([C:8]1([H:18])[H:19])([H:20])[H:21])([H:11])[C:2](=[O:1])[O:3][H:10])([H:12])[H:13])([H:14])[H:15])[H:17],2.0,6.0
8,-0.0743900023045994,AM1BCC,OpenEye,,,C,,9,[H:16][C:7]1([C:6]([C:5]([C:4]([C:9]([C:8]1([H:18])[H:19])([H:20])[H:21])([H:11])[C:2](=[O:1])[O:3][H:10])([H:12])[H:13])([H:14])[H:15])[H:17],2.0,6.0
9,0.4429500095901035,AM1BCC,OpenEye,,,H,,10,[H:16][C:7]1([C:6]([C:5]([C:4]([C:9]([C:8]1([H:18])[H:19])([H:20])[H:21])([H:11])[C:2](=[O:1])[O:3][H:10])([H:12])[H:13])([H:14])[H:15])[H:17],2.0,6.0
10,0.08099999952883948,AM1BCC,OpenEye,,,H,,11,[H:16][C:7]1([C:6]([C:5]([C:4]([C:9]([C:8]1([H:18])[H:19])([H:20])[H:21])([H:11])[C:2](=[O:1])[O:3][H:10])([H:12])[H:13])([H:14])[H:15])[H:17],2.0,6.0
11,0.05589000064702261,AM1BCC,OpenEye,,,H,,12,[H:16][C:7]1([C:6]([C:5]([C:4]([C:9]([C:8]1([H:18])[H:19])([H:20])[H:21])([H:11])[C:2](=[O:1])[O:3][H:10])([H:12])[H:13])([H:14])[H:15])[H:17],2.0,6.0
12,0.05589000064702261,AM1BCC,OpenEye,,,H,,13,[H:16][C:7]1([C:6]([C:5]([C:4]([C:9]([C:8]1([H:18])[H:19])([H:20])[H:21])([H:11])[C:2](=[O:1])[O:3][H:10])([H:12])[H:13])([H:14])[H:15])[H:17],2.0,6.0
13,0.043889998680069334,AM1BCC,OpenEye,,,H,,14,[H:16][C:7]1([C:6]([C:5]([C:4]([C:9]([C:8]1([H:18])[H:19])([H:20])[H:21])([H:11])[C:2](=[O:1])[O:3][H:10])([H:12])[H:13])([H:14])[H:15])[H:17],2.0,6.0
14,0.043889998680069334,AM1BCC,OpenEye,,,H,,15,[H:16][C:7]1([C:6]([C:5]([C:4]([C:9]([C:8]1([H:18])[H:19])([H:20])[H:21])([H:11])[C:2](=[O:1])[O:3][H:10])([H:12])[H:13])([H:14])[H:15])[H:17],2.0,6.0
15,0.04193000051946867,AM1BCC,OpenEye,,,H,,16,[H:16][C:7]1([C:6]([C:5]([C:4]([C:9]([C:8]1([H:18])[H:19])([H:20])[H:21])([H:11])[C:2](=[O:1])[O:3][H:10])([H:12])[H:13])([H:14])[H:15])[H:17],2.0,6.0
16,0.04193000051946867,AM1BCC,OpenEye,,,H,,17,[H:16][C:7]1([C:6]([C:5]([C:4]([C:9]([C:8]1([H:18])[H:19])([H:20])[H:21])([H:11])[C:2](=[O:1])[O:3][H:10])([H:12])[H:13])([H:14])[H:15])[H:17],2.0,6.0
17,0.043889998680069334,AM1BCC,OpenEye,,,H,,18,[H:16][C:7]1([C:6]([C:5]([C:4]([C:9]([C:8]1([H:18])[H:19])([H:20])[H:21])([H:11])[C:2](=[O:1])[O:3][H:10])([H:12])[H:13])([H:14])[H:15])[H:17],2.0,6.0
18,0.043889998680069334,AM1BCC,OpenEye,,,H,,19,[H:16][C:7]1([C:6]([C:5]([C:4]([C:9]([C:8]1([H:18])[H:19])([H:20])[H:21])([H:11])[C:2](=[O:1])[O:3][H:10])([H:12])[H:13])([H:14])[H:15])[H:17],2.0,6.0
19,0.05589000064702261,AM1BCC,OpenEye,,,H,,20,[H:16][C:7]1([C:6]([C:5]([C:4]([C:9]([C:8]1([H:18])[H:19])([H:20])[H:21])([H:11])[C:2](=[O:1])[O:3][H:10])([H:12])[H:13])([H:14])[H:15])[H:17],2.0,6.0
20,0.05589000064702261,AM1BCC,OpenEye,,,H,,21,[H:16][C:7]1([C:6]([C:5]([C:4]([C:9]([C:8]1([H:18])[H:19])([H:20])[H:21])([H:11])[C:2](=[O:1])[O:3][H:10])([H:12])[H:13])([H:14])[H:15])[H:17],2.0,6.0
0,-0.550952380952381,AM1BCC,AmberTools,,,O,,1,[H:16][C:7]1([C:6]([C:5]([C:4]([C:9]([C:8]1([H:18])[H:19])([H:20])[H:21])([H:11])[C:2](=[O:1])[O:3][H:10])([H:12])[H:13])([H:14])[H:15])[H:17],2.0,6.0
1,0.6361476190476191,AM1BCC,AmberTools,,,C,,2,[H:16][C:7]1([C:6]([C:5]([C:4]([C:9]([C:8]1([H:18])[H:19])([H:20])[H:21])([H:11])[C:2](=[O:1])[O:3][H:10])([H:12])[H:13])([H:14])[H:15])[H:17],2.0,6.0
2,-0.6100523809523809,AM1BCC,AmberTools,,,O,,3,[H:16][C:7]1([C:6]([C:5]([C:4]([C:9]([C:8]1([H:18])[H:19])([H:20])[H:21])([H:11])[C:2](=[O:1])[O:3][H:10])([H:12])[H:13])([H:14])[H:15])[H:17],2.0,6.0
3,-0.10365238095238094,AM1BCC,AmberTools,,,C,,4,[H:16][C:7]1([C:6]([C:5]([C:4]([C:9]([C:8]1([H:18])[H:19])([H:20])[H:21])([H:11])[C:2](=[O:1])[O:3][H:10])([H:12])[H:13])([H:14])[H:15])[H:17],2.0,6.0
4,-0.07385238095238093,AM1BCC,AmberTools,,,C,,5,[H:16][C:7]1([C:6]([C:5]([C:4]([C:9]([C:8]1([H:18])[H:19])([H:20])[H:21])([H:11])[C:2](=[O:1])[O:3][H:10])([H:12])[H:13])([H:14])[H:15])[H:17],2.0,6.0
5,-0.07535238095238093,AM1BCC,AmberTools,,,C,,6,[H:16][C:7]1([C:6]([C:5]([C:4]([C:9]([C:8]1([H:18])[H:19])([H:20])[H:21])([H:11])[C:2](=[O:1])[O:3][H:10])([H:12])[H:13])([H:14])[H:15])[H:17],2.0,6.0
6,-0.07935238095238094,AM1BCC,AmberTools,,,C,,7,[H:16][C:7]1([C:6]([C:5]([C:4]([C:9]([C:8]1([H:18])[H:19])([H:20])[H:21])([H:11])[C:2](=[O:1])[O:3][H:10])([H:12])[H:13])([H:14])[H:15])[H:17],2.0,6.0
7,-0.07535238095238093,AM1BCC,AmberTools,,,C,,8,[H:16][C:7]1([C:6]([C:5]([C:4]([C:9]([C:8]1([H:18])[H:19])([H:20])[H:21])([H:11])[C:2](=[O:1])[O:3][H:10])([H:12])[H:13])([H:14])[H:15])[H:17],2.0,6.0
8,-0.07385238095238093,AM1BCC,AmberTools,,,C,,9,[H:16][C:7]1([C:6]([C:5]([C:4]([C:9]([C:8]1([H:18])[H:19])([H:20])[H:21])([H:11])[C:2](=[O:1])[O:3][H:10])([H:12])[H:13])([H:14])[H:15])[H:17],2.0,6.0
9,0.4420476190476191,AM1BCC,AmberTools,,,H,,10,[H:16][C:7]1([C:6]([C:5]([C:4]([C:9]([C:8]1([H:18])[H:19])([H:20])[H:21])([H:11])[C:2](=[O:1])[O:3][H:10])([H:12])[H:13])([H:14])[H:15])[H:17],2.0,6.0
10,0.08274761904761906,AM1BCC,AmberTools,,,H,,11,[H:16][C:7]1([C:6]([C:5]([C:4]([C:9]([C:8]1([H:18])[H:19])([H:20])[H:21])([H:11])[C:2](=[O:1])[O:3][H:10])([H:12])[H:13])([H:14])[H:15])[H:17],2.0,6.0
11,0.05499761904761906,AM1BCC,AmberTools,,,H,,12,[H:16][C:7]1([C:6]([C:5]([C:4]([C:9]([C:8]1([H:18])[H:19])([H:20])[H:21])([H:11])[C:2](=[O:1])[O:3][H:10])([H:12])[H:13])([H:14])[H:15])[H:17],2.0,6.0
12,0.05499761904761906,AM1BCC,AmberTools,,,H,,13,[H:16][C:7]1([C:6]([C:5]([C:4]([C:9]([C:8]1([H:18])[H:19])([H:20])[H:21])([H:11])[C:2](=[O:1])[O:3][H:10])([H:12])[H:13])([H:14])[H:15])[H:17],2.0,6.0
13,0.044497619047619064,AM1BCC,AmberTools,,,H,,14,[H:16][C:7]1([C:6]([C:5]([C:4]([C:9]([C:8]1([H:18])[H:19])([H:20])[H:21])([H:11])[C:2](=[O:1])[O:3][H:10])([H:12])[H:13])([H:14])[H:15])[H:17],2.0,6.0
14,0.044497619047619064,AM1BCC,AmberTools,,,H,,15,[H:16][C:7]1([C:6]([C:5]([C:4]([C:9]([C:8]1([H:18])[H:19])([H:20])[H:21])([H:11])[C:2](=[O:1])[O:3][H:10])([H:12])[H:13])([H:14])[H:15])[H:17],2.0,6.0
15,0.04174761904761906,AM1BCC,AmberTools,,,H,,16,[H:16][C:7]1([C:6]([C:5]([C:4]([C:9]([C:8]1([H:18])[H:19])([H:20])[H:21])([H:11])[C:2](=[O:1])[O:3][H:10])([H:12])[H:13])([H:14])[H:15])[H:17],2.0,6.0
16,0.04174761904761906,AM1BCC,AmberTools,,,H,,17,[H:16][C:7]1([C:6]([C:5]([C:4]([C:9]([C:8]1([H:18])[H:19])([H:20])[H:21])([H:11])[C:2](=[O:1])[O:3][H:10])([H:12])[H:13])([H:14])[H:15])[H:17],2.0,6.0
17,0.044497619047619064,AM1BCC,AmberTools,,,H,,18,[H:16][C:7]1([C:6]([C:5]([C:4]([C:9]([C:8]1([H:18])[H:19])([H:20])[H:21])([H:11])[C:2](=[O:1])[O:3][H:10])([H:12])[H:13])([H:14])[H:15])[H:17],2.0,6.0
18,0.044497619047619064,AM1BCC,AmberTools,,,H,,19,[H:16][C:7]1([C:6]([C:5]([C:4]([C:9]([C:8]1([H:18])[H:19])([H:20])[H:21])([H:11])[C:2](=[O:1])[O:3][H:10])([H:12])[H:13])([H:14])[H:15])[H:17],2.0,6.0
19,0.05499761904761906,AM1BCC,AmberTools,,,H,,20,[H:16][C:7]1([C:6]([C:5]([C:4]([C:9]([C:8]1([H:18])[H:19])([H:20])[H:21])([H:11])[C:2](=[O:1])[O:3][H:10])([H:12])[H:13])([H:14])[H:15])[H:17],2.0,6.0
20,0.05499761904761906,AM1BCC,AmberTools,,,H,,21,[H:16][C:7]1([C:6]([C:5]([C:4]([C:9]([C:8]1([H:18])[H:19])([H:20])[H:21])([H:11])[C:2](=[O:1])[O:3][H:10])([H:12])[H:13])([H:14])[H:15])[H:17],2.0,6.0
0,-0.5531499988975979,AM1BCC,OpenEye,,,O,,1,[H:16][C:7]1([C:6]([C:5]([C:4]([C:9]([C:8]1([H:18])[H:19])([H:20])[H:21])([H:11])[C:2](=[O:1])[O:3][H:10])([H:12])[H:13])([H:14])[H:15])[H:17],2.0,7.0
1,0.6332700245437168,AM1BCC,OpenEye,,,C,,2,[H:16][C:7]1([C:6]([C:5]([C:4]([C:9]([C:8]1([H:18])[H:19])([H:20])[H:21])([H:11])[C:2](=[O:1])[O:3][H:10])([H:12])[H:13])([H:14])[H:15])[H:17],2.0,7.0
2,-0.6009200222435451,AM1BCC,OpenEye,,,O,,3,[H:16][C:7]1([C:6]([C:5]([C:4]([C:9]([C:8]1([H:18])[H:19])([H:20])[H:21])([H:11])[C:2](=[O:1])[O:3][H:10])([H:12])[H:13])([H:14])[H:15])[H:17],2.0,7.0
3,-0.10565999966292154,AM1BCC,OpenEye,,,C,,4,[H:16][C:7]1([C:6]([C:5]([C:4]([C:9]([C:8]1([H:18])[H:19])([H:20])[H:21])([H:11])[C:2](=[O:1])[O:3][H:10])([H:12])[H:13])([H:14])[H:15])[H:17],2.0,7.0
4,-0.0743900023045994,AM1BCC,OpenEye,,,C,,5,[H:16][C:7]1([C:6]([C:5]([C:4]([C:9]([C:8]1([H:18])[H:19])([H:20])[H:21])([H:11])[C:2](=[O:1])[O:3][H:10])([H:12])[H:13])([H:14])[H:15])[H:17],2.0,7.0
5,-0.07590000402359735,AM1BCC,OpenEye,,,C,,6,[H:16][C:7]1([C:6]([C:5]([C:4]([C:9]([C:8]1([H:18])[H:19])([H:20])[H:21])([H:11])[C:2](=[O:1])[O:3][H:10])([H:12])[H:13])([H:14])[H:15])[H:17],2.0,7.0
6,-0.07988999854950678,AM1BCC,OpenEye,,,C,,7,[H:16][C:7]1([C:6]([C:5]([C:4]([C:9]([C:8]1([H:18])[H:19])([H:20])[H:21])([H:11])[C:2](=[O:1])[O:3][H:10])([H:12])[H:13])([H:14])[H:15])[H:17],2.0,7.0
7,-0.07590000402359735,AM1BCC,OpenEye,,,C,,8,[H:16][C:7]1([C:6]([C:5]([C:4]([C:9]([C:8]1([H:18])[H:19])([H:20])[H:21])([H:11])[C:2](=[O:1])[O:3][H:10])([H:12])[H:13])([H:14])[H:15])[H:17],2.0,7.0
8,-0.0743900023045994,AM1BCC,OpenEye,,,C,,9,[H:16][C:7]1([C:6]([C:5]([C:4]([C:9]([C:8]1([H:18])[H:19])([H:20])[H:21])([H:11])[C:2](=[O:1])[O:3][H:10])([H:12])[H:13])([H:14])[H:15])[H:17],2.0,7.0
9,0.4429500095901035,AM1BCC,OpenEye,,,H,,10,[H:16][C:7]1([C:6]([C:5]([C:4]([C:9]([C:8]1([H:18])[H:19])([H:20])[H:21])([H:11])[C:2](=[O:1])[O:3][H:10])([H:12])[H:13])([H:14])[H:15])[H:17],2.0,7.0
10,0.08099999952883948,AM1BCC,OpenEye,,,H,,11,[H:16][C:7]1([C:6]([C:5]([C:4]([C:9]([C:8]1([H:18])[H:19])([H:20])[H:21])([H:11])[C:2](=[O:1])[O:3][H:10])([H:12])[H:13])([H:14])[H:15])[H:17],2.0,7.0
11,0.05589000064702261,AM1BCC,OpenEye,,,H,,12,[H:16][C:7]1([C:6]([C:5]([C:4]([C:9]([C:8]1([H:18])[H:19])([H:20])[H:21])([H:11])[C:2](=[O:1])[O:3][H:10])([H:12])[H:13])([H:14])[H:15])[H:17],2.0,7.0
12,0.05589000064702261,AM1BCC,OpenEye,,,H,,13,[H:16][C:7]1([C:6]([C:5]([C:4]([C:9]([C:8]1([H:18])[H:19])([H:20])[H:21])([H:11])[C:2](=[O:1])[O:3][H:10])([H:12])[H:13])([H:14])[H:15])[H:17],2.0,7.0
13,0.043889998680069334,AM1BCC,OpenEye,,,H,,14,[H:16][C:7]1([C:6]([C:5]([C:4]([C:9]([C:8]1([H:18])[H:19])([H:20])[H:21])([H:11])[C:2](=[O:1])[O:3][H:10])([H:12])[H:13])([H:14])[H:15])[H:17],2.0,7.0
14,0.043889998680069334,AM1BCC,OpenEye,,,H,,15,[H:16][C:7]1([C:6]([C:5]([C:4]([C:9]([C:8]1([H:18])[H:19])([H:20])[H:21])([H:11])[C:2](=[O:1])[O:3][H:10])([H:12])[H:13])([H:14])[H:15])[H:17],2.0,7.0
15,0.04193000051946867,AM1BCC,OpenEye,,,H,,16,[H:16][C:7]1([C:6]([C:5]([C:4]([C:9]([C:8]1([H:18])[H:19])([H:20])[H:21])([H:11])[C:2](=[O:1])[O:3][H:10])([H:12])[H:13])([H:14])[H:15])[H:17],2.0,7.0
16,0.04193000051946867,AM1BCC,OpenEye,,,H,,17,[H:16][C:7]1([C:6]([C:5]([C:4]([C:9]([C:8]1([H:18])[H:19])([H:20])[H:21])([H:11])[C:2](=[O:1])[O:3][H:10])([H:12])[H:13])([H:14])[H:15])[H:17],2.0,7.0
17,0.043889998680069334,AM1BCC,OpenEye,,,H,,18,[H:16][C:7]1([C:6]([C:5]([C:4]([C:9]([C:8]1([H:18])[H:19])([H:20])[H:21])([H:11])[C:2](=[O:1])[O:3][H:10])([H:12])[H:13])([H:14])[H:15])[H:17],2.0,7.0
18,0.043889998680069334,AM1BCC,OpenEye,,,H,,19,[H:16][C:7]1([C:6]([C:5]([C:4]([C:9]([C:8]1([H:18])[H:19])([H:20])[H:21])([H:11])[C:2](=[O:1])[O:3][H:10])([H:12])[H:13])([H:14])[H:15])[H:17],2.0,7.0
19,0.05589000064702261,AM1BCC,OpenEye,,,H,,20,[H:16][C:7]1([C:6]([C:5]([C:4]([C:9]([C:8]1([H:18])[H:19])([H:20])[H:21])([H:11])[C:2](=[O:1])[O:3][H:10])([H:12])[H:13])([H:14])[H:15])[H:17],2.0,7.0
20,0.05589000064702261,AM1BCC,OpenEye,,,H,,21,[H:16][C:7]1([C:6]([C:5]([C:4]([C:9]([C:8]1([H:18])[H:19])([H:20])[H:21])([H:11])[C:2](=[O:1])[O:3][H:10])([H:12])[H:13])([H:14])[H:15])[H:17],2.0,7.0
0,-0.5510476190476191,AM1BCC,AmberTools,,,O,,1,[H:16][C:7]1([C:6]([C:5]([C:4]([C:9]([C:8]1([H:18])[H:19])([H:20])[H:21])([H:11])[C:2](=[O:1])[O:3][H:10])([H:12])[H:13])([H:14])[H:15])[H:17],2.0,7.0
1,0.6360523809523809,AM1BCC,AmberTools,,,C,,2,[H:16][C:7]1([C:6]([C:5]([C:4]([C:9]([C:8]1([H:18])[H:19])([H:20])[H:21])([H:11])[C:2](=[O:1])[O:3][H:10])([H:12])[H:13])([H:14])[H:15])[H:17],2.0,7.0
2,-0.610147619047619,AM1BCC,AmberTools,,,O,,3,[H:16][C:7]1([C:6]([C:5]([C:4]([C:9]([C:8]1([H:18])[H:19])([H:20])[H:21])([H:11])[C:2](=[O:1])[O:3][H:10])([H:12])[H:13])([H:14])[H:15])[H:17],2.0,7.0
3,-0.10374761904761905,AM1BCC,AmberTools,,,C,,4,[H:16][C:7]1([C:6]([C:5]([C:4]([C:9]([C:8]1([H:18])[H:19])([H:20])[H:21])([H:11])[C:2](=[O:1])[O:3][H:10])([H:12])[H:13])([H:14])[H:15])[H:17],2.0,7.0
4,-0.07394761904761904,AM1BCC,AmberTools,,,C,,5,[H:16][C:7]1([C:6]([C:5]([C:4]([C:9]([C:8]1([H:18])[H:19])([H:20])[H:21])([H:11])[C:2](=[O:1])[O:3][H:10])([H:12])[H:13])([H:14])[H:15])[H:17],2.0,7.0
5,-0.07544761904761904,AM1BCC,AmberTools,,,C,,6,[H:16][C:7]1([C:6]([C:5]([C:4]([C:9]([C:8]1([H:18])[H:19])([H:20])[H:21])([H:11])[C:2](=[O:1])[O:3][H:10])([H:12])[H:13])([H:14])[H:15])[H:17],2.0,7.0
6,-0.07944761904761904,AM1BCC,AmberTools,,,C,,7,[H:16][C:7]1([C:6]([C:5]([C:4]([C:9]([C:8]1([H:18])[H:19])([H:20])[H:21])([H:11])[C:2](=[O:1])[O:3][H:10])([H:12])[H:13])([H:14])[H:15])[H:17],2.0,7.0
7,-0.07544761904761904,AM1BCC,AmberTools,,,C,,8,[H:16][C:7]1([C:6]([C:5]([C:4]([C:9]([C:8]1([H:18])[H:19])([H:20])[H:21])([H:11])[C:2](=[O:1])[O:3][H:10])([H:12])[H:13])([H:14])[H:15])[H:17],2.0,7.0
8,-0.07394761904761904,AM1BCC,AmberTools,,,C,,9,[H:16][C:7]1([C:6]([C:5]([C:4]([C:9]([C:8]1([H:18])[H:19])([H:20])[H:21])([H:11])[C:2](=[O:1])[O:3][H:10])([H:12])[H:13])([H:14])[H:15])[H:17],2.0,7.0
9,0.441952380952381,AM1BCC,AmberTools,,,H,,10,[H:16][C:7]1([C:6]([C:5]([C:4]([C:9]([C:8]1([H:18])[H:19])([H:20])[H:21])([H:11])[C:2](=[O:1])[O:3][H:10])([H:12])[H:13])([H:14])[H:15])[H:17],2.0,7.0
10,0.08265238095238095,AM1BCC,AmberTools,,,H,,11,[H:16][C:7]1([C:6]([C:5]([C:4]([C:9]([C:8]1([H:18])[H:19])([H:20])[H:21])([H:11])[C:2](=[O:1])[O:3][H:10])([H:12])[H:13])([H:14])[H:15])[H:17],2.0,7.0
11,0.05515238095238096,AM1BCC,AmberTools,,,H,,12,[H:16][C:7]1([C:6]([C:5]([C:4]([C:9]([C:8]1([H:18])[H:19])([H:20])[H:21])([H:11])[C:2](=[O:1])[O:3][H:10])([H:12])[H:13])([H:14])[H:15])[H:17],2.0,7.0
12,0.05515238095238096,AM1BCC,AmberTools,,,H,,13,[H:16][C:7]1([C:6]([C:5]([C:4]([C:9]([C:8]1([H:18])[H:19])([H:20])[H:21])([H:11])[C:2](=[O:1])[O:3][H:10])([H:12])[H:13])([H:14])[H:15])[H:17],2.0,7.0
13,0.044402380952380964,AM1BCC,AmberTools,,,H,,14,[H:16][C:7]1([C:6]([C:5]([C:4]([C:9]([C:8]1([H:18])[H:19])([H:20])[H:21])([H:11])[C:2](=[O:1])[O:3][H:10])([H:12])[H:13])([H:14])[H:15])[H:17],2.0,7.0
14,0.044402380952380964,AM1BCC,AmberTools,,,H,,15,[H:16][C:7]1([C:6]([C:5]([C:4]([C:9]([C:8]1([H:18])[H:19])([H:20])[H:21])([H:11])[C:2](=[O:1])[O:3][H:10])([H:12])[H:13])([H:14])[H:15])[H:17],2.0,7.0
15,0.04215238095238096,AM1BCC,AmberTools,,,H,,16,[H:16][C:7]1([C:6]([C:5]([C:4]([C:9]([C:8]1([H:18])[H:19])([H:20])[H:21])([H:11])[C:2](=[O:1])[O:3][H:10])([H:12])[H:13])([H:14])[H:15])[H:17],2.0,7.0
16,0.04215238095238096,AM1BCC,AmberTools,,,H,,17,[H:16][C:7]1([C:6]([C:5]([C:4]([C:9]([C:8]1([H:18])[H:19])([H:20])[H:21])([H:11])[C:2](=[O:1])[O:3][H:10])([H:12])[H:13])([H:14])[H:15])[H:17],2.0,7.0
17,0.044402380952380964,AM1BCC,AmberTools,,,H,,18,[H:16][C:7]1([C:6]([C:5]([C:4]([C:9]([C:8]1([H:18])[H:19])([H:20])[H:21])([H:11])[C:2](=[O:1])[O:3][H:10])([H:12])[H:13])([H:14])[H:15])[H:17],2.0,7.0
18,0.044402380952380964,AM1BCC,AmberTools,,,H,,19,[H:16][C:7]1([C:6]([C:5]([C:4]([C:9]([C:8]1([H:18])[H:19])([H:20])[H:21])([H:11])[C:2](=[O:1])[O:3][H:10])([H:12])[H:13])([H:14])[H:15])[H:17],2.0,7.0
19,0.05515238095238096,AM1BCC,AmberTools,,,H,,20,[H:16][C:7]1([C:6]([C:5]([C:4]([C:9]([C:8]1([H:18])[H:19])([H:20])[H:21])([H:11])[C:2](=[O:1])[O:3][H:10])([H:12])[H:13])([H:14])[H:15])[H:17],2.0,7.0
20,0.05515238095238096,AM1BCC,AmberTools,,,H,,21,[H:16][C:7]1([C:6]([C:5]([C:4]([C:9]([C:8]1([H:18])[H:19])([H:20])[H:21])([H:11])[C:2](=[O:1])[O:3][H:10])([H:12])[H:13])([H:14])[H:15])[H:17],2.0,7.0
0,-0.5531499988975979,AM1BCC,OpenEye,,,O,,1,[H:16][C:7]1([C:6]([C:5]([C:4]([C:9]([C:8]1([H:18])[H:19])([H:20])[H:21])([H:11])[C:2](=[O:1])[O:3][H:10])([H:12])[H:13])([H:14])[H:15])[H:17],2.0,8.0
1,0.6332700245437168,AM1BCC,OpenEye,,,C,,2,[H:16][C:7]1([C:6]([C:5]([C:4]([C:9]([C:8]1([H:18])[H:19])([H:20])[H:21])([H:11])[C:2](=[O:1])[O:3][H:10])([H:12])[H:13])([H:14])[H:15])[H:17],2.0,8.0
2,-0.6009200222435451,AM1BCC,OpenEye,,,O,,3,[H:16][C:7]1([C:6]([C:5]([C:4]([C:9]([C:8]1([H:18])[H:19])([H:20])[H:21])([H:11])[C:2](=[O:1])[O:3][H:10])([H:12])[H:13])([H:14])[H:15])[H:17],2.0,8.0
3,-0.10565999966292154,AM1BCC,OpenEye,,,C,,4,[H:16][C:7]1([C:6]([C:5]([C:4]([C:9]([C:8]1([H:18])[H:19])([H:20])[H:21])([H:11])[C:2](=[O:1])[O:3][H:10])([H:12])[H:13])([H:14])[H:15])[H:17],2.0,8.0
4,-0.0743900023045994,AM1BCC,OpenEye,,,C,,5,[H:16][C:7]1([C:6]([C:5]([C:4]([C:9]([C:8]1([H:18])[H:19])([H:20])[H:21])([H:11])[C:2](=[O:1])[O:3][H:10])([H:12])[H:13])([H:14])[H:15])[H:17],2.0,8.0
5,-0.07590000402359735,AM1BCC,OpenEye,,,C,,6,[H:16][C:7]1([C:6]([C:5]([C:4]([C:9]([C:8]1([H:18])[H:19])([H:20])[H:21])([H:11])[C:2](=[O:1])[O:3][H:10])([H:12])[H:13])([H:14])[H:15])[H:17],2.0,8.0
6,-0.07988999854950678,AM1BCC,OpenEye,,,C,,7,[H:16][C:7]1([C:6]([C:5]([C:4]([C:9]([C:8]1([H:18])[H:19])([H:20])[H:21])([H:11])[C:2](=[O:1])[O:3][H:10])([H:12])[H:13])([H:14])[H:15])[H:17],2.0,8.0
7,-0.07590000402359735,AM1BCC,OpenEye,,,C,,8,[H:16][C:7]1([C:6]([C:5]([C:4]([C:9]([C:8]1([H:18])[H:19])([H:20])[H:21])([H:11])[C:2](=[O:1])[O:3][H:10])([H:12])[H:13])([H:14])[H:15])[H:17],2.0,8.0
8,-0.0743900023045994,AM1BCC,OpenEye,,,C,,9,[H:16][C:7]1([C:6]([C:5]([C:4]([C:9]([C:8]1([H:18])[H:19])([H:20])[H:21])([H:11])[C:2](=[O:1])[O:3][H:10])([H:12])[H:13])([H:14])[H:15])[H:17],2.0,8.0
9,0.4429500095901035,AM1BCC,OpenEye,,,H,,10,[H:16][C:7]1([C:6]([C:5]([C:4]([C:9]([C:8]1([H:18])[H:19])([H:20])[H:21])([H:11])[C:2](=[O:1])[O:3][H:10])([H:12])[H:13])([H:14])[H:15])[H:17],2.0,8.0
10,0.08099999952883948,AM1BCC,OpenEye,,,H,,11,[H:16][C:7]1([C:6]([C:5]([C:4]([C:9]([C:8]1([H:18])[H:19])([H:20])[H:21])([H:11])[C:2](=[O:1])[O:3][H:10])([H:12])[H:13])([H:14])[H:15])[H:17],2.0,8.0
11,0.05589000064702261,AM1BCC,OpenEye,,,H,,12,[H:16][C:7]1([C:6]([C:5]([C:4]([C:9]([C:8]1([H:18])[H:19])([H:20])[H:21])([H:11])[C:2](=[O:1])[O:3][H:10])([H:12])[H:13])([H:14])[H:15])[H:17],2.0,8.0
12,0.05589000064702261,AM1BCC,OpenEye,,,H,,13,[H:16][C:7]1([C:6]([C:5]([C:4]([C:9]([C:8]1([H:18])[H:19])([H:20])[H:21])([H:11])[C:2](=[O:1])[O:3][H:10])([H:12])[H:13])([H:14])[H:15])[H:17],2.0,8.0
13,0.043889998680069334,AM1BCC,OpenEye,,,H,,14,[H:16][C:7]1([C:6]([C:5]([C:4]([C:9]([C:8]1([H:18])[H:19])([H:20])[H:21])([H:11])[C:2](=[O:1])[O:3][H:10])([H:12])[H:13])([H:14])[H:15])[H:17],2.0,8.0
14,0.043889998680069334,AM1BCC,OpenEye,,,H,,15,[H:16][C:7]1([C:6]([C:5]([C:4]([C:9]([C:8]1([H:18])[H:19])([H:20])[H:21])([H:11])[C:2](=[O:1])[O:3][H:10])([H:12])[H:13])([H:14])[H:15])[H:17],2.0,8.0
15,0.04193000051946867,AM1BCC,OpenEye,,,H,,16,[H:16][C:7]1([C:6]([C:5]([C:4]([C:9]([C:8]1([H:18])[H:19])([H:20])[H:21])([H:11])[C:2](=[O:1])[O:3][H:10])([H:12])[H:13])([H:14])[H:15])[H:17],2.0,8.0
16,0.04193000051946867,AM1BCC,OpenEye,,,H,,17,[H:16][C:7]1([C:6]([C:5]([C:4]([C:9]([C:8]1([H:18])[H:19])([H:20])[H:21])([H:11])[C:2](=[O:1])[O:3][H:10])([H:12])[H:13])([H:14])[H:15])[H:17],2.0,8.0
17,0.043889998680069334,AM1BCC,OpenEye,,,H,,18,[H:16][C:7]1([C:6]([C:5]([C:4]([C:9]([C:8]1([H:18])[H:19])([H:20])[H:21])([H:11])[C:2](=[O:1])[O:3][H:10])([H:12])[H:13])([H:14])[H:15])[H:17],2.0,8.0
18,0.043889998680069334,AM1BCC,OpenEye,,,H,,19,[H:16][C:7]1([C:6]([C:5]([C:4]([C:9]([C:8]1([H:18])[H:19])([H:20])[H:21])([H:11])[C:2](=[O:1])[O:3][H:10])([H:12])[H:13])([H:14])[H:15])[H:17],2.0,8.0
19,0.05589000064702261,AM1BCC,OpenEye,,,H,,20,[H:16][C:7]1([C:6]([C:5]([C:4]([C:9]([C:8]1([H:18])[H:19])([H:20])[H:21])([H:11])[C:2](=[O:1])[O:3][H:10])([H:12])[H:13])([H:14])[H:15])[H:17],2.0,8.0
20,0.05589000064702261,AM1BCC,OpenEye,,,H,,21,[H:16][C:7]1([C:6]([C:5]([C:4]([C:9]([C:8]1([H:18])[H:19])([H:20])[H:21])([H:11])[C:2](=[O:1])[O:3][H:10])([H:12])[H:13])([H:14])[H:15])[H:17],2.0,8.0
0,-0.5510476190476191,AM1BCC,AmberTools,,,O,,1,[H:16][C:7]1([C:6]([C:5]([C:4]([C:9]([C:8]1([H:18])[H:19])([H:20])[H:21])([H:11])[C:2](=[O:1])[O:3][H:10])([H:12])[H:13])([H:14])[H:15])[H:17],2.0,8.0
1,0.6360523809523809,AM1BCC,AmberTools,,,C,,2,[H:16][C:7]1([C:6]([C:5]([C:4]([C:9]([C:8]1([H:18])[H:19])([H:20])[H:21])([H:11])[C:2](=[O:1])[O:3][H:10])([H:12])[H:13])([H:14])[H:15])[H:17],2.0,8.0
2,-0.610147619047619,AM1BCC,AmberTools,,,O,,3,[H:16][C:7]1([C:6]([C:5]([C:4]([C:9]([C:8]1([H:18])[H:19])([H:20])[H:21])([H:11])[C:2](=[O:1])[O:3][H:10])([H:12])[H:13])([H:14])[H:15])[H:17],2.0,8.0
3,-0.10374761904761905,AM1BCC,AmberTools,,,C,,4,[H:16][C:7]1([C:6]([C:5]([C:4]([C:9]([C:8]1([H:18])[H:19])([H:20])[H:21])([H:11])[C:2](=[O:1])[O:3][H:10])([H:12])[H:13])([H:14])[H:15])[H:17],2.0,8.0
4,-0.07394761904761904,AM1BCC,AmberTools,,,C,,5,[H:16][C:7]1([C:6]([C:5]([C:4]([C:9]([C:8]1([H:18])[H:19])([H:20])[H:21])([H:11])[C:2](=[O:1])[O:3][H:10])([H:12])[H:13])([H:14])[H:15])[H:17],2.0,8.0
5,-0.07544761904761904,AM1BCC,AmberTools,,,C,,6,[H:16][C:7]1([C:6]([C:5]([C:4]([C:9]([C:8]1([H:18])[H:19])([H:20])[H:21])([H:11])[C:2](=[O:1])[O:3][H:10])([H:12])[H:13])([H:14])[H:15])[H:17],2.0,8.0
6,-0.07944761904761904,AM1BCC,AmberTools,,,C,,7,[H:16][C:7]1([C:6]([C:5]([C:4]([C:9]([C:8]1([H:18])[H:19])([H:20])[H:21])([H:11])[C:2](=[O:1])[O:3][H:10])([H:12])[H:13])([H:14])[H:15])[H:17],2.0,8.0
7,-0.07544761904761904,AM1BCC,AmberTools,,,C,,8,[H:16][C:7]1([C:6]([C:5]([C:4]([C:9]([C:8]1([H:18])[H:19])([H:20])[H:21])([H:11])[C:2](=[O:1])[O:3][H:10])([H:12])[H:13])([H:14])[H:15])[H:17],2.0,8.0
8,-0.07394761904761904,AM1BCC,AmberTools,,,C,,9,[H:16][C:7]1([C:6]([C:5]([C:4]([C:9]([C:8]1([H:18])[H:19])([H:20])[H:21])([H:11])[C:2](=[O:1])[O:3][H:10])([H:12])[H:13])([H:14])[H:15])[H:17],2.0,8.0
9,0.441952380952381,AM1BCC,AmberTools,,,H,,10,[H:16][C:7]1([C:6]([C:5]([C:4]([C:9]([C:8]1([H:18])[H:19])([H:20])[H:21])([H:11])[C:2](=[O:1])[O:3][H:10])([H:12])[H:13])([H:14])[H:15])[H:17],2.0,8.0
10,0.08265238095238095,AM1BCC,AmberTools,,,H,,11,[H:16][C:7]1([C:6]([C:5]([C:4]([C:9]([C:8]1([H:18])[H:19])([H:20])[H:21])([H:11])[C:2](=[O:1])[O:3][H:10])([H:12])[H:13])([H:14])[H:15])[H:17],2.0,8.0
11,0.05515238095238096,AM1BCC,AmberTools,,,H,,12,[H:16][C:7]1([C:6]([C:5]([C:4]([C:9]([C:8]1([H:18])[H:19])([H:20])[H:21])([H:11])[C:2](=[O:1])[O:3][H:10])([H:12])[H:13])([H:14])[H:15])[H:17],2.0,8.0
12,0.05515238095238096,AM1BCC,AmberTools,,,H,,13,[H:16][C:7]1([C:6]([C:5]([C:4]([C:9]([C:8]1([H:18])[H:19])([H:20])[H:21])([H:11])[C:2](=[O:1])[O:3][H:10])([H:12])[H:13])([H:14])[H:15])[H:17],2.0,8.0
13,0.044402380952380964,AM1BCC,AmberTools,,,H,,14,[H:16][C:7]1([C:6]([C:5]([C:4]([C:9]([C:8]1([H:18])[H:19])([H:20])[H:21])([H:11])[C:2](=[O:1])[O:3][H:10])([H:12])[H:13])([H:14])[H:15])[H:17],2.0,8.0
14,0.044402380952380964,AM1BCC,AmberTools,,,H,,15,[H:16][C:7]1([C:6]([C:5]([C:4]([C:9]([C:8]1([H:18])[H:19])([H:20])[H:21])([H:11])[C:2](=[O:1])[O:3][H:10])([H:12])[H:13])([H:14])[H:15])[H:17],2.0,8.0
15,0.04215238095238096,AM1BCC,AmberTools,,,H,,16,[H:16][C:7]1([C:6]([C:5]([C:4]([C:9]([C:8]1([H:18])[H:19])([H:20])[H:21])([H:11])[C:2](=[O:1])[O:3][H:10])([H:12])[H:13])([H:14])[H:15])[H:17],2.0,8.0
16,0.04215238095238096,AM1BCC,AmberTools,,,H,,17,[H:16][C:7]1([C:6]([C:5]([C:4]([C:9]([C:8]1([H:18])[H:19])([H:20])[H:21])([H:11])[C:2](=[O:1])[O:3][H:10])([H:12])[H:13])([H:14])[H:15])[H:17],2.0,8.0
17,0.044402380952380964,AM1BCC,AmberTools,,,H,,18,[H:16][C:7]1([C:6]([C:5]([C:4]([C:9]([C:8]1([H:18])[H:19])([H:20])[H:21])([H:11])[C:2](=[O:1])[O:3][H:10])([H:12])[H:13])([H:14])[H:15])[H:17],2.0,8.0
18,0.044402380952380964,AM1BCC,AmberTools,,,H,,19,[H:16][C:7]1([C:6]([C:5]([C:4]([C:9]([C:8]1([H:18])[H:19])([H:20])[H:21])([H:11])[C:2](=[O:1])[O:3][H:10])([H:12])[H:13])([H:14])[H:15])[H:17],2.0,8.0
19,0.05515238095238096,AM1BCC,AmberTools,,,H,,20,[H:16][C:7]1([C:6]([C:5]([C:4]([C:9]([C:8]1([H:18])[H:19])([H:20])[H:21])([H:11])[C:2](=[O:1])[O:3][H:10])([H:12])[H:13])([H:14])[H:15])[H:17],2.0,8.0
20,0.05515238095238096,AM1BCC,AmberTools,,,H,,21,[H:16][C:7]1([C:6]([C:5]([C:4]([C:9]([C:8]1([H:18])[H:19])([H:20])[H:21])([H:11])[C:2](=[O:1])[O:3][H:10])([H:12])[H:13])([H:14])[H:15])[H:17],2.0,8.0
0,-0.5531499988975979,AM1BCC,OpenEye,,,O,,1,[H:16][C:7]1([C:6]([C:5]([C:4]([C:9]([C:8]1([H:18])[H:19])([H:20])[H:21])([H:11])[C:2](=[O:1])[O:3][H:10])([H:12])[H:13])([H:14])[H:15])[H:17],2.0,9.0
1,0.6332700245437168,AM1BCC,OpenEye,,,C,,2,[H:16][C:7]1([C:6]([C:5]([C:4]([C:9]([C:8]1([H:18])[H:19])([H:20])[H:21])([H:11])[C:2](=[O:1])[O:3][H:10])([H:12])[H:13])([H:14])[H:15])[H:17],2.0,9.0
2,-0.6009200222435451,AM1BCC,OpenEye,,,O,,3,[H:16][C:7]1([C:6]([C:5]([C:4]([C:9]([C:8]1([H:18])[H:19])([H:20])[H:21])([H:11])[C:2](=[O:1])[O:3][H:10])([H:12])[H:13])([H:14])[H:15])[H:17],2.0,9.0
3,-0.10565999966292154,AM1BCC,OpenEye,,,C,,4,[H:16][C:7]1([C:6]([C:5]([C:4]([C:9]([C:8]1([H:18])[H:19])([H:20])[H:21])([H:11])[C:2](=[O:1])[O:3][H:10])([H:12])[H:13])([H:14])[H:15])[H:17],2.0,9.0
4,-0.0743900023045994,AM1BCC,OpenEye,,,C,,5,[H:16][C:7]1([C:6]([C:5]([C:4]([C:9]([C:8]1([H:18])[H:19])([H:20])[H:21])([H:11])[C:2](=[O:1])[O:3][H:10])([H:12])[H:13])([H:14])[H:15])[H:17],2.0,9.0
5,-0.07590000402359735,AM1BCC,OpenEye,,,C,,6,[H:16][C:7]1([C:6]([C:5]([C:4]([C:9]([C:8]1([H:18])[H:19])([H:20])[H:21])([H:11])[C:2](=[O:1])[O:3][H:10])([H:12])[H:13])([H:14])[H:15])[H:17],2.0,9.0
6,-0.07988999854950678,AM1BCC,OpenEye,,,C,,7,[H:16][C:7]1([C:6]([C:5]([C:4]([C:9]([C:8]1([H:18])[H:19])([H:20])[H:21])([H:11])[C:2](=[O:1])[O:3][H:10])([H:12])[H:13])([H:14])[H:15])[H:17],2.0,9.0
7,-0.07590000402359735,AM1BCC,OpenEye,,,C,,8,[H:16][C:7]1([C:6]([C:5]([C:4]([C:9]([C:8]1([H:18])[H:19])([H:20])[H:21])([H:11])[C:2](=[O:1])[O:3][H:10])([H:12])[H:13])([H:14])[H:15])[H:17],2.0,9.0
8,-0.0743900023045994,AM1BCC,OpenEye,,,C,,9,[H:16][C:7]1([C:6]([C:5]([C:4]([C:9]([C:8]1([H:18])[H:19])([H:20])[H:21])([H:11])[C:2](=[O:1])[O:3][H:10])([H:12])[H:13])([H:14])[H:15])[H:17],2.0,9.0
9,0.4429500095901035,AM1BCC,OpenEye,,,H,,10,[H:16][C:7]1([C:6]([C:5]([C:4]([C:9]([C:8]1([H:18])[H:19])([H:20])[H:21])([H:11])[C:2](=[O:1])[O:3][H:10])([H:12])[H:13])([H:14])[H:15])[H:17],2.0,9.0
10,0.08099999952883948,AM1BCC,OpenEye,,,H,,11,[H:16][C:7]1([C:6]([C:5]([C:4]([C:9]([C:8]1([H:18])[H:19])([H:20])[H:21])([H:11])[C:2](=[O:1])[O:3][H:10])([H:12])[H:13])([H:14])[H:15])[H:17],2.0,9.0
11,0.05589000064702261,AM1BCC,OpenEye,,,H,,12,[H:16][C:7]1([C:6]([C:5]([C:4]([C:9]([C:8]1([H:18])[H:19])([H:20])[H:21])([H:11])[C:2](=[O:1])[O:3][H:10])([H:12])[H:13])([H:14])[H:15])[H:17],2.0,9.0
12,0.05589000064702261,AM1BCC,OpenEye,,,H,,13,[H:16][C:7]1([C:6]([C:5]([C:4]([C:9]([C:8]1([H:18])[H:19])([H:20])[H:21])([H:11])[C:2](=[O:1])[O:3][H:10])([H:12])[H:13])([H:14])[H:15])[H:17],2.0,9.0
13,0.043889998680069334,AM1BCC,OpenEye,,,H,,14,[H:16][C:7]1([C:6]([C:5]([C:4]([C:9]([C:8]1([H:18])[H:19])([H:20])[H:21])([H:11])[C:2](=[O:1])[O:3][H:10])([H:12])[H:13])([H:14])[H:15])[H:17],2.0,9.0
14,0.043889998680069334,AM1BCC,OpenEye,,,H,,15,[H:16][C:7]1([C:6]([C:5]([C:4]([C:9]([C:8]1([H:18])[H:19])([H:20])[H:21])([H:11])[C:2](=[O:1])[O:3][H:10])([H:12])[H:13])([H:14])[H:15])[H:17],2.0,9.0
15,0.04193000051946867,AM1BCC,OpenEye,,,H,,16,[H:16][C:7]1([C:6]([C:5]([C:4]([C:9]([C:8]1([H:18])[H:19])([H:20])[H:21])([H:11])[C:2](=[O:1])[O:3][H:10])([H:12])[H:13])([H:14])[H:15])[H:17],2.0,9.0
16,0.04193000051946867,AM1BCC,OpenEye,,,H,,17,[H:16][C:7]1([C:6]([C:5]([C:4]([C:9]([C:8]1([H:18])[H:19])([H:20])[H:21])([H:11])[C:2](=[O:1])[O:3][H:10])([H:12])[H:13])([H:14])[H:15])[H:17],2.0,9.0
17,0.043889998680069334,AM1BCC,OpenEye,,,H,,18,[H:16][C:7]1([C:6]([C:5]([C:4]([C:9]([C:8]1([H:18])[H:19])([H:20])[H:21])([H:11])[C:2](=[O:1])[O:3][H:10])([H:12])[H:13])([H:14])[H:15])[H:17],2.0,9.0
18,0.043889998680069334,AM1BCC,OpenEye,,,H,,19,[H:16][C:7]1([C:6]([C:5]([C:4]([C:9]([C:8]1([H:18])[H:19])([H:20])[H:21])([H:11])[C:2](=[O:1])[O:3][H:10])([H:12])[H:13])([H:14])[H:15])[H:17],2.0,9.0
19,0.05589000064702261,AM1BCC,OpenEye,,,H,,20,[H:16][C:7]1([C:6]([C:5]([C:4]([C:9]([C:8]1([H:18])[H:19])([H:20])[H:21])([H:11])[C:2](=[O:1])[O:3][H:10])([H:12])[H:13])([H:14])[H:15])[H:17],2.0,9.0
20,0.05589000064702261,AM1BCC,OpenEye,,,H,,21,[H:16][C:7]1([C:6]([C:5]([C:4]([C:9]([C:8]1([H:18])[H:19])([H:20])[H:21])([H:11])[C:2](=[O:1])[O:3][H:10])([H:12])[H:13])([H:14])[H:15])[H:17],2.0,9.0
0,-0.550952380952381,AM1BCC,AmberTools,,,O,,1,[H:16][C:7]1([C:6]([C:5]([C:4]([C:9]([C:8]1([H:18])[H:19])([H:20])[H:21])([H:11])[C:2](=[O:1])[O:3][H:10])([H:12])[H:13])([H:14])[H:15])[H:17],2.0,9.0
1,0.6361476190476191,AM1BCC,AmberTools,,,C,,2,[H:16][C:7]1([C:6]([C:5]([C:4]([C:9]([C:8]1([H:18])[H:19])([H:20])[H:21])([H:11])[C:2](=[O:1])[O:3][H:10])([H:12])[H:13])([H:14])[H:15])[H:17],2.0,9.0
2,-0.6100523809523809,AM1BCC,AmberTools,,,O,,3,[H:16][C:7]1([C:6]([C:5]([C:4]([C:9]([C:8]1([H:18])[H:19])([H:20])[H:21])([H:11])[C:2](=[O:1])[O:3][H:10])([H:12])[H:13])([H:14])[H:15])[H:17],2.0,9.0
3,-0.10365238095238094,AM1BCC,AmberTools,,,C,,4,[H:16][C:7]1([C:6]([C:5]([C:4]([C:9]([C:8]1([H:18])[H:19])([H:20])[H:21])([H:11])[C:2](=[O:1])[O:3][H:10])([H:12])[H:13])([H:14])[H:15])[H:17],2.0,9.0
4,-0.07385238095238093,AM1BCC,AmberTools,,,C,,5,[H:16][C:7]1([C:6]([C:5]([C:4]([C:9]([C:8]1([H:18])[H:19])([H:20])[H:21])([H:11])[C:2](=[O:1])[O:3][H:10])([H:12])[H:13])([H:14])[H:15])[H:17],2.0,9.0
5,-0.07535238095238093,AM1BCC,AmberTools,,,C,,6,[H:16][C:7]1([C:6]([C:5]([C:4]([C:9]([C:8]1([H:18])[H:19])([H:20])[H:21])([H:11])[C:2](=[O:1])[O:3][H:10])([H:12])[H:13])([H:14])[H:15])[H:17],2.0,9.0
6,-0.07935238095238094,AM1BCC,AmberTools,,,C,,7,[H:16][C:7]1([C:6]([C:5]([C:4]([C:9]([C:8]1([H:18])[H:19])([H:20])[H:21])([H:11])[C:2](=[O:1])[O:3][H:10])([H:12])[H:13])([H:14])[H:15])[H:17],2.0,9.0
7,-0.07535238095238093,AM1BCC,AmberTools,,,C,,8,[H:16][C:7]1([C:6]([C:5]([C:4]([C:9]([C:8]1([H:18])[H:19])([H:20])[H:21])([H:11])[C:2](=[O:1])[O:3][H:10])([H:12])[H:13])([H:14])[H:15])[H:17],2.0,9.0
8,-0.07385238095238093,AM1BCC,AmberTools,,,C,,9,[H:16][C:7]1([C:6]([C:5]([C:4]([C:9]([C:8]1([H:18])[H:19])([H:20])[H:21])([H:11])[C:2](=[O:1])[O:3][H:10])([H:12])[H:13])([H:14])[H:15])[H:17],2.0,9.0
9,0.4420476190476191,AM1BCC,AmberTools,,,H,,10,[H:16][C:7]1([C:6]([C:5]([C:4]([C:9]([C:8]1([H:18])[H:19])([H:20])[H:21])([H:11])[C:2](=[O:1])[O:3][H:10])([H:12])[H:13])([H:14])[H:15])[H:17],2.0,9.0
10,0.08274761904761906,AM1BCC,AmberTools,,,H,,11,[H:16][C:7]1([C:6]([C:5]([C:4]([C:9]([C:8]1([H:18])[H:19])([H:20])[H:21])([H:11])[C:2](=[O:1])[O:3][H:10])([H:12])[H:13])([H:14])[H:15])[H:17],2.0,9.0
11,0.05499761904761906,AM1BCC,AmberTools,,,H,,12,[H:16][C:7]1([C:6]([C:5]([C:4]([C:9]([C:8]1([H:18])[H:19])([H:20])[H:21])([H:11])[C:2](=[O:1])[O:3][H:10])([H:12])[H:13])([H:14])[H:15])[H:17],2.0,9.0
12,0.05499761904761906,AM1BCC,AmberTools,,,H,,13,[H:16][C:7]1([C:6]([C:5]([C:4]([C:9]([C:8]1([H:18])[H:19])([H:20])[H:21])([H:11])[C:2](=[O:1])[O:3][H:10])([H:12])[H:13])([H:14])[H:15])[H:17],2.0,9.0
13,0.044497619047619064,AM1BCC,AmberTools,,,H,,14,[H:16][C:7]1([C:6]([C:5]([C:4]([C:9]([C:8]1([H:18])[H:19])([H:20])[H:21])([H:11])[C:2](=[O:1])[O:3][H:10])([H:12])[H:13])([H:14])[H:15])[H:17],2.0,9.0
14,0.044497619047619064,AM1BCC,AmberTools,,,H,,15,[H:16][C:7]1([C:6]([C:5]([C:4]([C:9]([C:8]1([H:18])[H:19])([H:20])[H:21])([H:11])[C:2](=[O:1])[O:3][H:10])([H:12])[H:13])([H:14])[H:15])[H:17],2.0,9.0
15,0.04174761904761906,AM1BCC,AmberTools,,,H,,16,[H:16][C:7]1([C:6]([C:5]([C:4]([C:9]([C:8]1([H:18])[H:19])([H:20])[H:21])([H:11])[C:2](=[O:1])[O:3][H:10])([H:12])[H:13])([H:14])[H:15])[H:17],2.0,9.0
16,0.04174761904761906,AM1BCC,AmberTools,,,H,,17,[H:16][C:7]1([C:6]([C:5]([C:4]([C:9]([C:8]1([H:18])[H:19])([H:20])[H:21])([H:11])[C:2](=[O:1])[O:3][H:10])([H:12])[H:13])([H:14])[H:15])[H:17],2.0,9.0
17,0.044497619047619064,AM1BCC,AmberTools,,,H,,18,[H:16][C:7]1([C:6]([C:5]([C:4]([C:9]([C:8]1([H:18])[H:19])([H:20])[H:21])([H:11])[C:2](=[O:1])[O:3][H:10])([H:12])[H:13])([H:14])[H:15])[H:17],2.0,9.0
18,0.044497619047619064,AM1BCC,AmberTools,,,H,,19,[H:16][C:7]1([C:6]([C:5]([C:4]([C:9]([C:8]1([H:18])[H:19])([H:20])[H:21])([H:11])[C:2](=[O:1])[O:3][H:10])([H:12])[H:13])([H:14])[H:15])[H:17],2.0,9.0
19,0.05499761904761906,AM1BCC,AmberTools,,,H,,20,[H:16][C:7]1([C:6]([C:5]([C:4]([C:9]([C:8]1([H:18])[H:19])([H:20])[H:21])([H:11])[C:2](=[O:1])[O:3][H:10])([H:12])[H:13])([H:14])[H:15])[H:17],2.0,9.0
20,0.05499761904761906,AM1BCC,AmberTools,,,H,,21,[H:16][C:7]1([C:6]([C:5]([C:4]([C:9]([C:8]1([H:18])[H:19])([H:20])[H:21])([H:11])[C:2](=[O:1])[O:3][H:10])([H:12])[H:13])([H:14])[H:15])[H:17],2.0,9.0
0,-0.5531499988975979,AM1BCC,OpenEye,,,O,,1,[H:16][C:7]1([C:6]([C:5]([C:4]([C:9]([C:8]1([H:18])[H:19])([H:20])[H:21])([H:11])[C:2](=[O:1])[O:3][H:10])([H:12])[H:13])([H:14])[H:15])[H:17],2.0,10.0
1,0.6332700245437168,AM1BCC,OpenEye,,,C,,2,[H:16][C:7]1([C:6]([C:5]([C:4]([C:9]([C:8]1([H:18])[H:19])([H:20])[H:21])([H:11])[C:2](=[O:1])[O:3][H:10])([H:12])[H:13])([H:14])[H:15])[H:17],2.0,10.0
2,-0.6009200222435451,AM1BCC,OpenEye,,,O,,3,[H:16][C:7]1([C:6]([C:5]([C:4]([C:9]([C:8]1([H:18])[H:19])([H:20])[H:21])([H:11])[C:2](=[O:1])[O:3][H:10])([H:12])[H:13])([H:14])[H:15])[H:17],2.0,10.0
3,-0.10565999966292154,AM1BCC,OpenEye,,,C,,4,[H:16][C:7]1([C:6]([C:5]([C:4]([C:9]([C:8]1([H:18])[H:19])([H:20])[H:21])([H:11])[C:2](=[O:1])[O:3][H:10])([H:12])[H:13])([H:14])[H:15])[H:17],2.0,10.0
4,-0.0743900023045994,AM1BCC,OpenEye,,,C,,5,[H:16][C:7]1([C:6]([C:5]([C:4]([C:9]([C:8]1([H:18])[H:19])([H:20])[H:21])([H:11])[C:2](=[O:1])[O:3][H:10])([H:12])[H:13])([H:14])[H:15])[H:17],2.0,10.0
5,-0.07590000402359735,AM1BCC,OpenEye,,,C,,6,[H:16][C:7]1([C:6]([C:5]([C:4]([C:9]([C:8]1([H:18])[H:19])([H:20])[H:21])([H:11])[C:2](=[O:1])[O:3][H:10])([H:12])[H:13])([H:14])[H:15])[H:17],2.0,10.0
6,-0.07988999854950678,AM1BCC,OpenEye,,,C,,7,[H:16][C:7]1([C:6]([C:5]([C:4]([C:9]([C:8]1([H:18])[H:19])([H:20])[H:21])([H:11])[C:2](=[O:1])[O:3][H:10])([H:12])[H:13])([H:14])[H:15])[H:17],2.0,10.0
7,-0.07590000402359735,AM1BCC,OpenEye,,,C,,8,[H:16][C:7]1([C:6]([C:5]([C:4]([C:9]([C:8]1([H:18])[H:19])([H:20])[H:21])([H:11])[C:2](=[O:1])[O:3][H:10])([H:12])[H:13])([H:14])[H:15])[H:17],2.0,10.0
8,-0.0743900023045994,AM1BCC,OpenEye,,,C,,9,[H:16][C:7]1([C:6]([C:5]([C:4]([C:9]([C:8]1([H:18])[H:19])([H:20])[H:21])([H:11])[C:2](=[O:1])[O:3][H:10])([H:12])[H:13])([H:14])[H:15])[H:17],2.0,10.0
9,0.4429500095901035,AM1BCC,OpenEye,,,H,,10,[H:16][C:7]1([C:6]([C:5]([C:4]([C:9]([C:8]1([H:18])[H:19])([H:20])[H:21])([H:11])[C:2](=[O:1])[O:3][H:10])([H:12])[H:13])([H:14])[H:15])[H:17],2.0,10.0
10,0.08099999952883948,AM1BCC,OpenEye,,,H,,11,[H:16][C:7]1([C:6]([C:5]([C:4]([C:9]([C:8]1([H:18])[H:19])([H:20])[H:21])([H:11])[C:2](=[O:1])[O:3][H:10])([H:12])[H:13])([H:14])[H:15])[H:17],2.0,10.0
11,0.05589000064702261,AM1BCC,OpenEye,,,H,,12,[H:16][C:7]1([C:6]([C:5]([C:4]([C:9]([C:8]1([H:18])[H:19])([H:20])[H:21])([H:11])[C:2](=[O:1])[O:3][H:10])([H:12])[H:13])([H:14])[H:15])[H:17],2.0,10.0
12,0.05589000064702261,AM1BCC,OpenEye,,,H,,13,[H:16][C:7]1([C:6]([C:5]([C:4]([C:9]([C:8]1([H:18])[H:19])([H:20])[H:21])([H:11])[C:2](=[O:1])[O:3][H:10])([H:12])[H:13])([H:14])[H:15])[H:17],2.0,10.0
13,0.043889998680069334,AM1BCC,OpenEye,,,H,,14,[H:16][C:7]1([C:6]([C:5]([C:4]([C:9]([C:8]1([H:18])[H:19])([H:20])[H:21])([H:11])[C:2](=[O:1])[O:3][H:10])([H:12])[H:13])([H:14])[H:15])[H:17],2.0,10.0
14,0.043889998680069334,AM1BCC,OpenEye,,,H,,15,[H:16][C:7]1([C:6]([C:5]([C:4]([C:9]([C:8]1([H:18])[H:19])([H:20])[H:21])([H:11])[C:2](=[O:1])[O:3][H:10])([H:12])[H:13])([H:14])[H:15])[H:17],2.0,10.0
15,0.04193000051946867,AM1BCC,OpenEye,,,H,,16,[H:16][C:7]1([C:6]([C:5]([C:4]([C:9]([C:8]1([H:18])[H:19])([H:20])[H:21])([H:11])[C:2](=[O:1])[O:3][H:10])([H:12])[H:13])([H:14])[H:15])[H:17],2.0,10.0
16,0.04193000051946867,AM1BCC,OpenEye,,,H,,17,[H:16][C:7]1([C:6]([C:5]([C:4]([C:9]([C:8]1([H:18])[H:19])([H:20])[H:21])([H:11])[C:2](=[O:1])[O:3][H:10])([H:12])[H:13])([H:14])[H:15])[H:17],2.0,10.0
17,0.043889998680069334,AM1BCC,OpenEye,,,H,,18,[H:16][C:7]1([C:6]([C:5]([C:4]([C:9]([C:8]1([H:18])[H:19])([H:20])[H:21])([H:11])[C:2](=[O:1])[O:3][H:10])([H:12])[H:13])([H:14])[H:15])[H:17],2.0,10.0
18,0.043889998680069334,AM1BCC,OpenEye,,,H,,19,[H:16][C:7]1([C:6]([C:5]([C:4]([C:9]([C:8]1([H:18])[H:19])([H:20])[H:21])([H:11])[C:2](=[O:1])[O:3][H:10])([H:12])[H:13])([H:14])[H:15])[H:17],2.0,10.0
19,0.05589000064702261,AM1BCC,OpenEye,,,H,,20,[H:16][C:7]1([C:6]([C:5]([C:4]([C:9]([C:8]1([H:18])[H:19])([H:20])[H:21])([H:11])[C:2](=[O:1])[O:3][H:10])([H:12])[H:13])([H:14])[H:15])[H:17],2.0,10.0
20,0.05589000064702261,AM1BCC,OpenEye,,,H,,21,[H:16][C:7]1([C:6]([C:5]([C:4]([C:9]([C:8]1([H:18])[H:19])([H:20])[H:21])([H:11])[C:2](=[O:1])[O:3][H:10])([H:12])[H:13])([H:14])[H:15])[H:17],2.0,10.0
0,-0.5510476190476191,AM1BCC,AmberTools,,,O,,1,[H:16][C:7]1([C:6]([C:5]([C:4]([C:9]([C:8]1([H:18])[H:19])([H:20])[H:21])([H:11])[C:2](=[O:1])[O:3][H:10])([H:12])[H:13])([H:14])[H:15])[H:17],2.0,10.0
1,0.6360523809523809,AM1BCC,AmberTools,,,C,,2,[H:16][C:7]1([C:6]([C:5]([C:4]([C:9]([C:8]1([H:18])[H:19])([H:20])[H:21])([H:11])[C:2](=[O:1])[O:3][H:10])([H:12])[H:13])([H:14])[H:15])[H:17],2.0,10.0
2,-0.610147619047619,AM1BCC,AmberTools,,,O,,3,[H:16][C:7]1([C:6]([C:5]([C:4]([C:9]([C:8]1([H:18])[H:19])([H:20])[H:21])([H:11])[C:2](=[O:1])[O:3][H:10])([H:12])[H:13])([H:14])[H:15])[H:17],2.0,10.0
3,-0.10374761904761905,AM1BCC,AmberTools,,,C,,4,[H:16][C:7]1([C:6]([C:5]([C:4]([C:9]([C:8]1([H:18])[H:19])([H:20])[H:21])([H:11])[C:2](=[O:1])[O:3][H:10])([H:12])[H:13])([H:14])[H:15])[H:17],2.0,10.0
4,-0.07394761904761904,AM1BCC,AmberTools,,,C,,5,[H:16][C:7]1([C:6]([C:5]([C:4]([C:9]([C:8]1([H:18])[H:19])([H:20])[H:21])([H:11])[C:2](=[O:1])[O:3][H:10])([H:12])[H:13])([H:14])[H:15])[H:17],2.0,10.0
5,-0.07544761904761904,AM1BCC,AmberTools,,,C,,6,[H:16][C:7]1([C:6]([C:5]([C:4]([C:9]([C:8]1([H:18])[H:19])([H:20])[H:21])([H:11])[C:2](=[O:1])[O:3][H:10])([H:12])[H:13])([H:14])[H:15])[H:17],2.0,10.0
6,-0.07944761904761904,AM1BCC,AmberTools,,,C,,7,[H:16][C:7]1([C:6]([C:5]([C:4]([C:9]([C:8]1([H:18])[H:19])([H:20])[H:21])([H:11])[C:2](=[O:1])[O:3][H:10])([H:12])[H:13])([H:14])[H:15])[H:17],2.0,10.0
7,-0.07544761904761904,AM1BCC,AmberTools,,,C,,8,[H:16][C:7]1([C:6]([C:5]([C:4]([C:9]([C:8]1([H:18])[H:19])([H:20])[H:21])([H:11])[C:2](=[O:1])[O:3][H:10])([H:12])[H:13])([H:14])[H:15])[H:17],2.0,10.0
8,-0.07394761904761904,AM1BCC,AmberTools,,,C,,9,[H:16][C:7]1([C:6]([C:5]([C:4]([C:9]([C:8]1([H:18])[H:19])([H:20])[H:21])([H:11])[C:2](=[O:1])[O:3][H:10])([H:12])[H:13])([H:14])[H:15])[H:17],2.0,10.0
9,0.441952380952381,AM1BCC,AmberTools,,,H,,10,[H:16][C:7]1([C:6]([C:5]([C:4]([C:9]([C:8]1([H:18])[H:19])([H:20])[H:21])([H:11])[C:2](=[O:1])[O:3][H:10])([H:12])[H:13])([H:14])[H:15])[H:17],2.0,10.0
10,0.08265238095238095,AM1BCC,AmberTools,,,H,,11,[H:16][C:7]1([C:6]([C:5]([C:4]([C:9]([C:8]1([H:18])[H:19])([H:20])[H:21])([H:11])[C:2](=[O:1])[O:3][H:10])([H:12])[H:13])([H:14])[H:15])[H:17],2.0,10.0
11,0.05515238095238096,AM1BCC,AmberTools,,,H,,12,[H:16][C:7]1([C:6]([C:5]([C:4]([C:9]([C:8]1([H:18])[H:19])([H:20])[H:21])([H:11])[C:2](=[O:1])[O:3][H:10])([H:12])[H:13])([H:14])[H:15])[H:17],2.0,10.0
12,0.05515238095238096,AM1BCC,AmberTools,,,H,,13,[H:16][C:7]1([C:6]([C:5]([C:4]([C:9]([C:8]1([H:18])[H:19])([H:20])[H:21])([H:11])[C:2](=[O:1])[O:3][H:10])([H:12])[H:13])([H:14])[H:15])[H:17],2.0,10.0
13,0.044402380952380964,AM1BCC,AmberTools,,,H,,14,[H:16][C:7]1([C:6]([C:5]([C:4]([C:9]([C:8]1([H:18])[H:19])([H:20])[H:21])([H:11])[C:2](=[O:1])[O:3][H:10])([H:12])[H:13])([H:14])[H:15])[H:17],2.0,10.0
14,0.044402380952380964,AM1BCC,AmberTools,,,H,,15,[H:16][C:7]1([C:6]([C:5]([C:4]([C:9]([C:8]1([H:18])[H:19])([H:20])[H:21])([H:11])[C:2](=[O:1])[O:3][H:10])([H:12])[H:13])([H:14])[H:15])[H:17],2.0,10.0
15,0.04215238095238096,AM1BCC,AmberTools,,,H,,16,[H:16][C:7]1([C:6]([C:5]([C:4]([C:9]([C:8]1([H:18])[H:19])([H:20])[H:21])([H:11])[C:2](=[O:1])[O:3][H:10])([H:12])[H:13])([H:14])[H:15])[H:17],2.0,10.0
16,0.04215238095238096,AM1BCC,AmberTools,,,H,,17,[H:16][C:7]1([C:6]([C:5]([C:4]([C:9]([C:8]1([H:18])[H:19])([H:20])[H:21])([H:11])[C:2](=[O:1])[O:3][H:10])([H:12])[H:13])([H:14])[H:15])[H:17],2.0,10.0
17,0.044402380952380964,AM1BCC,AmberTools,,,H,,18,[H:16][C:7]1([C:6]([C:5]([C:4]([C:9]([C:8]1([H:18])[H:19])([H:20])[H:21])([H:11])[C:2](=[O:1])[O:3][H:10])([H:12])[H:13])([H:14])[H:15])[H:17],2.0,10.0
18,0.044402380952380964,AM1BCC,AmberTools,,,H,,19,[H:16][C:7]1([C:6]([C:5]([C:4]([C:9]([C:8]1([H:18])[H:19])([H:20])[H:21])([H:11])[C:2](=[O:1])[O:3][H:10])([H:12])[H:13])([H:14])[H:15])[H:17],2.0,10.0
19,0.05515238095238096,AM1BCC,AmberTools,,,H,,20,[H:16][C:7]1([C:6]([C:5]([C:4]([C:9]([C:8]1([H:18])[H:19])([H:20])[H:21])([H:11])[C:2](=[O:1])[O:3][H:10])([H:12])[H:13])([H:14])[H:15])[H:17],2.0,10.0
20,0.05515238095238096,AM1BCC,AmberTools,,,H,,21,[H:16][C:7]1([C:6]([C:5]([C:4]([C:9]([C:8]1([H:18])[H:19])([H:20])[H:21])([H:11])[C:2](=[O:1])[O:3][H:10])([H:12])[H:13])([H:14])[H:15])[H:17],2.0,10.0
0,-0.5531499988975979,AM1BCC,OpenEye,,,O,,1,[H:16][C:7]1([C:6]([C:5]([C:4]([C:9]([C:8]1([H:18])[H:19])([H:20])[H:21])([H:11])[C:2](=[O:1])[O:3][H:10])([H:12])[H:13])([H:14])[H:15])[H:17],2.0,11.0
1,0.6332700245437168,AM1BCC,OpenEye,,,C,,2,[H:16][C:7]1([C:6]([C:5]([C:4]([C:9]([C:8]1([H:18])[H:19])([H:20])[H:21])([H:11])[C:2](=[O:1])[O:3][H:10])([H:12])[H:13])([H:14])[H:15])[H:17],2.0,11.0
2,-0.6009200222435451,AM1BCC,OpenEye,,,O,,3,[H:16][C:7]1([C:6]([C:5]([C:4]([C:9]([C:8]1([H:18])[H:19])([H:20])[H:21])([H:11])[C:2](=[O:1])[O:3][H:10])([H:12])[H:13])([H:14])[H:15])[H:17],2.0,11.0
3,-0.10565999966292154,AM1BCC,OpenEye,,,C,,4,[H:16][C:7]1([C:6]([C:5]([C:4]([C:9]([C:8]1([H:18])[H:19])([H:20])[H:21])([H:11])[C:2](=[O:1])[O:3][H:10])([H:12])[H:13])([H:14])[H:15])[H:17],2.0,11.0
4,-0.0743900023045994,AM1BCC,OpenEye,,,C,,5,[H:16][C:7]1([C:6]([C:5]([C:4]([C:9]([C:8]1([H:18])[H:19])([H:20])[H:21])([H:11])[C:2](=[O:1])[O:3][H:10])([H:12])[H:13])([H:14])[H:15])[H:17],2.0,11.0
5,-0.07590000402359735,AM1BCC,OpenEye,,,C,,6,[H:16][C:7]1([C:6]([C:5]([C:4]([C:9]([C:8]1([H:18])[H:19])([H:20])[H:21])([H:11])[C:2](=[O:1])[O:3][H:10])([H:12])[H:13])([H:14])[H:15])[H:17],2.0,11.0
6,-0.07988999854950678,AM1BCC,OpenEye,,,C,,7,[H:16][C:7]1([C:6]([C:5]([C:4]([C:9]([C:8]1([H:18])[H:19])([H:20])[H:21])([H:11])[C:2](=[O:1])[O:3][H:10])([H:12])[H:13])([H:14])[H:15])[H:17],2.0,11.0
7,-0.07590000402359735,AM1BCC,OpenEye,,,C,,8,[H:16][C:7]1([C:6]([C:5]([C:4]([C:9]([C:8]1([H:18])[H:19])([H:20])[H:21])([H:11])[C:2](=[O:1])[O:3][H:10])([H:12])[H:13])([H:14])[H:15])[H:17],2.0,11.0
8,-0.0743900023045994,AM1BCC,OpenEye,,,C,,9,[H:16][C:7]1([C:6]([C:5]([C:4]([C:9]([C:8]1([H:18])[H:19])([H:20])[H:21])([H:11])[C:2](=[O:1])[O:3][H:10])([H:12])[H:13])([H:14])[H:15])[H:17],2.0,11.0
9,0.4429500095901035,AM1BCC,OpenEye,,,H,,10,[H:16][C:7]1([C:6]([C:5]([C:4]([C:9]([C:8]1([H:18])[H:19])([H:20])[H:21])([H:11])[C:2](=[O:1])[O:3][H:10])([H:12])[H:13])([H:14])[H:15])[H:17],2.0,11.0
10,0.08099999952883948,AM1BCC,OpenEye,,,H,,11,[H:16][C:7]1([C:6]([C:5]([C:4]([C:9]([C:8]1([H:18])[H:19])([H:20])[H:21])([H:11])[C:2](=[O:1])[O:3][H:10])([H:12])[H:13])([H:14])[H:15])[H:17],2.0,11.0
11,0.05589000064702261,AM1BCC,OpenEye,,,H,,12,[H:16][C:7]1([C:6]([C:5]([C:4]([C:9]([C:8]1([H:18])[H:19])([H:20])[H:21])([H:11])[C:2](=[O:1])[O:3][H:10])([H:12])[H:13])([H:14])[H:15])[H:17],2.0,11.0
12,0.05589000064702261,AM1BCC,OpenEye,,,H,,13,[H:16][C:7]1([C:6]([C:5]([C:4]([C:9]([C:8]1([H:18])[H:19])([H:20])[H:21])([H:11])[C:2](=[O:1])[O:3][H:10])([H:12])[H:13])([H:14])[H:15])[H:17],2.0,11.0
13,0.043889998680069334,AM1BCC,OpenEye,,,H,,14,[H:16][C:7]1([C:6]([C:5]([C:4]([C:9]([C:8]1([H:18])[H:19])([H:20])[H:21])([H:11])[C:2](=[O:1])[O:3][H:10])([H:12])[H:13])([H:14])[H:15])[H:17],2.0,11.0
14,0.043889998680069334,AM1BCC,OpenEye,,,H,,15,[H:16][C:7]1([C:6]([C:5]([C:4]([C:9]([C:8]1([H:18])[H:19])([H:20])[H:21])([H:11])[C:2](=[O:1])[O:3][H:10])([H:12])[H:13])([H:14])[H:15])[H:17],2.0,11.0
15,0.04193000051946867,AM1BCC,OpenEye,,,H,,16,[H:16][C:7]1([C:6]([C:5]([C:4]([C:9]([C:8]1([H:18])[H:19])([H:20])[H:21])([H:11])[C:2](=[O:1])[O:3][H:10])([H:12])[H:13])([H:14])[H:15])[H:17],2.0,11.0
16,0.04193000051946867,AM1BCC,OpenEye,,,H,,17,[H:16][C:7]1([C:6]([C:5]([C:4]([C:9]([C:8]1([H:18])[H:19])([H:20])[H:21])([H:11])[C:2](=[O:1])[O:3][H:10])([H:12])[H:13])([H:14])[H:15])[H:17],2.0,11.0
17,0.043889998680069334,AM1BCC,OpenEye,,,H,,18,[H:16][C:7]1([C:6]([C:5]([C:4]([C:9]([C:8]1([H:18])[H:19])([H:20])[H:21])([H:11])[C:2](=[O:1])[O:3][H:10])([H:12])[H:13])([H:14])[H:15])[H:17],2.0,11.0
18,0.043889998680069334,AM1BCC,OpenEye,,,H,,19,[H:16][C:7]1([C:6]([C:5]([C:4]([C:9]([C:8]1([H:18])[H:19])([H:20])[H:21])([H:11])[C:2](=[O:1])[O:3][H:10])([H:12])[H:13])([H:14])[H:15])[H:17],2.0,11.0
19,0.05589000064702261,AM1BCC,OpenEye,,,H,,20,[H:16][C:7]1([C:6]([C:5]([C:4]([C:9]([C:8]1([H:18])[H:19])([H:20])[H:21])([H:11])[C:2](=[O:1])[O:3][H:10])([H:12])[H:13])([H:14])[H:15])[H:17],2.0,11.0
20,0.05589000064702261,AM1BCC,OpenEye,,,H,,21,[H:16][C:7]1([C:6]([C:5]([C:4]([C:9]([C:8]1([H:18])[H:19])([H:20])[H:21])([H:11])[C:2](=[O:1])[O:3][H:10])([H:12])[H:13])([H:14])[H:15])[H:17],2.0,11.0
0,-0.5510476190476191,AM1BCC,AmberTools,,,O,,1,[H:16][C:7]1([C:6]([C:5]([C:4]([C:9]([C:8]1([H:18])[H:19])([H:20])[H:21])([H:11])[C:2](=[O:1])[O:3][H:10])([H:12])[H:13])([H:14])[H:15])[H:17],2.0,11.0
1,0.6360523809523809,AM1BCC,AmberTools,,,C,,2,[H:16][C:7]1([C:6]([C:5]([C:4]([C:9]([C:8]1([H:18])[H:19])([H:20])[H:21])([H:11])[C:2](=[O:1])[O:3][H:10])([H:12])[H:13])([H:14])[H:15])[H:17],2.0,11.0
2,-0.610147619047619,AM1BCC,AmberTools,,,O,,3,[H:16][C:7]1([C:6]([C:5]([C:4]([C:9]([C:8]1([H:18])[H:19])([H:20])[H:21])([H:11])[C:2](=[O:1])[O:3][H:10])([H:12])[H:13])([H:14])[H:15])[H:17],2.0,11.0
3,-0.10374761904761905,AM1BCC,AmberTools,,,C,,4,[H:16][C:7]1([C:6]([C:5]([C:4]([C:9]([C:8]1([H:18])[H:19])([H:20])[H:21])([H:11])[C:2](=[O:1])[O:3][H:10])([H:12])[H:13])([H:14])[H:15])[H:17],2.0,11.0
4,-0.07394761904761904,AM1BCC,AmberTools,,,C,,5,[H:16][C:7]1([C:6]([C:5]([C:4]([C:9]([C:8]1([H:18])[H:19])([H:20])[H:21])([H:11])[C:2](=[O:1])[O:3][H:10])([H:12])[H:13])([H:14])[H:15])[H:17],2.0,11.0
5,-0.07544761904761904,AM1BCC,AmberTools,,,C,,6,[H:16][C:7]1([C:6]([C:5]([C:4]([C:9]([C:8]1([H:18])[H:19])([H:20])[H:21])([H:11])[C:2](=[O:1])[O:3][H:10])([H:12])[H:13])([H:14])[H:15])[H:17],2.0,11.0
6,-0.07944761904761904,AM1BCC,AmberTools,,,C,,7,[H:16][C:7]1([C:6]([C:5]([C:4]([C:9]([C:8]1([H:18])[H:19])([H:20])[H:21])([H:11])[C:2](=[O:1])[O:3][H:10])([H:12])[H:13])([H:14])[H:15])[H:17],2.0,11.0
7,-0.07544761904761904,AM1BCC,AmberTools,,,C,,8,[H:16][C:7]1([C:6]([C:5]([C:4]([C:9]([C:8]1([H:18])[H:19])([H:20])[H:21])([H:11])[C:2](=[O:1])[O:3][H:10])([H:12])[H:13])([H:14])[H:15])[H:17],2.0,11.0
8,-0.07394761904761904,AM1BCC,AmberTools,,,C,,9,[H:16][C:7]1([C:6]([C:5]([C:4]([C:9]([C:8]1([H:18])[H:19])([H:20])[H:21])([H:11])[C:2](=[O:1])[O:3][H:10])([H:12])[H:13])([H:14])[H:15])[H:17],2.0,11.0
9,0.441952380952381,AM1BCC,AmberTools,,,H,,10,[H:16][C:7]1([C:6]([C:5]([C:4]([C:9]([C:8]1([H:18])[H:19])([H:20])[H:21])([H:11])[C:2](=[O:1])[O:3][H:10])([H:12])[H:13])([H:14])[H:15])[H:17],2.0,11.0
10,0.08265238095238095,AM1BCC,AmberTools,,,H,,11,[H:16][C:7]1([C:6]([C:5]([C:4]([C:9]([C:8]1([H:18])[H:19])([H:20])[H:21])([H:11])[C:2](=[O:1])[O:3][H:10])([H:12])[H:13])([H:14])[H:15])[H:17],2.0,11.0
11,0.05515238095238096,AM1BCC,AmberTools,,,H,,12,[H:16][C:7]1([C:6]([C:5]([C:4]([C:9]([C:8]1([H:18])[H:19])([H:20])[H:21])([H:11])[C:2](=[O:1])[O:3][H:10])([H:12])[H:13])([H:14])[H:15])[H:17],2.0,11.0
12,0.05515238095238096,AM1BCC,AmberTools,,,H,,13,[H:16][C:7]1([C:6]([C:5]([C:4]([C:9]([C:8]1([H:18])[H:19])([H:20])[H:21])([H:11])[C:2](=[O:1])[O:3][H:10])([H:12])[H:13])([H:14])[H:15])[H:17],2.0,11.0
13,0.044402380952380964,AM1BCC,AmberTools,,,H,,14,[H:16][C:7]1([C:6]([C:5]([C:4]([C:9]([C:8]1([H:18])[H:19])([H:20])[H:21])([H:11])[C:2](=[O:1])[O:3][H:10])([H:12])[H:13])([H:14])[H:15])[H:17],2.0,11.0
14,0.044402380952380964,AM1BCC,AmberTools,,,H,,15,[H:16][C:7]1([C:6]([C:5]([C:4]([C:9]([C:8]1([H:18])[H:19])([H:20])[H:21])([H:11])[C:2](=[O:1])[O:3][H:10])([H:12])[H:13])([H:14])[H:15])[H:17],2.0,11.0
15,0.04215238095238096,AM1BCC,AmberTools,,,H,,16,[H:16][C:7]1([C:6]([C:5]([C:4]([C:9]([C:8]1([H:18])[H:19])([H:20])[H:21])([H:11])[C:2](=[O:1])[O:3][H:10])([H:12])[H:13])([H:14])[H:15])[H:17],2.0,11.0
16,0.04215238095238096,AM1BCC,AmberTools,,,H,,17,[H:16][C:7]1([C:6]([C:5]([C:4]([C:9]([C:8]1([H:18])[H:19])([H:20])[H:21])([H:11])[C:2](=[O:1])[O:3][H:10])([H:12])[H:13])([H:14])[H:15])[H:17],2.0,11.0
17,0.044402380952380964,AM1BCC,AmberTools,,,H,,18,[H:16][C:7]1([C:6]([C:5]([C:4]([C:9]([C:8]1([H:18])[H:19])([H:20])[H:21])([H:11])[C:2](=[O:1])[O:3][H:10])([H:12])[H:13])([H:14])[H:15])[H:17],2.0,11.0
18,0.044402380952380964,AM1BCC,AmberTools,,,H,,19,[H:16][C:7]1([C:6]([C:5]([C:4]([C:9]([C:8]1([H:18])[H:19])([H:20])[H:21])([H:11])[C:2](=[O:1])[O:3][H:10])([H:12])[H:13])([H:14])[H:15])[H:17],2.0,11.0
19,0.05515238095238096,AM1BCC,AmberTools,,,H,,20,[H:16][C:7]1([C:6]([C:5]([C:4]([C:9]([C:8]1([H:18])[H:19])([H:20])[H:21])([H:11])[C:2](=[O:1])[O:3][H:10])([H:12])[H:13])([H:14])[H:15])[H:17],2.0,11.0
20,0.05515238095238096,AM1BCC,AmberTools,,,H,,21,[H:16][C:7]1([C:6]([C:5]([C:4]([C:9]([C:8]1([H:18])[H:19])([H:20])[H:21])([H:11])[C:2](=[O:1])[O:3][H:10])([H:12])[H:13])([H:14])[H:15])[H:17],2.0,11.0
0,-0.5531499988975979,AM1BCC,OpenEye,,,O,,1,[H:16][C:7]1([C:6]([C:5]([C:4]([C:9]([C:8]1([H:18])[H:19])([H:20])[H:21])([H:11])[C:2](=[O:1])[O:3][H:10])([H:12])[H:13])([H:14])[H:15])[H:17],2.0,12.0
1,0.6332700245437168,AM1BCC,OpenEye,,,C,,2,[H:16][C:7]1([C:6]([C:5]([C:4]([C:9]([C:8]1([H:18])[H:19])([H:20])[H:21])([H:11])[C:2](=[O:1])[O:3][H:10])([H:12])[H:13])([H:14])[H:15])[H:17],2.0,12.0
2,-0.6009200222435451,AM1BCC,OpenEye,,,O,,3,[H:16][C:7]1([C:6]([C:5]([C:4]([C:9]([C:8]1([H:18])[H:19])([H:20])[H:21])([H:11])[C:2](=[O:1])[O:3][H:10])([H:12])[H:13])([H:14])[H:15])[H:17],2.0,12.0
3,-0.10565999966292154,AM1BCC,OpenEye,,,C,,4,[H:16][C:7]1([C:6]([C:5]([C:4]([C:9]([C:8]1([H:18])[H:19])([H:20])[H:21])([H:11])[C:2](=[O:1])[O:3][H:10])([H:12])[H:13])([H:14])[H:15])[H:17],2.0,12.0
4,-0.0743900023045994,AM1BCC,OpenEye,,,C,,5,[H:16][C:7]1([C:6]([C:5]([C:4]([C:9]([C:8]1([H:18])[H:19])([H:20])[H:21])([H:11])[C:2](=[O:1])[O:3][H:10])([H:12])[H:13])([H:14])[H:15])[H:17],2.0,12.0
5,-0.07590000402359735,AM1BCC,OpenEye,,,C,,6,[H:16][C:7]1([C:6]([C:5]([C:4]([C:9]([C:8]1([H:18])[H:19])([H:20])[H:21])([H:11])[C:2](=[O:1])[O:3][H:10])([H:12])[H:13])([H:14])[H:15])[H:17],2.0,12.0
6,-0.07988999854950678,AM1BCC,OpenEye,,,C,,7,[H:16][C:7]1([C:6]([C:5]([C:4]([C:9]([C:8]1([H:18])[H:19])([H:20])[H:21])([H:11])[C:2](=[O:1])[O:3][H:10])([H:12])[H:13])([H:14])[H:15])[H:17],2.0,12.0
7,-0.07590000402359735,AM1BCC,OpenEye,,,C,,8,[H:16][C:7]1([C:6]([C:5]([C:4]([C:9]([C:8]1([H:18])[H:19])([H:20])[H:21])([H:11])[C:2](=[O:1])[O:3][H:10])([H:12])[H:13])([H:14])[H:15])[H:17],2.0,12.0
8,-0.0743900023045994,AM1BCC,OpenEye,,,C,,9,[H:16][C:7]1([C:6]([C:5]([C:4]([C:9]([C:8]1([H:18])[H:19])([H:20])[H:21])([H:11])[C:2](=[O:1])[O:3][H:10])([H:12])[H:13])([H:14])[H:15])[H:17],2.0,12.0
9,0.4429500095901035,AM1BCC,OpenEye,,,H,,10,[H:16][C:7]1([C:6]([C:5]([C:4]([C:9]([C:8]1([H:18])[H:19])([H:20])[H:21])([H:11])[C:2](=[O:1])[O:3][H:10])([H:12])[H:13])([H:14])[H:15])[H:17],2.0,12.0
10,0.08099999952883948,AM1BCC,OpenEye,,,H,,11,[H:16][C:7]1([C:6]([C:5]([C:4]([C:9]([C:8]1([H:18])[H:19])([H:20])[H:21])([H:11])[C:2](=[O:1])[O:3][H:10])([H:12])[H:13])([H:14])[H:15])[H:17],2.0,12.0
11,0.05589000064702261,AM1BCC,OpenEye,,,H,,12,[H:16][C:7]1([C:6]([C:5]([C:4]([C:9]([C:8]1([H:18])[H:19])([H:20])[H:21])([H:11])[C:2](=[O:1])[O:3][H:10])([H:12])[H:13])([H:14])[H:15])[H:17],2.0,12.0
12,0.05589000064702261,AM1BCC,OpenEye,,,H,,13,[H:16][C:7]1([C:6]([C:5]([C:4]([C:9]([C:8]1([H:18])[H:19])([H:20])[H:21])([H:11])[C:2](=[O:1])[O:3][H:10])([H:12])[H:13])([H:14])[H:15])[H:17],2.0,12.0
13,0.043889998680069334,AM1BCC,OpenEye,,,H,,14,[H:16][C:7]1([C:6]([C:5]([C:4]([C:9]([C:8]1([H:18])[H:19])([H:20])[H:21])([H:11])[C:2](=[O:1])[O:3][H:10])([H:12])[H:13])([H:14])[H:15])[H:17],2.0,12.0
14,0.043889998680069334,AM1BCC,OpenEye,,,H,,15,[H:16][C:7]1([C:6]([C:5]([C:4]([C:9]([C:8]1([H:18])[H:19])([H:20])[H:21])([H:11])[C:2](=[O:1])[O:3][H:10])([H:12])[H:13])([H:14])[H:15])[H:17],2.0,12.0
15,0.04193000051946867,AM1BCC,OpenEye,,,H,,16,[H:16][C:7]1([C:6]([C:5]([C:4]([C:9]([C:8]1([H:18])[H:19])([H:20])[H:21])([H:11])[C:2](=[O:1])[O:3][H:10])([H:12])[H:13])([H:14])[H:15])[H:17],2.0,12.0
16,0.04193000051946867,AM1BCC,OpenEye,,,H,,17,[H:16][C:7]1([C:6]([C:5]([C:4]([C:9]([C:8]1([H:18])[H:19])([H:20])[H:21])([H:11])[C:2](=[O:1])[O:3][H:10])([H:12])[H:13])([H:14])[H:15])[H:17],2.0,12.0
17,0.043889998680069334,AM1BCC,OpenEye,,,H,,18,[H:16][C:7]1([C:6]([C:5]([C:4]([C:9]([C:8]1([H:18])[H:19])([H:20])[H:21])([H:11])[C:2](=[O:1])[O:3][H:10])([H:12])[H:13])([H:14])[H:15])[H:17],2.0,12.0
18,0.043889998680069334,AM1BCC,OpenEye,,,H,,19,[H:16][C:7]1([C:6]([C:5]([C:4]([C:9]([C:8]1([H:18])[H:19])([H:20])[H:21])([H:11])[C:2](=[O:1])[O:3][H:10])([H:12])[H:13])([H:14])[H:15])[H:17],2.0,12.0
19,0.05589000064702261,AM1BCC,OpenEye,,,H,,20,[H:16][C:7]1([C:6]([C:5]([C:4]([C:9]([C:8]1([H:18])[H:19])([H:20])[H:21])([H:11])[C:2](=[O:1])[O:3][H:10])([H:12])[H:13])([H:14])[H:15])[H:17],2.0,12.0
20,0.05589000064702261,AM1BCC,OpenEye,,,H,,21,[H:16][C:7]1([C:6]([C:5]([C:4]([C:9]([C:8]1([H:18])[H:19])([H:20])[H:21])([H:11])[C:2](=[O:1])[O:3][H:10])([H:12])[H:13])([H:14])[H:15])[H:17],2.0,12.0
0,-0.550952380952381,AM1BCC,AmberTools,,,O,,1,[H:16][C:7]1([C:6]([C:5]([C:4]([C:9]([C:8]1([H:18])[H:19])([H:20])[H:21])([H:11])[C:2](=[O:1])[O:3][H:10])([H:12])[H:13])([H:14])[H:15])[H:17],2.0,12.0
1,0.6361476190476191,AM1BCC,AmberTools,,,C,,2,[H:16][C:7]1([C:6]([C:5]([C:4]([C:9]([C:8]1([H:18])[H:19])([H:20])[H:21])([H:11])[C:2](=[O:1])[O:3][H:10])([H:12])[H:13])([H:14])[H:15])[H:17],2.0,12.0
2,-0.6100523809523809,AM1BCC,AmberTools,,,O,,3,[H:16][C:7]1([C:6]([C:5]([C:4]([C:9]([C:8]1([H:18])[H:19])([H:20])[H:21])([H:11])[C:2](=[O:1])[O:3][H:10])([H:12])[H:13])([H:14])[H:15])[H:17],2.0,12.0
3,-0.10365238095238094,AM1BCC,AmberTools,,,C,,4,[H:16][C:7]1([C:6]([C:5]([C:4]([C:9]([C:8]1([H:18])[H:19])([H:20])[H:21])([H:11])[C:2](=[O:1])[O:3][H:10])([H:12])[H:13])([H:14])[H:15])[H:17],2.0,12.0
4,-0.07385238095238093,AM1BCC,AmberTools,,,C,,5,[H:16][C:7]1([C:6]([C:5]([C:4]([C:9]([C:8]1([H:18])[H:19])([H:20])[H:21])([H:11])[C:2](=[O:1])[O:3][H:10])([H:12])[H:13])([H:14])[H:15])[H:17],2.0,12.0
5,-0.07535238095238093,AM1BCC,AmberTools,,,C,,6,[H:16][C:7]1([C:6]([C:5]([C:4]([C:9]([C:8]1([H:18])[H:19])([H:20])[H:21])([H:11])[C:2](=[O:1])[O:3][H:10])([H:12])[H:13])([H:14])[H:15])[H:17],2.0,12.0
6,-0.07935238095238094,AM1BCC,AmberTools,,,C,,7,[H:16][C:7]1([C:6]([C:5]([C:4]([C:9]([C:8]1([H:18])[H:19])([H:20])[H:21])([H:11])[C:2](=[O:1])[O:3][H:10])([H:12])[H:13])([H:14])[H:15])[H:17],2.0,12.0
7,-0.07535238095238093,AM1BCC,AmberTools,,,C,,8,[H:16][C:7]1([C:6]([C:5]([C:4]([C:9]([C:8]1([H:18])[H:19])([H:20])[H:21])([H:11])[C:2](=[O:1])[O:3][H:10])([H:12])[H:13])([H:14])[H:15])[H:17],2.0,12.0
8,-0.07385238095238093,AM1BCC,AmberTools,,,C,,9,[H:16][C:7]1([C:6]([C:5]([C:4]([C:9]([C:8]1([H:18])[H:19])([H:20])[H:21])([H:11])[C:2](=[O:1])[O:3][H:10])([H:12])[H:13])([H:14])[H:15])[H:17],2.0,12.0
9,0.4420476190476191,AM1BCC,AmberTools,,,H,,10,[H:16][C:7]1([C:6]([C:5]([C:4]([C:9]([C:8]1([H:18])[H:19])([H:20])[H:21])([H:11])[C:2](=[O:1])[O:3][H:10])([H:12])[H:13])([H:14])[H:15])[H:17],2.0,12.0
10,0.08274761904761906,AM1BCC,AmberTools,,,H,,11,[H:16][C:7]1([C:6]([C:5]([C:4]([C:9]([C:8]1([H:18])[H:19])([H:20])[H:21])([H:11])[C:2](=[O:1])[O:3][H:10])([H:12])[H:13])([H:14])[H:15])[H:17],2.0,12.0
11,0.05499761904761906,AM1BCC,AmberTools,,,H,,12,[H:16][C:7]1([C:6]([C:5]([C:4]([C:9]([C:8]1([H:18])[H:19])([H:20])[H:21])([H:11])[C:2](=[O:1])[O:3][H:10])([H:12])[H:13])([H:14])[H:15])[H:17],2.0,12.0
12,0.05499761904761906,AM1BCC,AmberTools,,,H,,13,[H:16][C:7]1([C:6]([C:5]([C:4]([C:9]([C:8]1([H:18])[H:19])([H:20])[H:21])([H:11])[C:2](=[O:1])[O:3][H:10])([H:12])[H:13])([H:14])[H:15])[H:17],2.0,12.0
13,0.044497619047619064,AM1BCC,AmberTools,,,H,,14,[H:16][C:7]1([C:6]([C:5]([C:4]([C:9]([C:8]1([H:18])[H:19])([H:20])[H:21])([H:11])[C:2](=[O:1])[O:3][H:10])([H:12])[H:13])([H:14])[H:15])[H:17],2.0,12.0
14,0.044497619047619064,AM1BCC,AmberTools,,,H,,15,[H:16][C:7]1([C:6]([C:5]([C:4]([C:9]([C:8]1([H:18])[H:19])([H:20])[H:21])([H:11])[C:2](=[O:1])[O:3][H:10])([H:12])[H:13])([H:14])[H:15])[H:17],2.0,12.0
15,0.04174761904761906,AM1BCC,AmberTools,,,H,,16,[H:16][C:7]1([C:6]([C:5]([C:4]([C:9]([C:8]1([H:18])[H:19])([H:20])[H:21])([H:11])[C:2](=[O:1])[O:3][H:10])([H:12])[H:13])([H:14])[H:15])[H:17],2.0,12.0
16,0.04174761904761906,AM1BCC,AmberTools,,,H,,17,[H:16][C:7]1([C:6]([C:5]([C:4]([C:9]([C:8]1([H:18])[H:19])([H:20])[H:21])([H:11])[C:2](=[O:1])[O:3][H:10])([H:12])[H:13])([H:14])[H:15])[H:17],2.0,12.0
17,0.044497619047619064,AM1BCC,AmberTools,,,H,,18,[H:16][C:7]1([C:6]([C:5]([C:4]([C:9]([C:8]1([H:18])[H:19])([H:20])[H:21])([H:11])[C:2](=[O:1])[O:3][H:10])([H:12])[H:13])([H:14])[H:15])[H:17],2.0,12.0
18,0.044497619047619064,AM1BCC,AmberTools,,,H,,19,[H:16][C:7]1([C:6]([C:5]([C:4]([C:9]([C:8]1([H:18])[H:19])([H:20])[H:21])([H:11])[C:2](=[O:1])[O:3][H:10])([H:12])[H:13])([H:14])[H:15])[H:17],2.0,12.0
19,0.05499761904761906,AM1BCC,AmberTools,,,H,,20,[H:16][C:7]1([C:6]([C:5]([C:4]([C:9]([C:8]1([H:18])[H:19])([H:20])[H:21])([H:11])[C:2](=[O:1])[O:3][H:10])([H:12])[H:13])([H:14])[H:15])[H:17],2.0,12.0
20,0.05499761904761906,AM1BCC,AmberTools,,,H,,21,[H:16][C:7]1([C:6]([C:5]([C:4]([C:9]([C:8]1([H:18])[H:19])([H:20])[H:21])([H:11])[C:2](=[O:1])[O:3][H:10])([H:12])[H:13])([H:14])[H:15])[H:17],2.0,12.0
0,-0.5506899952888489,AM1BCC,OpenEye,,,O,,1,[H:16][C:7]1([C:6]([C:5]([C:4]([C:9]([C:8]1([H:18])[H:19])([H:20])[H:21])([H:11])[C:2](=[O:1])[O:3][H:10])([H:12])[H:13])([H:14])[H:15])[H:17],3.0,1.0
1,0.6329500079154968,AM1BCC,OpenEye,,,C,,2,[H:16][C:7]1([C:6]([C:5]([C:4]([C:9]([C:8]1([H:18])[H:19])([H:20])[H:21])([H:11])[C:2](=[O:1])[O:3][H:10])([H:12])[H:13])([H:14])[H:15])[H:17],3.0,1.0
2,-0.601140022277832,AM1BCC,OpenEye,,,O,,3,[H:16][C:7]1([C:6]([C:5]([C:4]([C:9]([C:8]1([H:18])[H:19])([H:20])[H:21])([H:11])[C:2](=[O:1])[O:3][H:10])([H:12])[H:13])([H:14])[H:15])[H:17],3.0,1.0
3,-0.10751000046730042,AM1BCC,OpenEye,,,C,,4,[H:16][C:7]1([C:6]([C:5]([C:4]([C:9]([C:8]1([H:18])[H:19])([H:20])[H:21])([H:11])[C:2](=[O:1])[O:3][H:10])([H:12])[H:13])([H:14])[H:15])[H:17],3.0,1.0
4,-0.07321000099182129,AM1BCC,OpenEye,,,C,,5,[H:16][C:7]1([C:6]([C:5]([C:4]([C:9]([C:8]1([H:18])[H:19])([H:20])[H:21])([H:11])[C:2](=[O:1])[O:3][H:10])([H:12])[H:13])([H:14])[H:15])[H:17],3.0,1.0
5,-0.07637999951839447,AM1BCC,OpenEye,,,C,,6,[H:16][C:7]1([C:6]([C:5]([C:4]([C:9]([C:8]1([H:18])[H:19])([H:20])[H:21])([H:11])[C:2](=[O:1])[O:3][H:10])([H:12])[H:13])([H:14])[H:15])[H:17],3.0,1.0
6,-0.08053000271320343,AM1BCC,OpenEye,,,C,,7,[H:16][C:7]1([C:6]([C:5]([C:4]([C:9]([C:8]1([H:18])[H:19])([H:20])[H:21])([H:11])[C:2](=[O:1])[O:3][H:10])([H:12])[H:13])([H:14])[H:15])[H:17],3.0,1.0
7,-0.07637999951839447,AM1BCC,OpenEye,,,C,,8,[H:16][C:7]1([C:6]([C:5]([C:4]([C:9]([C:8]1([H:18])[H:19])([H:20])[H:21])([H:11])[C:2](=[O:1])[O:3][H:10])([H:12])[H:13])([H:14])[H:15])[H:17],3.0,1.0
8,-0.07321000099182129,AM1BCC,OpenEye,,,C,,9,[H:16][C:7]1([C:6]([C:5]([C:4]([C:9]([C:8]1([H:18])[H:19])([H:20])[H:21])([H:11])[C:2](=[O:1])[O:3][H:10])([H:12])[H:13])([H:14])[H:15])[H:17],3.0,1.0
9,0.44159001111984253,AM1BCC,OpenEye,,,H,,10,[H:16][C:7]1([C:6]([C:5]([C:4]([C:9]([C:8]1([H:18])[H:19])([H:20])[H:21])([H:11])[C:2](=[O:1])[O:3][H:10])([H:12])[H:13])([H:14])[H:15])[H:17],3.0,1.0
10,0.0815500020980835,AM1BCC,OpenEye,,,H,,11,[H:16][C:7]1([C:6]([C:5]([C:4]([C:9]([C:8]1([H:18])[H:19])([H:20])[H:21])([H:11])[C:2](=[O:1])[O:3][H:10])([H:12])[H:13])([H:14])[H:15])[H:17],3.0,1.0
11,0.05559000000357628,AM1BCC,OpenEye,,,H,,12,[H:16][C:7]1([C:6]([C:5]([C:4]([C:9]([C:8]1([H:18])[H:19])([H:20])[H:21])([H:11])[C:2](=[O:1])[O:3][H:10])([H:12])[H:13])([H:14])[H:15])[H:17],3.0,1.0
12,0.05559000000357628,AM1BCC,OpenEye,,,H,,13,[H:16][C:7]1([C:6]([C:5]([C:4]([C:9]([C:8]1([H:18])[H:19])([H:20])[H:21])([H:11])[C:2](=[O:1])[O:3][H:10])([H:12])[H:13])([H:14])[H:15])[H:17],3.0,1.0
13,0.04357999935746193,AM1BCC,OpenEye,,,H,,14,[H:16][C:7]1([C:6]([C:5]([C:4]([C:9]([C:8]1([H:18])[H:19])([H:20])[H:21])([H:11])[C:2](=[O:1])[O:3][H:10])([H:12])[H:13])([H:14])[H:15])[H:17],3.0,1.0
14,0.04357999935746193,AM1BCC,OpenEye,,,H,,15,[H:16][C:7]1([C:6]([C:5]([C:4]([C:9]([C:8]1([H:18])[H:19])([H:20])[H:21])([H:11])[C:2](=[O:1])[O:3][H:10])([H:12])[H:13])([H:14])[H:15])[H:17],3.0,1.0
15,0.043140001595020294,AM1BCC,OpenEye,,,H,,16,[H:16][C:7]1([C:6]([C:5]([C:4]([C:9]([C:8]1([H:18])[H:19])([H:20])[H:21])([H:11])[C:2](=[O:1])[O:3][H:10])([H:12])[H:13])([H:14])[H:15])[H:17],3.0,1.0
16,0.043140001595020294,AM1BCC,OpenEye,,,H,,17,[H:16][C:7]1([C:6]([C:5]([C:4]([C:9]([C:8]1([H:18])[H:19])([H:20])[H:21])([H:11])[C:2](=[O:1])[O:3][H:10])([H:12])[H:13])([H:14])[H:15])[H:17],3.0,1.0
17,0.04357999935746193,AM1BCC,OpenEye,,,H,,18,[H:16][C:7]1([C:6]([C:5]([C:4]([C:9]([C:8]1([H:18])[H:19])([H:20])[H:21])([H:11])[C:2](=[O:1])[O:3][H:10])([H:12])[H:13])([H:14])[H:15])[H:17],3.0,1.0
18,0.04357999935746193,AM1BCC,OpenEye,,,H,,19,[H:16][C:7]1([C:6]([C:5]([C:4]([C:9]([C:8]1([H:18])[H:19])([H:20])[H:21])([H:11])[C:2](=[O:1])[O:3][H:10])([H:12])[H:13])([H:14])[H:15])[H:17],3.0,1.0
19,0.05559000000357628,AM1BCC,OpenEye,,,H,,20,[H:16][C:7]1([C:6]([C:5]([C:4]([C:9]([C:8]1([H:18])[H:19])([H:20])[H:21])([H:11])[C:2](=[O:1])[O:3][H:10])([H:12])[H:13])([H:14])[H:15])[H:17],3.0,1.0
20,0.05559000000357628,AM1BCC,OpenEye,,,H,,21,[H:16][C:7]1([C:6]([C:5]([C:4]([C:9]([C:8]1([H:18])[H:19])([H:20])[H:21])([H:11])[C:2](=[O:1])[O:3][H:10])([H:12])[H:13])([H:14])[H:15])[H:17],3.0,1.0
0,-0.550952380952381,AM1BCC,AmberTools,,,O,,1,[H:16][C:7]1([C:6]([C:5]([C:4]([C:9]([C:8]1([H:18])[H:19])([H:20])[H:21])([H:11])[C:2](=[O:1])[O:3][H:10])([H:12])[H:13])([H:14])[H:15])[H:17],3.0,1.0
1,0.6361476190476191,AM1BCC,AmberTools,,,C,,2,[H:16][C:7]1([C:6]([C:5]([C:4]([C:9]([C:8]1([H:18])[H:19])([H:20])[H:21])([H:11])[C:2](=[O:1])[O:3][H:10])([H:12])[H:13])([H:14])[H:15])[H:17],3.0,1.0
2,-0.6100523809523809,AM1BCC,AmberTools,,,O,,3,[H:16][C:7]1([C:6]([C:5]([C:4]([C:9]([C:8]1([H:18])[H:19])([H:20])[H:21])([H:11])[C:2](=[O:1])[O:3][H:10])([H:12])[H:13])([H:14])[H:15])[H:17],3.0,1.0
3,-0.10465238095238096,AM1BCC,AmberTools,,,C,,4,[H:16][C:7]1([C:6]([C:5]([C:4]([C:9]([C:8]1([H:18])[H:19])([H:20])[H:21])([H:11])[C:2](=[O:1])[O:3][H:10])([H:12])[H:13])([H:14])[H:15])[H:17],3.0,1.0
4,-0.07435238095238095,AM1BCC,AmberTools,,,C,,5,[H:16][C:7]1([C:6]([C:5]([C:4]([C:9]([C:8]1([H:18])[H:19])([H:20])[H:21])([H:11])[C:2](=[O:1])[O:3][H:10])([H:12])[H:13])([H:14])[H:15])[H:17],3.0,1.0
5,-0.07635238095238095,AM1BCC,AmberTools,,,C,,6,[H:16][C:7]1([C:6]([C:5]([C:4]([C:9]([C:8]1([H:18])[H:19])([H:20])[H:21])([H:11])[C:2](=[O:1])[O:3][H:10])([H:12])[H:13])([H:14])[H:15])[H:17],3.0,1.0
6,-0.08035238095238095,AM1BCC,AmberTools,,,C,,7,[H:16][C:7]1([C:6]([C:5]([C:4]([C:9]([C:8]1([H:18])[H:19])([H:20])[H:21])([H:11])[C:2](=[O:1])[O:3][H:10])([H:12])[H:13])([H:14])[H:15])[H:17],3.0,1.0
7,-0.07635238095238095,AM1BCC,AmberTools,,,C,,8,[H:16][C:7]1([C:6]([C:5]([C:4]([C:9]([C:8]1([H:18])[H:19])([H:20])[H:21])([H:11])[C:2](=[O:1])[O:3][H:10])([H:12])[H:13])([H:14])[H:15])[H:17],3.0,1.0
8,-0.07435238095238095,AM1BCC,AmberTools,,,C,,9,[H:16][C:7]1([C:6]([C:5]([C:4]([C:9]([C:8]1([H:18])[H:19])([H:20])[H:21])([H:11])[C:2](=[O:1])[O:3][H:10])([H:12])[H:13])([H:14])[H:15])[H:17],3.0,1.0
9,0.442047619047619,AM1BCC,AmberTools,,,H,,10,[H:16][C:7]1([C:6]([C:5]([C:4]([C:9]([C:8]1([H:18])[H:19])([H:20])[H:21])([H:11])[C:2](=[O:1])[O:3][H:10])([H:12])[H:13])([H:14])[H:15])[H:17],3.0,1.0
10,0.08274761904761904,AM1BCC,AmberTools,,,H,,11,[H:16][C:7]1([C:6]([C:5]([C:4]([C:9]([C:8]1([H:18])[H:19])([H:20])[H:21])([H:11])[C:2](=[O:1])[O:3][H:10])([H:12])[H:13])([H:14])[H:15])[H:17],3.0,1.0
11,0.055247619047619045,AM1BCC,AmberTools,,,H,,12,[H:16][C:7]1([C:6]([C:5]([C:4]([C:9]([C:8]1([H:18])[H:19])([H:20])[H:21])([H:11])[C:2](=[O:1])[O:3][H:10])([H:12])[H:13])([H:14])[H:15])[H:17],3.0,1.0
12,0.055247619047619045,AM1BCC,AmberTools,,,H,,13,[H:16][C:7]1([C:6]([C:5]([C:4]([C:9]([C:8]1([H:18])[H:19])([H:20])[H:21])([H:11])[C:2](=[O:1])[O:3][H:10])([H:12])[H:13])([H:14])[H:15])[H:17],3.0,1.0
13,0.04424761904761905,AM1BCC,AmberTools,,,H,,14,[H:16][C:7]1([C:6]([C:5]([C:4]([C:9]([C:8]1([H:18])[H:19])([H:20])[H:21])([H:11])[C:2](=[O:1])[O:3][H:10])([H:12])[H:13])([H:14])[H:15])[H:17],3.0,1.0
14,0.04424761904761905,AM1BCC,AmberTools,,,H,,15,[H:16][C:7]1([C:6]([C:5]([C:4]([C:9]([C:8]1([H:18])[H:19])([H:20])[H:21])([H:11])[C:2](=[O:1])[O:3][H:10])([H:12])[H:13])([H:14])[H:15])[H:17],3.0,1.0
15,0.04424761904761905,AM1BCC,AmberTools,,,H,,16,[H:16][C:7]1([C:6]([C:5]([C:4]([C:9]([C:8]1([H:18])[H:19])([H:20])[H:21])([H:11])[C:2](=[O:1])[O:3][H:10])([H:12])[H:13])([H:14])[H:15])[H:17],3.0,1.0
16,0.04424761904761905,AM1BCC,AmberTools,,,H,,17,[H:16][C:7]1([C:6]([C:5]([C:4]([C:9]([C:8]1([H:18])[H:19])([H:20])[H:21])([H:11])[C:2](=[O:1])[O:3][H:10])([H:12])[H:13])([H:14])[H:15])[H:17],3.0,1.0
17,0.04424761904761905,AM1BCC,AmberTools,,,H,,18,[H:16][C:7]1([C:6]([C:5]([C:4]([C:9]([C:8]1([H:18])[H:19])([H:20])[H:21])([H:11])[C:2](=[O:1])[O:3][H:10])([H:12])[H:13])([H:14])[H:15])[H:17],3.0,1.0
18,0.04424761904761905,AM1BCC,AmberTools,,,H,,19,[H:16][C:7]1([C:6]([C:5]([C:4]([C:9]([C:8]1([H:18])[H:19])([H:20])[H:21])([H:11])[C:2](=[O:1])[O:3][H:10])([H:12])[H:13])([H:14])[H:15])[H:17],3.0,1.0
19,0.055247619047619045,AM1BCC,AmberTools,,,H,,20,[H:16][C:7]1([C:6]([C:5]([C:4]([C:9]([C:8]1([H:18])[H:19])([H:20])[H:21])([H:11])[C:2](=[O:1])[O:3][H:10])([H:12])[H:13])([H:14])[H:15])[H:17],3.0,1.0
20,0.055247619047619045,AM1BCC,AmberTools,,,H,,21,[H:16][C:7]1([C:6]([C:5]([C:4]([C:9]([C:8]1([H:18])[H:19])([H:20])[H:21])([H:11])[C:2](=[O:1])[O:3][H:10])([H:12])[H:13])([H:14])[H:15])[H:17],3.0,1.0
0,-0.5506899952888489,AM1BCC,OpenEye,,,O,,1,[H:16][C:7]1([C:6]([C:5]([C:4]([C:9]([C:8]1([H:18])[H:19])([H:20])[H:21])([H:11])[C:2](=[O:1])[O:3][H:10])([H:12])[H:13])([H:14])[H:15])[H:17],3.0,2.0
1,0.6329500079154968,AM1BCC,OpenEye,,,C,,2,[H:16][C:7]1([C:6]([C:5]([C:4]([C:9]([C:8]1([H:18])[H:19])([H:20])[H:21])([H:11])[C:2](=[O:1])[O:3][H:10])([H:12])[H:13])([H:14])[H:15])[H:17],3.0,2.0
2,-0.601140022277832,AM1BCC,OpenEye,,,O,,3,[H:16][C:7]1([C:6]([C:5]([C:4]([C:9]([C:8]1([H:18])[H:19])([H:20])[H:21])([H:11])[C:2](=[O:1])[O:3][H:10])([H:12])[H:13])([H:14])[H:15])[H:17],3.0,2.0
3,-0.10751000046730042,AM1BCC,OpenEye,,,C,,4,[H:16][C:7]1([C:6]([C:5]([C:4]([C:9]([C:8]1([H:18])[H:19])([H:20])[H:21])([H:11])[C:2](=[O:1])[O:3][H:10])([H:12])[H:13])([H:14])[H:15])[H:17],3.0,2.0
4,-0.07321000099182129,AM1BCC,OpenEye,,,C,,5,[H:16][C:7]1([C:6]([C:5]([C:4]([C:9]([C:8]1([H:18])[H:19])([H:20])[H:21])([H:11])[C:2](=[O:1])[O:3][H:10])([H:12])[H:13])([H:14])[H:15])[H:17],3.0,2.0
5,-0.07637999951839447,AM1BCC,OpenEye,,,C,,6,[H:16][C:7]1([C:6]([C:5]([C:4]([C:9]([C:8]1([H:18])[H:19])([H:20])[H:21])([H:11])[C:2](=[O:1])[O:3][H:10])([H:12])[H:13])([H:14])[H:15])[H:17],3.0,2.0
6,-0.08053000271320343,AM1BCC,OpenEye,,,C,,7,[H:16][C:7]1([C:6]([C:5]([C:4]([C:9]([C:8]1([H:18])[H:19])([H:20])[H:21])([H:11])[C:2](=[O:1])[O:3][H:10])([H:12])[H:13])([H:14])[H:15])[H:17],3.0,2.0
7,-0.07637999951839447,AM1BCC,OpenEye,,,C,,8,[H:16][C:7]1([C:6]([C:5]([C:4]([C:9]([C:8]1([H:18])[H:19])([H:20])[H:21])([H:11])[C:2](=[O:1])[O:3][H:10])([H:12])[H:13])([H:14])[H:15])[H:17],3.0,2.0
8,-0.07321000099182129,AM1BCC,OpenEye,,,C,,9,[H:16][C:7]1([C:6]([C:5]([C:4]([C:9]([C:8]1([H:18])[H:19])([H:20])[H:21])([H:11])[C:2](=[O:1])[O:3][H:10])([H:12])[H:13])([H:14])[H:15])[H:17],3.0,2.0
9,0.44159001111984253,AM1BCC,OpenEye,,,H,,10,[H:16][C:7]1([C:6]([C:5]([C:4]([C:9]([C:8]1([H:18])[H:19])([H:20])[H:21])([H:11])[C:2](=[O:1])[O:3][H:10])([H:12])[H:13])([H:14])[H:15])[H:17],3.0,2.0
10,0.0815500020980835,AM1BCC,OpenEye,,,H,,11,[H:16][C:7]1([C:6]([C:5]([C:4]([C:9]([C:8]1([H:18])[H:19])([H:20])[H:21])([H:11])[C:2](=[O:1])[O:3][H:10])([H:12])[H:13])([H:14])[H:15])[H:17],3.0,2.0
11,0.05559000000357628,AM1BCC,OpenEye,,,H,,12,[H:16][C:7]1([C:6]([C:5]([C:4]([C:9]([C:8]1([H:18])[H:19])([H:20])[H:21])([H:11])[C:2](=[O:1])[O:3][H:10])([H:12])[H:13])([H:14])[H:15])[H:17],3.0,2.0
12,0.05559000000357628,AM1BCC,OpenEye,,,H,,13,[H:16][C:7]1([C:6]([C:5]([C:4]([C:9]([C:8]1([H:18])[H:19])([H:20])[H:21])([H:11])[C:2](=[O:1])[O:3][H:10])([H:12])[H:13])([H:14])[H:15])[H:17],3.0,2.0
13,0.04357999935746193,AM1BCC,OpenEye,,,H,,14,[H:16][C:7]1([C:6]([C:5]([C:4]([C:9]([C:8]1([H:18])[H:19])([H:20])[H:21])([H:11])[C:2](=[O:1])[O:3][H:10])([H:12])[H:13])([H:14])[H:15])[H:17],3.0,2.0
14,0.04357999935746193,AM1BCC,OpenEye,,,H,,15,[H:16][C:7]1([C:6]([C:5]([C:4]([C:9]([C:8]1([H:18])[H:19])([H:20])[H:21])([H:11])[C:2](=[O:1])[O:3][H:10])([H:12])[H:13])([H:14])[H:15])[H:17],3.0,2.0
15,0.043140001595020294,AM1BCC,OpenEye,,,H,,16,[H:16][C:7]1([C:6]([C:5]([C:4]([C:9]([C:8]1([H:18])[H:19])([H:20])[H:21])([H:11])[C:2](=[O:1])[O:3][H:10])([H:12])[H:13])([H:14])[H:15])[H:17],3.0,2.0
16,0.043140001595020294,AM1BCC,OpenEye,,,H,,17,[H:16][C:7]1([C:6]([C:5]([C:4]([C:9]([C:8]1([H:18])[H:19])([H:20])[H:21])([H:11])[C:2](=[O:1])[O:3][H:10])([H:12])[H:13])([H:14])[H:15])[H:17],3.0,2.0
17,0.04357999935746193,AM1BCC,OpenEye,,,H,,18,[H:16][C:7]1([C:6]([C:5]([C:4]([C:9]([C:8]1([H:18])[H:19])([H:20])[H:21])([H:11])[C:2](=[O:1])[O:3][H:10])([H:12])[H:13])([H:14])[H:15])[H:17],3.0,2.0
18,0.04357999935746193,AM1BCC,OpenEye,,,H,,19,[H:16][C:7]1([C:6]([C:5]([C:4]([C:9]([C:8]1([H:18])[H:19])([H:20])[H:21])([H:11])[C:2](=[O:1])[O:3][H:10])([H:12])[H:13])([H:14])[H:15])[H:17],3.0,2.0
19,0.05559000000357628,AM1BCC,OpenEye,,,H,,20,[H:16][C:7]1([C:6]([C:5]([C:4]([C:9]([C:8]1([H:18])[H:19])([H:20])[H:21])([H:11])[C:2](=[O:1])[O:3][H:10])([H:12])[H:13])([H:14])[H:15])[H:17],3.0,2.0
20,0.05559000000357628,AM1BCC,OpenEye,,,H,,21,[H:16][C:7]1([C:6]([C:5]([C:4]([C:9]([C:8]1([H:18])[H:19])([H:20])[H:21])([H:11])[C:2](=[O:1])[O:3][H:10])([H:12])[H:13])([H:14])[H:15])[H:17],3.0,2.0
0,-0.550952380952381,AM1BCC,AmberTools,,,O,,1,[H:16][C:7]1([C:6]([C:5]([C:4]([C:9]([C:8]1([H:18])[H:19])([H:20])[H:21])([H:11])[C:2](=[O:1])[O:3][H:10])([H:12])[H:13])([H:14])[H:15])[H:17],3.0,2.0
1,0.6361476190476191,AM1BCC,AmberTools,,,C,,2,[H:16][C:7]1([C:6]([C:5]([C:4]([C:9]([C:8]1([H:18])[H:19])([H:20])[H:21])([H:11])[C:2](=[O:1])[O:3][H:10])([H:12])[H:13])([H:14])[H:15])[H:17],3.0,2.0
2,-0.6100523809523809,AM1BCC,AmberTools,,,O,,3,[H:16][C:7]1([C:6]([C:5]([C:4]([C:9]([C:8]1([H:18])[H:19])([H:20])[H:21])([H:11])[C:2](=[O:1])[O:3][H:10])([H:12])[H:13])([H:14])[H:15])[H:17],3.0,2.0
3,-0.10465238095238096,AM1BCC,AmberTools,,,C,,4,[H:16][C:7]1([C:6]([C:5]([C:4]([C:9]([C:8]1([H:18])[H:19])([H:20])[H:21])([H:11])[C:2](=[O:1])[O:3][H:10])([H:12])[H:13])([H:14])[H:15])[H:17],3.0,2.0
4,-0.07435238095238095,AM1BCC,AmberTools,,,C,,5,[H:16][C:7]1([C:6]([C:5]([C:4]([C:9]([C:8]1([H:18])[H:19])([H:20])[H:21])([H:11])[C:2](=[O:1])[O:3][H:10])([H:12])[H:13])([H:14])[H:15])[H:17],3.0,2.0
5,-0.07635238095238095,AM1BCC,AmberTools,,,C,,6,[H:16][C:7]1([C:6]([C:5]([C:4]([C:9]([C:8]1([H:18])[H:19])([H:20])[H:21])([H:11])[C:2](=[O:1])[O:3][H:10])([H:12])[H:13])([H:14])[H:15])[H:17],3.0,2.0
6,-0.08035238095238095,AM1BCC,AmberTools,,,C,,7,[H:16][C:7]1([C:6]([C:5]([C:4]([C:9]([C:8]1([H:18])[H:19])([H:20])[H:21])([H:11])[C:2](=[O:1])[O:3][H:10])([H:12])[H:13])([H:14])[H:15])[H:17],3.0,2.0
7,-0.07635238095238095,AM1BCC,AmberTools,,,C,,8,[H:16][C:7]1([C:6]([C:5]([C:4]([C:9]([C:8]1([H:18])[H:19])([H:20])[H:21])([H:11])[C:2](=[O:1])[O:3][H:10])([H:12])[H:13])([H:14])[H:15])[H:17],3.0,2.0
8,-0.07435238095238095,AM1BCC,AmberTools,,,C,,9,[H:16][C:7]1([C:6]([C:5]([C:4]([C:9]([C:8]1([H:18])[H:19])([H:20])[H:21])([H:11])[C:2](=[O:1])[O:3][H:10])([H:12])[H:13])([H:14])[H:15])[H:17],3.0,2.0
9,0.442047619047619,AM1BCC,AmberTools,,,H,,10,[H:16][C:7]1([C:6]([C:5]([C:4]([C:9]([C:8]1([H:18])[H:19])([H:20])[H:21])([H:11])[C:2](=[O:1])[O:3][H:10])([H:12])[H:13])([H:14])[H:15])[H:17],3.0,2.0
10,0.08274761904761904,AM1BCC,AmberTools,,,H,,11,[H:16][C:7]1([C:6]([C:5]([C:4]([C:9]([C:8]1([H:18])[H:19])([H:20])[H:21])([H:11])[C:2](=[O:1])[O:3][H:10])([H:12])[H:13])([H:14])[H:15])[H:17],3.0,2.0
11,0.055247619047619045,AM1BCC,AmberTools,,,H,,12,[H:16][C:7]1([C:6]([C:5]([C:4]([C:9]([C:8]1([H:18])[H:19])([H:20])[H:21])([H:11])[C:2](=[O:1])[O:3][H:10])([H:12])[H:13])([H:14])[H:15])[H:17],3.0,2.0
12,0.055247619047619045,AM1BCC,AmberTools,,,H,,13,[H:16][C:7]1([C:6]([C:5]([C:4]([C:9]([C:8]1([H:18])[H:19])([H:20])[H:21])([H:11])[C:2](=[O:1])[O:3][H:10])([H:12])[H:13])([H:14])[H:15])[H:17],3.0,2.0
13,0.04424761904761905,AM1BCC,AmberTools,,,H,,14,[H:16][C:7]1([C:6]([C:5]([C:4]([C:9]([C:8]1([H:18])[H:19])([H:20])[H:21])([H:11])[C:2](=[O:1])[O:3][H:10])([H:12])[H:13])([H:14])[H:15])[H:17],3.0,2.0
14,0.04424761904761905,AM1BCC,AmberTools,,,H,,15,[H:16][C:7]1([C:6]([C:5]([C:4]([C:9]([C:8]1([H:18])[H:19])([H:20])[H:21])([H:11])[C:2](=[O:1])[O:3][H:10])([H:12])[H:13])([H:14])[H:15])[H:17],3.0,2.0
15,0.04424761904761905,AM1BCC,AmberTools,,,H,,16,[H:16][C:7]1([C:6]([C:5]([C:4]([C:9]([C:8]1([H:18])[H:19])([H:20])[H:21])([H:11])[C:2](=[O:1])[O:3][H:10])([H:12])[H:13])([H:14])[H:15])[H:17],3.0,2.0
16,0.04424761904761905,AM1BCC,AmberTools,,,H,,17,[H:16][C:7]1([C:6]([C:5]([C:4]([C:9]([C:8]1([H:18])[H:19])([H:20])[H:21])([H:11])[C:2](=[O:1])[O:3][H:10])([H:12])[H:13])([H:14])[H:15])[H:17],3.0,2.0
17,0.04424761904761905,AM1BCC,AmberTools,,,H,,18,[H:16][C:7]1([C:6]([C:5]([C:4]([C:9]([C:8]1([H:18])[H:19])([H:20])[H:21])([H:11])[C:2](=[O:1])[O:3][H:10])([H:12])[H:13])([H:14])[H:15])[H:17],3.0,2.0
18,0.04424761904761905,AM1BCC,AmberTools,,,H,,19,[H:16][C:7]1([C:6]([C:5]([C:4]([C:9]([C:8]1([H:18])[H:19])([H:20])[H:21])([H:11])[C:2](=[O:1])[O:3][H:10])([H:12])[H:13])([H:14])[H:15])[H:17],3.0,2.0
19,0.055247619047619045,AM1BCC,AmberTools,,,H,,20,[H:16][C:7]1([C:6]([C:5]([C:4]([C:9]([C:8]1([H:18])[H:19])([H:20])[H:21])([H:11])[C:2](=[O:1])[O:3][H:10])([H:12])[H:13])([H:14])[H:15])[H:17],3.0,2.0
20,0.055247619047619045,AM1BCC,AmberTools,,,H,,21,[H:16][C:7]1([C:6]([C:5]([C:4]([C:9]([C:8]1([H:18])[H:19])([H:20])[H:21])([H:11])[C:2](=[O:1])[O:3][H:10])([H:12])[H:13])([H:14])[H:15])[H:17],3.0,2.0
0,-0.5506899952888489,AM1BCC,OpenEye,,,O,,1,[H:16][C:7]1([C:6]([C:5]([C:4]([C:9]([C:8]1([H:18])[H:19])([H:20])[H:21])([H:11])[C:2](=[O:1])[O:3][H:10])([H:12])[H:13])([H:14])[H:15])[H:17],3.0,3.0
1,0.6329500079154968,AM1BCC,OpenEye,,,C,,2,[H:16][C:7]1([C:6]([C:5]([C:4]([C:9]([C:8]1([H:18])[H:19])([H:20])[H:21])([H:11])[C:2](=[O:1])[O:3][H:10])([H:12])[H:13])([H:14])[H:15])[H:17],3.0,3.0
2,-0.601140022277832,AM1BCC,OpenEye,,,O,,3,[H:16][C:7]1([C:6]([C:5]([C:4]([C:9]([C:8]1([H:18])[H:19])([H:20])[H:21])([H:11])[C:2](=[O:1])[O:3][H:10])([H:12])[H:13])([H:14])[H:15])[H:17],3.0,3.0
3,-0.10751000046730042,AM1BCC,OpenEye,,,C,,4,[H:16][C:7]1([C:6]([C:5]([C:4]([C:9]([C:8]1([H:18])[H:19])([H:20])[H:21])([H:11])[C:2](=[O:1])[O:3][H:10])([H:12])[H:13])([H:14])[H:15])[H:17],3.0,3.0
4,-0.07321000099182129,AM1BCC,OpenEye,,,C,,5,[H:16][C:7]1([C:6]([C:5]([C:4]([C:9]([C:8]1([H:18])[H:19])([H:20])[H:21])([H:11])[C:2](=[O:1])[O:3][H:10])([H:12])[H:13])([H:14])[H:15])[H:17],3.0,3.0
5,-0.07637999951839447,AM1BCC,OpenEye,,,C,,6,[H:16][C:7]1([C:6]([C:5]([C:4]([C:9]([C:8]1([H:18])[H:19])([H:20])[H:21])([H:11])[C:2](=[O:1])[O:3][H:10])([H:12])[H:13])([H:14])[H:15])[H:17],3.0,3.0
6,-0.08053000271320343,AM1BCC,OpenEye,,,C,,7,[H:16][C:7]1([C:6]([C:5]([C:4]([C:9]([C:8]1([H:18])[H:19])([H:20])[H:21])([H:11])[C:2](=[O:1])[O:3][H:10])([H:12])[H:13])([H:14])[H:15])[H:17],3.0,3.0
7,-0.07637999951839447,AM1BCC,OpenEye,,,C,,8,[H:16][C:7]1([C:6]([C:5]([C:4]([C:9]([C:8]1([H:18])[H:19])([H:20])[H:21])([H:11])[C:2](=[O:1])[O:3][H:10])([H:12])[H:13])([H:14])[H:15])[H:17],3.0,3.0
8,-0.07321000099182129,AM1BCC,OpenEye,,,C,,9,[H:16][C:7]1([C:6]([C:5]([C:4]([C:9]([C:8]1([H:18])[H:19])([H:20])[H:21])([H:11])[C:2](=[O:1])[O:3][H:10])([H:12])[H:13])([H:14])[H:15])[H:17],3.0,3.0
9,0.44159001111984253,AM1BCC,OpenEye,,,H,,10,[H:16][C:7]1([C:6]([C:5]([C:4]([C:9]([C:8]1([H:18])[H:19])([H:20])[H:21])([H:11])[C:2](=[O:1])[O:3][H:10])([H:12])[H:13])([H:14])[H:15])[H:17],3.0,3.0
10,0.0815500020980835,AM1BCC,OpenEye,,,H,,11,[H:16][C:7]1([C:6]([C:5]([C:4]([C:9]([C:8]1([H:18])[H:19])([H:20])[H:21])([H:11])[C:2](=[O:1])[O:3][H:10])([H:12])[H:13])([H:14])[H:15])[H:17],3.0,3.0
11,0.05559000000357628,AM1BCC,OpenEye,,,H,,12,[H:16][C:7]1([C:6]([C:5]([C:4]([C:9]([C:8]1([H:18])[H:19])([H:20])[H:21])([H:11])[C:2](=[O:1])[O:3][H:10])([H:12])[H:13])([H:14])[H:15])[H:17],3.0,3.0
12,0.05559000000357628,AM1BCC,OpenEye,,,H,,13,[H:16][C:7]1([C:6]([C:5]([C:4]([C:9]([C:8]1([H:18])[H:19])([H:20])[H:21])([H:11])[C:2](=[O:1])[O:3][H:10])([H:12])[H:13])([H:14])[H:15])[H:17],3.0,3.0
13,0.04357999935746193,AM1BCC,OpenEye,,,H,,14,[H:16][C:7]1([C:6]([C:5]([C:4]([C:9]([C:8]1([H:18])[H:19])([H:20])[H:21])([H:11])[C:2](=[O:1])[O:3][H:10])([H:12])[H:13])([H:14])[H:15])[H:17],3.0,3.0
14,0.04357999935746193,AM1BCC,OpenEye,,,H,,15,[H:16][C:7]1([C:6]([C:5]([C:4]([C:9]([C:8]1([H:18])[H:19])([H:20])[H:21])([H:11])[C:2](=[O:1])[O:3][H:10])([H:12])[H:13])([H:14])[H:15])[H:17],3.0,3.0
15,0.043140001595020294,AM1BCC,OpenEye,,,H,,16,[H:16][C:7]1([C:6]([C:5]([C:4]([C:9]([C:8]1([H:18])[H:19])([H:20])[H:21])([H:11])[C:2](=[O:1])[O:3][H:10])([H:12])[H:13])([H:14])[H:15])[H:17],3.0,3.0
16,0.043140001595020294,AM1BCC,OpenEye,,,H,,17,[H:16][C:7]1([C:6]([C:5]([C:4]([C:9]([C:8]1([H:18])[H:19])([H:20])[H:21])([H:11])[C:2](=[O:1])[O:3][H:10])([H:12])[H:13])([H:14])[H:15])[H:17],3.0,3.0
17,0.04357999935746193,AM1BCC,OpenEye,,,H,,18,[H:16][C:7]1([C:6]([C:5]([C:4]([C:9]([C:8]1([H:18])[H:19])([H:20])[H:21])([H:11])[C:2](=[O:1])[O:3][H:10])([H:12])[H:13])([H:14])[H:15])[H:17],3.0,3.0
18,0.04357999935746193,AM1BCC,OpenEye,,,H,,19,[H:16][C:7]1([C:6]([C:5]([C:4]([C:9]([C:8]1([H:18])[H:19])([H:20])[H:21])([H:11])[C:2](=[O:1])[O:3][H:10])([H:12])[H:13])([H:14])[H:15])[H:17],3.0,3.0
19,0.05559000000357628,AM1BCC,OpenEye,,,H,,20,[H:16][C:7]1([C:6]([C:5]([C:4]([C:9]([C:8]1([H:18])[H:19])([H:20])[H:21])([H:11])[C:2](=[O:1])[O:3][H:10])([H:12])[H:13])([H:14])[H:15])[H:17],3.0,3.0
20,0.05559000000357628,AM1BCC,OpenEye,,,H,,21,[H:16][C:7]1([C:6]([C:5]([C:4]([C:9]([C:8]1([H:18])[H:19])([H:20])[H:21])([H:11])[C:2](=[O:1])[O:3][H:10])([H:12])[H:13])([H:14])[H:15])[H:17],3.0,3.0
0,-0.550952380952381,AM1BCC,AmberTools,,,O,,1,[H:16][C:7]1([C:6]([C:5]([C:4]([C:9]([C:8]1([H:18])[H:19])([H:20])[H:21])([H:11])[C:2](=[O:1])[O:3][H:10])([H:12])[H:13])([H:14])[H:15])[H:17],3.0,3.0
1,0.6361476190476191,AM1BCC,AmberTools,,,C,,2,[H:16][C:7]1([C:6]([C:5]([C:4]([C:9]([C:8]1([H:18])[H:19])([H:20])[H:21])([H:11])[C:2](=[O:1])[O:3][H:10])([H:12])[H:13])([H:14])[H:15])[H:17],3.0,3.0
2,-0.6100523809523809,AM1BCC,AmberTools,,,O,,3,[H:16][C:7]1([C:6]([C:5]([C:4]([C:9]([C:8]1([H:18])[H:19])([H:20])[H:21])([H:11])[C:2](=[O:1])[O:3][H:10])([H:12])[H:13])([H:14])[H:15])[H:17],3.0,3.0
3,-0.10465238095238096,AM1BCC,AmberTools,,,C,,4,[H:16][C:7]1([C:6]([C:5]([C:4]([C:9]([C:8]1([H:18])[H:19])([H:20])[H:21])([H:11])[C:2](=[O:1])[O:3][H:10])([H:12])[H:13])([H:14])[H:15])[H:17],3.0,3.0
4,-0.07435238095238095,AM1BCC,AmberTools,,,C,,5,[H:16][C:7]1([C:6]([C:5]([C:4]([C:9]([C:8]1([H:18])[H:19])([H:20])[H:21])([H:11])[C:2](=[O:1])[O:3][H:10])([H:12])[H:13])([H:14])[H:15])[H:17],3.0,3.0
5,-0.07635238095238095,AM1BCC,AmberTools,,,C,,6,[H:16][C:7]1([C:6]([C:5]([C:4]([C:9]([C:8]1([H:18])[H:19])([H:20])[H:21])([H:11])[C:2](=[O:1])[O:3][H:10])([H:12])[H:13])([H:14])[H:15])[H:17],3.0,3.0
6,-0.08035238095238095,AM1BCC,AmberTools,,,C,,7,[H:16][C:7]1([C:6]([C:5]([C:4]([C:9]([C:8]1([H:18])[H:19])([H:20])[H:21])([H:11])[C:2](=[O:1])[O:3][H:10])([H:12])[H:13])([H:14])[H:15])[H:17],3.0,3.0
7,-0.07635238095238095,AM1BCC,AmberTools,,,C,,8,[H:16][C:7]1([C:6]([C:5]([C:4]([C:9]([C:8]1([H:18])[H:19])([H:20])[H:21])([H:11])[C:2](=[O:1])[O:3][H:10])([H:12])[H:13])([H:14])[H:15])[H:17],3.0,3.0
8,-0.07435238095238095,AM1BCC,AmberTools,,,C,,9,[H:16][C:7]1([C:6]([C:5]([C:4]([C:9]([C:8]1([H:18])[H:19])([H:20])[H:21])([H:11])[C:2](=[O:1])[O:3][H:10])([H:12])[H:13])([H:14])[H:15])[H:17],3.0,3.0
9,0.442047619047619,AM1BCC,AmberTools,,,H,,10,[H:16][C:7]1([C:6]([C:5]([C:4]([C:9]([C:8]1([H:18])[H:19])([H:20])[H:21])([H:11])[C:2](=[O:1])[O:3][H:10])([H:12])[H:13])([H:14])[H:15])[H:17],3.0,3.0
10,0.08274761904761904,AM1BCC,AmberTools,,,H,,11,[H:16][C:7]1([C:6]([C:5]([C:4]([C:9]([C:8]1([H:18])[H:19])([H:20])[H:21])([H:11])[C:2](=[O:1])[O:3][H:10])([H:12])[H:13])([H:14])[H:15])[H:17],3.0,3.0
11,0.055247619047619045,AM1BCC,AmberTools,,,H,,12,[H:16][C:7]1([C:6]([C:5]([C:4]([C:9]([C:8]1([H:18])[H:19])([H:20])[H:21])([H:11])[C:2](=[O:1])[O:3][H:10])([H:12])[H:13])([H:14])[H:15])[H:17],3.0,3.0
12,0.055247619047619045,AM1BCC,AmberTools,,,H,,13,[H:16][C:7]1([C:6]([C:5]([C:4]([C:9]([C:8]1([H:18])[H:19])([H:20])[H:21])([H:11])[C:2](=[O:1])[O:3][H:10])([H:12])[H:13])([H:14])[H:15])[H:17],3.0,3.0
13,0.04424761904761905,AM1BCC,AmberTools,,,H,,14,[H:16][C:7]1([C:6]([C:5]([C:4]([C:9]([C:8]1([H:18])[H:19])([H:20])[H:21])([H:11])[C:2](=[O:1])[O:3][H:10])([H:12])[H:13])([H:14])[H:15])[H:17],3.0,3.0
14,0.04424761904761905,AM1BCC,AmberTools,,,H,,15,[H:16][C:7]1([C:6]([C:5]([C:4]([C:9]([C:8]1([H:18])[H:19])([H:20])[H:21])([H:11])[C:2](=[O:1])[O:3][H:10])([H:12])[H:13])([H:14])[H:15])[H:17],3.0,3.0
15,0.04424761904761905,AM1BCC,AmberTools,,,H,,16,[H:16][C:7]1([C:6]([C:5]([C:4]([C:9]([C:8]1([H:18])[H:19])([H:20])[H:21])([H:11])[C:2](=[O:1])[O:3][H:10])([H:12])[H:13])([H:14])[H:15])[H:17],3.0,3.0
16,0.04424761904761905,AM1BCC,AmberTools,,,H,,17,[H:16][C:7]1([C:6]([C:5]([C:4]([C:9]([C:8]1([H:18])[H:19])([H:20])[H:21])([H:11])[C:2](=[O:1])[O:3][H:10])([H:12])[H:13])([H:14])[H:15])[H:17],3.0,3.0
17,0.04424761904761905,AM1BCC,AmberTools,,,H,,18,[H:16][C:7]1([C:6]([C:5]([C:4]([C:9]([C:8]1([H:18])[H:19])([H:20])[H:21])([H:11])[C:2](=[O:1])[O:3][H:10])([H:12])[H:13])([H:14])[H:15])[H:17],3.0,3.0
18,0.04424761904761905,AM1BCC,AmberTools,,,H,,19,[H:16][C:7]1([C:6]([C:5]([C:4]([C:9]([C:8]1([H:18])[H:19])([H:20])[H:21])([H:11])[C:2](=[O:1])[O:3][H:10])([H:12])[H:13])([H:14])[H:15])[H:17],3.0,3.0
19,0.055247619047619045,AM1BCC,AmberTools,,,H,,20,[H:16][C:7]1([C:6]([C:5]([C:4]([C:9]([C:8]1([H:18])[H:19])([H:20])[H:21])([H:11])[C:2](=[O:1])[O:3][H:10])([H:12])[H:13])([H:14])[H:15])[H:17],3.0,3.0
20,0.055247619047619045,AM1BCC,AmberTools,,,H,,21,[H:16][C:7]1([C:6]([C:5]([C:4]([C:9]([C:8]1([H:18])[H:19])([H:20])[H:21])([H:11])[C:2](=[O:1])[O:3][H:10])([H:12])[H:13])([H:14])[H:15])[H:17],3.0,3.0
0,-0.5506899952888489,AM1BCC,OpenEye,,,O,,1,[H:16][C:7]1([C:6]([C:5]([C:4]([C:9]([C:8]1([H:18])[H:19])([H:20])[H:21])([H:11])[C:2](=[O:1])[O:3][H:10])([H:12])[H:13])([H:14])[H:15])[H:17],3.0,4.0
1,0.6329500079154968,AM1BCC,OpenEye,,,C,,2,[H:16][C:7]1([C:6]([C:5]([C:4]([C:9]([C:8]1([H:18])[H:19])([H:20])[H:21])([H:11])[C:2](=[O:1])[O:3][H:10])([H:12])[H:13])([H:14])[H:15])[H:17],3.0,4.0
2,-0.601140022277832,AM1BCC,OpenEye,,,O,,3,[H:16][C:7]1([C:6]([C:5]([C:4]([C:9]([C:8]1([H:18])[H:19])([H:20])[H:21])([H:11])[C:2](=[O:1])[O:3][H:10])([H:12])[H:13])([H:14])[H:15])[H:17],3.0,4.0
3,-0.10751000046730042,AM1BCC,OpenEye,,,C,,4,[H:16][C:7]1([C:6]([C:5]([C:4]([C:9]([C:8]1([H:18])[H:19])([H:20])[H:21])([H:11])[C:2](=[O:1])[O:3][H:10])([H:12])[H:13])([H:14])[H:15])[H:17],3.0,4.0
4,-0.07321000099182129,AM1BCC,OpenEye,,,C,,5,[H:16][C:7]1([C:6]([C:5]([C:4]([C:9]([C:8]1([H:18])[H:19])([H:20])[H:21])([H:11])[C:2](=[O:1])[O:3][H:10])([H:12])[H:13])([H:14])[H:15])[H:17],3.0,4.0
5,-0.07637999951839447,AM1BCC,OpenEye,,,C,,6,[H:16][C:7]1([C:6]([C:5]([C:4]([C:9]([C:8]1([H:18])[H:19])([H:20])[H:21])([H:11])[C:2](=[O:1])[O:3][H:10])([H:12])[H:13])([H:14])[H:15])[H:17],3.0,4.0
6,-0.08053000271320343,AM1BCC,OpenEye,,,C,,7,[H:16][C:7]1([C:6]([C:5]([C:4]([C:9]([C:8]1([H:18])[H:19])([H:20])[H:21])([H:11])[C:2](=[O:1])[O:3][H:10])([H:12])[H:13])([H:14])[H:15])[H:17],3.0,4.0
7,-0.07637999951839447,AM1BCC,OpenEye,,,C,,8,[H:16][C:7]1([C:6]([C:5]([C:4]([C:9]([C:8]1([H:18])[H:19])([H:20])[H:21])([H:11])[C:2](=[O:1])[O:3][H:10])([H:12])[H:13])([H:14])[H:15])[H:17],3.0,4.0
8,-0.07321000099182129,AM1BCC,OpenEye,,,C,,9,[H:16][C:7]1([C:6]([C:5]([C:4]([C:9]([C:8]1([H:18])[H:19])([H:20])[H:21])([H:11])[C:2](=[O:1])[O:3][H:10])([H:12])[H:13])([H:14])[H:15])[H:17],3.0,4.0
9,0.44159001111984253,AM1BCC,OpenEye,,,H,,10,[H:16][C:7]1([C:6]([C:5]([C:4]([C:9]([C:8]1([H:18])[H:19])([H:20])[H:21])([H:11])[C:2](=[O:1])[O:3][H:10])([H:12])[H:13])([H:14])[H:15])[H:17],3.0,4.0
10,0.0815500020980835,AM1BCC,OpenEye,,,H,,11,[H:16][C:7]1([C:6]([C:5]([C:4]([C:9]([C:8]1([H:18])[H:19])([H:20])[H:21])([H:11])[C:2](=[O:1])[O:3][H:10])([H:12])[H:13])([H:14])[H:15])[H:17],3.0,4.0
11,0.05559000000357628,AM1BCC,OpenEye,,,H,,12,[H:16][C:7]1([C:6]([C:5]([C:4]([C:9]([C:8]1([H:18])[H:19])([H:20])[H:21])([H:11])[C:2](=[O:1])[O:3][H:10])([H:12])[H:13])([H:14])[H:15])[H:17],3.0,4.0
12,0.05559000000357628,AM1BCC,OpenEye,,,H,,13,[H:16][C:7]1([C:6]([C:5]([C:4]([C:9]([C:8]1([H:18])[H:19])([H:20])[H:21])([H:11])[C:2](=[O:1])[O:3][H:10])([H:12])[H:13])([H:14])[H:15])[H:17],3.0,4.0
13,0.04357999935746193,AM1BCC,OpenEye,,,H,,14,[H:16][C:7]1([C:6]([C:5]([C:4]([C:9]([C:8]1([H:18])[H:19])([H:20])[H:21])([H:11])[C:2](=[O:1])[O:3][H:10])([H:12])[H:13])([H:14])[H:15])[H:17],3.0,4.0
14,0.04357999935746193,AM1BCC,OpenEye,,,H,,15,[H:16][C:7]1([C:6]([C:5]([C:4]([C:9]([C:8]1([H:18])[H:19])([H:20])[H:21])([H:11])[C:2](=[O:1])[O:3][H:10])([H:12])[H:13])([H:14])[H:15])[H:17],3.0,4.0
15,0.043140001595020294,AM1BCC,OpenEye,,,H,,16,[H:16][C:7]1([C:6]([C:5]([C:4]([C:9]([C:8]1([H:18])[H:19])([H:20])[H:21])([H:11])[C:2](=[O:1])[O:3][H:10])([H:12])[H:13])([H:14])[H:15])[H:17],3.0,4.0
16,0.043140001595020294,AM1BCC,OpenEye,,,H,,17,[H:16][C:7]1([C:6]([C:5]([C:4]([C:9]([C:8]1([H:18])[H:19])([H:20])[H:21])([H:11])[C:2](=[O:1])[O:3][H:10])([H:12])[H:13])([H:14])[H:15])[H:17],3.0,4.0
17,0.04357999935746193,AM1BCC,OpenEye,,,H,,18,[H:16][C:7]1([C:6]([C:5]([C:4]([C:9]([C:8]1([H:18])[H:19])([H:20])[H:21])([H:11])[C:2](=[O:1])[O:3][H:10])([H:12])[H:13])([H:14])[H:15])[H:17],3.0,4.0
18,0.04357999935746193,AM1BCC,OpenEye,,,H,,19,[H:16][C:7]1([C:6]([C:5]([C:4]([C:9]([C:8]1([H:18])[H:19])([H:20])[H:21])([H:11])[C:2](=[O:1])[O:3][H:10])([H:12])[H:13])([H:14])[H:15])[H:17],3.0,4.0
19,0.05559000000357628,AM1BCC,OpenEye,,,H,,20,[H:16][C:7]1([C:6]([C:5]([C:4]([C:9]([C:8]1([H:18])[H:19])([H:20])[H:21])([H:11])[C:2](=[O:1])[O:3][H:10])([H:12])[H:13])([H:14])[H:15])[H:17],3.0,4.0
20,0.05559000000357628,AM1BCC,OpenEye,,,H,,21,[H:16][C:7]1([C:6]([C:5]([C:4]([C:9]([C:8]1([H:18])[H:19])([H:20])[H:21])([H:11])[C:2](=[O:1])[O:3][H:10])([H:12])[H:13])([H:14])[H:15])[H:17],3.0,4.0
0,-0.550952380952381,AM1BCC,AmberTools,,,O,,1,[H:16][C:7]1([C:6]([C:5]([C:4]([C:9]([C:8]1([H:18])[H:19])([H:20])[H:21])([H:11])[C:2](=[O:1])[O:3][H:10])([H:12])[H:13])([H:14])[H:15])[H:17],3.0,4.0
1,0.6361476190476191,AM1BCC,AmberTools,,,C,,2,[H:16][C:7]1([C:6]([C:5]([C:4]([C:9]([C:8]1([H:18])[H:19])([H:20])[H:21])([H:11])[C:2](=[O:1])[O:3][H:10])([H:12])[H:13])([H:14])[H:15])[H:17],3.0,4.0
2,-0.6100523809523809,AM1BCC,AmberTools,,,O,,3,[H:16][C:7]1([C:6]([C:5]([C:4]([C:9]([C:8]1([H:18])[H:19])([H:20])[H:21])([H:11])[C:2](=[O:1])[O:3][H:10])([H:12])[H:13])([H:14])[H:15])[H:17],3.0,4.0
3,-0.10465238095238096,AM1BCC,AmberTools,,,C,,4,[H:16][C:7]1([C:6]([C:5]([C:4]([C:9]([C:8]1([H:18])[H:19])([H:20])[H:21])([H:11])[C:2](=[O:1])[O:3][H:10])([H:12])[H:13])([H:14])[H:15])[H:17],3.0,4.0
4,-0.07435238095238095,AM1BCC,AmberTools,,,C,,5,[H:16][C:7]1([C:6]([C:5]([C:4]([C:9]([C:8]1([H:18])[H:19])([H:20])[H:21])([H:11])[C:2](=[O:1])[O:3][H:10])([H:12])[H:13])([H:14])[H:15])[H:17],3.0,4.0
5,-0.07635238095238095,AM1BCC,AmberTools,,,C,,6,[H:16][C:7]1([C:6]([C:5]([C:4]([C:9]([C:8]1([H:18])[H:19])([H:20])[H:21])([H:11])[C:2](=[O:1])[O:3][H:10])([H:12])[H:13])([H:14])[H:15])[H:17],3.0,4.0
6,-0.08035238095238095,AM1BCC,AmberTools,,,C,,7,[H:16][C:7]1([C:6]([C:5]([C:4]([C:9]([C:8]1([H:18])[H:19])([H:20])[H:21])([H:11])[C:2](=[O:1])[O:3][H:10])([H:12])[H:13])([H:14])[H:15])[H:17],3.0,4.0
7,-0.07635238095238095,AM1BCC,AmberTools,,,C,,8,[H:16][C:7]1([C:6]([C:5]([C:4]([C:9]([C:8]1([H:18])[H:19])([H:20])[H:21])([H:11])[C:2](=[O:1])[O:3][H:10])([H:12])[H:13])([H:14])[H:15])[H:17],3.0,4.0
8,-0.07435238095238095,AM1BCC,AmberTools,,,C,,9,[H:16][C:7]1([C:6]([C:5]([C:4]([C:9]([C:8]1([H:18])[H:19])([H:20])[H:21])([H:11])[C:2](=[O:1])[O:3][H:10])([H:12])[H:13])([H:14])[H:15])[H:17],3.0,4.0
9,0.442047619047619,AM1BCC,AmberTools,,,H,,10,[H:16][C:7]1([C:6]([C:5]([C:4]([C:9]([C:8]1([H:18])[H:19])([H:20])[H:21])([H:11])[C:2](=[O:1])[O:3][H:10])([H:12])[H:13])([H:14])[H:15])[H:17],3.0,4.0
10,0.08274761904761904,AM1BCC,AmberTools,,,H,,11,[H:16][C:7]1([C:6]([C:5]([C:4]([C:9]([C:8]1([H:18])[H:19])([H:20])[H:21])([H:11])[C:2](=[O:1])[O:3][H:10])([H:12])[H:13])([H:14])[H:15])[H:17],3.0,4.0
11,0.055247619047619045,AM1BCC,AmberTools,,,H,,12,[H:16][C:7]1([C:6]([C:5]([C:4]([C:9]([C:8]1([H:18])[H:19])([H:20])[H:21])([H:11])[C:2](=[O:1])[O:3][H:10])([H:12])[H:13])([H:14])[H:15])[H:17],3.0,4.0
12,0.055247619047619045,AM1BCC,AmberTools,,,H,,13,[H:16][C:7]1([C:6]([C:5]([C:4]([C:9]([C:8]1([H:18])[H:19])([H:20])[H:21])([H:11])[C:2](=[O:1])[O:3][H:10])([H:12])[H:13])([H:14])[H:15])[H:17],3.0,4.0
13,0.04424761904761905,AM1BCC,AmberTools,,,H,,14,[H:16][C:7]1([C:6]([C:5]([C:4]([C:9]([C:8]1([H:18])[H:19])([H:20])[H:21])([H:11])[C:2](=[O:1])[O:3][H:10])([H:12])[H:13])([H:14])[H:15])[H:17],3.0,4.0
14,0.04424761904761905,AM1BCC,AmberTools,,,H,,15,[H:16][C:7]1([C:6]([C:5]([C:4]([C:9]([C:8]1([H:18])[H:19])([H:20])[H:21])([H:11])[C:2](=[O:1])[O:3][H:10])([H:12])[H:13])([H:14])[H:15])[H:17],3.0,4.0
15,0.04424761904761905,AM1BCC,AmberTools,,,H,,16,[H:16][C:7]1([C:6]([C:5]([C:4]([C:9]([C:8]1([H:18])[H:19])([H:20])[H:21])([H:11])[C:2](=[O:1])[O:3][H:10])([H:12])[H:13])([H:14])[H:15])[H:17],3.0,4.0
16,0.04424761904761905,AM1BCC,AmberTools,,,H,,17,[H:16][C:7]1([C:6]([C:5]([C:4]([C:9]([C:8]1([H:18])[H:19])([H:20])[H:21])([H:11])[C:2](=[O:1])[O:3][H:10])([H:12])[H:13])([H:14])[H:15])[H:17],3.0,4.0
17,0.04424761904761905,AM1BCC,AmberTools,,,H,,18,[H:16][C:7]1([C:6]([C:5]([C:4]([C:9]([C:8]1([H:18])[H:19])([H:20])[H:21])([H:11])[C:2](=[O:1])[O:3][H:10])([H:12])[H:13])([H:14])[H:15])[H:17],3.0,4.0
18,0.04424761904761905,AM1BCC,AmberTools,,,H,,19,[H:16][C:7]1([C:6]([C:5]([C:4]([C:9]([C:8]1([H:18])[H:19])([H:20])[H:21])([H:11])[C:2](=[O:1])[O:3][H:10])([H:12])[H:13])([H:14])[H:15])[H:17],3.0,4.0
19,0.055247619047619045,AM1BCC,AmberTools,,,H,,20,[H:16][C:7]1([C:6]([C:5]([C:4]([C:9]([C:8]1([H:18])[H:19])([H:20])[H:21])([H:11])[C:2](=[O:1])[O:3][H:10])([H:12])[H:13])([H:14])[H:15])[H:17],3.0,4.0
20,0.055247619047619045,AM1BCC,AmberTools,,,H,,21,[H:16][C:7]1([C:6]([C:5]([C:4]([C:9]([C:8]1([H:18])[H:19])([H:20])[H:21])([H:11])[C:2](=[O:1])[O:3][H:10])([H:12])[H:13])([H:14])[H:15])[H:17],3.0,4.0
0,-0.5506899952888489,AM1BCC,OpenEye,,,O,,1,[H:16][C:7]1([C:6]([C:5]([C:4]([C:9]([C:8]1([H:18])[H:19])([H:20])[H:21])([H:11])[C:2](=[O:1])[O:3][H:10])([H:12])[H:13])([H:14])[H:15])[H:17],3.0,5.0
1,0.6329500079154968,AM1BCC,OpenEye,,,C,,2,[H:16][C:7]1([C:6]([C:5]([C:4]([C:9]([C:8]1([H:18])[H:19])([H:20])[H:21])([H:11])[C:2](=[O:1])[O:3][H:10])([H:12])[H:13])([H:14])[H:15])[H:17],3.0,5.0
2,-0.601140022277832,AM1BCC,OpenEye,,,O,,3,[H:16][C:7]1([C:6]([C:5]([C:4]([C:9]([C:8]1([H:18])[H:19])([H:20])[H:21])([H:11])[C:2](=[O:1])[O:3][H:10])([H:12])[H:13])([H:14])[H:15])[H:17],3.0,5.0
3,-0.10751000046730042,AM1BCC,OpenEye,,,C,,4,[H:16][C:7]1([C:6]([C:5]([C:4]([C:9]([C:8]1([H:18])[H:19])([H:20])[H:21])([H:11])[C:2](=[O:1])[O:3][H:10])([H:12])[H:13])([H:14])[H:15])[H:17],3.0,5.0
4,-0.07321000099182129,AM1BCC,OpenEye,,,C,,5,[H:16][C:7]1([C:6]([C:5]([C:4]([C:9]([C:8]1([H:18])[H:19])([H:20])[H:21])([H:11])[C:2](=[O:1])[O:3][H:10])([H:12])[H:13])([H:14])[H:15])[H:17],3.0,5.0
5,-0.07637999951839447,AM1BCC,OpenEye,,,C,,6,[H:16][C:7]1([C:6]([C:5]([C:4]([C:9]([C:8]1([H:18])[H:19])([H:20])[H:21])([H:11])[C:2](=[O:1])[O:3][H:10])([H:12])[H:13])([H:14])[H:15])[H:17],3.0,5.0
6,-0.08053000271320343,AM1BCC,OpenEye,,,C,,7,[H:16][C:7]1([C:6]([C:5]([C:4]([C:9]([C:8]1([H:18])[H:19])([H:20])[H:21])([H:11])[C:2](=[O:1])[O:3][H:10])([H:12])[H:13])([H:14])[H:15])[H:17],3.0,5.0
7,-0.07637999951839447,AM1BCC,OpenEye,,,C,,8,[H:16][C:7]1([C:6]([C:5]([C:4]([C:9]([C:8]1([H:18])[H:19])([H:20])[H:21])([H:11])[C:2](=[O:1])[O:3][H:10])([H:12])[H:13])([H:14])[H:15])[H:17],3.0,5.0
8,-0.07321000099182129,AM1BCC,OpenEye,,,C,,9,[H:16][C:7]1([C:6]([C:5]([C:4]([C:9]([C:8]1([H:18])[H:19])([H:20])[H:21])([H:11])[C:2](=[O:1])[O:3][H:10])([H:12])[H:13])([H:14])[H:15])[H:17],3.0,5.0
9,0.44159001111984253,AM1BCC,OpenEye,,,H,,10,[H:16][C:7]1([C:6]([C:5]([C:4]([C:9]([C:8]1([H:18])[H:19])([H:20])[H:21])([H:11])[C:2](=[O:1])[O:3][H:10])([H:12])[H:13])([H:14])[H:15])[H:17],3.0,5.0
10,0.0815500020980835,AM1BCC,OpenEye,,,H,,11,[H:16][C:7]1([C:6]([C:5]([C:4]([C:9]([C:8]1([H:18])[H:19])([H:20])[H:21])([H:11])[C:2](=[O:1])[O:3][H:10])([H:12])[H:13])([H:14])[H:15])[H:17],3.0,5.0
11,0.05559000000357628,AM1BCC,OpenEye,,,H,,12,[H:16][C:7]1([C:6]([C:5]([C:4]([C:9]([C:8]1([H:18])[H:19])([H:20])[H:21])([H:11])[C:2](=[O:1])[O:3][H:10])([H:12])[H:13])([H:14])[H:15])[H:17],3.0,5.0
12,0.05559000000357628,AM1BCC,OpenEye,,,H,,13,[H:16][C:7]1([C:6]([C:5]([C:4]([C:9]([C:8]1([H:18])[H:19])([H:20])[H:21])([H:11])[C:2](=[O:1])[O:3][H:10])([H:12])[H:13])([H:14])[H:15])[H:17],3.0,5.0
13,0.04357999935746193,AM1BCC,OpenEye,,,H,,14,[H:16][C:7]1([C:6]([C:5]([C:4]([C:9]([C:8]1([H:18])[H:19])([H:20])[H:21])([H:11])[C:2](=[O:1])[O:3][H:10])([H:12])[H:13])([H:14])[H:15])[H:17],3.0,5.0
14,0.04357999935746193,AM1BCC,OpenEye,,,H,,15,[H:16][C:7]1([C:6]([C:5]([C:4]([C:9]([C:8]1([H:18])[H:19])([H:20])[H:21])([H:11])[C:2](=[O:1])[O:3][H:10])([H:12])[H:13])([H:14])[H:15])[H:17],3.0,5.0
15,0.043140001595020294,AM1BCC,OpenEye,,,H,,16,[H:16][C:7]1([C:6]([C:5]([C:4]([C:9]([C:8]1([H:18])[H:19])([H:20])[H:21])([H:11])[C:2](=[O:1])[O:3][H:10])([H:12])[H:13])([H:14])[H:15])[H:17],3.0,5.0
16,0.043140001595020294,AM1BCC,OpenEye,,,H,,17,[H:16][C:7]1([C:6]([C:5]([C:4]([C:9]([C:8]1([H:18])[H:19])([H:20])[H:21])([H:11])[C:2](=[O:1])[O:3][H:10])([H:12])[H:13])([H:14])[H:15])[H:17],3.0,5.0
17,0.04357999935746193,AM1BCC,OpenEye,,,H,,18,[H:16][C:7]1([C:6]([C:5]([C:4]([C:9]([C:8]1([H:18])[H:19])([H:20])[H:21])([H:11])[C:2](=[O:1])[O:3][H:10])([H:12])[H:13])([H:14])[H:15])[H:17],3.0,5.0
18,0.04357999935746193,AM1BCC,OpenEye,,,H,,19,[H:16][C:7]1([C:6]([C:5]([C:4]([C:9]([C:8]1([H:18])[H:19])([H:20])[H:21])([H:11])[C:2](=[O:1])[O:3][H:10])([H:12])[H:13])([H:14])[H:15])[H:17],3.0,5.0
19,0.05559000000357628,AM1BCC,OpenEye,,,H,,20,[H:16][C:7]1([C:6]([C:5]([C:4]([C:9]([C:8]1([H:18])[H:19])([H:20])[H:21])([H:11])[C:2](=[O:1])[O:3][H:10])([H:12])[H:13])([H:14])[H:15])[H:17],3.0,5.0
20,0.05559000000357628,AM1BCC,OpenEye,,,H,,21,[H:16][C:7]1([C:6]([C:5]([C:4]([C:9]([C:8]1([H:18])[H:19])([H:20])[H:21])([H:11])[C:2](=[O:1])[O:3][H:10])([H:12])[H:13])([H:14])[H:15])[H:17],3.0,5.0
0,-0.550952380952381,AM1BCC,AmberTools,,,O,,1,[H:16][C:7]1([C:6]([C:5]([C:4]([C:9]([C:8]1([H:18])[H:19])([H:20])[H:21])([H:11])[C:2](=[O:1])[O:3][H:10])([H:12])[H:13])([H:14])[H:15])[H:17],3.0,5.0
1,0.6361476190476191,AM1BCC,AmberTools,,,C,,2,[H:16][C:7]1([C:6]([C:5]([C:4]([C:9]([C:8]1([H:18])[H:19])([H:20])[H:21])([H:11])[C:2](=[O:1])[O:3][H:10])([H:12])[H:13])([H:14])[H:15])[H:17],3.0,5.0
2,-0.6100523809523809,AM1BCC,AmberTools,,,O,,3,[H:16][C:7]1([C:6]([C:5]([C:4]([C:9]([C:8]1([H:18])[H:19])([H:20])[H:21])([H:11])[C:2](=[O:1])[O:3][H:10])([H:12])[H:13])([H:14])[H:15])[H:17],3.0,5.0
3,-0.10465238095238096,AM1BCC,AmberTools,,,C,,4,[H:16][C:7]1([C:6]([C:5]([C:4]([C:9]([C:8]1([H:18])[H:19])([H:20])[H:21])([H:11])[C:2](=[O:1])[O:3][H:10])([H:12])[H:13])([H:14])[H:15])[H:17],3.0,5.0
4,-0.07435238095238095,AM1BCC,AmberTools,,,C,,5,[H:16][C:7]1([C:6]([C:5]([C:4]([C:9]([C:8]1([H:18])[H:19])([H:20])[H:21])([H:11])[C:2](=[O:1])[O:3][H:10])([H:12])[H:13])([H:14])[H:15])[H:17],3.0,5.0
5,-0.07635238095238095,AM1BCC,AmberTools,,,C,,6,[H:16][C:7]1([C:6]([C:5]([C:4]([C:9]([C:8]1([H:18])[H:19])([H:20])[H:21])([H:11])[C:2](=[O:1])[O:3][H:10])([H:12])[H:13])([H:14])[H:15])[H:17],3.0,5.0
6,-0.08035238095238095,AM1BCC,AmberTools,,,C,,7,[H:16][C:7]1([C:6]([C:5]([C:4]([C:9]([C:8]1([H:18])[H:19])([H:20])[H:21])([H:11])[C:2](=[O:1])[O:3][H:10])([H:12])[H:13])([H:14])[H:15])[H:17],3.0,5.0
7,-0.07635238095238095,AM1BCC,AmberTools,,,C,,8,[H:16][C:7]1([C:6]([C:5]([C:4]([C:9]([C:8]1([H:18])[H:19])([H:20])[H:21])([H:11])[C:2](=[O:1])[O:3][H:10])([H:12])[H:13])([H:14])[H:15])[H:17],3.0,5.0
8,-0.07435238095238095,AM1BCC,AmberTools,,,C,,9,[H:16][C:7]1([C:6]([C:5]([C:4]([C:9]([C:8]1([H:18])[H:19])([H:20])[H:21])([H:11])[C:2](=[O:1])[O:3][H:10])([H:12])[H:13])([H:14])[H:15])[H:17],3.0,5.0
9,0.442047619047619,AM1BCC,AmberTools,,,H,,10,[H:16][C:7]1([C:6]([C:5]([C:4]([C:9]([C:8]1([H:18])[H:19])([H:20])[H:21])([H:11])[C:2](=[O:1])[O:3][H:10])([H:12])[H:13])([H:14])[H:15])[H:17],3.0,5.0
10,0.08274761904761904,AM1BCC,AmberTools,,,H,,11,[H:16][C:7]1([C:6]([C:5]([C:4]([C:9]([C:8]1([H:18])[H:19])([H:20])[H:21])([H:11])[C:2](=[O:1])[O:3][H:10])([H:12])[H:13])([H:14])[H:15])[H:17],3.0,5.0
11,0.055247619047619045,AM1BCC,AmberTools,,,H,,12,[H:16][C:7]1([C:6]([C:5]([C:4]([C:9]([C:8]1([H:18])[H:19])([H:20])[H:21])([H:11])[C:2](=[O:1])[O:3][H:10])([H:12])[H:13])([H:14])[H:15])[H:17],3.0,5.0
12,0.055247619047619045,AM1BCC,AmberTools,,,H,,13,[H:16][C:7]1([C:6]([C:5]([C:4]([C:9]([C:8]1([H:18])[H:19])([H:20])[H:21])([H:11])[C:2](=[O:1])[O:3][H:10])([H:12])[H:13])([H:14])[H:15])[H:17],3.0,5.0
13,0.04424761904761905,AM1BCC,AmberTools,,,H,,14,[H:16][C:7]1([C:6]([C:5]([C:4]([C:9]([C:8]1([H:18])[H:19])([H:20])[H:21])([H:11])[C:2](=[O:1])[O:3][H:10])([H:12])[H:13])([H:14])[H:15])[H:17],3.0,5.0
14,0.04424761904761905,AM1BCC,AmberTools,,,H,,15,[H:16][C:7]1([C:6]([C:5]([C:4]([C:9]([C:8]1([H:18])[H:19])([H:20])[H:21])([H:11])[C:2](=[O:1])[O:3][H:10])([H:12])[H:13])([H:14])[H:15])[H:17],3.0,5.0
15,0.04424761904761905,AM1BCC,AmberTools,,,H,,16,[H:16][C:7]1([C:6]([C:5]([C:4]([C:9]([C:8]1([H:18])[H:19])([H:20])[H:21])([H:11])[C:2](=[O:1])[O:3][H:10])([H:12])[H:13])([H:14])[H:15])[H:17],3.0,5.0
16,0.04424761904761905,AM1BCC,AmberTools,,,H,,17,[H:16][C:7]1([C:6]([C:5]([C:4]([C:9]([C:8]1([H:18])[H:19])([H:20])[H:21])([H:11])[C:2](=[O:1])[O:3][H:10])([H:12])[H:13])([H:14])[H:15])[H:17],3.0,5.0
17,0.04424761904761905,AM1BCC,AmberTools,,,H,,18,[H:16][C:7]1([C:6]([C:5]([C:4]([C:9]([C:8]1([H:18])[H:19])([H:20])[H:21])([H:11])[C:2](=[O:1])[O:3][H:10])([H:12])[H:13])([H:14])[H:15])[H:17],3.0,5.0
18,0.04424761904761905,AM1BCC,AmberTools,,,H,,19,[H:16][C:7]1([C:6]([C:5]([C:4]([C:9]([C:8]1([H:18])[H:19])([H:20])[H:21])([H:11])[C:2](=[O:1])[O:3][H:10])([H:12])[H:13])([H:14])[H:15])[H:17],3.0,5.0
19,0.055247619047619045,AM1BCC,AmberTools,,,H,,20,[H:16][C:7]1([C:6]([C:5]([C:4]([C:9]([C:8]1([H:18])[H:19])([H:20])[H:21])([H:11])[C:2](=[O:1])[O:3][H:10])([H:12])[H:13])([H:14])[H:15])[H:17],3.0,5.0
20,0.055247619047619045,AM1BCC,AmberTools,,,H,,21,[H:16][C:7]1([C:6]([C:5]([C:4]([C:9]([C:8]1([H:18])[H:19])([H:20])[H:21])([H:11])[C:2](=[O:1])[O:3][H:10])([H:12])[H:13])([H:14])[H:15])[H:17],3.0,5.0
0,-0.5506899952888489,AM1BCC,OpenEye,,,O,,1,[H:16][C:7]1([C:6]([C:5]([C:4]([C:9]([C:8]1([H:18])[H:19])([H:20])[H:21])([H:11])[C:2](=[O:1])[O:3][H:10])([H:12])[H:13])([H:14])[H:15])[H:17],3.0,6.0
1,0.6329500079154968,AM1BCC,OpenEye,,,C,,2,[H:16][C:7]1([C:6]([C:5]([C:4]([C:9]([C:8]1([H:18])[H:19])([H:20])[H:21])([H:11])[C:2](=[O:1])[O:3][H:10])([H:12])[H:13])([H:14])[H:15])[H:17],3.0,6.0
2,-0.601140022277832,AM1BCC,OpenEye,,,O,,3,[H:16][C:7]1([C:6]([C:5]([C:4]([C:9]([C:8]1([H:18])[H:19])([H:20])[H:21])([H:11])[C:2](=[O:1])[O:3][H:10])([H:12])[H:13])([H:14])[H:15])[H:17],3.0,6.0
3,-0.10751000046730042,AM1BCC,OpenEye,,,C,,4,[H:16][C:7]1([C:6]([C:5]([C:4]([C:9]([C:8]1([H:18])[H:19])([H:20])[H:21])([H:11])[C:2](=[O:1])[O:3][H:10])([H:12])[H:13])([H:14])[H:15])[H:17],3.0,6.0
4,-0.07321000099182129,AM1BCC,OpenEye,,,C,,5,[H:16][C:7]1([C:6]([C:5]([C:4]([C:9]([C:8]1([H:18])[H:19])([H:20])[H:21])([H:11])[C:2](=[O:1])[O:3][H:10])([H:12])[H:13])([H:14])[H:15])[H:17],3.0,6.0
5,-0.07637999951839447,AM1BCC,OpenEye,,,C,,6,[H:16][C:7]1([C:6]([C:5]([C:4]([C:9]([C:8]1([H:18])[H:19])([H:20])[H:21])([H:11])[C:2](=[O:1])[O:3][H:10])([H:12])[H:13])([H:14])[H:15])[H:17],3.0,6.0
6,-0.08053000271320343,AM1BCC,OpenEye,,,C,,7,[H:16][C:7]1([C:6]([C:5]([C:4]([C:9]([C:8]1([H:18])[H:19])([H:20])[H:21])([H:11])[C:2](=[O:1])[O:3][H:10])([H:12])[H:13])([H:14])[H:15])[H:17],3.0,6.0
7,-0.07637999951839447,AM1BCC,OpenEye,,,C,,8,[H:16][C:7]1([C:6]([C:5]([C:4]([C:9]([C:8]1([H:18])[H:19])([H:20])[H:21])([H:11])[C:2](=[O:1])[O:3][H:10])([H:12])[H:13])([H:14])[H:15])[H:17],3.0,6.0
8,-0.07321000099182129,AM1BCC,OpenEye,,,C,,9,[H:16][C:7]1([C:6]([C:5]([C:4]([C:9]([C:8]1([H:18])[H:19])([H:20])[H:21])([H:11])[C:2](=[O:1])[O:3][H:10])([H:12])[H:13])([H:14])[H:15])[H:17],3.0,6.0
9,0.44159001111984253,AM1BCC,OpenEye,,,H,,10,[H:16][C:7]1([C:6]([C:5]([C:4]([C:9]([C:8]1([H:18])[H:19])([H:20])[H:21])([H:11])[C:2](=[O:1])[O:3][H:10])([H:12])[H:13])([H:14])[H:15])[H:17],3.0,6.0
10,0.0815500020980835,AM1BCC,OpenEye,,,H,,11,[H:16][C:7]1([C:6]([C:5]([C:4]([C:9]([C:8]1([H:18])[H:19])([H:20])[H:21])([H:11])[C:2](=[O:1])[O:3][H:10])([H:12])[H:13])([H:14])[H:15])[H:17],3.0,6.0
11,0.05559000000357628,AM1BCC,OpenEye,,,H,,12,[H:16][C:7]1([C:6]([C:5]([C:4]([C:9]([C:8]1([H:18])[H:19])([H:20])[H:21])([H:11])[C:2](=[O:1])[O:3][H:10])([H:12])[H:13])([H:14])[H:15])[H:17],3.0,6.0
12,0.05559000000357628,AM1BCC,OpenEye,,,H,,13,[H:16][C:7]1([C:6]([C:5]([C:4]([C:9]([C:8]1([H:18])[H:19])([H:20])[H:21])([H:11])[C:2](=[O:1])[O:3][H:10])([H:12])[H:13])([H:14])[H:15])[H:17],3.0,6.0
13,0.04357999935746193,AM1BCC,OpenEye,,,H,,14,[H:16][C:7]1([C:6]([C:5]([C:4]([C:9]([C:8]1([H:18])[H:19])([H:20])[H:21])([H:11])[C:2](=[O:1])[O:3][H:10])([H:12])[H:13])([H:14])[H:15])[H:17],3.0,6.0
14,0.04357999935746193,AM1BCC,OpenEye,,,H,,15,[H:16][C:7]1([C:6]([C:5]([C:4]([C:9]([C:8]1([H:18])[H:19])([H:20])[H:21])([H:11])[C:2](=[O:1])[O:3][H:10])([H:12])[H:13])([H:14])[H:15])[H:17],3.0,6.0
15,0.043140001595020294,AM1BCC,OpenEye,,,H,,16,[H:16][C:7]1([C:6]([C:5]([C:4]([C:9]([C:8]1([H:18])[H:19])([H:20])[H:21])([H:11])[C:2](=[O:1])[O:3][H:10])([H:12])[H:13])([H:14])[H:15])[H:17],3.0,6.0
16,0.043140001595020294,AM1BCC,OpenEye,,,H,,17,[H:16][C:7]1([C:6]([C:5]([C:4]([C:9]([C:8]1([H:18])[H:19])([H:20])[H:21])([H:11])[C:2](=[O:1])[O:3][H:10])([H:12])[H:13])([H:14])[H:15])[H:17],3.0,6.0
17,0.04357999935746193,AM1BCC,OpenEye,,,H,,18,[H:16][C:7]1([C:6]([C:5]([C:4]([C:9]([C:8]1([H:18])[H:19])([H:20])[H:21])([H:11])[C:2](=[O:1])[O:3][H:10])([H:12])[H:13])([H:14])[H:15])[H:17],3.0,6.0
18,0.04357999935746193,AM1BCC,OpenEye,,,H,,19,[H:16][C:7]1([C:6]([C:5]([C:4]([C:9]([C:8]1([H:18])[H:19])([H:20])[H:21])([H:11])[C:2](=[O:1])[O:3][H:10])([H:12])[H:13])([H:14])[H:15])[H:17],3.0,6.0
19,0.05559000000357628,AM1BCC,OpenEye,,,H,,20,[H:16][C:7]1([C:6]([C:5]([C:4]([C:9]([C:8]1([H:18])[H:19])([H:20])[H:21])([H:11])[C:2](=[O:1])[O:3][H:10])([H:12])[H:13])([H:14])[H:15])[H:17],3.0,6.0
20,0.05559000000357628,AM1BCC,OpenEye,,,H,,21,[H:16][C:7]1([C:6]([C:5]([C:4]([C:9]([C:8]1([H:18])[H:19])([H:20])[H:21])([H:11])[C:2](=[O:1])[O:3][H:10])([H:12])[H:13])([H:14])[H:15])[H:17],3.0,6.0
0,-0.550952380952381,AM1BCC,AmberTools,,,O,,1,[H:16][C:7]1([C:6]([C:5]([C:4]([C:9]([C:8]1([H:18])[H:19])([H:20])[H:21])([H:11])[C:2](=[O:1])[O:3][H:10])([H:12])[H:13])([H:14])[H:15])[H:17],3.0,6.0
1,0.6361476190476191,AM1BCC,AmberTools,,,C,,2,[H:16][C:7]1([C:6]([C:5]([C:4]([C:9]([C:8]1([H:18])[H:19])([H:20])[H:21])([H:11])[C:2](=[O:1])[O:3][H:10])([H:12])[H:13])([H:14])[H:15])[H:17],3.0,6.0
2,-0.6100523809523809,AM1BCC,AmberTools,,,O,,3,[H:16][C:7]1([C:6]([C:5]([C:4]([C:9]([C:8]1([H:18])[H:19])([H:20])[H:21])([H:11])[C:2](=[O:1])[O:3][H:10])([H:12])[H:13])([H:14])[H:15])[H:17],3.0,6.0
3,-0.10465238095238096,AM1BCC,AmberTools,,,C,,4,[H:16][C:7]1([C:6]([C:5]([C:4]([C:9]([C:8]1([H:18])[H:19])([H:20])[H:21])([H:11])[C:2](=[O:1])[O:3][H:10])([H:12])[H:13])([H:14])[H:15])[H:17],3.0,6.0
4,-0.07435238095238095,AM1BCC,AmberTools,,,C,,5,[H:16][C:7]1([C:6]([C:5]([C:4]([C:9]([C:8]1([H:18])[H:19])([H:20])[H:21])([H:11])[C:2](=[O:1])[O:3][H:10])([H:12])[H:13])([H:14])[H:15])[H:17],3.0,6.0
5,-0.07635238095238095,AM1BCC,AmberTools,,,C,,6,[H:16][C:7]1([C:6]([C:5]([C:4]([C:9]([C:8]1([H:18])[H:19])([H:20])[H:21])([H:11])[C:2](=[O:1])[O:3][H:10])([H:12])[H:13])([H:14])[H:15])[H:17],3.0,6.0
6,-0.08035238095238095,AM1BCC,AmberTools,,,C,,7,[H:16][C:7]1([C:6]([C:5]([C:4]([C:9]([C:8]1([H:18])[H:19])([H:20])[H:21])([H:11])[C:2](=[O:1])[O:3][H:10])([H:12])[H:13])([H:14])[H:15])[H:17],3.0,6.0
7,-0.07635238095238095,AM1BCC,AmberTools,,,C,,8,[H:16][C:7]1([C:6]([C:5]([C:4]([C:9]([C:8]1([H:18])[H:19])([H:20])[H:21])([H:11])[C:2](=[O:1])[O:3][H:10])([H:12])[H:13])([H:14])[H:15])[H:17],3.0,6.0
8,-0.07435238095238095,AM1BCC,AmberTools,,,C,,9,[H:16][C:7]1([C:6]([C:5]([C:4]([C:9]([C:8]1([H:18])[H:19])([H:20])[H:21])([H:11])[C:2](=[O:1])[O:3][H:10])([H:12])[H:13])([H:14])[H:15])[H:17],3.0,6.0
9,0.442047619047619,AM1BCC,AmberTools,,,H,,10,[H:16][C:7]1([C:6]([C:5]([C:4]([C:9]([C:8]1([H:18])[H:19])([H:20])[H:21])([H:11])[C:2](=[O:1])[O:3][H:10])([H:12])[H:13])([H:14])[H:15])[H:17],3.0,6.0
10,0.08274761904761904,AM1BCC,AmberTools,,,H,,11,[H:16][C:7]1([C:6]([C:5]([C:4]([C:9]([C:8]1([H:18])[H:19])([H:20])[H:21])([H:11])[C:2](=[O:1])[O:3][H:10])([H:12])[H:13])([H:14])[H:15])[H:17],3.0,6.0
11,0.055247619047619045,AM1BCC,AmberTools,,,H,,12,[H:16][C:7]1([C:6]([C:5]([C:4]([C:9]([C:8]1([H:18])[H:19])([H:20])[H:21])([H:11])[C:2](=[O:1])[O:3][H:10])([H:12])[H:13])([H:14])[H:15])[H:17],3.0,6.0
12,0.055247619047619045,AM1BCC,AmberTools,,,H,,13,[H:16][C:7]1([C:6]([C:5]([C:4]([C:9]([C:8]1([H:18])[H:19])([H:20])[H:21])([H:11])[C:2](=[O:1])[O:3][H:10])([H:12])[H:13])([H:14])[H:15])[H:17],3.0,6.0
13,0.04424761904761905,AM1BCC,AmberTools,,,H,,14,[H:16][C:7]1([C:6]([C:5]([C:4]([C:9]([C:8]1([H:18])[H:19])([H:20])[H:21])([H:11])[C:2](=[O:1])[O:3][H:10])([H:12])[H:13])([H:14])[H:15])[H:17],3.0,6.0
14,0.04424761904761905,AM1BCC,AmberTools,,,H,,15,[H:16][C:7]1([C:6]([C:5]([C:4]([C:9]([C:8]1([H:18])[H:19])([H:20])[H:21])([H:11])[C:2](=[O:1])[O:3][H:10])([H:12])[H:13])([H:14])[H:15])[H:17],3.0,6.0
15,0.04424761904761905,AM1BCC,AmberTools,,,H,,16,[H:16][C:7]1([C:6]([C:5]([C:4]([C:9]([C:8]1([H:18])[H:19])([H:20])[H:21])([H:11])[C:2](=[O:1])[O:3][H:10])([H:12])[H:13])([H:14])[H:15])[H:17],3.0,6.0
16,0.04424761904761905,AM1BCC,AmberTools,,,H,,17,[H:16][C:7]1([C:6]([C:5]([C:4]([C:9]([C:8]1([H:18])[H:19])([H:20])[H:21])([H:11])[C:2](=[O:1])[O:3][H:10])([H:12])[H:13])([H:14])[H:15])[H:17],3.0,6.0
17,0.04424761904761905,AM1BCC,AmberTools,,,H,,18,[H:16][C:7]1([C:6]([C:5]([C:4]([C:9]([C:8]1([H:18])[H:19])([H:20])[H:21])([H:11])[C:2](=[O:1])[O:3][H:10])([H:12])[H:13])([H:14])[H:15])[H:17],3.0,6.0
18,0.04424761904761905,AM1BCC,AmberTools,,,H,,19,[H:16][C:7]1([C:6]([C:5]([C:4]([C:9]([C:8]1([H:18])[H:19])([H:20])[H:21])([H:11])[C:2](=[O:1])[O:3][H:10])([H:12])[H:13])([H:14])[H:15])[H:17],3.0,6.0
19,0.055247619047619045,AM1BCC,AmberTools,,,H,,20,[H:16][C:7]1([C:6]([C:5]([C:4]([C:9]([C:8]1([H:18])[H:19])([H:20])[H:21])([H:11])[C:2](=[O:1])[O:3][H:10])([H:12])[H:13])([H:14])[H:15])[H:17],3.0,6.0
20,0.055247619047619045,AM1BCC,AmberTools,,,H,,21,[H:16][C:7]1([C:6]([C:5]([C:4]([C:9]([C:8]1([H:18])[H:19])([H:20])[H:21])([H:11])[C:2](=[O:1])[O:3][H:10])([H:12])[H:13])([H:14])[H:15])[H:17],3.0,6.0
0,-0.5506899952888489,AM1BCC,OpenEye,,,O,,1,[H:16][C:7]1([C:6]([C:5]([C:4]([C:9]([C:8]1([H:18])[H:19])([H:20])[H:21])([H:11])[C:2](=[O:1])[O:3][H:10])([H:12])[H:13])([H:14])[H:15])[H:17],3.0,7.0
1,0.6329500079154968,AM1BCC,OpenEye,,,C,,2,[H:16][C:7]1([C:6]([C:5]([C:4]([C:9]([C:8]1([H:18])[H:19])([H:20])[H:21])([H:11])[C:2](=[O:1])[O:3][H:10])([H:12])[H:13])([H:14])[H:15])[H:17],3.0,7.0
2,-0.601140022277832,AM1BCC,OpenEye,,,O,,3,[H:16][C:7]1([C:6]([C:5]([C:4]([C:9]([C:8]1([H:18])[H:19])([H:20])[H:21])([H:11])[C:2](=[O:1])[O:3][H:10])([H:12])[H:13])([H:14])[H:15])[H:17],3.0,7.0
3,-0.10751000046730042,AM1BCC,OpenEye,,,C,,4,[H:16][C:7]1([C:6]([C:5]([C:4]([C:9]([C:8]1([H:18])[H:19])([H:20])[H:21])([H:11])[C:2](=[O:1])[O:3][H:10])([H:12])[H:13])([H:14])[H:15])[H:17],3.0,7.0
4,-0.07321000099182129,AM1BCC,OpenEye,,,C,,5,[H:16][C:7]1([C:6]([C:5]([C:4]([C:9]([C:8]1([H:18])[H:19])([H:20])[H:21])([H:11])[C:2](=[O:1])[O:3][H:10])([H:12])[H:13])([H:14])[H:15])[H:17],3.0,7.0
5,-0.07637999951839447,AM1BCC,OpenEye,,,C,,6,[H:16][C:7]1([C:6]([C:5]([C:4]([C:9]([C:8]1([H:18])[H:19])([H:20])[H:21])([H:11])[C:2](=[O:1])[O:3][H:10])([H:12])[H:13])([H:14])[H:15])[H:17],3.0,7.0
6,-0.08053000271320343,AM1BCC,OpenEye,,,C,,7,[H:16][C:7]1([C:6]([C:5]([C:4]([C:9]([C:8]1([H:18])[H:19])([H:20])[H:21])([H:11])[C:2](=[O:1])[O:3][H:10])([H:12])[H:13])([H:14])[H:15])[H:17],3.0,7.0
7,-0.07637999951839447,AM1BCC,OpenEye,,,C,,8,[H:16][C:7]1([C:6]([C:5]([C:4]([C:9]([C:8]1([H:18])[H:19])([H:20])[H:21])([H:11])[C:2](=[O:1])[O:3][H:10])([H:12])[H:13])([H:14])[H:15])[H:17],3.0,7.0
8,-0.07321000099182129,AM1BCC,OpenEye,,,C,,9,[H:16][C:7]1([C:6]([C:5]([C:4]([C:9]([C:8]1([H:18])[H:19])([H:20])[H:21])([H:11])[C:2](=[O:1])[O:3][H:10])([H:12])[H:13])([H:14])[H:15])[H:17],3.0,7.0
9,0.44159001111984253,AM1BCC,OpenEye,,,H,,10,[H:16][C:7]1([C:6]([C:5]([C:4]([C:9]([C:8]1([H:18])[H:19])([H:20])[H:21])([H:11])[C:2](=[O:1])[O:3][H:10])([H:12])[H:13])([H:14])[H:15])[H:17],3.0,7.0
10,0.0815500020980835,AM1BCC,OpenEye,,,H,,11,[H:16][C:7]1([C:6]([C:5]([C:4]([C:9]([C:8]1([H:18])[H:19])([H:20])[H:21])([H:11])[C:2](=[O:1])[O:3][H:10])([H:12])[H:13])([H:14])[H:15])[H:17],3.0,7.0
11,0.05559000000357628,AM1BCC,OpenEye,,,H,,12,[H:16][C:7]1([C:6]([C:5]([C:4]([C:9]([C:8]1([H:18])[H:19])([H:20])[H:21])([H:11])[C:2](=[O:1])[O:3][H:10])([H:12])[H:13])([H:14])[H:15])[H:17],3.0,7.0
12,0.05559000000357628,AM1BCC,OpenEye,,,H,,13,[H:16][C:7]1([C:6]([C:5]([C:4]([C:9]([C:8]1([H:18])[H:19])([H:20])[H:21])([H:11])[C:2](=[O:1])[O:3][H:10])([H:12])[H:13])([H:14])[H:15])[H:17],3.0,7.0
13,0.04357999935746193,AM1BCC,OpenEye,,,H,,14,[H:16][C:7]1([C:6]([C:5]([C:4]([C:9]([C:8]1([H:18])[H:19])([H:20])[H:21])([H:11])[C:2](=[O:1])[O:3][H:10])([H:12])[H:13])([H:14])[H:15])[H:17],3.0,7.0
14,0.04357999935746193,AM1BCC,OpenEye,,,H,,15,[H:16][C:7]1([C:6]([C:5]([C:4]([C:9]([C:8]1([H:18])[H:19])([H:20])[H:21])([H:11])[C:2](=[O:1])[O:3][H:10])([H:12])[H:13])([H:14])[H:15])[H:17],3.0,7.0
15,0.043140001595020294,AM1BCC,OpenEye,,,H,,16,[H:16][C:7]1([C:6]([C:5]([C:4]([C:9]([C:8]1([H:18])[H:19])([H:20])[H:21])([H:11])[C:2](=[O:1])[O:3][H:10])([H:12])[H:13])([H:14])[H:15])[H:17],3.0,7.0
16,0.043140001595020294,AM1BCC,OpenEye,,,H,,17,[H:16][C:7]1([C:6]([C:5]([C:4]([C:9]([C:8]1([H:18])[H:19])([H:20])[H:21])([H:11])[C:2](=[O:1])[O:3][H:10])([H:12])[H:13])([H:14])[H:15])[H:17],3.0,7.0
17,0.04357999935746193,AM1BCC,OpenEye,,,H,,18,[H:16][C:7]1([C:6]([C:5]([C:4]([C:9]([C:8]1([H:18])[H:19])([H:20])[H:21])([H:11])[C:2](=[O:1])[O:3][H:10])([H:12])[H:13])([H:14])[H:15])[H:17],3.0,7.0
18,0.04357999935746193,AM1BCC,OpenEye,,,H,,19,[H:16][C:7]1([C:6]([C:5]([C:4]([C:9]([C:8]1([H:18])[H:19])([H:20])[H:21])([H:11])[C:2](=[O:1])[O:3][H:10])([H:12])[H:13])([H:14])[H:15])[H:17],3.0,7.0
19,0.05559000000357628,AM1BCC,OpenEye,,,H,,20,[H:16][C:7]1([C:6]([C:5]([C:4]([C:9]([C:8]1([H:18])[H:19])([H:20])[H:21])([H:11])[C:2](=[O:1])[O:3][H:10])([H:12])[H:13])([H:14])[H:15])[H:17],3.0,7.0
20,0.05559000000357628,AM1BCC,OpenEye,,,H,,21,[H:16][C:7]1([C:6]([C:5]([C:4]([C:9]([C:8]1([H:18])[H:19])([H:20])[H:21])([H:11])[C:2](=[O:1])[O:3][H:10])([H:12])[H:13])([H:14])[H:15])[H:17],3.0,7.0
0,-0.550952380952381,AM1BCC,AmberTools,,,O,,1,[H:16][C:7]1([C:6]([C:5]([C:4]([C:9]([C:8]1([H:18])[H:19])([H:20])[H:21])([H:11])[C:2](=[O:1])[O:3][H:10])([H:12])[H:13])([H:14])[H:15])[H:17],3.0,7.0
1,0.6361476190476191,AM1BCC,AmberTools,,,C,,2,[H:16][C:7]1([C:6]([C:5]([C:4]([C:9]([C:8]1([H:18])[H:19])([H:20])[H:21])([H:11])[C:2](=[O:1])[O:3][H:10])([H:12])[H:13])([H:14])[H:15])[H:17],3.0,7.0
2,-0.6100523809523809,AM1BCC,AmberTools,,,O,,3,[H:16][C:7]1([C:6]([C:5]([C:4]([C:9]([C:8]1([H:18])[H:19])([H:20])[H:21])([H:11])[C:2](=[O:1])[O:3][H:10])([H:12])[H:13])([H:14])[H:15])[H:17],3.0,7.0
3,-0.10465238095238096,AM1BCC,AmberTools,,,C,,4,[H:16][C:7]1([C:6]([C:5]([C:4]([C:9]([C:8]1([H:18])[H:19])([H:20])[H:21])([H:11])[C:2](=[O:1])[O:3][H:10])([H:12])[H:13])([H:14])[H:15])[H:17],3.0,7.0
4,-0.07435238095238095,AM1BCC,AmberTools,,,C,,5,[H:16][C:7]1([C:6]([C:5]([C:4]([C:9]([C:8]1([H:18])[H:19])([H:20])[H:21])([H:11])[C:2](=[O:1])[O:3][H:10])([H:12])[H:13])([H:14])[H:15])[H:17],3.0,7.0
5,-0.07635238095238095,AM1BCC,AmberTools,,,C,,6,[H:16][C:7]1([C:6]([C:5]([C:4]([C:9]([C:8]1([H:18])[H:19])([H:20])[H:21])([H:11])[C:2](=[O:1])[O:3][H:10])([H:12])[H:13])([H:14])[H:15])[H:17],3.0,7.0
6,-0.08035238095238095,AM1BCC,AmberTools,,,C,,7,[H:16][C:7]1([C:6]([C:5]([C:4]([C:9]([C:8]1([H:18])[H:19])([H:20])[H:21])([H:11])[C:2](=[O:1])[O:3][H:10])([H:12])[H:13])([H:14])[H:15])[H:17],3.0,7.0
7,-0.07635238095238095,AM1BCC,AmberTools,,,C,,8,[H:16][C:7]1([C:6]([C:5]([C:4]([C:9]([C:8]1([H:18])[H:19])([H:20])[H:21])([H:11])[C:2](=[O:1])[O:3][H:10])([H:12])[H:13])([H:14])[H:15])[H:17],3.0,7.0
8,-0.07435238095238095,AM1BCC,AmberTools,,,C,,9,[H:16][C:7]1([C:6]([C:5]([C:4]([C:9]([C:8]1([H:18])[H:19])([H:20])[H:21])([H:11])[C:2](=[O:1])[O:3][H:10])([H:12])[H:13])([H:14])[H:15])[H:17],3.0,7.0
9,0.442047619047619,AM1BCC,AmberTools,,,H,,10,[H:16][C:7]1([C:6]([C:5]([C:4]([C:9]([C:8]1([H:18])[H:19])([H:20])[H:21])([H:11])[C:2](=[O:1])[O:3][H:10])([H:12])[H:13])([H:14])[H:15])[H:17],3.0,7.0
10,0.08274761904761904,AM1BCC,AmberTools,,,H,,11,[H:16][C:7]1([C:6]([C:5]([C:4]([C:9]([C:8]1([H:18])[H:19])([H:20])[H:21])([H:11])[C:2](=[O:1])[O:3][H:10])([H:12])[H:13])([H:14])[H:15])[H:17],3.0,7.0
11,0.055247619047619045,AM1BCC,AmberTools,,,H,,12,[H:16][C:7]1([C:6]([C:5]([C:4]([C:9]([C:8]1([H:18])[H:19])([H:20])[H:21])([H:11])[C:2](=[O:1])[O:3][H:10])([H:12])[H:13])([H:14])[H:15])[H:17],3.0,7.0
12,0.055247619047619045,AM1BCC,AmberTools,,,H,,13,[H:16][C:7]1([C:6]([C:5]([C:4]([C:9]([C:8]1([H:18])[H:19])([H:20])[H:21])([H:11])[C:2](=[O:1])[O:3][H:10])([H:12])[H:13])([H:14])[H:15])[H:17],3.0,7.0
13,0.04424761904761905,AM1BCC,AmberTools,,,H,,14,[H:16][C:7]1([C:6]([C:5]([C:4]([C:9]([C:8]1([H:18])[H:19])([H:20])[H:21])([H:11])[C:2](=[O:1])[O:3][H:10])([H:12])[H:13])([H:14])[H:15])[H:17],3.0,7.0
14,0.04424761904761905,AM1BCC,AmberTools,,,H,,15,[H:16][C:7]1([C:6]([C:5]([C:4]([C:9]([C:8]1([H:18])[H:19])([H:20])[H:21])([H:11])[C:2](=[O:1])[O:3][H:10])([H:12])[H:13])([H:14])[H:15])[H:17],3.0,7.0
15,0.04424761904761905,AM1BCC,AmberTools,,,H,,16,[H:16][C:7]1([C:6]([C:5]([C:4]([C:9]([C:8]1([H:18])[H:19])([H:20])[H:21])([H:11])[C:2](=[O:1])[O:3][H:10])([H:12])[H:13])([H:14])[H:15])[H:17],3.0,7.0
16,0.04424761904761905,AM1BCC,AmberTools,,,H,,17,[H:16][C:7]1([C:6]([C:5]([C:4]([C:9]([C:8]1([H:18])[H:19])([H:20])[H:21])([H:11])[C:2](=[O:1])[O:3][H:10])([H:12])[H:13])([H:14])[H:15])[H:17],3.0,7.0
17,0.04424761904761905,AM1BCC,AmberTools,,,H,,18,[H:16][C:7]1([C:6]([C:5]([C:4]([C:9]([C:8]1([H:18])[H:19])([H:20])[H:21])([H:11])[C:2](=[O:1])[O:3][H:10])([H:12])[H:13])([H:14])[H:15])[H:17],3.0,7.0
18,0.04424761904761905,AM1BCC,AmberTools,,,H,,19,[H:16][C:7]1([C:6]([C:5]([C:4]([C:9]([C:8]1([H:18])[H:19])([H:20])[H:21])([H:11])[C:2](=[O:1])[O:3][H:10])([H:12])[H:13])([H:14])[H:15])[H:17],3.0,7.0
19,0.055247619047619045,AM1BCC,AmberTools,,,H,,20,[H:16][C:7]1([C:6]([C:5]([C:4]([C:9]([C:8]1([H:18])[H:19])([H:20])[H:21])([H:11])[C:2](=[O:1])[O:3][H:10])([H:12])[H:13])([H:14])[H:15])[H:17],3.0,7.0
20,0.055247619047619045,AM1BCC,AmberTools,,,H,,21,[H:16][C:7]1([C:6]([C:5]([C:4]([C:9]([C:8]1([H:18])[H:19])([H:20])[H:21])([H:11])[C:2](=[O:1])[O:3][H:10])([H:12])[H:13])([H:14])[H:15])[H:17],3.0,7.0
0,-0.5506899952888489,AM1BCC,OpenEye,,,O,,1,[H:16][C:7]1([C:6]([C:5]([C:4]([C:9]([C:8]1([H:18])[H:19])([H:20])[H:21])([H:11])[C:2](=[O:1])[O:3][H:10])([H:12])[H:13])([H:14])[H:15])[H:17],3.0,8.0
1,0.6329500079154968,AM1BCC,OpenEye,,,C,,2,[H:16][C:7]1([C:6]([C:5]([C:4]([C:9]([C:8]1([H:18])[H:19])([H:20])[H:21])([H:11])[C:2](=[O:1])[O:3][H:10])([H:12])[H:13])([H:14])[H:15])[H:17],3.0,8.0
2,-0.601140022277832,AM1BCC,OpenEye,,,O,,3,[H:16][C:7]1([C:6]([C:5]([C:4]([C:9]([C:8]1([H:18])[H:19])([H:20])[H:21])([H:11])[C:2](=[O:1])[O:3][H:10])([H:12])[H:13])([H:14])[H:15])[H:17],3.0,8.0
3,-0.10751000046730042,AM1BCC,OpenEye,,,C,,4,[H:16][C:7]1([C:6]([C:5]([C:4]([C:9]([C:8]1([H:18])[H:19])([H:20])[H:21])([H:11])[C:2](=[O:1])[O:3][H:10])([H:12])[H:13])([H:14])[H:15])[H:17],3.0,8.0
4,-0.07321000099182129,AM1BCC,OpenEye,,,C,,5,[H:16][C:7]1([C:6]([C:5]([C:4]([C:9]([C:8]1([H:18])[H:19])([H:20])[H:21])([H:11])[C:2](=[O:1])[O:3][H:10])([H:12])[H:13])([H:14])[H:15])[H:17],3.0,8.0
5,-0.07637999951839447,AM1BCC,OpenEye,,,C,,6,[H:16][C:7]1([C:6]([C:5]([C:4]([C:9]([C:8]1([H:18])[H:19])([H:20])[H:21])([H:11])[C:2](=[O:1])[O:3][H:10])([H:12])[H:13])([H:14])[H:15])[H:17],3.0,8.0
6,-0.08053000271320343,AM1BCC,OpenEye,,,C,,7,[H:16][C:7]1([C:6]([C:5]([C:4]([C:9]([C:8]1([H:18])[H:19])([H:20])[H:21])([H:11])[C:2](=[O:1])[O:3][H:10])([H:12])[H:13])([H:14])[H:15])[H:17],3.0,8.0
7,-0.07637999951839447,AM1BCC,OpenEye,,,C,,8,[H:16][C:7]1([C:6]([C:5]([C:4]([C:9]([C:8]1([H:18])[H:19])([H:20])[H:21])([H:11])[C:2](=[O:1])[O:3][H:10])([H:12])[H:13])([H:14])[H:15])[H:17],3.0,8.0
8,-0.07321000099182129,AM1BCC,OpenEye,,,C,,9,[H:16][C:7]1([C:6]([C:5]([C:4]([C:9]([C:8]1([H:18])[H:19])([H:20])[H:21])([H:11])[C:2](=[O:1])[O:3][H:10])([H:12])[H:13])([H:14])[H:15])[H:17],3.0,8.0
9,0.44159001111984253,AM1BCC,OpenEye,,,H,,10,[H:16][C:7]1([C:6]([C:5]([C:4]([C:9]([C:8]1([H:18])[H:19])([H:20])[H:21])([H:11])[C:2](=[O:1])[O:3][H:10])([H:12])[H:13])([H:14])[H:15])[H:17],3.0,8.0
10,0.0815500020980835,AM1BCC,OpenEye,,,H,,11,[H:16][C:7]1([C:6]([C:5]([C:4]([C:9]([C:8]1([H:18])[H:19])([H:20])[H:21])([H:11])[C:2](=[O:1])[O:3][H:10])([H:12])[H:13])([H:14])[H:15])[H:17],3.0,8.0
11,0.05559000000357628,AM1BCC,OpenEye,,,H,,12,[H:16][C:7]1([C:6]([C:5]([C:4]([C:9]([C:8]1([H:18])[H:19])([H:20])[H:21])([H:11])[C:2](=[O:1])[O:3][H:10])([H:12])[H:13])([H:14])[H:15])[H:17],3.0,8.0
12,0.05559000000357628,AM1BCC,OpenEye,,,H,,13,[H:16][C:7]1([C:6]([C:5]([C:4]([C:9]([C:8]1([H:18])[H:19])([H:20])[H:21])([H:11])[C:2](=[O:1])[O:3][H:10])([H:12])[H:13])([H:14])[H:15])[H:17],3.0,8.0
13,0.04357999935746193,AM1BCC,OpenEye,,,H,,14,[H:16][C:7]1([C:6]([C:5]([C:4]([C:9]([C:8]1([H:18])[H:19])([H:20])[H:21])([H:11])[C:2](=[O:1])[O:3][H:10])([H:12])[H:13])([H:14])[H:15])[H:17],3.0,8.0
14,0.04357999935746193,AM1BCC,OpenEye,,,H,,15,[H:16][C:7]1([C:6]([C:5]([C:4]([C:9]([C:8]1([H:18])[H:19])([H:20])[H:21])([H:11])[C:2](=[O:1])[O:3][H:10])([H:12])[H:13])([H:14])[H:15])[H:17],3.0,8.0
15,0.043140001595020294,AM1BCC,OpenEye,,,H,,16,[H:16][C:7]1([C:6]([C:5]([C:4]([C:9]([C:8]1([H:18])[H:19])([H:20])[H:21])([H:11])[C:2](=[O:1])[O:3][H:10])([H:12])[H:13])([H:14])[H:15])[H:17],3.0,8.0
16,0.043140001595020294,AM1BCC,OpenEye,,,H,,17,[H:16][C:7]1([C:6]([C:5]([C:4]([C:9]([C:8]1([H:18])[H:19])([H:20])[H:21])([H:11])[C:2](=[O:1])[O:3][H:10])([H:12])[H:13])([H:14])[H:15])[H:17],3.0,8.0
17,0.04357999935746193,AM1BCC,OpenEye,,,H,,18,[H:16][C:7]1([C:6]([C:5]([C:4]([C:9]([C:8]1([H:18])[H:19])([H:20])[H:21])([H:11])[C:2](=[O:1])[O:3][H:10])([H:12])[H:13])([H:14])[H:15])[H:17],3.0,8.0
18,0.04357999935746193,AM1BCC,OpenEye,,,H,,19,[H:16][C:7]1([C:6]([C:5]([C:4]([C:9]([C:8]1([H:18])[H:19])([H:20])[H:21])([H:11])[C:2](=[O:1])[O:3][H:10])([H:12])[H:13])([H:14])[H:15])[H:17],3.0,8.0
19,0.05559000000357628,AM1BCC,OpenEye,,,H,,20,[H:16][C:7]1([C:6]([C:5]([C:4]([C:9]([C:8]1([H:18])[H:19])([H:20])[H:21])([H:11])[C:2](=[O:1])[O:3][H:10])([H:12])[H:13])([H:14])[H:15])[H:17],3.0,8.0
20,0.05559000000357628,AM1BCC,OpenEye,,,H,,21,[H:16][C:7]1([C:6]([C:5]([C:4]([C:9]([C:8]1([H:18])[H:19])([H:20])[H:21])([H:11])[C:2](=[O:1])[O:3][H:10])([H:12])[H:13])([H:14])[H:15])[H:17],3.0,8.0
0,-0.550952380952381,AM1BCC,AmberTools,,,O,,1,[H:16][C:7]1([C:6]([C:5]([C:4]([C:9]([C:8]1([H:18])[H:19])([H:20])[H:21])([H:11])[C:2](=[O:1])[O:3][H:10])([H:12])[H:13])([H:14])[H:15])[H:17],3.0,8.0
1,0.6361476190476191,AM1BCC,AmberTools,,,C,,2,[H:16][C:7]1([C:6]([C:5]([C:4]([C:9]([C:8]1([H:18])[H:19])([H:20])[H:21])([H:11])[C:2](=[O:1])[O:3][H:10])([H:12])[H:13])([H:14])[H:15])[H:17],3.0,8.0
2,-0.6100523809523809,AM1BCC,AmberTools,,,O,,3,[H:16][C:7]1([C:6]([C:5]([C:4]([C:9]([C:8]1([H:18])[H:19])([H:20])[H:21])([H:11])[C:2](=[O:1])[O:3][H:10])([H:12])[H:13])([H:14])[H:15])[H:17],3.0,8.0
3,-0.10465238095238096,AM1BCC,AmberTools,,,C,,4,[H:16][C:7]1([C:6]([C:5]([C:4]([C:9]([C:8]1([H:18])[H:19])([H:20])[H:21])([H:11])[C:2](=[O:1])[O:3][H:10])([H:12])[H:13])([H:14])[H:15])[H:17],3.0,8.0
4,-0.07435238095238095,AM1BCC,AmberTools,,,C,,5,[H:16][C:7]1([C:6]([C:5]([C:4]([C:9]([C:8]1([H:18])[H:19])([H:20])[H:21])([H:11])[C:2](=[O:1])[O:3][H:10])([H:12])[H:13])([H:14])[H:15])[H:17],3.0,8.0
5,-0.07635238095238095,AM1BCC,AmberTools,,,C,,6,[H:16][C:7]1([C:6]([C:5]([C:4]([C:9]([C:8]1([H:18])[H:19])([H:20])[H:21])([H:11])[C:2](=[O:1])[O:3][H:10])([H:12])[H:13])([H:14])[H:15])[H:17],3.0,8.0
6,-0.08035238095238095,AM1BCC,AmberTools,,,C,,7,[H:16][C:7]1([C:6]([C:5]([C:4]([C:9]([C:8]1([H:18])[H:19])([H:20])[H:21])([H:11])[C:2](=[O:1])[O:3][H:10])([H:12])[H:13])([H:14])[H:15])[H:17],3.0,8.0
7,-0.07635238095238095,AM1BCC,AmberTools,,,C,,8,[H:16][C:7]1([C:6]([C:5]([C:4]([C:9]([C:8]1([H:18])[H:19])([H:20])[H:21])([H:11])[C:2](=[O:1])[O:3][H:10])([H:12])[H:13])([H:14])[H:15])[H:17],3.0,8.0
8,-0.07435238095238095,AM1BCC,AmberTools,,,C,,9,[H:16][C:7]1([C:6]([C:5]([C:4]([C:9]([C:8]1([H:18])[H:19])([H:20])[H:21])([H:11])[C:2](=[O:1])[O:3][H:10])([H:12])[H:13])([H:14])[H:15])[H:17],3.0,8.0
9,0.442047619047619,AM1BCC,AmberTools,,,H,,10,[H:16][C:7]1([C:6]([C:5]([C:4]([C:9]([C:8]1([H:18])[H:19])([H:20])[H:21])([H:11])[C:2](=[O:1])[O:3][H:10])([H:12])[H:13])([H:14])[H:15])[H:17],3.0,8.0
10,0.08274761904761904,AM1BCC,AmberTools,,,H,,11,[H:16][C:7]1([C:6]([C:5]([C:4]([C:9]([C:8]1([H:18])[H:19])([H:20])[H:21])([H:11])[C:2](=[O:1])[O:3][H:10])([H:12])[H:13])([H:14])[H:15])[H:17],3.0,8.0
11,0.055247619047619045,AM1BCC,AmberTools,,,H,,12,[H:16][C:7]1([C:6]([C:5]([C:4]([C:9]([C:8]1([H:18])[H:19])([H:20])[H:21])([H:11])[C:2](=[O:1])[O:3][H:10])([H:12])[H:13])([H:14])[H:15])[H:17],3.0,8.0
12,0.055247619047619045,AM1BCC,AmberTools,,,H,,13,[H:16][C:7]1([C:6]([C:5]([C:4]([C:9]([C:8]1([H:18])[H:19])([H:20])[H:21])([H:11])[C:2](=[O:1])[O:3][H:10])([H:12])[H:13])([H:14])[H:15])[H:17],3.0,8.0
13,0.04424761904761905,AM1BCC,AmberTools,,,H,,14,[H:16][C:7]1([C:6]([C:5]([C:4]([C:9]([C:8]1([H:18])[H:19])([H:20])[H:21])([H:11])[C:2](=[O:1])[O:3][H:10])([H:12])[H:13])([H:14])[H:15])[H:17],3.0,8.0
14,0.04424761904761905,AM1BCC,AmberTools,,,H,,15,[H:16][C:7]1([C:6]([C:5]([C:4]([C:9]([C:8]1([H:18])[H:19])([H:20])[H:21])([H:11])[C:2](=[O:1])[O:3][H:10])([H:12])[H:13])([H:14])[H:15])[H:17],3.0,8.0
15,0.04424761904761905,AM1BCC,AmberTools,,,H,,16,[H:16][C:7]1([C:6]([C:5]([C:4]([C:9]([C:8]1([H:18])[H:19])([H:20])[H:21])([H:11])[C:2](=[O:1])[O:3][H:10])([H:12])[H:13])([H:14])[H:15])[H:17],3.0,8.0
16,0.04424761904761905,AM1BCC,AmberTools,,,H,,17,[H:16][C:7]1([C:6]([C:5]([C:4]([C:9]([C:8]1([H:18])[H:19])([H:20])[H:21])([H:11])[C:2](=[O:1])[O:3][H:10])([H:12])[H:13])([H:14])[H:15])[H:17],3.0,8.0
17,0.04424761904761905,AM1BCC,AmberTools,,,H,,18,[H:16][C:7]1([C:6]([C:5]([C:4]([C:9]([C:8]1([H:18])[H:19])([H:20])[H:21])([H:11])[C:2](=[O:1])[O:3][H:10])([H:12])[H:13])([H:14])[H:15])[H:17],3.0,8.0
18,0.04424761904761905,AM1BCC,AmberTools,,,H,,19,[H:16][C:7]1([C:6]([C:5]([C:4]([C:9]([C:8]1([H:18])[H:19])([H:20])[H:21])([H:11])[C:2](=[O:1])[O:3][H:10])([H:12])[H:13])([H:14])[H:15])[H:17],3.0,8.0
19,0.055247619047619045,AM1BCC,AmberTools,,,H,,20,[H:16][C:7]1([C:6]([C:5]([C:4]([C:9]([C:8]1([H:18])[H:19])([H:20])[H:21])([H:11])[C:2](=[O:1])[O:3][H:10])([H:12])[H:13])([H:14])[H:15])[H:17],3.0,8.0
20,0.055247619047619045,AM1BCC,AmberTools,,,H,,21,[H:16][C:7]1([C:6]([C:5]([C:4]([C:9]([C:8]1([H:18])[H:19])([H:20])[H:21])([H:11])[C:2](=[O:1])[O:3][H:10])([H:12])[H:13])([H:14])[H:15])[H:17],3.0,8.0
0,-0.5506899952888489,AM1BCC,OpenEye,,,O,,1,[H:16][C:7]1([C:6]([C:5]([C:4]([C:9]([C:8]1([H:18])[H:19])([H:20])[H:21])([H:11])[C:2](=[O:1])[O:3][H:10])([H:12])[H:13])([H:14])[H:15])[H:17],3.0,9.0
1,0.6329500079154968,AM1BCC,OpenEye,,,C,,2,[H:16][C:7]1([C:6]([C:5]([C:4]([C:9]([C:8]1([H:18])[H:19])([H:20])[H:21])([H:11])[C:2](=[O:1])[O:3][H:10])([H:12])[H:13])([H:14])[H:15])[H:17],3.0,9.0
2,-0.601140022277832,AM1BCC,OpenEye,,,O,,3,[H:16][C:7]1([C:6]([C:5]([C:4]([C:9]([C:8]1([H:18])[H:19])([H:20])[H:21])([H:11])[C:2](=[O:1])[O:3][H:10])([H:12])[H:13])([H:14])[H:15])[H:17],3.0,9.0
3,-0.10751000046730042,AM1BCC,OpenEye,,,C,,4,[H:16][C:7]1([C:6]([C:5]([C:4]([C:9]([C:8]1([H:18])[H:19])([H:20])[H:21])([H:11])[C:2](=[O:1])[O:3][H:10])([H:12])[H:13])([H:14])[H:15])[H:17],3.0,9.0
4,-0.07321000099182129,AM1BCC,OpenEye,,,C,,5,[H:16][C:7]1([C:6]([C:5]([C:4]([C:9]([C:8]1([H:18])[H:19])([H:20])[H:21])([H:11])[C:2](=[O:1])[O:3][H:10])([H:12])[H:13])([H:14])[H:15])[H:17],3.0,9.0
5,-0.07637999951839447,AM1BCC,OpenEye,,,C,,6,[H:16][C:7]1([C:6]([C:5]([C:4]([C:9]([C:8]1([H:18])[H:19])([H:20])[H:21])([H:11])[C:2](=[O:1])[O:3][H:10])([H:12])[H:13])([H:14])[H:15])[H:17],3.0,9.0
6,-0.08053000271320343,AM1BCC,OpenEye,,,C,,7,[H:16][C:7]1([C:6]([C:5]([C:4]([C:9]([C:8]1([H:18])[H:19])([H:20])[H:21])([H:11])[C:2](=[O:1])[O:3][H:10])([H:12])[H:13])([H:14])[H:15])[H:17],3.0,9.0
7,-0.07637999951839447,AM1BCC,OpenEye,,,C,,8,[H:16][C:7]1([C:6]([C:5]([C:4]([C:9]([C:8]1([H:18])[H:19])([H:20])[H:21])([H:11])[C:2](=[O:1])[O:3][H:10])([H:12])[H:13])([H:14])[H:15])[H:17],3.0,9.0
8,-0.07321000099182129,AM1BCC,OpenEye,,,C,,9,[H:16][C:7]1([C:6]([C:5]([C:4]([C:9]([C:8]1([H:18])[H:19])([H:20])[H:21])([H:11])[C:2](=[O:1])[O:3][H:10])([H:12])[H:13])([H:14])[H:15])[H:17],3.0,9.0
9,0.44159001111984253,AM1BCC,OpenEye,,,H,,10,[H:16][C:7]1([C:6]([C:5]([C:4]([C:9]([C:8]1([H:18])[H:19])([H:20])[H:21])([H:11])[C:2](=[O:1])[O:3][H:10])([H:12])[H:13])([H:14])[H:15])[H:17],3.0,9.0
10,0.0815500020980835,AM1BCC,OpenEye,,,H,,11,[H:16][C:7]1([C:6]([C:5]([C:4]([C:9]([C:8]1([H:18])[H:19])([H:20])[H:21])([H:11])[C:2](=[O:1])[O:3][H:10])([H:12])[H:13])([H:14])[H:15])[H:17],3.0,9.0
11,0.05559000000357628,AM1BCC,OpenEye,,,H,,12,[H:16][C:7]1([C:6]([C:5]([C:4]([C:9]([C:8]1([H:18])[H:19])([H:20])[H:21])([H:11])[C:2](=[O:1])[O:3][H:10])([H:12])[H:13])([H:14])[H:15])[H:17],3.0,9.0
12,0.05559000000357628,AM1BCC,OpenEye,,,H,,13,[H:16][C:7]1([C:6]([C:5]([C:4]([C:9]([C:8]1([H:18])[H:19])([H:20])[H:21])([H:11])[C:2](=[O:1])[O:3][H:10])([H:12])[H:13])([H:14])[H:15])[H:17],3.0,9.0
13,0.04357999935746193,AM1BCC,OpenEye,,,H,,14,[H:16][C:7]1([C:6]([C:5]([C:4]([C:9]([C:8]1([H:18])[H:19])([H:20])[H:21])([H:11])[C:2](=[O:1])[O:3][H:10])([H:12])[H:13])([H:14])[H:15])[H:17],3.0,9.0
14,0.04357999935746193,AM1BCC,OpenEye,,,H,,15,[H:16][C:7]1([C:6]([C:5]([C:4]([C:9]([C:8]1([H:18])[H:19])([H:20])[H:21])([H:11])[C:2](=[O:1])[O:3][H:10])([H:12])[H:13])([H:14])[H:15])[H:17],3.0,9.0
15,0.043140001595020294,AM1BCC,OpenEye,,,H,,16,[H:16][C:7]1([C:6]([C:5]([C:4]([C:9]([C:8]1([H:18])[H:19])([H:20])[H:21])([H:11])[C:2](=[O:1])[O:3][H:10])([H:12])[H:13])([H:14])[H:15])[H:17],3.0,9.0
16,0.043140001595020294,AM1BCC,OpenEye,,,H,,17,[H:16][C:7]1([C:6]([C:5]([C:4]([C:9]([C:8]1([H:18])[H:19])([H:20])[H:21])([H:11])[C:2](=[O:1])[O:3][H:10])([H:12])[H:13])([H:14])[H:15])[H:17],3.0,9.0
17,0.04357999935746193,AM1BCC,OpenEye,,,H,,18,[H:16][C:7]1([C:6]([C:5]([C:4]([C:9]([C:8]1([H:18])[H:19])([H:20])[H:21])([H:11])[C:2](=[O:1])[O:3][H:10])([H:12])[H:13])([H:14])[H:15])[H:17],3.0,9.0
18,0.04357999935746193,AM1BCC,OpenEye,,,H,,19,[H:16][C:7]1([C:6]([C:5]([C:4]([C:9]([C:8]1([H:18])[H:19])([H:20])[H:21])([H:11])[C:2](=[O:1])[O:3][H:10])([H:12])[H:13])([H:14])[H:15])[H:17],3.0,9.0
19,0.05559000000357628,AM1BCC,OpenEye,,,H,,20,[H:16][C:7]1([C:6]([C:5]([C:4]([C:9]([C:8]1([H:18])[H:19])([H:20])[H:21])([H:11])[C:2](=[O:1])[O:3][H:10])([H:12])[H:13])([H:14])[H:15])[H:17],3.0,9.0
20,0.05559000000357628,AM1BCC,OpenEye,,,H,,21,[H:16][C:7]1([C:6]([C:5]([C:4]([C:9]([C:8]1([H:18])[H:19])([H:20])[H:21])([H:11])[C:2](=[O:1])[O:3][H:10])([H:12])[H:13])([H:14])[H:15])[H:17],3.0,9.0
0,-0.550952380952381,AM1BCC,AmberTools,,,O,,1,[H:16][C:7]1([C:6]([C:5]([C:4]([C:9]([C:8]1([H:18])[H:19])([H:20])[H:21])([H:11])[C:2](=[O:1])[O:3][H:10])([H:12])[H:13])([H:14])[H:15])[H:17],3.0,9.0
1,0.6361476190476191,AM1BCC,AmberTools,,,C,,2,[H:16][C:7]1([C:6]([C:5]([C:4]([C:9]([C:8]1([H:18])[H:19])([H:20])[H:21])([H:11])[C:2](=[O:1])[O:3][H:10])([H:12])[H:13])([H:14])[H:15])[H:17],3.0,9.0
2,-0.6100523809523809,AM1BCC,AmberTools,,,O,,3,[H:16][C:7]1([C:6]([C:5]([C:4]([C:9]([C:8]1([H:18])[H:19])([H:20])[H:21])([H:11])[C:2](=[O:1])[O:3][H:10])([H:12])[H:13])([H:14])[H:15])[H:17],3.0,9.0
3,-0.10465238095238096,AM1BCC,AmberTools,,,C,,4,[H:16][C:7]1([C:6]([C:5]([C:4]([C:9]([C:8]1([H:18])[H:19])([H:20])[H:21])([H:11])[C:2](=[O:1])[O:3][H:10])([H:12])[H:13])([H:14])[H:15])[H:17],3.0,9.0
4,-0.07435238095238095,AM1BCC,AmberTools,,,C,,5,[H:16][C:7]1([C:6]([C:5]([C:4]([C:9]([C:8]1([H:18])[H:19])([H:20])[H:21])([H:11])[C:2](=[O:1])[O:3][H:10])([H:12])[H:13])([H:14])[H:15])[H:17],3.0,9.0
5,-0.07635238095238095,AM1BCC,AmberTools,,,C,,6,[H:16][C:7]1([C:6]([C:5]([C:4]([C:9]([C:8]1([H:18])[H:19])([H:20])[H:21])([H:11])[C:2](=[O:1])[O:3][H:10])([H:12])[H:13])([H:14])[H:15])[H:17],3.0,9.0
6,-0.08035238095238095,AM1BCC,AmberTools,,,C,,7,[H:16][C:7]1([C:6]([C:5]([C:4]([C:9]([C:8]1([H:18])[H:19])([H:20])[H:21])([H:11])[C:2](=[O:1])[O:3][H:10])([H:12])[H:13])([H:14])[H:15])[H:17],3.0,9.0
7,-0.07635238095238095,AM1BCC,AmberTools,,,C,,8,[H:16][C:7]1([C:6]([C:5]([C:4]([C:9]([C:8]1([H:18])[H:19])([H:20])[H:21])([H:11])[C:2](=[O:1])[O:3][H:10])([H:12])[H:13])([H:14])[H:15])[H:17],3.0,9.0
8,-0.07435238095238095,AM1BCC,AmberTools,,,C,,9,[H:16][C:7]1([C:6]([C:5]([C:4]([C:9]([C:8]1([H:18])[H:19])([H:20])[H:21])([H:11])[C:2](=[O:1])[O:3][H:10])([H:12])[H:13])([H:14])[H:15])[H:17],3.0,9.0
9,0.442047619047619,AM1BCC,AmberTools,,,H,,10,[H:16][C:7]1([C:6]([C:5]([C:4]([C:9]([C:8]1([H:18])[H:19])([H:20])[H:21])([H:11])[C:2](=[O:1])[O:3][H:10])([H:12])[H:13])([H:14])[H:15])[H:17],3.0,9.0
10,0.08274761904761904,AM1BCC,AmberTools,,,H,,11,[H:16][C:7]1([C:6]([C:5]([C:4]([C:9]([C:8]1([H:18])[H:19])([H:20])[H:21])([H:11])[C:2](=[O:1])[O:3][H:10])([H:12])[H:13])([H:14])[H:15])[H:17],3.0,9.0
11,0.055247619047619045,AM1BCC,AmberTools,,,H,,12,[H:16][C:7]1([C:6]([C:5]([C:4]([C:9]([C:8]1([H:18])[H:19])([H:20])[H:21])([H:11])[C:2](=[O:1])[O:3][H:10])([H:12])[H:13])([H:14])[H:15])[H:17],3.0,9.0
12,0.055247619047619045,AM1BCC,AmberTools,,,H,,13,[H:16][C:7]1([C:6]([C:5]([C:4]([C:9]([C:8]1([H:18])[H:19])([H:20])[H:21])([H:11])[C:2](=[O:1])[O:3][H:10])([H:12])[H:13])([H:14])[H:15])[H:17],3.0,9.0
13,0.04424761904761905,AM1BCC,AmberTools,,,H,,14,[H:16][C:7]1([C:6]([C:5]([C:4]([C:9]([C:8]1([H:18])[H:19])([H:20])[H:21])([H:11])[C:2](=[O:1])[O:3][H:10])([H:12])[H:13])([H:14])[H:15])[H:17],3.0,9.0
14,0.04424761904761905,AM1BCC,AmberTools,,,H,,15,[H:16][C:7]1([C:6]([C:5]([C:4]([C:9]([C:8]1([H:18])[H:19])([H:20])[H:21])([H:11])[C:2](=[O:1])[O:3][H:10])([H:12])[H:13])([H:14])[H:15])[H:17],3.0,9.0
15,0.04424761904761905,AM1BCC,AmberTools,,,H,,16,[H:16][C:7]1([C:6]([C:5]([C:4]([C:9]([C:8]1([H:18])[H:19])([H:20])[H:21])([H:11])[C:2](=[O:1])[O:3][H:10])([H:12])[H:13])([H:14])[H:15])[H:17],3.0,9.0
16,0.04424761904761905,AM1BCC,AmberTools,,,H,,17,[H:16][C:7]1([C:6]([C:5]([C:4]([C:9]([C:8]1([H:18])[H:19])([H:20])[H:21])([H:11])[C:2](=[O:1])[O:3][H:10])([H:12])[H:13])([H:14])[H:15])[H:17],3.0,9.0
17,0.04424761904761905,AM1BCC,AmberTools,,,H,,18,[H:16][C:7]1([C:6]([C:5]([C:4]([C:9]([C:8]1([H:18])[H:19])([H:20])[H:21])([H:11])[C:2](=[O:1])[O:3][H:10])([H:12])[H:13])([H:14])[H:15])[H:17],3.0,9.0
18,0.04424761904761905,AM1BCC,AmberTools,,,H,,19,[H:16][C:7]1([C:6]([C:5]([C:4]([C:9]([C:8]1([H:18])[H:19])([H:20])[H:21])([H:11])[C:2](=[O:1])[O:3][H:10])([H:12])[H:13])([H:14])[H:15])[H:17],3.0,9.0
19,0.055247619047619045,AM1BCC,AmberTools,,,H,,20,[H:16][C:7]1([C:6]([C:5]([C:4]([C:9]([C:8]1([H:18])[H:19])([H:20])[H:21])([H:11])[C:2](=[O:1])[O:3][H:10])([H:12])[H:13])([H:14])[H:15])[H:17],3.0,9.0
20,0.055247619047619045,AM1BCC,AmberTools,,,H,,21,[H:16][C:7]1([C:6]([C:5]([C:4]([C:9]([C:8]1([H:18])[H:19])([H:20])[H:21])([H:11])[C:2](=[O:1])[O:3][H:10])([H:12])[H:13])([H:14])[H:15])[H:17],3.0,9.0
0,-0.5506899952888489,AM1BCC,OpenEye,,,O,,1,[H:16][C:7]1([C:6]([C:5]([C:4]([C:9]([C:8]1([H:18])[H:19])([H:20])[H:21])([H:11])[C:2](=[O:1])[O:3][H:10])([H:12])[H:13])([H:14])[H:15])[H:17],3.0,10.0
1,0.6329500079154968,AM1BCC,OpenEye,,,C,,2,[H:16][C:7]1([C:6]([C:5]([C:4]([C:9]([C:8]1([H:18])[H:19])([H:20])[H:21])([H:11])[C:2](=[O:1])[O:3][H:10])([H:12])[H:13])([H:14])[H:15])[H:17],3.0,10.0
2,-0.601140022277832,AM1BCC,OpenEye,,,O,,3,[H:16][C:7]1([C:6]([C:5]([C:4]([C:9]([C:8]1([H:18])[H:19])([H:20])[H:21])([H:11])[C:2](=[O:1])[O:3][H:10])([H:12])[H:13])([H:14])[H:15])[H:17],3.0,10.0
3,-0.10751000046730042,AM1BCC,OpenEye,,,C,,4,[H:16][C:7]1([C:6]([C:5]([C:4]([C:9]([C:8]1([H:18])[H:19])([H:20])[H:21])([H:11])[C:2](=[O:1])[O:3][H:10])([H:12])[H:13])([H:14])[H:15])[H:17],3.0,10.0
4,-0.07321000099182129,AM1BCC,OpenEye,,,C,,5,[H:16][C:7]1([C:6]([C:5]([C:4]([C:9]([C:8]1([H:18])[H:19])([H:20])[H:21])([H:11])[C:2](=[O:1])[O:3][H:10])([H:12])[H:13])([H:14])[H:15])[H:17],3.0,10.0
5,-0.07637999951839447,AM1BCC,OpenEye,,,C,,6,[H:16][C:7]1([C:6]([C:5]([C:4]([C:9]([C:8]1([H:18])[H:19])([H:20])[H:21])([H:11])[C:2](=[O:1])[O:3][H:10])([H:12])[H:13])([H:14])[H:15])[H:17],3.0,10.0
6,-0.08053000271320343,AM1BCC,OpenEye,,,C,,7,[H:16][C:7]1([C:6]([C:5]([C:4]([C:9]([C:8]1([H:18])[H:19])([H:20])[H:21])([H:11])[C:2](=[O:1])[O:3][H:10])([H:12])[H:13])([H:14])[H:15])[H:17],3.0,10.0
7,-0.07637999951839447,AM1BCC,OpenEye,,,C,,8,[H:16][C:7]1([C:6]([C:5]([C:4]([C:9]([C:8]1([H:18])[H:19])([H:20])[H:21])([H:11])[C:2](=[O:1])[O:3][H:10])([H:12])[H:13])([H:14])[H:15])[H:17],3.0,10.0
8,-0.07321000099182129,AM1BCC,OpenEye,,,C,,9,[H:16][C:7]1([C:6]([C:5]([C:4]([C:9]([C:8]1([H:18])[H:19])([H:20])[H:21])([H:11])[C:2](=[O:1])[O:3][H:10])([H:12])[H:13])([H:14])[H:15])[H:17],3.0,10.0
9,0.44159001111984253,AM1BCC,OpenEye,,,H,,10,[H:16][C:7]1([C:6]([C:5]([C:4]([C:9]([C:8]1([H:18])[H:19])([H:20])[H:21])([H:11])[C:2](=[O:1])[O:3][H:10])([H:12])[H:13])([H:14])[H:15])[H:17],3.0,10.0
10,0.0815500020980835,AM1BCC,OpenEye,,,H,,11,[H:16][C:7]1([C:6]([C:5]([C:4]([C:9]([C:8]1([H:18])[H:19])([H:20])[H:21])([H:11])[C:2](=[O:1])[O:3][H:10])([H:12])[H:13])([H:14])[H:15])[H:17],3.0,10.0
11,0.05559000000357628,AM1BCC,OpenEye,,,H,,12,[H:16][C:7]1([C:6]([C:5]([C:4]([C:9]([C:8]1([H:18])[H:19])([H:20])[H:21])([H:11])[C:2](=[O:1])[O:3][H:10])([H:12])[H:13])([H:14])[H:15])[H:17],3.0,10.0
12,0.05559000000357628,AM1BCC,OpenEye,,,H,,13,[H:16][C:7]1([C:6]([C:5]([C:4]([C:9]([C:8]1([H:18])[H:19])([H:20])[H:21])([H:11])[C:2](=[O:1])[O:3][H:10])([H:12])[H:13])([H:14])[H:15])[H:17],3.0,10.0
13,0.04357999935746193,AM1BCC,OpenEye,,,H,,14,[H:16][C:7]1([C:6]([C:5]([C:4]([C:9]([C:8]1([H:18])[H:19])([H:20])[H:21])([H:11])[C:2](=[O:1])[O:3][H:10])([H:12])[H:13])([H:14])[H:15])[H:17],3.0,10.0
14,0.04357999935746193,AM1BCC,OpenEye,,,H,,15,[H:16][C:7]1([C:6]([C:5]([C:4]([C:9]([C:8]1([H:18])[H:19])([H:20])[H:21])([H:11])[C:2](=[O:1])[O:3][H:10])([H:12])[H:13])([H:14])[H:15])[H:17],3.0,10.0
15,0.043140001595020294,AM1BCC,OpenEye,,,H,,16,[H:16][C:7]1([C:6]([C:5]([C:4]([C:9]([C:8]1([H:18])[H:19])([H:20])[H:21])([H:11])[C:2](=[O:1])[O:3][H:10])([H:12])[H:13])([H:14])[H:15])[H:17],3.0,10.0
16,0.043140001595020294,AM1BCC,OpenEye,,,H,,17,[H:16][C:7]1([C:6]([C:5]([C:4]([C:9]([C:8]1([H:18])[H:19])([H:20])[H:21])([H:11])[C:2](=[O:1])[O:3][H:10])([H:12])[H:13])([H:14])[H:15])[H:17],3.0,10.0
17,0.04357999935746193,AM1BCC,OpenEye,,,H,,18,[H:16][C:7]1([C:6]([C:5]([C:4]([C:9]([C:8]1([H:18])[H:19])([H:20])[H:21])([H:11])[C:2](=[O:1])[O:3][H:10])([H:12])[H:13])([H:14])[H:15])[H:17],3.0,10.0
18,0.04357999935746193,AM1BCC,OpenEye,,,H,,19,[H:16][C:7]1([C:6]([C:5]([C:4]([C:9]([C:8]1([H:18])[H:19])([H:20])[H:21])([H:11])[C:2](=[O:1])[O:3][H:10])([H:12])[H:13])([H:14])[H:15])[H:17],3.0,10.0
19,0.05559000000357628,AM1BCC,OpenEye,,,H,,20,[H:16][C:7]1([C:6]([C:5]([C:4]([C:9]([C:8]1([H:18])[H:19])([H:20])[H:21])([H:11])[C:2](=[O:1])[O:3][H:10])([H:12])[H:13])([H:14])[H:15])[H:17],3.0,10.0
20,0.05559000000357628,AM1BCC,OpenEye,,,H,,21,[H:16][C:7]1([C:6]([C:5]([C:4]([C:9]([C:8]1([H:18])[H:19])([H:20])[H:21])([H:11])[C:2](=[O:1])[O:3][H:10])([H:12])[H:13])([H:14])[H:15])[H:17],3.0,10.0
0,-0.550952380952381,AM1BCC,AmberTools,,,O,,1,[H:16][C:7]1([C:6]([C:5]([C:4]([C:9]([C:8]1([H:18])[H:19])([H:20])[H:21])([H:11])[C:2](=[O:1])[O:3][H:10])([H:12])[H:13])([H:14])[H:15])[H:17],3.0,10.0
1,0.6361476190476191,AM1BCC,AmberTools,,,C,,2,[H:16][C:7]1([C:6]([C:5]([C:4]([C:9]([C:8]1([H:18])[H:19])([H:20])[H:21])([H:11])[C:2](=[O:1])[O:3][H:10])([H:12])[H:13])([H:14])[H:15])[H:17],3.0,10.0
2,-0.6100523809523809,AM1BCC,AmberTools,,,O,,3,[H:16][C:7]1([C:6]([C:5]([C:4]([C:9]([C:8]1([H:18])[H:19])([H:20])[H:21])([H:11])[C:2](=[O:1])[O:3][H:10])([H:12])[H:13])([H:14])[H:15])[H:17],3.0,10.0
3,-0.10465238095238096,AM1BCC,AmberTools,,,C,,4,[H:16][C:7]1([C:6]([C:5]([C:4]([C:9]([C:8]1([H:18])[H:19])([H:20])[H:21])([H:11])[C:2](=[O:1])[O:3][H:10])([H:12])[H:13])([H:14])[H:15])[H:17],3.0,10.0
4,-0.07435238095238095,AM1BCC,AmberTools,,,C,,5,[H:16][C:7]1([C:6]([C:5]([C:4]([C:9]([C:8]1([H:18])[H:19])([H:20])[H:21])([H:11])[C:2](=[O:1])[O:3][H:10])([H:12])[H:13])([H:14])[H:15])[H:17],3.0,10.0
5,-0.07635238095238095,AM1BCC,AmberTools,,,C,,6,[H:16][C:7]1([C:6]([C:5]([C:4]([C:9]([C:8]1([H:18])[H:19])([H:20])[H:21])([H:11])[C:2](=[O:1])[O:3][H:10])([H:12])[H:13])([H:14])[H:15])[H:17],3.0,10.0
6,-0.08035238095238095,AM1BCC,AmberTools,,,C,,7,[H:16][C:7]1([C:6]([C:5]([C:4]([C:9]([C:8]1([H:18])[H:19])([H:20])[H:21])([H:11])[C:2](=[O:1])[O:3][H:10])([H:12])[H:13])([H:14])[H:15])[H:17],3.0,10.0
7,-0.07635238095238095,AM1BCC,AmberTools,,,C,,8,[H:16][C:7]1([C:6]([C:5]([C:4]([C:9]([C:8]1([H:18])[H:19])([H:20])[H:21])([H:11])[C:2](=[O:1])[O:3][H:10])([H:12])[H:13])([H:14])[H:15])[H:17],3.0,10.0
8,-0.07435238095238095,AM1BCC,AmberTools,,,C,,9,[H:16][C:7]1([C:6]([C:5]([C:4]([C:9]([C:8]1([H:18])[H:19])([H:20])[H:21])([H:11])[C:2](=[O:1])[O:3][H:10])([H:12])[H:13])([H:14])[H:15])[H:17],3.0,10.0
9,0.442047619047619,AM1BCC,AmberTools,,,H,,10,[H:16][C:7]1([C:6]([C:5]([C:4]([C:9]([C:8]1([H:18])[H:19])([H:20])[H:21])([H:11])[C:2](=[O:1])[O:3][H:10])([H:12])[H:13])([H:14])[H:15])[H:17],3.0,10.0
10,0.08274761904761904,AM1BCC,AmberTools,,,H,,11,[H:16][C:7]1([C:6]([C:5]([C:4]([C:9]([C:8]1([H:18])[H:19])([H:20])[H:21])([H:11])[C:2](=[O:1])[O:3][H:10])([H:12])[H:13])([H:14])[H:15])[H:17],3.0,10.0
11,0.055247619047619045,AM1BCC,AmberTools,,,H,,12,[H:16][C:7]1([C:6]([C:5]([C:4]([C:9]([C:8]1([H:18])[H:19])([H:20])[H:21])([H:11])[C:2](=[O:1])[O:3][H:10])([H:12])[H:13])([H:14])[H:15])[H:17],3.0,10.0
12,0.055247619047619045,AM1BCC,AmberTools,,,H,,13,[H:16][C:7]1([C:6]([C:5]([C:4]([C:9]([C:8]1([H:18])[H:19])([H:20])[H:21])([H:11])[C:2](=[O:1])[O:3][H:10])([H:12])[H:13])([H:14])[H:15])[H:17],3.0,10.0
13,0.04424761904761905,AM1BCC,AmberTools,,,H,,14,[H:16][C:7]1([C:6]([C:5]([C:4]([C:9]([C:8]1([H:18])[H:19])([H:20])[H:21])([H:11])[C:2](=[O:1])[O:3][H:10])([H:12])[H:13])([H:14])[H:15])[H:17],3.0,10.0
14,0.04424761904761905,AM1BCC,AmberTools,,,H,,15,[H:16][C:7]1([C:6]([C:5]([C:4]([C:9]([C:8]1([H:18])[H:19])([H:20])[H:21])([H:11])[C:2](=[O:1])[O:3][H:10])([H:12])[H:13])([H:14])[H:15])[H:17],3.0,10.0
15,0.04424761904761905,AM1BCC,AmberTools,,,H,,16,[H:16][C:7]1([C:6]([C:5]([C:4]([C:9]([C:8]1([H:18])[H:19])([H:20])[H:21])([H:11])[C:2](=[O:1])[O:3][H:10])([H:12])[H:13])([H:14])[H:15])[H:17],3.0,10.0
16,0.04424761904761905,AM1BCC,AmberTools,,,H,,17,[H:16][C:7]1([C:6]([C:5]([C:4]([C:9]([C:8]1([H:18])[H:19])([H:20])[H:21])([H:11])[C:2](=[O:1])[O:3][H:10])([H:12])[H:13])([H:14])[H:15])[H:17],3.0,10.0
17,0.04424761904761905,AM1BCC,AmberTools,,,H,,18,[H:16][C:7]1([C:6]([C:5]([C:4]([C:9]([C:8]1([H:18])[H:19])([H:20])[H:21])([H:11])[C:2](=[O:1])[O:3][H:10])([H:12])[H:13])([H:14])[H:15])[H:17],3.0,10.0
18,0.04424761904761905,AM1BCC,AmberTools,,,H,,19,[H:16][C:7]1([C:6]([C:5]([C:4]([C:9]([C:8]1([H:18])[H:19])([H:20])[H:21])([H:11])[C:2](=[O:1])[O:3][H:10])([H:12])[H:13])([H:14])[H:15])[H:17],3.0,10.0
19,0.055247619047619045,AM1BCC,AmberTools,,,H,,20,[H:16][C:7]1([C:6]([C:5]([C:4]([C:9]([C:8]1([H:18])[H:19])([H:20])[H:21])([H:11])[C:2](=[O:1])[O:3][H:10])([H:12])[H:13])([H:14])[H:15])[H:17],3.0,10.0
20,0.055247619047619045,AM1BCC,AmberTools,,,H,,21,[H:16][C:7]1([C:6]([C:5]([C:4]([C:9]([C:8]1([H:18])[H:19])([H:20])[H:21])([H:11])[C:2](=[O:1])[O:3][H:10])([H:12])[H:13])([H:14])[H:15])[H:17],3.0,10.0
0,-0.5506899952888489,AM1BCC,OpenEye,,,O,,1,[H:16][C:7]1([C:6]([C:5]([C:4]([C:9]([C:8]1([H:18])[H:19])([H:20])[H:21])([H:11])[C:2](=[O:1])[O:3][H:10])([H:12])[H:13])([H:14])[H:15])[H:17],3.0,11.0
1,0.6329500079154968,AM1BCC,OpenEye,,,C,,2,[H:16][C:7]1([C:6]([C:5]([C:4]([C:9]([C:8]1([H:18])[H:19])([H:20])[H:21])([H:11])[C:2](=[O:1])[O:3][H:10])([H:12])[H:13])([H:14])[H:15])[H:17],3.0,11.0
2,-0.601140022277832,AM1BCC,OpenEye,,,O,,3,[H:16][C:7]1([C:6]([C:5]([C:4]([C:9]([C:8]1([H:18])[H:19])([H:20])[H:21])([H:11])[C:2](=[O:1])[O:3][H:10])([H:12])[H:13])([H:14])[H:15])[H:17],3.0,11.0
3,-0.10751000046730042,AM1BCC,OpenEye,,,C,,4,[H:16][C:7]1([C:6]([C:5]([C:4]([C:9]([C:8]1([H:18])[H:19])([H:20])[H:21])([H:11])[C:2](=[O:1])[O:3][H:10])([H:12])[H:13])([H:14])[H:15])[H:17],3.0,11.0
4,-0.07321000099182129,AM1BCC,OpenEye,,,C,,5,[H:16][C:7]1([C:6]([C:5]([C:4]([C:9]([C:8]1([H:18])[H:19])([H:20])[H:21])([H:11])[C:2](=[O:1])[O:3][H:10])([H:12])[H:13])([H:14])[H:15])[H:17],3.0,11.0
5,-0.07637999951839447,AM1BCC,OpenEye,,,C,,6,[H:16][C:7]1([C:6]([C:5]([C:4]([C:9]([C:8]1([H:18])[H:19])([H:20])[H:21])([H:11])[C:2](=[O:1])[O:3][H:10])([H:12])[H:13])([H:14])[H:15])[H:17],3.0,11.0
6,-0.08053000271320343,AM1BCC,OpenEye,,,C,,7,[H:16][C:7]1([C:6]([C:5]([C:4]([C:9]([C:8]1([H:18])[H:19])([H:20])[H:21])([H:11])[C:2](=[O:1])[O:3][H:10])([H:12])[H:13])([H:14])[H:15])[H:17],3.0,11.0
7,-0.07637999951839447,AM1BCC,OpenEye,,,C,,8,[H:16][C:7]1([C:6]([C:5]([C:4]([C:9]([C:8]1([H:18])[H:19])([H:20])[H:21])([H:11])[C:2](=[O:1])[O:3][H:10])([H:12])[H:13])([H:14])[H:15])[H:17],3.0,11.0
8,-0.07321000099182129,AM1BCC,OpenEye,,,C,,9,[H:16][C:7]1([C:6]([C:5]([C:4]([C:9]([C:8]1([H:18])[H:19])([H:20])[H:21])([H:11])[C:2](=[O:1])[O:3][H:10])([H:12])[H:13])([H:14])[H:15])[H:17],3.0,11.0
9,0.44159001111984253,AM1BCC,OpenEye,,,H,,10,[H:16][C:7]1([C:6]([C:5]([C:4]([C:9]([C:8]1([H:18])[H:19])([H:20])[H:21])([H:11])[C:2](=[O:1])[O:3][H:10])([H:12])[H:13])([H:14])[H:15])[H:17],3.0,11.0
10,0.0815500020980835,AM1BCC,OpenEye,,,H,,11,[H:16][C:7]1([C:6]([C:5]([C:4]([C:9]([C:8]1([H:18])[H:19])([H:20])[H:21])([H:11])[C:2](=[O:1])[O:3][H:10])([H:12])[H:13])([H:14])[H:15])[H:17],3.0,11.0
11,0.05559000000357628,AM1BCC,OpenEye,,,H,,12,[H:16][C:7]1([C:6]([C:5]([C:4]([C:9]([C:8]1([H:18])[H:19])([H:20])[H:21])([H:11])[C:2](=[O:1])[O:3][H:10])([H:12])[H:13])([H:14])[H:15])[H:17],3.0,11.0
12,0.05559000000357628,AM1BCC,OpenEye,,,H,,13,[H:16][C:7]1([C:6]([C:5]([C:4]([C:9]([C:8]1([H:18])[H:19])([H:20])[H:21])([H:11])[C:2](=[O:1])[O:3][H:10])([H:12])[H:13])([H:14])[H:15])[H:17],3.0,11.0
13,0.04357999935746193,AM1BCC,OpenEye,,,H,,14,[H:16][C:7]1([C:6]([C:5]([C:4]([C:9]([C:8]1([H:18])[H:19])([H:20])[H:21])([H:11])[C:2](=[O:1])[O:3][H:10])([H:12])[H:13])([H:14])[H:15])[H:17],3.0,11.0
14,0.04357999935746193,AM1BCC,OpenEye,,,H,,15,[H:16][C:7]1([C:6]([C:5]([C:4]([C:9]([C:8]1([H:18])[H:19])([H:20])[H:21])([H:11])[C:2](=[O:1])[O:3][H:10])([H:12])[H:13])([H:14])[H:15])[H:17],3.0,11.0
15,0.043140001595020294,AM1BCC,OpenEye,,,H,,16,[H:16][C:7]1([C:6]([C:5]([C:4]([C:9]([C:8]1([H:18])[H:19])([H:20])[H:21])([H:11])[C:2](=[O:1])[O:3][H:10])([H:12])[H:13])([H:14])[H:15])[H:17],3.0,11.0
16,0.043140001595020294,AM1BCC,OpenEye,,,H,,17,[H:16][C:7]1([C:6]([C:5]([C:4]([C:9]([C:8]1([H:18])[H:19])([H:20])[H:21])([H:11])[C:2](=[O:1])[O:3][H:10])([H:12])[H:13])([H:14])[H:15])[H:17],3.0,11.0
17,0.04357999935746193,AM1BCC,OpenEye,,,H,,18,[H:16][C:7]1([C:6]([C:5]([C:4]([C:9]([C:8]1([H:18])[H:19])([H:20])[H:21])([H:11])[C:2](=[O:1])[O:3][H:10])([H:12])[H:13])([H:14])[H:15])[H:17],3.0,11.0
18,0.04357999935746193,AM1BCC,OpenEye,,,H,,19,[H:16][C:7]1([C:6]([C:5]([C:4]([C:9]([C:8]1([H:18])[H:19])([H:20])[H:21])([H:11])[C:2](=[O:1])[O:3][H:10])([H:12])[H:13])([H:14])[H:15])[H:17],3.0,11.0
19,0.05559000000357628,AM1BCC,OpenEye,,,H,,20,[H:16][C:7]1([C:6]([C:5]([C:4]([C:9]([C:8]1([H:18])[H:19])([H:20])[H:21])([H:11])[C:2](=[O:1])[O:3][H:10])([H:12])[H:13])([H:14])[H:15])[H:17],3.0,11.0
20,0.05559000000357628,AM1BCC,OpenEye,,,H,,21,[H:16][C:7]1([C:6]([C:5]([C:4]([C:9]([C:8]1([H:18])[H:19])([H:20])[H:21])([H:11])[C:2](=[O:1])[O:3][H:10])([H:12])[H:13])([H:14])[H:15])[H:17],3.0,11.0
0,-0.550952380952381,AM1BCC,AmberTools,,,O,,1,[H:16][C:7]1([C:6]([C:5]([C:4]([C:9]([C:8]1([H:18])[H:19])([H:20])[H:21])([H:11])[C:2](=[O:1])[O:3][H:10])([H:12])[H:13])([H:14])[H:15])[H:17],3.0,11.0
1,0.6361476190476191,AM1BCC,AmberTools,,,C,,2,[H:16][C:7]1([C:6]([C:5]([C:4]([C:9]([C:8]1([H:18])[H:19])([H:20])[H:21])([H:11])[C:2](=[O:1])[O:3][H:10])([H:12])[H:13])([H:14])[H:15])[H:17],3.0,11.0
2,-0.6100523809523809,AM1BCC,AmberTools,,,O,,3,[H:16][C:7]1([C:6]([C:5]([C:4]([C:9]([C:8]1([H:18])[H:19])([H:20])[H:21])([H:11])[C:2](=[O:1])[O:3][H:10])([H:12])[H:13])([H:14])[H:15])[H:17],3.0,11.0
3,-0.10465238095238096,AM1BCC,AmberTools,,,C,,4,[H:16][C:7]1([C:6]([C:5]([C:4]([C:9]([C:8]1([H:18])[H:19])([H:20])[H:21])([H:11])[C:2](=[O:1])[O:3][H:10])([H:12])[H:13])([H:14])[H:15])[H:17],3.0,11.0
4,-0.07435238095238095,AM1BCC,AmberTools,,,C,,5,[H:16][C:7]1([C:6]([C:5]([C:4]([C:9]([C:8]1([H:18])[H:19])([H:20])[H:21])([H:11])[C:2](=[O:1])[O:3][H:10])([H:12])[H:13])([H:14])[H:15])[H:17],3.0,11.0
5,-0.07635238095238095,AM1BCC,AmberTools,,,C,,6,[H:16][C:7]1([C:6]([C:5]([C:4]([C:9]([C:8]1([H:18])[H:19])([H:20])[H:21])([H:11])[C:2](=[O:1])[O:3][H:10])([H:12])[H:13])([H:14])[H:15])[H:17],3.0,11.0
6,-0.08035238095238095,AM1BCC,AmberTools,,,C,,7,[H:16][C:7]1([C:6]([C:5]([C:4]([C:9]([C:8]1([H:18])[H:19])([H:20])[H:21])([H:11])[C:2](=[O:1])[O:3][H:10])([H:12])[H:13])([H:14])[H:15])[H:17],3.0,11.0
7,-0.07635238095238095,AM1BCC,AmberTools,,,C,,8,[H:16][C:7]1([C:6]([C:5]([C:4]([C:9]([C:8]1([H:18])[H:19])([H:20])[H:21])([H:11])[C:2](=[O:1])[O:3][H:10])([H:12])[H:13])([H:14])[H:15])[H:17],3.0,11.0
8,-0.07435238095238095,AM1BCC,AmberTools,,,C,,9,[H:16][C:7]1([C:6]([C:5]([C:4]([C:9]([C:8]1([H:18])[H:19])([H:20])[H:21])([H:11])[C:2](=[O:1])[O:3][H:10])([H:12])[H:13])([H:14])[H:15])[H:17],3.0,11.0
9,0.442047619047619,AM1BCC,AmberTools,,,H,,10,[H:16][C:7]1([C:6]([C:5]([C:4]([C:9]([C:8]1([H:18])[H:19])([H:20])[H:21])([H:11])[C:2](=[O:1])[O:3][H:10])([H:12])[H:13])([H:14])[H:15])[H:17],3.0,11.0
10,0.08274761904761904,AM1BCC,AmberTools,,,H,,11,[H:16][C:7]1([C:6]([C:5]([C:4]([C:9]([C:8]1([H:18])[H:19])([H:20])[H:21])([H:11])[C:2](=[O:1])[O:3][H:10])([H:12])[H:13])([H:14])[H:15])[H:17],3.0,11.0
11,0.055247619047619045,AM1BCC,AmberTools,,,H,,12,[H:16][C:7]1([C:6]([C:5]([C:4]([C:9]([C:8]1([H:18])[H:19])([H:20])[H:21])([H:11])[C:2](=[O:1])[O:3][H:10])([H:12])[H:13])([H:14])[H:15])[H:17],3.0,11.0
12,0.055247619047619045,AM1BCC,AmberTools,,,H,,13,[H:16][C:7]1([C:6]([C:5]([C:4]([C:9]([C:8]1([H:18])[H:19])([H:20])[H:21])([H:11])[C:2](=[O:1])[O:3][H:10])([H:12])[H:13])([H:14])[H:15])[H:17],3.0,11.0
13,0.04424761904761905,AM1BCC,AmberTools,,,H,,14,[H:16][C:7]1([C:6]([C:5]([C:4]([C:9]([C:8]1([H:18])[H:19])([H:20])[H:21])([H:11])[C:2](=[O:1])[O:3][H:10])([H:12])[H:13])([H:14])[H:15])[H:17],3.0,11.0
14,0.04424761904761905,AM1BCC,AmberTools,,,H,,15,[H:16][C:7]1([C:6]([C:5]([C:4]([C:9]([C:8]1([H:18])[H:19])([H:20])[H:21])([H:11])[C:2](=[O:1])[O:3][H:10])([H:12])[H:13])([H:14])[H:15])[H:17],3.0,11.0
15,0.04424761904761905,AM1BCC,AmberTools,,,H,,16,[H:16][C:7]1([C:6]([C:5]([C:4]([C:9]([C:8]1([H:18])[H:19])([H:20])[H:21])([H:11])[C:2](=[O:1])[O:3][H:10])([H:12])[H:13])([H:14])[H:15])[H:17],3.0,11.0
16,0.04424761904761905,AM1BCC,AmberTools,,,H,,17,[H:16][C:7]1([C:6]([C:5]([C:4]([C:9]([C:8]1([H:18])[H:19])([H:20])[H:21])([H:11])[C:2](=[O:1])[O:3][H:10])([H:12])[H:13])([H:14])[H:15])[H:17],3.0,11.0
17,0.04424761904761905,AM1BCC,AmberTools,,,H,,18,[H:16][C:7]1([C:6]([C:5]([C:4]([C:9]([C:8]1([H:18])[H:19])([H:20])[H:21])([H:11])[C:2](=[O:1])[O:3][H:10])([H:12])[H:13])([H:14])[H:15])[H:17],3.0,11.0
18,0.04424761904761905,AM1BCC,AmberTools,,,H,,19,[H:16][C:7]1([C:6]([C:5]([C:4]([C:9]([C:8]1([H:18])[H:19])([H:20])[H:21])([H:11])[C:2](=[O:1])[O:3][H:10])([H:12])[H:13])([H:14])[H:15])[H:17],3.0,11.0
19,0.055247619047619045,AM1BCC,AmberTools,,,H,,20,[H:16][C:7]1([C:6]([C:5]([C:4]([C:9]([C:8]1([H:18])[H:19])([H:20])[H:21])([H:11])[C:2](=[O:1])[O:3][H:10])([H:12])[H:13])([H:14])[H:15])[H:17],3.0,11.0
20,0.055247619047619045,AM1BCC,AmberTools,,,H,,21,[H:16][C:7]1([C:6]([C:5]([C:4]([C:9]([C:8]1([H:18])[H:19])([H:20])[H:21])([H:11])[C:2](=[O:1])[O:3][H:10])([H:12])[H:13])([H:14])[H:15])[H:17],3.0,11.0
0,-0.5506899952888489,AM1BCC,OpenEye,,,O,,1,[H:16][C:7]1([C:6]([C:5]([C:4]([C:9]([C:8]1([H:18])[H:19])([H:20])[H:21])([H:11])[C:2](=[O:1])[O:3][H:10])([H:12])[H:13])([H:14])[H:15])[H:17],3.0,12.0
1,0.6329500079154968,AM1BCC,OpenEye,,,C,,2,[H:16][C:7]1([C:6]([C:5]([C:4]([C:9]([C:8]1([H:18])[H:19])([H:20])[H:21])([H:11])[C:2](=[O:1])[O:3][H:10])([H:12])[H:13])([H:14])[H:15])[H:17],3.0,12.0
2,-0.601140022277832,AM1BCC,OpenEye,,,O,,3,[H:16][C:7]1([C:6]([C:5]([C:4]([C:9]([C:8]1([H:18])[H:19])([H:20])[H:21])([H:11])[C:2](=[O:1])[O:3][H:10])([H:12])[H:13])([H:14])[H:15])[H:17],3.0,12.0
3,-0.10751000046730042,AM1BCC,OpenEye,,,C,,4,[H:16][C:7]1([C:6]([C:5]([C:4]([C:9]([C:8]1([H:18])[H:19])([H:20])[H:21])([H:11])[C:2](=[O:1])[O:3][H:10])([H:12])[H:13])([H:14])[H:15])[H:17],3.0,12.0
4,-0.07321000099182129,AM1BCC,OpenEye,,,C,,5,[H:16][C:7]1([C:6]([C:5]([C:4]([C:9]([C:8]1([H:18])[H:19])([H:20])[H:21])([H:11])[C:2](=[O:1])[O:3][H:10])([H:12])[H:13])([H:14])[H:15])[H:17],3.0,12.0
5,-0.07637999951839447,AM1BCC,OpenEye,,,C,,6,[H:16][C:7]1([C:6]([C:5]([C:4]([C:9]([C:8]1([H:18])[H:19])([H:20])[H:21])([H:11])[C:2](=[O:1])[O:3][H:10])([H:12])[H:13])([H:14])[H:15])[H:17],3.0,12.0
6,-0.08053000271320343,AM1BCC,OpenEye,,,C,,7,[H:16][C:7]1([C:6]([C:5]([C:4]([C:9]([C:8]1([H:18])[H:19])([H:20])[H:21])([H:11])[C:2](=[O:1])[O:3][H:10])([H:12])[H:13])([H:14])[H:15])[H:17],3.0,12.0
7,-0.07637999951839447,AM1BCC,OpenEye,,,C,,8,[H:16][C:7]1([C:6]([C:5]([C:4]([C:9]([C:8]1([H:18])[H:19])([H:20])[H:21])([H:11])[C:2](=[O:1])[O:3][H:10])([H:12])[H:13])([H:14])[H:15])[H:17],3.0,12.0
8,-0.07321000099182129,AM1BCC,OpenEye,,,C,,9,[H:16][C:7]1([C:6]([C:5]([C:4]([C:9]([C:8]1([H:18])[H:19])([H:20])[H:21])([H:11])[C:2](=[O:1])[O:3][H:10])([H:12])[H:13])([H:14])[H:15])[H:17],3.0,12.0
9,0.44159001111984253,AM1BCC,OpenEye,,,H,,10,[H:16][C:7]1([C:6]([C:5]([C:4]([C:9]([C:8]1([H:18])[H:19])([H:20])[H:21])([H:11])[C:2](=[O:1])[O:3][H:10])([H:12])[H:13])([H:14])[H:15])[H:17],3.0,12.0
10,0.0815500020980835,AM1BCC,OpenEye,,,H,,11,[H:16][C:7]1([C:6]([C:5]([C:4]([C:9]([C:8]1([H:18])[H:19])([H:20])[H:21])([H:11])[C:2](=[O:1])[O:3][H:10])([H:12])[H:13])([H:14])[H:15])[H:17],3.0,12.0
11,0.05559000000357628,AM1BCC,OpenEye,,,H,,12,[H:16][C:7]1([C:6]([C:5]([C:4]([C:9]([C:8]1([H:18])[H:19])([H:20])[H:21])([H:11])[C:2](=[O:1])[O:3][H:10])([H:12])[H:13])([H:14])[H:15])[H:17],3.0,12.0
12,0.05559000000357628,AM1BCC,OpenEye,,,H,,13,[H:16][C:7]1([C:6]([C:5]([C:4]([C:9]([C:8]1([H:18])[H:19])([H:20])[H:21])([H:11])[C:2](=[O:1])[O:3][H:10])([H:12])[H:13])([H:14])[H:15])[H:17],3.0,12.0
13,0.04357999935746193,AM1BCC,OpenEye,,,H,,14,[H:16][C:7]1([C:6]([C:5]([C:4]([C:9]([C:8]1([H:18])[H:19])([H:20])[H:21])([H:11])[C:2](=[O:1])[O:3][H:10])([H:12])[H:13])([H:14])[H:15])[H:17],3.0,12.0
14,0.04357999935746193,AM1BCC,OpenEye,,,H,,15,[H:16][C:7]1([C:6]([C:5]([C:4]([C:9]([C:8]1([H:18])[H:19])([H:20])[H:21])([H:11])[C:2](=[O:1])[O:3][H:10])([H:12])[H:13])([H:14])[H:15])[H:17],3.0,12.0
15,0.043140001595020294,AM1BCC,OpenEye,,,H,,16,[H:16][C:7]1([C:6]([C:5]([C:4]([C:9]([C:8]1([H:18])[H:19])([H:20])[H:21])([H:11])[C:2](=[O:1])[O:3][H:10])([H:12])[H:13])([H:14])[H:15])[H:17],3.0,12.0
16,0.043140001595020294,AM1BCC,OpenEye,,,H,,17,[H:16][C:7]1([C:6]([C:5]([C:4]([C:9]([C:8]1([H:18])[H:19])([H:20])[H:21])([H:11])[C:2](=[O:1])[O:3][H:10])([H:12])[H:13])([H:14])[H:15])[H:17],3.0,12.0
17,0.04357999935746193,AM1BCC,OpenEye,,,H,,18,[H:16][C:7]1([C:6]([C:5]([C:4]([C:9]([C:8]1([H:18])[H:19])([H:20])[H:21])([H:11])[C:2](=[O:1])[O:3][H:10])([H:12])[H:13])([H:14])[H:15])[H:17],3.0,12.0
18,0.04357999935746193,AM1BCC,OpenEye,,,H,,19,[H:16][C:7]1([C:6]([C:5]([C:4]([C:9]([C:8]1([H:18])[H:19])([H:20])[H:21])([H:11])[C:2](=[O:1])[O:3][H:10])([H:12])[H:13])([H:14])[H:15])[H:17],3.0,12.0
19,0.05559000000357628,AM1BCC,OpenEye,,,H,,20,[H:16][C:7]1([C:6]([C:5]([C:4]([C:9]([C:8]1([H:18])[H:19])([H:20])[H:21])([H:11])[C:2](=[O:1])[O:3][H:10])([H:12])[H:13])([H:14])[H:15])[H:17],3.0,12.0
20,0.05559000000357628,AM1BCC,OpenEye,,,H,,21,[H:16][C:7]1([C:6]([C:5]([C:4]([C:9]([C:8]1([H:18])[H:19])([H:20])[H:21])([H:11])[C:2](=[O:1])[O:3][H:10])([H:12])[H:13])([H:14])[H:15])[H:17],3.0,12.0
0,-0.550952380952381,AM1BCC,AmberTools,,,O,,1,[H:16][C:7]1([C:6]([C:5]([C:4]([C:9]([C:8]1([H:18])[H:19])([H:20])[H:21])([H:11])[C:2](=[O:1])[O:3][H:10])([H:12])[H:13])([H:14])[H:15])[H:17],3.0,12.0
1,0.6361476190476191,AM1BCC,AmberTools,,,C,,2,[H:16][C:7]1([C:6]([C:5]([C:4]([C:9]([C:8]1([H:18])[H:19])([H:20])[H:21])([H:11])[C:2](=[O:1])[O:3][H:10])([H:12])[H:13])([H:14])[H:15])[H:17],3.0,12.0
2,-0.6100523809523809,AM1BCC,AmberTools,,,O,,3,[H:16][C:7]1([C:6]([C:5]([C:4]([C:9]([C:8]1([H:18])[H:19])([H:20])[H:21])([H:11])[C:2](=[O:1])[O:3][H:10])([H:12])[H:13])([H:14])[H:15])[H:17],3.0,12.0
3,-0.10465238095238096,AM1BCC,AmberTools,,,C,,4,[H:16][C:7]1([C:6]([C:5]([C:4]([C:9]([C:8]1([H:18])[H:19])([H:20])[H:21])([H:11])[C:2](=[O:1])[O:3][H:10])([H:12])[H:13])([H:14])[H:15])[H:17],3.0,12.0
4,-0.07435238095238095,AM1BCC,AmberTools,,,C,,5,[H:16][C:7]1([C:6]([C:5]([C:4]([C:9]([C:8]1([H:18])[H:19])([H:20])[H:21])([H:11])[C:2](=[O:1])[O:3][H:10])([H:12])[H:13])([H:14])[H:15])[H:17],3.0,12.0
5,-0.07635238095238095,AM1BCC,AmberTools,,,C,,6,[H:16][C:7]1([C:6]([C:5]([C:4]([C:9]([C:8]1([H:18])[H:19])([H:20])[H:21])([H:11])[C:2](=[O:1])[O:3][H:10])([H:12])[H:13])([H:14])[H:15])[H:17],3.0,12.0
6,-0.08035238095238095,AM1BCC,AmberTools,,,C,,7,[H:16][C:7]1([C:6]([C:5]([C:4]([C:9]([C:8]1([H:18])[H:19])([H:20])[H:21])([H:11])[C:2](=[O:1])[O:3][H:10])([H:12])[H:13])([H:14])[H:15])[H:17],3.0,12.0
7,-0.07635238095238095,AM1BCC,AmberTools,,,C,,8,[H:16][C:7]1([C:6]([C:5]([C:4]([C:9]([C:8]1([H:18])[H:19])([H:20])[H:21])([H:11])[C:2](=[O:1])[O:3][H:10])([H:12])[H:13])([H:14])[H:15])[H:17],3.0,12.0
8,-0.07435238095238095,AM1BCC,AmberTools,,,C,,9,[H:16][C:7]1([C:6]([C:5]([C:4]([C:9]([C:8]1([H:18])[H:19])([H:20])[H:21])([H:11])[C:2](=[O:1])[O:3][H:10])([H:12])[H:13])([H:14])[H:15])[H:17],3.0,12.0
9,0.442047619047619,AM1BCC,AmberTools,,,H,,10,[H:16][C:7]1([C:6]([C:5]([C:4]([C:9]([C:8]1([H:18])[H:19])([H:20])[H:21])([H:11])[C:2](=[O:1])[O:3][H:10])([H:12])[H:13])([H:14])[H:15])[H:17],3.0,12.0
10,0.08274761904761904,AM1BCC,AmberTools,,,H,,11,[H:16][C:7]1([C:6]([C:5]([C:4]([C:9]([C:8]1([H:18])[H:19])([H:20])[H:21])([H:11])[C:2](=[O:1])[O:3][H:10])([H:12])[H:13])([H:14])[H:15])[H:17],3.0,12.0
11,0.055247619047619045,AM1BCC,AmberTools,,,H,,12,[H:16][C:7]1([C:6]([C:5]([C:4]([C:9]([C:8]1([H:18])[H:19])([H:20])[H:21])([H:11])[C:2](=[O:1])[O:3][H:10])([H:12])[H:13])([H:14])[H:15])[H:17],3.0,12.0
12,0.055247619047619045,AM1BCC,AmberTools,,,H,,13,[H:16][C:7]1([C:6]([C:5]([C:4]([C:9]([C:8]1([H:18])[H:19])([H:20])[H:21])([H:11])[C:2](=[O:1])[O:3][H:10])([H:12])[H:13])([H:14])[H:15])[H:17],3.0,12.0
13,0.04424761904761905,AM1BCC,AmberTools,,,H,,14,[H:16][C:7]1([C:6]([C:5]([C:4]([C:9]([C:8]1([H:18])[H:19])([H:20])[H:21])([H:11])[C:2](=[O:1])[O:3][H:10])([H:12])[H:13])([H:14])[H:15])[H:17],3.0,12.0
14,0.04424761904761905,AM1BCC,AmberTools,,,H,,15,[H:16][C:7]1([C:6]([C:5]([C:4]([C:9]([C:8]1([H:18])[H:19])([H:20])[H:21])([H:11])[C:2](=[O:1])[O:3][H:10])([H:12])[H:13])([H:14])[H:15])[H:17],3.0,12.0
15,0.04424761904761905,AM1BCC,AmberTools,,,H,,16,[H:16][C:7]1([C:6]([C:5]([C:4]([C:9]([C:8]1([H:18])[H:19])([H:20])[H:21])([H:11])[C:2](=[O:1])[O:3][H:10])([H:12])[H:13])([H:14])[H:15])[H:17],3.0,12.0
16,0.04424761904761905,AM1BCC,AmberTools,,,H,,17,[H:16][C:7]1([C:6]([C:5]([C:4]([C:9]([C:8]1([H:18])[H:19])([H:20])[H:21])([H:11])[C:2](=[O:1])[O:3][H:10])([H:12])[H:13])([H:14])[H:15])[H:17],3.0,12.0
17,0.04424761904761905,AM1BCC,AmberTools,,,H,,18,[H:16][C:7]1([C:6]([C:5]([C:4]([C:9]([C:8]1([H:18])[H:19])([H:20])[H:21])([H:11])[C:2](=[O:1])[O:3][H:10])([H:12])[H:13])([H:14])[H:15])[H:17],3.0,12.0
18,0.04424761904761905,AM1BCC,AmberTools,,,H,,19,[H:16][C:7]1([C:6]([C:5]([C:4]([C:9]([C:8]1([H:18])[H:19])([H:20])[H:21])([H:11])[C:2](=[O:1])[O:3][H:10])([H:12])[H:13])([H:14])[H:15])[H:17],3.0,12.0
19,0.055247619047619045,AM1BCC,AmberTools,,,H,,20,[H:16][C:7]1([C:6]([C:5]([C:4]([C:9]([C:8]1([H:18])[H:19])([H:20])[H:21])([H:11])[C:2](=[O:1])[O:3][H:10])([H:12])[H:13])([H:14])[H:15])[H:17],3.0,12.0
20,0.055247619047619045,AM1BCC,AmberTools,,,H,,21,[H:16][C:7]1([C:6]([C:5]([C:4]([C:9]([C:8]1([H:18])[H:19])([H:20])[H:21])([H:11])[C:2](=[O:1])[O:3][H:10])([H:12])[H:13])([H:14])[H:15])[H:17],3.0,12.0
0,-0.5523499864197913,AM1BCC,OpenEye,,,O,,1,[H:16][C:7]1([C:6]([C:5]([C:4]([C:9]([C:8]1([H:18])[H:19])([H:20])[H:21])([H:11])[C:2](=[O:1])[O:3][H:10])([H:12])[H:13])([H:14])[H:15])[H:17],4.0,1.0
1,0.6324599963568506,AM1BCC,OpenEye,,,C,,2,[H:16][C:7]1([C:6]([C:5]([C:4]([C:9]([C:8]1([H:18])[H:19])([H:20])[H:21])([H:11])[C:2](=[O:1])[O:3][H:10])([H:12])[H:13])([H:14])[H:15])[H:17],4.0,1.0
2,-0.601650001392478,AM1BCC,OpenEye,,,O,,3,[H:16][C:7]1([C:6]([C:5]([C:4]([C:9]([C:8]1([H:18])[H:19])([H:20])[H:21])([H:11])[C:2](=[O:1])[O:3][H:10])([H:12])[H:13])([H:14])[H:15])[H:17],4.0,1.0
3,-0.10548000215064912,AM1BCC,OpenEye,,,C,,4,[H:16][C:7]1([C:6]([C:5]([C:4]([C:9]([C:8]1([H:18])[H:19])([H:20])[H:21])([H:11])[C:2](=[O:1])[O:3][H:10])([H:12])[H:13])([H:14])[H:15])[H:17],4.0,1.0
4,-0.07077000467550187,AM1BCC,OpenEye,,,C,,5,[H:16][C:7]1([C:6]([C:5]([C:4]([C:9]([C:8]1([H:18])[H:19])([H:20])[H:21])([H:11])[C:2](=[O:1])[O:3][H:10])([H:12])[H:13])([H:14])[H:15])[H:17],4.0,1.0
5,-0.07672000108730226,AM1BCC,OpenEye,,,C,,6,[H:16][C:7]1([C:6]([C:5]([C:4]([C:9]([C:8]1([H:18])[H:19])([H:20])[H:21])([H:11])[C:2](=[O:1])[O:3][H:10])([H:12])[H:13])([H:14])[H:15])[H:17],4.0,1.0
6,-0.0801799985624495,AM1BCC,OpenEye,,,C,,7,[H:16][C:7]1([C:6]([C:5]([C:4]([C:9]([C:8]1([H:18])[H:19])([H:20])[H:21])([H:11])[C:2](=[O:1])[O:3][H:10])([H:12])[H:13])([H:14])[H:15])[H:17],4.0,1.0
7,-0.07672000108730226,AM1BCC,OpenEye,,,C,,8,[H:16][C:7]1([C:6]([C:5]([C:4]([C:9]([C:8]1([H:18])[H:19])([H:20])[H:21])([H:11])[C:2](=[O:1])[O:3][H:10])([H:12])[H:13])([H:14])[H:15])[H:17],4.0,1.0
8,-0.07077000467550187,AM1BCC,OpenEye,,,C,,9,[H:16][C:7]1([C:6]([C:5]([C:4]([C:9]([C:8]1([H:18])[H:19])([H:20])[H:21])([H:11])[C:2](=[O:1])[O:3][H:10])([H:12])[H:13])([H:14])[H:15])[H:17],4.0,1.0
9,0.4424900096796808,AM1BCC,OpenEye,,,H,,10,[H:16][C:7]1([C:6]([C:5]([C:4]([C:9]([C:8]1([H:18])[H:19])([H:20])[H:21])([H:11])[C:2](=[O:1])[O:3][H:10])([H:12])[H:13])([H:14])[H:15])[H:17],4.0,1.0
10,0.07878999979723067,AM1BCC,OpenEye,,,H,,11,[H:16][C:7]1([C:6]([C:5]([C:4]([C:9]([C:8]1([H:18])[H:19])([H:20])[H:21])([H:11])[C:2](=[O:1])[O:3][H:10])([H:12])[H:13])([H:14])[H:15])[H:17],4.0,1.0
11,0.05422999904978843,AM1BCC,OpenEye,,,H,,12,[H:16][C:7]1([C:6]([C:5]([C:4]([C:9]([C:8]1([H:18])[H:19])([H:20])[H:21])([H:11])[C:2](=[O:1])[O:3][H:10])([H:12])[H:13])([H:14])[H:15])[H:17],4.0,1.0
12,0.05422999904978843,AM1BCC,OpenEye,,,H,,13,[H:16][C:7]1([C:6]([C:5]([C:4]([C:9]([C:8]1([H:18])[H:19])([H:20])[H:21])([H:11])[C:2](=[O:1])[O:3][H:10])([H:12])[H:13])([H:14])[H:15])[H:17],4.0,1.0
13,0.04578999997604461,AM1BCC,OpenEye,,,H,,14,[H:16][C:7]1([C:6]([C:5]([C:4]([C:9]([C:8]1([H:18])[H:19])([H:20])[H:21])([H:11])[C:2](=[O:1])[O:3][H:10])([H:12])[H:13])([H:14])[H:15])[H:17],4.0,1.0
14,0.04578999997604461,AM1BCC,OpenEye,,,H,,15,[H:16][C:7]1([C:6]([C:5]([C:4]([C:9]([C:8]1([H:18])[H:19])([H:20])[H:21])([H:11])[C:2](=[O:1])[O:3][H:10])([H:12])[H:13])([H:14])[H:15])[H:17],4.0,1.0
15,0.04040999905694099,AM1BCC,OpenEye,,,H,,16,[H:16][C:7]1([C:6]([C:5]([C:4]([C:9]([C:8]1([H:18])[H:19])([H:20])[H:21])([H:11])[C:2](=[O:1])[O:3][H:10])([H:12])[H:13])([H:14])[H:15])[H:17],4.0,1.0
16,0.04040999905694099,AM1BCC,OpenEye,,,H,,17,[H:16][C:7]1([C:6]([C:5]([C:4]([C:9]([C:8]1([H:18])[H:19])([H:20])[H:21])([H:11])[C:2](=[O:1])[O:3][H:10])([H:12])[H:13])([H:14])[H:15])[H:17],4.0,1.0
17,0.04578999997604461,AM1BCC,OpenEye,,,H,,18,[H:16][C:7]1([C:6]([C:5]([C:4]([C:9]([C:8]1([H:18])[H:19])([H:20])[H:21])([H:11])[C:2](=[O:1])[O:3][H:10])([H:12])[H:13])([H:14])[H:15])[H:17],4.0,1.0
18,0.04578999997604461,AM1BCC,OpenEye,,,H,,19,[H:16][C:7]1([C:6]([C:5]([C:4]([C:9]([C:8]1([H:18])[H:19])([H:20])[H:21])([H:11])[C:2](=[O:1])[O:3][H:10])([H:12])[H:13])([H:14])[H:15])[H:17],4.0,1.0
19,0.05422999904978843,AM1BCC,OpenEye,,,H,,20,[H:16][C:7]1([C:6]([C:5]([C:4]([C:9]([C:8]1([H:18])[H:19])([H:20])[H:21])([H:11])[C:2](=[O:1])[O:3][H:10])([H:12])[H:13])([H:14])[H:15])[H:17],4.0,1.0
20,0.05422999904978843,AM1BCC,OpenEye,,,H,,21,[H:16][C:7]1([C:6]([C:5]([C:4]([C:9]([C:8]1([H:18])[H:19])([H:20])[H:21])([H:11])[C:2](=[O:1])[O:3][H:10])([H:12])[H:13])([H:14])[H:15])[H:17],4.0,1.0
0,-0.5510476190476191,AM1BCC,AmberTools,,,O,,1,[H:16][C:7]1([C:6]([C:5]([C:4]([C:9]([C:8]1([H:18])[H:19])([H:20])[H:21])([H:11])[C:2](=[O:1])[O:3][H:10])([H:12])[H:13])([H:14])[H:15])[H:17],4.0,1.0
1,0.6350523809523809,AM1BCC,AmberTools,,,C,,2,[H:16][C:7]1([C:6]([C:5]([C:4]([C:9]([C:8]1([H:18])[H:19])([H:20])[H:21])([H:11])[C:2](=[O:1])[O:3][H:10])([H:12])[H:13])([H:14])[H:15])[H:17],4.0,1.0
2,-0.612147619047619,AM1BCC,AmberTools,,,O,,3,[H:16][C:7]1([C:6]([C:5]([C:4]([C:9]([C:8]1([H:18])[H:19])([H:20])[H:21])([H:11])[C:2](=[O:1])[O:3][H:10])([H:12])[H:13])([H:14])[H:15])[H:17],4.0,1.0
3,-0.10174761904761905,AM1BCC,AmberTools,,,C,,4,[H:16][C:7]1([C:6]([C:5]([C:4]([C:9]([C:8]1([H:18])[H:19])([H:20])[H:21])([H:11])[C:2](=[O:1])[O:3][H:10])([H:12])[H:13])([H:14])[H:15])[H:17],4.0,1.0
4,-0.07244761904761905,AM1BCC,AmberTools,,,C,,5,[H:16][C:7]1([C:6]([C:5]([C:4]([C:9]([C:8]1([H:18])[H:19])([H:20])[H:21])([H:11])[C:2](=[O:1])[O:3][H:10])([H:12])[H:13])([H:14])[H:15])[H:17],4.0,1.0
5,-0.07544761904761904,AM1BCC,AmberTools,,,C,,6,[H:16][C:7]1([C:6]([C:5]([C:4]([C:9]([C:8]1([H:18])[H:19])([H:20])[H:21])([H:11])[C:2](=[O:1])[O:3][H:10])([H:12])[H:13])([H:14])[H:15])[H:17],4.0,1.0
6,-0.07944761904761904,AM1BCC,AmberTools,,,C,,7,[H:16][C:7]1([C:6]([C:5]([C:4]([C:9]([C:8]1([H:18])[H:19])([H:20])[H:21])([H:11])[C:2](=[O:1])[O:3][H:10])([H:12])[H:13])([H:14])[H:15])[H:17],4.0,1.0
7,-0.07544761904761904,AM1BCC,AmberTools,,,C,,8,[H:16][C:7]1([C:6]([C:5]([C:4]([C:9]([C:8]1([H:18])[H:19])([H:20])[H:21])([H:11])[C:2](=[O:1])[O:3][H:10])([H:12])[H:13])([H:14])[H:15])[H:17],4.0,1.0
8,-0.07244761904761905,AM1BCC,AmberTools,,,C,,9,[H:16][C:7]1([C:6]([C:5]([C:4]([C:9]([C:8]1([H:18])[H:19])([H:20])[H:21])([H:11])[C:2](=[O:1])[O:3][H:10])([H:12])[H:13])([H:14])[H:15])[H:17],4.0,1.0
9,0.442952380952381,AM1BCC,AmberTools,,,H,,10,[H:16][C:7]1([C:6]([C:5]([C:4]([C:9]([C:8]1([H:18])[H:19])([H:20])[H:21])([H:11])[C:2](=[O:1])[O:3][H:10])([H:12])[H:13])([H:14])[H:15])[H:17],4.0,1.0
10,0.07965238095238095,AM1BCC,AmberTools,,,H,,11,[H:16][C:7]1([C:6]([C:5]([C:4]([C:9]([C:8]1([H:18])[H:19])([H:20])[H:21])([H:11])[C:2](=[O:1])[O:3][H:10])([H:12])[H:13])([H:14])[H:15])[H:17],4.0,1.0
11,0.056152380952380954,AM1BCC,AmberTools,,,H,,12,[H:16][C:7]1([C:6]([C:5]([C:4]([C:9]([C:8]1([H:18])[H:19])([H:20])[H:21])([H:11])[C:2](=[O:1])[O:3][H:10])([H:12])[H:13])([H:14])[H:15])[H:17],4.0,1.0
12,0.056152380952380954,AM1BCC,AmberTools,,,H,,13,[H:16][C:7]1([C:6]([C:5]([C:4]([C:9]([C:8]1([H:18])[H:19])([H:20])[H:21])([H:11])[C:2](=[O:1])[O:3][H:10])([H:12])[H:13])([H:14])[H:15])[H:17],4.0,1.0
13,0.04440238095238096,AM1BCC,AmberTools,,,H,,14,[H:16][C:7]1([C:6]([C:5]([C:4]([C:9]([C:8]1([H:18])[H:19])([H:20])[H:21])([H:11])[C:2](=[O:1])[O:3][H:10])([H:12])[H:13])([H:14])[H:15])[H:17],4.0,1.0
14,0.04440238095238096,AM1BCC,AmberTools,,,H,,15,[H:16][C:7]1([C:6]([C:5]([C:4]([C:9]([C:8]1([H:18])[H:19])([H:20])[H:21])([H:11])[C:2](=[O:1])[O:3][H:10])([H:12])[H:13])([H:14])[H:15])[H:17],4.0,1.0
15,0.04015238095238095,AM1BCC,AmberTools,,,H,,16,[H:16][C:7]1([C:6]([C:5]([C:4]([C:9]([C:8]1([H:18])[H:19])([H:20])[H:21])([H:11])[C:2](=[O:1])[O:3][H:10])([H:12])[H:13])([H:14])[H:15])[H:17],4.0,1.0
16,0.04015238095238095,AM1BCC,AmberTools,,,H,,17,[H:16][C:7]1([C:6]([C:5]([C:4]([C:9]([C:8]1([H:18])[H:19])([H:20])[H:21])([H:11])[C:2](=[O:1])[O:3][H:10])([H:12])[H:13])([H:14])[H:15])[H:17],4.0,1.0
17,0.04440238095238096,AM1BCC,AmberTools,,,H,,18,[H:16][C:7]1([C:6]([C:5]([C:4]([C:9]([C:8]1([H:18])[H:19])([H:20])[H:21])([H:11])[C:2](=[O:1])[O:3][H:10])([H:12])[H:13])([H:14])[H:15])[H:17],4.0,1.0
18,0.04440238095238096,AM1BCC,AmberTools,,,H,,19,[H:16][C:7]1([C:6]([C:5]([C:4]([C:9]([C:8]1([H:18])[H:19])([H:20])[H:21])([H:11])[C:2](=[O:1])[O:3][H:10])([H:12])[H:13])([H:14])[H:15])[H:17],4.0,1.0
19,0.056152380952380954,AM1BCC,AmberTools,,,H,,20,[H:16][C:7]1([C:6]([C:5]([C:4]([C:9]([C:8]1([H:18])[H:19])([H:20])[H:21])([H:11])[C:2](=[O:1])[O:3][H:10])([H:12])[H:13])([H:14])[H:15])[H:17],4.0,1.0
20,0.056152380952380954,AM1BCC,AmberTools,,,H,,21,[H:16][C:7]1([C:6]([C:5]([C:4]([C:9]([C:8]1([H:18])[H:19])([H:20])[H:21])([H:11])[C:2](=[O:1])[O:3][H:10])([H:12])[H:13])([H:14])[H:15])[H:17],4.0,1.0
0,-0.5523499864197913,AM1BCC,OpenEye,,,O,,1,[H:16][C:7]1([C:6]([C:5]([C:4]([C:9]([C:8]1([H:18])[H:19])([H:20])[H:21])([H:11])[C:2](=[O:1])[O:3][H:10])([H:12])[H:13])([H:14])[H:15])[H:17],4.0,2.0
1,0.6324599963568506,AM1BCC,OpenEye,,,C,,2,[H:16][C:7]1([C:6]([C:5]([C:4]([C:9]([C:8]1([H:18])[H:19])([H:20])[H:21])([H:11])[C:2](=[O:1])[O:3][H:10])([H:12])[H:13])([H:14])[H:15])[H:17],4.0,2.0
2,-0.601650001392478,AM1BCC,OpenEye,,,O,,3,[H:16][C:7]1([C:6]([C:5]([C:4]([C:9]([C:8]1([H:18])[H:19])([H:20])[H:21])([H:11])[C:2](=[O:1])[O:3][H:10])([H:12])[H:13])([H:14])[H:15])[H:17],4.0,2.0
3,-0.10548000215064912,AM1BCC,OpenEye,,,C,,4,[H:16][C:7]1([C:6]([C:5]([C:4]([C:9]([C:8]1([H:18])[H:19])([H:20])[H:21])([H:11])[C:2](=[O:1])[O:3][H:10])([H:12])[H:13])([H:14])[H:15])[H:17],4.0,2.0
4,-0.07077000467550187,AM1BCC,OpenEye,,,C,,5,[H:16][C:7]1([C:6]([C:5]([C:4]([C:9]([C:8]1([H:18])[H:19])([H:20])[H:21])([H:11])[C:2](=[O:1])[O:3][H:10])([H:12])[H:13])([H:14])[H:15])[H:17],4.0,2.0
5,-0.07672000108730226,AM1BCC,OpenEye,,,C,,6,[H:16][C:7]1([C:6]([C:5]([C:4]([C:9]([C:8]1([H:18])[H:19])([H:20])[H:21])([H:11])[C:2](=[O:1])[O:3][H:10])([H:12])[H:13])([H:14])[H:15])[H:17],4.0,2.0
6,-0.0801799985624495,AM1BCC,OpenEye,,,C,,7,[H:16][C:7]1([C:6]([C:5]([C:4]([C:9]([C:8]1([H:18])[H:19])([H:20])[H:21])([H:11])[C:2](=[O:1])[O:3][H:10])([H:12])[H:13])([H:14])[H:15])[H:17],4.0,2.0
7,-0.07672000108730226,AM1BCC,OpenEye,,,C,,8,[H:16][C:7]1([C:6]([C:5]([C:4]([C:9]([C:8]1([H:18])[H:19])([H:20])[H:21])([H:11])[C:2](=[O:1])[O:3][H:10])([H:12])[H:13])([H:14])[H:15])[H:17],4.0,2.0
8,-0.07077000467550187,AM1BCC,OpenEye,,,C,,9,[H:16][C:7]1([C:6]([C:5]([C:4]([C:9]([C:8]1([H:18])[H:19])([H:20])[H:21])([H:11])[C:2](=[O:1])[O:3][H:10])([H:12])[H:13])([H:14])[H:15])[H:17],4.0,2.0
9,0.4424900096796808,AM1BCC,OpenEye,,,H,,10,[H:16][C:7]1([C:6]([C:5]([C:4]([C:9]([C:8]1([H:18])[H:19])([H:20])[H:21])([H:11])[C:2](=[O:1])[O:3][H:10])([H:12])[H:13])([H:14])[H:15])[H:17],4.0,2.0
10,0.07878999979723067,AM1BCC,OpenEye,,,H,,11,[H:16][C:7]1([C:6]([C:5]([C:4]([C:9]([C:8]1([H:18])[H:19])([H:20])[H:21])([H:11])[C:2](=[O:1])[O:3][H:10])([H:12])[H:13])([H:14])[H:15])[H:17],4.0,2.0
11,0.05422999904978843,AM1BCC,OpenEye,,,H,,12,[H:16][C:7]1([C:6]([C:5]([C:4]([C:9]([C:8]1([H:18])[H:19])([H:20])[H:21])([H:11])[C:2](=[O:1])[O:3][H:10])([H:12])[H:13])([H:14])[H:15])[H:17],4.0,2.0
12,0.05422999904978843,AM1BCC,OpenEye,,,H,,13,[H:16][C:7]1([C:6]([C:5]([C:4]([C:9]([C:8]1([H:18])[H:19])([H:20])[H:21])([H:11])[C:2](=[O:1])[O:3][H:10])([H:12])[H:13])([H:14])[H:15])[H:17],4.0,2.0
13,0.04578999997604461,AM1BCC,OpenEye,,,H,,14,[H:16][C:7]1([C:6]([C:5]([C:4]([C:9]([C:8]1([H:18])[H:19])([H:20])[H:21])([H:11])[C:2](=[O:1])[O:3][H:10])([H:12])[H:13])([H:14])[H:15])[H:17],4.0,2.0
14,0.04578999997604461,AM1BCC,OpenEye,,,H,,15,[H:16][C:7]1([C:6]([C:5]([C:4]([C:9]([C:8]1([H:18])[H:19])([H:20])[H:21])([H:11])[C:2](=[O:1])[O:3][H:10])([H:12])[H:13])([H:14])[H:15])[H:17],4.0,2.0
15,0.04040999905694099,AM1BCC,OpenEye,,,H,,16,[H:16][C:7]1([C:6]([C:5]([C:4]([C:9]([C:8]1([H:18])[H:19])([H:20])[H:21])([H:11])[C:2](=[O:1])[O:3][H:10])([H:12])[H:13])([H:14])[H:15])[H:17],4.0,2.0
16,0.04040999905694099,AM1BCC,OpenEye,,,H,,17,[H:16][C:7]1([C:6]([C:5]([C:4]([C:9]([C:8]1([H:18])[H:19])([H:20])[H:21])([H:11])[C:2](=[O:1])[O:3][H:10])([H:12])[H:13])([H:14])[H:15])[H:17],4.0,2.0
17,0.04578999997604461,AM1BCC,OpenEye,,,H,,18,[H:16][C:7]1([C:6]([C:5]([C:4]([C:9]([C:8]1([H:18])[H:19])([H:20])[H:21])([H:11])[C:2](=[O:1])[O:3][H:10])([H:12])[H:13])([H:14])[H:15])[H:17],4.0,2.0
18,0.04578999997604461,AM1BCC,OpenEye,,,H,,19,[H:16][C:7]1([C:6]([C:5]([C:4]([C:9]([C:8]1([H:18])[H:19])([H:20])[H:21])([H:11])[C:2](=[O:1])[O:3][H:10])([H:12])[H:13])([H:14])[H:15])[H:17],4.0,2.0
19,0.05422999904978843,AM1BCC,OpenEye,,,H,,20,[H:16][C:7]1([C:6]([C:5]([C:4]([C:9]([C:8]1([H:18])[H:19])([H:20])[H:21])([H:11])[C:2](=[O:1])[O:3][H:10])([H:12])[H:13])([H:14])[H:15])[H:17],4.0,2.0
20,0.05422999904978843,AM1BCC,OpenEye,,,H,,21,[H:16][C:7]1([C:6]([C:5]([C:4]([C:9]([C:8]1([H:18])[H:19])([H:20])[H:21])([H:11])[C:2](=[O:1])[O:3][H:10])([H:12])[H:13])([H:14])[H:15])[H:17],4.0,2.0
0,-0.5510476190476191,AM1BCC,AmberTools,,,O,,1,[H:16][C:7]1([C:6]([C:5]([C:4]([C:9]([C:8]1([H:18])[H:19])([H:20])[H:21])([H:11])[C:2](=[O:1])[O:3][H:10])([H:12])[H:13])([H:14])[H:15])[H:17],4.0,2.0
1,0.6350523809523809,AM1BCC,AmberTools,,,C,,2,[H:16][C:7]1([C:6]([C:5]([C:4]([C:9]([C:8]1([H:18])[H:19])([H:20])[H:21])([H:11])[C:2](=[O:1])[O:3][H:10])([H:12])[H:13])([H:14])[H:15])[H:17],4.0,2.0
2,-0.612147619047619,AM1BCC,AmberTools,,,O,,3,[H:16][C:7]1([C:6]([C:5]([C:4]([C:9]([C:8]1([H:18])[H:19])([H:20])[H:21])([H:11])[C:2](=[O:1])[O:3][H:10])([H:12])[H:13])([H:14])[H:15])[H:17],4.0,2.0
3,-0.10174761904761905,AM1BCC,AmberTools,,,C,,4,[H:16][C:7]1([C:6]([C:5]([C:4]([C:9]([C:8]1([H:18])[H:19])([H:20])[H:21])([H:11])[C:2](=[O:1])[O:3][H:10])([H:12])[H:13])([H:14])[H:15])[H:17],4.0,2.0
4,-0.07244761904761905,AM1BCC,AmberTools,,,C,,5,[H:16][C:7]1([C:6]([C:5]([C:4]([C:9]([C:8]1([H:18])[H:19])([H:20])[H:21])([H:11])[C:2](=[O:1])[O:3][H:10])([H:12])[H:13])([H:14])[H:15])[H:17],4.0,2.0
5,-0.07544761904761904,AM1BCC,AmberTools,,,C,,6,[H:16][C:7]1([C:6]([C:5]([C:4]([C:9]([C:8]1([H:18])[H:19])([H:20])[H:21])([H:11])[C:2](=[O:1])[O:3][H:10])([H:12])[H:13])([H:14])[H:15])[H:17],4.0,2.0
6,-0.07944761904761904,AM1BCC,AmberTools,,,C,,7,[H:16][C:7]1([C:6]([C:5]([C:4]([C:9]([C:8]1([H:18])[H:19])([H:20])[H:21])([H:11])[C:2](=[O:1])[O:3][H:10])([H:12])[H:13])([H:14])[H:15])[H:17],4.0,2.0
7,-0.07544761904761904,AM1BCC,AmberTools,,,C,,8,[H:16][C:7]1([C:6]([C:5]([C:4]([C:9]([C:8]1([H:18])[H:19])([H:20])[H:21])([H:11])[C:2](=[O:1])[O:3][H:10])([H:12])[H:13])([H:14])[H:15])[H:17],4.0,2.0
8,-0.07244761904761905,AM1BCC,AmberTools,,,C,,9,[H:16][C:7]1([C:6]([C:5]([C:4]([C:9]([C:8]1([H:18])[H:19])([H:20])[H:21])([H:11])[C:2](=[O:1])[O:3][H:10])([H:12])[H:13])([H:14])[H:15])[H:17],4.0,2.0
9,0.442952380952381,AM1BCC,AmberTools,,,H,,10,[H:16][C:7]1([C:6]([C:5]([C:4]([C:9]([C:8]1([H:18])[H:19])([H:20])[H:21])([H:11])[C:2](=[O:1])[O:3][H:10])([H:12])[H:13])([H:14])[H:15])[H:17],4.0,2.0
10,0.07965238095238095,AM1BCC,AmberTools,,,H,,11,[H:16][C:7]1([C:6]([C:5]([C:4]([C:9]([C:8]1([H:18])[H:19])([H:20])[H:21])([H:11])[C:2](=[O:1])[O:3][H:10])([H:12])[H:13])([H:14])[H:15])[H:17],4.0,2.0
11,0.056152380952380954,AM1BCC,AmberTools,,,H,,12,[H:16][C:7]1([C:6]([C:5]([C:4]([C:9]([C:8]1([H:18])[H:19])([H:20])[H:21])([H:11])[C:2](=[O:1])[O:3][H:10])([H:12])[H:13])([H:14])[H:15])[H:17],4.0,2.0
12,0.056152380952380954,AM1BCC,AmberTools,,,H,,13,[H:16][C:7]1([C:6]([C:5]([C:4]([C:9]([C:8]1([H:18])[H:19])([H:20])[H:21])([H:11])[C:2](=[O:1])[O:3][H:10])([H:12])[H:13])([H:14])[H:15])[H:17],4.0,2.0
13,0.04440238095238096,AM1BCC,AmberTools,,,H,,14,[H:16][C:7]1([C:6]([C:5]([C:4]([C:9]([C:8]1([H:18])[H:19])([H:20])[H:21])([H:11])[C:2](=[O:1])[O:3][H:10])([H:12])[H:13])([H:14])[H:15])[H:17],4.0,2.0
14,0.04440238095238096,AM1BCC,AmberTools,,,H,,15,[H:16][C:7]1([C:6]([C:5]([C:4]([C:9]([C:8]1([H:18])[H:19])([H:20])[H:21])([H:11])[C:2](=[O:1])[O:3][H:10])([H:12])[H:13])([H:14])[H:15])[H:17],4.0,2.0
15,0.04015238095238095,AM1BCC,AmberTools,,,H,,16,[H:16][C:7]1([C:6]([C:5]([C:4]([C:9]([C:8]1([H:18])[H:19])([H:20])[H:21])([H:11])[C:2](=[O:1])[O:3][H:10])([H:12])[H:13])([H:14])[H:15])[H:17],4.0,2.0
16,0.04015238095238095,AM1BCC,AmberTools,,,H,,17,[H:16][C:7]1([C:6]([C:5]([C:4]([C:9]([C:8]1([H:18])[H:19])([H:20])[H:21])([H:11])[C:2](=[O:1])[O:3][H:10])([H:12])[H:13])([H:14])[H:15])[H:17],4.0,2.0
17,0.04440238095238096,AM1BCC,AmberTools,,,H,,18,[H:16][C:7]1([C:6]([C:5]([C:4]([C:9]([C:8]1([H:18])[H:19])([H:20])[H:21])([H:11])[C:2](=[O:1])[O:3][H:10])([H:12])[H:13])([H:14])[H:15])[H:17],4.0,2.0
18,0.04440238095238096,AM1BCC,AmberTools,,,H,,19,[H:16][C:7]1([C:6]([C:5]([C:4]([C:9]([C:8]1([H:18])[H:19])([H:20])[H:21])([H:11])[C:2](=[O:1])[O:3][H:10])([H:12])[H:13])([H:14])[H:15])[H:17],4.0,2.0
19,0.056152380952380954,AM1BCC,AmberTools,,,H,,20,[H:16][C:7]1([C:6]([C:5]([C:4]([C:9]([C:8]1([H:18])[H:19])([H:20])[H:21])([H:11])[C:2](=[O:1])[O:3][H:10])([H:12])[H:13])([H:14])[H:15])[H:17],4.0,2.0
20,0.056152380952380954,AM1BCC,AmberTools,,,H,,21,[H:16][C:7]1([C:6]([C:5]([C:4]([C:9]([C:8]1([H:18])[H:19])([H:20])[H:21])([H:11])[C:2](=[O:1])[O:3][H:10])([H:12])[H:13])([H:14])[H:15])[H:17],4.0,2.0
0,-0.5523499864197913,AM1BCC,OpenEye,,,O,,1,[H:16][C:7]1([C:6]([C:5]([C:4]([C:9]([C:8]1([H:18])[H:19])([H:20])[H:21])([H:11])[C:2](=[O:1])[O:3][H:10])([H:12])[H:13])([H:14])[H:15])[H:17],4.0,3.0
1,0.6324599963568506,AM1BCC,OpenEye,,,C,,2,[H:16][C:7]1([C:6]([C:5]([C:4]([C:9]([C:8]1([H:18])[H:19])([H:20])[H:21])([H:11])[C:2](=[O:1])[O:3][H:10])([H:12])[H:13])([H:14])[H:15])[H:17],4.0,3.0
2,-0.601650001392478,AM1BCC,OpenEye,,,O,,3,[H:16][C:7]1([C:6]([C:5]([C:4]([C:9]([C:8]1([H:18])[H:19])([H:20])[H:21])([H:11])[C:2](=[O:1])[O:3][H:10])([H:12])[H:13])([H:14])[H:15])[H:17],4.0,3.0
3,-0.10548000215064912,AM1BCC,OpenEye,,,C,,4,[H:16][C:7]1([C:6]([C:5]([C:4]([C:9]([C:8]1([H:18])[H:19])([H:20])[H:21])([H:11])[C:2](=[O:1])[O:3][H:10])([H:12])[H:13])([H:14])[H:15])[H:17],4.0,3.0
4,-0.07077000467550187,AM1BCC,OpenEye,,,C,,5,[H:16][C:7]1([C:6]([C:5]([C:4]([C:9]([C:8]1([H:18])[H:19])([H:20])[H:21])([H:11])[C:2](=[O:1])[O:3][H:10])([H:12])[H:13])([H:14])[H:15])[H:17],4.0,3.0
5,-0.07672000108730226,AM1BCC,OpenEye,,,C,,6,[H:16][C:7]1([C:6]([C:5]([C:4]([C:9]([C:8]1([H:18])[H:19])([H:20])[H:21])([H:11])[C:2](=[O:1])[O:3][H:10])([H:12])[H:13])([H:14])[H:15])[H:17],4.0,3.0
6,-0.0801799985624495,AM1BCC,OpenEye,,,C,,7,[H:16][C:7]1([C:6]([C:5]([C:4]([C:9]([C:8]1([H:18])[H:19])([H:20])[H:21])([H:11])[C:2](=[O:1])[O:3][H:10])([H:12])[H:13])([H:14])[H:15])[H:17],4.0,3.0
7,-0.07672000108730226,AM1BCC,OpenEye,,,C,,8,[H:16][C:7]1([C:6]([C:5]([C:4]([C:9]([C:8]1([H:18])[H:19])([H:20])[H:21])([H:11])[C:2](=[O:1])[O:3][H:10])([H:12])[H:13])([H:14])[H:15])[H:17],4.0,3.0
8,-0.07077000467550187,AM1BCC,OpenEye,,,C,,9,[H:16][C:7]1([C:6]([C:5]([C:4]([C:9]([C:8]1([H:18])[H:19])([H:20])[H:21])([H:11])[C:2](=[O:1])[O:3][H:10])([H:12])[H:13])([H:14])[H:15])[H:17],4.0,3.0
9,0.4424900096796808,AM1BCC,OpenEye,,,H,,10,[H:16][C:7]1([C:6]([C:5]([C:4]([C:9]([C:8]1([H:18])[H:19])([H:20])[H:21])([H:11])[C:2](=[O:1])[O:3][H:10])([H:12])[H:13])([H:14])[H:15])[H:17],4.0,3.0
10,0.07878999979723067,AM1BCC,OpenEye,,,H,,11,[H:16][C:7]1([C:6]([C:5]([C:4]([C:9]([C:8]1([H:18])[H:19])([H:20])[H:21])([H:11])[C:2](=[O:1])[O:3][H:10])([H:12])[H:13])([H:14])[H:15])[H:17],4.0,3.0
11,0.05422999904978843,AM1BCC,OpenEye,,,H,,12,[H:16][C:7]1([C:6]([C:5]([C:4]([C:9]([C:8]1([H:18])[H:19])([H:20])[H:21])([H:11])[C:2](=[O:1])[O:3][H:10])([H:12])[H:13])([H:14])[H:15])[H:17],4.0,3.0
12,0.05422999904978843,AM1BCC,OpenEye,,,H,,13,[H:16][C:7]1([C:6]([C:5]([C:4]([C:9]([C:8]1([H:18])[H:19])([H:20])[H:21])([H:11])[C:2](=[O:1])[O:3][H:10])([H:12])[H:13])([H:14])[H:15])[H:17],4.0,3.0
13,0.04578999997604461,AM1BCC,OpenEye,,,H,,14,[H:16][C:7]1([C:6]([C:5]([C:4]([C:9]([C:8]1([H:18])[H:19])([H:20])[H:21])([H:11])[C:2](=[O:1])[O:3][H:10])([H:12])[H:13])([H:14])[H:15])[H:17],4.0,3.0
14,0.04578999997604461,AM1BCC,OpenEye,,,H,,15,[H:16][C:7]1([C:6]([C:5]([C:4]([C:9]([C:8]1([H:18])[H:19])([H:20])[H:21])([H:11])[C:2](=[O:1])[O:3][H:10])([H:12])[H:13])([H:14])[H:15])[H:17],4.0,3.0
15,0.04040999905694099,AM1BCC,OpenEye,,,H,,16,[H:16][C:7]1([C:6]([C:5]([C:4]([C:9]([C:8]1([H:18])[H:19])([H:20])[H:21])([H:11])[C:2](=[O:1])[O:3][H:10])([H:12])[H:13])([H:14])[H:15])[H:17],4.0,3.0
16,0.04040999905694099,AM1BCC,OpenEye,,,H,,17,[H:16][C:7]1([C:6]([C:5]([C:4]([C:9]([C:8]1([H:18])[H:19])([H:20])[H:21])([H:11])[C:2](=[O:1])[O:3][H:10])([H:12])[H:13])([H:14])[H:15])[H:17],4.0,3.0
17,0.04578999997604461,AM1BCC,OpenEye,,,H,,18,[H:16][C:7]1([C:6]([C:5]([C:4]([C:9]([C:8]1([H:18])[H:19])([H:20])[H:21])([H:11])[C:2](=[O:1])[O:3][H:10])([H:12])[H:13])([H:14])[H:15])[H:17],4.0,3.0
18,0.04578999997604461,AM1BCC,OpenEye,,,H,,19,[H:16][C:7]1([C:6]([C:5]([C:4]([C:9]([C:8]1([H:18])[H:19])([H:20])[H:21])([H:11])[C:2](=[O:1])[O:3][H:10])([H:12])[H:13])([H:14])[H:15])[H:17],4.0,3.0
19,0.05422999904978843,AM1BCC,OpenEye,,,H,,20,[H:16][C:7]1([C:6]([C:5]([C:4]([C:9]([C:8]1([H:18])[H:19])([H:20])[H:21])([H:11])[C:2](=[O:1])[O:3][H:10])([H:12])[H:13])([H:14])[H:15])[H:17],4.0,3.0
20,0.05422999904978843,AM1BCC,OpenEye,,,H,,21,[H:16][C:7]1([C:6]([C:5]([C:4]([C:9]([C:8]1([H:18])[H:19])([H:20])[H:21])([H:11])[C:2](=[O:1])[O:3][H:10])([H:12])[H:13])([H:14])[H:15])[H:17],4.0,3.0
0,-0.5510476190476191,AM1BCC,AmberTools,,,O,,1,[H:16][C:7]1([C:6]([C:5]([C:4]([C:9]([C:8]1([H:18])[H:19])([H:20])[H:21])([H:11])[C:2](=[O:1])[O:3][H:10])([H:12])[H:13])([H:14])[H:15])[H:17],4.0,3.0
1,0.6350523809523809,AM1BCC,AmberTools,,,C,,2,[H:16][C:7]1([C:6]([C:5]([C:4]([C:9]([C:8]1([H:18])[H:19])([H:20])[H:21])([H:11])[C:2](=[O:1])[O:3][H:10])([H:12])[H:13])([H:14])[H:15])[H:17],4.0,3.0
2,-0.612147619047619,AM1BCC,AmberTools,,,O,,3,[H:16][C:7]1([C:6]([C:5]([C:4]([C:9]([C:8]1([H:18])[H:19])([H:20])[H:21])([H:11])[C:2](=[O:1])[O:3][H:10])([H:12])[H:13])([H:14])[H:15])[H:17],4.0,3.0
3,-0.10174761904761905,AM1BCC,AmberTools,,,C,,4,[H:16][C:7]1([C:6]([C:5]([C:4]([C:9]([C:8]1([H:18])[H:19])([H:20])[H:21])([H:11])[C:2](=[O:1])[O:3][H:10])([H:12])[H:13])([H:14])[H:15])[H:17],4.0,3.0
4,-0.07244761904761905,AM1BCC,AmberTools,,,C,,5,[H:16][C:7]1([C:6]([C:5]([C:4]([C:9]([C:8]1([H:18])[H:19])([H:20])[H:21])([H:11])[C:2](=[O:1])[O:3][H:10])([H:12])[H:13])([H:14])[H:15])[H:17],4.0,3.0
5,-0.07544761904761904,AM1BCC,AmberTools,,,C,,6,[H:16][C:7]1([C:6]([C:5]([C:4]([C:9]([C:8]1([H:18])[H:19])([H:20])[H:21])([H:11])[C:2](=[O:1])[O:3][H:10])([H:12])[H:13])([H:14])[H:15])[H:17],4.0,3.0
6,-0.07944761904761904,AM1BCC,AmberTools,,,C,,7,[H:16][C:7]1([C:6]([C:5]([C:4]([C:9]([C:8]1([H:18])[H:19])([H:20])[H:21])([H:11])[C:2](=[O:1])[O:3][H:10])([H:12])[H:13])([H:14])[H:15])[H:17],4.0,3.0
7,-0.07544761904761904,AM1BCC,AmberTools,,,C,,8,[H:16][C:7]1([C:6]([C:5]([C:4]([C:9]([C:8]1([H:18])[H:19])([H:20])[H:21])([H:11])[C:2](=[O:1])[O:3][H:10])([H:12])[H:13])([H:14])[H:15])[H:17],4.0,3.0
8,-0.07244761904761905,AM1BCC,AmberTools,,,C,,9,[H:16][C:7]1([C:6]([C:5]([C:4]([C:9]([C:8]1([H:18])[H:19])([H:20])[H:21])([H:11])[C:2](=[O:1])[O:3][H:10])([H:12])[H:13])([H:14])[H:15])[H:17],4.0,3.0
9,0.442952380952381,AM1BCC,AmberTools,,,H,,10,[H:16][C:7]1([C:6]([C:5]([C:4]([C:9]([C:8]1([H:18])[H:19])([H:20])[H:21])([H:11])[C:2](=[O:1])[O:3][H:10])([H:12])[H:13])([H:14])[H:15])[H:17],4.0,3.0
10,0.07965238095238095,AM1BCC,AmberTools,,,H,,11,[H:16][C:7]1([C:6]([C:5]([C:4]([C:9]([C:8]1([H:18])[H:19])([H:20])[H:21])([H:11])[C:2](=[O:1])[O:3][H:10])([H:12])[H:13])([H:14])[H:15])[H:17],4.0,3.0
11,0.056152380952380954,AM1BCC,AmberTools,,,H,,12,[H:16][C:7]1([C:6]([C:5]([C:4]([C:9]([C:8]1([H:18])[H:19])([H:20])[H:21])([H:11])[C:2](=[O:1])[O:3][H:10])([H:12])[H:13])([H:14])[H:15])[H:17],4.0,3.0
12,0.056152380952380954,AM1BCC,AmberTools,,,H,,13,[H:16][C:7]1([C:6]([C:5]([C:4]([C:9]([C:8]1([H:18])[H:19])([H:20])[H:21])([H:11])[C:2](=[O:1])[O:3][H:10])([H:12])[H:13])([H:14])[H:15])[H:17],4.0,3.0
13,0.04440238095238096,AM1BCC,AmberTools,,,H,,14,[H:16][C:7]1([C:6]([C:5]([C:4]([C:9]([C:8]1([H:18])[H:19])([H:20])[H:21])([H:11])[C:2](=[O:1])[O:3][H:10])([H:12])[H:13])([H:14])[H:15])[H:17],4.0,3.0
14,0.04440238095238096,AM1BCC,AmberTools,,,H,,15,[H:16][C:7]1([C:6]([C:5]([C:4]([C:9]([C:8]1([H:18])[H:19])([H:20])[H:21])([H:11])[C:2](=[O:1])[O:3][H:10])([H:12])[H:13])([H:14])[H:15])[H:17],4.0,3.0
15,0.04015238095238095,AM1BCC,AmberTools,,,H,,16,[H:16][C:7]1([C:6]([C:5]([C:4]([C:9]([C:8]1([H:18])[H:19])([H:20])[H:21])([H:11])[C:2](=[O:1])[O:3][H:10])([H:12])[H:13])([H:14])[H:15])[H:17],4.0,3.0
16,0.04015238095238095,AM1BCC,AmberTools,,,H,,17,[H:16][C:7]1([C:6]([C:5]([C:4]([C:9]([C:8]1([H:18])[H:19])([H:20])[H:21])([H:11])[C:2](=[O:1])[O:3][H:10])([H:12])[H:13])([H:14])[H:15])[H:17],4.0,3.0
17,0.04440238095238096,AM1BCC,AmberTools,,,H,,18,[H:16][C:7]1([C:6]([C:5]([C:4]([C:9]([C:8]1([H:18])[H:19])([H:20])[H:21])([H:11])[C:2](=[O:1])[O:3][H:10])([H:12])[H:13])([H:14])[H:15])[H:17],4.0,3.0
18,0.04440238095238096,AM1BCC,AmberTools,,,H,,19,[H:16][C:7]1([C:6]([C:5]([C:4]([C:9]([C:8]1([H:18])[H:19])([H:20])[H:21])([H:11])[C:2](=[O:1])[O:3][H:10])([H:12])[H:13])([H:14])[H:15])[H:17],4.0,3.0
19,0.056152380952380954,AM1BCC,AmberTools,,,H,,20,[H:16][C:7]1([C:6]([C:5]([C:4]([C:9]([C:8]1([H:18])[H:19])([H:20])[H:21])([H:11])[C:2](=[O:1])[O:3][H:10])([H:12])[H:13])([H:14])[H:15])[H:17],4.0,3.0
20,0.056152380952380954,AM1BCC,AmberTools,,,H,,21,[H:16][C:7]1([C:6]([C:5]([C:4]([C:9]([C:8]1([H:18])[H:19])([H:20])[H:21])([H:11])[C:2](=[O:1])[O:3][H:10])([H:12])[H:13])([H:14])[H:15])[H:17],4.0,3.0
0,-0.5523499864197913,AM1BCC,OpenEye,,,O,,1,[H:16][C:7]1([C:6]([C:5]([C:4]([C:9]([C:8]1([H:18])[H:19])([H:20])[H:21])([H:11])[C:2](=[O:1])[O:3][H:10])([H:12])[H:13])([H:14])[H:15])[H:17],4.0,4.0
1,0.6324599963568506,AM1BCC,OpenEye,,,C,,2,[H:16][C:7]1([C:6]([C:5]([C:4]([C:9]([C:8]1([H:18])[H:19])([H:20])[H:21])([H:11])[C:2](=[O:1])[O:3][H:10])([H:12])[H:13])([H:14])[H:15])[H:17],4.0,4.0
2,-0.601650001392478,AM1BCC,OpenEye,,,O,,3,[H:16][C:7]1([C:6]([C:5]([C:4]([C:9]([C:8]1([H:18])[H:19])([H:20])[H:21])([H:11])[C:2](=[O:1])[O:3][H:10])([H:12])[H:13])([H:14])[H:15])[H:17],4.0,4.0
3,-0.10548000215064912,AM1BCC,OpenEye,,,C,,4,[H:16][C:7]1([C:6]([C:5]([C:4]([C:9]([C:8]1([H:18])[H:19])([H:20])[H:21])([H:11])[C:2](=[O:1])[O:3][H:10])([H:12])[H:13])([H:14])[H:15])[H:17],4.0,4.0
4,-0.07077000467550187,AM1BCC,OpenEye,,,C,,5,[H:16][C:7]1([C:6]([C:5]([C:4]([C:9]([C:8]1([H:18])[H:19])([H:20])[H:21])([H:11])[C:2](=[O:1])[O:3][H:10])([H:12])[H:13])([H:14])[H:15])[H:17],4.0,4.0
5,-0.07672000108730226,AM1BCC,OpenEye,,,C,,6,[H:16][C:7]1([C:6]([C:5]([C:4]([C:9]([C:8]1([H:18])[H:19])([H:20])[H:21])([H:11])[C:2](=[O:1])[O:3][H:10])([H:12])[H:13])([H:14])[H:15])[H:17],4.0,4.0
6,-0.0801799985624495,AM1BCC,OpenEye,,,C,,7,[H:16][C:7]1([C:6]([C:5]([C:4]([C:9]([C:8]1([H:18])[H:19])([H:20])[H:21])([H:11])[C:2](=[O:1])[O:3][H:10])([H:12])[H:13])([H:14])[H:15])[H:17],4.0,4.0
7,-0.07672000108730226,AM1BCC,OpenEye,,,C,,8,[H:16][C:7]1([C:6]([C:5]([C:4]([C:9]([C:8]1([H:18])[H:19])([H:20])[H:21])([H:11])[C:2](=[O:1])[O:3][H:10])([H:12])[H:13])([H:14])[H:15])[H:17],4.0,4.0
8,-0.07077000467550187,AM1BCC,OpenEye,,,C,,9,[H:16][C:7]1([C:6]([C:5]([C:4]([C:9]([C:8]1([H:18])[H:19])([H:20])[H:21])([H:11])[C:2](=[O:1])[O:3][H:10])([H:12])[H:13])([H:14])[H:15])[H:17],4.0,4.0
9,0.4424900096796808,AM1BCC,OpenEye,,,H,,10,[H:16][C:7]1([C:6]([C:5]([C:4]([C:9]([C:8]1([H:18])[H:19])([H:20])[H:21])([H:11])[C:2](=[O:1])[O:3][H:10])([H:12])[H:13])([H:14])[H:15])[H:17],4.0,4.0
10,0.07878999979723067,AM1BCC,OpenEye,,,H,,11,[H:16][C:7]1([C:6]([C:5]([C:4]([C:9]([C:8]1([H:18])[H:19])([H:20])[H:21])([H:11])[C:2](=[O:1])[O:3][H:10])([H:12])[H:13])([H:14])[H:15])[H:17],4.0,4.0
11,0.05422999904978843,AM1BCC,OpenEye,,,H,,12,[H:16][C:7]1([C:6]([C:5]([C:4]([C:9]([C:8]1([H:18])[H:19])([H:20])[H:21])([H:11])[C:2](=[O:1])[O:3][H:10])([H:12])[H:13])([H:14])[H:15])[H:17],4.0,4.0
12,0.05422999904978843,AM1BCC,OpenEye,,,H,,13,[H:16][C:7]1([C:6]([C:5]([C:4]([C:9]([C:8]1([H:18])[H:19])([H:20])[H:21])([H:11])[C:2](=[O:1])[O:3][H:10])([H:12])[H:13])([H:14])[H:15])[H:17],4.0,4.0
13,0.04578999997604461,AM1BCC,OpenEye,,,H,,14,[H:16][C:7]1([C:6]([C:5]([C:4]([C:9]([C:8]1([H:18])[H:19])([H:20])[H:21])([H:11])[C:2](=[O:1])[O:3][H:10])([H:12])[H:13])([H:14])[H:15])[H:17],4.0,4.0
14,0.04578999997604461,AM1BCC,OpenEye,,,H,,15,[H:16][C:7]1([C:6]([C:5]([C:4]([C:9]([C:8]1([H:18])[H:19])([H:20])[H:21])([H:11])[C:2](=[O:1])[O:3][H:10])([H:12])[H:13])([H:14])[H:15])[H:17],4.0,4.0
15,0.04040999905694099,AM1BCC,OpenEye,,,H,,16,[H:16][C:7]1([C:6]([C:5]([C:4]([C:9]([C:8]1([H:18])[H:19])([H:20])[H:21])([H:11])[C:2](=[O:1])[O:3][H:10])([H:12])[H:13])([H:14])[H:15])[H:17],4.0,4.0
16,0.04040999905694099,AM1BCC,OpenEye,,,H,,17,[H:16][C:7]1([C:6]([C:5]([C:4]([C:9]([C:8]1([H:18])[H:19])([H:20])[H:21])([H:11])[C:2](=[O:1])[O:3][H:10])([H:12])[H:13])([H:14])[H:15])[H:17],4.0,4.0
17,0.04578999997604461,AM1BCC,OpenEye,,,H,,18,[H:16][C:7]1([C:6]([C:5]([C:4]([C:9]([C:8]1([H:18])[H:19])([H:20])[H:21])([H:11])[C:2](=[O:1])[O:3][H:10])([H:12])[H:13])([H:14])[H:15])[H:17],4.0,4.0
18,0.04578999997604461,AM1BCC,OpenEye,,,H,,19,[H:16][C:7]1([C:6]([C:5]([C:4]([C:9]([C:8]1([H:18])[H:19])([H:20])[H:21])([H:11])[C:2](=[O:1])[O:3][H:10])([H:12])[H:13])([H:14])[H:15])[H:17],4.0,4.0
19,0.05422999904978843,AM1BCC,OpenEye,,,H,,20,[H:16][C:7]1([C:6]([C:5]([C:4]([C:9]([C:8]1([H:18])[H:19])([H:20])[H:21])([H:11])[C:2](=[O:1])[O:3][H:10])([H:12])[H:13])([H:14])[H:15])[H:17],4.0,4.0
20,0.05422999904978843,AM1BCC,OpenEye,,,H,,21,[H:16][C:7]1([C:6]([C:5]([C:4]([C:9]([C:8]1([H:18])[H:19])([H:20])[H:21])([H:11])[C:2](=[O:1])[O:3][H:10])([H:12])[H:13])([H:14])[H:15])[H:17],4.0,4.0
0,-0.5510476190476191,AM1BCC,AmberTools,,,O,,1,[H:16][C:7]1([C:6]([C:5]([C:4]([C:9]([C:8]1([H:18])[H:19])([H:20])[H:21])([H:11])[C:2](=[O:1])[O:3][H:10])([H:12])[H:13])([H:14])[H:15])[H:17],4.0,4.0
1,0.6350523809523809,AM1BCC,AmberTools,,,C,,2,[H:16][C:7]1([C:6]([C:5]([C:4]([C:9]([C:8]1([H:18])[H:19])([H:20])[H:21])([H:11])[C:2](=[O:1])[O:3][H:10])([H:12])[H:13])([H:14])[H:15])[H:17],4.0,4.0
2,-0.612147619047619,AM1BCC,AmberTools,,,O,,3,[H:16][C:7]1([C:6]([C:5]([C:4]([C:9]([C:8]1([H:18])[H:19])([H:20])[H:21])([H:11])[C:2](=[O:1])[O:3][H:10])([H:12])[H:13])([H:14])[H:15])[H:17],4.0,4.0
3,-0.10174761904761905,AM1BCC,AmberTools,,,C,,4,[H:16][C:7]1([C:6]([C:5]([C:4]([C:9]([C:8]1([H:18])[H:19])([H:20])[H:21])([H:11])[C:2](=[O:1])[O:3][H:10])([H:12])[H:13])([H:14])[H:15])[H:17],4.0,4.0
4,-0.07244761904761905,AM1BCC,AmberTools,,,C,,5,[H:16][C:7]1([C:6]([C:5]([C:4]([C:9]([C:8]1([H:18])[H:19])([H:20])[H:21])([H:11])[C:2](=[O:1])[O:3][H:10])([H:12])[H:13])([H:14])[H:15])[H:17],4.0,4.0
5,-0.07544761904761904,AM1BCC,AmberTools,,,C,,6,[H:16][C:7]1([C:6]([C:5]([C:4]([C:9]([C:8]1([H:18])[H:19])([H:20])[H:21])([H:11])[C:2](=[O:1])[O:3][H:10])([H:12])[H:13])([H:14])[H:15])[H:17],4.0,4.0
6,-0.07944761904761904,AM1BCC,AmberTools,,,C,,7,[H:16][C:7]1([C:6]([C:5]([C:4]([C:9]([C:8]1([H:18])[H:19])([H:20])[H:21])([H:11])[C:2](=[O:1])[O:3][H:10])([H:12])[H:13])([H:14])[H:15])[H:17],4.0,4.0
7,-0.07544761904761904,AM1BCC,AmberTools,,,C,,8,[H:16][C:7]1([C:6]([C:5]([C:4]([C:9]([C:8]1([H:18])[H:19])([H:20])[H:21])([H:11])[C:2](=[O:1])[O:3][H:10])([H:12])[H:13])([H:14])[H:15])[H:17],4.0,4.0
8,-0.07244761904761905,AM1BCC,AmberTools,,,C,,9,[H:16][C:7]1([C:6]([C:5]([C:4]([C:9]([C:8]1([H:18])[H:19])([H:20])[H:21])([H:11])[C:2](=[O:1])[O:3][H:10])([H:12])[H:13])([H:14])[H:15])[H:17],4.0,4.0
9,0.442952380952381,AM1BCC,AmberTools,,,H,,10,[H:16][C:7]1([C:6]([C:5]([C:4]([C:9]([C:8]1([H:18])[H:19])([H:20])[H:21])([H:11])[C:2](=[O:1])[O:3][H:10])([H:12])[H:13])([H:14])[H:15])[H:17],4.0,4.0
10,0.07965238095238095,AM1BCC,AmberTools,,,H,,11,[H:16][C:7]1([C:6]([C:5]([C:4]([C:9]([C:8]1([H:18])[H:19])([H:20])[H:21])([H:11])[C:2](=[O:1])[O:3][H:10])([H:12])[H:13])([H:14])[H:15])[H:17],4.0,4.0
11,0.056152380952380954,AM1BCC,AmberTools,,,H,,12,[H:16][C:7]1([C:6]([C:5]([C:4]([C:9]([C:8]1([H:18])[H:19])([H:20])[H:21])([H:11])[C:2](=[O:1])[O:3][H:10])([H:12])[H:13])([H:14])[H:15])[H:17],4.0,4.0
12,0.056152380952380954,AM1BCC,AmberTools,,,H,,13,[H:16][C:7]1([C:6]([C:5]([C:4]([C:9]([C:8]1([H:18])[H:19])([H:20])[H:21])([H:11])[C:2](=[O:1])[O:3][H:10])([H:12])[H:13])([H:14])[H:15])[H:17],4.0,4.0
13,0.04440238095238096,AM1BCC,AmberTools,,,H,,14,[H:16][C:7]1([C:6]([C:5]([C:4]([C:9]([C:8]1([H:18])[H:19])([H:20])[H:21])([H:11])[C:2](=[O:1])[O:3][H:10])([H:12])[H:13])([H:14])[H:15])[H:17],4.0,4.0
14,0.04440238095238096,AM1BCC,AmberTools,,,H,,15,[H:16][C:7]1([C:6]([C:5]([C:4]([C:9]([C:8]1([H:18])[H:19])([H:20])[H:21])([H:11])[C:2](=[O:1])[O:3][H:10])([H:12])[H:13])([H:14])[H:15])[H:17],4.0,4.0
15,0.04015238095238095,AM1BCC,AmberTools,,,H,,16,[H:16][C:7]1([C:6]([C:5]([C:4]([C:9]([C:8]1([H:18])[H:19])([H:20])[H:21])([H:11])[C:2](=[O:1])[O:3][H:10])([H:12])[H:13])([H:14])[H:15])[H:17],4.0,4.0
16,0.04015238095238095,AM1BCC,AmberTools,,,H,,17,[H:16][C:7]1([C:6]([C:5]([C:4]([C:9]([C:8]1([H:18])[H:19])([H:20])[H:21])([H:11])[C:2](=[O:1])[O:3][H:10])([H:12])[H:13])([H:14])[H:15])[H:17],4.0,4.0
17,0.04440238095238096,AM1BCC,AmberTools,,,H,,18,[H:16][C:7]1([C:6]([C:5]([C:4]([C:9]([C:8]1([H:18])[H:19])([H:20])[H:21])([H:11])[C:2](=[O:1])[O:3][H:10])([H:12])[H:13])([H:14])[H:15])[H:17],4.0,4.0
18,0.04440238095238096,AM1BCC,AmberTools,,,H,,19,[H:16][C:7]1([C:6]([C:5]([C:4]([C:9]([C:8]1([H:18])[H:19])([H:20])[H:21])([H:11])[C:2](=[O:1])[O:3][H:10])([H:12])[H:13])([H:14])[H:15])[H:17],4.0,4.0
19,0.056152380952380954,AM1BCC,AmberTools,,,H,,20,[H:16][C:7]1([C:6]([C:5]([C:4]([C:9]([C:8]1([H:18])[H:19])([H:20])[H:21])([H:11])[C:2](=[O:1])[O:3][H:10])([H:12])[H:13])([H:14])[H:15])[H:17],4.0,4.0
20,0.056152380952380954,AM1BCC,AmberTools,,,H,,21,[H:16][C:7]1([C:6]([C:5]([C:4]([C:9]([C:8]1([H:18])[H:19])([H:20])[H:21])([H:11])[C:2](=[O:1])[O:3][H:10])([H:12])[H:13])([H:14])[H:15])[H:17],4.0,4.0
0,-0.5523499864197913,AM1BCC,OpenEye,,,O,,1,[H:16][C:7]1([C:6]([C:5]([C:4]([C:9]([C:8]1([H:18])[H:19])([H:20])[H:21])([H:11])[C:2](=[O:1])[O:3][H:10])([H:12])[H:13])([H:14])[H:15])[H:17],4.0,5.0
1,0.6324599963568506,AM1BCC,OpenEye,,,C,,2,[H:16][C:7]1([C:6]([C:5]([C:4]([C:9]([C:8]1([H:18])[H:19])([H:20])[H:21])([H:11])[C:2](=[O:1])[O:3][H:10])([H:12])[H:13])([H:14])[H:15])[H:17],4.0,5.0
2,-0.601650001392478,AM1BCC,OpenEye,,,O,,3,[H:16][C:7]1([C:6]([C:5]([C:4]([C:9]([C:8]1([H:18])[H:19])([H:20])[H:21])([H:11])[C:2](=[O:1])[O:3][H:10])([H:12])[H:13])([H:14])[H:15])[H:17],4.0,5.0
3,-0.10548000215064912,AM1BCC,OpenEye,,,C,,4,[H:16][C:7]1([C:6]([C:5]([C:4]([C:9]([C:8]1([H:18])[H:19])([H:20])[H:21])([H:11])[C:2](=[O:1])[O:3][H:10])([H:12])[H:13])([H:14])[H:15])[H:17],4.0,5.0
4,-0.07077000467550187,AM1BCC,OpenEye,,,C,,5,[H:16][C:7]1([C:6]([C:5]([C:4]([C:9]([C:8]1([H:18])[H:19])([H:20])[H:21])([H:11])[C:2](=[O:1])[O:3][H:10])([H:12])[H:13])([H:14])[H:15])[H:17],4.0,5.0
5,-0.07672000108730226,AM1BCC,OpenEye,,,C,,6,[H:16][C:7]1([C:6]([C:5]([C:4]([C:9]([C:8]1([H:18])[H:19])([H:20])[H:21])([H:11])[C:2](=[O:1])[O:3][H:10])([H:12])[H:13])([H:14])[H:15])[H:17],4.0,5.0
6,-0.0801799985624495,AM1BCC,OpenEye,,,C,,7,[H:16][C:7]1([C:6]([C:5]([C:4]([C:9]([C:8]1([H:18])[H:19])([H:20])[H:21])([H:11])[C:2](=[O:1])[O:3][H:10])([H:12])[H:13])([H:14])[H:15])[H:17],4.0,5.0
7,-0.07672000108730226,AM1BCC,OpenEye,,,C,,8,[H:16][C:7]1([C:6]([C:5]([C:4]([C:9]([C:8]1([H:18])[H:19])([H:20])[H:21])([H:11])[C:2](=[O:1])[O:3][H:10])([H:12])[H:13])([H:14])[H:15])[H:17],4.0,5.0
8,-0.07077000467550187,AM1BCC,OpenEye,,,C,,9,[H:16][C:7]1([C:6]([C:5]([C:4]([C:9]([C:8]1([H:18])[H:19])([H:20])[H:21])([H:11])[C:2](=[O:1])[O:3][H:10])([H:12])[H:13])([H:14])[H:15])[H:17],4.0,5.0
9,0.4424900096796808,AM1BCC,OpenEye,,,H,,10,[H:16][C:7]1([C:6]([C:5]([C:4]([C:9]([C:8]1([H:18])[H:19])([H:20])[H:21])([H:11])[C:2](=[O:1])[O:3][H:10])([H:12])[H:13])([H:14])[H:15])[H:17],4.0,5.0
10,0.07878999979723067,AM1BCC,OpenEye,,,H,,11,[H:16][C:7]1([C:6]([C:5]([C:4]([C:9]([C:8]1([H:18])[H:19])([H:20])[H:21])([H:11])[C:2](=[O:1])[O:3][H:10])([H:12])[H:13])([H:14])[H:15])[H:17],4.0,5.0
11,0.05422999904978843,AM1BCC,OpenEye,,,H,,12,[H:16][C:7]1([C:6]([C:5]([C:4]([C:9]([C:8]1([H:18])[H:19])([H:20])[H:21])([H:11])[C:2](=[O:1])[O:3][H:10])([H:12])[H:13])([H:14])[H:15])[H:17],4.0,5.0
12,0.05422999904978843,AM1BCC,OpenEye,,,H,,13,[H:16][C:7]1([C:6]([C:5]([C:4]([C:9]([C:8]1([H:18])[H:19])([H:20])[H:21])([H:11])[C:2](=[O:1])[O:3][H:10])([H:12])[H:13])([H:14])[H:15])[H:17],4.0,5.0
13,0.04578999997604461,AM1BCC,OpenEye,,,H,,14,[H:16][C:7]1([C:6]([C:5]([C:4]([C:9]([C:8]1([H:18])[H:19])([H:20])[H:21])([H:11])[C:2](=[O:1])[O:3][H:10])([H:12])[H:13])([H:14])[H:15])[H:17],4.0,5.0
14,0.04578999997604461,AM1BCC,OpenEye,,,H,,15,[H:16][C:7]1([C:6]([C:5]([C:4]([C:9]([C:8]1([H:18])[H:19])([H:20])[H:21])([H:11])[C:2](=[O:1])[O:3][H:10])([H:12])[H:13])([H:14])[H:15])[H:17],4.0,5.0
15,0.04040999905694099,AM1BCC,OpenEye,,,H,,16,[H:16][C:7]1([C:6]([C:5]([C:4]([C:9]([C:8]1([H:18])[H:19])([H:20])[H:21])([H:11])[C:2](=[O:1])[O:3][H:10])([H:12])[H:13])([H:14])[H:15])[H:17],4.0,5.0
16,0.04040999905694099,AM1BCC,OpenEye,,,H,,17,[H:16][C:7]1([C:6]([C:5]([C:4]([C:9]([C:8]1([H:18])[H:19])([H:20])[H:21])([H:11])[C:2](=[O:1])[O:3][H:10])([H:12])[H:13])([H:14])[H:15])[H:17],4.0,5.0
17,0.04578999997604461,AM1BCC,OpenEye,,,H,,18,[H:16][C:7]1([C:6]([C:5]([C:4]([C:9]([C:8]1([H:18])[H:19])([H:20])[H:21])([H:11])[C:2](=[O:1])[O:3][H:10])([H:12])[H:13])([H:14])[H:15])[H:17],4.0,5.0
18,0.04578999997604461,AM1BCC,OpenEye,,,H,,19,[H:16][C:7]1([C:6]([C:5]([C:4]([C:9]([C:8]1([H:18])[H:19])([H:20])[H:21])([H:11])[C:2](=[O:1])[O:3][H:10])([H:12])[H:13])([H:14])[H:15])[H:17],4.0,5.0
19,0.05422999904978843,AM1BCC,OpenEye,,,H,,20,[H:16][C:7]1([C:6]([C:5]([C:4]([C:9]([C:8]1([H:18])[H:19])([H:20])[H:21])([H:11])[C:2](=[O:1])[O:3][H:10])([H:12])[H:13])([H:14])[H:15])[H:17],4.0,5.0
20,0.05422999904978843,AM1BCC,OpenEye,,,H,,21,[H:16][C:7]1([C:6]([C:5]([C:4]([C:9]([C:8]1([H:18])[H:19])([H:20])[H:21])([H:11])[C:2](=[O:1])[O:3][H:10])([H:12])[H:13])([H:14])[H:15])[H:17],4.0,5.0
0,-0.5510476190476191,AM1BCC,AmberTools,,,O,,1,[H:16][C:7]1([C:6]([C:5]([C:4]([C:9]([C:8]1([H:18])[H:19])([H:20])[H:21])([H:11])[C:2](=[O:1])[O:3][H:10])([H:12])[H:13])([H:14])[H:15])[H:17],4.0,5.0
1,0.6350523809523809,AM1BCC,AmberTools,,,C,,2,[H:16][C:7]1([C:6]([C:5]([C:4]([C:9]([C:8]1([H:18])[H:19])([H:20])[H:21])([H:11])[C:2](=[O:1])[O:3][H:10])([H:12])[H:13])([H:14])[H:15])[H:17],4.0,5.0
2,-0.612147619047619,AM1BCC,AmberTools,,,O,,3,[H:16][C:7]1([C:6]([C:5]([C:4]([C:9]([C:8]1([H:18])[H:19])([H:20])[H:21])([H:11])[C:2](=[O:1])[O:3][H:10])([H:12])[H:13])([H:14])[H:15])[H:17],4.0,5.0
3,-0.10174761904761905,AM1BCC,AmberTools,,,C,,4,[H:16][C:7]1([C:6]([C:5]([C:4]([C:9]([C:8]1([H:18])[H:19])([H:20])[H:21])([H:11])[C:2](=[O:1])[O:3][H:10])([H:12])[H:13])([H:14])[H:15])[H:17],4.0,5.0
4,-0.07244761904761905,AM1BCC,AmberTools,,,C,,5,[H:16][C:7]1([C:6]([C:5]([C:4]([C:9]([C:8]1([H:18])[H:19])([H:20])[H:21])([H:11])[C:2](=[O:1])[O:3][H:10])([H:12])[H:13])([H:14])[H:15])[H:17],4.0,5.0
5,-0.07544761904761904,AM1BCC,AmberTools,,,C,,6,[H:16][C:7]1([C:6]([C:5]([C:4]([C:9]([C:8]1([H:18])[H:19])([H:20])[H:21])([H:11])[C:2](=[O:1])[O:3][H:10])([H:12])[H:13])([H:14])[H:15])[H:17],4.0,5.0
6,-0.07944761904761904,AM1BCC,AmberTools,,,C,,7,[H:16][C:7]1([C:6]([C:5]([C:4]([C:9]([C:8]1([H:18])[H:19])([H:20])[H:21])([H:11])[C:2](=[O:1])[O:3][H:10])([H:12])[H:13])([H:14])[H:15])[H:17],4.0,5.0
7,-0.07544761904761904,AM1BCC,AmberTools,,,C,,8,[H:16][C:7]1([C:6]([C:5]([C:4]([C:9]([C:8]1([H:18])[H:19])([H:20])[H:21])([H:11])[C:2](=[O:1])[O:3][H:10])([H:12])[H:13])([H:14])[H:15])[H:17],4.0,5.0
8,-0.07244761904761905,AM1BCC,AmberTools,,,C,,9,[H:16][C:7]1([C:6]([C:5]([C:4]([C:9]([C:8]1([H:18])[H:19])([H:20])[H:21])([H:11])[C:2](=[O:1])[O:3][H:10])([H:12])[H:13])([H:14])[H:15])[H:17],4.0,5.0
9,0.442952380952381,AM1BCC,AmberTools,,,H,,10,[H:16][C:7]1([C:6]([C:5]([C:4]([C:9]([C:8]1([H:18])[H:19])([H:20])[H:21])([H:11])[C:2](=[O:1])[O:3][H:10])([H:12])[H:13])([H:14])[H:15])[H:17],4.0,5.0
10,0.07965238095238095,AM1BCC,AmberTools,,,H,,11,[H:16][C:7]1([C:6]([C:5]([C:4]([C:9]([C:8]1([H:18])[H:19])([H:20])[H:21])([H:11])[C:2](=[O:1])[O:3][H:10])([H:12])[H:13])([H:14])[H:15])[H:17],4.0,5.0
11,0.056152380952380954,AM1BCC,AmberTools,,,H,,12,[H:16][C:7]1([C:6]([C:5]([C:4]([C:9]([C:8]1([H:18])[H:19])([H:20])[H:21])([H:11])[C:2](=[O:1])[O:3][H:10])([H:12])[H:13])([H:14])[H:15])[H:17],4.0,5.0
12,0.056152380952380954,AM1BCC,AmberTools,,,H,,13,[H:16][C:7]1([C:6]([C:5]([C:4]([C:9]([C:8]1([H:18])[H:19])([H:20])[H:21])([H:11])[C:2](=[O:1])[O:3][H:10])([H:12])[H:13])([H:14])[H:15])[H:17],4.0,5.0
13,0.04440238095238096,AM1BCC,AmberTools,,,H,,14,[H:16][C:7]1([C:6]([C:5]([C:4]([C:9]([C:8]1([H:18])[H:19])([H:20])[H:21])([H:11])[C:2](=[O:1])[O:3][H:10])([H:12])[H:13])([H:14])[H:15])[H:17],4.0,5.0
14,0.04440238095238096,AM1BCC,AmberTools,,,H,,15,[H:16][C:7]1([C:6]([C:5]([C:4]([C:9]([C:8]1([H:18])[H:19])([H:20])[H:21])([H:11])[C:2](=[O:1])[O:3][H:10])([H:12])[H:13])([H:14])[H:15])[H:17],4.0,5.0
15,0.04015238095238095,AM1BCC,AmberTools,,,H,,16,[H:16][C:7]1([C:6]([C:5]([C:4]([C:9]([C:8]1([H:18])[H:19])([H:20])[H:21])([H:11])[C:2](=[O:1])[O:3][H:10])([H:12])[H:13])([H:14])[H:15])[H:17],4.0,5.0
16,0.04015238095238095,AM1BCC,AmberTools,,,H,,17,[H:16][C:7]1([C:6]([C:5]([C:4]([C:9]([C:8]1([H:18])[H:19])([H:20])[H:21])([H:11])[C:2](=[O:1])[O:3][H:10])([H:12])[H:13])([H:14])[H:15])[H:17],4.0,5.0
17,0.04440238095238096,AM1BCC,AmberTools,,,H,,18,[H:16][C:7]1([C:6]([C:5]([C:4]([C:9]([C:8]1([H:18])[H:19])([H:20])[H:21])([H:11])[C:2](=[O:1])[O:3][H:10])([H:12])[H:13])([H:14])[H:15])[H:17],4.0,5.0
18,0.04440238095238096,AM1BCC,AmberTools,,,H,,19,[H:16][C:7]1([C:6]([C:5]([C:4]([C:9]([C:8]1([H:18])[H:19])([H:20])[H:21])([H:11])[C:2](=[O:1])[O:3][H:10])([H:12])[H:13])([H:14])[H:15])[H:17],4.0,5.0
19,0.056152380952380954,AM1BCC,AmberTools,,,H,,20,[H:16][C:7]1([C:6]([C:5]([C:4]([C:9]([C:8]1([H:18])[H:19])([H:20])[H:21])([H:11])[C:2](=[O:1])[O:3][H:10])([H:12])[H:13])([H:14])[H:15])[H:17],4.0,5.0
20,0.056152380952380954,AM1BCC,AmberTools,,,H,,21,[H:16][C:7]1([C:6]([C:5]([C:4]([C:9]([C:8]1([H:18])[H:19])([H:20])[H:21])([H:11])[C:2](=[O:1])[O:3][H:10])([H:12])[H:13])([H:14])[H:15])[H:17],4.0,5.0
0,-0.5523499864197913,AM1BCC,OpenEye,,,O,,1,[H:16][C:7]1([C:6]([C:5]([C:4]([C:9]([C:8]1([H:18])[H:19])([H:20])[H:21])([H:11])[C:2](=[O:1])[O:3][H:10])([H:12])[H:13])([H:14])[H:15])[H:17],4.0,6.0
1,0.6324599963568506,AM1BCC,OpenEye,,,C,,2,[H:16][C:7]1([C:6]([C:5]([C:4]([C:9]([C:8]1([H:18])[H:19])([H:20])[H:21])([H:11])[C:2](=[O:1])[O:3][H:10])([H:12])[H:13])([H:14])[H:15])[H:17],4.0,6.0
2,-0.601650001392478,AM1BCC,OpenEye,,,O,,3,[H:16][C:7]1([C:6]([C:5]([C:4]([C:9]([C:8]1([H:18])[H:19])([H:20])[H:21])([H:11])[C:2](=[O:1])[O:3][H:10])([H:12])[H:13])([H:14])[H:15])[H:17],4.0,6.0
3,-0.10548000215064912,AM1BCC,OpenEye,,,C,,4,[H:16][C:7]1([C:6]([C:5]([C:4]([C:9]([C:8]1([H:18])[H:19])([H:20])[H:21])([H:11])[C:2](=[O:1])[O:3][H:10])([H:12])[H:13])([H:14])[H:15])[H:17],4.0,6.0
4,-0.07077000467550187,AM1BCC,OpenEye,,,C,,5,[H:16][C:7]1([C:6]([C:5]([C:4]([C:9]([C:8]1([H:18])[H:19])([H:20])[H:21])([H:11])[C:2](=[O:1])[O:3][H:10])([H:12])[H:13])([H:14])[H:15])[H:17],4.0,6.0
5,-0.07672000108730226,AM1BCC,OpenEye,,,C,,6,[H:16][C:7]1([C:6]([C:5]([C:4]([C:9]([C:8]1([H:18])[H:19])([H:20])[H:21])([H:11])[C:2](=[O:1])[O:3][H:10])([H:12])[H:13])([H:14])[H:15])[H:17],4.0,6.0
6,-0.0801799985624495,AM1BCC,OpenEye,,,C,,7,[H:16][C:7]1([C:6]([C:5]([C:4]([C:9]([C:8]1([H:18])[H:19])([H:20])[H:21])([H:11])[C:2](=[O:1])[O:3][H:10])([H:12])[H:13])([H:14])[H:15])[H:17],4.0,6.0
7,-0.07672000108730226,AM1BCC,OpenEye,,,C,,8,[H:16][C:7]1([C:6]([C:5]([C:4]([C:9]([C:8]1([H:18])[H:19])([H:20])[H:21])([H:11])[C:2](=[O:1])[O:3][H:10])([H:12])[H:13])([H:14])[H:15])[H:17],4.0,6.0
8,-0.07077000467550187,AM1BCC,OpenEye,,,C,,9,[H:16][C:7]1([C:6]([C:5]([C:4]([C:9]([C:8]1([H:18])[H:19])([H:20])[H:21])([H:11])[C:2](=[O:1])[O:3][H:10])([H:12])[H:13])([H:14])[H:15])[H:17],4.0,6.0
9,0.4424900096796808,AM1BCC,OpenEye,,,H,,10,[H:16][C:7]1([C:6]([C:5]([C:4]([C:9]([C:8]1([H:18])[H:19])([H:20])[H:21])([H:11])[C:2](=[O:1])[O:3][H:10])([H:12])[H:13])([H:14])[H:15])[H:17],4.0,6.0
10,0.07878999979723067,AM1BCC,OpenEye,,,H,,11,[H:16][C:7]1([C:6]([C:5]([C:4]([C:9]([C:8]1([H:18])[H:19])([H:20])[H:21])([H:11])[C:2](=[O:1])[O:3][H:10])([H:12])[H:13])([H:14])[H:15])[H:17],4.0,6.0
11,0.05422999904978843,AM1BCC,OpenEye,,,H,,12,[H:16][C:7]1([C:6]([C:5]([C:4]([C:9]([C:8]1([H:18])[H:19])([H:20])[H:21])([H:11])[C:2](=[O:1])[O:3][H:10])([H:12])[H:13])([H:14])[H:15])[H:17],4.0,6.0
12,0.05422999904978843,AM1BCC,OpenEye,,,H,,13,[H:16][C:7]1([C:6]([C:5]([C:4]([C:9]([C:8]1([H:18])[H:19])([H:20])[H:21])([H:11])[C:2](=[O:1])[O:3][H:10])([H:12])[H:13])([H:14])[H:15])[H:17],4.0,6.0
13,0.04578999997604461,AM1BCC,OpenEye,,,H,,14,[H:16][C:7]1([C:6]([C:5]([C:4]([C:9]([C:8]1([H:18])[H:19])([H:20])[H:21])([H:11])[C:2](=[O:1])[O:3][H:10])([H:12])[H:13])([H:14])[H:15])[H:17],4.0,6.0
14,0.04578999997604461,AM1BCC,OpenEye,,,H,,15,[H:16][C:7]1([C:6]([C:5]([C:4]([C:9]([C:8]1([H:18])[H:19])([H:20])[H:21])([H:11])[C:2](=[O:1])[O:3][H:10])([H:12])[H:13])([H:14])[H:15])[H:17],4.0,6.0
15,0.04040999905694099,AM1BCC,OpenEye,,,H,,16,[H:16][C:7]1([C:6]([C:5]([C:4]([C:9]([C:8]1([H:18])[H:19])([H:20])[H:21])([H:11])[C:2](=[O:1])[O:3][H:10])([H:12])[H:13])([H:14])[H:15])[H:17],4.0,6.0
16,0.04040999905694099,AM1BCC,OpenEye,,,H,,17,[H:16][C:7]1([C:6]([C:5]([C:4]([C:9]([C:8]1([H:18])[H:19])([H:20])[H:21])([H:11])[C:2](=[O:1])[O:3][H:10])([H:12])[H:13])([H:14])[H:15])[H:17],4.0,6.0
17,0.04578999997604461,AM1BCC,OpenEye,,,H,,18,[H:16][C:7]1([C:6]([C:5]([C:4]([C:9]([C:8]1([H:18])[H:19])([H:20])[H:21])([H:11])[C:2](=[O:1])[O:3][H:10])([H:12])[H:13])([H:14])[H:15])[H:17],4.0,6.0
18,0.04578999997604461,AM1BCC,OpenEye,,,H,,19,[H:16][C:7]1([C:6]([C:5]([C:4]([C:9]([C:8]1([H:18])[H:19])([H:20])[H:21])([H:11])[C:2](=[O:1])[O:3][H:10])([H:12])[H:13])([H:14])[H:15])[H:17],4.0,6.0
19,0.05422999904978843,AM1BCC,OpenEye,,,H,,20,[H:16][C:7]1([C:6]([C:5]([C:4]([C:9]([C:8]1([H:18])[H:19])([H:20])[H:21])([H:11])[C:2](=[O:1])[O:3][H:10])([H:12])[H:13])([H:14])[H:15])[H:17],4.0,6.0
20,0.05422999904978843,AM1BCC,OpenEye,,,H,,21,[H:16][C:7]1([C:6]([C:5]([C:4]([C:9]([C:8]1([H:18])[H:19])([H:20])[H:21])([H:11])[C:2](=[O:1])[O:3][H:10])([H:12])[H:13])([H:14])[H:15])[H:17],4.0,6.0
0,-0.5510476190476191,AM1BCC,AmberTools,,,O,,1,[H:16][C:7]1([C:6]([C:5]([C:4]([C:9]([C:8]1([H:18])[H:19])([H:20])[H:21])([H:11])[C:2](=[O:1])[O:3][H:10])([H:12])[H:13])([H:14])[H:15])[H:17],4.0,6.0
1,0.6350523809523809,AM1BCC,AmberTools,,,C,,2,[H:16][C:7]1([C:6]([C:5]([C:4]([C:9]([C:8]1([H:18])[H:19])([H:20])[H:21])([H:11])[C:2](=[O:1])[O:3][H:10])([H:12])[H:13])([H:14])[H:15])[H:17],4.0,6.0
2,-0.612147619047619,AM1BCC,AmberTools,,,O,,3,[H:16][C:7]1([C:6]([C:5]([C:4]([C:9]([C:8]1([H:18])[H:19])([H:20])[H:21])([H:11])[C:2](=[O:1])[O:3][H:10])([H:12])[H:13])([H:14])[H:15])[H:17],4.0,6.0
3,-0.10174761904761905,AM1BCC,AmberTools,,,C,,4,[H:16][C:7]1([C:6]([C:5]([C:4]([C:9]([C:8]1([H:18])[H:19])([H:20])[H:21])([H:11])[C:2](=[O:1])[O:3][H:10])([H:12])[H:13])([H:14])[H:15])[H:17],4.0,6.0
4,-0.07244761904761905,AM1BCC,AmberTools,,,C,,5,[H:16][C:7]1([C:6]([C:5]([C:4]([C:9]([C:8]1([H:18])[H:19])([H:20])[H:21])([H:11])[C:2](=[O:1])[O:3][H:10])([H:12])[H:13])([H:14])[H:15])[H:17],4.0,6.0
5,-0.07544761904761904,AM1BCC,AmberTools,,,C,,6,[H:16][C:7]1([C:6]([C:5]([C:4]([C:9]([C:8]1([H:18])[H:19])([H:20])[H:21])([H:11])[C:2](=[O:1])[O:3][H:10])([H:12])[H:13])([H:14])[H:15])[H:17],4.0,6.0
6,-0.07944761904761904,AM1BCC,AmberTools,,,C,,7,[H:16][C:7]1([C:6]([C:5]([C:4]([C:9]([C:8]1([H:18])[H:19])([H:20])[H:21])([H:11])[C:2](=[O:1])[O:3][H:10])([H:12])[H:13])([H:14])[H:15])[H:17],4.0,6.0
7,-0.07544761904761904,AM1BCC,AmberTools,,,C,,8,[H:16][C:7]1([C:6]([C:5]([C:4]([C:9]([C:8]1([H:18])[H:19])([H:20])[H:21])([H:11])[C:2](=[O:1])[O:3][H:10])([H:12])[H:13])([H:14])[H:15])[H:17],4.0,6.0
8,-0.07244761904761905,AM1BCC,AmberTools,,,C,,9,[H:16][C:7]1([C:6]([C:5]([C:4]([C:9]([C:8]1([H:18])[H:19])([H:20])[H:21])([H:11])[C:2](=[O:1])[O:3][H:10])([H:12])[H:13])([H:14])[H:15])[H:17],4.0,6.0
9,0.442952380952381,AM1BCC,AmberTools,,,H,,10,[H:16][C:7]1([C:6]([C:5]([C:4]([C:9]([C:8]1([H:18])[H:19])([H:20])[H:21])([H:11])[C:2](=[O:1])[O:3][H:10])([H:12])[H:13])([H:14])[H:15])[H:17],4.0,6.0
10,0.07965238095238095,AM1BCC,AmberTools,,,H,,11,[H:16][C:7]1([C:6]([C:5]([C:4]([C:9]([C:8]1([H:18])[H:19])([H:20])[H:21])([H:11])[C:2](=[O:1])[O:3][H:10])([H:12])[H:13])([H:14])[H:15])[H:17],4.0,6.0
11,0.056152380952380954,AM1BCC,AmberTools,,,H,,12,[H:16][C:7]1([C:6]([C:5]([C:4]([C:9]([C:8]1([H:18])[H:19])([H:20])[H:21])([H:11])[C:2](=[O:1])[O:3][H:10])([H:12])[H:13])([H:14])[H:15])[H:17],4.0,6.0
12,0.056152380952380954,AM1BCC,AmberTools,,,H,,13,[H:16][C:7]1([C:6]([C:5]([C:4]([C:9]([C:8]1([H:18])[H:19])([H:20])[H:21])([H:11])[C:2](=[O:1])[O:3][H:10])([H:12])[H:13])([H:14])[H:15])[H:17],4.0,6.0
13,0.04440238095238096,AM1BCC,AmberTools,,,H,,14,[H:16][C:7]1([C:6]([C:5]([C:4]([C:9]([C:8]1([H:18])[H:19])([H:20])[H:21])([H:11])[C:2](=[O:1])[O:3][H:10])([H:12])[H:13])([H:14])[H:15])[H:17],4.0,6.0
14,0.04440238095238096,AM1BCC,AmberTools,,,H,,15,[H:16][C:7]1([C:6]([C:5]([C:4]([C:9]([C:8]1([H:18])[H:19])([H:20])[H:21])([H:11])[C:2](=[O:1])[O:3][H:10])([H:12])[H:13])([H:14])[H:15])[H:17],4.0,6.0
15,0.04015238095238095,AM1BCC,AmberTools,,,H,,16,[H:16][C:7]1([C:6]([C:5]([C:4]([C:9]([C:8]1([H:18])[H:19])([H:20])[H:21])([H:11])[C:2](=[O:1])[O:3][H:10])([H:12])[H:13])([H:14])[H:15])[H:17],4.0,6.0
16,0.04015238095238095,AM1BCC,AmberTools,,,H,,17,[H:16][C:7]1([C:6]([C:5]([C:4]([C:9]([C:8]1([H:18])[H:19])([H:20])[H:21])([H:11])[C:2](=[O:1])[O:3][H:10])([H:12])[H:13])([H:14])[H:15])[H:17],4.0,6.0
17,0.04440238095238096,AM1BCC,AmberTools,,,H,,18,[H:16][C:7]1([C:6]([C:5]([C:4]([C:9]([C:8]1([H:18])[H:19])([H:20])[H:21])([H:11])[C:2](=[O:1])[O:3][H:10])([H:12])[H:13])([H:14])[H:15])[H:17],4.0,6.0
18,0.04440238095238096,AM1BCC,AmberTools,,,H,,19,[H:16][C:7]1([C:6]([C:5]([C:4]([C:9]([C:8]1([H:18])[H:19])([H:20])[H:21])([H:11])[C:2](=[O:1])[O:3][H:10])([H:12])[H:13])([H:14])[H:15])[H:17],4.0,6.0
19,0.056152380952380954,AM1BCC,AmberTools,,,H,,20,[H:16][C:7]1([C:6]([C:5]([C:4]([C:9]([C:8]1([H:18])[H:19])([H:20])[H:21])([H:11])[C:2](=[O:1])[O:3][H:10])([H:12])[H:13])([H:14])[H:15])[H:17],4.0,6.0
20,0.056152380952380954,AM1BCC,AmberTools,,,H,,21,[H:16][C:7]1([C:6]([C:5]([C:4]([C:9]([C:8]1([H:18])[H:19])([H:20])[H:21])([H:11])[C:2](=[O:1])[O:3][H:10])([H:12])[H:13])([H:14])[H:15])[H:17],4.0,6.0
0,-0.5523499864197913,AM1BCC,OpenEye,,,O,,1,[H:16][C:7]1([C:6]([C:5]([C:4]([C:9]([C:8]1([H:18])[H:19])([H:20])[H:21])([H:11])[C:2](=[O:1])[O:3][H:10])([H:12])[H:13])([H:14])[H:15])[H:17],4.0,7.0
1,0.6324599963568506,AM1BCC,OpenEye,,,C,,2,[H:16][C:7]1([C:6]([C:5]([C:4]([C:9]([C:8]1([H:18])[H:19])([H:20])[H:21])([H:11])[C:2](=[O:1])[O:3][H:10])([H:12])[H:13])([H:14])[H:15])[H:17],4.0,7.0
2,-0.601650001392478,AM1BCC,OpenEye,,,O,,3,[H:16][C:7]1([C:6]([C:5]([C:4]([C:9]([C:8]1([H:18])[H:19])([H:20])[H:21])([H:11])[C:2](=[O:1])[O:3][H:10])([H:12])[H:13])([H:14])[H:15])[H:17],4.0,7.0
3,-0.10548000215064912,AM1BCC,OpenEye,,,C,,4,[H:16][C:7]1([C:6]([C:5]([C:4]([C:9]([C:8]1([H:18])[H:19])([H:20])[H:21])([H:11])[C:2](=[O:1])[O:3][H:10])([H:12])[H:13])([H:14])[H:15])[H:17],4.0,7.0
4,-0.07077000467550187,AM1BCC,OpenEye,,,C,,5,[H:16][C:7]1([C:6]([C:5]([C:4]([C:9]([C:8]1([H:18])[H:19])([H:20])[H:21])([H:11])[C:2](=[O:1])[O:3][H:10])([H:12])[H:13])([H:14])[H:15])[H:17],4.0,7.0
5,-0.07672000108730226,AM1BCC,OpenEye,,,C,,6,[H:16][C:7]1([C:6]([C:5]([C:4]([C:9]([C:8]1([H:18])[H:19])([H:20])[H:21])([H:11])[C:2](=[O:1])[O:3][H:10])([H:12])[H:13])([H:14])[H:15])[H:17],4.0,7.0
6,-0.0801799985624495,AM1BCC,OpenEye,,,C,,7,[H:16][C:7]1([C:6]([C:5]([C:4]([C:9]([C:8]1([H:18])[H:19])([H:20])[H:21])([H:11])[C:2](=[O:1])[O:3][H:10])([H:12])[H:13])([H:14])[H:15])[H:17],4.0,7.0
7,-0.07672000108730226,AM1BCC,OpenEye,,,C,,8,[H:16][C:7]1([C:6]([C:5]([C:4]([C:9]([C:8]1([H:18])[H:19])([H:20])[H:21])([H:11])[C:2](=[O:1])[O:3][H:10])([H:12])[H:13])([H:14])[H:15])[H:17],4.0,7.0
8,-0.07077000467550187,AM1BCC,OpenEye,,,C,,9,[H:16][C:7]1([C:6]([C:5]([C:4]([C:9]([C:8]1([H:18])[H:19])([H:20])[H:21])([H:11])[C:2](=[O:1])[O:3][H:10])([H:12])[H:13])([H:14])[H:15])[H:17],4.0,7.0
9,0.4424900096796808,AM1BCC,OpenEye,,,H,,10,[H:16][C:7]1([C:6]([C:5]([C:4]([C:9]([C:8]1([H:18])[H:19])([H:20])[H:21])([H:11])[C:2](=[O:1])[O:3][H:10])([H:12])[H:13])([H:14])[H:15])[H:17],4.0,7.0
10,0.07878999979723067,AM1BCC,OpenEye,,,H,,11,[H:16][C:7]1([C:6]([C:5]([C:4]([C:9]([C:8]1([H:18])[H:19])([H:20])[H:21])([H:11])[C:2](=[O:1])[O:3][H:10])([H:12])[H:13])([H:14])[H:15])[H:17],4.0,7.0
11,0.05422999904978843,AM1BCC,OpenEye,,,H,,12,[H:16][C:7]1([C:6]([C:5]([C:4]([C:9]([C:8]1([H:18])[H:19])([H:20])[H:21])([H:11])[C:2](=[O:1])[O:3][H:10])([H:12])[H:13])([H:14])[H:15])[H:17],4.0,7.0
12,0.05422999904978843,AM1BCC,OpenEye,,,H,,13,[H:16][C:7]1([C:6]([C:5]([C:4]([C:9]([C:8]1([H:18])[H:19])([H:20])[H:21])([H:11])[C:2](=[O:1])[O:3][H:10])([H:12])[H:13])([H:14])[H:15])[H:17],4.0,7.0
13,0.04578999997604461,AM1BCC,OpenEye,,,H,,14,[H:16][C:7]1([C:6]([C:5]([C:4]([C:9]([C:8]1([H:18])[H:19])([H:20])[H:21])([H:11])[C:2](=[O:1])[O:3][H:10])([H:12])[H:13])([H:14])[H:15])[H:17],4.0,7.0
14,0.04578999997604461,AM1BCC,OpenEye,,,H,,15,[H:16][C:7]1([C:6]([C:5]([C:4]([C:9]([C:8]1([H:18])[H:19])([H:20])[H:21])([H:11])[C:2](=[O:1])[O:3][H:10])([H:12])[H:13])([H:14])[H:15])[H:17],4.0,7.0
15,0.04040999905694099,AM1BCC,OpenEye,,,H,,16,[H:16][C:7]1([C:6]([C:5]([C:4]([C:9]([C:8]1([H:18])[H:19])([H:20])[H:21])([H:11])[C:2](=[O:1])[O:3][H:10])([H:12])[H:13])([H:14])[H:15])[H:17],4.0,7.0
16,0.04040999905694099,AM1BCC,OpenEye,,,H,,17,[H:16][C:7]1([C:6]([C:5]([C:4]([C:9]([C:8]1([H:18])[H:19])([H:20])[H:21])([H:11])[C:2](=[O:1])[O:3][H:10])([H:12])[H:13])([H:14])[H:15])[H:17],4.0,7.0
17,0.04578999997604461,AM1BCC,OpenEye,,,H,,18,[H:16][C:7]1([C:6]([C:5]([C:4]([C:9]([C:8]1([H:18])[H:19])([H:20])[H:21])([H:11])[C:2](=[O:1])[O:3][H:10])([H:12])[H:13])([H:14])[H:15])[H:17],4.0,7.0
18,0.04578999997604461,AM1BCC,OpenEye,,,H,,19,[H:16][C:7]1([C:6]([C:5]([C:4]([C:9]([C:8]1([H:18])[H:19])([H:20])[H:21])([H:11])[C:2](=[O:1])[O:3][H:10])([H:12])[H:13])([H:14])[H:15])[H:17],4.0,7.0
19,0.05422999904978843,AM1BCC,OpenEye,,,H,,20,[H:16][C:7]1([C:6]([C:5]([C:4]([C:9]([C:8]1([H:18])[H:19])([H:20])[H:21])([H:11])[C:2](=[O:1])[O:3][H:10])([H:12])[H:13])([H:14])[H:15])[H:17],4.0,7.0
20,0.05422999904978843,AM1BCC,OpenEye,,,H,,21,[H:16][C:7]1([C:6]([C:5]([C:4]([C:9]([C:8]1([H:18])[H:19])([H:20])[H:21])([H:11])[C:2](=[O:1])[O:3][H:10])([H:12])[H:13])([H:14])[H:15])[H:17],4.0,7.0
0,-0.5510476190476191,AM1BCC,AmberTools,,,O,,1,[H:16][C:7]1([C:6]([C:5]([C:4]([C:9]([C:8]1([H:18])[H:19])([H:20])[H:21])([H:11])[C:2](=[O:1])[O:3][H:10])([H:12])[H:13])([H:14])[H:15])[H:17],4.0,7.0
1,0.6350523809523809,AM1BCC,AmberTools,,,C,,2,[H:16][C:7]1([C:6]([C:5]([C:4]([C:9]([C:8]1([H:18])[H:19])([H:20])[H:21])([H:11])[C:2](=[O:1])[O:3][H:10])([H:12])[H:13])([H:14])[H:15])[H:17],4.0,7.0
2,-0.612147619047619,AM1BCC,AmberTools,,,O,,3,[H:16][C:7]1([C:6]([C:5]([C:4]([C:9]([C:8]1([H:18])[H:19])([H:20])[H:21])([H:11])[C:2](=[O:1])[O:3][H:10])([H:12])[H:13])([H:14])[H:15])[H:17],4.0,7.0
3,-0.10174761904761905,AM1BCC,AmberTools,,,C,,4,[H:16][C:7]1([C:6]([C:5]([C:4]([C:9]([C:8]1([H:18])[H:19])([H:20])[H:21])([H:11])[C:2](=[O:1])[O:3][H:10])([H:12])[H:13])([H:14])[H:15])[H:17],4.0,7.0
4,-0.07244761904761905,AM1BCC,AmberTools,,,C,,5,[H:16][C:7]1([C:6]([C:5]([C:4]([C:9]([C:8]1([H:18])[H:19])([H:20])[H:21])([H:11])[C:2](=[O:1])[O:3][H:10])([H:12])[H:13])([H:14])[H:15])[H:17],4.0,7.0
5,-0.07544761904761904,AM1BCC,AmberTools,,,C,,6,[H:16][C:7]1([C:6]([C:5]([C:4]([C:9]([C:8]1([H:18])[H:19])([H:20])[H:21])([H:11])[C:2](=[O:1])[O:3][H:10])([H:12])[H:13])([H:14])[H:15])[H:17],4.0,7.0
6,-0.07944761904761904,AM1BCC,AmberTools,,,C,,7,[H:16][C:7]1([C:6]([C:5]([C:4]([C:9]([C:8]1([H:18])[H:19])([H:20])[H:21])([H:11])[C:2](=[O:1])[O:3][H:10])([H:12])[H:13])([H:14])[H:15])[H:17],4.0,7.0
7,-0.07544761904761904,AM1BCC,AmberTools,,,C,,8,[H:16][C:7]1([C:6]([C:5]([C:4]([C:9]([C:8]1([H:18])[H:19])([H:20])[H:21])([H:11])[C:2](=[O:1])[O:3][H:10])([H:12])[H:13])([H:14])[H:15])[H:17],4.0,7.0
8,-0.07244761904761905,AM1BCC,AmberTools,,,C,,9,[H:16][C:7]1([C:6]([C:5]([C:4]([C:9]([C:8]1([H:18])[H:19])([H:20])[H:21])([H:11])[C:2](=[O:1])[O:3][H:10])([H:12])[H:13])([H:14])[H:15])[H:17],4.0,7.0
9,0.442952380952381,AM1BCC,AmberTools,,,H,,10,[H:16][C:7]1([C:6]([C:5]([C:4]([C:9]([C:8]1([H:18])[H:19])([H:20])[H:21])([H:11])[C:2](=[O:1])[O:3][H:10])([H:12])[H:13])([H:14])[H:15])[H:17],4.0,7.0
10,0.07965238095238095,AM1BCC,AmberTools,,,H,,11,[H:16][C:7]1([C:6]([C:5]([C:4]([C:9]([C:8]1([H:18])[H:19])([H:20])[H:21])([H:11])[C:2](=[O:1])[O:3][H:10])([H:12])[H:13])([H:14])[H:15])[H:17],4.0,7.0
11,0.056152380952380954,AM1BCC,AmberTools,,,H,,12,[H:16][C:7]1([C:6]([C:5]([C:4]([C:9]([C:8]1([H:18])[H:19])([H:20])[H:21])([H:11])[C:2](=[O:1])[O:3][H:10])([H:12])[H:13])([H:14])[H:15])[H:17],4.0,7.0
12,0.056152380952380954,AM1BCC,AmberTools,,,H,,13,[H:16][C:7]1([C:6]([C:5]([C:4]([C:9]([C:8]1([H:18])[H:19])([H:20])[H:21])([H:11])[C:2](=[O:1])[O:3][H:10])([H:12])[H:13])([H:14])[H:15])[H:17],4.0,7.0
13,0.04440238095238096,AM1BCC,AmberTools,,,H,,14,[H:16][C:7]1([C:6]([C:5]([C:4]([C:9]([C:8]1([H:18])[H:19])([H:20])[H:21])([H:11])[C:2](=[O:1])[O:3][H:10])([H:12])[H:13])([H:14])[H:15])[H:17],4.0,7.0
14,0.04440238095238096,AM1BCC,AmberTools,,,H,,15,[H:16][C:7]1([C:6]([C:5]([C:4]([C:9]([C:8]1([H:18])[H:19])([H:20])[H:21])([H:11])[C:2](=[O:1])[O:3][H:10])([H:12])[H:13])([H:14])[H:15])[H:17],4.0,7.0
15,0.04015238095238095,AM1BCC,AmberTools,,,H,,16,[H:16][C:7]1([C:6]([C:5]([C:4]([C:9]([C:8]1([H:18])[H:19])([H:20])[H:21])([H:11])[C:2](=[O:1])[O:3][H:10])([H:12])[H:13])([H:14])[H:15])[H:17],4.0,7.0
16,0.04015238095238095,AM1BCC,AmberTools,,,H,,17,[H:16][C:7]1([C:6]([C:5]([C:4]([C:9]([C:8]1([H:18])[H:19])([H:20])[H:21])([H:11])[C:2](=[O:1])[O:3][H:10])([H:12])[H:13])([H:14])[H:15])[H:17],4.0,7.0
17,0.04440238095238096,AM1BCC,AmberTools,,,H,,18,[H:16][C:7]1([C:6]([C:5]([C:4]([C:9]([C:8]1([H:18])[H:19])([H:20])[H:21])([H:11])[C:2](=[O:1])[O:3][H:10])([H:12])[H:13])([H:14])[H:15])[H:17],4.0,7.0
18,0.04440238095238096,AM1BCC,AmberTools,,,H,,19,[H:16][C:7]1([C:6]([C:5]([C:4]([C:9]([C:8]1([H:18])[H:19])([H:20])[H:21])([H:11])[C:2](=[O:1])[O:3][H:10])([H:12])[H:13])([H:14])[H:15])[H:17],4.0,7.0
19,0.056152380952380954,AM1BCC,AmberTools,,,H,,20,[H:16][C:7]1([C:6]([C:5]([C:4]([C:9]([C:8]1([H:18])[H:19])([H:20])[H:21])([H:11])[C:2](=[O:1])[O:3][H:10])([H:12])[H:13])([H:14])[H:15])[H:17],4.0,7.0
20,0.056152380952380954,AM1BCC,AmberTools,,,H,,21,[H:16][C:7]1([C:6]([C:5]([C:4]([C:9]([C:8]1([H:18])[H:19])([H:20])[H:21])([H:11])[C:2](=[O:1])[O:3][H:10])([H:12])[H:13])([H:14])[H:15])[H:17],4.0,7.0
0,-0.5523499864197913,AM1BCC,OpenEye,,,O,,1,[H:16][C:7]1([C:6]([C:5]([C:4]([C:9]([C:8]1([H:18])[H:19])([H:20])[H:21])([H:11])[C:2](=[O:1])[O:3][H:10])([H:12])[H:13])([H:14])[H:15])[H:17],4.0,8.0
1,0.6324599963568506,AM1BCC,OpenEye,,,C,,2,[H:16][C:7]1([C:6]([C:5]([C:4]([C:9]([C:8]1([H:18])[H:19])([H:20])[H:21])([H:11])[C:2](=[O:1])[O:3][H:10])([H:12])[H:13])([H:14])[H:15])[H:17],4.0,8.0
2,-0.601650001392478,AM1BCC,OpenEye,,,O,,3,[H:16][C:7]1([C:6]([C:5]([C:4]([C:9]([C:8]1([H:18])[H:19])([H:20])[H:21])([H:11])[C:2](=[O:1])[O:3][H:10])([H:12])[H:13])([H:14])[H:15])[H:17],4.0,8.0
3,-0.10548000215064912,AM1BCC,OpenEye,,,C,,4,[H:16][C:7]1([C:6]([C:5]([C:4]([C:9]([C:8]1([H:18])[H:19])([H:20])[H:21])([H:11])[C:2](=[O:1])[O:3][H:10])([H:12])[H:13])([H:14])[H:15])[H:17],4.0,8.0
4,-0.07077000467550187,AM1BCC,OpenEye,,,C,,5,[H:16][C:7]1([C:6]([C:5]([C:4]([C:9]([C:8]1([H:18])[H:19])([H:20])[H:21])([H:11])[C:2](=[O:1])[O:3][H:10])([H:12])[H:13])([H:14])[H:15])[H:17],4.0,8.0
5,-0.07672000108730226,AM1BCC,OpenEye,,,C,,6,[H:16][C:7]1([C:6]([C:5]([C:4]([C:9]([C:8]1([H:18])[H:19])([H:20])[H:21])([H:11])[C:2](=[O:1])[O:3][H:10])([H:12])[H:13])([H:14])[H:15])[H:17],4.0,8.0
6,-0.0801799985624495,AM1BCC,OpenEye,,,C,,7,[H:16][C:7]1([C:6]([C:5]([C:4]([C:9]([C:8]1([H:18])[H:19])([H:20])[H:21])([H:11])[C:2](=[O:1])[O:3][H:10])([H:12])[H:13])([H:14])[H:15])[H:17],4.0,8.0
7,-0.07672000108730226,AM1BCC,OpenEye,,,C,,8,[H:16][C:7]1([C:6]([C:5]([C:4]([C:9]([C:8]1([H:18])[H:19])([H:20])[H:21])([H:11])[C:2](=[O:1])[O:3][H:10])([H:12])[H:13])([H:14])[H:15])[H:17],4.0,8.0
8,-0.07077000467550187,AM1BCC,OpenEye,,,C,,9,[H:16][C:7]1([C:6]([C:5]([C:4]([C:9]([C:8]1([H:18])[H:19])([H:20])[H:21])([H:11])[C:2](=[O:1])[O:3][H:10])([H:12])[H:13])([H:14])[H:15])[H:17],4.0,8.0
9,0.4424900096796808,AM1BCC,OpenEye,,,H,,10,[H:16][C:7]1([C:6]([C:5]([C:4]([C:9]([C:8]1([H:18])[H:19])([H:20])[H:21])([H:11])[C:2](=[O:1])[O:3][H:10])([H:12])[H:13])([H:14])[H:15])[H:17],4.0,8.0
10,0.07878999979723067,AM1BCC,OpenEye,,,H,,11,[H:16][C:7]1([C:6]([C:5]([C:4]([C:9]([C:8]1([H:18])[H:19])([H:20])[H:21])([H:11])[C:2](=[O:1])[O:3][H:10])([H:12])[H:13])([H:14])[H:15])[H:17],4.0,8.0
11,0.05422999904978843,AM1BCC,OpenEye,,,H,,12,[H:16][C:7]1([C:6]([C:5]([C:4]([C:9]([C:8]1([H:18])[H:19])([H:20])[H:21])([H:11])[C:2](=[O:1])[O:3][H:10])([H:12])[H:13])([H:14])[H:15])[H:17],4.0,8.0
12,0.05422999904978843,AM1BCC,OpenEye,,,H,,13,[H:16][C:7]1([C:6]([C:5]([C:4]([C:9]([C:8]1([H:18])[H:19])([H:20])[H:21])([H:11])[C:2](=[O:1])[O:3][H:10])([H:12])[H:13])([H:14])[H:15])[H:17],4.0,8.0
13,0.04578999997604461,AM1BCC,OpenEye,,,H,,14,[H:16][C:7]1([C:6]([C:5]([C:4]([C:9]([C:8]1([H:18])[H:19])([H:20])[H:21])([H:11])[C:2](=[O:1])[O:3][H:10])([H:12])[H:13])([H:14])[H:15])[H:17],4.0,8.0
14,0.04578999997604461,AM1BCC,OpenEye,,,H,,15,[H:16][C:7]1([C:6]([C:5]([C:4]([C:9]([C:8]1([H:18])[H:19])([H:20])[H:21])([H:11])[C:2](=[O:1])[O:3][H:10])([H:12])[H:13])([H:14])[H:15])[H:17],4.0,8.0
15,0.04040999905694099,AM1BCC,OpenEye,,,H,,16,[H:16][C:7]1([C:6]([C:5]([C:4]([C:9]([C:8]1([H:18])[H:19])([H:20])[H:21])([H:11])[C:2](=[O:1])[O:3][H:10])([H:12])[H:13])([H:14])[H:15])[H:17],4.0,8.0
16,0.04040999905694099,AM1BCC,OpenEye,,,H,,17,[H:16][C:7]1([C:6]([C:5]([C:4]([C:9]([C:8]1([H:18])[H:19])([H:20])[H:21])([H:11])[C:2](=[O:1])[O:3][H:10])([H:12])[H:13])([H:14])[H:15])[H:17],4.0,8.0
17,0.04578999997604461,AM1BCC,OpenEye,,,H,,18,[H:16][C:7]1([C:6]([C:5]([C:4]([C:9]([C:8]1([H:18])[H:19])([H:20])[H:21])([H:11])[C:2](=[O:1])[O:3][H:10])([H:12])[H:13])([H:14])[H:15])[H:17],4.0,8.0
18,0.04578999997604461,AM1BCC,OpenEye,,,H,,19,[H:16][C:7]1([C:6]([C:5]([C:4]([C:9]([C:8]1([H:18])[H:19])([H:20])[H:21])([H:11])[C:2](=[O:1])[O:3][H:10])([H:12])[H:13])([H:14])[H:15])[H:17],4.0,8.0
19,0.05422999904978843,AM1BCC,OpenEye,,,H,,20,[H:16][C:7]1([C:6]([C:5]([C:4]([C:9]([C:8]1([H:18])[H:19])([H:20])[H:21])([H:11])[C:2](=[O:1])[O:3][H:10])([H:12])[H:13])([H:14])[H:15])[H:17],4.0,8.0
20,0.05422999904978843,AM1BCC,OpenEye,,,H,,21,[H:16][C:7]1([C:6]([C:5]([C:4]([C:9]([C:8]1([H:18])[H:19])([H:20])[H:21])([H:11])[C:2](=[O:1])[O:3][H:10])([H:12])[H:13])([H:14])[H:15])[H:17],4.0,8.0
0,-0.5510476190476191,AM1BCC,AmberTools,,,O,,1,[H:16][C:7]1([C:6]([C:5]([C:4]([C:9]([C:8]1([H:18])[H:19])([H:20])[H:21])([H:11])[C:2](=[O:1])[O:3][H:10])([H:12])[H:13])([H:14])[H:15])[H:17],4.0,8.0
1,0.6350523809523809,AM1BCC,AmberTools,,,C,,2,[H:16][C:7]1([C:6]([C:5]([C:4]([C:9]([C:8]1([H:18])[H:19])([H:20])[H:21])([H:11])[C:2](=[O:1])[O:3][H:10])([H:12])[H:13])([H:14])[H:15])[H:17],4.0,8.0
2,-0.612147619047619,AM1BCC,AmberTools,,,O,,3,[H:16][C:7]1([C:6]([C:5]([C:4]([C:9]([C:8]1([H:18])[H:19])([H:20])[H:21])([H:11])[C:2](=[O:1])[O:3][H:10])([H:12])[H:13])([H:14])[H:15])[H:17],4.0,8.0
3,-0.10174761904761905,AM1BCC,AmberTools,,,C,,4,[H:16][C:7]1([C:6]([C:5]([C:4]([C:9]([C:8]1([H:18])[H:19])([H:20])[H:21])([H:11])[C:2](=[O:1])[O:3][H:10])([H:12])[H:13])([H:14])[H:15])[H:17],4.0,8.0
4,-0.07244761904761905,AM1BCC,AmberTools,,,C,,5,[H:16][C:7]1([C:6]([C:5]([C:4]([C:9]([C:8]1([H:18])[H:19])([H:20])[H:21])([H:11])[C:2](=[O:1])[O:3][H:10])([H:12])[H:13])([H:14])[H:15])[H:17],4.0,8.0
5,-0.07544761904761904,AM1BCC,AmberTools,,,C,,6,[H:16][C:7]1([C:6]([C:5]([C:4]([C:9]([C:8]1([H:18])[H:19])([H:20])[H:21])([H:11])[C:2](=[O:1])[O:3][H:10])([H:12])[H:13])([H:14])[H:15])[H:17],4.0,8.0
6,-0.07944761904761904,AM1BCC,AmberTools,,,C,,7,[H:16][C:7]1([C:6]([C:5]([C:4]([C:9]([C:8]1([H:18])[H:19])([H:20])[H:21])([H:11])[C:2](=[O:1])[O:3][H:10])([H:12])[H:13])([H:14])[H:15])[H:17],4.0,8.0
7,-0.07544761904761904,AM1BCC,AmberTools,,,C,,8,[H:16][C:7]1([C:6]([C:5]([C:4]([C:9]([C:8]1([H:18])[H:19])([H:20])[H:21])([H:11])[C:2](=[O:1])[O:3][H:10])([H:12])[H:13])([H:14])[H:15])[H:17],4.0,8.0
8,-0.07244761904761905,AM1BCC,AmberTools,,,C,,9,[H:16][C:7]1([C:6]([C:5]([C:4]([C:9]([C:8]1([H:18])[H:19])([H:20])[H:21])([H:11])[C:2](=[O:1])[O:3][H:10])([H:12])[H:13])([H:14])[H:15])[H:17],4.0,8.0
9,0.442952380952381,AM1BCC,AmberTools,,,H,,10,[H:16][C:7]1([C:6]([C:5]([C:4]([C:9]([C:8]1([H:18])[H:19])([H:20])[H:21])([H:11])[C:2](=[O:1])[O:3][H:10])([H:12])[H:13])([H:14])[H:15])[H:17],4.0,8.0
10,0.07965238095238095,AM1BCC,AmberTools,,,H,,11,[H:16][C:7]1([C:6]([C:5]([C:4]([C:9]([C:8]1([H:18])[H:19])([H:20])[H:21])([H:11])[C:2](=[O:1])[O:3][H:10])([H:12])[H:13])([H:14])[H:15])[H:17],4.0,8.0
11,0.056152380952380954,AM1BCC,AmberTools,,,H,,12,[H:16][C:7]1([C:6]([C:5]([C:4]([C:9]([C:8]1([H:18])[H:19])([H:20])[H:21])([H:11])[C:2](=[O:1])[O:3][H:10])([H:12])[H:13])([H:14])[H:15])[H:17],4.0,8.0
12,0.056152380952380954,AM1BCC,AmberTools,,,H,,13,[H:16][C:7]1([C:6]([C:5]([C:4]([C:9]([C:8]1([H:18])[H:19])([H:20])[H:21])([H:11])[C:2](=[O:1])[O:3][H:10])([H:12])[H:13])([H:14])[H:15])[H:17],4.0,8.0
13,0.04440238095238096,AM1BCC,AmberTools,,,H,,14,[H:16][C:7]1([C:6]([C:5]([C:4]([C:9]([C:8]1([H:18])[H:19])([H:20])[H:21])([H:11])[C:2](=[O:1])[O:3][H:10])([H:12])[H:13])([H:14])[H:15])[H:17],4.0,8.0
14,0.04440238095238096,AM1BCC,AmberTools,,,H,,15,[H:16][C:7]1([C:6]([C:5]([C:4]([C:9]([C:8]1([H:18])[H:19])([H:20])[H:21])([H:11])[C:2](=[O:1])[O:3][H:10])([H:12])[H:13])([H:14])[H:15])[H:17],4.0,8.0
15,0.04015238095238095,AM1BCC,AmberTools,,,H,,16,[H:16][C:7]1([C:6]([C:5]([C:4]([C:9]([C:8]1([H:18])[H:19])([H:20])[H:21])([H:11])[C:2](=[O:1])[O:3][H:10])([H:12])[H:13])([H:14])[H:15])[H:17],4.0,8.0
16,0.04015238095238095,AM1BCC,AmberTools,,,H,,17,[H:16][C:7]1([C:6]([C:5]([C:4]([C:9]([C:8]1([H:18])[H:19])([H:20])[H:21])([H:11])[C:2](=[O:1])[O:3][H:10])([H:12])[H:13])([H:14])[H:15])[H:17],4.0,8.0
17,0.04440238095238096,AM1BCC,AmberTools,,,H,,18,[H:16][C:7]1([C:6]([C:5]([C:4]([C:9]([C:8]1([H:18])[H:19])([H:20])[H:21])([H:11])[C:2](=[O:1])[O:3][H:10])([H:12])[H:13])([H:14])[H:15])[H:17],4.0,8.0
18,0.04440238095238096,AM1BCC,AmberTools,,,H,,19,[H:16][C:7]1([C:6]([C:5]([C:4]([C:9]([C:8]1([H:18])[H:19])([H:20])[H:21])([H:11])[C:2](=[O:1])[O:3][H:10])([H:12])[H:13])([H:14])[H:15])[H:17],4.0,8.0
19,0.056152380952380954,AM1BCC,AmberTools,,,H,,20,[H:16][C:7]1([C:6]([C:5]([C:4]([C:9]([C:8]1([H:18])[H:19])([H:20])[H:21])([H:11])[C:2](=[O:1])[O:3][H:10])([H:12])[H:13])([H:14])[H:15])[H:17],4.0,8.0
20,0.056152380952380954,AM1BCC,AmberTools,,,H,,21,[H:16][C:7]1([C:6]([C:5]([C:4]([C:9]([C:8]1([H:18])[H:19])([H:20])[H:21])([H:11])[C:2](=[O:1])[O:3][H:10])([H:12])[H:13])([H:14])[H:15])[H:17],4.0,8.0
0,-0.5523499864197913,AM1BCC,OpenEye,,,O,,1,[H:16][C:7]1([C:6]([C:5]([C:4]([C:9]([C:8]1([H:18])[H:19])([H:20])[H:21])([H:11])[C:2](=[O:1])[O:3][H:10])([H:12])[H:13])([H:14])[H:15])[H:17],4.0,9.0
1,0.6324599963568506,AM1BCC,OpenEye,,,C,,2,[H:16][C:7]1([C:6]([C:5]([C:4]([C:9]([C:8]1([H:18])[H:19])([H:20])[H:21])([H:11])[C:2](=[O:1])[O:3][H:10])([H:12])[H:13])([H:14])[H:15])[H:17],4.0,9.0
2,-0.601650001392478,AM1BCC,OpenEye,,,O,,3,[H:16][C:7]1([C:6]([C:5]([C:4]([C:9]([C:8]1([H:18])[H:19])([H:20])[H:21])([H:11])[C:2](=[O:1])[O:3][H:10])([H:12])[H:13])([H:14])[H:15])[H:17],4.0,9.0
3,-0.10548000215064912,AM1BCC,OpenEye,,,C,,4,[H:16][C:7]1([C:6]([C:5]([C:4]([C:9]([C:8]1([H:18])[H:19])([H:20])[H:21])([H:11])[C:2](=[O:1])[O:3][H:10])([H:12])[H:13])([H:14])[H:15])[H:17],4.0,9.0
4,-0.07077000467550187,AM1BCC,OpenEye,,,C,,5,[H:16][C:7]1([C:6]([C:5]([C:4]([C:9]([C:8]1([H:18])[H:19])([H:20])[H:21])([H:11])[C:2](=[O:1])[O:3][H:10])([H:12])[H:13])([H:14])[H:15])[H:17],4.0,9.0
5,-0.07672000108730226,AM1BCC,OpenEye,,,C,,6,[H:16][C:7]1([C:6]([C:5]([C:4]([C:9]([C:8]1([H:18])[H:19])([H:20])[H:21])([H:11])[C:2](=[O:1])[O:3][H:10])([H:12])[H:13])([H:14])[H:15])[H:17],4.0,9.0
6,-0.0801799985624495,AM1BCC,OpenEye,,,C,,7,[H:16][C:7]1([C:6]([C:5]([C:4]([C:9]([C:8]1([H:18])[H:19])([H:20])[H:21])([H:11])[C:2](=[O:1])[O:3][H:10])([H:12])[H:13])([H:14])[H:15])[H:17],4.0,9.0
7,-0.07672000108730226,AM1BCC,OpenEye,,,C,,8,[H:16][C:7]1([C:6]([C:5]([C:4]([C:9]([C:8]1([H:18])[H:19])([H:20])[H:21])([H:11])[C:2](=[O:1])[O:3][H:10])([H:12])[H:13])([H:14])[H:15])[H:17],4.0,9.0
8,-0.07077000467550187,AM1BCC,OpenEye,,,C,,9,[H:16][C:7]1([C:6]([C:5]([C:4]([C:9]([C:8]1([H:18])[H:19])([H:20])[H:21])([H:11])[C:2](=[O:1])[O:3][H:10])([H:12])[H:13])([H:14])[H:15])[H:17],4.0,9.0
9,0.4424900096796808,AM1BCC,OpenEye,,,H,,10,[H:16][C:7]1([C:6]([C:5]([C:4]([C:9]([C:8]1([H:18])[H:19])([H:20])[H:21])([H:11])[C:2](=[O:1])[O:3][H:10])([H:12])[H:13])([H:14])[H:15])[H:17],4.0,9.0
10,0.07878999979723067,AM1BCC,OpenEye,,,H,,11,[H:16][C:7]1([C:6]([C:5]([C:4]([C:9]([C:8]1([H:18])[H:19])([H:20])[H:21])([H:11])[C:2](=[O:1])[O:3][H:10])([H:12])[H:13])([H:14])[H:15])[H:17],4.0,9.0
11,0.05422999904978843,AM1BCC,OpenEye,,,H,,12,[H:16][C:7]1([C:6]([C:5]([C:4]([C:9]([C:8]1([H:18])[H:19])([H:20])[H:21])([H:11])[C:2](=[O:1])[O:3][H:10])([H:12])[H:13])([H:14])[H:15])[H:17],4.0,9.0
12,0.05422999904978843,AM1BCC,OpenEye,,,H,,13,[H:16][C:7]1([C:6]([C:5]([C:4]([C:9]([C:8]1([H:18])[H:19])([H:20])[H:21])([H:11])[C:2](=[O:1])[O:3][H:10])([H:12])[H:13])([H:14])[H:15])[H:17],4.0,9.0
13,0.04578999997604461,AM1BCC,OpenEye,,,H,,14,[H:16][C:7]1([C:6]([C:5]([C:4]([C:9]([C:8]1([H:18])[H:19])([H:20])[H:21])([H:11])[C:2](=[O:1])[O:3][H:10])([H:12])[H:13])([H:14])[H:15])[H:17],4.0,9.0
14,0.04578999997604461,AM1BCC,OpenEye,,,H,,15,[H:16][C:7]1([C:6]([C:5]([C:4]([C:9]([C:8]1([H:18])[H:19])([H:20])[H:21])([H:11])[C:2](=[O:1])[O:3][H:10])([H:12])[H:13])([H:14])[H:15])[H:17],4.0,9.0
15,0.04040999905694099,AM1BCC,OpenEye,,,H,,16,[H:16][C:7]1([C:6]([C:5]([C:4]([C:9]([C:8]1([H:18])[H:19])([H:20])[H:21])([H:11])[C:2](=[O:1])[O:3][H:10])([H:12])[H:13])([H:14])[H:15])[H:17],4.0,9.0
16,0.04040999905694099,AM1BCC,OpenEye,,,H,,17,[H:16][C:7]1([C:6]([C:5]([C:4]([C:9]([C:8]1([H:18])[H:19])([H:20])[H:21])([H:11])[C:2](=[O:1])[O:3][H:10])([H:12])[H:13])([H:14])[H:15])[H:17],4.0,9.0
17,0.04578999997604461,AM1BCC,OpenEye,,,H,,18,[H:16][C:7]1([C:6]([C:5]([C:4]([C:9]([C:8]1([H:18])[H:19])([H:20])[H:21])([H:11])[C:2](=[O:1])[O:3][H:10])([H:12])[H:13])([H:14])[H:15])[H:17],4.0,9.0
18,0.04578999997604461,AM1BCC,OpenEye,,,H,,19,[H:16][C:7]1([C:6]([C:5]([C:4]([C:9]([C:8]1([H:18])[H:19])([H:20])[H:21])([H:11])[C:2](=[O:1])[O:3][H:10])([H:12])[H:13])([H:14])[H:15])[H:17],4.0,9.0
19,0.05422999904978843,AM1BCC,OpenEye,,,H,,20,[H:16][C:7]1([C:6]([C:5]([C:4]([C:9]([C:8]1([H:18])[H:19])([H:20])[H:21])([H:11])[C:2](=[O:1])[O:3][H:10])([H:12])[H:13])([H:14])[H:15])[H:17],4.0,9.0
20,0.05422999904978843,AM1BCC,OpenEye,,,H,,21,[H:16][C:7]1([C:6]([C:5]([C:4]([C:9]([C:8]1([H:18])[H:19])([H:20])[H:21])([H:11])[C:2](=[O:1])[O:3][H:10])([H:12])[H:13])([H:14])[H:15])[H:17],4.0,9.0
0,-0.5510476190476191,AM1BCC,AmberTools,,,O,,1,[H:16][C:7]1([C:6]([C:5]([C:4]([C:9]([C:8]1([H:18])[H:19])([H:20])[H:21])([H:11])[C:2](=[O:1])[O:3][H:10])([H:12])[H:13])([H:14])[H:15])[H:17],4.0,9.0
1,0.6350523809523809,AM1BCC,AmberTools,,,C,,2,[H:16][C:7]1([C:6]([C:5]([C:4]([C:9]([C:8]1([H:18])[H:19])([H:20])[H:21])([H:11])[C:2](=[O:1])[O:3][H:10])([H:12])[H:13])([H:14])[H:15])[H:17],4.0,9.0
2,-0.612147619047619,AM1BCC,AmberTools,,,O,,3,[H:16][C:7]1([C:6]([C:5]([C:4]([C:9]([C:8]1([H:18])[H:19])([H:20])[H:21])([H:11])[C:2](=[O:1])[O:3][H:10])([H:12])[H:13])([H:14])[H:15])[H:17],4.0,9.0
3,-0.10174761904761905,AM1BCC,AmberTools,,,C,,4,[H:16][C:7]1([C:6]([C:5]([C:4]([C:9]([C:8]1([H:18])[H:19])([H:20])[H:21])([H:11])[C:2](=[O:1])[O:3][H:10])([H:12])[H:13])([H:14])[H:15])[H:17],4.0,9.0
4,-0.07244761904761905,AM1BCC,AmberTools,,,C,,5,[H:16][C:7]1([C:6]([C:5]([C:4]([C:9]([C:8]1([H:18])[H:19])([H:20])[H:21])([H:11])[C:2](=[O:1])[O:3][H:10])([H:12])[H:13])([H:14])[H:15])[H:17],4.0,9.0
5,-0.07544761904761904,AM1BCC,AmberTools,,,C,,6,[H:16][C:7]1([C:6]([C:5]([C:4]([C:9]([C:8]1([H:18])[H:19])([H:20])[H:21])([H:11])[C:2](=[O:1])[O:3][H:10])([H:12])[H:13])([H:14])[H:15])[H:17],4.0,9.0
6,-0.07944761904761904,AM1BCC,AmberTools,,,C,,7,[H:16][C:7]1([C:6]([C:5]([C:4]([C:9]([C:8]1([H:18])[H:19])([H:20])[H:21])([H:11])[C:2](=[O:1])[O:3][H:10])([H:12])[H:13])([H:14])[H:15])[H:17],4.0,9.0
7,-0.07544761904761904,AM1BCC,AmberTools,,,C,,8,[H:16][C:7]1([C:6]([C:5]([C:4]([C:9]([C:8]1([H:18])[H:19])([H:20])[H:21])([H:11])[C:2](=[O:1])[O:3][H:10])([H:12])[H:13])([H:14])[H:15])[H:17],4.0,9.0
8,-0.07244761904761905,AM1BCC,AmberTools,,,C,,9,[H:16][C:7]1([C:6]([C:5]([C:4]([C:9]([C:8]1([H:18])[H:19])([H:20])[H:21])([H:11])[C:2](=[O:1])[O:3][H:10])([H:12])[H:13])([H:14])[H:15])[H:17],4.0,9.0
9,0.442952380952381,AM1BCC,AmberTools,,,H,,10,[H:16][C:7]1([C:6]([C:5]([C:4]([C:9]([C:8]1([H:18])[H:19])([H:20])[H:21])([H:11])[C:2](=[O:1])[O:3][H:10])([H:12])[H:13])([H:14])[H:15])[H:17],4.0,9.0
10,0.07965238095238095,AM1BCC,AmberTools,,,H,,11,[H:16][C:7]1([C:6]([C:5]([C:4]([C:9]([C:8]1([H:18])[H:19])([H:20])[H:21])([H:11])[C:2](=[O:1])[O:3][H:10])([H:12])[H:13])([H:14])[H:15])[H:17],4.0,9.0
11,0.056152380952380954,AM1BCC,AmberTools,,,H,,12,[H:16][C:7]1([C:6]([C:5]([C:4]([C:9]([C:8]1([H:18])[H:19])([H:20])[H:21])([H:11])[C:2](=[O:1])[O:3][H:10])([H:12])[H:13])([H:14])[H:15])[H:17],4.0,9.0
12,0.056152380952380954,AM1BCC,AmberTools,,,H,,13,[H:16][C:7]1([C:6]([C:5]([C:4]([C:9]([C:8]1([H:18])[H:19])([H:20])[H:21])([H:11])[C:2](=[O:1])[O:3][H:10])([H:12])[H:13])([H:14])[H:15])[H:17],4.0,9.0
13,0.04440238095238096,AM1BCC,AmberTools,,,H,,14,[H:16][C:7]1([C:6]([C:5]([C:4]([C:9]([C:8]1([H:18])[H:19])([H:20])[H:21])([H:11])[C:2](=[O:1])[O:3][H:10])([H:12])[H:13])([H:14])[H:15])[H:17],4.0,9.0
14,0.04440238095238096,AM1BCC,AmberTools,,,H,,15,[H:16][C:7]1([C:6]([C:5]([C:4]([C:9]([C:8]1([H:18])[H:19])([H:20])[H:21])([H:11])[C:2](=[O:1])[O:3][H:10])([H:12])[H:13])([H:14])[H:15])[H:17],4.0,9.0
15,0.04015238095238095,AM1BCC,AmberTools,,,H,,16,[H:16][C:7]1([C:6]([C:5]([C:4]([C:9]([C:8]1([H:18])[H:19])([H:20])[H:21])([H:11])[C:2](=[O:1])[O:3][H:10])([H:12])[H:13])([H:14])[H:15])[H:17],4.0,9.0
16,0.04015238095238095,AM1BCC,AmberTools,,,H,,17,[H:16][C:7]1([C:6]([C:5]([C:4]([C:9]([C:8]1([H:18])[H:19])([H:20])[H:21])([H:11])[C:2](=[O:1])[O:3][H:10])([H:12])[H:13])([H:14])[H:15])[H:17],4.0,9.0
17,0.04440238095238096,AM1BCC,AmberTools,,,H,,18,[H:16][C:7]1([C:6]([C:5]([C:4]([C:9]([C:8]1([H:18])[H:19])([H:20])[H:21])([H:11])[C:2](=[O:1])[O:3][H:10])([H:12])[H:13])([H:14])[H:15])[H:17],4.0,9.0
18,0.04440238095238096,AM1BCC,AmberTools,,,H,,19,[H:16][C:7]1([C:6]([C:5]([C:4]([C:9]([C:8]1([H:18])[H:19])([H:20])[H:21])([H:11])[C:2](=[O:1])[O:3][H:10])([H:12])[H:13])([H:14])[H:15])[H:17],4.0,9.0
19,0.056152380952380954,AM1BCC,AmberTools,,,H,,20,[H:16][C:7]1([C:6]([C:5]([C:4]([C:9]([C:8]1([H:18])[H:19])([H:20])[H:21])([H:11])[C:2](=[O:1])[O:3][H:10])([H:12])[H:13])([H:14])[H:15])[H:17],4.0,9.0
20,0.056152380952380954,AM1BCC,AmberTools,,,H,,21,[H:16][C:7]1([C:6]([C:5]([C:4]([C:9]([C:8]1([H:18])[H:19])([H:20])[H:21])([H:11])[C:2](=[O:1])[O:3][H:10])([H:12])[H:13])([H:14])[H:15])[H:17],4.0,9.0
0,-0.5523499864197913,AM1BCC,OpenEye,,,O,,1,[H:16][C:7]1([C:6]([C:5]([C:4]([C:9]([C:8]1([H:18])[H:19])([H:20])[H:21])([H:11])[C:2](=[O:1])[O:3][H:10])([H:12])[H:13])([H:14])[H:15])[H:17],4.0,10.0
1,0.6324599963568506,AM1BCC,OpenEye,,,C,,2,[H:16][C:7]1([C:6]([C:5]([C:4]([C:9]([C:8]1([H:18])[H:19])([H:20])[H:21])([H:11])[C:2](=[O:1])[O:3][H:10])([H:12])[H:13])([H:14])[H:15])[H:17],4.0,10.0
2,-0.601650001392478,AM1BCC,OpenEye,,,O,,3,[H:16][C:7]1([C:6]([C:5]([C:4]([C:9]([C:8]1([H:18])[H:19])([H:20])[H:21])([H:11])[C:2](=[O:1])[O:3][H:10])([H:12])[H:13])([H:14])[H:15])[H:17],4.0,10.0
3,-0.10548000215064912,AM1BCC,OpenEye,,,C,,4,[H:16][C:7]1([C:6]([C:5]([C:4]([C:9]([C:8]1([H:18])[H:19])([H:20])[H:21])([H:11])[C:2](=[O:1])[O:3][H:10])([H:12])[H:13])([H:14])[H:15])[H:17],4.0,10.0
4,-0.07077000467550187,AM1BCC,OpenEye,,,C,,5,[H:16][C:7]1([C:6]([C:5]([C:4]([C:9]([C:8]1([H:18])[H:19])([H:20])[H:21])([H:11])[C:2](=[O:1])[O:3][H:10])([H:12])[H:13])([H:14])[H:15])[H:17],4.0,10.0
5,-0.07672000108730226,AM1BCC,OpenEye,,,C,,6,[H:16][C:7]1([C:6]([C:5]([C:4]([C:9]([C:8]1([H:18])[H:19])([H:20])[H:21])([H:11])[C:2](=[O:1])[O:3][H:10])([H:12])[H:13])([H:14])[H:15])[H:17],4.0,10.0
6,-0.0801799985624495,AM1BCC,OpenEye,,,C,,7,[H:16][C:7]1([C:6]([C:5]([C:4]([C:9]([C:8]1([H:18])[H:19])([H:20])[H:21])([H:11])[C:2](=[O:1])[O:3][H:10])([H:12])[H:13])([H:14])[H:15])[H:17],4.0,10.0
7,-0.07672000108730226,AM1BCC,OpenEye,,,C,,8,[H:16][C:7]1([C:6]([C:5]([C:4]([C:9]([C:8]1([H:18])[H:19])([H:20])[H:21])([H:11])[C:2](=[O:1])[O:3][H:10])([H:12])[H:13])([H:14])[H:15])[H:17],4.0,10.0
8,-0.07077000467550187,AM1BCC,OpenEye,,,C,,9,[H:16][C:7]1([C:6]([C:5]([C:4]([C:9]([C:8]1([H:18])[H:19])([H:20])[H:21])([H:11])[C:2](=[O:1])[O:3][H:10])([H:12])[H:13])([H:14])[H:15])[H:17],4.0,10.0
9,0.4424900096796808,AM1BCC,OpenEye,,,H,,10,[H:16][C:7]1([C:6]([C:5]([C:4]([C:9]([C:8]1([H:18])[H:19])([H:20])[H:21])([H:11])[C:2](=[O:1])[O:3][H:10])([H:12])[H:13])([H:14])[H:15])[H:17],4.0,10.0
10,0.07878999979723067,AM1BCC,OpenEye,,,H,,11,[H:16][C:7]1([C:6]([C:5]([C:4]([C:9]([C:8]1([H:18])[H:19])([H:20])[H:21])([H:11])[C:2](=[O:1])[O:3][H:10])([H:12])[H:13])([H:14])[H:15])[H:17],4.0,10.0
11,0.05422999904978843,AM1BCC,OpenEye,,,H,,12,[H:16][C:7]1([C:6]([C:5]([C:4]([C:9]([C:8]1([H:18])[H:19])([H:20])[H:21])([H:11])[C:2](=[O:1])[O:3][H:10])([H:12])[H:13])([H:14])[H:15])[H:17],4.0,10.0
12,0.05422999904978843,AM1BCC,OpenEye,,,H,,13,[H:16][C:7]1([C:6]([C:5]([C:4]([C:9]([C:8]1([H:18])[H:19])([H:20])[H:21])([H:11])[C:2](=[O:1])[O:3][H:10])([H:12])[H:13])([H:14])[H:15])[H:17],4.0,10.0
13,0.04578999997604461,AM1BCC,OpenEye,,,H,,14,[H:16][C:7]1([C:6]([C:5]([C:4]([C:9]([C:8]1([H:18])[H:19])([H:20])[H:21])([H:11])[C:2](=[O:1])[O:3][H:10])([H:12])[H:13])([H:14])[H:15])[H:17],4.0,10.0
14,0.04578999997604461,AM1BCC,OpenEye,,,H,,15,[H:16][C:7]1([C:6]([C:5]([C:4]([C:9]([C:8]1([H:18])[H:19])([H:20])[H:21])([H:11])[C:2](=[O:1])[O:3][H:10])([H:12])[H:13])([H:14])[H:15])[H:17],4.0,10.0
15,0.04040999905694099,AM1BCC,OpenEye,,,H,,16,[H:16][C:7]1([C:6]([C:5]([C:4]([C:9]([C:8]1([H:18])[H:19])([H:20])[H:21])([H:11])[C:2](=[O:1])[O:3][H:10])([H:12])[H:13])([H:14])[H:15])[H:17],4.0,10.0
16,0.04040999905694099,AM1BCC,OpenEye,,,H,,17,[H:16][C:7]1([C:6]([C:5]([C:4]([C:9]([C:8]1([H:18])[H:19])([H:20])[H:21])([H:11])[C:2](=[O:1])[O:3][H:10])([H:12])[H:13])([H:14])[H:15])[H:17],4.0,10.0
17,0.04578999997604461,AM1BCC,OpenEye,,,H,,18,[H:16][C:7]1([C:6]([C:5]([C:4]([C:9]([C:8]1([H:18])[H:19])([H:20])[H:21])([H:11])[C:2](=[O:1])[O:3][H:10])([H:12])[H:13])([H:14])[H:15])[H:17],4.0,10.0
18,0.04578999997604461,AM1BCC,OpenEye,,,H,,19,[H:16][C:7]1([C:6]([C:5]([C:4]([C:9]([C:8]1([H:18])[H:19])([H:20])[H:21])([H:11])[C:2](=[O:1])[O:3][H:10])([H:12])[H:13])([H:14])[H:15])[H:17],4.0,10.0
19,0.05422999904978843,AM1BCC,OpenEye,,,H,,20,[H:16][C:7]1([C:6]([C:5]([C:4]([C:9]([C:8]1([H:18])[H:19])([H:20])[H:21])([H:11])[C:2](=[O:1])[O:3][H:10])([H:12])[H:13])([H:14])[H:15])[H:17],4.0,10.0
20,0.05422999904978843,AM1BCC,OpenEye,,,H,,21,[H:16][C:7]1([C:6]([C:5]([C:4]([C:9]([C:8]1([H:18])[H:19])([H:20])[H:21])([H:11])[C:2](=[O:1])[O:3][H:10])([H:12])[H:13])([H:14])[H:15])[H:17],4.0,10.0
0,-0.5510476190476191,AM1BCC,AmberTools,,,O,,1,[H:16][C:7]1([C:6]([C:5]([C:4]([C:9]([C:8]1([H:18])[H:19])([H:20])[H:21])([H:11])[C:2](=[O:1])[O:3][H:10])([H:12])[H:13])([H:14])[H:15])[H:17],4.0,10.0
1,0.6350523809523809,AM1BCC,AmberTools,,,C,,2,[H:16][C:7]1([C:6]([C:5]([C:4]([C:9]([C:8]1([H:18])[H:19])([H:20])[H:21])([H:11])[C:2](=[O:1])[O:3][H:10])([H:12])[H:13])([H:14])[H:15])[H:17],4.0,10.0
2,-0.612147619047619,AM1BCC,AmberTools,,,O,,3,[H:16][C:7]1([C:6]([C:5]([C:4]([C:9]([C:8]1([H:18])[H:19])([H:20])[H:21])([H:11])[C:2](=[O:1])[O:3][H:10])([H:12])[H:13])([H:14])[H:15])[H:17],4.0,10.0
3,-0.10174761904761905,AM1BCC,AmberTools,,,C,,4,[H:16][C:7]1([C:6]([C:5]([C:4]([C:9]([C:8]1([H:18])[H:19])([H:20])[H:21])([H:11])[C:2](=[O:1])[O:3][H:10])([H:12])[H:13])([H:14])[H:15])[H:17],4.0,10.0
4,-0.07244761904761905,AM1BCC,AmberTools,,,C,,5,[H:16][C:7]1([C:6]([C:5]([C:4]([C:9]([C:8]1([H:18])[H:19])([H:20])[H:21])([H:11])[C:2](=[O:1])[O:3][H:10])([H:12])[H:13])([H:14])[H:15])[H:17],4.0,10.0
5,-0.07544761904761904,AM1BCC,AmberTools,,,C,,6,[H:16][C:7]1([C:6]([C:5]([C:4]([C:9]([C:8]1([H:18])[H:19])([H:20])[H:21])([H:11])[C:2](=[O:1])[O:3][H:10])([H:12])[H:13])([H:14])[H:15])[H:17],4.0,10.0
6,-0.07944761904761904,AM1BCC,AmberTools,,,C,,7,[H:16][C:7]1([C:6]([C:5]([C:4]([C:9]([C:8]1([H:18])[H:19])([H:20])[H:21])([H:11])[C:2](=[O:1])[O:3][H:10])([H:12])[H:13])([H:14])[H:15])[H:17],4.0,10.0
7,-0.07544761904761904,AM1BCC,AmberTools,,,C,,8,[H:16][C:7]1([C:6]([C:5]([C:4]([C:9]([C:8]1([H:18])[H:19])([H:20])[H:21])([H:11])[C:2](=[O:1])[O:3][H:10])([H:12])[H:13])([H:14])[H:15])[H:17],4.0,10.0
8,-0.07244761904761905,AM1BCC,AmberTools,,,C,,9,[H:16][C:7]1([C:6]([C:5]([C:4]([C:9]([C:8]1([H:18])[H:19])([H:20])[H:21])([H:11])[C:2](=[O:1])[O:3][H:10])([H:12])[H:13])([H:14])[H:15])[H:17],4.0,10.0
9,0.442952380952381,AM1BCC,AmberTools,,,H,,10,[H:16][C:7]1([C:6]([C:5]([C:4]([C:9]([C:8]1([H:18])[H:19])([H:20])[H:21])([H:11])[C:2](=[O:1])[O:3][H:10])([H:12])[H:13])([H:14])[H:15])[H:17],4.0,10.0
10,0.07965238095238095,AM1BCC,AmberTools,,,H,,11,[H:16][C:7]1([C:6]([C:5]([C:4]([C:9]([C:8]1([H:18])[H:19])([H:20])[H:21])([H:11])[C:2](=[O:1])[O:3][H:10])([H:12])[H:13])([H:14])[H:15])[H:17],4.0,10.0
11,0.056152380952380954,AM1BCC,AmberTools,,,H,,12,[H:16][C:7]1([C:6]([C:5]([C:4]([C:9]([C:8]1([H:18])[H:19])([H:20])[H:21])([H:11])[C:2](=[O:1])[O:3][H:10])([H:12])[H:13])([H:14])[H:15])[H:17],4.0,10.0
12,0.056152380952380954,AM1BCC,AmberTools,,,H,,13,[H:16][C:7]1([C:6]([C:5]([C:4]([C:9]([C:8]1([H:18])[H:19])([H:20])[H:21])([H:11])[C:2](=[O:1])[O:3][H:10])([H:12])[H:13])([H:14])[H:15])[H:17],4.0,10.0
13,0.04440238095238096,AM1BCC,AmberTools,,,H,,14,[H:16][C:7]1([C:6]([C:5]([C:4]([C:9]([C:8]1([H:18])[H:19])([H:20])[H:21])([H:11])[C:2](=[O:1])[O:3][H:10])([H:12])[H:13])([H:14])[H:15])[H:17],4.0,10.0
14,0.04440238095238096,AM1BCC,AmberTools,,,H,,15,[H:16][C:7]1([C:6]([C:5]([C:4]([C:9]([C:8]1([H:18])[H:19])([H:20])[H:21])([H:11])[C:2](=[O:1])[O:3][H:10])([H:12])[H:13])([H:14])[H:15])[H:17],4.0,10.0
15,0.04015238095238095,AM1BCC,AmberTools,,,H,,16,[H:16][C:7]1([C:6]([C:5]([C:4]([C:9]([C:8]1([H:18])[H:19])([H:20])[H:21])([H:11])[C:2](=[O:1])[O:3][H:10])([H:12])[H:13])([H:14])[H:15])[H:17],4.0,10.0
16,0.04015238095238095,AM1BCC,AmberTools,,,H,,17,[H:16][C:7]1([C:6]([C:5]([C:4]([C:9]([C:8]1([H:18])[H:19])([H:20])[H:21])([H:11])[C:2](=[O:1])[O:3][H:10])([H:12])[H:13])([H:14])[H:15])[H:17],4.0,10.0
17,0.04440238095238096,AM1BCC,AmberTools,,,H,,18,[H:16][C:7]1([C:6]([C:5]([C:4]([C:9]([C:8]1([H:18])[H:19])([H:20])[H:21])([H:11])[C:2](=[O:1])[O:3][H:10])([H:12])[H:13])([H:14])[H:15])[H:17],4.0,10.0
18,0.04440238095238096,AM1BCC,AmberTools,,,H,,19,[H:16][C:7]1([C:6]([C:5]([C:4]([C:9]([C:8]1([H:18])[H:19])([H:20])[H:21])([H:11])[C:2](=[O:1])[O:3][H:10])([H:12])[H:13])([H:14])[H:15])[H:17],4.0,10.0
19,0.056152380952380954,AM1BCC,AmberTools,,,H,,20,[H:16][C:7]1([C:6]([C:5]([C:4]([C:9]([C:8]1([H:18])[H:19])([H:20])[H:21])([H:11])[C:2](=[O:1])[O:3][H:10])([H:12])[H:13])([H:14])[H:15])[H:17],4.0,10.0
20,0.056152380952380954,AM1BCC,AmberTools,,,H,,21,[H:16][C:7]1([C:6]([C:5]([C:4]([C:9]([C:8]1([H:18])[H:19])([H:20])[H:21])([H:11])[C:2](=[O:1])[O:3][H:10])([H:12])[H:13])([H:14])[H:15])[H:17],4.0,10.0
0,-0.5523499864197913,AM1BCC,OpenEye,,,O,,1,[H:16][C:7]1([C:6]([C:5]([C:4]([C:9]([C:8]1([H:18])[H:19])([H:20])[H:21])([H:11])[C:2](=[O:1])[O:3][H:10])([H:12])[H:13])([H:14])[H:15])[H:17],4.0,11.0
1,0.6324599963568506,AM1BCC,OpenEye,,,C,,2,[H:16][C:7]1([C:6]([C:5]([C:4]([C:9]([C:8]1([H:18])[H:19])([H:20])[H:21])([H:11])[C:2](=[O:1])[O:3][H:10])([H:12])[H:13])([H:14])[H:15])[H:17],4.0,11.0
2,-0.601650001392478,AM1BCC,OpenEye,,,O,,3,[H:16][C:7]1([C:6]([C:5]([C:4]([C:9]([C:8]1([H:18])[H:19])([H:20])[H:21])([H:11])[C:2](=[O:1])[O:3][H:10])([H:12])[H:13])([H:14])[H:15])[H:17],4.0,11.0
3,-0.10548000215064912,AM1BCC,OpenEye,,,C,,4,[H:16][C:7]1([C:6]([C:5]([C:4]([C:9]([C:8]1([H:18])[H:19])([H:20])[H:21])([H:11])[C:2](=[O:1])[O:3][H:10])([H:12])[H:13])([H:14])[H:15])[H:17],4.0,11.0
4,-0.07077000467550187,AM1BCC,OpenEye,,,C,,5,[H:16][C:7]1([C:6]([C:5]([C:4]([C:9]([C:8]1([H:18])[H:19])([H:20])[H:21])([H:11])[C:2](=[O:1])[O:3][H:10])([H:12])[H:13])([H:14])[H:15])[H:17],4.0,11.0
5,-0.07672000108730226,AM1BCC,OpenEye,,,C,,6,[H:16][C:7]1([C:6]([C:5]([C:4]([C:9]([C:8]1([H:18])[H:19])([H:20])[H:21])([H:11])[C:2](=[O:1])[O:3][H:10])([H:12])[H:13])([H:14])[H:15])[H:17],4.0,11.0
6,-0.0801799985624495,AM1BCC,OpenEye,,,C,,7,[H:16][C:7]1([C:6]([C:5]([C:4]([C:9]([C:8]1([H:18])[H:19])([H:20])[H:21])([H:11])[C:2](=[O:1])[O:3][H:10])([H:12])[H:13])([H:14])[H:15])[H:17],4.0,11.0
7,-0.07672000108730226,AM1BCC,OpenEye,,,C,,8,[H:16][C:7]1([C:6]([C:5]([C:4]([C:9]([C:8]1([H:18])[H:19])([H:20])[H:21])([H:11])[C:2](=[O:1])[O:3][H:10])([H:12])[H:13])([H:14])[H:15])[H:17],4.0,11.0
8,-0.07077000467550187,AM1BCC,OpenEye,,,C,,9,[H:16][C:7]1([C:6]([C:5]([C:4]([C:9]([C:8]1([H:18])[H:19])([H:20])[H:21])([H:11])[C:2](=[O:1])[O:3][H:10])([H:12])[H:13])([H:14])[H:15])[H:17],4.0,11.0
9,0.4424900096796808,AM1BCC,OpenEye,,,H,,10,[H:16][C:7]1([C:6]([C:5]([C:4]([C:9]([C:8]1([H:18])[H:19])([H:20])[H:21])([H:11])[C:2](=[O:1])[O:3][H:10])([H:12])[H:13])([H:14])[H:15])[H:17],4.0,11.0
10,0.07878999979723067,AM1BCC,OpenEye,,,H,,11,[H:16][C:7]1([C:6]([C:5]([C:4]([C:9]([C:8]1([H:18])[H:19])([H:20])[H:21])([H:11])[C:2](=[O:1])[O:3][H:10])([H:12])[H:13])([H:14])[H:15])[H:17],4.0,11.0
11,0.05422999904978843,AM1BCC,OpenEye,,,H,,12,[H:16][C:7]1([C:6]([C:5]([C:4]([C:9]([C:8]1([H:18])[H:19])([H:20])[H:21])([H:11])[C:2](=[O:1])[O:3][H:10])([H:12])[H:13])([H:14])[H:15])[H:17],4.0,11.0
12,0.05422999904978843,AM1BCC,OpenEye,,,H,,13,[H:16][C:7]1([C:6]([C:5]([C:4]([C:9]([C:8]1([H:18])[H:19])([H:20])[H:21])([H:11])[C:2](=[O:1])[O:3][H:10])([H:12])[H:13])([H:14])[H:15])[H:17],4.0,11.0
13,0.04578999997604461,AM1BCC,OpenEye,,,H,,14,[H:16][C:7]1([C:6]([C:5]([C:4]([C:9]([C:8]1([H:18])[H:19])([H:20])[H:21])([H:11])[C:2](=[O:1])[O:3][H:10])([H:12])[H:13])([H:14])[H:15])[H:17],4.0,11.0
14,0.04578999997604461,AM1BCC,OpenEye,,,H,,15,[H:16][C:7]1([C:6]([C:5]([C:4]([C:9]([C:8]1([H:18])[H:19])([H:20])[H:21])([H:11])[C:2](=[O:1])[O:3][H:10])([H:12])[H:13])([H:14])[H:15])[H:17],4.0,11.0
15,0.04040999905694099,AM1BCC,OpenEye,,,H,,16,[H:16][C:7]1([C:6]([C:5]([C:4]([C:9]([C:8]1([H:18])[H:19])([H:20])[H:21])([H:11])[C:2](=[O:1])[O:3][H:10])([H:12])[H:13])([H:14])[H:15])[H:17],4.0,11.0
16,0.04040999905694099,AM1BCC,OpenEye,,,H,,17,[H:16][C:7]1([C:6]([C:5]([C:4]([C:9]([C:8]1([H:18])[H:19])([H:20])[H:21])([H:11])[C:2](=[O:1])[O:3][H:10])([H:12])[H:13])([H:14])[H:15])[H:17],4.0,11.0
17,0.04578999997604461,AM1BCC,OpenEye,,,H,,18,[H:16][C:7]1([C:6]([C:5]([C:4]([C:9]([C:8]1([H:18])[H:19])([H:20])[H:21])([H:11])[C:2](=[O:1])[O:3][H:10])([H:12])[H:13])([H:14])[H:15])[H:17],4.0,11.0
18,0.04578999997604461,AM1BCC,OpenEye,,,H,,19,[H:16][C:7]1([C:6]([C:5]([C:4]([C:9]([C:8]1([H:18])[H:19])([H:20])[H:21])([H:11])[C:2](=[O:1])[O:3][H:10])([H:12])[H:13])([H:14])[H:15])[H:17],4.0,11.0
19,0.05422999904978843,AM1BCC,OpenEye,,,H,,20,[H:16][C:7]1([C:6]([C:5]([C:4]([C:9]([C:8]1([H:18])[H:19])([H:20])[H:21])([H:11])[C:2](=[O:1])[O:3][H:10])([H:12])[H:13])([H:14])[H:15])[H:17],4.0,11.0
20,0.05422999904978843,AM1BCC,OpenEye,,,H,,21,[H:16][C:7]1([C:6]([C:5]([C:4]([C:9]([C:8]1([H:18])[H:19])([H:20])[H:21])([H:11])[C:2](=[O:1])[O:3][H:10])([H:12])[H:13])([H:14])[H:15])[H:17],4.0,11.0
0,-0.5510476190476191,AM1BCC,AmberTools,,,O,,1,[H:16][C:7]1([C:6]([C:5]([C:4]([C:9]([C:8]1([H:18])[H:19])([H:20])[H:21])([H:11])[C:2](=[O:1])[O:3][H:10])([H:12])[H:13])([H:14])[H:15])[H:17],4.0,11.0
1,0.6350523809523809,AM1BCC,AmberTools,,,C,,2,[H:16][C:7]1([C:6]([C:5]([C:4]([C:9]([C:8]1([H:18])[H:19])([H:20])[H:21])([H:11])[C:2](=[O:1])[O:3][H:10])([H:12])[H:13])([H:14])[H:15])[H:17],4.0,11.0
2,-0.612147619047619,AM1BCC,AmberTools,,,O,,3,[H:16][C:7]1([C:6]([C:5]([C:4]([C:9]([C:8]1([H:18])[H:19])([H:20])[H:21])([H:11])[C:2](=[O:1])[O:3][H:10])([H:12])[H:13])([H:14])[H:15])[H:17],4.0,11.0
3,-0.10174761904761905,AM1BCC,AmberTools,,,C,,4,[H:16][C:7]1([C:6]([C:5]([C:4]([C:9]([C:8]1([H:18])[H:19])([H:20])[H:21])([H:11])[C:2](=[O:1])[O:3][H:10])([H:12])[H:13])([H:14])[H:15])[H:17],4.0,11.0
4,-0.07244761904761905,AM1BCC,AmberTools,,,C,,5,[H:16][C:7]1([C:6]([C:5]([C:4]([C:9]([C:8]1([H:18])[H:19])([H:20])[H:21])([H:11])[C:2](=[O:1])[O:3][H:10])([H:12])[H:13])([H:14])[H:15])[H:17],4.0,11.0
5,-0.07544761904761904,AM1BCC,AmberTools,,,C,,6,[H:16][C:7]1([C:6]([C:5]([C:4]([C:9]([C:8]1([H:18])[H:19])([H:20])[H:21])([H:11])[C:2](=[O:1])[O:3][H:10])([H:12])[H:13])([H:14])[H:15])[H:17],4.0,11.0
6,-0.07944761904761904,AM1BCC,AmberTools,,,C,,7,[H:16][C:7]1([C:6]([C:5]([C:4]([C:9]([C:8]1([H:18])[H:19])([H:20])[H:21])([H:11])[C:2](=[O:1])[O:3][H:10])([H:12])[H:13])([H:14])[H:15])[H:17],4.0,11.0
7,-0.07544761904761904,AM1BCC,AmberTools,,,C,,8,[H:16][C:7]1([C:6]([C:5]([C:4]([C:9]([C:8]1([H:18])[H:19])([H:20])[H:21])([H:11])[C:2](=[O:1])[O:3][H:10])([H:12])[H:13])([H:14])[H:15])[H:17],4.0,11.0
8,-0.07244761904761905,AM1BCC,AmberTools,,,C,,9,[H:16][C:7]1([C:6]([C:5]([C:4]([C:9]([C:8]1([H:18])[H:19])([H:20])[H:21])([H:11])[C:2](=[O:1])[O:3][H:10])([H:12])[H:13])([H:14])[H:15])[H:17],4.0,11.0
9,0.442952380952381,AM1BCC,AmberTools,,,H,,10,[H:16][C:7]1([C:6]([C:5]([C:4]([C:9]([C:8]1([H:18])[H:19])([H:20])[H:21])([H:11])[C:2](=[O:1])[O:3][H:10])([H:12])[H:13])([H:14])[H:15])[H:17],4.0,11.0
10,0.07965238095238095,AM1BCC,AmberTools,,,H,,11,[H:16][C:7]1([C:6]([C:5]([C:4]([C:9]([C:8]1([H:18])[H:19])([H:20])[H:21])([H:11])[C:2](=[O:1])[O:3][H:10])([H:12])[H:13])([H:14])[H:15])[H:17],4.0,11.0
11,0.056152380952380954,AM1BCC,AmberTools,,,H,,12,[H:16][C:7]1([C:6]([C:5]([C:4]([C:9]([C:8]1([H:18])[H:19])([H:20])[H:21])([H:11])[C:2](=[O:1])[O:3][H:10])([H:12])[H:13])([H:14])[H:15])[H:17],4.0,11.0
12,0.056152380952380954,AM1BCC,AmberTools,,,H,,13,[H:16][C:7]1([C:6]([C:5]([C:4]([C:9]([C:8]1([H:18])[H:19])([H:20])[H:21])([H:11])[C:2](=[O:1])[O:3][H:10])([H:12])[H:13])([H:14])[H:15])[H:17],4.0,11.0
13,0.04440238095238096,AM1BCC,AmberTools,,,H,,14,[H:16][C:7]1([C:6]([C:5]([C:4]([C:9]([C:8]1([H:18])[H:19])([H:20])[H:21])([H:11])[C:2](=[O:1])[O:3][H:10])([H:12])[H:13])([H:14])[H:15])[H:17],4.0,11.0
14,0.04440238095238096,AM1BCC,AmberTools,,,H,,15,[H:16][C:7]1([C:6]([C:5]([C:4]([C:9]([C:8]1([H:18])[H:19])([H:20])[H:21])([H:11])[C:2](=[O:1])[O:3][H:10])([H:12])[H:13])([H:14])[H:15])[H:17],4.0,11.0
15,0.04015238095238095,AM1BCC,AmberTools,,,H,,16,[H:16][C:7]1([C:6]([C:5]([C:4]([C:9]([C:8]1([H:18])[H:19])([H:20])[H:21])([H:11])[C:2](=[O:1])[O:3][H:10])([H:12])[H:13])([H:14])[H:15])[H:17],4.0,11.0
16,0.04015238095238095,AM1BCC,AmberTools,,,H,,17,[H:16][C:7]1([C:6]([C:5]([C:4]([C:9]([C:8]1([H:18])[H:19])([H:20])[H:21])([H:11])[C:2](=[O:1])[O:3][H:10])([H:12])[H:13])([H:14])[H:15])[H:17],4.0,11.0
17,0.04440238095238096,AM1BCC,AmberTools,,,H,,18,[H:16][C:7]1([C:6]([C:5]([C:4]([C:9]([C:8]1([H:18])[H:19])([H:20])[H:21])([H:11])[C:2](=[O:1])[O:3][H:10])([H:12])[H:13])([H:14])[H:15])[H:17],4.0,11.0
18,0.04440238095238096,AM1BCC,AmberTools,,,H,,19,[H:16][C:7]1([C:6]([C:5]([C:4]([C:9]([C:8]1([H:18])[H:19])([H:20])[H:21])([H:11])[C:2](=[O:1])[O:3][H:10])([H:12])[H:13])([H:14])[H:15])[H:17],4.0,11.0
19,0.056152380952380954,AM1BCC,AmberTools,,,H,,20,[H:16][C:7]1([C:6]([C:5]([C:4]([C:9]([C:8]1([H:18])[H:19])([H:20])[H:21])([H:11])[C:2](=[O:1])[O:3][H:10])([H:12])[H:13])([H:14])[H:15])[H:17],4.0,11.0
20,0.056152380952380954,AM1BCC,AmberTools,,,H,,21,[H:16][C:7]1([C:6]([C:5]([C:4]([C:9]([C:8]1([H:18])[H:19])([H:20])[H:21])([H:11])[C:2](=[O:1])[O:3][H:10])([H:12])[H:13])([H:14])[H:15])[H:17],4.0,11.0
0,-0.5523499864197913,AM1BCC,OpenEye,,,O,,1,[H:16][C:7]1([C:6]([C:5]([C:4]([C:9]([C:8]1([H:18])[H:19])([H:20])[H:21])([H:11])[C:2](=[O:1])[O:3][H:10])([H:12])[H:13])([H:14])[H:15])[H:17],4.0,12.0
1,0.6324599963568506,AM1BCC,OpenEye,,,C,,2,[H:16][C:7]1([C:6]([C:5]([C:4]([C:9]([C:8]1([H:18])[H:19])([H:20])[H:21])([H:11])[C:2](=[O:1])[O:3][H:10])([H:12])[H:13])([H:14])[H:15])[H:17],4.0,12.0
2,-0.601650001392478,AM1BCC,OpenEye,,,O,,3,[H:16][C:7]1([C:6]([C:5]([C:4]([C:9]([C:8]1([H:18])[H:19])([H:20])[H:21])([H:11])[C:2](=[O:1])[O:3][H:10])([H:12])[H:13])([H:14])[H:15])[H:17],4.0,12.0
3,-0.10548000215064912,AM1BCC,OpenEye,,,C,,4,[H:16][C:7]1([C:6]([C:5]([C:4]([C:9]([C:8]1([H:18])[H:19])([H:20])[H:21])([H:11])[C:2](=[O:1])[O:3][H:10])([H:12])[H:13])([H:14])[H:15])[H:17],4.0,12.0
4,-0.07077000467550187,AM1BCC,OpenEye,,,C,,5,[H:16][C:7]1([C:6]([C:5]([C:4]([C:9]([C:8]1([H:18])[H:19])([H:20])[H:21])([H:11])[C:2](=[O:1])[O:3][H:10])([H:12])[H:13])([H:14])[H:15])[H:17],4.0,12.0
5,-0.07672000108730226,AM1BCC,OpenEye,,,C,,6,[H:16][C:7]1([C:6]([C:5]([C:4]([C:9]([C:8]1([H:18])[H:19])([H:20])[H:21])([H:11])[C:2](=[O:1])[O:3][H:10])([H:12])[H:13])([H:14])[H:15])[H:17],4.0,12.0
6,-0.0801799985624495,AM1BCC,OpenEye,,,C,,7,[H:16][C:7]1([C:6]([C:5]([C:4]([C:9]([C:8]1([H:18])[H:19])([H:20])[H:21])([H:11])[C:2](=[O:1])[O:3][H:10])([H:12])[H:13])([H:14])[H:15])[H:17],4.0,12.0
7,-0.07672000108730226,AM1BCC,OpenEye,,,C,,8,[H:16][C:7]1([C:6]([C:5]([C:4]([C:9]([C:8]1([H:18])[H:19])([H:20])[H:21])([H:11])[C:2](=[O:1])[O:3][H:10])([H:12])[H:13])([H:14])[H:15])[H:17],4.0,12.0
8,-0.07077000467550187,AM1BCC,OpenEye,,,C,,9,[H:16][C:7]1([C:6]([C:5]([C:4]([C:9]([C:8]1([H:18])[H:19])([H:20])[H:21])([H:11])[C:2](=[O:1])[O:3][H:10])([H:12])[H:13])([H:14])[H:15])[H:17],4.0,12.0
9,0.4424900096796808,AM1BCC,OpenEye,,,H,,10,[H:16][C:7]1([C:6]([C:5]([C:4]([C:9]([C:8]1([H:18])[H:19])([H:20])[H:21])([H:11])[C:2](=[O:1])[O:3][H:10])([H:12])[H:13])([H:14])[H:15])[H:17],4.0,12.0
10,0.07878999979723067,AM1BCC,OpenEye,,,H,,11,[H:16][C:7]1([C:6]([C:5]([C:4]([C:9]([C:8]1([H:18])[H:19])([H:20])[H:21])([H:11])[C:2](=[O:1])[O:3][H:10])([H:12])[H:13])([H:14])[H:15])[H:17],4.0,12.0
11,0.05422999904978843,AM1BCC,OpenEye,,,H,,12,[H:16][C:7]1([C:6]([C:5]([C:4]([C:9]([C:8]1([H:18])[H:19])([H:20])[H:21])([H:11])[C:2](=[O:1])[O:3][H:10])([H:12])[H:13])([H:14])[H:15])[H:17],4.0,12.0
12,0.05422999904978843,AM1BCC,OpenEye,,,H,,13,[H:16][C:7]1([C:6]([C:5]([C:4]([C:9]([C:8]1([H:18])[H:19])([H:20])[H:21])([H:11])[C:2](=[O:1])[O:3][H:10])([H:12])[H:13])([H:14])[H:15])[H:17],4.0,12.0
13,0.04578999997604461,AM1BCC,OpenEye,,,H,,14,[H:16][C:7]1([C:6]([C:5]([C:4]([C:9]([C:8]1([H:18])[H:19])([H:20])[H:21])([H:11])[C:2](=[O:1])[O:3][H:10])([H:12])[H:13])([H:14])[H:15])[H:17],4.0,12.0
14,0.04578999997604461,AM1BCC,OpenEye,,,H,,15,[H:16][C:7]1([C:6]([C:5]([C:4]([C:9]([C:8]1([H:18])[H:19])([H:20])[H:21])([H:11])[C:2](=[O:1])[O:3][H:10])([H:12])[H:13])([H:14])[H:15])[H:17],4.0,12.0
15,0.04040999905694099,AM1BCC,OpenEye,,,H,,16,[H:16][C:7]1([C:6]([C:5]([C:4]([C:9]([C:8]1([H:18])[H:19])([H:20])[H:21])([H:11])[C:2](=[O:1])[O:3][H:10])([H:12])[H:13])([H:14])[H:15])[H:17],4.0,12.0
16,0.04040999905694099,AM1BCC,OpenEye,,,H,,17,[H:16][C:7]1([C:6]([C:5]([C:4]([C:9]([C:8]1([H:18])[H:19])([H:20])[H:21])([H:11])[C:2](=[O:1])[O:3][H:10])([H:12])[H:13])([H:14])[H:15])[H:17],4.0,12.0
17,0.04578999997604461,AM1BCC,OpenEye,,,H,,18,[H:16][C:7]1([C:6]([C:5]([C:4]([C:9]([C:8]1([H:18])[H:19])([H:20])[H:21])([H:11])[C:2](=[O:1])[O:3][H:10])([H:12])[H:13])([H:14])[H:15])[H:17],4.0,12.0
18,0.04578999997604461,AM1BCC,OpenEye,,,H,,19,[H:16][C:7]1([C:6]([C:5]([C:4]([C:9]([C:8]1([H:18])[H:19])([H:20])[H:21])([H:11])[C:2](=[O:1])[O:3][H:10])([H:12])[H:13])([H:14])[H:15])[H:17],4.0,12.0
19,0.05422999904978843,AM1BCC,OpenEye,,,H,,20,[H:16][C:7]1([C:6]([C:5]([C:4]([C:9]([C:8]1([H:18])[H:19])([H:20])[H:21])([H:11])[C:2](=[O:1])[O:3][H:10])([H:12])[H:13])([H:14])[H:15])[H:17],4.0,12.0
20,0.05422999904978843,AM1BCC,OpenEye,,,H,,21,[H:16][C:7]1([C:6]([C:5]([C:4]([C:9]([C:8]1([H:18])[H:19])([H:20])[H:21])([H:11])[C:2](=[O:1])[O:3][H:10])([H:12])[H:13])([H:14])[H:15])[H:17],4.0,12.0
0,-0.5510476190476191,AM1BCC,AmberTools,,,O,,1,[H:16][C:7]1([C:6]([C:5]([C:4]([C:9]([C:8]1([H:18])[H:19])([H:20])[H:21])([H:11])[C:2](=[O:1])[O:3][H:10])([H:12])[H:13])([H:14])[H:15])[H:17],4.0,12.0
1,0.6350523809523809,AM1BCC,AmberTools,,,C,,2,[H:16][C:7]1([C:6]([C:5]([C:4]([C:9]([C:8]1([H:18])[H:19])([H:20])[H:21])([H:11])[C:2](=[O:1])[O:3][H:10])([H:12])[H:13])([H:14])[H:15])[H:17],4.0,12.0
2,-0.612147619047619,AM1BCC,AmberTools,,,O,,3,[H:16][C:7]1([C:6]([C:5]([C:4]([C:9]([C:8]1([H:18])[H:19])([H:20])[H:21])([H:11])[C:2](=[O:1])[O:3][H:10])([H:12])[H:13])([H:14])[H:15])[H:17],4.0,12.0
3,-0.10174761904761905,AM1BCC,AmberTools,,,C,,4,[H:16][C:7]1([C:6]([C:5]([C:4]([C:9]([C:8]1([H:18])[H:19])([H:20])[H:21])([H:11])[C:2](=[O:1])[O:3][H:10])([H:12])[H:13])([H:14])[H:15])[H:17],4.0,12.0
4,-0.07244761904761905,AM1BCC,AmberTools,,,C,,5,[H:16][C:7]1([C:6]([C:5]([C:4]([C:9]([C:8]1([H:18])[H:19])([H:20])[H:21])([H:11])[C:2](=[O:1])[O:3][H:10])([H:12])[H:13])([H:14])[H:15])[H:17],4.0,12.0
5,-0.07544761904761904,AM1BCC,AmberTools,,,C,,6,[H:16][C:7]1([C:6]([C:5]([C:4]([C:9]([C:8]1([H:18])[H:19])([H:20])[H:21])([H:11])[C:2](=[O:1])[O:3][H:10])([H:12])[H:13])([H:14])[H:15])[H:17],4.0,12.0
6,-0.07944761904761904,AM1BCC,AmberTools,,,C,,7,[H:16][C:7]1([C:6]([C:5]([C:4]([C:9]([C:8]1([H:18])[H:19])([H:20])[H:21])([H:11])[C:2](=[O:1])[O:3][H:10])([H:12])[H:13])([H:14])[H:15])[H:17],4.0,12.0
7,-0.07544761904761904,AM1BCC,AmberTools,,,C,,8,[H:16][C:7]1([C:6]([C:5]([C:4]([C:9]([C:8]1([H:18])[H:19])([H:20])[H:21])([H:11])[C:2](=[O:1])[O:3][H:10])([H:12])[H:13])([H:14])[H:15])[H:17],4.0,12.0
8,-0.07244761904761905,AM1BCC,AmberTools,,,C,,9,[H:16][C:7]1([C:6]([C:5]([C:4]([C:9]([C:8]1([H:18])[H:19])([H:20])[H:21])([H:11])[C:2](=[O:1])[O:3][H:10])([H:12])[H:13])([H:14])[H:15])[H:17],4.0,12.0
9,0.442952380952381,AM1BCC,AmberTools,,,H,,10,[H:16][C:7]1([C:6]([C:5]([C:4]([C:9]([C:8]1([H:18])[H:19])([H:20])[H:21])([H:11])[C:2](=[O:1])[O:3][H:10])([H:12])[H:13])([H:14])[H:15])[H:17],4.0,12.0
10,0.07965238095238095,AM1BCC,AmberTools,,,H,,11,[H:16][C:7]1([C:6]([C:5]([C:4]([C:9]([C:8]1([H:18])[H:19])([H:20])[H:21])([H:11])[C:2](=[O:1])[O:3][H:10])([H:12])[H:13])([H:14])[H:15])[H:17],4.0,12.0
11,0.056152380952380954,AM1BCC,AmberTools,,,H,,12,[H:16][C:7]1([C:6]([C:5]([C:4]([C:9]([C:8]1([H:18])[H:19])([H:20])[H:21])([H:11])[C:2](=[O:1])[O:3][H:10])([H:12])[H:13])([H:14])[H:15])[H:17],4.0,12.0
12,0.056152380952380954,AM1BCC,AmberTools,,,H,,13,[H:16][C:7]1([C:6]([C:5]([C:4]([C:9]([C:8]1([H:18])[H:19])([H:20])[H:21])([H:11])[C:2](=[O:1])[O:3][H:10])([H:12])[H:13])([H:14])[H:15])[H:17],4.0,12.0
13,0.04440238095238096,AM1BCC,AmberTools,,,H,,14,[H:16][C:7]1([C:6]([C:5]([C:4]([C:9]([C:8]1([H:18])[H:19])([H:20])[H:21])([H:11])[C:2](=[O:1])[O:3][H:10])([H:12])[H:13])([H:14])[H:15])[H:17],4.0,12.0
14,0.04440238095238096,AM1BCC,AmberTools,,,H,,15,[H:16][C:7]1([C:6]([C:5]([C:4]([C:9]([C:8]1([H:18])[H:19])([H:20])[H:21])([H:11])[C:2](=[O:1])[O:3][H:10])([H:12])[H:13])([H:14])[H:15])[H:17],4.0,12.0
15,0.04015238095238095,AM1BCC,AmberTools,,,H,,16,[H:16][C:7]1([C:6]([C:5]([C:4]([C:9]([C:8]1([H:18])[H:19])([H:20])[H:21])([H:11])[C:2](=[O:1])[O:3][H:10])([H:12])[H:13])([H:14])[H:15])[H:17],4.0,12.0
16,0.04015238095238095,AM1BCC,AmberTools,,,H,,17,[H:16][C:7]1([C:6]([C:5]([C:4]([C:9]([C:8]1([H:18])[H:19])([H:20])[H:21])([H:11])[C:2](=[O:1])[O:3][H:10])([H:12])[H:13])([H:14])[H:15])[H:17],4.0,12.0
17,0.04440238095238096,AM1BCC,AmberTools,,,H,,18,[H:16][C:7]1([C:6]([C:5]([C:4]([C:9]([C:8]1([H:18])[H:19])([H:20])[H:21])([H:11])[C:2](=[O:1])[O:3][H:10])([H:12])[H:13])([H:14])[H:15])[H:17],4.0,12.0
18,0.04440238095238096,AM1BCC,AmberTools,,,H,,19,[H:16][C:7]1([C:6]([C:5]([C:4]([C:9]([C:8]1([H:18])[H:19])([H:20])[H:21])([H:11])[C:2](=[O:1])[O:3][H:10])([H:12])[H:13])([H:14])[H:15])[H:17],4.0,12.0
19,0.056152380952380954,AM1BCC,AmberTools,,,H,,20,[H:16][C:7]1([C:6]([C:5]([C:4]([C:9]([C:8]1([H:18])[H:19])([H:20])[H:21])([H:11])[C:2](=[O:1])[O:3][H:10])([H:12])[H:13])([H:14])[H:15])[H:17],4.0,12.0
20,0.056152380952380954,AM1BCC,AmberTools,,,H,,21,[H:16][C:7]1([C:6]([C:5]([C:4]([C:9]([C:8]1([H:18])[H:19])([H:20])[H:21])([H:11])[C:2](=[O:1])[O:3][H:10])([H:12])[H:13])([H:14])[H:15])[H:17],4.0,12.0
0,-0.5516399762460164,AM1BCC,OpenEye,,,O,,1,[H:16][C:7]1([C:6]([C:5]([C:4]([C:9]([C:8]1([H:18])[H:19])([H:20])[H:21])([H:11])[C:2](=[O:1])[O:3][H:10])([H:12])[H:13])([H:14])[H:15])[H:17],5.0,1.0
1,0.6329799869230816,AM1BCC,OpenEye,,,C,,2,[H:16][C:7]1([C:6]([C:5]([C:4]([C:9]([C:8]1([H:18])[H:19])([H:20])[H:21])([H:11])[C:2](=[O:1])[O:3][H:10])([H:12])[H:13])([H:14])[H:15])[H:17],5.0,1.0
2,-0.6020299813577107,AM1BCC,OpenEye,,,O,,3,[H:16][C:7]1([C:6]([C:5]([C:4]([C:9]([C:8]1([H:18])[H:19])([H:20])[H:21])([H:11])[C:2](=[O:1])[O:3][H:10])([H:12])[H:13])([H:14])[H:15])[H:17],5.0,1.0
3,-0.10543000165905271,AM1BCC,OpenEye,,,C,,4,[H:16][C:7]1([C:6]([C:5]([C:4]([C:9]([C:8]1([H:18])[H:19])([H:20])[H:21])([H:11])[C:2](=[O:1])[O:3][H:10])([H:12])[H:13])([H:14])[H:15])[H:17],5.0,1.0
4,-0.0705700016447476,AM1BCC,OpenEye,,,C,,5,[H:16][C:7]1([C:6]([C:5]([C:4]([C:9]([C:8]1([H:18])[H:19])([H:20])[H:21])([H:11])[C:2](=[O:1])[O:3][H:10])([H:12])[H:13])([H:14])[H:15])[H:17],5.0,1.0
5,-0.07656000022377286,AM1BCC,OpenEye,,,C,,6,[H:16][C:7]1([C:6]([C:5]([C:4]([C:9]([C:8]1([H:18])[H:19])([H:20])[H:21])([H:11])[C:2](=[O:1])[O:3][H:10])([H:12])[H:13])([H:14])[H:15])[H:17],5.0,1.0
6,-0.08028000061001096,AM1BCC,OpenEye,,,C,,7,[H:16][C:7]1([C:6]([C:5]([C:4]([C:9]([C:8]1([H:18])[H:19])([H:20])[H:21])([H:11])[C:2](=[O:1])[O:3][H:10])([H:12])[H:13])([H:14])[H:15])[H:17],5.0,1.0
7,-0.07656000022377286,AM1BCC,OpenEye,,,C,,8,[H:16][C:7]1([C:6]([C:5]([C:4]([C:9]([C:8]1([H:18])[H:19])([H:20])[H:21])([H:11])[C:2](=[O:1])[O:3][H:10])([H:12])[H:13])([H:14])[H:15])[H:17],5.0,1.0
8,-0.0705700016447476,AM1BCC,OpenEye,,,C,,9,[H:16][C:7]1([C:6]([C:5]([C:4]([C:9]([C:8]1([H:18])[H:19])([H:20])[H:21])([H:11])[C:2](=[O:1])[O:3][H:10])([H:12])[H:13])([H:14])[H:15])[H:17],5.0,1.0
9,0.4425699987581798,AM1BCC,OpenEye,,,H,,10,[H:16][C:7]1([C:6]([C:5]([C:4]([C:9]([C:8]1([H:18])[H:19])([H:20])[H:21])([H:11])[C:2](=[O:1])[O:3][H:10])([H:12])[H:13])([H:14])[H:15])[H:17],5.0,1.0
10,0.07836999531303133,AM1BCC,OpenEye,,,H,,11,[H:16][C:7]1([C:6]([C:5]([C:4]([C:9]([C:8]1([H:18])[H:19])([H:20])[H:21])([H:11])[C:2](=[O:1])[O:3][H:10])([H:12])[H:13])([H:14])[H:15])[H:17],5.0,1.0
11,0.054099997239453454,AM1BCC,OpenEye,,,H,,12,[H:16][C:7]1([C:6]([C:5]([C:4]([C:9]([C:8]1([H:18])[H:19])([H:20])[H:21])([H:11])[C:2](=[O:1])[O:3][H:10])([H:12])[H:13])([H:14])[H:15])[H:17],5.0,1.0
12,0.054099997239453454,AM1BCC,OpenEye,,,H,,13,[H:16][C:7]1([C:6]([C:5]([C:4]([C:9]([C:8]1([H:18])[H:19])([H:20])[H:21])([H:11])[C:2](=[O:1])[O:3][H:10])([H:12])[H:13])([H:14])[H:15])[H:17],5.0,1.0
13,0.0457399987748691,AM1BCC,OpenEye,,,H,,14,[H:16][C:7]1([C:6]([C:5]([C:4]([C:9]([C:8]1([H:18])[H:19])([H:20])[H:21])([H:11])[C:2](=[O:1])[O:3][H:10])([H:12])[H:13])([H:14])[H:15])[H:17],5.0,1.0
14,0.0457399987748691,AM1BCC,OpenEye,,,H,,15,[H:16][C:7]1([C:6]([C:5]([C:4]([C:9]([C:8]1([H:18])[H:19])([H:20])[H:21])([H:11])[C:2](=[O:1])[O:3][H:10])([H:12])[H:13])([H:14])[H:15])[H:17],5.0,1.0
15,0.0401799992791244,AM1BCC,OpenEye,,,H,,16,[H:16][C:7]1([C:6]([C:5]([C:4]([C:9]([C:8]1([H:18])[H:19])([H:20])[H:21])([H:11])[C:2](=[O:1])[O:3][H:10])([H:12])[H:13])([H:14])[H:15])[H:17],5.0,1.0
16,0.0401799992791244,AM1BCC,OpenEye,,,H,,17,[H:16][C:7]1([C:6]([C:5]([C:4]([C:9]([C:8]1([H:18])[H:19])([H:20])[H:21])([H:11])[C:2](=[O:1])[O:3][H:10])([H:12])[H:13])([H:14])[H:15])[H:17],5.0,1.0
17,0.0457399987748691,AM1BCC,OpenEye,,,H,,18,[H:16][C:7]1([C:6]([C:5]([C:4]([C:9]([C:8]1([H:18])[H:19])([H:20])[H:21])([H:11])[C:2](=[O:1])[O:3][H:10])([H:12])[H:13])([H:14])[H:15])[H:17],5.0,1.0
18,0.0457399987748691,AM1BCC,OpenEye,,,H,,19,[H:16][C:7]1([C:6]([C:5]([C:4]([C:9]([C:8]1([H:18])[H:19])([H:20])[H:21])([H:11])[C:2](=[O:1])[O:3][H:10])([H:12])[H:13])([H:14])[H:15])[H:17],5.0,1.0
19,0.054099997239453454,AM1BCC,OpenEye,,,H,,20,[H:16][C:7]1([C:6]([C:5]([C:4]([C:9]([C:8]1([H:18])[H:19])([H:20])[H:21])([H:11])[C:2](=[O:1])[O:3][H:10])([H:12])[H:13])([H:14])[H:15])[H:17],5.0,1.0
20,0.054099997239453454,AM1BCC,OpenEye,,,H,,21,[H:16][C:7]1([C:6]([C:5]([C:4]([C:9]([C:8]1([H:18])[H:19])([H:20])[H:21])([H:11])[C:2](=[O:1])[O:3][H:10])([H:12])[H:13])([H:14])[H:15])[H:17],5.0,1.0
0,-0.5510476190476191,AM1BCC,AmberTools,,,O,,1,[H:16][C:7]1([C:6]([C:5]([C:4]([C:9]([C:8]1([H:18])[H:19])([H:20])[H:21])([H:11])[C:2](=[O:1])[O:3][H:10])([H:12])[H:13])([H:14])[H:15])[H:17],5.0,1.0
1,0.6350523809523809,AM1BCC,AmberTools,,,C,,2,[H:16][C:7]1([C:6]([C:5]([C:4]([C:9]([C:8]1([H:18])[H:19])([H:20])[H:21])([H:11])[C:2](=[O:1])[O:3][H:10])([H:12])[H:13])([H:14])[H:15])[H:17],5.0,1.0
2,-0.612147619047619,AM1BCC,AmberTools,,,O,,3,[H:16][C:7]1([C:6]([C:5]([C:4]([C:9]([C:8]1([H:18])[H:19])([H:20])[H:21])([H:11])[C:2](=[O:1])[O:3][H:10])([H:12])[H:13])([H:14])[H:15])[H:17],5.0,1.0
3,-0.10174761904761905,AM1BCC,AmberTools,,,C,,4,[H:16][C:7]1([C:6]([C:5]([C:4]([C:9]([C:8]1([H:18])[H:19])([H:20])[H:21])([H:11])[C:2](=[O:1])[O:3][H:10])([H:12])[H:13])([H:14])[H:15])[H:17],5.0,1.0
4,-0.07244761904761905,AM1BCC,AmberTools,,,C,,5,[H:16][C:7]1([C:6]([C:5]([C:4]([C:9]([C:8]1([H:18])[H:19])([H:20])[H:21])([H:11])[C:2](=[O:1])[O:3][H:10])([H:12])[H:13])([H:14])[H:15])[H:17],5.0,1.0
5,-0.07544761904761904,AM1BCC,AmberTools,,,C,,6,[H:16][C:7]1([C:6]([C:5]([C:4]([C:9]([C:8]1([H:18])[H:19])([H:20])[H:21])([H:11])[C:2](=[O:1])[O:3][H:10])([H:12])[H:13])([H:14])[H:15])[H:17],5.0,1.0
6,-0.07944761904761904,AM1BCC,AmberTools,,,C,,7,[H:16][C:7]1([C:6]([C:5]([C:4]([C:9]([C:8]1([H:18])[H:19])([H:20])[H:21])([H:11])[C:2](=[O:1])[O:3][H:10])([H:12])[H:13])([H:14])[H:15])[H:17],5.0,1.0
7,-0.07544761904761904,AM1BCC,AmberTools,,,C,,8,[H:16][C:7]1([C:6]([C:5]([C:4]([C:9]([C:8]1([H:18])[H:19])([H:20])[H:21])([H:11])[C:2](=[O:1])[O:3][H:10])([H:12])[H:13])([H:14])[H:15])[H:17],5.0,1.0
8,-0.07244761904761905,AM1BCC,AmberTools,,,C,,9,[H:16][C:7]1([C:6]([C:5]([C:4]([C:9]([C:8]1([H:18])[H:19])([H:20])[H:21])([H:11])[C:2](=[O:1])[O:3][H:10])([H:12])[H:13])([H:14])[H:15])[H:17],5.0,1.0
9,0.442952380952381,AM1BCC,AmberTools,,,H,,10,[H:16][C:7]1([C:6]([C:5]([C:4]([C:9]([C:8]1([H:18])[H:19])([H:20])[H:21])([H:11])[C:2](=[O:1])[O:3][H:10])([H:12])[H:13])([H:14])[H:15])[H:17],5.0,1.0
10,0.07965238095238095,AM1BCC,AmberTools,,,H,,11,[H:16][C:7]1([C:6]([C:5]([C:4]([C:9]([C:8]1([H:18])[H:19])([H:20])[H:21])([H:11])[C:2](=[O:1])[O:3][H:10])([H:12])[H:13])([H:14])[H:15])[H:17],5.0,1.0
11,0.056152380952380954,AM1BCC,AmberTools,,,H,,12,[H:16][C:7]1([C:6]([C:5]([C:4]([C:9]([C:8]1([H:18])[H:19])([H:20])[H:21])([H:11])[C:2](=[O:1])[O:3][H:10])([H:12])[H:13])([H:14])[H:15])[H:17],5.0,1.0
12,0.056152380952380954,AM1BCC,AmberTools,,,H,,13,[H:16][C:7]1([C:6]([C:5]([C:4]([C:9]([C:8]1([H:18])[H:19])([H:20])[H:21])([H:11])[C:2](=[O:1])[O:3][H:10])([H:12])[H:13])([H:14])[H:15])[H:17],5.0,1.0
13,0.04440238095238096,AM1BCC,AmberTools,,,H,,14,[H:16][C:7]1([C:6]([C:5]([C:4]([C:9]([C:8]1([H:18])[H:19])([H:20])[H:21])([H:11])[C:2](=[O:1])[O:3][H:10])([H:12])[H:13])([H:14])[H:15])[H:17],5.0,1.0
14,0.04440238095238096,AM1BCC,AmberTools,,,H,,15,[H:16][C:7]1([C:6]([C:5]([C:4]([C:9]([C:8]1([H:18])[H:19])([H:20])[H:21])([H:11])[C:2](=[O:1])[O:3][H:10])([H:12])[H:13])([H:14])[H:15])[H:17],5.0,1.0
15,0.04015238095238095,AM1BCC,AmberTools,,,H,,16,[H:16][C:7]1([C:6]([C:5]([C:4]([C:9]([C:8]1([H:18])[H:19])([H:20])[H:21])([H:11])[C:2](=[O:1])[O:3][H:10])([H:12])[H:13])([H:14])[H:15])[H:17],5.0,1.0
16,0.04015238095238095,AM1BCC,AmberTools,,,H,,17,[H:16][C:7]1([C:6]([C:5]([C:4]([C:9]([C:8]1([H:18])[H:19])([H:20])[H:21])([H:11])[C:2](=[O:1])[O:3][H:10])([H:12])[H:13])([H:14])[H:15])[H:17],5.0,1.0
17,0.04440238095238096,AM1BCC,AmberTools,,,H,,18,[H:16][C:7]1([C:6]([C:5]([C:4]([C:9]([C:8]1([H:18])[H:19])([H:20])[H:21])([H:11])[C:2](=[O:1])[O:3][H:10])([H:12])[H:13])([H:14])[H:15])[H:17],5.0,1.0
18,0.04440238095238096,AM1BCC,AmberTools,,,H,,19,[H:16][C:7]1([C:6]([C:5]([C:4]([C:9]([C:8]1([H:18])[H:19])([H:20])[H:21])([H:11])[C:2](=[O:1])[O:3][H:10])([H:12])[H:13])([H:14])[H:15])[H:17],5.0,1.0
19,0.056152380952380954,AM1BCC,AmberTools,,,H,,20,[H:16][C:7]1([C:6]([C:5]([C:4]([C:9]([C:8]1([H:18])[H:19])([H:20])[H:21])([H:11])[C:2](=[O:1])[O:3][H:10])([H:12])[H:13])([H:14])[H:15])[H:17],5.0,1.0
20,0.056152380952380954,AM1BCC,AmberTools,,,H,,21,[H:16][C:7]1([C:6]([C:5]([C:4]([C:9]([C:8]1([H:18])[H:19])([H:20])[H:21])([H:11])[C:2](=[O:1])[O:3][H:10])([H:12])[H:13])([H:14])[H:15])[H:17],5.0,1.0
0,-0.5516399762460164,AM1BCC,OpenEye,,,O,,1,[H:16][C:7]1([C:6]([C:5]([C:4]([C:9]([C:8]1([H:18])[H:19])([H:20])[H:21])([H:11])[C:2](=[O:1])[O:3][H:10])([H:12])[H:13])([H:14])[H:15])[H:17],5.0,2.0
1,0.6329799869230816,AM1BCC,OpenEye,,,C,,2,[H:16][C:7]1([C:6]([C:5]([C:4]([C:9]([C:8]1([H:18])[H:19])([H:20])[H:21])([H:11])[C:2](=[O:1])[O:3][H:10])([H:12])[H:13])([H:14])[H:15])[H:17],5.0,2.0
2,-0.6020299813577107,AM1BCC,OpenEye,,,O,,3,[H:16][C:7]1([C:6]([C:5]([C:4]([C:9]([C:8]1([H:18])[H:19])([H:20])[H:21])([H:11])[C:2](=[O:1])[O:3][H:10])([H:12])[H:13])([H:14])[H:15])[H:17],5.0,2.0
3,-0.10543000165905271,AM1BCC,OpenEye,,,C,,4,[H:16][C:7]1([C:6]([C:5]([C:4]([C:9]([C:8]1([H:18])[H:19])([H:20])[H:21])([H:11])[C:2](=[O:1])[O:3][H:10])([H:12])[H:13])([H:14])[H:15])[H:17],5.0,2.0
4,-0.0705700016447476,AM1BCC,OpenEye,,,C,,5,[H:16][C:7]1([C:6]([C:5]([C:4]([C:9]([C:8]1([H:18])[H:19])([H:20])[H:21])([H:11])[C:2](=[O:1])[O:3][H:10])([H:12])[H:13])([H:14])[H:15])[H:17],5.0,2.0
5,-0.07656000022377286,AM1BCC,OpenEye,,,C,,6,[H:16][C:7]1([C:6]([C:5]([C:4]([C:9]([C:8]1([H:18])[H:19])([H:20])[H:21])([H:11])[C:2](=[O:1])[O:3][H:10])([H:12])[H:13])([H:14])[H:15])[H:17],5.0,2.0
6,-0.08028000061001096,AM1BCC,OpenEye,,,C,,7,[H:16][C:7]1([C:6]([C:5]([C:4]([C:9]([C:8]1([H:18])[H:19])([H:20])[H:21])([H:11])[C:2](=[O:1])[O:3][H:10])([H:12])[H:13])([H:14])[H:15])[H:17],5.0,2.0
7,-0.07656000022377286,AM1BCC,OpenEye,,,C,,8,[H:16][C:7]1([C:6]([C:5]([C:4]([C:9]([C:8]1([H:18])[H:19])([H:20])[H:21])([H:11])[C:2](=[O:1])[O:3][H:10])([H:12])[H:13])([H:14])[H:15])[H:17],5.0,2.0
8,-0.0705700016447476,AM1BCC,OpenEye,,,C,,9,[H:16][C:7]1([C:6]([C:5]([C:4]([C:9]([C:8]1([H:18])[H:19])([H:20])[H:21])([H:11])[C:2](=[O:1])[O:3][H:10])([H:12])[H:13])([H:14])[H:15])[H:17],5.0,2.0
9,0.4425699987581798,AM1BCC,OpenEye,,,H,,10,[H:16][C:7]1([C:6]([C:5]([C:4]([C:9]([C:8]1([H:18])[H:19])([H:20])[H:21])([H:11])[C:2](=[O:1])[O:3][H:10])([H:12])[H:13])([H:14])[H:15])[H:17],5.0,2.0
10,0.07836999531303133,AM1BCC,OpenEye,,,H,,11,[H:16][C:7]1([C:6]([C:5]([C:4]([C:9]([C:8]1([H:18])[H:19])([H:20])[H:21])([H:11])[C:2](=[O:1])[O:3][H:10])([H:12])[H:13])([H:14])[H:15])[H:17],5.0,2.0
11,0.054099997239453454,AM1BCC,OpenEye,,,H,,12,[H:16][C:7]1([C:6]([C:5]([C:4]([C:9]([C:8]1([H:18])[H:19])([H:20])[H:21])([H:11])[C:2](=[O:1])[O:3][H:10])([H:12])[H:13])([H:14])[H:15])[H:17],5.0,2.0
12,0.054099997239453454,AM1BCC,OpenEye,,,H,,13,[H:16][C:7]1([C:6]([C:5]([C:4]([C:9]([C:8]1([H:18])[H:19])([H:20])[H:21])([H:11])[C:2](=[O:1])[O:3][H:10])([H:12])[H:13])([H:14])[H:15])[H:17],5.0,2.0
13,0.0457399987748691,AM1BCC,OpenEye,,,H,,14,[H:16][C:7]1([C:6]([C:5]([C:4]([C:9]([C:8]1([H:18])[H:19])([H:20])[H:21])([H:11])[C:2](=[O:1])[O:3][H:10])([H:12])[H:13])([H:14])[H:15])[H:17],5.0,2.0
14,0.0457399987748691,AM1BCC,OpenEye,,,H,,15,[H:16][C:7]1([C:6]([C:5]([C:4]([C:9]([C:8]1([H:18])[H:19])([H:20])[H:21])([H:11])[C:2](=[O:1])[O:3][H:10])([H:12])[H:13])([H:14])[H:15])[H:17],5.0,2.0
15,0.0401799992791244,AM1BCC,OpenEye,,,H,,16,[H:16][C:7]1([C:6]([C:5]([C:4]([C:9]([C:8]1([H:18])[H:19])([H:20])[H:21])([H:11])[C:2](=[O:1])[O:3][H:10])([H:12])[H:13])([H:14])[H:15])[H:17],5.0,2.0
16,0.0401799992791244,AM1BCC,OpenEye,,,H,,17,[H:16][C:7]1([C:6]([C:5]([C:4]([C:9]([C:8]1([H:18])[H:19])([H:20])[H:21])([H:11])[C:2](=[O:1])[O:3][H:10])([H:12])[H:13])([H:14])[H:15])[H:17],5.0,2.0
17,0.0457399987748691,AM1BCC,OpenEye,,,H,,18,[H:16][C:7]1([C:6]([C:5]([C:4]([C:9]([C:8]1([H:18])[H:19])([H:20])[H:21])([H:11])[C:2](=[O:1])[O:3][H:10])([H:12])[H:13])([H:14])[H:15])[H:17],5.0,2.0
18,0.0457399987748691,AM1BCC,OpenEye,,,H,,19,[H:16][C:7]1([C:6]([C:5]([C:4]([C:9]([C:8]1([H:18])[H:19])([H:20])[H:21])([H:11])[C:2](=[O:1])[O:3][H:10])([H:12])[H:13])([H:14])[H:15])[H:17],5.0,2.0
19,0.054099997239453454,AM1BCC,OpenEye,,,H,,20,[H:16][C:7]1([C:6]([C:5]([C:4]([C:9]([C:8]1([H:18])[H:19])([H:20])[H:21])([H:11])[C:2](=[O:1])[O:3][H:10])([H:12])[H:13])([H:14])[H:15])[H:17],5.0,2.0
20,0.054099997239453454,AM1BCC,OpenEye,,,H,,21,[H:16][C:7]1([C:6]([C:5]([C:4]([C:9]([C:8]1([H:18])[H:19])([H:20])[H:21])([H:11])[C:2](=[O:1])[O:3][H:10])([H:12])[H:13])([H:14])[H:15])[H:17],5.0,2.0
0,-0.5510476190476191,AM1BCC,AmberTools,,,O,,1,[H:16][C:7]1([C:6]([C:5]([C:4]([C:9]([C:8]1([H:18])[H:19])([H:20])[H:21])([H:11])[C:2](=[O:1])[O:3][H:10])([H:12])[H:13])([H:14])[H:15])[H:17],5.0,2.0
1,0.6350523809523809,AM1BCC,AmberTools,,,C,,2,[H:16][C:7]1([C:6]([C:5]([C:4]([C:9]([C:8]1([H:18])[H:19])([H:20])[H:21])([H:11])[C:2](=[O:1])[O:3][H:10])([H:12])[H:13])([H:14])[H:15])[H:17],5.0,2.0
2,-0.612147619047619,AM1BCC,AmberTools,,,O,,3,[H:16][C:7]1([C:6]([C:5]([C:4]([C:9]([C:8]1([H:18])[H:19])([H:20])[H:21])([H:11])[C:2](=[O:1])[O:3][H:10])([H:12])[H:13])([H:14])[H:15])[H:17],5.0,2.0
3,-0.10174761904761905,AM1BCC,AmberTools,,,C,,4,[H:16][C:7]1([C:6]([C:5]([C:4]([C:9]([C:8]1([H:18])[H:19])([H:20])[H:21])([H:11])[C:2](=[O:1])[O:3][H:10])([H:12])[H:13])([H:14])[H:15])[H:17],5.0,2.0
4,-0.07244761904761905,AM1BCC,AmberTools,,,C,,5,[H:16][C:7]1([C:6]([C:5]([C:4]([C:9]([C:8]1([H:18])[H:19])([H:20])[H:21])([H:11])[C:2](=[O:1])[O:3][H:10])([H:12])[H:13])([H:14])[H:15])[H:17],5.0,2.0
5,-0.07544761904761904,AM1BCC,AmberTools,,,C,,6,[H:16][C:7]1([C:6]([C:5]([C:4]([C:9]([C:8]1([H:18])[H:19])([H:20])[H:21])([H:11])[C:2](=[O:1])[O:3][H:10])([H:12])[H:13])([H:14])[H:15])[H:17],5.0,2.0
6,-0.07944761904761904,AM1BCC,AmberTools,,,C,,7,[H:16][C:7]1([C:6]([C:5]([C:4]([C:9]([C:8]1([H:18])[H:19])([H:20])[H:21])([H:11])[C:2](=[O:1])[O:3][H:10])([H:12])[H:13])([H:14])[H:15])[H:17],5.0,2.0
7,-0.07544761904761904,AM1BCC,AmberTools,,,C,,8,[H:16][C:7]1([C:6]([C:5]([C:4]([C:9]([C:8]1([H:18])[H:19])([H:20])[H:21])([H:11])[C:2](=[O:1])[O:3][H:10])([H:12])[H:13])([H:14])[H:15])[H:17],5.0,2.0
8,-0.07244761904761905,AM1BCC,AmberTools,,,C,,9,[H:16][C:7]1([C:6]([C:5]([C:4]([C:9]([C:8]1([H:18])[H:19])([H:20])[H:21])([H:11])[C:2](=[O:1])[O:3][H:10])([H:12])[H:13])([H:14])[H:15])[H:17],5.0,2.0
9,0.442952380952381,AM1BCC,AmberTools,,,H,,10,[H:16][C:7]1([C:6]([C:5]([C:4]([C:9]([C:8]1([H:18])[H:19])([H:20])[H:21])([H:11])[C:2](=[O:1])[O:3][H:10])([H:12])[H:13])([H:14])[H:15])[H:17],5.0,2.0
10,0.07965238095238095,AM1BCC,AmberTools,,,H,,11,[H:16][C:7]1([C:6]([C:5]([C:4]([C:9]([C:8]1([H:18])[H:19])([H:20])[H:21])([H:11])[C:2](=[O:1])[O:3][H:10])([H:12])[H:13])([H:14])[H:15])[H:17],5.0,2.0
11,0.056152380952380954,AM1BCC,AmberTools,,,H,,12,[H:16][C:7]1([C:6]([C:5]([C:4]([C:9]([C:8]1([H:18])[H:19])([H:20])[H:21])([H:11])[C:2](=[O:1])[O:3][H:10])([H:12])[H:13])([H:14])[H:15])[H:17],5.0,2.0
12,0.056152380952380954,AM1BCC,AmberTools,,,H,,13,[H:16][C:7]1([C:6]([C:5]([C:4]([C:9]([C:8]1([H:18])[H:19])([H:20])[H:21])([H:11])[C:2](=[O:1])[O:3][H:10])([H:12])[H:13])([H:14])[H:15])[H:17],5.0,2.0
13,0.04440238095238096,AM1BCC,AmberTools,,,H,,14,[H:16][C:7]1([C:6]([C:5]([C:4]([C:9]([C:8]1([H:18])[H:19])([H:20])[H:21])([H:11])[C:2](=[O:1])[O:3][H:10])([H:12])[H:13])([H:14])[H:15])[H:17],5.0,2.0
14,0.04440238095238096,AM1BCC,AmberTools,,,H,,15,[H:16][C:7]1([C:6]([C:5]([C:4]([C:9]([C:8]1([H:18])[H:19])([H:20])[H:21])([H:11])[C:2](=[O:1])[O:3][H:10])([H:12])[H:13])([H:14])[H:15])[H:17],5.0,2.0
15,0.04015238095238095,AM1BCC,AmberTools,,,H,,16,[H:16][C:7]1([C:6]([C:5]([C:4]([C:9]([C:8]1([H:18])[H:19])([H:20])[H:21])([H:11])[C:2](=[O:1])[O:3][H:10])([H:12])[H:13])([H:14])[H:15])[H:17],5.0,2.0
16,0.04015238095238095,AM1BCC,AmberTools,,,H,,17,[H:16][C:7]1([C:6]([C:5]([C:4]([C:9]([C:8]1([H:18])[H:19])([H:20])[H:21])([H:11])[C:2](=[O:1])[O:3][H:10])([H:12])[H:13])([H:14])[H:15])[H:17],5.0,2.0
17,0.04440238095238096,AM1BCC,AmberTools,,,H,,18,[H:16][C:7]1([C:6]([C:5]([C:4]([C:9]([C:8]1([H:18])[H:19])([H:20])[H:21])([H:11])[C:2](=[O:1])[O:3][H:10])([H:12])[H:13])([H:14])[H:15])[H:17],5.0,2.0
18,0.04440238095238096,AM1BCC,AmberTools,,,H,,19,[H:16][C:7]1([C:6]([C:5]([C:4]([C:9]([C:8]1([H:18])[H:19])([H:20])[H:21])([H:11])[C:2](=[O:1])[O:3][H:10])([H:12])[H:13])([H:14])[H:15])[H:17],5.0,2.0
19,0.056152380952380954,AM1BCC,AmberTools,,,H,,20,[H:16][C:7]1([C:6]([C:5]([C:4]([C:9]([C:8]1([H:18])[H:19])([H:20])[H:21])([H:11])[C:2](=[O:1])[O:3][H:10])([H:12])[H:13])([H:14])[H:15])[H:17],5.0,2.0
20,0.056152380952380954,AM1BCC,AmberTools,,,H,,21,[H:16][C:7]1([C:6]([C:5]([C:4]([C:9]([C:8]1([H:18])[H:19])([H:20])[H:21])([H:11])[C:2](=[O:1])[O:3][H:10])([H:12])[H:13])([H:14])[H:15])[H:17],5.0,2.0
0,-0.5516399762460164,AM1BCC,OpenEye,,,O,,1,[H:16][C:7]1([C:6]([C:5]([C:4]([C:9]([C:8]1([H:18])[H:19])([H:20])[H:21])([H:11])[C:2](=[O:1])[O:3][H:10])([H:12])[H:13])([H:14])[H:15])[H:17],5.0,3.0
1,0.6329799869230816,AM1BCC,OpenEye,,,C,,2,[H:16][C:7]1([C:6]([C:5]([C:4]([C:9]([C:8]1([H:18])[H:19])([H:20])[H:21])([H:11])[C:2](=[O:1])[O:3][H:10])([H:12])[H:13])([H:14])[H:15])[H:17],5.0,3.0
2,-0.6020299813577107,AM1BCC,OpenEye,,,O,,3,[H:16][C:7]1([C:6]([C:5]([C:4]([C:9]([C:8]1([H:18])[H:19])([H:20])[H:21])([H:11])[C:2](=[O:1])[O:3][H:10])([H:12])[H:13])([H:14])[H:15])[H:17],5.0,3.0
3,-0.10543000165905271,AM1BCC,OpenEye,,,C,,4,[H:16][C:7]1([C:6]([C:5]([C:4]([C:9]([C:8]1([H:18])[H:19])([H:20])[H:21])([H:11])[C:2](=[O:1])[O:3][H:10])([H:12])[H:13])([H:14])[H:15])[H:17],5.0,3.0
4,-0.0705700016447476,AM1BCC,OpenEye,,,C,,5,[H:16][C:7]1([C:6]([C:5]([C:4]([C:9]([C:8]1([H:18])[H:19])([H:20])[H:21])([H:11])[C:2](=[O:1])[O:3][H:10])([H:12])[H:13])([H:14])[H:15])[H:17],5.0,3.0
5,-0.07656000022377286,AM1BCC,OpenEye,,,C,,6,[H:16][C:7]1([C:6]([C:5]([C:4]([C:9]([C:8]1([H:18])[H:19])([H:20])[H:21])([H:11])[C:2](=[O:1])[O:3][H:10])([H:12])[H:13])([H:14])[H:15])[H:17],5.0,3.0
6,-0.08028000061001096,AM1BCC,OpenEye,,,C,,7,[H:16][C:7]1([C:6]([C:5]([C:4]([C:9]([C:8]1([H:18])[H:19])([H:20])[H:21])([H:11])[C:2](=[O:1])[O:3][H:10])([H:12])[H:13])([H:14])[H:15])[H:17],5.0,3.0
7,-0.07656000022377286,AM1BCC,OpenEye,,,C,,8,[H:16][C:7]1([C:6]([C:5]([C:4]([C:9]([C:8]1([H:18])[H:19])([H:20])[H:21])([H:11])[C:2](=[O:1])[O:3][H:10])([H:12])[H:13])([H:14])[H:15])[H:17],5.0,3.0
8,-0.0705700016447476,AM1BCC,OpenEye,,,C,,9,[H:16][C:7]1([C:6]([C:5]([C:4]([C:9]([C:8]1([H:18])[H:19])([H:20])[H:21])([H:11])[C:2](=[O:1])[O:3][H:10])([H:12])[H:13])([H:14])[H:15])[H:17],5.0,3.0
9,0.4425699987581798,AM1BCC,OpenEye,,,H,,10,[H:16][C:7]1([C:6]([C:5]([C:4]([C:9]([C:8]1([H:18])[H:19])([H:20])[H:21])([H:11])[C:2](=[O:1])[O:3][H:10])([H:12])[H:13])([H:14])[H:15])[H:17],5.0,3.0
10,0.07836999531303133,AM1BCC,OpenEye,,,H,,11,[H:16][C:7]1([C:6]([C:5]([C:4]([C:9]([C:8]1([H:18])[H:19])([H:20])[H:21])([H:11])[C:2](=[O:1])[O:3][H:10])([H:12])[H:13])([H:14])[H:15])[H:17],5.0,3.0
11,0.054099997239453454,AM1BCC,OpenEye,,,H,,12,[H:16][C:7]1([C:6]([C:5]([C:4]([C:9]([C:8]1([H:18])[H:19])([H:20])[H:21])([H:11])[C:2](=[O:1])[O:3][H:10])([H:12])[H:13])([H:14])[H:15])[H:17],5.0,3.0
12,0.054099997239453454,AM1BCC,OpenEye,,,H,,13,[H:16][C:7]1([C:6]([C:5]([C:4]([C:9]([C:8]1([H:18])[H:19])([H:20])[H:21])([H:11])[C:2](=[O:1])[O:3][H:10])([H:12])[H:13])([H:14])[H:15])[H:17],5.0,3.0
13,0.0457399987748691,AM1BCC,OpenEye,,,H,,14,[H:16][C:7]1([C:6]([C:5]([C:4]([C:9]([C:8]1([H:18])[H:19])([H:20])[H:21])([H:11])[C:2](=[O:1])[O:3][H:10])([H:12])[H:13])([H:14])[H:15])[H:17],5.0,3.0
14,0.0457399987748691,AM1BCC,OpenEye,,,H,,15,[H:16][C:7]1([C:6]([C:5]([C:4]([C:9]([C:8]1([H:18])[H:19])([H:20])[H:21])([H:11])[C:2](=[O:1])[O:3][H:10])([H:12])[H:13])([H:14])[H:15])[H:17],5.0,3.0
15,0.0401799992791244,AM1BCC,OpenEye,,,H,,16,[H:16][C:7]1([C:6]([C:5]([C:4]([C:9]([C:8]1([H:18])[H:19])([H:20])[H:21])([H:11])[C:2](=[O:1])[O:3][H:10])([H:12])[H:13])([H:14])[H:15])[H:17],5.0,3.0
16,0.0401799992791244,AM1BCC,OpenEye,,,H,,17,[H:16][C:7]1([C:6]([C:5]([C:4]([C:9]([C:8]1([H:18])[H:19])([H:20])[H:21])([H:11])[C:2](=[O:1])[O:3][H:10])([H:12])[H:13])([H:14])[H:15])[H:17],5.0,3.0
17,0.0457399987748691,AM1BCC,OpenEye,,,H,,18,[H:16][C:7]1([C:6]([C:5]([C:4]([C:9]([C:8]1([H:18])[H:19])([H:20])[H:21])([H:11])[C:2](=[O:1])[O:3][H:10])([H:12])[H:13])([H:14])[H:15])[H:17],5.0,3.0
18,0.0457399987748691,AM1BCC,OpenEye,,,H,,19,[H:16][C:7]1([C:6]([C:5]([C:4]([C:9]([C:8]1([H:18])[H:19])([H:20])[H:21])([H:11])[C:2](=[O:1])[O:3][H:10])([H:12])[H:13])([H:14])[H:15])[H:17],5.0,3.0
19,0.054099997239453454,AM1BCC,OpenEye,,,H,,20,[H:16][C:7]1([C:6]([C:5]([C:4]([C:9]([C:8]1([H:18])[H:19])([H:20])[H:21])([H:11])[C:2](=[O:1])[O:3][H:10])([H:12])[H:13])([H:14])[H:15])[H:17],5.0,3.0
20,0.054099997239453454,AM1BCC,OpenEye,,,H,,21,[H:16][C:7]1([C:6]([C:5]([C:4]([C:9]([C:8]1([H:18])[H:19])([H:20])[H:21])([H:11])[C:2](=[O:1])[O:3][H:10])([H:12])[H:13])([H:14])[H:15])[H:17],5.0,3.0
0,-0.5510476190476191,AM1BCC,AmberTools,,,O,,1,[H:16][C:7]1([C:6]([C:5]([C:4]([C:9]([C:8]1([H:18])[H:19])([H:20])[H:21])([H:11])[C:2](=[O:1])[O:3][H:10])([H:12])[H:13])([H:14])[H:15])[H:17],5.0,3.0
1,0.6350523809523809,AM1BCC,AmberTools,,,C,,2,[H:16][C:7]1([C:6]([C:5]([C:4]([C:9]([C:8]1([H:18])[H:19])([H:20])[H:21])([H:11])[C:2](=[O:1])[O:3][H:10])([H:12])[H:13])([H:14])[H:15])[H:17],5.0,3.0
2,-0.612147619047619,AM1BCC,AmberTools,,,O,,3,[H:16][C:7]1([C:6]([C:5]([C:4]([C:9]([C:8]1([H:18])[H:19])([H:20])[H:21])([H:11])[C:2](=[O:1])[O:3][H:10])([H:12])[H:13])([H:14])[H:15])[H:17],5.0,3.0
3,-0.10174761904761905,AM1BCC,AmberTools,,,C,,4,[H:16][C:7]1([C:6]([C:5]([C:4]([C:9]([C:8]1([H:18])[H:19])([H:20])[H:21])([H:11])[C:2](=[O:1])[O:3][H:10])([H:12])[H:13])([H:14])[H:15])[H:17],5.0,3.0
4,-0.07244761904761905,AM1BCC,AmberTools,,,C,,5,[H:16][C:7]1([C:6]([C:5]([C:4]([C:9]([C:8]1([H:18])[H:19])([H:20])[H:21])([H:11])[C:2](=[O:1])[O:3][H:10])([H:12])[H:13])([H:14])[H:15])[H:17],5.0,3.0
5,-0.07544761904761904,AM1BCC,AmberTools,,,C,,6,[H:16][C:7]1([C:6]([C:5]([C:4]([C:9]([C:8]1([H:18])[H:19])([H:20])[H:21])([H:11])[C:2](=[O:1])[O:3][H:10])([H:12])[H:13])([H:14])[H:15])[H:17],5.0,3.0
6,-0.07944761904761904,AM1BCC,AmberTools,,,C,,7,[H:16][C:7]1([C:6]([C:5]([C:4]([C:9]([C:8]1([H:18])[H:19])([H:20])[H:21])([H:11])[C:2](=[O:1])[O:3][H:10])([H:12])[H:13])([H:14])[H:15])[H:17],5.0,3.0
7,-0.07544761904761904,AM1BCC,AmberTools,,,C,,8,[H:16][C:7]1([C:6]([C:5]([C:4]([C:9]([C:8]1([H:18])[H:19])([H:20])[H:21])([H:11])[C:2](=[O:1])[O:3][H:10])([H:12])[H:13])([H:14])[H:15])[H:17],5.0,3.0
8,-0.07244761904761905,AM1BCC,AmberTools,,,C,,9,[H:16][C:7]1([C:6]([C:5]([C:4]([C:9]([C:8]1([H:18])[H:19])([H:20])[H:21])([H:11])[C:2](=[O:1])[O:3][H:10])([H:12])[H:13])([H:14])[H:15])[H:17],5.0,3.0
9,0.442952380952381,AM1BCC,AmberTools,,,H,,10,[H:16][C:7]1([C:6]([C:5]([C:4]([C:9]([C:8]1([H:18])[H:19])([H:20])[H:21])([H:11])[C:2](=[O:1])[O:3][H:10])([H:12])[H:13])([H:14])[H:15])[H:17],5.0,3.0
10,0.07965238095238095,AM1BCC,AmberTools,,,H,,11,[H:16][C:7]1([C:6]([C:5]([C:4]([C:9]([C:8]1([H:18])[H:19])([H:20])[H:21])([H:11])[C:2](=[O:1])[O:3][H:10])([H:12])[H:13])([H:14])[H:15])[H:17],5.0,3.0
11,0.056152380952380954,AM1BCC,AmberTools,,,H,,12,[H:16][C:7]1([C:6]([C:5]([C:4]([C:9]([C:8]1([H:18])[H:19])([H:20])[H:21])([H:11])[C:2](=[O:1])[O:3][H:10])([H:12])[H:13])([H:14])[H:15])[H:17],5.0,3.0
12,0.056152380952380954,AM1BCC,AmberTools,,,H,,13,[H:16][C:7]1([C:6]([C:5]([C:4]([C:9]([C:8]1([H:18])[H:19])([H:20])[H:21])([H:11])[C:2](=[O:1])[O:3][H:10])([H:12])[H:13])([H:14])[H:15])[H:17],5.0,3.0
13,0.04440238095238096,AM1BCC,AmberTools,,,H,,14,[H:16][C:7]1([C:6]([C:5]([C:4]([C:9]([C:8]1([H:18])[H:19])([H:20])[H:21])([H:11])[C:2](=[O:1])[O:3][H:10])([H:12])[H:13])([H:14])[H:15])[H:17],5.0,3.0
14,0.04440238095238096,AM1BCC,AmberTools,,,H,,15,[H:16][C:7]1([C:6]([C:5]([C:4]([C:9]([C:8]1([H:18])[H:19])([H:20])[H:21])([H:11])[C:2](=[O:1])[O:3][H:10])([H:12])[H:13])([H:14])[H:15])[H:17],5.0,3.0
15,0.04015238095238095,AM1BCC,AmberTools,,,H,,16,[H:16][C:7]1([C:6]([C:5]([C:4]([C:9]([C:8]1([H:18])[H:19])([H:20])[H:21])([H:11])[C:2](=[O:1])[O:3][H:10])([H:12])[H:13])([H:14])[H:15])[H:17],5.0,3.0
16,0.04015238095238095,AM1BCC,AmberTools,,,H,,17,[H:16][C:7]1([C:6]([C:5]([C:4]([C:9]([C:8]1([H:18])[H:19])([H:20])[H:21])([H:11])[C:2](=[O:1])[O:3][H:10])([H:12])[H:13])([H:14])[H:15])[H:17],5.0,3.0
17,0.04440238095238096,AM1BCC,AmberTools,,,H,,18,[H:16][C:7]1([C:6]([C:5]([C:4]([C:9]([C:8]1([H:18])[H:19])([H:20])[H:21])([H:11])[C:2](=[O:1])[O:3][H:10])([H:12])[H:13])([H:14])[H:15])[H:17],5.0,3.0
18,0.04440238095238096,AM1BCC,AmberTools,,,H,,19,[H:16][C:7]1([C:6]([C:5]([C:4]([C:9]([C:8]1([H:18])[H:19])([H:20])[H:21])([H:11])[C:2](=[O:1])[O:3][H:10])([H:12])[H:13])([H:14])[H:15])[H:17],5.0,3.0
19,0.056152380952380954,AM1BCC,AmberTools,,,H,,20,[H:16][C:7]1([C:6]([C:5]([C:4]([C:9]([C:8]1([H:18])[H:19])([H:20])[H:21])([H:11])[C:2](=[O:1])[O:3][H:10])([H:12])[H:13])([H:14])[H:15])[H:17],5.0,3.0
20,0.056152380952380954,AM1BCC,AmberTools,,,H,,21,[H:16][C:7]1([C:6]([C:5]([C:4]([C:9]([C:8]1([H:18])[H:19])([H:20])[H:21])([H:11])[C:2](=[O:1])[O:3][H:10])([H:12])[H:13])([H:14])[H:15])[H:17],5.0,3.0
0,-0.5516399762460164,AM1BCC,OpenEye,,,O,,1,[H:16][C:7]1([C:6]([C:5]([C:4]([C:9]([C:8]1([H:18])[H:19])([H:20])[H:21])([H:11])[C:2](=[O:1])[O:3][H:10])([H:12])[H:13])([H:14])[H:15])[H:17],5.0,4.0
1,0.6329799869230816,AM1BCC,OpenEye,,,C,,2,[H:16][C:7]1([C:6]([C:5]([C:4]([C:9]([C:8]1([H:18])[H:19])([H:20])[H:21])([H:11])[C:2](=[O:1])[O:3][H:10])([H:12])[H:13])([H:14])[H:15])[H:17],5.0,4.0
2,-0.6020299813577107,AM1BCC,OpenEye,,,O,,3,[H:16][C:7]1([C:6]([C:5]([C:4]([C:9]([C:8]1([H:18])[H:19])([H:20])[H:21])([H:11])[C:2](=[O:1])[O:3][H:10])([H:12])[H:13])([H:14])[H:15])[H:17],5.0,4.0
3,-0.10543000165905271,AM1BCC,OpenEye,,,C,,4,[H:16][C:7]1([C:6]([C:5]([C:4]([C:9]([C:8]1([H:18])[H:19])([H:20])[H:21])([H:11])[C:2](=[O:1])[O:3][H:10])([H:12])[H:13])([H:14])[H:15])[H:17],5.0,4.0
4,-0.0705700016447476,AM1BCC,OpenEye,,,C,,5,[H:16][C:7]1([C:6]([C:5]([C:4]([C:9]([C:8]1([H:18])[H:19])([H:20])[H:21])([H:11])[C:2](=[O:1])[O:3][H:10])([H:12])[H:13])([H:14])[H:15])[H:17],5.0,4.0
5,-0.07656000022377286,AM1BCC,OpenEye,,,C,,6,[H:16][C:7]1([C:6]([C:5]([C:4]([C:9]([C:8]1([H:18])[H:19])([H:20])[H:21])([H:11])[C:2](=[O:1])[O:3][H:10])([H:12])[H:13])([H:14])[H:15])[H:17],5.0,4.0
6,-0.08028000061001096,AM1BCC,OpenEye,,,C,,7,[H:16][C:7]1([C:6]([C:5]([C:4]([C:9]([C:8]1([H:18])[H:19])([H:20])[H:21])([H:11])[C:2](=[O:1])[O:3][H:10])([H:12])[H:13])([H:14])[H:15])[H:17],5.0,4.0
7,-0.07656000022377286,AM1BCC,OpenEye,,,C,,8,[H:16][C:7]1([C:6]([C:5]([C:4]([C:9]([C:8]1([H:18])[H:19])([H:20])[H:21])([H:11])[C:2](=[O:1])[O:3][H:10])([H:12])[H:13])([H:14])[H:15])[H:17],5.0,4.0
8,-0.0705700016447476,AM1BCC,OpenEye,,,C,,9,[H:16][C:7]1([C:6]([C:5]([C:4]([C:9]([C:8]1([H:18])[H:19])([H:20])[H:21])([H:11])[C:2](=[O:1])[O:3][H:10])([H:12])[H:13])([H:14])[H:15])[H:17],5.0,4.0
9,0.4425699987581798,AM1BCC,OpenEye,,,H,,10,[H:16][C:7]1([C:6]([C:5]([C:4]([C:9]([C:8]1([H:18])[H:19])([H:20])[H:21])([H:11])[C:2](=[O:1])[O:3][H:10])([H:12])[H:13])([H:14])[H:15])[H:17],5.0,4.0
10,0.07836999531303133,AM1BCC,OpenEye,,,H,,11,[H:16][C:7]1([C:6]([C:5]([C:4]([C:9]([C:8]1([H:18])[H:19])([H:20])[H:21])([H:11])[C:2](=[O:1])[O:3][H:10])([H:12])[H:13])([H:14])[H:15])[H:17],5.0,4.0
11,0.054099997239453454,AM1BCC,OpenEye,,,H,,12,[H:16][C:7]1([C:6]([C:5]([C:4]([C:9]([C:8]1([H:18])[H:19])([H:20])[H:21])([H:11])[C:2](=[O:1])[O:3][H:10])([H:12])[H:13])([H:14])[H:15])[H:17],5.0,4.0
12,0.054099997239453454,AM1BCC,OpenEye,,,H,,13,[H:16][C:7]1([C:6]([C:5]([C:4]([C:9]([C:8]1([H:18])[H:19])([H:20])[H:21])([H:11])[C:2](=[O:1])[O:3][H:10])([H:12])[H:13])([H:14])[H:15])[H:17],5.0,4.0
13,0.0457399987748691,AM1BCC,OpenEye,,,H,,14,[H:16][C:7]1([C:6]([C:5]([C:4]([C:9]([C:8]1([H:18])[H:19])([H:20])[H:21])([H:11])[C:2](=[O:1])[O:3][H:10])([H:12])[H:13])([H:14])[H:15])[H:17],5.0,4.0
14,0.0457399987748691,AM1BCC,OpenEye,,,H,,15,[H:16][C:7]1([C:6]([C:5]([C:4]([C:9]([C:8]1([H:18])[H:19])([H:20])[H:21])([H:11])[C:2](=[O:1])[O:3][H:10])([H:12])[H:13])([H:14])[H:15])[H:17],5.0,4.0
15,0.0401799992791244,AM1BCC,OpenEye,,,H,,16,[H:16][C:7]1([C:6]([C:5]([C:4]([C:9]([C:8]1([H:18])[H:19])([H:20])[H:21])([H:11])[C:2](=[O:1])[O:3][H:10])([H:12])[H:13])([H:14])[H:15])[H:17],5.0,4.0
16,0.0401799992791244,AM1BCC,OpenEye,,,H,,17,[H:16][C:7]1([C:6]([C:5]([C:4]([C:9]([C:8]1([H:18])[H:19])([H:20])[H:21])([H:11])[C:2](=[O:1])[O:3][H:10])([H:12])[H:13])([H:14])[H:15])[H:17],5.0,4.0
17,0.0457399987748691,AM1BCC,OpenEye,,,H,,18,[H:16][C:7]1([C:6]([C:5]([C:4]([C:9]([C:8]1([H:18])[H:19])([H:20])[H:21])([H:11])[C:2](=[O:1])[O:3][H:10])([H:12])[H:13])([H:14])[H:15])[H:17],5.0,4.0
18,0.0457399987748691,AM1BCC,OpenEye,,,H,,19,[H:16][C:7]1([C:6]([C:5]([C:4]([C:9]([C:8]1([H:18])[H:19])([H:20])[H:21])([H:11])[C:2](=[O:1])[O:3][H:10])([H:12])[H:13])([H:14])[H:15])[H:17],5.0,4.0
19,0.054099997239453454,AM1BCC,OpenEye,,,H,,20,[H:16][C:7]1([C:6]([C:5]([C:4]([C:9]([C:8]1([H:18])[H:19])([H:20])[H:21])([H:11])[C:2](=[O:1])[O:3][H:10])([H:12])[H:13])([H:14])[H:15])[H:17],5.0,4.0
20,0.054099997239453454,AM1BCC,OpenEye,,,H,,21,[H:16][C:7]1([C:6]([C:5]([C:4]([C:9]([C:8]1([H:18])[H:19])([H:20])[H:21])([H:11])[C:2](=[O:1])[O:3][H:10])([H:12])[H:13])([H:14])[H:15])[H:17],5.0,4.0
0,-0.5510476190476191,AM1BCC,AmberTools,,,O,,1,[H:16][C:7]1([C:6]([C:5]([C:4]([C:9]([C:8]1([H:18])[H:19])([H:20])[H:21])([H:11])[C:2](=[O:1])[O:3][H:10])([H:12])[H:13])([H:14])[H:15])[H:17],5.0,4.0
1,0.6350523809523809,AM1BCC,AmberTools,,,C,,2,[H:16][C:7]1([C:6]([C:5]([C:4]([C:9]([C:8]1([H:18])[H:19])([H:20])[H:21])([H:11])[C:2](=[O:1])[O:3][H:10])([H:12])[H:13])([H:14])[H:15])[H:17],5.0,4.0
2,-0.612147619047619,AM1BCC,AmberTools,,,O,,3,[H:16][C:7]1([C:6]([C:5]([C:4]([C:9]([C:8]1([H:18])[H:19])([H:20])[H:21])([H:11])[C:2](=[O:1])[O:3][H:10])([H:12])[H:13])([H:14])[H:15])[H:17],5.0,4.0
3,-0.10174761904761905,AM1BCC,AmberTools,,,C,,4,[H:16][C:7]1([C:6]([C:5]([C:4]([C:9]([C:8]1([H:18])[H:19])([H:20])[H:21])([H:11])[C:2](=[O:1])[O:3][H:10])([H:12])[H:13])([H:14])[H:15])[H:17],5.0,4.0
4,-0.07244761904761905,AM1BCC,AmberTools,,,C,,5,[H:16][C:7]1([C:6]([C:5]([C:4]([C:9]([C:8]1([H:18])[H:19])([H:20])[H:21])([H:11])[C:2](=[O:1])[O:3][H:10])([H:12])[H:13])([H:14])[H:15])[H:17],5.0,4.0
5,-0.07544761904761904,AM1BCC,AmberTools,,,C,,6,[H:16][C:7]1([C:6]([C:5]([C:4]([C:9]([C:8]1([H:18])[H:19])([H:20])[H:21])([H:11])[C:2](=[O:1])[O:3][H:10])([H:12])[H:13])([H:14])[H:15])[H:17],5.0,4.0
6,-0.07944761904761904,AM1BCC,AmberTools,,,C,,7,[H:16][C:7]1([C:6]([C:5]([C:4]([C:9]([C:8]1([H:18])[H:19])([H:20])[H:21])([H:11])[C:2](=[O:1])[O:3][H:10])([H:12])[H:13])([H:14])[H:15])[H:17],5.0,4.0
7,-0.07544761904761904,AM1BCC,AmberTools,,,C,,8,[H:16][C:7]1([C:6]([C:5]([C:4]([C:9]([C:8]1([H:18])[H:19])([H:20])[H:21])([H:11])[C:2](=[O:1])[O:3][H:10])([H:12])[H:13])([H:14])[H:15])[H:17],5.0,4.0
8,-0.07244761904761905,AM1BCC,AmberTools,,,C,,9,[H:16][C:7]1([C:6]([C:5]([C:4]([C:9]([C:8]1([H:18])[H:19])([H:20])[H:21])([H:11])[C:2](=[O:1])[O:3][H:10])([H:12])[H:13])([H:14])[H:15])[H:17],5.0,4.0
9,0.442952380952381,AM1BCC,AmberTools,,,H,,10,[H:16][C:7]1([C:6]([C:5]([C:4]([C:9]([C:8]1([H:18])[H:19])([H:20])[H:21])([H:11])[C:2](=[O:1])[O:3][H:10])([H:12])[H:13])([H:14])[H:15])[H:17],5.0,4.0
10,0.07965238095238095,AM1BCC,AmberTools,,,H,,11,[H:16][C:7]1([C:6]([C:5]([C:4]([C:9]([C:8]1([H:18])[H:19])([H:20])[H:21])([H:11])[C:2](=[O:1])[O:3][H:10])([H:12])[H:13])([H:14])[H:15])[H:17],5.0,4.0
11,0.056152380952380954,AM1BCC,AmberTools,,,H,,12,[H:16][C:7]1([C:6]([C:5]([C:4]([C:9]([C:8]1([H:18])[H:19])([H:20])[H:21])([H:11])[C:2](=[O:1])[O:3][H:10])([H:12])[H:13])([H:14])[H:15])[H:17],5.0,4.0
12,0.056152380952380954,AM1BCC,AmberTools,,,H,,13,[H:16][C:7]1([C:6]([C:5]([C:4]([C:9]([C:8]1([H:18])[H:19])([H:20])[H:21])([H:11])[C:2](=[O:1])[O:3][H:10])([H:12])[H:13])([H:14])[H:15])[H:17],5.0,4.0
13,0.04440238095238096,AM1BCC,AmberTools,,,H,,14,[H:16][C:7]1([C:6]([C:5]([C:4]([C:9]([C:8]1([H:18])[H:19])([H:20])[H:21])([H:11])[C:2](=[O:1])[O:3][H:10])([H:12])[H:13])([H:14])[H:15])[H:17],5.0,4.0
14,0.04440238095238096,AM1BCC,AmberTools,,,H,,15,[H:16][C:7]1([C:6]([C:5]([C:4]([C:9]([C:8]1([H:18])[H:19])([H:20])[H:21])([H:11])[C:2](=[O:1])[O:3][H:10])([H:12])[H:13])([H:14])[H:15])[H:17],5.0,4.0
15,0.04015238095238095,AM1BCC,AmberTools,,,H,,16,[H:16][C:7]1([C:6]([C:5]([C:4]([C:9]([C:8]1([H:18])[H:19])([H:20])[H:21])([H:11])[C:2](=[O:1])[O:3][H:10])([H:12])[H:13])([H:14])[H:15])[H:17],5.0,4.0
16,0.04015238095238095,AM1BCC,AmberTools,,,H,,17,[H:16][C:7]1([C:6]([C:5]([C:4]([C:9]([C:8]1([H:18])[H:19])([H:20])[H:21])([H:11])[C:2](=[O:1])[O:3][H:10])([H:12])[H:13])([H:14])[H:15])[H:17],5.0,4.0
17,0.04440238095238096,AM1BCC,AmberTools,,,H,,18,[H:16][C:7]1([C:6]([C:5]([C:4]([C:9]([C:8]1([H:18])[H:19])([H:20])[H:21])([H:11])[C:2](=[O:1])[O:3][H:10])([H:12])[H:13])([H:14])[H:15])[H:17],5.0,4.0
18,0.04440238095238096,AM1BCC,AmberTools,,,H,,19,[H:16][C:7]1([C:6]([C:5]([C:4]([C:9]([C:8]1([H:18])[H:19])([H:20])[H:21])([H:11])[C:2](=[O:1])[O:3][H:10])([H:12])[H:13])([H:14])[H:15])[H:17],5.0,4.0
19,0.056152380952380954,AM1BCC,AmberTools,,,H,,20,[H:16][C:7]1([C:6]([C:5]([C:4]([C:9]([C:8]1([H:18])[H:19])([H:20])[H:21])([H:11])[C:2](=[O:1])[O:3][H:10])([H:12])[H:13])([H:14])[H:15])[H:17],5.0,4.0
20,0.056152380952380954,AM1BCC,AmberTools,,,H,,21,[H:16][C:7]1([C:6]([C:5]([C:4]([C:9]([C:8]1([H:18])[H:19])([H:20])[H:21])([H:11])[C:2](=[O:1])[O:3][H:10])([H:12])[H:13])([H:14])[H:15])[H:17],5.0,4.0
0,-0.5516399762460164,AM1BCC,OpenEye,,,O,,1,[H:16][C:7]1([C:6]([C:5]([C:4]([C:9]([C:8]1([H:18])[H:19])([H:20])[H:21])([H:11])[C:2](=[O:1])[O:3][H:10])([H:12])[H:13])([H:14])[H:15])[H:17],5.0,5.0
1,0.6329799869230816,AM1BCC,OpenEye,,,C,,2,[H:16][C:7]1([C:6]([C:5]([C:4]([C:9]([C:8]1([H:18])[H:19])([H:20])[H:21])([H:11])[C:2](=[O:1])[O:3][H:10])([H:12])[H:13])([H:14])[H:15])[H:17],5.0,5.0
2,-0.6020299813577107,AM1BCC,OpenEye,,,O,,3,[H:16][C:7]1([C:6]([C:5]([C:4]([C:9]([C:8]1([H:18])[H:19])([H:20])[H:21])([H:11])[C:2](=[O:1])[O:3][H:10])([H:12])[H:13])([H:14])[H:15])[H:17],5.0,5.0
3,-0.10543000165905271,AM1BCC,OpenEye,,,C,,4,[H:16][C:7]1([C:6]([C:5]([C:4]([C:9]([C:8]1([H:18])[H:19])([H:20])[H:21])([H:11])[C:2](=[O:1])[O:3][H:10])([H:12])[H:13])([H:14])[H:15])[H:17],5.0,5.0
4,-0.0705700016447476,AM1BCC,OpenEye,,,C,,5,[H:16][C:7]1([C:6]([C:5]([C:4]([C:9]([C:8]1([H:18])[H:19])([H:20])[H:21])([H:11])[C:2](=[O:1])[O:3][H:10])([H:12])[H:13])([H:14])[H:15])[H:17],5.0,5.0
5,-0.07656000022377286,AM1BCC,OpenEye,,,C,,6,[H:16][C:7]1([C:6]([C:5]([C:4]([C:9]([C:8]1([H:18])[H:19])([H:20])[H:21])([H:11])[C:2](=[O:1])[O:3][H:10])([H:12])[H:13])([H:14])[H:15])[H:17],5.0,5.0
6,-0.08028000061001096,AM1BCC,OpenEye,,,C,,7,[H:16][C:7]1([C:6]([C:5]([C:4]([C:9]([C:8]1([H:18])[H:19])([H:20])[H:21])([H:11])[C:2](=[O:1])[O:3][H:10])([H:12])[H:13])([H:14])[H:15])[H:17],5.0,5.0
7,-0.07656000022377286,AM1BCC,OpenEye,,,C,,8,[H:16][C:7]1([C:6]([C:5]([C:4]([C:9]([C:8]1([H:18])[H:19])([H:20])[H:21])([H:11])[C:2](=[O:1])[O:3][H:10])([H:12])[H:13])([H:14])[H:15])[H:17],5.0,5.0
8,-0.0705700016447476,AM1BCC,OpenEye,,,C,,9,[H:16][C:7]1([C:6]([C:5]([C:4]([C:9]([C:8]1([H:18])[H:19])([H:20])[H:21])([H:11])[C:2](=[O:1])[O:3][H:10])([H:12])[H:13])([H:14])[H:15])[H:17],5.0,5.0
9,0.4425699987581798,AM1BCC,OpenEye,,,H,,10,[H:16][C:7]1([C:6]([C:5]([C:4]([C:9]([C:8]1([H:18])[H:19])([H:20])[H:21])([H:11])[C:2](=[O:1])[O:3][H:10])([H:12])[H:13])([H:14])[H:15])[H:17],5.0,5.0
10,0.07836999531303133,AM1BCC,OpenEye,,,H,,11,[H:16][C:7]1([C:6]([C:5]([C:4]([C:9]([C:8]1([H:18])[H:19])([H:20])[H:21])([H:11])[C:2](=[O:1])[O:3][H:10])([H:12])[H:13])([H:14])[H:15])[H:17],5.0,5.0
11,0.054099997239453454,AM1BCC,OpenEye,,,H,,12,[H:16][C:7]1([C:6]([C:5]([C:4]([C:9]([C:8]1([H:18])[H:19])([H:20])[H:21])([H:11])[C:2](=[O:1])[O:3][H:10])([H:12])[H:13])([H:14])[H:15])[H:17],5.0,5.0
12,0.054099997239453454,AM1BCC,OpenEye,,,H,,13,[H:16][C:7]1([C:6]([C:5]([C:4]([C:9]([C:8]1([H:18])[H:19])([H:20])[H:21])([H:11])[C:2](=[O:1])[O:3][H:10])([H:12])[H:13])([H:14])[H:15])[H:17],5.0,5.0
13,0.0457399987748691,AM1BCC,OpenEye,,,H,,14,[H:16][C:7]1([C:6]([C:5]([C:4]([C:9]([C:8]1([H:18])[H:19])([H:20])[H:21])([H:11])[C:2](=[O:1])[O:3][H:10])([H:12])[H:13])([H:14])[H:15])[H:17],5.0,5.0
14,0.0457399987748691,AM1BCC,OpenEye,,,H,,15,[H:16][C:7]1([C:6]([C:5]([C:4]([C:9]([C:8]1([H:18])[H:19])([H:20])[H:21])([H:11])[C:2](=[O:1])[O:3][H:10])([H:12])[H:13])([H:14])[H:15])[H:17],5.0,5.0
15,0.0401799992791244,AM1BCC,OpenEye,,,H,,16,[H:16][C:7]1([C:6]([C:5]([C:4]([C:9]([C:8]1([H:18])[H:19])([H:20])[H:21])([H:11])[C:2](=[O:1])[O:3][H:10])([H:12])[H:13])([H:14])[H:15])[H:17],5.0,5.0
16,0.0401799992791244,AM1BCC,OpenEye,,,H,,17,[H:16][C:7]1([C:6]([C:5]([C:4]([C:9]([C:8]1([H:18])[H:19])([H:20])[H:21])([H:11])[C:2](=[O:1])[O:3][H:10])([H:12])[H:13])([H:14])[H:15])[H:17],5.0,5.0
17,0.0457399987748691,AM1BCC,OpenEye,,,H,,18,[H:16][C:7]1([C:6]([C:5]([C:4]([C:9]([C:8]1([H:18])[H:19])([H:20])[H:21])([H:11])[C:2](=[O:1])[O:3][H:10])([H:12])[H:13])([H:14])[H:15])[H:17],5.0,5.0
18,0.0457399987748691,AM1BCC,OpenEye,,,H,,19,[H:16][C:7]1([C:6]([C:5]([C:4]([C:9]([C:8]1([H:18])[H:19])([H:20])[H:21])([H:11])[C:2](=[O:1])[O:3][H:10])([H:12])[H:13])([H:14])[H:15])[H:17],5.0,5.0
19,0.054099997239453454,AM1BCC,OpenEye,,,H,,20,[H:16][C:7]1([C:6]([C:5]([C:4]([C:9]([C:8]1([H:18])[H:19])([H:20])[H:21])([H:11])[C:2](=[O:1])[O:3][H:10])([H:12])[H:13])([H:14])[H:15])[H:17],5.0,5.0
20,0.054099997239453454,AM1BCC,OpenEye,,,H,,21,[H:16][C:7]1([C:6]([C:5]([C:4]([C:9]([C:8]1([H:18])[H:19])([H:20])[H:21])([H:11])[C:2](=[O:1])[O:3][H:10])([H:12])[H:13])([H:14])[H:15])[H:17],5.0,5.0
0,-0.5510476190476191,AM1BCC,AmberTools,,,O,,1,[H:16][C:7]1([C:6]([C:5]([C:4]([C:9]([C:8]1([H:18])[H:19])([H:20])[H:21])([H:11])[C:2](=[O:1])[O:3][H:10])([H:12])[H:13])([H:14])[H:15])[H:17],5.0,5.0
1,0.6350523809523809,AM1BCC,AmberTools,,,C,,2,[H:16][C:7]1([C:6]([C:5]([C:4]([C:9]([C:8]1([H:18])[H:19])([H:20])[H:21])([H:11])[C:2](=[O:1])[O:3][H:10])([H:12])[H:13])([H:14])[H:15])[H:17],5.0,5.0
2,-0.612147619047619,AM1BCC,AmberTools,,,O,,3,[H:16][C:7]1([C:6]([C:5]([C:4]([C:9]([C:8]1([H:18])[H:19])([H:20])[H:21])([H:11])[C:2](=[O:1])[O:3][H:10])([H:12])[H:13])([H:14])[H:15])[H:17],5.0,5.0
3,-0.10174761904761905,AM1BCC,AmberTools,,,C,,4,[H:16][C:7]1([C:6]([C:5]([C:4]([C:9]([C:8]1([H:18])[H:19])([H:20])[H:21])([H:11])[C:2](=[O:1])[O:3][H:10])([H:12])[H:13])([H:14])[H:15])[H:17],5.0,5.0
4,-0.07244761904761905,AM1BCC,AmberTools,,,C,,5,[H:16][C:7]1([C:6]([C:5]([C:4]([C:9]([C:8]1([H:18])[H:19])([H:20])[H:21])([H:11])[C:2](=[O:1])[O:3][H:10])([H:12])[H:13])([H:14])[H:15])[H:17],5.0,5.0
5,-0.07544761904761904,AM1BCC,AmberTools,,,C,,6,[H:16][C:7]1([C:6]([C:5]([C:4]([C:9]([C:8]1([H:18])[H:19])([H:20])[H:21])([H:11])[C:2](=[O:1])[O:3][H:10])([H:12])[H:13])([H:14])[H:15])[H:17],5.0,5.0
6,-0.07944761904761904,AM1BCC,AmberTools,,,C,,7,[H:16][C:7]1([C:6]([C:5]([C:4]([C:9]([C:8]1([H:18])[H:19])([H:20])[H:21])([H:11])[C:2](=[O:1])[O:3][H:10])([H:12])[H:13])([H:14])[H:15])[H:17],5.0,5.0
7,-0.07544761904761904,AM1BCC,AmberTools,,,C,,8,[H:16][C:7]1([C:6]([C:5]([C:4]([C:9]([C:8]1([H:18])[H:19])([H:20])[H:21])([H:11])[C:2](=[O:1])[O:3][H:10])([H:12])[H:13])([H:14])[H:15])[H:17],5.0,5.0
8,-0.07244761904761905,AM1BCC,AmberTools,,,C,,9,[H:16][C:7]1([C:6]([C:5]([C:4]([C:9]([C:8]1([H:18])[H:19])([H:20])[H:21])([H:11])[C:2](=[O:1])[O:3][H:10])([H:12])[H:13])([H:14])[H:15])[H:17],5.0,5.0
9,0.442952380952381,AM1BCC,AmberTools,,,H,,10,[H:16][C:7]1([C:6]([C:5]([C:4]([C:9]([C:8]1([H:18])[H:19])([H:20])[H:21])([H:11])[C:2](=[O:1])[O:3][H:10])([H:12])[H:13])([H:14])[H:15])[H:17],5.0,5.0
10,0.07965238095238095,AM1BCC,AmberTools,,,H,,11,[H:16][C:7]1([C:6]([C:5]([C:4]([C:9]([C:8]1([H:18])[H:19])([H:20])[H:21])([H:11])[C:2](=[O:1])[O:3][H:10])([H:12])[H:13])([H:14])[H:15])[H:17],5.0,5.0
11,0.056152380952380954,AM1BCC,AmberTools,,,H,,12,[H:16][C:7]1([C:6]([C:5]([C:4]([C:9]([C:8]1([H:18])[H:19])([H:20])[H:21])([H:11])[C:2](=[O:1])[O:3][H:10])([H:12])[H:13])([H:14])[H:15])[H:17],5.0,5.0
12,0.056152380952380954,AM1BCC,AmberTools,,,H,,13,[H:16][C:7]1([C:6]([C:5]([C:4]([C:9]([C:8]1([H:18])[H:19])([H:20])[H:21])([H:11])[C:2](=[O:1])[O:3][H:10])([H:12])[H:13])([H:14])[H:15])[H:17],5.0,5.0
13,0.04440238095238096,AM1BCC,AmberTools,,,H,,14,[H:16][C:7]1([C:6]([C:5]([C:4]([C:9]([C:8]1([H:18])[H:19])([H:20])[H:21])([H:11])[C:2](=[O:1])[O:3][H:10])([H:12])[H:13])([H:14])[H:15])[H:17],5.0,5.0
14,0.04440238095238096,AM1BCC,AmberTools,,,H,,15,[H:16][C:7]1([C:6]([C:5]([C:4]([C:9]([C:8]1([H:18])[H:19])([H:20])[H:21])([H:11])[C:2](=[O:1])[O:3][H:10])([H:12])[H:13])([H:14])[H:15])[H:17],5.0,5.0
15,0.04015238095238095,AM1BCC,AmberTools,,,H,,16,[H:16][C:7]1([C:6]([C:5]([C:4]([C:9]([C:8]1([H:18])[H:19])([H:20])[H:21])([H:11])[C:2](=[O:1])[O:3][H:10])([H:12])[H:13])([H:14])[H:15])[H:17],5.0,5.0
16,0.04015238095238095,AM1BCC,AmberTools,,,H,,17,[H:16][C:7]1([C:6]([C:5]([C:4]([C:9]([C:8]1([H:18])[H:19])([H:20])[H:21])([H:11])[C:2](=[O:1])[O:3][H:10])([H:12])[H:13])([H:14])[H:15])[H:17],5.0,5.0
17,0.04440238095238096,AM1BCC,AmberTools,,,H,,18,[H:16][C:7]1([C:6]([C:5]([C:4]([C:9]([C:8]1([H:18])[H:19])([H:20])[H:21])([H:11])[C:2](=[O:1])[O:3][H:10])([H:12])[H:13])([H:14])[H:15])[H:17],5.0,5.0
18,0.04440238095238096,AM1BCC,AmberTools,,,H,,19,[H:16][C:7]1([C:6]([C:5]([C:4]([C:9]([C:8]1([H:18])[H:19])([H:20])[H:21])([H:11])[C:2](=[O:1])[O:3][H:10])([H:12])[H:13])([H:14])[H:15])[H:17],5.0,5.0
19,0.056152380952380954,AM1BCC,AmberTools,,,H,,20,[H:16][C:7]1([C:6]([C:5]([C:4]([C:9]([C:8]1([H:18])[H:19])([H:20])[H:21])([H:11])[C:2](=[O:1])[O:3][H:10])([H:12])[H:13])([H:14])[H:15])[H:17],5.0,5.0
20,0.056152380952380954,AM1BCC,AmberTools,,,H,,21,[H:16][C:7]1([C:6]([C:5]([C:4]([C:9]([C:8]1([H:18])[H:19])([H:20])[H:21])([H:11])[C:2](=[O:1])[O:3][H:10])([H:12])[H:13])([H:14])[H:15])[H:17],5.0,5.0
0,-0.5516399762460164,AM1BCC,OpenEye,,,O,,1,[H:16][C:7]1([C:6]([C:5]([C:4]([C:9]([C:8]1([H:18])[H:19])([H:20])[H:21])([H:11])[C:2](=[O:1])[O:3][H:10])([H:12])[H:13])([H:14])[H:15])[H:17],5.0,6.0
1,0.6329799869230816,AM1BCC,OpenEye,,,C,,2,[H:16][C:7]1([C:6]([C:5]([C:4]([C:9]([C:8]1([H:18])[H:19])([H:20])[H:21])([H:11])[C:2](=[O:1])[O:3][H:10])([H:12])[H:13])([H:14])[H:15])[H:17],5.0,6.0
2,-0.6020299813577107,AM1BCC,OpenEye,,,O,,3,[H:16][C:7]1([C:6]([C:5]([C:4]([C:9]([C:8]1([H:18])[H:19])([H:20])[H:21])([H:11])[C:2](=[O:1])[O:3][H:10])([H:12])[H:13])([H:14])[H:15])[H:17],5.0,6.0
3,-0.10543000165905271,AM1BCC,OpenEye,,,C,,4,[H:16][C:7]1([C:6]([C:5]([C:4]([C:9]([C:8]1([H:18])[H:19])([H:20])[H:21])([H:11])[C:2](=[O:1])[O:3][H:10])([H:12])[H:13])([H:14])[H:15])[H:17],5.0,6.0
4,-0.0705700016447476,AM1BCC,OpenEye,,,C,,5,[H:16][C:7]1([C:6]([C:5]([C:4]([C:9]([C:8]1([H:18])[H:19])([H:20])[H:21])([H:11])[C:2](=[O:1])[O:3][H:10])([H:12])[H:13])([H:14])[H:15])[H:17],5.0,6.0
5,-0.07656000022377286,AM1BCC,OpenEye,,,C,,6,[H:16][C:7]1([C:6]([C:5]([C:4]([C:9]([C:8]1([H:18])[H:19])([H:20])[H:21])([H:11])[C:2](=[O:1])[O:3][H:10])([H:12])[H:13])([H:14])[H:15])[H:17],5.0,6.0
6,-0.08028000061001096,AM1BCC,OpenEye,,,C,,7,[H:16][C:7]1([C:6]([C:5]([C:4]([C:9]([C:8]1([H:18])[H:19])([H:20])[H:21])([H:11])[C:2](=[O:1])[O:3][H:10])([H:12])[H:13])([H:14])[H:15])[H:17],5.0,6.0
7,-0.07656000022377286,AM1BCC,OpenEye,,,C,,8,[H:16][C:7]1([C:6]([C:5]([C:4]([C:9]([C:8]1([H:18])[H:19])([H:20])[H:21])([H:11])[C:2](=[O:1])[O:3][H:10])([H:12])[H:13])([H:14])[H:15])[H:17],5.0,6.0
8,-0.0705700016447476,AM1BCC,OpenEye,,,C,,9,[H:16][C:7]1([C:6]([C:5]([C:4]([C:9]([C:8]1([H:18])[H:19])([H:20])[H:21])([H:11])[C:2](=[O:1])[O:3][H:10])([H:12])[H:13])([H:14])[H:15])[H:17],5.0,6.0
9,0.4425699987581798,AM1BCC,OpenEye,,,H,,10,[H:16][C:7]1([C:6]([C:5]([C:4]([C:9]([C:8]1([H:18])[H:19])([H:20])[H:21])([H:11])[C:2](=[O:1])[O:3][H:10])([H:12])[H:13])([H:14])[H:15])[H:17],5.0,6.0
10,0.07836999531303133,AM1BCC,OpenEye,,,H,,11,[H:16][C:7]1([C:6]([C:5]([C:4]([C:9]([C:8]1([H:18])[H:19])([H:20])[H:21])([H:11])[C:2](=[O:1])[O:3][H:10])([H:12])[H:13])([H:14])[H:15])[H:17],5.0,6.0
11,0.054099997239453454,AM1BCC,OpenEye,,,H,,12,[H:16][C:7]1([C:6]([C:5]([C:4]([C:9]([C:8]1([H:18])[H:19])([H:20])[H:21])([H:11])[C:2](=[O:1])[O:3][H:10])([H:12])[H:13])([H:14])[H:15])[H:17],5.0,6.0
12,0.054099997239453454,AM1BCC,OpenEye,,,H,,13,[H:16][C:7]1([C:6]([C:5]([C:4]([C:9]([C:8]1([H:18])[H:19])([H:20])[H:21])([H:11])[C:2](=[O:1])[O:3][H:10])([H:12])[H:13])([H:14])[H:15])[H:17],5.0,6.0
13,0.0457399987748691,AM1BCC,OpenEye,,,H,,14,[H:16][C:7]1([C:6]([C:5]([C:4]([C:9]([C:8]1([H:18])[H:19])([H:20])[H:21])([H:11])[C:2](=[O:1])[O:3][H:10])([H:12])[H:13])([H:14])[H:15])[H:17],5.0,6.0
14,0.0457399987748691,AM1BCC,OpenEye,,,H,,15,[H:16][C:7]1([C:6]([C:5]([C:4]([C:9]([C:8]1([H:18])[H:19])([H:20])[H:21])([H:11])[C:2](=[O:1])[O:3][H:10])([H:12])[H:13])([H:14])[H:15])[H:17],5.0,6.0
15,0.0401799992791244,AM1BCC,OpenEye,,,H,,16,[H:16][C:7]1([C:6]([C:5]([C:4]([C:9]([C:8]1([H:18])[H:19])([H:20])[H:21])([H:11])[C:2](=[O:1])[O:3][H:10])([H:12])[H:13])([H:14])[H:15])[H:17],5.0,6.0
16,0.0401799992791244,AM1BCC,OpenEye,,,H,,17,[H:16][C:7]1([C:6]([C:5]([C:4]([C:9]([C:8]1([H:18])[H:19])([H:20])[H:21])([H:11])[C:2](=[O:1])[O:3][H:10])([H:12])[H:13])([H:14])[H:15])[H:17],5.0,6.0
17,0.0457399987748691,AM1BCC,OpenEye,,,H,,18,[H:16][C:7]1([C:6]([C:5]([C:4]([C:9]([C:8]1([H:18])[H:19])([H:20])[H:21])([H:11])[C:2](=[O:1])[O:3][H:10])([H:12])[H:13])([H:14])[H:15])[H:17],5.0,6.0
18,0.0457399987748691,AM1BCC,OpenEye,,,H,,19,[H:16][C:7]1([C:6]([C:5]([C:4]([C:9]([C:8]1([H:18])[H:19])([H:20])[H:21])([H:11])[C:2](=[O:1])[O:3][H:10])([H:12])[H:13])([H:14])[H:15])[H:17],5.0,6.0
19,0.054099997239453454,AM1BCC,OpenEye,,,H,,20,[H:16][C:7]1([C:6]([C:5]([C:4]([C:9]([C:8]1([H:18])[H:19])([H:20])[H:21])([H:11])[C:2](=[O:1])[O:3][H:10])([H:12])[H:13])([H:14])[H:15])[H:17],5.0,6.0
20,0.054099997239453454,AM1BCC,OpenEye,,,H,,21,[H:16][C:7]1([C:6]([C:5]([C:4]([C:9]([C:8]1([H:18])[H:19])([H:20])[H:21])([H:11])[C:2](=[O:1])[O:3][H:10])([H:12])[H:13])([H:14])[H:15])[H:17],5.0,6.0
0,-0.5510476190476191,AM1BCC,AmberTools,,,O,,1,[H:16][C:7]1([C:6]([C:5]([C:4]([C:9]([C:8]1([H:18])[H:19])([H:20])[H:21])([H:11])[C:2](=[O:1])[O:3][H:10])([H:12])[H:13])([H:14])[H:15])[H:17],5.0,6.0
1,0.6350523809523809,AM1BCC,AmberTools,,,C,,2,[H:16][C:7]1([C:6]([C:5]([C:4]([C:9]([C:8]1([H:18])[H:19])([H:20])[H:21])([H:11])[C:2](=[O:1])[O:3][H:10])([H:12])[H:13])([H:14])[H:15])[H:17],5.0,6.0
2,-0.612147619047619,AM1BCC,AmberTools,,,O,,3,[H:16][C:7]1([C:6]([C:5]([C:4]([C:9]([C:8]1([H:18])[H:19])([H:20])[H:21])([H:11])[C:2](=[O:1])[O:3][H:10])([H:12])[H:13])([H:14])[H:15])[H:17],5.0,6.0
3,-0.10174761904761905,AM1BCC,AmberTools,,,C,,4,[H:16][C:7]1([C:6]([C:5]([C:4]([C:9]([C:8]1([H:18])[H:19])([H:20])[H:21])([H:11])[C:2](=[O:1])[O:3][H:10])([H:12])[H:13])([H:14])[H:15])[H:17],5.0,6.0
4,-0.07244761904761905,AM1BCC,AmberTools,,,C,,5,[H:16][C:7]1([C:6]([C:5]([C:4]([C:9]([C:8]1([H:18])[H:19])([H:20])[H:21])([H:11])[C:2](=[O:1])[O:3][H:10])([H:12])[H:13])([H:14])[H:15])[H:17],5.0,6.0
5,-0.07544761904761904,AM1BCC,AmberTools,,,C,,6,[H:16][C:7]1([C:6]([C:5]([C:4]([C:9]([C:8]1([H:18])[H:19])([H:20])[H:21])([H:11])[C:2](=[O:1])[O:3][H:10])([H:12])[H:13])([H:14])[H:15])[H:17],5.0,6.0
6,-0.07944761904761904,AM1BCC,AmberTools,,,C,,7,[H:16][C:7]1([C:6]([C:5]([C:4]([C:9]([C:8]1([H:18])[H:19])([H:20])[H:21])([H:11])[C:2](=[O:1])[O:3][H:10])([H:12])[H:13])([H:14])[H:15])[H:17],5.0,6.0
7,-0.07544761904761904,AM1BCC,AmberTools,,,C,,8,[H:16][C:7]1([C:6]([C:5]([C:4]([C:9]([C:8]1([H:18])[H:19])([H:20])[H:21])([H:11])[C:2](=[O:1])[O:3][H:10])([H:12])[H:13])([H:14])[H:15])[H:17],5.0,6.0
8,-0.07244761904761905,AM1BCC,AmberTools,,,C,,9,[H:16][C:7]1([C:6]([C:5]([C:4]([C:9]([C:8]1([H:18])[H:19])([H:20])[H:21])([H:11])[C:2](=[O:1])[O:3][H:10])([H:12])[H:13])([H:14])[H:15])[H:17],5.0,6.0
9,0.442952380952381,AM1BCC,AmberTools,,,H,,10,[H:16][C:7]1([C:6]([C:5]([C:4]([C:9]([C:8]1([H:18])[H:19])([H:20])[H:21])([H:11])[C:2](=[O:1])[O:3][H:10])([H:12])[H:13])([H:14])[H:15])[H:17],5.0,6.0
10,0.07965238095238095,AM1BCC,AmberTools,,,H,,11,[H:16][C:7]1([C:6]([C:5]([C:4]([C:9]([C:8]1([H:18])[H:19])([H:20])[H:21])([H:11])[C:2](=[O:1])[O:3][H:10])([H:12])[H:13])([H:14])[H:15])[H:17],5.0,6.0
11,0.056152380952380954,AM1BCC,AmberTools,,,H,,12,[H:16][C:7]1([C:6]([C:5]([C:4]([C:9]([C:8]1([H:18])[H:19])([H:20])[H:21])([H:11])[C:2](=[O:1])[O:3][H:10])([H:12])[H:13])([H:14])[H:15])[H:17],5.0,6.0
12,0.056152380952380954,AM1BCC,AmberTools,,,H,,13,[H:16][C:7]1([C:6]([C:5]([C:4]([C:9]([C:8]1([H:18])[H:19])([H:20])[H:21])([H:11])[C:2](=[O:1])[O:3][H:10])([H:12])[H:13])([H:14])[H:15])[H:17],5.0,6.0
13,0.04440238095238096,AM1BCC,AmberTools,,,H,,14,[H:16][C:7]1([C:6]([C:5]([C:4]([C:9]([C:8]1([H:18])[H:19])([H:20])[H:21])([H:11])[C:2](=[O:1])[O:3][H:10])([H:12])[H:13])([H:14])[H:15])[H:17],5.0,6.0
14,0.04440238095238096,AM1BCC,AmberTools,,,H,,15,[H:16][C:7]1([C:6]([C:5]([C:4]([C:9]([C:8]1([H:18])[H:19])([H:20])[H:21])([H:11])[C:2](=[O:1])[O:3][H:10])([H:12])[H:13])([H:14])[H:15])[H:17],5.0,6.0
15,0.04015238095238095,AM1BCC,AmberTools,,,H,,16,[H:16][C:7]1([C:6]([C:5]([C:4]([C:9]([C:8]1([H:18])[H:19])([H:20])[H:21])([H:11])[C:2](=[O:1])[O:3][H:10])([H:12])[H:13])([H:14])[H:15])[H:17],5.0,6.0
16,0.04015238095238095,AM1BCC,AmberTools,,,H,,17,[H:16][C:7]1([C:6]([C:5]([C:4]([C:9]([C:8]1([H:18])[H:19])([H:20])[H:21])([H:11])[C:2](=[O:1])[O:3][H:10])([H:12])[H:13])([H:14])[H:15])[H:17],5.0,6.0
17,0.04440238095238096,AM1BCC,AmberTools,,,H,,18,[H:16][C:7]1([C:6]([C:5]([C:4]([C:9]([C:8]1([H:18])[H:19])([H:20])[H:21])([H:11])[C:2](=[O:1])[O:3][H:10])([H:12])[H:13])([H:14])[H:15])[H:17],5.0,6.0
18,0.04440238095238096,AM1BCC,AmberTools,,,H,,19,[H:16][C:7]1([C:6]([C:5]([C:4]([C:9]([C:8]1([H:18])[H:19])([H:20])[H:21])([H:11])[C:2](=[O:1])[O:3][H:10])([H:12])[H:13])([H:14])[H:15])[H:17],5.0,6.0
19,0.056152380952380954,AM1BCC,AmberTools,,,H,,20,[H:16][C:7]1([C:6]([C:5]([C:4]([C:9]([C:8]1([H:18])[H:19])([H:20])[H:21])([H:11])[C:2](=[O:1])[O:3][H:10])([H:12])[H:13])([H:14])[H:15])[H:17],5.0,6.0
20,0.056152380952380954,AM1BCC,AmberTools,,,H,,21,[H:16][C:7]1([C:6]([C:5]([C:4]([C:9]([C:8]1([H:18])[H:19])([H:20])[H:21])([H:11])[C:2](=[O:1])[O:3][H:10])([H:12])[H:13])([H:14])[H:15])[H:17],5.0,6.0
0,-0.5516399762460164,AM1BCC,OpenEye,,,O,,1,[H:16][C:7]1([C:6]([C:5]([C:4]([C:9]([C:8]1([H:18])[H:19])([H:20])[H:21])([H:11])[C:2](=[O:1])[O:3][H:10])([H:12])[H:13])([H:14])[H:15])[H:17],5.0,7.0
1,0.6329799869230816,AM1BCC,OpenEye,,,C,,2,[H:16][C:7]1([C:6]([C:5]([C:4]([C:9]([C:8]1([H:18])[H:19])([H:20])[H:21])([H:11])[C:2](=[O:1])[O:3][H:10])([H:12])[H:13])([H:14])[H:15])[H:17],5.0,7.0
2,-0.6020299813577107,AM1BCC,OpenEye,,,O,,3,[H:16][C:7]1([C:6]([C:5]([C:4]([C:9]([C:8]1([H:18])[H:19])([H:20])[H:21])([H:11])[C:2](=[O:1])[O:3][H:10])([H:12])[H:13])([H:14])[H:15])[H:17],5.0,7.0
3,-0.10543000165905271,AM1BCC,OpenEye,,,C,,4,[H:16][C:7]1([C:6]([C:5]([C:4]([C:9]([C:8]1([H:18])[H:19])([H:20])[H:21])([H:11])[C:2](=[O:1])[O:3][H:10])([H:12])[H:13])([H:14])[H:15])[H:17],5.0,7.0
4,-0.0705700016447476,AM1BCC,OpenEye,,,C,,5,[H:16][C:7]1([C:6]([C:5]([C:4]([C:9]([C:8]1([H:18])[H:19])([H:20])[H:21])([H:11])[C:2](=[O:1])[O:3][H:10])([H:12])[H:13])([H:14])[H:15])[H:17],5.0,7.0
5,-0.07656000022377286,AM1BCC,OpenEye,,,C,,6,[H:16][C:7]1([C:6]([C:5]([C:4]([C:9]([C:8]1([H:18])[H:19])([H:20])[H:21])([H:11])[C:2](=[O:1])[O:3][H:10])([H:12])[H:13])([H:14])[H:15])[H:17],5.0,7.0
6,-0.08028000061001096,AM1BCC,OpenEye,,,C,,7,[H:16][C:7]1([C:6]([C:5]([C:4]([C:9]([C:8]1([H:18])[H:19])([H:20])[H:21])([H:11])[C:2](=[O:1])[O:3][H:10])([H:12])[H:13])([H:14])[H:15])[H:17],5.0,7.0
7,-0.07656000022377286,AM1BCC,OpenEye,,,C,,8,[H:16][C:7]1([C:6]([C:5]([C:4]([C:9]([C:8]1([H:18])[H:19])([H:20])[H:21])([H:11])[C:2](=[O:1])[O:3][H:10])([H:12])[H:13])([H:14])[H:15])[H:17],5.0,7.0
8,-0.0705700016447476,AM1BCC,OpenEye,,,C,,9,[H:16][C:7]1([C:6]([C:5]([C:4]([C:9]([C:8]1([H:18])[H:19])([H:20])[H:21])([H:11])[C:2](=[O:1])[O:3][H:10])([H:12])[H:13])([H:14])[H:15])[H:17],5.0,7.0
9,0.4425699987581798,AM1BCC,OpenEye,,,H,,10,[H:16][C:7]1([C:6]([C:5]([C:4]([C:9]([C:8]1([H:18])[H:19])([H:20])[H:21])([H:11])[C:2](=[O:1])[O:3][H:10])([H:12])[H:13])([H:14])[H:15])[H:17],5.0,7.0
10,0.07836999531303133,AM1BCC,OpenEye,,,H,,11,[H:16][C:7]1([C:6]([C:5]([C:4]([C:9]([C:8]1([H:18])[H:19])([H:20])[H:21])([H:11])[C:2](=[O:1])[O:3][H:10])([H:12])[H:13])([H:14])[H:15])[H:17],5.0,7.0
11,0.054099997239453454,AM1BCC,OpenEye,,,H,,12,[H:16][C:7]1([C:6]([C:5]([C:4]([C:9]([C:8]1([H:18])[H:19])([H:20])[H:21])([H:11])[C:2](=[O:1])[O:3][H:10])([H:12])[H:13])([H:14])[H:15])[H:17],5.0,7.0
12,0.054099997239453454,AM1BCC,OpenEye,,,H,,13,[H:16][C:7]1([C:6]([C:5]([C:4]([C:9]([C:8]1([H:18])[H:19])([H:20])[H:21])([H:11])[C:2](=[O:1])[O:3][H:10])([H:12])[H:13])([H:14])[H:15])[H:17],5.0,7.0
13,0.0457399987748691,AM1BCC,OpenEye,,,H,,14,[H:16][C:7]1([C:6]([C:5]([C:4]([C:9]([C:8]1([H:18])[H:19])([H:20])[H:21])([H:11])[C:2](=[O:1])[O:3][H:10])([H:12])[H:13])([H:14])[H:15])[H:17],5.0,7.0
14,0.0457399987748691,AM1BCC,OpenEye,,,H,,15,[H:16][C:7]1([C:6]([C:5]([C:4]([C:9]([C:8]1([H:18])[H:19])([H:20])[H:21])([H:11])[C:2](=[O:1])[O:3][H:10])([H:12])[H:13])([H:14])[H:15])[H:17],5.0,7.0
15,0.0401799992791244,AM1BCC,OpenEye,,,H,,16,[H:16][C:7]1([C:6]([C:5]([C:4]([C:9]([C:8]1([H:18])[H:19])([H:20])[H:21])([H:11])[C:2](=[O:1])[O:3][H:10])([H:12])[H:13])([H:14])[H:15])[H:17],5.0,7.0
16,0.0401799992791244,AM1BCC,OpenEye,,,H,,17,[H:16][C:7]1([C:6]([C:5]([C:4]([C:9]([C:8]1([H:18])[H:19])([H:20])[H:21])([H:11])[C:2](=[O:1])[O:3][H:10])([H:12])[H:13])([H:14])[H:15])[H:17],5.0,7.0
17,0.0457399987748691,AM1BCC,OpenEye,,,H,,18,[H:16][C:7]1([C:6]([C:5]([C:4]([C:9]([C:8]1([H:18])[H:19])([H:20])[H:21])([H:11])[C:2](=[O:1])[O:3][H:10])([H:12])[H:13])([H:14])[H:15])[H:17],5.0,7.0
18,0.0457399987748691,AM1BCC,OpenEye,,,H,,19,[H:16][C:7]1([C:6]([C:5]([C:4]([C:9]([C:8]1([H:18])[H:19])([H:20])[H:21])([H:11])[C:2](=[O:1])[O:3][H:10])([H:12])[H:13])([H:14])[H:15])[H:17],5.0,7.0
19,0.054099997239453454,AM1BCC,OpenEye,,,H,,20,[H:16][C:7]1([C:6]([C:5]([C:4]([C:9]([C:8]1([H:18])[H:19])([H:20])[H:21])([H:11])[C:2](=[O:1])[O:3][H:10])([H:12])[H:13])([H:14])[H:15])[H:17],5.0,7.0
20,0.054099997239453454,AM1BCC,OpenEye,,,H,,21,[H:16][C:7]1([C:6]([C:5]([C:4]([C:9]([C:8]1([H:18])[H:19])([H:20])[H:21])([H:11])[C:2](=[O:1])[O:3][H:10])([H:12])[H:13])([H:14])[H:15])[H:17],5.0,7.0
0,-0.5510476190476191,AM1BCC,AmberTools,,,O,,1,[H:16][C:7]1([C:6]([C:5]([C:4]([C:9]([C:8]1([H:18])[H:19])([H:20])[H:21])([H:11])[C:2](=[O:1])[O:3][H:10])([H:12])[H:13])([H:14])[H:15])[H:17],5.0,7.0
1,0.6350523809523809,AM1BCC,AmberTools,,,C,,2,[H:16][C:7]1([C:6]([C:5]([C:4]([C:9]([C:8]1([H:18])[H:19])([H:20])[H:21])([H:11])[C:2](=[O:1])[O:3][H:10])([H:12])[H:13])([H:14])[H:15])[H:17],5.0,7.0
2,-0.612147619047619,AM1BCC,AmberTools,,,O,,3,[H:16][C:7]1([C:6]([C:5]([C:4]([C:9]([C:8]1([H:18])[H:19])([H:20])[H:21])([H:11])[C:2](=[O:1])[O:3][H:10])([H:12])[H:13])([H:14])[H:15])[H:17],5.0,7.0
3,-0.10174761904761905,AM1BCC,AmberTools,,,C,,4,[H:16][C:7]1([C:6]([C:5]([C:4]([C:9]([C:8]1([H:18])[H:19])([H:20])[H:21])([H:11])[C:2](=[O:1])[O:3][H:10])([H:12])[H:13])([H:14])[H:15])[H:17],5.0,7.0
4,-0.07244761904761905,AM1BCC,AmberTools,,,C,,5,[H:16][C:7]1([C:6]([C:5]([C:4]([C:9]([C:8]1([H:18])[H:19])([H:20])[H:21])([H:11])[C:2](=[O:1])[O:3][H:10])([H:12])[H:13])([H:14])[H:15])[H:17],5.0,7.0
5,-0.07544761904761904,AM1BCC,AmberTools,,,C,,6,[H:16][C:7]1([C:6]([C:5]([C:4]([C:9]([C:8]1([H:18])[H:19])([H:20])[H:21])([H:11])[C:2](=[O:1])[O:3][H:10])([H:12])[H:13])([H:14])[H:15])[H:17],5.0,7.0
6,-0.07944761904761904,AM1BCC,AmberTools,,,C,,7,[H:16][C:7]1([C:6]([C:5]([C:4]([C:9]([C:8]1([H:18])[H:19])([H:20])[H:21])([H:11])[C:2](=[O:1])[O:3][H:10])([H:12])[H:13])([H:14])[H:15])[H:17],5.0,7.0
7,-0.07544761904761904,AM1BCC,AmberTools,,,C,,8,[H:16][C:7]1([C:6]([C:5]([C:4]([C:9]([C:8]1([H:18])[H:19])([H:20])[H:21])([H:11])[C:2](=[O:1])[O:3][H:10])([H:12])[H:13])([H:14])[H:15])[H:17],5.0,7.0
8,-0.07244761904761905,AM1BCC,AmberTools,,,C,,9,[H:16][C:7]1([C:6]([C:5]([C:4]([C:9]([C:8]1([H:18])[H:19])([H:20])[H:21])([H:11])[C:2](=[O:1])[O:3][H:10])([H:12])[H:13])([H:14])[H:15])[H:17],5.0,7.0
9,0.442952380952381,AM1BCC,AmberTools,,,H,,10,[H:16][C:7]1([C:6]([C:5]([C:4]([C:9]([C:8]1([H:18])[H:19])([H:20])[H:21])([H:11])[C:2](=[O:1])[O:3][H:10])([H:12])[H:13])([H:14])[H:15])[H:17],5.0,7.0
10,0.07965238095238095,AM1BCC,AmberTools,,,H,,11,[H:16][C:7]1([C:6]([C:5]([C:4]([C:9]([C:8]1([H:18])[H:19])([H:20])[H:21])([H:11])[C:2](=[O:1])[O:3][H:10])([H:12])[H:13])([H:14])[H:15])[H:17],5.0,7.0
11,0.056152380952380954,AM1BCC,AmberTools,,,H,,12,[H:16][C:7]1([C:6]([C:5]([C:4]([C:9]([C:8]1([H:18])[H:19])([H:20])[H:21])([H:11])[C:2](=[O:1])[O:3][H:10])([H:12])[H:13])([H:14])[H:15])[H:17],5.0,7.0
12,0.056152380952380954,AM1BCC,AmberTools,,,H,,13,[H:16][C:7]1([C:6]([C:5]([C:4]([C:9]([C:8]1([H:18])[H:19])([H:20])[H:21])([H:11])[C:2](=[O:1])[O:3][H:10])([H:12])[H:13])([H:14])[H:15])[H:17],5.0,7.0
13,0.04440238095238096,AM1BCC,AmberTools,,,H,,14,[H:16][C:7]1([C:6]([C:5]([C:4]([C:9]([C:8]1([H:18])[H:19])([H:20])[H:21])([H:11])[C:2](=[O:1])[O:3][H:10])([H:12])[H:13])([H:14])[H:15])[H:17],5.0,7.0
14,0.04440238095238096,AM1BCC,AmberTools,,,H,,15,[H:16][C:7]1([C:6]([C:5]([C:4]([C:9]([C:8]1([H:18])[H:19])([H:20])[H:21])([H:11])[C:2](=[O:1])[O:3][H:10])([H:12])[H:13])([H:14])[H:15])[H:17],5.0,7.0
15,0.04015238095238095,AM1BCC,AmberTools,,,H,,16,[H:16][C:7]1([C:6]([C:5]([C:4]([C:9]([C:8]1([H:18])[H:19])([H:20])[H:21])([H:11])[C:2](=[O:1])[O:3][H:10])([H:12])[H:13])([H:14])[H:15])[H:17],5.0,7.0
16,0.04015238095238095,AM1BCC,AmberTools,,,H,,17,[H:16][C:7]1([C:6]([C:5]([C:4]([C:9]([C:8]1([H:18])[H:19])([H:20])[H:21])([H:11])[C:2](=[O:1])[O:3][H:10])([H:12])[H:13])([H:14])[H:15])[H:17],5.0,7.0
17,0.04440238095238096,AM1BCC,AmberTools,,,H,,18,[H:16][C:7]1([C:6]([C:5]([C:4]([C:9]([C:8]1([H:18])[H:19])([H:20])[H:21])([H:11])[C:2](=[O:1])[O:3][H:10])([H:12])[H:13])([H:14])[H:15])[H:17],5.0,7.0
18,0.04440238095238096,AM1BCC,AmberTools,,,H,,19,[H:16][C:7]1([C:6]([C:5]([C:4]([C:9]([C:8]1([H:18])[H:19])([H:20])[H:21])([H:11])[C:2](=[O:1])[O:3][H:10])([H:12])[H:13])([H:14])[H:15])[H:17],5.0,7.0
19,0.056152380952380954,AM1BCC,AmberTools,,,H,,20,[H:16][C:7]1([C:6]([C:5]([C:4]([C:9]([C:8]1([H:18])[H:19])([H:20])[H:21])([H:11])[C:2](=[O:1])[O:3][H:10])([H:12])[H:13])([H:14])[H:15])[H:17],5.0,7.0
20,0.056152380952380954,AM1BCC,AmberTools,,,H,,21,[H:16][C:7]1([C:6]([C:5]([C:4]([C:9]([C:8]1([H:18])[H:19])([H:20])[H:21])([H:11])[C:2](=[O:1])[O:3][H:10])([H:12])[H:13])([H:14])[H:15])[H:17],5.0,7.0
0,-0.5516399762460164,AM1BCC,OpenEye,,,O,,1,[H:16][C:7]1([C:6]([C:5]([C:4]([C:9]([C:8]1([H:18])[H:19])([H:20])[H:21])([H:11])[C:2](=[O:1])[O:3][H:10])([H:12])[H:13])([H:14])[H:15])[H:17],5.0,8.0
1,0.6329799869230816,AM1BCC,OpenEye,,,C,,2,[H:16][C:7]1([C:6]([C:5]([C:4]([C:9]([C:8]1([H:18])[H:19])([H:20])[H:21])([H:11])[C:2](=[O:1])[O:3][H:10])([H:12])[H:13])([H:14])[H:15])[H:17],5.0,8.0
2,-0.6020299813577107,AM1BCC,OpenEye,,,O,,3,[H:16][C:7]1([C:6]([C:5]([C:4]([C:9]([C:8]1([H:18])[H:19])([H:20])[H:21])([H:11])[C:2](=[O:1])[O:3][H:10])([H:12])[H:13])([H:14])[H:15])[H:17],5.0,8.0
3,-0.10543000165905271,AM1BCC,OpenEye,,,C,,4,[H:16][C:7]1([C:6]([C:5]([C:4]([C:9]([C:8]1([H:18])[H:19])([H:20])[H:21])([H:11])[C:2](=[O:1])[O:3][H:10])([H:12])[H:13])([H:14])[H:15])[H:17],5.0,8.0
4,-0.0705700016447476,AM1BCC,OpenEye,,,C,,5,[H:16][C:7]1([C:6]([C:5]([C:4]([C:9]([C:8]1([H:18])[H:19])([H:20])[H:21])([H:11])[C:2](=[O:1])[O:3][H:10])([H:12])[H:13])([H:14])[H:15])[H:17],5.0,8.0
5,-0.07656000022377286,AM1BCC,OpenEye,,,C,,6,[H:16][C:7]1([C:6]([C:5]([C:4]([C:9]([C:8]1([H:18])[H:19])([H:20])[H:21])([H:11])[C:2](=[O:1])[O:3][H:10])([H:12])[H:13])([H:14])[H:15])[H:17],5.0,8.0
6,-0.08028000061001096,AM1BCC,OpenEye,,,C,,7,[H:16][C:7]1([C:6]([C:5]([C:4]([C:9]([C:8]1([H:18])[H:19])([H:20])[H:21])([H:11])[C:2](=[O:1])[O:3][H:10])([H:12])[H:13])([H:14])[H:15])[H:17],5.0,8.0
7,-0.07656000022377286,AM1BCC,OpenEye,,,C,,8,[H:16][C:7]1([C:6]([C:5]([C:4]([C:9]([C:8]1([H:18])[H:19])([H:20])[H:21])([H:11])[C:2](=[O:1])[O:3][H:10])([H:12])[H:13])([H:14])[H:15])[H:17],5.0,8.0
8,-0.0705700016447476,AM1BCC,OpenEye,,,C,,9,[H:16][C:7]1([C:6]([C:5]([C:4]([C:9]([C:8]1([H:18])[H:19])([H:20])[H:21])([H:11])[C:2](=[O:1])[O:3][H:10])([H:12])[H:13])([H:14])[H:15])[H:17],5.0,8.0
9,0.4425699987581798,AM1BCC,OpenEye,,,H,,10,[H:16][C:7]1([C:6]([C:5]([C:4]([C:9]([C:8]1([H:18])[H:19])([H:20])[H:21])([H:11])[C:2](=[O:1])[O:3][H:10])([H:12])[H:13])([H:14])[H:15])[H:17],5.0,8.0
10,0.07836999531303133,AM1BCC,OpenEye,,,H,,11,[H:16][C:7]1([C:6]([C:5]([C:4]([C:9]([C:8]1([H:18])[H:19])([H:20])[H:21])([H:11])[C:2](=[O:1])[O:3][H:10])([H:12])[H:13])([H:14])[H:15])[H:17],5.0,8.0
11,0.054099997239453454,AM1BCC,OpenEye,,,H,,12,[H:16][C:7]1([C:6]([C:5]([C:4]([C:9]([C:8]1([H:18])[H:19])([H:20])[H:21])([H:11])[C:2](=[O:1])[O:3][H:10])([H:12])[H:13])([H:14])[H:15])[H:17],5.0,8.0
12,0.054099997239453454,AM1BCC,OpenEye,,,H,,13,[H:16][C:7]1([C:6]([C:5]([C:4]([C:9]([C:8]1([H:18])[H:19])([H:20])[H:21])([H:11])[C:2](=[O:1])[O:3][H:10])([H:12])[H:13])([H:14])[H:15])[H:17],5.0,8.0
13,0.0457399987748691,AM1BCC,OpenEye,,,H,,14,[H:16][C:7]1([C:6]([C:5]([C:4]([C:9]([C:8]1([H:18])[H:19])([H:20])[H:21])([H:11])[C:2](=[O:1])[O:3][H:10])([H:12])[H:13])([H:14])[H:15])[H:17],5.0,8.0
14,0.0457399987748691,AM1BCC,OpenEye,,,H,,15,[H:16][C:7]1([C:6]([C:5]([C:4]([C:9]([C:8]1([H:18])[H:19])([H:20])[H:21])([H:11])[C:2](=[O:1])[O:3][H:10])([H:12])[H:13])([H:14])[H:15])[H:17],5.0,8.0
15,0.0401799992791244,AM1BCC,OpenEye,,,H,,16,[H:16][C:7]1([C:6]([C:5]([C:4]([C:9]([C:8]1([H:18])[H:19])([H:20])[H:21])([H:11])[C:2](=[O:1])[O:3][H:10])([H:12])[H:13])([H:14])[H:15])[H:17],5.0,8.0
16,0.0401799992791244,AM1BCC,OpenEye,,,H,,17,[H:16][C:7]1([C:6]([C:5]([C:4]([C:9]([C:8]1([H:18])[H:19])([H:20])[H:21])([H:11])[C:2](=[O:1])[O:3][H:10])([H:12])[H:13])([H:14])[H:15])[H:17],5.0,8.0
17,0.0457399987748691,AM1BCC,OpenEye,,,H,,18,[H:16][C:7]1([C:6]([C:5]([C:4]([C:9]([C:8]1([H:18])[H:19])([H:20])[H:21])([H:11])[C:2](=[O:1])[O:3][H:10])([H:12])[H:13])([H:14])[H:15])[H:17],5.0,8.0
18,0.0457399987748691,AM1BCC,OpenEye,,,H,,19,[H:16][C:7]1([C:6]([C:5]([C:4]([C:9]([C:8]1([H:18])[H:19])([H:20])[H:21])([H:11])[C:2](=[O:1])[O:3][H:10])([H:12])[H:13])([H:14])[H:15])[H:17],5.0,8.0
19,0.054099997239453454,AM1BCC,OpenEye,,,H,,20,[H:16][C:7]1([C:6]([C:5]([C:4]([C:9]([C:8]1([H:18])[H:19])([H:20])[H:21])([H:11])[C:2](=[O:1])[O:3][H:10])([H:12])[H:13])([H:14])[H:15])[H:17],5.0,8.0
20,0.054099997239453454,AM1BCC,OpenEye,,,H,,21,[H:16][C:7]1([C:6]([C:5]([C:4]([C:9]([C:8]1([H:18])[H:19])([H:20])[H:21])([H:11])[C:2](=[O:1])[O:3][H:10])([H:12])[H:13])([H:14])[H:15])[H:17],5.0,8.0
0,-0.5510476190476191,AM1BCC,AmberTools,,,O,,1,[H:16][C:7]1([C:6]([C:5]([C:4]([C:9]([C:8]1([H:18])[H:19])([H:20])[H:21])([H:11])[C:2](=[O:1])[O:3][H:10])([H:12])[H:13])([H:14])[H:15])[H:17],5.0,8.0
1,0.6350523809523809,AM1BCC,AmberTools,,,C,,2,[H:16][C:7]1([C:6]([C:5]([C:4]([C:9]([C:8]1([H:18])[H:19])([H:20])[H:21])([H:11])[C:2](=[O:1])[O:3][H:10])([H:12])[H:13])([H:14])[H:15])[H:17],5.0,8.0
2,-0.612147619047619,AM1BCC,AmberTools,,,O,,3,[H:16][C:7]1([C:6]([C:5]([C:4]([C:9]([C:8]1([H:18])[H:19])([H:20])[H:21])([H:11])[C:2](=[O:1])[O:3][H:10])([H:12])[H:13])([H:14])[H:15])[H:17],5.0,8.0
3,-0.10174761904761905,AM1BCC,AmberTools,,,C,,4,[H:16][C:7]1([C:6]([C:5]([C:4]([C:9]([C:8]1([H:18])[H:19])([H:20])[H:21])([H:11])[C:2](=[O:1])[O:3][H:10])([H:12])[H:13])([H:14])[H:15])[H:17],5.0,8.0
4,-0.07244761904761905,AM1BCC,AmberTools,,,C,,5,[H:16][C:7]1([C:6]([C:5]([C:4]([C:9]([C:8]1([H:18])[H:19])([H:20])[H:21])([H:11])[C:2](=[O:1])[O:3][H:10])([H:12])[H:13])([H:14])[H:15])[H:17],5.0,8.0
5,-0.07544761904761904,AM1BCC,AmberTools,,,C,,6,[H:16][C:7]1([C:6]([C:5]([C:4]([C:9]([C:8]1([H:18])[H:19])([H:20])[H:21])([H:11])[C:2](=[O:1])[O:3][H:10])([H:12])[H:13])([H:14])[H:15])[H:17],5.0,8.0
6,-0.07944761904761904,AM1BCC,AmberTools,,,C,,7,[H:16][C:7]1([C:6]([C:5]([C:4]([C:9]([C:8]1([H:18])[H:19])([H:20])[H:21])([H:11])[C:2](=[O:1])[O:3][H:10])([H:12])[H:13])([H:14])[H:15])[H:17],5.0,8.0
7,-0.07544761904761904,AM1BCC,AmberTools,,,C,,8,[H:16][C:7]1([C:6]([C:5]([C:4]([C:9]([C:8]1([H:18])[H:19])([H:20])[H:21])([H:11])[C:2](=[O:1])[O:3][H:10])([H:12])[H:13])([H:14])[H:15])[H:17],5.0,8.0
8,-0.07244761904761905,AM1BCC,AmberTools,,,C,,9,[H:16][C:7]1([C:6]([C:5]([C:4]([C:9]([C:8]1([H:18])[H:19])([H:20])[H:21])([H:11])[C:2](=[O:1])[O:3][H:10])([H:12])[H:13])([H:14])[H:15])[H:17],5.0,8.0
9,0.442952380952381,AM1BCC,AmberTools,,,H,,10,[H:16][C:7]1([C:6]([C:5]([C:4]([C:9]([C:8]1([H:18])[H:19])([H:20])[H:21])([H:11])[C:2](=[O:1])[O:3][H:10])([H:12])[H:13])([H:14])[H:15])[H:17],5.0,8.0
10,0.07965238095238095,AM1BCC,AmberTools,,,H,,11,[H:16][C:7]1([C:6]([C:5]([C:4]([C:9]([C:8]1([H:18])[H:19])([H:20])[H:21])([H:11])[C:2](=[O:1])[O:3][H:10])([H:12])[H:13])([H:14])[H:15])[H:17],5.0,8.0
11,0.056152380952380954,AM1BCC,AmberTools,,,H,,12,[H:16][C:7]1([C:6]([C:5]([C:4]([C:9]([C:8]1([H:18])[H:19])([H:20])[H:21])([H:11])[C:2](=[O:1])[O:3][H:10])([H:12])[H:13])([H:14])[H:15])[H:17],5.0,8.0
12,0.056152380952380954,AM1BCC,AmberTools,,,H,,13,[H:16][C:7]1([C:6]([C:5]([C:4]([C:9]([C:8]1([H:18])[H:19])([H:20])[H:21])([H:11])[C:2](=[O:1])[O:3][H:10])([H:12])[H:13])([H:14])[H:15])[H:17],5.0,8.0
13,0.04440238095238096,AM1BCC,AmberTools,,,H,,14,[H:16][C:7]1([C:6]([C:5]([C:4]([C:9]([C:8]1([H:18])[H:19])([H:20])[H:21])([H:11])[C:2](=[O:1])[O:3][H:10])([H:12])[H:13])([H:14])[H:15])[H:17],5.0,8.0
14,0.04440238095238096,AM1BCC,AmberTools,,,H,,15,[H:16][C:7]1([C:6]([C:5]([C:4]([C:9]([C:8]1([H:18])[H:19])([H:20])[H:21])([H:11])[C:2](=[O:1])[O:3][H:10])([H:12])[H:13])([H:14])[H:15])[H:17],5.0,8.0
15,0.04015238095238095,AM1BCC,AmberTools,,,H,,16,[H:16][C:7]1([C:6]([C:5]([C:4]([C:9]([C:8]1([H:18])[H:19])([H:20])[H:21])([H:11])[C:2](=[O:1])[O:3][H:10])([H:12])[H:13])([H:14])[H:15])[H:17],5.0,8.0
16,0.04015238095238095,AM1BCC,AmberTools,,,H,,17,[H:16][C:7]1([C:6]([C:5]([C:4]([C:9]([C:8]1([H:18])[H:19])([H:20])[H:21])([H:11])[C:2](=[O:1])[O:3][H:10])([H:12])[H:13])([H:14])[H:15])[H:17],5.0,8.0
17,0.04440238095238096,AM1BCC,AmberTools,,,H,,18,[H:16][C:7]1([C:6]([C:5]([C:4]([C:9]([C:8]1([H:18])[H:19])([H:20])[H:21])([H:11])[C:2](=[O:1])[O:3][H:10])([H:12])[H:13])([H:14])[H:15])[H:17],5.0,8.0
18,0.04440238095238096,AM1BCC,AmberTools,,,H,,19,[H:16][C:7]1([C:6]([C:5]([C:4]([C:9]([C:8]1([H:18])[H:19])([H:20])[H:21])([H:11])[C:2](=[O:1])[O:3][H:10])([H:12])[H:13])([H:14])[H:15])[H:17],5.0,8.0
19,0.056152380952380954,AM1BCC,AmberTools,,,H,,20,[H:16][C:7]1([C:6]([C:5]([C:4]([C:9]([C:8]1([H:18])[H:19])([H:20])[H:21])([H:11])[C:2](=[O:1])[O:3][H:10])([H:12])[H:13])([H:14])[H:15])[H:17],5.0,8.0
20,0.056152380952380954,AM1BCC,AmberTools,,,H,,21,[H:16][C:7]1([C:6]([C:5]([C:4]([C:9]([C:8]1([H:18])[H:19])([H:20])[H:21])([H:11])[C:2](=[O:1])[O:3][H:10])([H:12])[H:13])([H:14])[H:15])[H:17],5.0,8.0
0,-0.5516399762460164,AM1BCC,OpenEye,,,O,,1,[H:16][C:7]1([C:6]([C:5]([C:4]([C:9]([C:8]1([H:18])[H:19])([H:20])[H:21])([H:11])[C:2](=[O:1])[O:3][H:10])([H:12])[H:13])([H:14])[H:15])[H:17],5.0,9.0
1,0.6329799869230816,AM1BCC,OpenEye,,,C,,2,[H:16][C:7]1([C:6]([C:5]([C:4]([C:9]([C:8]1([H:18])[H:19])([H:20])[H:21])([H:11])[C:2](=[O:1])[O:3][H:10])([H:12])[H:13])([H:14])[H:15])[H:17],5.0,9.0
2,-0.6020299813577107,AM1BCC,OpenEye,,,O,,3,[H:16][C:7]1([C:6]([C:5]([C:4]([C:9]([C:8]1([H:18])[H:19])([H:20])[H:21])([H:11])[C:2](=[O:1])[O:3][H:10])([H:12])[H:13])([H:14])[H:15])[H:17],5.0,9.0
3,-0.10543000165905271,AM1BCC,OpenEye,,,C,,4,[H:16][C:7]1([C:6]([C:5]([C:4]([C:9]([C:8]1([H:18])[H:19])([H:20])[H:21])([H:11])[C:2](=[O:1])[O:3][H:10])([H:12])[H:13])([H:14])[H:15])[H:17],5.0,9.0
4,-0.0705700016447476,AM1BCC,OpenEye,,,C,,5,[H:16][C:7]1([C:6]([C:5]([C:4]([C:9]([C:8]1([H:18])[H:19])([H:20])[H:21])([H:11])[C:2](=[O:1])[O:3][H:10])([H:12])[H:13])([H:14])[H:15])[H:17],5.0,9.0
5,-0.07656000022377286,AM1BCC,OpenEye,,,C,,6,[H:16][C:7]1([C:6]([C:5]([C:4]([C:9]([C:8]1([H:18])[H:19])([H:20])[H:21])([H:11])[C:2](=[O:1])[O:3][H:10])([H:12])[H:13])([H:14])[H:15])[H:17],5.0,9.0
6,-0.08028000061001096,AM1BCC,OpenEye,,,C,,7,[H:16][C:7]1([C:6]([C:5]([C:4]([C:9]([C:8]1([H:18])[H:19])([H:20])[H:21])([H:11])[C:2](=[O:1])[O:3][H:10])([H:12])[H:13])([H:14])[H:15])[H:17],5.0,9.0
7,-0.07656000022377286,AM1BCC,OpenEye,,,C,,8,[H:16][C:7]1([C:6]([C:5]([C:4]([C:9]([C:8]1([H:18])[H:19])([H:20])[H:21])([H:11])[C:2](=[O:1])[O:3][H:10])([H:12])[H:13])([H:14])[H:15])[H:17],5.0,9.0
8,-0.0705700016447476,AM1BCC,OpenEye,,,C,,9,[H:16][C:7]1([C:6]([C:5]([C:4]([C:9]([C:8]1([H:18])[H:19])([H:20])[H:21])([H:11])[C:2](=[O:1])[O:3][H:10])([H:12])[H:13])([H:14])[H:15])[H:17],5.0,9.0
9,0.4425699987581798,AM1BCC,OpenEye,,,H,,10,[H:16][C:7]1([C:6]([C:5]([C:4]([C:9]([C:8]1([H:18])[H:19])([H:20])[H:21])([H:11])[C:2](=[O:1])[O:3][H:10])([H:12])[H:13])([H:14])[H:15])[H:17],5.0,9.0
10,0.07836999531303133,AM1BCC,OpenEye,,,H,,11,[H:16][C:7]1([C:6]([C:5]([C:4]([C:9]([C:8]1([H:18])[H:19])([H:20])[H:21])([H:11])[C:2](=[O:1])[O:3][H:10])([H:12])[H:13])([H:14])[H:15])[H:17],5.0,9.0
11,0.054099997239453454,AM1BCC,OpenEye,,,H,,12,[H:16][C:7]1([C:6]([C:5]([C:4]([C:9]([C:8]1([H:18])[H:19])([H:20])[H:21])([H:11])[C:2](=[O:1])[O:3][H:10])([H:12])[H:13])([H:14])[H:15])[H:17],5.0,9.0
12,0.054099997239453454,AM1BCC,OpenEye,,,H,,13,[H:16][C:7]1([C:6]([C:5]([C:4]([C:9]([C:8]1([H:18])[H:19])([H:20])[H:21])([H:11])[C:2](=[O:1])[O:3][H:10])([H:12])[H:13])([H:14])[H:15])[H:17],5.0,9.0
13,0.0457399987748691,AM1BCC,OpenEye,,,H,,14,[H:16][C:7]1([C:6]([C:5]([C:4]([C:9]([C:8]1([H:18])[H:19])([H:20])[H:21])([H:11])[C:2](=[O:1])[O:3][H:10])([H:12])[H:13])([H:14])[H:15])[H:17],5.0,9.0
14,0.0457399987748691,AM1BCC,OpenEye,,,H,,15,[H:16][C:7]1([C:6]([C:5]([C:4]([C:9]([C:8]1([H:18])[H:19])([H:20])[H:21])([H:11])[C:2](=[O:1])[O:3][H:10])([H:12])[H:13])([H:14])[H:15])[H:17],5.0,9.0
15,0.0401799992791244,AM1BCC,OpenEye,,,H,,16,[H:16][C:7]1([C:6]([C:5]([C:4]([C:9]([C:8]1([H:18])[H:19])([H:20])[H:21])([H:11])[C:2](=[O:1])[O:3][H:10])([H:12])[H:13])([H:14])[H:15])[H:17],5.0,9.0
16,0.0401799992791244,AM1BCC,OpenEye,,,H,,17,[H:16][C:7]1([C:6]([C:5]([C:4]([C:9]([C:8]1([H:18])[H:19])([H:20])[H:21])([H:11])[C:2](=[O:1])[O:3][H:10])([H:12])[H:13])([H:14])[H:15])[H:17],5.0,9.0
17,0.0457399987748691,AM1BCC,OpenEye,,,H,,18,[H:16][C:7]1([C:6]([C:5]([C:4]([C:9]([C:8]1([H:18])[H:19])([H:20])[H:21])([H:11])[C:2](=[O:1])[O:3][H:10])([H:12])[H:13])([H:14])[H:15])[H:17],5.0,9.0
18,0.0457399987748691,AM1BCC,OpenEye,,,H,,19,[H:16][C:7]1([C:6]([C:5]([C:4]([C:9]([C:8]1([H:18])[H:19])([H:20])[H:21])([H:11])[C:2](=[O:1])[O:3][H:10])([H:12])[H:13])([H:14])[H:15])[H:17],5.0,9.0
19,0.054099997239453454,AM1BCC,OpenEye,,,H,,20,[H:16][C:7]1([C:6]([C:5]([C:4]([C:9]([C:8]1([H:18])[H:19])([H:20])[H:21])([H:11])[C:2](=[O:1])[O:3][H:10])([H:12])[H:13])([H:14])[H:15])[H:17],5.0,9.0
20,0.054099997239453454,AM1BCC,OpenEye,,,H,,21,[H:16][C:7]1([C:6]([C:5]([C:4]([C:9]([C:8]1([H:18])[H:19])([H:20])[H:21])([H:11])[C:2](=[O:1])[O:3][H:10])([H:12])[H:13])([H:14])[H:15])[H:17],5.0,9.0
0,-0.550952380952381,AM1BCC,AmberTools,,,O,,1,[H:16][C:7]1([C:6]([C:5]([C:4]([C:9]([C:8]1([H:18])[H:19])([H:20])[H:21])([H:11])[C:2](=[O:1])[O:3][H:10])([H:12])[H:13])([H:14])[H:15])[H:17],5.0,9.0
1,0.6351476190476191,AM1BCC,AmberTools,,,C,,2,[H:16][C:7]1([C:6]([C:5]([C:4]([C:9]([C:8]1([H:18])[H:19])([H:20])[H:21])([H:11])[C:2](=[O:1])[O:3][H:10])([H:12])[H:13])([H:14])[H:15])[H:17],5.0,9.0
2,-0.6120523809523809,AM1BCC,AmberTools,,,O,,3,[H:16][C:7]1([C:6]([C:5]([C:4]([C:9]([C:8]1([H:18])[H:19])([H:20])[H:21])([H:11])[C:2](=[O:1])[O:3][H:10])([H:12])[H:13])([H:14])[H:15])[H:17],5.0,9.0
3,-0.10165238095238095,AM1BCC,AmberTools,,,C,,4,[H:16][C:7]1([C:6]([C:5]([C:4]([C:9]([C:8]1([H:18])[H:19])([H:20])[H:21])([H:11])[C:2](=[O:1])[O:3][H:10])([H:12])[H:13])([H:14])[H:15])[H:17],5.0,9.0
4,-0.07285238095238096,AM1BCC,AmberTools,,,C,,5,[H:16][C:7]1([C:6]([C:5]([C:4]([C:9]([C:8]1([H:18])[H:19])([H:20])[H:21])([H:11])[C:2](=[O:1])[O:3][H:10])([H:12])[H:13])([H:14])[H:15])[H:17],5.0,9.0
5,-0.07535238095238095,AM1BCC,AmberTools,,,C,,6,[H:16][C:7]1([C:6]([C:5]([C:4]([C:9]([C:8]1([H:18])[H:19])([H:20])[H:21])([H:11])[C:2](=[O:1])[O:3][H:10])([H:12])[H:13])([H:14])[H:15])[H:17],5.0,9.0
6,-0.07935238095238095,AM1BCC,AmberTools,,,C,,7,[H:16][C:7]1([C:6]([C:5]([C:4]([C:9]([C:8]1([H:18])[H:19])([H:20])[H:21])([H:11])[C:2](=[O:1])[O:3][H:10])([H:12])[H:13])([H:14])[H:15])[H:17],5.0,9.0
7,-0.07535238095238095,AM1BCC,AmberTools,,,C,,8,[H:16][C:7]1([C:6]([C:5]([C:4]([C:9]([C:8]1([H:18])[H:19])([H:20])[H:21])([H:11])[C:2](=[O:1])[O:3][H:10])([H:12])[H:13])([H:14])[H:15])[H:17],5.0,9.0
8,-0.07285238095238096,AM1BCC,AmberTools,,,C,,9,[H:16][C:7]1([C:6]([C:5]([C:4]([C:9]([C:8]1([H:18])[H:19])([H:20])[H:21])([H:11])[C:2](=[O:1])[O:3][H:10])([H:12])[H:13])([H:14])[H:15])[H:17],5.0,9.0
9,0.4430476190476191,AM1BCC,AmberTools,,,H,,10,[H:16][C:7]1([C:6]([C:5]([C:4]([C:9]([C:8]1([H:18])[H:19])([H:20])[H:21])([H:11])[C:2](=[O:1])[O:3][H:10])([H:12])[H:13])([H:14])[H:15])[H:17],5.0,9.0
10,0.07974761904761904,AM1BCC,AmberTools,,,H,,11,[H:16][C:7]1([C:6]([C:5]([C:4]([C:9]([C:8]1([H:18])[H:19])([H:20])[H:21])([H:11])[C:2](=[O:1])[O:3][H:10])([H:12])[H:13])([H:14])[H:15])[H:17],5.0,9.0
11,0.055997619047619046,AM1BCC,AmberTools,,,H,,12,[H:16][C:7]1([C:6]([C:5]([C:4]([C:9]([C:8]1([H:18])[H:19])([H:20])[H:21])([H:11])[C:2](=[O:1])[O:3][H:10])([H:12])[H:13])([H:14])[H:15])[H:17],5.0,9.0
12,0.055997619047619046,AM1BCC,AmberTools,,,H,,13,[H:16][C:7]1([C:6]([C:5]([C:4]([C:9]([C:8]1([H:18])[H:19])([H:20])[H:21])([H:11])[C:2](=[O:1])[O:3][H:10])([H:12])[H:13])([H:14])[H:15])[H:17],5.0,9.0
13,0.04449761904761905,AM1BCC,AmberTools,,,H,,14,[H:16][C:7]1([C:6]([C:5]([C:4]([C:9]([C:8]1([H:18])[H:19])([H:20])[H:21])([H:11])[C:2](=[O:1])[O:3][H:10])([H:12])[H:13])([H:14])[H:15])[H:17],5.0,9.0
14,0.04449761904761905,AM1BCC,AmberTools,,,H,,15,[H:16][C:7]1([C:6]([C:5]([C:4]([C:9]([C:8]1([H:18])[H:19])([H:20])[H:21])([H:11])[C:2](=[O:1])[O:3][H:10])([H:12])[H:13])([H:14])[H:15])[H:17],5.0,9.0
15,0.040247619047619046,AM1BCC,AmberTools,,,H,,16,[H:16][C:7]1([C:6]([C:5]([C:4]([C:9]([C:8]1([H:18])[H:19])([H:20])[H:21])([H:11])[C:2](=[O:1])[O:3][H:10])([H:12])[H:13])([H:14])[H:15])[H:17],5.0,9.0
16,0.040247619047619046,AM1BCC,AmberTools,,,H,,17,[H:16][C:7]1([C:6]([C:5]([C:4]([C:9]([C:8]1([H:18])[H:19])([H:20])[H:21])([H:11])[C:2](=[O:1])[O:3][H:10])([H:12])[H:13])([H:14])[H:15])[H:17],5.0,9.0
17,0.04449761904761905,AM1BCC,AmberTools,,,H,,18,[H:16][C:7]1([C:6]([C:5]([C:4]([C:9]([C:8]1([H:18])[H:19])([H:20])[H:21])([H:11])[C:2](=[O:1])[O:3][H:10])([H:12])[H:13])([H:14])[H:15])[H:17],5.0,9.0
18,0.04449761904761905,AM1BCC,AmberTools,,,H,,19,[H:16][C:7]1([C:6]([C:5]([C:4]([C:9]([C:8]1([H:18])[H:19])([H:20])[H:21])([H:11])[C:2](=[O:1])[O:3][H:10])([H:12])[H:13])([H:14])[H:15])[H:17],5.0,9.0
19,0.055997619047619046,AM1BCC,AmberTools,,,H,,20,[H:16][C:7]1([C:6]([C:5]([C:4]([C:9]([C:8]1([H:18])[H:19])([H:20])[H:21])([H:11])[C:2](=[O:1])[O:3][H:10])([H:12])[H:13])([H:14])[H:15])[H:17],5.0,9.0
20,0.055997619047619046,AM1BCC,AmberTools,,,H,,21,[H:16][C:7]1([C:6]([C:5]([C:4]([C:9]([C:8]1([H:18])[H:19])([H:20])[H:21])([H:11])[C:2](=[O:1])[O:3][H:10])([H:12])[H:13])([H:14])[H:15])[H:17],5.0,9.0
0,-0.5516399762460164,AM1BCC,OpenEye,,,O,,1,[H:16][C:7]1([C:6]([C:5]([C:4]([C:9]([C:8]1([H:18])[H:19])([H:20])[H:21])([H:11])[C:2](=[O:1])[O:3][H:10])([H:12])[H:13])([H:14])[H:15])[H:17],5.0,10.0
1,0.6329799869230816,AM1BCC,OpenEye,,,C,,2,[H:16][C:7]1([C:6]([C:5]([C:4]([C:9]([C:8]1([H:18])[H:19])([H:20])[H:21])([H:11])[C:2](=[O:1])[O:3][H:10])([H:12])[H:13])([H:14])[H:15])[H:17],5.0,10.0
2,-0.6020299813577107,AM1BCC,OpenEye,,,O,,3,[H:16][C:7]1([C:6]([C:5]([C:4]([C:9]([C:8]1([H:18])[H:19])([H:20])[H:21])([H:11])[C:2](=[O:1])[O:3][H:10])([H:12])[H:13])([H:14])[H:15])[H:17],5.0,10.0
3,-0.10543000165905271,AM1BCC,OpenEye,,,C,,4,[H:16][C:7]1([C:6]([C:5]([C:4]([C:9]([C:8]1([H:18])[H:19])([H:20])[H:21])([H:11])[C:2](=[O:1])[O:3][H:10])([H:12])[H:13])([H:14])[H:15])[H:17],5.0,10.0
4,-0.0705700016447476,AM1BCC,OpenEye,,,C,,5,[H:16][C:7]1([C:6]([C:5]([C:4]([C:9]([C:8]1([H:18])[H:19])([H:20])[H:21])([H:11])[C:2](=[O:1])[O:3][H:10])([H:12])[H:13])([H:14])[H:15])[H:17],5.0,10.0
5,-0.07656000022377286,AM1BCC,OpenEye,,,C,,6,[H:16][C:7]1([C:6]([C:5]([C:4]([C:9]([C:8]1([H:18])[H:19])([H:20])[H:21])([H:11])[C:2](=[O:1])[O:3][H:10])([H:12])[H:13])([H:14])[H:15])[H:17],5.0,10.0
6,-0.08028000061001096,AM1BCC,OpenEye,,,C,,7,[H:16][C:7]1([C:6]([C:5]([C:4]([C:9]([C:8]1([H:18])[H:19])([H:20])[H:21])([H:11])[C:2](=[O:1])[O:3][H:10])([H:12])[H:13])([H:14])[H:15])[H:17],5.0,10.0
7,-0.07656000022377286,AM1BCC,OpenEye,,,C,,8,[H:16][C:7]1([C:6]([C:5]([C:4]([C:9]([C:8]1([H:18])[H:19])([H:20])[H:21])([H:11])[C:2](=[O:1])[O:3][H:10])([H:12])[H:13])([H:14])[H:15])[H:17],5.0,10.0
8,-0.0705700016447476,AM1BCC,OpenEye,,,C,,9,[H:16][C:7]1([C:6]([C:5]([C:4]([C:9]([C:8]1([H:18])[H:19])([H:20])[H:21])([H:11])[C:2](=[O:1])[O:3][H:10])([H:12])[H:13])([H:14])[H:15])[H:17],5.0,10.0
9,0.4425699987581798,AM1BCC,OpenEye,,,H,,10,[H:16][C:7]1([C:6]([C:5]([C:4]([C:9]([C:8]1([H:18])[H:19])([H:20])[H:21])([H:11])[C:2](=[O:1])[O:3][H:10])([H:12])[H:13])([H:14])[H:15])[H:17],5.0,10.0
10,0.07836999531303133,AM1BCC,OpenEye,,,H,,11,[H:16][C:7]1([C:6]([C:5]([C:4]([C:9]([C:8]1([H:18])[H:19])([H:20])[H:21])([H:11])[C:2](=[O:1])[O:3][H:10])([H:12])[H:13])([H:14])[H:15])[H:17],5.0,10.0
11,0.054099997239453454,AM1BCC,OpenEye,,,H,,12,[H:16][C:7]1([C:6]([C:5]([C:4]([C:9]([C:8]1([H:18])[H:19])([H:20])[H:21])([H:11])[C:2](=[O:1])[O:3][H:10])([H:12])[H:13])([H:14])[H:15])[H:17],5.0,10.0
12,0.054099997239453454,AM1BCC,OpenEye,,,H,,13,[H:16][C:7]1([C:6]([C:5]([C:4]([C:9]([C:8]1([H:18])[H:19])([H:20])[H:21])([H:11])[C:2](=[O:1])[O:3][H:10])([H:12])[H:13])([H:14])[H:15])[H:17],5.0,10.0
13,0.0457399987748691,AM1BCC,OpenEye,,,H,,14,[H:16][C:7]1([C:6]([C:5]([C:4]([C:9]([C:8]1([H:18])[H:19])([H:20])[H:21])([H:11])[C:2](=[O:1])[O:3][H:10])([H:12])[H:13])([H:14])[H:15])[H:17],5.0,10.0
14,0.0457399987748691,AM1BCC,OpenEye,,,H,,15,[H:16][C:7]1([C:6]([C:5]([C:4]([C:9]([C:8]1([H:18])[H:19])([H:20])[H:21])([H:11])[C:2](=[O:1])[O:3][H:10])([H:12])[H:13])([H:14])[H:15])[H:17],5.0,10.0
15,0.0401799992791244,AM1BCC,OpenEye,,,H,,16,[H:16][C:7]1([C:6]([C:5]([C:4]([C:9]([C:8]1([H:18])[H:19])([H:20])[H:21])([H:11])[C:2](=[O:1])[O:3][H:10])([H:12])[H:13])([H:14])[H:15])[H:17],5.0,10.0
16,0.0401799992791244,AM1BCC,OpenEye,,,H,,17,[H:16][C:7]1([C:6]([C:5]([C:4]([C:9]([C:8]1([H:18])[H:19])([H:20])[H:21])([H:11])[C:2](=[O:1])[O:3][H:10])([H:12])[H:13])([H:14])[H:15])[H:17],5.0,10.0
17,0.0457399987748691,AM1BCC,OpenEye,,,H,,18,[H:16][C:7]1([C:6]([C:5]([C:4]([C:9]([C:8]1([H:18])[H:19])([H:20])[H:21])([H:11])[C:2](=[O:1])[O:3][H:10])([H:12])[H:13])([H:14])[H:15])[H:17],5.0,10.0
18,0.0457399987748691,AM1BCC,OpenEye,,,H,,19,[H:16][C:7]1([C:6]([C:5]([C:4]([C:9]([C:8]1([H:18])[H:19])([H:20])[H:21])([H:11])[C:2](=[O:1])[O:3][H:10])([H:12])[H:13])([H:14])[H:15])[H:17],5.0,10.0
19,0.054099997239453454,AM1BCC,OpenEye,,,H,,20,[H:16][C:7]1([C:6]([C:5]([C:4]([C:9]([C:8]1([H:18])[H:19])([H:20])[H:21])([H:11])[C:2](=[O:1])[O:3][H:10])([H:12])[H:13])([H:14])[H:15])[H:17],5.0,10.0
20,0.054099997239453454,AM1BCC,OpenEye,,,H,,21,[H:16][C:7]1([C:6]([C:5]([C:4]([C:9]([C:8]1([H:18])[H:19])([H:20])[H:21])([H:11])[C:2](=[O:1])[O:3][H:10])([H:12])[H:13])([H:14])[H:15])[H:17],5.0,10.0
0,-0.5510476190476191,AM1BCC,AmberTools,,,O,,1,[H:16][C:7]1([C:6]([C:5]([C:4]([C:9]([C:8]1([H:18])[H:19])([H:20])[H:21])([H:11])[C:2](=[O:1])[O:3][H:10])([H:12])[H:13])([H:14])[H:15])[H:17],5.0,10.0
1,0.6350523809523809,AM1BCC,AmberTools,,,C,,2,[H:16][C:7]1([C:6]([C:5]([C:4]([C:9]([C:8]1([H:18])[H:19])([H:20])[H:21])([H:11])[C:2](=[O:1])[O:3][H:10])([H:12])[H:13])([H:14])[H:15])[H:17],5.0,10.0
2,-0.612147619047619,AM1BCC,AmberTools,,,O,,3,[H:16][C:7]1([C:6]([C:5]([C:4]([C:9]([C:8]1([H:18])[H:19])([H:20])[H:21])([H:11])[C:2](=[O:1])[O:3][H:10])([H:12])[H:13])([H:14])[H:15])[H:17],5.0,10.0
3,-0.10174761904761905,AM1BCC,AmberTools,,,C,,4,[H:16][C:7]1([C:6]([C:5]([C:4]([C:9]([C:8]1([H:18])[H:19])([H:20])[H:21])([H:11])[C:2](=[O:1])[O:3][H:10])([H:12])[H:13])([H:14])[H:15])[H:17],5.0,10.0
4,-0.07244761904761905,AM1BCC,AmberTools,,,C,,5,[H:16][C:7]1([C:6]([C:5]([C:4]([C:9]([C:8]1([H:18])[H:19])([H:20])[H:21])([H:11])[C:2](=[O:1])[O:3][H:10])([H:12])[H:13])([H:14])[H:15])[H:17],5.0,10.0
5,-0.07544761904761904,AM1BCC,AmberTools,,,C,,6,[H:16][C:7]1([C:6]([C:5]([C:4]([C:9]([C:8]1([H:18])[H:19])([H:20])[H:21])([H:11])[C:2](=[O:1])[O:3][H:10])([H:12])[H:13])([H:14])[H:15])[H:17],5.0,10.0
6,-0.07944761904761904,AM1BCC,AmberTools,,,C,,7,[H:16][C:7]1([C:6]([C:5]([C:4]([C:9]([C:8]1([H:18])[H:19])([H:20])[H:21])([H:11])[C:2](=[O:1])[O:3][H:10])([H:12])[H:13])([H:14])[H:15])[H:17],5.0,10.0
7,-0.07544761904761904,AM1BCC,AmberTools,,,C,,8,[H:16][C:7]1([C:6]([C:5]([C:4]([C:9]([C:8]1([H:18])[H:19])([H:20])[H:21])([H:11])[C:2](=[O:1])[O:3][H:10])([H:12])[H:13])([H:14])[H:15])[H:17],5.0,10.0
8,-0.07244761904761905,AM1BCC,AmberTools,,,C,,9,[H:16][C:7]1([C:6]([C:5]([C:4]([C:9]([C:8]1([H:18])[H:19])([H:20])[H:21])([H:11])[C:2](=[O:1])[O:3][H:10])([H:12])[H:13])([H:14])[H:15])[H:17],5.0,10.0
9,0.442952380952381,AM1BCC,AmberTools,,,H,,10,[H:16][C:7]1([C:6]([C:5]([C:4]([C:9]([C:8]1([H:18])[H:19])([H:20])[H:21])([H:11])[C:2](=[O:1])[O:3][H:10])([H:12])[H:13])([H:14])[H:15])[H:17],5.0,10.0
10,0.07965238095238095,AM1BCC,AmberTools,,,H,,11,[H:16][C:7]1([C:6]([C:5]([C:4]([C:9]([C:8]1([H:18])[H:19])([H:20])[H:21])([H:11])[C:2](=[O:1])[O:3][H:10])([H:12])[H:13])([H:14])[H:15])[H:17],5.0,10.0
11,0.056152380952380954,AM1BCC,AmberTools,,,H,,12,[H:16][C:7]1([C:6]([C:5]([C:4]([C:9]([C:8]1([H:18])[H:19])([H:20])[H:21])([H:11])[C:2](=[O:1])[O:3][H:10])([H:12])[H:13])([H:14])[H:15])[H:17],5.0,10.0
12,0.056152380952380954,AM1BCC,AmberTools,,,H,,13,[H:16][C:7]1([C:6]([C:5]([C:4]([C:9]([C:8]1([H:18])[H:19])([H:20])[H:21])([H:11])[C:2](=[O:1])[O:3][H:10])([H:12])[H:13])([H:14])[H:15])[H:17],5.0,10.0
13,0.04440238095238096,AM1BCC,AmberTools,,,H,,14,[H:16][C:7]1([C:6]([C:5]([C:4]([C:9]([C:8]1([H:18])[H:19])([H:20])[H:21])([H:11])[C:2](=[O:1])[O:3][H:10])([H:12])[H:13])([H:14])[H:15])[H:17],5.0,10.0
14,0.04440238095238096,AM1BCC,AmberTools,,,H,,15,[H:16][C:7]1([C:6]([C:5]([C:4]([C:9]([C:8]1([H:18])[H:19])([H:20])[H:21])([H:11])[C:2](=[O:1])[O:3][H:10])([H:12])[H:13])([H:14])[H:15])[H:17],5.0,10.0
15,0.04015238095238095,AM1BCC,AmberTools,,,H,,16,[H:16][C:7]1([C:6]([C:5]([C:4]([C:9]([C:8]1([H:18])[H:19])([H:20])[H:21])([H:11])[C:2](=[O:1])[O:3][H:10])([H:12])[H:13])([H:14])[H:15])[H:17],5.0,10.0
16,0.04015238095238095,AM1BCC,AmberTools,,,H,,17,[H:16][C:7]1([C:6]([C:5]([C:4]([C:9]([C:8]1([H:18])[H:19])([H:20])[H:21])([H:11])[C:2](=[O:1])[O:3][H:10])([H:12])[H:13])([H:14])[H:15])[H:17],5.0,10.0
17,0.04440238095238096,AM1BCC,AmberTools,,,H,,18,[H:16][C:7]1([C:6]([C:5]([C:4]([C:9]([C:8]1([H:18])[H:19])([H:20])[H:21])([H:11])[C:2](=[O:1])[O:3][H:10])([H:12])[H:13])([H:14])[H:15])[H:17],5.0,10.0
18,0.04440238095238096,AM1BCC,AmberTools,,,H,,19,[H:16][C:7]1([C:6]([C:5]([C:4]([C:9]([C:8]1([H:18])[H:19])([H:20])[H:21])([H:11])[C:2](=[O:1])[O:3][H:10])([H:12])[H:13])([H:14])[H:15])[H:17],5.0,10.0
19,0.056152380952380954,AM1BCC,AmberTools,,,H,,20,[H:16][C:7]1([C:6]([C:5]([C:4]([C:9]([C:8]1([H:18])[H:19])([H:20])[H:21])([H:11])[C:2](=[O:1])[O:3][H:10])([H:12])[H:13])([H:14])[H:15])[H:17],5.0,10.0
20,0.056152380952380954,AM1BCC,AmberTools,,,H,,21,[H:16][C:7]1([C:6]([C:5]([C:4]([C:9]([C:8]1([H:18])[H:19])([H:20])[H:21])([H:11])[C:2](=[O:1])[O:3][H:10])([H:12])[H:13])([H:14])[H:15])[H:17],5.0,10.0
0,-0.5516399762460164,AM1BCC,OpenEye,,,O,,1,[H:16][C:7]1([C:6]([C:5]([C:4]([C:9]([C:8]1([H:18])[H:19])([H:20])[H:21])([H:11])[C:2](=[O:1])[O:3][H:10])([H:12])[H:13])([H:14])[H:15])[H:17],5.0,11.0
1,0.6329799869230816,AM1BCC,OpenEye,,,C,,2,[H:16][C:7]1([C:6]([C:5]([C:4]([C:9]([C:8]1([H:18])[H:19])([H:20])[H:21])([H:11])[C:2](=[O:1])[O:3][H:10])([H:12])[H:13])([H:14])[H:15])[H:17],5.0,11.0
2,-0.6020299813577107,AM1BCC,OpenEye,,,O,,3,[H:16][C:7]1([C:6]([C:5]([C:4]([C:9]([C:8]1([H:18])[H:19])([H:20])[H:21])([H:11])[C:2](=[O:1])[O:3][H:10])([H:12])[H:13])([H:14])[H:15])[H:17],5.0,11.0
3,-0.10543000165905271,AM1BCC,OpenEye,,,C,,4,[H:16][C:7]1([C:6]([C:5]([C:4]([C:9]([C:8]1([H:18])[H:19])([H:20])[H:21])([H:11])[C:2](=[O:1])[O:3][H:10])([H:12])[H:13])([H:14])[H:15])[H:17],5.0,11.0
4,-0.0705700016447476,AM1BCC,OpenEye,,,C,,5,[H:16][C:7]1([C:6]([C:5]([C:4]([C:9]([C:8]1([H:18])[H:19])([H:20])[H:21])([H:11])[C:2](=[O:1])[O:3][H:10])([H:12])[H:13])([H:14])[H:15])[H:17],5.0,11.0
5,-0.07656000022377286,AM1BCC,OpenEye,,,C,,6,[H:16][C:7]1([C:6]([C:5]([C:4]([C:9]([C:8]1([H:18])[H:19])([H:20])[H:21])([H:11])[C:2](=[O:1])[O:3][H:10])([H:12])[H:13])([H:14])[H:15])[H:17],5.0,11.0
6,-0.08028000061001096,AM1BCC,OpenEye,,,C,,7,[H:16][C:7]1([C:6]([C:5]([C:4]([C:9]([C:8]1([H:18])[H:19])([H:20])[H:21])([H:11])[C:2](=[O:1])[O:3][H:10])([H:12])[H:13])([H:14])[H:15])[H:17],5.0,11.0
7,-0.07656000022377286,AM1BCC,OpenEye,,,C,,8,[H:16][C:7]1([C:6]([C:5]([C:4]([C:9]([C:8]1([H:18])[H:19])([H:20])[H:21])([H:11])[C:2](=[O:1])[O:3][H:10])([H:12])[H:13])([H:14])[H:15])[H:17],5.0,11.0
8,-0.0705700016447476,AM1BCC,OpenEye,,,C,,9,[H:16][C:7]1([C:6]([C:5]([C:4]([C:9]([C:8]1([H:18])[H:19])([H:20])[H:21])([H:11])[C:2](=[O:1])[O:3][H:10])([H:12])[H:13])([H:14])[H:15])[H:17],5.0,11.0
9,0.4425699987581798,AM1BCC,OpenEye,,,H,,10,[H:16][C:7]1([C:6]([C:5]([C:4]([C:9]([C:8]1([H:18])[H:19])([H:20])[H:21])([H:11])[C:2](=[O:1])[O:3][H:10])([H:12])[H:13])([H:14])[H:15])[H:17],5.0,11.0
10,0.07836999531303133,AM1BCC,OpenEye,,,H,,11,[H:16][C:7]1([C:6]([C:5]([C:4]([C:9]([C:8]1([H:18])[H:19])([H:20])[H:21])([H:11])[C:2](=[O:1])[O:3][H:10])([H:12])[H:13])([H:14])[H:15])[H:17],5.0,11.0
11,0.054099997239453454,AM1BCC,OpenEye,,,H,,12,[H:16][C:7]1([C:6]([C:5]([C:4]([C:9]([C:8]1([H:18])[H:19])([H:20])[H:21])([H:11])[C:2](=[O:1])[O:3][H:10])([H:12])[H:13])([H:14])[H:15])[H:17],5.0,11.0
12,0.054099997239453454,AM1BCC,OpenEye,,,H,,13,[H:16][C:7]1([C:6]([C:5]([C:4]([C:9]([C:8]1([H:18])[H:19])([H:20])[H:21])([H:11])[C:2](=[O:1])[O:3][H:10])([H:12])[H:13])([H:14])[H:15])[H:17],5.0,11.0
13,0.0457399987748691,AM1BCC,OpenEye,,,H,,14,[H:16][C:7]1([C:6]([C:5]([C:4]([C:9]([C:8]1([H:18])[H:19])([H:20])[H:21])([H:11])[C:2](=[O:1])[O:3][H:10])([H:12])[H:13])([H:14])[H:15])[H:17],5.0,11.0
14,0.0457399987748691,AM1BCC,OpenEye,,,H,,15,[H:16][C:7]1([C:6]([C:5]([C:4]([C:9]([C:8]1([H:18])[H:19])([H:20])[H:21])([H:11])[C:2](=[O:1])[O:3][H:10])([H:12])[H:13])([H:14])[H:15])[H:17],5.0,11.0
15,0.0401799992791244,AM1BCC,OpenEye,,,H,,16,[H:16][C:7]1([C:6]([C:5]([C:4]([C:9]([C:8]1([H:18])[H:19])([H:20])[H:21])([H:11])[C:2](=[O:1])[O:3][H:10])([H:12])[H:13])([H:14])[H:15])[H:17],5.0,11.0
16,0.0401799992791244,AM1BCC,OpenEye,,,H,,17,[H:16][C:7]1([C:6]([C:5]([C:4]([C:9]([C:8]1([H:18])[H:19])([H:20])[H:21])([H:11])[C:2](=[O:1])[O:3][H:10])([H:12])[H:13])([H:14])[H:15])[H:17],5.0,11.0
17,0.0457399987748691,AM1BCC,OpenEye,,,H,,18,[H:16][C:7]1([C:6]([C:5]([C:4]([C:9]([C:8]1([H:18])[H:19])([H:20])[H:21])([H:11])[C:2](=[O:1])[O:3][H:10])([H:12])[H:13])([H:14])[H:15])[H:17],5.0,11.0
18,0.0457399987748691,AM1BCC,OpenEye,,,H,,19,[H:16][C:7]1([C:6]([C:5]([C:4]([C:9]([C:8]1([H:18])[H:19])([H:20])[H:21])([H:11])[C:2](=[O:1])[O:3][H:10])([H:12])[H:13])([H:14])[H:15])[H:17],5.0,11.0
19,0.054099997239453454,AM1BCC,OpenEye,,,H,,20,[H:16][C:7]1([C:6]([C:5]([C:4]([C:9]([C:8]1([H:18])[H:19])([H:20])[H:21])([H:11])[C:2](=[O:1])[O:3][H:10])([H:12])[H:13])([H:14])[H:15])[H:17],5.0,11.0
20,0.054099997239453454,AM1BCC,OpenEye,,,H,,21,[H:16][C:7]1([C:6]([C:5]([C:4]([C:9]([C:8]1([H:18])[H:19])([H:20])[H:21])([H:11])[C:2](=[O:1])[O:3][H:10])([H:12])[H:13])([H:14])[H:15])[H:17],5.0,11.0
0,-0.5510476190476191,AM1BCC,AmberTools,,,O,,1,[H:16][C:7]1([C:6]([C:5]([C:4]([C:9]([C:8]1([H:18])[H:19])([H:20])[H:21])([H:11])[C:2](=[O:1])[O:3][H:10])([H:12])[H:13])([H:14])[H:15])[H:17],5.0,11.0
1,0.6350523809523809,AM1BCC,AmberTools,,,C,,2,[H:16][C:7]1([C:6]([C:5]([C:4]([C:9]([C:8]1([H:18])[H:19])([H:20])[H:21])([H:11])[C:2](=[O:1])[O:3][H:10])([H:12])[H:13])([H:14])[H:15])[H:17],5.0,11.0
2,-0.612147619047619,AM1BCC,AmberTools,,,O,,3,[H:16][C:7]1([C:6]([C:5]([C:4]([C:9]([C:8]1([H:18])[H:19])([H:20])[H:21])([H:11])[C:2](=[O:1])[O:3][H:10])([H:12])[H:13])([H:14])[H:15])[H:17],5.0,11.0
3,-0.10174761904761905,AM1BCC,AmberTools,,,C,,4,[H:16][C:7]1([C:6]([C:5]([C:4]([C:9]([C:8]1([H:18])[H:19])([H:20])[H:21])([H:11])[C:2](=[O:1])[O:3][H:10])([H:12])[H:13])([H:14])[H:15])[H:17],5.0,11.0
4,-0.07244761904761905,AM1BCC,AmberTools,,,C,,5,[H:16][C:7]1([C:6]([C:5]([C:4]([C:9]([C:8]1([H:18])[H:19])([H:20])[H:21])([H:11])[C:2](=[O:1])[O:3][H:10])([H:12])[H:13])([H:14])[H:15])[H:17],5.0,11.0
5,-0.07544761904761904,AM1BCC,AmberTools,,,C,,6,[H:16][C:7]1([C:6]([C:5]([C:4]([C:9]([C:8]1([H:18])[H:19])([H:20])[H:21])([H:11])[C:2](=[O:1])[O:3][H:10])([H:12])[H:13])([H:14])[H:15])[H:17],5.0,11.0
6,-0.07944761904761904,AM1BCC,AmberTools,,,C,,7,[H:16][C:7]1([C:6]([C:5]([C:4]([C:9]([C:8]1([H:18])[H:19])([H:20])[H:21])([H:11])[C:2](=[O:1])[O:3][H:10])([H:12])[H:13])([H:14])[H:15])[H:17],5.0,11.0
7,-0.07544761904761904,AM1BCC,AmberTools,,,C,,8,[H:16][C:7]1([C:6]([C:5]([C:4]([C:9]([C:8]1([H:18])[H:19])([H:20])[H:21])([H:11])[C:2](=[O:1])[O:3][H:10])([H:12])[H:13])([H:14])[H:15])[H:17],5.0,11.0
8,-0.07244761904761905,AM1BCC,AmberTools,,,C,,9,[H:16][C:7]1([C:6]([C:5]([C:4]([C:9]([C:8]1([H:18])[H:19])([H:20])[H:21])([H:11])[C:2](=[O:1])[O:3][H:10])([H:12])[H:13])([H:14])[H:15])[H:17],5.0,11.0
9,0.442952380952381,AM1BCC,AmberTools,,,H,,10,[H:16][C:7]1([C:6]([C:5]([C:4]([C:9]([C:8]1([H:18])[H:19])([H:20])[H:21])([H:11])[C:2](=[O:1])[O:3][H:10])([H:12])[H:13])([H:14])[H:15])[H:17],5.0,11.0
10,0.07965238095238095,AM1BCC,AmberTools,,,H,,11,[H:16][C:7]1([C:6]([C:5]([C:4]([C:9]([C:8]1([H:18])[H:19])([H:20])[H:21])([H:11])[C:2](=[O:1])[O:3][H:10])([H:12])[H:13])([H:14])[H:15])[H:17],5.0,11.0
11,0.056152380952380954,AM1BCC,AmberTools,,,H,,12,[H:16][C:7]1([C:6]([C:5]([C:4]([C:9]([C:8]1([H:18])[H:19])([H:20])[H:21])([H:11])[C:2](=[O:1])[O:3][H:10])([H:12])[H:13])([H:14])[H:15])[H:17],5.0,11.0
12,0.056152380952380954,AM1BCC,AmberTools,,,H,,13,[H:16][C:7]1([C:6]([C:5]([C:4]([C:9]([C:8]1([H:18])[H:19])([H:20])[H:21])([H:11])[C:2](=[O:1])[O:3][H:10])([H:12])[H:13])([H:14])[H:15])[H:17],5.0,11.0
13,0.04440238095238096,AM1BCC,AmberTools,,,H,,14,[H:16][C:7]1([C:6]([C:5]([C:4]([C:9]([C:8]1([H:18])[H:19])([H:20])[H:21])([H:11])[C:2](=[O:1])[O:3][H:10])([H:12])[H:13])([H:14])[H:15])[H:17],5.0,11.0
14,0.04440238095238096,AM1BCC,AmberTools,,,H,,15,[H:16][C:7]1([C:6]([C:5]([C:4]([C:9]([C:8]1([H:18])[H:19])([H:20])[H:21])([H:11])[C:2](=[O:1])[O:3][H:10])([H:12])[H:13])([H:14])[H:15])[H:17],5.0,11.0
15,0.04015238095238095,AM1BCC,AmberTools,,,H,,16,[H:16][C:7]1([C:6]([C:5]([C:4]([C:9]([C:8]1([H:18])[H:19])([H:20])[H:21])([H:11])[C:2](=[O:1])[O:3][H:10])([H:12])[H:13])([H:14])[H:15])[H:17],5.0,11.0
16,0.04015238095238095,AM1BCC,AmberTools,,,H,,17,[H:16][C:7]1([C:6]([C:5]([C:4]([C:9]([C:8]1([H:18])[H:19])([H:20])[H:21])([H:11])[C:2](=[O:1])[O:3][H:10])([H:12])[H:13])([H:14])[H:15])[H:17],5.0,11.0
17,0.04440238095238096,AM1BCC,AmberTools,,,H,,18,[H:16][C:7]1([C:6]([C:5]([C:4]([C:9]([C:8]1([H:18])[H:19])([H:20])[H:21])([H:11])[C:2](=[O:1])[O:3][H:10])([H:12])[H:13])([H:14])[H:15])[H:17],5.0,11.0
18,0.04440238095238096,AM1BCC,AmberTools,,,H,,19,[H:16][C:7]1([C:6]([C:5]([C:4]([C:9]([C:8]1([H:18])[H:19])([H:20])[H:21])([H:11])[C:2](=[O:1])[O:3][H:10])([H:12])[H:13])([H:14])[H:15])[H:17],5.0,11.0
19,0.056152380952380954,AM1BCC,AmberTools,,,H,,20,[H:16][C:7]1([C:6]([C:5]([C:4]([C:9]([C:8]1([H:18])[H:19])([H:20])[H:21])([H:11])[C:2](=[O:1])[O:3][H:10])([H:12])[H:13])([H:14])[H:15])[H:17],5.0,11.0
20,0.056152380952380954,AM1BCC,AmberTools,,,H,,21,[H:16][C:7]1([C:6]([C:5]([C:4]([C:9]([C:8]1([H:18])[H:19])([H:20])[H:21])([H:11])[C:2](=[O:1])[O:3][H:10])([H:12])[H:13])([H:14])[H:15])[H:17],5.0,11.0
0,-0.5516399762460164,AM1BCC,OpenEye,,,O,,1,[H:16][C:7]1([C:6]([C:5]([C:4]([C:9]([C:8]1([H:18])[H:19])([H:20])[H:21])([H:11])[C:2](=[O:1])[O:3][H:10])([H:12])[H:13])([H:14])[H:15])[H:17],5.0,12.0
1,0.6329799869230816,AM1BCC,OpenEye,,,C,,2,[H:16][C:7]1([C:6]([C:5]([C:4]([C:9]([C:8]1([H:18])[H:19])([H:20])[H:21])([H:11])[C:2](=[O:1])[O:3][H:10])([H:12])[H:13])([H:14])[H:15])[H:17],5.0,12.0
2,-0.6020299813577107,AM1BCC,OpenEye,,,O,,3,[H:16][C:7]1([C:6]([C:5]([C:4]([C:9]([C:8]1([H:18])[H:19])([H:20])[H:21])([H:11])[C:2](=[O:1])[O:3][H:10])([H:12])[H:13])([H:14])[H:15])[H:17],5.0,12.0
3,-0.10543000165905271,AM1BCC,OpenEye,,,C,,4,[H:16][C:7]1([C:6]([C:5]([C:4]([C:9]([C:8]1([H:18])[H:19])([H:20])[H:21])([H:11])[C:2](=[O:1])[O:3][H:10])([H:12])[H:13])([H:14])[H:15])[H:17],5.0,12.0
4,-0.0705700016447476,AM1BCC,OpenEye,,,C,,5,[H:16][C:7]1([C:6]([C:5]([C:4]([C:9]([C:8]1([H:18])[H:19])([H:20])[H:21])([H:11])[C:2](=[O:1])[O:3][H:10])([H:12])[H:13])([H:14])[H:15])[H:17],5.0,12.0
5,-0.07656000022377286,AM1BCC,OpenEye,,,C,,6,[H:16][C:7]1([C:6]([C:5]([C:4]([C:9]([C:8]1([H:18])[H:19])([H:20])[H:21])([H:11])[C:2](=[O:1])[O:3][H:10])([H:12])[H:13])([H:14])[H:15])[H:17],5.0,12.0
6,-0.08028000061001096,AM1BCC,OpenEye,,,C,,7,[H:16][C:7]1([C:6]([C:5]([C:4]([C:9]([C:8]1([H:18])[H:19])([H:20])[H:21])([H:11])[C:2](=[O:1])[O:3][H:10])([H:12])[H:13])([H:14])[H:15])[H:17],5.0,12.0
7,-0.07656000022377286,AM1BCC,OpenEye,,,C,,8,[H:16][C:7]1([C:6]([C:5]([C:4]([C:9]([C:8]1([H:18])[H:19])([H:20])[H:21])([H:11])[C:2](=[O:1])[O:3][H:10])([H:12])[H:13])([H:14])[H:15])[H:17],5.0,12.0
8,-0.0705700016447476,AM1BCC,OpenEye,,,C,,9,[H:16][C:7]1([C:6]([C:5]([C:4]([C:9]([C:8]1([H:18])[H:19])([H:20])[H:21])([H:11])[C:2](=[O:1])[O:3][H:10])([H:12])[H:13])([H:14])[H:15])[H:17],5.0,12.0
9,0.4425699987581798,AM1BCC,OpenEye,,,H,,10,[H:16][C:7]1([C:6]([C:5]([C:4]([C:9]([C:8]1([H:18])[H:19])([H:20])[H:21])([H:11])[C:2](=[O:1])[O:3][H:10])([H:12])[H:13])([H:14])[H:15])[H:17],5.0,12.0
10,0.07836999531303133,AM1BCC,OpenEye,,,H,,11,[H:16][C:7]1([C:6]([C:5]([C:4]([C:9]([C:8]1([H:18])[H:19])([H:20])[H:21])([H:11])[C:2](=[O:1])[O:3][H:10])([H:12])[H:13])([H:14])[H:15])[H:17],5.0,12.0
11,0.054099997239453454,AM1BCC,OpenEye,,,H,,12,[H:16][C:7]1([C:6]([C:5]([C:4]([C:9]([C:8]1([H:18])[H:19])([H:20])[H:21])([H:11])[C:2](=[O:1])[O:3][H:10])([H:12])[H:13])([H:14])[H:15])[H:17],5.0,12.0
12,0.054099997239453454,AM1BCC,OpenEye,,,H,,13,[H:16][C:7]1([C:6]([C:5]([C:4]([C:9]([C:8]1([H:18])[H:19])([H:20])[H:21])([H:11])[C:2](=[O:1])[O:3][H:10])([H:12])[H:13])([H:14])[H:15])[H:17],5.0,12.0
13,0.0457399987748691,AM1BCC,OpenEye,,,H,,14,[H:16][C:7]1([C:6]([C:5]([C:4]([C:9]([C:8]1([H:18])[H:19])([H:20])[H:21])([H:11])[C:2](=[O:1])[O:3][H:10])([H:12])[H:13])([H:14])[H:15])[H:17],5.0,12.0
14,0.0457399987748691,AM1BCC,OpenEye,,,H,,15,[H:16][C:7]1([C:6]([C:5]([C:4]([C:9]([C:8]1([H:18])[H:19])([H:20])[H:21])([H:11])[C:2](=[O:1])[O:3][H:10])([H:12])[H:13])([H:14])[H:15])[H:17],5.0,12.0
15,0.0401799992791244,AM1BCC,OpenEye,,,H,,16,[H:16][C:7]1([C:6]([C:5]([C:4]([C:9]([C:8]1([H:18])[H:19])([H:20])[H:21])([H:11])[C:2](=[O:1])[O:3][H:10])([H:12])[H:13])([H:14])[H:15])[H:17],5.0,12.0
16,0.0401799992791244,AM1BCC,OpenEye,,,H,,17,[H:16][C:7]1([C:6]([C:5]([C:4]([C:9]([C:8]1([H:18])[H:19])([H:20])[H:21])([H:11])[C:2](=[O:1])[O:3][H:10])([H:12])[H:13])([H:14])[H:15])[H:17],5.0,12.0
17,0.0457399987748691,AM1BCC,OpenEye,,,H,,18,[H:16][C:7]1([C:6]([C:5]([C:4]([C:9]([C:8]1([H:18])[H:19])([H:20])[H:21])([H:11])[C:2](=[O:1])[O:3][H:10])([H:12])[H:13])([H:14])[H:15])[H:17],5.0,12.0
18,0.0457399987748691,AM1BCC,OpenEye,,,H,,19,[H:16][C:7]1([C:6]([C:5]([C:4]([C:9]([C:8]1([H:18])[H:19])([H:20])[H:21])([H:11])[C:2](=[O:1])[O:3][H:10])([H:12])[H:13])([H:14])[H:15])[H:17],5.0,12.0
19,0.054099997239453454,AM1BCC,OpenEye,,,H,,20,[H:16][C:7]1([C:6]([C:5]([C:4]([C:9]([C:8]1([H:18])[H:19])([H:20])[H:21])([H:11])[C:2](=[O:1])[O:3][H:10])([H:12])[H:13])([H:14])[H:15])[H:17],5.0,12.0
20,0.054099997239453454,AM1BCC,OpenEye,,,H,,21,[H:16][C:7]1([C:6]([C:5]([C:4]([C:9]([C:8]1([H:18])[H:19])([H:20])[H:21])([H:11])[C:2](=[O:1])[O:3][H:10])([H:12])[H:13])([H:14])[H:15])[H:17],5.0,12.0
0,-0.5510476190476191,AM1BCC,AmberTools,,,O,,1,[H:16][C:7]1([C:6]([C:5]([C:4]([C:9]([C:8]1([H:18])[H:19])([H:20])[H:21])([H:11])[C:2](=[O:1])[O:3][H:10])([H:12])[H:13])([H:14])[H:15])[H:17],5.0,12.0
1,0.6350523809523809,AM1BCC,AmberTools,,,C,,2,[H:16][C:7]1([C:6]([C:5]([C:4]([C:9]([C:8]1([H:18])[H:19])([H:20])[H:21])([H:11])[C:2](=[O:1])[O:3][H:10])([H:12])[H:13])([H:14])[H:15])[H:17],5.0,12.0
2,-0.612147619047619,AM1BCC,AmberTools,,,O,,3,[H:16][C:7]1([C:6]([C:5]([C:4]([C:9]([C:8]1([H:18])[H:19])([H:20])[H:21])([H:11])[C:2](=[O:1])[O:3][H:10])([H:12])[H:13])([H:14])[H:15])[H:17],5.0,12.0
3,-0.10174761904761905,AM1BCC,AmberTools,,,C,,4,[H:16][C:7]1([C:6]([C:5]([C:4]([C:9]([C:8]1([H:18])[H:19])([H:20])[H:21])([H:11])[C:2](=[O:1])[O:3][H:10])([H:12])[H:13])([H:14])[H:15])[H:17],5.0,12.0
4,-0.07244761904761905,AM1BCC,AmberTools,,,C,,5,[H:16][C:7]1([C:6]([C:5]([C:4]([C:9]([C:8]1([H:18])[H:19])([H:20])[H:21])([H:11])[C:2](=[O:1])[O:3][H:10])([H:12])[H:13])([H:14])[H:15])[H:17],5.0,12.0
5,-0.07544761904761904,AM1BCC,AmberTools,,,C,,6,[H:16][C:7]1([C:6]([C:5]([C:4]([C:9]([C:8]1([H:18])[H:19])([H:20])[H:21])([H:11])[C:2](=[O:1])[O:3][H:10])([H:12])[H:13])([H:14])[H:15])[H:17],5.0,12.0
6,-0.07944761904761904,AM1BCC,AmberTools,,,C,,7,[H:16][C:7]1([C:6]([C:5]([C:4]([C:9]([C:8]1([H:18])[H:19])([H:20])[H:21])([H:11])[C:2](=[O:1])[O:3][H:10])([H:12])[H:13])([H:14])[H:15])[H:17],5.0,12.0
7,-0.07544761904761904,AM1BCC,AmberTools,,,C,,8,[H:16][C:7]1([C:6]([C:5]([C:4]([C:9]([C:8]1([H:18])[H:19])([H:20])[H:21])([H:11])[C:2](=[O:1])[O:3][H:10])([H:12])[H:13])([H:14])[H:15])[H:17],5.0,12.0
8,-0.07244761904761905,AM1BCC,AmberTools,,,C,,9,[H:16][C:7]1([C:6]([C:5]([C:4]([C:9]([C:8]1([H:18])[H:19])([H:20])[H:21])([H:11])[C:2](=[O:1])[O:3][H:10])([H:12])[H:13])([H:14])[H:15])[H:17],5.0,12.0
9,0.442952380952381,AM1BCC,AmberTools,,,H,,10,[H:16][C:7]1([C:6]([C:5]([C:4]([C:9]([C:8]1([H:18])[H:19])([H:20])[H:21])([H:11])[C:2](=[O:1])[O:3][H:10])([H:12])[H:13])([H:14])[H:15])[H:17],5.0,12.0
10,0.07965238095238095,AM1BCC,AmberTools,,,H,,11,[H:16][C:7]1([C:6]([C:5]([C:4]([C:9]([C:8]1([H:18])[H:19])([H:20])[H:21])([H:11])[C:2](=[O:1])[O:3][H:10])([H:12])[H:13])([H:14])[H:15])[H:17],5.0,12.0
11,0.056152380952380954,AM1BCC,AmberTools,,,H,,12,[H:16][C:7]1([C:6]([C:5]([C:4]([C:9]([C:8]1([H:18])[H:19])([H:20])[H:21])([H:11])[C:2](=[O:1])[O:3][H:10])([H:12])[H:13])([H:14])[H:15])[H:17],5.0,12.0
12,0.056152380952380954,AM1BCC,AmberTools,,,H,,13,[H:16][C:7]1([C:6]([C:5]([C:4]([C:9]([C:8]1([H:18])[H:19])([H:20])[H:21])([H:11])[C:2](=[O:1])[O:3][H:10])([H:12])[H:13])([H:14])[H:15])[H:17],5.0,12.0
13,0.04440238095238096,AM1BCC,AmberTools,,,H,,14,[H:16][C:7]1([C:6]([C:5]([C:4]([C:9]([C:8]1([H:18])[H:19])([H:20])[H:21])([H:11])[C:2](=[O:1])[O:3][H:10])([H:12])[H:13])([H:14])[H:15])[H:17],5.0,12.0
14,0.04440238095238096,AM1BCC,AmberTools,,,H,,15,[H:16][C:7]1([C:6]([C:5]([C:4]([C:9]([C:8]1([H:18])[H:19])([H:20])[H:21])([H:11])[C:2](=[O:1])[O:3][H:10])([H:12])[H:13])([H:14])[H:15])[H:17],5.0,12.0
15,0.04015238095238095,AM1BCC,AmberTools,,,H,,16,[H:16][C:7]1([C:6]([C:5]([C:4]([C:9]([C:8]1([H:18])[H:19])([H:20])[H:21])([H:11])[C:2](=[O:1])[O:3][H:10])([H:12])[H:13])([H:14])[H:15])[H:17],5.0,12.0
16,0.04015238095238095,AM1BCC,AmberTools,,,H,,17,[H:16][C:7]1([C:6]([C:5]([C:4]([C:9]([C:8]1([H:18])[H:19])([H:20])[H:21])([H:11])[C:2](=[O:1])[O:3][H:10])([H:12])[H:13])([H:14])[H:15])[H:17],5.0,12.0
17,0.04440238095238096,AM1BCC,AmberTools,,,H,,18,[H:16][C:7]1([C:6]([C:5]([C:4]([C:9]([C:8]1([H:18])[H:19])([H:20])[H:21])([H:11])[C:2](=[O:1])[O:3][H:10])([H:12])[H:13])([H:14])[H:15])[H:17],5.0,12.0
18,0.04440238095238096,AM1BCC,AmberTools,,,H,,19,[H:16][C:7]1([C:6]([C:5]([C:4]([C:9]([C:8]1([H:18])[H:19])([H:20])[H:21])([H:11])[C:2](=[O:1])[O:3][H:10])([H:12])[H:13])([H:14])[H:15])[H:17],5.0,12.0
19,0.056152380952380954,AM1BCC,AmberTools,,,H,,20,[H:16][C:7]1([C:6]([C:5]([C:4]([C:9]([C:8]1([H:18])[H:19])([H:20])[H:21])([H:11])[C:2](=[O:1])[O:3][H:10])([H:12])[H:13])([H:14])[H:15])[H:17],5.0,12.0
20,0.056152380952380954,AM1BCC,AmberTools,,,H,,21,[H:16][C:7]1([C:6]([C:5]([C:4]([C:9]([C:8]1([H:18])[H:19])([H:20])[H:21])([H:11])[C:2](=[O:1])[O:3][H:10])([H:12])[H:13])([H:14])[H:15])[H:17],5.0,12.0
0,-0.5548400254476638,AM1BCC,OpenEye,,,O,,1,[H:16][C:7]1([C:6]([C:5]([C:4]([C:9]([C:8]1([H:18])[H:19])([H:20])[H:21])([H:11])[C:2](=[O:1])[O:3][H:10])([H:12])[H:13])([H:14])[H:15])[H:17],6.0,1.0
1,0.6353899864923387,AM1BCC,OpenEye,,,C,,2,[H:16][C:7]1([C:6]([C:5]([C:4]([C:9]([C:8]1([H:18])[H:19])([H:20])[H:21])([H:11])[C:2](=[O:1])[O:3][H:10])([H:12])[H:13])([H:14])[H:15])[H:17],6.0,1.0
2,-0.6024100156057448,AM1BCC,OpenEye,,,O,,3,[H:16][C:7]1([C:6]([C:5]([C:4]([C:9]([C:8]1([H:18])[H:19])([H:20])[H:21])([H:11])[C:2](=[O:1])[O:3][H:10])([H:12])[H:13])([H:14])[H:15])[H:17],6.0,1.0
3,-0.10077999993449166,AM1BCC,OpenEye,,,C,,4,[H:16][C:7]1([C:6]([C:5]([C:4]([C:9]([C:8]1([H:18])[H:19])([H:20])[H:21])([H:11])[C:2](=[O:1])[O:3][H:10])([H:12])[H:13])([H:14])[H:15])[H:17],6.0,1.0
4,-0.07342999889737084,AM1BCC,OpenEye,,,C,,5,[H:16][C:7]1([C:6]([C:5]([C:4]([C:9]([C:8]1([H:18])[H:19])([H:20])[H:21])([H:11])[C:2](=[O:1])[O:3][H:10])([H:12])[H:13])([H:14])[H:15])[H:17],6.0,1.0
5,-0.07619999810343697,AM1BCC,OpenEye,,,C,,6,[H:16][C:7]1([C:6]([C:5]([C:4]([C:9]([C:8]1([H:18])[H:19])([H:20])[H:21])([H:11])[C:2](=[O:1])[O:3][H:10])([H:12])[H:13])([H:14])[H:15])[H:17],6.0,1.0
6,-0.0836999984014602,AM1BCC,OpenEye,,,C,,7,[H:16][C:7]1([C:6]([C:5]([C:4]([C:9]([C:8]1([H:18])[H:19])([H:20])[H:21])([H:11])[C:2](=[O:1])[O:3][H:10])([H:12])[H:13])([H:14])[H:15])[H:17],6.0,1.0
7,-0.07619999810343697,AM1BCC,OpenEye,,,C,,8,[H:16][C:7]1([C:6]([C:5]([C:4]([C:9]([C:8]1([H:18])[H:19])([H:20])[H:21])([H:11])[C:2](=[O:1])[O:3][H:10])([H:12])[H:13])([H:14])[H:15])[H:17],6.0,1.0
8,-0.07342999889737084,AM1BCC,OpenEye,,,C,,9,[H:16][C:7]1([C:6]([C:5]([C:4]([C:9]([C:8]1([H:18])[H:19])([H:20])[H:21])([H:11])[C:2](=[O:1])[O:3][H:10])([H:12])[H:13])([H:14])[H:15])[H:17],6.0,1.0
9,0.4429700104963212,AM1BCC,OpenEye,,,H,,10,[H:16][C:7]1([C:6]([C:5]([C:4]([C:9]([C:8]1([H:18])[H:19])([H:20])[H:21])([H:11])[C:2](=[O:1])[O:3][H:10])([H:12])[H:13])([H:14])[H:15])[H:17],6.0,1.0
10,0.0769300042163758,AM1BCC,OpenEye,,,H,,11,[H:16][C:7]1([C:6]([C:5]([C:4]([C:9]([C:8]1([H:18])[H:19])([H:20])[H:21])([H:11])[C:2](=[O:1])[O:3][H:10])([H:12])[H:13])([H:14])[H:15])[H:17],6.0,1.0
11,0.05507000447029159,AM1BCC,OpenEye,,,H,,12,[H:16][C:7]1([C:6]([C:5]([C:4]([C:9]([C:8]1([H:18])[H:19])([H:20])[H:21])([H:11])[C:2](=[O:1])[O:3][H:10])([H:12])[H:13])([H:14])[H:15])[H:17],6.0,1.0
12,0.05507000447029159,AM1BCC,OpenEye,,,H,,13,[H:16][C:7]1([C:6]([C:5]([C:4]([C:9]([C:8]1([H:18])[H:19])([H:20])[H:21])([H:11])[C:2](=[O:1])[O:3][H:10])([H:12])[H:13])([H:14])[H:15])[H:17],6.0,1.0
13,0.04169000223988578,AM1BCC,OpenEye,,,H,,14,[H:16][C:7]1([C:6]([C:5]([C:4]([C:9]([C:8]1([H:18])[H:19])([H:20])[H:21])([H:11])[C:2](=[O:1])[O:3][H:10])([H:12])[H:13])([H:14])[H:15])[H:17],6.0,1.0
14,0.04169000223988578,AM1BCC,OpenEye,,,H,,15,[H:16][C:7]1([C:6]([C:5]([C:4]([C:9]([C:8]1([H:18])[H:19])([H:20])[H:21])([H:11])[C:2](=[O:1])[O:3][H:10])([H:12])[H:13])([H:14])[H:15])[H:17],6.0,1.0
15,0.0493300026726155,AM1BCC,OpenEye,,,H,,16,[H:16][C:7]1([C:6]([C:5]([C:4]([C:9]([C:8]1([H:18])[H:19])([H:20])[H:21])([H:11])[C:2](=[O:1])[O:3][H:10])([H:12])[H:13])([H:14])[H:15])[H:17],6.0,1.0
16,0.0493300026726155,AM1BCC,OpenEye,,,H,,17,[H:16][C:7]1([C:6]([C:5]([C:4]([C:9]([C:8]1([H:18])[H:19])([H:20])[H:21])([H:11])[C:2](=[O:1])[O:3][H:10])([H:12])[H:13])([H:14])[H:15])[H:17],6.0,1.0
17,0.04169000223988578,AM1BCC,OpenEye,,,H,,18,[H:16][C:7]1([C:6]([C:5]([C:4]([C:9]([C:8]1([H:18])[H:19])([H:20])[H:21])([H:11])[C:2](=[O:1])[O:3][H:10])([H:12])[H:13])([H:14])[H:15])[H:17],6.0,1.0
18,0.04169000223988578,AM1BCC,OpenEye,,,H,,19,[H:16][C:7]1([C:6]([C:5]([C:4]([C:9]([C:8]1([H:18])[H:19])([H:20])[H:21])([H:11])[C:2](=[O:1])[O:3][H:10])([H:12])[H:13])([H:14])[H:15])[H:17],6.0,1.0
19,0.05507000447029159,AM1BCC,OpenEye,,,H,,20,[H:16][C:7]1([C:6]([C:5]([C:4]([C:9]([C:8]1([H:18])[H:19])([H:20])[H:21])([H:11])[C:2](=[O:1])[O:3][H:10])([H:12])[H:13])([H:14])[H:15])[H:17],6.0,1.0
20,0.05507000447029159,AM1BCC,OpenEye,,,H,,21,[H:16][C:7]1([C:6]([C:5]([C:4]([C:9]([C:8]1([H:18])[H:19])([H:20])[H:21])([H:11])[C:2](=[O:1])[O:3][H:10])([H:12])[H:13])([H:14])[H:15])[H:17],6.0,1.0
0,-0.551,AM1BCC,AmberTools,,,O,,1,[H:16][C:7]1([C:6]([C:5]([C:4]([C:9]([C:8]1([H:18])[H:19])([H:20])[H:21])([H:11])[C:2](=[O:1])[O:3][H:10])([H:12])[H:13])([H:14])[H:15])[H:17],6.0,1.0
1,0.6361,AM1BCC,AmberTools,,,C,,2,[H:16][C:7]1([C:6]([C:5]([C:4]([C:9]([C:8]1([H:18])[H:19])([H:20])[H:21])([H:11])[C:2](=[O:1])[O:3][H:10])([H:12])[H:13])([H:14])[H:15])[H:17],6.0,1.0
2,-0.6111,AM1BCC,AmberTools,,,O,,3,[H:16][C:7]1([C:6]([C:5]([C:4]([C:9]([C:8]1([H:18])[H:19])([H:20])[H:21])([H:11])[C:2](=[O:1])[O:3][H:10])([H:12])[H:13])([H:14])[H:15])[H:17],6.0,1.0
3,-0.1037,AM1BCC,AmberTools,,,C,,4,[H:16][C:7]1([C:6]([C:5]([C:4]([C:9]([C:8]1([H:18])[H:19])([H:20])[H:21])([H:11])[C:2](=[O:1])[O:3][H:10])([H:12])[H:13])([H:14])[H:15])[H:17],6.0,1.0
4,-0.0719,AM1BCC,AmberTools,,,C,,5,[H:16][C:7]1([C:6]([C:5]([C:4]([C:9]([C:8]1([H:18])[H:19])([H:20])[H:21])([H:11])[C:2](=[O:1])[O:3][H:10])([H:12])[H:13])([H:14])[H:15])[H:17],6.0,1.0
5,-0.0784,AM1BCC,AmberTools,,,C,,6,[H:16][C:7]1([C:6]([C:5]([C:4]([C:9]([C:8]1([H:18])[H:19])([H:20])[H:21])([H:11])[C:2](=[O:1])[O:3][H:10])([H:12])[H:13])([H:14])[H:15])[H:17],6.0,1.0
6,-0.0774,AM1BCC,AmberTools,,,C,,7,[H:16][C:7]1([C:6]([C:5]([C:4]([C:9]([C:8]1([H:18])[H:19])([H:20])[H:21])([H:11])[C:2](=[O:1])[O:3][H:10])([H:12])[H:13])([H:14])[H:15])[H:17],6.0,1.0
7,-0.0784,AM1BCC,AmberTools,,,C,,8,[H:16][C:7]1([C:6]([C:5]([C:4]([C:9]([C:8]1([H:18])[H:19])([H:20])[H:21])([H:11])[C:2](=[O:1])[O:3][H:10])([H:12])[H:13])([H:14])[H:15])[H:17],6.0,1.0
8,-0.0719,AM1BCC,AmberTools,,,C,,9,[H:16][C:7]1([C:6]([C:5]([C:4]([C:9]([C:8]1([H:18])[H:19])([H:20])[H:21])([H:11])[C:2](=[O:1])[O:3][H:10])([H:12])[H:13])([H:14])[H:15])[H:17],6.0,1.0
9,0.442,AM1BCC,AmberTools,,,H,,10,[H:16][C:7]1([C:6]([C:5]([C:4]([C:9]([C:8]1([H:18])[H:19])([H:20])[H:21])([H:11])[C:2](=[O:1])[O:3][H:10])([H:12])[H:13])([H:14])[H:15])[H:17],6.0,1.0
10,0.0807,AM1BCC,AmberTools,,,H,,11,[H:16][C:7]1([C:6]([C:5]([C:4]([C:9]([C:8]1([H:18])[H:19])([H:20])[H:21])([H:11])[C:2](=[O:1])[O:3][H:10])([H:12])[H:13])([H:14])[H:15])[H:17],6.0,1.0
11,0.05445,AM1BCC,AmberTools,,,H,,12,[H:16][C:7]1([C:6]([C:5]([C:4]([C:9]([C:8]1([H:18])[H:19])([H:20])[H:21])([H:11])[C:2](=[O:1])[O:3][H:10])([H:12])[H:13])([H:14])[H:15])[H:17],6.0,1.0
12,0.05445,AM1BCC,AmberTools,,,H,,13,[H:16][C:7]1([C:6]([C:5]([C:4]([C:9]([C:8]1([H:18])[H:19])([H:20])[H:21])([H:11])[C:2](=[O:1])[O:3][H:10])([H:12])[H:13])([H:14])[H:15])[H:17],6.0,1.0
13,0.0462,AM1BCC,AmberTools,,,H,,14,[H:16][C:7]1([C:6]([C:5]([C:4]([C:9]([C:8]1([H:18])[H:19])([H:20])[H:21])([H:11])[C:2](=[O:1])[O:3][H:10])([H:12])[H:13])([H:14])[H:15])[H:17],6.0,1.0
14,0.0462,AM1BCC,AmberTools,,,H,,15,[H:16][C:7]1([C:6]([C:5]([C:4]([C:9]([C:8]1([H:18])[H:19])([H:20])[H:21])([H:11])[C:2](=[O:1])[O:3][H:10])([H:12])[H:13])([H:14])[H:15])[H:17],6.0,1.0
15,0.0412,AM1BCC,AmberTools,,,H,,16,[H:16][C:7]1([C:6]([C:5]([C:4]([C:9]([C:8]1([H:18])[H:19])([H:20])[H:21])([H:11])[C:2](=[O:1])[O:3][H:10])([H:12])[H:13])([H:14])[H:15])[H:17],6.0,1.0
16,0.0412,AM1BCC,AmberTools,,,H,,17,[H:16][C:7]1([C:6]([C:5]([C:4]([C:9]([C:8]1([H:18])[H:19])([H:20])[H:21])([H:11])[C:2](=[O:1])[O:3][H:10])([H:12])[H:13])([H:14])[H:15])[H:17],6.0,1.0
17,0.0462,AM1BCC,AmberTools,,,H,,18,[H:16][C:7]1([C:6]([C:5]([C:4]([C:9]([C:8]1([H:18])[H:19])([H:20])[H:21])([H:11])[C:2](=[O:1])[O:3][H:10])([H:12])[H:13])([H:14])[H:15])[H:17],6.0,1.0
18,0.0462,AM1BCC,AmberTools,,,H,,19,[H:16][C:7]1([C:6]([C:5]([C:4]([C:9]([C:8]1([H:18])[H:19])([H:20])[H:21])([H:11])[C:2](=[O:1])[O:3][H:10])([H:12])[H:13])([H:14])[H:15])[H:17],6.0,1.0
19,0.05445,AM1BCC,AmberTools,,,H,,20,[H:16][C:7]1([C:6]([C:5]([C:4]([C:9]([C:8]1([H:18])[H:19])([H:20])[H:21])([H:11])[C:2](=[O:1])[O:3][H:10])([H:12])[H:13])([H:14])[H:15])[H:17],6.0,1.0
20,0.05445,AM1BCC,AmberTools,,,H,,21,[H:16][C:7]1([C:6]([C:5]([C:4]([C:9]([C:8]1([H:18])[H:19])([H:20])[H:21])([H:11])[C:2](=[O:1])[O:3][H:10])([H:12])[H:13])([H:14])[H:15])[H:17],6.0,1.0
0,-0.5548400254476638,AM1BCC,OpenEye,,,O,,1,[H:16][C:7]1([C:6]([C:5]([C:4]([C:9]([C:8]1([H:18])[H:19])([H:20])[H:21])([H:11])[C:2](=[O:1])[O:3][H:10])([H:12])[H:13])([H:14])[H:15])[H:17],6.0,2.0
1,0.6353899864923387,AM1BCC,OpenEye,,,C,,2,[H:16][C:7]1([C:6]([C:5]([C:4]([C:9]([C:8]1([H:18])[H:19])([H:20])[H:21])([H:11])[C:2](=[O:1])[O:3][H:10])([H:12])[H:13])([H:14])[H:15])[H:17],6.0,2.0
2,-0.6024100156057448,AM1BCC,OpenEye,,,O,,3,[H:16][C:7]1([C:6]([C:5]([C:4]([C:9]([C:8]1([H:18])[H:19])([H:20])[H:21])([H:11])[C:2](=[O:1])[O:3][H:10])([H:12])[H:13])([H:14])[H:15])[H:17],6.0,2.0
3,-0.10077999993449166,AM1BCC,OpenEye,,,C,,4,[H:16][C:7]1([C:6]([C:5]([C:4]([C:9]([C:8]1([H:18])[H:19])([H:20])[H:21])([H:11])[C:2](=[O:1])[O:3][H:10])([H:12])[H:13])([H:14])[H:15])[H:17],6.0,2.0
4,-0.07342999889737084,AM1BCC,OpenEye,,,C,,5,[H:16][C:7]1([C:6]([C:5]([C:4]([C:9]([C:8]1([H:18])[H:19])([H:20])[H:21])([H:11])[C:2](=[O:1])[O:3][H:10])([H:12])[H:13])([H:14])[H:15])[H:17],6.0,2.0
5,-0.07619999810343697,AM1BCC,OpenEye,,,C,,6,[H:16][C:7]1([C:6]([C:5]([C:4]([C:9]([C:8]1([H:18])[H:19])([H:20])[H:21])([H:11])[C:2](=[O:1])[O:3][H:10])([H:12])[H:13])([H:14])[H:15])[H:17],6.0,2.0
6,-0.0836999984014602,AM1BCC,OpenEye,,,C,,7,[H:16][C:7]1([C:6]([C:5]([C:4]([C:9]([C:8]1([H:18])[H:19])([H:20])[H:21])([H:11])[C:2](=[O:1])[O:3][H:10])([H:12])[H:13])([H:14])[H:15])[H:17],6.0,2.0
7,-0.07619999810343697,AM1BCC,OpenEye,,,C,,8,[H:16][C:7]1([C:6]([C:5]([C:4]([C:9]([C:8]1([H:18])[H:19])([H:20])[H:21])([H:11])[C:2](=[O:1])[O:3][H:10])([H:12])[H:13])([H:14])[H:15])[H:17],6.0,2.0
8,-0.07342999889737084,AM1BCC,OpenEye,,,C,,9,[H:16][C:7]1([C:6]([C:5]([C:4]([C:9]([C:8]1([H:18])[H:19])([H:20])[H:21])([H:11])[C:2](=[O:1])[O:3][H:10])([H:12])[H:13])([H:14])[H:15])[H:17],6.0,2.0
9,0.4429700104963212,AM1BCC,OpenEye,,,H,,10,[H:16][C:7]1([C:6]([C:5]([C:4]([C:9]([C:8]1([H:18])[H:19])([H:20])[H:21])([H:11])[C:2](=[O:1])[O:3][H:10])([H:12])[H:13])([H:14])[H:15])[H:17],6.0,2.0
10,0.0769300042163758,AM1BCC,OpenEye,,,H,,11,[H:16][C:7]1([C:6]([C:5]([C:4]([C:9]([C:8]1([H:18])[H:19])([H:20])[H:21])([H:11])[C:2](=[O:1])[O:3][H:10])([H:12])[H:13])([H:14])[H:15])[H:17],6.0,2.0
11,0.05507000447029159,AM1BCC,OpenEye,,,H,,12,[H:16][C:7]1([C:6]([C:5]([C:4]([C:9]([C:8]1([H:18])[H:19])([H:20])[H:21])([H:11])[C:2](=[O:1])[O:3][H:10])([H:12])[H:13])([H:14])[H:15])[H:17],6.0,2.0
12,0.05507000447029159,AM1BCC,OpenEye,,,H,,13,[H:16][C:7]1([C:6]([C:5]([C:4]([C:9]([C:8]1([H:18])[H:19])([H:20])[H:21])([H:11])[C:2](=[O:1])[O:3][H:10])([H:12])[H:13])([H:14])[H:15])[H:17],6.0,2.0
13,0.04169000223988578,AM1BCC,OpenEye,,,H,,14,[H:16][C:7]1([C:6]([C:5]([C:4]([C:9]([C:8]1([H:18])[H:19])([H:20])[H:21])([H:11])[C:2](=[O:1])[O:3][H:10])([H:12])[H:13])([H:14])[H:15])[H:17],6.0,2.0
14,0.04169000223988578,AM1BCC,OpenEye,,,H,,15,[H:16][C:7]1([C:6]([C:5]([C:4]([C:9]([C:8]1([H:18])[H:19])([H:20])[H:21])([H:11])[C:2](=[O:1])[O:3][H:10])([H:12])[H:13])([H:14])[H:15])[H:17],6.0,2.0
15,0.0493300026726155,AM1BCC,OpenEye,,,H,,16,[H:16][C:7]1([C:6]([C:5]([C:4]([C:9]([C:8]1([H:18])[H:19])([H:20])[H:21])([H:11])[C:2](=[O:1])[O:3][H:10])([H:12])[H:13])([H:14])[H:15])[H:17],6.0,2.0
16,0.0493300026726155,AM1BCC,OpenEye,,,H,,17,[H:16][C:7]1([C:6]([C:5]([C:4]([C:9]([C:8]1([H:18])[H:19])([H:20])[H:21])([H:11])[C:2](=[O:1])[O:3][H:10])([H:12])[H:13])([H:14])[H:15])[H:17],6.0,2.0
17,0.04169000223988578,AM1BCC,OpenEye,,,H,,18,[H:16][C:7]1([C:6]([C:5]([C:4]([C:9]([C:8]1([H:18])[H:19])([H:20])[H:21])([H:11])[C:2](=[O:1])[O:3][H:10])([H:12])[H:13])([H:14])[H:15])[H:17],6.0,2.0
18,0.04169000223988578,AM1BCC,OpenEye,,,H,,19,[H:16][C:7]1([C:6]([C:5]([C:4]([C:9]([C:8]1([H:18])[H:19])([H:20])[H:21])([H:11])[C:2](=[O:1])[O:3][H:10])([H:12])[H:13])([H:14])[H:15])[H:17],6.0,2.0
19,0.05507000447029159,AM1BCC,OpenEye,,,H,,20,[H:16][C:7]1([C:6]([C:5]([C:4]([C:9]([C:8]1([H:18])[H:19])([H:20])[H:21])([H:11])[C:2](=[O:1])[O:3][H:10])([H:12])[H:13])([H:14])[H:15])[H:17],6.0,2.0
20,0.05507000447029159,AM1BCC,OpenEye,,,H,,21,[H:16][C:7]1([C:6]([C:5]([C:4]([C:9]([C:8]1([H:18])[H:19])([H:20])[H:21])([H:11])[C:2](=[O:1])[O:3][H:10])([H:12])[H:13])([H:14])[H:15])[H:17],6.0,2.0
0,-0.551,AM1BCC,AmberTools,,,O,,1,[H:16][C:7]1([C:6]([C:5]([C:4]([C:9]([C:8]1([H:18])[H:19])([H:20])[H:21])([H:11])[C:2](=[O:1])[O:3][H:10])([H:12])[H:13])([H:14])[H:15])[H:17],6.0,2.0
1,0.6361,AM1BCC,AmberTools,,,C,,2,[H:16][C:7]1([C:6]([C:5]([C:4]([C:9]([C:8]1([H:18])[H:19])([H:20])[H:21])([H:11])[C:2](=[O:1])[O:3][H:10])([H:12])[H:13])([H:14])[H:15])[H:17],6.0,2.0
2,-0.6111,AM1BCC,AmberTools,,,O,,3,[H:16][C:7]1([C:6]([C:5]([C:4]([C:9]([C:8]1([H:18])[H:19])([H:20])[H:21])([H:11])[C:2](=[O:1])[O:3][H:10])([H:12])[H:13])([H:14])[H:15])[H:17],6.0,2.0
3,-0.1037,AM1BCC,AmberTools,,,C,,4,[H:16][C:7]1([C:6]([C:5]([C:4]([C:9]([C:8]1([H:18])[H:19])([H:20])[H:21])([H:11])[C:2](=[O:1])[O:3][H:10])([H:12])[H:13])([H:14])[H:15])[H:17],6.0,2.0
4,-0.0719,AM1BCC,AmberTools,,,C,,5,[H:16][C:7]1([C:6]([C:5]([C:4]([C:9]([C:8]1([H:18])[H:19])([H:20])[H:21])([H:11])[C:2](=[O:1])[O:3][H:10])([H:12])[H:13])([H:14])[H:15])[H:17],6.0,2.0
5,-0.0784,AM1BCC,AmberTools,,,C,,6,[H:16][C:7]1([C:6]([C:5]([C:4]([C:9]([C:8]1([H:18])[H:19])([H:20])[H:21])([H:11])[C:2](=[O:1])[O:3][H:10])([H:12])[H:13])([H:14])[H:15])[H:17],6.0,2.0
6,-0.0774,AM1BCC,AmberTools,,,C,,7,[H:16][C:7]1([C:6]([C:5]([C:4]([C:9]([C:8]1([H:18])[H:19])([H:20])[H:21])([H:11])[C:2](=[O:1])[O:3][H:10])([H:12])[H:13])([H:14])[H:15])[H:17],6.0,2.0
7,-0.0784,AM1BCC,AmberTools,,,C,,8,[H:16][C:7]1([C:6]([C:5]([C:4]([C:9]([C:8]1([H:18])[H:19])([H:20])[H:21])([H:11])[C:2](=[O:1])[O:3][H:10])([H:12])[H:13])([H:14])[H:15])[H:17],6.0,2.0
8,-0.0719,AM1BCC,AmberTools,,,C,,9,[H:16][C:7]1([C:6]([C:5]([C:4]([C:9]([C:8]1([H:18])[H:19])([H:20])[H:21])([H:11])[C:2](=[O:1])[O:3][H:10])([H:12])[H:13])([H:14])[H:15])[H:17],6.0,2.0
9,0.442,AM1BCC,AmberTools,,,H,,10,[H:16][C:7]1([C:6]([C:5]([C:4]([C:9]([C:8]1([H:18])[H:19])([H:20])[H:21])([H:11])[C:2](=[O:1])[O:3][H:10])([H:12])[H:13])([H:14])[H:15])[H:17],6.0,2.0
10,0.0807,AM1BCC,AmberTools,,,H,,11,[H:16][C:7]1([C:6]([C:5]([C:4]([C:9]([C:8]1([H:18])[H:19])([H:20])[H:21])([H:11])[C:2](=[O:1])[O:3][H:10])([H:12])[H:13])([H:14])[H:15])[H:17],6.0,2.0
11,0.05445,AM1BCC,AmberTools,,,H,,12,[H:16][C:7]1([C:6]([C:5]([C:4]([C:9]([C:8]1([H:18])[H:19])([H:20])[H:21])([H:11])[C:2](=[O:1])[O:3][H:10])([H:12])[H:13])([H:14])[H:15])[H:17],6.0,2.0
12,0.05445,AM1BCC,AmberTools,,,H,,13,[H:16][C:7]1([C:6]([C:5]([C:4]([C:9]([C:8]1([H:18])[H:19])([H:20])[H:21])([H:11])[C:2](=[O:1])[O:3][H:10])([H:12])[H:13])([H:14])[H:15])[H:17],6.0,2.0
13,0.0462,AM1BCC,AmberTools,,,H,,14,[H:16][C:7]1([C:6]([C:5]([C:4]([C:9]([C:8]1([H:18])[H:19])([H:20])[H:21])([H:11])[C:2](=[O:1])[O:3][H:10])([H:12])[H:13])([H:14])[H:15])[H:17],6.0,2.0
14,0.0462,AM1BCC,AmberTools,,,H,,15,[H:16][C:7]1([C:6]([C:5]([C:4]([C:9]([C:8]1([H:18])[H:19])([H:20])[H:21])([H:11])[C:2](=[O:1])[O:3][H:10])([H:12])[H:13])([H:14])[H:15])[H:17],6.0,2.0
15,0.0412,AM1BCC,AmberTools,,,H,,16,[H:16][C:7]1([C:6]([C:5]([C:4]([C:9]([C:8]1([H:18])[H:19])([H:20])[H:21])([H:11])[C:2](=[O:1])[O:3][H:10])([H:12])[H:13])([H:14])[H:15])[H:17],6.0,2.0
16,0.0412,AM1BCC,AmberTools,,,H,,17,[H:16][C:7]1([C:6]([C:5]([C:4]([C:9]([C:8]1([H:18])[H:19])([H:20])[H:21])([H:11])[C:2](=[O:1])[O:3][H:10])([H:12])[H:13])([H:14])[H:15])[H:17],6.0,2.0
17,0.0462,AM1BCC,AmberTools,,,H,,18,[H:16][C:7]1([C:6]([C:5]([C:4]([C:9]([C:8]1([H:18])[H:19])([H:20])[H:21])([H:11])[C:2](=[O:1])[O:3][H:10])([H:12])[H:13])([H:14])[H:15])[H:17],6.0,2.0
18,0.0462,AM1BCC,AmberTools,,,H,,19,[H:16][C:7]1([C:6]([C:5]([C:4]([C:9]([C:8]1([H:18])[H:19])([H:20])[H:21])([H:11])[C:2](=[O:1])[O:3][H:10])([H:12])[H:13])([H:14])[H:15])[H:17],6.0,2.0
19,0.05445,AM1BCC,AmberTools,,,H,,20,[H:16][C:7]1([C:6]([C:5]([C:4]([C:9]([C:8]1([H:18])[H:19])([H:20])[H:21])([H:11])[C:2](=[O:1])[O:3][H:10])([H:12])[H:13])([H:14])[H:15])[H:17],6.0,2.0
20,0.05445,AM1BCC,AmberTools,,,H,,21,[H:16][C:7]1([C:6]([C:5]([C:4]([C:9]([C:8]1([H:18])[H:19])([H:20])[H:21])([H:11])[C:2](=[O:1])[O:3][H:10])([H:12])[H:13])([H:14])[H:15])[H:17],6.0,2.0
0,-0.5548400254476638,AM1BCC,OpenEye,,,O,,1,[H:16][C:7]1([C:6]([C:5]([C:4]([C:9]([C:8]1([H:18])[H:19])([H:20])[H:21])([H:11])[C:2](=[O:1])[O:3][H:10])([H:12])[H:13])([H:14])[H:15])[H:17],6.0,3.0
1,0.6353899864923387,AM1BCC,OpenEye,,,C,,2,[H:16][C:7]1([C:6]([C:5]([C:4]([C:9]([C:8]1([H:18])[H:19])([H:20])[H:21])([H:11])[C:2](=[O:1])[O:3][H:10])([H:12])[H:13])([H:14])[H:15])[H:17],6.0,3.0
2,-0.6024100156057448,AM1BCC,OpenEye,,,O,,3,[H:16][C:7]1([C:6]([C:5]([C:4]([C:9]([C:8]1([H:18])[H:19])([H:20])[H:21])([H:11])[C:2](=[O:1])[O:3][H:10])([H:12])[H:13])([H:14])[H:15])[H:17],6.0,3.0
3,-0.10077999993449166,AM1BCC,OpenEye,,,C,,4,[H:16][C:7]1([C:6]([C:5]([C:4]([C:9]([C:8]1([H:18])[H:19])([H:20])[H:21])([H:11])[C:2](=[O:1])[O:3][H:10])([H:12])[H:13])([H:14])[H:15])[H:17],6.0,3.0
4,-0.07342999889737084,AM1BCC,OpenEye,,,C,,5,[H:16][C:7]1([C:6]([C:5]([C:4]([C:9]([C:8]1([H:18])[H:19])([H:20])[H:21])([H:11])[C:2](=[O:1])[O:3][H:10])([H:12])[H:13])([H:14])[H:15])[H:17],6.0,3.0
5,-0.07619999810343697,AM1BCC,OpenEye,,,C,,6,[H:16][C:7]1([C:6]([C:5]([C:4]([C:9]([C:8]1([H:18])[H:19])([H:20])[H:21])([H:11])[C:2](=[O:1])[O:3][H:10])([H:12])[H:13])([H:14])[H:15])[H:17],6.0,3.0
6,-0.0836999984014602,AM1BCC,OpenEye,,,C,,7,[H:16][C:7]1([C:6]([C:5]([C:4]([C:9]([C:8]1([H:18])[H:19])([H:20])[H:21])([H:11])[C:2](=[O:1])[O:3][H:10])([H:12])[H:13])([H:14])[H:15])[H:17],6.0,3.0
7,-0.07619999810343697,AM1BCC,OpenEye,,,C,,8,[H:16][C:7]1([C:6]([C:5]([C:4]([C:9]([C:8]1([H:18])[H:19])([H:20])[H:21])([H:11])[C:2](=[O:1])[O:3][H:10])([H:12])[H:13])([H:14])[H:15])[H:17],6.0,3.0
8,-0.07342999889737084,AM1BCC,OpenEye,,,C,,9,[H:16][C:7]1([C:6]([C:5]([C:4]([C:9]([C:8]1([H:18])[H:19])([H:20])[H:21])([H:11])[C:2](=[O:1])[O:3][H:10])([H:12])[H:13])([H:14])[H:15])[H:17],6.0,3.0
9,0.4429700104963212,AM1BCC,OpenEye,,,H,,10,[H:16][C:7]1([C:6]([C:5]([C:4]([C:9]([C:8]1([H:18])[H:19])([H:20])[H:21])([H:11])[C:2](=[O:1])[O:3][H:10])([H:12])[H:13])([H:14])[H:15])[H:17],6.0,3.0
10,0.0769300042163758,AM1BCC,OpenEye,,,H,,11,[H:16][C:7]1([C:6]([C:5]([C:4]([C:9]([C:8]1([H:18])[H:19])([H:20])[H:21])([H:11])[C:2](=[O:1])[O:3][H:10])([H:12])[H:13])([H:14])[H:15])[H:17],6.0,3.0
11,0.05507000447029159,AM1BCC,OpenEye,,,H,,12,[H:16][C:7]1([C:6]([C:5]([C:4]([C:9]([C:8]1([H:18])[H:19])([H:20])[H:21])([H:11])[C:2](=[O:1])[O:3][H:10])([H:12])[H:13])([H:14])[H:15])[H:17],6.0,3.0
12,0.05507000447029159,AM1BCC,OpenEye,,,H,,13,[H:16][C:7]1([C:6]([C:5]([C:4]([C:9]([C:8]1([H:18])[H:19])([H:20])[H:21])([H:11])[C:2](=[O:1])[O:3][H:10])([H:12])[H:13])([H:14])[H:15])[H:17],6.0,3.0
13,0.04169000223988578,AM1BCC,OpenEye,,,H,,14,[H:16][C:7]1([C:6]([C:5]([C:4]([C:9]([C:8]1([H:18])[H:19])([H:20])[H:21])([H:11])[C:2](=[O:1])[O:3][H:10])([H:12])[H:13])([H:14])[H:15])[H:17],6.0,3.0
14,0.04169000223988578,AM1BCC,OpenEye,,,H,,15,[H:16][C:7]1([C:6]([C:5]([C:4]([C:9]([C:8]1([H:18])[H:19])([H:20])[H:21])([H:11])[C:2](=[O:1])[O:3][H:10])([H:12])[H:13])([H:14])[H:15])[H:17],6.0,3.0
15,0.0493300026726155,AM1BCC,OpenEye,,,H,,16,[H:16][C:7]1([C:6]([C:5]([C:4]([C:9]([C:8]1([H:18])[H:19])([H:20])[H:21])([H:11])[C:2](=[O:1])[O:3][H:10])([H:12])[H:13])([H:14])[H:15])[H:17],6.0,3.0
16,0.0493300026726155,AM1BCC,OpenEye,,,H,,17,[H:16][C:7]1([C:6]([C:5]([C:4]([C:9]([C:8]1([H:18])[H:19])([H:20])[H:21])([H:11])[C:2](=[O:1])[O:3][H:10])([H:12])[H:13])([H:14])[H:15])[H:17],6.0,3.0
17,0.04169000223988578,AM1BCC,OpenEye,,,H,,18,[H:16][C:7]1([C:6]([C:5]([C:4]([C:9]([C:8]1([H:18])[H:19])([H:20])[H:21])([H:11])[C:2](=[O:1])[O:3][H:10])([H:12])[H:13])([H:14])[H:15])[H:17],6.0,3.0
18,0.04169000223988578,AM1BCC,OpenEye,,,H,,19,[H:16][C:7]1([C:6]([C:5]([C:4]([C:9]([C:8]1([H:18])[H:19])([H:20])[H:21])([H:11])[C:2](=[O:1])[O:3][H:10])([H:12])[H:13])([H:14])[H:15])[H:17],6.0,3.0
19,0.05507000447029159,AM1BCC,OpenEye,,,H,,20,[H:16][C:7]1([C:6]([C:5]([C:4]([C:9]([C:8]1([H:18])[H:19])([H:20])[H:21])([H:11])[C:2](=[O:1])[O:3][H:10])([H:12])[H:13])([H:14])[H:15])[H:17],6.0,3.0
20,0.05507000447029159,AM1BCC,OpenEye,,,H,,21,[H:16][C:7]1([C:6]([C:5]([C:4]([C:9]([C:8]1([H:18])[H:19])([H:20])[H:21])([H:11])[C:2](=[O:1])[O:3][H:10])([H:12])[H:13])([H:14])[H:15])[H:17],6.0,3.0
0,-0.551,AM1BCC,AmberTools,,,O,,1,[H:16][C:7]1([C:6]([C:5]([C:4]([C:9]([C:8]1([H:18])[H:19])([H:20])[H:21])([H:11])[C:2](=[O:1])[O:3][H:10])([H:12])[H:13])([H:14])[H:15])[H:17],6.0,3.0
1,0.6361,AM1BCC,AmberTools,,,C,,2,[H:16][C:7]1([C:6]([C:5]([C:4]([C:9]([C:8]1([H:18])[H:19])([H:20])[H:21])([H:11])[C:2](=[O:1])[O:3][H:10])([H:12])[H:13])([H:14])[H:15])[H:17],6.0,3.0
2,-0.6111,AM1BCC,AmberTools,,,O,,3,[H:16][C:7]1([C:6]([C:5]([C:4]([C:9]([C:8]1([H:18])[H:19])([H:20])[H:21])([H:11])[C:2](=[O:1])[O:3][H:10])([H:12])[H:13])([H:14])[H:15])[H:17],6.0,3.0
3,-0.1037,AM1BCC,AmberTools,,,C,,4,[H:16][C:7]1([C:6]([C:5]([C:4]([C:9]([C:8]1([H:18])[H:19])([H:20])[H:21])([H:11])[C:2](=[O:1])[O:3][H:10])([H:12])[H:13])([H:14])[H:15])[H:17],6.0,3.0
4,-0.0719,AM1BCC,AmberTools,,,C,,5,[H:16][C:7]1([C:6]([C:5]([C:4]([C:9]([C:8]1([H:18])[H:19])([H:20])[H:21])([H:11])[C:2](=[O:1])[O:3][H:10])([H:12])[H:13])([H:14])[H:15])[H:17],6.0,3.0
5,-0.0784,AM1BCC,AmberTools,,,C,,6,[H:16][C:7]1([C:6]([C:5]([C:4]([C:9]([C:8]1([H:18])[H:19])([H:20])[H:21])([H:11])[C:2](=[O:1])[O:3][H:10])([H:12])[H:13])([H:14])[H:15])[H:17],6.0,3.0
6,-0.0774,AM1BCC,AmberTools,,,C,,7,[H:16][C:7]1([C:6]([C:5]([C:4]([C:9]([C:8]1([H:18])[H:19])([H:20])[H:21])([H:11])[C:2](=[O:1])[O:3][H:10])([H:12])[H:13])([H:14])[H:15])[H:17],6.0,3.0
7,-0.0784,AM1BCC,AmberTools,,,C,,8,[H:16][C:7]1([C:6]([C:5]([C:4]([C:9]([C:8]1([H:18])[H:19])([H:20])[H:21])([H:11])[C:2](=[O:1])[O:3][H:10])([H:12])[H:13])([H:14])[H:15])[H:17],6.0,3.0
8,-0.0719,AM1BCC,AmberTools,,,C,,9,[H:16][C:7]1([C:6]([C:5]([C:4]([C:9]([C:8]1([H:18])[H:19])([H:20])[H:21])([H:11])[C:2](=[O:1])[O:3][H:10])([H:12])[H:13])([H:14])[H:15])[H:17],6.0,3.0
9,0.442,AM1BCC,AmberTools,,,H,,10,[H:16][C:7]1([C:6]([C:5]([C:4]([C:9]([C:8]1([H:18])[H:19])([H:20])[H:21])([H:11])[C:2](=[O:1])[O:3][H:10])([H:12])[H:13])([H:14])[H:15])[H:17],6.0,3.0
10,0.0807,AM1BCC,AmberTools,,,H,,11,[H:16][C:7]1([C:6]([C:5]([C:4]([C:9]([C:8]1([H:18])[H:19])([H:20])[H:21])([H:11])[C:2](=[O:1])[O:3][H:10])([H:12])[H:13])([H:14])[H:15])[H:17],6.0,3.0
11,0.05445,AM1BCC,AmberTools,,,H,,12,[H:16][C:7]1([C:6]([C:5]([C:4]([C:9]([C:8]1([H:18])[H:19])([H:20])[H:21])([H:11])[C:2](=[O:1])[O:3][H:10])([H:12])[H:13])([H:14])[H:15])[H:17],6.0,3.0
12,0.05445,AM1BCC,AmberTools,,,H,,13,[H:16][C:7]1([C:6]([C:5]([C:4]([C:9]([C:8]1([H:18])[H:19])([H:20])[H:21])([H:11])[C:2](=[O:1])[O:3][H:10])([H:12])[H:13])([H:14])[H:15])[H:17],6.0,3.0
13,0.0462,AM1BCC,AmberTools,,,H,,14,[H:16][C:7]1([C:6]([C:5]([C:4]([C:9]([C:8]1([H:18])[H:19])([H:20])[H:21])([H:11])[C:2](=[O:1])[O:3][H:10])([H:12])[H:13])([H:14])[H:15])[H:17],6.0,3.0
14,0.0462,AM1BCC,AmberTools,,,H,,15,[H:16][C:7]1([C:6]([C:5]([C:4]([C:9]([C:8]1([H:18])[H:19])([H:20])[H:21])([H:11])[C:2](=[O:1])[O:3][H:10])([H:12])[H:13])([H:14])[H:15])[H:17],6.0,3.0
15,0.0412,AM1BCC,AmberTools,,,H,,16,[H:16][C:7]1([C:6]([C:5]([C:4]([C:9]([C:8]1([H:18])[H:19])([H:20])[H:21])([H:11])[C:2](=[O:1])[O:3][H:10])([H:12])[H:13])([H:14])[H:15])[H:17],6.0,3.0
16,0.0412,AM1BCC,AmberTools,,,H,,17,[H:16][C:7]1([C:6]([C:5]([C:4]([C:9]([C:8]1([H:18])[H:19])([H:20])[H:21])([H:11])[C:2](=[O:1])[O:3][H:10])([H:12])[H:13])([H:14])[H:15])[H:17],6.0,3.0
17,0.0462,AM1BCC,AmberTools,,,H,,18,[H:16][C:7]1([C:6]([C:5]([C:4]([C:9]([C:8]1([H:18])[H:19])([H:20])[H:21])([H:11])[C:2](=[O:1])[O:3][H:10])([H:12])[H:13])([H:14])[H:15])[H:17],6.0,3.0
18,0.0462,AM1BCC,AmberTools,,,H,,19,[H:16][C:7]1([C:6]([C:5]([C:4]([C:9]([C:8]1([H:18])[H:19])([H:20])[H:21])([H:11])[C:2](=[O:1])[O:3][H:10])([H:12])[H:13])([H:14])[H:15])[H:17],6.0,3.0
19,0.05445,AM1BCC,AmberTools,,,H,,20,[H:16][C:7]1([C:6]([C:5]([C:4]([C:9]([C:8]1([H:18])[H:19])([H:20])[H:21])([H:11])[C:2](=[O:1])[O:3][H:10])([H:12])[H:13])([H:14])[H:15])[H:17],6.0,3.0
20,0.05445,AM1BCC,AmberTools,,,H,,21,[H:16][C:7]1([C:6]([C:5]([C:4]([C:9]([C:8]1([H:18])[H:19])([H:20])[H:21])([H:11])[C:2](=[O:1])[O:3][H:10])([H:12])[H:13])([H:14])[H:15])[H:17],6.0,3.0
0,-0.5548400254476638,AM1BCC,OpenEye,,,O,,1,[H:16][C:7]1([C:6]([C:5]([C:4]([C:9]([C:8]1([H:18])[H:19])([H:20])[H:21])([H:11])[C:2](=[O:1])[O:3][H:10])([H:12])[H:13])([H:14])[H:15])[H:17],6.0,4.0
1,0.6353899864923387,AM1BCC,OpenEye,,,C,,2,[H:16][C:7]1([C:6]([C:5]([C:4]([C:9]([C:8]1([H:18])[H:19])([H:20])[H:21])([H:11])[C:2](=[O:1])[O:3][H:10])([H:12])[H:13])([H:14])[H:15])[H:17],6.0,4.0
2,-0.6024100156057448,AM1BCC,OpenEye,,,O,,3,[H:16][C:7]1([C:6]([C:5]([C:4]([C:9]([C:8]1([H:18])[H:19])([H:20])[H:21])([H:11])[C:2](=[O:1])[O:3][H:10])([H:12])[H:13])([H:14])[H:15])[H:17],6.0,4.0
3,-0.10077999993449166,AM1BCC,OpenEye,,,C,,4,[H:16][C:7]1([C:6]([C:5]([C:4]([C:9]([C:8]1([H:18])[H:19])([H:20])[H:21])([H:11])[C:2](=[O:1])[O:3][H:10])([H:12])[H:13])([H:14])[H:15])[H:17],6.0,4.0
4,-0.07342999889737084,AM1BCC,OpenEye,,,C,,5,[H:16][C:7]1([C:6]([C:5]([C:4]([C:9]([C:8]1([H:18])[H:19])([H:20])[H:21])([H:11])[C:2](=[O:1])[O:3][H:10])([H:12])[H:13])([H:14])[H:15])[H:17],6.0,4.0
5,-0.07619999810343697,AM1BCC,OpenEye,,,C,,6,[H:16][C:7]1([C:6]([C:5]([C:4]([C:9]([C:8]1([H:18])[H:19])([H:20])[H:21])([H:11])[C:2](=[O:1])[O:3][H:10])([H:12])[H:13])([H:14])[H:15])[H:17],6.0,4.0
6,-0.0836999984014602,AM1BCC,OpenEye,,,C,,7,[H:16][C:7]1([C:6]([C:5]([C:4]([C:9]([C:8]1([H:18])[H:19])([H:20])[H:21])([H:11])[C:2](=[O:1])[O:3][H:10])([H:12])[H:13])([H:14])[H:15])[H:17],6.0,4.0
7,-0.07619999810343697,AM1BCC,OpenEye,,,C,,8,[H:16][C:7]1([C:6]([C:5]([C:4]([C:9]([C:8]1([H:18])[H:19])([H:20])[H:21])([H:11])[C:2](=[O:1])[O:3][H:10])([H:12])[H:13])([H:14])[H:15])[H:17],6.0,4.0
8,-0.07342999889737084,AM1BCC,OpenEye,,,C,,9,[H:16][C:7]1([C:6]([C:5]([C:4]([C:9]([C:8]1([H:18])[H:19])([H:20])[H:21])([H:11])[C:2](=[O:1])[O:3][H:10])([H:12])[H:13])([H:14])[H:15])[H:17],6.0,4.0
9,0.4429700104963212,AM1BCC,OpenEye,,,H,,10,[H:16][C:7]1([C:6]([C:5]([C:4]([C:9]([C:8]1([H:18])[H:19])([H:20])[H:21])([H:11])[C:2](=[O:1])[O:3][H:10])([H:12])[H:13])([H:14])[H:15])[H:17],6.0,4.0
10,0.0769300042163758,AM1BCC,OpenEye,,,H,,11,[H:16][C:7]1([C:6]([C:5]([C:4]([C:9]([C:8]1([H:18])[H:19])([H:20])[H:21])([H:11])[C:2](=[O:1])[O:3][H:10])([H:12])[H:13])([H:14])[H:15])[H:17],6.0,4.0
11,0.05507000447029159,AM1BCC,OpenEye,,,H,,12,[H:16][C:7]1([C:6]([C:5]([C:4]([C:9]([C:8]1([H:18])[H:19])([H:20])[H:21])([H:11])[C:2](=[O:1])[O:3][H:10])([H:12])[H:13])([H:14])[H:15])[H:17],6.0,4.0
12,0.05507000447029159,AM1BCC,OpenEye,,,H,,13,[H:16][C:7]1([C:6]([C:5]([C:4]([C:9]([C:8]1([H:18])[H:19])([H:20])[H:21])([H:11])[C:2](=[O:1])[O:3][H:10])([H:12])[H:13])([H:14])[H:15])[H:17],6.0,4.0
13,0.04169000223988578,AM1BCC,OpenEye,,,H,,14,[H:16][C:7]1([C:6]([C:5]([C:4]([C:9]([C:8]1([H:18])[H:19])([H:20])[H:21])([H:11])[C:2](=[O:1])[O:3][H:10])([H:12])[H:13])([H:14])[H:15])[H:17],6.0,4.0
14,0.04169000223988578,AM1BCC,OpenEye,,,H,,15,[H:16][C:7]1([C:6]([C:5]([C:4]([C:9]([C:8]1([H:18])[H:19])([H:20])[H:21])([H:11])[C:2](=[O:1])[O:3][H:10])([H:12])[H:13])([H:14])[H:15])[H:17],6.0,4.0
15,0.0493300026726155,AM1BCC,OpenEye,,,H,,16,[H:16][C:7]1([C:6]([C:5]([C:4]([C:9]([C:8]1([H:18])[H:19])([H:20])[H:21])([H:11])[C:2](=[O:1])[O:3][H:10])([H:12])[H:13])([H:14])[H:15])[H:17],6.0,4.0
16,0.0493300026726155,AM1BCC,OpenEye,,,H,,17,[H:16][C:7]1([C:6]([C:5]([C:4]([C:9]([C:8]1([H:18])[H:19])([H:20])[H:21])([H:11])[C:2](=[O:1])[O:3][H:10])([H:12])[H:13])([H:14])[H:15])[H:17],6.0,4.0
17,0.04169000223988578,AM1BCC,OpenEye,,,H,,18,[H:16][C:7]1([C:6]([C:5]([C:4]([C:9]([C:8]1([H:18])[H:19])([H:20])[H:21])([H:11])[C:2](=[O:1])[O:3][H:10])([H:12])[H:13])([H:14])[H:15])[H:17],6.0,4.0
18,0.04169000223988578,AM1BCC,OpenEye,,,H,,19,[H:16][C:7]1([C:6]([C:5]([C:4]([C:9]([C:8]1([H:18])[H:19])([H:20])[H:21])([H:11])[C:2](=[O:1])[O:3][H:10])([H:12])[H:13])([H:14])[H:15])[H:17],6.0,4.0
19,0.05507000447029159,AM1BCC,OpenEye,,,H,,20,[H:16][C:7]1([C:6]([C:5]([C:4]([C:9]([C:8]1([H:18])[H:19])([H:20])[H:21])([H:11])[C:2](=[O:1])[O:3][H:10])([H:12])[H:13])([H:14])[H:15])[H:17],6.0,4.0
20,0.05507000447029159,AM1BCC,OpenEye,,,H,,21,[H:16][C:7]1([C:6]([C:5]([C:4]([C:9]([C:8]1([H:18])[H:19])([H:20])[H:21])([H:11])[C:2](=[O:1])[O:3][H:10])([H:12])[H:13])([H:14])[H:15])[H:17],6.0,4.0
0,-0.551,AM1BCC,AmberTools,,,O,,1,[H:16][C:7]1([C:6]([C:5]([C:4]([C:9]([C:8]1([H:18])[H:19])([H:20])[H:21])([H:11])[C:2](=[O:1])[O:3][H:10])([H:12])[H:13])([H:14])[H:15])[H:17],6.0,4.0
1,0.6361,AM1BCC,AmberTools,,,C,,2,[H:16][C:7]1([C:6]([C:5]([C:4]([C:9]([C:8]1([H:18])[H:19])([H:20])[H:21])([H:11])[C:2](=[O:1])[O:3][H:10])([H:12])[H:13])([H:14])[H:15])[H:17],6.0,4.0
2,-0.6111,AM1BCC,AmberTools,,,O,,3,[H:16][C:7]1([C:6]([C:5]([C:4]([C:9]([C:8]1([H:18])[H:19])([H:20])[H:21])([H:11])[C:2](=[O:1])[O:3][H:10])([H:12])[H:13])([H:14])[H:15])[H:17],6.0,4.0
3,-0.1037,AM1BCC,AmberTools,,,C,,4,[H:16][C:7]1([C:6]([C:5]([C:4]([C:9]([C:8]1([H:18])[H:19])([H:20])[H:21])([H:11])[C:2](=[O:1])[O:3][H:10])([H:12])[H:13])([H:14])[H:15])[H:17],6.0,4.0
4,-0.0719,AM1BCC,AmberTools,,,C,,5,[H:16][C:7]1([C:6]([C:5]([C:4]([C:9]([C:8]1([H:18])[H:19])([H:20])[H:21])([H:11])[C:2](=[O:1])[O:3][H:10])([H:12])[H:13])([H:14])[H:15])[H:17],6.0,4.0
5,-0.0784,AM1BCC,AmberTools,,,C,,6,[H:16][C:7]1([C:6]([C:5]([C:4]([C:9]([C:8]1([H:18])[H:19])([H:20])[H:21])([H:11])[C:2](=[O:1])[O:3][H:10])([H:12])[H:13])([H:14])[H:15])[H:17],6.0,4.0
6,-0.0774,AM1BCC,AmberTools,,,C,,7,[H:16][C:7]1([C:6]([C:5]([C:4]([C:9]([C:8]1([H:18])[H:19])([H:20])[H:21])([H:11])[C:2](=[O:1])[O:3][H:10])([H:12])[H:13])([H:14])[H:15])[H:17],6.0,4.0
7,-0.0784,AM1BCC,AmberTools,,,C,,8,[H:16][C:7]1([C:6]([C:5]([C:4]([C:9]([C:8]1([H:18])[H:19])([H:20])[H:21])([H:11])[C:2](=[O:1])[O:3][H:10])([H:12])[H:13])([H:14])[H:15])[H:17],6.0,4.0
8,-0.0719,AM1BCC,AmberTools,,,C,,9,[H:16][C:7]1([C:6]([C:5]([C:4]([C:9]([C:8]1([H:18])[H:19])([H:20])[H:21])([H:11])[C:2](=[O:1])[O:3][H:10])([H:12])[H:13])([H:14])[H:15])[H:17],6.0,4.0
9,0.442,AM1BCC,AmberTools,,,H,,10,[H:16][C:7]1([C:6]([C:5]([C:4]([C:9]([C:8]1([H:18])[H:19])([H:20])[H:21])([H:11])[C:2](=[O:1])[O:3][H:10])([H:12])[H:13])([H:14])[H:15])[H:17],6.0,4.0
10,0.0807,AM1BCC,AmberTools,,,H,,11,[H:16][C:7]1([C:6]([C:5]([C:4]([C:9]([C:8]1([H:18])[H:19])([H:20])[H:21])([H:11])[C:2](=[O:1])[O:3][H:10])([H:12])[H:13])([H:14])[H:15])[H:17],6.0,4.0
11,0.05445,AM1BCC,AmberTools,,,H,,12,[H:16][C:7]1([C:6]([C:5]([C:4]([C:9]([C:8]1([H:18])[H:19])([H:20])[H:21])([H:11])[C:2](=[O:1])[O:3][H:10])([H:12])[H:13])([H:14])[H:15])[H:17],6.0,4.0
12,0.05445,AM1BCC,AmberTools,,,H,,13,[H:16][C:7]1([C:6]([C:5]([C:4]([C:9]([C:8]1([H:18])[H:19])([H:20])[H:21])([H:11])[C:2](=[O:1])[O:3][H:10])([H:12])[H:13])([H:14])[H:15])[H:17],6.0,4.0
13,0.0462,AM1BCC,AmberTools,,,H,,14,[H:16][C:7]1([C:6]([C:5]([C:4]([C:9]([C:8]1([H:18])[H:19])([H:20])[H:21])([H:11])[C:2](=[O:1])[O:3][H:10])([H:12])[H:13])([H:14])[H:15])[H:17],6.0,4.0
14,0.0462,AM1BCC,AmberTools,,,H,,15,[H:16][C:7]1([C:6]([C:5]([C:4]([C:9]([C:8]1([H:18])[H:19])([H:20])[H:21])([H:11])[C:2](=[O:1])[O:3][H:10])([H:12])[H:13])([H:14])[H:15])[H:17],6.0,4.0
15,0.0412,AM1BCC,AmberTools,,,H,,16,[H:16][C:7]1([C:6]([C:5]([C:4]([C:9]([C:8]1([H:18])[H:19])([H:20])[H:21])([H:11])[C:2](=[O:1])[O:3][H:10])([H:12])[H:13])([H:14])[H:15])[H:17],6.0,4.0
16,0.0412,AM1BCC,AmberTools,,,H,,17,[H:16][C:7]1([C:6]([C:5]([C:4]([C:9]([C:8]1([H:18])[H:19])([H:20])[H:21])([H:11])[C:2](=[O:1])[O:3][H:10])([H:12])[H:13])([H:14])[H:15])[H:17],6.0,4.0
17,0.0462,AM1BCC,AmberTools,,,H,,18,[H:16][C:7]1([C:6]([C:5]([C:4]([C:9]([C:8]1([H:18])[H:19])([H:20])[H:21])([H:11])[C:2](=[O:1])[O:3][H:10])([H:12])[H:13])([H:14])[H:15])[H:17],6.0,4.0
18,0.0462,AM1BCC,AmberTools,,,H,,19,[H:16][C:7]1([C:6]([C:5]([C:4]([C:9]([C:8]1([H:18])[H:19])([H:20])[H:21])([H:11])[C:2](=[O:1])[O:3][H:10])([H:12])[H:13])([H:14])[H:15])[H:17],6.0,4.0
19,0.05445,AM1BCC,AmberTools,,,H,,20,[H:16][C:7]1([C:6]([C:5]([C:4]([C:9]([C:8]1([H:18])[H:19])([H:20])[H:21])([H:11])[C:2](=[O:1])[O:3][H:10])([H:12])[H:13])([H:14])[H:15])[H:17],6.0,4.0
20,0.05445,AM1BCC,AmberTools,,,H,,21,[H:16][C:7]1([C:6]([C:5]([C:4]([C:9]([C:8]1([H:18])[H:19])([H:20])[H:21])([H:11])[C:2](=[O:1])[O:3][H:10])([H:12])[H:13])([H:14])[H:15])[H:17],6.0,4.0
0,-0.5548400254476638,AM1BCC,OpenEye,,,O,,1,[H:16][C:7]1([C:6]([C:5]([C:4]([C:9]([C:8]1([H:18])[H:19])([H:20])[H:21])([H:11])[C:2](=[O:1])[O:3][H:10])([H:12])[H:13])([H:14])[H:15])[H:17],6.0,5.0
1,0.6353899864923387,AM1BCC,OpenEye,,,C,,2,[H:16][C:7]1([C:6]([C:5]([C:4]([C:9]([C:8]1([H:18])[H:19])([H:20])[H:21])([H:11])[C:2](=[O:1])[O:3][H:10])([H:12])[H:13])([H:14])[H:15])[H:17],6.0,5.0
2,-0.6024100156057448,AM1BCC,OpenEye,,,O,,3,[H:16][C:7]1([C:6]([C:5]([C:4]([C:9]([C:8]1([H:18])[H:19])([H:20])[H:21])([H:11])[C:2](=[O:1])[O:3][H:10])([H:12])[H:13])([H:14])[H:15])[H:17],6.0,5.0
3,-0.10077999993449166,AM1BCC,OpenEye,,,C,,4,[H:16][C:7]1([C:6]([C:5]([C:4]([C:9]([C:8]1([H:18])[H:19])([H:20])[H:21])([H:11])[C:2](=[O:1])[O:3][H:10])([H:12])[H:13])([H:14])[H:15])[H:17],6.0,5.0
4,-0.07342999889737084,AM1BCC,OpenEye,,,C,,5,[H:16][C:7]1([C:6]([C:5]([C:4]([C:9]([C:8]1([H:18])[H:19])([H:20])[H:21])([H:11])[C:2](=[O:1])[O:3][H:10])([H:12])[H:13])([H:14])[H:15])[H:17],6.0,5.0
5,-0.07619999810343697,AM1BCC,OpenEye,,,C,,6,[H:16][C:7]1([C:6]([C:5]([C:4]([C:9]([C:8]1([H:18])[H:19])([H:20])[H:21])([H:11])[C:2](=[O:1])[O:3][H:10])([H:12])[H:13])([H:14])[H:15])[H:17],6.0,5.0
6,-0.0836999984014602,AM1BCC,OpenEye,,,C,,7,[H:16][C:7]1([C:6]([C:5]([C:4]([C:9]([C:8]1([H:18])[H:19])([H:20])[H:21])([H:11])[C:2](=[O:1])[O:3][H:10])([H:12])[H:13])([H:14])[H:15])[H:17],6.0,5.0
7,-0.07619999810343697,AM1BCC,OpenEye,,,C,,8,[H:16][C:7]1([C:6]([C:5]([C:4]([C:9]([C:8]1([H:18])[H:19])([H:20])[H:21])([H:11])[C:2](=[O:1])[O:3][H:10])([H:12])[H:13])([H:14])[H:15])[H:17],6.0,5.0
8,-0.07342999889737084,AM1BCC,OpenEye,,,C,,9,[H:16][C:7]1([C:6]([C:5]([C:4]([C:9]([C:8]1([H:18])[H:19])([H:20])[H:21])([H:11])[C:2](=[O:1])[O:3][H:10])([H:12])[H:13])([H:14])[H:15])[H:17],6.0,5.0
9,0.4429700104963212,AM1BCC,OpenEye,,,H,,10,[H:16][C:7]1([C:6]([C:5]([C:4]([C:9]([C:8]1([H:18])[H:19])([H:20])[H:21])([H:11])[C:2](=[O:1])[O:3][H:10])([H:12])[H:13])([H:14])[H:15])[H:17],6.0,5.0
10,0.0769300042163758,AM1BCC,OpenEye,,,H,,11,[H:16][C:7]1([C:6]([C:5]([C:4]([C:9]([C:8]1([H:18])[H:19])([H:20])[H:21])([H:11])[C:2](=[O:1])[O:3][H:10])([H:12])[H:13])([H:14])[H:15])[H:17],6.0,5.0
11,0.05507000447029159,AM1BCC,OpenEye,,,H,,12,[H:16][C:7]1([C:6]([C:5]([C:4]([C:9]([C:8]1([H:18])[H:19])([H:20])[H:21])([H:11])[C:2](=[O:1])[O:3][H:10])([H:12])[H:13])([H:14])[H:15])[H:17],6.0,5.0
12,0.05507000447029159,AM1BCC,OpenEye,,,H,,13,[H:16][C:7]1([C:6]([C:5]([C:4]([C:9]([C:8]1([H:18])[H:19])([H:20])[H:21])([H:11])[C:2](=[O:1])[O:3][H:10])([H:12])[H:13])([H:14])[H:15])[H:17],6.0,5.0
13,0.04169000223988578,AM1BCC,OpenEye,,,H,,14,[H:16][C:7]1([C:6]([C:5]([C:4]([C:9]([C:8]1([H:18])[H:19])([H:20])[H:21])([H:11])[C:2](=[O:1])[O:3][H:10])([H:12])[H:13])([H:14])[H:15])[H:17],6.0,5.0
14,0.04169000223988578,AM1BCC,OpenEye,,,H,,15,[H:16][C:7]1([C:6]([C:5]([C:4]([C:9]([C:8]1([H:18])[H:19])([H:20])[H:21])([H:11])[C:2](=[O:1])[O:3][H:10])([H:12])[H:13])([H:14])[H:15])[H:17],6.0,5.0
15,0.0493300026726155,AM1BCC,OpenEye,,,H,,16,[H:16][C:7]1([C:6]([C:5]([C:4]([C:9]([C:8]1([H:18])[H:19])([H:20])[H:21])([H:11])[C:2](=[O:1])[O:3][H:10])([H:12])[H:13])([H:14])[H:15])[H:17],6.0,5.0
16,0.0493300026726155,AM1BCC,OpenEye,,,H,,17,[H:16][C:7]1([C:6]([C:5]([C:4]([C:9]([C:8]1([H:18])[H:19])([H:20])[H:21])([H:11])[C:2](=[O:1])[O:3][H:10])([H:12])[H:13])([H:14])[H:15])[H:17],6.0,5.0
17,0.04169000223988578,AM1BCC,OpenEye,,,H,,18,[H:16][C:7]1([C:6]([C:5]([C:4]([C:9]([C:8]1([H:18])[H:19])([H:20])[H:21])([H:11])[C:2](=[O:1])[O:3][H:10])([H:12])[H:13])([H:14])[H:15])[H:17],6.0,5.0
18,0.04169000223988578,AM1BCC,OpenEye,,,H,,19,[H:16][C:7]1([C:6]([C:5]([C:4]([C:9]([C:8]1([H:18])[H:19])([H:20])[H:21])([H:11])[C:2](=[O:1])[O:3][H:10])([H:12])[H:13])([H:14])[H:15])[H:17],6.0,5.0
19,0.05507000447029159,AM1BCC,OpenEye,,,H,,20,[H:16][C:7]1([C:6]([C:5]([C:4]([C:9]([C:8]1([H:18])[H:19])([H:20])[H:21])([H:11])[C:2](=[O:1])[O:3][H:10])([H:12])[H:13])([H:14])[H:15])[H:17],6.0,5.0
20,0.05507000447029159,AM1BCC,OpenEye,,,H,,21,[H:16][C:7]1([C:6]([C:5]([C:4]([C:9]([C:8]1([H:18])[H:19])([H:20])[H:21])([H:11])[C:2](=[O:1])[O:3][H:10])([H:12])[H:13])([H:14])[H:15])[H:17],6.0,5.0
0,-0.551,AM1BCC,AmberTools,,,O,,1,[H:16][C:7]1([C:6]([C:5]([C:4]([C:9]([C:8]1([H:18])[H:19])([H:20])[H:21])([H:11])[C:2](=[O:1])[O:3][H:10])([H:12])[H:13])([H:14])[H:15])[H:17],6.0,5.0
1,0.6361,AM1BCC,AmberTools,,,C,,2,[H:16][C:7]1([C:6]([C:5]([C:4]([C:9]([C:8]1([H:18])[H:19])([H:20])[H:21])([H:11])[C:2](=[O:1])[O:3][H:10])([H:12])[H:13])([H:14])[H:15])[H:17],6.0,5.0
2,-0.6111,AM1BCC,AmberTools,,,O,,3,[H:16][C:7]1([C:6]([C:5]([C:4]([C:9]([C:8]1([H:18])[H:19])([H:20])[H:21])([H:11])[C:2](=[O:1])[O:3][H:10])([H:12])[H:13])([H:14])[H:15])[H:17],6.0,5.0
3,-0.1037,AM1BCC,AmberTools,,,C,,4,[H:16][C:7]1([C:6]([C:5]([C:4]([C:9]([C:8]1([H:18])[H:19])([H:20])[H:21])([H:11])[C:2](=[O:1])[O:3][H:10])([H:12])[H:13])([H:14])[H:15])[H:17],6.0,5.0
4,-0.0719,AM1BCC,AmberTools,,,C,,5,[H:16][C:7]1([C:6]([C:5]([C:4]([C:9]([C:8]1([H:18])[H:19])([H:20])[H:21])([H:11])[C:2](=[O:1])[O:3][H:10])([H:12])[H:13])([H:14])[H:15])[H:17],6.0,5.0
5,-0.0784,AM1BCC,AmberTools,,,C,,6,[H:16][C:7]1([C:6]([C:5]([C:4]([C:9]([C:8]1([H:18])[H:19])([H:20])[H:21])([H:11])[C:2](=[O:1])[O:3][H:10])([H:12])[H:13])([H:14])[H:15])[H:17],6.0,5.0
6,-0.0774,AM1BCC,AmberTools,,,C,,7,[H:16][C:7]1([C:6]([C:5]([C:4]([C:9]([C:8]1([H:18])[H:19])([H:20])[H:21])([H:11])[C:2](=[O:1])[O:3][H:10])([H:12])[H:13])([H:14])[H:15])[H:17],6.0,5.0
7,-0.0784,AM1BCC,AmberTools,,,C,,8,[H:16][C:7]1([C:6]([C:5]([C:4]([C:9]([C:8]1([H:18])[H:19])([H:20])[H:21])([H:11])[C:2](=[O:1])[O:3][H:10])([H:12])[H:13])([H:14])[H:15])[H:17],6.0,5.0
8,-0.0719,AM1BCC,AmberTools,,,C,,9,[H:16][C:7]1([C:6]([C:5]([C:4]([C:9]([C:8]1([H:18])[H:19])([H:20])[H:21])([H:11])[C:2](=[O:1])[O:3][H:10])([H:12])[H:13])([H:14])[H:15])[H:17],6.0,5.0
9,0.442,AM1BCC,AmberTools,,,H,,10,[H:16][C:7]1([C:6]([C:5]([C:4]([C:9]([C:8]1([H:18])[H:19])([H:20])[H:21])([H:11])[C:2](=[O:1])[O:3][H:10])([H:12])[H:13])([H:14])[H:15])[H:17],6.0,5.0
10,0.0807,AM1BCC,AmberTools,,,H,,11,[H:16][C:7]1([C:6]([C:5]([C:4]([C:9]([C:8]1([H:18])[H:19])([H:20])[H:21])([H:11])[C:2](=[O:1])[O:3][H:10])([H:12])[H:13])([H:14])[H:15])[H:17],6.0,5.0
11,0.05445,AM1BCC,AmberTools,,,H,,12,[H:16][C:7]1([C:6]([C:5]([C:4]([C:9]([C:8]1([H:18])[H:19])([H:20])[H:21])([H:11])[C:2](=[O:1])[O:3][H:10])([H:12])[H:13])([H:14])[H:15])[H:17],6.0,5.0
12,0.05445,AM1BCC,AmberTools,,,H,,13,[H:16][C:7]1([C:6]([C:5]([C:4]([C:9]([C:8]1([H:18])[H:19])([H:20])[H:21])([H:11])[C:2](=[O:1])[O:3][H:10])([H:12])[H:13])([H:14])[H:15])[H:17],6.0,5.0
13,0.0462,AM1BCC,AmberTools,,,H,,14,[H:16][C:7]1([C:6]([C:5]([C:4]([C:9]([C:8]1([H:18])[H:19])([H:20])[H:21])([H:11])[C:2](=[O:1])[O:3][H:10])([H:12])[H:13])([H:14])[H:15])[H:17],6.0,5.0
14,0.0462,AM1BCC,AmberTools,,,H,,15,[H:16][C:7]1([C:6]([C:5]([C:4]([C:9]([C:8]1([H:18])[H:19])([H:20])[H:21])([H:11])[C:2](=[O:1])[O:3][H:10])([H:12])[H:13])([H:14])[H:15])[H:17],6.0,5.0
15,0.0412,AM1BCC,AmberTools,,,H,,16,[H:16][C:7]1([C:6]([C:5]([C:4]([C:9]([C:8]1([H:18])[H:19])([H:20])[H:21])([H:11])[C:2](=[O:1])[O:3][H:10])([H:12])[H:13])([H:14])[H:15])[H:17],6.0,5.0
16,0.0412,AM1BCC,AmberTools,,,H,,17,[H:16][C:7]1([C:6]([C:5]([C:4]([C:9]([C:8]1([H:18])[H:19])([H:20])[H:21])([H:11])[C:2](=[O:1])[O:3][H:10])([H:12])[H:13])([H:14])[H:15])[H:17],6.0,5.0
17,0.0462,AM1BCC,AmberTools,,,H,,18,[H:16][C:7]1([C:6]([C:5]([C:4]([C:9]([C:8]1([H:18])[H:19])([H:20])[H:21])([H:11])[C:2](=[O:1])[O:3][H:10])([H:12])[H:13])([H:14])[H:15])[H:17],6.0,5.0
18,0.0462,AM1BCC,AmberTools,,,H,,19,[H:16][C:7]1([C:6]([C:5]([C:4]([C:9]([C:8]1([H:18])[H:19])([H:20])[H:21])([H:11])[C:2](=[O:1])[O:3][H:10])([H:12])[H:13])([H:14])[H:15])[H:17],6.0,5.0
19,0.05445,AM1BCC,AmberTools,,,H,,20,[H:16][C:7]1([C:6]([C:5]([C:4]([C:9]([C:8]1([H:18])[H:19])([H:20])[H:21])([H:11])[C:2](=[O:1])[O:3][H:10])([H:12])[H:13])([H:14])[H:15])[H:17],6.0,5.0
20,0.05445,AM1BCC,AmberTools,,,H,,21,[H:16][C:7]1([C:6]([C:5]([C:4]([C:9]([C:8]1([H:18])[H:19])([H:20])[H:21])([H:11])[C:2](=[O:1])[O:3][H:10])([H:12])[H:13])([H:14])[H:15])[H:17],6.0,5.0
0,-0.5548400254476638,AM1BCC,OpenEye,,,O,,1,[H:16][C:7]1([C:6]([C:5]([C:4]([C:9]([C:8]1([H:18])[H:19])([H:20])[H:21])([H:11])[C:2](=[O:1])[O:3][H:10])([H:12])[H:13])([H:14])[H:15])[H:17],6.0,6.0
1,0.6353899864923387,AM1BCC,OpenEye,,,C,,2,[H:16][C:7]1([C:6]([C:5]([C:4]([C:9]([C:8]1([H:18])[H:19])([H:20])[H:21])([H:11])[C:2](=[O:1])[O:3][H:10])([H:12])[H:13])([H:14])[H:15])[H:17],6.0,6.0
2,-0.6024100156057448,AM1BCC,OpenEye,,,O,,3,[H:16][C:7]1([C:6]([C:5]([C:4]([C:9]([C:8]1([H:18])[H:19])([H:20])[H:21])([H:11])[C:2](=[O:1])[O:3][H:10])([H:12])[H:13])([H:14])[H:15])[H:17],6.0,6.0
3,-0.10077999993449166,AM1BCC,OpenEye,,,C,,4,[H:16][C:7]1([C:6]([C:5]([C:4]([C:9]([C:8]1([H:18])[H:19])([H:20])[H:21])([H:11])[C:2](=[O:1])[O:3][H:10])([H:12])[H:13])([H:14])[H:15])[H:17],6.0,6.0
4,-0.07342999889737084,AM1BCC,OpenEye,,,C,,5,[H:16][C:7]1([C:6]([C:5]([C:4]([C:9]([C:8]1([H:18])[H:19])([H:20])[H:21])([H:11])[C:2](=[O:1])[O:3][H:10])([H:12])[H:13])([H:14])[H:15])[H:17],6.0,6.0
5,-0.07619999810343697,AM1BCC,OpenEye,,,C,,6,[H:16][C:7]1([C:6]([C:5]([C:4]([C:9]([C:8]1([H:18])[H:19])([H:20])[H:21])([H:11])[C:2](=[O:1])[O:3][H:10])([H:12])[H:13])([H:14])[H:15])[H:17],6.0,6.0
6,-0.0836999984014602,AM1BCC,OpenEye,,,C,,7,[H:16][C:7]1([C:6]([C:5]([C:4]([C:9]([C:8]1([H:18])[H:19])([H:20])[H:21])([H:11])[C:2](=[O:1])[O:3][H:10])([H:12])[H:13])([H:14])[H:15])[H:17],6.0,6.0
7,-0.07619999810343697,AM1BCC,OpenEye,,,C,,8,[H:16][C:7]1([C:6]([C:5]([C:4]([C:9]([C:8]1([H:18])[H:19])([H:20])[H:21])([H:11])[C:2](=[O:1])[O:3][H:10])([H:12])[H:13])([H:14])[H:15])[H:17],6.0,6.0
8,-0.07342999889737084,AM1BCC,OpenEye,,,C,,9,[H:16][C:7]1([C:6]([C:5]([C:4]([C:9]([C:8]1([H:18])[H:19])([H:20])[H:21])([H:11])[C:2](=[O:1])[O:3][H:10])([H:12])[H:13])([H:14])[H:15])[H:17],6.0,6.0
9,0.4429700104963212,AM1BCC,OpenEye,,,H,,10,[H:16][C:7]1([C:6]([C:5]([C:4]([C:9]([C:8]1([H:18])[H:19])([H:20])[H:21])([H:11])[C:2](=[O:1])[O:3][H:10])([H:12])[H:13])([H:14])[H:15])[H:17],6.0,6.0
10,0.0769300042163758,AM1BCC,OpenEye,,,H,,11,[H:16][C:7]1([C:6]([C:5]([C:4]([C:9]([C:8]1([H:18])[H:19])([H:20])[H:21])([H:11])[C:2](=[O:1])[O:3][H:10])([H:12])[H:13])([H:14])[H:15])[H:17],6.0,6.0
11,0.05507000447029159,AM1BCC,OpenEye,,,H,,12,[H:16][C:7]1([C:6]([C:5]([C:4]([C:9]([C:8]1([H:18])[H:19])([H:20])[H:21])([H:11])[C:2](=[O:1])[O:3][H:10])([H:12])[H:13])([H:14])[H:15])[H:17],6.0,6.0
12,0.05507000447029159,AM1BCC,OpenEye,,,H,,13,[H:16][C:7]1([C:6]([C:5]([C:4]([C:9]([C:8]1([H:18])[H:19])([H:20])[H:21])([H:11])[C:2](=[O:1])[O:3][H:10])([H:12])[H:13])([H:14])[H:15])[H:17],6.0,6.0
13,0.04169000223988578,AM1BCC,OpenEye,,,H,,14,[H:16][C:7]1([C:6]([C:5]([C:4]([C:9]([C:8]1([H:18])[H:19])([H:20])[H:21])([H:11])[C:2](=[O:1])[O:3][H:10])([H:12])[H:13])([H:14])[H:15])[H:17],6.0,6.0
14,0.04169000223988578,AM1BCC,OpenEye,,,H,,15,[H:16][C:7]1([C:6]([C:5]([C:4]([C:9]([C:8]1([H:18])[H:19])([H:20])[H:21])([H:11])[C:2](=[O:1])[O:3][H:10])([H:12])[H:13])([H:14])[H:15])[H:17],6.0,6.0
15,0.0493300026726155,AM1BCC,OpenEye,,,H,,16,[H:16][C:7]1([C:6]([C:5]([C:4]([C:9]([C:8]1([H:18])[H:19])([H:20])[H:21])([H:11])[C:2](=[O:1])[O:3][H:10])([H:12])[H:13])([H:14])[H:15])[H:17],6.0,6.0
16,0.0493300026726155,AM1BCC,OpenEye,,,H,,17,[H:16][C:7]1([C:6]([C:5]([C:4]([C:9]([C:8]1([H:18])[H:19])([H:20])[H:21])([H:11])[C:2](=[O:1])[O:3][H:10])([H:12])[H:13])([H:14])[H:15])[H:17],6.0,6.0
17,0.04169000223988578,AM1BCC,OpenEye,,,H,,18,[H:16][C:7]1([C:6]([C:5]([C:4]([C:9]([C:8]1([H:18])[H:19])([H:20])[H:21])([H:11])[C:2](=[O:1])[O:3][H:10])([H:12])[H:13])([H:14])[H:15])[H:17],6.0,6.0
18,0.04169000223988578,AM1BCC,OpenEye,,,H,,19,[H:16][C:7]1([C:6]([C:5]([C:4]([C:9]([C:8]1([H:18])[H:19])([H:20])[H:21])([H:11])[C:2](=[O:1])[O:3][H:10])([H:12])[H:13])([H:14])[H:15])[H:17],6.0,6.0
19,0.05507000447029159,AM1BCC,OpenEye,,,H,,20,[H:16][C:7]1([C:6]([C:5]([C:4]([C:9]([C:8]1([H:18])[H:19])([H:20])[H:21])([H:11])[C:2](=[O:1])[O:3][H:10])([H:12])[H:13])([H:14])[H:15])[H:17],6.0,6.0
20,0.05507000447029159,AM1BCC,OpenEye,,,H,,21,[H:16][C:7]1([C:6]([C:5]([C:4]([C:9]([C:8]1([H:18])[H:19])([H:20])[H:21])([H:11])[C:2](=[O:1])[O:3][H:10])([H:12])[H:13])([H:14])[H:15])[H:17],6.0,6.0
0,-0.551,AM1BCC,AmberTools,,,O,,1,[H:16][C:7]1([C:6]([C:5]([C:4]([C:9]([C:8]1([H:18])[H:19])([H:20])[H:21])([H:11])[C:2](=[O:1])[O:3][H:10])([H:12])[H:13])([H:14])[H:15])[H:17],6.0,6.0
1,0.6361,AM1BCC,AmberTools,,,C,,2,[H:16][C:7]1([C:6]([C:5]([C:4]([C:9]([C:8]1([H:18])[H:19])([H:20])[H:21])([H:11])[C:2](=[O:1])[O:3][H:10])([H:12])[H:13])([H:14])[H:15])[H:17],6.0,6.0
2,-0.6111,AM1BCC,AmberTools,,,O,,3,[H:16][C:7]1([C:6]([C:5]([C:4]([C:9]([C:8]1([H:18])[H:19])([H:20])[H:21])([H:11])[C:2](=[O:1])[O:3][H:10])([H:12])[H:13])([H:14])[H:15])[H:17],6.0,6.0
3,-0.1037,AM1BCC,AmberTools,,,C,,4,[H:16][C:7]1([C:6]([C:5]([C:4]([C:9]([C:8]1([H:18])[H:19])([H:20])[H:21])([H:11])[C:2](=[O:1])[O:3][H:10])([H:12])[H:13])([H:14])[H:15])[H:17],6.0,6.0
4,-0.0719,AM1BCC,AmberTools,,,C,,5,[H:16][C:7]1([C:6]([C:5]([C:4]([C:9]([C:8]1([H:18])[H:19])([H:20])[H:21])([H:11])[C:2](=[O:1])[O:3][H:10])([H:12])[H:13])([H:14])[H:15])[H:17],6.0,6.0
5,-0.0784,AM1BCC,AmberTools,,,C,,6,[H:16][C:7]1([C:6]([C:5]([C:4]([C:9]([C:8]1([H:18])[H:19])([H:20])[H:21])([H:11])[C:2](=[O:1])[O:3][H:10])([H:12])[H:13])([H:14])[H:15])[H:17],6.0,6.0
6,-0.0774,AM1BCC,AmberTools,,,C,,7,[H:16][C:7]1([C:6]([C:5]([C:4]([C:9]([C:8]1([H:18])[H:19])([H:20])[H:21])([H:11])[C:2](=[O:1])[O:3][H:10])([H:12])[H:13])([H:14])[H:15])[H:17],6.0,6.0
7,-0.0784,AM1BCC,AmberTools,,,C,,8,[H:16][C:7]1([C:6]([C:5]([C:4]([C:9]([C:8]1([H:18])[H:19])([H:20])[H:21])([H:11])[C:2](=[O:1])[O:3][H:10])([H:12])[H:13])([H:14])[H:15])[H:17],6.0,6.0
8,-0.0719,AM1BCC,AmberTools,,,C,,9,[H:16][C:7]1([C:6]([C:5]([C:4]([C:9]([C:8]1([H:18])[H:19])([H:20])[H:21])([H:11])[C:2](=[O:1])[O:3][H:10])([H:12])[H:13])([H:14])[H:15])[H:17],6.0,6.0
9,0.442,AM1BCC,AmberTools,,,H,,10,[H:16][C:7]1([C:6]([C:5]([C:4]([C:9]([C:8]1([H:18])[H:19])([H:20])[H:21])([H:11])[C:2](=[O:1])[O:3][H:10])([H:12])[H:13])([H:14])[H:15])[H:17],6.0,6.0
10,0.0807,AM1BCC,AmberTools,,,H,,11,[H:16][C:7]1([C:6]([C:5]([C:4]([C:9]([C:8]1([H:18])[H:19])([H:20])[H:21])([H:11])[C:2](=[O:1])[O:3][H:10])([H:12])[H:13])([H:14])[H:15])[H:17],6.0,6.0
11,0.05445,AM1BCC,AmberTools,,,H,,12,[H:16][C:7]1([C:6]([C:5]([C:4]([C:9]([C:8]1([H:18])[H:19])([H:20])[H:21])([H:11])[C:2](=[O:1])[O:3][H:10])([H:12])[H:13])([H:14])[H:15])[H:17],6.0,6.0
12,0.05445,AM1BCC,AmberTools,,,H,,13,[H:16][C:7]1([C:6]([C:5]([C:4]([C:9]([C:8]1([H:18])[H:19])([H:20])[H:21])([H:11])[C:2](=[O:1])[O:3][H:10])([H:12])[H:13])([H:14])[H:15])[H:17],6.0,6.0
13,0.0462,AM1BCC,AmberTools,,,H,,14,[H:16][C:7]1([C:6]([C:5]([C:4]([C:9]([C:8]1([H:18])[H:19])([H:20])[H:21])([H:11])[C:2](=[O:1])[O:3][H:10])([H:12])[H:13])([H:14])[H:15])[H:17],6.0,6.0
14,0.0462,AM1BCC,AmberTools,,,H,,15,[H:16][C:7]1([C:6]([C:5]([C:4]([C:9]([C:8]1([H:18])[H:19])([H:20])[H:21])([H:11])[C:2](=[O:1])[O:3][H:10])([H:12])[H:13])([H:14])[H:15])[H:17],6.0,6.0
15,0.0412,AM1BCC,AmberTools,,,H,,16,[H:16][C:7]1([C:6]([C:5]([C:4]([C:9]([C:8]1([H:18])[H:19])([H:20])[H:21])([H:11])[C:2](=[O:1])[O:3][H:10])([H:12])[H:13])([H:14])[H:15])[H:17],6.0,6.0
16,0.0412,AM1BCC,AmberTools,,,H,,17,[H:16][C:7]1([C:6]([C:5]([C:4]([C:9]([C:8]1([H:18])[H:19])([H:20])[H:21])([H:11])[C:2](=[O:1])[O:3][H:10])([H:12])[H:13])([H:14])[H:15])[H:17],6.0,6.0
17,0.0462,AM1BCC,AmberTools,,,H,,18,[H:16][C:7]1([C:6]([C:5]([C:4]([C:9]([C:8]1([H:18])[H:19])([H:20])[H:21])([H:11])[C:2](=[O:1])[O:3][H:10])([H:12])[H:13])([H:14])[H:15])[H:17],6.0,6.0
18,0.0462,AM1BCC,AmberTools,,,H,,19,[H:16][C:7]1([C:6]([C:5]([C:4]([C:9]([C:8]1([H:18])[H:19])([H:20])[H:21])([H:11])[C:2](=[O:1])[O:3][H:10])([H:12])[H:13])([H:14])[H:15])[H:17],6.0,6.0
19,0.05445,AM1BCC,AmberTools,,,H,,20,[H:16][C:7]1([C:6]([C:5]([C:4]([C:9]([C:8]1([H:18])[H:19])([H:20])[H:21])([H:11])[C:2](=[O:1])[O:3][H:10])([H:12])[H:13])([H:14])[H:15])[H:17],6.0,6.0
20,0.05445,AM1BCC,AmberTools,,,H,,21,[H:16][C:7]1([C:6]([C:5]([C:4]([C:9]([C:8]1([H:18])[H:19])([H:20])[H:21])([H:11])[C:2](=[O:1])[O:3][H:10])([H:12])[H:13])([H:14])[H:15])[H:17],6.0,6.0
0,-0.5548400254476638,AM1BCC,OpenEye,,,O,,1,[H:16][C:7]1([C:6]([C:5]([C:4]([C:9]([C:8]1([H:18])[H:19])([H:20])[H:21])([H:11])[C:2](=[O:1])[O:3][H:10])([H:12])[H:13])([H:14])[H:15])[H:17],6.0,7.0
1,0.6353899864923387,AM1BCC,OpenEye,,,C,,2,[H:16][C:7]1([C:6]([C:5]([C:4]([C:9]([C:8]1([H:18])[H:19])([H:20])[H:21])([H:11])[C:2](=[O:1])[O:3][H:10])([H:12])[H:13])([H:14])[H:15])[H:17],6.0,7.0
2,-0.6024100156057448,AM1BCC,OpenEye,,,O,,3,[H:16][C:7]1([C:6]([C:5]([C:4]([C:9]([C:8]1([H:18])[H:19])([H:20])[H:21])([H:11])[C:2](=[O:1])[O:3][H:10])([H:12])[H:13])([H:14])[H:15])[H:17],6.0,7.0
3,-0.10077999993449166,AM1BCC,OpenEye,,,C,,4,[H:16][C:7]1([C:6]([C:5]([C:4]([C:9]([C:8]1([H:18])[H:19])([H:20])[H:21])([H:11])[C:2](=[O:1])[O:3][H:10])([H:12])[H:13])([H:14])[H:15])[H:17],6.0,7.0
4,-0.07342999889737084,AM1BCC,OpenEye,,,C,,5,[H:16][C:7]1([C:6]([C:5]([C:4]([C:9]([C:8]1([H:18])[H:19])([H:20])[H:21])([H:11])[C:2](=[O:1])[O:3][H:10])([H:12])[H:13])([H:14])[H:15])[H:17],6.0,7.0
5,-0.07619999810343697,AM1BCC,OpenEye,,,C,,6,[H:16][C:7]1([C:6]([C:5]([C:4]([C:9]([C:8]1([H:18])[H:19])([H:20])[H:21])([H:11])[C:2](=[O:1])[O:3][H:10])([H:12])[H:13])([H:14])[H:15])[H:17],6.0,7.0
6,-0.0836999984014602,AM1BCC,OpenEye,,,C,,7,[H:16][C:7]1([C:6]([C:5]([C:4]([C:9]([C:8]1([H:18])[H:19])([H:20])[H:21])([H:11])[C:2](=[O:1])[O:3][H:10])([H:12])[H:13])([H:14])[H:15])[H:17],6.0,7.0
7,-0.07619999810343697,AM1BCC,OpenEye,,,C,,8,[H:16][C:7]1([C:6]([C:5]([C:4]([C:9]([C:8]1([H:18])[H:19])([H:20])[H:21])([H:11])[C:2](=[O:1])[O:3][H:10])([H:12])[H:13])([H:14])[H:15])[H:17],6.0,7.0
8,-0.07342999889737084,AM1BCC,OpenEye,,,C,,9,[H:16][C:7]1([C:6]([C:5]([C:4]([C:9]([C:8]1([H:18])[H:19])([H:20])[H:21])([H:11])[C:2](=[O:1])[O:3][H:10])([H:12])[H:13])([H:14])[H:15])[H:17],6.0,7.0
9,0.4429700104963212,AM1BCC,OpenEye,,,H,,10,[H:16][C:7]1([C:6]([C:5]([C:4]([C:9]([C:8]1([H:18])[H:19])([H:20])[H:21])([H:11])[C:2](=[O:1])[O:3][H:10])([H:12])[H:13])([H:14])[H:15])[H:17],6.0,7.0
10,0.0769300042163758,AM1BCC,OpenEye,,,H,,11,[H:16][C:7]1([C:6]([C:5]([C:4]([C:9]([C:8]1([H:18])[H:19])([H:20])[H:21])([H:11])[C:2](=[O:1])[O:3][H:10])([H:12])[H:13])([H:14])[H:15])[H:17],6.0,7.0
11,0.05507000447029159,AM1BCC,OpenEye,,,H,,12,[H:16][C:7]1([C:6]([C:5]([C:4]([C:9]([C:8]1([H:18])[H:19])([H:20])[H:21])([H:11])[C:2](=[O:1])[O:3][H:10])([H:12])[H:13])([H:14])[H:15])[H:17],6.0,7.0
12,0.05507000447029159,AM1BCC,OpenEye,,,H,,13,[H:16][C:7]1([C:6]([C:5]([C:4]([C:9]([C:8]1([H:18])[H:19])([H:20])[H:21])([H:11])[C:2](=[O:1])[O:3][H:10])([H:12])[H:13])([H:14])[H:15])[H:17],6.0,7.0
13,0.04169000223988578,AM1BCC,OpenEye,,,H,,14,[H:16][C:7]1([C:6]([C:5]([C:4]([C:9]([C:8]1([H:18])[H:19])([H:20])[H:21])([H:11])[C:2](=[O:1])[O:3][H:10])([H:12])[H:13])([H:14])[H:15])[H:17],6.0,7.0
14,0.04169000223988578,AM1BCC,OpenEye,,,H,,15,[H:16][C:7]1([C:6]([C:5]([C:4]([C:9]([C:8]1([H:18])[H:19])([H:20])[H:21])([H:11])[C:2](=[O:1])[O:3][H:10])([H:12])[H:13])([H:14])[H:15])[H:17],6.0,7.0
15,0.0493300026726155,AM1BCC,OpenEye,,,H,,16,[H:16][C:7]1([C:6]([C:5]([C:4]([C:9]([C:8]1([H:18])[H:19])([H:20])[H:21])([H:11])[C:2](=[O:1])[O:3][H:10])([H:12])[H:13])([H:14])[H:15])[H:17],6.0,7.0
16,0.0493300026726155,AM1BCC,OpenEye,,,H,,17,[H:16][C:7]1([C:6]([C:5]([C:4]([C:9]([C:8]1([H:18])[H:19])([H:20])[H:21])([H:11])[C:2](=[O:1])[O:3][H:10])([H:12])[H:13])([H:14])[H:15])[H:17],6.0,7.0
17,0.04169000223988578,AM1BCC,OpenEye,,,H,,18,[H:16][C:7]1([C:6]([C:5]([C:4]([C:9]([C:8]1([H:18])[H:19])([H:20])[H:21])([H:11])[C:2](=[O:1])[O:3][H:10])([H:12])[H:13])([H:14])[H:15])[H:17],6.0,7.0
18,0.04169000223988578,AM1BCC,OpenEye,,,H,,19,[H:16][C:7]1([C:6]([C:5]([C:4]([C:9]([C:8]1([H:18])[H:19])([H:20])[H:21])([H:11])[C:2](=[O:1])[O:3][H:10])([H:12])[H:13])([H:14])[H:15])[H:17],6.0,7.0
19,0.05507000447029159,AM1BCC,OpenEye,,,H,,20,[H:16][C:7]1([C:6]([C:5]([C:4]([C:9]([C:8]1([H:18])[H:19])([H:20])[H:21])([H:11])[C:2](=[O:1])[O:3][H:10])([H:12])[H:13])([H:14])[H:15])[H:17],6.0,7.0
20,0.05507000447029159,AM1BCC,OpenEye,,,H,,21,[H:16][C:7]1([C:6]([C:5]([C:4]([C:9]([C:8]1([H:18])[H:19])([H:20])[H:21])([H:11])[C:2](=[O:1])[O:3][H:10])([H:12])[H:13])([H:14])[H:15])[H:17],6.0,7.0
0,-0.551,AM1BCC,AmberTools,,,O,,1,[H:16][C:7]1([C:6]([C:5]([C:4]([C:9]([C:8]1([H:18])[H:19])([H:20])[H:21])([H:11])[C:2](=[O:1])[O:3][H:10])([H:12])[H:13])([H:14])[H:15])[H:17],6.0,7.0
1,0.6361,AM1BCC,AmberTools,,,C,,2,[H:16][C:7]1([C:6]([C:5]([C:4]([C:9]([C:8]1([H:18])[H:19])([H:20])[H:21])([H:11])[C:2](=[O:1])[O:3][H:10])([H:12])[H:13])([H:14])[H:15])[H:17],6.0,7.0
2,-0.6111,AM1BCC,AmberTools,,,O,,3,[H:16][C:7]1([C:6]([C:5]([C:4]([C:9]([C:8]1([H:18])[H:19])([H:20])[H:21])([H:11])[C:2](=[O:1])[O:3][H:10])([H:12])[H:13])([H:14])[H:15])[H:17],6.0,7.0
3,-0.1037,AM1BCC,AmberTools,,,C,,4,[H:16][C:7]1([C:6]([C:5]([C:4]([C:9]([C:8]1([H:18])[H:19])([H:20])[H:21])([H:11])[C:2](=[O:1])[O:3][H:10])([H:12])[H:13])([H:14])[H:15])[H:17],6.0,7.0
4,-0.0719,AM1BCC,AmberTools,,,C,,5,[H:16][C:7]1([C:6]([C:5]([C:4]([C:9]([C:8]1([H:18])[H:19])([H:20])[H:21])([H:11])[C:2](=[O:1])[O:3][H:10])([H:12])[H:13])([H:14])[H:15])[H:17],6.0,7.0
5,-0.0784,AM1BCC,AmberTools,,,C,,6,[H:16][C:7]1([C:6]([C:5]([C:4]([C:9]([C:8]1([H:18])[H:19])([H:20])[H:21])([H:11])[C:2](=[O:1])[O:3][H:10])([H:12])[H:13])([H:14])[H:15])[H:17],6.0,7.0
6,-0.0774,AM1BCC,AmberTools,,,C,,7,[H:16][C:7]1([C:6]([C:5]([C:4]([C:9]([C:8]1([H:18])[H:19])([H:20])[H:21])([H:11])[C:2](=[O:1])[O:3][H:10])([H:12])[H:13])([H:14])[H:15])[H:17],6.0,7.0
7,-0.0784,AM1BCC,AmberTools,,,C,,8,[H:16][C:7]1([C:6]([C:5]([C:4]([C:9]([C:8]1([H:18])[H:19])([H:20])[H:21])([H:11])[C:2](=[O:1])[O:3][H:10])([H:12])[H:13])([H:14])[H:15])[H:17],6.0,7.0
8,-0.0719,AM1BCC,AmberTools,,,C,,9,[H:16][C:7]1([C:6]([C:5]([C:4]([C:9]([C:8]1([H:18])[H:19])([H:20])[H:21])([H:11])[C:2](=[O:1])[O:3][H:10])([H:12])[H:13])([H:14])[H:15])[H:17],6.0,7.0
9,0.442,AM1BCC,AmberTools,,,H,,10,[H:16][C:7]1([C:6]([C:5]([C:4]([C:9]([C:8]1([H:18])[H:19])([H:20])[H:21])([H:11])[C:2](=[O:1])[O:3][H:10])([H:12])[H:13])([H:14])[H:15])[H:17],6.0,7.0
10,0.0807,AM1BCC,AmberTools,,,H,,11,[H:16][C:7]1([C:6]([C:5]([C:4]([C:9]([C:8]1([H:18])[H:19])([H:20])[H:21])([H:11])[C:2](=[O:1])[O:3][H:10])([H:12])[H:13])([H:14])[H:15])[H:17],6.0,7.0
11,0.05445,AM1BCC,AmberTools,,,H,,12,[H:16][C:7]1([C:6]([C:5]([C:4]([C:9]([C:8]1([H:18])[H:19])([H:20])[H:21])([H:11])[C:2](=[O:1])[O:3][H:10])([H:12])[H:13])([H:14])[H:15])[H:17],6.0,7.0
12,0.05445,AM1BCC,AmberTools,,,H,,13,[H:16][C:7]1([C:6]([C:5]([C:4]([C:9]([C:8]1([H:18])[H:19])([H:20])[H:21])([H:11])[C:2](=[O:1])[O:3][H:10])([H:12])[H:13])([H:14])[H:15])[H:17],6.0,7.0
13,0.0462,AM1BCC,AmberTools,,,H,,14,[H:16][C:7]1([C:6]([C:5]([C:4]([C:9]([C:8]1([H:18])[H:19])([H:20])[H:21])([H:11])[C:2](=[O:1])[O:3][H:10])([H:12])[H:13])([H:14])[H:15])[H:17],6.0,7.0
14,0.0462,AM1BCC,AmberTools,,,H,,15,[H:16][C:7]1([C:6]([C:5]([C:4]([C:9]([C:8]1([H:18])[H:19])([H:20])[H:21])([H:11])[C:2](=[O:1])[O:3][H:10])([H:12])[H:13])([H:14])[H:15])[H:17],6.0,7.0
15,0.0412,AM1BCC,AmberTools,,,H,,16,[H:16][C:7]1([C:6]([C:5]([C:4]([C:9]([C:8]1([H:18])[H:19])([H:20])[H:21])([H:11])[C:2](=[O:1])[O:3][H:10])([H:12])[H:13])([H:14])[H:15])[H:17],6.0,7.0
16,0.0412,AM1BCC,AmberTools,,,H,,17,[H:16][C:7]1([C:6]([C:5]([C:4]([C:9]([C:8]1([H:18])[H:19])([H:20])[H:21])([H:11])[C:2](=[O:1])[O:3][H:10])([H:12])[H:13])([H:14])[H:15])[H:17],6.0,7.0
17,0.0462,AM1BCC,AmberTools,,,H,,18,[H:16][C:7]1([C:6]([C:5]([C:4]([C:9]([C:8]1([H:18])[H:19])([H:20])[H:21])([H:11])[C:2](=[O:1])[O:3][H:10])([H:12])[H:13])([H:14])[H:15])[H:17],6.0,7.0
18,0.0462,AM1BCC,AmberTools,,,H,,19,[H:16][C:7]1([C:6]([C:5]([C:4]([C:9]([C:8]1([H:18])[H:19])([H:20])[H:21])([H:11])[C:2](=[O:1])[O:3][H:10])([H:12])[H:13])([H:14])[H:15])[H:17],6.0,7.0
19,0.05445,AM1BCC,AmberTools,,,H,,20,[H:16][C:7]1([C:6]([C:5]([C:4]([C:9]([C:8]1([H:18])[H:19])([H:20])[H:21])([H:11])[C:2](=[O:1])[O:3][H:10])([H:12])[H:13])([H:14])[H:15])[H:17],6.0,7.0
20,0.05445,AM1BCC,AmberTools,,,H,,21,[H:16][C:7]1([C:6]([C:5]([C:4]([C:9]([C:8]1([H:18])[H:19])([H:20])[H:21])([H:11])[C:2](=[O:1])[O:3][H:10])([H:12])[H:13])([H:14])[H:15])[H:17],6.0,7.0
0,-0.5548400254476638,AM1BCC,OpenEye,,,O,,1,[H:16][C:7]1([C:6]([C:5]([C:4]([C:9]([C:8]1([H:18])[H:19])([H:20])[H:21])([H:11])[C:2](=[O:1])[O:3][H:10])([H:12])[H:13])([H:14])[H:15])[H:17],6.0,8.0
1,0.6353899864923387,AM1BCC,OpenEye,,,C,,2,[H:16][C:7]1([C:6]([C:5]([C:4]([C:9]([C:8]1([H:18])[H:19])([H:20])[H:21])([H:11])[C:2](=[O:1])[O:3][H:10])([H:12])[H:13])([H:14])[H:15])[H:17],6.0,8.0
2,-0.6024100156057448,AM1BCC,OpenEye,,,O,,3,[H:16][C:7]1([C:6]([C:5]([C:4]([C:9]([C:8]1([H:18])[H:19])([H:20])[H:21])([H:11])[C:2](=[O:1])[O:3][H:10])([H:12])[H:13])([H:14])[H:15])[H:17],6.0,8.0
3,-0.10077999993449166,AM1BCC,OpenEye,,,C,,4,[H:16][C:7]1([C:6]([C:5]([C:4]([C:9]([C:8]1([H:18])[H:19])([H:20])[H:21])([H:11])[C:2](=[O:1])[O:3][H:10])([H:12])[H:13])([H:14])[H:15])[H:17],6.0,8.0
4,-0.07342999889737084,AM1BCC,OpenEye,,,C,,5,[H:16][C:7]1([C:6]([C:5]([C:4]([C:9]([C:8]1([H:18])[H:19])([H:20])[H:21])([H:11])[C:2](=[O:1])[O:3][H:10])([H:12])[H:13])([H:14])[H:15])[H:17],6.0,8.0
5,-0.07619999810343697,AM1BCC,OpenEye,,,C,,6,[H:16][C:7]1([C:6]([C:5]([C:4]([C:9]([C:8]1([H:18])[H:19])([H:20])[H:21])([H:11])[C:2](=[O:1])[O:3][H:10])([H:12])[H:13])([H:14])[H:15])[H:17],6.0,8.0
6,-0.0836999984014602,AM1BCC,OpenEye,,,C,,7,[H:16][C:7]1([C:6]([C:5]([C:4]([C:9]([C:8]1([H:18])[H:19])([H:20])[H:21])([H:11])[C:2](=[O:1])[O:3][H:10])([H:12])[H:13])([H:14])[H:15])[H:17],6.0,8.0
7,-0.07619999810343697,AM1BCC,OpenEye,,,C,,8,[H:16][C:7]1([C:6]([C:5]([C:4]([C:9]([C:8]1([H:18])[H:19])([H:20])[H:21])([H:11])[C:2](=[O:1])[O:3][H:10])([H:12])[H:13])([H:14])[H:15])[H:17],6.0,8.0
8,-0.07342999889737084,AM1BCC,OpenEye,,,C,,9,[H:16][C:7]1([C:6]([C:5]([C:4]([C:9]([C:8]1([H:18])[H:19])([H:20])[H:21])([H:11])[C:2](=[O:1])[O:3][H:10])([H:12])[H:13])([H:14])[H:15])[H:17],6.0,8.0
9,0.4429700104963212,AM1BCC,OpenEye,,,H,,10,[H:16][C:7]1([C:6]([C:5]([C:4]([C:9]([C:8]1([H:18])[H:19])([H:20])[H:21])([H:11])[C:2](=[O:1])[O:3][H:10])([H:12])[H:13])([H:14])[H:15])[H:17],6.0,8.0
10,0.0769300042163758,AM1BCC,OpenEye,,,H,,11,[H:16][C:7]1([C:6]([C:5]([C:4]([C:9]([C:8]1([H:18])[H:19])([H:20])[H:21])([H:11])[C:2](=[O:1])[O:3][H:10])([H:12])[H:13])([H:14])[H:15])[H:17],6.0,8.0
11,0.05507000447029159,AM1BCC,OpenEye,,,H,,12,[H:16][C:7]1([C:6]([C:5]([C:4]([C:9]([C:8]1([H:18])[H:19])([H:20])[H:21])([H:11])[C:2](=[O:1])[O:3][H:10])([H:12])[H:13])([H:14])[H:15])[H:17],6.0,8.0
12,0.05507000447029159,AM1BCC,OpenEye,,,H,,13,[H:16][C:7]1([C:6]([C:5]([C:4]([C:9]([C:8]1([H:18])[H:19])([H:20])[H:21])([H:11])[C:2](=[O:1])[O:3][H:10])([H:12])[H:13])([H:14])[H:15])[H:17],6.0,8.0
13,0.04169000223988578,AM1BCC,OpenEye,,,H,,14,[H:16][C:7]1([C:6]([C:5]([C:4]([C:9]([C:8]1([H:18])[H:19])([H:20])[H:21])([H:11])[C:2](=[O:1])[O:3][H:10])([H:12])[H:13])([H:14])[H:15])[H:17],6.0,8.0
14,0.04169000223988578,AM1BCC,OpenEye,,,H,,15,[H:16][C:7]1([C:6]([C:5]([C:4]([C:9]([C:8]1([H:18])[H:19])([H:20])[H:21])([H:11])[C:2](=[O:1])[O:3][H:10])([H:12])[H:13])([H:14])[H:15])[H:17],6.0,8.0
15,0.0493300026726155,AM1BCC,OpenEye,,,H,,16,[H:16][C:7]1([C:6]([C:5]([C:4]([C:9]([C:8]1([H:18])[H:19])([H:20])[H:21])([H:11])[C:2](=[O:1])[O:3][H:10])([H:12])[H:13])([H:14])[H:15])[H:17],6.0,8.0
16,0.0493300026726155,AM1BCC,OpenEye,,,H,,17,[H:16][C:7]1([C:6]([C:5]([C:4]([C:9]([C:8]1([H:18])[H:19])([H:20])[H:21])([H:11])[C:2](=[O:1])[O:3][H:10])([H:12])[H:13])([H:14])[H:15])[H:17],6.0,8.0
17,0.04169000223988578,AM1BCC,OpenEye,,,H,,18,[H:16][C:7]1([C:6]([C:5]([C:4]([C:9]([C:8]1([H:18])[H:19])([H:20])[H:21])([H:11])[C:2](=[O:1])[O:3][H:10])([H:12])[H:13])([H:14])[H:15])[H:17],6.0,8.0
18,0.04169000223988578,AM1BCC,OpenEye,,,H,,19,[H:16][C:7]1([C:6]([C:5]([C:4]([C:9]([C:8]1([H:18])[H:19])([H:20])[H:21])([H:11])[C:2](=[O:1])[O:3][H:10])([H:12])[H:13])([H:14])[H:15])[H:17],6.0,8.0
19,0.05507000447029159,AM1BCC,OpenEye,,,H,,20,[H:16][C:7]1([C:6]([C:5]([C:4]([C:9]([C:8]1([H:18])[H:19])([H:20])[H:21])([H:11])[C:2](=[O:1])[O:3][H:10])([H:12])[H:13])([H:14])[H:15])[H:17],6.0,8.0
20,0.05507000447029159,AM1BCC,OpenEye,,,H,,21,[H:16][C:7]1([C:6]([C:5]([C:4]([C:9]([C:8]1([H:18])[H:19])([H:20])[H:21])([H:11])[C:2](=[O:1])[O:3][H:10])([H:12])[H:13])([H:14])[H:15])[H:17],6.0,8.0
0,-0.551,AM1BCC,AmberTools,,,O,,1,[H:16][C:7]1([C:6]([C:5]([C:4]([C:9]([C:8]1([H:18])[H:19])([H:20])[H:21])([H:11])[C:2](=[O:1])[O:3][H:10])([H:12])[H:13])([H:14])[H:15])[H:17],6.0,8.0
1,0.6361,AM1BCC,AmberTools,,,C,,2,[H:16][C:7]1([C:6]([C:5]([C:4]([C:9]([C:8]1([H:18])[H:19])([H:20])[H:21])([H:11])[C:2](=[O:1])[O:3][H:10])([H:12])[H:13])([H:14])[H:15])[H:17],6.0,8.0
2,-0.6111,AM1BCC,AmberTools,,,O,,3,[H:16][C:7]1([C:6]([C:5]([C:4]([C:9]([C:8]1([H:18])[H:19])([H:20])[H:21])([H:11])[C:2](=[O:1])[O:3][H:10])([H:12])[H:13])([H:14])[H:15])[H:17],6.0,8.0
3,-0.1037,AM1BCC,AmberTools,,,C,,4,[H:16][C:7]1([C:6]([C:5]([C:4]([C:9]([C:8]1([H:18])[H:19])([H:20])[H:21])([H:11])[C:2](=[O:1])[O:3][H:10])([H:12])[H:13])([H:14])[H:15])[H:17],6.0,8.0
4,-0.0719,AM1BCC,AmberTools,,,C,,5,[H:16][C:7]1([C:6]([C:5]([C:4]([C:9]([C:8]1([H:18])[H:19])([H:20])[H:21])([H:11])[C:2](=[O:1])[O:3][H:10])([H:12])[H:13])([H:14])[H:15])[H:17],6.0,8.0
5,-0.0784,AM1BCC,AmberTools,,,C,,6,[H:16][C:7]1([C:6]([C:5]([C:4]([C:9]([C:8]1([H:18])[H:19])([H:20])[H:21])([H:11])[C:2](=[O:1])[O:3][H:10])([H:12])[H:13])([H:14])[H:15])[H:17],6.0,8.0
6,-0.0774,AM1BCC,AmberTools,,,C,,7,[H:16][C:7]1([C:6]([C:5]([C:4]([C:9]([C:8]1([H:18])[H:19])([H:20])[H:21])([H:11])[C:2](=[O:1])[O:3][H:10])([H:12])[H:13])([H:14])[H:15])[H:17],6.0,8.0
7,-0.0784,AM1BCC,AmberTools,,,C,,8,[H:16][C:7]1([C:6]([C:5]([C:4]([C:9]([C:8]1([H:18])[H:19])([H:20])[H:21])([H:11])[C:2](=[O:1])[O:3][H:10])([H:12])[H:13])([H:14])[H:15])[H:17],6.0,8.0
8,-0.0719,AM1BCC,AmberTools,,,C,,9,[H:16][C:7]1([C:6]([C:5]([C:4]([C:9]([C:8]1([H:18])[H:19])([H:20])[H:21])([H:11])[C:2](=[O:1])[O:3][H:10])([H:12])[H:13])([H:14])[H:15])[H:17],6.0,8.0
9,0.442,AM1BCC,AmberTools,,,H,,10,[H:16][C:7]1([C:6]([C:5]([C:4]([C:9]([C:8]1([H:18])[H:19])([H:20])[H:21])([H:11])[C:2](=[O:1])[O:3][H:10])([H:12])[H:13])([H:14])[H:15])[H:17],6.0,8.0
10,0.0807,AM1BCC,AmberTools,,,H,,11,[H:16][C:7]1([C:6]([C:5]([C:4]([C:9]([C:8]1([H:18])[H:19])([H:20])[H:21])([H:11])[C:2](=[O:1])[O:3][H:10])([H:12])[H:13])([H:14])[H:15])[H:17],6.0,8.0
11,0.05445,AM1BCC,AmberTools,,,H,,12,[H:16][C:7]1([C:6]([C:5]([C:4]([C:9]([C:8]1([H:18])[H:19])([H:20])[H:21])([H:11])[C:2](=[O:1])[O:3][H:10])([H:12])[H:13])([H:14])[H:15])[H:17],6.0,8.0
12,0.05445,AM1BCC,AmberTools,,,H,,13,[H:16][C:7]1([C:6]([C:5]([C:4]([C:9]([C:8]1([H:18])[H:19])([H:20])[H:21])([H:11])[C:2](=[O:1])[O:3][H:10])([H:12])[H:13])([H:14])[H:15])[H:17],6.0,8.0
13,0.0462,AM1BCC,AmberTools,,,H,,14,[H:16][C:7]1([C:6]([C:5]([C:4]([C:9]([C:8]1([H:18])[H:19])([H:20])[H:21])([H:11])[C:2](=[O:1])[O:3][H:10])([H:12])[H:13])([H:14])[H:15])[H:17],6.0,8.0
14,0.0462,AM1BCC,AmberTools,,,H,,15,[H:16][C:7]1([C:6]([C:5]([C:4]([C:9]([C:8]1([H:18])[H:19])([H:20])[H:21])([H:11])[C:2](=[O:1])[O:3][H:10])([H:12])[H:13])([H:14])[H:15])[H:17],6.0,8.0
15,0.0412,AM1BCC,AmberTools,,,H,,16,[H:16][C:7]1([C:6]([C:5]([C:4]([C:9]([C:8]1([H:18])[H:19])([H:20])[H:21])([H:11])[C:2](=[O:1])[O:3][H:10])([H:12])[H:13])([H:14])[H:15])[H:17],6.0,8.0
16,0.0412,AM1BCC,AmberTools,,,H,,17,[H:16][C:7]1([C:6]([C:5]([C:4]([C:9]([C:8]1([H:18])[H:19])([H:20])[H:21])([H:11])[C:2](=[O:1])[O:3][H:10])([H:12])[H:13])([H:14])[H:15])[H:17],6.0,8.0
17,0.0462,AM1BCC,AmberTools,,,H,,18,[H:16][C:7]1([C:6]([C:5]([C:4]([C:9]([C:8]1([H:18])[H:19])([H:20])[H:21])([H:11])[C:2](=[O:1])[O:3][H:10])([H:12])[H:13])([H:14])[H:15])[H:17],6.0,8.0
18,0.0462,AM1BCC,AmberTools,,,H,,19,[H:16][C:7]1([C:6]([C:5]([C:4]([C:9]([C:8]1([H:18])[H:19])([H:20])[H:21])([H:11])[C:2](=[O:1])[O:3][H:10])([H:12])[H:13])([H:14])[H:15])[H:17],6.0,8.0
19,0.05445,AM1BCC,AmberTools,,,H,,20,[H:16][C:7]1([C:6]([C:5]([C:4]([C:9]([C:8]1([H:18])[H:19])([H:20])[H:21])([H:11])[C:2](=[O:1])[O:3][H:10])([H:12])[H:13])([H:14])[H:15])[H:17],6.0,8.0
20,0.05445,AM1BCC,AmberTools,,,H,,21,[H:16][C:7]1([C:6]([C:5]([C:4]([C:9]([C:8]1([H:18])[H:19])([H:20])[H:21])([H:11])[C:2](=[O:1])[O:3][H:10])([H:12])[H:13])([H:14])[H:15])[H:17],6.0,8.0
0,-0.5548400254476638,AM1BCC,OpenEye,,,O,,1,[H:16][C:7]1([C:6]([C:5]([C:4]([C:9]([C:8]1([H:18])[H:19])([H:20])[H:21])([H:11])[C:2](=[O:1])[O:3][H:10])([H:12])[H:13])([H:14])[H:15])[H:17],6.0,9.0
1,0.6353899864923387,AM1BCC,OpenEye,,,C,,2,[H:16][C:7]1([C:6]([C:5]([C:4]([C:9]([C:8]1([H:18])[H:19])([H:20])[H:21])([H:11])[C:2](=[O:1])[O:3][H:10])([H:12])[H:13])([H:14])[H:15])[H:17],6.0,9.0
2,-0.6024100156057448,AM1BCC,OpenEye,,,O,,3,[H:16][C:7]1([C:6]([C:5]([C:4]([C:9]([C:8]1([H:18])[H:19])([H:20])[H:21])([H:11])[C:2](=[O:1])[O:3][H:10])([H:12])[H:13])([H:14])[H:15])[H:17],6.0,9.0
3,-0.10077999993449166,AM1BCC,OpenEye,,,C,,4,[H:16][C:7]1([C:6]([C:5]([C:4]([C:9]([C:8]1([H:18])[H:19])([H:20])[H:21])([H:11])[C:2](=[O:1])[O:3][H:10])([H:12])[H:13])([H:14])[H:15])[H:17],6.0,9.0
4,-0.07342999889737084,AM1BCC,OpenEye,,,C,,5,[H:16][C:7]1([C:6]([C:5]([C:4]([C:9]([C:8]1([H:18])[H:19])([H:20])[H:21])([H:11])[C:2](=[O:1])[O:3][H:10])([H:12])[H:13])([H:14])[H:15])[H:17],6.0,9.0
5,-0.07619999810343697,AM1BCC,OpenEye,,,C,,6,[H:16][C:7]1([C:6]([C:5]([C:4]([C:9]([C:8]1([H:18])[H:19])([H:20])[H:21])([H:11])[C:2](=[O:1])[O:3][H:10])([H:12])[H:13])([H:14])[H:15])[H:17],6.0,9.0
6,-0.0836999984014602,AM1BCC,OpenEye,,,C,,7,[H:16][C:7]1([C:6]([C:5]([C:4]([C:9]([C:8]1([H:18])[H:19])([H:20])[H:21])([H:11])[C:2](=[O:1])[O:3][H:10])([H:12])[H:13])([H:14])[H:15])[H:17],6.0,9.0
7,-0.07619999810343697,AM1BCC,OpenEye,,,C,,8,[H:16][C:7]1([C:6]([C:5]([C:4]([C:9]([C:8]1([H:18])[H:19])([H:20])[H:21])([H:11])[C:2](=[O:1])[O:3][H:10])([H:12])[H:13])([H:14])[H:15])[H:17],6.0,9.0
8,-0.07342999889737084,AM1BCC,OpenEye,,,C,,9,[H:16][C:7]1([C:6]([C:5]([C:4]([C:9]([C:8]1([H:18])[H:19])([H:20])[H:21])([H:11])[C:2](=[O:1])[O:3][H:10])([H:12])[H:13])([H:14])[H:15])[H:17],6.0,9.0
9,0.4429700104963212,AM1BCC,OpenEye,,,H,,10,[H:16][C:7]1([C:6]([C:5]([C:4]([C:9]([C:8]1([H:18])[H:19])([H:20])[H:21])([H:11])[C:2](=[O:1])[O:3][H:10])([H:12])[H:13])([H:14])[H:15])[H:17],6.0,9.0
10,0.0769300042163758,AM1BCC,OpenEye,,,H,,11,[H:16][C:7]1([C:6]([C:5]([C:4]([C:9]([C:8]1([H:18])[H:19])([H:20])[H:21])([H:11])[C:2](=[O:1])[O:3][H:10])([H:12])[H:13])([H:14])[H:15])[H:17],6.0,9.0
11,0.05507000447029159,AM1BCC,OpenEye,,,H,,12,[H:16][C:7]1([C:6]([C:5]([C:4]([C:9]([C:8]1([H:18])[H:19])([H:20])[H:21])([H:11])[C:2](=[O:1])[O:3][H:10])([H:12])[H:13])([H:14])[H:15])[H:17],6.0,9.0
12,0.05507000447029159,AM1BCC,OpenEye,,,H,,13,[H:16][C:7]1([C:6]([C:5]([C:4]([C:9]([C:8]1([H:18])[H:19])([H:20])[H:21])([H:11])[C:2](=[O:1])[O:3][H:10])([H:12])[H:13])([H:14])[H:15])[H:17],6.0,9.0
13,0.04169000223988578,AM1BCC,OpenEye,,,H,,14,[H:16][C:7]1([C:6]([C:5]([C:4]([C:9]([C:8]1([H:18])[H:19])([H:20])[H:21])([H:11])[C:2](=[O:1])[O:3][H:10])([H:12])[H:13])([H:14])[H:15])[H:17],6.0,9.0
14,0.04169000223988578,AM1BCC,OpenEye,,,H,,15,[H:16][C:7]1([C:6]([C:5]([C:4]([C:9]([C:8]1([H:18])[H:19])([H:20])[H:21])([H:11])[C:2](=[O:1])[O:3][H:10])([H:12])[H:13])([H:14])[H:15])[H:17],6.0,9.0
15,0.0493300026726155,AM1BCC,OpenEye,,,H,,16,[H:16][C:7]1([C:6]([C:5]([C:4]([C:9]([C:8]1([H:18])[H:19])([H:20])[H:21])([H:11])[C:2](=[O:1])[O:3][H:10])([H:12])[H:13])([H:14])[H:15])[H:17],6.0,9.0
16,0.0493300026726155,AM1BCC,OpenEye,,,H,,17,[H:16][C:7]1([C:6]([C:5]([C:4]([C:9]([C:8]1([H:18])[H:19])([H:20])[H:21])([H:11])[C:2](=[O:1])[O:3][H:10])([H:12])[H:13])([H:14])[H:15])[H:17],6.0,9.0
17,0.04169000223988578,AM1BCC,OpenEye,,,H,,18,[H:16][C:7]1([C:6]([C:5]([C:4]([C:9]([C:8]1([H:18])[H:19])([H:20])[H:21])([H:11])[C:2](=[O:1])[O:3][H:10])([H:12])[H:13])([H:14])[H:15])[H:17],6.0,9.0
18,0.04169000223988578,AM1BCC,OpenEye,,,H,,19,[H:16][C:7]1([C:6]([C:5]([C:4]([C:9]([C:8]1([H:18])[H:19])([H:20])[H:21])([H:11])[C:2](=[O:1])[O:3][H:10])([H:12])[H:13])([H:14])[H:15])[H:17],6.0,9.0
19,0.05507000447029159,AM1BCC,OpenEye,,,H,,20,[H:16][C:7]1([C:6]([C:5]([C:4]([C:9]([C:8]1([H:18])[H:19])([H:20])[H:21])([H:11])[C:2](=[O:1])[O:3][H:10])([H:12])[H:13])([H:14])[H:15])[H:17],6.0,9.0
20,0.05507000447029159,AM1BCC,OpenEye,,,H,,21,[H:16][C:7]1([C:6]([C:5]([C:4]([C:9]([C:8]1([H:18])[H:19])([H:20])[H:21])([H:11])[C:2](=[O:1])[O:3][H:10])([H:12])[H:13])([H:14])[H:15])[H:17],6.0,9.0
0,-0.551,AM1BCC,AmberTools,,,O,,1,[H:16][C:7]1([C:6]([C:5]([C:4]([C:9]([C:8]1([H:18])[H:19])([H:20])[H:21])([H:11])[C:2](=[O:1])[O:3][H:10])([H:12])[H:13])([H:14])[H:15])[H:17],6.0,9.0
1,0.6361,AM1BCC,AmberTools,,,C,,2,[H:16][C:7]1([C:6]([C:5]([C:4]([C:9]([C:8]1([H:18])[H:19])([H:20])[H:21])([H:11])[C:2](=[O:1])[O:3][H:10])([H:12])[H:13])([H:14])[H:15])[H:17],6.0,9.0
2,-0.6111,AM1BCC,AmberTools,,,O,,3,[H:16][C:7]1([C:6]([C:5]([C:4]([C:9]([C:8]1([H:18])[H:19])([H:20])[H:21])([H:11])[C:2](=[O:1])[O:3][H:10])([H:12])[H:13])([H:14])[H:15])[H:17],6.0,9.0
3,-0.1037,AM1BCC,AmberTools,,,C,,4,[H:16][C:7]1([C:6]([C:5]([C:4]([C:9]([C:8]1([H:18])[H:19])([H:20])[H:21])([H:11])[C:2](=[O:1])[O:3][H:10])([H:12])[H:13])([H:14])[H:15])[H:17],6.0,9.0
4,-0.0719,AM1BCC,AmberTools,,,C,,5,[H:16][C:7]1([C:6]([C:5]([C:4]([C:9]([C:8]1([H:18])[H:19])([H:20])[H:21])([H:11])[C:2](=[O:1])[O:3][H:10])([H:12])[H:13])([H:14])[H:15])[H:17],6.0,9.0
5,-0.0784,AM1BCC,AmberTools,,,C,,6,[H:16][C:7]1([C:6]([C:5]([C:4]([C:9]([C:8]1([H:18])[H:19])([H:20])[H:21])([H:11])[C:2](=[O:1])[O:3][H:10])([H:12])[H:13])([H:14])[H:15])[H:17],6.0,9.0
6,-0.0774,AM1BCC,AmberTools,,,C,,7,[H:16][C:7]1([C:6]([C:5]([C:4]([C:9]([C:8]1([H:18])[H:19])([H:20])[H:21])([H:11])[C:2](=[O:1])[O:3][H:10])([H:12])[H:13])([H:14])[H:15])[H:17],6.0,9.0
7,-0.0784,AM1BCC,AmberTools,,,C,,8,[H:16][C:7]1([C:6]([C:5]([C:4]([C:9]([C:8]1([H:18])[H:19])([H:20])[H:21])([H:11])[C:2](=[O:1])[O:3][H:10])([H:12])[H:13])([H:14])[H:15])[H:17],6.0,9.0
8,-0.0719,AM1BCC,AmberTools,,,C,,9,[H:16][C:7]1([C:6]([C:5]([C:4]([C:9]([C:8]1([H:18])[H:19])([H:20])[H:21])([H:11])[C:2](=[O:1])[O:3][H:10])([H:12])[H:13])([H:14])[H:15])[H:17],6.0,9.0
9,0.442,AM1BCC,AmberTools,,,H,,10,[H:16][C:7]1([C:6]([C:5]([C:4]([C:9]([C:8]1([H:18])[H:19])([H:20])[H:21])([H:11])[C:2](=[O:1])[O:3][H:10])([H:12])[H:13])([H:14])[H:15])[H:17],6.0,9.0
10,0.0807,AM1BCC,AmberTools,,,H,,11,[H:16][C:7]1([C:6]([C:5]([C:4]([C:9]([C:8]1([H:18])[H:19])([H:20])[H:21])([H:11])[C:2](=[O:1])[O:3][H:10])([H:12])[H:13])([H:14])[H:15])[H:17],6.0,9.0
11,0.05445,AM1BCC,AmberTools,,,H,,12,[H:16][C:7]1([C:6]([C:5]([C:4]([C:9]([C:8]1([H:18])[H:19])([H:20])[H:21])([H:11])[C:2](=[O:1])[O:3][H:10])([H:12])[H:13])([H:14])[H:15])[H:17],6.0,9.0
12,0.05445,AM1BCC,AmberTools,,,H,,13,[H:16][C:7]1([C:6]([C:5]([C:4]([C:9]([C:8]1([H:18])[H:19])([H:20])[H:21])([H:11])[C:2](=[O:1])[O:3][H:10])([H:12])[H:13])([H:14])[H:15])[H:17],6.0,9.0
13,0.0462,AM1BCC,AmberTools,,,H,,14,[H:16][C:7]1([C:6]([C:5]([C:4]([C:9]([C:8]1([H:18])[H:19])([H:20])[H:21])([H:11])[C:2](=[O:1])[O:3][H:10])([H:12])[H:13])([H:14])[H:15])[H:17],6.0,9.0
14,0.0462,AM1BCC,AmberTools,,,H,,15,[H:16][C:7]1([C:6]([C:5]([C:4]([C:9]([C:8]1([H:18])[H:19])([H:20])[H:21])([H:11])[C:2](=[O:1])[O:3][H:10])([H:12])[H:13])([H:14])[H:15])[H:17],6.0,9.0
15,0.0412,AM1BCC,AmberTools,,,H,,16,[H:16][C:7]1([C:6]([C:5]([C:4]([C:9]([C:8]1([H:18])[H:19])([H:20])[H:21])([H:11])[C:2](=[O:1])[O:3][H:10])([H:12])[H:13])([H:14])[H:15])[H:17],6.0,9.0
16,0.0412,AM1BCC,AmberTools,,,H,,17,[H:16][C:7]1([C:6]([C:5]([C:4]([C:9]([C:8]1([H:18])[H:19])([H:20])[H:21])([H:11])[C:2](=[O:1])[O:3][H:10])([H:12])[H:13])([H:14])[H:15])[H:17],6.0,9.0
17,0.0462,AM1BCC,AmberTools,,,H,,18,[H:16][C:7]1([C:6]([C:5]([C:4]([C:9]([C:8]1([H:18])[H:19])([H:20])[H:21])([H:11])[C:2](=[O:1])[O:3][H:10])([H:12])[H:13])([H:14])[H:15])[H:17],6.0,9.0
18,0.0462,AM1BCC,AmberTools,,,H,,19,[H:16][C:7]1([C:6]([C:5]([C:4]([C:9]([C:8]1([H:18])[H:19])([H:20])[H:21])([H:11])[C:2](=[O:1])[O:3][H:10])([H:12])[H:13])([H:14])[H:15])[H:17],6.0,9.0
19,0.05445,AM1BCC,AmberTools,,,H,,20,[H:16][C:7]1([C:6]([C:5]([C:4]([C:9]([C:8]1([H:18])[H:19])([H:20])[H:21])([H:11])[C:2](=[O:1])[O:3][H:10])([H:12])[H:13])([H:14])[H:15])[H:17],6.0,9.0
20,0.05445,AM1BCC,AmberTools,,,H,,21,[H:16][C:7]1([C:6]([C:5]([C:4]([C:9]([C:8]1([H:18])[H:19])([H:20])[H:21])([H:11])[C:2](=[O:1])[O:3][H:10])([H:12])[H:13])([H:14])[H:15])[H:17],6.0,9.0
0,-0.5548400254476638,AM1BCC,OpenEye,,,O,,1,[H:16][C:7]1([C:6]([C:5]([C:4]([C:9]([C:8]1([H:18])[H:19])([H:20])[H:21])([H:11])[C:2](=[O:1])[O:3][H:10])([H:12])[H:13])([H:14])[H:15])[H:17],6.0,10.0
1,0.6353899864923387,AM1BCC,OpenEye,,,C,,2,[H:16][C:7]1([C:6]([C:5]([C:4]([C:9]([C:8]1([H:18])[H:19])([H:20])[H:21])([H:11])[C:2](=[O:1])[O:3][H:10])([H:12])[H:13])([H:14])[H:15])[H:17],6.0,10.0
2,-0.6024100156057448,AM1BCC,OpenEye,,,O,,3,[H:16][C:7]1([C:6]([C:5]([C:4]([C:9]([C:8]1([H:18])[H:19])([H:20])[H:21])([H:11])[C:2](=[O:1])[O:3][H:10])([H:12])[H:13])([H:14])[H:15])[H:17],6.0,10.0
3,-0.10077999993449166,AM1BCC,OpenEye,,,C,,4,[H:16][C:7]1([C:6]([C:5]([C:4]([C:9]([C:8]1([H:18])[H:19])([H:20])[H:21])([H:11])[C:2](=[O:1])[O:3][H:10])([H:12])[H:13])([H:14])[H:15])[H:17],6.0,10.0
4,-0.07342999889737084,AM1BCC,OpenEye,,,C,,5,[H:16][C:7]1([C:6]([C:5]([C:4]([C:9]([C:8]1([H:18])[H:19])([H:20])[H:21])([H:11])[C:2](=[O:1])[O:3][H:10])([H:12])[H:13])([H:14])[H:15])[H:17],6.0,10.0
5,-0.07619999810343697,AM1BCC,OpenEye,,,C,,6,[H:16][C:7]1([C:6]([C:5]([C:4]([C:9]([C:8]1([H:18])[H:19])([H:20])[H:21])([H:11])[C:2](=[O:1])[O:3][H:10])([H:12])[H:13])([H:14])[H:15])[H:17],6.0,10.0
6,-0.0836999984014602,AM1BCC,OpenEye,,,C,,7,[H:16][C:7]1([C:6]([C:5]([C:4]([C:9]([C:8]1([H:18])[H:19])([H:20])[H:21])([H:11])[C:2](=[O:1])[O:3][H:10])([H:12])[H:13])([H:14])[H:15])[H:17],6.0,10.0
7,-0.07619999810343697,AM1BCC,OpenEye,,,C,,8,[H:16][C:7]1([C:6]([C:5]([C:4]([C:9]([C:8]1([H:18])[H:19])([H:20])[H:21])([H:11])[C:2](=[O:1])[O:3][H:10])([H:12])[H:13])([H:14])[H:15])[H:17],6.0,10.0
8,-0.07342999889737084,AM1BCC,OpenEye,,,C,,9,[H:16][C:7]1([C:6]([C:5]([C:4]([C:9]([C:8]1([H:18])[H:19])([H:20])[H:21])([H:11])[C:2](=[O:1])[O:3][H:10])([H:12])[H:13])([H:14])[H:15])[H:17],6.0,10.0
9,0.4429700104963212,AM1BCC,OpenEye,,,H,,10,[H:16][C:7]1([C:6]([C:5]([C:4]([C:9]([C:8]1([H:18])[H:19])([H:20])[H:21])([H:11])[C:2](=[O:1])[O:3][H:10])([H:12])[H:13])([H:14])[H:15])[H:17],6.0,10.0
10,0.0769300042163758,AM1BCC,OpenEye,,,H,,11,[H:16][C:7]1([C:6]([C:5]([C:4]([C:9]([C:8]1([H:18])[H:19])([H:20])[H:21])([H:11])[C:2](=[O:1])[O:3][H:10])([H:12])[H:13])([H:14])[H:15])[H:17],6.0,10.0
11,0.05507000447029159,AM1BCC,OpenEye,,,H,,12,[H:16][C:7]1([C:6]([C:5]([C:4]([C:9]([C:8]1([H:18])[H:19])([H:20])[H:21])([H:11])[C:2](=[O:1])[O:3][H:10])([H:12])[H:13])([H:14])[H:15])[H:17],6.0,10.0
12,0.05507000447029159,AM1BCC,OpenEye,,,H,,13,[H:16][C:7]1([C:6]([C:5]([C:4]([C:9]([C:8]1([H:18])[H:19])([H:20])[H:21])([H:11])[C:2](=[O:1])[O:3][H:10])([H:12])[H:13])([H:14])[H:15])[H:17],6.0,10.0
13,0.04169000223988578,AM1BCC,OpenEye,,,H,,14,[H:16][C:7]1([C:6]([C:5]([C:4]([C:9]([C:8]1([H:18])[H:19])([H:20])[H:21])([H:11])[C:2](=[O:1])[O:3][H:10])([H:12])[H:13])([H:14])[H:15])[H:17],6.0,10.0
14,0.04169000223988578,AM1BCC,OpenEye,,,H,,15,[H:16][C:7]1([C:6]([C:5]([C:4]([C:9]([C:8]1([H:18])[H:19])([H:20])[H:21])([H:11])[C:2](=[O:1])[O:3][H:10])([H:12])[H:13])([H:14])[H:15])[H:17],6.0,10.0
15,0.0493300026726155,AM1BCC,OpenEye,,,H,,16,[H:16][C:7]1([C:6]([C:5]([C:4]([C:9]([C:8]1([H:18])[H:19])([H:20])[H:21])([H:11])[C:2](=[O:1])[O:3][H:10])([H:12])[H:13])([H:14])[H:15])[H:17],6.0,10.0
16,0.0493300026726155,AM1BCC,OpenEye,,,H,,17,[H:16][C:7]1([C:6]([C:5]([C:4]([C:9]([C:8]1([H:18])[H:19])([H:20])[H:21])([H:11])[C:2](=[O:1])[O:3][H:10])([H:12])[H:13])([H:14])[H:15])[H:17],6.0,10.0
17,0.04169000223988578,AM1BCC,OpenEye,,,H,,18,[H:16][C:7]1([C:6]([C:5]([C:4]([C:9]([C:8]1([H:18])[H:19])([H:20])[H:21])([H:11])[C:2](=[O:1])[O:3][H:10])([H:12])[H:13])([H:14])[H:15])[H:17],6.0,10.0
18,0.04169000223988578,AM1BCC,OpenEye,,,H,,19,[H:16][C:7]1([C:6]([C:5]([C:4]([C:9]([C:8]1([H:18])[H:19])([H:20])[H:21])([H:11])[C:2](=[O:1])[O:3][H:10])([H:12])[H:13])([H:14])[H:15])[H:17],6.0,10.0
19,0.05507000447029159,AM1BCC,OpenEye,,,H,,20,[H:16][C:7]1([C:6]([C:5]([C:4]([C:9]([C:8]1([H:18])[H:19])([H:20])[H:21])([H:11])[C:2](=[O:1])[O:3][H:10])([H:12])[H:13])([H:14])[H:15])[H:17],6.0,10.0
20,0.05507000447029159,AM1BCC,OpenEye,,,H,,21,[H:16][C:7]1([C:6]([C:5]([C:4]([C:9]([C:8]1([H:18])[H:19])([H:20])[H:21])([H:11])[C:2](=[O:1])[O:3][H:10])([H:12])[H:13])([H:14])[H:15])[H:17],6.0,10.0
0,-0.551,AM1BCC,AmberTools,,,O,,1,[H:16][C:7]1([C:6]([C:5]([C:4]([C:9]([C:8]1([H:18])[H:19])([H:20])[H:21])([H:11])[C:2](=[O:1])[O:3][H:10])([H:12])[H:13])([H:14])[H:15])[H:17],6.0,10.0
1,0.6361,AM1BCC,AmberTools,,,C,,2,[H:16][C:7]1([C:6]([C:5]([C:4]([C:9]([C:8]1([H:18])[H:19])([H:20])[H:21])([H:11])[C:2](=[O:1])[O:3][H:10])([H:12])[H:13])([H:14])[H:15])[H:17],6.0,10.0
2,-0.6111,AM1BCC,AmberTools,,,O,,3,[H:16][C:7]1([C:6]([C:5]([C:4]([C:9]([C:8]1([H:18])[H:19])([H:20])[H:21])([H:11])[C:2](=[O:1])[O:3][H:10])([H:12])[H:13])([H:14])[H:15])[H:17],6.0,10.0
3,-0.1037,AM1BCC,AmberTools,,,C,,4,[H:16][C:7]1([C:6]([C:5]([C:4]([C:9]([C:8]1([H:18])[H:19])([H:20])[H:21])([H:11])[C:2](=[O:1])[O:3][H:10])([H:12])[H:13])([H:14])[H:15])[H:17],6.0,10.0
4,-0.0719,AM1BCC,AmberTools,,,C,,5,[H:16][C:7]1([C:6]([C:5]([C:4]([C:9]([C:8]1([H:18])[H:19])([H:20])[H:21])([H:11])[C:2](=[O:1])[O:3][H:10])([H:12])[H:13])([H:14])[H:15])[H:17],6.0,10.0
5,-0.0784,AM1BCC,AmberTools,,,C,,6,[H:16][C:7]1([C:6]([C:5]([C:4]([C:9]([C:8]1([H:18])[H:19])([H:20])[H:21])([H:11])[C:2](=[O:1])[O:3][H:10])([H:12])[H:13])([H:14])[H:15])[H:17],6.0,10.0
6,-0.0774,AM1BCC,AmberTools,,,C,,7,[H:16][C:7]1([C:6]([C:5]([C:4]([C:9]([C:8]1([H:18])[H:19])([H:20])[H:21])([H:11])[C:2](=[O:1])[O:3][H:10])([H:12])[H:13])([H:14])[H:15])[H:17],6.0,10.0
7,-0.0784,AM1BCC,AmberTools,,,C,,8,[H:16][C:7]1([C:6]([C:5]([C:4]([C:9]([C:8]1([H:18])[H:19])([H:20])[H:21])([H:11])[C:2](=[O:1])[O:3][H:10])([H:12])[H:13])([H:14])[H:15])[H:17],6.0,10.0
8,-0.0719,AM1BCC,AmberTools,,,C,,9,[H:16][C:7]1([C:6]([C:5]([C:4]([C:9]([C:8]1([H:18])[H:19])([H:20])[H:21])([H:11])[C:2](=[O:1])[O:3][H:10])([H:12])[H:13])([H:14])[H:15])[H:17],6.0,10.0
9,0.442,AM1BCC,AmberTools,,,H,,10,[H:16][C:7]1([C:6]([C:5]([C:4]([C:9]([C:8]1([H:18])[H:19])([H:20])[H:21])([H:11])[C:2](=[O:1])[O:3][H:10])([H:12])[H:13])([H:14])[H:15])[H:17],6.0,10.0
10,0.0807,AM1BCC,AmberTools,,,H,,11,[H:16][C:7]1([C:6]([C:5]([C:4]([C:9]([C:8]1([H:18])[H:19])([H:20])[H:21])([H:11])[C:2](=[O:1])[O:3][H:10])([H:12])[H:13])([H:14])[H:15])[H:17],6.0,10.0
11,0.05445,AM1BCC,AmberTools,,,H,,12,[H:16][C:7]1([C:6]([C:5]([C:4]([C:9]([C:8]1([H:18])[H:19])([H:20])[H:21])([H:11])[C:2](=[O:1])[O:3][H:10])([H:12])[H:13])([H:14])[H:15])[H:17],6.0,10.0
12,0.05445,AM1BCC,AmberTools,,,H,,13,[H:16][C:7]1([C:6]([C:5]([C:4]([C:9]([C:8]1([H:18])[H:19])([H:20])[H:21])([H:11])[C:2](=[O:1])[O:3][H:10])([H:12])[H:13])([H:14])[H:15])[H:17],6.0,10.0
13,0.0462,AM1BCC,AmberTools,,,H,,14,[H:16][C:7]1([C:6]([C:5]([C:4]([C:9]([C:8]1([H:18])[H:19])([H:20])[H:21])([H:11])[C:2](=[O:1])[O:3][H:10])([H:12])[H:13])([H:14])[H:15])[H:17],6.0,10.0
14,0.0462,AM1BCC,AmberTools,,,H,,15,[H:16][C:7]1([C:6]([C:5]([C:4]([C:9]([C:8]1([H:18])[H:19])([H:20])[H:21])([H:11])[C:2](=[O:1])[O:3][H:10])([H:12])[H:13])([H:14])[H:15])[H:17],6.0,10.0
15,0.0412,AM1BCC,AmberTools,,,H,,16,[H:16][C:7]1([C:6]([C:5]([C:4]([C:9]([C:8]1([H:18])[H:19])([H:20])[H:21])([H:11])[C:2](=[O:1])[O:3][H:10])([H:12])[H:13])([H:14])[H:15])[H:17],6.0,10.0
16,0.0412,AM1BCC,AmberTools,,,H,,17,[H:16][C:7]1([C:6]([C:5]([C:4]([C:9]([C:8]1([H:18])[H:19])([H:20])[H:21])([H:11])[C:2](=[O:1])[O:3][H:10])([H:12])[H:13])([H:14])[H:15])[H:17],6.0,10.0
17,0.0462,AM1BCC,AmberTools,,,H,,18,[H:16][C:7]1([C:6]([C:5]([C:4]([C:9]([C:8]1([H:18])[H:19])([H:20])[H:21])([H:11])[C:2](=[O:1])[O:3][H:10])([H:12])[H:13])([H:14])[H:15])[H:17],6.0,10.0
18,0.0462,AM1BCC,AmberTools,,,H,,19,[H:16][C:7]1([C:6]([C:5]([C:4]([C:9]([C:8]1([H:18])[H:19])([H:20])[H:21])([H:11])[C:2](=[O:1])[O:3][H:10])([H:12])[H:13])([H:14])[H:15])[H:17],6.0,10.0
19,0.05445,AM1BCC,AmberTools,,,H,,20,[H:16][C:7]1([C:6]([C:5]([C:4]([C:9]([C:8]1([H:18])[H:19])([H:20])[H:21])([H:11])[C:2](=[O:1])[O:3][H:10])([H:12])[H:13])([H:14])[H:15])[H:17],6.0,10.0
20,0.05445,AM1BCC,AmberTools,,,H,,21,[H:16][C:7]1([C:6]([C:5]([C:4]([C:9]([C:8]1([H:18])[H:19])([H:20])[H:21])([H:11])[C:2](=[O:1])[O:3][H:10])([H:12])[H:13])([H:14])[H:15])[H:17],6.0,10.0
0,-0.5548400254476638,AM1BCC,OpenEye,,,O,,1,[H:16][C:7]1([C:6]([C:5]([C:4]([C:9]([C:8]1([H:18])[H:19])([H:20])[H:21])([H:11])[C:2](=[O:1])[O:3][H:10])([H:12])[H:13])([H:14])[H:15])[H:17],6.0,11.0
1,0.6353899864923387,AM1BCC,OpenEye,,,C,,2,[H:16][C:7]1([C:6]([C:5]([C:4]([C:9]([C:8]1([H:18])[H:19])([H:20])[H:21])([H:11])[C:2](=[O:1])[O:3][H:10])([H:12])[H:13])([H:14])[H:15])[H:17],6.0,11.0
2,-0.6024100156057448,AM1BCC,OpenEye,,,O,,3,[H:16][C:7]1([C:6]([C:5]([C:4]([C:9]([C:8]1([H:18])[H:19])([H:20])[H:21])([H:11])[C:2](=[O:1])[O:3][H:10])([H:12])[H:13])([H:14])[H:15])[H:17],6.0,11.0
3,-0.10077999993449166,AM1BCC,OpenEye,,,C,,4,[H:16][C:7]1([C:6]([C:5]([C:4]([C:9]([C:8]1([H:18])[H:19])([H:20])[H:21])([H:11])[C:2](=[O:1])[O:3][H:10])([H:12])[H:13])([H:14])[H:15])[H:17],6.0,11.0
4,-0.07342999889737084,AM1BCC,OpenEye,,,C,,5,[H:16][C:7]1([C:6]([C:5]([C:4]([C:9]([C:8]1([H:18])[H:19])([H:20])[H:21])([H:11])[C:2](=[O:1])[O:3][H:10])([H:12])[H:13])([H:14])[H:15])[H:17],6.0,11.0
5,-0.07619999810343697,AM1BCC,OpenEye,,,C,,6,[H:16][C:7]1([C:6]([C:5]([C:4]([C:9]([C:8]1([H:18])[H:19])([H:20])[H:21])([H:11])[C:2](=[O:1])[O:3][H:10])([H:12])[H:13])([H:14])[H:15])[H:17],6.0,11.0
6,-0.0836999984014602,AM1BCC,OpenEye,,,C,,7,[H:16][C:7]1([C:6]([C:5]([C:4]([C:9]([C:8]1([H:18])[H:19])([H:20])[H:21])([H:11])[C:2](=[O:1])[O:3][H:10])([H:12])[H:13])([H:14])[H:15])[H:17],6.0,11.0
7,-0.07619999810343697,AM1BCC,OpenEye,,,C,,8,[H:16][C:7]1([C:6]([C:5]([C:4]([C:9]([C:8]1([H:18])[H:19])([H:20])[H:21])([H:11])[C:2](=[O:1])[O:3][H:10])([H:12])[H:13])([H:14])[H:15])[H:17],6.0,11.0
8,-0.07342999889737084,AM1BCC,OpenEye,,,C,,9,[H:16][C:7]1([C:6]([C:5]([C:4]([C:9]([C:8]1([H:18])[H:19])([H:20])[H:21])([H:11])[C:2](=[O:1])[O:3][H:10])([H:12])[H:13])([H:14])[H:15])[H:17],6.0,11.0
9,0.4429700104963212,AM1BCC,OpenEye,,,H,,10,[H:16][C:7]1([C:6]([C:5]([C:4]([C:9]([C:8]1([H:18])[H:19])([H:20])[H:21])([H:11])[C:2](=[O:1])[O:3][H:10])([H:12])[H:13])([H:14])[H:15])[H:17],6.0,11.0
10,0.0769300042163758,AM1BCC,OpenEye,,,H,,11,[H:16][C:7]1([C:6]([C:5]([C:4]([C:9]([C:8]1([H:18])[H:19])([H:20])[H:21])([H:11])[C:2](=[O:1])[O:3][H:10])([H:12])[H:13])([H:14])[H:15])[H:17],6.0,11.0
11,0.05507000447029159,AM1BCC,OpenEye,,,H,,12,[H:16][C:7]1([C:6]([C:5]([C:4]([C:9]([C:8]1([H:18])[H:19])([H:20])[H:21])([H:11])[C:2](=[O:1])[O:3][H:10])([H:12])[H:13])([H:14])[H:15])[H:17],6.0,11.0
12,0.05507000447029159,AM1BCC,OpenEye,,,H,,13,[H:16][C:7]1([C:6]([C:5]([C:4]([C:9]([C:8]1([H:18])[H:19])([H:20])[H:21])([H:11])[C:2](=[O:1])[O:3][H:10])([H:12])[H:13])([H:14])[H:15])[H:17],6.0,11.0
13,0.04169000223988578,AM1BCC,OpenEye,,,H,,14,[H:16][C:7]1([C:6]([C:5]([C:4]([C:9]([C:8]1([H:18])[H:19])([H:20])[H:21])([H:11])[C:2](=[O:1])[O:3][H:10])([H:12])[H:13])([H:14])[H:15])[H:17],6.0,11.0
14,0.04169000223988578,AM1BCC,OpenEye,,,H,,15,[H:16][C:7]1([C:6]([C:5]([C:4]([C:9]([C:8]1([H:18])[H:19])([H:20])[H:21])([H:11])[C:2](=[O:1])[O:3][H:10])([H:12])[H:13])([H:14])[H:15])[H:17],6.0,11.0
15,0.0493300026726155,AM1BCC,OpenEye,,,H,,16,[H:16][C:7]1([C:6]([C:5]([C:4]([C:9]([C:8]1([H:18])[H:19])([H:20])[H:21])([H:11])[C:2](=[O:1])[O:3][H:10])([H:12])[H:13])([H:14])[H:15])[H:17],6.0,11.0
16,0.0493300026726155,AM1BCC,OpenEye,,,H,,17,[H:16][C:7]1([C:6]([C:5]([C:4]([C:9]([C:8]1([H:18])[H:19])([H:20])[H:21])([H:11])[C:2](=[O:1])[O:3][H:10])([H:12])[H:13])([H:14])[H:15])[H:17],6.0,11.0
17,0.04169000223988578,AM1BCC,OpenEye,,,H,,18,[H:16][C:7]1([C:6]([C:5]([C:4]([C:9]([C:8]1([H:18])[H:19])([H:20])[H:21])([H:11])[C:2](=[O:1])[O:3][H:10])([H:12])[H:13])([H:14])[H:15])[H:17],6.0,11.0
18,0.04169000223988578,AM1BCC,OpenEye,,,H,,19,[H:16][C:7]1([C:6]([C:5]([C:4]([C:9]([C:8]1([H:18])[H:19])([H:20])[H:21])([H:11])[C:2](=[O:1])[O:3][H:10])([H:12])[H:13])([H:14])[H:15])[H:17],6.0,11.0
19,0.05507000447029159,AM1BCC,OpenEye,,,H,,20,[H:16][C:7]1([C:6]([C:5]([C:4]([C:9]([C:8]1([H:18])[H:19])([H:20])[H:21])([H:11])[C:2](=[O:1])[O:3][H:10])([H:12])[H:13])([H:14])[H:15])[H:17],6.0,11.0
20,0.05507000447029159,AM1BCC,OpenEye,,,H,,21,[H:16][C:7]1([C:6]([C:5]([C:4]([C:9]([C:8]1([H:18])[H:19])([H:20])[H:21])([H:11])[C:2](=[O:1])[O:3][H:10])([H:12])[H:13])([H:14])[H:15])[H:17],6.0,11.0
0,-0.551,AM1BCC,AmberTools,,,O,,1,[H:16][C:7]1([C:6]([C:5]([C:4]([C:9]([C:8]1([H:18])[H:19])([H:20])[H:21])([H:11])[C:2](=[O:1])[O:3][H:10])([H:12])[H:13])([H:14])[H:15])[H:17],6.0,11.0
1,0.6361,AM1BCC,AmberTools,,,C,,2,[H:16][C:7]1([C:6]([C:5]([C:4]([C:9]([C:8]1([H:18])[H:19])([H:20])[H:21])([H:11])[C:2](=[O:1])[O:3][H:10])([H:12])[H:13])([H:14])[H:15])[H:17],6.0,11.0
2,-0.6111,AM1BCC,AmberTools,,,O,,3,[H:16][C:7]1([C:6]([C:5]([C:4]([C:9]([C:8]1([H:18])[H:19])([H:20])[H:21])([H:11])[C:2](=[O:1])[O:3][H:10])([H:12])[H:13])([H:14])[H:15])[H:17],6.0,11.0
3,-0.1037,AM1BCC,AmberTools,,,C,,4,[H:16][C:7]1([C:6]([C:5]([C:4]([C:9]([C:8]1([H:18])[H:19])([H:20])[H:21])([H:11])[C:2](=[O:1])[O:3][H:10])([H:12])[H:13])([H:14])[H:15])[H:17],6.0,11.0
4,-0.0719,AM1BCC,AmberTools,,,C,,5,[H:16][C:7]1([C:6]([C:5]([C:4]([C:9]([C:8]1([H:18])[H:19])([H:20])[H:21])([H:11])[C:2](=[O:1])[O:3][H:10])([H:12])[H:13])([H:14])[H:15])[H:17],6.0,11.0
5,-0.0784,AM1BCC,AmberTools,,,C,,6,[H:16][C:7]1([C:6]([C:5]([C:4]([C:9]([C:8]1([H:18])[H:19])([H:20])[H:21])([H:11])[C:2](=[O:1])[O:3][H:10])([H:12])[H:13])([H:14])[H:15])[H:17],6.0,11.0
6,-0.0774,AM1BCC,AmberTools,,,C,,7,[H:16][C:7]1([C:6]([C:5]([C:4]([C:9]([C:8]1([H:18])[H:19])([H:20])[H:21])([H:11])[C:2](=[O:1])[O:3][H:10])([H:12])[H:13])([H:14])[H:15])[H:17],6.0,11.0
7,-0.0784,AM1BCC,AmberTools,,,C,,8,[H:16][C:7]1([C:6]([C:5]([C:4]([C:9]([C:8]1([H:18])[H:19])([H:20])[H:21])([H:11])[C:2](=[O:1])[O:3][H:10])([H:12])[H:13])([H:14])[H:15])[H:17],6.0,11.0
8,-0.0719,AM1BCC,AmberTools,,,C,,9,[H:16][C:7]1([C:6]([C:5]([C:4]([C:9]([C:8]1([H:18])[H:19])([H:20])[H:21])([H:11])[C:2](=[O:1])[O:3][H:10])([H:12])[H:13])([H:14])[H:15])[H:17],6.0,11.0
9,0.442,AM1BCC,AmberTools,,,H,,10,[H:16][C:7]1([C:6]([C:5]([C:4]([C:9]([C:8]1([H:18])[H:19])([H:20])[H:21])([H:11])[C:2](=[O:1])[O:3][H:10])([H:12])[H:13])([H:14])[H:15])[H:17],6.0,11.0
10,0.0807,AM1BCC,AmberTools,,,H,,11,[H:16][C:7]1([C:6]([C:5]([C:4]([C:9]([C:8]1([H:18])[H:19])([H:20])[H:21])([H:11])[C:2](=[O:1])[O:3][H:10])([H:12])[H:13])([H:14])[H:15])[H:17],6.0,11.0
11,0.05445,AM1BCC,AmberTools,,,H,,12,[H:16][C:7]1([C:6]([C:5]([C:4]([C:9]([C:8]1([H:18])[H:19])([H:20])[H:21])([H:11])[C:2](=[O:1])[O:3][H:10])([H:12])[H:13])([H:14])[H:15])[H:17],6.0,11.0
12,0.05445,AM1BCC,AmberTools,,,H,,13,[H:16][C:7]1([C:6]([C:5]([C:4]([C:9]([C:8]1([H:18])[H:19])([H:20])[H:21])([H:11])[C:2](=[O:1])[O:3][H:10])([H:12])[H:13])([H:14])[H:15])[H:17],6.0,11.0
13,0.0462,AM1BCC,AmberTools,,,H,,14,[H:16][C:7]1([C:6]([C:5]([C:4]([C:9]([C:8]1([H:18])[H:19])([H:20])[H:21])([H:11])[C:2](=[O:1])[O:3][H:10])([H:12])[H:13])([H:14])[H:15])[H:17],6.0,11.0
14,0.0462,AM1BCC,AmberTools,,,H,,15,[H:16][C:7]1([C:6]([C:5]([C:4]([C:9]([C:8]1([H:18])[H:19])([H:20])[H:21])([H:11])[C:2](=[O:1])[O:3][H:10])([H:12])[H:13])([H:14])[H:15])[H:17],6.0,11.0
15,0.0412,AM1BCC,AmberTools,,,H,,16,[H:16][C:7]1([C:6]([C:5]([C:4]([C:9]([C:8]1([H:18])[H:19])([H:20])[H:21])([H:11])[C:2](=[O:1])[O:3][H:10])([H:12])[H:13])([H:14])[H:15])[H:17],6.0,11.0
16,0.0412,AM1BCC,AmberTools,,,H,,17,[H:16][C:7]1([C:6]([C:5]([C:4]([C:9]([C:8]1([H:18])[H:19])([H:20])[H:21])([H:11])[C:2](=[O:1])[O:3][H:10])([H:12])[H:13])([H:14])[H:15])[H:17],6.0,11.0
17,0.0462,AM1BCC,AmberTools,,,H,,18,[H:16][C:7]1([C:6]([C:5]([C:4]([C:9]([C:8]1([H:18])[H:19])([H:20])[H:21])([H:11])[C:2](=[O:1])[O:3][H:10])([H:12])[H:13])([H:14])[H:15])[H:17],6.0,11.0
18,0.0462,AM1BCC,AmberTools,,,H,,19,[H:16][C:7]1([C:6]([C:5]([C:4]([C:9]([C:8]1([H:18])[H:19])([H:20])[H:21])([H:11])[C:2](=[O:1])[O:3][H:10])([H:12])[H:13])([H:14])[H:15])[H:17],6.0,11.0
19,0.05445,AM1BCC,AmberTools,,,H,,20,[H:16][C:7]1([C:6]([C:5]([C:4]([C:9]([C:8]1([H:18])[H:19])([H:20])[H:21])([H:11])[C:2](=[O:1])[O:3][H:10])([H:12])[H:13])([H:14])[H:15])[H:17],6.0,11.0
20,0.05445,AM1BCC,AmberTools,,,H,,21,[H:16][C:7]1([C:6]([C:5]([C:4]([C:9]([C:8]1([H:18])[H:19])([H:20])[H:21])([H:11])[C:2](=[O:1])[O:3][H:10])([H:12])[H:13])([H:14])[H:15])[H:17],6.0,11.0
0,-0.5548400254476638,AM1BCC,OpenEye,,,O,,1,[H:16][C:7]1([C:6]([C:5]([C:4]([C:9]([C:8]1([H:18])[H:19])([H:20])[H:21])([H:11])[C:2](=[O:1])[O:3][H:10])([H:12])[H:13])([H:14])[H:15])[H:17],6.0,12.0
1,0.6353899864923387,AM1BCC,OpenEye,,,C,,2,[H:16][C:7]1([C:6]([C:5]([C:4]([C:9]([C:8]1([H:18])[H:19])([H:20])[H:21])([H:11])[C:2](=[O:1])[O:3][H:10])([H:12])[H:13])([H:14])[H:15])[H:17],6.0,12.0
2,-0.6024100156057448,AM1BCC,OpenEye,,,O,,3,[H:16][C:7]1([C:6]([C:5]([C:4]([C:9]([C:8]1([H:18])[H:19])([H:20])[H:21])([H:11])[C:2](=[O:1])[O:3][H:10])([H:12])[H:13])([H:14])[H:15])[H:17],6.0,12.0
3,-0.10077999993449166,AM1BCC,OpenEye,,,C,,4,[H:16][C:7]1([C:6]([C:5]([C:4]([C:9]([C:8]1([H:18])[H:19])([H:20])[H:21])([H:11])[C:2](=[O:1])[O:3][H:10])([H:12])[H:13])([H:14])[H:15])[H:17],6.0,12.0
4,-0.07342999889737084,AM1BCC,OpenEye,,,C,,5,[H:16][C:7]1([C:6]([C:5]([C:4]([C:9]([C:8]1([H:18])[H:19])([H:20])[H:21])([H:11])[C:2](=[O:1])[O:3][H:10])([H:12])[H:13])([H:14])[H:15])[H:17],6.0,12.0
5,-0.07619999810343697,AM1BCC,OpenEye,,,C,,6,[H:16][C:7]1([C:6]([C:5]([C:4]([C:9]([C:8]1([H:18])[H:19])([H:20])[H:21])([H:11])[C:2](=[O:1])[O:3][H:10])([H:12])[H:13])([H:14])[H:15])[H:17],6.0,12.0
6,-0.0836999984014602,AM1BCC,OpenEye,,,C,,7,[H:16][C:7]1([C:6]([C:5]([C:4]([C:9]([C:8]1([H:18])[H:19])([H:20])[H:21])([H:11])[C:2](=[O:1])[O:3][H:10])([H:12])[H:13])([H:14])[H:15])[H:17],6.0,12.0
7,-0.07619999810343697,AM1BCC,OpenEye,,,C,,8,[H:16][C:7]1([C:6]([C:5]([C:4]([C:9]([C:8]1([H:18])[H:19])([H:20])[H:21])([H:11])[C:2](=[O:1])[O:3][H:10])([H:12])[H:13])([H:14])[H:15])[H:17],6.0,12.0
8,-0.07342999889737084,AM1BCC,OpenEye,,,C,,9,[H:16][C:7]1([C:6]([C:5]([C:4]([C:9]([C:8]1([H:18])[H:19])([H:20])[H:21])([H:11])[C:2](=[O:1])[O:3][H:10])([H:12])[H:13])([H:14])[H:15])[H:17],6.0,12.0
9,0.4429700104963212,AM1BCC,OpenEye,,,H,,10,[H:16][C:7]1([C:6]([C:5]([C:4]([C:9]([C:8]1([H:18])[H:19])([H:20])[H:21])([H:11])[C:2](=[O:1])[O:3][H:10])([H:12])[H:13])([H:14])[H:15])[H:17],6.0,12.0
10,0.0769300042163758,AM1BCC,OpenEye,,,H,,11,[H:16][C:7]1([C:6]([C:5]([C:4]([C:9]([C:8]1([H:18])[H:19])([H:20])[H:21])([H:11])[C:2](=[O:1])[O:3][H:10])([H:12])[H:13])([H:14])[H:15])[H:17],6.0,12.0
11,0.05507000447029159,AM1BCC,OpenEye,,,H,,12,[H:16][C:7]1([C:6]([C:5]([C:4]([C:9]([C:8]1([H:18])[H:19])([H:20])[H:21])([H:11])[C:2](=[O:1])[O:3][H:10])([H:12])[H:13])([H:14])[H:15])[H:17],6.0,12.0
12,0.05507000447029159,AM1BCC,OpenEye,,,H,,13,[H:16][C:7]1([C:6]([C:5]([C:4]([C:9]([C:8]1([H:18])[H:19])([H:20])[H:21])([H:11])[C:2](=[O:1])[O:3][H:10])([H:12])[H:13])([H:14])[H:15])[H:17],6.0,12.0
13,0.04169000223988578,AM1BCC,OpenEye,,,H,,14,[H:16][C:7]1([C:6]([C:5]([C:4]([C:9]([C:8]1([H:18])[H:19])([H:20])[H:21])([H:11])[C:2](=[O:1])[O:3][H:10])([H:12])[H:13])([H:14])[H:15])[H:17],6.0,12.0
14,0.04169000223988578,AM1BCC,OpenEye,,,H,,15,[H:16][C:7]1([C:6]([C:5]([C:4]([C:9]([C:8]1([H:18])[H:19])([H:20])[H:21])([H:11])[C:2](=[O:1])[O:3][H:10])([H:12])[H:13])([H:14])[H:15])[H:17],6.0,12.0
15,0.0493300026726155,AM1BCC,OpenEye,,,H,,16,[H:16][C:7]1([C:6]([C:5]([C:4]([C:9]([C:8]1([H:18])[H:19])([H:20])[H:21])([H:11])[C:2](=[O:1])[O:3][H:10])([H:12])[H:13])([H:14])[H:15])[H:17],6.0,12.0
16,0.0493300026726155,AM1BCC,OpenEye,,,H,,17,[H:16][C:7]1([C:6]([C:5]([C:4]([C:9]([C:8]1([H:18])[H:19])([H:20])[H:21])([H:11])[C:2](=[O:1])[O:3][H:10])([H:12])[H:13])([H:14])[H:15])[H:17],6.0,12.0
17,0.04169000223988578,AM1BCC,OpenEye,,,H,,18,[H:16][C:7]1([C:6]([C:5]([C:4]([C:9]([C:8]1([H:18])[H:19])([H:20])[H:21])([H:11])[C:2](=[O:1])[O:3][H:10])([H:12])[H:13])([H:14])[H:15])[H:17],6.0,12.0
18,0.04169000223988578,AM1BCC,OpenEye,,,H,,19,[H:16][C:7]1([C:6]([C:5]([C:4]([C:9]([C:8]1([H:18])[H:19])([H:20])[H:21])([H:11])[C:2](=[O:1])[O:3][H:10])([H:12])[H:13])([H:14])[H:15])[H:17],6.0,12.0
19,0.05507000447029159,AM1BCC,OpenEye,,,H,,20,[H:16][C:7]1([C:6]([C:5]([C:4]([C:9]([C:8]1([H:18])[H:19])([H:20])[H:21])([H:11])[C:2](=[O:1])[O:3][H:10])([H:12])[H:13])([H:14])[H:15])[H:17],6.0,12.0
20,0.05507000447029159,AM1BCC,OpenEye,,,H,,21,[H:16][C:7]1([C:6]([C:5]([C:4]([C:9]([C:8]1([H:18])[H:19])([H:20])[H:21])([H:11])[C:2](=[O:1])[O:3][H:10])([H:12])[H:13])([H:14])[H:15])[H:17],6.0,12.0
0,-0.551,AM1BCC,AmberTools,,,O,,1,[H:16][C:7]1([C:6]([C:5]([C:4]([C:9]([C:8]1([H:18])[H:19])([H:20])[H:21])([H:11])[C:2](=[O:1])[O:3][H:10])([H:12])[H:13])([H:14])[H:15])[H:17],6.0,12.0
1,0.6361,AM1BCC,AmberTools,,,C,,2,[H:16][C:7]1([C:6]([C:5]([C:4]([C:9]([C:8]1([H:18])[H:19])([H:20])[H:21])([H:11])[C:2](=[O:1])[O:3][H:10])([H:12])[H:13])([H:14])[H:15])[H:17],6.0,12.0
2,-0.6111,AM1BCC,AmberTools,,,O,,3,[H:16][C:7]1([C:6]([C:5]([C:4]([C:9]([C:8]1([H:18])[H:19])([H:20])[H:21])([H:11])[C:2](=[O:1])[O:3][H:10])([H:12])[H:13])([H:14])[H:15])[H:17],6.0,12.0
3,-0.1037,AM1BCC,AmberTools,,,C,,4,[H:16][C:7]1([C:6]([C:5]([C:4]([C:9]([C:8]1([H:18])[H:19])([H:20])[H:21])([H:11])[C:2](=[O:1])[O:3][H:10])([H:12])[H:13])([H:14])[H:15])[H:17],6.0,12.0
4,-0.0719,AM1BCC,AmberTools,,,C,,5,[H:16][C:7]1([C:6]([C:5]([C:4]([C:9]([C:8]1([H:18])[H:19])([H:20])[H:21])([H:11])[C:2](=[O:1])[O:3][H:10])([H:12])[H:13])([H:14])[H:15])[H:17],6.0,12.0
5,-0.0784,AM1BCC,AmberTools,,,C,,6,[H:16][C:7]1([C:6]([C:5]([C:4]([C:9]([C:8]1([H:18])[H:19])([H:20])[H:21])([H:11])[C:2](=[O:1])[O:3][H:10])([H:12])[H:13])([H:14])[H:15])[H:17],6.0,12.0
6,-0.0774,AM1BCC,AmberTools,,,C,,7,[H:16][C:7]1([C:6]([C:5]([C:4]([C:9]([C:8]1([H:18])[H:19])([H:20])[H:21])([H:11])[C:2](=[O:1])[O:3][H:10])([H:12])[H:13])([H:14])[H:15])[H:17],6.0,12.0
7,-0.0784,AM1BCC,AmberTools,,,C,,8,[H:16][C:7]1([C:6]([C:5]([C:4]([C:9]([C:8]1([H:18])[H:19])([H:20])[H:21])([H:11])[C:2](=[O:1])[O:3][H:10])([H:12])[H:13])([H:14])[H:15])[H:17],6.0,12.0
8,-0.0719,AM1BCC,AmberTools,,,C,,9,[H:16][C:7]1([C:6]([C:5]([C:4]([C:9]([C:8]1([H:18])[H:19])([H:20])[H:21])([H:11])[C:2](=[O:1])[O:3][H:10])([H:12])[H:13])([H:14])[H:15])[H:17],6.0,12.0
9,0.442,AM1BCC,AmberTools,,,H,,10,[H:16][C:7]1([C:6]([C:5]([C:4]([C:9]([C:8]1([H:18])[H:19])([H:20])[H:21])([H:11])[C:2](=[O:1])[O:3][H:10])([H:12])[H:13])([H:14])[H:15])[H:17],6.0,12.0
10,0.0807,AM1BCC,AmberTools,,,H,,11,[H:16][C:7]1([C:6]([C:5]([C:4]([C:9]([C:8]1([H:18])[H:19])([H:20])[H:21])([H:11])[C:2](=[O:1])[O:3][H:10])([H:12])[H:13])([H:14])[H:15])[H:17],6.0,12.0
11,0.05445,AM1BCC,AmberTools,,,H,,12,[H:16][C:7]1([C:6]([C:5]([C:4]([C:9]([C:8]1([H:18])[H:19])([H:20])[H:21])([H:11])[C:2](=[O:1])[O:3][H:10])([H:12])[H:13])([H:14])[H:15])[H:17],6.0,12.0
12,0.05445,AM1BCC,AmberTools,,,H,,13,[H:16][C:7]1([C:6]([C:5]([C:4]([C:9]([C:8]1([H:18])[H:19])([H:20])[H:21])([H:11])[C:2](=[O:1])[O:3][H:10])([H:12])[H:13])([H:14])[H:15])[H:17],6.0,12.0
13,0.0462,AM1BCC,AmberTools,,,H,,14,[H:16][C:7]1([C:6]([C:5]([C:4]([C:9]([C:8]1([H:18])[H:19])([H:20])[H:21])([H:11])[C:2](=[O:1])[O:3][H:10])([H:12])[H:13])([H:14])[H:15])[H:17],6.0,12.0
14,0.0462,AM1BCC,AmberTools,,,H,,15,[H:16][C:7]1([C:6]([C:5]([C:4]([C:9]([C:8]1([H:18])[H:19])([H:20])[H:21])([H:11])[C:2](=[O:1])[O:3][H:10])([H:12])[H:13])([H:14])[H:15])[H:17],6.0,12.0
15,0.0412,AM1BCC,AmberTools,,,H,,16,[H:16][C:7]1([C:6]([C:5]([C:4]([C:9]([C:8]1([H:18])[H:19])([H:20])[H:21])([H:11])[C:2](=[O:1])[O:3][H:10])([H:12])[H:13])([H:14])[H:15])[H:17],6.0,12.0
16,0.0412,AM1BCC,AmberTools,,,H,,17,[H:16][C:7]1([C:6]([C:5]([C:4]([C:9]([C:8]1([H:18])[H:19])([H:20])[H:21])([H:11])[C:2](=[O:1])[O:3][H:10])([H:12])[H:13])([H:14])[H:15])[H:17],6.0,12.0
17,0.0462,AM1BCC,AmberTools,,,H,,18,[H:16][C:7]1([C:6]([C:5]([C:4]([C:9]([C:8]1([H:18])[H:19])([H:20])[H:21])([H:11])[C:2](=[O:1])[O:3][H:10])([H:12])[H:13])([H:14])[H:15])[H:17],6.0,12.0
18,0.0462,AM1BCC,AmberTools,,,H,,19,[H:16][C:7]1([C:6]([C:5]([C:4]([C:9]([C:8]1([H:18])[H:19])([H:20])[H:21])([H:11])[C:2](=[O:1])[O:3][H:10])([H:12])[H:13])([H:14])[H:15])[H:17],6.0,12.0
19,0.05445,AM1BCC,AmberTools,,,H,,20,[H:16][C:7]1([C:6]([C:5]([C:4]([C:9]([C:8]1([H:18])[H:19])([H:20])[H:21])([H:11])[C:2](=[O:1])[O:3][H:10])([H:12])[H:13])([H:14])[H:15])[H:17],6.0,12.0
20,0.05445,AM1BCC,AmberTools,,,H,,21,[H:16][C:7]1([C:6]([C:5]([C:4]([C:9]([C:8]1([H:18])[H:19])([H:20])[H:21])([H:11])[C:2](=[O:1])[O:3][H:10])([H:12])[H:13])([H:14])[H:15])[H:17],6.0,12.0
0,-0.5536400076179278,AM1BCC,OpenEye,,,O,,1,[H:16][C:7]1([C:6]([C:5]([C:4]([C:9]([C:8]1([H:18])[H:19])([H:20])[H:21])([H:11])[C:2](=[O:1])[O:3][H:10])([H:12])[H:13])([H:14])[H:15])[H:17],7.0,1.0
1,0.6336500052185285,AM1BCC,OpenEye,,,C,,2,[H:16][C:7]1([C:6]([C:5]([C:4]([C:9]([C:8]1([H:18])[H:19])([H:20])[H:21])([H:11])[C:2](=[O:1])[O:3][H:10])([H:12])[H:13])([H:14])[H:15])[H:17],7.0,1.0
2,-0.5970500108032,AM1BCC,OpenEye,,,O,,3,[H:16][C:7]1([C:6]([C:5]([C:4]([C:9]([C:8]1([H:18])[H:19])([H:20])[H:21])([H:11])[C:2](=[O:1])[O:3][H:10])([H:12])[H:13])([H:14])[H:15])[H:17],7.0,1.0
3,-0.10831999743268603,AM1BCC,OpenEye,,,C,,4,[H:16][C:7]1([C:6]([C:5]([C:4]([C:9]([C:8]1([H:18])[H:19])([H:20])[H:21])([H:11])[C:2](=[O:1])[O:3][H:10])([H:12])[H:13])([H:14])[H:15])[H:17],7.0,1.0
4,-0.0731500011114847,AM1BCC,OpenEye,,,C,,5,[H:16][C:7]1([C:6]([C:5]([C:4]([C:9]([C:8]1([H:18])[H:19])([H:20])[H:21])([H:11])[C:2](=[O:1])[O:3][H:10])([H:12])[H:13])([H:14])[H:15])[H:17],7.0,1.0
5,-0.07650999689386004,AM1BCC,OpenEye,,,C,,6,[H:16][C:7]1([C:6]([C:5]([C:4]([C:9]([C:8]1([H:18])[H:19])([H:20])[H:21])([H:11])[C:2](=[O:1])[O:3][H:10])([H:12])[H:13])([H:14])[H:15])[H:17],7.0,1.0
6,-0.07993999833152407,AM1BCC,OpenEye,,,C,,7,[H:16][C:7]1([C:6]([C:5]([C:4]([C:9]([C:8]1([H:18])[H:19])([H:20])[H:21])([H:11])[C:2](=[O:1])[O:3][H:10])([H:12])[H:13])([H:14])[H:15])[H:17],7.0,1.0
7,-0.07650999689386004,AM1BCC,OpenEye,,,C,,8,[H:16][C:7]1([C:6]([C:5]([C:4]([C:9]([C:8]1([H:18])[H:19])([H:20])[H:21])([H:11])[C:2](=[O:1])[O:3][H:10])([H:12])[H:13])([H:14])[H:15])[H:17],7.0,1.0
8,-0.0731500011114847,AM1BCC,OpenEye,,,C,,9,[H:16][C:7]1([C:6]([C:5]([C:4]([C:9]([C:8]1([H:18])[H:19])([H:20])[H:21])([H:11])[C:2](=[O:1])[O:3][H:10])([H:12])[H:13])([H:14])[H:15])[H:17],7.0,1.0
9,0.44246000086977366,AM1BCC,OpenEye,,,H,,10,[H:16][C:7]1([C:6]([C:5]([C:4]([C:9]([C:8]1([H:18])[H:19])([H:20])[H:21])([H:11])[C:2](=[O:1])[O:3][H:10])([H:12])[H:13])([H:14])[H:15])[H:17],7.0,1.0
10,0.08354000037624723,AM1BCC,OpenEye,,,H,,11,[H:16][C:7]1([C:6]([C:5]([C:4]([C:9]([C:8]1([H:18])[H:19])([H:20])[H:21])([H:11])[C:2](=[O:1])[O:3][H:10])([H:12])[H:13])([H:14])[H:15])[H:17],7.0,1.0
11,0.05389000138356572,AM1BCC,OpenEye,,,H,,12,[H:16][C:7]1([C:6]([C:5]([C:4]([C:9]([C:8]1([H:18])[H:19])([H:20])[H:21])([H:11])[C:2](=[O:1])[O:3][H:10])([H:12])[H:13])([H:14])[H:15])[H:17],7.0,1.0
12,0.05389000138356572,AM1BCC,OpenEye,,,H,,13,[H:16][C:7]1([C:6]([C:5]([C:4]([C:9]([C:8]1([H:18])[H:19])([H:20])[H:21])([H:11])[C:2](=[O:1])[O:3][H:10])([H:12])[H:13])([H:14])[H:15])[H:17],7.0,1.0
13,0.044170000013850984,AM1BCC,OpenEye,,,H,,14,[H:16][C:7]1([C:6]([C:5]([C:4]([C:9]([C:8]1([H:18])[H:19])([H:20])[H:21])([H:11])[C:2](=[O:1])[O:3][H:10])([H:12])[H:13])([H:14])[H:15])[H:17],7.0,1.0
14,0.044170000013850984,AM1BCC,OpenEye,,,H,,15,[H:16][C:7]1([C:6]([C:5]([C:4]([C:9]([C:8]1([H:18])[H:19])([H:20])[H:21])([H:11])[C:2](=[O:1])[O:3][H:10])([H:12])[H:13])([H:14])[H:15])[H:17],7.0,1.0
15,0.0431899990709055,AM1BCC,OpenEye,,,H,,16,[H:16][C:7]1([C:6]([C:5]([C:4]([C:9]([C:8]1([H:18])[H:19])([H:20])[H:21])([H:11])[C:2](=[O:1])[O:3][H:10])([H:12])[H:13])([H:14])[H:15])[H:17],7.0,1.0
16,0.0431899990709055,AM1BCC,OpenEye,,,H,,17,[H:16][C:7]1([C:6]([C:5]([C:4]([C:9]([C:8]1([H:18])[H:19])([H:20])[H:21])([H:11])[C:2](=[O:1])[O:3][H:10])([H:12])[H:13])([H:14])[H:15])[H:17],7.0,1.0
17,0.044170000013850984,AM1BCC,OpenEye,,,H,,18,[H:16][C:7]1([C:6]([C:5]([C:4]([C:9]([C:8]1([H:18])[H:19])([H:20])[H:21])([H:11])[C:2](=[O:1])[O:3][H:10])([H:12])[H:13])([H:14])[H:15])[H:17],7.0,1.0
18,0.044170000013850984,AM1BCC,OpenEye,,,H,,19,[H:16][C:7]1([C:6]([C:5]([C:4]([C:9]([C:8]1([H:18])[H:19])([H:20])[H:21])([H:11])[C:2](=[O:1])[O:3][H:10])([H:12])[H:13])([H:14])[H:15])[H:17],7.0,1.0
19,0.05389000138356572,AM1BCC,OpenEye,,,H,,20,[H:16][C:7]1([C:6]([C:5]([C:4]([C:9]([C:8]1([H:18])[H:19])([H:20])[H:21])([H:11])[C:2](=[O:1])[O:3][H:10])([H:12])[H:13])([H:14])[H:15])[H:17],7.0,1.0
20,0.05389000138356572,AM1BCC,OpenEye,,,H,,21,[H:16][C:7]1([C:6]([C:5]([C:4]([C:9]([C:8]1([H:18])[H:19])([H:20])[H:21])([H:11])[C:2](=[O:1])[O:3][H:10])([H:12])[H:13])([H:14])[H:15])[H:17],7.0,1.0
0,-0.5518571428571429,AM1BCC,AmberTools,,,O,,1,[H:16][C:7]1([C:6]([C:5]([C:4]([C:9]([C:8]1([H:18])[H:19])([H:20])[H:21])([H:11])[C:2](=[O:1])[O:3][H:10])([H:12])[H:13])([H:14])[H:15])[H:17],7.0,1.0
1,0.6352428571428571,AM1BCC,AmberTools,,,C,,2,[H:16][C:7]1([C:6]([C:5]([C:4]([C:9]([C:8]1([H:18])[H:19])([H:20])[H:21])([H:11])[C:2](=[O:1])[O:3][H:10])([H:12])[H:13])([H:14])[H:15])[H:17],7.0,1.0
2,-0.6069571428571429,AM1BCC,AmberTools,,,O,,3,[H:16][C:7]1([C:6]([C:5]([C:4]([C:9]([C:8]1([H:18])[H:19])([H:20])[H:21])([H:11])[C:2](=[O:1])[O:3][H:10])([H:12])[H:13])([H:14])[H:15])[H:17],7.0,1.0
3,-0.10355714285714285,AM1BCC,AmberTools,,,C,,4,[H:16][C:7]1([C:6]([C:5]([C:4]([C:9]([C:8]1([H:18])[H:19])([H:20])[H:21])([H:11])[C:2](=[O:1])[O:3][H:10])([H:12])[H:13])([H:14])[H:15])[H:17],7.0,1.0
4,-0.07425714285714284,AM1BCC,AmberTools,,,C,,5,[H:16][C:7]1([C:6]([C:5]([C:4]([C:9]([C:8]1([H:18])[H:19])([H:20])[H:21])([H:11])[C:2](=[O:1])[O:3][H:10])([H:12])[H:13])([H:14])[H:15])[H:17],7.0,1.0
5,-0.07625714285714284,AM1BCC,AmberTools,,,C,,6,[H:16][C:7]1([C:6]([C:5]([C:4]([C:9]([C:8]1([H:18])[H:19])([H:20])[H:21])([H:11])[C:2](=[O:1])[O:3][H:10])([H:12])[H:13])([H:14])[H:15])[H:17],7.0,1.0
6,-0.07925714285714285,AM1BCC,AmberTools,,,C,,7,[H:16][C:7]1([C:6]([C:5]([C:4]([C:9]([C:8]1([H:18])[H:19])([H:20])[H:21])([H:11])[C:2](=[O:1])[O:3][H:10])([H:12])[H:13])([H:14])[H:15])[H:17],7.0,1.0
7,-0.07625714285714284,AM1BCC,AmberTools,,,C,,8,[H:16][C:7]1([C:6]([C:5]([C:4]([C:9]([C:8]1([H:18])[H:19])([H:20])[H:21])([H:11])[C:2](=[O:1])[O:3][H:10])([H:12])[H:13])([H:14])[H:15])[H:17],7.0,1.0
8,-0.07425714285714284,AM1BCC,AmberTools,,,C,,9,[H:16][C:7]1([C:6]([C:5]([C:4]([C:9]([C:8]1([H:18])[H:19])([H:20])[H:21])([H:11])[C:2](=[O:1])[O:3][H:10])([H:12])[H:13])([H:14])[H:15])[H:17],7.0,1.0
9,0.44214285714285717,AM1BCC,AmberTools,,,H,,10,[H:16][C:7]1([C:6]([C:5]([C:4]([C:9]([C:8]1([H:18])[H:19])([H:20])[H:21])([H:11])[C:2](=[O:1])[O:3][H:10])([H:12])[H:13])([H:14])[H:15])[H:17],7.0,1.0
10,0.08284285714285715,AM1BCC,AmberTools,,,H,,11,[H:16][C:7]1([C:6]([C:5]([C:4]([C:9]([C:8]1([H:18])[H:19])([H:20])[H:21])([H:11])[C:2](=[O:1])[O:3][H:10])([H:12])[H:13])([H:14])[H:15])[H:17],7.0,1.0
11,0.05484285714285715,AM1BCC,AmberTools,,,H,,12,[H:16][C:7]1([C:6]([C:5]([C:4]([C:9]([C:8]1([H:18])[H:19])([H:20])[H:21])([H:11])[C:2](=[O:1])[O:3][H:10])([H:12])[H:13])([H:14])[H:15])[H:17],7.0,1.0
12,0.05484285714285715,AM1BCC,AmberTools,,,H,,13,[H:16][C:7]1([C:6]([C:5]([C:4]([C:9]([C:8]1([H:18])[H:19])([H:20])[H:21])([H:11])[C:2](=[O:1])[O:3][H:10])([H:12])[H:13])([H:14])[H:15])[H:17],7.0,1.0
13,0.043842857142857156,AM1BCC,AmberTools,,,H,,14,[H:16][C:7]1([C:6]([C:5]([C:4]([C:9]([C:8]1([H:18])[H:19])([H:20])[H:21])([H:11])[C:2](=[O:1])[O:3][H:10])([H:12])[H:13])([H:14])[H:15])[H:17],7.0,1.0
14,0.043842857142857156,AM1BCC,AmberTools,,,H,,15,[H:16][C:7]1([C:6]([C:5]([C:4]([C:9]([C:8]1([H:18])[H:19])([H:20])[H:21])([H:11])[C:2](=[O:1])[O:3][H:10])([H:12])[H:13])([H:14])[H:15])[H:17],7.0,1.0
15,0.043842857142857156,AM1BCC,AmberTools,,,H,,16,[H:16][C:7]1([C:6]([C:5]([C:4]([C:9]([C:8]1([H:18])[H:19])([H:20])[H:21])([H:11])[C:2](=[O:1])[O:3][H:10])([H:12])[H:13])([H:14])[H:15])[H:17],7.0,1.0
16,0.043842857142857156,AM1BCC,AmberTools,,,H,,17,[H:16][C:7]1([C:6]([C:5]([C:4]([C:9]([C:8]1([H:18])[H:19])([H:20])[H:21])([H:11])[C:2](=[O:1])[O:3][H:10])([H:12])[H:13])([H:14])[H:15])[H:17],7.0,1.0
17,0.043842857142857156,AM1BCC,AmberTools,,,H,,18,[H:16][C:7]1([C:6]([C:5]([C:4]([C:9]([C:8]1([H:18])[H:19])([H:20])[H:21])([H:11])[C:2](=[O:1])[O:3][H:10])([H:12])[H:13])([H:14])[H:15])[H:17],7.0,1.0
18,0.043842857142857156,AM1BCC,AmberTools,,,H,,19,[H:16][C:7]1([C:6]([C:5]([C:4]([C:9]([C:8]1([H:18])[H:19])([H:20])[H:21])([H:11])[C:2](=[O:1])[O:3][H:10])([H:12])[H:13])([H:14])[H:15])[H:17],7.0,1.0
19,0.05484285714285715,AM1BCC,AmberTools,,,H,,20,[H:16][C:7]1([C:6]([C:5]([C:4]([C:9]([C:8]1([H:18])[H:19])([H:20])[H:21])([H:11])[C:2](=[O:1])[O:3][H:10])([H:12])[H:13])([H:14])[H:15])[H:17],7.0,1.0
20,0.05484285714285715,AM1BCC,AmberTools,,,H,,21,[H:16][C:7]1([C:6]([C:5]([C:4]([C:9]([C:8]1([H:18])[H:19])([H:20])[H:21])([H:11])[C:2](=[O:1])[O:3][H:10])([H:12])[H:13])([H:14])[H:15])[H:17],7.0,1.0
0,-0.5536400076179278,AM1BCC,OpenEye,,,O,,1,[H:16][C:7]1([C:6]([C:5]([C:4]([C:9]([C:8]1([H:18])[H:19])([H:20])[H:21])([H:11])[C:2](=[O:1])[O:3][H:10])([H:12])[H:13])([H:14])[H:15])[H:17],7.0,2.0
1,0.6336500052185285,AM1BCC,OpenEye,,,C,,2,[H:16][C:7]1([C:6]([C:5]([C:4]([C:9]([C:8]1([H:18])[H:19])([H:20])[H:21])([H:11])[C:2](=[O:1])[O:3][H:10])([H:12])[H:13])([H:14])[H:15])[H:17],7.0,2.0
2,-0.5970500108032,AM1BCC,OpenEye,,,O,,3,[H:16][C:7]1([C:6]([C:5]([C:4]([C:9]([C:8]1([H:18])[H:19])([H:20])[H:21])([H:11])[C:2](=[O:1])[O:3][H:10])([H:12])[H:13])([H:14])[H:15])[H:17],7.0,2.0
3,-0.10831999743268603,AM1BCC,OpenEye,,,C,,4,[H:16][C:7]1([C:6]([C:5]([C:4]([C:9]([C:8]1([H:18])[H:19])([H:20])[H:21])([H:11])[C:2](=[O:1])[O:3][H:10])([H:12])[H:13])([H:14])[H:15])[H:17],7.0,2.0
4,-0.0731500011114847,AM1BCC,OpenEye,,,C,,5,[H:16][C:7]1([C:6]([C:5]([C:4]([C:9]([C:8]1([H:18])[H:19])([H:20])[H:21])([H:11])[C:2](=[O:1])[O:3][H:10])([H:12])[H:13])([H:14])[H:15])[H:17],7.0,2.0
5,-0.07650999689386004,AM1BCC,OpenEye,,,C,,6,[H:16][C:7]1([C:6]([C:5]([C:4]([C:9]([C:8]1([H:18])[H:19])([H:20])[H:21])([H:11])[C:2](=[O:1])[O:3][H:10])([H:12])[H:13])([H:14])[H:15])[H:17],7.0,2.0
6,-0.07993999833152407,AM1BCC,OpenEye,,,C,,7,[H:16][C:7]1([C:6]([C:5]([C:4]([C:9]([C:8]1([H:18])[H:19])([H:20])[H:21])([H:11])[C:2](=[O:1])[O:3][H:10])([H:12])[H:13])([H:14])[H:15])[H:17],7.0,2.0
7,-0.07650999689386004,AM1BCC,OpenEye,,,C,,8,[H:16][C:7]1([C:6]([C:5]([C:4]([C:9]([C:8]1([H:18])[H:19])([H:20])[H:21])([H:11])[C:2](=[O:1])[O:3][H:10])([H:12])[H:13])([H:14])[H:15])[H:17],7.0,2.0
8,-0.0731500011114847,AM1BCC,OpenEye,,,C,,9,[H:16][C:7]1([C:6]([C:5]([C:4]([C:9]([C:8]1([H:18])[H:19])([H:20])[H:21])([H:11])[C:2](=[O:1])[O:3][H:10])([H:12])[H:13])([H:14])[H:15])[H:17],7.0,2.0
9,0.44246000086977366,AM1BCC,OpenEye,,,H,,10,[H:16][C:7]1([C:6]([C:5]([C:4]([C:9]([C:8]1([H:18])[H:19])([H:20])[H:21])([H:11])[C:2](=[O:1])[O:3][H:10])([H:12])[H:13])([H:14])[H:15])[H:17],7.0,2.0
10,0.08354000037624723,AM1BCC,OpenEye,,,H,,11,[H:16][C:7]1([C:6]([C:5]([C:4]([C:9]([C:8]1([H:18])[H:19])([H:20])[H:21])([H:11])[C:2](=[O:1])[O:3][H:10])([H:12])[H:13])([H:14])[H:15])[H:17],7.0,2.0
11,0.05389000138356572,AM1BCC,OpenEye,,,H,,12,[H:16][C:7]1([C:6]([C:5]([C:4]([C:9]([C:8]1([H:18])[H:19])([H:20])[H:21])([H:11])[C:2](=[O:1])[O:3][H:10])([H:12])[H:13])([H:14])[H:15])[H:17],7.0,2.0
12,0.05389000138356572,AM1BCC,OpenEye,,,H,,13,[H:16][C:7]1([C:6]([C:5]([C:4]([C:9]([C:8]1([H:18])[H:19])([H:20])[H:21])([H:11])[C:2](=[O:1])[O:3][H:10])([H:12])[H:13])([H:14])[H:15])[H:17],7.0,2.0
13,0.044170000013850984,AM1BCC,OpenEye,,,H,,14,[H:16][C:7]1([C:6]([C:5]([C:4]([C:9]([C:8]1([H:18])[H:19])([H:20])[H:21])([H:11])[C:2](=[O:1])[O:3][H:10])([H:12])[H:13])([H:14])[H:15])[H:17],7.0,2.0
14,0.044170000013850984,AM1BCC,OpenEye,,,H,,15,[H:16][C:7]1([C:6]([C:5]([C:4]([C:9]([C:8]1([H:18])[H:19])([H:20])[H:21])([H:11])[C:2](=[O:1])[O:3][H:10])([H:12])[H:13])([H:14])[H:15])[H:17],7.0,2.0
15,0.0431899990709055,AM1BCC,OpenEye,,,H,,16,[H:16][C:7]1([C:6]([C:5]([C:4]([C:9]([C:8]1([H:18])[H:19])([H:20])[H:21])([H:11])[C:2](=[O:1])[O:3][H:10])([H:12])[H:13])([H:14])[H:15])[H:17],7.0,2.0
16,0.0431899990709055,AM1BCC,OpenEye,,,H,,17,[H:16][C:7]1([C:6]([C:5]([C:4]([C:9]([C:8]1([H:18])[H:19])([H:20])[H:21])([H:11])[C:2](=[O:1])[O:3][H:10])([H:12])[H:13])([H:14])[H:15])[H:17],7.0,2.0
17,0.044170000013850984,AM1BCC,OpenEye,,,H,,18,[H:16][C:7]1([C:6]([C:5]([C:4]([C:9]([C:8]1([H:18])[H:19])([H:20])[H:21])([H:11])[C:2](=[O:1])[O:3][H:10])([H:12])[H:13])([H:14])[H:15])[H:17],7.0,2.0
18,0.044170000013850984,AM1BCC,OpenEye,,,H,,19,[H:16][C:7]1([C:6]([C:5]([C:4]([C:9]([C:8]1([H:18])[H:19])([H:20])[H:21])([H:11])[C:2](=[O:1])[O:3][H:10])([H:12])[H:13])([H:14])[H:15])[H:17],7.0,2.0
19,0.05389000138356572,AM1BCC,OpenEye,,,H,,20,[H:16][C:7]1([C:6]([C:5]([C:4]([C:9]([C:8]1([H:18])[H:19])([H:20])[H:21])([H:11])[C:2](=[O:1])[O:3][H:10])([H:12])[H:13])([H:14])[H:15])[H:17],7.0,2.0
20,0.05389000138356572,AM1BCC,OpenEye,,,H,,21,[H:16][C:7]1([C:6]([C:5]([C:4]([C:9]([C:8]1([H:18])[H:19])([H:20])[H:21])([H:11])[C:2](=[O:1])[O:3][H:10])([H:12])[H:13])([H:14])[H:15])[H:17],7.0,2.0
0,-0.5518571428571429,AM1BCC,AmberTools,,,O,,1,[H:16][C:7]1([C:6]([C:5]([C:4]([C:9]([C:8]1([H:18])[H:19])([H:20])[H:21])([H:11])[C:2](=[O:1])[O:3][H:10])([H:12])[H:13])([H:14])[H:15])[H:17],7.0,2.0
1,0.6352428571428571,AM1BCC,AmberTools,,,C,,2,[H:16][C:7]1([C:6]([C:5]([C:4]([C:9]([C:8]1([H:18])[H:19])([H:20])[H:21])([H:11])[C:2](=[O:1])[O:3][H:10])([H:12])[H:13])([H:14])[H:15])[H:17],7.0,2.0
2,-0.6069571428571429,AM1BCC,AmberTools,,,O,,3,[H:16][C:7]1([C:6]([C:5]([C:4]([C:9]([C:8]1([H:18])[H:19])([H:20])[H:21])([H:11])[C:2](=[O:1])[O:3][H:10])([H:12])[H:13])([H:14])[H:15])[H:17],7.0,2.0
3,-0.10355714285714285,AM1BCC,AmberTools,,,C,,4,[H:16][C:7]1([C:6]([C:5]([C:4]([C:9]([C:8]1([H:18])[H:19])([H:20])[H:21])([H:11])[C:2](=[O:1])[O:3][H:10])([H:12])[H:13])([H:14])[H:15])[H:17],7.0,2.0
4,-0.07425714285714284,AM1BCC,AmberTools,,,C,,5,[H:16][C:7]1([C:6]([C:5]([C:4]([C:9]([C:8]1([H:18])[H:19])([H:20])[H:21])([H:11])[C:2](=[O:1])[O:3][H:10])([H:12])[H:13])([H:14])[H:15])[H:17],7.0,2.0
5,-0.07625714285714284,AM1BCC,AmberTools,,,C,,6,[H:16][C:7]1([C:6]([C:5]([C:4]([C:9]([C:8]1([H:18])[H:19])([H:20])[H:21])([H:11])[C:2](=[O:1])[O:3][H:10])([H:12])[H:13])([H:14])[H:15])[H:17],7.0,2.0
6,-0.07925714285714285,AM1BCC,AmberTools,,,C,,7,[H:16][C:7]1([C:6]([C:5]([C:4]([C:9]([C:8]1([H:18])[H:19])([H:20])[H:21])([H:11])[C:2](=[O:1])[O:3][H:10])([H:12])[H:13])([H:14])[H:15])[H:17],7.0,2.0
7,-0.07625714285714284,AM1BCC,AmberTools,,,C,,8,[H:16][C:7]1([C:6]([C:5]([C:4]([C:9]([C:8]1([H:18])[H:19])([H:20])[H:21])([H:11])[C:2](=[O:1])[O:3][H:10])([H:12])[H:13])([H:14])[H:15])[H:17],7.0,2.0
8,-0.07425714285714284,AM1BCC,AmberTools,,,C,,9,[H:16][C:7]1([C:6]([C:5]([C:4]([C:9]([C:8]1([H:18])[H:19])([H:20])[H:21])([H:11])[C:2](=[O:1])[O:3][H:10])([H:12])[H:13])([H:14])[H:15])[H:17],7.0,2.0
9,0.44214285714285717,AM1BCC,AmberTools,,,H,,10,[H:16][C:7]1([C:6]([C:5]([C:4]([C:9]([C:8]1([H:18])[H:19])([H:20])[H:21])([H:11])[C:2](=[O:1])[O:3][H:10])([H:12])[H:13])([H:14])[H:15])[H:17],7.0,2.0
10,0.08284285714285715,AM1BCC,AmberTools,,,H,,11,[H:16][C:7]1([C:6]([C:5]([C:4]([C:9]([C:8]1([H:18])[H:19])([H:20])[H:21])([H:11])[C:2](=[O:1])[O:3][H:10])([H:12])[H:13])([H:14])[H:15])[H:17],7.0,2.0
11,0.05484285714285715,AM1BCC,AmberTools,,,H,,12,[H:16][C:7]1([C:6]([C:5]([C:4]([C:9]([C:8]1([H:18])[H:19])([H:20])[H:21])([H:11])[C:2](=[O:1])[O:3][H:10])([H:12])[H:13])([H:14])[H:15])[H:17],7.0,2.0
12,0.05484285714285715,AM1BCC,AmberTools,,,H,,13,[H:16][C:7]1([C:6]([C:5]([C:4]([C:9]([C:8]1([H:18])[H:19])([H:20])[H:21])([H:11])[C:2](=[O:1])[O:3][H:10])([H:12])[H:13])([H:14])[H:15])[H:17],7.0,2.0
13,0.043842857142857156,AM1BCC,AmberTools,,,H,,14,[H:16][C:7]1([C:6]([C:5]([C:4]([C:9]([C:8]1([H:18])[H:19])([H:20])[H:21])([H:11])[C:2](=[O:1])[O:3][H:10])([H:12])[H:13])([H:14])[H:15])[H:17],7.0,2.0
14,0.043842857142857156,AM1BCC,AmberTools,,,H,,15,[H:16][C:7]1([C:6]([C:5]([C:4]([C:9]([C:8]1([H:18])[H:19])([H:20])[H:21])([H:11])[C:2](=[O:1])[O:3][H:10])([H:12])[H:13])([H:14])[H:15])[H:17],7.0,2.0
15,0.043842857142857156,AM1BCC,AmberTools,,,H,,16,[H:16][C:7]1([C:6]([C:5]([C:4]([C:9]([C:8]1([H:18])[H:19])([H:20])[H:21])([H:11])[C:2](=[O:1])[O:3][H:10])([H:12])[H:13])([H:14])[H:15])[H:17],7.0,2.0
16,0.043842857142857156,AM1BCC,AmberTools,,,H,,17,[H:16][C:7]1([C:6]([C:5]([C:4]([C:9]([C:8]1([H:18])[H:19])([H:20])[H:21])([H:11])[C:2](=[O:1])[O:3][H:10])([H:12])[H:13])([H:14])[H:15])[H:17],7.0,2.0
17,0.043842857142857156,AM1BCC,AmberTools,,,H,,18,[H:16][C:7]1([C:6]([C:5]([C:4]([C:9]([C:8]1([H:18])[H:19])([H:20])[H:21])([H:11])[C:2](=[O:1])[O:3][H:10])([H:12])[H:13])([H:14])[H:15])[H:17],7.0,2.0
18,0.043842857142857156,AM1BCC,AmberTools,,,H,,19,[H:16][C:7]1([C:6]([C:5]([C:4]([C:9]([C:8]1([H:18])[H:19])([H:20])[H:21])([H:11])[C:2](=[O:1])[O:3][H:10])([H:12])[H:13])([H:14])[H:15])[H:17],7.0,2.0
19,0.05484285714285715,AM1BCC,AmberTools,,,H,,20,[H:16][C:7]1([C:6]([C:5]([C:4]([C:9]([C:8]1([H:18])[H:19])([H:20])[H:21])([H:11])[C:2](=[O:1])[O:3][H:10])([H:12])[H:13])([H:14])[H:15])[H:17],7.0,2.0
20,0.05484285714285715,AM1BCC,AmberTools,,,H,,21,[H:16][C:7]1([C:6]([C:5]([C:4]([C:9]([C:8]1([H:18])[H:19])([H:20])[H:21])([H:11])[C:2](=[O:1])[O:3][H:10])([H:12])[H:13])([H:14])[H:15])[H:17],7.0,2.0
0,-0.5536400076179278,AM1BCC,OpenEye,,,O,,1,[H:16][C:7]1([C:6]([C:5]([C:4]([C:9]([C:8]1([H:18])[H:19])([H:20])[H:21])([H:11])[C:2](=[O:1])[O:3][H:10])([H:12])[H:13])([H:14])[H:15])[H:17],7.0,3.0
1,0.6336500052185285,AM1BCC,OpenEye,,,C,,2,[H:16][C:7]1([C:6]([C:5]([C:4]([C:9]([C:8]1([H:18])[H:19])([H:20])[H:21])([H:11])[C:2](=[O:1])[O:3][H:10])([H:12])[H:13])([H:14])[H:15])[H:17],7.0,3.0
2,-0.5970500108032,AM1BCC,OpenEye,,,O,,3,[H:16][C:7]1([C:6]([C:5]([C:4]([C:9]([C:8]1([H:18])[H:19])([H:20])[H:21])([H:11])[C:2](=[O:1])[O:3][H:10])([H:12])[H:13])([H:14])[H:15])[H:17],7.0,3.0
3,-0.10831999743268603,AM1BCC,OpenEye,,,C,,4,[H:16][C:7]1([C:6]([C:5]([C:4]([C:9]([C:8]1([H:18])[H:19])([H:20])[H:21])([H:11])[C:2](=[O:1])[O:3][H:10])([H:12])[H:13])([H:14])[H:15])[H:17],7.0,3.0
4,-0.0731500011114847,AM1BCC,OpenEye,,,C,,5,[H:16][C:7]1([C:6]([C:5]([C:4]([C:9]([C:8]1([H:18])[H:19])([H:20])[H:21])([H:11])[C:2](=[O:1])[O:3][H:10])([H:12])[H:13])([H:14])[H:15])[H:17],7.0,3.0
5,-0.07650999689386004,AM1BCC,OpenEye,,,C,,6,[H:16][C:7]1([C:6]([C:5]([C:4]([C:9]([C:8]1([H:18])[H:19])([H:20])[H:21])([H:11])[C:2](=[O:1])[O:3][H:10])([H:12])[H:13])([H:14])[H:15])[H:17],7.0,3.0
6,-0.07993999833152407,AM1BCC,OpenEye,,,C,,7,[H:16][C:7]1([C:6]([C:5]([C:4]([C:9]([C:8]1([H:18])[H:19])([H:20])[H:21])([H:11])[C:2](=[O:1])[O:3][H:10])([H:12])[H:13])([H:14])[H:15])[H:17],7.0,3.0
7,-0.07650999689386004,AM1BCC,OpenEye,,,C,,8,[H:16][C:7]1([C:6]([C:5]([C:4]([C:9]([C:8]1([H:18])[H:19])([H:20])[H:21])([H:11])[C:2](=[O:1])[O:3][H:10])([H:12])[H:13])([H:14])[H:15])[H:17],7.0,3.0
8,-0.0731500011114847,AM1BCC,OpenEye,,,C,,9,[H:16][C:7]1([C:6]([C:5]([C:4]([C:9]([C:8]1([H:18])[H:19])([H:20])[H:21])([H:11])[C:2](=[O:1])[O:3][H:10])([H:12])[H:13])([H:14])[H:15])[H:17],7.0,3.0
9,0.44246000086977366,AM1BCC,OpenEye,,,H,,10,[H:16][C:7]1([C:6]([C:5]([C:4]([C:9]([C:8]1([H:18])[H:19])([H:20])[H:21])([H:11])[C:2](=[O:1])[O:3][H:10])([H:12])[H:13])([H:14])[H:15])[H:17],7.0,3.0
10,0.08354000037624723,AM1BCC,OpenEye,,,H,,11,[H:16][C:7]1([C:6]([C:5]([C:4]([C:9]([C:8]1([H:18])[H:19])([H:20])[H:21])([H:11])[C:2](=[O:1])[O:3][H:10])([H:12])[H:13])([H:14])[H:15])[H:17],7.0,3.0
11,0.05389000138356572,AM1BCC,OpenEye,,,H,,12,[H:16][C:7]1([C:6]([C:5]([C:4]([C:9]([C:8]1([H:18])[H:19])([H:20])[H:21])([H:11])[C:2](=[O:1])[O:3][H:10])([H:12])[H:13])([H:14])[H:15])[H:17],7.0,3.0
12,0.05389000138356572,AM1BCC,OpenEye,,,H,,13,[H:16][C:7]1([C:6]([C:5]([C:4]([C:9]([C:8]1([H:18])[H:19])([H:20])[H:21])([H:11])[C:2](=[O:1])[O:3][H:10])([H:12])[H:13])([H:14])[H:15])[H:17],7.0,3.0
13,0.044170000013850984,AM1BCC,OpenEye,,,H,,14,[H:16][C:7]1([C:6]([C:5]([C:4]([C:9]([C:8]1([H:18])[H:19])([H:20])[H:21])([H:11])[C:2](=[O:1])[O:3][H:10])([H:12])[H:13])([H:14])[H:15])[H:17],7.0,3.0
14,0.044170000013850984,AM1BCC,OpenEye,,,H,,15,[H:16][C:7]1([C:6]([C:5]([C:4]([C:9]([C:8]1([H:18])[H:19])([H:20])[H:21])([H:11])[C:2](=[O:1])[O:3][H:10])([H:12])[H:13])([H:14])[H:15])[H:17],7.0,3.0
15,0.0431899990709055,AM1BCC,OpenEye,,,H,,16,[H:16][C:7]1([C:6]([C:5]([C:4]([C:9]([C:8]1([H:18])[H:19])([H:20])[H:21])([H:11])[C:2](=[O:1])[O:3][H:10])([H:12])[H:13])([H:14])[H:15])[H:17],7.0,3.0
16,0.0431899990709055,AM1BCC,OpenEye,,,H,,17,[H:16][C:7]1([C:6]([C:5]([C:4]([C:9]([C:8]1([H:18])[H:19])([H:20])[H:21])([H:11])[C:2](=[O:1])[O:3][H:10])([H:12])[H:13])([H:14])[H:15])[H:17],7.0,3.0
17,0.044170000013850984,AM1BCC,OpenEye,,,H,,18,[H:16][C:7]1([C:6]([C:5]([C:4]([C:9]([C:8]1([H:18])[H:19])([H:20])[H:21])([H:11])[C:2](=[O:1])[O:3][H:10])([H:12])[H:13])([H:14])[H:15])[H:17],7.0,3.0
18,0.044170000013850984,AM1BCC,OpenEye,,,H,,19,[H:16][C:7]1([C:6]([C:5]([C:4]([C:9]([C:8]1([H:18])[H:19])([H:20])[H:21])([H:11])[C:2](=[O:1])[O:3][H:10])([H:12])[H:13])([H:14])[H:15])[H:17],7.0,3.0
19,0.05389000138356572,AM1BCC,OpenEye,,,H,,20,[H:16][C:7]1([C:6]([C:5]([C:4]([C:9]([C:8]1([H:18])[H:19])([H:20])[H:21])([H:11])[C:2](=[O:1])[O:3][H:10])([H:12])[H:13])([H:14])[H:15])[H:17],7.0,3.0
20,0.05389000138356572,AM1BCC,OpenEye,,,H,,21,[H:16][C:7]1([C:6]([C:5]([C:4]([C:9]([C:8]1([H:18])[H:19])([H:20])[H:21])([H:11])[C:2](=[O:1])[O:3][H:10])([H:12])[H:13])([H:14])[H:15])[H:17],7.0,3.0
0,-0.5518571428571429,AM1BCC,AmberTools,,,O,,1,[H:16][C:7]1([C:6]([C:5]([C:4]([C:9]([C:8]1([H:18])[H:19])([H:20])[H:21])([H:11])[C:2](=[O:1])[O:3][H:10])([H:12])[H:13])([H:14])[H:15])[H:17],7.0,3.0
1,0.6352428571428571,AM1BCC,AmberTools,,,C,,2,[H:16][C:7]1([C:6]([C:5]([C:4]([C:9]([C:8]1([H:18])[H:19])([H:20])[H:21])([H:11])[C:2](=[O:1])[O:3][H:10])([H:12])[H:13])([H:14])[H:15])[H:17],7.0,3.0
2,-0.6069571428571429,AM1BCC,AmberTools,,,O,,3,[H:16][C:7]1([C:6]([C:5]([C:4]([C:9]([C:8]1([H:18])[H:19])([H:20])[H:21])([H:11])[C:2](=[O:1])[O:3][H:10])([H:12])[H:13])([H:14])[H:15])[H:17],7.0,3.0
3,-0.10355714285714285,AM1BCC,AmberTools,,,C,,4,[H:16][C:7]1([C:6]([C:5]([C:4]([C:9]([C:8]1([H:18])[H:19])([H:20])[H:21])([H:11])[C:2](=[O:1])[O:3][H:10])([H:12])[H:13])([H:14])[H:15])[H:17],7.0,3.0
4,-0.07425714285714284,AM1BCC,AmberTools,,,C,,5,[H:16][C:7]1([C:6]([C:5]([C:4]([C:9]([C:8]1([H:18])[H:19])([H:20])[H:21])([H:11])[C:2](=[O:1])[O:3][H:10])([H:12])[H:13])([H:14])[H:15])[H:17],7.0,3.0
5,-0.07625714285714284,AM1BCC,AmberTools,,,C,,6,[H:16][C:7]1([C:6]([C:5]([C:4]([C:9]([C:8]1([H:18])[H:19])([H:20])[H:21])([H:11])[C:2](=[O:1])[O:3][H:10])([H:12])[H:13])([H:14])[H:15])[H:17],7.0,3.0
6,-0.07925714285714285,AM1BCC,AmberTools,,,C,,7,[H:16][C:7]1([C:6]([C:5]([C:4]([C:9]([C:8]1([H:18])[H:19])([H:20])[H:21])([H:11])[C:2](=[O:1])[O:3][H:10])([H:12])[H:13])([H:14])[H:15])[H:17],7.0,3.0
7,-0.07625714285714284,AM1BCC,AmberTools,,,C,,8,[H:16][C:7]1([C:6]([C:5]([C:4]([C:9]([C:8]1([H:18])[H:19])([H:20])[H:21])([H:11])[C:2](=[O:1])[O:3][H:10])([H:12])[H:13])([H:14])[H:15])[H:17],7.0,3.0
8,-0.07425714285714284,AM1BCC,AmberTools,,,C,,9,[H:16][C:7]1([C:6]([C:5]([C:4]([C:9]([C:8]1([H:18])[H:19])([H:20])[H:21])([H:11])[C:2](=[O:1])[O:3][H:10])([H:12])[H:13])([H:14])[H:15])[H:17],7.0,3.0
9,0.44214285714285717,AM1BCC,AmberTools,,,H,,10,[H:16][C:7]1([C:6]([C:5]([C:4]([C:9]([C:8]1([H:18])[H:19])([H:20])[H:21])([H:11])[C:2](=[O:1])[O:3][H:10])([H:12])[H:13])([H:14])[H:15])[H:17],7.0,3.0
10,0.08284285714285715,AM1BCC,AmberTools,,,H,,11,[H:16][C:7]1([C:6]([C:5]([C:4]([C:9]([C:8]1([H:18])[H:19])([H:20])[H:21])([H:11])[C:2](=[O:1])[O:3][H:10])([H:12])[H:13])([H:14])[H:15])[H:17],7.0,3.0
11,0.05484285714285715,AM1BCC,AmberTools,,,H,,12,[H:16][C:7]1([C:6]([C:5]([C:4]([C:9]([C:8]1([H:18])[H:19])([H:20])[H:21])([H:11])[C:2](=[O:1])[O:3][H:10])([H:12])[H:13])([H:14])[H:15])[H:17],7.0,3.0
12,0.05484285714285715,AM1BCC,AmberTools,,,H,,13,[H:16][C:7]1([C:6]([C:5]([C:4]([C:9]([C:8]1([H:18])[H:19])([H:20])[H:21])([H:11])[C:2](=[O:1])[O:3][H:10])([H:12])[H:13])([H:14])[H:15])[H:17],7.0,3.0
13,0.043842857142857156,AM1BCC,AmberTools,,,H,,14,[H:16][C:7]1([C:6]([C:5]([C:4]([C:9]([C:8]1([H:18])[H:19])([H:20])[H:21])([H:11])[C:2](=[O:1])[O:3][H:10])([H:12])[H:13])([H:14])[H:15])[H:17],7.0,3.0
14,0.043842857142857156,AM1BCC,AmberTools,,,H,,15,[H:16][C:7]1([C:6]([C:5]([C:4]([C:9]([C:8]1([H:18])[H:19])([H:20])[H:21])([H:11])[C:2](=[O:1])[O:3][H:10])([H:12])[H:13])([H:14])[H:15])[H:17],7.0,3.0
15,0.043842857142857156,AM1BCC,AmberTools,,,H,,16,[H:16][C:7]1([C:6]([C:5]([C:4]([C:9]([C:8]1([H:18])[H:19])([H:20])[H:21])([H:11])[C:2](=[O:1])[O:3][H:10])([H:12])[H:13])([H:14])[H:15])[H:17],7.0,3.0
16,0.043842857142857156,AM1BCC,AmberTools,,,H,,17,[H:16][C:7]1([C:6]([C:5]([C:4]([C:9]([C:8]1([H:18])[H:19])([H:20])[H:21])([H:11])[C:2](=[O:1])[O:3][H:10])([H:12])[H:13])([H:14])[H:15])[H:17],7.0,3.0
17,0.043842857142857156,AM1BCC,AmberTools,,,H,,18,[H:16][C:7]1([C:6]([C:5]([C:4]([C:9]([C:8]1([H:18])[H:19])([H:20])[H:21])([H:11])[C:2](=[O:1])[O:3][H:10])([H:12])[H:13])([H:14])[H:15])[H:17],7.0,3.0
18,0.043842857142857156,AM1BCC,AmberTools,,,H,,19,[H:16][C:7]1([C:6]([C:5]([C:4]([C:9]([C:8]1([H:18])[H:19])([H:20])[H:21])([H:11])[C:2](=[O:1])[O:3][H:10])([H:12])[H:13])([H:14])[H:15])[H:17],7.0,3.0
19,0.05484285714285715,AM1BCC,AmberTools,,,H,,20,[H:16][C:7]1([C:6]([C:5]([C:4]([C:9]([C:8]1([H:18])[H:19])([H:20])[H:21])([H:11])[C:2](=[O:1])[O:3][H:10])([H:12])[H:13])([H:14])[H:15])[H:17],7.0,3.0
20,0.05484285714285715,AM1BCC,AmberTools,,,H,,21,[H:16][C:7]1([C:6]([C:5]([C:4]([C:9]([C:8]1([H:18])[H:19])([H:20])[H:21])([H:11])[C:2](=[O:1])[O:3][H:10])([H:12])[H:13])([H:14])[H:15])[H:17],7.0,3.0
0,-0.5536400076179278,AM1BCC,OpenEye,,,O,,1,[H:16][C:7]1([C:6]([C:5]([C:4]([C:9]([C:8]1([H:18])[H:19])([H:20])[H:21])([H:11])[C:2](=[O:1])[O:3][H:10])([H:12])[H:13])([H:14])[H:15])[H:17],7.0,4.0
1,0.6336500052185285,AM1BCC,OpenEye,,,C,,2,[H:16][C:7]1([C:6]([C:5]([C:4]([C:9]([C:8]1([H:18])[H:19])([H:20])[H:21])([H:11])[C:2](=[O:1])[O:3][H:10])([H:12])[H:13])([H:14])[H:15])[H:17],7.0,4.0
2,-0.5970500108032,AM1BCC,OpenEye,,,O,,3,[H:16][C:7]1([C:6]([C:5]([C:4]([C:9]([C:8]1([H:18])[H:19])([H:20])[H:21])([H:11])[C:2](=[O:1])[O:3][H:10])([H:12])[H:13])([H:14])[H:15])[H:17],7.0,4.0
3,-0.10831999743268603,AM1BCC,OpenEye,,,C,,4,[H:16][C:7]1([C:6]([C:5]([C:4]([C:9]([C:8]1([H:18])[H:19])([H:20])[H:21])([H:11])[C:2](=[O:1])[O:3][H:10])([H:12])[H:13])([H:14])[H:15])[H:17],7.0,4.0
4,-0.0731500011114847,AM1BCC,OpenEye,,,C,,5,[H:16][C:7]1([C:6]([C:5]([C:4]([C:9]([C:8]1([H:18])[H:19])([H:20])[H:21])([H:11])[C:2](=[O:1])[O:3][H:10])([H:12])[H:13])([H:14])[H:15])[H:17],7.0,4.0
5,-0.07650999689386004,AM1BCC,OpenEye,,,C,,6,[H:16][C:7]1([C:6]([C:5]([C:4]([C:9]([C:8]1([H:18])[H:19])([H:20])[H:21])([H:11])[C:2](=[O:1])[O:3][H:10])([H:12])[H:13])([H:14])[H:15])[H:17],7.0,4.0
6,-0.07993999833152407,AM1BCC,OpenEye,,,C,,7,[H:16][C:7]1([C:6]([C:5]([C:4]([C:9]([C:8]1([H:18])[H:19])([H:20])[H:21])([H:11])[C:2](=[O:1])[O:3][H:10])([H:12])[H:13])([H:14])[H:15])[H:17],7.0,4.0
7,-0.07650999689386004,AM1BCC,OpenEye,,,C,,8,[H:16][C:7]1([C:6]([C:5]([C:4]([C:9]([C:8]1([H:18])[H:19])([H:20])[H:21])([H:11])[C:2](=[O:1])[O:3][H:10])([H:12])[H:13])([H:14])[H:15])[H:17],7.0,4.0
8,-0.0731500011114847,AM1BCC,OpenEye,,,C,,9,[H:16][C:7]1([C:6]([C:5]([C:4]([C:9]([C:8]1([H:18])[H:19])([H:20])[H:21])([H:11])[C:2](=[O:1])[O:3][H:10])([H:12])[H:13])([H:14])[H:15])[H:17],7.0,4.0
9,0.44246000086977366,AM1BCC,OpenEye,,,H,,10,[H:16][C:7]1([C:6]([C:5]([C:4]([C:9]([C:8]1([H:18])[H:19])([H:20])[H:21])([H:11])[C:2](=[O:1])[O:3][H:10])([H:12])[H:13])([H:14])[H:15])[H:17],7.0,4.0
10,0.08354000037624723,AM1BCC,OpenEye,,,H,,11,[H:16][C:7]1([C:6]([C:5]([C:4]([C:9]([C:8]1([H:18])[H:19])([H:20])[H:21])([H:11])[C:2](=[O:1])[O:3][H:10])([H:12])[H:13])([H:14])[H:15])[H:17],7.0,4.0
11,0.05389000138356572,AM1BCC,OpenEye,,,H,,12,[H:16][C:7]1([C:6]([C:5]([C:4]([C:9]([C:8]1([H:18])[H:19])([H:20])[H:21])([H:11])[C:2](=[O:1])[O:3][H:10])([H:12])[H:13])([H:14])[H:15])[H:17],7.0,4.0
12,0.05389000138356572,AM1BCC,OpenEye,,,H,,13,[H:16][C:7]1([C:6]([C:5]([C:4]([C:9]([C:8]1([H:18])[H:19])([H:20])[H:21])([H:11])[C:2](=[O:1])[O:3][H:10])([H:12])[H:13])([H:14])[H:15])[H:17],7.0,4.0
13,0.044170000013850984,AM1BCC,OpenEye,,,H,,14,[H:16][C:7]1([C:6]([C:5]([C:4]([C:9]([C:8]1([H:18])[H:19])([H:20])[H:21])([H:11])[C:2](=[O:1])[O:3][H:10])([H:12])[H:13])([H:14])[H:15])[H:17],7.0,4.0
14,0.044170000013850984,AM1BCC,OpenEye,,,H,,15,[H:16][C:7]1([C:6]([C:5]([C:4]([C:9]([C:8]1([H:18])[H:19])([H:20])[H:21])([H:11])[C:2](=[O:1])[O:3][H:10])([H:12])[H:13])([H:14])[H:15])[H:17],7.0,4.0
15,0.0431899990709055,AM1BCC,OpenEye,,,H,,16,[H:16][C:7]1([C:6]([C:5]([C:4]([C:9]([C:8]1([H:18])[H:19])([H:20])[H:21])([H:11])[C:2](=[O:1])[O:3][H:10])([H:12])[H:13])([H:14])[H:15])[H:17],7.0,4.0
16,0.0431899990709055,AM1BCC,OpenEye,,,H,,17,[H:16][C:7]1([C:6]([C:5]([C:4]([C:9]([C:8]1([H:18])[H:19])([H:20])[H:21])([H:11])[C:2](=[O:1])[O:3][H:10])([H:12])[H:13])([H:14])[H:15])[H:17],7.0,4.0
17,0.044170000013850984,AM1BCC,OpenEye,,,H,,18,[H:16][C:7]1([C:6]([C:5]([C:4]([C:9]([C:8]1([H:18])[H:19])([H:20])[H:21])([H:11])[C:2](=[O:1])[O:3][H:10])([H:12])[H:13])([H:14])[H:15])[H:17],7.0,4.0
18,0.044170000013850984,AM1BCC,OpenEye,,,H,,19,[H:16][C:7]1([C:6]([C:5]([C:4]([C:9]([C:8]1([H:18])[H:19])([H:20])[H:21])([H:11])[C:2](=[O:1])[O:3][H:10])([H:12])[H:13])([H:14])[H:15])[H:17],7.0,4.0
19,0.05389000138356572,AM1BCC,OpenEye,,,H,,20,[H:16][C:7]1([C:6]([C:5]([C:4]([C:9]([C:8]1([H:18])[H:19])([H:20])[H:21])([H:11])[C:2](=[O:1])[O:3][H:10])([H:12])[H:13])([H:14])[H:15])[H:17],7.0,4.0
20,0.05389000138356572,AM1BCC,OpenEye,,,H,,21,[H:16][C:7]1([C:6]([C:5]([C:4]([C:9]([C:8]1([H:18])[H:19])([H:20])[H:21])([H:11])[C:2](=[O:1])[O:3][H:10])([H:12])[H:13])([H:14])[H:15])[H:17],7.0,4.0
0,-0.5518571428571429,AM1BCC,AmberTools,,,O,,1,[H:16][C:7]1([C:6]([C:5]([C:4]([C:9]([C:8]1([H:18])[H:19])([H:20])[H:21])([H:11])[C:2](=[O:1])[O:3][H:10])([H:12])[H:13])([H:14])[H:15])[H:17],7.0,4.0
1,0.6352428571428571,AM1BCC,AmberTools,,,C,,2,[H:16][C:7]1([C:6]([C:5]([C:4]([C:9]([C:8]1([H:18])[H:19])([H:20])[H:21])([H:11])[C:2](=[O:1])[O:3][H:10])([H:12])[H:13])([H:14])[H:15])[H:17],7.0,4.0
2,-0.6069571428571429,AM1BCC,AmberTools,,,O,,3,[H:16][C:7]1([C:6]([C:5]([C:4]([C:9]([C:8]1([H:18])[H:19])([H:20])[H:21])([H:11])[C:2](=[O:1])[O:3][H:10])([H:12])[H:13])([H:14])[H:15])[H:17],7.0,4.0
3,-0.10355714285714285,AM1BCC,AmberTools,,,C,,4,[H:16][C:7]1([C:6]([C:5]([C:4]([C:9]([C:8]1([H:18])[H:19])([H:20])[H:21])([H:11])[C:2](=[O:1])[O:3][H:10])([H:12])[H:13])([H:14])[H:15])[H:17],7.0,4.0
4,-0.07425714285714284,AM1BCC,AmberTools,,,C,,5,[H:16][C:7]1([C:6]([C:5]([C:4]([C:9]([C:8]1([H:18])[H:19])([H:20])[H:21])([H:11])[C:2](=[O:1])[O:3][H:10])([H:12])[H:13])([H:14])[H:15])[H:17],7.0,4.0
5,-0.07625714285714284,AM1BCC,AmberTools,,,C,,6,[H:16][C:7]1([C:6]([C:5]([C:4]([C:9]([C:8]1([H:18])[H:19])([H:20])[H:21])([H:11])[C:2](=[O:1])[O:3][H:10])([H:12])[H:13])([H:14])[H:15])[H:17],7.0,4.0
6,-0.07925714285714285,AM1BCC,AmberTools,,,C,,7,[H:16][C:7]1([C:6]([C:5]([C:4]([C:9]([C:8]1([H:18])[H:19])([H:20])[H:21])([H:11])[C:2](=[O:1])[O:3][H:10])([H:12])[H:13])([H:14])[H:15])[H:17],7.0,4.0
7,-0.07625714285714284,AM1BCC,AmberTools,,,C,,8,[H:16][C:7]1([C:6]([C:5]([C:4]([C:9]([C:8]1([H:18])[H:19])([H:20])[H:21])([H:11])[C:2](=[O:1])[O:3][H:10])([H:12])[H:13])([H:14])[H:15])[H:17],7.0,4.0
8,-0.07425714285714284,AM1BCC,AmberTools,,,C,,9,[H:16][C:7]1([C:6]([C:5]([C:4]([C:9]([C:8]1([H:18])[H:19])([H:20])[H:21])([H:11])[C:2](=[O:1])[O:3][H:10])([H:12])[H:13])([H:14])[H:15])[H:17],7.0,4.0
9,0.44214285714285717,AM1BCC,AmberTools,,,H,,10,[H:16][C:7]1([C:6]([C:5]([C:4]([C:9]([C:8]1([H:18])[H:19])([H:20])[H:21])([H:11])[C:2](=[O:1])[O:3][H:10])([H:12])[H:13])([H:14])[H:15])[H:17],7.0,4.0
10,0.08284285714285715,AM1BCC,AmberTools,,,H,,11,[H:16][C:7]1([C:6]([C:5]([C:4]([C:9]([C:8]1([H:18])[H:19])([H:20])[H:21])([H:11])[C:2](=[O:1])[O:3][H:10])([H:12])[H:13])([H:14])[H:15])[H:17],7.0,4.0
11,0.05484285714285715,AM1BCC,AmberTools,,,H,,12,[H:16][C:7]1([C:6]([C:5]([C:4]([C:9]([C:8]1([H:18])[H:19])([H:20])[H:21])([H:11])[C:2](=[O:1])[O:3][H:10])([H:12])[H:13])([H:14])[H:15])[H:17],7.0,4.0
12,0.05484285714285715,AM1BCC,AmberTools,,,H,,13,[H:16][C:7]1([C:6]([C:5]([C:4]([C:9]([C:8]1([H:18])[H:19])([H:20])[H:21])([H:11])[C:2](=[O:1])[O:3][H:10])([H:12])[H:13])([H:14])[H:15])[H:17],7.0,4.0
13,0.043842857142857156,AM1BCC,AmberTools,,,H,,14,[H:16][C:7]1([C:6]([C:5]([C:4]([C:9]([C:8]1([H:18])[H:19])([H:20])[H:21])([H:11])[C:2](=[O:1])[O:3][H:10])([H:12])[H:13])([H:14])[H:15])[H:17],7.0,4.0
14,0.043842857142857156,AM1BCC,AmberTools,,,H,,15,[H:16][C:7]1([C:6]([C:5]([C:4]([C:9]([C:8]1([H:18])[H:19])([H:20])[H:21])([H:11])[C:2](=[O:1])[O:3][H:10])([H:12])[H:13])([H:14])[H:15])[H:17],7.0,4.0
15,0.043842857142857156,AM1BCC,AmberTools,,,H,,16,[H:16][C:7]1([C:6]([C:5]([C:4]([C:9]([C:8]1([H:18])[H:19])([H:20])[H:21])([H:11])[C:2](=[O:1])[O:3][H:10])([H:12])[H:13])([H:14])[H:15])[H:17],7.0,4.0
16,0.043842857142857156,AM1BCC,AmberTools,,,H,,17,[H:16][C:7]1([C:6]([C:5]([C:4]([C:9]([C:8]1([H:18])[H:19])([H:20])[H:21])([H:11])[C:2](=[O:1])[O:3][H:10])([H:12])[H:13])([H:14])[H:15])[H:17],7.0,4.0
17,0.043842857142857156,AM1BCC,AmberTools,,,H,,18,[H:16][C:7]1([C:6]([C:5]([C:4]([C:9]([C:8]1([H:18])[H:19])([H:20])[H:21])([H:11])[C:2](=[O:1])[O:3][H:10])([H:12])[H:13])([H:14])[H:15])[H:17],7.0,4.0
18,0.043842857142857156,AM1BCC,AmberTools,,,H,,19,[H:16][C:7]1([C:6]([C:5]([C:4]([C:9]([C:8]1([H:18])[H:19])([H:20])[H:21])([H:11])[C:2](=[O:1])[O:3][H:10])([H:12])[H:13])([H:14])[H:15])[H:17],7.0,4.0
19,0.05484285714285715,AM1BCC,AmberTools,,,H,,20,[H:16][C:7]1([C:6]([C:5]([C:4]([C:9]([C:8]1([H:18])[H:19])([H:20])[H:21])([H:11])[C:2](=[O:1])[O:3][H:10])([H:12])[H:13])([H:14])[H:15])[H:17],7.0,4.0
20,0.05484285714285715,AM1BCC,AmberTools,,,H,,21,[H:16][C:7]1([C:6]([C:5]([C:4]([C:9]([C:8]1([H:18])[H:19])([H:20])[H:21])([H:11])[C:2](=[O:1])[O:3][H:10])([H:12])[H:13])([H:14])[H:15])[H:17],7.0,4.0
0,-0.5536400076179278,AM1BCC,OpenEye,,,O,,1,[H:16][C:7]1([C:6]([C:5]([C:4]([C:9]([C:8]1([H:18])[H:19])([H:20])[H:21])([H:11])[C:2](=[O:1])[O:3][H:10])([H:12])[H:13])([H:14])[H:15])[H:17],7.0,5.0
1,0.6336500052185285,AM1BCC,OpenEye,,,C,,2,[H:16][C:7]1([C:6]([C:5]([C:4]([C:9]([C:8]1([H:18])[H:19])([H:20])[H:21])([H:11])[C:2](=[O:1])[O:3][H:10])([H:12])[H:13])([H:14])[H:15])[H:17],7.0,5.0
2,-0.5970500108032,AM1BCC,OpenEye,,,O,,3,[H:16][C:7]1([C:6]([C:5]([C:4]([C:9]([C:8]1([H:18])[H:19])([H:20])[H:21])([H:11])[C:2](=[O:1])[O:3][H:10])([H:12])[H:13])([H:14])[H:15])[H:17],7.0,5.0
3,-0.10831999743268603,AM1BCC,OpenEye,,,C,,4,[H:16][C:7]1([C:6]([C:5]([C:4]([C:9]([C:8]1([H:18])[H:19])([H:20])[H:21])([H:11])[C:2](=[O:1])[O:3][H:10])([H:12])[H:13])([H:14])[H:15])[H:17],7.0,5.0
4,-0.0731500011114847,AM1BCC,OpenEye,,,C,,5,[H:16][C:7]1([C:6]([C:5]([C:4]([C:9]([C:8]1([H:18])[H:19])([H:20])[H:21])([H:11])[C:2](=[O:1])[O:3][H:10])([H:12])[H:13])([H:14])[H:15])[H:17],7.0,5.0
5,-0.07650999689386004,AM1BCC,OpenEye,,,C,,6,[H:16][C:7]1([C:6]([C:5]([C:4]([C:9]([C:8]1([H:18])[H:19])([H:20])[H:21])([H:11])[C:2](=[O:1])[O:3][H:10])([H:12])[H:13])([H:14])[H:15])[H:17],7.0,5.0
6,-0.07993999833152407,AM1BCC,OpenEye,,,C,,7,[H:16][C:7]1([C:6]([C:5]([C:4]([C:9]([C:8]1([H:18])[H:19])([H:20])[H:21])([H:11])[C:2](=[O:1])[O:3][H:10])([H:12])[H:13])([H:14])[H:15])[H:17],7.0,5.0
7,-0.07650999689386004,AM1BCC,OpenEye,,,C,,8,[H:16][C:7]1([C:6]([C:5]([C:4]([C:9]([C:8]1([H:18])[H:19])([H:20])[H:21])([H:11])[C:2](=[O:1])[O:3][H:10])([H:12])[H:13])([H:14])[H:15])[H:17],7.0,5.0
8,-0.0731500011114847,AM1BCC,OpenEye,,,C,,9,[H:16][C:7]1([C:6]([C:5]([C:4]([C:9]([C:8]1([H:18])[H:19])([H:20])[H:21])([H:11])[C:2](=[O:1])[O:3][H:10])([H:12])[H:13])([H:14])[H:15])[H:17],7.0,5.0
9,0.44246000086977366,AM1BCC,OpenEye,,,H,,10,[H:16][C:7]1([C:6]([C:5]([C:4]([C:9]([C:8]1([H:18])[H:19])([H:20])[H:21])([H:11])[C:2](=[O:1])[O:3][H:10])([H:12])[H:13])([H:14])[H:15])[H:17],7.0,5.0
10,0.08354000037624723,AM1BCC,OpenEye,,,H,,11,[H:16][C:7]1([C:6]([C:5]([C:4]([C:9]([C:8]1([H:18])[H:19])([H:20])[H:21])([H:11])[C:2](=[O:1])[O:3][H:10])([H:12])[H:13])([H:14])[H:15])[H:17],7.0,5.0
11,0.05389000138356572,AM1BCC,OpenEye,,,H,,12,[H:16][C:7]1([C:6]([C:5]([C:4]([C:9]([C:8]1([H:18])[H:19])([H:20])[H:21])([H:11])[C:2](=[O:1])[O:3][H:10])([H:12])[H:13])([H:14])[H:15])[H:17],7.0,5.0
12,0.05389000138356572,AM1BCC,OpenEye,,,H,,13,[H:16][C:7]1([C:6]([C:5]([C:4]([C:9]([C:8]1([H:18])[H:19])([H:20])[H:21])([H:11])[C:2](=[O:1])[O:3][H:10])([H:12])[H:13])([H:14])[H:15])[H:17],7.0,5.0
13,0.044170000013850984,AM1BCC,OpenEye,,,H,,14,[H:16][C:7]1([C:6]([C:5]([C:4]([C:9]([C:8]1([H:18])[H:19])([H:20])[H:21])([H:11])[C:2](=[O:1])[O:3][H:10])([H:12])[H:13])([H:14])[H:15])[H:17],7.0,5.0
14,0.044170000013850984,AM1BCC,OpenEye,,,H,,15,[H:16][C:7]1([C:6]([C:5]([C:4]([C:9]([C:8]1([H:18])[H:19])([H:20])[H:21])([H:11])[C:2](=[O:1])[O:3][H:10])([H:12])[H:13])([H:14])[H:15])[H:17],7.0,5.0
15,0.0431899990709055,AM1BCC,OpenEye,,,H,,16,[H:16][C:7]1([C:6]([C:5]([C:4]([C:9]([C:8]1([H:18])[H:19])([H:20])[H:21])([H:11])[C:2](=[O:1])[O:3][H:10])([H:12])[H:13])([H:14])[H:15])[H:17],7.0,5.0
16,0.0431899990709055,AM1BCC,OpenEye,,,H,,17,[H:16][C:7]1([C:6]([C:5]([C:4]([C:9]([C:8]1([H:18])[H:19])([H:20])[H:21])([H:11])[C:2](=[O:1])[O:3][H:10])([H:12])[H:13])([H:14])[H:15])[H:17],7.0,5.0
17,0.044170000013850984,AM1BCC,OpenEye,,,H,,18,[H:16][C:7]1([C:6]([C:5]([C:4]([C:9]([C:8]1([H:18])[H:19])([H:20])[H:21])([H:11])[C:2](=[O:1])[O:3][H:10])([H:12])[H:13])([H:14])[H:15])[H:17],7.0,5.0
18,0.044170000013850984,AM1BCC,OpenEye,,,H,,19,[H:16][C:7]1([C:6]([C:5]([C:4]([C:9]([C:8]1([H:18])[H:19])([H:20])[H:21])([H:11])[C:2](=[O:1])[O:3][H:10])([H:12])[H:13])([H:14])[H:15])[H:17],7.0,5.0
19,0.05389000138356572,AM1BCC,OpenEye,,,H,,20,[H:16][C:7]1([C:6]([C:5]([C:4]([C:9]([C:8]1([H:18])[H:19])([H:20])[H:21])([H:11])[C:2](=[O:1])[O:3][H:10])([H:12])[H:13])([H:14])[H:15])[H:17],7.0,5.0
20,0.05389000138356572,AM1BCC,OpenEye,,,H,,21,[H:16][C:7]1([C:6]([C:5]([C:4]([C:9]([C:8]1([H:18])[H:19])([H:20])[H:21])([H:11])[C:2](=[O:1])[O:3][H:10])([H:12])[H:13])([H:14])[H:15])[H:17],7.0,5.0
0,-0.5518571428571429,AM1BCC,AmberTools,,,O,,1,[H:16][C:7]1([C:6]([C:5]([C:4]([C:9]([C:8]1([H:18])[H:19])([H:20])[H:21])([H:11])[C:2](=[O:1])[O:3][H:10])([H:12])[H:13])([H:14])[H:15])[H:17],7.0,5.0
1,0.6352428571428571,AM1BCC,AmberTools,,,C,,2,[H:16][C:7]1([C:6]([C:5]([C:4]([C:9]([C:8]1([H:18])[H:19])([H:20])[H:21])([H:11])[C:2](=[O:1])[O:3][H:10])([H:12])[H:13])([H:14])[H:15])[H:17],7.0,5.0
2,-0.6069571428571429,AM1BCC,AmberTools,,,O,,3,[H:16][C:7]1([C:6]([C:5]([C:4]([C:9]([C:8]1([H:18])[H:19])([H:20])[H:21])([H:11])[C:2](=[O:1])[O:3][H:10])([H:12])[H:13])([H:14])[H:15])[H:17],7.0,5.0
3,-0.10355714285714285,AM1BCC,AmberTools,,,C,,4,[H:16][C:7]1([C:6]([C:5]([C:4]([C:9]([C:8]1([H:18])[H:19])([H:20])[H:21])([H:11])[C:2](=[O:1])[O:3][H:10])([H:12])[H:13])([H:14])[H:15])[H:17],7.0,5.0
4,-0.07425714285714284,AM1BCC,AmberTools,,,C,,5,[H:16][C:7]1([C:6]([C:5]([C:4]([C:9]([C:8]1([H:18])[H:19])([H:20])[H:21])([H:11])[C:2](=[O:1])[O:3][H:10])([H:12])[H:13])([H:14])[H:15])[H:17],7.0,5.0
5,-0.07625714285714284,AM1BCC,AmberTools,,,C,,6,[H:16][C:7]1([C:6]([C:5]([C:4]([C:9]([C:8]1([H:18])[H:19])([H:20])[H:21])([H:11])[C:2](=[O:1])[O:3][H:10])([H:12])[H:13])([H:14])[H:15])[H:17],7.0,5.0
6,-0.07925714285714285,AM1BCC,AmberTools,,,C,,7,[H:16][C:7]1([C:6]([C:5]([C:4]([C:9]([C:8]1([H:18])[H:19])([H:20])[H:21])([H:11])[C:2](=[O:1])[O:3][H:10])([H:12])[H:13])([H:14])[H:15])[H:17],7.0,5.0
7,-0.07625714285714284,AM1BCC,AmberTools,,,C,,8,[H:16][C:7]1([C:6]([C:5]([C:4]([C:9]([C:8]1([H:18])[H:19])([H:20])[H:21])([H:11])[C:2](=[O:1])[O:3][H:10])([H:12])[H:13])([H:14])[H:15])[H:17],7.0,5.0
8,-0.07425714285714284,AM1BCC,AmberTools,,,C,,9,[H:16][C:7]1([C:6]([C:5]([C:4]([C:9]([C:8]1([H:18])[H:19])([H:20])[H:21])([H:11])[C:2](=[O:1])[O:3][H:10])([H:12])[H:13])([H:14])[H:15])[H:17],7.0,5.0
9,0.44214285714285717,AM1BCC,AmberTools,,,H,,10,[H:16][C:7]1([C:6]([C:5]([C:4]([C:9]([C:8]1([H:18])[H:19])([H:20])[H:21])([H:11])[C:2](=[O:1])[O:3][H:10])([H:12])[H:13])([H:14])[H:15])[H:17],7.0,5.0
10,0.08284285714285715,AM1BCC,AmberTools,,,H,,11,[H:16][C:7]1([C:6]([C:5]([C:4]([C:9]([C:8]1([H:18])[H:19])([H:20])[H:21])([H:11])[C:2](=[O:1])[O:3][H:10])([H:12])[H:13])([H:14])[H:15])[H:17],7.0,5.0
11,0.05484285714285715,AM1BCC,AmberTools,,,H,,12,[H:16][C:7]1([C:6]([C:5]([C:4]([C:9]([C:8]1([H:18])[H:19])([H:20])[H:21])([H:11])[C:2](=[O:1])[O:3][H:10])([H:12])[H:13])([H:14])[H:15])[H:17],7.0,5.0
12,0.05484285714285715,AM1BCC,AmberTools,,,H,,13,[H:16][C:7]1([C:6]([C:5]([C:4]([C:9]([C:8]1([H:18])[H:19])([H:20])[H:21])([H:11])[C:2](=[O:1])[O:3][H:10])([H:12])[H:13])([H:14])[H:15])[H:17],7.0,5.0
13,0.043842857142857156,AM1BCC,AmberTools,,,H,,14,[H:16][C:7]1([C:6]([C:5]([C:4]([C:9]([C:8]1([H:18])[H:19])([H:20])[H:21])([H:11])[C:2](=[O:1])[O:3][H:10])([H:12])[H:13])([H:14])[H:15])[H:17],7.0,5.0
14,0.043842857142857156,AM1BCC,AmberTools,,,H,,15,[H:16][C:7]1([C:6]([C:5]([C:4]([C:9]([C:8]1([H:18])[H:19])([H:20])[H:21])([H:11])[C:2](=[O:1])[O:3][H:10])([H:12])[H:13])([H:14])[H:15])[H:17],7.0,5.0
15,0.043842857142857156,AM1BCC,AmberTools,,,H,,16,[H:16][C:7]1([C:6]([C:5]([C:4]([C:9]([C:8]1([H:18])[H:19])([H:20])[H:21])([H:11])[C:2](=[O:1])[O:3][H:10])([H:12])[H:13])([H:14])[H:15])[H:17],7.0,5.0
16,0.043842857142857156,AM1BCC,AmberTools,,,H,,17,[H:16][C:7]1([C:6]([C:5]([C:4]([C:9]([C:8]1([H:18])[H:19])([H:20])[H:21])([H:11])[C:2](=[O:1])[O:3][H:10])([H:12])[H:13])([H:14])[H:15])[H:17],7.0,5.0
17,0.043842857142857156,AM1BCC,AmberTools,,,H,,18,[H:16][C:7]1([C:6]([C:5]([C:4]([C:9]([C:8]1([H:18])[H:19])([H:20])[H:21])([H:11])[C:2](=[O:1])[O:3][H:10])([H:12])[H:13])([H:14])[H:15])[H:17],7.0,5.0
18,0.043842857142857156,AM1BCC,AmberTools,,,H,,19,[H:16][C:7]1([C:6]([C:5]([C:4]([C:9]([C:8]1([H:18])[H:19])([H:20])[H:21])([H:11])[C:2](=[O:1])[O:3][H:10])([H:12])[H:13])([H:14])[H:15])[H:17],7.0,5.0
19,0.05484285714285715,AM1BCC,AmberTools,,,H,,20,[H:16][C:7]1([C:6]([C:5]([C:4]([C:9]([C:8]1([H:18])[H:19])([H:20])[H:21])([H:11])[C:2](=[O:1])[O:3][H:10])([H:12])[H:13])([H:14])[H:15])[H:17],7.0,5.0
20,0.05484285714285715,AM1BCC,AmberTools,,,H,,21,[H:16][C:7]1([C:6]([C:5]([C:4]([C:9]([C:8]1([H:18])[H:19])([H:20])[H:21])([H:11])[C:2](=[O:1])[O:3][H:10])([H:12])[H:13])([H:14])[H:15])[H:17],7.0,5.0
0,-0.5536400076179278,AM1BCC,OpenEye,,,O,,1,[H:16][C:7]1([C:6]([C:5]([C:4]([C:9]([C:8]1([H:18])[H:19])([H:20])[H:21])([H:11])[C:2](=[O:1])[O:3][H:10])([H:12])[H:13])([H:14])[H:15])[H:17],7.0,6.0
1,0.6336500052185285,AM1BCC,OpenEye,,,C,,2,[H:16][C:7]1([C:6]([C:5]([C:4]([C:9]([C:8]1([H:18])[H:19])([H:20])[H:21])([H:11])[C:2](=[O:1])[O:3][H:10])([H:12])[H:13])([H:14])[H:15])[H:17],7.0,6.0
2,-0.5970500108032,AM1BCC,OpenEye,,,O,,3,[H:16][C:7]1([C:6]([C:5]([C:4]([C:9]([C:8]1([H:18])[H:19])([H:20])[H:21])([H:11])[C:2](=[O:1])[O:3][H:10])([H:12])[H:13])([H:14])[H:15])[H:17],7.0,6.0
3,-0.10831999743268603,AM1BCC,OpenEye,,,C,,4,[H:16][C:7]1([C:6]([C:5]([C:4]([C:9]([C:8]1([H:18])[H:19])([H:20])[H:21])([H:11])[C:2](=[O:1])[O:3][H:10])([H:12])[H:13])([H:14])[H:15])[H:17],7.0,6.0
4,-0.0731500011114847,AM1BCC,OpenEye,,,C,,5,[H:16][C:7]1([C:6]([C:5]([C:4]([C:9]([C:8]1([H:18])[H:19])([H:20])[H:21])([H:11])[C:2](=[O:1])[O:3][H:10])([H:12])[H:13])([H:14])[H:15])[H:17],7.0,6.0
5,-0.07650999689386004,AM1BCC,OpenEye,,,C,,6,[H:16][C:7]1([C:6]([C:5]([C:4]([C:9]([C:8]1([H:18])[H:19])([H:20])[H:21])([H:11])[C:2](=[O:1])[O:3][H:10])([H:12])[H:13])([H:14])[H:15])[H:17],7.0,6.0
6,-0.07993999833152407,AM1BCC,OpenEye,,,C,,7,[H:16][C:7]1([C:6]([C:5]([C:4]([C:9]([C:8]1([H:18])[H:19])([H:20])[H:21])([H:11])[C:2](=[O:1])[O:3][H:10])([H:12])[H:13])([H:14])[H:15])[H:17],7.0,6.0
7,-0.07650999689386004,AM1BCC,OpenEye,,,C,,8,[H:16][C:7]1([C:6]([C:5]([C:4]([C:9]([C:8]1([H:18])[H:19])([H:20])[H:21])([H:11])[C:2](=[O:1])[O:3][H:10])([H:12])[H:13])([H:14])[H:15])[H:17],7.0,6.0
8,-0.0731500011114847,AM1BCC,OpenEye,,,C,,9,[H:16][C:7]1([C:6]([C:5]([C:4]([C:9]([C:8]1([H:18])[H:19])([H:20])[H:21])([H:11])[C:2](=[O:1])[O:3][H:10])([H:12])[H:13])([H:14])[H:15])[H:17],7.0,6.0
9,0.44246000086977366,AM1BCC,OpenEye,,,H,,10,[H:16][C:7]1([C:6]([C:5]([C:4]([C:9]([C:8]1([H:18])[H:19])([H:20])[H:21])([H:11])[C:2](=[O:1])[O:3][H:10])([H:12])[H:13])([H:14])[H:15])[H:17],7.0,6.0
10,0.08354000037624723,AM1BCC,OpenEye,,,H,,11,[H:16][C:7]1([C:6]([C:5]([C:4]([C:9]([C:8]1([H:18])[H:19])([H:20])[H:21])([H:11])[C:2](=[O:1])[O:3][H:10])([H:12])[H:13])([H:14])[H:15])[H:17],7.0,6.0
11,0.05389000138356572,AM1BCC,OpenEye,,,H,,12,[H:16][C:7]1([C:6]([C:5]([C:4]([C:9]([C:8]1([H:18])[H:19])([H:20])[H:21])([H:11])[C:2](=[O:1])[O:3][H:10])([H:12])[H:13])([H:14])[H:15])[H:17],7.0,6.0
12,0.05389000138356572,AM1BCC,OpenEye,,,H,,13,[H:16][C:7]1([C:6]([C:5]([C:4]([C:9]([C:8]1([H:18])[H:19])([H:20])[H:21])([H:11])[C:2](=[O:1])[O:3][H:10])([H:12])[H:13])([H:14])[H:15])[H:17],7.0,6.0
13,0.044170000013850984,AM1BCC,OpenEye,,,H,,14,[H:16][C:7]1([C:6]([C:5]([C:4]([C:9]([C:8]1([H:18])[H:19])([H:20])[H:21])([H:11])[C:2](=[O:1])[O:3][H:10])([H:12])[H:13])([H:14])[H:15])[H:17],7.0,6.0
14,0.044170000013850984,AM1BCC,OpenEye,,,H,,15,[H:16][C:7]1([C:6]([C:5]([C:4]([C:9]([C:8]1([H:18])[H:19])([H:20])[H:21])([H:11])[C:2](=[O:1])[O:3][H:10])([H:12])[H:13])([H:14])[H:15])[H:17],7.0,6.0
15,0.0431899990709055,AM1BCC,OpenEye,,,H,,16,[H:16][C:7]1([C:6]([C:5]([C:4]([C:9]([C:8]1([H:18])[H:19])([H:20])[H:21])([H:11])[C:2](=[O:1])[O:3][H:10])([H:12])[H:13])([H:14])[H:15])[H:17],7.0,6.0
16,0.0431899990709055,AM1BCC,OpenEye,,,H,,17,[H:16][C:7]1([C:6]([C:5]([C:4]([C:9]([C:8]1([H:18])[H:19])([H:20])[H:21])([H:11])[C:2](=[O:1])[O:3][H:10])([H:12])[H:13])([H:14])[H:15])[H:17],7.0,6.0
17,0.044170000013850984,AM1BCC,OpenEye,,,H,,18,[H:16][C:7]1([C:6]([C:5]([C:4]([C:9]([C:8]1([H:18])[H:19])([H:20])[H:21])([H:11])[C:2](=[O:1])[O:3][H:10])([H:12])[H:13])([H:14])[H:15])[H:17],7.0,6.0
18,0.044170000013850984,AM1BCC,OpenEye,,,H,,19,[H:16][C:7]1([C:6]([C:5]([C:4]([C:9]([C:8]1([H:18])[H:19])([H:20])[H:21])([H:11])[C:2](=[O:1])[O:3][H:10])([H:12])[H:13])([H:14])[H:15])[H:17],7.0,6.0
19,0.05389000138356572,AM1BCC,OpenEye,,,H,,20,[H:16][C:7]1([C:6]([C:5]([C:4]([C:9]([C:8]1([H:18])[H:19])([H:20])[H:21])([H:11])[C:2](=[O:1])[O:3][H:10])([H:12])[H:13])([H:14])[H:15])[H:17],7.0,6.0
20,0.05389000138356572,AM1BCC,OpenEye,,,H,,21,[H:16][C:7]1([C:6]([C:5]([C:4]([C:9]([C:8]1([H:18])[H:19])([H:20])[H:21])([H:11])[C:2](=[O:1])[O:3][H:10])([H:12])[H:13])([H:14])[H:15])[H:17],7.0,6.0
0,-0.5518571428571429,AM1BCC,AmberTools,,,O,,1,[H:16][C:7]1([C:6]([C:5]([C:4]([C:9]([C:8]1([H:18])[H:19])([H:20])[H:21])([H:11])[C:2](=[O:1])[O:3][H:10])([H:12])[H:13])([H:14])[H:15])[H:17],7.0,6.0
1,0.6352428571428571,AM1BCC,AmberTools,,,C,,2,[H:16][C:7]1([C:6]([C:5]([C:4]([C:9]([C:8]1([H:18])[H:19])([H:20])[H:21])([H:11])[C:2](=[O:1])[O:3][H:10])([H:12])[H:13])([H:14])[H:15])[H:17],7.0,6.0
2,-0.6069571428571429,AM1BCC,AmberTools,,,O,,3,[H:16][C:7]1([C:6]([C:5]([C:4]([C:9]([C:8]1([H:18])[H:19])([H:20])[H:21])([H:11])[C:2](=[O:1])[O:3][H:10])([H:12])[H:13])([H:14])[H:15])[H:17],7.0,6.0
3,-0.10355714285714285,AM1BCC,AmberTools,,,C,,4,[H:16][C:7]1([C:6]([C:5]([C:4]([C:9]([C:8]1([H:18])[H:19])([H:20])[H:21])([H:11])[C:2](=[O:1])[O:3][H:10])([H:12])[H:13])([H:14])[H:15])[H:17],7.0,6.0
4,-0.07425714285714284,AM1BCC,AmberTools,,,C,,5,[H:16][C:7]1([C:6]([C:5]([C:4]([C:9]([C:8]1([H:18])[H:19])([H:20])[H:21])([H:11])[C:2](=[O:1])[O:3][H:10])([H:12])[H:13])([H:14])[H:15])[H:17],7.0,6.0
5,-0.07625714285714284,AM1BCC,AmberTools,,,C,,6,[H:16][C:7]1([C:6]([C:5]([C:4]([C:9]([C:8]1([H:18])[H:19])([H:20])[H:21])([H:11])[C:2](=[O:1])[O:3][H:10])([H:12])[H:13])([H:14])[H:15])[H:17],7.0,6.0
6,-0.07925714285714285,AM1BCC,AmberTools,,,C,,7,[H:16][C:7]1([C:6]([C:5]([C:4]([C:9]([C:8]1([H:18])[H:19])([H:20])[H:21])([H:11])[C:2](=[O:1])[O:3][H:10])([H:12])[H:13])([H:14])[H:15])[H:17],7.0,6.0
7,-0.07625714285714284,AM1BCC,AmberTools,,,C,,8,[H:16][C:7]1([C:6]([C:5]([C:4]([C:9]([C:8]1([H:18])[H:19])([H:20])[H:21])([H:11])[C:2](=[O:1])[O:3][H:10])([H:12])[H:13])([H:14])[H:15])[H:17],7.0,6.0
8,-0.07425714285714284,AM1BCC,AmberTools,,,C,,9,[H:16][C:7]1([C:6]([C:5]([C:4]([C:9]([C:8]1([H:18])[H:19])([H:20])[H:21])([H:11])[C:2](=[O:1])[O:3][H:10])([H:12])[H:13])([H:14])[H:15])[H:17],7.0,6.0
9,0.44214285714285717,AM1BCC,AmberTools,,,H,,10,[H:16][C:7]1([C:6]([C:5]([C:4]([C:9]([C:8]1([H:18])[H:19])([H:20])[H:21])([H:11])[C:2](=[O:1])[O:3][H:10])([H:12])[H:13])([H:14])[H:15])[H:17],7.0,6.0
10,0.08284285714285715,AM1BCC,AmberTools,,,H,,11,[H:16][C:7]1([C:6]([C:5]([C:4]([C:9]([C:8]1([H:18])[H:19])([H:20])[H:21])([H:11])[C:2](=[O:1])[O:3][H:10])([H:12])[H:13])([H:14])[H:15])[H:17],7.0,6.0
11,0.05484285714285715,AM1BCC,AmberTools,,,H,,12,[H:16][C:7]1([C:6]([C:5]([C:4]([C:9]([C:8]1([H:18])[H:19])([H:20])[H:21])([H:11])[C:2](=[O:1])[O:3][H:10])([H:12])[H:13])([H:14])[H:15])[H:17],7.0,6.0
12,0.05484285714285715,AM1BCC,AmberTools,,,H,,13,[H:16][C:7]1([C:6]([C:5]([C:4]([C:9]([C:8]1([H:18])[H:19])([H:20])[H:21])([H:11])[C:2](=[O:1])[O:3][H:10])([H:12])[H:13])([H:14])[H:15])[H:17],7.0,6.0
13,0.043842857142857156,AM1BCC,AmberTools,,,H,,14,[H:16][C:7]1([C:6]([C:5]([C:4]([C:9]([C:8]1([H:18])[H:19])([H:20])[H:21])([H:11])[C:2](=[O:1])[O:3][H:10])([H:12])[H:13])([H:14])[H:15])[H:17],7.0,6.0
14,0.043842857142857156,AM1BCC,AmberTools,,,H,,15,[H:16][C:7]1([C:6]([C:5]([C:4]([C:9]([C:8]1([H:18])[H:19])([H:20])[H:21])([H:11])[C:2](=[O:1])[O:3][H:10])([H:12])[H:13])([H:14])[H:15])[H:17],7.0,6.0
15,0.043842857142857156,AM1BCC,AmberTools,,,H,,16,[H:16][C:7]1([C:6]([C:5]([C:4]([C:9]([C:8]1([H:18])[H:19])([H:20])[H:21])([H:11])[C:2](=[O:1])[O:3][H:10])([H:12])[H:13])([H:14])[H:15])[H:17],7.0,6.0
16,0.043842857142857156,AM1BCC,AmberTools,,,H,,17,[H:16][C:7]1([C:6]([C:5]([C:4]([C:9]([C:8]1([H:18])[H:19])([H:20])[H:21])([H:11])[C:2](=[O:1])[O:3][H:10])([H:12])[H:13])([H:14])[H:15])[H:17],7.0,6.0
17,0.043842857142857156,AM1BCC,AmberTools,,,H,,18,[H:16][C:7]1([C:6]([C:5]([C:4]([C:9]([C:8]1([H:18])[H:19])([H:20])[H:21])([H:11])[C:2](=[O:1])[O:3][H:10])([H:12])[H:13])([H:14])[H:15])[H:17],7.0,6.0
18,0.043842857142857156,AM1BCC,AmberTools,,,H,,19,[H:16][C:7]1([C:6]([C:5]([C:4]([C:9]([C:8]1([H:18])[H:19])([H:20])[H:21])([H:11])[C:2](=[O:1])[O:3][H:10])([H:12])[H:13])([H:14])[H:15])[H:17],7.0,6.0
19,0.05484285714285715,AM1BCC,AmberTools,,,H,,20,[H:16][C:7]1([C:6]([C:5]([C:4]([C:9]([C:8]1([H:18])[H:19])([H:20])[H:21])([H:11])[C:2](=[O:1])[O:3][H:10])([H:12])[H:13])([H:14])[H:15])[H:17],7.0,6.0
20,0.05484285714285715,AM1BCC,AmberTools,,,H,,21,[H:16][C:7]1([C:6]([C:5]([C:4]([C:9]([C:8]1([H:18])[H:19])([H:20])[H:21])([H:11])[C:2](=[O:1])[O:3][H:10])([H:12])[H:13])([H:14])[H:15])[H:17],7.0,6.0
0,-0.5536400076179278,AM1BCC,OpenEye,,,O,,1,[H:16][C:7]1([C:6]([C:5]([C:4]([C:9]([C:8]1([H:18])[H:19])([H:20])[H:21])([H:11])[C:2](=[O:1])[O:3][H:10])([H:12])[H:13])([H:14])[H:15])[H:17],7.0,7.0
1,0.6336500052185285,AM1BCC,OpenEye,,,C,,2,[H:16][C:7]1([C:6]([C:5]([C:4]([C:9]([C:8]1([H:18])[H:19])([H:20])[H:21])([H:11])[C:2](=[O:1])[O:3][H:10])([H:12])[H:13])([H:14])[H:15])[H:17],7.0,7.0
2,-0.5970500108032,AM1BCC,OpenEye,,,O,,3,[H:16][C:7]1([C:6]([C:5]([C:4]([C:9]([C:8]1([H:18])[H:19])([H:20])[H:21])([H:11])[C:2](=[O:1])[O:3][H:10])([H:12])[H:13])([H:14])[H:15])[H:17],7.0,7.0
3,-0.10831999743268603,AM1BCC,OpenEye,,,C,,4,[H:16][C:7]1([C:6]([C:5]([C:4]([C:9]([C:8]1([H:18])[H:19])([H:20])[H:21])([H:11])[C:2](=[O:1])[O:3][H:10])([H:12])[H:13])([H:14])[H:15])[H:17],7.0,7.0
4,-0.0731500011114847,AM1BCC,OpenEye,,,C,,5,[H:16][C:7]1([C:6]([C:5]([C:4]([C:9]([C:8]1([H:18])[H:19])([H:20])[H:21])([H:11])[C:2](=[O:1])[O:3][H:10])([H:12])[H:13])([H:14])[H:15])[H:17],7.0,7.0
5,-0.07650999689386004,AM1BCC,OpenEye,,,C,,6,[H:16][C:7]1([C:6]([C:5]([C:4]([C:9]([C:8]1([H:18])[H:19])([H:20])[H:21])([H:11])[C:2](=[O:1])[O:3][H:10])([H:12])[H:13])([H:14])[H:15])[H:17],7.0,7.0
6,-0.07993999833152407,AM1BCC,OpenEye,,,C,,7,[H:16][C:7]1([C:6]([C:5]([C:4]([C:9]([C:8]1([H:18])[H:19])([H:20])[H:21])([H:11])[C:2](=[O:1])[O:3][H:10])([H:12])[H:13])([H:14])[H:15])[H:17],7.0,7.0
7,-0.07650999689386004,AM1BCC,OpenEye,,,C,,8,[H:16][C:7]1([C:6]([C:5]([C:4]([C:9]([C:8]1([H:18])[H:19])([H:20])[H:21])([H:11])[C:2](=[O:1])[O:3][H:10])([H:12])[H:13])([H:14])[H:15])[H:17],7.0,7.0
8,-0.0731500011114847,AM1BCC,OpenEye,,,C,,9,[H:16][C:7]1([C:6]([C:5]([C:4]([C:9]([C:8]1([H:18])[H:19])([H:20])[H:21])([H:11])[C:2](=[O:1])[O:3][H:10])([H:12])[H:13])([H:14])[H:15])[H:17],7.0,7.0
9,0.44246000086977366,AM1BCC,OpenEye,,,H,,10,[H:16][C:7]1([C:6]([C:5]([C:4]([C:9]([C:8]1([H:18])[H:19])([H:20])[H:21])([H:11])[C:2](=[O:1])[O:3][H:10])([H:12])[H:13])([H:14])[H:15])[H:17],7.0,7.0
10,0.08354000037624723,AM1BCC,OpenEye,,,H,,11,[H:16][C:7]1([C:6]([C:5]([C:4]([C:9]([C:8]1([H:18])[H:19])([H:20])[H:21])([H:11])[C:2](=[O:1])[O:3][H:10])([H:12])[H:13])([H:14])[H:15])[H:17],7.0,7.0
11,0.05389000138356572,AM1BCC,OpenEye,,,H,,12,[H:16][C:7]1([C:6]([C:5]([C:4]([C:9]([C:8]1([H:18])[H:19])([H:20])[H:21])([H:11])[C:2](=[O:1])[O:3][H:10])([H:12])[H:13])([H:14])[H:15])[H:17],7.0,7.0
12,0.05389000138356572,AM1BCC,OpenEye,,,H,,13,[H:16][C:7]1([C:6]([C:5]([C:4]([C:9]([C:8]1([H:18])[H:19])([H:20])[H:21])([H:11])[C:2](=[O:1])[O:3][H:10])([H:12])[H:13])([H:14])[H:15])[H:17],7.0,7.0
13,0.044170000013850984,AM1BCC,OpenEye,,,H,,14,[H:16][C:7]1([C:6]([C:5]([C:4]([C:9]([C:8]1([H:18])[H:19])([H:20])[H:21])([H:11])[C:2](=[O:1])[O:3][H:10])([H:12])[H:13])([H:14])[H:15])[H:17],7.0,7.0
14,0.044170000013850984,AM1BCC,OpenEye,,,H,,15,[H:16][C:7]1([C:6]([C:5]([C:4]([C:9]([C:8]1([H:18])[H:19])([H:20])[H:21])([H:11])[C:2](=[O:1])[O:3][H:10])([H:12])[H:13])([H:14])[H:15])[H:17],7.0,7.0
15,0.0431899990709055,AM1BCC,OpenEye,,,H,,16,[H:16][C:7]1([C:6]([C:5]([C:4]([C:9]([C:8]1([H:18])[H:19])([H:20])[H:21])([H:11])[C:2](=[O:1])[O:3][H:10])([H:12])[H:13])([H:14])[H:15])[H:17],7.0,7.0
16,0.0431899990709055,AM1BCC,OpenEye,,,H,,17,[H:16][C:7]1([C:6]([C:5]([C:4]([C:9]([C:8]1([H:18])[H:19])([H:20])[H:21])([H:11])[C:2](=[O:1])[O:3][H:10])([H:12])[H:13])([H:14])[H:15])[H:17],7.0,7.0
17,0.044170000013850984,AM1BCC,OpenEye,,,H,,18,[H:16][C:7]1([C:6]([C:5]([C:4]([C:9]([C:8]1([H:18])[H:19])([H:20])[H:21])([H:11])[C:2](=[O:1])[O:3][H:10])([H:12])[H:13])([H:14])[H:15])[H:17],7.0,7.0
18,0.044170000013850984,AM1BCC,OpenEye,,,H,,19,[H:16][C:7]1([C:6]([C:5]([C:4]([C:9]([C:8]1([H:18])[H:19])([H:20])[H:21])([H:11])[C:2](=[O:1])[O:3][H:10])([H:12])[H:13])([H:14])[H:15])[H:17],7.0,7.0
19,0.05389000138356572,AM1BCC,OpenEye,,,H,,20,[H:16][C:7]1([C:6]([C:5]([C:4]([C:9]([C:8]1([H:18])[H:19])([H:20])[H:21])([H:11])[C:2](=[O:1])[O:3][H:10])([H:12])[H:13])([H:14])[H:15])[H:17],7.0,7.0
20,0.05389000138356572,AM1BCC,OpenEye,,,H,,21,[H:16][C:7]1([C:6]([C:5]([C:4]([C:9]([C:8]1([H:18])[H:19])([H:20])[H:21])([H:11])[C:2](=[O:1])[O:3][H:10])([H:12])[H:13])([H:14])[H:15])[H:17],7.0,7.0
0,-0.5518571428571429,AM1BCC,AmberTools,,,O,,1,[H:16][C:7]1([C:6]([C:5]([C:4]([C:9]([C:8]1([H:18])[H:19])([H:20])[H:21])([H:11])[C:2](=[O:1])[O:3][H:10])([H:12])[H:13])([H:14])[H:15])[H:17],7.0,7.0
1,0.6352428571428571,AM1BCC,AmberTools,,,C,,2,[H:16][C:7]1([C:6]([C:5]([C:4]([C:9]([C:8]1([H:18])[H:19])([H:20])[H:21])([H:11])[C:2](=[O:1])[O:3][H:10])([H:12])[H:13])([H:14])[H:15])[H:17],7.0,7.0
2,-0.6069571428571429,AM1BCC,AmberTools,,,O,,3,[H:16][C:7]1([C:6]([C:5]([C:4]([C:9]([C:8]1([H:18])[H:19])([H:20])[H:21])([H:11])[C:2](=[O:1])[O:3][H:10])([H:12])[H:13])([H:14])[H:15])[H:17],7.0,7.0
3,-0.10355714285714285,AM1BCC,AmberTools,,,C,,4,[H:16][C:7]1([C:6]([C:5]([C:4]([C:9]([C:8]1([H:18])[H:19])([H:20])[H:21])([H:11])[C:2](=[O:1])[O:3][H:10])([H:12])[H:13])([H:14])[H:15])[H:17],7.0,7.0
4,-0.07425714285714284,AM1BCC,AmberTools,,,C,,5,[H:16][C:7]1([C:6]([C:5]([C:4]([C:9]([C:8]1([H:18])[H:19])([H:20])[H:21])([H:11])[C:2](=[O:1])[O:3][H:10])([H:12])[H:13])([H:14])[H:15])[H:17],7.0,7.0
5,-0.07625714285714284,AM1BCC,AmberTools,,,C,,6,[H:16][C:7]1([C:6]([C:5]([C:4]([C:9]([C:8]1([H:18])[H:19])([H:20])[H:21])([H:11])[C:2](=[O:1])[O:3][H:10])([H:12])[H:13])([H:14])[H:15])[H:17],7.0,7.0
6,-0.07925714285714285,AM1BCC,AmberTools,,,C,,7,[H:16][C:7]1([C:6]([C:5]([C:4]([C:9]([C:8]1([H:18])[H:19])([H:20])[H:21])([H:11])[C:2](=[O:1])[O:3][H:10])([H:12])[H:13])([H:14])[H:15])[H:17],7.0,7.0
7,-0.07625714285714284,AM1BCC,AmberTools,,,C,,8,[H:16][C:7]1([C:6]([C:5]([C:4]([C:9]([C:8]1([H:18])[H:19])([H:20])[H:21])([H:11])[C:2](=[O:1])[O:3][H:10])([H:12])[H:13])([H:14])[H:15])[H:17],7.0,7.0
8,-0.07425714285714284,AM1BCC,AmberTools,,,C,,9,[H:16][C:7]1([C:6]([C:5]([C:4]([C:9]([C:8]1([H:18])[H:19])([H:20])[H:21])([H:11])[C:2](=[O:1])[O:3][H:10])([H:12])[H:13])([H:14])[H:15])[H:17],7.0,7.0
9,0.44214285714285717,AM1BCC,AmberTools,,,H,,10,[H:16][C:7]1([C:6]([C:5]([C:4]([C:9]([C:8]1([H:18])[H:19])([H:20])[H:21])([H:11])[C:2](=[O:1])[O:3][H:10])([H:12])[H:13])([H:14])[H:15])[H:17],7.0,7.0
10,0.08284285714285715,AM1BCC,AmberTools,,,H,,11,[H:16][C:7]1([C:6]([C:5]([C:4]([C:9]([C:8]1([H:18])[H:19])([H:20])[H:21])([H:11])[C:2](=[O:1])[O:3][H:10])([H:12])[H:13])([H:14])[H:15])[H:17],7.0,7.0
11,0.05484285714285715,AM1BCC,AmberTools,,,H,,12,[H:16][C:7]1([C:6]([C:5]([C:4]([C:9]([C:8]1([H:18])[H:19])([H:20])[H:21])([H:11])[C:2](=[O:1])[O:3][H:10])([H:12])[H:13])([H:14])[H:15])[H:17],7.0,7.0
12,0.05484285714285715,AM1BCC,AmberTools,,,H,,13,[H:16][C:7]1([C:6]([C:5]([C:4]([C:9]([C:8]1([H:18])[H:19])([H:20])[H:21])([H:11])[C:2](=[O:1])[O:3][H:10])([H:12])[H:13])([H:14])[H:15])[H:17],7.0,7.0
13,0.043842857142857156,AM1BCC,AmberTools,,,H,,14,[H:16][C:7]1([C:6]([C:5]([C:4]([C:9]([C:8]1([H:18])[H:19])([H:20])[H:21])([H:11])[C:2](=[O:1])[O:3][H:10])([H:12])[H:13])([H:14])[H:15])[H:17],7.0,7.0
14,0.043842857142857156,AM1BCC,AmberTools,,,H,,15,[H:16][C:7]1([C:6]([C:5]([C:4]([C:9]([C:8]1([H:18])[H:19])([H:20])[H:21])([H:11])[C:2](=[O:1])[O:3][H:10])([H:12])[H:13])([H:14])[H:15])[H:17],7.0,7.0
15,0.043842857142857156,AM1BCC,AmberTools,,,H,,16,[H:16][C:7]1([C:6]([C:5]([C:4]([C:9]([C:8]1([H:18])[H:19])([H:20])[H:21])([H:11])[C:2](=[O:1])[O:3][H:10])([H:12])[H:13])([H:14])[H:15])[H:17],7.0,7.0
16,0.043842857142857156,AM1BCC,AmberTools,,,H,,17,[H:16][C:7]1([C:6]([C:5]([C:4]([C:9]([C:8]1([H:18])[H:19])([H:20])[H:21])([H:11])[C:2](=[O:1])[O:3][H:10])([H:12])[H:13])([H:14])[H:15])[H:17],7.0,7.0
17,0.043842857142857156,AM1BCC,AmberTools,,,H,,18,[H:16][C:7]1([C:6]([C:5]([C:4]([C:9]([C:8]1([H:18])[H:19])([H:20])[H:21])([H:11])[C:2](=[O:1])[O:3][H:10])([H:12])[H:13])([H:14])[H:15])[H:17],7.0,7.0
18,0.043842857142857156,AM1BCC,AmberTools,,,H,,19,[H:16][C:7]1([C:6]([C:5]([C:4]([C:9]([C:8]1([H:18])[H:19])([H:20])[H:21])([H:11])[C:2](=[O:1])[O:3][H:10])([H:12])[H:13])([H:14])[H:15])[H:17],7.0,7.0
19,0.05484285714285715,AM1BCC,AmberTools,,,H,,20,[H:16][C:7]1([C:6]([C:5]([C:4]([C:9]([C:8]1([H:18])[H:19])([H:20])[H:21])([H:11])[C:2](=[O:1])[O:3][H:10])([H:12])[H:13])([H:14])[H:15])[H:17],7.0,7.0
20,0.05484285714285715,AM1BCC,AmberTools,,,H,,21,[H:16][C:7]1([C:6]([C:5]([C:4]([C:9]([C:8]1([H:18])[H:19])([H:20])[H:21])([H:11])[C:2](=[O:1])[O:3][H:10])([H:12])[H:13])([H:14])[H:15])[H:17],7.0,7.0
0,-0.5536400076179278,AM1BCC,OpenEye,,,O,,1,[H:16][C:7]1([C:6]([C:5]([C:4]([C:9]([C:8]1([H:18])[H:19])([H:20])[H:21])([H:11])[C:2](=[O:1])[O:3][H:10])([H:12])[H:13])([H:14])[H:15])[H:17],7.0,8.0
1,0.6336500052185285,AM1BCC,OpenEye,,,C,,2,[H:16][C:7]1([C:6]([C:5]([C:4]([C:9]([C:8]1([H:18])[H:19])([H:20])[H:21])([H:11])[C:2](=[O:1])[O:3][H:10])([H:12])[H:13])([H:14])[H:15])[H:17],7.0,8.0
2,-0.5970500108032,AM1BCC,OpenEye,,,O,,3,[H:16][C:7]1([C:6]([C:5]([C:4]([C:9]([C:8]1([H:18])[H:19])([H:20])[H:21])([H:11])[C:2](=[O:1])[O:3][H:10])([H:12])[H:13])([H:14])[H:15])[H:17],7.0,8.0
3,-0.10831999743268603,AM1BCC,OpenEye,,,C,,4,[H:16][C:7]1([C:6]([C:5]([C:4]([C:9]([C:8]1([H:18])[H:19])([H:20])[H:21])([H:11])[C:2](=[O:1])[O:3][H:10])([H:12])[H:13])([H:14])[H:15])[H:17],7.0,8.0
4,-0.0731500011114847,AM1BCC,OpenEye,,,C,,5,[H:16][C:7]1([C:6]([C:5]([C:4]([C:9]([C:8]1([H:18])[H:19])([H:20])[H:21])([H:11])[C:2](=[O:1])[O:3][H:10])([H:12])[H:13])([H:14])[H:15])[H:17],7.0,8.0
5,-0.07650999689386004,AM1BCC,OpenEye,,,C,,6,[H:16][C:7]1([C:6]([C:5]([C:4]([C:9]([C:8]1([H:18])[H:19])([H:20])[H:21])([H:11])[C:2](=[O:1])[O:3][H:10])([H:12])[H:13])([H:14])[H:15])[H:17],7.0,8.0
6,-0.07993999833152407,AM1BCC,OpenEye,,,C,,7,[H:16][C:7]1([C:6]([C:5]([C:4]([C:9]([C:8]1([H:18])[H:19])([H:20])[H:21])([H:11])[C:2](=[O:1])[O:3][H:10])([H:12])[H:13])([H:14])[H:15])[H:17],7.0,8.0
7,-0.07650999689386004,AM1BCC,OpenEye,,,C,,8,[H:16][C:7]1([C:6]([C:5]([C:4]([C:9]([C:8]1([H:18])[H:19])([H:20])[H:21])([H:11])[C:2](=[O:1])[O:3][H:10])([H:12])[H:13])([H:14])[H:15])[H:17],7.0,8.0
8,-0.0731500011114847,AM1BCC,OpenEye,,,C,,9,[H:16][C:7]1([C:6]([C:5]([C:4]([C:9]([C:8]1([H:18])[H:19])([H:20])[H:21])([H:11])[C:2](=[O:1])[O:3][H:10])([H:12])[H:13])([H:14])[H:15])[H:17],7.0,8.0
9,0.44246000086977366,AM1BCC,OpenEye,,,H,,10,[H:16][C:7]1([C:6]([C:5]([C:4]([C:9]([C:8]1([H:18])[H:19])([H:20])[H:21])([H:11])[C:2](=[O:1])[O:3][H:10])([H:12])[H:13])([H:14])[H:15])[H:17],7.0,8.0
10,0.08354000037624723,AM1BCC,OpenEye,,,H,,11,[H:16][C:7]1([C:6]([C:5]([C:4]([C:9]([C:8]1([H:18])[H:19])([H:20])[H:21])([H:11])[C:2](=[O:1])[O:3][H:10])([H:12])[H:13])([H:14])[H:15])[H:17],7.0,8.0
11,0.05389000138356572,AM1BCC,OpenEye,,,H,,12,[H:16][C:7]1([C:6]([C:5]([C:4]([C:9]([C:8]1([H:18])[H:19])([H:20])[H:21])([H:11])[C:2](=[O:1])[O:3][H:10])([H:12])[H:13])([H:14])[H:15])[H:17],7.0,8.0
12,0.05389000138356572,AM1BCC,OpenEye,,,H,,13,[H:16][C:7]1([C:6]([C:5]([C:4]([C:9]([C:8]1([H:18])[H:19])([H:20])[H:21])([H:11])[C:2](=[O:1])[O:3][H:10])([H:12])[H:13])([H:14])[H:15])[H:17],7.0,8.0
13,0.044170000013850984,AM1BCC,OpenEye,,,H,,14,[H:16][C:7]1([C:6]([C:5]([C:4]([C:9]([C:8]1([H:18])[H:19])([H:20])[H:21])([H:11])[C:2](=[O:1])[O:3][H:10])([H:12])[H:13])([H:14])[H:15])[H:17],7.0,8.0
14,0.044170000013850984,AM1BCC,OpenEye,,,H,,15,[H:16][C:7]1([C:6]([C:5]([C:4]([C:9]([C:8]1([H:18])[H:19])([H:20])[H:21])([H:11])[C:2](=[O:1])[O:3][H:10])([H:12])[H:13])([H:14])[H:15])[H:17],7.0,8.0
15,0.0431899990709055,AM1BCC,OpenEye,,,H,,16,[H:16][C:7]1([C:6]([C:5]([C:4]([C:9]([C:8]1([H:18])[H:19])([H:20])[H:21])([H:11])[C:2](=[O:1])[O:3][H:10])([H:12])[H:13])([H:14])[H:15])[H:17],7.0,8.0
16,0.0431899990709055,AM1BCC,OpenEye,,,H,,17,[H:16][C:7]1([C:6]([C:5]([C:4]([C:9]([C:8]1([H:18])[H:19])([H:20])[H:21])([H:11])[C:2](=[O:1])[O:3][H:10])([H:12])[H:13])([H:14])[H:15])[H:17],7.0,8.0
17,0.044170000013850984,AM1BCC,OpenEye,,,H,,18,[H:16][C:7]1([C:6]([C:5]([C:4]([C:9]([C:8]1([H:18])[H:19])([H:20])[H:21])([H:11])[C:2](=[O:1])[O:3][H:10])([H:12])[H:13])([H:14])[H:15])[H:17],7.0,8.0
18,0.044170000013850984,AM1BCC,OpenEye,,,H,,19,[H:16][C:7]1([C:6]([C:5]([C:4]([C:9]([C:8]1([H:18])[H:19])([H:20])[H:21])([H:11])[C:2](=[O:1])[O:3][H:10])([H:12])[H:13])([H:14])[H:15])[H:17],7.0,8.0
19,0.05389000138356572,AM1BCC,OpenEye,,,H,,20,[H:16][C:7]1([C:6]([C:5]([C:4]([C:9]([C:8]1([H:18])[H:19])([H:20])[H:21])([H:11])[C:2](=[O:1])[O:3][H:10])([H:12])[H:13])([H:14])[H:15])[H:17],7.0,8.0
20,0.05389000138356572,AM1BCC,OpenEye,,,H,,21,[H:16][C:7]1([C:6]([C:5]([C:4]([C:9]([C:8]1([H:18])[H:19])([H:20])[H:21])([H:11])[C:2](=[O:1])[O:3][H:10])([H:12])[H:13])([H:14])[H:15])[H:17],7.0,8.0
0,-0.5518571428571429,AM1BCC,AmberTools,,,O,,1,[H:16][C:7]1([C:6]([C:5]([C:4]([C:9]([C:8]1([H:18])[H:19])([H:20])[H:21])([H:11])[C:2](=[O:1])[O:3][H:10])([H:12])[H:13])([H:14])[H:15])[H:17],7.0,8.0
1,0.6352428571428571,AM1BCC,AmberTools,,,C,,2,[H:16][C:7]1([C:6]([C:5]([C:4]([C:9]([C:8]1([H:18])[H:19])([H:20])[H:21])([H:11])[C:2](=[O:1])[O:3][H:10])([H:12])[H:13])([H:14])[H:15])[H:17],7.0,8.0
2,-0.6069571428571429,AM1BCC,AmberTools,,,O,,3,[H:16][C:7]1([C:6]([C:5]([C:4]([C:9]([C:8]1([H:18])[H:19])([H:20])[H:21])([H:11])[C:2](=[O:1])[O:3][H:10])([H:12])[H:13])([H:14])[H:15])[H:17],7.0,8.0
3,-0.10355714285714285,AM1BCC,AmberTools,,,C,,4,[H:16][C:7]1([C:6]([C:5]([C:4]([C:9]([C:8]1([H:18])[H:19])([H:20])[H:21])([H:11])[C:2](=[O:1])[O:3][H:10])([H:12])[H:13])([H:14])[H:15])[H:17],7.0,8.0
4,-0.07425714285714284,AM1BCC,AmberTools,,,C,,5,[H:16][C:7]1([C:6]([C:5]([C:4]([C:9]([C:8]1([H:18])[H:19])([H:20])[H:21])([H:11])[C:2](=[O:1])[O:3][H:10])([H:12])[H:13])([H:14])[H:15])[H:17],7.0,8.0
5,-0.07625714285714284,AM1BCC,AmberTools,,,C,,6,[H:16][C:7]1([C:6]([C:5]([C:4]([C:9]([C:8]1([H:18])[H:19])([H:20])[H:21])([H:11])[C:2](=[O:1])[O:3][H:10])([H:12])[H:13])([H:14])[H:15])[H:17],7.0,8.0
6,-0.07925714285714285,AM1BCC,AmberTools,,,C,,7,[H:16][C:7]1([C:6]([C:5]([C:4]([C:9]([C:8]1([H:18])[H:19])([H:20])[H:21])([H:11])[C:2](=[O:1])[O:3][H:10])([H:12])[H:13])([H:14])[H:15])[H:17],7.0,8.0
7,-0.07625714285714284,AM1BCC,AmberTools,,,C,,8,[H:16][C:7]1([C:6]([C:5]([C:4]([C:9]([C:8]1([H:18])[H:19])([H:20])[H:21])([H:11])[C:2](=[O:1])[O:3][H:10])([H:12])[H:13])([H:14])[H:15])[H:17],7.0,8.0
8,-0.07425714285714284,AM1BCC,AmberTools,,,C,,9,[H:16][C:7]1([C:6]([C:5]([C:4]([C:9]([C:8]1([H:18])[H:19])([H:20])[H:21])([H:11])[C:2](=[O:1])[O:3][H:10])([H:12])[H:13])([H:14])[H:15])[H:17],7.0,8.0
9,0.44214285714285717,AM1BCC,AmberTools,,,H,,10,[H:16][C:7]1([C:6]([C:5]([C:4]([C:9]([C:8]1([H:18])[H:19])([H:20])[H:21])([H:11])[C:2](=[O:1])[O:3][H:10])([H:12])[H:13])([H:14])[H:15])[H:17],7.0,8.0
10,0.08284285714285715,AM1BCC,AmberTools,,,H,,11,[H:16][C:7]1([C:6]([C:5]([C:4]([C:9]([C:8]1([H:18])[H:19])([H:20])[H:21])([H:11])[C:2](=[O:1])[O:3][H:10])([H:12])[H:13])([H:14])[H:15])[H:17],7.0,8.0
11,0.05484285714285715,AM1BCC,AmberTools,,,H,,12,[H:16][C:7]1([C:6]([C:5]([C:4]([C:9]([C:8]1([H:18])[H:19])([H:20])[H:21])([H:11])[C:2](=[O:1])[O:3][H:10])([H:12])[H:13])([H:14])[H:15])[H:17],7.0,8.0
12,0.05484285714285715,AM1BCC,AmberTools,,,H,,13,[H:16][C:7]1([C:6]([C:5]([C:4]([C:9]([C:8]1([H:18])[H:19])([H:20])[H:21])([H:11])[C:2](=[O:1])[O:3][H:10])([H:12])[H:13])([H:14])[H:15])[H:17],7.0,8.0
13,0.043842857142857156,AM1BCC,AmberTools,,,H,,14,[H:16][C:7]1([C:6]([C:5]([C:4]([C:9]([C:8]1([H:18])[H:19])([H:20])[H:21])([H:11])[C:2](=[O:1])[O:3][H:10])([H:12])[H:13])([H:14])[H:15])[H:17],7.0,8.0
14,0.043842857142857156,AM1BCC,AmberTools,,,H,,15,[H:16][C:7]1([C:6]([C:5]([C:4]([C:9]([C:8]1([H:18])[H:19])([H:20])[H:21])([H:11])[C:2](=[O:1])[O:3][H:10])([H:12])[H:13])([H:14])[H:15])[H:17],7.0,8.0
15,0.043842857142857156,AM1BCC,AmberTools,,,H,,16,[H:16][C:7]1([C:6]([C:5]([C:4]([C:9]([C:8]1([H:18])[H:19])([H:20])[H:21])([H:11])[C:2](=[O:1])[O:3][H:10])([H:12])[H:13])([H:14])[H:15])[H:17],7.0,8.0
16,0.043842857142857156,AM1BCC,AmberTools,,,H,,17,[H:16][C:7]1([C:6]([C:5]([C:4]([C:9]([C:8]1([H:18])[H:19])([H:20])[H:21])([H:11])[C:2](=[O:1])[O:3][H:10])([H:12])[H:13])([H:14])[H:15])[H:17],7.0,8.0
17,0.043842857142857156,AM1BCC,AmberTools,,,H,,18,[H:16][C:7]1([C:6]([C:5]([C:4]([C:9]([C:8]1([H:18])[H:19])([H:20])[H:21])([H:11])[C:2](=[O:1])[O:3][H:10])([H:12])[H:13])([H:14])[H:15])[H:17],7.0,8.0
18,0.043842857142857156,AM1BCC,AmberTools,,,H,,19,[H:16][C:7]1([C:6]([C:5]([C:4]([C:9]([C:8]1([H:18])[H:19])([H:20])[H:21])([H:11])[C:2](=[O:1])[O:3][H:10])([H:12])[H:13])([H:14])[H:15])[H:17],7.0,8.0
19,0.05484285714285715,AM1BCC,AmberTools,,,H,,20,[H:16][C:7]1([C:6]([C:5]([C:4]([C:9]([C:8]1([H:18])[H:19])([H:20])[H:21])([H:11])[C:2](=[O:1])[O:3][H:10])([H:12])[H:13])([H:14])[H:15])[H:17],7.0,8.0
20,0.05484285714285715,AM1BCC,AmberTools,,,H,,21,[H:16][C:7]1([C:6]([C:5]([C:4]([C:9]([C:8]1([H:18])[H:19])([H:20])[H:21])([H:11])[C:2](=[O:1])[O:3][H:10])([H:12])[H:13])([H:14])[H:15])[H:17],7.0,8.0
0,-0.5536400076179278,AM1BCC,OpenEye,,,O,,1,[H:16][C:7]1([C:6]([C:5]([C:4]([C:9]([C:8]1([H:18])[H:19])([H:20])[H:21])([H:11])[C:2](=[O:1])[O:3][H:10])([H:12])[H:13])([H:14])[H:15])[H:17],7.0,9.0
1,0.6336500052185285,AM1BCC,OpenEye,,,C,,2,[H:16][C:7]1([C:6]([C:5]([C:4]([C:9]([C:8]1([H:18])[H:19])([H:20])[H:21])([H:11])[C:2](=[O:1])[O:3][H:10])([H:12])[H:13])([H:14])[H:15])[H:17],7.0,9.0
2,-0.5970500108032,AM1BCC,OpenEye,,,O,,3,[H:16][C:7]1([C:6]([C:5]([C:4]([C:9]([C:8]1([H:18])[H:19])([H:20])[H:21])([H:11])[C:2](=[O:1])[O:3][H:10])([H:12])[H:13])([H:14])[H:15])[H:17],7.0,9.0
3,-0.10831999743268603,AM1BCC,OpenEye,,,C,,4,[H:16][C:7]1([C:6]([C:5]([C:4]([C:9]([C:8]1([H:18])[H:19])([H:20])[H:21])([H:11])[C:2](=[O:1])[O:3][H:10])([H:12])[H:13])([H:14])[H:15])[H:17],7.0,9.0
4,-0.0731500011114847,AM1BCC,OpenEye,,,C,,5,[H:16][C:7]1([C:6]([C:5]([C:4]([C:9]([C:8]1([H:18])[H:19])([H:20])[H:21])([H:11])[C:2](=[O:1])[O:3][H:10])([H:12])[H:13])([H:14])[H:15])[H:17],7.0,9.0
5,-0.07650999689386004,AM1BCC,OpenEye,,,C,,6,[H:16][C:7]1([C:6]([C:5]([C:4]([C:9]([C:8]1([H:18])[H:19])([H:20])[H:21])([H:11])[C:2](=[O:1])[O:3][H:10])([H:12])[H:13])([H:14])[H:15])[H:17],7.0,9.0
6,-0.07993999833152407,AM1BCC,OpenEye,,,C,,7,[H:16][C:7]1([C:6]([C:5]([C:4]([C:9]([C:8]1([H:18])[H:19])([H:20])[H:21])([H:11])[C:2](=[O:1])[O:3][H:10])([H:12])[H:13])([H:14])[H:15])[H:17],7.0,9.0
7,-0.07650999689386004,AM1BCC,OpenEye,,,C,,8,[H:16][C:7]1([C:6]([C:5]([C:4]([C:9]([C:8]1([H:18])[H:19])([H:20])[H:21])([H:11])[C:2](=[O:1])[O:3][H:10])([H:12])[H:13])([H:14])[H:15])[H:17],7.0,9.0
8,-0.0731500011114847,AM1BCC,OpenEye,,,C,,9,[H:16][C:7]1([C:6]([C:5]([C:4]([C:9]([C:8]1([H:18])[H:19])([H:20])[H:21])([H:11])[C:2](=[O:1])[O:3][H:10])([H:12])[H:13])([H:14])[H:15])[H:17],7.0,9.0
9,0.44246000086977366,AM1BCC,OpenEye,,,H,,10,[H:16][C:7]1([C:6]([C:5]([C:4]([C:9]([C:8]1([H:18])[H:19])([H:20])[H:21])([H:11])[C:2](=[O:1])[O:3][H:10])([H:12])[H:13])([H:14])[H:15])[H:17],7.0,9.0
10,0.08354000037624723,AM1BCC,OpenEye,,,H,,11,[H:16][C:7]1([C:6]([C:5]([C:4]([C:9]([C:8]1([H:18])[H:19])([H:20])[H:21])([H:11])[C:2](=[O:1])[O:3][H:10])([H:12])[H:13])([H:14])[H:15])[H:17],7.0,9.0
11,0.05389000138356572,AM1BCC,OpenEye,,,H,,12,[H:16][C:7]1([C:6]([C:5]([C:4]([C:9]([C:8]1([H:18])[H:19])([H:20])[H:21])([H:11])[C:2](=[O:1])[O:3][H:10])([H:12])[H:13])([H:14])[H:15])[H:17],7.0,9.0
12,0.05389000138356572,AM1BCC,OpenEye,,,H,,13,[H:16][C:7]1([C:6]([C:5]([C:4]([C:9]([C:8]1([H:18])[H:19])([H:20])[H:21])([H:11])[C:2](=[O:1])[O:3][H:10])([H:12])[H:13])([H:14])[H:15])[H:17],7.0,9.0
13,0.044170000013850984,AM1BCC,OpenEye,,,H,,14,[H:16][C:7]1([C:6]([C:5]([C:4]([C:9]([C:8]1([H:18])[H:19])([H:20])[H:21])([H:11])[C:2](=[O:1])[O:3][H:10])([H:12])[H:13])([H:14])[H:15])[H:17],7.0,9.0
14,0.044170000013850984,AM1BCC,OpenEye,,,H,,15,[H:16][C:7]1([C:6]([C:5]([C:4]([C:9]([C:8]1([H:18])[H:19])([H:20])[H:21])([H:11])[C:2](=[O:1])[O:3][H:10])([H:12])[H:13])([H:14])[H:15])[H:17],7.0,9.0
15,0.0431899990709055,AM1BCC,OpenEye,,,H,,16,[H:16][C:7]1([C:6]([C:5]([C:4]([C:9]([C:8]1([H:18])[H:19])([H:20])[H:21])([H:11])[C:2](=[O:1])[O:3][H:10])([H:12])[H:13])([H:14])[H:15])[H:17],7.0,9.0
16,0.0431899990709055,AM1BCC,OpenEye,,,H,,17,[H:16][C:7]1([C:6]([C:5]([C:4]([C:9]([C:8]1([H:18])[H:19])([H:20])[H:21])([H:11])[C:2](=[O:1])[O:3][H:10])([H:12])[H:13])([H:14])[H:15])[H:17],7.0,9.0
17,0.044170000013850984,AM1BCC,OpenEye,,,H,,18,[H:16][C:7]1([C:6]([C:5]([C:4]([C:9]([C:8]1([H:18])[H:19])([H:20])[H:21])([H:11])[C:2](=[O:1])[O:3][H:10])([H:12])[H:13])([H:14])[H:15])[H:17],7.0,9.0
18,0.044170000013850984,AM1BCC,OpenEye,,,H,,19,[H:16][C:7]1([C:6]([C:5]([C:4]([C:9]([C:8]1([H:18])[H:19])([H:20])[H:21])([H:11])[C:2](=[O:1])[O:3][H:10])([H:12])[H:13])([H:14])[H:15])[H:17],7.0,9.0
19,0.05389000138356572,AM1BCC,OpenEye,,,H,,20,[H:16][C:7]1([C:6]([C:5]([C:4]([C:9]([C:8]1([H:18])[H:19])([H:20])[H:21])([H:11])[C:2](=[O:1])[O:3][H:10])([H:12])[H:13])([H:14])[H:15])[H:17],7.0,9.0
20,0.05389000138356572,AM1BCC,OpenEye,,,H,,21,[H:16][C:7]1([C:6]([C:5]([C:4]([C:9]([C:8]1([H:18])[H:19])([H:20])[H:21])([H:11])[C:2](=[O:1])[O:3][H:10])([H:12])[H:13])([H:14])[H:15])[H:17],7.0,9.0
0,-0.5518571428571429,AM1BCC,AmberTools,,,O,,1,[H:16][C:7]1([C:6]([C:5]([C:4]([C:9]([C:8]1([H:18])[H:19])([H:20])[H:21])([H:11])[C:2](=[O:1])[O:3][H:10])([H:12])[H:13])([H:14])[H:15])[H:17],7.0,9.0
1,0.6352428571428571,AM1BCC,AmberTools,,,C,,2,[H:16][C:7]1([C:6]([C:5]([C:4]([C:9]([C:8]1([H:18])[H:19])([H:20])[H:21])([H:11])[C:2](=[O:1])[O:3][H:10])([H:12])[H:13])([H:14])[H:15])[H:17],7.0,9.0
2,-0.6069571428571429,AM1BCC,AmberTools,,,O,,3,[H:16][C:7]1([C:6]([C:5]([C:4]([C:9]([C:8]1([H:18])[H:19])([H:20])[H:21])([H:11])[C:2](=[O:1])[O:3][H:10])([H:12])[H:13])([H:14])[H:15])[H:17],7.0,9.0
3,-0.10355714285714285,AM1BCC,AmberTools,,,C,,4,[H:16][C:7]1([C:6]([C:5]([C:4]([C:9]([C:8]1([H:18])[H:19])([H:20])[H:21])([H:11])[C:2](=[O:1])[O:3][H:10])([H:12])[H:13])([H:14])[H:15])[H:17],7.0,9.0
4,-0.07425714285714284,AM1BCC,AmberTools,,,C,,5,[H:16][C:7]1([C:6]([C:5]([C:4]([C:9]([C:8]1([H:18])[H:19])([H:20])[H:21])([H:11])[C:2](=[O:1])[O:3][H:10])([H:12])[H:13])([H:14])[H:15])[H:17],7.0,9.0
5,-0.07625714285714284,AM1BCC,AmberTools,,,C,,6,[H:16][C:7]1([C:6]([C:5]([C:4]([C:9]([C:8]1([H:18])[H:19])([H:20])[H:21])([H:11])[C:2](=[O:1])[O:3][H:10])([H:12])[H:13])([H:14])[H:15])[H:17],7.0,9.0
6,-0.07925714285714285,AM1BCC,AmberTools,,,C,,7,[H:16][C:7]1([C:6]([C:5]([C:4]([C:9]([C:8]1([H:18])[H:19])([H:20])[H:21])([H:11])[C:2](=[O:1])[O:3][H:10])([H:12])[H:13])([H:14])[H:15])[H:17],7.0,9.0
7,-0.07625714285714284,AM1BCC,AmberTools,,,C,,8,[H:16][C:7]1([C:6]([C:5]([C:4]([C:9]([C:8]1([H:18])[H:19])([H:20])[H:21])([H:11])[C:2](=[O:1])[O:3][H:10])([H:12])[H:13])([H:14])[H:15])[H:17],7.0,9.0
8,-0.07425714285714284,AM1BCC,AmberTools,,,C,,9,[H:16][C:7]1([C:6]([C:5]([C:4]([C:9]([C:8]1([H:18])[H:19])([H:20])[H:21])([H:11])[C:2](=[O:1])[O:3][H:10])([H:12])[H:13])([H:14])[H:15])[H:17],7.0,9.0
9,0.44214285714285717,AM1BCC,AmberTools,,,H,,10,[H:16][C:7]1([C:6]([C:5]([C:4]([C:9]([C:8]1([H:18])[H:19])([H:20])[H:21])([H:11])[C:2](=[O:1])[O:3][H:10])([H:12])[H:13])([H:14])[H:15])[H:17],7.0,9.0
10,0.08284285714285715,AM1BCC,AmberTools,,,H,,11,[H:16][C:7]1([C:6]([C:5]([C:4]([C:9]([C:8]1([H:18])[H:19])([H:20])[H:21])([H:11])[C:2](=[O:1])[O:3][H:10])([H:12])[H:13])([H:14])[H:15])[H:17],7.0,9.0
11,0.05484285714285715,AM1BCC,AmberTools,,,H,,12,[H:16][C:7]1([C:6]([C:5]([C:4]([C:9]([C:8]1([H:18])[H:19])([H:20])[H:21])([H:11])[C:2](=[O:1])[O:3][H:10])([H:12])[H:13])([H:14])[H:15])[H:17],7.0,9.0
12,0.05484285714285715,AM1BCC,AmberTools,,,H,,13,[H:16][C:7]1([C:6]([C:5]([C:4]([C:9]([C:8]1([H:18])[H:19])([H:20])[H:21])([H:11])[C:2](=[O:1])[O:3][H:10])([H:12])[H:13])([H:14])[H:15])[H:17],7.0,9.0
13,0.043842857142857156,AM1BCC,AmberTools,,,H,,14,[H:16][C:7]1([C:6]([C:5]([C:4]([C:9]([C:8]1([H:18])[H:19])([H:20])[H:21])([H:11])[C:2](=[O:1])[O:3][H:10])([H:12])[H:13])([H:14])[H:15])[H:17],7.0,9.0
14,0.043842857142857156,AM1BCC,AmberTools,,,H,,15,[H:16][C:7]1([C:6]([C:5]([C:4]([C:9]([C:8]1([H:18])[H:19])([H:20])[H:21])([H:11])[C:2](=[O:1])[O:3][H:10])([H:12])[H:13])([H:14])[H:15])[H:17],7.0,9.0
15,0.043842857142857156,AM1BCC,AmberTools,,,H,,16,[H:16][C:7]1([C:6]([C:5]([C:4]([C:9]([C:8]1([H:18])[H:19])([H:20])[H:21])([H:11])[C:2](=[O:1])[O:3][H:10])([H:12])[H:13])([H:14])[H:15])[H:17],7.0,9.0
16,0.043842857142857156,AM1BCC,AmberTools,,,H,,17,[H:16][C:7]1([C:6]([C:5]([C:4]([C:9]([C:8]1([H:18])[H:19])([H:20])[H:21])([H:11])[C:2](=[O:1])[O:3][H:10])([H:12])[H:13])([H:14])[H:15])[H:17],7.0,9.0
17,0.043842857142857156,AM1BCC,AmberTools,,,H,,18,[H:16][C:7]1([C:6]([C:5]([C:4]([C:9]([C:8]1([H:18])[H:19])([H:20])[H:21])([H:11])[C:2](=[O:1])[O:3][H:10])([H:12])[H:13])([H:14])[H:15])[H:17],7.0,9.0
18,0.043842857142857156,AM1BCC,AmberTools,,,H,,19,[H:16][C:7]1([C:6]([C:5]([C:4]([C:9]([C:8]1([H:18])[H:19])([H:20])[H:21])([H:11])[C:2](=[O:1])[O:3][H:10])([H:12])[H:13])([H:14])[H:15])[H:17],7.0,9.0
19,0.05484285714285715,AM1BCC,AmberTools,,,H,,20,[H:16][C:7]1([C:6]([C:5]([C:4]([C:9]([C:8]1([H:18])[H:19])([H:20])[H:21])([H:11])[C:2](=[O:1])[O:3][H:10])([H:12])[H:13])([H:14])[H:15])[H:17],7.0,9.0
20,0.05484285714285715,AM1BCC,AmberTools,,,H,,21,[H:16][C:7]1([C:6]([C:5]([C:4]([C:9]([C:8]1([H:18])[H:19])([H:20])[H:21])([H:11])[C:2](=[O:1])[O:3][H:10])([H:12])[H:13])([H:14])[H:15])[H:17],7.0,9.0
0,-0.5536400076179278,AM1BCC,OpenEye,,,O,,1,[H:16][C:7]1([C:6]([C:5]([C:4]([C:9]([C:8]1([H:18])[H:19])([H:20])[H:21])([H:11])[C:2](=[O:1])[O:3][H:10])([H:12])[H:13])([H:14])[H:15])[H:17],7.0,10.0
1,0.6336500052185285,AM1BCC,OpenEye,,,C,,2,[H:16][C:7]1([C:6]([C:5]([C:4]([C:9]([C:8]1([H:18])[H:19])([H:20])[H:21])([H:11])[C:2](=[O:1])[O:3][H:10])([H:12])[H:13])([H:14])[H:15])[H:17],7.0,10.0
2,-0.5970500108032,AM1BCC,OpenEye,,,O,,3,[H:16][C:7]1([C:6]([C:5]([C:4]([C:9]([C:8]1([H:18])[H:19])([H:20])[H:21])([H:11])[C:2](=[O:1])[O:3][H:10])([H:12])[H:13])([H:14])[H:15])[H:17],7.0,10.0
3,-0.10831999743268603,AM1BCC,OpenEye,,,C,,4,[H:16][C:7]1([C:6]([C:5]([C:4]([C:9]([C:8]1([H:18])[H:19])([H:20])[H:21])([H:11])[C:2](=[O:1])[O:3][H:10])([H:12])[H:13])([H:14])[H:15])[H:17],7.0,10.0
4,-0.0731500011114847,AM1BCC,OpenEye,,,C,,5,[H:16][C:7]1([C:6]([C:5]([C:4]([C:9]([C:8]1([H:18])[H:19])([H:20])[H:21])([H:11])[C:2](=[O:1])[O:3][H:10])([H:12])[H:13])([H:14])[H:15])[H:17],7.0,10.0
5,-0.07650999689386004,AM1BCC,OpenEye,,,C,,6,[H:16][C:7]1([C:6]([C:5]([C:4]([C:9]([C:8]1([H:18])[H:19])([H:20])[H:21])([H:11])[C:2](=[O:1])[O:3][H:10])([H:12])[H:13])([H:14])[H:15])[H:17],7.0,10.0
6,-0.07993999833152407,AM1BCC,OpenEye,,,C,,7,[H:16][C:7]1([C:6]([C:5]([C:4]([C:9]([C:8]1([H:18])[H:19])([H:20])[H:21])([H:11])[C:2](=[O:1])[O:3][H:10])([H:12])[H:13])([H:14])[H:15])[H:17],7.0,10.0
7,-0.07650999689386004,AM1BCC,OpenEye,,,C,,8,[H:16][C:7]1([C:6]([C:5]([C:4]([C:9]([C:8]1([H:18])[H:19])([H:20])[H:21])([H:11])[C:2](=[O:1])[O:3][H:10])([H:12])[H:13])([H:14])[H:15])[H:17],7.0,10.0
8,-0.0731500011114847,AM1BCC,OpenEye,,,C,,9,[H:16][C:7]1([C:6]([C:5]([C:4]([C:9]([C:8]1([H:18])[H:19])([H:20])[H:21])([H:11])[C:2](=[O:1])[O:3][H:10])([H:12])[H:13])([H:14])[H:15])[H:17],7.0,10.0
9,0.44246000086977366,AM1BCC,OpenEye,,,H,,10,[H:16][C:7]1([C:6]([C:5]([C:4]([C:9]([C:8]1([H:18])[H:19])([H:20])[H:21])([H:11])[C:2](=[O:1])[O:3][H:10])([H:12])[H:13])([H:14])[H:15])[H:17],7.0,10.0
10,0.08354000037624723,AM1BCC,OpenEye,,,H,,11,[H:16][C:7]1([C:6]([C:5]([C:4]([C:9]([C:8]1([H:18])[H:19])([H:20])[H:21])([H:11])[C:2](=[O:1])[O:3][H:10])([H:12])[H:13])([H:14])[H:15])[H:17],7.0,10.0
11,0.05389000138356572,AM1BCC,OpenEye,,,H,,12,[H:16][C:7]1([C:6]([C:5]([C:4]([C:9]([C:8]1([H:18])[H:19])([H:20])[H:21])([H:11])[C:2](=[O:1])[O:3][H:10])([H:12])[H:13])([H:14])[H:15])[H:17],7.0,10.0
12,0.05389000138356572,AM1BCC,OpenEye,,,H,,13,[H:16][C:7]1([C:6]([C:5]([C:4]([C:9]([C:8]1([H:18])[H:19])([H:20])[H:21])([H:11])[C:2](=[O:1])[O:3][H:10])([H:12])[H:13])([H:14])[H:15])[H:17],7.0,10.0
13,0.044170000013850984,AM1BCC,OpenEye,,,H,,14,[H:16][C:7]1([C:6]([C:5]([C:4]([C:9]([C:8]1([H:18])[H:19])([H:20])[H:21])([H:11])[C:2](=[O:1])[O:3][H:10])([H:12])[H:13])([H:14])[H:15])[H:17],7.0,10.0
14,0.044170000013850984,AM1BCC,OpenEye,,,H,,15,[H:16][C:7]1([C:6]([C:5]([C:4]([C:9]([C:8]1([H:18])[H:19])([H:20])[H:21])([H:11])[C:2](=[O:1])[O:3][H:10])([H:12])[H:13])([H:14])[H:15])[H:17],7.0,10.0
15,0.0431899990709055,AM1BCC,OpenEye,,,H,,16,[H:16][C:7]1([C:6]([C:5]([C:4]([C:9]([C:8]1([H:18])[H:19])([H:20])[H:21])([H:11])[C:2](=[O:1])[O:3][H:10])([H:12])[H:13])([H:14])[H:15])[H:17],7.0,10.0
16,0.0431899990709055,AM1BCC,OpenEye,,,H,,17,[H:16][C:7]1([C:6]([C:5]([C:4]([C:9]([C:8]1([H:18])[H:19])([H:20])[H:21])([H:11])[C:2](=[O:1])[O:3][H:10])([H:12])[H:13])([H:14])[H:15])[H:17],7.0,10.0
17,0.044170000013850984,AM1BCC,OpenEye,,,H,,18,[H:16][C:7]1([C:6]([C:5]([C:4]([C:9]([C:8]1([H:18])[H:19])([H:20])[H:21])([H:11])[C:2](=[O:1])[O:3][H:10])([H:12])[H:13])([H:14])[H:15])[H:17],7.0,10.0
18,0.044170000013850984,AM1BCC,OpenEye,,,H,,19,[H:16][C:7]1([C:6]([C:5]([C:4]([C:9]([C:8]1([H:18])[H:19])([H:20])[H:21])([H:11])[C:2](=[O:1])[O:3][H:10])([H:12])[H:13])([H:14])[H:15])[H:17],7.0,10.0
19,0.05389000138356572,AM1BCC,OpenEye,,,H,,20,[H:16][C:7]1([C:6]([C:5]([C:4]([C:9]([C:8]1([H:18])[H:19])([H:20])[H:21])([H:11])[C:2](=[O:1])[O:3][H:10])([H:12])[H:13])([H:14])[H:15])[H:17],7.0,10.0
20,0.05389000138356572,AM1BCC,OpenEye,,,H,,21,[H:16][C:7]1([C:6]([C:5]([C:4]([C:9]([C:8]1([H:18])[H:19])([H:20])[H:21])([H:11])[C:2](=[O:1])[O:3][H:10])([H:12])[H:13])([H:14])[H:15])[H:17],7.0,10.0
0,-0.5518571428571429,AM1BCC,AmberTools,,,O,,1,[H:16][C:7]1([C:6]([C:5]([C:4]([C:9]([C:8]1([H:18])[H:19])([H:20])[H:21])([H:11])[C:2](=[O:1])[O:3][H:10])([H:12])[H:13])([H:14])[H:15])[H:17],7.0,10.0
1,0.6352428571428571,AM1BCC,AmberTools,,,C,,2,[H:16][C:7]1([C:6]([C:5]([C:4]([C:9]([C:8]1([H:18])[H:19])([H:20])[H:21])([H:11])[C:2](=[O:1])[O:3][H:10])([H:12])[H:13])([H:14])[H:15])[H:17],7.0,10.0
2,-0.6069571428571429,AM1BCC,AmberTools,,,O,,3,[H:16][C:7]1([C:6]([C:5]([C:4]([C:9]([C:8]1([H:18])[H:19])([H:20])[H:21])([H:11])[C:2](=[O:1])[O:3][H:10])([H:12])[H:13])([H:14])[H:15])[H:17],7.0,10.0
3,-0.10355714285714285,AM1BCC,AmberTools,,,C,,4,[H:16][C:7]1([C:6]([C:5]([C:4]([C:9]([C:8]1([H:18])[H:19])([H:20])[H:21])([H:11])[C:2](=[O:1])[O:3][H:10])([H:12])[H:13])([H:14])[H:15])[H:17],7.0,10.0
4,-0.07425714285714284,AM1BCC,AmberTools,,,C,,5,[H:16][C:7]1([C:6]([C:5]([C:4]([C:9]([C:8]1([H:18])[H:19])([H:20])[H:21])([H:11])[C:2](=[O:1])[O:3][H:10])([H:12])[H:13])([H:14])[H:15])[H:17],7.0,10.0
5,-0.07625714285714284,AM1BCC,AmberTools,,,C,,6,[H:16][C:7]1([C:6]([C:5]([C:4]([C:9]([C:8]1([H:18])[H:19])([H:20])[H:21])([H:11])[C:2](=[O:1])[O:3][H:10])([H:12])[H:13])([H:14])[H:15])[H:17],7.0,10.0
6,-0.07925714285714285,AM1BCC,AmberTools,,,C,,7,[H:16][C:7]1([C:6]([C:5]([C:4]([C:9]([C:8]1([H:18])[H:19])([H:20])[H:21])([H:11])[C:2](=[O:1])[O:3][H:10])([H:12])[H:13])([H:14])[H:15])[H:17],7.0,10.0
7,-0.07625714285714284,AM1BCC,AmberTools,,,C,,8,[H:16][C:7]1([C:6]([C:5]([C:4]([C:9]([C:8]1([H:18])[H:19])([H:20])[H:21])([H:11])[C:2](=[O:1])[O:3][H:10])([H:12])[H:13])([H:14])[H:15])[H:17],7.0,10.0
8,-0.07425714285714284,AM1BCC,AmberTools,,,C,,9,[H:16][C:7]1([C:6]([C:5]([C:4]([C:9]([C:8]1([H:18])[H:19])([H:20])[H:21])([H:11])[C:2](=[O:1])[O:3][H:10])([H:12])[H:13])([H:14])[H:15])[H:17],7.0,10.0
9,0.44214285714285717,AM1BCC,AmberTools,,,H,,10,[H:16][C:7]1([C:6]([C:5]([C:4]([C:9]([C:8]1([H:18])[H:19])([H:20])[H:21])([H:11])[C:2](=[O:1])[O:3][H:10])([H:12])[H:13])([H:14])[H:15])[H:17],7.0,10.0
10,0.08284285714285715,AM1BCC,AmberTools,,,H,,11,[H:16][C:7]1([C:6]([C:5]([C:4]([C:9]([C:8]1([H:18])[H:19])([H:20])[H:21])([H:11])[C:2](=[O:1])[O:3][H:10])([H:12])[H:13])([H:14])[H:15])[H:17],7.0,10.0
11,0.05484285714285715,AM1BCC,AmberTools,,,H,,12,[H:16][C:7]1([C:6]([C:5]([C:4]([C:9]([C:8]1([H:18])[H:19])([H:20])[H:21])([H:11])[C:2](=[O:1])[O:3][H:10])([H:12])[H:13])([H:14])[H:15])[H:17],7.0,10.0
12,0.05484285714285715,AM1BCC,AmberTools,,,H,,13,[H:16][C:7]1([C:6]([C:5]([C:4]([C:9]([C:8]1([H:18])[H:19])([H:20])[H:21])([H:11])[C:2](=[O:1])[O:3][H:10])([H:12])[H:13])([H:14])[H:15])[H:17],7.0,10.0
13,0.043842857142857156,AM1BCC,AmberTools,,,H,,14,[H:16][C:7]1([C:6]([C:5]([C:4]([C:9]([C:8]1([H:18])[H:19])([H:20])[H:21])([H:11])[C:2](=[O:1])[O:3][H:10])([H:12])[H:13])([H:14])[H:15])[H:17],7.0,10.0
14,0.043842857142857156,AM1BCC,AmberTools,,,H,,15,[H:16][C:7]1([C:6]([C:5]([C:4]([C:9]([C:8]1([H:18])[H:19])([H:20])[H:21])([H:11])[C:2](=[O:1])[O:3][H:10])([H:12])[H:13])([H:14])[H:15])[H:17],7.0,10.0
15,0.043842857142857156,AM1BCC,AmberTools,,,H,,16,[H:16][C:7]1([C:6]([C:5]([C:4]([C:9]([C:8]1([H:18])[H:19])([H:20])[H:21])([H:11])[C:2](=[O:1])[O:3][H:10])([H:12])[H:13])([H:14])[H:15])[H:17],7.0,10.0
16,0.043842857142857156,AM1BCC,AmberTools,,,H,,17,[H:16][C:7]1([C:6]([C:5]([C:4]([C:9]([C:8]1([H:18])[H:19])([H:20])[H:21])([H:11])[C:2](=[O:1])[O:3][H:10])([H:12])[H:13])([H:14])[H:15])[H:17],7.0,10.0
17,0.043842857142857156,AM1BCC,AmberTools,,,H,,18,[H:16][C:7]1([C:6]([C:5]([C:4]([C:9]([C:8]1([H:18])[H:19])([H:20])[H:21])([H:11])[C:2](=[O:1])[O:3][H:10])([H:12])[H:13])([H:14])[H:15])[H:17],7.0,10.0
18,0.043842857142857156,AM1BCC,AmberTools,,,H,,19,[H:16][C:7]1([C:6]([C:5]([C:4]([C:9]([C:8]1([H:18])[H:19])([H:20])[H:21])([H:11])[C:2](=[O:1])[O:3][H:10])([H:12])[H:13])([H:14])[H:15])[H:17],7.0,10.0
19,0.05484285714285715,AM1BCC,AmberTools,,,H,,20,[H:16][C:7]1([C:6]([C:5]([C:4]([C:9]([C:8]1([H:18])[H:19])([H:20])[H:21])([H:11])[C:2](=[O:1])[O:3][H:10])([H:12])[H:13])([H:14])[H:15])[H:17],7.0,10.0
20,0.05484285714285715,AM1BCC,AmberTools,,,H,,21,[H:16][C:7]1([C:6]([C:5]([C:4]([C:9]([C:8]1([H:18])[H:19])([H:20])[H:21])([H:11])[C:2](=[O:1])[O:3][H:10])([H:12])[H:13])([H:14])[H:15])[H:17],7.0,10.0
0,-0.5536400076179278,AM1BCC,OpenEye,,,O,,1,[H:16][C:7]1([C:6]([C:5]([C:4]([C:9]([C:8]1([H:18])[H:19])([H:20])[H:21])([H:11])[C:2](=[O:1])[O:3][H:10])([H:12])[H:13])([H:14])[H:15])[H:17],7.0,11.0
1,0.6336500052185285,AM1BCC,OpenEye,,,C,,2,[H:16][C:7]1([C:6]([C:5]([C:4]([C:9]([C:8]1([H:18])[H:19])([H:20])[H:21])([H:11])[C:2](=[O:1])[O:3][H:10])([H:12])[H:13])([H:14])[H:15])[H:17],7.0,11.0
2,-0.5970500108032,AM1BCC,OpenEye,,,O,,3,[H:16][C:7]1([C:6]([C:5]([C:4]([C:9]([C:8]1([H:18])[H:19])([H:20])[H:21])([H:11])[C:2](=[O:1])[O:3][H:10])([H:12])[H:13])([H:14])[H:15])[H:17],7.0,11.0
3,-0.10831999743268603,AM1BCC,OpenEye,,,C,,4,[H:16][C:7]1([C:6]([C:5]([C:4]([C:9]([C:8]1([H:18])[H:19])([H:20])[H:21])([H:11])[C:2](=[O:1])[O:3][H:10])([H:12])[H:13])([H:14])[H:15])[H:17],7.0,11.0
4,-0.0731500011114847,AM1BCC,OpenEye,,,C,,5,[H:16][C:7]1([C:6]([C:5]([C:4]([C:9]([C:8]1([H:18])[H:19])([H:20])[H:21])([H:11])[C:2](=[O:1])[O:3][H:10])([H:12])[H:13])([H:14])[H:15])[H:17],7.0,11.0
5,-0.07650999689386004,AM1BCC,OpenEye,,,C,,6,[H:16][C:7]1([C:6]([C:5]([C:4]([C:9]([C:8]1([H:18])[H:19])([H:20])[H:21])([H:11])[C:2](=[O:1])[O:3][H:10])([H:12])[H:13])([H:14])[H:15])[H:17],7.0,11.0
6,-0.07993999833152407,AM1BCC,OpenEye,,,C,,7,[H:16][C:7]1([C:6]([C:5]([C:4]([C:9]([C:8]1([H:18])[H:19])([H:20])[H:21])([H:11])[C:2](=[O:1])[O:3][H:10])([H:12])[H:13])([H:14])[H:15])[H:17],7.0,11.0
7,-0.07650999689386004,AM1BCC,OpenEye,,,C,,8,[H:16][C:7]1([C:6]([C:5]([C:4]([C:9]([C:8]1([H:18])[H:19])([H:20])[H:21])([H:11])[C:2](=[O:1])[O:3][H:10])([H:12])[H:13])([H:14])[H:15])[H:17],7.0,11.0
8,-0.0731500011114847,AM1BCC,OpenEye,,,C,,9,[H:16][C:7]1([C:6]([C:5]([C:4]([C:9]([C:8]1([H:18])[H:19])([H:20])[H:21])([H:11])[C:2](=[O:1])[O:3][H:10])([H:12])[H:13])([H:14])[H:15])[H:17],7.0,11.0
9,0.44246000086977366,AM1BCC,OpenEye,,,H,,10,[H:16][C:7]1([C:6]([C:5]([C:4]([C:9]([C:8]1([H:18])[H:19])([H:20])[H:21])([H:11])[C:2](=[O:1])[O:3][H:10])([H:12])[H:13])([H:14])[H:15])[H:17],7.0,11.0
10,0.08354000037624723,AM1BCC,OpenEye,,,H,,11,[H:16][C:7]1([C:6]([C:5]([C:4]([C:9]([C:8]1([H:18])[H:19])([H:20])[H:21])([H:11])[C:2](=[O:1])[O:3][H:10])([H:12])[H:13])([H:14])[H:15])[H:17],7.0,11.0
11,0.05389000138356572,AM1BCC,OpenEye,,,H,,12,[H:16][C:7]1([C:6]([C:5]([C:4]([C:9]([C:8]1([H:18])[H:19])([H:20])[H:21])([H:11])[C:2](=[O:1])[O:3][H:10])([H:12])[H:13])([H:14])[H:15])[H:17],7.0,11.0
12,0.05389000138356572,AM1BCC,OpenEye,,,H,,13,[H:16][C:7]1([C:6]([C:5]([C:4]([C:9]([C:8]1([H:18])[H:19])([H:20])[H:21])([H:11])[C:2](=[O:1])[O:3][H:10])([H:12])[H:13])([H:14])[H:15])[H:17],7.0,11.0
13,0.044170000013850984,AM1BCC,OpenEye,,,H,,14,[H:16][C:7]1([C:6]([C:5]([C:4]([C:9]([C:8]1([H:18])[H:19])([H:20])[H:21])([H:11])[C:2](=[O:1])[O:3][H:10])([H:12])[H:13])([H:14])[H:15])[H:17],7.0,11.0
14,0.044170000013850984,AM1BCC,OpenEye,,,H,,15,[H:16][C:7]1([C:6]([C:5]([C:4]([C:9]([C:8]1([H:18])[H:19])([H:20])[H:21])([H:11])[C:2](=[O:1])[O:3][H:10])([H:12])[H:13])([H:14])[H:15])[H:17],7.0,11.0
15,0.0431899990709055,AM1BCC,OpenEye,,,H,,16,[H:16][C:7]1([C:6]([C:5]([C:4]([C:9]([C:8]1([H:18])[H:19])([H:20])[H:21])([H:11])[C:2](=[O:1])[O:3][H:10])([H:12])[H:13])([H:14])[H:15])[H:17],7.0,11.0
16,0.0431899990709055,AM1BCC,OpenEye,,,H,,17,[H:16][C:7]1([C:6]([C:5]([C:4]([C:9]([C:8]1([H:18])[H:19])([H:20])[H:21])([H:11])[C:2](=[O:1])[O:3][H:10])([H:12])[H:13])([H:14])[H:15])[H:17],7.0,11.0
17,0.044170000013850984,AM1BCC,OpenEye,,,H,,18,[H:16][C:7]1([C:6]([C:5]([C:4]([C:9]([C:8]1([H:18])[H:19])([H:20])[H:21])([H:11])[C:2](=[O:1])[O:3][H:10])([H:12])[H:13])([H:14])[H:15])[H:17],7.0,11.0
18,0.044170000013850984,AM1BCC,OpenEye,,,H,,19,[H:16][C:7]1([C:6]([C:5]([C:4]([C:9]([C:8]1([H:18])[H:19])([H:20])[H:21])([H:11])[C:2](=[O:1])[O:3][H:10])([H:12])[H:13])([H:14])[H:15])[H:17],7.0,11.0
19,0.05389000138356572,AM1BCC,OpenEye,,,H,,20,[H:16][C:7]1([C:6]([C:5]([C:4]([C:9]([C:8]1([H:18])[H:19])([H:20])[H:21])([H:11])[C:2](=[O:1])[O:3][H:10])([H:12])[H:13])([H:14])[H:15])[H:17],7.0,11.0
20,0.05389000138356572,AM1BCC,OpenEye,,,H,,21,[H:16][C:7]1([C:6]([C:5]([C:4]([C:9]([C:8]1([H:18])[H:19])([H:20])[H:21])([H:11])[C:2](=[O:1])[O:3][H:10])([H:12])[H:13])([H:14])[H:15])[H:17],7.0,11.0
0,-0.5518571428571429,AM1BCC,AmberTools,,,O,,1,[H:16][C:7]1([C:6]([C:5]([C:4]([C:9]([C:8]1([H:18])[H:19])([H:20])[H:21])([H:11])[C:2](=[O:1])[O:3][H:10])([H:12])[H:13])([H:14])[H:15])[H:17],7.0,11.0
1,0.6352428571428571,AM1BCC,AmberTools,,,C,,2,[H:16][C:7]1([C:6]([C:5]([C:4]([C:9]([C:8]1([H:18])[H:19])([H:20])[H:21])([H:11])[C:2](=[O:1])[O:3][H:10])([H:12])[H:13])([H:14])[H:15])[H:17],7.0,11.0
2,-0.6069571428571429,AM1BCC,AmberTools,,,O,,3,[H:16][C:7]1([C:6]([C:5]([C:4]([C:9]([C:8]1([H:18])[H:19])([H:20])[H:21])([H:11])[C:2](=[O:1])[O:3][H:10])([H:12])[H:13])([H:14])[H:15])[H:17],7.0,11.0
3,-0.10355714285714285,AM1BCC,AmberTools,,,C,,4,[H:16][C:7]1([C:6]([C:5]([C:4]([C:9]([C:8]1([H:18])[H:19])([H:20])[H:21])([H:11])[C:2](=[O:1])[O:3][H:10])([H:12])[H:13])([H:14])[H:15])[H:17],7.0,11.0
4,-0.07425714285714284,AM1BCC,AmberTools,,,C,,5,[H:16][C:7]1([C:6]([C:5]([C:4]([C:9]([C:8]1([H:18])[H:19])([H:20])[H:21])([H:11])[C:2](=[O:1])[O:3][H:10])([H:12])[H:13])([H:14])[H:15])[H:17],7.0,11.0
5,-0.07625714285714284,AM1BCC,AmberTools,,,C,,6,[H:16][C:7]1([C:6]([C:5]([C:4]([C:9]([C:8]1([H:18])[H:19])([H:20])[H:21])([H:11])[C:2](=[O:1])[O:3][H:10])([H:12])[H:13])([H:14])[H:15])[H:17],7.0,11.0
6,-0.07925714285714285,AM1BCC,AmberTools,,,C,,7,[H:16][C:7]1([C:6]([C:5]([C:4]([C:9]([C:8]1([H:18])[H:19])([H:20])[H:21])([H:11])[C:2](=[O:1])[O:3][H:10])([H:12])[H:13])([H:14])[H:15])[H:17],7.0,11.0
7,-0.07625714285714284,AM1BCC,AmberTools,,,C,,8,[H:16][C:7]1([C:6]([C:5]([C:4]([C:9]([C:8]1([H:18])[H:19])([H:20])[H:21])([H:11])[C:2](=[O:1])[O:3][H:10])([H:12])[H:13])([H:14])[H:15])[H:17],7.0,11.0
8,-0.07425714285714284,AM1BCC,AmberTools,,,C,,9,[H:16][C:7]1([C:6]([C:5]([C:4]([C:9]([C:8]1([H:18])[H:19])([H:20])[H:21])([H:11])[C:2](=[O:1])[O:3][H:10])([H:12])[H:13])([H:14])[H:15])[H:17],7.0,11.0
9,0.44214285714285717,AM1BCC,AmberTools,,,H,,10,[H:16][C:7]1([C:6]([C:5]([C:4]([C:9]([C:8]1([H:18])[H:19])([H:20])[H:21])([H:11])[C:2](=[O:1])[O:3][H:10])([H:12])[H:13])([H:14])[H:15])[H:17],7.0,11.0
10,0.08284285714285715,AM1BCC,AmberTools,,,H,,11,[H:16][C:7]1([C:6]([C:5]([C:4]([C:9]([C:8]1([H:18])[H:19])([H:20])[H:21])([H:11])[C:2](=[O:1])[O:3][H:10])([H:12])[H:13])([H:14])[H:15])[H:17],7.0,11.0
11,0.05484285714285715,AM1BCC,AmberTools,,,H,,12,[H:16][C:7]1([C:6]([C:5]([C:4]([C:9]([C:8]1([H:18])[H:19])([H:20])[H:21])([H:11])[C:2](=[O:1])[O:3][H:10])([H:12])[H:13])([H:14])[H:15])[H:17],7.0,11.0
12,0.05484285714285715,AM1BCC,AmberTools,,,H,,13,[H:16][C:7]1([C:6]([C:5]([C:4]([C:9]([C:8]1([H:18])[H:19])([H:20])[H:21])([H:11])[C:2](=[O:1])[O:3][H:10])([H:12])[H:13])([H:14])[H:15])[H:17],7.0,11.0
13,0.043842857142857156,AM1BCC,AmberTools,,,H,,14,[H:16][C:7]1([C:6]([C:5]([C:4]([C:9]([C:8]1([H:18])[H:19])([H:20])[H:21])([H:11])[C:2](=[O:1])[O:3][H:10])([H:12])[H:13])([H:14])[H:15])[H:17],7.0,11.0
14,0.043842857142857156,AM1BCC,AmberTools,,,H,,15,[H:16][C:7]1([C:6]([C:5]([C:4]([C:9]([C:8]1([H:18])[H:19])([H:20])[H:21])([H:11])[C:2](=[O:1])[O:3][H:10])([H:12])[H:13])([H:14])[H:15])[H:17],7.0,11.0
15,0.043842857142857156,AM1BCC,AmberTools,,,H,,16,[H:16][C:7]1([C:6]([C:5]([C:4]([C:9]([C:8]1([H:18])[H:19])([H:20])[H:21])([H:11])[C:2](=[O:1])[O:3][H:10])([H:12])[H:13])([H:14])[H:15])[H:17],7.0,11.0
16,0.043842857142857156,AM1BCC,AmberTools,,,H,,17,[H:16][C:7]1([C:6]([C:5]([C:4]([C:9]([C:8]1([H:18])[H:19])([H:20])[H:21])([H:11])[C:2](=[O:1])[O:3][H:10])([H:12])[H:13])([H:14])[H:15])[H:17],7.0,11.0
17,0.043842857142857156,AM1BCC,AmberTools,,,H,,18,[H:16][C:7]1([C:6]([C:5]([C:4]([C:9]([C:8]1([H:18])[H:19])([H:20])[H:21])([H:11])[C:2](=[O:1])[O:3][H:10])([H:12])[H:13])([H:14])[H:15])[H:17],7.0,11.0
18,0.043842857142857156,AM1BCC,AmberTools,,,H,,19,[H:16][C:7]1([C:6]([C:5]([C:4]([C:9]([C:8]1([H:18])[H:19])([H:20])[H:21])([H:11])[C:2](=[O:1])[O:3][H:10])([H:12])[H:13])([H:14])[H:15])[H:17],7.0,11.0
19,0.05484285714285715,AM1BCC,AmberTools,,,H,,20,[H:16][C:7]1([C:6]([C:5]([C:4]([C:9]([C:8]1([H:18])[H:19])([H:20])[H:21])([H:11])[C:2](=[O:1])[O:3][H:10])([H:12])[H:13])([H:14])[H:15])[H:17],7.0,11.0
20,0.05484285714285715,AM1BCC,AmberTools,,,H,,21,[H:16][C:7]1([C:6]([C:5]([C:4]([C:9]([C:8]1([H:18])[H:19])([H:20])[H:21])([H:11])[C:2](=[O:1])[O:3][H:10])([H:12])[H:13])([H:14])[H:15])[H:17],7.0,11.0
0,-0.5536400076179278,AM1BCC,OpenEye,,,O,,1,[H:16][C:7]1([C:6]([C:5]([C:4]([C:9]([C:8]1([H:18])[H:19])([H:20])[H:21])([H:11])[C:2](=[O:1])[O:3][H:10])([H:12])[H:13])([H:14])[H:15])[H:17],7.0,12.0
1,0.6336500052185285,AM1BCC,OpenEye,,,C,,2,[H:16][C:7]1([C:6]([C:5]([C:4]([C:9]([C:8]1([H:18])[H:19])([H:20])[H:21])([H:11])[C:2](=[O:1])[O:3][H:10])([H:12])[H:13])([H:14])[H:15])[H:17],7.0,12.0
2,-0.5970500108032,AM1BCC,OpenEye,,,O,,3,[H:16][C:7]1([C:6]([C:5]([C:4]([C:9]([C:8]1([H:18])[H:19])([H:20])[H:21])([H:11])[C:2](=[O:1])[O:3][H:10])([H:12])[H:13])([H:14])[H:15])[H:17],7.0,12.0
3,-0.10831999743268603,AM1BCC,OpenEye,,,C,,4,[H:16][C:7]1([C:6]([C:5]([C:4]([C:9]([C:8]1([H:18])[H:19])([H:20])[H:21])([H:11])[C:2](=[O:1])[O:3][H:10])([H:12])[H:13])([H:14])[H:15])[H:17],7.0,12.0
4,-0.0731500011114847,AM1BCC,OpenEye,,,C,,5,[H:16][C:7]1([C:6]([C:5]([C:4]([C:9]([C:8]1([H:18])[H:19])([H:20])[H:21])([H:11])[C:2](=[O:1])[O:3][H:10])([H:12])[H:13])([H:14])[H:15])[H:17],7.0,12.0
5,-0.07650999689386004,AM1BCC,OpenEye,,,C,,6,[H:16][C:7]1([C:6]([C:5]([C:4]([C:9]([C:8]1([H:18])[H:19])([H:20])[H:21])([H:11])[C:2](=[O:1])[O:3][H:10])([H:12])[H:13])([H:14])[H:15])[H:17],7.0,12.0
6,-0.07993999833152407,AM1BCC,OpenEye,,,C,,7,[H:16][C:7]1([C:6]([C:5]([C:4]([C:9]([C:8]1([H:18])[H:19])([H:20])[H:21])([H:11])[C:2](=[O:1])[O:3][H:10])([H:12])[H:13])([H:14])[H:15])[H:17],7.0,12.0
7,-0.07650999689386004,AM1BCC,OpenEye,,,C,,8,[H:16][C:7]1([C:6]([C:5]([C:4]([C:9]([C:8]1([H:18])[H:19])([H:20])[H:21])([H:11])[C:2](=[O:1])[O:3][H:10])([H:12])[H:13])([H:14])[H:15])[H:17],7.0,12.0
8,-0.0731500011114847,AM1BCC,OpenEye,,,C,,9,[H:16][C:7]1([C:6]([C:5]([C:4]([C:9]([C:8]1([H:18])[H:19])([H:20])[H:21])([H:11])[C:2](=[O:1])[O:3][H:10])([H:12])[H:13])([H:14])[H:15])[H:17],7.0,12.0
9,0.44246000086977366,AM1BCC,OpenEye,,,H,,10,[H:16][C:7]1([C:6]([C:5]([C:4]([C:9]([C:8]1([H:18])[H:19])([H:20])[H:21])([H:11])[C:2](=[O:1])[O:3][H:10])([H:12])[H:13])([H:14])[H:15])[H:17],7.0,12.0
10,0.08354000037624723,AM1BCC,OpenEye,,,H,,11,[H:16][C:7]1([C:6]([C:5]([C:4]([C:9]([C:8]1([H:18])[H:19])([H:20])[H:21])([H:11])[C:2](=[O:1])[O:3][H:10])([H:12])[H:13])([H:14])[H:15])[H:17],7.0,12.0
11,0.05389000138356572,AM1BCC,OpenEye,,,H,,12,[H:16][C:7]1([C:6]([C:5]([C:4]([C:9]([C:8]1([H:18])[H:19])([H:20])[H:21])([H:11])[C:2](=[O:1])[O:3][H:10])([H:12])[H:13])([H:14])[H:15])[H:17],7.0,12.0
12,0.05389000138356572,AM1BCC,OpenEye,,,H,,13,[H:16][C:7]1([C:6]([C:5]([C:4]([C:9]([C:8]1([H:18])[H:19])([H:20])[H:21])([H:11])[C:2](=[O:1])[O:3][H:10])([H:12])[H:13])([H:14])[H:15])[H:17],7.0,12.0
13,0.044170000013850984,AM1BCC,OpenEye,,,H,,14,[H:16][C:7]1([C:6]([C:5]([C:4]([C:9]([C:8]1([H:18])[H:19])([H:20])[H:21])([H:11])[C:2](=[O:1])[O:3][H:10])([H:12])[H:13])([H:14])[H:15])[H:17],7.0,12.0
14,0.044170000013850984,AM1BCC,OpenEye,,,H,,15,[H:16][C:7]1([C:6]([C:5]([C:4]([C:9]([C:8]1([H:18])[H:19])([H:20])[H:21])([H:11])[C:2](=[O:1])[O:3][H:10])([H:12])[H:13])([H:14])[H:15])[H:17],7.0,12.0
15,0.0431899990709055,AM1BCC,OpenEye,,,H,,16,[H:16][C:7]1([C:6]([C:5]([C:4]([C:9]([C:8]1([H:18])[H:19])([H:20])[H:21])([H:11])[C:2](=[O:1])[O:3][H:10])([H:12])[H:13])([H:14])[H:15])[H:17],7.0,12.0
16,0.0431899990709055,AM1BCC,OpenEye,,,H,,17,[H:16][C:7]1([C:6]([C:5]([C:4]([C:9]([C:8]1([H:18])[H:19])([H:20])[H:21])([H:11])[C:2](=[O:1])[O:3][H:10])([H:12])[H:13])([H:14])[H:15])[H:17],7.0,12.0
17,0.044170000013850984,AM1BCC,OpenEye,,,H,,18,[H:16][C:7]1([C:6]([C:5]([C:4]([C:9]([C:8]1([H:18])[H:19])([H:20])[H:21])([H:11])[C:2](=[O:1])[O:3][H:10])([H:12])[H:13])([H:14])[H:15])[H:17],7.0,12.0
18,0.044170000013850984,AM1BCC,OpenEye,,,H,,19,[H:16][C:7]1([C:6]([C:5]([C:4]([C:9]([C:8]1([H:18])[H:19])([H:20])[H:21])([H:11])[C:2](=[O:1])[O:3][H:10])([H:12])[H:13])([H:14])[H:15])[H:17],7.0,12.0
19,0.05389000138356572,AM1BCC,OpenEye,,,H,,20,[H:16][C:7]1([C:6]([C:5]([C:4]([C:9]([C:8]1([H:18])[H:19])([H:20])[H:21])([H:11])[C:2](=[O:1])[O:3][H:10])([H:12])[H:13])([H:14])[H:15])[H:17],7.0,12.0
20,0.05389000138356572,AM1BCC,OpenEye,,,H,,21,[H:16][C:7]1([C:6]([C:5]([C:4]([C:9]([C:8]1([H:18])[H:19])([H:20])[H:21])([H:11])[C:2](=[O:1])[O:3][H:10])([H:12])[H:13])([H:14])[H:15])[H:17],7.0,12.0
0,-0.5518571428571429,AM1BCC,AmberTools,,,O,,1,[H:16][C:7]1([C:6]([C:5]([C:4]([C:9]([C:8]1([H:18])[H:19])([H:20])[H:21])([H:11])[C:2](=[O:1])[O:3][H:10])([H:12])[H:13])([H:14])[H:15])[H:17],7.0,12.0
1,0.6352428571428571,AM1BCC,AmberTools,,,C,,2,[H:16][C:7]1([C:6]([C:5]([C:4]([C:9]([C:8]1([H:18])[H:19])([H:20])[H:21])([H:11])[C:2](=[O:1])[O:3][H:10])([H:12])[H:13])([H:14])[H:15])[H:17],7.0,12.0
2,-0.6069571428571429,AM1BCC,AmberTools,,,O,,3,[H:16][C:7]1([C:6]([C:5]([C:4]([C:9]([C:8]1([H:18])[H:19])([H:20])[H:21])([H:11])[C:2](=[O:1])[O:3][H:10])([H:12])[H:13])([H:14])[H:15])[H:17],7.0,12.0
3,-0.10355714285714285,AM1BCC,AmberTools,,,C,,4,[H:16][C:7]1([C:6]([C:5]([C:4]([C:9]([C:8]1([H:18])[H:19])([H:20])[H:21])([H:11])[C:2](=[O:1])[O:3][H:10])([H:12])[H:13])([H:14])[H:15])[H:17],7.0,12.0
4,-0.07425714285714284,AM1BCC,AmberTools,,,C,,5,[H:16][C:7]1([C:6]([C:5]([C:4]([C:9]([C:8]1([H:18])[H:19])([H:20])[H:21])([H:11])[C:2](=[O:1])[O:3][H:10])([H:12])[H:13])([H:14])[H:15])[H:17],7.0,12.0
5,-0.07625714285714284,AM1BCC,AmberTools,,,C,,6,[H:16][C:7]1([C:6]([C:5]([C:4]([C:9]([C:8]1([H:18])[H:19])([H:20])[H:21])([H:11])[C:2](=[O:1])[O:3][H:10])([H:12])[H:13])([H:14])[H:15])[H:17],7.0,12.0
6,-0.07925714285714285,AM1BCC,AmberTools,,,C,,7,[H:16][C:7]1([C:6]([C:5]([C:4]([C:9]([C:8]1([H:18])[H:19])([H:20])[H:21])([H:11])[C:2](=[O:1])[O:3][H:10])([H:12])[H:13])([H:14])[H:15])[H:17],7.0,12.0
7,-0.07625714285714284,AM1BCC,AmberTools,,,C,,8,[H:16][C:7]1([C:6]([C:5]([C:4]([C:9]([C:8]1([H:18])[H:19])([H:20])[H:21])([H:11])[C:2](=[O:1])[O:3][H:10])([H:12])[H:13])([H:14])[H:15])[H:17],7.0,12.0
8,-0.07425714285714284,AM1BCC,AmberTools,,,C,,9,[H:16][C:7]1([C:6]([C:5]([C:4]([C:9]([C:8]1([H:18])[H:19])([H:20])[H:21])([H:11])[C:2](=[O:1])[O:3][H:10])([H:12])[H:13])([H:14])[H:15])[H:17],7.0,12.0
9,0.44214285714285717,AM1BCC,AmberTools,,,H,,10,[H:16][C:7]1([C:6]([C:5]([C:4]([C:9]([C:8]1([H:18])[H:19])([H:20])[H:21])([H:11])[C:2](=[O:1])[O:3][H:10])([H:12])[H:13])([H:14])[H:15])[H:17],7.0,12.0
10,0.08284285714285715,AM1BCC,AmberTools,,,H,,11,[H:16][C:7]1([C:6]([C:5]([C:4]([C:9]([C:8]1([H:18])[H:19])([H:20])[H:21])([H:11])[C:2](=[O:1])[O:3][H:10])([H:12])[H:13])([H:14])[H:15])[H:17],7.0,12.0
11,0.05484285714285715,AM1BCC,AmberTools,,,H,,12,[H:16][C:7]1([C:6]([C:5]([C:4]([C:9]([C:8]1([H:18])[H:19])([H:20])[H:21])([H:11])[C:2](=[O:1])[O:3][H:10])([H:12])[H:13])([H:14])[H:15])[H:17],7.0,12.0
12,0.05484285714285715,AM1BCC,AmberTools,,,H,,13,[H:16][C:7]1([C:6]([C:5]([C:4]([C:9]([C:8]1([H:18])[H:19])([H:20])[H:21])([H:11])[C:2](=[O:1])[O:3][H:10])([H:12])[H:13])([H:14])[H:15])[H:17],7.0,12.0
13,0.043842857142857156,AM1BCC,AmberTools,,,H,,14,[H:16][C:7]1([C:6]([C:5]([C:4]([C:9]([C:8]1([H:18])[H:19])([H:20])[H:21])([H:11])[C:2](=[O:1])[O:3][H:10])([H:12])[H:13])([H:14])[H:15])[H:17],7.0,12.0
14,0.043842857142857156,AM1BCC,AmberTools,,,H,,15,[H:16][C:7]1([C:6]([C:5]([C:4]([C:9]([C:8]1([H:18])[H:19])([H:20])[H:21])([H:11])[C:2](=[O:1])[O:3][H:10])([H:12])[H:13])([H:14])[H:15])[H:17],7.0,12.0
15,0.043842857142857156,AM1BCC,AmberTools,,,H,,16,[H:16][C:7]1([C:6]([C:5]([C:4]([C:9]([C:8]1([H:18])[H:19])([H:20])[H:21])([H:11])[C:2](=[O:1])[O:3][H:10])([H:12])[H:13])([H:14])[H:15])[H:17],7.0,12.0
16,0.043842857142857156,AM1BCC,AmberTools,,,H,,17,[H:16][C:7]1([C:6]([C:5]([C:4]([C:9]([C:8]1([H:18])[H:19])([H:20])[H:21])([H:11])[C:2](=[O:1])[O:3][H:10])([H:12])[H:13])([H:14])[H:15])[H:17],7.0,12.0
17,0.043842857142857156,AM1BCC,AmberTools,,,H,,18,[H:16][C:7]1([C:6]([C:5]([C:4]([C:9]([C:8]1([H:18])[H:19])([H:20])[H:21])([H:11])[C:2](=[O:1])[O:3][H:10])([H:12])[H:13])([H:14])[H:15])[H:17],7.0,12.0
18,0.043842857142857156,AM1BCC,AmberTools,,,H,,19,[H:16][C:7]1([C:6]([C:5]([C:4]([C:9]([C:8]1([H:18])[H:19])([H:20])[H:21])([H:11])[C:2](=[O:1])[O:3][H:10])([H:12])[H:13])([H:14])[H:15])[H:17],7.0,12.0
19,0.05484285714285715,AM1BCC,AmberTools,,,H,,20,[H:16][C:7]1([C:6]([C:5]([C:4]([C:9]([C:8]1([H:18])[H:19])([H:20])[H:21])([H:11])[C:2](=[O:1])[O:3][H:10])([H:12])[H:13])([H:14])[H:15])[H:17],7.0,12.0
20,0.05484285714285715,AM1BCC,AmberTools,,,H,,21,[H:16][C:7]1([C:6]([C:5]([C:4]([C:9]([C:8]1([H:18])[H:19])([H:20])[H:21])([H:11])[C:2](=[O:1])[O:3][H:10])([H:12])[H:13])([H:14])[H:15])[H:17],7.0,12.0
0,-0.5526999841843333,AM1BCC,OpenEye,,,O,,1,[H:16][C:7]1([C:6]([C:5]([C:4]([C:9]([C:8]1([H:18])[H:19])([H:20])[H:21])([H:11])[C:2](=[O:1])[O:3][H:10])([H:12])[H:13])([H:14])[H:15])[H:17],8.0,1.0
1,0.6324200023497853,AM1BCC,OpenEye,,,C,,2,[H:16][C:7]1([C:6]([C:5]([C:4]([C:9]([C:8]1([H:18])[H:19])([H:20])[H:21])([H:11])[C:2](=[O:1])[O:3][H:10])([H:12])[H:13])([H:14])[H:15])[H:17],8.0,1.0
2,-0.6015700112496104,AM1BCC,OpenEye,,,O,,3,[H:16][C:7]1([C:6]([C:5]([C:4]([C:9]([C:8]1([H:18])[H:19])([H:20])[H:21])([H:11])[C:2](=[O:1])[O:3][H:10])([H:12])[H:13])([H:14])[H:15])[H:17],8.0,1.0
3,-0.10513000296694892,AM1BCC,OpenEye,,,C,,4,[H:16][C:7]1([C:6]([C:5]([C:4]([C:9]([C:8]1([H:18])[H:19])([H:20])[H:21])([H:11])[C:2](=[O:1])[O:3][H:10])([H:12])[H:13])([H:14])[H:15])[H:17],8.0,1.0
4,-0.07029000031096595,AM1BCC,OpenEye,,,C,,5,[H:16][C:7]1([C:6]([C:5]([C:4]([C:9]([C:8]1([H:18])[H:19])([H:20])[H:21])([H:11])[C:2](=[O:1])[O:3][H:10])([H:12])[H:13])([H:14])[H:15])[H:17],8.0,1.0
5,-0.07684999810797828,AM1BCC,OpenEye,,,C,,6,[H:16][C:7]1([C:6]([C:5]([C:4]([C:9]([C:8]1([H:18])[H:19])([H:20])[H:21])([H:11])[C:2](=[O:1])[O:3][H:10])([H:12])[H:13])([H:14])[H:15])[H:17],8.0,1.0
6,-0.07960999863488334,AM1BCC,OpenEye,,,C,,7,[H:16][C:7]1([C:6]([C:5]([C:4]([C:9]([C:8]1([H:18])[H:19])([H:20])[H:21])([H:11])[C:2](=[O:1])[O:3][H:10])([H:12])[H:13])([H:14])[H:15])[H:17],8.0,1.0
7,-0.07684999810797828,AM1BCC,OpenEye,,,C,,8,[H:16][C:7]1([C:6]([C:5]([C:4]([C:9]([C:8]1([H:18])[H:19])([H:20])[H:21])([H:11])[C:2](=[O:1])[O:3][H:10])([H:12])[H:13])([H:14])[H:15])[H:17],8.0,1.0
8,-0.07029000031096595,AM1BCC,OpenEye,,,C,,9,[H:16][C:7]1([C:6]([C:5]([C:4]([C:9]([C:8]1([H:18])[H:19])([H:20])[H:21])([H:11])[C:2](=[O:1])[O:3][H:10])([H:12])[H:13])([H:14])[H:15])[H:17],8.0,1.0
9,0.4424900103892599,AM1BCC,OpenEye,,,H,,10,[H:16][C:7]1([C:6]([C:5]([C:4]([C:9]([C:8]1([H:18])[H:19])([H:20])[H:21])([H:11])[C:2](=[O:1])[O:3][H:10])([H:12])[H:13])([H:14])[H:15])[H:17],8.0,1.0
10,0.07813999695437295,AM1BCC,OpenEye,,,H,,11,[H:16][C:7]1([C:6]([C:5]([C:4]([C:9]([C:8]1([H:18])[H:19])([H:20])[H:21])([H:11])[C:2](=[O:1])[O:3][H:10])([H:12])[H:13])([H:14])[H:15])[H:17],8.0,1.0
11,0.054389997252396176,AM1BCC,OpenEye,,,H,,12,[H:16][C:7]1([C:6]([C:5]([C:4]([C:9]([C:8]1([H:18])[H:19])([H:20])[H:21])([H:11])[C:2](=[O:1])[O:3][H:10])([H:12])[H:13])([H:14])[H:15])[H:17],8.0,1.0
12,0.054389997252396176,AM1BCC,OpenEye,,,H,,13,[H:16][C:7]1([C:6]([C:5]([C:4]([C:9]([C:8]1([H:18])[H:19])([H:20])[H:21])([H:11])[C:2](=[O:1])[O:3][H:10])([H:12])[H:13])([H:14])[H:15])[H:17],8.0,1.0
13,0.04540000004427774,AM1BCC,OpenEye,,,H,,14,[H:16][C:7]1([C:6]([C:5]([C:4]([C:9]([C:8]1([H:18])[H:19])([H:20])[H:21])([H:11])[C:2](=[O:1])[O:3][H:10])([H:12])[H:13])([H:14])[H:15])[H:17],8.0,1.0
14,0.04540000004427774,AM1BCC,OpenEye,,,H,,15,[H:16][C:7]1([C:6]([C:5]([C:4]([C:9]([C:8]1([H:18])[H:19])([H:20])[H:21])([H:11])[C:2](=[O:1])[O:3][H:10])([H:12])[H:13])([H:14])[H:15])[H:17],8.0,1.0
15,0.04053999749677522,AM1BCC,OpenEye,,,H,,16,[H:16][C:7]1([C:6]([C:5]([C:4]([C:9]([C:8]1([H:18])[H:19])([H:20])[H:21])([H:11])[C:2](=[O:1])[O:3][H:10])([H:12])[H:13])([H:14])[H:15])[H:17],8.0,1.0
16,0.04053999749677522,AM1BCC,OpenEye,,,H,,17,[H:16][C:7]1([C:6]([C:5]([C:4]([C:9]([C:8]1([H:18])[H:19])([H:20])[H:21])([H:11])[C:2](=[O:1])[O:3][H:10])([H:12])[H:13])([H:14])[H:15])[H:17],8.0,1.0
17,0.04540000004427774,AM1BCC,OpenEye,,,H,,18,[H:16][C:7]1([C:6]([C:5]([C:4]([C:9]([C:8]1([H:18])[H:19])([H:20])[H:21])([H:11])[C:2](=[O:1])[O:3][H:10])([H:12])[H:13])([H:14])[H:15])[H:17],8.0,1.0
18,0.04540000004427774,AM1BCC,OpenEye,,,H,,19,[H:16][C:7]1([C:6]([C:5]([C:4]([C:9]([C:8]1([H:18])[H:19])([H:20])[H:21])([H:11])[C:2](=[O:1])[O:3][H:10])([H:12])[H:13])([H:14])[H:15])[H:17],8.0,1.0
19,0.054389997252396176,AM1BCC,OpenEye,,,H,,20,[H:16][C:7]1([C:6]([C:5]([C:4]([C:9]([C:8]1([H:18])[H:19])([H:20])[H:21])([H:11])[C:2](=[O:1])[O:3][H:10])([H:12])[H:13])([H:14])[H:15])[H:17],8.0,1.0
20,0.054389997252396176,AM1BCC,OpenEye,,,H,,21,[H:16][C:7]1([C:6]([C:5]([C:4]([C:9]([C:8]1([H:18])[H:19])([H:20])[H:21])([H:11])[C:2](=[O:1])[O:3][H:10])([H:12])[H:13])([H:14])[H:15])[H:17],8.0,1.0
0,-0.5510476190476191,AM1BCC,AmberTools,,,O,,1,[H:16][C:7]1([C:6]([C:5]([C:4]([C:9]([C:8]1([H:18])[H:19])([H:20])[H:21])([H:11])[C:2](=[O:1])[O:3][H:10])([H:12])[H:13])([H:14])[H:15])[H:17],8.0,1.0
1,0.6350523809523809,AM1BCC,AmberTools,,,C,,2,[H:16][C:7]1([C:6]([C:5]([C:4]([C:9]([C:8]1([H:18])[H:19])([H:20])[H:21])([H:11])[C:2](=[O:1])[O:3][H:10])([H:12])[H:13])([H:14])[H:15])[H:17],8.0,1.0
2,-0.612147619047619,AM1BCC,AmberTools,,,O,,3,[H:16][C:7]1([C:6]([C:5]([C:4]([C:9]([C:8]1([H:18])[H:19])([H:20])[H:21])([H:11])[C:2](=[O:1])[O:3][H:10])([H:12])[H:13])([H:14])[H:15])[H:17],8.0,1.0
3,-0.10174761904761905,AM1BCC,AmberTools,,,C,,4,[H:16][C:7]1([C:6]([C:5]([C:4]([C:9]([C:8]1([H:18])[H:19])([H:20])[H:21])([H:11])[C:2](=[O:1])[O:3][H:10])([H:12])[H:13])([H:14])[H:15])[H:17],8.0,1.0
4,-0.07244761904761905,AM1BCC,AmberTools,,,C,,5,[H:16][C:7]1([C:6]([C:5]([C:4]([C:9]([C:8]1([H:18])[H:19])([H:20])[H:21])([H:11])[C:2](=[O:1])[O:3][H:10])([H:12])[H:13])([H:14])[H:15])[H:17],8.0,1.0
5,-0.07544761904761904,AM1BCC,AmberTools,,,C,,6,[H:16][C:7]1([C:6]([C:5]([C:4]([C:9]([C:8]1([H:18])[H:19])([H:20])[H:21])([H:11])[C:2](=[O:1])[O:3][H:10])([H:12])[H:13])([H:14])[H:15])[H:17],8.0,1.0
6,-0.07944761904761904,AM1BCC,AmberTools,,,C,,7,[H:16][C:7]1([C:6]([C:5]([C:4]([C:9]([C:8]1([H:18])[H:19])([H:20])[H:21])([H:11])[C:2](=[O:1])[O:3][H:10])([H:12])[H:13])([H:14])[H:15])[H:17],8.0,1.0
7,-0.07544761904761904,AM1BCC,AmberTools,,,C,,8,[H:16][C:7]1([C:6]([C:5]([C:4]([C:9]([C:8]1([H:18])[H:19])([H:20])[H:21])([H:11])[C:2](=[O:1])[O:3][H:10])([H:12])[H:13])([H:14])[H:15])[H:17],8.0,1.0
8,-0.07244761904761905,AM1BCC,AmberTools,,,C,,9,[H:16][C:7]1([C:6]([C:5]([C:4]([C:9]([C:8]1([H:18])[H:19])([H:20])[H:21])([H:11])[C:2](=[O:1])[O:3][H:10])([H:12])[H:13])([H:14])[H:15])[H:17],8.0,1.0
9,0.442952380952381,AM1BCC,AmberTools,,,H,,10,[H:16][C:7]1([C:6]([C:5]([C:4]([C:9]([C:8]1([H:18])[H:19])([H:20])[H:21])([H:11])[C:2](=[O:1])[O:3][H:10])([H:12])[H:13])([H:14])[H:15])[H:17],8.0,1.0
10,0.07965238095238095,AM1BCC,AmberTools,,,H,,11,[H:16][C:7]1([C:6]([C:5]([C:4]([C:9]([C:8]1([H:18])[H:19])([H:20])[H:21])([H:11])[C:2](=[O:1])[O:3][H:10])([H:12])[H:13])([H:14])[H:15])[H:17],8.0,1.0
11,0.056152380952380954,AM1BCC,AmberTools,,,H,,12,[H:16][C:7]1([C:6]([C:5]([C:4]([C:9]([C:8]1([H:18])[H:19])([H:20])[H:21])([H:11])[C:2](=[O:1])[O:3][H:10])([H:12])[H:13])([H:14])[H:15])[H:17],8.0,1.0
12,0.056152380952380954,AM1BCC,AmberTools,,,H,,13,[H:16][C:7]1([C:6]([C:5]([C:4]([C:9]([C:8]1([H:18])[H:19])([H:20])[H:21])([H:11])[C:2](=[O:1])[O:3][H:10])([H:12])[H:13])([H:14])[H:15])[H:17],8.0,1.0
13,0.04440238095238096,AM1BCC,AmberTools,,,H,,14,[H:16][C:7]1([C:6]([C:5]([C:4]([C:9]([C:8]1([H:18])[H:19])([H:20])[H:21])([H:11])[C:2](=[O:1])[O:3][H:10])([H:12])[H:13])([H:14])[H:15])[H:17],8.0,1.0
14,0.04440238095238096,AM1BCC,AmberTools,,,H,,15,[H:16][C:7]1([C:6]([C:5]([C:4]([C:9]([C:8]1([H:18])[H:19])([H:20])[H:21])([H:11])[C:2](=[O:1])[O:3][H:10])([H:12])[H:13])([H:14])[H:15])[H:17],8.0,1.0
15,0.04015238095238095,AM1BCC,AmberTools,,,H,,16,[H:16][C:7]1([C:6]([C:5]([C:4]([C:9]([C:8]1([H:18])[H:19])([H:20])[H:21])([H:11])[C:2](=[O:1])[O:3][H:10])([H:12])[H:13])([H:14])[H:15])[H:17],8.0,1.0
16,0.04015238095238095,AM1BCC,AmberTools,,,H,,17,[H:16][C:7]1([C:6]([C:5]([C:4]([C:9]([C:8]1([H:18])[H:19])([H:20])[H:21])([H:11])[C:2](=[O:1])[O:3][H:10])([H:12])[H:13])([H:14])[H:15])[H:17],8.0,1.0
17,0.04440238095238096,AM1BCC,AmberTools,,,H,,18,[H:16][C:7]1([C:6]([C:5]([C:4]([C:9]([C:8]1([H:18])[H:19])([H:20])[H:21])([H:11])[C:2](=[O:1])[O:3][H:10])([H:12])[H:13])([H:14])[H:15])[H:17],8.0,1.0
18,0.04440238095238096,AM1BCC,AmberTools,,,H,,19,[H:16][C:7]1([C:6]([C:5]([C:4]([C:9]([C:8]1([H:18])[H:19])([H:20])[H:21])([H:11])[C:2](=[O:1])[O:3][H:10])([H:12])[H:13])([H:14])[H:15])[H:17],8.0,1.0
19,0.056152380952380954,AM1BCC,AmberTools,,,H,,20,[H:16][C:7]1([C:6]([C:5]([C:4]([C:9]([C:8]1([H:18])[H:19])([H:20])[H:21])([H:11])[C:2](=[O:1])[O:3][H:10])([H:12])[H:13])([H:14])[H:15])[H:17],8.0,1.0
20,0.056152380952380954,AM1BCC,AmberTools,,,H,,21,[H:16][C:7]1([C:6]([C:5]([C:4]([C:9]([C:8]1([H:18])[H:19])([H:20])[H:21])([H:11])[C:2](=[O:1])[O:3][H:10])([H:12])[H:13])([H:14])[H:15])[H:17],8.0,1.0
0,-0.5526999841843333,AM1BCC,OpenEye,,,O,,1,[H:16][C:7]1([C:6]([C:5]([C:4]([C:9]([C:8]1([H:18])[H:19])([H:20])[H:21])([H:11])[C:2](=[O:1])[O:3][H:10])([H:12])[H:13])([H:14])[H:15])[H:17],8.0,2.0
1,0.6324200023497853,AM1BCC,OpenEye,,,C,,2,[H:16][C:7]1([C:6]([C:5]([C:4]([C:9]([C:8]1([H:18])[H:19])([H:20])[H:21])([H:11])[C:2](=[O:1])[O:3][H:10])([H:12])[H:13])([H:14])[H:15])[H:17],8.0,2.0
2,-0.6015700112496104,AM1BCC,OpenEye,,,O,,3,[H:16][C:7]1([C:6]([C:5]([C:4]([C:9]([C:8]1([H:18])[H:19])([H:20])[H:21])([H:11])[C:2](=[O:1])[O:3][H:10])([H:12])[H:13])([H:14])[H:15])[H:17],8.0,2.0
3,-0.10513000296694892,AM1BCC,OpenEye,,,C,,4,[H:16][C:7]1([C:6]([C:5]([C:4]([C:9]([C:8]1([H:18])[H:19])([H:20])[H:21])([H:11])[C:2](=[O:1])[O:3][H:10])([H:12])[H:13])([H:14])[H:15])[H:17],8.0,2.0
4,-0.07029000031096595,AM1BCC,OpenEye,,,C,,5,[H:16][C:7]1([C:6]([C:5]([C:4]([C:9]([C:8]1([H:18])[H:19])([H:20])[H:21])([H:11])[C:2](=[O:1])[O:3][H:10])([H:12])[H:13])([H:14])[H:15])[H:17],8.0,2.0
5,-0.07684999810797828,AM1BCC,OpenEye,,,C,,6,[H:16][C:7]1([C:6]([C:5]([C:4]([C:9]([C:8]1([H:18])[H:19])([H:20])[H:21])([H:11])[C:2](=[O:1])[O:3][H:10])([H:12])[H:13])([H:14])[H:15])[H:17],8.0,2.0
6,-0.07960999863488334,AM1BCC,OpenEye,,,C,,7,[H:16][C:7]1([C:6]([C:5]([C:4]([C:9]([C:8]1([H:18])[H:19])([H:20])[H:21])([H:11])[C:2](=[O:1])[O:3][H:10])([H:12])[H:13])([H:14])[H:15])[H:17],8.0,2.0
7,-0.07684999810797828,AM1BCC,OpenEye,,,C,,8,[H:16][C:7]1([C:6]([C:5]([C:4]([C:9]([C:8]1([H:18])[H:19])([H:20])[H:21])([H:11])[C:2](=[O:1])[O:3][H:10])([H:12])[H:13])([H:14])[H:15])[H:17],8.0,2.0
8,-0.07029000031096595,AM1BCC,OpenEye,,,C,,9,[H:16][C:7]1([C:6]([C:5]([C:4]([C:9]([C:8]1([H:18])[H:19])([H:20])[H:21])([H:11])[C:2](=[O:1])[O:3][H:10])([H:12])[H:13])([H:14])[H:15])[H:17],8.0,2.0
9,0.4424900103892599,AM1BCC,OpenEye,,,H,,10,[H:16][C:7]1([C:6]([C:5]([C:4]([C:9]([C:8]1([H:18])[H:19])([H:20])[H:21])([H:11])[C:2](=[O:1])[O:3][H:10])([H:12])[H:13])([H:14])[H:15])[H:17],8.0,2.0
10,0.07813999695437295,AM1BCC,OpenEye,,,H,,11,[H:16][C:7]1([C:6]([C:5]([C:4]([C:9]([C:8]1([H:18])[H:19])([H:20])[H:21])([H:11])[C:2](=[O:1])[O:3][H:10])([H:12])[H:13])([H:14])[H:15])[H:17],8.0,2.0
11,0.054389997252396176,AM1BCC,OpenEye,,,H,,12,[H:16][C:7]1([C:6]([C:5]([C:4]([C:9]([C:8]1([H:18])[H:19])([H:20])[H:21])([H:11])[C:2](=[O:1])[O:3][H:10])([H:12])[H:13])([H:14])[H:15])[H:17],8.0,2.0
12,0.054389997252396176,AM1BCC,OpenEye,,,H,,13,[H:16][C:7]1([C:6]([C:5]([C:4]([C:9]([C:8]1([H:18])[H:19])([H:20])[H:21])([H:11])[C:2](=[O:1])[O:3][H:10])([H:12])[H:13])([H:14])[H:15])[H:17],8.0,2.0
13,0.04540000004427774,AM1BCC,OpenEye,,,H,,14,[H:16][C:7]1([C:6]([C:5]([C:4]([C:9]([C:8]1([H:18])[H:19])([H:20])[H:21])([H:11])[C:2](=[O:1])[O:3][H:10])([H:12])[H:13])([H:14])[H:15])[H:17],8.0,2.0
14,0.04540000004427774,AM1BCC,OpenEye,,,H,,15,[H:16][C:7]1([C:6]([C:5]([C:4]([C:9]([C:8]1([H:18])[H:19])([H:20])[H:21])([H:11])[C:2](=[O:1])[O:3][H:10])([H:12])[H:13])([H:14])[H:15])[H:17],8.0,2.0
15,0.04053999749677522,AM1BCC,OpenEye,,,H,,16,[H:16][C:7]1([C:6]([C:5]([C:4]([C:9]([C:8]1([H:18])[H:19])([H:20])[H:21])([H:11])[C:2](=[O:1])[O:3][H:10])([H:12])[H:13])([H:14])[H:15])[H:17],8.0,2.0
16,0.04053999749677522,AM1BCC,OpenEye,,,H,,17,[H:16][C:7]1([C:6]([C:5]([C:4]([C:9]([C:8]1([H:18])[H:19])([H:20])[H:21])([H:11])[C:2](=[O:1])[O:3][H:10])([H:12])[H:13])([H:14])[H:15])[H:17],8.0,2.0
17,0.04540000004427774,AM1BCC,OpenEye,,,H,,18,[H:16][C:7]1([C:6]([C:5]([C:4]([C:9]([C:8]1([H:18])[H:19])([H:20])[H:21])([H:11])[C:2](=[O:1])[O:3][H:10])([H:12])[H:13])([H:14])[H:15])[H:17],8.0,2.0
18,0.04540000004427774,AM1BCC,OpenEye,,,H,,19,[H:16][C:7]1([C:6]([C:5]([C:4]([C:9]([C:8]1([H:18])[H:19])([H:20])[H:21])([H:11])[C:2](=[O:1])[O:3][H:10])([H:12])[H:13])([H:14])[H:15])[H:17],8.0,2.0
19,0.054389997252396176,AM1BCC,OpenEye,,,H,,20,[H:16][C:7]1([C:6]([C:5]([C:4]([C:9]([C:8]1([H:18])[H:19])([H:20])[H:21])([H:11])[C:2](=[O:1])[O:3][H:10])([H:12])[H:13])([H:14])[H:15])[H:17],8.0,2.0
20,0.054389997252396176,AM1BCC,OpenEye,,,H,,21,[H:16][C:7]1([C:6]([C:5]([C:4]([C:9]([C:8]1([H:18])[H:19])([H:20])[H:21])([H:11])[C:2](=[O:1])[O:3][H:10])([H:12])[H:13])([H:14])[H:15])[H:17],8.0,2.0
0,-0.5510476190476191,AM1BCC,AmberTools,,,O,,1,[H:16][C:7]1([C:6]([C:5]([C:4]([C:9]([C:8]1([H:18])[H:19])([H:20])[H:21])([H:11])[C:2](=[O:1])[O:3][H:10])([H:12])[H:13])([H:14])[H:15])[H:17],8.0,2.0
1,0.6350523809523809,AM1BCC,AmberTools,,,C,,2,[H:16][C:7]1([C:6]([C:5]([C:4]([C:9]([C:8]1([H:18])[H:19])([H:20])[H:21])([H:11])[C:2](=[O:1])[O:3][H:10])([H:12])[H:13])([H:14])[H:15])[H:17],8.0,2.0
2,-0.612147619047619,AM1BCC,AmberTools,,,O,,3,[H:16][C:7]1([C:6]([C:5]([C:4]([C:9]([C:8]1([H:18])[H:19])([H:20])[H:21])([H:11])[C:2](=[O:1])[O:3][H:10])([H:12])[H:13])([H:14])[H:15])[H:17],8.0,2.0
3,-0.10174761904761905,AM1BCC,AmberTools,,,C,,4,[H:16][C:7]1([C:6]([C:5]([C:4]([C:9]([C:8]1([H:18])[H:19])([H:20])[H:21])([H:11])[C:2](=[O:1])[O:3][H:10])([H:12])[H:13])([H:14])[H:15])[H:17],8.0,2.0
4,-0.07244761904761905,AM1BCC,AmberTools,,,C,,5,[H:16][C:7]1([C:6]([C:5]([C:4]([C:9]([C:8]1([H:18])[H:19])([H:20])[H:21])([H:11])[C:2](=[O:1])[O:3][H:10])([H:12])[H:13])([H:14])[H:15])[H:17],8.0,2.0
5,-0.07544761904761904,AM1BCC,AmberTools,,,C,,6,[H:16][C:7]1([C:6]([C:5]([C:4]([C:9]([C:8]1([H:18])[H:19])([H:20])[H:21])([H:11])[C:2](=[O:1])[O:3][H:10])([H:12])[H:13])([H:14])[H:15])[H:17],8.0,2.0
6,-0.07944761904761904,AM1BCC,AmberTools,,,C,,7,[H:16][C:7]1([C:6]([C:5]([C:4]([C:9]([C:8]1([H:18])[H:19])([H:20])[H:21])([H:11])[C:2](=[O:1])[O:3][H:10])([H:12])[H:13])([H:14])[H:15])[H:17],8.0,2.0
7,-0.07544761904761904,AM1BCC,AmberTools,,,C,,8,[H:16][C:7]1([C:6]([C:5]([C:4]([C:9]([C:8]1([H:18])[H:19])([H:20])[H:21])([H:11])[C:2](=[O:1])[O:3][H:10])([H:12])[H:13])([H:14])[H:15])[H:17],8.0,2.0
8,-0.07244761904761905,AM1BCC,AmberTools,,,C,,9,[H:16][C:7]1([C:6]([C:5]([C:4]([C:9]([C:8]1([H:18])[H:19])([H:20])[H:21])([H:11])[C:2](=[O:1])[O:3][H:10])([H:12])[H:13])([H:14])[H:15])[H:17],8.0,2.0
9,0.442952380952381,AM1BCC,AmberTools,,,H,,10,[H:16][C:7]1([C:6]([C:5]([C:4]([C:9]([C:8]1([H:18])[H:19])([H:20])[H:21])([H:11])[C:2](=[O:1])[O:3][H:10])([H:12])[H:13])([H:14])[H:15])[H:17],8.0,2.0
10,0.07965238095238095,AM1BCC,AmberTools,,,H,,11,[H:16][C:7]1([C:6]([C:5]([C:4]([C:9]([C:8]1([H:18])[H:19])([H:20])[H:21])([H:11])[C:2](=[O:1])[O:3][H:10])([H:12])[H:13])([H:14])[H:15])[H:17],8.0,2.0
11,0.056152380952380954,AM1BCC,AmberTools,,,H,,12,[H:16][C:7]1([C:6]([C:5]([C:4]([C:9]([C:8]1([H:18])[H:19])([H:20])[H:21])([H:11])[C:2](=[O:1])[O:3][H:10])([H:12])[H:13])([H:14])[H:15])[H:17],8.0,2.0
12,0.056152380952380954,AM1BCC,AmberTools,,,H,,13,[H:16][C:7]1([C:6]([C:5]([C:4]([C:9]([C:8]1([H:18])[H:19])([H:20])[H:21])([H:11])[C:2](=[O:1])[O:3][H:10])([H:12])[H:13])([H:14])[H:15])[H:17],8.0,2.0
13,0.04440238095238096,AM1BCC,AmberTools,,,H,,14,[H:16][C:7]1([C:6]([C:5]([C:4]([C:9]([C:8]1([H:18])[H:19])([H:20])[H:21])([H:11])[C:2](=[O:1])[O:3][H:10])([H:12])[H:13])([H:14])[H:15])[H:17],8.0,2.0
14,0.04440238095238096,AM1BCC,AmberTools,,,H,,15,[H:16][C:7]1([C:6]([C:5]([C:4]([C:9]([C:8]1([H:18])[H:19])([H:20])[H:21])([H:11])[C:2](=[O:1])[O:3][H:10])([H:12])[H:13])([H:14])[H:15])[H:17],8.0,2.0
15,0.04015238095238095,AM1BCC,AmberTools,,,H,,16,[H:16][C:7]1([C:6]([C:5]([C:4]([C:9]([C:8]1([H:18])[H:19])([H:20])[H:21])([H:11])[C:2](=[O:1])[O:3][H:10])([H:12])[H:13])([H:14])[H:15])[H:17],8.0,2.0
16,0.04015238095238095,AM1BCC,AmberTools,,,H,,17,[H:16][C:7]1([C:6]([C:5]([C:4]([C:9]([C:8]1([H:18])[H:19])([H:20])[H:21])([H:11])[C:2](=[O:1])[O:3][H:10])([H:12])[H:13])([H:14])[H:15])[H:17],8.0,2.0
17,0.04440238095238096,AM1BCC,AmberTools,,,H,,18,[H:16][C:7]1([C:6]([C:5]([C:4]([C:9]([C:8]1([H:18])[H:19])([H:20])[H:21])([H:11])[C:2](=[O:1])[O:3][H:10])([H:12])[H:13])([H:14])[H:15])[H:17],8.0,2.0
18,0.04440238095238096,AM1BCC,AmberTools,,,H,,19,[H:16][C:7]1([C:6]([C:5]([C:4]([C:9]([C:8]1([H:18])[H:19])([H:20])[H:21])([H:11])[C:2](=[O:1])[O:3][H:10])([H:12])[H:13])([H:14])[H:15])[H:17],8.0,2.0
19,0.056152380952380954,AM1BCC,AmberTools,,,H,,20,[H:16][C:7]1([C:6]([C:5]([C:4]([C:9]([C:8]1([H:18])[H:19])([H:20])[H:21])([H:11])[C:2](=[O:1])[O:3][H:10])([H:12])[H:13])([H:14])[H:15])[H:17],8.0,2.0
20,0.056152380952380954,AM1BCC,AmberTools,,,H,,21,[H:16][C:7]1([C:6]([C:5]([C:4]([C:9]([C:8]1([H:18])[H:19])([H:20])[H:21])([H:11])[C:2](=[O:1])[O:3][H:10])([H:12])[H:13])([H:14])[H:15])[H:17],8.0,2.0
0,-0.5526999841843333,AM1BCC,OpenEye,,,O,,1,[H:16][C:7]1([C:6]([C:5]([C:4]([C:9]([C:8]1([H:18])[H:19])([H:20])[H:21])([H:11])[C:2](=[O:1])[O:3][H:10])([H:12])[H:13])([H:14])[H:15])[H:17],8.0,3.0
1,0.6324200023497853,AM1BCC,OpenEye,,,C,,2,[H:16][C:7]1([C:6]([C:5]([C:4]([C:9]([C:8]1([H:18])[H:19])([H:20])[H:21])([H:11])[C:2](=[O:1])[O:3][H:10])([H:12])[H:13])([H:14])[H:15])[H:17],8.0,3.0
2,-0.6015700112496104,AM1BCC,OpenEye,,,O,,3,[H:16][C:7]1([C:6]([C:5]([C:4]([C:9]([C:8]1([H:18])[H:19])([H:20])[H:21])([H:11])[C:2](=[O:1])[O:3][H:10])([H:12])[H:13])([H:14])[H:15])[H:17],8.0,3.0
3,-0.10513000296694892,AM1BCC,OpenEye,,,C,,4,[H:16][C:7]1([C:6]([C:5]([C:4]([C:9]([C:8]1([H:18])[H:19])([H:20])[H:21])([H:11])[C:2](=[O:1])[O:3][H:10])([H:12])[H:13])([H:14])[H:15])[H:17],8.0,3.0
4,-0.07029000031096595,AM1BCC,OpenEye,,,C,,5,[H:16][C:7]1([C:6]([C:5]([C:4]([C:9]([C:8]1([H:18])[H:19])([H:20])[H:21])([H:11])[C:2](=[O:1])[O:3][H:10])([H:12])[H:13])([H:14])[H:15])[H:17],8.0,3.0
5,-0.07684999810797828,AM1BCC,OpenEye,,,C,,6,[H:16][C:7]1([C:6]([C:5]([C:4]([C:9]([C:8]1([H:18])[H:19])([H:20])[H:21])([H:11])[C:2](=[O:1])[O:3][H:10])([H:12])[H:13])([H:14])[H:15])[H:17],8.0,3.0
6,-0.07960999863488334,AM1BCC,OpenEye,,,C,,7,[H:16][C:7]1([C:6]([C:5]([C:4]([C:9]([C:8]1([H:18])[H:19])([H:20])[H:21])([H:11])[C:2](=[O:1])[O:3][H:10])([H:12])[H:13])([H:14])[H:15])[H:17],8.0,3.0
7,-0.07684999810797828,AM1BCC,OpenEye,,,C,,8,[H:16][C:7]1([C:6]([C:5]([C:4]([C:9]([C:8]1([H:18])[H:19])([H:20])[H:21])([H:11])[C:2](=[O:1])[O:3][H:10])([H:12])[H:13])([H:14])[H:15])[H:17],8.0,3.0
8,-0.07029000031096595,AM1BCC,OpenEye,,,C,,9,[H:16][C:7]1([C:6]([C:5]([C:4]([C:9]([C:8]1([H:18])[H:19])([H:20])[H:21])([H:11])[C:2](=[O:1])[O:3][H:10])([H:12])[H:13])([H:14])[H:15])[H:17],8.0,3.0
9,0.4424900103892599,AM1BCC,OpenEye,,,H,,10,[H:16][C:7]1([C:6]([C:5]([C:4]([C:9]([C:8]1([H:18])[H:19])([H:20])[H:21])([H:11])[C:2](=[O:1])[O:3][H:10])([H:12])[H:13])([H:14])[H:15])[H:17],8.0,3.0
10,0.07813999695437295,AM1BCC,OpenEye,,,H,,11,[H:16][C:7]1([C:6]([C:5]([C:4]([C:9]([C:8]1([H:18])[H:19])([H:20])[H:21])([H:11])[C:2](=[O:1])[O:3][H:10])([H:12])[H:13])([H:14])[H:15])[H:17],8.0,3.0
11,0.054389997252396176,AM1BCC,OpenEye,,,H,,12,[H:16][C:7]1([C:6]([C:5]([C:4]([C:9]([C:8]1([H:18])[H:19])([H:20])[H:21])([H:11])[C:2](=[O:1])[O:3][H:10])([H:12])[H:13])([H:14])[H:15])[H:17],8.0,3.0
12,0.054389997252396176,AM1BCC,OpenEye,,,H,,13,[H:16][C:7]1([C:6]([C:5]([C:4]([C:9]([C:8]1([H:18])[H:19])([H:20])[H:21])([H:11])[C:2](=[O:1])[O:3][H:10])([H:12])[H:13])([H:14])[H:15])[H:17],8.0,3.0
13,0.04540000004427774,AM1BCC,OpenEye,,,H,,14,[H:16][C:7]1([C:6]([C:5]([C:4]([C:9]([C:8]1([H:18])[H:19])([H:20])[H:21])([H:11])[C:2](=[O:1])[O:3][H:10])([H:12])[H:13])([H:14])[H:15])[H:17],8.0,3.0
14,0.04540000004427774,AM1BCC,OpenEye,,,H,,15,[H:16][C:7]1([C:6]([C:5]([C:4]([C:9]([C:8]1([H:18])[H:19])([H:20])[H:21])([H:11])[C:2](=[O:1])[O:3][H:10])([H:12])[H:13])([H:14])[H:15])[H:17],8.0,3.0
15,0.04053999749677522,AM1BCC,OpenEye,,,H,,16,[H:16][C:7]1([C:6]([C:5]([C:4]([C:9]([C:8]1([H:18])[H:19])([H:20])[H:21])([H:11])[C:2](=[O:1])[O:3][H:10])([H:12])[H:13])([H:14])[H:15])[H:17],8.0,3.0
16,0.04053999749677522,AM1BCC,OpenEye,,,H,,17,[H:16][C:7]1([C:6]([C:5]([C:4]([C:9]([C:8]1([H:18])[H:19])([H:20])[H:21])([H:11])[C:2](=[O:1])[O:3][H:10])([H:12])[H:13])([H:14])[H:15])[H:17],8.0,3.0
17,0.04540000004427774,AM1BCC,OpenEye,,,H,,18,[H:16][C:7]1([C:6]([C:5]([C:4]([C:9]([C:8]1([H:18])[H:19])([H:20])[H:21])([H:11])[C:2](=[O:1])[O:3][H:10])([H:12])[H:13])([H:14])[H:15])[H:17],8.0,3.0
18,0.04540000004427774,AM1BCC,OpenEye,,,H,,19,[H:16][C:7]1([C:6]([C:5]([C:4]([C:9]([C:8]1([H:18])[H:19])([H:20])[H:21])([H:11])[C:2](=[O:1])[O:3][H:10])([H:12])[H:13])([H:14])[H:15])[H:17],8.0,3.0
19,0.054389997252396176,AM1BCC,OpenEye,,,H,,20,[H:16][C:7]1([C:6]([C:5]([C:4]([C:9]([C:8]1([H:18])[H:19])([H:20])[H:21])([H:11])[C:2](=[O:1])[O:3][H:10])([H:12])[H:13])([H:14])[H:15])[H:17],8.0,3.0
20,0.054389997252396176,AM1BCC,OpenEye,,,H,,21,[H:16][C:7]1([C:6]([C:5]([C:4]([C:9]([C:8]1([H:18])[H:19])([H:20])[H:21])([H:11])[C:2](=[O:1])[O:3][H:10])([H:12])[H:13])([H:14])[H:15])[H:17],8.0,3.0
0,-0.5510476190476191,AM1BCC,AmberTools,,,O,,1,[H:16][C:7]1([C:6]([C:5]([C:4]([C:9]([C:8]1([H:18])[H:19])([H:20])[H:21])([H:11])[C:2](=[O:1])[O:3][H:10])([H:12])[H:13])([H:14])[H:15])[H:17],8.0,3.0
1,0.6350523809523809,AM1BCC,AmberTools,,,C,,2,[H:16][C:7]1([C:6]([C:5]([C:4]([C:9]([C:8]1([H:18])[H:19])([H:20])[H:21])([H:11])[C:2](=[O:1])[O:3][H:10])([H:12])[H:13])([H:14])[H:15])[H:17],8.0,3.0
2,-0.612147619047619,AM1BCC,AmberTools,,,O,,3,[H:16][C:7]1([C:6]([C:5]([C:4]([C:9]([C:8]1([H:18])[H:19])([H:20])[H:21])([H:11])[C:2](=[O:1])[O:3][H:10])([H:12])[H:13])([H:14])[H:15])[H:17],8.0,3.0
3,-0.10174761904761905,AM1BCC,AmberTools,,,C,,4,[H:16][C:7]1([C:6]([C:5]([C:4]([C:9]([C:8]1([H:18])[H:19])([H:20])[H:21])([H:11])[C:2](=[O:1])[O:3][H:10])([H:12])[H:13])([H:14])[H:15])[H:17],8.0,3.0
4,-0.07244761904761905,AM1BCC,AmberTools,,,C,,5,[H:16][C:7]1([C:6]([C:5]([C:4]([C:9]([C:8]1([H:18])[H:19])([H:20])[H:21])([H:11])[C:2](=[O:1])[O:3][H:10])([H:12])[H:13])([H:14])[H:15])[H:17],8.0,3.0
5,-0.07544761904761904,AM1BCC,AmberTools,,,C,,6,[H:16][C:7]1([C:6]([C:5]([C:4]([C:9]([C:8]1([H:18])[H:19])([H:20])[H:21])([H:11])[C:2](=[O:1])[O:3][H:10])([H:12])[H:13])([H:14])[H:15])[H:17],8.0,3.0
6,-0.07944761904761904,AM1BCC,AmberTools,,,C,,7,[H:16][C:7]1([C:6]([C:5]([C:4]([C:9]([C:8]1([H:18])[H:19])([H:20])[H:21])([H:11])[C:2](=[O:1])[O:3][H:10])([H:12])[H:13])([H:14])[H:15])[H:17],8.0,3.0
7,-0.07544761904761904,AM1BCC,AmberTools,,,C,,8,[H:16][C:7]1([C:6]([C:5]([C:4]([C:9]([C:8]1([H:18])[H:19])([H:20])[H:21])([H:11])[C:2](=[O:1])[O:3][H:10])([H:12])[H:13])([H:14])[H:15])[H:17],8.0,3.0
8,-0.07244761904761905,AM1BCC,AmberTools,,,C,,9,[H:16][C:7]1([C:6]([C:5]([C:4]([C:9]([C:8]1([H:18])[H:19])([H:20])[H:21])([H:11])[C:2](=[O:1])[O:3][H:10])([H:12])[H:13])([H:14])[H:15])[H:17],8.0,3.0
9,0.442952380952381,AM1BCC,AmberTools,,,H,,10,[H:16][C:7]1([C:6]([C:5]([C:4]([C:9]([C:8]1([H:18])[H:19])([H:20])[H:21])([H:11])[C:2](=[O:1])[O:3][H:10])([H:12])[H:13])([H:14])[H:15])[H:17],8.0,3.0
10,0.07965238095238095,AM1BCC,AmberTools,,,H,,11,[H:16][C:7]1([C:6]([C:5]([C:4]([C:9]([C:8]1([H:18])[H:19])([H:20])[H:21])([H:11])[C:2](=[O:1])[O:3][H:10])([H:12])[H:13])([H:14])[H:15])[H:17],8.0,3.0
11,0.056152380952380954,AM1BCC,AmberTools,,,H,,12,[H:16][C:7]1([C:6]([C:5]([C:4]([C:9]([C:8]1([H:18])[H:19])([H:20])[H:21])([H:11])[C:2](=[O:1])[O:3][H:10])([H:12])[H:13])([H:14])[H:15])[H:17],8.0,3.0
12,0.056152380952380954,AM1BCC,AmberTools,,,H,,13,[H:16][C:7]1([C:6]([C:5]([C:4]([C:9]([C:8]1([H:18])[H:19])([H:20])[H:21])([H:11])[C:2](=[O:1])[O:3][H:10])([H:12])[H:13])([H:14])[H:15])[H:17],8.0,3.0
13,0.04440238095238096,AM1BCC,AmberTools,,,H,,14,[H:16][C:7]1([C:6]([C:5]([C:4]([C:9]([C:8]1([H:18])[H:19])([H:20])[H:21])([H:11])[C:2](=[O:1])[O:3][H:10])([H:12])[H:13])([H:14])[H:15])[H:17],8.0,3.0
14,0.04440238095238096,AM1BCC,AmberTools,,,H,,15,[H:16][C:7]1([C:6]([C:5]([C:4]([C:9]([C:8]1([H:18])[H:19])([H:20])[H:21])([H:11])[C:2](=[O:1])[O:3][H:10])([H:12])[H:13])([H:14])[H:15])[H:17],8.0,3.0
15,0.04015238095238095,AM1BCC,AmberTools,,,H,,16,[H:16][C:7]1([C:6]([C:5]([C:4]([C:9]([C:8]1([H:18])[H:19])([H:20])[H:21])([H:11])[C:2](=[O:1])[O:3][H:10])([H:12])[H:13])([H:14])[H:15])[H:17],8.0,3.0
16,0.04015238095238095,AM1BCC,AmberTools,,,H,,17,[H:16][C:7]1([C:6]([C:5]([C:4]([C:9]([C:8]1([H:18])[H:19])([H:20])[H:21])([H:11])[C:2](=[O:1])[O:3][H:10])([H:12])[H:13])([H:14])[H:15])[H:17],8.0,3.0
17,0.04440238095238096,AM1BCC,AmberTools,,,H,,18,[H:16][C:7]1([C:6]([C:5]([C:4]([C:9]([C:8]1([H:18])[H:19])([H:20])[H:21])([H:11])[C:2](=[O:1])[O:3][H:10])([H:12])[H:13])([H:14])[H:15])[H:17],8.0,3.0
18,0.04440238095238096,AM1BCC,AmberTools,,,H,,19,[H:16][C:7]1([C:6]([C:5]([C:4]([C:9]([C:8]1([H:18])[H:19])([H:20])[H:21])([H:11])[C:2](=[O:1])[O:3][H:10])([H:12])[H:13])([H:14])[H:15])[H:17],8.0,3.0
19,0.056152380952380954,AM1BCC,AmberTools,,,H,,20,[H:16][C:7]1([C:6]([C:5]([C:4]([C:9]([C:8]1([H:18])[H:19])([H:20])[H:21])([H:11])[C:2](=[O:1])[O:3][H:10])([H:12])[H:13])([H:14])[H:15])[H:17],8.0,3.0
20,0.056152380952380954,AM1BCC,AmberTools,,,H,,21,[H:16][C:7]1([C:6]([C:5]([C:4]([C:9]([C:8]1([H:18])[H:19])([H:20])[H:21])([H:11])[C:2](=[O:1])[O:3][H:10])([H:12])[H:13])([H:14])[H:15])[H:17],8.0,3.0
0,-0.5526999841843333,AM1BCC,OpenEye,,,O,,1,[H:16][C:7]1([C:6]([C:5]([C:4]([C:9]([C:8]1([H:18])[H:19])([H:20])[H:21])([H:11])[C:2](=[O:1])[O:3][H:10])([H:12])[H:13])([H:14])[H:15])[H:17],8.0,4.0
1,0.6324200023497853,AM1BCC,OpenEye,,,C,,2,[H:16][C:7]1([C:6]([C:5]([C:4]([C:9]([C:8]1([H:18])[H:19])([H:20])[H:21])([H:11])[C:2](=[O:1])[O:3][H:10])([H:12])[H:13])([H:14])[H:15])[H:17],8.0,4.0
2,-0.6015700112496104,AM1BCC,OpenEye,,,O,,3,[H:16][C:7]1([C:6]([C:5]([C:4]([C:9]([C:8]1([H:18])[H:19])([H:20])[H:21])([H:11])[C:2](=[O:1])[O:3][H:10])([H:12])[H:13])([H:14])[H:15])[H:17],8.0,4.0
3,-0.10513000296694892,AM1BCC,OpenEye,,,C,,4,[H:16][C:7]1([C:6]([C:5]([C:4]([C:9]([C:8]1([H:18])[H:19])([H:20])[H:21])([H:11])[C:2](=[O:1])[O:3][H:10])([H:12])[H:13])([H:14])[H:15])[H:17],8.0,4.0
4,-0.07029000031096595,AM1BCC,OpenEye,,,C,,5,[H:16][C:7]1([C:6]([C:5]([C:4]([C:9]([C:8]1([H:18])[H:19])([H:20])[H:21])([H:11])[C:2](=[O:1])[O:3][H:10])([H:12])[H:13])([H:14])[H:15])[H:17],8.0,4.0
5,-0.07684999810797828,AM1BCC,OpenEye,,,C,,6,[H:16][C:7]1([C:6]([C:5]([C:4]([C:9]([C:8]1([H:18])[H:19])([H:20])[H:21])([H:11])[C:2](=[O:1])[O:3][H:10])([H:12])[H:13])([H:14])[H:15])[H:17],8.0,4.0
6,-0.07957000391823905,AM1BCC,OpenEye,,,C,,7,[H:16][C:7]1([C:6]([C:5]([C:4]([C:9]([C:8]1([H:18])[H:19])([H:20])[H:21])([H:11])[C:2](=[O:1])[O:3][H:10])([H:12])[H:13])([H:14])[H:15])[H:17],8.0,4.0
7,-0.07684999810797828,AM1BCC,OpenEye,,,C,,8,[H:16][C:7]1([C:6]([C:5]([C:4]([C:9]([C:8]1([H:18])[H:19])([H:20])[H:21])([H:11])[C:2](=[O:1])[O:3][H:10])([H:12])[H:13])([H:14])[H:15])[H:17],8.0,4.0
8,-0.07029000031096595,AM1BCC,OpenEye,,,C,,9,[H:16][C:7]1([C:6]([C:5]([C:4]([C:9]([C:8]1([H:18])[H:19])([H:20])[H:21])([H:11])[C:2](=[O:1])[O:3][H:10])([H:12])[H:13])([H:14])[H:15])[H:17],8.0,4.0
9,0.4424900103892599,AM1BCC,OpenEye,,,H,,10,[H:16][C:7]1([C:6]([C:5]([C:4]([C:9]([C:8]1([H:18])[H:19])([H:20])[H:21])([H:11])[C:2](=[O:1])[O:3][H:10])([H:12])[H:13])([H:14])[H:15])[H:17],8.0,4.0
10,0.07813999695437295,AM1BCC,OpenEye,,,H,,11,[H:16][C:7]1([C:6]([C:5]([C:4]([C:9]([C:8]1([H:18])[H:19])([H:20])[H:21])([H:11])[C:2](=[O:1])[O:3][H:10])([H:12])[H:13])([H:14])[H:15])[H:17],8.0,4.0
11,0.054379998573235104,AM1BCC,OpenEye,,,H,,12,[H:16][C:7]1([C:6]([C:5]([C:4]([C:9]([C:8]1([H:18])[H:19])([H:20])[H:21])([H:11])[C:2](=[O:1])[O:3][H:10])([H:12])[H:13])([H:14])[H:15])[H:17],8.0,4.0
12,0.054379998573235104,AM1BCC,OpenEye,,,H,,13,[H:16][C:7]1([C:6]([C:5]([C:4]([C:9]([C:8]1([H:18])[H:19])([H:20])[H:21])([H:11])[C:2](=[O:1])[O:3][H:10])([H:12])[H:13])([H:14])[H:15])[H:17],8.0,4.0
13,0.04540000004427774,AM1BCC,OpenEye,,,H,,14,[H:16][C:7]1([C:6]([C:5]([C:4]([C:9]([C:8]1([H:18])[H:19])([H:20])[H:21])([H:11])[C:2](=[O:1])[O:3][H:10])([H:12])[H:13])([H:14])[H:15])[H:17],8.0,4.0
14,0.04540000004427774,AM1BCC,OpenEye,,,H,,15,[H:16][C:7]1([C:6]([C:5]([C:4]([C:9]([C:8]1([H:18])[H:19])([H:20])[H:21])([H:11])[C:2](=[O:1])[O:3][H:10])([H:12])[H:13])([H:14])[H:15])[H:17],8.0,4.0
15,0.04053999749677522,AM1BCC,OpenEye,,,H,,16,[H:16][C:7]1([C:6]([C:5]([C:4]([C:9]([C:8]1([H:18])[H:19])([H:20])[H:21])([H:11])[C:2](=[O:1])[O:3][H:10])([H:12])[H:13])([H:14])[H:15])[H:17],8.0,4.0
16,0.04053999749677522,AM1BCC,OpenEye,,,H,,17,[H:16][C:7]1([C:6]([C:5]([C:4]([C:9]([C:8]1([H:18])[H:19])([H:20])[H:21])([H:11])[C:2](=[O:1])[O:3][H:10])([H:12])[H:13])([H:14])[H:15])[H:17],8.0,4.0
17,0.04540000004427774,AM1BCC,OpenEye,,,H,,18,[H:16][C:7]1([C:6]([C:5]([C:4]([C:9]([C:8]1([H:18])[H:19])([H:20])[H:21])([H:11])[C:2](=[O:1])[O:3][H:10])([H:12])[H:13])([H:14])[H:15])[H:17],8.0,4.0
18,0.04540000004427774,AM1BCC,OpenEye,,,H,,19,[H:16][C:7]1([C:6]([C:5]([C:4]([C:9]([C:8]1([H:18])[H:19])([H:20])[H:21])([H:11])[C:2](=[O:1])[O:3][H:10])([H:12])[H:13])([H:14])[H:15])[H:17],8.0,4.0
19,0.054379998573235104,AM1BCC,OpenEye,,,H,,20,[H:16][C:7]1([C:6]([C:5]([C:4]([C:9]([C:8]1([H:18])[H:19])([H:20])[H:21])([H:11])[C:2](=[O:1])[O:3][H:10])([H:12])[H:13])([H:14])[H:15])[H:17],8.0,4.0
20,0.054379998573235104,AM1BCC,OpenEye,,,H,,21,[H:16][C:7]1([C:6]([C:5]([C:4]([C:9]([C:8]1([H:18])[H:19])([H:20])[H:21])([H:11])[C:2](=[O:1])[O:3][H:10])([H:12])[H:13])([H:14])[H:15])[H:17],8.0,4.0
0,-0.5510476190476191,AM1BCC,AmberTools,,,O,,1,[H:16][C:7]1([C:6]([C:5]([C:4]([C:9]([C:8]1([H:18])[H:19])([H:20])[H:21])([H:11])[C:2](=[O:1])[O:3][H:10])([H:12])[H:13])([H:14])[H:15])[H:17],8.0,4.0
1,0.6350523809523809,AM1BCC,AmberTools,,,C,,2,[H:16][C:7]1([C:6]([C:5]([C:4]([C:9]([C:8]1([H:18])[H:19])([H:20])[H:21])([H:11])[C:2](=[O:1])[O:3][H:10])([H:12])[H:13])([H:14])[H:15])[H:17],8.0,4.0
2,-0.612147619047619,AM1BCC,AmberTools,,,O,,3,[H:16][C:7]1([C:6]([C:5]([C:4]([C:9]([C:8]1([H:18])[H:19])([H:20])[H:21])([H:11])[C:2](=[O:1])[O:3][H:10])([H:12])[H:13])([H:14])[H:15])[H:17],8.0,4.0
3,-0.10174761904761905,AM1BCC,AmberTools,,,C,,4,[H:16][C:7]1([C:6]([C:5]([C:4]([C:9]([C:8]1([H:18])[H:19])([H:20])[H:21])([H:11])[C:2](=[O:1])[O:3][H:10])([H:12])[H:13])([H:14])[H:15])[H:17],8.0,4.0
4,-0.07244761904761905,AM1BCC,AmberTools,,,C,,5,[H:16][C:7]1([C:6]([C:5]([C:4]([C:9]([C:8]1([H:18])[H:19])([H:20])[H:21])([H:11])[C:2](=[O:1])[O:3][H:10])([H:12])[H:13])([H:14])[H:15])[H:17],8.0,4.0
5,-0.07544761904761904,AM1BCC,AmberTools,,,C,,6,[H:16][C:7]1([C:6]([C:5]([C:4]([C:9]([C:8]1([H:18])[H:19])([H:20])[H:21])([H:11])[C:2](=[O:1])[O:3][H:10])([H:12])[H:13])([H:14])[H:15])[H:17],8.0,4.0
6,-0.07944761904761904,AM1BCC,AmberTools,,,C,,7,[H:16][C:7]1([C:6]([C:5]([C:4]([C:9]([C:8]1([H:18])[H:19])([H:20])[H:21])([H:11])[C:2](=[O:1])[O:3][H:10])([H:12])[H:13])([H:14])[H:15])[H:17],8.0,4.0
7,-0.07544761904761904,AM1BCC,AmberTools,,,C,,8,[H:16][C:7]1([C:6]([C:5]([C:4]([C:9]([C:8]1([H:18])[H:19])([H:20])[H:21])([H:11])[C:2](=[O:1])[O:3][H:10])([H:12])[H:13])([H:14])[H:15])[H:17],8.0,4.0
8,-0.07244761904761905,AM1BCC,AmberTools,,,C,,9,[H:16][C:7]1([C:6]([C:5]([C:4]([C:9]([C:8]1([H:18])[H:19])([H:20])[H:21])([H:11])[C:2](=[O:1])[O:3][H:10])([H:12])[H:13])([H:14])[H:15])[H:17],8.0,4.0
9,0.442952380952381,AM1BCC,AmberTools,,,H,,10,[H:16][C:7]1([C:6]([C:5]([C:4]([C:9]([C:8]1([H:18])[H:19])([H:20])[H:21])([H:11])[C:2](=[O:1])[O:3][H:10])([H:12])[H:13])([H:14])[H:15])[H:17],8.0,4.0
10,0.07965238095238095,AM1BCC,AmberTools,,,H,,11,[H:16][C:7]1([C:6]([C:5]([C:4]([C:9]([C:8]1([H:18])[H:19])([H:20])[H:21])([H:11])[C:2](=[O:1])[O:3][H:10])([H:12])[H:13])([H:14])[H:15])[H:17],8.0,4.0
11,0.056152380952380954,AM1BCC,AmberTools,,,H,,12,[H:16][C:7]1([C:6]([C:5]([C:4]([C:9]([C:8]1([H:18])[H:19])([H:20])[H:21])([H:11])[C:2](=[O:1])[O:3][H:10])([H:12])[H:13])([H:14])[H:15])[H:17],8.0,4.0
12,0.056152380952380954,AM1BCC,AmberTools,,,H,,13,[H:16][C:7]1([C:6]([C:5]([C:4]([C:9]([C:8]1([H:18])[H:19])([H:20])[H:21])([H:11])[C:2](=[O:1])[O:3][H:10])([H:12])[H:13])([H:14])[H:15])[H:17],8.0,4.0
13,0.04440238095238096,AM1BCC,AmberTools,,,H,,14,[H:16][C:7]1([C:6]([C:5]([C:4]([C:9]([C:8]1([H:18])[H:19])([H:20])[H:21])([H:11])[C:2](=[O:1])[O:3][H:10])([H:12])[H:13])([H:14])[H:15])[H:17],8.0,4.0
14,0.04440238095238096,AM1BCC,AmberTools,,,H,,15,[H:16][C:7]1([C:6]([C:5]([C:4]([C:9]([C:8]1([H:18])[H:19])([H:20])[H:21])([H:11])[C:2](=[O:1])[O:3][H:10])([H:12])[H:13])([H:14])[H:15])[H:17],8.0,4.0
15,0.04015238095238095,AM1BCC,AmberTools,,,H,,16,[H:16][C:7]1([C:6]([C:5]([C:4]([C:9]([C:8]1([H:18])[H:19])([H:20])[H:21])([H:11])[C:2](=[O:1])[O:3][H:10])([H:12])[H:13])([H:14])[H:15])[H:17],8.0,4.0
16,0.04015238095238095,AM1BCC,AmberTools,,,H,,17,[H:16][C:7]1([C:6]([C:5]([C:4]([C:9]([C:8]1([H:18])[H:19])([H:20])[H:21])([H:11])[C:2](=[O:1])[O:3][H:10])([H:12])[H:13])([H:14])[H:15])[H:17],8.0,4.0
17,0.04440238095238096,AM1BCC,AmberTools,,,H,,18,[H:16][C:7]1([C:6]([C:5]([C:4]([C:9]([C:8]1([H:18])[H:19])([H:20])[H:21])([H:11])[C:2](=[O:1])[O:3][H:10])([H:12])[H:13])([H:14])[H:15])[H:17],8.0,4.0
18,0.04440238095238096,AM1BCC,AmberTools,,,H,,19,[H:16][C:7]1([C:6]([C:5]([C:4]([C:9]([C:8]1([H:18])[H:19])([H:20])[H:21])([H:11])[C:2](=[O:1])[O:3][H:10])([H:12])[H:13])([H:14])[H:15])[H:17],8.0,4.0
19,0.056152380952380954,AM1BCC,AmberTools,,,H,,20,[H:16][C:7]1([C:6]([C:5]([C:4]([C:9]([C:8]1([H:18])[H:19])([H:20])[H:21])([H:11])[C:2](=[O:1])[O:3][H:10])([H:12])[H:13])([H:14])[H:15])[H:17],8.0,4.0
20,0.056152380952380954,AM1BCC,AmberTools,,,H,,21,[H:16][C:7]1([C:6]([C:5]([C:4]([C:9]([C:8]1([H:18])[H:19])([H:20])[H:21])([H:11])[C:2](=[O:1])[O:3][H:10])([H:12])[H:13])([H:14])[H:15])[H:17],8.0,4.0
0,-0.5526999841843333,AM1BCC,OpenEye,,,O,,1,[H:16][C:7]1([C:6]([C:5]([C:4]([C:9]([C:8]1([H:18])[H:19])([H:20])[H:21])([H:11])[C:2](=[O:1])[O:3][H:10])([H:12])[H:13])([H:14])[H:15])[H:17],8.0,5.0
1,0.6324200023497853,AM1BCC,OpenEye,,,C,,2,[H:16][C:7]1([C:6]([C:5]([C:4]([C:9]([C:8]1([H:18])[H:19])([H:20])[H:21])([H:11])[C:2](=[O:1])[O:3][H:10])([H:12])[H:13])([H:14])[H:15])[H:17],8.0,5.0
2,-0.6015700112496104,AM1BCC,OpenEye,,,O,,3,[H:16][C:7]1([C:6]([C:5]([C:4]([C:9]([C:8]1([H:18])[H:19])([H:20])[H:21])([H:11])[C:2](=[O:1])[O:3][H:10])([H:12])[H:13])([H:14])[H:15])[H:17],8.0,5.0
3,-0.10513000296694892,AM1BCC,OpenEye,,,C,,4,[H:16][C:7]1([C:6]([C:5]([C:4]([C:9]([C:8]1([H:18])[H:19])([H:20])[H:21])([H:11])[C:2](=[O:1])[O:3][H:10])([H:12])[H:13])([H:14])[H:15])[H:17],8.0,5.0
4,-0.07029000031096595,AM1BCC,OpenEye,,,C,,5,[H:16][C:7]1([C:6]([C:5]([C:4]([C:9]([C:8]1([H:18])[H:19])([H:20])[H:21])([H:11])[C:2](=[O:1])[O:3][H:10])([H:12])[H:13])([H:14])[H:15])[H:17],8.0,5.0
5,-0.07684999810797828,AM1BCC,OpenEye,,,C,,6,[H:16][C:7]1([C:6]([C:5]([C:4]([C:9]([C:8]1([H:18])[H:19])([H:20])[H:21])([H:11])[C:2](=[O:1])[O:3][H:10])([H:12])[H:13])([H:14])[H:15])[H:17],8.0,5.0
6,-0.07960999863488334,AM1BCC,OpenEye,,,C,,7,[H:16][C:7]1([C:6]([C:5]([C:4]([C:9]([C:8]1([H:18])[H:19])([H:20])[H:21])([H:11])[C:2](=[O:1])[O:3][H:10])([H:12])[H:13])([H:14])[H:15])[H:17],8.0,5.0
7,-0.07684999810797828,AM1BCC,OpenEye,,,C,,8,[H:16][C:7]1([C:6]([C:5]([C:4]([C:9]([C:8]1([H:18])[H:19])([H:20])[H:21])([H:11])[C:2](=[O:1])[O:3][H:10])([H:12])[H:13])([H:14])[H:15])[H:17],8.0,5.0
8,-0.07029000031096595,AM1BCC,OpenEye,,,C,,9,[H:16][C:7]1([C:6]([C:5]([C:4]([C:9]([C:8]1([H:18])[H:19])([H:20])[H:21])([H:11])[C:2](=[O:1])[O:3][H:10])([H:12])[H:13])([H:14])[H:15])[H:17],8.0,5.0
9,0.4424900103892599,AM1BCC,OpenEye,,,H,,10,[H:16][C:7]1([C:6]([C:5]([C:4]([C:9]([C:8]1([H:18])[H:19])([H:20])[H:21])([H:11])[C:2](=[O:1])[O:3][H:10])([H:12])[H:13])([H:14])[H:15])[H:17],8.0,5.0
10,0.07813999695437295,AM1BCC,OpenEye,,,H,,11,[H:16][C:7]1([C:6]([C:5]([C:4]([C:9]([C:8]1([H:18])[H:19])([H:20])[H:21])([H:11])[C:2](=[O:1])[O:3][H:10])([H:12])[H:13])([H:14])[H:15])[H:17],8.0,5.0
11,0.054389997252396176,AM1BCC,OpenEye,,,H,,12,[H:16][C:7]1([C:6]([C:5]([C:4]([C:9]([C:8]1([H:18])[H:19])([H:20])[H:21])([H:11])[C:2](=[O:1])[O:3][H:10])([H:12])[H:13])([H:14])[H:15])[H:17],8.0,5.0
12,0.054389997252396176,AM1BCC,OpenEye,,,H,,13,[H:16][C:7]1([C:6]([C:5]([C:4]([C:9]([C:8]1([H:18])[H:19])([H:20])[H:21])([H:11])[C:2](=[O:1])[O:3][H:10])([H:12])[H:13])([H:14])[H:15])[H:17],8.0,5.0
13,0.04540000004427774,AM1BCC,OpenEye,,,H,,14,[H:16][C:7]1([C:6]([C:5]([C:4]([C:9]([C:8]1([H:18])[H:19])([H:20])[H:21])([H:11])[C:2](=[O:1])[O:3][H:10])([H:12])[H:13])([H:14])[H:15])[H:17],8.0,5.0
14,0.04540000004427774,AM1BCC,OpenEye,,,H,,15,[H:16][C:7]1([C:6]([C:5]([C:4]([C:9]([C:8]1([H:18])[H:19])([H:20])[H:21])([H:11])[C:2](=[O:1])[O:3][H:10])([H:12])[H:13])([H:14])[H:15])[H:17],8.0,5.0
15,0.04053999749677522,AM1BCC,OpenEye,,,H,,16,[H:16][C:7]1([C:6]([C:5]([C:4]([C:9]([C:8]1([H:18])[H:19])([H:20])[H:21])([H:11])[C:2](=[O:1])[O:3][H:10])([H:12])[H:13])([H:14])[H:15])[H:17],8.0,5.0
16,0.04053999749677522,AM1BCC,OpenEye,,,H,,17,[H:16][C:7]1([C:6]([C:5]([C:4]([C:9]([C:8]1([H:18])[H:19])([H:20])[H:21])([H:11])[C:2](=[O:1])[O:3][H:10])([H:12])[H:13])([H:14])[H:15])[H:17],8.0,5.0
17,0.04540000004427774,AM1BCC,OpenEye,,,H,,18,[H:16][C:7]1([C:6]([C:5]([C:4]([C:9]([C:8]1([H:18])[H:19])([H:20])[H:21])([H:11])[C:2](=[O:1])[O:3][H:10])([H:12])[H:13])([H:14])[H:15])[H:17],8.0,5.0
18,0.04540000004427774,AM1BCC,OpenEye,,,H,,19,[H:16][C:7]1([C:6]([C:5]([C:4]([C:9]([C:8]1([H:18])[H:19])([H:20])[H:21])([H:11])[C:2](=[O:1])[O:3][H:10])([H:12])[H:13])([H:14])[H:15])[H:17],8.0,5.0
19,0.054389997252396176,AM1BCC,OpenEye,,,H,,20,[H:16][C:7]1([C:6]([C:5]([C:4]([C:9]([C:8]1([H:18])[H:19])([H:20])[H:21])([H:11])[C:2](=[O:1])[O:3][H:10])([H:12])[H:13])([H:14])[H:15])[H:17],8.0,5.0
20,0.054389997252396176,AM1BCC,OpenEye,,,H,,21,[H:16][C:7]1([C:6]([C:5]([C:4]([C:9]([C:8]1([H:18])[H:19])([H:20])[H:21])([H:11])[C:2](=[O:1])[O:3][H:10])([H:12])[H:13])([H:14])[H:15])[H:17],8.0,5.0
0,-0.5510476190476191,AM1BCC,AmberTools,,,O,,1,[H:16][C:7]1([C:6]([C:5]([C:4]([C:9]([C:8]1([H:18])[H:19])([H:20])[H:21])([H:11])[C:2](=[O:1])[O:3][H:10])([H:12])[H:13])([H:14])[H:15])[H:17],8.0,5.0
1,0.6350523809523809,AM1BCC,AmberTools,,,C,,2,[H:16][C:7]1([C:6]([C:5]([C:4]([C:9]([C:8]1([H:18])[H:19])([H:20])[H:21])([H:11])[C:2](=[O:1])[O:3][H:10])([H:12])[H:13])([H:14])[H:15])[H:17],8.0,5.0
2,-0.612147619047619,AM1BCC,AmberTools,,,O,,3,[H:16][C:7]1([C:6]([C:5]([C:4]([C:9]([C:8]1([H:18])[H:19])([H:20])[H:21])([H:11])[C:2](=[O:1])[O:3][H:10])([H:12])[H:13])([H:14])[H:15])[H:17],8.0,5.0
3,-0.10174761904761905,AM1BCC,AmberTools,,,C,,4,[H:16][C:7]1([C:6]([C:5]([C:4]([C:9]([C:8]1([H:18])[H:19])([H:20])[H:21])([H:11])[C:2](=[O:1])[O:3][H:10])([H:12])[H:13])([H:14])[H:15])[H:17],8.0,5.0
4,-0.07244761904761905,AM1BCC,AmberTools,,,C,,5,[H:16][C:7]1([C:6]([C:5]([C:4]([C:9]([C:8]1([H:18])[H:19])([H:20])[H:21])([H:11])[C:2](=[O:1])[O:3][H:10])([H:12])[H:13])([H:14])[H:15])[H:17],8.0,5.0
5,-0.07544761904761904,AM1BCC,AmberTools,,,C,,6,[H:16][C:7]1([C:6]([C:5]([C:4]([C:9]([C:8]1([H:18])[H:19])([H:20])[H:21])([H:11])[C:2](=[O:1])[O:3][H:10])([H:12])[H:13])([H:14])[H:15])[H:17],8.0,5.0
6,-0.07944761904761904,AM1BCC,AmberTools,,,C,,7,[H:16][C:7]1([C:6]([C:5]([C:4]([C:9]([C:8]1([H:18])[H:19])([H:20])[H:21])([H:11])[C:2](=[O:1])[O:3][H:10])([H:12])[H:13])([H:14])[H:15])[H:17],8.0,5.0
7,-0.07544761904761904,AM1BCC,AmberTools,,,C,,8,[H:16][C:7]1([C:6]([C:5]([C:4]([C:9]([C:8]1([H:18])[H:19])([H:20])[H:21])([H:11])[C:2](=[O:1])[O:3][H:10])([H:12])[H:13])([H:14])[H:15])[H:17],8.0,5.0
8,-0.07244761904761905,AM1BCC,AmberTools,,,C,,9,[H:16][C:7]1([C:6]([C:5]([C:4]([C:9]([C:8]1([H:18])[H:19])([H:20])[H:21])([H:11])[C:2](=[O:1])[O:3][H:10])([H:12])[H:13])([H:14])[H:15])[H:17],8.0,5.0
9,0.442952380952381,AM1BCC,AmberTools,,,H,,10,[H:16][C:7]1([C:6]([C:5]([C:4]([C:9]([C:8]1([H:18])[H:19])([H:20])[H:21])([H:11])[C:2](=[O:1])[O:3][H:10])([H:12])[H:13])([H:14])[H:15])[H:17],8.0,5.0
10,0.07965238095238095,AM1BCC,AmberTools,,,H,,11,[H:16][C:7]1([C:6]([C:5]([C:4]([C:9]([C:8]1([H:18])[H:19])([H:20])[H:21])([H:11])[C:2](=[O:1])[O:3][H:10])([H:12])[H:13])([H:14])[H:15])[H:17],8.0,5.0
11,0.056152380952380954,AM1BCC,AmberTools,,,H,,12,[H:16][C:7]1([C:6]([C:5]([C:4]([C:9]([C:8]1([H:18])[H:19])([H:20])[H:21])([H:11])[C:2](=[O:1])[O:3][H:10])([H:12])[H:13])([H:14])[H:15])[H:17],8.0,5.0
12,0.056152380952380954,AM1BCC,AmberTools,,,H,,13,[H:16][C:7]1([C:6]([C:5]([C:4]([C:9]([C:8]1([H:18])[H:19])([H:20])[H:21])([H:11])[C:2](=[O:1])[O:3][H:10])([H:12])[H:13])([H:14])[H:15])[H:17],8.0,5.0
13,0.04440238095238096,AM1BCC,AmberTools,,,H,,14,[H:16][C:7]1([C:6]([C:5]([C:4]([C:9]([C:8]1([H:18])[H:19])([H:20])[H:21])([H:11])[C:2](=[O:1])[O:3][H:10])([H:12])[H:13])([H:14])[H:15])[H:17],8.0,5.0
14,0.04440238095238096,AM1BCC,AmberTools,,,H,,15,[H:16][C:7]1([C:6]([C:5]([C:4]([C:9]([C:8]1([H:18])[H:19])([H:20])[H:21])([H:11])[C:2](=[O:1])[O:3][H:10])([H:12])[H:13])([H:14])[H:15])[H:17],8.0,5.0
15,0.04015238095238095,AM1BCC,AmberTools,,,H,,16,[H:16][C:7]1([C:6]([C:5]([C:4]([C:9]([C:8]1([H:18])[H:19])([H:20])[H:21])([H:11])[C:2](=[O:1])[O:3][H:10])([H:12])[H:13])([H:14])[H:15])[H:17],8.0,5.0
16,0.04015238095238095,AM1BCC,AmberTools,,,H,,17,[H:16][C:7]1([C:6]([C:5]([C:4]([C:9]([C:8]1([H:18])[H:19])([H:20])[H:21])([H:11])[C:2](=[O:1])[O:3][H:10])([H:12])[H:13])([H:14])[H:15])[H:17],8.0,5.0
17,0.04440238095238096,AM1BCC,AmberTools,,,H,,18,[H:16][C:7]1([C:6]([C:5]([C:4]([C:9]([C:8]1([H:18])[H:19])([H:20])[H:21])([H:11])[C:2](=[O:1])[O:3][H:10])([H:12])[H:13])([H:14])[H:15])[H:17],8.0,5.0
18,0.04440238095238096,AM1BCC,AmberTools,,,H,,19,[H:16][C:7]1([C:6]([C:5]([C:4]([C:9]([C:8]1([H:18])[H:19])([H:20])[H:21])([H:11])[C:2](=[O:1])[O:3][H:10])([H:12])[H:13])([H:14])[H:15])[H:17],8.0,5.0
19,0.056152380952380954,AM1BCC,AmberTools,,,H,,20,[H:16][C:7]1([C:6]([C:5]([C:4]([C:9]([C:8]1([H:18])[H:19])([H:20])[H:21])([H:11])[C:2](=[O:1])[O:3][H:10])([H:12])[H:13])([H:14])[H:15])[H:17],8.0,5.0
20,0.056152380952380954,AM1BCC,AmberTools,,,H,,21,[H:16][C:7]1([C:6]([C:5]([C:4]([C:9]([C:8]1([H:18])[H:19])([H:20])[H:21])([H:11])[C:2](=[O:1])[O:3][H:10])([H:12])[H:13])([H:14])[H:15])[H:17],8.0,5.0
0,-0.5526999841843333,AM1BCC,OpenEye,,,O,,1,[H:16][C:7]1([C:6]([C:5]([C:4]([C:9]([C:8]1([H:18])[H:19])([H:20])[H:21])([H:11])[C:2](=[O:1])[O:3][H:10])([H:12])[H:13])([H:14])[H:15])[H:17],8.0,6.0
1,0.6324200023497853,AM1BCC,OpenEye,,,C,,2,[H:16][C:7]1([C:6]([C:5]([C:4]([C:9]([C:8]1([H:18])[H:19])([H:20])[H:21])([H:11])[C:2](=[O:1])[O:3][H:10])([H:12])[H:13])([H:14])[H:15])[H:17],8.0,6.0
2,-0.6015700112496104,AM1BCC,OpenEye,,,O,,3,[H:16][C:7]1([C:6]([C:5]([C:4]([C:9]([C:8]1([H:18])[H:19])([H:20])[H:21])([H:11])[C:2](=[O:1])[O:3][H:10])([H:12])[H:13])([H:14])[H:15])[H:17],8.0,6.0
3,-0.10513000296694892,AM1BCC,OpenEye,,,C,,4,[H:16][C:7]1([C:6]([C:5]([C:4]([C:9]([C:8]1([H:18])[H:19])([H:20])[H:21])([H:11])[C:2](=[O:1])[O:3][H:10])([H:12])[H:13])([H:14])[H:15])[H:17],8.0,6.0
4,-0.07029000031096595,AM1BCC,OpenEye,,,C,,5,[H:16][C:7]1([C:6]([C:5]([C:4]([C:9]([C:8]1([H:18])[H:19])([H:20])[H:21])([H:11])[C:2](=[O:1])[O:3][H:10])([H:12])[H:13])([H:14])[H:15])[H:17],8.0,6.0
5,-0.07684999810797828,AM1BCC,OpenEye,,,C,,6,[H:16][C:7]1([C:6]([C:5]([C:4]([C:9]([C:8]1([H:18])[H:19])([H:20])[H:21])([H:11])[C:2](=[O:1])[O:3][H:10])([H:12])[H:13])([H:14])[H:15])[H:17],8.0,6.0
6,-0.07960999863488334,AM1BCC,OpenEye,,,C,,7,[H:16][C:7]1([C:6]([C:5]([C:4]([C:9]([C:8]1([H:18])[H:19])([H:20])[H:21])([H:11])[C:2](=[O:1])[O:3][H:10])([H:12])[H:13])([H:14])[H:15])[H:17],8.0,6.0
7,-0.07684999810797828,AM1BCC,OpenEye,,,C,,8,[H:16][C:7]1([C:6]([C:5]([C:4]([C:9]([C:8]1([H:18])[H:19])([H:20])[H:21])([H:11])[C:2](=[O:1])[O:3][H:10])([H:12])[H:13])([H:14])[H:15])[H:17],8.0,6.0
8,-0.07029000031096595,AM1BCC,OpenEye,,,C,,9,[H:16][C:7]1([C:6]([C:5]([C:4]([C:9]([C:8]1([H:18])[H:19])([H:20])[H:21])([H:11])[C:2](=[O:1])[O:3][H:10])([H:12])[H:13])([H:14])[H:15])[H:17],8.0,6.0
9,0.4424900103892599,AM1BCC,OpenEye,,,H,,10,[H:16][C:7]1([C:6]([C:5]([C:4]([C:9]([C:8]1([H:18])[H:19])([H:20])[H:21])([H:11])[C:2](=[O:1])[O:3][H:10])([H:12])[H:13])([H:14])[H:15])[H:17],8.0,6.0
10,0.07813999695437295,AM1BCC,OpenEye,,,H,,11,[H:16][C:7]1([C:6]([C:5]([C:4]([C:9]([C:8]1([H:18])[H:19])([H:20])[H:21])([H:11])[C:2](=[O:1])[O:3][H:10])([H:12])[H:13])([H:14])[H:15])[H:17],8.0,6.0
11,0.054389997252396176,AM1BCC,OpenEye,,,H,,12,[H:16][C:7]1([C:6]([C:5]([C:4]([C:9]([C:8]1([H:18])[H:19])([H:20])[H:21])([H:11])[C:2](=[O:1])[O:3][H:10])([H:12])[H:13])([H:14])[H:15])[H:17],8.0,6.0
12,0.054389997252396176,AM1BCC,OpenEye,,,H,,13,[H:16][C:7]1([C:6]([C:5]([C:4]([C:9]([C:8]1([H:18])[H:19])([H:20])[H:21])([H:11])[C:2](=[O:1])[O:3][H:10])([H:12])[H:13])([H:14])[H:15])[H:17],8.0,6.0
13,0.04540000004427774,AM1BCC,OpenEye,,,H,,14,[H:16][C:7]1([C:6]([C:5]([C:4]([C:9]([C:8]1([H:18])[H:19])([H:20])[H:21])([H:11])[C:2](=[O:1])[O:3][H:10])([H:12])[H:13])([H:14])[H:15])[H:17],8.0,6.0
14,0.04540000004427774,AM1BCC,OpenEye,,,H,,15,[H:16][C:7]1([C:6]([C:5]([C:4]([C:9]([C:8]1([H:18])[H:19])([H:20])[H:21])([H:11])[C:2](=[O:1])[O:3][H:10])([H:12])[H:13])([H:14])[H:15])[H:17],8.0,6.0
15,0.04053999749677522,AM1BCC,OpenEye,,,H,,16,[H:16][C:7]1([C:6]([C:5]([C:4]([C:9]([C:8]1([H:18])[H:19])([H:20])[H:21])([H:11])[C:2](=[O:1])[O:3][H:10])([H:12])[H:13])([H:14])[H:15])[H:17],8.0,6.0
16,0.04053999749677522,AM1BCC,OpenEye,,,H,,17,[H:16][C:7]1([C:6]([C:5]([C:4]([C:9]([C:8]1([H:18])[H:19])([H:20])[H:21])([H:11])[C:2](=[O:1])[O:3][H:10])([H:12])[H:13])([H:14])[H:15])[H:17],8.0,6.0
17,0.04540000004427774,AM1BCC,OpenEye,,,H,,18,[H:16][C:7]1([C:6]([C:5]([C:4]([C:9]([C:8]1([H:18])[H:19])([H:20])[H:21])([H:11])[C:2](=[O:1])[O:3][H:10])([H:12])[H:13])([H:14])[H:15])[H:17],8.0,6.0
18,0.04540000004427774,AM1BCC,OpenEye,,,H,,19,[H:16][C:7]1([C:6]([C:5]([C:4]([C:9]([C:8]1([H:18])[H:19])([H:20])[H:21])([H:11])[C:2](=[O:1])[O:3][H:10])([H:12])[H:13])([H:14])[H:15])[H:17],8.0,6.0
19,0.054389997252396176,AM1BCC,OpenEye,,,H,,20,[H:16][C:7]1([C:6]([C:5]([C:4]([C:9]([C:8]1([H:18])[H:19])([H:20])[H:21])([H:11])[C:2](=[O:1])[O:3][H:10])([H:12])[H:13])([H:14])[H:15])[H:17],8.0,6.0
20,0.054389997252396176,AM1BCC,OpenEye,,,H,,21,[H:16][C:7]1([C:6]([C:5]([C:4]([C:9]([C:8]1([H:18])[H:19])([H:20])[H:21])([H:11])[C:2](=[O:1])[O:3][H:10])([H:12])[H:13])([H:14])[H:15])[H:17],8.0,6.0
0,-0.5510476190476191,AM1BCC,AmberTools,,,O,,1,[H:16][C:7]1([C:6]([C:5]([C:4]([C:9]([C:8]1([H:18])[H:19])([H:20])[H:21])([H:11])[C:2](=[O:1])[O:3][H:10])([H:12])[H:13])([H:14])[H:15])[H:17],8.0,6.0
1,0.6350523809523809,AM1BCC,AmberTools,,,C,,2,[H:16][C:7]1([C:6]([C:5]([C:4]([C:9]([C:8]1([H:18])[H:19])([H:20])[H:21])([H:11])[C:2](=[O:1])[O:3][H:10])([H:12])[H:13])([H:14])[H:15])[H:17],8.0,6.0
2,-0.612147619047619,AM1BCC,AmberTools,,,O,,3,[H:16][C:7]1([C:6]([C:5]([C:4]([C:9]([C:8]1([H:18])[H:19])([H:20])[H:21])([H:11])[C:2](=[O:1])[O:3][H:10])([H:12])[H:13])([H:14])[H:15])[H:17],8.0,6.0
3,-0.10174761904761905,AM1BCC,AmberTools,,,C,,4,[H:16][C:7]1([C:6]([C:5]([C:4]([C:9]([C:8]1([H:18])[H:19])([H:20])[H:21])([H:11])[C:2](=[O:1])[O:3][H:10])([H:12])[H:13])([H:14])[H:15])[H:17],8.0,6.0
4,-0.07244761904761905,AM1BCC,AmberTools,,,C,,5,[H:16][C:7]1([C:6]([C:5]([C:4]([C:9]([C:8]1([H:18])[H:19])([H:20])[H:21])([H:11])[C:2](=[O:1])[O:3][H:10])([H:12])[H:13])([H:14])[H:15])[H:17],8.0,6.0
5,-0.07544761904761904,AM1BCC,AmberTools,,,C,,6,[H:16][C:7]1([C:6]([C:5]([C:4]([C:9]([C:8]1([H:18])[H:19])([H:20])[H:21])([H:11])[C:2](=[O:1])[O:3][H:10])([H:12])[H:13])([H:14])[H:15])[H:17],8.0,6.0
6,-0.07944761904761904,AM1BCC,AmberTools,,,C,,7,[H:16][C:7]1([C:6]([C:5]([C:4]([C:9]([C:8]1([H:18])[H:19])([H:20])[H:21])([H:11])[C:2](=[O:1])[O:3][H:10])([H:12])[H:13])([H:14])[H:15])[H:17],8.0,6.0
7,-0.07544761904761904,AM1BCC,AmberTools,,,C,,8,[H:16][C:7]1([C:6]([C:5]([C:4]([C:9]([C:8]1([H:18])[H:19])([H:20])[H:21])([H:11])[C:2](=[O:1])[O:3][H:10])([H:12])[H:13])([H:14])[H:15])[H:17],8.0,6.0
8,-0.07244761904761905,AM1BCC,AmberTools,,,C,,9,[H:16][C:7]1([C:6]([C:5]([C:4]([C:9]([C:8]1([H:18])[H:19])([H:20])[H:21])([H:11])[C:2](=[O:1])[O:3][H:10])([H:12])[H:13])([H:14])[H:15])[H:17],8.0,6.0
9,0.442952380952381,AM1BCC,AmberTools,,,H,,10,[H:16][C:7]1([C:6]([C:5]([C:4]([C:9]([C:8]1([H:18])[H:19])([H:20])[H:21])([H:11])[C:2](=[O:1])[O:3][H:10])([H:12])[H:13])([H:14])[H:15])[H:17],8.0,6.0
10,0.07965238095238095,AM1BCC,AmberTools,,,H,,11,[H:16][C:7]1([C:6]([C:5]([C:4]([C:9]([C:8]1([H:18])[H:19])([H:20])[H:21])([H:11])[C:2](=[O:1])[O:3][H:10])([H:12])[H:13])([H:14])[H:15])[H:17],8.0,6.0
11,0.056152380952380954,AM1BCC,AmberTools,,,H,,12,[H:16][C:7]1([C:6]([C:5]([C:4]([C:9]([C:8]1([H:18])[H:19])([H:20])[H:21])([H:11])[C:2](=[O:1])[O:3][H:10])([H:12])[H:13])([H:14])[H:15])[H:17],8.0,6.0
12,0.056152380952380954,AM1BCC,AmberTools,,,H,,13,[H:16][C:7]1([C:6]([C:5]([C:4]([C:9]([C:8]1([H:18])[H:19])([H:20])[H:21])([H:11])[C:2](=[O:1])[O:3][H:10])([H:12])[H:13])([H:14])[H:15])[H:17],8.0,6.0
13,0.04440238095238096,AM1BCC,AmberTools,,,H,,14,[H:16][C:7]1([C:6]([C:5]([C:4]([C:9]([C:8]1([H:18])[H:19])([H:20])[H:21])([H:11])[C:2](=[O:1])[O:3][H:10])([H:12])[H:13])([H:14])[H:15])[H:17],8.0,6.0
14,0.04440238095238096,AM1BCC,AmberTools,,,H,,15,[H:16][C:7]1([C:6]([C:5]([C:4]([C:9]([C:8]1([H:18])[H:19])([H:20])[H:21])([H:11])[C:2](=[O:1])[O:3][H:10])([H:12])[H:13])([H:14])[H:15])[H:17],8.0,6.0
15,0.04015238095238095,AM1BCC,AmberTools,,,H,,16,[H:16][C:7]1([C:6]([C:5]([C:4]([C:9]([C:8]1([H:18])[H:19])([H:20])[H:21])([H:11])[C:2](=[O:1])[O:3][H:10])([H:12])[H:13])([H:14])[H:15])[H:17],8.0,6.0
16,0.04015238095238095,AM1BCC,AmberTools,,,H,,17,[H:16][C:7]1([C:6]([C:5]([C:4]([C:9]([C:8]1([H:18])[H:19])([H:20])[H:21])([H:11])[C:2](=[O:1])[O:3][H:10])([H:12])[H:13])([H:14])[H:15])[H:17],8.0,6.0
17,0.04440238095238096,AM1BCC,AmberTools,,,H,,18,[H:16][C:7]1([C:6]([C:5]([C:4]([C:9]([C:8]1([H:18])[H:19])([H:20])[H:21])([H:11])[C:2](=[O:1])[O:3][H:10])([H:12])[H:13])([H:14])[H:15])[H:17],8.0,6.0
18,0.04440238095238096,AM1BCC,AmberTools,,,H,,19,[H:16][C:7]1([C:6]([C:5]([C:4]([C:9]([C:8]1([H:18])[H:19])([H:20])[H:21])([H:11])[C:2](=[O:1])[O:3][H:10])([H:12])[H:13])([H:14])[H:15])[H:17],8.0,6.0
19,0.056152380952380954,AM1BCC,AmberTools,,,H,,20,[H:16][C:7]1([C:6]([C:5]([C:4]([C:9]([C:8]1([H:18])[H:19])([H:20])[H:21])([H:11])[C:2](=[O:1])[O:3][H:10])([H:12])[H:13])([H:14])[H:15])[H:17],8.0,6.0
20,0.056152380952380954,AM1BCC,AmberTools,,,H,,21,[H:16][C:7]1([C:6]([C:5]([C:4]([C:9]([C:8]1([H:18])[H:19])([H:20])[H:21])([H:11])[C:2](=[O:1])[O:3][H:10])([H:12])[H:13])([H:14])[H:15])[H:17],8.0,6.0
0,-0.5526999841843333,AM1BCC,OpenEye,,,O,,1,[H:16][C:7]1([C:6]([C:5]([C:4]([C:9]([C:8]1([H:18])[H:19])([H:20])[H:21])([H:11])[C:2](=[O:1])[O:3][H:10])([H:12])[H:13])([H:14])[H:15])[H:17],8.0,7.0
1,0.6324200023497853,AM1BCC,OpenEye,,,C,,2,[H:16][C:7]1([C:6]([C:5]([C:4]([C:9]([C:8]1([H:18])[H:19])([H:20])[H:21])([H:11])[C:2](=[O:1])[O:3][H:10])([H:12])[H:13])([H:14])[H:15])[H:17],8.0,7.0
2,-0.6015700112496104,AM1BCC,OpenEye,,,O,,3,[H:16][C:7]1([C:6]([C:5]([C:4]([C:9]([C:8]1([H:18])[H:19])([H:20])[H:21])([H:11])[C:2](=[O:1])[O:3][H:10])([H:12])[H:13])([H:14])[H:15])[H:17],8.0,7.0
3,-0.10513000296694892,AM1BCC,OpenEye,,,C,,4,[H:16][C:7]1([C:6]([C:5]([C:4]([C:9]([C:8]1([H:18])[H:19])([H:20])[H:21])([H:11])[C:2](=[O:1])[O:3][H:10])([H:12])[H:13])([H:14])[H:15])[H:17],8.0,7.0
4,-0.07029000031096595,AM1BCC,OpenEye,,,C,,5,[H:16][C:7]1([C:6]([C:5]([C:4]([C:9]([C:8]1([H:18])[H:19])([H:20])[H:21])([H:11])[C:2](=[O:1])[O:3][H:10])([H:12])[H:13])([H:14])[H:15])[H:17],8.0,7.0
5,-0.07684999810797828,AM1BCC,OpenEye,,,C,,6,[H:16][C:7]1([C:6]([C:5]([C:4]([C:9]([C:8]1([H:18])[H:19])([H:20])[H:21])([H:11])[C:2](=[O:1])[O:3][H:10])([H:12])[H:13])([H:14])[H:15])[H:17],8.0,7.0
6,-0.07960999863488334,AM1BCC,OpenEye,,,C,,7,[H:16][C:7]1([C:6]([C:5]([C:4]([C:9]([C:8]1([H:18])[H:19])([H:20])[H:21])([H:11])[C:2](=[O:1])[O:3][H:10])([H:12])[H:13])([H:14])[H:15])[H:17],8.0,7.0
7,-0.07684999810797828,AM1BCC,OpenEye,,,C,,8,[H:16][C:7]1([C:6]([C:5]([C:4]([C:9]([C:8]1([H:18])[H:19])([H:20])[H:21])([H:11])[C:2](=[O:1])[O:3][H:10])([H:12])[H:13])([H:14])[H:15])[H:17],8.0,7.0
8,-0.07029000031096595,AM1BCC,OpenEye,,,C,,9,[H:16][C:7]1([C:6]([C:5]([C:4]([C:9]([C:8]1([H:18])[H:19])([H:20])[H:21])([H:11])[C:2](=[O:1])[O:3][H:10])([H:12])[H:13])([H:14])[H:15])[H:17],8.0,7.0
9,0.4424900103892599,AM1BCC,OpenEye,,,H,,10,[H:16][C:7]1([C:6]([C:5]([C:4]([C:9]([C:8]1([H:18])[H:19])([H:20])[H:21])([H:11])[C:2](=[O:1])[O:3][H:10])([H:12])[H:13])([H:14])[H:15])[H:17],8.0,7.0
10,0.07813999695437295,AM1BCC,OpenEye,,,H,,11,[H:16][C:7]1([C:6]([C:5]([C:4]([C:9]([C:8]1([H:18])[H:19])([H:20])[H:21])([H:11])[C:2](=[O:1])[O:3][H:10])([H:12])[H:13])([H:14])[H:15])[H:17],8.0,7.0
11,0.054389997252396176,AM1BCC,OpenEye,,,H,,12,[H:16][C:7]1([C:6]([C:5]([C:4]([C:9]([C:8]1([H:18])[H:19])([H:20])[H:21])([H:11])[C:2](=[O:1])[O:3][H:10])([H:12])[H:13])([H:14])[H:15])[H:17],8.0,7.0
12,0.054389997252396176,AM1BCC,OpenEye,,,H,,13,[H:16][C:7]1([C:6]([C:5]([C:4]([C:9]([C:8]1([H:18])[H:19])([H:20])[H:21])([H:11])[C:2](=[O:1])[O:3][H:10])([H:12])[H:13])([H:14])[H:15])[H:17],8.0,7.0
13,0.04540000004427774,AM1BCC,OpenEye,,,H,,14,[H:16][C:7]1([C:6]([C:5]([C:4]([C:9]([C:8]1([H:18])[H:19])([H:20])[H:21])([H:11])[C:2](=[O:1])[O:3][H:10])([H:12])[H:13])([H:14])[H:15])[H:17],8.0,7.0
14,0.04540000004427774,AM1BCC,OpenEye,,,H,,15,[H:16][C:7]1([C:6]([C:5]([C:4]([C:9]([C:8]1([H:18])[H:19])([H:20])[H:21])([H:11])[C:2](=[O:1])[O:3][H:10])([H:12])[H:13])([H:14])[H:15])[H:17],8.0,7.0
15,0.04053999749677522,AM1BCC,OpenEye,,,H,,16,[H:16][C:7]1([C:6]([C:5]([C:4]([C:9]([C:8]1([H:18])[H:19])([H:20])[H:21])([H:11])[C:2](=[O:1])[O:3][H:10])([H:12])[H:13])([H:14])[H:15])[H:17],8.0,7.0
16,0.04053999749677522,AM1BCC,OpenEye,,,H,,17,[H:16][C:7]1([C:6]([C:5]([C:4]([C:9]([C:8]1([H:18])[H:19])([H:20])[H:21])([H:11])[C:2](=[O:1])[O:3][H:10])([H:12])[H:13])([H:14])[H:15])[H:17],8.0,7.0
17,0.04540000004427774,AM1BCC,OpenEye,,,H,,18,[H:16][C:7]1([C:6]([C:5]([C:4]([C:9]([C:8]1([H:18])[H:19])([H:20])[H:21])([H:11])[C:2](=[O:1])[O:3][H:10])([H:12])[H:13])([H:14])[H:15])[H:17],8.0,7.0
18,0.04540000004427774,AM1BCC,OpenEye,,,H,,19,[H:16][C:7]1([C:6]([C:5]([C:4]([C:9]([C:8]1([H:18])[H:19])([H:20])[H:21])([H:11])[C:2](=[O:1])[O:3][H:10])([H:12])[H:13])([H:14])[H:15])[H:17],8.0,7.0
19,0.054389997252396176,AM1BCC,OpenEye,,,H,,20,[H:16][C:7]1([C:6]([C:5]([C:4]([C:9]([C:8]1([H:18])[H:19])([H:20])[H:21])([H:11])[C:2](=[O:1])[O:3][H:10])([H:12])[H:13])([H:14])[H:15])[H:17],8.0,7.0
20,0.054389997252396176,AM1BCC,OpenEye,,,H,,21,[H:16][C:7]1([C:6]([C:5]([C:4]([C:9]([C:8]1([H:18])[H:19])([H:20])[H:21])([H:11])[C:2](=[O:1])[O:3][H:10])([H:12])[H:13])([H:14])[H:15])[H:17],8.0,7.0
0,-0.5510476190476191,AM1BCC,AmberTools,,,O,,1,[H:16][C:7]1([C:6]([C:5]([C:4]([C:9]([C:8]1([H:18])[H:19])([H:20])[H:21])([H:11])[C:2](=[O:1])[O:3][H:10])([H:12])[H:13])([H:14])[H:15])[H:17],8.0,7.0
1,0.6350523809523809,AM1BCC,AmberTools,,,C,,2,[H:16][C:7]1([C:6]([C:5]([C:4]([C:9]([C:8]1([H:18])[H:19])([H:20])[H:21])([H:11])[C:2](=[O:1])[O:3][H:10])([H:12])[H:13])([H:14])[H:15])[H:17],8.0,7.0
2,-0.612147619047619,AM1BCC,AmberTools,,,O,,3,[H:16][C:7]1([C:6]([C:5]([C:4]([C:9]([C:8]1([H:18])[H:19])([H:20])[H:21])([H:11])[C:2](=[O:1])[O:3][H:10])([H:12])[H:13])([H:14])[H:15])[H:17],8.0,7.0
3,-0.10174761904761905,AM1BCC,AmberTools,,,C,,4,[H:16][C:7]1([C:6]([C:5]([C:4]([C:9]([C:8]1([H:18])[H:19])([H:20])[H:21])([H:11])[C:2](=[O:1])[O:3][H:10])([H:12])[H:13])([H:14])[H:15])[H:17],8.0,7.0
4,-0.07244761904761905,AM1BCC,AmberTools,,,C,,5,[H:16][C:7]1([C:6]([C:5]([C:4]([C:9]([C:8]1([H:18])[H:19])([H:20])[H:21])([H:11])[C:2](=[O:1])[O:3][H:10])([H:12])[H:13])([H:14])[H:15])[H:17],8.0,7.0
5,-0.07544761904761904,AM1BCC,AmberTools,,,C,,6,[H:16][C:7]1([C:6]([C:5]([C:4]([C:9]([C:8]1([H:18])[H:19])([H:20])[H:21])([H:11])[C:2](=[O:1])[O:3][H:10])([H:12])[H:13])([H:14])[H:15])[H:17],8.0,7.0
6,-0.07944761904761904,AM1BCC,AmberTools,,,C,,7,[H:16][C:7]1([C:6]([C:5]([C:4]([C:9]([C:8]1([H:18])[H:19])([H:20])[H:21])([H:11])[C:2](=[O:1])[O:3][H:10])([H:12])[H:13])([H:14])[H:15])[H:17],8.0,7.0
7,-0.07544761904761904,AM1BCC,AmberTools,,,C,,8,[H:16][C:7]1([C:6]([C:5]([C:4]([C:9]([C:8]1([H:18])[H:19])([H:20])[H:21])([H:11])[C:2](=[O:1])[O:3][H:10])([H:12])[H:13])([H:14])[H:15])[H:17],8.0,7.0
8,-0.07244761904761905,AM1BCC,AmberTools,,,C,,9,[H:16][C:7]1([C:6]([C:5]([C:4]([C:9]([C:8]1([H:18])[H:19])([H:20])[H:21])([H:11])[C:2](=[O:1])[O:3][H:10])([H:12])[H:13])([H:14])[H:15])[H:17],8.0,7.0
9,0.442952380952381,AM1BCC,AmberTools,,,H,,10,[H:16][C:7]1([C:6]([C:5]([C:4]([C:9]([C:8]1([H:18])[H:19])([H:20])[H:21])([H:11])[C:2](=[O:1])[O:3][H:10])([H:12])[H:13])([H:14])[H:15])[H:17],8.0,7.0
10,0.07965238095238095,AM1BCC,AmberTools,,,H,,11,[H:16][C:7]1([C:6]([C:5]([C:4]([C:9]([C:8]1([H:18])[H:19])([H:20])[H:21])([H:11])[C:2](=[O:1])[O:3][H:10])([H:12])[H:13])([H:14])[H:15])[H:17],8.0,7.0
11,0.056152380952380954,AM1BCC,AmberTools,,,H,,12,[H:16][C:7]1([C:6]([C:5]([C:4]([C:9]([C:8]1([H:18])[H:19])([H:20])[H:21])([H:11])[C:2](=[O:1])[O:3][H:10])([H:12])[H:13])([H:14])[H:15])[H:17],8.0,7.0
12,0.056152380952380954,AM1BCC,AmberTools,,,H,,13,[H:16][C:7]1([C:6]([C:5]([C:4]([C:9]([C:8]1([H:18])[H:19])([H:20])[H:21])([H:11])[C:2](=[O:1])[O:3][H:10])([H:12])[H:13])([H:14])[H:15])[H:17],8.0,7.0
13,0.04440238095238096,AM1BCC,AmberTools,,,H,,14,[H:16][C:7]1([C:6]([C:5]([C:4]([C:9]([C:8]1([H:18])[H:19])([H:20])[H:21])([H:11])[C:2](=[O:1])[O:3][H:10])([H:12])[H:13])([H:14])[H:15])[H:17],8.0,7.0
14,0.04440238095238096,AM1BCC,AmberTools,,,H,,15,[H:16][C:7]1([C:6]([C:5]([C:4]([C:9]([C:8]1([H:18])[H:19])([H:20])[H:21])([H:11])[C:2](=[O:1])[O:3][H:10])([H:12])[H:13])([H:14])[H:15])[H:17],8.0,7.0
15,0.04015238095238095,AM1BCC,AmberTools,,,H,,16,[H:16][C:7]1([C:6]([C:5]([C:4]([C:9]([C:8]1([H:18])[H:19])([H:20])[H:21])([H:11])[C:2](=[O:1])[O:3][H:10])([H:12])[H:13])([H:14])[H:15])[H:17],8.0,7.0
16,0.04015238095238095,AM1BCC,AmberTools,,,H,,17,[H:16][C:7]1([C:6]([C:5]([C:4]([C:9]([C:8]1([H:18])[H:19])([H:20])[H:21])([H:11])[C:2](=[O:1])[O:3][H:10])([H:12])[H:13])([H:14])[H:15])[H:17],8.0,7.0
17,0.04440238095238096,AM1BCC,AmberTools,,,H,,18,[H:16][C:7]1([C:6]([C:5]([C:4]([C:9]([C:8]1([H:18])[H:19])([H:20])[H:21])([H:11])[C:2](=[O:1])[O:3][H:10])([H:12])[H:13])([H:14])[H:15])[H:17],8.0,7.0
18,0.04440238095238096,AM1BCC,AmberTools,,,H,,19,[H:16][C:7]1([C:6]([C:5]([C:4]([C:9]([C:8]1([H:18])[H:19])([H:20])[H:21])([H:11])[C:2](=[O:1])[O:3][H:10])([H:12])[H:13])([H:14])[H:15])[H:17],8.0,7.0
19,0.056152380952380954,AM1BCC,AmberTools,,,H,,20,[H:16][C:7]1([C:6]([C:5]([C:4]([C:9]([C:8]1([H:18])[H:19])([H:20])[H:21])([H:11])[C:2](=[O:1])[O:3][H:10])([H:12])[H:13])([H:14])[H:15])[H:17],8.0,7.0
20,0.056152380952380954,AM1BCC,AmberTools,,,H,,21,[H:16][C:7]1([C:6]([C:5]([C:4]([C:9]([C:8]1([H:18])[H:19])([H:20])[H:21])([H:11])[C:2](=[O:1])[O:3][H:10])([H:12])[H:13])([H:14])[H:15])[H:17],8.0,7.0
0,-0.5526999841843333,AM1BCC,OpenEye,,,O,,1,[H:16][C:7]1([C:6]([C:5]([C:4]([C:9]([C:8]1([H:18])[H:19])([H:20])[H:21])([H:11])[C:2](=[O:1])[O:3][H:10])([H:12])[H:13])([H:14])[H:15])[H:17],8.0,8.0
1,0.6324200023497853,AM1BCC,OpenEye,,,C,,2,[H:16][C:7]1([C:6]([C:5]([C:4]([C:9]([C:8]1([H:18])[H:19])([H:20])[H:21])([H:11])[C:2](=[O:1])[O:3][H:10])([H:12])[H:13])([H:14])[H:15])[H:17],8.0,8.0
2,-0.6015700112496104,AM1BCC,OpenEye,,,O,,3,[H:16][C:7]1([C:6]([C:5]([C:4]([C:9]([C:8]1([H:18])[H:19])([H:20])[H:21])([H:11])[C:2](=[O:1])[O:3][H:10])([H:12])[H:13])([H:14])[H:15])[H:17],8.0,8.0
3,-0.10513000296694892,AM1BCC,OpenEye,,,C,,4,[H:16][C:7]1([C:6]([C:5]([C:4]([C:9]([C:8]1([H:18])[H:19])([H:20])[H:21])([H:11])[C:2](=[O:1])[O:3][H:10])([H:12])[H:13])([H:14])[H:15])[H:17],8.0,8.0
4,-0.07029000031096595,AM1BCC,OpenEye,,,C,,5,[H:16][C:7]1([C:6]([C:5]([C:4]([C:9]([C:8]1([H:18])[H:19])([H:20])[H:21])([H:11])[C:2](=[O:1])[O:3][H:10])([H:12])[H:13])([H:14])[H:15])[H:17],8.0,8.0
5,-0.07684999810797828,AM1BCC,OpenEye,,,C,,6,[H:16][C:7]1([C:6]([C:5]([C:4]([C:9]([C:8]1([H:18])[H:19])([H:20])[H:21])([H:11])[C:2](=[O:1])[O:3][H:10])([H:12])[H:13])([H:14])[H:15])[H:17],8.0,8.0
6,-0.07960999863488334,AM1BCC,OpenEye,,,C,,7,[H:16][C:7]1([C:6]([C:5]([C:4]([C:9]([C:8]1([H:18])[H:19])([H:20])[H:21])([H:11])[C:2](=[O:1])[O:3][H:10])([H:12])[H:13])([H:14])[H:15])[H:17],8.0,8.0
7,-0.07684999810797828,AM1BCC,OpenEye,,,C,,8,[H:16][C:7]1([C:6]([C:5]([C:4]([C:9]([C:8]1([H:18])[H:19])([H:20])[H:21])([H:11])[C:2](=[O:1])[O:3][H:10])([H:12])[H:13])([H:14])[H:15])[H:17],8.0,8.0
8,-0.07029000031096595,AM1BCC,OpenEye,,,C,,9,[H:16][C:7]1([C:6]([C:5]([C:4]([C:9]([C:8]1([H:18])[H:19])([H:20])[H:21])([H:11])[C:2](=[O:1])[O:3][H:10])([H:12])[H:13])([H:14])[H:15])[H:17],8.0,8.0
9,0.4424900103892599,AM1BCC,OpenEye,,,H,,10,[H:16][C:7]1([C:6]([C:5]([C:4]([C:9]([C:8]1([H:18])[H:19])([H:20])[H:21])([H:11])[C:2](=[O:1])[O:3][H:10])([H:12])[H:13])([H:14])[H:15])[H:17],8.0,8.0
10,0.07813999695437295,AM1BCC,OpenEye,,,H,,11,[H:16][C:7]1([C:6]([C:5]([C:4]([C:9]([C:8]1([H:18])[H:19])([H:20])[H:21])([H:11])[C:2](=[O:1])[O:3][H:10])([H:12])[H:13])([H:14])[H:15])[H:17],8.0,8.0
11,0.054389997252396176,AM1BCC,OpenEye,,,H,,12,[H:16][C:7]1([C:6]([C:5]([C:4]([C:9]([C:8]1([H:18])[H:19])([H:20])[H:21])([H:11])[C:2](=[O:1])[O:3][H:10])([H:12])[H:13])([H:14])[H:15])[H:17],8.0,8.0
12,0.054389997252396176,AM1BCC,OpenEye,,,H,,13,[H:16][C:7]1([C:6]([C:5]([C:4]([C:9]([C:8]1([H:18])[H:19])([H:20])[H:21])([H:11])[C:2](=[O:1])[O:3][H:10])([H:12])[H:13])([H:14])[H:15])[H:17],8.0,8.0
13,0.04540000004427774,AM1BCC,OpenEye,,,H,,14,[H:16][C:7]1([C:6]([C:5]([C:4]([C:9]([C:8]1([H:18])[H:19])([H:20])[H:21])([H:11])[C:2](=[O:1])[O:3][H:10])([H:12])[H:13])([H:14])[H:15])[H:17],8.0,8.0
14,0.04540000004427774,AM1BCC,OpenEye,,,H,,15,[H:16][C:7]1([C:6]([C:5]([C:4]([C:9]([C:8]1([H:18])[H:19])([H:20])[H:21])([H:11])[C:2](=[O:1])[O:3][H:10])([H:12])[H:13])([H:14])[H:15])[H:17],8.0,8.0
15,0.04053999749677522,AM1BCC,OpenEye,,,H,,16,[H:16][C:7]1([C:6]([C:5]([C:4]([C:9]([C:8]1([H:18])[H:19])([H:20])[H:21])([H:11])[C:2](=[O:1])[O:3][H:10])([H:12])[H:13])([H:14])[H:15])[H:17],8.0,8.0
16,0.04053999749677522,AM1BCC,OpenEye,,,H,,17,[H:16][C:7]1([C:6]([C:5]([C:4]([C:9]([C:8]1([H:18])[H:19])([H:20])[H:21])([H:11])[C:2](=[O:1])[O:3][H:10])([H:12])[H:13])([H:14])[H:15])[H:17],8.0,8.0
17,0.04540000004427774,AM1BCC,OpenEye,,,H,,18,[H:16][C:7]1([C:6]([C:5]([C:4]([C:9]([C:8]1([H:18])[H:19])([H:20])[H:21])([H:11])[C:2](=[O:1])[O:3][H:10])([H:12])[H:13])([H:14])[H:15])[H:17],8.0,8.0
18,0.04540000004427774,AM1BCC,OpenEye,,,H,,19,[H:16][C:7]1([C:6]([C:5]([C:4]([C:9]([C:8]1([H:18])[H:19])([H:20])[H:21])([H:11])[C:2](=[O:1])[O:3][H:10])([H:12])[H:13])([H:14])[H:15])[H:17],8.0,8.0
19,0.054389997252396176,AM1BCC,OpenEye,,,H,,20,[H:16][C:7]1([C:6]([C:5]([C:4]([C:9]([C:8]1([H:18])[H:19])([H:20])[H:21])([H:11])[C:2](=[O:1])[O:3][H:10])([H:12])[H:13])([H:14])[H:15])[H:17],8.0,8.0
20,0.054389997252396176,AM1BCC,OpenEye,,,H,,21,[H:16][C:7]1([C:6]([C:5]([C:4]([C:9]([C:8]1([H:18])[H:19])([H:20])[H:21])([H:11])[C:2](=[O:1])[O:3][H:10])([H:12])[H:13])([H:14])[H:15])[H:17],8.0,8.0
0,-0.5510476190476191,AM1BCC,AmberTools,,,O,,1,[H:16][C:7]1([C:6]([C:5]([C:4]([C:9]([C:8]1([H:18])[H:19])([H:20])[H:21])([H:11])[C:2](=[O:1])[O:3][H:10])([H:12])[H:13])([H:14])[H:15])[H:17],8.0,8.0
1,0.6350523809523809,AM1BCC,AmberTools,,,C,,2,[H:16][C:7]1([C:6]([C:5]([C:4]([C:9]([C:8]1([H:18])[H:19])([H:20])[H:21])([H:11])[C:2](=[O:1])[O:3][H:10])([H:12])[H:13])([H:14])[H:15])[H:17],8.0,8.0
2,-0.612147619047619,AM1BCC,AmberTools,,,O,,3,[H:16][C:7]1([C:6]([C:5]([C:4]([C:9]([C:8]1([H:18])[H:19])([H:20])[H:21])([H:11])[C:2](=[O:1])[O:3][H:10])([H:12])[H:13])([H:14])[H:15])[H:17],8.0,8.0
3,-0.10174761904761905,AM1BCC,AmberTools,,,C,,4,[H:16][C:7]1([C:6]([C:5]([C:4]([C:9]([C:8]1([H:18])[H:19])([H:20])[H:21])([H:11])[C:2](=[O:1])[O:3][H:10])([H:12])[H:13])([H:14])[H:15])[H:17],8.0,8.0
4,-0.07244761904761905,AM1BCC,AmberTools,,,C,,5,[H:16][C:7]1([C:6]([C:5]([C:4]([C:9]([C:8]1([H:18])[H:19])([H:20])[H:21])([H:11])[C:2](=[O:1])[O:3][H:10])([H:12])[H:13])([H:14])[H:15])[H:17],8.0,8.0
5,-0.07544761904761904,AM1BCC,AmberTools,,,C,,6,[H:16][C:7]1([C:6]([C:5]([C:4]([C:9]([C:8]1([H:18])[H:19])([H:20])[H:21])([H:11])[C:2](=[O:1])[O:3][H:10])([H:12])[H:13])([H:14])[H:15])[H:17],8.0,8.0
6,-0.07944761904761904,AM1BCC,AmberTools,,,C,,7,[H:16][C:7]1([C:6]([C:5]([C:4]([C:9]([C:8]1([H:18])[H:19])([H:20])[H:21])([H:11])[C:2](=[O:1])[O:3][H:10])([H:12])[H:13])([H:14])[H:15])[H:17],8.0,8.0
7,-0.07544761904761904,AM1BCC,AmberTools,,,C,,8,[H:16][C:7]1([C:6]([C:5]([C:4]([C:9]([C:8]1([H:18])[H:19])([H:20])[H:21])([H:11])[C:2](=[O:1])[O:3][H:10])([H:12])[H:13])([H:14])[H:15])[H:17],8.0,8.0
8,-0.07244761904761905,AM1BCC,AmberTools,,,C,,9,[H:16][C:7]1([C:6]([C:5]([C:4]([C:9]([C:8]1([H:18])[H:19])([H:20])[H:21])([H:11])[C:2](=[O:1])[O:3][H:10])([H:12])[H:13])([H:14])[H:15])[H:17],8.0,8.0
9,0.442952380952381,AM1BCC,AmberTools,,,H,,10,[H:16][C:7]1([C:6]([C:5]([C:4]([C:9]([C:8]1([H:18])[H:19])([H:20])[H:21])([H:11])[C:2](=[O:1])[O:3][H:10])([H:12])[H:13])([H:14])[H:15])[H:17],8.0,8.0
10,0.07965238095238095,AM1BCC,AmberTools,,,H,,11,[H:16][C:7]1([C:6]([C:5]([C:4]([C:9]([C:8]1([H:18])[H:19])([H:20])[H:21])([H:11])[C:2](=[O:1])[O:3][H:10])([H:12])[H:13])([H:14])[H:15])[H:17],8.0,8.0
11,0.056152380952380954,AM1BCC,AmberTools,,,H,,12,[H:16][C:7]1([C:6]([C:5]([C:4]([C:9]([C:8]1([H:18])[H:19])([H:20])[H:21])([H:11])[C:2](=[O:1])[O:3][H:10])([H:12])[H:13])([H:14])[H:15])[H:17],8.0,8.0
12,0.056152380952380954,AM1BCC,AmberTools,,,H,,13,[H:16][C:7]1([C:6]([C:5]([C:4]([C:9]([C:8]1([H:18])[H:19])([H:20])[H:21])([H:11])[C:2](=[O:1])[O:3][H:10])([H:12])[H:13])([H:14])[H:15])[H:17],8.0,8.0
13,0.04440238095238096,AM1BCC,AmberTools,,,H,,14,[H:16][C:7]1([C:6]([C:5]([C:4]([C:9]([C:8]1([H:18])[H:19])([H:20])[H:21])([H:11])[C:2](=[O:1])[O:3][H:10])([H:12])[H:13])([H:14])[H:15])[H:17],8.0,8.0
14,0.04440238095238096,AM1BCC,AmberTools,,,H,,15,[H:16][C:7]1([C:6]([C:5]([C:4]([C:9]([C:8]1([H:18])[H:19])([H:20])[H:21])([H:11])[C:2](=[O:1])[O:3][H:10])([H:12])[H:13])([H:14])[H:15])[H:17],8.0,8.0
15,0.04015238095238095,AM1BCC,AmberTools,,,H,,16,[H:16][C:7]1([C:6]([C:5]([C:4]([C:9]([C:8]1([H:18])[H:19])([H:20])[H:21])([H:11])[C:2](=[O:1])[O:3][H:10])([H:12])[H:13])([H:14])[H:15])[H:17],8.0,8.0
16,0.04015238095238095,AM1BCC,AmberTools,,,H,,17,[H:16][C:7]1([C:6]([C:5]([C:4]([C:9]([C:8]1([H:18])[H:19])([H:20])[H:21])([H:11])[C:2](=[O:1])[O:3][H:10])([H:12])[H:13])([H:14])[H:15])[H:17],8.0,8.0
17,0.04440238095238096,AM1BCC,AmberTools,,,H,,18,[H:16][C:7]1([C:6]([C:5]([C:4]([C:9]([C:8]1([H:18])[H:19])([H:20])[H:21])([H:11])[C:2](=[O:1])[O:3][H:10])([H:12])[H:13])([H:14])[H:15])[H:17],8.0,8.0
18,0.04440238095238096,AM1BCC,AmberTools,,,H,,19,[H:16][C:7]1([C:6]([C:5]([C:4]([C:9]([C:8]1([H:18])[H:19])([H:20])[H:21])([H:11])[C:2](=[O:1])[O:3][H:10])([H:12])[H:13])([H:14])[H:15])[H:17],8.0,8.0
19,0.056152380952380954,AM1BCC,AmberTools,,,H,,20,[H:16][C:7]1([C:6]([C:5]([C:4]([C:9]([C:8]1([H:18])[H:19])([H:20])[H:21])([H:11])[C:2](=[O:1])[O:3][H:10])([H:12])[H:13])([H:14])[H:15])[H:17],8.0,8.0
20,0.056152380952380954,AM1BCC,AmberTools,,,H,,21,[H:16][C:7]1([C:6]([C:5]([C:4]([C:9]([C:8]1([H:18])[H:19])([H:20])[H:21])([H:11])[C:2](=[O:1])[O:3][H:10])([H:12])[H:13])([H:14])[H:15])[H:17],8.0,8.0
0,-0.5526999841843333,AM1BCC,OpenEye,,,O,,1,[H:16][C:7]1([C:6]([C:5]([C:4]([C:9]([C:8]1([H:18])[H:19])([H:20])[H:21])([H:11])[C:2](=[O:1])[O:3][H:10])([H:12])[H:13])([H:14])[H:15])[H:17],8.0,9.0
1,0.6324200023497853,AM1BCC,OpenEye,,,C,,2,[H:16][C:7]1([C:6]([C:5]([C:4]([C:9]([C:8]1([H:18])[H:19])([H:20])[H:21])([H:11])[C:2](=[O:1])[O:3][H:10])([H:12])[H:13])([H:14])[H:15])[H:17],8.0,9.0
2,-0.6015700112496104,AM1BCC,OpenEye,,,O,,3,[H:16][C:7]1([C:6]([C:5]([C:4]([C:9]([C:8]1([H:18])[H:19])([H:20])[H:21])([H:11])[C:2](=[O:1])[O:3][H:10])([H:12])[H:13])([H:14])[H:15])[H:17],8.0,9.0
3,-0.10513000296694892,AM1BCC,OpenEye,,,C,,4,[H:16][C:7]1([C:6]([C:5]([C:4]([C:9]([C:8]1([H:18])[H:19])([H:20])[H:21])([H:11])[C:2](=[O:1])[O:3][H:10])([H:12])[H:13])([H:14])[H:15])[H:17],8.0,9.0
4,-0.07029000031096595,AM1BCC,OpenEye,,,C,,5,[H:16][C:7]1([C:6]([C:5]([C:4]([C:9]([C:8]1([H:18])[H:19])([H:20])[H:21])([H:11])[C:2](=[O:1])[O:3][H:10])([H:12])[H:13])([H:14])[H:15])[H:17],8.0,9.0
5,-0.07684999810797828,AM1BCC,OpenEye,,,C,,6,[H:16][C:7]1([C:6]([C:5]([C:4]([C:9]([C:8]1([H:18])[H:19])([H:20])[H:21])([H:11])[C:2](=[O:1])[O:3][H:10])([H:12])[H:13])([H:14])[H:15])[H:17],8.0,9.0
6,-0.07960999863488334,AM1BCC,OpenEye,,,C,,7,[H:16][C:7]1([C:6]([C:5]([C:4]([C:9]([C:8]1([H:18])[H:19])([H:20])[H:21])([H:11])[C:2](=[O:1])[O:3][H:10])([H:12])[H:13])([H:14])[H:15])[H:17],8.0,9.0
7,-0.07684999810797828,AM1BCC,OpenEye,,,C,,8,[H:16][C:7]1([C:6]([C:5]([C:4]([C:9]([C:8]1([H:18])[H:19])([H:20])[H:21])([H:11])[C:2](=[O:1])[O:3][H:10])([H:12])[H:13])([H:14])[H:15])[H:17],8.0,9.0
8,-0.07029000031096595,AM1BCC,OpenEye,,,C,,9,[H:16][C:7]1([C:6]([C:5]([C:4]([C:9]([C:8]1([H:18])[H:19])([H:20])[H:21])([H:11])[C:2](=[O:1])[O:3][H:10])([H:12])[H:13])([H:14])[H:15])[H:17],8.0,9.0
9,0.4424900103892599,AM1BCC,OpenEye,,,H,,10,[H:16][C:7]1([C:6]([C:5]([C:4]([C:9]([C:8]1([H:18])[H:19])([H:20])[H:21])([H:11])[C:2](=[O:1])[O:3][H:10])([H:12])[H:13])([H:14])[H:15])[H:17],8.0,9.0
10,0.07813999695437295,AM1BCC,OpenEye,,,H,,11,[H:16][C:7]1([C:6]([C:5]([C:4]([C:9]([C:8]1([H:18])[H:19])([H:20])[H:21])([H:11])[C:2](=[O:1])[O:3][H:10])([H:12])[H:13])([H:14])[H:15])[H:17],8.0,9.0
11,0.054389997252396176,AM1BCC,OpenEye,,,H,,12,[H:16][C:7]1([C:6]([C:5]([C:4]([C:9]([C:8]1([H:18])[H:19])([H:20])[H:21])([H:11])[C:2](=[O:1])[O:3][H:10])([H:12])[H:13])([H:14])[H:15])[H:17],8.0,9.0
12,0.054389997252396176,AM1BCC,OpenEye,,,H,,13,[H:16][C:7]1([C:6]([C:5]([C:4]([C:9]([C:8]1([H:18])[H:19])([H:20])[H:21])([H:11])[C:2](=[O:1])[O:3][H:10])([H:12])[H:13])([H:14])[H:15])[H:17],8.0,9.0
13,0.04540000004427774,AM1BCC,OpenEye,,,H,,14,[H:16][C:7]1([C:6]([C:5]([C:4]([C:9]([C:8]1([H:18])[H:19])([H:20])[H:21])([H:11])[C:2](=[O:1])[O:3][H:10])([H:12])[H:13])([H:14])[H:15])[H:17],8.0,9.0
14,0.04540000004427774,AM1BCC,OpenEye,,,H,,15,[H:16][C:7]1([C:6]([C:5]([C:4]([C:9]([C:8]1([H:18])[H:19])([H:20])[H:21])([H:11])[C:2](=[O:1])[O:3][H:10])([H:12])[H:13])([H:14])[H:15])[H:17],8.0,9.0
15,0.04053999749677522,AM1BCC,OpenEye,,,H,,16,[H:16][C:7]1([C:6]([C:5]([C:4]([C:9]([C:8]1([H:18])[H:19])([H:20])[H:21])([H:11])[C:2](=[O:1])[O:3][H:10])([H:12])[H:13])([H:14])[H:15])[H:17],8.0,9.0
16,0.04053999749677522,AM1BCC,OpenEye,,,H,,17,[H:16][C:7]1([C:6]([C:5]([C:4]([C:9]([C:8]1([H:18])[H:19])([H:20])[H:21])([H:11])[C:2](=[O:1])[O:3][H:10])([H:12])[H:13])([H:14])[H:15])[H:17],8.0,9.0
17,0.04540000004427774,AM1BCC,OpenEye,,,H,,18,[H:16][C:7]1([C:6]([C:5]([C:4]([C:9]([C:8]1([H:18])[H:19])([H:20])[H:21])([H:11])[C:2](=[O:1])[O:3][H:10])([H:12])[H:13])([H:14])[H:15])[H:17],8.0,9.0
18,0.04540000004427774,AM1BCC,OpenEye,,,H,,19,[H:16][C:7]1([C:6]([C:5]([C:4]([C:9]([C:8]1([H:18])[H:19])([H:20])[H:21])([H:11])[C:2](=[O:1])[O:3][H:10])([H:12])[H:13])([H:14])[H:15])[H:17],8.0,9.0
19,0.054389997252396176,AM1BCC,OpenEye,,,H,,20,[H:16][C:7]1([C:6]([C:5]([C:4]([C:9]([C:8]1([H:18])[H:19])([H:20])[H:21])([H:11])[C:2](=[O:1])[O:3][H:10])([H:12])[H:13])([H:14])[H:15])[H:17],8.0,9.0
20,0.054389997252396176,AM1BCC,OpenEye,,,H,,21,[H:16][C:7]1([C:6]([C:5]([C:4]([C:9]([C:8]1([H:18])[H:19])([H:20])[H:21])([H:11])[C:2](=[O:1])[O:3][H:10])([H:12])[H:13])([H:14])[H:15])[H:17],8.0,9.0
0,-0.5510476190476191,AM1BCC,AmberTools,,,O,,1,[H:16][C:7]1([C:6]([C:5]([C:4]([C:9]([C:8]1([H:18])[H:19])([H:20])[H:21])([H:11])[C:2](=[O:1])[O:3][H:10])([H:12])[H:13])([H:14])[H:15])[H:17],8.0,9.0
1,0.6350523809523809,AM1BCC,AmberTools,,,C,,2,[H:16][C:7]1([C:6]([C:5]([C:4]([C:9]([C:8]1([H:18])[H:19])([H:20])[H:21])([H:11])[C:2](=[O:1])[O:3][H:10])([H:12])[H:13])([H:14])[H:15])[H:17],8.0,9.0
2,-0.612147619047619,AM1BCC,AmberTools,,,O,,3,[H:16][C:7]1([C:6]([C:5]([C:4]([C:9]([C:8]1([H:18])[H:19])([H:20])[H:21])([H:11])[C:2](=[O:1])[O:3][H:10])([H:12])[H:13])([H:14])[H:15])[H:17],8.0,9.0
3,-0.10174761904761905,AM1BCC,AmberTools,,,C,,4,[H:16][C:7]1([C:6]([C:5]([C:4]([C:9]([C:8]1([H:18])[H:19])([H:20])[H:21])([H:11])[C:2](=[O:1])[O:3][H:10])([H:12])[H:13])([H:14])[H:15])[H:17],8.0,9.0
4,-0.07244761904761905,AM1BCC,AmberTools,,,C,,5,[H:16][C:7]1([C:6]([C:5]([C:4]([C:9]([C:8]1([H:18])[H:19])([H:20])[H:21])([H:11])[C:2](=[O:1])[O:3][H:10])([H:12])[H:13])([H:14])[H:15])[H:17],8.0,9.0
5,-0.07544761904761904,AM1BCC,AmberTools,,,C,,6,[H:16][C:7]1([C:6]([C:5]([C:4]([C:9]([C:8]1([H:18])[H:19])([H:20])[H:21])([H:11])[C:2](=[O:1])[O:3][H:10])([H:12])[H:13])([H:14])[H:15])[H:17],8.0,9.0
6,-0.07944761904761904,AM1BCC,AmberTools,,,C,,7,[H:16][C:7]1([C:6]([C:5]([C:4]([C:9]([C:8]1([H:18])[H:19])([H:20])[H:21])([H:11])[C:2](=[O:1])[O:3][H:10])([H:12])[H:13])([H:14])[H:15])[H:17],8.0,9.0
7,-0.07544761904761904,AM1BCC,AmberTools,,,C,,8,[H:16][C:7]1([C:6]([C:5]([C:4]([C:9]([C:8]1([H:18])[H:19])([H:20])[H:21])([H:11])[C:2](=[O:1])[O:3][H:10])([H:12])[H:13])([H:14])[H:15])[H:17],8.0,9.0
8,-0.07244761904761905,AM1BCC,AmberTools,,,C,,9,[H:16][C:7]1([C:6]([C:5]([C:4]([C:9]([C:8]1([H:18])[H:19])([H:20])[H:21])([H:11])[C:2](=[O:1])[O:3][H:10])([H:12])[H:13])([H:14])[H:15])[H:17],8.0,9.0
9,0.442952380952381,AM1BCC,AmberTools,,,H,,10,[H:16][C:7]1([C:6]([C:5]([C:4]([C:9]([C:8]1([H:18])[H:19])([H:20])[H:21])([H:11])[C:2](=[O:1])[O:3][H:10])([H:12])[H:13])([H:14])[H:15])[H:17],8.0,9.0
10,0.07965238095238095,AM1BCC,AmberTools,,,H,,11,[H:16][C:7]1([C:6]([C:5]([C:4]([C:9]([C:8]1([H:18])[H:19])([H:20])[H:21])([H:11])[C:2](=[O:1])[O:3][H:10])([H:12])[H:13])([H:14])[H:15])[H:17],8.0,9.0
11,0.056152380952380954,AM1BCC,AmberTools,,,H,,12,[H:16][C:7]1([C:6]([C:5]([C:4]([C:9]([C:8]1([H:18])[H:19])([H:20])[H:21])([H:11])[C:2](=[O:1])[O:3][H:10])([H:12])[H:13])([H:14])[H:15])[H:17],8.0,9.0
12,0.056152380952380954,AM1BCC,AmberTools,,,H,,13,[H:16][C:7]1([C:6]([C:5]([C:4]([C:9]([C:8]1([H:18])[H:19])([H:20])[H:21])([H:11])[C:2](=[O:1])[O:3][H:10])([H:12])[H:13])([H:14])[H:15])[H:17],8.0,9.0
13,0.04440238095238096,AM1BCC,AmberTools,,,H,,14,[H:16][C:7]1([C:6]([C:5]([C:4]([C:9]([C:8]1([H:18])[H:19])([H:20])[H:21])([H:11])[C:2](=[O:1])[O:3][H:10])([H:12])[H:13])([H:14])[H:15])[H:17],8.0,9.0
14,0.04440238095238096,AM1BCC,AmberTools,,,H,,15,[H:16][C:7]1([C:6]([C:5]([C:4]([C:9]([C:8]1([H:18])[H:19])([H:20])[H:21])([H:11])[C:2](=[O:1])[O:3][H:10])([H:12])[H:13])([H:14])[H:15])[H:17],8.0,9.0
15,0.04015238095238095,AM1BCC,AmberTools,,,H,,16,[H:16][C:7]1([C:6]([C:5]([C:4]([C:9]([C:8]1([H:18])[H:19])([H:20])[H:21])([H:11])[C:2](=[O:1])[O:3][H:10])([H:12])[H:13])([H:14])[H:15])[H:17],8.0,9.0
16,0.04015238095238095,AM1BCC,AmberTools,,,H,,17,[H:16][C:7]1([C:6]([C:5]([C:4]([C:9]([C:8]1([H:18])[H:19])([H:20])[H:21])([H:11])[C:2](=[O:1])[O:3][H:10])([H:12])[H:13])([H:14])[H:15])[H:17],8.0,9.0
17,0.04440238095238096,AM1BCC,AmberTools,,,H,,18,[H:16][C:7]1([C:6]([C:5]([C:4]([C:9]([C:8]1([H:18])[H:19])([H:20])[H:21])([H:11])[C:2](=[O:1])[O:3][H:10])([H:12])[H:13])([H:14])[H:15])[H:17],8.0,9.0
18,0.04440238095238096,AM1BCC,AmberTools,,,H,,19,[H:16][C:7]1([C:6]([C:5]([C:4]([C:9]([C:8]1([H:18])[H:19])([H:20])[H:21])([H:11])[C:2](=[O:1])[O:3][H:10])([H:12])[H:13])([H:14])[H:15])[H:17],8.0,9.0
19,0.056152380952380954,AM1BCC,AmberTools,,,H,,20,[H:16][C:7]1([C:6]([C:5]([C:4]([C:9]([C:8]1([H:18])[H:19])([H:20])[H:21])([H:11])[C:2](=[O:1])[O:3][H:10])([H:12])[H:13])([H:14])[H:15])[H:17],8.0,9.0
20,0.056152380952380954,AM1BCC,AmberTools,,,H,,21,[H:16][C:7]1([C:6]([C:5]([C:4]([C:9]([C:8]1([H:18])[H:19])([H:20])[H:21])([H:11])[C:2](=[O:1])[O:3][H:10])([H:12])[H:13])([H:14])[H:15])[H:17],8.0,9.0
0,-0.5526999841843333,AM1BCC,OpenEye,,,O,,1,[H:16][C:7]1([C:6]([C:5]([C:4]([C:9]([C:8]1([H:18])[H:19])([H:20])[H:21])([H:11])[C:2](=[O:1])[O:3][H:10])([H:12])[H:13])([H:14])[H:15])[H:17],8.0,10.0
1,0.6324200023497853,AM1BCC,OpenEye,,,C,,2,[H:16][C:7]1([C:6]([C:5]([C:4]([C:9]([C:8]1([H:18])[H:19])([H:20])[H:21])([H:11])[C:2](=[O:1])[O:3][H:10])([H:12])[H:13])([H:14])[H:15])[H:17],8.0,10.0
2,-0.6015700112496104,AM1BCC,OpenEye,,,O,,3,[H:16][C:7]1([C:6]([C:5]([C:4]([C:9]([C:8]1([H:18])[H:19])([H:20])[H:21])([H:11])[C:2](=[O:1])[O:3][H:10])([H:12])[H:13])([H:14])[H:15])[H:17],8.0,10.0
3,-0.10513000296694892,AM1BCC,OpenEye,,,C,,4,[H:16][C:7]1([C:6]([C:5]([C:4]([C:9]([C:8]1([H:18])[H:19])([H:20])[H:21])([H:11])[C:2](=[O:1])[O:3][H:10])([H:12])[H:13])([H:14])[H:15])[H:17],8.0,10.0
4,-0.07029000031096595,AM1BCC,OpenEye,,,C,,5,[H:16][C:7]1([C:6]([C:5]([C:4]([C:9]([C:8]1([H:18])[H:19])([H:20])[H:21])([H:11])[C:2](=[O:1])[O:3][H:10])([H:12])[H:13])([H:14])[H:15])[H:17],8.0,10.0
5,-0.07684999810797828,AM1BCC,OpenEye,,,C,,6,[H:16][C:7]1([C:6]([C:5]([C:4]([C:9]([C:8]1([H:18])[H:19])([H:20])[H:21])([H:11])[C:2](=[O:1])[O:3][H:10])([H:12])[H:13])([H:14])[H:15])[H:17],8.0,10.0
6,-0.07960999863488334,AM1BCC,OpenEye,,,C,,7,[H:16][C:7]1([C:6]([C:5]([C:4]([C:9]([C:8]1([H:18])[H:19])([H:20])[H:21])([H:11])[C:2](=[O:1])[O:3][H:10])([H:12])[H:13])([H:14])[H:15])[H:17],8.0,10.0
7,-0.07684999810797828,AM1BCC,OpenEye,,,C,,8,[H:16][C:7]1([C:6]([C:5]([C:4]([C:9]([C:8]1([H:18])[H:19])([H:20])[H:21])([H:11])[C:2](=[O:1])[O:3][H:10])([H:12])[H:13])([H:14])[H:15])[H:17],8.0,10.0
8,-0.07029000031096595,AM1BCC,OpenEye,,,C,,9,[H:16][C:7]1([C:6]([C:5]([C:4]([C:9]([C:8]1([H:18])[H:19])([H:20])[H:21])([H:11])[C:2](=[O:1])[O:3][H:10])([H:12])[H:13])([H:14])[H:15])[H:17],8.0,10.0
9,0.4424900103892599,AM1BCC,OpenEye,,,H,,10,[H:16][C:7]1([C:6]([C:5]([C:4]([C:9]([C:8]1([H:18])[H:19])([H:20])[H:21])([H:11])[C:2](=[O:1])[O:3][H:10])([H:12])[H:13])([H:14])[H:15])[H:17],8.0,10.0
10,0.07813999695437295,AM1BCC,OpenEye,,,H,,11,[H:16][C:7]1([C:6]([C:5]([C:4]([C:9]([C:8]1([H:18])[H:19])([H:20])[H:21])([H:11])[C:2](=[O:1])[O:3][H:10])([H:12])[H:13])([H:14])[H:15])[H:17],8.0,10.0
11,0.054389997252396176,AM1BCC,OpenEye,,,H,,12,[H:16][C:7]1([C:6]([C:5]([C:4]([C:9]([C:8]1([H:18])[H:19])([H:20])[H:21])([H:11])[C:2](=[O:1])[O:3][H:10])([H:12])[H:13])([H:14])[H:15])[H:17],8.0,10.0
12,0.054389997252396176,AM1BCC,OpenEye,,,H,,13,[H:16][C:7]1([C:6]([C:5]([C:4]([C:9]([C:8]1([H:18])[H:19])([H:20])[H:21])([H:11])[C:2](=[O:1])[O:3][H:10])([H:12])[H:13])([H:14])[H:15])[H:17],8.0,10.0
13,0.04540000004427774,AM1BCC,OpenEye,,,H,,14,[H:16][C:7]1([C:6]([C:5]([C:4]([C:9]([C:8]1([H:18])[H:19])([H:20])[H:21])([H:11])[C:2](=[O:1])[O:3][H:10])([H:12])[H:13])([H:14])[H:15])[H:17],8.0,10.0
14,0.04540000004427774,AM1BCC,OpenEye,,,H,,15,[H:16][C:7]1([C:6]([C:5]([C:4]([C:9]([C:8]1([H:18])[H:19])([H:20])[H:21])([H:11])[C:2](=[O:1])[O:3][H:10])([H:12])[H:13])([H:14])[H:15])[H:17],8.0,10.0
15,0.04053999749677522,AM1BCC,OpenEye,,,H,,16,[H:16][C:7]1([C:6]([C:5]([C:4]([C:9]([C:8]1([H:18])[H:19])([H:20])[H:21])([H:11])[C:2](=[O:1])[O:3][H:10])([H:12])[H:13])([H:14])[H:15])[H:17],8.0,10.0
16,0.04053999749677522,AM1BCC,OpenEye,,,H,,17,[H:16][C:7]1([C:6]([C:5]([C:4]([C:9]([C:8]1([H:18])[H:19])([H:20])[H:21])([H:11])[C:2](=[O:1])[O:3][H:10])([H:12])[H:13])([H:14])[H:15])[H:17],8.0,10.0
17,0.04540000004427774,AM1BCC,OpenEye,,,H,,18,[H:16][C:7]1([C:6]([C:5]([C:4]([C:9]([C:8]1([H:18])[H:19])([H:20])[H:21])([H:11])[C:2](=[O:1])[O:3][H:10])([H:12])[H:13])([H:14])[H:15])[H:17],8.0,10.0
18,0.04540000004427774,AM1BCC,OpenEye,,,H,,19,[H:16][C:7]1([C:6]([C:5]([C:4]([C:9]([C:8]1([H:18])[H:19])([H:20])[H:21])([H:11])[C:2](=[O:1])[O:3][H:10])([H:12])[H:13])([H:14])[H:15])[H:17],8.0,10.0
19,0.054389997252396176,AM1BCC,OpenEye,,,H,,20,[H:16][C:7]1([C:6]([C:5]([C:4]([C:9]([C:8]1([H:18])[H:19])([H:20])[H:21])([H:11])[C:2](=[O:1])[O:3][H:10])([H:12])[H:13])([H:14])[H:15])[H:17],8.0,10.0
20,0.054389997252396176,AM1BCC,OpenEye,,,H,,21,[H:16][C:7]1([C:6]([C:5]([C:4]([C:9]([C:8]1([H:18])[H:19])([H:20])[H:21])([H:11])[C:2](=[O:1])[O:3][H:10])([H:12])[H:13])([H:14])[H:15])[H:17],8.0,10.0
0,-0.5510476190476191,AM1BCC,AmberTools,,,O,,1,[H:16][C:7]1([C:6]([C:5]([C:4]([C:9]([C:8]1([H:18])[H:19])([H:20])[H:21])([H:11])[C:2](=[O:1])[O:3][H:10])([H:12])[H:13])([H:14])[H:15])[H:17],8.0,10.0
1,0.6350523809523809,AM1BCC,AmberTools,,,C,,2,[H:16][C:7]1([C:6]([C:5]([C:4]([C:9]([C:8]1([H:18])[H:19])([H:20])[H:21])([H:11])[C:2](=[O:1])[O:3][H:10])([H:12])[H:13])([H:14])[H:15])[H:17],8.0,10.0
2,-0.612147619047619,AM1BCC,AmberTools,,,O,,3,[H:16][C:7]1([C:6]([C:5]([C:4]([C:9]([C:8]1([H:18])[H:19])([H:20])[H:21])([H:11])[C:2](=[O:1])[O:3][H:10])([H:12])[H:13])([H:14])[H:15])[H:17],8.0,10.0
3,-0.10174761904761905,AM1BCC,AmberTools,,,C,,4,[H:16][C:7]1([C:6]([C:5]([C:4]([C:9]([C:8]1([H:18])[H:19])([H:20])[H:21])([H:11])[C:2](=[O:1])[O:3][H:10])([H:12])[H:13])([H:14])[H:15])[H:17],8.0,10.0
4,-0.07244761904761905,AM1BCC,AmberTools,,,C,,5,[H:16][C:7]1([C:6]([C:5]([C:4]([C:9]([C:8]1([H:18])[H:19])([H:20])[H:21])([H:11])[C:2](=[O:1])[O:3][H:10])([H:12])[H:13])([H:14])[H:15])[H:17],8.0,10.0
5,-0.07544761904761904,AM1BCC,AmberTools,,,C,,6,[H:16][C:7]1([C:6]([C:5]([C:4]([C:9]([C:8]1([H:18])[H:19])([H:20])[H:21])([H:11])[C:2](=[O:1])[O:3][H:10])([H:12])[H:13])([H:14])[H:15])[H:17],8.0,10.0
6,-0.07944761904761904,AM1BCC,AmberTools,,,C,,7,[H:16][C:7]1([C:6]([C:5]([C:4]([C:9]([C:8]1([H:18])[H:19])([H:20])[H:21])([H:11])[C:2](=[O:1])[O:3][H:10])([H:12])[H:13])([H:14])[H:15])[H:17],8.0,10.0
7,-0.07544761904761904,AM1BCC,AmberTools,,,C,,8,[H:16][C:7]1([C:6]([C:5]([C:4]([C:9]([C:8]1([H:18])[H:19])([H:20])[H:21])([H:11])[C:2](=[O:1])[O:3][H:10])([H:12])[H:13])([H:14])[H:15])[H:17],8.0,10.0
8,-0.07244761904761905,AM1BCC,AmberTools,,,C,,9,[H:16][C:7]1([C:6]([C:5]([C:4]([C:9]([C:8]1([H:18])[H:19])([H:20])[H:21])([H:11])[C:2](=[O:1])[O:3][H:10])([H:12])[H:13])([H:14])[H:15])[H:17],8.0,10.0
9,0.442952380952381,AM1BCC,AmberTools,,,H,,10,[H:16][C:7]1([C:6]([C:5]([C:4]([C:9]([C:8]1([H:18])[H:19])([H:20])[H:21])([H:11])[C:2](=[O:1])[O:3][H:10])([H:12])[H:13])([H:14])[H:15])[H:17],8.0,10.0
10,0.07965238095238095,AM1BCC,AmberTools,,,H,,11,[H:16][C:7]1([C:6]([C:5]([C:4]([C:9]([C:8]1([H:18])[H:19])([H:20])[H:21])([H:11])[C:2](=[O:1])[O:3][H:10])([H:12])[H:13])([H:14])[H:15])[H:17],8.0,10.0
11,0.056152380952380954,AM1BCC,AmberTools,,,H,,12,[H:16][C:7]1([C:6]([C:5]([C:4]([C:9]([C:8]1([H:18])[H:19])([H:20])[H:21])([H:11])[C:2](=[O:1])[O:3][H:10])([H:12])[H:13])([H:14])[H:15])[H:17],8.0,10.0
12,0.056152380952380954,AM1BCC,AmberTools,,,H,,13,[H:16][C:7]1([C:6]([C:5]([C:4]([C:9]([C:8]1([H:18])[H:19])([H:20])[H:21])([H:11])[C:2](=[O:1])[O:3][H:10])([H:12])[H:13])([H:14])[H:15])[H:17],8.0,10.0
13,0.04440238095238096,AM1BCC,AmberTools,,,H,,14,[H:16][C:7]1([C:6]([C:5]([C:4]([C:9]([C:8]1([H:18])[H:19])([H:20])[H:21])([H:11])[C:2](=[O:1])[O:3][H:10])([H:12])[H:13])([H:14])[H:15])[H:17],8.0,10.0
14,0.04440238095238096,AM1BCC,AmberTools,,,H,,15,[H:16][C:7]1([C:6]([C:5]([C:4]([C:9]([C:8]1([H:18])[H:19])([H:20])[H:21])([H:11])[C:2](=[O:1])[O:3][H:10])([H:12])[H:13])([H:14])[H:15])[H:17],8.0,10.0
15,0.04015238095238095,AM1BCC,AmberTools,,,H,,16,[H:16][C:7]1([C:6]([C:5]([C:4]([C:9]([C:8]1([H:18])[H:19])([H:20])[H:21])([H:11])[C:2](=[O:1])[O:3][H:10])([H:12])[H:13])([H:14])[H:15])[H:17],8.0,10.0
16,0.04015238095238095,AM1BCC,AmberTools,,,H,,17,[H:16][C:7]1([C:6]([C:5]([C:4]([C:9]([C:8]1([H:18])[H:19])([H:20])[H:21])([H:11])[C:2](=[O:1])[O:3][H:10])([H:12])[H:13])([H:14])[H:15])[H:17],8.0,10.0
17,0.04440238095238096,AM1BCC,AmberTools,,,H,,18,[H:16][C:7]1([C:6]([C:5]([C:4]([C:9]([C:8]1([H:18])[H:19])([H:20])[H:21])([H:11])[C:2](=[O:1])[O:3][H:10])([H:12])[H:13])([H:14])[H:15])[H:17],8.0,10.0
18,0.04440238095238096,AM1BCC,AmberTools,,,H,,19,[H:16][C:7]1([C:6]([C:5]([C:4]([C:9]([C:8]1([H:18])[H:19])([H:20])[H:21])([H:11])[C:2](=[O:1])[O:3][H:10])([H:12])[H:13])([H:14])[H:15])[H:17],8.0,10.0
19,0.056152380952380954,AM1BCC,AmberTools,,,H,,20,[H:16][C:7]1([C:6]([C:5]([C:4]([C:9]([C:8]1([H:18])[H:19])([H:20])[H:21])([H:11])[C:2](=[O:1])[O:3][H:10])([H:12])[H:13])([H:14])[H:15])[H:17],8.0,10.0
20,0.056152380952380954,AM1BCC,AmberTools,,,H,,21,[H:16][C:7]1([C:6]([C:5]([C:4]([C:9]([C:8]1([H:18])[H:19])([H:20])[H:21])([H:11])[C:2](=[O:1])[O:3][H:10])([H:12])[H:13])([H:14])[H:15])[H:17],8.0,10.0
0,-0.5526999841843333,AM1BCC,OpenEye,,,O,,1,[H:16][C:7]1([C:6]([C:5]([C:4]([C:9]([C:8]1([H:18])[H:19])([H:20])[H:21])([H:11])[C:2](=[O:1])[O:3][H:10])([H:12])[H:13])([H:14])[H:15])[H:17],8.0,11.0
1,0.6324200023497853,AM1BCC,OpenEye,,,C,,2,[H:16][C:7]1([C:6]([C:5]([C:4]([C:9]([C:8]1([H:18])[H:19])([H:20])[H:21])([H:11])[C:2](=[O:1])[O:3][H:10])([H:12])[H:13])([H:14])[H:15])[H:17],8.0,11.0
2,-0.6015700112496104,AM1BCC,OpenEye,,,O,,3,[H:16][C:7]1([C:6]([C:5]([C:4]([C:9]([C:8]1([H:18])[H:19])([H:20])[H:21])([H:11])[C:2](=[O:1])[O:3][H:10])([H:12])[H:13])([H:14])[H:15])[H:17],8.0,11.0
3,-0.10513000296694892,AM1BCC,OpenEye,,,C,,4,[H:16][C:7]1([C:6]([C:5]([C:4]([C:9]([C:8]1([H:18])[H:19])([H:20])[H:21])([H:11])[C:2](=[O:1])[O:3][H:10])([H:12])[H:13])([H:14])[H:15])[H:17],8.0,11.0
4,-0.07029000031096595,AM1BCC,OpenEye,,,C,,5,[H:16][C:7]1([C:6]([C:5]([C:4]([C:9]([C:8]1([H:18])[H:19])([H:20])[H:21])([H:11])[C:2](=[O:1])[O:3][H:10])([H:12])[H:13])([H:14])[H:15])[H:17],8.0,11.0
5,-0.07684999810797828,AM1BCC,OpenEye,,,C,,6,[H:16][C:7]1([C:6]([C:5]([C:4]([C:9]([C:8]1([H:18])[H:19])([H:20])[H:21])([H:11])[C:2](=[O:1])[O:3][H:10])([H:12])[H:13])([H:14])[H:15])[H:17],8.0,11.0
6,-0.07957000391823905,AM1BCC,OpenEye,,,C,,7,[H:16][C:7]1([C:6]([C:5]([C:4]([C:9]([C:8]1([H:18])[H:19])([H:20])[H:21])([H:11])[C:2](=[O:1])[O:3][H:10])([H:12])[H:13])([H:14])[H:15])[H:17],8.0,11.0
7,-0.07684999810797828,AM1BCC,OpenEye,,,C,,8,[H:16][C:7]1([C:6]([C:5]([C:4]([C:9]([C:8]1([H:18])[H:19])([H:20])[H:21])([H:11])[C:2](=[O:1])[O:3][H:10])([H:12])[H:13])([H:14])[H:15])[H:17],8.0,11.0
8,-0.07029000031096595,AM1BCC,OpenEye,,,C,,9,[H:16][C:7]1([C:6]([C:5]([C:4]([C:9]([C:8]1([H:18])[H:19])([H:20])[H:21])([H:11])[C:2](=[O:1])[O:3][H:10])([H:12])[H:13])([H:14])[H:15])[H:17],8.0,11.0
9,0.4424900103892599,AM1BCC,OpenEye,,,H,,10,[H:16][C:7]1([C:6]([C:5]([C:4]([C:9]([C:8]1([H:18])[H:19])([H:20])[H:21])([H:11])[C:2](=[O:1])[O:3][H:10])([H:12])[H:13])([H:14])[H:15])[H:17],8.0,11.0
10,0.07813999695437295,AM1BCC,OpenEye,,,H,,11,[H:16][C:7]1([C:6]([C:5]([C:4]([C:9]([C:8]1([H:18])[H:19])([H:20])[H:21])([H:11])[C:2](=[O:1])[O:3][H:10])([H:12])[H:13])([H:14])[H:15])[H:17],8.0,11.0
11,0.054379998573235104,AM1BCC,OpenEye,,,H,,12,[H:16][C:7]1([C:6]([C:5]([C:4]([C:9]([C:8]1([H:18])[H:19])([H:20])[H:21])([H:11])[C:2](=[O:1])[O:3][H:10])([H:12])[H:13])([H:14])[H:15])[H:17],8.0,11.0
12,0.054379998573235104,AM1BCC,OpenEye,,,H,,13,[H:16][C:7]1([C:6]([C:5]([C:4]([C:9]([C:8]1([H:18])[H:19])([H:20])[H:21])([H:11])[C:2](=[O:1])[O:3][H:10])([H:12])[H:13])([H:14])[H:15])[H:17],8.0,11.0
13,0.04540000004427774,AM1BCC,OpenEye,,,H,,14,[H:16][C:7]1([C:6]([C:5]([C:4]([C:9]([C:8]1([H:18])[H:19])([H:20])[H:21])([H:11])[C:2](=[O:1])[O:3][H:10])([H:12])[H:13])([H:14])[H:15])[H:17],8.0,11.0
14,0.04540000004427774,AM1BCC,OpenEye,,,H,,15,[H:16][C:7]1([C:6]([C:5]([C:4]([C:9]([C:8]1([H:18])[H:19])([H:20])[H:21])([H:11])[C:2](=[O:1])[O:3][H:10])([H:12])[H:13])([H:14])[H:15])[H:17],8.0,11.0
15,0.04053999749677522,AM1BCC,OpenEye,,,H,,16,[H:16][C:7]1([C:6]([C:5]([C:4]([C:9]([C:8]1([H:18])[H:19])([H:20])[H:21])([H:11])[C:2](=[O:1])[O:3][H:10])([H:12])[H:13])([H:14])[H:15])[H:17],8.0,11.0
16,0.04053999749677522,AM1BCC,OpenEye,,,H,,17,[H:16][C:7]1([C:6]([C:5]([C:4]([C:9]([C:8]1([H:18])[H:19])([H:20])[H:21])([H:11])[C:2](=[O:1])[O:3][H:10])([H:12])[H:13])([H:14])[H:15])[H:17],8.0,11.0
17,0.04540000004427774,AM1BCC,OpenEye,,,H,,18,[H:16][C:7]1([C:6]([C:5]([C:4]([C:9]([C:8]1([H:18])[H:19])([H:20])[H:21])([H:11])[C:2](=[O:1])[O:3][H:10])([H:12])[H:13])([H:14])[H:15])[H:17],8.0,11.0
18,0.04540000004427774,AM1BCC,OpenEye,,,H,,19,[H:16][C:7]1([C:6]([C:5]([C:4]([C:9]([C:8]1([H:18])[H:19])([H:20])[H:21])([H:11])[C:2](=[O:1])[O:3][H:10])([H:12])[H:13])([H:14])[H:15])[H:17],8.0,11.0
19,0.054379998573235104,AM1BCC,OpenEye,,,H,,20,[H:16][C:7]1([C:6]([C:5]([C:4]([C:9]([C:8]1([H:18])[H:19])([H:20])[H:21])([H:11])[C:2](=[O:1])[O:3][H:10])([H:12])[H:13])([H:14])[H:15])[H:17],8.0,11.0
20,0.054379998573235104,AM1BCC,OpenEye,,,H,,21,[H:16][C:7]1([C:6]([C:5]([C:4]([C:9]([C:8]1([H:18])[H:19])([H:20])[H:21])([H:11])[C:2](=[O:1])[O:3][H:10])([H:12])[H:13])([H:14])[H:15])[H:17],8.0,11.0
0,-0.5510476190476191,AM1BCC,AmberTools,,,O,,1,[H:16][C:7]1([C:6]([C:5]([C:4]([C:9]([C:8]1([H:18])[H:19])([H:20])[H:21])([H:11])[C:2](=[O:1])[O:3][H:10])([H:12])[H:13])([H:14])[H:15])[H:17],8.0,11.0
1,0.6350523809523809,AM1BCC,AmberTools,,,C,,2,[H:16][C:7]1([C:6]([C:5]([C:4]([C:9]([C:8]1([H:18])[H:19])([H:20])[H:21])([H:11])[C:2](=[O:1])[O:3][H:10])([H:12])[H:13])([H:14])[H:15])[H:17],8.0,11.0
2,-0.612147619047619,AM1BCC,AmberTools,,,O,,3,[H:16][C:7]1([C:6]([C:5]([C:4]([C:9]([C:8]1([H:18])[H:19])([H:20])[H:21])([H:11])[C:2](=[O:1])[O:3][H:10])([H:12])[H:13])([H:14])[H:15])[H:17],8.0,11.0
3,-0.10174761904761905,AM1BCC,AmberTools,,,C,,4,[H:16][C:7]1([C:6]([C:5]([C:4]([C:9]([C:8]1([H:18])[H:19])([H:20])[H:21])([H:11])[C:2](=[O:1])[O:3][H:10])([H:12])[H:13])([H:14])[H:15])[H:17],8.0,11.0
4,-0.07244761904761905,AM1BCC,AmberTools,,,C,,5,[H:16][C:7]1([C:6]([C:5]([C:4]([C:9]([C:8]1([H:18])[H:19])([H:20])[H:21])([H:11])[C:2](=[O:1])[O:3][H:10])([H:12])[H:13])([H:14])[H:15])[H:17],8.0,11.0
5,-0.07544761904761904,AM1BCC,AmberTools,,,C,,6,[H:16][C:7]1([C:6]([C:5]([C:4]([C:9]([C:8]1([H:18])[H:19])([H:20])[H:21])([H:11])[C:2](=[O:1])[O:3][H:10])([H:12])[H:13])([H:14])[H:15])[H:17],8.0,11.0
6,-0.07944761904761904,AM1BCC,AmberTools,,,C,,7,[H:16][C:7]1([C:6]([C:5]([C:4]([C:9]([C:8]1([H:18])[H:19])([H:20])[H:21])([H:11])[C:2](=[O:1])[O:3][H:10])([H:12])[H:13])([H:14])[H:15])[H:17],8.0,11.0
7,-0.07544761904761904,AM1BCC,AmberTools,,,C,,8,[H:16][C:7]1([C:6]([C:5]([C:4]([C:9]([C:8]1([H:18])[H:19])([H:20])[H:21])([H:11])[C:2](=[O:1])[O:3][H:10])([H:12])[H:13])([H:14])[H:15])[H:17],8.0,11.0
8,-0.07244761904761905,AM1BCC,AmberTools,,,C,,9,[H:16][C:7]1([C:6]([C:5]([C:4]([C:9]([C:8]1([H:18])[H:19])([H:20])[H:21])([H:11])[C:2](=[O:1])[O:3][H:10])([H:12])[H:13])([H:14])[H:15])[H:17],8.0,11.0
9,0.442952380952381,AM1BCC,AmberTools,,,H,,10,[H:16][C:7]1([C:6]([C:5]([C:4]([C:9]([C:8]1([H:18])[H:19])([H:20])[H:21])([H:11])[C:2](=[O:1])[O:3][H:10])([H:12])[H:13])([H:14])[H:15])[H:17],8.0,11.0
10,0.07965238095238095,AM1BCC,AmberTools,,,H,,11,[H:16][C:7]1([C:6]([C:5]([C:4]([C:9]([C:8]1([H:18])[H:19])([H:20])[H:21])([H:11])[C:2](=[O:1])[O:3][H:10])([H:12])[H:13])([H:14])[H:15])[H:17],8.0,11.0
11,0.056152380952380954,AM1BCC,AmberTools,,,H,,12,[H:16][C:7]1([C:6]([C:5]([C:4]([C:9]([C:8]1([H:18])[H:19])([H:20])[H:21])([H:11])[C:2](=[O:1])[O:3][H:10])([H:12])[H:13])([H:14])[H:15])[H:17],8.0,11.0
12,0.056152380952380954,AM1BCC,AmberTools,,,H,,13,[H:16][C:7]1([C:6]([C:5]([C:4]([C:9]([C:8]1([H:18])[H:19])([H:20])[H:21])([H:11])[C:2](=[O:1])[O:3][H:10])([H:12])[H:13])([H:14])[H:15])[H:17],8.0,11.0
13,0.04440238095238096,AM1BCC,AmberTools,,,H,,14,[H:16][C:7]1([C:6]([C:5]([C:4]([C:9]([C:8]1([H:18])[H:19])([H:20])[H:21])([H:11])[C:2](=[O:1])[O:3][H:10])([H:12])[H:13])([H:14])[H:15])[H:17],8.0,11.0
14,0.04440238095238096,AM1BCC,AmberTools,,,H,,15,[H:16][C:7]1([C:6]([C:5]([C:4]([C:9]([C:8]1([H:18])[H:19])([H:20])[H:21])([H:11])[C:2](=[O:1])[O:3][H:10])([H:12])[H:13])([H:14])[H:15])[H:17],8.0,11.0
15,0.04015238095238095,AM1BCC,AmberTools,,,H,,16,[H:16][C:7]1([C:6]([C:5]([C:4]([C:9]([C:8]1([H:18])[H:19])([H:20])[H:21])([H:11])[C:2](=[O:1])[O:3][H:10])([H:12])[H:13])([H:14])[H:15])[H:17],8.0,11.0
16,0.04015238095238095,AM1BCC,AmberTools,,,H,,17,[H:16][C:7]1([C:6]([C:5]([C:4]([C:9]([C:8]1([H:18])[H:19])([H:20])[H:21])([H:11])[C:2](=[O:1])[O:3][H:10])([H:12])[H:13])([H:14])[H:15])[H:17],8.0,11.0
17,0.04440238095238096,AM1BCC,AmberTools,,,H,,18,[H:16][C:7]1([C:6]([C:5]([C:4]([C:9]([C:8]1([H:18])[H:19])([H:20])[H:21])([H:11])[C:2](=[O:1])[O:3][H:10])([H:12])[H:13])([H:14])[H:15])[H:17],8.0,11.0
18,0.04440238095238096,AM1BCC,AmberTools,,,H,,19,[H:16][C:7]1([C:6]([C:5]([C:4]([C:9]([C:8]1([H:18])[H:19])([H:20])[H:21])([H:11])[C:2](=[O:1])[O:3][H:10])([H:12])[H:13])([H:14])[H:15])[H:17],8.0,11.0
19,0.056152380952380954,AM1BCC,AmberTools,,,H,,20,[H:16][C:7]1([C:6]([C:5]([C:4]([C:9]([C:8]1([H:18])[H:19])([H:20])[H:21])([H:11])[C:2](=[O:1])[O:3][H:10])([H:12])[H:13])([H:14])[H:15])[H:17],8.0,11.0
20,0.056152380952380954,AM1BCC,AmberTools,,,H,,21,[H:16][C:7]1([C:6]([C:5]([C:4]([C:9]([C:8]1([H:18])[H:19])([H:20])[H:21])([H:11])[C:2](=[O:1])[O:3][H:10])([H:12])[H:13])([H:14])[H:15])[H:17],8.0,11.0
0,-0.5526999841843333,AM1BCC,OpenEye,,,O,,1,[H:16][C:7]1([C:6]([C:5]([C:4]([C:9]([C:8]1([H:18])[H:19])([H:20])[H:21])([H:11])[C:2](=[O:1])[O:3][H:10])([H:12])[H:13])([H:14])[H:15])[H:17],8.0,12.0
1,0.6324200023497853,AM1BCC,OpenEye,,,C,,2,[H:16][C:7]1([C:6]([C:5]([C:4]([C:9]([C:8]1([H:18])[H:19])([H:20])[H:21])([H:11])[C:2](=[O:1])[O:3][H:10])([H:12])[H:13])([H:14])[H:15])[H:17],8.0,12.0
2,-0.6015700112496104,AM1BCC,OpenEye,,,O,,3,[H:16][C:7]1([C:6]([C:5]([C:4]([C:9]([C:8]1([H:18])[H:19])([H:20])[H:21])([H:11])[C:2](=[O:1])[O:3][H:10])([H:12])[H:13])([H:14])[H:15])[H:17],8.0,12.0
3,-0.10512000428778785,AM1BCC,OpenEye,,,C,,4,[H:16][C:7]1([C:6]([C:5]([C:4]([C:9]([C:8]1([H:18])[H:19])([H:20])[H:21])([H:11])[C:2](=[O:1])[O:3][H:10])([H:12])[H:13])([H:14])[H:15])[H:17],8.0,12.0
4,-0.07029000031096595,AM1BCC,OpenEye,,,C,,5,[H:16][C:7]1([C:6]([C:5]([C:4]([C:9]([C:8]1([H:18])[H:19])([H:20])[H:21])([H:11])[C:2](=[O:1])[O:3][H:10])([H:12])[H:13])([H:14])[H:15])[H:17],8.0,12.0
5,-0.07684999810797828,AM1BCC,OpenEye,,,C,,6,[H:16][C:7]1([C:6]([C:5]([C:4]([C:9]([C:8]1([H:18])[H:19])([H:20])[H:21])([H:11])[C:2](=[O:1])[O:3][H:10])([H:12])[H:13])([H:14])[H:15])[H:17],8.0,12.0
6,-0.07964000212294715,AM1BCC,OpenEye,,,C,,7,[H:16][C:7]1([C:6]([C:5]([C:4]([C:9]([C:8]1([H:18])[H:19])([H:20])[H:21])([H:11])[C:2](=[O:1])[O:3][H:10])([H:12])[H:13])([H:14])[H:15])[H:17],8.0,12.0
7,-0.07684999810797828,AM1BCC,OpenEye,,,C,,8,[H:16][C:7]1([C:6]([C:5]([C:4]([C:9]([C:8]1([H:18])[H:19])([H:20])[H:21])([H:11])[C:2](=[O:1])[O:3][H:10])([H:12])[H:13])([H:14])[H:15])[H:17],8.0,12.0
8,-0.07029000031096595,AM1BCC,OpenEye,,,C,,9,[H:16][C:7]1([C:6]([C:5]([C:4]([C:9]([C:8]1([H:18])[H:19])([H:20])[H:21])([H:11])[C:2](=[O:1])[O:3][H:10])([H:12])[H:13])([H:14])[H:15])[H:17],8.0,12.0
9,0.4424900103892599,AM1BCC,OpenEye,,,H,,10,[H:16][C:7]1([C:6]([C:5]([C:4]([C:9]([C:8]1([H:18])[H:19])([H:20])[H:21])([H:11])[C:2](=[O:1])[O:3][H:10])([H:12])[H:13])([H:14])[H:15])[H:17],8.0,12.0
10,0.07813999695437295,AM1BCC,OpenEye,,,H,,11,[H:16][C:7]1([C:6]([C:5]([C:4]([C:9]([C:8]1([H:18])[H:19])([H:20])[H:21])([H:11])[C:2](=[O:1])[O:3][H:10])([H:12])[H:13])([H:14])[H:15])[H:17],8.0,12.0
11,0.054389997252396176,AM1BCC,OpenEye,,,H,,12,[H:16][C:7]1([C:6]([C:5]([C:4]([C:9]([C:8]1([H:18])[H:19])([H:20])[H:21])([H:11])[C:2](=[O:1])[O:3][H:10])([H:12])[H:13])([H:14])[H:15])[H:17],8.0,12.0
12,0.054389997252396176,AM1BCC,OpenEye,,,H,,13,[H:16][C:7]1([C:6]([C:5]([C:4]([C:9]([C:8]1([H:18])[H:19])([H:20])[H:21])([H:11])[C:2](=[O:1])[O:3][H:10])([H:12])[H:13])([H:14])[H:15])[H:17],8.0,12.0
13,0.04540000004427774,AM1BCC,OpenEye,,,H,,14,[H:16][C:7]1([C:6]([C:5]([C:4]([C:9]([C:8]1([H:18])[H:19])([H:20])[H:21])([H:11])[C:2](=[O:1])[O:3][H:10])([H:12])[H:13])([H:14])[H:15])[H:17],8.0,12.0
14,0.04540000004427774,AM1BCC,OpenEye,,,H,,15,[H:16][C:7]1([C:6]([C:5]([C:4]([C:9]([C:8]1([H:18])[H:19])([H:20])[H:21])([H:11])[C:2](=[O:1])[O:3][H:10])([H:12])[H:13])([H:14])[H:15])[H:17],8.0,12.0
15,0.04054999990122659,AM1BCC,OpenEye,,,H,,16,[H:16][C:7]1([C:6]([C:5]([C:4]([C:9]([C:8]1([H:18])[H:19])([H:20])[H:21])([H:11])[C:2](=[O:1])[O:3][H:10])([H:12])[H:13])([H:14])[H:15])[H:17],8.0,12.0
16,0.04054999990122659,AM1BCC,OpenEye,,,H,,17,[H:16][C:7]1([C:6]([C:5]([C:4]([C:9]([C:8]1([H:18])[H:19])([H:20])[H:21])([H:11])[C:2](=[O:1])[O:3][H:10])([H:12])[H:13])([H:14])[H:15])[H:17],8.0,12.0
17,0.04540000004427774,AM1BCC,OpenEye,,,H,,18,[H:16][C:7]1([C:6]([C:5]([C:4]([C:9]([C:8]1([H:18])[H:19])([H:20])[H:21])([H:11])[C:2](=[O:1])[O:3][H:10])([H:12])[H:13])([H:14])[H:15])[H:17],8.0,12.0
18,0.04540000004427774,AM1BCC,OpenEye,,,H,,19,[H:16][C:7]1([C:6]([C:5]([C:4]([C:9]([C:8]1([H:18])[H:19])([H:20])[H:21])([H:11])[C:2](=[O:1])[O:3][H:10])([H:12])[H:13])([H:14])[H:15])[H:17],8.0,12.0
19,0.054389997252396176,AM1BCC,OpenEye,,,H,,20,[H:16][C:7]1([C:6]([C:5]([C:4]([C:9]([C:8]1([H:18])[H:19])([H:20])[H:21])([H:11])[C:2](=[O:1])[O:3][H:10])([H:12])[H:13])([H:14])[H:15])[H:17],8.0,12.0
20,0.054389997252396176,AM1BCC,OpenEye,,,H,,21,[H:16][C:7]1([C:6]([C:5]([C:4]([C:9]([C:8]1([H:18])[H:19])([H:20])[H:21])([H:11])[C:2](=[O:1])[O:3][H:10])([H:12])[H:13])([H:14])[H:15])[H:17],8.0,12.0
0,-0.5510476190476191,AM1BCC,AmberTools,,,O,,1,[H:16][C:7]1([C:6]([C:5]([C:4]([C:9]([C:8]1([H:18])[H:19])([H:20])[H:21])([H:11])[C:2](=[O:1])[O:3][H:10])([H:12])[H:13])([H:14])[H:15])[H:17],8.0,12.0
1,0.6350523809523809,AM1BCC,AmberTools,,,C,,2,[H:16][C:7]1([C:6]([C:5]([C:4]([C:9]([C:8]1([H:18])[H:19])([H:20])[H:21])([H:11])[C:2](=[O:1])[O:3][H:10])([H:12])[H:13])([H:14])[H:15])[H:17],8.0,12.0
2,-0.612147619047619,AM1BCC,AmberTools,,,O,,3,[H:16][C:7]1([C:6]([C:5]([C:4]([C:9]([C:8]1([H:18])[H:19])([H:20])[H:21])([H:11])[C:2](=[O:1])[O:3][H:10])([H:12])[H:13])([H:14])[H:15])[H:17],8.0,12.0
3,-0.10174761904761905,AM1BCC,AmberTools,,,C,,4,[H:16][C:7]1([C:6]([C:5]([C:4]([C:9]([C:8]1([H:18])[H:19])([H:20])[H:21])([H:11])[C:2](=[O:1])[O:3][H:10])([H:12])[H:13])([H:14])[H:15])[H:17],8.0,12.0
4,-0.07244761904761905,AM1BCC,AmberTools,,,C,,5,[H:16][C:7]1([C:6]([C:5]([C:4]([C:9]([C:8]1([H:18])[H:19])([H:20])[H:21])([H:11])[C:2](=[O:1])[O:3][H:10])([H:12])[H:13])([H:14])[H:15])[H:17],8.0,12.0
5,-0.07544761904761904,AM1BCC,AmberTools,,,C,,6,[H:16][C:7]1([C:6]([C:5]([C:4]([C:9]([C:8]1([H:18])[H:19])([H:20])[H:21])([H:11])[C:2](=[O:1])[O:3][H:10])([H:12])[H:13])([H:14])[H:15])[H:17],8.0,12.0
6,-0.07944761904761904,AM1BCC,AmberTools,,,C,,7,[H:16][C:7]1([C:6]([C:5]([C:4]([C:9]([C:8]1([H:18])[H:19])([H:20])[H:21])([H:11])[C:2](=[O:1])[O:3][H:10])([H:12])[H:13])([H:14])[H:15])[H:17],8.0,12.0
7,-0.07544761904761904,AM1BCC,AmberTools,,,C,,8,[H:16][C:7]1([C:6]([C:5]([C:4]([C:9]([C:8]1([H:18])[H:19])([H:20])[H:21])([H:11])[C:2](=[O:1])[O:3][H:10])([H:12])[H:13])([H:14])[H:15])[H:17],8.0,12.0
8,-0.07244761904761905,AM1BCC,AmberTools,,,C,,9,[H:16][C:7]1([C:6]([C:5]([C:4]([C:9]([C:8]1([H:18])[H:19])([H:20])[H:21])([H:11])[C:2](=[O:1])[O:3][H:10])([H:12])[H:13])([H:14])[H:15])[H:17],8.0,12.0
9,0.442952380952381,AM1BCC,AmberTools,,,H,,10,[H:16][C:7]1([C:6]([C:5]([C:4]([C:9]([C:8]1([H:18])[H:19])([H:20])[H:21])([H:11])[C:2](=[O:1])[O:3][H:10])([H:12])[H:13])([H:14])[H:15])[H:17],8.0,12.0
10,0.07965238095238095,AM1BCC,AmberTools,,,H,,11,[H:16][C:7]1([C:6]([C:5]([C:4]([C:9]([C:8]1([H:18])[H:19])([H:20])[H:21])([H:11])[C:2](=[O:1])[O:3][H:10])([H:12])[H:13])([H:14])[H:15])[H:17],8.0,12.0
11,0.056152380952380954,AM1BCC,AmberTools,,,H,,12,[H:16][C:7]1([C:6]([C:5]([C:4]([C:9]([C:8]1([H:18])[H:19])([H:20])[H:21])([H:11])[C:2](=[O:1])[O:3][H:10])([H:12])[H:13])([H:14])[H:15])[H:17],8.0,12.0
12,0.056152380952380954,AM1BCC,AmberTools,,,H,,13,[H:16][C:7]1([C:6]([C:5]([C:4]([C:9]([C:8]1([H:18])[H:19])([H:20])[H:21])([H:11])[C:2](=[O:1])[O:3][H:10])([H:12])[H:13])([H:14])[H:15])[H:17],8.0,12.0
13,0.04440238095238096,AM1BCC,AmberTools,,,H,,14,[H:16][C:7]1([C:6]([C:5]([C:4]([C:9]([C:8]1([H:18])[H:19])([H:20])[H:21])([H:11])[C:2](=[O:1])[O:3][H:10])([H:12])[H:13])([H:14])[H:15])[H:17],8.0,12.0
14,0.04440238095238096,AM1BCC,AmberTools,,,H,,15,[H:16][C:7]1([C:6]([C:5]([C:4]([C:9]([C:8]1([H:18])[H:19])([H:20])[H:21])([H:11])[C:2](=[O:1])[O:3][H:10])([H:12])[H:13])([H:14])[H:15])[H:17],8.0,12.0
15,0.04015238095238095,AM1BCC,AmberTools,,,H,,16,[H:16][C:7]1([C:6]([C:5]([C:4]([C:9]([C:8]1([H:18])[H:19])([H:20])[H:21])([H:11])[C:2](=[O:1])[O:3][H:10])([H:12])[H:13])([H:14])[H:15])[H:17],8.0,12.0
16,0.04015238095238095,AM1BCC,AmberTools,,,H,,17,[H:16][C:7]1([C:6]([C:5]([C:4]([C:9]([C:8]1([H:18])[H:19])([H:20])[H:21])([H:11])[C:2](=[O:1])[O:3][H:10])([H:12])[H:13])([H:14])[H:15])[H:17],8.0,12.0
17,0.04440238095238096,AM1BCC,AmberTools,,,H,,18,[H:16][C:7]1([C:6]([C:5]([C:4]([C:9]([C:8]1([H:18])[H:19])([H:20])[H:21])([H:11])[C:2](=[O:1])[O:3][H:10])([H:12])[H:13])([H:14])[H:15])[H:17],8.0,12.0
18,0.04440238095238096,AM1BCC,AmberTools,,,H,,19,[H:16][C:7]1([C:6]([C:5]([C:4]([C:9]([C:8]1([H:18])[H:19])([H:20])[H:21])([H:11])[C:2](=[O:1])[O:3][H:10])([H:12])[H:13])([H:14])[H:15])[H:17],8.0,12.0
19,0.056152380952380954,AM1BCC,AmberTools,,,H,,20,[H:16][C:7]1([C:6]([C:5]([C:4]([C:9]([C:8]1([H:18])[H:19])([H:20])[H:21])([H:11])[C:2](=[O:1])[O:3][H:10])([H:12])[H:13])([H:14])[H:15])[H:17],8.0,12.0
20,0.056152380952380954,AM1BCC,AmberTools,,,H,,21,[H:16][C:7]1([C:6]([C:5]([C:4]([C:9]([C:8]1([H:18])[H:19])([H:20])[H:21])([H:11])[C:2](=[O:1])[O:3][H:10])([H:12])[H:13])([H:14])[H:15])[H:17],8.0,12.0
0,-0.5545499920845032,AM1BCC,OpenEye,,,O,,1,[H:16][C:7]1([C:6]([C:5]([C:4]([C:9]([C:8]1([H:18])[H:19])([H:20])[H:21])([H:11])[C:2](=[O:1])[O:3][H:10])([H:12])[H:13])([H:14])[H:15])[H:17],9.0,1.0
1,0.6342200040817261,AM1BCC,OpenEye,,,C,,2,[H:16][C:7]1([C:6]([C:5]([C:4]([C:9]([C:8]1([H:18])[H:19])([H:20])[H:21])([H:11])[C:2](=[O:1])[O:3][H:10])([H:12])[H:13])([H:14])[H:15])[H:17],9.0,1.0
2,-0.5986400246620178,AM1BCC,OpenEye,,,O,,3,[H:16][C:7]1([C:6]([C:5]([C:4]([C:9]([C:8]1([H:18])[H:19])([H:20])[H:21])([H:11])[C:2](=[O:1])[O:3][H:10])([H:12])[H:13])([H:14])[H:15])[H:17],9.0,1.0
3,-0.10763999819755554,AM1BCC,OpenEye,,,C,,4,[H:16][C:7]1([C:6]([C:5]([C:4]([C:9]([C:8]1([H:18])[H:19])([H:20])[H:21])([H:11])[C:2](=[O:1])[O:3][H:10])([H:12])[H:13])([H:14])[H:15])[H:17],9.0,1.0
4,-0.06904999911785126,AM1BCC,OpenEye,,,C,,5,[H:16][C:7]1([C:6]([C:5]([C:4]([C:9]([C:8]1([H:18])[H:19])([H:20])[H:21])([H:11])[C:2](=[O:1])[O:3][H:10])([H:12])[H:13])([H:14])[H:15])[H:17],9.0,1.0
5,-0.0769599974155426,AM1BCC,OpenEye,,,C,,6,[H:16][C:7]1([C:6]([C:5]([C:4]([C:9]([C:8]1([H:18])[H:19])([H:20])[H:21])([H:11])[C:2](=[O:1])[O:3][H:10])([H:12])[H:13])([H:14])[H:15])[H:17],9.0,1.0
6,-0.07791999727487564,AM1BCC,OpenEye,,,C,,7,[H:16][C:7]1([C:6]([C:5]([C:4]([C:9]([C:8]1([H:18])[H:19])([H:20])[H:21])([H:11])[C:2](=[O:1])[O:3][H:10])([H:12])[H:13])([H:14])[H:15])[H:17],9.0,1.0
7,-0.0769599974155426,AM1BCC,OpenEye,,,C,,8,[H:16][C:7]1([C:6]([C:5]([C:4]([C:9]([C:8]1([H:18])[H:19])([H:20])[H:21])([H:11])[C:2](=[O:1])[O:3][H:10])([H:12])[H:13])([H:14])[H:15])[H:17],9.0,1.0
8,-0.06904999911785126,AM1BCC,OpenEye,,,C,,9,[H:16][C:7]1([C:6]([C:5]([C:4]([C:9]([C:8]1([H:18])[H:19])([H:20])[H:21])([H:11])[C:2](=[O:1])[O:3][H:10])([H:12])[H:13])([H:14])[H:15])[H:17],9.0,1.0
9,0.44218000769615173,AM1BCC,OpenEye,,,H,,10,[H:16][C:7]1([C:6]([C:5]([C:4]([C:9]([C:8]1([H:18])[H:19])([H:20])[H:21])([H:11])[C:2](=[O:1])[O:3][H:10])([H:12])[H:13])([H:14])[H:15])[H:17],9.0,1.0
10,0.08146999776363373,AM1BCC,OpenEye,,,H,,11,[H:16][C:7]1([C:6]([C:5]([C:4]([C:9]([C:8]1([H:18])[H:19])([H:20])[H:21])([H:11])[C:2](=[O:1])[O:3][H:10])([H:12])[H:13])([H:14])[H:15])[H:17],9.0,1.0
11,0.05195999890565872,AM1BCC,OpenEye,,,H,,12,[H:16][C:7]1([C:6]([C:5]([C:4]([C:9]([C:8]1([H:18])[H:19])([H:20])[H:21])([H:11])[C:2](=[O:1])[O:3][H:10])([H:12])[H:13])([H:14])[H:15])[H:17],9.0,1.0
12,0.05195999890565872,AM1BCC,OpenEye,,,H,,13,[H:16][C:7]1([C:6]([C:5]([C:4]([C:9]([C:8]1([H:18])[H:19])([H:20])[H:21])([H:11])[C:2](=[O:1])[O:3][H:10])([H:12])[H:13])([H:14])[H:15])[H:17],9.0,1.0
13,0.04605000093579292,AM1BCC,OpenEye,,,H,,14,[H:16][C:7]1([C:6]([C:5]([C:4]([C:9]([C:8]1([H:18])[H:19])([H:20])[H:21])([H:11])[C:2](=[O:1])[O:3][H:10])([H:12])[H:13])([H:14])[H:15])[H:17],9.0,1.0
14,0.04605000093579292,AM1BCC,OpenEye,,,H,,15,[H:16][C:7]1([C:6]([C:5]([C:4]([C:9]([C:8]1([H:18])[H:19])([H:20])[H:21])([H:11])[C:2](=[O:1])[O:3][H:10])([H:12])[H:13])([H:14])[H:15])[H:17],9.0,1.0
15,0.04042999818921089,AM1BCC,OpenEye,,,H,,16,[H:16][C:7]1([C:6]([C:5]([C:4]([C:9]([C:8]1([H:18])[H:19])([H:20])[H:21])([H:11])[C:2](=[O:1])[O:3][H:10])([H:12])[H:13])([H:14])[H:15])[H:17],9.0,1.0
16,0.04042999818921089,AM1BCC,OpenEye,,,H,,17,[H:16][C:7]1([C:6]([C:5]([C:4]([C:9]([C:8]1([H:18])[H:19])([H:20])[H:21])([H:11])[C:2](=[O:1])[O:3][H:10])([H:12])[H:13])([H:14])[H:15])[H:17],9.0,1.0
17,0.04605000093579292,AM1BCC,OpenEye,,,H,,18,[H:16][C:7]1([C:6]([C:5]([C:4]([C:9]([C:8]1([H:18])[H:19])([H:20])[H:21])([H:11])[C:2](=[O:1])[O:3][H:10])([H:12])[H:13])([H:14])[H:15])[H:17],9.0,1.0
18,0.04605000093579292,AM1BCC,OpenEye,,,H,,19,[H:16][C:7]1([C:6]([C:5]([C:4]([C:9]([C:8]1([H:18])[H:19])([H:20])[H:21])([H:11])[C:2](=[O:1])[O:3][H:10])([H:12])[H:13])([H:14])[H:15])[H:17],9.0,1.0
19,0.05195999890565872,AM1BCC,OpenEye,,,H,,20,[H:16][C:7]1([C:6]([C:5]([C:4]([C:9]([C:8]1([H:18])[H:19])([H:20])[H:21])([H:11])[C:2](=[O:1])[O:3][H:10])([H:12])[H:13])([H:14])[H:15])[H:17],9.0,1.0
20,0.05195999890565872,AM1BCC,OpenEye,,,H,,21,[H:16][C:7]1([C:6]([C:5]([C:4]([C:9]([C:8]1([H:18])[H:19])([H:20])[H:21])([H:11])[C:2](=[O:1])[O:3][H:10])([H:12])[H:13])([H:14])[H:15])[H:17],9.0,1.0
0,-0.5528571428571429,AM1BCC,AmberTools,,,O,,1,[H:16][C:7]1([C:6]([C:5]([C:4]([C:9]([C:8]1([H:18])[H:19])([H:20])[H:21])([H:11])[C:2](=[O:1])[O:3][H:10])([H:12])[H:13])([H:14])[H:15])[H:17],9.0,1.0
1,0.6342428571428571,AM1BCC,AmberTools,,,C,,2,[H:16][C:7]1([C:6]([C:5]([C:4]([C:9]([C:8]1([H:18])[H:19])([H:20])[H:21])([H:11])[C:2](=[O:1])[O:3][H:10])([H:12])[H:13])([H:14])[H:15])[H:17],9.0,1.0
2,-0.6059571428571429,AM1BCC,AmberTools,,,O,,3,[H:16][C:7]1([C:6]([C:5]([C:4]([C:9]([C:8]1([H:18])[H:19])([H:20])[H:21])([H:11])[C:2](=[O:1])[O:3][H:10])([H:12])[H:13])([H:14])[H:15])[H:17],9.0,1.0
3,-0.10255714285714285,AM1BCC,AmberTools,,,C,,4,[H:16][C:7]1([C:6]([C:5]([C:4]([C:9]([C:8]1([H:18])[H:19])([H:20])[H:21])([H:11])[C:2](=[O:1])[O:3][H:10])([H:12])[H:13])([H:14])[H:15])[H:17],9.0,1.0
4,-0.07025714285714285,AM1BCC,AmberTools,,,C,,5,[H:16][C:7]1([C:6]([C:5]([C:4]([C:9]([C:8]1([H:18])[H:19])([H:20])[H:21])([H:11])[C:2](=[O:1])[O:3][H:10])([H:12])[H:13])([H:14])[H:15])[H:17],9.0,1.0
5,-0.07775714285714284,AM1BCC,AmberTools,,,C,,6,[H:16][C:7]1([C:6]([C:5]([C:4]([C:9]([C:8]1([H:18])[H:19])([H:20])[H:21])([H:11])[C:2](=[O:1])[O:3][H:10])([H:12])[H:13])([H:14])[H:15])[H:17],9.0,1.0
6,-0.07725714285714284,AM1BCC,AmberTools,,,C,,7,[H:16][C:7]1([C:6]([C:5]([C:4]([C:9]([C:8]1([H:18])[H:19])([H:20])[H:21])([H:11])[C:2](=[O:1])[O:3][H:10])([H:12])[H:13])([H:14])[H:15])[H:17],9.0,1.0
7,-0.07775714285714284,AM1BCC,AmberTools,,,C,,8,[H:16][C:7]1([C:6]([C:5]([C:4]([C:9]([C:8]1([H:18])[H:19])([H:20])[H:21])([H:11])[C:2](=[O:1])[O:3][H:10])([H:12])[H:13])([H:14])[H:15])[H:17],9.0,1.0
8,-0.07025714285714285,AM1BCC,AmberTools,,,C,,9,[H:16][C:7]1([C:6]([C:5]([C:4]([C:9]([C:8]1([H:18])[H:19])([H:20])[H:21])([H:11])[C:2](=[O:1])[O:3][H:10])([H:12])[H:13])([H:14])[H:15])[H:17],9.0,1.0
9,0.44214285714285717,AM1BCC,AmberTools,,,H,,10,[H:16][C:7]1([C:6]([C:5]([C:4]([C:9]([C:8]1([H:18])[H:19])([H:20])[H:21])([H:11])[C:2](=[O:1])[O:3][H:10])([H:12])[H:13])([H:14])[H:15])[H:17],9.0,1.0
10,0.08084285714285715,AM1BCC,AmberTools,,,H,,11,[H:16][C:7]1([C:6]([C:5]([C:4]([C:9]([C:8]1([H:18])[H:19])([H:20])[H:21])([H:11])[C:2](=[O:1])[O:3][H:10])([H:12])[H:13])([H:14])[H:15])[H:17],9.0,1.0
11,0.05284285714285714,AM1BCC,AmberTools,,,H,,12,[H:16][C:7]1([C:6]([C:5]([C:4]([C:9]([C:8]1([H:18])[H:19])([H:20])[H:21])([H:11])[C:2](=[O:1])[O:3][H:10])([H:12])[H:13])([H:14])[H:15])[H:17],9.0,1.0
12,0.05284285714285714,AM1BCC,AmberTools,,,H,,13,[H:16][C:7]1([C:6]([C:5]([C:4]([C:9]([C:8]1([H:18])[H:19])([H:20])[H:21])([H:11])[C:2](=[O:1])[O:3][H:10])([H:12])[H:13])([H:14])[H:15])[H:17],9.0,1.0
13,0.046342857142857144,AM1BCC,AmberTools,,,H,,14,[H:16][C:7]1([C:6]([C:5]([C:4]([C:9]([C:8]1([H:18])[H:19])([H:20])[H:21])([H:11])[C:2](=[O:1])[O:3][H:10])([H:12])[H:13])([H:14])[H:15])[H:17],9.0,1.0
14,0.046342857142857144,AM1BCC,AmberTools,,,H,,15,[H:16][C:7]1([C:6]([C:5]([C:4]([C:9]([C:8]1([H:18])[H:19])([H:20])[H:21])([H:11])[C:2](=[O:1])[O:3][H:10])([H:12])[H:13])([H:14])[H:15])[H:17],9.0,1.0
15,0.040342857142857146,AM1BCC,AmberTools,,,H,,16,[H:16][C:7]1([C:6]([C:5]([C:4]([C:9]([C:8]1([H:18])[H:19])([H:20])[H:21])([H:11])[C:2](=[O:1])[O:3][H:10])([H:12])[H:13])([H:14])[H:15])[H:17],9.0,1.0
16,0.040342857142857146,AM1BCC,AmberTools,,,H,,17,[H:16][C:7]1([C:6]([C:5]([C:4]([C:9]([C:8]1([H:18])[H:19])([H:20])[H:21])([H:11])[C:2](=[O:1])[O:3][H:10])([H:12])[H:13])([H:14])[H:15])[H:17],9.0,1.0
17,0.046342857142857144,AM1BCC,AmberTools,,,H,,18,[H:16][C:7]1([C:6]([C:5]([C:4]([C:9]([C:8]1([H:18])[H:19])([H:20])[H:21])([H:11])[C:2](=[O:1])[O:3][H:10])([H:12])[H:13])([H:14])[H:15])[H:17],9.0,1.0
18,0.046342857142857144,AM1BCC,AmberTools,,,H,,19,[H:16][C:7]1([C:6]([C:5]([C:4]([C:9]([C:8]1([H:18])[H:19])([H:20])[H:21])([H:11])[C:2](=[O:1])[O:3][H:10])([H:12])[H:13])([H:14])[H:15])[H:17],9.0,1.0
19,0.05284285714285714,AM1BCC,AmberTools,,,H,,20,[H:16][C:7]1([C:6]([C:5]([C:4]([C:9]([C:8]1([H:18])[H:19])([H:20])[H:21])([H:11])[C:2](=[O:1])[O:3][H:10])([H:12])[H:13])([H:14])[H:15])[H:17],9.0,1.0
20,0.05284285714285714,AM1BCC,AmberTools,,,H,,21,[H:16][C:7]1([C:6]([C:5]([C:4]([C:9]([C:8]1([H:18])[H:19])([H:20])[H:21])([H:11])[C:2](=[O:1])[O:3][H:10])([H:12])[H:13])([H:14])[H:15])[H:17],9.0,1.0
0,-0.5545499920845032,AM1BCC,OpenEye,,,O,,1,[H:16][C:7]1([C:6]([C:5]([C:4]([C:9]([C:8]1([H:18])[H:19])([H:20])[H:21])([H:11])[C:2](=[O:1])[O:3][H:10])([H:12])[H:13])([H:14])[H:15])[H:17],9.0,2.0
1,0.6342200040817261,AM1BCC,OpenEye,,,C,,2,[H:16][C:7]1([C:6]([C:5]([C:4]([C:9]([C:8]1([H:18])[H:19])([H:20])[H:21])([H:11])[C:2](=[O:1])[O:3][H:10])([H:12])[H:13])([H:14])[H:15])[H:17],9.0,2.0
2,-0.5986400246620178,AM1BCC,OpenEye,,,O,,3,[H:16][C:7]1([C:6]([C:5]([C:4]([C:9]([C:8]1([H:18])[H:19])([H:20])[H:21])([H:11])[C:2](=[O:1])[O:3][H:10])([H:12])[H:13])([H:14])[H:15])[H:17],9.0,2.0
3,-0.10763999819755554,AM1BCC,OpenEye,,,C,,4,[H:16][C:7]1([C:6]([C:5]([C:4]([C:9]([C:8]1([H:18])[H:19])([H:20])[H:21])([H:11])[C:2](=[O:1])[O:3][H:10])([H:12])[H:13])([H:14])[H:15])[H:17],9.0,2.0
4,-0.06904999911785126,AM1BCC,OpenEye,,,C,,5,[H:16][C:7]1([C:6]([C:5]([C:4]([C:9]([C:8]1([H:18])[H:19])([H:20])[H:21])([H:11])[C:2](=[O:1])[O:3][H:10])([H:12])[H:13])([H:14])[H:15])[H:17],9.0,2.0
5,-0.0769599974155426,AM1BCC,OpenEye,,,C,,6,[H:16][C:7]1([C:6]([C:5]([C:4]([C:9]([C:8]1([H:18])[H:19])([H:20])[H:21])([H:11])[C:2](=[O:1])[O:3][H:10])([H:12])[H:13])([H:14])[H:15])[H:17],9.0,2.0
6,-0.07791999727487564,AM1BCC,OpenEye,,,C,,7,[H:16][C:7]1([C:6]([C:5]([C:4]([C:9]([C:8]1([H:18])[H:19])([H:20])[H:21])([H:11])[C:2](=[O:1])[O:3][H:10])([H:12])[H:13])([H:14])[H:15])[H:17],9.0,2.0
7,-0.0769599974155426,AM1BCC,OpenEye,,,C,,8,[H:16][C:7]1([C:6]([C:5]([C:4]([C:9]([C:8]1([H:18])[H:19])([H:20])[H:21])([H:11])[C:2](=[O:1])[O:3][H:10])([H:12])[H:13])([H:14])[H:15])[H:17],9.0,2.0
8,-0.06904999911785126,AM1BCC,OpenEye,,,C,,9,[H:16][C:7]1([C:6]([C:5]([C:4]([C:9]([C:8]1([H:18])[H:19])([H:20])[H:21])([H:11])[C:2](=[O:1])[O:3][H:10])([H:12])[H:13])([H:14])[H:15])[H:17],9.0,2.0
9,0.44218000769615173,AM1BCC,OpenEye,,,H,,10,[H:16][C:7]1([C:6]([C:5]([C:4]([C:9]([C:8]1([H:18])[H:19])([H:20])[H:21])([H:11])[C:2](=[O:1])[O:3][H:10])([H:12])[H:13])([H:14])[H:15])[H:17],9.0,2.0
10,0.08146999776363373,AM1BCC,OpenEye,,,H,,11,[H:16][C:7]1([C:6]([C:5]([C:4]([C:9]([C:8]1([H:18])[H:19])([H:20])[H:21])([H:11])[C:2](=[O:1])[O:3][H:10])([H:12])[H:13])([H:14])[H:15])[H:17],9.0,2.0
11,0.05195999890565872,AM1BCC,OpenEye,,,H,,12,[H:16][C:7]1([C:6]([C:5]([C:4]([C:9]([C:8]1([H:18])[H:19])([H:20])[H:21])([H:11])[C:2](=[O:1])[O:3][H:10])([H:12])[H:13])([H:14])[H:15])[H:17],9.0,2.0
12,0.05195999890565872,AM1BCC,OpenEye,,,H,,13,[H:16][C:7]1([C:6]([C:5]([C:4]([C:9]([C:8]1([H:18])[H:19])([H:20])[H:21])([H:11])[C:2](=[O:1])[O:3][H:10])([H:12])[H:13])([H:14])[H:15])[H:17],9.0,2.0
13,0.04605000093579292,AM1BCC,OpenEye,,,H,,14,[H:16][C:7]1([C:6]([C:5]([C:4]([C:9]([C:8]1([H:18])[H:19])([H:20])[H:21])([H:11])[C:2](=[O:1])[O:3][H:10])([H:12])[H:13])([H:14])[H:15])[H:17],9.0,2.0
14,0.04605000093579292,AM1BCC,OpenEye,,,H,,15,[H:16][C:7]1([C:6]([C:5]([C:4]([C:9]([C:8]1([H:18])[H:19])([H:20])[H:21])([H:11])[C:2](=[O:1])[O:3][H:10])([H:12])[H:13])([H:14])[H:15])[H:17],9.0,2.0
15,0.04042999818921089,AM1BCC,OpenEye,,,H,,16,[H:16][C:7]1([C:6]([C:5]([C:4]([C:9]([C:8]1([H:18])[H:19])([H:20])[H:21])([H:11])[C:2](=[O:1])[O:3][H:10])([H:12])[H:13])([H:14])[H:15])[H:17],9.0,2.0
16,0.04042999818921089,AM1BCC,OpenEye,,,H,,17,[H:16][C:7]1([C:6]([C:5]([C:4]([C:9]([C:8]1([H:18])[H:19])([H:20])[H:21])([H:11])[C:2](=[O:1])[O:3][H:10])([H:12])[H:13])([H:14])[H:15])[H:17],9.0,2.0
17,0.04605000093579292,AM1BCC,OpenEye,,,H,,18,[H:16][C:7]1([C:6]([C:5]([C:4]([C:9]([C:8]1([H:18])[H:19])([H:20])[H:21])([H:11])[C:2](=[O:1])[O:3][H:10])([H:12])[H:13])([H:14])[H:15])[H:17],9.0,2.0
18,0.04605000093579292,AM1BCC,OpenEye,,,H,,19,[H:16][C:7]1([C:6]([C:5]([C:4]([C:9]([C:8]1([H:18])[H:19])([H:20])[H:21])([H:11])[C:2](=[O:1])[O:3][H:10])([H:12])[H:13])([H:14])[H:15])[H:17],9.0,2.0
19,0.05195999890565872,AM1BCC,OpenEye,,,H,,20,[H:16][C:7]1([C:6]([C:5]([C:4]([C:9]([C:8]1([H:18])[H:19])([H:20])[H:21])([H:11])[C:2](=[O:1])[O:3][H:10])([H:12])[H:13])([H:14])[H:15])[H:17],9.0,2.0
20,0.05195999890565872,AM1BCC,OpenEye,,,H,,21,[H:16][C:7]1([C:6]([C:5]([C:4]([C:9]([C:8]1([H:18])[H:19])([H:20])[H:21])([H:11])[C:2](=[O:1])[O:3][H:10])([H:12])[H:13])([H:14])[H:15])[H:17],9.0,2.0
0,-0.5528571428571429,AM1BCC,AmberTools,,,O,,1,[H:16][C:7]1([C:6]([C:5]([C:4]([C:9]([C:8]1([H:18])[H:19])([H:20])[H:21])([H:11])[C:2](=[O:1])[O:3][H:10])([H:12])[H:13])([H:14])[H:15])[H:17],9.0,2.0
1,0.6342428571428571,AM1BCC,AmberTools,,,C,,2,[H:16][C:7]1([C:6]([C:5]([C:4]([C:9]([C:8]1([H:18])[H:19])([H:20])[H:21])([H:11])[C:2](=[O:1])[O:3][H:10])([H:12])[H:13])([H:14])[H:15])[H:17],9.0,2.0
2,-0.6059571428571429,AM1BCC,AmberTools,,,O,,3,[H:16][C:7]1([C:6]([C:5]([C:4]([C:9]([C:8]1([H:18])[H:19])([H:20])[H:21])([H:11])[C:2](=[O:1])[O:3][H:10])([H:12])[H:13])([H:14])[H:15])[H:17],9.0,2.0
3,-0.10255714285714285,AM1BCC,AmberTools,,,C,,4,[H:16][C:7]1([C:6]([C:5]([C:4]([C:9]([C:8]1([H:18])[H:19])([H:20])[H:21])([H:11])[C:2](=[O:1])[O:3][H:10])([H:12])[H:13])([H:14])[H:15])[H:17],9.0,2.0
4,-0.07025714285714285,AM1BCC,AmberTools,,,C,,5,[H:16][C:7]1([C:6]([C:5]([C:4]([C:9]([C:8]1([H:18])[H:19])([H:20])[H:21])([H:11])[C:2](=[O:1])[O:3][H:10])([H:12])[H:13])([H:14])[H:15])[H:17],9.0,2.0
5,-0.07775714285714284,AM1BCC,AmberTools,,,C,,6,[H:16][C:7]1([C:6]([C:5]([C:4]([C:9]([C:8]1([H:18])[H:19])([H:20])[H:21])([H:11])[C:2](=[O:1])[O:3][H:10])([H:12])[H:13])([H:14])[H:15])[H:17],9.0,2.0
6,-0.07725714285714284,AM1BCC,AmberTools,,,C,,7,[H:16][C:7]1([C:6]([C:5]([C:4]([C:9]([C:8]1([H:18])[H:19])([H:20])[H:21])([H:11])[C:2](=[O:1])[O:3][H:10])([H:12])[H:13])([H:14])[H:15])[H:17],9.0,2.0
7,-0.07775714285714284,AM1BCC,AmberTools,,,C,,8,[H:16][C:7]1([C:6]([C:5]([C:4]([C:9]([C:8]1([H:18])[H:19])([H:20])[H:21])([H:11])[C:2](=[O:1])[O:3][H:10])([H:12])[H:13])([H:14])[H:15])[H:17],9.0,2.0
8,-0.07025714285714285,AM1BCC,AmberTools,,,C,,9,[H:16][C:7]1([C:6]([C:5]([C:4]([C:9]([C:8]1([H:18])[H:19])([H:20])[H:21])([H:11])[C:2](=[O:1])[O:3][H:10])([H:12])[H:13])([H:14])[H:15])[H:17],9.0,2.0
9,0.44214285714285717,AM1BCC,AmberTools,,,H,,10,[H:16][C:7]1([C:6]([C:5]([C:4]([C:9]([C:8]1([H:18])[H:19])([H:20])[H:21])([H:11])[C:2](=[O:1])[O:3][H:10])([H:12])[H:13])([H:14])[H:15])[H:17],9.0,2.0
10,0.08084285714285715,AM1BCC,AmberTools,,,H,,11,[H:16][C:7]1([C:6]([C:5]([C:4]([C:9]([C:8]1([H:18])[H:19])([H:20])[H:21])([H:11])[C:2](=[O:1])[O:3][H:10])([H:12])[H:13])([H:14])[H:15])[H:17],9.0,2.0
11,0.05284285714285714,AM1BCC,AmberTools,,,H,,12,[H:16][C:7]1([C:6]([C:5]([C:4]([C:9]([C:8]1([H:18])[H:19])([H:20])[H:21])([H:11])[C:2](=[O:1])[O:3][H:10])([H:12])[H:13])([H:14])[H:15])[H:17],9.0,2.0
12,0.05284285714285714,AM1BCC,AmberTools,,,H,,13,[H:16][C:7]1([C:6]([C:5]([C:4]([C:9]([C:8]1([H:18])[H:19])([H:20])[H:21])([H:11])[C:2](=[O:1])[O:3][H:10])([H:12])[H:13])([H:14])[H:15])[H:17],9.0,2.0
13,0.046342857142857144,AM1BCC,AmberTools,,,H,,14,[H:16][C:7]1([C:6]([C:5]([C:4]([C:9]([C:8]1([H:18])[H:19])([H:20])[H:21])([H:11])[C:2](=[O:1])[O:3][H:10])([H:12])[H:13])([H:14])[H:15])[H:17],9.0,2.0
14,0.046342857142857144,AM1BCC,AmberTools,,,H,,15,[H:16][C:7]1([C:6]([C:5]([C:4]([C:9]([C:8]1([H:18])[H:19])([H:20])[H:21])([H:11])[C:2](=[O:1])[O:3][H:10])([H:12])[H:13])([H:14])[H:15])[H:17],9.0,2.0
15,0.040342857142857146,AM1BCC,AmberTools,,,H,,16,[H:16][C:7]1([C:6]([C:5]([C:4]([C:9]([C:8]1([H:18])[H:19])([H:20])[H:21])([H:11])[C:2](=[O:1])[O:3][H:10])([H:12])[H:13])([H:14])[H:15])[H:17],9.0,2.0
16,0.040342857142857146,AM1BCC,AmberTools,,,H,,17,[H:16][C:7]1([C:6]([C:5]([C:4]([C:9]([C:8]1([H:18])[H:19])([H:20])[H:21])([H:11])[C:2](=[O:1])[O:3][H:10])([H:12])[H:13])([H:14])[H:15])[H:17],9.0,2.0
17,0.046342857142857144,AM1BCC,AmberTools,,,H,,18,[H:16][C:7]1([C:6]([C:5]([C:4]([C:9]([C:8]1([H:18])[H:19])([H:20])[H:21])([H:11])[C:2](=[O:1])[O:3][H:10])([H:12])[H:13])([H:14])[H:15])[H:17],9.0,2.0
18,0.046342857142857144,AM1BCC,AmberTools,,,H,,19,[H:16][C:7]1([C:6]([C:5]([C:4]([C:9]([C:8]1([H:18])[H:19])([H:20])[H:21])([H:11])[C:2](=[O:1])[O:3][H:10])([H:12])[H:13])([H:14])[H:15])[H:17],9.0,2.0
19,0.05284285714285714,AM1BCC,AmberTools,,,H,,20,[H:16][C:7]1([C:6]([C:5]([C:4]([C:9]([C:8]1([H:18])[H:19])([H:20])[H:21])([H:11])[C:2](=[O:1])[O:3][H:10])([H:12])[H:13])([H:14])[H:15])[H:17],9.0,2.0
20,0.05284285714285714,AM1BCC,AmberTools,,,H,,21,[H:16][C:7]1([C:6]([C:5]([C:4]([C:9]([C:8]1([H:18])[H:19])([H:20])[H:21])([H:11])[C:2](=[O:1])[O:3][H:10])([H:12])[H:13])([H:14])[H:15])[H:17],9.0,2.0
0,-0.5545499920845032,AM1BCC,OpenEye,,,O,,1,[H:16][C:7]1([C:6]([C:5]([C:4]([C:9]([C:8]1([H:18])[H:19])([H:20])[H:21])([H:11])[C:2](=[O:1])[O:3][H:10])([H:12])[H:13])([H:14])[H:15])[H:17],9.0,3.0
1,0.6342200040817261,AM1BCC,OpenEye,,,C,,2,[H:16][C:7]1([C:6]([C:5]([C:4]([C:9]([C:8]1([H:18])[H:19])([H:20])[H:21])([H:11])[C:2](=[O:1])[O:3][H:10])([H:12])[H:13])([H:14])[H:15])[H:17],9.0,3.0
2,-0.5986400246620178,AM1BCC,OpenEye,,,O,,3,[H:16][C:7]1([C:6]([C:5]([C:4]([C:9]([C:8]1([H:18])[H:19])([H:20])[H:21])([H:11])[C:2](=[O:1])[O:3][H:10])([H:12])[H:13])([H:14])[H:15])[H:17],9.0,3.0
3,-0.10763999819755554,AM1BCC,OpenEye,,,C,,4,[H:16][C:7]1([C:6]([C:5]([C:4]([C:9]([C:8]1([H:18])[H:19])([H:20])[H:21])([H:11])[C:2](=[O:1])[O:3][H:10])([H:12])[H:13])([H:14])[H:15])[H:17],9.0,3.0
4,-0.06904999911785126,AM1BCC,OpenEye,,,C,,5,[H:16][C:7]1([C:6]([C:5]([C:4]([C:9]([C:8]1([H:18])[H:19])([H:20])[H:21])([H:11])[C:2](=[O:1])[O:3][H:10])([H:12])[H:13])([H:14])[H:15])[H:17],9.0,3.0
5,-0.0769599974155426,AM1BCC,OpenEye,,,C,,6,[H:16][C:7]1([C:6]([C:5]([C:4]([C:9]([C:8]1([H:18])[H:19])([H:20])[H:21])([H:11])[C:2](=[O:1])[O:3][H:10])([H:12])[H:13])([H:14])[H:15])[H:17],9.0,3.0
6,-0.07791999727487564,AM1BCC,OpenEye,,,C,,7,[H:16][C:7]1([C:6]([C:5]([C:4]([C:9]([C:8]1([H:18])[H:19])([H:20])[H:21])([H:11])[C:2](=[O:1])[O:3][H:10])([H:12])[H:13])([H:14])[H:15])[H:17],9.0,3.0
7,-0.0769599974155426,AM1BCC,OpenEye,,,C,,8,[H:16][C:7]1([C:6]([C:5]([C:4]([C:9]([C:8]1([H:18])[H:19])([H:20])[H:21])([H:11])[C:2](=[O:1])[O:3][H:10])([H:12])[H:13])([H:14])[H:15])[H:17],9.0,3.0
8,-0.06904999911785126,AM1BCC,OpenEye,,,C,,9,[H:16][C:7]1([C:6]([C:5]([C:4]([C:9]([C:8]1([H:18])[H:19])([H:20])[H:21])([H:11])[C:2](=[O:1])[O:3][H:10])([H:12])[H:13])([H:14])[H:15])[H:17],9.0,3.0
9,0.44218000769615173,AM1BCC,OpenEye,,,H,,10,[H:16][C:7]1([C:6]([C:5]([C:4]([C:9]([C:8]1([H:18])[H:19])([H:20])[H:21])([H:11])[C:2](=[O:1])[O:3][H:10])([H:12])[H:13])([H:14])[H:15])[H:17],9.0,3.0
10,0.08146999776363373,AM1BCC,OpenEye,,,H,,11,[H:16][C:7]1([C:6]([C:5]([C:4]([C:9]([C:8]1([H:18])[H:19])([H:20])[H:21])([H:11])[C:2](=[O:1])[O:3][H:10])([H:12])[H:13])([H:14])[H:15])[H:17],9.0,3.0
11,0.05195999890565872,AM1BCC,OpenEye,,,H,,12,[H:16][C:7]1([C:6]([C:5]([C:4]([C:9]([C:8]1([H:18])[H:19])([H:20])[H:21])([H:11])[C:2](=[O:1])[O:3][H:10])([H:12])[H:13])([H:14])[H:15])[H:17],9.0,3.0
12,0.05195999890565872,AM1BCC,OpenEye,,,H,,13,[H:16][C:7]1([C:6]([C:5]([C:4]([C:9]([C:8]1([H:18])[H:19])([H:20])[H:21])([H:11])[C:2](=[O:1])[O:3][H:10])([H:12])[H:13])([H:14])[H:15])[H:17],9.0,3.0
13,0.04605000093579292,AM1BCC,OpenEye,,,H,,14,[H:16][C:7]1([C:6]([C:5]([C:4]([C:9]([C:8]1([H:18])[H:19])([H:20])[H:21])([H:11])[C:2](=[O:1])[O:3][H:10])([H:12])[H:13])([H:14])[H:15])[H:17],9.0,3.0
14,0.04605000093579292,AM1BCC,OpenEye,,,H,,15,[H:16][C:7]1([C:6]([C:5]([C:4]([C:9]([C:8]1([H:18])[H:19])([H:20])[H:21])([H:11])[C:2](=[O:1])[O:3][H:10])([H:12])[H:13])([H:14])[H:15])[H:17],9.0,3.0
15,0.04042999818921089,AM1BCC,OpenEye,,,H,,16,[H:16][C:7]1([C:6]([C:5]([C:4]([C:9]([C:8]1([H:18])[H:19])([H:20])[H:21])([H:11])[C:2](=[O:1])[O:3][H:10])([H:12])[H:13])([H:14])[H:15])[H:17],9.0,3.0
16,0.04042999818921089,AM1BCC,OpenEye,,,H,,17,[H:16][C:7]1([C:6]([C:5]([C:4]([C:9]([C:8]1([H:18])[H:19])([H:20])[H:21])([H:11])[C:2](=[O:1])[O:3][H:10])([H:12])[H:13])([H:14])[H:15])[H:17],9.0,3.0
17,0.04605000093579292,AM1BCC,OpenEye,,,H,,18,[H:16][C:7]1([C:6]([C:5]([C:4]([C:9]([C:8]1([H:18])[H:19])([H:20])[H:21])([H:11])[C:2](=[O:1])[O:3][H:10])([H:12])[H:13])([H:14])[H:15])[H:17],9.0,3.0
18,0.04605000093579292,AM1BCC,OpenEye,,,H,,19,[H:16][C:7]1([C:6]([C:5]([C:4]([C:9]([C:8]1([H:18])[H:19])([H:20])[H:21])([H:11])[C:2](=[O:1])[O:3][H:10])([H:12])[H:13])([H:14])[H:15])[H:17],9.0,3.0
19,0.05195999890565872,AM1BCC,OpenEye,,,H,,20,[H:16][C:7]1([C:6]([C:5]([C:4]([C:9]([C:8]1([H:18])[H:19])([H:20])[H:21])([H:11])[C:2](=[O:1])[O:3][H:10])([H:12])[H:13])([H:14])[H:15])[H:17],9.0,3.0
20,0.05195999890565872,AM1BCC,OpenEye,,,H,,21,[H:16][C:7]1([C:6]([C:5]([C:4]([C:9]([C:8]1([H:18])[H:19])([H:20])[H:21])([H:11])[C:2](=[O:1])[O:3][H:10])([H:12])[H:13])([H:14])[H:15])[H:17],9.0,3.0
0,-0.5528571428571429,AM1BCC,AmberTools,,,O,,1,[H:16][C:7]1([C:6]([C:5]([C:4]([C:9]([C:8]1([H:18])[H:19])([H:20])[H:21])([H:11])[C:2](=[O:1])[O:3][H:10])([H:12])[H:13])([H:14])[H:15])[H:17],9.0,3.0
1,0.6342428571428571,AM1BCC,AmberTools,,,C,,2,[H:16][C:7]1([C:6]([C:5]([C:4]([C:9]([C:8]1([H:18])[H:19])([H:20])[H:21])([H:11])[C:2](=[O:1])[O:3][H:10])([H:12])[H:13])([H:14])[H:15])[H:17],9.0,3.0
2,-0.6059571428571429,AM1BCC,AmberTools,,,O,,3,[H:16][C:7]1([C:6]([C:5]([C:4]([C:9]([C:8]1([H:18])[H:19])([H:20])[H:21])([H:11])[C:2](=[O:1])[O:3][H:10])([H:12])[H:13])([H:14])[H:15])[H:17],9.0,3.0
3,-0.10255714285714285,AM1BCC,AmberTools,,,C,,4,[H:16][C:7]1([C:6]([C:5]([C:4]([C:9]([C:8]1([H:18])[H:19])([H:20])[H:21])([H:11])[C:2](=[O:1])[O:3][H:10])([H:12])[H:13])([H:14])[H:15])[H:17],9.0,3.0
4,-0.07025714285714285,AM1BCC,AmberTools,,,C,,5,[H:16][C:7]1([C:6]([C:5]([C:4]([C:9]([C:8]1([H:18])[H:19])([H:20])[H:21])([H:11])[C:2](=[O:1])[O:3][H:10])([H:12])[H:13])([H:14])[H:15])[H:17],9.0,3.0
5,-0.07775714285714284,AM1BCC,AmberTools,,,C,,6,[H:16][C:7]1([C:6]([C:5]([C:4]([C:9]([C:8]1([H:18])[H:19])([H:20])[H:21])([H:11])[C:2](=[O:1])[O:3][H:10])([H:12])[H:13])([H:14])[H:15])[H:17],9.0,3.0
6,-0.07725714285714284,AM1BCC,AmberTools,,,C,,7,[H:16][C:7]1([C:6]([C:5]([C:4]([C:9]([C:8]1([H:18])[H:19])([H:20])[H:21])([H:11])[C:2](=[O:1])[O:3][H:10])([H:12])[H:13])([H:14])[H:15])[H:17],9.0,3.0
7,-0.07775714285714284,AM1BCC,AmberTools,,,C,,8,[H:16][C:7]1([C:6]([C:5]([C:4]([C:9]([C:8]1([H:18])[H:19])([H:20])[H:21])([H:11])[C:2](=[O:1])[O:3][H:10])([H:12])[H:13])([H:14])[H:15])[H:17],9.0,3.0
8,-0.07025714285714285,AM1BCC,AmberTools,,,C,,9,[H:16][C:7]1([C:6]([C:5]([C:4]([C:9]([C:8]1([H:18])[H:19])([H:20])[H:21])([H:11])[C:2](=[O:1])[O:3][H:10])([H:12])[H:13])([H:14])[H:15])[H:17],9.0,3.0
9,0.44214285714285717,AM1BCC,AmberTools,,,H,,10,[H:16][C:7]1([C:6]([C:5]([C:4]([C:9]([C:8]1([H:18])[H:19])([H:20])[H:21])([H:11])[C:2](=[O:1])[O:3][H:10])([H:12])[H:13])([H:14])[H:15])[H:17],9.0,3.0
10,0.08084285714285715,AM1BCC,AmberTools,,,H,,11,[H:16][C:7]1([C:6]([C:5]([C:4]([C:9]([C:8]1([H:18])[H:19])([H:20])[H:21])([H:11])[C:2](=[O:1])[O:3][H:10])([H:12])[H:13])([H:14])[H:15])[H:17],9.0,3.0
11,0.05284285714285714,AM1BCC,AmberTools,,,H,,12,[H:16][C:7]1([C:6]([C:5]([C:4]([C:9]([C:8]1([H:18])[H:19])([H:20])[H:21])([H:11])[C:2](=[O:1])[O:3][H:10])([H:12])[H:13])([H:14])[H:15])[H:17],9.0,3.0
12,0.05284285714285714,AM1BCC,AmberTools,,,H,,13,[H:16][C:7]1([C:6]([C:5]([C:4]([C:9]([C:8]1([H:18])[H:19])([H:20])[H:21])([H:11])[C:2](=[O:1])[O:3][H:10])([H:12])[H:13])([H:14])[H:15])[H:17],9.0,3.0
13,0.046342857142857144,AM1BCC,AmberTools,,,H,,14,[H:16][C:7]1([C:6]([C:5]([C:4]([C:9]([C:8]1([H:18])[H:19])([H:20])[H:21])([H:11])[C:2](=[O:1])[O:3][H:10])([H:12])[H:13])([H:14])[H:15])[H:17],9.0,3.0
14,0.046342857142857144,AM1BCC,AmberTools,,,H,,15,[H:16][C:7]1([C:6]([C:5]([C:4]([C:9]([C:8]1([H:18])[H:19])([H:20])[H:21])([H:11])[C:2](=[O:1])[O:3][H:10])([H:12])[H:13])([H:14])[H:15])[H:17],9.0,3.0
15,0.040342857142857146,AM1BCC,AmberTools,,,H,,16,[H:16][C:7]1([C:6]([C:5]([C:4]([C:9]([C:8]1([H:18])[H:19])([H:20])[H:21])([H:11])[C:2](=[O:1])[O:3][H:10])([H:12])[H:13])([H:14])[H:15])[H:17],9.0,3.0
16,0.040342857142857146,AM1BCC,AmberTools,,,H,,17,[H:16][C:7]1([C:6]([C:5]([C:4]([C:9]([C:8]1([H:18])[H:19])([H:20])[H:21])([H:11])[C:2](=[O:1])[O:3][H:10])([H:12])[H:13])([H:14])[H:15])[H:17],9.0,3.0
17,0.046342857142857144,AM1BCC,AmberTools,,,H,,18,[H:16][C:7]1([C:6]([C:5]([C:4]([C:9]([C:8]1([H:18])[H:19])([H:20])[H:21])([H:11])[C:2](=[O:1])[O:3][H:10])([H:12])[H:13])([H:14])[H:15])[H:17],9.0,3.0
18,0.046342857142857144,AM1BCC,AmberTools,,,H,,19,[H:16][C:7]1([C:6]([C:5]([C:4]([C:9]([C:8]1([H:18])[H:19])([H:20])[H:21])([H:11])[C:2](=[O:1])[O:3][H:10])([H:12])[H:13])([H:14])[H:15])[H:17],9.0,3.0
19,0.05284285714285714,AM1BCC,AmberTools,,,H,,20,[H:16][C:7]1([C:6]([C:5]([C:4]([C:9]([C:8]1([H:18])[H:19])([H:20])[H:21])([H:11])[C:2](=[O:1])[O:3][H:10])([H:12])[H:13])([H:14])[H:15])[H:17],9.0,3.0
20,0.05284285714285714,AM1BCC,AmberTools,,,H,,21,[H:16][C:7]1([C:6]([C:5]([C:4]([C:9]([C:8]1([H:18])[H:19])([H:20])[H:21])([H:11])[C:2](=[O:1])[O:3][H:10])([H:12])[H:13])([H:14])[H:15])[H:17],9.0,3.0
0,-0.5545499920845032,AM1BCC,OpenEye,,,O,,1,[H:16][C:7]1([C:6]([C:5]([C:4]([C:9]([C:8]1([H:18])[H:19])([H:20])[H:21])([H:11])[C:2](=[O:1])[O:3][H:10])([H:12])[H:13])([H:14])[H:15])[H:17],9.0,4.0
1,0.6342200040817261,AM1BCC,OpenEye,,,C,,2,[H:16][C:7]1([C:6]([C:5]([C:4]([C:9]([C:8]1([H:18])[H:19])([H:20])[H:21])([H:11])[C:2](=[O:1])[O:3][H:10])([H:12])[H:13])([H:14])[H:15])[H:17],9.0,4.0
2,-0.5986400246620178,AM1BCC,OpenEye,,,O,,3,[H:16][C:7]1([C:6]([C:5]([C:4]([C:9]([C:8]1([H:18])[H:19])([H:20])[H:21])([H:11])[C:2](=[O:1])[O:3][H:10])([H:12])[H:13])([H:14])[H:15])[H:17],9.0,4.0
3,-0.10763999819755554,AM1BCC,OpenEye,,,C,,4,[H:16][C:7]1([C:6]([C:5]([C:4]([C:9]([C:8]1([H:18])[H:19])([H:20])[H:21])([H:11])[C:2](=[O:1])[O:3][H:10])([H:12])[H:13])([H:14])[H:15])[H:17],9.0,4.0
4,-0.06904999911785126,AM1BCC,OpenEye,,,C,,5,[H:16][C:7]1([C:6]([C:5]([C:4]([C:9]([C:8]1([H:18])[H:19])([H:20])[H:21])([H:11])[C:2](=[O:1])[O:3][H:10])([H:12])[H:13])([H:14])[H:15])[H:17],9.0,4.0
5,-0.0769599974155426,AM1BCC,OpenEye,,,C,,6,[H:16][C:7]1([C:6]([C:5]([C:4]([C:9]([C:8]1([H:18])[H:19])([H:20])[H:21])([H:11])[C:2](=[O:1])[O:3][H:10])([H:12])[H:13])([H:14])[H:15])[H:17],9.0,4.0
6,-0.07791999727487564,AM1BCC,OpenEye,,,C,,7,[H:16][C:7]1([C:6]([C:5]([C:4]([C:9]([C:8]1([H:18])[H:19])([H:20])[H:21])([H:11])[C:2](=[O:1])[O:3][H:10])([H:12])[H:13])([H:14])[H:15])[H:17],9.0,4.0
7,-0.0769599974155426,AM1BCC,OpenEye,,,C,,8,[H:16][C:7]1([C:6]([C:5]([C:4]([C:9]([C:8]1([H:18])[H:19])([H:20])[H:21])([H:11])[C:2](=[O:1])[O:3][H:10])([H:12])[H:13])([H:14])[H:15])[H:17],9.0,4.0
8,-0.06904999911785126,AM1BCC,OpenEye,,,C,,9,[H:16][C:7]1([C:6]([C:5]([C:4]([C:9]([C:8]1([H:18])[H:19])([H:20])[H:21])([H:11])[C:2](=[O:1])[O:3][H:10])([H:12])[H:13])([H:14])[H:15])[H:17],9.0,4.0
9,0.44218000769615173,AM1BCC,OpenEye,,,H,,10,[H:16][C:7]1([C:6]([C:5]([C:4]([C:9]([C:8]1([H:18])[H:19])([H:20])[H:21])([H:11])[C:2](=[O:1])[O:3][H:10])([H:12])[H:13])([H:14])[H:15])[H:17],9.0,4.0
10,0.08146999776363373,AM1BCC,OpenEye,,,H,,11,[H:16][C:7]1([C:6]([C:5]([C:4]([C:9]([C:8]1([H:18])[H:19])([H:20])[H:21])([H:11])[C:2](=[O:1])[O:3][H:10])([H:12])[H:13])([H:14])[H:15])[H:17],9.0,4.0
11,0.05195999890565872,AM1BCC,OpenEye,,,H,,12,[H:16][C:7]1([C:6]([C:5]([C:4]([C:9]([C:8]1([H:18])[H:19])([H:20])[H:21])([H:11])[C:2](=[O:1])[O:3][H:10])([H:12])[H:13])([H:14])[H:15])[H:17],9.0,4.0
12,0.05195999890565872,AM1BCC,OpenEye,,,H,,13,[H:16][C:7]1([C:6]([C:5]([C:4]([C:9]([C:8]1([H:18])[H:19])([H:20])[H:21])([H:11])[C:2](=[O:1])[O:3][H:10])([H:12])[H:13])([H:14])[H:15])[H:17],9.0,4.0
13,0.04605000093579292,AM1BCC,OpenEye,,,H,,14,[H:16][C:7]1([C:6]([C:5]([C:4]([C:9]([C:8]1([H:18])[H:19])([H:20])[H:21])([H:11])[C:2](=[O:1])[O:3][H:10])([H:12])[H:13])([H:14])[H:15])[H:17],9.0,4.0
14,0.04605000093579292,AM1BCC,OpenEye,,,H,,15,[H:16][C:7]1([C:6]([C:5]([C:4]([C:9]([C:8]1([H:18])[H:19])([H:20])[H:21])([H:11])[C:2](=[O:1])[O:3][H:10])([H:12])[H:13])([H:14])[H:15])[H:17],9.0,4.0
15,0.04042999818921089,AM1BCC,OpenEye,,,H,,16,[H:16][C:7]1([C:6]([C:5]([C:4]([C:9]([C:8]1([H:18])[H:19])([H:20])[H:21])([H:11])[C:2](=[O:1])[O:3][H:10])([H:12])[H:13])([H:14])[H:15])[H:17],9.0,4.0
16,0.04042999818921089,AM1BCC,OpenEye,,,H,,17,[H:16][C:7]1([C:6]([C:5]([C:4]([C:9]([C:8]1([H:18])[H:19])([H:20])[H:21])([H:11])[C:2](=[O:1])[O:3][H:10])([H:12])[H:13])([H:14])[H:15])[H:17],9.0,4.0
17,0.04605000093579292,AM1BCC,OpenEye,,,H,,18,[H:16][C:7]1([C:6]([C:5]([C:4]([C:9]([C:8]1([H:18])[H:19])([H:20])[H:21])([H:11])[C:2](=[O:1])[O:3][H:10])([H:12])[H:13])([H:14])[H:15])[H:17],9.0,4.0
18,0.04605000093579292,AM1BCC,OpenEye,,,H,,19,[H:16][C:7]1([C:6]([C:5]([C:4]([C:9]([C:8]1([H:18])[H:19])([H:20])[H:21])([H:11])[C:2](=[O:1])[O:3][H:10])([H:12])[H:13])([H:14])[H:15])[H:17],9.0,4.0
19,0.05195999890565872,AM1BCC,OpenEye,,,H,,20,[H:16][C:7]1([C:6]([C:5]([C:4]([C:9]([C:8]1([H:18])[H:19])([H:20])[H:21])([H:11])[C:2](=[O:1])[O:3][H:10])([H:12])[H:13])([H:14])[H:15])[H:17],9.0,4.0
20,0.05195999890565872,AM1BCC,OpenEye,,,H,,21,[H:16][C:7]1([C:6]([C:5]([C:4]([C:9]([C:8]1([H:18])[H:19])([H:20])[H:21])([H:11])[C:2](=[O:1])[O:3][H:10])([H:12])[H:13])([H:14])[H:15])[H:17],9.0,4.0
0,-0.5528571428571429,AM1BCC,AmberTools,,,O,,1,[H:16][C:7]1([C:6]([C:5]([C:4]([C:9]([C:8]1([H:18])[H:19])([H:20])[H:21])([H:11])[C:2](=[O:1])[O:3][H:10])([H:12])[H:13])([H:14])[H:15])[H:17],9.0,4.0
1,0.6342428571428571,AM1BCC,AmberTools,,,C,,2,[H:16][C:7]1([C:6]([C:5]([C:4]([C:9]([C:8]1([H:18])[H:19])([H:20])[H:21])([H:11])[C:2](=[O:1])[O:3][H:10])([H:12])[H:13])([H:14])[H:15])[H:17],9.0,4.0
2,-0.6059571428571429,AM1BCC,AmberTools,,,O,,3,[H:16][C:7]1([C:6]([C:5]([C:4]([C:9]([C:8]1([H:18])[H:19])([H:20])[H:21])([H:11])[C:2](=[O:1])[O:3][H:10])([H:12])[H:13])([H:14])[H:15])[H:17],9.0,4.0
3,-0.10255714285714285,AM1BCC,AmberTools,,,C,,4,[H:16][C:7]1([C:6]([C:5]([C:4]([C:9]([C:8]1([H:18])[H:19])([H:20])[H:21])([H:11])[C:2](=[O:1])[O:3][H:10])([H:12])[H:13])([H:14])[H:15])[H:17],9.0,4.0
4,-0.07025714285714285,AM1BCC,AmberTools,,,C,,5,[H:16][C:7]1([C:6]([C:5]([C:4]([C:9]([C:8]1([H:18])[H:19])([H:20])[H:21])([H:11])[C:2](=[O:1])[O:3][H:10])([H:12])[H:13])([H:14])[H:15])[H:17],9.0,4.0
5,-0.07775714285714284,AM1BCC,AmberTools,,,C,,6,[H:16][C:7]1([C:6]([C:5]([C:4]([C:9]([C:8]1([H:18])[H:19])([H:20])[H:21])([H:11])[C:2](=[O:1])[O:3][H:10])([H:12])[H:13])([H:14])[H:15])[H:17],9.0,4.0
6,-0.07725714285714284,AM1BCC,AmberTools,,,C,,7,[H:16][C:7]1([C:6]([C:5]([C:4]([C:9]([C:8]1([H:18])[H:19])([H:20])[H:21])([H:11])[C:2](=[O:1])[O:3][H:10])([H:12])[H:13])([H:14])[H:15])[H:17],9.0,4.0
7,-0.07775714285714284,AM1BCC,AmberTools,,,C,,8,[H:16][C:7]1([C:6]([C:5]([C:4]([C:9]([C:8]1([H:18])[H:19])([H:20])[H:21])([H:11])[C:2](=[O:1])[O:3][H:10])([H:12])[H:13])([H:14])[H:15])[H:17],9.0,4.0
8,-0.07025714285714285,AM1BCC,AmberTools,,,C,,9,[H:16][C:7]1([C:6]([C:5]([C:4]([C:9]([C:8]1([H:18])[H:19])([H:20])[H:21])([H:11])[C:2](=[O:1])[O:3][H:10])([H:12])[H:13])([H:14])[H:15])[H:17],9.0,4.0
9,0.44214285714285717,AM1BCC,AmberTools,,,H,,10,[H:16][C:7]1([C:6]([C:5]([C:4]([C:9]([C:8]1([H:18])[H:19])([H:20])[H:21])([H:11])[C:2](=[O:1])[O:3][H:10])([H:12])[H:13])([H:14])[H:15])[H:17],9.0,4.0
10,0.08084285714285715,AM1BCC,AmberTools,,,H,,11,[H:16][C:7]1([C:6]([C:5]([C:4]([C:9]([C:8]1([H:18])[H:19])([H:20])[H:21])([H:11])[C:2](=[O:1])[O:3][H:10])([H:12])[H:13])([H:14])[H:15])[H:17],9.0,4.0
11,0.05284285714285714,AM1BCC,AmberTools,,,H,,12,[H:16][C:7]1([C:6]([C:5]([C:4]([C:9]([C:8]1([H:18])[H:19])([H:20])[H:21])([H:11])[C:2](=[O:1])[O:3][H:10])([H:12])[H:13])([H:14])[H:15])[H:17],9.0,4.0
12,0.05284285714285714,AM1BCC,AmberTools,,,H,,13,[H:16][C:7]1([C:6]([C:5]([C:4]([C:9]([C:8]1([H:18])[H:19])([H:20])[H:21])([H:11])[C:2](=[O:1])[O:3][H:10])([H:12])[H:13])([H:14])[H:15])[H:17],9.0,4.0
13,0.046342857142857144,AM1BCC,AmberTools,,,H,,14,[H:16][C:7]1([C:6]([C:5]([C:4]([C:9]([C:8]1([H:18])[H:19])([H:20])[H:21])([H:11])[C:2](=[O:1])[O:3][H:10])([H:12])[H:13])([H:14])[H:15])[H:17],9.0,4.0
14,0.046342857142857144,AM1BCC,AmberTools,,,H,,15,[H:16][C:7]1([C:6]([C:5]([C:4]([C:9]([C:8]1([H:18])[H:19])([H:20])[H:21])([H:11])[C:2](=[O:1])[O:3][H:10])([H:12])[H:13])([H:14])[H:15])[H:17],9.0,4.0
15,0.040342857142857146,AM1BCC,AmberTools,,,H,,16,[H:16][C:7]1([C:6]([C:5]([C:4]([C:9]([C:8]1([H:18])[H:19])([H:20])[H:21])([H:11])[C:2](=[O:1])[O:3][H:10])([H:12])[H:13])([H:14])[H:15])[H:17],9.0,4.0
16,0.040342857142857146,AM1BCC,AmberTools,,,H,,17,[H:16][C:7]1([C:6]([C:5]([C:4]([C:9]([C:8]1([H:18])[H:19])([H:20])[H:21])([H:11])[C:2](=[O:1])[O:3][H:10])([H:12])[H:13])([H:14])[H:15])[H:17],9.0,4.0
17,0.046342857142857144,AM1BCC,AmberTools,,,H,,18,[H:16][C:7]1([C:6]([C:5]([C:4]([C:9]([C:8]1([H:18])[H:19])([H:20])[H:21])([H:11])[C:2](=[O:1])[O:3][H:10])([H:12])[H:13])([H:14])[H:15])[H:17],9.0,4.0
18,0.046342857142857144,AM1BCC,AmberTools,,,H,,19,[H:16][C:7]1([C:6]([C:5]([C:4]([C:9]([C:8]1([H:18])[H:19])([H:20])[H:21])([H:11])[C:2](=[O:1])[O:3][H:10])([H:12])[H:13])([H:14])[H:15])[H:17],9.0,4.0
19,0.05284285714285714,AM1BCC,AmberTools,,,H,,20,[H:16][C:7]1([C:6]([C:5]([C:4]([C:9]([C:8]1([H:18])[H:19])([H:20])[H:21])([H:11])[C:2](=[O:1])[O:3][H:10])([H:12])[H:13])([H:14])[H:15])[H:17],9.0,4.0
20,0.05284285714285714,AM1BCC,AmberTools,,,H,,21,[H:16][C:7]1([C:6]([C:5]([C:4]([C:9]([C:8]1([H:18])[H:19])([H:20])[H:21])([H:11])[C:2](=[O:1])[O:3][H:10])([H:12])[H:13])([H:14])[H:15])[H:17],9.0,4.0
0,-0.5545499920845032,AM1BCC,OpenEye,,,O,,1,[H:16][C:7]1([C:6]([C:5]([C:4]([C:9]([C:8]1([H:18])[H:19])([H:20])[H:21])([H:11])[C:2](=[O:1])[O:3][H:10])([H:12])[H:13])([H:14])[H:15])[H:17],9.0,5.0
1,0.6342200040817261,AM1BCC,OpenEye,,,C,,2,[H:16][C:7]1([C:6]([C:5]([C:4]([C:9]([C:8]1([H:18])[H:19])([H:20])[H:21])([H:11])[C:2](=[O:1])[O:3][H:10])([H:12])[H:13])([H:14])[H:15])[H:17],9.0,5.0
2,-0.5986400246620178,AM1BCC,OpenEye,,,O,,3,[H:16][C:7]1([C:6]([C:5]([C:4]([C:9]([C:8]1([H:18])[H:19])([H:20])[H:21])([H:11])[C:2](=[O:1])[O:3][H:10])([H:12])[H:13])([H:14])[H:15])[H:17],9.0,5.0
3,-0.10763999819755554,AM1BCC,OpenEye,,,C,,4,[H:16][C:7]1([C:6]([C:5]([C:4]([C:9]([C:8]1([H:18])[H:19])([H:20])[H:21])([H:11])[C:2](=[O:1])[O:3][H:10])([H:12])[H:13])([H:14])[H:15])[H:17],9.0,5.0
4,-0.06904999911785126,AM1BCC,OpenEye,,,C,,5,[H:16][C:7]1([C:6]([C:5]([C:4]([C:9]([C:8]1([H:18])[H:19])([H:20])[H:21])([H:11])[C:2](=[O:1])[O:3][H:10])([H:12])[H:13])([H:14])[H:15])[H:17],9.0,5.0
5,-0.0769599974155426,AM1BCC,OpenEye,,,C,,6,[H:16][C:7]1([C:6]([C:5]([C:4]([C:9]([C:8]1([H:18])[H:19])([H:20])[H:21])([H:11])[C:2](=[O:1])[O:3][H:10])([H:12])[H:13])([H:14])[H:15])[H:17],9.0,5.0
6,-0.07791999727487564,AM1BCC,OpenEye,,,C,,7,[H:16][C:7]1([C:6]([C:5]([C:4]([C:9]([C:8]1([H:18])[H:19])([H:20])[H:21])([H:11])[C:2](=[O:1])[O:3][H:10])([H:12])[H:13])([H:14])[H:15])[H:17],9.0,5.0
7,-0.0769599974155426,AM1BCC,OpenEye,,,C,,8,[H:16][C:7]1([C:6]([C:5]([C:4]([C:9]([C:8]1([H:18])[H:19])([H:20])[H:21])([H:11])[C:2](=[O:1])[O:3][H:10])([H:12])[H:13])([H:14])[H:15])[H:17],9.0,5.0
8,-0.06904999911785126,AM1BCC,OpenEye,,,C,,9,[H:16][C:7]1([C:6]([C:5]([C:4]([C:9]([C:8]1([H:18])[H:19])([H:20])[H:21])([H:11])[C:2](=[O:1])[O:3][H:10])([H:12])[H:13])([H:14])[H:15])[H:17],9.0,5.0
9,0.44218000769615173,AM1BCC,OpenEye,,,H,,10,[H:16][C:7]1([C:6]([C:5]([C:4]([C:9]([C:8]1([H:18])[H:19])([H:20])[H:21])([H:11])[C:2](=[O:1])[O:3][H:10])([H:12])[H:13])([H:14])[H:15])[H:17],9.0,5.0
10,0.08146999776363373,AM1BCC,OpenEye,,,H,,11,[H:16][C:7]1([C:6]([C:5]([C:4]([C:9]([C:8]1([H:18])[H:19])([H:20])[H:21])([H:11])[C:2](=[O:1])[O:3][H:10])([H:12])[H:13])([H:14])[H:15])[H:17],9.0,5.0
11,0.05195999890565872,AM1BCC,OpenEye,,,H,,12,[H:16][C:7]1([C:6]([C:5]([C:4]([C:9]([C:8]1([H:18])[H:19])([H:20])[H:21])([H:11])[C:2](=[O:1])[O:3][H:10])([H:12])[H:13])([H:14])[H:15])[H:17],9.0,5.0
12,0.05195999890565872,AM1BCC,OpenEye,,,H,,13,[H:16][C:7]1([C:6]([C:5]([C:4]([C:9]([C:8]1([H:18])[H:19])([H:20])[H:21])([H:11])[C:2](=[O:1])[O:3][H:10])([H:12])[H:13])([H:14])[H:15])[H:17],9.0,5.0
13,0.04605000093579292,AM1BCC,OpenEye,,,H,,14,[H:16][C:7]1([C:6]([C:5]([C:4]([C:9]([C:8]1([H:18])[H:19])([H:20])[H:21])([H:11])[C:2](=[O:1])[O:3][H:10])([H:12])[H:13])([H:14])[H:15])[H:17],9.0,5.0
14,0.04605000093579292,AM1BCC,OpenEye,,,H,,15,[H:16][C:7]1([C:6]([C:5]([C:4]([C:9]([C:8]1([H:18])[H:19])([H:20])[H:21])([H:11])[C:2](=[O:1])[O:3][H:10])([H:12])[H:13])([H:14])[H:15])[H:17],9.0,5.0
15,0.04042999818921089,AM1BCC,OpenEye,,,H,,16,[H:16][C:7]1([C:6]([C:5]([C:4]([C:9]([C:8]1([H:18])[H:19])([H:20])[H:21])([H:11])[C:2](=[O:1])[O:3][H:10])([H:12])[H:13])([H:14])[H:15])[H:17],9.0,5.0
16,0.04042999818921089,AM1BCC,OpenEye,,,H,,17,[H:16][C:7]1([C:6]([C:5]([C:4]([C:9]([C:8]1([H:18])[H:19])([H:20])[H:21])([H:11])[C:2](=[O:1])[O:3][H:10])([H:12])[H:13])([H:14])[H:15])[H:17],9.0,5.0
17,0.04605000093579292,AM1BCC,OpenEye,,,H,,18,[H:16][C:7]1([C:6]([C:5]([C:4]([C:9]([C:8]1([H:18])[H:19])([H:20])[H:21])([H:11])[C:2](=[O:1])[O:3][H:10])([H:12])[H:13])([H:14])[H:15])[H:17],9.0,5.0
18,0.04605000093579292,AM1BCC,OpenEye,,,H,,19,[H:16][C:7]1([C:6]([C:5]([C:4]([C:9]([C:8]1([H:18])[H:19])([H:20])[H:21])([H:11])[C:2](=[O:1])[O:3][H:10])([H:12])[H:13])([H:14])[H:15])[H:17],9.0,5.0
19,0.05195999890565872,AM1BCC,OpenEye,,,H,,20,[H:16][C:7]1([C:6]([C:5]([C:4]([C:9]([C:8]1([H:18])[H:19])([H:20])[H:21])([H:11])[C:2](=[O:1])[O:3][H:10])([H:12])[H:13])([H:14])[H:15])[H:17],9.0,5.0
20,0.05195999890565872,AM1BCC,OpenEye,,,H,,21,[H:16][C:7]1([C:6]([C:5]([C:4]([C:9]([C:8]1([H:18])[H:19])([H:20])[H:21])([H:11])[C:2](=[O:1])[O:3][H:10])([H:12])[H:13])([H:14])[H:15])[H:17],9.0,5.0
0,-0.5528571428571429,AM1BCC,AmberTools,,,O,,1,[H:16][C:7]1([C:6]([C:5]([C:4]([C:9]([C:8]1([H:18])[H:19])([H:20])[H:21])([H:11])[C:2](=[O:1])[O:3][H:10])([H:12])[H:13])([H:14])[H:15])[H:17],9.0,5.0
1,0.6342428571428571,AM1BCC,AmberTools,,,C,,2,[H:16][C:7]1([C:6]([C:5]([C:4]([C:9]([C:8]1([H:18])[H:19])([H:20])[H:21])([H:11])[C:2](=[O:1])[O:3][H:10])([H:12])[H:13])([H:14])[H:15])[H:17],9.0,5.0
2,-0.6059571428571429,AM1BCC,AmberTools,,,O,,3,[H:16][C:7]1([C:6]([C:5]([C:4]([C:9]([C:8]1([H:18])[H:19])([H:20])[H:21])([H:11])[C:2](=[O:1])[O:3][H:10])([H:12])[H:13])([H:14])[H:15])[H:17],9.0,5.0
3,-0.10255714285714285,AM1BCC,AmberTools,,,C,,4,[H:16][C:7]1([C:6]([C:5]([C:4]([C:9]([C:8]1([H:18])[H:19])([H:20])[H:21])([H:11])[C:2](=[O:1])[O:3][H:10])([H:12])[H:13])([H:14])[H:15])[H:17],9.0,5.0
4,-0.07025714285714285,AM1BCC,AmberTools,,,C,,5,[H:16][C:7]1([C:6]([C:5]([C:4]([C:9]([C:8]1([H:18])[H:19])([H:20])[H:21])([H:11])[C:2](=[O:1])[O:3][H:10])([H:12])[H:13])([H:14])[H:15])[H:17],9.0,5.0
5,-0.07775714285714284,AM1BCC,AmberTools,,,C,,6,[H:16][C:7]1([C:6]([C:5]([C:4]([C:9]([C:8]1([H:18])[H:19])([H:20])[H:21])([H:11])[C:2](=[O:1])[O:3][H:10])([H:12])[H:13])([H:14])[H:15])[H:17],9.0,5.0
6,-0.07725714285714284,AM1BCC,AmberTools,,,C,,7,[H:16][C:7]1([C:6]([C:5]([C:4]([C:9]([C:8]1([H:18])[H:19])([H:20])[H:21])([H:11])[C:2](=[O:1])[O:3][H:10])([H:12])[H:13])([H:14])[H:15])[H:17],9.0,5.0
7,-0.07775714285714284,AM1BCC,AmberTools,,,C,,8,[H:16][C:7]1([C:6]([C:5]([C:4]([C:9]([C:8]1([H:18])[H:19])([H:20])[H:21])([H:11])[C:2](=[O:1])[O:3][H:10])([H:12])[H:13])([H:14])[H:15])[H:17],9.0,5.0
8,-0.07025714285714285,AM1BCC,AmberTools,,,C,,9,[H:16][C:7]1([C:6]([C:5]([C:4]([C:9]([C:8]1([H:18])[H:19])([H:20])[H:21])([H:11])[C:2](=[O:1])[O:3][H:10])([H:12])[H:13])([H:14])[H:15])[H:17],9.0,5.0
9,0.44214285714285717,AM1BCC,AmberTools,,,H,,10,[H:16][C:7]1([C:6]([C:5]([C:4]([C:9]([C:8]1([H:18])[H:19])([H:20])[H:21])([H:11])[C:2](=[O:1])[O:3][H:10])([H:12])[H:13])([H:14])[H:15])[H:17],9.0,5.0
10,0.08084285714285715,AM1BCC,AmberTools,,,H,,11,[H:16][C:7]1([C:6]([C:5]([C:4]([C:9]([C:8]1([H:18])[H:19])([H:20])[H:21])([H:11])[C:2](=[O:1])[O:3][H:10])([H:12])[H:13])([H:14])[H:15])[H:17],9.0,5.0
11,0.05284285714285714,AM1BCC,AmberTools,,,H,,12,[H:16][C:7]1([C:6]([C:5]([C:4]([C:9]([C:8]1([H:18])[H:19])([H:20])[H:21])([H:11])[C:2](=[O:1])[O:3][H:10])([H:12])[H:13])([H:14])[H:15])[H:17],9.0,5.0
12,0.05284285714285714,AM1BCC,AmberTools,,,H,,13,[H:16][C:7]1([C:6]([C:5]([C:4]([C:9]([C:8]1([H:18])[H:19])([H:20])[H:21])([H:11])[C:2](=[O:1])[O:3][H:10])([H:12])[H:13])([H:14])[H:15])[H:17],9.0,5.0
13,0.046342857142857144,AM1BCC,AmberTools,,,H,,14,[H:16][C:7]1([C:6]([C:5]([C:4]([C:9]([C:8]1([H:18])[H:19])([H:20])[H:21])([H:11])[C:2](=[O:1])[O:3][H:10])([H:12])[H:13])([H:14])[H:15])[H:17],9.0,5.0
14,0.046342857142857144,AM1BCC,AmberTools,,,H,,15,[H:16][C:7]1([C:6]([C:5]([C:4]([C:9]([C:8]1([H:18])[H:19])([H:20])[H:21])([H:11])[C:2](=[O:1])[O:3][H:10])([H:12])[H:13])([H:14])[H:15])[H:17],9.0,5.0
15,0.040342857142857146,AM1BCC,AmberTools,,,H,,16,[H:16][C:7]1([C:6]([C:5]([C:4]([C:9]([C:8]1([H:18])[H:19])([H:20])[H:21])([H:11])[C:2](=[O:1])[O:3][H:10])([H:12])[H:13])([H:14])[H:15])[H:17],9.0,5.0
16,0.040342857142857146,AM1BCC,AmberTools,,,H,,17,[H:16][C:7]1([C:6]([C:5]([C:4]([C:9]([C:8]1([H:18])[H:19])([H:20])[H:21])([H:11])[C:2](=[O:1])[O:3][H:10])([H:12])[H:13])([H:14])[H:15])[H:17],9.0,5.0
17,0.046342857142857144,AM1BCC,AmberTools,,,H,,18,[H:16][C:7]1([C:6]([C:5]([C:4]([C:9]([C:8]1([H:18])[H:19])([H:20])[H:21])([H:11])[C:2](=[O:1])[O:3][H:10])([H:12])[H:13])([H:14])[H:15])[H:17],9.0,5.0
18,0.046342857142857144,AM1BCC,AmberTools,,,H,,19,[H:16][C:7]1([C:6]([C:5]([C:4]([C:9]([C:8]1([H:18])[H:19])([H:20])[H:21])([H:11])[C:2](=[O:1])[O:3][H:10])([H:12])[H:13])([H:14])[H:15])[H:17],9.0,5.0
19,0.05284285714285714,AM1BCC,AmberTools,,,H,,20,[H:16][C:7]1([C:6]([C:5]([C:4]([C:9]([C:8]1([H:18])[H:19])([H:20])[H:21])([H:11])[C:2](=[O:1])[O:3][H:10])([H:12])[H:13])([H:14])[H:15])[H:17],9.0,5.0
20,0.05284285714285714,AM1BCC,AmberTools,,,H,,21,[H:16][C:7]1([C:6]([C:5]([C:4]([C:9]([C:8]1([H:18])[H:19])([H:20])[H:21])([H:11])[C:2](=[O:1])[O:3][H:10])([H:12])[H:13])([H:14])[H:15])[H:17],9.0,5.0
0,-0.5545499920845032,AM1BCC,OpenEye,,,O,,1,[H:16][C:7]1([C:6]([C:5]([C:4]([C:9]([C:8]1([H:18])[H:19])([H:20])[H:21])([H:11])[C:2](=[O:1])[O:3][H:10])([H:12])[H:13])([H:14])[H:15])[H:17],9.0,6.0
1,0.6342200040817261,AM1BCC,OpenEye,,,C,,2,[H:16][C:7]1([C:6]([C:5]([C:4]([C:9]([C:8]1([H:18])[H:19])([H:20])[H:21])([H:11])[C:2](=[O:1])[O:3][H:10])([H:12])[H:13])([H:14])[H:15])[H:17],9.0,6.0
2,-0.5986400246620178,AM1BCC,OpenEye,,,O,,3,[H:16][C:7]1([C:6]([C:5]([C:4]([C:9]([C:8]1([H:18])[H:19])([H:20])[H:21])([H:11])[C:2](=[O:1])[O:3][H:10])([H:12])[H:13])([H:14])[H:15])[H:17],9.0,6.0
3,-0.10763999819755554,AM1BCC,OpenEye,,,C,,4,[H:16][C:7]1([C:6]([C:5]([C:4]([C:9]([C:8]1([H:18])[H:19])([H:20])[H:21])([H:11])[C:2](=[O:1])[O:3][H:10])([H:12])[H:13])([H:14])[H:15])[H:17],9.0,6.0
4,-0.06904999911785126,AM1BCC,OpenEye,,,C,,5,[H:16][C:7]1([C:6]([C:5]([C:4]([C:9]([C:8]1([H:18])[H:19])([H:20])[H:21])([H:11])[C:2](=[O:1])[O:3][H:10])([H:12])[H:13])([H:14])[H:15])[H:17],9.0,6.0
5,-0.0769599974155426,AM1BCC,OpenEye,,,C,,6,[H:16][C:7]1([C:6]([C:5]([C:4]([C:9]([C:8]1([H:18])[H:19])([H:20])[H:21])([H:11])[C:2](=[O:1])[O:3][H:10])([H:12])[H:13])([H:14])[H:15])[H:17],9.0,6.0
6,-0.07791999727487564,AM1BCC,OpenEye,,,C,,7,[H:16][C:7]1([C:6]([C:5]([C:4]([C:9]([C:8]1([H:18])[H:19])([H:20])[H:21])([H:11])[C:2](=[O:1])[O:3][H:10])([H:12])[H:13])([H:14])[H:15])[H:17],9.0,6.0
7,-0.0769599974155426,AM1BCC,OpenEye,,,C,,8,[H:16][C:7]1([C:6]([C:5]([C:4]([C:9]([C:8]1([H:18])[H:19])([H:20])[H:21])([H:11])[C:2](=[O:1])[O:3][H:10])([H:12])[H:13])([H:14])[H:15])[H:17],9.0,6.0
8,-0.06904999911785126,AM1BCC,OpenEye,,,C,,9,[H:16][C:7]1([C:6]([C:5]([C:4]([C:9]([C:8]1([H:18])[H:19])([H:20])[H:21])([H:11])[C:2](=[O:1])[O:3][H:10])([H:12])[H:13])([H:14])[H:15])[H:17],9.0,6.0
9,0.44218000769615173,AM1BCC,OpenEye,,,H,,10,[H:16][C:7]1([C:6]([C:5]([C:4]([C:9]([C:8]1([H:18])[H:19])([H:20])[H:21])([H:11])[C:2](=[O:1])[O:3][H:10])([H:12])[H:13])([H:14])[H:15])[H:17],9.0,6.0
10,0.08146999776363373,AM1BCC,OpenEye,,,H,,11,[H:16][C:7]1([C:6]([C:5]([C:4]([C:9]([C:8]1([H:18])[H:19])([H:20])[H:21])([H:11])[C:2](=[O:1])[O:3][H:10])([H:12])[H:13])([H:14])[H:15])[H:17],9.0,6.0
11,0.05195999890565872,AM1BCC,OpenEye,,,H,,12,[H:16][C:7]1([C:6]([C:5]([C:4]([C:9]([C:8]1([H:18])[H:19])([H:20])[H:21])([H:11])[C:2](=[O:1])[O:3][H:10])([H:12])[H:13])([H:14])[H:15])[H:17],9.0,6.0
12,0.05195999890565872,AM1BCC,OpenEye,,,H,,13,[H:16][C:7]1([C:6]([C:5]([C:4]([C:9]([C:8]1([H:18])[H:19])([H:20])[H:21])([H:11])[C:2](=[O:1])[O:3][H:10])([H:12])[H:13])([H:14])[H:15])[H:17],9.0,6.0
13,0.04605000093579292,AM1BCC,OpenEye,,,H,,14,[H:16][C:7]1([C:6]([C:5]([C:4]([C:9]([C:8]1([H:18])[H:19])([H:20])[H:21])([H:11])[C:2](=[O:1])[O:3][H:10])([H:12])[H:13])([H:14])[H:15])[H:17],9.0,6.0
14,0.04605000093579292,AM1BCC,OpenEye,,,H,,15,[H:16][C:7]1([C:6]([C:5]([C:4]([C:9]([C:8]1([H:18])[H:19])([H:20])[H:21])([H:11])[C:2](=[O:1])[O:3][H:10])([H:12])[H:13])([H:14])[H:15])[H:17],9.0,6.0
15,0.04042999818921089,AM1BCC,OpenEye,,,H,,16,[H:16][C:7]1([C:6]([C:5]([C:4]([C:9]([C:8]1([H:18])[H:19])([H:20])[H:21])([H:11])[C:2](=[O:1])[O:3][H:10])([H:12])[H:13])([H:14])[H:15])[H:17],9.0,6.0
16,0.04042999818921089,AM1BCC,OpenEye,,,H,,17,[H:16][C:7]1([C:6]([C:5]([C:4]([C:9]([C:8]1([H:18])[H:19])([H:20])[H:21])([H:11])[C:2](=[O:1])[O:3][H:10])([H:12])[H:13])([H:14])[H:15])[H:17],9.0,6.0
17,0.04605000093579292,AM1BCC,OpenEye,,,H,,18,[H:16][C:7]1([C:6]([C:5]([C:4]([C:9]([C:8]1([H:18])[H:19])([H:20])[H:21])([H:11])[C:2](=[O:1])[O:3][H:10])([H:12])[H:13])([H:14])[H:15])[H:17],9.0,6.0
18,0.04605000093579292,AM1BCC,OpenEye,,,H,,19,[H:16][C:7]1([C:6]([C:5]([C:4]([C:9]([C:8]1([H:18])[H:19])([H:20])[H:21])([H:11])[C:2](=[O:1])[O:3][H:10])([H:12])[H:13])([H:14])[H:15])[H:17],9.0,6.0
19,0.05195999890565872,AM1BCC,OpenEye,,,H,,20,[H:16][C:7]1([C:6]([C:5]([C:4]([C:9]([C:8]1([H:18])[H:19])([H:20])[H:21])([H:11])[C:2](=[O:1])[O:3][H:10])([H:12])[H:13])([H:14])[H:15])[H:17],9.0,6.0
20,0.05195999890565872,AM1BCC,OpenEye,,,H,,21,[H:16][C:7]1([C:6]([C:5]([C:4]([C:9]([C:8]1([H:18])[H:19])([H:20])[H:21])([H:11])[C:2](=[O:1])[O:3][H:10])([H:12])[H:13])([H:14])[H:15])[H:17],9.0,6.0
0,-0.5528571428571429,AM1BCC,AmberTools,,,O,,1,[H:16][C:7]1([C:6]([C:5]([C:4]([C:9]([C:8]1([H:18])[H:19])([H:20])[H:21])([H:11])[C:2](=[O:1])[O:3][H:10])([H:12])[H:13])([H:14])[H:15])[H:17],9.0,6.0
1,0.6342428571428571,AM1BCC,AmberTools,,,C,,2,[H:16][C:7]1([C:6]([C:5]([C:4]([C:9]([C:8]1([H:18])[H:19])([H:20])[H:21])([H:11])[C:2](=[O:1])[O:3][H:10])([H:12])[H:13])([H:14])[H:15])[H:17],9.0,6.0
2,-0.6059571428571429,AM1BCC,AmberTools,,,O,,3,[H:16][C:7]1([C:6]([C:5]([C:4]([C:9]([C:8]1([H:18])[H:19])([H:20])[H:21])([H:11])[C:2](=[O:1])[O:3][H:10])([H:12])[H:13])([H:14])[H:15])[H:17],9.0,6.0
3,-0.10255714285714285,AM1BCC,AmberTools,,,C,,4,[H:16][C:7]1([C:6]([C:5]([C:4]([C:9]([C:8]1([H:18])[H:19])([H:20])[H:21])([H:11])[C:2](=[O:1])[O:3][H:10])([H:12])[H:13])([H:14])[H:15])[H:17],9.0,6.0
4,-0.07025714285714285,AM1BCC,AmberTools,,,C,,5,[H:16][C:7]1([C:6]([C:5]([C:4]([C:9]([C:8]1([H:18])[H:19])([H:20])[H:21])([H:11])[C:2](=[O:1])[O:3][H:10])([H:12])[H:13])([H:14])[H:15])[H:17],9.0,6.0
5,-0.07775714285714284,AM1BCC,AmberTools,,,C,,6,[H:16][C:7]1([C:6]([C:5]([C:4]([C:9]([C:8]1([H:18])[H:19])([H:20])[H:21])([H:11])[C:2](=[O:1])[O:3][H:10])([H:12])[H:13])([H:14])[H:15])[H:17],9.0,6.0
6,-0.07725714285714284,AM1BCC,AmberTools,,,C,,7,[H:16][C:7]1([C:6]([C:5]([C:4]([C:9]([C:8]1([H:18])[H:19])([H:20])[H:21])([H:11])[C:2](=[O:1])[O:3][H:10])([H:12])[H:13])([H:14])[H:15])[H:17],9.0,6.0
7,-0.07775714285714284,AM1BCC,AmberTools,,,C,,8,[H:16][C:7]1([C:6]([C:5]([C:4]([C:9]([C:8]1([H:18])[H:19])([H:20])[H:21])([H:11])[C:2](=[O:1])[O:3][H:10])([H:12])[H:13])([H:14])[H:15])[H:17],9.0,6.0
8,-0.07025714285714285,AM1BCC,AmberTools,,,C,,9,[H:16][C:7]1([C:6]([C:5]([C:4]([C:9]([C:8]1([H:18])[H:19])([H:20])[H:21])([H:11])[C:2](=[O:1])[O:3][H:10])([H:12])[H:13])([H:14])[H:15])[H:17],9.0,6.0
9,0.44214285714285717,AM1BCC,AmberTools,,,H,,10,[H:16][C:7]1([C:6]([C:5]([C:4]([C:9]([C:8]1([H:18])[H:19])([H:20])[H:21])([H:11])[C:2](=[O:1])[O:3][H:10])([H:12])[H:13])([H:14])[H:15])[H:17],9.0,6.0
10,0.08084285714285715,AM1BCC,AmberTools,,,H,,11,[H:16][C:7]1([C:6]([C:5]([C:4]([C:9]([C:8]1([H:18])[H:19])([H:20])[H:21])([H:11])[C:2](=[O:1])[O:3][H:10])([H:12])[H:13])([H:14])[H:15])[H:17],9.0,6.0
11,0.05284285714285714,AM1BCC,AmberTools,,,H,,12,[H:16][C:7]1([C:6]([C:5]([C:4]([C:9]([C:8]1([H:18])[H:19])([H:20])[H:21])([H:11])[C:2](=[O:1])[O:3][H:10])([H:12])[H:13])([H:14])[H:15])[H:17],9.0,6.0
12,0.05284285714285714,AM1BCC,AmberTools,,,H,,13,[H:16][C:7]1([C:6]([C:5]([C:4]([C:9]([C:8]1([H:18])[H:19])([H:20])[H:21])([H:11])[C:2](=[O:1])[O:3][H:10])([H:12])[H:13])([H:14])[H:15])[H:17],9.0,6.0
13,0.046342857142857144,AM1BCC,AmberTools,,,H,,14,[H:16][C:7]1([C:6]([C:5]([C:4]([C:9]([C:8]1([H:18])[H:19])([H:20])[H:21])([H:11])[C:2](=[O:1])[O:3][H:10])([H:12])[H:13])([H:14])[H:15])[H:17],9.0,6.0
14,0.046342857142857144,AM1BCC,AmberTools,,,H,,15,[H:16][C:7]1([C:6]([C:5]([C:4]([C:9]([C:8]1([H:18])[H:19])([H:20])[H:21])([H:11])[C:2](=[O:1])[O:3][H:10])([H:12])[H:13])([H:14])[H:15])[H:17],9.0,6.0
15,0.040342857142857146,AM1BCC,AmberTools,,,H,,16,[H:16][C:7]1([C:6]([C:5]([C:4]([C:9]([C:8]1([H:18])[H:19])([H:20])[H:21])([H:11])[C:2](=[O:1])[O:3][H:10])([H:12])[H:13])([H:14])[H:15])[H:17],9.0,6.0
16,0.040342857142857146,AM1BCC,AmberTools,,,H,,17,[H:16][C:7]1([C:6]([C:5]([C:4]([C:9]([C:8]1([H:18])[H:19])([H:20])[H:21])([H:11])[C:2](=[O:1])[O:3][H:10])([H:12])[H:13])([H:14])[H:15])[H:17],9.0,6.0
17,0.046342857142857144,AM1BCC,AmberTools,,,H,,18,[H:16][C:7]1([C:6]([C:5]([C:4]([C:9]([C:8]1([H:18])[H:19])([H:20])[H:21])([H:11])[C:2](=[O:1])[O:3][H:10])([H:12])[H:13])([H:14])[H:15])[H:17],9.0,6.0
18,0.046342857142857144,AM1BCC,AmberTools,,,H,,19,[H:16][C:7]1([C:6]([C:5]([C:4]([C:9]([C:8]1([H:18])[H:19])([H:20])[H:21])([H:11])[C:2](=[O:1])[O:3][H:10])([H:12])[H:13])([H:14])[H:15])[H:17],9.0,6.0
19,0.05284285714285714,AM1BCC,AmberTools,,,H,,20,[H:16][C:7]1([C:6]([C:5]([C:4]([C:9]([C:8]1([H:18])[H:19])([H:20])[H:21])([H:11])[C:2](=[O:1])[O:3][H:10])([H:12])[H:13])([H:14])[H:15])[H:17],9.0,6.0
20,0.05284285714285714,AM1BCC,AmberTools,,,H,,21,[H:16][C:7]1([C:6]([C:5]([C:4]([C:9]([C:8]1([H:18])[H:19])([H:20])[H:21])([H:11])[C:2](=[O:1])[O:3][H:10])([H:12])[H:13])([H:14])[H:15])[H:17],9.0,6.0
0,-0.5545499920845032,AM1BCC,OpenEye,,,O,,1,[H:16][C:7]1([C:6]([C:5]([C:4]([C:9]([C:8]1([H:18])[H:19])([H:20])[H:21])([H:11])[C:2](=[O:1])[O:3][H:10])([H:12])[H:13])([H:14])[H:15])[H:17],9.0,7.0
1,0.6342200040817261,AM1BCC,OpenEye,,,C,,2,[H:16][C:7]1([C:6]([C:5]([C:4]([C:9]([C:8]1([H:18])[H:19])([H:20])[H:21])([H:11])[C:2](=[O:1])[O:3][H:10])([H:12])[H:13])([H:14])[H:15])[H:17],9.0,7.0
2,-0.5986400246620178,AM1BCC,OpenEye,,,O,,3,[H:16][C:7]1([C:6]([C:5]([C:4]([C:9]([C:8]1([H:18])[H:19])([H:20])[H:21])([H:11])[C:2](=[O:1])[O:3][H:10])([H:12])[H:13])([H:14])[H:15])[H:17],9.0,7.0
3,-0.10763999819755554,AM1BCC,OpenEye,,,C,,4,[H:16][C:7]1([C:6]([C:5]([C:4]([C:9]([C:8]1([H:18])[H:19])([H:20])[H:21])([H:11])[C:2](=[O:1])[O:3][H:10])([H:12])[H:13])([H:14])[H:15])[H:17],9.0,7.0
4,-0.06904999911785126,AM1BCC,OpenEye,,,C,,5,[H:16][C:7]1([C:6]([C:5]([C:4]([C:9]([C:8]1([H:18])[H:19])([H:20])[H:21])([H:11])[C:2](=[O:1])[O:3][H:10])([H:12])[H:13])([H:14])[H:15])[H:17],9.0,7.0
5,-0.0769599974155426,AM1BCC,OpenEye,,,C,,6,[H:16][C:7]1([C:6]([C:5]([C:4]([C:9]([C:8]1([H:18])[H:19])([H:20])[H:21])([H:11])[C:2](=[O:1])[O:3][H:10])([H:12])[H:13])([H:14])[H:15])[H:17],9.0,7.0
6,-0.07791999727487564,AM1BCC,OpenEye,,,C,,7,[H:16][C:7]1([C:6]([C:5]([C:4]([C:9]([C:8]1([H:18])[H:19])([H:20])[H:21])([H:11])[C:2](=[O:1])[O:3][H:10])([H:12])[H:13])([H:14])[H:15])[H:17],9.0,7.0
7,-0.0769599974155426,AM1BCC,OpenEye,,,C,,8,[H:16][C:7]1([C:6]([C:5]([C:4]([C:9]([C:8]1([H:18])[H:19])([H:20])[H:21])([H:11])[C:2](=[O:1])[O:3][H:10])([H:12])[H:13])([H:14])[H:15])[H:17],9.0,7.0
8,-0.06904999911785126,AM1BCC,OpenEye,,,C,,9,[H:16][C:7]1([C:6]([C:5]([C:4]([C:9]([C:8]1([H:18])[H:19])([H:20])[H:21])([H:11])[C:2](=[O:1])[O:3][H:10])([H:12])[H:13])([H:14])[H:15])[H:17],9.0,7.0
9,0.44218000769615173,AM1BCC,OpenEye,,,H,,10,[H:16][C:7]1([C:6]([C:5]([C:4]([C:9]([C:8]1([H:18])[H:19])([H:20])[H:21])([H:11])[C:2](=[O:1])[O:3][H:10])([H:12])[H:13])([H:14])[H:15])[H:17],9.0,7.0
10,0.08146999776363373,AM1BCC,OpenEye,,,H,,11,[H:16][C:7]1([C:6]([C:5]([C:4]([C:9]([C:8]1([H:18])[H:19])([H:20])[H:21])([H:11])[C:2](=[O:1])[O:3][H:10])([H:12])[H:13])([H:14])[H:15])[H:17],9.0,7.0
11,0.05195999890565872,AM1BCC,OpenEye,,,H,,12,[H:16][C:7]1([C:6]([C:5]([C:4]([C:9]([C:8]1([H:18])[H:19])([H:20])[H:21])([H:11])[C:2](=[O:1])[O:3][H:10])([H:12])[H:13])([H:14])[H:15])[H:17],9.0,7.0
12,0.05195999890565872,AM1BCC,OpenEye,,,H,,13,[H:16][C:7]1([C:6]([C:5]([C:4]([C:9]([C:8]1([H:18])[H:19])([H:20])[H:21])([H:11])[C:2](=[O:1])[O:3][H:10])([H:12])[H:13])([H:14])[H:15])[H:17],9.0,7.0
13,0.04605000093579292,AM1BCC,OpenEye,,,H,,14,[H:16][C:7]1([C:6]([C:5]([C:4]([C:9]([C:8]1([H:18])[H:19])([H:20])[H:21])([H:11])[C:2](=[O:1])[O:3][H:10])([H:12])[H:13])([H:14])[H:15])[H:17],9.0,7.0
14,0.04605000093579292,AM1BCC,OpenEye,,,H,,15,[H:16][C:7]1([C:6]([C:5]([C:4]([C:9]([C:8]1([H:18])[H:19])([H:20])[H:21])([H:11])[C:2](=[O:1])[O:3][H:10])([H:12])[H:13])([H:14])[H:15])[H:17],9.0,7.0
15,0.04042999818921089,AM1BCC,OpenEye,,,H,,16,[H:16][C:7]1([C:6]([C:5]([C:4]([C:9]([C:8]1([H:18])[H:19])([H:20])[H:21])([H:11])[C:2](=[O:1])[O:3][H:10])([H:12])[H:13])([H:14])[H:15])[H:17],9.0,7.0
16,0.04042999818921089,AM1BCC,OpenEye,,,H,,17,[H:16][C:7]1([C:6]([C:5]([C:4]([C:9]([C:8]1([H:18])[H:19])([H:20])[H:21])([H:11])[C:2](=[O:1])[O:3][H:10])([H:12])[H:13])([H:14])[H:15])[H:17],9.0,7.0
17,0.04605000093579292,AM1BCC,OpenEye,,,H,,18,[H:16][C:7]1([C:6]([C:5]([C:4]([C:9]([C:8]1([H:18])[H:19])([H:20])[H:21])([H:11])[C:2](=[O:1])[O:3][H:10])([H:12])[H:13])([H:14])[H:15])[H:17],9.0,7.0
18,0.04605000093579292,AM1BCC,OpenEye,,,H,,19,[H:16][C:7]1([C:6]([C:5]([C:4]([C:9]([C:8]1([H:18])[H:19])([H:20])[H:21])([H:11])[C:2](=[O:1])[O:3][H:10])([H:12])[H:13])([H:14])[H:15])[H:17],9.0,7.0
19,0.05195999890565872,AM1BCC,OpenEye,,,H,,20,[H:16][C:7]1([C:6]([C:5]([C:4]([C:9]([C:8]1([H:18])[H:19])([H:20])[H:21])([H:11])[C:2](=[O:1])[O:3][H:10])([H:12])[H:13])([H:14])[H:15])[H:17],9.0,7.0
20,0.05195999890565872,AM1BCC,OpenEye,,,H,,21,[H:16][C:7]1([C:6]([C:5]([C:4]([C:9]([C:8]1([H:18])[H:19])([H:20])[H:21])([H:11])[C:2](=[O:1])[O:3][H:10])([H:12])[H:13])([H:14])[H:15])[H:17],9.0,7.0
0,-0.5528571428571429,AM1BCC,AmberTools,,,O,,1,[H:16][C:7]1([C:6]([C:5]([C:4]([C:9]([C:8]1([H:18])[H:19])([H:20])[H:21])([H:11])[C:2](=[O:1])[O:3][H:10])([H:12])[H:13])([H:14])[H:15])[H:17],9.0,7.0
1,0.6342428571428571,AM1BCC,AmberTools,,,C,,2,[H:16][C:7]1([C:6]([C:5]([C:4]([C:9]([C:8]1([H:18])[H:19])([H:20])[H:21])([H:11])[C:2](=[O:1])[O:3][H:10])([H:12])[H:13])([H:14])[H:15])[H:17],9.0,7.0
2,-0.6059571428571429,AM1BCC,AmberTools,,,O,,3,[H:16][C:7]1([C:6]([C:5]([C:4]([C:9]([C:8]1([H:18])[H:19])([H:20])[H:21])([H:11])[C:2](=[O:1])[O:3][H:10])([H:12])[H:13])([H:14])[H:15])[H:17],9.0,7.0
3,-0.10255714285714285,AM1BCC,AmberTools,,,C,,4,[H:16][C:7]1([C:6]([C:5]([C:4]([C:9]([C:8]1([H:18])[H:19])([H:20])[H:21])([H:11])[C:2](=[O:1])[O:3][H:10])([H:12])[H:13])([H:14])[H:15])[H:17],9.0,7.0
4,-0.07025714285714285,AM1BCC,AmberTools,,,C,,5,[H:16][C:7]1([C:6]([C:5]([C:4]([C:9]([C:8]1([H:18])[H:19])([H:20])[H:21])([H:11])[C:2](=[O:1])[O:3][H:10])([H:12])[H:13])([H:14])[H:15])[H:17],9.0,7.0
5,-0.07775714285714284,AM1BCC,AmberTools,,,C,,6,[H:16][C:7]1([C:6]([C:5]([C:4]([C:9]([C:8]1([H:18])[H:19])([H:20])[H:21])([H:11])[C:2](=[O:1])[O:3][H:10])([H:12])[H:13])([H:14])[H:15])[H:17],9.0,7.0
6,-0.07725714285714284,AM1BCC,AmberTools,,,C,,7,[H:16][C:7]1([C:6]([C:5]([C:4]([C:9]([C:8]1([H:18])[H:19])([H:20])[H:21])([H:11])[C:2](=[O:1])[O:3][H:10])([H:12])[H:13])([H:14])[H:15])[H:17],9.0,7.0
7,-0.07775714285714284,AM1BCC,AmberTools,,,C,,8,[H:16][C:7]1([C:6]([C:5]([C:4]([C:9]([C:8]1([H:18])[H:19])([H:20])[H:21])([H:11])[C:2](=[O:1])[O:3][H:10])([H:12])[H:13])([H:14])[H:15])[H:17],9.0,7.0
8,-0.07025714285714285,AM1BCC,AmberTools,,,C,,9,[H:16][C:7]1([C:6]([C:5]([C:4]([C:9]([C:8]1([H:18])[H:19])([H:20])[H:21])([H:11])[C:2](=[O:1])[O:3][H:10])([H:12])[H:13])([H:14])[H:15])[H:17],9.0,7.0
9,0.44214285714285717,AM1BCC,AmberTools,,,H,,10,[H:16][C:7]1([C:6]([C:5]([C:4]([C:9]([C:8]1([H:18])[H:19])([H:20])[H:21])([H:11])[C:2](=[O:1])[O:3][H:10])([H:12])[H:13])([H:14])[H:15])[H:17],9.0,7.0
10,0.08084285714285715,AM1BCC,AmberTools,,,H,,11,[H:16][C:7]1([C:6]([C:5]([C:4]([C:9]([C:8]1([H:18])[H:19])([H:20])[H:21])([H:11])[C:2](=[O:1])[O:3][H:10])([H:12])[H:13])([H:14])[H:15])[H:17],9.0,7.0
11,0.05284285714285714,AM1BCC,AmberTools,,,H,,12,[H:16][C:7]1([C:6]([C:5]([C:4]([C:9]([C:8]1([H:18])[H:19])([H:20])[H:21])([H:11])[C:2](=[O:1])[O:3][H:10])([H:12])[H:13])([H:14])[H:15])[H:17],9.0,7.0
12,0.05284285714285714,AM1BCC,AmberTools,,,H,,13,[H:16][C:7]1([C:6]([C:5]([C:4]([C:9]([C:8]1([H:18])[H:19])([H:20])[H:21])([H:11])[C:2](=[O:1])[O:3][H:10])([H:12])[H:13])([H:14])[H:15])[H:17],9.0,7.0
13,0.046342857142857144,AM1BCC,AmberTools,,,H,,14,[H:16][C:7]1([C:6]([C:5]([C:4]([C:9]([C:8]1([H:18])[H:19])([H:20])[H:21])([H:11])[C:2](=[O:1])[O:3][H:10])([H:12])[H:13])([H:14])[H:15])[H:17],9.0,7.0
14,0.046342857142857144,AM1BCC,AmberTools,,,H,,15,[H:16][C:7]1([C:6]([C:5]([C:4]([C:9]([C:8]1([H:18])[H:19])([H:20])[H:21])([H:11])[C:2](=[O:1])[O:3][H:10])([H:12])[H:13])([H:14])[H:15])[H:17],9.0,7.0
15,0.040342857142857146,AM1BCC,AmberTools,,,H,,16,[H:16][C:7]1([C:6]([C:5]([C:4]([C:9]([C:8]1([H:18])[H:19])([H:20])[H:21])([H:11])[C:2](=[O:1])[O:3][H:10])([H:12])[H:13])([H:14])[H:15])[H:17],9.0,7.0
16,0.040342857142857146,AM1BCC,AmberTools,,,H,,17,[H:16][C:7]1([C:6]([C:5]([C:4]([C:9]([C:8]1([H:18])[H:19])([H:20])[H:21])([H:11])[C:2](=[O:1])[O:3][H:10])([H:12])[H:13])([H:14])[H:15])[H:17],9.0,7.0
17,0.046342857142857144,AM1BCC,AmberTools,,,H,,18,[H:16][C:7]1([C:6]([C:5]([C:4]([C:9]([C:8]1([H:18])[H:19])([H:20])[H:21])([H:11])[C:2](=[O:1])[O:3][H:10])([H:12])[H:13])([H:14])[H:15])[H:17],9.0,7.0
18,0.046342857142857144,AM1BCC,AmberTools,,,H,,19,[H:16][C:7]1([C:6]([C:5]([C:4]([C:9]([C:8]1([H:18])[H:19])([H:20])[H:21])([H:11])[C:2](=[O:1])[O:3][H:10])([H:12])[H:13])([H:14])[H:15])[H:17],9.0,7.0
19,0.05284285714285714,AM1BCC,AmberTools,,,H,,20,[H:16][C:7]1([C:6]([C:5]([C:4]([C:9]([C:8]1([H:18])[H:19])([H:20])[H:21])([H:11])[C:2](=[O:1])[O:3][H:10])([H:12])[H:13])([H:14])[H:15])[H:17],9.0,7.0
20,0.05284285714285714,AM1BCC,AmberTools,,,H,,21,[H:16][C:7]1([C:6]([C:5]([C:4]([C:9]([C:8]1([H:18])[H:19])([H:20])[H:21])([H:11])[C:2](=[O:1])[O:3][H:10])([H:12])[H:13])([H:14])[H:15])[H:17],9.0,7.0
0,-0.5545499920845032,AM1BCC,OpenEye,,,O,,1,[H:16][C:7]1([C:6]([C:5]([C:4]([C:9]([C:8]1([H:18])[H:19])([H:20])[H:21])([H:11])[C:2](=[O:1])[O:3][H:10])([H:12])[H:13])([H:14])[H:15])[H:17],9.0,8.0
1,0.6342200040817261,AM1BCC,OpenEye,,,C,,2,[H:16][C:7]1([C:6]([C:5]([C:4]([C:9]([C:8]1([H:18])[H:19])([H:20])[H:21])([H:11])[C:2](=[O:1])[O:3][H:10])([H:12])[H:13])([H:14])[H:15])[H:17],9.0,8.0
2,-0.5986400246620178,AM1BCC,OpenEye,,,O,,3,[H:16][C:7]1([C:6]([C:5]([C:4]([C:9]([C:8]1([H:18])[H:19])([H:20])[H:21])([H:11])[C:2](=[O:1])[O:3][H:10])([H:12])[H:13])([H:14])[H:15])[H:17],9.0,8.0
3,-0.10763999819755554,AM1BCC,OpenEye,,,C,,4,[H:16][C:7]1([C:6]([C:5]([C:4]([C:9]([C:8]1([H:18])[H:19])([H:20])[H:21])([H:11])[C:2](=[O:1])[O:3][H:10])([H:12])[H:13])([H:14])[H:15])[H:17],9.0,8.0
4,-0.06904999911785126,AM1BCC,OpenEye,,,C,,5,[H:16][C:7]1([C:6]([C:5]([C:4]([C:9]([C:8]1([H:18])[H:19])([H:20])[H:21])([H:11])[C:2](=[O:1])[O:3][H:10])([H:12])[H:13])([H:14])[H:15])[H:17],9.0,8.0
5,-0.0769599974155426,AM1BCC,OpenEye,,,C,,6,[H:16][C:7]1([C:6]([C:5]([C:4]([C:9]([C:8]1([H:18])[H:19])([H:20])[H:21])([H:11])[C:2](=[O:1])[O:3][H:10])([H:12])[H:13])([H:14])[H:15])[H:17],9.0,8.0
6,-0.07791999727487564,AM1BCC,OpenEye,,,C,,7,[H:16][C:7]1([C:6]([C:5]([C:4]([C:9]([C:8]1([H:18])[H:19])([H:20])[H:21])([H:11])[C:2](=[O:1])[O:3][H:10])([H:12])[H:13])([H:14])[H:15])[H:17],9.0,8.0
7,-0.0769599974155426,AM1BCC,OpenEye,,,C,,8,[H:16][C:7]1([C:6]([C:5]([C:4]([C:9]([C:8]1([H:18])[H:19])([H:20])[H:21])([H:11])[C:2](=[O:1])[O:3][H:10])([H:12])[H:13])([H:14])[H:15])[H:17],9.0,8.0
8,-0.06904999911785126,AM1BCC,OpenEye,,,C,,9,[H:16][C:7]1([C:6]([C:5]([C:4]([C:9]([C:8]1([H:18])[H:19])([H:20])[H:21])([H:11])[C:2](=[O:1])[O:3][H:10])([H:12])[H:13])([H:14])[H:15])[H:17],9.0,8.0
9,0.44218000769615173,AM1BCC,OpenEye,,,H,,10,[H:16][C:7]1([C:6]([C:5]([C:4]([C:9]([C:8]1([H:18])[H:19])([H:20])[H:21])([H:11])[C:2](=[O:1])[O:3][H:10])([H:12])[H:13])([H:14])[H:15])[H:17],9.0,8.0
10,0.08146999776363373,AM1BCC,OpenEye,,,H,,11,[H:16][C:7]1([C:6]([C:5]([C:4]([C:9]([C:8]1([H:18])[H:19])([H:20])[H:21])([H:11])[C:2](=[O:1])[O:3][H:10])([H:12])[H:13])([H:14])[H:15])[H:17],9.0,8.0
11,0.05195999890565872,AM1BCC,OpenEye,,,H,,12,[H:16][C:7]1([C:6]([C:5]([C:4]([C:9]([C:8]1([H:18])[H:19])([H:20])[H:21])([H:11])[C:2](=[O:1])[O:3][H:10])([H:12])[H:13])([H:14])[H:15])[H:17],9.0,8.0
12,0.05195999890565872,AM1BCC,OpenEye,,,H,,13,[H:16][C:7]1([C:6]([C:5]([C:4]([C:9]([C:8]1([H:18])[H:19])([H:20])[H:21])([H:11])[C:2](=[O:1])[O:3][H:10])([H:12])[H:13])([H:14])[H:15])[H:17],9.0,8.0
13,0.04605000093579292,AM1BCC,OpenEye,,,H,,14,[H:16][C:7]1([C:6]([C:5]([C:4]([C:9]([C:8]1([H:18])[H:19])([H:20])[H:21])([H:11])[C:2](=[O:1])[O:3][H:10])([H:12])[H:13])([H:14])[H:15])[H:17],9.0,8.0
14,0.04605000093579292,AM1BCC,OpenEye,,,H,,15,[H:16][C:7]1([C:6]([C:5]([C:4]([C:9]([C:8]1([H:18])[H:19])([H:20])[H:21])([H:11])[C:2](=[O:1])[O:3][H:10])([H:12])[H:13])([H:14])[H:15])[H:17],9.0,8.0
15,0.04042999818921089,AM1BCC,OpenEye,,,H,,16,[H:16][C:7]1([C:6]([C:5]([C:4]([C:9]([C:8]1([H:18])[H:19])([H:20])[H:21])([H:11])[C:2](=[O:1])[O:3][H:10])([H:12])[H:13])([H:14])[H:15])[H:17],9.0,8.0
16,0.04042999818921089,AM1BCC,OpenEye,,,H,,17,[H:16][C:7]1([C:6]([C:5]([C:4]([C:9]([C:8]1([H:18])[H:19])([H:20])[H:21])([H:11])[C:2](=[O:1])[O:3][H:10])([H:12])[H:13])([H:14])[H:15])[H:17],9.0,8.0
17,0.04605000093579292,AM1BCC,OpenEye,,,H,,18,[H:16][C:7]1([C:6]([C:5]([C:4]([C:9]([C:8]1([H:18])[H:19])([H:20])[H:21])([H:11])[C:2](=[O:1])[O:3][H:10])([H:12])[H:13])([H:14])[H:15])[H:17],9.0,8.0
18,0.04605000093579292,AM1BCC,OpenEye,,,H,,19,[H:16][C:7]1([C:6]([C:5]([C:4]([C:9]([C:8]1([H:18])[H:19])([H:20])[H:21])([H:11])[C:2](=[O:1])[O:3][H:10])([H:12])[H:13])([H:14])[H:15])[H:17],9.0,8.0
19,0.05195999890565872,AM1BCC,OpenEye,,,H,,20,[H:16][C:7]1([C:6]([C:5]([C:4]([C:9]([C:8]1([H:18])[H:19])([H:20])[H:21])([H:11])[C:2](=[O:1])[O:3][H:10])([H:12])[H:13])([H:14])[H:15])[H:17],9.0,8.0
20,0.05195999890565872,AM1BCC,OpenEye,,,H,,21,[H:16][C:7]1([C:6]([C:5]([C:4]([C:9]([C:8]1([H:18])[H:19])([H:20])[H:21])([H:11])[C:2](=[O:1])[O:3][H:10])([H:12])[H:13])([H:14])[H:15])[H:17],9.0,8.0
0,-0.5528571428571429,AM1BCC,AmberTools,,,O,,1,[H:16][C:7]1([C:6]([C:5]([C:4]([C:9]([C:8]1([H:18])[H:19])([H:20])[H:21])([H:11])[C:2](=[O:1])[O:3][H:10])([H:12])[H:13])([H:14])[H:15])[H:17],9.0,8.0
1,0.6342428571428571,AM1BCC,AmberTools,,,C,,2,[H:16][C:7]1([C:6]([C:5]([C:4]([C:9]([C:8]1([H:18])[H:19])([H:20])[H:21])([H:11])[C:2](=[O:1])[O:3][H:10])([H:12])[H:13])([H:14])[H:15])[H:17],9.0,8.0
2,-0.6059571428571429,AM1BCC,AmberTools,,,O,,3,[H:16][C:7]1([C:6]([C:5]([C:4]([C:9]([C:8]1([H:18])[H:19])([H:20])[H:21])([H:11])[C:2](=[O:1])[O:3][H:10])([H:12])[H:13])([H:14])[H:15])[H:17],9.0,8.0
3,-0.10255714285714285,AM1BCC,AmberTools,,,C,,4,[H:16][C:7]1([C:6]([C:5]([C:4]([C:9]([C:8]1([H:18])[H:19])([H:20])[H:21])([H:11])[C:2](=[O:1])[O:3][H:10])([H:12])[H:13])([H:14])[H:15])[H:17],9.0,8.0
4,-0.07025714285714285,AM1BCC,AmberTools,,,C,,5,[H:16][C:7]1([C:6]([C:5]([C:4]([C:9]([C:8]1([H:18])[H:19])([H:20])[H:21])([H:11])[C:2](=[O:1])[O:3][H:10])([H:12])[H:13])([H:14])[H:15])[H:17],9.0,8.0
5,-0.07775714285714284,AM1BCC,AmberTools,,,C,,6,[H:16][C:7]1([C:6]([C:5]([C:4]([C:9]([C:8]1([H:18])[H:19])([H:20])[H:21])([H:11])[C:2](=[O:1])[O:3][H:10])([H:12])[H:13])([H:14])[H:15])[H:17],9.0,8.0
6,-0.07725714285714284,AM1BCC,AmberTools,,,C,,7,[H:16][C:7]1([C:6]([C:5]([C:4]([C:9]([C:8]1([H:18])[H:19])([H:20])[H:21])([H:11])[C:2](=[O:1])[O:3][H:10])([H:12])[H:13])([H:14])[H:15])[H:17],9.0,8.0
7,-0.07775714285714284,AM1BCC,AmberTools,,,C,,8,[H:16][C:7]1([C:6]([C:5]([C:4]([C:9]([C:8]1([H:18])[H:19])([H:20])[H:21])([H:11])[C:2](=[O:1])[O:3][H:10])([H:12])[H:13])([H:14])[H:15])[H:17],9.0,8.0
8,-0.07025714285714285,AM1BCC,AmberTools,,,C,,9,[H:16][C:7]1([C:6]([C:5]([C:4]([C:9]([C:8]1([H:18])[H:19])([H:20])[H:21])([H:11])[C:2](=[O:1])[O:3][H:10])([H:12])[H:13])([H:14])[H:15])[H:17],9.0,8.0
9,0.44214285714285717,AM1BCC,AmberTools,,,H,,10,[H:16][C:7]1([C:6]([C:5]([C:4]([C:9]([C:8]1([H:18])[H:19])([H:20])[H:21])([H:11])[C:2](=[O:1])[O:3][H:10])([H:12])[H:13])([H:14])[H:15])[H:17],9.0,8.0
10,0.08084285714285715,AM1BCC,AmberTools,,,H,,11,[H:16][C:7]1([C:6]([C:5]([C:4]([C:9]([C:8]1([H:18])[H:19])([H:20])[H:21])([H:11])[C:2](=[O:1])[O:3][H:10])([H:12])[H:13])([H:14])[H:15])[H:17],9.0,8.0
11,0.05284285714285714,AM1BCC,AmberTools,,,H,,12,[H:16][C:7]1([C:6]([C:5]([C:4]([C:9]([C:8]1([H:18])[H:19])([H:20])[H:21])([H:11])[C:2](=[O:1])[O:3][H:10])([H:12])[H:13])([H:14])[H:15])[H:17],9.0,8.0
12,0.05284285714285714,AM1BCC,AmberTools,,,H,,13,[H:16][C:7]1([C:6]([C:5]([C:4]([C:9]([C:8]1([H:18])[H:19])([H:20])[H:21])([H:11])[C:2](=[O:1])[O:3][H:10])([H:12])[H:13])([H:14])[H:15])[H:17],9.0,8.0
13,0.046342857142857144,AM1BCC,AmberTools,,,H,,14,[H:16][C:7]1([C:6]([C:5]([C:4]([C:9]([C:8]1([H:18])[H:19])([H:20])[H:21])([H:11])[C:2](=[O:1])[O:3][H:10])([H:12])[H:13])([H:14])[H:15])[H:17],9.0,8.0
14,0.046342857142857144,AM1BCC,AmberTools,,,H,,15,[H:16][C:7]1([C:6]([C:5]([C:4]([C:9]([C:8]1([H:18])[H:19])([H:20])[H:21])([H:11])[C:2](=[O:1])[O:3][H:10])([H:12])[H:13])([H:14])[H:15])[H:17],9.0,8.0
15,0.040342857142857146,AM1BCC,AmberTools,,,H,,16,[H:16][C:7]1([C:6]([C:5]([C:4]([C:9]([C:8]1([H:18])[H:19])([H:20])[H:21])([H:11])[C:2](=[O:1])[O:3][H:10])([H:12])[H:13])([H:14])[H:15])[H:17],9.0,8.0
16,0.040342857142857146,AM1BCC,AmberTools,,,H,,17,[H:16][C:7]1([C:6]([C:5]([C:4]([C:9]([C:8]1([H:18])[H:19])([H:20])[H:21])([H:11])[C:2](=[O:1])[O:3][H:10])([H:12])[H:13])([H:14])[H:15])[H:17],9.0,8.0
17,0.046342857142857144,AM1BCC,AmberTools,,,H,,18,[H:16][C:7]1([C:6]([C:5]([C:4]([C:9]([C:8]1([H:18])[H:19])([H:20])[H:21])([H:11])[C:2](=[O:1])[O:3][H:10])([H:12])[H:13])([H:14])[H:15])[H:17],9.0,8.0
18,0.046342857142857144,AM1BCC,AmberTools,,,H,,19,[H:16][C:7]1([C:6]([C:5]([C:4]([C:9]([C:8]1([H:18])[H:19])([H:20])[H:21])([H:11])[C:2](=[O:1])[O:3][H:10])([H:12])[H:13])([H:14])[H:15])[H:17],9.0,8.0
19,0.05284285714285714,AM1BCC,AmberTools,,,H,,20,[H:16][C:7]1([C:6]([C:5]([C:4]([C:9]([C:8]1([H:18])[H:19])([H:20])[H:21])([H:11])[C:2](=[O:1])[O:3][H:10])([H:12])[H:13])([H:14])[H:15])[H:17],9.0,8.0
20,0.05284285714285714,AM1BCC,AmberTools,,,H,,21,[H:16][C:7]1([C:6]([C:5]([C:4]([C:9]([C:8]1([H:18])[H:19])([H:20])[H:21])([H:11])[C:2](=[O:1])[O:3][H:10])([H:12])[H:13])([H:14])[H:15])[H:17],9.0,8.0
0,-0.5545499920845032,AM1BCC,OpenEye,,,O,,1,[H:16][C:7]1([C:6]([C:5]([C:4]([C:9]([C:8]1([H:18])[H:19])([H:20])[H:21])([H:11])[C:2](=[O:1])[O:3][H:10])([H:12])[H:13])([H:14])[H:15])[H:17],9.0,9.0
1,0.6342200040817261,AM1BCC,OpenEye,,,C,,2,[H:16][C:7]1([C:6]([C:5]([C:4]([C:9]([C:8]1([H:18])[H:19])([H:20])[H:21])([H:11])[C:2](=[O:1])[O:3][H:10])([H:12])[H:13])([H:14])[H:15])[H:17],9.0,9.0
2,-0.5986400246620178,AM1BCC,OpenEye,,,O,,3,[H:16][C:7]1([C:6]([C:5]([C:4]([C:9]([C:8]1([H:18])[H:19])([H:20])[H:21])([H:11])[C:2](=[O:1])[O:3][H:10])([H:12])[H:13])([H:14])[H:15])[H:17],9.0,9.0
3,-0.10763999819755554,AM1BCC,OpenEye,,,C,,4,[H:16][C:7]1([C:6]([C:5]([C:4]([C:9]([C:8]1([H:18])[H:19])([H:20])[H:21])([H:11])[C:2](=[O:1])[O:3][H:10])([H:12])[H:13])([H:14])[H:15])[H:17],9.0,9.0
4,-0.06904999911785126,AM1BCC,OpenEye,,,C,,5,[H:16][C:7]1([C:6]([C:5]([C:4]([C:9]([C:8]1([H:18])[H:19])([H:20])[H:21])([H:11])[C:2](=[O:1])[O:3][H:10])([H:12])[H:13])([H:14])[H:15])[H:17],9.0,9.0
5,-0.0769599974155426,AM1BCC,OpenEye,,,C,,6,[H:16][C:7]1([C:6]([C:5]([C:4]([C:9]([C:8]1([H:18])[H:19])([H:20])[H:21])([H:11])[C:2](=[O:1])[O:3][H:10])([H:12])[H:13])([H:14])[H:15])[H:17],9.0,9.0
6,-0.07791999727487564,AM1BCC,OpenEye,,,C,,7,[H:16][C:7]1([C:6]([C:5]([C:4]([C:9]([C:8]1([H:18])[H:19])([H:20])[H:21])([H:11])[C:2](=[O:1])[O:3][H:10])([H:12])[H:13])([H:14])[H:15])[H:17],9.0,9.0
7,-0.0769599974155426,AM1BCC,OpenEye,,,C,,8,[H:16][C:7]1([C:6]([C:5]([C:4]([C:9]([C:8]1([H:18])[H:19])([H:20])[H:21])([H:11])[C:2](=[O:1])[O:3][H:10])([H:12])[H:13])([H:14])[H:15])[H:17],9.0,9.0
8,-0.06904999911785126,AM1BCC,OpenEye,,,C,,9,[H:16][C:7]1([C:6]([C:5]([C:4]([C:9]([C:8]1([H:18])[H:19])([H:20])[H:21])([H:11])[C:2](=[O:1])[O:3][H:10])([H:12])[H:13])([H:14])[H:15])[H:17],9.0,9.0
9,0.44218000769615173,AM1BCC,OpenEye,,,H,,10,[H:16][C:7]1([C:6]([C:5]([C:4]([C:9]([C:8]1([H:18])[H:19])([H:20])[H:21])([H:11])[C:2](=[O:1])[O:3][H:10])([H:12])[H:13])([H:14])[H:15])[H:17],9.0,9.0
10,0.08146999776363373,AM1BCC,OpenEye,,,H,,11,[H:16][C:7]1([C:6]([C:5]([C:4]([C:9]([C:8]1([H:18])[H:19])([H:20])[H:21])([H:11])[C:2](=[O:1])[O:3][H:10])([H:12])[H:13])([H:14])[H:15])[H:17],9.0,9.0
11,0.05195999890565872,AM1BCC,OpenEye,,,H,,12,[H:16][C:7]1([C:6]([C:5]([C:4]([C:9]([C:8]1([H:18])[H:19])([H:20])[H:21])([H:11])[C:2](=[O:1])[O:3][H:10])([H:12])[H:13])([H:14])[H:15])[H:17],9.0,9.0
12,0.05195999890565872,AM1BCC,OpenEye,,,H,,13,[H:16][C:7]1([C:6]([C:5]([C:4]([C:9]([C:8]1([H:18])[H:19])([H:20])[H:21])([H:11])[C:2](=[O:1])[O:3][H:10])([H:12])[H:13])([H:14])[H:15])[H:17],9.0,9.0
13,0.04605000093579292,AM1BCC,OpenEye,,,H,,14,[H:16][C:7]1([C:6]([C:5]([C:4]([C:9]([C:8]1([H:18])[H:19])([H:20])[H:21])([H:11])[C:2](=[O:1])[O:3][H:10])([H:12])[H:13])([H:14])[H:15])[H:17],9.0,9.0
14,0.04605000093579292,AM1BCC,OpenEye,,,H,,15,[H:16][C:7]1([C:6]([C:5]([C:4]([C:9]([C:8]1([H:18])[H:19])([H:20])[H:21])([H:11])[C:2](=[O:1])[O:3][H:10])([H:12])[H:13])([H:14])[H:15])[H:17],9.0,9.0
15,0.04042999818921089,AM1BCC,OpenEye,,,H,,16,[H:16][C:7]1([C:6]([C:5]([C:4]([C:9]([C:8]1([H:18])[H:19])([H:20])[H:21])([H:11])[C:2](=[O:1])[O:3][H:10])([H:12])[H:13])([H:14])[H:15])[H:17],9.0,9.0
16,0.04042999818921089,AM1BCC,OpenEye,,,H,,17,[H:16][C:7]1([C:6]([C:5]([C:4]([C:9]([C:8]1([H:18])[H:19])([H:20])[H:21])([H:11])[C:2](=[O:1])[O:3][H:10])([H:12])[H:13])([H:14])[H:15])[H:17],9.0,9.0
17,0.04605000093579292,AM1BCC,OpenEye,,,H,,18,[H:16][C:7]1([C:6]([C:5]([C:4]([C:9]([C:8]1([H:18])[H:19])([H:20])[H:21])([H:11])[C:2](=[O:1])[O:3][H:10])([H:12])[H:13])([H:14])[H:15])[H:17],9.0,9.0
18,0.04605000093579292,AM1BCC,OpenEye,,,H,,19,[H:16][C:7]1([C:6]([C:5]([C:4]([C:9]([C:8]1([H:18])[H:19])([H:20])[H:21])([H:11])[C:2](=[O:1])[O:3][H:10])([H:12])[H:13])([H:14])[H:15])[H:17],9.0,9.0
19,0.05195999890565872,AM1BCC,OpenEye,,,H,,20,[H:16][C:7]1([C:6]([C:5]([C:4]([C:9]([C:8]1([H:18])[H:19])([H:20])[H:21])([H:11])[C:2](=[O:1])[O:3][H:10])([H:12])[H:13])([H:14])[H:15])[H:17],9.0,9.0
20,0.05195999890565872,AM1BCC,OpenEye,,,H,,21,[H:16][C:7]1([C:6]([C:5]([C:4]([C:9]([C:8]1([H:18])[H:19])([H:20])[H:21])([H:11])[C:2](=[O:1])[O:3][H:10])([H:12])[H:13])([H:14])[H:15])[H:17],9.0,9.0
0,-0.5528571428571429,AM1BCC,AmberTools,,,O,,1,[H:16][C:7]1([C:6]([C:5]([C:4]([C:9]([C:8]1([H:18])[H:19])([H:20])[H:21])([H:11])[C:2](=[O:1])[O:3][H:10])([H:12])[H:13])([H:14])[H:15])[H:17],9.0,9.0
1,0.6342428571428571,AM1BCC,AmberTools,,,C,,2,[H:16][C:7]1([C:6]([C:5]([C:4]([C:9]([C:8]1([H:18])[H:19])([H:20])[H:21])([H:11])[C:2](=[O:1])[O:3][H:10])([H:12])[H:13])([H:14])[H:15])[H:17],9.0,9.0
2,-0.6059571428571429,AM1BCC,AmberTools,,,O,,3,[H:16][C:7]1([C:6]([C:5]([C:4]([C:9]([C:8]1([H:18])[H:19])([H:20])[H:21])([H:11])[C:2](=[O:1])[O:3][H:10])([H:12])[H:13])([H:14])[H:15])[H:17],9.0,9.0
3,-0.10255714285714285,AM1BCC,AmberTools,,,C,,4,[H:16][C:7]1([C:6]([C:5]([C:4]([C:9]([C:8]1([H:18])[H:19])([H:20])[H:21])([H:11])[C:2](=[O:1])[O:3][H:10])([H:12])[H:13])([H:14])[H:15])[H:17],9.0,9.0
4,-0.07025714285714285,AM1BCC,AmberTools,,,C,,5,[H:16][C:7]1([C:6]([C:5]([C:4]([C:9]([C:8]1([H:18])[H:19])([H:20])[H:21])([H:11])[C:2](=[O:1])[O:3][H:10])([H:12])[H:13])([H:14])[H:15])[H:17],9.0,9.0
5,-0.07775714285714284,AM1BCC,AmberTools,,,C,,6,[H:16][C:7]1([C:6]([C:5]([C:4]([C:9]([C:8]1([H:18])[H:19])([H:20])[H:21])([H:11])[C:2](=[O:1])[O:3][H:10])([H:12])[H:13])([H:14])[H:15])[H:17],9.0,9.0
6,-0.07725714285714284,AM1BCC,AmberTools,,,C,,7,[H:16][C:7]1([C:6]([C:5]([C:4]([C:9]([C:8]1([H:18])[H:19])([H:20])[H:21])([H:11])[C:2](=[O:1])[O:3][H:10])([H:12])[H:13])([H:14])[H:15])[H:17],9.0,9.0
7,-0.07775714285714284,AM1BCC,AmberTools,,,C,,8,[H:16][C:7]1([C:6]([C:5]([C:4]([C:9]([C:8]1([H:18])[H:19])([H:20])[H:21])([H:11])[C:2](=[O:1])[O:3][H:10])([H:12])[H:13])([H:14])[H:15])[H:17],9.0,9.0
8,-0.07025714285714285,AM1BCC,AmberTools,,,C,,9,[H:16][C:7]1([C:6]([C:5]([C:4]([C:9]([C:8]1([H:18])[H:19])([H:20])[H:21])([H:11])[C:2](=[O:1])[O:3][H:10])([H:12])[H:13])([H:14])[H:15])[H:17],9.0,9.0
9,0.44214285714285717,AM1BCC,AmberTools,,,H,,10,[H:16][C:7]1([C:6]([C:5]([C:4]([C:9]([C:8]1([H:18])[H:19])([H:20])[H:21])([H:11])[C:2](=[O:1])[O:3][H:10])([H:12])[H:13])([H:14])[H:15])[H:17],9.0,9.0
10,0.08084285714285715,AM1BCC,AmberTools,,,H,,11,[H:16][C:7]1([C:6]([C:5]([C:4]([C:9]([C:8]1([H:18])[H:19])([H:20])[H:21])([H:11])[C:2](=[O:1])[O:3][H:10])([H:12])[H:13])([H:14])[H:15])[H:17],9.0,9.0
11,0.05284285714285714,AM1BCC,AmberTools,,,H,,12,[H:16][C:7]1([C:6]([C:5]([C:4]([C:9]([C:8]1([H:18])[H:19])([H:20])[H:21])([H:11])[C:2](=[O:1])[O:3][H:10])([H:12])[H:13])([H:14])[H:15])[H:17],9.0,9.0
12,0.05284285714285714,AM1BCC,AmberTools,,,H,,13,[H:16][C:7]1([C:6]([C:5]([C:4]([C:9]([C:8]1([H:18])[H:19])([H:20])[H:21])([H:11])[C:2](=[O:1])[O:3][H:10])([H:12])[H:13])([H:14])[H:15])[H:17],9.0,9.0
13,0.046342857142857144,AM1BCC,AmberTools,,,H,,14,[H:16][C:7]1([C:6]([C:5]([C:4]([C:9]([C:8]1([H:18])[H:19])([H:20])[H:21])([H:11])[C:2](=[O:1])[O:3][H:10])([H:12])[H:13])([H:14])[H:15])[H:17],9.0,9.0
14,0.046342857142857144,AM1BCC,AmberTools,,,H,,15,[H:16][C:7]1([C:6]([C:5]([C:4]([C:9]([C:8]1([H:18])[H:19])([H:20])[H:21])([H:11])[C:2](=[O:1])[O:3][H:10])([H:12])[H:13])([H:14])[H:15])[H:17],9.0,9.0
15,0.040342857142857146,AM1BCC,AmberTools,,,H,,16,[H:16][C:7]1([C:6]([C:5]([C:4]([C:9]([C:8]1([H:18])[H:19])([H:20])[H:21])([H:11])[C:2](=[O:1])[O:3][H:10])([H:12])[H:13])([H:14])[H:15])[H:17],9.0,9.0
16,0.040342857142857146,AM1BCC,AmberTools,,,H,,17,[H:16][C:7]1([C:6]([C:5]([C:4]([C:9]([C:8]1([H:18])[H:19])([H:20])[H:21])([H:11])[C:2](=[O:1])[O:3][H:10])([H:12])[H:13])([H:14])[H:15])[H:17],9.0,9.0
17,0.046342857142857144,AM1BCC,AmberTools,,,H,,18,[H:16][C:7]1([C:6]([C:5]([C:4]([C:9]([C:8]1([H:18])[H:19])([H:20])[H:21])([H:11])[C:2](=[O:1])[O:3][H:10])([H:12])[H:13])([H:14])[H:15])[H:17],9.0,9.0
18,0.046342857142857144,AM1BCC,AmberTools,,,H,,19,[H:16][C:7]1([C:6]([C:5]([C:4]([C:9]([C:8]1([H:18])[H:19])([H:20])[H:21])([H:11])[C:2](=[O:1])[O:3][H:10])([H:12])[H:13])([H:14])[H:15])[H:17],9.0,9.0
19,0.05284285714285714,AM1BCC,AmberTools,,,H,,20,[H:16][C:7]1([C:6]([C:5]([C:4]([C:9]([C:8]1([H:18])[H:19])([H:20])[H:21])([H:11])[C:2](=[O:1])[O:3][H:10])([H:12])[H:13])([H:14])[H:15])[H:17],9.0,9.0
20,0.05284285714285714,AM1BCC,AmberTools,,,H,,21,[H:16][C:7]1([C:6]([C:5]([C:4]([C:9]([C:8]1([H:18])[H:19])([H:20])[H:21])([H:11])[C:2](=[O:1])[O:3][H:10])([H:12])[H:13])([H:14])[H:15])[H:17],9.0,9.0
0,-0.5545499920845032,AM1BCC,OpenEye,,,O,,1,[H:16][C:7]1([C:6]([C:5]([C:4]([C:9]([C:8]1([H:18])[H:19])([H:20])[H:21])([H:11])[C:2](=[O:1])[O:3][H:10])([H:12])[H:13])([H:14])[H:15])[H:17],9.0,10.0
1,0.6342200040817261,AM1BCC,OpenEye,,,C,,2,[H:16][C:7]1([C:6]([C:5]([C:4]([C:9]([C:8]1([H:18])[H:19])([H:20])[H:21])([H:11])[C:2](=[O:1])[O:3][H:10])([H:12])[H:13])([H:14])[H:15])[H:17],9.0,10.0
2,-0.5986400246620178,AM1BCC,OpenEye,,,O,,3,[H:16][C:7]1([C:6]([C:5]([C:4]([C:9]([C:8]1([H:18])[H:19])([H:20])[H:21])([H:11])[C:2](=[O:1])[O:3][H:10])([H:12])[H:13])([H:14])[H:15])[H:17],9.0,10.0
3,-0.10763999819755554,AM1BCC,OpenEye,,,C,,4,[H:16][C:7]1([C:6]([C:5]([C:4]([C:9]([C:8]1([H:18])[H:19])([H:20])[H:21])([H:11])[C:2](=[O:1])[O:3][H:10])([H:12])[H:13])([H:14])[H:15])[H:17],9.0,10.0
4,-0.06904999911785126,AM1BCC,OpenEye,,,C,,5,[H:16][C:7]1([C:6]([C:5]([C:4]([C:9]([C:8]1([H:18])[H:19])([H:20])[H:21])([H:11])[C:2](=[O:1])[O:3][H:10])([H:12])[H:13])([H:14])[H:15])[H:17],9.0,10.0
5,-0.0769599974155426,AM1BCC,OpenEye,,,C,,6,[H:16][C:7]1([C:6]([C:5]([C:4]([C:9]([C:8]1([H:18])[H:19])([H:20])[H:21])([H:11])[C:2](=[O:1])[O:3][H:10])([H:12])[H:13])([H:14])[H:15])[H:17],9.0,10.0
6,-0.07791999727487564,AM1BCC,OpenEye,,,C,,7,[H:16][C:7]1([C:6]([C:5]([C:4]([C:9]([C:8]1([H:18])[H:19])([H:20])[H:21])([H:11])[C:2](=[O:1])[O:3][H:10])([H:12])[H:13])([H:14])[H:15])[H:17],9.0,10.0
7,-0.0769599974155426,AM1BCC,OpenEye,,,C,,8,[H:16][C:7]1([C:6]([C:5]([C:4]([C:9]([C:8]1([H:18])[H:19])([H:20])[H:21])([H:11])[C:2](=[O:1])[O:3][H:10])([H:12])[H:13])([H:14])[H:15])[H:17],9.0,10.0
8,-0.06904999911785126,AM1BCC,OpenEye,,,C,,9,[H:16][C:7]1([C:6]([C:5]([C:4]([C:9]([C:8]1([H:18])[H:19])([H:20])[H:21])([H:11])[C:2](=[O:1])[O:3][H:10])([H:12])[H:13])([H:14])[H:15])[H:17],9.0,10.0
9,0.44218000769615173,AM1BCC,OpenEye,,,H,,10,[H:16][C:7]1([C:6]([C:5]([C:4]([C:9]([C:8]1([H:18])[H:19])([H:20])[H:21])([H:11])[C:2](=[O:1])[O:3][H:10])([H:12])[H:13])([H:14])[H:15])[H:17],9.0,10.0
10,0.08146999776363373,AM1BCC,OpenEye,,,H,,11,[H:16][C:7]1([C:6]([C:5]([C:4]([C:9]([C:8]1([H:18])[H:19])([H:20])[H:21])([H:11])[C:2](=[O:1])[O:3][H:10])([H:12])[H:13])([H:14])[H:15])[H:17],9.0,10.0
11,0.05195999890565872,AM1BCC,OpenEye,,,H,,12,[H:16][C:7]1([C:6]([C:5]([C:4]([C:9]([C:8]1([H:18])[H:19])([H:20])[H:21])([H:11])[C:2](=[O:1])[O:3][H:10])([H:12])[H:13])([H:14])[H:15])[H:17],9.0,10.0
12,0.05195999890565872,AM1BCC,OpenEye,,,H,,13,[H:16][C:7]1([C:6]([C:5]([C:4]([C:9]([C:8]1([H:18])[H:19])([H:20])[H:21])([H:11])[C:2](=[O:1])[O:3][H:10])([H:12])[H:13])([H:14])[H:15])[H:17],9.0,10.0
13,0.04605000093579292,AM1BCC,OpenEye,,,H,,14,[H:16][C:7]1([C:6]([C:5]([C:4]([C:9]([C:8]1([H:18])[H:19])([H:20])[H:21])([H:11])[C:2](=[O:1])[O:3][H:10])([H:12])[H:13])([H:14])[H:15])[H:17],9.0,10.0
14,0.04605000093579292,AM1BCC,OpenEye,,,H,,15,[H:16][C:7]1([C:6]([C:5]([C:4]([C:9]([C:8]1([H:18])[H:19])([H:20])[H:21])([H:11])[C:2](=[O:1])[O:3][H:10])([H:12])[H:13])([H:14])[H:15])[H:17],9.0,10.0
15,0.04042999818921089,AM1BCC,OpenEye,,,H,,16,[H:16][C:7]1([C:6]([C:5]([C:4]([C:9]([C:8]1([H:18])[H:19])([H:20])[H:21])([H:11])[C:2](=[O:1])[O:3][H:10])([H:12])[H:13])([H:14])[H:15])[H:17],9.0,10.0
16,0.04042999818921089,AM1BCC,OpenEye,,,H,,17,[H:16][C:7]1([C:6]([C:5]([C:4]([C:9]([C:8]1([H:18])[H:19])([H:20])[H:21])([H:11])[C:2](=[O:1])[O:3][H:10])([H:12])[H:13])([H:14])[H:15])[H:17],9.0,10.0
17,0.04605000093579292,AM1BCC,OpenEye,,,H,,18,[H:16][C:7]1([C:6]([C:5]([C:4]([C:9]([C:8]1([H:18])[H:19])([H:20])[H:21])([H:11])[C:2](=[O:1])[O:3][H:10])([H:12])[H:13])([H:14])[H:15])[H:17],9.0,10.0
18,0.04605000093579292,AM1BCC,OpenEye,,,H,,19,[H:16][C:7]1([C:6]([C:5]([C:4]([C:9]([C:8]1([H:18])[H:19])([H:20])[H:21])([H:11])[C:2](=[O:1])[O:3][H:10])([H:12])[H:13])([H:14])[H:15])[H:17],9.0,10.0
19,0.05195999890565872,AM1BCC,OpenEye,,,H,,20,[H:16][C:7]1([C:6]([C:5]([C:4]([C:9]([C:8]1([H:18])[H:19])([H:20])[H:21])([H:11])[C:2](=[O:1])[O:3][H:10])([H:12])[H:13])([H:14])[H:15])[H:17],9.0,10.0
20,0.05195999890565872,AM1BCC,OpenEye,,,H,,21,[H:16][C:7]1([C:6]([C:5]([C:4]([C:9]([C:8]1([H:18])[H:19])([H:20])[H:21])([H:11])[C:2](=[O:1])[O:3][H:10])([H:12])[H:13])([H:14])[H:15])[H:17],9.0,10.0
0,-0.5528571428571429,AM1BCC,AmberTools,,,O,,1,[H:16][C:7]1([C:6]([C:5]([C:4]([C:9]([C:8]1([H:18])[H:19])([H:20])[H:21])([H:11])[C:2](=[O:1])[O:3][H:10])([H:12])[H:13])([H:14])[H:15])[H:17],9.0,10.0
1,0.6342428571428571,AM1BCC,AmberTools,,,C,,2,[H:16][C:7]1([C:6]([C:5]([C:4]([C:9]([C:8]1([H:18])[H:19])([H:20])[H:21])([H:11])[C:2](=[O:1])[O:3][H:10])([H:12])[H:13])([H:14])[H:15])[H:17],9.0,10.0
2,-0.6059571428571429,AM1BCC,AmberTools,,,O,,3,[H:16][C:7]1([C:6]([C:5]([C:4]([C:9]([C:8]1([H:18])[H:19])([H:20])[H:21])([H:11])[C:2](=[O:1])[O:3][H:10])([H:12])[H:13])([H:14])[H:15])[H:17],9.0,10.0
3,-0.10255714285714285,AM1BCC,AmberTools,,,C,,4,[H:16][C:7]1([C:6]([C:5]([C:4]([C:9]([C:8]1([H:18])[H:19])([H:20])[H:21])([H:11])[C:2](=[O:1])[O:3][H:10])([H:12])[H:13])([H:14])[H:15])[H:17],9.0,10.0
4,-0.07025714285714285,AM1BCC,AmberTools,,,C,,5,[H:16][C:7]1([C:6]([C:5]([C:4]([C:9]([C:8]1([H:18])[H:19])([H:20])[H:21])([H:11])[C:2](=[O:1])[O:3][H:10])([H:12])[H:13])([H:14])[H:15])[H:17],9.0,10.0
5,-0.07775714285714284,AM1BCC,AmberTools,,,C,,6,[H:16][C:7]1([C:6]([C:5]([C:4]([C:9]([C:8]1([H:18])[H:19])([H:20])[H:21])([H:11])[C:2](=[O:1])[O:3][H:10])([H:12])[H:13])([H:14])[H:15])[H:17],9.0,10.0
6,-0.07725714285714284,AM1BCC,AmberTools,,,C,,7,[H:16][C:7]1([C:6]([C:5]([C:4]([C:9]([C:8]1([H:18])[H:19])([H:20])[H:21])([H:11])[C:2](=[O:1])[O:3][H:10])([H:12])[H:13])([H:14])[H:15])[H:17],9.0,10.0
7,-0.07775714285714284,AM1BCC,AmberTools,,,C,,8,[H:16][C:7]1([C:6]([C:5]([C:4]([C:9]([C:8]1([H:18])[H:19])([H:20])[H:21])([H:11])[C:2](=[O:1])[O:3][H:10])([H:12])[H:13])([H:14])[H:15])[H:17],9.0,10.0
8,-0.07025714285714285,AM1BCC,AmberTools,,,C,,9,[H:16][C:7]1([C:6]([C:5]([C:4]([C:9]([C:8]1([H:18])[H:19])([H:20])[H:21])([H:11])[C:2](=[O:1])[O:3][H:10])([H:12])[H:13])([H:14])[H:15])[H:17],9.0,10.0
9,0.44214285714285717,AM1BCC,AmberTools,,,H,,10,[H:16][C:7]1([C:6]([C:5]([C:4]([C:9]([C:8]1([H:18])[H:19])([H:20])[H:21])([H:11])[C:2](=[O:1])[O:3][H:10])([H:12])[H:13])([H:14])[H:15])[H:17],9.0,10.0
10,0.08084285714285715,AM1BCC,AmberTools,,,H,,11,[H:16][C:7]1([C:6]([C:5]([C:4]([C:9]([C:8]1([H:18])[H:19])([H:20])[H:21])([H:11])[C:2](=[O:1])[O:3][H:10])([H:12])[H:13])([H:14])[H:15])[H:17],9.0,10.0
11,0.05284285714285714,AM1BCC,AmberTools,,,H,,12,[H:16][C:7]1([C:6]([C:5]([C:4]([C:9]([C:8]1([H:18])[H:19])([H:20])[H:21])([H:11])[C:2](=[O:1])[O:3][H:10])([H:12])[H:13])([H:14])[H:15])[H:17],9.0,10.0
12,0.05284285714285714,AM1BCC,AmberTools,,,H,,13,[H:16][C:7]1([C:6]([C:5]([C:4]([C:9]([C:8]1([H:18])[H:19])([H:20])[H:21])([H:11])[C:2](=[O:1])[O:3][H:10])([H:12])[H:13])([H:14])[H:15])[H:17],9.0,10.0
13,0.046342857142857144,AM1BCC,AmberTools,,,H,,14,[H:16][C:7]1([C:6]([C:5]([C:4]([C:9]([C:8]1([H:18])[H:19])([H:20])[H:21])([H:11])[C:2](=[O:1])[O:3][H:10])([H:12])[H:13])([H:14])[H:15])[H:17],9.0,10.0
14,0.046342857142857144,AM1BCC,AmberTools,,,H,,15,[H:16][C:7]1([C:6]([C:5]([C:4]([C:9]([C:8]1([H:18])[H:19])([H:20])[H:21])([H:11])[C:2](=[O:1])[O:3][H:10])([H:12])[H:13])([H:14])[H:15])[H:17],9.0,10.0
15,0.040342857142857146,AM1BCC,AmberTools,,,H,,16,[H:16][C:7]1([C:6]([C:5]([C:4]([C:9]([C:8]1([H:18])[H:19])([H:20])[H:21])([H:11])[C:2](=[O:1])[O:3][H:10])([H:12])[H:13])([H:14])[H:15])[H:17],9.0,10.0
16,0.040342857142857146,AM1BCC,AmberTools,,,H,,17,[H:16][C:7]1([C:6]([C:5]([C:4]([C:9]([C:8]1([H:18])[H:19])([H:20])[H:21])([H:11])[C:2](=[O:1])[O:3][H:10])([H:12])[H:13])([H:14])[H:15])[H:17],9.0,10.0
17,0.046342857142857144,AM1BCC,AmberTools,,,H,,18,[H:16][C:7]1([C:6]([C:5]([C:4]([C:9]([C:8]1([H:18])[H:19])([H:20])[H:21])([H:11])[C:2](=[O:1])[O:3][H:10])([H:12])[H:13])([H:14])[H:15])[H:17],9.0,10.0
18,0.046342857142857144,AM1BCC,AmberTools,,,H,,19,[H:16][C:7]1([C:6]([C:5]([C:4]([C:9]([C:8]1([H:18])[H:19])([H:20])[H:21])([H:11])[C:2](=[O:1])[O:3][H:10])([H:12])[H:13])([H:14])[H:15])[H:17],9.0,10.0
19,0.05284285714285714,AM1BCC,AmberTools,,,H,,20,[H:16][C:7]1([C:6]([C:5]([C:4]([C:9]([C:8]1([H:18])[H:19])([H:20])[H:21])([H:11])[C:2](=[O:1])[O:3][H:10])([H:12])[H:13])([H:14])[H:15])[H:17],9.0,10.0
20,0.05284285714285714,AM1BCC,AmberTools,,,H,,21,[H:16][C:7]1([C:6]([C:5]([C:4]([C:9]([C:8]1([H:18])[H:19])([H:20])[H:21])([H:11])[C:2](=[O:1])[O:3][H:10])([H:12])[H:13])([H:14])[H:15])[H:17],9.0,10.0
0,-0.5545499920845032,AM1BCC,OpenEye,,,O,,1,[H:16][C:7]1([C:6]([C:5]([C:4]([C:9]([C:8]1([H:18])[H:19])([H:20])[H:21])([H:11])[C:2](=[O:1])[O:3][H:10])([H:12])[H:13])([H:14])[H:15])[H:17],9.0,11.0
1,0.6342200040817261,AM1BCC,OpenEye,,,C,,2,[H:16][C:7]1([C:6]([C:5]([C:4]([C:9]([C:8]1([H:18])[H:19])([H:20])[H:21])([H:11])[C:2](=[O:1])[O:3][H:10])([H:12])[H:13])([H:14])[H:15])[H:17],9.0,11.0
2,-0.5986400246620178,AM1BCC,OpenEye,,,O,,3,[H:16][C:7]1([C:6]([C:5]([C:4]([C:9]([C:8]1([H:18])[H:19])([H:20])[H:21])([H:11])[C:2](=[O:1])[O:3][H:10])([H:12])[H:13])([H:14])[H:15])[H:17],9.0,11.0
3,-0.10763999819755554,AM1BCC,OpenEye,,,C,,4,[H:16][C:7]1([C:6]([C:5]([C:4]([C:9]([C:8]1([H:18])[H:19])([H:20])[H:21])([H:11])[C:2](=[O:1])[O:3][H:10])([H:12])[H:13])([H:14])[H:15])[H:17],9.0,11.0
4,-0.06904999911785126,AM1BCC,OpenEye,,,C,,5,[H:16][C:7]1([C:6]([C:5]([C:4]([C:9]([C:8]1([H:18])[H:19])([H:20])[H:21])([H:11])[C:2](=[O:1])[O:3][H:10])([H:12])[H:13])([H:14])[H:15])[H:17],9.0,11.0
5,-0.0769599974155426,AM1BCC,OpenEye,,,C,,6,[H:16][C:7]1([C:6]([C:5]([C:4]([C:9]([C:8]1([H:18])[H:19])([H:20])[H:21])([H:11])[C:2](=[O:1])[O:3][H:10])([H:12])[H:13])([H:14])[H:15])[H:17],9.0,11.0
6,-0.07791999727487564,AM1BCC,OpenEye,,,C,,7,[H:16][C:7]1([C:6]([C:5]([C:4]([C:9]([C:8]1([H:18])[H:19])([H:20])[H:21])([H:11])[C:2](=[O:1])[O:3][H:10])([H:12])[H:13])([H:14])[H:15])[H:17],9.0,11.0
7,-0.0769599974155426,AM1BCC,OpenEye,,,C,,8,[H:16][C:7]1([C:6]([C:5]([C:4]([C:9]([C:8]1([H:18])[H:19])([H:20])[H:21])([H:11])[C:2](=[O:1])[O:3][H:10])([H:12])[H:13])([H:14])[H:15])[H:17],9.0,11.0
8,-0.06904999911785126,AM1BCC,OpenEye,,,C,,9,[H:16][C:7]1([C:6]([C:5]([C:4]([C:9]([C:8]1([H:18])[H:19])([H:20])[H:21])([H:11])[C:2](=[O:1])[O:3][H:10])([H:12])[H:13])([H:14])[H:15])[H:17],9.0,11.0
9,0.44218000769615173,AM1BCC,OpenEye,,,H,,10,[H:16][C:7]1([C:6]([C:5]([C:4]([C:9]([C:8]1([H:18])[H:19])([H:20])[H:21])([H:11])[C:2](=[O:1])[O:3][H:10])([H:12])[H:13])([H:14])[H:15])[H:17],9.0,11.0
10,0.08146999776363373,AM1BCC,OpenEye,,,H,,11,[H:16][C:7]1([C:6]([C:5]([C:4]([C:9]([C:8]1([H:18])[H:19])([H:20])[H:21])([H:11])[C:2](=[O:1])[O:3][H:10])([H:12])[H:13])([H:14])[H:15])[H:17],9.0,11.0
11,0.05195999890565872,AM1BCC,OpenEye,,,H,,12,[H:16][C:7]1([C:6]([C:5]([C:4]([C:9]([C:8]1([H:18])[H:19])([H:20])[H:21])([H:11])[C:2](=[O:1])[O:3][H:10])([H:12])[H:13])([H:14])[H:15])[H:17],9.0,11.0
12,0.05195999890565872,AM1BCC,OpenEye,,,H,,13,[H:16][C:7]1([C:6]([C:5]([C:4]([C:9]([C:8]1([H:18])[H:19])([H:20])[H:21])([H:11])[C:2](=[O:1])[O:3][H:10])([H:12])[H:13])([H:14])[H:15])[H:17],9.0,11.0
13,0.04605000093579292,AM1BCC,OpenEye,,,H,,14,[H:16][C:7]1([C:6]([C:5]([C:4]([C:9]([C:8]1([H:18])[H:19])([H:20])[H:21])([H:11])[C:2](=[O:1])[O:3][H:10])([H:12])[H:13])([H:14])[H:15])[H:17],9.0,11.0
14,0.04605000093579292,AM1BCC,OpenEye,,,H,,15,[H:16][C:7]1([C:6]([C:5]([C:4]([C:9]([C:8]1([H:18])[H:19])([H:20])[H:21])([H:11])[C:2](=[O:1])[O:3][H:10])([H:12])[H:13])([H:14])[H:15])[H:17],9.0,11.0
15,0.04042999818921089,AM1BCC,OpenEye,,,H,,16,[H:16][C:7]1([C:6]([C:5]([C:4]([C:9]([C:8]1([H:18])[H:19])([H:20])[H:21])([H:11])[C:2](=[O:1])[O:3][H:10])([H:12])[H:13])([H:14])[H:15])[H:17],9.0,11.0
16,0.04042999818921089,AM1BCC,OpenEye,,,H,,17,[H:16][C:7]1([C:6]([C:5]([C:4]([C:9]([C:8]1([H:18])[H:19])([H:20])[H:21])([H:11])[C:2](=[O:1])[O:3][H:10])([H:12])[H:13])([H:14])[H:15])[H:17],9.0,11.0
17,0.04605000093579292,AM1BCC,OpenEye,,,H,,18,[H:16][C:7]1([C:6]([C:5]([C:4]([C:9]([C:8]1([H:18])[H:19])([H:20])[H:21])([H:11])[C:2](=[O:1])[O:3][H:10])([H:12])[H:13])([H:14])[H:15])[H:17],9.0,11.0
18,0.04605000093579292,AM1BCC,OpenEye,,,H,,19,[H:16][C:7]1([C:6]([C:5]([C:4]([C:9]([C:8]1([H:18])[H:19])([H:20])[H:21])([H:11])[C:2](=[O:1])[O:3][H:10])([H:12])[H:13])([H:14])[H:15])[H:17],9.0,11.0
19,0.05195999890565872,AM1BCC,OpenEye,,,H,,20,[H:16][C:7]1([C:6]([C:5]([C:4]([C:9]([C:8]1([H:18])[H:19])([H:20])[H:21])([H:11])[C:2](=[O:1])[O:3][H:10])([H:12])[H:13])([H:14])[H:15])[H:17],9.0,11.0
20,0.05195999890565872,AM1BCC,OpenEye,,,H,,21,[H:16][C:7]1([C:6]([C:5]([C:4]([C:9]([C:8]1([H:18])[H:19])([H:20])[H:21])([H:11])[C:2](=[O:1])[O:3][H:10])([H:12])[H:13])([H:14])[H:15])[H:17],9.0,11.0
0,-0.5528571428571429,AM1BCC,AmberTools,,,O,,1,[H:16][C:7]1([C:6]([C:5]([C:4]([C:9]([C:8]1([H:18])[H:19])([H:20])[H:21])([H:11])[C:2](=[O:1])[O:3][H:10])([H:12])[H:13])([H:14])[H:15])[H:17],9.0,11.0
1,0.6342428571428571,AM1BCC,AmberTools,,,C,,2,[H:16][C:7]1([C:6]([C:5]([C:4]([C:9]([C:8]1([H:18])[H:19])([H:20])[H:21])([H:11])[C:2](=[O:1])[O:3][H:10])([H:12])[H:13])([H:14])[H:15])[H:17],9.0,11.0
2,-0.6059571428571429,AM1BCC,AmberTools,,,O,,3,[H:16][C:7]1([C:6]([C:5]([C:4]([C:9]([C:8]1([H:18])[H:19])([H:20])[H:21])([H:11])[C:2](=[O:1])[O:3][H:10])([H:12])[H:13])([H:14])[H:15])[H:17],9.0,11.0
3,-0.10255714285714285,AM1BCC,AmberTools,,,C,,4,[H:16][C:7]1([C:6]([C:5]([C:4]([C:9]([C:8]1([H:18])[H:19])([H:20])[H:21])([H:11])[C:2](=[O:1])[O:3][H:10])([H:12])[H:13])([H:14])[H:15])[H:17],9.0,11.0
4,-0.07025714285714285,AM1BCC,AmberTools,,,C,,5,[H:16][C:7]1([C:6]([C:5]([C:4]([C:9]([C:8]1([H:18])[H:19])([H:20])[H:21])([H:11])[C:2](=[O:1])[O:3][H:10])([H:12])[H:13])([H:14])[H:15])[H:17],9.0,11.0
5,-0.07775714285714284,AM1BCC,AmberTools,,,C,,6,[H:16][C:7]1([C:6]([C:5]([C:4]([C:9]([C:8]1([H:18])[H:19])([H:20])[H:21])([H:11])[C:2](=[O:1])[O:3][H:10])([H:12])[H:13])([H:14])[H:15])[H:17],9.0,11.0
6,-0.07725714285714284,AM1BCC,AmberTools,,,C,,7,[H:16][C:7]1([C:6]([C:5]([C:4]([C:9]([C:8]1([H:18])[H:19])([H:20])[H:21])([H:11])[C:2](=[O:1])[O:3][H:10])([H:12])[H:13])([H:14])[H:15])[H:17],9.0,11.0
7,-0.07775714285714284,AM1BCC,AmberTools,,,C,,8,[H:16][C:7]1([C:6]([C:5]([C:4]([C:9]([C:8]1([H:18])[H:19])([H:20])[H:21])([H:11])[C:2](=[O:1])[O:3][H:10])([H:12])[H:13])([H:14])[H:15])[H:17],9.0,11.0
8,-0.07025714285714285,AM1BCC,AmberTools,,,C,,9,[H:16][C:7]1([C:6]([C:5]([C:4]([C:9]([C:8]1([H:18])[H:19])([H:20])[H:21])([H:11])[C:2](=[O:1])[O:3][H:10])([H:12])[H:13])([H:14])[H:15])[H:17],9.0,11.0
9,0.44214285714285717,AM1BCC,AmberTools,,,H,,10,[H:16][C:7]1([C:6]([C:5]([C:4]([C:9]([C:8]1([H:18])[H:19])([H:20])[H:21])([H:11])[C:2](=[O:1])[O:3][H:10])([H:12])[H:13])([H:14])[H:15])[H:17],9.0,11.0
10,0.08084285714285715,AM1BCC,AmberTools,,,H,,11,[H:16][C:7]1([C:6]([C:5]([C:4]([C:9]([C:8]1([H:18])[H:19])([H:20])[H:21])([H:11])[C:2](=[O:1])[O:3][H:10])([H:12])[H:13])([H:14])[H:15])[H:17],9.0,11.0
11,0.05284285714285714,AM1BCC,AmberTools,,,H,,12,[H:16][C:7]1([C:6]([C:5]([C:4]([C:9]([C:8]1([H:18])[H:19])([H:20])[H:21])([H:11])[C:2](=[O:1])[O:3][H:10])([H:12])[H:13])([H:14])[H:15])[H:17],9.0,11.0
12,0.05284285714285714,AM1BCC,AmberTools,,,H,,13,[H:16][C:7]1([C:6]([C:5]([C:4]([C:9]([C:8]1([H:18])[H:19])([H:20])[H:21])([H:11])[C:2](=[O:1])[O:3][H:10])([H:12])[H:13])([H:14])[H:15])[H:17],9.0,11.0
13,0.046342857142857144,AM1BCC,AmberTools,,,H,,14,[H:16][C:7]1([C:6]([C:5]([C:4]([C:9]([C:8]1([H:18])[H:19])([H:20])[H:21])([H:11])[C:2](=[O:1])[O:3][H:10])([H:12])[H:13])([H:14])[H:15])[H:17],9.0,11.0
14,0.046342857142857144,AM1BCC,AmberTools,,,H,,15,[H:16][C:7]1([C:6]([C:5]([C:4]([C:9]([C:8]1([H:18])[H:19])([H:20])[H:21])([H:11])[C:2](=[O:1])[O:3][H:10])([H:12])[H:13])([H:14])[H:15])[H:17],9.0,11.0
15,0.040342857142857146,AM1BCC,AmberTools,,,H,,16,[H:16][C:7]1([C:6]([C:5]([C:4]([C:9]([C:8]1([H:18])[H:19])([H:20])[H:21])([H:11])[C:2](=[O:1])[O:3][H:10])([H:12])[H:13])([H:14])[H:15])[H:17],9.0,11.0
16,0.040342857142857146,AM1BCC,AmberTools,,,H,,17,[H:16][C:7]1([C:6]([C:5]([C:4]([C:9]([C:8]1([H:18])[H:19])([H:20])[H:21])([H:11])[C:2](=[O:1])[O:3][H:10])([H:12])[H:13])([H:14])[H:15])[H:17],9.0,11.0
17,0.046342857142857144,AM1BCC,AmberTools,,,H,,18,[H:16][C:7]1([C:6]([C:5]([C:4]([C:9]([C:8]1([H:18])[H:19])([H:20])[H:21])([H:11])[C:2](=[O:1])[O:3][H:10])([H:12])[H:13])([H:14])[H:15])[H:17],9.0,11.0
18,0.046342857142857144,AM1BCC,AmberTools,,,H,,19,[H:16][C:7]1([C:6]([C:5]([C:4]([C:9]([C:8]1([H:18])[H:19])([H:20])[H:21])([H:11])[C:2](=[O:1])[O:3][H:10])([H:12])[H:13])([H:14])[H:15])[H:17],9.0,11.0
19,0.05284285714285714,AM1BCC,AmberTools,,,H,,20,[H:16][C:7]1([C:6]([C:5]([C:4]([C:9]([C:8]1([H:18])[H:19])([H:20])[H:21])([H:11])[C:2](=[O:1])[O:3][H:10])([H:12])[H:13])([H:14])[H:15])[H:17],9.0,11.0
20,0.05284285714285714,AM1BCC,AmberTools,,,H,,21,[H:16][C:7]1([C:6]([C:5]([C:4]([C:9]([C:8]1([H:18])[H:19])([H:20])[H:21])([H:11])[C:2](=[O:1])[O:3][H:10])([H:12])[H:13])([H:14])[H:15])[H:17],9.0,11.0
0,-0.5545499920845032,AM1BCC,OpenEye,,,O,,1,[H:16][C:7]1([C:6]([C:5]([C:4]([C:9]([C:8]1([H:18])[H:19])([H:20])[H:21])([H:11])[C:2](=[O:1])[O:3][H:10])([H:12])[H:13])([H:14])[H:15])[H:17],9.0,12.0
1,0.6342200040817261,AM1BCC,OpenEye,,,C,,2,[H:16][C:7]1([C:6]([C:5]([C:4]([C:9]([C:8]1([H:18])[H:19])([H:20])[H:21])([H:11])[C:2](=[O:1])[O:3][H:10])([H:12])[H:13])([H:14])[H:15])[H:17],9.0,12.0
2,-0.5986400246620178,AM1BCC,OpenEye,,,O,,3,[H:16][C:7]1([C:6]([C:5]([C:4]([C:9]([C:8]1([H:18])[H:19])([H:20])[H:21])([H:11])[C:2](=[O:1])[O:3][H:10])([H:12])[H:13])([H:14])[H:15])[H:17],9.0,12.0
3,-0.10763999819755554,AM1BCC,OpenEye,,,C,,4,[H:16][C:7]1([C:6]([C:5]([C:4]([C:9]([C:8]1([H:18])[H:19])([H:20])[H:21])([H:11])[C:2](=[O:1])[O:3][H:10])([H:12])[H:13])([H:14])[H:15])[H:17],9.0,12.0
4,-0.06904999911785126,AM1BCC,OpenEye,,,C,,5,[H:16][C:7]1([C:6]([C:5]([C:4]([C:9]([C:8]1([H:18])[H:19])([H:20])[H:21])([H:11])[C:2](=[O:1])[O:3][H:10])([H:12])[H:13])([H:14])[H:15])[H:17],9.0,12.0
5,-0.0769599974155426,AM1BCC,OpenEye,,,C,,6,[H:16][C:7]1([C:6]([C:5]([C:4]([C:9]([C:8]1([H:18])[H:19])([H:20])[H:21])([H:11])[C:2](=[O:1])[O:3][H:10])([H:12])[H:13])([H:14])[H:15])[H:17],9.0,12.0
6,-0.07791999727487564,AM1BCC,OpenEye,,,C,,7,[H:16][C:7]1([C:6]([C:5]([C:4]([C:9]([C:8]1([H:18])[H:19])([H:20])[H:21])([H:11])[C:2](=[O:1])[O:3][H:10])([H:12])[H:13])([H:14])[H:15])[H:17],9.0,12.0
7,-0.0769599974155426,AM1BCC,OpenEye,,,C,,8,[H:16][C:7]1([C:6]([C:5]([C:4]([C:9]([C:8]1([H:18])[H:19])([H:20])[H:21])([H:11])[C:2](=[O:1])[O:3][H:10])([H:12])[H:13])([H:14])[H:15])[H:17],9.0,12.0
8,-0.06904999911785126,AM1BCC,OpenEye,,,C,,9,[H:16][C:7]1([C:6]([C:5]([C:4]([C:9]([C:8]1([H:18])[H:19])([H:20])[H:21])([H:11])[C:2](=[O:1])[O:3][H:10])([H:12])[H:13])([H:14])[H:15])[H:17],9.0,12.0
9,0.44218000769615173,AM1BCC,OpenEye,,,H,,10,[H:16][C:7]1([C:6]([C:5]([C:4]([C:9]([C:8]1([H:18])[H:19])([H:20])[H:21])([H:11])[C:2](=[O:1])[O:3][H:10])([H:12])[H:13])([H:14])[H:15])[H:17],9.0,12.0
10,0.08146999776363373,AM1BCC,OpenEye,,,H,,11,[H:16][C:7]1([C:6]([C:5]([C:4]([C:9]([C:8]1([H:18])[H:19])([H:20])[H:21])([H:11])[C:2](=[O:1])[O:3][H:10])([H:12])[H:13])([H:14])[H:15])[H:17],9.0,12.0
11,0.05195999890565872,AM1BCC,OpenEye,,,H,,12,[H:16][C:7]1([C:6]([C:5]([C:4]([C:9]([C:8]1([H:18])[H:19])([H:20])[H:21])([H:11])[C:2](=[O:1])[O:3][H:10])([H:12])[H:13])([H:14])[H:15])[H:17],9.0,12.0
12,0.05195999890565872,AM1BCC,OpenEye,,,H,,13,[H:16][C:7]1([C:6]([C:5]([C:4]([C:9]([C:8]1([H:18])[H:19])([H:20])[H:21])([H:11])[C:2](=[O:1])[O:3][H:10])([H:12])[H:13])([H:14])[H:15])[H:17],9.0,12.0
13,0.04605000093579292,AM1BCC,OpenEye,,,H,,14,[H:16][C:7]1([C:6]([C:5]([C:4]([C:9]([C:8]1([H:18])[H:19])([H:20])[H:21])([H:11])[C:2](=[O:1])[O:3][H:10])([H:12])[H:13])([H:14])[H:15])[H:17],9.0,12.0
14,0.04605000093579292,AM1BCC,OpenEye,,,H,,15,[H:16][C:7]1([C:6]([C:5]([C:4]([C:9]([C:8]1([H:18])[H:19])([H:20])[H:21])([H:11])[C:2](=[O:1])[O:3][H:10])([H:12])[H:13])([H:14])[H:15])[H:17],9.0,12.0
15,0.04042999818921089,AM1BCC,OpenEye,,,H,,16,[H:16][C:7]1([C:6]([C:5]([C:4]([C:9]([C:8]1([H:18])[H:19])([H:20])[H:21])([H:11])[C:2](=[O:1])[O:3][H:10])([H:12])[H:13])([H:14])[H:15])[H:17],9.0,12.0
16,0.04042999818921089,AM1BCC,OpenEye,,,H,,17,[H:16][C:7]1([C:6]([C:5]([C:4]([C:9]([C:8]1([H:18])[H:19])([H:20])[H:21])([H:11])[C:2](=[O:1])[O:3][H:10])([H:12])[H:13])([H:14])[H:15])[H:17],9.0,12.0
17,0.04605000093579292,AM1BCC,OpenEye,,,H,,18,[H:16][C:7]1([C:6]([C:5]([C:4]([C:9]([C:8]1([H:18])[H:19])([H:20])[H:21])([H:11])[C:2](=[O:1])[O:3][H:10])([H:12])[H:13])([H:14])[H:15])[H:17],9.0,12.0
18,0.04605000093579292,AM1BCC,OpenEye,,,H,,19,[H:16][C:7]1([C:6]([C:5]([C:4]([C:9]([C:8]1([H:18])[H:19])([H:20])[H:21])([H:11])[C:2](=[O:1])[O:3][H:10])([H:12])[H:13])([H:14])[H:15])[H:17],9.0,12.0
19,0.05195999890565872,AM1BCC,OpenEye,,,H,,20,[H:16][C:7]1([C:6]([C:5]([C:4]([C:9]([C:8]1([H:18])[H:19])([H:20])[H:21])([H:11])[C:2](=[O:1])[O:3][H:10])([H:12])[H:13])([H:14])[H:15])[H:17],9.0,12.0
20,0.05195999890565872,AM1BCC,OpenEye,,,H,,21,[H:16][C:7]1([C:6]([C:5]([C:4]([C:9]([C:8]1([H:18])[H:19])([H:20])[H:21])([H:11])[C:2](=[O:1])[O:3][H:10])([H:12])[H:13])([H:14])[H:15])[H:17],9.0,12.0
0,-0.5528571428571429,AM1BCC,AmberTools,,,O,,1,[H:16][C:7]1([C:6]([C:5]([C:4]([C:9]([C:8]1([H:18])[H:19])([H:20])[H:21])([H:11])[C:2](=[O:1])[O:3][H:10])([H:12])[H:13])([H:14])[H:15])[H:17],9.0,12.0
1,0.6342428571428571,AM1BCC,AmberTools,,,C,,2,[H:16][C:7]1([C:6]([C:5]([C:4]([C:9]([C:8]1([H:18])[H:19])([H:20])[H:21])([H:11])[C:2](=[O:1])[O:3][H:10])([H:12])[H:13])([H:14])[H:15])[H:17],9.0,12.0
2,-0.6059571428571429,AM1BCC,AmberTools,,,O,,3,[H:16][C:7]1([C:6]([C:5]([C:4]([C:9]([C:8]1([H:18])[H:19])([H:20])[H:21])([H:11])[C:2](=[O:1])[O:3][H:10])([H:12])[H:13])([H:14])[H:15])[H:17],9.0,12.0
3,-0.10255714285714285,AM1BCC,AmberTools,,,C,,4,[H:16][C:7]1([C:6]([C:5]([C:4]([C:9]([C:8]1([H:18])[H:19])([H:20])[H:21])([H:11])[C:2](=[O:1])[O:3][H:10])([H:12])[H:13])([H:14])[H:15])[H:17],9.0,12.0
4,-0.07025714285714285,AM1BCC,AmberTools,,,C,,5,[H:16][C:7]1([C:6]([C:5]([C:4]([C:9]([C:8]1([H:18])[H:19])([H:20])[H:21])([H:11])[C:2](=[O:1])[O:3][H:10])([H:12])[H:13])([H:14])[H:15])[H:17],9.0,12.0
5,-0.07775714285714284,AM1BCC,AmberTools,,,C,,6,[H:16][C:7]1([C:6]([C:5]([C:4]([C:9]([C:8]1([H:18])[H:19])([H:20])[H:21])([H:11])[C:2](=[O:1])[O:3][H:10])([H:12])[H:13])([H:14])[H:15])[H:17],9.0,12.0
6,-0.07725714285714284,AM1BCC,AmberTools,,,C,,7,[H:16][C:7]1([C:6]([C:5]([C:4]([C:9]([C:8]1([H:18])[H:19])([H:20])[H:21])([H:11])[C:2](=[O:1])[O:3][H:10])([H:12])[H:13])([H:14])[H:15])[H:17],9.0,12.0
7,-0.07775714285714284,AM1BCC,AmberTools,,,C,,8,[H:16][C:7]1([C:6]([C:5]([C:4]([C:9]([C:8]1([H:18])[H:19])([H:20])[H:21])([H:11])[C:2](=[O:1])[O:3][H:10])([H:12])[H:13])([H:14])[H:15])[H:17],9.0,12.0
8,-0.07025714285714285,AM1BCC,AmberTools,,,C,,9,[H:16][C:7]1([C:6]([C:5]([C:4]([C:9]([C:8]1([H:18])[H:19])([H:20])[H:21])([H:11])[C:2](=[O:1])[O:3][H:10])([H:12])[H:13])([H:14])[H:15])[H:17],9.0,12.0
9,0.44214285714285717,AM1BCC,AmberTools,,,H,,10,[H:16][C:7]1([C:6]([C:5]([C:4]([C:9]([C:8]1([H:18])[H:19])([H:20])[H:21])([H:11])[C:2](=[O:1])[O:3][H:10])([H:12])[H:13])([H:14])[H:15])[H:17],9.0,12.0
10,0.08084285714285715,AM1BCC,AmberTools,,,H,,11,[H:16][C:7]1([C:6]([C:5]([C:4]([C:9]([C:8]1([H:18])[H:19])([H:20])[H:21])([H:11])[C:2](=[O:1])[O:3][H:10])([H:12])[H:13])([H:14])[H:15])[H:17],9.0,12.0
11,0.05284285714285714,AM1BCC,AmberTools,,,H,,12,[H:16][C:7]1([C:6]([C:5]([C:4]([C:9]([C:8]1([H:18])[H:19])([H:20])[H:21])([H:11])[C:2](=[O:1])[O:3][H:10])([H:12])[H:13])([H:14])[H:15])[H:17],9.0,12.0
12,0.05284285714285714,AM1BCC,AmberTools,,,H,,13,[H:16][C:7]1([C:6]([C:5]([C:4]([C:9]([C:8]1([H:18])[H:19])([H:20])[H:21])([H:11])[C:2](=[O:1])[O:3][H:10])([H:12])[H:13])([H:14])[H:15])[H:17],9.0,12.0
13,0.046342857142857144,AM1BCC,AmberTools,,,H,,14,[H:16][C:7]1([C:6]([C:5]([C:4]([C:9]([C:8]1([H:18])[H:19])([H:20])[H:21])([H:11])[C:2](=[O:1])[O:3][H:10])([H:12])[H:13])([H:14])[H:15])[H:17],9.0,12.0
14,0.046342857142857144,AM1BCC,AmberTools,,,H,,15,[H:16][C:7]1([C:6]([C:5]([C:4]([C:9]([C:8]1([H:18])[H:19])([H:20])[H:21])([H:11])[C:2](=[O:1])[O:3][H:10])([H:12])[H:13])([H:14])[H:15])[H:17],9.0,12.0
15,0.040342857142857146,AM1BCC,AmberTools,,,H,,16,[H:16][C:7]1([C:6]([C:5]([C:4]([C:9]([C:8]1([H:18])[H:19])([H:20])[H:21])([H:11])[C:2](=[O:1])[O:3][H:10])([H:12])[H:13])([H:14])[H:15])[H:17],9.0,12.0
16,0.040342857142857146,AM1BCC,AmberTools,,,H,,17,[H:16][C:7]1([C:6]([C:5]([C:4]([C:9]([C:8]1([H:18])[H:19])([H:20])[H:21])([H:11])[C:2](=[O:1])[O:3][H:10])([H:12])[H:13])([H:14])[H:15])[H:17],9.0,12.0
17,0.046342857142857144,AM1BCC,AmberTools,,,H,,18,[H:16][C:7]1([C:6]([C:5]([C:4]([C:9]([C:8]1([H:18])[H:19])([H:20])[H:21])([H:11])[C:2](=[O:1])[O:3][H:10])([H:12])[H:13])([H:14])[H:15])[H:17],9.0,12.0
18,0.046342857142857144,AM1BCC,AmberTools,,,H,,19,[H:16][C:7]1([C:6]([C:5]([C:4]([C:9]([C:8]1([H:18])[H:19])([H:20])[H:21])([H:11])[C:2](=[O:1])[O:3][H:10])([H:12])[H:13])([H:14])[H:15])[H:17],9.0,12.0
19,0.05284285714285714,AM1BCC,AmberTools,,,H,,20,[H:16][C:7]1([C:6]([C:5]([C:4]([C:9]([C:8]1([H:18])[H:19])([H:20])[H:21])([H:11])[C:2](=[O:1])[O:3][H:10])([H:12])[H:13])([H:14])[H:15])[H:17],9.0,12.0
20,0.05284285714285714,AM1BCC,AmberTools,,,H,,21,[H:16][C:7]1([C:6]([C:5]([C:4]([C:9]([C:8]1([H:18])[H:19])([H:20])[H:21])([H:11])[C:2](=[O:1])[O:3][H:10])([H:12])[H:13])([H:14])[H:15])[H:17],9.0,12.0
0,-0.5538100014839854,AM1BCC,OpenEye,,,O,,1,[H:16][C:7]1([C:6]([C:5]([C:4]([C:9]([C:8]1([H:18])[H:19])([H:20])[H:21])([H:11])[C:2](=[O:1])[O:3][H:10])([H:12])[H:13])([H:14])[H:15])[H:17],10.0,1.0
1,0.6353999961699758,AM1BCC,OpenEye,,,C,,2,[H:16][C:7]1([C:6]([C:5]([C:4]([C:9]([C:8]1([H:18])[H:19])([H:20])[H:21])([H:11])[C:2](=[O:1])[O:3][H:10])([H:12])[H:13])([H:14])[H:15])[H:17],10.0,1.0
2,-0.6031699787293162,AM1BCC,OpenEye,,,O,,3,[H:16][C:7]1([C:6]([C:5]([C:4]([C:9]([C:8]1([H:18])[H:19])([H:20])[H:21])([H:11])[C:2](=[O:1])[O:3][H:10])([H:12])[H:13])([H:14])[H:15])[H:17],10.0,1.0
3,-0.1005500044141497,AM1BCC,OpenEye,,,C,,4,[H:16][C:7]1([C:6]([C:5]([C:4]([C:9]([C:8]1([H:18])[H:19])([H:20])[H:21])([H:11])[C:2](=[O:1])[O:3][H:10])([H:12])[H:13])([H:14])[H:15])[H:17],10.0,1.0
4,-0.07328999894005912,AM1BCC,OpenEye,,,C,,5,[H:16][C:7]1([C:6]([C:5]([C:4]([C:9]([C:8]1([H:18])[H:19])([H:20])[H:21])([H:11])[C:2](=[O:1])[O:3][H:10])([H:12])[H:13])([H:14])[H:15])[H:17],10.0,1.0
5,-0.07627999888999122,AM1BCC,OpenEye,,,C,,6,[H:16][C:7]1([C:6]([C:5]([C:4]([C:9]([C:8]1([H:18])[H:19])([H:20])[H:21])([H:11])[C:2](=[O:1])[O:3][H:10])([H:12])[H:13])([H:14])[H:15])[H:17],10.0,1.0
6,-0.08370000230414527,AM1BCC,OpenEye,,,C,,7,[H:16][C:7]1([C:6]([C:5]([C:4]([C:9]([C:8]1([H:18])[H:19])([H:20])[H:21])([H:11])[C:2](=[O:1])[O:3][H:10])([H:12])[H:13])([H:14])[H:15])[H:17],10.0,1.0
7,-0.07627999888999122,AM1BCC,OpenEye,,,C,,8,[H:16][C:7]1([C:6]([C:5]([C:4]([C:9]([C:8]1([H:18])[H:19])([H:20])[H:21])([H:11])[C:2](=[O:1])[O:3][H:10])([H:12])[H:13])([H:14])[H:15])[H:17],10.0,1.0
8,-0.07328999894005912,AM1BCC,OpenEye,,,C,,9,[H:16][C:7]1([C:6]([C:5]([C:4]([C:9]([C:8]1([H:18])[H:19])([H:20])[H:21])([H:11])[C:2](=[O:1])[O:3][H:10])([H:12])[H:13])([H:14])[H:15])[H:17],10.0,1.0
9,0.442730008491448,AM1BCC,OpenEye,,,H,,10,[H:16][C:7]1([C:6]([C:5]([C:4]([C:9]([C:8]1([H:18])[H:19])([H:20])[H:21])([H:11])[C:2](=[O:1])[O:3][H:10])([H:12])[H:13])([H:14])[H:15])[H:17],10.0,1.0
10,0.07735999567168099,AM1BCC,OpenEye,,,H,,11,[H:16][C:7]1([C:6]([C:5]([C:4]([C:9]([C:8]1([H:18])[H:19])([H:20])[H:21])([H:11])[C:2](=[O:1])[O:3][H:10])([H:12])[H:13])([H:14])[H:15])[H:17],10.0,1.0
11,0.05488999826567514,AM1BCC,OpenEye,,,H,,12,[H:16][C:7]1([C:6]([C:5]([C:4]([C:9]([C:8]1([H:18])[H:19])([H:20])[H:21])([H:11])[C:2](=[O:1])[O:3][H:10])([H:12])[H:13])([H:14])[H:15])[H:17],10.0,1.0
12,0.05488999826567514,AM1BCC,OpenEye,,,H,,13,[H:16][C:7]1([C:6]([C:5]([C:4]([C:9]([C:8]1([H:18])[H:19])([H:20])[H:21])([H:11])[C:2](=[O:1])[O:3][H:10])([H:12])[H:13])([H:14])[H:15])[H:17],10.0,1.0
13,0.041469997593334744,AM1BCC,OpenEye,,,H,,14,[H:16][C:7]1([C:6]([C:5]([C:4]([C:9]([C:8]1([H:18])[H:19])([H:20])[H:21])([H:11])[C:2](=[O:1])[O:3][H:10])([H:12])[H:13])([H:14])[H:15])[H:17],10.0,1.0
14,0.041469997593334744,AM1BCC,OpenEye,,,H,,15,[H:16][C:7]1([C:6]([C:5]([C:4]([C:9]([C:8]1([H:18])[H:19])([H:20])[H:21])([H:11])[C:2](=[O:1])[O:3][H:10])([H:12])[H:13])([H:14])[H:15])[H:17],10.0,1.0
15,0.04971999941127641,AM1BCC,OpenEye,,,H,,16,[H:16][C:7]1([C:6]([C:5]([C:4]([C:9]([C:8]1([H:18])[H:19])([H:20])[H:21])([H:11])[C:2](=[O:1])[O:3][H:10])([H:12])[H:13])([H:14])[H:15])[H:17],10.0,1.0
16,0.04971999941127641,AM1BCC,OpenEye,,,H,,17,[H:16][C:7]1([C:6]([C:5]([C:4]([C:9]([C:8]1([H:18])[H:19])([H:20])[H:21])([H:11])[C:2](=[O:1])[O:3][H:10])([H:12])[H:13])([H:14])[H:15])[H:17],10.0,1.0
17,0.041469997593334744,AM1BCC,OpenEye,,,H,,18,[H:16][C:7]1([C:6]([C:5]([C:4]([C:9]([C:8]1([H:18])[H:19])([H:20])[H:21])([H:11])[C:2](=[O:1])[O:3][H:10])([H:12])[H:13])([H:14])[H:15])[H:17],10.0,1.0
18,0.041469997593334744,AM1BCC,OpenEye,,,H,,19,[H:16][C:7]1([C:6]([C:5]([C:4]([C:9]([C:8]1([H:18])[H:19])([H:20])[H:21])([H:11])[C:2](=[O:1])[O:3][H:10])([H:12])[H:13])([H:14])[H:15])[H:17],10.0,1.0
19,0.05488999826567514,AM1BCC,OpenEye,,,H,,20,[H:16][C:7]1([C:6]([C:5]([C:4]([C:9]([C:8]1([H:18])[H:19])([H:20])[H:21])([H:11])[C:2](=[O:1])[O:3][H:10])([H:12])[H:13])([H:14])[H:15])[H:17],10.0,1.0
20,0.05488999826567514,AM1BCC,OpenEye,,,H,,21,[H:16][C:7]1([C:6]([C:5]([C:4]([C:9]([C:8]1([H:18])[H:19])([H:20])[H:21])([H:11])[C:2](=[O:1])[O:3][H:10])([H:12])[H:13])([H:14])[H:15])[H:17],10.0,1.0
0,-0.551,AM1BCC,AmberTools,,,O,,1,[H:16][C:7]1([C:6]([C:5]([C:4]([C:9]([C:8]1([H:18])[H:19])([H:20])[H:21])([H:11])[C:2](=[O:1])[O:3][H:10])([H:12])[H:13])([H:14])[H:15])[H:17],10.0,1.0
1,0.6361,AM1BCC,AmberTools,,,C,,2,[H:16][C:7]1([C:6]([C:5]([C:4]([C:9]([C:8]1([H:18])[H:19])([H:20])[H:21])([H:11])[C:2](=[O:1])[O:3][H:10])([H:12])[H:13])([H:14])[H:15])[H:17],10.0,1.0
2,-0.6111,AM1BCC,AmberTools,,,O,,3,[H:16][C:7]1([C:6]([C:5]([C:4]([C:9]([C:8]1([H:18])[H:19])([H:20])[H:21])([H:11])[C:2](=[O:1])[O:3][H:10])([H:12])[H:13])([H:14])[H:15])[H:17],10.0,1.0
3,-0.1037,AM1BCC,AmberTools,,,C,,4,[H:16][C:7]1([C:6]([C:5]([C:4]([C:9]([C:8]1([H:18])[H:19])([H:20])[H:21])([H:11])[C:2](=[O:1])[O:3][H:10])([H:12])[H:13])([H:14])[H:15])[H:17],10.0,1.0
4,-0.0719,AM1BCC,AmberTools,,,C,,5,[H:16][C:7]1([C:6]([C:5]([C:4]([C:9]([C:8]1([H:18])[H:19])([H:20])[H:21])([H:11])[C:2](=[O:1])[O:3][H:10])([H:12])[H:13])([H:14])[H:15])[H:17],10.0,1.0
5,-0.0784,AM1BCC,AmberTools,,,C,,6,[H:16][C:7]1([C:6]([C:5]([C:4]([C:9]([C:8]1([H:18])[H:19])([H:20])[H:21])([H:11])[C:2](=[O:1])[O:3][H:10])([H:12])[H:13])([H:14])[H:15])[H:17],10.0,1.0
6,-0.0774,AM1BCC,AmberTools,,,C,,7,[H:16][C:7]1([C:6]([C:5]([C:4]([C:9]([C:8]1([H:18])[H:19])([H:20])[H:21])([H:11])[C:2](=[O:1])[O:3][H:10])([H:12])[H:13])([H:14])[H:15])[H:17],10.0,1.0
7,-0.0784,AM1BCC,AmberTools,,,C,,8,[H:16][C:7]1([C:6]([C:5]([C:4]([C:9]([C:8]1([H:18])[H:19])([H:20])[H:21])([H:11])[C:2](=[O:1])[O:3][H:10])([H:12])[H:13])([H:14])[H:15])[H:17],10.0,1.0
8,-0.0719,AM1BCC,AmberTools,,,C,,9,[H:16][C:7]1([C:6]([C:5]([C:4]([C:9]([C:8]1([H:18])[H:19])([H:20])[H:21])([H:11])[C:2](=[O:1])[O:3][H:10])([H:12])[H:13])([H:14])[H:15])[H:17],10.0,1.0
9,0.442,AM1BCC,AmberTools,,,H,,10,[H:16][C:7]1([C:6]([C:5]([C:4]([C:9]([C:8]1([H:18])[H:19])([H:20])[H:21])([H:11])[C:2](=[O:1])[O:3][H:10])([H:12])[H:13])([H:14])[H:15])[H:17],10.0,1.0
10,0.0807,AM1BCC,AmberTools,,,H,,11,[H:16][C:7]1([C:6]([C:5]([C:4]([C:9]([C:8]1([H:18])[H:19])([H:20])[H:21])([H:11])[C:2](=[O:1])[O:3][H:10])([H:12])[H:13])([H:14])[H:15])[H:17],10.0,1.0
11,0.05445,AM1BCC,AmberTools,,,H,,12,[H:16][C:7]1([C:6]([C:5]([C:4]([C:9]([C:8]1([H:18])[H:19])([H:20])[H:21])([H:11])[C:2](=[O:1])[O:3][H:10])([H:12])[H:13])([H:14])[H:15])[H:17],10.0,1.0
12,0.05445,AM1BCC,AmberTools,,,H,,13,[H:16][C:7]1([C:6]([C:5]([C:4]([C:9]([C:8]1([H:18])[H:19])([H:20])[H:21])([H:11])[C:2](=[O:1])[O:3][H:10])([H:12])[H:13])([H:14])[H:15])[H:17],10.0,1.0
13,0.0462,AM1BCC,AmberTools,,,H,,14,[H:16][C:7]1([C:6]([C:5]([C:4]([C:9]([C:8]1([H:18])[H:19])([H:20])[H:21])([H:11])[C:2](=[O:1])[O:3][H:10])([H:12])[H:13])([H:14])[H:15])[H:17],10.0,1.0
14,0.0462,AM1BCC,AmberTools,,,H,,15,[H:16][C:7]1([C:6]([C:5]([C:4]([C:9]([C:8]1([H:18])[H:19])([H:20])[H:21])([H:11])[C:2](=[O:1])[O:3][H:10])([H:12])[H:13])([H:14])[H:15])[H:17],10.0,1.0
15,0.0412,AM1BCC,AmberTools,,,H,,16,[H:16][C:7]1([C:6]([C:5]([C:4]([C:9]([C:8]1([H:18])[H:19])([H:20])[H:21])([H:11])[C:2](=[O:1])[O:3][H:10])([H:12])[H:13])([H:14])[H:15])[H:17],10.0,1.0
16,0.0412,AM1BCC,AmberTools,,,H,,17,[H:16][C:7]1([C:6]([C:5]([C:4]([C:9]([C:8]1([H:18])[H:19])([H:20])[H:21])([H:11])[C:2](=[O:1])[O:3][H:10])([H:12])[H:13])([H:14])[H:15])[H:17],10.0,1.0
17,0.0462,AM1BCC,AmberTools,,,H,,18,[H:16][C:7]1([C:6]([C:5]([C:4]([C:9]([C:8]1([H:18])[H:19])([H:20])[H:21])([H:11])[C:2](=[O:1])[O:3][H:10])([H:12])[H:13])([H:14])[H:15])[H:17],10.0,1.0
18,0.0462,AM1BCC,AmberTools,,,H,,19,[H:16][C:7]1([C:6]([C:5]([C:4]([C:9]([C:8]1([H:18])[H:19])([H:20])[H:21])([H:11])[C:2](=[O:1])[O:3][H:10])([H:12])[H:13])([H:14])[H:15])[H:17],10.0,1.0
19,0.05445,AM1BCC,AmberTools,,,H,,20,[H:16][C:7]1([C:6]([C:5]([C:4]([C:9]([C:8]1([H:18])[H:19])([H:20])[H:21])([H:11])[C:2](=[O:1])[O:3][H:10])([H:12])[H:13])([H:14])[H:15])[H:17],10.0,1.0
20,0.05445,AM1BCC,AmberTools,,,H,,21,[H:16][C:7]1([C:6]([C:5]([C:4]([C:9]([C:8]1([H:18])[H:19])([H:20])[H:21])([H:11])[C:2](=[O:1])[O:3][H:10])([H:12])[H:13])([H:14])[H:15])[H:17],10.0,1.0
0,-0.5538100014839854,AM1BCC,OpenEye,,,O,,1,[H:16][C:7]1([C:6]([C:5]([C:4]([C:9]([C:8]1([H:18])[H:19])([H:20])[H:21])([H:11])[C:2](=[O:1])[O:3][H:10])([H:12])[H:13])([H:14])[H:15])[H:17],10.0,2.0
1,0.6353999961699758,AM1BCC,OpenEye,,,C,,2,[H:16][C:7]1([C:6]([C:5]([C:4]([C:9]([C:8]1([H:18])[H:19])([H:20])[H:21])([H:11])[C:2](=[O:1])[O:3][H:10])([H:12])[H:13])([H:14])[H:15])[H:17],10.0,2.0
2,-0.6031699787293162,AM1BCC,OpenEye,,,O,,3,[H:16][C:7]1([C:6]([C:5]([C:4]([C:9]([C:8]1([H:18])[H:19])([H:20])[H:21])([H:11])[C:2](=[O:1])[O:3][H:10])([H:12])[H:13])([H:14])[H:15])[H:17],10.0,2.0
3,-0.1005500044141497,AM1BCC,OpenEye,,,C,,4,[H:16][C:7]1([C:6]([C:5]([C:4]([C:9]([C:8]1([H:18])[H:19])([H:20])[H:21])([H:11])[C:2](=[O:1])[O:3][H:10])([H:12])[H:13])([H:14])[H:15])[H:17],10.0,2.0
4,-0.07328999894005912,AM1BCC,OpenEye,,,C,,5,[H:16][C:7]1([C:6]([C:5]([C:4]([C:9]([C:8]1([H:18])[H:19])([H:20])[H:21])([H:11])[C:2](=[O:1])[O:3][H:10])([H:12])[H:13])([H:14])[H:15])[H:17],10.0,2.0
5,-0.07627999888999122,AM1BCC,OpenEye,,,C,,6,[H:16][C:7]1([C:6]([C:5]([C:4]([C:9]([C:8]1([H:18])[H:19])([H:20])[H:21])([H:11])[C:2](=[O:1])[O:3][H:10])([H:12])[H:13])([H:14])[H:15])[H:17],10.0,2.0
6,-0.08370000230414527,AM1BCC,OpenEye,,,C,,7,[H:16][C:7]1([C:6]([C:5]([C:4]([C:9]([C:8]1([H:18])[H:19])([H:20])[H:21])([H:11])[C:2](=[O:1])[O:3][H:10])([H:12])[H:13])([H:14])[H:15])[H:17],10.0,2.0
7,-0.07627999888999122,AM1BCC,OpenEye,,,C,,8,[H:16][C:7]1([C:6]([C:5]([C:4]([C:9]([C:8]1([H:18])[H:19])([H:20])[H:21])([H:11])[C:2](=[O:1])[O:3][H:10])([H:12])[H:13])([H:14])[H:15])[H:17],10.0,2.0
8,-0.07328999894005912,AM1BCC,OpenEye,,,C,,9,[H:16][C:7]1([C:6]([C:5]([C:4]([C:9]([C:8]1([H:18])[H:19])([H:20])[H:21])([H:11])[C:2](=[O:1])[O:3][H:10])([H:12])[H:13])([H:14])[H:15])[H:17],10.0,2.0
9,0.442730008491448,AM1BCC,OpenEye,,,H,,10,[H:16][C:7]1([C:6]([C:5]([C:4]([C:9]([C:8]1([H:18])[H:19])([H:20])[H:21])([H:11])[C:2](=[O:1])[O:3][H:10])([H:12])[H:13])([H:14])[H:15])[H:17],10.0,2.0
10,0.07735999567168099,AM1BCC,OpenEye,,,H,,11,[H:16][C:7]1([C:6]([C:5]([C:4]([C:9]([C:8]1([H:18])[H:19])([H:20])[H:21])([H:11])[C:2](=[O:1])[O:3][H:10])([H:12])[H:13])([H:14])[H:15])[H:17],10.0,2.0
11,0.05488999826567514,AM1BCC,OpenEye,,,H,,12,[H:16][C:7]1([C:6]([C:5]([C:4]([C:9]([C:8]1([H:18])[H:19])([H:20])[H:21])([H:11])[C:2](=[O:1])[O:3][H:10])([H:12])[H:13])([H:14])[H:15])[H:17],10.0,2.0
12,0.05488999826567514,AM1BCC,OpenEye,,,H,,13,[H:16][C:7]1([C:6]([C:5]([C:4]([C:9]([C:8]1([H:18])[H:19])([H:20])[H:21])([H:11])[C:2](=[O:1])[O:3][H:10])([H:12])[H:13])([H:14])[H:15])[H:17],10.0,2.0
13,0.041469997593334744,AM1BCC,OpenEye,,,H,,14,[H:16][C:7]1([C:6]([C:5]([C:4]([C:9]([C:8]1([H:18])[H:19])([H:20])[H:21])([H:11])[C:2](=[O:1])[O:3][H:10])([H:12])[H:13])([H:14])[H:15])[H:17],10.0,2.0
14,0.041469997593334744,AM1BCC,OpenEye,,,H,,15,[H:16][C:7]1([C:6]([C:5]([C:4]([C:9]([C:8]1([H:18])[H:19])([H:20])[H:21])([H:11])[C:2](=[O:1])[O:3][H:10])([H:12])[H:13])([H:14])[H:15])[H:17],10.0,2.0
15,0.04971999941127641,AM1BCC,OpenEye,,,H,,16,[H:16][C:7]1([C:6]([C:5]([C:4]([C:9]([C:8]1([H:18])[H:19])([H:20])[H:21])([H:11])[C:2](=[O:1])[O:3][H:10])([H:12])[H:13])([H:14])[H:15])[H:17],10.0,2.0
16,0.04971999941127641,AM1BCC,OpenEye,,,H,,17,[H:16][C:7]1([C:6]([C:5]([C:4]([C:9]([C:8]1([H:18])[H:19])([H:20])[H:21])([H:11])[C:2](=[O:1])[O:3][H:10])([H:12])[H:13])([H:14])[H:15])[H:17],10.0,2.0
17,0.041469997593334744,AM1BCC,OpenEye,,,H,,18,[H:16][C:7]1([C:6]([C:5]([C:4]([C:9]([C:8]1([H:18])[H:19])([H:20])[H:21])([H:11])[C:2](=[O:1])[O:3][H:10])([H:12])[H:13])([H:14])[H:15])[H:17],10.0,2.0
18,0.041469997593334744,AM1BCC,OpenEye,,,H,,19,[H:16][C:7]1([C:6]([C:5]([C:4]([C:9]([C:8]1([H:18])[H:19])([H:20])[H:21])([H:11])[C:2](=[O:1])[O:3][H:10])([H:12])[H:13])([H:14])[H:15])[H:17],10.0,2.0
19,0.05488999826567514,AM1BCC,OpenEye,,,H,,20,[H:16][C:7]1([C:6]([C:5]([C:4]([C:9]([C:8]1([H:18])[H:19])([H:20])[H:21])([H:11])[C:2](=[O:1])[O:3][H:10])([H:12])[H:13])([H:14])[H:15])[H:17],10.0,2.0
20,0.05488999826567514,AM1BCC,OpenEye,,,H,,21,[H:16][C:7]1([C:6]([C:5]([C:4]([C:9]([C:8]1([H:18])[H:19])([H:20])[H:21])([H:11])[C:2](=[O:1])[O:3][H:10])([H:12])[H:13])([H:14])[H:15])[H:17],10.0,2.0
0,-0.551,AM1BCC,AmberTools,,,O,,1,[H:16][C:7]1([C:6]([C:5]([C:4]([C:9]([C:8]1([H:18])[H:19])([H:20])[H:21])([H:11])[C:2](=[O:1])[O:3][H:10])([H:12])[H:13])([H:14])[H:15])[H:17],10.0,2.0
1,0.6361,AM1BCC,AmberTools,,,C,,2,[H:16][C:7]1([C:6]([C:5]([C:4]([C:9]([C:8]1([H:18])[H:19])([H:20])[H:21])([H:11])[C:2](=[O:1])[O:3][H:10])([H:12])[H:13])([H:14])[H:15])[H:17],10.0,2.0
2,-0.6111,AM1BCC,AmberTools,,,O,,3,[H:16][C:7]1([C:6]([C:5]([C:4]([C:9]([C:8]1([H:18])[H:19])([H:20])[H:21])([H:11])[C:2](=[O:1])[O:3][H:10])([H:12])[H:13])([H:14])[H:15])[H:17],10.0,2.0
3,-0.1037,AM1BCC,AmberTools,,,C,,4,[H:16][C:7]1([C:6]([C:5]([C:4]([C:9]([C:8]1([H:18])[H:19])([H:20])[H:21])([H:11])[C:2](=[O:1])[O:3][H:10])([H:12])[H:13])([H:14])[H:15])[H:17],10.0,2.0
4,-0.0719,AM1BCC,AmberTools,,,C,,5,[H:16][C:7]1([C:6]([C:5]([C:4]([C:9]([C:8]1([H:18])[H:19])([H:20])[H:21])([H:11])[C:2](=[O:1])[O:3][H:10])([H:12])[H:13])([H:14])[H:15])[H:17],10.0,2.0
5,-0.0784,AM1BCC,AmberTools,,,C,,6,[H:16][C:7]1([C:6]([C:5]([C:4]([C:9]([C:8]1([H:18])[H:19])([H:20])[H:21])([H:11])[C:2](=[O:1])[O:3][H:10])([H:12])[H:13])([H:14])[H:15])[H:17],10.0,2.0
6,-0.0774,AM1BCC,AmberTools,,,C,,7,[H:16][C:7]1([C:6]([C:5]([C:4]([C:9]([C:8]1([H:18])[H:19])([H:20])[H:21])([H:11])[C:2](=[O:1])[O:3][H:10])([H:12])[H:13])([H:14])[H:15])[H:17],10.0,2.0
7,-0.0784,AM1BCC,AmberTools,,,C,,8,[H:16][C:7]1([C:6]([C:5]([C:4]([C:9]([C:8]1([H:18])[H:19])([H:20])[H:21])([H:11])[C:2](=[O:1])[O:3][H:10])([H:12])[H:13])([H:14])[H:15])[H:17],10.0,2.0
8,-0.0719,AM1BCC,AmberTools,,,C,,9,[H:16][C:7]1([C:6]([C:5]([C:4]([C:9]([C:8]1([H:18])[H:19])([H:20])[H:21])([H:11])[C:2](=[O:1])[O:3][H:10])([H:12])[H:13])([H:14])[H:15])[H:17],10.0,2.0
9,0.442,AM1BCC,AmberTools,,,H,,10,[H:16][C:7]1([C:6]([C:5]([C:4]([C:9]([C:8]1([H:18])[H:19])([H:20])[H:21])([H:11])[C:2](=[O:1])[O:3][H:10])([H:12])[H:13])([H:14])[H:15])[H:17],10.0,2.0
10,0.0807,AM1BCC,AmberTools,,,H,,11,[H:16][C:7]1([C:6]([C:5]([C:4]([C:9]([C:8]1([H:18])[H:19])([H:20])[H:21])([H:11])[C:2](=[O:1])[O:3][H:10])([H:12])[H:13])([H:14])[H:15])[H:17],10.0,2.0
11,0.05445,AM1BCC,AmberTools,,,H,,12,[H:16][C:7]1([C:6]([C:5]([C:4]([C:9]([C:8]1([H:18])[H:19])([H:20])[H:21])([H:11])[C:2](=[O:1])[O:3][H:10])([H:12])[H:13])([H:14])[H:15])[H:17],10.0,2.0
12,0.05445,AM1BCC,AmberTools,,,H,,13,[H:16][C:7]1([C:6]([C:5]([C:4]([C:9]([C:8]1([H:18])[H:19])([H:20])[H:21])([H:11])[C:2](=[O:1])[O:3][H:10])([H:12])[H:13])([H:14])[H:15])[H:17],10.0,2.0
13,0.0462,AM1BCC,AmberTools,,,H,,14,[H:16][C:7]1([C:6]([C:5]([C:4]([C:9]([C:8]1([H:18])[H:19])([H:20])[H:21])([H:11])[C:2](=[O:1])[O:3][H:10])([H:12])[H:13])([H:14])[H:15])[H:17],10.0,2.0
14,0.0462,AM1BCC,AmberTools,,,H,,15,[H:16][C:7]1([C:6]([C:5]([C:4]([C:9]([C:8]1([H:18])[H:19])([H:20])[H:21])([H:11])[C:2](=[O:1])[O:3][H:10])([H:12])[H:13])([H:14])[H:15])[H:17],10.0,2.0
15,0.0412,AM1BCC,AmberTools,,,H,,16,[H:16][C:7]1([C:6]([C:5]([C:4]([C:9]([C:8]1([H:18])[H:19])([H:20])[H:21])([H:11])[C:2](=[O:1])[O:3][H:10])([H:12])[H:13])([H:14])[H:15])[H:17],10.0,2.0
16,0.0412,AM1BCC,AmberTools,,,H,,17,[H:16][C:7]1([C:6]([C:5]([C:4]([C:9]([C:8]1([H:18])[H:19])([H:20])[H:21])([H:11])[C:2](=[O:1])[O:3][H:10])([H:12])[H:13])([H:14])[H:15])[H:17],10.0,2.0
17,0.0462,AM1BCC,AmberTools,,,H,,18,[H:16][C:7]1([C:6]([C:5]([C:4]([C:9]([C:8]1([H:18])[H:19])([H:20])[H:21])([H:11])[C:2](=[O:1])[O:3][H:10])([H:12])[H:13])([H:14])[H:15])[H:17],10.0,2.0
18,0.0462,AM1BCC,AmberTools,,,H,,19,[H:16][C:7]1([C:6]([C:5]([C:4]([C:9]([C:8]1([H:18])[H:19])([H:20])[H:21])([H:11])[C:2](=[O:1])[O:3][H:10])([H:12])[H:13])([H:14])[H:15])[H:17],10.0,2.0
19,0.05445,AM1BCC,AmberTools,,,H,,20,[H:16][C:7]1([C:6]([C:5]([C:4]([C:9]([C:8]1([H:18])[H:19])([H:20])[H:21])([H:11])[C:2](=[O:1])[O:3][H:10])([H:12])[H:13])([H:14])[H:15])[H:17],10.0,2.0
20,0.05445,AM1BCC,AmberTools,,,H,,21,[H:16][C:7]1([C:6]([C:5]([C:4]([C:9]([C:8]1([H:18])[H:19])([H:20])[H:21])([H:11])[C:2](=[O:1])[O:3][H:10])([H:12])[H:13])([H:14])[H:15])[H:17],10.0,2.0
0,-0.5538100014839854,AM1BCC,OpenEye,,,O,,1,[H:16][C:7]1([C:6]([C:5]([C:4]([C:9]([C:8]1([H:18])[H:19])([H:20])[H:21])([H:11])[C:2](=[O:1])[O:3][H:10])([H:12])[H:13])([H:14])[H:15])[H:17],10.0,3.0
1,0.6353999961699758,AM1BCC,OpenEye,,,C,,2,[H:16][C:7]1([C:6]([C:5]([C:4]([C:9]([C:8]1([H:18])[H:19])([H:20])[H:21])([H:11])[C:2](=[O:1])[O:3][H:10])([H:12])[H:13])([H:14])[H:15])[H:17],10.0,3.0
2,-0.6031699787293162,AM1BCC,OpenEye,,,O,,3,[H:16][C:7]1([C:6]([C:5]([C:4]([C:9]([C:8]1([H:18])[H:19])([H:20])[H:21])([H:11])[C:2](=[O:1])[O:3][H:10])([H:12])[H:13])([H:14])[H:15])[H:17],10.0,3.0
3,-0.1005500044141497,AM1BCC,OpenEye,,,C,,4,[H:16][C:7]1([C:6]([C:5]([C:4]([C:9]([C:8]1([H:18])[H:19])([H:20])[H:21])([H:11])[C:2](=[O:1])[O:3][H:10])([H:12])[H:13])([H:14])[H:15])[H:17],10.0,3.0
4,-0.07328999894005912,AM1BCC,OpenEye,,,C,,5,[H:16][C:7]1([C:6]([C:5]([C:4]([C:9]([C:8]1([H:18])[H:19])([H:20])[H:21])([H:11])[C:2](=[O:1])[O:3][H:10])([H:12])[H:13])([H:14])[H:15])[H:17],10.0,3.0
5,-0.07627999888999122,AM1BCC,OpenEye,,,C,,6,[H:16][C:7]1([C:6]([C:5]([C:4]([C:9]([C:8]1([H:18])[H:19])([H:20])[H:21])([H:11])[C:2](=[O:1])[O:3][H:10])([H:12])[H:13])([H:14])[H:15])[H:17],10.0,3.0
6,-0.08371999966246742,AM1BCC,OpenEye,,,C,,7,[H:16][C:7]1([C:6]([C:5]([C:4]([C:9]([C:8]1([H:18])[H:19])([H:20])[H:21])([H:11])[C:2](=[O:1])[O:3][H:10])([H:12])[H:13])([H:14])[H:15])[H:17],10.0,3.0
7,-0.07627999888999122,AM1BCC,OpenEye,,,C,,8,[H:16][C:7]1([C:6]([C:5]([C:4]([C:9]([C:8]1([H:18])[H:19])([H:20])[H:21])([H:11])[C:2](=[O:1])[O:3][H:10])([H:12])[H:13])([H:14])[H:15])[H:17],10.0,3.0
8,-0.07328999894005912,AM1BCC,OpenEye,,,C,,9,[H:16][C:7]1([C:6]([C:5]([C:4]([C:9]([C:8]1([H:18])[H:19])([H:20])[H:21])([H:11])[C:2](=[O:1])[O:3][H:10])([H:12])[H:13])([H:14])[H:15])[H:17],10.0,3.0
9,0.442730008491448,AM1BCC,OpenEye,,,H,,10,[H:16][C:7]1([C:6]([C:5]([C:4]([C:9]([C:8]1([H:18])[H:19])([H:20])[H:21])([H:11])[C:2](=[O:1])[O:3][H:10])([H:12])[H:13])([H:14])[H:15])[H:17],10.0,3.0
10,0.07735999567168099,AM1BCC,OpenEye,,,H,,11,[H:16][C:7]1([C:6]([C:5]([C:4]([C:9]([C:8]1([H:18])[H:19])([H:20])[H:21])([H:11])[C:2](=[O:1])[O:3][H:10])([H:12])[H:13])([H:14])[H:15])[H:17],10.0,3.0
11,0.05488999826567514,AM1BCC,OpenEye,,,H,,12,[H:16][C:7]1([C:6]([C:5]([C:4]([C:9]([C:8]1([H:18])[H:19])([H:20])[H:21])([H:11])[C:2](=[O:1])[O:3][H:10])([H:12])[H:13])([H:14])[H:15])[H:17],10.0,3.0
12,0.05488999826567514,AM1BCC,OpenEye,,,H,,13,[H:16][C:7]1([C:6]([C:5]([C:4]([C:9]([C:8]1([H:18])[H:19])([H:20])[H:21])([H:11])[C:2](=[O:1])[O:3][H:10])([H:12])[H:13])([H:14])[H:15])[H:17],10.0,3.0
13,0.041469997593334744,AM1BCC,OpenEye,,,H,,14,[H:16][C:7]1([C:6]([C:5]([C:4]([C:9]([C:8]1([H:18])[H:19])([H:20])[H:21])([H:11])[C:2](=[O:1])[O:3][H:10])([H:12])[H:13])([H:14])[H:15])[H:17],10.0,3.0
14,0.041469997593334744,AM1BCC,OpenEye,,,H,,15,[H:16][C:7]1([C:6]([C:5]([C:4]([C:9]([C:8]1([H:18])[H:19])([H:20])[H:21])([H:11])[C:2](=[O:1])[O:3][H:10])([H:12])[H:13])([H:14])[H:15])[H:17],10.0,3.0
15,0.04972999809043748,AM1BCC,OpenEye,,,H,,16,[H:16][C:7]1([C:6]([C:5]([C:4]([C:9]([C:8]1([H:18])[H:19])([H:20])[H:21])([H:11])[C:2](=[O:1])[O:3][H:10])([H:12])[H:13])([H:14])[H:15])[H:17],10.0,3.0
16,0.04972999809043748,AM1BCC,OpenEye,,,H,,17,[H:16][C:7]1([C:6]([C:5]([C:4]([C:9]([C:8]1([H:18])[H:19])([H:20])[H:21])([H:11])[C:2](=[O:1])[O:3][H:10])([H:12])[H:13])([H:14])[H:15])[H:17],10.0,3.0
17,0.041469997593334744,AM1BCC,OpenEye,,,H,,18,[H:16][C:7]1([C:6]([C:5]([C:4]([C:9]([C:8]1([H:18])[H:19])([H:20])[H:21])([H:11])[C:2](=[O:1])[O:3][H:10])([H:12])[H:13])([H:14])[H:15])[H:17],10.0,3.0
18,0.041469997593334744,AM1BCC,OpenEye,,,H,,19,[H:16][C:7]1([C:6]([C:5]([C:4]([C:9]([C:8]1([H:18])[H:19])([H:20])[H:21])([H:11])[C:2](=[O:1])[O:3][H:10])([H:12])[H:13])([H:14])[H:15])[H:17],10.0,3.0
19,0.05488999826567514,AM1BCC,OpenEye,,,H,,20,[H:16][C:7]1([C:6]([C:5]([C:4]([C:9]([C:8]1([H:18])[H:19])([H:20])[H:21])([H:11])[C:2](=[O:1])[O:3][H:10])([H:12])[H:13])([H:14])[H:15])[H:17],10.0,3.0
20,0.05488999826567514,AM1BCC,OpenEye,,,H,,21,[H:16][C:7]1([C:6]([C:5]([C:4]([C:9]([C:8]1([H:18])[H:19])([H:20])[H:21])([H:11])[C:2](=[O:1])[O:3][H:10])([H:12])[H:13])([H:14])[H:15])[H:17],10.0,3.0
0,-0.551,AM1BCC,AmberTools,,,O,,1,[H:16][C:7]1([C:6]([C:5]([C:4]([C:9]([C:8]1([H:18])[H:19])([H:20])[H:21])([H:11])[C:2](=[O:1])[O:3][H:10])([H:12])[H:13])([H:14])[H:15])[H:17],10.0,3.0
1,0.6361,AM1BCC,AmberTools,,,C,,2,[H:16][C:7]1([C:6]([C:5]([C:4]([C:9]([C:8]1([H:18])[H:19])([H:20])[H:21])([H:11])[C:2](=[O:1])[O:3][H:10])([H:12])[H:13])([H:14])[H:15])[H:17],10.0,3.0
2,-0.6111,AM1BCC,AmberTools,,,O,,3,[H:16][C:7]1([C:6]([C:5]([C:4]([C:9]([C:8]1([H:18])[H:19])([H:20])[H:21])([H:11])[C:2](=[O:1])[O:3][H:10])([H:12])[H:13])([H:14])[H:15])[H:17],10.0,3.0
3,-0.1037,AM1BCC,AmberTools,,,C,,4,[H:16][C:7]1([C:6]([C:5]([C:4]([C:9]([C:8]1([H:18])[H:19])([H:20])[H:21])([H:11])[C:2](=[O:1])[O:3][H:10])([H:12])[H:13])([H:14])[H:15])[H:17],10.0,3.0
4,-0.0719,AM1BCC,AmberTools,,,C,,5,[H:16][C:7]1([C:6]([C:5]([C:4]([C:9]([C:8]1([H:18])[H:19])([H:20])[H:21])([H:11])[C:2](=[O:1])[O:3][H:10])([H:12])[H:13])([H:14])[H:15])[H:17],10.0,3.0
5,-0.0784,AM1BCC,AmberTools,,,C,,6,[H:16][C:7]1([C:6]([C:5]([C:4]([C:9]([C:8]1([H:18])[H:19])([H:20])[H:21])([H:11])[C:2](=[O:1])[O:3][H:10])([H:12])[H:13])([H:14])[H:15])[H:17],10.0,3.0
6,-0.0774,AM1BCC,AmberTools,,,C,,7,[H:16][C:7]1([C:6]([C:5]([C:4]([C:9]([C:8]1([H:18])[H:19])([H:20])[H:21])([H:11])[C:2](=[O:1])[O:3][H:10])([H:12])[H:13])([H:14])[H:15])[H:17],10.0,3.0
7,-0.0784,AM1BCC,AmberTools,,,C,,8,[H:16][C:7]1([C:6]([C:5]([C:4]([C:9]([C:8]1([H:18])[H:19])([H:20])[H:21])([H:11])[C:2](=[O:1])[O:3][H:10])([H:12])[H:13])([H:14])[H:15])[H:17],10.0,3.0
8,-0.0719,AM1BCC,AmberTools,,,C,,9,[H:16][C:7]1([C:6]([C:5]([C:4]([C:9]([C:8]1([H:18])[H:19])([H:20])[H:21])([H:11])[C:2](=[O:1])[O:3][H:10])([H:12])[H:13])([H:14])[H:15])[H:17],10.0,3.0
9,0.442,AM1BCC,AmberTools,,,H,,10,[H:16][C:7]1([C:6]([C:5]([C:4]([C:9]([C:8]1([H:18])[H:19])([H:20])[H:21])([H:11])[C:2](=[O:1])[O:3][H:10])([H:12])[H:13])([H:14])[H:15])[H:17],10.0,3.0
10,0.0807,AM1BCC,AmberTools,,,H,,11,[H:16][C:7]1([C:6]([C:5]([C:4]([C:9]([C:8]1([H:18])[H:19])([H:20])[H:21])([H:11])[C:2](=[O:1])[O:3][H:10])([H:12])[H:13])([H:14])[H:15])[H:17],10.0,3.0
11,0.05445,AM1BCC,AmberTools,,,H,,12,[H:16][C:7]1([C:6]([C:5]([C:4]([C:9]([C:8]1([H:18])[H:19])([H:20])[H:21])([H:11])[C:2](=[O:1])[O:3][H:10])([H:12])[H:13])([H:14])[H:15])[H:17],10.0,3.0
12,0.05445,AM1BCC,AmberTools,,,H,,13,[H:16][C:7]1([C:6]([C:5]([C:4]([C:9]([C:8]1([H:18])[H:19])([H:20])[H:21])([H:11])[C:2](=[O:1])[O:3][H:10])([H:12])[H:13])([H:14])[H:15])[H:17],10.0,3.0
13,0.0462,AM1BCC,AmberTools,,,H,,14,[H:16][C:7]1([C:6]([C:5]([C:4]([C:9]([C:8]1([H:18])[H:19])([H:20])[H:21])([H:11])[C:2](=[O:1])[O:3][H:10])([H:12])[H:13])([H:14])[H:15])[H:17],10.0,3.0
14,0.0462,AM1BCC,AmberTools,,,H,,15,[H:16][C:7]1([C:6]([C:5]([C:4]([C:9]([C:8]1([H:18])[H:19])([H:20])[H:21])([H:11])[C:2](=[O:1])[O:3][H:10])([H:12])[H:13])([H:14])[H:15])[H:17],10.0,3.0
15,0.0412,AM1BCC,AmberTools,,,H,,16,[H:16][C:7]1([C:6]([C:5]([C:4]([C:9]([C:8]1([H:18])[H:19])([H:20])[H:21])([H:11])[C:2](=[O:1])[O:3][H:10])([H:12])[H:13])([H:14])[H:15])[H:17],10.0,3.0
16,0.0412,AM1BCC,AmberTools,,,H,,17,[H:16][C:7]1([C:6]([C:5]([C:4]([C:9]([C:8]1([H:18])[H:19])([H:20])[H:21])([H:11])[C:2](=[O:1])[O:3][H:10])([H:12])[H:13])([H:14])[H:15])[H:17],10.0,3.0
17,0.0462,AM1BCC,AmberTools,,,H,,18,[H:16][C:7]1([C:6]([C:5]([C:4]([C:9]([C:8]1([H:18])[H:19])([H:20])[H:21])([H:11])[C:2](=[O:1])[O:3][H:10])([H:12])[H:13])([H:14])[H:15])[H:17],10.0,3.0
18,0.0462,AM1BCC,AmberTools,,,H,,19,[H:16][C:7]1([C:6]([C:5]([C:4]([C:9]([C:8]1([H:18])[H:19])([H:20])[H:21])([H:11])[C:2](=[O:1])[O:3][H:10])([H:12])[H:13])([H:14])[H:15])[H:17],10.0,3.0
19,0.05445,AM1BCC,AmberTools,,,H,,20,[H:16][C:7]1([C:6]([C:5]([C:4]([C:9]([C:8]1([H:18])[H:19])([H:20])[H:21])([H:11])[C:2](=[O:1])[O:3][H:10])([H:12])[H:13])([H:14])[H:15])[H:17],10.0,3.0
20,0.05445,AM1BCC,AmberTools,,,H,,21,[H:16][C:7]1([C:6]([C:5]([C:4]([C:9]([C:8]1([H:18])[H:19])([H:20])[H:21])([H:11])[C:2](=[O:1])[O:3][H:10])([H:12])[H:13])([H:14])[H:15])[H:17],10.0,3.0
0,-0.5538100014839854,AM1BCC,OpenEye,,,O,,1,[H:16][C:7]1([C:6]([C:5]([C:4]([C:9]([C:8]1([H:18])[H:19])([H:20])[H:21])([H:11])[C:2](=[O:1])[O:3][H:10])([H:12])[H:13])([H:14])[H:15])[H:17],10.0,4.0
1,0.6353999961699758,AM1BCC,OpenEye,,,C,,2,[H:16][C:7]1([C:6]([C:5]([C:4]([C:9]([C:8]1([H:18])[H:19])([H:20])[H:21])([H:11])[C:2](=[O:1])[O:3][H:10])([H:12])[H:13])([H:14])[H:15])[H:17],10.0,4.0
2,-0.6031699787293162,AM1BCC,OpenEye,,,O,,3,[H:16][C:7]1([C:6]([C:5]([C:4]([C:9]([C:8]1([H:18])[H:19])([H:20])[H:21])([H:11])[C:2](=[O:1])[O:3][H:10])([H:12])[H:13])([H:14])[H:15])[H:17],10.0,4.0
3,-0.1005500044141497,AM1BCC,OpenEye,,,C,,4,[H:16][C:7]1([C:6]([C:5]([C:4]([C:9]([C:8]1([H:18])[H:19])([H:20])[H:21])([H:11])[C:2](=[O:1])[O:3][H:10])([H:12])[H:13])([H:14])[H:15])[H:17],10.0,4.0
4,-0.07328999894005912,AM1BCC,OpenEye,,,C,,5,[H:16][C:7]1([C:6]([C:5]([C:4]([C:9]([C:8]1([H:18])[H:19])([H:20])[H:21])([H:11])[C:2](=[O:1])[O:3][H:10])([H:12])[H:13])([H:14])[H:15])[H:17],10.0,4.0
5,-0.07627999888999122,AM1BCC,OpenEye,,,C,,6,[H:16][C:7]1([C:6]([C:5]([C:4]([C:9]([C:8]1([H:18])[H:19])([H:20])[H:21])([H:11])[C:2](=[O:1])[O:3][H:10])([H:12])[H:13])([H:14])[H:15])[H:17],10.0,4.0
6,-0.08370000230414527,AM1BCC,OpenEye,,,C,,7,[H:16][C:7]1([C:6]([C:5]([C:4]([C:9]([C:8]1([H:18])[H:19])([H:20])[H:21])([H:11])[C:2](=[O:1])[O:3][H:10])([H:12])[H:13])([H:14])[H:15])[H:17],10.0,4.0
7,-0.07627999888999122,AM1BCC,OpenEye,,,C,,8,[H:16][C:7]1([C:6]([C:5]([C:4]([C:9]([C:8]1([H:18])[H:19])([H:20])[H:21])([H:11])[C:2](=[O:1])[O:3][H:10])([H:12])[H:13])([H:14])[H:15])[H:17],10.0,4.0
8,-0.07328999894005912,AM1BCC,OpenEye,,,C,,9,[H:16][C:7]1([C:6]([C:5]([C:4]([C:9]([C:8]1([H:18])[H:19])([H:20])[H:21])([H:11])[C:2](=[O:1])[O:3][H:10])([H:12])[H:13])([H:14])[H:15])[H:17],10.0,4.0
9,0.442730008491448,AM1BCC,OpenEye,,,H,,10,[H:16][C:7]1([C:6]([C:5]([C:4]([C:9]([C:8]1([H:18])[H:19])([H:20])[H:21])([H:11])[C:2](=[O:1])[O:3][H:10])([H:12])[H:13])([H:14])[H:15])[H:17],10.0,4.0
10,0.07735999567168099,AM1BCC,OpenEye,,,H,,11,[H:16][C:7]1([C:6]([C:5]([C:4]([C:9]([C:8]1([H:18])[H:19])([H:20])[H:21])([H:11])[C:2](=[O:1])[O:3][H:10])([H:12])[H:13])([H:14])[H:15])[H:17],10.0,4.0
11,0.05488999826567514,AM1BCC,OpenEye,,,H,,12,[H:16][C:7]1([C:6]([C:5]([C:4]([C:9]([C:8]1([H:18])[H:19])([H:20])[H:21])([H:11])[C:2](=[O:1])[O:3][H:10])([H:12])[H:13])([H:14])[H:15])[H:17],10.0,4.0
12,0.05488999826567514,AM1BCC,OpenEye,,,H,,13,[H:16][C:7]1([C:6]([C:5]([C:4]([C:9]([C:8]1([H:18])[H:19])([H:20])[H:21])([H:11])[C:2](=[O:1])[O:3][H:10])([H:12])[H:13])([H:14])[H:15])[H:17],10.0,4.0
13,0.041469997593334744,AM1BCC,OpenEye,,,H,,14,[H:16][C:7]1([C:6]([C:5]([C:4]([C:9]([C:8]1([H:18])[H:19])([H:20])[H:21])([H:11])[C:2](=[O:1])[O:3][H:10])([H:12])[H:13])([H:14])[H:15])[H:17],10.0,4.0
14,0.041469997593334744,AM1BCC,OpenEye,,,H,,15,[H:16][C:7]1([C:6]([C:5]([C:4]([C:9]([C:8]1([H:18])[H:19])([H:20])[H:21])([H:11])[C:2](=[O:1])[O:3][H:10])([H:12])[H:13])([H:14])[H:15])[H:17],10.0,4.0
15,0.04971999941127641,AM1BCC,OpenEye,,,H,,16,[H:16][C:7]1([C:6]([C:5]([C:4]([C:9]([C:8]1([H:18])[H:19])([H:20])[H:21])([H:11])[C:2](=[O:1])[O:3][H:10])([H:12])[H:13])([H:14])[H:15])[H:17],10.0,4.0
16,0.04971999941127641,AM1BCC,OpenEye,,,H,,17,[H:16][C:7]1([C:6]([C:5]([C:4]([C:9]([C:8]1([H:18])[H:19])([H:20])[H:21])([H:11])[C:2](=[O:1])[O:3][H:10])([H:12])[H:13])([H:14])[H:15])[H:17],10.0,4.0
17,0.041469997593334744,AM1BCC,OpenEye,,,H,,18,[H:16][C:7]1([C:6]([C:5]([C:4]([C:9]([C:8]1([H:18])[H:19])([H:20])[H:21])([H:11])[C:2](=[O:1])[O:3][H:10])([H:12])[H:13])([H:14])[H:15])[H:17],10.0,4.0
18,0.041469997593334744,AM1BCC,OpenEye,,,H,,19,[H:16][C:7]1([C:6]([C:5]([C:4]([C:9]([C:8]1([H:18])[H:19])([H:20])[H:21])([H:11])[C:2](=[O:1])[O:3][H:10])([H:12])[H:13])([H:14])[H:15])[H:17],10.0,4.0
19,0.05488999826567514,AM1BCC,OpenEye,,,H,,20,[H:16][C:7]1([C:6]([C:5]([C:4]([C:9]([C:8]1([H:18])[H:19])([H:20])[H:21])([H:11])[C:2](=[O:1])[O:3][H:10])([H:12])[H:13])([H:14])[H:15])[H:17],10.0,4.0
20,0.05488999826567514,AM1BCC,OpenEye,,,H,,21,[H:16][C:7]1([C:6]([C:5]([C:4]([C:9]([C:8]1([H:18])[H:19])([H:20])[H:21])([H:11])[C:2](=[O:1])[O:3][H:10])([H:12])[H:13])([H:14])[H:15])[H:17],10.0,4.0
0,-0.551,AM1BCC,AmberTools,,,O,,1,[H:16][C:7]1([C:6]([C:5]([C:4]([C:9]([C:8]1([H:18])[H:19])([H:20])[H:21])([H:11])[C:2](=[O:1])[O:3][H:10])([H:12])[H:13])([H:14])[H:15])[H:17],10.0,4.0
1,0.6361,AM1BCC,AmberTools,,,C,,2,[H:16][C:7]1([C:6]([C:5]([C:4]([C:9]([C:8]1([H:18])[H:19])([H:20])[H:21])([H:11])[C:2](=[O:1])[O:3][H:10])([H:12])[H:13])([H:14])[H:15])[H:17],10.0,4.0
2,-0.6111,AM1BCC,AmberTools,,,O,,3,[H:16][C:7]1([C:6]([C:5]([C:4]([C:9]([C:8]1([H:18])[H:19])([H:20])[H:21])([H:11])[C:2](=[O:1])[O:3][H:10])([H:12])[H:13])([H:14])[H:15])[H:17],10.0,4.0
3,-0.1037,AM1BCC,AmberTools,,,C,,4,[H:16][C:7]1([C:6]([C:5]([C:4]([C:9]([C:8]1([H:18])[H:19])([H:20])[H:21])([H:11])[C:2](=[O:1])[O:3][H:10])([H:12])[H:13])([H:14])[H:15])[H:17],10.0,4.0
4,-0.0719,AM1BCC,AmberTools,,,C,,5,[H:16][C:7]1([C:6]([C:5]([C:4]([C:9]([C:8]1([H:18])[H:19])([H:20])[H:21])([H:11])[C:2](=[O:1])[O:3][H:10])([H:12])[H:13])([H:14])[H:15])[H:17],10.0,4.0
5,-0.0784,AM1BCC,AmberTools,,,C,,6,[H:16][C:7]1([C:6]([C:5]([C:4]([C:9]([C:8]1([H:18])[H:19])([H:20])[H:21])([H:11])[C:2](=[O:1])[O:3][H:10])([H:12])[H:13])([H:14])[H:15])[H:17],10.0,4.0
6,-0.0774,AM1BCC,AmberTools,,,C,,7,[H:16][C:7]1([C:6]([C:5]([C:4]([C:9]([C:8]1([H:18])[H:19])([H:20])[H:21])([H:11])[C:2](=[O:1])[O:3][H:10])([H:12])[H:13])([H:14])[H:15])[H:17],10.0,4.0
7,-0.0784,AM1BCC,AmberTools,,,C,,8,[H:16][C:7]1([C:6]([C:5]([C:4]([C:9]([C:8]1([H:18])[H:19])([H:20])[H:21])([H:11])[C:2](=[O:1])[O:3][H:10])([H:12])[H:13])([H:14])[H:15])[H:17],10.0,4.0
8,-0.0719,AM1BCC,AmberTools,,,C,,9,[H:16][C:7]1([C:6]([C:5]([C:4]([C:9]([C:8]1([H:18])[H:19])([H:20])[H:21])([H:11])[C:2](=[O:1])[O:3][H:10])([H:12])[H:13])([H:14])[H:15])[H:17],10.0,4.0
9,0.442,AM1BCC,AmberTools,,,H,,10,[H:16][C:7]1([C:6]([C:5]([C:4]([C:9]([C:8]1([H:18])[H:19])([H:20])[H:21])([H:11])[C:2](=[O:1])[O:3][H:10])([H:12])[H:13])([H:14])[H:15])[H:17],10.0,4.0
10,0.0807,AM1BCC,AmberTools,,,H,,11,[H:16][C:7]1([C:6]([C:5]([C:4]([C:9]([C:8]1([H:18])[H:19])([H:20])[H:21])([H:11])[C:2](=[O:1])[O:3][H:10])([H:12])[H:13])([H:14])[H:15])[H:17],10.0,4.0
11,0.05445,AM1BCC,AmberTools,,,H,,12,[H:16][C:7]1([C:6]([C:5]([C:4]([C:9]([C:8]1([H:18])[H:19])([H:20])[H:21])([H:11])[C:2](=[O:1])[O:3][H:10])([H:12])[H:13])([H:14])[H:15])[H:17],10.0,4.0
12,0.05445,AM1BCC,AmberTools,,,H,,13,[H:16][C:7]1([C:6]([C:5]([C:4]([C:9]([C:8]1([H:18])[H:19])([H:20])[H:21])([H:11])[C:2](=[O:1])[O:3][H:10])([H:12])[H:13])([H:14])[H:15])[H:17],10.0,4.0
13,0.0462,AM1BCC,AmberTools,,,H,,14,[H:16][C:7]1([C:6]([C:5]([C:4]([C:9]([C:8]1([H:18])[H:19])([H:20])[H:21])([H:11])[C:2](=[O:1])[O:3][H:10])([H:12])[H:13])([H:14])[H:15])[H:17],10.0,4.0
14,0.0462,AM1BCC,AmberTools,,,H,,15,[H:16][C:7]1([C:6]([C:5]([C:4]([C:9]([C:8]1([H:18])[H:19])([H:20])[H:21])([H:11])[C:2](=[O:1])[O:3][H:10])([H:12])[H:13])([H:14])[H:15])[H:17],10.0,4.0
15,0.0412,AM1BCC,AmberTools,,,H,,16,[H:16][C:7]1([C:6]([C:5]([C:4]([C:9]([C:8]1([H:18])[H:19])([H:20])[H:21])([H:11])[C:2](=[O:1])[O:3][H:10])([H:12])[H:13])([H:14])[H:15])[H:17],10.0,4.0
16,0.0412,AM1BCC,AmberTools,,,H,,17,[H:16][C:7]1([C:6]([C:5]([C:4]([C:9]([C:8]1([H:18])[H:19])([H:20])[H:21])([H:11])[C:2](=[O:1])[O:3][H:10])([H:12])[H:13])([H:14])[H:15])[H:17],10.0,4.0
17,0.0462,AM1BCC,AmberTools,,,H,,18,[H:16][C:7]1([C:6]([C:5]([C:4]([C:9]([C:8]1([H:18])[H:19])([H:20])[H:21])([H:11])[C:2](=[O:1])[O:3][H:10])([H:12])[H:13])([H:14])[H:15])[H:17],10.0,4.0
18,0.0462,AM1BCC,AmberTools,,,H,,19,[H:16][C:7]1([C:6]([C:5]([C:4]([C:9]([C:8]1([H:18])[H:19])([H:20])[H:21])([H:11])[C:2](=[O:1])[O:3][H:10])([H:12])[H:13])([H:14])[H:15])[H:17],10.0,4.0
19,0.05445,AM1BCC,AmberTools,,,H,,20,[H:16][C:7]1([C:6]([C:5]([C:4]([C:9]([C:8]1([H:18])[H:19])([H:20])[H:21])([H:11])[C:2](=[O:1])[O:3][H:10])([H:12])[H:13])([H:14])[H:15])[H:17],10.0,4.0
20,0.05445,AM1BCC,AmberTools,,,H,,21,[H:16][C:7]1([C:6]([C:5]([C:4]([C:9]([C:8]1([H:18])[H:19])([H:20])[H:21])([H:11])[C:2](=[O:1])[O:3][H:10])([H:12])[H:13])([H:14])[H:15])[H:17],10.0,4.0
0,-0.5538100014839854,AM1BCC,OpenEye,,,O,,1,[H:16][C:7]1([C:6]([C:5]([C:4]([C:9]([C:8]1([H:18])[H:19])([H:20])[H:21])([H:11])[C:2](=[O:1])[O:3][H:10])([H:12])[H:13])([H:14])[H:15])[H:17],10.0,5.0
1,0.6353999961699758,AM1BCC,OpenEye,,,C,,2,[H:16][C:7]1([C:6]([C:5]([C:4]([C:9]([C:8]1([H:18])[H:19])([H:20])[H:21])([H:11])[C:2](=[O:1])[O:3][H:10])([H:12])[H:13])([H:14])[H:15])[H:17],10.0,5.0
2,-0.6031699787293162,AM1BCC,OpenEye,,,O,,3,[H:16][C:7]1([C:6]([C:5]([C:4]([C:9]([C:8]1([H:18])[H:19])([H:20])[H:21])([H:11])[C:2](=[O:1])[O:3][H:10])([H:12])[H:13])([H:14])[H:15])[H:17],10.0,5.0
3,-0.1005500044141497,AM1BCC,OpenEye,,,C,,4,[H:16][C:7]1([C:6]([C:5]([C:4]([C:9]([C:8]1([H:18])[H:19])([H:20])[H:21])([H:11])[C:2](=[O:1])[O:3][H:10])([H:12])[H:13])([H:14])[H:15])[H:17],10.0,5.0
4,-0.07328999894005912,AM1BCC,OpenEye,,,C,,5,[H:16][C:7]1([C:6]([C:5]([C:4]([C:9]([C:8]1([H:18])[H:19])([H:20])[H:21])([H:11])[C:2](=[O:1])[O:3][H:10])([H:12])[H:13])([H:14])[H:15])[H:17],10.0,5.0
5,-0.07627999888999122,AM1BCC,OpenEye,,,C,,6,[H:16][C:7]1([C:6]([C:5]([C:4]([C:9]([C:8]1([H:18])[H:19])([H:20])[H:21])([H:11])[C:2](=[O:1])[O:3][H:10])([H:12])[H:13])([H:14])[H:15])[H:17],10.0,5.0
6,-0.08370000230414527,AM1BCC,OpenEye,,,C,,7,[H:16][C:7]1([C:6]([C:5]([C:4]([C:9]([C:8]1([H:18])[H:19])([H:20])[H:21])([H:11])[C:2](=[O:1])[O:3][H:10])([H:12])[H:13])([H:14])[H:15])[H:17],10.0,5.0
7,-0.07627999888999122,AM1BCC,OpenEye,,,C,,8,[H:16][C:7]1([C:6]([C:5]([C:4]([C:9]([C:8]1([H:18])[H:19])([H:20])[H:21])([H:11])[C:2](=[O:1])[O:3][H:10])([H:12])[H:13])([H:14])[H:15])[H:17],10.0,5.0
8,-0.07328999894005912,AM1BCC,OpenEye,,,C,,9,[H:16][C:7]1([C:6]([C:5]([C:4]([C:9]([C:8]1([H:18])[H:19])([H:20])[H:21])([H:11])[C:2](=[O:1])[O:3][H:10])([H:12])[H:13])([H:14])[H:15])[H:17],10.0,5.0
9,0.442730008491448,AM1BCC,OpenEye,,,H,,10,[H:16][C:7]1([C:6]([C:5]([C:4]([C:9]([C:8]1([H:18])[H:19])([H:20])[H:21])([H:11])[C:2](=[O:1])[O:3][H:10])([H:12])[H:13])([H:14])[H:15])[H:17],10.0,5.0
10,0.07735999567168099,AM1BCC,OpenEye,,,H,,11,[H:16][C:7]1([C:6]([C:5]([C:4]([C:9]([C:8]1([H:18])[H:19])([H:20])[H:21])([H:11])[C:2](=[O:1])[O:3][H:10])([H:12])[H:13])([H:14])[H:15])[H:17],10.0,5.0
11,0.05488999826567514,AM1BCC,OpenEye,,,H,,12,[H:16][C:7]1([C:6]([C:5]([C:4]([C:9]([C:8]1([H:18])[H:19])([H:20])[H:21])([H:11])[C:2](=[O:1])[O:3][H:10])([H:12])[H:13])([H:14])[H:15])[H:17],10.0,5.0
12,0.05488999826567514,AM1BCC,OpenEye,,,H,,13,[H:16][C:7]1([C:6]([C:5]([C:4]([C:9]([C:8]1([H:18])[H:19])([H:20])[H:21])([H:11])[C:2](=[O:1])[O:3][H:10])([H:12])[H:13])([H:14])[H:15])[H:17],10.0,5.0
13,0.041469997593334744,AM1BCC,OpenEye,,,H,,14,[H:16][C:7]1([C:6]([C:5]([C:4]([C:9]([C:8]1([H:18])[H:19])([H:20])[H:21])([H:11])[C:2](=[O:1])[O:3][H:10])([H:12])[H:13])([H:14])[H:15])[H:17],10.0,5.0
14,0.041469997593334744,AM1BCC,OpenEye,,,H,,15,[H:16][C:7]1([C:6]([C:5]([C:4]([C:9]([C:8]1([H:18])[H:19])([H:20])[H:21])([H:11])[C:2](=[O:1])[O:3][H:10])([H:12])[H:13])([H:14])[H:15])[H:17],10.0,5.0
15,0.04971999941127641,AM1BCC,OpenEye,,,H,,16,[H:16][C:7]1([C:6]([C:5]([C:4]([C:9]([C:8]1([H:18])[H:19])([H:20])[H:21])([H:11])[C:2](=[O:1])[O:3][H:10])([H:12])[H:13])([H:14])[H:15])[H:17],10.0,5.0
16,0.04971999941127641,AM1BCC,OpenEye,,,H,,17,[H:16][C:7]1([C:6]([C:5]([C:4]([C:9]([C:8]1([H:18])[H:19])([H:20])[H:21])([H:11])[C:2](=[O:1])[O:3][H:10])([H:12])[H:13])([H:14])[H:15])[H:17],10.0,5.0
17,0.041469997593334744,AM1BCC,OpenEye,,,H,,18,[H:16][C:7]1([C:6]([C:5]([C:4]([C:9]([C:8]1([H:18])[H:19])([H:20])[H:21])([H:11])[C:2](=[O:1])[O:3][H:10])([H:12])[H:13])([H:14])[H:15])[H:17],10.0,5.0
18,0.041469997593334744,AM1BCC,OpenEye,,,H,,19,[H:16][C:7]1([C:6]([C:5]([C:4]([C:9]([C:8]1([H:18])[H:19])([H:20])[H:21])([H:11])[C:2](=[O:1])[O:3][H:10])([H:12])[H:13])([H:14])[H:15])[H:17],10.0,5.0
19,0.05488999826567514,AM1BCC,OpenEye,,,H,,20,[H:16][C:7]1([C:6]([C:5]([C:4]([C:9]([C:8]1([H:18])[H:19])([H:20])[H:21])([H:11])[C:2](=[O:1])[O:3][H:10])([H:12])[H:13])([H:14])[H:15])[H:17],10.0,5.0
20,0.05488999826567514,AM1BCC,OpenEye,,,H,,21,[H:16][C:7]1([C:6]([C:5]([C:4]([C:9]([C:8]1([H:18])[H:19])([H:20])[H:21])([H:11])[C:2](=[O:1])[O:3][H:10])([H:12])[H:13])([H:14])[H:15])[H:17],10.0,5.0
0,-0.551,AM1BCC,AmberTools,,,O,,1,[H:16][C:7]1([C:6]([C:5]([C:4]([C:9]([C:8]1([H:18])[H:19])([H:20])[H:21])([H:11])[C:2](=[O:1])[O:3][H:10])([H:12])[H:13])([H:14])[H:15])[H:17],10.0,5.0
1,0.6361,AM1BCC,AmberTools,,,C,,2,[H:16][C:7]1([C:6]([C:5]([C:4]([C:9]([C:8]1([H:18])[H:19])([H:20])[H:21])([H:11])[C:2](=[O:1])[O:3][H:10])([H:12])[H:13])([H:14])[H:15])[H:17],10.0,5.0
2,-0.6111,AM1BCC,AmberTools,,,O,,3,[H:16][C:7]1([C:6]([C:5]([C:4]([C:9]([C:8]1([H:18])[H:19])([H:20])[H:21])([H:11])[C:2](=[O:1])[O:3][H:10])([H:12])[H:13])([H:14])[H:15])[H:17],10.0,5.0
3,-0.1037,AM1BCC,AmberTools,,,C,,4,[H:16][C:7]1([C:6]([C:5]([C:4]([C:9]([C:8]1([H:18])[H:19])([H:20])[H:21])([H:11])[C:2](=[O:1])[O:3][H:10])([H:12])[H:13])([H:14])[H:15])[H:17],10.0,5.0
4,-0.0719,AM1BCC,AmberTools,,,C,,5,[H:16][C:7]1([C:6]([C:5]([C:4]([C:9]([C:8]1([H:18])[H:19])([H:20])[H:21])([H:11])[C:2](=[O:1])[O:3][H:10])([H:12])[H:13])([H:14])[H:15])[H:17],10.0,5.0
5,-0.0784,AM1BCC,AmberTools,,,C,,6,[H:16][C:7]1([C:6]([C:5]([C:4]([C:9]([C:8]1([H:18])[H:19])([H:20])[H:21])([H:11])[C:2](=[O:1])[O:3][H:10])([H:12])[H:13])([H:14])[H:15])[H:17],10.0,5.0
6,-0.0774,AM1BCC,AmberTools,,,C,,7,[H:16][C:7]1([C:6]([C:5]([C:4]([C:9]([C:8]1([H:18])[H:19])([H:20])[H:21])([H:11])[C:2](=[O:1])[O:3][H:10])([H:12])[H:13])([H:14])[H:15])[H:17],10.0,5.0
7,-0.0784,AM1BCC,AmberTools,,,C,,8,[H:16][C:7]1([C:6]([C:5]([C:4]([C:9]([C:8]1([H:18])[H:19])([H:20])[H:21])([H:11])[C:2](=[O:1])[O:3][H:10])([H:12])[H:13])([H:14])[H:15])[H:17],10.0,5.0
8,-0.0719,AM1BCC,AmberTools,,,C,,9,[H:16][C:7]1([C:6]([C:5]([C:4]([C:9]([C:8]1([H:18])[H:19])([H:20])[H:21])([H:11])[C:2](=[O:1])[O:3][H:10])([H:12])[H:13])([H:14])[H:15])[H:17],10.0,5.0
9,0.442,AM1BCC,AmberTools,,,H,,10,[H:16][C:7]1([C:6]([C:5]([C:4]([C:9]([C:8]1([H:18])[H:19])([H:20])[H:21])([H:11])[C:2](=[O:1])[O:3][H:10])([H:12])[H:13])([H:14])[H:15])[H:17],10.0,5.0
10,0.0807,AM1BCC,AmberTools,,,H,,11,[H:16][C:7]1([C:6]([C:5]([C:4]([C:9]([C:8]1([H:18])[H:19])([H:20])[H:21])([H:11])[C:2](=[O:1])[O:3][H:10])([H:12])[H:13])([H:14])[H:15])[H:17],10.0,5.0
11,0.05445,AM1BCC,AmberTools,,,H,,12,[H:16][C:7]1([C:6]([C:5]([C:4]([C:9]([C:8]1([H:18])[H:19])([H:20])[H:21])([H:11])[C:2](=[O:1])[O:3][H:10])([H:12])[H:13])([H:14])[H:15])[H:17],10.0,5.0
12,0.05445,AM1BCC,AmberTools,,,H,,13,[H:16][C:7]1([C:6]([C:5]([C:4]([C:9]([C:8]1([H:18])[H:19])([H:20])[H:21])([H:11])[C:2](=[O:1])[O:3][H:10])([H:12])[H:13])([H:14])[H:15])[H:17],10.0,5.0
13,0.0462,AM1BCC,AmberTools,,,H,,14,[H:16][C:7]1([C:6]([C:5]([C:4]([C:9]([C:8]1([H:18])[H:19])([H:20])[H:21])([H:11])[C:2](=[O:1])[O:3][H:10])([H:12])[H:13])([H:14])[H:15])[H:17],10.0,5.0
14,0.0462,AM1BCC,AmberTools,,,H,,15,[H:16][C:7]1([C:6]([C:5]([C:4]([C:9]([C:8]1([H:18])[H:19])([H:20])[H:21])([H:11])[C:2](=[O:1])[O:3][H:10])([H:12])[H:13])([H:14])[H:15])[H:17],10.0,5.0
15,0.0412,AM1BCC,AmberTools,,,H,,16,[H:16][C:7]1([C:6]([C:5]([C:4]([C:9]([C:8]1([H:18])[H:19])([H:20])[H:21])([H:11])[C:2](=[O:1])[O:3][H:10])([H:12])[H:13])([H:14])[H:15])[H:17],10.0,5.0
16,0.0412,AM1BCC,AmberTools,,,H,,17,[H:16][C:7]1([C:6]([C:5]([C:4]([C:9]([C:8]1([H:18])[H:19])([H:20])[H:21])([H:11])[C:2](=[O:1])[O:3][H:10])([H:12])[H:13])([H:14])[H:15])[H:17],10.0,5.0
17,0.0462,AM1BCC,AmberTools,,,H,,18,[H:16][C:7]1([C:6]([C:5]([C:4]([C:9]([C:8]1([H:18])[H:19])([H:20])[H:21])([H:11])[C:2](=[O:1])[O:3][H:10])([H:12])[H:13])([H:14])[H:15])[H:17],10.0,5.0
18,0.0462,AM1BCC,AmberTools,,,H,,19,[H:16][C:7]1([C:6]([C:5]([C:4]([C:9]([C:8]1([H:18])[H:19])([H:20])[H:21])([H:11])[C:2](=[O:1])[O:3][H:10])([H:12])[H:13])([H:14])[H:15])[H:17],10.0,5.0
19,0.05445,AM1BCC,AmberTools,,,H,,20,[H:16][C:7]1([C:6]([C:5]([C:4]([C:9]([C:8]1([H:18])[H:19])([H:20])[H:21])([H:11])[C:2](=[O:1])[O:3][H:10])([H:12])[H:13])([H:14])[H:15])[H:17],10.0,5.0
20,0.05445,AM1BCC,AmberTools,,,H,,21,[H:16][C:7]1([C:6]([C:5]([C:4]([C:9]([C:8]1([H:18])[H:19])([H:20])[H:21])([H:11])[C:2](=[O:1])[O:3][H:10])([H:12])[H:13])([H:14])[H:15])[H:17],10.0,5.0
0,-0.5538100014839854,AM1BCC,OpenEye,,,O,,1,[H:16][C:7]1([C:6]([C:5]([C:4]([C:9]([C:8]1([H:18])[H:19])([H:20])[H:21])([H:11])[C:2](=[O:1])[O:3][H:10])([H:12])[H:13])([H:14])[H:15])[H:17],10.0,6.0
1,0.6353999961699758,AM1BCC,OpenEye,,,C,,2,[H:16][C:7]1([C:6]([C:5]([C:4]([C:9]([C:8]1([H:18])[H:19])([H:20])[H:21])([H:11])[C:2](=[O:1])[O:3][H:10])([H:12])[H:13])([H:14])[H:15])[H:17],10.0,6.0
2,-0.6031699787293162,AM1BCC,OpenEye,,,O,,3,[H:16][C:7]1([C:6]([C:5]([C:4]([C:9]([C:8]1([H:18])[H:19])([H:20])[H:21])([H:11])[C:2](=[O:1])[O:3][H:10])([H:12])[H:13])([H:14])[H:15])[H:17],10.0,6.0
3,-0.1005500044141497,AM1BCC,OpenEye,,,C,,4,[H:16][C:7]1([C:6]([C:5]([C:4]([C:9]([C:8]1([H:18])[H:19])([H:20])[H:21])([H:11])[C:2](=[O:1])[O:3][H:10])([H:12])[H:13])([H:14])[H:15])[H:17],10.0,6.0
4,-0.07328999894005912,AM1BCC,OpenEye,,,C,,5,[H:16][C:7]1([C:6]([C:5]([C:4]([C:9]([C:8]1([H:18])[H:19])([H:20])[H:21])([H:11])[C:2](=[O:1])[O:3][H:10])([H:12])[H:13])([H:14])[H:15])[H:17],10.0,6.0
5,-0.07627999888999122,AM1BCC,OpenEye,,,C,,6,[H:16][C:7]1([C:6]([C:5]([C:4]([C:9]([C:8]1([H:18])[H:19])([H:20])[H:21])([H:11])[C:2](=[O:1])[O:3][H:10])([H:12])[H:13])([H:14])[H:15])[H:17],10.0,6.0
6,-0.08370000230414527,AM1BCC,OpenEye,,,C,,7,[H:16][C:7]1([C:6]([C:5]([C:4]([C:9]([C:8]1([H:18])[H:19])([H:20])[H:21])([H:11])[C:2](=[O:1])[O:3][H:10])([H:12])[H:13])([H:14])[H:15])[H:17],10.0,6.0
7,-0.07627999888999122,AM1BCC,OpenEye,,,C,,8,[H:16][C:7]1([C:6]([C:5]([C:4]([C:9]([C:8]1([H:18])[H:19])([H:20])[H:21])([H:11])[C:2](=[O:1])[O:3][H:10])([H:12])[H:13])([H:14])[H:15])[H:17],10.0,6.0
8,-0.07328999894005912,AM1BCC,OpenEye,,,C,,9,[H:16][C:7]1([C:6]([C:5]([C:4]([C:9]([C:8]1([H:18])[H:19])([H:20])[H:21])([H:11])[C:2](=[O:1])[O:3][H:10])([H:12])[H:13])([H:14])[H:15])[H:17],10.0,6.0
9,0.442730008491448,AM1BCC,OpenEye,,,H,,10,[H:16][C:7]1([C:6]([C:5]([C:4]([C:9]([C:8]1([H:18])[H:19])([H:20])[H:21])([H:11])[C:2](=[O:1])[O:3][H:10])([H:12])[H:13])([H:14])[H:15])[H:17],10.0,6.0
10,0.07735999567168099,AM1BCC,OpenEye,,,H,,11,[H:16][C:7]1([C:6]([C:5]([C:4]([C:9]([C:8]1([H:18])[H:19])([H:20])[H:21])([H:11])[C:2](=[O:1])[O:3][H:10])([H:12])[H:13])([H:14])[H:15])[H:17],10.0,6.0
11,0.05488999826567514,AM1BCC,OpenEye,,,H,,12,[H:16][C:7]1([C:6]([C:5]([C:4]([C:9]([C:8]1([H:18])[H:19])([H:20])[H:21])([H:11])[C:2](=[O:1])[O:3][H:10])([H:12])[H:13])([H:14])[H:15])[H:17],10.0,6.0
12,0.05488999826567514,AM1BCC,OpenEye,,,H,,13,[H:16][C:7]1([C:6]([C:5]([C:4]([C:9]([C:8]1([H:18])[H:19])([H:20])[H:21])([H:11])[C:2](=[O:1])[O:3][H:10])([H:12])[H:13])([H:14])[H:15])[H:17],10.0,6.0
13,0.041469997593334744,AM1BCC,OpenEye,,,H,,14,[H:16][C:7]1([C:6]([C:5]([C:4]([C:9]([C:8]1([H:18])[H:19])([H:20])[H:21])([H:11])[C:2](=[O:1])[O:3][H:10])([H:12])[H:13])([H:14])[H:15])[H:17],10.0,6.0
14,0.041469997593334744,AM1BCC,OpenEye,,,H,,15,[H:16][C:7]1([C:6]([C:5]([C:4]([C:9]([C:8]1([H:18])[H:19])([H:20])[H:21])([H:11])[C:2](=[O:1])[O:3][H:10])([H:12])[H:13])([H:14])[H:15])[H:17],10.0,6.0
15,0.04971999941127641,AM1BCC,OpenEye,,,H,,16,[H:16][C:7]1([C:6]([C:5]([C:4]([C:9]([C:8]1([H:18])[H:19])([H:20])[H:21])([H:11])[C:2](=[O:1])[O:3][H:10])([H:12])[H:13])([H:14])[H:15])[H:17],10.0,6.0
16,0.04971999941127641,AM1BCC,OpenEye,,,H,,17,[H:16][C:7]1([C:6]([C:5]([C:4]([C:9]([C:8]1([H:18])[H:19])([H:20])[H:21])([H:11])[C:2](=[O:1])[O:3][H:10])([H:12])[H:13])([H:14])[H:15])[H:17],10.0,6.0
17,0.041469997593334744,AM1BCC,OpenEye,,,H,,18,[H:16][C:7]1([C:6]([C:5]([C:4]([C:9]([C:8]1([H:18])[H:19])([H:20])[H:21])([H:11])[C:2](=[O:1])[O:3][H:10])([H:12])[H:13])([H:14])[H:15])[H:17],10.0,6.0
18,0.041469997593334744,AM1BCC,OpenEye,,,H,,19,[H:16][C:7]1([C:6]([C:5]([C:4]([C:9]([C:8]1([H:18])[H:19])([H:20])[H:21])([H:11])[C:2](=[O:1])[O:3][H:10])([H:12])[H:13])([H:14])[H:15])[H:17],10.0,6.0
19,0.05488999826567514,AM1BCC,OpenEye,,,H,,20,[H:16][C:7]1([C:6]([C:5]([C:4]([C:9]([C:8]1([H:18])[H:19])([H:20])[H:21])([H:11])[C:2](=[O:1])[O:3][H:10])([H:12])[H:13])([H:14])[H:15])[H:17],10.0,6.0
20,0.05488999826567514,AM1BCC,OpenEye,,,H,,21,[H:16][C:7]1([C:6]([C:5]([C:4]([C:9]([C:8]1([H:18])[H:19])([H:20])[H:21])([H:11])[C:2](=[O:1])[O:3][H:10])([H:12])[H:13])([H:14])[H:15])[H:17],10.0,6.0
0,-0.551,AM1BCC,AmberTools,,,O,,1,[H:16][C:7]1([C:6]([C:5]([C:4]([C:9]([C:8]1([H:18])[H:19])([H:20])[H:21])([H:11])[C:2](=[O:1])[O:3][H:10])([H:12])[H:13])([H:14])[H:15])[H:17],10.0,6.0
1,0.6361,AM1BCC,AmberTools,,,C,,2,[H:16][C:7]1([C:6]([C:5]([C:4]([C:9]([C:8]1([H:18])[H:19])([H:20])[H:21])([H:11])[C:2](=[O:1])[O:3][H:10])([H:12])[H:13])([H:14])[H:15])[H:17],10.0,6.0
2,-0.6111,AM1BCC,AmberTools,,,O,,3,[H:16][C:7]1([C:6]([C:5]([C:4]([C:9]([C:8]1([H:18])[H:19])([H:20])[H:21])([H:11])[C:2](=[O:1])[O:3][H:10])([H:12])[H:13])([H:14])[H:15])[H:17],10.0,6.0
3,-0.1037,AM1BCC,AmberTools,,,C,,4,[H:16][C:7]1([C:6]([C:5]([C:4]([C:9]([C:8]1([H:18])[H:19])([H:20])[H:21])([H:11])[C:2](=[O:1])[O:3][H:10])([H:12])[H:13])([H:14])[H:15])[H:17],10.0,6.0
4,-0.0719,AM1BCC,AmberTools,,,C,,5,[H:16][C:7]1([C:6]([C:5]([C:4]([C:9]([C:8]1([H:18])[H:19])([H:20])[H:21])([H:11])[C:2](=[O:1])[O:3][H:10])([H:12])[H:13])([H:14])[H:15])[H:17],10.0,6.0
5,-0.0784,AM1BCC,AmberTools,,,C,,6,[H:16][C:7]1([C:6]([C:5]([C:4]([C:9]([C:8]1([H:18])[H:19])([H:20])[H:21])([H:11])[C:2](=[O:1])[O:3][H:10])([H:12])[H:13])([H:14])[H:15])[H:17],10.0,6.0
6,-0.0774,AM1BCC,AmberTools,,,C,,7,[H:16][C:7]1([C:6]([C:5]([C:4]([C:9]([C:8]1([H:18])[H:19])([H:20])[H:21])([H:11])[C:2](=[O:1])[O:3][H:10])([H:12])[H:13])([H:14])[H:15])[H:17],10.0,6.0
7,-0.0784,AM1BCC,AmberTools,,,C,,8,[H:16][C:7]1([C:6]([C:5]([C:4]([C:9]([C:8]1([H:18])[H:19])([H:20])[H:21])([H:11])[C:2](=[O:1])[O:3][H:10])([H:12])[H:13])([H:14])[H:15])[H:17],10.0,6.0
8,-0.0719,AM1BCC,AmberTools,,,C,,9,[H:16][C:7]1([C:6]([C:5]([C:4]([C:9]([C:8]1([H:18])[H:19])([H:20])[H:21])([H:11])[C:2](=[O:1])[O:3][H:10])([H:12])[H:13])([H:14])[H:15])[H:17],10.0,6.0
9,0.442,AM1BCC,AmberTools,,,H,,10,[H:16][C:7]1([C:6]([C:5]([C:4]([C:9]([C:8]1([H:18])[H:19])([H:20])[H:21])([H:11])[C:2](=[O:1])[O:3][H:10])([H:12])[H:13])([H:14])[H:15])[H:17],10.0,6.0
10,0.0807,AM1BCC,AmberTools,,,H,,11,[H:16][C:7]1([C:6]([C:5]([C:4]([C:9]([C:8]1([H:18])[H:19])([H:20])[H:21])([H:11])[C:2](=[O:1])[O:3][H:10])([H:12])[H:13])([H:14])[H:15])[H:17],10.0,6.0
11,0.05445,AM1BCC,AmberTools,,,H,,12,[H:16][C:7]1([C:6]([C:5]([C:4]([C:9]([C:8]1([H:18])[H:19])([H:20])[H:21])([H:11])[C:2](=[O:1])[O:3][H:10])([H:12])[H:13])([H:14])[H:15])[H:17],10.0,6.0
12,0.05445,AM1BCC,AmberTools,,,H,,13,[H:16][C:7]1([C:6]([C:5]([C:4]([C:9]([C:8]1([H:18])[H:19])([H:20])[H:21])([H:11])[C:2](=[O:1])[O:3][H:10])([H:12])[H:13])([H:14])[H:15])[H:17],10.0,6.0
13,0.0462,AM1BCC,AmberTools,,,H,,14,[H:16][C:7]1([C:6]([C:5]([C:4]([C:9]([C:8]1([H:18])[H:19])([H:20])[H:21])([H:11])[C:2](=[O:1])[O:3][H:10])([H:12])[H:13])([H:14])[H:15])[H:17],10.0,6.0
14,0.0462,AM1BCC,AmberTools,,,H,,15,[H:16][C:7]1([C:6]([C:5]([C:4]([C:9]([C:8]1([H:18])[H:19])([H:20])[H:21])([H:11])[C:2](=[O:1])[O:3][H:10])([H:12])[H:13])([H:14])[H:15])[H:17],10.0,6.0
15,0.0412,AM1BCC,AmberTools,,,H,,16,[H:16][C:7]1([C:6]([C:5]([C:4]([C:9]([C:8]1([H:18])[H:19])([H:20])[H:21])([H:11])[C:2](=[O:1])[O:3][H:10])([H:12])[H:13])([H:14])[H:15])[H:17],10.0,6.0
16,0.0412,AM1BCC,AmberTools,,,H,,17,[H:16][C:7]1([C:6]([C:5]([C:4]([C:9]([C:8]1([H:18])[H:19])([H:20])[H:21])([H:11])[C:2](=[O:1])[O:3][H:10])([H:12])[H:13])([H:14])[H:15])[H:17],10.0,6.0
17,0.0462,AM1BCC,AmberTools,,,H,,18,[H:16][C:7]1([C:6]([C:5]([C:4]([C:9]([C:8]1([H:18])[H:19])([H:20])[H:21])([H:11])[C:2](=[O:1])[O:3][H:10])([H:12])[H:13])([H:14])[H:15])[H:17],10.0,6.0
18,0.0462,AM1BCC,AmberTools,,,H,,19,[H:16][C:7]1([C:6]([C:5]([C:4]([C:9]([C:8]1([H:18])[H:19])([H:20])[H:21])([H:11])[C:2](=[O:1])[O:3][H:10])([H:12])[H:13])([H:14])[H:15])[H:17],10.0,6.0
19,0.05445,AM1BCC,AmberTools,,,H,,20,[H:16][C:7]1([C:6]([C:5]([C:4]([C:9]([C:8]1([H:18])[H:19])([H:20])[H:21])([H:11])[C:2](=[O:1])[O:3][H:10])([H:12])[H:13])([H:14])[H:15])[H:17],10.0,6.0
20,0.05445,AM1BCC,AmberTools,,,H,,21,[H:16][C:7]1([C:6]([C:5]([C:4]([C:9]([C:8]1([H:18])[H:19])([H:20])[H:21])([H:11])[C:2](=[O:1])[O:3][H:10])([H:12])[H:13])([H:14])[H:15])[H:17],10.0,6.0
0,-0.5538100014839854,AM1BCC,OpenEye,,,O,,1,[H:16][C:7]1([C:6]([C:5]([C:4]([C:9]([C:8]1([H:18])[H:19])([H:20])[H:21])([H:11])[C:2](=[O:1])[O:3][H:10])([H:12])[H:13])([H:14])[H:15])[H:17],10.0,7.0
1,0.6353999961699758,AM1BCC,OpenEye,,,C,,2,[H:16][C:7]1([C:6]([C:5]([C:4]([C:9]([C:8]1([H:18])[H:19])([H:20])[H:21])([H:11])[C:2](=[O:1])[O:3][H:10])([H:12])[H:13])([H:14])[H:15])[H:17],10.0,7.0
2,-0.6031699787293162,AM1BCC,OpenEye,,,O,,3,[H:16][C:7]1([C:6]([C:5]([C:4]([C:9]([C:8]1([H:18])[H:19])([H:20])[H:21])([H:11])[C:2](=[O:1])[O:3][H:10])([H:12])[H:13])([H:14])[H:15])[H:17],10.0,7.0
3,-0.1005500044141497,AM1BCC,OpenEye,,,C,,4,[H:16][C:7]1([C:6]([C:5]([C:4]([C:9]([C:8]1([H:18])[H:19])([H:20])[H:21])([H:11])[C:2](=[O:1])[O:3][H:10])([H:12])[H:13])([H:14])[H:15])[H:17],10.0,7.0
4,-0.07328999894005912,AM1BCC,OpenEye,,,C,,5,[H:16][C:7]1([C:6]([C:5]([C:4]([C:9]([C:8]1([H:18])[H:19])([H:20])[H:21])([H:11])[C:2](=[O:1])[O:3][H:10])([H:12])[H:13])([H:14])[H:15])[H:17],10.0,7.0
5,-0.07627999888999122,AM1BCC,OpenEye,,,C,,6,[H:16][C:7]1([C:6]([C:5]([C:4]([C:9]([C:8]1([H:18])[H:19])([H:20])[H:21])([H:11])[C:2](=[O:1])[O:3][H:10])([H:12])[H:13])([H:14])[H:15])[H:17],10.0,7.0
6,-0.08371999966246742,AM1BCC,OpenEye,,,C,,7,[H:16][C:7]1([C:6]([C:5]([C:4]([C:9]([C:8]1([H:18])[H:19])([H:20])[H:21])([H:11])[C:2](=[O:1])[O:3][H:10])([H:12])[H:13])([H:14])[H:15])[H:17],10.0,7.0
7,-0.07627999888999122,AM1BCC,OpenEye,,,C,,8,[H:16][C:7]1([C:6]([C:5]([C:4]([C:9]([C:8]1([H:18])[H:19])([H:20])[H:21])([H:11])[C:2](=[O:1])[O:3][H:10])([H:12])[H:13])([H:14])[H:15])[H:17],10.0,7.0
8,-0.07328999894005912,AM1BCC,OpenEye,,,C,,9,[H:16][C:7]1([C:6]([C:5]([C:4]([C:9]([C:8]1([H:18])[H:19])([H:20])[H:21])([H:11])[C:2](=[O:1])[O:3][H:10])([H:12])[H:13])([H:14])[H:15])[H:17],10.0,7.0
9,0.442730008491448,AM1BCC,OpenEye,,,H,,10,[H:16][C:7]1([C:6]([C:5]([C:4]([C:9]([C:8]1([H:18])[H:19])([H:20])[H:21])([H:11])[C:2](=[O:1])[O:3][H:10])([H:12])[H:13])([H:14])[H:15])[H:17],10.0,7.0
10,0.07735999567168099,AM1BCC,OpenEye,,,H,,11,[H:16][C:7]1([C:6]([C:5]([C:4]([C:9]([C:8]1([H:18])[H:19])([H:20])[H:21])([H:11])[C:2](=[O:1])[O:3][H:10])([H:12])[H:13])([H:14])[H:15])[H:17],10.0,7.0
11,0.05488999826567514,AM1BCC,OpenEye,,,H,,12,[H:16][C:7]1([C:6]([C:5]([C:4]([C:9]([C:8]1([H:18])[H:19])([H:20])[H:21])([H:11])[C:2](=[O:1])[O:3][H:10])([H:12])[H:13])([H:14])[H:15])[H:17],10.0,7.0
12,0.05488999826567514,AM1BCC,OpenEye,,,H,,13,[H:16][C:7]1([C:6]([C:5]([C:4]([C:9]([C:8]1([H:18])[H:19])([H:20])[H:21])([H:11])[C:2](=[O:1])[O:3][H:10])([H:12])[H:13])([H:14])[H:15])[H:17],10.0,7.0
13,0.041469997593334744,AM1BCC,OpenEye,,,H,,14,[H:16][C:7]1([C:6]([C:5]([C:4]([C:9]([C:8]1([H:18])[H:19])([H:20])[H:21])([H:11])[C:2](=[O:1])[O:3][H:10])([H:12])[H:13])([H:14])[H:15])[H:17],10.0,7.0
14,0.041469997593334744,AM1BCC,OpenEye,,,H,,15,[H:16][C:7]1([C:6]([C:5]([C:4]([C:9]([C:8]1([H:18])[H:19])([H:20])[H:21])([H:11])[C:2](=[O:1])[O:3][H:10])([H:12])[H:13])([H:14])[H:15])[H:17],10.0,7.0
15,0.04972999809043748,AM1BCC,OpenEye,,,H,,16,[H:16][C:7]1([C:6]([C:5]([C:4]([C:9]([C:8]1([H:18])[H:19])([H:20])[H:21])([H:11])[C:2](=[O:1])[O:3][H:10])([H:12])[H:13])([H:14])[H:15])[H:17],10.0,7.0
16,0.04972999809043748,AM1BCC,OpenEye,,,H,,17,[H:16][C:7]1([C:6]([C:5]([C:4]([C:9]([C:8]1([H:18])[H:19])([H:20])[H:21])([H:11])[C:2](=[O:1])[O:3][H:10])([H:12])[H:13])([H:14])[H:15])[H:17],10.0,7.0
17,0.041469997593334744,AM1BCC,OpenEye,,,H,,18,[H:16][C:7]1([C:6]([C:5]([C:4]([C:9]([C:8]1([H:18])[H:19])([H:20])[H:21])([H:11])[C:2](=[O:1])[O:3][H:10])([H:12])[H:13])([H:14])[H:15])[H:17],10.0,7.0
18,0.041469997593334744,AM1BCC,OpenEye,,,H,,19,[H:16][C:7]1([C:6]([C:5]([C:4]([C:9]([C:8]1([H:18])[H:19])([H:20])[H:21])([H:11])[C:2](=[O:1])[O:3][H:10])([H:12])[H:13])([H:14])[H:15])[H:17],10.0,7.0
19,0.05488999826567514,AM1BCC,OpenEye,,,H,,20,[H:16][C:7]1([C:6]([C:5]([C:4]([C:9]([C:8]1([H:18])[H:19])([H:20])[H:21])([H:11])[C:2](=[O:1])[O:3][H:10])([H:12])[H:13])([H:14])[H:15])[H:17],10.0,7.0
20,0.05488999826567514,AM1BCC,OpenEye,,,H,,21,[H:16][C:7]1([C:6]([C:5]([C:4]([C:9]([C:8]1([H:18])[H:19])([H:20])[H:21])([H:11])[C:2](=[O:1])[O:3][H:10])([H:12])[H:13])([H:14])[H:15])[H:17],10.0,7.0
0,-0.551,AM1BCC,AmberTools,,,O,,1,[H:16][C:7]1([C:6]([C:5]([C:4]([C:9]([C:8]1([H:18])[H:19])([H:20])[H:21])([H:11])[C:2](=[O:1])[O:3][H:10])([H:12])[H:13])([H:14])[H:15])[H:17],10.0,7.0
1,0.6361,AM1BCC,AmberTools,,,C,,2,[H:16][C:7]1([C:6]([C:5]([C:4]([C:9]([C:8]1([H:18])[H:19])([H:20])[H:21])([H:11])[C:2](=[O:1])[O:3][H:10])([H:12])[H:13])([H:14])[H:15])[H:17],10.0,7.0
2,-0.6111,AM1BCC,AmberTools,,,O,,3,[H:16][C:7]1([C:6]([C:5]([C:4]([C:9]([C:8]1([H:18])[H:19])([H:20])[H:21])([H:11])[C:2](=[O:1])[O:3][H:10])([H:12])[H:13])([H:14])[H:15])[H:17],10.0,7.0
3,-0.1037,AM1BCC,AmberTools,,,C,,4,[H:16][C:7]1([C:6]([C:5]([C:4]([C:9]([C:8]1([H:18])[H:19])([H:20])[H:21])([H:11])[C:2](=[O:1])[O:3][H:10])([H:12])[H:13])([H:14])[H:15])[H:17],10.0,7.0
4,-0.0719,AM1BCC,AmberTools,,,C,,5,[H:16][C:7]1([C:6]([C:5]([C:4]([C:9]([C:8]1([H:18])[H:19])([H:20])[H:21])([H:11])[C:2](=[O:1])[O:3][H:10])([H:12])[H:13])([H:14])[H:15])[H:17],10.0,7.0
5,-0.0784,AM1BCC,AmberTools,,,C,,6,[H:16][C:7]1([C:6]([C:5]([C:4]([C:9]([C:8]1([H:18])[H:19])([H:20])[H:21])([H:11])[C:2](=[O:1])[O:3][H:10])([H:12])[H:13])([H:14])[H:15])[H:17],10.0,7.0
6,-0.0774,AM1BCC,AmberTools,,,C,,7,[H:16][C:7]1([C:6]([C:5]([C:4]([C:9]([C:8]1([H:18])[H:19])([H:20])[H:21])([H:11])[C:2](=[O:1])[O:3][H:10])([H:12])[H:13])([H:14])[H:15])[H:17],10.0,7.0
7,-0.0784,AM1BCC,AmberTools,,,C,,8,[H:16][C:7]1([C:6]([C:5]([C:4]([C:9]([C:8]1([H:18])[H:19])([H:20])[H:21])([H:11])[C:2](=[O:1])[O:3][H:10])([H:12])[H:13])([H:14])[H:15])[H:17],10.0,7.0
8,-0.0719,AM1BCC,AmberTools,,,C,,9,[H:16][C:7]1([C:6]([C:5]([C:4]([C:9]([C:8]1([H:18])[H:19])([H:20])[H:21])([H:11])[C:2](=[O:1])[O:3][H:10])([H:12])[H:13])([H:14])[H:15])[H:17],10.0,7.0
9,0.442,AM1BCC,AmberTools,,,H,,10,[H:16][C:7]1([C:6]([C:5]([C:4]([C:9]([C:8]1([H:18])[H:19])([H:20])[H:21])([H:11])[C:2](=[O:1])[O:3][H:10])([H:12])[H:13])([H:14])[H:15])[H:17],10.0,7.0
10,0.0807,AM1BCC,AmberTools,,,H,,11,[H:16][C:7]1([C:6]([C:5]([C:4]([C:9]([C:8]1([H:18])[H:19])([H:20])[H:21])([H:11])[C:2](=[O:1])[O:3][H:10])([H:12])[H:13])([H:14])[H:15])[H:17],10.0,7.0
11,0.05445,AM1BCC,AmberTools,,,H,,12,[H:16][C:7]1([C:6]([C:5]([C:4]([C:9]([C:8]1([H:18])[H:19])([H:20])[H:21])([H:11])[C:2](=[O:1])[O:3][H:10])([H:12])[H:13])([H:14])[H:15])[H:17],10.0,7.0
12,0.05445,AM1BCC,AmberTools,,,H,,13,[H:16][C:7]1([C:6]([C:5]([C:4]([C:9]([C:8]1([H:18])[H:19])([H:20])[H:21])([H:11])[C:2](=[O:1])[O:3][H:10])([H:12])[H:13])([H:14])[H:15])[H:17],10.0,7.0
13,0.0462,AM1BCC,AmberTools,,,H,,14,[H:16][C:7]1([C:6]([C:5]([C:4]([C:9]([C:8]1([H:18])[H:19])([H:20])[H:21])([H:11])[C:2](=[O:1])[O:3][H:10])([H:12])[H:13])([H:14])[H:15])[H:17],10.0,7.0
14,0.0462,AM1BCC,AmberTools,,,H,,15,[H:16][C:7]1([C:6]([C:5]([C:4]([C:9]([C:8]1([H:18])[H:19])([H:20])[H:21])([H:11])[C:2](=[O:1])[O:3][H:10])([H:12])[H:13])([H:14])[H:15])[H:17],10.0,7.0
15,0.0412,AM1BCC,AmberTools,,,H,,16,[H:16][C:7]1([C:6]([C:5]([C:4]([C:9]([C:8]1([H:18])[H:19])([H:20])[H:21])([H:11])[C:2](=[O:1])[O:3][H:10])([H:12])[H:13])([H:14])[H:15])[H:17],10.0,7.0
16,0.0412,AM1BCC,AmberTools,,,H,,17,[H:16][C:7]1([C:6]([C:5]([C:4]([C:9]([C:8]1([H:18])[H:19])([H:20])[H:21])([H:11])[C:2](=[O:1])[O:3][H:10])([H:12])[H:13])([H:14])[H:15])[H:17],10.0,7.0
17,0.0462,AM1BCC,AmberTools,,,H,,18,[H:16][C:7]1([C:6]([C:5]([C:4]([C:9]([C:8]1([H:18])[H:19])([H:20])[H:21])([H:11])[C:2](=[O:1])[O:3][H:10])([H:12])[H:13])([H:14])[H:15])[H:17],10.0,7.0
18,0.0462,AM1BCC,AmberTools,,,H,,19,[H:16][C:7]1([C:6]([C:5]([C:4]([C:9]([C:8]1([H:18])[H:19])([H:20])[H:21])([H:11])[C:2](=[O:1])[O:3][H:10])([H:12])[H:13])([H:14])[H:15])[H:17],10.0,7.0
19,0.05445,AM1BCC,AmberTools,,,H,,20,[H:16][C:7]1([C:6]([C:5]([C:4]([C:9]([C:8]1([H:18])[H:19])([H:20])[H:21])([H:11])[C:2](=[O:1])[O:3][H:10])([H:12])[H:13])([H:14])[H:15])[H:17],10.0,7.0
20,0.05445,AM1BCC,AmberTools,,,H,,21,[H:16][C:7]1([C:6]([C:5]([C:4]([C:9]([C:8]1([H:18])[H:19])([H:20])[H:21])([H:11])[C:2](=[O:1])[O:3][H:10])([H:12])[H:13])([H:14])[H:15])[H:17],10.0,7.0
0,-0.5538100014839854,AM1BCC,OpenEye,,,O,,1,[H:16][C:7]1([C:6]([C:5]([C:4]([C:9]([C:8]1([H:18])[H:19])([H:20])[H:21])([H:11])[C:2](=[O:1])[O:3][H:10])([H:12])[H:13])([H:14])[H:15])[H:17],10.0,8.0
1,0.6353999961699758,AM1BCC,OpenEye,,,C,,2,[H:16][C:7]1([C:6]([C:5]([C:4]([C:9]([C:8]1([H:18])[H:19])([H:20])[H:21])([H:11])[C:2](=[O:1])[O:3][H:10])([H:12])[H:13])([H:14])[H:15])[H:17],10.0,8.0
2,-0.6031699787293162,AM1BCC,OpenEye,,,O,,3,[H:16][C:7]1([C:6]([C:5]([C:4]([C:9]([C:8]1([H:18])[H:19])([H:20])[H:21])([H:11])[C:2](=[O:1])[O:3][H:10])([H:12])[H:13])([H:14])[H:15])[H:17],10.0,8.0
3,-0.1005500044141497,AM1BCC,OpenEye,,,C,,4,[H:16][C:7]1([C:6]([C:5]([C:4]([C:9]([C:8]1([H:18])[H:19])([H:20])[H:21])([H:11])[C:2](=[O:1])[O:3][H:10])([H:12])[H:13])([H:14])[H:15])[H:17],10.0,8.0
4,-0.07328999894005912,AM1BCC,OpenEye,,,C,,5,[H:16][C:7]1([C:6]([C:5]([C:4]([C:9]([C:8]1([H:18])[H:19])([H:20])[H:21])([H:11])[C:2](=[O:1])[O:3][H:10])([H:12])[H:13])([H:14])[H:15])[H:17],10.0,8.0
5,-0.07627999888999122,AM1BCC,OpenEye,,,C,,6,[H:16][C:7]1([C:6]([C:5]([C:4]([C:9]([C:8]1([H:18])[H:19])([H:20])[H:21])([H:11])[C:2](=[O:1])[O:3][H:10])([H:12])[H:13])([H:14])[H:15])[H:17],10.0,8.0
6,-0.08370000230414527,AM1BCC,OpenEye,,,C,,7,[H:16][C:7]1([C:6]([C:5]([C:4]([C:9]([C:8]1([H:18])[H:19])([H:20])[H:21])([H:11])[C:2](=[O:1])[O:3][H:10])([H:12])[H:13])([H:14])[H:15])[H:17],10.0,8.0
7,-0.07627999888999122,AM1BCC,OpenEye,,,C,,8,[H:16][C:7]1([C:6]([C:5]([C:4]([C:9]([C:8]1([H:18])[H:19])([H:20])[H:21])([H:11])[C:2](=[O:1])[O:3][H:10])([H:12])[H:13])([H:14])[H:15])[H:17],10.0,8.0
8,-0.07328999894005912,AM1BCC,OpenEye,,,C,,9,[H:16][C:7]1([C:6]([C:5]([C:4]([C:9]([C:8]1([H:18])[H:19])([H:20])[H:21])([H:11])[C:2](=[O:1])[O:3][H:10])([H:12])[H:13])([H:14])[H:15])[H:17],10.0,8.0
9,0.442730008491448,AM1BCC,OpenEye,,,H,,10,[H:16][C:7]1([C:6]([C:5]([C:4]([C:9]([C:8]1([H:18])[H:19])([H:20])[H:21])([H:11])[C:2](=[O:1])[O:3][H:10])([H:12])[H:13])([H:14])[H:15])[H:17],10.0,8.0
10,0.07735999567168099,AM1BCC,OpenEye,,,H,,11,[H:16][C:7]1([C:6]([C:5]([C:4]([C:9]([C:8]1([H:18])[H:19])([H:20])[H:21])([H:11])[C:2](=[O:1])[O:3][H:10])([H:12])[H:13])([H:14])[H:15])[H:17],10.0,8.0
11,0.05488999826567514,AM1BCC,OpenEye,,,H,,12,[H:16][C:7]1([C:6]([C:5]([C:4]([C:9]([C:8]1([H:18])[H:19])([H:20])[H:21])([H:11])[C:2](=[O:1])[O:3][H:10])([H:12])[H:13])([H:14])[H:15])[H:17],10.0,8.0
12,0.05488999826567514,AM1BCC,OpenEye,,,H,,13,[H:16][C:7]1([C:6]([C:5]([C:4]([C:9]([C:8]1([H:18])[H:19])([H:20])[H:21])([H:11])[C:2](=[O:1])[O:3][H:10])([H:12])[H:13])([H:14])[H:15])[H:17],10.0,8.0
13,0.041469997593334744,AM1BCC,OpenEye,,,H,,14,[H:16][C:7]1([C:6]([C:5]([C:4]([C:9]([C:8]1([H:18])[H:19])([H:20])[H:21])([H:11])[C:2](=[O:1])[O:3][H:10])([H:12])[H:13])([H:14])[H:15])[H:17],10.0,8.0
14,0.041469997593334744,AM1BCC,OpenEye,,,H,,15,[H:16][C:7]1([C:6]([C:5]([C:4]([C:9]([C:8]1([H:18])[H:19])([H:20])[H:21])([H:11])[C:2](=[O:1])[O:3][H:10])([H:12])[H:13])([H:14])[H:15])[H:17],10.0,8.0
15,0.04971999941127641,AM1BCC,OpenEye,,,H,,16,[H:16][C:7]1([C:6]([C:5]([C:4]([C:9]([C:8]1([H:18])[H:19])([H:20])[H:21])([H:11])[C:2](=[O:1])[O:3][H:10])([H:12])[H:13])([H:14])[H:15])[H:17],10.0,8.0
16,0.04971999941127641,AM1BCC,OpenEye,,,H,,17,[H:16][C:7]1([C:6]([C:5]([C:4]([C:9]([C:8]1([H:18])[H:19])([H:20])[H:21])([H:11])[C:2](=[O:1])[O:3][H:10])([H:12])[H:13])([H:14])[H:15])[H:17],10.0,8.0
17,0.041469997593334744,AM1BCC,OpenEye,,,H,,18,[H:16][C:7]1([C:6]([C:5]([C:4]([C:9]([C:8]1([H:18])[H:19])([H:20])[H:21])([H:11])[C:2](=[O:1])[O:3][H:10])([H:12])[H:13])([H:14])[H:15])[H:17],10.0,8.0
18,0.041469997593334744,AM1BCC,OpenEye,,,H,,19,[H:16][C:7]1([C:6]([C:5]([C:4]([C:9]([C:8]1([H:18])[H:19])([H:20])[H:21])([H:11])[C:2](=[O:1])[O:3][H:10])([H:12])[H:13])([H:14])[H:15])[H:17],10.0,8.0
19,0.05488999826567514,AM1BCC,OpenEye,,,H,,20,[H:16][C:7]1([C:6]([C:5]([C:4]([C:9]([C:8]1([H:18])[H:19])([H:20])[H:21])([H:11])[C:2](=[O:1])[O:3][H:10])([H:12])[H:13])([H:14])[H:15])[H:17],10.0,8.0
20,0.05488999826567514,AM1BCC,OpenEye,,,H,,21,[H:16][C:7]1([C:6]([C:5]([C:4]([C:9]([C:8]1([H:18])[H:19])([H:20])[H:21])([H:11])[C:2](=[O:1])[O:3][H:10])([H:12])[H:13])([H:14])[H:15])[H:17],10.0,8.0
0,-0.551,AM1BCC,AmberTools,,,O,,1,[H:16][C:7]1([C:6]([C:5]([C:4]([C:9]([C:8]1([H:18])[H:19])([H:20])[H:21])([H:11])[C:2](=[O:1])[O:3][H:10])([H:12])[H:13])([H:14])[H:15])[H:17],10.0,8.0
1,0.6361,AM1BCC,AmberTools,,,C,,2,[H:16][C:7]1([C:6]([C:5]([C:4]([C:9]([C:8]1([H:18])[H:19])([H:20])[H:21])([H:11])[C:2](=[O:1])[O:3][H:10])([H:12])[H:13])([H:14])[H:15])[H:17],10.0,8.0
2,-0.6111,AM1BCC,AmberTools,,,O,,3,[H:16][C:7]1([C:6]([C:5]([C:4]([C:9]([C:8]1([H:18])[H:19])([H:20])[H:21])([H:11])[C:2](=[O:1])[O:3][H:10])([H:12])[H:13])([H:14])[H:15])[H:17],10.0,8.0
3,-0.1037,AM1BCC,AmberTools,,,C,,4,[H:16][C:7]1([C:6]([C:5]([C:4]([C:9]([C:8]1([H:18])[H:19])([H:20])[H:21])([H:11])[C:2](=[O:1])[O:3][H:10])([H:12])[H:13])([H:14])[H:15])[H:17],10.0,8.0
4,-0.0719,AM1BCC,AmberTools,,,C,,5,[H:16][C:7]1([C:6]([C:5]([C:4]([C:9]([C:8]1([H:18])[H:19])([H:20])[H:21])([H:11])[C:2](=[O:1])[O:3][H:10])([H:12])[H:13])([H:14])[H:15])[H:17],10.0,8.0
5,-0.0784,AM1BCC,AmberTools,,,C,,6,[H:16][C:7]1([C:6]([C:5]([C:4]([C:9]([C:8]1([H:18])[H:19])([H:20])[H:21])([H:11])[C:2](=[O:1])[O:3][H:10])([H:12])[H:13])([H:14])[H:15])[H:17],10.0,8.0
6,-0.0774,AM1BCC,AmberTools,,,C,,7,[H:16][C:7]1([C:6]([C:5]([C:4]([C:9]([C:8]1([H:18])[H:19])([H:20])[H:21])([H:11])[C:2](=[O:1])[O:3][H:10])([H:12])[H:13])([H:14])[H:15])[H:17],10.0,8.0
7,-0.0784,AM1BCC,AmberTools,,,C,,8,[H:16][C:7]1([C:6]([C:5]([C:4]([C:9]([C:8]1([H:18])[H:19])([H:20])[H:21])([H:11])[C:2](=[O:1])[O:3][H:10])([H:12])[H:13])([H:14])[H:15])[H:17],10.0,8.0
8,-0.0719,AM1BCC,AmberTools,,,C,,9,[H:16][C:7]1([C:6]([C:5]([C:4]([C:9]([C:8]1([H:18])[H:19])([H:20])[H:21])([H:11])[C:2](=[O:1])[O:3][H:10])([H:12])[H:13])([H:14])[H:15])[H:17],10.0,8.0
9,0.442,AM1BCC,AmberTools,,,H,,10,[H:16][C:7]1([C:6]([C:5]([C:4]([C:9]([C:8]1([H:18])[H:19])([H:20])[H:21])([H:11])[C:2](=[O:1])[O:3][H:10])([H:12])[H:13])([H:14])[H:15])[H:17],10.0,8.0
10,0.0807,AM1BCC,AmberTools,,,H,,11,[H:16][C:7]1([C:6]([C:5]([C:4]([C:9]([C:8]1([H:18])[H:19])([H:20])[H:21])([H:11])[C:2](=[O:1])[O:3][H:10])([H:12])[H:13])([H:14])[H:15])[H:17],10.0,8.0
11,0.05445,AM1BCC,AmberTools,,,H,,12,[H:16][C:7]1([C:6]([C:5]([C:4]([C:9]([C:8]1([H:18])[H:19])([H:20])[H:21])([H:11])[C:2](=[O:1])[O:3][H:10])([H:12])[H:13])([H:14])[H:15])[H:17],10.0,8.0
12,0.05445,AM1BCC,AmberTools,,,H,,13,[H:16][C:7]1([C:6]([C:5]([C:4]([C:9]([C:8]1([H:18])[H:19])([H:20])[H:21])([H:11])[C:2](=[O:1])[O:3][H:10])([H:12])[H:13])([H:14])[H:15])[H:17],10.0,8.0
13,0.0462,AM1BCC,AmberTools,,,H,,14,[H:16][C:7]1([C:6]([C:5]([C:4]([C:9]([C:8]1([H:18])[H:19])([H:20])[H:21])([H:11])[C:2](=[O:1])[O:3][H:10])([H:12])[H:13])([H:14])[H:15])[H:17],10.0,8.0
14,0.0462,AM1BCC,AmberTools,,,H,,15,[H:16][C:7]1([C:6]([C:5]([C:4]([C:9]([C:8]1([H:18])[H:19])([H:20])[H:21])([H:11])[C:2](=[O:1])[O:3][H:10])([H:12])[H:13])([H:14])[H:15])[H:17],10.0,8.0
15,0.0412,AM1BCC,AmberTools,,,H,,16,[H:16][C:7]1([C:6]([C:5]([C:4]([C:9]([C:8]1([H:18])[H:19])([H:20])[H:21])([H:11])[C:2](=[O:1])[O:3][H:10])([H:12])[H:13])([H:14])[H:15])[H:17],10.0,8.0
16,0.0412,AM1BCC,AmberTools,,,H,,17,[H:16][C:7]1([C:6]([C:5]([C:4]([C:9]([C:8]1([H:18])[H:19])([H:20])[H:21])([H:11])[C:2](=[O:1])[O:3][H:10])([H:12])[H:13])([H:14])[H:15])[H:17],10.0,8.0
17,0.0462,AM1BCC,AmberTools,,,H,,18,[H:16][C:7]1([C:6]([C:5]([C:4]([C:9]([C:8]1([H:18])[H:19])([H:20])[H:21])([H:11])[C:2](=[O:1])[O:3][H:10])([H:12])[H:13])([H:14])[H:15])[H:17],10.0,8.0
18,0.0462,AM1BCC,AmberTools,,,H,,19,[H:16][C:7]1([C:6]([C:5]([C:4]([C:9]([C:8]1([H:18])[H:19])([H:20])[H:21])([H:11])[C:2](=[O:1])[O:3][H:10])([H:12])[H:13])([H:14])[H:15])[H:17],10.0,8.0
19,0.05445,AM1BCC,AmberTools,,,H,,20,[H:16][C:7]1([C:6]([C:5]([C:4]([C:9]([C:8]1([H:18])[H:19])([H:20])[H:21])([H:11])[C:2](=[O:1])[O:3][H:10])([H:12])[H:13])([H:14])[H:15])[H:17],10.0,8.0
20,0.05445,AM1BCC,AmberTools,,,H,,21,[H:16][C:7]1([C:6]([C:5]([C:4]([C:9]([C:8]1([H:18])[H:19])([H:20])[H:21])([H:11])[C:2](=[O:1])[O:3][H:10])([H:12])[H:13])([H:14])[H:15])[H:17],10.0,8.0
0,-0.5538100014839854,AM1BCC,OpenEye,,,O,,1,[H:16][C:7]1([C:6]([C:5]([C:4]([C:9]([C:8]1([H:18])[H:19])([H:20])[H:21])([H:11])[C:2](=[O:1])[O:3][H:10])([H:12])[H:13])([H:14])[H:15])[H:17],10.0,9.0
1,0.6353999961699758,AM1BCC,OpenEye,,,C,,2,[H:16][C:7]1([C:6]([C:5]([C:4]([C:9]([C:8]1([H:18])[H:19])([H:20])[H:21])([H:11])[C:2](=[O:1])[O:3][H:10])([H:12])[H:13])([H:14])[H:15])[H:17],10.0,9.0
2,-0.6031699787293162,AM1BCC,OpenEye,,,O,,3,[H:16][C:7]1([C:6]([C:5]([C:4]([C:9]([C:8]1([H:18])[H:19])([H:20])[H:21])([H:11])[C:2](=[O:1])[O:3][H:10])([H:12])[H:13])([H:14])[H:15])[H:17],10.0,9.0
3,-0.1005500044141497,AM1BCC,OpenEye,,,C,,4,[H:16][C:7]1([C:6]([C:5]([C:4]([C:9]([C:8]1([H:18])[H:19])([H:20])[H:21])([H:11])[C:2](=[O:1])[O:3][H:10])([H:12])[H:13])([H:14])[H:15])[H:17],10.0,9.0
4,-0.07328999894005912,AM1BCC,OpenEye,,,C,,5,[H:16][C:7]1([C:6]([C:5]([C:4]([C:9]([C:8]1([H:18])[H:19])([H:20])[H:21])([H:11])[C:2](=[O:1])[O:3][H:10])([H:12])[H:13])([H:14])[H:15])[H:17],10.0,9.0
5,-0.07627999888999122,AM1BCC,OpenEye,,,C,,6,[H:16][C:7]1([C:6]([C:5]([C:4]([C:9]([C:8]1([H:18])[H:19])([H:20])[H:21])([H:11])[C:2](=[O:1])[O:3][H:10])([H:12])[H:13])([H:14])[H:15])[H:17],10.0,9.0
6,-0.08371999966246742,AM1BCC,OpenEye,,,C,,7,[H:16][C:7]1([C:6]([C:5]([C:4]([C:9]([C:8]1([H:18])[H:19])([H:20])[H:21])([H:11])[C:2](=[O:1])[O:3][H:10])([H:12])[H:13])([H:14])[H:15])[H:17],10.0,9.0
7,-0.07627999888999122,AM1BCC,OpenEye,,,C,,8,[H:16][C:7]1([C:6]([C:5]([C:4]([C:9]([C:8]1([H:18])[H:19])([H:20])[H:21])([H:11])[C:2](=[O:1])[O:3][H:10])([H:12])[H:13])([H:14])[H:15])[H:17],10.0,9.0
8,-0.07328999894005912,AM1BCC,OpenEye,,,C,,9,[H:16][C:7]1([C:6]([C:5]([C:4]([C:9]([C:8]1([H:18])[H:19])([H:20])[H:21])([H:11])[C:2](=[O:1])[O:3][H:10])([H:12])[H:13])([H:14])[H:15])[H:17],10.0,9.0
9,0.442730008491448,AM1BCC,OpenEye,,,H,,10,[H:16][C:7]1([C:6]([C:5]([C:4]([C:9]([C:8]1([H:18])[H:19])([H:20])[H:21])([H:11])[C:2](=[O:1])[O:3][H:10])([H:12])[H:13])([H:14])[H:15])[H:17],10.0,9.0
10,0.07735999567168099,AM1BCC,OpenEye,,,H,,11,[H:16][C:7]1([C:6]([C:5]([C:4]([C:9]([C:8]1([H:18])[H:19])([H:20])[H:21])([H:11])[C:2](=[O:1])[O:3][H:10])([H:12])[H:13])([H:14])[H:15])[H:17],10.0,9.0
11,0.05488999826567514,AM1BCC,OpenEye,,,H,,12,[H:16][C:7]1([C:6]([C:5]([C:4]([C:9]([C:8]1([H:18])[H:19])([H:20])[H:21])([H:11])[C:2](=[O:1])[O:3][H:10])([H:12])[H:13])([H:14])[H:15])[H:17],10.0,9.0
12,0.05488999826567514,AM1BCC,OpenEye,,,H,,13,[H:16][C:7]1([C:6]([C:5]([C:4]([C:9]([C:8]1([H:18])[H:19])([H:20])[H:21])([H:11])[C:2](=[O:1])[O:3][H:10])([H:12])[H:13])([H:14])[H:15])[H:17],10.0,9.0
13,0.041469997593334744,AM1BCC,OpenEye,,,H,,14,[H:16][C:7]1([C:6]([C:5]([C:4]([C:9]([C:8]1([H:18])[H:19])([H:20])[H:21])([H:11])[C:2](=[O:1])[O:3][H:10])([H:12])[H:13])([H:14])[H:15])[H:17],10.0,9.0
14,0.041469997593334744,AM1BCC,OpenEye,,,H,,15,[H:16][C:7]1([C:6]([C:5]([C:4]([C:9]([C:8]1([H:18])[H:19])([H:20])[H:21])([H:11])[C:2](=[O:1])[O:3][H:10])([H:12])[H:13])([H:14])[H:15])[H:17],10.0,9.0
15,0.04972999809043748,AM1BCC,OpenEye,,,H,,16,[H:16][C:7]1([C:6]([C:5]([C:4]([C:9]([C:8]1([H:18])[H:19])([H:20])[H:21])([H:11])[C:2](=[O:1])[O:3][H:10])([H:12])[H:13])([H:14])[H:15])[H:17],10.0,9.0
16,0.04972999809043748,AM1BCC,OpenEye,,,H,,17,[H:16][C:7]1([C:6]([C:5]([C:4]([C:9]([C:8]1([H:18])[H:19])([H:20])[H:21])([H:11])[C:2](=[O:1])[O:3][H:10])([H:12])[H:13])([H:14])[H:15])[H:17],10.0,9.0
17,0.041469997593334744,AM1BCC,OpenEye,,,H,,18,[H:16][C:7]1([C:6]([C:5]([C:4]([C:9]([C:8]1([H:18])[H:19])([H:20])[H:21])([H:11])[C:2](=[O:1])[O:3][H:10])([H:12])[H:13])([H:14])[H:15])[H:17],10.0,9.0
18,0.041469997593334744,AM1BCC,OpenEye,,,H,,19,[H:16][C:7]1([C:6]([C:5]([C:4]([C:9]([C:8]1([H:18])[H:19])([H:20])[H:21])([H:11])[C:2](=[O:1])[O:3][H:10])([H:12])[H:13])([H:14])[H:15])[H:17],10.0,9.0
19,0.05488999826567514,AM1BCC,OpenEye,,,H,,20,[H:16][C:7]1([C:6]([C:5]([C:4]([C:9]([C:8]1([H:18])[H:19])([H:20])[H:21])([H:11])[C:2](=[O:1])[O:3][H:10])([H:12])[H:13])([H:14])[H:15])[H:17],10.0,9.0
20,0.05488999826567514,AM1BCC,OpenEye,,,H,,21,[H:16][C:7]1([C:6]([C:5]([C:4]([C:9]([C:8]1([H:18])[H:19])([H:20])[H:21])([H:11])[C:2](=[O:1])[O:3][H:10])([H:12])[H:13])([H:14])[H:15])[H:17],10.0,9.0
0,-0.551,AM1BCC,AmberTools,,,O,,1,[H:16][C:7]1([C:6]([C:5]([C:4]([C:9]([C:8]1([H:18])[H:19])([H:20])[H:21])([H:11])[C:2](=[O:1])[O:3][H:10])([H:12])[H:13])([H:14])[H:15])[H:17],10.0,9.0
1,0.6361,AM1BCC,AmberTools,,,C,,2,[H:16][C:7]1([C:6]([C:5]([C:4]([C:9]([C:8]1([H:18])[H:19])([H:20])[H:21])([H:11])[C:2](=[O:1])[O:3][H:10])([H:12])[H:13])([H:14])[H:15])[H:17],10.0,9.0
2,-0.6111,AM1BCC,AmberTools,,,O,,3,[H:16][C:7]1([C:6]([C:5]([C:4]([C:9]([C:8]1([H:18])[H:19])([H:20])[H:21])([H:11])[C:2](=[O:1])[O:3][H:10])([H:12])[H:13])([H:14])[H:15])[H:17],10.0,9.0
3,-0.1037,AM1BCC,AmberTools,,,C,,4,[H:16][C:7]1([C:6]([C:5]([C:4]([C:9]([C:8]1([H:18])[H:19])([H:20])[H:21])([H:11])[C:2](=[O:1])[O:3][H:10])([H:12])[H:13])([H:14])[H:15])[H:17],10.0,9.0
4,-0.0719,AM1BCC,AmberTools,,,C,,5,[H:16][C:7]1([C:6]([C:5]([C:4]([C:9]([C:8]1([H:18])[H:19])([H:20])[H:21])([H:11])[C:2](=[O:1])[O:3][H:10])([H:12])[H:13])([H:14])[H:15])[H:17],10.0,9.0
5,-0.0784,AM1BCC,AmberTools,,,C,,6,[H:16][C:7]1([C:6]([C:5]([C:4]([C:9]([C:8]1([H:18])[H:19])([H:20])[H:21])([H:11])[C:2](=[O:1])[O:3][H:10])([H:12])[H:13])([H:14])[H:15])[H:17],10.0,9.0
6,-0.0774,AM1BCC,AmberTools,,,C,,7,[H:16][C:7]1([C:6]([C:5]([C:4]([C:9]([C:8]1([H:18])[H:19])([H:20])[H:21])([H:11])[C:2](=[O:1])[O:3][H:10])([H:12])[H:13])([H:14])[H:15])[H:17],10.0,9.0
7,-0.0784,AM1BCC,AmberTools,,,C,,8,[H:16][C:7]1([C:6]([C:5]([C:4]([C:9]([C:8]1([H:18])[H:19])([H:20])[H:21])([H:11])[C:2](=[O:1])[O:3][H:10])([H:12])[H:13])([H:14])[H:15])[H:17],10.0,9.0
8,-0.0719,AM1BCC,AmberTools,,,C,,9,[H:16][C:7]1([C:6]([C:5]([C:4]([C:9]([C:8]1([H:18])[H:19])([H:20])[H:21])([H:11])[C:2](=[O:1])[O:3][H:10])([H:12])[H:13])([H:14])[H:15])[H:17],10.0,9.0
9,0.442,AM1BCC,AmberTools,,,H,,10,[H:16][C:7]1([C:6]([C:5]([C:4]([C:9]([C:8]1([H:18])[H:19])([H:20])[H:21])([H:11])[C:2](=[O:1])[O:3][H:10])([H:12])[H:13])([H:14])[H:15])[H:17],10.0,9.0
10,0.0807,AM1BCC,AmberTools,,,H,,11,[H:16][C:7]1([C:6]([C:5]([C:4]([C:9]([C:8]1([H:18])[H:19])([H:20])[H:21])([H:11])[C:2](=[O:1])[O:3][H:10])([H:12])[H:13])([H:14])[H:15])[H:17],10.0,9.0
11,0.05445,AM1BCC,AmberTools,,,H,,12,[H:16][C:7]1([C:6]([C:5]([C:4]([C:9]([C:8]1([H:18])[H:19])([H:20])[H:21])([H:11])[C:2](=[O:1])[O:3][H:10])([H:12])[H:13])([H:14])[H:15])[H:17],10.0,9.0
12,0.05445,AM1BCC,AmberTools,,,H,,13,[H:16][C:7]1([C:6]([C:5]([C:4]([C:9]([C:8]1([H:18])[H:19])([H:20])[H:21])([H:11])[C:2](=[O:1])[O:3][H:10])([H:12])[H:13])([H:14])[H:15])[H:17],10.0,9.0
13,0.0462,AM1BCC,AmberTools,,,H,,14,[H:16][C:7]1([C:6]([C:5]([C:4]([C:9]([C:8]1([H:18])[H:19])([H:20])[H:21])([H:11])[C:2](=[O:1])[O:3][H:10])([H:12])[H:13])([H:14])[H:15])[H:17],10.0,9.0
14,0.0462,AM1BCC,AmberTools,,,H,,15,[H:16][C:7]1([C:6]([C:5]([C:4]([C:9]([C:8]1([H:18])[H:19])([H:20])[H:21])([H:11])[C:2](=[O:1])[O:3][H:10])([H:12])[H:13])([H:14])[H:15])[H:17],10.0,9.0
15,0.0412,AM1BCC,AmberTools,,,H,,16,[H:16][C:7]1([C:6]([C:5]([C:4]([C:9]([C:8]1([H:18])[H:19])([H:20])[H:21])([H:11])[C:2](=[O:1])[O:3][H:10])([H:12])[H:13])([H:14])[H:15])[H:17],10.0,9.0
16,0.0412,AM1BCC,AmberTools,,,H,,17,[H:16][C:7]1([C:6]([C:5]([C:4]([C:9]([C:8]1([H:18])[H:19])([H:20])[H:21])([H:11])[C:2](=[O:1])[O:3][H:10])([H:12])[H:13])([H:14])[H:15])[H:17],10.0,9.0
17,0.0462,AM1BCC,AmberTools,,,H,,18,[H:16][C:7]1([C:6]([C:5]([C:4]([C:9]([C:8]1([H:18])[H:19])([H:20])[H:21])([H:11])[C:2](=[O:1])[O:3][H:10])([H:12])[H:13])([H:14])[H:15])[H:17],10.0,9.0
18,0.0462,AM1BCC,AmberTools,,,H,,19,[H:16][C:7]1([C:6]([C:5]([C:4]([C:9]([C:8]1([H:18])[H:19])([H:20])[H:21])([H:11])[C:2](=[O:1])[O:3][H:10])([H:12])[H:13])([H:14])[H:15])[H:17],10.0,9.0
19,0.05445,AM1BCC,AmberTools,,,H,,20,[H:16][C:7]1([C:6]([C:5]([C:4]([C:9]([C:8]1([H:18])[H:19])([H:20])[H:21])([H:11])[C:2](=[O:1])[O:3][H:10])([H:12])[H:13])([H:14])[H:15])[H:17],10.0,9.0
20,0.05445,AM1BCC,AmberTools,,,H,,21,[H:16][C:7]1([C:6]([C:5]([C:4]([C:9]([C:8]1([H:18])[H:19])([H:20])[H:21])([H:11])[C:2](=[O:1])[O:3][H:10])([H:12])[H:13])([H:14])[H:15])[H:17],10.0,9.0
0,-0.5538100014839854,AM1BCC,OpenEye,,,O,,1,[H:16][C:7]1([C:6]([C:5]([C:4]([C:9]([C:8]1([H:18])[H:19])([H:20])[H:21])([H:11])[C:2](=[O:1])[O:3][H:10])([H:12])[H:13])([H:14])[H:15])[H:17],10.0,10.0
1,0.6353999961699758,AM1BCC,OpenEye,,,C,,2,[H:16][C:7]1([C:6]([C:5]([C:4]([C:9]([C:8]1([H:18])[H:19])([H:20])[H:21])([H:11])[C:2](=[O:1])[O:3][H:10])([H:12])[H:13])([H:14])[H:15])[H:17],10.0,10.0
2,-0.6031699787293162,AM1BCC,OpenEye,,,O,,3,[H:16][C:7]1([C:6]([C:5]([C:4]([C:9]([C:8]1([H:18])[H:19])([H:20])[H:21])([H:11])[C:2](=[O:1])[O:3][H:10])([H:12])[H:13])([H:14])[H:15])[H:17],10.0,10.0
3,-0.1005500044141497,AM1BCC,OpenEye,,,C,,4,[H:16][C:7]1([C:6]([C:5]([C:4]([C:9]([C:8]1([H:18])[H:19])([H:20])[H:21])([H:11])[C:2](=[O:1])[O:3][H:10])([H:12])[H:13])([H:14])[H:15])[H:17],10.0,10.0
4,-0.07328999894005912,AM1BCC,OpenEye,,,C,,5,[H:16][C:7]1([C:6]([C:5]([C:4]([C:9]([C:8]1([H:18])[H:19])([H:20])[H:21])([H:11])[C:2](=[O:1])[O:3][H:10])([H:12])[H:13])([H:14])[H:15])[H:17],10.0,10.0
5,-0.07627999888999122,AM1BCC,OpenEye,,,C,,6,[H:16][C:7]1([C:6]([C:5]([C:4]([C:9]([C:8]1([H:18])[H:19])([H:20])[H:21])([H:11])[C:2](=[O:1])[O:3][H:10])([H:12])[H:13])([H:14])[H:15])[H:17],10.0,10.0
6,-0.08370000230414527,AM1BCC,OpenEye,,,C,,7,[H:16][C:7]1([C:6]([C:5]([C:4]([C:9]([C:8]1([H:18])[H:19])([H:20])[H:21])([H:11])[C:2](=[O:1])[O:3][H:10])([H:12])[H:13])([H:14])[H:15])[H:17],10.0,10.0
7,-0.07627999888999122,AM1BCC,OpenEye,,,C,,8,[H:16][C:7]1([C:6]([C:5]([C:4]([C:9]([C:8]1([H:18])[H:19])([H:20])[H:21])([H:11])[C:2](=[O:1])[O:3][H:10])([H:12])[H:13])([H:14])[H:15])[H:17],10.0,10.0
8,-0.07328999894005912,AM1BCC,OpenEye,,,C,,9,[H:16][C:7]1([C:6]([C:5]([C:4]([C:9]([C:8]1([H:18])[H:19])([H:20])[H:21])([H:11])[C:2](=[O:1])[O:3][H:10])([H:12])[H:13])([H:14])[H:15])[H:17],10.0,10.0
9,0.442730008491448,AM1BCC,OpenEye,,,H,,10,[H:16][C:7]1([C:6]([C:5]([C:4]([C:9]([C:8]1([H:18])[H:19])([H:20])[H:21])([H:11])[C:2](=[O:1])[O:3][H:10])([H:12])[H:13])([H:14])[H:15])[H:17],10.0,10.0
10,0.07735999567168099,AM1BCC,OpenEye,,,H,,11,[H:16][C:7]1([C:6]([C:5]([C:4]([C:9]([C:8]1([H:18])[H:19])([H:20])[H:21])([H:11])[C:2](=[O:1])[O:3][H:10])([H:12])[H:13])([H:14])[H:15])[H:17],10.0,10.0
11,0.05488999826567514,AM1BCC,OpenEye,,,H,,12,[H:16][C:7]1([C:6]([C:5]([C:4]([C:9]([C:8]1([H:18])[H:19])([H:20])[H:21])([H:11])[C:2](=[O:1])[O:3][H:10])([H:12])[H:13])([H:14])[H:15])[H:17],10.0,10.0
12,0.05488999826567514,AM1BCC,OpenEye,,,H,,13,[H:16][C:7]1([C:6]([C:5]([C:4]([C:9]([C:8]1([H:18])[H:19])([H:20])[H:21])([H:11])[C:2](=[O:1])[O:3][H:10])([H:12])[H:13])([H:14])[H:15])[H:17],10.0,10.0
13,0.041469997593334744,AM1BCC,OpenEye,,,H,,14,[H:16][C:7]1([C:6]([C:5]([C:4]([C:9]([C:8]1([H:18])[H:19])([H:20])[H:21])([H:11])[C:2](=[O:1])[O:3][H:10])([H:12])[H:13])([H:14])[H:15])[H:17],10.0,10.0
14,0.041469997593334744,AM1BCC,OpenEye,,,H,,15,[H:16][C:7]1([C:6]([C:5]([C:4]([C:9]([C:8]1([H:18])[H:19])([H:20])[H:21])([H:11])[C:2](=[O:1])[O:3][H:10])([H:12])[H:13])([H:14])[H:15])[H:17],10.0,10.0
15,0.04971999941127641,AM1BCC,OpenEye,,,H,,16,[H:16][C:7]1([C:6]([C:5]([C:4]([C:9]([C:8]1([H:18])[H:19])([H:20])[H:21])([H:11])[C:2](=[O:1])[O:3][H:10])([H:12])[H:13])([H:14])[H:15])[H:17],10.0,10.0
16,0.04971999941127641,AM1BCC,OpenEye,,,H,,17,[H:16][C:7]1([C:6]([C:5]([C:4]([C:9]([C:8]1([H:18])[H:19])([H:20])[H:21])([H:11])[C:2](=[O:1])[O:3][H:10])([H:12])[H:13])([H:14])[H:15])[H:17],10.0,10.0
17,0.041469997593334744,AM1BCC,OpenEye,,,H,,18,[H:16][C:7]1([C:6]([C:5]([C:4]([C:9]([C:8]1([H:18])[H:19])([H:20])[H:21])([H:11])[C:2](=[O:1])[O:3][H:10])([H:12])[H:13])([H:14])[H:15])[H:17],10.0,10.0
18,0.041469997593334744,AM1BCC,OpenEye,,,H,,19,[H:16][C:7]1([C:6]([C:5]([C:4]([C:9]([C:8]1([H:18])[H:19])([H:20])[H:21])([H:11])[C:2](=[O:1])[O:3][H:10])([H:12])[H:13])([H:14])[H:15])[H:17],10.0,10.0
19,0.05488999826567514,AM1BCC,OpenEye,,,H,,20,[H:16][C:7]1([C:6]([C:5]([C:4]([C:9]([C:8]1([H:18])[H:19])([H:20])[H:21])([H:11])[C:2](=[O:1])[O:3][H:10])([H:12])[H:13])([H:14])[H:15])[H:17],10.0,10.0
20,0.05488999826567514,AM1BCC,OpenEye,,,H,,21,[H:16][C:7]1([C:6]([C:5]([C:4]([C:9]([C:8]1([H:18])[H:19])([H:20])[H:21])([H:11])[C:2](=[O:1])[O:3][H:10])([H:12])[H:13])([H:14])[H:15])[H:17],10.0,10.0
0,-0.551,AM1BCC,AmberTools,,,O,,1,[H:16][C:7]1([C:6]([C:5]([C:4]([C:9]([C:8]1([H:18])[H:19])([H:20])[H:21])([H:11])[C:2](=[O:1])[O:3][H:10])([H:12])[H:13])([H:14])[H:15])[H:17],10.0,10.0
1,0.6361,AM1BCC,AmberTools,,,C,,2,[H:16][C:7]1([C:6]([C:5]([C:4]([C:9]([C:8]1([H:18])[H:19])([H:20])[H:21])([H:11])[C:2](=[O:1])[O:3][H:10])([H:12])[H:13])([H:14])[H:15])[H:17],10.0,10.0
2,-0.6111,AM1BCC,AmberTools,,,O,,3,[H:16][C:7]1([C:6]([C:5]([C:4]([C:9]([C:8]1([H:18])[H:19])([H:20])[H:21])([H:11])[C:2](=[O:1])[O:3][H:10])([H:12])[H:13])([H:14])[H:15])[H:17],10.0,10.0
3,-0.1037,AM1BCC,AmberTools,,,C,,4,[H:16][C:7]1([C:6]([C:5]([C:4]([C:9]([C:8]1([H:18])[H:19])([H:20])[H:21])([H:11])[C:2](=[O:1])[O:3][H:10])([H:12])[H:13])([H:14])[H:15])[H:17],10.0,10.0
4,-0.0719,AM1BCC,AmberTools,,,C,,5,[H:16][C:7]1([C:6]([C:5]([C:4]([C:9]([C:8]1([H:18])[H:19])([H:20])[H:21])([H:11])[C:2](=[O:1])[O:3][H:10])([H:12])[H:13])([H:14])[H:15])[H:17],10.0,10.0
5,-0.0784,AM1BCC,AmberTools,,,C,,6,[H:16][C:7]1([C:6]([C:5]([C:4]([C:9]([C:8]1([H:18])[H:19])([H:20])[H:21])([H:11])[C:2](=[O:1])[O:3][H:10])([H:12])[H:13])([H:14])[H:15])[H:17],10.0,10.0
6,-0.0774,AM1BCC,AmberTools,,,C,,7,[H:16][C:7]1([C:6]([C:5]([C:4]([C:9]([C:8]1([H:18])[H:19])([H:20])[H:21])([H:11])[C:2](=[O:1])[O:3][H:10])([H:12])[H:13])([H:14])[H:15])[H:17],10.0,10.0
7,-0.0784,AM1BCC,AmberTools,,,C,,8,[H:16][C:7]1([C:6]([C:5]([C:4]([C:9]([C:8]1([H:18])[H:19])([H:20])[H:21])([H:11])[C:2](=[O:1])[O:3][H:10])([H:12])[H:13])([H:14])[H:15])[H:17],10.0,10.0
8,-0.0719,AM1BCC,AmberTools,,,C,,9,[H:16][C:7]1([C:6]([C:5]([C:4]([C:9]([C:8]1([H:18])[H:19])([H:20])[H:21])([H:11])[C:2](=[O:1])[O:3][H:10])([H:12])[H:13])([H:14])[H:15])[H:17],10.0,10.0
9,0.442,AM1BCC,AmberTools,,,H,,10,[H:16][C:7]1([C:6]([C:5]([C:4]([C:9]([C:8]1([H:18])[H:19])([H:20])[H:21])([H:11])[C:2](=[O:1])[O:3][H:10])([H:12])[H:13])([H:14])[H:15])[H:17],10.0,10.0
10,0.0807,AM1BCC,AmberTools,,,H,,11,[H:16][C:7]1([C:6]([C:5]([C:4]([C:9]([C:8]1([H:18])[H:19])([H:20])[H:21])([H:11])[C:2](=[O:1])[O:3][H:10])([H:12])[H:13])([H:14])[H:15])[H:17],10.0,10.0
11,0.05445,AM1BCC,AmberTools,,,H,,12,[H:16][C:7]1([C:6]([C:5]([C:4]([C:9]([C:8]1([H:18])[H:19])([H:20])[H:21])([H:11])[C:2](=[O:1])[O:3][H:10])([H:12])[H:13])([H:14])[H:15])[H:17],10.0,10.0
12,0.05445,AM1BCC,AmberTools,,,H,,13,[H:16][C:7]1([C:6]([C:5]([C:4]([C:9]([C:8]1([H:18])[H:19])([H:20])[H:21])([H:11])[C:2](=[O:1])[O:3][H:10])([H:12])[H:13])([H:14])[H:15])[H:17],10.0,10.0
13,0.0462,AM1BCC,AmberTools,,,H,,14,[H:16][C:7]1([C:6]([C:5]([C:4]([C:9]([C:8]1([H:18])[H:19])([H:20])[H:21])([H:11])[C:2](=[O:1])[O:3][H:10])([H:12])[H:13])([H:14])[H:15])[H:17],10.0,10.0
14,0.0462,AM1BCC,AmberTools,,,H,,15,[H:16][C:7]1([C:6]([C:5]([C:4]([C:9]([C:8]1([H:18])[H:19])([H:20])[H:21])([H:11])[C:2](=[O:1])[O:3][H:10])([H:12])[H:13])([H:14])[H:15])[H:17],10.0,10.0
15,0.0412,AM1BCC,AmberTools,,,H,,16,[H:16][C:7]1([C:6]([C:5]([C:4]([C:9]([C:8]1([H:18])[H:19])([H:20])[H:21])([H:11])[C:2](=[O:1])[O:3][H:10])([H:12])[H:13])([H:14])[H:15])[H:17],10.0,10.0
16,0.0412,AM1BCC,AmberTools,,,H,,17,[H:16][C:7]1([C:6]([C:5]([C:4]([C:9]([C:8]1([H:18])[H:19])([H:20])[H:21])([H:11])[C:2](=[O:1])[O:3][H:10])([H:12])[H:13])([H:14])[H:15])[H:17],10.0,10.0
17,0.0462,AM1BCC,AmberTools,,,H,,18,[H:16][C:7]1([C:6]([C:5]([C:4]([C:9]([C:8]1([H:18])[H:19])([H:20])[H:21])([H:11])[C:2](=[O:1])[O:3][H:10])([H:12])[H:13])([H:14])[H:15])[H:17],10.0,10.0
18,0.0462,AM1BCC,AmberTools,,,H,,19,[H:16][C:7]1([C:6]([C:5]([C:4]([C:9]([C:8]1([H:18])[H:19])([H:20])[H:21])([H:11])[C:2](=[O:1])[O:3][H:10])([H:12])[H:13])([H:14])[H:15])[H:17],10.0,10.0
19,0.05445,AM1BCC,AmberTools,,,H,,20,[H:16][C:7]1([C:6]([C:5]([C:4]([C:9]([C:8]1([H:18])[H:19])([H:20])[H:21])([H:11])[C:2](=[O:1])[O:3][H:10])([H:12])[H:13])([H:14])[H:15])[H:17],10.0,10.0
20,0.05445,AM1BCC,AmberTools,,,H,,21,[H:16][C:7]1([C:6]([C:5]([C:4]([C:9]([C:8]1([H:18])[H:19])([H:20])[H:21])([H:11])[C:2](=[O:1])[O:3][H:10])([H:12])[H:13])([H:14])[H:15])[H:17],10.0,10.0
0,-0.5538100014839854,AM1BCC,OpenEye,,,O,,1,[H:16][C:7]1([C:6]([C:5]([C:4]([C:9]([C:8]1([H:18])[H:19])([H:20])[H:21])([H:11])[C:2](=[O:1])[O:3][H:10])([H:12])[H:13])([H:14])[H:15])[H:17],10.0,11.0
1,0.6353999961699758,AM1BCC,OpenEye,,,C,,2,[H:16][C:7]1([C:6]([C:5]([C:4]([C:9]([C:8]1([H:18])[H:19])([H:20])[H:21])([H:11])[C:2](=[O:1])[O:3][H:10])([H:12])[H:13])([H:14])[H:15])[H:17],10.0,11.0
2,-0.6031699787293162,AM1BCC,OpenEye,,,O,,3,[H:16][C:7]1([C:6]([C:5]([C:4]([C:9]([C:8]1([H:18])[H:19])([H:20])[H:21])([H:11])[C:2](=[O:1])[O:3][H:10])([H:12])[H:13])([H:14])[H:15])[H:17],10.0,11.0
3,-0.1005500044141497,AM1BCC,OpenEye,,,C,,4,[H:16][C:7]1([C:6]([C:5]([C:4]([C:9]([C:8]1([H:18])[H:19])([H:20])[H:21])([H:11])[C:2](=[O:1])[O:3][H:10])([H:12])[H:13])([H:14])[H:15])[H:17],10.0,11.0
4,-0.07328999894005912,AM1BCC,OpenEye,,,C,,5,[H:16][C:7]1([C:6]([C:5]([C:4]([C:9]([C:8]1([H:18])[H:19])([H:20])[H:21])([H:11])[C:2](=[O:1])[O:3][H:10])([H:12])[H:13])([H:14])[H:15])[H:17],10.0,11.0
5,-0.07627999888999122,AM1BCC,OpenEye,,,C,,6,[H:16][C:7]1([C:6]([C:5]([C:4]([C:9]([C:8]1([H:18])[H:19])([H:20])[H:21])([H:11])[C:2](=[O:1])[O:3][H:10])([H:12])[H:13])([H:14])[H:15])[H:17],10.0,11.0
6,-0.08370000230414527,AM1BCC,OpenEye,,,C,,7,[H:16][C:7]1([C:6]([C:5]([C:4]([C:9]([C:8]1([H:18])[H:19])([H:20])[H:21])([H:11])[C:2](=[O:1])[O:3][H:10])([H:12])[H:13])([H:14])[H:15])[H:17],10.0,11.0
7,-0.07627999888999122,AM1BCC,OpenEye,,,C,,8,[H:16][C:7]1([C:6]([C:5]([C:4]([C:9]([C:8]1([H:18])[H:19])([H:20])[H:21])([H:11])[C:2](=[O:1])[O:3][H:10])([H:12])[H:13])([H:14])[H:15])[H:17],10.0,11.0
8,-0.07328999894005912,AM1BCC,OpenEye,,,C,,9,[H:16][C:7]1([C:6]([C:5]([C:4]([C:9]([C:8]1([H:18])[H:19])([H:20])[H:21])([H:11])[C:2](=[O:1])[O:3][H:10])([H:12])[H:13])([H:14])[H:15])[H:17],10.0,11.0
9,0.442730008491448,AM1BCC,OpenEye,,,H,,10,[H:16][C:7]1([C:6]([C:5]([C:4]([C:9]([C:8]1([H:18])[H:19])([H:20])[H:21])([H:11])[C:2](=[O:1])[O:3][H:10])([H:12])[H:13])([H:14])[H:15])[H:17],10.0,11.0
10,0.07735999567168099,AM1BCC,OpenEye,,,H,,11,[H:16][C:7]1([C:6]([C:5]([C:4]([C:9]([C:8]1([H:18])[H:19])([H:20])[H:21])([H:11])[C:2](=[O:1])[O:3][H:10])([H:12])[H:13])([H:14])[H:15])[H:17],10.0,11.0
11,0.05488999826567514,AM1BCC,OpenEye,,,H,,12,[H:16][C:7]1([C:6]([C:5]([C:4]([C:9]([C:8]1([H:18])[H:19])([H:20])[H:21])([H:11])[C:2](=[O:1])[O:3][H:10])([H:12])[H:13])([H:14])[H:15])[H:17],10.0,11.0
12,0.05488999826567514,AM1BCC,OpenEye,,,H,,13,[H:16][C:7]1([C:6]([C:5]([C:4]([C:9]([C:8]1([H:18])[H:19])([H:20])[H:21])([H:11])[C:2](=[O:1])[O:3][H:10])([H:12])[H:13])([H:14])[H:15])[H:17],10.0,11.0
13,0.041469997593334744,AM1BCC,OpenEye,,,H,,14,[H:16][C:7]1([C:6]([C:5]([C:4]([C:9]([C:8]1([H:18])[H:19])([H:20])[H:21])([H:11])[C:2](=[O:1])[O:3][H:10])([H:12])[H:13])([H:14])[H:15])[H:17],10.0,11.0
14,0.041469997593334744,AM1BCC,OpenEye,,,H,,15,[H:16][C:7]1([C:6]([C:5]([C:4]([C:9]([C:8]1([H:18])[H:19])([H:20])[H:21])([H:11])[C:2](=[O:1])[O:3][H:10])([H:12])[H:13])([H:14])[H:15])[H:17],10.0,11.0
15,0.04971999941127641,AM1BCC,OpenEye,,,H,,16,[H:16][C:7]1([C:6]([C:5]([C:4]([C:9]([C:8]1([H:18])[H:19])([H:20])[H:21])([H:11])[C:2](=[O:1])[O:3][H:10])([H:12])[H:13])([H:14])[H:15])[H:17],10.0,11.0
16,0.04971999941127641,AM1BCC,OpenEye,,,H,,17,[H:16][C:7]1([C:6]([C:5]([C:4]([C:9]([C:8]1([H:18])[H:19])([H:20])[H:21])([H:11])[C:2](=[O:1])[O:3][H:10])([H:12])[H:13])([H:14])[H:15])[H:17],10.0,11.0
17,0.041469997593334744,AM1BCC,OpenEye,,,H,,18,[H:16][C:7]1([C:6]([C:5]([C:4]([C:9]([C:8]1([H:18])[H:19])([H:20])[H:21])([H:11])[C:2](=[O:1])[O:3][H:10])([H:12])[H:13])([H:14])[H:15])[H:17],10.0,11.0
18,0.041469997593334744,AM1BCC,OpenEye,,,H,,19,[H:16][C:7]1([C:6]([C:5]([C:4]([C:9]([C:8]1([H:18])[H:19])([H:20])[H:21])([H:11])[C:2](=[O:1])[O:3][H:10])([H:12])[H:13])([H:14])[H:15])[H:17],10.0,11.0
19,0.05488999826567514,AM1BCC,OpenEye,,,H,,20,[H:16][C:7]1([C:6]([C:5]([C:4]([C:9]([C:8]1([H:18])[H:19])([H:20])[H:21])([H:11])[C:2](=[O:1])[O:3][H:10])([H:12])[H:13])([H:14])[H:15])[H:17],10.0,11.0
20,0.05488999826567514,AM1BCC,OpenEye,,,H,,21,[H:16][C:7]1([C:6]([C:5]([C:4]([C:9]([C:8]1([H:18])[H:19])([H:20])[H:21])([H:11])[C:2](=[O:1])[O:3][H:10])([H:12])[H:13])([H:14])[H:15])[H:17],10.0,11.0
0,-0.551,AM1BCC,AmberTools,,,O,,1,[H:16][C:7]1([C:6]([C:5]([C:4]([C:9]([C:8]1([H:18])[H:19])([H:20])[H:21])([H:11])[C:2](=[O:1])[O:3][H:10])([H:12])[H:13])([H:14])[H:15])[H:17],10.0,11.0
1,0.6361,AM1BCC,AmberTools,,,C,,2,[H:16][C:7]1([C:6]([C:5]([C:4]([C:9]([C:8]1([H:18])[H:19])([H:20])[H:21])([H:11])[C:2](=[O:1])[O:3][H:10])([H:12])[H:13])([H:14])[H:15])[H:17],10.0,11.0
2,-0.6111,AM1BCC,AmberTools,,,O,,3,[H:16][C:7]1([C:6]([C:5]([C:4]([C:9]([C:8]1([H:18])[H:19])([H:20])[H:21])([H:11])[C:2](=[O:1])[O:3][H:10])([H:12])[H:13])([H:14])[H:15])[H:17],10.0,11.0
3,-0.1037,AM1BCC,AmberTools,,,C,,4,[H:16][C:7]1([C:6]([C:5]([C:4]([C:9]([C:8]1([H:18])[H:19])([H:20])[H:21])([H:11])[C:2](=[O:1])[O:3][H:10])([H:12])[H:13])([H:14])[H:15])[H:17],10.0,11.0
4,-0.0719,AM1BCC,AmberTools,,,C,,5,[H:16][C:7]1([C:6]([C:5]([C:4]([C:9]([C:8]1([H:18])[H:19])([H:20])[H:21])([H:11])[C:2](=[O:1])[O:3][H:10])([H:12])[H:13])([H:14])[H:15])[H:17],10.0,11.0
5,-0.0784,AM1BCC,AmberTools,,,C,,6,[H:16][C:7]1([C:6]([C:5]([C:4]([C:9]([C:8]1([H:18])[H:19])([H:20])[H:21])([H:11])[C:2](=[O:1])[O:3][H:10])([H:12])[H:13])([H:14])[H:15])[H:17],10.0,11.0
6,-0.0774,AM1BCC,AmberTools,,,C,,7,[H:16][C:7]1([C:6]([C:5]([C:4]([C:9]([C:8]1([H:18])[H:19])([H:20])[H:21])([H:11])[C:2](=[O:1])[O:3][H:10])([H:12])[H:13])([H:14])[H:15])[H:17],10.0,11.0
7,-0.0784,AM1BCC,AmberTools,,,C,,8,[H:16][C:7]1([C:6]([C:5]([C:4]([C:9]([C:8]1([H:18])[H:19])([H:20])[H:21])([H:11])[C:2](=[O:1])[O:3][H:10])([H:12])[H:13])([H:14])[H:15])[H:17],10.0,11.0
8,-0.0719,AM1BCC,AmberTools,,,C,,9,[H:16][C:7]1([C:6]([C:5]([C:4]([C:9]([C:8]1([H:18])[H:19])([H:20])[H:21])([H:11])[C:2](=[O:1])[O:3][H:10])([H:12])[H:13])([H:14])[H:15])[H:17],10.0,11.0
9,0.442,AM1BCC,AmberTools,,,H,,10,[H:16][C:7]1([C:6]([C:5]([C:4]([C:9]([C:8]1([H:18])[H:19])([H:20])[H:21])([H:11])[C:2](=[O:1])[O:3][H:10])([H:12])[H:13])([H:14])[H:15])[H:17],10.0,11.0
10,0.0807,AM1BCC,AmberTools,,,H,,11,[H:16][C:7]1([C:6]([C:5]([C:4]([C:9]([C:8]1([H:18])[H:19])([H:20])[H:21])([H:11])[C:2](=[O:1])[O:3][H:10])([H:12])[H:13])([H:14])[H:15])[H:17],10.0,11.0
11,0.05445,AM1BCC,AmberTools,,,H,,12,[H:16][C:7]1([C:6]([C:5]([C:4]([C:9]([C:8]1([H:18])[H:19])([H:20])[H:21])([H:11])[C:2](=[O:1])[O:3][H:10])([H:12])[H:13])([H:14])[H:15])[H:17],10.0,11.0
12,0.05445,AM1BCC,AmberTools,,,H,,13,[H:16][C:7]1([C:6]([C:5]([C:4]([C:9]([C:8]1([H:18])[H:19])([H:20])[H:21])([H:11])[C:2](=[O:1])[O:3][H:10])([H:12])[H:13])([H:14])[H:15])[H:17],10.0,11.0
13,0.0462,AM1BCC,AmberTools,,,H,,14,[H:16][C:7]1([C:6]([C:5]([C:4]([C:9]([C:8]1([H:18])[H:19])([H:20])[H:21])([H:11])[C:2](=[O:1])[O:3][H:10])([H:12])[H:13])([H:14])[H:15])[H:17],10.0,11.0
14,0.0462,AM1BCC,AmberTools,,,H,,15,[H:16][C:7]1([C:6]([C:5]([C:4]([C:9]([C:8]1([H:18])[H:19])([H:20])[H:21])([H:11])[C:2](=[O:1])[O:3][H:10])([H:12])[H:13])([H:14])[H:15])[H:17],10.0,11.0
15,0.0412,AM1BCC,AmberTools,,,H,,16,[H:16][C:7]1([C:6]([C:5]([C:4]([C:9]([C:8]1([H:18])[H:19])([H:20])[H:21])([H:11])[C:2](=[O:1])[O:3][H:10])([H:12])[H:13])([H:14])[H:15])[H:17],10.0,11.0
16,0.0412,AM1BCC,AmberTools,,,H,,17,[H:16][C:7]1([C:6]([C:5]([C:4]([C:9]([C:8]1([H:18])[H:19])([H:20])[H:21])([H:11])[C:2](=[O:1])[O:3][H:10])([H:12])[H:13])([H:14])[H:15])[H:17],10.0,11.0
17,0.0462,AM1BCC,AmberTools,,,H,,18,[H:16][C:7]1([C:6]([C:5]([C:4]([C:9]([C:8]1([H:18])[H:19])([H:20])[H:21])([H:11])[C:2](=[O:1])[O:3][H:10])([H:12])[H:13])([H:14])[H:15])[H:17],10.0,11.0
18,0.0462,AM1BCC,AmberTools,,,H,,19,[H:16][C:7]1([C:6]([C:5]([C:4]([C:9]([C:8]1([H:18])[H:19])([H:20])[H:21])([H:11])[C:2](=[O:1])[O:3][H:10])([H:12])[H:13])([H:14])[H:15])[H:17],10.0,11.0
19,0.05445,AM1BCC,AmberTools,,,H,,20,[H:16][C:7]1([C:6]([C:5]([C:4]([C:9]([C:8]1([H:18])[H:19])([H:20])[H:21])([H:11])[C:2](=[O:1])[O:3][H:10])([H:12])[H:13])([H:14])[H:15])[H:17],10.0,11.0
20,0.05445,AM1BCC,AmberTools,,,H,,21,[H:16][C:7]1([C:6]([C:5]([C:4]([C:9]([C:8]1([H:18])[H:19])([H:20])[H:21])([H:11])[C:2](=[O:1])[O:3][H:10])([H:12])[H:13])([H:14])[H:15])[H:17],10.0,11.0
0,-0.5538100018387749,AM1BCC,OpenEye,,,O,,1,[H:16][C:7]1([C:6]([C:5]([C:4]([C:9]([C:8]1([H:18])[H:19])([H:20])[H:21])([H:11])[C:2](=[O:1])[O:3][H:10])([H:12])[H:13])([H:14])[H:15])[H:17],10.0,12.0
1,0.6353999958151862,AM1BCC,OpenEye,,,C,,2,[H:16][C:7]1([C:6]([C:5]([C:4]([C:9]([C:8]1([H:18])[H:19])([H:20])[H:21])([H:11])[C:2](=[O:1])[O:3][H:10])([H:12])[H:13])([H:14])[H:15])[H:17],10.0,12.0
2,-0.6031699790841057,AM1BCC,OpenEye,,,O,,3,[H:16][C:7]1([C:6]([C:5]([C:4]([C:9]([C:8]1([H:18])[H:19])([H:20])[H:21])([H:11])[C:2](=[O:1])[O:3][H:10])([H:12])[H:13])([H:14])[H:15])[H:17],10.0,12.0
3,-0.10055000476893924,AM1BCC,OpenEye,,,C,,4,[H:16][C:7]1([C:6]([C:5]([C:4]([C:9]([C:8]1([H:18])[H:19])([H:20])[H:21])([H:11])[C:2](=[O:1])[O:3][H:10])([H:12])[H:13])([H:14])[H:15])[H:17],10.0,12.0
4,-0.07328999929484867,AM1BCC,OpenEye,,,C,,5,[H:16][C:7]1([C:6]([C:5]([C:4]([C:9]([C:8]1([H:18])[H:19])([H:20])[H:21])([H:11])[C:2](=[O:1])[O:3][H:10])([H:12])[H:13])([H:14])[H:15])[H:17],10.0,12.0
5,-0.07627999924478077,AM1BCC,OpenEye,,,C,,6,[H:16][C:7]1([C:6]([C:5]([C:4]([C:9]([C:8]1([H:18])[H:19])([H:20])[H:21])([H:11])[C:2](=[O:1])[O:3][H:10])([H:12])[H:13])([H:14])[H:15])[H:17],10.0,12.0
6,-0.08372999869641803,AM1BCC,OpenEye,,,C,,7,[H:16][C:7]1([C:6]([C:5]([C:4]([C:9]([C:8]1([H:18])[H:19])([H:20])[H:21])([H:11])[C:2](=[O:1])[O:3][H:10])([H:12])[H:13])([H:14])[H:15])[H:17],10.0,12.0
7,-0.07627999924478077,AM1BCC,OpenEye,,,C,,8,[H:16][C:7]1([C:6]([C:5]([C:4]([C:9]([C:8]1([H:18])[H:19])([H:20])[H:21])([H:11])[C:2](=[O:1])[O:3][H:10])([H:12])[H:13])([H:14])[H:15])[H:17],10.0,12.0
8,-0.07328999929484867,AM1BCC,OpenEye,,,C,,9,[H:16][C:7]1([C:6]([C:5]([C:4]([C:9]([C:8]1([H:18])[H:19])([H:20])[H:21])([H:11])[C:2](=[O:1])[O:3][H:10])([H:12])[H:13])([H:14])[H:15])[H:17],10.0,12.0
9,0.4427300081366584,AM1BCC,OpenEye,,,H,,10,[H:16][C:7]1([C:6]([C:5]([C:4]([C:9]([C:8]1([H:18])[H:19])([H:20])[H:21])([H:11])[C:2](=[O:1])[O:3][H:10])([H:12])[H:13])([H:14])[H:15])[H:17],10.0,12.0
10,0.07737000144663311,AM1BCC,OpenEye,,,H,,11,[H:16][C:7]1([C:6]([C:5]([C:4]([C:9]([C:8]1([H:18])[H:19])([H:20])[H:21])([H:11])[C:2](=[O:1])[O:3][H:10])([H:12])[H:13])([H:14])[H:15])[H:17],10.0,12.0
11,0.054889997910885585,AM1BCC,OpenEye,,,H,,12,[H:16][C:7]1([C:6]([C:5]([C:4]([C:9]([C:8]1([H:18])[H:19])([H:20])[H:21])([H:11])[C:2](=[O:1])[O:3][H:10])([H:12])[H:13])([H:14])[H:15])[H:17],10.0,12.0
12,0.054889997910885585,AM1BCC,OpenEye,,,H,,13,[H:16][C:7]1([C:6]([C:5]([C:4]([C:9]([C:8]1([H:18])[H:19])([H:20])[H:21])([H:11])[C:2](=[O:1])[O:3][H:10])([H:12])[H:13])([H:14])[H:15])[H:17],10.0,12.0
13,0.04146999723854519,AM1BCC,OpenEye,,,H,,14,[H:16][C:7]1([C:6]([C:5]([C:4]([C:9]([C:8]1([H:18])[H:19])([H:20])[H:21])([H:11])[C:2](=[O:1])[O:3][H:10])([H:12])[H:13])([H:14])[H:15])[H:17],10.0,12.0
14,0.04146999723854519,AM1BCC,OpenEye,,,H,,15,[H:16][C:7]1([C:6]([C:5]([C:4]([C:9]([C:8]1([H:18])[H:19])([H:20])[H:21])([H:11])[C:2](=[O:1])[O:3][H:10])([H:12])[H:13])([H:14])[H:15])[H:17],10.0,12.0
15,0.04972999773564793,AM1BCC,OpenEye,,,H,,16,[H:16][C:7]1([C:6]([C:5]([C:4]([C:9]([C:8]1([H:18])[H:19])([H:20])[H:21])([H:11])[C:2](=[O:1])[O:3][H:10])([H:12])[H:13])([H:14])[H:15])[H:17],10.0,12.0
16,0.04972999773564793,AM1BCC,OpenEye,,,H,,17,[H:16][C:7]1([C:6]([C:5]([C:4]([C:9]([C:8]1([H:18])[H:19])([H:20])[H:21])([H:11])[C:2](=[O:1])[O:3][H:10])([H:12])[H:13])([H:14])[H:15])[H:17],10.0,12.0
17,0.04146999723854519,AM1BCC,OpenEye,,,H,,18,[H:16][C:7]1([C:6]([C:5]([C:4]([C:9]([C:8]1([H:18])[H:19])([H:20])[H:21])([H:11])[C:2](=[O:1])[O:3][H:10])([H:12])[H:13])([H:14])[H:15])[H:17],10.0,12.0
18,0.04146999723854519,AM1BCC,OpenEye,,,H,,19,[H:16][C:7]1([C:6]([C:5]([C:4]([C:9]([C:8]1([H:18])[H:19])([H:20])[H:21])([H:11])[C:2](=[O:1])[O:3][H:10])([H:12])[H:13])([H:14])[H:15])[H:17],10.0,12.0
19,0.054889997910885585,AM1BCC,OpenEye,,,H,,20,[H:16][C:7]1([C:6]([C:5]([C:4]([C:9]([C:8]1([H:18])[H:19])([H:20])[H:21])([H:11])[C:2](=[O:1])[O:3][H:10])([H:12])[H:13])([H:14])[H:15])[H:17],10.0,12.0
20,0.054889997910885585,AM1BCC,OpenEye,,,H,,21,[H:16][C:7]1([C:6]([C:5]([C:4]([C:9]([C:8]1([H:18])[H:19])([H:20])[H:21])([H:11])[C:2](=[O:1])[O:3][H:10])([H:12])[H:13])([H:14])[H:15])[H:17],10.0,12.0
0,-0.551,AM1BCC,AmberTools,,,O,,1,[H:16][C:7]1([C:6]([C:5]([C:4]([C:9]([C:8]1([H:18])[H:19])([H:20])[H:21])([H:11])[C:2](=[O:1])[O:3][H:10])([H:12])[H:13])([H:14])[H:15])[H:17],10.0,12.0
1,0.6361,AM1BCC,AmberTools,,,C,,2,[H:16][C:7]1([C:6]([C:5]([C:4]([C:9]([C:8]1([H:18])[H:19])([H:20])[H:21])([H:11])[C:2](=[O:1])[O:3][H:10])([H:12])[H:13])([H:14])[H:15])[H:17],10.0,12.0
2,-0.6111,AM1BCC,AmberTools,,,O,,3,[H:16][C:7]1([C:6]([C:5]([C:4]([C:9]([C:8]1([H:18])[H:19])([H:20])[H:21])([H:11])[C:2](=[O:1])[O:3][H:10])([H:12])[H:13])([H:14])[H:15])[H:17],10.0,12.0
3,-0.1037,AM1BCC,AmberTools,,,C,,4,[H:16][C:7]1([C:6]([C:5]([C:4]([C:9]([C:8]1([H:18])[H:19])([H:20])[H:21])([H:11])[C:2](=[O:1])[O:3][H:10])([H:12])[H:13])([H:14])[H:15])[H:17],10.0,12.0
4,-0.0719,AM1BCC,AmberTools,,,C,,5,[H:16][C:7]1([C:6]([C:5]([C:4]([C:9]([C:8]1([H:18])[H:19])([H:20])[H:21])([H:11])[C:2](=[O:1])[O:3][H:10])([H:12])[H:13])([H:14])[H:15])[H:17],10.0,12.0
5,-0.0784,AM1BCC,AmberTools,,,C,,6,[H:16][C:7]1([C:6]([C:5]([C:4]([C:9]([C:8]1([H:18])[H:19])([H:20])[H:21])([H:11])[C:2](=[O:1])[O:3][H:10])([H:12])[H:13])([H:14])[H:15])[H:17],10.0,12.0
6,-0.0774,AM1BCC,AmberTools,,,C,,7,[H:16][C:7]1([C:6]([C:5]([C:4]([C:9]([C:8]1([H:18])[H:19])([H:20])[H:21])([H:11])[C:2](=[O:1])[O:3][H:10])([H:12])[H:13])([H:14])[H:15])[H:17],10.0,12.0
7,-0.0784,AM1BCC,AmberTools,,,C,,8,[H:16][C:7]1([C:6]([C:5]([C:4]([C:9]([C:8]1([H:18])[H:19])([H:20])[H:21])([H:11])[C:2](=[O:1])[O:3][H:10])([H:12])[H:13])([H:14])[H:15])[H:17],10.0,12.0
8,-0.0719,AM1BCC,AmberTools,,,C,,9,[H:16][C:7]1([C:6]([C:5]([C:4]([C:9]([C:8]1([H:18])[H:19])([H:20])[H:21])([H:11])[C:2](=[O:1])[O:3][H:10])([H:12])[H:13])([H:14])[H:15])[H:17],10.0,12.0
9,0.442,AM1BCC,AmberTools,,,H,,10,[H:16][C:7]1([C:6]([C:5]([C:4]([C:9]([C:8]1([H:18])[H:19])([H:20])[H:21])([H:11])[C:2](=[O:1])[O:3][H:10])([H:12])[H:13])([H:14])[H:15])[H:17],10.0,12.0
10,0.0807,AM1BCC,AmberTools,,,H,,11,[H:16][C:7]1([C:6]([C:5]([C:4]([C:9]([C:8]1([H:18])[H:19])([H:20])[H:21])([H:11])[C:2](=[O:1])[O:3][H:10])([H:12])[H:13])([H:14])[H:15])[H:17],10.0,12.0
11,0.05445,AM1BCC,AmberTools,,,H,,12,[H:16][C:7]1([C:6]([C:5]([C:4]([C:9]([C:8]1([H:18])[H:19])([H:20])[H:21])([H:11])[C:2](=[O:1])[O:3][H:10])([H:12])[H:13])([H:14])[H:15])[H:17],10.0,12.0
12,0.05445,AM1BCC,AmberTools,,,H,,13,[H:16][C:7]1([C:6]([C:5]([C:4]([C:9]([C:8]1([H:18])[H:19])([H:20])[H:21])([H:11])[C:2](=[O:1])[O:3][H:10])([H:12])[H:13])([H:14])[H:15])[H:17],10.0,12.0
13,0.0462,AM1BCC,AmberTools,,,H,,14,[H:16][C:7]1([C:6]([C:5]([C:4]([C:9]([C:8]1([H:18])[H:19])([H:20])[H:21])([H:11])[C:2](=[O:1])[O:3][H:10])([H:12])[H:13])([H:14])[H:15])[H:17],10.0,12.0
14,0.0462,AM1BCC,AmberTools,,,H,,15,[H:16][C:7]1([C:6]([C:5]([C:4]([C:9]([C:8]1([H:18])[H:19])([H:20])[H:21])([H:11])[C:2](=[O:1])[O:3][H:10])([H:12])[H:13])([H:14])[H:15])[H:17],10.0,12.0
15,0.0412,AM1BCC,AmberTools,,,H,,16,[H:16][C:7]1([C:6]([C:5]([C:4]([C:9]([C:8]1([H:18])[H:19])([H:20])[H:21])([H:11])[C:2](=[O:1])[O:3][H:10])([H:12])[H:13])([H:14])[H:15])[H:17],10.0,12.0
16,0.0412,AM1BCC,AmberTools,,,H,,17,[H:16][C:7]1([C:6]([C:5]([C:4]([C:9]([C:8]1([H:18])[H:19])([H:20])[H:21])([H:11])[C:2](=[O:1])[O:3][H:10])([H:12])[H:13])([H:14])[H:15])[H:17],10.0,12.0
17,0.0462,AM1BCC,AmberTools,,,H,,18,[H:16][C:7]1([C:6]([C:5]([C:4]([C:9]([C:8]1([H:18])[H:19])([H:20])[H:21])([H:11])[C:2](=[O:1])[O:3][H:10])([H:12])[H:13])([H:14])[H:15])[H:17],10.0,12.0
18,0.0462,AM1BCC,AmberTools,,,H,,19,[H:16][C:7]1([C:6]([C:5]([C:4]([C:9]([C:8]1([H:18])[H:19])([H:20])[H:21])([H:11])[C:2](=[O:1])[O:3][H:10])([H:12])[H:13])([H:14])[H:15])[H:17],10.0,12.0
19,0.05445,AM1BCC,AmberTools,,,H,,20,[H:16][C:7]1([C:6]([C:5]([C:4]([C:9]([C:8]1([H:18])[H:19])([H:20])[H:21])([H:11])[C:2](=[O:1])[O:3][H:10])([H:12])[H:13])([H:14])[H:15])[H:17],10.0,12.0
20,0.05445,AM1BCC,AmberTools,,,H,,21,[H:16][C:7]1([C:6]([C:5]([C:4]([C:9]([C:8]1([H:18])[H:19])([H:20])[H:21])([H:11])[C:2](=[O:1])[O:3][H:10])([H:12])[H:13])([H:14])[H:15])[H:17],10.0,12.0
0,-0.5523599989357448,AM1BCC,OpenEye,,,O,,1,[H:16][C:7]1([C:6]([C:5]([C:4]([C:9]([C:8]1([H:18])[H:19])([H:20])[H:21])([H:11])[C:2](=[O:1])[O:3][H:10])([H:12])[H:13])([H:14])[H:15])[H:17],11.0,1.0
1,0.6335600011405491,AM1BCC,OpenEye,,,C,,2,[H:16][C:7]1([C:6]([C:5]([C:4]([C:9]([C:8]1([H:18])[H:19])([H:20])[H:21])([H:11])[C:2](=[O:1])[O:3][H:10])([H:12])[H:13])([H:14])[H:15])[H:17],11.0,1.0
2,-0.6039699919167019,AM1BCC,OpenEye,,,O,,3,[H:16][C:7]1([C:6]([C:5]([C:4]([C:9]([C:8]1([H:18])[H:19])([H:20])[H:21])([H:11])[C:2](=[O:1])[O:3][H:10])([H:12])[H:13])([H:14])[H:15])[H:17],11.0,1.0
3,-0.10424000095753443,AM1BCC,OpenEye,,,C,,4,[H:16][C:7]1([C:6]([C:5]([C:4]([C:9]([C:8]1([H:18])[H:19])([H:20])[H:21])([H:11])[C:2](=[O:1])[O:3][H:10])([H:12])[H:13])([H:14])[H:15])[H:17],11.0,1.0
4,-0.07101000171332132,AM1BCC,OpenEye,,,C,,5,[H:16][C:7]1([C:6]([C:5]([C:4]([C:9]([C:8]1([H:18])[H:19])([H:20])[H:21])([H:11])[C:2](=[O:1])[O:3][H:10])([H:12])[H:13])([H:14])[H:15])[H:17],11.0,1.0
5,-0.07619000297217142,AM1BCC,OpenEye,,,C,,6,[H:16][C:7]1([C:6]([C:5]([C:4]([C:9]([C:8]1([H:18])[H:19])([H:20])[H:21])([H:11])[C:2](=[O:1])[O:3][H:10])([H:12])[H:13])([H:14])[H:15])[H:17],11.0,1.0
6,-0.07953000139622461,AM1BCC,OpenEye,,,C,,7,[H:16][C:7]1([C:6]([C:5]([C:4]([C:9]([C:8]1([H:18])[H:19])([H:20])[H:21])([H:11])[C:2](=[O:1])[O:3][H:10])([H:12])[H:13])([H:14])[H:15])[H:17],11.0,1.0
7,-0.07619000297217142,AM1BCC,OpenEye,,,C,,8,[H:16][C:7]1([C:6]([C:5]([C:4]([C:9]([C:8]1([H:18])[H:19])([H:20])[H:21])([H:11])[C:2](=[O:1])[O:3][H:10])([H:12])[H:13])([H:14])[H:15])[H:17],11.0,1.0
8,-0.07101000171332132,AM1BCC,OpenEye,,,C,,9,[H:16][C:7]1([C:6]([C:5]([C:4]([C:9]([C:8]1([H:18])[H:19])([H:20])[H:21])([H:11])[C:2](=[O:1])[O:3][H:10])([H:12])[H:13])([H:14])[H:15])[H:17],11.0,1.0
9,0.44244000244708287,AM1BCC,OpenEye,,,H,,10,[H:16][C:7]1([C:6]([C:5]([C:4]([C:9]([C:8]1([H:18])[H:19])([H:20])[H:21])([H:11])[C:2](=[O:1])[O:3][H:10])([H:12])[H:13])([H:14])[H:15])[H:17],11.0,1.0
10,0.08229999918313254,AM1BCC,OpenEye,,,H,,11,[H:16][C:7]1([C:6]([C:5]([C:4]([C:9]([C:8]1([H:18])[H:19])([H:20])[H:21])([H:11])[C:2](=[O:1])[O:3][H:10])([H:12])[H:13])([H:14])[H:15])[H:17],11.0,1.0
11,0.054119999742224104,AM1BCC,OpenEye,,,H,,12,[H:16][C:7]1([C:6]([C:5]([C:4]([C:9]([C:8]1([H:18])[H:19])([H:20])[H:21])([H:11])[C:2](=[O:1])[O:3][H:10])([H:12])[H:13])([H:14])[H:15])[H:17],11.0,1.0
12,0.054119999742224104,AM1BCC,OpenEye,,,H,,13,[H:16][C:7]1([C:6]([C:5]([C:4]([C:9]([C:8]1([H:18])[H:19])([H:20])[H:21])([H:11])[C:2](=[O:1])[O:3][H:10])([H:12])[H:13])([H:14])[H:15])[H:17],11.0,1.0
13,0.04388000000090826,AM1BCC,OpenEye,,,H,,14,[H:16][C:7]1([C:6]([C:5]([C:4]([C:9]([C:8]1([H:18])[H:19])([H:20])[H:21])([H:11])[C:2](=[O:1])[O:3][H:10])([H:12])[H:13])([H:14])[H:15])[H:17],11.0,1.0
14,0.04388000000090826,AM1BCC,OpenEye,,,H,,15,[H:16][C:7]1([C:6]([C:5]([C:4]([C:9]([C:8]1([H:18])[H:19])([H:20])[H:21])([H:11])[C:2](=[O:1])[O:3][H:10])([H:12])[H:13])([H:14])[H:15])[H:17],11.0,1.0
15,0.04210000041694868,AM1BCC,OpenEye,,,H,,16,[H:16][C:7]1([C:6]([C:5]([C:4]([C:9]([C:8]1([H:18])[H:19])([H:20])[H:21])([H:11])[C:2](=[O:1])[O:3][H:10])([H:12])[H:13])([H:14])[H:15])[H:17],11.0,1.0
16,0.04210000041694868,AM1BCC,OpenEye,,,H,,17,[H:16][C:7]1([C:6]([C:5]([C:4]([C:9]([C:8]1([H:18])[H:19])([H:20])[H:21])([H:11])[C:2](=[O:1])[O:3][H:10])([H:12])[H:13])([H:14])[H:15])[H:17],11.0,1.0
17,0.04388000000090826,AM1BCC,OpenEye,,,H,,18,[H:16][C:7]1([C:6]([C:5]([C:4]([C:9]([C:8]1([H:18])[H:19])([H:20])[H:21])([H:11])[C:2](=[O:1])[O:3][H:10])([H:12])[H:13])([H:14])[H:15])[H:17],11.0,1.0
18,0.04388000000090826,AM1BCC,OpenEye,,,H,,19,[H:16][C:7]1([C:6]([C:5]([C:4]([C:9]([C:8]1([H:18])[H:19])([H:20])[H:21])([H:11])[C:2](=[O:1])[O:3][H:10])([H:12])[H:13])([H:14])[H:15])[H:17],11.0,1.0
19,0.054119999742224104,AM1BCC,OpenEye,,,H,,20,[H:16][C:7]1([C:6]([C:5]([C:4]([C:9]([C:8]1([H:18])[H:19])([H:20])[H:21])([H:11])[C:2](=[O:1])[O:3][H:10])([H:12])[H:13])([H:14])[H:15])[H:17],11.0,1.0
20,0.054119999742224104,AM1BCC,OpenEye,,,H,,21,[H:16][C:7]1([C:6]([C:5]([C:4]([C:9]([C:8]1([H:18])[H:19])([H:20])[H:21])([H:11])[C:2](=[O:1])[O:3][H:10])([H:12])[H:13])([H:14])[H:15])[H:17],11.0,1.0
0,-0.5510476190476191,AM1BCC,AmberTools,,,O,,1,[H:16][C:7]1([C:6]([C:5]([C:4]([C:9]([C:8]1([H:18])[H:19])([H:20])[H:21])([H:11])[C:2](=[O:1])[O:3][H:10])([H:12])[H:13])([H:14])[H:15])[H:17],11.0,1.0
1,0.6360523809523809,AM1BCC,AmberTools,,,C,,2,[H:16][C:7]1([C:6]([C:5]([C:4]([C:9]([C:8]1([H:18])[H:19])([H:20])[H:21])([H:11])[C:2](=[O:1])[O:3][H:10])([H:12])[H:13])([H:14])[H:15])[H:17],11.0,1.0
2,-0.610147619047619,AM1BCC,AmberTools,,,O,,3,[H:16][C:7]1([C:6]([C:5]([C:4]([C:9]([C:8]1([H:18])[H:19])([H:20])[H:21])([H:11])[C:2](=[O:1])[O:3][H:10])([H:12])[H:13])([H:14])[H:15])[H:17],11.0,1.0
3,-0.10374761904761905,AM1BCC,AmberTools,,,C,,4,[H:16][C:7]1([C:6]([C:5]([C:4]([C:9]([C:8]1([H:18])[H:19])([H:20])[H:21])([H:11])[C:2](=[O:1])[O:3][H:10])([H:12])[H:13])([H:14])[H:15])[H:17],11.0,1.0
4,-0.07394761904761904,AM1BCC,AmberTools,,,C,,5,[H:16][C:7]1([C:6]([C:5]([C:4]([C:9]([C:8]1([H:18])[H:19])([H:20])[H:21])([H:11])[C:2](=[O:1])[O:3][H:10])([H:12])[H:13])([H:14])[H:15])[H:17],11.0,1.0
5,-0.07544761904761904,AM1BCC,AmberTools,,,C,,6,[H:16][C:7]1([C:6]([C:5]([C:4]([C:9]([C:8]1([H:18])[H:19])([H:20])[H:21])([H:11])[C:2](=[O:1])[O:3][H:10])([H:12])[H:13])([H:14])[H:15])[H:17],11.0,1.0
6,-0.07944761904761904,AM1BCC,AmberTools,,,C,,7,[H:16][C:7]1([C:6]([C:5]([C:4]([C:9]([C:8]1([H:18])[H:19])([H:20])[H:21])([H:11])[C:2](=[O:1])[O:3][H:10])([H:12])[H:13])([H:14])[H:15])[H:17],11.0,1.0
7,-0.07544761904761904,AM1BCC,AmberTools,,,C,,8,[H:16][C:7]1([C:6]([C:5]([C:4]([C:9]([C:8]1([H:18])[H:19])([H:20])[H:21])([H:11])[C:2](=[O:1])[O:3][H:10])([H:12])[H:13])([H:14])[H:15])[H:17],11.0,1.0
8,-0.07394761904761904,AM1BCC,AmberTools,,,C,,9,[H:16][C:7]1([C:6]([C:5]([C:4]([C:9]([C:8]1([H:18])[H:19])([H:20])[H:21])([H:11])[C:2](=[O:1])[O:3][H:10])([H:12])[H:13])([H:14])[H:15])[H:17],11.0,1.0
9,0.441952380952381,AM1BCC,AmberTools,,,H,,10,[H:16][C:7]1([C:6]([C:5]([C:4]([C:9]([C:8]1([H:18])[H:19])([H:20])[H:21])([H:11])[C:2](=[O:1])[O:3][H:10])([H:12])[H:13])([H:14])[H:15])[H:17],11.0,1.0
10,0.08265238095238095,AM1BCC,AmberTools,,,H,,11,[H:16][C:7]1([C:6]([C:5]([C:4]([C:9]([C:8]1([H:18])[H:19])([H:20])[H:21])([H:11])[C:2](=[O:1])[O:3][H:10])([H:12])[H:13])([H:14])[H:15])[H:17],11.0,1.0
11,0.05515238095238096,AM1BCC,AmberTools,,,H,,12,[H:16][C:7]1([C:6]([C:5]([C:4]([C:9]([C:8]1([H:18])[H:19])([H:20])[H:21])([H:11])[C:2](=[O:1])[O:3][H:10])([H:12])[H:13])([H:14])[H:15])[H:17],11.0,1.0
12,0.05515238095238096,AM1BCC,AmberTools,,,H,,13,[H:16][C:7]1([C:6]([C:5]([C:4]([C:9]([C:8]1([H:18])[H:19])([H:20])[H:21])([H:11])[C:2](=[O:1])[O:3][H:10])([H:12])[H:13])([H:14])[H:15])[H:17],11.0,1.0
13,0.044402380952380964,AM1BCC,AmberTools,,,H,,14,[H:16][C:7]1([C:6]([C:5]([C:4]([C:9]([C:8]1([H:18])[H:19])([H:20])[H:21])([H:11])[C:2](=[O:1])[O:3][H:10])([H:12])[H:13])([H:14])[H:15])[H:17],11.0,1.0
14,0.044402380952380964,AM1BCC,AmberTools,,,H,,15,[H:16][C:7]1([C:6]([C:5]([C:4]([C:9]([C:8]1([H:18])[H:19])([H:20])[H:21])([H:11])[C:2](=[O:1])[O:3][H:10])([H:12])[H:13])([H:14])[H:15])[H:17],11.0,1.0
15,0.04215238095238096,AM1BCC,AmberTools,,,H,,16,[H:16][C:7]1([C:6]([C:5]([C:4]([C:9]([C:8]1([H:18])[H:19])([H:20])[H:21])([H:11])[C:2](=[O:1])[O:3][H:10])([H:12])[H:13])([H:14])[H:15])[H:17],11.0,1.0
16,0.04215238095238096,AM1BCC,AmberTools,,,H,,17,[H:16][C:7]1([C:6]([C:5]([C:4]([C:9]([C:8]1([H:18])[H:19])([H:20])[H:21])([H:11])[C:2](=[O:1])[O:3][H:10])([H:12])[H:13])([H:14])[H:15])[H:17],11.0,1.0
17,0.044402380952380964,AM1BCC,AmberTools,,,H,,18,[H:16][C:7]1([C:6]([C:5]([C:4]([C:9]([C:8]1([H:18])[H:19])([H:20])[H:21])([H:11])[C:2](=[O:1])[O:3][H:10])([H:12])[H:13])([H:14])[H:15])[H:17],11.0,1.0
18,0.044402380952380964,AM1BCC,AmberTools,,,H,,19,[H:16][C:7]1([C:6]([C:5]([C:4]([C:9]([C:8]1([H:18])[H:19])([H:20])[H:21])([H:11])[C:2](=[O:1])[O:3][H:10])([H:12])[H:13])([H:14])[H:15])[H:17],11.0,1.0
19,0.05515238095238096,AM1BCC,AmberTools,,,H,,20,[H:16][C:7]1([C:6]([C:5]([C:4]([C:9]([C:8]1([H:18])[H:19])([H:20])[H:21])([H:11])[C:2](=[O:1])[O:3][H:10])([H:12])[H:13])([H:14])[H:15])[H:17],11.0,1.0
20,0.05515238095238096,AM1BCC,AmberTools,,,H,,21,[H:16][C:7]1([C:6]([C:5]([C:4]([C:9]([C:8]1([H:18])[H:19])([H:20])[H:21])([H:11])[C:2](=[O:1])[O:3][H:10])([H:12])[H:13])([H:14])[H:15])[H:17],11.0,1.0
0,-0.5521900040053186,AM1BCC,OpenEye,,,O,,1,[H:16][C:7]1([C:6]([C:5]([C:4]([C:9]([C:8]1([H:18])[H:19])([H:20])[H:21])([H:11])[C:2](=[O:1])[O:3][H:10])([H:12])[H:13])([H:14])[H:15])[H:17],11.0,2.0
1,0.6331800240136328,AM1BCC,OpenEye,,,C,,2,[H:16][C:7]1([C:6]([C:5]([C:4]([C:9]([C:8]1([H:18])[H:19])([H:20])[H:21])([H:11])[C:2](=[O:1])[O:3][H:10])([H:12])[H:13])([H:14])[H:15])[H:17],11.0,2.0
2,-0.6042600256346521,AM1BCC,OpenEye,,,O,,3,[H:16][C:7]1([C:6]([C:5]([C:4]([C:9]([C:8]1([H:18])[H:19])([H:20])[H:21])([H:11])[C:2](=[O:1])[O:3][H:10])([H:12])[H:13])([H:14])[H:15])[H:17],11.0,2.0
3,-0.10400000037181945,AM1BCC,OpenEye,,,C,,4,[H:16][C:7]1([C:6]([C:5]([C:4]([C:9]([C:8]1([H:18])[H:19])([H:20])[H:21])([H:11])[C:2](=[O:1])[O:3][H:10])([H:12])[H:13])([H:14])[H:15])[H:17],11.0,2.0
4,-0.07085999669063658,AM1BCC,OpenEye,,,C,,5,[H:16][C:7]1([C:6]([C:5]([C:4]([C:9]([C:8]1([H:18])[H:19])([H:20])[H:21])([H:11])[C:2](=[O:1])[O:3][H:10])([H:12])[H:13])([H:14])[H:15])[H:17],11.0,2.0
5,-0.07613000096309752,AM1BCC,OpenEye,,,C,,6,[H:16][C:7]1([C:6]([C:5]([C:4]([C:9]([C:8]1([H:18])[H:19])([H:20])[H:21])([H:11])[C:2](=[O:1])[O:3][H:10])([H:12])[H:13])([H:14])[H:15])[H:17],11.0,2.0
6,-0.07963000060546965,AM1BCC,OpenEye,,,C,,7,[H:16][C:7]1([C:6]([C:5]([C:4]([C:9]([C:8]1([H:18])[H:19])([H:20])[H:21])([H:11])[C:2](=[O:1])[O:3][H:10])([H:12])[H:13])([H:14])[H:15])[H:17],11.0,2.0
7,-0.07613000096309752,AM1BCC,OpenEye,,,C,,8,[H:16][C:7]1([C:6]([C:5]([C:4]([C:9]([C:8]1([H:18])[H:19])([H:20])[H:21])([H:11])[C:2](=[O:1])[O:3][H:10])([H:12])[H:13])([H:14])[H:15])[H:17],11.0,2.0
8,-0.07085999669063658,AM1BCC,OpenEye,,,C,,9,[H:16][C:7]1([C:6]([C:5]([C:4]([C:9]([C:8]1([H:18])[H:19])([H:20])[H:21])([H:11])[C:2](=[O:1])[O:3][H:10])([H:12])[H:13])([H:14])[H:15])[H:17],11.0,2.0
9,0.44288999019634157,AM1BCC,OpenEye,,,H,,10,[H:16][C:7]1([C:6]([C:5]([C:4]([C:9]([C:8]1([H:18])[H:19])([H:20])[H:21])([H:11])[C:2](=[O:1])[O:3][H:10])([H:12])[H:13])([H:14])[H:15])[H:17],11.0,2.0
10,0.0814699995375815,AM1BCC,OpenEye,,,H,,11,[H:16][C:7]1([C:6]([C:5]([C:4]([C:9]([C:8]1([H:18])[H:19])([H:20])[H:21])([H:11])[C:2](=[O:1])[O:3][H:10])([H:12])[H:13])([H:14])[H:15])[H:17],11.0,2.0
11,0.05407000137936501,AM1BCC,OpenEye,,,H,,12,[H:16][C:7]1([C:6]([C:5]([C:4]([C:9]([C:8]1([H:18])[H:19])([H:20])[H:21])([H:11])[C:2](=[O:1])[O:3][H:10])([H:12])[H:13])([H:14])[H:15])[H:17],11.0,2.0
12,0.05407000137936501,AM1BCC,OpenEye,,,H,,13,[H:16][C:7]1([C:6]([C:5]([C:4]([C:9]([C:8]1([H:18])[H:19])([H:20])[H:21])([H:11])[C:2](=[O:1])[O:3][H:10])([H:12])[H:13])([H:14])[H:15])[H:17],11.0,2.0
13,0.044030001298302694,AM1BCC,OpenEye,,,H,,14,[H:16][C:7]1([C:6]([C:5]([C:4]([C:9]([C:8]1([H:18])[H:19])([H:20])[H:21])([H:11])[C:2](=[O:1])[O:3][H:10])([H:12])[H:13])([H:14])[H:15])[H:17],11.0,2.0
14,0.044030001298302694,AM1BCC,OpenEye,,,H,,15,[H:16][C:7]1([C:6]([C:5]([C:4]([C:9]([C:8]1([H:18])[H:19])([H:20])[H:21])([H:11])[C:2](=[O:1])[O:3][H:10])([H:12])[H:13])([H:14])[H:15])[H:17],11.0,2.0
15,0.04206000073325066,AM1BCC,OpenEye,,,H,,16,[H:16][C:7]1([C:6]([C:5]([C:4]([C:9]([C:8]1([H:18])[H:19])([H:20])[H:21])([H:11])[C:2](=[O:1])[O:3][H:10])([H:12])[H:13])([H:14])[H:15])[H:17],11.0,2.0
16,0.04206000073325066,AM1BCC,OpenEye,,,H,,17,[H:16][C:7]1([C:6]([C:5]([C:4]([C:9]([C:8]1([H:18])[H:19])([H:20])[H:21])([H:11])[C:2](=[O:1])[O:3][H:10])([H:12])[H:13])([H:14])[H:15])[H:17],11.0,2.0
17,0.044030001298302694,AM1BCC,OpenEye,,,H,,18,[H:16][C:7]1([C:6]([C:5]([C:4]([C:9]([C:8]1([H:18])[H:19])([H:20])[H:21])([H:11])[C:2](=[O:1])[O:3][H:10])([H:12])[H:13])([H:14])[H:15])[H:17],11.0,2.0
18,0.044030001298302694,AM1BCC,OpenEye,,,H,,19,[H:16][C:7]1([C:6]([C:5]([C:4]([C:9]([C:8]1([H:18])[H:19])([H:20])[H:21])([H:11])[C:2](=[O:1])[O:3][H:10])([H:12])[H:13])([H:14])[H:15])[H:17],11.0,2.0
19,0.05407000137936501,AM1BCC,OpenEye,,,H,,20,[H:16][C:7]1([C:6]([C:5]([C:4]([C:9]([C:8]1([H:18])[H:19])([H:20])[H:21])([H:11])[C:2](=[O:1])[O:3][H:10])([H:12])[H:13])([H:14])[H:15])[H:17],11.0,2.0
20,0.05407000137936501,AM1BCC,OpenEye,,,H,,21,[H:16][C:7]1([C:6]([C:5]([C:4]([C:9]([C:8]1([H:18])[H:19])([H:20])[H:21])([H:11])[C:2](=[O:1])[O:3][H:10])([H:12])[H:13])([H:14])[H:15])[H:17],11.0,2.0
0,-0.5510476190476191,AM1BCC,AmberTools,,,O,,1,[H:16][C:7]1([C:6]([C:5]([C:4]([C:9]([C:8]1([H:18])[H:19])([H:20])[H:21])([H:11])[C:2](=[O:1])[O:3][H:10])([H:12])[H:13])([H:14])[H:15])[H:17],11.0,2.0
1,0.6360523809523809,AM1BCC,AmberTools,,,C,,2,[H:16][C:7]1([C:6]([C:5]([C:4]([C:9]([C:8]1([H:18])[H:19])([H:20])[H:21])([H:11])[C:2](=[O:1])[O:3][H:10])([H:12])[H:13])([H:14])[H:15])[H:17],11.0,2.0
2,-0.610147619047619,AM1BCC,AmberTools,,,O,,3,[H:16][C:7]1([C:6]([C:5]([C:4]([C:9]([C:8]1([H:18])[H:19])([H:20])[H:21])([H:11])[C:2](=[O:1])[O:3][H:10])([H:12])[H:13])([H:14])[H:15])[H:17],11.0,2.0
3,-0.10374761904761905,AM1BCC,AmberTools,,,C,,4,[H:16][C:7]1([C:6]([C:5]([C:4]([C:9]([C:8]1([H:18])[H:19])([H:20])[H:21])([H:11])[C:2](=[O:1])[O:3][H:10])([H:12])[H:13])([H:14])[H:15])[H:17],11.0,2.0
4,-0.07394761904761904,AM1BCC,AmberTools,,,C,,5,[H:16][C:7]1([C:6]([C:5]([C:4]([C:9]([C:8]1([H:18])[H:19])([H:20])[H:21])([H:11])[C:2](=[O:1])[O:3][H:10])([H:12])[H:13])([H:14])[H:15])[H:17],11.0,2.0
5,-0.07544761904761904,AM1BCC,AmberTools,,,C,,6,[H:16][C:7]1([C:6]([C:5]([C:4]([C:9]([C:8]1([H:18])[H:19])([H:20])[H:21])([H:11])[C:2](=[O:1])[O:3][H:10])([H:12])[H:13])([H:14])[H:15])[H:17],11.0,2.0
6,-0.07944761904761904,AM1BCC,AmberTools,,,C,,7,[H:16][C:7]1([C:6]([C:5]([C:4]([C:9]([C:8]1([H:18])[H:19])([H:20])[H:21])([H:11])[C:2](=[O:1])[O:3][H:10])([H:12])[H:13])([H:14])[H:15])[H:17],11.0,2.0
7,-0.07544761904761904,AM1BCC,AmberTools,,,C,,8,[H:16][C:7]1([C:6]([C:5]([C:4]([C:9]([C:8]1([H:18])[H:19])([H:20])[H:21])([H:11])[C:2](=[O:1])[O:3][H:10])([H:12])[H:13])([H:14])[H:15])[H:17],11.0,2.0
8,-0.07394761904761904,AM1BCC,AmberTools,,,C,,9,[H:16][C:7]1([C:6]([C:5]([C:4]([C:9]([C:8]1([H:18])[H:19])([H:20])[H:21])([H:11])[C:2](=[O:1])[O:3][H:10])([H:12])[H:13])([H:14])[H:15])[H:17],11.0,2.0
9,0.441952380952381,AM1BCC,AmberTools,,,H,,10,[H:16][C:7]1([C:6]([C:5]([C:4]([C:9]([C:8]1([H:18])[H:19])([H:20])[H:21])([H:11])[C:2](=[O:1])[O:3][H:10])([H:12])[H:13])([H:14])[H:15])[H:17],11.0,2.0
10,0.08265238095238095,AM1BCC,AmberTools,,,H,,11,[H:16][C:7]1([C:6]([C:5]([C:4]([C:9]([C:8]1([H:18])[H:19])([H:20])[H:21])([H:11])[C:2](=[O:1])[O:3][H:10])([H:12])[H:13])([H:14])[H:15])[H:17],11.0,2.0
11,0.05515238095238096,AM1BCC,AmberTools,,,H,,12,[H:16][C:7]1([C:6]([C:5]([C:4]([C:9]([C:8]1([H:18])[H:19])([H:20])[H:21])([H:11])[C:2](=[O:1])[O:3][H:10])([H:12])[H:13])([H:14])[H:15])[H:17],11.0,2.0
12,0.05515238095238096,AM1BCC,AmberTools,,,H,,13,[H:16][C:7]1([C:6]([C:5]([C:4]([C:9]([C:8]1([H:18])[H:19])([H:20])[H:21])([H:11])[C:2](=[O:1])[O:3][H:10])([H:12])[H:13])([H:14])[H:15])[H:17],11.0,2.0
13,0.044402380952380964,AM1BCC,AmberTools,,,H,,14,[H:16][C:7]1([C:6]([C:5]([C:4]([C:9]([C:8]1([H:18])[H:19])([H:20])[H:21])([H:11])[C:2](=[O:1])[O:3][H:10])([H:12])[H:13])([H:14])[H:15])[H:17],11.0,2.0
14,0.044402380952380964,AM1BCC,AmberTools,,,H,,15,[H:16][C:7]1([C:6]([C:5]([C:4]([C:9]([C:8]1([H:18])[H:19])([H:20])[H:21])([H:11])[C:2](=[O:1])[O:3][H:10])([H:12])[H:13])([H:14])[H:15])[H:17],11.0,2.0
15,0.04215238095238096,AM1BCC,AmberTools,,,H,,16,[H:16][C:7]1([C:6]([C:5]([C:4]([C:9]([C:8]1([H:18])[H:19])([H:20])[H:21])([H:11])[C:2](=[O:1])[O:3][H:10])([H:12])[H:13])([H:14])[H:15])[H:17],11.0,2.0
16,0.04215238095238096,AM1BCC,AmberTools,,,H,,17,[H:16][C:7]1([C:6]([C:5]([C:4]([C:9]([C:8]1([H:18])[H:19])([H:20])[H:21])([H:11])[C:2](=[O:1])[O:3][H:10])([H:12])[H:13])([H:14])[H:15])[H:17],11.0,2.0
17,0.044402380952380964,AM1BCC,AmberTools,,,H,,18,[H:16][C:7]1([C:6]([C:5]([C:4]([C:9]([C:8]1([H:18])[H:19])([H:20])[H:21])([H:11])[C:2](=[O:1])[O:3][H:10])([H:12])[H:13])([H:14])[H:15])[H:17],11.0,2.0
18,0.044402380952380964,AM1BCC,AmberTools,,,H,,19,[H:16][C:7]1([C:6]([C:5]([C:4]([C:9]([C:8]1([H:18])[H:19])([H:20])[H:21])([H:11])[C:2](=[O:1])[O:3][H:10])([H:12])[H:13])([H:14])[H:15])[H:17],11.0,2.0
19,0.05515238095238096,AM1BCC,AmberTools,,,H,,20,[H:16][C:7]1([C:6]([C:5]([C:4]([C:9]([C:8]1([H:18])[H:19])([H:20])[H:21])([H:11])[C:2](=[O:1])[O:3][H:10])([H:12])[H:13])([H:14])[H:15])[H:17],11.0,2.0
20,0.05515238095238096,AM1BCC,AmberTools,,,H,,21,[H:16][C:7]1([C:6]([C:5]([C:4]([C:9]([C:8]1([H:18])[H:19])([H:20])[H:21])([H:11])[C:2](=[O:1])[O:3][H:10])([H:12])[H:13])([H:14])[H:15])[H:17],11.0,2.0
0,-0.5519000266989073,AM1BCC,OpenEye,,,O,,1,[H:16][C:7]1([C:6]([C:5]([C:4]([C:9]([C:8]1([H:18])[H:19])([H:20])[H:21])([H:11])[C:2](=[O:1])[O:3][H:10])([H:12])[H:13])([H:14])[H:15])[H:17],11.0,3.0
1,0.634350004295508,AM1BCC,OpenEye,,,C,,2,[H:16][C:7]1([C:6]([C:5]([C:4]([C:9]([C:8]1([H:18])[H:19])([H:20])[H:21])([H:11])[C:2](=[O:1])[O:3][H:10])([H:12])[H:13])([H:14])[H:15])[H:17],11.0,3.0
2,-0.6021400069197019,AM1BCC,OpenEye,,,O,,3,[H:16][C:7]1([C:6]([C:5]([C:4]([C:9]([C:8]1([H:18])[H:19])([H:20])[H:21])([H:11])[C:2](=[O:1])[O:3][H:10])([H:12])[H:13])([H:14])[H:15])[H:17],11.0,3.0
3,-0.10557000090678532,AM1BCC,OpenEye,,,C,,4,[H:16][C:7]1([C:6]([C:5]([C:4]([C:9]([C:8]1([H:18])[H:19])([H:20])[H:21])([H:11])[C:2](=[O:1])[O:3][H:10])([H:12])[H:13])([H:14])[H:15])[H:17],11.0,3.0
4,-0.0707499956091245,AM1BCC,OpenEye,,,C,,5,[H:16][C:7]1([C:6]([C:5]([C:4]([C:9]([C:8]1([H:18])[H:19])([H:20])[H:21])([H:11])[C:2](=[O:1])[O:3][H:10])([H:12])[H:13])([H:14])[H:15])[H:17],11.0,3.0
5,-0.07573000093301137,AM1BCC,OpenEye,,,C,,6,[H:16][C:7]1([C:6]([C:5]([C:4]([C:9]([C:8]1([H:18])[H:19])([H:20])[H:21])([H:11])[C:2](=[O:1])[O:3][H:10])([H:12])[H:13])([H:14])[H:15])[H:17],11.0,3.0
6,-0.07991999884446462,AM1BCC,OpenEye,,,C,,7,[H:16][C:7]1([C:6]([C:5]([C:4]([C:9]([C:8]1([H:18])[H:19])([H:20])[H:21])([H:11])[C:2](=[O:1])[O:3][H:10])([H:12])[H:13])([H:14])[H:15])[H:17],11.0,3.0
7,-0.07573000093301137,AM1BCC,OpenEye,,,C,,8,[H:16][C:7]1([C:6]([C:5]([C:4]([C:9]([C:8]1([H:18])[H:19])([H:20])[H:21])([H:11])[C:2](=[O:1])[O:3][H:10])([H:12])[H:13])([H:14])[H:15])[H:17],11.0,3.0
8,-0.0707499956091245,AM1BCC,OpenEye,,,C,,9,[H:16][C:7]1([C:6]([C:5]([C:4]([C:9]([C:8]1([H:18])[H:19])([H:20])[H:21])([H:11])[C:2](=[O:1])[O:3][H:10])([H:12])[H:13])([H:14])[H:15])[H:17],11.0,3.0
9,0.44279998789230984,AM1BCC,OpenEye,,,H,,10,[H:16][C:7]1([C:6]([C:5]([C:4]([C:9]([C:8]1([H:18])[H:19])([H:20])[H:21])([H:11])[C:2](=[O:1])[O:3][H:10])([H:12])[H:13])([H:14])[H:15])[H:17],11.0,3.0
10,0.08036000529925029,AM1BCC,OpenEye,,,H,,11,[H:16][C:7]1([C:6]([C:5]([C:4]([C:9]([C:8]1([H:18])[H:19])([H:20])[H:21])([H:11])[C:2](=[O:1])[O:3][H:10])([H:12])[H:13])([H:14])[H:15])[H:17],11.0,3.0
11,0.05379000181953112,AM1BCC,OpenEye,,,H,,12,[H:16][C:7]1([C:6]([C:5]([C:4]([C:9]([C:8]1([H:18])[H:19])([H:20])[H:21])([H:11])[C:2](=[O:1])[O:3][H:10])([H:12])[H:13])([H:14])[H:15])[H:17],11.0,3.0
12,0.05379000181953112,AM1BCC,OpenEye,,,H,,13,[H:16][C:7]1([C:6]([C:5]([C:4]([C:9]([C:8]1([H:18])[H:19])([H:20])[H:21])([H:11])[C:2](=[O:1])[O:3][H:10])([H:12])[H:13])([H:14])[H:15])[H:17],11.0,3.0
13,0.04399000356594721,AM1BCC,OpenEye,,,H,,14,[H:16][C:7]1([C:6]([C:5]([C:4]([C:9]([C:8]1([H:18])[H:19])([H:20])[H:21])([H:11])[C:2](=[O:1])[O:3][H:10])([H:12])[H:13])([H:14])[H:15])[H:17],11.0,3.0
14,0.04399000356594721,AM1BCC,OpenEye,,,H,,15,[H:16][C:7]1([C:6]([C:5]([C:4]([C:9]([C:8]1([H:18])[H:19])([H:20])[H:21])([H:11])[C:2](=[O:1])[O:3][H:10])([H:12])[H:13])([H:14])[H:15])[H:17],11.0,3.0
15,0.04193000371257464,AM1BCC,OpenEye,,,H,,16,[H:16][C:7]1([C:6]([C:5]([C:4]([C:9]([C:8]1([H:18])[H:19])([H:20])[H:21])([H:11])[C:2](=[O:1])[O:3][H:10])([H:12])[H:13])([H:14])[H:15])[H:17],11.0,3.0
16,0.04193000371257464,AM1BCC,OpenEye,,,H,,17,[H:16][C:7]1([C:6]([C:5]([C:4]([C:9]([C:8]1([H:18])[H:19])([H:20])[H:21])([H:11])[C:2](=[O:1])[O:3][H:10])([H:12])[H:13])([H:14])[H:15])[H:17],11.0,3.0
17,0.04399000356594721,AM1BCC,OpenEye,,,H,,18,[H:16][C:7]1([C:6]([C:5]([C:4]([C:9]([C:8]1([H:18])[H:19])([H:20])[H:21])([H:11])[C:2](=[O:1])[O:3][H:10])([H:12])[H:13])([H:14])[H:15])[H:17],11.0,3.0
18,0.04399000356594721,AM1BCC,OpenEye,,,H,,19,[H:16][C:7]1([C:6]([C:5]([C:4]([C:9]([C:8]1([H:18])[H:19])([H:20])[H:21])([H:11])[C:2](=[O:1])[O:3][H:10])([H:12])[H:13])([H:14])[H:15])[H:17],11.0,3.0
19,0.05379000181953112,AM1BCC,OpenEye,,,H,,20,[H:16][C:7]1([C:6]([C:5]([C:4]([C:9]([C:8]1([H:18])[H:19])([H:20])[H:21])([H:11])[C:2](=[O:1])[O:3][H:10])([H:12])[H:13])([H:14])[H:15])[H:17],11.0,3.0
20,0.05379000181953112,AM1BCC,OpenEye,,,H,,21,[H:16][C:7]1([C:6]([C:5]([C:4]([C:9]([C:8]1([H:18])[H:19])([H:20])[H:21])([H:11])[C:2](=[O:1])[O:3][H:10])([H:12])[H:13])([H:14])[H:15])[H:17],11.0,3.0
0,-0.5510476190476191,AM1BCC,AmberTools,,,O,,1,[H:16][C:7]1([C:6]([C:5]([C:4]([C:9]([C:8]1([H:18])[H:19])([H:20])[H:21])([H:11])[C:2](=[O:1])[O:3][H:10])([H:12])[H:13])([H:14])[H:15])[H:17],11.0,3.0
1,0.6360523809523809,AM1BCC,AmberTools,,,C,,2,[H:16][C:7]1([C:6]([C:5]([C:4]([C:9]([C:8]1([H:18])[H:19])([H:20])[H:21])([H:11])[C:2](=[O:1])[O:3][H:10])([H:12])[H:13])([H:14])[H:15])[H:17],11.0,3.0
2,-0.610147619047619,AM1BCC,AmberTools,,,O,,3,[H:16][C:7]1([C:6]([C:5]([C:4]([C:9]([C:8]1([H:18])[H:19])([H:20])[H:21])([H:11])[C:2](=[O:1])[O:3][H:10])([H:12])[H:13])([H:14])[H:15])[H:17],11.0,3.0
3,-0.10374761904761905,AM1BCC,AmberTools,,,C,,4,[H:16][C:7]1([C:6]([C:5]([C:4]([C:9]([C:8]1([H:18])[H:19])([H:20])[H:21])([H:11])[C:2](=[O:1])[O:3][H:10])([H:12])[H:13])([H:14])[H:15])[H:17],11.0,3.0
4,-0.07394761904761904,AM1BCC,AmberTools,,,C,,5,[H:16][C:7]1([C:6]([C:5]([C:4]([C:9]([C:8]1([H:18])[H:19])([H:20])[H:21])([H:11])[C:2](=[O:1])[O:3][H:10])([H:12])[H:13])([H:14])[H:15])[H:17],11.0,3.0
5,-0.07544761904761904,AM1BCC,AmberTools,,,C,,6,[H:16][C:7]1([C:6]([C:5]([C:4]([C:9]([C:8]1([H:18])[H:19])([H:20])[H:21])([H:11])[C:2](=[O:1])[O:3][H:10])([H:12])[H:13])([H:14])[H:15])[H:17],11.0,3.0
6,-0.07944761904761904,AM1BCC,AmberTools,,,C,,7,[H:16][C:7]1([C:6]([C:5]([C:4]([C:9]([C:8]1([H:18])[H:19])([H:20])[H:21])([H:11])[C:2](=[O:1])[O:3][H:10])([H:12])[H:13])([H:14])[H:15])[H:17],11.0,3.0
7,-0.07544761904761904,AM1BCC,AmberTools,,,C,,8,[H:16][C:7]1([C:6]([C:5]([C:4]([C:9]([C:8]1([H:18])[H:19])([H:20])[H:21])([H:11])[C:2](=[O:1])[O:3][H:10])([H:12])[H:13])([H:14])[H:15])[H:17],11.0,3.0
8,-0.07394761904761904,AM1BCC,AmberTools,,,C,,9,[H:16][C:7]1([C:6]([C:5]([C:4]([C:9]([C:8]1([H:18])[H:19])([H:20])[H:21])([H:11])[C:2](=[O:1])[O:3][H:10])([H:12])[H:13])([H:14])[H:15])[H:17],11.0,3.0
9,0.441952380952381,AM1BCC,AmberTools,,,H,,10,[H:16][C:7]1([C:6]([C:5]([C:4]([C:9]([C:8]1([H:18])[H:19])([H:20])[H:21])([H:11])[C:2](=[O:1])[O:3][H:10])([H:12])[H:13])([H:14])[H:15])[H:17],11.0,3.0
10,0.08265238095238095,AM1BCC,AmberTools,,,H,,11,[H:16][C:7]1([C:6]([C:5]([C:4]([C:9]([C:8]1([H:18])[H:19])([H:20])[H:21])([H:11])[C:2](=[O:1])[O:3][H:10])([H:12])[H:13])([H:14])[H:15])[H:17],11.0,3.0
11,0.05515238095238096,AM1BCC,AmberTools,,,H,,12,[H:16][C:7]1([C:6]([C:5]([C:4]([C:9]([C:8]1([H:18])[H:19])([H:20])[H:21])([H:11])[C:2](=[O:1])[O:3][H:10])([H:12])[H:13])([H:14])[H:15])[H:17],11.0,3.0
12,0.05515238095238096,AM1BCC,AmberTools,,,H,,13,[H:16][C:7]1([C:6]([C:5]([C:4]([C:9]([C:8]1([H:18])[H:19])([H:20])[H:21])([H:11])[C:2](=[O:1])[O:3][H:10])([H:12])[H:13])([H:14])[H:15])[H:17],11.0,3.0
13,0.044402380952380964,AM1BCC,AmberTools,,,H,,14,[H:16][C:7]1([C:6]([C:5]([C:4]([C:9]([C:8]1([H:18])[H:19])([H:20])[H:21])([H:11])[C:2](=[O:1])[O:3][H:10])([H:12])[H:13])([H:14])[H:15])[H:17],11.0,3.0
14,0.044402380952380964,AM1BCC,AmberTools,,,H,,15,[H:16][C:7]1([C:6]([C:5]([C:4]([C:9]([C:8]1([H:18])[H:19])([H:20])[H:21])([H:11])[C:2](=[O:1])[O:3][H:10])([H:12])[H:13])([H:14])[H:15])[H:17],11.0,3.0
15,0.04215238095238096,AM1BCC,AmberTools,,,H,,16,[H:16][C:7]1([C:6]([C:5]([C:4]([C:9]([C:8]1([H:18])[H:19])([H:20])[H:21])([H:11])[C:2](=[O:1])[O:3][H:10])([H:12])[H:13])([H:14])[H:15])[H:17],11.0,3.0
16,0.04215238095238096,AM1BCC,AmberTools,,,H,,17,[H:16][C:7]1([C:6]([C:5]([C:4]([C:9]([C:8]1([H:18])[H:19])([H:20])[H:21])([H:11])[C:2](=[O:1])[O:3][H:10])([H:12])[H:13])([H:14])[H:15])[H:17],11.0,3.0
17,0.044402380952380964,AM1BCC,AmberTools,,,H,,18,[H:16][C:7]1([C:6]([C:5]([C:4]([C:9]([C:8]1([H:18])[H:19])([H:20])[H:21])([H:11])[C:2](=[O:1])[O:3][H:10])([H:12])[H:13])([H:14])[H:15])[H:17],11.0,3.0
18,0.044402380952380964,AM1BCC,AmberTools,,,H,,19,[H:16][C:7]1([C:6]([C:5]([C:4]([C:9]([C:8]1([H:18])[H:19])([H:20])[H:21])([H:11])[C:2](=[O:1])[O:3][H:10])([H:12])[H:13])([H:14])[H:15])[H:17],11.0,3.0
19,0.05515238095238096,AM1BCC,AmberTools,,,H,,20,[H:16][C:7]1([C:6]([C:5]([C:4]([C:9]([C:8]1([H:18])[H:19])([H:20])[H:21])([H:11])[C:2](=[O:1])[O:3][H:10])([H:12])[H:13])([H:14])[H:15])[H:17],11.0,3.0
20,0.05515238095238096,AM1BCC,AmberTools,,,H,,21,[H:16][C:7]1([C:6]([C:5]([C:4]([C:9]([C:8]1([H:18])[H:19])([H:20])[H:21])([H:11])[C:2](=[O:1])[O:3][H:10])([H:12])[H:13])([H:14])[H:15])[H:17],11.0,3.0
0,-0.5517100092201006,AM1BCC,OpenEye,,,O,,1,[H:16][C:7]1([C:6]([C:5]([C:4]([C:9]([C:8]1([H:18])[H:19])([H:20])[H:21])([H:11])[C:2](=[O:1])[O:3][H:10])([H:12])[H:13])([H:14])[H:15])[H:17],11.0,4.0
1,0.633379996177696,AM1BCC,OpenEye,,,C,,2,[H:16][C:7]1([C:6]([C:5]([C:4]([C:9]([C:8]1([H:18])[H:19])([H:20])[H:21])([H:11])[C:2](=[O:1])[O:3][H:10])([H:12])[H:13])([H:14])[H:15])[H:17],11.0,4.0
2,-0.6043699976234209,AM1BCC,OpenEye,,,O,,3,[H:16][C:7]1([C:6]([C:5]([C:4]([C:9]([C:8]1([H:18])[H:19])([H:20])[H:21])([H:11])[C:2](=[O:1])[O:3][H:10])([H:12])[H:13])([H:14])[H:15])[H:17],11.0,4.0
3,-0.10385999793098086,AM1BCC,OpenEye,,,C,,4,[H:16][C:7]1([C:6]([C:5]([C:4]([C:9]([C:8]1([H:18])[H:19])([H:20])[H:21])([H:11])[C:2](=[O:1])[O:3][H:10])([H:12])[H:13])([H:14])[H:15])[H:17],11.0,4.0
4,-0.07101000064895266,AM1BCC,OpenEye,,,C,,5,[H:16][C:7]1([C:6]([C:5]([C:4]([C:9]([C:8]1([H:18])[H:19])([H:20])[H:21])([H:11])[C:2](=[O:1])[O:3][H:10])([H:12])[H:13])([H:14])[H:15])[H:17],11.0,4.0
5,-0.07598999852225893,AM1BCC,OpenEye,,,C,,6,[H:16][C:7]1([C:6]([C:5]([C:4]([C:9]([C:8]1([H:18])[H:19])([H:20])[H:21])([H:11])[C:2](=[O:1])[O:3][H:10])([H:12])[H:13])([H:14])[H:15])[H:17],11.0,4.0
6,-0.07953999901101702,AM1BCC,OpenEye,,,C,,7,[H:16][C:7]1([C:6]([C:5]([C:4]([C:9]([C:8]1([H:18])[H:19])([H:20])[H:21])([H:11])[C:2](=[O:1])[O:3][H:10])([H:12])[H:13])([H:14])[H:15])[H:17],11.0,4.0
7,-0.07598999852225893,AM1BCC,OpenEye,,,C,,8,[H:16][C:7]1([C:6]([C:5]([C:4]([C:9]([C:8]1([H:18])[H:19])([H:20])[H:21])([H:11])[C:2](=[O:1])[O:3][H:10])([H:12])[H:13])([H:14])[H:15])[H:17],11.0,4.0
8,-0.07101000064895266,AM1BCC,OpenEye,,,C,,9,[H:16][C:7]1([C:6]([C:5]([C:4]([C:9]([C:8]1([H:18])[H:19])([H:20])[H:21])([H:11])[C:2](=[O:1])[O:3][H:10])([H:12])[H:13])([H:14])[H:15])[H:17],11.0,4.0
9,0.4423500004978407,AM1BCC,OpenEye,,,H,,10,[H:16][C:7]1([C:6]([C:5]([C:4]([C:9]([C:8]1([H:18])[H:19])([H:20])[H:21])([H:11])[C:2](=[O:1])[O:3][H:10])([H:12])[H:13])([H:14])[H:15])[H:17],11.0,4.0
10,0.0815699998111952,AM1BCC,OpenEye,,,H,,11,[H:16][C:7]1([C:6]([C:5]([C:4]([C:9]([C:8]1([H:18])[H:19])([H:20])[H:21])([H:11])[C:2](=[O:1])[O:3][H:10])([H:12])[H:13])([H:14])[H:15])[H:17],11.0,4.0
11,0.053989999351047334,AM1BCC,OpenEye,,,H,,12,[H:16][C:7]1([C:6]([C:5]([C:4]([C:9]([C:8]1([H:18])[H:19])([H:20])[H:21])([H:11])[C:2](=[O:1])[O:3][H:10])([H:12])[H:13])([H:14])[H:15])[H:17],11.0,4.0
12,0.053989999351047334,AM1BCC,OpenEye,,,H,,13,[H:16][C:7]1([C:6]([C:5]([C:4]([C:9]([C:8]1([H:18])[H:19])([H:20])[H:21])([H:11])[C:2](=[O:1])[O:3][H:10])([H:12])[H:13])([H:14])[H:15])[H:17],11.0,4.0
13,0.044020001199983415,AM1BCC,OpenEye,,,H,,14,[H:16][C:7]1([C:6]([C:5]([C:4]([C:9]([C:8]1([H:18])[H:19])([H:20])[H:21])([H:11])[C:2](=[O:1])[O:3][H:10])([H:12])[H:13])([H:14])[H:15])[H:17],11.0,4.0
14,0.044020001199983415,AM1BCC,OpenEye,,,H,,15,[H:16][C:7]1([C:6]([C:5]([C:4]([C:9]([C:8]1([H:18])[H:19])([H:20])[H:21])([H:11])[C:2](=[O:1])[O:3][H:10])([H:12])[H:13])([H:14])[H:15])[H:17],11.0,4.0
15,0.042070001718543824,AM1BCC,OpenEye,,,H,,16,[H:16][C:7]1([C:6]([C:5]([C:4]([C:9]([C:8]1([H:18])[H:19])([H:20])[H:21])([H:11])[C:2](=[O:1])[O:3][H:10])([H:12])[H:13])([H:14])[H:15])[H:17],11.0,4.0
16,0.042070001718543824,AM1BCC,OpenEye,,,H,,17,[H:16][C:7]1([C:6]([C:5]([C:4]([C:9]([C:8]1([H:18])[H:19])([H:20])[H:21])([H:11])[C:2](=[O:1])[O:3][H:10])([H:12])[H:13])([H:14])[H:15])[H:17],11.0,4.0
17,0.044020001199983415,AM1BCC,OpenEye,,,H,,18,[H:16][C:7]1([C:6]([C:5]([C:4]([C:9]([C:8]1([H:18])[H:19])([H:20])[H:21])([H:11])[C:2](=[O:1])[O:3][H:10])([H:12])[H:13])([H:14])[H:15])[H:17],11.0,4.0
18,0.044020001199983415,AM1BCC,OpenEye,,,H,,19,[H:16][C:7]1([C:6]([C:5]([C:4]([C:9]([C:8]1([H:18])[H:19])([H:20])[H:21])([H:11])[C:2](=[O:1])[O:3][H:10])([H:12])[H:13])([H:14])[H:15])[H:17],11.0,4.0
19,0.053989999351047334,AM1BCC,OpenEye,,,H,,20,[H:16][C:7]1([C:6]([C:5]([C:4]([C:9]([C:8]1([H:18])[H:19])([H:20])[H:21])([H:11])[C:2](=[O:1])[O:3][H:10])([H:12])[H:13])([H:14])[H:15])[H:17],11.0,4.0
20,0.053989999351047334,AM1BCC,OpenEye,,,H,,21,[H:16][C:7]1([C:6]([C:5]([C:4]([C:9]([C:8]1([H:18])[H:19])([H:20])[H:21])([H:11])[C:2](=[O:1])[O:3][H:10])([H:12])[H:13])([H:14])[H:15])[H:17],11.0,4.0
0,-0.5510476190476191,AM1BCC,AmberTools,,,O,,1,[H:16][C:7]1([C:6]([C:5]([C:4]([C:9]([C:8]1([H:18])[H:19])([H:20])[H:21])([H:11])[C:2](=[O:1])[O:3][H:10])([H:12])[H:13])([H:14])[H:15])[H:17],11.0,4.0
1,0.6360523809523809,AM1BCC,AmberTools,,,C,,2,[H:16][C:7]1([C:6]([C:5]([C:4]([C:9]([C:8]1([H:18])[H:19])([H:20])[H:21])([H:11])[C:2](=[O:1])[O:3][H:10])([H:12])[H:13])([H:14])[H:15])[H:17],11.0,4.0
2,-0.610147619047619,AM1BCC,AmberTools,,,O,,3,[H:16][C:7]1([C:6]([C:5]([C:4]([C:9]([C:8]1([H:18])[H:19])([H:20])[H:21])([H:11])[C:2](=[O:1])[O:3][H:10])([H:12])[H:13])([H:14])[H:15])[H:17],11.0,4.0
3,-0.10374761904761905,AM1BCC,AmberTools,,,C,,4,[H:16][C:7]1([C:6]([C:5]([C:4]([C:9]([C:8]1([H:18])[H:19])([H:20])[H:21])([H:11])[C:2](=[O:1])[O:3][H:10])([H:12])[H:13])([H:14])[H:15])[H:17],11.0,4.0
4,-0.07394761904761904,AM1BCC,AmberTools,,,C,,5,[H:16][C:7]1([C:6]([C:5]([C:4]([C:9]([C:8]1([H:18])[H:19])([H:20])[H:21])([H:11])[C:2](=[O:1])[O:3][H:10])([H:12])[H:13])([H:14])[H:15])[H:17],11.0,4.0
5,-0.07544761904761904,AM1BCC,AmberTools,,,C,,6,[H:16][C:7]1([C:6]([C:5]([C:4]([C:9]([C:8]1([H:18])[H:19])([H:20])[H:21])([H:11])[C:2](=[O:1])[O:3][H:10])([H:12])[H:13])([H:14])[H:15])[H:17],11.0,4.0
6,-0.07944761904761904,AM1BCC,AmberTools,,,C,,7,[H:16][C:7]1([C:6]([C:5]([C:4]([C:9]([C:8]1([H:18])[H:19])([H:20])[H:21])([H:11])[C:2](=[O:1])[O:3][H:10])([H:12])[H:13])([H:14])[H:15])[H:17],11.0,4.0
7,-0.07544761904761904,AM1BCC,AmberTools,,,C,,8,[H:16][C:7]1([C:6]([C:5]([C:4]([C:9]([C:8]1([H:18])[H:19])([H:20])[H:21])([H:11])[C:2](=[O:1])[O:3][H:10])([H:12])[H:13])([H:14])[H:15])[H:17],11.0,4.0
8,-0.07394761904761904,AM1BCC,AmberTools,,,C,,9,[H:16][C:7]1([C:6]([C:5]([C:4]([C:9]([C:8]1([H:18])[H:19])([H:20])[H:21])([H:11])[C:2](=[O:1])[O:3][H:10])([H:12])[H:13])([H:14])[H:15])[H:17],11.0,4.0
9,0.441952380952381,AM1BCC,AmberTools,,,H,,10,[H:16][C:7]1([C:6]([C:5]([C:4]([C:9]([C:8]1([H:18])[H:19])([H:20])[H:21])([H:11])[C:2](=[O:1])[O:3][H:10])([H:12])[H:13])([H:14])[H:15])[H:17],11.0,4.0
10,0.08265238095238095,AM1BCC,AmberTools,,,H,,11,[H:16][C:7]1([C:6]([C:5]([C:4]([C:9]([C:8]1([H:18])[H:19])([H:20])[H:21])([H:11])[C:2](=[O:1])[O:3][H:10])([H:12])[H:13])([H:14])[H:15])[H:17],11.0,4.0
11,0.05515238095238096,AM1BCC,AmberTools,,,H,,12,[H:16][C:7]1([C:6]([C:5]([C:4]([C:9]([C:8]1([H:18])[H:19])([H:20])[H:21])([H:11])[C:2](=[O:1])[O:3][H:10])([H:12])[H:13])([H:14])[H:15])[H:17],11.0,4.0
12,0.05515238095238096,AM1BCC,AmberTools,,,H,,13,[H:16][C:7]1([C:6]([C:5]([C:4]([C:9]([C:8]1([H:18])[H:19])([H:20])[H:21])([H:11])[C:2](=[O:1])[O:3][H:10])([H:12])[H:13])([H:14])[H:15])[H:17],11.0,4.0
13,0.044402380952380964,AM1BCC,AmberTools,,,H,,14,[H:16][C:7]1([C:6]([C:5]([C:4]([C:9]([C:8]1([H:18])[H:19])([H:20])[H:21])([H:11])[C:2](=[O:1])[O:3][H:10])([H:12])[H:13])([H:14])[H:15])[H:17],11.0,4.0
14,0.044402380952380964,AM1BCC,AmberTools,,,H,,15,[H:16][C:7]1([C:6]([C:5]([C:4]([C:9]([C:8]1([H:18])[H:19])([H:20])[H:21])([H:11])[C:2](=[O:1])[O:3][H:10])([H:12])[H:13])([H:14])[H:15])[H:17],11.0,4.0
15,0.04215238095238096,AM1BCC,AmberTools,,,H,,16,[H:16][C:7]1([C:6]([C:5]([C:4]([C:9]([C:8]1([H:18])[H:19])([H:20])[H:21])([H:11])[C:2](=[O:1])[O:3][H:10])([H:12])[H:13])([H:14])[H:15])[H:17],11.0,4.0
16,0.04215238095238096,AM1BCC,AmberTools,,,H,,17,[H:16][C:7]1([C:6]([C:5]([C:4]([C:9]([C:8]1([H:18])[H:19])([H:20])[H:21])([H:11])[C:2](=[O:1])[O:3][H:10])([H:12])[H:13])([H:14])[H:15])[H:17],11.0,4.0
17,0.044402380952380964,AM1BCC,AmberTools,,,H,,18,[H:16][C:7]1([C:6]([C:5]([C:4]([C:9]([C:8]1([H:18])[H:19])([H:20])[H:21])([H:11])[C:2](=[O:1])[O:3][H:10])([H:12])[H:13])([H:14])[H:15])[H:17],11.0,4.0
18,0.044402380952380964,AM1BCC,AmberTools,,,H,,19,[H:16][C:7]1([C:6]([C:5]([C:4]([C:9]([C:8]1([H:18])[H:19])([H:20])[H:21])([H:11])[C:2](=[O:1])[O:3][H:10])([H:12])[H:13])([H:14])[H:15])[H:17],11.0,4.0
19,0.05515238095238096,AM1BCC,AmberTools,,,H,,20,[H:16][C:7]1([C:6]([C:5]([C:4]([C:9]([C:8]1([H:18])[H:19])([H:20])[H:21])([H:11])[C:2](=[O:1])[O:3][H:10])([H:12])[H:13])([H:14])[H:15])[H:17],11.0,4.0
20,0.05515238095238096,AM1BCC,AmberTools,,,H,,21,[H:16][C:7]1([C:6]([C:5]([C:4]([C:9]([C:8]1([H:18])[H:19])([H:20])[H:21])([H:11])[C:2](=[O:1])[O:3][H:10])([H:12])[H:13])([H:14])[H:15])[H:17],11.0,4.0
0,-0.5512499834100405,AM1BCC,OpenEye,,,O,,1,[H:16][C:7]1([C:6]([C:5]([C:4]([C:9]([C:8]1([H:18])[H:19])([H:20])[H:21])([H:11])[C:2](=[O:1])[O:3][H:10])([H:12])[H:13])([H:14])[H:15])[H:17],11.0,5.0
1,0.6335200046499571,AM1BCC,OpenEye,,,C,,2,[H:16][C:7]1([C:6]([C:5]([C:4]([C:9]([C:8]1([H:18])[H:19])([H:20])[H:21])([H:11])[C:2](=[O:1])[O:3][H:10])([H:12])[H:13])([H:14])[H:15])[H:17],11.0,5.0
2,-0.6048799778024355,AM1BCC,OpenEye,,,O,,3,[H:16][C:7]1([C:6]([C:5]([C:4]([C:9]([C:8]1([H:18])[H:19])([H:20])[H:21])([H:11])[C:2](=[O:1])[O:3][H:10])([H:12])[H:13])([H:14])[H:15])[H:17],11.0,5.0
3,-0.1037500003973643,AM1BCC,OpenEye,,,C,,4,[H:16][C:7]1([C:6]([C:5]([C:4]([C:9]([C:8]1([H:18])[H:19])([H:20])[H:21])([H:11])[C:2](=[O:1])[O:3][H:10])([H:12])[H:13])([H:14])[H:15])[H:17],11.0,5.0
4,-0.07114999989668529,AM1BCC,OpenEye,,,C,,5,[H:16][C:7]1([C:6]([C:5]([C:4]([C:9]([C:8]1([H:18])[H:19])([H:20])[H:21])([H:11])[C:2](=[O:1])[O:3][H:10])([H:12])[H:13])([H:14])[H:15])[H:17],11.0,5.0
5,-0.07619000474611919,AM1BCC,OpenEye,,,C,,6,[H:16][C:7]1([C:6]([C:5]([C:4]([C:9]([C:8]1([H:18])[H:19])([H:20])[H:21])([H:11])[C:2](=[O:1])[O:3][H:10])([H:12])[H:13])([H:14])[H:15])[H:17],11.0,5.0
6,-0.0792799989382426,AM1BCC,OpenEye,,,C,,7,[H:16][C:7]1([C:6]([C:5]([C:4]([C:9]([C:8]1([H:18])[H:19])([H:20])[H:21])([H:11])[C:2](=[O:1])[O:3][H:10])([H:12])[H:13])([H:14])[H:15])[H:17],11.0,5.0
7,-0.07619000474611919,AM1BCC,OpenEye,,,C,,8,[H:16][C:7]1([C:6]([C:5]([C:4]([C:9]([C:8]1([H:18])[H:19])([H:20])[H:21])([H:11])[C:2](=[O:1])[O:3][H:10])([H:12])[H:13])([H:14])[H:15])[H:17],11.0,5.0
8,-0.07114999989668529,AM1BCC,OpenEye,,,C,,9,[H:16][C:7]1([C:6]([C:5]([C:4]([C:9]([C:8]1([H:18])[H:19])([H:20])[H:21])([H:11])[C:2](=[O:1])[O:3][H:10])([H:12])[H:13])([H:14])[H:15])[H:17],11.0,5.0
9,0.44218000521262485,AM1BCC,OpenEye,,,H,,10,[H:16][C:7]1([C:6]([C:5]([C:4]([C:9]([C:8]1([H:18])[H:19])([H:20])[H:21])([H:11])[C:2](=[O:1])[O:3][H:10])([H:12])[H:13])([H:14])[H:15])[H:17],11.0,5.0
10,0.08225999524195989,AM1BCC,OpenEye,,,H,,11,[H:16][C:7]1([C:6]([C:5]([C:4]([C:9]([C:8]1([H:18])[H:19])([H:20])[H:21])([H:11])[C:2](=[O:1])[O:3][H:10])([H:12])[H:13])([H:14])[H:15])[H:17],11.0,5.0
11,0.054049996038277946,AM1BCC,OpenEye,,,H,,12,[H:16][C:7]1([C:6]([C:5]([C:4]([C:9]([C:8]1([H:18])[H:19])([H:20])[H:21])([H:11])[C:2](=[O:1])[O:3][H:10])([H:12])[H:13])([H:14])[H:15])[H:17],11.0,5.0
12,0.054049996038277946,AM1BCC,OpenEye,,,H,,13,[H:16][C:7]1([C:6]([C:5]([C:4]([C:9]([C:8]1([H:18])[H:19])([H:20])[H:21])([H:11])[C:2](=[O:1])[O:3][H:10])([H:12])[H:13])([H:14])[H:15])[H:17],11.0,5.0
13,0.04385999714334806,AM1BCC,OpenEye,,,H,,14,[H:16][C:7]1([C:6]([C:5]([C:4]([C:9]([C:8]1([H:18])[H:19])([H:20])[H:21])([H:11])[C:2](=[O:1])[O:3][H:10])([H:12])[H:13])([H:14])[H:15])[H:17],11.0,5.0
14,0.04385999714334806,AM1BCC,OpenEye,,,H,,15,[H:16][C:7]1([C:6]([C:5]([C:4]([C:9]([C:8]1([H:18])[H:19])([H:20])[H:21])([H:11])[C:2](=[O:1])[O:3][H:10])([H:12])[H:13])([H:14])[H:15])[H:17],11.0,5.0
15,0.042119996001323066,AM1BCC,OpenEye,,,H,,16,[H:16][C:7]1([C:6]([C:5]([C:4]([C:9]([C:8]1([H:18])[H:19])([H:20])[H:21])([H:11])[C:2](=[O:1])[O:3][H:10])([H:12])[H:13])([H:14])[H:15])[H:17],11.0,5.0
16,0.042119996001323066,AM1BCC,OpenEye,,,H,,17,[H:16][C:7]1([C:6]([C:5]([C:4]([C:9]([C:8]1([H:18])[H:19])([H:20])[H:21])([H:11])[C:2](=[O:1])[O:3][H:10])([H:12])[H:13])([H:14])[H:15])[H:17],11.0,5.0
17,0.04385999714334806,AM1BCC,OpenEye,,,H,,18,[H:16][C:7]1([C:6]([C:5]([C:4]([C:9]([C:8]1([H:18])[H:19])([H:20])[H:21])([H:11])[C:2](=[O:1])[O:3][H:10])([H:12])[H:13])([H:14])[H:15])[H:17],11.0,5.0
18,0.04385999714334806,AM1BCC,OpenEye,,,H,,19,[H:16][C:7]1([C:6]([C:5]([C:4]([C:9]([C:8]1([H:18])[H:19])([H:20])[H:21])([H:11])[C:2](=[O:1])[O:3][H:10])([H:12])[H:13])([H:14])[H:15])[H:17],11.0,5.0
19,0.054049996038277946,AM1BCC,OpenEye,,,H,,20,[H:16][C:7]1([C:6]([C:5]([C:4]([C:9]([C:8]1([H:18])[H:19])([H:20])[H:21])([H:11])[C:2](=[O:1])[O:3][H:10])([H:12])[H:13])([H:14])[H:15])[H:17],11.0,5.0
20,0.054049996038277946,AM1BCC,OpenEye,,,H,,21,[H:16][C:7]1([C:6]([C:5]([C:4]([C:9]([C:8]1([H:18])[H:19])([H:20])[H:21])([H:11])[C:2](=[O:1])[O:3][H:10])([H:12])[H:13])([H:14])[H:15])[H:17],11.0,5.0
0,-0.5510476190476191,AM1BCC,AmberTools,,,O,,1,[H:16][C:7]1([C:6]([C:5]([C:4]([C:9]([C:8]1([H:18])[H:19])([H:20])[H:21])([H:11])[C:2](=[O:1])[O:3][H:10])([H:12])[H:13])([H:14])[H:15])[H:17],11.0,5.0
1,0.6360523809523809,AM1BCC,AmberTools,,,C,,2,[H:16][C:7]1([C:6]([C:5]([C:4]([C:9]([C:8]1([H:18])[H:19])([H:20])[H:21])([H:11])[C:2](=[O:1])[O:3][H:10])([H:12])[H:13])([H:14])[H:15])[H:17],11.0,5.0
2,-0.610147619047619,AM1BCC,AmberTools,,,O,,3,[H:16][C:7]1([C:6]([C:5]([C:4]([C:9]([C:8]1([H:18])[H:19])([H:20])[H:21])([H:11])[C:2](=[O:1])[O:3][H:10])([H:12])[H:13])([H:14])[H:15])[H:17],11.0,5.0
3,-0.10374761904761905,AM1BCC,AmberTools,,,C,,4,[H:16][C:7]1([C:6]([C:5]([C:4]([C:9]([C:8]1([H:18])[H:19])([H:20])[H:21])([H:11])[C:2](=[O:1])[O:3][H:10])([H:12])[H:13])([H:14])[H:15])[H:17],11.0,5.0
4,-0.07394761904761904,AM1BCC,AmberTools,,,C,,5,[H:16][C:7]1([C:6]([C:5]([C:4]([C:9]([C:8]1([H:18])[H:19])([H:20])[H:21])([H:11])[C:2](=[O:1])[O:3][H:10])([H:12])[H:13])([H:14])[H:15])[H:17],11.0,5.0
5,-0.07544761904761904,AM1BCC,AmberTools,,,C,,6,[H:16][C:7]1([C:6]([C:5]([C:4]([C:9]([C:8]1([H:18])[H:19])([H:20])[H:21])([H:11])[C:2](=[O:1])[O:3][H:10])([H:12])[H:13])([H:14])[H:15])[H:17],11.0,5.0
6,-0.07944761904761904,AM1BCC,AmberTools,,,C,,7,[H:16][C:7]1([C:6]([C:5]([C:4]([C:9]([C:8]1([H:18])[H:19])([H:20])[H:21])([H:11])[C:2](=[O:1])[O:3][H:10])([H:12])[H:13])([H:14])[H:15])[H:17],11.0,5.0
7,-0.07544761904761904,AM1BCC,AmberTools,,,C,,8,[H:16][C:7]1([C:6]([C:5]([C:4]([C:9]([C:8]1([H:18])[H:19])([H:20])[H:21])([H:11])[C:2](=[O:1])[O:3][H:10])([H:12])[H:13])([H:14])[H:15])[H:17],11.0,5.0
8,-0.07394761904761904,AM1BCC,AmberTools,,,C,,9,[H:16][C:7]1([C:6]([C:5]([C:4]([C:9]([C:8]1([H:18])[H:19])([H:20])[H:21])([H:11])[C:2](=[O:1])[O:3][H:10])([H:12])[H:13])([H:14])[H:15])[H:17],11.0,5.0
9,0.441952380952381,AM1BCC,AmberTools,,,H,,10,[H:16][C:7]1([C:6]([C:5]([C:4]([C:9]([C:8]1([H:18])[H:19])([H:20])[H:21])([H:11])[C:2](=[O:1])[O:3][H:10])([H:12])[H:13])([H:14])[H:15])[H:17],11.0,5.0
10,0.08265238095238095,AM1BCC,AmberTools,,,H,,11,[H:16][C:7]1([C:6]([C:5]([C:4]([C:9]([C:8]1([H:18])[H:19])([H:20])[H:21])([H:11])[C:2](=[O:1])[O:3][H:10])([H:12])[H:13])([H:14])[H:15])[H:17],11.0,5.0
11,0.05515238095238096,AM1BCC,AmberTools,,,H,,12,[H:16][C:7]1([C:6]([C:5]([C:4]([C:9]([C:8]1([H:18])[H:19])([H:20])[H:21])([H:11])[C:2](=[O:1])[O:3][H:10])([H:12])[H:13])([H:14])[H:15])[H:17],11.0,5.0
12,0.05515238095238096,AM1BCC,AmberTools,,,H,,13,[H:16][C:7]1([C:6]([C:5]([C:4]([C:9]([C:8]1([H:18])[H:19])([H:20])[H:21])([H:11])[C:2](=[O:1])[O:3][H:10])([H:12])[H:13])([H:14])[H:15])[H:17],11.0,5.0
13,0.044402380952380964,AM1BCC,AmberTools,,,H,,14,[H:16][C:7]1([C:6]([C:5]([C:4]([C:9]([C:8]1([H:18])[H:19])([H:20])[H:21])([H:11])[C:2](=[O:1])[O:3][H:10])([H:12])[H:13])([H:14])[H:15])[H:17],11.0,5.0
14,0.044402380952380964,AM1BCC,AmberTools,,,H,,15,[H:16][C:7]1([C:6]([C:5]([C:4]([C:9]([C:8]1([H:18])[H:19])([H:20])[H:21])([H:11])[C:2](=[O:1])[O:3][H:10])([H:12])[H:13])([H:14])[H:15])[H:17],11.0,5.0
15,0.04215238095238096,AM1BCC,AmberTools,,,H,,16,[H:16][C:7]1([C:6]([C:5]([C:4]([C:9]([C:8]1([H:18])[H:19])([H:20])[H:21])([H:11])[C:2](=[O:1])[O:3][H:10])([H:12])[H:13])([H:14])[H:15])[H:17],11.0,5.0
16,0.04215238095238096,AM1BCC,AmberTools,,,H,,17,[H:16][C:7]1([C:6]([C:5]([C:4]([C:9]([C:8]1([H:18])[H:19])([H:20])[H:21])([H:11])[C:2](=[O:1])[O:3][H:10])([H:12])[H:13])([H:14])[H:15])[H:17],11.0,5.0
17,0.044402380952380964,AM1BCC,AmberTools,,,H,,18,[H:16][C:7]1([C:6]([C:5]([C:4]([C:9]([C:8]1([H:18])[H:19])([H:20])[H:21])([H:11])[C:2](=[O:1])[O:3][H:10])([H:12])[H:13])([H:14])[H:15])[H:17],11.0,5.0
18,0.044402380952380964,AM1BCC,AmberTools,,,H,,19,[H:16][C:7]1([C:6]([C:5]([C:4]([C:9]([C:8]1([H:18])[H:19])([H:20])[H:21])([H:11])[C:2](=[O:1])[O:3][H:10])([H:12])[H:13])([H:14])[H:15])[H:17],11.0,5.0
19,0.05515238095238096,AM1BCC,AmberTools,,,H,,20,[H:16][C:7]1([C:6]([C:5]([C:4]([C:9]([C:8]1([H:18])[H:19])([H:20])[H:21])([H:11])[C:2](=[O:1])[O:3][H:10])([H:12])[H:13])([H:14])[H:15])[H:17],11.0,5.0
20,0.05515238095238096,AM1BCC,AmberTools,,,H,,21,[H:16][C:7]1([C:6]([C:5]([C:4]([C:9]([C:8]1([H:18])[H:19])([H:20])[H:21])([H:11])[C:2](=[O:1])[O:3][H:10])([H:12])[H:13])([H:14])[H:15])[H:17],11.0,5.0
0,-0.5517600192910149,AM1BCC,OpenEye,,,O,,1,[H:16][C:7]1([C:6]([C:5]([C:4]([C:9]([C:8]1([H:18])[H:19])([H:20])[H:21])([H:11])[C:2](=[O:1])[O:3][H:10])([H:12])[H:13])([H:14])[H:15])[H:17],11.0,6.0
1,0.6334000215643928,AM1BCC,OpenEye,,,C,,2,[H:16][C:7]1([C:6]([C:5]([C:4]([C:9]([C:8]1([H:18])[H:19])([H:20])[H:21])([H:11])[C:2](=[O:1])[O:3][H:10])([H:12])[H:13])([H:14])[H:15])[H:17],11.0,6.0
2,-0.6043199911004021,AM1BCC,OpenEye,,,O,,3,[H:16][C:7]1([C:6]([C:5]([C:4]([C:9]([C:8]1([H:18])[H:19])([H:20])[H:21])([H:11])[C:2](=[O:1])[O:3][H:10])([H:12])[H:13])([H:14])[H:15])[H:17],11.0,6.0
3,-0.10388000451383136,AM1BCC,OpenEye,,,C,,4,[H:16][C:7]1([C:6]([C:5]([C:4]([C:9]([C:8]1([H:18])[H:19])([H:20])[H:21])([H:11])[C:2](=[O:1])[O:3][H:10])([H:12])[H:13])([H:14])[H:15])[H:17],11.0,6.0
4,-0.0709500028973534,AM1BCC,OpenEye,,,C,,5,[H:16][C:7]1([C:6]([C:5]([C:4]([C:9]([C:8]1([H:18])[H:19])([H:20])[H:21])([H:11])[C:2](=[O:1])[O:3][H:10])([H:12])[H:13])([H:14])[H:15])[H:17],11.0,6.0
5,-0.07603000246343158,AM1BCC,OpenEye,,,C,,6,[H:16][C:7]1([C:6]([C:5]([C:4]([C:9]([C:8]1([H:18])[H:19])([H:20])[H:21])([H:11])[C:2](=[O:1])[O:3][H:10])([H:12])[H:13])([H:14])[H:15])[H:17],11.0,6.0
6,-0.07952000342664264,AM1BCC,OpenEye,,,C,,7,[H:16][C:7]1([C:6]([C:5]([C:4]([C:9]([C:8]1([H:18])[H:19])([H:20])[H:21])([H:11])[C:2](=[O:1])[O:3][H:10])([H:12])[H:13])([H:14])[H:15])[H:17],11.0,6.0
7,-0.07603000246343158,AM1BCC,OpenEye,,,C,,8,[H:16][C:7]1([C:6]([C:5]([C:4]([C:9]([C:8]1([H:18])[H:19])([H:20])[H:21])([H:11])[C:2](=[O:1])[O:3][H:10])([H:12])[H:13])([H:14])[H:15])[H:17],11.0,6.0
8,-0.0709500028973534,AM1BCC,OpenEye,,,C,,9,[H:16][C:7]1([C:6]([C:5]([C:4]([C:9]([C:8]1([H:18])[H:19])([H:20])[H:21])([H:11])[C:2](=[O:1])[O:3][H:10])([H:12])[H:13])([H:14])[H:15])[H:17],11.0,6.0
9,0.4423800096625373,AM1BCC,OpenEye,,,H,,10,[H:16][C:7]1([C:6]([C:5]([C:4]([C:9]([C:8]1([H:18])[H:19])([H:20])[H:21])([H:11])[C:2](=[O:1])[O:3][H:10])([H:12])[H:13])([H:14])[H:15])[H:17],11.0,6.0
10,0.08155999935808636,AM1BCC,OpenEye,,,H,,11,[H:16][C:7]1([C:6]([C:5]([C:4]([C:9]([C:8]1([H:18])[H:19])([H:20])[H:21])([H:11])[C:2](=[O:1])[O:3][H:10])([H:12])[H:13])([H:14])[H:15])[H:17],11.0,6.0
11,0.05397000021877743,AM1BCC,OpenEye,,,H,,12,[H:16][C:7]1([C:6]([C:5]([C:4]([C:9]([C:8]1([H:18])[H:19])([H:20])[H:21])([H:11])[C:2](=[O:1])[O:3][H:10])([H:12])[H:13])([H:14])[H:15])[H:17],11.0,6.0
12,0.05397000021877743,AM1BCC,OpenEye,,,H,,13,[H:16][C:7]1([C:6]([C:5]([C:4]([C:9]([C:8]1([H:18])[H:19])([H:20])[H:21])([H:11])[C:2](=[O:1])[O:3][H:10])([H:12])[H:13])([H:14])[H:15])[H:17],11.0,6.0
13,0.044019999426035655,AM1BCC,OpenEye,,,H,,14,[H:16][C:7]1([C:6]([C:5]([C:4]([C:9]([C:8]1([H:18])[H:19])([H:20])[H:21])([H:11])[C:2](=[O:1])[O:3][H:10])([H:12])[H:13])([H:14])[H:15])[H:17],11.0,6.0
14,0.044019999426035655,AM1BCC,OpenEye,,,H,,15,[H:16][C:7]1([C:6]([C:5]([C:4]([C:9]([C:8]1([H:18])[H:19])([H:20])[H:21])([H:11])[C:2](=[O:1])[O:3][H:10])([H:12])[H:13])([H:14])[H:15])[H:17],11.0,6.0
15,0.042069999944596065,AM1BCC,OpenEye,,,H,,16,[H:16][C:7]1([C:6]([C:5]([C:4]([C:9]([C:8]1([H:18])[H:19])([H:20])[H:21])([H:11])[C:2](=[O:1])[O:3][H:10])([H:12])[H:13])([H:14])[H:15])[H:17],11.0,6.0
16,0.042069999944596065,AM1BCC,OpenEye,,,H,,17,[H:16][C:7]1([C:6]([C:5]([C:4]([C:9]([C:8]1([H:18])[H:19])([H:20])[H:21])([H:11])[C:2](=[O:1])[O:3][H:10])([H:12])[H:13])([H:14])[H:15])[H:17],11.0,6.0
17,0.044019999426035655,AM1BCC,OpenEye,,,H,,18,[H:16][C:7]1([C:6]([C:5]([C:4]([C:9]([C:8]1([H:18])[H:19])([H:20])[H:21])([H:11])[C:2](=[O:1])[O:3][H:10])([H:12])[H:13])([H:14])[H:15])[H:17],11.0,6.0
18,0.044019999426035655,AM1BCC,OpenEye,,,H,,19,[H:16][C:7]1([C:6]([C:5]([C:4]([C:9]([C:8]1([H:18])[H:19])([H:20])[H:21])([H:11])[C:2](=[O:1])[O:3][H:10])([H:12])[H:13])([H:14])[H:15])[H:17],11.0,6.0
19,0.05397000021877743,AM1BCC,OpenEye,,,H,,20,[H:16][C:7]1([C:6]([C:5]([C:4]([C:9]([C:8]1([H:18])[H:19])([H:20])[H:21])([H:11])[C:2](=[O:1])[O:3][H:10])([H:12])[H:13])([H:14])[H:15])[H:17],11.0,6.0
20,0.05397000021877743,AM1BCC,OpenEye,,,H,,21,[H:16][C:7]1([C:6]([C:5]([C:4]([C:9]([C:8]1([H:18])[H:19])([H:20])[H:21])([H:11])[C:2](=[O:1])[O:3][H:10])([H:12])[H:13])([H:14])[H:15])[H:17],11.0,6.0
0,-0.5510476190476191,AM1BCC,AmberTools,,,O,,1,[H:16][C:7]1([C:6]([C:5]([C:4]([C:9]([C:8]1([H:18])[H:19])([H:20])[H:21])([H:11])[C:2](=[O:1])[O:3][H:10])([H:12])[H:13])([H:14])[H:15])[H:17],11.0,6.0
1,0.6360523809523809,AM1BCC,AmberTools,,,C,,2,[H:16][C:7]1([C:6]([C:5]([C:4]([C:9]([C:8]1([H:18])[H:19])([H:20])[H:21])([H:11])[C:2](=[O:1])[O:3][H:10])([H:12])[H:13])([H:14])[H:15])[H:17],11.0,6.0
2,-0.610147619047619,AM1BCC,AmberTools,,,O,,3,[H:16][C:7]1([C:6]([C:5]([C:4]([C:9]([C:8]1([H:18])[H:19])([H:20])[H:21])([H:11])[C:2](=[O:1])[O:3][H:10])([H:12])[H:13])([H:14])[H:15])[H:17],11.0,6.0
3,-0.10374761904761905,AM1BCC,AmberTools,,,C,,4,[H:16][C:7]1([C:6]([C:5]([C:4]([C:9]([C:8]1([H:18])[H:19])([H:20])[H:21])([H:11])[C:2](=[O:1])[O:3][H:10])([H:12])[H:13])([H:14])[H:15])[H:17],11.0,6.0
4,-0.07394761904761904,AM1BCC,AmberTools,,,C,,5,[H:16][C:7]1([C:6]([C:5]([C:4]([C:9]([C:8]1([H:18])[H:19])([H:20])[H:21])([H:11])[C:2](=[O:1])[O:3][H:10])([H:12])[H:13])([H:14])[H:15])[H:17],11.0,6.0
5,-0.07544761904761904,AM1BCC,AmberTools,,,C,,6,[H:16][C:7]1([C:6]([C:5]([C:4]([C:9]([C:8]1([H:18])[H:19])([H:20])[H:21])([H:11])[C:2](=[O:1])[O:3][H:10])([H:12])[H:13])([H:14])[H:15])[H:17],11.0,6.0
6,-0.07944761904761904,AM1BCC,AmberTools,,,C,,7,[H:16][C:7]1([C:6]([C:5]([C:4]([C:9]([C:8]1([H:18])[H:19])([H:20])[H:21])([H:11])[C:2](=[O:1])[O:3][H:10])([H:12])[H:13])([H:14])[H:15])[H:17],11.0,6.0
7,-0.07544761904761904,AM1BCC,AmberTools,,,C,,8,[H:16][C:7]1([C:6]([C:5]([C:4]([C:9]([C:8]1([H:18])[H:19])([H:20])[H:21])([H:11])[C:2](=[O:1])[O:3][H:10])([H:12])[H:13])([H:14])[H:15])[H:17],11.0,6.0
8,-0.07394761904761904,AM1BCC,AmberTools,,,C,,9,[H:16][C:7]1([C:6]([C:5]([C:4]([C:9]([C:8]1([H:18])[H:19])([H:20])[H:21])([H:11])[C:2](=[O:1])[O:3][H:10])([H:12])[H:13])([H:14])[H:15])[H:17],11.0,6.0
9,0.441952380952381,AM1BCC,AmberTools,,,H,,10,[H:16][C:7]1([C:6]([C:5]([C:4]([C:9]([C:8]1([H:18])[H:19])([H:20])[H:21])([H:11])[C:2](=[O:1])[O:3][H:10])([H:12])[H:13])([H:14])[H:15])[H:17],11.0,6.0
10,0.08265238095238095,AM1BCC,AmberTools,,,H,,11,[H:16][C:7]1([C:6]([C:5]([C:4]([C:9]([C:8]1([H:18])[H:19])([H:20])[H:21])([H:11])[C:2](=[O:1])[O:3][H:10])([H:12])[H:13])([H:14])[H:15])[H:17],11.0,6.0
11,0.05515238095238096,AM1BCC,AmberTools,,,H,,12,[H:16][C:7]1([C:6]([C:5]([C:4]([C:9]([C:8]1([H:18])[H:19])([H:20])[H:21])([H:11])[C:2](=[O:1])[O:3][H:10])([H:12])[H:13])([H:14])[H:15])[H:17],11.0,6.0
12,0.05515238095238096,AM1BCC,AmberTools,,,H,,13,[H:16][C:7]1([C:6]([C:5]([C:4]([C:9]([C:8]1([H:18])[H:19])([H:20])[H:21])([H:11])[C:2](=[O:1])[O:3][H:10])([H:12])[H:13])([H:14])[H:15])[H:17],11.0,6.0
13,0.044402380952380964,AM1BCC,AmberTools,,,H,,14,[H:16][C:7]1([C:6]([C:5]([C:4]([C:9]([C:8]1([H:18])[H:19])([H:20])[H:21])([H:11])[C:2](=[O:1])[O:3][H:10])([H:12])[H:13])([H:14])[H:15])[H:17],11.0,6.0
14,0.044402380952380964,AM1BCC,AmberTools,,,H,,15,[H:16][C:7]1([C:6]([C:5]([C:4]([C:9]([C:8]1([H:18])[H:19])([H:20])[H:21])([H:11])[C:2](=[O:1])[O:3][H:10])([H:12])[H:13])([H:14])[H:15])[H:17],11.0,6.0
15,0.04215238095238096,AM1BCC,AmberTools,,,H,,16,[H:16][C:7]1([C:6]([C:5]([C:4]([C:9]([C:8]1([H:18])[H:19])([H:20])[H:21])([H:11])[C:2](=[O:1])[O:3][H:10])([H:12])[H:13])([H:14])[H:15])[H:17],11.0,6.0
16,0.04215238095238096,AM1BCC,AmberTools,,,H,,17,[H:16][C:7]1([C:6]([C:5]([C:4]([C:9]([C:8]1([H:18])[H:19])([H:20])[H:21])([H:11])[C:2](=[O:1])[O:3][H:10])([H:12])[H:13])([H:14])[H:15])[H:17],11.0,6.0
17,0.044402380952380964,AM1BCC,AmberTools,,,H,,18,[H:16][C:7]1([C:6]([C:5]([C:4]([C:9]([C:8]1([H:18])[H:19])([H:20])[H:21])([H:11])[C:2](=[O:1])[O:3][H:10])([H:12])[H:13])([H:14])[H:15])[H:17],11.0,6.0
18,0.044402380952380964,AM1BCC,AmberTools,,,H,,19,[H:16][C:7]1([C:6]([C:5]([C:4]([C:9]([C:8]1([H:18])[H:19])([H:20])[H:21])([H:11])[C:2](=[O:1])[O:3][H:10])([H:12])[H:13])([H:14])[H:15])[H:17],11.0,6.0
19,0.05515238095238096,AM1BCC,AmberTools,,,H,,20,[H:16][C:7]1([C:6]([C:5]([C:4]([C:9]([C:8]1([H:18])[H:19])([H:20])[H:21])([H:11])[C:2](=[O:1])[O:3][H:10])([H:12])[H:13])([H:14])[H:15])[H:17],11.0,6.0
20,0.05515238095238096,AM1BCC,AmberTools,,,H,,21,[H:16][C:7]1([C:6]([C:5]([C:4]([C:9]([C:8]1([H:18])[H:19])([H:20])[H:21])([H:11])[C:2](=[O:1])[O:3][H:10])([H:12])[H:13])([H:14])[H:15])[H:17],11.0,6.0
0,-0.5521799911345754,AM1BCC,OpenEye,,,O,,1,[H:16][C:7]1([C:6]([C:5]([C:4]([C:9]([C:8]1([H:18])[H:19])([H:20])[H:21])([H:11])[C:2](=[O:1])[O:3][H:10])([H:12])[H:13])([H:14])[H:15])[H:17],11.0,7.0
1,0.633220018020698,AM1BCC,OpenEye,,,C,,2,[H:16][C:7]1([C:6]([C:5]([C:4]([C:9]([C:8]1([H:18])[H:19])([H:20])[H:21])([H:11])[C:2](=[O:1])[O:3][H:10])([H:12])[H:13])([H:14])[H:15])[H:17],11.0,7.0
2,-0.6042600263442311,AM1BCC,OpenEye,,,O,,3,[H:16][C:7]1([C:6]([C:5]([C:4]([C:9]([C:8]1([H:18])[H:19])([H:20])[H:21])([H:11])[C:2](=[O:1])[O:3][H:10])([H:12])[H:13])([H:14])[H:15])[H:17],11.0,7.0
3,-0.10402999711888176,AM1BCC,OpenEye,,,C,,4,[H:16][C:7]1([C:6]([C:5]([C:4]([C:9]([C:8]1([H:18])[H:19])([H:20])[H:21])([H:11])[C:2](=[O:1])[O:3][H:10])([H:12])[H:13])([H:14])[H:15])[H:17],11.0,7.0
4,-0.07084999872105462,AM1BCC,OpenEye,,,C,,5,[H:16][C:7]1([C:6]([C:5]([C:4]([C:9]([C:8]1([H:18])[H:19])([H:20])[H:21])([H:11])[C:2](=[O:1])[O:3][H:10])([H:12])[H:13])([H:14])[H:15])[H:17],11.0,7.0
5,-0.07614999903099877,AM1BCC,OpenEye,,,C,,6,[H:16][C:7]1([C:6]([C:5]([C:4]([C:9]([C:8]1([H:18])[H:19])([H:20])[H:21])([H:11])[C:2](=[O:1])[O:3][H:10])([H:12])[H:13])([H:14])[H:15])[H:17],11.0,7.0
6,-0.07963000131504876,AM1BCC,OpenEye,,,C,,7,[H:16][C:7]1([C:6]([C:5]([C:4]([C:9]([C:8]1([H:18])[H:19])([H:20])[H:21])([H:11])[C:2](=[O:1])[O:3][H:10])([H:12])[H:13])([H:14])[H:15])[H:17],11.0,7.0
7,-0.07614999903099877,AM1BCC,OpenEye,,,C,,8,[H:16][C:7]1([C:6]([C:5]([C:4]([C:9]([C:8]1([H:18])[H:19])([H:20])[H:21])([H:11])[C:2](=[O:1])[O:3][H:10])([H:12])[H:13])([H:14])[H:15])[H:17],11.0,7.0
8,-0.07084999872105462,AM1BCC,OpenEye,,,C,,9,[H:16][C:7]1([C:6]([C:5]([C:4]([C:9]([C:8]1([H:18])[H:19])([H:20])[H:21])([H:11])[C:2](=[O:1])[O:3][H:10])([H:12])[H:13])([H:14])[H:15])[H:17],11.0,7.0
9,0.44288998948676245,AM1BCC,OpenEye,,,H,,10,[H:16][C:7]1([C:6]([C:5]([C:4]([C:9]([C:8]1([H:18])[H:19])([H:20])[H:21])([H:11])[C:2](=[O:1])[O:3][H:10])([H:12])[H:13])([H:14])[H:15])[H:17],11.0,7.0
10,0.08146999882800239,AM1BCC,OpenEye,,,H,,11,[H:16][C:7]1([C:6]([C:5]([C:4]([C:9]([C:8]1([H:18])[H:19])([H:20])[H:21])([H:11])[C:2](=[O:1])[O:3][H:10])([H:12])[H:13])([H:14])[H:15])[H:17],11.0,7.0
11,0.05407999934894698,AM1BCC,OpenEye,,,H,,12,[H:16][C:7]1([C:6]([C:5]([C:4]([C:9]([C:8]1([H:18])[H:19])([H:20])[H:21])([H:11])[C:2](=[O:1])[O:3][H:10])([H:12])[H:13])([H:14])[H:15])[H:17],11.0,7.0
12,0.05407999934894698,AM1BCC,OpenEye,,,H,,13,[H:16][C:7]1([C:6]([C:5]([C:4]([C:9]([C:8]1([H:18])[H:19])([H:20])[H:21])([H:11])[C:2](=[O:1])[O:3][H:10])([H:12])[H:13])([H:14])[H:15])[H:17],11.0,7.0
13,0.04402000190956252,AM1BCC,OpenEye,,,H,,14,[H:16][C:7]1([C:6]([C:5]([C:4]([C:9]([C:8]1([H:18])[H:19])([H:20])[H:21])([H:11])[C:2](=[O:1])[O:3][H:10])([H:12])[H:13])([H:14])[H:15])[H:17],11.0,7.0
14,0.04402000190956252,AM1BCC,OpenEye,,,H,,15,[H:16][C:7]1([C:6]([C:5]([C:4]([C:9]([C:8]1([H:18])[H:19])([H:20])[H:21])([H:11])[C:2](=[O:1])[O:3][H:10])([H:12])[H:13])([H:14])[H:15])[H:17],11.0,7.0
15,0.04206000002367156,AM1BCC,OpenEye,,,H,,16,[H:16][C:7]1([C:6]([C:5]([C:4]([C:9]([C:8]1([H:18])[H:19])([H:20])[H:21])([H:11])[C:2](=[O:1])[O:3][H:10])([H:12])[H:13])([H:14])[H:15])[H:17],11.0,7.0
16,0.04206000002367156,AM1BCC,OpenEye,,,H,,17,[H:16][C:7]1([C:6]([C:5]([C:4]([C:9]([C:8]1([H:18])[H:19])([H:20])[H:21])([H:11])[C:2](=[O:1])[O:3][H:10])([H:12])[H:13])([H:14])[H:15])[H:17],11.0,7.0
17,0.04402000190956252,AM1BCC,OpenEye,,,H,,18,[H:16][C:7]1([C:6]([C:5]([C:4]([C:9]([C:8]1([H:18])[H:19])([H:20])[H:21])([H:11])[C:2](=[O:1])[O:3][H:10])([H:12])[H:13])([H:14])[H:15])[H:17],11.0,7.0
18,0.04402000190956252,AM1BCC,OpenEye,,,H,,19,[H:16][C:7]1([C:6]([C:5]([C:4]([C:9]([C:8]1([H:18])[H:19])([H:20])[H:21])([H:11])[C:2](=[O:1])[O:3][H:10])([H:12])[H:13])([H:14])[H:15])[H:17],11.0,7.0
19,0.05407999934894698,AM1BCC,OpenEye,,,H,,20,[H:16][C:7]1([C:6]([C:5]([C:4]([C:9]([C:8]1([H:18])[H:19])([H:20])[H:21])([H:11])[C:2](=[O:1])[O:3][H:10])([H:12])[H:13])([H:14])[H:15])[H:17],11.0,7.0
20,0.05407999934894698,AM1BCC,OpenEye,,,H,,21,[H:16][C:7]1([C:6]([C:5]([C:4]([C:9]([C:8]1([H:18])[H:19])([H:20])[H:21])([H:11])[C:2](=[O:1])[O:3][H:10])([H:12])[H:13])([H:14])[H:15])[H:17],11.0,7.0
0,-0.5510476190476191,AM1BCC,AmberTools,,,O,,1,[H:16][C:7]1([C:6]([C:5]([C:4]([C:9]([C:8]1([H:18])[H:19])([H:20])[H:21])([H:11])[C:2](=[O:1])[O:3][H:10])([H:12])[H:13])([H:14])[H:15])[H:17],11.0,7.0
1,0.6360523809523809,AM1BCC,AmberTools,,,C,,2,[H:16][C:7]1([C:6]([C:5]([C:4]([C:9]([C:8]1([H:18])[H:19])([H:20])[H:21])([H:11])[C:2](=[O:1])[O:3][H:10])([H:12])[H:13])([H:14])[H:15])[H:17],11.0,7.0
2,-0.610147619047619,AM1BCC,AmberTools,,,O,,3,[H:16][C:7]1([C:6]([C:5]([C:4]([C:9]([C:8]1([H:18])[H:19])([H:20])[H:21])([H:11])[C:2](=[O:1])[O:3][H:10])([H:12])[H:13])([H:14])[H:15])[H:17],11.0,7.0
3,-0.10374761904761905,AM1BCC,AmberTools,,,C,,4,[H:16][C:7]1([C:6]([C:5]([C:4]([C:9]([C:8]1([H:18])[H:19])([H:20])[H:21])([H:11])[C:2](=[O:1])[O:3][H:10])([H:12])[H:13])([H:14])[H:15])[H:17],11.0,7.0
4,-0.07394761904761904,AM1BCC,AmberTools,,,C,,5,[H:16][C:7]1([C:6]([C:5]([C:4]([C:9]([C:8]1([H:18])[H:19])([H:20])[H:21])([H:11])[C:2](=[O:1])[O:3][H:10])([H:12])[H:13])([H:14])[H:15])[H:17],11.0,7.0
5,-0.07544761904761904,AM1BCC,AmberTools,,,C,,6,[H:16][C:7]1([C:6]([C:5]([C:4]([C:9]([C:8]1([H:18])[H:19])([H:20])[H:21])([H:11])[C:2](=[O:1])[O:3][H:10])([H:12])[H:13])([H:14])[H:15])[H:17],11.0,7.0
6,-0.07944761904761904,AM1BCC,AmberTools,,,C,,7,[H:16][C:7]1([C:6]([C:5]([C:4]([C:9]([C:8]1([H:18])[H:19])([H:20])[H:21])([H:11])[C:2](=[O:1])[O:3][H:10])([H:12])[H:13])([H:14])[H:15])[H:17],11.0,7.0
7,-0.07544761904761904,AM1BCC,AmberTools,,,C,,8,[H:16][C:7]1([C:6]([C:5]([C:4]([C:9]([C:8]1([H:18])[H:19])([H:20])[H:21])([H:11])[C:2](=[O:1])[O:3][H:10])([H:12])[H:13])([H:14])[H:15])[H:17],11.0,7.0
8,-0.07394761904761904,AM1BCC,AmberTools,,,C,,9,[H:16][C:7]1([C:6]([C:5]([C:4]([C:9]([C:8]1([H:18])[H:19])([H:20])[H:21])([H:11])[C:2](=[O:1])[O:3][H:10])([H:12])[H:13])([H:14])[H:15])[H:17],11.0,7.0
9,0.441952380952381,AM1BCC,AmberTools,,,H,,10,[H:16][C:7]1([C:6]([C:5]([C:4]([C:9]([C:8]1([H:18])[H:19])([H:20])[H:21])([H:11])[C:2](=[O:1])[O:3][H:10])([H:12])[H:13])([H:14])[H:15])[H:17],11.0,7.0
10,0.08265238095238095,AM1BCC,AmberTools,,,H,,11,[H:16][C:7]1([C:6]([C:5]([C:4]([C:9]([C:8]1([H:18])[H:19])([H:20])[H:21])([H:11])[C:2](=[O:1])[O:3][H:10])([H:12])[H:13])([H:14])[H:15])[H:17],11.0,7.0
11,0.05515238095238096,AM1BCC,AmberTools,,,H,,12,[H:16][C:7]1([C:6]([C:5]([C:4]([C:9]([C:8]1([H:18])[H:19])([H:20])[H:21])([H:11])[C:2](=[O:1])[O:3][H:10])([H:12])[H:13])([H:14])[H:15])[H:17],11.0,7.0
12,0.05515238095238096,AM1BCC,AmberTools,,,H,,13,[H:16][C:7]1([C:6]([C:5]([C:4]([C:9]([C:8]1([H:18])[H:19])([H:20])[H:21])([H:11])[C:2](=[O:1])[O:3][H:10])([H:12])[H:13])([H:14])[H:15])[H:17],11.0,7.0
13,0.044402380952380964,AM1BCC,AmberTools,,,H,,14,[H:16][C:7]1([C:6]([C:5]([C:4]([C:9]([C:8]1([H:18])[H:19])([H:20])[H:21])([H:11])[C:2](=[O:1])[O:3][H:10])([H:12])[H:13])([H:14])[H:15])[H:17],11.0,7.0
14,0.044402380952380964,AM1BCC,AmberTools,,,H,,15,[H:16][C:7]1([C:6]([C:5]([C:4]([C:9]([C:8]1([H:18])[H:19])([H:20])[H:21])([H:11])[C:2](=[O:1])[O:3][H:10])([H:12])[H:13])([H:14])[H:15])[H:17],11.0,7.0
15,0.04215238095238096,AM1BCC,AmberTools,,,H,,16,[H:16][C:7]1([C:6]([C:5]([C:4]([C:9]([C:8]1([H:18])[H:19])([H:20])[H:21])([H:11])[C:2](=[O:1])[O:3][H:10])([H:12])[H:13])([H:14])[H:15])[H:17],11.0,7.0
16,0.04215238095238096,AM1BCC,AmberTools,,,H,,17,[H:16][C:7]1([C:6]([C:5]([C:4]([C:9]([C:8]1([H:18])[H:19])([H:20])[H:21])([H:11])[C:2](=[O:1])[O:3][H:10])([H:12])[H:13])([H:14])[H:15])[H:17],11.0,7.0
17,0.044402380952380964,AM1BCC,AmberTools,,,H,,18,[H:16][C:7]1([C:6]([C:5]([C:4]([C:9]([C:8]1([H:18])[H:19])([H:20])[H:21])([H:11])[C:2](=[O:1])[O:3][H:10])([H:12])[H:13])([H:14])[H:15])[H:17],11.0,7.0
18,0.044402380952380964,AM1BCC,AmberTools,,,H,,19,[H:16][C:7]1([C:6]([C:5]([C:4]([C:9]([C:8]1([H:18])[H:19])([H:20])[H:21])([H:11])[C:2](=[O:1])[O:3][H:10])([H:12])[H:13])([H:14])[H:15])[H:17],11.0,7.0
19,0.05515238095238096,AM1BCC,AmberTools,,,H,,20,[H:16][C:7]1([C:6]([C:5]([C:4]([C:9]([C:8]1([H:18])[H:19])([H:20])[H:21])([H:11])[C:2](=[O:1])[O:3][H:10])([H:12])[H:13])([H:14])[H:15])[H:17],11.0,7.0
20,0.05515238095238096,AM1BCC,AmberTools,,,H,,21,[H:16][C:7]1([C:6]([C:5]([C:4]([C:9]([C:8]1([H:18])[H:19])([H:20])[H:21])([H:11])[C:2](=[O:1])[O:3][H:10])([H:12])[H:13])([H:14])[H:15])[H:17],11.0,7.0
0,-0.5522000168760618,AM1BCC,OpenEye,,,O,,1,[H:16][C:7]1([C:6]([C:5]([C:4]([C:9]([C:8]1([H:18])[H:19])([H:20])[H:21])([H:11])[C:2](=[O:1])[O:3][H:10])([H:12])[H:13])([H:14])[H:15])[H:17],11.0,8.0
1,0.6331599975625674,AM1BCC,OpenEye,,,C,,2,[H:16][C:7]1([C:6]([C:5]([C:4]([C:9]([C:8]1([H:18])[H:19])([H:20])[H:21])([H:11])[C:2](=[O:1])[O:3][H:10])([H:12])[H:13])([H:14])[H:15])[H:17],11.0,8.0
2,-0.604260024925073,AM1BCC,OpenEye,,,O,,3,[H:16][C:7]1([C:6]([C:5]([C:4]([C:9]([C:8]1([H:18])[H:19])([H:20])[H:21])([H:11])[C:2](=[O:1])[O:3][H:10])([H:12])[H:13])([H:14])[H:15])[H:17],11.0,8.0
3,-0.1039799948533376,AM1BCC,OpenEye,,,C,,4,[H:16][C:7]1([C:6]([C:5]([C:4]([C:9]([C:8]1([H:18])[H:19])([H:20])[H:21])([H:11])[C:2](=[O:1])[O:3][H:10])([H:12])[H:13])([H:14])[H:15])[H:17],11.0,8.0
4,-0.07085999598105748,AM1BCC,OpenEye,,,C,,5,[H:16][C:7]1([C:6]([C:5]([C:4]([C:9]([C:8]1([H:18])[H:19])([H:20])[H:21])([H:11])[C:2](=[O:1])[O:3][H:10])([H:12])[H:13])([H:14])[H:15])[H:17],11.0,8.0
5,-0.07611999412377675,AM1BCC,OpenEye,,,C,,6,[H:16][C:7]1([C:6]([C:5]([C:4]([C:9]([C:8]1([H:18])[H:19])([H:20])[H:21])([H:11])[C:2](=[O:1])[O:3][H:10])([H:12])[H:13])([H:14])[H:15])[H:17],11.0,8.0
6,-0.07959999640782674,AM1BCC,OpenEye,,,C,,7,[H:16][C:7]1([C:6]([C:5]([C:4]([C:9]([C:8]1([H:18])[H:19])([H:20])[H:21])([H:11])[C:2](=[O:1])[O:3][H:10])([H:12])[H:13])([H:14])[H:15])[H:17],11.0,8.0
7,-0.07611999412377675,AM1BCC,OpenEye,,,C,,8,[H:16][C:7]1([C:6]([C:5]([C:4]([C:9]([C:8]1([H:18])[H:19])([H:20])[H:21])([H:11])[C:2](=[O:1])[O:3][H:10])([H:12])[H:13])([H:14])[H:15])[H:17],11.0,8.0
8,-0.07085999598105748,AM1BCC,OpenEye,,,C,,9,[H:16][C:7]1([C:6]([C:5]([C:4]([C:9]([C:8]1([H:18])[H:19])([H:20])[H:21])([H:11])[C:2](=[O:1])[O:3][H:10])([H:12])[H:13])([H:14])[H:15])[H:17],11.0,8.0
9,0.4428899909059207,AM1BCC,OpenEye,,,H,,10,[H:16][C:7]1([C:6]([C:5]([C:4]([C:9]([C:8]1([H:18])[H:19])([H:20])[H:21])([H:11])[C:2](=[O:1])[O:3][H:10])([H:12])[H:13])([H:14])[H:15])[H:17],11.0,8.0
10,0.0814700002471606,AM1BCC,OpenEye,,,H,,11,[H:16][C:7]1([C:6]([C:5]([C:4]([C:9]([C:8]1([H:18])[H:19])([H:20])[H:21])([H:11])[C:2](=[O:1])[O:3][H:10])([H:12])[H:13])([H:14])[H:15])[H:17],11.0,8.0
11,0.05406000340978304,AM1BCC,OpenEye,,,H,,12,[H:16][C:7]1([C:6]([C:5]([C:4]([C:9]([C:8]1([H:18])[H:19])([H:20])[H:21])([H:11])[C:2](=[O:1])[O:3][H:10])([H:12])[H:13])([H:14])[H:15])[H:17],11.0,8.0
12,0.05406000340978304,AM1BCC,OpenEye,,,H,,13,[H:16][C:7]1([C:6]([C:5]([C:4]([C:9]([C:8]1([H:18])[H:19])([H:20])[H:21])([H:11])[C:2](=[O:1])[O:3][H:10])([H:12])[H:13])([H:14])[H:15])[H:17],11.0,8.0
13,0.0440300020078818,AM1BCC,OpenEye,,,H,,14,[H:16][C:7]1([C:6]([C:5]([C:4]([C:9]([C:8]1([H:18])[H:19])([H:20])[H:21])([H:11])[C:2](=[O:1])[O:3][H:10])([H:12])[H:13])([H:14])[H:15])[H:17],11.0,8.0
14,0.0440300020078818,AM1BCC,OpenEye,,,H,,15,[H:16][C:7]1([C:6]([C:5]([C:4]([C:9]([C:8]1([H:18])[H:19])([H:20])[H:21])([H:11])[C:2](=[O:1])[O:3][H:10])([H:12])[H:13])([H:14])[H:15])[H:17],11.0,8.0
15,0.042060001442829766,AM1BCC,OpenEye,,,H,,16,[H:16][C:7]1([C:6]([C:5]([C:4]([C:9]([C:8]1([H:18])[H:19])([H:20])[H:21])([H:11])[C:2](=[O:1])[O:3][H:10])([H:12])[H:13])([H:14])[H:15])[H:17],11.0,8.0
16,0.042060001442829766,AM1BCC,OpenEye,,,H,,17,[H:16][C:7]1([C:6]([C:5]([C:4]([C:9]([C:8]1([H:18])[H:19])([H:20])[H:21])([H:11])[C:2](=[O:1])[O:3][H:10])([H:12])[H:13])([H:14])[H:15])[H:17],11.0,8.0
17,0.0440300020078818,AM1BCC,OpenEye,,,H,,18,[H:16][C:7]1([C:6]([C:5]([C:4]([C:9]([C:8]1([H:18])[H:19])([H:20])[H:21])([H:11])[C:2](=[O:1])[O:3][H:10])([H:12])[H:13])([H:14])[H:15])[H:17],11.0,8.0
18,0.0440300020078818,AM1BCC,OpenEye,,,H,,19,[H:16][C:7]1([C:6]([C:5]([C:4]([C:9]([C:8]1([H:18])[H:19])([H:20])[H:21])([H:11])[C:2](=[O:1])[O:3][H:10])([H:12])[H:13])([H:14])[H:15])[H:17],11.0,8.0
19,0.05406000340978304,AM1BCC,OpenEye,,,H,,20,[H:16][C:7]1([C:6]([C:5]([C:4]([C:9]([C:8]1([H:18])[H:19])([H:20])[H:21])([H:11])[C:2](=[O:1])[O:3][H:10])([H:12])[H:13])([H:14])[H:15])[H:17],11.0,8.0
20,0.05406000340978304,AM1BCC,OpenEye,,,H,,21,[H:16][C:7]1([C:6]([C:5]([C:4]([C:9]([C:8]1([H:18])[H:19])([H:20])[H:21])([H:11])[C:2](=[O:1])[O:3][H:10])([H:12])[H:13])([H:14])[H:15])[H:17],11.0,8.0
0,-0.5510476190476191,AM1BCC,AmberTools,,,O,,1,[H:16][C:7]1([C:6]([C:5]([C:4]([C:9]([C:8]1([H:18])[H:19])([H:20])[H:21])([H:11])[C:2](=[O:1])[O:3][H:10])([H:12])[H:13])([H:14])[H:15])[H:17],11.0,8.0
1,0.6360523809523809,AM1BCC,AmberTools,,,C,,2,[H:16][C:7]1([C:6]([C:5]([C:4]([C:9]([C:8]1([H:18])[H:19])([H:20])[H:21])([H:11])[C:2](=[O:1])[O:3][H:10])([H:12])[H:13])([H:14])[H:15])[H:17],11.0,8.0
2,-0.610147619047619,AM1BCC,AmberTools,,,O,,3,[H:16][C:7]1([C:6]([C:5]([C:4]([C:9]([C:8]1([H:18])[H:19])([H:20])[H:21])([H:11])[C:2](=[O:1])[O:3][H:10])([H:12])[H:13])([H:14])[H:15])[H:17],11.0,8.0
3,-0.10374761904761905,AM1BCC,AmberTools,,,C,,4,[H:16][C:7]1([C:6]([C:5]([C:4]([C:9]([C:8]1([H:18])[H:19])([H:20])[H:21])([H:11])[C:2](=[O:1])[O:3][H:10])([H:12])[H:13])([H:14])[H:15])[H:17],11.0,8.0
4,-0.07394761904761904,AM1BCC,AmberTools,,,C,,5,[H:16][C:7]1([C:6]([C:5]([C:4]([C:9]([C:8]1([H:18])[H:19])([H:20])[H:21])([H:11])[C:2](=[O:1])[O:3][H:10])([H:12])[H:13])([H:14])[H:15])[H:17],11.0,8.0
5,-0.07544761904761904,AM1BCC,AmberTools,,,C,,6,[H:16][C:7]1([C:6]([C:5]([C:4]([C:9]([C:8]1([H:18])[H:19])([H:20])[H:21])([H:11])[C:2](=[O:1])[O:3][H:10])([H:12])[H:13])([H:14])[H:15])[H:17],11.0,8.0
6,-0.07944761904761904,AM1BCC,AmberTools,,,C,,7,[H:16][C:7]1([C:6]([C:5]([C:4]([C:9]([C:8]1([H:18])[H:19])([H:20])[H:21])([H:11])[C:2](=[O:1])[O:3][H:10])([H:12])[H:13])([H:14])[H:15])[H:17],11.0,8.0
7,-0.07544761904761904,AM1BCC,AmberTools,,,C,,8,[H:16][C:7]1([C:6]([C:5]([C:4]([C:9]([C:8]1([H:18])[H:19])([H:20])[H:21])([H:11])[C:2](=[O:1])[O:3][H:10])([H:12])[H:13])([H:14])[H:15])[H:17],11.0,8.0
8,-0.07394761904761904,AM1BCC,AmberTools,,,C,,9,[H:16][C:7]1([C:6]([C:5]([C:4]([C:9]([C:8]1([H:18])[H:19])([H:20])[H:21])([H:11])[C:2](=[O:1])[O:3][H:10])([H:12])[H:13])([H:14])[H:15])[H:17],11.0,8.0
9,0.441952380952381,AM1BCC,AmberTools,,,H,,10,[H:16][C:7]1([C:6]([C:5]([C:4]([C:9]([C:8]1([H:18])[H:19])([H:20])[H:21])([H:11])[C:2](=[O:1])[O:3][H:10])([H:12])[H:13])([H:14])[H:15])[H:17],11.0,8.0
10,0.08265238095238095,AM1BCC,AmberTools,,,H,,11,[H:16][C:7]1([C:6]([C:5]([C:4]([C:9]([C:8]1([H:18])[H:19])([H:20])[H:21])([H:11])[C:2](=[O:1])[O:3][H:10])([H:12])[H:13])([H:14])[H:15])[H:17],11.0,8.0
11,0.05515238095238096,AM1BCC,AmberTools,,,H,,12,[H:16][C:7]1([C:6]([C:5]([C:4]([C:9]([C:8]1([H:18])[H:19])([H:20])[H:21])([H:11])[C:2](=[O:1])[O:3][H:10])([H:12])[H:13])([H:14])[H:15])[H:17],11.0,8.0
12,0.05515238095238096,AM1BCC,AmberTools,,,H,,13,[H:16][C:7]1([C:6]([C:5]([C:4]([C:9]([C:8]1([H:18])[H:19])([H:20])[H:21])([H:11])[C:2](=[O:1])[O:3][H:10])([H:12])[H:13])([H:14])[H:15])[H:17],11.0,8.0
13,0.044402380952380964,AM1BCC,AmberTools,,,H,,14,[H:16][C:7]1([C:6]([C:5]([C:4]([C:9]([C:8]1([H:18])[H:19])([H:20])[H:21])([H:11])[C:2](=[O:1])[O:3][H:10])([H:12])[H:13])([H:14])[H:15])[H:17],11.0,8.0
14,0.044402380952380964,AM1BCC,AmberTools,,,H,,15,[H:16][C:7]1([C:6]([C:5]([C:4]([C:9]([C:8]1([H:18])[H:19])([H:20])[H:21])([H:11])[C:2](=[O:1])[O:3][H:10])([H:12])[H:13])([H:14])[H:15])[H:17],11.0,8.0
15,0.04215238095238096,AM1BCC,AmberTools,,,H,,16,[H:16][C:7]1([C:6]([C:5]([C:4]([C:9]([C:8]1([H:18])[H:19])([H:20])[H:21])([H:11])[C:2](=[O:1])[O:3][H:10])([H:12])[H:13])([H:14])[H:15])[H:17],11.0,8.0
16,0.04215238095238096,AM1BCC,AmberTools,,,H,,17,[H:16][C:7]1([C:6]([C:5]([C:4]([C:9]([C:8]1([H:18])[H:19])([H:20])[H:21])([H:11])[C:2](=[O:1])[O:3][H:10])([H:12])[H:13])([H:14])[H:15])[H:17],11.0,8.0
17,0.044402380952380964,AM1BCC,AmberTools,,,H,,18,[H:16][C:7]1([C:6]([C:5]([C:4]([C:9]([C:8]1([H:18])[H:19])([H:20])[H:21])([H:11])[C:2](=[O:1])[O:3][H:10])([H:12])[H:13])([H:14])[H:15])[H:17],11.0,8.0
18,0.044402380952380964,AM1BCC,AmberTools,,,H,,19,[H:16][C:7]1([C:6]([C:5]([C:4]([C:9]([C:8]1([H:18])[H:19])([H:20])[H:21])([H:11])[C:2](=[O:1])[O:3][H:10])([H:12])[H:13])([H:14])[H:15])[H:17],11.0,8.0
19,0.05515238095238096,AM1BCC,AmberTools,,,H,,20,[H:16][C:7]1([C:6]([C:5]([C:4]([C:9]([C:8]1([H:18])[H:19])([H:20])[H:21])([H:11])[C:2](=[O:1])[O:3][H:10])([H:12])[H:13])([H:14])[H:15])[H:17],11.0,8.0
20,0.05515238095238096,AM1BCC,AmberTools,,,H,,21,[H:16][C:7]1([C:6]([C:5]([C:4]([C:9]([C:8]1([H:18])[H:19])([H:20])[H:21])([H:11])[C:2](=[O:1])[O:3][H:10])([H:12])[H:13])([H:14])[H:15])[H:17],11.0,8.0
0,-0.5523999929428101,AM1BCC,OpenEye,,,O,,1,[H:16][C:7]1([C:6]([C:5]([C:4]([C:9]([C:8]1([H:18])[H:19])([H:20])[H:21])([H:11])[C:2](=[O:1])[O:3][H:10])([H:12])[H:13])([H:14])[H:15])[H:17],11.0,9.0
1,0.6338199973106384,AM1BCC,OpenEye,,,C,,2,[H:16][C:7]1([C:6]([C:5]([C:4]([C:9]([C:8]1([H:18])[H:19])([H:20])[H:21])([H:11])[C:2](=[O:1])[O:3][H:10])([H:12])[H:13])([H:14])[H:15])[H:17],11.0,9.0
2,-0.6017000079154968,AM1BCC,OpenEye,,,O,,3,[H:16][C:7]1([C:6]([C:5]([C:4]([C:9]([C:8]1([H:18])[H:19])([H:20])[H:21])([H:11])[C:2](=[O:1])[O:3][H:10])([H:12])[H:13])([H:14])[H:15])[H:17],11.0,9.0
3,-0.10480000078678131,AM1BCC,OpenEye,,,C,,4,[H:16][C:7]1([C:6]([C:5]([C:4]([C:9]([C:8]1([H:18])[H:19])([H:20])[H:21])([H:11])[C:2](=[O:1])[O:3][H:10])([H:12])[H:13])([H:14])[H:15])[H:17],11.0,9.0
4,-0.07113000005483627,AM1BCC,OpenEye,,,C,,5,[H:16][C:7]1([C:6]([C:5]([C:4]([C:9]([C:8]1([H:18])[H:19])([H:20])[H:21])([H:11])[C:2](=[O:1])[O:3][H:10])([H:12])[H:13])([H:14])[H:15])[H:17],11.0,9.0
5,-0.0760900005698204,AM1BCC,OpenEye,,,C,,6,[H:16][C:7]1([C:6]([C:5]([C:4]([C:9]([C:8]1([H:18])[H:19])([H:20])[H:21])([H:11])[C:2](=[O:1])[O:3][H:10])([H:12])[H:13])([H:14])[H:15])[H:17],11.0,9.0
6,-0.07934000343084335,AM1BCC,OpenEye,,,C,,7,[H:16][C:7]1([C:6]([C:5]([C:4]([C:9]([C:8]1([H:18])[H:19])([H:20])[H:21])([H:11])[C:2](=[O:1])[O:3][H:10])([H:12])[H:13])([H:14])[H:15])[H:17],11.0,9.0
7,-0.0760900005698204,AM1BCC,OpenEye,,,C,,8,[H:16][C:7]1([C:6]([C:5]([C:4]([C:9]([C:8]1([H:18])[H:19])([H:20])[H:21])([H:11])[C:2](=[O:1])[O:3][H:10])([H:12])[H:13])([H:14])[H:15])[H:17],11.0,9.0
8,-0.07113000005483627,AM1BCC,OpenEye,,,C,,9,[H:16][C:7]1([C:6]([C:5]([C:4]([C:9]([C:8]1([H:18])[H:19])([H:20])[H:21])([H:11])[C:2](=[O:1])[O:3][H:10])([H:12])[H:13])([H:14])[H:15])[H:17],11.0,9.0
9,0.4425300061702728,AM1BCC,OpenEye,,,H,,10,[H:16][C:7]1([C:6]([C:5]([C:4]([C:9]([C:8]1([H:18])[H:19])([H:20])[H:21])([H:11])[C:2](=[O:1])[O:3][H:10])([H:12])[H:13])([H:14])[H:15])[H:17],11.0,9.0
10,0.08081000298261642,AM1BCC,OpenEye,,,H,,11,[H:16][C:7]1([C:6]([C:5]([C:4]([C:9]([C:8]1([H:18])[H:19])([H:20])[H:21])([H:11])[C:2](=[O:1])[O:3][H:10])([H:12])[H:13])([H:14])[H:15])[H:17],11.0,9.0
11,0.05375000089406967,AM1BCC,OpenEye,,,H,,12,[H:16][C:7]1([C:6]([C:5]([C:4]([C:9]([C:8]1([H:18])[H:19])([H:20])[H:21])([H:11])[C:2](=[O:1])[O:3][H:10])([H:12])[H:13])([H:14])[H:15])[H:17],11.0,9.0
12,0.05375000089406967,AM1BCC,OpenEye,,,H,,13,[H:16][C:7]1([C:6]([C:5]([C:4]([C:9]([C:8]1([H:18])[H:19])([H:20])[H:21])([H:11])[C:2](=[O:1])[O:3][H:10])([H:12])[H:13])([H:14])[H:15])[H:17],11.0,9.0
13,0.04399999976158142,AM1BCC,OpenEye,,,H,,14,[H:16][C:7]1([C:6]([C:5]([C:4]([C:9]([C:8]1([H:18])[H:19])([H:20])[H:21])([H:11])[C:2](=[O:1])[O:3][H:10])([H:12])[H:13])([H:14])[H:15])[H:17],11.0,9.0
14,0.04399999976158142,AM1BCC,OpenEye,,,H,,15,[H:16][C:7]1([C:6]([C:5]([C:4]([C:9]([C:8]1([H:18])[H:19])([H:20])[H:21])([H:11])[C:2](=[O:1])[O:3][H:10])([H:12])[H:13])([H:14])[H:15])[H:17],11.0,9.0
15,0.04225999861955643,AM1BCC,OpenEye,,,H,,16,[H:16][C:7]1([C:6]([C:5]([C:4]([C:9]([C:8]1([H:18])[H:19])([H:20])[H:21])([H:11])[C:2](=[O:1])[O:3][H:10])([H:12])[H:13])([H:14])[H:15])[H:17],11.0,9.0
16,0.04225999861955643,AM1BCC,OpenEye,,,H,,17,[H:16][C:7]1([C:6]([C:5]([C:4]([C:9]([C:8]1([H:18])[H:19])([H:20])[H:21])([H:11])[C:2](=[O:1])[O:3][H:10])([H:12])[H:13])([H:14])[H:15])[H:17],11.0,9.0
17,0.04399999976158142,AM1BCC,OpenEye,,,H,,18,[H:16][C:7]1([C:6]([C:5]([C:4]([C:9]([C:8]1([H:18])[H:19])([H:20])[H:21])([H:11])[C:2](=[O:1])[O:3][H:10])([H:12])[H:13])([H:14])[H:15])[H:17],11.0,9.0
18,0.04399999976158142,AM1BCC,OpenEye,,,H,,19,[H:16][C:7]1([C:6]([C:5]([C:4]([C:9]([C:8]1([H:18])[H:19])([H:20])[H:21])([H:11])[C:2](=[O:1])[O:3][H:10])([H:12])[H:13])([H:14])[H:15])[H:17],11.0,9.0
19,0.05375000089406967,AM1BCC,OpenEye,,,H,,20,[H:16][C:7]1([C:6]([C:5]([C:4]([C:9]([C:8]1([H:18])[H:19])([H:20])[H:21])([H:11])[C:2](=[O:1])[O:3][H:10])([H:12])[H:13])([H:14])[H:15])[H:17],11.0,9.0
20,0.05375000089406967,AM1BCC,OpenEye,,,H,,21,[H:16][C:7]1([C:6]([C:5]([C:4]([C:9]([C:8]1([H:18])[H:19])([H:20])[H:21])([H:11])[C:2](=[O:1])[O:3][H:10])([H:12])[H:13])([H:14])[H:15])[H:17],11.0,9.0
0,-0.5510476190476191,AM1BCC,AmberTools,,,O,,1,[H:16][C:7]1([C:6]([C:5]([C:4]([C:9]([C:8]1([H:18])[H:19])([H:20])[H:21])([H:11])[C:2](=[O:1])[O:3][H:10])([H:12])[H:13])([H:14])[H:15])[H:17],11.0,9.0
1,0.6360523809523809,AM1BCC,AmberTools,,,C,,2,[H:16][C:7]1([C:6]([C:5]([C:4]([C:9]([C:8]1([H:18])[H:19])([H:20])[H:21])([H:11])[C:2](=[O:1])[O:3][H:10])([H:12])[H:13])([H:14])[H:15])[H:17],11.0,9.0
2,-0.610147619047619,AM1BCC,AmberTools,,,O,,3,[H:16][C:7]1([C:6]([C:5]([C:4]([C:9]([C:8]1([H:18])[H:19])([H:20])[H:21])([H:11])[C:2](=[O:1])[O:3][H:10])([H:12])[H:13])([H:14])[H:15])[H:17],11.0,9.0
3,-0.10374761904761905,AM1BCC,AmberTools,,,C,,4,[H:16][C:7]1([C:6]([C:5]([C:4]([C:9]([C:8]1([H:18])[H:19])([H:20])[H:21])([H:11])[C:2](=[O:1])[O:3][H:10])([H:12])[H:13])([H:14])[H:15])[H:17],11.0,9.0
4,-0.07394761904761904,AM1BCC,AmberTools,,,C,,5,[H:16][C:7]1([C:6]([C:5]([C:4]([C:9]([C:8]1([H:18])[H:19])([H:20])[H:21])([H:11])[C:2](=[O:1])[O:3][H:10])([H:12])[H:13])([H:14])[H:15])[H:17],11.0,9.0
5,-0.07544761904761904,AM1BCC,AmberTools,,,C,,6,[H:16][C:7]1([C:6]([C:5]([C:4]([C:9]([C:8]1([H:18])[H:19])([H:20])[H:21])([H:11])[C:2](=[O:1])[O:3][H:10])([H:12])[H:13])([H:14])[H:15])[H:17],11.0,9.0
6,-0.07944761904761904,AM1BCC,AmberTools,,,C,,7,[H:16][C:7]1([C:6]([C:5]([C:4]([C:9]([C:8]1([H:18])[H:19])([H:20])[H:21])([H:11])[C:2](=[O:1])[O:3][H:10])([H:12])[H:13])([H:14])[H:15])[H:17],11.0,9.0
7,-0.07544761904761904,AM1BCC,AmberTools,,,C,,8,[H:16][C:7]1([C:6]([C:5]([C:4]([C:9]([C:8]1([H:18])[H:19])([H:20])[H:21])([H:11])[C:2](=[O:1])[O:3][H:10])([H:12])[H:13])([H:14])[H:15])[H:17],11.0,9.0
8,-0.07394761904761904,AM1BCC,AmberTools,,,C,,9,[H:16][C:7]1([C:6]([C:5]([C:4]([C:9]([C:8]1([H:18])[H:19])([H:20])[H:21])([H:11])[C:2](=[O:1])[O:3][H:10])([H:12])[H:13])([H:14])[H:15])[H:17],11.0,9.0
9,0.441952380952381,AM1BCC,AmberTools,,,H,,10,[H:16][C:7]1([C:6]([C:5]([C:4]([C:9]([C:8]1([H:18])[H:19])([H:20])[H:21])([H:11])[C:2](=[O:1])[O:3][H:10])([H:12])[H:13])([H:14])[H:15])[H:17],11.0,9.0
10,0.08265238095238095,AM1BCC,AmberTools,,,H,,11,[H:16][C:7]1([C:6]([C:5]([C:4]([C:9]([C:8]1([H:18])[H:19])([H:20])[H:21])([H:11])[C:2](=[O:1])[O:3][H:10])([H:12])[H:13])([H:14])[H:15])[H:17],11.0,9.0
11,0.05515238095238096,AM1BCC,AmberTools,,,H,,12,[H:16][C:7]1([C:6]([C:5]([C:4]([C:9]([C:8]1([H:18])[H:19])([H:20])[H:21])([H:11])[C:2](=[O:1])[O:3][H:10])([H:12])[H:13])([H:14])[H:15])[H:17],11.0,9.0
12,0.05515238095238096,AM1BCC,AmberTools,,,H,,13,[H:16][C:7]1([C:6]([C:5]([C:4]([C:9]([C:8]1([H:18])[H:19])([H:20])[H:21])([H:11])[C:2](=[O:1])[O:3][H:10])([H:12])[H:13])([H:14])[H:15])[H:17],11.0,9.0
13,0.044402380952380964,AM1BCC,AmberTools,,,H,,14,[H:16][C:7]1([C:6]([C:5]([C:4]([C:9]([C:8]1([H:18])[H:19])([H:20])[H:21])([H:11])[C:2](=[O:1])[O:3][H:10])([H:12])[H:13])([H:14])[H:15])[H:17],11.0,9.0
14,0.044402380952380964,AM1BCC,AmberTools,,,H,,15,[H:16][C:7]1([C:6]([C:5]([C:4]([C:9]([C:8]1([H:18])[H:19])([H:20])[H:21])([H:11])[C:2](=[O:1])[O:3][H:10])([H:12])[H:13])([H:14])[H:15])[H:17],11.0,9.0
15,0.04215238095238096,AM1BCC,AmberTools,,,H,,16,[H:16][C:7]1([C:6]([C:5]([C:4]([C:9]([C:8]1([H:18])[H:19])([H:20])[H:21])([H:11])[C:2](=[O:1])[O:3][H:10])([H:12])[H:13])([H:14])[H:15])[H:17],11.0,9.0
16,0.04215238095238096,AM1BCC,AmberTools,,,H,,17,[H:16][C:7]1([C:6]([C:5]([C:4]([C:9]([C:8]1([H:18])[H:19])([H:20])[H:21])([H:11])[C:2](=[O:1])[O:3][H:10])([H:12])[H:13])([H:14])[H:15])[H:17],11.0,9.0
17,0.044402380952380964,AM1BCC,AmberTools,,,H,,18,[H:16][C:7]1([C:6]([C:5]([C:4]([C:9]([C:8]1([H:18])[H:19])([H:20])[H:21])([H:11])[C:2](=[O:1])[O:3][H:10])([H:12])[H:13])([H:14])[H:15])[H:17],11.0,9.0
18,0.044402380952380964,AM1BCC,AmberTools,,,H,,19,[H:16][C:7]1([C:6]([C:5]([C:4]([C:9]([C:8]1([H:18])[H:19])([H:20])[H:21])([H:11])[C:2](=[O:1])[O:3][H:10])([H:12])[H:13])([H:14])[H:15])[H:17],11.0,9.0
19,0.05515238095238096,AM1BCC,AmberTools,,,H,,20,[H:16][C:7]1([C:6]([C:5]([C:4]([C:9]([C:8]1([H:18])[H:19])([H:20])[H:21])([H:11])[C:2](=[O:1])[O:3][H:10])([H:12])[H:13])([H:14])[H:15])[H:17],11.0,9.0
20,0.05515238095238096,AM1BCC,AmberTools,,,H,,21,[H:16][C:7]1([C:6]([C:5]([C:4]([C:9]([C:8]1([H:18])[H:19])([H:20])[H:21])([H:11])[C:2](=[O:1])[O:3][H:10])([H:12])[H:13])([H:14])[H:15])[H:17],11.0,9.0
0,-0.5517100099296797,AM1BCC,OpenEye,,,O,,1,[H:16][C:7]1([C:6]([C:5]([C:4]([C:9]([C:8]1([H:18])[H:19])([H:20])[H:21])([H:11])[C:2](=[O:1])[O:3][H:10])([H:12])[H:13])([H:14])[H:15])[H:17],11.0,10.0
1,0.6333900090484392,AM1BCC,OpenEye,,,C,,2,[H:16][C:7]1([C:6]([C:5]([C:4]([C:9]([C:8]1([H:18])[H:19])([H:20])[H:21])([H:11])[C:2](=[O:1])[O:3][H:10])([H:12])[H:13])([H:14])[H:15])[H:17],11.0,10.0
2,-0.604369998333,AM1BCC,OpenEye,,,O,,3,[H:16][C:7]1([C:6]([C:5]([C:4]([C:9]([C:8]1([H:18])[H:19])([H:20])[H:21])([H:11])[C:2](=[O:1])[O:3][H:10])([H:12])[H:13])([H:14])[H:15])[H:17],11.0,10.0
3,-0.10385999864055998,AM1BCC,OpenEye,,,C,,4,[H:16][C:7]1([C:6]([C:5]([C:4]([C:9]([C:8]1([H:18])[H:19])([H:20])[H:21])([H:11])[C:2](=[O:1])[O:3][H:10])([H:12])[H:13])([H:14])[H:15])[H:17],11.0,10.0
4,-0.07101000135853178,AM1BCC,OpenEye,,,C,,5,[H:16][C:7]1([C:6]([C:5]([C:4]([C:9]([C:8]1([H:18])[H:19])([H:20])[H:21])([H:11])[C:2](=[O:1])[O:3][H:10])([H:12])[H:13])([H:14])[H:15])[H:17],11.0,10.0
5,-0.07598999923183805,AM1BCC,OpenEye,,,C,,6,[H:16][C:7]1([C:6]([C:5]([C:4]([C:9]([C:8]1([H:18])[H:19])([H:20])[H:21])([H:11])[C:2](=[O:1])[O:3][H:10])([H:12])[H:13])([H:14])[H:15])[H:17],11.0,10.0
6,-0.07954999839975721,AM1BCC,OpenEye,,,C,,7,[H:16][C:7]1([C:6]([C:5]([C:4]([C:9]([C:8]1([H:18])[H:19])([H:20])[H:21])([H:11])[C:2](=[O:1])[O:3][H:10])([H:12])[H:13])([H:14])[H:15])[H:17],11.0,10.0
7,-0.07598999923183805,AM1BCC,OpenEye,,,C,,8,[H:16][C:7]1([C:6]([C:5]([C:4]([C:9]([C:8]1([H:18])[H:19])([H:20])[H:21])([H:11])[C:2](=[O:1])[O:3][H:10])([H:12])[H:13])([H:14])[H:15])[H:17],11.0,10.0
8,-0.07101000135853178,AM1BCC,OpenEye,,,C,,9,[H:16][C:7]1([C:6]([C:5]([C:4]([C:9]([C:8]1([H:18])[H:19])([H:20])[H:21])([H:11])[C:2](=[O:1])[O:3][H:10])([H:12])[H:13])([H:14])[H:15])[H:17],11.0,10.0
9,0.4423499997882616,AM1BCC,OpenEye,,,H,,10,[H:16][C:7]1([C:6]([C:5]([C:4]([C:9]([C:8]1([H:18])[H:19])([H:20])[H:21])([H:11])[C:2](=[O:1])[O:3][H:10])([H:12])[H:13])([H:14])[H:15])[H:17],11.0,10.0
10,0.08156999910161608,AM1BCC,OpenEye,,,H,,11,[H:16][C:7]1([C:6]([C:5]([C:4]([C:9]([C:8]1([H:18])[H:19])([H:20])[H:21])([H:11])[C:2](=[O:1])[O:3][H:10])([H:12])[H:13])([H:14])[H:15])[H:17],11.0,10.0
11,0.05398999864146823,AM1BCC,OpenEye,,,H,,12,[H:16][C:7]1([C:6]([C:5]([C:4]([C:9]([C:8]1([H:18])[H:19])([H:20])[H:21])([H:11])[C:2](=[O:1])[O:3][H:10])([H:12])[H:13])([H:14])[H:15])[H:17],11.0,10.0
12,0.05398999864146823,AM1BCC,OpenEye,,,H,,13,[H:16][C:7]1([C:6]([C:5]([C:4]([C:9]([C:8]1([H:18])[H:19])([H:20])[H:21])([H:11])[C:2](=[O:1])[O:3][H:10])([H:12])[H:13])([H:14])[H:15])[H:17],11.0,10.0
13,0.04402000049040431,AM1BCC,OpenEye,,,H,,14,[H:16][C:7]1([C:6]([C:5]([C:4]([C:9]([C:8]1([H:18])[H:19])([H:20])[H:21])([H:11])[C:2](=[O:1])[O:3][H:10])([H:12])[H:13])([H:14])[H:15])[H:17],11.0,10.0
14,0.04402000049040431,AM1BCC,OpenEye,,,H,,15,[H:16][C:7]1([C:6]([C:5]([C:4]([C:9]([C:8]1([H:18])[H:19])([H:20])[H:21])([H:11])[C:2](=[O:1])[O:3][H:10])([H:12])[H:13])([H:14])[H:15])[H:17],11.0,10.0
15,0.04207000100896472,AM1BCC,OpenEye,,,H,,16,[H:16][C:7]1([C:6]([C:5]([C:4]([C:9]([C:8]1([H:18])[H:19])([H:20])[H:21])([H:11])[C:2](=[O:1])[O:3][H:10])([H:12])[H:13])([H:14])[H:15])[H:17],11.0,10.0
16,0.04207000100896472,AM1BCC,OpenEye,,,H,,17,[H:16][C:7]1([C:6]([C:5]([C:4]([C:9]([C:8]1([H:18])[H:19])([H:20])[H:21])([H:11])[C:2](=[O:1])[O:3][H:10])([H:12])[H:13])([H:14])[H:15])[H:17],11.0,10.0
17,0.04402000049040431,AM1BCC,OpenEye,,,H,,18,[H:16][C:7]1([C:6]([C:5]([C:4]([C:9]([C:8]1([H:18])[H:19])([H:20])[H:21])([H:11])[C:2](=[O:1])[O:3][H:10])([H:12])[H:13])([H:14])[H:15])[H:17],11.0,10.0
18,0.04402000049040431,AM1BCC,OpenEye,,,H,,19,[H:16][C:7]1([C:6]([C:5]([C:4]([C:9]([C:8]1([H:18])[H:19])([H:20])[H:21])([H:11])[C:2](=[O:1])[O:3][H:10])([H:12])[H:13])([H:14])[H:15])[H:17],11.0,10.0
19,0.05398999864146823,AM1BCC,OpenEye,,,H,,20,[H:16][C:7]1([C:6]([C:5]([C:4]([C:9]([C:8]1([H:18])[H:19])([H:20])[H:21])([H:11])[C:2](=[O:1])[O:3][H:10])([H:12])[H:13])([H:14])[H:15])[H:17],11.0,10.0
20,0.05398999864146823,AM1BCC,OpenEye,,,H,,21,[H:16][C:7]1([C:6]([C:5]([C:4]([C:9]([C:8]1([H:18])[H:19])([H:20])[H:21])([H:11])[C:2](=[O:1])[O:3][H:10])([H:12])[H:13])([H:14])[H:15])[H:17],11.0,10.0
0,-0.5510476190476191,AM1BCC,AmberTools,,,O,,1,[H:16][C:7]1([C:6]([C:5]([C:4]([C:9]([C:8]1([H:18])[H:19])([H:20])[H:21])([H:11])[C:2](=[O:1])[O:3][H:10])([H:12])[H:13])([H:14])[H:15])[H:17],11.0,10.0
1,0.6360523809523809,AM1BCC,AmberTools,,,C,,2,[H:16][C:7]1([C:6]([C:5]([C:4]([C:9]([C:8]1([H:18])[H:19])([H:20])[H:21])([H:11])[C:2](=[O:1])[O:3][H:10])([H:12])[H:13])([H:14])[H:15])[H:17],11.0,10.0
2,-0.610147619047619,AM1BCC,AmberTools,,,O,,3,[H:16][C:7]1([C:6]([C:5]([C:4]([C:9]([C:8]1([H:18])[H:19])([H:20])[H:21])([H:11])[C:2](=[O:1])[O:3][H:10])([H:12])[H:13])([H:14])[H:15])[H:17],11.0,10.0
3,-0.10374761904761905,AM1BCC,AmberTools,,,C,,4,[H:16][C:7]1([C:6]([C:5]([C:4]([C:9]([C:8]1([H:18])[H:19])([H:20])[H:21])([H:11])[C:2](=[O:1])[O:3][H:10])([H:12])[H:13])([H:14])[H:15])[H:17],11.0,10.0
4,-0.07394761904761904,AM1BCC,AmberTools,,,C,,5,[H:16][C:7]1([C:6]([C:5]([C:4]([C:9]([C:8]1([H:18])[H:19])([H:20])[H:21])([H:11])[C:2](=[O:1])[O:3][H:10])([H:12])[H:13])([H:14])[H:15])[H:17],11.0,10.0
5,-0.07544761904761904,AM1BCC,AmberTools,,,C,,6,[H:16][C:7]1([C:6]([C:5]([C:4]([C:9]([C:8]1([H:18])[H:19])([H:20])[H:21])([H:11])[C:2](=[O:1])[O:3][H:10])([H:12])[H:13])([H:14])[H:15])[H:17],11.0,10.0
6,-0.07944761904761904,AM1BCC,AmberTools,,,C,,7,[H:16][C:7]1([C:6]([C:5]([C:4]([C:9]([C:8]1([H:18])[H:19])([H:20])[H:21])([H:11])[C:2](=[O:1])[O:3][H:10])([H:12])[H:13])([H:14])[H:15])[H:17],11.0,10.0
7,-0.07544761904761904,AM1BCC,AmberTools,,,C,,8,[H:16][C:7]1([C:6]([C:5]([C:4]([C:9]([C:8]1([H:18])[H:19])([H:20])[H:21])([H:11])[C:2](=[O:1])[O:3][H:10])([H:12])[H:13])([H:14])[H:15])[H:17],11.0,10.0
8,-0.07394761904761904,AM1BCC,AmberTools,,,C,,9,[H:16][C:7]1([C:6]([C:5]([C:4]([C:9]([C:8]1([H:18])[H:19])([H:20])[H:21])([H:11])[C:2](=[O:1])[O:3][H:10])([H:12])[H:13])([H:14])[H:15])[H:17],11.0,10.0
9,0.441952380952381,AM1BCC,AmberTools,,,H,,10,[H:16][C:7]1([C:6]([C:5]([C:4]([C:9]([C:8]1([H:18])[H:19])([H:20])[H:21])([H:11])[C:2](=[O:1])[O:3][H:10])([H:12])[H:13])([H:14])[H:15])[H:17],11.0,10.0
10,0.08265238095238095,AM1BCC,AmberTools,,,H,,11,[H:16][C:7]1([C:6]([C:5]([C:4]([C:9]([C:8]1([H:18])[H:19])([H:20])[H:21])([H:11])[C:2](=[O:1])[O:3][H:10])([H:12])[H:13])([H:14])[H:15])[H:17],11.0,10.0
11,0.05515238095238096,AM1BCC,AmberTools,,,H,,12,[H:16][C:7]1([C:6]([C:5]([C:4]([C:9]([C:8]1([H:18])[H:19])([H:20])[H:21])([H:11])[C:2](=[O:1])[O:3][H:10])([H:12])[H:13])([H:14])[H:15])[H:17],11.0,10.0
12,0.05515238095238096,AM1BCC,AmberTools,,,H,,13,[H:16][C:7]1([C:6]([C:5]([C:4]([C:9]([C:8]1([H:18])[H:19])([H:20])[H:21])([H:11])[C:2](=[O:1])[O:3][H:10])([H:12])[H:13])([H:14])[H:15])[H:17],11.0,10.0
13,0.044402380952380964,AM1BCC,AmberTools,,,H,,14,[H:16][C:7]1([C:6]([C:5]([C:4]([C:9]([C:8]1([H:18])[H:19])([H:20])[H:21])([H:11])[C:2](=[O:1])[O:3][H:10])([H:12])[H:13])([H:14])[H:15])[H:17],11.0,10.0
14,0.044402380952380964,AM1BCC,AmberTools,,,H,,15,[H:16][C:7]1([C:6]([C:5]([C:4]([C:9]([C:8]1([H:18])[H:19])([H:20])[H:21])([H:11])[C:2](=[O:1])[O:3][H:10])([H:12])[H:13])([H:14])[H:15])[H:17],11.0,10.0
15,0.04215238095238096,AM1BCC,AmberTools,,,H,,16,[H:16][C:7]1([C:6]([C:5]([C:4]([C:9]([C:8]1([H:18])[H:19])([H:20])[H:21])([H:11])[C:2](=[O:1])[O:3][H:10])([H:12])[H:13])([H:14])[H:15])[H:17],11.0,10.0
16,0.04215238095238096,AM1BCC,AmberTools,,,H,,17,[H:16][C:7]1([C:6]([C:5]([C:4]([C:9]([C:8]1([H:18])[H:19])([H:20])[H:21])([H:11])[C:2](=[O:1])[O:3][H:10])([H:12])[H:13])([H:14])[H:15])[H:17],11.0,10.0
17,0.044402380952380964,AM1BCC,AmberTools,,,H,,18,[H:16][C:7]1([C:6]([C:5]([C:4]([C:9]([C:8]1([H:18])[H:19])([H:20])[H:21])([H:11])[C:2](=[O:1])[O:3][H:10])([H:12])[H:13])([H:14])[H:15])[H:17],11.0,10.0
18,0.044402380952380964,AM1BCC,AmberTools,,,H,,19,[H:16][C:7]1([C:6]([C:5]([C:4]([C:9]([C:8]1([H:18])[H:19])([H:20])[H:21])([H:11])[C:2](=[O:1])[O:3][H:10])([H:12])[H:13])([H:14])[H:15])[H:17],11.0,10.0
19,0.05515238095238096,AM1BCC,AmberTools,,,H,,20,[H:16][C:7]1([C:6]([C:5]([C:4]([C:9]([C:8]1([H:18])[H:19])([H:20])[H:21])([H:11])[C:2](=[O:1])[O:3][H:10])([H:12])[H:13])([H:14])[H:15])[H:17],11.0,10.0
20,0.05515238095238096,AM1BCC,AmberTools,,,H,,21,[H:16][C:7]1([C:6]([C:5]([C:4]([C:9]([C:8]1([H:18])[H:19])([H:20])[H:21])([H:11])[C:2](=[O:1])[O:3][H:10])([H:12])[H:13])([H:14])[H:15])[H:17],11.0,10.0
0,-0.5525400021246502,AM1BCC,OpenEye,,,O,,1,[H:16][C:7]1([C:6]([C:5]([C:4]([C:9]([C:8]1([H:18])[H:19])([H:20])[H:21])([H:11])[C:2](=[O:1])[O:3][H:10])([H:12])[H:13])([H:14])[H:15])[H:17],11.0,11.0
1,0.6334199926682881,AM1BCC,OpenEye,,,C,,2,[H:16][C:7]1([C:6]([C:5]([C:4]([C:9]([C:8]1([H:18])[H:19])([H:20])[H:21])([H:11])[C:2](=[O:1])[O:3][H:10])([H:12])[H:13])([H:14])[H:15])[H:17],11.0,11.0
2,-0.6040700056723186,AM1BCC,OpenEye,,,O,,3,[H:16][C:7]1([C:6]([C:5]([C:4]([C:9]([C:8]1([H:18])[H:19])([H:20])[H:21])([H:11])[C:2](=[O:1])[O:3][H:10])([H:12])[H:13])([H:14])[H:15])[H:17],11.0,11.0
3,-0.10362999673400607,AM1BCC,OpenEye,,,C,,4,[H:16][C:7]1([C:6]([C:5]([C:4]([C:9]([C:8]1([H:18])[H:19])([H:20])[H:21])([H:11])[C:2](=[O:1])[O:3][H:10])([H:12])[H:13])([H:14])[H:15])[H:17],11.0,11.0
4,-0.07099000151668276,AM1BCC,OpenEye,,,C,,5,[H:16][C:7]1([C:6]([C:5]([C:4]([C:9]([C:8]1([H:18])[H:19])([H:20])[H:21])([H:11])[C:2](=[O:1])[O:3][H:10])([H:12])[H:13])([H:14])[H:15])[H:17],11.0,11.0
5,-0.07603999759469714,AM1BCC,OpenEye,,,C,,6,[H:16][C:7]1([C:6]([C:5]([C:4]([C:9]([C:8]1([H:18])[H:19])([H:20])[H:21])([H:11])[C:2](=[O:1])[O:3][H:10])([H:12])[H:13])([H:14])[H:15])[H:17],11.0,11.0
6,-0.07951999987874712,AM1BCC,OpenEye,,,C,,7,[H:16][C:7]1([C:6]([C:5]([C:4]([C:9]([C:8]1([H:18])[H:19])([H:20])[H:21])([H:11])[C:2](=[O:1])[O:3][H:10])([H:12])[H:13])([H:14])[H:15])[H:17],11.0,11.0
7,-0.07603999759469714,AM1BCC,OpenEye,,,C,,8,[H:16][C:7]1([C:6]([C:5]([C:4]([C:9]([C:8]1([H:18])[H:19])([H:20])[H:21])([H:11])[C:2](=[O:1])[O:3][H:10])([H:12])[H:13])([H:14])[H:15])[H:17],11.0,11.0
8,-0.07099000151668276,AM1BCC,OpenEye,,,C,,9,[H:16][C:7]1([C:6]([C:5]([C:4]([C:9]([C:8]1([H:18])[H:19])([H:20])[H:21])([H:11])[C:2](=[O:1])[O:3][H:10])([H:12])[H:13])([H:14])[H:15])[H:17],11.0,11.0
9,0.4430199882813862,AM1BCC,OpenEye,,,H,,10,[H:16][C:7]1([C:6]([C:5]([C:4]([C:9]([C:8]1([H:18])[H:19])([H:20])[H:21])([H:11])[C:2](=[O:1])[O:3][H:10])([H:12])[H:13])([H:14])[H:15])[H:17],11.0,11.0
10,0.081520000738757,AM1BCC,OpenEye,,,H,,11,[H:16][C:7]1([C:6]([C:5]([C:4]([C:9]([C:8]1([H:18])[H:19])([H:20])[H:21])([H:11])[C:2](=[O:1])[O:3][H:10])([H:12])[H:13])([H:14])[H:15])[H:17],11.0,11.0
11,0.05399000112499509,AM1BCC,OpenEye,,,H,,12,[H:16][C:7]1([C:6]([C:5]([C:4]([C:9]([C:8]1([H:18])[H:19])([H:20])[H:21])([H:11])[C:2](=[O:1])[O:3][H:10])([H:12])[H:13])([H:14])[H:15])[H:17],11.0,11.0
12,0.05399000112499509,AM1BCC,OpenEye,,,H,,13,[H:16][C:7]1([C:6]([C:5]([C:4]([C:9]([C:8]1([H:18])[H:19])([H:20])[H:21])([H:11])[C:2](=[O:1])[O:3][H:10])([H:12])[H:13])([H:14])[H:15])[H:17],11.0,11.0
13,0.04393000368561063,AM1BCC,OpenEye,,,H,,14,[H:16][C:7]1([C:6]([C:5]([C:4]([C:9]([C:8]1([H:18])[H:19])([H:20])[H:21])([H:11])[C:2](=[O:1])[O:3][H:10])([H:12])[H:13])([H:14])[H:15])[H:17],11.0,11.0
14,0.04393000368561063,AM1BCC,OpenEye,,,H,,15,[H:16][C:7]1([C:6]([C:5]([C:4]([C:9]([C:8]1([H:18])[H:19])([H:20])[H:21])([H:11])[C:2](=[O:1])[O:3][H:10])([H:12])[H:13])([H:14])[H:15])[H:17],11.0,11.0
15,0.04209000085081373,AM1BCC,OpenEye,,,H,,16,[H:16][C:7]1([C:6]([C:5]([C:4]([C:9]([C:8]1([H:18])[H:19])([H:20])[H:21])([H:11])[C:2](=[O:1])[O:3][H:10])([H:12])[H:13])([H:14])[H:15])[H:17],11.0,11.0
16,0.04209000085081373,AM1BCC,OpenEye,,,H,,17,[H:16][C:7]1([C:6]([C:5]([C:4]([C:9]([C:8]1([H:18])[H:19])([H:20])[H:21])([H:11])[C:2](=[O:1])[O:3][H:10])([H:12])[H:13])([H:14])[H:15])[H:17],11.0,11.0
17,0.04393000368561063,AM1BCC,OpenEye,,,H,,18,[H:16][C:7]1([C:6]([C:5]([C:4]([C:9]([C:8]1([H:18])[H:19])([H:20])[H:21])([H:11])[C:2](=[O:1])[O:3][H:10])([H:12])[H:13])([H:14])[H:15])[H:17],11.0,11.0
18,0.04393000368561063,AM1BCC,OpenEye,,,H,,19,[H:16][C:7]1([C:6]([C:5]([C:4]([C:9]([C:8]1([H:18])[H:19])([H:20])[H:21])([H:11])[C:2](=[O:1])[O:3][H:10])([H:12])[H:13])([H:14])[H:15])[H:17],11.0,11.0
19,0.05399000112499509,AM1BCC,OpenEye,,,H,,20,[H:16][C:7]1([C:6]([C:5]([C:4]([C:9]([C:8]1([H:18])[H:19])([H:20])[H:21])([H:11])[C:2](=[O:1])[O:3][H:10])([H:12])[H:13])([H:14])[H:15])[H:17],11.0,11.0
20,0.05399000112499509,AM1BCC,OpenEye,,,H,,21,[H:16][C:7]1([C:6]([C:5]([C:4]([C:9]([C:8]1([H:18])[H:19])([H:20])[H:21])([H:11])[C:2](=[O:1])[O:3][H:10])([H:12])[H:13])([H:14])[H:15])[H:17],11.0,11.0
0,-0.5510476190476191,AM1BCC,AmberTools,,,O,,1,[H:16][C:7]1([C:6]([C:5]([C:4]([C:9]([C:8]1([H:18])[H:19])([H:20])[H:21])([H:11])[C:2](=[O:1])[O:3][H:10])([H:12])[H:13])([H:14])[H:15])[H:17],11.0,11.0
1,0.6360523809523809,AM1BCC,AmberTools,,,C,,2,[H:16][C:7]1([C:6]([C:5]([C:4]([C:9]([C:8]1([H:18])[H:19])([H:20])[H:21])([H:11])[C:2](=[O:1])[O:3][H:10])([H:12])[H:13])([H:14])[H:15])[H:17],11.0,11.0
2,-0.610147619047619,AM1BCC,AmberTools,,,O,,3,[H:16][C:7]1([C:6]([C:5]([C:4]([C:9]([C:8]1([H:18])[H:19])([H:20])[H:21])([H:11])[C:2](=[O:1])[O:3][H:10])([H:12])[H:13])([H:14])[H:15])[H:17],11.0,11.0
3,-0.10374761904761905,AM1BCC,AmberTools,,,C,,4,[H:16][C:7]1([C:6]([C:5]([C:4]([C:9]([C:8]1([H:18])[H:19])([H:20])[H:21])([H:11])[C:2](=[O:1])[O:3][H:10])([H:12])[H:13])([H:14])[H:15])[H:17],11.0,11.0
4,-0.07394761904761904,AM1BCC,AmberTools,,,C,,5,[H:16][C:7]1([C:6]([C:5]([C:4]([C:9]([C:8]1([H:18])[H:19])([H:20])[H:21])([H:11])[C:2](=[O:1])[O:3][H:10])([H:12])[H:13])([H:14])[H:15])[H:17],11.0,11.0
5,-0.07544761904761904,AM1BCC,AmberTools,,,C,,6,[H:16][C:7]1([C:6]([C:5]([C:4]([C:9]([C:8]1([H:18])[H:19])([H:20])[H:21])([H:11])[C:2](=[O:1])[O:3][H:10])([H:12])[H:13])([H:14])[H:15])[H:17],11.0,11.0
6,-0.07944761904761904,AM1BCC,AmberTools,,,C,,7,[H:16][C:7]1([C:6]([C:5]([C:4]([C:9]([C:8]1([H:18])[H:19])([H:20])[H:21])([H:11])[C:2](=[O:1])[O:3][H:10])([H:12])[H:13])([H:14])[H:15])[H:17],11.0,11.0
7,-0.07544761904761904,AM1BCC,AmberTools,,,C,,8,[H:16][C:7]1([C:6]([C:5]([C:4]([C:9]([C:8]1([H:18])[H:19])([H:20])[H:21])([H:11])[C:2](=[O:1])[O:3][H:10])([H:12])[H:13])([H:14])[H:15])[H:17],11.0,11.0
8,-0.07394761904761904,AM1BCC,AmberTools,,,C,,9,[H:16][C:7]1([C:6]([C:5]([C:4]([C:9]([C:8]1([H:18])[H:19])([H:20])[H:21])([H:11])[C:2](=[O:1])[O:3][H:10])([H:12])[H:13])([H:14])[H:15])[H:17],11.0,11.0
9,0.441952380952381,AM1BCC,AmberTools,,,H,,10,[H:16][C:7]1([C:6]([C:5]([C:4]([C:9]([C:8]1([H:18])[H:19])([H:20])[H:21])([H:11])[C:2](=[O:1])[O:3][H:10])([H:12])[H:13])([H:14])[H:15])[H:17],11.0,11.0
10,0.08265238095238095,AM1BCC,AmberTools,,,H,,11,[H:16][C:7]1([C:6]([C:5]([C:4]([C:9]([C:8]1([H:18])[H:19])([H:20])[H:21])([H:11])[C:2](=[O:1])[O:3][H:10])([H:12])[H:13])([H:14])[H:15])[H:17],11.0,11.0
11,0.05515238095238096,AM1BCC,AmberTools,,,H,,12,[H:16][C:7]1([C:6]([C:5]([C:4]([C:9]([C:8]1([H:18])[H:19])([H:20])[H:21])([H:11])[C:2](=[O:1])[O:3][H:10])([H:12])[H:13])([H:14])[H:15])[H:17],11.0,11.0
12,0.05515238095238096,AM1BCC,AmberTools,,,H,,13,[H:16][C:7]1([C:6]([C:5]([C:4]([C:9]([C:8]1([H:18])[H:19])([H:20])[H:21])([H:11])[C:2](=[O:1])[O:3][H:10])([H:12])[H:13])([H:14])[H:15])[H:17],11.0,11.0
13,0.044402380952380964,AM1BCC,AmberTools,,,H,,14,[H:16][C:7]1([C:6]([C:5]([C:4]([C:9]([C:8]1([H:18])[H:19])([H:20])[H:21])([H:11])[C:2](=[O:1])[O:3][H:10])([H:12])[H:13])([H:14])[H:15])[H:17],11.0,11.0
14,0.044402380952380964,AM1BCC,AmberTools,,,H,,15,[H:16][C:7]1([C:6]([C:5]([C:4]([C:9]([C:8]1([H:18])[H:19])([H:20])[H:21])([H:11])[C:2](=[O:1])[O:3][H:10])([H:12])[H:13])([H:14])[H:15])[H:17],11.0,11.0
15,0.04215238095238096,AM1BCC,AmberTools,,,H,,16,[H:16][C:7]1([C:6]([C:5]([C:4]([C:9]([C:8]1([H:18])[H:19])([H:20])[H:21])([H:11])[C:2](=[O:1])[O:3][H:10])([H:12])[H:13])([H:14])[H:15])[H:17],11.0,11.0
16,0.04215238095238096,AM1BCC,AmberTools,,,H,,17,[H:16][C:7]1([C:6]([C:5]([C:4]([C:9]([C:8]1([H:18])[H:19])([H:20])[H:21])([H:11])[C:2](=[O:1])[O:3][H:10])([H:12])[H:13])([H:14])[H:15])[H:17],11.0,11.0
17,0.044402380952380964,AM1BCC,AmberTools,,,H,,18,[H:16][C:7]1([C:6]([C:5]([C:4]([C:9]([C:8]1([H:18])[H:19])([H:20])[H:21])([H:11])[C:2](=[O:1])[O:3][H:10])([H:12])[H:13])([H:14])[H:15])[H:17],11.0,11.0
18,0.044402380952380964,AM1BCC,AmberTools,,,H,,19,[H:16][C:7]1([C:6]([C:5]([C:4]([C:9]([C:8]1([H:18])[H:19])([H:20])[H:21])([H:11])[C:2](=[O:1])[O:3][H:10])([H:12])[H:13])([H:14])[H:15])[H:17],11.0,11.0
19,0.05515238095238096,AM1BCC,AmberTools,,,H,,20,[H:16][C:7]1([C:6]([C:5]([C:4]([C:9]([C:8]1([H:18])[H:19])([H:20])[H:21])([H:11])[C:2](=[O:1])[O:3][H:10])([H:12])[H:13])([H:14])[H:15])[H:17],11.0,11.0
20,0.05515238095238096,AM1BCC,AmberTools,,,H,,21,[H:16][C:7]1([C:6]([C:5]([C:4]([C:9]([C:8]1([H:18])[H:19])([H:20])[H:21])([H:11])[C:2](=[O:1])[O:3][H:10])([H:12])[H:13])([H:14])[H:15])[H:17],11.0,11.0
0,-0.5525599746477037,AM1BCC,OpenEye,,,O,,1,[H:16][C:7]1([C:6]([C:5]([C:4]([C:9]([C:8]1([H:18])[H:19])([H:20])[H:21])([H:11])[C:2](=[O:1])[O:3][H:10])([H:12])[H:13])([H:14])[H:15])[H:17],11.0,12.0
1,0.633350011848268,AM1BCC,OpenEye,,,C,,2,[H:16][C:7]1([C:6]([C:5]([C:4]([C:9]([C:8]1([H:18])[H:19])([H:20])[H:21])([H:11])[C:2](=[O:1])[O:3][H:10])([H:12])[H:13])([H:14])[H:15])[H:17],11.0,12.0
2,-0.6040599970590501,AM1BCC,OpenEye,,,O,,3,[H:16][C:7]1([C:6]([C:5]([C:4]([C:9]([C:8]1([H:18])[H:19])([H:20])[H:21])([H:11])[C:2](=[O:1])[O:3][H:10])([H:12])[H:13])([H:14])[H:15])[H:17],11.0,12.0
3,-0.10358000085467384,AM1BCC,OpenEye,,,C,,4,[H:16][C:7]1([C:6]([C:5]([C:4]([C:9]([C:8]1([H:18])[H:19])([H:20])[H:21])([H:11])[C:2](=[O:1])[O:3][H:10])([H:12])[H:13])([H:14])[H:15])[H:17],11.0,12.0
4,-0.07097000167483375,AM1BCC,OpenEye,,,C,,5,[H:16][C:7]1([C:6]([C:5]([C:4]([C:9]([C:8]1([H:18])[H:19])([H:20])[H:21])([H:11])[C:2](=[O:1])[O:3][H:10])([H:12])[H:13])([H:14])[H:15])[H:17],11.0,12.0
5,-0.07603000388258979,AM1BCC,OpenEye,,,C,,6,[H:16][C:7]1([C:6]([C:5]([C:4]([C:9]([C:8]1([H:18])[H:19])([H:20])[H:21])([H:11])[C:2](=[O:1])[O:3][H:10])([H:12])[H:13])([H:14])[H:15])[H:17],11.0,12.0
6,-0.07951000616663978,AM1BCC,OpenEye,,,C,,7,[H:16][C:7]1([C:6]([C:5]([C:4]([C:9]([C:8]1([H:18])[H:19])([H:20])[H:21])([H:11])[C:2](=[O:1])[O:3][H:10])([H:12])[H:13])([H:14])[H:15])[H:17],11.0,12.0
7,-0.07603000388258979,AM1BCC,OpenEye,,,C,,8,[H:16][C:7]1([C:6]([C:5]([C:4]([C:9]([C:8]1([H:18])[H:19])([H:20])[H:21])([H:11])[C:2](=[O:1])[O:3][H:10])([H:12])[H:13])([H:14])[H:15])[H:17],11.0,12.0
8,-0.07097000167483375,AM1BCC,OpenEye,,,C,,9,[H:16][C:7]1([C:6]([C:5]([C:4]([C:9]([C:8]1([H:18])[H:19])([H:20])[H:21])([H:11])[C:2](=[O:1])[O:3][H:10])([H:12])[H:13])([H:14])[H:15])[H:17],11.0,12.0
9,0.44304001047497704,AM1BCC,OpenEye,,,H,,10,[H:16][C:7]1([C:6]([C:5]([C:4]([C:9]([C:8]1([H:18])[H:19])([H:20])[H:21])([H:11])[C:2](=[O:1])[O:3][H:10])([H:12])[H:13])([H:14])[H:15])[H:17],11.0,12.0
10,0.08147999360447838,AM1BCC,OpenEye,,,H,,11,[H:16][C:7]1([C:6]([C:5]([C:4]([C:9]([C:8]1([H:18])[H:19])([H:20])[H:21])([H:11])[C:2](=[O:1])[O:3][H:10])([H:12])[H:13])([H:14])[H:15])[H:17],11.0,12.0
11,0.05396999879961922,AM1BCC,OpenEye,,,H,,12,[H:16][C:7]1([C:6]([C:5]([C:4]([C:9]([C:8]1([H:18])[H:19])([H:20])[H:21])([H:11])[C:2](=[O:1])[O:3][H:10])([H:12])[H:13])([H:14])[H:15])[H:17],11.0,12.0
12,0.05396999879961922,AM1BCC,OpenEye,,,H,,13,[H:16][C:7]1([C:6]([C:5]([C:4]([C:9]([C:8]1([H:18])[H:19])([H:20])[H:21])([H:11])[C:2](=[O:1])[O:3][H:10])([H:12])[H:13])([H:14])[H:15])[H:17],11.0,12.0
13,0.04394999607687905,AM1BCC,OpenEye,,,H,,14,[H:16][C:7]1([C:6]([C:5]([C:4]([C:9]([C:8]1([H:18])[H:19])([H:20])[H:21])([H:11])[C:2](=[O:1])[O:3][H:10])([H:12])[H:13])([H:14])[H:15])[H:17],11.0,12.0
14,0.04394999607687905,AM1BCC,OpenEye,,,H,,15,[H:16][C:7]1([C:6]([C:5]([C:4]([C:9]([C:8]1([H:18])[H:19])([H:20])[H:21])([H:11])[C:2](=[O:1])[O:3][H:10])([H:12])[H:13])([H:14])[H:15])[H:17],11.0,12.0
15,0.04207999720459893,AM1BCC,OpenEye,,,H,,16,[H:16][C:7]1([C:6]([C:5]([C:4]([C:9]([C:8]1([H:18])[H:19])([H:20])[H:21])([H:11])[C:2](=[O:1])[O:3][H:10])([H:12])[H:13])([H:14])[H:15])[H:17],11.0,12.0
16,0.04207999720459893,AM1BCC,OpenEye,,,H,,17,[H:16][C:7]1([C:6]([C:5]([C:4]([C:9]([C:8]1([H:18])[H:19])([H:20])[H:21])([H:11])[C:2](=[O:1])[O:3][H:10])([H:12])[H:13])([H:14])[H:15])[H:17],11.0,12.0
17,0.04394999607687905,AM1BCC,OpenEye,,,H,,18,[H:16][C:7]1([C:6]([C:5]([C:4]([C:9]([C:8]1([H:18])[H:19])([H:20])[H:21])([H:11])[C:2](=[O:1])[O:3][H:10])([H:12])[H:13])([H:14])[H:15])[H:17],11.0,12.0
18,0.04394999607687905,AM1BCC,OpenEye,,,H,,19,[H:16][C:7]1([C:6]([C:5]([C:4]([C:9]([C:8]1([H:18])[H:19])([H:20])[H:21])([H:11])[C:2](=[O:1])[O:3][H:10])([H:12])[H:13])([H:14])[H:15])[H:17],11.0,12.0
19,0.05396999879961922,AM1BCC,OpenEye,,,H,,20,[H:16][C:7]1([C:6]([C:5]([C:4]([C:9]([C:8]1([H:18])[H:19])([H:20])[H:21])([H:11])[C:2](=[O:1])[O:3][H:10])([H:12])[H:13])([H:14])[H:15])[H:17],11.0,12.0
20,0.05396999879961922,AM1BCC,OpenEye,,,H,,21,[H:16][C:7]1([C:6]([C:5]([C:4]([C:9]([C:8]1([H:18])[H:19])([H:20])[H:21])([H:11])[C:2](=[O:1])[O:3][H:10])([H:12])[H:13])([H:14])[H:15])[H:17],11.0,12.0
0,-0.5510476190476191,AM1BCC,AmberTools,,,O,,1,[H:16][C:7]1([C:6]([C:5]([C:4]([C:9]([C:8]1([H:18])[H:19])([H:20])[H:21])([H:11])[C:2](=[O:1])[O:3][H:10])([H:12])[H:13])([H:14])[H:15])[H:17],11.0,12.0
1,0.6360523809523809,AM1BCC,AmberTools,,,C,,2,[H:16][C:7]1([C:6]([C:5]([C:4]([C:9]([C:8]1([H:18])[H:19])([H:20])[H:21])([H:11])[C:2](=[O:1])[O:3][H:10])([H:12])[H:13])([H:14])[H:15])[H:17],11.0,12.0
2,-0.610147619047619,AM1BCC,AmberTools,,,O,,3,[H:16][C:7]1([C:6]([C:5]([C:4]([C:9]([C:8]1([H:18])[H:19])([H:20])[H:21])([H:11])[C:2](=[O:1])[O:3][H:10])([H:12])[H:13])([H:14])[H:15])[H:17],11.0,12.0
3,-0.10374761904761905,AM1BCC,AmberTools,,,C,,4,[H:16][C:7]1([C:6]([C:5]([C:4]([C:9]([C:8]1([H:18])[H:19])([H:20])[H:21])([H:11])[C:2](=[O:1])[O:3][H:10])([H:12])[H:13])([H:14])[H:15])[H:17],11.0,12.0
4,-0.07394761904761904,AM1BCC,AmberTools,,,C,,5,[H:16][C:7]1([C:6]([C:5]([C:4]([C:9]([C:8]1([H:18])[H:19])([H:20])[H:21])([H:11])[C:2](=[O:1])[O:3][H:10])([H:12])[H:13])([H:14])[H:15])[H:17],11.0,12.0
5,-0.07544761904761904,AM1BCC,AmberTools,,,C,,6,[H:16][C:7]1([C:6]([C:5]([C:4]([C:9]([C:8]1([H:18])[H:19])([H:20])[H:21])([H:11])[C:2](=[O:1])[O:3][H:10])([H:12])[H:13])([H:14])[H:15])[H:17],11.0,12.0
6,-0.07944761904761904,AM1BCC,AmberTools,,,C,,7,[H:16][C:7]1([C:6]([C:5]([C:4]([C:9]([C:8]1([H:18])[H:19])([H:20])[H:21])([H:11])[C:2](=[O:1])[O:3][H:10])([H:12])[H:13])([H:14])[H:15])[H:17],11.0,12.0
7,-0.07544761904761904,AM1BCC,AmberTools,,,C,,8,[H:16][C:7]1([C:6]([C:5]([C:4]([C:9]([C:8]1([H:18])[H:19])([H:20])[H:21])([H:11])[C:2](=[O:1])[O:3][H:10])([H:12])[H:13])([H:14])[H:15])[H:17],11.0,12.0
8,-0.07394761904761904,AM1BCC,AmberTools,,,C,,9,[H:16][C:7]1([C:6]([C:5]([C:4]([C:9]([C:8]1([H:18])[H:19])([H:20])[H:21])([H:11])[C:2](=[O:1])[O:3][H:10])([H:12])[H:13])([H:14])[H:15])[H:17],11.0,12.0
9,0.441952380952381,AM1BCC,AmberTools,,,H,,10,[H:16][C:7]1([C:6]([C:5]([C:4]([C:9]([C:8]1([H:18])[H:19])([H:20])[H:21])([H:11])[C:2](=[O:1])[O:3][H:10])([H:12])[H:13])([H:14])[H:15])[H:17],11.0,12.0
10,0.08265238095238095,AM1BCC,AmberTools,,,H,,11,[H:16][C:7]1([C:6]([C:5]([C:4]([C:9]([C:8]1([H:18])[H:19])([H:20])[H:21])([H:11])[C:2](=[O:1])[O:3][H:10])([H:12])[H:13])([H:14])[H:15])[H:17],11.0,12.0
11,0.05515238095238096,AM1BCC,AmberTools,,,H,,12,[H:16][C:7]1([C:6]([C:5]([C:4]([C:9]([C:8]1([H:18])[H:19])([H:20])[H:21])([H:11])[C:2](=[O:1])[O:3][H:10])([H:12])[H:13])([H:14])[H:15])[H:17],11.0,12.0
12,0.05515238095238096,AM1BCC,AmberTools,,,H,,13,[H:16][C:7]1([C:6]([C:5]([C:4]([C:9]([C:8]1([H:18])[H:19])([H:20])[H:21])([H:11])[C:2](=[O:1])[O:3][H:10])([H:12])[H:13])([H:14])[H:15])[H:17],11.0,12.0
13,0.044402380952380964,AM1BCC,AmberTools,,,H,,14,[H:16][C:7]1([C:6]([C:5]([C:4]([C:9]([C:8]1([H:18])[H:19])([H:20])[H:21])([H:11])[C:2](=[O:1])[O:3][H:10])([H:12])[H:13])([H:14])[H:15])[H:17],11.0,12.0
14,0.044402380952380964,AM1BCC,AmberTools,,,H,,15,[H:16][C:7]1([C:6]([C:5]([C:4]([C:9]([C:8]1([H:18])[H:19])([H:20])[H:21])([H:11])[C:2](=[O:1])[O:3][H:10])([H:12])[H:13])([H:14])[H:15])[H:17],11.0,12.0
15,0.04215238095238096,AM1BCC,AmberTools,,,H,,16,[H:16][C:7]1([C:6]([C:5]([C:4]([C:9]([C:8]1([H:18])[H:19])([H:20])[H:21])([H:11])[C:2](=[O:1])[O:3][H:10])([H:12])[H:13])([H:14])[H:15])[H:17],11.0,12.0
16,0.04215238095238096,AM1BCC,AmberTools,,,H,,17,[H:16][C:7]1([C:6]([C:5]([C:4]([C:9]([C:8]1([H:18])[H:19])([H:20])[H:21])([H:11])[C:2](=[O:1])[O:3][H:10])([H:12])[H:13])([H:14])[H:15])[H:17],11.0,12.0
17,0.044402380952380964,AM1BCC,AmberTools,,,H,,18,[H:16][C:7]1([C:6]([C:5]([C:4]([C:9]([C:8]1([H:18])[H:19])([H:20])[H:21])([H:11])[C:2](=[O:1])[O:3][H:10])([H:12])[H:13])([H:14])[H:15])[H:17],11.0,12.0
18,0.044402380952380964,AM1BCC,AmberTools,,,H,,19,[H:16][C:7]1([C:6]([C:5]([C:4]([C:9]([C:8]1([H:18])[H:19])([H:20])[H:21])([H:11])[C:2](=[O:1])[O:3][H:10])([H:12])[H:13])([H:14])[H:15])[H:17],11.0,12.0
19,0.05515238095238096,AM1BCC,AmberTools,,,H,,20,[H:16][C:7]1([C:6]([C:5]([C:4]([C:9]([C:8]1([H:18])[H:19])([H:20])[H:21])([H:11])[C:2](=[O:1])[O:3][H:10])([H:12])[H:13])([H:14])[H:15])[H:17],11.0,12.0
20,0.05515238095238096,AM1BCC,AmberTools,,,H,,21,[H:16][C:7]1([C:6]([C:5]([C:4]([C:9]([C:8]1([H:18])[H:19])([H:20])[H:21])([H:11])[C:2](=[O:1])[O:3][H:10])([H:12])[H:13])([H:14])[H:15])[H:17],11.0,12.0
0,-0.5516200083352271,AM1BCC,OpenEye,,,O,,1,[H:16][C:7]1([C:6]([C:5]([C:4]([C:9]([C:8]1([H:18])[H:19])([H:20])[H:21])([H:11])[C:2](=[O:1])[O:3][H:10])([H:12])[H:13])([H:14])[H:15])[H:17],12.0,1.0
1,0.6332200151823816,AM1BCC,OpenEye,,,C,,2,[H:16][C:7]1([C:6]([C:5]([C:4]([C:9]([C:8]1([H:18])[H:19])([H:20])[H:21])([H:11])[C:2](=[O:1])[O:3][H:10])([H:12])[H:13])([H:14])[H:15])[H:17],12.0,1.0
2,-0.6018499749756995,AM1BCC,OpenEye,,,O,,3,[H:16][C:7]1([C:6]([C:5]([C:4]([C:9]([C:8]1([H:18])[H:19])([H:20])[H:21])([H:11])[C:2](=[O:1])[O:3][H:10])([H:12])[H:13])([H:14])[H:15])[H:17],12.0,1.0
3,-0.1040999981619063,AM1BCC,OpenEye,,,C,,4,[H:16][C:7]1([C:6]([C:5]([C:4]([C:9]([C:8]1([H:18])[H:19])([H:20])[H:21])([H:11])[C:2](=[O:1])[O:3][H:10])([H:12])[H:13])([H:14])[H:15])[H:17],12.0,1.0
4,-0.07474000184308915,AM1BCC,OpenEye,,,C,,5,[H:16][C:7]1([C:6]([C:5]([C:4]([C:9]([C:8]1([H:18])[H:19])([H:20])[H:21])([H:11])[C:2](=[O:1])[O:3][H:10])([H:12])[H:13])([H:14])[H:15])[H:17],12.0,1.0
5,-0.07537000058662324,AM1BCC,OpenEye,,,C,,6,[H:16][C:7]1([C:6]([C:5]([C:4]([C:9]([C:8]1([H:18])[H:19])([H:20])[H:21])([H:11])[C:2](=[O:1])[O:3][H:10])([H:12])[H:13])([H:14])[H:15])[H:17],12.0,1.0
6,-0.07970000235807329,AM1BCC,OpenEye,,,C,,7,[H:16][C:7]1([C:6]([C:5]([C:4]([C:9]([C:8]1([H:18])[H:19])([H:20])[H:21])([H:11])[C:2](=[O:1])[O:3][H:10])([H:12])[H:13])([H:14])[H:15])[H:17],12.0,1.0
7,-0.07537000058662324,AM1BCC,OpenEye,,,C,,8,[H:16][C:7]1([C:6]([C:5]([C:4]([C:9]([C:8]1([H:18])[H:19])([H:20])[H:21])([H:11])[C:2](=[O:1])[O:3][H:10])([H:12])[H:13])([H:14])[H:15])[H:17],12.0,1.0
8,-0.07474000184308915,AM1BCC,OpenEye,,,C,,9,[H:16][C:7]1([C:6]([C:5]([C:4]([C:9]([C:8]1([H:18])[H:19])([H:20])[H:21])([H:11])[C:2](=[O:1])[O:3][H:10])([H:12])[H:13])([H:14])[H:15])[H:17],12.0,1.0
9,0.44198000253666014,AM1BCC,OpenEye,,,H,,10,[H:16][C:7]1([C:6]([C:5]([C:4]([C:9]([C:8]1([H:18])[H:19])([H:20])[H:21])([H:11])[C:2](=[O:1])[O:3][H:10])([H:12])[H:13])([H:14])[H:15])[H:17],12.0,1.0
10,0.08127000005472274,AM1BCC,OpenEye,,,H,,11,[H:16][C:7]1([C:6]([C:5]([C:4]([C:9]([C:8]1([H:18])[H:19])([H:20])[H:21])([H:11])[C:2](=[O:1])[O:3][H:10])([H:12])[H:13])([H:14])[H:15])[H:17],12.0,1.0
11,0.05534999640215011,AM1BCC,OpenEye,,,H,,12,[H:16][C:7]1([C:6]([C:5]([C:4]([C:9]([C:8]1([H:18])[H:19])([H:20])[H:21])([H:11])[C:2](=[O:1])[O:3][H:10])([H:12])[H:13])([H:14])[H:15])[H:17],12.0,1.0
12,0.05534999640215011,AM1BCC,OpenEye,,,H,,13,[H:16][C:7]1([C:6]([C:5]([C:4]([C:9]([C:8]1([H:18])[H:19])([H:20])[H:21])([H:11])[C:2](=[O:1])[O:3][H:10])([H:12])[H:13])([H:14])[H:15])[H:17],12.0,1.0
13,0.044029997750407175,AM1BCC,OpenEye,,,H,,14,[H:16][C:7]1([C:6]([C:5]([C:4]([C:9]([C:8]1([H:18])[H:19])([H:20])[H:21])([H:11])[C:2](=[O:1])[O:3][H:10])([H:12])[H:13])([H:14])[H:15])[H:17],12.0,1.0
14,0.044029997750407175,AM1BCC,OpenEye,,,H,,15,[H:16][C:7]1([C:6]([C:5]([C:4]([C:9]([C:8]1([H:18])[H:19])([H:20])[H:21])([H:11])[C:2](=[O:1])[O:3][H:10])([H:12])[H:13])([H:14])[H:15])[H:17],12.0,1.0
15,0.041749997153168635,AM1BCC,OpenEye,,,H,,16,[H:16][C:7]1([C:6]([C:5]([C:4]([C:9]([C:8]1([H:18])[H:19])([H:20])[H:21])([H:11])[C:2](=[O:1])[O:3][H:10])([H:12])[H:13])([H:14])[H:15])[H:17],12.0,1.0
16,0.041749997153168635,AM1BCC,OpenEye,,,H,,17,[H:16][C:7]1([C:6]([C:5]([C:4]([C:9]([C:8]1([H:18])[H:19])([H:20])[H:21])([H:11])[C:2](=[O:1])[O:3][H:10])([H:12])[H:13])([H:14])[H:15])[H:17],12.0,1.0
17,0.044029997750407175,AM1BCC,OpenEye,,,H,,18,[H:16][C:7]1([C:6]([C:5]([C:4]([C:9]([C:8]1([H:18])[H:19])([H:20])[H:21])([H:11])[C:2](=[O:1])[O:3][H:10])([H:12])[H:13])([H:14])[H:15])[H:17],12.0,1.0
18,0.044029997750407175,AM1BCC,OpenEye,,,H,,19,[H:16][C:7]1([C:6]([C:5]([C:4]([C:9]([C:8]1([H:18])[H:19])([H:20])[H:21])([H:11])[C:2](=[O:1])[O:3][H:10])([H:12])[H:13])([H:14])[H:15])[H:17],12.0,1.0
19,0.05534999640215011,AM1BCC,OpenEye,,,H,,20,[H:16][C:7]1([C:6]([C:5]([C:4]([C:9]([C:8]1([H:18])[H:19])([H:20])[H:21])([H:11])[C:2](=[O:1])[O:3][H:10])([H:12])[H:13])([H:14])[H:15])[H:17],12.0,1.0
20,0.05534999640215011,AM1BCC,OpenEye,,,H,,21,[H:16][C:7]1([C:6]([C:5]([C:4]([C:9]([C:8]1([H:18])[H:19])([H:20])[H:21])([H:11])[C:2](=[O:1])[O:3][H:10])([H:12])[H:13])([H:14])[H:15])[H:17],12.0,1.0
0,-0.5510476190476191,AM1BCC,AmberTools,,,O,,1,[H:16][C:7]1([C:6]([C:5]([C:4]([C:9]([C:8]1([H:18])[H:19])([H:20])[H:21])([H:11])[C:2](=[O:1])[O:3][H:10])([H:12])[H:13])([H:14])[H:15])[H:17],12.0,1.0
1,0.6360523809523809,AM1BCC,AmberTools,,,C,,2,[H:16][C:7]1([C:6]([C:5]([C:4]([C:9]([C:8]1([H:18])[H:19])([H:20])[H:21])([H:11])[C:2](=[O:1])[O:3][H:10])([H:12])[H:13])([H:14])[H:15])[H:17],12.0,1.0
2,-0.610147619047619,AM1BCC,AmberTools,,,O,,3,[H:16][C:7]1([C:6]([C:5]([C:4]([C:9]([C:8]1([H:18])[H:19])([H:20])[H:21])([H:11])[C:2](=[O:1])[O:3][H:10])([H:12])[H:13])([H:14])[H:15])[H:17],12.0,1.0
3,-0.10374761904761905,AM1BCC,AmberTools,,,C,,4,[H:16][C:7]1([C:6]([C:5]([C:4]([C:9]([C:8]1([H:18])[H:19])([H:20])[H:21])([H:11])[C:2](=[O:1])[O:3][H:10])([H:12])[H:13])([H:14])[H:15])[H:17],12.0,1.0
4,-0.07394761904761904,AM1BCC,AmberTools,,,C,,5,[H:16][C:7]1([C:6]([C:5]([C:4]([C:9]([C:8]1([H:18])[H:19])([H:20])[H:21])([H:11])[C:2](=[O:1])[O:3][H:10])([H:12])[H:13])([H:14])[H:15])[H:17],12.0,1.0
5,-0.07544761904761904,AM1BCC,AmberTools,,,C,,6,[H:16][C:7]1([C:6]([C:5]([C:4]([C:9]([C:8]1([H:18])[H:19])([H:20])[H:21])([H:11])[C:2](=[O:1])[O:3][H:10])([H:12])[H:13])([H:14])[H:15])[H:17],12.0,1.0
6,-0.07944761904761904,AM1BCC,AmberTools,,,C,,7,[H:16][C:7]1([C:6]([C:5]([C:4]([C:9]([C:8]1([H:18])[H:19])([H:20])[H:21])([H:11])[C:2](=[O:1])[O:3][H:10])([H:12])[H:13])([H:14])[H:15])[H:17],12.0,1.0
7,-0.07544761904761904,AM1BCC,AmberTools,,,C,,8,[H:16][C:7]1([C:6]([C:5]([C:4]([C:9]([C:8]1([H:18])[H:19])([H:20])[H:21])([H:11])[C:2](=[O:1])[O:3][H:10])([H:12])[H:13])([H:14])[H:15])[H:17],12.0,1.0
8,-0.07394761904761904,AM1BCC,AmberTools,,,C,,9,[H:16][C:7]1([C:6]([C:5]([C:4]([C:9]([C:8]1([H:18])[H:19])([H:20])[H:21])([H:11])[C:2](=[O:1])[O:3][H:10])([H:12])[H:13])([H:14])[H:15])[H:17],12.0,1.0
9,0.441952380952381,AM1BCC,AmberTools,,,H,,10,[H:16][C:7]1([C:6]([C:5]([C:4]([C:9]([C:8]1([H:18])[H:19])([H:20])[H:21])([H:11])[C:2](=[O:1])[O:3][H:10])([H:12])[H:13])([H:14])[H:15])[H:17],12.0,1.0
10,0.08265238095238095,AM1BCC,AmberTools,,,H,,11,[H:16][C:7]1([C:6]([C:5]([C:4]([C:9]([C:8]1([H:18])[H:19])([H:20])[H:21])([H:11])[C:2](=[O:1])[O:3][H:10])([H:12])[H:13])([H:14])[H:15])[H:17],12.0,1.0
11,0.05515238095238096,AM1BCC,AmberTools,,,H,,12,[H:16][C:7]1([C:6]([C:5]([C:4]([C:9]([C:8]1([H:18])[H:19])([H:20])[H:21])([H:11])[C:2](=[O:1])[O:3][H:10])([H:12])[H:13])([H:14])[H:15])[H:17],12.0,1.0
12,0.05515238095238096,AM1BCC,AmberTools,,,H,,13,[H:16][C:7]1([C:6]([C:5]([C:4]([C:9]([C:8]1([H:18])[H:19])([H:20])[H:21])([H:11])[C:2](=[O:1])[O:3][H:10])([H:12])[H:13])([H:14])[H:15])[H:17],12.0,1.0
13,0.044402380952380964,AM1BCC,AmberTools,,,H,,14,[H:16][C:7]1([C:6]([C:5]([C:4]([C:9]([C:8]1([H:18])[H:19])([H:20])[H:21])([H:11])[C:2](=[O:1])[O:3][H:10])([H:12])[H:13])([H:14])[H:15])[H:17],12.0,1.0
14,0.044402380952380964,AM1BCC,AmberTools,,,H,,15,[H:16][C:7]1([C:6]([C:5]([C:4]([C:9]([C:8]1([H:18])[H:19])([H:20])[H:21])([H:11])[C:2](=[O:1])[O:3][H:10])([H:12])[H:13])([H:14])[H:15])[H:17],12.0,1.0
15,0.04215238095238096,AM1BCC,AmberTools,,,H,,16,[H:16][C:7]1([C:6]([C:5]([C:4]([C:9]([C:8]1([H:18])[H:19])([H:20])[H:21])([H:11])[C:2](=[O:1])[O:3][H:10])([H:12])[H:13])([H:14])[H:15])[H:17],12.0,1.0
16,0.04215238095238096,AM1BCC,AmberTools,,,H,,17,[H:16][C:7]1([C:6]([C:5]([C:4]([C:9]([C:8]1([H:18])[H:19])([H:20])[H:21])([H:11])[C:2](=[O:1])[O:3][H:10])([H:12])[H:13])([H:14])[H:15])[H:17],12.0,1.0
17,0.044402380952380964,AM1BCC,AmberTools,,,H,,18,[H:16][C:7]1([C:6]([C:5]([C:4]([C:9]([C:8]1([H:18])[H:19])([H:20])[H:21])([H:11])[C:2](=[O:1])[O:3][H:10])([H:12])[H:13])([H:14])[H:15])[H:17],12.0,1.0
18,0.044402380952380964,AM1BCC,AmberTools,,,H,,19,[H:16][C:7]1([C:6]([C:5]([C:4]([C:9]([C:8]1([H:18])[H:19])([H:20])[H:21])([H:11])[C:2](=[O:1])[O:3][H:10])([H:12])[H:13])([H:14])[H:15])[H:17],12.0,1.0
19,0.05515238095238096,AM1BCC,AmberTools,,,H,,20,[H:16][C:7]1([C:6]([C:5]([C:4]([C:9]([C:8]1([H:18])[H:19])([H:20])[H:21])([H:11])[C:2](=[O:1])[O:3][H:10])([H:12])[H:13])([H:14])[H:15])[H:17],12.0,1.0
20,0.05515238095238096,AM1BCC,AmberTools,,,H,,21,[H:16][C:7]1([C:6]([C:5]([C:4]([C:9]([C:8]1([H:18])[H:19])([H:20])[H:21])([H:11])[C:2](=[O:1])[O:3][H:10])([H:12])[H:13])([H:14])[H:15])[H:17],12.0,1.0
0,-0.551620007625648,AM1BCC,OpenEye,,,O,,1,[H:16][C:7]1([C:6]([C:5]([C:4]([C:9]([C:8]1([H:18])[H:19])([H:20])[H:21])([H:11])[C:2](=[O:1])[O:3][H:10])([H:12])[H:13])([H:14])[H:15])[H:17],12.0,2.0
1,0.6332200158919606,AM1BCC,OpenEye,,,C,,2,[H:16][C:7]1([C:6]([C:5]([C:4]([C:9]([C:8]1([H:18])[H:19])([H:20])[H:21])([H:11])[C:2](=[O:1])[O:3][H:10])([H:12])[H:13])([H:14])[H:15])[H:17],12.0,2.0
2,-0.6018499742661204,AM1BCC,OpenEye,,,O,,3,[H:16][C:7]1([C:6]([C:5]([C:4]([C:9]([C:8]1([H:18])[H:19])([H:20])[H:21])([H:11])[C:2](=[O:1])[O:3][H:10])([H:12])[H:13])([H:14])[H:15])[H:17],12.0,2.0
3,-0.10408999877316612,AM1BCC,OpenEye,,,C,,4,[H:16][C:7]1([C:6]([C:5]([C:4]([C:9]([C:8]1([H:18])[H:19])([H:20])[H:21])([H:11])[C:2](=[O:1])[O:3][H:10])([H:12])[H:13])([H:14])[H:15])[H:17],12.0,2.0
4,-0.07474000113351005,AM1BCC,OpenEye,,,C,,5,[H:16][C:7]1([C:6]([C:5]([C:4]([C:9]([C:8]1([H:18])[H:19])([H:20])[H:21])([H:11])[C:2](=[O:1])[O:3][H:10])([H:12])[H:13])([H:14])[H:15])[H:17],12.0,2.0
5,-0.07536999987704414,AM1BCC,OpenEye,,,C,,6,[H:16][C:7]1([C:6]([C:5]([C:4]([C:9]([C:8]1([H:18])[H:19])([H:20])[H:21])([H:11])[C:2](=[O:1])[O:3][H:10])([H:12])[H:13])([H:14])[H:15])[H:17],12.0,2.0
6,-0.07970000164849418,AM1BCC,OpenEye,,,C,,7,[H:16][C:7]1([C:6]([C:5]([C:4]([C:9]([C:8]1([H:18])[H:19])([H:20])[H:21])([H:11])[C:2](=[O:1])[O:3][H:10])([H:12])[H:13])([H:14])[H:15])[H:17],12.0,2.0
7,-0.07536999987704414,AM1BCC,OpenEye,,,C,,8,[H:16][C:7]1([C:6]([C:5]([C:4]([C:9]([C:8]1([H:18])[H:19])([H:20])[H:21])([H:11])[C:2](=[O:1])[O:3][H:10])([H:12])[H:13])([H:14])[H:15])[H:17],12.0,2.0
8,-0.07474000113351005,AM1BCC,OpenEye,,,C,,9,[H:16][C:7]1([C:6]([C:5]([C:4]([C:9]([C:8]1([H:18])[H:19])([H:20])[H:21])([H:11])[C:2](=[O:1])[O:3][H:10])([H:12])[H:13])([H:14])[H:15])[H:17],12.0,2.0
9,0.441969989665917,AM1BCC,OpenEye,,,H,,10,[H:16][C:7]1([C:6]([C:5]([C:4]([C:9]([C:8]1([H:18])[H:19])([H:20])[H:21])([H:11])[C:2](=[O:1])[O:3][H:10])([H:12])[H:13])([H:14])[H:15])[H:17],12.0,2.0
10,0.08127000076430184,AM1BCC,OpenEye,,,H,,11,[H:16][C:7]1([C:6]([C:5]([C:4]([C:9]([C:8]1([H:18])[H:19])([H:20])[H:21])([H:11])[C:2](=[O:1])[O:3][H:10])([H:12])[H:13])([H:14])[H:15])[H:17],12.0,2.0
11,0.055349997111729214,AM1BCC,OpenEye,,,H,,12,[H:16][C:7]1([C:6]([C:5]([C:4]([C:9]([C:8]1([H:18])[H:19])([H:20])[H:21])([H:11])[C:2](=[O:1])[O:3][H:10])([H:12])[H:13])([H:14])[H:15])[H:17],12.0,2.0
12,0.055349997111729214,AM1BCC,OpenEye,,,H,,13,[H:16][C:7]1([C:6]([C:5]([C:4]([C:9]([C:8]1([H:18])[H:19])([H:20])[H:21])([H:11])[C:2](=[O:1])[O:3][H:10])([H:12])[H:13])([H:14])[H:15])[H:17],12.0,2.0
13,0.04402999845998628,AM1BCC,OpenEye,,,H,,14,[H:16][C:7]1([C:6]([C:5]([C:4]([C:9]([C:8]1([H:18])[H:19])([H:20])[H:21])([H:11])[C:2](=[O:1])[O:3][H:10])([H:12])[H:13])([H:14])[H:15])[H:17],12.0,2.0
14,0.04402999845998628,AM1BCC,OpenEye,,,H,,15,[H:16][C:7]1([C:6]([C:5]([C:4]([C:9]([C:8]1([H:18])[H:19])([H:20])[H:21])([H:11])[C:2](=[O:1])[O:3][H:10])([H:12])[H:13])([H:14])[H:15])[H:17],12.0,2.0
15,0.04174999786274774,AM1BCC,OpenEye,,,H,,16,[H:16][C:7]1([C:6]([C:5]([C:4]([C:9]([C:8]1([H:18])[H:19])([H:20])[H:21])([H:11])[C:2](=[O:1])[O:3][H:10])([H:12])[H:13])([H:14])[H:15])[H:17],12.0,2.0
16,0.04174999786274774,AM1BCC,OpenEye,,,H,,17,[H:16][C:7]1([C:6]([C:5]([C:4]([C:9]([C:8]1([H:18])[H:19])([H:20])[H:21])([H:11])[C:2](=[O:1])[O:3][H:10])([H:12])[H:13])([H:14])[H:15])[H:17],12.0,2.0
17,0.04402999845998628,AM1BCC,OpenEye,,,H,,18,[H:16][C:7]1([C:6]([C:5]([C:4]([C:9]([C:8]1([H:18])[H:19])([H:20])[H:21])([H:11])[C:2](=[O:1])[O:3][H:10])([H:12])[H:13])([H:14])[H:15])[H:17],12.0,2.0
18,0.04402999845998628,AM1BCC,OpenEye,,,H,,19,[H:16][C:7]1([C:6]([C:5]([C:4]([C:9]([C:8]1([H:18])[H:19])([H:20])[H:21])([H:11])[C:2](=[O:1])[O:3][H:10])([H:12])[H:13])([H:14])[H:15])[H:17],12.0,2.0
19,0.055349997111729214,AM1BCC,OpenEye,,,H,,20,[H:16][C:7]1([C:6]([C:5]([C:4]([C:9]([C:8]1([H:18])[H:19])([H:20])[H:21])([H:11])[C:2](=[O:1])[O:3][H:10])([H:12])[H:13])([H:14])[H:15])[H:17],12.0,2.0
20,0.055349997111729214,AM1BCC,OpenEye,,,H,,21,[H:16][C:7]1([C:6]([C:5]([C:4]([C:9]([C:8]1([H:18])[H:19])([H:20])[H:21])([H:11])[C:2](=[O:1])[O:3][H:10])([H:12])[H:13])([H:14])[H:15])[H:17],12.0,2.0
0,-0.550952380952381,AM1BCC,AmberTools,,,O,,1,[H:16][C:7]1([C:6]([C:5]([C:4]([C:9]([C:8]1([H:18])[H:19])([H:20])[H:21])([H:11])[C:2](=[O:1])[O:3][H:10])([H:12])[H:13])([H:14])[H:15])[H:17],12.0,2.0
1,0.6361476190476191,AM1BCC,AmberTools,,,C,,2,[H:16][C:7]1([C:6]([C:5]([C:4]([C:9]([C:8]1([H:18])[H:19])([H:20])[H:21])([H:11])[C:2](=[O:1])[O:3][H:10])([H:12])[H:13])([H:14])[H:15])[H:17],12.0,2.0
2,-0.6100523809523809,AM1BCC,AmberTools,,,O,,3,[H:16][C:7]1([C:6]([C:5]([C:4]([C:9]([C:8]1([H:18])[H:19])([H:20])[H:21])([H:11])[C:2](=[O:1])[O:3][H:10])([H:12])[H:13])([H:14])[H:15])[H:17],12.0,2.0
3,-0.10365238095238094,AM1BCC,AmberTools,,,C,,4,[H:16][C:7]1([C:6]([C:5]([C:4]([C:9]([C:8]1([H:18])[H:19])([H:20])[H:21])([H:11])[C:2](=[O:1])[O:3][H:10])([H:12])[H:13])([H:14])[H:15])[H:17],12.0,2.0
4,-0.07385238095238093,AM1BCC,AmberTools,,,C,,5,[H:16][C:7]1([C:6]([C:5]([C:4]([C:9]([C:8]1([H:18])[H:19])([H:20])[H:21])([H:11])[C:2](=[O:1])[O:3][H:10])([H:12])[H:13])([H:14])[H:15])[H:17],12.0,2.0
5,-0.07535238095238093,AM1BCC,AmberTools,,,C,,6,[H:16][C:7]1([C:6]([C:5]([C:4]([C:9]([C:8]1([H:18])[H:19])([H:20])[H:21])([H:11])[C:2](=[O:1])[O:3][H:10])([H:12])[H:13])([H:14])[H:15])[H:17],12.0,2.0
6,-0.07935238095238094,AM1BCC,AmberTools,,,C,,7,[H:16][C:7]1([C:6]([C:5]([C:4]([C:9]([C:8]1([H:18])[H:19])([H:20])[H:21])([H:11])[C:2](=[O:1])[O:3][H:10])([H:12])[H:13])([H:14])[H:15])[H:17],12.0,2.0
7,-0.07535238095238093,AM1BCC,AmberTools,,,C,,8,[H:16][C:7]1([C:6]([C:5]([C:4]([C:9]([C:8]1([H:18])[H:19])([H:20])[H:21])([H:11])[C:2](=[O:1])[O:3][H:10])([H:12])[H:13])([H:14])[H:15])[H:17],12.0,2.0
8,-0.07385238095238093,AM1BCC,AmberTools,,,C,,9,[H:16][C:7]1([C:6]([C:5]([C:4]([C:9]([C:8]1([H:18])[H:19])([H:20])[H:21])([H:11])[C:2](=[O:1])[O:3][H:10])([H:12])[H:13])([H:14])[H:15])[H:17],12.0,2.0
9,0.4420476190476191,AM1BCC,AmberTools,,,H,,10,[H:16][C:7]1([C:6]([C:5]([C:4]([C:9]([C:8]1([H:18])[H:19])([H:20])[H:21])([H:11])[C:2](=[O:1])[O:3][H:10])([H:12])[H:13])([H:14])[H:15])[H:17],12.0,2.0
10,0.08274761904761906,AM1BCC,AmberTools,,,H,,11,[H:16][C:7]1([C:6]([C:5]([C:4]([C:9]([C:8]1([H:18])[H:19])([H:20])[H:21])([H:11])[C:2](=[O:1])[O:3][H:10])([H:12])[H:13])([H:14])[H:15])[H:17],12.0,2.0
11,0.05499761904761906,AM1BCC,AmberTools,,,H,,12,[H:16][C:7]1([C:6]([C:5]([C:4]([C:9]([C:8]1([H:18])[H:19])([H:20])[H:21])([H:11])[C:2](=[O:1])[O:3][H:10])([H:12])[H:13])([H:14])[H:15])[H:17],12.0,2.0
12,0.05499761904761906,AM1BCC,AmberTools,,,H,,13,[H:16][C:7]1([C:6]([C:5]([C:4]([C:9]([C:8]1([H:18])[H:19])([H:20])[H:21])([H:11])[C:2](=[O:1])[O:3][H:10])([H:12])[H:13])([H:14])[H:15])[H:17],12.0,2.0
13,0.044497619047619064,AM1BCC,AmberTools,,,H,,14,[H:16][C:7]1([C:6]([C:5]([C:4]([C:9]([C:8]1([H:18])[H:19])([H:20])[H:21])([H:11])[C:2](=[O:1])[O:3][H:10])([H:12])[H:13])([H:14])[H:15])[H:17],12.0,2.0
14,0.044497619047619064,AM1BCC,AmberTools,,,H,,15,[H:16][C:7]1([C:6]([C:5]([C:4]([C:9]([C:8]1([H:18])[H:19])([H:20])[H:21])([H:11])[C:2](=[O:1])[O:3][H:10])([H:12])[H:13])([H:14])[H:15])[H:17],12.0,2.0
15,0.04174761904761906,AM1BCC,AmberTools,,,H,,16,[H:16][C:7]1([C:6]([C:5]([C:4]([C:9]([C:8]1([H:18])[H:19])([H:20])[H:21])([H:11])[C:2](=[O:1])[O:3][H:10])([H:12])[H:13])([H:14])[H:15])[H:17],12.0,2.0
16,0.04174761904761906,AM1BCC,AmberTools,,,H,,17,[H:16][C:7]1([C:6]([C:5]([C:4]([C:9]([C:8]1([H:18])[H:19])([H:20])[H:21])([H:11])[C:2](=[O:1])[O:3][H:10])([H:12])[H:13])([H:14])[H:15])[H:17],12.0,2.0
17,0.044497619047619064,AM1BCC,AmberTools,,,H,,18,[H:16][C:7]1([C:6]([C:5]([C:4]([C:9]([C:8]1([H:18])[H:19])([H:20])[H:21])([H:11])[C:2](=[O:1])[O:3][H:10])([H:12])[H:13])([H:14])[H:15])[H:17],12.0,2.0
18,0.044497619047619064,AM1BCC,AmberTools,,,H,,19,[H:16][C:7]1([C:6]([C:5]([C:4]([C:9]([C:8]1([H:18])[H:19])([H:20])[H:21])([H:11])[C:2](=[O:1])[O:3][H:10])([H:12])[H:13])([H:14])[H:15])[H:17],12.0,2.0
19,0.05499761904761906,AM1BCC,AmberTools,,,H,,20,[H:16][C:7]1([C:6]([C:5]([C:4]([C:9]([C:8]1([H:18])[H:19])([H:20])[H:21])([H:11])[C:2](=[O:1])[O:3][H:10])([H:12])[H:13])([H:14])[H:15])[H:17],12.0,2.0
20,0.05499761904761906,AM1BCC,AmberTools,,,H,,21,[H:16][C:7]1([C:6]([C:5]([C:4]([C:9]([C:8]1([H:18])[H:19])([H:20])[H:21])([H:11])[C:2](=[O:1])[O:3][H:10])([H:12])[H:13])([H:14])[H:15])[H:17],12.0,2.0
0,-0.5516200083352271,AM1BCC,OpenEye,,,O,,1,[H:16][C:7]1([C:6]([C:5]([C:4]([C:9]([C:8]1([H:18])[H:19])([H:20])[H:21])([H:11])[C:2](=[O:1])[O:3][H:10])([H:12])[H:13])([H:14])[H:15])[H:17],12.0,3.0
1,0.6332200151823816,AM1BCC,OpenEye,,,C,,2,[H:16][C:7]1([C:6]([C:5]([C:4]([C:9]([C:8]1([H:18])[H:19])([H:20])[H:21])([H:11])[C:2](=[O:1])[O:3][H:10])([H:12])[H:13])([H:14])[H:15])[H:17],12.0,3.0
2,-0.6018499749756995,AM1BCC,OpenEye,,,O,,3,[H:16][C:7]1([C:6]([C:5]([C:4]([C:9]([C:8]1([H:18])[H:19])([H:20])[H:21])([H:11])[C:2](=[O:1])[O:3][H:10])([H:12])[H:13])([H:14])[H:15])[H:17],12.0,3.0
3,-0.10408999948274522,AM1BCC,OpenEye,,,C,,4,[H:16][C:7]1([C:6]([C:5]([C:4]([C:9]([C:8]1([H:18])[H:19])([H:20])[H:21])([H:11])[C:2](=[O:1])[O:3][H:10])([H:12])[H:13])([H:14])[H:15])[H:17],12.0,3.0
4,-0.07474000184308915,AM1BCC,OpenEye,,,C,,5,[H:16][C:7]1([C:6]([C:5]([C:4]([C:9]([C:8]1([H:18])[H:19])([H:20])[H:21])([H:11])[C:2](=[O:1])[O:3][H:10])([H:12])[H:13])([H:14])[H:15])[H:17],12.0,3.0
5,-0.07537000058662324,AM1BCC,OpenEye,,,C,,6,[H:16][C:7]1([C:6]([C:5]([C:4]([C:9]([C:8]1([H:18])[H:19])([H:20])[H:21])([H:11])[C:2](=[O:1])[O:3][H:10])([H:12])[H:13])([H:14])[H:15])[H:17],12.0,3.0
6,-0.07971000103723436,AM1BCC,OpenEye,,,C,,7,[H:16][C:7]1([C:6]([C:5]([C:4]([C:9]([C:8]1([H:18])[H:19])([H:20])[H:21])([H:11])[C:2](=[O:1])[O:3][H:10])([H:12])[H:13])([H:14])[H:15])[H:17],12.0,3.0
7,-0.07537000058662324,AM1BCC,OpenEye,,,C,,8,[H:16][C:7]1([C:6]([C:5]([C:4]([C:9]([C:8]1([H:18])[H:19])([H:20])[H:21])([H:11])[C:2](=[O:1])[O:3][H:10])([H:12])[H:13])([H:14])[H:15])[H:17],12.0,3.0
8,-0.07474000184308915,AM1BCC,OpenEye,,,C,,9,[H:16][C:7]1([C:6]([C:5]([C:4]([C:9]([C:8]1([H:18])[H:19])([H:20])[H:21])([H:11])[C:2](=[O:1])[O:3][H:10])([H:12])[H:13])([H:14])[H:15])[H:17],12.0,3.0
9,0.44198000253666014,AM1BCC,OpenEye,,,H,,10,[H:16][C:7]1([C:6]([C:5]([C:4]([C:9]([C:8]1([H:18])[H:19])([H:20])[H:21])([H:11])[C:2](=[O:1])[O:3][H:10])([H:12])[H:13])([H:14])[H:15])[H:17],12.0,3.0
10,0.08127000005472274,AM1BCC,OpenEye,,,H,,11,[H:16][C:7]1([C:6]([C:5]([C:4]([C:9]([C:8]1([H:18])[H:19])([H:20])[H:21])([H:11])[C:2](=[O:1])[O:3][H:10])([H:12])[H:13])([H:14])[H:15])[H:17],12.0,3.0
11,0.05534999640215011,AM1BCC,OpenEye,,,H,,12,[H:16][C:7]1([C:6]([C:5]([C:4]([C:9]([C:8]1([H:18])[H:19])([H:20])[H:21])([H:11])[C:2](=[O:1])[O:3][H:10])([H:12])[H:13])([H:14])[H:15])[H:17],12.0,3.0
12,0.05534999640215011,AM1BCC,OpenEye,,,H,,13,[H:16][C:7]1([C:6]([C:5]([C:4]([C:9]([C:8]1([H:18])[H:19])([H:20])[H:21])([H:11])[C:2](=[O:1])[O:3][H:10])([H:12])[H:13])([H:14])[H:15])[H:17],12.0,3.0
13,0.044029997750407175,AM1BCC,OpenEye,,,H,,14,[H:16][C:7]1([C:6]([C:5]([C:4]([C:9]([C:8]1([H:18])[H:19])([H:20])[H:21])([H:11])[C:2](=[O:1])[O:3][H:10])([H:12])[H:13])([H:14])[H:15])[H:17],12.0,3.0
14,0.044029997750407175,AM1BCC,OpenEye,,,H,,15,[H:16][C:7]1([C:6]([C:5]([C:4]([C:9]([C:8]1([H:18])[H:19])([H:20])[H:21])([H:11])[C:2](=[O:1])[O:3][H:10])([H:12])[H:13])([H:14])[H:15])[H:17],12.0,3.0
15,0.041749997153168635,AM1BCC,OpenEye,,,H,,16,[H:16][C:7]1([C:6]([C:5]([C:4]([C:9]([C:8]1([H:18])[H:19])([H:20])[H:21])([H:11])[C:2](=[O:1])[O:3][H:10])([H:12])[H:13])([H:14])[H:15])[H:17],12.0,3.0
16,0.041749997153168635,AM1BCC,OpenEye,,,H,,17,[H:16][C:7]1([C:6]([C:5]([C:4]([C:9]([C:8]1([H:18])[H:19])([H:20])[H:21])([H:11])[C:2](=[O:1])[O:3][H:10])([H:12])[H:13])([H:14])[H:15])[H:17],12.0,3.0
17,0.044029997750407175,AM1BCC,OpenEye,,,H,,18,[H:16][C:7]1([C:6]([C:5]([C:4]([C:9]([C:8]1([H:18])[H:19])([H:20])[H:21])([H:11])[C:2](=[O:1])[O:3][H:10])([H:12])[H:13])([H:14])[H:15])[H:17],12.0,3.0
18,0.044029997750407175,AM1BCC,OpenEye,,,H,,19,[H:16][C:7]1([C:6]([C:5]([C:4]([C:9]([C:8]1([H:18])[H:19])([H:20])[H:21])([H:11])[C:2](=[O:1])[O:3][H:10])([H:12])[H:13])([H:14])[H:15])[H:17],12.0,3.0
19,0.05534999640215011,AM1BCC,OpenEye,,,H,,20,[H:16][C:7]1([C:6]([C:5]([C:4]([C:9]([C:8]1([H:18])[H:19])([H:20])[H:21])([H:11])[C:2](=[O:1])[O:3][H:10])([H:12])[H:13])([H:14])[H:15])[H:17],12.0,3.0
20,0.05534999640215011,AM1BCC,OpenEye,,,H,,21,[H:16][C:7]1([C:6]([C:5]([C:4]([C:9]([C:8]1([H:18])[H:19])([H:20])[H:21])([H:11])[C:2](=[O:1])[O:3][H:10])([H:12])[H:13])([H:14])[H:15])[H:17],12.0,3.0
0,-0.550952380952381,AM1BCC,AmberTools,,,O,,1,[H:16][C:7]1([C:6]([C:5]([C:4]([C:9]([C:8]1([H:18])[H:19])([H:20])[H:21])([H:11])[C:2](=[O:1])[O:3][H:10])([H:12])[H:13])([H:14])[H:15])[H:17],12.0,3.0
1,0.6361476190476191,AM1BCC,AmberTools,,,C,,2,[H:16][C:7]1([C:6]([C:5]([C:4]([C:9]([C:8]1([H:18])[H:19])([H:20])[H:21])([H:11])[C:2](=[O:1])[O:3][H:10])([H:12])[H:13])([H:14])[H:15])[H:17],12.0,3.0
2,-0.6100523809523809,AM1BCC,AmberTools,,,O,,3,[H:16][C:7]1([C:6]([C:5]([C:4]([C:9]([C:8]1([H:18])[H:19])([H:20])[H:21])([H:11])[C:2](=[O:1])[O:3][H:10])([H:12])[H:13])([H:14])[H:15])[H:17],12.0,3.0
3,-0.10365238095238094,AM1BCC,AmberTools,,,C,,4,[H:16][C:7]1([C:6]([C:5]([C:4]([C:9]([C:8]1([H:18])[H:19])([H:20])[H:21])([H:11])[C:2](=[O:1])[O:3][H:10])([H:12])[H:13])([H:14])[H:15])[H:17],12.0,3.0
4,-0.07385238095238093,AM1BCC,AmberTools,,,C,,5,[H:16][C:7]1([C:6]([C:5]([C:4]([C:9]([C:8]1([H:18])[H:19])([H:20])[H:21])([H:11])[C:2](=[O:1])[O:3][H:10])([H:12])[H:13])([H:14])[H:15])[H:17],12.0,3.0
5,-0.07535238095238093,AM1BCC,AmberTools,,,C,,6,[H:16][C:7]1([C:6]([C:5]([C:4]([C:9]([C:8]1([H:18])[H:19])([H:20])[H:21])([H:11])[C:2](=[O:1])[O:3][H:10])([H:12])[H:13])([H:14])[H:15])[H:17],12.0,3.0
6,-0.07935238095238094,AM1BCC,AmberTools,,,C,,7,[H:16][C:7]1([C:6]([C:5]([C:4]([C:9]([C:8]1([H:18])[H:19])([H:20])[H:21])([H:11])[C:2](=[O:1])[O:3][H:10])([H:12])[H:13])([H:14])[H:15])[H:17],12.0,3.0
7,-0.07535238095238093,AM1BCC,AmberTools,,,C,,8,[H:16][C:7]1([C:6]([C:5]([C:4]([C:9]([C:8]1([H:18])[H:19])([H:20])[H:21])([H:11])[C:2](=[O:1])[O:3][H:10])([H:12])[H:13])([H:14])[H:15])[H:17],12.0,3.0
8,-0.07385238095238093,AM1BCC,AmberTools,,,C,,9,[H:16][C:7]1([C:6]([C:5]([C:4]([C:9]([C:8]1([H:18])[H:19])([H:20])[H:21])([H:11])[C:2](=[O:1])[O:3][H:10])([H:12])[H:13])([H:14])[H:15])[H:17],12.0,3.0
9,0.4420476190476191,AM1BCC,AmberTools,,,H,,10,[H:16][C:7]1([C:6]([C:5]([C:4]([C:9]([C:8]1([H:18])[H:19])([H:20])[H:21])([H:11])[C:2](=[O:1])[O:3][H:10])([H:12])[H:13])([H:14])[H:15])[H:17],12.0,3.0
10,0.08274761904761906,AM1BCC,AmberTools,,,H,,11,[H:16][C:7]1([C:6]([C:5]([C:4]([C:9]([C:8]1([H:18])[H:19])([H:20])[H:21])([H:11])[C:2](=[O:1])[O:3][H:10])([H:12])[H:13])([H:14])[H:15])[H:17],12.0,3.0
11,0.05499761904761906,AM1BCC,AmberTools,,,H,,12,[H:16][C:7]1([C:6]([C:5]([C:4]([C:9]([C:8]1([H:18])[H:19])([H:20])[H:21])([H:11])[C:2](=[O:1])[O:3][H:10])([H:12])[H:13])([H:14])[H:15])[H:17],12.0,3.0
12,0.05499761904761906,AM1BCC,AmberTools,,,H,,13,[H:16][C:7]1([C:6]([C:5]([C:4]([C:9]([C:8]1([H:18])[H:19])([H:20])[H:21])([H:11])[C:2](=[O:1])[O:3][H:10])([H:12])[H:13])([H:14])[H:15])[H:17],12.0,3.0
13,0.044497619047619064,AM1BCC,AmberTools,,,H,,14,[H:16][C:7]1([C:6]([C:5]([C:4]([C:9]([C:8]1([H:18])[H:19])([H:20])[H:21])([H:11])[C:2](=[O:1])[O:3][H:10])([H:12])[H:13])([H:14])[H:15])[H:17],12.0,3.0
14,0.044497619047619064,AM1BCC,AmberTools,,,H,,15,[H:16][C:7]1([C:6]([C:5]([C:4]([C:9]([C:8]1([H:18])[H:19])([H:20])[H:21])([H:11])[C:2](=[O:1])[O:3][H:10])([H:12])[H:13])([H:14])[H:15])[H:17],12.0,3.0
15,0.04174761904761906,AM1BCC,AmberTools,,,H,,16,[H:16][C:7]1([C:6]([C:5]([C:4]([C:9]([C:8]1([H:18])[H:19])([H:20])[H:21])([H:11])[C:2](=[O:1])[O:3][H:10])([H:12])[H:13])([H:14])[H:15])[H:17],12.0,3.0
16,0.04174761904761906,AM1BCC,AmberTools,,,H,,17,[H:16][C:7]1([C:6]([C:5]([C:4]([C:9]([C:8]1([H:18])[H:19])([H:20])[H:21])([H:11])[C:2](=[O:1])[O:3][H:10])([H:12])[H:13])([H:14])[H:15])[H:17],12.0,3.0
17,0.044497619047619064,AM1BCC,AmberTools,,,H,,18,[H:16][C:7]1([C:6]([C:5]([C:4]([C:9]([C:8]1([H:18])[H:19])([H:20])[H:21])([H:11])[C:2](=[O:1])[O:3][H:10])([H:12])[H:13])([H:14])[H:15])[H:17],12.0,3.0
18,0.044497619047619064,AM1BCC,AmberTools,,,H,,19,[H:16][C:7]1([C:6]([C:5]([C:4]([C:9]([C:8]1([H:18])[H:19])([H:20])[H:21])([H:11])[C:2](=[O:1])[O:3][H:10])([H:12])[H:13])([H:14])[H:15])[H:17],12.0,3.0
19,0.05499761904761906,AM1BCC,AmberTools,,,H,,20,[H:16][C:7]1([C:6]([C:5]([C:4]([C:9]([C:8]1([H:18])[H:19])([H:20])[H:21])([H:11])[C:2](=[O:1])[O:3][H:10])([H:12])[H:13])([H:14])[H:15])[H:17],12.0,3.0
20,0.05499761904761906,AM1BCC,AmberTools,,,H,,21,[H:16][C:7]1([C:6]([C:5]([C:4]([C:9]([C:8]1([H:18])[H:19])([H:20])[H:21])([H:11])[C:2](=[O:1])[O:3][H:10])([H:12])[H:13])([H:14])[H:15])[H:17],12.0,3.0
0,-0.551630019786812,AM1BCC,OpenEye,,,O,,1,[H:16][C:7]1([C:6]([C:5]([C:4]([C:9]([C:8]1([H:18])[H:19])([H:20])[H:21])([H:11])[C:2](=[O:1])[O:3][H:10])([H:12])[H:13])([H:14])[H:15])[H:17],12.0,4.0
1,0.6332100037307966,AM1BCC,OpenEye,,,C,,2,[H:16][C:7]1([C:6]([C:5]([C:4]([C:9]([C:8]1([H:18])[H:19])([H:20])[H:21])([H:11])[C:2](=[O:1])[O:3][H:10])([H:12])[H:13])([H:14])[H:15])[H:17],12.0,4.0
2,-0.6018599864272844,AM1BCC,OpenEye,,,O,,3,[H:16][C:7]1([C:6]([C:5]([C:4]([C:9]([C:8]1([H:18])[H:19])([H:20])[H:21])([H:11])[C:2](=[O:1])[O:3][H:10])([H:12])[H:13])([H:14])[H:15])[H:17],12.0,4.0
3,-0.10407999867484682,AM1BCC,OpenEye,,,C,,4,[H:16][C:7]1([C:6]([C:5]([C:4]([C:9]([C:8]1([H:18])[H:19])([H:20])[H:21])([H:11])[C:2](=[O:1])[O:3][H:10])([H:12])[H:13])([H:14])[H:15])[H:17],12.0,4.0
4,-0.0747499983935129,AM1BCC,OpenEye,,,C,,5,[H:16][C:7]1([C:6]([C:5]([C:4]([C:9]([C:8]1([H:18])[H:19])([H:20])[H:21])([H:11])[C:2](=[O:1])[O:3][H:10])([H:12])[H:13])([H:14])[H:15])[H:17],12.0,4.0
5,-0.07535999977872485,AM1BCC,OpenEye,,,C,,6,[H:16][C:7]1([C:6]([C:5]([C:4]([C:9]([C:8]1([H:18])[H:19])([H:20])[H:21])([H:11])[C:2](=[O:1])[O:3][H:10])([H:12])[H:13])([H:14])[H:15])[H:17],12.0,4.0
6,-0.07970000022933596,AM1BCC,OpenEye,,,C,,7,[H:16][C:7]1([C:6]([C:5]([C:4]([C:9]([C:8]1([H:18])[H:19])([H:20])[H:21])([H:11])[C:2](=[O:1])[O:3][H:10])([H:12])[H:13])([H:14])[H:15])[H:17],12.0,4.0
7,-0.07535999977872485,AM1BCC,OpenEye,,,C,,8,[H:16][C:7]1([C:6]([C:5]([C:4]([C:9]([C:8]1([H:18])[H:19])([H:20])[H:21])([H:11])[C:2](=[O:1])[O:3][H:10])([H:12])[H:13])([H:14])[H:15])[H:17],12.0,4.0
8,-0.0747499983935129,AM1BCC,OpenEye,,,C,,9,[H:16][C:7]1([C:6]([C:5]([C:4]([C:9]([C:8]1([H:18])[H:19])([H:20])[H:21])([H:11])[C:2](=[O:1])[O:3][H:10])([H:12])[H:13])([H:14])[H:15])[H:17],12.0,4.0
9,0.44198000466539744,AM1BCC,OpenEye,,,H,,10,[H:16][C:7]1([C:6]([C:5]([C:4]([C:9]([C:8]1([H:18])[H:19])([H:20])[H:21])([H:11])[C:2](=[O:1])[O:3][H:10])([H:12])[H:13])([H:14])[H:15])[H:17],12.0,4.0
10,0.08128000086262113,AM1BCC,OpenEye,,,H,,11,[H:16][C:7]1([C:6]([C:5]([C:4]([C:9]([C:8]1([H:18])[H:19])([H:20])[H:21])([H:11])[C:2](=[O:1])[O:3][H:10])([H:12])[H:13])([H:14])[H:15])[H:17],12.0,4.0
11,0.05534999853088742,AM1BCC,OpenEye,,,H,,12,[H:16][C:7]1([C:6]([C:5]([C:4]([C:9]([C:8]1([H:18])[H:19])([H:20])[H:21])([H:11])[C:2](=[O:1])[O:3][H:10])([H:12])[H:13])([H:14])[H:15])[H:17],12.0,4.0
12,0.05534999853088742,AM1BCC,OpenEye,,,H,,13,[H:16][C:7]1([C:6]([C:5]([C:4]([C:9]([C:8]1([H:18])[H:19])([H:20])[H:21])([H:11])[C:2](=[O:1])[O:3][H:10])([H:12])[H:13])([H:14])[H:15])[H:17],12.0,4.0
13,0.04402999987914449,AM1BCC,OpenEye,,,H,,14,[H:16][C:7]1([C:6]([C:5]([C:4]([C:9]([C:8]1([H:18])[H:19])([H:20])[H:21])([H:11])[C:2](=[O:1])[O:3][H:10])([H:12])[H:13])([H:14])[H:15])[H:17],12.0,4.0
14,0.04402999987914449,AM1BCC,OpenEye,,,H,,15,[H:16][C:7]1([C:6]([C:5]([C:4]([C:9]([C:8]1([H:18])[H:19])([H:20])[H:21])([H:11])[C:2](=[O:1])[O:3][H:10])([H:12])[H:13])([H:14])[H:15])[H:17],12.0,4.0
15,0.041749999281905946,AM1BCC,OpenEye,,,H,,16,[H:16][C:7]1([C:6]([C:5]([C:4]([C:9]([C:8]1([H:18])[H:19])([H:20])[H:21])([H:11])[C:2](=[O:1])[O:3][H:10])([H:12])[H:13])([H:14])[H:15])[H:17],12.0,4.0
16,0.041749999281905946,AM1BCC,OpenEye,,,H,,17,[H:16][C:7]1([C:6]([C:5]([C:4]([C:9]([C:8]1([H:18])[H:19])([H:20])[H:21])([H:11])[C:2](=[O:1])[O:3][H:10])([H:12])[H:13])([H:14])[H:15])[H:17],12.0,4.0
17,0.04402999987914449,AM1BCC,OpenEye,,,H,,18,[H:16][C:7]1([C:6]([C:5]([C:4]([C:9]([C:8]1([H:18])[H:19])([H:20])[H:21])([H:11])[C:2](=[O:1])[O:3][H:10])([H:12])[H:13])([H:14])[H:15])[H:17],12.0,4.0
18,0.04402999987914449,AM1BCC,OpenEye,,,H,,19,[H:16][C:7]1([C:6]([C:5]([C:4]([C:9]([C:8]1([H:18])[H:19])([H:20])[H:21])([H:11])[C:2](=[O:1])[O:3][H:10])([H:12])[H:13])([H:14])[H:15])[H:17],12.0,4.0
19,0.05534999853088742,AM1BCC,OpenEye,,,H,,20,[H:16][C:7]1([C:6]([C:5]([C:4]([C:9]([C:8]1([H:18])[H:19])([H:20])[H:21])([H:11])[C:2](=[O:1])[O:3][H:10])([H:12])[H:13])([H:14])[H:15])[H:17],12.0,4.0
20,0.05534999853088742,AM1BCC,OpenEye,,,H,,21,[H:16][C:7]1([C:6]([C:5]([C:4]([C:9]([C:8]1([H:18])[H:19])([H:20])[H:21])([H:11])[C:2](=[O:1])[O:3][H:10])([H:12])[H:13])([H:14])[H:15])[H:17],12.0,4.0
0,-0.550952380952381,AM1BCC,AmberTools,,,O,,1,[H:16][C:7]1([C:6]([C:5]([C:4]([C:9]([C:8]1([H:18])[H:19])([H:20])[H:21])([H:11])[C:2](=[O:1])[O:3][H:10])([H:12])[H:13])([H:14])[H:15])[H:17],12.0,4.0
1,0.6361476190476191,AM1BCC,AmberTools,,,C,,2,[H:16][C:7]1([C:6]([C:5]([C:4]([C:9]([C:8]1([H:18])[H:19])([H:20])[H:21])([H:11])[C:2](=[O:1])[O:3][H:10])([H:12])[H:13])([H:14])[H:15])[H:17],12.0,4.0
2,-0.6100523809523809,AM1BCC,AmberTools,,,O,,3,[H:16][C:7]1([C:6]([C:5]([C:4]([C:9]([C:8]1([H:18])[H:19])([H:20])[H:21])([H:11])[C:2](=[O:1])[O:3][H:10])([H:12])[H:13])([H:14])[H:15])[H:17],12.0,4.0
3,-0.10365238095238094,AM1BCC,AmberTools,,,C,,4,[H:16][C:7]1([C:6]([C:5]([C:4]([C:9]([C:8]1([H:18])[H:19])([H:20])[H:21])([H:11])[C:2](=[O:1])[O:3][H:10])([H:12])[H:13])([H:14])[H:15])[H:17],12.0,4.0
4,-0.07385238095238093,AM1BCC,AmberTools,,,C,,5,[H:16][C:7]1([C:6]([C:5]([C:4]([C:9]([C:8]1([H:18])[H:19])([H:20])[H:21])([H:11])[C:2](=[O:1])[O:3][H:10])([H:12])[H:13])([H:14])[H:15])[H:17],12.0,4.0
5,-0.07535238095238093,AM1BCC,AmberTools,,,C,,6,[H:16][C:7]1([C:6]([C:5]([C:4]([C:9]([C:8]1([H:18])[H:19])([H:20])[H:21])([H:11])[C:2](=[O:1])[O:3][H:10])([H:12])[H:13])([H:14])[H:15])[H:17],12.0,4.0
6,-0.07935238095238094,AM1BCC,AmberTools,,,C,,7,[H:16][C:7]1([C:6]([C:5]([C:4]([C:9]([C:8]1([H:18])[H:19])([H:20])[H:21])([H:11])[C:2](=[O:1])[O:3][H:10])([H:12])[H:13])([H:14])[H:15])[H:17],12.0,4.0
7,-0.07535238095238093,AM1BCC,AmberTools,,,C,,8,[H:16][C:7]1([C:6]([C:5]([C:4]([C:9]([C:8]1([H:18])[H:19])([H:20])[H:21])([H:11])[C:2](=[O:1])[O:3][H:10])([H:12])[H:13])([H:14])[H:15])[H:17],12.0,4.0
8,-0.07385238095238093,AM1BCC,AmberTools,,,C,,9,[H:16][C:7]1([C:6]([C:5]([C:4]([C:9]([C:8]1([H:18])[H:19])([H:20])[H:21])([H:11])[C:2](=[O:1])[O:3][H:10])([H:12])[H:13])([H:14])[H:15])[H:17],12.0,4.0
9,0.4420476190476191,AM1BCC,AmberTools,,,H,,10,[H:16][C:7]1([C:6]([C:5]([C:4]([C:9]([C:8]1([H:18])[H:19])([H:20])[H:21])([H:11])[C:2](=[O:1])[O:3][H:10])([H:12])[H:13])([H:14])[H:15])[H:17],12.0,4.0
10,0.08274761904761906,AM1BCC,AmberTools,,,H,,11,[H:16][C:7]1([C:6]([C:5]([C:4]([C:9]([C:8]1([H:18])[H:19])([H:20])[H:21])([H:11])[C:2](=[O:1])[O:3][H:10])([H:12])[H:13])([H:14])[H:15])[H:17],12.0,4.0
11,0.05499761904761906,AM1BCC,AmberTools,,,H,,12,[H:16][C:7]1([C:6]([C:5]([C:4]([C:9]([C:8]1([H:18])[H:19])([H:20])[H:21])([H:11])[C:2](=[O:1])[O:3][H:10])([H:12])[H:13])([H:14])[H:15])[H:17],12.0,4.0
12,0.05499761904761906,AM1BCC,AmberTools,,,H,,13,[H:16][C:7]1([C:6]([C:5]([C:4]([C:9]([C:8]1([H:18])[H:19])([H:20])[H:21])([H:11])[C:2](=[O:1])[O:3][H:10])([H:12])[H:13])([H:14])[H:15])[H:17],12.0,4.0
13,0.044497619047619064,AM1BCC,AmberTools,,,H,,14,[H:16][C:7]1([C:6]([C:5]([C:4]([C:9]([C:8]1([H:18])[H:19])([H:20])[H:21])([H:11])[C:2](=[O:1])[O:3][H:10])([H:12])[H:13])([H:14])[H:15])[H:17],12.0,4.0
14,0.044497619047619064,AM1BCC,AmberTools,,,H,,15,[H:16][C:7]1([C:6]([C:5]([C:4]([C:9]([C:8]1([H:18])[H:19])([H:20])[H:21])([H:11])[C:2](=[O:1])[O:3][H:10])([H:12])[H:13])([H:14])[H:15])[H:17],12.0,4.0
15,0.04174761904761906,AM1BCC,AmberTools,,,H,,16,[H:16][C:7]1([C:6]([C:5]([C:4]([C:9]([C:8]1([H:18])[H:19])([H:20])[H:21])([H:11])[C:2](=[O:1])[O:3][H:10])([H:12])[H:13])([H:14])[H:15])[H:17],12.0,4.0
16,0.04174761904761906,AM1BCC,AmberTools,,,H,,17,[H:16][C:7]1([C:6]([C:5]([C:4]([C:9]([C:8]1([H:18])[H:19])([H:20])[H:21])([H:11])[C:2](=[O:1])[O:3][H:10])([H:12])[H:13])([H:14])[H:15])[H:17],12.0,4.0
17,0.044497619047619064,AM1BCC,AmberTools,,,H,,18,[H:16][C:7]1([C:6]([C:5]([C:4]([C:9]([C:8]1([H:18])[H:19])([H:20])[H:21])([H:11])[C:2](=[O:1])[O:3][H:10])([H:12])[H:13])([H:14])[H:15])[H:17],12.0,4.0
18,0.044497619047619064,AM1BCC,AmberTools,,,H,,19,[H:16][C:7]1([C:6]([C:5]([C:4]([C:9]([C:8]1([H:18])[H:19])([H:20])[H:21])([H:11])[C:2](=[O:1])[O:3][H:10])([H:12])[H:13])([H:14])[H:15])[H:17],12.0,4.0
19,0.05499761904761906,AM1BCC,AmberTools,,,H,,20,[H:16][C:7]1([C:6]([C:5]([C:4]([C:9]([C:8]1([H:18])[H:19])([H:20])[H:21])([H:11])[C:2](=[O:1])[O:3][H:10])([H:12])[H:13])([H:14])[H:15])[H:17],12.0,4.0
20,0.05499761904761906,AM1BCC,AmberTools,,,H,,21,[H:16][C:7]1([C:6]([C:5]([C:4]([C:9]([C:8]1([H:18])[H:19])([H:20])[H:21])([H:11])[C:2](=[O:1])[O:3][H:10])([H:12])[H:13])([H:14])[H:15])[H:17],12.0,4.0
0,-0.5516200083352271,AM1BCC,OpenEye,,,O,,1,[H:16][C:7]1([C:6]([C:5]([C:4]([C:9]([C:8]1([H:18])[H:19])([H:20])[H:21])([H:11])[C:2](=[O:1])[O:3][H:10])([H:12])[H:13])([H:14])[H:15])[H:17],12.0,5.0
1,0.6332200151823816,AM1BCC,OpenEye,,,C,,2,[H:16][C:7]1([C:6]([C:5]([C:4]([C:9]([C:8]1([H:18])[H:19])([H:20])[H:21])([H:11])[C:2](=[O:1])[O:3][H:10])([H:12])[H:13])([H:14])[H:15])[H:17],12.0,5.0
2,-0.6018499749756995,AM1BCC,OpenEye,,,O,,3,[H:16][C:7]1([C:6]([C:5]([C:4]([C:9]([C:8]1([H:18])[H:19])([H:20])[H:21])([H:11])[C:2](=[O:1])[O:3][H:10])([H:12])[H:13])([H:14])[H:15])[H:17],12.0,5.0
3,-0.10408999948274522,AM1BCC,OpenEye,,,C,,4,[H:16][C:7]1([C:6]([C:5]([C:4]([C:9]([C:8]1([H:18])[H:19])([H:20])[H:21])([H:11])[C:2](=[O:1])[O:3][H:10])([H:12])[H:13])([H:14])[H:15])[H:17],12.0,5.0
4,-0.07474000184308915,AM1BCC,OpenEye,,,C,,5,[H:16][C:7]1([C:6]([C:5]([C:4]([C:9]([C:8]1([H:18])[H:19])([H:20])[H:21])([H:11])[C:2](=[O:1])[O:3][H:10])([H:12])[H:13])([H:14])[H:15])[H:17],12.0,5.0
5,-0.07537000058662324,AM1BCC,OpenEye,,,C,,6,[H:16][C:7]1([C:6]([C:5]([C:4]([C:9]([C:8]1([H:18])[H:19])([H:20])[H:21])([H:11])[C:2](=[O:1])[O:3][H:10])([H:12])[H:13])([H:14])[H:15])[H:17],12.0,5.0
6,-0.07971000103723436,AM1BCC,OpenEye,,,C,,7,[H:16][C:7]1([C:6]([C:5]([C:4]([C:9]([C:8]1([H:18])[H:19])([H:20])[H:21])([H:11])[C:2](=[O:1])[O:3][H:10])([H:12])[H:13])([H:14])[H:15])[H:17],12.0,5.0
7,-0.07537000058662324,AM1BCC,OpenEye,,,C,,8,[H:16][C:7]1([C:6]([C:5]([C:4]([C:9]([C:8]1([H:18])[H:19])([H:20])[H:21])([H:11])[C:2](=[O:1])[O:3][H:10])([H:12])[H:13])([H:14])[H:15])[H:17],12.0,5.0
8,-0.07474000184308915,AM1BCC,OpenEye,,,C,,9,[H:16][C:7]1([C:6]([C:5]([C:4]([C:9]([C:8]1([H:18])[H:19])([H:20])[H:21])([H:11])[C:2](=[O:1])[O:3][H:10])([H:12])[H:13])([H:14])[H:15])[H:17],12.0,5.0
9,0.44198000253666014,AM1BCC,OpenEye,,,H,,10,[H:16][C:7]1([C:6]([C:5]([C:4]([C:9]([C:8]1([H:18])[H:19])([H:20])[H:21])([H:11])[C:2](=[O:1])[O:3][H:10])([H:12])[H:13])([H:14])[H:15])[H:17],12.0,5.0
10,0.08127000005472274,AM1BCC,OpenEye,,,H,,11,[H:16][C:7]1([C:6]([C:5]([C:4]([C:9]([C:8]1([H:18])[H:19])([H:20])[H:21])([H:11])[C:2](=[O:1])[O:3][H:10])([H:12])[H:13])([H:14])[H:15])[H:17],12.0,5.0
11,0.05534999640215011,AM1BCC,OpenEye,,,H,,12,[H:16][C:7]1([C:6]([C:5]([C:4]([C:9]([C:8]1([H:18])[H:19])([H:20])[H:21])([H:11])[C:2](=[O:1])[O:3][H:10])([H:12])[H:13])([H:14])[H:15])[H:17],12.0,5.0
12,0.05534999640215011,AM1BCC,OpenEye,,,H,,13,[H:16][C:7]1([C:6]([C:5]([C:4]([C:9]([C:8]1([H:18])[H:19])([H:20])[H:21])([H:11])[C:2](=[O:1])[O:3][H:10])([H:12])[H:13])([H:14])[H:15])[H:17],12.0,5.0
13,0.044029997750407175,AM1BCC,OpenEye,,,H,,14,[H:16][C:7]1([C:6]([C:5]([C:4]([C:9]([C:8]1([H:18])[H:19])([H:20])[H:21])([H:11])[C:2](=[O:1])[O:3][H:10])([H:12])[H:13])([H:14])[H:15])[H:17],12.0,5.0
14,0.044029997750407175,AM1BCC,OpenEye,,,H,,15,[H:16][C:7]1([C:6]([C:5]([C:4]([C:9]([C:8]1([H:18])[H:19])([H:20])[H:21])([H:11])[C:2](=[O:1])[O:3][H:10])([H:12])[H:13])([H:14])[H:15])[H:17],12.0,5.0
15,0.041749997153168635,AM1BCC,OpenEye,,,H,,16,[H:16][C:7]1([C:6]([C:5]([C:4]([C:9]([C:8]1([H:18])[H:19])([H:20])[H:21])([H:11])[C:2](=[O:1])[O:3][H:10])([H:12])[H:13])([H:14])[H:15])[H:17],12.0,5.0
16,0.041749997153168635,AM1BCC,OpenEye,,,H,,17,[H:16][C:7]1([C:6]([C:5]([C:4]([C:9]([C:8]1([H:18])[H:19])([H:20])[H:21])([H:11])[C:2](=[O:1])[O:3][H:10])([H:12])[H:13])([H:14])[H:15])[H:17],12.0,5.0
17,0.044029997750407175,AM1BCC,OpenEye,,,H,,18,[H:16][C:7]1([C:6]([C:5]([C:4]([C:9]([C:8]1([H:18])[H:19])([H:20])[H:21])([H:11])[C:2](=[O:1])[O:3][H:10])([H:12])[H:13])([H:14])[H:15])[H:17],12.0,5.0
18,0.044029997750407175,AM1BCC,OpenEye,,,H,,19,[H:16][C:7]1([C:6]([C:5]([C:4]([C:9]([C:8]1([H:18])[H:19])([H:20])[H:21])([H:11])[C:2](=[O:1])[O:3][H:10])([H:12])[H:13])([H:14])[H:15])[H:17],12.0,5.0
19,0.05534999640215011,AM1BCC,OpenEye,,,H,,20,[H:16][C:7]1([C:6]([C:5]([C:4]([C:9]([C:8]1([H:18])[H:19])([H:20])[H:21])([H:11])[C:2](=[O:1])[O:3][H:10])([H:12])[H:13])([H:14])[H:15])[H:17],12.0,5.0
20,0.05534999640215011,AM1BCC,OpenEye,,,H,,21,[H:16][C:7]1([C:6]([C:5]([C:4]([C:9]([C:8]1([H:18])[H:19])([H:20])[H:21])([H:11])[C:2](=[O:1])[O:3][H:10])([H:12])[H:13])([H:14])[H:15])[H:17],12.0,5.0
0,-0.5510476190476191,AM1BCC,AmberTools,,,O,,1,[H:16][C:7]1([C:6]([C:5]([C:4]([C:9]([C:8]1([H:18])[H:19])([H:20])[H:21])([H:11])[C:2](=[O:1])[O:3][H:10])([H:12])[H:13])([H:14])[H:15])[H:17],12.0,5.0
1,0.6360523809523809,AM1BCC,AmberTools,,,C,,2,[H:16][C:7]1([C:6]([C:5]([C:4]([C:9]([C:8]1([H:18])[H:19])([H:20])[H:21])([H:11])[C:2](=[O:1])[O:3][H:10])([H:12])[H:13])([H:14])[H:15])[H:17],12.0,5.0
2,-0.610147619047619,AM1BCC,AmberTools,,,O,,3,[H:16][C:7]1([C:6]([C:5]([C:4]([C:9]([C:8]1([H:18])[H:19])([H:20])[H:21])([H:11])[C:2](=[O:1])[O:3][H:10])([H:12])[H:13])([H:14])[H:15])[H:17],12.0,5.0
3,-0.10374761904761905,AM1BCC,AmberTools,,,C,,4,[H:16][C:7]1([C:6]([C:5]([C:4]([C:9]([C:8]1([H:18])[H:19])([H:20])[H:21])([H:11])[C:2](=[O:1])[O:3][H:10])([H:12])[H:13])([H:14])[H:15])[H:17],12.0,5.0
4,-0.07394761904761904,AM1BCC,AmberTools,,,C,,5,[H:16][C:7]1([C:6]([C:5]([C:4]([C:9]([C:8]1([H:18])[H:19])([H:20])[H:21])([H:11])[C:2](=[O:1])[O:3][H:10])([H:12])[H:13])([H:14])[H:15])[H:17],12.0,5.0
5,-0.07544761904761904,AM1BCC,AmberTools,,,C,,6,[H:16][C:7]1([C:6]([C:5]([C:4]([C:9]([C:8]1([H:18])[H:19])([H:20])[H:21])([H:11])[C:2](=[O:1])[O:3][H:10])([H:12])[H:13])([H:14])[H:15])[H:17],12.0,5.0
6,-0.07944761904761904,AM1BCC,AmberTools,,,C,,7,[H:16][C:7]1([C:6]([C:5]([C:4]([C:9]([C:8]1([H:18])[H:19])([H:20])[H:21])([H:11])[C:2](=[O:1])[O:3][H:10])([H:12])[H:13])([H:14])[H:15])[H:17],12.0,5.0
7,-0.07544761904761904,AM1BCC,AmberTools,,,C,,8,[H:16][C:7]1([C:6]([C:5]([C:4]([C:9]([C:8]1([H:18])[H:19])([H:20])[H:21])([H:11])[C:2](=[O:1])[O:3][H:10])([H:12])[H:13])([H:14])[H:15])[H:17],12.0,5.0
8,-0.07394761904761904,AM1BCC,AmberTools,,,C,,9,[H:16][C:7]1([C:6]([C:5]([C:4]([C:9]([C:8]1([H:18])[H:19])([H:20])[H:21])([H:11])[C:2](=[O:1])[O:3][H:10])([H:12])[H:13])([H:14])[H:15])[H:17],12.0,5.0
9,0.441952380952381,AM1BCC,AmberTools,,,H,,10,[H:16][C:7]1([C:6]([C:5]([C:4]([C:9]([C:8]1([H:18])[H:19])([H:20])[H:21])([H:11])[C:2](=[O:1])[O:3][H:10])([H:12])[H:13])([H:14])[H:15])[H:17],12.0,5.0
10,0.08265238095238095,AM1BCC,AmberTools,,,H,,11,[H:16][C:7]1([C:6]([C:5]([C:4]([C:9]([C:8]1([H:18])[H:19])([H:20])[H:21])([H:11])[C:2](=[O:1])[O:3][H:10])([H:12])[H:13])([H:14])[H:15])[H:17],12.0,5.0
11,0.05515238095238096,AM1BCC,AmberTools,,,H,,12,[H:16][C:7]1([C:6]([C:5]([C:4]([C:9]([C:8]1([H:18])[H:19])([H:20])[H:21])([H:11])[C:2](=[O:1])[O:3][H:10])([H:12])[H:13])([H:14])[H:15])[H:17],12.0,5.0
12,0.05515238095238096,AM1BCC,AmberTools,,,H,,13,[H:16][C:7]1([C:6]([C:5]([C:4]([C:9]([C:8]1([H:18])[H:19])([H:20])[H:21])([H:11])[C:2](=[O:1])[O:3][H:10])([H:12])[H:13])([H:14])[H:15])[H:17],12.0,5.0
13,0.044402380952380964,AM1BCC,AmberTools,,,H,,14,[H:16][C:7]1([C:6]([C:5]([C:4]([C:9]([C:8]1([H:18])[H:19])([H:20])[H:21])([H:11])[C:2](=[O:1])[O:3][H:10])([H:12])[H:13])([H:14])[H:15])[H:17],12.0,5.0
14,0.044402380952380964,AM1BCC,AmberTools,,,H,,15,[H:16][C:7]1([C:6]([C:5]([C:4]([C:9]([C:8]1([H:18])[H:19])([H:20])[H:21])([H:11])[C:2](=[O:1])[O:3][H:10])([H:12])[H:13])([H:14])[H:15])[H:17],12.0,5.0
15,0.04215238095238096,AM1BCC,AmberTools,,,H,,16,[H:16][C:7]1([C:6]([C:5]([C:4]([C:9]([C:8]1([H:18])[H:19])([H:20])[H:21])([H:11])[C:2](=[O:1])[O:3][H:10])([H:12])[H:13])([H:14])[H:15])[H:17],12.0,5.0
16,0.04215238095238096,AM1BCC,AmberTools,,,H,,17,[H:16][C:7]1([C:6]([C:5]([C:4]([C:9]([C:8]1([H:18])[H:19])([H:20])[H:21])([H:11])[C:2](=[O:1])[O:3][H:10])([H:12])[H:13])([H:14])[H:15])[H:17],12.0,5.0
17,0.044402380952380964,AM1BCC,AmberTools,,,H,,18,[H:16][C:7]1([C:6]([C:5]([C:4]([C:9]([C:8]1([H:18])[H:19])([H:20])[H:21])([H:11])[C:2](=[O:1])[O:3][H:10])([H:12])[H:13])([H:14])[H:15])[H:17],12.0,5.0
18,0.044402380952380964,AM1BCC,AmberTools,,,H,,19,[H:16][C:7]1([C:6]([C:5]([C:4]([C:9]([C:8]1([H:18])[H:19])([H:20])[H:21])([H:11])[C:2](=[O:1])[O:3][H:10])([H:12])[H:13])([H:14])[H:15])[H:17],12.0,5.0
19,0.05515238095238096,AM1BCC,AmberTools,,,H,,20,[H:16][C:7]1([C:6]([C:5]([C:4]([C:9]([C:8]1([H:18])[H:19])([H:20])[H:21])([H:11])[C:2](=[O:1])[O:3][H:10])([H:12])[H:13])([H:14])[H:15])[H:17],12.0,5.0
20,0.05515238095238096,AM1BCC,AmberTools,,,H,,21,[H:16][C:7]1([C:6]([C:5]([C:4]([C:9]([C:8]1([H:18])[H:19])([H:20])[H:21])([H:11])[C:2](=[O:1])[O:3][H:10])([H:12])[H:13])([H:14])[H:15])[H:17],12.0,5.0
0,-0.5516399751816478,AM1BCC,OpenEye,,,O,,1,[H:16][C:7]1([C:6]([C:5]([C:4]([C:9]([C:8]1([H:18])[H:19])([H:20])[H:21])([H:11])[C:2](=[O:1])[O:3][H:10])([H:12])[H:13])([H:14])[H:15])[H:17],12.0,6.0
1,0.6332100023116384,AM1BCC,OpenEye,,,C,,2,[H:16][C:7]1([C:6]([C:5]([C:4]([C:9]([C:8]1([H:18])[H:19])([H:20])[H:21])([H:11])[C:2](=[O:1])[O:3][H:10])([H:12])[H:13])([H:14])[H:15])[H:17],12.0,6.0
2,-0.6018599878464427,AM1BCC,OpenEye,,,O,,3,[H:16][C:7]1([C:6]([C:5]([C:4]([C:9]([C:8]1([H:18])[H:19])([H:20])[H:21])([H:11])[C:2](=[O:1])[O:3][H:10])([H:12])[H:13])([H:14])[H:15])[H:17],12.0,6.0
3,-0.10407000141484397,AM1BCC,OpenEye,,,C,,4,[H:16][C:7]1([C:6]([C:5]([C:4]([C:9]([C:8]1([H:18])[H:19])([H:20])[H:21])([H:11])[C:2](=[O:1])[O:3][H:10])([H:12])[H:13])([H:14])[H:15])[H:17],12.0,6.0
4,-0.07474999981267112,AM1BCC,OpenEye,,,C,,5,[H:16][C:7]1([C:6]([C:5]([C:4]([C:9]([C:8]1([H:18])[H:19])([H:20])[H:21])([H:11])[C:2](=[O:1])[O:3][H:10])([H:12])[H:13])([H:14])[H:15])[H:17],12.0,6.0
5,-0.07536000119788307,AM1BCC,OpenEye,,,C,,6,[H:16][C:7]1([C:6]([C:5]([C:4]([C:9]([C:8]1([H:18])[H:19])([H:20])[H:21])([H:11])[C:2](=[O:1])[O:3][H:10])([H:12])[H:13])([H:14])[H:15])[H:17],12.0,6.0
6,-0.07971999900681633,AM1BCC,OpenEye,,,C,,7,[H:16][C:7]1([C:6]([C:5]([C:4]([C:9]([C:8]1([H:18])[H:19])([H:20])[H:21])([H:11])[C:2](=[O:1])[O:3][H:10])([H:12])[H:13])([H:14])[H:15])[H:17],12.0,6.0
7,-0.07536000119788307,AM1BCC,OpenEye,,,C,,8,[H:16][C:7]1([C:6]([C:5]([C:4]([C:9]([C:8]1([H:18])[H:19])([H:20])[H:21])([H:11])[C:2](=[O:1])[O:3][H:10])([H:12])[H:13])([H:14])[H:15])[H:17],12.0,6.0
8,-0.07474999981267112,AM1BCC,OpenEye,,,C,,9,[H:16][C:7]1([C:6]([C:5]([C:4]([C:9]([C:8]1([H:18])[H:19])([H:20])[H:21])([H:11])[C:2](=[O:1])[O:3][H:10])([H:12])[H:13])([H:14])[H:15])[H:17],12.0,6.0
9,0.44198998702423914,AM1BCC,OpenEye,,,H,,10,[H:16][C:7]1([C:6]([C:5]([C:4]([C:9]([C:8]1([H:18])[H:19])([H:20])[H:21])([H:11])[C:2](=[O:1])[O:3][H:10])([H:12])[H:13])([H:14])[H:15])[H:17],12.0,6.0
10,0.08128999812262398,AM1BCC,OpenEye,,,H,,11,[H:16][C:7]1([C:6]([C:5]([C:4]([C:9]([C:8]1([H:18])[H:19])([H:20])[H:21])([H:11])[C:2](=[O:1])[O:3][H:10])([H:12])[H:13])([H:14])[H:15])[H:17],12.0,6.0
11,0.055349997111729214,AM1BCC,OpenEye,,,H,,12,[H:16][C:7]1([C:6]([C:5]([C:4]([C:9]([C:8]1([H:18])[H:19])([H:20])[H:21])([H:11])[C:2](=[O:1])[O:3][H:10])([H:12])[H:13])([H:14])[H:15])[H:17],12.0,6.0
12,0.055349997111729214,AM1BCC,OpenEye,,,H,,13,[H:16][C:7]1([C:6]([C:5]([C:4]([C:9]([C:8]1([H:18])[H:19])([H:20])[H:21])([H:11])[C:2](=[O:1])[O:3][H:10])([H:12])[H:13])([H:14])[H:15])[H:17],12.0,6.0
13,0.04402999845998628,AM1BCC,OpenEye,,,H,,14,[H:16][C:7]1([C:6]([C:5]([C:4]([C:9]([C:8]1([H:18])[H:19])([H:20])[H:21])([H:11])[C:2](=[O:1])[O:3][H:10])([H:12])[H:13])([H:14])[H:15])[H:17],12.0,6.0
14,0.04402999845998628,AM1BCC,OpenEye,,,H,,15,[H:16][C:7]1([C:6]([C:5]([C:4]([C:9]([C:8]1([H:18])[H:19])([H:20])[H:21])([H:11])[C:2](=[O:1])[O:3][H:10])([H:12])[H:13])([H:14])[H:15])[H:17],12.0,6.0
15,0.04174999786274774,AM1BCC,OpenEye,,,H,,16,[H:16][C:7]1([C:6]([C:5]([C:4]([C:9]([C:8]1([H:18])[H:19])([H:20])[H:21])([H:11])[C:2](=[O:1])[O:3][H:10])([H:12])[H:13])([H:14])[H:15])[H:17],12.0,6.0
16,0.04174999786274774,AM1BCC,OpenEye,,,H,,17,[H:16][C:7]1([C:6]([C:5]([C:4]([C:9]([C:8]1([H:18])[H:19])([H:20])[H:21])([H:11])[C:2](=[O:1])[O:3][H:10])([H:12])[H:13])([H:14])[H:15])[H:17],12.0,6.0
17,0.04402999845998628,AM1BCC,OpenEye,,,H,,18,[H:16][C:7]1([C:6]([C:5]([C:4]([C:9]([C:8]1([H:18])[H:19])([H:20])[H:21])([H:11])[C:2](=[O:1])[O:3][H:10])([H:12])[H:13])([H:14])[H:15])[H:17],12.0,6.0
18,0.04402999845998628,AM1BCC,OpenEye,,,H,,19,[H:16][C:7]1([C:6]([C:5]([C:4]([C:9]([C:8]1([H:18])[H:19])([H:20])[H:21])([H:11])[C:2](=[O:1])[O:3][H:10])([H:12])[H:13])([H:14])[H:15])[H:17],12.0,6.0
19,0.055349997111729214,AM1BCC,OpenEye,,,H,,20,[H:16][C:7]1([C:6]([C:5]([C:4]([C:9]([C:8]1([H:18])[H:19])([H:20])[H:21])([H:11])[C:2](=[O:1])[O:3][H:10])([H:12])[H:13])([H:14])[H:15])[H:17],12.0,6.0
20,0.055349997111729214,AM1BCC,OpenEye,,,H,,21,[H:16][C:7]1([C:6]([C:5]([C:4]([C:9]([C:8]1([H:18])[H:19])([H:20])[H:21])([H:11])[C:2](=[O:1])[O:3][H:10])([H:12])[H:13])([H:14])[H:15])[H:17],12.0,6.0
0,-0.550952380952381,AM1BCC,AmberTools,,,O,,1,[H:16][C:7]1([C:6]([C:5]([C:4]([C:9]([C:8]1([H:18])[H:19])([H:20])[H:21])([H:11])[C:2](=[O:1])[O:3][H:10])([H:12])[H:13])([H:14])[H:15])[H:17],12.0,6.0
1,0.6361476190476191,AM1BCC,AmberTools,,,C,,2,[H:16][C:7]1([C:6]([C:5]([C:4]([C:9]([C:8]1([H:18])[H:19])([H:20])[H:21])([H:11])[C:2](=[O:1])[O:3][H:10])([H:12])[H:13])([H:14])[H:15])[H:17],12.0,6.0
2,-0.6100523809523809,AM1BCC,AmberTools,,,O,,3,[H:16][C:7]1([C:6]([C:5]([C:4]([C:9]([C:8]1([H:18])[H:19])([H:20])[H:21])([H:11])[C:2](=[O:1])[O:3][H:10])([H:12])[H:13])([H:14])[H:15])[H:17],12.0,6.0
3,-0.10365238095238094,AM1BCC,AmberTools,,,C,,4,[H:16][C:7]1([C:6]([C:5]([C:4]([C:9]([C:8]1([H:18])[H:19])([H:20])[H:21])([H:11])[C:2](=[O:1])[O:3][H:10])([H:12])[H:13])([H:14])[H:15])[H:17],12.0,6.0
4,-0.07385238095238093,AM1BCC,AmberTools,,,C,,5,[H:16][C:7]1([C:6]([C:5]([C:4]([C:9]([C:8]1([H:18])[H:19])([H:20])[H:21])([H:11])[C:2](=[O:1])[O:3][H:10])([H:12])[H:13])([H:14])[H:15])[H:17],12.0,6.0
5,-0.07535238095238093,AM1BCC,AmberTools,,,C,,6,[H:16][C:7]1([C:6]([C:5]([C:4]([C:9]([C:8]1([H:18])[H:19])([H:20])[H:21])([H:11])[C:2](=[O:1])[O:3][H:10])([H:12])[H:13])([H:14])[H:15])[H:17],12.0,6.0
6,-0.07935238095238094,AM1BCC,AmberTools,,,C,,7,[H:16][C:7]1([C:6]([C:5]([C:4]([C:9]([C:8]1([H:18])[H:19])([H:20])[H:21])([H:11])[C:2](=[O:1])[O:3][H:10])([H:12])[H:13])([H:14])[H:15])[H:17],12.0,6.0
7,-0.07535238095238093,AM1BCC,AmberTools,,,C,,8,[H:16][C:7]1([C:6]([C:5]([C:4]([C:9]([C:8]1([H:18])[H:19])([H:20])[H:21])([H:11])[C:2](=[O:1])[O:3][H:10])([H:12])[H:13])([H:14])[H:15])[H:17],12.0,6.0
8,-0.07385238095238093,AM1BCC,AmberTools,,,C,,9,[H:16][C:7]1([C:6]([C:5]([C:4]([C:9]([C:8]1([H:18])[H:19])([H:20])[H:21])([H:11])[C:2](=[O:1])[O:3][H:10])([H:12])[H:13])([H:14])[H:15])[H:17],12.0,6.0
9,0.4420476190476191,AM1BCC,AmberTools,,,H,,10,[H:16][C:7]1([C:6]([C:5]([C:4]([C:9]([C:8]1([H:18])[H:19])([H:20])[H:21])([H:11])[C:2](=[O:1])[O:3][H:10])([H:12])[H:13])([H:14])[H:15])[H:17],12.0,6.0
10,0.08274761904761906,AM1BCC,AmberTools,,,H,,11,[H:16][C:7]1([C:6]([C:5]([C:4]([C:9]([C:8]1([H:18])[H:19])([H:20])[H:21])([H:11])[C:2](=[O:1])[O:3][H:10])([H:12])[H:13])([H:14])[H:15])[H:17],12.0,6.0
11,0.05499761904761906,AM1BCC,AmberTools,,,H,,12,[H:16][C:7]1([C:6]([C:5]([C:4]([C:9]([C:8]1([H:18])[H:19])([H:20])[H:21])([H:11])[C:2](=[O:1])[O:3][H:10])([H:12])[H:13])([H:14])[H:15])[H:17],12.0,6.0
12,0.05499761904761906,AM1BCC,AmberTools,,,H,,13,[H:16][C:7]1([C:6]([C:5]([C:4]([C:9]([C:8]1([H:18])[H:19])([H:20])[H:21])([H:11])[C:2](=[O:1])[O:3][H:10])([H:12])[H:13])([H:14])[H:15])[H:17],12.0,6.0
13,0.044497619047619064,AM1BCC,AmberTools,,,H,,14,[H:16][C:7]1([C:6]([C:5]([C:4]([C:9]([C:8]1([H:18])[H:19])([H:20])[H:21])([H:11])[C:2](=[O:1])[O:3][H:10])([H:12])[H:13])([H:14])[H:15])[H:17],12.0,6.0
14,0.044497619047619064,AM1BCC,AmberTools,,,H,,15,[H:16][C:7]1([C:6]([C:5]([C:4]([C:9]([C:8]1([H:18])[H:19])([H:20])[H:21])([H:11])[C:2](=[O:1])[O:3][H:10])([H:12])[H:13])([H:14])[H:15])[H:17],12.0,6.0
15,0.04174761904761906,AM1BCC,AmberTools,,,H,,16,[H:16][C:7]1([C:6]([C:5]([C:4]([C:9]([C:8]1([H:18])[H:19])([H:20])[H:21])([H:11])[C:2](=[O:1])[O:3][H:10])([H:12])[H:13])([H:14])[H:15])[H:17],12.0,6.0
16,0.04174761904761906,AM1BCC,AmberTools,,,H,,17,[H:16][C:7]1([C:6]([C:5]([C:4]([C:9]([C:8]1([H:18])[H:19])([H:20])[H:21])([H:11])[C:2](=[O:1])[O:3][H:10])([H:12])[H:13])([H:14])[H:15])[H:17],12.0,6.0
17,0.044497619047619064,AM1BCC,AmberTools,,,H,,18,[H:16][C:7]1([C:6]([C:5]([C:4]([C:9]([C:8]1([H:18])[H:19])([H:20])[H:21])([H:11])[C:2](=[O:1])[O:3][H:10])([H:12])[H:13])([H:14])[H:15])[H:17],12.0,6.0
18,0.044497619047619064,AM1BCC,AmberTools,,,H,,19,[H:16][C:7]1([C:6]([C:5]([C:4]([C:9]([C:8]1([H:18])[H:19])([H:20])[H:21])([H:11])[C:2](=[O:1])[O:3][H:10])([H:12])[H:13])([H:14])[H:15])[H:17],12.0,6.0
19,0.05499761904761906,AM1BCC,AmberTools,,,H,,20,[H:16][C:7]1([C:6]([C:5]([C:4]([C:9]([C:8]1([H:18])[H:19])([H:20])[H:21])([H:11])[C:2](=[O:1])[O:3][H:10])([H:12])[H:13])([H:14])[H:15])[H:17],12.0,6.0
20,0.05499761904761906,AM1BCC,AmberTools,,,H,,21,[H:16][C:7]1([C:6]([C:5]([C:4]([C:9]([C:8]1([H:18])[H:19])([H:20])[H:21])([H:11])[C:2](=[O:1])[O:3][H:10])([H:12])[H:13])([H:14])[H:15])[H:17],12.0,6.0
0,-0.5516399751816478,AM1BCC,OpenEye,,,O,,1,[H:16][C:7]1([C:6]([C:5]([C:4]([C:9]([C:8]1([H:18])[H:19])([H:20])[H:21])([H:11])[C:2](=[O:1])[O:3][H:10])([H:12])[H:13])([H:14])[H:15])[H:17],12.0,7.0
1,0.6332100023116384,AM1BCC,OpenEye,,,C,,2,[H:16][C:7]1([C:6]([C:5]([C:4]([C:9]([C:8]1([H:18])[H:19])([H:20])[H:21])([H:11])[C:2](=[O:1])[O:3][H:10])([H:12])[H:13])([H:14])[H:15])[H:17],12.0,7.0
2,-0.6018599878464427,AM1BCC,OpenEye,,,O,,3,[H:16][C:7]1([C:6]([C:5]([C:4]([C:9]([C:8]1([H:18])[H:19])([H:20])[H:21])([H:11])[C:2](=[O:1])[O:3][H:10])([H:12])[H:13])([H:14])[H:15])[H:17],12.0,7.0
3,-0.10407000141484397,AM1BCC,OpenEye,,,C,,4,[H:16][C:7]1([C:6]([C:5]([C:4]([C:9]([C:8]1([H:18])[H:19])([H:20])[H:21])([H:11])[C:2](=[O:1])[O:3][H:10])([H:12])[H:13])([H:14])[H:15])[H:17],12.0,7.0
4,-0.07474999981267112,AM1BCC,OpenEye,,,C,,5,[H:16][C:7]1([C:6]([C:5]([C:4]([C:9]([C:8]1([H:18])[H:19])([H:20])[H:21])([H:11])[C:2](=[O:1])[O:3][H:10])([H:12])[H:13])([H:14])[H:15])[H:17],12.0,7.0
5,-0.07536000119788307,AM1BCC,OpenEye,,,C,,6,[H:16][C:7]1([C:6]([C:5]([C:4]([C:9]([C:8]1([H:18])[H:19])([H:20])[H:21])([H:11])[C:2](=[O:1])[O:3][H:10])([H:12])[H:13])([H:14])[H:15])[H:17],12.0,7.0
6,-0.07971999900681633,AM1BCC,OpenEye,,,C,,7,[H:16][C:7]1([C:6]([C:5]([C:4]([C:9]([C:8]1([H:18])[H:19])([H:20])[H:21])([H:11])[C:2](=[O:1])[O:3][H:10])([H:12])[H:13])([H:14])[H:15])[H:17],12.0,7.0
7,-0.07536000119788307,AM1BCC,OpenEye,,,C,,8,[H:16][C:7]1([C:6]([C:5]([C:4]([C:9]([C:8]1([H:18])[H:19])([H:20])[H:21])([H:11])[C:2](=[O:1])[O:3][H:10])([H:12])[H:13])([H:14])[H:15])[H:17],12.0,7.0
8,-0.07474999981267112,AM1BCC,OpenEye,,,C,,9,[H:16][C:7]1([C:6]([C:5]([C:4]([C:9]([C:8]1([H:18])[H:19])([H:20])[H:21])([H:11])[C:2](=[O:1])[O:3][H:10])([H:12])[H:13])([H:14])[H:15])[H:17],12.0,7.0
9,0.44198998702423914,AM1BCC,OpenEye,,,H,,10,[H:16][C:7]1([C:6]([C:5]([C:4]([C:9]([C:8]1([H:18])[H:19])([H:20])[H:21])([H:11])[C:2](=[O:1])[O:3][H:10])([H:12])[H:13])([H:14])[H:15])[H:17],12.0,7.0
10,0.08128999812262398,AM1BCC,OpenEye,,,H,,11,[H:16][C:7]1([C:6]([C:5]([C:4]([C:9]([C:8]1([H:18])[H:19])([H:20])[H:21])([H:11])[C:2](=[O:1])[O:3][H:10])([H:12])[H:13])([H:14])[H:15])[H:17],12.0,7.0
11,0.055349997111729214,AM1BCC,OpenEye,,,H,,12,[H:16][C:7]1([C:6]([C:5]([C:4]([C:9]([C:8]1([H:18])[H:19])([H:20])[H:21])([H:11])[C:2](=[O:1])[O:3][H:10])([H:12])[H:13])([H:14])[H:15])[H:17],12.0,7.0
12,0.055349997111729214,AM1BCC,OpenEye,,,H,,13,[H:16][C:7]1([C:6]([C:5]([C:4]([C:9]([C:8]1([H:18])[H:19])([H:20])[H:21])([H:11])[C:2](=[O:1])[O:3][H:10])([H:12])[H:13])([H:14])[H:15])[H:17],12.0,7.0
13,0.04402999845998628,AM1BCC,OpenEye,,,H,,14,[H:16][C:7]1([C:6]([C:5]([C:4]([C:9]([C:8]1([H:18])[H:19])([H:20])[H:21])([H:11])[C:2](=[O:1])[O:3][H:10])([H:12])[H:13])([H:14])[H:15])[H:17],12.0,7.0
14,0.04402999845998628,AM1BCC,OpenEye,,,H,,15,[H:16][C:7]1([C:6]([C:5]([C:4]([C:9]([C:8]1([H:18])[H:19])([H:20])[H:21])([H:11])[C:2](=[O:1])[O:3][H:10])([H:12])[H:13])([H:14])[H:15])[H:17],12.0,7.0
15,0.04174999786274774,AM1BCC,OpenEye,,,H,,16,[H:16][C:7]1([C:6]([C:5]([C:4]([C:9]([C:8]1([H:18])[H:19])([H:20])[H:21])([H:11])[C:2](=[O:1])[O:3][H:10])([H:12])[H:13])([H:14])[H:15])[H:17],12.0,7.0
16,0.04174999786274774,AM1BCC,OpenEye,,,H,,17,[H:16][C:7]1([C:6]([C:5]([C:4]([C:9]([C:8]1([H:18])[H:19])([H:20])[H:21])([H:11])[C:2](=[O:1])[O:3][H:10])([H:12])[H:13])([H:14])[H:15])[H:17],12.0,7.0
17,0.04402999845998628,AM1BCC,OpenEye,,,H,,18,[H:16][C:7]1([C:6]([C:5]([C:4]([C:9]([C:8]1([H:18])[H:19])([H:20])[H:21])([H:11])[C:2](=[O:1])[O:3][H:10])([H:12])[H:13])([H:14])[H:15])[H:17],12.0,7.0
18,0.04402999845998628,AM1BCC,OpenEye,,,H,,19,[H:16][C:7]1([C:6]([C:5]([C:4]([C:9]([C:8]1([H:18])[H:19])([H:20])[H:21])([H:11])[C:2](=[O:1])[O:3][H:10])([H:12])[H:13])([H:14])[H:15])[H:17],12.0,7.0
19,0.055349997111729214,AM1BCC,OpenEye,,,H,,20,[H:16][C:7]1([C:6]([C:5]([C:4]([C:9]([C:8]1([H:18])[H:19])([H:20])[H:21])([H:11])[C:2](=[O:1])[O:3][H:10])([H:12])[H:13])([H:14])[H:15])[H:17],12.0,7.0
20,0.055349997111729214,AM1BCC,OpenEye,,,H,,21,[H:16][C:7]1([C:6]([C:5]([C:4]([C:9]([C:8]1([H:18])[H:19])([H:20])[H:21])([H:11])[C:2](=[O:1])[O:3][H:10])([H:12])[H:13])([H:14])[H:15])[H:17],12.0,7.0
0,-0.550952380952381,AM1BCC,AmberTools,,,O,,1,[H:16][C:7]1([C:6]([C:5]([C:4]([C:9]([C:8]1([H:18])[H:19])([H:20])[H:21])([H:11])[C:2](=[O:1])[O:3][H:10])([H:12])[H:13])([H:14])[H:15])[H:17],12.0,7.0
1,0.6361476190476191,AM1BCC,AmberTools,,,C,,2,[H:16][C:7]1([C:6]([C:5]([C:4]([C:9]([C:8]1([H:18])[H:19])([H:20])[H:21])([H:11])[C:2](=[O:1])[O:3][H:10])([H:12])[H:13])([H:14])[H:15])[H:17],12.0,7.0
2,-0.6100523809523809,AM1BCC,AmberTools,,,O,,3,[H:16][C:7]1([C:6]([C:5]([C:4]([C:9]([C:8]1([H:18])[H:19])([H:20])[H:21])([H:11])[C:2](=[O:1])[O:3][H:10])([H:12])[H:13])([H:14])[H:15])[H:17],12.0,7.0
3,-0.10365238095238094,AM1BCC,AmberTools,,,C,,4,[H:16][C:7]1([C:6]([C:5]([C:4]([C:9]([C:8]1([H:18])[H:19])([H:20])[H:21])([H:11])[C:2](=[O:1])[O:3][H:10])([H:12])[H:13])([H:14])[H:15])[H:17],12.0,7.0
4,-0.07385238095238093,AM1BCC,AmberTools,,,C,,5,[H:16][C:7]1([C:6]([C:5]([C:4]([C:9]([C:8]1([H:18])[H:19])([H:20])[H:21])([H:11])[C:2](=[O:1])[O:3][H:10])([H:12])[H:13])([H:14])[H:15])[H:17],12.0,7.0
5,-0.07535238095238093,AM1BCC,AmberTools,,,C,,6,[H:16][C:7]1([C:6]([C:5]([C:4]([C:9]([C:8]1([H:18])[H:19])([H:20])[H:21])([H:11])[C:2](=[O:1])[O:3][H:10])([H:12])[H:13])([H:14])[H:15])[H:17],12.0,7.0
6,-0.07935238095238094,AM1BCC,AmberTools,,,C,,7,[H:16][C:7]1([C:6]([C:5]([C:4]([C:9]([C:8]1([H:18])[H:19])([H:20])[H:21])([H:11])[C:2](=[O:1])[O:3][H:10])([H:12])[H:13])([H:14])[H:15])[H:17],12.0,7.0
7,-0.07535238095238093,AM1BCC,AmberTools,,,C,,8,[H:16][C:7]1([C:6]([C:5]([C:4]([C:9]([C:8]1([H:18])[H:19])([H:20])[H:21])([H:11])[C:2](=[O:1])[O:3][H:10])([H:12])[H:13])([H:14])[H:15])[H:17],12.0,7.0
8,-0.07385238095238093,AM1BCC,AmberTools,,,C,,9,[H:16][C:7]1([C:6]([C:5]([C:4]([C:9]([C:8]1([H:18])[H:19])([H:20])[H:21])([H:11])[C:2](=[O:1])[O:3][H:10])([H:12])[H:13])([H:14])[H:15])[H:17],12.0,7.0
9,0.4420476190476191,AM1BCC,AmberTools,,,H,,10,[H:16][C:7]1([C:6]([C:5]([C:4]([C:9]([C:8]1([H:18])[H:19])([H:20])[H:21])([H:11])[C:2](=[O:1])[O:3][H:10])([H:12])[H:13])([H:14])[H:15])[H:17],12.0,7.0
10,0.08274761904761906,AM1BCC,AmberTools,,,H,,11,[H:16][C:7]1([C:6]([C:5]([C:4]([C:9]([C:8]1([H:18])[H:19])([H:20])[H:21])([H:11])[C:2](=[O:1])[O:3][H:10])([H:12])[H:13])([H:14])[H:15])[H:17],12.0,7.0
11,0.05499761904761906,AM1BCC,AmberTools,,,H,,12,[H:16][C:7]1([C:6]([C:5]([C:4]([C:9]([C:8]1([H:18])[H:19])([H:20])[H:21])([H:11])[C:2](=[O:1])[O:3][H:10])([H:12])[H:13])([H:14])[H:15])[H:17],12.0,7.0
12,0.05499761904761906,AM1BCC,AmberTools,,,H,,13,[H:16][C:7]1([C:6]([C:5]([C:4]([C:9]([C:8]1([H:18])[H:19])([H:20])[H:21])([H:11])[C:2](=[O:1])[O:3][H:10])([H:12])[H:13])([H:14])[H:15])[H:17],12.0,7.0
13,0.044497619047619064,AM1BCC,AmberTools,,,H,,14,[H:16][C:7]1([C:6]([C:5]([C:4]([C:9]([C:8]1([H:18])[H:19])([H:20])[H:21])([H:11])[C:2](=[O:1])[O:3][H:10])([H:12])[H:13])([H:14])[H:15])[H:17],12.0,7.0
14,0.044497619047619064,AM1BCC,AmberTools,,,H,,15,[H:16][C:7]1([C:6]([C:5]([C:4]([C:9]([C:8]1([H:18])[H:19])([H:20])[H:21])([H:11])[C:2](=[O:1])[O:3][H:10])([H:12])[H:13])([H:14])[H:15])[H:17],12.0,7.0
15,0.04174761904761906,AM1BCC,AmberTools,,,H,,16,[H:16][C:7]1([C:6]([C:5]([C:4]([C:9]([C:8]1([H:18])[H:19])([H:20])[H:21])([H:11])[C:2](=[O:1])[O:3][H:10])([H:12])[H:13])([H:14])[H:15])[H:17],12.0,7.0
16,0.04174761904761906,AM1BCC,AmberTools,,,H,,17,[H:16][C:7]1([C:6]([C:5]([C:4]([C:9]([C:8]1([H:18])[H:19])([H:20])[H:21])([H:11])[C:2](=[O:1])[O:3][H:10])([H:12])[H:13])([H:14])[H:15])[H:17],12.0,7.0
17,0.044497619047619064,AM1BCC,AmberTools,,,H,,18,[H:16][C:7]1([C:6]([C:5]([C:4]([C:9]([C:8]1([H:18])[H:19])([H:20])[H:21])([H:11])[C:2](=[O:1])[O:3][H:10])([H:12])[H:13])([H:14])[H:15])[H:17],12.0,7.0
18,0.044497619047619064,AM1BCC,AmberTools,,,H,,19,[H:16][C:7]1([C:6]([C:5]([C:4]([C:9]([C:8]1([H:18])[H:19])([H:20])[H:21])([H:11])[C:2](=[O:1])[O:3][H:10])([H:12])[H:13])([H:14])[H:15])[H:17],12.0,7.0
19,0.05499761904761906,AM1BCC,AmberTools,,,H,,20,[H:16][C:7]1([C:6]([C:5]([C:4]([C:9]([C:8]1([H:18])[H:19])([H:20])[H:21])([H:11])[C:2](=[O:1])[O:3][H:10])([H:12])[H:13])([H:14])[H:15])[H:17],12.0,7.0
20,0.05499761904761906,AM1BCC,AmberTools,,,H,,21,[H:16][C:7]1([C:6]([C:5]([C:4]([C:9]([C:8]1([H:18])[H:19])([H:20])[H:21])([H:11])[C:2](=[O:1])[O:3][H:10])([H:12])[H:13])([H:14])[H:15])[H:17],12.0,7.0
0,-0.5516399744720686,AM1BCC,OpenEye,,,O,,1,[H:16][C:7]1([C:6]([C:5]([C:4]([C:9]([C:8]1([H:18])[H:19])([H:20])[H:21])([H:11])[C:2](=[O:1])[O:3][H:10])([H:12])[H:13])([H:14])[H:15])[H:17],12.0,8.0
1,0.6332100030212175,AM1BCC,OpenEye,,,C,,2,[H:16][C:7]1([C:6]([C:5]([C:4]([C:9]([C:8]1([H:18])[H:19])([H:20])[H:21])([H:11])[C:2](=[O:1])[O:3][H:10])([H:12])[H:13])([H:14])[H:15])[H:17],12.0,8.0
2,-0.6018700007171858,AM1BCC,OpenEye,,,O,,3,[H:16][C:7]1([C:6]([C:5]([C:4]([C:9]([C:8]1([H:18])[H:19])([H:20])[H:21])([H:11])[C:2](=[O:1])[O:3][H:10])([H:12])[H:13])([H:14])[H:15])[H:17],12.0,8.0
3,-0.10407000070526487,AM1BCC,OpenEye,,,C,,4,[H:16][C:7]1([C:6]([C:5]([C:4]([C:9]([C:8]1([H:18])[H:19])([H:20])[H:21])([H:11])[C:2](=[O:1])[O:3][H:10])([H:12])[H:13])([H:14])[H:15])[H:17],12.0,8.0
4,-0.07474999910309202,AM1BCC,OpenEye,,,C,,5,[H:16][C:7]1([C:6]([C:5]([C:4]([C:9]([C:8]1([H:18])[H:19])([H:20])[H:21])([H:11])[C:2](=[O:1])[O:3][H:10])([H:12])[H:13])([H:14])[H:15])[H:17],12.0,8.0
5,-0.07536000048830396,AM1BCC,OpenEye,,,C,,6,[H:16][C:7]1([C:6]([C:5]([C:4]([C:9]([C:8]1([H:18])[H:19])([H:20])[H:21])([H:11])[C:2](=[O:1])[O:3][H:10])([H:12])[H:13])([H:14])[H:15])[H:17],12.0,8.0
6,-0.07970999961807615,AM1BCC,OpenEye,,,C,,7,[H:16][C:7]1([C:6]([C:5]([C:4]([C:9]([C:8]1([H:18])[H:19])([H:20])[H:21])([H:11])[C:2](=[O:1])[O:3][H:10])([H:12])[H:13])([H:14])[H:15])[H:17],12.0,8.0
7,-0.07536000048830396,AM1BCC,OpenEye,,,C,,8,[H:16][C:7]1([C:6]([C:5]([C:4]([C:9]([C:8]1([H:18])[H:19])([H:20])[H:21])([H:11])[C:2](=[O:1])[O:3][H:10])([H:12])[H:13])([H:14])[H:15])[H:17],12.0,8.0
8,-0.07474999910309202,AM1BCC,OpenEye,,,C,,9,[H:16][C:7]1([C:6]([C:5]([C:4]([C:9]([C:8]1([H:18])[H:19])([H:20])[H:21])([H:11])[C:2](=[O:1])[O:3][H:10])([H:12])[H:13])([H:14])[H:15])[H:17],12.0,8.0
9,0.44198998773381826,AM1BCC,OpenEye,,,H,,10,[H:16][C:7]1([C:6]([C:5]([C:4]([C:9]([C:8]1([H:18])[H:19])([H:20])[H:21])([H:11])[C:2](=[O:1])[O:3][H:10])([H:12])[H:13])([H:14])[H:15])[H:17],12.0,8.0
10,0.08128999883220309,AM1BCC,OpenEye,,,H,,11,[H:16][C:7]1([C:6]([C:5]([C:4]([C:9]([C:8]1([H:18])[H:19])([H:20])[H:21])([H:11])[C:2](=[O:1])[O:3][H:10])([H:12])[H:13])([H:14])[H:15])[H:17],12.0,8.0
11,0.05534999782130832,AM1BCC,OpenEye,,,H,,12,[H:16][C:7]1([C:6]([C:5]([C:4]([C:9]([C:8]1([H:18])[H:19])([H:20])[H:21])([H:11])[C:2](=[O:1])[O:3][H:10])([H:12])[H:13])([H:14])[H:15])[H:17],12.0,8.0
12,0.05534999782130832,AM1BCC,OpenEye,,,H,,13,[H:16][C:7]1([C:6]([C:5]([C:4]([C:9]([C:8]1([H:18])[H:19])([H:20])[H:21])([H:11])[C:2](=[O:1])[O:3][H:10])([H:12])[H:13])([H:14])[H:15])[H:17],12.0,8.0
13,0.04402999916956538,AM1BCC,OpenEye,,,H,,14,[H:16][C:7]1([C:6]([C:5]([C:4]([C:9]([C:8]1([H:18])[H:19])([H:20])[H:21])([H:11])[C:2](=[O:1])[O:3][H:10])([H:12])[H:13])([H:14])[H:15])[H:17],12.0,8.0
14,0.04402999916956538,AM1BCC,OpenEye,,,H,,15,[H:16][C:7]1([C:6]([C:5]([C:4]([C:9]([C:8]1([H:18])[H:19])([H:20])[H:21])([H:11])[C:2](=[O:1])[O:3][H:10])([H:12])[H:13])([H:14])[H:15])[H:17],12.0,8.0
15,0.04174999857232684,AM1BCC,OpenEye,,,H,,16,[H:16][C:7]1([C:6]([C:5]([C:4]([C:9]([C:8]1([H:18])[H:19])([H:20])[H:21])([H:11])[C:2](=[O:1])[O:3][H:10])([H:12])[H:13])([H:14])[H:15])[H:17],12.0,8.0
16,0.04174999857232684,AM1BCC,OpenEye,,,H,,17,[H:16][C:7]1([C:6]([C:5]([C:4]([C:9]([C:8]1([H:18])[H:19])([H:20])[H:21])([H:11])[C:2](=[O:1])[O:3][H:10])([H:12])[H:13])([H:14])[H:15])[H:17],12.0,8.0
17,0.04402999916956538,AM1BCC,OpenEye,,,H,,18,[H:16][C:7]1([C:6]([C:5]([C:4]([C:9]([C:8]1([H:18])[H:19])([H:20])[H:21])([H:11])[C:2](=[O:1])[O:3][H:10])([H:12])[H:13])([H:14])[H:15])[H:17],12.0,8.0
18,0.04402999916956538,AM1BCC,OpenEye,,,H,,19,[H:16][C:7]1([C:6]([C:5]([C:4]([C:9]([C:8]1([H:18])[H:19])([H:20])[H:21])([H:11])[C:2](=[O:1])[O:3][H:10])([H:12])[H:13])([H:14])[H:15])[H:17],12.0,8.0
19,0.05534999782130832,AM1BCC,OpenEye,,,H,,20,[H:16][C:7]1([C:6]([C:5]([C:4]([C:9]([C:8]1([H:18])[H:19])([H:20])[H:21])([H:11])[C:2](=[O:1])[O:3][H:10])([H:12])[H:13])([H:14])[H:15])[H:17],12.0,8.0
20,0.05534999782130832,AM1BCC,OpenEye,,,H,,21,[H:16][C:7]1([C:6]([C:5]([C:4]([C:9]([C:8]1([H:18])[H:19])([H:20])[H:21])([H:11])[C:2](=[O:1])[O:3][H:10])([H:12])[H:13])([H:14])[H:15])[H:17],12.0,8.0
0,-0.550952380952381,AM1BCC,AmberTools,,,O,,1,[H:16][C:7]1([C:6]([C:5]([C:4]([C:9]([C:8]1([H:18])[H:19])([H:20])[H:21])([H:11])[C:2](=[O:1])[O:3][H:10])([H:12])[H:13])([H:14])[H:15])[H:17],12.0,8.0
1,0.6361476190476191,AM1BCC,AmberTools,,,C,,2,[H:16][C:7]1([C:6]([C:5]([C:4]([C:9]([C:8]1([H:18])[H:19])([H:20])[H:21])([H:11])[C:2](=[O:1])[O:3][H:10])([H:12])[H:13])([H:14])[H:15])[H:17],12.0,8.0
2,-0.6100523809523809,AM1BCC,AmberTools,,,O,,3,[H:16][C:7]1([C:6]([C:5]([C:4]([C:9]([C:8]1([H:18])[H:19])([H:20])[H:21])([H:11])[C:2](=[O:1])[O:3][H:10])([H:12])[H:13])([H:14])[H:15])[H:17],12.0,8.0
3,-0.10365238095238094,AM1BCC,AmberTools,,,C,,4,[H:16][C:7]1([C:6]([C:5]([C:4]([C:9]([C:8]1([H:18])[H:19])([H:20])[H:21])([H:11])[C:2](=[O:1])[O:3][H:10])([H:12])[H:13])([H:14])[H:15])[H:17],12.0,8.0
4,-0.07385238095238093,AM1BCC,AmberTools,,,C,,5,[H:16][C:7]1([C:6]([C:5]([C:4]([C:9]([C:8]1([H:18])[H:19])([H:20])[H:21])([H:11])[C:2](=[O:1])[O:3][H:10])([H:12])[H:13])([H:14])[H:15])[H:17],12.0,8.0
5,-0.07535238095238093,AM1BCC,AmberTools,,,C,,6,[H:16][C:7]1([C:6]([C:5]([C:4]([C:9]([C:8]1([H:18])[H:19])([H:20])[H:21])([H:11])[C:2](=[O:1])[O:3][H:10])([H:12])[H:13])([H:14])[H:15])[H:17],12.0,8.0
6,-0.07935238095238094,AM1BCC,AmberTools,,,C,,7,[H:16][C:7]1([C:6]([C:5]([C:4]([C:9]([C:8]1([H:18])[H:19])([H:20])[H:21])([H:11])[C:2](=[O:1])[O:3][H:10])([H:12])[H:13])([H:14])[H:15])[H:17],12.0,8.0
7,-0.07535238095238093,AM1BCC,AmberTools,,,C,,8,[H:16][C:7]1([C:6]([C:5]([C:4]([C:9]([C:8]1([H:18])[H:19])([H:20])[H:21])([H:11])[C:2](=[O:1])[O:3][H:10])([H:12])[H:13])([H:14])[H:15])[H:17],12.0,8.0
8,-0.07385238095238093,AM1BCC,AmberTools,,,C,,9,[H:16][C:7]1([C:6]([C:5]([C:4]([C:9]([C:8]1([H:18])[H:19])([H:20])[H:21])([H:11])[C:2](=[O:1])[O:3][H:10])([H:12])[H:13])([H:14])[H:15])[H:17],12.0,8.0
9,0.4420476190476191,AM1BCC,AmberTools,,,H,,10,[H:16][C:7]1([C:6]([C:5]([C:4]([C:9]([C:8]1([H:18])[H:19])([H:20])[H:21])([H:11])[C:2](=[O:1])[O:3][H:10])([H:12])[H:13])([H:14])[H:15])[H:17],12.0,8.0
10,0.08274761904761906,AM1BCC,AmberTools,,,H,,11,[H:16][C:7]1([C:6]([C:5]([C:4]([C:9]([C:8]1([H:18])[H:19])([H:20])[H:21])([H:11])[C:2](=[O:1])[O:3][H:10])([H:12])[H:13])([H:14])[H:15])[H:17],12.0,8.0
11,0.05499761904761906,AM1BCC,AmberTools,,,H,,12,[H:16][C:7]1([C:6]([C:5]([C:4]([C:9]([C:8]1([H:18])[H:19])([H:20])[H:21])([H:11])[C:2](=[O:1])[O:3][H:10])([H:12])[H:13])([H:14])[H:15])[H:17],12.0,8.0
12,0.05499761904761906,AM1BCC,AmberTools,,,H,,13,[H:16][C:7]1([C:6]([C:5]([C:4]([C:9]([C:8]1([H:18])[H:19])([H:20])[H:21])([H:11])[C:2](=[O:1])[O:3][H:10])([H:12])[H:13])([H:14])[H:15])[H:17],12.0,8.0
13,0.044497619047619064,AM1BCC,AmberTools,,,H,,14,[H:16][C:7]1([C:6]([C:5]([C:4]([C:9]([C:8]1([H:18])[H:19])([H:20])[H:21])([H:11])[C:2](=[O:1])[O:3][H:10])([H:12])[H:13])([H:14])[H:15])[H:17],12.0,8.0
14,0.044497619047619064,AM1BCC,AmberTools,,,H,,15,[H:16][C:7]1([C:6]([C:5]([C:4]([C:9]([C:8]1([H:18])[H:19])([H:20])[H:21])([H:11])[C:2](=[O:1])[O:3][H:10])([H:12])[H:13])([H:14])[H:15])[H:17],12.0,8.0
15,0.04174761904761906,AM1BCC,AmberTools,,,H,,16,[H:16][C:7]1([C:6]([C:5]([C:4]([C:9]([C:8]1([H:18])[H:19])([H:20])[H:21])([H:11])[C:2](=[O:1])[O:3][H:10])([H:12])[H:13])([H:14])[H:15])[H:17],12.0,8.0
16,0.04174761904761906,AM1BCC,AmberTools,,,H,,17,[H:16][C:7]1([C:6]([C:5]([C:4]([C:9]([C:8]1([H:18])[H:19])([H:20])[H:21])([H:11])[C:2](=[O:1])[O:3][H:10])([H:12])[H:13])([H:14])[H:15])[H:17],12.0,8.0
17,0.044497619047619064,AM1BCC,AmberTools,,,H,,18,[H:16][C:7]1([C:6]([C:5]([C:4]([C:9]([C:8]1([H:18])[H:19])([H:20])[H:21])([H:11])[C:2](=[O:1])[O:3][H:10])([H:12])[H:13])([H:14])[H:15])[H:17],12.0,8.0
18,0.044497619047619064,AM1BCC,AmberTools,,,H,,19,[H:16][C:7]1([C:6]([C:5]([C:4]([C:9]([C:8]1([H:18])[H:19])([H:20])[H:21])([H:11])[C:2](=[O:1])[O:3][H:10])([H:12])[H:13])([H:14])[H:15])[H:17],12.0,8.0
19,0.05499761904761906,AM1BCC,AmberTools,,,H,,20,[H:16][C:7]1([C:6]([C:5]([C:4]([C:9]([C:8]1([H:18])[H:19])([H:20])[H:21])([H:11])[C:2](=[O:1])[O:3][H:10])([H:12])[H:13])([H:14])[H:15])[H:17],12.0,8.0
20,0.05499761904761906,AM1BCC,AmberTools,,,H,,21,[H:16][C:7]1([C:6]([C:5]([C:4]([C:9]([C:8]1([H:18])[H:19])([H:20])[H:21])([H:11])[C:2](=[O:1])[O:3][H:10])([H:12])[H:13])([H:14])[H:15])[H:17],12.0,8.0
0,-0.5516399751816478,AM1BCC,OpenEye,,,O,,1,[H:16][C:7]1([C:6]([C:5]([C:4]([C:9]([C:8]1([H:18])[H:19])([H:20])[H:21])([H:11])[C:2](=[O:1])[O:3][H:10])([H:12])[H:13])([H:14])[H:15])[H:17],12.0,9.0
1,0.6332100023116384,AM1BCC,OpenEye,,,C,,2,[H:16][C:7]1([C:6]([C:5]([C:4]([C:9]([C:8]1([H:18])[H:19])([H:20])[H:21])([H:11])[C:2](=[O:1])[O:3][H:10])([H:12])[H:13])([H:14])[H:15])[H:17],12.0,9.0
2,-0.601870001426765,AM1BCC,OpenEye,,,O,,3,[H:16][C:7]1([C:6]([C:5]([C:4]([C:9]([C:8]1([H:18])[H:19])([H:20])[H:21])([H:11])[C:2](=[O:1])[O:3][H:10])([H:12])[H:13])([H:14])[H:15])[H:17],12.0,9.0
3,-0.10407000141484397,AM1BCC,OpenEye,,,C,,4,[H:16][C:7]1([C:6]([C:5]([C:4]([C:9]([C:8]1([H:18])[H:19])([H:20])[H:21])([H:11])[C:2](=[O:1])[O:3][H:10])([H:12])[H:13])([H:14])[H:15])[H:17],12.0,9.0
4,-0.07474999981267112,AM1BCC,OpenEye,,,C,,5,[H:16][C:7]1([C:6]([C:5]([C:4]([C:9]([C:8]1([H:18])[H:19])([H:20])[H:21])([H:11])[C:2](=[O:1])[O:3][H:10])([H:12])[H:13])([H:14])[H:15])[H:17],12.0,9.0
5,-0.07536000119788307,AM1BCC,OpenEye,,,C,,6,[H:16][C:7]1([C:6]([C:5]([C:4]([C:9]([C:8]1([H:18])[H:19])([H:20])[H:21])([H:11])[C:2](=[O:1])[O:3][H:10])([H:12])[H:13])([H:14])[H:15])[H:17],12.0,9.0
6,-0.07971999900681633,AM1BCC,OpenEye,,,C,,7,[H:16][C:7]1([C:6]([C:5]([C:4]([C:9]([C:8]1([H:18])[H:19])([H:20])[H:21])([H:11])[C:2](=[O:1])[O:3][H:10])([H:12])[H:13])([H:14])[H:15])[H:17],12.0,9.0
7,-0.07536000119788307,AM1BCC,OpenEye,,,C,,8,[H:16][C:7]1([C:6]([C:5]([C:4]([C:9]([C:8]1([H:18])[H:19])([H:20])[H:21])([H:11])[C:2](=[O:1])[O:3][H:10])([H:12])[H:13])([H:14])[H:15])[H:17],12.0,9.0
8,-0.07474999981267112,AM1BCC,OpenEye,,,C,,9,[H:16][C:7]1([C:6]([C:5]([C:4]([C:9]([C:8]1([H:18])[H:19])([H:20])[H:21])([H:11])[C:2](=[O:1])[O:3][H:10])([H:12])[H:13])([H:14])[H:15])[H:17],12.0,9.0
9,0.4420000006045614,AM1BCC,OpenEye,,,H,,10,[H:16][C:7]1([C:6]([C:5]([C:4]([C:9]([C:8]1([H:18])[H:19])([H:20])[H:21])([H:11])[C:2](=[O:1])[O:3][H:10])([H:12])[H:13])([H:14])[H:15])[H:17],12.0,9.0
10,0.08128999812262398,AM1BCC,OpenEye,,,H,,11,[H:16][C:7]1([C:6]([C:5]([C:4]([C:9]([C:8]1([H:18])[H:19])([H:20])[H:21])([H:11])[C:2](=[O:1])[O:3][H:10])([H:12])[H:13])([H:14])[H:15])[H:17],12.0,9.0
11,0.055349997111729214,AM1BCC,OpenEye,,,H,,12,[H:16][C:7]1([C:6]([C:5]([C:4]([C:9]([C:8]1([H:18])[H:19])([H:20])[H:21])([H:11])[C:2](=[O:1])[O:3][H:10])([H:12])[H:13])([H:14])[H:15])[H:17],12.0,9.0
12,0.055349997111729214,AM1BCC,OpenEye,,,H,,13,[H:16][C:7]1([C:6]([C:5]([C:4]([C:9]([C:8]1([H:18])[H:19])([H:20])[H:21])([H:11])[C:2](=[O:1])[O:3][H:10])([H:12])[H:13])([H:14])[H:15])[H:17],12.0,9.0
13,0.04402999845998628,AM1BCC,OpenEye,,,H,,14,[H:16][C:7]1([C:6]([C:5]([C:4]([C:9]([C:8]1([H:18])[H:19])([H:20])[H:21])([H:11])[C:2](=[O:1])[O:3][H:10])([H:12])[H:13])([H:14])[H:15])[H:17],12.0,9.0
14,0.04402999845998628,AM1BCC,OpenEye,,,H,,15,[H:16][C:7]1([C:6]([C:5]([C:4]([C:9]([C:8]1([H:18])[H:19])([H:20])[H:21])([H:11])[C:2](=[O:1])[O:3][H:10])([H:12])[H:13])([H:14])[H:15])[H:17],12.0,9.0
15,0.04174999786274774,AM1BCC,OpenEye,,,H,,16,[H:16][C:7]1([C:6]([C:5]([C:4]([C:9]([C:8]1([H:18])[H:19])([H:20])[H:21])([H:11])[C:2](=[O:1])[O:3][H:10])([H:12])[H:13])([H:14])[H:15])[H:17],12.0,9.0
16,0.04174999786274774,AM1BCC,OpenEye,,,H,,17,[H:16][C:7]1([C:6]([C:5]([C:4]([C:9]([C:8]1([H:18])[H:19])([H:20])[H:21])([H:11])[C:2](=[O:1])[O:3][H:10])([H:12])[H:13])([H:14])[H:15])[H:17],12.0,9.0
17,0.04402999845998628,AM1BCC,OpenEye,,,H,,18,[H:16][C:7]1([C:6]([C:5]([C:4]([C:9]([C:8]1([H:18])[H:19])([H:20])[H:21])([H:11])[C:2](=[O:1])[O:3][H:10])([H:12])[H:13])([H:14])[H:15])[H:17],12.0,9.0
18,0.04402999845998628,AM1BCC,OpenEye,,,H,,19,[H:16][C:7]1([C:6]([C:5]([C:4]([C:9]([C:8]1([H:18])[H:19])([H:20])[H:21])([H:11])[C:2](=[O:1])[O:3][H:10])([H:12])[H:13])([H:14])[H:15])[H:17],12.0,9.0
19,0.055349997111729214,AM1BCC,OpenEye,,,H,,20,[H:16][C:7]1([C:6]([C:5]([C:4]([C:9]([C:8]1([H:18])[H:19])([H:20])[H:21])([H:11])[C:2](=[O:1])[O:3][H:10])([H:12])[H:13])([H:14])[H:15])[H:17],12.0,9.0
20,0.055349997111729214,AM1BCC,OpenEye,,,H,,21,[H:16][C:7]1([C:6]([C:5]([C:4]([C:9]([C:8]1([H:18])[H:19])([H:20])[H:21])([H:11])[C:2](=[O:1])[O:3][H:10])([H:12])[H:13])([H:14])[H:15])[H:17],12.0,9.0
0,-0.551,AM1BCC,AmberTools,,,O,,1,[H:16][C:7]1([C:6]([C:5]([C:4]([C:9]([C:8]1([H:18])[H:19])([H:20])[H:21])([H:11])[C:2](=[O:1])[O:3][H:10])([H:12])[H:13])([H:14])[H:15])[H:17],12.0,9.0
1,0.6361,AM1BCC,AmberTools,,,C,,2,[H:16][C:7]1([C:6]([C:5]([C:4]([C:9]([C:8]1([H:18])[H:19])([H:20])[H:21])([H:11])[C:2](=[O:1])[O:3][H:10])([H:12])[H:13])([H:14])[H:15])[H:17],12.0,9.0
2,-0.6101,AM1BCC,AmberTools,,,O,,3,[H:16][C:7]1([C:6]([C:5]([C:4]([C:9]([C:8]1([H:18])[H:19])([H:20])[H:21])([H:11])[C:2](=[O:1])[O:3][H:10])([H:12])[H:13])([H:14])[H:15])[H:17],12.0,9.0
3,-0.10369999999999999,AM1BCC,AmberTools,,,C,,4,[H:16][C:7]1([C:6]([C:5]([C:4]([C:9]([C:8]1([H:18])[H:19])([H:20])[H:21])([H:11])[C:2](=[O:1])[O:3][H:10])([H:12])[H:13])([H:14])[H:15])[H:17],12.0,9.0
4,-0.07389999999999998,AM1BCC,AmberTools,,,C,,5,[H:16][C:7]1([C:6]([C:5]([C:4]([C:9]([C:8]1([H:18])[H:19])([H:20])[H:21])([H:11])[C:2](=[O:1])[O:3][H:10])([H:12])[H:13])([H:14])[H:15])[H:17],12.0,9.0
5,-0.07539999999999998,AM1BCC,AmberTools,,,C,,6,[H:16][C:7]1([C:6]([C:5]([C:4]([C:9]([C:8]1([H:18])[H:19])([H:20])[H:21])([H:11])[C:2](=[O:1])[O:3][H:10])([H:12])[H:13])([H:14])[H:15])[H:17],12.0,9.0
6,-0.07939999999999998,AM1BCC,AmberTools,,,C,,7,[H:16][C:7]1([C:6]([C:5]([C:4]([C:9]([C:8]1([H:18])[H:19])([H:20])[H:21])([H:11])[C:2](=[O:1])[O:3][H:10])([H:12])[H:13])([H:14])[H:15])[H:17],12.0,9.0
7,-0.07539999999999998,AM1BCC,AmberTools,,,C,,8,[H:16][C:7]1([C:6]([C:5]([C:4]([C:9]([C:8]1([H:18])[H:19])([H:20])[H:21])([H:11])[C:2](=[O:1])[O:3][H:10])([H:12])[H:13])([H:14])[H:15])[H:17],12.0,9.0
8,-0.07389999999999998,AM1BCC,AmberTools,,,C,,9,[H:16][C:7]1([C:6]([C:5]([C:4]([C:9]([C:8]1([H:18])[H:19])([H:20])[H:21])([H:11])[C:2](=[O:1])[O:3][H:10])([H:12])[H:13])([H:14])[H:15])[H:17],12.0,9.0
9,0.442,AM1BCC,AmberTools,,,H,,10,[H:16][C:7]1([C:6]([C:5]([C:4]([C:9]([C:8]1([H:18])[H:19])([H:20])[H:21])([H:11])[C:2](=[O:1])[O:3][H:10])([H:12])[H:13])([H:14])[H:15])[H:17],12.0,9.0
10,0.08270000000000001,AM1BCC,AmberTools,,,H,,11,[H:16][C:7]1([C:6]([C:5]([C:4]([C:9]([C:8]1([H:18])[H:19])([H:20])[H:21])([H:11])[C:2](=[O:1])[O:3][H:10])([H:12])[H:13])([H:14])[H:15])[H:17],12.0,9.0
11,0.055200000000000006,AM1BCC,AmberTools,,,H,,12,[H:16][C:7]1([C:6]([C:5]([C:4]([C:9]([C:8]1([H:18])[H:19])([H:20])[H:21])([H:11])[C:2](=[O:1])[O:3][H:10])([H:12])[H:13])([H:14])[H:15])[H:17],12.0,9.0
12,0.055200000000000006,AM1BCC,AmberTools,,,H,,13,[H:16][C:7]1([C:6]([C:5]([C:4]([C:9]([C:8]1([H:18])[H:19])([H:20])[H:21])([H:11])[C:2](=[O:1])[O:3][H:10])([H:12])[H:13])([H:14])[H:15])[H:17],12.0,9.0
13,0.04445000000000001,AM1BCC,AmberTools,,,H,,14,[H:16][C:7]1([C:6]([C:5]([C:4]([C:9]([C:8]1([H:18])[H:19])([H:20])[H:21])([H:11])[C:2](=[O:1])[O:3][H:10])([H:12])[H:13])([H:14])[H:15])[H:17],12.0,9.0
14,0.04445000000000001,AM1BCC,AmberTools,,,H,,15,[H:16][C:7]1([C:6]([C:5]([C:4]([C:9]([C:8]1([H:18])[H:19])([H:20])[H:21])([H:11])[C:2](=[O:1])[O:3][H:10])([H:12])[H:13])([H:14])[H:15])[H:17],12.0,9.0
15,0.04170000000000001,AM1BCC,AmberTools,,,H,,16,[H:16][C:7]1([C:6]([C:5]([C:4]([C:9]([C:8]1([H:18])[H:19])([H:20])[H:21])([H:11])[C:2](=[O:1])[O:3][H:10])([H:12])[H:13])([H:14])[H:15])[H:17],12.0,9.0
16,0.04170000000000001,AM1BCC,AmberTools,,,H,,17,[H:16][C:7]1([C:6]([C:5]([C:4]([C:9]([C:8]1([H:18])[H:19])([H:20])[H:21])([H:11])[C:2](=[O:1])[O:3][H:10])([H:12])[H:13])([H:14])[H:15])[H:17],12.0,9.0
17,0.04445000000000001,AM1BCC,AmberTools,,,H,,18,[H:16][C:7]1([C:6]([C:5]([C:4]([C:9]([C:8]1([H:18])[H:19])([H:20])[H:21])([H:11])[C:2](=[O:1])[O:3][H:10])([H:12])[H:13])([H:14])[H:15])[H:17],12.0,9.0
18,0.04445000000000001,AM1BCC,AmberTools,,,H,,19,[H:16][C:7]1([C:6]([C:5]([C:4]([C:9]([C:8]1([H:18])[H:19])([H:20])[H:21])([H:11])[C:2](=[O:1])[O:3][H:10])([H:12])[H:13])([H:14])[H:15])[H:17],12.0,9.0
19,0.055200000000000006,AM1BCC,AmberTools,,,H,,20,[H:16][C:7]1([C:6]([C:5]([C:4]([C:9]([C:8]1([H:18])[H:19])([H:20])[H:21])([H:11])[C:2](=[O:1])[O:3][H:10])([H:12])[H:13])([H:14])[H:15])[H:17],12.0,9.0
20,0.055200000000000006,AM1BCC,AmberTools,,,H,,21,[H:16][C:7]1([C:6]([C:5]([C:4]([C:9]([C:8]1([H:18])[H:19])([H:20])[H:21])([H:11])[C:2](=[O:1])[O:3][H:10])([H:12])[H:13])([H:14])[H:15])[H:17],12.0,9.0
0,-0.5516300190772329,AM1BCC,OpenEye,,,O,,1,[H:16][C:7]1([C:6]([C:5]([C:4]([C:9]([C:8]1([H:18])[H:19])([H:20])[H:21])([H:11])[C:2](=[O:1])[O:3][H:10])([H:12])[H:13])([H:14])[H:15])[H:17],12.0,10.0
1,0.6332100044403758,AM1BCC,OpenEye,,,C,,2,[H:16][C:7]1([C:6]([C:5]([C:4]([C:9]([C:8]1([H:18])[H:19])([H:20])[H:21])([H:11])[C:2](=[O:1])[O:3][H:10])([H:12])[H:13])([H:14])[H:15])[H:17],12.0,10.0
2,-0.6018599857177053,AM1BCC,OpenEye,,,O,,3,[H:16][C:7]1([C:6]([C:5]([C:4]([C:9]([C:8]1([H:18])[H:19])([H:20])[H:21])([H:11])[C:2](=[O:1])[O:3][H:10])([H:12])[H:13])([H:14])[H:15])[H:17],12.0,10.0
3,-0.10407999796526772,AM1BCC,OpenEye,,,C,,4,[H:16][C:7]1([C:6]([C:5]([C:4]([C:9]([C:8]1([H:18])[H:19])([H:20])[H:21])([H:11])[C:2](=[O:1])[O:3][H:10])([H:12])[H:13])([H:14])[H:15])[H:17],12.0,10.0
4,-0.0747499976839338,AM1BCC,OpenEye,,,C,,5,[H:16][C:7]1([C:6]([C:5]([C:4]([C:9]([C:8]1([H:18])[H:19])([H:20])[H:21])([H:11])[C:2](=[O:1])[O:3][H:10])([H:12])[H:13])([H:14])[H:15])[H:17],12.0,10.0
5,-0.07535999906914574,AM1BCC,OpenEye,,,C,,6,[H:16][C:7]1([C:6]([C:5]([C:4]([C:9]([C:8]1([H:18])[H:19])([H:20])[H:21])([H:11])[C:2](=[O:1])[O:3][H:10])([H:12])[H:13])([H:14])[H:15])[H:17],12.0,10.0
6,-0.07970999819891793,AM1BCC,OpenEye,,,C,,7,[H:16][C:7]1([C:6]([C:5]([C:4]([C:9]([C:8]1([H:18])[H:19])([H:20])[H:21])([H:11])[C:2](=[O:1])[O:3][H:10])([H:12])[H:13])([H:14])[H:15])[H:17],12.0,10.0
7,-0.07535999906914574,AM1BCC,OpenEye,,,C,,8,[H:16][C:7]1([C:6]([C:5]([C:4]([C:9]([C:8]1([H:18])[H:19])([H:20])[H:21])([H:11])[C:2](=[O:1])[O:3][H:10])([H:12])[H:13])([H:14])[H:15])[H:17],12.0,10.0
8,-0.0747499976839338,AM1BCC,OpenEye,,,C,,9,[H:16][C:7]1([C:6]([C:5]([C:4]([C:9]([C:8]1([H:18])[H:19])([H:20])[H:21])([H:11])[C:2](=[O:1])[O:3][H:10])([H:12])[H:13])([H:14])[H:15])[H:17],12.0,10.0
9,0.44198998915297644,AM1BCC,OpenEye,,,H,,10,[H:16][C:7]1([C:6]([C:5]([C:4]([C:9]([C:8]1([H:18])[H:19])([H:20])[H:21])([H:11])[C:2](=[O:1])[O:3][H:10])([H:12])[H:13])([H:14])[H:15])[H:17],12.0,10.0
10,0.08128000157220024,AM1BCC,OpenEye,,,H,,11,[H:16][C:7]1([C:6]([C:5]([C:4]([C:9]([C:8]1([H:18])[H:19])([H:20])[H:21])([H:11])[C:2](=[O:1])[O:3][H:10])([H:12])[H:13])([H:14])[H:15])[H:17],12.0,10.0
11,0.055349999240466526,AM1BCC,OpenEye,,,H,,12,[H:16][C:7]1([C:6]([C:5]([C:4]([C:9]([C:8]1([H:18])[H:19])([H:20])[H:21])([H:11])[C:2](=[O:1])[O:3][H:10])([H:12])[H:13])([H:14])[H:15])[H:17],12.0,10.0
12,0.055349999240466526,AM1BCC,OpenEye,,,H,,13,[H:16][C:7]1([C:6]([C:5]([C:4]([C:9]([C:8]1([H:18])[H:19])([H:20])[H:21])([H:11])[C:2](=[O:1])[O:3][H:10])([H:12])[H:13])([H:14])[H:15])[H:17],12.0,10.0
13,0.04403000058872359,AM1BCC,OpenEye,,,H,,14,[H:16][C:7]1([C:6]([C:5]([C:4]([C:9]([C:8]1([H:18])[H:19])([H:20])[H:21])([H:11])[C:2](=[O:1])[O:3][H:10])([H:12])[H:13])([H:14])[H:15])[H:17],12.0,10.0
14,0.04403000058872359,AM1BCC,OpenEye,,,H,,15,[H:16][C:7]1([C:6]([C:5]([C:4]([C:9]([C:8]1([H:18])[H:19])([H:20])[H:21])([H:11])[C:2](=[O:1])[O:3][H:10])([H:12])[H:13])([H:14])[H:15])[H:17],12.0,10.0
15,0.04174999999148505,AM1BCC,OpenEye,,,H,,16,[H:16][C:7]1([C:6]([C:5]([C:4]([C:9]([C:8]1([H:18])[H:19])([H:20])[H:21])([H:11])[C:2](=[O:1])[O:3][H:10])([H:12])[H:13])([H:14])[H:15])[H:17],12.0,10.0
16,0.04174999999148505,AM1BCC,OpenEye,,,H,,17,[H:16][C:7]1([C:6]([C:5]([C:4]([C:9]([C:8]1([H:18])[H:19])([H:20])[H:21])([H:11])[C:2](=[O:1])[O:3][H:10])([H:12])[H:13])([H:14])[H:15])[H:17],12.0,10.0
17,0.04403000058872359,AM1BCC,OpenEye,,,H,,18,[H:16][C:7]1([C:6]([C:5]([C:4]([C:9]([C:8]1([H:18])[H:19])([H:20])[H:21])([H:11])[C:2](=[O:1])[O:3][H:10])([H:12])[H:13])([H:14])[H:15])[H:17],12.0,10.0
18,0.04403000058872359,AM1BCC,OpenEye,,,H,,19,[H:16][C:7]1([C:6]([C:5]([C:4]([C:9]([C:8]1([H:18])[H:19])([H:20])[H:21])([H:11])[C:2](=[O:1])[O:3][H:10])([H:12])[H:13])([H:14])[H:15])[H:17],12.0,10.0
19,0.055349999240466526,AM1BCC,OpenEye,,,H,,20,[H:16][C:7]1([C:6]([C:5]([C:4]([C:9]([C:8]1([H:18])[H:19])([H:20])[H:21])([H:11])[C:2](=[O:1])[O:3][H:10])([H:12])[H:13])([H:14])[H:15])[H:17],12.0,10.0
20,0.055349999240466526,AM1BCC,OpenEye,,,H,,21,[H:16][C:7]1([C:6]([C:5]([C:4]([C:9]([C:8]1([H:18])[H:19])([H:20])[H:21])([H:11])[C:2](=[O:1])[O:3][H:10])([H:12])[H:13])([H:14])[H:15])[H:17],12.0,10.0
0,-0.551,AM1BCC,AmberTools,,,O,,1,[H:16][C:7]1([C:6]([C:5]([C:4]([C:9]([C:8]1([H:18])[H:19])([H:20])[H:21])([H:11])[C:2](=[O:1])[O:3][H:10])([H:12])[H:13])([H:14])[H:15])[H:17],12.0,10.0
1,0.6361,AM1BCC,AmberTools,,,C,,2,[H:16][C:7]1([C:6]([C:5]([C:4]([C:9]([C:8]1([H:18])[H:19])([H:20])[H:21])([H:11])[C:2](=[O:1])[O:3][H:10])([H:12])[H:13])([H:14])[H:15])[H:17],12.0,10.0
2,-0.6101,AM1BCC,AmberTools,,,O,,3,[H:16][C:7]1([C:6]([C:5]([C:4]([C:9]([C:8]1([H:18])[H:19])([H:20])[H:21])([H:11])[C:2](=[O:1])[O:3][H:10])([H:12])[H:13])([H:14])[H:15])[H:17],12.0,10.0
3,-0.10369999999999999,AM1BCC,AmberTools,,,C,,4,[H:16][C:7]1([C:6]([C:5]([C:4]([C:9]([C:8]1([H:18])[H:19])([H:20])[H:21])([H:11])[C:2](=[O:1])[O:3][H:10])([H:12])[H:13])([H:14])[H:15])[H:17],12.0,10.0
4,-0.07389999999999998,AM1BCC,AmberTools,,,C,,5,[H:16][C:7]1([C:6]([C:5]([C:4]([C:9]([C:8]1([H:18])[H:19])([H:20])[H:21])([H:11])[C:2](=[O:1])[O:3][H:10])([H:12])[H:13])([H:14])[H:15])[H:17],12.0,10.0
5,-0.07539999999999998,AM1BCC,AmberTools,,,C,,6,[H:16][C:7]1([C:6]([C:5]([C:4]([C:9]([C:8]1([H:18])[H:19])([H:20])[H:21])([H:11])[C:2](=[O:1])[O:3][H:10])([H:12])[H:13])([H:14])[H:15])[H:17],12.0,10.0
6,-0.07939999999999998,AM1BCC,AmberTools,,,C,,7,[H:16][C:7]1([C:6]([C:5]([C:4]([C:9]([C:8]1([H:18])[H:19])([H:20])[H:21])([H:11])[C:2](=[O:1])[O:3][H:10])([H:12])[H:13])([H:14])[H:15])[H:17],12.0,10.0
7,-0.07539999999999998,AM1BCC,AmberTools,,,C,,8,[H:16][C:7]1([C:6]([C:5]([C:4]([C:9]([C:8]1([H:18])[H:19])([H:20])[H:21])([H:11])[C:2](=[O:1])[O:3][H:10])([H:12])[H:13])([H:14])[H:15])[H:17],12.0,10.0
8,-0.07389999999999998,AM1BCC,AmberTools,,,C,,9,[H:16][C:7]1([C:6]([C:5]([C:4]([C:9]([C:8]1([H:18])[H:19])([H:20])[H:21])([H:11])[C:2](=[O:1])[O:3][H:10])([H:12])[H:13])([H:14])[H:15])[H:17],12.0,10.0
9,0.442,AM1BCC,AmberTools,,,H,,10,[H:16][C:7]1([C:6]([C:5]([C:4]([C:9]([C:8]1([H:18])[H:19])([H:20])[H:21])([H:11])[C:2](=[O:1])[O:3][H:10])([H:12])[H:13])([H:14])[H:15])[H:17],12.0,10.0
10,0.08270000000000001,AM1BCC,AmberTools,,,H,,11,[H:16][C:7]1([C:6]([C:5]([C:4]([C:9]([C:8]1([H:18])[H:19])([H:20])[H:21])([H:11])[C:2](=[O:1])[O:3][H:10])([H:12])[H:13])([H:14])[H:15])[H:17],12.0,10.0
11,0.054950000000000006,AM1BCC,AmberTools,,,H,,12,[H:16][C:7]1([C:6]([C:5]([C:4]([C:9]([C:8]1([H:18])[H:19])([H:20])[H:21])([H:11])[C:2](=[O:1])[O:3][H:10])([H:12])[H:13])([H:14])[H:15])[H:17],12.0,10.0
12,0.054950000000000006,AM1BCC,AmberTools,,,H,,13,[H:16][C:7]1([C:6]([C:5]([C:4]([C:9]([C:8]1([H:18])[H:19])([H:20])[H:21])([H:11])[C:2](=[O:1])[O:3][H:10])([H:12])[H:13])([H:14])[H:15])[H:17],12.0,10.0
13,0.04445000000000001,AM1BCC,AmberTools,,,H,,14,[H:16][C:7]1([C:6]([C:5]([C:4]([C:9]([C:8]1([H:18])[H:19])([H:20])[H:21])([H:11])[C:2](=[O:1])[O:3][H:10])([H:12])[H:13])([H:14])[H:15])[H:17],12.0,10.0
14,0.04445000000000001,AM1BCC,AmberTools,,,H,,15,[H:16][C:7]1([C:6]([C:5]([C:4]([C:9]([C:8]1([H:18])[H:19])([H:20])[H:21])([H:11])[C:2](=[O:1])[O:3][H:10])([H:12])[H:13])([H:14])[H:15])[H:17],12.0,10.0
15,0.04220000000000001,AM1BCC,AmberTools,,,H,,16,[H:16][C:7]1([C:6]([C:5]([C:4]([C:9]([C:8]1([H:18])[H:19])([H:20])[H:21])([H:11])[C:2](=[O:1])[O:3][H:10])([H:12])[H:13])([H:14])[H:15])[H:17],12.0,10.0
16,0.04220000000000001,AM1BCC,AmberTools,,,H,,17,[H:16][C:7]1([C:6]([C:5]([C:4]([C:9]([C:8]1([H:18])[H:19])([H:20])[H:21])([H:11])[C:2](=[O:1])[O:3][H:10])([H:12])[H:13])([H:14])[H:15])[H:17],12.0,10.0
17,0.04445000000000001,AM1BCC,AmberTools,,,H,,18,[H:16][C:7]1([C:6]([C:5]([C:4]([C:9]([C:8]1([H:18])[H:19])([H:20])[H:21])([H:11])[C:2](=[O:1])[O:3][H:10])([H:12])[H:13])([H:14])[H:15])[H:17],12.0,10.0
18,0.04445000000000001,AM1BCC,AmberTools,,,H,,19,[H:16][C:7]1([C:6]([C:5]([C:4]([C:9]([C:8]1([H:18])[H:19])([H:20])[H:21])([H:11])[C:2](=[O:1])[O:3][H:10])([H:12])[H:13])([H:14])[H:15])[H:17],12.0,10.0
19,0.054950000000000006,AM1BCC,AmberTools,,,H,,20,[H:16][C:7]1([C:6]([C:5]([C:4]([C:9]([C:8]1([H:18])[H:19])([H:20])[H:21])([H:11])[C:2](=[O:1])[O:3][H:10])([H:12])[H:13])([H:14])[H:15])[H:17],12.0,10.0
20,0.054950000000000006,AM1BCC,AmberTools,,,H,,21,[H:16][C:7]1([C:6]([C:5]([C:4]([C:9]([C:8]1([H:18])[H:19])([H:20])[H:21])([H:11])[C:2](=[O:1])[O:3][H:10])([H:12])[H:13])([H:14])[H:15])[H:17],12.0,10.0
0,-0.5516300190772329,AM1BCC,OpenEye,,,O,,1,[H:16][C:7]1([C:6]([C:5]([C:4]([C:9]([C:8]1([H:18])[H:19])([H:20])[H:21])([H:11])[C:2](=[O:1])[O:3][H:10])([H:12])[H:13])([H:14])[H:15])[H:17],12.0,11.0
1,0.6332100044403758,AM1BCC,OpenEye,,,C,,2,[H:16][C:7]1([C:6]([C:5]([C:4]([C:9]([C:8]1([H:18])[H:19])([H:20])[H:21])([H:11])[C:2](=[O:1])[O:3][H:10])([H:12])[H:13])([H:14])[H:15])[H:17],12.0,11.0
2,-0.6018599857177053,AM1BCC,OpenEye,,,O,,3,[H:16][C:7]1([C:6]([C:5]([C:4]([C:9]([C:8]1([H:18])[H:19])([H:20])[H:21])([H:11])[C:2](=[O:1])[O:3][H:10])([H:12])[H:13])([H:14])[H:15])[H:17],12.0,11.0
3,-0.10407999796526772,AM1BCC,OpenEye,,,C,,4,[H:16][C:7]1([C:6]([C:5]([C:4]([C:9]([C:8]1([H:18])[H:19])([H:20])[H:21])([H:11])[C:2](=[O:1])[O:3][H:10])([H:12])[H:13])([H:14])[H:15])[H:17],12.0,11.0
4,-0.0747499976839338,AM1BCC,OpenEye,,,C,,5,[H:16][C:7]1([C:6]([C:5]([C:4]([C:9]([C:8]1([H:18])[H:19])([H:20])[H:21])([H:11])[C:2](=[O:1])[O:3][H:10])([H:12])[H:13])([H:14])[H:15])[H:17],12.0,11.0
5,-0.07535999906914574,AM1BCC,OpenEye,,,C,,6,[H:16][C:7]1([C:6]([C:5]([C:4]([C:9]([C:8]1([H:18])[H:19])([H:20])[H:21])([H:11])[C:2](=[O:1])[O:3][H:10])([H:12])[H:13])([H:14])[H:15])[H:17],12.0,11.0
6,-0.07970999819891793,AM1BCC,OpenEye,,,C,,7,[H:16][C:7]1([C:6]([C:5]([C:4]([C:9]([C:8]1([H:18])[H:19])([H:20])[H:21])([H:11])[C:2](=[O:1])[O:3][H:10])([H:12])[H:13])([H:14])[H:15])[H:17],12.0,11.0
7,-0.07535999906914574,AM1BCC,OpenEye,,,C,,8,[H:16][C:7]1([C:6]([C:5]([C:4]([C:9]([C:8]1([H:18])[H:19])([H:20])[H:21])([H:11])[C:2](=[O:1])[O:3][H:10])([H:12])[H:13])([H:14])[H:15])[H:17],12.0,11.0
8,-0.0747499976839338,AM1BCC,OpenEye,,,C,,9,[H:16][C:7]1([C:6]([C:5]([C:4]([C:9]([C:8]1([H:18])[H:19])([H:20])[H:21])([H:11])[C:2](=[O:1])[O:3][H:10])([H:12])[H:13])([H:14])[H:15])[H:17],12.0,11.0
9,0.44198998915297644,AM1BCC,OpenEye,,,H,,10,[H:16][C:7]1([C:6]([C:5]([C:4]([C:9]([C:8]1([H:18])[H:19])([H:20])[H:21])([H:11])[C:2](=[O:1])[O:3][H:10])([H:12])[H:13])([H:14])[H:15])[H:17],12.0,11.0
10,0.08128000157220024,AM1BCC,OpenEye,,,H,,11,[H:16][C:7]1([C:6]([C:5]([C:4]([C:9]([C:8]1([H:18])[H:19])([H:20])[H:21])([H:11])[C:2](=[O:1])[O:3][H:10])([H:12])[H:13])([H:14])[H:15])[H:17],12.0,11.0
11,0.055349999240466526,AM1BCC,OpenEye,,,H,,12,[H:16][C:7]1([C:6]([C:5]([C:4]([C:9]([C:8]1([H:18])[H:19])([H:20])[H:21])([H:11])[C:2](=[O:1])[O:3][H:10])([H:12])[H:13])([H:14])[H:15])[H:17],12.0,11.0
12,0.055349999240466526,AM1BCC,OpenEye,,,H,,13,[H:16][C:7]1([C:6]([C:5]([C:4]([C:9]([C:8]1([H:18])[H:19])([H:20])[H:21])([H:11])[C:2](=[O:1])[O:3][H:10])([H:12])[H:13])([H:14])[H:15])[H:17],12.0,11.0
13,0.04403000058872359,AM1BCC,OpenEye,,,H,,14,[H:16][C:7]1([C:6]([C:5]([C:4]([C:9]([C:8]1([H:18])[H:19])([H:20])[H:21])([H:11])[C:2](=[O:1])[O:3][H:10])([H:12])[H:13])([H:14])[H:15])[H:17],12.0,11.0
14,0.04403000058872359,AM1BCC,OpenEye,,,H,,15,[H:16][C:7]1([C:6]([C:5]([C:4]([C:9]([C:8]1([H:18])[H:19])([H:20])[H:21])([H:11])[C:2](=[O:1])[O:3][H:10])([H:12])[H:13])([H:14])[H:15])[H:17],12.0,11.0
15,0.04174999999148505,AM1BCC,OpenEye,,,H,,16,[H:16][C:7]1([C:6]([C:5]([C:4]([C:9]([C:8]1([H:18])[H:19])([H:20])[H:21])([H:11])[C:2](=[O:1])[O:3][H:10])([H:12])[H:13])([H:14])[H:15])[H:17],12.0,11.0
16,0.04174999999148505,AM1BCC,OpenEye,,,H,,17,[H:16][C:7]1([C:6]([C:5]([C:4]([C:9]([C:8]1([H:18])[H:19])([H:20])[H:21])([H:11])[C:2](=[O:1])[O:3][H:10])([H:12])[H:13])([H:14])[H:15])[H:17],12.0,11.0
17,0.04403000058872359,AM1BCC,OpenEye,,,H,,18,[H:16][C:7]1([C:6]([C:5]([C:4]([C:9]([C:8]1([H:18])[H:19])([H:20])[H:21])([H:11])[C:2](=[O:1])[O:3][H:10])([H:12])[H:13])([H:14])[H:15])[H:17],12.0,11.0
18,0.04403000058872359,AM1BCC,OpenEye,,,H,,19,[H:16][C:7]1([C:6]([C:5]([C:4]([C:9]([C:8]1([H:18])[H:19])([H:20])[H:21])([H:11])[C:2](=[O:1])[O:3][H:10])([H:12])[H:13])([H:14])[H:15])[H:17],12.0,11.0
19,0.055349999240466526,AM1BCC,OpenEye,,,H,,20,[H:16][C:7]1([C:6]([C:5]([C:4]([C:9]([C:8]1([H:18])[H:19])([H:20])[H:21])([H:11])[C:2](=[O:1])[O:3][H:10])([H:12])[H:13])([H:14])[H:15])[H:17],12.0,11.0
20,0.055349999240466526,AM1BCC,OpenEye,,,H,,21,[H:16][C:7]1([C:6]([C:5]([C:4]([C:9]([C:8]1([H:18])[H:19])([H:20])[H:21])([H:11])[C:2](=[O:1])[O:3][H:10])([H:12])[H:13])([H:14])[H:15])[H:17],12.0,11.0
0,-0.5510476190476191,AM1BCC,AmberTools,,,O,,1,[H:16][C:7]1([C:6]([C:5]([C:4]([C:9]([C:8]1([H:18])[H:19])([H:20])[H:21])([H:11])[C:2](=[O:1])[O:3][H:10])([H:12])[H:13])([H:14])[H:15])[H:17],12.0,11.0
1,0.6360523809523809,AM1BCC,AmberTools,,,C,,2,[H:16][C:7]1([C:6]([C:5]([C:4]([C:9]([C:8]1([H:18])[H:19])([H:20])[H:21])([H:11])[C:2](=[O:1])[O:3][H:10])([H:12])[H:13])([H:14])[H:15])[H:17],12.0,11.0
2,-0.610147619047619,AM1BCC,AmberTools,,,O,,3,[H:16][C:7]1([C:6]([C:5]([C:4]([C:9]([C:8]1([H:18])[H:19])([H:20])[H:21])([H:11])[C:2](=[O:1])[O:3][H:10])([H:12])[H:13])([H:14])[H:15])[H:17],12.0,11.0
3,-0.10374761904761905,AM1BCC,AmberTools,,,C,,4,[H:16][C:7]1([C:6]([C:5]([C:4]([C:9]([C:8]1([H:18])[H:19])([H:20])[H:21])([H:11])[C:2](=[O:1])[O:3][H:10])([H:12])[H:13])([H:14])[H:15])[H:17],12.0,11.0
4,-0.07394761904761904,AM1BCC,AmberTools,,,C,,5,[H:16][C:7]1([C:6]([C:5]([C:4]([C:9]([C:8]1([H:18])[H:19])([H:20])[H:21])([H:11])[C:2](=[O:1])[O:3][H:10])([H:12])[H:13])([H:14])[H:15])[H:17],12.0,11.0
5,-0.07544761904761904,AM1BCC,AmberTools,,,C,,6,[H:16][C:7]1([C:6]([C:5]([C:4]([C:9]([C:8]1([H:18])[H:19])([H:20])[H:21])([H:11])[C:2](=[O:1])[O:3][H:10])([H:12])[H:13])([H:14])[H:15])[H:17],12.0,11.0
6,-0.07944761904761904,AM1BCC,AmberTools,,,C,,7,[H:16][C:7]1([C:6]([C:5]([C:4]([C:9]([C:8]1([H:18])[H:19])([H:20])[H:21])([H:11])[C:2](=[O:1])[O:3][H:10])([H:12])[H:13])([H:14])[H:15])[H:17],12.0,11.0
7,-0.07544761904761904,AM1BCC,AmberTools,,,C,,8,[H:16][C:7]1([C:6]([C:5]([C:4]([C:9]([C:8]1([H:18])[H:19])([H:20])[H:21])([H:11])[C:2](=[O:1])[O:3][H:10])([H:12])[H:13])([H:14])[H:15])[H:17],12.0,11.0
8,-0.07394761904761904,AM1BCC,AmberTools,,,C,,9,[H:16][C:7]1([C:6]([C:5]([C:4]([C:9]([C:8]1([H:18])[H:19])([H:20])[H:21])([H:11])[C:2](=[O:1])[O:3][H:10])([H:12])[H:13])([H:14])[H:15])[H:17],12.0,11.0
9,0.441952380952381,AM1BCC,AmberTools,,,H,,10,[H:16][C:7]1([C:6]([C:5]([C:4]([C:9]([C:8]1([H:18])[H:19])([H:20])[H:21])([H:11])[C:2](=[O:1])[O:3][H:10])([H:12])[H:13])([H:14])[H:15])[H:17],12.0,11.0
10,0.08265238095238095,AM1BCC,AmberTools,,,H,,11,[H:16][C:7]1([C:6]([C:5]([C:4]([C:9]([C:8]1([H:18])[H:19])([H:20])[H:21])([H:11])[C:2](=[O:1])[O:3][H:10])([H:12])[H:13])([H:14])[H:15])[H:17],12.0,11.0
11,0.05515238095238096,AM1BCC,AmberTools,,,H,,12,[H:16][C:7]1([C:6]([C:5]([C:4]([C:9]([C:8]1([H:18])[H:19])([H:20])[H:21])([H:11])[C:2](=[O:1])[O:3][H:10])([H:12])[H:13])([H:14])[H:15])[H:17],12.0,11.0
12,0.05515238095238096,AM1BCC,AmberTools,,,H,,13,[H:16][C:7]1([C:6]([C:5]([C:4]([C:9]([C:8]1([H:18])[H:19])([H:20])[H:21])([H:11])[C:2](=[O:1])[O:3][H:10])([H:12])[H:13])([H:14])[H:15])[H:17],12.0,11.0
13,0.044402380952380964,AM1BCC,AmberTools,,,H,,14,[H:16][C:7]1([C:6]([C:5]([C:4]([C:9]([C:8]1([H:18])[H:19])([H:20])[H:21])([H:11])[C:2](=[O:1])[O:3][H:10])([H:12])[H:13])([H:14])[H:15])[H:17],12.0,11.0
14,0.044402380952380964,AM1BCC,AmberTools,,,H,,15,[H:16][C:7]1([C:6]([C:5]([C:4]([C:9]([C:8]1([H:18])[H:19])([H:20])[H:21])([H:11])[C:2](=[O:1])[O:3][H:10])([H:12])[H:13])([H:14])[H:15])[H:17],12.0,11.0
15,0.04215238095238096,AM1BCC,AmberTools,,,H,,16,[H:16][C:7]1([C:6]([C:5]([C:4]([C:9]([C:8]1([H:18])[H:19])([H:20])[H:21])([H:11])[C:2](=[O:1])[O:3][H:10])([H:12])[H:13])([H:14])[H:15])[H:17],12.0,11.0
16,0.04215238095238096,AM1BCC,AmberTools,,,H,,17,[H:16][C:7]1([C:6]([C:5]([C:4]([C:9]([C:8]1([H:18])[H:19])([H:20])[H:21])([H:11])[C:2](=[O:1])[O:3][H:10])([H:12])[H:13])([H:14])[H:15])[H:17],12.0,11.0
17,0.044402380952380964,AM1BCC,AmberTools,,,H,,18,[H:16][C:7]1([C:6]([C:5]([C:4]([C:9]([C:8]1([H:18])[H:19])([H:20])[H:21])([H:11])[C:2](=[O:1])[O:3][H:10])([H:12])[H:13])([H:14])[H:15])[H:17],12.0,11.0
18,0.044402380952380964,AM1BCC,AmberTools,,,H,,19,[H:16][C:7]1([C:6]([C:5]([C:4]([C:9]([C:8]1([H:18])[H:19])([H:20])[H:21])([H:11])[C:2](=[O:1])[O:3][H:10])([H:12])[H:13])([H:14])[H:15])[H:17],12.0,11.0
19,0.05515238095238096,AM1BCC,AmberTools,,,H,,20,[H:16][C:7]1([C:6]([C:5]([C:4]([C:9]([C:8]1([H:18])[H:19])([H:20])[H:21])([H:11])[C:2](=[O:1])[O:3][H:10])([H:12])[H:13])([H:14])[H:15])[H:17],12.0,11.0
20,0.05515238095238096,AM1BCC,AmberTools,,,H,,21,[H:16][C:7]1([C:6]([C:5]([C:4]([C:9]([C:8]1([H:18])[H:19])([H:20])[H:21])([H:11])[C:2](=[O:1])[O:3][H:10])([H:12])[H:13])([H:14])[H:15])[H:17],12.0,11.0
0,-0.5516300190772329,AM1BCC,OpenEye,,,O,,1,[H:16][C:7]1([C:6]([C:5]([C:4]([C:9]([C:8]1([H:18])[H:19])([H:20])[H:21])([H:11])[C:2](=[O:1])[O:3][H:10])([H:12])[H:13])([H:14])[H:15])[H:17],12.0,12.0
1,0.6332100044403758,AM1BCC,OpenEye,,,C,,2,[H:16][C:7]1([C:6]([C:5]([C:4]([C:9]([C:8]1([H:18])[H:19])([H:20])[H:21])([H:11])[C:2](=[O:1])[O:3][H:10])([H:12])[H:13])([H:14])[H:15])[H:17],12.0,12.0
2,-0.6018599857177053,AM1BCC,OpenEye,,,O,,3,[H:16][C:7]1([C:6]([C:5]([C:4]([C:9]([C:8]1([H:18])[H:19])([H:20])[H:21])([H:11])[C:2](=[O:1])[O:3][H:10])([H:12])[H:13])([H:14])[H:15])[H:17],12.0,12.0
3,-0.10407999796526772,AM1BCC,OpenEye,,,C,,4,[H:16][C:7]1([C:6]([C:5]([C:4]([C:9]([C:8]1([H:18])[H:19])([H:20])[H:21])([H:11])[C:2](=[O:1])[O:3][H:10])([H:12])[H:13])([H:14])[H:15])[H:17],12.0,12.0
4,-0.0747499976839338,AM1BCC,OpenEye,,,C,,5,[H:16][C:7]1([C:6]([C:5]([C:4]([C:9]([C:8]1([H:18])[H:19])([H:20])[H:21])([H:11])[C:2](=[O:1])[O:3][H:10])([H:12])[H:13])([H:14])[H:15])[H:17],12.0,12.0
5,-0.07535999906914574,AM1BCC,OpenEye,,,C,,6,[H:16][C:7]1([C:6]([C:5]([C:4]([C:9]([C:8]1([H:18])[H:19])([H:20])[H:21])([H:11])[C:2](=[O:1])[O:3][H:10])([H:12])[H:13])([H:14])[H:15])[H:17],12.0,12.0
6,-0.07970999819891793,AM1BCC,OpenEye,,,C,,7,[H:16][C:7]1([C:6]([C:5]([C:4]([C:9]([C:8]1([H:18])[H:19])([H:20])[H:21])([H:11])[C:2](=[O:1])[O:3][H:10])([H:12])[H:13])([H:14])[H:15])[H:17],12.0,12.0
7,-0.07535999906914574,AM1BCC,OpenEye,,,C,,8,[H:16][C:7]1([C:6]([C:5]([C:4]([C:9]([C:8]1([H:18])[H:19])([H:20])[H:21])([H:11])[C:2](=[O:1])[O:3][H:10])([H:12])[H:13])([H:14])[H:15])[H:17],12.0,12.0
8,-0.0747499976839338,AM1BCC,OpenEye,,,C,,9,[H:16][C:7]1([C:6]([C:5]([C:4]([C:9]([C:8]1([H:18])[H:19])([H:20])[H:21])([H:11])[C:2](=[O:1])[O:3][H:10])([H:12])[H:13])([H:14])[H:15])[H:17],12.0,12.0
9,0.44198998915297644,AM1BCC,OpenEye,,,H,,10,[H:16][C:7]1([C:6]([C:5]([C:4]([C:9]([C:8]1([H:18])[H:19])([H:20])[H:21])([H:11])[C:2](=[O:1])[O:3][H:10])([H:12])[H:13])([H:14])[H:15])[H:17],12.0,12.0
10,0.08128000157220024,AM1BCC,OpenEye,,,H,,11,[H:16][C:7]1([C:6]([C:5]([C:4]([C:9]([C:8]1([H:18])[H:19])([H:20])[H:21])([H:11])[C:2](=[O:1])[O:3][H:10])([H:12])[H:13])([H:14])[H:15])[H:17],12.0,12.0
11,0.055349999240466526,AM1BCC,OpenEye,,,H,,12,[H:16][C:7]1([C:6]([C:5]([C:4]([C:9]([C:8]1([H:18])[H:19])([H:20])[H:21])([H:11])[C:2](=[O:1])[O:3][H:10])([H:12])[H:13])([H:14])[H:15])[H:17],12.0,12.0
12,0.055349999240466526,AM1BCC,OpenEye,,,H,,13,[H:16][C:7]1([C:6]([C:5]([C:4]([C:9]([C:8]1([H:18])[H:19])([H:20])[H:21])([H:11])[C:2](=[O:1])[O:3][H:10])([H:12])[H:13])([H:14])[H:15])[H:17],12.0,12.0
13,0.04403000058872359,AM1BCC,OpenEye,,,H,,14,[H:16][C:7]1([C:6]([C:5]([C:4]([C:9]([C:8]1([H:18])[H:19])([H:20])[H:21])([H:11])[C:2](=[O:1])[O:3][H:10])([H:12])[H:13])([H:14])[H:15])[H:17],12.0,12.0
14,0.04403000058872359,AM1BCC,OpenEye,,,H,,15,[H:16][C:7]1([C:6]([C:5]([C:4]([C:9]([C:8]1([H:18])[H:19])([H:20])[H:21])([H:11])[C:2](=[O:1])[O:3][H:10])([H:12])[H:13])([H:14])[H:15])[H:17],12.0,12.0
15,0.04174999999148505,AM1BCC,OpenEye,,,H,,16,[H:16][C:7]1([C:6]([C:5]([C:4]([C:9]([C:8]1([H:18])[H:19])([H:20])[H:21])([H:11])[C:2](=[O:1])[O:3][H:10])([H:12])[H:13])([H:14])[H:15])[H:17],12.0,12.0
16,0.04174999999148505,AM1BCC,OpenEye,,,H,,17,[H:16][C:7]1([C:6]([C:5]([C:4]([C:9]([C:8]1([H:18])[H:19])([H:20])[H:21])([H:11])[C:2](=[O:1])[O:3][H:10])([H:12])[H:13])([H:14])[H:15])[H:17],12.0,12.0
17,0.04403000058872359,AM1BCC,OpenEye,,,H,,18,[H:16][C:7]1([C:6]([C:5]([C:4]([C:9]([C:8]1([H:18])[H:19])([H:20])[H:21])([H:11])[C:2](=[O:1])[O:3][H:10])([H:12])[H:13])([H:14])[H:15])[H:17],12.0,12.0
18,0.04403000058872359,AM1BCC,OpenEye,,,H,,19,[H:16][C:7]1([C:6]([C:5]([C:4]([C:9]([C:8]1([H:18])[H:19])([H:20])[H:21])([H:11])[C:2](=[O:1])[O:3][H:10])([H:12])[H:13])([H:14])[H:15])[H:17],12.0,12.0
19,0.055349999240466526,AM1BCC,OpenEye,,,H,,20,[H:16][C:7]1([C:6]([C:5]([C:4]([C:9]([C:8]1([H:18])[H:19])([H:20])[H:21])([H:11])[C:2](=[O:1])[O:3][H:10])([H:12])[H:13])([H:14])[H:15])[H:17],12.0,12.0
20,0.055349999240466526,AM1BCC,OpenEye,,,H,,21,[H:16][C:7]1([C:6]([C:5]([C:4]([C:9]([C:8]1([H:18])[H:19])([H:20])[H:21])([H:11])[C:2](=[O:1])[O:3][H:10])([H:12])[H:13])([H:14])[H:15])[H:17],12.0,12.0
0,-0.550952380952381,AM1BCC,AmberTools,,,O,,1,[H:16][C:7]1([C:6]([C:5]([C:4]([C:9]([C:8]1([H:18])[H:19])([H:20])[H:21])([H:11])[C:2](=[O:1])[O:3][H:10])([H:12])[H:13])([H:14])[H:15])[H:17],12.0,12.0
1,0.6361476190476191,AM1BCC,AmberTools,,,C,,2,[H:16][C:7]1([C:6]([C:5]([C:4]([C:9]([C:8]1([H:18])[H:19])([H:20])[H:21])([H:11])[C:2](=[O:1])[O:3][H:10])([H:12])[H:13])([H:14])[H:15])[H:17],12.0,12.0
2,-0.6100523809523809,AM1BCC,AmberTools,,,O,,3,[H:16][C:7]1([C:6]([C:5]([C:4]([C:9]([C:8]1([H:18])[H:19])([H:20])[H:21])([H:11])[C:2](=[O:1])[O:3][H:10])([H:12])[H:13])([H:14])[H:15])[H:17],12.0,12.0
3,-0.10365238095238094,AM1BCC,AmberTools,,,C,,4,[H:16][C:7]1([C:6]([C:5]([C:4]([C:9]([C:8]1([H:18])[H:19])([H:20])[H:21])([H:11])[C:2](=[O:1])[O:3][H:10])([H:12])[H:13])([H:14])[H:15])[H:17],12.0,12.0
4,-0.07385238095238093,AM1BCC,AmberTools,,,C,,5,[H:16][C:7]1([C:6]([C:5]([C:4]([C:9]([C:8]1([H:18])[H:19])([H:20])[H:21])([H:11])[C:2](=[O:1])[O:3][H:10])([H:12])[H:13])([H:14])[H:15])[H:17],12.0,12.0
5,-0.07535238095238093,AM1BCC,AmberTools,,,C,,6,[H:16][C:7]1([C:6]([C:5]([C:4]([C:9]([C:8]1([H:18])[H:19])([H:20])[H:21])([H:11])[C:2](=[O:1])[O:3][H:10])([H:12])[H:13])([H:14])[H:15])[H:17],12.0,12.0
6,-0.07935238095238094,AM1BCC,AmberTools,,,C,,7,[H:16][C:7]1([C:6]([C:5]([C:4]([C:9]([C:8]1([H:18])[H:19])([H:20])[H:21])([H:11])[C:2](=[O:1])[O:3][H:10])([H:12])[H:13])([H:14])[H:15])[H:17],12.0,12.0
7,-0.07535238095238093,AM1BCC,AmberTools,,,C,,8,[H:16][C:7]1([C:6]([C:5]([C:4]([C:9]([C:8]1([H:18])[H:19])([H:20])[H:21])([H:11])[C:2](=[O:1])[O:3][H:10])([H:12])[H:13])([H:14])[H:15])[H:17],12.0,12.0
8,-0.07385238095238093,AM1BCC,AmberTools,,,C,,9,[H:16][C:7]1([C:6]([C:5]([C:4]([C:9]([C:8]1([H:18])[H:19])([H:20])[H:21])([H:11])[C:2](=[O:1])[O:3][H:10])([H:12])[H:13])([H:14])[H:15])[H:17],12.0,12.0
9,0.4420476190476191,AM1BCC,AmberTools,,,H,,10,[H:16][C:7]1([C:6]([C:5]([C:4]([C:9]([C:8]1([H:18])[H:19])([H:20])[H:21])([H:11])[C:2](=[O:1])[O:3][H:10])([H:12])[H:13])([H:14])[H:15])[H:17],12.0,12.0
10,0.08274761904761906,AM1BCC,AmberTools,,,H,,11,[H:16][C:7]1([C:6]([C:5]([C:4]([C:9]([C:8]1([H:18])[H:19])([H:20])[H:21])([H:11])[C:2](=[O:1])[O:3][H:10])([H:12])[H:13])([H:14])[H:15])[H:17],12.0,12.0
11,0.05499761904761906,AM1BCC,AmberTools,,,H,,12,[H:16][C:7]1([C:6]([C:5]([C:4]([C:9]([C:8]1([H:18])[H:19])([H:20])[H:21])([H:11])[C:2](=[O:1])[O:3][H:10])([H:12])[H:13])([H:14])[H:15])[H:17],12.0,12.0
12,0.05499761904761906,AM1BCC,AmberTools,,,H,,13,[H:16][C:7]1([C:6]([C:5]([C:4]([C:9]([C:8]1([H:18])[H:19])([H:20])[H:21])([H:11])[C:2](=[O:1])[O:3][H:10])([H:12])[H:13])([H:14])[H:15])[H:17],12.0,12.0
13,0.044497619047619064,AM1BCC,AmberTools,,,H,,14,[H:16][C:7]1([C:6]([C:5]([C:4]([C:9]([C:8]1([H:18])[H:19])([H:20])[H:21])([H:11])[C:2](=[O:1])[O:3][H:10])([H:12])[H:13])([H:14])[H:15])[H:17],12.0,12.0
14,0.044497619047619064,AM1BCC,AmberTools,,,H,,15,[H:16][C:7]1([C:6]([C:5]([C:4]([C:9]([C:8]1([H:18])[H:19])([H:20])[H:21])([H:11])[C:2](=[O:1])[O:3][H:10])([H:12])[H:13])([H:14])[H:15])[H:17],12.0,12.0
15,0.04174761904761906,AM1BCC,AmberTools,,,H,,16,[H:16][C:7]1([C:6]([C:5]([C:4]([C:9]([C:8]1([H:18])[H:19])([H:20])[H:21])([H:11])[C:2](=[O:1])[O:3][H:10])([H:12])[H:13])([H:14])[H:15])[H:17],12.0,12.0
16,0.04174761904761906,AM1BCC,AmberTools,,,H,,17,[H:16][C:7]1([C:6]([C:5]([C:4]([C:9]([C:8]1([H:18])[H:19])([H:20])[H:21])([H:11])[C:2](=[O:1])[O:3][H:10])([H:12])[H:13])([H:14])[H:15])[H:17],12.0,12.0
17,0.044497619047619064,AM1BCC,AmberTools,,,H,,18,[H:16][C:7]1([C:6]([C:5]([C:4]([C:9]([C:8]1([H:18])[H:19])([H:20])[H:21])([H:11])[C:2](=[O:1])[O:3][H:10])([H:12])[H:13])([H:14])[H:15])[H:17],12.0,12.0
18,0.044497619047619064,AM1BCC,AmberTools,,,H,,19,[H:16][C:7]1([C:6]([C:5]([C:4]([C:9]([C:8]1([H:18])[H:19])([H:20])[H:21])([H:11])[C:2](=[O:1])[O:3][H:10])([H:12])[H:13])([H:14])[H:15])[H:17],12.0,12.0
19,0.05499761904761906,AM1BCC,AmberTools,,,H,,20,[H:16][C:7]1([C:6]([C:5]([C:4]([C:9]([C:8]1([H:18])[H:19])([H:20])[H:21])([H:11])[C:2](=[O:1])[O:3][H:10])([H:12])[H:13])([H:14])[H:15])[H:17],12.0,12.0
20,0.05499761904761906,AM1BCC,AmberTools,,,H,,21,[H:16][C:7]1([C:6]([C:5]([C:4]([C:9]([C:8]1([H:18])[H:19])([H:20])[H:21])([H:11])[C:2](=[O:1])[O:3][H:10])([H:12])[H:13])([H:14])[H:15])[H:17],12.0,12.0
0,-0.5524799834404673,AM1BCC,OpenEye,,,O,,1,[H:16][C:7]1([C:6]([C:5]([C:4]([C:9]([C:8]1([H:18])[H:19])([H:20])[H:21])([H:11])[C:2](=[O:1])[O:3][H:10])([H:12])[H:13])([H:14])[H:15])[H:17],13.0,1.0
1,0.6331300128783498,AM1BCC,OpenEye,,,C,,2,[H:16][C:7]1([C:6]([C:5]([C:4]([C:9]([C:8]1([H:18])[H:19])([H:20])[H:21])([H:11])[C:2](=[O:1])[O:3][H:10])([H:12])[H:13])([H:14])[H:15])[H:17],13.0,1.0
2,-0.6041100035820689,AM1BCC,OpenEye,,,O,,3,[H:16][C:7]1([C:6]([C:5]([C:4]([C:9]([C:8]1([H:18])[H:19])([H:20])[H:21])([H:11])[C:2](=[O:1])[O:3][H:10])([H:12])[H:13])([H:14])[H:15])[H:17],13.0,1.0
3,-0.10592000292880195,AM1BCC,OpenEye,,,C,,4,[H:16][C:7]1([C:6]([C:5]([C:4]([C:9]([C:8]1([H:18])[H:19])([H:20])[H:21])([H:11])[C:2](=[O:1])[O:3][H:10])([H:12])[H:13])([H:14])[H:15])[H:17],13.0,1.0
4,-0.07316999988896507,AM1BCC,OpenEye,,,C,,5,[H:16][C:7]1([C:6]([C:5]([C:4]([C:9]([C:8]1([H:18])[H:19])([H:20])[H:21])([H:11])[C:2](=[O:1])[O:3][H:10])([H:12])[H:13])([H:14])[H:15])[H:17],13.0,1.0
5,-0.07631000237805503,AM1BCC,OpenEye,,,C,,6,[H:16][C:7]1([C:6]([C:5]([C:4]([C:9]([C:8]1([H:18])[H:19])([H:20])[H:21])([H:11])[C:2](=[O:1])[O:3][H:10])([H:12])[H:13])([H:14])[H:15])[H:17],13.0,1.0
6,-0.08016000049454826,AM1BCC,OpenEye,,,C,,7,[H:16][C:7]1([C:6]([C:5]([C:4]([C:9]([C:8]1([H:18])[H:19])([H:20])[H:21])([H:11])[C:2](=[O:1])[O:3][H:10])([H:12])[H:13])([H:14])[H:15])[H:17],13.0,1.0
7,-0.07631000237805503,AM1BCC,OpenEye,,,C,,8,[H:16][C:7]1([C:6]([C:5]([C:4]([C:9]([C:8]1([H:18])[H:19])([H:20])[H:21])([H:11])[C:2](=[O:1])[O:3][H:10])([H:12])[H:13])([H:14])[H:15])[H:17],13.0,1.0
8,-0.07316999988896507,AM1BCC,OpenEye,,,C,,9,[H:16][C:7]1([C:6]([C:5]([C:4]([C:9]([C:8]1([H:18])[H:19])([H:20])[H:21])([H:11])[C:2](=[O:1])[O:3][H:10])([H:12])[H:13])([H:14])[H:15])[H:17],13.0,1.0
9,0.4431399990405355,AM1BCC,OpenEye,,,H,,10,[H:16][C:7]1([C:6]([C:5]([C:4]([C:9]([C:8]1([H:18])[H:19])([H:20])[H:21])([H:11])[C:2](=[O:1])[O:3][H:10])([H:12])[H:13])([H:14])[H:15])[H:17],13.0,1.0
10,0.081179997750691,AM1BCC,OpenEye,,,H,,11,[H:16][C:7]1([C:6]([C:5]([C:4]([C:9]([C:8]1([H:18])[H:19])([H:20])[H:21])([H:11])[C:2](=[O:1])[O:3][H:10])([H:12])[H:13])([H:14])[H:15])[H:17],13.0,1.0
11,0.055699999311140606,AM1BCC,OpenEye,,,H,,12,[H:16][C:7]1([C:6]([C:5]([C:4]([C:9]([C:8]1([H:18])[H:19])([H:20])[H:21])([H:11])[C:2](=[O:1])[O:3][H:10])([H:12])[H:13])([H:14])[H:15])[H:17],13.0,1.0
12,0.055699999311140606,AM1BCC,OpenEye,,,H,,13,[H:16][C:7]1([C:6]([C:5]([C:4]([C:9]([C:8]1([H:18])[H:19])([H:20])[H:21])([H:11])[C:2](=[O:1])[O:3][H:10])([H:12])[H:13])([H:14])[H:15])[H:17],13.0,1.0
13,0.0436399978186403,AM1BCC,OpenEye,,,H,,14,[H:16][C:7]1([C:6]([C:5]([C:4]([C:9]([C:8]1([H:18])[H:19])([H:20])[H:21])([H:11])[C:2](=[O:1])[O:3][H:10])([H:12])[H:13])([H:14])[H:15])[H:17],13.0,1.0
14,0.0436399978186403,AM1BCC,OpenEye,,,H,,15,[H:16][C:7]1([C:6]([C:5]([C:4]([C:9]([C:8]1([H:18])[H:19])([H:20])[H:21])([H:11])[C:2](=[O:1])[O:3][H:10])([H:12])[H:13])([H:14])[H:15])[H:17],13.0,1.0
15,0.04340999839561326,AM1BCC,OpenEye,,,H,,16,[H:16][C:7]1([C:6]([C:5]([C:4]([C:9]([C:8]1([H:18])[H:19])([H:20])[H:21])([H:11])[C:2](=[O:1])[O:3][H:10])([H:12])[H:13])([H:14])[H:15])[H:17],13.0,1.0
16,0.04340999839561326,AM1BCC,OpenEye,,,H,,17,[H:16][C:7]1([C:6]([C:5]([C:4]([C:9]([C:8]1([H:18])[H:19])([H:20])[H:21])([H:11])[C:2](=[O:1])[O:3][H:10])([H:12])[H:13])([H:14])[H:15])[H:17],13.0,1.0
17,0.0436399978186403,AM1BCC,OpenEye,,,H,,18,[H:16][C:7]1([C:6]([C:5]([C:4]([C:9]([C:8]1([H:18])[H:19])([H:20])[H:21])([H:11])[C:2](=[O:1])[O:3][H:10])([H:12])[H:13])([H:14])[H:15])[H:17],13.0,1.0
18,0.0436399978186403,AM1BCC,OpenEye,,,H,,19,[H:16][C:7]1([C:6]([C:5]([C:4]([C:9]([C:8]1([H:18])[H:19])([H:20])[H:21])([H:11])[C:2](=[O:1])[O:3][H:10])([H:12])[H:13])([H:14])[H:15])[H:17],13.0,1.0
19,0.055699999311140606,AM1BCC,OpenEye,,,H,,20,[H:16][C:7]1([C:6]([C:5]([C:4]([C:9]([C:8]1([H:18])[H:19])([H:20])[H:21])([H:11])[C:2](=[O:1])[O:3][H:10])([H:12])[H:13])([H:14])[H:15])[H:17],13.0,1.0
20,0.055699999311140606,AM1BCC,OpenEye,,,H,,21,[H:16][C:7]1([C:6]([C:5]([C:4]([C:9]([C:8]1([H:18])[H:19])([H:20])[H:21])([H:11])[C:2](=[O:1])[O:3][H:10])([H:12])[H:13])([H:14])[H:15])[H:17],13.0,1.0
0,-0.550952380952381,AM1BCC,AmberTools,,,O,,1,[H:16][C:7]1([C:6]([C:5]([C:4]([C:9]([C:8]1([H:18])[H:19])([H:20])[H:21])([H:11])[C:2](=[O:1])[O:3][H:10])([H:12])[H:13])([H:14])[H:15])[H:17],13.0,1.0
1,0.6361476190476191,AM1BCC,AmberTools,,,C,,2,[H:16][C:7]1([C:6]([C:5]([C:4]([C:9]([C:8]1([H:18])[H:19])([H:20])[H:21])([H:11])[C:2](=[O:1])[O:3][H:10])([H:12])[H:13])([H:14])[H:15])[H:17],13.0,1.0
2,-0.6100523809523809,AM1BCC,AmberTools,,,O,,3,[H:16][C:7]1([C:6]([C:5]([C:4]([C:9]([C:8]1([H:18])[H:19])([H:20])[H:21])([H:11])[C:2](=[O:1])[O:3][H:10])([H:12])[H:13])([H:14])[H:15])[H:17],13.0,1.0
3,-0.10465238095238096,AM1BCC,AmberTools,,,C,,4,[H:16][C:7]1([C:6]([C:5]([C:4]([C:9]([C:8]1([H:18])[H:19])([H:20])[H:21])([H:11])[C:2](=[O:1])[O:3][H:10])([H:12])[H:13])([H:14])[H:15])[H:17],13.0,1.0
4,-0.07435238095238095,AM1BCC,AmberTools,,,C,,5,[H:16][C:7]1([C:6]([C:5]([C:4]([C:9]([C:8]1([H:18])[H:19])([H:20])[H:21])([H:11])[C:2](=[O:1])[O:3][H:10])([H:12])[H:13])([H:14])[H:15])[H:17],13.0,1.0
5,-0.07635238095238095,AM1BCC,AmberTools,,,C,,6,[H:16][C:7]1([C:6]([C:5]([C:4]([C:9]([C:8]1([H:18])[H:19])([H:20])[H:21])([H:11])[C:2](=[O:1])[O:3][H:10])([H:12])[H:13])([H:14])[H:15])[H:17],13.0,1.0
6,-0.08035238095238095,AM1BCC,AmberTools,,,C,,7,[H:16][C:7]1([C:6]([C:5]([C:4]([C:9]([C:8]1([H:18])[H:19])([H:20])[H:21])([H:11])[C:2](=[O:1])[O:3][H:10])([H:12])[H:13])([H:14])[H:15])[H:17],13.0,1.0
7,-0.07635238095238095,AM1BCC,AmberTools,,,C,,8,[H:16][C:7]1([C:6]([C:5]([C:4]([C:9]([C:8]1([H:18])[H:19])([H:20])[H:21])([H:11])[C:2](=[O:1])[O:3][H:10])([H:12])[H:13])([H:14])[H:15])[H:17],13.0,1.0
8,-0.07435238095238095,AM1BCC,AmberTools,,,C,,9,[H:16][C:7]1([C:6]([C:5]([C:4]([C:9]([C:8]1([H:18])[H:19])([H:20])[H:21])([H:11])[C:2](=[O:1])[O:3][H:10])([H:12])[H:13])([H:14])[H:15])[H:17],13.0,1.0
9,0.442047619047619,AM1BCC,AmberTools,,,H,,10,[H:16][C:7]1([C:6]([C:5]([C:4]([C:9]([C:8]1([H:18])[H:19])([H:20])[H:21])([H:11])[C:2](=[O:1])[O:3][H:10])([H:12])[H:13])([H:14])[H:15])[H:17],13.0,1.0
10,0.08274761904761904,AM1BCC,AmberTools,,,H,,11,[H:16][C:7]1([C:6]([C:5]([C:4]([C:9]([C:8]1([H:18])[H:19])([H:20])[H:21])([H:11])[C:2](=[O:1])[O:3][H:10])([H:12])[H:13])([H:14])[H:15])[H:17],13.0,1.0
11,0.055247619047619045,AM1BCC,AmberTools,,,H,,12,[H:16][C:7]1([C:6]([C:5]([C:4]([C:9]([C:8]1([H:18])[H:19])([H:20])[H:21])([H:11])[C:2](=[O:1])[O:3][H:10])([H:12])[H:13])([H:14])[H:15])[H:17],13.0,1.0
12,0.055247619047619045,AM1BCC,AmberTools,,,H,,13,[H:16][C:7]1([C:6]([C:5]([C:4]([C:9]([C:8]1([H:18])[H:19])([H:20])[H:21])([H:11])[C:2](=[O:1])[O:3][H:10])([H:12])[H:13])([H:14])[H:15])[H:17],13.0,1.0
13,0.04424761904761905,AM1BCC,AmberTools,,,H,,14,[H:16][C:7]1([C:6]([C:5]([C:4]([C:9]([C:8]1([H:18])[H:19])([H:20])[H:21])([H:11])[C:2](=[O:1])[O:3][H:10])([H:12])[H:13])([H:14])[H:15])[H:17],13.0,1.0
14,0.04424761904761905,AM1BCC,AmberTools,,,H,,15,[H:16][C:7]1([C:6]([C:5]([C:4]([C:9]([C:8]1([H:18])[H:19])([H:20])[H:21])([H:11])[C:2](=[O:1])[O:3][H:10])([H:12])[H:13])([H:14])[H:15])[H:17],13.0,1.0
15,0.04424761904761905,AM1BCC,AmberTools,,,H,,16,[H:16][C:7]1([C:6]([C:5]([C:4]([C:9]([C:8]1([H:18])[H:19])([H:20])[H:21])([H:11])[C:2](=[O:1])[O:3][H:10])([H:12])[H:13])([H:14])[H:15])[H:17],13.0,1.0
16,0.04424761904761905,AM1BCC,AmberTools,,,H,,17,[H:16][C:7]1([C:6]([C:5]([C:4]([C:9]([C:8]1([H:18])[H:19])([H:20])[H:21])([H:11])[C:2](=[O:1])[O:3][H:10])([H:12])[H:13])([H:14])[H:15])[H:17],13.0,1.0
17,0.04424761904761905,AM1BCC,AmberTools,,,H,,18,[H:16][C:7]1([C:6]([C:5]([C:4]([C:9]([C:8]1([H:18])[H:19])([H:20])[H:21])([H:11])[C:2](=[O:1])[O:3][H:10])([H:12])[H:13])([H:14])[H:15])[H:17],13.0,1.0
18,0.04424761904761905,AM1BCC,AmberTools,,,H,,19,[H:16][C:7]1([C:6]([C:5]([C:4]([C:9]([C:8]1([H:18])[H:19])([H:20])[H:21])([H:11])[C:2](=[O:1])[O:3][H:10])([H:12])[H:13])([H:14])[H:15])[H:17],13.0,1.0
19,0.055247619047619045,AM1BCC,AmberTools,,,H,,20,[H:16][C:7]1([C:6]([C:5]([C:4]([C:9]([C:8]1([H:18])[H:19])([H:20])[H:21])([H:11])[C:2](=[O:1])[O:3][H:10])([H:12])[H:13])([H:14])[H:15])[H:17],13.0,1.0
20,0.055247619047619045,AM1BCC,AmberTools,,,H,,21,[H:16][C:7]1([C:6]([C:5]([C:4]([C:9]([C:8]1([H:18])[H:19])([H:20])[H:21])([H:11])[C:2](=[O:1])[O:3][H:10])([H:12])[H:13])([H:14])[H:15])[H:17],13.0,1.0
0,-0.5524799834404673,AM1BCC,OpenEye,,,O,,1,[H:16][C:7]1([C:6]([C:5]([C:4]([C:9]([C:8]1([H:18])[H:19])([H:20])[H:21])([H:11])[C:2](=[O:1])[O:3][H:10])([H:12])[H:13])([H:14])[H:15])[H:17],13.0,2.0
1,0.6331300128783498,AM1BCC,OpenEye,,,C,,2,[H:16][C:7]1([C:6]([C:5]([C:4]([C:9]([C:8]1([H:18])[H:19])([H:20])[H:21])([H:11])[C:2](=[O:1])[O:3][H:10])([H:12])[H:13])([H:14])[H:15])[H:17],13.0,2.0
2,-0.6041100035820689,AM1BCC,OpenEye,,,O,,3,[H:16][C:7]1([C:6]([C:5]([C:4]([C:9]([C:8]1([H:18])[H:19])([H:20])[H:21])([H:11])[C:2](=[O:1])[O:3][H:10])([H:12])[H:13])([H:14])[H:15])[H:17],13.0,2.0
3,-0.10592000292880195,AM1BCC,OpenEye,,,C,,4,[H:16][C:7]1([C:6]([C:5]([C:4]([C:9]([C:8]1([H:18])[H:19])([H:20])[H:21])([H:11])[C:2](=[O:1])[O:3][H:10])([H:12])[H:13])([H:14])[H:15])[H:17],13.0,2.0
4,-0.07316999988896507,AM1BCC,OpenEye,,,C,,5,[H:16][C:7]1([C:6]([C:5]([C:4]([C:9]([C:8]1([H:18])[H:19])([H:20])[H:21])([H:11])[C:2](=[O:1])[O:3][H:10])([H:12])[H:13])([H:14])[H:15])[H:17],13.0,2.0
5,-0.07631000237805503,AM1BCC,OpenEye,,,C,,6,[H:16][C:7]1([C:6]([C:5]([C:4]([C:9]([C:8]1([H:18])[H:19])([H:20])[H:21])([H:11])[C:2](=[O:1])[O:3][H:10])([H:12])[H:13])([H:14])[H:15])[H:17],13.0,2.0
6,-0.08016000049454826,AM1BCC,OpenEye,,,C,,7,[H:16][C:7]1([C:6]([C:5]([C:4]([C:9]([C:8]1([H:18])[H:19])([H:20])[H:21])([H:11])[C:2](=[O:1])[O:3][H:10])([H:12])[H:13])([H:14])[H:15])[H:17],13.0,2.0
7,-0.07631000237805503,AM1BCC,OpenEye,,,C,,8,[H:16][C:7]1([C:6]([C:5]([C:4]([C:9]([C:8]1([H:18])[H:19])([H:20])[H:21])([H:11])[C:2](=[O:1])[O:3][H:10])([H:12])[H:13])([H:14])[H:15])[H:17],13.0,2.0
8,-0.07316999988896507,AM1BCC,OpenEye,,,C,,9,[H:16][C:7]1([C:6]([C:5]([C:4]([C:9]([C:8]1([H:18])[H:19])([H:20])[H:21])([H:11])[C:2](=[O:1])[O:3][H:10])([H:12])[H:13])([H:14])[H:15])[H:17],13.0,2.0
9,0.4431399990405355,AM1BCC,OpenEye,,,H,,10,[H:16][C:7]1([C:6]([C:5]([C:4]([C:9]([C:8]1([H:18])[H:19])([H:20])[H:21])([H:11])[C:2](=[O:1])[O:3][H:10])([H:12])[H:13])([H:14])[H:15])[H:17],13.0,2.0
10,0.081179997750691,AM1BCC,OpenEye,,,H,,11,[H:16][C:7]1([C:6]([C:5]([C:4]([C:9]([C:8]1([H:18])[H:19])([H:20])[H:21])([H:11])[C:2](=[O:1])[O:3][H:10])([H:12])[H:13])([H:14])[H:15])[H:17],13.0,2.0
11,0.055699999311140606,AM1BCC,OpenEye,,,H,,12,[H:16][C:7]1([C:6]([C:5]([C:4]([C:9]([C:8]1([H:18])[H:19])([H:20])[H:21])([H:11])[C:2](=[O:1])[O:3][H:10])([H:12])[H:13])([H:14])[H:15])[H:17],13.0,2.0
12,0.055699999311140606,AM1BCC,OpenEye,,,H,,13,[H:16][C:7]1([C:6]([C:5]([C:4]([C:9]([C:8]1([H:18])[H:19])([H:20])[H:21])([H:11])[C:2](=[O:1])[O:3][H:10])([H:12])[H:13])([H:14])[H:15])[H:17],13.0,2.0
13,0.0436399978186403,AM1BCC,OpenEye,,,H,,14,[H:16][C:7]1([C:6]([C:5]([C:4]([C:9]([C:8]1([H:18])[H:19])([H:20])[H:21])([H:11])[C:2](=[O:1])[O:3][H:10])([H:12])[H:13])([H:14])[H:15])[H:17],13.0,2.0
14,0.0436399978186403,AM1BCC,OpenEye,,,H,,15,[H:16][C:7]1([C:6]([C:5]([C:4]([C:9]([C:8]1([H:18])[H:19])([H:20])[H:21])([H:11])[C:2](=[O:1])[O:3][H:10])([H:12])[H:13])([H:14])[H:15])[H:17],13.0,2.0
15,0.04340999839561326,AM1BCC,OpenEye,,,H,,16,[H:16][C:7]1([C:6]([C:5]([C:4]([C:9]([C:8]1([H:18])[H:19])([H:20])[H:21])([H:11])[C:2](=[O:1])[O:3][H:10])([H:12])[H:13])([H:14])[H:15])[H:17],13.0,2.0
16,0.04340999839561326,AM1BCC,OpenEye,,,H,,17,[H:16][C:7]1([C:6]([C:5]([C:4]([C:9]([C:8]1([H:18])[H:19])([H:20])[H:21])([H:11])[C:2](=[O:1])[O:3][H:10])([H:12])[H:13])([H:14])[H:15])[H:17],13.0,2.0
17,0.0436399978186403,AM1BCC,OpenEye,,,H,,18,[H:16][C:7]1([C:6]([C:5]([C:4]([C:9]([C:8]1([H:18])[H:19])([H:20])[H:21])([H:11])[C:2](=[O:1])[O:3][H:10])([H:12])[H:13])([H:14])[H:15])[H:17],13.0,2.0
18,0.0436399978186403,AM1BCC,OpenEye,,,H,,19,[H:16][C:7]1([C:6]([C:5]([C:4]([C:9]([C:8]1([H:18])[H:19])([H:20])[H:21])([H:11])[C:2](=[O:1])[O:3][H:10])([H:12])[H:13])([H:14])[H:15])[H:17],13.0,2.0
19,0.055699999311140606,AM1BCC,OpenEye,,,H,,20,[H:16][C:7]1([C:6]([C:5]([C:4]([C:9]([C:8]1([H:18])[H:19])([H:20])[H:21])([H:11])[C:2](=[O:1])[O:3][H:10])([H:12])[H:13])([H:14])[H:15])[H:17],13.0,2.0
20,0.055699999311140606,AM1BCC,OpenEye,,,H,,21,[H:16][C:7]1([C:6]([C:5]([C:4]([C:9]([C:8]1([H:18])[H:19])([H:20])[H:21])([H:11])[C:2](=[O:1])[O:3][H:10])([H:12])[H:13])([H:14])[H:15])[H:17],13.0,2.0
0,-0.550952380952381,AM1BCC,AmberTools,,,O,,1,[H:16][C:7]1([C:6]([C:5]([C:4]([C:9]([C:8]1([H:18])[H:19])([H:20])[H:21])([H:11])[C:2](=[O:1])[O:3][H:10])([H:12])[H:13])([H:14])[H:15])[H:17],13.0,2.0
1,0.6361476190476191,AM1BCC,AmberTools,,,C,,2,[H:16][C:7]1([C:6]([C:5]([C:4]([C:9]([C:8]1([H:18])[H:19])([H:20])[H:21])([H:11])[C:2](=[O:1])[O:3][H:10])([H:12])[H:13])([H:14])[H:15])[H:17],13.0,2.0
2,-0.6100523809523809,AM1BCC,AmberTools,,,O,,3,[H:16][C:7]1([C:6]([C:5]([C:4]([C:9]([C:8]1([H:18])[H:19])([H:20])[H:21])([H:11])[C:2](=[O:1])[O:3][H:10])([H:12])[H:13])([H:14])[H:15])[H:17],13.0,2.0
3,-0.10465238095238096,AM1BCC,AmberTools,,,C,,4,[H:16][C:7]1([C:6]([C:5]([C:4]([C:9]([C:8]1([H:18])[H:19])([H:20])[H:21])([H:11])[C:2](=[O:1])[O:3][H:10])([H:12])[H:13])([H:14])[H:15])[H:17],13.0,2.0
4,-0.07435238095238095,AM1BCC,AmberTools,,,C,,5,[H:16][C:7]1([C:6]([C:5]([C:4]([C:9]([C:8]1([H:18])[H:19])([H:20])[H:21])([H:11])[C:2](=[O:1])[O:3][H:10])([H:12])[H:13])([H:14])[H:15])[H:17],13.0,2.0
5,-0.07635238095238095,AM1BCC,AmberTools,,,C,,6,[H:16][C:7]1([C:6]([C:5]([C:4]([C:9]([C:8]1([H:18])[H:19])([H:20])[H:21])([H:11])[C:2](=[O:1])[O:3][H:10])([H:12])[H:13])([H:14])[H:15])[H:17],13.0,2.0
6,-0.08035238095238095,AM1BCC,AmberTools,,,C,,7,[H:16][C:7]1([C:6]([C:5]([C:4]([C:9]([C:8]1([H:18])[H:19])([H:20])[H:21])([H:11])[C:2](=[O:1])[O:3][H:10])([H:12])[H:13])([H:14])[H:15])[H:17],13.0,2.0
7,-0.07635238095238095,AM1BCC,AmberTools,,,C,,8,[H:16][C:7]1([C:6]([C:5]([C:4]([C:9]([C:8]1([H:18])[H:19])([H:20])[H:21])([H:11])[C:2](=[O:1])[O:3][H:10])([H:12])[H:13])([H:14])[H:15])[H:17],13.0,2.0
8,-0.07435238095238095,AM1BCC,AmberTools,,,C,,9,[H:16][C:7]1([C:6]([C:5]([C:4]([C:9]([C:8]1([H:18])[H:19])([H:20])[H:21])([H:11])[C:2](=[O:1])[O:3][H:10])([H:12])[H:13])([H:14])[H:15])[H:17],13.0,2.0
9,0.442047619047619,AM1BCC,AmberTools,,,H,,10,[H:16][C:7]1([C:6]([C:5]([C:4]([C:9]([C:8]1([H:18])[H:19])([H:20])[H:21])([H:11])[C:2](=[O:1])[O:3][H:10])([H:12])[H:13])([H:14])[H:15])[H:17],13.0,2.0
10,0.08274761904761904,AM1BCC,AmberTools,,,H,,11,[H:16][C:7]1([C:6]([C:5]([C:4]([C:9]([C:8]1([H:18])[H:19])([H:20])[H:21])([H:11])[C:2](=[O:1])[O:3][H:10])([H:12])[H:13])([H:14])[H:15])[H:17],13.0,2.0
11,0.055247619047619045,AM1BCC,AmberTools,,,H,,12,[H:16][C:7]1([C:6]([C:5]([C:4]([C:9]([C:8]1([H:18])[H:19])([H:20])[H:21])([H:11])[C:2](=[O:1])[O:3][H:10])([H:12])[H:13])([H:14])[H:15])[H:17],13.0,2.0
12,0.055247619047619045,AM1BCC,AmberTools,,,H,,13,[H:16][C:7]1([C:6]([C:5]([C:4]([C:9]([C:8]1([H:18])[H:19])([H:20])[H:21])([H:11])[C:2](=[O:1])[O:3][H:10])([H:12])[H:13])([H:14])[H:15])[H:17],13.0,2.0
13,0.04424761904761905,AM1BCC,AmberTools,,,H,,14,[H:16][C:7]1([C:6]([C:5]([C:4]([C:9]([C:8]1([H:18])[H:19])([H:20])[H:21])([H:11])[C:2](=[O:1])[O:3][H:10])([H:12])[H:13])([H:14])[H:15])[H:17],13.0,2.0
14,0.04424761904761905,AM1BCC,AmberTools,,,H,,15,[H:16][C:7]1([C:6]([C:5]([C:4]([C:9]([C:8]1([H:18])[H:19])([H:20])[H:21])([H:11])[C:2](=[O:1])[O:3][H:10])([H:12])[H:13])([H:14])[H:15])[H:17],13.0,2.0
15,0.04424761904761905,AM1BCC,AmberTools,,,H,,16,[H:16][C:7]1([C:6]([C:5]([C:4]([C:9]([C:8]1([H:18])[H:19])([H:20])[H:21])([H:11])[C:2](=[O:1])[O:3][H:10])([H:12])[H:13])([H:14])[H:15])[H:17],13.0,2.0
16,0.04424761904761905,AM1BCC,AmberTools,,,H,,17,[H:16][C:7]1([C:6]([C:5]([C:4]([C:9]([C:8]1([H:18])[H:19])([H:20])[H:21])([H:11])[C:2](=[O:1])[O:3][H:10])([H:12])[H:13])([H:14])[H:15])[H:17],13.0,2.0
17,0.04424761904761905,AM1BCC,AmberTools,,,H,,18,[H:16][C:7]1([C:6]([C:5]([C:4]([C:9]([C:8]1([H:18])[H:19])([H:20])[H:21])([H:11])[C:2](=[O:1])[O:3][H:10])([H:12])[H:13])([H:14])[H:15])[H:17],13.0,2.0
18,0.04424761904761905,AM1BCC,AmberTools,,,H,,19,[H:16][C:7]1([C:6]([C:5]([C:4]([C:9]([C:8]1([H:18])[H:19])([H:20])[H:21])([H:11])[C:2](=[O:1])[O:3][H:10])([H:12])[H:13])([H:14])[H:15])[H:17],13.0,2.0
19,0.055247619047619045,AM1BCC,AmberTools,,,H,,20,[H:16][C:7]1([C:6]([C:5]([C:4]([C:9]([C:8]1([H:18])[H:19])([H:20])[H:21])([H:11])[C:2](=[O:1])[O:3][H:10])([H:12])[H:13])([H:14])[H:15])[H:17],13.0,2.0
20,0.055247619047619045,AM1BCC,AmberTools,,,H,,21,[H:16][C:7]1([C:6]([C:5]([C:4]([C:9]([C:8]1([H:18])[H:19])([H:20])[H:21])([H:11])[C:2](=[O:1])[O:3][H:10])([H:12])[H:13])([H:14])[H:15])[H:17],13.0,2.0
0,-0.5524799834404673,AM1BCC,OpenEye,,,O,,1,[H:16][C:7]1([C:6]([C:5]([C:4]([C:9]([C:8]1([H:18])[H:19])([H:20])[H:21])([H:11])[C:2](=[O:1])[O:3][H:10])([H:12])[H:13])([H:14])[H:15])[H:17],13.0,3.0
1,0.6331300128783498,AM1BCC,OpenEye,,,C,,2,[H:16][C:7]1([C:6]([C:5]([C:4]([C:9]([C:8]1([H:18])[H:19])([H:20])[H:21])([H:11])[C:2](=[O:1])[O:3][H:10])([H:12])[H:13])([H:14])[H:15])[H:17],13.0,3.0
2,-0.6041100035820689,AM1BCC,OpenEye,,,O,,3,[H:16][C:7]1([C:6]([C:5]([C:4]([C:9]([C:8]1([H:18])[H:19])([H:20])[H:21])([H:11])[C:2](=[O:1])[O:3][H:10])([H:12])[H:13])([H:14])[H:15])[H:17],13.0,3.0
3,-0.10592000292880195,AM1BCC,OpenEye,,,C,,4,[H:16][C:7]1([C:6]([C:5]([C:4]([C:9]([C:8]1([H:18])[H:19])([H:20])[H:21])([H:11])[C:2](=[O:1])[O:3][H:10])([H:12])[H:13])([H:14])[H:15])[H:17],13.0,3.0
4,-0.07316999988896507,AM1BCC,OpenEye,,,C,,5,[H:16][C:7]1([C:6]([C:5]([C:4]([C:9]([C:8]1([H:18])[H:19])([H:20])[H:21])([H:11])[C:2](=[O:1])[O:3][H:10])([H:12])[H:13])([H:14])[H:15])[H:17],13.0,3.0
5,-0.07631000237805503,AM1BCC,OpenEye,,,C,,6,[H:16][C:7]1([C:6]([C:5]([C:4]([C:9]([C:8]1([H:18])[H:19])([H:20])[H:21])([H:11])[C:2](=[O:1])[O:3][H:10])([H:12])[H:13])([H:14])[H:15])[H:17],13.0,3.0
6,-0.08016000049454826,AM1BCC,OpenEye,,,C,,7,[H:16][C:7]1([C:6]([C:5]([C:4]([C:9]([C:8]1([H:18])[H:19])([H:20])[H:21])([H:11])[C:2](=[O:1])[O:3][H:10])([H:12])[H:13])([H:14])[H:15])[H:17],13.0,3.0
7,-0.07631000237805503,AM1BCC,OpenEye,,,C,,8,[H:16][C:7]1([C:6]([C:5]([C:4]([C:9]([C:8]1([H:18])[H:19])([H:20])[H:21])([H:11])[C:2](=[O:1])[O:3][H:10])([H:12])[H:13])([H:14])[H:15])[H:17],13.0,3.0
8,-0.07316999988896507,AM1BCC,OpenEye,,,C,,9,[H:16][C:7]1([C:6]([C:5]([C:4]([C:9]([C:8]1([H:18])[H:19])([H:20])[H:21])([H:11])[C:2](=[O:1])[O:3][H:10])([H:12])[H:13])([H:14])[H:15])[H:17],13.0,3.0
9,0.4431399990405355,AM1BCC,OpenEye,,,H,,10,[H:16][C:7]1([C:6]([C:5]([C:4]([C:9]([C:8]1([H:18])[H:19])([H:20])[H:21])([H:11])[C:2](=[O:1])[O:3][H:10])([H:12])[H:13])([H:14])[H:15])[H:17],13.0,3.0
10,0.081179997750691,AM1BCC,OpenEye,,,H,,11,[H:16][C:7]1([C:6]([C:5]([C:4]([C:9]([C:8]1([H:18])[H:19])([H:20])[H:21])([H:11])[C:2](=[O:1])[O:3][H:10])([H:12])[H:13])([H:14])[H:15])[H:17],13.0,3.0
11,0.055699999311140606,AM1BCC,OpenEye,,,H,,12,[H:16][C:7]1([C:6]([C:5]([C:4]([C:9]([C:8]1([H:18])[H:19])([H:20])[H:21])([H:11])[C:2](=[O:1])[O:3][H:10])([H:12])[H:13])([H:14])[H:15])[H:17],13.0,3.0
12,0.055699999311140606,AM1BCC,OpenEye,,,H,,13,[H:16][C:7]1([C:6]([C:5]([C:4]([C:9]([C:8]1([H:18])[H:19])([H:20])[H:21])([H:11])[C:2](=[O:1])[O:3][H:10])([H:12])[H:13])([H:14])[H:15])[H:17],13.0,3.0
13,0.0436399978186403,AM1BCC,OpenEye,,,H,,14,[H:16][C:7]1([C:6]([C:5]([C:4]([C:9]([C:8]1([H:18])[H:19])([H:20])[H:21])([H:11])[C:2](=[O:1])[O:3][H:10])([H:12])[H:13])([H:14])[H:15])[H:17],13.0,3.0
14,0.0436399978186403,AM1BCC,OpenEye,,,H,,15,[H:16][C:7]1([C:6]([C:5]([C:4]([C:9]([C:8]1([H:18])[H:19])([H:20])[H:21])([H:11])[C:2](=[O:1])[O:3][H:10])([H:12])[H:13])([H:14])[H:15])[H:17],13.0,3.0
15,0.04340999839561326,AM1BCC,OpenEye,,,H,,16,[H:16][C:7]1([C:6]([C:5]([C:4]([C:9]([C:8]1([H:18])[H:19])([H:20])[H:21])([H:11])[C:2](=[O:1])[O:3][H:10])([H:12])[H:13])([H:14])[H:15])[H:17],13.0,3.0
16,0.04340999839561326,AM1BCC,OpenEye,,,H,,17,[H:16][C:7]1([C:6]([C:5]([C:4]([C:9]([C:8]1([H:18])[H:19])([H:20])[H:21])([H:11])[C:2](=[O:1])[O:3][H:10])([H:12])[H:13])([H:14])[H:15])[H:17],13.0,3.0
17,0.0436399978186403,AM1BCC,OpenEye,,,H,,18,[H:16][C:7]1([C:6]([C:5]([C:4]([C:9]([C:8]1([H:18])[H:19])([H:20])[H:21])([H:11])[C:2](=[O:1])[O:3][H:10])([H:12])[H:13])([H:14])[H:15])[H:17],13.0,3.0
18,0.0436399978186403,AM1BCC,OpenEye,,,H,,19,[H:16][C:7]1([C:6]([C:5]([C:4]([C:9]([C:8]1([H:18])[H:19])([H:20])[H:21])([H:11])[C:2](=[O:1])[O:3][H:10])([H:12])[H:13])([H:14])[H:15])[H:17],13.0,3.0
19,0.055699999311140606,AM1BCC,OpenEye,,,H,,20,[H:16][C:7]1([C:6]([C:5]([C:4]([C:9]([C:8]1([H:18])[H:19])([H:20])[H:21])([H:11])[C:2](=[O:1])[O:3][H:10])([H:12])[H:13])([H:14])[H:15])[H:17],13.0,3.0
20,0.055699999311140606,AM1BCC,OpenEye,,,H,,21,[H:16][C:7]1([C:6]([C:5]([C:4]([C:9]([C:8]1([H:18])[H:19])([H:20])[H:21])([H:11])[C:2](=[O:1])[O:3][H:10])([H:12])[H:13])([H:14])[H:15])[H:17],13.0,3.0
0,-0.550952380952381,AM1BCC,AmberTools,,,O,,1,[H:16][C:7]1([C:6]([C:5]([C:4]([C:9]([C:8]1([H:18])[H:19])([H:20])[H:21])([H:11])[C:2](=[O:1])[O:3][H:10])([H:12])[H:13])([H:14])[H:15])[H:17],13.0,3.0
1,0.6361476190476191,AM1BCC,AmberTools,,,C,,2,[H:16][C:7]1([C:6]([C:5]([C:4]([C:9]([C:8]1([H:18])[H:19])([H:20])[H:21])([H:11])[C:2](=[O:1])[O:3][H:10])([H:12])[H:13])([H:14])[H:15])[H:17],13.0,3.0
2,-0.6100523809523809,AM1BCC,AmberTools,,,O,,3,[H:16][C:7]1([C:6]([C:5]([C:4]([C:9]([C:8]1([H:18])[H:19])([H:20])[H:21])([H:11])[C:2](=[O:1])[O:3][H:10])([H:12])[H:13])([H:14])[H:15])[H:17],13.0,3.0
3,-0.10465238095238096,AM1BCC,AmberTools,,,C,,4,[H:16][C:7]1([C:6]([C:5]([C:4]([C:9]([C:8]1([H:18])[H:19])([H:20])[H:21])([H:11])[C:2](=[O:1])[O:3][H:10])([H:12])[H:13])([H:14])[H:15])[H:17],13.0,3.0
4,-0.07435238095238095,AM1BCC,AmberTools,,,C,,5,[H:16][C:7]1([C:6]([C:5]([C:4]([C:9]([C:8]1([H:18])[H:19])([H:20])[H:21])([H:11])[C:2](=[O:1])[O:3][H:10])([H:12])[H:13])([H:14])[H:15])[H:17],13.0,3.0
5,-0.07635238095238095,AM1BCC,AmberTools,,,C,,6,[H:16][C:7]1([C:6]([C:5]([C:4]([C:9]([C:8]1([H:18])[H:19])([H:20])[H:21])([H:11])[C:2](=[O:1])[O:3][H:10])([H:12])[H:13])([H:14])[H:15])[H:17],13.0,3.0
6,-0.08035238095238095,AM1BCC,AmberTools,,,C,,7,[H:16][C:7]1([C:6]([C:5]([C:4]([C:9]([C:8]1([H:18])[H:19])([H:20])[H:21])([H:11])[C:2](=[O:1])[O:3][H:10])([H:12])[H:13])([H:14])[H:15])[H:17],13.0,3.0
7,-0.07635238095238095,AM1BCC,AmberTools,,,C,,8,[H:16][C:7]1([C:6]([C:5]([C:4]([C:9]([C:8]1([H:18])[H:19])([H:20])[H:21])([H:11])[C:2](=[O:1])[O:3][H:10])([H:12])[H:13])([H:14])[H:15])[H:17],13.0,3.0
8,-0.07435238095238095,AM1BCC,AmberTools,,,C,,9,[H:16][C:7]1([C:6]([C:5]([C:4]([C:9]([C:8]1([H:18])[H:19])([H:20])[H:21])([H:11])[C:2](=[O:1])[O:3][H:10])([H:12])[H:13])([H:14])[H:15])[H:17],13.0,3.0
9,0.442047619047619,AM1BCC,AmberTools,,,H,,10,[H:16][C:7]1([C:6]([C:5]([C:4]([C:9]([C:8]1([H:18])[H:19])([H:20])[H:21])([H:11])[C:2](=[O:1])[O:3][H:10])([H:12])[H:13])([H:14])[H:15])[H:17],13.0,3.0
10,0.08274761904761904,AM1BCC,AmberTools,,,H,,11,[H:16][C:7]1([C:6]([C:5]([C:4]([C:9]([C:8]1([H:18])[H:19])([H:20])[H:21])([H:11])[C:2](=[O:1])[O:3][H:10])([H:12])[H:13])([H:14])[H:15])[H:17],13.0,3.0
11,0.055247619047619045,AM1BCC,AmberTools,,,H,,12,[H:16][C:7]1([C:6]([C:5]([C:4]([C:9]([C:8]1([H:18])[H:19])([H:20])[H:21])([H:11])[C:2](=[O:1])[O:3][H:10])([H:12])[H:13])([H:14])[H:15])[H:17],13.0,3.0
12,0.055247619047619045,AM1BCC,AmberTools,,,H,,13,[H:16][C:7]1([C:6]([C:5]([C:4]([C:9]([C:8]1([H:18])[H:19])([H:20])[H:21])([H:11])[C:2](=[O:1])[O:3][H:10])([H:12])[H:13])([H:14])[H:15])[H:17],13.0,3.0
13,0.04424761904761905,AM1BCC,AmberTools,,,H,,14,[H:16][C:7]1([C:6]([C:5]([C:4]([C:9]([C:8]1([H:18])[H:19])([H:20])[H:21])([H:11])[C:2](=[O:1])[O:3][H:10])([H:12])[H:13])([H:14])[H:15])[H:17],13.0,3.0
14,0.04424761904761905,AM1BCC,AmberTools,,,H,,15,[H:16][C:7]1([C:6]([C:5]([C:4]([C:9]([C:8]1([H:18])[H:19])([H:20])[H:21])([H:11])[C:2](=[O:1])[O:3][H:10])([H:12])[H:13])([H:14])[H:15])[H:17],13.0,3.0
15,0.04424761904761905,AM1BCC,AmberTools,,,H,,16,[H:16][C:7]1([C:6]([C:5]([C:4]([C:9]([C:8]1([H:18])[H:19])([H:20])[H:21])([H:11])[C:2](=[O:1])[O:3][H:10])([H:12])[H:13])([H:14])[H:15])[H:17],13.0,3.0
16,0.04424761904761905,AM1BCC,AmberTools,,,H,,17,[H:16][C:7]1([C:6]([C:5]([C:4]([C:9]([C:8]1([H:18])[H:19])([H:20])[H:21])([H:11])[C:2](=[O:1])[O:3][H:10])([H:12])[H:13])([H:14])[H:15])[H:17],13.0,3.0
17,0.04424761904761905,AM1BCC,AmberTools,,,H,,18,[H:16][C:7]1([C:6]([C:5]([C:4]([C:9]([C:8]1([H:18])[H:19])([H:20])[H:21])([H:11])[C:2](=[O:1])[O:3][H:10])([H:12])[H:13])([H:14])[H:15])[H:17],13.0,3.0
18,0.04424761904761905,AM1BCC,AmberTools,,,H,,19,[H:16][C:7]1([C:6]([C:5]([C:4]([C:9]([C:8]1([H:18])[H:19])([H:20])[H:21])([H:11])[C:2](=[O:1])[O:3][H:10])([H:12])[H:13])([H:14])[H:15])[H:17],13.0,3.0
19,0.055247619047619045,AM1BCC,AmberTools,,,H,,20,[H:16][C:7]1([C:6]([C:5]([C:4]([C:9]([C:8]1([H:18])[H:19])([H:20])[H:21])([H:11])[C:2](=[O:1])[O:3][H:10])([H:12])[H:13])([H:14])[H:15])[H:17],13.0,3.0
20,0.055247619047619045,AM1BCC,AmberTools,,,H,,21,[H:16][C:7]1([C:6]([C:5]([C:4]([C:9]([C:8]1([H:18])[H:19])([H:20])[H:21])([H:11])[C:2](=[O:1])[O:3][H:10])([H:12])[H:13])([H:14])[H:15])[H:17],13.0,3.0
0,-0.5524799834404673,AM1BCC,OpenEye,,,O,,1,[H:16][C:7]1([C:6]([C:5]([C:4]([C:9]([C:8]1([H:18])[H:19])([H:20])[H:21])([H:11])[C:2](=[O:1])[O:3][H:10])([H:12])[H:13])([H:14])[H:15])[H:17],13.0,4.0
1,0.6331300128783498,AM1BCC,OpenEye,,,C,,2,[H:16][C:7]1([C:6]([C:5]([C:4]([C:9]([C:8]1([H:18])[H:19])([H:20])[H:21])([H:11])[C:2](=[O:1])[O:3][H:10])([H:12])[H:13])([H:14])[H:15])[H:17],13.0,4.0
2,-0.6041100035820689,AM1BCC,OpenEye,,,O,,3,[H:16][C:7]1([C:6]([C:5]([C:4]([C:9]([C:8]1([H:18])[H:19])([H:20])[H:21])([H:11])[C:2](=[O:1])[O:3][H:10])([H:12])[H:13])([H:14])[H:15])[H:17],13.0,4.0
3,-0.10592000292880195,AM1BCC,OpenEye,,,C,,4,[H:16][C:7]1([C:6]([C:5]([C:4]([C:9]([C:8]1([H:18])[H:19])([H:20])[H:21])([H:11])[C:2](=[O:1])[O:3][H:10])([H:12])[H:13])([H:14])[H:15])[H:17],13.0,4.0
4,-0.07316999988896507,AM1BCC,OpenEye,,,C,,5,[H:16][C:7]1([C:6]([C:5]([C:4]([C:9]([C:8]1([H:18])[H:19])([H:20])[H:21])([H:11])[C:2](=[O:1])[O:3][H:10])([H:12])[H:13])([H:14])[H:15])[H:17],13.0,4.0
5,-0.07631000237805503,AM1BCC,OpenEye,,,C,,6,[H:16][C:7]1([C:6]([C:5]([C:4]([C:9]([C:8]1([H:18])[H:19])([H:20])[H:21])([H:11])[C:2](=[O:1])[O:3][H:10])([H:12])[H:13])([H:14])[H:15])[H:17],13.0,4.0
6,-0.08016000049454826,AM1BCC,OpenEye,,,C,,7,[H:16][C:7]1([C:6]([C:5]([C:4]([C:9]([C:8]1([H:18])[H:19])([H:20])[H:21])([H:11])[C:2](=[O:1])[O:3][H:10])([H:12])[H:13])([H:14])[H:15])[H:17],13.0,4.0
7,-0.07631000237805503,AM1BCC,OpenEye,,,C,,8,[H:16][C:7]1([C:6]([C:5]([C:4]([C:9]([C:8]1([H:18])[H:19])([H:20])[H:21])([H:11])[C:2](=[O:1])[O:3][H:10])([H:12])[H:13])([H:14])[H:15])[H:17],13.0,4.0
8,-0.07316999988896507,AM1BCC,OpenEye,,,C,,9,[H:16][C:7]1([C:6]([C:5]([C:4]([C:9]([C:8]1([H:18])[H:19])([H:20])[H:21])([H:11])[C:2](=[O:1])[O:3][H:10])([H:12])[H:13])([H:14])[H:15])[H:17],13.0,4.0
9,0.4431399990405355,AM1BCC,OpenEye,,,H,,10,[H:16][C:7]1([C:6]([C:5]([C:4]([C:9]([C:8]1([H:18])[H:19])([H:20])[H:21])([H:11])[C:2](=[O:1])[O:3][H:10])([H:12])[H:13])([H:14])[H:15])[H:17],13.0,4.0
10,0.081179997750691,AM1BCC,OpenEye,,,H,,11,[H:16][C:7]1([C:6]([C:5]([C:4]([C:9]([C:8]1([H:18])[H:19])([H:20])[H:21])([H:11])[C:2](=[O:1])[O:3][H:10])([H:12])[H:13])([H:14])[H:15])[H:17],13.0,4.0
11,0.055699999311140606,AM1BCC,OpenEye,,,H,,12,[H:16][C:7]1([C:6]([C:5]([C:4]([C:9]([C:8]1([H:18])[H:19])([H:20])[H:21])([H:11])[C:2](=[O:1])[O:3][H:10])([H:12])[H:13])([H:14])[H:15])[H:17],13.0,4.0
12,0.055699999311140606,AM1BCC,OpenEye,,,H,,13,[H:16][C:7]1([C:6]([C:5]([C:4]([C:9]([C:8]1([H:18])[H:19])([H:20])[H:21])([H:11])[C:2](=[O:1])[O:3][H:10])([H:12])[H:13])([H:14])[H:15])[H:17],13.0,4.0
13,0.0436399978186403,AM1BCC,OpenEye,,,H,,14,[H:16][C:7]1([C:6]([C:5]([C:4]([C:9]([C:8]1([H:18])[H:19])([H:20])[H:21])([H:11])[C:2](=[O:1])[O:3][H:10])([H:12])[H:13])([H:14])[H:15])[H:17],13.0,4.0
14,0.0436399978186403,AM1BCC,OpenEye,,,H,,15,[H:16][C:7]1([C:6]([C:5]([C:4]([C:9]([C:8]1([H:18])[H:19])([H:20])[H:21])([H:11])[C:2](=[O:1])[O:3][H:10])([H:12])[H:13])([H:14])[H:15])[H:17],13.0,4.0
15,0.04340999839561326,AM1BCC,OpenEye,,,H,,16,[H:16][C:7]1([C:6]([C:5]([C:4]([C:9]([C:8]1([H:18])[H:19])([H:20])[H:21])([H:11])[C:2](=[O:1])[O:3][H:10])([H:12])[H:13])([H:14])[H:15])[H:17],13.0,4.0
16,0.04340999839561326,AM1BCC,OpenEye,,,H,,17,[H:16][C:7]1([C:6]([C:5]([C:4]([C:9]([C:8]1([H:18])[H:19])([H:20])[H:21])([H:11])[C:2](=[O:1])[O:3][H:10])([H:12])[H:13])([H:14])[H:15])[H:17],13.0,4.0
17,0.0436399978186403,AM1BCC,OpenEye,,,H,,18,[H:16][C:7]1([C:6]([C:5]([C:4]([C:9]([C:8]1([H:18])[H:19])([H:20])[H:21])([H:11])[C:2](=[O:1])[O:3][H:10])([H:12])[H:13])([H:14])[H:15])[H:17],13.0,4.0
18,0.0436399978186403,AM1BCC,OpenEye,,,H,,19,[H:16][C:7]1([C:6]([C:5]([C:4]([C:9]([C:8]1([H:18])[H:19])([H:20])[H:21])([H:11])[C:2](=[O:1])[O:3][H:10])([H:12])[H:13])([H:14])[H:15])[H:17],13.0,4.0
19,0.055699999311140606,AM1BCC,OpenEye,,,H,,20,[H:16][C:7]1([C:6]([C:5]([C:4]([C:9]([C:8]1([H:18])[H:19])([H:20])[H:21])([H:11])[C:2](=[O:1])[O:3][H:10])([H:12])[H:13])([H:14])[H:15])[H:17],13.0,4.0
20,0.055699999311140606,AM1BCC,OpenEye,,,H,,21,[H:16][C:7]1([C:6]([C:5]([C:4]([C:9]([C:8]1([H:18])[H:19])([H:20])[H:21])([H:11])[C:2](=[O:1])[O:3][H:10])([H:12])[H:13])([H:14])[H:15])[H:17],13.0,4.0
0,-0.550952380952381,AM1BCC,AmberTools,,,O,,1,[H:16][C:7]1([C:6]([C:5]([C:4]([C:9]([C:8]1([H:18])[H:19])([H:20])[H:21])([H:11])[C:2](=[O:1])[O:3][H:10])([H:12])[H:13])([H:14])[H:15])[H:17],13.0,4.0
1,0.6361476190476191,AM1BCC,AmberTools,,,C,,2,[H:16][C:7]1([C:6]([C:5]([C:4]([C:9]([C:8]1([H:18])[H:19])([H:20])[H:21])([H:11])[C:2](=[O:1])[O:3][H:10])([H:12])[H:13])([H:14])[H:15])[H:17],13.0,4.0
2,-0.6100523809523809,AM1BCC,AmberTools,,,O,,3,[H:16][C:7]1([C:6]([C:5]([C:4]([C:9]([C:8]1([H:18])[H:19])([H:20])[H:21])([H:11])[C:2](=[O:1])[O:3][H:10])([H:12])[H:13])([H:14])[H:15])[H:17],13.0,4.0
3,-0.10465238095238096,AM1BCC,AmberTools,,,C,,4,[H:16][C:7]1([C:6]([C:5]([C:4]([C:9]([C:8]1([H:18])[H:19])([H:20])[H:21])([H:11])[C:2](=[O:1])[O:3][H:10])([H:12])[H:13])([H:14])[H:15])[H:17],13.0,4.0
4,-0.07435238095238095,AM1BCC,AmberTools,,,C,,5,[H:16][C:7]1([C:6]([C:5]([C:4]([C:9]([C:8]1([H:18])[H:19])([H:20])[H:21])([H:11])[C:2](=[O:1])[O:3][H:10])([H:12])[H:13])([H:14])[H:15])[H:17],13.0,4.0
5,-0.07635238095238095,AM1BCC,AmberTools,,,C,,6,[H:16][C:7]1([C:6]([C:5]([C:4]([C:9]([C:8]1([H:18])[H:19])([H:20])[H:21])([H:11])[C:2](=[O:1])[O:3][H:10])([H:12])[H:13])([H:14])[H:15])[H:17],13.0,4.0
6,-0.08035238095238095,AM1BCC,AmberTools,,,C,,7,[H:16][C:7]1([C:6]([C:5]([C:4]([C:9]([C:8]1([H:18])[H:19])([H:20])[H:21])([H:11])[C:2](=[O:1])[O:3][H:10])([H:12])[H:13])([H:14])[H:15])[H:17],13.0,4.0
7,-0.07635238095238095,AM1BCC,AmberTools,,,C,,8,[H:16][C:7]1([C:6]([C:5]([C:4]([C:9]([C:8]1([H:18])[H:19])([H:20])[H:21])([H:11])[C:2](=[O:1])[O:3][H:10])([H:12])[H:13])([H:14])[H:15])[H:17],13.0,4.0
8,-0.07435238095238095,AM1BCC,AmberTools,,,C,,9,[H:16][C:7]1([C:6]([C:5]([C:4]([C:9]([C:8]1([H:18])[H:19])([H:20])[H:21])([H:11])[C:2](=[O:1])[O:3][H:10])([H:12])[H:13])([H:14])[H:15])[H:17],13.0,4.0
9,0.442047619047619,AM1BCC,AmberTools,,,H,,10,[H:16][C:7]1([C:6]([C:5]([C:4]([C:9]([C:8]1([H:18])[H:19])([H:20])[H:21])([H:11])[C:2](=[O:1])[O:3][H:10])([H:12])[H:13])([H:14])[H:15])[H:17],13.0,4.0
10,0.08274761904761904,AM1BCC,AmberTools,,,H,,11,[H:16][C:7]1([C:6]([C:5]([C:4]([C:9]([C:8]1([H:18])[H:19])([H:20])[H:21])([H:11])[C:2](=[O:1])[O:3][H:10])([H:12])[H:13])([H:14])[H:15])[H:17],13.0,4.0
11,0.055247619047619045,AM1BCC,AmberTools,,,H,,12,[H:16][C:7]1([C:6]([C:5]([C:4]([C:9]([C:8]1([H:18])[H:19])([H:20])[H:21])([H:11])[C:2](=[O:1])[O:3][H:10])([H:12])[H:13])([H:14])[H:15])[H:17],13.0,4.0
12,0.055247619047619045,AM1BCC,AmberTools,,,H,,13,[H:16][C:7]1([C:6]([C:5]([C:4]([C:9]([C:8]1([H:18])[H:19])([H:20])[H:21])([H:11])[C:2](=[O:1])[O:3][H:10])([H:12])[H:13])([H:14])[H:15])[H:17],13.0,4.0
13,0.04424761904761905,AM1BCC,AmberTools,,,H,,14,[H:16][C:7]1([C:6]([C:5]([C:4]([C:9]([C:8]1([H:18])[H:19])([H:20])[H:21])([H:11])[C:2](=[O:1])[O:3][H:10])([H:12])[H:13])([H:14])[H:15])[H:17],13.0,4.0
14,0.04424761904761905,AM1BCC,AmberTools,,,H,,15,[H:16][C:7]1([C:6]([C:5]([C:4]([C:9]([C:8]1([H:18])[H:19])([H:20])[H:21])([H:11])[C:2](=[O:1])[O:3][H:10])([H:12])[H:13])([H:14])[H:15])[H:17],13.0,4.0
15,0.04424761904761905,AM1BCC,AmberTools,,,H,,16,[H:16][C:7]1([C:6]([C:5]([C:4]([C:9]([C:8]1([H:18])[H:19])([H:20])[H:21])([H:11])[C:2](=[O:1])[O:3][H:10])([H:12])[H:13])([H:14])[H:15])[H:17],13.0,4.0
16,0.04424761904761905,AM1BCC,AmberTools,,,H,,17,[H:16][C:7]1([C:6]([C:5]([C:4]([C:9]([C:8]1([H:18])[H:19])([H:20])[H:21])([H:11])[C:2](=[O:1])[O:3][H:10])([H:12])[H:13])([H:14])[H:15])[H:17],13.0,4.0
17,0.04424761904761905,AM1BCC,AmberTools,,,H,,18,[H:16][C:7]1([C:6]([C:5]([C:4]([C:9]([C:8]1([H:18])[H:19])([H:20])[H:21])([H:11])[C:2](=[O:1])[O:3][H:10])([H:12])[H:13])([H:14])[H:15])[H:17],13.0,4.0
18,0.04424761904761905,AM1BCC,AmberTools,,,H,,19,[H:16][C:7]1([C:6]([C:5]([C:4]([C:9]([C:8]1([H:18])[H:19])([H:20])[H:21])([H:11])[C:2](=[O:1])[O:3][H:10])([H:12])[H:13])([H:14])[H:15])[H:17],13.0,4.0
19,0.055247619047619045,AM1BCC,AmberTools,,,H,,20,[H:16][C:7]1([C:6]([C:5]([C:4]([C:9]([C:8]1([H:18])[H:19])([H:20])[H:21])([H:11])[C:2](=[O:1])[O:3][H:10])([H:12])[H:13])([H:14])[H:15])[H:17],13.0,4.0
20,0.055247619047619045,AM1BCC,AmberTools,,,H,,21,[H:16][C:7]1([C:6]([C:5]([C:4]([C:9]([C:8]1([H:18])[H:19])([H:20])[H:21])([H:11])[C:2](=[O:1])[O:3][H:10])([H:12])[H:13])([H:14])[H:15])[H:17],13.0,4.0
0,-0.5524799834404673,AM1BCC,OpenEye,,,O,,1,[H:16][C:7]1([C:6]([C:5]([C:4]([C:9]([C:8]1([H:18])[H:19])([H:20])[H:21])([H:11])[C:2](=[O:1])[O:3][H:10])([H:12])[H:13])([H:14])[H:15])[H:17],13.0,5.0
1,0.6331300128783498,AM1BCC,OpenEye,,,C,,2,[H:16][C:7]1([C:6]([C:5]([C:4]([C:9]([C:8]1([H:18])[H:19])([H:20])[H:21])([H:11])[C:2](=[O:1])[O:3][H:10])([H:12])[H:13])([H:14])[H:15])[H:17],13.0,5.0
2,-0.6041100035820689,AM1BCC,OpenEye,,,O,,3,[H:16][C:7]1([C:6]([C:5]([C:4]([C:9]([C:8]1([H:18])[H:19])([H:20])[H:21])([H:11])[C:2](=[O:1])[O:3][H:10])([H:12])[H:13])([H:14])[H:15])[H:17],13.0,5.0
3,-0.10592000292880195,AM1BCC,OpenEye,,,C,,4,[H:16][C:7]1([C:6]([C:5]([C:4]([C:9]([C:8]1([H:18])[H:19])([H:20])[H:21])([H:11])[C:2](=[O:1])[O:3][H:10])([H:12])[H:13])([H:14])[H:15])[H:17],13.0,5.0
4,-0.07316999988896507,AM1BCC,OpenEye,,,C,,5,[H:16][C:7]1([C:6]([C:5]([C:4]([C:9]([C:8]1([H:18])[H:19])([H:20])[H:21])([H:11])[C:2](=[O:1])[O:3][H:10])([H:12])[H:13])([H:14])[H:15])[H:17],13.0,5.0
5,-0.07631000237805503,AM1BCC,OpenEye,,,C,,6,[H:16][C:7]1([C:6]([C:5]([C:4]([C:9]([C:8]1([H:18])[H:19])([H:20])[H:21])([H:11])[C:2](=[O:1])[O:3][H:10])([H:12])[H:13])([H:14])[H:15])[H:17],13.0,5.0
6,-0.08016000049454826,AM1BCC,OpenEye,,,C,,7,[H:16][C:7]1([C:6]([C:5]([C:4]([C:9]([C:8]1([H:18])[H:19])([H:20])[H:21])([H:11])[C:2](=[O:1])[O:3][H:10])([H:12])[H:13])([H:14])[H:15])[H:17],13.0,5.0
7,-0.07631000237805503,AM1BCC,OpenEye,,,C,,8,[H:16][C:7]1([C:6]([C:5]([C:4]([C:9]([C:8]1([H:18])[H:19])([H:20])[H:21])([H:11])[C:2](=[O:1])[O:3][H:10])([H:12])[H:13])([H:14])[H:15])[H:17],13.0,5.0
8,-0.07316999988896507,AM1BCC,OpenEye,,,C,,9,[H:16][C:7]1([C:6]([C:5]([C:4]([C:9]([C:8]1([H:18])[H:19])([H:20])[H:21])([H:11])[C:2](=[O:1])[O:3][H:10])([H:12])[H:13])([H:14])[H:15])[H:17],13.0,5.0
9,0.4431399990405355,AM1BCC,OpenEye,,,H,,10,[H:16][C:7]1([C:6]([C:5]([C:4]([C:9]([C:8]1([H:18])[H:19])([H:20])[H:21])([H:11])[C:2](=[O:1])[O:3][H:10])([H:12])[H:13])([H:14])[H:15])[H:17],13.0,5.0
10,0.081179997750691,AM1BCC,OpenEye,,,H,,11,[H:16][C:7]1([C:6]([C:5]([C:4]([C:9]([C:8]1([H:18])[H:19])([H:20])[H:21])([H:11])[C:2](=[O:1])[O:3][H:10])([H:12])[H:13])([H:14])[H:15])[H:17],13.0,5.0
11,0.055699999311140606,AM1BCC,OpenEye,,,H,,12,[H:16][C:7]1([C:6]([C:5]([C:4]([C:9]([C:8]1([H:18])[H:19])([H:20])[H:21])([H:11])[C:2](=[O:1])[O:3][H:10])([H:12])[H:13])([H:14])[H:15])[H:17],13.0,5.0
12,0.055699999311140606,AM1BCC,OpenEye,,,H,,13,[H:16][C:7]1([C:6]([C:5]([C:4]([C:9]([C:8]1([H:18])[H:19])([H:20])[H:21])([H:11])[C:2](=[O:1])[O:3][H:10])([H:12])[H:13])([H:14])[H:15])[H:17],13.0,5.0
13,0.0436399978186403,AM1BCC,OpenEye,,,H,,14,[H:16][C:7]1([C:6]([C:5]([C:4]([C:9]([C:8]1([H:18])[H:19])([H:20])[H:21])([H:11])[C:2](=[O:1])[O:3][H:10])([H:12])[H:13])([H:14])[H:15])[H:17],13.0,5.0
14,0.0436399978186403,AM1BCC,OpenEye,,,H,,15,[H:16][C:7]1([C:6]([C:5]([C:4]([C:9]([C:8]1([H:18])[H:19])([H:20])[H:21])([H:11])[C:2](=[O:1])[O:3][H:10])([H:12])[H:13])([H:14])[H:15])[H:17],13.0,5.0
15,0.04340999839561326,AM1BCC,OpenEye,,,H,,16,[H:16][C:7]1([C:6]([C:5]([C:4]([C:9]([C:8]1([H:18])[H:19])([H:20])[H:21])([H:11])[C:2](=[O:1])[O:3][H:10])([H:12])[H:13])([H:14])[H:15])[H:17],13.0,5.0
16,0.04340999839561326,AM1BCC,OpenEye,,,H,,17,[H:16][C:7]1([C:6]([C:5]([C:4]([C:9]([C:8]1([H:18])[H:19])([H:20])[H:21])([H:11])[C:2](=[O:1])[O:3][H:10])([H:12])[H:13])([H:14])[H:15])[H:17],13.0,5.0
17,0.0436399978186403,AM1BCC,OpenEye,,,H,,18,[H:16][C:7]1([C:6]([C:5]([C:4]([C:9]([C:8]1([H:18])[H:19])([H:20])[H:21])([H:11])[C:2](=[O:1])[O:3][H:10])([H:12])[H:13])([H:14])[H:15])[H:17],13.0,5.0
18,0.0436399978186403,AM1BCC,OpenEye,,,H,,19,[H:16][C:7]1([C:6]([C:5]([C:4]([C:9]([C:8]1([H:18])[H:19])([H:20])[H:21])([H:11])[C:2](=[O:1])[O:3][H:10])([H:12])[H:13])([H:14])[H:15])[H:17],13.0,5.0
19,0.055699999311140606,AM1BCC,OpenEye,,,H,,20,[H:16][C:7]1([C:6]([C:5]([C:4]([C:9]([C:8]1([H:18])[H:19])([H:20])[H:21])([H:11])[C:2](=[O:1])[O:3][H:10])([H:12])[H:13])([H:14])[H:15])[H:17],13.0,5.0
20,0.055699999311140606,AM1BCC,OpenEye,,,H,,21,[H:16][C:7]1([C:6]([C:5]([C:4]([C:9]([C:8]1([H:18])[H:19])([H:20])[H:21])([H:11])[C:2](=[O:1])[O:3][H:10])([H:12])[H:13])([H:14])[H:15])[H:17],13.0,5.0
0,-0.550952380952381,AM1BCC,AmberTools,,,O,,1,[H:16][C:7]1([C:6]([C:5]([C:4]([C:9]([C:8]1([H:18])[H:19])([H:20])[H:21])([H:11])[C:2](=[O:1])[O:3][H:10])([H:12])[H:13])([H:14])[H:15])[H:17],13.0,5.0
1,0.6361476190476191,AM1BCC,AmberTools,,,C,,2,[H:16][C:7]1([C:6]([C:5]([C:4]([C:9]([C:8]1([H:18])[H:19])([H:20])[H:21])([H:11])[C:2](=[O:1])[O:3][H:10])([H:12])[H:13])([H:14])[H:15])[H:17],13.0,5.0
2,-0.6100523809523809,AM1BCC,AmberTools,,,O,,3,[H:16][C:7]1([C:6]([C:5]([C:4]([C:9]([C:8]1([H:18])[H:19])([H:20])[H:21])([H:11])[C:2](=[O:1])[O:3][H:10])([H:12])[H:13])([H:14])[H:15])[H:17],13.0,5.0
3,-0.10465238095238096,AM1BCC,AmberTools,,,C,,4,[H:16][C:7]1([C:6]([C:5]([C:4]([C:9]([C:8]1([H:18])[H:19])([H:20])[H:21])([H:11])[C:2](=[O:1])[O:3][H:10])([H:12])[H:13])([H:14])[H:15])[H:17],13.0,5.0
4,-0.07435238095238095,AM1BCC,AmberTools,,,C,,5,[H:16][C:7]1([C:6]([C:5]([C:4]([C:9]([C:8]1([H:18])[H:19])([H:20])[H:21])([H:11])[C:2](=[O:1])[O:3][H:10])([H:12])[H:13])([H:14])[H:15])[H:17],13.0,5.0
5,-0.07635238095238095,AM1BCC,AmberTools,,,C,,6,[H:16][C:7]1([C:6]([C:5]([C:4]([C:9]([C:8]1([H:18])[H:19])([H:20])[H:21])([H:11])[C:2](=[O:1])[O:3][H:10])([H:12])[H:13])([H:14])[H:15])[H:17],13.0,5.0
6,-0.08035238095238095,AM1BCC,AmberTools,,,C,,7,[H:16][C:7]1([C:6]([C:5]([C:4]([C:9]([C:8]1([H:18])[H:19])([H:20])[H:21])([H:11])[C:2](=[O:1])[O:3][H:10])([H:12])[H:13])([H:14])[H:15])[H:17],13.0,5.0
7,-0.07635238095238095,AM1BCC,AmberTools,,,C,,8,[H:16][C:7]1([C:6]([C:5]([C:4]([C:9]([C:8]1([H:18])[H:19])([H:20])[H:21])([H:11])[C:2](=[O:1])[O:3][H:10])([H:12])[H:13])([H:14])[H:15])[H:17],13.0,5.0
8,-0.07435238095238095,AM1BCC,AmberTools,,,C,,9,[H:16][C:7]1([C:6]([C:5]([C:4]([C:9]([C:8]1([H:18])[H:19])([H:20])[H:21])([H:11])[C:2](=[O:1])[O:3][H:10])([H:12])[H:13])([H:14])[H:15])[H:17],13.0,5.0
9,0.442047619047619,AM1BCC,AmberTools,,,H,,10,[H:16][C:7]1([C:6]([C:5]([C:4]([C:9]([C:8]1([H:18])[H:19])([H:20])[H:21])([H:11])[C:2](=[O:1])[O:3][H:10])([H:12])[H:13])([H:14])[H:15])[H:17],13.0,5.0
10,0.08274761904761904,AM1BCC,AmberTools,,,H,,11,[H:16][C:7]1([C:6]([C:5]([C:4]([C:9]([C:8]1([H:18])[H:19])([H:20])[H:21])([H:11])[C:2](=[O:1])[O:3][H:10])([H:12])[H:13])([H:14])[H:15])[H:17],13.0,5.0
11,0.055247619047619045,AM1BCC,AmberTools,,,H,,12,[H:16][C:7]1([C:6]([C:5]([C:4]([C:9]([C:8]1([H:18])[H:19])([H:20])[H:21])([H:11])[C:2](=[O:1])[O:3][H:10])([H:12])[H:13])([H:14])[H:15])[H:17],13.0,5.0
12,0.055247619047619045,AM1BCC,AmberTools,,,H,,13,[H:16][C:7]1([C:6]([C:5]([C:4]([C:9]([C:8]1([H:18])[H:19])([H:20])[H:21])([H:11])[C:2](=[O:1])[O:3][H:10])([H:12])[H:13])([H:14])[H:15])[H:17],13.0,5.0
13,0.04424761904761905,AM1BCC,AmberTools,,,H,,14,[H:16][C:7]1([C:6]([C:5]([C:4]([C:9]([C:8]1([H:18])[H:19])([H:20])[H:21])([H:11])[C:2](=[O:1])[O:3][H:10])([H:12])[H:13])([H:14])[H:15])[H:17],13.0,5.0
14,0.04424761904761905,AM1BCC,AmberTools,,,H,,15,[H:16][C:7]1([C:6]([C:5]([C:4]([C:9]([C:8]1([H:18])[H:19])([H:20])[H:21])([H:11])[C:2](=[O:1])[O:3][H:10])([H:12])[H:13])([H:14])[H:15])[H:17],13.0,5.0
15,0.04424761904761905,AM1BCC,AmberTools,,,H,,16,[H:16][C:7]1([C:6]([C:5]([C:4]([C:9]([C:8]1([H:18])[H:19])([H:20])[H:21])([H:11])[C:2](=[O:1])[O:3][H:10])([H:12])[H:13])([H:14])[H:15])[H:17],13.0,5.0
16,0.04424761904761905,AM1BCC,AmberTools,,,H,,17,[H:16][C:7]1([C:6]([C:5]([C:4]([C:9]([C:8]1([H:18])[H:19])([H:20])[H:21])([H:11])[C:2](=[O:1])[O:3][H:10])([H:12])[H:13])([H:14])[H:15])[H:17],13.0,5.0
17,0.04424761904761905,AM1BCC,AmberTools,,,H,,18,[H:16][C:7]1([C:6]([C:5]([C:4]([C:9]([C:8]1([H:18])[H:19])([H:20])[H:21])([H:11])[C:2](=[O:1])[O:3][H:10])([H:12])[H:13])([H:14])[H:15])[H:17],13.0,5.0
18,0.04424761904761905,AM1BCC,AmberTools,,,H,,19,[H:16][C:7]1([C:6]([C:5]([C:4]([C:9]([C:8]1([H:18])[H:19])([H:20])[H:21])([H:11])[C:2](=[O:1])[O:3][H:10])([H:12])[H:13])([H:14])[H:15])[H:17],13.0,5.0
19,0.055247619047619045,AM1BCC,AmberTools,,,H,,20,[H:16][C:7]1([C:6]([C:5]([C:4]([C:9]([C:8]1([H:18])[H:19])([H:20])[H:21])([H:11])[C:2](=[O:1])[O:3][H:10])([H:12])[H:13])([H:14])[H:15])[H:17],13.0,5.0
20,0.055247619047619045,AM1BCC,AmberTools,,,H,,21,[H:16][C:7]1([C:6]([C:5]([C:4]([C:9]([C:8]1([H:18])[H:19])([H:20])[H:21])([H:11])[C:2](=[O:1])[O:3][H:10])([H:12])[H:13])([H:14])[H:15])[H:17],13.0,5.0
0,-0.5524799834404673,AM1BCC,OpenEye,,,O,,1,[H:16][C:7]1([C:6]([C:5]([C:4]([C:9]([C:8]1([H:18])[H:19])([H:20])[H:21])([H:11])[C:2](=[O:1])[O:3][H:10])([H:12])[H:13])([H:14])[H:15])[H:17],13.0,6.0
1,0.6331300128783498,AM1BCC,OpenEye,,,C,,2,[H:16][C:7]1([C:6]([C:5]([C:4]([C:9]([C:8]1([H:18])[H:19])([H:20])[H:21])([H:11])[C:2](=[O:1])[O:3][H:10])([H:12])[H:13])([H:14])[H:15])[H:17],13.0,6.0
2,-0.6041100035820689,AM1BCC,OpenEye,,,O,,3,[H:16][C:7]1([C:6]([C:5]([C:4]([C:9]([C:8]1([H:18])[H:19])([H:20])[H:21])([H:11])[C:2](=[O:1])[O:3][H:10])([H:12])[H:13])([H:14])[H:15])[H:17],13.0,6.0
3,-0.10592000292880195,AM1BCC,OpenEye,,,C,,4,[H:16][C:7]1([C:6]([C:5]([C:4]([C:9]([C:8]1([H:18])[H:19])([H:20])[H:21])([H:11])[C:2](=[O:1])[O:3][H:10])([H:12])[H:13])([H:14])[H:15])[H:17],13.0,6.0
4,-0.07316999988896507,AM1BCC,OpenEye,,,C,,5,[H:16][C:7]1([C:6]([C:5]([C:4]([C:9]([C:8]1([H:18])[H:19])([H:20])[H:21])([H:11])[C:2](=[O:1])[O:3][H:10])([H:12])[H:13])([H:14])[H:15])[H:17],13.0,6.0
5,-0.07631000237805503,AM1BCC,OpenEye,,,C,,6,[H:16][C:7]1([C:6]([C:5]([C:4]([C:9]([C:8]1([H:18])[H:19])([H:20])[H:21])([H:11])[C:2](=[O:1])[O:3][H:10])([H:12])[H:13])([H:14])[H:15])[H:17],13.0,6.0
6,-0.08016000049454826,AM1BCC,OpenEye,,,C,,7,[H:16][C:7]1([C:6]([C:5]([C:4]([C:9]([C:8]1([H:18])[H:19])([H:20])[H:21])([H:11])[C:2](=[O:1])[O:3][H:10])([H:12])[H:13])([H:14])[H:15])[H:17],13.0,6.0
7,-0.07631000237805503,AM1BCC,OpenEye,,,C,,8,[H:16][C:7]1([C:6]([C:5]([C:4]([C:9]([C:8]1([H:18])[H:19])([H:20])[H:21])([H:11])[C:2](=[O:1])[O:3][H:10])([H:12])[H:13])([H:14])[H:15])[H:17],13.0,6.0
8,-0.07316999988896507,AM1BCC,OpenEye,,,C,,9,[H:16][C:7]1([C:6]([C:5]([C:4]([C:9]([C:8]1([H:18])[H:19])([H:20])[H:21])([H:11])[C:2](=[O:1])[O:3][H:10])([H:12])[H:13])([H:14])[H:15])[H:17],13.0,6.0
9,0.4431399990405355,AM1BCC,OpenEye,,,H,,10,[H:16][C:7]1([C:6]([C:5]([C:4]([C:9]([C:8]1([H:18])[H:19])([H:20])[H:21])([H:11])[C:2](=[O:1])[O:3][H:10])([H:12])[H:13])([H:14])[H:15])[H:17],13.0,6.0
10,0.081179997750691,AM1BCC,OpenEye,,,H,,11,[H:16][C:7]1([C:6]([C:5]([C:4]([C:9]([C:8]1([H:18])[H:19])([H:20])[H:21])([H:11])[C:2](=[O:1])[O:3][H:10])([H:12])[H:13])([H:14])[H:15])[H:17],13.0,6.0
11,0.055699999311140606,AM1BCC,OpenEye,,,H,,12,[H:16][C:7]1([C:6]([C:5]([C:4]([C:9]([C:8]1([H:18])[H:19])([H:20])[H:21])([H:11])[C:2](=[O:1])[O:3][H:10])([H:12])[H:13])([H:14])[H:15])[H:17],13.0,6.0
12,0.055699999311140606,AM1BCC,OpenEye,,,H,,13,[H:16][C:7]1([C:6]([C:5]([C:4]([C:9]([C:8]1([H:18])[H:19])([H:20])[H:21])([H:11])[C:2](=[O:1])[O:3][H:10])([H:12])[H:13])([H:14])[H:15])[H:17],13.0,6.0
13,0.0436399978186403,AM1BCC,OpenEye,,,H,,14,[H:16][C:7]1([C:6]([C:5]([C:4]([C:9]([C:8]1([H:18])[H:19])([H:20])[H:21])([H:11])[C:2](=[O:1])[O:3][H:10])([H:12])[H:13])([H:14])[H:15])[H:17],13.0,6.0
14,0.0436399978186403,AM1BCC,OpenEye,,,H,,15,[H:16][C:7]1([C:6]([C:5]([C:4]([C:9]([C:8]1([H:18])[H:19])([H:20])[H:21])([H:11])[C:2](=[O:1])[O:3][H:10])([H:12])[H:13])([H:14])[H:15])[H:17],13.0,6.0
15,0.04340999839561326,AM1BCC,OpenEye,,,H,,16,[H:16][C:7]1([C:6]([C:5]([C:4]([C:9]([C:8]1([H:18])[H:19])([H:20])[H:21])([H:11])[C:2](=[O:1])[O:3][H:10])([H:12])[H:13])([H:14])[H:15])[H:17],13.0,6.0
16,0.04340999839561326,AM1BCC,OpenEye,,,H,,17,[H:16][C:7]1([C:6]([C:5]([C:4]([C:9]([C:8]1([H:18])[H:19])([H:20])[H:21])([H:11])[C:2](=[O:1])[O:3][H:10])([H:12])[H:13])([H:14])[H:15])[H:17],13.0,6.0
17,0.0436399978186403,AM1BCC,OpenEye,,,H,,18,[H:16][C:7]1([C:6]([C:5]([C:4]([C:9]([C:8]1([H:18])[H:19])([H:20])[H:21])([H:11])[C:2](=[O:1])[O:3][H:10])([H:12])[H:13])([H:14])[H:15])[H:17],13.0,6.0
18,0.0436399978186403,AM1BCC,OpenEye,,,H,,19,[H:16][C:7]1([C:6]([C:5]([C:4]([C:9]([C:8]1([H:18])[H:19])([H:20])[H:21])([H:11])[C:2](=[O:1])[O:3][H:10])([H:12])[H:13])([H:14])[H:15])[H:17],13.0,6.0
19,0.055699999311140606,AM1BCC,OpenEye,,,H,,20,[H:16][C:7]1([C:6]([C:5]([C:4]([C:9]([C:8]1([H:18])[H:19])([H:20])[H:21])([H:11])[C:2](=[O:1])[O:3][H:10])([H:12])[H:13])([H:14])[H:15])[H:17],13.0,6.0
20,0.055699999311140606,AM1BCC,OpenEye,,,H,,21,[H:16][C:7]1([C:6]([C:5]([C:4]([C:9]([C:8]1([H:18])[H:19])([H:20])[H:21])([H:11])[C:2](=[O:1])[O:3][H:10])([H:12])[H:13])([H:14])[H:15])[H:17],13.0,6.0
0,-0.550952380952381,AM1BCC,AmberTools,,,O,,1,[H:16][C:7]1([C:6]([C:5]([C:4]([C:9]([C:8]1([H:18])[H:19])([H:20])[H:21])([H:11])[C:2](=[O:1])[O:3][H:10])([H:12])[H:13])([H:14])[H:15])[H:17],13.0,6.0
1,0.6361476190476191,AM1BCC,AmberTools,,,C,,2,[H:16][C:7]1([C:6]([C:5]([C:4]([C:9]([C:8]1([H:18])[H:19])([H:20])[H:21])([H:11])[C:2](=[O:1])[O:3][H:10])([H:12])[H:13])([H:14])[H:15])[H:17],13.0,6.0
2,-0.6100523809523809,AM1BCC,AmberTools,,,O,,3,[H:16][C:7]1([C:6]([C:5]([C:4]([C:9]([C:8]1([H:18])[H:19])([H:20])[H:21])([H:11])[C:2](=[O:1])[O:3][H:10])([H:12])[H:13])([H:14])[H:15])[H:17],13.0,6.0
3,-0.10465238095238096,AM1BCC,AmberTools,,,C,,4,[H:16][C:7]1([C:6]([C:5]([C:4]([C:9]([C:8]1([H:18])[H:19])([H:20])[H:21])([H:11])[C:2](=[O:1])[O:3][H:10])([H:12])[H:13])([H:14])[H:15])[H:17],13.0,6.0
4,-0.07435238095238095,AM1BCC,AmberTools,,,C,,5,[H:16][C:7]1([C:6]([C:5]([C:4]([C:9]([C:8]1([H:18])[H:19])([H:20])[H:21])([H:11])[C:2](=[O:1])[O:3][H:10])([H:12])[H:13])([H:14])[H:15])[H:17],13.0,6.0
5,-0.07635238095238095,AM1BCC,AmberTools,,,C,,6,[H:16][C:7]1([C:6]([C:5]([C:4]([C:9]([C:8]1([H:18])[H:19])([H:20])[H:21])([H:11])[C:2](=[O:1])[O:3][H:10])([H:12])[H:13])([H:14])[H:15])[H:17],13.0,6.0
6,-0.08035238095238095,AM1BCC,AmberTools,,,C,,7,[H:16][C:7]1([C:6]([C:5]([C:4]([C:9]([C:8]1([H:18])[H:19])([H:20])[H:21])([H:11])[C:2](=[O:1])[O:3][H:10])([H:12])[H:13])([H:14])[H:15])[H:17],13.0,6.0
7,-0.07635238095238095,AM1BCC,AmberTools,,,C,,8,[H:16][C:7]1([C:6]([C:5]([C:4]([C:9]([C:8]1([H:18])[H:19])([H:20])[H:21])([H:11])[C:2](=[O:1])[O:3][H:10])([H:12])[H:13])([H:14])[H:15])[H:17],13.0,6.0
8,-0.07435238095238095,AM1BCC,AmberTools,,,C,,9,[H:16][C:7]1([C:6]([C:5]([C:4]([C:9]([C:8]1([H:18])[H:19])([H:20])[H:21])([H:11])[C:2](=[O:1])[O:3][H:10])([H:12])[H:13])([H:14])[H:15])[H:17],13.0,6.0
9,0.442047619047619,AM1BCC,AmberTools,,,H,,10,[H:16][C:7]1([C:6]([C:5]([C:4]([C:9]([C:8]1([H:18])[H:19])([H:20])[H:21])([H:11])[C:2](=[O:1])[O:3][H:10])([H:12])[H:13])([H:14])[H:15])[H:17],13.0,6.0
10,0.08274761904761904,AM1BCC,AmberTools,,,H,,11,[H:16][C:7]1([C:6]([C:5]([C:4]([C:9]([C:8]1([H:18])[H:19])([H:20])[H:21])([H:11])[C:2](=[O:1])[O:3][H:10])([H:12])[H:13])([H:14])[H:15])[H:17],13.0,6.0
11,0.055247619047619045,AM1BCC,AmberTools,,,H,,12,[H:16][C:7]1([C:6]([C:5]([C:4]([C:9]([C:8]1([H:18])[H:19])([H:20])[H:21])([H:11])[C:2](=[O:1])[O:3][H:10])([H:12])[H:13])([H:14])[H:15])[H:17],13.0,6.0
12,0.055247619047619045,AM1BCC,AmberTools,,,H,,13,[H:16][C:7]1([C:6]([C:5]([C:4]([C:9]([C:8]1([H:18])[H:19])([H:20])[H:21])([H:11])[C:2](=[O:1])[O:3][H:10])([H:12])[H:13])([H:14])[H:15])[H:17],13.0,6.0
13,0.04424761904761905,AM1BCC,AmberTools,,,H,,14,[H:16][C:7]1([C:6]([C:5]([C:4]([C:9]([C:8]1([H:18])[H:19])([H:20])[H:21])([H:11])[C:2](=[O:1])[O:3][H:10])([H:12])[H:13])([H:14])[H:15])[H:17],13.0,6.0
14,0.04424761904761905,AM1BCC,AmberTools,,,H,,15,[H:16][C:7]1([C:6]([C:5]([C:4]([C:9]([C:8]1([H:18])[H:19])([H:20])[H:21])([H:11])[C:2](=[O:1])[O:3][H:10])([H:12])[H:13])([H:14])[H:15])[H:17],13.0,6.0
15,0.04424761904761905,AM1BCC,AmberTools,,,H,,16,[H:16][C:7]1([C:6]([C:5]([C:4]([C:9]([C:8]1([H:18])[H:19])([H:20])[H:21])([H:11])[C:2](=[O:1])[O:3][H:10])([H:12])[H:13])([H:14])[H:15])[H:17],13.0,6.0
16,0.04424761904761905,AM1BCC,AmberTools,,,H,,17,[H:16][C:7]1([C:6]([C:5]([C:4]([C:9]([C:8]1([H:18])[H:19])([H:20])[H:21])([H:11])[C:2](=[O:1])[O:3][H:10])([H:12])[H:13])([H:14])[H:15])[H:17],13.0,6.0
17,0.04424761904761905,AM1BCC,AmberTools,,,H,,18,[H:16][C:7]1([C:6]([C:5]([C:4]([C:9]([C:8]1([H:18])[H:19])([H:20])[H:21])([H:11])[C:2](=[O:1])[O:3][H:10])([H:12])[H:13])([H:14])[H:15])[H:17],13.0,6.0
18,0.04424761904761905,AM1BCC,AmberTools,,,H,,19,[H:16][C:7]1([C:6]([C:5]([C:4]([C:9]([C:8]1([H:18])[H:19])([H:20])[H:21])([H:11])[C:2](=[O:1])[O:3][H:10])([H:12])[H:13])([H:14])[H:15])[H:17],13.0,6.0
19,0.055247619047619045,AM1BCC,AmberTools,,,H,,20,[H:16][C:7]1([C:6]([C:5]([C:4]([C:9]([C:8]1([H:18])[H:19])([H:20])[H:21])([H:11])[C:2](=[O:1])[O:3][H:10])([H:12])[H:13])([H:14])[H:15])[H:17],13.0,6.0
20,0.055247619047619045,AM1BCC,AmberTools,,,H,,21,[H:16][C:7]1([C:6]([C:5]([C:4]([C:9]([C:8]1([H:18])[H:19])([H:20])[H:21])([H:11])[C:2](=[O:1])[O:3][H:10])([H:12])[H:13])([H:14])[H:15])[H:17],13.0,6.0
0,-0.5524799834404673,AM1BCC,OpenEye,,,O,,1,[H:16][C:7]1([C:6]([C:5]([C:4]([C:9]([C:8]1([H:18])[H:19])([H:20])[H:21])([H:11])[C:2](=[O:1])[O:3][H:10])([H:12])[H:13])([H:14])[H:15])[H:17],13.0,7.0
1,0.6331300128783498,AM1BCC,OpenEye,,,C,,2,[H:16][C:7]1([C:6]([C:5]([C:4]([C:9]([C:8]1([H:18])[H:19])([H:20])[H:21])([H:11])[C:2](=[O:1])[O:3][H:10])([H:12])[H:13])([H:14])[H:15])[H:17],13.0,7.0
2,-0.6041100035820689,AM1BCC,OpenEye,,,O,,3,[H:16][C:7]1([C:6]([C:5]([C:4]([C:9]([C:8]1([H:18])[H:19])([H:20])[H:21])([H:11])[C:2](=[O:1])[O:3][H:10])([H:12])[H:13])([H:14])[H:15])[H:17],13.0,7.0
3,-0.10592000292880195,AM1BCC,OpenEye,,,C,,4,[H:16][C:7]1([C:6]([C:5]([C:4]([C:9]([C:8]1([H:18])[H:19])([H:20])[H:21])([H:11])[C:2](=[O:1])[O:3][H:10])([H:12])[H:13])([H:14])[H:15])[H:17],13.0,7.0
4,-0.07316999988896507,AM1BCC,OpenEye,,,C,,5,[H:16][C:7]1([C:6]([C:5]([C:4]([C:9]([C:8]1([H:18])[H:19])([H:20])[H:21])([H:11])[C:2](=[O:1])[O:3][H:10])([H:12])[H:13])([H:14])[H:15])[H:17],13.0,7.0
5,-0.07631000237805503,AM1BCC,OpenEye,,,C,,6,[H:16][C:7]1([C:6]([C:5]([C:4]([C:9]([C:8]1([H:18])[H:19])([H:20])[H:21])([H:11])[C:2](=[O:1])[O:3][H:10])([H:12])[H:13])([H:14])[H:15])[H:17],13.0,7.0
6,-0.08016000049454826,AM1BCC,OpenEye,,,C,,7,[H:16][C:7]1([C:6]([C:5]([C:4]([C:9]([C:8]1([H:18])[H:19])([H:20])[H:21])([H:11])[C:2](=[O:1])[O:3][H:10])([H:12])[H:13])([H:14])[H:15])[H:17],13.0,7.0
7,-0.07631000237805503,AM1BCC,OpenEye,,,C,,8,[H:16][C:7]1([C:6]([C:5]([C:4]([C:9]([C:8]1([H:18])[H:19])([H:20])[H:21])([H:11])[C:2](=[O:1])[O:3][H:10])([H:12])[H:13])([H:14])[H:15])[H:17],13.0,7.0
8,-0.07316999988896507,AM1BCC,OpenEye,,,C,,9,[H:16][C:7]1([C:6]([C:5]([C:4]([C:9]([C:8]1([H:18])[H:19])([H:20])[H:21])([H:11])[C:2](=[O:1])[O:3][H:10])([H:12])[H:13])([H:14])[H:15])[H:17],13.0,7.0
9,0.4431399990405355,AM1BCC,OpenEye,,,H,,10,[H:16][C:7]1([C:6]([C:5]([C:4]([C:9]([C:8]1([H:18])[H:19])([H:20])[H:21])([H:11])[C:2](=[O:1])[O:3][H:10])([H:12])[H:13])([H:14])[H:15])[H:17],13.0,7.0
10,0.081179997750691,AM1BCC,OpenEye,,,H,,11,[H:16][C:7]1([C:6]([C:5]([C:4]([C:9]([C:8]1([H:18])[H:19])([H:20])[H:21])([H:11])[C:2](=[O:1])[O:3][H:10])([H:12])[H:13])([H:14])[H:15])[H:17],13.0,7.0
11,0.055699999311140606,AM1BCC,OpenEye,,,H,,12,[H:16][C:7]1([C:6]([C:5]([C:4]([C:9]([C:8]1([H:18])[H:19])([H:20])[H:21])([H:11])[C:2](=[O:1])[O:3][H:10])([H:12])[H:13])([H:14])[H:15])[H:17],13.0,7.0
12,0.055699999311140606,AM1BCC,OpenEye,,,H,,13,[H:16][C:7]1([C:6]([C:5]([C:4]([C:9]([C:8]1([H:18])[H:19])([H:20])[H:21])([H:11])[C:2](=[O:1])[O:3][H:10])([H:12])[H:13])([H:14])[H:15])[H:17],13.0,7.0
13,0.0436399978186403,AM1BCC,OpenEye,,,H,,14,[H:16][C:7]1([C:6]([C:5]([C:4]([C:9]([C:8]1([H:18])[H:19])([H:20])[H:21])([H:11])[C:2](=[O:1])[O:3][H:10])([H:12])[H:13])([H:14])[H:15])[H:17],13.0,7.0
14,0.0436399978186403,AM1BCC,OpenEye,,,H,,15,[H:16][C:7]1([C:6]([C:5]([C:4]([C:9]([C:8]1([H:18])[H:19])([H:20])[H:21])([H:11])[C:2](=[O:1])[O:3][H:10])([H:12])[H:13])([H:14])[H:15])[H:17],13.0,7.0
15,0.04340999839561326,AM1BCC,OpenEye,,,H,,16,[H:16][C:7]1([C:6]([C:5]([C:4]([C:9]([C:8]1([H:18])[H:19])([H:20])[H:21])([H:11])[C:2](=[O:1])[O:3][H:10])([H:12])[H:13])([H:14])[H:15])[H:17],13.0,7.0
16,0.04340999839561326,AM1BCC,OpenEye,,,H,,17,[H:16][C:7]1([C:6]([C:5]([C:4]([C:9]([C:8]1([H:18])[H:19])([H:20])[H:21])([H:11])[C:2](=[O:1])[O:3][H:10])([H:12])[H:13])([H:14])[H:15])[H:17],13.0,7.0
17,0.0436399978186403,AM1BCC,OpenEye,,,H,,18,[H:16][C:7]1([C:6]([C:5]([C:4]([C:9]([C:8]1([H:18])[H:19])([H:20])[H:21])([H:11])[C:2](=[O:1])[O:3][H:10])([H:12])[H:13])([H:14])[H:15])[H:17],13.0,7.0
18,0.0436399978186403,AM1BCC,OpenEye,,,H,,19,[H:16][C:7]1([C:6]([C:5]([C:4]([C:9]([C:8]1([H:18])[H:19])([H:20])[H:21])([H:11])[C:2](=[O:1])[O:3][H:10])([H:12])[H:13])([H:14])[H:15])[H:17],13.0,7.0
19,0.055699999311140606,AM1BCC,OpenEye,,,H,,20,[H:16][C:7]1([C:6]([C:5]([C:4]([C:9]([C:8]1([H:18])[H:19])([H:20])[H:21])([H:11])[C:2](=[O:1])[O:3][H:10])([H:12])[H:13])([H:14])[H:15])[H:17],13.0,7.0
20,0.055699999311140606,AM1BCC,OpenEye,,,H,,21,[H:16][C:7]1([C:6]([C:5]([C:4]([C:9]([C:8]1([H:18])[H:19])([H:20])[H:21])([H:11])[C:2](=[O:1])[O:3][H:10])([H:12])[H:13])([H:14])[H:15])[H:17],13.0,7.0
0,-0.550952380952381,AM1BCC,AmberTools,,,O,,1,[H:16][C:7]1([C:6]([C:5]([C:4]([C:9]([C:8]1([H:18])[H:19])([H:20])[H:21])([H:11])[C:2](=[O:1])[O:3][H:10])([H:12])[H:13])([H:14])[H:15])[H:17],13.0,7.0
1,0.6361476190476191,AM1BCC,AmberTools,,,C,,2,[H:16][C:7]1([C:6]([C:5]([C:4]([C:9]([C:8]1([H:18])[H:19])([H:20])[H:21])([H:11])[C:2](=[O:1])[O:3][H:10])([H:12])[H:13])([H:14])[H:15])[H:17],13.0,7.0
2,-0.6100523809523809,AM1BCC,AmberTools,,,O,,3,[H:16][C:7]1([C:6]([C:5]([C:4]([C:9]([C:8]1([H:18])[H:19])([H:20])[H:21])([H:11])[C:2](=[O:1])[O:3][H:10])([H:12])[H:13])([H:14])[H:15])[H:17],13.0,7.0
3,-0.10465238095238096,AM1BCC,AmberTools,,,C,,4,[H:16][C:7]1([C:6]([C:5]([C:4]([C:9]([C:8]1([H:18])[H:19])([H:20])[H:21])([H:11])[C:2](=[O:1])[O:3][H:10])([H:12])[H:13])([H:14])[H:15])[H:17],13.0,7.0
4,-0.07435238095238095,AM1BCC,AmberTools,,,C,,5,[H:16][C:7]1([C:6]([C:5]([C:4]([C:9]([C:8]1([H:18])[H:19])([H:20])[H:21])([H:11])[C:2](=[O:1])[O:3][H:10])([H:12])[H:13])([H:14])[H:15])[H:17],13.0,7.0
5,-0.07635238095238095,AM1BCC,AmberTools,,,C,,6,[H:16][C:7]1([C:6]([C:5]([C:4]([C:9]([C:8]1([H:18])[H:19])([H:20])[H:21])([H:11])[C:2](=[O:1])[O:3][H:10])([H:12])[H:13])([H:14])[H:15])[H:17],13.0,7.0
6,-0.08035238095238095,AM1BCC,AmberTools,,,C,,7,[H:16][C:7]1([C:6]([C:5]([C:4]([C:9]([C:8]1([H:18])[H:19])([H:20])[H:21])([H:11])[C:2](=[O:1])[O:3][H:10])([H:12])[H:13])([H:14])[H:15])[H:17],13.0,7.0
7,-0.07635238095238095,AM1BCC,AmberTools,,,C,,8,[H:16][C:7]1([C:6]([C:5]([C:4]([C:9]([C:8]1([H:18])[H:19])([H:20])[H:21])([H:11])[C:2](=[O:1])[O:3][H:10])([H:12])[H:13])([H:14])[H:15])[H:17],13.0,7.0
8,-0.07435238095238095,AM1BCC,AmberTools,,,C,,9,[H:16][C:7]1([C:6]([C:5]([C:4]([C:9]([C:8]1([H:18])[H:19])([H:20])[H:21])([H:11])[C:2](=[O:1])[O:3][H:10])([H:12])[H:13])([H:14])[H:15])[H:17],13.0,7.0
9,0.442047619047619,AM1BCC,AmberTools,,,H,,10,[H:16][C:7]1([C:6]([C:5]([C:4]([C:9]([C:8]1([H:18])[H:19])([H:20])[H:21])([H:11])[C:2](=[O:1])[O:3][H:10])([H:12])[H:13])([H:14])[H:15])[H:17],13.0,7.0
10,0.08274761904761904,AM1BCC,AmberTools,,,H,,11,[H:16][C:7]1([C:6]([C:5]([C:4]([C:9]([C:8]1([H:18])[H:19])([H:20])[H:21])([H:11])[C:2](=[O:1])[O:3][H:10])([H:12])[H:13])([H:14])[H:15])[H:17],13.0,7.0
11,0.055247619047619045,AM1BCC,AmberTools,,,H,,12,[H:16][C:7]1([C:6]([C:5]([C:4]([C:9]([C:8]1([H:18])[H:19])([H:20])[H:21])([H:11])[C:2](=[O:1])[O:3][H:10])([H:12])[H:13])([H:14])[H:15])[H:17],13.0,7.0
12,0.055247619047619045,AM1BCC,AmberTools,,,H,,13,[H:16][C:7]1([C:6]([C:5]([C:4]([C:9]([C:8]1([H:18])[H:19])([H:20])[H:21])([H:11])[C:2](=[O:1])[O:3][H:10])([H:12])[H:13])([H:14])[H:15])[H:17],13.0,7.0
13,0.04424761904761905,AM1BCC,AmberTools,,,H,,14,[H:16][C:7]1([C:6]([C:5]([C:4]([C:9]([C:8]1([H:18])[H:19])([H:20])[H:21])([H:11])[C:2](=[O:1])[O:3][H:10])([H:12])[H:13])([H:14])[H:15])[H:17],13.0,7.0
14,0.04424761904761905,AM1BCC,AmberTools,,,H,,15,[H:16][C:7]1([C:6]([C:5]([C:4]([C:9]([C:8]1([H:18])[H:19])([H:20])[H:21])([H:11])[C:2](=[O:1])[O:3][H:10])([H:12])[H:13])([H:14])[H:15])[H:17],13.0,7.0
15,0.04424761904761905,AM1BCC,AmberTools,,,H,,16,[H:16][C:7]1([C:6]([C:5]([C:4]([C:9]([C:8]1([H:18])[H:19])([H:20])[H:21])([H:11])[C:2](=[O:1])[O:3][H:10])([H:12])[H:13])([H:14])[H:15])[H:17],13.0,7.0
16,0.04424761904761905,AM1BCC,AmberTools,,,H,,17,[H:16][C:7]1([C:6]([C:5]([C:4]([C:9]([C:8]1([H:18])[H:19])([H:20])[H:21])([H:11])[C:2](=[O:1])[O:3][H:10])([H:12])[H:13])([H:14])[H:15])[H:17],13.0,7.0
17,0.04424761904761905,AM1BCC,AmberTools,,,H,,18,[H:16][C:7]1([C:6]([C:5]([C:4]([C:9]([C:8]1([H:18])[H:19])([H:20])[H:21])([H:11])[C:2](=[O:1])[O:3][H:10])([H:12])[H:13])([H:14])[H:15])[H:17],13.0,7.0
18,0.04424761904761905,AM1BCC,AmberTools,,,H,,19,[H:16][C:7]1([C:6]([C:5]([C:4]([C:9]([C:8]1([H:18])[H:19])([H:20])[H:21])([H:11])[C:2](=[O:1])[O:3][H:10])([H:12])[H:13])([H:14])[H:15])[H:17],13.0,7.0
19,0.055247619047619045,AM1BCC,AmberTools,,,H,,20,[H:16][C:7]1([C:6]([C:5]([C:4]([C:9]([C:8]1([H:18])[H:19])([H:20])[H:21])([H:11])[C:2](=[O:1])[O:3][H:10])([H:12])[H:13])([H:14])[H:15])[H:17],13.0,7.0
20,0.055247619047619045,AM1BCC,AmberTools,,,H,,21,[H:16][C:7]1([C:6]([C:5]([C:4]([C:9]([C:8]1([H:18])[H:19])([H:20])[H:21])([H:11])[C:2](=[O:1])[O:3][H:10])([H:12])[H:13])([H:14])[H:15])[H:17],13.0,7.0
0,-0.5524799834404673,AM1BCC,OpenEye,,,O,,1,[H:16][C:7]1([C:6]([C:5]([C:4]([C:9]([C:8]1([H:18])[H:19])([H:20])[H:21])([H:11])[C:2](=[O:1])[O:3][H:10])([H:12])[H:13])([H:14])[H:15])[H:17],13.0,8.0
1,0.6331300128783498,AM1BCC,OpenEye,,,C,,2,[H:16][C:7]1([C:6]([C:5]([C:4]([C:9]([C:8]1([H:18])[H:19])([H:20])[H:21])([H:11])[C:2](=[O:1])[O:3][H:10])([H:12])[H:13])([H:14])[H:15])[H:17],13.0,8.0
2,-0.6041100035820689,AM1BCC,OpenEye,,,O,,3,[H:16][C:7]1([C:6]([C:5]([C:4]([C:9]([C:8]1([H:18])[H:19])([H:20])[H:21])([H:11])[C:2](=[O:1])[O:3][H:10])([H:12])[H:13])([H:14])[H:15])[H:17],13.0,8.0
3,-0.10592000292880195,AM1BCC,OpenEye,,,C,,4,[H:16][C:7]1([C:6]([C:5]([C:4]([C:9]([C:8]1([H:18])[H:19])([H:20])[H:21])([H:11])[C:2](=[O:1])[O:3][H:10])([H:12])[H:13])([H:14])[H:15])[H:17],13.0,8.0
4,-0.07316999988896507,AM1BCC,OpenEye,,,C,,5,[H:16][C:7]1([C:6]([C:5]([C:4]([C:9]([C:8]1([H:18])[H:19])([H:20])[H:21])([H:11])[C:2](=[O:1])[O:3][H:10])([H:12])[H:13])([H:14])[H:15])[H:17],13.0,8.0
5,-0.07631000237805503,AM1BCC,OpenEye,,,C,,6,[H:16][C:7]1([C:6]([C:5]([C:4]([C:9]([C:8]1([H:18])[H:19])([H:20])[H:21])([H:11])[C:2](=[O:1])[O:3][H:10])([H:12])[H:13])([H:14])[H:15])[H:17],13.0,8.0
6,-0.08016000049454826,AM1BCC,OpenEye,,,C,,7,[H:16][C:7]1([C:6]([C:5]([C:4]([C:9]([C:8]1([H:18])[H:19])([H:20])[H:21])([H:11])[C:2](=[O:1])[O:3][H:10])([H:12])[H:13])([H:14])[H:15])[H:17],13.0,8.0
7,-0.07631000237805503,AM1BCC,OpenEye,,,C,,8,[H:16][C:7]1([C:6]([C:5]([C:4]([C:9]([C:8]1([H:18])[H:19])([H:20])[H:21])([H:11])[C:2](=[O:1])[O:3][H:10])([H:12])[H:13])([H:14])[H:15])[H:17],13.0,8.0
8,-0.07316999988896507,AM1BCC,OpenEye,,,C,,9,[H:16][C:7]1([C:6]([C:5]([C:4]([C:9]([C:8]1([H:18])[H:19])([H:20])[H:21])([H:11])[C:2](=[O:1])[O:3][H:10])([H:12])[H:13])([H:14])[H:15])[H:17],13.0,8.0
9,0.4431399990405355,AM1BCC,OpenEye,,,H,,10,[H:16][C:7]1([C:6]([C:5]([C:4]([C:9]([C:8]1([H:18])[H:19])([H:20])[H:21])([H:11])[C:2](=[O:1])[O:3][H:10])([H:12])[H:13])([H:14])[H:15])[H:17],13.0,8.0
10,0.081179997750691,AM1BCC,OpenEye,,,H,,11,[H:16][C:7]1([C:6]([C:5]([C:4]([C:9]([C:8]1([H:18])[H:19])([H:20])[H:21])([H:11])[C:2](=[O:1])[O:3][H:10])([H:12])[H:13])([H:14])[H:15])[H:17],13.0,8.0
11,0.055699999311140606,AM1BCC,OpenEye,,,H,,12,[H:16][C:7]1([C:6]([C:5]([C:4]([C:9]([C:8]1([H:18])[H:19])([H:20])[H:21])([H:11])[C:2](=[O:1])[O:3][H:10])([H:12])[H:13])([H:14])[H:15])[H:17],13.0,8.0
12,0.055699999311140606,AM1BCC,OpenEye,,,H,,13,[H:16][C:7]1([C:6]([C:5]([C:4]([C:9]([C:8]1([H:18])[H:19])([H:20])[H:21])([H:11])[C:2](=[O:1])[O:3][H:10])([H:12])[H:13])([H:14])[H:15])[H:17],13.0,8.0
13,0.0436399978186403,AM1BCC,OpenEye,,,H,,14,[H:16][C:7]1([C:6]([C:5]([C:4]([C:9]([C:8]1([H:18])[H:19])([H:20])[H:21])([H:11])[C:2](=[O:1])[O:3][H:10])([H:12])[H:13])([H:14])[H:15])[H:17],13.0,8.0
14,0.0436399978186403,AM1BCC,OpenEye,,,H,,15,[H:16][C:7]1([C:6]([C:5]([C:4]([C:9]([C:8]1([H:18])[H:19])([H:20])[H:21])([H:11])[C:2](=[O:1])[O:3][H:10])([H:12])[H:13])([H:14])[H:15])[H:17],13.0,8.0
15,0.04340999839561326,AM1BCC,OpenEye,,,H,,16,[H:16][C:7]1([C:6]([C:5]([C:4]([C:9]([C:8]1([H:18])[H:19])([H:20])[H:21])([H:11])[C:2](=[O:1])[O:3][H:10])([H:12])[H:13])([H:14])[H:15])[H:17],13.0,8.0
16,0.04340999839561326,AM1BCC,OpenEye,,,H,,17,[H:16][C:7]1([C:6]([C:5]([C:4]([C:9]([C:8]1([H:18])[H:19])([H:20])[H:21])([H:11])[C:2](=[O:1])[O:3][H:10])([H:12])[H:13])([H:14])[H:15])[H:17],13.0,8.0
17,0.0436399978186403,AM1BCC,OpenEye,,,H,,18,[H:16][C:7]1([C:6]([C:5]([C:4]([C:9]([C:8]1([H:18])[H:19])([H:20])[H:21])([H:11])[C:2](=[O:1])[O:3][H:10])([H:12])[H:13])([H:14])[H:15])[H:17],13.0,8.0
18,0.0436399978186403,AM1BCC,OpenEye,,,H,,19,[H:16][C:7]1([C:6]([C:5]([C:4]([C:9]([C:8]1([H:18])[H:19])([H:20])[H:21])([H:11])[C:2](=[O:1])[O:3][H:10])([H:12])[H:13])([H:14])[H:15])[H:17],13.0,8.0
19,0.055699999311140606,AM1BCC,OpenEye,,,H,,20,[H:16][C:7]1([C:6]([C:5]([C:4]([C:9]([C:8]1([H:18])[H:19])([H:20])[H:21])([H:11])[C:2](=[O:1])[O:3][H:10])([H:12])[H:13])([H:14])[H:15])[H:17],13.0,8.0
20,0.055699999311140606,AM1BCC,OpenEye,,,H,,21,[H:16][C:7]1([C:6]([C:5]([C:4]([C:9]([C:8]1([H:18])[H:19])([H:20])[H:21])([H:11])[C:2](=[O:1])[O:3][H:10])([H:12])[H:13])([H:14])[H:15])[H:17],13.0,8.0
0,-0.550952380952381,AM1BCC,AmberTools,,,O,,1,[H:16][C:7]1([C:6]([C:5]([C:4]([C:9]([C:8]1([H:18])[H:19])([H:20])[H:21])([H:11])[C:2](=[O:1])[O:3][H:10])([H:12])[H:13])([H:14])[H:15])[H:17],13.0,8.0
1,0.6361476190476191,AM1BCC,AmberTools,,,C,,2,[H:16][C:7]1([C:6]([C:5]([C:4]([C:9]([C:8]1([H:18])[H:19])([H:20])[H:21])([H:11])[C:2](=[O:1])[O:3][H:10])([H:12])[H:13])([H:14])[H:15])[H:17],13.0,8.0
2,-0.6100523809523809,AM1BCC,AmberTools,,,O,,3,[H:16][C:7]1([C:6]([C:5]([C:4]([C:9]([C:8]1([H:18])[H:19])([H:20])[H:21])([H:11])[C:2](=[O:1])[O:3][H:10])([H:12])[H:13])([H:14])[H:15])[H:17],13.0,8.0
3,-0.10465238095238096,AM1BCC,AmberTools,,,C,,4,[H:16][C:7]1([C:6]([C:5]([C:4]([C:9]([C:8]1([H:18])[H:19])([H:20])[H:21])([H:11])[C:2](=[O:1])[O:3][H:10])([H:12])[H:13])([H:14])[H:15])[H:17],13.0,8.0
4,-0.07435238095238095,AM1BCC,AmberTools,,,C,,5,[H:16][C:7]1([C:6]([C:5]([C:4]([C:9]([C:8]1([H:18])[H:19])([H:20])[H:21])([H:11])[C:2](=[O:1])[O:3][H:10])([H:12])[H:13])([H:14])[H:15])[H:17],13.0,8.0
5,-0.07635238095238095,AM1BCC,AmberTools,,,C,,6,[H:16][C:7]1([C:6]([C:5]([C:4]([C:9]([C:8]1([H:18])[H:19])([H:20])[H:21])([H:11])[C:2](=[O:1])[O:3][H:10])([H:12])[H:13])([H:14])[H:15])[H:17],13.0,8.0
6,-0.08035238095238095,AM1BCC,AmberTools,,,C,,7,[H:16][C:7]1([C:6]([C:5]([C:4]([C:9]([C:8]1([H:18])[H:19])([H:20])[H:21])([H:11])[C:2](=[O:1])[O:3][H:10])([H:12])[H:13])([H:14])[H:15])[H:17],13.0,8.0
7,-0.07635238095238095,AM1BCC,AmberTools,,,C,,8,[H:16][C:7]1([C:6]([C:5]([C:4]([C:9]([C:8]1([H:18])[H:19])([H:20])[H:21])([H:11])[C:2](=[O:1])[O:3][H:10])([H:12])[H:13])([H:14])[H:15])[H:17],13.0,8.0
8,-0.07435238095238095,AM1BCC,AmberTools,,,C,,9,[H:16][C:7]1([C:6]([C:5]([C:4]([C:9]([C:8]1([H:18])[H:19])([H:20])[H:21])([H:11])[C:2](=[O:1])[O:3][H:10])([H:12])[H:13])([H:14])[H:15])[H:17],13.0,8.0
9,0.442047619047619,AM1BCC,AmberTools,,,H,,10,[H:16][C:7]1([C:6]([C:5]([C:4]([C:9]([C:8]1([H:18])[H:19])([H:20])[H:21])([H:11])[C:2](=[O:1])[O:3][H:10])([H:12])[H:13])([H:14])[H:15])[H:17],13.0,8.0
10,0.08274761904761904,AM1BCC,AmberTools,,,H,,11,[H:16][C:7]1([C:6]([C:5]([C:4]([C:9]([C:8]1([H:18])[H:19])([H:20])[H:21])([H:11])[C:2](=[O:1])[O:3][H:10])([H:12])[H:13])([H:14])[H:15])[H:17],13.0,8.0
11,0.055247619047619045,AM1BCC,AmberTools,,,H,,12,[H:16][C:7]1([C:6]([C:5]([C:4]([C:9]([C:8]1([H:18])[H:19])([H:20])[H:21])([H:11])[C:2](=[O:1])[O:3][H:10])([H:12])[H:13])([H:14])[H:15])[H:17],13.0,8.0
12,0.055247619047619045,AM1BCC,AmberTools,,,H,,13,[H:16][C:7]1([C:6]([C:5]([C:4]([C:9]([C:8]1([H:18])[H:19])([H:20])[H:21])([H:11])[C:2](=[O:1])[O:3][H:10])([H:12])[H:13])([H:14])[H:15])[H:17],13.0,8.0
13,0.04424761904761905,AM1BCC,AmberTools,,,H,,14,[H:16][C:7]1([C:6]([C:5]([C:4]([C:9]([C:8]1([H:18])[H:19])([H:20])[H:21])([H:11])[C:2](=[O:1])[O:3][H:10])([H:12])[H:13])([H:14])[H:15])[H:17],13.0,8.0
14,0.04424761904761905,AM1BCC,AmberTools,,,H,,15,[H:16][C:7]1([C:6]([C:5]([C:4]([C:9]([C:8]1([H:18])[H:19])([H:20])[H:21])([H:11])[C:2](=[O:1])[O:3][H:10])([H:12])[H:13])([H:14])[H:15])[H:17],13.0,8.0
15,0.04424761904761905,AM1BCC,AmberTools,,,H,,16,[H:16][C:7]1([C:6]([C:5]([C:4]([C:9]([C:8]1([H:18])[H:19])([H:20])[H:21])([H:11])[C:2](=[O:1])[O:3][H:10])([H:12])[H:13])([H:14])[H:15])[H:17],13.0,8.0
16,0.04424761904761905,AM1BCC,AmberTools,,,H,,17,[H:16][C:7]1([C:6]([C:5]([C:4]([C:9]([C:8]1([H:18])[H:19])([H:20])[H:21])([H:11])[C:2](=[O:1])[O:3][H:10])([H:12])[H:13])([H:14])[H:15])[H:17],13.0,8.0
17,0.04424761904761905,AM1BCC,AmberTools,,,H,,18,[H:16][C:7]1([C:6]([C:5]([C:4]([C:9]([C:8]1([H:18])[H:19])([H:20])[H:21])([H:11])[C:2](=[O:1])[O:3][H:10])([H:12])[H:13])([H:14])[H:15])[H:17],13.0,8.0
18,0.04424761904761905,AM1BCC,AmberTools,,,H,,19,[H:16][C:7]1([C:6]([C:5]([C:4]([C:9]([C:8]1([H:18])[H:19])([H:20])[H:21])([H:11])[C:2](=[O:1])[O:3][H:10])([H:12])[H:13])([H:14])[H:15])[H:17],13.0,8.0
19,0.055247619047619045,AM1BCC,AmberTools,,,H,,20,[H:16][C:7]1([C:6]([C:5]([C:4]([C:9]([C:8]1([H:18])[H:19])([H:20])[H:21])([H:11])[C:2](=[O:1])[O:3][H:10])([H:12])[H:13])([H:14])[H:15])[H:17],13.0,8.0
20,0.055247619047619045,AM1BCC,AmberTools,,,H,,21,[H:16][C:7]1([C:6]([C:5]([C:4]([C:9]([C:8]1([H:18])[H:19])([H:20])[H:21])([H:11])[C:2](=[O:1])[O:3][H:10])([H:12])[H:13])([H:14])[H:15])[H:17],13.0,8.0
0,-0.5524799834404673,AM1BCC,OpenEye,,,O,,1,[H:16][C:7]1([C:6]([C:5]([C:4]([C:9]([C:8]1([H:18])[H:19])([H:20])[H:21])([H:11])[C:2](=[O:1])[O:3][H:10])([H:12])[H:13])([H:14])[H:15])[H:17],13.0,9.0
1,0.6331300128783498,AM1BCC,OpenEye,,,C,,2,[H:16][C:7]1([C:6]([C:5]([C:4]([C:9]([C:8]1([H:18])[H:19])([H:20])[H:21])([H:11])[C:2](=[O:1])[O:3][H:10])([H:12])[H:13])([H:14])[H:15])[H:17],13.0,9.0
2,-0.6041100035820689,AM1BCC,OpenEye,,,O,,3,[H:16][C:7]1([C:6]([C:5]([C:4]([C:9]([C:8]1([H:18])[H:19])([H:20])[H:21])([H:11])[C:2](=[O:1])[O:3][H:10])([H:12])[H:13])([H:14])[H:15])[H:17],13.0,9.0
3,-0.10592000292880195,AM1BCC,OpenEye,,,C,,4,[H:16][C:7]1([C:6]([C:5]([C:4]([C:9]([C:8]1([H:18])[H:19])([H:20])[H:21])([H:11])[C:2](=[O:1])[O:3][H:10])([H:12])[H:13])([H:14])[H:15])[H:17],13.0,9.0
4,-0.07316999988896507,AM1BCC,OpenEye,,,C,,5,[H:16][C:7]1([C:6]([C:5]([C:4]([C:9]([C:8]1([H:18])[H:19])([H:20])[H:21])([H:11])[C:2](=[O:1])[O:3][H:10])([H:12])[H:13])([H:14])[H:15])[H:17],13.0,9.0
5,-0.07631000237805503,AM1BCC,OpenEye,,,C,,6,[H:16][C:7]1([C:6]([C:5]([C:4]([C:9]([C:8]1([H:18])[H:19])([H:20])[H:21])([H:11])[C:2](=[O:1])[O:3][H:10])([H:12])[H:13])([H:14])[H:15])[H:17],13.0,9.0
6,-0.08016000049454826,AM1BCC,OpenEye,,,C,,7,[H:16][C:7]1([C:6]([C:5]([C:4]([C:9]([C:8]1([H:18])[H:19])([H:20])[H:21])([H:11])[C:2](=[O:1])[O:3][H:10])([H:12])[H:13])([H:14])[H:15])[H:17],13.0,9.0
7,-0.07631000237805503,AM1BCC,OpenEye,,,C,,8,[H:16][C:7]1([C:6]([C:5]([C:4]([C:9]([C:8]1([H:18])[H:19])([H:20])[H:21])([H:11])[C:2](=[O:1])[O:3][H:10])([H:12])[H:13])([H:14])[H:15])[H:17],13.0,9.0
8,-0.07316999988896507,AM1BCC,OpenEye,,,C,,9,[H:16][C:7]1([C:6]([C:5]([C:4]([C:9]([C:8]1([H:18])[H:19])([H:20])[H:21])([H:11])[C:2](=[O:1])[O:3][H:10])([H:12])[H:13])([H:14])[H:15])[H:17],13.0,9.0
9,0.4431399990405355,AM1BCC,OpenEye,,,H,,10,[H:16][C:7]1([C:6]([C:5]([C:4]([C:9]([C:8]1([H:18])[H:19])([H:20])[H:21])([H:11])[C:2](=[O:1])[O:3][H:10])([H:12])[H:13])([H:14])[H:15])[H:17],13.0,9.0
10,0.081179997750691,AM1BCC,OpenEye,,,H,,11,[H:16][C:7]1([C:6]([C:5]([C:4]([C:9]([C:8]1([H:18])[H:19])([H:20])[H:21])([H:11])[C:2](=[O:1])[O:3][H:10])([H:12])[H:13])([H:14])[H:15])[H:17],13.0,9.0
11,0.055699999311140606,AM1BCC,OpenEye,,,H,,12,[H:16][C:7]1([C:6]([C:5]([C:4]([C:9]([C:8]1([H:18])[H:19])([H:20])[H:21])([H:11])[C:2](=[O:1])[O:3][H:10])([H:12])[H:13])([H:14])[H:15])[H:17],13.0,9.0
12,0.055699999311140606,AM1BCC,OpenEye,,,H,,13,[H:16][C:7]1([C:6]([C:5]([C:4]([C:9]([C:8]1([H:18])[H:19])([H:20])[H:21])([H:11])[C:2](=[O:1])[O:3][H:10])([H:12])[H:13])([H:14])[H:15])[H:17],13.0,9.0
13,0.0436399978186403,AM1BCC,OpenEye,,,H,,14,[H:16][C:7]1([C:6]([C:5]([C:4]([C:9]([C:8]1([H:18])[H:19])([H:20])[H:21])([H:11])[C:2](=[O:1])[O:3][H:10])([H:12])[H:13])([H:14])[H:15])[H:17],13.0,9.0
14,0.0436399978186403,AM1BCC,OpenEye,,,H,,15,[H:16][C:7]1([C:6]([C:5]([C:4]([C:9]([C:8]1([H:18])[H:19])([H:20])[H:21])([H:11])[C:2](=[O:1])[O:3][H:10])([H:12])[H:13])([H:14])[H:15])[H:17],13.0,9.0
15,0.04340999839561326,AM1BCC,OpenEye,,,H,,16,[H:16][C:7]1([C:6]([C:5]([C:4]([C:9]([C:8]1([H:18])[H:19])([H:20])[H:21])([H:11])[C:2](=[O:1])[O:3][H:10])([H:12])[H:13])([H:14])[H:15])[H:17],13.0,9.0
16,0.04340999839561326,AM1BCC,OpenEye,,,H,,17,[H:16][C:7]1([C:6]([C:5]([C:4]([C:9]([C:8]1([H:18])[H:19])([H:20])[H:21])([H:11])[C:2](=[O:1])[O:3][H:10])([H:12])[H:13])([H:14])[H:15])[H:17],13.0,9.0
17,0.0436399978186403,AM1BCC,OpenEye,,,H,,18,[H:16][C:7]1([C:6]([C:5]([C:4]([C:9]([C:8]1([H:18])[H:19])([H:20])[H:21])([H:11])[C:2](=[O:1])[O:3][H:10])([H:12])[H:13])([H:14])[H:15])[H:17],13.0,9.0
18,0.0436399978186403,AM1BCC,OpenEye,,,H,,19,[H:16][C:7]1([C:6]([C:5]([C:4]([C:9]([C:8]1([H:18])[H:19])([H:20])[H:21])([H:11])[C:2](=[O:1])[O:3][H:10])([H:12])[H:13])([H:14])[H:15])[H:17],13.0,9.0
19,0.055699999311140606,AM1BCC,OpenEye,,,H,,20,[H:16][C:7]1([C:6]([C:5]([C:4]([C:9]([C:8]1([H:18])[H:19])([H:20])[H:21])([H:11])[C:2](=[O:1])[O:3][H:10])([H:12])[H:13])([H:14])[H:15])[H:17],13.0,9.0
20,0.055699999311140606,AM1BCC,OpenEye,,,H,,21,[H:16][C:7]1([C:6]([C:5]([C:4]([C:9]([C:8]1([H:18])[H:19])([H:20])[H:21])([H:11])[C:2](=[O:1])[O:3][H:10])([H:12])[H:13])([H:14])[H:15])[H:17],13.0,9.0
0,-0.550952380952381,AM1BCC,AmberTools,,,O,,1,[H:16][C:7]1([C:6]([C:5]([C:4]([C:9]([C:8]1([H:18])[H:19])([H:20])[H:21])([H:11])[C:2](=[O:1])[O:3][H:10])([H:12])[H:13])([H:14])[H:15])[H:17],13.0,9.0
1,0.6361476190476191,AM1BCC,AmberTools,,,C,,2,[H:16][C:7]1([C:6]([C:5]([C:4]([C:9]([C:8]1([H:18])[H:19])([H:20])[H:21])([H:11])[C:2](=[O:1])[O:3][H:10])([H:12])[H:13])([H:14])[H:15])[H:17],13.0,9.0
2,-0.6100523809523809,AM1BCC,AmberTools,,,O,,3,[H:16][C:7]1([C:6]([C:5]([C:4]([C:9]([C:8]1([H:18])[H:19])([H:20])[H:21])([H:11])[C:2](=[O:1])[O:3][H:10])([H:12])[H:13])([H:14])[H:15])[H:17],13.0,9.0
3,-0.10465238095238096,AM1BCC,AmberTools,,,C,,4,[H:16][C:7]1([C:6]([C:5]([C:4]([C:9]([C:8]1([H:18])[H:19])([H:20])[H:21])([H:11])[C:2](=[O:1])[O:3][H:10])([H:12])[H:13])([H:14])[H:15])[H:17],13.0,9.0
4,-0.07435238095238095,AM1BCC,AmberTools,,,C,,5,[H:16][C:7]1([C:6]([C:5]([C:4]([C:9]([C:8]1([H:18])[H:19])([H:20])[H:21])([H:11])[C:2](=[O:1])[O:3][H:10])([H:12])[H:13])([H:14])[H:15])[H:17],13.0,9.0
5,-0.07635238095238095,AM1BCC,AmberTools,,,C,,6,[H:16][C:7]1([C:6]([C:5]([C:4]([C:9]([C:8]1([H:18])[H:19])([H:20])[H:21])([H:11])[C:2](=[O:1])[O:3][H:10])([H:12])[H:13])([H:14])[H:15])[H:17],13.0,9.0
6,-0.08035238095238095,AM1BCC,AmberTools,,,C,,7,[H:16][C:7]1([C:6]([C:5]([C:4]([C:9]([C:8]1([H:18])[H:19])([H:20])[H:21])([H:11])[C:2](=[O:1])[O:3][H:10])([H:12])[H:13])([H:14])[H:15])[H:17],13.0,9.0
7,-0.07635238095238095,AM1BCC,AmberTools,,,C,,8,[H:16][C:7]1([C:6]([C:5]([C:4]([C:9]([C:8]1([H:18])[H:19])([H:20])[H:21])([H:11])[C:2](=[O:1])[O:3][H:10])([H:12])[H:13])([H:14])[H:15])[H:17],13.0,9.0
8,-0.07435238095238095,AM1BCC,AmberTools,,,C,,9,[H:16][C:7]1([C:6]([C:5]([C:4]([C:9]([C:8]1([H:18])[H:19])([H:20])[H:21])([H:11])[C:2](=[O:1])[O:3][H:10])([H:12])[H:13])([H:14])[H:15])[H:17],13.0,9.0
9,0.442047619047619,AM1BCC,AmberTools,,,H,,10,[H:16][C:7]1([C:6]([C:5]([C:4]([C:9]([C:8]1([H:18])[H:19])([H:20])[H:21])([H:11])[C:2](=[O:1])[O:3][H:10])([H:12])[H:13])([H:14])[H:15])[H:17],13.0,9.0
10,0.08274761904761904,AM1BCC,AmberTools,,,H,,11,[H:16][C:7]1([C:6]([C:5]([C:4]([C:9]([C:8]1([H:18])[H:19])([H:20])[H:21])([H:11])[C:2](=[O:1])[O:3][H:10])([H:12])[H:13])([H:14])[H:15])[H:17],13.0,9.0
11,0.055247619047619045,AM1BCC,AmberTools,,,H,,12,[H:16][C:7]1([C:6]([C:5]([C:4]([C:9]([C:8]1([H:18])[H:19])([H:20])[H:21])([H:11])[C:2](=[O:1])[O:3][H:10])([H:12])[H:13])([H:14])[H:15])[H:17],13.0,9.0
12,0.055247619047619045,AM1BCC,AmberTools,,,H,,13,[H:16][C:7]1([C:6]([C:5]([C:4]([C:9]([C:8]1([H:18])[H:19])([H:20])[H:21])([H:11])[C:2](=[O:1])[O:3][H:10])([H:12])[H:13])([H:14])[H:15])[H:17],13.0,9.0
13,0.04424761904761905,AM1BCC,AmberTools,,,H,,14,[H:16][C:7]1([C:6]([C:5]([C:4]([C:9]([C:8]1([H:18])[H:19])([H:20])[H:21])([H:11])[C:2](=[O:1])[O:3][H:10])([H:12])[H:13])([H:14])[H:15])[H:17],13.0,9.0
14,0.04424761904761905,AM1BCC,AmberTools,,,H,,15,[H:16][C:7]1([C:6]([C:5]([C:4]([C:9]([C:8]1([H:18])[H:19])([H:20])[H:21])([H:11])[C:2](=[O:1])[O:3][H:10])([H:12])[H:13])([H:14])[H:15])[H:17],13.0,9.0
15,0.04424761904761905,AM1BCC,AmberTools,,,H,,16,[H:16][C:7]1([C:6]([C:5]([C:4]([C:9]([C:8]1([H:18])[H:19])([H:20])[H:21])([H:11])[C:2](=[O:1])[O:3][H:10])([H:12])[H:13])([H:14])[H:15])[H:17],13.0,9.0
16,0.04424761904761905,AM1BCC,AmberTools,,,H,,17,[H:16][C:7]1([C:6]([C:5]([C:4]([C:9]([C:8]1([H:18])[H:19])([H:20])[H:21])([H:11])[C:2](=[O:1])[O:3][H:10])([H:12])[H:13])([H:14])[H:15])[H:17],13.0,9.0
17,0.04424761904761905,AM1BCC,AmberTools,,,H,,18,[H:16][C:7]1([C:6]([C:5]([C:4]([C:9]([C:8]1([H:18])[H:19])([H:20])[H:21])([H:11])[C:2](=[O:1])[O:3][H:10])([H:12])[H:13])([H:14])[H:15])[H:17],13.0,9.0
18,0.04424761904761905,AM1BCC,AmberTools,,,H,,19,[H:16][C:7]1([C:6]([C:5]([C:4]([C:9]([C:8]1([H:18])[H:19])([H:20])[H:21])([H:11])[C:2](=[O:1])[O:3][H:10])([H:12])[H:13])([H:14])[H:15])[H:17],13.0,9.0
19,0.055247619047619045,AM1BCC,AmberTools,,,H,,20,[H:16][C:7]1([C:6]([C:5]([C:4]([C:9]([C:8]1([H:18])[H:19])([H:20])[H:21])([H:11])[C:2](=[O:1])[O:3][H:10])([H:12])[H:13])([H:14])[H:15])[H:17],13.0,9.0
20,0.055247619047619045,AM1BCC,AmberTools,,,H,,21,[H:16][C:7]1([C:6]([C:5]([C:4]([C:9]([C:8]1([H:18])[H:19])([H:20])[H:21])([H:11])[C:2](=[O:1])[O:3][H:10])([H:12])[H:13])([H:14])[H:15])[H:17],13.0,9.0
0,-0.5524799834404673,AM1BCC,OpenEye,,,O,,1,[H:16][C:7]1([C:6]([C:5]([C:4]([C:9]([C:8]1([H:18])[H:19])([H:20])[H:21])([H:11])[C:2](=[O:1])[O:3][H:10])([H:12])[H:13])([H:14])[H:15])[H:17],13.0,10.0
1,0.6331300128783498,AM1BCC,OpenEye,,,C,,2,[H:16][C:7]1([C:6]([C:5]([C:4]([C:9]([C:8]1([H:18])[H:19])([H:20])[H:21])([H:11])[C:2](=[O:1])[O:3][H:10])([H:12])[H:13])([H:14])[H:15])[H:17],13.0,10.0
2,-0.6041100035820689,AM1BCC,OpenEye,,,O,,3,[H:16][C:7]1([C:6]([C:5]([C:4]([C:9]([C:8]1([H:18])[H:19])([H:20])[H:21])([H:11])[C:2](=[O:1])[O:3][H:10])([H:12])[H:13])([H:14])[H:15])[H:17],13.0,10.0
3,-0.10592000292880195,AM1BCC,OpenEye,,,C,,4,[H:16][C:7]1([C:6]([C:5]([C:4]([C:9]([C:8]1([H:18])[H:19])([H:20])[H:21])([H:11])[C:2](=[O:1])[O:3][H:10])([H:12])[H:13])([H:14])[H:15])[H:17],13.0,10.0
4,-0.07316999988896507,AM1BCC,OpenEye,,,C,,5,[H:16][C:7]1([C:6]([C:5]([C:4]([C:9]([C:8]1([H:18])[H:19])([H:20])[H:21])([H:11])[C:2](=[O:1])[O:3][H:10])([H:12])[H:13])([H:14])[H:15])[H:17],13.0,10.0
5,-0.07631000237805503,AM1BCC,OpenEye,,,C,,6,[H:16][C:7]1([C:6]([C:5]([C:4]([C:9]([C:8]1([H:18])[H:19])([H:20])[H:21])([H:11])[C:2](=[O:1])[O:3][H:10])([H:12])[H:13])([H:14])[H:15])[H:17],13.0,10.0
6,-0.08016000049454826,AM1BCC,OpenEye,,,C,,7,[H:16][C:7]1([C:6]([C:5]([C:4]([C:9]([C:8]1([H:18])[H:19])([H:20])[H:21])([H:11])[C:2](=[O:1])[O:3][H:10])([H:12])[H:13])([H:14])[H:15])[H:17],13.0,10.0
7,-0.07631000237805503,AM1BCC,OpenEye,,,C,,8,[H:16][C:7]1([C:6]([C:5]([C:4]([C:9]([C:8]1([H:18])[H:19])([H:20])[H:21])([H:11])[C:2](=[O:1])[O:3][H:10])([H:12])[H:13])([H:14])[H:15])[H:17],13.0,10.0
8,-0.07316999988896507,AM1BCC,OpenEye,,,C,,9,[H:16][C:7]1([C:6]([C:5]([C:4]([C:9]([C:8]1([H:18])[H:19])([H:20])[H:21])([H:11])[C:2](=[O:1])[O:3][H:10])([H:12])[H:13])([H:14])[H:15])[H:17],13.0,10.0
9,0.4431399990405355,AM1BCC,OpenEye,,,H,,10,[H:16][C:7]1([C:6]([C:5]([C:4]([C:9]([C:8]1([H:18])[H:19])([H:20])[H:21])([H:11])[C:2](=[O:1])[O:3][H:10])([H:12])[H:13])([H:14])[H:15])[H:17],13.0,10.0
10,0.081179997750691,AM1BCC,OpenEye,,,H,,11,[H:16][C:7]1([C:6]([C:5]([C:4]([C:9]([C:8]1([H:18])[H:19])([H:20])[H:21])([H:11])[C:2](=[O:1])[O:3][H:10])([H:12])[H:13])([H:14])[H:15])[H:17],13.0,10.0
11,0.055699999311140606,AM1BCC,OpenEye,,,H,,12,[H:16][C:7]1([C:6]([C:5]([C:4]([C:9]([C:8]1([H:18])[H:19])([H:20])[H:21])([H:11])[C:2](=[O:1])[O:3][H:10])([H:12])[H:13])([H:14])[H:15])[H:17],13.0,10.0
12,0.055699999311140606,AM1BCC,OpenEye,,,H,,13,[H:16][C:7]1([C:6]([C:5]([C:4]([C:9]([C:8]1([H:18])[H:19])([H:20])[H:21])([H:11])[C:2](=[O:1])[O:3][H:10])([H:12])[H:13])([H:14])[H:15])[H:17],13.0,10.0
13,0.0436399978186403,AM1BCC,OpenEye,,,H,,14,[H:16][C:7]1([C:6]([C:5]([C:4]([C:9]([C:8]1([H:18])[H:19])([H:20])[H:21])([H:11])[C:2](=[O:1])[O:3][H:10])([H:12])[H:13])([H:14])[H:15])[H:17],13.0,10.0
14,0.0436399978186403,AM1BCC,OpenEye,,,H,,15,[H:16][C:7]1([C:6]([C:5]([C:4]([C:9]([C:8]1([H:18])[H:19])([H:20])[H:21])([H:11])[C:2](=[O:1])[O:3][H:10])([H:12])[H:13])([H:14])[H:15])[H:17],13.0,10.0
15,0.04340999839561326,AM1BCC,OpenEye,,,H,,16,[H:16][C:7]1([C:6]([C:5]([C:4]([C:9]([C:8]1([H:18])[H:19])([H:20])[H:21])([H:11])[C:2](=[O:1])[O:3][H:10])([H:12])[H:13])([H:14])[H:15])[H:17],13.0,10.0
16,0.04340999839561326,AM1BCC,OpenEye,,,H,,17,[H:16][C:7]1([C:6]([C:5]([C:4]([C:9]([C:8]1([H:18])[H:19])([H:20])[H:21])([H:11])[C:2](=[O:1])[O:3][H:10])([H:12])[H:13])([H:14])[H:15])[H:17],13.0,10.0
17,0.0436399978186403,AM1BCC,OpenEye,,,H,,18,[H:16][C:7]1([C:6]([C:5]([C:4]([C:9]([C:8]1([H:18])[H:19])([H:20])[H:21])([H:11])[C:2](=[O:1])[O:3][H:10])([H:12])[H:13])([H:14])[H:15])[H:17],13.0,10.0
18,0.0436399978186403,AM1BCC,OpenEye,,,H,,19,[H:16][C:7]1([C:6]([C:5]([C:4]([C:9]([C:8]1([H:18])[H:19])([H:20])[H:21])([H:11])[C:2](=[O:1])[O:3][H:10])([H:12])[H:13])([H:14])[H:15])[H:17],13.0,10.0
19,0.055699999311140606,AM1BCC,OpenEye,,,H,,20,[H:16][C:7]1([C:6]([C:5]([C:4]([C:9]([C:8]1([H:18])[H:19])([H:20])[H:21])([H:11])[C:2](=[O:1])[O:3][H:10])([H:12])[H:13])([H:14])[H:15])[H:17],13.0,10.0
20,0.055699999311140606,AM1BCC,OpenEye,,,H,,21,[H:16][C:7]1([C:6]([C:5]([C:4]([C:9]([C:8]1([H:18])[H:19])([H:20])[H:21])([H:11])[C:2](=[O:1])[O:3][H:10])([H:12])[H:13])([H:14])[H:15])[H:17],13.0,10.0
0,-0.550952380952381,AM1BCC,AmberTools,,,O,,1,[H:16][C:7]1([C:6]([C:5]([C:4]([C:9]([C:8]1([H:18])[H:19])([H:20])[H:21])([H:11])[C:2](=[O:1])[O:3][H:10])([H:12])[H:13])([H:14])[H:15])[H:17],13.0,10.0
1,0.6361476190476191,AM1BCC,AmberTools,,,C,,2,[H:16][C:7]1([C:6]([C:5]([C:4]([C:9]([C:8]1([H:18])[H:19])([H:20])[H:21])([H:11])[C:2](=[O:1])[O:3][H:10])([H:12])[H:13])([H:14])[H:15])[H:17],13.0,10.0
2,-0.6100523809523809,AM1BCC,AmberTools,,,O,,3,[H:16][C:7]1([C:6]([C:5]([C:4]([C:9]([C:8]1([H:18])[H:19])([H:20])[H:21])([H:11])[C:2](=[O:1])[O:3][H:10])([H:12])[H:13])([H:14])[H:15])[H:17],13.0,10.0
3,-0.10465238095238096,AM1BCC,AmberTools,,,C,,4,[H:16][C:7]1([C:6]([C:5]([C:4]([C:9]([C:8]1([H:18])[H:19])([H:20])[H:21])([H:11])[C:2](=[O:1])[O:3][H:10])([H:12])[H:13])([H:14])[H:15])[H:17],13.0,10.0
4,-0.07435238095238095,AM1BCC,AmberTools,,,C,,5,[H:16][C:7]1([C:6]([C:5]([C:4]([C:9]([C:8]1([H:18])[H:19])([H:20])[H:21])([H:11])[C:2](=[O:1])[O:3][H:10])([H:12])[H:13])([H:14])[H:15])[H:17],13.0,10.0
5,-0.07635238095238095,AM1BCC,AmberTools,,,C,,6,[H:16][C:7]1([C:6]([C:5]([C:4]([C:9]([C:8]1([H:18])[H:19])([H:20])[H:21])([H:11])[C:2](=[O:1])[O:3][H:10])([H:12])[H:13])([H:14])[H:15])[H:17],13.0,10.0
6,-0.08035238095238095,AM1BCC,AmberTools,,,C,,7,[H:16][C:7]1([C:6]([C:5]([C:4]([C:9]([C:8]1([H:18])[H:19])([H:20])[H:21])([H:11])[C:2](=[O:1])[O:3][H:10])([H:12])[H:13])([H:14])[H:15])[H:17],13.0,10.0
7,-0.07635238095238095,AM1BCC,AmberTools,,,C,,8,[H:16][C:7]1([C:6]([C:5]([C:4]([C:9]([C:8]1([H:18])[H:19])([H:20])[H:21])([H:11])[C:2](=[O:1])[O:3][H:10])([H:12])[H:13])([H:14])[H:15])[H:17],13.0,10.0
8,-0.07435238095238095,AM1BCC,AmberTools,,,C,,9,[H:16][C:7]1([C:6]([C:5]([C:4]([C:9]([C:8]1([H:18])[H:19])([H:20])[H:21])([H:11])[C:2](=[O:1])[O:3][H:10])([H:12])[H:13])([H:14])[H:15])[H:17],13.0,10.0
9,0.442047619047619,AM1BCC,AmberTools,,,H,,10,[H:16][C:7]1([C:6]([C:5]([C:4]([C:9]([C:8]1([H:18])[H:19])([H:20])[H:21])([H:11])[C:2](=[O:1])[O:3][H:10])([H:12])[H:13])([H:14])[H:15])[H:17],13.0,10.0
10,0.08274761904761904,AM1BCC,AmberTools,,,H,,11,[H:16][C:7]1([C:6]([C:5]([C:4]([C:9]([C:8]1([H:18])[H:19])([H:20])[H:21])([H:11])[C:2](=[O:1])[O:3][H:10])([H:12])[H:13])([H:14])[H:15])[H:17],13.0,10.0
11,0.055247619047619045,AM1BCC,AmberTools,,,H,,12,[H:16][C:7]1([C:6]([C:5]([C:4]([C:9]([C:8]1([H:18])[H:19])([H:20])[H:21])([H:11])[C:2](=[O:1])[O:3][H:10])([H:12])[H:13])([H:14])[H:15])[H:17],13.0,10.0
12,0.055247619047619045,AM1BCC,AmberTools,,,H,,13,[H:16][C:7]1([C:6]([C:5]([C:4]([C:9]([C:8]1([H:18])[H:19])([H:20])[H:21])([H:11])[C:2](=[O:1])[O:3][H:10])([H:12])[H:13])([H:14])[H:15])[H:17],13.0,10.0
13,0.04424761904761905,AM1BCC,AmberTools,,,H,,14,[H:16][C:7]1([C:6]([C:5]([C:4]([C:9]([C:8]1([H:18])[H:19])([H:20])[H:21])([H:11])[C:2](=[O:1])[O:3][H:10])([H:12])[H:13])([H:14])[H:15])[H:17],13.0,10.0
14,0.04424761904761905,AM1BCC,AmberTools,,,H,,15,[H:16][C:7]1([C:6]([C:5]([C:4]([C:9]([C:8]1([H:18])[H:19])([H:20])[H:21])([H:11])[C:2](=[O:1])[O:3][H:10])([H:12])[H:13])([H:14])[H:15])[H:17],13.0,10.0
15,0.04424761904761905,AM1BCC,AmberTools,,,H,,16,[H:16][C:7]1([C:6]([C:5]([C:4]([C:9]([C:8]1([H:18])[H:19])([H:20])[H:21])([H:11])[C:2](=[O:1])[O:3][H:10])([H:12])[H:13])([H:14])[H:15])[H:17],13.0,10.0
16,0.04424761904761905,AM1BCC,AmberTools,,,H,,17,[H:16][C:7]1([C:6]([C:5]([C:4]([C:9]([C:8]1([H:18])[H:19])([H:20])[H:21])([H:11])[C:2](=[O:1])[O:3][H:10])([H:12])[H:13])([H:14])[H:15])[H:17],13.0,10.0
17,0.04424761904761905,AM1BCC,AmberTools,,,H,,18,[H:16][C:7]1([C:6]([C:5]([C:4]([C:9]([C:8]1([H:18])[H:19])([H:20])[H:21])([H:11])[C:2](=[O:1])[O:3][H:10])([H:12])[H:13])([H:14])[H:15])[H:17],13.0,10.0
18,0.04424761904761905,AM1BCC,AmberTools,,,H,,19,[H:16][C:7]1([C:6]([C:5]([C:4]([C:9]([C:8]1([H:18])[H:19])([H:20])[H:21])([H:11])[C:2](=[O:1])[O:3][H:10])([H:12])[H:13])([H:14])[H:15])[H:17],13.0,10.0
19,0.055247619047619045,AM1BCC,AmberTools,,,H,,20,[H:16][C:7]1([C:6]([C:5]([C:4]([C:9]([C:8]1([H:18])[H:19])([H:20])[H:21])([H:11])[C:2](=[O:1])[O:3][H:10])([H:12])[H:13])([H:14])[H:15])[H:17],13.0,10.0
20,0.055247619047619045,AM1BCC,AmberTools,,,H,,21,[H:16][C:7]1([C:6]([C:5]([C:4]([C:9]([C:8]1([H:18])[H:19])([H:20])[H:21])([H:11])[C:2](=[O:1])[O:3][H:10])([H:12])[H:13])([H:14])[H:15])[H:17],13.0,10.0
0,-0.5524799834404673,AM1BCC,OpenEye,,,O,,1,[H:16][C:7]1([C:6]([C:5]([C:4]([C:9]([C:8]1([H:18])[H:19])([H:20])[H:21])([H:11])[C:2](=[O:1])[O:3][H:10])([H:12])[H:13])([H:14])[H:15])[H:17],13.0,11.0
1,0.6331300128783498,AM1BCC,OpenEye,,,C,,2,[H:16][C:7]1([C:6]([C:5]([C:4]([C:9]([C:8]1([H:18])[H:19])([H:20])[H:21])([H:11])[C:2](=[O:1])[O:3][H:10])([H:12])[H:13])([H:14])[H:15])[H:17],13.0,11.0
2,-0.6041100035820689,AM1BCC,OpenEye,,,O,,3,[H:16][C:7]1([C:6]([C:5]([C:4]([C:9]([C:8]1([H:18])[H:19])([H:20])[H:21])([H:11])[C:2](=[O:1])[O:3][H:10])([H:12])[H:13])([H:14])[H:15])[H:17],13.0,11.0
3,-0.10592000292880195,AM1BCC,OpenEye,,,C,,4,[H:16][C:7]1([C:6]([C:5]([C:4]([C:9]([C:8]1([H:18])[H:19])([H:20])[H:21])([H:11])[C:2](=[O:1])[O:3][H:10])([H:12])[H:13])([H:14])[H:15])[H:17],13.0,11.0
4,-0.07316999988896507,AM1BCC,OpenEye,,,C,,5,[H:16][C:7]1([C:6]([C:5]([C:4]([C:9]([C:8]1([H:18])[H:19])([H:20])[H:21])([H:11])[C:2](=[O:1])[O:3][H:10])([H:12])[H:13])([H:14])[H:15])[H:17],13.0,11.0
5,-0.07631000237805503,AM1BCC,OpenEye,,,C,,6,[H:16][C:7]1([C:6]([C:5]([C:4]([C:9]([C:8]1([H:18])[H:19])([H:20])[H:21])([H:11])[C:2](=[O:1])[O:3][H:10])([H:12])[H:13])([H:14])[H:15])[H:17],13.0,11.0
6,-0.08016000049454826,AM1BCC,OpenEye,,,C,,7,[H:16][C:7]1([C:6]([C:5]([C:4]([C:9]([C:8]1([H:18])[H:19])([H:20])[H:21])([H:11])[C:2](=[O:1])[O:3][H:10])([H:12])[H:13])([H:14])[H:15])[H:17],13.0,11.0
7,-0.07631000237805503,AM1BCC,OpenEye,,,C,,8,[H:16][C:7]1([C:6]([C:5]([C:4]([C:9]([C:8]1([H:18])[H:19])([H:20])[H:21])([H:11])[C:2](=[O:1])[O:3][H:10])([H:12])[H:13])([H:14])[H:15])[H:17],13.0,11.0
8,-0.07316999988896507,AM1BCC,OpenEye,,,C,,9,[H:16][C:7]1([C:6]([C:5]([C:4]([C:9]([C:8]1([H:18])[H:19])([H:20])[H:21])([H:11])[C:2](=[O:1])[O:3][H:10])([H:12])[H:13])([H:14])[H:15])[H:17],13.0,11.0
9,0.4431399990405355,AM1BCC,OpenEye,,,H,,10,[H:16][C:7]1([C:6]([C:5]([C:4]([C:9]([C:8]1([H:18])[H:19])([H:20])[H:21])([H:11])[C:2](=[O:1])[O:3][H:10])([H:12])[H:13])([H:14])[H:15])[H:17],13.0,11.0
10,0.081179997750691,AM1BCC,OpenEye,,,H,,11,[H:16][C:7]1([C:6]([C:5]([C:4]([C:9]([C:8]1([H:18])[H:19])([H:20])[H:21])([H:11])[C:2](=[O:1])[O:3][H:10])([H:12])[H:13])([H:14])[H:15])[H:17],13.0,11.0
11,0.055699999311140606,AM1BCC,OpenEye,,,H,,12,[H:16][C:7]1([C:6]([C:5]([C:4]([C:9]([C:8]1([H:18])[H:19])([H:20])[H:21])([H:11])[C:2](=[O:1])[O:3][H:10])([H:12])[H:13])([H:14])[H:15])[H:17],13.0,11.0
12,0.055699999311140606,AM1BCC,OpenEye,,,H,,13,[H:16][C:7]1([C:6]([C:5]([C:4]([C:9]([C:8]1([H:18])[H:19])([H:20])[H:21])([H:11])[C:2](=[O:1])[O:3][H:10])([H:12])[H:13])([H:14])[H:15])[H:17],13.0,11.0
13,0.0436399978186403,AM1BCC,OpenEye,,,H,,14,[H:16][C:7]1([C:6]([C:5]([C:4]([C:9]([C:8]1([H:18])[H:19])([H:20])[H:21])([H:11])[C:2](=[O:1])[O:3][H:10])([H:12])[H:13])([H:14])[H:15])[H:17],13.0,11.0
14,0.0436399978186403,AM1BCC,OpenEye,,,H,,15,[H:16][C:7]1([C:6]([C:5]([C:4]([C:9]([C:8]1([H:18])[H:19])([H:20])[H:21])([H:11])[C:2](=[O:1])[O:3][H:10])([H:12])[H:13])([H:14])[H:15])[H:17],13.0,11.0
15,0.04340999839561326,AM1BCC,OpenEye,,,H,,16,[H:16][C:7]1([C:6]([C:5]([C:4]([C:9]([C:8]1([H:18])[H:19])([H:20])[H:21])([H:11])[C:2](=[O:1])[O:3][H:10])([H:12])[H:13])([H:14])[H:15])[H:17],13.0,11.0
16,0.04340999839561326,AM1BCC,OpenEye,,,H,,17,[H:16][C:7]1([C:6]([C:5]([C:4]([C:9]([C:8]1([H:18])[H:19])([H:20])[H:21])([H:11])[C:2](=[O:1])[O:3][H:10])([H:12])[H:13])([H:14])[H:15])[H:17],13.0,11.0
17,0.0436399978186403,AM1BCC,OpenEye,,,H,,18,[H:16][C:7]1([C:6]([C:5]([C:4]([C:9]([C:8]1([H:18])[H:19])([H:20])[H:21])([H:11])[C:2](=[O:1])[O:3][H:10])([H:12])[H:13])([H:14])[H:15])[H:17],13.0,11.0
18,0.0436399978186403,AM1BCC,OpenEye,,,H,,19,[H:16][C:7]1([C:6]([C:5]([C:4]([C:9]([C:8]1([H:18])[H:19])([H:20])[H:21])([H:11])[C:2](=[O:1])[O:3][H:10])([H:12])[H:13])([H:14])[H:15])[H:17],13.0,11.0
19,0.055699999311140606,AM1BCC,OpenEye,,,H,,20,[H:16][C:7]1([C:6]([C:5]([C:4]([C:9]([C:8]1([H:18])[H:19])([H:20])[H:21])([H:11])[C:2](=[O:1])[O:3][H:10])([H:12])[H:13])([H:14])[H:15])[H:17],13.0,11.0
20,0.055699999311140606,AM1BCC,OpenEye,,,H,,21,[H:16][C:7]1([C:6]([C:5]([C:4]([C:9]([C:8]1([H:18])[H:19])([H:20])[H:21])([H:11])[C:2](=[O:1])[O:3][H:10])([H:12])[H:13])([H:14])[H:15])[H:17],13.0,11.0
0,-0.550952380952381,AM1BCC,AmberTools,,,O,,1,[H:16][C:7]1([C:6]([C:5]([C:4]([C:9]([C:8]1([H:18])[H:19])([H:20])[H:21])([H:11])[C:2](=[O:1])[O:3][H:10])([H:12])[H:13])([H:14])[H:15])[H:17],13.0,11.0
1,0.6361476190476191,AM1BCC,AmberTools,,,C,,2,[H:16][C:7]1([C:6]([C:5]([C:4]([C:9]([C:8]1([H:18])[H:19])([H:20])[H:21])([H:11])[C:2](=[O:1])[O:3][H:10])([H:12])[H:13])([H:14])[H:15])[H:17],13.0,11.0
2,-0.6100523809523809,AM1BCC,AmberTools,,,O,,3,[H:16][C:7]1([C:6]([C:5]([C:4]([C:9]([C:8]1([H:18])[H:19])([H:20])[H:21])([H:11])[C:2](=[O:1])[O:3][H:10])([H:12])[H:13])([H:14])[H:15])[H:17],13.0,11.0
3,-0.10465238095238096,AM1BCC,AmberTools,,,C,,4,[H:16][C:7]1([C:6]([C:5]([C:4]([C:9]([C:8]1([H:18])[H:19])([H:20])[H:21])([H:11])[C:2](=[O:1])[O:3][H:10])([H:12])[H:13])([H:14])[H:15])[H:17],13.0,11.0
4,-0.07435238095238095,AM1BCC,AmberTools,,,C,,5,[H:16][C:7]1([C:6]([C:5]([C:4]([C:9]([C:8]1([H:18])[H:19])([H:20])[H:21])([H:11])[C:2](=[O:1])[O:3][H:10])([H:12])[H:13])([H:14])[H:15])[H:17],13.0,11.0
5,-0.07635238095238095,AM1BCC,AmberTools,,,C,,6,[H:16][C:7]1([C:6]([C:5]([C:4]([C:9]([C:8]1([H:18])[H:19])([H:20])[H:21])([H:11])[C:2](=[O:1])[O:3][H:10])([H:12])[H:13])([H:14])[H:15])[H:17],13.0,11.0
6,-0.08035238095238095,AM1BCC,AmberTools,,,C,,7,[H:16][C:7]1([C:6]([C:5]([C:4]([C:9]([C:8]1([H:18])[H:19])([H:20])[H:21])([H:11])[C:2](=[O:1])[O:3][H:10])([H:12])[H:13])([H:14])[H:15])[H:17],13.0,11.0
7,-0.07635238095238095,AM1BCC,AmberTools,,,C,,8,[H:16][C:7]1([C:6]([C:5]([C:4]([C:9]([C:8]1([H:18])[H:19])([H:20])[H:21])([H:11])[C:2](=[O:1])[O:3][H:10])([H:12])[H:13])([H:14])[H:15])[H:17],13.0,11.0
8,-0.07435238095238095,AM1BCC,AmberTools,,,C,,9,[H:16][C:7]1([C:6]([C:5]([C:4]([C:9]([C:8]1([H:18])[H:19])([H:20])[H:21])([H:11])[C:2](=[O:1])[O:3][H:10])([H:12])[H:13])([H:14])[H:15])[H:17],13.0,11.0
9,0.442047619047619,AM1BCC,AmberTools,,,H,,10,[H:16][C:7]1([C:6]([C:5]([C:4]([C:9]([C:8]1([H:18])[H:19])([H:20])[H:21])([H:11])[C:2](=[O:1])[O:3][H:10])([H:12])[H:13])([H:14])[H:15])[H:17],13.0,11.0
10,0.08274761904761904,AM1BCC,AmberTools,,,H,,11,[H:16][C:7]1([C:6]([C:5]([C:4]([C:9]([C:8]1([H:18])[H:19])([H:20])[H:21])([H:11])[C:2](=[O:1])[O:3][H:10])([H:12])[H:13])([H:14])[H:15])[H:17],13.0,11.0
11,0.055247619047619045,AM1BCC,AmberTools,,,H,,12,[H:16][C:7]1([C:6]([C:5]([C:4]([C:9]([C:8]1([H:18])[H:19])([H:20])[H:21])([H:11])[C:2](=[O:1])[O:3][H:10])([H:12])[H:13])([H:14])[H:15])[H:17],13.0,11.0
12,0.055247619047619045,AM1BCC,AmberTools,,,H,,13,[H:16][C:7]1([C:6]([C:5]([C:4]([C:9]([C:8]1([H:18])[H:19])([H:20])[H:21])([H:11])[C:2](=[O:1])[O:3][H:10])([H:12])[H:13])([H:14])[H:15])[H:17],13.0,11.0
13,0.04424761904761905,AM1BCC,AmberTools,,,H,,14,[H:16][C:7]1([C:6]([C:5]([C:4]([C:9]([C:8]1([H:18])[H:19])([H:20])[H:21])([H:11])[C:2](=[O:1])[O:3][H:10])([H:12])[H:13])([H:14])[H:15])[H:17],13.0,11.0
14,0.04424761904761905,AM1BCC,AmberTools,,,H,,15,[H:16][C:7]1([C:6]([C:5]([C:4]([C:9]([C:8]1([H:18])[H:19])([H:20])[H:21])([H:11])[C:2](=[O:1])[O:3][H:10])([H:12])[H:13])([H:14])[H:15])[H:17],13.0,11.0
15,0.04424761904761905,AM1BCC,AmberTools,,,H,,16,[H:16][C:7]1([C:6]([C:5]([C:4]([C:9]([C:8]1([H:18])[H:19])([H:20])[H:21])([H:11])[C:2](=[O:1])[O:3][H:10])([H:12])[H:13])([H:14])[H:15])[H:17],13.0,11.0
16,0.04424761904761905,AM1BCC,AmberTools,,,H,,17,[H:16][C:7]1([C:6]([C:5]([C:4]([C:9]([C:8]1([H:18])[H:19])([H:20])[H:21])([H:11])[C:2](=[O:1])[O:3][H:10])([H:12])[H:13])([H:14])[H:15])[H:17],13.0,11.0
17,0.04424761904761905,AM1BCC,AmberTools,,,H,,18,[H:16][C:7]1([C:6]([C:5]([C:4]([C:9]([C:8]1([H:18])[H:19])([H:20])[H:21])([H:11])[C:2](=[O:1])[O:3][H:10])([H:12])[H:13])([H:14])[H:15])[H:17],13.0,11.0
18,0.04424761904761905,AM1BCC,AmberTools,,,H,,19,[H:16][C:7]1([C:6]([C:5]([C:4]([C:9]([C:8]1([H:18])[H:19])([H:20])[H:21])([H:11])[C:2](=[O:1])[O:3][H:10])([H:12])[H:13])([H:14])[H:15])[H:17],13.0,11.0
19,0.055247619047619045,AM1BCC,AmberTools,,,H,,20,[H:16][C:7]1([C:6]([C:5]([C:4]([C:9]([C:8]1([H:18])[H:19])([H:20])[H:21])([H:11])[C:2](=[O:1])[O:3][H:10])([H:12])[H:13])([H:14])[H:15])[H:17],13.0,11.0
20,0.055247619047619045,AM1BCC,AmberTools,,,H,,21,[H:16][C:7]1([C:6]([C:5]([C:4]([C:9]([C:8]1([H:18])[H:19])([H:20])[H:21])([H:11])[C:2](=[O:1])[O:3][H:10])([H:12])[H:13])([H:14])[H:15])[H:17],13.0,11.0
0,-0.5524799834404673,AM1BCC,OpenEye,,,O,,1,[H:16][C:7]1([C:6]([C:5]([C:4]([C:9]([C:8]1([H:18])[H:19])([H:20])[H:21])([H:11])[C:2](=[O:1])[O:3][H:10])([H:12])[H:13])([H:14])[H:15])[H:17],13.0,12.0
1,0.6331300128783498,AM1BCC,OpenEye,,,C,,2,[H:16][C:7]1([C:6]([C:5]([C:4]([C:9]([C:8]1([H:18])[H:19])([H:20])[H:21])([H:11])[C:2](=[O:1])[O:3][H:10])([H:12])[H:13])([H:14])[H:15])[H:17],13.0,12.0
2,-0.6041100035820689,AM1BCC,OpenEye,,,O,,3,[H:16][C:7]1([C:6]([C:5]([C:4]([C:9]([C:8]1([H:18])[H:19])([H:20])[H:21])([H:11])[C:2](=[O:1])[O:3][H:10])([H:12])[H:13])([H:14])[H:15])[H:17],13.0,12.0
3,-0.10592000292880195,AM1BCC,OpenEye,,,C,,4,[H:16][C:7]1([C:6]([C:5]([C:4]([C:9]([C:8]1([H:18])[H:19])([H:20])[H:21])([H:11])[C:2](=[O:1])[O:3][H:10])([H:12])[H:13])([H:14])[H:15])[H:17],13.0,12.0
4,-0.07316999988896507,AM1BCC,OpenEye,,,C,,5,[H:16][C:7]1([C:6]([C:5]([C:4]([C:9]([C:8]1([H:18])[H:19])([H:20])[H:21])([H:11])[C:2](=[O:1])[O:3][H:10])([H:12])[H:13])([H:14])[H:15])[H:17],13.0,12.0
5,-0.07631000237805503,AM1BCC,OpenEye,,,C,,6,[H:16][C:7]1([C:6]([C:5]([C:4]([C:9]([C:8]1([H:18])[H:19])([H:20])[H:21])([H:11])[C:2](=[O:1])[O:3][H:10])([H:12])[H:13])([H:14])[H:15])[H:17],13.0,12.0
6,-0.08016000049454826,AM1BCC,OpenEye,,,C,,7,[H:16][C:7]1([C:6]([C:5]([C:4]([C:9]([C:8]1([H:18])[H:19])([H:20])[H:21])([H:11])[C:2](=[O:1])[O:3][H:10])([H:12])[H:13])([H:14])[H:15])[H:17],13.0,12.0
7,-0.07631000237805503,AM1BCC,OpenEye,,,C,,8,[H:16][C:7]1([C:6]([C:5]([C:4]([C:9]([C:8]1([H:18])[H:19])([H:20])[H:21])([H:11])[C:2](=[O:1])[O:3][H:10])([H:12])[H:13])([H:14])[H:15])[H:17],13.0,12.0
8,-0.07316999988896507,AM1BCC,OpenEye,,,C,,9,[H:16][C:7]1([C:6]([C:5]([C:4]([C:9]([C:8]1([H:18])[H:19])([H:20])[H:21])([H:11])[C:2](=[O:1])[O:3][H:10])([H:12])[H:13])([H:14])[H:15])[H:17],13.0,12.0
9,0.4431399990405355,AM1BCC,OpenEye,,,H,,10,[H:16][C:7]1([C:6]([C:5]([C:4]([C:9]([C:8]1([H:18])[H:19])([H:20])[H:21])([H:11])[C:2](=[O:1])[O:3][H:10])([H:12])[H:13])([H:14])[H:15])[H:17],13.0,12.0
10,0.081179997750691,AM1BCC,OpenEye,,,H,,11,[H:16][C:7]1([C:6]([C:5]([C:4]([C:9]([C:8]1([H:18])[H:19])([H:20])[H:21])([H:11])[C:2](=[O:1])[O:3][H:10])([H:12])[H:13])([H:14])[H:15])[H:17],13.0,12.0
11,0.055699999311140606,AM1BCC,OpenEye,,,H,,12,[H:16][C:7]1([C:6]([C:5]([C:4]([C:9]([C:8]1([H:18])[H:19])([H:20])[H:21])([H:11])[C:2](=[O:1])[O:3][H:10])([H:12])[H:13])([H:14])[H:15])[H:17],13.0,12.0
12,0.055699999311140606,AM1BCC,OpenEye,,,H,,13,[H:16][C:7]1([C:6]([C:5]([C:4]([C:9]([C:8]1([H:18])[H:19])([H:20])[H:21])([H:11])[C:2](=[O:1])[O:3][H:10])([H:12])[H:13])([H:14])[H:15])[H:17],13.0,12.0
13,0.0436399978186403,AM1BCC,OpenEye,,,H,,14,[H:16][C:7]1([C:6]([C:5]([C:4]([C:9]([C:8]1([H:18])[H:19])([H:20])[H:21])([H:11])[C:2](=[O:1])[O:3][H:10])([H:12])[H:13])([H:14])[H:15])[H:17],13.0,12.0
14,0.0436399978186403,AM1BCC,OpenEye,,,H,,15,[H:16][C:7]1([C:6]([C:5]([C:4]([C:9]([C:8]1([H:18])[H:19])([H:20])[H:21])([H:11])[C:2](=[O:1])[O:3][H:10])([H:12])[H:13])([H:14])[H:15])[H:17],13.0,12.0
15,0.04340999839561326,AM1BCC,OpenEye,,,H,,16,[H:16][C:7]1([C:6]([C:5]([C:4]([C:9]([C:8]1([H:18])[H:19])([H:20])[H:21])([H:11])[C:2](=[O:1])[O:3][H:10])([H:12])[H:13])([H:14])[H:15])[H:17],13.0,12.0
16,0.04340999839561326,AM1BCC,OpenEye,,,H,,17,[H:16][C:7]1([C:6]([C:5]([C:4]([C:9]([C:8]1([H:18])[H:19])([H:20])[H:21])([H:11])[C:2](=[O:1])[O:3][H:10])([H:12])[H:13])([H:14])[H:15])[H:17],13.0,12.0
17,0.0436399978186403,AM1BCC,OpenEye,,,H,,18,[H:16][C:7]1([C:6]([C:5]([C:4]([C:9]([C:8]1([H:18])[H:19])([H:20])[H:21])([H:11])[C:2](=[O:1])[O:3][H:10])([H:12])[H:13])([H:14])[H:15])[H:17],13.0,12.0
18,0.0436399978186403,AM1BCC,OpenEye,,,H,,19,[H:16][C:7]1([C:6]([C:5]([C:4]([C:9]([C:8]1([H:18])[H:19])([H:20])[H:21])([H:11])[C:2](=[O:1])[O:3][H:10])([H:12])[H:13])([H:14])[H:15])[H:17],13.0,12.0
19,0.055699999311140606,AM1BCC,OpenEye,,,H,,20,[H:16][C:7]1([C:6]([C:5]([C:4]([C:9]([C:8]1([H:18])[H:19])([H:20])[H:21])([H:11])[C:2](=[O:1])[O:3][H:10])([H:12])[H:13])([H:14])[H:15])[H:17],13.0,12.0
20,0.055699999311140606,AM1BCC,OpenEye,,,H,,21,[H:16][C:7]1([C:6]([C:5]([C:4]([C:9]([C:8]1([H:18])[H:19])([H:20])[H:21])([H:11])[C:2](=[O:1])[O:3][H:10])([H:12])[H:13])([H:14])[H:15])[H:17],13.0,12.0
0,-0.550952380952381,AM1BCC,AmberTools,,,O,,1,[H:16][C:7]1([C:6]([C:5]([C:4]([C:9]([C:8]1([H:18])[H:19])([H:20])[H:21])([H:11])[C:2](=[O:1])[O:3][H:10])([H:12])[H:13])([H:14])[H:15])[H:17],13.0,12.0
1,0.6361476190476191,AM1BCC,AmberTools,,,C,,2,[H:16][C:7]1([C:6]([C:5]([C:4]([C:9]([C:8]1([H:18])[H:19])([H:20])[H:21])([H:11])[C:2](=[O:1])[O:3][H:10])([H:12])[H:13])([H:14])[H:15])[H:17],13.0,12.0
2,-0.6100523809523809,AM1BCC,AmberTools,,,O,,3,[H:16][C:7]1([C:6]([C:5]([C:4]([C:9]([C:8]1([H:18])[H:19])([H:20])[H:21])([H:11])[C:2](=[O:1])[O:3][H:10])([H:12])[H:13])([H:14])[H:15])[H:17],13.0,12.0
3,-0.10465238095238096,AM1BCC,AmberTools,,,C,,4,[H:16][C:7]1([C:6]([C:5]([C:4]([C:9]([C:8]1([H:18])[H:19])([H:20])[H:21])([H:11])[C:2](=[O:1])[O:3][H:10])([H:12])[H:13])([H:14])[H:15])[H:17],13.0,12.0
4,-0.07435238095238095,AM1BCC,AmberTools,,,C,,5,[H:16][C:7]1([C:6]([C:5]([C:4]([C:9]([C:8]1([H:18])[H:19])([H:20])[H:21])([H:11])[C:2](=[O:1])[O:3][H:10])([H:12])[H:13])([H:14])[H:15])[H:17],13.0,12.0
5,-0.07635238095238095,AM1BCC,AmberTools,,,C,,6,[H:16][C:7]1([C:6]([C:5]([C:4]([C:9]([C:8]1([H:18])[H:19])([H:20])[H:21])([H:11])[C:2](=[O:1])[O:3][H:10])([H:12])[H:13])([H:14])[H:15])[H:17],13.0,12.0
6,-0.08035238095238095,AM1BCC,AmberTools,,,C,,7,[H:16][C:7]1([C:6]([C:5]([C:4]([C:9]([C:8]1([H:18])[H:19])([H:20])[H:21])([H:11])[C:2](=[O:1])[O:3][H:10])([H:12])[H:13])([H:14])[H:15])[H:17],13.0,12.0
7,-0.07635238095238095,AM1BCC,AmberTools,,,C,,8,[H:16][C:7]1([C:6]([C:5]([C:4]([C:9]([C:8]1([H:18])[H:19])([H:20])[H:21])([H:11])[C:2](=[O:1])[O:3][H:10])([H:12])[H:13])([H:14])[H:15])[H:17],13.0,12.0
8,-0.07435238095238095,AM1BCC,AmberTools,,,C,,9,[H:16][C:7]1([C:6]([C:5]([C:4]([C:9]([C:8]1([H:18])[H:19])([H:20])[H:21])([H:11])[C:2](=[O:1])[O:3][H:10])([H:12])[H:13])([H:14])[H:15])[H:17],13.0,12.0
9,0.442047619047619,AM1BCC,AmberTools,,,H,,10,[H:16][C:7]1([C:6]([C:5]([C:4]([C:9]([C:8]1([H:18])[H:19])([H:20])[H:21])([H:11])[C:2](=[O:1])[O:3][H:10])([H:12])[H:13])([H:14])[H:15])[H:17],13.0,12.0
10,0.08274761904761904,AM1BCC,AmberTools,,,H,,11,[H:16][C:7]1([C:6]([C:5]([C:4]([C:9]([C:8]1([H:18])[H:19])([H:20])[H:21])([H:11])[C:2](=[O:1])[O:3][H:10])([H:12])[H:13])([H:14])[H:15])[H:17],13.0,12.0
11,0.055247619047619045,AM1BCC,AmberTools,,,H,,12,[H:16][C:7]1([C:6]([C:5]([C:4]([C:9]([C:8]1([H:18])[H:19])([H:20])[H:21])([H:11])[C:2](=[O:1])[O:3][H:10])([H:12])[H:13])([H:14])[H:15])[H:17],13.0,12.0
12,0.055247619047619045,AM1BCC,AmberTools,,,H,,13,[H:16][C:7]1([C:6]([C:5]([C:4]([C:9]([C:8]1([H:18])[H:19])([H:20])[H:21])([H:11])[C:2](=[O:1])[O:3][H:10])([H:12])[H:13])([H:14])[H:15])[H:17],13.0,12.0
13,0.04424761904761905,AM1BCC,AmberTools,,,H,,14,[H:16][C:7]1([C:6]([C:5]([C:4]([C:9]([C:8]1([H:18])[H:19])([H:20])[H:21])([H:11])[C:2](=[O:1])[O:3][H:10])([H:12])[H:13])([H:14])[H:15])[H:17],13.0,12.0
14,0.04424761904761905,AM1BCC,AmberTools,,,H,,15,[H:16][C:7]1([C:6]([C:5]([C:4]([C:9]([C:8]1([H:18])[H:19])([H:20])[H:21])([H:11])[C:2](=[O:1])[O:3][H:10])([H:12])[H:13])([H:14])[H:15])[H:17],13.0,12.0
15,0.04424761904761905,AM1BCC,AmberTools,,,H,,16,[H:16][C:7]1([C:6]([C:5]([C:4]([C:9]([C:8]1([H:18])[H:19])([H:20])[H:21])([H:11])[C:2](=[O:1])[O:3][H:10])([H:12])[H:13])([H:14])[H:15])[H:17],13.0,12.0
16,0.04424761904761905,AM1BCC,AmberTools,,,H,,17,[H:16][C:7]1([C:6]([C:5]([C:4]([C:9]([C:8]1([H:18])[H:19])([H:20])[H:21])([H:11])[C:2](=[O:1])[O:3][H:10])([H:12])[H:13])([H:14])[H:15])[H:17],13.0,12.0
17,0.04424761904761905,AM1BCC,AmberTools,,,H,,18,[H:16][C:7]1([C:6]([C:5]([C:4]([C:9]([C:8]1([H:18])[H:19])([H:20])[H:21])([H:11])[C:2](=[O:1])[O:3][H:10])([H:12])[H:13])([H:14])[H:15])[H:17],13.0,12.0
18,0.04424761904761905,AM1BCC,AmberTools,,,H,,19,[H:16][C:7]1([C:6]([C:5]([C:4]([C:9]([C:8]1([H:18])[H:19])([H:20])[H:21])([H:11])[C:2](=[O:1])[O:3][H:10])([H:12])[H:13])([H:14])[H:15])[H:17],13.0,12.0
19,0.055247619047619045,AM1BCC,AmberTools,,,H,,20,[H:16][C:7]1([C:6]([C:5]([C:4]([C:9]([C:8]1([H:18])[H:19])([H:20])[H:21])([H:11])[C:2](=[O:1])[O:3][H:10])([H:12])[H:13])([H:14])[H:15])[H:17],13.0,12.0
20,0.055247619047619045,AM1BCC,AmberTools,,,H,,21,[H:16][C:7]1([C:6]([C:5]([C:4]([C:9]([C:8]1([H:18])[H:19])([H:20])[H:21])([H:11])[C:2](=[O:1])[O:3][H:10])([H:12])[H:13])([H:14])[H:15])[H:17],13.0,12.0
0,-0.5506200208550408,AM1BCC,OpenEye,,,O,,1,[H:16][C:7]1([C:6]([C:5]([C:4]([C:9]([C:8]1([H:18])[H:19])([H:20])[H:21])([H:11])[C:2](=[O:1])[O:3][H:10])([H:12])[H:13])([H:14])[H:15])[H:17],14.0,1.0
1,0.6331800208205268,AM1BCC,OpenEye,,,C,,2,[H:16][C:7]1([C:6]([C:5]([C:4]([C:9]([C:8]1([H:18])[H:19])([H:20])[H:21])([H:11])[C:2](=[O:1])[O:3][H:10])([H:12])[H:13])([H:14])[H:15])[H:17],14.0,1.0
2,-0.6021599783783868,AM1BCC,OpenEye,,,O,,3,[H:16][C:7]1([C:6]([C:5]([C:4]([C:9]([C:8]1([H:18])[H:19])([H:20])[H:21])([H:11])[C:2](=[O:1])[O:3][H:10])([H:12])[H:13])([H:14])[H:15])[H:17],14.0,1.0
3,-0.10574000470695041,AM1BCC,OpenEye,,,C,,4,[H:16][C:7]1([C:6]([C:5]([C:4]([C:9]([C:8]1([H:18])[H:19])([H:20])[H:21])([H:11])[C:2](=[O:1])[O:3][H:10])([H:12])[H:13])([H:14])[H:15])[H:17],14.0,1.0
4,-0.07000000171718143,AM1BCC,OpenEye,,,C,,5,[H:16][C:7]1([C:6]([C:5]([C:4]([C:9]([C:8]1([H:18])[H:19])([H:20])[H:21])([H:11])[C:2](=[O:1])[O:3][H:10])([H:12])[H:13])([H:14])[H:15])[H:17],14.0,1.0
5,-0.07671000205335163,AM1BCC,OpenEye,,,C,,6,[H:16][C:7]1([C:6]([C:5]([C:4]([C:9]([C:8]1([H:18])[H:19])([H:20])[H:21])([H:11])[C:2](=[O:1])[O:3][H:10])([H:12])[H:13])([H:14])[H:15])[H:17],14.0,1.0
6,-0.07976000152883075,AM1BCC,OpenEye,,,C,,7,[H:16][C:7]1([C:6]([C:5]([C:4]([C:9]([C:8]1([H:18])[H:19])([H:20])[H:21])([H:11])[C:2](=[O:1])[O:3][H:10])([H:12])[H:13])([H:14])[H:15])[H:17],14.0,1.0
7,-0.07671000205335163,AM1BCC,OpenEye,,,C,,8,[H:16][C:7]1([C:6]([C:5]([C:4]([C:9]([C:8]1([H:18])[H:19])([H:20])[H:21])([H:11])[C:2](=[O:1])[O:3][H:10])([H:12])[H:13])([H:14])[H:15])[H:17],14.0,1.0
8,-0.07000000171718143,AM1BCC,OpenEye,,,C,,9,[H:16][C:7]1([C:6]([C:5]([C:4]([C:9]([C:8]1([H:18])[H:19])([H:20])[H:21])([H:11])[C:2](=[O:1])[O:3][H:10])([H:12])[H:13])([H:14])[H:15])[H:17],14.0,1.0
9,0.4415900097006843,AM1BCC,OpenEye,,,H,,10,[H:16][C:7]1([C:6]([C:5]([C:4]([C:9]([C:8]1([H:18])[H:19])([H:20])[H:21])([H:11])[C:2](=[O:1])[O:3][H:10])([H:12])[H:13])([H:14])[H:15])[H:17],14.0,1.0
10,0.07833000130596615,AM1BCC,OpenEye,,,H,,11,[H:16][C:7]1([C:6]([C:5]([C:4]([C:9]([C:8]1([H:18])[H:19])([H:20])[H:21])([H:11])[C:2](=[O:1])[O:3][H:10])([H:12])[H:13])([H:14])[H:15])[H:17],14.0,1.0
11,0.05349999896827198,AM1BCC,OpenEye,,,H,,12,[H:16][C:7]1([C:6]([C:5]([C:4]([C:9]([C:8]1([H:18])[H:19])([H:20])[H:21])([H:11])[C:2](=[O:1])[O:3][H:10])([H:12])[H:13])([H:14])[H:15])[H:17],14.0,1.0
12,0.05349999896827198,AM1BCC,OpenEye,,,H,,13,[H:16][C:7]1([C:6]([C:5]([C:4]([C:9]([C:8]1([H:18])[H:19])([H:20])[H:21])([H:11])[C:2](=[O:1])[O:3][H:10])([H:12])[H:13])([H:14])[H:15])[H:17],14.0,1.0
13,0.045949997823862804,AM1BCC,OpenEye,,,H,,14,[H:16][C:7]1([C:6]([C:5]([C:4]([C:9]([C:8]1([H:18])[H:19])([H:20])[H:21])([H:11])[C:2](=[O:1])[O:3][H:10])([H:12])[H:13])([H:14])[H:15])[H:17],14.0,1.0
14,0.045949997823862804,AM1BCC,OpenEye,,,H,,15,[H:16][C:7]1([C:6]([C:5]([C:4]([C:9]([C:8]1([H:18])[H:19])([H:20])[H:21])([H:11])[C:2](=[O:1])[O:3][H:10])([H:12])[H:13])([H:14])[H:15])[H:17],14.0,1.0
15,0.04039999700727917,AM1BCC,OpenEye,,,H,,16,[H:16][C:7]1([C:6]([C:5]([C:4]([C:9]([C:8]1([H:18])[H:19])([H:20])[H:21])([H:11])[C:2](=[O:1])[O:3][H:10])([H:12])[H:13])([H:14])[H:15])[H:17],14.0,1.0
16,0.04039999700727917,AM1BCC,OpenEye,,,H,,17,[H:16][C:7]1([C:6]([C:5]([C:4]([C:9]([C:8]1([H:18])[H:19])([H:20])[H:21])([H:11])[C:2](=[O:1])[O:3][H:10])([H:12])[H:13])([H:14])[H:15])[H:17],14.0,1.0
17,0.045949997823862804,AM1BCC,OpenEye,,,H,,18,[H:16][C:7]1([C:6]([C:5]([C:4]([C:9]([C:8]1([H:18])[H:19])([H:20])[H:21])([H:11])[C:2](=[O:1])[O:3][H:10])([H:12])[H:13])([H:14])[H:15])[H:17],14.0,1.0
18,0.045949997823862804,AM1BCC,OpenEye,,,H,,19,[H:16][C:7]1([C:6]([C:5]([C:4]([C:9]([C:8]1([H:18])[H:19])([H:20])[H:21])([H:11])[C:2](=[O:1])[O:3][H:10])([H:12])[H:13])([H:14])[H:15])[H:17],14.0,1.0
19,0.05349999896827198,AM1BCC,OpenEye,,,H,,20,[H:16][C:7]1([C:6]([C:5]([C:4]([C:9]([C:8]1([H:18])[H:19])([H:20])[H:21])([H:11])[C:2](=[O:1])[O:3][H:10])([H:12])[H:13])([H:14])[H:15])[H:17],14.0,1.0
20,0.05349999896827198,AM1BCC,OpenEye,,,H,,21,[H:16][C:7]1([C:6]([C:5]([C:4]([C:9]([C:8]1([H:18])[H:19])([H:20])[H:21])([H:11])[C:2](=[O:1])[O:3][H:10])([H:12])[H:13])([H:14])[H:15])[H:17],14.0,1.0
0,-0.5509047619047619,AM1BCC,AmberTools,,,O,,1,[H:16][C:7]1([C:6]([C:5]([C:4]([C:9]([C:8]1([H:18])[H:19])([H:20])[H:21])([H:11])[C:2](=[O:1])[O:3][H:10])([H:12])[H:13])([H:14])[H:15])[H:17],14.0,1.0
1,0.6351952380952381,AM1BCC,AmberTools,,,C,,2,[H:16][C:7]1([C:6]([C:5]([C:4]([C:9]([C:8]1([H:18])[H:19])([H:20])[H:21])([H:11])[C:2](=[O:1])[O:3][H:10])([H:12])[H:13])([H:14])[H:15])[H:17],14.0,1.0
2,-0.6120047619047618,AM1BCC,AmberTools,,,O,,3,[H:16][C:7]1([C:6]([C:5]([C:4]([C:9]([C:8]1([H:18])[H:19])([H:20])[H:21])([H:11])[C:2](=[O:1])[O:3][H:10])([H:12])[H:13])([H:14])[H:15])[H:17],14.0,1.0
3,-0.1016047619047619,AM1BCC,AmberTools,,,C,,4,[H:16][C:7]1([C:6]([C:5]([C:4]([C:9]([C:8]1([H:18])[H:19])([H:20])[H:21])([H:11])[C:2](=[O:1])[O:3][H:10])([H:12])[H:13])([H:14])[H:15])[H:17],14.0,1.0
4,-0.07280476190476191,AM1BCC,AmberTools,,,C,,5,[H:16][C:7]1([C:6]([C:5]([C:4]([C:9]([C:8]1([H:18])[H:19])([H:20])[H:21])([H:11])[C:2](=[O:1])[O:3][H:10])([H:12])[H:13])([H:14])[H:15])[H:17],14.0,1.0
5,-0.0753047619047619,AM1BCC,AmberTools,,,C,,6,[H:16][C:7]1([C:6]([C:5]([C:4]([C:9]([C:8]1([H:18])[H:19])([H:20])[H:21])([H:11])[C:2](=[O:1])[O:3][H:10])([H:12])[H:13])([H:14])[H:15])[H:17],14.0,1.0
6,-0.0793047619047619,AM1BCC,AmberTools,,,C,,7,[H:16][C:7]1([C:6]([C:5]([C:4]([C:9]([C:8]1([H:18])[H:19])([H:20])[H:21])([H:11])[C:2](=[O:1])[O:3][H:10])([H:12])[H:13])([H:14])[H:15])[H:17],14.0,1.0
7,-0.0753047619047619,AM1BCC,AmberTools,,,C,,8,[H:16][C:7]1([C:6]([C:5]([C:4]([C:9]([C:8]1([H:18])[H:19])([H:20])[H:21])([H:11])[C:2](=[O:1])[O:3][H:10])([H:12])[H:13])([H:14])[H:15])[H:17],14.0,1.0
8,-0.07280476190476191,AM1BCC,AmberTools,,,C,,9,[H:16][C:7]1([C:6]([C:5]([C:4]([C:9]([C:8]1([H:18])[H:19])([H:20])[H:21])([H:11])[C:2](=[O:1])[O:3][H:10])([H:12])[H:13])([H:14])[H:15])[H:17],14.0,1.0
9,0.4430952380952381,AM1BCC,AmberTools,,,H,,10,[H:16][C:7]1([C:6]([C:5]([C:4]([C:9]([C:8]1([H:18])[H:19])([H:20])[H:21])([H:11])[C:2](=[O:1])[O:3][H:10])([H:12])[H:13])([H:14])[H:15])[H:17],14.0,1.0
10,0.07979523809523809,AM1BCC,AmberTools,,,H,,11,[H:16][C:7]1([C:6]([C:5]([C:4]([C:9]([C:8]1([H:18])[H:19])([H:20])[H:21])([H:11])[C:2](=[O:1])[O:3][H:10])([H:12])[H:13])([H:14])[H:15])[H:17],14.0,1.0
11,0.0557952380952381,AM1BCC,AmberTools,,,H,,12,[H:16][C:7]1([C:6]([C:5]([C:4]([C:9]([C:8]1([H:18])[H:19])([H:20])[H:21])([H:11])[C:2](=[O:1])[O:3][H:10])([H:12])[H:13])([H:14])[H:15])[H:17],14.0,1.0
12,0.0557952380952381,AM1BCC,AmberTools,,,H,,13,[H:16][C:7]1([C:6]([C:5]([C:4]([C:9]([C:8]1([H:18])[H:19])([H:20])[H:21])([H:11])[C:2](=[O:1])[O:3][H:10])([H:12])[H:13])([H:14])[H:15])[H:17],14.0,1.0
13,0.0445452380952381,AM1BCC,AmberTools,,,H,,14,[H:16][C:7]1([C:6]([C:5]([C:4]([C:9]([C:8]1([H:18])[H:19])([H:20])[H:21])([H:11])[C:2](=[O:1])[O:3][H:10])([H:12])[H:13])([H:14])[H:15])[H:17],14.0,1.0
14,0.0445452380952381,AM1BCC,AmberTools,,,H,,15,[H:16][C:7]1([C:6]([C:5]([C:4]([C:9]([C:8]1([H:18])[H:19])([H:20])[H:21])([H:11])[C:2](=[O:1])[O:3][H:10])([H:12])[H:13])([H:14])[H:15])[H:17],14.0,1.0
15,0.0402952380952381,AM1BCC,AmberTools,,,H,,16,[H:16][C:7]1([C:6]([C:5]([C:4]([C:9]([C:8]1([H:18])[H:19])([H:20])[H:21])([H:11])[C:2](=[O:1])[O:3][H:10])([H:12])[H:13])([H:14])[H:15])[H:17],14.0,1.0
16,0.0402952380952381,AM1BCC,AmberTools,,,H,,17,[H:16][C:7]1([C:6]([C:5]([C:4]([C:9]([C:8]1([H:18])[H:19])([H:20])[H:21])([H:11])[C:2](=[O:1])[O:3][H:10])([H:12])[H:13])([H:14])[H:15])[H:17],14.0,1.0
17,0.0445452380952381,AM1BCC,AmberTools,,,H,,18,[H:16][C:7]1([C:6]([C:5]([C:4]([C:9]([C:8]1([H:18])[H:19])([H:20])[H:21])([H:11])[C:2](=[O:1])[O:3][H:10])([H:12])[H:13])([H:14])[H:15])[H:17],14.0,1.0
18,0.0445452380952381,AM1BCC,AmberTools,,,H,,19,[H:16][C:7]1([C:6]([C:5]([C:4]([C:9]([C:8]1([H:18])[H:19])([H:20])[H:21])([H:11])[C:2](=[O:1])[O:3][H:10])([H:12])[H:13])([H:14])[H:15])[H:17],14.0,1.0
19,0.0557952380952381,AM1BCC,AmberTools,,,H,,20,[H:16][C:7]1([C:6]([C:5]([C:4]([C:9]([C:8]1([H:18])[H:19])([H:20])[H:21])([H:11])[C:2](=[O:1])[O:3][H:10])([H:12])[H:13])([H:14])[H:15])[H:17],14.0,1.0
20,0.0557952380952381,AM1BCC,AmberTools,,,H,,21,[H:16][C:7]1([C:6]([C:5]([C:4]([C:9]([C:8]1([H:18])[H:19])([H:20])[H:21])([H:11])[C:2](=[O:1])[O:3][H:10])([H:12])[H:13])([H:14])[H:15])[H:17],14.0,1.0
0,-0.5506200208550408,AM1BCC,OpenEye,,,O,,1,[H:16][C:7]1([C:6]([C:5]([C:4]([C:9]([C:8]1([H:18])[H:19])([H:20])[H:21])([H:11])[C:2](=[O:1])[O:3][H:10])([H:12])[H:13])([H:14])[H:15])[H:17],14.0,2.0
1,0.6331800208205268,AM1BCC,OpenEye,,,C,,2,[H:16][C:7]1([C:6]([C:5]([C:4]([C:9]([C:8]1([H:18])[H:19])([H:20])[H:21])([H:11])[C:2](=[O:1])[O:3][H:10])([H:12])[H:13])([H:14])[H:15])[H:17],14.0,2.0
2,-0.6021599783783868,AM1BCC,OpenEye,,,O,,3,[H:16][C:7]1([C:6]([C:5]([C:4]([C:9]([C:8]1([H:18])[H:19])([H:20])[H:21])([H:11])[C:2](=[O:1])[O:3][H:10])([H:12])[H:13])([H:14])[H:15])[H:17],14.0,2.0
3,-0.10574000470695041,AM1BCC,OpenEye,,,C,,4,[H:16][C:7]1([C:6]([C:5]([C:4]([C:9]([C:8]1([H:18])[H:19])([H:20])[H:21])([H:11])[C:2](=[O:1])[O:3][H:10])([H:12])[H:13])([H:14])[H:15])[H:17],14.0,2.0
4,-0.07000000171718143,AM1BCC,OpenEye,,,C,,5,[H:16][C:7]1([C:6]([C:5]([C:4]([C:9]([C:8]1([H:18])[H:19])([H:20])[H:21])([H:11])[C:2](=[O:1])[O:3][H:10])([H:12])[H:13])([H:14])[H:15])[H:17],14.0,2.0
5,-0.07671000205335163,AM1BCC,OpenEye,,,C,,6,[H:16][C:7]1([C:6]([C:5]([C:4]([C:9]([C:8]1([H:18])[H:19])([H:20])[H:21])([H:11])[C:2](=[O:1])[O:3][H:10])([H:12])[H:13])([H:14])[H:15])[H:17],14.0,2.0
6,-0.07976000152883075,AM1BCC,OpenEye,,,C,,7,[H:16][C:7]1([C:6]([C:5]([C:4]([C:9]([C:8]1([H:18])[H:19])([H:20])[H:21])([H:11])[C:2](=[O:1])[O:3][H:10])([H:12])[H:13])([H:14])[H:15])[H:17],14.0,2.0
7,-0.07671000205335163,AM1BCC,OpenEye,,,C,,8,[H:16][C:7]1([C:6]([C:5]([C:4]([C:9]([C:8]1([H:18])[H:19])([H:20])[H:21])([H:11])[C:2](=[O:1])[O:3][H:10])([H:12])[H:13])([H:14])[H:15])[H:17],14.0,2.0
8,-0.07000000171718143,AM1BCC,OpenEye,,,C,,9,[H:16][C:7]1([C:6]([C:5]([C:4]([C:9]([C:8]1([H:18])[H:19])([H:20])[H:21])([H:11])[C:2](=[O:1])[O:3][H:10])([H:12])[H:13])([H:14])[H:15])[H:17],14.0,2.0
9,0.4415900097006843,AM1BCC,OpenEye,,,H,,10,[H:16][C:7]1([C:6]([C:5]([C:4]([C:9]([C:8]1([H:18])[H:19])([H:20])[H:21])([H:11])[C:2](=[O:1])[O:3][H:10])([H:12])[H:13])([H:14])[H:15])[H:17],14.0,2.0
10,0.07833000130596615,AM1BCC,OpenEye,,,H,,11,[H:16][C:7]1([C:6]([C:5]([C:4]([C:9]([C:8]1([H:18])[H:19])([H:20])[H:21])([H:11])[C:2](=[O:1])[O:3][H:10])([H:12])[H:13])([H:14])[H:15])[H:17],14.0,2.0
11,0.05349999896827198,AM1BCC,OpenEye,,,H,,12,[H:16][C:7]1([C:6]([C:5]([C:4]([C:9]([C:8]1([H:18])[H:19])([H:20])[H:21])([H:11])[C:2](=[O:1])[O:3][H:10])([H:12])[H:13])([H:14])[H:15])[H:17],14.0,2.0
12,0.05349999896827198,AM1BCC,OpenEye,,,H,,13,[H:16][C:7]1([C:6]([C:5]([C:4]([C:9]([C:8]1([H:18])[H:19])([H:20])[H:21])([H:11])[C:2](=[O:1])[O:3][H:10])([H:12])[H:13])([H:14])[H:15])[H:17],14.0,2.0
13,0.045949997823862804,AM1BCC,OpenEye,,,H,,14,[H:16][C:7]1([C:6]([C:5]([C:4]([C:9]([C:8]1([H:18])[H:19])([H:20])[H:21])([H:11])[C:2](=[O:1])[O:3][H:10])([H:12])[H:13])([H:14])[H:15])[H:17],14.0,2.0
14,0.045949997823862804,AM1BCC,OpenEye,,,H,,15,[H:16][C:7]1([C:6]([C:5]([C:4]([C:9]([C:8]1([H:18])[H:19])([H:20])[H:21])([H:11])[C:2](=[O:1])[O:3][H:10])([H:12])[H:13])([H:14])[H:15])[H:17],14.0,2.0
15,0.04039999700727917,AM1BCC,OpenEye,,,H,,16,[H:16][C:7]1([C:6]([C:5]([C:4]([C:9]([C:8]1([H:18])[H:19])([H:20])[H:21])([H:11])[C:2](=[O:1])[O:3][H:10])([H:12])[H:13])([H:14])[H:15])[H:17],14.0,2.0
16,0.04039999700727917,AM1BCC,OpenEye,,,H,,17,[H:16][C:7]1([C:6]([C:5]([C:4]([C:9]([C:8]1([H:18])[H:19])([H:20])[H:21])([H:11])[C:2](=[O:1])[O:3][H:10])([H:12])[H:13])([H:14])[H:15])[H:17],14.0,2.0
17,0.045949997823862804,AM1BCC,OpenEye,,,H,,18,[H:16][C:7]1([C:6]([C:5]([C:4]([C:9]([C:8]1([H:18])[H:19])([H:20])[H:21])([H:11])[C:2](=[O:1])[O:3][H:10])([H:12])[H:13])([H:14])[H:15])[H:17],14.0,2.0
18,0.045949997823862804,AM1BCC,OpenEye,,,H,,19,[H:16][C:7]1([C:6]([C:5]([C:4]([C:9]([C:8]1([H:18])[H:19])([H:20])[H:21])([H:11])[C:2](=[O:1])[O:3][H:10])([H:12])[H:13])([H:14])[H:15])[H:17],14.0,2.0
19,0.05349999896827198,AM1BCC,OpenEye,,,H,,20,[H:16][C:7]1([C:6]([C:5]([C:4]([C:9]([C:8]1([H:18])[H:19])([H:20])[H:21])([H:11])[C:2](=[O:1])[O:3][H:10])([H:12])[H:13])([H:14])[H:15])[H:17],14.0,2.0
20,0.05349999896827198,AM1BCC,OpenEye,,,H,,21,[H:16][C:7]1([C:6]([C:5]([C:4]([C:9]([C:8]1([H:18])[H:19])([H:20])[H:21])([H:11])[C:2](=[O:1])[O:3][H:10])([H:12])[H:13])([H:14])[H:15])[H:17],14.0,2.0
0,-0.5509047619047619,AM1BCC,AmberTools,,,O,,1,[H:16][C:7]1([C:6]([C:5]([C:4]([C:9]([C:8]1([H:18])[H:19])([H:20])[H:21])([H:11])[C:2](=[O:1])[O:3][H:10])([H:12])[H:13])([H:14])[H:15])[H:17],14.0,2.0
1,0.6351952380952381,AM1BCC,AmberTools,,,C,,2,[H:16][C:7]1([C:6]([C:5]([C:4]([C:9]([C:8]1([H:18])[H:19])([H:20])[H:21])([H:11])[C:2](=[O:1])[O:3][H:10])([H:12])[H:13])([H:14])[H:15])[H:17],14.0,2.0
2,-0.6120047619047618,AM1BCC,AmberTools,,,O,,3,[H:16][C:7]1([C:6]([C:5]([C:4]([C:9]([C:8]1([H:18])[H:19])([H:20])[H:21])([H:11])[C:2](=[O:1])[O:3][H:10])([H:12])[H:13])([H:14])[H:15])[H:17],14.0,2.0
3,-0.1016047619047619,AM1BCC,AmberTools,,,C,,4,[H:16][C:7]1([C:6]([C:5]([C:4]([C:9]([C:8]1([H:18])[H:19])([H:20])[H:21])([H:11])[C:2](=[O:1])[O:3][H:10])([H:12])[H:13])([H:14])[H:15])[H:17],14.0,2.0
4,-0.07280476190476191,AM1BCC,AmberTools,,,C,,5,[H:16][C:7]1([C:6]([C:5]([C:4]([C:9]([C:8]1([H:18])[H:19])([H:20])[H:21])([H:11])[C:2](=[O:1])[O:3][H:10])([H:12])[H:13])([H:14])[H:15])[H:17],14.0,2.0
5,-0.0753047619047619,AM1BCC,AmberTools,,,C,,6,[H:16][C:7]1([C:6]([C:5]([C:4]([C:9]([C:8]1([H:18])[H:19])([H:20])[H:21])([H:11])[C:2](=[O:1])[O:3][H:10])([H:12])[H:13])([H:14])[H:15])[H:17],14.0,2.0
6,-0.0793047619047619,AM1BCC,AmberTools,,,C,,7,[H:16][C:7]1([C:6]([C:5]([C:4]([C:9]([C:8]1([H:18])[H:19])([H:20])[H:21])([H:11])[C:2](=[O:1])[O:3][H:10])([H:12])[H:13])([H:14])[H:15])[H:17],14.0,2.0
7,-0.0753047619047619,AM1BCC,AmberTools,,,C,,8,[H:16][C:7]1([C:6]([C:5]([C:4]([C:9]([C:8]1([H:18])[H:19])([H:20])[H:21])([H:11])[C:2](=[O:1])[O:3][H:10])([H:12])[H:13])([H:14])[H:15])[H:17],14.0,2.0
8,-0.07280476190476191,AM1BCC,AmberTools,,,C,,9,[H:16][C:7]1([C:6]([C:5]([C:4]([C:9]([C:8]1([H:18])[H:19])([H:20])[H:21])([H:11])[C:2](=[O:1])[O:3][H:10])([H:12])[H:13])([H:14])[H:15])[H:17],14.0,2.0
9,0.4430952380952381,AM1BCC,AmberTools,,,H,,10,[H:16][C:7]1([C:6]([C:5]([C:4]([C:9]([C:8]1([H:18])[H:19])([H:20])[H:21])([H:11])[C:2](=[O:1])[O:3][H:10])([H:12])[H:13])([H:14])[H:15])[H:17],14.0,2.0
10,0.07979523809523809,AM1BCC,AmberTools,,,H,,11,[H:16][C:7]1([C:6]([C:5]([C:4]([C:9]([C:8]1([H:18])[H:19])([H:20])[H:21])([H:11])[C:2](=[O:1])[O:3][H:10])([H:12])[H:13])([H:14])[H:15])[H:17],14.0,2.0
11,0.0557952380952381,AM1BCC,AmberTools,,,H,,12,[H:16][C:7]1([C:6]([C:5]([C:4]([C:9]([C:8]1([H:18])[H:19])([H:20])[H:21])([H:11])[C:2](=[O:1])[O:3][H:10])([H:12])[H:13])([H:14])[H:15])[H:17],14.0,2.0
12,0.0557952380952381,AM1BCC,AmberTools,,,H,,13,[H:16][C:7]1([C:6]([C:5]([C:4]([C:9]([C:8]1([H:18])[H:19])([H:20])[H:21])([H:11])[C:2](=[O:1])[O:3][H:10])([H:12])[H:13])([H:14])[H:15])[H:17],14.0,2.0
13,0.0445452380952381,AM1BCC,AmberTools,,,H,,14,[H:16][C:7]1([C:6]([C:5]([C:4]([C:9]([C:8]1([H:18])[H:19])([H:20])[H:21])([H:11])[C:2](=[O:1])[O:3][H:10])([H:12])[H:13])([H:14])[H:15])[H:17],14.0,2.0
14,0.0445452380952381,AM1BCC,AmberTools,,,H,,15,[H:16][C:7]1([C:6]([C:5]([C:4]([C:9]([C:8]1([H:18])[H:19])([H:20])[H:21])([H:11])[C:2](=[O:1])[O:3][H:10])([H:12])[H:13])([H:14])[H:15])[H:17],14.0,2.0
15,0.0402952380952381,AM1BCC,AmberTools,,,H,,16,[H:16][C:7]1([C:6]([C:5]([C:4]([C:9]([C:8]1([H:18])[H:19])([H:20])[H:21])([H:11])[C:2](=[O:1])[O:3][H:10])([H:12])[H:13])([H:14])[H:15])[H:17],14.0,2.0
16,0.0402952380952381,AM1BCC,AmberTools,,,H,,17,[H:16][C:7]1([C:6]([C:5]([C:4]([C:9]([C:8]1([H:18])[H:19])([H:20])[H:21])([H:11])[C:2](=[O:1])[O:3][H:10])([H:12])[H:13])([H:14])[H:15])[H:17],14.0,2.0
17,0.0445452380952381,AM1BCC,AmberTools,,,H,,18,[H:16][C:7]1([C:6]([C:5]([C:4]([C:9]([C:8]1([H:18])[H:19])([H:20])[H:21])([H:11])[C:2](=[O:1])[O:3][H:10])([H:12])[H:13])([H:14])[H:15])[H:17],14.0,2.0
18,0.0445452380952381,AM1BCC,AmberTools,,,H,,19,[H:16][C:7]1([C:6]([C:5]([C:4]([C:9]([C:8]1([H:18])[H:19])([H:20])[H:21])([H:11])[C:2](=[O:1])[O:3][H:10])([H:12])[H:13])([H:14])[H:15])[H:17],14.0,2.0
19,0.0557952380952381,AM1BCC,AmberTools,,,H,,20,[H:16][C:7]1([C:6]([C:5]([C:4]([C:9]([C:8]1([H:18])[H:19])([H:20])[H:21])([H:11])[C:2](=[O:1])[O:3][H:10])([H:12])[H:13])([H:14])[H:15])[H:17],14.0,2.0
20,0.0557952380952381,AM1BCC,AmberTools,,,H,,21,[H:16][C:7]1([C:6]([C:5]([C:4]([C:9]([C:8]1([H:18])[H:19])([H:20])[H:21])([H:11])[C:2](=[O:1])[O:3][H:10])([H:12])[H:13])([H:14])[H:15])[H:17],14.0,2.0
0,-0.5506200208550408,AM1BCC,OpenEye,,,O,,1,[H:16][C:7]1([C:6]([C:5]([C:4]([C:9]([C:8]1([H:18])[H:19])([H:20])[H:21])([H:11])[C:2](=[O:1])[O:3][H:10])([H:12])[H:13])([H:14])[H:15])[H:17],14.0,3.0
1,0.6331800208205268,AM1BCC,OpenEye,,,C,,2,[H:16][C:7]1([C:6]([C:5]([C:4]([C:9]([C:8]1([H:18])[H:19])([H:20])[H:21])([H:11])[C:2](=[O:1])[O:3][H:10])([H:12])[H:13])([H:14])[H:15])[H:17],14.0,3.0
2,-0.6021599783783868,AM1BCC,OpenEye,,,O,,3,[H:16][C:7]1([C:6]([C:5]([C:4]([C:9]([C:8]1([H:18])[H:19])([H:20])[H:21])([H:11])[C:2](=[O:1])[O:3][H:10])([H:12])[H:13])([H:14])[H:15])[H:17],14.0,3.0
3,-0.10574000470695041,AM1BCC,OpenEye,,,C,,4,[H:16][C:7]1([C:6]([C:5]([C:4]([C:9]([C:8]1([H:18])[H:19])([H:20])[H:21])([H:11])[C:2](=[O:1])[O:3][H:10])([H:12])[H:13])([H:14])[H:15])[H:17],14.0,3.0
4,-0.07000000171718143,AM1BCC,OpenEye,,,C,,5,[H:16][C:7]1([C:6]([C:5]([C:4]([C:9]([C:8]1([H:18])[H:19])([H:20])[H:21])([H:11])[C:2](=[O:1])[O:3][H:10])([H:12])[H:13])([H:14])[H:15])[H:17],14.0,3.0
5,-0.07671000205335163,AM1BCC,OpenEye,,,C,,6,[H:16][C:7]1([C:6]([C:5]([C:4]([C:9]([C:8]1([H:18])[H:19])([H:20])[H:21])([H:11])[C:2](=[O:1])[O:3][H:10])([H:12])[H:13])([H:14])[H:15])[H:17],14.0,3.0
6,-0.07976000152883075,AM1BCC,OpenEye,,,C,,7,[H:16][C:7]1([C:6]([C:5]([C:4]([C:9]([C:8]1([H:18])[H:19])([H:20])[H:21])([H:11])[C:2](=[O:1])[O:3][H:10])([H:12])[H:13])([H:14])[H:15])[H:17],14.0,3.0
7,-0.07671000205335163,AM1BCC,OpenEye,,,C,,8,[H:16][C:7]1([C:6]([C:5]([C:4]([C:9]([C:8]1([H:18])[H:19])([H:20])[H:21])([H:11])[C:2](=[O:1])[O:3][H:10])([H:12])[H:13])([H:14])[H:15])[H:17],14.0,3.0
8,-0.07000000171718143,AM1BCC,OpenEye,,,C,,9,[H:16][C:7]1([C:6]([C:5]([C:4]([C:9]([C:8]1([H:18])[H:19])([H:20])[H:21])([H:11])[C:2](=[O:1])[O:3][H:10])([H:12])[H:13])([H:14])[H:15])[H:17],14.0,3.0
9,0.4415900097006843,AM1BCC,OpenEye,,,H,,10,[H:16][C:7]1([C:6]([C:5]([C:4]([C:9]([C:8]1([H:18])[H:19])([H:20])[H:21])([H:11])[C:2](=[O:1])[O:3][H:10])([H:12])[H:13])([H:14])[H:15])[H:17],14.0,3.0
10,0.07833000130596615,AM1BCC,OpenEye,,,H,,11,[H:16][C:7]1([C:6]([C:5]([C:4]([C:9]([C:8]1([H:18])[H:19])([H:20])[H:21])([H:11])[C:2](=[O:1])[O:3][H:10])([H:12])[H:13])([H:14])[H:15])[H:17],14.0,3.0
11,0.05349999896827198,AM1BCC,OpenEye,,,H,,12,[H:16][C:7]1([C:6]([C:5]([C:4]([C:9]([C:8]1([H:18])[H:19])([H:20])[H:21])([H:11])[C:2](=[O:1])[O:3][H:10])([H:12])[H:13])([H:14])[H:15])[H:17],14.0,3.0
12,0.05349999896827198,AM1BCC,OpenEye,,,H,,13,[H:16][C:7]1([C:6]([C:5]([C:4]([C:9]([C:8]1([H:18])[H:19])([H:20])[H:21])([H:11])[C:2](=[O:1])[O:3][H:10])([H:12])[H:13])([H:14])[H:15])[H:17],14.0,3.0
13,0.045949997823862804,AM1BCC,OpenEye,,,H,,14,[H:16][C:7]1([C:6]([C:5]([C:4]([C:9]([C:8]1([H:18])[H:19])([H:20])[H:21])([H:11])[C:2](=[O:1])[O:3][H:10])([H:12])[H:13])([H:14])[H:15])[H:17],14.0,3.0
14,0.045949997823862804,AM1BCC,OpenEye,,,H,,15,[H:16][C:7]1([C:6]([C:5]([C:4]([C:9]([C:8]1([H:18])[H:19])([H:20])[H:21])([H:11])[C:2](=[O:1])[O:3][H:10])([H:12])[H:13])([H:14])[H:15])[H:17],14.0,3.0
15,0.04039999700727917,AM1BCC,OpenEye,,,H,,16,[H:16][C:7]1([C:6]([C:5]([C:4]([C:9]([C:8]1([H:18])[H:19])([H:20])[H:21])([H:11])[C:2](=[O:1])[O:3][H:10])([H:12])[H:13])([H:14])[H:15])[H:17],14.0,3.0
16,0.04039999700727917,AM1BCC,OpenEye,,,H,,17,[H:16][C:7]1([C:6]([C:5]([C:4]([C:9]([C:8]1([H:18])[H:19])([H:20])[H:21])([H:11])[C:2](=[O:1])[O:3][H:10])([H:12])[H:13])([H:14])[H:15])[H:17],14.0,3.0
17,0.045949997823862804,AM1BCC,OpenEye,,,H,,18,[H:16][C:7]1([C:6]([C:5]([C:4]([C:9]([C:8]1([H:18])[H:19])([H:20])[H:21])([H:11])[C:2](=[O:1])[O:3][H:10])([H:12])[H:13])([H:14])[H:15])[H:17],14.0,3.0
18,0.045949997823862804,AM1BCC,OpenEye,,,H,,19,[H:16][C:7]1([C:6]([C:5]([C:4]([C:9]([C:8]1([H:18])[H:19])([H:20])[H:21])([H:11])[C:2](=[O:1])[O:3][H:10])([H:12])[H:13])([H:14])[H:15])[H:17],14.0,3.0
19,0.05349999896827198,AM1BCC,OpenEye,,,H,,20,[H:16][C:7]1([C:6]([C:5]([C:4]([C:9]([C:8]1([H:18])[H:19])([H:20])[H:21])([H:11])[C:2](=[O:1])[O:3][H:10])([H:12])[H:13])([H:14])[H:15])[H:17],14.0,3.0
20,0.05349999896827198,AM1BCC,OpenEye,,,H,,21,[H:16][C:7]1([C:6]([C:5]([C:4]([C:9]([C:8]1([H:18])[H:19])([H:20])[H:21])([H:11])[C:2](=[O:1])[O:3][H:10])([H:12])[H:13])([H:14])[H:15])[H:17],14.0,3.0
0,-0.5509047619047619,AM1BCC,AmberTools,,,O,,1,[H:16][C:7]1([C:6]([C:5]([C:4]([C:9]([C:8]1([H:18])[H:19])([H:20])[H:21])([H:11])[C:2](=[O:1])[O:3][H:10])([H:12])[H:13])([H:14])[H:15])[H:17],14.0,3.0
1,0.6351952380952381,AM1BCC,AmberTools,,,C,,2,[H:16][C:7]1([C:6]([C:5]([C:4]([C:9]([C:8]1([H:18])[H:19])([H:20])[H:21])([H:11])[C:2](=[O:1])[O:3][H:10])([H:12])[H:13])([H:14])[H:15])[H:17],14.0,3.0
2,-0.6120047619047618,AM1BCC,AmberTools,,,O,,3,[H:16][C:7]1([C:6]([C:5]([C:4]([C:9]([C:8]1([H:18])[H:19])([H:20])[H:21])([H:11])[C:2](=[O:1])[O:3][H:10])([H:12])[H:13])([H:14])[H:15])[H:17],14.0,3.0
3,-0.1016047619047619,AM1BCC,AmberTools,,,C,,4,[H:16][C:7]1([C:6]([C:5]([C:4]([C:9]([C:8]1([H:18])[H:19])([H:20])[H:21])([H:11])[C:2](=[O:1])[O:3][H:10])([H:12])[H:13])([H:14])[H:15])[H:17],14.0,3.0
4,-0.07280476190476191,AM1BCC,AmberTools,,,C,,5,[H:16][C:7]1([C:6]([C:5]([C:4]([C:9]([C:8]1([H:18])[H:19])([H:20])[H:21])([H:11])[C:2](=[O:1])[O:3][H:10])([H:12])[H:13])([H:14])[H:15])[H:17],14.0,3.0
5,-0.0753047619047619,AM1BCC,AmberTools,,,C,,6,[H:16][C:7]1([C:6]([C:5]([C:4]([C:9]([C:8]1([H:18])[H:19])([H:20])[H:21])([H:11])[C:2](=[O:1])[O:3][H:10])([H:12])[H:13])([H:14])[H:15])[H:17],14.0,3.0
6,-0.0793047619047619,AM1BCC,AmberTools,,,C,,7,[H:16][C:7]1([C:6]([C:5]([C:4]([C:9]([C:8]1([H:18])[H:19])([H:20])[H:21])([H:11])[C:2](=[O:1])[O:3][H:10])([H:12])[H:13])([H:14])[H:15])[H:17],14.0,3.0
7,-0.0753047619047619,AM1BCC,AmberTools,,,C,,8,[H:16][C:7]1([C:6]([C:5]([C:4]([C:9]([C:8]1([H:18])[H:19])([H:20])[H:21])([H:11])[C:2](=[O:1])[O:3][H:10])([H:12])[H:13])([H:14])[H:15])[H:17],14.0,3.0
8,-0.07280476190476191,AM1BCC,AmberTools,,,C,,9,[H:16][C:7]1([C:6]([C:5]([C:4]([C:9]([C:8]1([H:18])[H:19])([H:20])[H:21])([H:11])[C:2](=[O:1])[O:3][H:10])([H:12])[H:13])([H:14])[H:15])[H:17],14.0,3.0
9,0.4430952380952381,AM1BCC,AmberTools,,,H,,10,[H:16][C:7]1([C:6]([C:5]([C:4]([C:9]([C:8]1([H:18])[H:19])([H:20])[H:21])([H:11])[C:2](=[O:1])[O:3][H:10])([H:12])[H:13])([H:14])[H:15])[H:17],14.0,3.0
10,0.07979523809523809,AM1BCC,AmberTools,,,H,,11,[H:16][C:7]1([C:6]([C:5]([C:4]([C:9]([C:8]1([H:18])[H:19])([H:20])[H:21])([H:11])[C:2](=[O:1])[O:3][H:10])([H:12])[H:13])([H:14])[H:15])[H:17],14.0,3.0
11,0.0557952380952381,AM1BCC,AmberTools,,,H,,12,[H:16][C:7]1([C:6]([C:5]([C:4]([C:9]([C:8]1([H:18])[H:19])([H:20])[H:21])([H:11])[C:2](=[O:1])[O:3][H:10])([H:12])[H:13])([H:14])[H:15])[H:17],14.0,3.0
12,0.0557952380952381,AM1BCC,AmberTools,,,H,,13,[H:16][C:7]1([C:6]([C:5]([C:4]([C:9]([C:8]1([H:18])[H:19])([H:20])[H:21])([H:11])[C:2](=[O:1])[O:3][H:10])([H:12])[H:13])([H:14])[H:15])[H:17],14.0,3.0
13,0.0445452380952381,AM1BCC,AmberTools,,,H,,14,[H:16][C:7]1([C:6]([C:5]([C:4]([C:9]([C:8]1([H:18])[H:19])([H:20])[H:21])([H:11])[C:2](=[O:1])[O:3][H:10])([H:12])[H:13])([H:14])[H:15])[H:17],14.0,3.0
14,0.0445452380952381,AM1BCC,AmberTools,,,H,,15,[H:16][C:7]1([C:6]([C:5]([C:4]([C:9]([C:8]1([H:18])[H:19])([H:20])[H:21])([H:11])[C:2](=[O:1])[O:3][H:10])([H:12])[H:13])([H:14])[H:15])[H:17],14.0,3.0
15,0.0402952380952381,AM1BCC,AmberTools,,,H,,16,[H:16][C:7]1([C:6]([C:5]([C:4]([C:9]([C:8]1([H:18])[H:19])([H:20])[H:21])([H:11])[C:2](=[O:1])[O:3][H:10])([H:12])[H:13])([H:14])[H:15])[H:17],14.0,3.0
16,0.0402952380952381,AM1BCC,AmberTools,,,H,,17,[H:16][C:7]1([C:6]([C:5]([C:4]([C:9]([C:8]1([H:18])[H:19])([H:20])[H:21])([H:11])[C:2](=[O:1])[O:3][H:10])([H:12])[H:13])([H:14])[H:15])[H:17],14.0,3.0
17,0.0445452380952381,AM1BCC,AmberTools,,,H,,18,[H:16][C:7]1([C:6]([C:5]([C:4]([C:9]([C:8]1([H:18])[H:19])([H:20])[H:21])([H:11])[C:2](=[O:1])[O:3][H:10])([H:12])[H:13])([H:14])[H:15])[H:17],14.0,3.0
18,0.0445452380952381,AM1BCC,AmberTools,,,H,,19,[H:16][C:7]1([C:6]([C:5]([C:4]([C:9]([C:8]1([H:18])[H:19])([H:20])[H:21])([H:11])[C:2](=[O:1])[O:3][H:10])([H:12])[H:13])([H:14])[H:15])[H:17],14.0,3.0
19,0.0557952380952381,AM1BCC,AmberTools,,,H,,20,[H:16][C:7]1([C:6]([C:5]([C:4]([C:9]([C:8]1([H:18])[H:19])([H:20])[H:21])([H:11])[C:2](=[O:1])[O:3][H:10])([H:12])[H:13])([H:14])[H:15])[H:17],14.0,3.0
20,0.0557952380952381,AM1BCC,AmberTools,,,H,,21,[H:16][C:7]1([C:6]([C:5]([C:4]([C:9]([C:8]1([H:18])[H:19])([H:20])[H:21])([H:11])[C:2](=[O:1])[O:3][H:10])([H:12])[H:13])([H:14])[H:15])[H:17],14.0,3.0
0,-0.5506200208550408,AM1BCC,OpenEye,,,O,,1,[H:16][C:7]1([C:6]([C:5]([C:4]([C:9]([C:8]1([H:18])[H:19])([H:20])[H:21])([H:11])[C:2](=[O:1])[O:3][H:10])([H:12])[H:13])([H:14])[H:15])[H:17],14.0,4.0
1,0.6331800208205268,AM1BCC,OpenEye,,,C,,2,[H:16][C:7]1([C:6]([C:5]([C:4]([C:9]([C:8]1([H:18])[H:19])([H:20])[H:21])([H:11])[C:2](=[O:1])[O:3][H:10])([H:12])[H:13])([H:14])[H:15])[H:17],14.0,4.0
2,-0.6021599783783868,AM1BCC,OpenEye,,,O,,3,[H:16][C:7]1([C:6]([C:5]([C:4]([C:9]([C:8]1([H:18])[H:19])([H:20])[H:21])([H:11])[C:2](=[O:1])[O:3][H:10])([H:12])[H:13])([H:14])[H:15])[H:17],14.0,4.0
3,-0.10574000470695041,AM1BCC,OpenEye,,,C,,4,[H:16][C:7]1([C:6]([C:5]([C:4]([C:9]([C:8]1([H:18])[H:19])([H:20])[H:21])([H:11])[C:2](=[O:1])[O:3][H:10])([H:12])[H:13])([H:14])[H:15])[H:17],14.0,4.0
4,-0.07000000171718143,AM1BCC,OpenEye,,,C,,5,[H:16][C:7]1([C:6]([C:5]([C:4]([C:9]([C:8]1([H:18])[H:19])([H:20])[H:21])([H:11])[C:2](=[O:1])[O:3][H:10])([H:12])[H:13])([H:14])[H:15])[H:17],14.0,4.0
5,-0.07671000205335163,AM1BCC,OpenEye,,,C,,6,[H:16][C:7]1([C:6]([C:5]([C:4]([C:9]([C:8]1([H:18])[H:19])([H:20])[H:21])([H:11])[C:2](=[O:1])[O:3][H:10])([H:12])[H:13])([H:14])[H:15])[H:17],14.0,4.0
6,-0.07976000152883075,AM1BCC,OpenEye,,,C,,7,[H:16][C:7]1([C:6]([C:5]([C:4]([C:9]([C:8]1([H:18])[H:19])([H:20])[H:21])([H:11])[C:2](=[O:1])[O:3][H:10])([H:12])[H:13])([H:14])[H:15])[H:17],14.0,4.0
7,-0.07671000205335163,AM1BCC,OpenEye,,,C,,8,[H:16][C:7]1([C:6]([C:5]([C:4]([C:9]([C:8]1([H:18])[H:19])([H:20])[H:21])([H:11])[C:2](=[O:1])[O:3][H:10])([H:12])[H:13])([H:14])[H:15])[H:17],14.0,4.0
8,-0.07000000171718143,AM1BCC,OpenEye,,,C,,9,[H:16][C:7]1([C:6]([C:5]([C:4]([C:9]([C:8]1([H:18])[H:19])([H:20])[H:21])([H:11])[C:2](=[O:1])[O:3][H:10])([H:12])[H:13])([H:14])[H:15])[H:17],14.0,4.0
9,0.4415900097006843,AM1BCC,OpenEye,,,H,,10,[H:16][C:7]1([C:6]([C:5]([C:4]([C:9]([C:8]1([H:18])[H:19])([H:20])[H:21])([H:11])[C:2](=[O:1])[O:3][H:10])([H:12])[H:13])([H:14])[H:15])[H:17],14.0,4.0
10,0.07833000130596615,AM1BCC,OpenEye,,,H,,11,[H:16][C:7]1([C:6]([C:5]([C:4]([C:9]([C:8]1([H:18])[H:19])([H:20])[H:21])([H:11])[C:2](=[O:1])[O:3][H:10])([H:12])[H:13])([H:14])[H:15])[H:17],14.0,4.0
11,0.05349999896827198,AM1BCC,OpenEye,,,H,,12,[H:16][C:7]1([C:6]([C:5]([C:4]([C:9]([C:8]1([H:18])[H:19])([H:20])[H:21])([H:11])[C:2](=[O:1])[O:3][H:10])([H:12])[H:13])([H:14])[H:15])[H:17],14.0,4.0
12,0.05349999896827198,AM1BCC,OpenEye,,,H,,13,[H:16][C:7]1([C:6]([C:5]([C:4]([C:9]([C:8]1([H:18])[H:19])([H:20])[H:21])([H:11])[C:2](=[O:1])[O:3][H:10])([H:12])[H:13])([H:14])[H:15])[H:17],14.0,4.0
13,0.045949997823862804,AM1BCC,OpenEye,,,H,,14,[H:16][C:7]1([C:6]([C:5]([C:4]([C:9]([C:8]1([H:18])[H:19])([H:20])[H:21])([H:11])[C:2](=[O:1])[O:3][H:10])([H:12])[H:13])([H:14])[H:15])[H:17],14.0,4.0
14,0.045949997823862804,AM1BCC,OpenEye,,,H,,15,[H:16][C:7]1([C:6]([C:5]([C:4]([C:9]([C:8]1([H:18])[H:19])([H:20])[H:21])([H:11])[C:2](=[O:1])[O:3][H:10])([H:12])[H:13])([H:14])[H:15])[H:17],14.0,4.0
15,0.04039999700727917,AM1BCC,OpenEye,,,H,,16,[H:16][C:7]1([C:6]([C:5]([C:4]([C:9]([C:8]1([H:18])[H:19])([H:20])[H:21])([H:11])[C:2](=[O:1])[O:3][H:10])([H:12])[H:13])([H:14])[H:15])[H:17],14.0,4.0
16,0.04039999700727917,AM1BCC,OpenEye,,,H,,17,[H:16][C:7]1([C:6]([C:5]([C:4]([C:9]([C:8]1([H:18])[H:19])([H:20])[H:21])([H:11])[C:2](=[O:1])[O:3][H:10])([H:12])[H:13])([H:14])[H:15])[H:17],14.0,4.0
17,0.045949997823862804,AM1BCC,OpenEye,,,H,,18,[H:16][C:7]1([C:6]([C:5]([C:4]([C:9]([C:8]1([H:18])[H:19])([H:20])[H:21])([H:11])[C:2](=[O:1])[O:3][H:10])([H:12])[H:13])([H:14])[H:15])[H:17],14.0,4.0
18,0.045949997823862804,AM1BCC,OpenEye,,,H,,19,[H:16][C:7]1([C:6]([C:5]([C:4]([C:9]([C:8]1([H:18])[H:19])([H:20])[H:21])([H:11])[C:2](=[O:1])[O:3][H:10])([H:12])[H:13])([H:14])[H:15])[H:17],14.0,4.0
19,0.05349999896827198,AM1BCC,OpenEye,,,H,,20,[H:16][C:7]1([C:6]([C:5]([C:4]([C:9]([C:8]1([H:18])[H:19])([H:20])[H:21])([H:11])[C:2](=[O:1])[O:3][H:10])([H:12])[H:13])([H:14])[H:15])[H:17],14.0,4.0
20,0.05349999896827198,AM1BCC,OpenEye,,,H,,21,[H:16][C:7]1([C:6]([C:5]([C:4]([C:9]([C:8]1([H:18])[H:19])([H:20])[H:21])([H:11])[C:2](=[O:1])[O:3][H:10])([H:12])[H:13])([H:14])[H:15])[H:17],14.0,4.0
0,-0.5509047619047619,AM1BCC,AmberTools,,,O,,1,[H:16][C:7]1([C:6]([C:5]([C:4]([C:9]([C:8]1([H:18])[H:19])([H:20])[H:21])([H:11])[C:2](=[O:1])[O:3][H:10])([H:12])[H:13])([H:14])[H:15])[H:17],14.0,4.0
1,0.6351952380952381,AM1BCC,AmberTools,,,C,,2,[H:16][C:7]1([C:6]([C:5]([C:4]([C:9]([C:8]1([H:18])[H:19])([H:20])[H:21])([H:11])[C:2](=[O:1])[O:3][H:10])([H:12])[H:13])([H:14])[H:15])[H:17],14.0,4.0
2,-0.6120047619047618,AM1BCC,AmberTools,,,O,,3,[H:16][C:7]1([C:6]([C:5]([C:4]([C:9]([C:8]1([H:18])[H:19])([H:20])[H:21])([H:11])[C:2](=[O:1])[O:3][H:10])([H:12])[H:13])([H:14])[H:15])[H:17],14.0,4.0
3,-0.1016047619047619,AM1BCC,AmberTools,,,C,,4,[H:16][C:7]1([C:6]([C:5]([C:4]([C:9]([C:8]1([H:18])[H:19])([H:20])[H:21])([H:11])[C:2](=[O:1])[O:3][H:10])([H:12])[H:13])([H:14])[H:15])[H:17],14.0,4.0
4,-0.07280476190476191,AM1BCC,AmberTools,,,C,,5,[H:16][C:7]1([C:6]([C:5]([C:4]([C:9]([C:8]1([H:18])[H:19])([H:20])[H:21])([H:11])[C:2](=[O:1])[O:3][H:10])([H:12])[H:13])([H:14])[H:15])[H:17],14.0,4.0
5,-0.0753047619047619,AM1BCC,AmberTools,,,C,,6,[H:16][C:7]1([C:6]([C:5]([C:4]([C:9]([C:8]1([H:18])[H:19])([H:20])[H:21])([H:11])[C:2](=[O:1])[O:3][H:10])([H:12])[H:13])([H:14])[H:15])[H:17],14.0,4.0
6,-0.0793047619047619,AM1BCC,AmberTools,,,C,,7,[H:16][C:7]1([C:6]([C:5]([C:4]([C:9]([C:8]1([H:18])[H:19])([H:20])[H:21])([H:11])[C:2](=[O:1])[O:3][H:10])([H:12])[H:13])([H:14])[H:15])[H:17],14.0,4.0
7,-0.0753047619047619,AM1BCC,AmberTools,,,C,,8,[H:16][C:7]1([C:6]([C:5]([C:4]([C:9]([C:8]1([H:18])[H:19])([H:20])[H:21])([H:11])[C:2](=[O:1])[O:3][H:10])([H:12])[H:13])([H:14])[H:15])[H:17],14.0,4.0
8,-0.07280476190476191,AM1BCC,AmberTools,,,C,,9,[H:16][C:7]1([C:6]([C:5]([C:4]([C:9]([C:8]1([H:18])[H:19])([H:20])[H:21])([H:11])[C:2](=[O:1])[O:3][H:10])([H:12])[H:13])([H:14])[H:15])[H:17],14.0,4.0
9,0.4430952380952381,AM1BCC,AmberTools,,,H,,10,[H:16][C:7]1([C:6]([C:5]([C:4]([C:9]([C:8]1([H:18])[H:19])([H:20])[H:21])([H:11])[C:2](=[O:1])[O:3][H:10])([H:12])[H:13])([H:14])[H:15])[H:17],14.0,4.0
10,0.07979523809523809,AM1BCC,AmberTools,,,H,,11,[H:16][C:7]1([C:6]([C:5]([C:4]([C:9]([C:8]1([H:18])[H:19])([H:20])[H:21])([H:11])[C:2](=[O:1])[O:3][H:10])([H:12])[H:13])([H:14])[H:15])[H:17],14.0,4.0
11,0.0557952380952381,AM1BCC,AmberTools,,,H,,12,[H:16][C:7]1([C:6]([C:5]([C:4]([C:9]([C:8]1([H:18])[H:19])([H:20])[H:21])([H:11])[C:2](=[O:1])[O:3][H:10])([H:12])[H:13])([H:14])[H:15])[H:17],14.0,4.0
12,0.0557952380952381,AM1BCC,AmberTools,,,H,,13,[H:16][C:7]1([C:6]([C:5]([C:4]([C:9]([C:8]1([H:18])[H:19])([H:20])[H:21])([H:11])[C:2](=[O:1])[O:3][H:10])([H:12])[H:13])([H:14])[H:15])[H:17],14.0,4.0
13,0.0445452380952381,AM1BCC,AmberTools,,,H,,14,[H:16][C:7]1([C:6]([C:5]([C:4]([C:9]([C:8]1([H:18])[H:19])([H:20])[H:21])([H:11])[C:2](=[O:1])[O:3][H:10])([H:12])[H:13])([H:14])[H:15])[H:17],14.0,4.0
14,0.0445452380952381,AM1BCC,AmberTools,,,H,,15,[H:16][C:7]1([C:6]([C:5]([C:4]([C:9]([C:8]1([H:18])[H:19])([H:20])[H:21])([H:11])[C:2](=[O:1])[O:3][H:10])([H:12])[H:13])([H:14])[H:15])[H:17],14.0,4.0
15,0.0402952380952381,AM1BCC,AmberTools,,,H,,16,[H:16][C:7]1([C:6]([C:5]([C:4]([C:9]([C:8]1([H:18])[H:19])([H:20])[H:21])([H:11])[C:2](=[O:1])[O:3][H:10])([H:12])[H:13])([H:14])[H:15])[H:17],14.0,4.0
16,0.0402952380952381,AM1BCC,AmberTools,,,H,,17,[H:16][C:7]1([C:6]([C:5]([C:4]([C:9]([C:8]1([H:18])[H:19])([H:20])[H:21])([H:11])[C:2](=[O:1])[O:3][H:10])([H:12])[H:13])([H:14])[H:15])[H:17],14.0,4.0
17,0.0445452380952381,AM1BCC,AmberTools,,,H,,18,[H:16][C:7]1([C:6]([C:5]([C:4]([C:9]([C:8]1([H:18])[H:19])([H:20])[H:21])([H:11])[C:2](=[O:1])[O:3][H:10])([H:12])[H:13])([H:14])[H:15])[H:17],14.0,4.0
18,0.0445452380952381,AM1BCC,AmberTools,,,H,,19,[H:16][C:7]1([C:6]([C:5]([C:4]([C:9]([C:8]1([H:18])[H:19])([H:20])[H:21])([H:11])[C:2](=[O:1])[O:3][H:10])([H:12])[H:13])([H:14])[H:15])[H:17],14.0,4.0
19,0.0557952380952381,AM1BCC,AmberTools,,,H,,20,[H:16][C:7]1([C:6]([C:5]([C:4]([C:9]([C:8]1([H:18])[H:19])([H:20])[H:21])([H:11])[C:2](=[O:1])[O:3][H:10])([H:12])[H:13])([H:14])[H:15])[H:17],14.0,4.0
20,0.0557952380952381,AM1BCC,AmberTools,,,H,,21,[H:16][C:7]1([C:6]([C:5]([C:4]([C:9]([C:8]1([H:18])[H:19])([H:20])[H:21])([H:11])[C:2](=[O:1])[O:3][H:10])([H:12])[H:13])([H:14])[H:15])[H:17],14.0,4.0
0,-0.5506200208550408,AM1BCC,OpenEye,,,O,,1,[H:16][C:7]1([C:6]([C:5]([C:4]([C:9]([C:8]1([H:18])[H:19])([H:20])[H:21])([H:11])[C:2](=[O:1])[O:3][H:10])([H:12])[H:13])([H:14])[H:15])[H:17],14.0,5.0
1,0.6331800208205268,AM1BCC,OpenEye,,,C,,2,[H:16][C:7]1([C:6]([C:5]([C:4]([C:9]([C:8]1([H:18])[H:19])([H:20])[H:21])([H:11])[C:2](=[O:1])[O:3][H:10])([H:12])[H:13])([H:14])[H:15])[H:17],14.0,5.0
2,-0.6021599783783868,AM1BCC,OpenEye,,,O,,3,[H:16][C:7]1([C:6]([C:5]([C:4]([C:9]([C:8]1([H:18])[H:19])([H:20])[H:21])([H:11])[C:2](=[O:1])[O:3][H:10])([H:12])[H:13])([H:14])[H:15])[H:17],14.0,5.0
3,-0.10574000470695041,AM1BCC,OpenEye,,,C,,4,[H:16][C:7]1([C:6]([C:5]([C:4]([C:9]([C:8]1([H:18])[H:19])([H:20])[H:21])([H:11])[C:2](=[O:1])[O:3][H:10])([H:12])[H:13])([H:14])[H:15])[H:17],14.0,5.0
4,-0.07000000171718143,AM1BCC,OpenEye,,,C,,5,[H:16][C:7]1([C:6]([C:5]([C:4]([C:9]([C:8]1([H:18])[H:19])([H:20])[H:21])([H:11])[C:2](=[O:1])[O:3][H:10])([H:12])[H:13])([H:14])[H:15])[H:17],14.0,5.0
5,-0.07671000205335163,AM1BCC,OpenEye,,,C,,6,[H:16][C:7]1([C:6]([C:5]([C:4]([C:9]([C:8]1([H:18])[H:19])([H:20])[H:21])([H:11])[C:2](=[O:1])[O:3][H:10])([H:12])[H:13])([H:14])[H:15])[H:17],14.0,5.0
6,-0.07976000152883075,AM1BCC,OpenEye,,,C,,7,[H:16][C:7]1([C:6]([C:5]([C:4]([C:9]([C:8]1([H:18])[H:19])([H:20])[H:21])([H:11])[C:2](=[O:1])[O:3][H:10])([H:12])[H:13])([H:14])[H:15])[H:17],14.0,5.0
7,-0.07671000205335163,AM1BCC,OpenEye,,,C,,8,[H:16][C:7]1([C:6]([C:5]([C:4]([C:9]([C:8]1([H:18])[H:19])([H:20])[H:21])([H:11])[C:2](=[O:1])[O:3][H:10])([H:12])[H:13])([H:14])[H:15])[H:17],14.0,5.0
8,-0.07000000171718143,AM1BCC,OpenEye,,,C,,9,[H:16][C:7]1([C:6]([C:5]([C:4]([C:9]([C:8]1([H:18])[H:19])([H:20])[H:21])([H:11])[C:2](=[O:1])[O:3][H:10])([H:12])[H:13])([H:14])[H:15])[H:17],14.0,5.0
9,0.4415900097006843,AM1BCC,OpenEye,,,H,,10,[H:16][C:7]1([C:6]([C:5]([C:4]([C:9]([C:8]1([H:18])[H:19])([H:20])[H:21])([H:11])[C:2](=[O:1])[O:3][H:10])([H:12])[H:13])([H:14])[H:15])[H:17],14.0,5.0
10,0.07833000130596615,AM1BCC,OpenEye,,,H,,11,[H:16][C:7]1([C:6]([C:5]([C:4]([C:9]([C:8]1([H:18])[H:19])([H:20])[H:21])([H:11])[C:2](=[O:1])[O:3][H:10])([H:12])[H:13])([H:14])[H:15])[H:17],14.0,5.0
11,0.05349999896827198,AM1BCC,OpenEye,,,H,,12,[H:16][C:7]1([C:6]([C:5]([C:4]([C:9]([C:8]1([H:18])[H:19])([H:20])[H:21])([H:11])[C:2](=[O:1])[O:3][H:10])([H:12])[H:13])([H:14])[H:15])[H:17],14.0,5.0
12,0.05349999896827198,AM1BCC,OpenEye,,,H,,13,[H:16][C:7]1([C:6]([C:5]([C:4]([C:9]([C:8]1([H:18])[H:19])([H:20])[H:21])([H:11])[C:2](=[O:1])[O:3][H:10])([H:12])[H:13])([H:14])[H:15])[H:17],14.0,5.0
13,0.045949997823862804,AM1BCC,OpenEye,,,H,,14,[H:16][C:7]1([C:6]([C:5]([C:4]([C:9]([C:8]1([H:18])[H:19])([H:20])[H:21])([H:11])[C:2](=[O:1])[O:3][H:10])([H:12])[H:13])([H:14])[H:15])[H:17],14.0,5.0
14,0.045949997823862804,AM1BCC,OpenEye,,,H,,15,[H:16][C:7]1([C:6]([C:5]([C:4]([C:9]([C:8]1([H:18])[H:19])([H:20])[H:21])([H:11])[C:2](=[O:1])[O:3][H:10])([H:12])[H:13])([H:14])[H:15])[H:17],14.0,5.0
15,0.04039999700727917,AM1BCC,OpenEye,,,H,,16,[H:16][C:7]1([C:6]([C:5]([C:4]([C:9]([C:8]1([H:18])[H:19])([H:20])[H:21])([H:11])[C:2](=[O:1])[O:3][H:10])([H:12])[H:13])([H:14])[H:15])[H:17],14.0,5.0
16,0.04039999700727917,AM1BCC,OpenEye,,,H,,17,[H:16][C:7]1([C:6]([C:5]([C:4]([C:9]([C:8]1([H:18])[H:19])([H:20])[H:21])([H:11])[C:2](=[O:1])[O:3][H:10])([H:12])[H:13])([H:14])[H:15])[H:17],14.0,5.0
17,0.045949997823862804,AM1BCC,OpenEye,,,H,,18,[H:16][C:7]1([C:6]([C:5]([C:4]([C:9]([C:8]1([H:18])[H:19])([H:20])[H:21])([H:11])[C:2](=[O:1])[O:3][H:10])([H:12])[H:13])([H:14])[H:15])[H:17],14.0,5.0
18,0.045949997823862804,AM1BCC,OpenEye,,,H,,19,[H:16][C:7]1([C:6]([C:5]([C:4]([C:9]([C:8]1([H:18])[H:19])([H:20])[H:21])([H:11])[C:2](=[O:1])[O:3][H:10])([H:12])[H:13])([H:14])[H:15])[H:17],14.0,5.0
19,0.05349999896827198,AM1BCC,OpenEye,,,H,,20,[H:16][C:7]1([C:6]([C:5]([C:4]([C:9]([C:8]1([H:18])[H:19])([H:20])[H:21])([H:11])[C:2](=[O:1])[O:3][H:10])([H:12])[H:13])([H:14])[H:15])[H:17],14.0,5.0
20,0.05349999896827198,AM1BCC,OpenEye,,,H,,21,[H:16][C:7]1([C:6]([C:5]([C:4]([C:9]([C:8]1([H:18])[H:19])([H:20])[H:21])([H:11])[C:2](=[O:1])[O:3][H:10])([H:12])[H:13])([H:14])[H:15])[H:17],14.0,5.0
0,-0.5509047619047619,AM1BCC,AmberTools,,,O,,1,[H:16][C:7]1([C:6]([C:5]([C:4]([C:9]([C:8]1([H:18])[H:19])([H:20])[H:21])([H:11])[C:2](=[O:1])[O:3][H:10])([H:12])[H:13])([H:14])[H:15])[H:17],14.0,5.0
1,0.6351952380952381,AM1BCC,AmberTools,,,C,,2,[H:16][C:7]1([C:6]([C:5]([C:4]([C:9]([C:8]1([H:18])[H:19])([H:20])[H:21])([H:11])[C:2](=[O:1])[O:3][H:10])([H:12])[H:13])([H:14])[H:15])[H:17],14.0,5.0
2,-0.6120047619047618,AM1BCC,AmberTools,,,O,,3,[H:16][C:7]1([C:6]([C:5]([C:4]([C:9]([C:8]1([H:18])[H:19])([H:20])[H:21])([H:11])[C:2](=[O:1])[O:3][H:10])([H:12])[H:13])([H:14])[H:15])[H:17],14.0,5.0
3,-0.1016047619047619,AM1BCC,AmberTools,,,C,,4,[H:16][C:7]1([C:6]([C:5]([C:4]([C:9]([C:8]1([H:18])[H:19])([H:20])[H:21])([H:11])[C:2](=[O:1])[O:3][H:10])([H:12])[H:13])([H:14])[H:15])[H:17],14.0,5.0
4,-0.07280476190476191,AM1BCC,AmberTools,,,C,,5,[H:16][C:7]1([C:6]([C:5]([C:4]([C:9]([C:8]1([H:18])[H:19])([H:20])[H:21])([H:11])[C:2](=[O:1])[O:3][H:10])([H:12])[H:13])([H:14])[H:15])[H:17],14.0,5.0
5,-0.0753047619047619,AM1BCC,AmberTools,,,C,,6,[H:16][C:7]1([C:6]([C:5]([C:4]([C:9]([C:8]1([H:18])[H:19])([H:20])[H:21])([H:11])[C:2](=[O:1])[O:3][H:10])([H:12])[H:13])([H:14])[H:15])[H:17],14.0,5.0
6,-0.0793047619047619,AM1BCC,AmberTools,,,C,,7,[H:16][C:7]1([C:6]([C:5]([C:4]([C:9]([C:8]1([H:18])[H:19])([H:20])[H:21])([H:11])[C:2](=[O:1])[O:3][H:10])([H:12])[H:13])([H:14])[H:15])[H:17],14.0,5.0
7,-0.0753047619047619,AM1BCC,AmberTools,,,C,,8,[H:16][C:7]1([C:6]([C:5]([C:4]([C:9]([C:8]1([H:18])[H:19])([H:20])[H:21])([H:11])[C:2](=[O:1])[O:3][H:10])([H:12])[H:13])([H:14])[H:15])[H:17],14.0,5.0
8,-0.07280476190476191,AM1BCC,AmberTools,,,C,,9,[H:16][C:7]1([C:6]([C:5]([C:4]([C:9]([C:8]1([H:18])[H:19])([H:20])[H:21])([H:11])[C:2](=[O:1])[O:3][H:10])([H:12])[H:13])([H:14])[H:15])[H:17],14.0,5.0
9,0.4430952380952381,AM1BCC,AmberTools,,,H,,10,[H:16][C:7]1([C:6]([C:5]([C:4]([C:9]([C:8]1([H:18])[H:19])([H:20])[H:21])([H:11])[C:2](=[O:1])[O:3][H:10])([H:12])[H:13])([H:14])[H:15])[H:17],14.0,5.0
10,0.07979523809523809,AM1BCC,AmberTools,,,H,,11,[H:16][C:7]1([C:6]([C:5]([C:4]([C:9]([C:8]1([H:18])[H:19])([H:20])[H:21])([H:11])[C:2](=[O:1])[O:3][H:10])([H:12])[H:13])([H:14])[H:15])[H:17],14.0,5.0
11,0.0557952380952381,AM1BCC,AmberTools,,,H,,12,[H:16][C:7]1([C:6]([C:5]([C:4]([C:9]([C:8]1([H:18])[H:19])([H:20])[H:21])([H:11])[C:2](=[O:1])[O:3][H:10])([H:12])[H:13])([H:14])[H:15])[H:17],14.0,5.0
12,0.0557952380952381,AM1BCC,AmberTools,,,H,,13,[H:16][C:7]1([C:6]([C:5]([C:4]([C:9]([C:8]1([H:18])[H:19])([H:20])[H:21])([H:11])[C:2](=[O:1])[O:3][H:10])([H:12])[H:13])([H:14])[H:15])[H:17],14.0,5.0
13,0.0445452380952381,AM1BCC,AmberTools,,,H,,14,[H:16][C:7]1([C:6]([C:5]([C:4]([C:9]([C:8]1([H:18])[H:19])([H:20])[H:21])([H:11])[C:2](=[O:1])[O:3][H:10])([H:12])[H:13])([H:14])[H:15])[H:17],14.0,5.0
14,0.0445452380952381,AM1BCC,AmberTools,,,H,,15,[H:16][C:7]1([C:6]([C:5]([C:4]([C:9]([C:8]1([H:18])[H:19])([H:20])[H:21])([H:11])[C:2](=[O:1])[O:3][H:10])([H:12])[H:13])([H:14])[H:15])[H:17],14.0,5.0
15,0.0402952380952381,AM1BCC,AmberTools,,,H,,16,[H:16][C:7]1([C:6]([C:5]([C:4]([C:9]([C:8]1([H:18])[H:19])([H:20])[H:21])([H:11])[C:2](=[O:1])[O:3][H:10])([H:12])[H:13])([H:14])[H:15])[H:17],14.0,5.0
16,0.0402952380952381,AM1BCC,AmberTools,,,H,,17,[H:16][C:7]1([C:6]([C:5]([C:4]([C:9]([C:8]1([H:18])[H:19])([H:20])[H:21])([H:11])[C:2](=[O:1])[O:3][H:10])([H:12])[H:13])([H:14])[H:15])[H:17],14.0,5.0
17,0.0445452380952381,AM1BCC,AmberTools,,,H,,18,[H:16][C:7]1([C:6]([C:5]([C:4]([C:9]([C:8]1([H:18])[H:19])([H:20])[H:21])([H:11])[C:2](=[O:1])[O:3][H:10])([H:12])[H:13])([H:14])[H:15])[H:17],14.0,5.0
18,0.0445452380952381,AM1BCC,AmberTools,,,H,,19,[H:16][C:7]1([C:6]([C:5]([C:4]([C:9]([C:8]1([H:18])[H:19])([H:20])[H:21])([H:11])[C:2](=[O:1])[O:3][H:10])([H:12])[H:13])([H:14])[H:15])[H:17],14.0,5.0
19,0.0557952380952381,AM1BCC,AmberTools,,,H,,20,[H:16][C:7]1([C:6]([C:5]([C:4]([C:9]([C:8]1([H:18])[H:19])([H:20])[H:21])([H:11])[C:2](=[O:1])[O:3][H:10])([H:12])[H:13])([H:14])[H:15])[H:17],14.0,5.0
20,0.0557952380952381,AM1BCC,AmberTools,,,H,,21,[H:16][C:7]1([C:6]([C:5]([C:4]([C:9]([C:8]1([H:18])[H:19])([H:20])[H:21])([H:11])[C:2](=[O:1])[O:3][H:10])([H:12])[H:13])([H:14])[H:15])[H:17],14.0,5.0
0,-0.5506200208550408,AM1BCC,OpenEye,,,O,,1,[H:16][C:7]1([C:6]([C:5]([C:4]([C:9]([C:8]1([H:18])[H:19])([H:20])[H:21])([H:11])[C:2](=[O:1])[O:3][H:10])([H:12])[H:13])([H:14])[H:15])[H:17],14.0,6.0
1,0.6331800208205268,AM1BCC,OpenEye,,,C,,2,[H:16][C:7]1([C:6]([C:5]([C:4]([C:9]([C:8]1([H:18])[H:19])([H:20])[H:21])([H:11])[C:2](=[O:1])[O:3][H:10])([H:12])[H:13])([H:14])[H:15])[H:17],14.0,6.0
2,-0.6021599783783868,AM1BCC,OpenEye,,,O,,3,[H:16][C:7]1([C:6]([C:5]([C:4]([C:9]([C:8]1([H:18])[H:19])([H:20])[H:21])([H:11])[C:2](=[O:1])[O:3][H:10])([H:12])[H:13])([H:14])[H:15])[H:17],14.0,6.0
3,-0.10574000470695041,AM1BCC,OpenEye,,,C,,4,[H:16][C:7]1([C:6]([C:5]([C:4]([C:9]([C:8]1([H:18])[H:19])([H:20])[H:21])([H:11])[C:2](=[O:1])[O:3][H:10])([H:12])[H:13])([H:14])[H:15])[H:17],14.0,6.0
4,-0.07000000171718143,AM1BCC,OpenEye,,,C,,5,[H:16][C:7]1([C:6]([C:5]([C:4]([C:9]([C:8]1([H:18])[H:19])([H:20])[H:21])([H:11])[C:2](=[O:1])[O:3][H:10])([H:12])[H:13])([H:14])[H:15])[H:17],14.0,6.0
5,-0.07671000205335163,AM1BCC,OpenEye,,,C,,6,[H:16][C:7]1([C:6]([C:5]([C:4]([C:9]([C:8]1([H:18])[H:19])([H:20])[H:21])([H:11])[C:2](=[O:1])[O:3][H:10])([H:12])[H:13])([H:14])[H:15])[H:17],14.0,6.0
6,-0.07976000152883075,AM1BCC,OpenEye,,,C,,7,[H:16][C:7]1([C:6]([C:5]([C:4]([C:9]([C:8]1([H:18])[H:19])([H:20])[H:21])([H:11])[C:2](=[O:1])[O:3][H:10])([H:12])[H:13])([H:14])[H:15])[H:17],14.0,6.0
7,-0.07671000205335163,AM1BCC,OpenEye,,,C,,8,[H:16][C:7]1([C:6]([C:5]([C:4]([C:9]([C:8]1([H:18])[H:19])([H:20])[H:21])([H:11])[C:2](=[O:1])[O:3][H:10])([H:12])[H:13])([H:14])[H:15])[H:17],14.0,6.0
8,-0.07000000171718143,AM1BCC,OpenEye,,,C,,9,[H:16][C:7]1([C:6]([C:5]([C:4]([C:9]([C:8]1([H:18])[H:19])([H:20])[H:21])([H:11])[C:2](=[O:1])[O:3][H:10])([H:12])[H:13])([H:14])[H:15])[H:17],14.0,6.0
9,0.4415900097006843,AM1BCC,OpenEye,,,H,,10,[H:16][C:7]1([C:6]([C:5]([C:4]([C:9]([C:8]1([H:18])[H:19])([H:20])[H:21])([H:11])[C:2](=[O:1])[O:3][H:10])([H:12])[H:13])([H:14])[H:15])[H:17],14.0,6.0
10,0.07833000130596615,AM1BCC,OpenEye,,,H,,11,[H:16][C:7]1([C:6]([C:5]([C:4]([C:9]([C:8]1([H:18])[H:19])([H:20])[H:21])([H:11])[C:2](=[O:1])[O:3][H:10])([H:12])[H:13])([H:14])[H:15])[H:17],14.0,6.0
11,0.05349999896827198,AM1BCC,OpenEye,,,H,,12,[H:16][C:7]1([C:6]([C:5]([C:4]([C:9]([C:8]1([H:18])[H:19])([H:20])[H:21])([H:11])[C:2](=[O:1])[O:3][H:10])([H:12])[H:13])([H:14])[H:15])[H:17],14.0,6.0
12,0.05349999896827198,AM1BCC,OpenEye,,,H,,13,[H:16][C:7]1([C:6]([C:5]([C:4]([C:9]([C:8]1([H:18])[H:19])([H:20])[H:21])([H:11])[C:2](=[O:1])[O:3][H:10])([H:12])[H:13])([H:14])[H:15])[H:17],14.0,6.0
13,0.045949997823862804,AM1BCC,OpenEye,,,H,,14,[H:16][C:7]1([C:6]([C:5]([C:4]([C:9]([C:8]1([H:18])[H:19])([H:20])[H:21])([H:11])[C:2](=[O:1])[O:3][H:10])([H:12])[H:13])([H:14])[H:15])[H:17],14.0,6.0
14,0.045949997823862804,AM1BCC,OpenEye,,,H,,15,[H:16][C:7]1([C:6]([C:5]([C:4]([C:9]([C:8]1([H:18])[H:19])([H:20])[H:21])([H:11])[C:2](=[O:1])[O:3][H:10])([H:12])[H:13])([H:14])[H:15])[H:17],14.0,6.0
15,0.04039999700727917,AM1BCC,OpenEye,,,H,,16,[H:16][C:7]1([C:6]([C:5]([C:4]([C:9]([C:8]1([H:18])[H:19])([H:20])[H:21])([H:11])[C:2](=[O:1])[O:3][H:10])([H:12])[H:13])([H:14])[H:15])[H:17],14.0,6.0
16,0.04039999700727917,AM1BCC,OpenEye,,,H,,17,[H:16][C:7]1([C:6]([C:5]([C:4]([C:9]([C:8]1([H:18])[H:19])([H:20])[H:21])([H:11])[C:2](=[O:1])[O:3][H:10])([H:12])[H:13])([H:14])[H:15])[H:17],14.0,6.0
17,0.045949997823862804,AM1BCC,OpenEye,,,H,,18,[H:16][C:7]1([C:6]([C:5]([C:4]([C:9]([C:8]1([H:18])[H:19])([H:20])[H:21])([H:11])[C:2](=[O:1])[O:3][H:10])([H:12])[H:13])([H:14])[H:15])[H:17],14.0,6.0
18,0.045949997823862804,AM1BCC,OpenEye,,,H,,19,[H:16][C:7]1([C:6]([C:5]([C:4]([C:9]([C:8]1([H:18])[H:19])([H:20])[H:21])([H:11])[C:2](=[O:1])[O:3][H:10])([H:12])[H:13])([H:14])[H:15])[H:17],14.0,6.0
19,0.05349999896827198,AM1BCC,OpenEye,,,H,,20,[H:16][C:7]1([C:6]([C:5]([C:4]([C:9]([C:8]1([H:18])[H:19])([H:20])[H:21])([H:11])[C:2](=[O:1])[O:3][H:10])([H:12])[H:13])([H:14])[H:15])[H:17],14.0,6.0
20,0.05349999896827198,AM1BCC,OpenEye,,,H,,21,[H:16][C:7]1([C:6]([C:5]([C:4]([C:9]([C:8]1([H:18])[H:19])([H:20])[H:21])([H:11])[C:2](=[O:1])[O:3][H:10])([H:12])[H:13])([H:14])[H:15])[H:17],14.0,6.0
0,-0.5509047619047619,AM1BCC,AmberTools,,,O,,1,[H:16][C:7]1([C:6]([C:5]([C:4]([C:9]([C:8]1([H:18])[H:19])([H:20])[H:21])([H:11])[C:2](=[O:1])[O:3][H:10])([H:12])[H:13])([H:14])[H:15])[H:17],14.0,6.0
1,0.6351952380952381,AM1BCC,AmberTools,,,C,,2,[H:16][C:7]1([C:6]([C:5]([C:4]([C:9]([C:8]1([H:18])[H:19])([H:20])[H:21])([H:11])[C:2](=[O:1])[O:3][H:10])([H:12])[H:13])([H:14])[H:15])[H:17],14.0,6.0
2,-0.6120047619047618,AM1BCC,AmberTools,,,O,,3,[H:16][C:7]1([C:6]([C:5]([C:4]([C:9]([C:8]1([H:18])[H:19])([H:20])[H:21])([H:11])[C:2](=[O:1])[O:3][H:10])([H:12])[H:13])([H:14])[H:15])[H:17],14.0,6.0
3,-0.1016047619047619,AM1BCC,AmberTools,,,C,,4,[H:16][C:7]1([C:6]([C:5]([C:4]([C:9]([C:8]1([H:18])[H:19])([H:20])[H:21])([H:11])[C:2](=[O:1])[O:3][H:10])([H:12])[H:13])([H:14])[H:15])[H:17],14.0,6.0
4,-0.07280476190476191,AM1BCC,AmberTools,,,C,,5,[H:16][C:7]1([C:6]([C:5]([C:4]([C:9]([C:8]1([H:18])[H:19])([H:20])[H:21])([H:11])[C:2](=[O:1])[O:3][H:10])([H:12])[H:13])([H:14])[H:15])[H:17],14.0,6.0
5,-0.0753047619047619,AM1BCC,AmberTools,,,C,,6,[H:16][C:7]1([C:6]([C:5]([C:4]([C:9]([C:8]1([H:18])[H:19])([H:20])[H:21])([H:11])[C:2](=[O:1])[O:3][H:10])([H:12])[H:13])([H:14])[H:15])[H:17],14.0,6.0
6,-0.0793047619047619,AM1BCC,AmberTools,,,C,,7,[H:16][C:7]1([C:6]([C:5]([C:4]([C:9]([C:8]1([H:18])[H:19])([H:20])[H:21])([H:11])[C:2](=[O:1])[O:3][H:10])([H:12])[H:13])([H:14])[H:15])[H:17],14.0,6.0
7,-0.0753047619047619,AM1BCC,AmberTools,,,C,,8,[H:16][C:7]1([C:6]([C:5]([C:4]([C:9]([C:8]1([H:18])[H:19])([H:20])[H:21])([H:11])[C:2](=[O:1])[O:3][H:10])([H:12])[H:13])([H:14])[H:15])[H:17],14.0,6.0
8,-0.07280476190476191,AM1BCC,AmberTools,,,C,,9,[H:16][C:7]1([C:6]([C:5]([C:4]([C:9]([C:8]1([H:18])[H:19])([H:20])[H:21])([H:11])[C:2](=[O:1])[O:3][H:10])([H:12])[H:13])([H:14])[H:15])[H:17],14.0,6.0
9,0.4430952380952381,AM1BCC,AmberTools,,,H,,10,[H:16][C:7]1([C:6]([C:5]([C:4]([C:9]([C:8]1([H:18])[H:19])([H:20])[H:21])([H:11])[C:2](=[O:1])[O:3][H:10])([H:12])[H:13])([H:14])[H:15])[H:17],14.0,6.0
10,0.07979523809523809,AM1BCC,AmberTools,,,H,,11,[H:16][C:7]1([C:6]([C:5]([C:4]([C:9]([C:8]1([H:18])[H:19])([H:20])[H:21])([H:11])[C:2](=[O:1])[O:3][H:10])([H:12])[H:13])([H:14])[H:15])[H:17],14.0,6.0
11,0.0557952380952381,AM1BCC,AmberTools,,,H,,12,[H:16][C:7]1([C:6]([C:5]([C:4]([C:9]([C:8]1([H:18])[H:19])([H:20])[H:21])([H:11])[C:2](=[O:1])[O:3][H:10])([H:12])[H:13])([H:14])[H:15])[H:17],14.0,6.0
12,0.0557952380952381,AM1BCC,AmberTools,,,H,,13,[H:16][C:7]1([C:6]([C:5]([C:4]([C:9]([C:8]1([H:18])[H:19])([H:20])[H:21])([H:11])[C:2](=[O:1])[O:3][H:10])([H:12])[H:13])([H:14])[H:15])[H:17],14.0,6.0
13,0.0445452380952381,AM1BCC,AmberTools,,,H,,14,[H:16][C:7]1([C:6]([C:5]([C:4]([C:9]([C:8]1([H:18])[H:19])([H:20])[H:21])([H:11])[C:2](=[O:1])[O:3][H:10])([H:12])[H:13])([H:14])[H:15])[H:17],14.0,6.0
14,0.0445452380952381,AM1BCC,AmberTools,,,H,,15,[H:16][C:7]1([C:6]([C:5]([C:4]([C:9]([C:8]1([H:18])[H:19])([H:20])[H:21])([H:11])[C:2](=[O:1])[O:3][H:10])([H:12])[H:13])([H:14])[H:15])[H:17],14.0,6.0
15,0.0402952380952381,AM1BCC,AmberTools,,,H,,16,[H:16][C:7]1([C:6]([C:5]([C:4]([C:9]([C:8]1([H:18])[H:19])([H:20])[H:21])([H:11])[C:2](=[O:1])[O:3][H:10])([H:12])[H:13])([H:14])[H:15])[H:17],14.0,6.0
16,0.0402952380952381,AM1BCC,AmberTools,,,H,,17,[H:16][C:7]1([C:6]([C:5]([C:4]([C:9]([C:8]1([H:18])[H:19])([H:20])[H:21])([H:11])[C:2](=[O:1])[O:3][H:10])([H:12])[H:13])([H:14])[H:15])[H:17],14.0,6.0
17,0.0445452380952381,AM1BCC,AmberTools,,,H,,18,[H:16][C:7]1([C:6]([C:5]([C:4]([C:9]([C:8]1([H:18])[H:19])([H:20])[H:21])([H:11])[C:2](=[O:1])[O:3][H:10])([H:12])[H:13])([H:14])[H:15])[H:17],14.0,6.0
18,0.0445452380952381,AM1BCC,AmberTools,,,H,,19,[H:16][C:7]1([C:6]([C:5]([C:4]([C:9]([C:8]1([H:18])[H:19])([H:20])[H:21])([H:11])[C:2](=[O:1])[O:3][H:10])([H:12])[H:13])([H:14])[H:15])[H:17],14.0,6.0
19,0.0557952380952381,AM1BCC,AmberTools,,,H,,20,[H:16][C:7]1([C:6]([C:5]([C:4]([C:9]([C:8]1([H:18])[H:19])([H:20])[H:21])([H:11])[C:2](=[O:1])[O:3][H:10])([H:12])[H:13])([H:14])[H:15])[H:17],14.0,6.0
20,0.0557952380952381,AM1BCC,AmberTools,,,H,,21,[H:16][C:7]1([C:6]([C:5]([C:4]([C:9]([C:8]1([H:18])[H:19])([H:20])[H:21])([H:11])[C:2](=[O:1])[O:3][H:10])([H:12])[H:13])([H:14])[H:15])[H:17],14.0,6.0
0,-0.5506200208550408,AM1BCC,OpenEye,,,O,,1,[H:16][C:7]1([C:6]([C:5]([C:4]([C:9]([C:8]1([H:18])[H:19])([H:20])[H:21])([H:11])[C:2](=[O:1])[O:3][H:10])([H:12])[H:13])([H:14])[H:15])[H:17],14.0,7.0
1,0.6331800208205268,AM1BCC,OpenEye,,,C,,2,[H:16][C:7]1([C:6]([C:5]([C:4]([C:9]([C:8]1([H:18])[H:19])([H:20])[H:21])([H:11])[C:2](=[O:1])[O:3][H:10])([H:12])[H:13])([H:14])[H:15])[H:17],14.0,7.0
2,-0.6021599783783868,AM1BCC,OpenEye,,,O,,3,[H:16][C:7]1([C:6]([C:5]([C:4]([C:9]([C:8]1([H:18])[H:19])([H:20])[H:21])([H:11])[C:2](=[O:1])[O:3][H:10])([H:12])[H:13])([H:14])[H:15])[H:17],14.0,7.0
3,-0.10574000470695041,AM1BCC,OpenEye,,,C,,4,[H:16][C:7]1([C:6]([C:5]([C:4]([C:9]([C:8]1([H:18])[H:19])([H:20])[H:21])([H:11])[C:2](=[O:1])[O:3][H:10])([H:12])[H:13])([H:14])[H:15])[H:17],14.0,7.0
4,-0.07000000171718143,AM1BCC,OpenEye,,,C,,5,[H:16][C:7]1([C:6]([C:5]([C:4]([C:9]([C:8]1([H:18])[H:19])([H:20])[H:21])([H:11])[C:2](=[O:1])[O:3][H:10])([H:12])[H:13])([H:14])[H:15])[H:17],14.0,7.0
5,-0.07671000205335163,AM1BCC,OpenEye,,,C,,6,[H:16][C:7]1([C:6]([C:5]([C:4]([C:9]([C:8]1([H:18])[H:19])([H:20])[H:21])([H:11])[C:2](=[O:1])[O:3][H:10])([H:12])[H:13])([H:14])[H:15])[H:17],14.0,7.0
6,-0.07976000152883075,AM1BCC,OpenEye,,,C,,7,[H:16][C:7]1([C:6]([C:5]([C:4]([C:9]([C:8]1([H:18])[H:19])([H:20])[H:21])([H:11])[C:2](=[O:1])[O:3][H:10])([H:12])[H:13])([H:14])[H:15])[H:17],14.0,7.0
7,-0.07671000205335163,AM1BCC,OpenEye,,,C,,8,[H:16][C:7]1([C:6]([C:5]([C:4]([C:9]([C:8]1([H:18])[H:19])([H:20])[H:21])([H:11])[C:2](=[O:1])[O:3][H:10])([H:12])[H:13])([H:14])[H:15])[H:17],14.0,7.0
8,-0.07000000171718143,AM1BCC,OpenEye,,,C,,9,[H:16][C:7]1([C:6]([C:5]([C:4]([C:9]([C:8]1([H:18])[H:19])([H:20])[H:21])([H:11])[C:2](=[O:1])[O:3][H:10])([H:12])[H:13])([H:14])[H:15])[H:17],14.0,7.0
9,0.4415900097006843,AM1BCC,OpenEye,,,H,,10,[H:16][C:7]1([C:6]([C:5]([C:4]([C:9]([C:8]1([H:18])[H:19])([H:20])[H:21])([H:11])[C:2](=[O:1])[O:3][H:10])([H:12])[H:13])([H:14])[H:15])[H:17],14.0,7.0
10,0.07833000130596615,AM1BCC,OpenEye,,,H,,11,[H:16][C:7]1([C:6]([C:5]([C:4]([C:9]([C:8]1([H:18])[H:19])([H:20])[H:21])([H:11])[C:2](=[O:1])[O:3][H:10])([H:12])[H:13])([H:14])[H:15])[H:17],14.0,7.0
11,0.05349999896827198,AM1BCC,OpenEye,,,H,,12,[H:16][C:7]1([C:6]([C:5]([C:4]([C:9]([C:8]1([H:18])[H:19])([H:20])[H:21])([H:11])[C:2](=[O:1])[O:3][H:10])([H:12])[H:13])([H:14])[H:15])[H:17],14.0,7.0
12,0.05349999896827198,AM1BCC,OpenEye,,,H,,13,[H:16][C:7]1([C:6]([C:5]([C:4]([C:9]([C:8]1([H:18])[H:19])([H:20])[H:21])([H:11])[C:2](=[O:1])[O:3][H:10])([H:12])[H:13])([H:14])[H:15])[H:17],14.0,7.0
13,0.045949997823862804,AM1BCC,OpenEye,,,H,,14,[H:16][C:7]1([C:6]([C:5]([C:4]([C:9]([C:8]1([H:18])[H:19])([H:20])[H:21])([H:11])[C:2](=[O:1])[O:3][H:10])([H:12])[H:13])([H:14])[H:15])[H:17],14.0,7.0
14,0.045949997823862804,AM1BCC,OpenEye,,,H,,15,[H:16][C:7]1([C:6]([C:5]([C:4]([C:9]([C:8]1([H:18])[H:19])([H:20])[H:21])([H:11])[C:2](=[O:1])[O:3][H:10])([H:12])[H:13])([H:14])[H:15])[H:17],14.0,7.0
15,0.04039999700727917,AM1BCC,OpenEye,,,H,,16,[H:16][C:7]1([C:6]([C:5]([C:4]([C:9]([C:8]1([H:18])[H:19])([H:20])[H:21])([H:11])[C:2](=[O:1])[O:3][H:10])([H:12])[H:13])([H:14])[H:15])[H:17],14.0,7.0
16,0.04039999700727917,AM1BCC,OpenEye,,,H,,17,[H:16][C:7]1([C:6]([C:5]([C:4]([C:9]([C:8]1([H:18])[H:19])([H:20])[H:21])([H:11])[C:2](=[O:1])[O:3][H:10])([H:12])[H:13])([H:14])[H:15])[H:17],14.0,7.0
17,0.045949997823862804,AM1BCC,OpenEye,,,H,,18,[H:16][C:7]1([C:6]([C:5]([C:4]([C:9]([C:8]1([H:18])[H:19])([H:20])[H:21])([H:11])[C:2](=[O:1])[O:3][H:10])([H:12])[H:13])([H:14])[H:15])[H:17],14.0,7.0
18,0.045949997823862804,AM1BCC,OpenEye,,,H,,19,[H:16][C:7]1([C:6]([C:5]([C:4]([C:9]([C:8]1([H:18])[H:19])([H:20])[H:21])([H:11])[C:2](=[O:1])[O:3][H:10])([H:12])[H:13])([H:14])[H:15])[H:17],14.0,7.0
19,0.05349999896827198,AM1BCC,OpenEye,,,H,,20,[H:16][C:7]1([C:6]([C:5]([C:4]([C:9]([C:8]1([H:18])[H:19])([H:20])[H:21])([H:11])[C:2](=[O:1])[O:3][H:10])([H:12])[H:13])([H:14])[H:15])[H:17],14.0,7.0
20,0.05349999896827198,AM1BCC,OpenEye,,,H,,21,[H:16][C:7]1([C:6]([C:5]([C:4]([C:9]([C:8]1([H:18])[H:19])([H:20])[H:21])([H:11])[C:2](=[O:1])[O:3][H:10])([H:12])[H:13])([H:14])[H:15])[H:17],14.0,7.0
0,-0.550952380952381,AM1BCC,AmberTools,,,O,,1,[H:16][C:7]1([C:6]([C:5]([C:4]([C:9]([C:8]1([H:18])[H:19])([H:20])[H:21])([H:11])[C:2](=[O:1])[O:3][H:10])([H:12])[H:13])([H:14])[H:15])[H:17],14.0,7.0
1,0.6351476190476191,AM1BCC,AmberTools,,,C,,2,[H:16][C:7]1([C:6]([C:5]([C:4]([C:9]([C:8]1([H:18])[H:19])([H:20])[H:21])([H:11])[C:2](=[O:1])[O:3][H:10])([H:12])[H:13])([H:14])[H:15])[H:17],14.0,7.0
2,-0.6120523809523809,AM1BCC,AmberTools,,,O,,3,[H:16][C:7]1([C:6]([C:5]([C:4]([C:9]([C:8]1([H:18])[H:19])([H:20])[H:21])([H:11])[C:2](=[O:1])[O:3][H:10])([H:12])[H:13])([H:14])[H:15])[H:17],14.0,7.0
3,-0.10165238095238095,AM1BCC,AmberTools,,,C,,4,[H:16][C:7]1([C:6]([C:5]([C:4]([C:9]([C:8]1([H:18])[H:19])([H:20])[H:21])([H:11])[C:2](=[O:1])[O:3][H:10])([H:12])[H:13])([H:14])[H:15])[H:17],14.0,7.0
4,-0.07285238095238096,AM1BCC,AmberTools,,,C,,5,[H:16][C:7]1([C:6]([C:5]([C:4]([C:9]([C:8]1([H:18])[H:19])([H:20])[H:21])([H:11])[C:2](=[O:1])[O:3][H:10])([H:12])[H:13])([H:14])[H:15])[H:17],14.0,7.0
5,-0.07535238095238095,AM1BCC,AmberTools,,,C,,6,[H:16][C:7]1([C:6]([C:5]([C:4]([C:9]([C:8]1([H:18])[H:19])([H:20])[H:21])([H:11])[C:2](=[O:1])[O:3][H:10])([H:12])[H:13])([H:14])[H:15])[H:17],14.0,7.0
6,-0.07935238095238095,AM1BCC,AmberTools,,,C,,7,[H:16][C:7]1([C:6]([C:5]([C:4]([C:9]([C:8]1([H:18])[H:19])([H:20])[H:21])([H:11])[C:2](=[O:1])[O:3][H:10])([H:12])[H:13])([H:14])[H:15])[H:17],14.0,7.0
7,-0.07535238095238095,AM1BCC,AmberTools,,,C,,8,[H:16][C:7]1([C:6]([C:5]([C:4]([C:9]([C:8]1([H:18])[H:19])([H:20])[H:21])([H:11])[C:2](=[O:1])[O:3][H:10])([H:12])[H:13])([H:14])[H:15])[H:17],14.0,7.0
8,-0.07285238095238096,AM1BCC,AmberTools,,,C,,9,[H:16][C:7]1([C:6]([C:5]([C:4]([C:9]([C:8]1([H:18])[H:19])([H:20])[H:21])([H:11])[C:2](=[O:1])[O:3][H:10])([H:12])[H:13])([H:14])[H:15])[H:17],14.0,7.0
9,0.4430476190476191,AM1BCC,AmberTools,,,H,,10,[H:16][C:7]1([C:6]([C:5]([C:4]([C:9]([C:8]1([H:18])[H:19])([H:20])[H:21])([H:11])[C:2](=[O:1])[O:3][H:10])([H:12])[H:13])([H:14])[H:15])[H:17],14.0,7.0
10,0.07974761904761904,AM1BCC,AmberTools,,,H,,11,[H:16][C:7]1([C:6]([C:5]([C:4]([C:9]([C:8]1([H:18])[H:19])([H:20])[H:21])([H:11])[C:2](=[O:1])[O:3][H:10])([H:12])[H:13])([H:14])[H:15])[H:17],14.0,7.0
11,0.055997619047619046,AM1BCC,AmberTools,,,H,,12,[H:16][C:7]1([C:6]([C:5]([C:4]([C:9]([C:8]1([H:18])[H:19])([H:20])[H:21])([H:11])[C:2](=[O:1])[O:3][H:10])([H:12])[H:13])([H:14])[H:15])[H:17],14.0,7.0
12,0.055997619047619046,AM1BCC,AmberTools,,,H,,13,[H:16][C:7]1([C:6]([C:5]([C:4]([C:9]([C:8]1([H:18])[H:19])([H:20])[H:21])([H:11])[C:2](=[O:1])[O:3][H:10])([H:12])[H:13])([H:14])[H:15])[H:17],14.0,7.0
13,0.04449761904761905,AM1BCC,AmberTools,,,H,,14,[H:16][C:7]1([C:6]([C:5]([C:4]([C:9]([C:8]1([H:18])[H:19])([H:20])[H:21])([H:11])[C:2](=[O:1])[O:3][H:10])([H:12])[H:13])([H:14])[H:15])[H:17],14.0,7.0
14,0.04449761904761905,AM1BCC,AmberTools,,,H,,15,[H:16][C:7]1([C:6]([C:5]([C:4]([C:9]([C:8]1([H:18])[H:19])([H:20])[H:21])([H:11])[C:2](=[O:1])[O:3][H:10])([H:12])[H:13])([H:14])[H:15])[H:17],14.0,7.0
15,0.040247619047619046,AM1BCC,AmberTools,,,H,,16,[H:16][C:7]1([C:6]([C:5]([C:4]([C:9]([C:8]1([H:18])[H:19])([H:20])[H:21])([H:11])[C:2](=[O:1])[O:3][H:10])([H:12])[H:13])([H:14])[H:15])[H:17],14.0,7.0
16,0.040247619047619046,AM1BCC,AmberTools,,,H,,17,[H:16][C:7]1([C:6]([C:5]([C:4]([C:9]([C:8]1([H:18])[H:19])([H:20])[H:21])([H:11])[C:2](=[O:1])[O:3][H:10])([H:12])[H:13])([H:14])[H:15])[H:17],14.0,7.0
17,0.04449761904761905,AM1BCC,AmberTools,,,H,,18,[H:16][C:7]1([C:6]([C:5]([C:4]([C:9]([C:8]1([H:18])[H:19])([H:20])[H:21])([H:11])[C:2](=[O:1])[O:3][H:10])([H:12])[H:13])([H:14])[H:15])[H:17],14.0,7.0
18,0.04449761904761905,AM1BCC,AmberTools,,,H,,19,[H:16][C:7]1([C:6]([C:5]([C:4]([C:9]([C:8]1([H:18])[H:19])([H:20])[H:21])([H:11])[C:2](=[O:1])[O:3][H:10])([H:12])[H:13])([H:14])[H:15])[H:17],14.0,7.0
19,0.055997619047619046,AM1BCC,AmberTools,,,H,,20,[H:16][C:7]1([C:6]([C:5]([C:4]([C:9]([C:8]1([H:18])[H:19])([H:20])[H:21])([H:11])[C:2](=[O:1])[O:3][H:10])([H:12])[H:13])([H:14])[H:15])[H:17],14.0,7.0
20,0.055997619047619046,AM1BCC,AmberTools,,,H,,21,[H:16][C:7]1([C:6]([C:5]([C:4]([C:9]([C:8]1([H:18])[H:19])([H:20])[H:21])([H:11])[C:2](=[O:1])[O:3][H:10])([H:12])[H:13])([H:14])[H:15])[H:17],14.0,7.0
0,-0.5506200208550408,AM1BCC,OpenEye,,,O,,1,[H:16][C:7]1([C:6]([C:5]([C:4]([C:9]([C:8]1([H:18])[H:19])([H:20])[H:21])([H:11])[C:2](=[O:1])[O:3][H:10])([H:12])[H:13])([H:14])[H:15])[H:17],14.0,8.0
1,0.6331800208205268,AM1BCC,OpenEye,,,C,,2,[H:16][C:7]1([C:6]([C:5]([C:4]([C:9]([C:8]1([H:18])[H:19])([H:20])[H:21])([H:11])[C:2](=[O:1])[O:3][H:10])([H:12])[H:13])([H:14])[H:15])[H:17],14.0,8.0
2,-0.6021599783783868,AM1BCC,OpenEye,,,O,,3,[H:16][C:7]1([C:6]([C:5]([C:4]([C:9]([C:8]1([H:18])[H:19])([H:20])[H:21])([H:11])[C:2](=[O:1])[O:3][H:10])([H:12])[H:13])([H:14])[H:15])[H:17],14.0,8.0
3,-0.10574000470695041,AM1BCC,OpenEye,,,C,,4,[H:16][C:7]1([C:6]([C:5]([C:4]([C:9]([C:8]1([H:18])[H:19])([H:20])[H:21])([H:11])[C:2](=[O:1])[O:3][H:10])([H:12])[H:13])([H:14])[H:15])[H:17],14.0,8.0
4,-0.07000000171718143,AM1BCC,OpenEye,,,C,,5,[H:16][C:7]1([C:6]([C:5]([C:4]([C:9]([C:8]1([H:18])[H:19])([H:20])[H:21])([H:11])[C:2](=[O:1])[O:3][H:10])([H:12])[H:13])([H:14])[H:15])[H:17],14.0,8.0
5,-0.07671000205335163,AM1BCC,OpenEye,,,C,,6,[H:16][C:7]1([C:6]([C:5]([C:4]([C:9]([C:8]1([H:18])[H:19])([H:20])[H:21])([H:11])[C:2](=[O:1])[O:3][H:10])([H:12])[H:13])([H:14])[H:15])[H:17],14.0,8.0
6,-0.07976000152883075,AM1BCC,OpenEye,,,C,,7,[H:16][C:7]1([C:6]([C:5]([C:4]([C:9]([C:8]1([H:18])[H:19])([H:20])[H:21])([H:11])[C:2](=[O:1])[O:3][H:10])([H:12])[H:13])([H:14])[H:15])[H:17],14.0,8.0
7,-0.07671000205335163,AM1BCC,OpenEye,,,C,,8,[H:16][C:7]1([C:6]([C:5]([C:4]([C:9]([C:8]1([H:18])[H:19])([H:20])[H:21])([H:11])[C:2](=[O:1])[O:3][H:10])([H:12])[H:13])([H:14])[H:15])[H:17],14.0,8.0
8,-0.07000000171718143,AM1BCC,OpenEye,,,C,,9,[H:16][C:7]1([C:6]([C:5]([C:4]([C:9]([C:8]1([H:18])[H:19])([H:20])[H:21])([H:11])[C:2](=[O:1])[O:3][H:10])([H:12])[H:13])([H:14])[H:15])[H:17],14.0,8.0
9,0.4415900097006843,AM1BCC,OpenEye,,,H,,10,[H:16][C:7]1([C:6]([C:5]([C:4]([C:9]([C:8]1([H:18])[H:19])([H:20])[H:21])([H:11])[C:2](=[O:1])[O:3][H:10])([H:12])[H:13])([H:14])[H:15])[H:17],14.0,8.0
10,0.07833000130596615,AM1BCC,OpenEye,,,H,,11,[H:16][C:7]1([C:6]([C:5]([C:4]([C:9]([C:8]1([H:18])[H:19])([H:20])[H:21])([H:11])[C:2](=[O:1])[O:3][H:10])([H:12])[H:13])([H:14])[H:15])[H:17],14.0,8.0
11,0.05349999896827198,AM1BCC,OpenEye,,,H,,12,[H:16][C:7]1([C:6]([C:5]([C:4]([C:9]([C:8]1([H:18])[H:19])([H:20])[H:21])([H:11])[C:2](=[O:1])[O:3][H:10])([H:12])[H:13])([H:14])[H:15])[H:17],14.0,8.0
12,0.05349999896827198,AM1BCC,OpenEye,,,H,,13,[H:16][C:7]1([C:6]([C:5]([C:4]([C:9]([C:8]1([H:18])[H:19])([H:20])[H:21])([H:11])[C:2](=[O:1])[O:3][H:10])([H:12])[H:13])([H:14])[H:15])[H:17],14.0,8.0
13,0.045949997823862804,AM1BCC,OpenEye,,,H,,14,[H:16][C:7]1([C:6]([C:5]([C:4]([C:9]([C:8]1([H:18])[H:19])([H:20])[H:21])([H:11])[C:2](=[O:1])[O:3][H:10])([H:12])[H:13])([H:14])[H:15])[H:17],14.0,8.0
14,0.045949997823862804,AM1BCC,OpenEye,,,H,,15,[H:16][C:7]1([C:6]([C:5]([C:4]([C:9]([C:8]1([H:18])[H:19])([H:20])[H:21])([H:11])[C:2](=[O:1])[O:3][H:10])([H:12])[H:13])([H:14])[H:15])[H:17],14.0,8.0
15,0.04039999700727917,AM1BCC,OpenEye,,,H,,16,[H:16][C:7]1([C:6]([C:5]([C:4]([C:9]([C:8]1([H:18])[H:19])([H:20])[H:21])([H:11])[C:2](=[O:1])[O:3][H:10])([H:12])[H:13])([H:14])[H:15])[H:17],14.0,8.0
16,0.04039999700727917,AM1BCC,OpenEye,,,H,,17,[H:16][C:7]1([C:6]([C:5]([C:4]([C:9]([C:8]1([H:18])[H:19])([H:20])[H:21])([H:11])[C:2](=[O:1])[O:3][H:10])([H:12])[H:13])([H:14])[H:15])[H:17],14.0,8.0
17,0.045949997823862804,AM1BCC,OpenEye,,,H,,18,[H:16][C:7]1([C:6]([C:5]([C:4]([C:9]([C:8]1([H:18])[H:19])([H:20])[H:21])([H:11])[C:2](=[O:1])[O:3][H:10])([H:12])[H:13])([H:14])[H:15])[H:17],14.0,8.0
18,0.045949997823862804,AM1BCC,OpenEye,,,H,,19,[H:16][C:7]1([C:6]([C:5]([C:4]([C:9]([C:8]1([H:18])[H:19])([H:20])[H:21])([H:11])[C:2](=[O:1])[O:3][H:10])([H:12])[H:13])([H:14])[H:15])[H:17],14.0,8.0
19,0.05349999896827198,AM1BCC,OpenEye,,,H,,20,[H:16][C:7]1([C:6]([C:5]([C:4]([C:9]([C:8]1([H:18])[H:19])([H:20])[H:21])([H:11])[C:2](=[O:1])[O:3][H:10])([H:12])[H:13])([H:14])[H:15])[H:17],14.0,8.0
20,0.05349999896827198,AM1BCC,OpenEye,,,H,,21,[H:16][C:7]1([C:6]([C:5]([C:4]([C:9]([C:8]1([H:18])[H:19])([H:20])[H:21])([H:11])[C:2](=[O:1])[O:3][H:10])([H:12])[H:13])([H:14])[H:15])[H:17],14.0,8.0
0,-0.5509047619047619,AM1BCC,AmberTools,,,O,,1,[H:16][C:7]1([C:6]([C:5]([C:4]([C:9]([C:8]1([H:18])[H:19])([H:20])[H:21])([H:11])[C:2](=[O:1])[O:3][H:10])([H:12])[H:13])([H:14])[H:15])[H:17],14.0,8.0
1,0.6351952380952381,AM1BCC,AmberTools,,,C,,2,[H:16][C:7]1([C:6]([C:5]([C:4]([C:9]([C:8]1([H:18])[H:19])([H:20])[H:21])([H:11])[C:2](=[O:1])[O:3][H:10])([H:12])[H:13])([H:14])[H:15])[H:17],14.0,8.0
2,-0.6120047619047618,AM1BCC,AmberTools,,,O,,3,[H:16][C:7]1([C:6]([C:5]([C:4]([C:9]([C:8]1([H:18])[H:19])([H:20])[H:21])([H:11])[C:2](=[O:1])[O:3][H:10])([H:12])[H:13])([H:14])[H:15])[H:17],14.0,8.0
3,-0.1016047619047619,AM1BCC,AmberTools,,,C,,4,[H:16][C:7]1([C:6]([C:5]([C:4]([C:9]([C:8]1([H:18])[H:19])([H:20])[H:21])([H:11])[C:2](=[O:1])[O:3][H:10])([H:12])[H:13])([H:14])[H:15])[H:17],14.0,8.0
4,-0.07280476190476191,AM1BCC,AmberTools,,,C,,5,[H:16][C:7]1([C:6]([C:5]([C:4]([C:9]([C:8]1([H:18])[H:19])([H:20])[H:21])([H:11])[C:2](=[O:1])[O:3][H:10])([H:12])[H:13])([H:14])[H:15])[H:17],14.0,8.0
5,-0.0753047619047619,AM1BCC,AmberTools,,,C,,6,[H:16][C:7]1([C:6]([C:5]([C:4]([C:9]([C:8]1([H:18])[H:19])([H:20])[H:21])([H:11])[C:2](=[O:1])[O:3][H:10])([H:12])[H:13])([H:14])[H:15])[H:17],14.0,8.0
6,-0.0793047619047619,AM1BCC,AmberTools,,,C,,7,[H:16][C:7]1([C:6]([C:5]([C:4]([C:9]([C:8]1([H:18])[H:19])([H:20])[H:21])([H:11])[C:2](=[O:1])[O:3][H:10])([H:12])[H:13])([H:14])[H:15])[H:17],14.0,8.0
7,-0.0753047619047619,AM1BCC,AmberTools,,,C,,8,[H:16][C:7]1([C:6]([C:5]([C:4]([C:9]([C:8]1([H:18])[H:19])([H:20])[H:21])([H:11])[C:2](=[O:1])[O:3][H:10])([H:12])[H:13])([H:14])[H:15])[H:17],14.0,8.0
8,-0.07280476190476191,AM1BCC,AmberTools,,,C,,9,[H:16][C:7]1([C:6]([C:5]([C:4]([C:9]([C:8]1([H:18])[H:19])([H:20])[H:21])([H:11])[C:2](=[O:1])[O:3][H:10])([H:12])[H:13])([H:14])[H:15])[H:17],14.0,8.0
9,0.4430952380952381,AM1BCC,AmberTools,,,H,,10,[H:16][C:7]1([C:6]([C:5]([C:4]([C:9]([C:8]1([H:18])[H:19])([H:20])[H:21])([H:11])[C:2](=[O:1])[O:3][H:10])([H:12])[H:13])([H:14])[H:15])[H:17],14.0,8.0
10,0.07979523809523809,AM1BCC,AmberTools,,,H,,11,[H:16][C:7]1([C:6]([C:5]([C:4]([C:9]([C:8]1([H:18])[H:19])([H:20])[H:21])([H:11])[C:2](=[O:1])[O:3][H:10])([H:12])[H:13])([H:14])[H:15])[H:17],14.0,8.0
11,0.0557952380952381,AM1BCC,AmberTools,,,H,,12,[H:16][C:7]1([C:6]([C:5]([C:4]([C:9]([C:8]1([H:18])[H:19])([H:20])[H:21])([H:11])[C:2](=[O:1])[O:3][H:10])([H:12])[H:13])([H:14])[H:15])[H:17],14.0,8.0
12,0.0557952380952381,AM1BCC,AmberTools,,,H,,13,[H:16][C:7]1([C:6]([C:5]([C:4]([C:9]([C:8]1([H:18])[H:19])([H:20])[H:21])([H:11])[C:2](=[O:1])[O:3][H:10])([H:12])[H:13])([H:14])[H:15])[H:17],14.0,8.0
13,0.0445452380952381,AM1BCC,AmberTools,,,H,,14,[H:16][C:7]1([C:6]([C:5]([C:4]([C:9]([C:8]1([H:18])[H:19])([H:20])[H:21])([H:11])[C:2](=[O:1])[O:3][H:10])([H:12])[H:13])([H:14])[H:15])[H:17],14.0,8.0
14,0.0445452380952381,AM1BCC,AmberTools,,,H,,15,[H:16][C:7]1([C:6]([C:5]([C:4]([C:9]([C:8]1([H:18])[H:19])([H:20])[H:21])([H:11])[C:2](=[O:1])[O:3][H:10])([H:12])[H:13])([H:14])[H:15])[H:17],14.0,8.0
15,0.0402952380952381,AM1BCC,AmberTools,,,H,,16,[H:16][C:7]1([C:6]([C:5]([C:4]([C:9]([C:8]1([H:18])[H:19])([H:20])[H:21])([H:11])[C:2](=[O:1])[O:3][H:10])([H:12])[H:13])([H:14])[H:15])[H:17],14.0,8.0
16,0.0402952380952381,AM1BCC,AmberTools,,,H,,17,[H:16][C:7]1([C:6]([C:5]([C:4]([C:9]([C:8]1([H:18])[H:19])([H:20])[H:21])([H:11])[C:2](=[O:1])[O:3][H:10])([H:12])[H:13])([H:14])[H:15])[H:17],14.0,8.0
17,0.0445452380952381,AM1BCC,AmberTools,,,H,,18,[H:16][C:7]1([C:6]([C:5]([C:4]([C:9]([C:8]1([H:18])[H:19])([H:20])[H:21])([H:11])[C:2](=[O:1])[O:3][H:10])([H:12])[H:13])([H:14])[H:15])[H:17],14.0,8.0
18,0.0445452380952381,AM1BCC,AmberTools,,,H,,19,[H:16][C:7]1([C:6]([C:5]([C:4]([C:9]([C:8]1([H:18])[H:19])([H:20])[H:21])([H:11])[C:2](=[O:1])[O:3][H:10])([H:12])[H:13])([H:14])[H:15])[H:17],14.0,8.0
19,0.0557952380952381,AM1BCC,AmberTools,,,H,,20,[H:16][C:7]1([C:6]([C:5]([C:4]([C:9]([C:8]1([H:18])[H:19])([H:20])[H:21])([H:11])[C:2](=[O:1])[O:3][H:10])([H:12])[H:13])([H:14])[H:15])[H:17],14.0,8.0
20,0.0557952380952381,AM1BCC,AmberTools,,,H,,21,[H:16][C:7]1([C:6]([C:5]([C:4]([C:9]([C:8]1([H:18])[H:19])([H:20])[H:21])([H:11])[C:2](=[O:1])[O:3][H:10])([H:12])[H:13])([H:14])[H:15])[H:17],14.0,8.0
0,-0.5506200208550408,AM1BCC,OpenEye,,,O,,1,[H:16][C:7]1([C:6]([C:5]([C:4]([C:9]([C:8]1([H:18])[H:19])([H:20])[H:21])([H:11])[C:2](=[O:1])[O:3][H:10])([H:12])[H:13])([H:14])[H:15])[H:17],14.0,9.0
1,0.6331800208205268,AM1BCC,OpenEye,,,C,,2,[H:16][C:7]1([C:6]([C:5]([C:4]([C:9]([C:8]1([H:18])[H:19])([H:20])[H:21])([H:11])[C:2](=[O:1])[O:3][H:10])([H:12])[H:13])([H:14])[H:15])[H:17],14.0,9.0
2,-0.6021599783783868,AM1BCC,OpenEye,,,O,,3,[H:16][C:7]1([C:6]([C:5]([C:4]([C:9]([C:8]1([H:18])[H:19])([H:20])[H:21])([H:11])[C:2](=[O:1])[O:3][H:10])([H:12])[H:13])([H:14])[H:15])[H:17],14.0,9.0
3,-0.10574000470695041,AM1BCC,OpenEye,,,C,,4,[H:16][C:7]1([C:6]([C:5]([C:4]([C:9]([C:8]1([H:18])[H:19])([H:20])[H:21])([H:11])[C:2](=[O:1])[O:3][H:10])([H:12])[H:13])([H:14])[H:15])[H:17],14.0,9.0
4,-0.07000000171718143,AM1BCC,OpenEye,,,C,,5,[H:16][C:7]1([C:6]([C:5]([C:4]([C:9]([C:8]1([H:18])[H:19])([H:20])[H:21])([H:11])[C:2](=[O:1])[O:3][H:10])([H:12])[H:13])([H:14])[H:15])[H:17],14.0,9.0
5,-0.07671000205335163,AM1BCC,OpenEye,,,C,,6,[H:16][C:7]1([C:6]([C:5]([C:4]([C:9]([C:8]1([H:18])[H:19])([H:20])[H:21])([H:11])[C:2](=[O:1])[O:3][H:10])([H:12])[H:13])([H:14])[H:15])[H:17],14.0,9.0
6,-0.07976000152883075,AM1BCC,OpenEye,,,C,,7,[H:16][C:7]1([C:6]([C:5]([C:4]([C:9]([C:8]1([H:18])[H:19])([H:20])[H:21])([H:11])[C:2](=[O:1])[O:3][H:10])([H:12])[H:13])([H:14])[H:15])[H:17],14.0,9.0
7,-0.07671000205335163,AM1BCC,OpenEye,,,C,,8,[H:16][C:7]1([C:6]([C:5]([C:4]([C:9]([C:8]1([H:18])[H:19])([H:20])[H:21])([H:11])[C:2](=[O:1])[O:3][H:10])([H:12])[H:13])([H:14])[H:15])[H:17],14.0,9.0
8,-0.07000000171718143,AM1BCC,OpenEye,,,C,,9,[H:16][C:7]1([C:6]([C:5]([C:4]([C:9]([C:8]1([H:18])[H:19])([H:20])[H:21])([H:11])[C:2](=[O:1])[O:3][H:10])([H:12])[H:13])([H:14])[H:15])[H:17],14.0,9.0
9,0.4415900097006843,AM1BCC,OpenEye,,,H,,10,[H:16][C:7]1([C:6]([C:5]([C:4]([C:9]([C:8]1([H:18])[H:19])([H:20])[H:21])([H:11])[C:2](=[O:1])[O:3][H:10])([H:12])[H:13])([H:14])[H:15])[H:17],14.0,9.0
10,0.07833000130596615,AM1BCC,OpenEye,,,H,,11,[H:16][C:7]1([C:6]([C:5]([C:4]([C:9]([C:8]1([H:18])[H:19])([H:20])[H:21])([H:11])[C:2](=[O:1])[O:3][H:10])([H:12])[H:13])([H:14])[H:15])[H:17],14.0,9.0
11,0.05349999896827198,AM1BCC,OpenEye,,,H,,12,[H:16][C:7]1([C:6]([C:5]([C:4]([C:9]([C:8]1([H:18])[H:19])([H:20])[H:21])([H:11])[C:2](=[O:1])[O:3][H:10])([H:12])[H:13])([H:14])[H:15])[H:17],14.0,9.0
12,0.05349999896827198,AM1BCC,OpenEye,,,H,,13,[H:16][C:7]1([C:6]([C:5]([C:4]([C:9]([C:8]1([H:18])[H:19])([H:20])[H:21])([H:11])[C:2](=[O:1])[O:3][H:10])([H:12])[H:13])([H:14])[H:15])[H:17],14.0,9.0
13,0.045949997823862804,AM1BCC,OpenEye,,,H,,14,[H:16][C:7]1([C:6]([C:5]([C:4]([C:9]([C:8]1([H:18])[H:19])([H:20])[H:21])([H:11])[C:2](=[O:1])[O:3][H:10])([H:12])[H:13])([H:14])[H:15])[H:17],14.0,9.0
14,0.045949997823862804,AM1BCC,OpenEye,,,H,,15,[H:16][C:7]1([C:6]([C:5]([C:4]([C:9]([C:8]1([H:18])[H:19])([H:20])[H:21])([H:11])[C:2](=[O:1])[O:3][H:10])([H:12])[H:13])([H:14])[H:15])[H:17],14.0,9.0
15,0.04039999700727917,AM1BCC,OpenEye,,,H,,16,[H:16][C:7]1([C:6]([C:5]([C:4]([C:9]([C:8]1([H:18])[H:19])([H:20])[H:21])([H:11])[C:2](=[O:1])[O:3][H:10])([H:12])[H:13])([H:14])[H:15])[H:17],14.0,9.0
16,0.04039999700727917,AM1BCC,OpenEye,,,H,,17,[H:16][C:7]1([C:6]([C:5]([C:4]([C:9]([C:8]1([H:18])[H:19])([H:20])[H:21])([H:11])[C:2](=[O:1])[O:3][H:10])([H:12])[H:13])([H:14])[H:15])[H:17],14.0,9.0
17,0.045949997823862804,AM1BCC,OpenEye,,,H,,18,[H:16][C:7]1([C:6]([C:5]([C:4]([C:9]([C:8]1([H:18])[H:19])([H:20])[H:21])([H:11])[C:2](=[O:1])[O:3][H:10])([H:12])[H:13])([H:14])[H:15])[H:17],14.0,9.0
18,0.045949997823862804,AM1BCC,OpenEye,,,H,,19,[H:16][C:7]1([C:6]([C:5]([C:4]([C:9]([C:8]1([H:18])[H:19])([H:20])[H:21])([H:11])[C:2](=[O:1])[O:3][H:10])([H:12])[H:13])([H:14])[H:15])[H:17],14.0,9.0
19,0.05349999896827198,AM1BCC,OpenEye,,,H,,20,[H:16][C:7]1([C:6]([C:5]([C:4]([C:9]([C:8]1([H:18])[H:19])([H:20])[H:21])([H:11])[C:2](=[O:1])[O:3][H:10])([H:12])[H:13])([H:14])[H:15])[H:17],14.0,9.0
20,0.05349999896827198,AM1BCC,OpenEye,,,H,,21,[H:16][C:7]1([C:6]([C:5]([C:4]([C:9]([C:8]1([H:18])[H:19])([H:20])[H:21])([H:11])[C:2](=[O:1])[O:3][H:10])([H:12])[H:13])([H:14])[H:15])[H:17],14.0,9.0
0,-0.5509047619047619,AM1BCC,AmberTools,,,O,,1,[H:16][C:7]1([C:6]([C:5]([C:4]([C:9]([C:8]1([H:18])[H:19])([H:20])[H:21])([H:11])[C:2](=[O:1])[O:3][H:10])([H:12])[H:13])([H:14])[H:15])[H:17],14.0,9.0
1,0.6351952380952381,AM1BCC,AmberTools,,,C,,2,[H:16][C:7]1([C:6]([C:5]([C:4]([C:9]([C:8]1([H:18])[H:19])([H:20])[H:21])([H:11])[C:2](=[O:1])[O:3][H:10])([H:12])[H:13])([H:14])[H:15])[H:17],14.0,9.0
2,-0.6120047619047618,AM1BCC,AmberTools,,,O,,3,[H:16][C:7]1([C:6]([C:5]([C:4]([C:9]([C:8]1([H:18])[H:19])([H:20])[H:21])([H:11])[C:2](=[O:1])[O:3][H:10])([H:12])[H:13])([H:14])[H:15])[H:17],14.0,9.0
3,-0.1016047619047619,AM1BCC,AmberTools,,,C,,4,[H:16][C:7]1([C:6]([C:5]([C:4]([C:9]([C:8]1([H:18])[H:19])([H:20])[H:21])([H:11])[C:2](=[O:1])[O:3][H:10])([H:12])[H:13])([H:14])[H:15])[H:17],14.0,9.0
4,-0.07280476190476191,AM1BCC,AmberTools,,,C,,5,[H:16][C:7]1([C:6]([C:5]([C:4]([C:9]([C:8]1([H:18])[H:19])([H:20])[H:21])([H:11])[C:2](=[O:1])[O:3][H:10])([H:12])[H:13])([H:14])[H:15])[H:17],14.0,9.0
5,-0.0753047619047619,AM1BCC,AmberTools,,,C,,6,[H:16][C:7]1([C:6]([C:5]([C:4]([C:9]([C:8]1([H:18])[H:19])([H:20])[H:21])([H:11])[C:2](=[O:1])[O:3][H:10])([H:12])[H:13])([H:14])[H:15])[H:17],14.0,9.0
6,-0.0793047619047619,AM1BCC,AmberTools,,,C,,7,[H:16][C:7]1([C:6]([C:5]([C:4]([C:9]([C:8]1([H:18])[H:19])([H:20])[H:21])([H:11])[C:2](=[O:1])[O:3][H:10])([H:12])[H:13])([H:14])[H:15])[H:17],14.0,9.0
7,-0.0753047619047619,AM1BCC,AmberTools,,,C,,8,[H:16][C:7]1([C:6]([C:5]([C:4]([C:9]([C:8]1([H:18])[H:19])([H:20])[H:21])([H:11])[C:2](=[O:1])[O:3][H:10])([H:12])[H:13])([H:14])[H:15])[H:17],14.0,9.0
8,-0.07280476190476191,AM1BCC,AmberTools,,,C,,9,[H:16][C:7]1([C:6]([C:5]([C:4]([C:9]([C:8]1([H:18])[H:19])([H:20])[H:21])([H:11])[C:2](=[O:1])[O:3][H:10])([H:12])[H:13])([H:14])[H:15])[H:17],14.0,9.0
9,0.4430952380952381,AM1BCC,AmberTools,,,H,,10,[H:16][C:7]1([C:6]([C:5]([C:4]([C:9]([C:8]1([H:18])[H:19])([H:20])[H:21])([H:11])[C:2](=[O:1])[O:3][H:10])([H:12])[H:13])([H:14])[H:15])[H:17],14.0,9.0
10,0.07979523809523809,AM1BCC,AmberTools,,,H,,11,[H:16][C:7]1([C:6]([C:5]([C:4]([C:9]([C:8]1([H:18])[H:19])([H:20])[H:21])([H:11])[C:2](=[O:1])[O:3][H:10])([H:12])[H:13])([H:14])[H:15])[H:17],14.0,9.0
11,0.0557952380952381,AM1BCC,AmberTools,,,H,,12,[H:16][C:7]1([C:6]([C:5]([C:4]([C:9]([C:8]1([H:18])[H:19])([H:20])[H:21])([H:11])[C:2](=[O:1])[O:3][H:10])([H:12])[H:13])([H:14])[H:15])[H:17],14.0,9.0
12,0.0557952380952381,AM1BCC,AmberTools,,,H,,13,[H:16][C:7]1([C:6]([C:5]([C:4]([C:9]([C:8]1([H:18])[H:19])([H:20])[H:21])([H:11])[C:2](=[O:1])[O:3][H:10])([H:12])[H:13])([H:14])[H:15])[H:17],14.0,9.0
13,0.0445452380952381,AM1BCC,AmberTools,,,H,,14,[H:16][C:7]1([C:6]([C:5]([C:4]([C:9]([C:8]1([H:18])[H:19])([H:20])[H:21])([H:11])[C:2](=[O:1])[O:3][H:10])([H:12])[H:13])([H:14])[H:15])[H:17],14.0,9.0
14,0.0445452380952381,AM1BCC,AmberTools,,,H,,15,[H:16][C:7]1([C:6]([C:5]([C:4]([C:9]([C:8]1([H:18])[H:19])([H:20])[H:21])([H:11])[C:2](=[O:1])[O:3][H:10])([H:12])[H:13])([H:14])[H:15])[H:17],14.0,9.0
15,0.0402952380952381,AM1BCC,AmberTools,,,H,,16,[H:16][C:7]1([C:6]([C:5]([C:4]([C:9]([C:8]1([H:18])[H:19])([H:20])[H:21])([H:11])[C:2](=[O:1])[O:3][H:10])([H:12])[H:13])([H:14])[H:15])[H:17],14.0,9.0
16,0.0402952380952381,AM1BCC,AmberTools,,,H,,17,[H:16][C:7]1([C:6]([C:5]([C:4]([C:9]([C:8]1([H:18])[H:19])([H:20])[H:21])([H:11])[C:2](=[O:1])[O:3][H:10])([H:12])[H:13])([H:14])[H:15])[H:17],14.0,9.0
17,0.0445452380952381,AM1BCC,AmberTools,,,H,,18,[H:16][C:7]1([C:6]([C:5]([C:4]([C:9]([C:8]1([H:18])[H:19])([H:20])[H:21])([H:11])[C:2](=[O:1])[O:3][H:10])([H:12])[H:13])([H:14])[H:15])[H:17],14.0,9.0
18,0.0445452380952381,AM1BCC,AmberTools,,,H,,19,[H:16][C:7]1([C:6]([C:5]([C:4]([C:9]([C:8]1([H:18])[H:19])([H:20])[H:21])([H:11])[C:2](=[O:1])[O:3][H:10])([H:12])[H:13])([H:14])[H:15])[H:17],14.0,9.0
19,0.0557952380952381,AM1BCC,AmberTools,,,H,,20,[H:16][C:7]1([C:6]([C:5]([C:4]([C:9]([C:8]1([H:18])[H:19])([H:20])[H:21])([H:11])[C:2](=[O:1])[O:3][H:10])([H:12])[H:13])([H:14])[H:15])[H:17],14.0,9.0
20,0.0557952380952381,AM1BCC,AmberTools,,,H,,21,[H:16][C:7]1([C:6]([C:5]([C:4]([C:9]([C:8]1([H:18])[H:19])([H:20])[H:21])([H:11])[C:2](=[O:1])[O:3][H:10])([H:12])[H:13])([H:14])[H:15])[H:17],14.0,9.0
0,-0.5506200208550408,AM1BCC,OpenEye,,,O,,1,[H:16][C:7]1([C:6]([C:5]([C:4]([C:9]([C:8]1([H:18])[H:19])([H:20])[H:21])([H:11])[C:2](=[O:1])[O:3][H:10])([H:12])[H:13])([H:14])[H:15])[H:17],14.0,10.0
1,0.6331800208205268,AM1BCC,OpenEye,,,C,,2,[H:16][C:7]1([C:6]([C:5]([C:4]([C:9]([C:8]1([H:18])[H:19])([H:20])[H:21])([H:11])[C:2](=[O:1])[O:3][H:10])([H:12])[H:13])([H:14])[H:15])[H:17],14.0,10.0
2,-0.6021599783783868,AM1BCC,OpenEye,,,O,,3,[H:16][C:7]1([C:6]([C:5]([C:4]([C:9]([C:8]1([H:18])[H:19])([H:20])[H:21])([H:11])[C:2](=[O:1])[O:3][H:10])([H:12])[H:13])([H:14])[H:15])[H:17],14.0,10.0
3,-0.10574000470695041,AM1BCC,OpenEye,,,C,,4,[H:16][C:7]1([C:6]([C:5]([C:4]([C:9]([C:8]1([H:18])[H:19])([H:20])[H:21])([H:11])[C:2](=[O:1])[O:3][H:10])([H:12])[H:13])([H:14])[H:15])[H:17],14.0,10.0
4,-0.07000000171718143,AM1BCC,OpenEye,,,C,,5,[H:16][C:7]1([C:6]([C:5]([C:4]([C:9]([C:8]1([H:18])[H:19])([H:20])[H:21])([H:11])[C:2](=[O:1])[O:3][H:10])([H:12])[H:13])([H:14])[H:15])[H:17],14.0,10.0
5,-0.07671000205335163,AM1BCC,OpenEye,,,C,,6,[H:16][C:7]1([C:6]([C:5]([C:4]([C:9]([C:8]1([H:18])[H:19])([H:20])[H:21])([H:11])[C:2](=[O:1])[O:3][H:10])([H:12])[H:13])([H:14])[H:15])[H:17],14.0,10.0
6,-0.07976000152883075,AM1BCC,OpenEye,,,C,,7,[H:16][C:7]1([C:6]([C:5]([C:4]([C:9]([C:8]1([H:18])[H:19])([H:20])[H:21])([H:11])[C:2](=[O:1])[O:3][H:10])([H:12])[H:13])([H:14])[H:15])[H:17],14.0,10.0
7,-0.07671000205335163,AM1BCC,OpenEye,,,C,,8,[H:16][C:7]1([C:6]([C:5]([C:4]([C:9]([C:8]1([H:18])[H:19])([H:20])[H:21])([H:11])[C:2](=[O:1])[O:3][H:10])([H:12])[H:13])([H:14])[H:15])[H:17],14.0,10.0
8,-0.07000000171718143,AM1BCC,OpenEye,,,C,,9,[H:16][C:7]1([C:6]([C:5]([C:4]([C:9]([C:8]1([H:18])[H:19])([H:20])[H:21])([H:11])[C:2](=[O:1])[O:3][H:10])([H:12])[H:13])([H:14])[H:15])[H:17],14.0,10.0
9,0.4415900097006843,AM1BCC,OpenEye,,,H,,10,[H:16][C:7]1([C:6]([C:5]([C:4]([C:9]([C:8]1([H:18])[H:19])([H:20])[H:21])([H:11])[C:2](=[O:1])[O:3][H:10])([H:12])[H:13])([H:14])[H:15])[H:17],14.0,10.0
10,0.07833000130596615,AM1BCC,OpenEye,,,H,,11,[H:16][C:7]1([C:6]([C:5]([C:4]([C:9]([C:8]1([H:18])[H:19])([H:20])[H:21])([H:11])[C:2](=[O:1])[O:3][H:10])([H:12])[H:13])([H:14])[H:15])[H:17],14.0,10.0
11,0.05349999896827198,AM1BCC,OpenEye,,,H,,12,[H:16][C:7]1([C:6]([C:5]([C:4]([C:9]([C:8]1([H:18])[H:19])([H:20])[H:21])([H:11])[C:2](=[O:1])[O:3][H:10])([H:12])[H:13])([H:14])[H:15])[H:17],14.0,10.0
12,0.05349999896827198,AM1BCC,OpenEye,,,H,,13,[H:16][C:7]1([C:6]([C:5]([C:4]([C:9]([C:8]1([H:18])[H:19])([H:20])[H:21])([H:11])[C:2](=[O:1])[O:3][H:10])([H:12])[H:13])([H:14])[H:15])[H:17],14.0,10.0
13,0.045949997823862804,AM1BCC,OpenEye,,,H,,14,[H:16][C:7]1([C:6]([C:5]([C:4]([C:9]([C:8]1([H:18])[H:19])([H:20])[H:21])([H:11])[C:2](=[O:1])[O:3][H:10])([H:12])[H:13])([H:14])[H:15])[H:17],14.0,10.0
14,0.045949997823862804,AM1BCC,OpenEye,,,H,,15,[H:16][C:7]1([C:6]([C:5]([C:4]([C:9]([C:8]1([H:18])[H:19])([H:20])[H:21])([H:11])[C:2](=[O:1])[O:3][H:10])([H:12])[H:13])([H:14])[H:15])[H:17],14.0,10.0
15,0.04039999700727917,AM1BCC,OpenEye,,,H,,16,[H:16][C:7]1([C:6]([C:5]([C:4]([C:9]([C:8]1([H:18])[H:19])([H:20])[H:21])([H:11])[C:2](=[O:1])[O:3][H:10])([H:12])[H:13])([H:14])[H:15])[H:17],14.0,10.0
16,0.04039999700727917,AM1BCC,OpenEye,,,H,,17,[H:16][C:7]1([C:6]([C:5]([C:4]([C:9]([C:8]1([H:18])[H:19])([H:20])[H:21])([H:11])[C:2](=[O:1])[O:3][H:10])([H:12])[H:13])([H:14])[H:15])[H:17],14.0,10.0
17,0.045949997823862804,AM1BCC,OpenEye,,,H,,18,[H:16][C:7]1([C:6]([C:5]([C:4]([C:9]([C:8]1([H:18])[H:19])([H:20])[H:21])([H:11])[C:2](=[O:1])[O:3][H:10])([H:12])[H:13])([H:14])[H:15])[H:17],14.0,10.0
18,0.045949997823862804,AM1BCC,OpenEye,,,H,,19,[H:16][C:7]1([C:6]([C:5]([C:4]([C:9]([C:8]1([H:18])[H:19])([H:20])[H:21])([H:11])[C:2](=[O:1])[O:3][H:10])([H:12])[H:13])([H:14])[H:15])[H:17],14.0,10.0
19,0.05349999896827198,AM1BCC,OpenEye,,,H,,20,[H:16][C:7]1([C:6]([C:5]([C:4]([C:9]([C:8]1([H:18])[H:19])([H:20])[H:21])([H:11])[C:2](=[O:1])[O:3][H:10])([H:12])[H:13])([H:14])[H:15])[H:17],14.0,10.0
20,0.05349999896827198,AM1BCC,OpenEye,,,H,,21,[H:16][C:7]1([C:6]([C:5]([C:4]([C:9]([C:8]1([H:18])[H:19])([H:20])[H:21])([H:11])[C:2](=[O:1])[O:3][H:10])([H:12])[H:13])([H:14])[H:15])[H:17],14.0,10.0
0,-0.5509047619047619,AM1BCC,AmberTools,,,O,,1,[H:16][C:7]1([C:6]([C:5]([C:4]([C:9]([C:8]1([H:18])[H:19])([H:20])[H:21])([H:11])[C:2](=[O:1])[O:3][H:10])([H:12])[H:13])([H:14])[H:15])[H:17],14.0,10.0
1,0.6351952380952381,AM1BCC,AmberTools,,,C,,2,[H:16][C:7]1([C:6]([C:5]([C:4]([C:9]([C:8]1([H:18])[H:19])([H:20])[H:21])([H:11])[C:2](=[O:1])[O:3][H:10])([H:12])[H:13])([H:14])[H:15])[H:17],14.0,10.0
2,-0.6120047619047618,AM1BCC,AmberTools,,,O,,3,[H:16][C:7]1([C:6]([C:5]([C:4]([C:9]([C:8]1([H:18])[H:19])([H:20])[H:21])([H:11])[C:2](=[O:1])[O:3][H:10])([H:12])[H:13])([H:14])[H:15])[H:17],14.0,10.0
3,-0.1016047619047619,AM1BCC,AmberTools,,,C,,4,[H:16][C:7]1([C:6]([C:5]([C:4]([C:9]([C:8]1([H:18])[H:19])([H:20])[H:21])([H:11])[C:2](=[O:1])[O:3][H:10])([H:12])[H:13])([H:14])[H:15])[H:17],14.0,10.0
4,-0.07280476190476191,AM1BCC,AmberTools,,,C,,5,[H:16][C:7]1([C:6]([C:5]([C:4]([C:9]([C:8]1([H:18])[H:19])([H:20])[H:21])([H:11])[C:2](=[O:1])[O:3][H:10])([H:12])[H:13])([H:14])[H:15])[H:17],14.0,10.0
5,-0.0753047619047619,AM1BCC,AmberTools,,,C,,6,[H:16][C:7]1([C:6]([C:5]([C:4]([C:9]([C:8]1([H:18])[H:19])([H:20])[H:21])([H:11])[C:2](=[O:1])[O:3][H:10])([H:12])[H:13])([H:14])[H:15])[H:17],14.0,10.0
6,-0.0793047619047619,AM1BCC,AmberTools,,,C,,7,[H:16][C:7]1([C:6]([C:5]([C:4]([C:9]([C:8]1([H:18])[H:19])([H:20])[H:21])([H:11])[C:2](=[O:1])[O:3][H:10])([H:12])[H:13])([H:14])[H:15])[H:17],14.0,10.0
7,-0.0753047619047619,AM1BCC,AmberTools,,,C,,8,[H:16][C:7]1([C:6]([C:5]([C:4]([C:9]([C:8]1([H:18])[H:19])([H:20])[H:21])([H:11])[C:2](=[O:1])[O:3][H:10])([H:12])[H:13])([H:14])[H:15])[H:17],14.0,10.0
8,-0.07280476190476191,AM1BCC,AmberTools,,,C,,9,[H:16][C:7]1([C:6]([C:5]([C:4]([C:9]([C:8]1([H:18])[H:19])([H:20])[H:21])([H:11])[C:2](=[O:1])[O:3][H:10])([H:12])[H:13])([H:14])[H:15])[H:17],14.0,10.0
9,0.4430952380952381,AM1BCC,AmberTools,,,H,,10,[H:16][C:7]1([C:6]([C:5]([C:4]([C:9]([C:8]1([H:18])[H:19])([H:20])[H:21])([H:11])[C:2](=[O:1])[O:3][H:10])([H:12])[H:13])([H:14])[H:15])[H:17],14.0,10.0
10,0.07979523809523809,AM1BCC,AmberTools,,,H,,11,[H:16][C:7]1([C:6]([C:5]([C:4]([C:9]([C:8]1([H:18])[H:19])([H:20])[H:21])([H:11])[C:2](=[O:1])[O:3][H:10])([H:12])[H:13])([H:14])[H:15])[H:17],14.0,10.0
11,0.0557952380952381,AM1BCC,AmberTools,,,H,,12,[H:16][C:7]1([C:6]([C:5]([C:4]([C:9]([C:8]1([H:18])[H:19])([H:20])[H:21])([H:11])[C:2](=[O:1])[O:3][H:10])([H:12])[H:13])([H:14])[H:15])[H:17],14.0,10.0
12,0.0557952380952381,AM1BCC,AmberTools,,,H,,13,[H:16][C:7]1([C:6]([C:5]([C:4]([C:9]([C:8]1([H:18])[H:19])([H:20])[H:21])([H:11])[C:2](=[O:1])[O:3][H:10])([H:12])[H:13])([H:14])[H:15])[H:17],14.0,10.0
13,0.0445452380952381,AM1BCC,AmberTools,,,H,,14,[H:16][C:7]1([C:6]([C:5]([C:4]([C:9]([C:8]1([H:18])[H:19])([H:20])[H:21])([H:11])[C:2](=[O:1])[O:3][H:10])([H:12])[H:13])([H:14])[H:15])[H:17],14.0,10.0
14,0.0445452380952381,AM1BCC,AmberTools,,,H,,15,[H:16][C:7]1([C:6]([C:5]([C:4]([C:9]([C:8]1([H:18])[H:19])([H:20])[H:21])([H:11])[C:2](=[O:1])[O:3][H:10])([H:12])[H:13])([H:14])[H:15])[H:17],14.0,10.0
15,0.0402952380952381,AM1BCC,AmberTools,,,H,,16,[H:16][C:7]1([C:6]([C:5]([C:4]([C:9]([C:8]1([H:18])[H:19])([H:20])[H:21])([H:11])[C:2](=[O:1])[O:3][H:10])([H:12])[H:13])([H:14])[H:15])[H:17],14.0,10.0
16,0.0402952380952381,AM1BCC,AmberTools,,,H,,17,[H:16][C:7]1([C:6]([C:5]([C:4]([C:9]([C:8]1([H:18])[H:19])([H:20])[H:21])([H:11])[C:2](=[O:1])[O:3][H:10])([H:12])[H:13])([H:14])[H:15])[H:17],14.0,10.0
17,0.0445452380952381,AM1BCC,AmberTools,,,H,,18,[H:16][C:7]1([C:6]([C:5]([C:4]([C:9]([C:8]1([H:18])[H:19])([H:20])[H:21])([H:11])[C:2](=[O:1])[O:3][H:10])([H:12])[H:13])([H:14])[H:15])[H:17],14.0,10.0
18,0.0445452380952381,AM1BCC,AmberTools,,,H,,19,[H:16][C:7]1([C:6]([C:5]([C:4]([C:9]([C:8]1([H:18])[H:19])([H:20])[H:21])([H:11])[C:2](=[O:1])[O:3][H:10])([H:12])[H:13])([H:14])[H:15])[H:17],14.0,10.0
19,0.0557952380952381,AM1BCC,AmberTools,,,H,,20,[H:16][C:7]1([C:6]([C:5]([C:4]([C:9]([C:8]1([H:18])[H:19])([H:20])[H:21])([H:11])[C:2](=[O:1])[O:3][H:10])([H:12])[H:13])([H:14])[H:15])[H:17],14.0,10.0
20,0.0557952380952381,AM1BCC,AmberTools,,,H,,21,[H:16][C:7]1([C:6]([C:5]([C:4]([C:9]([C:8]1([H:18])[H:19])([H:20])[H:21])([H:11])[C:2](=[O:1])[O:3][H:10])([H:12])[H:13])([H:14])[H:15])[H:17],14.0,10.0
0,-0.5506200208550408,AM1BCC,OpenEye,,,O,,1,[H:16][C:7]1([C:6]([C:5]([C:4]([C:9]([C:8]1([H:18])[H:19])([H:20])[H:21])([H:11])[C:2](=[O:1])[O:3][H:10])([H:12])[H:13])([H:14])[H:15])[H:17],14.0,11.0
1,0.6331800208205268,AM1BCC,OpenEye,,,C,,2,[H:16][C:7]1([C:6]([C:5]([C:4]([C:9]([C:8]1([H:18])[H:19])([H:20])[H:21])([H:11])[C:2](=[O:1])[O:3][H:10])([H:12])[H:13])([H:14])[H:15])[H:17],14.0,11.0
2,-0.6021599783783868,AM1BCC,OpenEye,,,O,,3,[H:16][C:7]1([C:6]([C:5]([C:4]([C:9]([C:8]1([H:18])[H:19])([H:20])[H:21])([H:11])[C:2](=[O:1])[O:3][H:10])([H:12])[H:13])([H:14])[H:15])[H:17],14.0,11.0
3,-0.10574000470695041,AM1BCC,OpenEye,,,C,,4,[H:16][C:7]1([C:6]([C:5]([C:4]([C:9]([C:8]1([H:18])[H:19])([H:20])[H:21])([H:11])[C:2](=[O:1])[O:3][H:10])([H:12])[H:13])([H:14])[H:15])[H:17],14.0,11.0
4,-0.07000000171718143,AM1BCC,OpenEye,,,C,,5,[H:16][C:7]1([C:6]([C:5]([C:4]([C:9]([C:8]1([H:18])[H:19])([H:20])[H:21])([H:11])[C:2](=[O:1])[O:3][H:10])([H:12])[H:13])([H:14])[H:15])[H:17],14.0,11.0
5,-0.07671000205335163,AM1BCC,OpenEye,,,C,,6,[H:16][C:7]1([C:6]([C:5]([C:4]([C:9]([C:8]1([H:18])[H:19])([H:20])[H:21])([H:11])[C:2](=[O:1])[O:3][H:10])([H:12])[H:13])([H:14])[H:15])[H:17],14.0,11.0
6,-0.07976000152883075,AM1BCC,OpenEye,,,C,,7,[H:16][C:7]1([C:6]([C:5]([C:4]([C:9]([C:8]1([H:18])[H:19])([H:20])[H:21])([H:11])[C:2](=[O:1])[O:3][H:10])([H:12])[H:13])([H:14])[H:15])[H:17],14.0,11.0
7,-0.07671000205335163,AM1BCC,OpenEye,,,C,,8,[H:16][C:7]1([C:6]([C:5]([C:4]([C:9]([C:8]1([H:18])[H:19])([H:20])[H:21])([H:11])[C:2](=[O:1])[O:3][H:10])([H:12])[H:13])([H:14])[H:15])[H:17],14.0,11.0
8,-0.07000000171718143,AM1BCC,OpenEye,,,C,,9,[H:16][C:7]1([C:6]([C:5]([C:4]([C:9]([C:8]1([H:18])[H:19])([H:20])[H:21])([H:11])[C:2](=[O:1])[O:3][H:10])([H:12])[H:13])([H:14])[H:15])[H:17],14.0,11.0
9,0.4415900097006843,AM1BCC,OpenEye,,,H,,10,[H:16][C:7]1([C:6]([C:5]([C:4]([C:9]([C:8]1([H:18])[H:19])([H:20])[H:21])([H:11])[C:2](=[O:1])[O:3][H:10])([H:12])[H:13])([H:14])[H:15])[H:17],14.0,11.0
10,0.07833000130596615,AM1BCC,OpenEye,,,H,,11,[H:16][C:7]1([C:6]([C:5]([C:4]([C:9]([C:8]1([H:18])[H:19])([H:20])[H:21])([H:11])[C:2](=[O:1])[O:3][H:10])([H:12])[H:13])([H:14])[H:15])[H:17],14.0,11.0
11,0.05349999896827198,AM1BCC,OpenEye,,,H,,12,[H:16][C:7]1([C:6]([C:5]([C:4]([C:9]([C:8]1([H:18])[H:19])([H:20])[H:21])([H:11])[C:2](=[O:1])[O:3][H:10])([H:12])[H:13])([H:14])[H:15])[H:17],14.0,11.0
12,0.05349999896827198,AM1BCC,OpenEye,,,H,,13,[H:16][C:7]1([C:6]([C:5]([C:4]([C:9]([C:8]1([H:18])[H:19])([H:20])[H:21])([H:11])[C:2](=[O:1])[O:3][H:10])([H:12])[H:13])([H:14])[H:15])[H:17],14.0,11.0
13,0.045949997823862804,AM1BCC,OpenEye,,,H,,14,[H:16][C:7]1([C:6]([C:5]([C:4]([C:9]([C:8]1([H:18])[H:19])([H:20])[H:21])([H:11])[C:2](=[O:1])[O:3][H:10])([H:12])[H:13])([H:14])[H:15])[H:17],14.0,11.0
14,0.045949997823862804,AM1BCC,OpenEye,,,H,,15,[H:16][C:7]1([C:6]([C:5]([C:4]([C:9]([C:8]1([H:18])[H:19])([H:20])[H:21])([H:11])[C:2](=[O:1])[O:3][H:10])([H:12])[H:13])([H:14])[H:15])[H:17],14.0,11.0
15,0.04039999700727917,AM1BCC,OpenEye,,,H,,16,[H:16][C:7]1([C:6]([C:5]([C:4]([C:9]([C:8]1([H:18])[H:19])([H:20])[H:21])([H:11])[C:2](=[O:1])[O:3][H:10])([H:12])[H:13])([H:14])[H:15])[H:17],14.0,11.0
16,0.04039999700727917,AM1BCC,OpenEye,,,H,,17,[H:16][C:7]1([C:6]([C:5]([C:4]([C:9]([C:8]1([H:18])[H:19])([H:20])[H:21])([H:11])[C:2](=[O:1])[O:3][H:10])([H:12])[H:13])([H:14])[H:15])[H:17],14.0,11.0
17,0.045949997823862804,AM1BCC,OpenEye,,,H,,18,[H:16][C:7]1([C:6]([C:5]([C:4]([C:9]([C:8]1([H:18])[H:19])([H:20])[H:21])([H:11])[C:2](=[O:1])[O:3][H:10])([H:12])[H:13])([H:14])[H:15])[H:17],14.0,11.0
18,0.045949997823862804,AM1BCC,OpenEye,,,H,,19,[H:16][C:7]1([C:6]([C:5]([C:4]([C:9]([C:8]1([H:18])[H:19])([H:20])[H:21])([H:11])[C:2](=[O:1])[O:3][H:10])([H:12])[H:13])([H:14])[H:15])[H:17],14.0,11.0
19,0.05349999896827198,AM1BCC,OpenEye,,,H,,20,[H:16][C:7]1([C:6]([C:5]([C:4]([C:9]([C:8]1([H:18])[H:19])([H:20])[H:21])([H:11])[C:2](=[O:1])[O:3][H:10])([H:12])[H:13])([H:14])[H:15])[H:17],14.0,11.0
20,0.05349999896827198,AM1BCC,OpenEye,,,H,,21,[H:16][C:7]1([C:6]([C:5]([C:4]([C:9]([C:8]1([H:18])[H:19])([H:20])[H:21])([H:11])[C:2](=[O:1])[O:3][H:10])([H:12])[H:13])([H:14])[H:15])[H:17],14.0,11.0
0,-0.5509047619047619,AM1BCC,AmberTools,,,O,,1,[H:16][C:7]1([C:6]([C:5]([C:4]([C:9]([C:8]1([H:18])[H:19])([H:20])[H:21])([H:11])[C:2](=[O:1])[O:3][H:10])([H:12])[H:13])([H:14])[H:15])[H:17],14.0,11.0
1,0.6351952380952381,AM1BCC,AmberTools,,,C,,2,[H:16][C:7]1([C:6]([C:5]([C:4]([C:9]([C:8]1([H:18])[H:19])([H:20])[H:21])([H:11])[C:2](=[O:1])[O:3][H:10])([H:12])[H:13])([H:14])[H:15])[H:17],14.0,11.0
2,-0.6120047619047618,AM1BCC,AmberTools,,,O,,3,[H:16][C:7]1([C:6]([C:5]([C:4]([C:9]([C:8]1([H:18])[H:19])([H:20])[H:21])([H:11])[C:2](=[O:1])[O:3][H:10])([H:12])[H:13])([H:14])[H:15])[H:17],14.0,11.0
3,-0.1016047619047619,AM1BCC,AmberTools,,,C,,4,[H:16][C:7]1([C:6]([C:5]([C:4]([C:9]([C:8]1([H:18])[H:19])([H:20])[H:21])([H:11])[C:2](=[O:1])[O:3][H:10])([H:12])[H:13])([H:14])[H:15])[H:17],14.0,11.0
4,-0.07280476190476191,AM1BCC,AmberTools,,,C,,5,[H:16][C:7]1([C:6]([C:5]([C:4]([C:9]([C:8]1([H:18])[H:19])([H:20])[H:21])([H:11])[C:2](=[O:1])[O:3][H:10])([H:12])[H:13])([H:14])[H:15])[H:17],14.0,11.0
5,-0.0753047619047619,AM1BCC,AmberTools,,,C,,6,[H:16][C:7]1([C:6]([C:5]([C:4]([C:9]([C:8]1([H:18])[H:19])([H:20])[H:21])([H:11])[C:2](=[O:1])[O:3][H:10])([H:12])[H:13])([H:14])[H:15])[H:17],14.0,11.0
6,-0.0793047619047619,AM1BCC,AmberTools,,,C,,7,[H:16][C:7]1([C:6]([C:5]([C:4]([C:9]([C:8]1([H:18])[H:19])([H:20])[H:21])([H:11])[C:2](=[O:1])[O:3][H:10])([H:12])[H:13])([H:14])[H:15])[H:17],14.0,11.0
7,-0.0753047619047619,AM1BCC,AmberTools,,,C,,8,[H:16][C:7]1([C:6]([C:5]([C:4]([C:9]([C:8]1([H:18])[H:19])([H:20])[H:21])([H:11])[C:2](=[O:1])[O:3][H:10])([H:12])[H:13])([H:14])[H:15])[H:17],14.0,11.0
8,-0.07280476190476191,AM1BCC,AmberTools,,,C,,9,[H:16][C:7]1([C:6]([C:5]([C:4]([C:9]([C:8]1([H:18])[H:19])([H:20])[H:21])([H:11])[C:2](=[O:1])[O:3][H:10])([H:12])[H:13])([H:14])[H:15])[H:17],14.0,11.0
9,0.4430952380952381,AM1BCC,AmberTools,,,H,,10,[H:16][C:7]1([C:6]([C:5]([C:4]([C:9]([C:8]1([H:18])[H:19])([H:20])[H:21])([H:11])[C:2](=[O:1])[O:3][H:10])([H:12])[H:13])([H:14])[H:15])[H:17],14.0,11.0
10,0.07979523809523809,AM1BCC,AmberTools,,,H,,11,[H:16][C:7]1([C:6]([C:5]([C:4]([C:9]([C:8]1([H:18])[H:19])([H:20])[H:21])([H:11])[C:2](=[O:1])[O:3][H:10])([H:12])[H:13])([H:14])[H:15])[H:17],14.0,11.0
11,0.0557952380952381,AM1BCC,AmberTools,,,H,,12,[H:16][C:7]1([C:6]([C:5]([C:4]([C:9]([C:8]1([H:18])[H:19])([H:20])[H:21])([H:11])[C:2](=[O:1])[O:3][H:10])([H:12])[H:13])([H:14])[H:15])[H:17],14.0,11.0
12,0.0557952380952381,AM1BCC,AmberTools,,,H,,13,[H:16][C:7]1([C:6]([C:5]([C:4]([C:9]([C:8]1([H:18])[H:19])([H:20])[H:21])([H:11])[C:2](=[O:1])[O:3][H:10])([H:12])[H:13])([H:14])[H:15])[H:17],14.0,11.0
13,0.0445452380952381,AM1BCC,AmberTools,,,H,,14,[H:16][C:7]1([C:6]([C:5]([C:4]([C:9]([C:8]1([H:18])[H:19])([H:20])[H:21])([H:11])[C:2](=[O:1])[O:3][H:10])([H:12])[H:13])([H:14])[H:15])[H:17],14.0,11.0
14,0.0445452380952381,AM1BCC,AmberTools,,,H,,15,[H:16][C:7]1([C:6]([C:5]([C:4]([C:9]([C:8]1([H:18])[H:19])([H:20])[H:21])([H:11])[C:2](=[O:1])[O:3][H:10])([H:12])[H:13])([H:14])[H:15])[H:17],14.0,11.0
15,0.0402952380952381,AM1BCC,AmberTools,,,H,,16,[H:16][C:7]1([C:6]([C:5]([C:4]([C:9]([C:8]1([H:18])[H:19])([H:20])[H:21])([H:11])[C:2](=[O:1])[O:3][H:10])([H:12])[H:13])([H:14])[H:15])[H:17],14.0,11.0
16,0.0402952380952381,AM1BCC,AmberTools,,,H,,17,[H:16][C:7]1([C:6]([C:5]([C:4]([C:9]([C:8]1([H:18])[H:19])([H:20])[H:21])([H:11])[C:2](=[O:1])[O:3][H:10])([H:12])[H:13])([H:14])[H:15])[H:17],14.0,11.0
17,0.0445452380952381,AM1BCC,AmberTools,,,H,,18,[H:16][C:7]1([C:6]([C:5]([C:4]([C:9]([C:8]1([H:18])[H:19])([H:20])[H:21])([H:11])[C:2](=[O:1])[O:3][H:10])([H:12])[H:13])([H:14])[H:15])[H:17],14.0,11.0
18,0.0445452380952381,AM1BCC,AmberTools,,,H,,19,[H:16][C:7]1([C:6]([C:5]([C:4]([C:9]([C:8]1([H:18])[H:19])([H:20])[H:21])([H:11])[C:2](=[O:1])[O:3][H:10])([H:12])[H:13])([H:14])[H:15])[H:17],14.0,11.0
19,0.0557952380952381,AM1BCC,AmberTools,,,H,,20,[H:16][C:7]1([C:6]([C:5]([C:4]([C:9]([C:8]1([H:18])[H:19])([H:20])[H:21])([H:11])[C:2](=[O:1])[O:3][H:10])([H:12])[H:13])([H:14])[H:15])[H:17],14.0,11.0
20,0.0557952380952381,AM1BCC,AmberTools,,,H,,21,[H:16][C:7]1([C:6]([C:5]([C:4]([C:9]([C:8]1([H:18])[H:19])([H:20])[H:21])([H:11])[C:2](=[O:1])[O:3][H:10])([H:12])[H:13])([H:14])[H:15])[H:17],14.0,11.0
0,-0.5506200208550408,AM1BCC,OpenEye,,,O,,1,[H:16][C:7]1([C:6]([C:5]([C:4]([C:9]([C:8]1([H:18])[H:19])([H:20])[H:21])([H:11])[C:2](=[O:1])[O:3][H:10])([H:12])[H:13])([H:14])[H:15])[H:17],14.0,12.0
1,0.6331800208205268,AM1BCC,OpenEye,,,C,,2,[H:16][C:7]1([C:6]([C:5]([C:4]([C:9]([C:8]1([H:18])[H:19])([H:20])[H:21])([H:11])[C:2](=[O:1])[O:3][H:10])([H:12])[H:13])([H:14])[H:15])[H:17],14.0,12.0
2,-0.6021599783783868,AM1BCC,OpenEye,,,O,,3,[H:16][C:7]1([C:6]([C:5]([C:4]([C:9]([C:8]1([H:18])[H:19])([H:20])[H:21])([H:11])[C:2](=[O:1])[O:3][H:10])([H:12])[H:13])([H:14])[H:15])[H:17],14.0,12.0
3,-0.10574000470695041,AM1BCC,OpenEye,,,C,,4,[H:16][C:7]1([C:6]([C:5]([C:4]([C:9]([C:8]1([H:18])[H:19])([H:20])[H:21])([H:11])[C:2](=[O:1])[O:3][H:10])([H:12])[H:13])([H:14])[H:15])[H:17],14.0,12.0
4,-0.07000000171718143,AM1BCC,OpenEye,,,C,,5,[H:16][C:7]1([C:6]([C:5]([C:4]([C:9]([C:8]1([H:18])[H:19])([H:20])[H:21])([H:11])[C:2](=[O:1])[O:3][H:10])([H:12])[H:13])([H:14])[H:15])[H:17],14.0,12.0
5,-0.07671000205335163,AM1BCC,OpenEye,,,C,,6,[H:16][C:7]1([C:6]([C:5]([C:4]([C:9]([C:8]1([H:18])[H:19])([H:20])[H:21])([H:11])[C:2](=[O:1])[O:3][H:10])([H:12])[H:13])([H:14])[H:15])[H:17],14.0,12.0
6,-0.07976000152883075,AM1BCC,OpenEye,,,C,,7,[H:16][C:7]1([C:6]([C:5]([C:4]([C:9]([C:8]1([H:18])[H:19])([H:20])[H:21])([H:11])[C:2](=[O:1])[O:3][H:10])([H:12])[H:13])([H:14])[H:15])[H:17],14.0,12.0
7,-0.07671000205335163,AM1BCC,OpenEye,,,C,,8,[H:16][C:7]1([C:6]([C:5]([C:4]([C:9]([C:8]1([H:18])[H:19])([H:20])[H:21])([H:11])[C:2](=[O:1])[O:3][H:10])([H:12])[H:13])([H:14])[H:15])[H:17],14.0,12.0
8,-0.07000000171718143,AM1BCC,OpenEye,,,C,,9,[H:16][C:7]1([C:6]([C:5]([C:4]([C:9]([C:8]1([H:18])[H:19])([H:20])[H:21])([H:11])[C:2](=[O:1])[O:3][H:10])([H:12])[H:13])([H:14])[H:15])[H:17],14.0,12.0
9,0.4415900097006843,AM1BCC,OpenEye,,,H,,10,[H:16][C:7]1([C:6]([C:5]([C:4]([C:9]([C:8]1([H:18])[H:19])([H:20])[H:21])([H:11])[C:2](=[O:1])[O:3][H:10])([H:12])[H:13])([H:14])[H:15])[H:17],14.0,12.0
10,0.07833000130596615,AM1BCC,OpenEye,,,H,,11,[H:16][C:7]1([C:6]([C:5]([C:4]([C:9]([C:8]1([H:18])[H:19])([H:20])[H:21])([H:11])[C:2](=[O:1])[O:3][H:10])([H:12])[H:13])([H:14])[H:15])[H:17],14.0,12.0
11,0.05349999896827198,AM1BCC,OpenEye,,,H,,12,[H:16][C:7]1([C:6]([C:5]([C:4]([C:9]([C:8]1([H:18])[H:19])([H:20])[H:21])([H:11])[C:2](=[O:1])[O:3][H:10])([H:12])[H:13])([H:14])[H:15])[H:17],14.0,12.0
12,0.05349999896827198,AM1BCC,OpenEye,,,H,,13,[H:16][C:7]1([C:6]([C:5]([C:4]([C:9]([C:8]1([H:18])[H:19])([H:20])[H:21])([H:11])[C:2](=[O:1])[O:3][H:10])([H:12])[H:13])([H:14])[H:15])[H:17],14.0,12.0
13,0.045949997823862804,AM1BCC,OpenEye,,,H,,14,[H:16][C:7]1([C:6]([C:5]([C:4]([C:9]([C:8]1([H:18])[H:19])([H:20])[H:21])([H:11])[C:2](=[O:1])[O:3][H:10])([H:12])[H:13])([H:14])[H:15])[H:17],14.0,12.0
14,0.045949997823862804,AM1BCC,OpenEye,,,H,,15,[H:16][C:7]1([C:6]([C:5]([C:4]([C:9]([C:8]1([H:18])[H:19])([H:20])[H:21])([H:11])[C:2](=[O:1])[O:3][H:10])([H:12])[H:13])([H:14])[H:15])[H:17],14.0,12.0
15,0.04039999700727917,AM1BCC,OpenEye,,,H,,16,[H:16][C:7]1([C:6]([C:5]([C:4]([C:9]([C:8]1([H:18])[H:19])([H:20])[H:21])([H:11])[C:2](=[O:1])[O:3][H:10])([H:12])[H:13])([H:14])[H:15])[H:17],14.0,12.0
16,0.04039999700727917,AM1BCC,OpenEye,,,H,,17,[H:16][C:7]1([C:6]([C:5]([C:4]([C:9]([C:8]1([H:18])[H:19])([H:20])[H:21])([H:11])[C:2](=[O:1])[O:3][H:10])([H:12])[H:13])([H:14])[H:15])[H:17],14.0,12.0
17,0.045949997823862804,AM1BCC,OpenEye,,,H,,18,[H:16][C:7]1([C:6]([C:5]([C:4]([C:9]([C:8]1([H:18])[H:19])([H:20])[H:21])([H:11])[C:2](=[O:1])[O:3][H:10])([H:12])[H:13])([H:14])[H:15])[H:17],14.0,12.0
18,0.045949997823862804,AM1BCC,OpenEye,,,H,,19,[H:16][C:7]1([C:6]([C:5]([C:4]([C:9]([C:8]1([H:18])[H:19])([H:20])[H:21])([H:11])[C:2](=[O:1])[O:3][H:10])([H:12])[H:13])([H:14])[H:15])[H:17],14.0,12.0
19,0.05349999896827198,AM1BCC,OpenEye,,,H,,20,[H:16][C:7]1([C:6]([C:5]([C:4]([C:9]([C:8]1([H:18])[H:19])([H:20])[H:21])([H:11])[C:2](=[O:1])[O:3][H:10])([H:12])[H:13])([H:14])[H:15])[H:17],14.0,12.0
20,0.05349999896827198,AM1BCC,OpenEye,,,H,,21,[H:16][C:7]1([C:6]([C:5]([C:4]([C:9]([C:8]1([H:18])[H:19])([H:20])[H:21])([H:11])[C:2](=[O:1])[O:3][H:10])([H:12])[H:13])([H:14])[H:15])[H:17],14.0,12.0
0,-0.5509047619047619,AM1BCC,AmberTools,,,O,,1,[H:16][C:7]1([C:6]([C:5]([C:4]([C:9]([C:8]1([H:18])[H:19])([H:20])[H:21])([H:11])[C:2](=[O:1])[O:3][H:10])([H:12])[H:13])([H:14])[H:15])[H:17],14.0,12.0
1,0.6351952380952381,AM1BCC,AmberTools,,,C,,2,[H:16][C:7]1([C:6]([C:5]([C:4]([C:9]([C:8]1([H:18])[H:19])([H:20])[H:21])([H:11])[C:2](=[O:1])[O:3][H:10])([H:12])[H:13])([H:14])[H:15])[H:17],14.0,12.0
2,-0.6120047619047618,AM1BCC,AmberTools,,,O,,3,[H:16][C:7]1([C:6]([C:5]([C:4]([C:9]([C:8]1([H:18])[H:19])([H:20])[H:21])([H:11])[C:2](=[O:1])[O:3][H:10])([H:12])[H:13])([H:14])[H:15])[H:17],14.0,12.0
3,-0.1016047619047619,AM1BCC,AmberTools,,,C,,4,[H:16][C:7]1([C:6]([C:5]([C:4]([C:9]([C:8]1([H:18])[H:19])([H:20])[H:21])([H:11])[C:2](=[O:1])[O:3][H:10])([H:12])[H:13])([H:14])[H:15])[H:17],14.0,12.0
4,-0.07280476190476191,AM1BCC,AmberTools,,,C,,5,[H:16][C:7]1([C:6]([C:5]([C:4]([C:9]([C:8]1([H:18])[H:19])([H:20])[H:21])([H:11])[C:2](=[O:1])[O:3][H:10])([H:12])[H:13])([H:14])[H:15])[H:17],14.0,12.0
5,-0.0753047619047619,AM1BCC,AmberTools,,,C,,6,[H:16][C:7]1([C:6]([C:5]([C:4]([C:9]([C:8]1([H:18])[H:19])([H:20])[H:21])([H:11])[C:2](=[O:1])[O:3][H:10])([H:12])[H:13])([H:14])[H:15])[H:17],14.0,12.0
6,-0.0793047619047619,AM1BCC,AmberTools,,,C,,7,[H:16][C:7]1([C:6]([C:5]([C:4]([C:9]([C:8]1([H:18])[H:19])([H:20])[H:21])([H:11])[C:2](=[O:1])[O:3][H:10])([H:12])[H:13])([H:14])[H:15])[H:17],14.0,12.0
7,-0.0753047619047619,AM1BCC,AmberTools,,,C,,8,[H:16][C:7]1([C:6]([C:5]([C:4]([C:9]([C:8]1([H:18])[H:19])([H:20])[H:21])([H:11])[C:2](=[O:1])[O:3][H:10])([H:12])[H:13])([H:14])[H:15])[H:17],14.0,12.0
8,-0.07280476190476191,AM1BCC,AmberTools,,,C,,9,[H:16][C:7]1([C:6]([C:5]([C:4]([C:9]([C:8]1([H:18])[H:19])([H:20])[H:21])([H:11])[C:2](=[O:1])[O:3][H:10])([H:12])[H:13])([H:14])[H:15])[H:17],14.0,12.0
9,0.4430952380952381,AM1BCC,AmberTools,,,H,,10,[H:16][C:7]1([C:6]([C:5]([C:4]([C:9]([C:8]1([H:18])[H:19])([H:20])[H:21])([H:11])[C:2](=[O:1])[O:3][H:10])([H:12])[H:13])([H:14])[H:15])[H:17],14.0,12.0
10,0.07979523809523809,AM1BCC,AmberTools,,,H,,11,[H:16][C:7]1([C:6]([C:5]([C:4]([C:9]([C:8]1([H:18])[H:19])([H:20])[H:21])([H:11])[C:2](=[O:1])[O:3][H:10])([H:12])[H:13])([H:14])[H:15])[H:17],14.0,12.0
11,0.0557952380952381,AM1BCC,AmberTools,,,H,,12,[H:16][C:7]1([C:6]([C:5]([C:4]([C:9]([C:8]1([H:18])[H:19])([H:20])[H:21])([H:11])[C:2](=[O:1])[O:3][H:10])([H:12])[H:13])([H:14])[H:15])[H:17],14.0,12.0
12,0.0557952380952381,AM1BCC,AmberTools,,,H,,13,[H:16][C:7]1([C:6]([C:5]([C:4]([C:9]([C:8]1([H:18])[H:19])([H:20])[H:21])([H:11])[C:2](=[O:1])[O:3][H:10])([H:12])[H:13])([H:14])[H:15])[H:17],14.0,12.0
13,0.0445452380952381,AM1BCC,AmberTools,,,H,,14,[H:16][C:7]1([C:6]([C:5]([C:4]([C:9]([C:8]1([H:18])[H:19])([H:20])[H:21])([H:11])[C:2](=[O:1])[O:3][H:10])([H:12])[H:13])([H:14])[H:15])[H:17],14.0,12.0
14,0.0445452380952381,AM1BCC,AmberTools,,,H,,15,[H:16][C:7]1([C:6]([C:5]([C:4]([C:9]([C:8]1([H:18])[H:19])([H:20])[H:21])([H:11])[C:2](=[O:1])[O:3][H:10])([H:12])[H:13])([H:14])[H:15])[H:17],14.0,12.0
15,0.0402952380952381,AM1BCC,AmberTools,,,H,,16,[H:16][C:7]1([C:6]([C:5]([C:4]([C:9]([C:8]1([H:18])[H:19])([H:20])[H:21])([H:11])[C:2](=[O:1])[O:3][H:10])([H:12])[H:13])([H:14])[H:15])[H:17],14.0,12.0
16,0.0402952380952381,AM1BCC,AmberTools,,,H,,17,[H:16][C:7]1([C:6]([C:5]([C:4]([C:9]([C:8]1([H:18])[H:19])([H:20])[H:21])([H:11])[C:2](=[O:1])[O:3][H:10])([H:12])[H:13])([H:14])[H:15])[H:17],14.0,12.0
17,0.0445452380952381,AM1BCC,AmberTools,,,H,,18,[H:16][C:7]1([C:6]([C:5]([C:4]([C:9]([C:8]1([H:18])[H:19])([H:20])[H:21])([H:11])[C:2](=[O:1])[O:3][H:10])([H:12])[H:13])([H:14])[H:15])[H:17],14.0,12.0
18,0.0445452380952381,AM1BCC,AmberTools,,,H,,19,[H:16][C:7]1([C:6]([C:5]([C:4]([C:9]([C:8]1([H:18])[H:19])([H:20])[H:21])([H:11])[C:2](=[O:1])[O:3][H:10])([H:12])[H:13])([H:14])[H:15])[H:17],14.0,12.0
19,0.0557952380952381,AM1BCC,AmberTools,,,H,,20,[H:16][C:7]1([C:6]([C:5]([C:4]([C:9]([C:8]1([H:18])[H:19])([H:20])[H:21])([H:11])[C:2](=[O:1])[O:3][H:10])([H:12])[H:13])([H:14])[H:15])[H:17],14.0,12.0
20,0.0557952380952381,AM1BCC,AmberTools,,,H,,21,[H:16][C:7]1([C:6]([C:5]([C:4]([C:9]([C:8]1([H:18])[H:19])([H:20])[H:21])([H:11])[C:2](=[O:1])[O:3][H:10])([H:12])[H:13])([H:14])[H:15])[H:17],14.0,12.0
0,-0.5521199706764448,AM1BCC,OpenEye,,,O,,1,[H:16][C:7]1([C:6]([C:5]([C:4]([C:9]([C:8]1([H:18])[H:19])([H:20])[H:21])([H:11])[C:2](=[O:1])[O:3][H:10])([H:12])[H:13])([H:14])[H:15])[H:17],15.0,1.0
1,0.6323599811820757,AM1BCC,OpenEye,,,C,,2,[H:16][C:7]1([C:6]([C:5]([C:4]([C:9]([C:8]1([H:18])[H:19])([H:20])[H:21])([H:11])[C:2](=[O:1])[O:3][H:10])([H:12])[H:13])([H:14])[H:15])[H:17],15.0,1.0
2,-0.6017400029869306,AM1BCC,OpenEye,,,O,,3,[H:16][C:7]1([C:6]([C:5]([C:4]([C:9]([C:8]1([H:18])[H:19])([H:20])[H:21])([H:11])[C:2](=[O:1])[O:3][H:10])([H:12])[H:13])([H:14])[H:15])[H:17],15.0,1.0
3,-0.10509000009014494,AM1BCC,OpenEye,,,C,,4,[H:16][C:7]1([C:6]([C:5]([C:4]([C:9]([C:8]1([H:18])[H:19])([H:20])[H:21])([H:11])[C:2](=[O:1])[O:3][H:10])([H:12])[H:13])([H:14])[H:15])[H:17],15.0,1.0
4,-0.07016000187113172,AM1BCC,OpenEye,,,C,,5,[H:16][C:7]1([C:6]([C:5]([C:4]([C:9]([C:8]1([H:18])[H:19])([H:20])[H:21])([H:11])[C:2](=[O:1])[O:3][H:10])([H:12])[H:13])([H:14])[H:15])[H:17],15.0,1.0
5,-0.07670000230982191,AM1BCC,OpenEye,,,C,,6,[H:16][C:7]1([C:6]([C:5]([C:4]([C:9]([C:8]1([H:18])[H:19])([H:20])[H:21])([H:11])[C:2](=[O:1])[O:3][H:10])([H:12])[H:13])([H:14])[H:15])[H:17],15.0,1.0
6,-0.07970999961807615,AM1BCC,OpenEye,,,C,,7,[H:16][C:7]1([C:6]([C:5]([C:4]([C:9]([C:8]1([H:18])[H:19])([H:20])[H:21])([H:11])[C:2](=[O:1])[O:3][H:10])([H:12])[H:13])([H:14])[H:15])[H:17],15.0,1.0
7,-0.07670000230982191,AM1BCC,OpenEye,,,C,,8,[H:16][C:7]1([C:6]([C:5]([C:4]([C:9]([C:8]1([H:18])[H:19])([H:20])[H:21])([H:11])[C:2](=[O:1])[O:3][H:10])([H:12])[H:13])([H:14])[H:15])[H:17],15.0,1.0
8,-0.07016000187113172,AM1BCC,OpenEye,,,C,,9,[H:16][C:7]1([C:6]([C:5]([C:4]([C:9]([C:8]1([H:18])[H:19])([H:20])[H:21])([H:11])[C:2](=[O:1])[O:3][H:10])([H:12])[H:13])([H:14])[H:15])[H:17],15.0,1.0
9,0.442490011098839,AM1BCC,OpenEye,,,H,,10,[H:16][C:7]1([C:6]([C:5]([C:4]([C:9]([C:8]1([H:18])[H:19])([H:20])[H:21])([H:11])[C:2](=[O:1])[O:3][H:10])([H:12])[H:13])([H:14])[H:15])[H:17],15.0,1.0
10,0.07793000304982775,AM1BCC,OpenEye,,,H,,11,[H:16][C:7]1([C:6]([C:5]([C:4]([C:9]([C:8]1([H:18])[H:19])([H:20])[H:21])([H:11])[C:2](=[O:1])[O:3][H:10])([H:12])[H:13])([H:14])[H:15])[H:17],15.0,1.0
11,0.05376999789760226,AM1BCC,OpenEye,,,H,,12,[H:16][C:7]1([C:6]([C:5]([C:4]([C:9]([C:8]1([H:18])[H:19])([H:20])[H:21])([H:11])[C:2](=[O:1])[O:3][H:10])([H:12])[H:13])([H:14])[H:15])[H:17],15.0,1.0
12,0.05376999789760226,AM1BCC,OpenEye,,,H,,13,[H:16][C:7]1([C:6]([C:5]([C:4]([C:9]([C:8]1([H:18])[H:19])([H:20])[H:21])([H:11])[C:2](=[O:1])[O:3][H:10])([H:12])[H:13])([H:14])[H:15])[H:17],15.0,1.0
13,0.04586999827907199,AM1BCC,OpenEye,,,H,,14,[H:16][C:7]1([C:6]([C:5]([C:4]([C:9]([C:8]1([H:18])[H:19])([H:20])[H:21])([H:11])[C:2](=[O:1])[O:3][H:10])([H:12])[H:13])([H:14])[H:15])[H:17],15.0,1.0
14,0.04586999827907199,AM1BCC,OpenEye,,,H,,15,[H:16][C:7]1([C:6]([C:5]([C:4]([C:9]([C:8]1([H:18])[H:19])([H:20])[H:21])([H:11])[C:2](=[O:1])[O:3][H:10])([H:12])[H:13])([H:14])[H:15])[H:17],15.0,1.0
15,0.04052000084803218,AM1BCC,OpenEye,,,H,,16,[H:16][C:7]1([C:6]([C:5]([C:4]([C:9]([C:8]1([H:18])[H:19])([H:20])[H:21])([H:11])[C:2](=[O:1])[O:3][H:10])([H:12])[H:13])([H:14])[H:15])[H:17],15.0,1.0
16,0.04052000084803218,AM1BCC,OpenEye,,,H,,17,[H:16][C:7]1([C:6]([C:5]([C:4]([C:9]([C:8]1([H:18])[H:19])([H:20])[H:21])([H:11])[C:2](=[O:1])[O:3][H:10])([H:12])[H:13])([H:14])[H:15])[H:17],15.0,1.0
17,0.04586999827907199,AM1BCC,OpenEye,,,H,,18,[H:16][C:7]1([C:6]([C:5]([C:4]([C:9]([C:8]1([H:18])[H:19])([H:20])[H:21])([H:11])[C:2](=[O:1])[O:3][H:10])([H:12])[H:13])([H:14])[H:15])[H:17],15.0,1.0
18,0.04586999827907199,AM1BCC,OpenEye,,,H,,19,[H:16][C:7]1([C:6]([C:5]([C:4]([C:9]([C:8]1([H:18])[H:19])([H:20])[H:21])([H:11])[C:2](=[O:1])[O:3][H:10])([H:12])[H:13])([H:14])[H:15])[H:17],15.0,1.0
19,0.05376999789760226,AM1BCC,OpenEye,,,H,,20,[H:16][C:7]1([C:6]([C:5]([C:4]([C:9]([C:8]1([H:18])[H:19])([H:20])[H:21])([H:11])[C:2](=[O:1])[O:3][H:10])([H:12])[H:13])([H:14])[H:15])[H:17],15.0,1.0
20,0.05376999789760226,AM1BCC,OpenEye,,,H,,21,[H:16][C:7]1([C:6]([C:5]([C:4]([C:9]([C:8]1([H:18])[H:19])([H:20])[H:21])([H:11])[C:2](=[O:1])[O:3][H:10])([H:12])[H:13])([H:14])[H:15])[H:17],15.0,1.0
0,-0.5509047619047619,AM1BCC,AmberTools,,,O,,1,[H:16][C:7]1([C:6]([C:5]([C:4]([C:9]([C:8]1([H:18])[H:19])([H:20])[H:21])([H:11])[C:2](=[O:1])[O:3][H:10])([H:12])[H:13])([H:14])[H:15])[H:17],15.0,1.0
1,0.6351952380952381,AM1BCC,AmberTools,,,C,,2,[H:16][C:7]1([C:6]([C:5]([C:4]([C:9]([C:8]1([H:18])[H:19])([H:20])[H:21])([H:11])[C:2](=[O:1])[O:3][H:10])([H:12])[H:13])([H:14])[H:15])[H:17],15.0,1.0
2,-0.6120047619047618,AM1BCC,AmberTools,,,O,,3,[H:16][C:7]1([C:6]([C:5]([C:4]([C:9]([C:8]1([H:18])[H:19])([H:20])[H:21])([H:11])[C:2](=[O:1])[O:3][H:10])([H:12])[H:13])([H:14])[H:15])[H:17],15.0,1.0
3,-0.1016047619047619,AM1BCC,AmberTools,,,C,,4,[H:16][C:7]1([C:6]([C:5]([C:4]([C:9]([C:8]1([H:18])[H:19])([H:20])[H:21])([H:11])[C:2](=[O:1])[O:3][H:10])([H:12])[H:13])([H:14])[H:15])[H:17],15.0,1.0
4,-0.07280476190476191,AM1BCC,AmberTools,,,C,,5,[H:16][C:7]1([C:6]([C:5]([C:4]([C:9]([C:8]1([H:18])[H:19])([H:20])[H:21])([H:11])[C:2](=[O:1])[O:3][H:10])([H:12])[H:13])([H:14])[H:15])[H:17],15.0,1.0
5,-0.0753047619047619,AM1BCC,AmberTools,,,C,,6,[H:16][C:7]1([C:6]([C:5]([C:4]([C:9]([C:8]1([H:18])[H:19])([H:20])[H:21])([H:11])[C:2](=[O:1])[O:3][H:10])([H:12])[H:13])([H:14])[H:15])[H:17],15.0,1.0
6,-0.0793047619047619,AM1BCC,AmberTools,,,C,,7,[H:16][C:7]1([C:6]([C:5]([C:4]([C:9]([C:8]1([H:18])[H:19])([H:20])[H:21])([H:11])[C:2](=[O:1])[O:3][H:10])([H:12])[H:13])([H:14])[H:15])[H:17],15.0,1.0
7,-0.0753047619047619,AM1BCC,AmberTools,,,C,,8,[H:16][C:7]1([C:6]([C:5]([C:4]([C:9]([C:8]1([H:18])[H:19])([H:20])[H:21])([H:11])[C:2](=[O:1])[O:3][H:10])([H:12])[H:13])([H:14])[H:15])[H:17],15.0,1.0
8,-0.07280476190476191,AM1BCC,AmberTools,,,C,,9,[H:16][C:7]1([C:6]([C:5]([C:4]([C:9]([C:8]1([H:18])[H:19])([H:20])[H:21])([H:11])[C:2](=[O:1])[O:3][H:10])([H:12])[H:13])([H:14])[H:15])[H:17],15.0,1.0
9,0.4430952380952381,AM1BCC,AmberTools,,,H,,10,[H:16][C:7]1([C:6]([C:5]([C:4]([C:9]([C:8]1([H:18])[H:19])([H:20])[H:21])([H:11])[C:2](=[O:1])[O:3][H:10])([H:12])[H:13])([H:14])[H:15])[H:17],15.0,1.0
10,0.07979523809523809,AM1BCC,AmberTools,,,H,,11,[H:16][C:7]1([C:6]([C:5]([C:4]([C:9]([C:8]1([H:18])[H:19])([H:20])[H:21])([H:11])[C:2](=[O:1])[O:3][H:10])([H:12])[H:13])([H:14])[H:15])[H:17],15.0,1.0
11,0.0557952380952381,AM1BCC,AmberTools,,,H,,12,[H:16][C:7]1([C:6]([C:5]([C:4]([C:9]([C:8]1([H:18])[H:19])([H:20])[H:21])([H:11])[C:2](=[O:1])[O:3][H:10])([H:12])[H:13])([H:14])[H:15])[H:17],15.0,1.0
12,0.0557952380952381,AM1BCC,AmberTools,,,H,,13,[H:16][C:7]1([C:6]([C:5]([C:4]([C:9]([C:8]1([H:18])[H:19])([H:20])[H:21])([H:11])[C:2](=[O:1])[O:3][H:10])([H:12])[H:13])([H:14])[H:15])[H:17],15.0,1.0
13,0.0445452380952381,AM1BCC,AmberTools,,,H,,14,[H:16][C:7]1([C:6]([C:5]([C:4]([C:9]([C:8]1([H:18])[H:19])([H:20])[H:21])([H:11])[C:2](=[O:1])[O:3][H:10])([H:12])[H:13])([H:14])[H:15])[H:17],15.0,1.0
14,0.0445452380952381,AM1BCC,AmberTools,,,H,,15,[H:16][C:7]1([C:6]([C:5]([C:4]([C:9]([C:8]1([H:18])[H:19])([H:20])[H:21])([H:11])[C:2](=[O:1])[O:3][H:10])([H:12])[H:13])([H:14])[H:15])[H:17],15.0,1.0
15,0.0402952380952381,AM1BCC,AmberTools,,,H,,16,[H:16][C:7]1([C:6]([C:5]([C:4]([C:9]([C:8]1([H:18])[H:19])([H:20])[H:21])([H:11])[C:2](=[O:1])[O:3][H:10])([H:12])[H:13])([H:14])[H:15])[H:17],15.0,1.0
16,0.0402952380952381,AM1BCC,AmberTools,,,H,,17,[H:16][C:7]1([C:6]([C:5]([C:4]([C:9]([C:8]1([H:18])[H:19])([H:20])[H:21])([H:11])[C:2](=[O:1])[O:3][H:10])([H:12])[H:13])([H:14])[H:15])[H:17],15.0,1.0
17,0.0445452380952381,AM1BCC,AmberTools,,,H,,18,[H:16][C:7]1([C:6]([C:5]([C:4]([C:9]([C:8]1([H:18])[H:19])([H:20])[H:21])([H:11])[C:2](=[O:1])[O:3][H:10])([H:12])[H:13])([H:14])[H:15])[H:17],15.0,1.0
18,0.0445452380952381,AM1BCC,AmberTools,,,H,,19,[H:16][C:7]1([C:6]([C:5]([C:4]([C:9]([C:8]1([H:18])[H:19])([H:20])[H:21])([H:11])[C:2](=[O:1])[O:3][H:10])([H:12])[H:13])([H:14])[H:15])[H:17],15.0,1.0
19,0.0557952380952381,AM1BCC,AmberTools,,,H,,20,[H:16][C:7]1([C:6]([C:5]([C:4]([C:9]([C:8]1([H:18])[H:19])([H:20])[H:21])([H:11])[C:2](=[O:1])[O:3][H:10])([H:12])[H:13])([H:14])[H:15])[H:17],15.0,1.0
20,0.0557952380952381,AM1BCC,AmberTools,,,H,,21,[H:16][C:7]1([C:6]([C:5]([C:4]([C:9]([C:8]1([H:18])[H:19])([H:20])[H:21])([H:11])[C:2](=[O:1])[O:3][H:10])([H:12])[H:13])([H:14])[H:15])[H:17],15.0,1.0
0,-0.5521900068436351,AM1BCC,OpenEye,,,O,,1,[H:16][C:7]1([C:6]([C:5]([C:4]([C:9]([C:8]1([H:18])[H:19])([H:20])[H:21])([H:11])[C:2](=[O:1])[O:3][H:10])([H:12])[H:13])([H:14])[H:15])[H:17],15.0,2.0
1,0.6320400227393422,AM1BCC,OpenEye,,,C,,2,[H:16][C:7]1([C:6]([C:5]([C:4]([C:9]([C:8]1([H:18])[H:19])([H:20])[H:21])([H:11])[C:2](=[O:1])[O:3][H:10])([H:12])[H:13])([H:14])[H:15])[H:17],15.0,2.0
2,-0.6017699848328318,AM1BCC,OpenEye,,,O,,3,[H:16][C:7]1([C:6]([C:5]([C:4]([C:9]([C:8]1([H:18])[H:19])([H:20])[H:21])([H:11])[C:2](=[O:1])[O:3][H:10])([H:12])[H:13])([H:14])[H:15])[H:17],15.0,2.0
3,-0.10496000306946891,AM1BCC,OpenEye,,,C,,4,[H:16][C:7]1([C:6]([C:5]([C:4]([C:9]([C:8]1([H:18])[H:19])([H:20])[H:21])([H:11])[C:2](=[O:1])[O:3][H:10])([H:12])[H:13])([H:14])[H:15])[H:17],15.0,2.0
4,-0.07023999946458,AM1BCC,OpenEye,,,C,,5,[H:16][C:7]1([C:6]([C:5]([C:4]([C:9]([C:8]1([H:18])[H:19])([H:20])[H:21])([H:11])[C:2](=[O:1])[O:3][H:10])([H:12])[H:13])([H:14])[H:15])[H:17],15.0,2.0
5,-0.076530003121921,AM1BCC,OpenEye,,,C,,6,[H:16][C:7]1([C:6]([C:5]([C:4]([C:9]([C:8]1([H:18])[H:19])([H:20])[H:21])([H:11])[C:2](=[O:1])[O:3][H:10])([H:12])[H:13])([H:14])[H:15])[H:17],15.0,2.0
6,-0.07962000476462501,AM1BCC,OpenEye,,,C,,7,[H:16][C:7]1([C:6]([C:5]([C:4]([C:9]([C:8]1([H:18])[H:19])([H:20])[H:21])([H:11])[C:2](=[O:1])[O:3][H:10])([H:12])[H:13])([H:14])[H:15])[H:17],15.0,2.0
7,-0.076530003121921,AM1BCC,OpenEye,,,C,,8,[H:16][C:7]1([C:6]([C:5]([C:4]([C:9]([C:8]1([H:18])[H:19])([H:20])[H:21])([H:11])[C:2](=[O:1])[O:3][H:10])([H:12])[H:13])([H:14])[H:15])[H:17],15.0,2.0
8,-0.07023999946458,AM1BCC,OpenEye,,,C,,9,[H:16][C:7]1([C:6]([C:5]([C:4]([C:9]([C:8]1([H:18])[H:19])([H:20])[H:21])([H:11])[C:2](=[O:1])[O:3][H:10])([H:12])[H:13])([H:14])[H:15])[H:17],15.0,2.0
9,0.4425199915255819,AM1BCC,OpenEye,,,H,,10,[H:16][C:7]1([C:6]([C:5]([C:4]([C:9]([C:8]1([H:18])[H:19])([H:20])[H:21])([H:11])[C:2](=[O:1])[O:3][H:10])([H:12])[H:13])([H:14])[H:15])[H:17],15.0,2.0
10,0.07794000101940972,AM1BCC,OpenEye,,,H,,11,[H:16][C:7]1([C:6]([C:5]([C:4]([C:9]([C:8]1([H:18])[H:19])([H:20])[H:21])([H:11])[C:2](=[O:1])[O:3][H:10])([H:12])[H:13])([H:14])[H:15])[H:17],15.0,2.0
11,0.0537200000669275,AM1BCC,OpenEye,,,H,,12,[H:16][C:7]1([C:6]([C:5]([C:4]([C:9]([C:8]1([H:18])[H:19])([H:20])[H:21])([H:11])[C:2](=[O:1])[O:3][H:10])([H:12])[H:13])([H:14])[H:15])[H:17],15.0,2.0
12,0.0537200000669275,AM1BCC,OpenEye,,,H,,13,[H:16][C:7]1([C:6]([C:5]([C:4]([C:9]([C:8]1([H:18])[H:19])([H:20])[H:21])([H:11])[C:2](=[O:1])[O:3][H:10])([H:12])[H:13])([H:14])[H:15])[H:17],15.0,2.0
13,0.04591999841587884,AM1BCC,OpenEye,,,H,,14,[H:16][C:7]1([C:6]([C:5]([C:4]([C:9]([C:8]1([H:18])[H:19])([H:20])[H:21])([H:11])[C:2](=[O:1])[O:3][H:10])([H:12])[H:13])([H:14])[H:15])[H:17],15.0,2.0
14,0.04591999841587884,AM1BCC,OpenEye,,,H,,15,[H:16][C:7]1([C:6]([C:5]([C:4]([C:9]([C:8]1([H:18])[H:19])([H:20])[H:21])([H:11])[C:2](=[O:1])[O:3][H:10])([H:12])[H:13])([H:14])[H:15])[H:17],15.0,2.0
15,0.040509997734001706,AM1BCC,OpenEye,,,H,,16,[H:16][C:7]1([C:6]([C:5]([C:4]([C:9]([C:8]1([H:18])[H:19])([H:20])[H:21])([H:11])[C:2](=[O:1])[O:3][H:10])([H:12])[H:13])([H:14])[H:15])[H:17],15.0,2.0
16,0.040509997734001706,AM1BCC,OpenEye,,,H,,17,[H:16][C:7]1([C:6]([C:5]([C:4]([C:9]([C:8]1([H:18])[H:19])([H:20])[H:21])([H:11])[C:2](=[O:1])[O:3][H:10])([H:12])[H:13])([H:14])[H:15])[H:17],15.0,2.0
17,0.04591999841587884,AM1BCC,OpenEye,,,H,,18,[H:16][C:7]1([C:6]([C:5]([C:4]([C:9]([C:8]1([H:18])[H:19])([H:20])[H:21])([H:11])[C:2](=[O:1])[O:3][H:10])([H:12])[H:13])([H:14])[H:15])[H:17],15.0,2.0
18,0.04591999841587884,AM1BCC,OpenEye,,,H,,19,[H:16][C:7]1([C:6]([C:5]([C:4]([C:9]([C:8]1([H:18])[H:19])([H:20])[H:21])([H:11])[C:2](=[O:1])[O:3][H:10])([H:12])[H:13])([H:14])[H:15])[H:17],15.0,2.0
19,0.0537200000669275,AM1BCC,OpenEye,,,H,,20,[H:16][C:7]1([C:6]([C:5]([C:4]([C:9]([C:8]1([H:18])[H:19])([H:20])[H:21])([H:11])[C:2](=[O:1])[O:3][H:10])([H:12])[H:13])([H:14])[H:15])[H:17],15.0,2.0
20,0.0537200000669275,AM1BCC,OpenEye,,,H,,21,[H:16][C:7]1([C:6]([C:5]([C:4]([C:9]([C:8]1([H:18])[H:19])([H:20])[H:21])([H:11])[C:2](=[O:1])[O:3][H:10])([H:12])[H:13])([H:14])[H:15])[H:17],15.0,2.0
0,-0.5509047619047619,AM1BCC,AmberTools,,,O,,1,[H:16][C:7]1([C:6]([C:5]([C:4]([C:9]([C:8]1([H:18])[H:19])([H:20])[H:21])([H:11])[C:2](=[O:1])[O:3][H:10])([H:12])[H:13])([H:14])[H:15])[H:17],15.0,2.0
1,0.6351952380952381,AM1BCC,AmberTools,,,C,,2,[H:16][C:7]1([C:6]([C:5]([C:4]([C:9]([C:8]1([H:18])[H:19])([H:20])[H:21])([H:11])[C:2](=[O:1])[O:3][H:10])([H:12])[H:13])([H:14])[H:15])[H:17],15.0,2.0
2,-0.6120047619047618,AM1BCC,AmberTools,,,O,,3,[H:16][C:7]1([C:6]([C:5]([C:4]([C:9]([C:8]1([H:18])[H:19])([H:20])[H:21])([H:11])[C:2](=[O:1])[O:3][H:10])([H:12])[H:13])([H:14])[H:15])[H:17],15.0,2.0
3,-0.1016047619047619,AM1BCC,AmberTools,,,C,,4,[H:16][C:7]1([C:6]([C:5]([C:4]([C:9]([C:8]1([H:18])[H:19])([H:20])[H:21])([H:11])[C:2](=[O:1])[O:3][H:10])([H:12])[H:13])([H:14])[H:15])[H:17],15.0,2.0
4,-0.07280476190476191,AM1BCC,AmberTools,,,C,,5,[H:16][C:7]1([C:6]([C:5]([C:4]([C:9]([C:8]1([H:18])[H:19])([H:20])[H:21])([H:11])[C:2](=[O:1])[O:3][H:10])([H:12])[H:13])([H:14])[H:15])[H:17],15.0,2.0
5,-0.0753047619047619,AM1BCC,AmberTools,,,C,,6,[H:16][C:7]1([C:6]([C:5]([C:4]([C:9]([C:8]1([H:18])[H:19])([H:20])[H:21])([H:11])[C:2](=[O:1])[O:3][H:10])([H:12])[H:13])([H:14])[H:15])[H:17],15.0,2.0
6,-0.0793047619047619,AM1BCC,AmberTools,,,C,,7,[H:16][C:7]1([C:6]([C:5]([C:4]([C:9]([C:8]1([H:18])[H:19])([H:20])[H:21])([H:11])[C:2](=[O:1])[O:3][H:10])([H:12])[H:13])([H:14])[H:15])[H:17],15.0,2.0
7,-0.0753047619047619,AM1BCC,AmberTools,,,C,,8,[H:16][C:7]1([C:6]([C:5]([C:4]([C:9]([C:8]1([H:18])[H:19])([H:20])[H:21])([H:11])[C:2](=[O:1])[O:3][H:10])([H:12])[H:13])([H:14])[H:15])[H:17],15.0,2.0
8,-0.07280476190476191,AM1BCC,AmberTools,,,C,,9,[H:16][C:7]1([C:6]([C:5]([C:4]([C:9]([C:8]1([H:18])[H:19])([H:20])[H:21])([H:11])[C:2](=[O:1])[O:3][H:10])([H:12])[H:13])([H:14])[H:15])[H:17],15.0,2.0
9,0.4430952380952381,AM1BCC,AmberTools,,,H,,10,[H:16][C:7]1([C:6]([C:5]([C:4]([C:9]([C:8]1([H:18])[H:19])([H:20])[H:21])([H:11])[C:2](=[O:1])[O:3][H:10])([H:12])[H:13])([H:14])[H:15])[H:17],15.0,2.0
10,0.07979523809523809,AM1BCC,AmberTools,,,H,,11,[H:16][C:7]1([C:6]([C:5]([C:4]([C:9]([C:8]1([H:18])[H:19])([H:20])[H:21])([H:11])[C:2](=[O:1])[O:3][H:10])([H:12])[H:13])([H:14])[H:15])[H:17],15.0,2.0
11,0.0557952380952381,AM1BCC,AmberTools,,,H,,12,[H:16][C:7]1([C:6]([C:5]([C:4]([C:9]([C:8]1([H:18])[H:19])([H:20])[H:21])([H:11])[C:2](=[O:1])[O:3][H:10])([H:12])[H:13])([H:14])[H:15])[H:17],15.0,2.0
12,0.0557952380952381,AM1BCC,AmberTools,,,H,,13,[H:16][C:7]1([C:6]([C:5]([C:4]([C:9]([C:8]1([H:18])[H:19])([H:20])[H:21])([H:11])[C:2](=[O:1])[O:3][H:10])([H:12])[H:13])([H:14])[H:15])[H:17],15.0,2.0
13,0.0445452380952381,AM1BCC,AmberTools,,,H,,14,[H:16][C:7]1([C:6]([C:5]([C:4]([C:9]([C:8]1([H:18])[H:19])([H:20])[H:21])([H:11])[C:2](=[O:1])[O:3][H:10])([H:12])[H:13])([H:14])[H:15])[H:17],15.0,2.0
14,0.0445452380952381,AM1BCC,AmberTools,,,H,,15,[H:16][C:7]1([C:6]([C:5]([C:4]([C:9]([C:8]1([H:18])[H:19])([H:20])[H:21])([H:11])[C:2](=[O:1])[O:3][H:10])([H:12])[H:13])([H:14])[H:15])[H:17],15.0,2.0
15,0.0402952380952381,AM1BCC,AmberTools,,,H,,16,[H:16][C:7]1([C:6]([C:5]([C:4]([C:9]([C:8]1([H:18])[H:19])([H:20])[H:21])([H:11])[C:2](=[O:1])[O:3][H:10])([H:12])[H:13])([H:14])[H:15])[H:17],15.0,2.0
16,0.0402952380952381,AM1BCC,AmberTools,,,H,,17,[H:16][C:7]1([C:6]([C:5]([C:4]([C:9]([C:8]1([H:18])[H:19])([H:20])[H:21])([H:11])[C:2](=[O:1])[O:3][H:10])([H:12])[H:13])([H:14])[H:15])[H:17],15.0,2.0
17,0.0445452380952381,AM1BCC,AmberTools,,,H,,18,[H:16][C:7]1([C:6]([C:5]([C:4]([C:9]([C:8]1([H:18])[H:19])([H:20])[H:21])([H:11])[C:2](=[O:1])[O:3][H:10])([H:12])[H:13])([H:14])[H:15])[H:17],15.0,2.0
18,0.0445452380952381,AM1BCC,AmberTools,,,H,,19,[H:16][C:7]1([C:6]([C:5]([C:4]([C:9]([C:8]1([H:18])[H:19])([H:20])[H:21])([H:11])[C:2](=[O:1])[O:3][H:10])([H:12])[H:13])([H:14])[H:15])[H:17],15.0,2.0
19,0.0557952380952381,AM1BCC,AmberTools,,,H,,20,[H:16][C:7]1([C:6]([C:5]([C:4]([C:9]([C:8]1([H:18])[H:19])([H:20])[H:21])([H:11])[C:2](=[O:1])[O:3][H:10])([H:12])[H:13])([H:14])[H:15])[H:17],15.0,2.0
20,0.0557952380952381,AM1BCC,AmberTools,,,H,,21,[H:16][C:7]1([C:6]([C:5]([C:4]([C:9]([C:8]1([H:18])[H:19])([H:20])[H:21])([H:11])[C:2](=[O:1])[O:3][H:10])([H:12])[H:13])([H:14])[H:15])[H:17],15.0,2.0
0,-0.5521199706764448,AM1BCC,OpenEye,,,O,,1,[H:16][C:7]1([C:6]([C:5]([C:4]([C:9]([C:8]1([H:18])[H:19])([H:20])[H:21])([H:11])[C:2](=[O:1])[O:3][H:10])([H:12])[H:13])([H:14])[H:15])[H:17],15.0,3.0
1,0.6323599811820757,AM1BCC,OpenEye,,,C,,2,[H:16][C:7]1([C:6]([C:5]([C:4]([C:9]([C:8]1([H:18])[H:19])([H:20])[H:21])([H:11])[C:2](=[O:1])[O:3][H:10])([H:12])[H:13])([H:14])[H:15])[H:17],15.0,3.0
2,-0.6017400029869306,AM1BCC,OpenEye,,,O,,3,[H:16][C:7]1([C:6]([C:5]([C:4]([C:9]([C:8]1([H:18])[H:19])([H:20])[H:21])([H:11])[C:2](=[O:1])[O:3][H:10])([H:12])[H:13])([H:14])[H:15])[H:17],15.0,3.0
3,-0.10509000009014494,AM1BCC,OpenEye,,,C,,4,[H:16][C:7]1([C:6]([C:5]([C:4]([C:9]([C:8]1([H:18])[H:19])([H:20])[H:21])([H:11])[C:2](=[O:1])[O:3][H:10])([H:12])[H:13])([H:14])[H:15])[H:17],15.0,3.0
4,-0.07016000187113172,AM1BCC,OpenEye,,,C,,5,[H:16][C:7]1([C:6]([C:5]([C:4]([C:9]([C:8]1([H:18])[H:19])([H:20])[H:21])([H:11])[C:2](=[O:1])[O:3][H:10])([H:12])[H:13])([H:14])[H:15])[H:17],15.0,3.0
5,-0.07670000230982191,AM1BCC,OpenEye,,,C,,6,[H:16][C:7]1([C:6]([C:5]([C:4]([C:9]([C:8]1([H:18])[H:19])([H:20])[H:21])([H:11])[C:2](=[O:1])[O:3][H:10])([H:12])[H:13])([H:14])[H:15])[H:17],15.0,3.0
6,-0.07970999961807615,AM1BCC,OpenEye,,,C,,7,[H:16][C:7]1([C:6]([C:5]([C:4]([C:9]([C:8]1([H:18])[H:19])([H:20])[H:21])([H:11])[C:2](=[O:1])[O:3][H:10])([H:12])[H:13])([H:14])[H:15])[H:17],15.0,3.0
7,-0.07670000230982191,AM1BCC,OpenEye,,,C,,8,[H:16][C:7]1([C:6]([C:5]([C:4]([C:9]([C:8]1([H:18])[H:19])([H:20])[H:21])([H:11])[C:2](=[O:1])[O:3][H:10])([H:12])[H:13])([H:14])[H:15])[H:17],15.0,3.0
8,-0.07016000187113172,AM1BCC,OpenEye,,,C,,9,[H:16][C:7]1([C:6]([C:5]([C:4]([C:9]([C:8]1([H:18])[H:19])([H:20])[H:21])([H:11])[C:2](=[O:1])[O:3][H:10])([H:12])[H:13])([H:14])[H:15])[H:17],15.0,3.0
9,0.442490011098839,AM1BCC,OpenEye,,,H,,10,[H:16][C:7]1([C:6]([C:5]([C:4]([C:9]([C:8]1([H:18])[H:19])([H:20])[H:21])([H:11])[C:2](=[O:1])[O:3][H:10])([H:12])[H:13])([H:14])[H:15])[H:17],15.0,3.0
10,0.07793000304982775,AM1BCC,OpenEye,,,H,,11,[H:16][C:7]1([C:6]([C:5]([C:4]([C:9]([C:8]1([H:18])[H:19])([H:20])[H:21])([H:11])[C:2](=[O:1])[O:3][H:10])([H:12])[H:13])([H:14])[H:15])[H:17],15.0,3.0
11,0.05376999789760226,AM1BCC,OpenEye,,,H,,12,[H:16][C:7]1([C:6]([C:5]([C:4]([C:9]([C:8]1([H:18])[H:19])([H:20])[H:21])([H:11])[C:2](=[O:1])[O:3][H:10])([H:12])[H:13])([H:14])[H:15])[H:17],15.0,3.0
12,0.05376999789760226,AM1BCC,OpenEye,,,H,,13,[H:16][C:7]1([C:6]([C:5]([C:4]([C:9]([C:8]1([H:18])[H:19])([H:20])[H:21])([H:11])[C:2](=[O:1])[O:3][H:10])([H:12])[H:13])([H:14])[H:15])[H:17],15.0,3.0
13,0.04586999827907199,AM1BCC,OpenEye,,,H,,14,[H:16][C:7]1([C:6]([C:5]([C:4]([C:9]([C:8]1([H:18])[H:19])([H:20])[H:21])([H:11])[C:2](=[O:1])[O:3][H:10])([H:12])[H:13])([H:14])[H:15])[H:17],15.0,3.0
14,0.04586999827907199,AM1BCC,OpenEye,,,H,,15,[H:16][C:7]1([C:6]([C:5]([C:4]([C:9]([C:8]1([H:18])[H:19])([H:20])[H:21])([H:11])[C:2](=[O:1])[O:3][H:10])([H:12])[H:13])([H:14])[H:15])[H:17],15.0,3.0
15,0.04052000084803218,AM1BCC,OpenEye,,,H,,16,[H:16][C:7]1([C:6]([C:5]([C:4]([C:9]([C:8]1([H:18])[H:19])([H:20])[H:21])([H:11])[C:2](=[O:1])[O:3][H:10])([H:12])[H:13])([H:14])[H:15])[H:17],15.0,3.0
16,0.04052000084803218,AM1BCC,OpenEye,,,H,,17,[H:16][C:7]1([C:6]([C:5]([C:4]([C:9]([C:8]1([H:18])[H:19])([H:20])[H:21])([H:11])[C:2](=[O:1])[O:3][H:10])([H:12])[H:13])([H:14])[H:15])[H:17],15.0,3.0
17,0.04586999827907199,AM1BCC,OpenEye,,,H,,18,[H:16][C:7]1([C:6]([C:5]([C:4]([C:9]([C:8]1([H:18])[H:19])([H:20])[H:21])([H:11])[C:2](=[O:1])[O:3][H:10])([H:12])[H:13])([H:14])[H:15])[H:17],15.0,3.0
18,0.04586999827907199,AM1BCC,OpenEye,,,H,,19,[H:16][C:7]1([C:6]([C:5]([C:4]([C:9]([C:8]1([H:18])[H:19])([H:20])[H:21])([H:11])[C:2](=[O:1])[O:3][H:10])([H:12])[H:13])([H:14])[H:15])[H:17],15.0,3.0
19,0.05376999789760226,AM1BCC,OpenEye,,,H,,20,[H:16][C:7]1([C:6]([C:5]([C:4]([C:9]([C:8]1([H:18])[H:19])([H:20])[H:21])([H:11])[C:2](=[O:1])[O:3][H:10])([H:12])[H:13])([H:14])[H:15])[H:17],15.0,3.0
20,0.05376999789760226,AM1BCC,OpenEye,,,H,,21,[H:16][C:7]1([C:6]([C:5]([C:4]([C:9]([C:8]1([H:18])[H:19])([H:20])[H:21])([H:11])[C:2](=[O:1])[O:3][H:10])([H:12])[H:13])([H:14])[H:15])[H:17],15.0,3.0
0,-0.5509047619047619,AM1BCC,AmberTools,,,O,,1,[H:16][C:7]1([C:6]([C:5]([C:4]([C:9]([C:8]1([H:18])[H:19])([H:20])[H:21])([H:11])[C:2](=[O:1])[O:3][H:10])([H:12])[H:13])([H:14])[H:15])[H:17],15.0,3.0
1,0.6351952380952381,AM1BCC,AmberTools,,,C,,2,[H:16][C:7]1([C:6]([C:5]([C:4]([C:9]([C:8]1([H:18])[H:19])([H:20])[H:21])([H:11])[C:2](=[O:1])[O:3][H:10])([H:12])[H:13])([H:14])[H:15])[H:17],15.0,3.0
2,-0.6120047619047618,AM1BCC,AmberTools,,,O,,3,[H:16][C:7]1([C:6]([C:5]([C:4]([C:9]([C:8]1([H:18])[H:19])([H:20])[H:21])([H:11])[C:2](=[O:1])[O:3][H:10])([H:12])[H:13])([H:14])[H:15])[H:17],15.0,3.0
3,-0.1016047619047619,AM1BCC,AmberTools,,,C,,4,[H:16][C:7]1([C:6]([C:5]([C:4]([C:9]([C:8]1([H:18])[H:19])([H:20])[H:21])([H:11])[C:2](=[O:1])[O:3][H:10])([H:12])[H:13])([H:14])[H:15])[H:17],15.0,3.0
4,-0.07280476190476191,AM1BCC,AmberTools,,,C,,5,[H:16][C:7]1([C:6]([C:5]([C:4]([C:9]([C:8]1([H:18])[H:19])([H:20])[H:21])([H:11])[C:2](=[O:1])[O:3][H:10])([H:12])[H:13])([H:14])[H:15])[H:17],15.0,3.0
5,-0.0753047619047619,AM1BCC,AmberTools,,,C,,6,[H:16][C:7]1([C:6]([C:5]([C:4]([C:9]([C:8]1([H:18])[H:19])([H:20])[H:21])([H:11])[C:2](=[O:1])[O:3][H:10])([H:12])[H:13])([H:14])[H:15])[H:17],15.0,3.0
6,-0.0793047619047619,AM1BCC,AmberTools,,,C,,7,[H:16][C:7]1([C:6]([C:5]([C:4]([C:9]([C:8]1([H:18])[H:19])([H:20])[H:21])([H:11])[C:2](=[O:1])[O:3][H:10])([H:12])[H:13])([H:14])[H:15])[H:17],15.0,3.0
7,-0.0753047619047619,AM1BCC,AmberTools,,,C,,8,[H:16][C:7]1([C:6]([C:5]([C:4]([C:9]([C:8]1([H:18])[H:19])([H:20])[H:21])([H:11])[C:2](=[O:1])[O:3][H:10])([H:12])[H:13])([H:14])[H:15])[H:17],15.0,3.0
8,-0.07280476190476191,AM1BCC,AmberTools,,,C,,9,[H:16][C:7]1([C:6]([C:5]([C:4]([C:9]([C:8]1([H:18])[H:19])([H:20])[H:21])([H:11])[C:2](=[O:1])[O:3][H:10])([H:12])[H:13])([H:14])[H:15])[H:17],15.0,3.0
9,0.4430952380952381,AM1BCC,AmberTools,,,H,,10,[H:16][C:7]1([C:6]([C:5]([C:4]([C:9]([C:8]1([H:18])[H:19])([H:20])[H:21])([H:11])[C:2](=[O:1])[O:3][H:10])([H:12])[H:13])([H:14])[H:15])[H:17],15.0,3.0
10,0.07979523809523809,AM1BCC,AmberTools,,,H,,11,[H:16][C:7]1([C:6]([C:5]([C:4]([C:9]([C:8]1([H:18])[H:19])([H:20])[H:21])([H:11])[C:2](=[O:1])[O:3][H:10])([H:12])[H:13])([H:14])[H:15])[H:17],15.0,3.0
11,0.0557952380952381,AM1BCC,AmberTools,,,H,,12,[H:16][C:7]1([C:6]([C:5]([C:4]([C:9]([C:8]1([H:18])[H:19])([H:20])[H:21])([H:11])[C:2](=[O:1])[O:3][H:10])([H:12])[H:13])([H:14])[H:15])[H:17],15.0,3.0
12,0.0557952380952381,AM1BCC,AmberTools,,,H,,13,[H:16][C:7]1([C:6]([C:5]([C:4]([C:9]([C:8]1([H:18])[H:19])([H:20])[H:21])([H:11])[C:2](=[O:1])[O:3][H:10])([H:12])[H:13])([H:14])[H:15])[H:17],15.0,3.0
13,0.0445452380952381,AM1BCC,AmberTools,,,H,,14,[H:16][C:7]1([C:6]([C:5]([C:4]([C:9]([C:8]1([H:18])[H:19])([H:20])[H:21])([H:11])[C:2](=[O:1])[O:3][H:10])([H:12])[H:13])([H:14])[H:15])[H:17],15.0,3.0
14,0.0445452380952381,AM1BCC,AmberTools,,,H,,15,[H:16][C:7]1([C:6]([C:5]([C:4]([C:9]([C:8]1([H:18])[H:19])([H:20])[H:21])([H:11])[C:2](=[O:1])[O:3][H:10])([H:12])[H:13])([H:14])[H:15])[H:17],15.0,3.0
15,0.0402952380952381,AM1BCC,AmberTools,,,H,,16,[H:16][C:7]1([C:6]([C:5]([C:4]([C:9]([C:8]1([H:18])[H:19])([H:20])[H:21])([H:11])[C:2](=[O:1])[O:3][H:10])([H:12])[H:13])([H:14])[H:15])[H:17],15.0,3.0
16,0.0402952380952381,AM1BCC,AmberTools,,,H,,17,[H:16][C:7]1([C:6]([C:5]([C:4]([C:9]([C:8]1([H:18])[H:19])([H:20])[H:21])([H:11])[C:2](=[O:1])[O:3][H:10])([H:12])[H:13])([H:14])[H:15])[H:17],15.0,3.0
17,0.0445452380952381,AM1BCC,AmberTools,,,H,,18,[H:16][C:7]1([C:6]([C:5]([C:4]([C:9]([C:8]1([H:18])[H:19])([H:20])[H:21])([H:11])[C:2](=[O:1])[O:3][H:10])([H:12])[H:13])([H:14])[H:15])[H:17],15.0,3.0
18,0.0445452380952381,AM1BCC,AmberTools,,,H,,19,[H:16][C:7]1([C:6]([C:5]([C:4]([C:9]([C:8]1([H:18])[H:19])([H:20])[H:21])([H:11])[C:2](=[O:1])[O:3][H:10])([H:12])[H:13])([H:14])[H:15])[H:17],15.0,3.0
19,0.0557952380952381,AM1BCC,AmberTools,,,H,,20,[H:16][C:7]1([C:6]([C:5]([C:4]([C:9]([C:8]1([H:18])[H:19])([H:20])[H:21])([H:11])[C:2](=[O:1])[O:3][H:10])([H:12])[H:13])([H:14])[H:15])[H:17],15.0,3.0
20,0.0557952380952381,AM1BCC,AmberTools,,,H,,21,[H:16][C:7]1([C:6]([C:5]([C:4]([C:9]([C:8]1([H:18])[H:19])([H:20])[H:21])([H:11])[C:2](=[O:1])[O:3][H:10])([H:12])[H:13])([H:14])[H:15])[H:17],15.0,3.0
0,-0.5521199706764448,AM1BCC,OpenEye,,,O,,1,[H:16][C:7]1([C:6]([C:5]([C:4]([C:9]([C:8]1([H:18])[H:19])([H:20])[H:21])([H:11])[C:2](=[O:1])[O:3][H:10])([H:12])[H:13])([H:14])[H:15])[H:17],15.0,4.0
1,0.6323599811820757,AM1BCC,OpenEye,,,C,,2,[H:16][C:7]1([C:6]([C:5]([C:4]([C:9]([C:8]1([H:18])[H:19])([H:20])[H:21])([H:11])[C:2](=[O:1])[O:3][H:10])([H:12])[H:13])([H:14])[H:15])[H:17],15.0,4.0
2,-0.6017400029869306,AM1BCC,OpenEye,,,O,,3,[H:16][C:7]1([C:6]([C:5]([C:4]([C:9]([C:8]1([H:18])[H:19])([H:20])[H:21])([H:11])[C:2](=[O:1])[O:3][H:10])([H:12])[H:13])([H:14])[H:15])[H:17],15.0,4.0
3,-0.10509000009014494,AM1BCC,OpenEye,,,C,,4,[H:16][C:7]1([C:6]([C:5]([C:4]([C:9]([C:8]1([H:18])[H:19])([H:20])[H:21])([H:11])[C:2](=[O:1])[O:3][H:10])([H:12])[H:13])([H:14])[H:15])[H:17],15.0,4.0
4,-0.07016000187113172,AM1BCC,OpenEye,,,C,,5,[H:16][C:7]1([C:6]([C:5]([C:4]([C:9]([C:8]1([H:18])[H:19])([H:20])[H:21])([H:11])[C:2](=[O:1])[O:3][H:10])([H:12])[H:13])([H:14])[H:15])[H:17],15.0,4.0
5,-0.07670000230982191,AM1BCC,OpenEye,,,C,,6,[H:16][C:7]1([C:6]([C:5]([C:4]([C:9]([C:8]1([H:18])[H:19])([H:20])[H:21])([H:11])[C:2](=[O:1])[O:3][H:10])([H:12])[H:13])([H:14])[H:15])[H:17],15.0,4.0
6,-0.07970999961807615,AM1BCC,OpenEye,,,C,,7,[H:16][C:7]1([C:6]([C:5]([C:4]([C:9]([C:8]1([H:18])[H:19])([H:20])[H:21])([H:11])[C:2](=[O:1])[O:3][H:10])([H:12])[H:13])([H:14])[H:15])[H:17],15.0,4.0
7,-0.07670000230982191,AM1BCC,OpenEye,,,C,,8,[H:16][C:7]1([C:6]([C:5]([C:4]([C:9]([C:8]1([H:18])[H:19])([H:20])[H:21])([H:11])[C:2](=[O:1])[O:3][H:10])([H:12])[H:13])([H:14])[H:15])[H:17],15.0,4.0
8,-0.07016000187113172,AM1BCC,OpenEye,,,C,,9,[H:16][C:7]1([C:6]([C:5]([C:4]([C:9]([C:8]1([H:18])[H:19])([H:20])[H:21])([H:11])[C:2](=[O:1])[O:3][H:10])([H:12])[H:13])([H:14])[H:15])[H:17],15.0,4.0
9,0.442490011098839,AM1BCC,OpenEye,,,H,,10,[H:16][C:7]1([C:6]([C:5]([C:4]([C:9]([C:8]1([H:18])[H:19])([H:20])[H:21])([H:11])[C:2](=[O:1])[O:3][H:10])([H:12])[H:13])([H:14])[H:15])[H:17],15.0,4.0
10,0.07793000304982775,AM1BCC,OpenEye,,,H,,11,[H:16][C:7]1([C:6]([C:5]([C:4]([C:9]([C:8]1([H:18])[H:19])([H:20])[H:21])([H:11])[C:2](=[O:1])[O:3][H:10])([H:12])[H:13])([H:14])[H:15])[H:17],15.0,4.0
11,0.05376999789760226,AM1BCC,OpenEye,,,H,,12,[H:16][C:7]1([C:6]([C:5]([C:4]([C:9]([C:8]1([H:18])[H:19])([H:20])[H:21])([H:11])[C:2](=[O:1])[O:3][H:10])([H:12])[H:13])([H:14])[H:15])[H:17],15.0,4.0
12,0.05376999789760226,AM1BCC,OpenEye,,,H,,13,[H:16][C:7]1([C:6]([C:5]([C:4]([C:9]([C:8]1([H:18])[H:19])([H:20])[H:21])([H:11])[C:2](=[O:1])[O:3][H:10])([H:12])[H:13])([H:14])[H:15])[H:17],15.0,4.0
13,0.04586999827907199,AM1BCC,OpenEye,,,H,,14,[H:16][C:7]1([C:6]([C:5]([C:4]([C:9]([C:8]1([H:18])[H:19])([H:20])[H:21])([H:11])[C:2](=[O:1])[O:3][H:10])([H:12])[H:13])([H:14])[H:15])[H:17],15.0,4.0
14,0.04586999827907199,AM1BCC,OpenEye,,,H,,15,[H:16][C:7]1([C:6]([C:5]([C:4]([C:9]([C:8]1([H:18])[H:19])([H:20])[H:21])([H:11])[C:2](=[O:1])[O:3][H:10])([H:12])[H:13])([H:14])[H:15])[H:17],15.0,4.0
15,0.04052000084803218,AM1BCC,OpenEye,,,H,,16,[H:16][C:7]1([C:6]([C:5]([C:4]([C:9]([C:8]1([H:18])[H:19])([H:20])[H:21])([H:11])[C:2](=[O:1])[O:3][H:10])([H:12])[H:13])([H:14])[H:15])[H:17],15.0,4.0
16,0.04052000084803218,AM1BCC,OpenEye,,,H,,17,[H:16][C:7]1([C:6]([C:5]([C:4]([C:9]([C:8]1([H:18])[H:19])([H:20])[H:21])([H:11])[C:2](=[O:1])[O:3][H:10])([H:12])[H:13])([H:14])[H:15])[H:17],15.0,4.0
17,0.04586999827907199,AM1BCC,OpenEye,,,H,,18,[H:16][C:7]1([C:6]([C:5]([C:4]([C:9]([C:8]1([H:18])[H:19])([H:20])[H:21])([H:11])[C:2](=[O:1])[O:3][H:10])([H:12])[H:13])([H:14])[H:15])[H:17],15.0,4.0
18,0.04586999827907199,AM1BCC,OpenEye,,,H,,19,[H:16][C:7]1([C:6]([C:5]([C:4]([C:9]([C:8]1([H:18])[H:19])([H:20])[H:21])([H:11])[C:2](=[O:1])[O:3][H:10])([H:12])[H:13])([H:14])[H:15])[H:17],15.0,4.0
19,0.05376999789760226,AM1BCC,OpenEye,,,H,,20,[H:16][C:7]1([C:6]([C:5]([C:4]([C:9]([C:8]1([H:18])[H:19])([H:20])[H:21])([H:11])[C:2](=[O:1])[O:3][H:10])([H:12])[H:13])([H:14])[H:15])[H:17],15.0,4.0
20,0.05376999789760226,AM1BCC,OpenEye,,,H,,21,[H:16][C:7]1([C:6]([C:5]([C:4]([C:9]([C:8]1([H:18])[H:19])([H:20])[H:21])([H:11])[C:2](=[O:1])[O:3][H:10])([H:12])[H:13])([H:14])[H:15])[H:17],15.0,4.0
0,-0.5509047619047619,AM1BCC,AmberTools,,,O,,1,[H:16][C:7]1([C:6]([C:5]([C:4]([C:9]([C:8]1([H:18])[H:19])([H:20])[H:21])([H:11])[C:2](=[O:1])[O:3][H:10])([H:12])[H:13])([H:14])[H:15])[H:17],15.0,4.0
1,0.6351952380952381,AM1BCC,AmberTools,,,C,,2,[H:16][C:7]1([C:6]([C:5]([C:4]([C:9]([C:8]1([H:18])[H:19])([H:20])[H:21])([H:11])[C:2](=[O:1])[O:3][H:10])([H:12])[H:13])([H:14])[H:15])[H:17],15.0,4.0
2,-0.6120047619047618,AM1BCC,AmberTools,,,O,,3,[H:16][C:7]1([C:6]([C:5]([C:4]([C:9]([C:8]1([H:18])[H:19])([H:20])[H:21])([H:11])[C:2](=[O:1])[O:3][H:10])([H:12])[H:13])([H:14])[H:15])[H:17],15.0,4.0
3,-0.1016047619047619,AM1BCC,AmberTools,,,C,,4,[H:16][C:7]1([C:6]([C:5]([C:4]([C:9]([C:8]1([H:18])[H:19])([H:20])[H:21])([H:11])[C:2](=[O:1])[O:3][H:10])([H:12])[H:13])([H:14])[H:15])[H:17],15.0,4.0
4,-0.07280476190476191,AM1BCC,AmberTools,,,C,,5,[H:16][C:7]1([C:6]([C:5]([C:4]([C:9]([C:8]1([H:18])[H:19])([H:20])[H:21])([H:11])[C:2](=[O:1])[O:3][H:10])([H:12])[H:13])([H:14])[H:15])[H:17],15.0,4.0
5,-0.0753047619047619,AM1BCC,AmberTools,,,C,,6,[H:16][C:7]1([C:6]([C:5]([C:4]([C:9]([C:8]1([H:18])[H:19])([H:20])[H:21])([H:11])[C:2](=[O:1])[O:3][H:10])([H:12])[H:13])([H:14])[H:15])[H:17],15.0,4.0
6,-0.0793047619047619,AM1BCC,AmberTools,,,C,,7,[H:16][C:7]1([C:6]([C:5]([C:4]([C:9]([C:8]1([H:18])[H:19])([H:20])[H:21])([H:11])[C:2](=[O:1])[O:3][H:10])([H:12])[H:13])([H:14])[H:15])[H:17],15.0,4.0
7,-0.0753047619047619,AM1BCC,AmberTools,,,C,,8,[H:16][C:7]1([C:6]([C:5]([C:4]([C:9]([C:8]1([H:18])[H:19])([H:20])[H:21])([H:11])[C:2](=[O:1])[O:3][H:10])([H:12])[H:13])([H:14])[H:15])[H:17],15.0,4.0
8,-0.07280476190476191,AM1BCC,AmberTools,,,C,,9,[H:16][C:7]1([C:6]([C:5]([C:4]([C:9]([C:8]1([H:18])[H:19])([H:20])[H:21])([H:11])[C:2](=[O:1])[O:3][H:10])([H:12])[H:13])([H:14])[H:15])[H:17],15.0,4.0
9,0.4430952380952381,AM1BCC,AmberTools,,,H,,10,[H:16][C:7]1([C:6]([C:5]([C:4]([C:9]([C:8]1([H:18])[H:19])([H:20])[H:21])([H:11])[C:2](=[O:1])[O:3][H:10])([H:12])[H:13])([H:14])[H:15])[H:17],15.0,4.0
10,0.07979523809523809,AM1BCC,AmberTools,,,H,,11,[H:16][C:7]1([C:6]([C:5]([C:4]([C:9]([C:8]1([H:18])[H:19])([H:20])[H:21])([H:11])[C:2](=[O:1])[O:3][H:10])([H:12])[H:13])([H:14])[H:15])[H:17],15.0,4.0
11,0.0557952380952381,AM1BCC,AmberTools,,,H,,12,[H:16][C:7]1([C:6]([C:5]([C:4]([C:9]([C:8]1([H:18])[H:19])([H:20])[H:21])([H:11])[C:2](=[O:1])[O:3][H:10])([H:12])[H:13])([H:14])[H:15])[H:17],15.0,4.0
12,0.0557952380952381,AM1BCC,AmberTools,,,H,,13,[H:16][C:7]1([C:6]([C:5]([C:4]([C:9]([C:8]1([H:18])[H:19])([H:20])[H:21])([H:11])[C:2](=[O:1])[O:3][H:10])([H:12])[H:13])([H:14])[H:15])[H:17],15.0,4.0
13,0.0445452380952381,AM1BCC,AmberTools,,,H,,14,[H:16][C:7]1([C:6]([C:5]([C:4]([C:9]([C:8]1([H:18])[H:19])([H:20])[H:21])([H:11])[C:2](=[O:1])[O:3][H:10])([H:12])[H:13])([H:14])[H:15])[H:17],15.0,4.0
14,0.0445452380952381,AM1BCC,AmberTools,,,H,,15,[H:16][C:7]1([C:6]([C:5]([C:4]([C:9]([C:8]1([H:18])[H:19])([H:20])[H:21])([H:11])[C:2](=[O:1])[O:3][H:10])([H:12])[H:13])([H:14])[H:15])[H:17],15.0,4.0
15,0.0402952380952381,AM1BCC,AmberTools,,,H,,16,[H:16][C:7]1([C:6]([C:5]([C:4]([C:9]([C:8]1([H:18])[H:19])([H:20])[H:21])([H:11])[C:2](=[O:1])[O:3][H:10])([H:12])[H:13])([H:14])[H:15])[H:17],15.0,4.0
16,0.0402952380952381,AM1BCC,AmberTools,,,H,,17,[H:16][C:7]1([C:6]([C:5]([C:4]([C:9]([C:8]1([H:18])[H:19])([H:20])[H:21])([H:11])[C:2](=[O:1])[O:3][H:10])([H:12])[H:13])([H:14])[H:15])[H:17],15.0,4.0
17,0.0445452380952381,AM1BCC,AmberTools,,,H,,18,[H:16][C:7]1([C:6]([C:5]([C:4]([C:9]([C:8]1([H:18])[H:19])([H:20])[H:21])([H:11])[C:2](=[O:1])[O:3][H:10])([H:12])[H:13])([H:14])[H:15])[H:17],15.0,4.0
18,0.0445452380952381,AM1BCC,AmberTools,,,H,,19,[H:16][C:7]1([C:6]([C:5]([C:4]([C:9]([C:8]1([H:18])[H:19])([H:20])[H:21])([H:11])[C:2](=[O:1])[O:3][H:10])([H:12])[H:13])([H:14])[H:15])[H:17],15.0,4.0
19,0.0557952380952381,AM1BCC,AmberTools,,,H,,20,[H:16][C:7]1([C:6]([C:5]([C:4]([C:9]([C:8]1([H:18])[H:19])([H:20])[H:21])([H:11])[C:2](=[O:1])[O:3][H:10])([H:12])[H:13])([H:14])[H:15])[H:17],15.0,4.0
20,0.0557952380952381,AM1BCC,AmberTools,,,H,,21,[H:16][C:7]1([C:6]([C:5]([C:4]([C:9]([C:8]1([H:18])[H:19])([H:20])[H:21])([H:11])[C:2](=[O:1])[O:3][H:10])([H:12])[H:13])([H:14])[H:15])[H:17],15.0,4.0
0,-0.5521900068436351,AM1BCC,OpenEye,,,O,,1,[H:16][C:7]1([C:6]([C:5]([C:4]([C:9]([C:8]1([H:18])[H:19])([H:20])[H:21])([H:11])[C:2](=[O:1])[O:3][H:10])([H:12])[H:13])([H:14])[H:15])[H:17],15.0,5.0
1,0.6320400227393422,AM1BCC,OpenEye,,,C,,2,[H:16][C:7]1([C:6]([C:5]([C:4]([C:9]([C:8]1([H:18])[H:19])([H:20])[H:21])([H:11])[C:2](=[O:1])[O:3][H:10])([H:12])[H:13])([H:14])[H:15])[H:17],15.0,5.0
2,-0.6017699848328318,AM1BCC,OpenEye,,,O,,3,[H:16][C:7]1([C:6]([C:5]([C:4]([C:9]([C:8]1([H:18])[H:19])([H:20])[H:21])([H:11])[C:2](=[O:1])[O:3][H:10])([H:12])[H:13])([H:14])[H:15])[H:17],15.0,5.0
3,-0.10496000306946891,AM1BCC,OpenEye,,,C,,4,[H:16][C:7]1([C:6]([C:5]([C:4]([C:9]([C:8]1([H:18])[H:19])([H:20])[H:21])([H:11])[C:2](=[O:1])[O:3][H:10])([H:12])[H:13])([H:14])[H:15])[H:17],15.0,5.0
4,-0.07023999946458,AM1BCC,OpenEye,,,C,,5,[H:16][C:7]1([C:6]([C:5]([C:4]([C:9]([C:8]1([H:18])[H:19])([H:20])[H:21])([H:11])[C:2](=[O:1])[O:3][H:10])([H:12])[H:13])([H:14])[H:15])[H:17],15.0,5.0
5,-0.076530003121921,AM1BCC,OpenEye,,,C,,6,[H:16][C:7]1([C:6]([C:5]([C:4]([C:9]([C:8]1([H:18])[H:19])([H:20])[H:21])([H:11])[C:2](=[O:1])[O:3][H:10])([H:12])[H:13])([H:14])[H:15])[H:17],15.0,5.0
6,-0.07962000476462501,AM1BCC,OpenEye,,,C,,7,[H:16][C:7]1([C:6]([C:5]([C:4]([C:9]([C:8]1([H:18])[H:19])([H:20])[H:21])([H:11])[C:2](=[O:1])[O:3][H:10])([H:12])[H:13])([H:14])[H:15])[H:17],15.0,5.0
7,-0.076530003121921,AM1BCC,OpenEye,,,C,,8,[H:16][C:7]1([C:6]([C:5]([C:4]([C:9]([C:8]1([H:18])[H:19])([H:20])[H:21])([H:11])[C:2](=[O:1])[O:3][H:10])([H:12])[H:13])([H:14])[H:15])[H:17],15.0,5.0
8,-0.07023999946458,AM1BCC,OpenEye,,,C,,9,[H:16][C:7]1([C:6]([C:5]([C:4]([C:9]([C:8]1([H:18])[H:19])([H:20])[H:21])([H:11])[C:2](=[O:1])[O:3][H:10])([H:12])[H:13])([H:14])[H:15])[H:17],15.0,5.0
9,0.4425199915255819,AM1BCC,OpenEye,,,H,,10,[H:16][C:7]1([C:6]([C:5]([C:4]([C:9]([C:8]1([H:18])[H:19])([H:20])[H:21])([H:11])[C:2](=[O:1])[O:3][H:10])([H:12])[H:13])([H:14])[H:15])[H:17],15.0,5.0
10,0.07794000101940972,AM1BCC,OpenEye,,,H,,11,[H:16][C:7]1([C:6]([C:5]([C:4]([C:9]([C:8]1([H:18])[H:19])([H:20])[H:21])([H:11])[C:2](=[O:1])[O:3][H:10])([H:12])[H:13])([H:14])[H:15])[H:17],15.0,5.0
11,0.0537200000669275,AM1BCC,OpenEye,,,H,,12,[H:16][C:7]1([C:6]([C:5]([C:4]([C:9]([C:8]1([H:18])[H:19])([H:20])[H:21])([H:11])[C:2](=[O:1])[O:3][H:10])([H:12])[H:13])([H:14])[H:15])[H:17],15.0,5.0
12,0.0537200000669275,AM1BCC,OpenEye,,,H,,13,[H:16][C:7]1([C:6]([C:5]([C:4]([C:9]([C:8]1([H:18])[H:19])([H:20])[H:21])([H:11])[C:2](=[O:1])[O:3][H:10])([H:12])[H:13])([H:14])[H:15])[H:17],15.0,5.0
13,0.04591999841587884,AM1BCC,OpenEye,,,H,,14,[H:16][C:7]1([C:6]([C:5]([C:4]([C:9]([C:8]1([H:18])[H:19])([H:20])[H:21])([H:11])[C:2](=[O:1])[O:3][H:10])([H:12])[H:13])([H:14])[H:15])[H:17],15.0,5.0
14,0.04591999841587884,AM1BCC,OpenEye,,,H,,15,[H:16][C:7]1([C:6]([C:5]([C:4]([C:9]([C:8]1([H:18])[H:19])([H:20])[H:21])([H:11])[C:2](=[O:1])[O:3][H:10])([H:12])[H:13])([H:14])[H:15])[H:17],15.0,5.0
15,0.040509997734001706,AM1BCC,OpenEye,,,H,,16,[H:16][C:7]1([C:6]([C:5]([C:4]([C:9]([C:8]1([H:18])[H:19])([H:20])[H:21])([H:11])[C:2](=[O:1])[O:3][H:10])([H:12])[H:13])([H:14])[H:15])[H:17],15.0,5.0
16,0.040509997734001706,AM1BCC,OpenEye,,,H,,17,[H:16][C:7]1([C:6]([C:5]([C:4]([C:9]([C:8]1([H:18])[H:19])([H:20])[H:21])([H:11])[C:2](=[O:1])[O:3][H:10])([H:12])[H:13])([H:14])[H:15])[H:17],15.0,5.0
17,0.04591999841587884,AM1BCC,OpenEye,,,H,,18,[H:16][C:7]1([C:6]([C:5]([C:4]([C:9]([C:8]1([H:18])[H:19])([H:20])[H:21])([H:11])[C:2](=[O:1])[O:3][H:10])([H:12])[H:13])([H:14])[H:15])[H:17],15.0,5.0
18,0.04591999841587884,AM1BCC,OpenEye,,,H,,19,[H:16][C:7]1([C:6]([C:5]([C:4]([C:9]([C:8]1([H:18])[H:19])([H:20])[H:21])([H:11])[C:2](=[O:1])[O:3][H:10])([H:12])[H:13])([H:14])[H:15])[H:17],15.0,5.0
19,0.0537200000669275,AM1BCC,OpenEye,,,H,,20,[H:16][C:7]1([C:6]([C:5]([C:4]([C:9]([C:8]1([H:18])[H:19])([H:20])[H:21])([H:11])[C:2](=[O:1])[O:3][H:10])([H:12])[H:13])([H:14])[H:15])[H:17],15.0,5.0
20,0.0537200000669275,AM1BCC,OpenEye,,,H,,21,[H:16][C:7]1([C:6]([C:5]([C:4]([C:9]([C:8]1([H:18])[H:19])([H:20])[H:21])([H:11])[C:2](=[O:1])[O:3][H:10])([H:12])[H:13])([H:14])[H:15])[H:17],15.0,5.0
0,-0.5509047619047619,AM1BCC,AmberTools,,,O,,1,[H:16][C:7]1([C:6]([C:5]([C:4]([C:9]([C:8]1([H:18])[H:19])([H:20])[H:21])([H:11])[C:2](=[O:1])[O:3][H:10])([H:12])[H:13])([H:14])[H:15])[H:17],15.0,5.0
1,0.6351952380952381,AM1BCC,AmberTools,,,C,,2,[H:16][C:7]1([C:6]([C:5]([C:4]([C:9]([C:8]1([H:18])[H:19])([H:20])[H:21])([H:11])[C:2](=[O:1])[O:3][H:10])([H:12])[H:13])([H:14])[H:15])[H:17],15.0,5.0
2,-0.6120047619047618,AM1BCC,AmberTools,,,O,,3,[H:16][C:7]1([C:6]([C:5]([C:4]([C:9]([C:8]1([H:18])[H:19])([H:20])[H:21])([H:11])[C:2](=[O:1])[O:3][H:10])([H:12])[H:13])([H:14])[H:15])[H:17],15.0,5.0
3,-0.1016047619047619,AM1BCC,AmberTools,,,C,,4,[H:16][C:7]1([C:6]([C:5]([C:4]([C:9]([C:8]1([H:18])[H:19])([H:20])[H:21])([H:11])[C:2](=[O:1])[O:3][H:10])([H:12])[H:13])([H:14])[H:15])[H:17],15.0,5.0
4,-0.07280476190476191,AM1BCC,AmberTools,,,C,,5,[H:16][C:7]1([C:6]([C:5]([C:4]([C:9]([C:8]1([H:18])[H:19])([H:20])[H:21])([H:11])[C:2](=[O:1])[O:3][H:10])([H:12])[H:13])([H:14])[H:15])[H:17],15.0,5.0
5,-0.0753047619047619,AM1BCC,AmberTools,,,C,,6,[H:16][C:7]1([C:6]([C:5]([C:4]([C:9]([C:8]1([H:18])[H:19])([H:20])[H:21])([H:11])[C:2](=[O:1])[O:3][H:10])([H:12])[H:13])([H:14])[H:15])[H:17],15.0,5.0
6,-0.0793047619047619,AM1BCC,AmberTools,,,C,,7,[H:16][C:7]1([C:6]([C:5]([C:4]([C:9]([C:8]1([H:18])[H:19])([H:20])[H:21])([H:11])[C:2](=[O:1])[O:3][H:10])([H:12])[H:13])([H:14])[H:15])[H:17],15.0,5.0
7,-0.0753047619047619,AM1BCC,AmberTools,,,C,,8,[H:16][C:7]1([C:6]([C:5]([C:4]([C:9]([C:8]1([H:18])[H:19])([H:20])[H:21])([H:11])[C:2](=[O:1])[O:3][H:10])([H:12])[H:13])([H:14])[H:15])[H:17],15.0,5.0
8,-0.07280476190476191,AM1BCC,AmberTools,,,C,,9,[H:16][C:7]1([C:6]([C:5]([C:4]([C:9]([C:8]1([H:18])[H:19])([H:20])[H:21])([H:11])[C:2](=[O:1])[O:3][H:10])([H:12])[H:13])([H:14])[H:15])[H:17],15.0,5.0
9,0.4430952380952381,AM1BCC,AmberTools,,,H,,10,[H:16][C:7]1([C:6]([C:5]([C:4]([C:9]([C:8]1([H:18])[H:19])([H:20])[H:21])([H:11])[C:2](=[O:1])[O:3][H:10])([H:12])[H:13])([H:14])[H:15])[H:17],15.0,5.0
10,0.07979523809523809,AM1BCC,AmberTools,,,H,,11,[H:16][C:7]1([C:6]([C:5]([C:4]([C:9]([C:8]1([H:18])[H:19])([H:20])[H:21])([H:11])[C:2](=[O:1])[O:3][H:10])([H:12])[H:13])([H:14])[H:15])[H:17],15.0,5.0
11,0.0557952380952381,AM1BCC,AmberTools,,,H,,12,[H:16][C:7]1([C:6]([C:5]([C:4]([C:9]([C:8]1([H:18])[H:19])([H:20])[H:21])([H:11])[C:2](=[O:1])[O:3][H:10])([H:12])[H:13])([H:14])[H:15])[H:17],15.0,5.0
12,0.0557952380952381,AM1BCC,AmberTools,,,H,,13,[H:16][C:7]1([C:6]([C:5]([C:4]([C:9]([C:8]1([H:18])[H:19])([H:20])[H:21])([H:11])[C:2](=[O:1])[O:3][H:10])([H:12])[H:13])([H:14])[H:15])[H:17],15.0,5.0
13,0.0445452380952381,AM1BCC,AmberTools,,,H,,14,[H:16][C:7]1([C:6]([C:5]([C:4]([C:9]([C:8]1([H:18])[H:19])([H:20])[H:21])([H:11])[C:2](=[O:1])[O:3][H:10])([H:12])[H:13])([H:14])[H:15])[H:17],15.0,5.0
14,0.0445452380952381,AM1BCC,AmberTools,,,H,,15,[H:16][C:7]1([C:6]([C:5]([C:4]([C:9]([C:8]1([H:18])[H:19])([H:20])[H:21])([H:11])[C:2](=[O:1])[O:3][H:10])([H:12])[H:13])([H:14])[H:15])[H:17],15.0,5.0
15,0.0402952380952381,AM1BCC,AmberTools,,,H,,16,[H:16][C:7]1([C:6]([C:5]([C:4]([C:9]([C:8]1([H:18])[H:19])([H:20])[H:21])([H:11])[C:2](=[O:1])[O:3][H:10])([H:12])[H:13])([H:14])[H:15])[H:17],15.0,5.0
16,0.0402952380952381,AM1BCC,AmberTools,,,H,,17,[H:16][C:7]1([C:6]([C:5]([C:4]([C:9]([C:8]1([H:18])[H:19])([H:20])[H:21])([H:11])[C:2](=[O:1])[O:3][H:10])([H:12])[H:13])([H:14])[H:15])[H:17],15.0,5.0
17,0.0445452380952381,AM1BCC,AmberTools,,,H,,18,[H:16][C:7]1([C:6]([C:5]([C:4]([C:9]([C:8]1([H:18])[H:19])([H:20])[H:21])([H:11])[C:2](=[O:1])[O:3][H:10])([H:12])[H:13])([H:14])[H:15])[H:17],15.0,5.0
18,0.0445452380952381,AM1BCC,AmberTools,,,H,,19,[H:16][C:7]1([C:6]([C:5]([C:4]([C:9]([C:8]1([H:18])[H:19])([H:20])[H:21])([H:11])[C:2](=[O:1])[O:3][H:10])([H:12])[H:13])([H:14])[H:15])[H:17],15.0,5.0
19,0.0557952380952381,AM1BCC,AmberTools,,,H,,20,[H:16][C:7]1([C:6]([C:5]([C:4]([C:9]([C:8]1([H:18])[H:19])([H:20])[H:21])([H:11])[C:2](=[O:1])[O:3][H:10])([H:12])[H:13])([H:14])[H:15])[H:17],15.0,5.0
20,0.0557952380952381,AM1BCC,AmberTools,,,H,,21,[H:16][C:7]1([C:6]([C:5]([C:4]([C:9]([C:8]1([H:18])[H:19])([H:20])[H:21])([H:11])[C:2](=[O:1])[O:3][H:10])([H:12])[H:13])([H:14])[H:15])[H:17],15.0,5.0
0,-0.5521199706764448,AM1BCC,OpenEye,,,O,,1,[H:16][C:7]1([C:6]([C:5]([C:4]([C:9]([C:8]1([H:18])[H:19])([H:20])[H:21])([H:11])[C:2](=[O:1])[O:3][H:10])([H:12])[H:13])([H:14])[H:15])[H:17],15.0,6.0
1,0.6323599811820757,AM1BCC,OpenEye,,,C,,2,[H:16][C:7]1([C:6]([C:5]([C:4]([C:9]([C:8]1([H:18])[H:19])([H:20])[H:21])([H:11])[C:2](=[O:1])[O:3][H:10])([H:12])[H:13])([H:14])[H:15])[H:17],15.0,6.0
2,-0.6017400029869306,AM1BCC,OpenEye,,,O,,3,[H:16][C:7]1([C:6]([C:5]([C:4]([C:9]([C:8]1([H:18])[H:19])([H:20])[H:21])([H:11])[C:2](=[O:1])[O:3][H:10])([H:12])[H:13])([H:14])[H:15])[H:17],15.0,6.0
3,-0.10509000009014494,AM1BCC,OpenEye,,,C,,4,[H:16][C:7]1([C:6]([C:5]([C:4]([C:9]([C:8]1([H:18])[H:19])([H:20])[H:21])([H:11])[C:2](=[O:1])[O:3][H:10])([H:12])[H:13])([H:14])[H:15])[H:17],15.0,6.0
4,-0.07016000187113172,AM1BCC,OpenEye,,,C,,5,[H:16][C:7]1([C:6]([C:5]([C:4]([C:9]([C:8]1([H:18])[H:19])([H:20])[H:21])([H:11])[C:2](=[O:1])[O:3][H:10])([H:12])[H:13])([H:14])[H:15])[H:17],15.0,6.0
5,-0.07670000230982191,AM1BCC,OpenEye,,,C,,6,[H:16][C:7]1([C:6]([C:5]([C:4]([C:9]([C:8]1([H:18])[H:19])([H:20])[H:21])([H:11])[C:2](=[O:1])[O:3][H:10])([H:12])[H:13])([H:14])[H:15])[H:17],15.0,6.0
6,-0.07970999961807615,AM1BCC,OpenEye,,,C,,7,[H:16][C:7]1([C:6]([C:5]([C:4]([C:9]([C:8]1([H:18])[H:19])([H:20])[H:21])([H:11])[C:2](=[O:1])[O:3][H:10])([H:12])[H:13])([H:14])[H:15])[H:17],15.0,6.0
7,-0.07670000230982191,AM1BCC,OpenEye,,,C,,8,[H:16][C:7]1([C:6]([C:5]([C:4]([C:9]([C:8]1([H:18])[H:19])([H:20])[H:21])([H:11])[C:2](=[O:1])[O:3][H:10])([H:12])[H:13])([H:14])[H:15])[H:17],15.0,6.0
8,-0.07016000187113172,AM1BCC,OpenEye,,,C,,9,[H:16][C:7]1([C:6]([C:5]([C:4]([C:9]([C:8]1([H:18])[H:19])([H:20])[H:21])([H:11])[C:2](=[O:1])[O:3][H:10])([H:12])[H:13])([H:14])[H:15])[H:17],15.0,6.0
9,0.442490011098839,AM1BCC,OpenEye,,,H,,10,[H:16][C:7]1([C:6]([C:5]([C:4]([C:9]([C:8]1([H:18])[H:19])([H:20])[H:21])([H:11])[C:2](=[O:1])[O:3][H:10])([H:12])[H:13])([H:14])[H:15])[H:17],15.0,6.0
10,0.07793000304982775,AM1BCC,OpenEye,,,H,,11,[H:16][C:7]1([C:6]([C:5]([C:4]([C:9]([C:8]1([H:18])[H:19])([H:20])[H:21])([H:11])[C:2](=[O:1])[O:3][H:10])([H:12])[H:13])([H:14])[H:15])[H:17],15.0,6.0
11,0.05376999789760226,AM1BCC,OpenEye,,,H,,12,[H:16][C:7]1([C:6]([C:5]([C:4]([C:9]([C:8]1([H:18])[H:19])([H:20])[H:21])([H:11])[C:2](=[O:1])[O:3][H:10])([H:12])[H:13])([H:14])[H:15])[H:17],15.0,6.0
12,0.05376999789760226,AM1BCC,OpenEye,,,H,,13,[H:16][C:7]1([C:6]([C:5]([C:4]([C:9]([C:8]1([H:18])[H:19])([H:20])[H:21])([H:11])[C:2](=[O:1])[O:3][H:10])([H:12])[H:13])([H:14])[H:15])[H:17],15.0,6.0
13,0.04586999827907199,AM1BCC,OpenEye,,,H,,14,[H:16][C:7]1([C:6]([C:5]([C:4]([C:9]([C:8]1([H:18])[H:19])([H:20])[H:21])([H:11])[C:2](=[O:1])[O:3][H:10])([H:12])[H:13])([H:14])[H:15])[H:17],15.0,6.0
14,0.04586999827907199,AM1BCC,OpenEye,,,H,,15,[H:16][C:7]1([C:6]([C:5]([C:4]([C:9]([C:8]1([H:18])[H:19])([H:20])[H:21])([H:11])[C:2](=[O:1])[O:3][H:10])([H:12])[H:13])([H:14])[H:15])[H:17],15.0,6.0
15,0.04052000084803218,AM1BCC,OpenEye,,,H,,16,[H:16][C:7]1([C:6]([C:5]([C:4]([C:9]([C:8]1([H:18])[H:19])([H:20])[H:21])([H:11])[C:2](=[O:1])[O:3][H:10])([H:12])[H:13])([H:14])[H:15])[H:17],15.0,6.0
16,0.04052000084803218,AM1BCC,OpenEye,,,H,,17,[H:16][C:7]1([C:6]([C:5]([C:4]([C:9]([C:8]1([H:18])[H:19])([H:20])[H:21])([H:11])[C:2](=[O:1])[O:3][H:10])([H:12])[H:13])([H:14])[H:15])[H:17],15.0,6.0
17,0.04586999827907199,AM1BCC,OpenEye,,,H,,18,[H:16][C:7]1([C:6]([C:5]([C:4]([C:9]([C:8]1([H:18])[H:19])([H:20])[H:21])([H:11])[C:2](=[O:1])[O:3][H:10])([H:12])[H:13])([H:14])[H:15])[H:17],15.0,6.0
18,0.04586999827907199,AM1BCC,OpenEye,,,H,,19,[H:16][C:7]1([C:6]([C:5]([C:4]([C:9]([C:8]1([H:18])[H:19])([H:20])[H:21])([H:11])[C:2](=[O:1])[O:3][H:10])([H:12])[H:13])([H:14])[H:15])[H:17],15.0,6.0
19,0.05376999789760226,AM1BCC,OpenEye,,,H,,20,[H:16][C:7]1([C:6]([C:5]([C:4]([C:9]([C:8]1([H:18])[H:19])([H:20])[H:21])([H:11])[C:2](=[O:1])[O:3][H:10])([H:12])[H:13])([H:14])[H:15])[H:17],15.0,6.0
20,0.05376999789760226,AM1BCC,OpenEye,,,H,,21,[H:16][C:7]1([C:6]([C:5]([C:4]([C:9]([C:8]1([H:18])[H:19])([H:20])[H:21])([H:11])[C:2](=[O:1])[O:3][H:10])([H:12])[H:13])([H:14])[H:15])[H:17],15.0,6.0
0,-0.5509047619047619,AM1BCC,AmberTools,,,O,,1,[H:16][C:7]1([C:6]([C:5]([C:4]([C:9]([C:8]1([H:18])[H:19])([H:20])[H:21])([H:11])[C:2](=[O:1])[O:3][H:10])([H:12])[H:13])([H:14])[H:15])[H:17],15.0,6.0
1,0.6351952380952381,AM1BCC,AmberTools,,,C,,2,[H:16][C:7]1([C:6]([C:5]([C:4]([C:9]([C:8]1([H:18])[H:19])([H:20])[H:21])([H:11])[C:2](=[O:1])[O:3][H:10])([H:12])[H:13])([H:14])[H:15])[H:17],15.0,6.0
2,-0.6120047619047618,AM1BCC,AmberTools,,,O,,3,[H:16][C:7]1([C:6]([C:5]([C:4]([C:9]([C:8]1([H:18])[H:19])([H:20])[H:21])([H:11])[C:2](=[O:1])[O:3][H:10])([H:12])[H:13])([H:14])[H:15])[H:17],15.0,6.0
3,-0.1016047619047619,AM1BCC,AmberTools,,,C,,4,[H:16][C:7]1([C:6]([C:5]([C:4]([C:9]([C:8]1([H:18])[H:19])([H:20])[H:21])([H:11])[C:2](=[O:1])[O:3][H:10])([H:12])[H:13])([H:14])[H:15])[H:17],15.0,6.0
4,-0.07280476190476191,AM1BCC,AmberTools,,,C,,5,[H:16][C:7]1([C:6]([C:5]([C:4]([C:9]([C:8]1([H:18])[H:19])([H:20])[H:21])([H:11])[C:2](=[O:1])[O:3][H:10])([H:12])[H:13])([H:14])[H:15])[H:17],15.0,6.0
5,-0.0753047619047619,AM1BCC,AmberTools,,,C,,6,[H:16][C:7]1([C:6]([C:5]([C:4]([C:9]([C:8]1([H:18])[H:19])([H:20])[H:21])([H:11])[C:2](=[O:1])[O:3][H:10])([H:12])[H:13])([H:14])[H:15])[H:17],15.0,6.0
6,-0.0793047619047619,AM1BCC,AmberTools,,,C,,7,[H:16][C:7]1([C:6]([C:5]([C:4]([C:9]([C:8]1([H:18])[H:19])([H:20])[H:21])([H:11])[C:2](=[O:1])[O:3][H:10])([H:12])[H:13])([H:14])[H:15])[H:17],15.0,6.0
7,-0.0753047619047619,AM1BCC,AmberTools,,,C,,8,[H:16][C:7]1([C:6]([C:5]([C:4]([C:9]([C:8]1([H:18])[H:19])([H:20])[H:21])([H:11])[C:2](=[O:1])[O:3][H:10])([H:12])[H:13])([H:14])[H:15])[H:17],15.0,6.0
8,-0.07280476190476191,AM1BCC,AmberTools,,,C,,9,[H:16][C:7]1([C:6]([C:5]([C:4]([C:9]([C:8]1([H:18])[H:19])([H:20])[H:21])([H:11])[C:2](=[O:1])[O:3][H:10])([H:12])[H:13])([H:14])[H:15])[H:17],15.0,6.0
9,0.4430952380952381,AM1BCC,AmberTools,,,H,,10,[H:16][C:7]1([C:6]([C:5]([C:4]([C:9]([C:8]1([H:18])[H:19])([H:20])[H:21])([H:11])[C:2](=[O:1])[O:3][H:10])([H:12])[H:13])([H:14])[H:15])[H:17],15.0,6.0
10,0.07979523809523809,AM1BCC,AmberTools,,,H,,11,[H:16][C:7]1([C:6]([C:5]([C:4]([C:9]([C:8]1([H:18])[H:19])([H:20])[H:21])([H:11])[C:2](=[O:1])[O:3][H:10])([H:12])[H:13])([H:14])[H:15])[H:17],15.0,6.0
11,0.0557952380952381,AM1BCC,AmberTools,,,H,,12,[H:16][C:7]1([C:6]([C:5]([C:4]([C:9]([C:8]1([H:18])[H:19])([H:20])[H:21])([H:11])[C:2](=[O:1])[O:3][H:10])([H:12])[H:13])([H:14])[H:15])[H:17],15.0,6.0
12,0.0557952380952381,AM1BCC,AmberTools,,,H,,13,[H:16][C:7]1([C:6]([C:5]([C:4]([C:9]([C:8]1([H:18])[H:19])([H:20])[H:21])([H:11])[C:2](=[O:1])[O:3][H:10])([H:12])[H:13])([H:14])[H:15])[H:17],15.0,6.0
13,0.0445452380952381,AM1BCC,AmberTools,,,H,,14,[H:16][C:7]1([C:6]([C:5]([C:4]([C:9]([C:8]1([H:18])[H:19])([H:20])[H:21])([H:11])[C:2](=[O:1])[O:3][H:10])([H:12])[H:13])([H:14])[H:15])[H:17],15.0,6.0
14,0.0445452380952381,AM1BCC,AmberTools,,,H,,15,[H:16][C:7]1([C:6]([C:5]([C:4]([C:9]([C:8]1([H:18])[H:19])([H:20])[H:21])([H:11])[C:2](=[O:1])[O:3][H:10])([H:12])[H:13])([H:14])[H:15])[H:17],15.0,6.0
15,0.0402952380952381,AM1BCC,AmberTools,,,H,,16,[H:16][C:7]1([C:6]([C:5]([C:4]([C:9]([C:8]1([H:18])[H:19])([H:20])[H:21])([H:11])[C:2](=[O:1])[O:3][H:10])([H:12])[H:13])([H:14])[H:15])[H:17],15.0,6.0
16,0.0402952380952381,AM1BCC,AmberTools,,,H,,17,[H:16][C:7]1([C:6]([C:5]([C:4]([C:9]([C:8]1([H:18])[H:19])([H:20])[H:21])([H:11])[C:2](=[O:1])[O:3][H:10])([H:12])[H:13])([H:14])[H:15])[H:17],15.0,6.0
17,0.0445452380952381,AM1BCC,AmberTools,,,H,,18,[H:16][C:7]1([C:6]([C:5]([C:4]([C:9]([C:8]1([H:18])[H:19])([H:20])[H:21])([H:11])[C:2](=[O:1])[O:3][H:10])([H:12])[H:13])([H:14])[H:15])[H:17],15.0,6.0
18,0.0445452380952381,AM1BCC,AmberTools,,,H,,19,[H:16][C:7]1([C:6]([C:5]([C:4]([C:9]([C:8]1([H:18])[H:19])([H:20])[H:21])([H:11])[C:2](=[O:1])[O:3][H:10])([H:12])[H:13])([H:14])[H:15])[H:17],15.0,6.0
19,0.0557952380952381,AM1BCC,AmberTools,,,H,,20,[H:16][C:7]1([C:6]([C:5]([C:4]([C:9]([C:8]1([H:18])[H:19])([H:20])[H:21])([H:11])[C:2](=[O:1])[O:3][H:10])([H:12])[H:13])([H:14])[H:15])[H:17],15.0,6.0
20,0.0557952380952381,AM1BCC,AmberTools,,,H,,21,[H:16][C:7]1([C:6]([C:5]([C:4]([C:9]([C:8]1([H:18])[H:19])([H:20])[H:21])([H:11])[C:2](=[O:1])[O:3][H:10])([H:12])[H:13])([H:14])[H:15])[H:17],15.0,6.0
0,-0.5521199706764448,AM1BCC,OpenEye,,,O,,1,[H:16][C:7]1([C:6]([C:5]([C:4]([C:9]([C:8]1([H:18])[H:19])([H:20])[H:21])([H:11])[C:2](=[O:1])[O:3][H:10])([H:12])[H:13])([H:14])[H:15])[H:17],15.0,7.0
1,0.6323599811820757,AM1BCC,OpenEye,,,C,,2,[H:16][C:7]1([C:6]([C:5]([C:4]([C:9]([C:8]1([H:18])[H:19])([H:20])[H:21])([H:11])[C:2](=[O:1])[O:3][H:10])([H:12])[H:13])([H:14])[H:15])[H:17],15.0,7.0
2,-0.6017400029869306,AM1BCC,OpenEye,,,O,,3,[H:16][C:7]1([C:6]([C:5]([C:4]([C:9]([C:8]1([H:18])[H:19])([H:20])[H:21])([H:11])[C:2](=[O:1])[O:3][H:10])([H:12])[H:13])([H:14])[H:15])[H:17],15.0,7.0
3,-0.10509000009014494,AM1BCC,OpenEye,,,C,,4,[H:16][C:7]1([C:6]([C:5]([C:4]([C:9]([C:8]1([H:18])[H:19])([H:20])[H:21])([H:11])[C:2](=[O:1])[O:3][H:10])([H:12])[H:13])([H:14])[H:15])[H:17],15.0,7.0
4,-0.07016000187113172,AM1BCC,OpenEye,,,C,,5,[H:16][C:7]1([C:6]([C:5]([C:4]([C:9]([C:8]1([H:18])[H:19])([H:20])[H:21])([H:11])[C:2](=[O:1])[O:3][H:10])([H:12])[H:13])([H:14])[H:15])[H:17],15.0,7.0
5,-0.07670000230982191,AM1BCC,OpenEye,,,C,,6,[H:16][C:7]1([C:6]([C:5]([C:4]([C:9]([C:8]1([H:18])[H:19])([H:20])[H:21])([H:11])[C:2](=[O:1])[O:3][H:10])([H:12])[H:13])([H:14])[H:15])[H:17],15.0,7.0
6,-0.07970999961807615,AM1BCC,OpenEye,,,C,,7,[H:16][C:7]1([C:6]([C:5]([C:4]([C:9]([C:8]1([H:18])[H:19])([H:20])[H:21])([H:11])[C:2](=[O:1])[O:3][H:10])([H:12])[H:13])([H:14])[H:15])[H:17],15.0,7.0
7,-0.07670000230982191,AM1BCC,OpenEye,,,C,,8,[H:16][C:7]1([C:6]([C:5]([C:4]([C:9]([C:8]1([H:18])[H:19])([H:20])[H:21])([H:11])[C:2](=[O:1])[O:3][H:10])([H:12])[H:13])([H:14])[H:15])[H:17],15.0,7.0
8,-0.07016000187113172,AM1BCC,OpenEye,,,C,,9,[H:16][C:7]1([C:6]([C:5]([C:4]([C:9]([C:8]1([H:18])[H:19])([H:20])[H:21])([H:11])[C:2](=[O:1])[O:3][H:10])([H:12])[H:13])([H:14])[H:15])[H:17],15.0,7.0
9,0.442490011098839,AM1BCC,OpenEye,,,H,,10,[H:16][C:7]1([C:6]([C:5]([C:4]([C:9]([C:8]1([H:18])[H:19])([H:20])[H:21])([H:11])[C:2](=[O:1])[O:3][H:10])([H:12])[H:13])([H:14])[H:15])[H:17],15.0,7.0
10,0.07793000304982775,AM1BCC,OpenEye,,,H,,11,[H:16][C:7]1([C:6]([C:5]([C:4]([C:9]([C:8]1([H:18])[H:19])([H:20])[H:21])([H:11])[C:2](=[O:1])[O:3][H:10])([H:12])[H:13])([H:14])[H:15])[H:17],15.0,7.0
11,0.05376999789760226,AM1BCC,OpenEye,,,H,,12,[H:16][C:7]1([C:6]([C:5]([C:4]([C:9]([C:8]1([H:18])[H:19])([H:20])[H:21])([H:11])[C:2](=[O:1])[O:3][H:10])([H:12])[H:13])([H:14])[H:15])[H:17],15.0,7.0
12,0.05376999789760226,AM1BCC,OpenEye,,,H,,13,[H:16][C:7]1([C:6]([C:5]([C:4]([C:9]([C:8]1([H:18])[H:19])([H:20])[H:21])([H:11])[C:2](=[O:1])[O:3][H:10])([H:12])[H:13])([H:14])[H:15])[H:17],15.0,7.0
13,0.04586999827907199,AM1BCC,OpenEye,,,H,,14,[H:16][C:7]1([C:6]([C:5]([C:4]([C:9]([C:8]1([H:18])[H:19])([H:20])[H:21])([H:11])[C:2](=[O:1])[O:3][H:10])([H:12])[H:13])([H:14])[H:15])[H:17],15.0,7.0
14,0.04586999827907199,AM1BCC,OpenEye,,,H,,15,[H:16][C:7]1([C:6]([C:5]([C:4]([C:9]([C:8]1([H:18])[H:19])([H:20])[H:21])([H:11])[C:2](=[O:1])[O:3][H:10])([H:12])[H:13])([H:14])[H:15])[H:17],15.0,7.0
15,0.04052000084803218,AM1BCC,OpenEye,,,H,,16,[H:16][C:7]1([C:6]([C:5]([C:4]([C:9]([C:8]1([H:18])[H:19])([H:20])[H:21])([H:11])[C:2](=[O:1])[O:3][H:10])([H:12])[H:13])([H:14])[H:15])[H:17],15.0,7.0
16,0.04052000084803218,AM1BCC,OpenEye,,,H,,17,[H:16][C:7]1([C:6]([C:5]([C:4]([C:9]([C:8]1([H:18])[H:19])([H:20])[H:21])([H:11])[C:2](=[O:1])[O:3][H:10])([H:12])[H:13])([H:14])[H:15])[H:17],15.0,7.0
17,0.04586999827907199,AM1BCC,OpenEye,,,H,,18,[H:16][C:7]1([C:6]([C:5]([C:4]([C:9]([C:8]1([H:18])[H:19])([H:20])[H:21])([H:11])[C:2](=[O:1])[O:3][H:10])([H:12])[H:13])([H:14])[H:15])[H:17],15.0,7.0
18,0.04586999827907199,AM1BCC,OpenEye,,,H,,19,[H:16][C:7]1([C:6]([C:5]([C:4]([C:9]([C:8]1([H:18])[H:19])([H:20])[H:21])([H:11])[C:2](=[O:1])[O:3][H:10])([H:12])[H:13])([H:14])[H:15])[H:17],15.0,7.0
19,0.05376999789760226,AM1BCC,OpenEye,,,H,,20,[H:16][C:7]1([C:6]([C:5]([C:4]([C:9]([C:8]1([H:18])[H:19])([H:20])[H:21])([H:11])[C:2](=[O:1])[O:3][H:10])([H:12])[H:13])([H:14])[H:15])[H:17],15.0,7.0
20,0.05376999789760226,AM1BCC,OpenEye,,,H,,21,[H:16][C:7]1([C:6]([C:5]([C:4]([C:9]([C:8]1([H:18])[H:19])([H:20])[H:21])([H:11])[C:2](=[O:1])[O:3][H:10])([H:12])[H:13])([H:14])[H:15])[H:17],15.0,7.0
0,-0.550952380952381,AM1BCC,AmberTools,,,O,,1,[H:16][C:7]1([C:6]([C:5]([C:4]([C:9]([C:8]1([H:18])[H:19])([H:20])[H:21])([H:11])[C:2](=[O:1])[O:3][H:10])([H:12])[H:13])([H:14])[H:15])[H:17],15.0,7.0
1,0.6351476190476191,AM1BCC,AmberTools,,,C,,2,[H:16][C:7]1([C:6]([C:5]([C:4]([C:9]([C:8]1([H:18])[H:19])([H:20])[H:21])([H:11])[C:2](=[O:1])[O:3][H:10])([H:12])[H:13])([H:14])[H:15])[H:17],15.0,7.0
2,-0.6120523809523809,AM1BCC,AmberTools,,,O,,3,[H:16][C:7]1([C:6]([C:5]([C:4]([C:9]([C:8]1([H:18])[H:19])([H:20])[H:21])([H:11])[C:2](=[O:1])[O:3][H:10])([H:12])[H:13])([H:14])[H:15])[H:17],15.0,7.0
3,-0.10165238095238095,AM1BCC,AmberTools,,,C,,4,[H:16][C:7]1([C:6]([C:5]([C:4]([C:9]([C:8]1([H:18])[H:19])([H:20])[H:21])([H:11])[C:2](=[O:1])[O:3][H:10])([H:12])[H:13])([H:14])[H:15])[H:17],15.0,7.0
4,-0.07285238095238096,AM1BCC,AmberTools,,,C,,5,[H:16][C:7]1([C:6]([C:5]([C:4]([C:9]([C:8]1([H:18])[H:19])([H:20])[H:21])([H:11])[C:2](=[O:1])[O:3][H:10])([H:12])[H:13])([H:14])[H:15])[H:17],15.0,7.0
5,-0.07535238095238095,AM1BCC,AmberTools,,,C,,6,[H:16][C:7]1([C:6]([C:5]([C:4]([C:9]([C:8]1([H:18])[H:19])([H:20])[H:21])([H:11])[C:2](=[O:1])[O:3][H:10])([H:12])[H:13])([H:14])[H:15])[H:17],15.0,7.0
6,-0.07935238095238095,AM1BCC,AmberTools,,,C,,7,[H:16][C:7]1([C:6]([C:5]([C:4]([C:9]([C:8]1([H:18])[H:19])([H:20])[H:21])([H:11])[C:2](=[O:1])[O:3][H:10])([H:12])[H:13])([H:14])[H:15])[H:17],15.0,7.0
7,-0.07535238095238095,AM1BCC,AmberTools,,,C,,8,[H:16][C:7]1([C:6]([C:5]([C:4]([C:9]([C:8]1([H:18])[H:19])([H:20])[H:21])([H:11])[C:2](=[O:1])[O:3][H:10])([H:12])[H:13])([H:14])[H:15])[H:17],15.0,7.0
8,-0.07285238095238096,AM1BCC,AmberTools,,,C,,9,[H:16][C:7]1([C:6]([C:5]([C:4]([C:9]([C:8]1([H:18])[H:19])([H:20])[H:21])([H:11])[C:2](=[O:1])[O:3][H:10])([H:12])[H:13])([H:14])[H:15])[H:17],15.0,7.0
9,0.4430476190476191,AM1BCC,AmberTools,,,H,,10,[H:16][C:7]1([C:6]([C:5]([C:4]([C:9]([C:8]1([H:18])[H:19])([H:20])[H:21])([H:11])[C:2](=[O:1])[O:3][H:10])([H:12])[H:13])([H:14])[H:15])[H:17],15.0,7.0
10,0.07974761904761904,AM1BCC,AmberTools,,,H,,11,[H:16][C:7]1([C:6]([C:5]([C:4]([C:9]([C:8]1([H:18])[H:19])([H:20])[H:21])([H:11])[C:2](=[O:1])[O:3][H:10])([H:12])[H:13])([H:14])[H:15])[H:17],15.0,7.0
11,0.055997619047619046,AM1BCC,AmberTools,,,H,,12,[H:16][C:7]1([C:6]([C:5]([C:4]([C:9]([C:8]1([H:18])[H:19])([H:20])[H:21])([H:11])[C:2](=[O:1])[O:3][H:10])([H:12])[H:13])([H:14])[H:15])[H:17],15.0,7.0
12,0.055997619047619046,AM1BCC,AmberTools,,,H,,13,[H:16][C:7]1([C:6]([C:5]([C:4]([C:9]([C:8]1([H:18])[H:19])([H:20])[H:21])([H:11])[C:2](=[O:1])[O:3][H:10])([H:12])[H:13])([H:14])[H:15])[H:17],15.0,7.0
13,0.04449761904761905,AM1BCC,AmberTools,,,H,,14,[H:16][C:7]1([C:6]([C:5]([C:4]([C:9]([C:8]1([H:18])[H:19])([H:20])[H:21])([H:11])[C:2](=[O:1])[O:3][H:10])([H:12])[H:13])([H:14])[H:15])[H:17],15.0,7.0
14,0.04449761904761905,AM1BCC,AmberTools,,,H,,15,[H:16][C:7]1([C:6]([C:5]([C:4]([C:9]([C:8]1([H:18])[H:19])([H:20])[H:21])([H:11])[C:2](=[O:1])[O:3][H:10])([H:12])[H:13])([H:14])[H:15])[H:17],15.0,7.0
15,0.040247619047619046,AM1BCC,AmberTools,,,H,,16,[H:16][C:7]1([C:6]([C:5]([C:4]([C:9]([C:8]1([H:18])[H:19])([H:20])[H:21])([H:11])[C:2](=[O:1])[O:3][H:10])([H:12])[H:13])([H:14])[H:15])[H:17],15.0,7.0
16,0.040247619047619046,AM1BCC,AmberTools,,,H,,17,[H:16][C:7]1([C:6]([C:5]([C:4]([C:9]([C:8]1([H:18])[H:19])([H:20])[H:21])([H:11])[C:2](=[O:1])[O:3][H:10])([H:12])[H:13])([H:14])[H:15])[H:17],15.0,7.0
17,0.04449761904761905,AM1BCC,AmberTools,,,H,,18,[H:16][C:7]1([C:6]([C:5]([C:4]([C:9]([C:8]1([H:18])[H:19])([H:20])[H:21])([H:11])[C:2](=[O:1])[O:3][H:10])([H:12])[H:13])([H:14])[H:15])[H:17],15.0,7.0
18,0.04449761904761905,AM1BCC,AmberTools,,,H,,19,[H:16][C:7]1([C:6]([C:5]([C:4]([C:9]([C:8]1([H:18])[H:19])([H:20])[H:21])([H:11])[C:2](=[O:1])[O:3][H:10])([H:12])[H:13])([H:14])[H:15])[H:17],15.0,7.0
19,0.055997619047619046,AM1BCC,AmberTools,,,H,,20,[H:16][C:7]1([C:6]([C:5]([C:4]([C:9]([C:8]1([H:18])[H:19])([H:20])[H:21])([H:11])[C:2](=[O:1])[O:3][H:10])([H:12])[H:13])([H:14])[H:15])[H:17],15.0,7.0
20,0.055997619047619046,AM1BCC,AmberTools,,,H,,21,[H:16][C:7]1([C:6]([C:5]([C:4]([C:9]([C:8]1([H:18])[H:19])([H:20])[H:21])([H:11])[C:2](=[O:1])[O:3][H:10])([H:12])[H:13])([H:14])[H:15])[H:17],15.0,7.0
0,-0.5521900068436351,AM1BCC,OpenEye,,,O,,1,[H:16][C:7]1([C:6]([C:5]([C:4]([C:9]([C:8]1([H:18])[H:19])([H:20])[H:21])([H:11])[C:2](=[O:1])[O:3][H:10])([H:12])[H:13])([H:14])[H:15])[H:17],15.0,8.0
1,0.6320400227393422,AM1BCC,OpenEye,,,C,,2,[H:16][C:7]1([C:6]([C:5]([C:4]([C:9]([C:8]1([H:18])[H:19])([H:20])[H:21])([H:11])[C:2](=[O:1])[O:3][H:10])([H:12])[H:13])([H:14])[H:15])[H:17],15.0,8.0
2,-0.6017699848328318,AM1BCC,OpenEye,,,O,,3,[H:16][C:7]1([C:6]([C:5]([C:4]([C:9]([C:8]1([H:18])[H:19])([H:20])[H:21])([H:11])[C:2](=[O:1])[O:3][H:10])([H:12])[H:13])([H:14])[H:15])[H:17],15.0,8.0
3,-0.10496000306946891,AM1BCC,OpenEye,,,C,,4,[H:16][C:7]1([C:6]([C:5]([C:4]([C:9]([C:8]1([H:18])[H:19])([H:20])[H:21])([H:11])[C:2](=[O:1])[O:3][H:10])([H:12])[H:13])([H:14])[H:15])[H:17],15.0,8.0
4,-0.07023999946458,AM1BCC,OpenEye,,,C,,5,[H:16][C:7]1([C:6]([C:5]([C:4]([C:9]([C:8]1([H:18])[H:19])([H:20])[H:21])([H:11])[C:2](=[O:1])[O:3][H:10])([H:12])[H:13])([H:14])[H:15])[H:17],15.0,8.0
5,-0.076530003121921,AM1BCC,OpenEye,,,C,,6,[H:16][C:7]1([C:6]([C:5]([C:4]([C:9]([C:8]1([H:18])[H:19])([H:20])[H:21])([H:11])[C:2](=[O:1])[O:3][H:10])([H:12])[H:13])([H:14])[H:15])[H:17],15.0,8.0
6,-0.07962000476462501,AM1BCC,OpenEye,,,C,,7,[H:16][C:7]1([C:6]([C:5]([C:4]([C:9]([C:8]1([H:18])[H:19])([H:20])[H:21])([H:11])[C:2](=[O:1])[O:3][H:10])([H:12])[H:13])([H:14])[H:15])[H:17],15.0,8.0
7,-0.076530003121921,AM1BCC,OpenEye,,,C,,8,[H:16][C:7]1([C:6]([C:5]([C:4]([C:9]([C:8]1([H:18])[H:19])([H:20])[H:21])([H:11])[C:2](=[O:1])[O:3][H:10])([H:12])[H:13])([H:14])[H:15])[H:17],15.0,8.0
8,-0.07023999946458,AM1BCC,OpenEye,,,C,,9,[H:16][C:7]1([C:6]([C:5]([C:4]([C:9]([C:8]1([H:18])[H:19])([H:20])[H:21])([H:11])[C:2](=[O:1])[O:3][H:10])([H:12])[H:13])([H:14])[H:15])[H:17],15.0,8.0
9,0.4425199915255819,AM1BCC,OpenEye,,,H,,10,[H:16][C:7]1([C:6]([C:5]([C:4]([C:9]([C:8]1([H:18])[H:19])([H:20])[H:21])([H:11])[C:2](=[O:1])[O:3][H:10])([H:12])[H:13])([H:14])[H:15])[H:17],15.0,8.0
10,0.07794000101940972,AM1BCC,OpenEye,,,H,,11,[H:16][C:7]1([C:6]([C:5]([C:4]([C:9]([C:8]1([H:18])[H:19])([H:20])[H:21])([H:11])[C:2](=[O:1])[O:3][H:10])([H:12])[H:13])([H:14])[H:15])[H:17],15.0,8.0
11,0.0537200000669275,AM1BCC,OpenEye,,,H,,12,[H:16][C:7]1([C:6]([C:5]([C:4]([C:9]([C:8]1([H:18])[H:19])([H:20])[H:21])([H:11])[C:2](=[O:1])[O:3][H:10])([H:12])[H:13])([H:14])[H:15])[H:17],15.0,8.0
12,0.0537200000669275,AM1BCC,OpenEye,,,H,,13,[H:16][C:7]1([C:6]([C:5]([C:4]([C:9]([C:8]1([H:18])[H:19])([H:20])[H:21])([H:11])[C:2](=[O:1])[O:3][H:10])([H:12])[H:13])([H:14])[H:15])[H:17],15.0,8.0
13,0.04591999841587884,AM1BCC,OpenEye,,,H,,14,[H:16][C:7]1([C:6]([C:5]([C:4]([C:9]([C:8]1([H:18])[H:19])([H:20])[H:21])([H:11])[C:2](=[O:1])[O:3][H:10])([H:12])[H:13])([H:14])[H:15])[H:17],15.0,8.0
14,0.04591999841587884,AM1BCC,OpenEye,,,H,,15,[H:16][C:7]1([C:6]([C:5]([C:4]([C:9]([C:8]1([H:18])[H:19])([H:20])[H:21])([H:11])[C:2](=[O:1])[O:3][H:10])([H:12])[H:13])([H:14])[H:15])[H:17],15.0,8.0
15,0.040509997734001706,AM1BCC,OpenEye,,,H,,16,[H:16][C:7]1([C:6]([C:5]([C:4]([C:9]([C:8]1([H:18])[H:19])([H:20])[H:21])([H:11])[C:2](=[O:1])[O:3][H:10])([H:12])[H:13])([H:14])[H:15])[H:17],15.0,8.0
16,0.040509997734001706,AM1BCC,OpenEye,,,H,,17,[H:16][C:7]1([C:6]([C:5]([C:4]([C:9]([C:8]1([H:18])[H:19])([H:20])[H:21])([H:11])[C:2](=[O:1])[O:3][H:10])([H:12])[H:13])([H:14])[H:15])[H:17],15.0,8.0
17,0.04591999841587884,AM1BCC,OpenEye,,,H,,18,[H:16][C:7]1([C:6]([C:5]([C:4]([C:9]([C:8]1([H:18])[H:19])([H:20])[H:21])([H:11])[C:2](=[O:1])[O:3][H:10])([H:12])[H:13])([H:14])[H:15])[H:17],15.0,8.0
18,0.04591999841587884,AM1BCC,OpenEye,,,H,,19,[H:16][C:7]1([C:6]([C:5]([C:4]([C:9]([C:8]1([H:18])[H:19])([H:20])[H:21])([H:11])[C:2](=[O:1])[O:3][H:10])([H:12])[H:13])([H:14])[H:15])[H:17],15.0,8.0
19,0.0537200000669275,AM1BCC,OpenEye,,,H,,20,[H:16][C:7]1([C:6]([C:5]([C:4]([C:9]([C:8]1([H:18])[H:19])([H:20])[H:21])([H:11])[C:2](=[O:1])[O:3][H:10])([H:12])[H:13])([H:14])[H:15])[H:17],15.0,8.0
20,0.0537200000669275,AM1BCC,OpenEye,,,H,,21,[H:16][C:7]1([C:6]([C:5]([C:4]([C:9]([C:8]1([H:18])[H:19])([H:20])[H:21])([H:11])[C:2](=[O:1])[O:3][H:10])([H:12])[H:13])([H:14])[H:15])[H:17],15.0,8.0
0,-0.550952380952381,AM1BCC,AmberTools,,,O,,1,[H:16][C:7]1([C:6]([C:5]([C:4]([C:9]([C:8]1([H:18])[H:19])([H:20])[H:21])([H:11])[C:2](=[O:1])[O:3][H:10])([H:12])[H:13])([H:14])[H:15])[H:17],15.0,8.0
1,0.6351476190476191,AM1BCC,AmberTools,,,C,,2,[H:16][C:7]1([C:6]([C:5]([C:4]([C:9]([C:8]1([H:18])[H:19])([H:20])[H:21])([H:11])[C:2](=[O:1])[O:3][H:10])([H:12])[H:13])([H:14])[H:15])[H:17],15.0,8.0
2,-0.6120523809523809,AM1BCC,AmberTools,,,O,,3,[H:16][C:7]1([C:6]([C:5]([C:4]([C:9]([C:8]1([H:18])[H:19])([H:20])[H:21])([H:11])[C:2](=[O:1])[O:3][H:10])([H:12])[H:13])([H:14])[H:15])[H:17],15.0,8.0
3,-0.10165238095238095,AM1BCC,AmberTools,,,C,,4,[H:16][C:7]1([C:6]([C:5]([C:4]([C:9]([C:8]1([H:18])[H:19])([H:20])[H:21])([H:11])[C:2](=[O:1])[O:3][H:10])([H:12])[H:13])([H:14])[H:15])[H:17],15.0,8.0
4,-0.07285238095238096,AM1BCC,AmberTools,,,C,,5,[H:16][C:7]1([C:6]([C:5]([C:4]([C:9]([C:8]1([H:18])[H:19])([H:20])[H:21])([H:11])[C:2](=[O:1])[O:3][H:10])([H:12])[H:13])([H:14])[H:15])[H:17],15.0,8.0
5,-0.07535238095238095,AM1BCC,AmberTools,,,C,,6,[H:16][C:7]1([C:6]([C:5]([C:4]([C:9]([C:8]1([H:18])[H:19])([H:20])[H:21])([H:11])[C:2](=[O:1])[O:3][H:10])([H:12])[H:13])([H:14])[H:15])[H:17],15.0,8.0
6,-0.07935238095238095,AM1BCC,AmberTools,,,C,,7,[H:16][C:7]1([C:6]([C:5]([C:4]([C:9]([C:8]1([H:18])[H:19])([H:20])[H:21])([H:11])[C:2](=[O:1])[O:3][H:10])([H:12])[H:13])([H:14])[H:15])[H:17],15.0,8.0
7,-0.07535238095238095,AM1BCC,AmberTools,,,C,,8,[H:16][C:7]1([C:6]([C:5]([C:4]([C:9]([C:8]1([H:18])[H:19])([H:20])[H:21])([H:11])[C:2](=[O:1])[O:3][H:10])([H:12])[H:13])([H:14])[H:15])[H:17],15.0,8.0
8,-0.07285238095238096,AM1BCC,AmberTools,,,C,,9,[H:16][C:7]1([C:6]([C:5]([C:4]([C:9]([C:8]1([H:18])[H:19])([H:20])[H:21])([H:11])[C:2](=[O:1])[O:3][H:10])([H:12])[H:13])([H:14])[H:15])[H:17],15.0,8.0
9,0.4430476190476191,AM1BCC,AmberTools,,,H,,10,[H:16][C:7]1([C:6]([C:5]([C:4]([C:9]([C:8]1([H:18])[H:19])([H:20])[H:21])([H:11])[C:2](=[O:1])[O:3][H:10])([H:12])[H:13])([H:14])[H:15])[H:17],15.0,8.0
10,0.07974761904761904,AM1BCC,AmberTools,,,H,,11,[H:16][C:7]1([C:6]([C:5]([C:4]([C:9]([C:8]1([H:18])[H:19])([H:20])[H:21])([H:11])[C:2](=[O:1])[O:3][H:10])([H:12])[H:13])([H:14])[H:15])[H:17],15.0,8.0
11,0.055997619047619046,AM1BCC,AmberTools,,,H,,12,[H:16][C:7]1([C:6]([C:5]([C:4]([C:9]([C:8]1([H:18])[H:19])([H:20])[H:21])([H:11])[C:2](=[O:1])[O:3][H:10])([H:12])[H:13])([H:14])[H:15])[H:17],15.0,8.0
12,0.055997619047619046,AM1BCC,AmberTools,,,H,,13,[H:16][C:7]1([C:6]([C:5]([C:4]([C:9]([C:8]1([H:18])[H:19])([H:20])[H:21])([H:11])[C:2](=[O:1])[O:3][H:10])([H:12])[H:13])([H:14])[H:15])[H:17],15.0,8.0
13,0.04449761904761905,AM1BCC,AmberTools,,,H,,14,[H:16][C:7]1([C:6]([C:5]([C:4]([C:9]([C:8]1([H:18])[H:19])([H:20])[H:21])([H:11])[C:2](=[O:1])[O:3][H:10])([H:12])[H:13])([H:14])[H:15])[H:17],15.0,8.0
14,0.04449761904761905,AM1BCC,AmberTools,,,H,,15,[H:16][C:7]1([C:6]([C:5]([C:4]([C:9]([C:8]1([H:18])[H:19])([H:20])[H:21])([H:11])[C:2](=[O:1])[O:3][H:10])([H:12])[H:13])([H:14])[H:15])[H:17],15.0,8.0
15,0.040247619047619046,AM1BCC,AmberTools,,,H,,16,[H:16][C:7]1([C:6]([C:5]([C:4]([C:9]([C:8]1([H:18])[H:19])([H:20])[H:21])([H:11])[C:2](=[O:1])[O:3][H:10])([H:12])[H:13])([H:14])[H:15])[H:17],15.0,8.0
16,0.040247619047619046,AM1BCC,AmberTools,,,H,,17,[H:16][C:7]1([C:6]([C:5]([C:4]([C:9]([C:8]1([H:18])[H:19])([H:20])[H:21])([H:11])[C:2](=[O:1])[O:3][H:10])([H:12])[H:13])([H:14])[H:15])[H:17],15.0,8.0
17,0.04449761904761905,AM1BCC,AmberTools,,,H,,18,[H:16][C:7]1([C:6]([C:5]([C:4]([C:9]([C:8]1([H:18])[H:19])([H:20])[H:21])([H:11])[C:2](=[O:1])[O:3][H:10])([H:12])[H:13])([H:14])[H:15])[H:17],15.0,8.0
18,0.04449761904761905,AM1BCC,AmberTools,,,H,,19,[H:16][C:7]1([C:6]([C:5]([C:4]([C:9]([C:8]1([H:18])[H:19])([H:20])[H:21])([H:11])[C:2](=[O:1])[O:3][H:10])([H:12])[H:13])([H:14])[H:15])[H:17],15.0,8.0
19,0.055997619047619046,AM1BCC,AmberTools,,,H,,20,[H:16][C:7]1([C:6]([C:5]([C:4]([C:9]([C:8]1([H:18])[H:19])([H:20])[H:21])([H:11])[C:2](=[O:1])[O:3][H:10])([H:12])[H:13])([H:14])[H:15])[H:17],15.0,8.0
20,0.055997619047619046,AM1BCC,AmberTools,,,H,,21,[H:16][C:7]1([C:6]([C:5]([C:4]([C:9]([C:8]1([H:18])[H:19])([H:20])[H:21])([H:11])[C:2](=[O:1])[O:3][H:10])([H:12])[H:13])([H:14])[H:15])[H:17],15.0,8.0
0,-0.5521199706764448,AM1BCC,OpenEye,,,O,,1,[H:16][C:7]1([C:6]([C:5]([C:4]([C:9]([C:8]1([H:18])[H:19])([H:20])[H:21])([H:11])[C:2](=[O:1])[O:3][H:10])([H:12])[H:13])([H:14])[H:15])[H:17],15.0,9.0
1,0.6323599811820757,AM1BCC,OpenEye,,,C,,2,[H:16][C:7]1([C:6]([C:5]([C:4]([C:9]([C:8]1([H:18])[H:19])([H:20])[H:21])([H:11])[C:2](=[O:1])[O:3][H:10])([H:12])[H:13])([H:14])[H:15])[H:17],15.0,9.0
2,-0.6017400029869306,AM1BCC,OpenEye,,,O,,3,[H:16][C:7]1([C:6]([C:5]([C:4]([C:9]([C:8]1([H:18])[H:19])([H:20])[H:21])([H:11])[C:2](=[O:1])[O:3][H:10])([H:12])[H:13])([H:14])[H:15])[H:17],15.0,9.0
3,-0.10509000009014494,AM1BCC,OpenEye,,,C,,4,[H:16][C:7]1([C:6]([C:5]([C:4]([C:9]([C:8]1([H:18])[H:19])([H:20])[H:21])([H:11])[C:2](=[O:1])[O:3][H:10])([H:12])[H:13])([H:14])[H:15])[H:17],15.0,9.0
4,-0.07016000187113172,AM1BCC,OpenEye,,,C,,5,[H:16][C:7]1([C:6]([C:5]([C:4]([C:9]([C:8]1([H:18])[H:19])([H:20])[H:21])([H:11])[C:2](=[O:1])[O:3][H:10])([H:12])[H:13])([H:14])[H:15])[H:17],15.0,9.0
5,-0.07670000230982191,AM1BCC,OpenEye,,,C,,6,[H:16][C:7]1([C:6]([C:5]([C:4]([C:9]([C:8]1([H:18])[H:19])([H:20])[H:21])([H:11])[C:2](=[O:1])[O:3][H:10])([H:12])[H:13])([H:14])[H:15])[H:17],15.0,9.0
6,-0.07970999961807615,AM1BCC,OpenEye,,,C,,7,[H:16][C:7]1([C:6]([C:5]([C:4]([C:9]([C:8]1([H:18])[H:19])([H:20])[H:21])([H:11])[C:2](=[O:1])[O:3][H:10])([H:12])[H:13])([H:14])[H:15])[H:17],15.0,9.0
7,-0.07670000230982191,AM1BCC,OpenEye,,,C,,8,[H:16][C:7]1([C:6]([C:5]([C:4]([C:9]([C:8]1([H:18])[H:19])([H:20])[H:21])([H:11])[C:2](=[O:1])[O:3][H:10])([H:12])[H:13])([H:14])[H:15])[H:17],15.0,9.0
8,-0.07016000187113172,AM1BCC,OpenEye,,,C,,9,[H:16][C:7]1([C:6]([C:5]([C:4]([C:9]([C:8]1([H:18])[H:19])([H:20])[H:21])([H:11])[C:2](=[O:1])[O:3][H:10])([H:12])[H:13])([H:14])[H:15])[H:17],15.0,9.0
9,0.442490011098839,AM1BCC,OpenEye,,,H,,10,[H:16][C:7]1([C:6]([C:5]([C:4]([C:9]([C:8]1([H:18])[H:19])([H:20])[H:21])([H:11])[C:2](=[O:1])[O:3][H:10])([H:12])[H:13])([H:14])[H:15])[H:17],15.0,9.0
10,0.07793000304982775,AM1BCC,OpenEye,,,H,,11,[H:16][C:7]1([C:6]([C:5]([C:4]([C:9]([C:8]1([H:18])[H:19])([H:20])[H:21])([H:11])[C:2](=[O:1])[O:3][H:10])([H:12])[H:13])([H:14])[H:15])[H:17],15.0,9.0
11,0.05376999789760226,AM1BCC,OpenEye,,,H,,12,[H:16][C:7]1([C:6]([C:5]([C:4]([C:9]([C:8]1([H:18])[H:19])([H:20])[H:21])([H:11])[C:2](=[O:1])[O:3][H:10])([H:12])[H:13])([H:14])[H:15])[H:17],15.0,9.0
12,0.05376999789760226,AM1BCC,OpenEye,,,H,,13,[H:16][C:7]1([C:6]([C:5]([C:4]([C:9]([C:8]1([H:18])[H:19])([H:20])[H:21])([H:11])[C:2](=[O:1])[O:3][H:10])([H:12])[H:13])([H:14])[H:15])[H:17],15.0,9.0
13,0.04586999827907199,AM1BCC,OpenEye,,,H,,14,[H:16][C:7]1([C:6]([C:5]([C:4]([C:9]([C:8]1([H:18])[H:19])([H:20])[H:21])([H:11])[C:2](=[O:1])[O:3][H:10])([H:12])[H:13])([H:14])[H:15])[H:17],15.0,9.0
14,0.04586999827907199,AM1BCC,OpenEye,,,H,,15,[H:16][C:7]1([C:6]([C:5]([C:4]([C:9]([C:8]1([H:18])[H:19])([H:20])[H:21])([H:11])[C:2](=[O:1])[O:3][H:10])([H:12])[H:13])([H:14])[H:15])[H:17],15.0,9.0
15,0.04052000084803218,AM1BCC,OpenEye,,,H,,16,[H:16][C:7]1([C:6]([C:5]([C:4]([C:9]([C:8]1([H:18])[H:19])([H:20])[H:21])([H:11])[C:2](=[O:1])[O:3][H:10])([H:12])[H:13])([H:14])[H:15])[H:17],15.0,9.0
16,0.04052000084803218,AM1BCC,OpenEye,,,H,,17,[H:16][C:7]1([C:6]([C:5]([C:4]([C:9]([C:8]1([H:18])[H:19])([H:20])[H:21])([H:11])[C:2](=[O:1])[O:3][H:10])([H:12])[H:13])([H:14])[H:15])[H:17],15.0,9.0
17,0.04586999827907199,AM1BCC,OpenEye,,,H,,18,[H:16][C:7]1([C:6]([C:5]([C:4]([C:9]([C:8]1([H:18])[H:19])([H:20])[H:21])([H:11])[C:2](=[O:1])[O:3][H:10])([H:12])[H:13])([H:14])[H:15])[H:17],15.0,9.0
18,0.04586999827907199,AM1BCC,OpenEye,,,H,,19,[H:16][C:7]1([C:6]([C:5]([C:4]([C:9]([C:8]1([H:18])[H:19])([H:20])[H:21])([H:11])[C:2](=[O:1])[O:3][H:10])([H:12])[H:13])([H:14])[H:15])[H:17],15.0,9.0
19,0.05376999789760226,AM1BCC,OpenEye,,,H,,20,[H:16][C:7]1([C:6]([C:5]([C:4]([C:9]([C:8]1([H:18])[H:19])([H:20])[H:21])([H:11])[C:2](=[O:1])[O:3][H:10])([H:12])[H:13])([H:14])[H:15])[H:17],15.0,9.0
20,0.05376999789760226,AM1BCC,OpenEye,,,H,,21,[H:16][C:7]1([C:6]([C:5]([C:4]([C:9]([C:8]1([H:18])[H:19])([H:20])[H:21])([H:11])[C:2](=[O:1])[O:3][H:10])([H:12])[H:13])([H:14])[H:15])[H:17],15.0,9.0
0,-0.550952380952381,AM1BCC,AmberTools,,,O,,1,[H:16][C:7]1([C:6]([C:5]([C:4]([C:9]([C:8]1([H:18])[H:19])([H:20])[H:21])([H:11])[C:2](=[O:1])[O:3][H:10])([H:12])[H:13])([H:14])[H:15])[H:17],15.0,9.0
1,0.6351476190476191,AM1BCC,AmberTools,,,C,,2,[H:16][C:7]1([C:6]([C:5]([C:4]([C:9]([C:8]1([H:18])[H:19])([H:20])[H:21])([H:11])[C:2](=[O:1])[O:3][H:10])([H:12])[H:13])([H:14])[H:15])[H:17],15.0,9.0
2,-0.6120523809523809,AM1BCC,AmberTools,,,O,,3,[H:16][C:7]1([C:6]([C:5]([C:4]([C:9]([C:8]1([H:18])[H:19])([H:20])[H:21])([H:11])[C:2](=[O:1])[O:3][H:10])([H:12])[H:13])([H:14])[H:15])[H:17],15.0,9.0
3,-0.10165238095238095,AM1BCC,AmberTools,,,C,,4,[H:16][C:7]1([C:6]([C:5]([C:4]([C:9]([C:8]1([H:18])[H:19])([H:20])[H:21])([H:11])[C:2](=[O:1])[O:3][H:10])([H:12])[H:13])([H:14])[H:15])[H:17],15.0,9.0
4,-0.07285238095238096,AM1BCC,AmberTools,,,C,,5,[H:16][C:7]1([C:6]([C:5]([C:4]([C:9]([C:8]1([H:18])[H:19])([H:20])[H:21])([H:11])[C:2](=[O:1])[O:3][H:10])([H:12])[H:13])([H:14])[H:15])[H:17],15.0,9.0
5,-0.07535238095238095,AM1BCC,AmberTools,,,C,,6,[H:16][C:7]1([C:6]([C:5]([C:4]([C:9]([C:8]1([H:18])[H:19])([H:20])[H:21])([H:11])[C:2](=[O:1])[O:3][H:10])([H:12])[H:13])([H:14])[H:15])[H:17],15.0,9.0
6,-0.07935238095238095,AM1BCC,AmberTools,,,C,,7,[H:16][C:7]1([C:6]([C:5]([C:4]([C:9]([C:8]1([H:18])[H:19])([H:20])[H:21])([H:11])[C:2](=[O:1])[O:3][H:10])([H:12])[H:13])([H:14])[H:15])[H:17],15.0,9.0
7,-0.07535238095238095,AM1BCC,AmberTools,,,C,,8,[H:16][C:7]1([C:6]([C:5]([C:4]([C:9]([C:8]1([H:18])[H:19])([H:20])[H:21])([H:11])[C:2](=[O:1])[O:3][H:10])([H:12])[H:13])([H:14])[H:15])[H:17],15.0,9.0
8,-0.07285238095238096,AM1BCC,AmberTools,,,C,,9,[H:16][C:7]1([C:6]([C:5]([C:4]([C:9]([C:8]1([H:18])[H:19])([H:20])[H:21])([H:11])[C:2](=[O:1])[O:3][H:10])([H:12])[H:13])([H:14])[H:15])[H:17],15.0,9.0
9,0.4430476190476191,AM1BCC,AmberTools,,,H,,10,[H:16][C:7]1([C:6]([C:5]([C:4]([C:9]([C:8]1([H:18])[H:19])([H:20])[H:21])([H:11])[C:2](=[O:1])[O:3][H:10])([H:12])[H:13])([H:14])[H:15])[H:17],15.0,9.0
10,0.07974761904761904,AM1BCC,AmberTools,,,H,,11,[H:16][C:7]1([C:6]([C:5]([C:4]([C:9]([C:8]1([H:18])[H:19])([H:20])[H:21])([H:11])[C:2](=[O:1])[O:3][H:10])([H:12])[H:13])([H:14])[H:15])[H:17],15.0,9.0
11,0.055997619047619046,AM1BCC,AmberTools,,,H,,12,[H:16][C:7]1([C:6]([C:5]([C:4]([C:9]([C:8]1([H:18])[H:19])([H:20])[H:21])([H:11])[C:2](=[O:1])[O:3][H:10])([H:12])[H:13])([H:14])[H:15])[H:17],15.0,9.0
12,0.055997619047619046,AM1BCC,AmberTools,,,H,,13,[H:16][C:7]1([C:6]([C:5]([C:4]([C:9]([C:8]1([H:18])[H:19])([H:20])[H:21])([H:11])[C:2](=[O:1])[O:3][H:10])([H:12])[H:13])([H:14])[H:15])[H:17],15.0,9.0
13,0.04449761904761905,AM1BCC,AmberTools,,,H,,14,[H:16][C:7]1([C:6]([C:5]([C:4]([C:9]([C:8]1([H:18])[H:19])([H:20])[H:21])([H:11])[C:2](=[O:1])[O:3][H:10])([H:12])[H:13])([H:14])[H:15])[H:17],15.0,9.0
14,0.04449761904761905,AM1BCC,AmberTools,,,H,,15,[H:16][C:7]1([C:6]([C:5]([C:4]([C:9]([C:8]1([H:18])[H:19])([H:20])[H:21])([H:11])[C:2](=[O:1])[O:3][H:10])([H:12])[H:13])([H:14])[H:15])[H:17],15.0,9.0
15,0.040247619047619046,AM1BCC,AmberTools,,,H,,16,[H:16][C:7]1([C:6]([C:5]([C:4]([C:9]([C:8]1([H:18])[H:19])([H:20])[H:21])([H:11])[C:2](=[O:1])[O:3][H:10])([H:12])[H:13])([H:14])[H:15])[H:17],15.0,9.0
16,0.040247619047619046,AM1BCC,AmberTools,,,H,,17,[H:16][C:7]1([C:6]([C:5]([C:4]([C:9]([C:8]1([H:18])[H:19])([H:20])[H:21])([H:11])[C:2](=[O:1])[O:3][H:10])([H:12])[H:13])([H:14])[H:15])[H:17],15.0,9.0
17,0.04449761904761905,AM1BCC,AmberTools,,,H,,18,[H:16][C:7]1([C:6]([C:5]([C:4]([C:9]([C:8]1([H:18])[H:19])([H:20])[H:21])([H:11])[C:2](=[O:1])[O:3][H:10])([H:12])[H:13])([H:14])[H:15])[H:17],15.0,9.0
18,0.04449761904761905,AM1BCC,AmberTools,,,H,,19,[H:16][C:7]1([C:6]([C:5]([C:4]([C:9]([C:8]1([H:18])[H:19])([H:20])[H:21])([H:11])[C:2](=[O:1])[O:3][H:10])([H:12])[H:13])([H:14])[H:15])[H:17],15.0,9.0
19,0.055997619047619046,AM1BCC,AmberTools,,,H,,20,[H:16][C:7]1([C:6]([C:5]([C:4]([C:9]([C:8]1([H:18])[H:19])([H:20])[H:21])([H:11])[C:2](=[O:1])[O:3][H:10])([H:12])[H:13])([H:14])[H:15])[H:17],15.0,9.0
20,0.055997619047619046,AM1BCC,AmberTools,,,H,,21,[H:16][C:7]1([C:6]([C:5]([C:4]([C:9]([C:8]1([H:18])[H:19])([H:20])[H:21])([H:11])[C:2](=[O:1])[O:3][H:10])([H:12])[H:13])([H:14])[H:15])[H:17],15.0,9.0
0,-0.5521199706764448,AM1BCC,OpenEye,,,O,,1,[H:16][C:7]1([C:6]([C:5]([C:4]([C:9]([C:8]1([H:18])[H:19])([H:20])[H:21])([H:11])[C:2](=[O:1])[O:3][H:10])([H:12])[H:13])([H:14])[H:15])[H:17],15.0,10.0
1,0.6323599811820757,AM1BCC,OpenEye,,,C,,2,[H:16][C:7]1([C:6]([C:5]([C:4]([C:9]([C:8]1([H:18])[H:19])([H:20])[H:21])([H:11])[C:2](=[O:1])[O:3][H:10])([H:12])[H:13])([H:14])[H:15])[H:17],15.0,10.0
2,-0.6017400029869306,AM1BCC,OpenEye,,,O,,3,[H:16][C:7]1([C:6]([C:5]([C:4]([C:9]([C:8]1([H:18])[H:19])([H:20])[H:21])([H:11])[C:2](=[O:1])[O:3][H:10])([H:12])[H:13])([H:14])[H:15])[H:17],15.0,10.0
3,-0.10509000009014494,AM1BCC,OpenEye,,,C,,4,[H:16][C:7]1([C:6]([C:5]([C:4]([C:9]([C:8]1([H:18])[H:19])([H:20])[H:21])([H:11])[C:2](=[O:1])[O:3][H:10])([H:12])[H:13])([H:14])[H:15])[H:17],15.0,10.0
4,-0.07016000187113172,AM1BCC,OpenEye,,,C,,5,[H:16][C:7]1([C:6]([C:5]([C:4]([C:9]([C:8]1([H:18])[H:19])([H:20])[H:21])([H:11])[C:2](=[O:1])[O:3][H:10])([H:12])[H:13])([H:14])[H:15])[H:17],15.0,10.0
5,-0.07670000230982191,AM1BCC,OpenEye,,,C,,6,[H:16][C:7]1([C:6]([C:5]([C:4]([C:9]([C:8]1([H:18])[H:19])([H:20])[H:21])([H:11])[C:2](=[O:1])[O:3][H:10])([H:12])[H:13])([H:14])[H:15])[H:17],15.0,10.0
6,-0.07970999961807615,AM1BCC,OpenEye,,,C,,7,[H:16][C:7]1([C:6]([C:5]([C:4]([C:9]([C:8]1([H:18])[H:19])([H:20])[H:21])([H:11])[C:2](=[O:1])[O:3][H:10])([H:12])[H:13])([H:14])[H:15])[H:17],15.0,10.0
7,-0.07670000230982191,AM1BCC,OpenEye,,,C,,8,[H:16][C:7]1([C:6]([C:5]([C:4]([C:9]([C:8]1([H:18])[H:19])([H:20])[H:21])([H:11])[C:2](=[O:1])[O:3][H:10])([H:12])[H:13])([H:14])[H:15])[H:17],15.0,10.0
8,-0.07016000187113172,AM1BCC,OpenEye,,,C,,9,[H:16][C:7]1([C:6]([C:5]([C:4]([C:9]([C:8]1([H:18])[H:19])([H:20])[H:21])([H:11])[C:2](=[O:1])[O:3][H:10])([H:12])[H:13])([H:14])[H:15])[H:17],15.0,10.0
9,0.442490011098839,AM1BCC,OpenEye,,,H,,10,[H:16][C:7]1([C:6]([C:5]([C:4]([C:9]([C:8]1([H:18])[H:19])([H:20])[H:21])([H:11])[C:2](=[O:1])[O:3][H:10])([H:12])[H:13])([H:14])[H:15])[H:17],15.0,10.0
10,0.07793000304982775,AM1BCC,OpenEye,,,H,,11,[H:16][C:7]1([C:6]([C:5]([C:4]([C:9]([C:8]1([H:18])[H:19])([H:20])[H:21])([H:11])[C:2](=[O:1])[O:3][H:10])([H:12])[H:13])([H:14])[H:15])[H:17],15.0,10.0
11,0.05376999789760226,AM1BCC,OpenEye,,,H,,12,[H:16][C:7]1([C:6]([C:5]([C:4]([C:9]([C:8]1([H:18])[H:19])([H:20])[H:21])([H:11])[C:2](=[O:1])[O:3][H:10])([H:12])[H:13])([H:14])[H:15])[H:17],15.0,10.0
12,0.05376999789760226,AM1BCC,OpenEye,,,H,,13,[H:16][C:7]1([C:6]([C:5]([C:4]([C:9]([C:8]1([H:18])[H:19])([H:20])[H:21])([H:11])[C:2](=[O:1])[O:3][H:10])([H:12])[H:13])([H:14])[H:15])[H:17],15.0,10.0
13,0.04586999827907199,AM1BCC,OpenEye,,,H,,14,[H:16][C:7]1([C:6]([C:5]([C:4]([C:9]([C:8]1([H:18])[H:19])([H:20])[H:21])([H:11])[C:2](=[O:1])[O:3][H:10])([H:12])[H:13])([H:14])[H:15])[H:17],15.0,10.0
14,0.04586999827907199,AM1BCC,OpenEye,,,H,,15,[H:16][C:7]1([C:6]([C:5]([C:4]([C:9]([C:8]1([H:18])[H:19])([H:20])[H:21])([H:11])[C:2](=[O:1])[O:3][H:10])([H:12])[H:13])([H:14])[H:15])[H:17],15.0,10.0
15,0.04052000084803218,AM1BCC,OpenEye,,,H,,16,[H:16][C:7]1([C:6]([C:5]([C:4]([C:9]([C:8]1([H:18])[H:19])([H:20])[H:21])([H:11])[C:2](=[O:1])[O:3][H:10])([H:12])[H:13])([H:14])[H:15])[H:17],15.0,10.0
16,0.04052000084803218,AM1BCC,OpenEye,,,H,,17,[H:16][C:7]1([C:6]([C:5]([C:4]([C:9]([C:8]1([H:18])[H:19])([H:20])[H:21])([H:11])[C:2](=[O:1])[O:3][H:10])([H:12])[H:13])([H:14])[H:15])[H:17],15.0,10.0
17,0.04586999827907199,AM1BCC,OpenEye,,,H,,18,[H:16][C:7]1([C:6]([C:5]([C:4]([C:9]([C:8]1([H:18])[H:19])([H:20])[H:21])([H:11])[C:2](=[O:1])[O:3][H:10])([H:12])[H:13])([H:14])[H:15])[H:17],15.0,10.0
18,0.04586999827907199,AM1BCC,OpenEye,,,H,,19,[H:16][C:7]1([C:6]([C:5]([C:4]([C:9]([C:8]1([H:18])[H:19])([H:20])[H:21])([H:11])[C:2](=[O:1])[O:3][H:10])([H:12])[H:13])([H:14])[H:15])[H:17],15.0,10.0
19,0.05376999789760226,AM1BCC,OpenEye,,,H,,20,[H:16][C:7]1([C:6]([C:5]([C:4]([C:9]([C:8]1([H:18])[H:19])([H:20])[H:21])([H:11])[C:2](=[O:1])[O:3][H:10])([H:12])[H:13])([H:14])[H:15])[H:17],15.0,10.0
20,0.05376999789760226,AM1BCC,OpenEye,,,H,,21,[H:16][C:7]1([C:6]([C:5]([C:4]([C:9]([C:8]1([H:18])[H:19])([H:20])[H:21])([H:11])[C:2](=[O:1])[O:3][H:10])([H:12])[H:13])([H:14])[H:15])[H:17],15.0,10.0
0,-0.5509047619047619,AM1BCC,AmberTools,,,O,,1,[H:16][C:7]1([C:6]([C:5]([C:4]([C:9]([C:8]1([H:18])[H:19])([H:20])[H:21])([H:11])[C:2](=[O:1])[O:3][H:10])([H:12])[H:13])([H:14])[H:15])[H:17],15.0,10.0
1,0.6351952380952381,AM1BCC,AmberTools,,,C,,2,[H:16][C:7]1([C:6]([C:5]([C:4]([C:9]([C:8]1([H:18])[H:19])([H:20])[H:21])([H:11])[C:2](=[O:1])[O:3][H:10])([H:12])[H:13])([H:14])[H:15])[H:17],15.0,10.0
2,-0.6120047619047618,AM1BCC,AmberTools,,,O,,3,[H:16][C:7]1([C:6]([C:5]([C:4]([C:9]([C:8]1([H:18])[H:19])([H:20])[H:21])([H:11])[C:2](=[O:1])[O:3][H:10])([H:12])[H:13])([H:14])[H:15])[H:17],15.0,10.0
3,-0.1016047619047619,AM1BCC,AmberTools,,,C,,4,[H:16][C:7]1([C:6]([C:5]([C:4]([C:9]([C:8]1([H:18])[H:19])([H:20])[H:21])([H:11])[C:2](=[O:1])[O:3][H:10])([H:12])[H:13])([H:14])[H:15])[H:17],15.0,10.0
4,-0.07280476190476191,AM1BCC,AmberTools,,,C,,5,[H:16][C:7]1([C:6]([C:5]([C:4]([C:9]([C:8]1([H:18])[H:19])([H:20])[H:21])([H:11])[C:2](=[O:1])[O:3][H:10])([H:12])[H:13])([H:14])[H:15])[H:17],15.0,10.0
5,-0.0753047619047619,AM1BCC,AmberTools,,,C,,6,[H:16][C:7]1([C:6]([C:5]([C:4]([C:9]([C:8]1([H:18])[H:19])([H:20])[H:21])([H:11])[C:2](=[O:1])[O:3][H:10])([H:12])[H:13])([H:14])[H:15])[H:17],15.0,10.0
6,-0.0793047619047619,AM1BCC,AmberTools,,,C,,7,[H:16][C:7]1([C:6]([C:5]([C:4]([C:9]([C:8]1([H:18])[H:19])([H:20])[H:21])([H:11])[C:2](=[O:1])[O:3][H:10])([H:12])[H:13])([H:14])[H:15])[H:17],15.0,10.0
7,-0.0753047619047619,AM1BCC,AmberTools,,,C,,8,[H:16][C:7]1([C:6]([C:5]([C:4]([C:9]([C:8]1([H:18])[H:19])([H:20])[H:21])([H:11])[C:2](=[O:1])[O:3][H:10])([H:12])[H:13])([H:14])[H:15])[H:17],15.0,10.0
8,-0.07280476190476191,AM1BCC,AmberTools,,,C,,9,[H:16][C:7]1([C:6]([C:5]([C:4]([C:9]([C:8]1([H:18])[H:19])([H:20])[H:21])([H:11])[C:2](=[O:1])[O:3][H:10])([H:12])[H:13])([H:14])[H:15])[H:17],15.0,10.0
9,0.4430952380952381,AM1BCC,AmberTools,,,H,,10,[H:16][C:7]1([C:6]([C:5]([C:4]([C:9]([C:8]1([H:18])[H:19])([H:20])[H:21])([H:11])[C:2](=[O:1])[O:3][H:10])([H:12])[H:13])([H:14])[H:15])[H:17],15.0,10.0
10,0.07979523809523809,AM1BCC,AmberTools,,,H,,11,[H:16][C:7]1([C:6]([C:5]([C:4]([C:9]([C:8]1([H:18])[H:19])([H:20])[H:21])([H:11])[C:2](=[O:1])[O:3][H:10])([H:12])[H:13])([H:14])[H:15])[H:17],15.0,10.0
11,0.0557952380952381,AM1BCC,AmberTools,,,H,,12,[H:16][C:7]1([C:6]([C:5]([C:4]([C:9]([C:8]1([H:18])[H:19])([H:20])[H:21])([H:11])[C:2](=[O:1])[O:3][H:10])([H:12])[H:13])([H:14])[H:15])[H:17],15.0,10.0
12,0.0557952380952381,AM1BCC,AmberTools,,,H,,13,[H:16][C:7]1([C:6]([C:5]([C:4]([C:9]([C:8]1([H:18])[H:19])([H:20])[H:21])([H:11])[C:2](=[O:1])[O:3][H:10])([H:12])[H:13])([H:14])[H:15])[H:17],15.0,10.0
13,0.0445452380952381,AM1BCC,AmberTools,,,H,,14,[H:16][C:7]1([C:6]([C:5]([C:4]([C:9]([C:8]1([H:18])[H:19])([H:20])[H:21])([H:11])[C:2](=[O:1])[O:3][H:10])([H:12])[H:13])([H:14])[H:15])[H:17],15.0,10.0
14,0.0445452380952381,AM1BCC,AmberTools,,,H,,15,[H:16][C:7]1([C:6]([C:5]([C:4]([C:9]([C:8]1([H:18])[H:19])([H:20])[H:21])([H:11])[C:2](=[O:1])[O:3][H:10])([H:12])[H:13])([H:14])[H:15])[H:17],15.0,10.0
15,0.0402952380952381,AM1BCC,AmberTools,,,H,,16,[H:16][C:7]1([C:6]([C:5]([C:4]([C:9]([C:8]1([H:18])[H:19])([H:20])[H:21])([H:11])[C:2](=[O:1])[O:3][H:10])([H:12])[H:13])([H:14])[H:15])[H:17],15.0,10.0
16,0.0402952380952381,AM1BCC,AmberTools,,,H,,17,[H:16][C:7]1([C:6]([C:5]([C:4]([C:9]([C:8]1([H:18])[H:19])([H:20])[H:21])([H:11])[C:2](=[O:1])[O:3][H:10])([H:12])[H:13])([H:14])[H:15])[H:17],15.0,10.0
17,0.0445452380952381,AM1BCC,AmberTools,,,H,,18,[H:16][C:7]1([C:6]([C:5]([C:4]([C:9]([C:8]1([H:18])[H:19])([H:20])[H:21])([H:11])[C:2](=[O:1])[O:3][H:10])([H:12])[H:13])([H:14])[H:15])[H:17],15.0,10.0
18,0.0445452380952381,AM1BCC,AmberTools,,,H,,19,[H:16][C:7]1([C:6]([C:5]([C:4]([C:9]([C:8]1([H:18])[H:19])([H:20])[H:21])([H:11])[C:2](=[O:1])[O:3][H:10])([H:12])[H:13])([H:14])[H:15])[H:17],15.0,10.0
19,0.0557952380952381,AM1BCC,AmberTools,,,H,,20,[H:16][C:7]1([C:6]([C:5]([C:4]([C:9]([C:8]1([H:18])[H:19])([H:20])[H:21])([H:11])[C:2](=[O:1])[O:3][H:10])([H:12])[H:13])([H:14])[H:15])[H:17],15.0,10.0
20,0.0557952380952381,AM1BCC,AmberTools,,,H,,21,[H:16][C:7]1([C:6]([C:5]([C:4]([C:9]([C:8]1([H:18])[H:19])([H:20])[H:21])([H:11])[C:2](=[O:1])[O:3][H:10])([H:12])[H:13])([H:14])[H:15])[H:17],15.0,10.0
0,-0.5521199706764448,AM1BCC,OpenEye,,,O,,1,[H:16][C:7]1([C:6]([C:5]([C:4]([C:9]([C:8]1([H:18])[H:19])([H:20])[H:21])([H:11])[C:2](=[O:1])[O:3][H:10])([H:12])[H:13])([H:14])[H:15])[H:17],15.0,11.0
1,0.6323599811820757,AM1BCC,OpenEye,,,C,,2,[H:16][C:7]1([C:6]([C:5]([C:4]([C:9]([C:8]1([H:18])[H:19])([H:20])[H:21])([H:11])[C:2](=[O:1])[O:3][H:10])([H:12])[H:13])([H:14])[H:15])[H:17],15.0,11.0
2,-0.6017400029869306,AM1BCC,OpenEye,,,O,,3,[H:16][C:7]1([C:6]([C:5]([C:4]([C:9]([C:8]1([H:18])[H:19])([H:20])[H:21])([H:11])[C:2](=[O:1])[O:3][H:10])([H:12])[H:13])([H:14])[H:15])[H:17],15.0,11.0
3,-0.10509000009014494,AM1BCC,OpenEye,,,C,,4,[H:16][C:7]1([C:6]([C:5]([C:4]([C:9]([C:8]1([H:18])[H:19])([H:20])[H:21])([H:11])[C:2](=[O:1])[O:3][H:10])([H:12])[H:13])([H:14])[H:15])[H:17],15.0,11.0
4,-0.07016000187113172,AM1BCC,OpenEye,,,C,,5,[H:16][C:7]1([C:6]([C:5]([C:4]([C:9]([C:8]1([H:18])[H:19])([H:20])[H:21])([H:11])[C:2](=[O:1])[O:3][H:10])([H:12])[H:13])([H:14])[H:15])[H:17],15.0,11.0
5,-0.07670000230982191,AM1BCC,OpenEye,,,C,,6,[H:16][C:7]1([C:6]([C:5]([C:4]([C:9]([C:8]1([H:18])[H:19])([H:20])[H:21])([H:11])[C:2](=[O:1])[O:3][H:10])([H:12])[H:13])([H:14])[H:15])[H:17],15.0,11.0
6,-0.07970999961807615,AM1BCC,OpenEye,,,C,,7,[H:16][C:7]1([C:6]([C:5]([C:4]([C:9]([C:8]1([H:18])[H:19])([H:20])[H:21])([H:11])[C:2](=[O:1])[O:3][H:10])([H:12])[H:13])([H:14])[H:15])[H:17],15.0,11.0
7,-0.07670000230982191,AM1BCC,OpenEye,,,C,,8,[H:16][C:7]1([C:6]([C:5]([C:4]([C:9]([C:8]1([H:18])[H:19])([H:20])[H:21])([H:11])[C:2](=[O:1])[O:3][H:10])([H:12])[H:13])([H:14])[H:15])[H:17],15.0,11.0
8,-0.07016000187113172,AM1BCC,OpenEye,,,C,,9,[H:16][C:7]1([C:6]([C:5]([C:4]([C:9]([C:8]1([H:18])[H:19])([H:20])[H:21])([H:11])[C:2](=[O:1])[O:3][H:10])([H:12])[H:13])([H:14])[H:15])[H:17],15.0,11.0
9,0.442490011098839,AM1BCC,OpenEye,,,H,,10,[H:16][C:7]1([C:6]([C:5]([C:4]([C:9]([C:8]1([H:18])[H:19])([H:20])[H:21])([H:11])[C:2](=[O:1])[O:3][H:10])([H:12])[H:13])([H:14])[H:15])[H:17],15.0,11.0
10,0.07793000304982775,AM1BCC,OpenEye,,,H,,11,[H:16][C:7]1([C:6]([C:5]([C:4]([C:9]([C:8]1([H:18])[H:19])([H:20])[H:21])([H:11])[C:2](=[O:1])[O:3][H:10])([H:12])[H:13])([H:14])[H:15])[H:17],15.0,11.0
11,0.05376999789760226,AM1BCC,OpenEye,,,H,,12,[H:16][C:7]1([C:6]([C:5]([C:4]([C:9]([C:8]1([H:18])[H:19])([H:20])[H:21])([H:11])[C:2](=[O:1])[O:3][H:10])([H:12])[H:13])([H:14])[H:15])[H:17],15.0,11.0
12,0.05376999789760226,AM1BCC,OpenEye,,,H,,13,[H:16][C:7]1([C:6]([C:5]([C:4]([C:9]([C:8]1([H:18])[H:19])([H:20])[H:21])([H:11])[C:2](=[O:1])[O:3][H:10])([H:12])[H:13])([H:14])[H:15])[H:17],15.0,11.0
13,0.04586999827907199,AM1BCC,OpenEye,,,H,,14,[H:16][C:7]1([C:6]([C:5]([C:4]([C:9]([C:8]1([H:18])[H:19])([H:20])[H:21])([H:11])[C:2](=[O:1])[O:3][H:10])([H:12])[H:13])([H:14])[H:15])[H:17],15.0,11.0
14,0.04586999827907199,AM1BCC,OpenEye,,,H,,15,[H:16][C:7]1([C:6]([C:5]([C:4]([C:9]([C:8]1([H:18])[H:19])([H:20])[H:21])([H:11])[C:2](=[O:1])[O:3][H:10])([H:12])[H:13])([H:14])[H:15])[H:17],15.0,11.0
15,0.04052000084803218,AM1BCC,OpenEye,,,H,,16,[H:16][C:7]1([C:6]([C:5]([C:4]([C:9]([C:8]1([H:18])[H:19])([H:20])[H:21])([H:11])[C:2](=[O:1])[O:3][H:10])([H:12])[H:13])([H:14])[H:15])[H:17],15.0,11.0
16,0.04052000084803218,AM1BCC,OpenEye,,,H,,17,[H:16][C:7]1([C:6]([C:5]([C:4]([C:9]([C:8]1([H:18])[H:19])([H:20])[H:21])([H:11])[C:2](=[O:1])[O:3][H:10])([H:12])[H:13])([H:14])[H:15])[H:17],15.0,11.0
17,0.04586999827907199,AM1BCC,OpenEye,,,H,,18,[H:16][C:7]1([C:6]([C:5]([C:4]([C:9]([C:8]1([H:18])[H:19])([H:20])[H:21])([H:11])[C:2](=[O:1])[O:3][H:10])([H:12])[H:13])([H:14])[H:15])[H:17],15.0,11.0
18,0.04586999827907199,AM1BCC,OpenEye,,,H,,19,[H:16][C:7]1([C:6]([C:5]([C:4]([C:9]([C:8]1([H:18])[H:19])([H:20])[H:21])([H:11])[C:2](=[O:1])[O:3][H:10])([H:12])[H:13])([H:14])[H:15])[H:17],15.0,11.0
19,0.05376999789760226,AM1BCC,OpenEye,,,H,,20,[H:16][C:7]1([C:6]([C:5]([C:4]([C:9]([C:8]1([H:18])[H:19])([H:20])[H:21])([H:11])[C:2](=[O:1])[O:3][H:10])([H:12])[H:13])([H:14])[H:15])[H:17],15.0,11.0
20,0.05376999789760226,AM1BCC,OpenEye,,,H,,21,[H:16][C:7]1([C:6]([C:5]([C:4]([C:9]([C:8]1([H:18])[H:19])([H:20])[H:21])([H:11])[C:2](=[O:1])[O:3][H:10])([H:12])[H:13])([H:14])[H:15])[H:17],15.0,11.0
0,-0.5509047619047619,AM1BCC,AmberTools,,,O,,1,[H:16][C:7]1([C:6]([C:5]([C:4]([C:9]([C:8]1([H:18])[H:19])([H:20])[H:21])([H:11])[C:2](=[O:1])[O:3][H:10])([H:12])[H:13])([H:14])[H:15])[H:17],15.0,11.0
1,0.6351952380952381,AM1BCC,AmberTools,,,C,,2,[H:16][C:7]1([C:6]([C:5]([C:4]([C:9]([C:8]1([H:18])[H:19])([H:20])[H:21])([H:11])[C:2](=[O:1])[O:3][H:10])([H:12])[H:13])([H:14])[H:15])[H:17],15.0,11.0
2,-0.6120047619047618,AM1BCC,AmberTools,,,O,,3,[H:16][C:7]1([C:6]([C:5]([C:4]([C:9]([C:8]1([H:18])[H:19])([H:20])[H:21])([H:11])[C:2](=[O:1])[O:3][H:10])([H:12])[H:13])([H:14])[H:15])[H:17],15.0,11.0
3,-0.1016047619047619,AM1BCC,AmberTools,,,C,,4,[H:16][C:7]1([C:6]([C:5]([C:4]([C:9]([C:8]1([H:18])[H:19])([H:20])[H:21])([H:11])[C:2](=[O:1])[O:3][H:10])([H:12])[H:13])([H:14])[H:15])[H:17],15.0,11.0
4,-0.07280476190476191,AM1BCC,AmberTools,,,C,,5,[H:16][C:7]1([C:6]([C:5]([C:4]([C:9]([C:8]1([H:18])[H:19])([H:20])[H:21])([H:11])[C:2](=[O:1])[O:3][H:10])([H:12])[H:13])([H:14])[H:15])[H:17],15.0,11.0
5,-0.0753047619047619,AM1BCC,AmberTools,,,C,,6,[H:16][C:7]1([C:6]([C:5]([C:4]([C:9]([C:8]1([H:18])[H:19])([H:20])[H:21])([H:11])[C:2](=[O:1])[O:3][H:10])([H:12])[H:13])([H:14])[H:15])[H:17],15.0,11.0
6,-0.0793047619047619,AM1BCC,AmberTools,,,C,,7,[H:16][C:7]1([C:6]([C:5]([C:4]([C:9]([C:8]1([H:18])[H:19])([H:20])[H:21])([H:11])[C:2](=[O:1])[O:3][H:10])([H:12])[H:13])([H:14])[H:15])[H:17],15.0,11.0
7,-0.0753047619047619,AM1BCC,AmberTools,,,C,,8,[H:16][C:7]1([C:6]([C:5]([C:4]([C:9]([C:8]1([H:18])[H:19])([H:20])[H:21])([H:11])[C:2](=[O:1])[O:3][H:10])([H:12])[H:13])([H:14])[H:15])[H:17],15.0,11.0
8,-0.07280476190476191,AM1BCC,AmberTools,,,C,,9,[H:16][C:7]1([C:6]([C:5]([C:4]([C:9]([C:8]1([H:18])[H:19])([H:20])[H:21])([H:11])[C:2](=[O:1])[O:3][H:10])([H:12])[H:13])([H:14])[H:15])[H:17],15.0,11.0
9,0.4430952380952381,AM1BCC,AmberTools,,,H,,10,[H:16][C:7]1([C:6]([C:5]([C:4]([C:9]([C:8]1([H:18])[H:19])([H:20])[H:21])([H:11])[C:2](=[O:1])[O:3][H:10])([H:12])[H:13])([H:14])[H:15])[H:17],15.0,11.0
10,0.07979523809523809,AM1BCC,AmberTools,,,H,,11,[H:16][C:7]1([C:6]([C:5]([C:4]([C:9]([C:8]1([H:18])[H:19])([H:20])[H:21])([H:11])[C:2](=[O:1])[O:3][H:10])([H:12])[H:13])([H:14])[H:15])[H:17],15.0,11.0
11,0.0557952380952381,AM1BCC,AmberTools,,,H,,12,[H:16][C:7]1([C:6]([C:5]([C:4]([C:9]([C:8]1([H:18])[H:19])([H:20])[H:21])([H:11])[C:2](=[O:1])[O:3][H:10])([H:12])[H:13])([H:14])[H:15])[H:17],15.0,11.0
12,0.0557952380952381,AM1BCC,AmberTools,,,H,,13,[H:16][C:7]1([C:6]([C:5]([C:4]([C:9]([C:8]1([H:18])[H:19])([H:20])[H:21])([H:11])[C:2](=[O:1])[O:3][H:10])([H:12])[H:13])([H:14])[H:15])[H:17],15.0,11.0
13,0.0445452380952381,AM1BCC,AmberTools,,,H,,14,[H:16][C:7]1([C:6]([C:5]([C:4]([C:9]([C:8]1([H:18])[H:19])([H:20])[H:21])([H:11])[C:2](=[O:1])[O:3][H:10])([H:12])[H:13])([H:14])[H:15])[H:17],15.0,11.0
14,0.0445452380952381,AM1BCC,AmberTools,,,H,,15,[H:16][C:7]1([C:6]([C:5]([C:4]([C:9]([C:8]1([H:18])[H:19])([H:20])[H:21])([H:11])[C:2](=[O:1])[O:3][H:10])([H:12])[H:13])([H:14])[H:15])[H:17],15.0,11.0
15,0.0402952380952381,AM1BCC,AmberTools,,,H,,16,[H:16][C:7]1([C:6]([C:5]([C:4]([C:9]([C:8]1([H:18])[H:19])([H:20])[H:21])([H:11])[C:2](=[O:1])[O:3][H:10])([H:12])[H:13])([H:14])[H:15])[H:17],15.0,11.0
16,0.0402952380952381,AM1BCC,AmberTools,,,H,,17,[H:16][C:7]1([C:6]([C:5]([C:4]([C:9]([C:8]1([H:18])[H:19])([H:20])[H:21])([H:11])[C:2](=[O:1])[O:3][H:10])([H:12])[H:13])([H:14])[H:15])[H:17],15.0,11.0
17,0.0445452380952381,AM1BCC,AmberTools,,,H,,18,[H:16][C:7]1([C:6]([C:5]([C:4]([C:9]([C:8]1([H:18])[H:19])([H:20])[H:21])([H:11])[C:2](=[O:1])[O:3][H:10])([H:12])[H:13])([H:14])[H:15])[H:17],15.0,11.0
18,0.0445452380952381,AM1BCC,AmberTools,,,H,,19,[H:16][C:7]1([C:6]([C:5]([C:4]([C:9]([C:8]1([H:18])[H:19])([H:20])[H:21])([H:11])[C:2](=[O:1])[O:3][H:10])([H:12])[H:13])([H:14])[H:15])[H:17],15.0,11.0
19,0.0557952380952381,AM1BCC,AmberTools,,,H,,20,[H:16][C:7]1([C:6]([C:5]([C:4]([C:9]([C:8]1([H:18])[H:19])([H:20])[H:21])([H:11])[C:2](=[O:1])[O:3][H:10])([H:12])[H:13])([H:14])[H:15])[H:17],15.0,11.0
20,0.0557952380952381,AM1BCC,AmberTools,,,H,,21,[H:16][C:7]1([C:6]([C:5]([C:4]([C:9]([C:8]1([H:18])[H:19])([H:20])[H:21])([H:11])[C:2](=[O:1])[O:3][H:10])([H:12])[H:13])([H:14])[H:15])[H:17],15.0,11.0
0,-0.5521900068436351,AM1BCC,OpenEye,,,O,,1,[H:16][C:7]1([C:6]([C:5]([C:4]([C:9]([C:8]1([H:18])[H:19])([H:20])[H:21])([H:11])[C:2](=[O:1])[O:3][H:10])([H:12])[H:13])([H:14])[H:15])[H:17],15.0,12.0
1,0.6320400227393422,AM1BCC,OpenEye,,,C,,2,[H:16][C:7]1([C:6]([C:5]([C:4]([C:9]([C:8]1([H:18])[H:19])([H:20])[H:21])([H:11])[C:2](=[O:1])[O:3][H:10])([H:12])[H:13])([H:14])[H:15])[H:17],15.0,12.0
2,-0.6017699848328318,AM1BCC,OpenEye,,,O,,3,[H:16][C:7]1([C:6]([C:5]([C:4]([C:9]([C:8]1([H:18])[H:19])([H:20])[H:21])([H:11])[C:2](=[O:1])[O:3][H:10])([H:12])[H:13])([H:14])[H:15])[H:17],15.0,12.0
3,-0.10496000306946891,AM1BCC,OpenEye,,,C,,4,[H:16][C:7]1([C:6]([C:5]([C:4]([C:9]([C:8]1([H:18])[H:19])([H:20])[H:21])([H:11])[C:2](=[O:1])[O:3][H:10])([H:12])[H:13])([H:14])[H:15])[H:17],15.0,12.0
4,-0.07023999946458,AM1BCC,OpenEye,,,C,,5,[H:16][C:7]1([C:6]([C:5]([C:4]([C:9]([C:8]1([H:18])[H:19])([H:20])[H:21])([H:11])[C:2](=[O:1])[O:3][H:10])([H:12])[H:13])([H:14])[H:15])[H:17],15.0,12.0
5,-0.076530003121921,AM1BCC,OpenEye,,,C,,6,[H:16][C:7]1([C:6]([C:5]([C:4]([C:9]([C:8]1([H:18])[H:19])([H:20])[H:21])([H:11])[C:2](=[O:1])[O:3][H:10])([H:12])[H:13])([H:14])[H:15])[H:17],15.0,12.0
6,-0.07962000476462501,AM1BCC,OpenEye,,,C,,7,[H:16][C:7]1([C:6]([C:5]([C:4]([C:9]([C:8]1([H:18])[H:19])([H:20])[H:21])([H:11])[C:2](=[O:1])[O:3][H:10])([H:12])[H:13])([H:14])[H:15])[H:17],15.0,12.0
7,-0.076530003121921,AM1BCC,OpenEye,,,C,,8,[H:16][C:7]1([C:6]([C:5]([C:4]([C:9]([C:8]1([H:18])[H:19])([H:20])[H:21])([H:11])[C:2](=[O:1])[O:3][H:10])([H:12])[H:13])([H:14])[H:15])[H:17],15.0,12.0
8,-0.07023999946458,AM1BCC,OpenEye,,,C,,9,[H:16][C:7]1([C:6]([C:5]([C:4]([C:9]([C:8]1([H:18])[H:19])([H:20])[H:21])([H:11])[C:2](=[O:1])[O:3][H:10])([H:12])[H:13])([H:14])[H:15])[H:17],15.0,12.0
9,0.4425199915255819,AM1BCC,OpenEye,,,H,,10,[H:16][C:7]1([C:6]([C:5]([C:4]([C:9]([C:8]1([H:18])[H:19])([H:20])[H:21])([H:11])[C:2](=[O:1])[O:3][H:10])([H:12])[H:13])([H:14])[H:15])[H:17],15.0,12.0
10,0.07794000101940972,AM1BCC,OpenEye,,,H,,11,[H:16][C:7]1([C:6]([C:5]([C:4]([C:9]([C:8]1([H:18])[H:19])([H:20])[H:21])([H:11])[C:2](=[O:1])[O:3][H:10])([H:12])[H:13])([H:14])[H:15])[H:17],15.0,12.0
11,0.0537200000669275,AM1BCC,OpenEye,,,H,,12,[H:16][C:7]1([C:6]([C:5]([C:4]([C:9]([C:8]1([H:18])[H:19])([H:20])[H:21])([H:11])[C:2](=[O:1])[O:3][H:10])([H:12])[H:13])([H:14])[H:15])[H:17],15.0,12.0
12,0.0537200000669275,AM1BCC,OpenEye,,,H,,13,[H:16][C:7]1([C:6]([C:5]([C:4]([C:9]([C:8]1([H:18])[H:19])([H:20])[H:21])([H:11])[C:2](=[O:1])[O:3][H:10])([H:12])[H:13])([H:14])[H:15])[H:17],15.0,12.0
13,0.04591999841587884,AM1BCC,OpenEye,,,H,,14,[H:16][C:7]1([C:6]([C:5]([C:4]([C:9]([C:8]1([H:18])[H:19])([H:20])[H:21])([H:11])[C:2](=[O:1])[O:3][H:10])([H:12])[H:13])([H:14])[H:15])[H:17],15.0,12.0
14,0.04591999841587884,AM1BCC,OpenEye,,,H,,15,[H:16][C:7]1([C:6]([C:5]([C:4]([C:9]([C:8]1([H:18])[H:19])([H:20])[H:21])([H:11])[C:2](=[O:1])[O:3][H:10])([H:12])[H:13])([H:14])[H:15])[H:17],15.0,12.0
15,0.040509997734001706,AM1BCC,OpenEye,,,H,,16,[H:16][C:7]1([C:6]([C:5]([C:4]([C:9]([C:8]1([H:18])[H:19])([H:20])[H:21])([H:11])[C:2](=[O:1])[O:3][H:10])([H:12])[H:13])([H:14])[H:15])[H:17],15.0,12.0
16,0.040509997734001706,AM1BCC,OpenEye,,,H,,17,[H:16][C:7]1([C:6]([C:5]([C:4]([C:9]([C:8]1([H:18])[H:19])([H:20])[H:21])([H:11])[C:2](=[O:1])[O:3][H:10])([H:12])[H:13])([H:14])[H:15])[H:17],15.0,12.0
17,0.04591999841587884,AM1BCC,OpenEye,,,H,,18,[H:16][C:7]1([C:6]([C:5]([C:4]([C:9]([C:8]1([H:18])[H:19])([H:20])[H:21])([H:11])[C:2](=[O:1])[O:3][H:10])([H:12])[H:13])([H:14])[H:15])[H:17],15.0,12.0
18,0.04591999841587884,AM1BCC,OpenEye,,,H,,19,[H:16][C:7]1([C:6]([C:5]([C:4]([C:9]([C:8]1([H:18])[H:19])([H:20])[H:21])([H:11])[C:2](=[O:1])[O:3][H:10])([H:12])[H:13])([H:14])[H:15])[H:17],15.0,12.0
19,0.0537200000669275,AM1BCC,OpenEye,,,H,,20,[H:16][C:7]1([C:6]([C:5]([C:4]([C:9]([C:8]1([H:18])[H:19])([H:20])[H:21])([H:11])[C:2](=[O:1])[O:3][H:10])([H:12])[H:13])([H:14])[H:15])[H:17],15.0,12.0
20,0.0537200000669275,AM1BCC,OpenEye,,,H,,21,[H:16][C:7]1([C:6]([C:5]([C:4]([C:9]([C:8]1([H:18])[H:19])([H:20])[H:21])([H:11])[C:2](=[O:1])[O:3][H:10])([H:12])[H:13])([H:14])[H:15])[H:17],15.0,12.0
0,-0.5509047619047619,AM1BCC,AmberTools,,,O,,1,[H:16][C:7]1([C:6]([C:5]([C:4]([C:9]([C:8]1([H:18])[H:19])([H:20])[H:21])([H:11])[C:2](=[O:1])[O:3][H:10])([H:12])[H:13])([H:14])[H:15])[H:17],15.0,12.0
1,0.6351952380952381,AM1BCC,AmberTools,,,C,,2,[H:16][C:7]1([C:6]([C:5]([C:4]([C:9]([C:8]1([H:18])[H:19])([H:20])[H:21])([H:11])[C:2](=[O:1])[O:3][H:10])([H:12])[H:13])([H:14])[H:15])[H:17],15.0,12.0
2,-0.6120047619047618,AM1BCC,AmberTools,,,O,,3,[H:16][C:7]1([C:6]([C:5]([C:4]([C:9]([C:8]1([H:18])[H:19])([H:20])[H:21])([H:11])[C:2](=[O:1])[O:3][H:10])([H:12])[H:13])([H:14])[H:15])[H:17],15.0,12.0
3,-0.1016047619047619,AM1BCC,AmberTools,,,C,,4,[H:16][C:7]1([C:6]([C:5]([C:4]([C:9]([C:8]1([H:18])[H:19])([H:20])[H:21])([H:11])[C:2](=[O:1])[O:3][H:10])([H:12])[H:13])([H:14])[H:15])[H:17],15.0,12.0
4,-0.07280476190476191,AM1BCC,AmberTools,,,C,,5,[H:16][C:7]1([C:6]([C:5]([C:4]([C:9]([C:8]1([H:18])[H:19])([H:20])[H:21])([H:11])[C:2](=[O:1])[O:3][H:10])([H:12])[H:13])([H:14])[H:15])[H:17],15.0,12.0
5,-0.0753047619047619,AM1BCC,AmberTools,,,C,,6,[H:16][C:7]1([C:6]([C:5]([C:4]([C:9]([C:8]1([H:18])[H:19])([H:20])[H:21])([H:11])[C:2](=[O:1])[O:3][H:10])([H:12])[H:13])([H:14])[H:15])[H:17],15.0,12.0
6,-0.0793047619047619,AM1BCC,AmberTools,,,C,,7,[H:16][C:7]1([C:6]([C:5]([C:4]([C:9]([C:8]1([H:18])[H:19])([H:20])[H:21])([H:11])[C:2](=[O:1])[O:3][H:10])([H:12])[H:13])([H:14])[H:15])[H:17],15.0,12.0
7,-0.0753047619047619,AM1BCC,AmberTools,,,C,,8,[H:16][C:7]1([C:6]([C:5]([C:4]([C:9]([C:8]1([H:18])[H:19])([H:20])[H:21])([H:11])[C:2](=[O:1])[O:3][H:10])([H:12])[H:13])([H:14])[H:15])[H:17],15.0,12.0
8,-0.07280476190476191,AM1BCC,AmberTools,,,C,,9,[H:16][C:7]1([C:6]([C:5]([C:4]([C:9]([C:8]1([H:18])[H:19])([H:20])[H:21])([H:11])[C:2](=[O:1])[O:3][H:10])([H:12])[H:13])([H:14])[H:15])[H:17],15.0,12.0
9,0.4430952380952381,AM1BCC,AmberTools,,,H,,10,[H:16][C:7]1([C:6]([C:5]([C:4]([C:9]([C:8]1([H:18])[H:19])([H:20])[H:21])([H:11])[C:2](=[O:1])[O:3][H:10])([H:12])[H:13])([H:14])[H:15])[H:17],15.0,12.0
10,0.07979523809523809,AM1BCC,AmberTools,,,H,,11,[H:16][C:7]1([C:6]([C:5]([C:4]([C:9]([C:8]1([H:18])[H:19])([H:20])[H:21])([H:11])[C:2](=[O:1])[O:3][H:10])([H:12])[H:13])([H:14])[H:15])[H:17],15.0,12.0
11,0.0557952380952381,AM1BCC,AmberTools,,,H,,12,[H:16][C:7]1([C:6]([C:5]([C:4]([C:9]([C:8]1([H:18])[H:19])([H:20])[H:21])([H:11])[C:2](=[O:1])[O:3][H:10])([H:12])[H:13])([H:14])[H:15])[H:17],15.0,12.0
12,0.0557952380952381,AM1BCC,AmberTools,,,H,,13,[H:16][C:7]1([C:6]([C:5]([C:4]([C:9]([C:8]1([H:18])[H:19])([H:20])[H:21])([H:11])[C:2](=[O:1])[O:3][H:10])([H:12])[H:13])([H:14])[H:15])[H:17],15.0,12.0
13,0.0445452380952381,AM1BCC,AmberTools,,,H,,14,[H:16][C:7]1([C:6]([C:5]([C:4]([C:9]([C:8]1([H:18])[H:19])([H:20])[H:21])([H:11])[C:2](=[O:1])[O:3][H:10])([H:12])[H:13])([H:14])[H:15])[H:17],15.0,12.0
14,0.0445452380952381,AM1BCC,AmberTools,,,H,,15,[H:16][C:7]1([C:6]([C:5]([C:4]([C:9]([C:8]1([H:18])[H:19])([H:20])[H:21])([H:11])[C:2](=[O:1])[O:3][H:10])([H:12])[H:13])([H:14])[H:15])[H:17],15.0,12.0
15,0.0402952380952381,AM1BCC,AmberTools,,,H,,16,[H:16][C:7]1([C:6]([C:5]([C:4]([C:9]([C:8]1([H:18])[H:19])([H:20])[H:21])([H:11])[C:2](=[O:1])[O:3][H:10])([H:12])[H:13])([H:14])[H:15])[H:17],15.0,12.0
16,0.0402952380952381,AM1BCC,AmberTools,,,H,,17,[H:16][C:7]1([C:6]([C:5]([C:4]([C:9]([C:8]1([H:18])[H:19])([H:20])[H:21])([H:11])[C:2](=[O:1])[O:3][H:10])([H:12])[H:13])([H:14])[H:15])[H:17],15.0,12.0
17,0.0445452380952381,AM1BCC,AmberTools,,,H,,18,[H:16][C:7]1([C:6]([C:5]([C:4]([C:9]([C:8]1([H:18])[H:19])([H:20])[H:21])([H:11])[C:2](=[O:1])[O:3][H:10])([H:12])[H:13])([H:14])[H:15])[H:17],15.0,12.0
18,0.0445452380952381,AM1BCC,AmberTools,,,H,,19,[H:16][C:7]1([C:6]([C:5]([C:4]([C:9]([C:8]1([H:18])[H:19])([H:20])[H:21])([H:11])[C:2](=[O:1])[O:3][H:10])([H:12])[H:13])([H:14])[H:15])[H:17],15.0,12.0
19,0.0557952380952381,AM1BCC,AmberTools,,,H,,20,[H:16][C:7]1([C:6]([C:5]([C:4]([C:9]([C:8]1([H:18])[H:19])([H:20])[H:21])([H:11])[C:2](=[O:1])[O:3][H:10])([H:12])[H:13])([H:14])[H:15])[H:17],15.0,12.0
20,0.0557952380952381,AM1BCC,AmberTools,,,H,,21,[H:16][C:7]1([C:6]([C:5]([C:4]([C:9]([C:8]1([H:18])[H:19])([H:20])[H:21])([H:11])[C:2](=[O:1])[O:3][H:10])([H:12])[H:13])([H:14])[H:15])[H:17],15.0,12.0
0,-0.5521500092886743,AM1BCC,OpenEye,,,O,,1,[H:16][C:7]1([C:6]([C:5]([C:4]([C:9]([C:8]1([H:18])[H:19])([H:20])[H:21])([H:11])[C:2](=[O:1])[O:3][H:10])([H:12])[H:13])([H:14])[H:15])[H:17],16.0,1.0
1,0.6359400170899573,AM1BCC,OpenEye,,,C,,2,[H:16][C:7]1([C:6]([C:5]([C:4]([C:9]([C:8]1([H:18])[H:19])([H:20])[H:21])([H:11])[C:2](=[O:1])[O:3][H:10])([H:12])[H:13])([H:14])[H:15])[H:17],16.0,1.0
2,-0.6023300272368249,AM1BCC,OpenEye,,,O,,3,[H:16][C:7]1([C:6]([C:5]([C:4]([C:9]([C:8]1([H:18])[H:19])([H:20])[H:21])([H:11])[C:2](=[O:1])[O:3][H:10])([H:12])[H:13])([H:14])[H:15])[H:17],16.0,1.0
3,-0.10310000003803343,AM1BCC,OpenEye,,,C,,4,[H:16][C:7]1([C:6]([C:5]([C:4]([C:9]([C:8]1([H:18])[H:19])([H:20])[H:21])([H:11])[C:2](=[O:1])[O:3][H:10])([H:12])[H:13])([H:14])[H:15])[H:17],16.0,1.0
4,-0.07292000026929946,AM1BCC,OpenEye,,,C,,5,[H:16][C:7]1([C:6]([C:5]([C:4]([C:9]([C:8]1([H:18])[H:19])([H:20])[H:21])([H:11])[C:2](=[O:1])[O:3][H:10])([H:12])[H:13])([H:14])[H:15])[H:17],16.0,1.0
5,-0.07655999632108779,AM1BCC,OpenEye,,,C,,6,[H:16][C:7]1([C:6]([C:5]([C:4]([C:9]([C:8]1([H:18])[H:19])([H:20])[H:21])([H:11])[C:2](=[O:1])[O:3][H:10])([H:12])[H:13])([H:14])[H:15])[H:17],16.0,1.0
6,-0.08459000112045378,AM1BCC,OpenEye,,,C,,7,[H:16][C:7]1([C:6]([C:5]([C:4]([C:9]([C:8]1([H:18])[H:19])([H:20])[H:21])([H:11])[C:2](=[O:1])[O:3][H:10])([H:12])[H:13])([H:14])[H:15])[H:17],16.0,1.0
7,-0.07655999632108779,AM1BCC,OpenEye,,,C,,8,[H:16][C:7]1([C:6]([C:5]([C:4]([C:9]([C:8]1([H:18])[H:19])([H:20])[H:21])([H:11])[C:2](=[O:1])[O:3][H:10])([H:12])[H:13])([H:14])[H:15])[H:17],16.0,1.0
8,-0.07292000026929946,AM1BCC,OpenEye,,,C,,9,[H:16][C:7]1([C:6]([C:5]([C:4]([C:9]([C:8]1([H:18])[H:19])([H:20])[H:21])([H:11])[C:2](=[O:1])[O:3][H:10])([H:12])[H:13])([H:14])[H:15])[H:17],16.0,1.0
9,0.4418399947739783,AM1BCC,OpenEye,,,H,,10,[H:16][C:7]1([C:6]([C:5]([C:4]([C:9]([C:8]1([H:18])[H:19])([H:20])[H:21])([H:11])[C:2](=[O:1])[O:3][H:10])([H:12])[H:13])([H:14])[H:15])[H:17],16.0,1.0
10,0.07672999976646333,AM1BCC,OpenEye,,,H,,11,[H:16][C:7]1([C:6]([C:5]([C:4]([C:9]([C:8]1([H:18])[H:19])([H:20])[H:21])([H:11])[C:2](=[O:1])[O:3][H:10])([H:12])[H:13])([H:14])[H:15])[H:17],16.0,1.0
11,0.054580001071805044,AM1BCC,OpenEye,,,H,,12,[H:16][C:7]1([C:6]([C:5]([C:4]([C:9]([C:8]1([H:18])[H:19])([H:20])[H:21])([H:11])[C:2](=[O:1])[O:3][H:10])([H:12])[H:13])([H:14])[H:15])[H:17],16.0,1.0
12,0.054580001071805044,AM1BCC,OpenEye,,,H,,13,[H:16][C:7]1([C:6]([C:5]([C:4]([C:9]([C:8]1([H:18])[H:19])([H:20])[H:21])([H:11])[C:2](=[O:1])[O:3][H:10])([H:12])[H:13])([H:14])[H:15])[H:17],16.0,1.0
13,0.041930003002995535,AM1BCC,OpenEye,,,H,,14,[H:16][C:7]1([C:6]([C:5]([C:4]([C:9]([C:8]1([H:18])[H:19])([H:20])[H:21])([H:11])[C:2](=[O:1])[O:3][H:10])([H:12])[H:13])([H:14])[H:15])[H:17],16.0,1.0
14,0.041930003002995535,AM1BCC,OpenEye,,,H,,15,[H:16][C:7]1([C:6]([C:5]([C:4]([C:9]([C:8]1([H:18])[H:19])([H:20])[H:21])([H:11])[C:2](=[O:1])[O:3][H:10])([H:12])[H:13])([H:14])[H:15])[H:17],16.0,1.0
15,0.050290001467579885,AM1BCC,OpenEye,,,H,,16,[H:16][C:7]1([C:6]([C:5]([C:4]([C:9]([C:8]1([H:18])[H:19])([H:20])[H:21])([H:11])[C:2](=[O:1])[O:3][H:10])([H:12])[H:13])([H:14])[H:15])[H:17],16.0,1.0
16,0.050290001467579885,AM1BCC,OpenEye,,,H,,17,[H:16][C:7]1([C:6]([C:5]([C:4]([C:9]([C:8]1([H:18])[H:19])([H:20])[H:21])([H:11])[C:2](=[O:1])[O:3][H:10])([H:12])[H:13])([H:14])[H:15])[H:17],16.0,1.0
17,0.041930003002995535,AM1BCC,OpenEye,,,H,,18,[H:16][C:7]1([C:6]([C:5]([C:4]([C:9]([C:8]1([H:18])[H:19])([H:20])[H:21])([H:11])[C:2](=[O:1])[O:3][H:10])([H:12])[H:13])([H:14])[H:15])[H:17],16.0,1.0
18,0.041930003002995535,AM1BCC,OpenEye,,,H,,19,[H:16][C:7]1([C:6]([C:5]([C:4]([C:9]([C:8]1([H:18])[H:19])([H:20])[H:21])([H:11])[C:2](=[O:1])[O:3][H:10])([H:12])[H:13])([H:14])[H:15])[H:17],16.0,1.0
19,0.054580001071805044,AM1BCC,OpenEye,,,H,,20,[H:16][C:7]1([C:6]([C:5]([C:4]([C:9]([C:8]1([H:18])[H:19])([H:20])[H:21])([H:11])[C:2](=[O:1])[O:3][H:10])([H:12])[H:13])([H:14])[H:15])[H:17],16.0,1.0
20,0.054580001071805044,AM1BCC,OpenEye,,,H,,21,[H:16][C:7]1([C:6]([C:5]([C:4]([C:9]([C:8]1([H:18])[H:19])([H:20])[H:21])([H:11])[C:2](=[O:1])[O:3][H:10])([H:12])[H:13])([H:14])[H:15])[H:17],16.0,1.0
0,-0.551,AM1BCC,AmberTools,,,O,,1,[H:16][C:7]1([C:6]([C:5]([C:4]([C:9]([C:8]1([H:18])[H:19])([H:20])[H:21])([H:11])[C:2](=[O:1])[O:3][H:10])([H:12])[H:13])([H:14])[H:15])[H:17],16.0,1.0
1,0.6361,AM1BCC,AmberTools,,,C,,2,[H:16][C:7]1([C:6]([C:5]([C:4]([C:9]([C:8]1([H:18])[H:19])([H:20])[H:21])([H:11])[C:2](=[O:1])[O:3][H:10])([H:12])[H:13])([H:14])[H:15])[H:17],16.0,1.0
2,-0.6111,AM1BCC,AmberTools,,,O,,3,[H:16][C:7]1([C:6]([C:5]([C:4]([C:9]([C:8]1([H:18])[H:19])([H:20])[H:21])([H:11])[C:2](=[O:1])[O:3][H:10])([H:12])[H:13])([H:14])[H:15])[H:17],16.0,1.0
3,-0.1037,AM1BCC,AmberTools,,,C,,4,[H:16][C:7]1([C:6]([C:5]([C:4]([C:9]([C:8]1([H:18])[H:19])([H:20])[H:21])([H:11])[C:2](=[O:1])[O:3][H:10])([H:12])[H:13])([H:14])[H:15])[H:17],16.0,1.0
4,-0.0719,AM1BCC,AmberTools,,,C,,5,[H:16][C:7]1([C:6]([C:5]([C:4]([C:9]([C:8]1([H:18])[H:19])([H:20])[H:21])([H:11])[C:2](=[O:1])[O:3][H:10])([H:12])[H:13])([H:14])[H:15])[H:17],16.0,1.0
5,-0.0784,AM1BCC,AmberTools,,,C,,6,[H:16][C:7]1([C:6]([C:5]([C:4]([C:9]([C:8]1([H:18])[H:19])([H:20])[H:21])([H:11])[C:2](=[O:1])[O:3][H:10])([H:12])[H:13])([H:14])[H:15])[H:17],16.0,1.0
6,-0.0774,AM1BCC,AmberTools,,,C,,7,[H:16][C:7]1([C:6]([C:5]([C:4]([C:9]([C:8]1([H:18])[H:19])([H:20])[H:21])([H:11])[C:2](=[O:1])[O:3][H:10])([H:12])[H:13])([H:14])[H:15])[H:17],16.0,1.0
7,-0.0784,AM1BCC,AmberTools,,,C,,8,[H:16][C:7]1([C:6]([C:5]([C:4]([C:9]([C:8]1([H:18])[H:19])([H:20])[H:21])([H:11])[C:2](=[O:1])[O:3][H:10])([H:12])[H:13])([H:14])[H:15])[H:17],16.0,1.0
8,-0.0719,AM1BCC,AmberTools,,,C,,9,[H:16][C:7]1([C:6]([C:5]([C:4]([C:9]([C:8]1([H:18])[H:19])([H:20])[H:21])([H:11])[C:2](=[O:1])[O:3][H:10])([H:12])[H:13])([H:14])[H:15])[H:17],16.0,1.0
9,0.442,AM1BCC,AmberTools,,,H,,10,[H:16][C:7]1([C:6]([C:5]([C:4]([C:9]([C:8]1([H:18])[H:19])([H:20])[H:21])([H:11])[C:2](=[O:1])[O:3][H:10])([H:12])[H:13])([H:14])[H:15])[H:17],16.0,1.0
10,0.0807,AM1BCC,AmberTools,,,H,,11,[H:16][C:7]1([C:6]([C:5]([C:4]([C:9]([C:8]1([H:18])[H:19])([H:20])[H:21])([H:11])[C:2](=[O:1])[O:3][H:10])([H:12])[H:13])([H:14])[H:15])[H:17],16.0,1.0
11,0.05445,AM1BCC,AmberTools,,,H,,12,[H:16][C:7]1([C:6]([C:5]([C:4]([C:9]([C:8]1([H:18])[H:19])([H:20])[H:21])([H:11])[C:2](=[O:1])[O:3][H:10])([H:12])[H:13])([H:14])[H:15])[H:17],16.0,1.0
12,0.05445,AM1BCC,AmberTools,,,H,,13,[H:16][C:7]1([C:6]([C:5]([C:4]([C:9]([C:8]1([H:18])[H:19])([H:20])[H:21])([H:11])[C:2](=[O:1])[O:3][H:10])([H:12])[H:13])([H:14])[H:15])[H:17],16.0,1.0
13,0.0462,AM1BCC,AmberTools,,,H,,14,[H:16][C:7]1([C:6]([C:5]([C:4]([C:9]([C:8]1([H:18])[H:19])([H:20])[H:21])([H:11])[C:2](=[O:1])[O:3][H:10])([H:12])[H:13])([H:14])[H:15])[H:17],16.0,1.0
14,0.0462,AM1BCC,AmberTools,,,H,,15,[H:16][C:7]1([C:6]([C:5]([C:4]([C:9]([C:8]1([H:18])[H:19])([H:20])[H:21])([H:11])[C:2](=[O:1])[O:3][H:10])([H:12])[H:13])([H:14])[H:15])[H:17],16.0,1.0
15,0.0412,AM1BCC,AmberTools,,,H,,16,[H:16][C:7]1([C:6]([C:5]([C:4]([C:9]([C:8]1([H:18])[H:19])([H:20])[H:21])([H:11])[C:2](=[O:1])[O:3][H:10])([H:12])[H:13])([H:14])[H:15])[H:17],16.0,1.0
16,0.0412,AM1BCC,AmberTools,,,H,,17,[H:16][C:7]1([C:6]([C:5]([C:4]([C:9]([C:8]1([H:18])[H:19])([H:20])[H:21])([H:11])[C:2](=[O:1])[O:3][H:10])([H:12])[H:13])([H:14])[H:15])[H:17],16.0,1.0
17,0.0462,AM1BCC,AmberTools,,,H,,18,[H:16][C:7]1([C:6]([C:5]([C:4]([C:9]([C:8]1([H:18])[H:19])([H:20])[H:21])([H:11])[C:2](=[O:1])[O:3][H:10])([H:12])[H:13])([H:14])[H:15])[H:17],16.0,1.0
18,0.0462,AM1BCC,AmberTools,,,H,,19,[H:16][C:7]1([C:6]([C:5]([C:4]([C:9]([C:8]1([H:18])[H:19])([H:20])[H:21])([H:11])[C:2](=[O:1])[O:3][H:10])([H:12])[H:13])([H:14])[H:15])[H:17],16.0,1.0
19,0.05445,AM1BCC,AmberTools,,,H,,20,[H:16][C:7]1([C:6]([C:5]([C:4]([C:9]([C:8]1([H:18])[H:19])([H:20])[H:21])([H:11])[C:2](=[O:1])[O:3][H:10])([H:12])[H:13])([H:14])[H:15])[H:17],16.0,1.0
20,0.05445,AM1BCC,AmberTools,,,H,,21,[H:16][C:7]1([C:6]([C:5]([C:4]([C:9]([C:8]1([H:18])[H:19])([H:20])[H:21])([H:11])[C:2](=[O:1])[O:3][H:10])([H:12])[H:13])([H:14])[H:15])[H:17],16.0,1.0
0,-0.5521500092886743,AM1BCC,OpenEye,,,O,,1,[H:16][C:7]1([C:6]([C:5]([C:4]([C:9]([C:8]1([H:18])[H:19])([H:20])[H:21])([H:11])[C:2](=[O:1])[O:3][H:10])([H:12])[H:13])([H:14])[H:15])[H:17],16.0,2.0
1,0.6359400170899573,AM1BCC,OpenEye,,,C,,2,[H:16][C:7]1([C:6]([C:5]([C:4]([C:9]([C:8]1([H:18])[H:19])([H:20])[H:21])([H:11])[C:2](=[O:1])[O:3][H:10])([H:12])[H:13])([H:14])[H:15])[H:17],16.0,2.0
2,-0.6023300272368249,AM1BCC,OpenEye,,,O,,3,[H:16][C:7]1([C:6]([C:5]([C:4]([C:9]([C:8]1([H:18])[H:19])([H:20])[H:21])([H:11])[C:2](=[O:1])[O:3][H:10])([H:12])[H:13])([H:14])[H:15])[H:17],16.0,2.0
3,-0.10310000003803343,AM1BCC,OpenEye,,,C,,4,[H:16][C:7]1([C:6]([C:5]([C:4]([C:9]([C:8]1([H:18])[H:19])([H:20])[H:21])([H:11])[C:2](=[O:1])[O:3][H:10])([H:12])[H:13])([H:14])[H:15])[H:17],16.0,2.0
4,-0.07292000026929946,AM1BCC,OpenEye,,,C,,5,[H:16][C:7]1([C:6]([C:5]([C:4]([C:9]([C:8]1([H:18])[H:19])([H:20])[H:21])([H:11])[C:2](=[O:1])[O:3][H:10])([H:12])[H:13])([H:14])[H:15])[H:17],16.0,2.0
5,-0.07655999632108779,AM1BCC,OpenEye,,,C,,6,[H:16][C:7]1([C:6]([C:5]([C:4]([C:9]([C:8]1([H:18])[H:19])([H:20])[H:21])([H:11])[C:2](=[O:1])[O:3][H:10])([H:12])[H:13])([H:14])[H:15])[H:17],16.0,2.0
6,-0.08459000112045378,AM1BCC,OpenEye,,,C,,7,[H:16][C:7]1([C:6]([C:5]([C:4]([C:9]([C:8]1([H:18])[H:19])([H:20])[H:21])([H:11])[C:2](=[O:1])[O:3][H:10])([H:12])[H:13])([H:14])[H:15])[H:17],16.0,2.0
7,-0.07655999632108779,AM1BCC,OpenEye,,,C,,8,[H:16][C:7]1([C:6]([C:5]([C:4]([C:9]([C:8]1([H:18])[H:19])([H:20])[H:21])([H:11])[C:2](=[O:1])[O:3][H:10])([H:12])[H:13])([H:14])[H:15])[H:17],16.0,2.0
8,-0.07292000026929946,AM1BCC,OpenEye,,,C,,9,[H:16][C:7]1([C:6]([C:5]([C:4]([C:9]([C:8]1([H:18])[H:19])([H:20])[H:21])([H:11])[C:2](=[O:1])[O:3][H:10])([H:12])[H:13])([H:14])[H:15])[H:17],16.0,2.0
9,0.4418399947739783,AM1BCC,OpenEye,,,H,,10,[H:16][C:7]1([C:6]([C:5]([C:4]([C:9]([C:8]1([H:18])[H:19])([H:20])[H:21])([H:11])[C:2](=[O:1])[O:3][H:10])([H:12])[H:13])([H:14])[H:15])[H:17],16.0,2.0
10,0.07672999976646333,AM1BCC,OpenEye,,,H,,11,[H:16][C:7]1([C:6]([C:5]([C:4]([C:9]([C:8]1([H:18])[H:19])([H:20])[H:21])([H:11])[C:2](=[O:1])[O:3][H:10])([H:12])[H:13])([H:14])[H:15])[H:17],16.0,2.0
11,0.054580001071805044,AM1BCC,OpenEye,,,H,,12,[H:16][C:7]1([C:6]([C:5]([C:4]([C:9]([C:8]1([H:18])[H:19])([H:20])[H:21])([H:11])[C:2](=[O:1])[O:3][H:10])([H:12])[H:13])([H:14])[H:15])[H:17],16.0,2.0
12,0.054580001071805044,AM1BCC,OpenEye,,,H,,13,[H:16][C:7]1([C:6]([C:5]([C:4]([C:9]([C:8]1([H:18])[H:19])([H:20])[H:21])([H:11])[C:2](=[O:1])[O:3][H:10])([H:12])[H:13])([H:14])[H:15])[H:17],16.0,2.0
13,0.041930003002995535,AM1BCC,OpenEye,,,H,,14,[H:16][C:7]1([C:6]([C:5]([C:4]([C:9]([C:8]1([H:18])[H:19])([H:20])[H:21])([H:11])[C:2](=[O:1])[O:3][H:10])([H:12])[H:13])([H:14])[H:15])[H:17],16.0,2.0
14,0.041930003002995535,AM1BCC,OpenEye,,,H,,15,[H:16][C:7]1([C:6]([C:5]([C:4]([C:9]([C:8]1([H:18])[H:19])([H:20])[H:21])([H:11])[C:2](=[O:1])[O:3][H:10])([H:12])[H:13])([H:14])[H:15])[H:17],16.0,2.0
15,0.050290001467579885,AM1BCC,OpenEye,,,H,,16,[H:16][C:7]1([C:6]([C:5]([C:4]([C:9]([C:8]1([H:18])[H:19])([H:20])[H:21])([H:11])[C:2](=[O:1])[O:3][H:10])([H:12])[H:13])([H:14])[H:15])[H:17],16.0,2.0
16,0.050290001467579885,AM1BCC,OpenEye,,,H,,17,[H:16][C:7]1([C:6]([C:5]([C:4]([C:9]([C:8]1([H:18])[H:19])([H:20])[H:21])([H:11])[C:2](=[O:1])[O:3][H:10])([H:12])[H:13])([H:14])[H:15])[H:17],16.0,2.0
17,0.041930003002995535,AM1BCC,OpenEye,,,H,,18,[H:16][C:7]1([C:6]([C:5]([C:4]([C:9]([C:8]1([H:18])[H:19])([H:20])[H:21])([H:11])[C:2](=[O:1])[O:3][H:10])([H:12])[H:13])([H:14])[H:15])[H:17],16.0,2.0
18,0.041930003002995535,AM1BCC,OpenEye,,,H,,19,[H:16][C:7]1([C:6]([C:5]([C:4]([C:9]([C:8]1([H:18])[H:19])([H:20])[H:21])([H:11])[C:2](=[O:1])[O:3][H:10])([H:12])[H:13])([H:14])[H:15])[H:17],16.0,2.0
19,0.054580001071805044,AM1BCC,OpenEye,,,H,,20,[H:16][C:7]1([C:6]([C:5]([C:4]([C:9]([C:8]1([H:18])[H:19])([H:20])[H:21])([H:11])[C:2](=[O:1])[O:3][H:10])([H:12])[H:13])([H:14])[H:15])[H:17],16.0,2.0
20,0.054580001071805044,AM1BCC,OpenEye,,,H,,21,[H:16][C:7]1([C:6]([C:5]([C:4]([C:9]([C:8]1([H:18])[H:19])([H:20])[H:21])([H:11])[C:2](=[O:1])[O:3][H:10])([H:12])[H:13])([H:14])[H:15])[H:17],16.0,2.0
0,-0.551,AM1BCC,AmberTools,,,O,,1,[H:16][C:7]1([C:6]([C:5]([C:4]([C:9]([C:8]1([H:18])[H:19])([H:20])[H:21])([H:11])[C:2](=[O:1])[O:3][H:10])([H:12])[H:13])([H:14])[H:15])[H:17],16.0,2.0
1,0.6361,AM1BCC,AmberTools,,,C,,2,[H:16][C:7]1([C:6]([C:5]([C:4]([C:9]([C:8]1([H:18])[H:19])([H:20])[H:21])([H:11])[C:2](=[O:1])[O:3][H:10])([H:12])[H:13])([H:14])[H:15])[H:17],16.0,2.0
2,-0.6111,AM1BCC,AmberTools,,,O,,3,[H:16][C:7]1([C:6]([C:5]([C:4]([C:9]([C:8]1([H:18])[H:19])([H:20])[H:21])([H:11])[C:2](=[O:1])[O:3][H:10])([H:12])[H:13])([H:14])[H:15])[H:17],16.0,2.0
3,-0.1037,AM1BCC,AmberTools,,,C,,4,[H:16][C:7]1([C:6]([C:5]([C:4]([C:9]([C:8]1([H:18])[H:19])([H:20])[H:21])([H:11])[C:2](=[O:1])[O:3][H:10])([H:12])[H:13])([H:14])[H:15])[H:17],16.0,2.0
4,-0.0719,AM1BCC,AmberTools,,,C,,5,[H:16][C:7]1([C:6]([C:5]([C:4]([C:9]([C:8]1([H:18])[H:19])([H:20])[H:21])([H:11])[C:2](=[O:1])[O:3][H:10])([H:12])[H:13])([H:14])[H:15])[H:17],16.0,2.0
5,-0.0784,AM1BCC,AmberTools,,,C,,6,[H:16][C:7]1([C:6]([C:5]([C:4]([C:9]([C:8]1([H:18])[H:19])([H:20])[H:21])([H:11])[C:2](=[O:1])[O:3][H:10])([H:12])[H:13])([H:14])[H:15])[H:17],16.0,2.0
6,-0.0774,AM1BCC,AmberTools,,,C,,7,[H:16][C:7]1([C:6]([C:5]([C:4]([C:9]([C:8]1([H:18])[H:19])([H:20])[H:21])([H:11])[C:2](=[O:1])[O:3][H:10])([H:12])[H:13])([H:14])[H:15])[H:17],16.0,2.0
7,-0.0784,AM1BCC,AmberTools,,,C,,8,[H:16][C:7]1([C:6]([C:5]([C:4]([C:9]([C:8]1([H:18])[H:19])([H:20])[H:21])([H:11])[C:2](=[O:1])[O:3][H:10])([H:12])[H:13])([H:14])[H:15])[H:17],16.0,2.0
8,-0.0719,AM1BCC,AmberTools,,,C,,9,[H:16][C:7]1([C:6]([C:5]([C:4]([C:9]([C:8]1([H:18])[H:19])([H:20])[H:21])([H:11])[C:2](=[O:1])[O:3][H:10])([H:12])[H:13])([H:14])[H:15])[H:17],16.0,2.0
9,0.442,AM1BCC,AmberTools,,,H,,10,[H:16][C:7]1([C:6]([C:5]([C:4]([C:9]([C:8]1([H:18])[H:19])([H:20])[H:21])([H:11])[C:2](=[O:1])[O:3][H:10])([H:12])[H:13])([H:14])[H:15])[H:17],16.0,2.0
10,0.0807,AM1BCC,AmberTools,,,H,,11,[H:16][C:7]1([C:6]([C:5]([C:4]([C:9]([C:8]1([H:18])[H:19])([H:20])[H:21])([H:11])[C:2](=[O:1])[O:3][H:10])([H:12])[H:13])([H:14])[H:15])[H:17],16.0,2.0
11,0.05445,AM1BCC,AmberTools,,,H,,12,[H:16][C:7]1([C:6]([C:5]([C:4]([C:9]([C:8]1([H:18])[H:19])([H:20])[H:21])([H:11])[C:2](=[O:1])[O:3][H:10])([H:12])[H:13])([H:14])[H:15])[H:17],16.0,2.0
12,0.05445,AM1BCC,AmberTools,,,H,,13,[H:16][C:7]1([C:6]([C:5]([C:4]([C:9]([C:8]1([H:18])[H:19])([H:20])[H:21])([H:11])[C:2](=[O:1])[O:3][H:10])([H:12])[H:13])([H:14])[H:15])[H:17],16.0,2.0
13,0.0462,AM1BCC,AmberTools,,,H,,14,[H:16][C:7]1([C:6]([C:5]([C:4]([C:9]([C:8]1([H:18])[H:19])([H:20])[H:21])([H:11])[C:2](=[O:1])[O:3][H:10])([H:12])[H:13])([H:14])[H:15])[H:17],16.0,2.0
14,0.0462,AM1BCC,AmberTools,,,H,,15,[H:16][C:7]1([C:6]([C:5]([C:4]([C:9]([C:8]1([H:18])[H:19])([H:20])[H:21])([H:11])[C:2](=[O:1])[O:3][H:10])([H:12])[H:13])([H:14])[H:15])[H:17],16.0,2.0
15,0.0412,AM1BCC,AmberTools,,,H,,16,[H:16][C:7]1([C:6]([C:5]([C:4]([C:9]([C:8]1([H:18])[H:19])([H:20])[H:21])([H:11])[C:2](=[O:1])[O:3][H:10])([H:12])[H:13])([H:14])[H:15])[H:17],16.0,2.0
16,0.0412,AM1BCC,AmberTools,,,H,,17,[H:16][C:7]1([C:6]([C:5]([C:4]([C:9]([C:8]1([H:18])[H:19])([H:20])[H:21])([H:11])[C:2](=[O:1])[O:3][H:10])([H:12])[H:13])([H:14])[H:15])[H:17],16.0,2.0
17,0.0462,AM1BCC,AmberTools,,,H,,18,[H:16][C:7]1([C:6]([C:5]([C:4]([C:9]([C:8]1([H:18])[H:19])([H:20])[H:21])([H:11])[C:2](=[O:1])[O:3][H:10])([H:12])[H:13])([H:14])[H:15])[H:17],16.0,2.0
18,0.0462,AM1BCC,AmberTools,,,H,,19,[H:16][C:7]1([C:6]([C:5]([C:4]([C:9]([C:8]1([H:18])[H:19])([H:20])[H:21])([H:11])[C:2](=[O:1])[O:3][H:10])([H:12])[H:13])([H:14])[H:15])[H:17],16.0,2.0
19,0.05445,AM1BCC,AmberTools,,,H,,20,[H:16][C:7]1([C:6]([C:5]([C:4]([C:9]([C:8]1([H:18])[H:19])([H:20])[H:21])([H:11])[C:2](=[O:1])[O:3][H:10])([H:12])[H:13])([H:14])[H:15])[H:17],16.0,2.0
20,0.05445,AM1BCC,AmberTools,,,H,,21,[H:16][C:7]1([C:6]([C:5]([C:4]([C:9]([C:8]1([H:18])[H:19])([H:20])[H:21])([H:11])[C:2](=[O:1])[O:3][H:10])([H:12])[H:13])([H:14])[H:15])[H:17],16.0,2.0
0,-0.5521500092886743,AM1BCC,OpenEye,,,O,,1,[H:16][C:7]1([C:6]([C:5]([C:4]([C:9]([C:8]1([H:18])[H:19])([H:20])[H:21])([H:11])[C:2](=[O:1])[O:3][H:10])([H:12])[H:13])([H:14])[H:15])[H:17],16.0,3.0
1,0.6359400170899573,AM1BCC,OpenEye,,,C,,2,[H:16][C:7]1([C:6]([C:5]([C:4]([C:9]([C:8]1([H:18])[H:19])([H:20])[H:21])([H:11])[C:2](=[O:1])[O:3][H:10])([H:12])[H:13])([H:14])[H:15])[H:17],16.0,3.0
2,-0.6023300272368249,AM1BCC,OpenEye,,,O,,3,[H:16][C:7]1([C:6]([C:5]([C:4]([C:9]([C:8]1([H:18])[H:19])([H:20])[H:21])([H:11])[C:2](=[O:1])[O:3][H:10])([H:12])[H:13])([H:14])[H:15])[H:17],16.0,3.0
3,-0.10310000003803343,AM1BCC,OpenEye,,,C,,4,[H:16][C:7]1([C:6]([C:5]([C:4]([C:9]([C:8]1([H:18])[H:19])([H:20])[H:21])([H:11])[C:2](=[O:1])[O:3][H:10])([H:12])[H:13])([H:14])[H:15])[H:17],16.0,3.0
4,-0.07292000026929946,AM1BCC,OpenEye,,,C,,5,[H:16][C:7]1([C:6]([C:5]([C:4]([C:9]([C:8]1([H:18])[H:19])([H:20])[H:21])([H:11])[C:2](=[O:1])[O:3][H:10])([H:12])[H:13])([H:14])[H:15])[H:17],16.0,3.0
5,-0.07655999632108779,AM1BCC,OpenEye,,,C,,6,[H:16][C:7]1([C:6]([C:5]([C:4]([C:9]([C:8]1([H:18])[H:19])([H:20])[H:21])([H:11])[C:2](=[O:1])[O:3][H:10])([H:12])[H:13])([H:14])[H:15])[H:17],16.0,3.0
6,-0.08459000112045378,AM1BCC,OpenEye,,,C,,7,[H:16][C:7]1([C:6]([C:5]([C:4]([C:9]([C:8]1([H:18])[H:19])([H:20])[H:21])([H:11])[C:2](=[O:1])[O:3][H:10])([H:12])[H:13])([H:14])[H:15])[H:17],16.0,3.0
7,-0.07655999632108779,AM1BCC,OpenEye,,,C,,8,[H:16][C:7]1([C:6]([C:5]([C:4]([C:9]([C:8]1([H:18])[H:19])([H:20])[H:21])([H:11])[C:2](=[O:1])[O:3][H:10])([H:12])[H:13])([H:14])[H:15])[H:17],16.0,3.0
8,-0.07292000026929946,AM1BCC,OpenEye,,,C,,9,[H:16][C:7]1([C:6]([C:5]([C:4]([C:9]([C:8]1([H:18])[H:19])([H:20])[H:21])([H:11])[C:2](=[O:1])[O:3][H:10])([H:12])[H:13])([H:14])[H:15])[H:17],16.0,3.0
9,0.4418399947739783,AM1BCC,OpenEye,,,H,,10,[H:16][C:7]1([C:6]([C:5]([C:4]([C:9]([C:8]1([H:18])[H:19])([H:20])[H:21])([H:11])[C:2](=[O:1])[O:3][H:10])([H:12])[H:13])([H:14])[H:15])[H:17],16.0,3.0
10,0.07672999976646333,AM1BCC,OpenEye,,,H,,11,[H:16][C:7]1([C:6]([C:5]([C:4]([C:9]([C:8]1([H:18])[H:19])([H:20])[H:21])([H:11])[C:2](=[O:1])[O:3][H:10])([H:12])[H:13])([H:14])[H:15])[H:17],16.0,3.0
11,0.054580001071805044,AM1BCC,OpenEye,,,H,,12,[H:16][C:7]1([C:6]([C:5]([C:4]([C:9]([C:8]1([H:18])[H:19])([H:20])[H:21])([H:11])[C:2](=[O:1])[O:3][H:10])([H:12])[H:13])([H:14])[H:15])[H:17],16.0,3.0
12,0.054580001071805044,AM1BCC,OpenEye,,,H,,13,[H:16][C:7]1([C:6]([C:5]([C:4]([C:9]([C:8]1([H:18])[H:19])([H:20])[H:21])([H:11])[C:2](=[O:1])[O:3][H:10])([H:12])[H:13])([H:14])[H:15])[H:17],16.0,3.0
13,0.041930003002995535,AM1BCC,OpenEye,,,H,,14,[H:16][C:7]1([C:6]([C:5]([C:4]([C:9]([C:8]1([H:18])[H:19])([H:20])[H:21])([H:11])[C:2](=[O:1])[O:3][H:10])([H:12])[H:13])([H:14])[H:15])[H:17],16.0,3.0
14,0.041930003002995535,AM1BCC,OpenEye,,,H,,15,[H:16][C:7]1([C:6]([C:5]([C:4]([C:9]([C:8]1([H:18])[H:19])([H:20])[H:21])([H:11])[C:2](=[O:1])[O:3][H:10])([H:12])[H:13])([H:14])[H:15])[H:17],16.0,3.0
15,0.050290001467579885,AM1BCC,OpenEye,,,H,,16,[H:16][C:7]1([C:6]([C:5]([C:4]([C:9]([C:8]1([H:18])[H:19])([H:20])[H:21])([H:11])[C:2](=[O:1])[O:3][H:10])([H:12])[H:13])([H:14])[H:15])[H:17],16.0,3.0
16,0.050290001467579885,AM1BCC,OpenEye,,,H,,17,[H:16][C:7]1([C:6]([C:5]([C:4]([C:9]([C:8]1([H:18])[H:19])([H:20])[H:21])([H:11])[C:2](=[O:1])[O:3][H:10])([H:12])[H:13])([H:14])[H:15])[H:17],16.0,3.0
17,0.041930003002995535,AM1BCC,OpenEye,,,H,,18,[H:16][C:7]1([C:6]([C:5]([C:4]([C:9]([C:8]1([H:18])[H:19])([H:20])[H:21])([H:11])[C:2](=[O:1])[O:3][H:10])([H:12])[H:13])([H:14])[H:15])[H:17],16.0,3.0
18,0.041930003002995535,AM1BCC,OpenEye,,,H,,19,[H:16][C:7]1([C:6]([C:5]([C:4]([C:9]([C:8]1([H:18])[H:19])([H:20])[H:21])([H:11])[C:2](=[O:1])[O:3][H:10])([H:12])[H:13])([H:14])[H:15])[H:17],16.0,3.0
19,0.054580001071805044,AM1BCC,OpenEye,,,H,,20,[H:16][C:7]1([C:6]([C:5]([C:4]([C:9]([C:8]1([H:18])[H:19])([H:20])[H:21])([H:11])[C:2](=[O:1])[O:3][H:10])([H:12])[H:13])([H:14])[H:15])[H:17],16.0,3.0
20,0.054580001071805044,AM1BCC,OpenEye,,,H,,21,[H:16][C:7]1([C:6]([C:5]([C:4]([C:9]([C:8]1([H:18])[H:19])([H:20])[H:21])([H:11])[C:2](=[O:1])[O:3][H:10])([H:12])[H:13])([H:14])[H:15])[H:17],16.0,3.0
0,-0.551,AM1BCC,AmberTools,,,O,,1,[H:16][C:7]1([C:6]([C:5]([C:4]([C:9]([C:8]1([H:18])[H:19])([H:20])[H:21])([H:11])[C:2](=[O:1])[O:3][H:10])([H:12])[H:13])([H:14])[H:15])[H:17],16.0,3.0
1,0.6361,AM1BCC,AmberTools,,,C,,2,[H:16][C:7]1([C:6]([C:5]([C:4]([C:9]([C:8]1([H:18])[H:19])([H:20])[H:21])([H:11])[C:2](=[O:1])[O:3][H:10])([H:12])[H:13])([H:14])[H:15])[H:17],16.0,3.0
2,-0.6111,AM1BCC,AmberTools,,,O,,3,[H:16][C:7]1([C:6]([C:5]([C:4]([C:9]([C:8]1([H:18])[H:19])([H:20])[H:21])([H:11])[C:2](=[O:1])[O:3][H:10])([H:12])[H:13])([H:14])[H:15])[H:17],16.0,3.0
3,-0.1037,AM1BCC,AmberTools,,,C,,4,[H:16][C:7]1([C:6]([C:5]([C:4]([C:9]([C:8]1([H:18])[H:19])([H:20])[H:21])([H:11])[C:2](=[O:1])[O:3][H:10])([H:12])[H:13])([H:14])[H:15])[H:17],16.0,3.0
4,-0.0719,AM1BCC,AmberTools,,,C,,5,[H:16][C:7]1([C:6]([C:5]([C:4]([C:9]([C:8]1([H:18])[H:19])([H:20])[H:21])([H:11])[C:2](=[O:1])[O:3][H:10])([H:12])[H:13])([H:14])[H:15])[H:17],16.0,3.0
5,-0.0784,AM1BCC,AmberTools,,,C,,6,[H:16][C:7]1([C:6]([C:5]([C:4]([C:9]([C:8]1([H:18])[H:19])([H:20])[H:21])([H:11])[C:2](=[O:1])[O:3][H:10])([H:12])[H:13])([H:14])[H:15])[H:17],16.0,3.0
6,-0.0774,AM1BCC,AmberTools,,,C,,7,[H:16][C:7]1([C:6]([C:5]([C:4]([C:9]([C:8]1([H:18])[H:19])([H:20])[H:21])([H:11])[C:2](=[O:1])[O:3][H:10])([H:12])[H:13])([H:14])[H:15])[H:17],16.0,3.0
7,-0.0784,AM1BCC,AmberTools,,,C,,8,[H:16][C:7]1([C:6]([C:5]([C:4]([C:9]([C:8]1([H:18])[H:19])([H:20])[H:21])([H:11])[C:2](=[O:1])[O:3][H:10])([H:12])[H:13])([H:14])[H:15])[H:17],16.0,3.0
8,-0.0719,AM1BCC,AmberTools,,,C,,9,[H:16][C:7]1([C:6]([C:5]([C:4]([C:9]([C:8]1([H:18])[H:19])([H:20])[H:21])([H:11])[C:2](=[O:1])[O:3][H:10])([H:12])[H:13])([H:14])[H:15])[H:17],16.0,3.0
9,0.442,AM1BCC,AmberTools,,,H,,10,[H:16][C:7]1([C:6]([C:5]([C:4]([C:9]([C:8]1([H:18])[H:19])([H:20])[H:21])([H:11])[C:2](=[O:1])[O:3][H:10])([H:12])[H:13])([H:14])[H:15])[H:17],16.0,3.0
10,0.0807,AM1BCC,AmberTools,,,H,,11,[H:16][C:7]1([C:6]([C:5]([C:4]([C:9]([C:8]1([H:18])[H:19])([H:20])[H:21])([H:11])[C:2](=[O:1])[O:3][H:10])([H:12])[H:13])([H:14])[H:15])[H:17],16.0,3.0
11,0.05445,AM1BCC,AmberTools,,,H,,12,[H:16][C:7]1([C:6]([C:5]([C:4]([C:9]([C:8]1([H:18])[H:19])([H:20])[H:21])([H:11])[C:2](=[O:1])[O:3][H:10])([H:12])[H:13])([H:14])[H:15])[H:17],16.0,3.0
12,0.05445,AM1BCC,AmberTools,,,H,,13,[H:16][C:7]1([C:6]([C:5]([C:4]([C:9]([C:8]1([H:18])[H:19])([H:20])[H:21])([H:11])[C:2](=[O:1])[O:3][H:10])([H:12])[H:13])([H:14])[H:15])[H:17],16.0,3.0
13,0.0462,AM1BCC,AmberTools,,,H,,14,[H:16][C:7]1([C:6]([C:5]([C:4]([C:9]([C:8]1([H:18])[H:19])([H:20])[H:21])([H:11])[C:2](=[O:1])[O:3][H:10])([H:12])[H:13])([H:14])[H:15])[H:17],16.0,3.0
14,0.0462,AM1BCC,AmberTools,,,H,,15,[H:16][C:7]1([C:6]([C:5]([C:4]([C:9]([C:8]1([H:18])[H:19])([H:20])[H:21])([H:11])[C:2](=[O:1])[O:3][H:10])([H:12])[H:13])([H:14])[H:15])[H:17],16.0,3.0
15,0.0412,AM1BCC,AmberTools,,,H,,16,[H:16][C:7]1([C:6]([C:5]([C:4]([C:9]([C:8]1([H:18])[H:19])([H:20])[H:21])([H:11])[C:2](=[O:1])[O:3][H:10])([H:12])[H:13])([H:14])[H:15])[H:17],16.0,3.0
16,0.0412,AM1BCC,AmberTools,,,H,,17,[H:16][C:7]1([C:6]([C:5]([C:4]([C:9]([C:8]1([H:18])[H:19])([H:20])[H:21])([H:11])[C:2](=[O:1])[O:3][H:10])([H:12])[H:13])([H:14])[H:15])[H:17],16.0,3.0
17,0.0462,AM1BCC,AmberTools,,,H,,18,[H:16][C:7]1([C:6]([C:5]([C:4]([C:9]([C:8]1([H:18])[H:19])([H:20])[H:21])([H:11])[C:2](=[O:1])[O:3][H:10])([H:12])[H:13])([H:14])[H:15])[H:17],16.0,3.0
18,0.0462,AM1BCC,AmberTools,,,H,,19,[H:16][C:7]1([C:6]([C:5]([C:4]([C:9]([C:8]1([H:18])[H:19])([H:20])[H:21])([H:11])[C:2](=[O:1])[O:3][H:10])([H:12])[H:13])([H:14])[H:15])[H:17],16.0,3.0
19,0.05445,AM1BCC,AmberTools,,,H,,20,[H:16][C:7]1([C:6]([C:5]([C:4]([C:9]([C:8]1([H:18])[H:19])([H:20])[H:21])([H:11])[C:2](=[O:1])[O:3][H:10])([H:12])[H:13])([H:14])[H:15])[H:17],16.0,3.0
20,0.05445,AM1BCC,AmberTools,,,H,,21,[H:16][C:7]1([C:6]([C:5]([C:4]([C:9]([C:8]1([H:18])[H:19])([H:20])[H:21])([H:11])[C:2](=[O:1])[O:3][H:10])([H:12])[H:13])([H:14])[H:15])[H:17],16.0,3.0
0,-0.5521500092886743,AM1BCC,OpenEye,,,O,,1,[H:16][C:7]1([C:6]([C:5]([C:4]([C:9]([C:8]1([H:18])[H:19])([H:20])[H:21])([H:11])[C:2](=[O:1])[O:3][H:10])([H:12])[H:13])([H:14])[H:15])[H:17],16.0,4.0
1,0.6359400170899573,AM1BCC,OpenEye,,,C,,2,[H:16][C:7]1([C:6]([C:5]([C:4]([C:9]([C:8]1([H:18])[H:19])([H:20])[H:21])([H:11])[C:2](=[O:1])[O:3][H:10])([H:12])[H:13])([H:14])[H:15])[H:17],16.0,4.0
2,-0.6023300272368249,AM1BCC,OpenEye,,,O,,3,[H:16][C:7]1([C:6]([C:5]([C:4]([C:9]([C:8]1([H:18])[H:19])([H:20])[H:21])([H:11])[C:2](=[O:1])[O:3][H:10])([H:12])[H:13])([H:14])[H:15])[H:17],16.0,4.0
3,-0.10310000003803343,AM1BCC,OpenEye,,,C,,4,[H:16][C:7]1([C:6]([C:5]([C:4]([C:9]([C:8]1([H:18])[H:19])([H:20])[H:21])([H:11])[C:2](=[O:1])[O:3][H:10])([H:12])[H:13])([H:14])[H:15])[H:17],16.0,4.0
4,-0.07292000026929946,AM1BCC,OpenEye,,,C,,5,[H:16][C:7]1([C:6]([C:5]([C:4]([C:9]([C:8]1([H:18])[H:19])([H:20])[H:21])([H:11])[C:2](=[O:1])[O:3][H:10])([H:12])[H:13])([H:14])[H:15])[H:17],16.0,4.0
5,-0.07655999632108779,AM1BCC,OpenEye,,,C,,6,[H:16][C:7]1([C:6]([C:5]([C:4]([C:9]([C:8]1([H:18])[H:19])([H:20])[H:21])([H:11])[C:2](=[O:1])[O:3][H:10])([H:12])[H:13])([H:14])[H:15])[H:17],16.0,4.0
6,-0.08459000112045378,AM1BCC,OpenEye,,,C,,7,[H:16][C:7]1([C:6]([C:5]([C:4]([C:9]([C:8]1([H:18])[H:19])([H:20])[H:21])([H:11])[C:2](=[O:1])[O:3][H:10])([H:12])[H:13])([H:14])[H:15])[H:17],16.0,4.0
7,-0.07655999632108779,AM1BCC,OpenEye,,,C,,8,[H:16][C:7]1([C:6]([C:5]([C:4]([C:9]([C:8]1([H:18])[H:19])([H:20])[H:21])([H:11])[C:2](=[O:1])[O:3][H:10])([H:12])[H:13])([H:14])[H:15])[H:17],16.0,4.0
8,-0.07292000026929946,AM1BCC,OpenEye,,,C,,9,[H:16][C:7]1([C:6]([C:5]([C:4]([C:9]([C:8]1([H:18])[H:19])([H:20])[H:21])([H:11])[C:2](=[O:1])[O:3][H:10])([H:12])[H:13])([H:14])[H:15])[H:17],16.0,4.0
9,0.4418399947739783,AM1BCC,OpenEye,,,H,,10,[H:16][C:7]1([C:6]([C:5]([C:4]([C:9]([C:8]1([H:18])[H:19])([H:20])[H:21])([H:11])[C:2](=[O:1])[O:3][H:10])([H:12])[H:13])([H:14])[H:15])[H:17],16.0,4.0
10,0.07672999976646333,AM1BCC,OpenEye,,,H,,11,[H:16][C:7]1([C:6]([C:5]([C:4]([C:9]([C:8]1([H:18])[H:19])([H:20])[H:21])([H:11])[C:2](=[O:1])[O:3][H:10])([H:12])[H:13])([H:14])[H:15])[H:17],16.0,4.0
11,0.054580001071805044,AM1BCC,OpenEye,,,H,,12,[H:16][C:7]1([C:6]([C:5]([C:4]([C:9]([C:8]1([H:18])[H:19])([H:20])[H:21])([H:11])[C:2](=[O:1])[O:3][H:10])([H:12])[H:13])([H:14])[H:15])[H:17],16.0,4.0
12,0.054580001071805044,AM1BCC,OpenEye,,,H,,13,[H:16][C:7]1([C:6]([C:5]([C:4]([C:9]([C:8]1([H:18])[H:19])([H:20])[H:21])([H:11])[C:2](=[O:1])[O:3][H:10])([H:12])[H:13])([H:14])[H:15])[H:17],16.0,4.0
13,0.041930003002995535,AM1BCC,OpenEye,,,H,,14,[H:16][C:7]1([C:6]([C:5]([C:4]([C:9]([C:8]1([H:18])[H:19])([H:20])[H:21])([H:11])[C:2](=[O:1])[O:3][H:10])([H:12])[H:13])([H:14])[H:15])[H:17],16.0,4.0
14,0.041930003002995535,AM1BCC,OpenEye,,,H,,15,[H:16][C:7]1([C:6]([C:5]([C:4]([C:9]([C:8]1([H:18])[H:19])([H:20])[H:21])([H:11])[C:2](=[O:1])[O:3][H:10])([H:12])[H:13])([H:14])[H:15])[H:17],16.0,4.0
15,0.050290001467579885,AM1BCC,OpenEye,,,H,,16,[H:16][C:7]1([C:6]([C:5]([C:4]([C:9]([C:8]1([H:18])[H:19])([H:20])[H:21])([H:11])[C:2](=[O:1])[O:3][H:10])([H:12])[H:13])([H:14])[H:15])[H:17],16.0,4.0
16,0.050290001467579885,AM1BCC,OpenEye,,,H,,17,[H:16][C:7]1([C:6]([C:5]([C:4]([C:9]([C:8]1([H:18])[H:19])([H:20])[H:21])([H:11])[C:2](=[O:1])[O:3][H:10])([H:12])[H:13])([H:14])[H:15])[H:17],16.0,4.0
17,0.041930003002995535,AM1BCC,OpenEye,,,H,,18,[H:16][C:7]1([C:6]([C:5]([C:4]([C:9]([C:8]1([H:18])[H:19])([H:20])[H:21])([H:11])[C:2](=[O:1])[O:3][H:10])([H:12])[H:13])([H:14])[H:15])[H:17],16.0,4.0
18,0.041930003002995535,AM1BCC,OpenEye,,,H,,19,[H:16][C:7]1([C:6]([C:5]([C:4]([C:9]([C:8]1([H:18])[H:19])([H:20])[H:21])([H:11])[C:2](=[O:1])[O:3][H:10])([H:12])[H:13])([H:14])[H:15])[H:17],16.0,4.0
19,0.054580001071805044,AM1BCC,OpenEye,,,H,,20,[H:16][C:7]1([C:6]([C:5]([C:4]([C:9]([C:8]1([H:18])[H:19])([H:20])[H:21])([H:11])[C:2](=[O:1])[O:3][H:10])([H:12])[H:13])([H:14])[H:15])[H:17],16.0,4.0
20,0.054580001071805044,AM1BCC,OpenEye,,,H,,21,[H:16][C:7]1([C:6]([C:5]([C:4]([C:9]([C:8]1([H:18])[H:19])([H:20])[H:21])([H:11])[C:2](=[O:1])[O:3][H:10])([H:12])[H:13])([H:14])[H:15])[H:17],16.0,4.0
0,-0.551,AM1BCC,AmberTools,,,O,,1,[H:16][C:7]1([C:6]([C:5]([C:4]([C:9]([C:8]1([H:18])[H:19])([H:20])[H:21])([H:11])[C:2](=[O:1])[O:3][H:10])([H:12])[H:13])([H:14])[H:15])[H:17],16.0,4.0
1,0.6361,AM1BCC,AmberTools,,,C,,2,[H:16][C:7]1([C:6]([C:5]([C:4]([C:9]([C:8]1([H:18])[H:19])([H:20])[H:21])([H:11])[C:2](=[O:1])[O:3][H:10])([H:12])[H:13])([H:14])[H:15])[H:17],16.0,4.0
2,-0.6111,AM1BCC,AmberTools,,,O,,3,[H:16][C:7]1([C:6]([C:5]([C:4]([C:9]([C:8]1([H:18])[H:19])([H:20])[H:21])([H:11])[C:2](=[O:1])[O:3][H:10])([H:12])[H:13])([H:14])[H:15])[H:17],16.0,4.0
3,-0.1037,AM1BCC,AmberTools,,,C,,4,[H:16][C:7]1([C:6]([C:5]([C:4]([C:9]([C:8]1([H:18])[H:19])([H:20])[H:21])([H:11])[C:2](=[O:1])[O:3][H:10])([H:12])[H:13])([H:14])[H:15])[H:17],16.0,4.0
4,-0.0719,AM1BCC,AmberTools,,,C,,5,[H:16][C:7]1([C:6]([C:5]([C:4]([C:9]([C:8]1([H:18])[H:19])([H:20])[H:21])([H:11])[C:2](=[O:1])[O:3][H:10])([H:12])[H:13])([H:14])[H:15])[H:17],16.0,4.0
5,-0.0784,AM1BCC,AmberTools,,,C,,6,[H:16][C:7]1([C:6]([C:5]([C:4]([C:9]([C:8]1([H:18])[H:19])([H:20])[H:21])([H:11])[C:2](=[O:1])[O:3][H:10])([H:12])[H:13])([H:14])[H:15])[H:17],16.0,4.0
6,-0.0774,AM1BCC,AmberTools,,,C,,7,[H:16][C:7]1([C:6]([C:5]([C:4]([C:9]([C:8]1([H:18])[H:19])([H:20])[H:21])([H:11])[C:2](=[O:1])[O:3][H:10])([H:12])[H:13])([H:14])[H:15])[H:17],16.0,4.0
7,-0.0784,AM1BCC,AmberTools,,,C,,8,[H:16][C:7]1([C:6]([C:5]([C:4]([C:9]([C:8]1([H:18])[H:19])([H:20])[H:21])([H:11])[C:2](=[O:1])[O:3][H:10])([H:12])[H:13])([H:14])[H:15])[H:17],16.0,4.0
8,-0.0719,AM1BCC,AmberTools,,,C,,9,[H:16][C:7]1([C:6]([C:5]([C:4]([C:9]([C:8]1([H:18])[H:19])([H:20])[H:21])([H:11])[C:2](=[O:1])[O:3][H:10])([H:12])[H:13])([H:14])[H:15])[H:17],16.0,4.0
9,0.442,AM1BCC,AmberTools,,,H,,10,[H:16][C:7]1([C:6]([C:5]([C:4]([C:9]([C:8]1([H:18])[H:19])([H:20])[H:21])([H:11])[C:2](=[O:1])[O:3][H:10])([H:12])[H:13])([H:14])[H:15])[H:17],16.0,4.0
10,0.0807,AM1BCC,AmberTools,,,H,,11,[H:16][C:7]1([C:6]([C:5]([C:4]([C:9]([C:8]1([H:18])[H:19])([H:20])[H:21])([H:11])[C:2](=[O:1])[O:3][H:10])([H:12])[H:13])([H:14])[H:15])[H:17],16.0,4.0
11,0.05445,AM1BCC,AmberTools,,,H,,12,[H:16][C:7]1([C:6]([C:5]([C:4]([C:9]([C:8]1([H:18])[H:19])([H:20])[H:21])([H:11])[C:2](=[O:1])[O:3][H:10])([H:12])[H:13])([H:14])[H:15])[H:17],16.0,4.0
12,0.05445,AM1BCC,AmberTools,,,H,,13,[H:16][C:7]1([C:6]([C:5]([C:4]([C:9]([C:8]1([H:18])[H:19])([H:20])[H:21])([H:11])[C:2](=[O:1])[O:3][H:10])([H:12])[H:13])([H:14])[H:15])[H:17],16.0,4.0
13,0.0462,AM1BCC,AmberTools,,,H,,14,[H:16][C:7]1([C:6]([C:5]([C:4]([C:9]([C:8]1([H:18])[H:19])([H:20])[H:21])([H:11])[C:2](=[O:1])[O:3][H:10])([H:12])[H:13])([H:14])[H:15])[H:17],16.0,4.0
14,0.0462,AM1BCC,AmberTools,,,H,,15,[H:16][C:7]1([C:6]([C:5]([C:4]([C:9]([C:8]1([H:18])[H:19])([H:20])[H:21])([H:11])[C:2](=[O:1])[O:3][H:10])([H:12])[H:13])([H:14])[H:15])[H:17],16.0,4.0
15,0.0412,AM1BCC,AmberTools,,,H,,16,[H:16][C:7]1([C:6]([C:5]([C:4]([C:9]([C:8]1([H:18])[H:19])([H:20])[H:21])([H:11])[C:2](=[O:1])[O:3][H:10])([H:12])[H:13])([H:14])[H:15])[H:17],16.0,4.0
16,0.0412,AM1BCC,AmberTools,,,H,,17,[H:16][C:7]1([C:6]([C:5]([C:4]([C:9]([C:8]1([H:18])[H:19])([H:20])[H:21])([H:11])[C:2](=[O:1])[O:3][H:10])([H:12])[H:13])([H:14])[H:15])[H:17],16.0,4.0
17,0.0462,AM1BCC,AmberTools,,,H,,18,[H:16][C:7]1([C:6]([C:5]([C:4]([C:9]([C:8]1([H:18])[H:19])([H:20])[H:21])([H:11])[C:2](=[O:1])[O:3][H:10])([H:12])[H:13])([H:14])[H:15])[H:17],16.0,4.0
18,0.0462,AM1BCC,AmberTools,,,H,,19,[H:16][C:7]1([C:6]([C:5]([C:4]([C:9]([C:8]1([H:18])[H:19])([H:20])[H:21])([H:11])[C:2](=[O:1])[O:3][H:10])([H:12])[H:13])([H:14])[H:15])[H:17],16.0,4.0
19,0.05445,AM1BCC,AmberTools,,,H,,20,[H:16][C:7]1([C:6]([C:5]([C:4]([C:9]([C:8]1([H:18])[H:19])([H:20])[H:21])([H:11])[C:2](=[O:1])[O:3][H:10])([H:12])[H:13])([H:14])[H:15])[H:17],16.0,4.0
20,0.05445,AM1BCC,AmberTools,,,H,,21,[H:16][C:7]1([C:6]([C:5]([C:4]([C:9]([C:8]1([H:18])[H:19])([H:20])[H:21])([H:11])[C:2](=[O:1])[O:3][H:10])([H:12])[H:13])([H:14])[H:15])[H:17],16.0,4.0
0,-0.5521500092886743,AM1BCC,OpenEye,,,O,,1,[H:16][C:7]1([C:6]([C:5]([C:4]([C:9]([C:8]1([H:18])[H:19])([H:20])[H:21])([H:11])[C:2](=[O:1])[O:3][H:10])([H:12])[H:13])([H:14])[H:15])[H:17],16.0,5.0
1,0.6359400170899573,AM1BCC,OpenEye,,,C,,2,[H:16][C:7]1([C:6]([C:5]([C:4]([C:9]([C:8]1([H:18])[H:19])([H:20])[H:21])([H:11])[C:2](=[O:1])[O:3][H:10])([H:12])[H:13])([H:14])[H:15])[H:17],16.0,5.0
2,-0.6023300272368249,AM1BCC,OpenEye,,,O,,3,[H:16][C:7]1([C:6]([C:5]([C:4]([C:9]([C:8]1([H:18])[H:19])([H:20])[H:21])([H:11])[C:2](=[O:1])[O:3][H:10])([H:12])[H:13])([H:14])[H:15])[H:17],16.0,5.0
3,-0.10310000003803343,AM1BCC,OpenEye,,,C,,4,[H:16][C:7]1([C:6]([C:5]([C:4]([C:9]([C:8]1([H:18])[H:19])([H:20])[H:21])([H:11])[C:2](=[O:1])[O:3][H:10])([H:12])[H:13])([H:14])[H:15])[H:17],16.0,5.0
4,-0.07292000026929946,AM1BCC,OpenEye,,,C,,5,[H:16][C:7]1([C:6]([C:5]([C:4]([C:9]([C:8]1([H:18])[H:19])([H:20])[H:21])([H:11])[C:2](=[O:1])[O:3][H:10])([H:12])[H:13])([H:14])[H:15])[H:17],16.0,5.0
5,-0.07655999632108779,AM1BCC,OpenEye,,,C,,6,[H:16][C:7]1([C:6]([C:5]([C:4]([C:9]([C:8]1([H:18])[H:19])([H:20])[H:21])([H:11])[C:2](=[O:1])[O:3][H:10])([H:12])[H:13])([H:14])[H:15])[H:17],16.0,5.0
6,-0.08459000112045378,AM1BCC,OpenEye,,,C,,7,[H:16][C:7]1([C:6]([C:5]([C:4]([C:9]([C:8]1([H:18])[H:19])([H:20])[H:21])([H:11])[C:2](=[O:1])[O:3][H:10])([H:12])[H:13])([H:14])[H:15])[H:17],16.0,5.0
7,-0.07655999632108779,AM1BCC,OpenEye,,,C,,8,[H:16][C:7]1([C:6]([C:5]([C:4]([C:9]([C:8]1([H:18])[H:19])([H:20])[H:21])([H:11])[C:2](=[O:1])[O:3][H:10])([H:12])[H:13])([H:14])[H:15])[H:17],16.0,5.0
8,-0.07292000026929946,AM1BCC,OpenEye,,,C,,9,[H:16][C:7]1([C:6]([C:5]([C:4]([C:9]([C:8]1([H:18])[H:19])([H:20])[H:21])([H:11])[C:2](=[O:1])[O:3][H:10])([H:12])[H:13])([H:14])[H:15])[H:17],16.0,5.0
9,0.4418399947739783,AM1BCC,OpenEye,,,H,,10,[H:16][C:7]1([C:6]([C:5]([C:4]([C:9]([C:8]1([H:18])[H:19])([H:20])[H:21])([H:11])[C:2](=[O:1])[O:3][H:10])([H:12])[H:13])([H:14])[H:15])[H:17],16.0,5.0
10,0.07672999976646333,AM1BCC,OpenEye,,,H,,11,[H:16][C:7]1([C:6]([C:5]([C:4]([C:9]([C:8]1([H:18])[H:19])([H:20])[H:21])([H:11])[C:2](=[O:1])[O:3][H:10])([H:12])[H:13])([H:14])[H:15])[H:17],16.0,5.0
11,0.054580001071805044,AM1BCC,OpenEye,,,H,,12,[H:16][C:7]1([C:6]([C:5]([C:4]([C:9]([C:8]1([H:18])[H:19])([H:20])[H:21])([H:11])[C:2](=[O:1])[O:3][H:10])([H:12])[H:13])([H:14])[H:15])[H:17],16.0,5.0
12,0.054580001071805044,AM1BCC,OpenEye,,,H,,13,[H:16][C:7]1([C:6]([C:5]([C:4]([C:9]([C:8]1([H:18])[H:19])([H:20])[H:21])([H:11])[C:2](=[O:1])[O:3][H:10])([H:12])[H:13])([H:14])[H:15])[H:17],16.0,5.0
13,0.041930003002995535,AM1BCC,OpenEye,,,H,,14,[H:16][C:7]1([C:6]([C:5]([C:4]([C:9]([C:8]1([H:18])[H:19])([H:20])[H:21])([H:11])[C:2](=[O:1])[O:3][H:10])([H:12])[H:13])([H:14])[H:15])[H:17],16.0,5.0
14,0.041930003002995535,AM1BCC,OpenEye,,,H,,15,[H:16][C:7]1([C:6]([C:5]([C:4]([C:9]([C:8]1([H:18])[H:19])([H:20])[H:21])([H:11])[C:2](=[O:1])[O:3][H:10])([H:12])[H:13])([H:14])[H:15])[H:17],16.0,5.0
15,0.050290001467579885,AM1BCC,OpenEye,,,H,,16,[H:16][C:7]1([C:6]([C:5]([C:4]([C:9]([C:8]1([H:18])[H:19])([H:20])[H:21])([H:11])[C:2](=[O:1])[O:3][H:10])([H:12])[H:13])([H:14])[H:15])[H:17],16.0,5.0
16,0.050290001467579885,AM1BCC,OpenEye,,,H,,17,[H:16][C:7]1([C:6]([C:5]([C:4]([C:9]([C:8]1([H:18])[H:19])([H:20])[H:21])([H:11])[C:2](=[O:1])[O:3][H:10])([H:12])[H:13])([H:14])[H:15])[H:17],16.0,5.0
17,0.041930003002995535,AM1BCC,OpenEye,,,H,,18,[H:16][C:7]1([C:6]([C:5]([C:4]([C:9]([C:8]1([H:18])[H:19])([H:20])[H:21])([H:11])[C:2](=[O:1])[O:3][H:10])([H:12])[H:13])([H:14])[H:15])[H:17],16.0,5.0
18,0.041930003002995535,AM1BCC,OpenEye,,,H,,19,[H:16][C:7]1([C:6]([C:5]([C:4]([C:9]([C:8]1([H:18])[H:19])([H:20])[H:21])([H:11])[C:2](=[O:1])[O:3][H:10])([H:12])[H:13])([H:14])[H:15])[H:17],16.0,5.0
19,0.054580001071805044,AM1BCC,OpenEye,,,H,,20,[H:16][C:7]1([C:6]([C:5]([C:4]([C:9]([C:8]1([H:18])[H:19])([H:20])[H:21])([H:11])[C:2](=[O:1])[O:3][H:10])([H:12])[H:13])([H:14])[H:15])[H:17],16.0,5.0
20,0.054580001071805044,AM1BCC,OpenEye,,,H,,21,[H:16][C:7]1([C:6]([C:5]([C:4]([C:9]([C:8]1([H:18])[H:19])([H:20])[H:21])([H:11])[C:2](=[O:1])[O:3][H:10])([H:12])[H:13])([H:14])[H:15])[H:17],16.0,5.0
0,-0.5510476190476191,AM1BCC,AmberTools,,,O,,1,[H:16][C:7]1([C:6]([C:5]([C:4]([C:9]([C:8]1([H:18])[H:19])([H:20])[H:21])([H:11])[C:2](=[O:1])[O:3][H:10])([H:12])[H:13])([H:14])[H:15])[H:17],16.0,5.0
1,0.6360523809523809,AM1BCC,AmberTools,,,C,,2,[H:16][C:7]1([C:6]([C:5]([C:4]([C:9]([C:8]1([H:18])[H:19])([H:20])[H:21])([H:11])[C:2](=[O:1])[O:3][H:10])([H:12])[H:13])([H:14])[H:15])[H:17],16.0,5.0
2,-0.611147619047619,AM1BCC,AmberTools,,,O,,3,[H:16][C:7]1([C:6]([C:5]([C:4]([C:9]([C:8]1([H:18])[H:19])([H:20])[H:21])([H:11])[C:2](=[O:1])[O:3][H:10])([H:12])[H:13])([H:14])[H:15])[H:17],16.0,5.0
3,-0.10374761904761905,AM1BCC,AmberTools,,,C,,4,[H:16][C:7]1([C:6]([C:5]([C:4]([C:9]([C:8]1([H:18])[H:19])([H:20])[H:21])([H:11])[C:2](=[O:1])[O:3][H:10])([H:12])[H:13])([H:14])[H:15])[H:17],16.0,5.0
4,-0.07194761904761905,AM1BCC,AmberTools,,,C,,5,[H:16][C:7]1([C:6]([C:5]([C:4]([C:9]([C:8]1([H:18])[H:19])([H:20])[H:21])([H:11])[C:2](=[O:1])[O:3][H:10])([H:12])[H:13])([H:14])[H:15])[H:17],16.0,5.0
5,-0.07844761904761904,AM1BCC,AmberTools,,,C,,6,[H:16][C:7]1([C:6]([C:5]([C:4]([C:9]([C:8]1([H:18])[H:19])([H:20])[H:21])([H:11])[C:2](=[O:1])[O:3][H:10])([H:12])[H:13])([H:14])[H:15])[H:17],16.0,5.0
6,-0.07744761904761904,AM1BCC,AmberTools,,,C,,7,[H:16][C:7]1([C:6]([C:5]([C:4]([C:9]([C:8]1([H:18])[H:19])([H:20])[H:21])([H:11])[C:2](=[O:1])[O:3][H:10])([H:12])[H:13])([H:14])[H:15])[H:17],16.0,5.0
7,-0.07844761904761904,AM1BCC,AmberTools,,,C,,8,[H:16][C:7]1([C:6]([C:5]([C:4]([C:9]([C:8]1([H:18])[H:19])([H:20])[H:21])([H:11])[C:2](=[O:1])[O:3][H:10])([H:12])[H:13])([H:14])[H:15])[H:17],16.0,5.0
8,-0.07194761904761905,AM1BCC,AmberTools,,,C,,9,[H:16][C:7]1([C:6]([C:5]([C:4]([C:9]([C:8]1([H:18])[H:19])([H:20])[H:21])([H:11])[C:2](=[O:1])[O:3][H:10])([H:12])[H:13])([H:14])[H:15])[H:17],16.0,5.0
9,0.441952380952381,AM1BCC,AmberTools,,,H,,10,[H:16][C:7]1([C:6]([C:5]([C:4]([C:9]([C:8]1([H:18])[H:19])([H:20])[H:21])([H:11])[C:2](=[O:1])[O:3][H:10])([H:12])[H:13])([H:14])[H:15])[H:17],16.0,5.0
10,0.08065238095238095,AM1BCC,AmberTools,,,H,,11,[H:16][C:7]1([C:6]([C:5]([C:4]([C:9]([C:8]1([H:18])[H:19])([H:20])[H:21])([H:11])[C:2](=[O:1])[O:3][H:10])([H:12])[H:13])([H:14])[H:15])[H:17],16.0,5.0
11,0.05440238095238096,AM1BCC,AmberTools,,,H,,12,[H:16][C:7]1([C:6]([C:5]([C:4]([C:9]([C:8]1([H:18])[H:19])([H:20])[H:21])([H:11])[C:2](=[O:1])[O:3][H:10])([H:12])[H:13])([H:14])[H:15])[H:17],16.0,5.0
12,0.05440238095238096,AM1BCC,AmberTools,,,H,,13,[H:16][C:7]1([C:6]([C:5]([C:4]([C:9]([C:8]1([H:18])[H:19])([H:20])[H:21])([H:11])[C:2](=[O:1])[O:3][H:10])([H:12])[H:13])([H:14])[H:15])[H:17],16.0,5.0
13,0.04640238095238096,AM1BCC,AmberTools,,,H,,14,[H:16][C:7]1([C:6]([C:5]([C:4]([C:9]([C:8]1([H:18])[H:19])([H:20])[H:21])([H:11])[C:2](=[O:1])[O:3][H:10])([H:12])[H:13])([H:14])[H:15])[H:17],16.0,5.0
14,0.04640238095238096,AM1BCC,AmberTools,,,H,,15,[H:16][C:7]1([C:6]([C:5]([C:4]([C:9]([C:8]1([H:18])[H:19])([H:20])[H:21])([H:11])[C:2](=[O:1])[O:3][H:10])([H:12])[H:13])([H:14])[H:15])[H:17],16.0,5.0
15,0.04115238095238096,AM1BCC,AmberTools,,,H,,16,[H:16][C:7]1([C:6]([C:5]([C:4]([C:9]([C:8]1([H:18])[H:19])([H:20])[H:21])([H:11])[C:2](=[O:1])[O:3][H:10])([H:12])[H:13])([H:14])[H:15])[H:17],16.0,5.0
16,0.04115238095238096,AM1BCC,AmberTools,,,H,,17,[H:16][C:7]1([C:6]([C:5]([C:4]([C:9]([C:8]1([H:18])[H:19])([H:20])[H:21])([H:11])[C:2](=[O:1])[O:3][H:10])([H:12])[H:13])([H:14])[H:15])[H:17],16.0,5.0
17,0.04640238095238096,AM1BCC,AmberTools,,,H,,18,[H:16][C:7]1([C:6]([C:5]([C:4]([C:9]([C:8]1([H:18])[H:19])([H:20])[H:21])([H:11])[C:2](=[O:1])[O:3][H:10])([H:12])[H:13])([H:14])[H:15])[H:17],16.0,5.0
18,0.04640238095238096,AM1BCC,AmberTools,,,H,,19,[H:16][C:7]1([C:6]([C:5]([C:4]([C:9]([C:8]1([H:18])[H:19])([H:20])[H:21])([H:11])[C:2](=[O:1])[O:3][H:10])([H:12])[H:13])([H:14])[H:15])[H:17],16.0,5.0
19,0.05440238095238096,AM1BCC,AmberTools,,,H,,20,[H:16][C:7]1([C:6]([C:5]([C:4]([C:9]([C:8]1([H:18])[H:19])([H:20])[H:21])([H:11])[C:2](=[O:1])[O:3][H:10])([H:12])[H:13])([H:14])[H:15])[H:17],16.0,5.0
20,0.05440238095238096,AM1BCC,AmberTools,,,H,,21,[H:16][C:7]1([C:6]([C:5]([C:4]([C:9]([C:8]1([H:18])[H:19])([H:20])[H:21])([H:11])[C:2](=[O:1])[O:3][H:10])([H:12])[H:13])([H:14])[H:15])[H:17],16.0,5.0
0,-0.5521500092886743,AM1BCC,OpenEye,,,O,,1,[H:16][C:7]1([C:6]([C:5]([C:4]([C:9]([C:8]1([H:18])[H:19])([H:20])[H:21])([H:11])[C:2](=[O:1])[O:3][H:10])([H:12])[H:13])([H:14])[H:15])[H:17],16.0,6.0
1,0.6359400170899573,AM1BCC,OpenEye,,,C,,2,[H:16][C:7]1([C:6]([C:5]([C:4]([C:9]([C:8]1([H:18])[H:19])([H:20])[H:21])([H:11])[C:2](=[O:1])[O:3][H:10])([H:12])[H:13])([H:14])[H:15])[H:17],16.0,6.0
2,-0.6023300272368249,AM1BCC,OpenEye,,,O,,3,[H:16][C:7]1([C:6]([C:5]([C:4]([C:9]([C:8]1([H:18])[H:19])([H:20])[H:21])([H:11])[C:2](=[O:1])[O:3][H:10])([H:12])[H:13])([H:14])[H:15])[H:17],16.0,6.0
3,-0.10310000003803343,AM1BCC,OpenEye,,,C,,4,[H:16][C:7]1([C:6]([C:5]([C:4]([C:9]([C:8]1([H:18])[H:19])([H:20])[H:21])([H:11])[C:2](=[O:1])[O:3][H:10])([H:12])[H:13])([H:14])[H:15])[H:17],16.0,6.0
4,-0.07292000026929946,AM1BCC,OpenEye,,,C,,5,[H:16][C:7]1([C:6]([C:5]([C:4]([C:9]([C:8]1([H:18])[H:19])([H:20])[H:21])([H:11])[C:2](=[O:1])[O:3][H:10])([H:12])[H:13])([H:14])[H:15])[H:17],16.0,6.0
5,-0.07655999632108779,AM1BCC,OpenEye,,,C,,6,[H:16][C:7]1([C:6]([C:5]([C:4]([C:9]([C:8]1([H:18])[H:19])([H:20])[H:21])([H:11])[C:2](=[O:1])[O:3][H:10])([H:12])[H:13])([H:14])[H:15])[H:17],16.0,6.0
6,-0.08459000112045378,AM1BCC,OpenEye,,,C,,7,[H:16][C:7]1([C:6]([C:5]([C:4]([C:9]([C:8]1([H:18])[H:19])([H:20])[H:21])([H:11])[C:2](=[O:1])[O:3][H:10])([H:12])[H:13])([H:14])[H:15])[H:17],16.0,6.0
7,-0.07655999632108779,AM1BCC,OpenEye,,,C,,8,[H:16][C:7]1([C:6]([C:5]([C:4]([C:9]([C:8]1([H:18])[H:19])([H:20])[H:21])([H:11])[C:2](=[O:1])[O:3][H:10])([H:12])[H:13])([H:14])[H:15])[H:17],16.0,6.0
8,-0.07292000026929946,AM1BCC,OpenEye,,,C,,9,[H:16][C:7]1([C:6]([C:5]([C:4]([C:9]([C:8]1([H:18])[H:19])([H:20])[H:21])([H:11])[C:2](=[O:1])[O:3][H:10])([H:12])[H:13])([H:14])[H:15])[H:17],16.0,6.0
9,0.4418399947739783,AM1BCC,OpenEye,,,H,,10,[H:16][C:7]1([C:6]([C:5]([C:4]([C:9]([C:8]1([H:18])[H:19])([H:20])[H:21])([H:11])[C:2](=[O:1])[O:3][H:10])([H:12])[H:13])([H:14])[H:15])[H:17],16.0,6.0
10,0.07672999976646333,AM1BCC,OpenEye,,,H,,11,[H:16][C:7]1([C:6]([C:5]([C:4]([C:9]([C:8]1([H:18])[H:19])([H:20])[H:21])([H:11])[C:2](=[O:1])[O:3][H:10])([H:12])[H:13])([H:14])[H:15])[H:17],16.0,6.0
11,0.054580001071805044,AM1BCC,OpenEye,,,H,,12,[H:16][C:7]1([C:6]([C:5]([C:4]([C:9]([C:8]1([H:18])[H:19])([H:20])[H:21])([H:11])[C:2](=[O:1])[O:3][H:10])([H:12])[H:13])([H:14])[H:15])[H:17],16.0,6.0
12,0.054580001071805044,AM1BCC,OpenEye,,,H,,13,[H:16][C:7]1([C:6]([C:5]([C:4]([C:9]([C:8]1([H:18])[H:19])([H:20])[H:21])([H:11])[C:2](=[O:1])[O:3][H:10])([H:12])[H:13])([H:14])[H:15])[H:17],16.0,6.0
13,0.041930003002995535,AM1BCC,OpenEye,,,H,,14,[H:16][C:7]1([C:6]([C:5]([C:4]([C:9]([C:8]1([H:18])[H:19])([H:20])[H:21])([H:11])[C:2](=[O:1])[O:3][H:10])([H:12])[H:13])([H:14])[H:15])[H:17],16.0,6.0
14,0.041930003002995535,AM1BCC,OpenEye,,,H,,15,[H:16][C:7]1([C:6]([C:5]([C:4]([C:9]([C:8]1([H:18])[H:19])([H:20])[H:21])([H:11])[C:2](=[O:1])[O:3][H:10])([H:12])[H:13])([H:14])[H:15])[H:17],16.0,6.0
15,0.050290001467579885,AM1BCC,OpenEye,,,H,,16,[H:16][C:7]1([C:6]([C:5]([C:4]([C:9]([C:8]1([H:18])[H:19])([H:20])[H:21])([H:11])[C:2](=[O:1])[O:3][H:10])([H:12])[H:13])([H:14])[H:15])[H:17],16.0,6.0
16,0.050290001467579885,AM1BCC,OpenEye,,,H,,17,[H:16][C:7]1([C:6]([C:5]([C:4]([C:9]([C:8]1([H:18])[H:19])([H:20])[H:21])([H:11])[C:2](=[O:1])[O:3][H:10])([H:12])[H:13])([H:14])[H:15])[H:17],16.0,6.0
17,0.041930003002995535,AM1BCC,OpenEye,,,H,,18,[H:16][C:7]1([C:6]([C:5]([C:4]([C:9]([C:8]1([H:18])[H:19])([H:20])[H:21])([H:11])[C:2](=[O:1])[O:3][H:10])([H:12])[H:13])([H:14])[H:15])[H:17],16.0,6.0
18,0.041930003002995535,AM1BCC,OpenEye,,,H,,19,[H:16][C:7]1([C:6]([C:5]([C:4]([C:9]([C:8]1([H:18])[H:19])([H:20])[H:21])([H:11])[C:2](=[O:1])[O:3][H:10])([H:12])[H:13])([H:14])[H:15])[H:17],16.0,6.0
19,0.054580001071805044,AM1BCC,OpenEye,,,H,,20,[H:16][C:7]1([C:6]([C:5]([C:4]([C:9]([C:8]1([H:18])[H:19])([H:20])[H:21])([H:11])[C:2](=[O:1])[O:3][H:10])([H:12])[H:13])([H:14])[H:15])[H:17],16.0,6.0
20,0.054580001071805044,AM1BCC,OpenEye,,,H,,21,[H:16][C:7]1([C:6]([C:5]([C:4]([C:9]([C:8]1([H:18])[H:19])([H:20])[H:21])([H:11])[C:2](=[O:1])[O:3][H:10])([H:12])[H:13])([H:14])[H:15])[H:17],16.0,6.0
0,-0.551,AM1BCC,AmberTools,,,O,,1,[H:16][C:7]1([C:6]([C:5]([C:4]([C:9]([C:8]1([H:18])[H:19])([H:20])[H:21])([H:11])[C:2](=[O:1])[O:3][H:10])([H:12])[H:13])([H:14])[H:15])[H:17],16.0,6.0
1,0.6361,AM1BCC,AmberTools,,,C,,2,[H:16][C:7]1([C:6]([C:5]([C:4]([C:9]([C:8]1([H:18])[H:19])([H:20])[H:21])([H:11])[C:2](=[O:1])[O:3][H:10])([H:12])[H:13])([H:14])[H:15])[H:17],16.0,6.0
2,-0.6111,AM1BCC,AmberTools,,,O,,3,[H:16][C:7]1([C:6]([C:5]([C:4]([C:9]([C:8]1([H:18])[H:19])([H:20])[H:21])([H:11])[C:2](=[O:1])[O:3][H:10])([H:12])[H:13])([H:14])[H:15])[H:17],16.0,6.0
3,-0.1037,AM1BCC,AmberTools,,,C,,4,[H:16][C:7]1([C:6]([C:5]([C:4]([C:9]([C:8]1([H:18])[H:19])([H:20])[H:21])([H:11])[C:2](=[O:1])[O:3][H:10])([H:12])[H:13])([H:14])[H:15])[H:17],16.0,6.0
4,-0.0719,AM1BCC,AmberTools,,,C,,5,[H:16][C:7]1([C:6]([C:5]([C:4]([C:9]([C:8]1([H:18])[H:19])([H:20])[H:21])([H:11])[C:2](=[O:1])[O:3][H:10])([H:12])[H:13])([H:14])[H:15])[H:17],16.0,6.0
5,-0.0784,AM1BCC,AmberTools,,,C,,6,[H:16][C:7]1([C:6]([C:5]([C:4]([C:9]([C:8]1([H:18])[H:19])([H:20])[H:21])([H:11])[C:2](=[O:1])[O:3][H:10])([H:12])[H:13])([H:14])[H:15])[H:17],16.0,6.0
6,-0.0774,AM1BCC,AmberTools,,,C,,7,[H:16][C:7]1([C:6]([C:5]([C:4]([C:9]([C:8]1([H:18])[H:19])([H:20])[H:21])([H:11])[C:2](=[O:1])[O:3][H:10])([H:12])[H:13])([H:14])[H:15])[H:17],16.0,6.0
7,-0.0784,AM1BCC,AmberTools,,,C,,8,[H:16][C:7]1([C:6]([C:5]([C:4]([C:9]([C:8]1([H:18])[H:19])([H:20])[H:21])([H:11])[C:2](=[O:1])[O:3][H:10])([H:12])[H:13])([H:14])[H:15])[H:17],16.0,6.0
8,-0.0719,AM1BCC,AmberTools,,,C,,9,[H:16][C:7]1([C:6]([C:5]([C:4]([C:9]([C:8]1([H:18])[H:19])([H:20])[H:21])([H:11])[C:2](=[O:1])[O:3][H:10])([H:12])[H:13])([H:14])[H:15])[H:17],16.0,6.0
9,0.442,AM1BCC,AmberTools,,,H,,10,[H:16][C:7]1([C:6]([C:5]([C:4]([C:9]([C:8]1([H:18])[H:19])([H:20])[H:21])([H:11])[C:2](=[O:1])[O:3][H:10])([H:12])[H:13])([H:14])[H:15])[H:17],16.0,6.0
10,0.0807,AM1BCC,AmberTools,,,H,,11,[H:16][C:7]1([C:6]([C:5]([C:4]([C:9]([C:8]1([H:18])[H:19])([H:20])[H:21])([H:11])[C:2](=[O:1])[O:3][H:10])([H:12])[H:13])([H:14])[H:15])[H:17],16.0,6.0
11,0.05445,AM1BCC,AmberTools,,,H,,12,[H:16][C:7]1([C:6]([C:5]([C:4]([C:9]([C:8]1([H:18])[H:19])([H:20])[H:21])([H:11])[C:2](=[O:1])[O:3][H:10])([H:12])[H:13])([H:14])[H:15])[H:17],16.0,6.0
12,0.05445,AM1BCC,AmberTools,,,H,,13,[H:16][C:7]1([C:6]([C:5]([C:4]([C:9]([C:8]1([H:18])[H:19])([H:20])[H:21])([H:11])[C:2](=[O:1])[O:3][H:10])([H:12])[H:13])([H:14])[H:15])[H:17],16.0,6.0
13,0.0462,AM1BCC,AmberTools,,,H,,14,[H:16][C:7]1([C:6]([C:5]([C:4]([C:9]([C:8]1([H:18])[H:19])([H:20])[H:21])([H:11])[C:2](=[O:1])[O:3][H:10])([H:12])[H:13])([H:14])[H:15])[H:17],16.0,6.0
14,0.0462,AM1BCC,AmberTools,,,H,,15,[H:16][C:7]1([C:6]([C:5]([C:4]([C:9]([C:8]1([H:18])[H:19])([H:20])[H:21])([H:11])[C:2](=[O:1])[O:3][H:10])([H:12])[H:13])([H:14])[H:15])[H:17],16.0,6.0
15,0.0412,AM1BCC,AmberTools,,,H,,16,[H:16][C:7]1([C:6]([C:5]([C:4]([C:9]([C:8]1([H:18])[H:19])([H:20])[H:21])([H:11])[C:2](=[O:1])[O:3][H:10])([H:12])[H:13])([H:14])[H:15])[H:17],16.0,6.0
16,0.0412,AM1BCC,AmberTools,,,H,,17,[H:16][C:7]1([C:6]([C:5]([C:4]([C:9]([C:8]1([H:18])[H:19])([H:20])[H:21])([H:11])[C:2](=[O:1])[O:3][H:10])([H:12])[H:13])([H:14])[H:15])[H:17],16.0,6.0
17,0.0462,AM1BCC,AmberTools,,,H,,18,[H:16][C:7]1([C:6]([C:5]([C:4]([C:9]([C:8]1([H:18])[H:19])([H:20])[H:21])([H:11])[C:2](=[O:1])[O:3][H:10])([H:12])[H:13])([H:14])[H:15])[H:17],16.0,6.0
18,0.0462,AM1BCC,AmberTools,,,H,,19,[H:16][C:7]1([C:6]([C:5]([C:4]([C:9]([C:8]1([H:18])[H:19])([H:20])[H:21])([H:11])[C:2](=[O:1])[O:3][H:10])([H:12])[H:13])([H:14])[H:15])[H:17],16.0,6.0
19,0.05445,AM1BCC,AmberTools,,,H,,20,[H:16][C:7]1([C:6]([C:5]([C:4]([C:9]([C:8]1([H:18])[H:19])([H:20])[H:21])([H:11])[C:2](=[O:1])[O:3][H:10])([H:12])[H:13])([H:14])[H:15])[H:17],16.0,6.0
20,0.05445,AM1BCC,AmberTools,,,H,,21,[H:16][C:7]1([C:6]([C:5]([C:4]([C:9]([C:8]1([H:18])[H:19])([H:20])[H:21])([H:11])[C:2](=[O:1])[O:3][H:10])([H:12])[H:13])([H:14])[H:15])[H:17],16.0,6.0
0,-0.5521500092886743,AM1BCC,OpenEye,,,O,,1,[H:16][C:7]1([C:6]([C:5]([C:4]([C:9]([C:8]1([H:18])[H:19])([H:20])[H:21])([H:11])[C:2](=[O:1])[O:3][H:10])([H:12])[H:13])([H:14])[H:15])[H:17],16.0,7.0
1,0.6359400170899573,AM1BCC,OpenEye,,,C,,2,[H:16][C:7]1([C:6]([C:5]([C:4]([C:9]([C:8]1([H:18])[H:19])([H:20])[H:21])([H:11])[C:2](=[O:1])[O:3][H:10])([H:12])[H:13])([H:14])[H:15])[H:17],16.0,7.0
2,-0.6023300272368249,AM1BCC,OpenEye,,,O,,3,[H:16][C:7]1([C:6]([C:5]([C:4]([C:9]([C:8]1([H:18])[H:19])([H:20])[H:21])([H:11])[C:2](=[O:1])[O:3][H:10])([H:12])[H:13])([H:14])[H:15])[H:17],16.0,7.0
3,-0.10310000003803343,AM1BCC,OpenEye,,,C,,4,[H:16][C:7]1([C:6]([C:5]([C:4]([C:9]([C:8]1([H:18])[H:19])([H:20])[H:21])([H:11])[C:2](=[O:1])[O:3][H:10])([H:12])[H:13])([H:14])[H:15])[H:17],16.0,7.0
4,-0.07292000026929946,AM1BCC,OpenEye,,,C,,5,[H:16][C:7]1([C:6]([C:5]([C:4]([C:9]([C:8]1([H:18])[H:19])([H:20])[H:21])([H:11])[C:2](=[O:1])[O:3][H:10])([H:12])[H:13])([H:14])[H:15])[H:17],16.0,7.0
5,-0.07655999632108779,AM1BCC,OpenEye,,,C,,6,[H:16][C:7]1([C:6]([C:5]([C:4]([C:9]([C:8]1([H:18])[H:19])([H:20])[H:21])([H:11])[C:2](=[O:1])[O:3][H:10])([H:12])[H:13])([H:14])[H:15])[H:17],16.0,7.0
6,-0.08459000112045378,AM1BCC,OpenEye,,,C,,7,[H:16][C:7]1([C:6]([C:5]([C:4]([C:9]([C:8]1([H:18])[H:19])([H:20])[H:21])([H:11])[C:2](=[O:1])[O:3][H:10])([H:12])[H:13])([H:14])[H:15])[H:17],16.0,7.0
7,-0.07655999632108779,AM1BCC,OpenEye,,,C,,8,[H:16][C:7]1([C:6]([C:5]([C:4]([C:9]([C:8]1([H:18])[H:19])([H:20])[H:21])([H:11])[C:2](=[O:1])[O:3][H:10])([H:12])[H:13])([H:14])[H:15])[H:17],16.0,7.0
8,-0.07292000026929946,AM1BCC,OpenEye,,,C,,9,[H:16][C:7]1([C:6]([C:5]([C:4]([C:9]([C:8]1([H:18])[H:19])([H:20])[H:21])([H:11])[C:2](=[O:1])[O:3][H:10])([H:12])[H:13])([H:14])[H:15])[H:17],16.0,7.0
9,0.4418399947739783,AM1BCC,OpenEye,,,H,,10,[H:16][C:7]1([C:6]([C:5]([C:4]([C:9]([C:8]1([H:18])[H:19])([H:20])[H:21])([H:11])[C:2](=[O:1])[O:3][H:10])([H:12])[H:13])([H:14])[H:15])[H:17],16.0,7.0
10,0.07672999976646333,AM1BCC,OpenEye,,,H,,11,[H:16][C:7]1([C:6]([C:5]([C:4]([C:9]([C:8]1([H:18])[H:19])([H:20])[H:21])([H:11])[C:2](=[O:1])[O:3][H:10])([H:12])[H:13])([H:14])[H:15])[H:17],16.0,7.0
11,0.054580001071805044,AM1BCC,OpenEye,,,H,,12,[H:16][C:7]1([C:6]([C:5]([C:4]([C:9]([C:8]1([H:18])[H:19])([H:20])[H:21])([H:11])[C:2](=[O:1])[O:3][H:10])([H:12])[H:13])([H:14])[H:15])[H:17],16.0,7.0
12,0.054580001071805044,AM1BCC,OpenEye,,,H,,13,[H:16][C:7]1([C:6]([C:5]([C:4]([C:9]([C:8]1([H:18])[H:19])([H:20])[H:21])([H:11])[C:2](=[O:1])[O:3][H:10])([H:12])[H:13])([H:14])[H:15])[H:17],16.0,7.0
13,0.041930003002995535,AM1BCC,OpenEye,,,H,,14,[H:16][C:7]1([C:6]([C:5]([C:4]([C:9]([C:8]1([H:18])[H:19])([H:20])[H:21])([H:11])[C:2](=[O:1])[O:3][H:10])([H:12])[H:13])([H:14])[H:15])[H:17],16.0,7.0
14,0.041930003002995535,AM1BCC,OpenEye,,,H,,15,[H:16][C:7]1([C:6]([C:5]([C:4]([C:9]([C:8]1([H:18])[H:19])([H:20])[H:21])([H:11])[C:2](=[O:1])[O:3][H:10])([H:12])[H:13])([H:14])[H:15])[H:17],16.0,7.0
15,0.050290001467579885,AM1BCC,OpenEye,,,H,,16,[H:16][C:7]1([C:6]([C:5]([C:4]([C:9]([C:8]1([H:18])[H:19])([H:20])[H:21])([H:11])[C:2](=[O:1])[O:3][H:10])([H:12])[H:13])([H:14])[H:15])[H:17],16.0,7.0
16,0.050290001467579885,AM1BCC,OpenEye,,,H,,17,[H:16][C:7]1([C:6]([C:5]([C:4]([C:9]([C:8]1([H:18])[H:19])([H:20])[H:21])([H:11])[C:2](=[O:1])[O:3][H:10])([H:12])[H:13])([H:14])[H:15])[H:17],16.0,7.0
17,0.041930003002995535,AM1BCC,OpenEye,,,H,,18,[H:16][C:7]1([C:6]([C:5]([C:4]([C:9]([C:8]1([H:18])[H:19])([H:20])[H:21])([H:11])[C:2](=[O:1])[O:3][H:10])([H:12])[H:13])([H:14])[H:15])[H:17],16.0,7.0
18,0.041930003002995535,AM1BCC,OpenEye,,,H,,19,[H:16][C:7]1([C:6]([C:5]([C:4]([C:9]([C:8]1([H:18])[H:19])([H:20])[H:21])([H:11])[C:2](=[O:1])[O:3][H:10])([H:12])[H:13])([H:14])[H:15])[H:17],16.0,7.0
19,0.054580001071805044,AM1BCC,OpenEye,,,H,,20,[H:16][C:7]1([C:6]([C:5]([C:4]([C:9]([C:8]1([H:18])[H:19])([H:20])[H:21])([H:11])[C:2](=[O:1])[O:3][H:10])([H:12])[H:13])([H:14])[H:15])[H:17],16.0,7.0
20,0.054580001071805044,AM1BCC,OpenEye,,,H,,21,[H:16][C:7]1([C:6]([C:5]([C:4]([C:9]([C:8]1([H:18])[H:19])([H:20])[H:21])([H:11])[C:2](=[O:1])[O:3][H:10])([H:12])[H:13])([H:14])[H:15])[H:17],16.0,7.0
0,-0.551,AM1BCC,AmberTools,,,O,,1,[H:16][C:7]1([C:6]([C:5]([C:4]([C:9]([C:8]1([H:18])[H:19])([H:20])[H:21])([H:11])[C:2](=[O:1])[O:3][H:10])([H:12])[H:13])([H:14])[H:15])[H:17],16.0,7.0
1,0.6361,AM1BCC,AmberTools,,,C,,2,[H:16][C:7]1([C:6]([C:5]([C:4]([C:9]([C:8]1([H:18])[H:19])([H:20])[H:21])([H:11])[C:2](=[O:1])[O:3][H:10])([H:12])[H:13])([H:14])[H:15])[H:17],16.0,7.0
2,-0.6111,AM1BCC,AmberTools,,,O,,3,[H:16][C:7]1([C:6]([C:5]([C:4]([C:9]([C:8]1([H:18])[H:19])([H:20])[H:21])([H:11])[C:2](=[O:1])[O:3][H:10])([H:12])[H:13])([H:14])[H:15])[H:17],16.0,7.0
3,-0.1037,AM1BCC,AmberTools,,,C,,4,[H:16][C:7]1([C:6]([C:5]([C:4]([C:9]([C:8]1([H:18])[H:19])([H:20])[H:21])([H:11])[C:2](=[O:1])[O:3][H:10])([H:12])[H:13])([H:14])[H:15])[H:17],16.0,7.0
4,-0.0719,AM1BCC,AmberTools,,,C,,5,[H:16][C:7]1([C:6]([C:5]([C:4]([C:9]([C:8]1([H:18])[H:19])([H:20])[H:21])([H:11])[C:2](=[O:1])[O:3][H:10])([H:12])[H:13])([H:14])[H:15])[H:17],16.0,7.0
5,-0.0784,AM1BCC,AmberTools,,,C,,6,[H:16][C:7]1([C:6]([C:5]([C:4]([C:9]([C:8]1([H:18])[H:19])([H:20])[H:21])([H:11])[C:2](=[O:1])[O:3][H:10])([H:12])[H:13])([H:14])[H:15])[H:17],16.0,7.0
6,-0.0774,AM1BCC,AmberTools,,,C,,7,[H:16][C:7]1([C:6]([C:5]([C:4]([C:9]([C:8]1([H:18])[H:19])([H:20])[H:21])([H:11])[C:2](=[O:1])[O:3][H:10])([H:12])[H:13])([H:14])[H:15])[H:17],16.0,7.0
7,-0.0784,AM1BCC,AmberTools,,,C,,8,[H:16][C:7]1([C:6]([C:5]([C:4]([C:9]([C:8]1([H:18])[H:19])([H:20])[H:21])([H:11])[C:2](=[O:1])[O:3][H:10])([H:12])[H:13])([H:14])[H:15])[H:17],16.0,7.0
8,-0.0719,AM1BCC,AmberTools,,,C,,9,[H:16][C:7]1([C:6]([C:5]([C:4]([C:9]([C:8]1([H:18])[H:19])([H:20])[H:21])([H:11])[C:2](=[O:1])[O:3][H:10])([H:12])[H:13])([H:14])[H:15])[H:17],16.0,7.0
9,0.442,AM1BCC,AmberTools,,,H,,10,[H:16][C:7]1([C:6]([C:5]([C:4]([C:9]([C:8]1([H:18])[H:19])([H:20])[H:21])([H:11])[C:2](=[O:1])[O:3][H:10])([H:12])[H:13])([H:14])[H:15])[H:17],16.0,7.0
10,0.0807,AM1BCC,AmberTools,,,H,,11,[H:16][C:7]1([C:6]([C:5]([C:4]([C:9]([C:8]1([H:18])[H:19])([H:20])[H:21])([H:11])[C:2](=[O:1])[O:3][H:10])([H:12])[H:13])([H:14])[H:15])[H:17],16.0,7.0
11,0.05445,AM1BCC,AmberTools,,,H,,12,[H:16][C:7]1([C:6]([C:5]([C:4]([C:9]([C:8]1([H:18])[H:19])([H:20])[H:21])([H:11])[C:2](=[O:1])[O:3][H:10])([H:12])[H:13])([H:14])[H:15])[H:17],16.0,7.0
12,0.05445,AM1BCC,AmberTools,,,H,,13,[H:16][C:7]1([C:6]([C:5]([C:4]([C:9]([C:8]1([H:18])[H:19])([H:20])[H:21])([H:11])[C:2](=[O:1])[O:3][H:10])([H:12])[H:13])([H:14])[H:15])[H:17],16.0,7.0
13,0.0462,AM1BCC,AmberTools,,,H,,14,[H:16][C:7]1([C:6]([C:5]([C:4]([C:9]([C:8]1([H:18])[H:19])([H:20])[H:21])([H:11])[C:2](=[O:1])[O:3][H:10])([H:12])[H:13])([H:14])[H:15])[H:17],16.0,7.0
14,0.0462,AM1BCC,AmberTools,,,H,,15,[H:16][C:7]1([C:6]([C:5]([C:4]([C:9]([C:8]1([H:18])[H:19])([H:20])[H:21])([H:11])[C:2](=[O:1])[O:3][H:10])([H:12])[H:13])([H:14])[H:15])[H:17],16.0,7.0
15,0.0412,AM1BCC,AmberTools,,,H,,16,[H:16][C:7]1([C:6]([C:5]([C:4]([C:9]([C:8]1([H:18])[H:19])([H:20])[H:21])([H:11])[C:2](=[O:1])[O:3][H:10])([H:12])[H:13])([H:14])[H:15])[H:17],16.0,7.0
16,0.0412,AM1BCC,AmberTools,,,H,,17,[H:16][C:7]1([C:6]([C:5]([C:4]([C:9]([C:8]1([H:18])[H:19])([H:20])[H:21])([H:11])[C:2](=[O:1])[O:3][H:10])([H:12])[H:13])([H:14])[H:15])[H:17],16.0,7.0
17,0.0462,AM1BCC,AmberTools,,,H,,18,[H:16][C:7]1([C:6]([C:5]([C:4]([C:9]([C:8]1([H:18])[H:19])([H:20])[H:21])([H:11])[C:2](=[O:1])[O:3][H:10])([H:12])[H:13])([H:14])[H:15])[H:17],16.0,7.0
18,0.0462,AM1BCC,AmberTools,,,H,,19,[H:16][C:7]1([C:6]([C:5]([C:4]([C:9]([C:8]1([H:18])[H:19])([H:20])[H:21])([H:11])[C:2](=[O:1])[O:3][H:10])([H:12])[H:13])([H:14])[H:15])[H:17],16.0,7.0
19,0.05445,AM1BCC,AmberTools,,,H,,20,[H:16][C:7]1([C:6]([C:5]([C:4]([C:9]([C:8]1([H:18])[H:19])([H:20])[H:21])([H:11])[C:2](=[O:1])[O:3][H:10])([H:12])[H:13])([H:14])[H:15])[H:17],16.0,7.0
20,0.05445,AM1BCC,AmberTools,,,H,,21,[H:16][C:7]1([C:6]([C:5]([C:4]([C:9]([C:8]1([H:18])[H:19])([H:20])[H:21])([H:11])[C:2](=[O:1])[O:3][H:10])([H:12])[H:13])([H:14])[H:15])[H:17],16.0,7.0
0,-0.5521500092886743,AM1BCC,OpenEye,,,O,,1,[H:16][C:7]1([C:6]([C:5]([C:4]([C:9]([C:8]1([H:18])[H:19])([H:20])[H:21])([H:11])[C:2](=[O:1])[O:3][H:10])([H:12])[H:13])([H:14])[H:15])[H:17],16.0,8.0
1,0.6359400170899573,AM1BCC,OpenEye,,,C,,2,[H:16][C:7]1([C:6]([C:5]([C:4]([C:9]([C:8]1([H:18])[H:19])([H:20])[H:21])([H:11])[C:2](=[O:1])[O:3][H:10])([H:12])[H:13])([H:14])[H:15])[H:17],16.0,8.0
2,-0.6023300272368249,AM1BCC,OpenEye,,,O,,3,[H:16][C:7]1([C:6]([C:5]([C:4]([C:9]([C:8]1([H:18])[H:19])([H:20])[H:21])([H:11])[C:2](=[O:1])[O:3][H:10])([H:12])[H:13])([H:14])[H:15])[H:17],16.0,8.0
3,-0.10310000003803343,AM1BCC,OpenEye,,,C,,4,[H:16][C:7]1([C:6]([C:5]([C:4]([C:9]([C:8]1([H:18])[H:19])([H:20])[H:21])([H:11])[C:2](=[O:1])[O:3][H:10])([H:12])[H:13])([H:14])[H:15])[H:17],16.0,8.0
4,-0.07292000026929946,AM1BCC,OpenEye,,,C,,5,[H:16][C:7]1([C:6]([C:5]([C:4]([C:9]([C:8]1([H:18])[H:19])([H:20])[H:21])([H:11])[C:2](=[O:1])[O:3][H:10])([H:12])[H:13])([H:14])[H:15])[H:17],16.0,8.0
5,-0.07655999632108779,AM1BCC,OpenEye,,,C,,6,[H:16][C:7]1([C:6]([C:5]([C:4]([C:9]([C:8]1([H:18])[H:19])([H:20])[H:21])([H:11])[C:2](=[O:1])[O:3][H:10])([H:12])[H:13])([H:14])[H:15])[H:17],16.0,8.0
6,-0.08459000112045378,AM1BCC,OpenEye,,,C,,7,[H:16][C:7]1([C:6]([C:5]([C:4]([C:9]([C:8]1([H:18])[H:19])([H:20])[H:21])([H:11])[C:2](=[O:1])[O:3][H:10])([H:12])[H:13])([H:14])[H:15])[H:17],16.0,8.0
7,-0.07655999632108779,AM1BCC,OpenEye,,,C,,8,[H:16][C:7]1([C:6]([C:5]([C:4]([C:9]([C:8]1([H:18])[H:19])([H:20])[H:21])([H:11])[C:2](=[O:1])[O:3][H:10])([H:12])[H:13])([H:14])[H:15])[H:17],16.0,8.0
8,-0.07292000026929946,AM1BCC,OpenEye,,,C,,9,[H:16][C:7]1([C:6]([C:5]([C:4]([C:9]([C:8]1([H:18])[H:19])([H:20])[H:21])([H:11])[C:2](=[O:1])[O:3][H:10])([H:12])[H:13])([H:14])[H:15])[H:17],16.0,8.0
9,0.4418399947739783,AM1BCC,OpenEye,,,H,,10,[H:16][C:7]1([C:6]([C:5]([C:4]([C:9]([C:8]1([H:18])[H:19])([H:20])[H:21])([H:11])[C:2](=[O:1])[O:3][H:10])([H:12])[H:13])([H:14])[H:15])[H:17],16.0,8.0
10,0.07672999976646333,AM1BCC,OpenEye,,,H,,11,[H:16][C:7]1([C:6]([C:5]([C:4]([C:9]([C:8]1([H:18])[H:19])([H:20])[H:21])([H:11])[C:2](=[O:1])[O:3][H:10])([H:12])[H:13])([H:14])[H:15])[H:17],16.0,8.0
11,0.054580001071805044,AM1BCC,OpenEye,,,H,,12,[H:16][C:7]1([C:6]([C:5]([C:4]([C:9]([C:8]1([H:18])[H:19])([H:20])[H:21])([H:11])[C:2](=[O:1])[O:3][H:10])([H:12])[H:13])([H:14])[H:15])[H:17],16.0,8.0
12,0.054580001071805044,AM1BCC,OpenEye,,,H,,13,[H:16][C:7]1([C:6]([C:5]([C:4]([C:9]([C:8]1([H:18])[H:19])([H:20])[H:21])([H:11])[C:2](=[O:1])[O:3][H:10])([H:12])[H:13])([H:14])[H:15])[H:17],16.0,8.0
13,0.041930003002995535,AM1BCC,OpenEye,,,H,,14,[H:16][C:7]1([C:6]([C:5]([C:4]([C:9]([C:8]1([H:18])[H:19])([H:20])[H:21])([H:11])[C:2](=[O:1])[O:3][H:10])([H:12])[H:13])([H:14])[H:15])[H:17],16.0,8.0
14,0.041930003002995535,AM1BCC,OpenEye,,,H,,15,[H:16][C:7]1([C:6]([C:5]([C:4]([C:9]([C:8]1([H:18])[H:19])([H:20])[H:21])([H:11])[C:2](=[O:1])[O:3][H:10])([H:12])[H:13])([H:14])[H:15])[H:17],16.0,8.0
15,0.050290001467579885,AM1BCC,OpenEye,,,H,,16,[H:16][C:7]1([C:6]([C:5]([C:4]([C:9]([C:8]1([H:18])[H:19])([H:20])[H:21])([H:11])[C:2](=[O:1])[O:3][H:10])([H:12])[H:13])([H:14])[H:15])[H:17],16.0,8.0
16,0.050290001467579885,AM1BCC,OpenEye,,,H,,17,[H:16][C:7]1([C:6]([C:5]([C:4]([C:9]([C:8]1([H:18])[H:19])([H:20])[H:21])([H:11])[C:2](=[O:1])[O:3][H:10])([H:12])[H:13])([H:14])[H:15])[H:17],16.0,8.0
17,0.041930003002995535,AM1BCC,OpenEye,,,H,,18,[H:16][C:7]1([C:6]([C:5]([C:4]([C:9]([C:8]1([H:18])[H:19])([H:20])[H:21])([H:11])[C:2](=[O:1])[O:3][H:10])([H:12])[H:13])([H:14])[H:15])[H:17],16.0,8.0
18,0.041930003002995535,AM1BCC,OpenEye,,,H,,19,[H:16][C:7]1([C:6]([C:5]([C:4]([C:9]([C:8]1([H:18])[H:19])([H:20])[H:21])([H:11])[C:2](=[O:1])[O:3][H:10])([H:12])[H:13])([H:14])[H:15])[H:17],16.0,8.0
19,0.054580001071805044,AM1BCC,OpenEye,,,H,,20,[H:16][C:7]1([C:6]([C:5]([C:4]([C:9]([C:8]1([H:18])[H:19])([H:20])[H:21])([H:11])[C:2](=[O:1])[O:3][H:10])([H:12])[H:13])([H:14])[H:15])[H:17],16.0,8.0
20,0.054580001071805044,AM1BCC,OpenEye,,,H,,21,[H:16][C:7]1([C:6]([C:5]([C:4]([C:9]([C:8]1([H:18])[H:19])([H:20])[H:21])([H:11])[C:2](=[O:1])[O:3][H:10])([H:12])[H:13])([H:14])[H:15])[H:17],16.0,8.0
0,-0.551,AM1BCC,AmberTools,,,O,,1,[H:16][C:7]1([C:6]([C:5]([C:4]([C:9]([C:8]1([H:18])[H:19])([H:20])[H:21])([H:11])[C:2](=[O:1])[O:3][H:10])([H:12])[H:13])([H:14])[H:15])[H:17],16.0,8.0
1,0.6361,AM1BCC,AmberTools,,,C,,2,[H:16][C:7]1([C:6]([C:5]([C:4]([C:9]([C:8]1([H:18])[H:19])([H:20])[H:21])([H:11])[C:2](=[O:1])[O:3][H:10])([H:12])[H:13])([H:14])[H:15])[H:17],16.0,8.0
2,-0.6111,AM1BCC,AmberTools,,,O,,3,[H:16][C:7]1([C:6]([C:5]([C:4]([C:9]([C:8]1([H:18])[H:19])([H:20])[H:21])([H:11])[C:2](=[O:1])[O:3][H:10])([H:12])[H:13])([H:14])[H:15])[H:17],16.0,8.0
3,-0.1037,AM1BCC,AmberTools,,,C,,4,[H:16][C:7]1([C:6]([C:5]([C:4]([C:9]([C:8]1([H:18])[H:19])([H:20])[H:21])([H:11])[C:2](=[O:1])[O:3][H:10])([H:12])[H:13])([H:14])[H:15])[H:17],16.0,8.0
4,-0.0719,AM1BCC,AmberTools,,,C,,5,[H:16][C:7]1([C:6]([C:5]([C:4]([C:9]([C:8]1([H:18])[H:19])([H:20])[H:21])([H:11])[C:2](=[O:1])[O:3][H:10])([H:12])[H:13])([H:14])[H:15])[H:17],16.0,8.0
5,-0.0784,AM1BCC,AmberTools,,,C,,6,[H:16][C:7]1([C:6]([C:5]([C:4]([C:9]([C:8]1([H:18])[H:19])([H:20])[H:21])([H:11])[C:2](=[O:1])[O:3][H:10])([H:12])[H:13])([H:14])[H:15])[H:17],16.0,8.0
6,-0.0774,AM1BCC,AmberTools,,,C,,7,[H:16][C:7]1([C:6]([C:5]([C:4]([C:9]([C:8]1([H:18])[H:19])([H:20])[H:21])([H:11])[C:2](=[O:1])[O:3][H:10])([H:12])[H:13])([H:14])[H:15])[H:17],16.0,8.0
7,-0.0784,AM1BCC,AmberTools,,,C,,8,[H:16][C:7]1([C:6]([C:5]([C:4]([C:9]([C:8]1([H:18])[H:19])([H:20])[H:21])([H:11])[C:2](=[O:1])[O:3][H:10])([H:12])[H:13])([H:14])[H:15])[H:17],16.0,8.0
8,-0.0719,AM1BCC,AmberTools,,,C,,9,[H:16][C:7]1([C:6]([C:5]([C:4]([C:9]([C:8]1([H:18])[H:19])([H:20])[H:21])([H:11])[C:2](=[O:1])[O:3][H:10])([H:12])[H:13])([H:14])[H:15])[H:17],16.0,8.0
9,0.442,AM1BCC,AmberTools,,,H,,10,[H:16][C:7]1([C:6]([C:5]([C:4]([C:9]([C:8]1([H:18])[H:19])([H:20])[H:21])([H:11])[C:2](=[O:1])[O:3][H:10])([H:12])[H:13])([H:14])[H:15])[H:17],16.0,8.0
10,0.0807,AM1BCC,AmberTools,,,H,,11,[H:16][C:7]1([C:6]([C:5]([C:4]([C:9]([C:8]1([H:18])[H:19])([H:20])[H:21])([H:11])[C:2](=[O:1])[O:3][H:10])([H:12])[H:13])([H:14])[H:15])[H:17],16.0,8.0
11,0.05445,AM1BCC,AmberTools,,,H,,12,[H:16][C:7]1([C:6]([C:5]([C:4]([C:9]([C:8]1([H:18])[H:19])([H:20])[H:21])([H:11])[C:2](=[O:1])[O:3][H:10])([H:12])[H:13])([H:14])[H:15])[H:17],16.0,8.0
12,0.05445,AM1BCC,AmberTools,,,H,,13,[H:16][C:7]1([C:6]([C:5]([C:4]([C:9]([C:8]1([H:18])[H:19])([H:20])[H:21])([H:11])[C:2](=[O:1])[O:3][H:10])([H:12])[H:13])([H:14])[H:15])[H:17],16.0,8.0
13,0.0462,AM1BCC,AmberTools,,,H,,14,[H:16][C:7]1([C:6]([C:5]([C:4]([C:9]([C:8]1([H:18])[H:19])([H:20])[H:21])([H:11])[C:2](=[O:1])[O:3][H:10])([H:12])[H:13])([H:14])[H:15])[H:17],16.0,8.0
14,0.0462,AM1BCC,AmberTools,,,H,,15,[H:16][C:7]1([C:6]([C:5]([C:4]([C:9]([C:8]1([H:18])[H:19])([H:20])[H:21])([H:11])[C:2](=[O:1])[O:3][H:10])([H:12])[H:13])([H:14])[H:15])[H:17],16.0,8.0
15,0.0412,AM1BCC,AmberTools,,,H,,16,[H:16][C:7]1([C:6]([C:5]([C:4]([C:9]([C:8]1([H:18])[H:19])([H:20])[H:21])([H:11])[C:2](=[O:1])[O:3][H:10])([H:12])[H:13])([H:14])[H:15])[H:17],16.0,8.0
16,0.0412,AM1BCC,AmberTools,,,H,,17,[H:16][C:7]1([C:6]([C:5]([C:4]([C:9]([C:8]1([H:18])[H:19])([H:20])[H:21])([H:11])[C:2](=[O:1])[O:3][H:10])([H:12])[H:13])([H:14])[H:15])[H:17],16.0,8.0
17,0.0462,AM1BCC,AmberTools,,,H,,18,[H:16][C:7]1([C:6]([C:5]([C:4]([C:9]([C:8]1([H:18])[H:19])([H:20])[H:21])([H:11])[C:2](=[O:1])[O:3][H:10])([H:12])[H:13])([H:14])[H:15])[H:17],16.0,8.0
18,0.0462,AM1BCC,AmberTools,,,H,,19,[H:16][C:7]1([C:6]([C:5]([C:4]([C:9]([C:8]1([H:18])[H:19])([H:20])[H:21])([H:11])[C:2](=[O:1])[O:3][H:10])([H:12])[H:13])([H:14])[H:15])[H:17],16.0,8.0
19,0.05445,AM1BCC,AmberTools,,,H,,20,[H:16][C:7]1([C:6]([C:5]([C:4]([C:9]([C:8]1([H:18])[H:19])([H:20])[H:21])([H:11])[C:2](=[O:1])[O:3][H:10])([H:12])[H:13])([H:14])[H:15])[H:17],16.0,8.0
20,0.05445,AM1BCC,AmberTools,,,H,,21,[H:16][C:7]1([C:6]([C:5]([C:4]([C:9]([C:8]1([H:18])[H:19])([H:20])[H:21])([H:11])[C:2](=[O:1])[O:3][H:10])([H:12])[H:13])([H:14])[H:15])[H:17],16.0,8.0
0,-0.5521500092886743,AM1BCC,OpenEye,,,O,,1,[H:16][C:7]1([C:6]([C:5]([C:4]([C:9]([C:8]1([H:18])[H:19])([H:20])[H:21])([H:11])[C:2](=[O:1])[O:3][H:10])([H:12])[H:13])([H:14])[H:15])[H:17],16.0,9.0
1,0.6359400170899573,AM1BCC,OpenEye,,,C,,2,[H:16][C:7]1([C:6]([C:5]([C:4]([C:9]([C:8]1([H:18])[H:19])([H:20])[H:21])([H:11])[C:2](=[O:1])[O:3][H:10])([H:12])[H:13])([H:14])[H:15])[H:17],16.0,9.0
2,-0.6023300272368249,AM1BCC,OpenEye,,,O,,3,[H:16][C:7]1([C:6]([C:5]([C:4]([C:9]([C:8]1([H:18])[H:19])([H:20])[H:21])([H:11])[C:2](=[O:1])[O:3][H:10])([H:12])[H:13])([H:14])[H:15])[H:17],16.0,9.0
3,-0.10310000003803343,AM1BCC,OpenEye,,,C,,4,[H:16][C:7]1([C:6]([C:5]([C:4]([C:9]([C:8]1([H:18])[H:19])([H:20])[H:21])([H:11])[C:2](=[O:1])[O:3][H:10])([H:12])[H:13])([H:14])[H:15])[H:17],16.0,9.0
4,-0.07292000026929946,AM1BCC,OpenEye,,,C,,5,[H:16][C:7]1([C:6]([C:5]([C:4]([C:9]([C:8]1([H:18])[H:19])([H:20])[H:21])([H:11])[C:2](=[O:1])[O:3][H:10])([H:12])[H:13])([H:14])[H:15])[H:17],16.0,9.0
5,-0.07655999632108779,AM1BCC,OpenEye,,,C,,6,[H:16][C:7]1([C:6]([C:5]([C:4]([C:9]([C:8]1([H:18])[H:19])([H:20])[H:21])([H:11])[C:2](=[O:1])[O:3][H:10])([H:12])[H:13])([H:14])[H:15])[H:17],16.0,9.0
6,-0.08459000112045378,AM1BCC,OpenEye,,,C,,7,[H:16][C:7]1([C:6]([C:5]([C:4]([C:9]([C:8]1([H:18])[H:19])([H:20])[H:21])([H:11])[C:2](=[O:1])[O:3][H:10])([H:12])[H:13])([H:14])[H:15])[H:17],16.0,9.0
7,-0.07655999632108779,AM1BCC,OpenEye,,,C,,8,[H:16][C:7]1([C:6]([C:5]([C:4]([C:9]([C:8]1([H:18])[H:19])([H:20])[H:21])([H:11])[C:2](=[O:1])[O:3][H:10])([H:12])[H:13])([H:14])[H:15])[H:17],16.0,9.0
8,-0.07292000026929946,AM1BCC,OpenEye,,,C,,9,[H:16][C:7]1([C:6]([C:5]([C:4]([C:9]([C:8]1([H:18])[H:19])([H:20])[H:21])([H:11])[C:2](=[O:1])[O:3][H:10])([H:12])[H:13])([H:14])[H:15])[H:17],16.0,9.0
9,0.4418399947739783,AM1BCC,OpenEye,,,H,,10,[H:16][C:7]1([C:6]([C:5]([C:4]([C:9]([C:8]1([H:18])[H:19])([H:20])[H:21])([H:11])[C:2](=[O:1])[O:3][H:10])([H:12])[H:13])([H:14])[H:15])[H:17],16.0,9.0
10,0.07672999976646333,AM1BCC,OpenEye,,,H,,11,[H:16][C:7]1([C:6]([C:5]([C:4]([C:9]([C:8]1([H:18])[H:19])([H:20])[H:21])([H:11])[C:2](=[O:1])[O:3][H:10])([H:12])[H:13])([H:14])[H:15])[H:17],16.0,9.0
11,0.054580001071805044,AM1BCC,OpenEye,,,H,,12,[H:16][C:7]1([C:6]([C:5]([C:4]([C:9]([C:8]1([H:18])[H:19])([H:20])[H:21])([H:11])[C:2](=[O:1])[O:3][H:10])([H:12])[H:13])([H:14])[H:15])[H:17],16.0,9.0
12,0.054580001071805044,AM1BCC,OpenEye,,,H,,13,[H:16][C:7]1([C:6]([C:5]([C:4]([C:9]([C:8]1([H:18])[H:19])([H:20])[H:21])([H:11])[C:2](=[O:1])[O:3][H:10])([H:12])[H:13])([H:14])[H:15])[H:17],16.0,9.0
13,0.041930003002995535,AM1BCC,OpenEye,,,H,,14,[H:16][C:7]1([C:6]([C:5]([C:4]([C:9]([C:8]1([H:18])[H:19])([H:20])[H:21])([H:11])[C:2](=[O:1])[O:3][H:10])([H:12])[H:13])([H:14])[H:15])[H:17],16.0,9.0
14,0.041930003002995535,AM1BCC,OpenEye,,,H,,15,[H:16][C:7]1([C:6]([C:5]([C:4]([C:9]([C:8]1([H:18])[H:19])([H:20])[H:21])([H:11])[C:2](=[O:1])[O:3][H:10])([H:12])[H:13])([H:14])[H:15])[H:17],16.0,9.0
15,0.050290001467579885,AM1BCC,OpenEye,,,H,,16,[H:16][C:7]1([C:6]([C:5]([C:4]([C:9]([C:8]1([H:18])[H:19])([H:20])[H:21])([H:11])[C:2](=[O:1])[O:3][H:10])([H:12])[H:13])([H:14])[H:15])[H:17],16.0,9.0
16,0.050290001467579885,AM1BCC,OpenEye,,,H,,17,[H:16][C:7]1([C:6]([C:5]([C:4]([C:9]([C:8]1([H:18])[H:19])([H:20])[H:21])([H:11])[C:2](=[O:1])[O:3][H:10])([H:12])[H:13])([H:14])[H:15])[H:17],16.0,9.0
17,0.041930003002995535,AM1BCC,OpenEye,,,H,,18,[H:16][C:7]1([C:6]([C:5]([C:4]([C:9]([C:8]1([H:18])[H:19])([H:20])[H:21])([H:11])[C:2](=[O:1])[O:3][H:10])([H:12])[H:13])([H:14])[H:15])[H:17],16.0,9.0
18,0.041930003002995535,AM1BCC,OpenEye,,,H,,19,[H:16][C:7]1([C:6]([C:5]([C:4]([C:9]([C:8]1([H:18])[H:19])([H:20])[H:21])([H:11])[C:2](=[O:1])[O:3][H:10])([H:12])[H:13])([H:14])[H:15])[H:17],16.0,9.0
19,0.054580001071805044,AM1BCC,OpenEye,,,H,,20,[H:16][C:7]1([C:6]([C:5]([C:4]([C:9]([C:8]1([H:18])[H:19])([H:20])[H:21])([H:11])[C:2](=[O:1])[O:3][H:10])([H:12])[H:13])([H:14])[H:15])[H:17],16.0,9.0
20,0.054580001071805044,AM1BCC,OpenEye,,,H,,21,[H:16][C:7]1([C:6]([C:5]([C:4]([C:9]([C:8]1([H:18])[H:19])([H:20])[H:21])([H:11])[C:2](=[O:1])[O:3][H:10])([H:12])[H:13])([H:14])[H:15])[H:17],16.0,9.0
0,-0.551,AM1BCC,AmberTools,,,O,,1,[H:16][C:7]1([C:6]([C:5]([C:4]([C:9]([C:8]1([H:18])[H:19])([H:20])[H:21])([H:11])[C:2](=[O:1])[O:3][H:10])([H:12])[H:13])([H:14])[H:15])[H:17],16.0,9.0
1,0.6361,AM1BCC,AmberTools,,,C,,2,[H:16][C:7]1([C:6]([C:5]([C:4]([C:9]([C:8]1([H:18])[H:19])([H:20])[H:21])([H:11])[C:2](=[O:1])[O:3][H:10])([H:12])[H:13])([H:14])[H:15])[H:17],16.0,9.0
2,-0.6111,AM1BCC,AmberTools,,,O,,3,[H:16][C:7]1([C:6]([C:5]([C:4]([C:9]([C:8]1([H:18])[H:19])([H:20])[H:21])([H:11])[C:2](=[O:1])[O:3][H:10])([H:12])[H:13])([H:14])[H:15])[H:17],16.0,9.0
3,-0.1037,AM1BCC,AmberTools,,,C,,4,[H:16][C:7]1([C:6]([C:5]([C:4]([C:9]([C:8]1([H:18])[H:19])([H:20])[H:21])([H:11])[C:2](=[O:1])[O:3][H:10])([H:12])[H:13])([H:14])[H:15])[H:17],16.0,9.0
4,-0.0719,AM1BCC,AmberTools,,,C,,5,[H:16][C:7]1([C:6]([C:5]([C:4]([C:9]([C:8]1([H:18])[H:19])([H:20])[H:21])([H:11])[C:2](=[O:1])[O:3][H:10])([H:12])[H:13])([H:14])[H:15])[H:17],16.0,9.0
5,-0.0784,AM1BCC,AmberTools,,,C,,6,[H:16][C:7]1([C:6]([C:5]([C:4]([C:9]([C:8]1([H:18])[H:19])([H:20])[H:21])([H:11])[C:2](=[O:1])[O:3][H:10])([H:12])[H:13])([H:14])[H:15])[H:17],16.0,9.0
6,-0.0774,AM1BCC,AmberTools,,,C,,7,[H:16][C:7]1([C:6]([C:5]([C:4]([C:9]([C:8]1([H:18])[H:19])([H:20])[H:21])([H:11])[C:2](=[O:1])[O:3][H:10])([H:12])[H:13])([H:14])[H:15])[H:17],16.0,9.0
7,-0.0784,AM1BCC,AmberTools,,,C,,8,[H:16][C:7]1([C:6]([C:5]([C:4]([C:9]([C:8]1([H:18])[H:19])([H:20])[H:21])([H:11])[C:2](=[O:1])[O:3][H:10])([H:12])[H:13])([H:14])[H:15])[H:17],16.0,9.0
8,-0.0719,AM1BCC,AmberTools,,,C,,9,[H:16][C:7]1([C:6]([C:5]([C:4]([C:9]([C:8]1([H:18])[H:19])([H:20])[H:21])([H:11])[C:2](=[O:1])[O:3][H:10])([H:12])[H:13])([H:14])[H:15])[H:17],16.0,9.0
9,0.442,AM1BCC,AmberTools,,,H,,10,[H:16][C:7]1([C:6]([C:5]([C:4]([C:9]([C:8]1([H:18])[H:19])([H:20])[H:21])([H:11])[C:2](=[O:1])[O:3][H:10])([H:12])[H:13])([H:14])[H:15])[H:17],16.0,9.0
10,0.0807,AM1BCC,AmberTools,,,H,,11,[H:16][C:7]1([C:6]([C:5]([C:4]([C:9]([C:8]1([H:18])[H:19])([H:20])[H:21])([H:11])[C:2](=[O:1])[O:3][H:10])([H:12])[H:13])([H:14])[H:15])[H:17],16.0,9.0
11,0.05445,AM1BCC,AmberTools,,,H,,12,[H:16][C:7]1([C:6]([C:5]([C:4]([C:9]([C:8]1([H:18])[H:19])([H:20])[H:21])([H:11])[C:2](=[O:1])[O:3][H:10])([H:12])[H:13])([H:14])[H:15])[H:17],16.0,9.0
12,0.05445,AM1BCC,AmberTools,,,H,,13,[H:16][C:7]1([C:6]([C:5]([C:4]([C:9]([C:8]1([H:18])[H:19])([H:20])[H:21])([H:11])[C:2](=[O:1])[O:3][H:10])([H:12])[H:13])([H:14])[H:15])[H:17],16.0,9.0
13,0.0462,AM1BCC,AmberTools,,,H,,14,[H:16][C:7]1([C:6]([C:5]([C:4]([C:9]([C:8]1([H:18])[H:19])([H:20])[H:21])([H:11])[C:2](=[O:1])[O:3][H:10])([H:12])[H:13])([H:14])[H:15])[H:17],16.0,9.0
14,0.0462,AM1BCC,AmberTools,,,H,,15,[H:16][C:7]1([C:6]([C:5]([C:4]([C:9]([C:8]1([H:18])[H:19])([H:20])[H:21])([H:11])[C:2](=[O:1])[O:3][H:10])([H:12])[H:13])([H:14])[H:15])[H:17],16.0,9.0
15,0.0412,AM1BCC,AmberTools,,,H,,16,[H:16][C:7]1([C:6]([C:5]([C:4]([C:9]([C:8]1([H:18])[H:19])([H:20])[H:21])([H:11])[C:2](=[O:1])[O:3][H:10])([H:12])[H:13])([H:14])[H:15])[H:17],16.0,9.0
16,0.0412,AM1BCC,AmberTools,,,H,,17,[H:16][C:7]1([C:6]([C:5]([C:4]([C:9]([C:8]1([H:18])[H:19])([H:20])[H:21])([H:11])[C:2](=[O:1])[O:3][H:10])([H:12])[H:13])([H:14])[H:15])[H:17],16.0,9.0
17,0.0462,AM1BCC,AmberTools,,,H,,18,[H:16][C:7]1([C:6]([C:5]([C:4]([C:9]([C:8]1([H:18])[H:19])([H:20])[H:21])([H:11])[C:2](=[O:1])[O:3][H:10])([H:12])[H:13])([H:14])[H:15])[H:17],16.0,9.0
18,0.0462,AM1BCC,AmberTools,,,H,,19,[H:16][C:7]1([C:6]([C:5]([C:4]([C:9]([C:8]1([H:18])[H:19])([H:20])[H:21])([H:11])[C:2](=[O:1])[O:3][H:10])([H:12])[H:13])([H:14])[H:15])[H:17],16.0,9.0
19,0.05445,AM1BCC,AmberTools,,,H,,20,[H:16][C:7]1([C:6]([C:5]([C:4]([C:9]([C:8]1([H:18])[H:19])([H:20])[H:21])([H:11])[C:2](=[O:1])[O:3][H:10])([H:12])[H:13])([H:14])[H:15])[H:17],16.0,9.0
20,0.05445,AM1BCC,AmberTools,,,H,,21,[H:16][C:7]1([C:6]([C:5]([C:4]([C:9]([C:8]1([H:18])[H:19])([H:20])[H:21])([H:11])[C:2](=[O:1])[O:3][H:10])([H:12])[H:13])([H:14])[H:15])[H:17],16.0,9.0
0,-0.5521500092886743,AM1BCC,OpenEye,,,O,,1,[H:16][C:7]1([C:6]([C:5]([C:4]([C:9]([C:8]1([H:18])[H:19])([H:20])[H:21])([H:11])[C:2](=[O:1])[O:3][H:10])([H:12])[H:13])([H:14])[H:15])[H:17],16.0,10.0
1,0.6359400170899573,AM1BCC,OpenEye,,,C,,2,[H:16][C:7]1([C:6]([C:5]([C:4]([C:9]([C:8]1([H:18])[H:19])([H:20])[H:21])([H:11])[C:2](=[O:1])[O:3][H:10])([H:12])[H:13])([H:14])[H:15])[H:17],16.0,10.0
2,-0.6023300272368249,AM1BCC,OpenEye,,,O,,3,[H:16][C:7]1([C:6]([C:5]([C:4]([C:9]([C:8]1([H:18])[H:19])([H:20])[H:21])([H:11])[C:2](=[O:1])[O:3][H:10])([H:12])[H:13])([H:14])[H:15])[H:17],16.0,10.0
3,-0.10310000003803343,AM1BCC,OpenEye,,,C,,4,[H:16][C:7]1([C:6]([C:5]([C:4]([C:9]([C:8]1([H:18])[H:19])([H:20])[H:21])([H:11])[C:2](=[O:1])[O:3][H:10])([H:12])[H:13])([H:14])[H:15])[H:17],16.0,10.0
4,-0.07292000026929946,AM1BCC,OpenEye,,,C,,5,[H:16][C:7]1([C:6]([C:5]([C:4]([C:9]([C:8]1([H:18])[H:19])([H:20])[H:21])([H:11])[C:2](=[O:1])[O:3][H:10])([H:12])[H:13])([H:14])[H:15])[H:17],16.0,10.0
5,-0.07655999632108779,AM1BCC,OpenEye,,,C,,6,[H:16][C:7]1([C:6]([C:5]([C:4]([C:9]([C:8]1([H:18])[H:19])([H:20])[H:21])([H:11])[C:2](=[O:1])[O:3][H:10])([H:12])[H:13])([H:14])[H:15])[H:17],16.0,10.0
6,-0.08459000112045378,AM1BCC,OpenEye,,,C,,7,[H:16][C:7]1([C:6]([C:5]([C:4]([C:9]([C:8]1([H:18])[H:19])([H:20])[H:21])([H:11])[C:2](=[O:1])[O:3][H:10])([H:12])[H:13])([H:14])[H:15])[H:17],16.0,10.0
7,-0.07655999632108779,AM1BCC,OpenEye,,,C,,8,[H:16][C:7]1([C:6]([C:5]([C:4]([C:9]([C:8]1([H:18])[H:19])([H:20])[H:21])([H:11])[C:2](=[O:1])[O:3][H:10])([H:12])[H:13])([H:14])[H:15])[H:17],16.0,10.0
8,-0.07292000026929946,AM1BCC,OpenEye,,,C,,9,[H:16][C:7]1([C:6]([C:5]([C:4]([C:9]([C:8]1([H:18])[H:19])([H:20])[H:21])([H:11])[C:2](=[O:1])[O:3][H:10])([H:12])[H:13])([H:14])[H:15])[H:17],16.0,10.0
9,0.4418399947739783,AM1BCC,OpenEye,,,H,,10,[H:16][C:7]1([C:6]([C:5]([C:4]([C:9]([C:8]1([H:18])[H:19])([H:20])[H:21])([H:11])[C:2](=[O:1])[O:3][H:10])([H:12])[H:13])([H:14])[H:15])[H:17],16.0,10.0
10,0.07672999976646333,AM1BCC,OpenEye,,,H,,11,[H:16][C:7]1([C:6]([C:5]([C:4]([C:9]([C:8]1([H:18])[H:19])([H:20])[H:21])([H:11])[C:2](=[O:1])[O:3][H:10])([H:12])[H:13])([H:14])[H:15])[H:17],16.0,10.0
11,0.054580001071805044,AM1BCC,OpenEye,,,H,,12,[H:16][C:7]1([C:6]([C:5]([C:4]([C:9]([C:8]1([H:18])[H:19])([H:20])[H:21])([H:11])[C:2](=[O:1])[O:3][H:10])([H:12])[H:13])([H:14])[H:15])[H:17],16.0,10.0
12,0.054580001071805044,AM1BCC,OpenEye,,,H,,13,[H:16][C:7]1([C:6]([C:5]([C:4]([C:9]([C:8]1([H:18])[H:19])([H:20])[H:21])([H:11])[C:2](=[O:1])[O:3][H:10])([H:12])[H:13])([H:14])[H:15])[H:17],16.0,10.0
13,0.041930003002995535,AM1BCC,OpenEye,,,H,,14,[H:16][C:7]1([C:6]([C:5]([C:4]([C:9]([C:8]1([H:18])[H:19])([H:20])[H:21])([H:11])[C:2](=[O:1])[O:3][H:10])([H:12])[H:13])([H:14])[H:15])[H:17],16.0,10.0
14,0.041930003002995535,AM1BCC,OpenEye,,,H,,15,[H:16][C:7]1([C:6]([C:5]([C:4]([C:9]([C:8]1([H:18])[H:19])([H:20])[H:21])([H:11])[C:2](=[O:1])[O:3][H:10])([H:12])[H:13])([H:14])[H:15])[H:17],16.0,10.0
15,0.050290001467579885,AM1BCC,OpenEye,,,H,,16,[H:16][C:7]1([C:6]([C:5]([C:4]([C:9]([C:8]1([H:18])[H:19])([H:20])[H:21])([H:11])[C:2](=[O:1])[O:3][H:10])([H:12])[H:13])([H:14])[H:15])[H:17],16.0,10.0
16,0.050290001467579885,AM1BCC,OpenEye,,,H,,17,[H:16][C:7]1([C:6]([C:5]([C:4]([C:9]([C:8]1([H:18])[H:19])([H:20])[H:21])([H:11])[C:2](=[O:1])[O:3][H:10])([H:12])[H:13])([H:14])[H:15])[H:17],16.0,10.0
17,0.041930003002995535,AM1BCC,OpenEye,,,H,,18,[H:16][C:7]1([C:6]([C:5]([C:4]([C:9]([C:8]1([H:18])[H:19])([H:20])[H:21])([H:11])[C:2](=[O:1])[O:3][H:10])([H:12])[H:13])([H:14])[H:15])[H:17],16.0,10.0
18,0.041930003002995535,AM1BCC,OpenEye,,,H,,19,[H:16][C:7]1([C:6]([C:5]([C:4]([C:9]([C:8]1([H:18])[H:19])([H:20])[H:21])([H:11])[C:2](=[O:1])[O:3][H:10])([H:12])[H:13])([H:14])[H:15])[H:17],16.0,10.0
19,0.054580001071805044,AM1BCC,OpenEye,,,H,,20,[H:16][C:7]1([C:6]([C:5]([C:4]([C:9]([C:8]1([H:18])[H:19])([H:20])[H:21])([H:11])[C:2](=[O:1])[O:3][H:10])([H:12])[H:13])([H:14])[H:15])[H:17],16.0,10.0
20,0.054580001071805044,AM1BCC,OpenEye,,,H,,21,[H:16][C:7]1([C:6]([C:5]([C:4]([C:9]([C:8]1([H:18])[H:19])([H:20])[H:21])([H:11])[C:2](=[O:1])[O:3][H:10])([H:12])[H:13])([H:14])[H:15])[H:17],16.0,10.0
0,-0.551,AM1BCC,AmberTools,,,O,,1,[H:16][C:7]1([C:6]([C:5]([C:4]([C:9]([C:8]1([H:18])[H:19])([H:20])[H:21])([H:11])[C:2](=[O:1])[O:3][H:10])([H:12])[H:13])([H:14])[H:15])[H:17],16.0,10.0
1,0.6361,AM1BCC,AmberTools,,,C,,2,[H:16][C:7]1([C:6]([C:5]([C:4]([C:9]([C:8]1([H:18])[H:19])([H:20])[H:21])([H:11])[C:2](=[O:1])[O:3][H:10])([H:12])[H:13])([H:14])[H:15])[H:17],16.0,10.0
2,-0.6111,AM1BCC,AmberTools,,,O,,3,[H:16][C:7]1([C:6]([C:5]([C:4]([C:9]([C:8]1([H:18])[H:19])([H:20])[H:21])([H:11])[C:2](=[O:1])[O:3][H:10])([H:12])[H:13])([H:14])[H:15])[H:17],16.0,10.0
3,-0.1037,AM1BCC,AmberTools,,,C,,4,[H:16][C:7]1([C:6]([C:5]([C:4]([C:9]([C:8]1([H:18])[H:19])([H:20])[H:21])([H:11])[C:2](=[O:1])[O:3][H:10])([H:12])[H:13])([H:14])[H:15])[H:17],16.0,10.0
4,-0.0719,AM1BCC,AmberTools,,,C,,5,[H:16][C:7]1([C:6]([C:5]([C:4]([C:9]([C:8]1([H:18])[H:19])([H:20])[H:21])([H:11])[C:2](=[O:1])[O:3][H:10])([H:12])[H:13])([H:14])[H:15])[H:17],16.0,10.0
5,-0.0784,AM1BCC,AmberTools,,,C,,6,[H:16][C:7]1([C:6]([C:5]([C:4]([C:9]([C:8]1([H:18])[H:19])([H:20])[H:21])([H:11])[C:2](=[O:1])[O:3][H:10])([H:12])[H:13])([H:14])[H:15])[H:17],16.0,10.0
6,-0.0774,AM1BCC,AmberTools,,,C,,7,[H:16][C:7]1([C:6]([C:5]([C:4]([C:9]([C:8]1([H:18])[H:19])([H:20])[H:21])([H:11])[C:2](=[O:1])[O:3][H:10])([H:12])[H:13])([H:14])[H:15])[H:17],16.0,10.0
7,-0.0784,AM1BCC,AmberTools,,,C,,8,[H:16][C:7]1([C:6]([C:5]([C:4]([C:9]([C:8]1([H:18])[H:19])([H:20])[H:21])([H:11])[C:2](=[O:1])[O:3][H:10])([H:12])[H:13])([H:14])[H:15])[H:17],16.0,10.0
8,-0.0719,AM1BCC,AmberTools,,,C,,9,[H:16][C:7]1([C:6]([C:5]([C:4]([C:9]([C:8]1([H:18])[H:19])([H:20])[H:21])([H:11])[C:2](=[O:1])[O:3][H:10])([H:12])[H:13])([H:14])[H:15])[H:17],16.0,10.0
9,0.442,AM1BCC,AmberTools,,,H,,10,[H:16][C:7]1([C:6]([C:5]([C:4]([C:9]([C:8]1([H:18])[H:19])([H:20])[H:21])([H:11])[C:2](=[O:1])[O:3][H:10])([H:12])[H:13])([H:14])[H:15])[H:17],16.0,10.0
10,0.0807,AM1BCC,AmberTools,,,H,,11,[H:16][C:7]1([C:6]([C:5]([C:4]([C:9]([C:8]1([H:18])[H:19])([H:20])[H:21])([H:11])[C:2](=[O:1])[O:3][H:10])([H:12])[H:13])([H:14])[H:15])[H:17],16.0,10.0
11,0.05445,AM1BCC,AmberTools,,,H,,12,[H:16][C:7]1([C:6]([C:5]([C:4]([C:9]([C:8]1([H:18])[H:19])([H:20])[H:21])([H:11])[C:2](=[O:1])[O:3][H:10])([H:12])[H:13])([H:14])[H:15])[H:17],16.0,10.0
12,0.05445,AM1BCC,AmberTools,,,H,,13,[H:16][C:7]1([C:6]([C:5]([C:4]([C:9]([C:8]1([H:18])[H:19])([H:20])[H:21])([H:11])[C:2](=[O:1])[O:3][H:10])([H:12])[H:13])([H:14])[H:15])[H:17],16.0,10.0
13,0.0462,AM1BCC,AmberTools,,,H,,14,[H:16][C:7]1([C:6]([C:5]([C:4]([C:9]([C:8]1([H:18])[H:19])([H:20])[H:21])([H:11])[C:2](=[O:1])[O:3][H:10])([H:12])[H:13])([H:14])[H:15])[H:17],16.0,10.0
14,0.0462,AM1BCC,AmberTools,,,H,,15,[H:16][C:7]1([C:6]([C:5]([C:4]([C:9]([C:8]1([H:18])[H:19])([H:20])[H:21])([H:11])[C:2](=[O:1])[O:3][H:10])([H:12])[H:13])([H:14])[H:15])[H:17],16.0,10.0
15,0.0412,AM1BCC,AmberTools,,,H,,16,[H:16][C:7]1([C:6]([C:5]([C:4]([C:9]([C:8]1([H:18])[H:19])([H:20])[H:21])([H:11])[C:2](=[O:1])[O:3][H:10])([H:12])[H:13])([H:14])[H:15])[H:17],16.0,10.0
16,0.0412,AM1BCC,AmberTools,,,H,,17,[H:16][C:7]1([C:6]([C:5]([C:4]([C:9]([C:8]1([H:18])[H:19])([H:20])[H:21])([H:11])[C:2](=[O:1])[O:3][H:10])([H:12])[H:13])([H:14])[H:15])[H:17],16.0,10.0
17,0.0462,AM1BCC,AmberTools,,,H,,18,[H:16][C:7]1([C:6]([C:5]([C:4]([C:9]([C:8]1([H:18])[H:19])([H:20])[H:21])([H:11])[C:2](=[O:1])[O:3][H:10])([H:12])[H:13])([H:14])[H:15])[H:17],16.0,10.0
18,0.0462,AM1BCC,AmberTools,,,H,,19,[H:16][C:7]1([C:6]([C:5]([C:4]([C:9]([C:8]1([H:18])[H:19])([H:20])[H:21])([H:11])[C:2](=[O:1])[O:3][H:10])([H:12])[H:13])([H:14])[H:15])[H:17],16.0,10.0
19,0.05445,AM1BCC,AmberTools,,,H,,20,[H:16][C:7]1([C:6]([C:5]([C:4]([C:9]([C:8]1([H:18])[H:19])([H:20])[H:21])([H:11])[C:2](=[O:1])[O:3][H:10])([H:12])[H:13])([H:14])[H:15])[H:17],16.0,10.0
20,0.05445,AM1BCC,AmberTools,,,H,,21,[H:16][C:7]1([C:6]([C:5]([C:4]([C:9]([C:8]1([H:18])[H:19])([H:20])[H:21])([H:11])[C:2](=[O:1])[O:3][H:10])([H:12])[H:13])([H:14])[H:15])[H:17],16.0,10.0
0,-0.5521500092886743,AM1BCC,OpenEye,,,O,,1,[H:16][C:7]1([C:6]([C:5]([C:4]([C:9]([C:8]1([H:18])[H:19])([H:20])[H:21])([H:11])[C:2](=[O:1])[O:3][H:10])([H:12])[H:13])([H:14])[H:15])[H:17],16.0,11.0
1,0.6359400170899573,AM1BCC,OpenEye,,,C,,2,[H:16][C:7]1([C:6]([C:5]([C:4]([C:9]([C:8]1([H:18])[H:19])([H:20])[H:21])([H:11])[C:2](=[O:1])[O:3][H:10])([H:12])[H:13])([H:14])[H:15])[H:17],16.0,11.0
2,-0.6023300272368249,AM1BCC,OpenEye,,,O,,3,[H:16][C:7]1([C:6]([C:5]([C:4]([C:9]([C:8]1([H:18])[H:19])([H:20])[H:21])([H:11])[C:2](=[O:1])[O:3][H:10])([H:12])[H:13])([H:14])[H:15])[H:17],16.0,11.0
3,-0.10310000003803343,AM1BCC,OpenEye,,,C,,4,[H:16][C:7]1([C:6]([C:5]([C:4]([C:9]([C:8]1([H:18])[H:19])([H:20])[H:21])([H:11])[C:2](=[O:1])[O:3][H:10])([H:12])[H:13])([H:14])[H:15])[H:17],16.0,11.0
4,-0.07292000026929946,AM1BCC,OpenEye,,,C,,5,[H:16][C:7]1([C:6]([C:5]([C:4]([C:9]([C:8]1([H:18])[H:19])([H:20])[H:21])([H:11])[C:2](=[O:1])[O:3][H:10])([H:12])[H:13])([H:14])[H:15])[H:17],16.0,11.0
5,-0.07655999632108779,AM1BCC,OpenEye,,,C,,6,[H:16][C:7]1([C:6]([C:5]([C:4]([C:9]([C:8]1([H:18])[H:19])([H:20])[H:21])([H:11])[C:2](=[O:1])[O:3][H:10])([H:12])[H:13])([H:14])[H:15])[H:17],16.0,11.0
6,-0.08459000112045378,AM1BCC,OpenEye,,,C,,7,[H:16][C:7]1([C:6]([C:5]([C:4]([C:9]([C:8]1([H:18])[H:19])([H:20])[H:21])([H:11])[C:2](=[O:1])[O:3][H:10])([H:12])[H:13])([H:14])[H:15])[H:17],16.0,11.0
7,-0.07655999632108779,AM1BCC,OpenEye,,,C,,8,[H:16][C:7]1([C:6]([C:5]([C:4]([C:9]([C:8]1([H:18])[H:19])([H:20])[H:21])([H:11])[C:2](=[O:1])[O:3][H:10])([H:12])[H:13])([H:14])[H:15])[H:17],16.0,11.0
8,-0.07292000026929946,AM1BCC,OpenEye,,,C,,9,[H:16][C:7]1([C:6]([C:5]([C:4]([C:9]([C:8]1([H:18])[H:19])([H:20])[H:21])([H:11])[C:2](=[O:1])[O:3][H:10])([H:12])[H:13])([H:14])[H:15])[H:17],16.0,11.0
9,0.4418399947739783,AM1BCC,OpenEye,,,H,,10,[H:16][C:7]1([C:6]([C:5]([C:4]([C:9]([C:8]1([H:18])[H:19])([H:20])[H:21])([H:11])[C:2](=[O:1])[O:3][H:10])([H:12])[H:13])([H:14])[H:15])[H:17],16.0,11.0
10,0.07672999976646333,AM1BCC,OpenEye,,,H,,11,[H:16][C:7]1([C:6]([C:5]([C:4]([C:9]([C:8]1([H:18])[H:19])([H:20])[H:21])([H:11])[C:2](=[O:1])[O:3][H:10])([H:12])[H:13])([H:14])[H:15])[H:17],16.0,11.0
11,0.054580001071805044,AM1BCC,OpenEye,,,H,,12,[H:16][C:7]1([C:6]([C:5]([C:4]([C:9]([C:8]1([H:18])[H:19])([H:20])[H:21])([H:11])[C:2](=[O:1])[O:3][H:10])([H:12])[H:13])([H:14])[H:15])[H:17],16.0,11.0
12,0.054580001071805044,AM1BCC,OpenEye,,,H,,13,[H:16][C:7]1([C:6]([C:5]([C:4]([C:9]([C:8]1([H:18])[H:19])([H:20])[H:21])([H:11])[C:2](=[O:1])[O:3][H:10])([H:12])[H:13])([H:14])[H:15])[H:17],16.0,11.0
13,0.041930003002995535,AM1BCC,OpenEye,,,H,,14,[H:16][C:7]1([C:6]([C:5]([C:4]([C:9]([C:8]1([H:18])[H:19])([H:20])[H:21])([H:11])[C:2](=[O:1])[O:3][H:10])([H:12])[H:13])([H:14])[H:15])[H:17],16.0,11.0
14,0.041930003002995535,AM1BCC,OpenEye,,,H,,15,[H:16][C:7]1([C:6]([C:5]([C:4]([C:9]([C:8]1([H:18])[H:19])([H:20])[H:21])([H:11])[C:2](=[O:1])[O:3][H:10])([H:12])[H:13])([H:14])[H:15])[H:17],16.0,11.0
15,0.050290001467579885,AM1BCC,OpenEye,,,H,,16,[H:16][C:7]1([C:6]([C:5]([C:4]([C:9]([C:8]1([H:18])[H:19])([H:20])[H:21])([H:11])[C:2](=[O:1])[O:3][H:10])([H:12])[H:13])([H:14])[H:15])[H:17],16.0,11.0
16,0.050290001467579885,AM1BCC,OpenEye,,,H,,17,[H:16][C:7]1([C:6]([C:5]([C:4]([C:9]([C:8]1([H:18])[H:19])([H:20])[H:21])([H:11])[C:2](=[O:1])[O:3][H:10])([H:12])[H:13])([H:14])[H:15])[H:17],16.0,11.0
17,0.041930003002995535,AM1BCC,OpenEye,,,H,,18,[H:16][C:7]1([C:6]([C:5]([C:4]([C:9]([C:8]1([H:18])[H:19])([H:20])[H:21])([H:11])[C:2](=[O:1])[O:3][H:10])([H:12])[H:13])([H:14])[H:15])[H:17],16.0,11.0
18,0.041930003002995535,AM1BCC,OpenEye,,,H,,19,[H:16][C:7]1([C:6]([C:5]([C:4]([C:9]([C:8]1([H:18])[H:19])([H:20])[H:21])([H:11])[C:2](=[O:1])[O:3][H:10])([H:12])[H:13])([H:14])[H:15])[H:17],16.0,11.0
19,0.054580001071805044,AM1BCC,OpenEye,,,H,,20,[H:16][C:7]1([C:6]([C:5]([C:4]([C:9]([C:8]1([H:18])[H:19])([H:20])[H:21])([H:11])[C:2](=[O:1])[O:3][H:10])([H:12])[H:13])([H:14])[H:15])[H:17],16.0,11.0
20,0.054580001071805044,AM1BCC,OpenEye,,,H,,21,[H:16][C:7]1([C:6]([C:5]([C:4]([C:9]([C:8]1([H:18])[H:19])([H:20])[H:21])([H:11])[C:2](=[O:1])[O:3][H:10])([H:12])[H:13])([H:14])[H:15])[H:17],16.0,11.0
0,-0.551,AM1BCC,AmberTools,,,O,,1,[H:16][C:7]1([C:6]([C:5]([C:4]([C:9]([C:8]1([H:18])[H:19])([H:20])[H:21])([H:11])[C:2](=[O:1])[O:3][H:10])([H:12])[H:13])([H:14])[H:15])[H:17],16.0,11.0
1,0.6361,AM1BCC,AmberTools,,,C,,2,[H:16][C:7]1([C:6]([C:5]([C:4]([C:9]([C:8]1([H:18])[H:19])([H:20])[H:21])([H:11])[C:2](=[O:1])[O:3][H:10])([H:12])[H:13])([H:14])[H:15])[H:17],16.0,11.0
2,-0.6111,AM1BCC,AmberTools,,,O,,3,[H:16][C:7]1([C:6]([C:5]([C:4]([C:9]([C:8]1([H:18])[H:19])([H:20])[H:21])([H:11])[C:2](=[O:1])[O:3][H:10])([H:12])[H:13])([H:14])[H:15])[H:17],16.0,11.0
3,-0.1037,AM1BCC,AmberTools,,,C,,4,[H:16][C:7]1([C:6]([C:5]([C:4]([C:9]([C:8]1([H:18])[H:19])([H:20])[H:21])([H:11])[C:2](=[O:1])[O:3][H:10])([H:12])[H:13])([H:14])[H:15])[H:17],16.0,11.0
4,-0.0719,AM1BCC,AmberTools,,,C,,5,[H:16][C:7]1([C:6]([C:5]([C:4]([C:9]([C:8]1([H:18])[H:19])([H:20])[H:21])([H:11])[C:2](=[O:1])[O:3][H:10])([H:12])[H:13])([H:14])[H:15])[H:17],16.0,11.0
5,-0.0784,AM1BCC,AmberTools,,,C,,6,[H:16][C:7]1([C:6]([C:5]([C:4]([C:9]([C:8]1([H:18])[H:19])([H:20])[H:21])([H:11])[C:2](=[O:1])[O:3][H:10])([H:12])[H:13])([H:14])[H:15])[H:17],16.0,11.0
6,-0.0774,AM1BCC,AmberTools,,,C,,7,[H:16][C:7]1([C:6]([C:5]([C:4]([C:9]([C:8]1([H:18])[H:19])([H:20])[H:21])([H:11])[C:2](=[O:1])[O:3][H:10])([H:12])[H:13])([H:14])[H:15])[H:17],16.0,11.0
7,-0.0784,AM1BCC,AmberTools,,,C,,8,[H:16][C:7]1([C:6]([C:5]([C:4]([C:9]([C:8]1([H:18])[H:19])([H:20])[H:21])([H:11])[C:2](=[O:1])[O:3][H:10])([H:12])[H:13])([H:14])[H:15])[H:17],16.0,11.0
8,-0.0719,AM1BCC,AmberTools,,,C,,9,[H:16][C:7]1([C:6]([C:5]([C:4]([C:9]([C:8]1([H:18])[H:19])([H:20])[H:21])([H:11])[C:2](=[O:1])[O:3][H:10])([H:12])[H:13])([H:14])[H:15])[H:17],16.0,11.0
9,0.442,AM1BCC,AmberTools,,,H,,10,[H:16][C:7]1([C:6]([C:5]([C:4]([C:9]([C:8]1([H:18])[H:19])([H:20])[H:21])([H:11])[C:2](=[O:1])[O:3][H:10])([H:12])[H:13])([H:14])[H:15])[H:17],16.0,11.0
10,0.0807,AM1BCC,AmberTools,,,H,,11,[H:16][C:7]1([C:6]([C:5]([C:4]([C:9]([C:8]1([H:18])[H:19])([H:20])[H:21])([H:11])[C:2](=[O:1])[O:3][H:10])([H:12])[H:13])([H:14])[H:15])[H:17],16.0,11.0
11,0.05445,AM1BCC,AmberTools,,,H,,12,[H:16][C:7]1([C:6]([C:5]([C:4]([C:9]([C:8]1([H:18])[H:19])([H:20])[H:21])([H:11])[C:2](=[O:1])[O:3][H:10])([H:12])[H:13])([H:14])[H:15])[H:17],16.0,11.0
12,0.05445,AM1BCC,AmberTools,,,H,,13,[H:16][C:7]1([C:6]([C:5]([C:4]([C:9]([C:8]1([H:18])[H:19])([H:20])[H:21])([H:11])[C:2](=[O:1])[O:3][H:10])([H:12])[H:13])([H:14])[H:15])[H:17],16.0,11.0
13,0.0462,AM1BCC,AmberTools,,,H,,14,[H:16][C:7]1([C:6]([C:5]([C:4]([C:9]([C:8]1([H:18])[H:19])([H:20])[H:21])([H:11])[C:2](=[O:1])[O:3][H:10])([H:12])[H:13])([H:14])[H:15])[H:17],16.0,11.0
14,0.0462,AM1BCC,AmberTools,,,H,,15,[H:16][C:7]1([C:6]([C:5]([C:4]([C:9]([C:8]1([H:18])[H:19])([H:20])[H:21])([H:11])[C:2](=[O:1])[O:3][H:10])([H:12])[H:13])([H:14])[H:15])[H:17],16.0,11.0
15,0.0412,AM1BCC,AmberTools,,,H,,16,[H:16][C:7]1([C:6]([C:5]([C:4]([C:9]([C:8]1([H:18])[H:19])([H:20])[H:21])([H:11])[C:2](=[O:1])[O:3][H:10])([H:12])[H:13])([H:14])[H:15])[H:17],16.0,11.0
16,0.0412,AM1BCC,AmberTools,,,H,,17,[H:16][C:7]1([C:6]([C:5]([C:4]([C:9]([C:8]1([H:18])[H:19])([H:20])[H:21])([H:11])[C:2](=[O:1])[O:3][H:10])([H:12])[H:13])([H:14])[H:15])[H:17],16.0,11.0
17,0.0462,AM1BCC,AmberTools,,,H,,18,[H:16][C:7]1([C:6]([C:5]([C:4]([C:9]([C:8]1([H:18])[H:19])([H:20])[H:21])([H:11])[C:2](=[O:1])[O:3][H:10])([H:12])[H:13])([H:14])[H:15])[H:17],16.0,11.0
18,0.0462,AM1BCC,AmberTools,,,H,,19,[H:16][C:7]1([C:6]([C:5]([C:4]([C:9]([C:8]1([H:18])[H:19])([H:20])[H:21])([H:11])[C:2](=[O:1])[O:3][H:10])([H:12])[H:13])([H:14])[H:15])[H:17],16.0,11.0
19,0.05445,AM1BCC,AmberTools,,,H,,20,[H:16][C:7]1([C:6]([C:5]([C:4]([C:9]([C:8]1([H:18])[H:19])([H:20])[H:21])([H:11])[C:2](=[O:1])[O:3][H:10])([H:12])[H:13])([H:14])[H:15])[H:17],16.0,11.0
20,0.05445,AM1BCC,AmberTools,,,H,,21,[H:16][C:7]1([C:6]([C:5]([C:4]([C:9]([C:8]1([H:18])[H:19])([H:20])[H:21])([H:11])[C:2](=[O:1])[O:3][H:10])([H:12])[H:13])([H:14])[H:15])[H:17],16.0,11.0
0,-0.5521500092886743,AM1BCC,OpenEye,,,O,,1,[H:16][C:7]1([C:6]([C:5]([C:4]([C:9]([C:8]1([H:18])[H:19])([H:20])[H:21])([H:11])[C:2](=[O:1])[O:3][H:10])([H:12])[H:13])([H:14])[H:15])[H:17],16.0,12.0
1,0.6359400170899573,AM1BCC,OpenEye,,,C,,2,[H:16][C:7]1([C:6]([C:5]([C:4]([C:9]([C:8]1([H:18])[H:19])([H:20])[H:21])([H:11])[C:2](=[O:1])[O:3][H:10])([H:12])[H:13])([H:14])[H:15])[H:17],16.0,12.0
2,-0.6023300272368249,AM1BCC,OpenEye,,,O,,3,[H:16][C:7]1([C:6]([C:5]([C:4]([C:9]([C:8]1([H:18])[H:19])([H:20])[H:21])([H:11])[C:2](=[O:1])[O:3][H:10])([H:12])[H:13])([H:14])[H:15])[H:17],16.0,12.0
3,-0.10310000003803343,AM1BCC,OpenEye,,,C,,4,[H:16][C:7]1([C:6]([C:5]([C:4]([C:9]([C:8]1([H:18])[H:19])([H:20])[H:21])([H:11])[C:2](=[O:1])[O:3][H:10])([H:12])[H:13])([H:14])[H:15])[H:17],16.0,12.0
4,-0.07292000026929946,AM1BCC,OpenEye,,,C,,5,[H:16][C:7]1([C:6]([C:5]([C:4]([C:9]([C:8]1([H:18])[H:19])([H:20])[H:21])([H:11])[C:2](=[O:1])[O:3][H:10])([H:12])[H:13])([H:14])[H:15])[H:17],16.0,12.0
5,-0.07655999632108779,AM1BCC,OpenEye,,,C,,6,[H:16][C:7]1([C:6]([C:5]([C:4]([C:9]([C:8]1([H:18])[H:19])([H:20])[H:21])([H:11])[C:2](=[O:1])[O:3][H:10])([H:12])[H:13])([H:14])[H:15])[H:17],16.0,12.0
6,-0.08459000112045378,AM1BCC,OpenEye,,,C,,7,[H:16][C:7]1([C:6]([C:5]([C:4]([C:9]([C:8]1([H:18])[H:19])([H:20])[H:21])([H:11])[C:2](=[O:1])[O:3][H:10])([H:12])[H:13])([H:14])[H:15])[H:17],16.0,12.0
7,-0.07655999632108779,AM1BCC,OpenEye,,,C,,8,[H:16][C:7]1([C:6]([C:5]([C:4]([C:9]([C:8]1([H:18])[H:19])([H:20])[H:21])([H:11])[C:2](=[O:1])[O:3][H:10])([H:12])[H:13])([H:14])[H:15])[H:17],16.0,12.0
8,-0.07292000026929946,AM1BCC,OpenEye,,,C,,9,[H:16][C:7]1([C:6]([C:5]([C:4]([C:9]([C:8]1([H:18])[H:19])([H:20])[H:21])([H:11])[C:2](=[O:1])[O:3][H:10])([H:12])[H:13])([H:14])[H:15])[H:17],16.0,12.0
9,0.4418399947739783,AM1BCC,OpenEye,,,H,,10,[H:16][C:7]1([C:6]([C:5]([C:4]([C:9]([C:8]1([H:18])[H:19])([H:20])[H:21])([H:11])[C:2](=[O:1])[O:3][H:10])([H:12])[H:13])([H:14])[H:15])[H:17],16.0,12.0
10,0.07672999976646333,AM1BCC,OpenEye,,,H,,11,[H:16][C:7]1([C:6]([C:5]([C:4]([C:9]([C:8]1([H:18])[H:19])([H:20])[H:21])([H:11])[C:2](=[O:1])[O:3][H:10])([H:12])[H:13])([H:14])[H:15])[H:17],16.0,12.0
11,0.054580001071805044,AM1BCC,OpenEye,,,H,,12,[H:16][C:7]1([C:6]([C:5]([C:4]([C:9]([C:8]1([H:18])[H:19])([H:20])[H:21])([H:11])[C:2](=[O:1])[O:3][H:10])([H:12])[H:13])([H:14])[H:15])[H:17],16.0,12.0
12,0.054580001071805044,AM1BCC,OpenEye,,,H,,13,[H:16][C:7]1([C:6]([C:5]([C:4]([C:9]([C:8]1([H:18])[H:19])([H:20])[H:21])([H:11])[C:2](=[O:1])[O:3][H:10])([H:12])[H:13])([H:14])[H:15])[H:17],16.0,12.0
13,0.041930003002995535,AM1BCC,OpenEye,,,H,,14,[H:16][C:7]1([C:6]([C:5]([C:4]([C:9]([C:8]1([H:18])[H:19])([H:20])[H:21])([H:11])[C:2](=[O:1])[O:3][H:10])([H:12])[H:13])([H:14])[H:15])[H:17],16.0,12.0
14,0.041930003002995535,AM1BCC,OpenEye,,,H,,15,[H:16][C:7]1([C:6]([C:5]([C:4]([C:9]([C:8]1([H:18])[H:19])([H:20])[H:21])([H:11])[C:2](=[O:1])[O:3][H:10])([H:12])[H:13])([H:14])[H:15])[H:17],16.0,12.0
15,0.050290001467579885,AM1BCC,OpenEye,,,H,,16,[H:16][C:7]1([C:6]([C:5]([C:4]([C:9]([C:8]1([H:18])[H:19])([H:20])[H:21])([H:11])[C:2](=[O:1])[O:3][H:10])([H:12])[H:13])([H:14])[H:15])[H:17],16.0,12.0
16,0.050290001467579885,AM1BCC,OpenEye,,,H,,17,[H:16][C:7]1([C:6]([C:5]([C:4]([C:9]([C:8]1([H:18])[H:19])([H:20])[H:21])([H:11])[C:2](=[O:1])[O:3][H:10])([H:12])[H:13])([H:14])[H:15])[H:17],16.0,12.0
17,0.041930003002995535,AM1BCC,OpenEye,,,H,,18,[H:16][C:7]1([C:6]([C:5]([C:4]([C:9]([C:8]1([H:18])[H:19])([H:20])[H:21])([H:11])[C:2](=[O:1])[O:3][H:10])([H:12])[H:13])([H:14])[H:15])[H:17],16.0,12.0
18,0.041930003002995535,AM1BCC,OpenEye,,,H,,19,[H:16][C:7]1([C:6]([C:5]([C:4]([C:9]([C:8]1([H:18])[H:19])([H:20])[H:21])([H:11])[C:2](=[O:1])[O:3][H:10])([H:12])[H:13])([H:14])[H:15])[H:17],16.0,12.0
19,0.054580001071805044,AM1BCC,OpenEye,,,H,,20,[H:16][C:7]1([C:6]([C:5]([C:4]([C:9]([C:8]1([H:18])[H:19])([H:20])[H:21])([H:11])[C:2](=[O:1])[O:3][H:10])([H:12])[H:13])([H:14])[H:15])[H:17],16.0,12.0
20,0.054580001071805044,AM1BCC,OpenEye,,,H,,21,[H:16][C:7]1([C:6]([C:5]([C:4]([C:9]([C:8]1([H:18])[H:19])([H:20])[H:21])([H:11])[C:2](=[O:1])[O:3][H:10])([H:12])[H:13])([H:14])[H:15])[H:17],16.0,12.0
0,-0.551,AM1BCC,AmberTools,,,O,,1,[H:16][C:7]1([C:6]([C:5]([C:4]([C:9]([C:8]1([H:18])[H:19])([H:20])[H:21])([H:11])[C:2](=[O:1])[O:3][H:10])([H:12])[H:13])([H:14])[H:15])[H:17],16.0,12.0
1,0.6361,AM1BCC,AmberTools,,,C,,2,[H:16][C:7]1([C:6]([C:5]([C:4]([C:9]([C:8]1([H:18])[H:19])([H:20])[H:21])([H:11])[C:2](=[O:1])[O:3][H:10])([H:12])[H:13])([H:14])[H:15])[H:17],16.0,12.0
2,-0.6111,AM1BCC,AmberTools,,,O,,3,[H:16][C:7]1([C:6]([C:5]([C:4]([C:9]([C:8]1([H:18])[H:19])([H:20])[H:21])([H:11])[C:2](=[O:1])[O:3][H:10])([H:12])[H:13])([H:14])[H:15])[H:17],16.0,12.0
3,-0.1037,AM1BCC,AmberTools,,,C,,4,[H:16][C:7]1([C:6]([C:5]([C:4]([C:9]([C:8]1([H:18])[H:19])([H:20])[H:21])([H:11])[C:2](=[O:1])[O:3][H:10])([H:12])[H:13])([H:14])[H:15])[H:17],16.0,12.0
4,-0.0719,AM1BCC,AmberTools,,,C,,5,[H:16][C:7]1([C:6]([C:5]([C:4]([C:9]([C:8]1([H:18])[H:19])([H:20])[H:21])([H:11])[C:2](=[O:1])[O:3][H:10])([H:12])[H:13])([H:14])[H:15])[H:17],16.0,12.0
5,-0.0784,AM1BCC,AmberTools,,,C,,6,[H:16][C:7]1([C:6]([C:5]([C:4]([C:9]([C:8]1([H:18])[H:19])([H:20])[H:21])([H:11])[C:2](=[O:1])[O:3][H:10])([H:12])[H:13])([H:14])[H:15])[H:17],16.0,12.0
6,-0.0774,AM1BCC,AmberTools,,,C,,7,[H:16][C:7]1([C:6]([C:5]([C:4]([C:9]([C:8]1([H:18])[H:19])([H:20])[H:21])([H:11])[C:2](=[O:1])[O:3][H:10])([H:12])[H:13])([H:14])[H:15])[H:17],16.0,12.0
7,-0.0784,AM1BCC,AmberTools,,,C,,8,[H:16][C:7]1([C:6]([C:5]([C:4]([C:9]([C:8]1([H:18])[H:19])([H:20])[H:21])([H:11])[C:2](=[O:1])[O:3][H:10])([H:12])[H:13])([H:14])[H:15])[H:17],16.0,12.0
8,-0.0719,AM1BCC,AmberTools,,,C,,9,[H:16][C:7]1([C:6]([C:5]([C:4]([C:9]([C:8]1([H:18])[H:19])([H:20])[H:21])([H:11])[C:2](=[O:1])[O:3][H:10])([H:12])[H:13])([H:14])[H:15])[H:17],16.0,12.0
9,0.442,AM1BCC,AmberTools,,,H,,10,[H:16][C:7]1([C:6]([C:5]([C:4]([C:9]([C:8]1([H:18])[H:19])([H:20])[H:21])([H:11])[C:2](=[O:1])[O:3][H:10])([H:12])[H:13])([H:14])[H:15])[H:17],16.0,12.0
10,0.0807,AM1BCC,AmberTools,,,H,,11,[H:16][C:7]1([C:6]([C:5]([C:4]([C:9]([C:8]1([H:18])[H:19])([H:20])[H:21])([H:11])[C:2](=[O:1])[O:3][H:10])([H:12])[H:13])([H:14])[H:15])[H:17],16.0,12.0
11,0.05445,AM1BCC,AmberTools,,,H,,12,[H:16][C:7]1([C:6]([C:5]([C:4]([C:9]([C:8]1([H:18])[H:19])([H:20])[H:21])([H:11])[C:2](=[O:1])[O:3][H:10])([H:12])[H:13])([H:14])[H:15])[H:17],16.0,12.0
12,0.05445,AM1BCC,AmberTools,,,H,,13,[H:16][C:7]1([C:6]([C:5]([C:4]([C:9]([C:8]1([H:18])[H:19])([H:20])[H:21])([H:11])[C:2](=[O:1])[O:3][H:10])([H:12])[H:13])([H:14])[H:15])[H:17],16.0,12.0
13,0.0462,AM1BCC,AmberTools,,,H,,14,[H:16][C:7]1([C:6]([C:5]([C:4]([C:9]([C:8]1([H:18])[H:19])([H:20])[H:21])([H:11])[C:2](=[O:1])[O:3][H:10])([H:12])[H:13])([H:14])[H:15])[H:17],16.0,12.0
14,0.0462,AM1BCC,AmberTools,,,H,,15,[H:16][C:7]1([C:6]([C:5]([C:4]([C:9]([C:8]1([H:18])[H:19])([H:20])[H:21])([H:11])[C:2](=[O:1])[O:3][H:10])([H:12])[H:13])([H:14])[H:15])[H:17],16.0,12.0
15,0.0412,AM1BCC,AmberTools,,,H,,16,[H:16][C:7]1([C:6]([C:5]([C:4]([C:9]([C:8]1([H:18])[H:19])([H:20])[H:21])([H:11])[C:2](=[O:1])[O:3][H:10])([H:12])[H:13])([H:14])[H:15])[H:17],16.0,12.0
16,0.0412,AM1BCC,AmberTools,,,H,,17,[H:16][C:7]1([C:6]([C:5]([C:4]([C:9]([C:8]1([H:18])[H:19])([H:20])[H:21])([H:11])[C:2](=[O:1])[O:3][H:10])([H:12])[H:13])([H:14])[H:15])[H:17],16.0,12.0
17,0.0462,AM1BCC,AmberTools,,,H,,18,[H:16][C:7]1([C:6]([C:5]([C:4]([C:9]([C:8]1([H:18])[H:19])([H:20])[H:21])([H:11])[C:2](=[O:1])[O:3][H:10])([H:12])[H:13])([H:14])[H:15])[H:17],16.0,12.0
18,0.0462,AM1BCC,AmberTools,,,H,,19,[H:16][C:7]1([C:6]([C:5]([C:4]([C:9]([C:8]1([H:18])[H:19])([H:20])[H:21])([H:11])[C:2](=[O:1])[O:3][H:10])([H:12])[H:13])([H:14])[H:15])[H:17],16.0,12.0
19,0.05445,AM1BCC,AmberTools,,,H,,20,[H:16][C:7]1([C:6]([C:5]([C:4]([C:9]([C:8]1([H:18])[H:19])([H:20])[H:21])([H:11])[C:2](=[O:1])[O:3][H:10])([H:12])[H:13])([H:14])[H:15])[H:17],16.0,12.0
20,0.05445,AM1BCC,AmberTools,,,H,,21,[H:16][C:7]1([C:6]([C:5]([C:4]([C:9]([C:8]1([H:18])[H:19])([H:20])[H:21])([H:11])[C:2](=[O:1])[O:3][H:10])([H:12])[H:13])([H:14])[H:15])[H:17],16.0,12.0
0,-0.5526800141448066,AM1BCC,OpenEye,,,O,,1,[H:16][C:7]1([C:6]([C:5]([C:4]([C:9]([C:8]1([H:18])[H:19])([H:20])[H:21])([H:11])[C:2](=[O:1])[O:3][H:10])([H:12])[H:13])([H:14])[H:15])[H:17],17.0,1.0
1,0.6349999918824151,AM1BCC,OpenEye,,,C,,2,[H:16][C:7]1([C:6]([C:5]([C:4]([C:9]([C:8]1([H:18])[H:19])([H:20])[H:21])([H:11])[C:2](=[O:1])[O:3][H:10])([H:12])[H:13])([H:14])[H:15])[H:17],17.0,1.0
2,-0.598590014945893,AM1BCC,OpenEye,,,O,,3,[H:16][C:7]1([C:6]([C:5]([C:4]([C:9]([C:8]1([H:18])[H:19])([H:20])[H:21])([H:11])[C:2](=[O:1])[O:3][H:10])([H:12])[H:13])([H:14])[H:15])[H:17],17.0,1.0
3,-0.10710999972763516,AM1BCC,OpenEye,,,C,,4,[H:16][C:7]1([C:6]([C:5]([C:4]([C:9]([C:8]1([H:18])[H:19])([H:20])[H:21])([H:11])[C:2](=[O:1])[O:3][H:10])([H:12])[H:13])([H:14])[H:15])[H:17],17.0,1.0
4,-0.07327999777737118,AM1BCC,OpenEye,,,C,,5,[H:16][C:7]1([C:6]([C:5]([C:4]([C:9]([C:8]1([H:18])[H:19])([H:20])[H:21])([H:11])[C:2](=[O:1])[O:3][H:10])([H:12])[H:13])([H:14])[H:15])[H:17],17.0,1.0
5,-0.07681000090780712,AM1BCC,OpenEye,,,C,,6,[H:16][C:7]1([C:6]([C:5]([C:4]([C:9]([C:8]1([H:18])[H:19])([H:20])[H:21])([H:11])[C:2](=[O:1])[O:3][H:10])([H:12])[H:13])([H:14])[H:15])[H:17],17.0,1.0
6,-0.07943999625387646,AM1BCC,OpenEye,,,C,,7,[H:16][C:7]1([C:6]([C:5]([C:4]([C:9]([C:8]1([H:18])[H:19])([H:20])[H:21])([H:11])[C:2](=[O:1])[O:3][H:10])([H:12])[H:13])([H:14])[H:15])[H:17],17.0,1.0
7,-0.07681000090780712,AM1BCC,OpenEye,,,C,,8,[H:16][C:7]1([C:6]([C:5]([C:4]([C:9]([C:8]1([H:18])[H:19])([H:20])[H:21])([H:11])[C:2](=[O:1])[O:3][H:10])([H:12])[H:13])([H:14])[H:15])[H:17],17.0,1.0
8,-0.07327999777737118,AM1BCC,OpenEye,,,C,,9,[H:16][C:7]1([C:6]([C:5]([C:4]([C:9]([C:8]1([H:18])[H:19])([H:20])[H:21])([H:11])[C:2](=[O:1])[O:3][H:10])([H:12])[H:13])([H:14])[H:15])[H:17],17.0,1.0
9,0.44187000535783316,AM1BCC,OpenEye,,,H,,10,[H:16][C:7]1([C:6]([C:5]([C:4]([C:9]([C:8]1([H:18])[H:19])([H:20])[H:21])([H:11])[C:2](=[O:1])[O:3][H:10])([H:12])[H:13])([H:14])[H:15])[H:17],17.0,1.0
10,0.08307000391540073,AM1BCC,OpenEye,,,H,,11,[H:16][C:7]1([C:6]([C:5]([C:4]([C:9]([C:8]1([H:18])[H:19])([H:20])[H:21])([H:11])[C:2](=[O:1])[O:3][H:10])([H:12])[H:13])([H:14])[H:15])[H:17],17.0,1.0
11,0.05344000228104137,AM1BCC,OpenEye,,,H,,12,[H:16][C:7]1([C:6]([C:5]([C:4]([C:9]([C:8]1([H:18])[H:19])([H:20])[H:21])([H:11])[C:2](=[O:1])[O:3][H:10])([H:12])[H:13])([H:14])[H:15])[H:17],17.0,1.0
12,0.05344000228104137,AM1BCC,OpenEye,,,H,,13,[H:16][C:7]1([C:6]([C:5]([C:4]([C:9]([C:8]1([H:18])[H:19])([H:20])[H:21])([H:11])[C:2](=[O:1])[O:3][H:10])([H:12])[H:13])([H:14])[H:15])[H:17],17.0,1.0
13,0.04410000287351154,AM1BCC,OpenEye,,,H,,14,[H:16][C:7]1([C:6]([C:5]([C:4]([C:9]([C:8]1([H:18])[H:19])([H:20])[H:21])([H:11])[C:2](=[O:1])[O:3][H:10])([H:12])[H:13])([H:14])[H:15])[H:17],17.0,1.0
14,0.04410000287351154,AM1BCC,OpenEye,,,H,,15,[H:16][C:7]1([C:6]([C:5]([C:4]([C:9]([C:8]1([H:18])[H:19])([H:20])[H:21])([H:11])[C:2](=[O:1])[O:3][H:10])([H:12])[H:13])([H:14])[H:15])[H:17],17.0,1.0
15,0.04395000033435367,AM1BCC,OpenEye,,,H,,16,[H:16][C:7]1([C:6]([C:5]([C:4]([C:9]([C:8]1([H:18])[H:19])([H:20])[H:21])([H:11])[C:2](=[O:1])[O:3][H:10])([H:12])[H:13])([H:14])[H:15])[H:17],17.0,1.0
16,0.04395000033435367,AM1BCC,OpenEye,,,H,,17,[H:16][C:7]1([C:6]([C:5]([C:4]([C:9]([C:8]1([H:18])[H:19])([H:20])[H:21])([H:11])[C:2](=[O:1])[O:3][H:10])([H:12])[H:13])([H:14])[H:15])[H:17],17.0,1.0
17,0.04410000287351154,AM1BCC,OpenEye,,,H,,18,[H:16][C:7]1([C:6]([C:5]([C:4]([C:9]([C:8]1([H:18])[H:19])([H:20])[H:21])([H:11])[C:2](=[O:1])[O:3][H:10])([H:12])[H:13])([H:14])[H:15])[H:17],17.0,1.0
18,0.04410000287351154,AM1BCC,OpenEye,,,H,,19,[H:16][C:7]1([C:6]([C:5]([C:4]([C:9]([C:8]1([H:18])[H:19])([H:20])[H:21])([H:11])[C:2](=[O:1])[O:3][H:10])([H:12])[H:13])([H:14])[H:15])[H:17],17.0,1.0
19,0.05344000228104137,AM1BCC,OpenEye,,,H,,20,[H:16][C:7]1([C:6]([C:5]([C:4]([C:9]([C:8]1([H:18])[H:19])([H:20])[H:21])([H:11])[C:2](=[O:1])[O:3][H:10])([H:12])[H:13])([H:14])[H:15])[H:17],17.0,1.0
20,0.05344000228104137,AM1BCC,OpenEye,,,H,,21,[H:16][C:7]1([C:6]([C:5]([C:4]([C:9]([C:8]1([H:18])[H:19])([H:20])[H:21])([H:11])[C:2](=[O:1])[O:3][H:10])([H:12])[H:13])([H:14])[H:15])[H:17],17.0,1.0
0,-0.5518571428571429,AM1BCC,AmberTools,,,O,,1,[H:16][C:7]1([C:6]([C:5]([C:4]([C:9]([C:8]1([H:18])[H:19])([H:20])[H:21])([H:11])[C:2](=[O:1])[O:3][H:10])([H:12])[H:13])([H:14])[H:15])[H:17],17.0,1.0
1,0.6352428571428571,AM1BCC,AmberTools,,,C,,2,[H:16][C:7]1([C:6]([C:5]([C:4]([C:9]([C:8]1([H:18])[H:19])([H:20])[H:21])([H:11])[C:2](=[O:1])[O:3][H:10])([H:12])[H:13])([H:14])[H:15])[H:17],17.0,1.0
2,-0.6069571428571429,AM1BCC,AmberTools,,,O,,3,[H:16][C:7]1([C:6]([C:5]([C:4]([C:9]([C:8]1([H:18])[H:19])([H:20])[H:21])([H:11])[C:2](=[O:1])[O:3][H:10])([H:12])[H:13])([H:14])[H:15])[H:17],17.0,1.0
3,-0.10355714285714285,AM1BCC,AmberTools,,,C,,4,[H:16][C:7]1([C:6]([C:5]([C:4]([C:9]([C:8]1([H:18])[H:19])([H:20])[H:21])([H:11])[C:2](=[O:1])[O:3][H:10])([H:12])[H:13])([H:14])[H:15])[H:17],17.0,1.0
4,-0.07425714285714284,AM1BCC,AmberTools,,,C,,5,[H:16][C:7]1([C:6]([C:5]([C:4]([C:9]([C:8]1([H:18])[H:19])([H:20])[H:21])([H:11])[C:2](=[O:1])[O:3][H:10])([H:12])[H:13])([H:14])[H:15])[H:17],17.0,1.0
5,-0.07625714285714284,AM1BCC,AmberTools,,,C,,6,[H:16][C:7]1([C:6]([C:5]([C:4]([C:9]([C:8]1([H:18])[H:19])([H:20])[H:21])([H:11])[C:2](=[O:1])[O:3][H:10])([H:12])[H:13])([H:14])[H:15])[H:17],17.0,1.0
6,-0.07925714285714285,AM1BCC,AmberTools,,,C,,7,[H:16][C:7]1([C:6]([C:5]([C:4]([C:9]([C:8]1([H:18])[H:19])([H:20])[H:21])([H:11])[C:2](=[O:1])[O:3][H:10])([H:12])[H:13])([H:14])[H:15])[H:17],17.0,1.0
7,-0.07625714285714284,AM1BCC,AmberTools,,,C,,8,[H:16][C:7]1([C:6]([C:5]([C:4]([C:9]([C:8]1([H:18])[H:19])([H:20])[H:21])([H:11])[C:2](=[O:1])[O:3][H:10])([H:12])[H:13])([H:14])[H:15])[H:17],17.0,1.0
8,-0.07425714285714284,AM1BCC,AmberTools,,,C,,9,[H:16][C:7]1([C:6]([C:5]([C:4]([C:9]([C:8]1([H:18])[H:19])([H:20])[H:21])([H:11])[C:2](=[O:1])[O:3][H:10])([H:12])[H:13])([H:14])[H:15])[H:17],17.0,1.0
9,0.44214285714285717,AM1BCC,AmberTools,,,H,,10,[H:16][C:7]1([C:6]([C:5]([C:4]([C:9]([C:8]1([H:18])[H:19])([H:20])[H:21])([H:11])[C:2](=[O:1])[O:3][H:10])([H:12])[H:13])([H:14])[H:15])[H:17],17.0,1.0
10,0.08284285714285715,AM1BCC,AmberTools,,,H,,11,[H:16][C:7]1([C:6]([C:5]([C:4]([C:9]([C:8]1([H:18])[H:19])([H:20])[H:21])([H:11])[C:2](=[O:1])[O:3][H:10])([H:12])[H:13])([H:14])[H:15])[H:17],17.0,1.0
11,0.05484285714285715,AM1BCC,AmberTools,,,H,,12,[H:16][C:7]1([C:6]([C:5]([C:4]([C:9]([C:8]1([H:18])[H:19])([H:20])[H:21])([H:11])[C:2](=[O:1])[O:3][H:10])([H:12])[H:13])([H:14])[H:15])[H:17],17.0,1.0
12,0.05484285714285715,AM1BCC,AmberTools,,,H,,13,[H:16][C:7]1([C:6]([C:5]([C:4]([C:9]([C:8]1([H:18])[H:19])([H:20])[H:21])([H:11])[C:2](=[O:1])[O:3][H:10])([H:12])[H:13])([H:14])[H:15])[H:17],17.0,1.0
13,0.043842857142857156,AM1BCC,AmberTools,,,H,,14,[H:16][C:7]1([C:6]([C:5]([C:4]([C:9]([C:8]1([H:18])[H:19])([H:20])[H:21])([H:11])[C:2](=[O:1])[O:3][H:10])([H:12])[H:13])([H:14])[H:15])[H:17],17.0,1.0
14,0.043842857142857156,AM1BCC,AmberTools,,,H,,15,[H:16][C:7]1([C:6]([C:5]([C:4]([C:9]([C:8]1([H:18])[H:19])([H:20])[H:21])([H:11])[C:2](=[O:1])[O:3][H:10])([H:12])[H:13])([H:14])[H:15])[H:17],17.0,1.0
15,0.043842857142857156,AM1BCC,AmberTools,,,H,,16,[H:16][C:7]1([C:6]([C:5]([C:4]([C:9]([C:8]1([H:18])[H:19])([H:20])[H:21])([H:11])[C:2](=[O:1])[O:3][H:10])([H:12])[H:13])([H:14])[H:15])[H:17],17.0,1.0
16,0.043842857142857156,AM1BCC,AmberTools,,,H,,17,[H:16][C:7]1([C:6]([C:5]([C:4]([C:9]([C:8]1([H:18])[H:19])([H:20])[H:21])([H:11])[C:2](=[O:1])[O:3][H:10])([H:12])[H:13])([H:14])[H:15])[H:17],17.0,1.0
17,0.043842857142857156,AM1BCC,AmberTools,,,H,,18,[H:16][C:7]1([C:6]([C:5]([C:4]([C:9]([C:8]1([H:18])[H:19])([H:20])[H:21])([H:11])[C:2](=[O:1])[O:3][H:10])([H:12])[H:13])([H:14])[H:15])[H:17],17.0,1.0
18,0.043842857142857156,AM1BCC,AmberTools,,,H,,19,[H:16][C:7]1([C:6]([C:5]([C:4]([C:9]([C:8]1([H:18])[H:19])([H:20])[H:21])([H:11])[C:2](=[O:1])[O:3][H:10])([H:12])[H:13])([H:14])[H:15])[H:17],17.0,1.0
19,0.05484285714285715,AM1BCC,AmberTools,,,H,,20,[H:16][C:7]1([C:6]([C:5]([C:4]([C:9]([C:8]1([H:18])[H:19])([H:20])[H:21])([H:11])[C:2](=[O:1])[O:3][H:10])([H:12])[H:13])([H:14])[H:15])[H:17],17.0,1.0
20,0.05484285714285715,AM1BCC,AmberTools,,,H,,21,[H:16][C:7]1([C:6]([C:5]([C:4]([C:9]([C:8]1([H:18])[H:19])([H:20])[H:21])([H:11])[C:2](=[O:1])[O:3][H:10])([H:12])[H:13])([H:14])[H:15])[H:17],17.0,1.0
0,-0.5526800141448066,AM1BCC,OpenEye,,,O,,1,[H:16][C:7]1([C:6]([C:5]([C:4]([C:9]([C:8]1([H:18])[H:19])([H:20])[H:21])([H:11])[C:2](=[O:1])[O:3][H:10])([H:12])[H:13])([H:14])[H:15])[H:17],17.0,2.0
1,0.6349999918824151,AM1BCC,OpenEye,,,C,,2,[H:16][C:7]1([C:6]([C:5]([C:4]([C:9]([C:8]1([H:18])[H:19])([H:20])[H:21])([H:11])[C:2](=[O:1])[O:3][H:10])([H:12])[H:13])([H:14])[H:15])[H:17],17.0,2.0
2,-0.598590014945893,AM1BCC,OpenEye,,,O,,3,[H:16][C:7]1([C:6]([C:5]([C:4]([C:9]([C:8]1([H:18])[H:19])([H:20])[H:21])([H:11])[C:2](=[O:1])[O:3][H:10])([H:12])[H:13])([H:14])[H:15])[H:17],17.0,2.0
3,-0.10710999972763516,AM1BCC,OpenEye,,,C,,4,[H:16][C:7]1([C:6]([C:5]([C:4]([C:9]([C:8]1([H:18])[H:19])([H:20])[H:21])([H:11])[C:2](=[O:1])[O:3][H:10])([H:12])[H:13])([H:14])[H:15])[H:17],17.0,2.0
4,-0.07327999777737118,AM1BCC,OpenEye,,,C,,5,[H:16][C:7]1([C:6]([C:5]([C:4]([C:9]([C:8]1([H:18])[H:19])([H:20])[H:21])([H:11])[C:2](=[O:1])[O:3][H:10])([H:12])[H:13])([H:14])[H:15])[H:17],17.0,2.0
5,-0.07681000090780712,AM1BCC,OpenEye,,,C,,6,[H:16][C:7]1([C:6]([C:5]([C:4]([C:9]([C:8]1([H:18])[H:19])([H:20])[H:21])([H:11])[C:2](=[O:1])[O:3][H:10])([H:12])[H:13])([H:14])[H:15])[H:17],17.0,2.0
6,-0.07943999625387646,AM1BCC,OpenEye,,,C,,7,[H:16][C:7]1([C:6]([C:5]([C:4]([C:9]([C:8]1([H:18])[H:19])([H:20])[H:21])([H:11])[C:2](=[O:1])[O:3][H:10])([H:12])[H:13])([H:14])[H:15])[H:17],17.0,2.0
7,-0.07681000090780712,AM1BCC,OpenEye,,,C,,8,[H:16][C:7]1([C:6]([C:5]([C:4]([C:9]([C:8]1([H:18])[H:19])([H:20])[H:21])([H:11])[C:2](=[O:1])[O:3][H:10])([H:12])[H:13])([H:14])[H:15])[H:17],17.0,2.0
8,-0.07327999777737118,AM1BCC,OpenEye,,,C,,9,[H:16][C:7]1([C:6]([C:5]([C:4]([C:9]([C:8]1([H:18])[H:19])([H:20])[H:21])([H:11])[C:2](=[O:1])[O:3][H:10])([H:12])[H:13])([H:14])[H:15])[H:17],17.0,2.0
9,0.44187000535783316,AM1BCC,OpenEye,,,H,,10,[H:16][C:7]1([C:6]([C:5]([C:4]([C:9]([C:8]1([H:18])[H:19])([H:20])[H:21])([H:11])[C:2](=[O:1])[O:3][H:10])([H:12])[H:13])([H:14])[H:15])[H:17],17.0,2.0
10,0.08307000391540073,AM1BCC,OpenEye,,,H,,11,[H:16][C:7]1([C:6]([C:5]([C:4]([C:9]([C:8]1([H:18])[H:19])([H:20])[H:21])([H:11])[C:2](=[O:1])[O:3][H:10])([H:12])[H:13])([H:14])[H:15])[H:17],17.0,2.0
11,0.05344000228104137,AM1BCC,OpenEye,,,H,,12,[H:16][C:7]1([C:6]([C:5]([C:4]([C:9]([C:8]1([H:18])[H:19])([H:20])[H:21])([H:11])[C:2](=[O:1])[O:3][H:10])([H:12])[H:13])([H:14])[H:15])[H:17],17.0,2.0
12,0.05344000228104137,AM1BCC,OpenEye,,,H,,13,[H:16][C:7]1([C:6]([C:5]([C:4]([C:9]([C:8]1([H:18])[H:19])([H:20])[H:21])([H:11])[C:2](=[O:1])[O:3][H:10])([H:12])[H:13])([H:14])[H:15])[H:17],17.0,2.0
13,0.04410000287351154,AM1BCC,OpenEye,,,H,,14,[H:16][C:7]1([C:6]([C:5]([C:4]([C:9]([C:8]1([H:18])[H:19])([H:20])[H:21])([H:11])[C:2](=[O:1])[O:3][H:10])([H:12])[H:13])([H:14])[H:15])[H:17],17.0,2.0
14,0.04410000287351154,AM1BCC,OpenEye,,,H,,15,[H:16][C:7]1([C:6]([C:5]([C:4]([C:9]([C:8]1([H:18])[H:19])([H:20])[H:21])([H:11])[C:2](=[O:1])[O:3][H:10])([H:12])[H:13])([H:14])[H:15])[H:17],17.0,2.0
15,0.04395000033435367,AM1BCC,OpenEye,,,H,,16,[H:16][C:7]1([C:6]([C:5]([C:4]([C:9]([C:8]1([H:18])[H:19])([H:20])[H:21])([H:11])[C:2](=[O:1])[O:3][H:10])([H:12])[H:13])([H:14])[H:15])[H:17],17.0,2.0
16,0.04395000033435367,AM1BCC,OpenEye,,,H,,17,[H:16][C:7]1([C:6]([C:5]([C:4]([C:9]([C:8]1([H:18])[H:19])([H:20])[H:21])([H:11])[C:2](=[O:1])[O:3][H:10])([H:12])[H:13])([H:14])[H:15])[H:17],17.0,2.0
17,0.04410000287351154,AM1BCC,OpenEye,,,H,,18,[H:16][C:7]1([C:6]([C:5]([C:4]([C:9]([C:8]1([H:18])[H:19])([H:20])[H:21])([H:11])[C:2](=[O:1])[O:3][H:10])([H:12])[H:13])([H:14])[H:15])[H:17],17.0,2.0
18,0.04410000287351154,AM1BCC,OpenEye,,,H,,19,[H:16][C:7]1([C:6]([C:5]([C:4]([C:9]([C:8]1([H:18])[H:19])([H:20])[H:21])([H:11])[C:2](=[O:1])[O:3][H:10])([H:12])[H:13])([H:14])[H:15])[H:17],17.0,2.0
19,0.05344000228104137,AM1BCC,OpenEye,,,H,,20,[H:16][C:7]1([C:6]([C:5]([C:4]([C:9]([C:8]1([H:18])[H:19])([H:20])[H:21])([H:11])[C:2](=[O:1])[O:3][H:10])([H:12])[H:13])([H:14])[H:15])[H:17],17.0,2.0
20,0.05344000228104137,AM1BCC,OpenEye,,,H,,21,[H:16][C:7]1([C:6]([C:5]([C:4]([C:9]([C:8]1([H:18])[H:19])([H:20])[H:21])([H:11])[C:2](=[O:1])[O:3][H:10])([H:12])[H:13])([H:14])[H:15])[H:17],17.0,2.0
0,-0.5518571428571429,AM1BCC,AmberTools,,,O,,1,[H:16][C:7]1([C:6]([C:5]([C:4]([C:9]([C:8]1([H:18])[H:19])([H:20])[H:21])([H:11])[C:2](=[O:1])[O:3][H:10])([H:12])[H:13])([H:14])[H:15])[H:17],17.0,2.0
1,0.6352428571428571,AM1BCC,AmberTools,,,C,,2,[H:16][C:7]1([C:6]([C:5]([C:4]([C:9]([C:8]1([H:18])[H:19])([H:20])[H:21])([H:11])[C:2](=[O:1])[O:3][H:10])([H:12])[H:13])([H:14])[H:15])[H:17],17.0,2.0
2,-0.6069571428571429,AM1BCC,AmberTools,,,O,,3,[H:16][C:7]1([C:6]([C:5]([C:4]([C:9]([C:8]1([H:18])[H:19])([H:20])[H:21])([H:11])[C:2](=[O:1])[O:3][H:10])([H:12])[H:13])([H:14])[H:15])[H:17],17.0,2.0
3,-0.10355714285714285,AM1BCC,AmberTools,,,C,,4,[H:16][C:7]1([C:6]([C:5]([C:4]([C:9]([C:8]1([H:18])[H:19])([H:20])[H:21])([H:11])[C:2](=[O:1])[O:3][H:10])([H:12])[H:13])([H:14])[H:15])[H:17],17.0,2.0
4,-0.07425714285714284,AM1BCC,AmberTools,,,C,,5,[H:16][C:7]1([C:6]([C:5]([C:4]([C:9]([C:8]1([H:18])[H:19])([H:20])[H:21])([H:11])[C:2](=[O:1])[O:3][H:10])([H:12])[H:13])([H:14])[H:15])[H:17],17.0,2.0
5,-0.07625714285714284,AM1BCC,AmberTools,,,C,,6,[H:16][C:7]1([C:6]([C:5]([C:4]([C:9]([C:8]1([H:18])[H:19])([H:20])[H:21])([H:11])[C:2](=[O:1])[O:3][H:10])([H:12])[H:13])([H:14])[H:15])[H:17],17.0,2.0
6,-0.07925714285714285,AM1BCC,AmberTools,,,C,,7,[H:16][C:7]1([C:6]([C:5]([C:4]([C:9]([C:8]1([H:18])[H:19])([H:20])[H:21])([H:11])[C:2](=[O:1])[O:3][H:10])([H:12])[H:13])([H:14])[H:15])[H:17],17.0,2.0
7,-0.07625714285714284,AM1BCC,AmberTools,,,C,,8,[H:16][C:7]1([C:6]([C:5]([C:4]([C:9]([C:8]1([H:18])[H:19])([H:20])[H:21])([H:11])[C:2](=[O:1])[O:3][H:10])([H:12])[H:13])([H:14])[H:15])[H:17],17.0,2.0
8,-0.07425714285714284,AM1BCC,AmberTools,,,C,,9,[H:16][C:7]1([C:6]([C:5]([C:4]([C:9]([C:8]1([H:18])[H:19])([H:20])[H:21])([H:11])[C:2](=[O:1])[O:3][H:10])([H:12])[H:13])([H:14])[H:15])[H:17],17.0,2.0
9,0.44214285714285717,AM1BCC,AmberTools,,,H,,10,[H:16][C:7]1([C:6]([C:5]([C:4]([C:9]([C:8]1([H:18])[H:19])([H:20])[H:21])([H:11])[C:2](=[O:1])[O:3][H:10])([H:12])[H:13])([H:14])[H:15])[H:17],17.0,2.0
10,0.08284285714285715,AM1BCC,AmberTools,,,H,,11,[H:16][C:7]1([C:6]([C:5]([C:4]([C:9]([C:8]1([H:18])[H:19])([H:20])[H:21])([H:11])[C:2](=[O:1])[O:3][H:10])([H:12])[H:13])([H:14])[H:15])[H:17],17.0,2.0
11,0.05484285714285715,AM1BCC,AmberTools,,,H,,12,[H:16][C:7]1([C:6]([C:5]([C:4]([C:9]([C:8]1([H:18])[H:19])([H:20])[H:21])([H:11])[C:2](=[O:1])[O:3][H:10])([H:12])[H:13])([H:14])[H:15])[H:17],17.0,2.0
12,0.05484285714285715,AM1BCC,AmberTools,,,H,,13,[H:16][C:7]1([C:6]([C:5]([C:4]([C:9]([C:8]1([H:18])[H:19])([H:20])[H:21])([H:11])[C:2](=[O:1])[O:3][H:10])([H:12])[H:13])([H:14])[H:15])[H:17],17.0,2.0
13,0.043842857142857156,AM1BCC,AmberTools,,,H,,14,[H:16][C:7]1([C:6]([C:5]([C:4]([C:9]([C:8]1([H:18])[H:19])([H:20])[H:21])([H:11])[C:2](=[O:1])[O:3][H:10])([H:12])[H:13])([H:14])[H:15])[H:17],17.0,2.0
14,0.043842857142857156,AM1BCC,AmberTools,,,H,,15,[H:16][C:7]1([C:6]([C:5]([C:4]([C:9]([C:8]1([H:18])[H:19])([H:20])[H:21])([H:11])[C:2](=[O:1])[O:3][H:10])([H:12])[H:13])([H:14])[H:15])[H:17],17.0,2.0
15,0.043842857142857156,AM1BCC,AmberTools,,,H,,16,[H:16][C:7]1([C:6]([C:5]([C:4]([C:9]([C:8]1([H:18])[H:19])([H:20])[H:21])([H:11])[C:2](=[O:1])[O:3][H:10])([H:12])[H:13])([H:14])[H:15])[H:17],17.0,2.0
16,0.043842857142857156,AM1BCC,AmberTools,,,H,,17,[H:16][C:7]1([C:6]([C:5]([C:4]([C:9]([C:8]1([H:18])[H:19])([H:20])[H:21])([H:11])[C:2](=[O:1])[O:3][H:10])([H:12])[H:13])([H:14])[H:15])[H:17],17.0,2.0
17,0.043842857142857156,AM1BCC,AmberTools,,,H,,18,[H:16][C:7]1([C:6]([C:5]([C:4]([C:9]([C:8]1([H:18])[H:19])([H:20])[H:21])([H:11])[C:2](=[O:1])[O:3][H:10])([H:12])[H:13])([H:14])[H:15])[H:17],17.0,2.0
18,0.043842857142857156,AM1BCC,AmberTools,,,H,,19,[H:16][C:7]1([C:6]([C:5]([C:4]([C:9]([C:8]1([H:18])[H:19])([H:20])[H:21])([H:11])[C:2](=[O:1])[O:3][H:10])([H:12])[H:13])([H:14])[H:15])[H:17],17.0,2.0
19,0.05484285714285715,AM1BCC,AmberTools,,,H,,20,[H:16][C:7]1([C:6]([C:5]([C:4]([C:9]([C:8]1([H:18])[H:19])([H:20])[H:21])([H:11])[C:2](=[O:1])[O:3][H:10])([H:12])[H:13])([H:14])[H:15])[H:17],17.0,2.0
20,0.05484285714285715,AM1BCC,AmberTools,,,H,,21,[H:16][C:7]1([C:6]([C:5]([C:4]([C:9]([C:8]1([H:18])[H:19])([H:20])[H:21])([H:11])[C:2](=[O:1])[O:3][H:10])([H:12])[H:13])([H:14])[H:15])[H:17],17.0,2.0
0,-0.5526800141448066,AM1BCC,OpenEye,,,O,,1,[H:16][C:7]1([C:6]([C:5]([C:4]([C:9]([C:8]1([H:18])[H:19])([H:20])[H:21])([H:11])[C:2](=[O:1])[O:3][H:10])([H:12])[H:13])([H:14])[H:15])[H:17],17.0,3.0
1,0.6349999918824151,AM1BCC,OpenEye,,,C,,2,[H:16][C:7]1([C:6]([C:5]([C:4]([C:9]([C:8]1([H:18])[H:19])([H:20])[H:21])([H:11])[C:2](=[O:1])[O:3][H:10])([H:12])[H:13])([H:14])[H:15])[H:17],17.0,3.0
2,-0.598590014945893,AM1BCC,OpenEye,,,O,,3,[H:16][C:7]1([C:6]([C:5]([C:4]([C:9]([C:8]1([H:18])[H:19])([H:20])[H:21])([H:11])[C:2](=[O:1])[O:3][H:10])([H:12])[H:13])([H:14])[H:15])[H:17],17.0,3.0
3,-0.10710999972763516,AM1BCC,OpenEye,,,C,,4,[H:16][C:7]1([C:6]([C:5]([C:4]([C:9]([C:8]1([H:18])[H:19])([H:20])[H:21])([H:11])[C:2](=[O:1])[O:3][H:10])([H:12])[H:13])([H:14])[H:15])[H:17],17.0,3.0
4,-0.07327999777737118,AM1BCC,OpenEye,,,C,,5,[H:16][C:7]1([C:6]([C:5]([C:4]([C:9]([C:8]1([H:18])[H:19])([H:20])[H:21])([H:11])[C:2](=[O:1])[O:3][H:10])([H:12])[H:13])([H:14])[H:15])[H:17],17.0,3.0
5,-0.07681000090780712,AM1BCC,OpenEye,,,C,,6,[H:16][C:7]1([C:6]([C:5]([C:4]([C:9]([C:8]1([H:18])[H:19])([H:20])[H:21])([H:11])[C:2](=[O:1])[O:3][H:10])([H:12])[H:13])([H:14])[H:15])[H:17],17.0,3.0
6,-0.07944999493303753,AM1BCC,OpenEye,,,C,,7,[H:16][C:7]1([C:6]([C:5]([C:4]([C:9]([C:8]1([H:18])[H:19])([H:20])[H:21])([H:11])[C:2](=[O:1])[O:3][H:10])([H:12])[H:13])([H:14])[H:15])[H:17],17.0,3.0
7,-0.07681000090780712,AM1BCC,OpenEye,,,C,,8,[H:16][C:7]1([C:6]([C:5]([C:4]([C:9]([C:8]1([H:18])[H:19])([H:20])[H:21])([H:11])[C:2](=[O:1])[O:3][H:10])([H:12])[H:13])([H:14])[H:15])[H:17],17.0,3.0
8,-0.07327999777737118,AM1BCC,OpenEye,,,C,,9,[H:16][C:7]1([C:6]([C:5]([C:4]([C:9]([C:8]1([H:18])[H:19])([H:20])[H:21])([H:11])[C:2](=[O:1])[O:3][H:10])([H:12])[H:13])([H:14])[H:15])[H:17],17.0,3.0
9,0.44187000535783316,AM1BCC,OpenEye,,,H,,10,[H:16][C:7]1([C:6]([C:5]([C:4]([C:9]([C:8]1([H:18])[H:19])([H:20])[H:21])([H:11])[C:2](=[O:1])[O:3][H:10])([H:12])[H:13])([H:14])[H:15])[H:17],17.0,3.0
10,0.0830800025945618,AM1BCC,OpenEye,,,H,,11,[H:16][C:7]1([C:6]([C:5]([C:4]([C:9]([C:8]1([H:18])[H:19])([H:20])[H:21])([H:11])[C:2](=[O:1])[O:3][H:10])([H:12])[H:13])([H:14])[H:15])[H:17],17.0,3.0
11,0.05344000228104137,AM1BCC,OpenEye,,,H,,12,[H:16][C:7]1([C:6]([C:5]([C:4]([C:9]([C:8]1([H:18])[H:19])([H:20])[H:21])([H:11])[C:2](=[O:1])[O:3][H:10])([H:12])[H:13])([H:14])[H:15])[H:17],17.0,3.0
12,0.05344000228104137,AM1BCC,OpenEye,,,H,,13,[H:16][C:7]1([C:6]([C:5]([C:4]([C:9]([C:8]1([H:18])[H:19])([H:20])[H:21])([H:11])[C:2](=[O:1])[O:3][H:10])([H:12])[H:13])([H:14])[H:15])[H:17],17.0,3.0
13,0.04410000287351154,AM1BCC,OpenEye,,,H,,14,[H:16][C:7]1([C:6]([C:5]([C:4]([C:9]([C:8]1([H:18])[H:19])([H:20])[H:21])([H:11])[C:2](=[O:1])[O:3][H:10])([H:12])[H:13])([H:14])[H:15])[H:17],17.0,3.0
14,0.04410000287351154,AM1BCC,OpenEye,,,H,,15,[H:16][C:7]1([C:6]([C:5]([C:4]([C:9]([C:8]1([H:18])[H:19])([H:20])[H:21])([H:11])[C:2](=[O:1])[O:3][H:10])([H:12])[H:13])([H:14])[H:15])[H:17],17.0,3.0
15,0.04395000033435367,AM1BCC,OpenEye,,,H,,16,[H:16][C:7]1([C:6]([C:5]([C:4]([C:9]([C:8]1([H:18])[H:19])([H:20])[H:21])([H:11])[C:2](=[O:1])[O:3][H:10])([H:12])[H:13])([H:14])[H:15])[H:17],17.0,3.0
16,0.04395000033435367,AM1BCC,OpenEye,,,H,,17,[H:16][C:7]1([C:6]([C:5]([C:4]([C:9]([C:8]1([H:18])[H:19])([H:20])[H:21])([H:11])[C:2](=[O:1])[O:3][H:10])([H:12])[H:13])([H:14])[H:15])[H:17],17.0,3.0
17,0.04410000287351154,AM1BCC,OpenEye,,,H,,18,[H:16][C:7]1([C:6]([C:5]([C:4]([C:9]([C:8]1([H:18])[H:19])([H:20])[H:21])([H:11])[C:2](=[O:1])[O:3][H:10])([H:12])[H:13])([H:14])[H:15])[H:17],17.0,3.0
18,0.04410000287351154,AM1BCC,OpenEye,,,H,,19,[H:16][C:7]1([C:6]([C:5]([C:4]([C:9]([C:8]1([H:18])[H:19])([H:20])[H:21])([H:11])[C:2](=[O:1])[O:3][H:10])([H:12])[H:13])([H:14])[H:15])[H:17],17.0,3.0
19,0.05344000228104137,AM1BCC,OpenEye,,,H,,20,[H:16][C:7]1([C:6]([C:5]([C:4]([C:9]([C:8]1([H:18])[H:19])([H:20])[H:21])([H:11])[C:2](=[O:1])[O:3][H:10])([H:12])[H:13])([H:14])[H:15])[H:17],17.0,3.0
20,0.05344000228104137,AM1BCC,OpenEye,,,H,,21,[H:16][C:7]1([C:6]([C:5]([C:4]([C:9]([C:8]1([H:18])[H:19])([H:20])[H:21])([H:11])[C:2](=[O:1])[O:3][H:10])([H:12])[H:13])([H:14])[H:15])[H:17],17.0,3.0
0,-0.5518571428571429,AM1BCC,AmberTools,,,O,,1,[H:16][C:7]1([C:6]([C:5]([C:4]([C:9]([C:8]1([H:18])[H:19])([H:20])[H:21])([H:11])[C:2](=[O:1])[O:3][H:10])([H:12])[H:13])([H:14])[H:15])[H:17],17.0,3.0
1,0.6352428571428571,AM1BCC,AmberTools,,,C,,2,[H:16][C:7]1([C:6]([C:5]([C:4]([C:9]([C:8]1([H:18])[H:19])([H:20])[H:21])([H:11])[C:2](=[O:1])[O:3][H:10])([H:12])[H:13])([H:14])[H:15])[H:17],17.0,3.0
2,-0.6069571428571429,AM1BCC,AmberTools,,,O,,3,[H:16][C:7]1([C:6]([C:5]([C:4]([C:9]([C:8]1([H:18])[H:19])([H:20])[H:21])([H:11])[C:2](=[O:1])[O:3][H:10])([H:12])[H:13])([H:14])[H:15])[H:17],17.0,3.0
3,-0.10355714285714285,AM1BCC,AmberTools,,,C,,4,[H:16][C:7]1([C:6]([C:5]([C:4]([C:9]([C:8]1([H:18])[H:19])([H:20])[H:21])([H:11])[C:2](=[O:1])[O:3][H:10])([H:12])[H:13])([H:14])[H:15])[H:17],17.0,3.0
4,-0.07425714285714284,AM1BCC,AmberTools,,,C,,5,[H:16][C:7]1([C:6]([C:5]([C:4]([C:9]([C:8]1([H:18])[H:19])([H:20])[H:21])([H:11])[C:2](=[O:1])[O:3][H:10])([H:12])[H:13])([H:14])[H:15])[H:17],17.0,3.0
5,-0.07625714285714284,AM1BCC,AmberTools,,,C,,6,[H:16][C:7]1([C:6]([C:5]([C:4]([C:9]([C:8]1([H:18])[H:19])([H:20])[H:21])([H:11])[C:2](=[O:1])[O:3][H:10])([H:12])[H:13])([H:14])[H:15])[H:17],17.0,3.0
6,-0.07925714285714285,AM1BCC,AmberTools,,,C,,7,[H:16][C:7]1([C:6]([C:5]([C:4]([C:9]([C:8]1([H:18])[H:19])([H:20])[H:21])([H:11])[C:2](=[O:1])[O:3][H:10])([H:12])[H:13])([H:14])[H:15])[H:17],17.0,3.0
7,-0.07625714285714284,AM1BCC,AmberTools,,,C,,8,[H:16][C:7]1([C:6]([C:5]([C:4]([C:9]([C:8]1([H:18])[H:19])([H:20])[H:21])([H:11])[C:2](=[O:1])[O:3][H:10])([H:12])[H:13])([H:14])[H:15])[H:17],17.0,3.0
8,-0.07425714285714284,AM1BCC,AmberTools,,,C,,9,[H:16][C:7]1([C:6]([C:5]([C:4]([C:9]([C:8]1([H:18])[H:19])([H:20])[H:21])([H:11])[C:2](=[O:1])[O:3][H:10])([H:12])[H:13])([H:14])[H:15])[H:17],17.0,3.0
9,0.44214285714285717,AM1BCC,AmberTools,,,H,,10,[H:16][C:7]1([C:6]([C:5]([C:4]([C:9]([C:8]1([H:18])[H:19])([H:20])[H:21])([H:11])[C:2](=[O:1])[O:3][H:10])([H:12])[H:13])([H:14])[H:15])[H:17],17.0,3.0
10,0.08284285714285715,AM1BCC,AmberTools,,,H,,11,[H:16][C:7]1([C:6]([C:5]([C:4]([C:9]([C:8]1([H:18])[H:19])([H:20])[H:21])([H:11])[C:2](=[O:1])[O:3][H:10])([H:12])[H:13])([H:14])[H:15])[H:17],17.0,3.0
11,0.05484285714285715,AM1BCC,AmberTools,,,H,,12,[H:16][C:7]1([C:6]([C:5]([C:4]([C:9]([C:8]1([H:18])[H:19])([H:20])[H:21])([H:11])[C:2](=[O:1])[O:3][H:10])([H:12])[H:13])([H:14])[H:15])[H:17],17.0,3.0
12,0.05484285714285715,AM1BCC,AmberTools,,,H,,13,[H:16][C:7]1([C:6]([C:5]([C:4]([C:9]([C:8]1([H:18])[H:19])([H:20])[H:21])([H:11])[C:2](=[O:1])[O:3][H:10])([H:12])[H:13])([H:14])[H:15])[H:17],17.0,3.0
13,0.043842857142857156,AM1BCC,AmberTools,,,H,,14,[H:16][C:7]1([C:6]([C:5]([C:4]([C:9]([C:8]1([H:18])[H:19])([H:20])[H:21])([H:11])[C:2](=[O:1])[O:3][H:10])([H:12])[H:13])([H:14])[H:15])[H:17],17.0,3.0
14,0.043842857142857156,AM1BCC,AmberTools,,,H,,15,[H:16][C:7]1([C:6]([C:5]([C:4]([C:9]([C:8]1([H:18])[H:19])([H:20])[H:21])([H:11])[C:2](=[O:1])[O:3][H:10])([H:12])[H:13])([H:14])[H:15])[H:17],17.0,3.0
15,0.043842857142857156,AM1BCC,AmberTools,,,H,,16,[H:16][C:7]1([C:6]([C:5]([C:4]([C:9]([C:8]1([H:18])[H:19])([H:20])[H:21])([H:11])[C:2](=[O:1])[O:3][H:10])([H:12])[H:13])([H:14])[H:15])[H:17],17.0,3.0
16,0.043842857142857156,AM1BCC,AmberTools,,,H,,17,[H:16][C:7]1([C:6]([C:5]([C:4]([C:9]([C:8]1([H:18])[H:19])([H:20])[H:21])([H:11])[C:2](=[O:1])[O:3][H:10])([H:12])[H:13])([H:14])[H:15])[H:17],17.0,3.0
17,0.043842857142857156,AM1BCC,AmberTools,,,H,,18,[H:16][C:7]1([C:6]([C:5]([C:4]([C:9]([C:8]1([H:18])[H:19])([H:20])[H:21])([H:11])[C:2](=[O:1])[O:3][H:10])([H:12])[H:13])([H:14])[H:15])[H:17],17.0,3.0
18,0.043842857142857156,AM1BCC,AmberTools,,,H,,19,[H:16][C:7]1([C:6]([C:5]([C:4]([C:9]([C:8]1([H:18])[H:19])([H:20])[H:21])([H:11])[C:2](=[O:1])[O:3][H:10])([H:12])[H:13])([H:14])[H:15])[H:17],17.0,3.0
19,0.05484285714285715,AM1BCC,AmberTools,,,H,,20,[H:16][C:7]1([C:6]([C:5]([C:4]([C:9]([C:8]1([H:18])[H:19])([H:20])[H:21])([H:11])[C:2](=[O:1])[O:3][H:10])([H:12])[H:13])([H:14])[H:15])[H:17],17.0,3.0
20,0.05484285714285715,AM1BCC,AmberTools,,,H,,21,[H:16][C:7]1([C:6]([C:5]([C:4]([C:9]([C:8]1([H:18])[H:19])([H:20])[H:21])([H:11])[C:2](=[O:1])[O:3][H:10])([H:12])[H:13])([H:14])[H:15])[H:17],17.0,3.0
0,-0.5526800141448066,AM1BCC,OpenEye,,,O,,1,[H:16][C:7]1([C:6]([C:5]([C:4]([C:9]([C:8]1([H:18])[H:19])([H:20])[H:21])([H:11])[C:2](=[O:1])[O:3][H:10])([H:12])[H:13])([H:14])[H:15])[H:17],17.0,4.0
1,0.6349999918824151,AM1BCC,OpenEye,,,C,,2,[H:16][C:7]1([C:6]([C:5]([C:4]([C:9]([C:8]1([H:18])[H:19])([H:20])[H:21])([H:11])[C:2](=[O:1])[O:3][H:10])([H:12])[H:13])([H:14])[H:15])[H:17],17.0,4.0
2,-0.598590014945893,AM1BCC,OpenEye,,,O,,3,[H:16][C:7]1([C:6]([C:5]([C:4]([C:9]([C:8]1([H:18])[H:19])([H:20])[H:21])([H:11])[C:2](=[O:1])[O:3][H:10])([H:12])[H:13])([H:14])[H:15])[H:17],17.0,4.0
3,-0.10710999972763516,AM1BCC,OpenEye,,,C,,4,[H:16][C:7]1([C:6]([C:5]([C:4]([C:9]([C:8]1([H:18])[H:19])([H:20])[H:21])([H:11])[C:2](=[O:1])[O:3][H:10])([H:12])[H:13])([H:14])[H:15])[H:17],17.0,4.0
4,-0.07327999777737118,AM1BCC,OpenEye,,,C,,5,[H:16][C:7]1([C:6]([C:5]([C:4]([C:9]([C:8]1([H:18])[H:19])([H:20])[H:21])([H:11])[C:2](=[O:1])[O:3][H:10])([H:12])[H:13])([H:14])[H:15])[H:17],17.0,4.0
5,-0.07681000090780712,AM1BCC,OpenEye,,,C,,6,[H:16][C:7]1([C:6]([C:5]([C:4]([C:9]([C:8]1([H:18])[H:19])([H:20])[H:21])([H:11])[C:2](=[O:1])[O:3][H:10])([H:12])[H:13])([H:14])[H:15])[H:17],17.0,4.0
6,-0.07944999493303753,AM1BCC,OpenEye,,,C,,7,[H:16][C:7]1([C:6]([C:5]([C:4]([C:9]([C:8]1([H:18])[H:19])([H:20])[H:21])([H:11])[C:2](=[O:1])[O:3][H:10])([H:12])[H:13])([H:14])[H:15])[H:17],17.0,4.0
7,-0.07681000090780712,AM1BCC,OpenEye,,,C,,8,[H:16][C:7]1([C:6]([C:5]([C:4]([C:9]([C:8]1([H:18])[H:19])([H:20])[H:21])([H:11])[C:2](=[O:1])[O:3][H:10])([H:12])[H:13])([H:14])[H:15])[H:17],17.0,4.0
8,-0.07327999777737118,AM1BCC,OpenEye,,,C,,9,[H:16][C:7]1([C:6]([C:5]([C:4]([C:9]([C:8]1([H:18])[H:19])([H:20])[H:21])([H:11])[C:2](=[O:1])[O:3][H:10])([H:12])[H:13])([H:14])[H:15])[H:17],17.0,4.0
9,0.44187000535783316,AM1BCC,OpenEye,,,H,,10,[H:16][C:7]1([C:6]([C:5]([C:4]([C:9]([C:8]1([H:18])[H:19])([H:20])[H:21])([H:11])[C:2](=[O:1])[O:3][H:10])([H:12])[H:13])([H:14])[H:15])[H:17],17.0,4.0
10,0.0830800025945618,AM1BCC,OpenEye,,,H,,11,[H:16][C:7]1([C:6]([C:5]([C:4]([C:9]([C:8]1([H:18])[H:19])([H:20])[H:21])([H:11])[C:2](=[O:1])[O:3][H:10])([H:12])[H:13])([H:14])[H:15])[H:17],17.0,4.0
11,0.05344000228104137,AM1BCC,OpenEye,,,H,,12,[H:16][C:7]1([C:6]([C:5]([C:4]([C:9]([C:8]1([H:18])[H:19])([H:20])[H:21])([H:11])[C:2](=[O:1])[O:3][H:10])([H:12])[H:13])([H:14])[H:15])[H:17],17.0,4.0
12,0.05344000228104137,AM1BCC,OpenEye,,,H,,13,[H:16][C:7]1([C:6]([C:5]([C:4]([C:9]([C:8]1([H:18])[H:19])([H:20])[H:21])([H:11])[C:2](=[O:1])[O:3][H:10])([H:12])[H:13])([H:14])[H:15])[H:17],17.0,4.0
13,0.04410000287351154,AM1BCC,OpenEye,,,H,,14,[H:16][C:7]1([C:6]([C:5]([C:4]([C:9]([C:8]1([H:18])[H:19])([H:20])[H:21])([H:11])[C:2](=[O:1])[O:3][H:10])([H:12])[H:13])([H:14])[H:15])[H:17],17.0,4.0
14,0.04410000287351154,AM1BCC,OpenEye,,,H,,15,[H:16][C:7]1([C:6]([C:5]([C:4]([C:9]([C:8]1([H:18])[H:19])([H:20])[H:21])([H:11])[C:2](=[O:1])[O:3][H:10])([H:12])[H:13])([H:14])[H:15])[H:17],17.0,4.0
15,0.04395000033435367,AM1BCC,OpenEye,,,H,,16,[H:16][C:7]1([C:6]([C:5]([C:4]([C:9]([C:8]1([H:18])[H:19])([H:20])[H:21])([H:11])[C:2](=[O:1])[O:3][H:10])([H:12])[H:13])([H:14])[H:15])[H:17],17.0,4.0
16,0.04395000033435367,AM1BCC,OpenEye,,,H,,17,[H:16][C:7]1([C:6]([C:5]([C:4]([C:9]([C:8]1([H:18])[H:19])([H:20])[H:21])([H:11])[C:2](=[O:1])[O:3][H:10])([H:12])[H:13])([H:14])[H:15])[H:17],17.0,4.0
17,0.04410000287351154,AM1BCC,OpenEye,,,H,,18,[H:16][C:7]1([C:6]([C:5]([C:4]([C:9]([C:8]1([H:18])[H:19])([H:20])[H:21])([H:11])[C:2](=[O:1])[O:3][H:10])([H:12])[H:13])([H:14])[H:15])[H:17],17.0,4.0
18,0.04410000287351154,AM1BCC,OpenEye,,,H,,19,[H:16][C:7]1([C:6]([C:5]([C:4]([C:9]([C:8]1([H:18])[H:19])([H:20])[H:21])([H:11])[C:2](=[O:1])[O:3][H:10])([H:12])[H:13])([H:14])[H:15])[H:17],17.0,4.0
19,0.05344000228104137,AM1BCC,OpenEye,,,H,,20,[H:16][C:7]1([C:6]([C:5]([C:4]([C:9]([C:8]1([H:18])[H:19])([H:20])[H:21])([H:11])[C:2](=[O:1])[O:3][H:10])([H:12])[H:13])([H:14])[H:15])[H:17],17.0,4.0
20,0.05344000228104137,AM1BCC,OpenEye,,,H,,21,[H:16][C:7]1([C:6]([C:5]([C:4]([C:9]([C:8]1([H:18])[H:19])([H:20])[H:21])([H:11])[C:2](=[O:1])[O:3][H:10])([H:12])[H:13])([H:14])[H:15])[H:17],17.0,4.0
0,-0.5518571428571429,AM1BCC,AmberTools,,,O,,1,[H:16][C:7]1([C:6]([C:5]([C:4]([C:9]([C:8]1([H:18])[H:19])([H:20])[H:21])([H:11])[C:2](=[O:1])[O:3][H:10])([H:12])[H:13])([H:14])[H:15])[H:17],17.0,4.0
1,0.6352428571428571,AM1BCC,AmberTools,,,C,,2,[H:16][C:7]1([C:6]([C:5]([C:4]([C:9]([C:8]1([H:18])[H:19])([H:20])[H:21])([H:11])[C:2](=[O:1])[O:3][H:10])([H:12])[H:13])([H:14])[H:15])[H:17],17.0,4.0
2,-0.6069571428571429,AM1BCC,AmberTools,,,O,,3,[H:16][C:7]1([C:6]([C:5]([C:4]([C:9]([C:8]1([H:18])[H:19])([H:20])[H:21])([H:11])[C:2](=[O:1])[O:3][H:10])([H:12])[H:13])([H:14])[H:15])[H:17],17.0,4.0
3,-0.10355714285714285,AM1BCC,AmberTools,,,C,,4,[H:16][C:7]1([C:6]([C:5]([C:4]([C:9]([C:8]1([H:18])[H:19])([H:20])[H:21])([H:11])[C:2](=[O:1])[O:3][H:10])([H:12])[H:13])([H:14])[H:15])[H:17],17.0,4.0
4,-0.07425714285714284,AM1BCC,AmberTools,,,C,,5,[H:16][C:7]1([C:6]([C:5]([C:4]([C:9]([C:8]1([H:18])[H:19])([H:20])[H:21])([H:11])[C:2](=[O:1])[O:3][H:10])([H:12])[H:13])([H:14])[H:15])[H:17],17.0,4.0
5,-0.07625714285714284,AM1BCC,AmberTools,,,C,,6,[H:16][C:7]1([C:6]([C:5]([C:4]([C:9]([C:8]1([H:18])[H:19])([H:20])[H:21])([H:11])[C:2](=[O:1])[O:3][H:10])([H:12])[H:13])([H:14])[H:15])[H:17],17.0,4.0
6,-0.07925714285714285,AM1BCC,AmberTools,,,C,,7,[H:16][C:7]1([C:6]([C:5]([C:4]([C:9]([C:8]1([H:18])[H:19])([H:20])[H:21])([H:11])[C:2](=[O:1])[O:3][H:10])([H:12])[H:13])([H:14])[H:15])[H:17],17.0,4.0
7,-0.07625714285714284,AM1BCC,AmberTools,,,C,,8,[H:16][C:7]1([C:6]([C:5]([C:4]([C:9]([C:8]1([H:18])[H:19])([H:20])[H:21])([H:11])[C:2](=[O:1])[O:3][H:10])([H:12])[H:13])([H:14])[H:15])[H:17],17.0,4.0
8,-0.07425714285714284,AM1BCC,AmberTools,,,C,,9,[H:16][C:7]1([C:6]([C:5]([C:4]([C:9]([C:8]1([H:18])[H:19])([H:20])[H:21])([H:11])[C:2](=[O:1])[O:3][H:10])([H:12])[H:13])([H:14])[H:15])[H:17],17.0,4.0
9,0.44214285714285717,AM1BCC,AmberTools,,,H,,10,[H:16][C:7]1([C:6]([C:5]([C:4]([C:9]([C:8]1([H:18])[H:19])([H:20])[H:21])([H:11])[C:2](=[O:1])[O:3][H:10])([H:12])[H:13])([H:14])[H:15])[H:17],17.0,4.0
10,0.08284285714285715,AM1BCC,AmberTools,,,H,,11,[H:16][C:7]1([C:6]([C:5]([C:4]([C:9]([C:8]1([H:18])[H:19])([H:20])[H:21])([H:11])[C:2](=[O:1])[O:3][H:10])([H:12])[H:13])([H:14])[H:15])[H:17],17.0,4.0
11,0.05484285714285715,AM1BCC,AmberTools,,,H,,12,[H:16][C:7]1([C:6]([C:5]([C:4]([C:9]([C:8]1([H:18])[H:19])([H:20])[H:21])([H:11])[C:2](=[O:1])[O:3][H:10])([H:12])[H:13])([H:14])[H:15])[H:17],17.0,4.0
12,0.05484285714285715,AM1BCC,AmberTools,,,H,,13,[H:16][C:7]1([C:6]([C:5]([C:4]([C:9]([C:8]1([H:18])[H:19])([H:20])[H:21])([H:11])[C:2](=[O:1])[O:3][H:10])([H:12])[H:13])([H:14])[H:15])[H:17],17.0,4.0
13,0.043842857142857156,AM1BCC,AmberTools,,,H,,14,[H:16][C:7]1([C:6]([C:5]([C:4]([C:9]([C:8]1([H:18])[H:19])([H:20])[H:21])([H:11])[C:2](=[O:1])[O:3][H:10])([H:12])[H:13])([H:14])[H:15])[H:17],17.0,4.0
14,0.043842857142857156,AM1BCC,AmberTools,,,H,,15,[H:16][C:7]1([C:6]([C:5]([C:4]([C:9]([C:8]1([H:18])[H:19])([H:20])[H:21])([H:11])[C:2](=[O:1])[O:3][H:10])([H:12])[H:13])([H:14])[H:15])[H:17],17.0,4.0
15,0.043842857142857156,AM1BCC,AmberTools,,,H,,16,[H:16][C:7]1([C:6]([C:5]([C:4]([C:9]([C:8]1([H:18])[H:19])([H:20])[H:21])([H:11])[C:2](=[O:1])[O:3][H:10])([H:12])[H:13])([H:14])[H:15])[H:17],17.0,4.0
16,0.043842857142857156,AM1BCC,AmberTools,,,H,,17,[H:16][C:7]1([C:6]([C:5]([C:4]([C:9]([C:8]1([H:18])[H:19])([H:20])[H:21])([H:11])[C:2](=[O:1])[O:3][H:10])([H:12])[H:13])([H:14])[H:15])[H:17],17.0,4.0
17,0.043842857142857156,AM1BCC,AmberTools,,,H,,18,[H:16][C:7]1([C:6]([C:5]([C:4]([C:9]([C:8]1([H:18])[H:19])([H:20])[H:21])([H:11])[C:2](=[O:1])[O:3][H:10])([H:12])[H:13])([H:14])[H:15])[H:17],17.0,4.0
18,0.043842857142857156,AM1BCC,AmberTools,,,H,,19,[H:16][C:7]1([C:6]([C:5]([C:4]([C:9]([C:8]1([H:18])[H:19])([H:20])[H:21])([H:11])[C:2](=[O:1])[O:3][H:10])([H:12])[H:13])([H:14])[H:15])[H:17],17.0,4.0
19,0.05484285714285715,AM1BCC,AmberTools,,,H,,20,[H:16][C:7]1([C:6]([C:5]([C:4]([C:9]([C:8]1([H:18])[H:19])([H:20])[H:21])([H:11])[C:2](=[O:1])[O:3][H:10])([H:12])[H:13])([H:14])[H:15])[H:17],17.0,4.0
20,0.05484285714285715,AM1BCC,AmberTools,,,H,,21,[H:16][C:7]1([C:6]([C:5]([C:4]([C:9]([C:8]1([H:18])[H:19])([H:20])[H:21])([H:11])[C:2](=[O:1])[O:3][H:10])([H:12])[H:13])([H:14])[H:15])[H:17],17.0,4.0
0,-0.5526800141448066,AM1BCC,OpenEye,,,O,,1,[H:16][C:7]1([C:6]([C:5]([C:4]([C:9]([C:8]1([H:18])[H:19])([H:20])[H:21])([H:11])[C:2](=[O:1])[O:3][H:10])([H:12])[H:13])([H:14])[H:15])[H:17],17.0,5.0
1,0.6349999918824151,AM1BCC,OpenEye,,,C,,2,[H:16][C:7]1([C:6]([C:5]([C:4]([C:9]([C:8]1([H:18])[H:19])([H:20])[H:21])([H:11])[C:2](=[O:1])[O:3][H:10])([H:12])[H:13])([H:14])[H:15])[H:17],17.0,5.0
2,-0.598590014945893,AM1BCC,OpenEye,,,O,,3,[H:16][C:7]1([C:6]([C:5]([C:4]([C:9]([C:8]1([H:18])[H:19])([H:20])[H:21])([H:11])[C:2](=[O:1])[O:3][H:10])([H:12])[H:13])([H:14])[H:15])[H:17],17.0,5.0
3,-0.10710999972763516,AM1BCC,OpenEye,,,C,,4,[H:16][C:7]1([C:6]([C:5]([C:4]([C:9]([C:8]1([H:18])[H:19])([H:20])[H:21])([H:11])[C:2](=[O:1])[O:3][H:10])([H:12])[H:13])([H:14])[H:15])[H:17],17.0,5.0
4,-0.07327999777737118,AM1BCC,OpenEye,,,C,,5,[H:16][C:7]1([C:6]([C:5]([C:4]([C:9]([C:8]1([H:18])[H:19])([H:20])[H:21])([H:11])[C:2](=[O:1])[O:3][H:10])([H:12])[H:13])([H:14])[H:15])[H:17],17.0,5.0
5,-0.07681000090780712,AM1BCC,OpenEye,,,C,,6,[H:16][C:7]1([C:6]([C:5]([C:4]([C:9]([C:8]1([H:18])[H:19])([H:20])[H:21])([H:11])[C:2](=[O:1])[O:3][H:10])([H:12])[H:13])([H:14])[H:15])[H:17],17.0,5.0
6,-0.07943999625387646,AM1BCC,OpenEye,,,C,,7,[H:16][C:7]1([C:6]([C:5]([C:4]([C:9]([C:8]1([H:18])[H:19])([H:20])[H:21])([H:11])[C:2](=[O:1])[O:3][H:10])([H:12])[H:13])([H:14])[H:15])[H:17],17.0,5.0
7,-0.07681000090780712,AM1BCC,OpenEye,,,C,,8,[H:16][C:7]1([C:6]([C:5]([C:4]([C:9]([C:8]1([H:18])[H:19])([H:20])[H:21])([H:11])[C:2](=[O:1])[O:3][H:10])([H:12])[H:13])([H:14])[H:15])[H:17],17.0,5.0
8,-0.07327999777737118,AM1BCC,OpenEye,,,C,,9,[H:16][C:7]1([C:6]([C:5]([C:4]([C:9]([C:8]1([H:18])[H:19])([H:20])[H:21])([H:11])[C:2](=[O:1])[O:3][H:10])([H:12])[H:13])([H:14])[H:15])[H:17],17.0,5.0
9,0.44187000535783316,AM1BCC,OpenEye,,,H,,10,[H:16][C:7]1([C:6]([C:5]([C:4]([C:9]([C:8]1([H:18])[H:19])([H:20])[H:21])([H:11])[C:2](=[O:1])[O:3][H:10])([H:12])[H:13])([H:14])[H:15])[H:17],17.0,5.0
10,0.08307000391540073,AM1BCC,OpenEye,,,H,,11,[H:16][C:7]1([C:6]([C:5]([C:4]([C:9]([C:8]1([H:18])[H:19])([H:20])[H:21])([H:11])[C:2](=[O:1])[O:3][H:10])([H:12])[H:13])([H:14])[H:15])[H:17],17.0,5.0
11,0.05344000228104137,AM1BCC,OpenEye,,,H,,12,[H:16][C:7]1([C:6]([C:5]([C:4]([C:9]([C:8]1([H:18])[H:19])([H:20])[H:21])([H:11])[C:2](=[O:1])[O:3][H:10])([H:12])[H:13])([H:14])[H:15])[H:17],17.0,5.0
12,0.05344000228104137,AM1BCC,OpenEye,,,H,,13,[H:16][C:7]1([C:6]([C:5]([C:4]([C:9]([C:8]1([H:18])[H:19])([H:20])[H:21])([H:11])[C:2](=[O:1])[O:3][H:10])([H:12])[H:13])([H:14])[H:15])[H:17],17.0,5.0
13,0.04410000287351154,AM1BCC,OpenEye,,,H,,14,[H:16][C:7]1([C:6]([C:5]([C:4]([C:9]([C:8]1([H:18])[H:19])([H:20])[H:21])([H:11])[C:2](=[O:1])[O:3][H:10])([H:12])[H:13])([H:14])[H:15])[H:17],17.0,5.0
14,0.04410000287351154,AM1BCC,OpenEye,,,H,,15,[H:16][C:7]1([C:6]([C:5]([C:4]([C:9]([C:8]1([H:18])[H:19])([H:20])[H:21])([H:11])[C:2](=[O:1])[O:3][H:10])([H:12])[H:13])([H:14])[H:15])[H:17],17.0,5.0
15,0.04395000033435367,AM1BCC,OpenEye,,,H,,16,[H:16][C:7]1([C:6]([C:5]([C:4]([C:9]([C:8]1([H:18])[H:19])([H:20])[H:21])([H:11])[C:2](=[O:1])[O:3][H:10])([H:12])[H:13])([H:14])[H:15])[H:17],17.0,5.0
16,0.04395000033435367,AM1BCC,OpenEye,,,H,,17,[H:16][C:7]1([C:6]([C:5]([C:4]([C:9]([C:8]1([H:18])[H:19])([H:20])[H:21])([H:11])[C:2](=[O:1])[O:3][H:10])([H:12])[H:13])([H:14])[H:15])[H:17],17.0,5.0
17,0.04410000287351154,AM1BCC,OpenEye,,,H,,18,[H:16][C:7]1([C:6]([C:5]([C:4]([C:9]([C:8]1([H:18])[H:19])([H:20])[H:21])([H:11])[C:2](=[O:1])[O:3][H:10])([H:12])[H:13])([H:14])[H:15])[H:17],17.0,5.0
18,0.04410000287351154,AM1BCC,OpenEye,,,H,,19,[H:16][C:7]1([C:6]([C:5]([C:4]([C:9]([C:8]1([H:18])[H:19])([H:20])[H:21])([H:11])[C:2](=[O:1])[O:3][H:10])([H:12])[H:13])([H:14])[H:15])[H:17],17.0,5.0
19,0.05344000228104137,AM1BCC,OpenEye,,,H,,20,[H:16][C:7]1([C:6]([C:5]([C:4]([C:9]([C:8]1([H:18])[H:19])([H:20])[H:21])([H:11])[C:2](=[O:1])[O:3][H:10])([H:12])[H:13])([H:14])[H:15])[H:17],17.0,5.0
20,0.05344000228104137,AM1BCC,OpenEye,,,H,,21,[H:16][C:7]1([C:6]([C:5]([C:4]([C:9]([C:8]1([H:18])[H:19])([H:20])[H:21])([H:11])[C:2](=[O:1])[O:3][H:10])([H:12])[H:13])([H:14])[H:15])[H:17],17.0,5.0
0,-0.5518571428571429,AM1BCC,AmberTools,,,O,,1,[H:16][C:7]1([C:6]([C:5]([C:4]([C:9]([C:8]1([H:18])[H:19])([H:20])[H:21])([H:11])[C:2](=[O:1])[O:3][H:10])([H:12])[H:13])([H:14])[H:15])[H:17],17.0,5.0
1,0.6352428571428571,AM1BCC,AmberTools,,,C,,2,[H:16][C:7]1([C:6]([C:5]([C:4]([C:9]([C:8]1([H:18])[H:19])([H:20])[H:21])([H:11])[C:2](=[O:1])[O:3][H:10])([H:12])[H:13])([H:14])[H:15])[H:17],17.0,5.0
2,-0.6069571428571429,AM1BCC,AmberTools,,,O,,3,[H:16][C:7]1([C:6]([C:5]([C:4]([C:9]([C:8]1([H:18])[H:19])([H:20])[H:21])([H:11])[C:2](=[O:1])[O:3][H:10])([H:12])[H:13])([H:14])[H:15])[H:17],17.0,5.0
3,-0.10355714285714285,AM1BCC,AmberTools,,,C,,4,[H:16][C:7]1([C:6]([C:5]([C:4]([C:9]([C:8]1([H:18])[H:19])([H:20])[H:21])([H:11])[C:2](=[O:1])[O:3][H:10])([H:12])[H:13])([H:14])[H:15])[H:17],17.0,5.0
4,-0.07425714285714284,AM1BCC,AmberTools,,,C,,5,[H:16][C:7]1([C:6]([C:5]([C:4]([C:9]([C:8]1([H:18])[H:19])([H:20])[H:21])([H:11])[C:2](=[O:1])[O:3][H:10])([H:12])[H:13])([H:14])[H:15])[H:17],17.0,5.0
5,-0.07625714285714284,AM1BCC,AmberTools,,,C,,6,[H:16][C:7]1([C:6]([C:5]([C:4]([C:9]([C:8]1([H:18])[H:19])([H:20])[H:21])([H:11])[C:2](=[O:1])[O:3][H:10])([H:12])[H:13])([H:14])[H:15])[H:17],17.0,5.0
6,-0.07925714285714285,AM1BCC,AmberTools,,,C,,7,[H:16][C:7]1([C:6]([C:5]([C:4]([C:9]([C:8]1([H:18])[H:19])([H:20])[H:21])([H:11])[C:2](=[O:1])[O:3][H:10])([H:12])[H:13])([H:14])[H:15])[H:17],17.0,5.0
7,-0.07625714285714284,AM1BCC,AmberTools,,,C,,8,[H:16][C:7]1([C:6]([C:5]([C:4]([C:9]([C:8]1([H:18])[H:19])([H:20])[H:21])([H:11])[C:2](=[O:1])[O:3][H:10])([H:12])[H:13])([H:14])[H:15])[H:17],17.0,5.0
8,-0.07425714285714284,AM1BCC,AmberTools,,,C,,9,[H:16][C:7]1([C:6]([C:5]([C:4]([C:9]([C:8]1([H:18])[H:19])([H:20])[H:21])([H:11])[C:2](=[O:1])[O:3][H:10])([H:12])[H:13])([H:14])[H:15])[H:17],17.0,5.0
9,0.44214285714285717,AM1BCC,AmberTools,,,H,,10,[H:16][C:7]1([C:6]([C:5]([C:4]([C:9]([C:8]1([H:18])[H:19])([H:20])[H:21])([H:11])[C:2](=[O:1])[O:3][H:10])([H:12])[H:13])([H:14])[H:15])[H:17],17.0,5.0
10,0.08284285714285715,AM1BCC,AmberTools,,,H,,11,[H:16][C:7]1([C:6]([C:5]([C:4]([C:9]([C:8]1([H:18])[H:19])([H:20])[H:21])([H:11])[C:2](=[O:1])[O:3][H:10])([H:12])[H:13])([H:14])[H:15])[H:17],17.0,5.0
11,0.05484285714285715,AM1BCC,AmberTools,,,H,,12,[H:16][C:7]1([C:6]([C:5]([C:4]([C:9]([C:8]1([H:18])[H:19])([H:20])[H:21])([H:11])[C:2](=[O:1])[O:3][H:10])([H:12])[H:13])([H:14])[H:15])[H:17],17.0,5.0
12,0.05484285714285715,AM1BCC,AmberTools,,,H,,13,[H:16][C:7]1([C:6]([C:5]([C:4]([C:9]([C:8]1([H:18])[H:19])([H:20])[H:21])([H:11])[C:2](=[O:1])[O:3][H:10])([H:12])[H:13])([H:14])[H:15])[H:17],17.0,5.0
13,0.043842857142857156,AM1BCC,AmberTools,,,H,,14,[H:16][C:7]1([C:6]([C:5]([C:4]([C:9]([C:8]1([H:18])[H:19])([H:20])[H:21])([H:11])[C:2](=[O:1])[O:3][H:10])([H:12])[H:13])([H:14])[H:15])[H:17],17.0,5.0
14,0.043842857142857156,AM1BCC,AmberTools,,,H,,15,[H:16][C:7]1([C:6]([C:5]([C:4]([C:9]([C:8]1([H:18])[H:19])([H:20])[H:21])([H:11])[C:2](=[O:1])[O:3][H:10])([H:12])[H:13])([H:14])[H:15])[H:17],17.0,5.0
15,0.043842857142857156,AM1BCC,AmberTools,,,H,,16,[H:16][C:7]1([C:6]([C:5]([C:4]([C:9]([C:8]1([H:18])[H:19])([H:20])[H:21])([H:11])[C:2](=[O:1])[O:3][H:10])([H:12])[H:13])([H:14])[H:15])[H:17],17.0,5.0
16,0.043842857142857156,AM1BCC,AmberTools,,,H,,17,[H:16][C:7]1([C:6]([C:5]([C:4]([C:9]([C:8]1([H:18])[H:19])([H:20])[H:21])([H:11])[C:2](=[O:1])[O:3][H:10])([H:12])[H:13])([H:14])[H:15])[H:17],17.0,5.0
17,0.043842857142857156,AM1BCC,AmberTools,,,H,,18,[H:16][C:7]1([C:6]([C:5]([C:4]([C:9]([C:8]1([H:18])[H:19])([H:20])[H:21])([H:11])[C:2](=[O:1])[O:3][H:10])([H:12])[H:13])([H:14])[H:15])[H:17],17.0,5.0
18,0.043842857142857156,AM1BCC,AmberTools,,,H,,19,[H:16][C:7]1([C:6]([C:5]([C:4]([C:9]([C:8]1([H:18])[H:19])([H:20])[H:21])([H:11])[C:2](=[O:1])[O:3][H:10])([H:12])[H:13])([H:14])[H:15])[H:17],17.0,5.0
19,0.05484285714285715,AM1BCC,AmberTools,,,H,,20,[H:16][C:7]1([C:6]([C:5]([C:4]([C:9]([C:8]1([H:18])[H:19])([H:20])[H:21])([H:11])[C:2](=[O:1])[O:3][H:10])([H:12])[H:13])([H:14])[H:15])[H:17],17.0,5.0
20,0.05484285714285715,AM1BCC,AmberTools,,,H,,21,[H:16][C:7]1([C:6]([C:5]([C:4]([C:9]([C:8]1([H:18])[H:19])([H:20])[H:21])([H:11])[C:2](=[O:1])[O:3][H:10])([H:12])[H:13])([H:14])[H:15])[H:17],17.0,5.0
0,-0.5526800141448066,AM1BCC,OpenEye,,,O,,1,[H:16][C:7]1([C:6]([C:5]([C:4]([C:9]([C:8]1([H:18])[H:19])([H:20])[H:21])([H:11])[C:2](=[O:1])[O:3][H:10])([H:12])[H:13])([H:14])[H:15])[H:17],17.0,6.0
1,0.6349999918824151,AM1BCC,OpenEye,,,C,,2,[H:16][C:7]1([C:6]([C:5]([C:4]([C:9]([C:8]1([H:18])[H:19])([H:20])[H:21])([H:11])[C:2](=[O:1])[O:3][H:10])([H:12])[H:13])([H:14])[H:15])[H:17],17.0,6.0
2,-0.598590014945893,AM1BCC,OpenEye,,,O,,3,[H:16][C:7]1([C:6]([C:5]([C:4]([C:9]([C:8]1([H:18])[H:19])([H:20])[H:21])([H:11])[C:2](=[O:1])[O:3][H:10])([H:12])[H:13])([H:14])[H:15])[H:17],17.0,6.0
3,-0.10710999972763516,AM1BCC,OpenEye,,,C,,4,[H:16][C:7]1([C:6]([C:5]([C:4]([C:9]([C:8]1([H:18])[H:19])([H:20])[H:21])([H:11])[C:2](=[O:1])[O:3][H:10])([H:12])[H:13])([H:14])[H:15])[H:17],17.0,6.0
4,-0.07327999777737118,AM1BCC,OpenEye,,,C,,5,[H:16][C:7]1([C:6]([C:5]([C:4]([C:9]([C:8]1([H:18])[H:19])([H:20])[H:21])([H:11])[C:2](=[O:1])[O:3][H:10])([H:12])[H:13])([H:14])[H:15])[H:17],17.0,6.0
5,-0.07681000090780712,AM1BCC,OpenEye,,,C,,6,[H:16][C:7]1([C:6]([C:5]([C:4]([C:9]([C:8]1([H:18])[H:19])([H:20])[H:21])([H:11])[C:2](=[O:1])[O:3][H:10])([H:12])[H:13])([H:14])[H:15])[H:17],17.0,6.0
6,-0.07943999625387646,AM1BCC,OpenEye,,,C,,7,[H:16][C:7]1([C:6]([C:5]([C:4]([C:9]([C:8]1([H:18])[H:19])([H:20])[H:21])([H:11])[C:2](=[O:1])[O:3][H:10])([H:12])[H:13])([H:14])[H:15])[H:17],17.0,6.0
7,-0.07681000090780712,AM1BCC,OpenEye,,,C,,8,[H:16][C:7]1([C:6]([C:5]([C:4]([C:9]([C:8]1([H:18])[H:19])([H:20])[H:21])([H:11])[C:2](=[O:1])[O:3][H:10])([H:12])[H:13])([H:14])[H:15])[H:17],17.0,6.0
8,-0.07327999777737118,AM1BCC,OpenEye,,,C,,9,[H:16][C:7]1([C:6]([C:5]([C:4]([C:9]([C:8]1([H:18])[H:19])([H:20])[H:21])([H:11])[C:2](=[O:1])[O:3][H:10])([H:12])[H:13])([H:14])[H:15])[H:17],17.0,6.0
9,0.44187000535783316,AM1BCC,OpenEye,,,H,,10,[H:16][C:7]1([C:6]([C:5]([C:4]([C:9]([C:8]1([H:18])[H:19])([H:20])[H:21])([H:11])[C:2](=[O:1])[O:3][H:10])([H:12])[H:13])([H:14])[H:15])[H:17],17.0,6.0
10,0.08307000391540073,AM1BCC,OpenEye,,,H,,11,[H:16][C:7]1([C:6]([C:5]([C:4]([C:9]([C:8]1([H:18])[H:19])([H:20])[H:21])([H:11])[C:2](=[O:1])[O:3][H:10])([H:12])[H:13])([H:14])[H:15])[H:17],17.0,6.0
11,0.05344000228104137,AM1BCC,OpenEye,,,H,,12,[H:16][C:7]1([C:6]([C:5]([C:4]([C:9]([C:8]1([H:18])[H:19])([H:20])[H:21])([H:11])[C:2](=[O:1])[O:3][H:10])([H:12])[H:13])([H:14])[H:15])[H:17],17.0,6.0
12,0.05344000228104137,AM1BCC,OpenEye,,,H,,13,[H:16][C:7]1([C:6]([C:5]([C:4]([C:9]([C:8]1([H:18])[H:19])([H:20])[H:21])([H:11])[C:2](=[O:1])[O:3][H:10])([H:12])[H:13])([H:14])[H:15])[H:17],17.0,6.0
13,0.04410000287351154,AM1BCC,OpenEye,,,H,,14,[H:16][C:7]1([C:6]([C:5]([C:4]([C:9]([C:8]1([H:18])[H:19])([H:20])[H:21])([H:11])[C:2](=[O:1])[O:3][H:10])([H:12])[H:13])([H:14])[H:15])[H:17],17.0,6.0
14,0.04410000287351154,AM1BCC,OpenEye,,,H,,15,[H:16][C:7]1([C:6]([C:5]([C:4]([C:9]([C:8]1([H:18])[H:19])([H:20])[H:21])([H:11])[C:2](=[O:1])[O:3][H:10])([H:12])[H:13])([H:14])[H:15])[H:17],17.0,6.0
15,0.04395000033435367,AM1BCC,OpenEye,,,H,,16,[H:16][C:7]1([C:6]([C:5]([C:4]([C:9]([C:8]1([H:18])[H:19])([H:20])[H:21])([H:11])[C:2](=[O:1])[O:3][H:10])([H:12])[H:13])([H:14])[H:15])[H:17],17.0,6.0
16,0.04395000033435367,AM1BCC,OpenEye,,,H,,17,[H:16][C:7]1([C:6]([C:5]([C:4]([C:9]([C:8]1([H:18])[H:19])([H:20])[H:21])([H:11])[C:2](=[O:1])[O:3][H:10])([H:12])[H:13])([H:14])[H:15])[H:17],17.0,6.0
17,0.04410000287351154,AM1BCC,OpenEye,,,H,,18,[H:16][C:7]1([C:6]([C:5]([C:4]([C:9]([C:8]1([H:18])[H:19])([H:20])[H:21])([H:11])[C:2](=[O:1])[O:3][H:10])([H:12])[H:13])([H:14])[H:15])[H:17],17.0,6.0
18,0.04410000287351154,AM1BCC,OpenEye,,,H,,19,[H:16][C:7]1([C:6]([C:5]([C:4]([C:9]([C:8]1([H:18])[H:19])([H:20])[H:21])([H:11])[C:2](=[O:1])[O:3][H:10])([H:12])[H:13])([H:14])[H:15])[H:17],17.0,6.0
19,0.05344000228104137,AM1BCC,OpenEye,,,H,,20,[H:16][C:7]1([C:6]([C:5]([C:4]([C:9]([C:8]1([H:18])[H:19])([H:20])[H:21])([H:11])[C:2](=[O:1])[O:3][H:10])([H:12])[H:13])([H:14])[H:15])[H:17],17.0,6.0
20,0.05344000228104137,AM1BCC,OpenEye,,,H,,21,[H:16][C:7]1([C:6]([C:5]([C:4]([C:9]([C:8]1([H:18])[H:19])([H:20])[H:21])([H:11])[C:2](=[O:1])[O:3][H:10])([H:12])[H:13])([H:14])[H:15])[H:17],17.0,6.0
0,-0.5518571428571429,AM1BCC,AmberTools,,,O,,1,[H:16][C:7]1([C:6]([C:5]([C:4]([C:9]([C:8]1([H:18])[H:19])([H:20])[H:21])([H:11])[C:2](=[O:1])[O:3][H:10])([H:12])[H:13])([H:14])[H:15])[H:17],17.0,6.0
1,0.6352428571428571,AM1BCC,AmberTools,,,C,,2,[H:16][C:7]1([C:6]([C:5]([C:4]([C:9]([C:8]1([H:18])[H:19])([H:20])[H:21])([H:11])[C:2](=[O:1])[O:3][H:10])([H:12])[H:13])([H:14])[H:15])[H:17],17.0,6.0
2,-0.6069571428571429,AM1BCC,AmberTools,,,O,,3,[H:16][C:7]1([C:6]([C:5]([C:4]([C:9]([C:8]1([H:18])[H:19])([H:20])[H:21])([H:11])[C:2](=[O:1])[O:3][H:10])([H:12])[H:13])([H:14])[H:15])[H:17],17.0,6.0
3,-0.10355714285714285,AM1BCC,AmberTools,,,C,,4,[H:16][C:7]1([C:6]([C:5]([C:4]([C:9]([C:8]1([H:18])[H:19])([H:20])[H:21])([H:11])[C:2](=[O:1])[O:3][H:10])([H:12])[H:13])([H:14])[H:15])[H:17],17.0,6.0
4,-0.07425714285714284,AM1BCC,AmberTools,,,C,,5,[H:16][C:7]1([C:6]([C:5]([C:4]([C:9]([C:8]1([H:18])[H:19])([H:20])[H:21])([H:11])[C:2](=[O:1])[O:3][H:10])([H:12])[H:13])([H:14])[H:15])[H:17],17.0,6.0
5,-0.07625714285714284,AM1BCC,AmberTools,,,C,,6,[H:16][C:7]1([C:6]([C:5]([C:4]([C:9]([C:8]1([H:18])[H:19])([H:20])[H:21])([H:11])[C:2](=[O:1])[O:3][H:10])([H:12])[H:13])([H:14])[H:15])[H:17],17.0,6.0
6,-0.07925714285714285,AM1BCC,AmberTools,,,C,,7,[H:16][C:7]1([C:6]([C:5]([C:4]([C:9]([C:8]1([H:18])[H:19])([H:20])[H:21])([H:11])[C:2](=[O:1])[O:3][H:10])([H:12])[H:13])([H:14])[H:15])[H:17],17.0,6.0
7,-0.07625714285714284,AM1BCC,AmberTools,,,C,,8,[H:16][C:7]1([C:6]([C:5]([C:4]([C:9]([C:8]1([H:18])[H:19])([H:20])[H:21])([H:11])[C:2](=[O:1])[O:3][H:10])([H:12])[H:13])([H:14])[H:15])[H:17],17.0,6.0
8,-0.07425714285714284,AM1BCC,AmberTools,,,C,,9,[H:16][C:7]1([C:6]([C:5]([C:4]([C:9]([C:8]1([H:18])[H:19])([H:20])[H:21])([H:11])[C:2](=[O:1])[O:3][H:10])([H:12])[H:13])([H:14])[H:15])[H:17],17.0,6.0
9,0.44214285714285717,AM1BCC,AmberTools,,,H,,10,[H:16][C:7]1([C:6]([C:5]([C:4]([C:9]([C:8]1([H:18])[H:19])([H:20])[H:21])([H:11])[C:2](=[O:1])[O:3][H:10])([H:12])[H:13])([H:14])[H:15])[H:17],17.0,6.0
10,0.08284285714285715,AM1BCC,AmberTools,,,H,,11,[H:16][C:7]1([C:6]([C:5]([C:4]([C:9]([C:8]1([H:18])[H:19])([H:20])[H:21])([H:11])[C:2](=[O:1])[O:3][H:10])([H:12])[H:13])([H:14])[H:15])[H:17],17.0,6.0
11,0.05484285714285715,AM1BCC,AmberTools,,,H,,12,[H:16][C:7]1([C:6]([C:5]([C:4]([C:9]([C:8]1([H:18])[H:19])([H:20])[H:21])([H:11])[C:2](=[O:1])[O:3][H:10])([H:12])[H:13])([H:14])[H:15])[H:17],17.0,6.0
12,0.05484285714285715,AM1BCC,AmberTools,,,H,,13,[H:16][C:7]1([C:6]([C:5]([C:4]([C:9]([C:8]1([H:18])[H:19])([H:20])[H:21])([H:11])[C:2](=[O:1])[O:3][H:10])([H:12])[H:13])([H:14])[H:15])[H:17],17.0,6.0
13,0.043842857142857156,AM1BCC,AmberTools,,,H,,14,[H:16][C:7]1([C:6]([C:5]([C:4]([C:9]([C:8]1([H:18])[H:19])([H:20])[H:21])([H:11])[C:2](=[O:1])[O:3][H:10])([H:12])[H:13])([H:14])[H:15])[H:17],17.0,6.0
14,0.043842857142857156,AM1BCC,AmberTools,,,H,,15,[H:16][C:7]1([C:6]([C:5]([C:4]([C:9]([C:8]1([H:18])[H:19])([H:20])[H:21])([H:11])[C:2](=[O:1])[O:3][H:10])([H:12])[H:13])([H:14])[H:15])[H:17],17.0,6.0
15,0.043842857142857156,AM1BCC,AmberTools,,,H,,16,[H:16][C:7]1([C:6]([C:5]([C:4]([C:9]([C:8]1([H:18])[H:19])([H:20])[H:21])([H:11])[C:2](=[O:1])[O:3][H:10])([H:12])[H:13])([H:14])[H:15])[H:17],17.0,6.0
16,0.043842857142857156,AM1BCC,AmberTools,,,H,,17,[H:16][C:7]1([C:6]([C:5]([C:4]([C:9]([C:8]1([H:18])[H:19])([H:20])[H:21])([H:11])[C:2](=[O:1])[O:3][H:10])([H:12])[H:13])([H:14])[H:15])[H:17],17.0,6.0
17,0.043842857142857156,AM1BCC,AmberTools,,,H,,18,[H:16][C:7]1([C:6]([C:5]([C:4]([C:9]([C:8]1([H:18])[H:19])([H:20])[H:21])([H:11])[C:2](=[O:1])[O:3][H:10])([H:12])[H:13])([H:14])[H:15])[H:17],17.0,6.0
18,0.043842857142857156,AM1BCC,AmberTools,,,H,,19,[H:16][C:7]1([C:6]([C:5]([C:4]([C:9]([C:8]1([H:18])[H:19])([H:20])[H:21])([H:11])[C:2](=[O:1])[O:3][H:10])([H:12])[H:13])([H:14])[H:15])[H:17],17.0,6.0
19,0.05484285714285715,AM1BCC,AmberTools,,,H,,20,[H:16][C:7]1([C:6]([C:5]([C:4]([C:9]([C:8]1([H:18])[H:19])([H:20])[H:21])([H:11])[C:2](=[O:1])[O:3][H:10])([H:12])[H:13])([H:14])[H:15])[H:17],17.0,6.0
20,0.05484285714285715,AM1BCC,AmberTools,,,H,,21,[H:16][C:7]1([C:6]([C:5]([C:4]([C:9]([C:8]1([H:18])[H:19])([H:20])[H:21])([H:11])[C:2](=[O:1])[O:3][H:10])([H:12])[H:13])([H:14])[H:15])[H:17],17.0,6.0
0,-0.5526800141448066,AM1BCC,OpenEye,,,O,,1,[H:16][C:7]1([C:6]([C:5]([C:4]([C:9]([C:8]1([H:18])[H:19])([H:20])[H:21])([H:11])[C:2](=[O:1])[O:3][H:10])([H:12])[H:13])([H:14])[H:15])[H:17],17.0,7.0
1,0.6349999918824151,AM1BCC,OpenEye,,,C,,2,[H:16][C:7]1([C:6]([C:5]([C:4]([C:9]([C:8]1([H:18])[H:19])([H:20])[H:21])([H:11])[C:2](=[O:1])[O:3][H:10])([H:12])[H:13])([H:14])[H:15])[H:17],17.0,7.0
2,-0.598590014945893,AM1BCC,OpenEye,,,O,,3,[H:16][C:7]1([C:6]([C:5]([C:4]([C:9]([C:8]1([H:18])[H:19])([H:20])[H:21])([H:11])[C:2](=[O:1])[O:3][H:10])([H:12])[H:13])([H:14])[H:15])[H:17],17.0,7.0
3,-0.10710999972763516,AM1BCC,OpenEye,,,C,,4,[H:16][C:7]1([C:6]([C:5]([C:4]([C:9]([C:8]1([H:18])[H:19])([H:20])[H:21])([H:11])[C:2](=[O:1])[O:3][H:10])([H:12])[H:13])([H:14])[H:15])[H:17],17.0,7.0
4,-0.07327999777737118,AM1BCC,OpenEye,,,C,,5,[H:16][C:7]1([C:6]([C:5]([C:4]([C:9]([C:8]1([H:18])[H:19])([H:20])[H:21])([H:11])[C:2](=[O:1])[O:3][H:10])([H:12])[H:13])([H:14])[H:15])[H:17],17.0,7.0
5,-0.07681000090780712,AM1BCC,OpenEye,,,C,,6,[H:16][C:7]1([C:6]([C:5]([C:4]([C:9]([C:8]1([H:18])[H:19])([H:20])[H:21])([H:11])[C:2](=[O:1])[O:3][H:10])([H:12])[H:13])([H:14])[H:15])[H:17],17.0,7.0
6,-0.07944999493303753,AM1BCC,OpenEye,,,C,,7,[H:16][C:7]1([C:6]([C:5]([C:4]([C:9]([C:8]1([H:18])[H:19])([H:20])[H:21])([H:11])[C:2](=[O:1])[O:3][H:10])([H:12])[H:13])([H:14])[H:15])[H:17],17.0,7.0
7,-0.07681000090780712,AM1BCC,OpenEye,,,C,,8,[H:16][C:7]1([C:6]([C:5]([C:4]([C:9]([C:8]1([H:18])[H:19])([H:20])[H:21])([H:11])[C:2](=[O:1])[O:3][H:10])([H:12])[H:13])([H:14])[H:15])[H:17],17.0,7.0
8,-0.07327999777737118,AM1BCC,OpenEye,,,C,,9,[H:16][C:7]1([C:6]([C:5]([C:4]([C:9]([C:8]1([H:18])[H:19])([H:20])[H:21])([H:11])[C:2](=[O:1])[O:3][H:10])([H:12])[H:13])([H:14])[H:15])[H:17],17.0,7.0
9,0.44187000535783316,AM1BCC,OpenEye,,,H,,10,[H:16][C:7]1([C:6]([C:5]([C:4]([C:9]([C:8]1([H:18])[H:19])([H:20])[H:21])([H:11])[C:2](=[O:1])[O:3][H:10])([H:12])[H:13])([H:14])[H:15])[H:17],17.0,7.0
10,0.0830800025945618,AM1BCC,OpenEye,,,H,,11,[H:16][C:7]1([C:6]([C:5]([C:4]([C:9]([C:8]1([H:18])[H:19])([H:20])[H:21])([H:11])[C:2](=[O:1])[O:3][H:10])([H:12])[H:13])([H:14])[H:15])[H:17],17.0,7.0
11,0.05344000228104137,AM1BCC,OpenEye,,,H,,12,[H:16][C:7]1([C:6]([C:5]([C:4]([C:9]([C:8]1([H:18])[H:19])([H:20])[H:21])([H:11])[C:2](=[O:1])[O:3][H:10])([H:12])[H:13])([H:14])[H:15])[H:17],17.0,7.0
12,0.05344000228104137,AM1BCC,OpenEye,,,H,,13,[H:16][C:7]1([C:6]([C:5]([C:4]([C:9]([C:8]1([H:18])[H:19])([H:20])[H:21])([H:11])[C:2](=[O:1])[O:3][H:10])([H:12])[H:13])([H:14])[H:15])[H:17],17.0,7.0
13,0.04410000287351154,AM1BCC,OpenEye,,,H,,14,[H:16][C:7]1([C:6]([C:5]([C:4]([C:9]([C:8]1([H:18])[H:19])([H:20])[H:21])([H:11])[C:2](=[O:1])[O:3][H:10])([H:12])[H:13])([H:14])[H:15])[H:17],17.0,7.0
14,0.04410000287351154,AM1BCC,OpenEye,,,H,,15,[H:16][C:7]1([C:6]([C:5]([C:4]([C:9]([C:8]1([H:18])[H:19])([H:20])[H:21])([H:11])[C:2](=[O:1])[O:3][H:10])([H:12])[H:13])([H:14])[H:15])[H:17],17.0,7.0
15,0.04395000033435367,AM1BCC,OpenEye,,,H,,16,[H:16][C:7]1([C:6]([C:5]([C:4]([C:9]([C:8]1([H:18])[H:19])([H:20])[H:21])([H:11])[C:2](=[O:1])[O:3][H:10])([H:12])[H:13])([H:14])[H:15])[H:17],17.0,7.0
16,0.04395000033435367,AM1BCC,OpenEye,,,H,,17,[H:16][C:7]1([C:6]([C:5]([C:4]([C:9]([C:8]1([H:18])[H:19])([H:20])[H:21])([H:11])[C:2](=[O:1])[O:3][H:10])([H:12])[H:13])([H:14])[H:15])[H:17],17.0,7.0
17,0.04410000287351154,AM1BCC,OpenEye,,,H,,18,[H:16][C:7]1([C:6]([C:5]([C:4]([C:9]([C:8]1([H:18])[H:19])([H:20])[H:21])([H:11])[C:2](=[O:1])[O:3][H:10])([H:12])[H:13])([H:14])[H:15])[H:17],17.0,7.0
18,0.04410000287351154,AM1BCC,OpenEye,,,H,,19,[H:16][C:7]1([C:6]([C:5]([C:4]([C:9]([C:8]1([H:18])[H:19])([H:20])[H:21])([H:11])[C:2](=[O:1])[O:3][H:10])([H:12])[H:13])([H:14])[H:15])[H:17],17.0,7.0
19,0.05344000228104137,AM1BCC,OpenEye,,,H,,20,[H:16][C:7]1([C:6]([C:5]([C:4]([C:9]([C:8]1([H:18])[H:19])([H:20])[H:21])([H:11])[C:2](=[O:1])[O:3][H:10])([H:12])[H:13])([H:14])[H:15])[H:17],17.0,7.0
20,0.05344000228104137,AM1BCC,OpenEye,,,H,,21,[H:16][C:7]1([C:6]([C:5]([C:4]([C:9]([C:8]1([H:18])[H:19])([H:20])[H:21])([H:11])[C:2](=[O:1])[O:3][H:10])([H:12])[H:13])([H:14])[H:15])[H:17],17.0,7.0
0,-0.5518571428571429,AM1BCC,AmberTools,,,O,,1,[H:16][C:7]1([C:6]([C:5]([C:4]([C:9]([C:8]1([H:18])[H:19])([H:20])[H:21])([H:11])[C:2](=[O:1])[O:3][H:10])([H:12])[H:13])([H:14])[H:15])[H:17],17.0,7.0
1,0.6352428571428571,AM1BCC,AmberTools,,,C,,2,[H:16][C:7]1([C:6]([C:5]([C:4]([C:9]([C:8]1([H:18])[H:19])([H:20])[H:21])([H:11])[C:2](=[O:1])[O:3][H:10])([H:12])[H:13])([H:14])[H:15])[H:17],17.0,7.0
2,-0.6069571428571429,AM1BCC,AmberTools,,,O,,3,[H:16][C:7]1([C:6]([C:5]([C:4]([C:9]([C:8]1([H:18])[H:19])([H:20])[H:21])([H:11])[C:2](=[O:1])[O:3][H:10])([H:12])[H:13])([H:14])[H:15])[H:17],17.0,7.0
3,-0.10355714285714285,AM1BCC,AmberTools,,,C,,4,[H:16][C:7]1([C:6]([C:5]([C:4]([C:9]([C:8]1([H:18])[H:19])([H:20])[H:21])([H:11])[C:2](=[O:1])[O:3][H:10])([H:12])[H:13])([H:14])[H:15])[H:17],17.0,7.0
4,-0.07425714285714284,AM1BCC,AmberTools,,,C,,5,[H:16][C:7]1([C:6]([C:5]([C:4]([C:9]([C:8]1([H:18])[H:19])([H:20])[H:21])([H:11])[C:2](=[O:1])[O:3][H:10])([H:12])[H:13])([H:14])[H:15])[H:17],17.0,7.0
5,-0.07625714285714284,AM1BCC,AmberTools,,,C,,6,[H:16][C:7]1([C:6]([C:5]([C:4]([C:9]([C:8]1([H:18])[H:19])([H:20])[H:21])([H:11])[C:2](=[O:1])[O:3][H:10])([H:12])[H:13])([H:14])[H:15])[H:17],17.0,7.0
6,-0.07925714285714285,AM1BCC,AmberTools,,,C,,7,[H:16][C:7]1([C:6]([C:5]([C:4]([C:9]([C:8]1([H:18])[H:19])([H:20])[H:21])([H:11])[C:2](=[O:1])[O:3][H:10])([H:12])[H:13])([H:14])[H:15])[H:17],17.0,7.0
7,-0.07625714285714284,AM1BCC,AmberTools,,,C,,8,[H:16][C:7]1([C:6]([C:5]([C:4]([C:9]([C:8]1([H:18])[H:19])([H:20])[H:21])([H:11])[C:2](=[O:1])[O:3][H:10])([H:12])[H:13])([H:14])[H:15])[H:17],17.0,7.0
8,-0.07425714285714284,AM1BCC,AmberTools,,,C,,9,[H:16][C:7]1([C:6]([C:5]([C:4]([C:9]([C:8]1([H:18])[H:19])([H:20])[H:21])([H:11])[C:2](=[O:1])[O:3][H:10])([H:12])[H:13])([H:14])[H:15])[H:17],17.0,7.0
9,0.44214285714285717,AM1BCC,AmberTools,,,H,,10,[H:16][C:7]1([C:6]([C:5]([C:4]([C:9]([C:8]1([H:18])[H:19])([H:20])[H:21])([H:11])[C:2](=[O:1])[O:3][H:10])([H:12])[H:13])([H:14])[H:15])[H:17],17.0,7.0
10,0.08284285714285715,AM1BCC,AmberTools,,,H,,11,[H:16][C:7]1([C:6]([C:5]([C:4]([C:9]([C:8]1([H:18])[H:19])([H:20])[H:21])([H:11])[C:2](=[O:1])[O:3][H:10])([H:12])[H:13])([H:14])[H:15])[H:17],17.0,7.0
11,0.05484285714285715,AM1BCC,AmberTools,,,H,,12,[H:16][C:7]1([C:6]([C:5]([C:4]([C:9]([C:8]1([H:18])[H:19])([H:20])[H:21])([H:11])[C:2](=[O:1])[O:3][H:10])([H:12])[H:13])([H:14])[H:15])[H:17],17.0,7.0
12,0.05484285714285715,AM1BCC,AmberTools,,,H,,13,[H:16][C:7]1([C:6]([C:5]([C:4]([C:9]([C:8]1([H:18])[H:19])([H:20])[H:21])([H:11])[C:2](=[O:1])[O:3][H:10])([H:12])[H:13])([H:14])[H:15])[H:17],17.0,7.0
13,0.043842857142857156,AM1BCC,AmberTools,,,H,,14,[H:16][C:7]1([C:6]([C:5]([C:4]([C:9]([C:8]1([H:18])[H:19])([H:20])[H:21])([H:11])[C:2](=[O:1])[O:3][H:10])([H:12])[H:13])([H:14])[H:15])[H:17],17.0,7.0
14,0.043842857142857156,AM1BCC,AmberTools,,,H,,15,[H:16][C:7]1([C:6]([C:5]([C:4]([C:9]([C:8]1([H:18])[H:19])([H:20])[H:21])([H:11])[C:2](=[O:1])[O:3][H:10])([H:12])[H:13])([H:14])[H:15])[H:17],17.0,7.0
15,0.043842857142857156,AM1BCC,AmberTools,,,H,,16,[H:16][C:7]1([C:6]([C:5]([C:4]([C:9]([C:8]1([H:18])[H:19])([H:20])[H:21])([H:11])[C:2](=[O:1])[O:3][H:10])([H:12])[H:13])([H:14])[H:15])[H:17],17.0,7.0
16,0.043842857142857156,AM1BCC,AmberTools,,,H,,17,[H:16][C:7]1([C:6]([C:5]([C:4]([C:9]([C:8]1([H:18])[H:19])([H:20])[H:21])([H:11])[C:2](=[O:1])[O:3][H:10])([H:12])[H:13])([H:14])[H:15])[H:17],17.0,7.0
17,0.043842857142857156,AM1BCC,AmberTools,,,H,,18,[H:16][C:7]1([C:6]([C:5]([C:4]([C:9]([C:8]1([H:18])[H:19])([H:20])[H:21])([H:11])[C:2](=[O:1])[O:3][H:10])([H:12])[H:13])([H:14])[H:15])[H:17],17.0,7.0
18,0.043842857142857156,AM1BCC,AmberTools,,,H,,19,[H:16][C:7]1([C:6]([C:5]([C:4]([C:9]([C:8]1([H:18])[H:19])([H:20])[H:21])([H:11])[C:2](=[O:1])[O:3][H:10])([H:12])[H:13])([H:14])[H:15])[H:17],17.0,7.0
19,0.05484285714285715,AM1BCC,AmberTools,,,H,,20,[H:16][C:7]1([C:6]([C:5]([C:4]([C:9]([C:8]1([H:18])[H:19])([H:20])[H:21])([H:11])[C:2](=[O:1])[O:3][H:10])([H:12])[H:13])([H:14])[H:15])[H:17],17.0,7.0
20,0.05484285714285715,AM1BCC,AmberTools,,,H,,21,[H:16][C:7]1([C:6]([C:5]([C:4]([C:9]([C:8]1([H:18])[H:19])([H:20])[H:21])([H:11])[C:2](=[O:1])[O:3][H:10])([H:12])[H:13])([H:14])[H:15])[H:17],17.0,7.0
0,-0.5526800141448066,AM1BCC,OpenEye,,,O,,1,[H:16][C:7]1([C:6]([C:5]([C:4]([C:9]([C:8]1([H:18])[H:19])([H:20])[H:21])([H:11])[C:2](=[O:1])[O:3][H:10])([H:12])[H:13])([H:14])[H:15])[H:17],17.0,8.0
1,0.6349999918824151,AM1BCC,OpenEye,,,C,,2,[H:16][C:7]1([C:6]([C:5]([C:4]([C:9]([C:8]1([H:18])[H:19])([H:20])[H:21])([H:11])[C:2](=[O:1])[O:3][H:10])([H:12])[H:13])([H:14])[H:15])[H:17],17.0,8.0
2,-0.598590014945893,AM1BCC,OpenEye,,,O,,3,[H:16][C:7]1([C:6]([C:5]([C:4]([C:9]([C:8]1([H:18])[H:19])([H:20])[H:21])([H:11])[C:2](=[O:1])[O:3][H:10])([H:12])[H:13])([H:14])[H:15])[H:17],17.0,8.0
3,-0.10710999972763516,AM1BCC,OpenEye,,,C,,4,[H:16][C:7]1([C:6]([C:5]([C:4]([C:9]([C:8]1([H:18])[H:19])([H:20])[H:21])([H:11])[C:2](=[O:1])[O:3][H:10])([H:12])[H:13])([H:14])[H:15])[H:17],17.0,8.0
4,-0.07327999777737118,AM1BCC,OpenEye,,,C,,5,[H:16][C:7]1([C:6]([C:5]([C:4]([C:9]([C:8]1([H:18])[H:19])([H:20])[H:21])([H:11])[C:2](=[O:1])[O:3][H:10])([H:12])[H:13])([H:14])[H:15])[H:17],17.0,8.0
5,-0.07681000090780712,AM1BCC,OpenEye,,,C,,6,[H:16][C:7]1([C:6]([C:5]([C:4]([C:9]([C:8]1([H:18])[H:19])([H:20])[H:21])([H:11])[C:2](=[O:1])[O:3][H:10])([H:12])[H:13])([H:14])[H:15])[H:17],17.0,8.0
6,-0.07943999625387646,AM1BCC,OpenEye,,,C,,7,[H:16][C:7]1([C:6]([C:5]([C:4]([C:9]([C:8]1([H:18])[H:19])([H:20])[H:21])([H:11])[C:2](=[O:1])[O:3][H:10])([H:12])[H:13])([H:14])[H:15])[H:17],17.0,8.0
7,-0.07681000090780712,AM1BCC,OpenEye,,,C,,8,[H:16][C:7]1([C:6]([C:5]([C:4]([C:9]([C:8]1([H:18])[H:19])([H:20])[H:21])([H:11])[C:2](=[O:1])[O:3][H:10])([H:12])[H:13])([H:14])[H:15])[H:17],17.0,8.0
8,-0.07327999777737118,AM1BCC,OpenEye,,,C,,9,[H:16][C:7]1([C:6]([C:5]([C:4]([C:9]([C:8]1([H:18])[H:19])([H:20])[H:21])([H:11])[C:2](=[O:1])[O:3][H:10])([H:12])[H:13])([H:14])[H:15])[H:17],17.0,8.0
9,0.44187000535783316,AM1BCC,OpenEye,,,H,,10,[H:16][C:7]1([C:6]([C:5]([C:4]([C:9]([C:8]1([H:18])[H:19])([H:20])[H:21])([H:11])[C:2](=[O:1])[O:3][H:10])([H:12])[H:13])([H:14])[H:15])[H:17],17.0,8.0
10,0.08307000391540073,AM1BCC,OpenEye,,,H,,11,[H:16][C:7]1([C:6]([C:5]([C:4]([C:9]([C:8]1([H:18])[H:19])([H:20])[H:21])([H:11])[C:2](=[O:1])[O:3][H:10])([H:12])[H:13])([H:14])[H:15])[H:17],17.0,8.0
11,0.05344000228104137,AM1BCC,OpenEye,,,H,,12,[H:16][C:7]1([C:6]([C:5]([C:4]([C:9]([C:8]1([H:18])[H:19])([H:20])[H:21])([H:11])[C:2](=[O:1])[O:3][H:10])([H:12])[H:13])([H:14])[H:15])[H:17],17.0,8.0
12,0.05344000228104137,AM1BCC,OpenEye,,,H,,13,[H:16][C:7]1([C:6]([C:5]([C:4]([C:9]([C:8]1([H:18])[H:19])([H:20])[H:21])([H:11])[C:2](=[O:1])[O:3][H:10])([H:12])[H:13])([H:14])[H:15])[H:17],17.0,8.0
13,0.04410000287351154,AM1BCC,OpenEye,,,H,,14,[H:16][C:7]1([C:6]([C:5]([C:4]([C:9]([C:8]1([H:18])[H:19])([H:20])[H:21])([H:11])[C:2](=[O:1])[O:3][H:10])([H:12])[H:13])([H:14])[H:15])[H:17],17.0,8.0
14,0.04410000287351154,AM1BCC,OpenEye,,,H,,15,[H:16][C:7]1([C:6]([C:5]([C:4]([C:9]([C:8]1([H:18])[H:19])([H:20])[H:21])([H:11])[C:2](=[O:1])[O:3][H:10])([H:12])[H:13])([H:14])[H:15])[H:17],17.0,8.0
15,0.04395000033435367,AM1BCC,OpenEye,,,H,,16,[H:16][C:7]1([C:6]([C:5]([C:4]([C:9]([C:8]1([H:18])[H:19])([H:20])[H:21])([H:11])[C:2](=[O:1])[O:3][H:10])([H:12])[H:13])([H:14])[H:15])[H:17],17.0,8.0
16,0.04395000033435367,AM1BCC,OpenEye,,,H,,17,[H:16][C:7]1([C:6]([C:5]([C:4]([C:9]([C:8]1([H:18])[H:19])([H:20])[H:21])([H:11])[C:2](=[O:1])[O:3][H:10])([H:12])[H:13])([H:14])[H:15])[H:17],17.0,8.0
17,0.04410000287351154,AM1BCC,OpenEye,,,H,,18,[H:16][C:7]1([C:6]([C:5]([C:4]([C:9]([C:8]1([H:18])[H:19])([H:20])[H:21])([H:11])[C:2](=[O:1])[O:3][H:10])([H:12])[H:13])([H:14])[H:15])[H:17],17.0,8.0
18,0.04410000287351154,AM1BCC,OpenEye,,,H,,19,[H:16][C:7]1([C:6]([C:5]([C:4]([C:9]([C:8]1([H:18])[H:19])([H:20])[H:21])([H:11])[C:2](=[O:1])[O:3][H:10])([H:12])[H:13])([H:14])[H:15])[H:17],17.0,8.0
19,0.05344000228104137,AM1BCC,OpenEye,,,H,,20,[H:16][C:7]1([C:6]([C:5]([C:4]([C:9]([C:8]1([H:18])[H:19])([H:20])[H:21])([H:11])[C:2](=[O:1])[O:3][H:10])([H:12])[H:13])([H:14])[H:15])[H:17],17.0,8.0
20,0.05344000228104137,AM1BCC,OpenEye,,,H,,21,[H:16][C:7]1([C:6]([C:5]([C:4]([C:9]([C:8]1([H:18])[H:19])([H:20])[H:21])([H:11])[C:2](=[O:1])[O:3][H:10])([H:12])[H:13])([H:14])[H:15])[H:17],17.0,8.0
0,-0.5518571428571429,AM1BCC,AmberTools,,,O,,1,[H:16][C:7]1([C:6]([C:5]([C:4]([C:9]([C:8]1([H:18])[H:19])([H:20])[H:21])([H:11])[C:2](=[O:1])[O:3][H:10])([H:12])[H:13])([H:14])[H:15])[H:17],17.0,8.0
1,0.6352428571428571,AM1BCC,AmberTools,,,C,,2,[H:16][C:7]1([C:6]([C:5]([C:4]([C:9]([C:8]1([H:18])[H:19])([H:20])[H:21])([H:11])[C:2](=[O:1])[O:3][H:10])([H:12])[H:13])([H:14])[H:15])[H:17],17.0,8.0
2,-0.6069571428571429,AM1BCC,AmberTools,,,O,,3,[H:16][C:7]1([C:6]([C:5]([C:4]([C:9]([C:8]1([H:18])[H:19])([H:20])[H:21])([H:11])[C:2](=[O:1])[O:3][H:10])([H:12])[H:13])([H:14])[H:15])[H:17],17.0,8.0
3,-0.10355714285714285,AM1BCC,AmberTools,,,C,,4,[H:16][C:7]1([C:6]([C:5]([C:4]([C:9]([C:8]1([H:18])[H:19])([H:20])[H:21])([H:11])[C:2](=[O:1])[O:3][H:10])([H:12])[H:13])([H:14])[H:15])[H:17],17.0,8.0
4,-0.07425714285714284,AM1BCC,AmberTools,,,C,,5,[H:16][C:7]1([C:6]([C:5]([C:4]([C:9]([C:8]1([H:18])[H:19])([H:20])[H:21])([H:11])[C:2](=[O:1])[O:3][H:10])([H:12])[H:13])([H:14])[H:15])[H:17],17.0,8.0
5,-0.07625714285714284,AM1BCC,AmberTools,,,C,,6,[H:16][C:7]1([C:6]([C:5]([C:4]([C:9]([C:8]1([H:18])[H:19])([H:20])[H:21])([H:11])[C:2](=[O:1])[O:3][H:10])([H:12])[H:13])([H:14])[H:15])[H:17],17.0,8.0
6,-0.07925714285714285,AM1BCC,AmberTools,,,C,,7,[H:16][C:7]1([C:6]([C:5]([C:4]([C:9]([C:8]1([H:18])[H:19])([H:20])[H:21])([H:11])[C:2](=[O:1])[O:3][H:10])([H:12])[H:13])([H:14])[H:15])[H:17],17.0,8.0
7,-0.07625714285714284,AM1BCC,AmberTools,,,C,,8,[H:16][C:7]1([C:6]([C:5]([C:4]([C:9]([C:8]1([H:18])[H:19])([H:20])[H:21])([H:11])[C:2](=[O:1])[O:3][H:10])([H:12])[H:13])([H:14])[H:15])[H:17],17.0,8.0
8,-0.07425714285714284,AM1BCC,AmberTools,,,C,,9,[H:16][C:7]1([C:6]([C:5]([C:4]([C:9]([C:8]1([H:18])[H:19])([H:20])[H:21])([H:11])[C:2](=[O:1])[O:3][H:10])([H:12])[H:13])([H:14])[H:15])[H:17],17.0,8.0
9,0.44214285714285717,AM1BCC,AmberTools,,,H,,10,[H:16][C:7]1([C:6]([C:5]([C:4]([C:9]([C:8]1([H:18])[H:19])([H:20])[H:21])([H:11])[C:2](=[O:1])[O:3][H:10])([H:12])[H:13])([H:14])[H:15])[H:17],17.0,8.0
10,0.08284285714285715,AM1BCC,AmberTools,,,H,,11,[H:16][C:7]1([C:6]([C:5]([C:4]([C:9]([C:8]1([H:18])[H:19])([H:20])[H:21])([H:11])[C:2](=[O:1])[O:3][H:10])([H:12])[H:13])([H:14])[H:15])[H:17],17.0,8.0
11,0.05484285714285715,AM1BCC,AmberTools,,,H,,12,[H:16][C:7]1([C:6]([C:5]([C:4]([C:9]([C:8]1([H:18])[H:19])([H:20])[H:21])([H:11])[C:2](=[O:1])[O:3][H:10])([H:12])[H:13])([H:14])[H:15])[H:17],17.0,8.0
12,0.05484285714285715,AM1BCC,AmberTools,,,H,,13,[H:16][C:7]1([C:6]([C:5]([C:4]([C:9]([C:8]1([H:18])[H:19])([H:20])[H:21])([H:11])[C:2](=[O:1])[O:3][H:10])([H:12])[H:13])([H:14])[H:15])[H:17],17.0,8.0
13,0.043842857142857156,AM1BCC,AmberTools,,,H,,14,[H:16][C:7]1([C:6]([C:5]([C:4]([C:9]([C:8]1([H:18])[H:19])([H:20])[H:21])([H:11])[C:2](=[O:1])[O:3][H:10])([H:12])[H:13])([H:14])[H:15])[H:17],17.0,8.0
14,0.043842857142857156,AM1BCC,AmberTools,,,H,,15,[H:16][C:7]1([C:6]([C:5]([C:4]([C:9]([C:8]1([H:18])[H:19])([H:20])[H:21])([H:11])[C:2](=[O:1])[O:3][H:10])([H:12])[H:13])([H:14])[H:15])[H:17],17.0,8.0
15,0.043842857142857156,AM1BCC,AmberTools,,,H,,16,[H:16][C:7]1([C:6]([C:5]([C:4]([C:9]([C:8]1([H:18])[H:19])([H:20])[H:21])([H:11])[C:2](=[O:1])[O:3][H:10])([H:12])[H:13])([H:14])[H:15])[H:17],17.0,8.0
16,0.043842857142857156,AM1BCC,AmberTools,,,H,,17,[H:16][C:7]1([C:6]([C:5]([C:4]([C:9]([C:8]1([H:18])[H:19])([H:20])[H:21])([H:11])[C:2](=[O:1])[O:3][H:10])([H:12])[H:13])([H:14])[H:15])[H:17],17.0,8.0
17,0.043842857142857156,AM1BCC,AmberTools,,,H,,18,[H:16][C:7]1([C:6]([C:5]([C:4]([C:9]([C:8]1([H:18])[H:19])([H:20])[H:21])([H:11])[C:2](=[O:1])[O:3][H:10])([H:12])[H:13])([H:14])[H:15])[H:17],17.0,8.0
18,0.043842857142857156,AM1BCC,AmberTools,,,H,,19,[H:16][C:7]1([C:6]([C:5]([C:4]([C:9]([C:8]1([H:18])[H:19])([H:20])[H:21])([H:11])[C:2](=[O:1])[O:3][H:10])([H:12])[H:13])([H:14])[H:15])[H:17],17.0,8.0
19,0.05484285714285715,AM1BCC,AmberTools,,,H,,20,[H:16][C:7]1([C:6]([C:5]([C:4]([C:9]([C:8]1([H:18])[H:19])([H:20])[H:21])([H:11])[C:2](=[O:1])[O:3][H:10])([H:12])[H:13])([H:14])[H:15])[H:17],17.0,8.0
20,0.05484285714285715,AM1BCC,AmberTools,,,H,,21,[H:16][C:7]1([C:6]([C:5]([C:4]([C:9]([C:8]1([H:18])[H:19])([H:20])[H:21])([H:11])[C:2](=[O:1])[O:3][H:10])([H:12])[H:13])([H:14])[H:15])[H:17],17.0,8.0
0,-0.5526800141448066,AM1BCC,OpenEye,,,O,,1,[H:16][C:7]1([C:6]([C:5]([C:4]([C:9]([C:8]1([H:18])[H:19])([H:20])[H:21])([H:11])[C:2](=[O:1])[O:3][H:10])([H:12])[H:13])([H:14])[H:15])[H:17],17.0,9.0
1,0.6349999918824151,AM1BCC,OpenEye,,,C,,2,[H:16][C:7]1([C:6]([C:5]([C:4]([C:9]([C:8]1([H:18])[H:19])([H:20])[H:21])([H:11])[C:2](=[O:1])[O:3][H:10])([H:12])[H:13])([H:14])[H:15])[H:17],17.0,9.0
2,-0.598590014945893,AM1BCC,OpenEye,,,O,,3,[H:16][C:7]1([C:6]([C:5]([C:4]([C:9]([C:8]1([H:18])[H:19])([H:20])[H:21])([H:11])[C:2](=[O:1])[O:3][H:10])([H:12])[H:13])([H:14])[H:15])[H:17],17.0,9.0
3,-0.10710999972763516,AM1BCC,OpenEye,,,C,,4,[H:16][C:7]1([C:6]([C:5]([C:4]([C:9]([C:8]1([H:18])[H:19])([H:20])[H:21])([H:11])[C:2](=[O:1])[O:3][H:10])([H:12])[H:13])([H:14])[H:15])[H:17],17.0,9.0
4,-0.07327999777737118,AM1BCC,OpenEye,,,C,,5,[H:16][C:7]1([C:6]([C:5]([C:4]([C:9]([C:8]1([H:18])[H:19])([H:20])[H:21])([H:11])[C:2](=[O:1])[O:3][H:10])([H:12])[H:13])([H:14])[H:15])[H:17],17.0,9.0
5,-0.07681000090780712,AM1BCC,OpenEye,,,C,,6,[H:16][C:7]1([C:6]([C:5]([C:4]([C:9]([C:8]1([H:18])[H:19])([H:20])[H:21])([H:11])[C:2](=[O:1])[O:3][H:10])([H:12])[H:13])([H:14])[H:15])[H:17],17.0,9.0
6,-0.07943999625387646,AM1BCC,OpenEye,,,C,,7,[H:16][C:7]1([C:6]([C:5]([C:4]([C:9]([C:8]1([H:18])[H:19])([H:20])[H:21])([H:11])[C:2](=[O:1])[O:3][H:10])([H:12])[H:13])([H:14])[H:15])[H:17],17.0,9.0
7,-0.07681000090780712,AM1BCC,OpenEye,,,C,,8,[H:16][C:7]1([C:6]([C:5]([C:4]([C:9]([C:8]1([H:18])[H:19])([H:20])[H:21])([H:11])[C:2](=[O:1])[O:3][H:10])([H:12])[H:13])([H:14])[H:15])[H:17],17.0,9.0
8,-0.07327999777737118,AM1BCC,OpenEye,,,C,,9,[H:16][C:7]1([C:6]([C:5]([C:4]([C:9]([C:8]1([H:18])[H:19])([H:20])[H:21])([H:11])[C:2](=[O:1])[O:3][H:10])([H:12])[H:13])([H:14])[H:15])[H:17],17.0,9.0
9,0.44187000535783316,AM1BCC,OpenEye,,,H,,10,[H:16][C:7]1([C:6]([C:5]([C:4]([C:9]([C:8]1([H:18])[H:19])([H:20])[H:21])([H:11])[C:2](=[O:1])[O:3][H:10])([H:12])[H:13])([H:14])[H:15])[H:17],17.0,9.0
10,0.08307000391540073,AM1BCC,OpenEye,,,H,,11,[H:16][C:7]1([C:6]([C:5]([C:4]([C:9]([C:8]1([H:18])[H:19])([H:20])[H:21])([H:11])[C:2](=[O:1])[O:3][H:10])([H:12])[H:13])([H:14])[H:15])[H:17],17.0,9.0
11,0.05344000228104137,AM1BCC,OpenEye,,,H,,12,[H:16][C:7]1([C:6]([C:5]([C:4]([C:9]([C:8]1([H:18])[H:19])([H:20])[H:21])([H:11])[C:2](=[O:1])[O:3][H:10])([H:12])[H:13])([H:14])[H:15])[H:17],17.0,9.0
12,0.05344000228104137,AM1BCC,OpenEye,,,H,,13,[H:16][C:7]1([C:6]([C:5]([C:4]([C:9]([C:8]1([H:18])[H:19])([H:20])[H:21])([H:11])[C:2](=[O:1])[O:3][H:10])([H:12])[H:13])([H:14])[H:15])[H:17],17.0,9.0
13,0.04410000287351154,AM1BCC,OpenEye,,,H,,14,[H:16][C:7]1([C:6]([C:5]([C:4]([C:9]([C:8]1([H:18])[H:19])([H:20])[H:21])([H:11])[C:2](=[O:1])[O:3][H:10])([H:12])[H:13])([H:14])[H:15])[H:17],17.0,9.0
14,0.04410000287351154,AM1BCC,OpenEye,,,H,,15,[H:16][C:7]1([C:6]([C:5]([C:4]([C:9]([C:8]1([H:18])[H:19])([H:20])[H:21])([H:11])[C:2](=[O:1])[O:3][H:10])([H:12])[H:13])([H:14])[H:15])[H:17],17.0,9.0
15,0.04395000033435367,AM1BCC,OpenEye,,,H,,16,[H:16][C:7]1([C:6]([C:5]([C:4]([C:9]([C:8]1([H:18])[H:19])([H:20])[H:21])([H:11])[C:2](=[O:1])[O:3][H:10])([H:12])[H:13])([H:14])[H:15])[H:17],17.0,9.0
16,0.04395000033435367,AM1BCC,OpenEye,,,H,,17,[H:16][C:7]1([C:6]([C:5]([C:4]([C:9]([C:8]1([H:18])[H:19])([H:20])[H:21])([H:11])[C:2](=[O:1])[O:3][H:10])([H:12])[H:13])([H:14])[H:15])[H:17],17.0,9.0
17,0.04410000287351154,AM1BCC,OpenEye,,,H,,18,[H:16][C:7]1([C:6]([C:5]([C:4]([C:9]([C:8]1([H:18])[H:19])([H:20])[H:21])([H:11])[C:2](=[O:1])[O:3][H:10])([H:12])[H:13])([H:14])[H:15])[H:17],17.0,9.0
18,0.04410000287351154,AM1BCC,OpenEye,,,H,,19,[H:16][C:7]1([C:6]([C:5]([C:4]([C:9]([C:8]1([H:18])[H:19])([H:20])[H:21])([H:11])[C:2](=[O:1])[O:3][H:10])([H:12])[H:13])([H:14])[H:15])[H:17],17.0,9.0
19,0.05344000228104137,AM1BCC,OpenEye,,,H,,20,[H:16][C:7]1([C:6]([C:5]([C:4]([C:9]([C:8]1([H:18])[H:19])([H:20])[H:21])([H:11])[C:2](=[O:1])[O:3][H:10])([H:12])[H:13])([H:14])[H:15])[H:17],17.0,9.0
20,0.05344000228104137,AM1BCC,OpenEye,,,H,,21,[H:16][C:7]1([C:6]([C:5]([C:4]([C:9]([C:8]1([H:18])[H:19])([H:20])[H:21])([H:11])[C:2](=[O:1])[O:3][H:10])([H:12])[H:13])([H:14])[H:15])[H:17],17.0,9.0
0,-0.5518571428571429,AM1BCC,AmberTools,,,O,,1,[H:16][C:7]1([C:6]([C:5]([C:4]([C:9]([C:8]1([H:18])[H:19])([H:20])[H:21])([H:11])[C:2](=[O:1])[O:3][H:10])([H:12])[H:13])([H:14])[H:15])[H:17],17.0,9.0
1,0.6352428571428571,AM1BCC,AmberTools,,,C,,2,[H:16][C:7]1([C:6]([C:5]([C:4]([C:9]([C:8]1([H:18])[H:19])([H:20])[H:21])([H:11])[C:2](=[O:1])[O:3][H:10])([H:12])[H:13])([H:14])[H:15])[H:17],17.0,9.0
2,-0.6069571428571429,AM1BCC,AmberTools,,,O,,3,[H:16][C:7]1([C:6]([C:5]([C:4]([C:9]([C:8]1([H:18])[H:19])([H:20])[H:21])([H:11])[C:2](=[O:1])[O:3][H:10])([H:12])[H:13])([H:14])[H:15])[H:17],17.0,9.0
3,-0.10355714285714285,AM1BCC,AmberTools,,,C,,4,[H:16][C:7]1([C:6]([C:5]([C:4]([C:9]([C:8]1([H:18])[H:19])([H:20])[H:21])([H:11])[C:2](=[O:1])[O:3][H:10])([H:12])[H:13])([H:14])[H:15])[H:17],17.0,9.0
4,-0.07425714285714284,AM1BCC,AmberTools,,,C,,5,[H:16][C:7]1([C:6]([C:5]([C:4]([C:9]([C:8]1([H:18])[H:19])([H:20])[H:21])([H:11])[C:2](=[O:1])[O:3][H:10])([H:12])[H:13])([H:14])[H:15])[H:17],17.0,9.0
5,-0.07625714285714284,AM1BCC,AmberTools,,,C,,6,[H:16][C:7]1([C:6]([C:5]([C:4]([C:9]([C:8]1([H:18])[H:19])([H:20])[H:21])([H:11])[C:2](=[O:1])[O:3][H:10])([H:12])[H:13])([H:14])[H:15])[H:17],17.0,9.0
6,-0.07925714285714285,AM1BCC,AmberTools,,,C,,7,[H:16][C:7]1([C:6]([C:5]([C:4]([C:9]([C:8]1([H:18])[H:19])([H:20])[H:21])([H:11])[C:2](=[O:1])[O:3][H:10])([H:12])[H:13])([H:14])[H:15])[H:17],17.0,9.0
7,-0.07625714285714284,AM1BCC,AmberTools,,,C,,8,[H:16][C:7]1([C:6]([C:5]([C:4]([C:9]([C:8]1([H:18])[H:19])([H:20])[H:21])([H:11])[C:2](=[O:1])[O:3][H:10])([H:12])[H:13])([H:14])[H:15])[H:17],17.0,9.0
8,-0.07425714285714284,AM1BCC,AmberTools,,,C,,9,[H:16][C:7]1([C:6]([C:5]([C:4]([C:9]([C:8]1([H:18])[H:19])([H:20])[H:21])([H:11])[C:2](=[O:1])[O:3][H:10])([H:12])[H:13])([H:14])[H:15])[H:17],17.0,9.0
9,0.44214285714285717,AM1BCC,AmberTools,,,H,,10,[H:16][C:7]1([C:6]([C:5]([C:4]([C:9]([C:8]1([H:18])[H:19])([H:20])[H:21])([H:11])[C:2](=[O:1])[O:3][H:10])([H:12])[H:13])([H:14])[H:15])[H:17],17.0,9.0
10,0.08284285714285715,AM1BCC,AmberTools,,,H,,11,[H:16][C:7]1([C:6]([C:5]([C:4]([C:9]([C:8]1([H:18])[H:19])([H:20])[H:21])([H:11])[C:2](=[O:1])[O:3][H:10])([H:12])[H:13])([H:14])[H:15])[H:17],17.0,9.0
11,0.05484285714285715,AM1BCC,AmberTools,,,H,,12,[H:16][C:7]1([C:6]([C:5]([C:4]([C:9]([C:8]1([H:18])[H:19])([H:20])[H:21])([H:11])[C:2](=[O:1])[O:3][H:10])([H:12])[H:13])([H:14])[H:15])[H:17],17.0,9.0
12,0.05484285714285715,AM1BCC,AmberTools,,,H,,13,[H:16][C:7]1([C:6]([C:5]([C:4]([C:9]([C:8]1([H:18])[H:19])([H:20])[H:21])([H:11])[C:2](=[O:1])[O:3][H:10])([H:12])[H:13])([H:14])[H:15])[H:17],17.0,9.0
13,0.043842857142857156,AM1BCC,AmberTools,,,H,,14,[H:16][C:7]1([C:6]([C:5]([C:4]([C:9]([C:8]1([H:18])[H:19])([H:20])[H:21])([H:11])[C:2](=[O:1])[O:3][H:10])([H:12])[H:13])([H:14])[H:15])[H:17],17.0,9.0
14,0.043842857142857156,AM1BCC,AmberTools,,,H,,15,[H:16][C:7]1([C:6]([C:5]([C:4]([C:9]([C:8]1([H:18])[H:19])([H:20])[H:21])([H:11])[C:2](=[O:1])[O:3][H:10])([H:12])[H:13])([H:14])[H:15])[H:17],17.0,9.0
15,0.043842857142857156,AM1BCC,AmberTools,,,H,,16,[H:16][C:7]1([C:6]([C:5]([C:4]([C:9]([C:8]1([H:18])[H:19])([H:20])[H:21])([H:11])[C:2](=[O:1])[O:3][H:10])([H:12])[H:13])([H:14])[H:15])[H:17],17.0,9.0
16,0.043842857142857156,AM1BCC,AmberTools,,,H,,17,[H:16][C:7]1([C:6]([C:5]([C:4]([C:9]([C:8]1([H:18])[H:19])([H:20])[H:21])([H:11])[C:2](=[O:1])[O:3][H:10])([H:12])[H:13])([H:14])[H:15])[H:17],17.0,9.0
17,0.043842857142857156,AM1BCC,AmberTools,,,H,,18,[H:16][C:7]1([C:6]([C:5]([C:4]([C:9]([C:8]1([H:18])[H:19])([H:20])[H:21])([H:11])[C:2](=[O:1])[O:3][H:10])([H:12])[H:13])([H:14])[H:15])[H:17],17.0,9.0
18,0.043842857142857156,AM1BCC,AmberTools,,,H,,19,[H:16][C:7]1([C:6]([C:5]([C:4]([C:9]([C:8]1([H:18])[H:19])([H:20])[H:21])([H:11])[C:2](=[O:1])[O:3][H:10])([H:12])[H:13])([H:14])[H:15])[H:17],17.0,9.0
19,0.05484285714285715,AM1BCC,AmberTools,,,H,,20,[H:16][C:7]1([C:6]([C:5]([C:4]([C:9]([C:8]1([H:18])[H:19])([H:20])[H:21])([H:11])[C:2](=[O:1])[O:3][H:10])([H:12])[H:13])([H:14])[H:15])[H:17],17.0,9.0
20,0.05484285714285715,AM1BCC,AmberTools,,,H,,21,[H:16][C:7]1([C:6]([C:5]([C:4]([C:9]([C:8]1([H:18])[H:19])([H:20])[H:21])([H:11])[C:2](=[O:1])[O:3][H:10])([H:12])[H:13])([H:14])[H:15])[H:17],17.0,9.0
0,-0.5526800141448066,AM1BCC,OpenEye,,,O,,1,[H:16][C:7]1([C:6]([C:5]([C:4]([C:9]([C:8]1([H:18])[H:19])([H:20])[H:21])([H:11])[C:2](=[O:1])[O:3][H:10])([H:12])[H:13])([H:14])[H:15])[H:17],17.0,10.0
1,0.6349999918824151,AM1BCC,OpenEye,,,C,,2,[H:16][C:7]1([C:6]([C:5]([C:4]([C:9]([C:8]1([H:18])[H:19])([H:20])[H:21])([H:11])[C:2](=[O:1])[O:3][H:10])([H:12])[H:13])([H:14])[H:15])[H:17],17.0,10.0
2,-0.598590014945893,AM1BCC,OpenEye,,,O,,3,[H:16][C:7]1([C:6]([C:5]([C:4]([C:9]([C:8]1([H:18])[H:19])([H:20])[H:21])([H:11])[C:2](=[O:1])[O:3][H:10])([H:12])[H:13])([H:14])[H:15])[H:17],17.0,10.0
3,-0.10710999972763516,AM1BCC,OpenEye,,,C,,4,[H:16][C:7]1([C:6]([C:5]([C:4]([C:9]([C:8]1([H:18])[H:19])([H:20])[H:21])([H:11])[C:2](=[O:1])[O:3][H:10])([H:12])[H:13])([H:14])[H:15])[H:17],17.0,10.0
4,-0.07327999777737118,AM1BCC,OpenEye,,,C,,5,[H:16][C:7]1([C:6]([C:5]([C:4]([C:9]([C:8]1([H:18])[H:19])([H:20])[H:21])([H:11])[C:2](=[O:1])[O:3][H:10])([H:12])[H:13])([H:14])[H:15])[H:17],17.0,10.0
5,-0.07681000090780712,AM1BCC,OpenEye,,,C,,6,[H:16][C:7]1([C:6]([C:5]([C:4]([C:9]([C:8]1([H:18])[H:19])([H:20])[H:21])([H:11])[C:2](=[O:1])[O:3][H:10])([H:12])[H:13])([H:14])[H:15])[H:17],17.0,10.0
6,-0.07943999625387646,AM1BCC,OpenEye,,,C,,7,[H:16][C:7]1([C:6]([C:5]([C:4]([C:9]([C:8]1([H:18])[H:19])([H:20])[H:21])([H:11])[C:2](=[O:1])[O:3][H:10])([H:12])[H:13])([H:14])[H:15])[H:17],17.0,10.0
7,-0.07681000090780712,AM1BCC,OpenEye,,,C,,8,[H:16][C:7]1([C:6]([C:5]([C:4]([C:9]([C:8]1([H:18])[H:19])([H:20])[H:21])([H:11])[C:2](=[O:1])[O:3][H:10])([H:12])[H:13])([H:14])[H:15])[H:17],17.0,10.0
8,-0.07327999777737118,AM1BCC,OpenEye,,,C,,9,[H:16][C:7]1([C:6]([C:5]([C:4]([C:9]([C:8]1([H:18])[H:19])([H:20])[H:21])([H:11])[C:2](=[O:1])[O:3][H:10])([H:12])[H:13])([H:14])[H:15])[H:17],17.0,10.0
9,0.44187000535783316,AM1BCC,OpenEye,,,H,,10,[H:16][C:7]1([C:6]([C:5]([C:4]([C:9]([C:8]1([H:18])[H:19])([H:20])[H:21])([H:11])[C:2](=[O:1])[O:3][H:10])([H:12])[H:13])([H:14])[H:15])[H:17],17.0,10.0
10,0.08307000391540073,AM1BCC,OpenEye,,,H,,11,[H:16][C:7]1([C:6]([C:5]([C:4]([C:9]([C:8]1([H:18])[H:19])([H:20])[H:21])([H:11])[C:2](=[O:1])[O:3][H:10])([H:12])[H:13])([H:14])[H:15])[H:17],17.0,10.0
11,0.05344000228104137,AM1BCC,OpenEye,,,H,,12,[H:16][C:7]1([C:6]([C:5]([C:4]([C:9]([C:8]1([H:18])[H:19])([H:20])[H:21])([H:11])[C:2](=[O:1])[O:3][H:10])([H:12])[H:13])([H:14])[H:15])[H:17],17.0,10.0
12,0.05344000228104137,AM1BCC,OpenEye,,,H,,13,[H:16][C:7]1([C:6]([C:5]([C:4]([C:9]([C:8]1([H:18])[H:19])([H:20])[H:21])([H:11])[C:2](=[O:1])[O:3][H:10])([H:12])[H:13])([H:14])[H:15])[H:17],17.0,10.0
13,0.04410000287351154,AM1BCC,OpenEye,,,H,,14,[H:16][C:7]1([C:6]([C:5]([C:4]([C:9]([C:8]1([H:18])[H:19])([H:20])[H:21])([H:11])[C:2](=[O:1])[O:3][H:10])([H:12])[H:13])([H:14])[H:15])[H:17],17.0,10.0
14,0.04410000287351154,AM1BCC,OpenEye,,,H,,15,[H:16][C:7]1([C:6]([C:5]([C:4]([C:9]([C:8]1([H:18])[H:19])([H:20])[H:21])([H:11])[C:2](=[O:1])[O:3][H:10])([H:12])[H:13])([H:14])[H:15])[H:17],17.0,10.0
15,0.04395000033435367,AM1BCC,OpenEye,,,H,,16,[H:16][C:7]1([C:6]([C:5]([C:4]([C:9]([C:8]1([H:18])[H:19])([H:20])[H:21])([H:11])[C:2](=[O:1])[O:3][H:10])([H:12])[H:13])([H:14])[H:15])[H:17],17.0,10.0
16,0.04395000033435367,AM1BCC,OpenEye,,,H,,17,[H:16][C:7]1([C:6]([C:5]([C:4]([C:9]([C:8]1([H:18])[H:19])([H:20])[H:21])([H:11])[C:2](=[O:1])[O:3][H:10])([H:12])[H:13])([H:14])[H:15])[H:17],17.0,10.0
17,0.04410000287351154,AM1BCC,OpenEye,,,H,,18,[H:16][C:7]1([C:6]([C:5]([C:4]([C:9]([C:8]1([H:18])[H:19])([H:20])[H:21])([H:11])[C:2](=[O:1])[O:3][H:10])([H:12])[H:13])([H:14])[H:15])[H:17],17.0,10.0
18,0.04410000287351154,AM1BCC,OpenEye,,,H,,19,[H:16][C:7]1([C:6]([C:5]([C:4]([C:9]([C:8]1([H:18])[H:19])([H:20])[H:21])([H:11])[C:2](=[O:1])[O:3][H:10])([H:12])[H:13])([H:14])[H:15])[H:17],17.0,10.0
19,0.05344000228104137,AM1BCC,OpenEye,,,H,,20,[H:16][C:7]1([C:6]([C:5]([C:4]([C:9]([C:8]1([H:18])[H:19])([H:20])[H:21])([H:11])[C:2](=[O:1])[O:3][H:10])([H:12])[H:13])([H:14])[H:15])[H:17],17.0,10.0
20,0.05344000228104137,AM1BCC,OpenEye,,,H,,21,[H:16][C:7]1([C:6]([C:5]([C:4]([C:9]([C:8]1([H:18])[H:19])([H:20])[H:21])([H:11])[C:2](=[O:1])[O:3][H:10])([H:12])[H:13])([H:14])[H:15])[H:17],17.0,10.0
0,-0.5518571428571429,AM1BCC,AmberTools,,,O,,1,[H:16][C:7]1([C:6]([C:5]([C:4]([C:9]([C:8]1([H:18])[H:19])([H:20])[H:21])([H:11])[C:2](=[O:1])[O:3][H:10])([H:12])[H:13])([H:14])[H:15])[H:17],17.0,10.0
1,0.6352428571428571,AM1BCC,AmberTools,,,C,,2,[H:16][C:7]1([C:6]([C:5]([C:4]([C:9]([C:8]1([H:18])[H:19])([H:20])[H:21])([H:11])[C:2](=[O:1])[O:3][H:10])([H:12])[H:13])([H:14])[H:15])[H:17],17.0,10.0
2,-0.6069571428571429,AM1BCC,AmberTools,,,O,,3,[H:16][C:7]1([C:6]([C:5]([C:4]([C:9]([C:8]1([H:18])[H:19])([H:20])[H:21])([H:11])[C:2](=[O:1])[O:3][H:10])([H:12])[H:13])([H:14])[H:15])[H:17],17.0,10.0
3,-0.10355714285714285,AM1BCC,AmberTools,,,C,,4,[H:16][C:7]1([C:6]([C:5]([C:4]([C:9]([C:8]1([H:18])[H:19])([H:20])[H:21])([H:11])[C:2](=[O:1])[O:3][H:10])([H:12])[H:13])([H:14])[H:15])[H:17],17.0,10.0
4,-0.07425714285714284,AM1BCC,AmberTools,,,C,,5,[H:16][C:7]1([C:6]([C:5]([C:4]([C:9]([C:8]1([H:18])[H:19])([H:20])[H:21])([H:11])[C:2](=[O:1])[O:3][H:10])([H:12])[H:13])([H:14])[H:15])[H:17],17.0,10.0
5,-0.07625714285714284,AM1BCC,AmberTools,,,C,,6,[H:16][C:7]1([C:6]([C:5]([C:4]([C:9]([C:8]1([H:18])[H:19])([H:20])[H:21])([H:11])[C:2](=[O:1])[O:3][H:10])([H:12])[H:13])([H:14])[H:15])[H:17],17.0,10.0
6,-0.07925714285714285,AM1BCC,AmberTools,,,C,,7,[H:16][C:7]1([C:6]([C:5]([C:4]([C:9]([C:8]1([H:18])[H:19])([H:20])[H:21])([H:11])[C:2](=[O:1])[O:3][H:10])([H:12])[H:13])([H:14])[H:15])[H:17],17.0,10.0
7,-0.07625714285714284,AM1BCC,AmberTools,,,C,,8,[H:16][C:7]1([C:6]([C:5]([C:4]([C:9]([C:8]1([H:18])[H:19])([H:20])[H:21])([H:11])[C:2](=[O:1])[O:3][H:10])([H:12])[H:13])([H:14])[H:15])[H:17],17.0,10.0
8,-0.07425714285714284,AM1BCC,AmberTools,,,C,,9,[H:16][C:7]1([C:6]([C:5]([C:4]([C:9]([C:8]1([H:18])[H:19])([H:20])[H:21])([H:11])[C:2](=[O:1])[O:3][H:10])([H:12])[H:13])([H:14])[H:15])[H:17],17.0,10.0
9,0.44214285714285717,AM1BCC,AmberTools,,,H,,10,[H:16][C:7]1([C:6]([C:5]([C:4]([C:9]([C:8]1([H:18])[H:19])([H:20])[H:21])([H:11])[C:2](=[O:1])[O:3][H:10])([H:12])[H:13])([H:14])[H:15])[H:17],17.0,10.0
10,0.08284285714285715,AM1BCC,AmberTools,,,H,,11,[H:16][C:7]1([C:6]([C:5]([C:4]([C:9]([C:8]1([H:18])[H:19])([H:20])[H:21])([H:11])[C:2](=[O:1])[O:3][H:10])([H:12])[H:13])([H:14])[H:15])[H:17],17.0,10.0
11,0.05484285714285715,AM1BCC,AmberTools,,,H,,12,[H:16][C:7]1([C:6]([C:5]([C:4]([C:9]([C:8]1([H:18])[H:19])([H:20])[H:21])([H:11])[C:2](=[O:1])[O:3][H:10])([H:12])[H:13])([H:14])[H:15])[H:17],17.0,10.0
12,0.05484285714285715,AM1BCC,AmberTools,,,H,,13,[H:16][C:7]1([C:6]([C:5]([C:4]([C:9]([C:8]1([H:18])[H:19])([H:20])[H:21])([H:11])[C:2](=[O:1])[O:3][H:10])([H:12])[H:13])([H:14])[H:15])[H:17],17.0,10.0
13,0.043842857142857156,AM1BCC,AmberTools,,,H,,14,[H:16][C:7]1([C:6]([C:5]([C:4]([C:9]([C:8]1([H:18])[H:19])([H:20])[H:21])([H:11])[C:2](=[O:1])[O:3][H:10])([H:12])[H:13])([H:14])[H:15])[H:17],17.0,10.0
14,0.043842857142857156,AM1BCC,AmberTools,,,H,,15,[H:16][C:7]1([C:6]([C:5]([C:4]([C:9]([C:8]1([H:18])[H:19])([H:20])[H:21])([H:11])[C:2](=[O:1])[O:3][H:10])([H:12])[H:13])([H:14])[H:15])[H:17],17.0,10.0
15,0.043842857142857156,AM1BCC,AmberTools,,,H,,16,[H:16][C:7]1([C:6]([C:5]([C:4]([C:9]([C:8]1([H:18])[H:19])([H:20])[H:21])([H:11])[C:2](=[O:1])[O:3][H:10])([H:12])[H:13])([H:14])[H:15])[H:17],17.0,10.0
16,0.043842857142857156,AM1BCC,AmberTools,,,H,,17,[H:16][C:7]1([C:6]([C:5]([C:4]([C:9]([C:8]1([H:18])[H:19])([H:20])[H:21])([H:11])[C:2](=[O:1])[O:3][H:10])([H:12])[H:13])([H:14])[H:15])[H:17],17.0,10.0
17,0.043842857142857156,AM1BCC,AmberTools,,,H,,18,[H:16][C:7]1([C:6]([C:5]([C:4]([C:9]([C:8]1([H:18])[H:19])([H:20])[H:21])([H:11])[C:2](=[O:1])[O:3][H:10])([H:12])[H:13])([H:14])[H:15])[H:17],17.0,10.0
18,0.043842857142857156,AM1BCC,AmberTools,,,H,,19,[H:16][C:7]1([C:6]([C:5]([C:4]([C:9]([C:8]1([H:18])[H:19])([H:20])[H:21])([H:11])[C:2](=[O:1])[O:3][H:10])([H:12])[H:13])([H:14])[H:15])[H:17],17.0,10.0
19,0.05484285714285715,AM1BCC,AmberTools,,,H,,20,[H:16][C:7]1([C:6]([C:5]([C:4]([C:9]([C:8]1([H:18])[H:19])([H:20])[H:21])([H:11])[C:2](=[O:1])[O:3][H:10])([H:12])[H:13])([H:14])[H:15])[H:17],17.0,10.0
20,0.05484285714285715,AM1BCC,AmberTools,,,H,,21,[H:16][C:7]1([C:6]([C:5]([C:4]([C:9]([C:8]1([H:18])[H:19])([H:20])[H:21])([H:11])[C:2](=[O:1])[O:3][H:10])([H:12])[H:13])([H:14])[H:15])[H:17],17.0,10.0
0,-0.5526800141448066,AM1BCC,OpenEye,,,O,,1,[H:16][C:7]1([C:6]([C:5]([C:4]([C:9]([C:8]1([H:18])[H:19])([H:20])[H:21])([H:11])[C:2](=[O:1])[O:3][H:10])([H:12])[H:13])([H:14])[H:15])[H:17],17.0,11.0
1,0.6349999918824151,AM1BCC,OpenEye,,,C,,2,[H:16][C:7]1([C:6]([C:5]([C:4]([C:9]([C:8]1([H:18])[H:19])([H:20])[H:21])([H:11])[C:2](=[O:1])[O:3][H:10])([H:12])[H:13])([H:14])[H:15])[H:17],17.0,11.0
2,-0.598590014945893,AM1BCC,OpenEye,,,O,,3,[H:16][C:7]1([C:6]([C:5]([C:4]([C:9]([C:8]1([H:18])[H:19])([H:20])[H:21])([H:11])[C:2](=[O:1])[O:3][H:10])([H:12])[H:13])([H:14])[H:15])[H:17],17.0,11.0
3,-0.10710999972763516,AM1BCC,OpenEye,,,C,,4,[H:16][C:7]1([C:6]([C:5]([C:4]([C:9]([C:8]1([H:18])[H:19])([H:20])[H:21])([H:11])[C:2](=[O:1])[O:3][H:10])([H:12])[H:13])([H:14])[H:15])[H:17],17.0,11.0
4,-0.07327999777737118,AM1BCC,OpenEye,,,C,,5,[H:16][C:7]1([C:6]([C:5]([C:4]([C:9]([C:8]1([H:18])[H:19])([H:20])[H:21])([H:11])[C:2](=[O:1])[O:3][H:10])([H:12])[H:13])([H:14])[H:15])[H:17],17.0,11.0
5,-0.07681000090780712,AM1BCC,OpenEye,,,C,,6,[H:16][C:7]1([C:6]([C:5]([C:4]([C:9]([C:8]1([H:18])[H:19])([H:20])[H:21])([H:11])[C:2](=[O:1])[O:3][H:10])([H:12])[H:13])([H:14])[H:15])[H:17],17.0,11.0
6,-0.07943999625387646,AM1BCC,OpenEye,,,C,,7,[H:16][C:7]1([C:6]([C:5]([C:4]([C:9]([C:8]1([H:18])[H:19])([H:20])[H:21])([H:11])[C:2](=[O:1])[O:3][H:10])([H:12])[H:13])([H:14])[H:15])[H:17],17.0,11.0
7,-0.07681000090780712,AM1BCC,OpenEye,,,C,,8,[H:16][C:7]1([C:6]([C:5]([C:4]([C:9]([C:8]1([H:18])[H:19])([H:20])[H:21])([H:11])[C:2](=[O:1])[O:3][H:10])([H:12])[H:13])([H:14])[H:15])[H:17],17.0,11.0
8,-0.07327999777737118,AM1BCC,OpenEye,,,C,,9,[H:16][C:7]1([C:6]([C:5]([C:4]([C:9]([C:8]1([H:18])[H:19])([H:20])[H:21])([H:11])[C:2](=[O:1])[O:3][H:10])([H:12])[H:13])([H:14])[H:15])[H:17],17.0,11.0
9,0.44187000535783316,AM1BCC,OpenEye,,,H,,10,[H:16][C:7]1([C:6]([C:5]([C:4]([C:9]([C:8]1([H:18])[H:19])([H:20])[H:21])([H:11])[C:2](=[O:1])[O:3][H:10])([H:12])[H:13])([H:14])[H:15])[H:17],17.0,11.0
10,0.08307000391540073,AM1BCC,OpenEye,,,H,,11,[H:16][C:7]1([C:6]([C:5]([C:4]([C:9]([C:8]1([H:18])[H:19])([H:20])[H:21])([H:11])[C:2](=[O:1])[O:3][H:10])([H:12])[H:13])([H:14])[H:15])[H:17],17.0,11.0
11,0.05344000228104137,AM1BCC,OpenEye,,,H,,12,[H:16][C:7]1([C:6]([C:5]([C:4]([C:9]([C:8]1([H:18])[H:19])([H:20])[H:21])([H:11])[C:2](=[O:1])[O:3][H:10])([H:12])[H:13])([H:14])[H:15])[H:17],17.0,11.0
12,0.05344000228104137,AM1BCC,OpenEye,,,H,,13,[H:16][C:7]1([C:6]([C:5]([C:4]([C:9]([C:8]1([H:18])[H:19])([H:20])[H:21])([H:11])[C:2](=[O:1])[O:3][H:10])([H:12])[H:13])([H:14])[H:15])[H:17],17.0,11.0
13,0.04410000287351154,AM1BCC,OpenEye,,,H,,14,[H:16][C:7]1([C:6]([C:5]([C:4]([C:9]([C:8]1([H:18])[H:19])([H:20])[H:21])([H:11])[C:2](=[O:1])[O:3][H:10])([H:12])[H:13])([H:14])[H:15])[H:17],17.0,11.0
14,0.04410000287351154,AM1BCC,OpenEye,,,H,,15,[H:16][C:7]1([C:6]([C:5]([C:4]([C:9]([C:8]1([H:18])[H:19])([H:20])[H:21])([H:11])[C:2](=[O:1])[O:3][H:10])([H:12])[H:13])([H:14])[H:15])[H:17],17.0,11.0
15,0.04395000033435367,AM1BCC,OpenEye,,,H,,16,[H:16][C:7]1([C:6]([C:5]([C:4]([C:9]([C:8]1([H:18])[H:19])([H:20])[H:21])([H:11])[C:2](=[O:1])[O:3][H:10])([H:12])[H:13])([H:14])[H:15])[H:17],17.0,11.0
16,0.04395000033435367,AM1BCC,OpenEye,,,H,,17,[H:16][C:7]1([C:6]([C:5]([C:4]([C:9]([C:8]1([H:18])[H:19])([H:20])[H:21])([H:11])[C:2](=[O:1])[O:3][H:10])([H:12])[H:13])([H:14])[H:15])[H:17],17.0,11.0
17,0.04410000287351154,AM1BCC,OpenEye,,,H,,18,[H:16][C:7]1([C:6]([C:5]([C:4]([C:9]([C:8]1([H:18])[H:19])([H:20])[H:21])([H:11])[C:2](=[O:1])[O:3][H:10])([H:12])[H:13])([H:14])[H:15])[H:17],17.0,11.0
18,0.04410000287351154,AM1BCC,OpenEye,,,H,,19,[H:16][C:7]1([C:6]([C:5]([C:4]([C:9]([C:8]1([H:18])[H:19])([H:20])[H:21])([H:11])[C:2](=[O:1])[O:3][H:10])([H:12])[H:13])([H:14])[H:15])[H:17],17.0,11.0
19,0.05344000228104137,AM1BCC,OpenEye,,,H,,20,[H:16][C:7]1([C:6]([C:5]([C:4]([C:9]([C:8]1([H:18])[H:19])([H:20])[H:21])([H:11])[C:2](=[O:1])[O:3][H:10])([H:12])[H:13])([H:14])[H:15])[H:17],17.0,11.0
20,0.05344000228104137,AM1BCC,OpenEye,,,H,,21,[H:16][C:7]1([C:6]([C:5]([C:4]([C:9]([C:8]1([H:18])[H:19])([H:20])[H:21])([H:11])[C:2](=[O:1])[O:3][H:10])([H:12])[H:13])([H:14])[H:15])[H:17],17.0,11.0
0,-0.5518571428571429,AM1BCC,AmberTools,,,O,,1,[H:16][C:7]1([C:6]([C:5]([C:4]([C:9]([C:8]1([H:18])[H:19])([H:20])[H:21])([H:11])[C:2](=[O:1])[O:3][H:10])([H:12])[H:13])([H:14])[H:15])[H:17],17.0,11.0
1,0.6352428571428571,AM1BCC,AmberTools,,,C,,2,[H:16][C:7]1([C:6]([C:5]([C:4]([C:9]([C:8]1([H:18])[H:19])([H:20])[H:21])([H:11])[C:2](=[O:1])[O:3][H:10])([H:12])[H:13])([H:14])[H:15])[H:17],17.0,11.0
2,-0.6069571428571429,AM1BCC,AmberTools,,,O,,3,[H:16][C:7]1([C:6]([C:5]([C:4]([C:9]([C:8]1([H:18])[H:19])([H:20])[H:21])([H:11])[C:2](=[O:1])[O:3][H:10])([H:12])[H:13])([H:14])[H:15])[H:17],17.0,11.0
3,-0.10355714285714285,AM1BCC,AmberTools,,,C,,4,[H:16][C:7]1([C:6]([C:5]([C:4]([C:9]([C:8]1([H:18])[H:19])([H:20])[H:21])([H:11])[C:2](=[O:1])[O:3][H:10])([H:12])[H:13])([H:14])[H:15])[H:17],17.0,11.0
4,-0.07425714285714284,AM1BCC,AmberTools,,,C,,5,[H:16][C:7]1([C:6]([C:5]([C:4]([C:9]([C:8]1([H:18])[H:19])([H:20])[H:21])([H:11])[C:2](=[O:1])[O:3][H:10])([H:12])[H:13])([H:14])[H:15])[H:17],17.0,11.0
5,-0.07625714285714284,AM1BCC,AmberTools,,,C,,6,[H:16][C:7]1([C:6]([C:5]([C:4]([C:9]([C:8]1([H:18])[H:19])([H:20])[H:21])([H:11])[C:2](=[O:1])[O:3][H:10])([H:12])[H:13])([H:14])[H:15])[H:17],17.0,11.0
6,-0.07925714285714285,AM1BCC,AmberTools,,,C,,7,[H:16][C:7]1([C:6]([C:5]([C:4]([C:9]([C:8]1([H:18])[H:19])([H:20])[H:21])([H:11])[C:2](=[O:1])[O:3][H:10])([H:12])[H:13])([H:14])[H:15])[H:17],17.0,11.0
7,-0.07625714285714284,AM1BCC,AmberTools,,,C,,8,[H:16][C:7]1([C:6]([C:5]([C:4]([C:9]([C:8]1([H:18])[H:19])([H:20])[H:21])([H:11])[C:2](=[O:1])[O:3][H:10])([H:12])[H:13])([H:14])[H:15])[H:17],17.0,11.0
8,-0.07425714285714284,AM1BCC,AmberTools,,,C,,9,[H:16][C:7]1([C:6]([C:5]([C:4]([C:9]([C:8]1([H:18])[H:19])([H:20])[H:21])([H:11])[C:2](=[O:1])[O:3][H:10])([H:12])[H:13])([H:14])[H:15])[H:17],17.0,11.0
9,0.44214285714285717,AM1BCC,AmberTools,,,H,,10,[H:16][C:7]1([C:6]([C:5]([C:4]([C:9]([C:8]1([H:18])[H:19])([H:20])[H:21])([H:11])[C:2](=[O:1])[O:3][H:10])([H:12])[H:13])([H:14])[H:15])[H:17],17.0,11.0
10,0.08284285714285715,AM1BCC,AmberTools,,,H,,11,[H:16][C:7]1([C:6]([C:5]([C:4]([C:9]([C:8]1([H:18])[H:19])([H:20])[H:21])([H:11])[C:2](=[O:1])[O:3][H:10])([H:12])[H:13])([H:14])[H:15])[H:17],17.0,11.0
11,0.05484285714285715,AM1BCC,AmberTools,,,H,,12,[H:16][C:7]1([C:6]([C:5]([C:4]([C:9]([C:8]1([H:18])[H:19])([H:20])[H:21])([H:11])[C:2](=[O:1])[O:3][H:10])([H:12])[H:13])([H:14])[H:15])[H:17],17.0,11.0
12,0.05484285714285715,AM1BCC,AmberTools,,,H,,13,[H:16][C:7]1([C:6]([C:5]([C:4]([C:9]([C:8]1([H:18])[H:19])([H:20])[H:21])([H:11])[C:2](=[O:1])[O:3][H:10])([H:12])[H:13])([H:14])[H:15])[H:17],17.0,11.0
13,0.043842857142857156,AM1BCC,AmberTools,,,H,,14,[H:16][C:7]1([C:6]([C:5]([C:4]([C:9]([C:8]1([H:18])[H:19])([H:20])[H:21])([H:11])[C:2](=[O:1])[O:3][H:10])([H:12])[H:13])([H:14])[H:15])[H:17],17.0,11.0
14,0.043842857142857156,AM1BCC,AmberTools,,,H,,15,[H:16][C:7]1([C:6]([C:5]([C:4]([C:9]([C:8]1([H:18])[H:19])([H:20])[H:21])([H:11])[C:2](=[O:1])[O:3][H:10])([H:12])[H:13])([H:14])[H:15])[H:17],17.0,11.0
15,0.043842857142857156,AM1BCC,AmberTools,,,H,,16,[H:16][C:7]1([C:6]([C:5]([C:4]([C:9]([C:8]1([H:18])[H:19])([H:20])[H:21])([H:11])[C:2](=[O:1])[O:3][H:10])([H:12])[H:13])([H:14])[H:15])[H:17],17.0,11.0
16,0.043842857142857156,AM1BCC,AmberTools,,,H,,17,[H:16][C:7]1([C:6]([C:5]([C:4]([C:9]([C:8]1([H:18])[H:19])([H:20])[H:21])([H:11])[C:2](=[O:1])[O:3][H:10])([H:12])[H:13])([H:14])[H:15])[H:17],17.0,11.0
17,0.043842857142857156,AM1BCC,AmberTools,,,H,,18,[H:16][C:7]1([C:6]([C:5]([C:4]([C:9]([C:8]1([H:18])[H:19])([H:20])[H:21])([H:11])[C:2](=[O:1])[O:3][H:10])([H:12])[H:13])([H:14])[H:15])[H:17],17.0,11.0
18,0.043842857142857156,AM1BCC,AmberTools,,,H,,19,[H:16][C:7]1([C:6]([C:5]([C:4]([C:9]([C:8]1([H:18])[H:19])([H:20])[H:21])([H:11])[C:2](=[O:1])[O:3][H:10])([H:12])[H:13])([H:14])[H:15])[H:17],17.0,11.0
19,0.05484285714285715,AM1BCC,AmberTools,,,H,,20,[H:16][C:7]1([C:6]([C:5]([C:4]([C:9]([C:8]1([H:18])[H:19])([H:20])[H:21])([H:11])[C:2](=[O:1])[O:3][H:10])([H:12])[H:13])([H:14])[H:15])[H:17],17.0,11.0
20,0.05484285714285715,AM1BCC,AmberTools,,,H,,21,[H:16][C:7]1([C:6]([C:5]([C:4]([C:9]([C:8]1([H:18])[H:19])([H:20])[H:21])([H:11])[C:2](=[O:1])[O:3][H:10])([H:12])[H:13])([H:14])[H:15])[H:17],17.0,11.0
0,-0.5526800141448066,AM1BCC,OpenEye,,,O,,1,[H:16][C:7]1([C:6]([C:5]([C:4]([C:9]([C:8]1([H:18])[H:19])([H:20])[H:21])([H:11])[C:2](=[O:1])[O:3][H:10])([H:12])[H:13])([H:14])[H:15])[H:17],17.0,12.0
1,0.6349999918824151,AM1BCC,OpenEye,,,C,,2,[H:16][C:7]1([C:6]([C:5]([C:4]([C:9]([C:8]1([H:18])[H:19])([H:20])[H:21])([H:11])[C:2](=[O:1])[O:3][H:10])([H:12])[H:13])([H:14])[H:15])[H:17],17.0,12.0
2,-0.598590014945893,AM1BCC,OpenEye,,,O,,3,[H:16][C:7]1([C:6]([C:5]([C:4]([C:9]([C:8]1([H:18])[H:19])([H:20])[H:21])([H:11])[C:2](=[O:1])[O:3][H:10])([H:12])[H:13])([H:14])[H:15])[H:17],17.0,12.0
3,-0.10710999972763516,AM1BCC,OpenEye,,,C,,4,[H:16][C:7]1([C:6]([C:5]([C:4]([C:9]([C:8]1([H:18])[H:19])([H:20])[H:21])([H:11])[C:2](=[O:1])[O:3][H:10])([H:12])[H:13])([H:14])[H:15])[H:17],17.0,12.0
4,-0.07327999777737118,AM1BCC,OpenEye,,,C,,5,[H:16][C:7]1([C:6]([C:5]([C:4]([C:9]([C:8]1([H:18])[H:19])([H:20])[H:21])([H:11])[C:2](=[O:1])[O:3][H:10])([H:12])[H:13])([H:14])[H:15])[H:17],17.0,12.0
5,-0.07681000090780712,AM1BCC,OpenEye,,,C,,6,[H:16][C:7]1([C:6]([C:5]([C:4]([C:9]([C:8]1([H:18])[H:19])([H:20])[H:21])([H:11])[C:2](=[O:1])[O:3][H:10])([H:12])[H:13])([H:14])[H:15])[H:17],17.0,12.0
6,-0.07943999625387646,AM1BCC,OpenEye,,,C,,7,[H:16][C:7]1([C:6]([C:5]([C:4]([C:9]([C:8]1([H:18])[H:19])([H:20])[H:21])([H:11])[C:2](=[O:1])[O:3][H:10])([H:12])[H:13])([H:14])[H:15])[H:17],17.0,12.0
7,-0.07681000090780712,AM1BCC,OpenEye,,,C,,8,[H:16][C:7]1([C:6]([C:5]([C:4]([C:9]([C:8]1([H:18])[H:19])([H:20])[H:21])([H:11])[C:2](=[O:1])[O:3][H:10])([H:12])[H:13])([H:14])[H:15])[H:17],17.0,12.0
8,-0.07327999777737118,AM1BCC,OpenEye,,,C,,9,[H:16][C:7]1([C:6]([C:5]([C:4]([C:9]([C:8]1([H:18])[H:19])([H:20])[H:21])([H:11])[C:2](=[O:1])[O:3][H:10])([H:12])[H:13])([H:14])[H:15])[H:17],17.0,12.0
9,0.44187000535783316,AM1BCC,OpenEye,,,H,,10,[H:16][C:7]1([C:6]([C:5]([C:4]([C:9]([C:8]1([H:18])[H:19])([H:20])[H:21])([H:11])[C:2](=[O:1])[O:3][H:10])([H:12])[H:13])([H:14])[H:15])[H:17],17.0,12.0
10,0.08307000391540073,AM1BCC,OpenEye,,,H,,11,[H:16][C:7]1([C:6]([C:5]([C:4]([C:9]([C:8]1([H:18])[H:19])([H:20])[H:21])([H:11])[C:2](=[O:1])[O:3][H:10])([H:12])[H:13])([H:14])[H:15])[H:17],17.0,12.0
11,0.05344000228104137,AM1BCC,OpenEye,,,H,,12,[H:16][C:7]1([C:6]([C:5]([C:4]([C:9]([C:8]1([H:18])[H:19])([H:20])[H:21])([H:11])[C:2](=[O:1])[O:3][H:10])([H:12])[H:13])([H:14])[H:15])[H:17],17.0,12.0
12,0.05344000228104137,AM1BCC,OpenEye,,,H,,13,[H:16][C:7]1([C:6]([C:5]([C:4]([C:9]([C:8]1([H:18])[H:19])([H:20])[H:21])([H:11])[C:2](=[O:1])[O:3][H:10])([H:12])[H:13])([H:14])[H:15])[H:17],17.0,12.0
13,0.04410000287351154,AM1BCC,OpenEye,,,H,,14,[H:16][C:7]1([C:6]([C:5]([C:4]([C:9]([C:8]1([H:18])[H:19])([H:20])[H:21])([H:11])[C:2](=[O:1])[O:3][H:10])([H:12])[H:13])([H:14])[H:15])[H:17],17.0,12.0
14,0.04410000287351154,AM1BCC,OpenEye,,,H,,15,[H:16][C:7]1([C:6]([C:5]([C:4]([C:9]([C:8]1([H:18])[H:19])([H:20])[H:21])([H:11])[C:2](=[O:1])[O:3][H:10])([H:12])[H:13])([H:14])[H:15])[H:17],17.0,12.0
15,0.04395000033435367,AM1BCC,OpenEye,,,H,,16,[H:16][C:7]1([C:6]([C:5]([C:4]([C:9]([C:8]1([H:18])[H:19])([H:20])[H:21])([H:11])[C:2](=[O:1])[O:3][H:10])([H:12])[H:13])([H:14])[H:15])[H:17],17.0,12.0
16,0.04395000033435367,AM1BCC,OpenEye,,,H,,17,[H:16][C:7]1([C:6]([C:5]([C:4]([C:9]([C:8]1([H:18])[H:19])([H:20])[H:21])([H:11])[C:2](=[O:1])[O:3][H:10])([H:12])[H:13])([H:14])[H:15])[H:17],17.0,12.0
17,0.04410000287351154,AM1BCC,OpenEye,,,H,,18,[H:16][C:7]1([C:6]([C:5]([C:4]([C:9]([C:8]1([H:18])[H:19])([H:20])[H:21])([H:11])[C:2](=[O:1])[O:3][H:10])([H:12])[H:13])([H:14])[H:15])[H:17],17.0,12.0
18,0.04410000287351154,AM1BCC,OpenEye,,,H,,19,[H:16][C:7]1([C:6]([C:5]([C:4]([C:9]([C:8]1([H:18])[H:19])([H:20])[H:21])([H:11])[C:2](=[O:1])[O:3][H:10])([H:12])[H:13])([H:14])[H:15])[H:17],17.0,12.0
19,0.05344000228104137,AM1BCC,OpenEye,,,H,,20,[H:16][C:7]1([C:6]([C:5]([C:4]([C:9]([C:8]1([H:18])[H:19])([H:20])[H:21])([H:11])[C:2](=[O:1])[O:3][H:10])([H:12])[H:13])([H:14])[H:15])[H:17],17.0,12.0
20,0.05344000228104137,AM1BCC,OpenEye,,,H,,21,[H:16][C:7]1([C:6]([C:5]([C:4]([C:9]([C:8]1([H:18])[H:19])([H:20])[H:21])([H:11])[C:2](=[O:1])[O:3][H:10])([H:12])[H:13])([H:14])[H:15])[H:17],17.0,12.0
0,-0.5518571428571429,AM1BCC,AmberTools,,,O,,1,[H:16][C:7]1([C:6]([C:5]([C:4]([C:9]([C:8]1([H:18])[H:19])([H:20])[H:21])([H:11])[C:2](=[O:1])[O:3][H:10])([H:12])[H:13])([H:14])[H:15])[H:17],17.0,12.0
1,0.6352428571428571,AM1BCC,AmberTools,,,C,,2,[H:16][C:7]1([C:6]([C:5]([C:4]([C:9]([C:8]1([H:18])[H:19])([H:20])[H:21])([H:11])[C:2](=[O:1])[O:3][H:10])([H:12])[H:13])([H:14])[H:15])[H:17],17.0,12.0
2,-0.6069571428571429,AM1BCC,AmberTools,,,O,,3,[H:16][C:7]1([C:6]([C:5]([C:4]([C:9]([C:8]1([H:18])[H:19])([H:20])[H:21])([H:11])[C:2](=[O:1])[O:3][H:10])([H:12])[H:13])([H:14])[H:15])[H:17],17.0,12.0
3,-0.10355714285714285,AM1BCC,AmberTools,,,C,,4,[H:16][C:7]1([C:6]([C:5]([C:4]([C:9]([C:8]1([H:18])[H:19])([H:20])[H:21])([H:11])[C:2](=[O:1])[O:3][H:10])([H:12])[H:13])([H:14])[H:15])[H:17],17.0,12.0
4,-0.07425714285714284,AM1BCC,AmberTools,,,C,,5,[H:16][C:7]1([C:6]([C:5]([C:4]([C:9]([C:8]1([H:18])[H:19])([H:20])[H:21])([H:11])[C:2](=[O:1])[O:3][H:10])([H:12])[H:13])([H:14])[H:15])[H:17],17.0,12.0
5,-0.07625714285714284,AM1BCC,AmberTools,,,C,,6,[H:16][C:7]1([C:6]([C:5]([C:4]([C:9]([C:8]1([H:18])[H:19])([H:20])[H:21])([H:11])[C:2](=[O:1])[O:3][H:10])([H:12])[H:13])([H:14])[H:15])[H:17],17.0,12.0
6,-0.07925714285714285,AM1BCC,AmberTools,,,C,,7,[H:16][C:7]1([C:6]([C:5]([C:4]([C:9]([C:8]1([H:18])[H:19])([H:20])[H:21])([H:11])[C:2](=[O:1])[O:3][H:10])([H:12])[H:13])([H:14])[H:15])[H:17],17.0,12.0
7,-0.07625714285714284,AM1BCC,AmberTools,,,C,,8,[H:16][C:7]1([C:6]([C:5]([C:4]([C:9]([C:8]1([H:18])[H:19])([H:20])[H:21])([H:11])[C:2](=[O:1])[O:3][H:10])([H:12])[H:13])([H:14])[H:15])[H:17],17.0,12.0
8,-0.07425714285714284,AM1BCC,AmberTools,,,C,,9,[H:16][C:7]1([C:6]([C:5]([C:4]([C:9]([C:8]1([H:18])[H:19])([H:20])[H:21])([H:11])[C:2](=[O:1])[O:3][H:10])([H:12])[H:13])([H:14])[H:15])[H:17],17.0,12.0
9,0.44214285714285717,AM1BCC,AmberTools,,,H,,10,[H:16][C:7]1([C:6]([C:5]([C:4]([C:9]([C:8]1([H:18])[H:19])([H:20])[H:21])([H:11])[C:2](=[O:1])[O:3][H:10])([H:12])[H:13])([H:14])[H:15])[H:17],17.0,12.0
10,0.08284285714285715,AM1BCC,AmberTools,,,H,,11,[H:16][C:7]1([C:6]([C:5]([C:4]([C:9]([C:8]1([H:18])[H:19])([H:20])[H:21])([H:11])[C:2](=[O:1])[O:3][H:10])([H:12])[H:13])([H:14])[H:15])[H:17],17.0,12.0
11,0.05484285714285715,AM1BCC,AmberTools,,,H,,12,[H:16][C:7]1([C:6]([C:5]([C:4]([C:9]([C:8]1([H:18])[H:19])([H:20])[H:21])([H:11])[C:2](=[O:1])[O:3][H:10])([H:12])[H:13])([H:14])[H:15])[H:17],17.0,12.0
12,0.05484285714285715,AM1BCC,AmberTools,,,H,,13,[H:16][C:7]1([C:6]([C:5]([C:4]([C:9]([C:8]1([H:18])[H:19])([H:20])[H:21])([H:11])[C:2](=[O:1])[O:3][H:10])([H:12])[H:13])([H:14])[H:15])[H:17],17.0,12.0
13,0.043842857142857156,AM1BCC,AmberTools,,,H,,14,[H:16][C:7]1([C:6]([C:5]([C:4]([C:9]([C:8]1([H:18])[H:19])([H:20])[H:21])([H:11])[C:2](=[O:1])[O:3][H:10])([H:12])[H:13])([H:14])[H:15])[H:17],17.0,12.0
14,0.043842857142857156,AM1BCC,AmberTools,,,H,,15,[H:16][C:7]1([C:6]([C:5]([C:4]([C:9]([C:8]1([H:18])[H:19])([H:20])[H:21])([H:11])[C:2](=[O:1])[O:3][H:10])([H:12])[H:13])([H:14])[H:15])[H:17],17.0,12.0
15,0.043842857142857156,AM1BCC,AmberTools,,,H,,16,[H:16][C:7]1([C:6]([C:5]([C:4]([C:9]([C:8]1([H:18])[H:19])([H:20])[H:21])([H:11])[C:2](=[O:1])[O:3][H:10])([H:12])[H:13])([H:14])[H:15])[H:17],17.0,12.0
16,0.043842857142857156,AM1BCC,AmberTools,,,H,,17,[H:16][C:7]1([C:6]([C:5]([C:4]([C:9]([C:8]1([H:18])[H:19])([H:20])[H:21])([H:11])[C:2](=[O:1])[O:3][H:10])([H:12])[H:13])([H:14])[H:15])[H:17],17.0,12.0
17,0.043842857142857156,AM1BCC,AmberTools,,,H,,18,[H:16][C:7]1([C:6]([C:5]([C:4]([C:9]([C:8]1([H:18])[H:19])([H:20])[H:21])([H:11])[C:2](=[O:1])[O:3][H:10])([H:12])[H:13])([H:14])[H:15])[H:17],17.0,12.0
18,0.043842857142857156,AM1BCC,AmberTools,,,H,,19,[H:16][C:7]1([C:6]([C:5]([C:4]([C:9]([C:8]1([H:18])[H:19])([H:20])[H:21])([H:11])[C:2](=[O:1])[O:3][H:10])([H:12])[H:13])([H:14])[H:15])[H:17],17.0,12.0
19,0.05484285714285715,AM1BCC,AmberTools,,,H,,20,[H:16][C:7]1([C:6]([C:5]([C:4]([C:9]([C:8]1([H:18])[H:19])([H:20])[H:21])([H:11])[C:2](=[O:1])[O:3][H:10])([H:12])[H:13])([H:14])[H:15])[H:17],17.0,12.0
20,0.05484285714285715,AM1BCC,AmberTools,,,H,,21,[H:16][C:7]1([C:6]([C:5]([C:4]([C:9]([C:8]1([H:18])[H:19])([H:20])[H:21])([H:11])[C:2](=[O:1])[O:3][H:10])([H:12])[H:13])([H:14])[H:15])[H:17],17.0,12.0
0,-0.5512099886933962,AM1BCC,OpenEye,,,O,,1,[H:16][C:7]1([C:6]([C:5]([C:4]([C:9]([C:8]1([H:18])[H:19])([H:20])[H:21])([H:11])[C:2](=[O:1])[O:3][H:10])([H:12])[H:13])([H:14])[H:15])[H:17],18.0,1.0
1,0.632160005470117,AM1BCC,OpenEye,,,C,,2,[H:16][C:7]1([C:6]([C:5]([C:4]([C:9]([C:8]1([H:18])[H:19])([H:20])[H:21])([H:11])[C:2](=[O:1])[O:3][H:10])([H:12])[H:13])([H:14])[H:15])[H:17],18.0,1.0
2,-0.6012799764672915,AM1BCC,OpenEye,,,O,,3,[H:16][C:7]1([C:6]([C:5]([C:4]([C:9]([C:8]1([H:18])[H:19])([H:20])[H:21])([H:11])[C:2](=[O:1])[O:3][H:10])([H:12])[H:13])([H:14])[H:15])[H:17],18.0,1.0
3,-0.10510000089804332,AM1BCC,OpenEye,,,C,,4,[H:16][C:7]1([C:6]([C:5]([C:4]([C:9]([C:8]1([H:18])[H:19])([H:20])[H:21])([H:11])[C:2](=[O:1])[O:3][H:10])([H:12])[H:13])([H:14])[H:15])[H:17],18.0,1.0
4,-0.07006000230709712,AM1BCC,OpenEye,,,C,,5,[H:16][C:7]1([C:6]([C:5]([C:4]([C:9]([C:8]1([H:18])[H:19])([H:20])[H:21])([H:11])[C:2](=[O:1])[O:3][H:10])([H:12])[H:13])([H:14])[H:15])[H:17],18.0,1.0
5,-0.07683000216881435,AM1BCC,OpenEye,,,C,,6,[H:16][C:7]1([C:6]([C:5]([C:4]([C:9]([C:8]1([H:18])[H:19])([H:20])[H:21])([H:11])[C:2](=[O:1])[O:3][H:10])([H:12])[H:13])([H:14])[H:15])[H:17],18.0,1.0
6,-0.07971000174681346,AM1BCC,OpenEye,,,C,,7,[H:16][C:7]1([C:6]([C:5]([C:4]([C:9]([C:8]1([H:18])[H:19])([H:20])[H:21])([H:11])[C:2](=[O:1])[O:3][H:10])([H:12])[H:13])([H:14])[H:15])[H:17],18.0,1.0
7,-0.07683000216881435,AM1BCC,OpenEye,,,C,,8,[H:16][C:7]1([C:6]([C:5]([C:4]([C:9]([C:8]1([H:18])[H:19])([H:20])[H:21])([H:11])[C:2](=[O:1])[O:3][H:10])([H:12])[H:13])([H:14])[H:15])[H:17],18.0,1.0
8,-0.07006000230709712,AM1BCC,OpenEye,,,C,,9,[H:16][C:7]1([C:6]([C:5]([C:4]([C:9]([C:8]1([H:18])[H:19])([H:20])[H:21])([H:11])[C:2](=[O:1])[O:3][H:10])([H:12])[H:13])([H:14])[H:15])[H:17],18.0,1.0
9,0.44210999955733615,AM1BCC,OpenEye,,,H,,10,[H:16][C:7]1([C:6]([C:5]([C:4]([C:9]([C:8]1([H:18])[H:19])([H:20])[H:21])([H:11])[C:2](=[O:1])[O:3][H:10])([H:12])[H:13])([H:14])[H:15])[H:17],18.0,1.0
10,0.07802999516328175,AM1BCC,OpenEye,,,H,,11,[H:16][C:7]1([C:6]([C:5]([C:4]([C:9]([C:8]1([H:18])[H:19])([H:20])[H:21])([H:11])[C:2](=[O:1])[O:3][H:10])([H:12])[H:13])([H:14])[H:15])[H:17],18.0,1.0
11,0.05352999766667684,AM1BCC,OpenEye,,,H,,12,[H:16][C:7]1([C:6]([C:5]([C:4]([C:9]([C:8]1([H:18])[H:19])([H:20])[H:21])([H:11])[C:2](=[O:1])[O:3][H:10])([H:12])[H:13])([H:14])[H:15])[H:17],18.0,1.0
12,0.05352999766667684,AM1BCC,OpenEye,,,H,,13,[H:16][C:7]1([C:6]([C:5]([C:4]([C:9]([C:8]1([H:18])[H:19])([H:20])[H:21])([H:11])[C:2](=[O:1])[O:3][H:10])([H:12])[H:13])([H:14])[H:15])[H:17],18.0,1.0
13,0.04590999831755956,AM1BCC,OpenEye,,,H,,14,[H:16][C:7]1([C:6]([C:5]([C:4]([C:9]([C:8]1([H:18])[H:19])([H:20])[H:21])([H:11])[C:2](=[O:1])[O:3][H:10])([H:12])[H:13])([H:14])[H:15])[H:17],18.0,1.0
14,0.04590999831755956,AM1BCC,OpenEye,,,H,,15,[H:16][C:7]1([C:6]([C:5]([C:4]([C:9]([C:8]1([H:18])[H:19])([H:20])[H:21])([H:11])[C:2](=[O:1])[O:3][H:10])([H:12])[H:13])([H:14])[H:15])[H:17],18.0,1.0
15,0.0405099963148435,AM1BCC,OpenEye,,,H,,16,[H:16][C:7]1([C:6]([C:5]([C:4]([C:9]([C:8]1([H:18])[H:19])([H:20])[H:21])([H:11])[C:2](=[O:1])[O:3][H:10])([H:12])[H:13])([H:14])[H:15])[H:17],18.0,1.0
16,0.0405099963148435,AM1BCC,OpenEye,,,H,,17,[H:16][C:7]1([C:6]([C:5]([C:4]([C:9]([C:8]1([H:18])[H:19])([H:20])[H:21])([H:11])[C:2](=[O:1])[O:3][H:10])([H:12])[H:13])([H:14])[H:15])[H:17],18.0,1.0
17,0.04590999831755956,AM1BCC,OpenEye,,,H,,18,[H:16][C:7]1([C:6]([C:5]([C:4]([C:9]([C:8]1([H:18])[H:19])([H:20])[H:21])([H:11])[C:2](=[O:1])[O:3][H:10])([H:12])[H:13])([H:14])[H:15])[H:17],18.0,1.0
18,0.04590999831755956,AM1BCC,OpenEye,,,H,,19,[H:16][C:7]1([C:6]([C:5]([C:4]([C:9]([C:8]1([H:18])[H:19])([H:20])[H:21])([H:11])[C:2](=[O:1])[O:3][H:10])([H:12])[H:13])([H:14])[H:15])[H:17],18.0,1.0
19,0.05352999766667684,AM1BCC,OpenEye,,,H,,20,[H:16][C:7]1([C:6]([C:5]([C:4]([C:9]([C:8]1([H:18])[H:19])([H:20])[H:21])([H:11])[C:2](=[O:1])[O:3][H:10])([H:12])[H:13])([H:14])[H:15])[H:17],18.0,1.0
20,0.05352999766667684,AM1BCC,OpenEye,,,H,,21,[H:16][C:7]1([C:6]([C:5]([C:4]([C:9]([C:8]1([H:18])[H:19])([H:20])[H:21])([H:11])[C:2](=[O:1])[O:3][H:10])([H:12])[H:13])([H:14])[H:15])[H:17],18.0,1.0
0,-0.5509047619047619,AM1BCC,AmberTools,,,O,,1,[H:16][C:7]1([C:6]([C:5]([C:4]([C:9]([C:8]1([H:18])[H:19])([H:20])[H:21])([H:11])[C:2](=[O:1])[O:3][H:10])([H:12])[H:13])([H:14])[H:15])[H:17],18.0,1.0
1,0.6351952380952381,AM1BCC,AmberTools,,,C,,2,[H:16][C:7]1([C:6]([C:5]([C:4]([C:9]([C:8]1([H:18])[H:19])([H:20])[H:21])([H:11])[C:2](=[O:1])[O:3][H:10])([H:12])[H:13])([H:14])[H:15])[H:17],18.0,1.0
2,-0.6120047619047618,AM1BCC,AmberTools,,,O,,3,[H:16][C:7]1([C:6]([C:5]([C:4]([C:9]([C:8]1([H:18])[H:19])([H:20])[H:21])([H:11])[C:2](=[O:1])[O:3][H:10])([H:12])[H:13])([H:14])[H:15])[H:17],18.0,1.0
3,-0.1016047619047619,AM1BCC,AmberTools,,,C,,4,[H:16][C:7]1([C:6]([C:5]([C:4]([C:9]([C:8]1([H:18])[H:19])([H:20])[H:21])([H:11])[C:2](=[O:1])[O:3][H:10])([H:12])[H:13])([H:14])[H:15])[H:17],18.0,1.0
4,-0.07280476190476191,AM1BCC,AmberTools,,,C,,5,[H:16][C:7]1([C:6]([C:5]([C:4]([C:9]([C:8]1([H:18])[H:19])([H:20])[H:21])([H:11])[C:2](=[O:1])[O:3][H:10])([H:12])[H:13])([H:14])[H:15])[H:17],18.0,1.0
5,-0.0753047619047619,AM1BCC,AmberTools,,,C,,6,[H:16][C:7]1([C:6]([C:5]([C:4]([C:9]([C:8]1([H:18])[H:19])([H:20])[H:21])([H:11])[C:2](=[O:1])[O:3][H:10])([H:12])[H:13])([H:14])[H:15])[H:17],18.0,1.0
6,-0.0793047619047619,AM1BCC,AmberTools,,,C,,7,[H:16][C:7]1([C:6]([C:5]([C:4]([C:9]([C:8]1([H:18])[H:19])([H:20])[H:21])([H:11])[C:2](=[O:1])[O:3][H:10])([H:12])[H:13])([H:14])[H:15])[H:17],18.0,1.0
7,-0.0753047619047619,AM1BCC,AmberTools,,,C,,8,[H:16][C:7]1([C:6]([C:5]([C:4]([C:9]([C:8]1([H:18])[H:19])([H:20])[H:21])([H:11])[C:2](=[O:1])[O:3][H:10])([H:12])[H:13])([H:14])[H:15])[H:17],18.0,1.0
8,-0.07280476190476191,AM1BCC,AmberTools,,,C,,9,[H:16][C:7]1([C:6]([C:5]([C:4]([C:9]([C:8]1([H:18])[H:19])([H:20])[H:21])([H:11])[C:2](=[O:1])[O:3][H:10])([H:12])[H:13])([H:14])[H:15])[H:17],18.0,1.0
9,0.4430952380952381,AM1BCC,AmberTools,,,H,,10,[H:16][C:7]1([C:6]([C:5]([C:4]([C:9]([C:8]1([H:18])[H:19])([H:20])[H:21])([H:11])[C:2](=[O:1])[O:3][H:10])([H:12])[H:13])([H:14])[H:15])[H:17],18.0,1.0
10,0.07979523809523809,AM1BCC,AmberTools,,,H,,11,[H:16][C:7]1([C:6]([C:5]([C:4]([C:9]([C:8]1([H:18])[H:19])([H:20])[H:21])([H:11])[C:2](=[O:1])[O:3][H:10])([H:12])[H:13])([H:14])[H:15])[H:17],18.0,1.0
11,0.0557952380952381,AM1BCC,AmberTools,,,H,,12,[H:16][C:7]1([C:6]([C:5]([C:4]([C:9]([C:8]1([H:18])[H:19])([H:20])[H:21])([H:11])[C:2](=[O:1])[O:3][H:10])([H:12])[H:13])([H:14])[H:15])[H:17],18.0,1.0
12,0.0557952380952381,AM1BCC,AmberTools,,,H,,13,[H:16][C:7]1([C:6]([C:5]([C:4]([C:9]([C:8]1([H:18])[H:19])([H:20])[H:21])([H:11])[C:2](=[O:1])[O:3][H:10])([H:12])[H:13])([H:14])[H:15])[H:17],18.0,1.0
13,0.0445452380952381,AM1BCC,AmberTools,,,H,,14,[H:16][C:7]1([C:6]([C:5]([C:4]([C:9]([C:8]1([H:18])[H:19])([H:20])[H:21])([H:11])[C:2](=[O:1])[O:3][H:10])([H:12])[H:13])([H:14])[H:15])[H:17],18.0,1.0
14,0.0445452380952381,AM1BCC,AmberTools,,,H,,15,[H:16][C:7]1([C:6]([C:5]([C:4]([C:9]([C:8]1([H:18])[H:19])([H:20])[H:21])([H:11])[C:2](=[O:1])[O:3][H:10])([H:12])[H:13])([H:14])[H:15])[H:17],18.0,1.0
15,0.0402952380952381,AM1BCC,AmberTools,,,H,,16,[H:16][C:7]1([C:6]([C:5]([C:4]([C:9]([C:8]1([H:18])[H:19])([H:20])[H:21])([H:11])[C:2](=[O:1])[O:3][H:10])([H:12])[H:13])([H:14])[H:15])[H:17],18.0,1.0
16,0.0402952380952381,AM1BCC,AmberTools,,,H,,17,[H:16][C:7]1([C:6]([C:5]([C:4]([C:9]([C:8]1([H:18])[H:19])([H:20])[H:21])([H:11])[C:2](=[O:1])[O:3][H:10])([H:12])[H:13])([H:14])[H:15])[H:17],18.0,1.0
17,0.0445452380952381,AM1BCC,AmberTools,,,H,,18,[H:16][C:7]1([C:6]([C:5]([C:4]([C:9]([C:8]1([H:18])[H:19])([H:20])[H:21])([H:11])[C:2](=[O:1])[O:3][H:10])([H:12])[H:13])([H:14])[H:15])[H:17],18.0,1.0
18,0.0445452380952381,AM1BCC,AmberTools,,,H,,19,[H:16][C:7]1([C:6]([C:5]([C:4]([C:9]([C:8]1([H:18])[H:19])([H:20])[H:21])([H:11])[C:2](=[O:1])[O:3][H:10])([H:12])[H:13])([H:14])[H:15])[H:17],18.0,1.0
19,0.0557952380952381,AM1BCC,AmberTools,,,H,,20,[H:16][C:7]1([C:6]([C:5]([C:4]([C:9]([C:8]1([H:18])[H:19])([H:20])[H:21])([H:11])[C:2](=[O:1])[O:3][H:10])([H:12])[H:13])([H:14])[H:15])[H:17],18.0,1.0
20,0.0557952380952381,AM1BCC,AmberTools,,,H,,21,[H:16][C:7]1([C:6]([C:5]([C:4]([C:9]([C:8]1([H:18])[H:19])([H:20])[H:21])([H:11])[C:2](=[O:1])[O:3][H:10])([H:12])[H:13])([H:14])[H:15])[H:17],18.0,1.0
0,-0.5512099886933962,AM1BCC,OpenEye,,,O,,1,[H:16][C:7]1([C:6]([C:5]([C:4]([C:9]([C:8]1([H:18])[H:19])([H:20])[H:21])([H:11])[C:2](=[O:1])[O:3][H:10])([H:12])[H:13])([H:14])[H:15])[H:17],18.0,2.0
1,0.632160005470117,AM1BCC,OpenEye,,,C,,2,[H:16][C:7]1([C:6]([C:5]([C:4]([C:9]([C:8]1([H:18])[H:19])([H:20])[H:21])([H:11])[C:2](=[O:1])[O:3][H:10])([H:12])[H:13])([H:14])[H:15])[H:17],18.0,2.0
2,-0.6012799764672915,AM1BCC,OpenEye,,,O,,3,[H:16][C:7]1([C:6]([C:5]([C:4]([C:9]([C:8]1([H:18])[H:19])([H:20])[H:21])([H:11])[C:2](=[O:1])[O:3][H:10])([H:12])[H:13])([H:14])[H:15])[H:17],18.0,2.0
3,-0.10510000089804332,AM1BCC,OpenEye,,,C,,4,[H:16][C:7]1([C:6]([C:5]([C:4]([C:9]([C:8]1([H:18])[H:19])([H:20])[H:21])([H:11])[C:2](=[O:1])[O:3][H:10])([H:12])[H:13])([H:14])[H:15])[H:17],18.0,2.0
4,-0.07006000230709712,AM1BCC,OpenEye,,,C,,5,[H:16][C:7]1([C:6]([C:5]([C:4]([C:9]([C:8]1([H:18])[H:19])([H:20])[H:21])([H:11])[C:2](=[O:1])[O:3][H:10])([H:12])[H:13])([H:14])[H:15])[H:17],18.0,2.0
5,-0.07683000216881435,AM1BCC,OpenEye,,,C,,6,[H:16][C:7]1([C:6]([C:5]([C:4]([C:9]([C:8]1([H:18])[H:19])([H:20])[H:21])([H:11])[C:2](=[O:1])[O:3][H:10])([H:12])[H:13])([H:14])[H:15])[H:17],18.0,2.0
6,-0.07971000174681346,AM1BCC,OpenEye,,,C,,7,[H:16][C:7]1([C:6]([C:5]([C:4]([C:9]([C:8]1([H:18])[H:19])([H:20])[H:21])([H:11])[C:2](=[O:1])[O:3][H:10])([H:12])[H:13])([H:14])[H:15])[H:17],18.0,2.0
7,-0.07683000216881435,AM1BCC,OpenEye,,,C,,8,[H:16][C:7]1([C:6]([C:5]([C:4]([C:9]([C:8]1([H:18])[H:19])([H:20])[H:21])([H:11])[C:2](=[O:1])[O:3][H:10])([H:12])[H:13])([H:14])[H:15])[H:17],18.0,2.0
8,-0.07006000230709712,AM1BCC,OpenEye,,,C,,9,[H:16][C:7]1([C:6]([C:5]([C:4]([C:9]([C:8]1([H:18])[H:19])([H:20])[H:21])([H:11])[C:2](=[O:1])[O:3][H:10])([H:12])[H:13])([H:14])[H:15])[H:17],18.0,2.0
9,0.44210999955733615,AM1BCC,OpenEye,,,H,,10,[H:16][C:7]1([C:6]([C:5]([C:4]([C:9]([C:8]1([H:18])[H:19])([H:20])[H:21])([H:11])[C:2](=[O:1])[O:3][H:10])([H:12])[H:13])([H:14])[H:15])[H:17],18.0,2.0
10,0.07802999516328175,AM1BCC,OpenEye,,,H,,11,[H:16][C:7]1([C:6]([C:5]([C:4]([C:9]([C:8]1([H:18])[H:19])([H:20])[H:21])([H:11])[C:2](=[O:1])[O:3][H:10])([H:12])[H:13])([H:14])[H:15])[H:17],18.0,2.0
11,0.05352999766667684,AM1BCC,OpenEye,,,H,,12,[H:16][C:7]1([C:6]([C:5]([C:4]([C:9]([C:8]1([H:18])[H:19])([H:20])[H:21])([H:11])[C:2](=[O:1])[O:3][H:10])([H:12])[H:13])([H:14])[H:15])[H:17],18.0,2.0
12,0.05352999766667684,AM1BCC,OpenEye,,,H,,13,[H:16][C:7]1([C:6]([C:5]([C:4]([C:9]([C:8]1([H:18])[H:19])([H:20])[H:21])([H:11])[C:2](=[O:1])[O:3][H:10])([H:12])[H:13])([H:14])[H:15])[H:17],18.0,2.0
13,0.04590999831755956,AM1BCC,OpenEye,,,H,,14,[H:16][C:7]1([C:6]([C:5]([C:4]([C:9]([C:8]1([H:18])[H:19])([H:20])[H:21])([H:11])[C:2](=[O:1])[O:3][H:10])([H:12])[H:13])([H:14])[H:15])[H:17],18.0,2.0
14,0.04590999831755956,AM1BCC,OpenEye,,,H,,15,[H:16][C:7]1([C:6]([C:5]([C:4]([C:9]([C:8]1([H:18])[H:19])([H:20])[H:21])([H:11])[C:2](=[O:1])[O:3][H:10])([H:12])[H:13])([H:14])[H:15])[H:17],18.0,2.0
15,0.0405099963148435,AM1BCC,OpenEye,,,H,,16,[H:16][C:7]1([C:6]([C:5]([C:4]([C:9]([C:8]1([H:18])[H:19])([H:20])[H:21])([H:11])[C:2](=[O:1])[O:3][H:10])([H:12])[H:13])([H:14])[H:15])[H:17],18.0,2.0
16,0.0405099963148435,AM1BCC,OpenEye,,,H,,17,[H:16][C:7]1([C:6]([C:5]([C:4]([C:9]([C:8]1([H:18])[H:19])([H:20])[H:21])([H:11])[C:2](=[O:1])[O:3][H:10])([H:12])[H:13])([H:14])[H:15])[H:17],18.0,2.0
17,0.04590999831755956,AM1BCC,OpenEye,,,H,,18,[H:16][C:7]1([C:6]([C:5]([C:4]([C:9]([C:8]1([H:18])[H:19])([H:20])[H:21])([H:11])[C:2](=[O:1])[O:3][H:10])([H:12])[H:13])([H:14])[H:15])[H:17],18.0,2.0
18,0.04590999831755956,AM1BCC,OpenEye,,,H,,19,[H:16][C:7]1([C:6]([C:5]([C:4]([C:9]([C:8]1([H:18])[H:19])([H:20])[H:21])([H:11])[C:2](=[O:1])[O:3][H:10])([H:12])[H:13])([H:14])[H:15])[H:17],18.0,2.0
19,0.05352999766667684,AM1BCC,OpenEye,,,H,,20,[H:16][C:7]1([C:6]([C:5]([C:4]([C:9]([C:8]1([H:18])[H:19])([H:20])[H:21])([H:11])[C:2](=[O:1])[O:3][H:10])([H:12])[H:13])([H:14])[H:15])[H:17],18.0,2.0
20,0.05352999766667684,AM1BCC,OpenEye,,,H,,21,[H:16][C:7]1([C:6]([C:5]([C:4]([C:9]([C:8]1([H:18])[H:19])([H:20])[H:21])([H:11])[C:2](=[O:1])[O:3][H:10])([H:12])[H:13])([H:14])[H:15])[H:17],18.0,2.0
0,-0.5509047619047619,AM1BCC,AmberTools,,,O,,1,[H:16][C:7]1([C:6]([C:5]([C:4]([C:9]([C:8]1([H:18])[H:19])([H:20])[H:21])([H:11])[C:2](=[O:1])[O:3][H:10])([H:12])[H:13])([H:14])[H:15])[H:17],18.0,2.0
1,0.6351952380952381,AM1BCC,AmberTools,,,C,,2,[H:16][C:7]1([C:6]([C:5]([C:4]([C:9]([C:8]1([H:18])[H:19])([H:20])[H:21])([H:11])[C:2](=[O:1])[O:3][H:10])([H:12])[H:13])([H:14])[H:15])[H:17],18.0,2.0
2,-0.6120047619047618,AM1BCC,AmberTools,,,O,,3,[H:16][C:7]1([C:6]([C:5]([C:4]([C:9]([C:8]1([H:18])[H:19])([H:20])[H:21])([H:11])[C:2](=[O:1])[O:3][H:10])([H:12])[H:13])([H:14])[H:15])[H:17],18.0,2.0
3,-0.1016047619047619,AM1BCC,AmberTools,,,C,,4,[H:16][C:7]1([C:6]([C:5]([C:4]([C:9]([C:8]1([H:18])[H:19])([H:20])[H:21])([H:11])[C:2](=[O:1])[O:3][H:10])([H:12])[H:13])([H:14])[H:15])[H:17],18.0,2.0
4,-0.07280476190476191,AM1BCC,AmberTools,,,C,,5,[H:16][C:7]1([C:6]([C:5]([C:4]([C:9]([C:8]1([H:18])[H:19])([H:20])[H:21])([H:11])[C:2](=[O:1])[O:3][H:10])([H:12])[H:13])([H:14])[H:15])[H:17],18.0,2.0
5,-0.0753047619047619,AM1BCC,AmberTools,,,C,,6,[H:16][C:7]1([C:6]([C:5]([C:4]([C:9]([C:8]1([H:18])[H:19])([H:20])[H:21])([H:11])[C:2](=[O:1])[O:3][H:10])([H:12])[H:13])([H:14])[H:15])[H:17],18.0,2.0
6,-0.0793047619047619,AM1BCC,AmberTools,,,C,,7,[H:16][C:7]1([C:6]([C:5]([C:4]([C:9]([C:8]1([H:18])[H:19])([H:20])[H:21])([H:11])[C:2](=[O:1])[O:3][H:10])([H:12])[H:13])([H:14])[H:15])[H:17],18.0,2.0
7,-0.0753047619047619,AM1BCC,AmberTools,,,C,,8,[H:16][C:7]1([C:6]([C:5]([C:4]([C:9]([C:8]1([H:18])[H:19])([H:20])[H:21])([H:11])[C:2](=[O:1])[O:3][H:10])([H:12])[H:13])([H:14])[H:15])[H:17],18.0,2.0
8,-0.07280476190476191,AM1BCC,AmberTools,,,C,,9,[H:16][C:7]1([C:6]([C:5]([C:4]([C:9]([C:8]1([H:18])[H:19])([H:20])[H:21])([H:11])[C:2](=[O:1])[O:3][H:10])([H:12])[H:13])([H:14])[H:15])[H:17],18.0,2.0
9,0.4430952380952381,AM1BCC,AmberTools,,,H,,10,[H:16][C:7]1([C:6]([C:5]([C:4]([C:9]([C:8]1([H:18])[H:19])([H:20])[H:21])([H:11])[C:2](=[O:1])[O:3][H:10])([H:12])[H:13])([H:14])[H:15])[H:17],18.0,2.0
10,0.07979523809523809,AM1BCC,AmberTools,,,H,,11,[H:16][C:7]1([C:6]([C:5]([C:4]([C:9]([C:8]1([H:18])[H:19])([H:20])[H:21])([H:11])[C:2](=[O:1])[O:3][H:10])([H:12])[H:13])([H:14])[H:15])[H:17],18.0,2.0
11,0.0557952380952381,AM1BCC,AmberTools,,,H,,12,[H:16][C:7]1([C:6]([C:5]([C:4]([C:9]([C:8]1([H:18])[H:19])([H:20])[H:21])([H:11])[C:2](=[O:1])[O:3][H:10])([H:12])[H:13])([H:14])[H:15])[H:17],18.0,2.0
12,0.0557952380952381,AM1BCC,AmberTools,,,H,,13,[H:16][C:7]1([C:6]([C:5]([C:4]([C:9]([C:8]1([H:18])[H:19])([H:20])[H:21])([H:11])[C:2](=[O:1])[O:3][H:10])([H:12])[H:13])([H:14])[H:15])[H:17],18.0,2.0
13,0.0445452380952381,AM1BCC,AmberTools,,,H,,14,[H:16][C:7]1([C:6]([C:5]([C:4]([C:9]([C:8]1([H:18])[H:19])([H:20])[H:21])([H:11])[C:2](=[O:1])[O:3][H:10])([H:12])[H:13])([H:14])[H:15])[H:17],18.0,2.0
14,0.0445452380952381,AM1BCC,AmberTools,,,H,,15,[H:16][C:7]1([C:6]([C:5]([C:4]([C:9]([C:8]1([H:18])[H:19])([H:20])[H:21])([H:11])[C:2](=[O:1])[O:3][H:10])([H:12])[H:13])([H:14])[H:15])[H:17],18.0,2.0
15,0.0402952380952381,AM1BCC,AmberTools,,,H,,16,[H:16][C:7]1([C:6]([C:5]([C:4]([C:9]([C:8]1([H:18])[H:19])([H:20])[H:21])([H:11])[C:2](=[O:1])[O:3][H:10])([H:12])[H:13])([H:14])[H:15])[H:17],18.0,2.0
16,0.0402952380952381,AM1BCC,AmberTools,,,H,,17,[H:16][C:7]1([C:6]([C:5]([C:4]([C:9]([C:8]1([H:18])[H:19])([H:20])[H:21])([H:11])[C:2](=[O:1])[O:3][H:10])([H:12])[H:13])([H:14])[H:15])[H:17],18.0,2.0
17,0.0445452380952381,AM1BCC,AmberTools,,,H,,18,[H:16][C:7]1([C:6]([C:5]([C:4]([C:9]([C:8]1([H:18])[H:19])([H:20])[H:21])([H:11])[C:2](=[O:1])[O:3][H:10])([H:12])[H:13])([H:14])[H:15])[H:17],18.0,2.0
18,0.0445452380952381,AM1BCC,AmberTools,,,H,,19,[H:16][C:7]1([C:6]([C:5]([C:4]([C:9]([C:8]1([H:18])[H:19])([H:20])[H:21])([H:11])[C:2](=[O:1])[O:3][H:10])([H:12])[H:13])([H:14])[H:15])[H:17],18.0,2.0
19,0.0557952380952381,AM1BCC,AmberTools,,,H,,20,[H:16][C:7]1([C:6]([C:5]([C:4]([C:9]([C:8]1([H:18])[H:19])([H:20])[H:21])([H:11])[C:2](=[O:1])[O:3][H:10])([H:12])[H:13])([H:14])[H:15])[H:17],18.0,2.0
20,0.0557952380952381,AM1BCC,AmberTools,,,H,,21,[H:16][C:7]1([C:6]([C:5]([C:4]([C:9]([C:8]1([H:18])[H:19])([H:20])[H:21])([H:11])[C:2](=[O:1])[O:3][H:10])([H:12])[H:13])([H:14])[H:15])[H:17],18.0,2.0
0,-0.5512099886933962,AM1BCC,OpenEye,,,O,,1,[H:16][C:7]1([C:6]([C:5]([C:4]([C:9]([C:8]1([H:18])[H:19])([H:20])[H:21])([H:11])[C:2](=[O:1])[O:3][H:10])([H:12])[H:13])([H:14])[H:15])[H:17],18.0,3.0
1,0.632160005470117,AM1BCC,OpenEye,,,C,,2,[H:16][C:7]1([C:6]([C:5]([C:4]([C:9]([C:8]1([H:18])[H:19])([H:20])[H:21])([H:11])[C:2](=[O:1])[O:3][H:10])([H:12])[H:13])([H:14])[H:15])[H:17],18.0,3.0
2,-0.6012799764672915,AM1BCC,OpenEye,,,O,,3,[H:16][C:7]1([C:6]([C:5]([C:4]([C:9]([C:8]1([H:18])[H:19])([H:20])[H:21])([H:11])[C:2](=[O:1])[O:3][H:10])([H:12])[H:13])([H:14])[H:15])[H:17],18.0,3.0
3,-0.10510000089804332,AM1BCC,OpenEye,,,C,,4,[H:16][C:7]1([C:6]([C:5]([C:4]([C:9]([C:8]1([H:18])[H:19])([H:20])[H:21])([H:11])[C:2](=[O:1])[O:3][H:10])([H:12])[H:13])([H:14])[H:15])[H:17],18.0,3.0
4,-0.07006000230709712,AM1BCC,OpenEye,,,C,,5,[H:16][C:7]1([C:6]([C:5]([C:4]([C:9]([C:8]1([H:18])[H:19])([H:20])[H:21])([H:11])[C:2](=[O:1])[O:3][H:10])([H:12])[H:13])([H:14])[H:15])[H:17],18.0,3.0
5,-0.07683000216881435,AM1BCC,OpenEye,,,C,,6,[H:16][C:7]1([C:6]([C:5]([C:4]([C:9]([C:8]1([H:18])[H:19])([H:20])[H:21])([H:11])[C:2](=[O:1])[O:3][H:10])([H:12])[H:13])([H:14])[H:15])[H:17],18.0,3.0
6,-0.07971000174681346,AM1BCC,OpenEye,,,C,,7,[H:16][C:7]1([C:6]([C:5]([C:4]([C:9]([C:8]1([H:18])[H:19])([H:20])[H:21])([H:11])[C:2](=[O:1])[O:3][H:10])([H:12])[H:13])([H:14])[H:15])[H:17],18.0,3.0
7,-0.07683000216881435,AM1BCC,OpenEye,,,C,,8,[H:16][C:7]1([C:6]([C:5]([C:4]([C:9]([C:8]1([H:18])[H:19])([H:20])[H:21])([H:11])[C:2](=[O:1])[O:3][H:10])([H:12])[H:13])([H:14])[H:15])[H:17],18.0,3.0
8,-0.07006000230709712,AM1BCC,OpenEye,,,C,,9,[H:16][C:7]1([C:6]([C:5]([C:4]([C:9]([C:8]1([H:18])[H:19])([H:20])[H:21])([H:11])[C:2](=[O:1])[O:3][H:10])([H:12])[H:13])([H:14])[H:15])[H:17],18.0,3.0
9,0.44210999955733615,AM1BCC,OpenEye,,,H,,10,[H:16][C:7]1([C:6]([C:5]([C:4]([C:9]([C:8]1([H:18])[H:19])([H:20])[H:21])([H:11])[C:2](=[O:1])[O:3][H:10])([H:12])[H:13])([H:14])[H:15])[H:17],18.0,3.0
10,0.07802999516328175,AM1BCC,OpenEye,,,H,,11,[H:16][C:7]1([C:6]([C:5]([C:4]([C:9]([C:8]1([H:18])[H:19])([H:20])[H:21])([H:11])[C:2](=[O:1])[O:3][H:10])([H:12])[H:13])([H:14])[H:15])[H:17],18.0,3.0
11,0.05352999766667684,AM1BCC,OpenEye,,,H,,12,[H:16][C:7]1([C:6]([C:5]([C:4]([C:9]([C:8]1([H:18])[H:19])([H:20])[H:21])([H:11])[C:2](=[O:1])[O:3][H:10])([H:12])[H:13])([H:14])[H:15])[H:17],18.0,3.0
12,0.05352999766667684,AM1BCC,OpenEye,,,H,,13,[H:16][C:7]1([C:6]([C:5]([C:4]([C:9]([C:8]1([H:18])[H:19])([H:20])[H:21])([H:11])[C:2](=[O:1])[O:3][H:10])([H:12])[H:13])([H:14])[H:15])[H:17],18.0,3.0
13,0.04590999831755956,AM1BCC,OpenEye,,,H,,14,[H:16][C:7]1([C:6]([C:5]([C:4]([C:9]([C:8]1([H:18])[H:19])([H:20])[H:21])([H:11])[C:2](=[O:1])[O:3][H:10])([H:12])[H:13])([H:14])[H:15])[H:17],18.0,3.0
14,0.04590999831755956,AM1BCC,OpenEye,,,H,,15,[H:16][C:7]1([C:6]([C:5]([C:4]([C:9]([C:8]1([H:18])[H:19])([H:20])[H:21])([H:11])[C:2](=[O:1])[O:3][H:10])([H:12])[H:13])([H:14])[H:15])[H:17],18.0,3.0
15,0.0405099963148435,AM1BCC,OpenEye,,,H,,16,[H:16][C:7]1([C:6]([C:5]([C:4]([C:9]([C:8]1([H:18])[H:19])([H:20])[H:21])([H:11])[C:2](=[O:1])[O:3][H:10])([H:12])[H:13])([H:14])[H:15])[H:17],18.0,3.0
16,0.0405099963148435,AM1BCC,OpenEye,,,H,,17,[H:16][C:7]1([C:6]([C:5]([C:4]([C:9]([C:8]1([H:18])[H:19])([H:20])[H:21])([H:11])[C:2](=[O:1])[O:3][H:10])([H:12])[H:13])([H:14])[H:15])[H:17],18.0,3.0
17,0.04590999831755956,AM1BCC,OpenEye,,,H,,18,[H:16][C:7]1([C:6]([C:5]([C:4]([C:9]([C:8]1([H:18])[H:19])([H:20])[H:21])([H:11])[C:2](=[O:1])[O:3][H:10])([H:12])[H:13])([H:14])[H:15])[H:17],18.0,3.0
18,0.04590999831755956,AM1BCC,OpenEye,,,H,,19,[H:16][C:7]1([C:6]([C:5]([C:4]([C:9]([C:8]1([H:18])[H:19])([H:20])[H:21])([H:11])[C:2](=[O:1])[O:3][H:10])([H:12])[H:13])([H:14])[H:15])[H:17],18.0,3.0
19,0.05352999766667684,AM1BCC,OpenEye,,,H,,20,[H:16][C:7]1([C:6]([C:5]([C:4]([C:9]([C:8]1([H:18])[H:19])([H:20])[H:21])([H:11])[C:2](=[O:1])[O:3][H:10])([H:12])[H:13])([H:14])[H:15])[H:17],18.0,3.0
20,0.05352999766667684,AM1BCC,OpenEye,,,H,,21,[H:16][C:7]1([C:6]([C:5]([C:4]([C:9]([C:8]1([H:18])[H:19])([H:20])[H:21])([H:11])[C:2](=[O:1])[O:3][H:10])([H:12])[H:13])([H:14])[H:15])[H:17],18.0,3.0
0,-0.5509047619047619,AM1BCC,AmberTools,,,O,,1,[H:16][C:7]1([C:6]([C:5]([C:4]([C:9]([C:8]1([H:18])[H:19])([H:20])[H:21])([H:11])[C:2](=[O:1])[O:3][H:10])([H:12])[H:13])([H:14])[H:15])[H:17],18.0,3.0
1,0.6351952380952381,AM1BCC,AmberTools,,,C,,2,[H:16][C:7]1([C:6]([C:5]([C:4]([C:9]([C:8]1([H:18])[H:19])([H:20])[H:21])([H:11])[C:2](=[O:1])[O:3][H:10])([H:12])[H:13])([H:14])[H:15])[H:17],18.0,3.0
2,-0.6120047619047618,AM1BCC,AmberTools,,,O,,3,[H:16][C:7]1([C:6]([C:5]([C:4]([C:9]([C:8]1([H:18])[H:19])([H:20])[H:21])([H:11])[C:2](=[O:1])[O:3][H:10])([H:12])[H:13])([H:14])[H:15])[H:17],18.0,3.0
3,-0.1016047619047619,AM1BCC,AmberTools,,,C,,4,[H:16][C:7]1([C:6]([C:5]([C:4]([C:9]([C:8]1([H:18])[H:19])([H:20])[H:21])([H:11])[C:2](=[O:1])[O:3][H:10])([H:12])[H:13])([H:14])[H:15])[H:17],18.0,3.0
4,-0.07280476190476191,AM1BCC,AmberTools,,,C,,5,[H:16][C:7]1([C:6]([C:5]([C:4]([C:9]([C:8]1([H:18])[H:19])([H:20])[H:21])([H:11])[C:2](=[O:1])[O:3][H:10])([H:12])[H:13])([H:14])[H:15])[H:17],18.0,3.0
5,-0.0753047619047619,AM1BCC,AmberTools,,,C,,6,[H:16][C:7]1([C:6]([C:5]([C:4]([C:9]([C:8]1([H:18])[H:19])([H:20])[H:21])([H:11])[C:2](=[O:1])[O:3][H:10])([H:12])[H:13])([H:14])[H:15])[H:17],18.0,3.0
6,-0.0793047619047619,AM1BCC,AmberTools,,,C,,7,[H:16][C:7]1([C:6]([C:5]([C:4]([C:9]([C:8]1([H:18])[H:19])([H:20])[H:21])([H:11])[C:2](=[O:1])[O:3][H:10])([H:12])[H:13])([H:14])[H:15])[H:17],18.0,3.0
7,-0.0753047619047619,AM1BCC,AmberTools,,,C,,8,[H:16][C:7]1([C:6]([C:5]([C:4]([C:9]([C:8]1([H:18])[H:19])([H:20])[H:21])([H:11])[C:2](=[O:1])[O:3][H:10])([H:12])[H:13])([H:14])[H:15])[H:17],18.0,3.0
8,-0.07280476190476191,AM1BCC,AmberTools,,,C,,9,[H:16][C:7]1([C:6]([C:5]([C:4]([C:9]([C:8]1([H:18])[H:19])([H:20])[H:21])([H:11])[C:2](=[O:1])[O:3][H:10])([H:12])[H:13])([H:14])[H:15])[H:17],18.0,3.0
9,0.4430952380952381,AM1BCC,AmberTools,,,H,,10,[H:16][C:7]1([C:6]([C:5]([C:4]([C:9]([C:8]1([H:18])[H:19])([H:20])[H:21])([H:11])[C:2](=[O:1])[O:3][H:10])([H:12])[H:13])([H:14])[H:15])[H:17],18.0,3.0
10,0.07979523809523809,AM1BCC,AmberTools,,,H,,11,[H:16][C:7]1([C:6]([C:5]([C:4]([C:9]([C:8]1([H:18])[H:19])([H:20])[H:21])([H:11])[C:2](=[O:1])[O:3][H:10])([H:12])[H:13])([H:14])[H:15])[H:17],18.0,3.0
11,0.0557952380952381,AM1BCC,AmberTools,,,H,,12,[H:16][C:7]1([C:6]([C:5]([C:4]([C:9]([C:8]1([H:18])[H:19])([H:20])[H:21])([H:11])[C:2](=[O:1])[O:3][H:10])([H:12])[H:13])([H:14])[H:15])[H:17],18.0,3.0
12,0.0557952380952381,AM1BCC,AmberTools,,,H,,13,[H:16][C:7]1([C:6]([C:5]([C:4]([C:9]([C:8]1([H:18])[H:19])([H:20])[H:21])([H:11])[C:2](=[O:1])[O:3][H:10])([H:12])[H:13])([H:14])[H:15])[H:17],18.0,3.0
13,0.0445452380952381,AM1BCC,AmberTools,,,H,,14,[H:16][C:7]1([C:6]([C:5]([C:4]([C:9]([C:8]1([H:18])[H:19])([H:20])[H:21])([H:11])[C:2](=[O:1])[O:3][H:10])([H:12])[H:13])([H:14])[H:15])[H:17],18.0,3.0
14,0.0445452380952381,AM1BCC,AmberTools,,,H,,15,[H:16][C:7]1([C:6]([C:5]([C:4]([C:9]([C:8]1([H:18])[H:19])([H:20])[H:21])([H:11])[C:2](=[O:1])[O:3][H:10])([H:12])[H:13])([H:14])[H:15])[H:17],18.0,3.0
15,0.0402952380952381,AM1BCC,AmberTools,,,H,,16,[H:16][C:7]1([C:6]([C:5]([C:4]([C:9]([C:8]1([H:18])[H:19])([H:20])[H:21])([H:11])[C:2](=[O:1])[O:3][H:10])([H:12])[H:13])([H:14])[H:15])[H:17],18.0,3.0
16,0.0402952380952381,AM1BCC,AmberTools,,,H,,17,[H:16][C:7]1([C:6]([C:5]([C:4]([C:9]([C:8]1([H:18])[H:19])([H:20])[H:21])([H:11])[C:2](=[O:1])[O:3][H:10])([H:12])[H:13])([H:14])[H:15])[H:17],18.0,3.0
17,0.0445452380952381,AM1BCC,AmberTools,,,H,,18,[H:16][C:7]1([C:6]([C:5]([C:4]([C:9]([C:8]1([H:18])[H:19])([H:20])[H:21])([H:11])[C:2](=[O:1])[O:3][H:10])([H:12])[H:13])([H:14])[H:15])[H:17],18.0,3.0
18,0.0445452380952381,AM1BCC,AmberTools,,,H,,19,[H:16][C:7]1([C:6]([C:5]([C:4]([C:9]([C:8]1([H:18])[H:19])([H:20])[H:21])([H:11])[C:2](=[O:1])[O:3][H:10])([H:12])[H:13])([H:14])[H:15])[H:17],18.0,3.0
19,0.0557952380952381,AM1BCC,AmberTools,,,H,,20,[H:16][C:7]1([C:6]([C:5]([C:4]([C:9]([C:8]1([H:18])[H:19])([H:20])[H:21])([H:11])[C:2](=[O:1])[O:3][H:10])([H:12])[H:13])([H:14])[H:15])[H:17],18.0,3.0
20,0.0557952380952381,AM1BCC,AmberTools,,,H,,21,[H:16][C:7]1([C:6]([C:5]([C:4]([C:9]([C:8]1([H:18])[H:19])([H:20])[H:21])([H:11])[C:2](=[O:1])[O:3][H:10])([H:12])[H:13])([H:14])[H:15])[H:17],18.0,3.0
0,-0.5512099886933962,AM1BCC,OpenEye,,,O,,1,[H:16][C:7]1([C:6]([C:5]([C:4]([C:9]([C:8]1([H:18])[H:19])([H:20])[H:21])([H:11])[C:2](=[O:1])[O:3][H:10])([H:12])[H:13])([H:14])[H:15])[H:17],18.0,4.0
1,0.632160005470117,AM1BCC,OpenEye,,,C,,2,[H:16][C:7]1([C:6]([C:5]([C:4]([C:9]([C:8]1([H:18])[H:19])([H:20])[H:21])([H:11])[C:2](=[O:1])[O:3][H:10])([H:12])[H:13])([H:14])[H:15])[H:17],18.0,4.0
2,-0.6012799764672915,AM1BCC,OpenEye,,,O,,3,[H:16][C:7]1([C:6]([C:5]([C:4]([C:9]([C:8]1([H:18])[H:19])([H:20])[H:21])([H:11])[C:2](=[O:1])[O:3][H:10])([H:12])[H:13])([H:14])[H:15])[H:17],18.0,4.0
3,-0.10510000089804332,AM1BCC,OpenEye,,,C,,4,[H:16][C:7]1([C:6]([C:5]([C:4]([C:9]([C:8]1([H:18])[H:19])([H:20])[H:21])([H:11])[C:2](=[O:1])[O:3][H:10])([H:12])[H:13])([H:14])[H:15])[H:17],18.0,4.0
4,-0.07006000230709712,AM1BCC,OpenEye,,,C,,5,[H:16][C:7]1([C:6]([C:5]([C:4]([C:9]([C:8]1([H:18])[H:19])([H:20])[H:21])([H:11])[C:2](=[O:1])[O:3][H:10])([H:12])[H:13])([H:14])[H:15])[H:17],18.0,4.0
5,-0.07683000216881435,AM1BCC,OpenEye,,,C,,6,[H:16][C:7]1([C:6]([C:5]([C:4]([C:9]([C:8]1([H:18])[H:19])([H:20])[H:21])([H:11])[C:2](=[O:1])[O:3][H:10])([H:12])[H:13])([H:14])[H:15])[H:17],18.0,4.0
6,-0.07971000174681346,AM1BCC,OpenEye,,,C,,7,[H:16][C:7]1([C:6]([C:5]([C:4]([C:9]([C:8]1([H:18])[H:19])([H:20])[H:21])([H:11])[C:2](=[O:1])[O:3][H:10])([H:12])[H:13])([H:14])[H:15])[H:17],18.0,4.0
7,-0.07683000216881435,AM1BCC,OpenEye,,,C,,8,[H:16][C:7]1([C:6]([C:5]([C:4]([C:9]([C:8]1([H:18])[H:19])([H:20])[H:21])([H:11])[C:2](=[O:1])[O:3][H:10])([H:12])[H:13])([H:14])[H:15])[H:17],18.0,4.0
8,-0.07006000230709712,AM1BCC,OpenEye,,,C,,9,[H:16][C:7]1([C:6]([C:5]([C:4]([C:9]([C:8]1([H:18])[H:19])([H:20])[H:21])([H:11])[C:2](=[O:1])[O:3][H:10])([H:12])[H:13])([H:14])[H:15])[H:17],18.0,4.0
9,0.44210999955733615,AM1BCC,OpenEye,,,H,,10,[H:16][C:7]1([C:6]([C:5]([C:4]([C:9]([C:8]1([H:18])[H:19])([H:20])[H:21])([H:11])[C:2](=[O:1])[O:3][H:10])([H:12])[H:13])([H:14])[H:15])[H:17],18.0,4.0
10,0.07802999516328175,AM1BCC,OpenEye,,,H,,11,[H:16][C:7]1([C:6]([C:5]([C:4]([C:9]([C:8]1([H:18])[H:19])([H:20])[H:21])([H:11])[C:2](=[O:1])[O:3][H:10])([H:12])[H:13])([H:14])[H:15])[H:17],18.0,4.0
11,0.05352999766667684,AM1BCC,OpenEye,,,H,,12,[H:16][C:7]1([C:6]([C:5]([C:4]([C:9]([C:8]1([H:18])[H:19])([H:20])[H:21])([H:11])[C:2](=[O:1])[O:3][H:10])([H:12])[H:13])([H:14])[H:15])[H:17],18.0,4.0
12,0.05352999766667684,AM1BCC,OpenEye,,,H,,13,[H:16][C:7]1([C:6]([C:5]([C:4]([C:9]([C:8]1([H:18])[H:19])([H:20])[H:21])([H:11])[C:2](=[O:1])[O:3][H:10])([H:12])[H:13])([H:14])[H:15])[H:17],18.0,4.0
13,0.04590999831755956,AM1BCC,OpenEye,,,H,,14,[H:16][C:7]1([C:6]([C:5]([C:4]([C:9]([C:8]1([H:18])[H:19])([H:20])[H:21])([H:11])[C:2](=[O:1])[O:3][H:10])([H:12])[H:13])([H:14])[H:15])[H:17],18.0,4.0
14,0.04590999831755956,AM1BCC,OpenEye,,,H,,15,[H:16][C:7]1([C:6]([C:5]([C:4]([C:9]([C:8]1([H:18])[H:19])([H:20])[H:21])([H:11])[C:2](=[O:1])[O:3][H:10])([H:12])[H:13])([H:14])[H:15])[H:17],18.0,4.0
15,0.0405099963148435,AM1BCC,OpenEye,,,H,,16,[H:16][C:7]1([C:6]([C:5]([C:4]([C:9]([C:8]1([H:18])[H:19])([H:20])[H:21])([H:11])[C:2](=[O:1])[O:3][H:10])([H:12])[H:13])([H:14])[H:15])[H:17],18.0,4.0
16,0.0405099963148435,AM1BCC,OpenEye,,,H,,17,[H:16][C:7]1([C:6]([C:5]([C:4]([C:9]([C:8]1([H:18])[H:19])([H:20])[H:21])([H:11])[C:2](=[O:1])[O:3][H:10])([H:12])[H:13])([H:14])[H:15])[H:17],18.0,4.0
17,0.04590999831755956,AM1BCC,OpenEye,,,H,,18,[H:16][C:7]1([C:6]([C:5]([C:4]([C:9]([C:8]1([H:18])[H:19])([H:20])[H:21])([H:11])[C:2](=[O:1])[O:3][H:10])([H:12])[H:13])([H:14])[H:15])[H:17],18.0,4.0
18,0.04590999831755956,AM1BCC,OpenEye,,,H,,19,[H:16][C:7]1([C:6]([C:5]([C:4]([C:9]([C:8]1([H:18])[H:19])([H:20])[H:21])([H:11])[C:2](=[O:1])[O:3][H:10])([H:12])[H:13])([H:14])[H:15])[H:17],18.0,4.0
19,0.05352999766667684,AM1BCC,OpenEye,,,H,,20,[H:16][C:7]1([C:6]([C:5]([C:4]([C:9]([C:8]1([H:18])[H:19])([H:20])[H:21])([H:11])[C:2](=[O:1])[O:3][H:10])([H:12])[H:13])([H:14])[H:15])[H:17],18.0,4.0
20,0.05352999766667684,AM1BCC,OpenEye,,,H,,21,[H:16][C:7]1([C:6]([C:5]([C:4]([C:9]([C:8]1([H:18])[H:19])([H:20])[H:21])([H:11])[C:2](=[O:1])[O:3][H:10])([H:12])[H:13])([H:14])[H:15])[H:17],18.0,4.0
0,-0.5509047619047619,AM1BCC,AmberTools,,,O,,1,[H:16][C:7]1([C:6]([C:5]([C:4]([C:9]([C:8]1([H:18])[H:19])([H:20])[H:21])([H:11])[C:2](=[O:1])[O:3][H:10])([H:12])[H:13])([H:14])[H:15])[H:17],18.0,4.0
1,0.6351952380952381,AM1BCC,AmberTools,,,C,,2,[H:16][C:7]1([C:6]([C:5]([C:4]([C:9]([C:8]1([H:18])[H:19])([H:20])[H:21])([H:11])[C:2](=[O:1])[O:3][H:10])([H:12])[H:13])([H:14])[H:15])[H:17],18.0,4.0
2,-0.6120047619047618,AM1BCC,AmberTools,,,O,,3,[H:16][C:7]1([C:6]([C:5]([C:4]([C:9]([C:8]1([H:18])[H:19])([H:20])[H:21])([H:11])[C:2](=[O:1])[O:3][H:10])([H:12])[H:13])([H:14])[H:15])[H:17],18.0,4.0
3,-0.1016047619047619,AM1BCC,AmberTools,,,C,,4,[H:16][C:7]1([C:6]([C:5]([C:4]([C:9]([C:8]1([H:18])[H:19])([H:20])[H:21])([H:11])[C:2](=[O:1])[O:3][H:10])([H:12])[H:13])([H:14])[H:15])[H:17],18.0,4.0
4,-0.07280476190476191,AM1BCC,AmberTools,,,C,,5,[H:16][C:7]1([C:6]([C:5]([C:4]([C:9]([C:8]1([H:18])[H:19])([H:20])[H:21])([H:11])[C:2](=[O:1])[O:3][H:10])([H:12])[H:13])([H:14])[H:15])[H:17],18.0,4.0
5,-0.0753047619047619,AM1BCC,AmberTools,,,C,,6,[H:16][C:7]1([C:6]([C:5]([C:4]([C:9]([C:8]1([H:18])[H:19])([H:20])[H:21])([H:11])[C:2](=[O:1])[O:3][H:10])([H:12])[H:13])([H:14])[H:15])[H:17],18.0,4.0
6,-0.0793047619047619,AM1BCC,AmberTools,,,C,,7,[H:16][C:7]1([C:6]([C:5]([C:4]([C:9]([C:8]1([H:18])[H:19])([H:20])[H:21])([H:11])[C:2](=[O:1])[O:3][H:10])([H:12])[H:13])([H:14])[H:15])[H:17],18.0,4.0
7,-0.0753047619047619,AM1BCC,AmberTools,,,C,,8,[H:16][C:7]1([C:6]([C:5]([C:4]([C:9]([C:8]1([H:18])[H:19])([H:20])[H:21])([H:11])[C:2](=[O:1])[O:3][H:10])([H:12])[H:13])([H:14])[H:15])[H:17],18.0,4.0
8,-0.07280476190476191,AM1BCC,AmberTools,,,C,,9,[H:16][C:7]1([C:6]([C:5]([C:4]([C:9]([C:8]1([H:18])[H:19])([H:20])[H:21])([H:11])[C:2](=[O:1])[O:3][H:10])([H:12])[H:13])([H:14])[H:15])[H:17],18.0,4.0
9,0.4430952380952381,AM1BCC,AmberTools,,,H,,10,[H:16][C:7]1([C:6]([C:5]([C:4]([C:9]([C:8]1([H:18])[H:19])([H:20])[H:21])([H:11])[C:2](=[O:1])[O:3][H:10])([H:12])[H:13])([H:14])[H:15])[H:17],18.0,4.0
10,0.07979523809523809,AM1BCC,AmberTools,,,H,,11,[H:16][C:7]1([C:6]([C:5]([C:4]([C:9]([C:8]1([H:18])[H:19])([H:20])[H:21])([H:11])[C:2](=[O:1])[O:3][H:10])([H:12])[H:13])([H:14])[H:15])[H:17],18.0,4.0
11,0.0557952380952381,AM1BCC,AmberTools,,,H,,12,[H:16][C:7]1([C:6]([C:5]([C:4]([C:9]([C:8]1([H:18])[H:19])([H:20])[H:21])([H:11])[C:2](=[O:1])[O:3][H:10])([H:12])[H:13])([H:14])[H:15])[H:17],18.0,4.0
12,0.0557952380952381,AM1BCC,AmberTools,,,H,,13,[H:16][C:7]1([C:6]([C:5]([C:4]([C:9]([C:8]1([H:18])[H:19])([H:20])[H:21])([H:11])[C:2](=[O:1])[O:3][H:10])([H:12])[H:13])([H:14])[H:15])[H:17],18.0,4.0
13,0.0445452380952381,AM1BCC,AmberTools,,,H,,14,[H:16][C:7]1([C:6]([C:5]([C:4]([C:9]([C:8]1([H:18])[H:19])([H:20])[H:21])([H:11])[C:2](=[O:1])[O:3][H:10])([H:12])[H:13])([H:14])[H:15])[H:17],18.0,4.0
14,0.0445452380952381,AM1BCC,AmberTools,,,H,,15,[H:16][C:7]1([C:6]([C:5]([C:4]([C:9]([C:8]1([H:18])[H:19])([H:20])[H:21])([H:11])[C:2](=[O:1])[O:3][H:10])([H:12])[H:13])([H:14])[H:15])[H:17],18.0,4.0
15,0.0402952380952381,AM1BCC,AmberTools,,,H,,16,[H:16][C:7]1([C:6]([C:5]([C:4]([C:9]([C:8]1([H:18])[H:19])([H:20])[H:21])([H:11])[C:2](=[O:1])[O:3][H:10])([H:12])[H:13])([H:14])[H:15])[H:17],18.0,4.0
16,0.0402952380952381,AM1BCC,AmberTools,,,H,,17,[H:16][C:7]1([C:6]([C:5]([C:4]([C:9]([C:8]1([H:18])[H:19])([H:20])[H:21])([H:11])[C:2](=[O:1])[O:3][H:10])([H:12])[H:13])([H:14])[H:15])[H:17],18.0,4.0
17,0.0445452380952381,AM1BCC,AmberTools,,,H,,18,[H:16][C:7]1([C:6]([C:5]([C:4]([C:9]([C:8]1([H:18])[H:19])([H:20])[H:21])([H:11])[C:2](=[O:1])[O:3][H:10])([H:12])[H:13])([H:14])[H:15])[H:17],18.0,4.0
18,0.0445452380952381,AM1BCC,AmberTools,,,H,,19,[H:16][C:7]1([C:6]([C:5]([C:4]([C:9]([C:8]1([H:18])[H:19])([H:20])[H:21])([H:11])[C:2](=[O:1])[O:3][H:10])([H:12])[H:13])([H:14])[H:15])[H:17],18.0,4.0
19,0.0557952380952381,AM1BCC,AmberTools,,,H,,20,[H:16][C:7]1([C:6]([C:5]([C:4]([C:9]([C:8]1([H:18])[H:19])([H:20])[H:21])([H:11])[C:2](=[O:1])[O:3][H:10])([H:12])[H:13])([H:14])[H:15])[H:17],18.0,4.0
20,0.0557952380952381,AM1BCC,AmberTools,,,H,,21,[H:16][C:7]1([C:6]([C:5]([C:4]([C:9]([C:8]1([H:18])[H:19])([H:20])[H:21])([H:11])[C:2](=[O:1])[O:3][H:10])([H:12])[H:13])([H:14])[H:15])[H:17],18.0,4.0
0,-0.5512099886933962,AM1BCC,OpenEye,,,O,,1,[H:16][C:7]1([C:6]([C:5]([C:4]([C:9]([C:8]1([H:18])[H:19])([H:20])[H:21])([H:11])[C:2](=[O:1])[O:3][H:10])([H:12])[H:13])([H:14])[H:15])[H:17],18.0,5.0
1,0.632160005470117,AM1BCC,OpenEye,,,C,,2,[H:16][C:7]1([C:6]([C:5]([C:4]([C:9]([C:8]1([H:18])[H:19])([H:20])[H:21])([H:11])[C:2](=[O:1])[O:3][H:10])([H:12])[H:13])([H:14])[H:15])[H:17],18.0,5.0
2,-0.6012799764672915,AM1BCC,OpenEye,,,O,,3,[H:16][C:7]1([C:6]([C:5]([C:4]([C:9]([C:8]1([H:18])[H:19])([H:20])[H:21])([H:11])[C:2](=[O:1])[O:3][H:10])([H:12])[H:13])([H:14])[H:15])[H:17],18.0,5.0
3,-0.10510000089804332,AM1BCC,OpenEye,,,C,,4,[H:16][C:7]1([C:6]([C:5]([C:4]([C:9]([C:8]1([H:18])[H:19])([H:20])[H:21])([H:11])[C:2](=[O:1])[O:3][H:10])([H:12])[H:13])([H:14])[H:15])[H:17],18.0,5.0
4,-0.07006000230709712,AM1BCC,OpenEye,,,C,,5,[H:16][C:7]1([C:6]([C:5]([C:4]([C:9]([C:8]1([H:18])[H:19])([H:20])[H:21])([H:11])[C:2](=[O:1])[O:3][H:10])([H:12])[H:13])([H:14])[H:15])[H:17],18.0,5.0
5,-0.07683000216881435,AM1BCC,OpenEye,,,C,,6,[H:16][C:7]1([C:6]([C:5]([C:4]([C:9]([C:8]1([H:18])[H:19])([H:20])[H:21])([H:11])[C:2](=[O:1])[O:3][H:10])([H:12])[H:13])([H:14])[H:15])[H:17],18.0,5.0
6,-0.07971000174681346,AM1BCC,OpenEye,,,C,,7,[H:16][C:7]1([C:6]([C:5]([C:4]([C:9]([C:8]1([H:18])[H:19])([H:20])[H:21])([H:11])[C:2](=[O:1])[O:3][H:10])([H:12])[H:13])([H:14])[H:15])[H:17],18.0,5.0
7,-0.07683000216881435,AM1BCC,OpenEye,,,C,,8,[H:16][C:7]1([C:6]([C:5]([C:4]([C:9]([C:8]1([H:18])[H:19])([H:20])[H:21])([H:11])[C:2](=[O:1])[O:3][H:10])([H:12])[H:13])([H:14])[H:15])[H:17],18.0,5.0
8,-0.07006000230709712,AM1BCC,OpenEye,,,C,,9,[H:16][C:7]1([C:6]([C:5]([C:4]([C:9]([C:8]1([H:18])[H:19])([H:20])[H:21])([H:11])[C:2](=[O:1])[O:3][H:10])([H:12])[H:13])([H:14])[H:15])[H:17],18.0,5.0
9,0.44210999955733615,AM1BCC,OpenEye,,,H,,10,[H:16][C:7]1([C:6]([C:5]([C:4]([C:9]([C:8]1([H:18])[H:19])([H:20])[H:21])([H:11])[C:2](=[O:1])[O:3][H:10])([H:12])[H:13])([H:14])[H:15])[H:17],18.0,5.0
10,0.07802999516328175,AM1BCC,OpenEye,,,H,,11,[H:16][C:7]1([C:6]([C:5]([C:4]([C:9]([C:8]1([H:18])[H:19])([H:20])[H:21])([H:11])[C:2](=[O:1])[O:3][H:10])([H:12])[H:13])([H:14])[H:15])[H:17],18.0,5.0
11,0.05352999766667684,AM1BCC,OpenEye,,,H,,12,[H:16][C:7]1([C:6]([C:5]([C:4]([C:9]([C:8]1([H:18])[H:19])([H:20])[H:21])([H:11])[C:2](=[O:1])[O:3][H:10])([H:12])[H:13])([H:14])[H:15])[H:17],18.0,5.0
12,0.05352999766667684,AM1BCC,OpenEye,,,H,,13,[H:16][C:7]1([C:6]([C:5]([C:4]([C:9]([C:8]1([H:18])[H:19])([H:20])[H:21])([H:11])[C:2](=[O:1])[O:3][H:10])([H:12])[H:13])([H:14])[H:15])[H:17],18.0,5.0
13,0.04590999831755956,AM1BCC,OpenEye,,,H,,14,[H:16][C:7]1([C:6]([C:5]([C:4]([C:9]([C:8]1([H:18])[H:19])([H:20])[H:21])([H:11])[C:2](=[O:1])[O:3][H:10])([H:12])[H:13])([H:14])[H:15])[H:17],18.0,5.0
14,0.04590999831755956,AM1BCC,OpenEye,,,H,,15,[H:16][C:7]1([C:6]([C:5]([C:4]([C:9]([C:8]1([H:18])[H:19])([H:20])[H:21])([H:11])[C:2](=[O:1])[O:3][H:10])([H:12])[H:13])([H:14])[H:15])[H:17],18.0,5.0
15,0.0405099963148435,AM1BCC,OpenEye,,,H,,16,[H:16][C:7]1([C:6]([C:5]([C:4]([C:9]([C:8]1([H:18])[H:19])([H:20])[H:21])([H:11])[C:2](=[O:1])[O:3][H:10])([H:12])[H:13])([H:14])[H:15])[H:17],18.0,5.0
16,0.0405099963148435,AM1BCC,OpenEye,,,H,,17,[H:16][C:7]1([C:6]([C:5]([C:4]([C:9]([C:8]1([H:18])[H:19])([H:20])[H:21])([H:11])[C:2](=[O:1])[O:3][H:10])([H:12])[H:13])([H:14])[H:15])[H:17],18.0,5.0
17,0.04590999831755956,AM1BCC,OpenEye,,,H,,18,[H:16][C:7]1([C:6]([C:5]([C:4]([C:9]([C:8]1([H:18])[H:19])([H:20])[H:21])([H:11])[C:2](=[O:1])[O:3][H:10])([H:12])[H:13])([H:14])[H:15])[H:17],18.0,5.0
18,0.04590999831755956,AM1BCC,OpenEye,,,H,,19,[H:16][C:7]1([C:6]([C:5]([C:4]([C:9]([C:8]1([H:18])[H:19])([H:20])[H:21])([H:11])[C:2](=[O:1])[O:3][H:10])([H:12])[H:13])([H:14])[H:15])[H:17],18.0,5.0
19,0.05352999766667684,AM1BCC,OpenEye,,,H,,20,[H:16][C:7]1([C:6]([C:5]([C:4]([C:9]([C:8]1([H:18])[H:19])([H:20])[H:21])([H:11])[C:2](=[O:1])[O:3][H:10])([H:12])[H:13])([H:14])[H:15])[H:17],18.0,5.0
20,0.05352999766667684,AM1BCC,OpenEye,,,H,,21,[H:16][C:7]1([C:6]([C:5]([C:4]([C:9]([C:8]1([H:18])[H:19])([H:20])[H:21])([H:11])[C:2](=[O:1])[O:3][H:10])([H:12])[H:13])([H:14])[H:15])[H:17],18.0,5.0
0,-0.550952380952381,AM1BCC,AmberTools,,,O,,1,[H:16][C:7]1([C:6]([C:5]([C:4]([C:9]([C:8]1([H:18])[H:19])([H:20])[H:21])([H:11])[C:2](=[O:1])[O:3][H:10])([H:12])[H:13])([H:14])[H:15])[H:17],18.0,5.0
1,0.6351476190476191,AM1BCC,AmberTools,,,C,,2,[H:16][C:7]1([C:6]([C:5]([C:4]([C:9]([C:8]1([H:18])[H:19])([H:20])[H:21])([H:11])[C:2](=[O:1])[O:3][H:10])([H:12])[H:13])([H:14])[H:15])[H:17],18.0,5.0
2,-0.6120523809523809,AM1BCC,AmberTools,,,O,,3,[H:16][C:7]1([C:6]([C:5]([C:4]([C:9]([C:8]1([H:18])[H:19])([H:20])[H:21])([H:11])[C:2](=[O:1])[O:3][H:10])([H:12])[H:13])([H:14])[H:15])[H:17],18.0,5.0
3,-0.10165238095238095,AM1BCC,AmberTools,,,C,,4,[H:16][C:7]1([C:6]([C:5]([C:4]([C:9]([C:8]1([H:18])[H:19])([H:20])[H:21])([H:11])[C:2](=[O:1])[O:3][H:10])([H:12])[H:13])([H:14])[H:15])[H:17],18.0,5.0
4,-0.07285238095238096,AM1BCC,AmberTools,,,C,,5,[H:16][C:7]1([C:6]([C:5]([C:4]([C:9]([C:8]1([H:18])[H:19])([H:20])[H:21])([H:11])[C:2](=[O:1])[O:3][H:10])([H:12])[H:13])([H:14])[H:15])[H:17],18.0,5.0
5,-0.07535238095238095,AM1BCC,AmberTools,,,C,,6,[H:16][C:7]1([C:6]([C:5]([C:4]([C:9]([C:8]1([H:18])[H:19])([H:20])[H:21])([H:11])[C:2](=[O:1])[O:3][H:10])([H:12])[H:13])([H:14])[H:15])[H:17],18.0,5.0
6,-0.07935238095238095,AM1BCC,AmberTools,,,C,,7,[H:16][C:7]1([C:6]([C:5]([C:4]([C:9]([C:8]1([H:18])[H:19])([H:20])[H:21])([H:11])[C:2](=[O:1])[O:3][H:10])([H:12])[H:13])([H:14])[H:15])[H:17],18.0,5.0
7,-0.07535238095238095,AM1BCC,AmberTools,,,C,,8,[H:16][C:7]1([C:6]([C:5]([C:4]([C:9]([C:8]1([H:18])[H:19])([H:20])[H:21])([H:11])[C:2](=[O:1])[O:3][H:10])([H:12])[H:13])([H:14])[H:15])[H:17],18.0,5.0
8,-0.07285238095238096,AM1BCC,AmberTools,,,C,,9,[H:16][C:7]1([C:6]([C:5]([C:4]([C:9]([C:8]1([H:18])[H:19])([H:20])[H:21])([H:11])[C:2](=[O:1])[O:3][H:10])([H:12])[H:13])([H:14])[H:15])[H:17],18.0,5.0
9,0.4430476190476191,AM1BCC,AmberTools,,,H,,10,[H:16][C:7]1([C:6]([C:5]([C:4]([C:9]([C:8]1([H:18])[H:19])([H:20])[H:21])([H:11])[C:2](=[O:1])[O:3][H:10])([H:12])[H:13])([H:14])[H:15])[H:17],18.0,5.0
10,0.07974761904761904,AM1BCC,AmberTools,,,H,,11,[H:16][C:7]1([C:6]([C:5]([C:4]([C:9]([C:8]1([H:18])[H:19])([H:20])[H:21])([H:11])[C:2](=[O:1])[O:3][H:10])([H:12])[H:13])([H:14])[H:15])[H:17],18.0,5.0
11,0.055997619047619046,AM1BCC,AmberTools,,,H,,12,[H:16][C:7]1([C:6]([C:5]([C:4]([C:9]([C:8]1([H:18])[H:19])([H:20])[H:21])([H:11])[C:2](=[O:1])[O:3][H:10])([H:12])[H:13])([H:14])[H:15])[H:17],18.0,5.0
12,0.055997619047619046,AM1BCC,AmberTools,,,H,,13,[H:16][C:7]1([C:6]([C:5]([C:4]([C:9]([C:8]1([H:18])[H:19])([H:20])[H:21])([H:11])[C:2](=[O:1])[O:3][H:10])([H:12])[H:13])([H:14])[H:15])[H:17],18.0,5.0
13,0.04449761904761905,AM1BCC,AmberTools,,,H,,14,[H:16][C:7]1([C:6]([C:5]([C:4]([C:9]([C:8]1([H:18])[H:19])([H:20])[H:21])([H:11])[C:2](=[O:1])[O:3][H:10])([H:12])[H:13])([H:14])[H:15])[H:17],18.0,5.0
14,0.04449761904761905,AM1BCC,AmberTools,,,H,,15,[H:16][C:7]1([C:6]([C:5]([C:4]([C:9]([C:8]1([H:18])[H:19])([H:20])[H:21])([H:11])[C:2](=[O:1])[O:3][H:10])([H:12])[H:13])([H:14])[H:15])[H:17],18.0,5.0
15,0.040247619047619046,AM1BCC,AmberTools,,,H,,16,[H:16][C:7]1([C:6]([C:5]([C:4]([C:9]([C:8]1([H:18])[H:19])([H:20])[H:21])([H:11])[C:2](=[O:1])[O:3][H:10])([H:12])[H:13])([H:14])[H:15])[H:17],18.0,5.0
16,0.040247619047619046,AM1BCC,AmberTools,,,H,,17,[H:16][C:7]1([C:6]([C:5]([C:4]([C:9]([C:8]1([H:18])[H:19])([H:20])[H:21])([H:11])[C:2](=[O:1])[O:3][H:10])([H:12])[H:13])([H:14])[H:15])[H:17],18.0,5.0
17,0.04449761904761905,AM1BCC,AmberTools,,,H,,18,[H:16][C:7]1([C:6]([C:5]([C:4]([C:9]([C:8]1([H:18])[H:19])([H:20])[H:21])([H:11])[C:2](=[O:1])[O:3][H:10])([H:12])[H:13])([H:14])[H:15])[H:17],18.0,5.0
18,0.04449761904761905,AM1BCC,AmberTools,,,H,,19,[H:16][C:7]1([C:6]([C:5]([C:4]([C:9]([C:8]1([H:18])[H:19])([H:20])[H:21])([H:11])[C:2](=[O:1])[O:3][H:10])([H:12])[H:13])([H:14])[H:15])[H:17],18.0,5.0
19,0.055997619047619046,AM1BCC,AmberTools,,,H,,20,[H:16][C:7]1([C:6]([C:5]([C:4]([C:9]([C:8]1([H:18])[H:19])([H:20])[H:21])([H:11])[C:2](=[O:1])[O:3][H:10])([H:12])[H:13])([H:14])[H:15])[H:17],18.0,5.0
20,0.055997619047619046,AM1BCC,AmberTools,,,H,,21,[H:16][C:7]1([C:6]([C:5]([C:4]([C:9]([C:8]1([H:18])[H:19])([H:20])[H:21])([H:11])[C:2](=[O:1])[O:3][H:10])([H:12])[H:13])([H:14])[H:15])[H:17],18.0,5.0
0,-0.5512099886933962,AM1BCC,OpenEye,,,O,,1,[H:16][C:7]1([C:6]([C:5]([C:4]([C:9]([C:8]1([H:18])[H:19])([H:20])[H:21])([H:11])[C:2](=[O:1])[O:3][H:10])([H:12])[H:13])([H:14])[H:15])[H:17],18.0,6.0
1,0.632160005470117,AM1BCC,OpenEye,,,C,,2,[H:16][C:7]1([C:6]([C:5]([C:4]([C:9]([C:8]1([H:18])[H:19])([H:20])[H:21])([H:11])[C:2](=[O:1])[O:3][H:10])([H:12])[H:13])([H:14])[H:15])[H:17],18.0,6.0
2,-0.6012799764672915,AM1BCC,OpenEye,,,O,,3,[H:16][C:7]1([C:6]([C:5]([C:4]([C:9]([C:8]1([H:18])[H:19])([H:20])[H:21])([H:11])[C:2](=[O:1])[O:3][H:10])([H:12])[H:13])([H:14])[H:15])[H:17],18.0,6.0
3,-0.10510000089804332,AM1BCC,OpenEye,,,C,,4,[H:16][C:7]1([C:6]([C:5]([C:4]([C:9]([C:8]1([H:18])[H:19])([H:20])[H:21])([H:11])[C:2](=[O:1])[O:3][H:10])([H:12])[H:13])([H:14])[H:15])[H:17],18.0,6.0
4,-0.07006000230709712,AM1BCC,OpenEye,,,C,,5,[H:16][C:7]1([C:6]([C:5]([C:4]([C:9]([C:8]1([H:18])[H:19])([H:20])[H:21])([H:11])[C:2](=[O:1])[O:3][H:10])([H:12])[H:13])([H:14])[H:15])[H:17],18.0,6.0
5,-0.07683000216881435,AM1BCC,OpenEye,,,C,,6,[H:16][C:7]1([C:6]([C:5]([C:4]([C:9]([C:8]1([H:18])[H:19])([H:20])[H:21])([H:11])[C:2](=[O:1])[O:3][H:10])([H:12])[H:13])([H:14])[H:15])[H:17],18.0,6.0
6,-0.07971000174681346,AM1BCC,OpenEye,,,C,,7,[H:16][C:7]1([C:6]([C:5]([C:4]([C:9]([C:8]1([H:18])[H:19])([H:20])[H:21])([H:11])[C:2](=[O:1])[O:3][H:10])([H:12])[H:13])([H:14])[H:15])[H:17],18.0,6.0
7,-0.07683000216881435,AM1BCC,OpenEye,,,C,,8,[H:16][C:7]1([C:6]([C:5]([C:4]([C:9]([C:8]1([H:18])[H:19])([H:20])[H:21])([H:11])[C:2](=[O:1])[O:3][H:10])([H:12])[H:13])([H:14])[H:15])[H:17],18.0,6.0
8,-0.07006000230709712,AM1BCC,OpenEye,,,C,,9,[H:16][C:7]1([C:6]([C:5]([C:4]([C:9]([C:8]1([H:18])[H:19])([H:20])[H:21])([H:11])[C:2](=[O:1])[O:3][H:10])([H:12])[H:13])([H:14])[H:15])[H:17],18.0,6.0
9,0.44210999955733615,AM1BCC,OpenEye,,,H,,10,[H:16][C:7]1([C:6]([C:5]([C:4]([C:9]([C:8]1([H:18])[H:19])([H:20])[H:21])([H:11])[C:2](=[O:1])[O:3][H:10])([H:12])[H:13])([H:14])[H:15])[H:17],18.0,6.0
10,0.07802999516328175,AM1BCC,OpenEye,,,H,,11,[H:16][C:7]1([C:6]([C:5]([C:4]([C:9]([C:8]1([H:18])[H:19])([H:20])[H:21])([H:11])[C:2](=[O:1])[O:3][H:10])([H:12])[H:13])([H:14])[H:15])[H:17],18.0,6.0
11,0.05352999766667684,AM1BCC,OpenEye,,,H,,12,[H:16][C:7]1([C:6]([C:5]([C:4]([C:9]([C:8]1([H:18])[H:19])([H:20])[H:21])([H:11])[C:2](=[O:1])[O:3][H:10])([H:12])[H:13])([H:14])[H:15])[H:17],18.0,6.0
12,0.05352999766667684,AM1BCC,OpenEye,,,H,,13,[H:16][C:7]1([C:6]([C:5]([C:4]([C:9]([C:8]1([H:18])[H:19])([H:20])[H:21])([H:11])[C:2](=[O:1])[O:3][H:10])([H:12])[H:13])([H:14])[H:15])[H:17],18.0,6.0
13,0.04590999831755956,AM1BCC,OpenEye,,,H,,14,[H:16][C:7]1([C:6]([C:5]([C:4]([C:9]([C:8]1([H:18])[H:19])([H:20])[H:21])([H:11])[C:2](=[O:1])[O:3][H:10])([H:12])[H:13])([H:14])[H:15])[H:17],18.0,6.0
14,0.04590999831755956,AM1BCC,OpenEye,,,H,,15,[H:16][C:7]1([C:6]([C:5]([C:4]([C:9]([C:8]1([H:18])[H:19])([H:20])[H:21])([H:11])[C:2](=[O:1])[O:3][H:10])([H:12])[H:13])([H:14])[H:15])[H:17],18.0,6.0
15,0.0405099963148435,AM1BCC,OpenEye,,,H,,16,[H:16][C:7]1([C:6]([C:5]([C:4]([C:9]([C:8]1([H:18])[H:19])([H:20])[H:21])([H:11])[C:2](=[O:1])[O:3][H:10])([H:12])[H:13])([H:14])[H:15])[H:17],18.0,6.0
16,0.0405099963148435,AM1BCC,OpenEye,,,H,,17,[H:16][C:7]1([C:6]([C:5]([C:4]([C:9]([C:8]1([H:18])[H:19])([H:20])[H:21])([H:11])[C:2](=[O:1])[O:3][H:10])([H:12])[H:13])([H:14])[H:15])[H:17],18.0,6.0
17,0.04590999831755956,AM1BCC,OpenEye,,,H,,18,[H:16][C:7]1([C:6]([C:5]([C:4]([C:9]([C:8]1([H:18])[H:19])([H:20])[H:21])([H:11])[C:2](=[O:1])[O:3][H:10])([H:12])[H:13])([H:14])[H:15])[H:17],18.0,6.0
18,0.04590999831755956,AM1BCC,OpenEye,,,H,,19,[H:16][C:7]1([C:6]([C:5]([C:4]([C:9]([C:8]1([H:18])[H:19])([H:20])[H:21])([H:11])[C:2](=[O:1])[O:3][H:10])([H:12])[H:13])([H:14])[H:15])[H:17],18.0,6.0
19,0.05352999766667684,AM1BCC,OpenEye,,,H,,20,[H:16][C:7]1([C:6]([C:5]([C:4]([C:9]([C:8]1([H:18])[H:19])([H:20])[H:21])([H:11])[C:2](=[O:1])[O:3][H:10])([H:12])[H:13])([H:14])[H:15])[H:17],18.0,6.0
20,0.05352999766667684,AM1BCC,OpenEye,,,H,,21,[H:16][C:7]1([C:6]([C:5]([C:4]([C:9]([C:8]1([H:18])[H:19])([H:20])[H:21])([H:11])[C:2](=[O:1])[O:3][H:10])([H:12])[H:13])([H:14])[H:15])[H:17],18.0,6.0
0,-0.550952380952381,AM1BCC,AmberTools,,,O,,1,[H:16][C:7]1([C:6]([C:5]([C:4]([C:9]([C:8]1([H:18])[H:19])([H:20])[H:21])([H:11])[C:2](=[O:1])[O:3][H:10])([H:12])[H:13])([H:14])[H:15])[H:17],18.0,6.0
1,0.6351476190476191,AM1BCC,AmberTools,,,C,,2,[H:16][C:7]1([C:6]([C:5]([C:4]([C:9]([C:8]1([H:18])[H:19])([H:20])[H:21])([H:11])[C:2](=[O:1])[O:3][H:10])([H:12])[H:13])([H:14])[H:15])[H:17],18.0,6.0
2,-0.6120523809523809,AM1BCC,AmberTools,,,O,,3,[H:16][C:7]1([C:6]([C:5]([C:4]([C:9]([C:8]1([H:18])[H:19])([H:20])[H:21])([H:11])[C:2](=[O:1])[O:3][H:10])([H:12])[H:13])([H:14])[H:15])[H:17],18.0,6.0
3,-0.10165238095238095,AM1BCC,AmberTools,,,C,,4,[H:16][C:7]1([C:6]([C:5]([C:4]([C:9]([C:8]1([H:18])[H:19])([H:20])[H:21])([H:11])[C:2](=[O:1])[O:3][H:10])([H:12])[H:13])([H:14])[H:15])[H:17],18.0,6.0
4,-0.07285238095238096,AM1BCC,AmberTools,,,C,,5,[H:16][C:7]1([C:6]([C:5]([C:4]([C:9]([C:8]1([H:18])[H:19])([H:20])[H:21])([H:11])[C:2](=[O:1])[O:3][H:10])([H:12])[H:13])([H:14])[H:15])[H:17],18.0,6.0
5,-0.07535238095238095,AM1BCC,AmberTools,,,C,,6,[H:16][C:7]1([C:6]([C:5]([C:4]([C:9]([C:8]1([H:18])[H:19])([H:20])[H:21])([H:11])[C:2](=[O:1])[O:3][H:10])([H:12])[H:13])([H:14])[H:15])[H:17],18.0,6.0
6,-0.07935238095238095,AM1BCC,AmberTools,,,C,,7,[H:16][C:7]1([C:6]([C:5]([C:4]([C:9]([C:8]1([H:18])[H:19])([H:20])[H:21])([H:11])[C:2](=[O:1])[O:3][H:10])([H:12])[H:13])([H:14])[H:15])[H:17],18.0,6.0
7,-0.07535238095238095,AM1BCC,AmberTools,,,C,,8,[H:16][C:7]1([C:6]([C:5]([C:4]([C:9]([C:8]1([H:18])[H:19])([H:20])[H:21])([H:11])[C:2](=[O:1])[O:3][H:10])([H:12])[H:13])([H:14])[H:15])[H:17],18.0,6.0
8,-0.07285238095238096,AM1BCC,AmberTools,,,C,,9,[H:16][C:7]1([C:6]([C:5]([C:4]([C:9]([C:8]1([H:18])[H:19])([H:20])[H:21])([H:11])[C:2](=[O:1])[O:3][H:10])([H:12])[H:13])([H:14])[H:15])[H:17],18.0,6.0
9,0.4430476190476191,AM1BCC,AmberTools,,,H,,10,[H:16][C:7]1([C:6]([C:5]([C:4]([C:9]([C:8]1([H:18])[H:19])([H:20])[H:21])([H:11])[C:2](=[O:1])[O:3][H:10])([H:12])[H:13])([H:14])[H:15])[H:17],18.0,6.0
10,0.07974761904761904,AM1BCC,AmberTools,,,H,,11,[H:16][C:7]1([C:6]([C:5]([C:4]([C:9]([C:8]1([H:18])[H:19])([H:20])[H:21])([H:11])[C:2](=[O:1])[O:3][H:10])([H:12])[H:13])([H:14])[H:15])[H:17],18.0,6.0
11,0.055997619047619046,AM1BCC,AmberTools,,,H,,12,[H:16][C:7]1([C:6]([C:5]([C:4]([C:9]([C:8]1([H:18])[H:19])([H:20])[H:21])([H:11])[C:2](=[O:1])[O:3][H:10])([H:12])[H:13])([H:14])[H:15])[H:17],18.0,6.0
12,0.055997619047619046,AM1BCC,AmberTools,,,H,,13,[H:16][C:7]1([C:6]([C:5]([C:4]([C:9]([C:8]1([H:18])[H:19])([H:20])[H:21])([H:11])[C:2](=[O:1])[O:3][H:10])([H:12])[H:13])([H:14])[H:15])[H:17],18.0,6.0
13,0.04449761904761905,AM1BCC,AmberTools,,,H,,14,[H:16][C:7]1([C:6]([C:5]([C:4]([C:9]([C:8]1([H:18])[H:19])([H:20])[H:21])([H:11])[C:2](=[O:1])[O:3][H:10])([H:12])[H:13])([H:14])[H:15])[H:17],18.0,6.0
14,0.04449761904761905,AM1BCC,AmberTools,,,H,,15,[H:16][C:7]1([C:6]([C:5]([C:4]([C:9]([C:8]1([H:18])[H:19])([H:20])[H:21])([H:11])[C:2](=[O:1])[O:3][H:10])([H:12])[H:13])([H:14])[H:15])[H:17],18.0,6.0
15,0.040247619047619046,AM1BCC,AmberTools,,,H,,16,[H:16][C:7]1([C:6]([C:5]([C:4]([C:9]([C:8]1([H:18])[H:19])([H:20])[H:21])([H:11])[C:2](=[O:1])[O:3][H:10])([H:12])[H:13])([H:14])[H:15])[H:17],18.0,6.0
16,0.040247619047619046,AM1BCC,AmberTools,,,H,,17,[H:16][C:7]1([C:6]([C:5]([C:4]([C:9]([C:8]1([H:18])[H:19])([H:20])[H:21])([H:11])[C:2](=[O:1])[O:3][H:10])([H:12])[H:13])([H:14])[H:15])[H:17],18.0,6.0
17,0.04449761904761905,AM1BCC,AmberTools,,,H,,18,[H:16][C:7]1([C:6]([C:5]([C:4]([C:9]([C:8]1([H:18])[H:19])([H:20])[H:21])([H:11])[C:2](=[O:1])[O:3][H:10])([H:12])[H:13])([H:14])[H:15])[H:17],18.0,6.0
18,0.04449761904761905,AM1BCC,AmberTools,,,H,,19,[H:16][C:7]1([C:6]([C:5]([C:4]([C:9]([C:8]1([H:18])[H:19])([H:20])[H:21])([H:11])[C:2](=[O:1])[O:3][H:10])([H:12])[H:13])([H:14])[H:15])[H:17],18.0,6.0
19,0.055997619047619046,AM1BCC,AmberTools,,,H,,20,[H:16][C:7]1([C:6]([C:5]([C:4]([C:9]([C:8]1([H:18])[H:19])([H:20])[H:21])([H:11])[C:2](=[O:1])[O:3][H:10])([H:12])[H:13])([H:14])[H:15])[H:17],18.0,6.0
20,0.055997619047619046,AM1BCC,AmberTools,,,H,,21,[H:16][C:7]1([C:6]([C:5]([C:4]([C:9]([C:8]1([H:18])[H:19])([H:20])[H:21])([H:11])[C:2](=[O:1])[O:3][H:10])([H:12])[H:13])([H:14])[H:15])[H:17],18.0,6.0
0,-0.5512099886933962,AM1BCC,OpenEye,,,O,,1,[H:16][C:7]1([C:6]([C:5]([C:4]([C:9]([C:8]1([H:18])[H:19])([H:20])[H:21])([H:11])[C:2](=[O:1])[O:3][H:10])([H:12])[H:13])([H:14])[H:15])[H:17],18.0,7.0
1,0.632160005470117,AM1BCC,OpenEye,,,C,,2,[H:16][C:7]1([C:6]([C:5]([C:4]([C:9]([C:8]1([H:18])[H:19])([H:20])[H:21])([H:11])[C:2](=[O:1])[O:3][H:10])([H:12])[H:13])([H:14])[H:15])[H:17],18.0,7.0
2,-0.6012799764672915,AM1BCC,OpenEye,,,O,,3,[H:16][C:7]1([C:6]([C:5]([C:4]([C:9]([C:8]1([H:18])[H:19])([H:20])[H:21])([H:11])[C:2](=[O:1])[O:3][H:10])([H:12])[H:13])([H:14])[H:15])[H:17],18.0,7.0
3,-0.10510000089804332,AM1BCC,OpenEye,,,C,,4,[H:16][C:7]1([C:6]([C:5]([C:4]([C:9]([C:8]1([H:18])[H:19])([H:20])[H:21])([H:11])[C:2](=[O:1])[O:3][H:10])([H:12])[H:13])([H:14])[H:15])[H:17],18.0,7.0
4,-0.07006000230709712,AM1BCC,OpenEye,,,C,,5,[H:16][C:7]1([C:6]([C:5]([C:4]([C:9]([C:8]1([H:18])[H:19])([H:20])[H:21])([H:11])[C:2](=[O:1])[O:3][H:10])([H:12])[H:13])([H:14])[H:15])[H:17],18.0,7.0
5,-0.07683000216881435,AM1BCC,OpenEye,,,C,,6,[H:16][C:7]1([C:6]([C:5]([C:4]([C:9]([C:8]1([H:18])[H:19])([H:20])[H:21])([H:11])[C:2](=[O:1])[O:3][H:10])([H:12])[H:13])([H:14])[H:15])[H:17],18.0,7.0
6,-0.07971000174681346,AM1BCC,OpenEye,,,C,,7,[H:16][C:7]1([C:6]([C:5]([C:4]([C:9]([C:8]1([H:18])[H:19])([H:20])[H:21])([H:11])[C:2](=[O:1])[O:3][H:10])([H:12])[H:13])([H:14])[H:15])[H:17],18.0,7.0
7,-0.07683000216881435,AM1BCC,OpenEye,,,C,,8,[H:16][C:7]1([C:6]([C:5]([C:4]([C:9]([C:8]1([H:18])[H:19])([H:20])[H:21])([H:11])[C:2](=[O:1])[O:3][H:10])([H:12])[H:13])([H:14])[H:15])[H:17],18.0,7.0
8,-0.07006000230709712,AM1BCC,OpenEye,,,C,,9,[H:16][C:7]1([C:6]([C:5]([C:4]([C:9]([C:8]1([H:18])[H:19])([H:20])[H:21])([H:11])[C:2](=[O:1])[O:3][H:10])([H:12])[H:13])([H:14])[H:15])[H:17],18.0,7.0
9,0.44210999955733615,AM1BCC,OpenEye,,,H,,10,[H:16][C:7]1([C:6]([C:5]([C:4]([C:9]([C:8]1([H:18])[H:19])([H:20])[H:21])([H:11])[C:2](=[O:1])[O:3][H:10])([H:12])[H:13])([H:14])[H:15])[H:17],18.0,7.0
10,0.07802999516328175,AM1BCC,OpenEye,,,H,,11,[H:16][C:7]1([C:6]([C:5]([C:4]([C:9]([C:8]1([H:18])[H:19])([H:20])[H:21])([H:11])[C:2](=[O:1])[O:3][H:10])([H:12])[H:13])([H:14])[H:15])[H:17],18.0,7.0
11,0.05352999766667684,AM1BCC,OpenEye,,,H,,12,[H:16][C:7]1([C:6]([C:5]([C:4]([C:9]([C:8]1([H:18])[H:19])([H:20])[H:21])([H:11])[C:2](=[O:1])[O:3][H:10])([H:12])[H:13])([H:14])[H:15])[H:17],18.0,7.0
12,0.05352999766667684,AM1BCC,OpenEye,,,H,,13,[H:16][C:7]1([C:6]([C:5]([C:4]([C:9]([C:8]1([H:18])[H:19])([H:20])[H:21])([H:11])[C:2](=[O:1])[O:3][H:10])([H:12])[H:13])([H:14])[H:15])[H:17],18.0,7.0
13,0.04590999831755956,AM1BCC,OpenEye,,,H,,14,[H:16][C:7]1([C:6]([C:5]([C:4]([C:9]([C:8]1([H:18])[H:19])([H:20])[H:21])([H:11])[C:2](=[O:1])[O:3][H:10])([H:12])[H:13])([H:14])[H:15])[H:17],18.0,7.0
14,0.04590999831755956,AM1BCC,OpenEye,,,H,,15,[H:16][C:7]1([C:6]([C:5]([C:4]([C:9]([C:8]1([H:18])[H:19])([H:20])[H:21])([H:11])[C:2](=[O:1])[O:3][H:10])([H:12])[H:13])([H:14])[H:15])[H:17],18.0,7.0
15,0.0405099963148435,AM1BCC,OpenEye,,,H,,16,[H:16][C:7]1([C:6]([C:5]([C:4]([C:9]([C:8]1([H:18])[H:19])([H:20])[H:21])([H:11])[C:2](=[O:1])[O:3][H:10])([H:12])[H:13])([H:14])[H:15])[H:17],18.0,7.0
16,0.0405099963148435,AM1BCC,OpenEye,,,H,,17,[H:16][C:7]1([C:6]([C:5]([C:4]([C:9]([C:8]1([H:18])[H:19])([H:20])[H:21])([H:11])[C:2](=[O:1])[O:3][H:10])([H:12])[H:13])([H:14])[H:15])[H:17],18.0,7.0
17,0.04590999831755956,AM1BCC,OpenEye,,,H,,18,[H:16][C:7]1([C:6]([C:5]([C:4]([C:9]([C:8]1([H:18])[H:19])([H:20])[H:21])([H:11])[C:2](=[O:1])[O:3][H:10])([H:12])[H:13])([H:14])[H:15])[H:17],18.0,7.0
18,0.04590999831755956,AM1BCC,OpenEye,,,H,,19,[H:16][C:7]1([C:6]([C:5]([C:4]([C:9]([C:8]1([H:18])[H:19])([H:20])[H:21])([H:11])[C:2](=[O:1])[O:3][H:10])([H:12])[H:13])([H:14])[H:15])[H:17],18.0,7.0
19,0.05352999766667684,AM1BCC,OpenEye,,,H,,20,[H:16][C:7]1([C:6]([C:5]([C:4]([C:9]([C:8]1([H:18])[H:19])([H:20])[H:21])([H:11])[C:2](=[O:1])[O:3][H:10])([H:12])[H:13])([H:14])[H:15])[H:17],18.0,7.0
20,0.05352999766667684,AM1BCC,OpenEye,,,H,,21,[H:16][C:7]1([C:6]([C:5]([C:4]([C:9]([C:8]1([H:18])[H:19])([H:20])[H:21])([H:11])[C:2](=[O:1])[O:3][H:10])([H:12])[H:13])([H:14])[H:15])[H:17],18.0,7.0
0,-0.5509047619047619,AM1BCC,AmberTools,,,O,,1,[H:16][C:7]1([C:6]([C:5]([C:4]([C:9]([C:8]1([H:18])[H:19])([H:20])[H:21])([H:11])[C:2](=[O:1])[O:3][H:10])([H:12])[H:13])([H:14])[H:15])[H:17],18.0,7.0
1,0.6351952380952381,AM1BCC,AmberTools,,,C,,2,[H:16][C:7]1([C:6]([C:5]([C:4]([C:9]([C:8]1([H:18])[H:19])([H:20])[H:21])([H:11])[C:2](=[O:1])[O:3][H:10])([H:12])[H:13])([H:14])[H:15])[H:17],18.0,7.0
2,-0.6120047619047618,AM1BCC,AmberTools,,,O,,3,[H:16][C:7]1([C:6]([C:5]([C:4]([C:9]([C:8]1([H:18])[H:19])([H:20])[H:21])([H:11])[C:2](=[O:1])[O:3][H:10])([H:12])[H:13])([H:14])[H:15])[H:17],18.0,7.0
3,-0.1016047619047619,AM1BCC,AmberTools,,,C,,4,[H:16][C:7]1([C:6]([C:5]([C:4]([C:9]([C:8]1([H:18])[H:19])([H:20])[H:21])([H:11])[C:2](=[O:1])[O:3][H:10])([H:12])[H:13])([H:14])[H:15])[H:17],18.0,7.0
4,-0.07280476190476191,AM1BCC,AmberTools,,,C,,5,[H:16][C:7]1([C:6]([C:5]([C:4]([C:9]([C:8]1([H:18])[H:19])([H:20])[H:21])([H:11])[C:2](=[O:1])[O:3][H:10])([H:12])[H:13])([H:14])[H:15])[H:17],18.0,7.0
5,-0.0753047619047619,AM1BCC,AmberTools,,,C,,6,[H:16][C:7]1([C:6]([C:5]([C:4]([C:9]([C:8]1([H:18])[H:19])([H:20])[H:21])([H:11])[C:2](=[O:1])[O:3][H:10])([H:12])[H:13])([H:14])[H:15])[H:17],18.0,7.0
6,-0.0793047619047619,AM1BCC,AmberTools,,,C,,7,[H:16][C:7]1([C:6]([C:5]([C:4]([C:9]([C:8]1([H:18])[H:19])([H:20])[H:21])([H:11])[C:2](=[O:1])[O:3][H:10])([H:12])[H:13])([H:14])[H:15])[H:17],18.0,7.0
7,-0.0753047619047619,AM1BCC,AmberTools,,,C,,8,[H:16][C:7]1([C:6]([C:5]([C:4]([C:9]([C:8]1([H:18])[H:19])([H:20])[H:21])([H:11])[C:2](=[O:1])[O:3][H:10])([H:12])[H:13])([H:14])[H:15])[H:17],18.0,7.0
8,-0.07280476190476191,AM1BCC,AmberTools,,,C,,9,[H:16][C:7]1([C:6]([C:5]([C:4]([C:9]([C:8]1([H:18])[H:19])([H:20])[H:21])([H:11])[C:2](=[O:1])[O:3][H:10])([H:12])[H:13])([H:14])[H:15])[H:17],18.0,7.0
9,0.4430952380952381,AM1BCC,AmberTools,,,H,,10,[H:16][C:7]1([C:6]([C:5]([C:4]([C:9]([C:8]1([H:18])[H:19])([H:20])[H:21])([H:11])[C:2](=[O:1])[O:3][H:10])([H:12])[H:13])([H:14])[H:15])[H:17],18.0,7.0
10,0.07979523809523809,AM1BCC,AmberTools,,,H,,11,[H:16][C:7]1([C:6]([C:5]([C:4]([C:9]([C:8]1([H:18])[H:19])([H:20])[H:21])([H:11])[C:2](=[O:1])[O:3][H:10])([H:12])[H:13])([H:14])[H:15])[H:17],18.0,7.0
11,0.0557952380952381,AM1BCC,AmberTools,,,H,,12,[H:16][C:7]1([C:6]([C:5]([C:4]([C:9]([C:8]1([H:18])[H:19])([H:20])[H:21])([H:11])[C:2](=[O:1])[O:3][H:10])([H:12])[H:13])([H:14])[H:15])[H:17],18.0,7.0
12,0.0557952380952381,AM1BCC,AmberTools,,,H,,13,[H:16][C:7]1([C:6]([C:5]([C:4]([C:9]([C:8]1([H:18])[H:19])([H:20])[H:21])([H:11])[C:2](=[O:1])[O:3][H:10])([H:12])[H:13])([H:14])[H:15])[H:17],18.0,7.0
13,0.0445452380952381,AM1BCC,AmberTools,,,H,,14,[H:16][C:7]1([C:6]([C:5]([C:4]([C:9]([C:8]1([H:18])[H:19])([H:20])[H:21])([H:11])[C:2](=[O:1])[O:3][H:10])([H:12])[H:13])([H:14])[H:15])[H:17],18.0,7.0
14,0.0445452380952381,AM1BCC,AmberTools,,,H,,15,[H:16][C:7]1([C:6]([C:5]([C:4]([C:9]([C:8]1([H:18])[H:19])([H:20])[H:21])([H:11])[C:2](=[O:1])[O:3][H:10])([H:12])[H:13])([H:14])[H:15])[H:17],18.0,7.0
15,0.0402952380952381,AM1BCC,AmberTools,,,H,,16,[H:16][C:7]1([C:6]([C:5]([C:4]([C:9]([C:8]1([H:18])[H:19])([H:20])[H:21])([H:11])[C:2](=[O:1])[O:3][H:10])([H:12])[H:13])([H:14])[H:15])[H:17],18.0,7.0
16,0.0402952380952381,AM1BCC,AmberTools,,,H,,17,[H:16][C:7]1([C:6]([C:5]([C:4]([C:9]([C:8]1([H:18])[H:19])([H:20])[H:21])([H:11])[C:2](=[O:1])[O:3][H:10])([H:12])[H:13])([H:14])[H:15])[H:17],18.0,7.0
17,0.0445452380952381,AM1BCC,AmberTools,,,H,,18,[H:16][C:7]1([C:6]([C:5]([C:4]([C:9]([C:8]1([H:18])[H:19])([H:20])[H:21])([H:11])[C:2](=[O:1])[O:3][H:10])([H:12])[H:13])([H:14])[H:15])[H:17],18.0,7.0
18,0.0445452380952381,AM1BCC,AmberTools,,,H,,19,[H:16][C:7]1([C:6]([C:5]([C:4]([C:9]([C:8]1([H:18])[H:19])([H:20])[H:21])([H:11])[C:2](=[O:1])[O:3][H:10])([H:12])[H:13])([H:14])[H:15])[H:17],18.0,7.0
19,0.0557952380952381,AM1BCC,AmberTools,,,H,,20,[H:16][C:7]1([C:6]([C:5]([C:4]([C:9]([C:8]1([H:18])[H:19])([H:20])[H:21])([H:11])[C:2](=[O:1])[O:3][H:10])([H:12])[H:13])([H:14])[H:15])[H:17],18.0,7.0
20,0.0557952380952381,AM1BCC,AmberTools,,,H,,21,[H:16][C:7]1([C:6]([C:5]([C:4]([C:9]([C:8]1([H:18])[H:19])([H:20])[H:21])([H:11])[C:2](=[O:1])[O:3][H:10])([H:12])[H:13])([H:14])[H:15])[H:17],18.0,7.0
0,-0.5512099886933962,AM1BCC,OpenEye,,,O,,1,[H:16][C:7]1([C:6]([C:5]([C:4]([C:9]([C:8]1([H:18])[H:19])([H:20])[H:21])([H:11])[C:2](=[O:1])[O:3][H:10])([H:12])[H:13])([H:14])[H:15])[H:17],18.0,8.0
1,0.632160005470117,AM1BCC,OpenEye,,,C,,2,[H:16][C:7]1([C:6]([C:5]([C:4]([C:9]([C:8]1([H:18])[H:19])([H:20])[H:21])([H:11])[C:2](=[O:1])[O:3][H:10])([H:12])[H:13])([H:14])[H:15])[H:17],18.0,8.0
2,-0.6012799764672915,AM1BCC,OpenEye,,,O,,3,[H:16][C:7]1([C:6]([C:5]([C:4]([C:9]([C:8]1([H:18])[H:19])([H:20])[H:21])([H:11])[C:2](=[O:1])[O:3][H:10])([H:12])[H:13])([H:14])[H:15])[H:17],18.0,8.0
3,-0.10510000089804332,AM1BCC,OpenEye,,,C,,4,[H:16][C:7]1([C:6]([C:5]([C:4]([C:9]([C:8]1([H:18])[H:19])([H:20])[H:21])([H:11])[C:2](=[O:1])[O:3][H:10])([H:12])[H:13])([H:14])[H:15])[H:17],18.0,8.0
4,-0.07006000230709712,AM1BCC,OpenEye,,,C,,5,[H:16][C:7]1([C:6]([C:5]([C:4]([C:9]([C:8]1([H:18])[H:19])([H:20])[H:21])([H:11])[C:2](=[O:1])[O:3][H:10])([H:12])[H:13])([H:14])[H:15])[H:17],18.0,8.0
5,-0.07683000216881435,AM1BCC,OpenEye,,,C,,6,[H:16][C:7]1([C:6]([C:5]([C:4]([C:9]([C:8]1([H:18])[H:19])([H:20])[H:21])([H:11])[C:2](=[O:1])[O:3][H:10])([H:12])[H:13])([H:14])[H:15])[H:17],18.0,8.0
6,-0.07971000174681346,AM1BCC,OpenEye,,,C,,7,[H:16][C:7]1([C:6]([C:5]([C:4]([C:9]([C:8]1([H:18])[H:19])([H:20])[H:21])([H:11])[C:2](=[O:1])[O:3][H:10])([H:12])[H:13])([H:14])[H:15])[H:17],18.0,8.0
7,-0.07683000216881435,AM1BCC,OpenEye,,,C,,8,[H:16][C:7]1([C:6]([C:5]([C:4]([C:9]([C:8]1([H:18])[H:19])([H:20])[H:21])([H:11])[C:2](=[O:1])[O:3][H:10])([H:12])[H:13])([H:14])[H:15])[H:17],18.0,8.0
8,-0.07006000230709712,AM1BCC,OpenEye,,,C,,9,[H:16][C:7]1([C:6]([C:5]([C:4]([C:9]([C:8]1([H:18])[H:19])([H:20])[H:21])([H:11])[C:2](=[O:1])[O:3][H:10])([H:12])[H:13])([H:14])[H:15])[H:17],18.0,8.0
9,0.44210999955733615,AM1BCC,OpenEye,,,H,,10,[H:16][C:7]1([C:6]([C:5]([C:4]([C:9]([C:8]1([H:18])[H:19])([H:20])[H:21])([H:11])[C:2](=[O:1])[O:3][H:10])([H:12])[H:13])([H:14])[H:15])[H:17],18.0,8.0
10,0.07802999516328175,AM1BCC,OpenEye,,,H,,11,[H:16][C:7]1([C:6]([C:5]([C:4]([C:9]([C:8]1([H:18])[H:19])([H:20])[H:21])([H:11])[C:2](=[O:1])[O:3][H:10])([H:12])[H:13])([H:14])[H:15])[H:17],18.0,8.0
11,0.05352999766667684,AM1BCC,OpenEye,,,H,,12,[H:16][C:7]1([C:6]([C:5]([C:4]([C:9]([C:8]1([H:18])[H:19])([H:20])[H:21])([H:11])[C:2](=[O:1])[O:3][H:10])([H:12])[H:13])([H:14])[H:15])[H:17],18.0,8.0
12,0.05352999766667684,AM1BCC,OpenEye,,,H,,13,[H:16][C:7]1([C:6]([C:5]([C:4]([C:9]([C:8]1([H:18])[H:19])([H:20])[H:21])([H:11])[C:2](=[O:1])[O:3][H:10])([H:12])[H:13])([H:14])[H:15])[H:17],18.0,8.0
13,0.04590999831755956,AM1BCC,OpenEye,,,H,,14,[H:16][C:7]1([C:6]([C:5]([C:4]([C:9]([C:8]1([H:18])[H:19])([H:20])[H:21])([H:11])[C:2](=[O:1])[O:3][H:10])([H:12])[H:13])([H:14])[H:15])[H:17],18.0,8.0
14,0.04590999831755956,AM1BCC,OpenEye,,,H,,15,[H:16][C:7]1([C:6]([C:5]([C:4]([C:9]([C:8]1([H:18])[H:19])([H:20])[H:21])([H:11])[C:2](=[O:1])[O:3][H:10])([H:12])[H:13])([H:14])[H:15])[H:17],18.0,8.0
15,0.0405099963148435,AM1BCC,OpenEye,,,H,,16,[H:16][C:7]1([C:6]([C:5]([C:4]([C:9]([C:8]1([H:18])[H:19])([H:20])[H:21])([H:11])[C:2](=[O:1])[O:3][H:10])([H:12])[H:13])([H:14])[H:15])[H:17],18.0,8.0
16,0.0405099963148435,AM1BCC,OpenEye,,,H,,17,[H:16][C:7]1([C:6]([C:5]([C:4]([C:9]([C:8]1([H:18])[H:19])([H:20])[H:21])([H:11])[C:2](=[O:1])[O:3][H:10])([H:12])[H:13])([H:14])[H:15])[H:17],18.0,8.0
17,0.04590999831755956,AM1BCC,OpenEye,,,H,,18,[H:16][C:7]1([C:6]([C:5]([C:4]([C:9]([C:8]1([H:18])[H:19])([H:20])[H:21])([H:11])[C:2](=[O:1])[O:3][H:10])([H:12])[H:13])([H:14])[H:15])[H:17],18.0,8.0
18,0.04590999831755956,AM1BCC,OpenEye,,,H,,19,[H:16][C:7]1([C:6]([C:5]([C:4]([C:9]([C:8]1([H:18])[H:19])([H:20])[H:21])([H:11])[C:2](=[O:1])[O:3][H:10])([H:12])[H:13])([H:14])[H:15])[H:17],18.0,8.0
19,0.05352999766667684,AM1BCC,OpenEye,,,H,,20,[H:16][C:7]1([C:6]([C:5]([C:4]([C:9]([C:8]1([H:18])[H:19])([H:20])[H:21])([H:11])[C:2](=[O:1])[O:3][H:10])([H:12])[H:13])([H:14])[H:15])[H:17],18.0,8.0
20,0.05352999766667684,AM1BCC,OpenEye,,,H,,21,[H:16][C:7]1([C:6]([C:5]([C:4]([C:9]([C:8]1([H:18])[H:19])([H:20])[H:21])([H:11])[C:2](=[O:1])[O:3][H:10])([H:12])[H:13])([H:14])[H:15])[H:17],18.0,8.0
0,-0.5509047619047619,AM1BCC,AmberTools,,,O,,1,[H:16][C:7]1([C:6]([C:5]([C:4]([C:9]([C:8]1([H:18])[H:19])([H:20])[H:21])([H:11])[C:2](=[O:1])[O:3][H:10])([H:12])[H:13])([H:14])[H:15])[H:17],18.0,8.0
1,0.6351952380952381,AM1BCC,AmberTools,,,C,,2,[H:16][C:7]1([C:6]([C:5]([C:4]([C:9]([C:8]1([H:18])[H:19])([H:20])[H:21])([H:11])[C:2](=[O:1])[O:3][H:10])([H:12])[H:13])([H:14])[H:15])[H:17],18.0,8.0
2,-0.6120047619047618,AM1BCC,AmberTools,,,O,,3,[H:16][C:7]1([C:6]([C:5]([C:4]([C:9]([C:8]1([H:18])[H:19])([H:20])[H:21])([H:11])[C:2](=[O:1])[O:3][H:10])([H:12])[H:13])([H:14])[H:15])[H:17],18.0,8.0
3,-0.1016047619047619,AM1BCC,AmberTools,,,C,,4,[H:16][C:7]1([C:6]([C:5]([C:4]([C:9]([C:8]1([H:18])[H:19])([H:20])[H:21])([H:11])[C:2](=[O:1])[O:3][H:10])([H:12])[H:13])([H:14])[H:15])[H:17],18.0,8.0
4,-0.07280476190476191,AM1BCC,AmberTools,,,C,,5,[H:16][C:7]1([C:6]([C:5]([C:4]([C:9]([C:8]1([H:18])[H:19])([H:20])[H:21])([H:11])[C:2](=[O:1])[O:3][H:10])([H:12])[H:13])([H:14])[H:15])[H:17],18.0,8.0
5,-0.0753047619047619,AM1BCC,AmberTools,,,C,,6,[H:16][C:7]1([C:6]([C:5]([C:4]([C:9]([C:8]1([H:18])[H:19])([H:20])[H:21])([H:11])[C:2](=[O:1])[O:3][H:10])([H:12])[H:13])([H:14])[H:15])[H:17],18.0,8.0
6,-0.0793047619047619,AM1BCC,AmberTools,,,C,,7,[H:16][C:7]1([C:6]([C:5]([C:4]([C:9]([C:8]1([H:18])[H:19])([H:20])[H:21])([H:11])[C:2](=[O:1])[O:3][H:10])([H:12])[H:13])([H:14])[H:15])[H:17],18.0,8.0
7,-0.0753047619047619,AM1BCC,AmberTools,,,C,,8,[H:16][C:7]1([C:6]([C:5]([C:4]([C:9]([C:8]1([H:18])[H:19])([H:20])[H:21])([H:11])[C:2](=[O:1])[O:3][H:10])([H:12])[H:13])([H:14])[H:15])[H:17],18.0,8.0
8,-0.07280476190476191,AM1BCC,AmberTools,,,C,,9,[H:16][C:7]1([C:6]([C:5]([C:4]([C:9]([C:8]1([H:18])[H:19])([H:20])[H:21])([H:11])[C:2](=[O:1])[O:3][H:10])([H:12])[H:13])([H:14])[H:15])[H:17],18.0,8.0
9,0.4430952380952381,AM1BCC,AmberTools,,,H,,10,[H:16][C:7]1([C:6]([C:5]([C:4]([C:9]([C:8]1([H:18])[H:19])([H:20])[H:21])([H:11])[C:2](=[O:1])[O:3][H:10])([H:12])[H:13])([H:14])[H:15])[H:17],18.0,8.0
10,0.07979523809523809,AM1BCC,AmberTools,,,H,,11,[H:16][C:7]1([C:6]([C:5]([C:4]([C:9]([C:8]1([H:18])[H:19])([H:20])[H:21])([H:11])[C:2](=[O:1])[O:3][H:10])([H:12])[H:13])([H:14])[H:15])[H:17],18.0,8.0
11,0.0557952380952381,AM1BCC,AmberTools,,,H,,12,[H:16][C:7]1([C:6]([C:5]([C:4]([C:9]([C:8]1([H:18])[H:19])([H:20])[H:21])([H:11])[C:2](=[O:1])[O:3][H:10])([H:12])[H:13])([H:14])[H:15])[H:17],18.0,8.0
12,0.0557952380952381,AM1BCC,AmberTools,,,H,,13,[H:16][C:7]1([C:6]([C:5]([C:4]([C:9]([C:8]1([H:18])[H:19])([H:20])[H:21])([H:11])[C:2](=[O:1])[O:3][H:10])([H:12])[H:13])([H:14])[H:15])[H:17],18.0,8.0
13,0.0445452380952381,AM1BCC,AmberTools,,,H,,14,[H:16][C:7]1([C:6]([C:5]([C:4]([C:9]([C:8]1([H:18])[H:19])([H:20])[H:21])([H:11])[C:2](=[O:1])[O:3][H:10])([H:12])[H:13])([H:14])[H:15])[H:17],18.0,8.0
14,0.0445452380952381,AM1BCC,AmberTools,,,H,,15,[H:16][C:7]1([C:6]([C:5]([C:4]([C:9]([C:8]1([H:18])[H:19])([H:20])[H:21])([H:11])[C:2](=[O:1])[O:3][H:10])([H:12])[H:13])([H:14])[H:15])[H:17],18.0,8.0
15,0.0402952380952381,AM1BCC,AmberTools,,,H,,16,[H:16][C:7]1([C:6]([C:5]([C:4]([C:9]([C:8]1([H:18])[H:19])([H:20])[H:21])([H:11])[C:2](=[O:1])[O:3][H:10])([H:12])[H:13])([H:14])[H:15])[H:17],18.0,8.0
16,0.0402952380952381,AM1BCC,AmberTools,,,H,,17,[H:16][C:7]1([C:6]([C:5]([C:4]([C:9]([C:8]1([H:18])[H:19])([H:20])[H:21])([H:11])[C:2](=[O:1])[O:3][H:10])([H:12])[H:13])([H:14])[H:15])[H:17],18.0,8.0
17,0.0445452380952381,AM1BCC,AmberTools,,,H,,18,[H:16][C:7]1([C:6]([C:5]([C:4]([C:9]([C:8]1([H:18])[H:19])([H:20])[H:21])([H:11])[C:2](=[O:1])[O:3][H:10])([H:12])[H:13])([H:14])[H:15])[H:17],18.0,8.0
18,0.0445452380952381,AM1BCC,AmberTools,,,H,,19,[H:16][C:7]1([C:6]([C:5]([C:4]([C:9]([C:8]1([H:18])[H:19])([H:20])[H:21])([H:11])[C:2](=[O:1])[O:3][H:10])([H:12])[H:13])([H:14])[H:15])[H:17],18.0,8.0
19,0.0557952380952381,AM1BCC,AmberTools,,,H,,20,[H:16][C:7]1([C:6]([C:5]([C:4]([C:9]([C:8]1([H:18])[H:19])([H:20])[H:21])([H:11])[C:2](=[O:1])[O:3][H:10])([H:12])[H:13])([H:14])[H:15])[H:17],18.0,8.0
20,0.0557952380952381,AM1BCC,AmberTools,,,H,,21,[H:16][C:7]1([C:6]([C:5]([C:4]([C:9]([C:8]1([H:18])[H:19])([H:20])[H:21])([H:11])[C:2](=[O:1])[O:3][H:10])([H:12])[H:13])([H:14])[H:15])[H:17],18.0,8.0
0,-0.5512099886933962,AM1BCC,OpenEye,,,O,,1,[H:16][C:7]1([C:6]([C:5]([C:4]([C:9]([C:8]1([H:18])[H:19])([H:20])[H:21])([H:11])[C:2](=[O:1])[O:3][H:10])([H:12])[H:13])([H:14])[H:15])[H:17],18.0,9.0
1,0.632160005470117,AM1BCC,OpenEye,,,C,,2,[H:16][C:7]1([C:6]([C:5]([C:4]([C:9]([C:8]1([H:18])[H:19])([H:20])[H:21])([H:11])[C:2](=[O:1])[O:3][H:10])([H:12])[H:13])([H:14])[H:15])[H:17],18.0,9.0
2,-0.6012799764672915,AM1BCC,OpenEye,,,O,,3,[H:16][C:7]1([C:6]([C:5]([C:4]([C:9]([C:8]1([H:18])[H:19])([H:20])[H:21])([H:11])[C:2](=[O:1])[O:3][H:10])([H:12])[H:13])([H:14])[H:15])[H:17],18.0,9.0
3,-0.10510000089804332,AM1BCC,OpenEye,,,C,,4,[H:16][C:7]1([C:6]([C:5]([C:4]([C:9]([C:8]1([H:18])[H:19])([H:20])[H:21])([H:11])[C:2](=[O:1])[O:3][H:10])([H:12])[H:13])([H:14])[H:15])[H:17],18.0,9.0
4,-0.07006000230709712,AM1BCC,OpenEye,,,C,,5,[H:16][C:7]1([C:6]([C:5]([C:4]([C:9]([C:8]1([H:18])[H:19])([H:20])[H:21])([H:11])[C:2](=[O:1])[O:3][H:10])([H:12])[H:13])([H:14])[H:15])[H:17],18.0,9.0
5,-0.07683000216881435,AM1BCC,OpenEye,,,C,,6,[H:16][C:7]1([C:6]([C:5]([C:4]([C:9]([C:8]1([H:18])[H:19])([H:20])[H:21])([H:11])[C:2](=[O:1])[O:3][H:10])([H:12])[H:13])([H:14])[H:15])[H:17],18.0,9.0
6,-0.07971000174681346,AM1BCC,OpenEye,,,C,,7,[H:16][C:7]1([C:6]([C:5]([C:4]([C:9]([C:8]1([H:18])[H:19])([H:20])[H:21])([H:11])[C:2](=[O:1])[O:3][H:10])([H:12])[H:13])([H:14])[H:15])[H:17],18.0,9.0
7,-0.07683000216881435,AM1BCC,OpenEye,,,C,,8,[H:16][C:7]1([C:6]([C:5]([C:4]([C:9]([C:8]1([H:18])[H:19])([H:20])[H:21])([H:11])[C:2](=[O:1])[O:3][H:10])([H:12])[H:13])([H:14])[H:15])[H:17],18.0,9.0
8,-0.07006000230709712,AM1BCC,OpenEye,,,C,,9,[H:16][C:7]1([C:6]([C:5]([C:4]([C:9]([C:8]1([H:18])[H:19])([H:20])[H:21])([H:11])[C:2](=[O:1])[O:3][H:10])([H:12])[H:13])([H:14])[H:15])[H:17],18.0,9.0
9,0.44210999955733615,AM1BCC,OpenEye,,,H,,10,[H:16][C:7]1([C:6]([C:5]([C:4]([C:9]([C:8]1([H:18])[H:19])([H:20])[H:21])([H:11])[C:2](=[O:1])[O:3][H:10])([H:12])[H:13])([H:14])[H:15])[H:17],18.0,9.0
10,0.07802999516328175,AM1BCC,OpenEye,,,H,,11,[H:16][C:7]1([C:6]([C:5]([C:4]([C:9]([C:8]1([H:18])[H:19])([H:20])[H:21])([H:11])[C:2](=[O:1])[O:3][H:10])([H:12])[H:13])([H:14])[H:15])[H:17],18.0,9.0
11,0.05352999766667684,AM1BCC,OpenEye,,,H,,12,[H:16][C:7]1([C:6]([C:5]([C:4]([C:9]([C:8]1([H:18])[H:19])([H:20])[H:21])([H:11])[C:2](=[O:1])[O:3][H:10])([H:12])[H:13])([H:14])[H:15])[H:17],18.0,9.0
12,0.05352999766667684,AM1BCC,OpenEye,,,H,,13,[H:16][C:7]1([C:6]([C:5]([C:4]([C:9]([C:8]1([H:18])[H:19])([H:20])[H:21])([H:11])[C:2](=[O:1])[O:3][H:10])([H:12])[H:13])([H:14])[H:15])[H:17],18.0,9.0
13,0.04590999831755956,AM1BCC,OpenEye,,,H,,14,[H:16][C:7]1([C:6]([C:5]([C:4]([C:9]([C:8]1([H:18])[H:19])([H:20])[H:21])([H:11])[C:2](=[O:1])[O:3][H:10])([H:12])[H:13])([H:14])[H:15])[H:17],18.0,9.0
14,0.04590999831755956,AM1BCC,OpenEye,,,H,,15,[H:16][C:7]1([C:6]([C:5]([C:4]([C:9]([C:8]1([H:18])[H:19])([H:20])[H:21])([H:11])[C:2](=[O:1])[O:3][H:10])([H:12])[H:13])([H:14])[H:15])[H:17],18.0,9.0
15,0.0405099963148435,AM1BCC,OpenEye,,,H,,16,[H:16][C:7]1([C:6]([C:5]([C:4]([C:9]([C:8]1([H:18])[H:19])([H:20])[H:21])([H:11])[C:2](=[O:1])[O:3][H:10])([H:12])[H:13])([H:14])[H:15])[H:17],18.0,9.0
16,0.0405099963148435,AM1BCC,OpenEye,,,H,,17,[H:16][C:7]1([C:6]([C:5]([C:4]([C:9]([C:8]1([H:18])[H:19])([H:20])[H:21])([H:11])[C:2](=[O:1])[O:3][H:10])([H:12])[H:13])([H:14])[H:15])[H:17],18.0,9.0
17,0.04590999831755956,AM1BCC,OpenEye,,,H,,18,[H:16][C:7]1([C:6]([C:5]([C:4]([C:9]([C:8]1([H:18])[H:19])([H:20])[H:21])([H:11])[C:2](=[O:1])[O:3][H:10])([H:12])[H:13])([H:14])[H:15])[H:17],18.0,9.0
18,0.04590999831755956,AM1BCC,OpenEye,,,H,,19,[H:16][C:7]1([C:6]([C:5]([C:4]([C:9]([C:8]1([H:18])[H:19])([H:20])[H:21])([H:11])[C:2](=[O:1])[O:3][H:10])([H:12])[H:13])([H:14])[H:15])[H:17],18.0,9.0
19,0.05352999766667684,AM1BCC,OpenEye,,,H,,20,[H:16][C:7]1([C:6]([C:5]([C:4]([C:9]([C:8]1([H:18])[H:19])([H:20])[H:21])([H:11])[C:2](=[O:1])[O:3][H:10])([H:12])[H:13])([H:14])[H:15])[H:17],18.0,9.0
20,0.05352999766667684,AM1BCC,OpenEye,,,H,,21,[H:16][C:7]1([C:6]([C:5]([C:4]([C:9]([C:8]1([H:18])[H:19])([H:20])[H:21])([H:11])[C:2](=[O:1])[O:3][H:10])([H:12])[H:13])([H:14])[H:15])[H:17],18.0,9.0
0,-0.550952380952381,AM1BCC,AmberTools,,,O,,1,[H:16][C:7]1([C:6]([C:5]([C:4]([C:9]([C:8]1([H:18])[H:19])([H:20])[H:21])([H:11])[C:2](=[O:1])[O:3][H:10])([H:12])[H:13])([H:14])[H:15])[H:17],18.0,9.0
1,0.6351476190476191,AM1BCC,AmberTools,,,C,,2,[H:16][C:7]1([C:6]([C:5]([C:4]([C:9]([C:8]1([H:18])[H:19])([H:20])[H:21])([H:11])[C:2](=[O:1])[O:3][H:10])([H:12])[H:13])([H:14])[H:15])[H:17],18.0,9.0
2,-0.6120523809523809,AM1BCC,AmberTools,,,O,,3,[H:16][C:7]1([C:6]([C:5]([C:4]([C:9]([C:8]1([H:18])[H:19])([H:20])[H:21])([H:11])[C:2](=[O:1])[O:3][H:10])([H:12])[H:13])([H:14])[H:15])[H:17],18.0,9.0
3,-0.10165238095238095,AM1BCC,AmberTools,,,C,,4,[H:16][C:7]1([C:6]([C:5]([C:4]([C:9]([C:8]1([H:18])[H:19])([H:20])[H:21])([H:11])[C:2](=[O:1])[O:3][H:10])([H:12])[H:13])([H:14])[H:15])[H:17],18.0,9.0
4,-0.07285238095238096,AM1BCC,AmberTools,,,C,,5,[H:16][C:7]1([C:6]([C:5]([C:4]([C:9]([C:8]1([H:18])[H:19])([H:20])[H:21])([H:11])[C:2](=[O:1])[O:3][H:10])([H:12])[H:13])([H:14])[H:15])[H:17],18.0,9.0
5,-0.07535238095238095,AM1BCC,AmberTools,,,C,,6,[H:16][C:7]1([C:6]([C:5]([C:4]([C:9]([C:8]1([H:18])[H:19])([H:20])[H:21])([H:11])[C:2](=[O:1])[O:3][H:10])([H:12])[H:13])([H:14])[H:15])[H:17],18.0,9.0
6,-0.07935238095238095,AM1BCC,AmberTools,,,C,,7,[H:16][C:7]1([C:6]([C:5]([C:4]([C:9]([C:8]1([H:18])[H:19])([H:20])[H:21])([H:11])[C:2](=[O:1])[O:3][H:10])([H:12])[H:13])([H:14])[H:15])[H:17],18.0,9.0
7,-0.07535238095238095,AM1BCC,AmberTools,,,C,,8,[H:16][C:7]1([C:6]([C:5]([C:4]([C:9]([C:8]1([H:18])[H:19])([H:20])[H:21])([H:11])[C:2](=[O:1])[O:3][H:10])([H:12])[H:13])([H:14])[H:15])[H:17],18.0,9.0
8,-0.07285238095238096,AM1BCC,AmberTools,,,C,,9,[H:16][C:7]1([C:6]([C:5]([C:4]([C:9]([C:8]1([H:18])[H:19])([H:20])[H:21])([H:11])[C:2](=[O:1])[O:3][H:10])([H:12])[H:13])([H:14])[H:15])[H:17],18.0,9.0
9,0.4430476190476191,AM1BCC,AmberTools,,,H,,10,[H:16][C:7]1([C:6]([C:5]([C:4]([C:9]([C:8]1([H:18])[H:19])([H:20])[H:21])([H:11])[C:2](=[O:1])[O:3][H:10])([H:12])[H:13])([H:14])[H:15])[H:17],18.0,9.0
10,0.07974761904761904,AM1BCC,AmberTools,,,H,,11,[H:16][C:7]1([C:6]([C:5]([C:4]([C:9]([C:8]1([H:18])[H:19])([H:20])[H:21])([H:11])[C:2](=[O:1])[O:3][H:10])([H:12])[H:13])([H:14])[H:15])[H:17],18.0,9.0
11,0.055997619047619046,AM1BCC,AmberTools,,,H,,12,[H:16][C:7]1([C:6]([C:5]([C:4]([C:9]([C:8]1([H:18])[H:19])([H:20])[H:21])([H:11])[C:2](=[O:1])[O:3][H:10])([H:12])[H:13])([H:14])[H:15])[H:17],18.0,9.0
12,0.055997619047619046,AM1BCC,AmberTools,,,H,,13,[H:16][C:7]1([C:6]([C:5]([C:4]([C:9]([C:8]1([H:18])[H:19])([H:20])[H:21])([H:11])[C:2](=[O:1])[O:3][H:10])([H:12])[H:13])([H:14])[H:15])[H:17],18.0,9.0
13,0.04449761904761905,AM1BCC,AmberTools,,,H,,14,[H:16][C:7]1([C:6]([C:5]([C:4]([C:9]([C:8]1([H:18])[H:19])([H:20])[H:21])([H:11])[C:2](=[O:1])[O:3][H:10])([H:12])[H:13])([H:14])[H:15])[H:17],18.0,9.0
14,0.04449761904761905,AM1BCC,AmberTools,,,H,,15,[H:16][C:7]1([C:6]([C:5]([C:4]([C:9]([C:8]1([H:18])[H:19])([H:20])[H:21])([H:11])[C:2](=[O:1])[O:3][H:10])([H:12])[H:13])([H:14])[H:15])[H:17],18.0,9.0
15,0.040247619047619046,AM1BCC,AmberTools,,,H,,16,[H:16][C:7]1([C:6]([C:5]([C:4]([C:9]([C:8]1([H:18])[H:19])([H:20])[H:21])([H:11])[C:2](=[O:1])[O:3][H:10])([H:12])[H:13])([H:14])[H:15])[H:17],18.0,9.0
16,0.040247619047619046,AM1BCC,AmberTools,,,H,,17,[H:16][C:7]1([C:6]([C:5]([C:4]([C:9]([C:8]1([H:18])[H:19])([H:20])[H:21])([H:11])[C:2](=[O:1])[O:3][H:10])([H:12])[H:13])([H:14])[H:15])[H:17],18.0,9.0
17,0.04449761904761905,AM1BCC,AmberTools,,,H,,18,[H:16][C:7]1([C:6]([C:5]([C:4]([C:9]([C:8]1([H:18])[H:19])([H:20])[H:21])([H:11])[C:2](=[O:1])[O:3][H:10])([H:12])[H:13])([H:14])[H:15])[H:17],18.0,9.0
18,0.04449761904761905,AM1BCC,AmberTools,,,H,,19,[H:16][C:7]1([C:6]([C:5]([C:4]([C:9]([C:8]1([H:18])[H:19])([H:20])[H:21])([H:11])[C:2](=[O:1])[O:3][H:10])([H:12])[H:13])([H:14])[H:15])[H:17],18.0,9.0
19,0.055997619047619046,AM1BCC,AmberTools,,,H,,20,[H:16][C:7]1([C:6]([C:5]([C:4]([C:9]([C:8]1([H:18])[H:19])([H:20])[H:21])([H:11])[C:2](=[O:1])[O:3][H:10])([H:12])[H:13])([H:14])[H:15])[H:17],18.0,9.0
20,0.055997619047619046,AM1BCC,AmberTools,,,H,,21,[H:16][C:7]1([C:6]([C:5]([C:4]([C:9]([C:8]1([H:18])[H:19])([H:20])[H:21])([H:11])[C:2](=[O:1])[O:3][H:10])([H:12])[H:13])([H:14])[H:15])[H:17],18.0,9.0
0,-0.5512099886933962,AM1BCC,OpenEye,,,O,,1,[H:16][C:7]1([C:6]([C:5]([C:4]([C:9]([C:8]1([H:18])[H:19])([H:20])[H:21])([H:11])[C:2](=[O:1])[O:3][H:10])([H:12])[H:13])([H:14])[H:15])[H:17],18.0,10.0
1,0.632160005470117,AM1BCC,OpenEye,,,C,,2,[H:16][C:7]1([C:6]([C:5]([C:4]([C:9]([C:8]1([H:18])[H:19])([H:20])[H:21])([H:11])[C:2](=[O:1])[O:3][H:10])([H:12])[H:13])([H:14])[H:15])[H:17],18.0,10.0
2,-0.6012799764672915,AM1BCC,OpenEye,,,O,,3,[H:16][C:7]1([C:6]([C:5]([C:4]([C:9]([C:8]1([H:18])[H:19])([H:20])[H:21])([H:11])[C:2](=[O:1])[O:3][H:10])([H:12])[H:13])([H:14])[H:15])[H:17],18.0,10.0
3,-0.10510000089804332,AM1BCC,OpenEye,,,C,,4,[H:16][C:7]1([C:6]([C:5]([C:4]([C:9]([C:8]1([H:18])[H:19])([H:20])[H:21])([H:11])[C:2](=[O:1])[O:3][H:10])([H:12])[H:13])([H:14])[H:15])[H:17],18.0,10.0
4,-0.07006000230709712,AM1BCC,OpenEye,,,C,,5,[H:16][C:7]1([C:6]([C:5]([C:4]([C:9]([C:8]1([H:18])[H:19])([H:20])[H:21])([H:11])[C:2](=[O:1])[O:3][H:10])([H:12])[H:13])([H:14])[H:15])[H:17],18.0,10.0
5,-0.07683000216881435,AM1BCC,OpenEye,,,C,,6,[H:16][C:7]1([C:6]([C:5]([C:4]([C:9]([C:8]1([H:18])[H:19])([H:20])[H:21])([H:11])[C:2](=[O:1])[O:3][H:10])([H:12])[H:13])([H:14])[H:15])[H:17],18.0,10.0
6,-0.07971000174681346,AM1BCC,OpenEye,,,C,,7,[H:16][C:7]1([C:6]([C:5]([C:4]([C:9]([C:8]1([H:18])[H:19])([H:20])[H:21])([H:11])[C:2](=[O:1])[O:3][H:10])([H:12])[H:13])([H:14])[H:15])[H:17],18.0,10.0
7,-0.07683000216881435,AM1BCC,OpenEye,,,C,,8,[H:16][C:7]1([C:6]([C:5]([C:4]([C:9]([C:8]1([H:18])[H:19])([H:20])[H:21])([H:11])[C:2](=[O:1])[O:3][H:10])([H:12])[H:13])([H:14])[H:15])[H:17],18.0,10.0
8,-0.07006000230709712,AM1BCC,OpenEye,,,C,,9,[H:16][C:7]1([C:6]([C:5]([C:4]([C:9]([C:8]1([H:18])[H:19])([H:20])[H:21])([H:11])[C:2](=[O:1])[O:3][H:10])([H:12])[H:13])([H:14])[H:15])[H:17],18.0,10.0
9,0.44210999955733615,AM1BCC,OpenEye,,,H,,10,[H:16][C:7]1([C:6]([C:5]([C:4]([C:9]([C:8]1([H:18])[H:19])([H:20])[H:21])([H:11])[C:2](=[O:1])[O:3][H:10])([H:12])[H:13])([H:14])[H:15])[H:17],18.0,10.0
10,0.07802999516328175,AM1BCC,OpenEye,,,H,,11,[H:16][C:7]1([C:6]([C:5]([C:4]([C:9]([C:8]1([H:18])[H:19])([H:20])[H:21])([H:11])[C:2](=[O:1])[O:3][H:10])([H:12])[H:13])([H:14])[H:15])[H:17],18.0,10.0
11,0.05352999766667684,AM1BCC,OpenEye,,,H,,12,[H:16][C:7]1([C:6]([C:5]([C:4]([C:9]([C:8]1([H:18])[H:19])([H:20])[H:21])([H:11])[C:2](=[O:1])[O:3][H:10])([H:12])[H:13])([H:14])[H:15])[H:17],18.0,10.0
12,0.05352999766667684,AM1BCC,OpenEye,,,H,,13,[H:16][C:7]1([C:6]([C:5]([C:4]([C:9]([C:8]1([H:18])[H:19])([H:20])[H:21])([H:11])[C:2](=[O:1])[O:3][H:10])([H:12])[H:13])([H:14])[H:15])[H:17],18.0,10.0
13,0.04590999831755956,AM1BCC,OpenEye,,,H,,14,[H:16][C:7]1([C:6]([C:5]([C:4]([C:9]([C:8]1([H:18])[H:19])([H:20])[H:21])([H:11])[C:2](=[O:1])[O:3][H:10])([H:12])[H:13])([H:14])[H:15])[H:17],18.0,10.0
14,0.04590999831755956,AM1BCC,OpenEye,,,H,,15,[H:16][C:7]1([C:6]([C:5]([C:4]([C:9]([C:8]1([H:18])[H:19])([H:20])[H:21])([H:11])[C:2](=[O:1])[O:3][H:10])([H:12])[H:13])([H:14])[H:15])[H:17],18.0,10.0
15,0.0405099963148435,AM1BCC,OpenEye,,,H,,16,[H:16][C:7]1([C:6]([C:5]([C:4]([C:9]([C:8]1([H:18])[H:19])([H:20])[H:21])([H:11])[C:2](=[O:1])[O:3][H:10])([H:12])[H:13])([H:14])[H:15])[H:17],18.0,10.0
16,0.0405099963148435,AM1BCC,OpenEye,,,H,,17,[H:16][C:7]1([C:6]([C:5]([C:4]([C:9]([C:8]1([H:18])[H:19])([H:20])[H:21])([H:11])[C:2](=[O:1])[O:3][H:10])([H:12])[H:13])([H:14])[H:15])[H:17],18.0,10.0
17,0.04590999831755956,AM1BCC,OpenEye,,,H,,18,[H:16][C:7]1([C:6]([C:5]([C:4]([C:9]([C:8]1([H:18])[H:19])([H:20])[H:21])([H:11])[C:2](=[O:1])[O:3][H:10])([H:12])[H:13])([H:14])[H:15])[H:17],18.0,10.0
18,0.04590999831755956,AM1BCC,OpenEye,,,H,,19,[H:16][C:7]1([C:6]([C:5]([C:4]([C:9]([C:8]1([H:18])[H:19])([H:20])[H:21])([H:11])[C:2](=[O:1])[O:3][H:10])([H:12])[H:13])([H:14])[H:15])[H:17],18.0,10.0
19,0.05352999766667684,AM1BCC,OpenEye,,,H,,20,[H:16][C:7]1([C:6]([C:5]([C:4]([C:9]([C:8]1([H:18])[H:19])([H:20])[H:21])([H:11])[C:2](=[O:1])[O:3][H:10])([H:12])[H:13])([H:14])[H:15])[H:17],18.0,10.0
20,0.05352999766667684,AM1BCC,OpenEye,,,H,,21,[H:16][C:7]1([C:6]([C:5]([C:4]([C:9]([C:8]1([H:18])[H:19])([H:20])[H:21])([H:11])[C:2](=[O:1])[O:3][H:10])([H:12])[H:13])([H:14])[H:15])[H:17],18.0,10.0
0,-0.5509047619047619,AM1BCC,AmberTools,,,O,,1,[H:16][C:7]1([C:6]([C:5]([C:4]([C:9]([C:8]1([H:18])[H:19])([H:20])[H:21])([H:11])[C:2](=[O:1])[O:3][H:10])([H:12])[H:13])([H:14])[H:15])[H:17],18.0,10.0
1,0.6351952380952381,AM1BCC,AmberTools,,,C,,2,[H:16][C:7]1([C:6]([C:5]([C:4]([C:9]([C:8]1([H:18])[H:19])([H:20])[H:21])([H:11])[C:2](=[O:1])[O:3][H:10])([H:12])[H:13])([H:14])[H:15])[H:17],18.0,10.0
2,-0.6120047619047618,AM1BCC,AmberTools,,,O,,3,[H:16][C:7]1([C:6]([C:5]([C:4]([C:9]([C:8]1([H:18])[H:19])([H:20])[H:21])([H:11])[C:2](=[O:1])[O:3][H:10])([H:12])[H:13])([H:14])[H:15])[H:17],18.0,10.0
3,-0.1016047619047619,AM1BCC,AmberTools,,,C,,4,[H:16][C:7]1([C:6]([C:5]([C:4]([C:9]([C:8]1([H:18])[H:19])([H:20])[H:21])([H:11])[C:2](=[O:1])[O:3][H:10])([H:12])[H:13])([H:14])[H:15])[H:17],18.0,10.0
4,-0.07280476190476191,AM1BCC,AmberTools,,,C,,5,[H:16][C:7]1([C:6]([C:5]([C:4]([C:9]([C:8]1([H:18])[H:19])([H:20])[H:21])([H:11])[C:2](=[O:1])[O:3][H:10])([H:12])[H:13])([H:14])[H:15])[H:17],18.0,10.0
5,-0.0753047619047619,AM1BCC,AmberTools,,,C,,6,[H:16][C:7]1([C:6]([C:5]([C:4]([C:9]([C:8]1([H:18])[H:19])([H:20])[H:21])([H:11])[C:2](=[O:1])[O:3][H:10])([H:12])[H:13])([H:14])[H:15])[H:17],18.0,10.0
6,-0.0793047619047619,AM1BCC,AmberTools,,,C,,7,[H:16][C:7]1([C:6]([C:5]([C:4]([C:9]([C:8]1([H:18])[H:19])([H:20])[H:21])([H:11])[C:2](=[O:1])[O:3][H:10])([H:12])[H:13])([H:14])[H:15])[H:17],18.0,10.0
7,-0.0753047619047619,AM1BCC,AmberTools,,,C,,8,[H:16][C:7]1([C:6]([C:5]([C:4]([C:9]([C:8]1([H:18])[H:19])([H:20])[H:21])([H:11])[C:2](=[O:1])[O:3][H:10])([H:12])[H:13])([H:14])[H:15])[H:17],18.0,10.0
8,-0.07280476190476191,AM1BCC,AmberTools,,,C,,9,[H:16][C:7]1([C:6]([C:5]([C:4]([C:9]([C:8]1([H:18])[H:19])([H:20])[H:21])([H:11])[C:2](=[O:1])[O:3][H:10])([H:12])[H:13])([H:14])[H:15])[H:17],18.0,10.0
9,0.4430952380952381,AM1BCC,AmberTools,,,H,,10,[H:16][C:7]1([C:6]([C:5]([C:4]([C:9]([C:8]1([H:18])[H:19])([H:20])[H:21])([H:11])[C:2](=[O:1])[O:3][H:10])([H:12])[H:13])([H:14])[H:15])[H:17],18.0,10.0
10,0.07979523809523809,AM1BCC,AmberTools,,,H,,11,[H:16][C:7]1([C:6]([C:5]([C:4]([C:9]([C:8]1([H:18])[H:19])([H:20])[H:21])([H:11])[C:2](=[O:1])[O:3][H:10])([H:12])[H:13])([H:14])[H:15])[H:17],18.0,10.0
11,0.0557952380952381,AM1BCC,AmberTools,,,H,,12,[H:16][C:7]1([C:6]([C:5]([C:4]([C:9]([C:8]1([H:18])[H:19])([H:20])[H:21])([H:11])[C:2](=[O:1])[O:3][H:10])([H:12])[H:13])([H:14])[H:15])[H:17],18.0,10.0
12,0.0557952380952381,AM1BCC,AmberTools,,,H,,13,[H:16][C:7]1([C:6]([C:5]([C:4]([C:9]([C:8]1([H:18])[H:19])([H:20])[H:21])([H:11])[C:2](=[O:1])[O:3][H:10])([H:12])[H:13])([H:14])[H:15])[H:17],18.0,10.0
13,0.0445452380952381,AM1BCC,AmberTools,,,H,,14,[H:16][C:7]1([C:6]([C:5]([C:4]([C:9]([C:8]1([H:18])[H:19])([H:20])[H:21])([H:11])[C:2](=[O:1])[O:3][H:10])([H:12])[H:13])([H:14])[H:15])[H:17],18.0,10.0
14,0.0445452380952381,AM1BCC,AmberTools,,,H,,15,[H:16][C:7]1([C:6]([C:5]([C:4]([C:9]([C:8]1([H:18])[H:19])([H:20])[H:21])([H:11])[C:2](=[O:1])[O:3][H:10])([H:12])[H:13])([H:14])[H:15])[H:17],18.0,10.0
15,0.0402952380952381,AM1BCC,AmberTools,,,H,,16,[H:16][C:7]1([C:6]([C:5]([C:4]([C:9]([C:8]1([H:18])[H:19])([H:20])[H:21])([H:11])[C:2](=[O:1])[O:3][H:10])([H:12])[H:13])([H:14])[H:15])[H:17],18.0,10.0
16,0.0402952380952381,AM1BCC,AmberTools,,,H,,17,[H:16][C:7]1([C:6]([C:5]([C:4]([C:9]([C:8]1([H:18])[H:19])([H:20])[H:21])([H:11])[C:2](=[O:1])[O:3][H:10])([H:12])[H:13])([H:14])[H:15])[H:17],18.0,10.0
17,0.0445452380952381,AM1BCC,AmberTools,,,H,,18,[H:16][C:7]1([C:6]([C:5]([C:4]([C:9]([C:8]1([H:18])[H:19])([H:20])[H:21])([H:11])[C:2](=[O:1])[O:3][H:10])([H:12])[H:13])([H:14])[H:15])[H:17],18.0,10.0
18,0.0445452380952381,AM1BCC,AmberTools,,,H,,19,[H:16][C:7]1([C:6]([C:5]([C:4]([C:9]([C:8]1([H:18])[H:19])([H:20])[H:21])([H:11])[C:2](=[O:1])[O:3][H:10])([H:12])[H:13])([H:14])[H:15])[H:17],18.0,10.0
19,0.0557952380952381,AM1BCC,AmberTools,,,H,,20,[H:16][C:7]1([C:6]([C:5]([C:4]([C:9]([C:8]1([H:18])[H:19])([H:20])[H:21])([H:11])[C:2](=[O:1])[O:3][H:10])([H:12])[H:13])([H:14])[H:15])[H:17],18.0,10.0
20,0.0557952380952381,AM1BCC,AmberTools,,,H,,21,[H:16][C:7]1([C:6]([C:5]([C:4]([C:9]([C:8]1([H:18])[H:19])([H:20])[H:21])([H:11])[C:2](=[O:1])[O:3][H:10])([H:12])[H:13])([H:14])[H:15])[H:17],18.0,10.0
0,-0.5512099886933962,AM1BCC,OpenEye,,,O,,1,[H:16][C:7]1([C:6]([C:5]([C:4]([C:9]([C:8]1([H:18])[H:19])([H:20])[H:21])([H:11])[C:2](=[O:1])[O:3][H:10])([H:12])[H:13])([H:14])[H:15])[H:17],18.0,11.0
1,0.632160005470117,AM1BCC,OpenEye,,,C,,2,[H:16][C:7]1([C:6]([C:5]([C:4]([C:9]([C:8]1([H:18])[H:19])([H:20])[H:21])([H:11])[C:2](=[O:1])[O:3][H:10])([H:12])[H:13])([H:14])[H:15])[H:17],18.0,11.0
2,-0.6012799764672915,AM1BCC,OpenEye,,,O,,3,[H:16][C:7]1([C:6]([C:5]([C:4]([C:9]([C:8]1([H:18])[H:19])([H:20])[H:21])([H:11])[C:2](=[O:1])[O:3][H:10])([H:12])[H:13])([H:14])[H:15])[H:17],18.0,11.0
3,-0.10510000089804332,AM1BCC,OpenEye,,,C,,4,[H:16][C:7]1([C:6]([C:5]([C:4]([C:9]([C:8]1([H:18])[H:19])([H:20])[H:21])([H:11])[C:2](=[O:1])[O:3][H:10])([H:12])[H:13])([H:14])[H:15])[H:17],18.0,11.0
4,-0.07006000230709712,AM1BCC,OpenEye,,,C,,5,[H:16][C:7]1([C:6]([C:5]([C:4]([C:9]([C:8]1([H:18])[H:19])([H:20])[H:21])([H:11])[C:2](=[O:1])[O:3][H:10])([H:12])[H:13])([H:14])[H:15])[H:17],18.0,11.0
5,-0.07683000216881435,AM1BCC,OpenEye,,,C,,6,[H:16][C:7]1([C:6]([C:5]([C:4]([C:9]([C:8]1([H:18])[H:19])([H:20])[H:21])([H:11])[C:2](=[O:1])[O:3][H:10])([H:12])[H:13])([H:14])[H:15])[H:17],18.0,11.0
6,-0.07971000174681346,AM1BCC,OpenEye,,,C,,7,[H:16][C:7]1([C:6]([C:5]([C:4]([C:9]([C:8]1([H:18])[H:19])([H:20])[H:21])([H:11])[C:2](=[O:1])[O:3][H:10])([H:12])[H:13])([H:14])[H:15])[H:17],18.0,11.0
7,-0.07683000216881435,AM1BCC,OpenEye,,,C,,8,[H:16][C:7]1([C:6]([C:5]([C:4]([C:9]([C:8]1([H:18])[H:19])([H:20])[H:21])([H:11])[C:2](=[O:1])[O:3][H:10])([H:12])[H:13])([H:14])[H:15])[H:17],18.0,11.0
8,-0.07006000230709712,AM1BCC,OpenEye,,,C,,9,[H:16][C:7]1([C:6]([C:5]([C:4]([C:9]([C:8]1([H:18])[H:19])([H:20])[H:21])([H:11])[C:2](=[O:1])[O:3][H:10])([H:12])[H:13])([H:14])[H:15])[H:17],18.0,11.0
9,0.44210999955733615,AM1BCC,OpenEye,,,H,,10,[H:16][C:7]1([C:6]([C:5]([C:4]([C:9]([C:8]1([H:18])[H:19])([H:20])[H:21])([H:11])[C:2](=[O:1])[O:3][H:10])([H:12])[H:13])([H:14])[H:15])[H:17],18.0,11.0
10,0.07802999516328175,AM1BCC,OpenEye,,,H,,11,[H:16][C:7]1([C:6]([C:5]([C:4]([C:9]([C:8]1([H:18])[H:19])([H:20])[H:21])([H:11])[C:2](=[O:1])[O:3][H:10])([H:12])[H:13])([H:14])[H:15])[H:17],18.0,11.0
11,0.05352999766667684,AM1BCC,OpenEye,,,H,,12,[H:16][C:7]1([C:6]([C:5]([C:4]([C:9]([C:8]1([H:18])[H:19])([H:20])[H:21])([H:11])[C:2](=[O:1])[O:3][H:10])([H:12])[H:13])([H:14])[H:15])[H:17],18.0,11.0
12,0.05352999766667684,AM1BCC,OpenEye,,,H,,13,[H:16][C:7]1([C:6]([C:5]([C:4]([C:9]([C:8]1([H:18])[H:19])([H:20])[H:21])([H:11])[C:2](=[O:1])[O:3][H:10])([H:12])[H:13])([H:14])[H:15])[H:17],18.0,11.0
13,0.04590999831755956,AM1BCC,OpenEye,,,H,,14,[H:16][C:7]1([C:6]([C:5]([C:4]([C:9]([C:8]1([H:18])[H:19])([H:20])[H:21])([H:11])[C:2](=[O:1])[O:3][H:10])([H:12])[H:13])([H:14])[H:15])[H:17],18.0,11.0
14,0.04590999831755956,AM1BCC,OpenEye,,,H,,15,[H:16][C:7]1([C:6]([C:5]([C:4]([C:9]([C:8]1([H:18])[H:19])([H:20])[H:21])([H:11])[C:2](=[O:1])[O:3][H:10])([H:12])[H:13])([H:14])[H:15])[H:17],18.0,11.0
15,0.0405099963148435,AM1BCC,OpenEye,,,H,,16,[H:16][C:7]1([C:6]([C:5]([C:4]([C:9]([C:8]1([H:18])[H:19])([H:20])[H:21])([H:11])[C:2](=[O:1])[O:3][H:10])([H:12])[H:13])([H:14])[H:15])[H:17],18.0,11.0
16,0.0405099963148435,AM1BCC,OpenEye,,,H,,17,[H:16][C:7]1([C:6]([C:5]([C:4]([C:9]([C:8]1([H:18])[H:19])([H:20])[H:21])([H:11])[C:2](=[O:1])[O:3][H:10])([H:12])[H:13])([H:14])[H:15])[H:17],18.0,11.0
17,0.04590999831755956,AM1BCC,OpenEye,,,H,,18,[H:16][C:7]1([C:6]([C:5]([C:4]([C:9]([C:8]1([H:18])[H:19])([H:20])[H:21])([H:11])[C:2](=[O:1])[O:3][H:10])([H:12])[H:13])([H:14])[H:15])[H:17],18.0,11.0
18,0.04590999831755956,AM1BCC,OpenEye,,,H,,19,[H:16][C:7]1([C:6]([C:5]([C:4]([C:9]([C:8]1([H:18])[H:19])([H:20])[H:21])([H:11])[C:2](=[O:1])[O:3][H:10])([H:12])[H:13])([H:14])[H:15])[H:17],18.0,11.0
19,0.05352999766667684,AM1BCC,OpenEye,,,H,,20,[H:16][C:7]1([C:6]([C:5]([C:4]([C:9]([C:8]1([H:18])[H:19])([H:20])[H:21])([H:11])[C:2](=[O:1])[O:3][H:10])([H:12])[H:13])([H:14])[H:15])[H:17],18.0,11.0
20,0.05352999766667684,AM1BCC,OpenEye,,,H,,21,[H:16][C:7]1([C:6]([C:5]([C:4]([C:9]([C:8]1([H:18])[H:19])([H:20])[H:21])([H:11])[C:2](=[O:1])[O:3][H:10])([H:12])[H:13])([H:14])[H:15])[H:17],18.0,11.0
0,-0.5509047619047619,AM1BCC,AmberTools,,,O,,1,[H:16][C:7]1([C:6]([C:5]([C:4]([C:9]([C:8]1([H:18])[H:19])([H:20])[H:21])([H:11])[C:2](=[O:1])[O:3][H:10])([H:12])[H:13])([H:14])[H:15])[H:17],18.0,11.0
1,0.6351952380952381,AM1BCC,AmberTools,,,C,,2,[H:16][C:7]1([C:6]([C:5]([C:4]([C:9]([C:8]1([H:18])[H:19])([H:20])[H:21])([H:11])[C:2](=[O:1])[O:3][H:10])([H:12])[H:13])([H:14])[H:15])[H:17],18.0,11.0
2,-0.6120047619047618,AM1BCC,AmberTools,,,O,,3,[H:16][C:7]1([C:6]([C:5]([C:4]([C:9]([C:8]1([H:18])[H:19])([H:20])[H:21])([H:11])[C:2](=[O:1])[O:3][H:10])([H:12])[H:13])([H:14])[H:15])[H:17],18.0,11.0
3,-0.1016047619047619,AM1BCC,AmberTools,,,C,,4,[H:16][C:7]1([C:6]([C:5]([C:4]([C:9]([C:8]1([H:18])[H:19])([H:20])[H:21])([H:11])[C:2](=[O:1])[O:3][H:10])([H:12])[H:13])([H:14])[H:15])[H:17],18.0,11.0
4,-0.07280476190476191,AM1BCC,AmberTools,,,C,,5,[H:16][C:7]1([C:6]([C:5]([C:4]([C:9]([C:8]1([H:18])[H:19])([H:20])[H:21])([H:11])[C:2](=[O:1])[O:3][H:10])([H:12])[H:13])([H:14])[H:15])[H:17],18.0,11.0
5,-0.0753047619047619,AM1BCC,AmberTools,,,C,,6,[H:16][C:7]1([C:6]([C:5]([C:4]([C:9]([C:8]1([H:18])[H:19])([H:20])[H:21])([H:11])[C:2](=[O:1])[O:3][H:10])([H:12])[H:13])([H:14])[H:15])[H:17],18.0,11.0
6,-0.0793047619047619,AM1BCC,AmberTools,,,C,,7,[H:16][C:7]1([C:6]([C:5]([C:4]([C:9]([C:8]1([H:18])[H:19])([H:20])[H:21])([H:11])[C:2](=[O:1])[O:3][H:10])([H:12])[H:13])([H:14])[H:15])[H:17],18.0,11.0
7,-0.0753047619047619,AM1BCC,AmberTools,,,C,,8,[H:16][C:7]1([C:6]([C:5]([C:4]([C:9]([C:8]1([H:18])[H:19])([H:20])[H:21])([H:11])[C:2](=[O:1])[O:3][H:10])([H:12])[H:13])([H:14])[H:15])[H:17],18.0,11.0
8,-0.07280476190476191,AM1BCC,AmberTools,,,C,,9,[H:16][C:7]1([C:6]([C:5]([C:4]([C:9]([C:8]1([H:18])[H:19])([H:20])[H:21])([H:11])[C:2](=[O:1])[O:3][H:10])([H:12])[H:13])([H:14])[H:15])[H:17],18.0,11.0
9,0.4430952380952381,AM1BCC,AmberTools,,,H,,10,[H:16][C:7]1([C:6]([C:5]([C:4]([C:9]([C:8]1([H:18])[H:19])([H:20])[H:21])([H:11])[C:2](=[O:1])[O:3][H:10])([H:12])[H:13])([H:14])[H:15])[H:17],18.0,11.0
10,0.07979523809523809,AM1BCC,AmberTools,,,H,,11,[H:16][C:7]1([C:6]([C:5]([C:4]([C:9]([C:8]1([H:18])[H:19])([H:20])[H:21])([H:11])[C:2](=[O:1])[O:3][H:10])([H:12])[H:13])([H:14])[H:15])[H:17],18.0,11.0
11,0.0557952380952381,AM1BCC,AmberTools,,,H,,12,[H:16][C:7]1([C:6]([C:5]([C:4]([C:9]([C:8]1([H:18])[H:19])([H:20])[H:21])([H:11])[C:2](=[O:1])[O:3][H:10])([H:12])[H:13])([H:14])[H:15])[H:17],18.0,11.0
12,0.0557952380952381,AM1BCC,AmberTools,,,H,,13,[H:16][C:7]1([C:6]([C:5]([C:4]([C:9]([C:8]1([H:18])[H:19])([H:20])[H:21])([H:11])[C:2](=[O:1])[O:3][H:10])([H:12])[H:13])([H:14])[H:15])[H:17],18.0,11.0
13,0.0445452380952381,AM1BCC,AmberTools,,,H,,14,[H:16][C:7]1([C:6]([C:5]([C:4]([C:9]([C:8]1([H:18])[H:19])([H:20])[H:21])([H:11])[C:2](=[O:1])[O:3][H:10])([H:12])[H:13])([H:14])[H:15])[H:17],18.0,11.0
14,0.0445452380952381,AM1BCC,AmberTools,,,H,,15,[H:16][C:7]1([C:6]([C:5]([C:4]([C:9]([C:8]1([H:18])[H:19])([H:20])[H:21])([H:11])[C:2](=[O:1])[O:3][H:10])([H:12])[H:13])([H:14])[H:15])[H:17],18.0,11.0
15,0.0402952380952381,AM1BCC,AmberTools,,,H,,16,[H:16][C:7]1([C:6]([C:5]([C:4]([C:9]([C:8]1([H:18])[H:19])([H:20])[H:21])([H:11])[C:2](=[O:1])[O:3][H:10])([H:12])[H:13])([H:14])[H:15])[H:17],18.0,11.0
16,0.0402952380952381,AM1BCC,AmberTools,,,H,,17,[H:16][C:7]1([C:6]([C:5]([C:4]([C:9]([C:8]1([H:18])[H:19])([H:20])[H:21])([H:11])[C:2](=[O:1])[O:3][H:10])([H:12])[H:13])([H:14])[H:15])[H:17],18.0,11.0
17,0.0445452380952381,AM1BCC,AmberTools,,,H,,18,[H:16][C:7]1([C:6]([C:5]([C:4]([C:9]([C:8]1([H:18])[H:19])([H:20])[H:21])([H:11])[C:2](=[O:1])[O:3][H:10])([H:12])[H:13])([H:14])[H:15])[H:17],18.0,11.0
18,0.0445452380952381,AM1BCC,AmberTools,,,H,,19,[H:16][C:7]1([C:6]([C:5]([C:4]([C:9]([C:8]1([H:18])[H:19])([H:20])[H:21])([H:11])[C:2](=[O:1])[O:3][H:10])([H:12])[H:13])([H:14])[H:15])[H:17],18.0,11.0
19,0.0557952380952381,AM1BCC,AmberTools,,,H,,20,[H:16][C:7]1([C:6]([C:5]([C:4]([C:9]([C:8]1([H:18])[H:19])([H:20])[H:21])([H:11])[C:2](=[O:1])[O:3][H:10])([H:12])[H:13])([H:14])[H:15])[H:17],18.0,11.0
20,0.0557952380952381,AM1BCC,AmberTools,,,H,,21,[H:16][C:7]1([C:6]([C:5]([C:4]([C:9]([C:8]1([H:18])[H:19])([H:20])[H:21])([H:11])[C:2](=[O:1])[O:3][H:10])([H:12])[H:13])([H:14])[H:15])[H:17],18.0,11.0
0,-0.5512099886933962,AM1BCC,OpenEye,,,O,,1,[H:16][C:7]1([C:6]([C:5]([C:4]([C:9]([C:8]1([H:18])[H:19])([H:20])[H:21])([H:11])[C:2](=[O:1])[O:3][H:10])([H:12])[H:13])([H:14])[H:15])[H:17],18.0,12.0
1,0.632160005470117,AM1BCC,OpenEye,,,C,,2,[H:16][C:7]1([C:6]([C:5]([C:4]([C:9]([C:8]1([H:18])[H:19])([H:20])[H:21])([H:11])[C:2](=[O:1])[O:3][H:10])([H:12])[H:13])([H:14])[H:15])[H:17],18.0,12.0
2,-0.6012799764672915,AM1BCC,OpenEye,,,O,,3,[H:16][C:7]1([C:6]([C:5]([C:4]([C:9]([C:8]1([H:18])[H:19])([H:20])[H:21])([H:11])[C:2](=[O:1])[O:3][H:10])([H:12])[H:13])([H:14])[H:15])[H:17],18.0,12.0
3,-0.10510000089804332,AM1BCC,OpenEye,,,C,,4,[H:16][C:7]1([C:6]([C:5]([C:4]([C:9]([C:8]1([H:18])[H:19])([H:20])[H:21])([H:11])[C:2](=[O:1])[O:3][H:10])([H:12])[H:13])([H:14])[H:15])[H:17],18.0,12.0
4,-0.07006000230709712,AM1BCC,OpenEye,,,C,,5,[H:16][C:7]1([C:6]([C:5]([C:4]([C:9]([C:8]1([H:18])[H:19])([H:20])[H:21])([H:11])[C:2](=[O:1])[O:3][H:10])([H:12])[H:13])([H:14])[H:15])[H:17],18.0,12.0
5,-0.07683000216881435,AM1BCC,OpenEye,,,C,,6,[H:16][C:7]1([C:6]([C:5]([C:4]([C:9]([C:8]1([H:18])[H:19])([H:20])[H:21])([H:11])[C:2](=[O:1])[O:3][H:10])([H:12])[H:13])([H:14])[H:15])[H:17],18.0,12.0
6,-0.07971000174681346,AM1BCC,OpenEye,,,C,,7,[H:16][C:7]1([C:6]([C:5]([C:4]([C:9]([C:8]1([H:18])[H:19])([H:20])[H:21])([H:11])[C:2](=[O:1])[O:3][H:10])([H:12])[H:13])([H:14])[H:15])[H:17],18.0,12.0
7,-0.07683000216881435,AM1BCC,OpenEye,,,C,,8,[H:16][C:7]1([C:6]([C:5]([C:4]([C:9]([C:8]1([H:18])[H:19])([H:20])[H:21])([H:11])[C:2](=[O:1])[O:3][H:10])([H:12])[H:13])([H:14])[H:15])[H:17],18.0,12.0
8,-0.07006000230709712,AM1BCC,OpenEye,,,C,,9,[H:16][C:7]1([C:6]([C:5]([C:4]([C:9]([C:8]1([H:18])[H:19])([H:20])[H:21])([H:11])[C:2](=[O:1])[O:3][H:10])([H:12])[H:13])([H:14])[H:15])[H:17],18.0,12.0
9,0.44210999955733615,AM1BCC,OpenEye,,,H,,10,[H:16][C:7]1([C:6]([C:5]([C:4]([C:9]([C:8]1([H:18])[H:19])([H:20])[H:21])([H:11])[C:2](=[O:1])[O:3][H:10])([H:12])[H:13])([H:14])[H:15])[H:17],18.0,12.0
10,0.07802999516328175,AM1BCC,OpenEye,,,H,,11,[H:16][C:7]1([C:6]([C:5]([C:4]([C:9]([C:8]1([H:18])[H:19])([H:20])[H:21])([H:11])[C:2](=[O:1])[O:3][H:10])([H:12])[H:13])([H:14])[H:15])[H:17],18.0,12.0
11,0.05352999766667684,AM1BCC,OpenEye,,,H,,12,[H:16][C:7]1([C:6]([C:5]([C:4]([C:9]([C:8]1([H:18])[H:19])([H:20])[H:21])([H:11])[C:2](=[O:1])[O:3][H:10])([H:12])[H:13])([H:14])[H:15])[H:17],18.0,12.0
12,0.05352999766667684,AM1BCC,OpenEye,,,H,,13,[H:16][C:7]1([C:6]([C:5]([C:4]([C:9]([C:8]1([H:18])[H:19])([H:20])[H:21])([H:11])[C:2](=[O:1])[O:3][H:10])([H:12])[H:13])([H:14])[H:15])[H:17],18.0,12.0
13,0.04590999831755956,AM1BCC,OpenEye,,,H,,14,[H:16][C:7]1([C:6]([C:5]([C:4]([C:9]([C:8]1([H:18])[H:19])([H:20])[H:21])([H:11])[C:2](=[O:1])[O:3][H:10])([H:12])[H:13])([H:14])[H:15])[H:17],18.0,12.0
14,0.04590999831755956,AM1BCC,OpenEye,,,H,,15,[H:16][C:7]1([C:6]([C:5]([C:4]([C:9]([C:8]1([H:18])[H:19])([H:20])[H:21])([H:11])[C:2](=[O:1])[O:3][H:10])([H:12])[H:13])([H:14])[H:15])[H:17],18.0,12.0
15,0.0405099963148435,AM1BCC,OpenEye,,,H,,16,[H:16][C:7]1([C:6]([C:5]([C:4]([C:9]([C:8]1([H:18])[H:19])([H:20])[H:21])([H:11])[C:2](=[O:1])[O:3][H:10])([H:12])[H:13])([H:14])[H:15])[H:17],18.0,12.0
16,0.0405099963148435,AM1BCC,OpenEye,,,H,,17,[H:16][C:7]1([C:6]([C:5]([C:4]([C:9]([C:8]1([H:18])[H:19])([H:20])[H:21])([H:11])[C:2](=[O:1])[O:3][H:10])([H:12])[H:13])([H:14])[H:15])[H:17],18.0,12.0
17,0.04590999831755956,AM1BCC,OpenEye,,,H,,18,[H:16][C:7]1([C:6]([C:5]([C:4]([C:9]([C:8]1([H:18])[H:19])([H:20])[H:21])([H:11])[C:2](=[O:1])[O:3][H:10])([H:12])[H:13])([H:14])[H:15])[H:17],18.0,12.0
18,0.04590999831755956,AM1BCC,OpenEye,,,H,,19,[H:16][C:7]1([C:6]([C:5]([C:4]([C:9]([C:8]1([H:18])[H:19])([H:20])[H:21])([H:11])[C:2](=[O:1])[O:3][H:10])([H:12])[H:13])([H:14])[H:15])[H:17],18.0,12.0
19,0.05352999766667684,AM1BCC,OpenEye,,,H,,20,[H:16][C:7]1([C:6]([C:5]([C:4]([C:9]([C:8]1([H:18])[H:19])([H:20])[H:21])([H:11])[C:2](=[O:1])[O:3][H:10])([H:12])[H:13])([H:14])[H:15])[H:17],18.0,12.0
20,0.05352999766667684,AM1BCC,OpenEye,,,H,,21,[H:16][C:7]1([C:6]([C:5]([C:4]([C:9]([C:8]1([H:18])[H:19])([H:20])[H:21])([H:11])[C:2](=[O:1])[O:3][H:10])([H:12])[H:13])([H:14])[H:15])[H:17],18.0,12.0
0,-0.5509047619047619,AM1BCC,AmberTools,,,O,,1,[H:16][C:7]1([C:6]([C:5]([C:4]([C:9]([C:8]1([H:18])[H:19])([H:20])[H:21])([H:11])[C:2](=[O:1])[O:3][H:10])([H:12])[H:13])([H:14])[H:15])[H:17],18.0,12.0
1,0.6351952380952381,AM1BCC,AmberTools,,,C,,2,[H:16][C:7]1([C:6]([C:5]([C:4]([C:9]([C:8]1([H:18])[H:19])([H:20])[H:21])([H:11])[C:2](=[O:1])[O:3][H:10])([H:12])[H:13])([H:14])[H:15])[H:17],18.0,12.0
2,-0.6120047619047618,AM1BCC,AmberTools,,,O,,3,[H:16][C:7]1([C:6]([C:5]([C:4]([C:9]([C:8]1([H:18])[H:19])([H:20])[H:21])([H:11])[C:2](=[O:1])[O:3][H:10])([H:12])[H:13])([H:14])[H:15])[H:17],18.0,12.0
3,-0.1016047619047619,AM1BCC,AmberTools,,,C,,4,[H:16][C:7]1([C:6]([C:5]([C:4]([C:9]([C:8]1([H:18])[H:19])([H:20])[H:21])([H:11])[C:2](=[O:1])[O:3][H:10])([H:12])[H:13])([H:14])[H:15])[H:17],18.0,12.0
4,-0.07280476190476191,AM1BCC,AmberTools,,,C,,5,[H:16][C:7]1([C:6]([C:5]([C:4]([C:9]([C:8]1([H:18])[H:19])([H:20])[H:21])([H:11])[C:2](=[O:1])[O:3][H:10])([H:12])[H:13])([H:14])[H:15])[H:17],18.0,12.0
5,-0.0753047619047619,AM1BCC,AmberTools,,,C,,6,[H:16][C:7]1([C:6]([C:5]([C:4]([C:9]([C:8]1([H:18])[H:19])([H:20])[H:21])([H:11])[C:2](=[O:1])[O:3][H:10])([H:12])[H:13])([H:14])[H:15])[H:17],18.0,12.0
6,-0.0793047619047619,AM1BCC,AmberTools,,,C,,7,[H:16][C:7]1([C:6]([C:5]([C:4]([C:9]([C:8]1([H:18])[H:19])([H:20])[H:21])([H:11])[C:2](=[O:1])[O:3][H:10])([H:12])[H:13])([H:14])[H:15])[H:17],18.0,12.0
7,-0.0753047619047619,AM1BCC,AmberTools,,,C,,8,[H:16][C:7]1([C:6]([C:5]([C:4]([C:9]([C:8]1([H:18])[H:19])([H:20])[H:21])([H:11])[C:2](=[O:1])[O:3][H:10])([H:12])[H:13])([H:14])[H:15])[H:17],18.0,12.0
8,-0.07280476190476191,AM1BCC,AmberTools,,,C,,9,[H:16][C:7]1([C:6]([C:5]([C:4]([C:9]([C:8]1([H:18])[H:19])([H:20])[H:21])([H:11])[C:2](=[O:1])[O:3][H:10])([H:12])[H:13])([H:14])[H:15])[H:17],18.0,12.0
9,0.4430952380952381,AM1BCC,AmberTools,,,H,,10,[H:16][C:7]1([C:6]([C:5]([C:4]([C:9]([C:8]1([H:18])[H:19])([H:20])[H:21])([H:11])[C:2](=[O:1])[O:3][H:10])([H:12])[H:13])([H:14])[H:15])[H:17],18.0,12.0
10,0.07979523809523809,AM1BCC,AmberTools,,,H,,11,[H:16][C:7]1([C:6]([C:5]([C:4]([C:9]([C:8]1([H:18])[H:19])([H:20])[H:21])([H:11])[C:2](=[O:1])[O:3][H:10])([H:12])[H:13])([H:14])[H:15])[H:17],18.0,12.0
11,0.0557952380952381,AM1BCC,AmberTools,,,H,,12,[H:16][C:7]1([C:6]([C:5]([C:4]([C:9]([C:8]1([H:18])[H:19])([H:20])[H:21])([H:11])[C:2](=[O:1])[O:3][H:10])([H:12])[H:13])([H:14])[H:15])[H:17],18.0,12.0
12,0.0557952380952381,AM1BCC,AmberTools,,,H,,13,[H:16][C:7]1([C:6]([C:5]([C:4]([C:9]([C:8]1([H:18])[H:19])([H:20])[H:21])([H:11])[C:2](=[O:1])[O:3][H:10])([H:12])[H:13])([H:14])[H:15])[H:17],18.0,12.0
13,0.0445452380952381,AM1BCC,AmberTools,,,H,,14,[H:16][C:7]1([C:6]([C:5]([C:4]([C:9]([C:8]1([H:18])[H:19])([H:20])[H:21])([H:11])[C:2](=[O:1])[O:3][H:10])([H:12])[H:13])([H:14])[H:15])[H:17],18.0,12.0
14,0.0445452380952381,AM1BCC,AmberTools,,,H,,15,[H:16][C:7]1([C:6]([C:5]([C:4]([C:9]([C:8]1([H:18])[H:19])([H:20])[H:21])([H:11])[C:2](=[O:1])[O:3][H:10])([H:12])[H:13])([H:14])[H:15])[H:17],18.0,12.0
15,0.0402952380952381,AM1BCC,AmberTools,,,H,,16,[H:16][C:7]1([C:6]([C:5]([C:4]([C:9]([C:8]1([H:18])[H:19])([H:20])[H:21])([H:11])[C:2](=[O:1])[O:3][H:10])([H:12])[H:13])([H:14])[H:15])[H:17],18.0,12.0
16,0.0402952380952381,AM1BCC,AmberTools,,,H,,17,[H:16][C:7]1([C:6]([C:5]([C:4]([C:9]([C:8]1([H:18])[H:19])([H:20])[H:21])([H:11])[C:2](=[O:1])[O:3][H:10])([H:12])[H:13])([H:14])[H:15])[H:17],18.0,12.0
17,0.0445452380952381,AM1BCC,AmberTools,,,H,,18,[H:16][C:7]1([C:6]([C:5]([C:4]([C:9]([C:8]1([H:18])[H:19])([H:20])[H:21])([H:11])[C:2](=[O:1])[O:3][H:10])([H:12])[H:13])([H:14])[H:15])[H:17],18.0,12.0
18,0.0445452380952381,AM1BCC,AmberTools,,,H,,19,[H:16][C:7]1([C:6]([C:5]([C:4]([C:9]([C:8]1([H:18])[H:19])([H:20])[H:21])([H:11])[C:2](=[O:1])[O:3][H:10])([H:12])[H:13])([H:14])[H:15])[H:17],18.0,12.0
19,0.0557952380952381,AM1BCC,AmberTools,,,H,,20,[H:16][C:7]1([C:6]([C:5]([C:4]([C:9]([C:8]1([H:18])[H:19])([H:20])[H:21])([H:11])[C:2](=[O:1])[O:3][H:10])([H:12])[H:13])([H:14])[H:15])[H:17],18.0,12.0
20,0.0557952380952381,AM1BCC,AmberTools,,,H,,21,[H:16][C:7]1([C:6]([C:5]([C:4]([C:9]([C:8]1([H:18])[H:19])([H:20])[H:21])([H:11])[C:2](=[O:1])[O:3][H:10])([H:12])[H:13])([H:14])[H:15])[H:17],18.0,12.0
0,-0.5529000173721995,AM1BCC,OpenEye,,,O,,1,[H:16][C:7]1([C:6]([C:5]([C:4]([C:9]([C:8]1([H:18])[H:19])([H:20])[H:21])([H:11])[C:2](=[O:1])[O:3][H:10])([H:12])[H:13])([H:14])[H:15])[H:17],19.0,1.0
1,0.6352000225867543,AM1BCC,OpenEye,,,C,,2,[H:16][C:7]1([C:6]([C:5]([C:4]([C:9]([C:8]1([H:18])[H:19])([H:20])[H:21])([H:11])[C:2](=[O:1])[O:3][H:10])([H:12])[H:13])([H:14])[H:15])[H:17],19.0,1.0
2,-0.59886998044593,AM1BCC,OpenEye,,,O,,3,[H:16][C:7]1([C:6]([C:5]([C:4]([C:9]([C:8]1([H:18])[H:19])([H:20])[H:21])([H:11])[C:2](=[O:1])[O:3][H:10])([H:12])[H:13])([H:14])[H:15])[H:17],19.0,1.0
3,-0.10687000410897392,AM1BCC,OpenEye,,,C,,4,[H:16][C:7]1([C:6]([C:5]([C:4]([C:9]([C:8]1([H:18])[H:19])([H:20])[H:21])([H:11])[C:2](=[O:1])[O:3][H:10])([H:12])[H:13])([H:14])[H:15])[H:17],19.0,1.0
4,-0.06871999906642097,AM1BCC,OpenEye,,,C,,5,[H:16][C:7]1([C:6]([C:5]([C:4]([C:9]([C:8]1([H:18])[H:19])([H:20])[H:21])([H:11])[C:2](=[O:1])[O:3][H:10])([H:12])[H:13])([H:14])[H:15])[H:17],19.0,1.0
5,-0.07743000345570701,AM1BCC,OpenEye,,,C,,6,[H:16][C:7]1([C:6]([C:5]([C:4]([C:9]([C:8]1([H:18])[H:19])([H:20])[H:21])([H:11])[C:2](=[O:1])[O:3][H:10])([H:12])[H:13])([H:14])[H:15])[H:17],19.0,1.0
6,-0.07836999850613731,AM1BCC,OpenEye,,,C,,7,[H:16][C:7]1([C:6]([C:5]([C:4]([C:9]([C:8]1([H:18])[H:19])([H:20])[H:21])([H:11])[C:2](=[O:1])[O:3][H:10])([H:12])[H:13])([H:14])[H:15])[H:17],19.0,1.0
7,-0.07743000345570701,AM1BCC,OpenEye,,,C,,8,[H:16][C:7]1([C:6]([C:5]([C:4]([C:9]([C:8]1([H:18])[H:19])([H:20])[H:21])([H:11])[C:2](=[O:1])[O:3][H:10])([H:12])[H:13])([H:14])[H:15])[H:17],19.0,1.0
8,-0.06871999906642097,AM1BCC,OpenEye,,,C,,9,[H:16][C:7]1([C:6]([C:5]([C:4]([C:9]([C:8]1([H:18])[H:19])([H:20])[H:21])([H:11])[C:2](=[O:1])[O:3][H:10])([H:12])[H:13])([H:14])[H:15])[H:17],19.0,1.0
9,0.4415099908198629,AM1BCC,OpenEye,,,H,,10,[H:16][C:7]1([C:6]([C:5]([C:4]([C:9]([C:8]1([H:18])[H:19])([H:20])[H:21])([H:11])[C:2](=[O:1])[O:3][H:10])([H:12])[H:13])([H:14])[H:15])[H:17],19.0,1.0
10,0.0803799991096769,AM1BCC,OpenEye,,,H,,11,[H:16][C:7]1([C:6]([C:5]([C:4]([C:9]([C:8]1([H:18])[H:19])([H:20])[H:21])([H:11])[C:2](=[O:1])[O:3][H:10])([H:12])[H:13])([H:14])[H:15])[H:17],19.0,1.0
11,0.051630000450781414,AM1BCC,OpenEye,,,H,,12,[H:16][C:7]1([C:6]([C:5]([C:4]([C:9]([C:8]1([H:18])[H:19])([H:20])[H:21])([H:11])[C:2](=[O:1])[O:3][H:10])([H:12])[H:13])([H:14])[H:15])[H:17],19.0,1.0
12,0.051630000450781414,AM1BCC,OpenEye,,,H,,13,[H:16][C:7]1([C:6]([C:5]([C:4]([C:9]([C:8]1([H:18])[H:19])([H:20])[H:21])([H:11])[C:2](=[O:1])[O:3][H:10])([H:12])[H:13])([H:14])[H:15])[H:17],19.0,1.0
13,0.04613999915974481,AM1BCC,OpenEye,,,H,,14,[H:16][C:7]1([C:6]([C:5]([C:4]([C:9]([C:8]1([H:18])[H:19])([H:20])[H:21])([H:11])[C:2](=[O:1])[O:3][H:10])([H:12])[H:13])([H:14])[H:15])[H:17],19.0,1.0
14,0.04613999915974481,AM1BCC,OpenEye,,,H,,15,[H:16][C:7]1([C:6]([C:5]([C:4]([C:9]([C:8]1([H:18])[H:19])([H:20])[H:21])([H:11])[C:2](=[O:1])[O:3][H:10])([H:12])[H:13])([H:14])[H:15])[H:17],19.0,1.0
15,0.04056999725954873,AM1BCC,OpenEye,,,H,,16,[H:16][C:7]1([C:6]([C:5]([C:4]([C:9]([C:8]1([H:18])[H:19])([H:20])[H:21])([H:11])[C:2](=[O:1])[O:3][H:10])([H:12])[H:13])([H:14])[H:15])[H:17],19.0,1.0
16,0.04056999725954873,AM1BCC,OpenEye,,,H,,17,[H:16][C:7]1([C:6]([C:5]([C:4]([C:9]([C:8]1([H:18])[H:19])([H:20])[H:21])([H:11])[C:2](=[O:1])[O:3][H:10])([H:12])[H:13])([H:14])[H:15])[H:17],19.0,1.0
17,0.04613999915974481,AM1BCC,OpenEye,,,H,,18,[H:16][C:7]1([C:6]([C:5]([C:4]([C:9]([C:8]1([H:18])[H:19])([H:20])[H:21])([H:11])[C:2](=[O:1])[O:3][H:10])([H:12])[H:13])([H:14])[H:15])[H:17],19.0,1.0
18,0.04613999915974481,AM1BCC,OpenEye,,,H,,19,[H:16][C:7]1([C:6]([C:5]([C:4]([C:9]([C:8]1([H:18])[H:19])([H:20])[H:21])([H:11])[C:2](=[O:1])[O:3][H:10])([H:12])[H:13])([H:14])[H:15])[H:17],19.0,1.0
19,0.051630000450781414,AM1BCC,OpenEye,,,H,,20,[H:16][C:7]1([C:6]([C:5]([C:4]([C:9]([C:8]1([H:18])[H:19])([H:20])[H:21])([H:11])[C:2](=[O:1])[O:3][H:10])([H:12])[H:13])([H:14])[H:15])[H:17],19.0,1.0
20,0.051630000450781414,AM1BCC,OpenEye,,,H,,21,[H:16][C:7]1([C:6]([C:5]([C:4]([C:9]([C:8]1([H:18])[H:19])([H:20])[H:21])([H:11])[C:2](=[O:1])[O:3][H:10])([H:12])[H:13])([H:14])[H:15])[H:17],19.0,1.0
0,-0.5528571428571429,AM1BCC,AmberTools,,,O,,1,[H:16][C:7]1([C:6]([C:5]([C:4]([C:9]([C:8]1([H:18])[H:19])([H:20])[H:21])([H:11])[C:2](=[O:1])[O:3][H:10])([H:12])[H:13])([H:14])[H:15])[H:17],19.0,1.0
1,0.6342428571428571,AM1BCC,AmberTools,,,C,,2,[H:16][C:7]1([C:6]([C:5]([C:4]([C:9]([C:8]1([H:18])[H:19])([H:20])[H:21])([H:11])[C:2](=[O:1])[O:3][H:10])([H:12])[H:13])([H:14])[H:15])[H:17],19.0,1.0
2,-0.6059571428571429,AM1BCC,AmberTools,,,O,,3,[H:16][C:7]1([C:6]([C:5]([C:4]([C:9]([C:8]1([H:18])[H:19])([H:20])[H:21])([H:11])[C:2](=[O:1])[O:3][H:10])([H:12])[H:13])([H:14])[H:15])[H:17],19.0,1.0
3,-0.10255714285714285,AM1BCC,AmberTools,,,C,,4,[H:16][C:7]1([C:6]([C:5]([C:4]([C:9]([C:8]1([H:18])[H:19])([H:20])[H:21])([H:11])[C:2](=[O:1])[O:3][H:10])([H:12])[H:13])([H:14])[H:15])[H:17],19.0,1.0
4,-0.07025714285714285,AM1BCC,AmberTools,,,C,,5,[H:16][C:7]1([C:6]([C:5]([C:4]([C:9]([C:8]1([H:18])[H:19])([H:20])[H:21])([H:11])[C:2](=[O:1])[O:3][H:10])([H:12])[H:13])([H:14])[H:15])[H:17],19.0,1.0
5,-0.07775714285714284,AM1BCC,AmberTools,,,C,,6,[H:16][C:7]1([C:6]([C:5]([C:4]([C:9]([C:8]1([H:18])[H:19])([H:20])[H:21])([H:11])[C:2](=[O:1])[O:3][H:10])([H:12])[H:13])([H:14])[H:15])[H:17],19.0,1.0
6,-0.07725714285714284,AM1BCC,AmberTools,,,C,,7,[H:16][C:7]1([C:6]([C:5]([C:4]([C:9]([C:8]1([H:18])[H:19])([H:20])[H:21])([H:11])[C:2](=[O:1])[O:3][H:10])([H:12])[H:13])([H:14])[H:15])[H:17],19.0,1.0
7,-0.07775714285714284,AM1BCC,AmberTools,,,C,,8,[H:16][C:7]1([C:6]([C:5]([C:4]([C:9]([C:8]1([H:18])[H:19])([H:20])[H:21])([H:11])[C:2](=[O:1])[O:3][H:10])([H:12])[H:13])([H:14])[H:15])[H:17],19.0,1.0
8,-0.07025714285714285,AM1BCC,AmberTools,,,C,,9,[H:16][C:7]1([C:6]([C:5]([C:4]([C:9]([C:8]1([H:18])[H:19])([H:20])[H:21])([H:11])[C:2](=[O:1])[O:3][H:10])([H:12])[H:13])([H:14])[H:15])[H:17],19.0,1.0
9,0.44214285714285717,AM1BCC,AmberTools,,,H,,10,[H:16][C:7]1([C:6]([C:5]([C:4]([C:9]([C:8]1([H:18])[H:19])([H:20])[H:21])([H:11])[C:2](=[O:1])[O:3][H:10])([H:12])[H:13])([H:14])[H:15])[H:17],19.0,1.0
10,0.08084285714285715,AM1BCC,AmberTools,,,H,,11,[H:16][C:7]1([C:6]([C:5]([C:4]([C:9]([C:8]1([H:18])[H:19])([H:20])[H:21])([H:11])[C:2](=[O:1])[O:3][H:10])([H:12])[H:13])([H:14])[H:15])[H:17],19.0,1.0
11,0.05284285714285714,AM1BCC,AmberTools,,,H,,12,[H:16][C:7]1([C:6]([C:5]([C:4]([C:9]([C:8]1([H:18])[H:19])([H:20])[H:21])([H:11])[C:2](=[O:1])[O:3][H:10])([H:12])[H:13])([H:14])[H:15])[H:17],19.0,1.0
12,0.05284285714285714,AM1BCC,AmberTools,,,H,,13,[H:16][C:7]1([C:6]([C:5]([C:4]([C:9]([C:8]1([H:18])[H:19])([H:20])[H:21])([H:11])[C:2](=[O:1])[O:3][H:10])([H:12])[H:13])([H:14])[H:15])[H:17],19.0,1.0
13,0.046342857142857144,AM1BCC,AmberTools,,,H,,14,[H:16][C:7]1([C:6]([C:5]([C:4]([C:9]([C:8]1([H:18])[H:19])([H:20])[H:21])([H:11])[C:2](=[O:1])[O:3][H:10])([H:12])[H:13])([H:14])[H:15])[H:17],19.0,1.0
14,0.046342857142857144,AM1BCC,AmberTools,,,H,,15,[H:16][C:7]1([C:6]([C:5]([C:4]([C:9]([C:8]1([H:18])[H:19])([H:20])[H:21])([H:11])[C:2](=[O:1])[O:3][H:10])([H:12])[H:13])([H:14])[H:15])[H:17],19.0,1.0
15,0.040342857142857146,AM1BCC,AmberTools,,,H,,16,[H:16][C:7]1([C:6]([C:5]([C:4]([C:9]([C:8]1([H:18])[H:19])([H:20])[H:21])([H:11])[C:2](=[O:1])[O:3][H:10])([H:12])[H:13])([H:14])[H:15])[H:17],19.0,1.0
16,0.040342857142857146,AM1BCC,AmberTools,,,H,,17,[H:16][C:7]1([C:6]([C:5]([C:4]([C:9]([C:8]1([H:18])[H:19])([H:20])[H:21])([H:11])[C:2](=[O:1])[O:3][H:10])([H:12])[H:13])([H:14])[H:15])[H:17],19.0,1.0
17,0.046342857142857144,AM1BCC,AmberTools,,,H,,18,[H:16][C:7]1([C:6]([C:5]([C:4]([C:9]([C:8]1([H:18])[H:19])([H:20])[H:21])([H:11])[C:2](=[O:1])[O:3][H:10])([H:12])[H:13])([H:14])[H:15])[H:17],19.0,1.0
18,0.046342857142857144,AM1BCC,AmberTools,,,H,,19,[H:16][C:7]1([C:6]([C:5]([C:4]([C:9]([C:8]1([H:18])[H:19])([H:20])[H:21])([H:11])[C:2](=[O:1])[O:3][H:10])([H:12])[H:13])([H:14])[H:15])[H:17],19.0,1.0
19,0.05284285714285714,AM1BCC,AmberTools,,,H,,20,[H:16][C:7]1([C:6]([C:5]([C:4]([C:9]([C:8]1([H:18])[H:19])([H:20])[H:21])([H:11])[C:2](=[O:1])[O:3][H:10])([H:12])[H:13])([H:14])[H:15])[H:17],19.0,1.0
20,0.05284285714285714,AM1BCC,AmberTools,,,H,,21,[H:16][C:7]1([C:6]([C:5]([C:4]([C:9]([C:8]1([H:18])[H:19])([H:20])[H:21])([H:11])[C:2](=[O:1])[O:3][H:10])([H:12])[H:13])([H:14])[H:15])[H:17],19.0,1.0
0,-0.5529000173721995,AM1BCC,OpenEye,,,O,,1,[H:16][C:7]1([C:6]([C:5]([C:4]([C:9]([C:8]1([H:18])[H:19])([H:20])[H:21])([H:11])[C:2](=[O:1])[O:3][H:10])([H:12])[H:13])([H:14])[H:15])[H:17],19.0,2.0
1,0.6352000225867543,AM1BCC,OpenEye,,,C,,2,[H:16][C:7]1([C:6]([C:5]([C:4]([C:9]([C:8]1([H:18])[H:19])([H:20])[H:21])([H:11])[C:2](=[O:1])[O:3][H:10])([H:12])[H:13])([H:14])[H:15])[H:17],19.0,2.0
2,-0.59886998044593,AM1BCC,OpenEye,,,O,,3,[H:16][C:7]1([C:6]([C:5]([C:4]([C:9]([C:8]1([H:18])[H:19])([H:20])[H:21])([H:11])[C:2](=[O:1])[O:3][H:10])([H:12])[H:13])([H:14])[H:15])[H:17],19.0,2.0
3,-0.10687000410897392,AM1BCC,OpenEye,,,C,,4,[H:16][C:7]1([C:6]([C:5]([C:4]([C:9]([C:8]1([H:18])[H:19])([H:20])[H:21])([H:11])[C:2](=[O:1])[O:3][H:10])([H:12])[H:13])([H:14])[H:15])[H:17],19.0,2.0
4,-0.06871999906642097,AM1BCC,OpenEye,,,C,,5,[H:16][C:7]1([C:6]([C:5]([C:4]([C:9]([C:8]1([H:18])[H:19])([H:20])[H:21])([H:11])[C:2](=[O:1])[O:3][H:10])([H:12])[H:13])([H:14])[H:15])[H:17],19.0,2.0
5,-0.07743000345570701,AM1BCC,OpenEye,,,C,,6,[H:16][C:7]1([C:6]([C:5]([C:4]([C:9]([C:8]1([H:18])[H:19])([H:20])[H:21])([H:11])[C:2](=[O:1])[O:3][H:10])([H:12])[H:13])([H:14])[H:15])[H:17],19.0,2.0
6,-0.07836999850613731,AM1BCC,OpenEye,,,C,,7,[H:16][C:7]1([C:6]([C:5]([C:4]([C:9]([C:8]1([H:18])[H:19])([H:20])[H:21])([H:11])[C:2](=[O:1])[O:3][H:10])([H:12])[H:13])([H:14])[H:15])[H:17],19.0,2.0
7,-0.07743000345570701,AM1BCC,OpenEye,,,C,,8,[H:16][C:7]1([C:6]([C:5]([C:4]([C:9]([C:8]1([H:18])[H:19])([H:20])[H:21])([H:11])[C:2](=[O:1])[O:3][H:10])([H:12])[H:13])([H:14])[H:15])[H:17],19.0,2.0
8,-0.06871999906642097,AM1BCC,OpenEye,,,C,,9,[H:16][C:7]1([C:6]([C:5]([C:4]([C:9]([C:8]1([H:18])[H:19])([H:20])[H:21])([H:11])[C:2](=[O:1])[O:3][H:10])([H:12])[H:13])([H:14])[H:15])[H:17],19.0,2.0
9,0.4415099908198629,AM1BCC,OpenEye,,,H,,10,[H:16][C:7]1([C:6]([C:5]([C:4]([C:9]([C:8]1([H:18])[H:19])([H:20])[H:21])([H:11])[C:2](=[O:1])[O:3][H:10])([H:12])[H:13])([H:14])[H:15])[H:17],19.0,2.0
10,0.0803799991096769,AM1BCC,OpenEye,,,H,,11,[H:16][C:7]1([C:6]([C:5]([C:4]([C:9]([C:8]1([H:18])[H:19])([H:20])[H:21])([H:11])[C:2](=[O:1])[O:3][H:10])([H:12])[H:13])([H:14])[H:15])[H:17],19.0,2.0
11,0.051630000450781414,AM1BCC,OpenEye,,,H,,12,[H:16][C:7]1([C:6]([C:5]([C:4]([C:9]([C:8]1([H:18])[H:19])([H:20])[H:21])([H:11])[C:2](=[O:1])[O:3][H:10])([H:12])[H:13])([H:14])[H:15])[H:17],19.0,2.0
12,0.051630000450781414,AM1BCC,OpenEye,,,H,,13,[H:16][C:7]1([C:6]([C:5]([C:4]([C:9]([C:8]1([H:18])[H:19])([H:20])[H:21])([H:11])[C:2](=[O:1])[O:3][H:10])([H:12])[H:13])([H:14])[H:15])[H:17],19.0,2.0
13,0.04613999915974481,AM1BCC,OpenEye,,,H,,14,[H:16][C:7]1([C:6]([C:5]([C:4]([C:9]([C:8]1([H:18])[H:19])([H:20])[H:21])([H:11])[C:2](=[O:1])[O:3][H:10])([H:12])[H:13])([H:14])[H:15])[H:17],19.0,2.0
14,0.04613999915974481,AM1BCC,OpenEye,,,H,,15,[H:16][C:7]1([C:6]([C:5]([C:4]([C:9]([C:8]1([H:18])[H:19])([H:20])[H:21])([H:11])[C:2](=[O:1])[O:3][H:10])([H:12])[H:13])([H:14])[H:15])[H:17],19.0,2.0
15,0.04056999725954873,AM1BCC,OpenEye,,,H,,16,[H:16][C:7]1([C:6]([C:5]([C:4]([C:9]([C:8]1([H:18])[H:19])([H:20])[H:21])([H:11])[C:2](=[O:1])[O:3][H:10])([H:12])[H:13])([H:14])[H:15])[H:17],19.0,2.0
16,0.04056999725954873,AM1BCC,OpenEye,,,H,,17,[H:16][C:7]1([C:6]([C:5]([C:4]([C:9]([C:8]1([H:18])[H:19])([H:20])[H:21])([H:11])[C:2](=[O:1])[O:3][H:10])([H:12])[H:13])([H:14])[H:15])[H:17],19.0,2.0
17,0.04613999915974481,AM1BCC,OpenEye,,,H,,18,[H:16][C:7]1([C:6]([C:5]([C:4]([C:9]([C:8]1([H:18])[H:19])([H:20])[H:21])([H:11])[C:2](=[O:1])[O:3][H:10])([H:12])[H:13])([H:14])[H:15])[H:17],19.0,2.0
18,0.04613999915974481,AM1BCC,OpenEye,,,H,,19,[H:16][C:7]1([C:6]([C:5]([C:4]([C:9]([C:8]1([H:18])[H:19])([H:20])[H:21])([H:11])[C:2](=[O:1])[O:3][H:10])([H:12])[H:13])([H:14])[H:15])[H:17],19.0,2.0
19,0.051630000450781414,AM1BCC,OpenEye,,,H,,20,[H:16][C:7]1([C:6]([C:5]([C:4]([C:9]([C:8]1([H:18])[H:19])([H:20])[H:21])([H:11])[C:2](=[O:1])[O:3][H:10])([H:12])[H:13])([H:14])[H:15])[H:17],19.0,2.0
20,0.051630000450781414,AM1BCC,OpenEye,,,H,,21,[H:16][C:7]1([C:6]([C:5]([C:4]([C:9]([C:8]1([H:18])[H:19])([H:20])[H:21])([H:11])[C:2](=[O:1])[O:3][H:10])([H:12])[H:13])([H:14])[H:15])[H:17],19.0,2.0
0,-0.5528571428571429,AM1BCC,AmberTools,,,O,,1,[H:16][C:7]1([C:6]([C:5]([C:4]([C:9]([C:8]1([H:18])[H:19])([H:20])[H:21])([H:11])[C:2](=[O:1])[O:3][H:10])([H:12])[H:13])([H:14])[H:15])[H:17],19.0,2.0
1,0.6342428571428571,AM1BCC,AmberTools,,,C,,2,[H:16][C:7]1([C:6]([C:5]([C:4]([C:9]([C:8]1([H:18])[H:19])([H:20])[H:21])([H:11])[C:2](=[O:1])[O:3][H:10])([H:12])[H:13])([H:14])[H:15])[H:17],19.0,2.0
2,-0.6059571428571429,AM1BCC,AmberTools,,,O,,3,[H:16][C:7]1([C:6]([C:5]([C:4]([C:9]([C:8]1([H:18])[H:19])([H:20])[H:21])([H:11])[C:2](=[O:1])[O:3][H:10])([H:12])[H:13])([H:14])[H:15])[H:17],19.0,2.0
3,-0.10255714285714285,AM1BCC,AmberTools,,,C,,4,[H:16][C:7]1([C:6]([C:5]([C:4]([C:9]([C:8]1([H:18])[H:19])([H:20])[H:21])([H:11])[C:2](=[O:1])[O:3][H:10])([H:12])[H:13])([H:14])[H:15])[H:17],19.0,2.0
4,-0.07025714285714285,AM1BCC,AmberTools,,,C,,5,[H:16][C:7]1([C:6]([C:5]([C:4]([C:9]([C:8]1([H:18])[H:19])([H:20])[H:21])([H:11])[C:2](=[O:1])[O:3][H:10])([H:12])[H:13])([H:14])[H:15])[H:17],19.0,2.0
5,-0.07775714285714284,AM1BCC,AmberTools,,,C,,6,[H:16][C:7]1([C:6]([C:5]([C:4]([C:9]([C:8]1([H:18])[H:19])([H:20])[H:21])([H:11])[C:2](=[O:1])[O:3][H:10])([H:12])[H:13])([H:14])[H:15])[H:17],19.0,2.0
6,-0.07725714285714284,AM1BCC,AmberTools,,,C,,7,[H:16][C:7]1([C:6]([C:5]([C:4]([C:9]([C:8]1([H:18])[H:19])([H:20])[H:21])([H:11])[C:2](=[O:1])[O:3][H:10])([H:12])[H:13])([H:14])[H:15])[H:17],19.0,2.0
7,-0.07775714285714284,AM1BCC,AmberTools,,,C,,8,[H:16][C:7]1([C:6]([C:5]([C:4]([C:9]([C:8]1([H:18])[H:19])([H:20])[H:21])([H:11])[C:2](=[O:1])[O:3][H:10])([H:12])[H:13])([H:14])[H:15])[H:17],19.0,2.0
8,-0.07025714285714285,AM1BCC,AmberTools,,,C,,9,[H:16][C:7]1([C:6]([C:5]([C:4]([C:9]([C:8]1([H:18])[H:19])([H:20])[H:21])([H:11])[C:2](=[O:1])[O:3][H:10])([H:12])[H:13])([H:14])[H:15])[H:17],19.0,2.0
9,0.44214285714285717,AM1BCC,AmberTools,,,H,,10,[H:16][C:7]1([C:6]([C:5]([C:4]([C:9]([C:8]1([H:18])[H:19])([H:20])[H:21])([H:11])[C:2](=[O:1])[O:3][H:10])([H:12])[H:13])([H:14])[H:15])[H:17],19.0,2.0
10,0.08084285714285715,AM1BCC,AmberTools,,,H,,11,[H:16][C:7]1([C:6]([C:5]([C:4]([C:9]([C:8]1([H:18])[H:19])([H:20])[H:21])([H:11])[C:2](=[O:1])[O:3][H:10])([H:12])[H:13])([H:14])[H:15])[H:17],19.0,2.0
11,0.05284285714285714,AM1BCC,AmberTools,,,H,,12,[H:16][C:7]1([C:6]([C:5]([C:4]([C:9]([C:8]1([H:18])[H:19])([H:20])[H:21])([H:11])[C:2](=[O:1])[O:3][H:10])([H:12])[H:13])([H:14])[H:15])[H:17],19.0,2.0
12,0.05284285714285714,AM1BCC,AmberTools,,,H,,13,[H:16][C:7]1([C:6]([C:5]([C:4]([C:9]([C:8]1([H:18])[H:19])([H:20])[H:21])([H:11])[C:2](=[O:1])[O:3][H:10])([H:12])[H:13])([H:14])[H:15])[H:17],19.0,2.0
13,0.046342857142857144,AM1BCC,AmberTools,,,H,,14,[H:16][C:7]1([C:6]([C:5]([C:4]([C:9]([C:8]1([H:18])[H:19])([H:20])[H:21])([H:11])[C:2](=[O:1])[O:3][H:10])([H:12])[H:13])([H:14])[H:15])[H:17],19.0,2.0
14,0.046342857142857144,AM1BCC,AmberTools,,,H,,15,[H:16][C:7]1([C:6]([C:5]([C:4]([C:9]([C:8]1([H:18])[H:19])([H:20])[H:21])([H:11])[C:2](=[O:1])[O:3][H:10])([H:12])[H:13])([H:14])[H:15])[H:17],19.0,2.0
15,0.040342857142857146,AM1BCC,AmberTools,,,H,,16,[H:16][C:7]1([C:6]([C:5]([C:4]([C:9]([C:8]1([H:18])[H:19])([H:20])[H:21])([H:11])[C:2](=[O:1])[O:3][H:10])([H:12])[H:13])([H:14])[H:15])[H:17],19.0,2.0
16,0.040342857142857146,AM1BCC,AmberTools,,,H,,17,[H:16][C:7]1([C:6]([C:5]([C:4]([C:9]([C:8]1([H:18])[H:19])([H:20])[H:21])([H:11])[C:2](=[O:1])[O:3][H:10])([H:12])[H:13])([H:14])[H:15])[H:17],19.0,2.0
17,0.046342857142857144,AM1BCC,AmberTools,,,H,,18,[H:16][C:7]1([C:6]([C:5]([C:4]([C:9]([C:8]1([H:18])[H:19])([H:20])[H:21])([H:11])[C:2](=[O:1])[O:3][H:10])([H:12])[H:13])([H:14])[H:15])[H:17],19.0,2.0
18,0.046342857142857144,AM1BCC,AmberTools,,,H,,19,[H:16][C:7]1([C:6]([C:5]([C:4]([C:9]([C:8]1([H:18])[H:19])([H:20])[H:21])([H:11])[C:2](=[O:1])[O:3][H:10])([H:12])[H:13])([H:14])[H:15])[H:17],19.0,2.0
19,0.05284285714285714,AM1BCC,AmberTools,,,H,,20,[H:16][C:7]1([C:6]([C:5]([C:4]([C:9]([C:8]1([H:18])[H:19])([H:20])[H:21])([H:11])[C:2](=[O:1])[O:3][H:10])([H:12])[H:13])([H:14])[H:15])[H:17],19.0,2.0
20,0.05284285714285714,AM1BCC,AmberTools,,,H,,21,[H:16][C:7]1([C:6]([C:5]([C:4]([C:9]([C:8]1([H:18])[H:19])([H:20])[H:21])([H:11])[C:2](=[O:1])[O:3][H:10])([H:12])[H:13])([H:14])[H:15])[H:17],19.0,2.0
0,-0.5529000173721995,AM1BCC,OpenEye,,,O,,1,[H:16][C:7]1([C:6]([C:5]([C:4]([C:9]([C:8]1([H:18])[H:19])([H:20])[H:21])([H:11])[C:2](=[O:1])[O:3][H:10])([H:12])[H:13])([H:14])[H:15])[H:17],19.0,3.0
1,0.6352000225867543,AM1BCC,OpenEye,,,C,,2,[H:16][C:7]1([C:6]([C:5]([C:4]([C:9]([C:8]1([H:18])[H:19])([H:20])[H:21])([H:11])[C:2](=[O:1])[O:3][H:10])([H:12])[H:13])([H:14])[H:15])[H:17],19.0,3.0
2,-0.59886998044593,AM1BCC,OpenEye,,,O,,3,[H:16][C:7]1([C:6]([C:5]([C:4]([C:9]([C:8]1([H:18])[H:19])([H:20])[H:21])([H:11])[C:2](=[O:1])[O:3][H:10])([H:12])[H:13])([H:14])[H:15])[H:17],19.0,3.0
3,-0.10687000410897392,AM1BCC,OpenEye,,,C,,4,[H:16][C:7]1([C:6]([C:5]([C:4]([C:9]([C:8]1([H:18])[H:19])([H:20])[H:21])([H:11])[C:2](=[O:1])[O:3][H:10])([H:12])[H:13])([H:14])[H:15])[H:17],19.0,3.0
4,-0.06871999906642097,AM1BCC,OpenEye,,,C,,5,[H:16][C:7]1([C:6]([C:5]([C:4]([C:9]([C:8]1([H:18])[H:19])([H:20])[H:21])([H:11])[C:2](=[O:1])[O:3][H:10])([H:12])[H:13])([H:14])[H:15])[H:17],19.0,3.0
5,-0.07743000345570701,AM1BCC,OpenEye,,,C,,6,[H:16][C:7]1([C:6]([C:5]([C:4]([C:9]([C:8]1([H:18])[H:19])([H:20])[H:21])([H:11])[C:2](=[O:1])[O:3][H:10])([H:12])[H:13])([H:14])[H:15])[H:17],19.0,3.0
6,-0.07836999850613731,AM1BCC,OpenEye,,,C,,7,[H:16][C:7]1([C:6]([C:5]([C:4]([C:9]([C:8]1([H:18])[H:19])([H:20])[H:21])([H:11])[C:2](=[O:1])[O:3][H:10])([H:12])[H:13])([H:14])[H:15])[H:17],19.0,3.0
7,-0.07743000345570701,AM1BCC,OpenEye,,,C,,8,[H:16][C:7]1([C:6]([C:5]([C:4]([C:9]([C:8]1([H:18])[H:19])([H:20])[H:21])([H:11])[C:2](=[O:1])[O:3][H:10])([H:12])[H:13])([H:14])[H:15])[H:17],19.0,3.0
8,-0.06871999906642097,AM1BCC,OpenEye,,,C,,9,[H:16][C:7]1([C:6]([C:5]([C:4]([C:9]([C:8]1([H:18])[H:19])([H:20])[H:21])([H:11])[C:2](=[O:1])[O:3][H:10])([H:12])[H:13])([H:14])[H:15])[H:17],19.0,3.0
9,0.4415099908198629,AM1BCC,OpenEye,,,H,,10,[H:16][C:7]1([C:6]([C:5]([C:4]([C:9]([C:8]1([H:18])[H:19])([H:20])[H:21])([H:11])[C:2](=[O:1])[O:3][H:10])([H:12])[H:13])([H:14])[H:15])[H:17],19.0,3.0
10,0.0803799991096769,AM1BCC,OpenEye,,,H,,11,[H:16][C:7]1([C:6]([C:5]([C:4]([C:9]([C:8]1([H:18])[H:19])([H:20])[H:21])([H:11])[C:2](=[O:1])[O:3][H:10])([H:12])[H:13])([H:14])[H:15])[H:17],19.0,3.0
11,0.051630000450781414,AM1BCC,OpenEye,,,H,,12,[H:16][C:7]1([C:6]([C:5]([C:4]([C:9]([C:8]1([H:18])[H:19])([H:20])[H:21])([H:11])[C:2](=[O:1])[O:3][H:10])([H:12])[H:13])([H:14])[H:15])[H:17],19.0,3.0
12,0.051630000450781414,AM1BCC,OpenEye,,,H,,13,[H:16][C:7]1([C:6]([C:5]([C:4]([C:9]([C:8]1([H:18])[H:19])([H:20])[H:21])([H:11])[C:2](=[O:1])[O:3][H:10])([H:12])[H:13])([H:14])[H:15])[H:17],19.0,3.0
13,0.04613999915974481,AM1BCC,OpenEye,,,H,,14,[H:16][C:7]1([C:6]([C:5]([C:4]([C:9]([C:8]1([H:18])[H:19])([H:20])[H:21])([H:11])[C:2](=[O:1])[O:3][H:10])([H:12])[H:13])([H:14])[H:15])[H:17],19.0,3.0
14,0.04613999915974481,AM1BCC,OpenEye,,,H,,15,[H:16][C:7]1([C:6]([C:5]([C:4]([C:9]([C:8]1([H:18])[H:19])([H:20])[H:21])([H:11])[C:2](=[O:1])[O:3][H:10])([H:12])[H:13])([H:14])[H:15])[H:17],19.0,3.0
15,0.04056999725954873,AM1BCC,OpenEye,,,H,,16,[H:16][C:7]1([C:6]([C:5]([C:4]([C:9]([C:8]1([H:18])[H:19])([H:20])[H:21])([H:11])[C:2](=[O:1])[O:3][H:10])([H:12])[H:13])([H:14])[H:15])[H:17],19.0,3.0
16,0.04056999725954873,AM1BCC,OpenEye,,,H,,17,[H:16][C:7]1([C:6]([C:5]([C:4]([C:9]([C:8]1([H:18])[H:19])([H:20])[H:21])([H:11])[C:2](=[O:1])[O:3][H:10])([H:12])[H:13])([H:14])[H:15])[H:17],19.0,3.0
17,0.04613999915974481,AM1BCC,OpenEye,,,H,,18,[H:16][C:7]1([C:6]([C:5]([C:4]([C:9]([C:8]1([H:18])[H:19])([H:20])[H:21])([H:11])[C:2](=[O:1])[O:3][H:10])([H:12])[H:13])([H:14])[H:15])[H:17],19.0,3.0
18,0.04613999915974481,AM1BCC,OpenEye,,,H,,19,[H:16][C:7]1([C:6]([C:5]([C:4]([C:9]([C:8]1([H:18])[H:19])([H:20])[H:21])([H:11])[C:2](=[O:1])[O:3][H:10])([H:12])[H:13])([H:14])[H:15])[H:17],19.0,3.0
19,0.051630000450781414,AM1BCC,OpenEye,,,H,,20,[H:16][C:7]1([C:6]([C:5]([C:4]([C:9]([C:8]1([H:18])[H:19])([H:20])[H:21])([H:11])[C:2](=[O:1])[O:3][H:10])([H:12])[H:13])([H:14])[H:15])[H:17],19.0,3.0
20,0.051630000450781414,AM1BCC,OpenEye,,,H,,21,[H:16][C:7]1([C:6]([C:5]([C:4]([C:9]([C:8]1([H:18])[H:19])([H:20])[H:21])([H:11])[C:2](=[O:1])[O:3][H:10])([H:12])[H:13])([H:14])[H:15])[H:17],19.0,3.0
0,-0.5528571428571429,AM1BCC,AmberTools,,,O,,1,[H:16][C:7]1([C:6]([C:5]([C:4]([C:9]([C:8]1([H:18])[H:19])([H:20])[H:21])([H:11])[C:2](=[O:1])[O:3][H:10])([H:12])[H:13])([H:14])[H:15])[H:17],19.0,3.0
1,0.6342428571428571,AM1BCC,AmberTools,,,C,,2,[H:16][C:7]1([C:6]([C:5]([C:4]([C:9]([C:8]1([H:18])[H:19])([H:20])[H:21])([H:11])[C:2](=[O:1])[O:3][H:10])([H:12])[H:13])([H:14])[H:15])[H:17],19.0,3.0
2,-0.6059571428571429,AM1BCC,AmberTools,,,O,,3,[H:16][C:7]1([C:6]([C:5]([C:4]([C:9]([C:8]1([H:18])[H:19])([H:20])[H:21])([H:11])[C:2](=[O:1])[O:3][H:10])([H:12])[H:13])([H:14])[H:15])[H:17],19.0,3.0
3,-0.10255714285714285,AM1BCC,AmberTools,,,C,,4,[H:16][C:7]1([C:6]([C:5]([C:4]([C:9]([C:8]1([H:18])[H:19])([H:20])[H:21])([H:11])[C:2](=[O:1])[O:3][H:10])([H:12])[H:13])([H:14])[H:15])[H:17],19.0,3.0
4,-0.07025714285714285,AM1BCC,AmberTools,,,C,,5,[H:16][C:7]1([C:6]([C:5]([C:4]([C:9]([C:8]1([H:18])[H:19])([H:20])[H:21])([H:11])[C:2](=[O:1])[O:3][H:10])([H:12])[H:13])([H:14])[H:15])[H:17],19.0,3.0
5,-0.07775714285714284,AM1BCC,AmberTools,,,C,,6,[H:16][C:7]1([C:6]([C:5]([C:4]([C:9]([C:8]1([H:18])[H:19])([H:20])[H:21])([H:11])[C:2](=[O:1])[O:3][H:10])([H:12])[H:13])([H:14])[H:15])[H:17],19.0,3.0
6,-0.07725714285714284,AM1BCC,AmberTools,,,C,,7,[H:16][C:7]1([C:6]([C:5]([C:4]([C:9]([C:8]1([H:18])[H:19])([H:20])[H:21])([H:11])[C:2](=[O:1])[O:3][H:10])([H:12])[H:13])([H:14])[H:15])[H:17],19.0,3.0
7,-0.07775714285714284,AM1BCC,AmberTools,,,C,,8,[H:16][C:7]1([C:6]([C:5]([C:4]([C:9]([C:8]1([H:18])[H:19])([H:20])[H:21])([H:11])[C:2](=[O:1])[O:3][H:10])([H:12])[H:13])([H:14])[H:15])[H:17],19.0,3.0
8,-0.07025714285714285,AM1BCC,AmberTools,,,C,,9,[H:16][C:7]1([C:6]([C:5]([C:4]([C:9]([C:8]1([H:18])[H:19])([H:20])[H:21])([H:11])[C:2](=[O:1])[O:3][H:10])([H:12])[H:13])([H:14])[H:15])[H:17],19.0,3.0
9,0.44214285714285717,AM1BCC,AmberTools,,,H,,10,[H:16][C:7]1([C:6]([C:5]([C:4]([C:9]([C:8]1([H:18])[H:19])([H:20])[H:21])([H:11])[C:2](=[O:1])[O:3][H:10])([H:12])[H:13])([H:14])[H:15])[H:17],19.0,3.0
10,0.08084285714285715,AM1BCC,AmberTools,,,H,,11,[H:16][C:7]1([C:6]([C:5]([C:4]([C:9]([C:8]1([H:18])[H:19])([H:20])[H:21])([H:11])[C:2](=[O:1])[O:3][H:10])([H:12])[H:13])([H:14])[H:15])[H:17],19.0,3.0
11,0.05284285714285714,AM1BCC,AmberTools,,,H,,12,[H:16][C:7]1([C:6]([C:5]([C:4]([C:9]([C:8]1([H:18])[H:19])([H:20])[H:21])([H:11])[C:2](=[O:1])[O:3][H:10])([H:12])[H:13])([H:14])[H:15])[H:17],19.0,3.0
12,0.05284285714285714,AM1BCC,AmberTools,,,H,,13,[H:16][C:7]1([C:6]([C:5]([C:4]([C:9]([C:8]1([H:18])[H:19])([H:20])[H:21])([H:11])[C:2](=[O:1])[O:3][H:10])([H:12])[H:13])([H:14])[H:15])[H:17],19.0,3.0
13,0.046342857142857144,AM1BCC,AmberTools,,,H,,14,[H:16][C:7]1([C:6]([C:5]([C:4]([C:9]([C:8]1([H:18])[H:19])([H:20])[H:21])([H:11])[C:2](=[O:1])[O:3][H:10])([H:12])[H:13])([H:14])[H:15])[H:17],19.0,3.0
14,0.046342857142857144,AM1BCC,AmberTools,,,H,,15,[H:16][C:7]1([C:6]([C:5]([C:4]([C:9]([C:8]1([H:18])[H:19])([H:20])[H:21])([H:11])[C:2](=[O:1])[O:3][H:10])([H:12])[H:13])([H:14])[H:15])[H:17],19.0,3.0
15,0.040342857142857146,AM1BCC,AmberTools,,,H,,16,[H:16][C:7]1([C:6]([C:5]([C:4]([C:9]([C:8]1([H:18])[H:19])([H:20])[H:21])([H:11])[C:2](=[O:1])[O:3][H:10])([H:12])[H:13])([H:14])[H:15])[H:17],19.0,3.0
16,0.040342857142857146,AM1BCC,AmberTools,,,H,,17,[H:16][C:7]1([C:6]([C:5]([C:4]([C:9]([C:8]1([H:18])[H:19])([H:20])[H:21])([H:11])[C:2](=[O:1])[O:3][H:10])([H:12])[H:13])([H:14])[H:15])[H:17],19.0,3.0
17,0.046342857142857144,AM1BCC,AmberTools,,,H,,18,[H:16][C:7]1([C:6]([C:5]([C:4]([C:9]([C:8]1([H:18])[H:19])([H:20])[H:21])([H:11])[C:2](=[O:1])[O:3][H:10])([H:12])[H:13])([H:14])[H:15])[H:17],19.0,3.0
18,0.046342857142857144,AM1BCC,AmberTools,,,H,,19,[H:16][C:7]1([C:6]([C:5]([C:4]([C:9]([C:8]1([H:18])[H:19])([H:20])[H:21])([H:11])[C:2](=[O:1])[O:3][H:10])([H:12])[H:13])([H:14])[H:15])[H:17],19.0,3.0
19,0.05284285714285714,AM1BCC,AmberTools,,,H,,20,[H:16][C:7]1([C:6]([C:5]([C:4]([C:9]([C:8]1([H:18])[H:19])([H:20])[H:21])([H:11])[C:2](=[O:1])[O:3][H:10])([H:12])[H:13])([H:14])[H:15])[H:17],19.0,3.0
20,0.05284285714285714,AM1BCC,AmberTools,,,H,,21,[H:16][C:7]1([C:6]([C:5]([C:4]([C:9]([C:8]1([H:18])[H:19])([H:20])[H:21])([H:11])[C:2](=[O:1])[O:3][H:10])([H:12])[H:13])([H:14])[H:15])[H:17],19.0,3.0
0,-0.5529000173721995,AM1BCC,OpenEye,,,O,,1,[H:16][C:7]1([C:6]([C:5]([C:4]([C:9]([C:8]1([H:18])[H:19])([H:20])[H:21])([H:11])[C:2](=[O:1])[O:3][H:10])([H:12])[H:13])([H:14])[H:15])[H:17],19.0,4.0
1,0.6352000225867543,AM1BCC,OpenEye,,,C,,2,[H:16][C:7]1([C:6]([C:5]([C:4]([C:9]([C:8]1([H:18])[H:19])([H:20])[H:21])([H:11])[C:2](=[O:1])[O:3][H:10])([H:12])[H:13])([H:14])[H:15])[H:17],19.0,4.0
2,-0.59886998044593,AM1BCC,OpenEye,,,O,,3,[H:16][C:7]1([C:6]([C:5]([C:4]([C:9]([C:8]1([H:18])[H:19])([H:20])[H:21])([H:11])[C:2](=[O:1])[O:3][H:10])([H:12])[H:13])([H:14])[H:15])[H:17],19.0,4.0
3,-0.10687000410897392,AM1BCC,OpenEye,,,C,,4,[H:16][C:7]1([C:6]([C:5]([C:4]([C:9]([C:8]1([H:18])[H:19])([H:20])[H:21])([H:11])[C:2](=[O:1])[O:3][H:10])([H:12])[H:13])([H:14])[H:15])[H:17],19.0,4.0
4,-0.06871999906642097,AM1BCC,OpenEye,,,C,,5,[H:16][C:7]1([C:6]([C:5]([C:4]([C:9]([C:8]1([H:18])[H:19])([H:20])[H:21])([H:11])[C:2](=[O:1])[O:3][H:10])([H:12])[H:13])([H:14])[H:15])[H:17],19.0,4.0
5,-0.07743000345570701,AM1BCC,OpenEye,,,C,,6,[H:16][C:7]1([C:6]([C:5]([C:4]([C:9]([C:8]1([H:18])[H:19])([H:20])[H:21])([H:11])[C:2](=[O:1])[O:3][H:10])([H:12])[H:13])([H:14])[H:15])[H:17],19.0,4.0
6,-0.07836999850613731,AM1BCC,OpenEye,,,C,,7,[H:16][C:7]1([C:6]([C:5]([C:4]([C:9]([C:8]1([H:18])[H:19])([H:20])[H:21])([H:11])[C:2](=[O:1])[O:3][H:10])([H:12])[H:13])([H:14])[H:15])[H:17],19.0,4.0
7,-0.07743000345570701,AM1BCC,OpenEye,,,C,,8,[H:16][C:7]1([C:6]([C:5]([C:4]([C:9]([C:8]1([H:18])[H:19])([H:20])[H:21])([H:11])[C:2](=[O:1])[O:3][H:10])([H:12])[H:13])([H:14])[H:15])[H:17],19.0,4.0
8,-0.06871999906642097,AM1BCC,OpenEye,,,C,,9,[H:16][C:7]1([C:6]([C:5]([C:4]([C:9]([C:8]1([H:18])[H:19])([H:20])[H:21])([H:11])[C:2](=[O:1])[O:3][H:10])([H:12])[H:13])([H:14])[H:15])[H:17],19.0,4.0
9,0.4415099908198629,AM1BCC,OpenEye,,,H,,10,[H:16][C:7]1([C:6]([C:5]([C:4]([C:9]([C:8]1([H:18])[H:19])([H:20])[H:21])([H:11])[C:2](=[O:1])[O:3][H:10])([H:12])[H:13])([H:14])[H:15])[H:17],19.0,4.0
10,0.0803799991096769,AM1BCC,OpenEye,,,H,,11,[H:16][C:7]1([C:6]([C:5]([C:4]([C:9]([C:8]1([H:18])[H:19])([H:20])[H:21])([H:11])[C:2](=[O:1])[O:3][H:10])([H:12])[H:13])([H:14])[H:15])[H:17],19.0,4.0
11,0.051630000450781414,AM1BCC,OpenEye,,,H,,12,[H:16][C:7]1([C:6]([C:5]([C:4]([C:9]([C:8]1([H:18])[H:19])([H:20])[H:21])([H:11])[C:2](=[O:1])[O:3][H:10])([H:12])[H:13])([H:14])[H:15])[H:17],19.0,4.0
12,0.051630000450781414,AM1BCC,OpenEye,,,H,,13,[H:16][C:7]1([C:6]([C:5]([C:4]([C:9]([C:8]1([H:18])[H:19])([H:20])[H:21])([H:11])[C:2](=[O:1])[O:3][H:10])([H:12])[H:13])([H:14])[H:15])[H:17],19.0,4.0
13,0.04613999915974481,AM1BCC,OpenEye,,,H,,14,[H:16][C:7]1([C:6]([C:5]([C:4]([C:9]([C:8]1([H:18])[H:19])([H:20])[H:21])([H:11])[C:2](=[O:1])[O:3][H:10])([H:12])[H:13])([H:14])[H:15])[H:17],19.0,4.0
14,0.04613999915974481,AM1BCC,OpenEye,,,H,,15,[H:16][C:7]1([C:6]([C:5]([C:4]([C:9]([C:8]1([H:18])[H:19])([H:20])[H:21])([H:11])[C:2](=[O:1])[O:3][H:10])([H:12])[H:13])([H:14])[H:15])[H:17],19.0,4.0
15,0.04056999725954873,AM1BCC,OpenEye,,,H,,16,[H:16][C:7]1([C:6]([C:5]([C:4]([C:9]([C:8]1([H:18])[H:19])([H:20])[H:21])([H:11])[C:2](=[O:1])[O:3][H:10])([H:12])[H:13])([H:14])[H:15])[H:17],19.0,4.0
16,0.04056999725954873,AM1BCC,OpenEye,,,H,,17,[H:16][C:7]1([C:6]([C:5]([C:4]([C:9]([C:8]1([H:18])[H:19])([H:20])[H:21])([H:11])[C:2](=[O:1])[O:3][H:10])([H:12])[H:13])([H:14])[H:15])[H:17],19.0,4.0
17,0.04613999915974481,AM1BCC,OpenEye,,,H,,18,[H:16][C:7]1([C:6]([C:5]([C:4]([C:9]([C:8]1([H:18])[H:19])([H:20])[H:21])([H:11])[C:2](=[O:1])[O:3][H:10])([H:12])[H:13])([H:14])[H:15])[H:17],19.0,4.0
18,0.04613999915974481,AM1BCC,OpenEye,,,H,,19,[H:16][C:7]1([C:6]([C:5]([C:4]([C:9]([C:8]1([H:18])[H:19])([H:20])[H:21])([H:11])[C:2](=[O:1])[O:3][H:10])([H:12])[H:13])([H:14])[H:15])[H:17],19.0,4.0
19,0.051630000450781414,AM1BCC,OpenEye,,,H,,20,[H:16][C:7]1([C:6]([C:5]([C:4]([C:9]([C:8]1([H:18])[H:19])([H:20])[H:21])([H:11])[C:2](=[O:1])[O:3][H:10])([H:12])[H:13])([H:14])[H:15])[H:17],19.0,4.0
20,0.051630000450781414,AM1BCC,OpenEye,,,H,,21,[H:16][C:7]1([C:6]([C:5]([C:4]([C:9]([C:8]1([H:18])[H:19])([H:20])[H:21])([H:11])[C:2](=[O:1])[O:3][H:10])([H:12])[H:13])([H:14])[H:15])[H:17],19.0,4.0
0,-0.5528571428571429,AM1BCC,AmberTools,,,O,,1,[H:16][C:7]1([C:6]([C:5]([C:4]([C:9]([C:8]1([H:18])[H:19])([H:20])[H:21])([H:11])[C:2](=[O:1])[O:3][H:10])([H:12])[H:13])([H:14])[H:15])[H:17],19.0,4.0
1,0.6342428571428571,AM1BCC,AmberTools,,,C,,2,[H:16][C:7]1([C:6]([C:5]([C:4]([C:9]([C:8]1([H:18])[H:19])([H:20])[H:21])([H:11])[C:2](=[O:1])[O:3][H:10])([H:12])[H:13])([H:14])[H:15])[H:17],19.0,4.0
2,-0.6059571428571429,AM1BCC,AmberTools,,,O,,3,[H:16][C:7]1([C:6]([C:5]([C:4]([C:9]([C:8]1([H:18])[H:19])([H:20])[H:21])([H:11])[C:2](=[O:1])[O:3][H:10])([H:12])[H:13])([H:14])[H:15])[H:17],19.0,4.0
3,-0.10255714285714285,AM1BCC,AmberTools,,,C,,4,[H:16][C:7]1([C:6]([C:5]([C:4]([C:9]([C:8]1([H:18])[H:19])([H:20])[H:21])([H:11])[C:2](=[O:1])[O:3][H:10])([H:12])[H:13])([H:14])[H:15])[H:17],19.0,4.0
4,-0.07025714285714285,AM1BCC,AmberTools,,,C,,5,[H:16][C:7]1([C:6]([C:5]([C:4]([C:9]([C:8]1([H:18])[H:19])([H:20])[H:21])([H:11])[C:2](=[O:1])[O:3][H:10])([H:12])[H:13])([H:14])[H:15])[H:17],19.0,4.0
5,-0.07775714285714284,AM1BCC,AmberTools,,,C,,6,[H:16][C:7]1([C:6]([C:5]([C:4]([C:9]([C:8]1([H:18])[H:19])([H:20])[H:21])([H:11])[C:2](=[O:1])[O:3][H:10])([H:12])[H:13])([H:14])[H:15])[H:17],19.0,4.0
6,-0.07725714285714284,AM1BCC,AmberTools,,,C,,7,[H:16][C:7]1([C:6]([C:5]([C:4]([C:9]([C:8]1([H:18])[H:19])([H:20])[H:21])([H:11])[C:2](=[O:1])[O:3][H:10])([H:12])[H:13])([H:14])[H:15])[H:17],19.0,4.0
7,-0.07775714285714284,AM1BCC,AmberTools,,,C,,8,[H:16][C:7]1([C:6]([C:5]([C:4]([C:9]([C:8]1([H:18])[H:19])([H:20])[H:21])([H:11])[C:2](=[O:1])[O:3][H:10])([H:12])[H:13])([H:14])[H:15])[H:17],19.0,4.0
8,-0.07025714285714285,AM1BCC,AmberTools,,,C,,9,[H:16][C:7]1([C:6]([C:5]([C:4]([C:9]([C:8]1([H:18])[H:19])([H:20])[H:21])([H:11])[C:2](=[O:1])[O:3][H:10])([H:12])[H:13])([H:14])[H:15])[H:17],19.0,4.0
9,0.44214285714285717,AM1BCC,AmberTools,,,H,,10,[H:16][C:7]1([C:6]([C:5]([C:4]([C:9]([C:8]1([H:18])[H:19])([H:20])[H:21])([H:11])[C:2](=[O:1])[O:3][H:10])([H:12])[H:13])([H:14])[H:15])[H:17],19.0,4.0
10,0.08084285714285715,AM1BCC,AmberTools,,,H,,11,[H:16][C:7]1([C:6]([C:5]([C:4]([C:9]([C:8]1([H:18])[H:19])([H:20])[H:21])([H:11])[C:2](=[O:1])[O:3][H:10])([H:12])[H:13])([H:14])[H:15])[H:17],19.0,4.0
11,0.05284285714285714,AM1BCC,AmberTools,,,H,,12,[H:16][C:7]1([C:6]([C:5]([C:4]([C:9]([C:8]1([H:18])[H:19])([H:20])[H:21])([H:11])[C:2](=[O:1])[O:3][H:10])([H:12])[H:13])([H:14])[H:15])[H:17],19.0,4.0
12,0.05284285714285714,AM1BCC,AmberTools,,,H,,13,[H:16][C:7]1([C:6]([C:5]([C:4]([C:9]([C:8]1([H:18])[H:19])([H:20])[H:21])([H:11])[C:2](=[O:1])[O:3][H:10])([H:12])[H:13])([H:14])[H:15])[H:17],19.0,4.0
13,0.046342857142857144,AM1BCC,AmberTools,,,H,,14,[H:16][C:7]1([C:6]([C:5]([C:4]([C:9]([C:8]1([H:18])[H:19])([H:20])[H:21])([H:11])[C:2](=[O:1])[O:3][H:10])([H:12])[H:13])([H:14])[H:15])[H:17],19.0,4.0
14,0.046342857142857144,AM1BCC,AmberTools,,,H,,15,[H:16][C:7]1([C:6]([C:5]([C:4]([C:9]([C:8]1([H:18])[H:19])([H:20])[H:21])([H:11])[C:2](=[O:1])[O:3][H:10])([H:12])[H:13])([H:14])[H:15])[H:17],19.0,4.0
15,0.040342857142857146,AM1BCC,AmberTools,,,H,,16,[H:16][C:7]1([C:6]([C:5]([C:4]([C:9]([C:8]1([H:18])[H:19])([H:20])[H:21])([H:11])[C:2](=[O:1])[O:3][H:10])([H:12])[H:13])([H:14])[H:15])[H:17],19.0,4.0
16,0.040342857142857146,AM1BCC,AmberTools,,,H,,17,[H:16][C:7]1([C:6]([C:5]([C:4]([C:9]([C:8]1([H:18])[H:19])([H:20])[H:21])([H:11])[C:2](=[O:1])[O:3][H:10])([H:12])[H:13])([H:14])[H:15])[H:17],19.0,4.0
17,0.046342857142857144,AM1BCC,AmberTools,,,H,,18,[H:16][C:7]1([C:6]([C:5]([C:4]([C:9]([C:8]1([H:18])[H:19])([H:20])[H:21])([H:11])[C:2](=[O:1])[O:3][H:10])([H:12])[H:13])([H:14])[H:15])[H:17],19.0,4.0
18,0.046342857142857144,AM1BCC,AmberTools,,,H,,19,[H:16][C:7]1([C:6]([C:5]([C:4]([C:9]([C:8]1([H:18])[H:19])([H:20])[H:21])([H:11])[C:2](=[O:1])[O:3][H:10])([H:12])[H:13])([H:14])[H:15])[H:17],19.0,4.0
19,0.05284285714285714,AM1BCC,AmberTools,,,H,,20,[H:16][C:7]1([C:6]([C:5]([C:4]([C:9]([C:8]1([H:18])[H:19])([H:20])[H:21])([H:11])[C:2](=[O:1])[O:3][H:10])([H:12])[H:13])([H:14])[H:15])[H:17],19.0,4.0
20,0.05284285714285714,AM1BCC,AmberTools,,,H,,21,[H:16][C:7]1([C:6]([C:5]([C:4]([C:9]([C:8]1([H:18])[H:19])([H:20])[H:21])([H:11])[C:2](=[O:1])[O:3][H:10])([H:12])[H:13])([H:14])[H:15])[H:17],19.0,4.0
0,-0.5529000173721995,AM1BCC,OpenEye,,,O,,1,[H:16][C:7]1([C:6]([C:5]([C:4]([C:9]([C:8]1([H:18])[H:19])([H:20])[H:21])([H:11])[C:2](=[O:1])[O:3][H:10])([H:12])[H:13])([H:14])[H:15])[H:17],19.0,5.0
1,0.6352000225867543,AM1BCC,OpenEye,,,C,,2,[H:16][C:7]1([C:6]([C:5]([C:4]([C:9]([C:8]1([H:18])[H:19])([H:20])[H:21])([H:11])[C:2](=[O:1])[O:3][H:10])([H:12])[H:13])([H:14])[H:15])[H:17],19.0,5.0
2,-0.59886998044593,AM1BCC,OpenEye,,,O,,3,[H:16][C:7]1([C:6]([C:5]([C:4]([C:9]([C:8]1([H:18])[H:19])([H:20])[H:21])([H:11])[C:2](=[O:1])[O:3][H:10])([H:12])[H:13])([H:14])[H:15])[H:17],19.0,5.0
3,-0.10687000410897392,AM1BCC,OpenEye,,,C,,4,[H:16][C:7]1([C:6]([C:5]([C:4]([C:9]([C:8]1([H:18])[H:19])([H:20])[H:21])([H:11])[C:2](=[O:1])[O:3][H:10])([H:12])[H:13])([H:14])[H:15])[H:17],19.0,5.0
4,-0.06871999906642097,AM1BCC,OpenEye,,,C,,5,[H:16][C:7]1([C:6]([C:5]([C:4]([C:9]([C:8]1([H:18])[H:19])([H:20])[H:21])([H:11])[C:2](=[O:1])[O:3][H:10])([H:12])[H:13])([H:14])[H:15])[H:17],19.0,5.0
5,-0.07743000345570701,AM1BCC,OpenEye,,,C,,6,[H:16][C:7]1([C:6]([C:5]([C:4]([C:9]([C:8]1([H:18])[H:19])([H:20])[H:21])([H:11])[C:2](=[O:1])[O:3][H:10])([H:12])[H:13])([H:14])[H:15])[H:17],19.0,5.0
6,-0.07836999850613731,AM1BCC,OpenEye,,,C,,7,[H:16][C:7]1([C:6]([C:5]([C:4]([C:9]([C:8]1([H:18])[H:19])([H:20])[H:21])([H:11])[C:2](=[O:1])[O:3][H:10])([H:12])[H:13])([H:14])[H:15])[H:17],19.0,5.0
7,-0.07743000345570701,AM1BCC,OpenEye,,,C,,8,[H:16][C:7]1([C:6]([C:5]([C:4]([C:9]([C:8]1([H:18])[H:19])([H:20])[H:21])([H:11])[C:2](=[O:1])[O:3][H:10])([H:12])[H:13])([H:14])[H:15])[H:17],19.0,5.0
8,-0.06871999906642097,AM1BCC,OpenEye,,,C,,9,[H:16][C:7]1([C:6]([C:5]([C:4]([C:9]([C:8]1([H:18])[H:19])([H:20])[H:21])([H:11])[C:2](=[O:1])[O:3][H:10])([H:12])[H:13])([H:14])[H:15])[H:17],19.0,5.0
9,0.4415099908198629,AM1BCC,OpenEye,,,H,,10,[H:16][C:7]1([C:6]([C:5]([C:4]([C:9]([C:8]1([H:18])[H:19])([H:20])[H:21])([H:11])[C:2](=[O:1])[O:3][H:10])([H:12])[H:13])([H:14])[H:15])[H:17],19.0,5.0
10,0.0803799991096769,AM1BCC,OpenEye,,,H,,11,[H:16][C:7]1([C:6]([C:5]([C:4]([C:9]([C:8]1([H:18])[H:19])([H:20])[H:21])([H:11])[C:2](=[O:1])[O:3][H:10])([H:12])[H:13])([H:14])[H:15])[H:17],19.0,5.0
11,0.051630000450781414,AM1BCC,OpenEye,,,H,,12,[H:16][C:7]1([C:6]([C:5]([C:4]([C:9]([C:8]1([H:18])[H:19])([H:20])[H:21])([H:11])[C:2](=[O:1])[O:3][H:10])([H:12])[H:13])([H:14])[H:15])[H:17],19.0,5.0
12,0.051630000450781414,AM1BCC,OpenEye,,,H,,13,[H:16][C:7]1([C:6]([C:5]([C:4]([C:9]([C:8]1([H:18])[H:19])([H:20])[H:21])([H:11])[C:2](=[O:1])[O:3][H:10])([H:12])[H:13])([H:14])[H:15])[H:17],19.0,5.0
13,0.04613999915974481,AM1BCC,OpenEye,,,H,,14,[H:16][C:7]1([C:6]([C:5]([C:4]([C:9]([C:8]1([H:18])[H:19])([H:20])[H:21])([H:11])[C:2](=[O:1])[O:3][H:10])([H:12])[H:13])([H:14])[H:15])[H:17],19.0,5.0
14,0.04613999915974481,AM1BCC,OpenEye,,,H,,15,[H:16][C:7]1([C:6]([C:5]([C:4]([C:9]([C:8]1([H:18])[H:19])([H:20])[H:21])([H:11])[C:2](=[O:1])[O:3][H:10])([H:12])[H:13])([H:14])[H:15])[H:17],19.0,5.0
15,0.04056999725954873,AM1BCC,OpenEye,,,H,,16,[H:16][C:7]1([C:6]([C:5]([C:4]([C:9]([C:8]1([H:18])[H:19])([H:20])[H:21])([H:11])[C:2](=[O:1])[O:3][H:10])([H:12])[H:13])([H:14])[H:15])[H:17],19.0,5.0
16,0.04056999725954873,AM1BCC,OpenEye,,,H,,17,[H:16][C:7]1([C:6]([C:5]([C:4]([C:9]([C:8]1([H:18])[H:19])([H:20])[H:21])([H:11])[C:2](=[O:1])[O:3][H:10])([H:12])[H:13])([H:14])[H:15])[H:17],19.0,5.0
17,0.04613999915974481,AM1BCC,OpenEye,,,H,,18,[H:16][C:7]1([C:6]([C:5]([C:4]([C:9]([C:8]1([H:18])[H:19])([H:20])[H:21])([H:11])[C:2](=[O:1])[O:3][H:10])([H:12])[H:13])([H:14])[H:15])[H:17],19.0,5.0
18,0.04613999915974481,AM1BCC,OpenEye,,,H,,19,[H:16][C:7]1([C:6]([C:5]([C:4]([C:9]([C:8]1([H:18])[H:19])([H:20])[H:21])([H:11])[C:2](=[O:1])[O:3][H:10])([H:12])[H:13])([H:14])[H:15])[H:17],19.0,5.0
19,0.051630000450781414,AM1BCC,OpenEye,,,H,,20,[H:16][C:7]1([C:6]([C:5]([C:4]([C:9]([C:8]1([H:18])[H:19])([H:20])[H:21])([H:11])[C:2](=[O:1])[O:3][H:10])([H:12])[H:13])([H:14])[H:15])[H:17],19.0,5.0
20,0.051630000450781414,AM1BCC,OpenEye,,,H,,21,[H:16][C:7]1([C:6]([C:5]([C:4]([C:9]([C:8]1([H:18])[H:19])([H:20])[H:21])([H:11])[C:2](=[O:1])[O:3][H:10])([H:12])[H:13])([H:14])[H:15])[H:17],19.0,5.0
0,-0.5528571428571429,AM1BCC,AmberTools,,,O,,1,[H:16][C:7]1([C:6]([C:5]([C:4]([C:9]([C:8]1([H:18])[H:19])([H:20])[H:21])([H:11])[C:2](=[O:1])[O:3][H:10])([H:12])[H:13])([H:14])[H:15])[H:17],19.0,5.0
1,0.6342428571428571,AM1BCC,AmberTools,,,C,,2,[H:16][C:7]1([C:6]([C:5]([C:4]([C:9]([C:8]1([H:18])[H:19])([H:20])[H:21])([H:11])[C:2](=[O:1])[O:3][H:10])([H:12])[H:13])([H:14])[H:15])[H:17],19.0,5.0
2,-0.6059571428571429,AM1BCC,AmberTools,,,O,,3,[H:16][C:7]1([C:6]([C:5]([C:4]([C:9]([C:8]1([H:18])[H:19])([H:20])[H:21])([H:11])[C:2](=[O:1])[O:3][H:10])([H:12])[H:13])([H:14])[H:15])[H:17],19.0,5.0
3,-0.10255714285714285,AM1BCC,AmberTools,,,C,,4,[H:16][C:7]1([C:6]([C:5]([C:4]([C:9]([C:8]1([H:18])[H:19])([H:20])[H:21])([H:11])[C:2](=[O:1])[O:3][H:10])([H:12])[H:13])([H:14])[H:15])[H:17],19.0,5.0
4,-0.07025714285714285,AM1BCC,AmberTools,,,C,,5,[H:16][C:7]1([C:6]([C:5]([C:4]([C:9]([C:8]1([H:18])[H:19])([H:20])[H:21])([H:11])[C:2](=[O:1])[O:3][H:10])([H:12])[H:13])([H:14])[H:15])[H:17],19.0,5.0
5,-0.07775714285714284,AM1BCC,AmberTools,,,C,,6,[H:16][C:7]1([C:6]([C:5]([C:4]([C:9]([C:8]1([H:18])[H:19])([H:20])[H:21])([H:11])[C:2](=[O:1])[O:3][H:10])([H:12])[H:13])([H:14])[H:15])[H:17],19.0,5.0
6,-0.07725714285714284,AM1BCC,AmberTools,,,C,,7,[H:16][C:7]1([C:6]([C:5]([C:4]([C:9]([C:8]1([H:18])[H:19])([H:20])[H:21])([H:11])[C:2](=[O:1])[O:3][H:10])([H:12])[H:13])([H:14])[H:15])[H:17],19.0,5.0
7,-0.07775714285714284,AM1BCC,AmberTools,,,C,,8,[H:16][C:7]1([C:6]([C:5]([C:4]([C:9]([C:8]1([H:18])[H:19])([H:20])[H:21])([H:11])[C:2](=[O:1])[O:3][H:10])([H:12])[H:13])([H:14])[H:15])[H:17],19.0,5.0
8,-0.07025714285714285,AM1BCC,AmberTools,,,C,,9,[H:16][C:7]1([C:6]([C:5]([C:4]([C:9]([C:8]1([H:18])[H:19])([H:20])[H:21])([H:11])[C:2](=[O:1])[O:3][H:10])([H:12])[H:13])([H:14])[H:15])[H:17],19.0,5.0
9,0.44214285714285717,AM1BCC,AmberTools,,,H,,10,[H:16][C:7]1([C:6]([C:5]([C:4]([C:9]([C:8]1([H:18])[H:19])([H:20])[H:21])([H:11])[C:2](=[O:1])[O:3][H:10])([H:12])[H:13])([H:14])[H:15])[H:17],19.0,5.0
10,0.08084285714285715,AM1BCC,AmberTools,,,H,,11,[H:16][C:7]1([C:6]([C:5]([C:4]([C:9]([C:8]1([H:18])[H:19])([H:20])[H:21])([H:11])[C:2](=[O:1])[O:3][H:10])([H:12])[H:13])([H:14])[H:15])[H:17],19.0,5.0
11,0.05284285714285714,AM1BCC,AmberTools,,,H,,12,[H:16][C:7]1([C:6]([C:5]([C:4]([C:9]([C:8]1([H:18])[H:19])([H:20])[H:21])([H:11])[C:2](=[O:1])[O:3][H:10])([H:12])[H:13])([H:14])[H:15])[H:17],19.0,5.0
12,0.05284285714285714,AM1BCC,AmberTools,,,H,,13,[H:16][C:7]1([C:6]([C:5]([C:4]([C:9]([C:8]1([H:18])[H:19])([H:20])[H:21])([H:11])[C:2](=[O:1])[O:3][H:10])([H:12])[H:13])([H:14])[H:15])[H:17],19.0,5.0
13,0.046342857142857144,AM1BCC,AmberTools,,,H,,14,[H:16][C:7]1([C:6]([C:5]([C:4]([C:9]([C:8]1([H:18])[H:19])([H:20])[H:21])([H:11])[C:2](=[O:1])[O:3][H:10])([H:12])[H:13])([H:14])[H:15])[H:17],19.0,5.0
14,0.046342857142857144,AM1BCC,AmberTools,,,H,,15,[H:16][C:7]1([C:6]([C:5]([C:4]([C:9]([C:8]1([H:18])[H:19])([H:20])[H:21])([H:11])[C:2](=[O:1])[O:3][H:10])([H:12])[H:13])([H:14])[H:15])[H:17],19.0,5.0
15,0.040342857142857146,AM1BCC,AmberTools,,,H,,16,[H:16][C:7]1([C:6]([C:5]([C:4]([C:9]([C:8]1([H:18])[H:19])([H:20])[H:21])([H:11])[C:2](=[O:1])[O:3][H:10])([H:12])[H:13])([H:14])[H:15])[H:17],19.0,5.0
16,0.040342857142857146,AM1BCC,AmberTools,,,H,,17,[H:16][C:7]1([C:6]([C:5]([C:4]([C:9]([C:8]1([H:18])[H:19])([H:20])[H:21])([H:11])[C:2](=[O:1])[O:3][H:10])([H:12])[H:13])([H:14])[H:15])[H:17],19.0,5.0
17,0.046342857142857144,AM1BCC,AmberTools,,,H,,18,[H:16][C:7]1([C:6]([C:5]([C:4]([C:9]([C:8]1([H:18])[H:19])([H:20])[H:21])([H:11])[C:2](=[O:1])[O:3][H:10])([H:12])[H:13])([H:14])[H:15])[H:17],19.0,5.0
18,0.046342857142857144,AM1BCC,AmberTools,,,H,,19,[H:16][C:7]1([C:6]([C:5]([C:4]([C:9]([C:8]1([H:18])[H:19])([H:20])[H:21])([H:11])[C:2](=[O:1])[O:3][H:10])([H:12])[H:13])([H:14])[H:15])[H:17],19.0,5.0
19,0.05284285714285714,AM1BCC,AmberTools,,,H,,20,[H:16][C:7]1([C:6]([C:5]([C:4]([C:9]([C:8]1([H:18])[H:19])([H:20])[H:21])([H:11])[C:2](=[O:1])[O:3][H:10])([H:12])[H:13])([H:14])[H:15])[H:17],19.0,5.0
20,0.05284285714285714,AM1BCC,AmberTools,,,H,,21,[H:16][C:7]1([C:6]([C:5]([C:4]([C:9]([C:8]1([H:18])[H:19])([H:20])[H:21])([H:11])[C:2](=[O:1])[O:3][H:10])([H:12])[H:13])([H:14])[H:15])[H:17],19.0,5.0
0,-0.5529000173721995,AM1BCC,OpenEye,,,O,,1,[H:16][C:7]1([C:6]([C:5]([C:4]([C:9]([C:8]1([H:18])[H:19])([H:20])[H:21])([H:11])[C:2](=[O:1])[O:3][H:10])([H:12])[H:13])([H:14])[H:15])[H:17],19.0,6.0
1,0.6352000225867543,AM1BCC,OpenEye,,,C,,2,[H:16][C:7]1([C:6]([C:5]([C:4]([C:9]([C:8]1([H:18])[H:19])([H:20])[H:21])([H:11])[C:2](=[O:1])[O:3][H:10])([H:12])[H:13])([H:14])[H:15])[H:17],19.0,6.0
2,-0.59886998044593,AM1BCC,OpenEye,,,O,,3,[H:16][C:7]1([C:6]([C:5]([C:4]([C:9]([C:8]1([H:18])[H:19])([H:20])[H:21])([H:11])[C:2](=[O:1])[O:3][H:10])([H:12])[H:13])([H:14])[H:15])[H:17],19.0,6.0
3,-0.10687000410897392,AM1BCC,OpenEye,,,C,,4,[H:16][C:7]1([C:6]([C:5]([C:4]([C:9]([C:8]1([H:18])[H:19])([H:20])[H:21])([H:11])[C:2](=[O:1])[O:3][H:10])([H:12])[H:13])([H:14])[H:15])[H:17],19.0,6.0
4,-0.06871999906642097,AM1BCC,OpenEye,,,C,,5,[H:16][C:7]1([C:6]([C:5]([C:4]([C:9]([C:8]1([H:18])[H:19])([H:20])[H:21])([H:11])[C:2](=[O:1])[O:3][H:10])([H:12])[H:13])([H:14])[H:15])[H:17],19.0,6.0
5,-0.07743000345570701,AM1BCC,OpenEye,,,C,,6,[H:16][C:7]1([C:6]([C:5]([C:4]([C:9]([C:8]1([H:18])[H:19])([H:20])[H:21])([H:11])[C:2](=[O:1])[O:3][H:10])([H:12])[H:13])([H:14])[H:15])[H:17],19.0,6.0
6,-0.07836999850613731,AM1BCC,OpenEye,,,C,,7,[H:16][C:7]1([C:6]([C:5]([C:4]([C:9]([C:8]1([H:18])[H:19])([H:20])[H:21])([H:11])[C:2](=[O:1])[O:3][H:10])([H:12])[H:13])([H:14])[H:15])[H:17],19.0,6.0
7,-0.07743000345570701,AM1BCC,OpenEye,,,C,,8,[H:16][C:7]1([C:6]([C:5]([C:4]([C:9]([C:8]1([H:18])[H:19])([H:20])[H:21])([H:11])[C:2](=[O:1])[O:3][H:10])([H:12])[H:13])([H:14])[H:15])[H:17],19.0,6.0
8,-0.06871999906642097,AM1BCC,OpenEye,,,C,,9,[H:16][C:7]1([C:6]([C:5]([C:4]([C:9]([C:8]1([H:18])[H:19])([H:20])[H:21])([H:11])[C:2](=[O:1])[O:3][H:10])([H:12])[H:13])([H:14])[H:15])[H:17],19.0,6.0
9,0.4415099908198629,AM1BCC,OpenEye,,,H,,10,[H:16][C:7]1([C:6]([C:5]([C:4]([C:9]([C:8]1([H:18])[H:19])([H:20])[H:21])([H:11])[C:2](=[O:1])[O:3][H:10])([H:12])[H:13])([H:14])[H:15])[H:17],19.0,6.0
10,0.0803799991096769,AM1BCC,OpenEye,,,H,,11,[H:16][C:7]1([C:6]([C:5]([C:4]([C:9]([C:8]1([H:18])[H:19])([H:20])[H:21])([H:11])[C:2](=[O:1])[O:3][H:10])([H:12])[H:13])([H:14])[H:15])[H:17],19.0,6.0
11,0.051630000450781414,AM1BCC,OpenEye,,,H,,12,[H:16][C:7]1([C:6]([C:5]([C:4]([C:9]([C:8]1([H:18])[H:19])([H:20])[H:21])([H:11])[C:2](=[O:1])[O:3][H:10])([H:12])[H:13])([H:14])[H:15])[H:17],19.0,6.0
12,0.051630000450781414,AM1BCC,OpenEye,,,H,,13,[H:16][C:7]1([C:6]([C:5]([C:4]([C:9]([C:8]1([H:18])[H:19])([H:20])[H:21])([H:11])[C:2](=[O:1])[O:3][H:10])([H:12])[H:13])([H:14])[H:15])[H:17],19.0,6.0
13,0.04613999915974481,AM1BCC,OpenEye,,,H,,14,[H:16][C:7]1([C:6]([C:5]([C:4]([C:9]([C:8]1([H:18])[H:19])([H:20])[H:21])([H:11])[C:2](=[O:1])[O:3][H:10])([H:12])[H:13])([H:14])[H:15])[H:17],19.0,6.0
14,0.04613999915974481,AM1BCC,OpenEye,,,H,,15,[H:16][C:7]1([C:6]([C:5]([C:4]([C:9]([C:8]1([H:18])[H:19])([H:20])[H:21])([H:11])[C:2](=[O:1])[O:3][H:10])([H:12])[H:13])([H:14])[H:15])[H:17],19.0,6.0
15,0.04056999725954873,AM1BCC,OpenEye,,,H,,16,[H:16][C:7]1([C:6]([C:5]([C:4]([C:9]([C:8]1([H:18])[H:19])([H:20])[H:21])([H:11])[C:2](=[O:1])[O:3][H:10])([H:12])[H:13])([H:14])[H:15])[H:17],19.0,6.0
16,0.04056999725954873,AM1BCC,OpenEye,,,H,,17,[H:16][C:7]1([C:6]([C:5]([C:4]([C:9]([C:8]1([H:18])[H:19])([H:20])[H:21])([H:11])[C:2](=[O:1])[O:3][H:10])([H:12])[H:13])([H:14])[H:15])[H:17],19.0,6.0
17,0.04613999915974481,AM1BCC,OpenEye,,,H,,18,[H:16][C:7]1([C:6]([C:5]([C:4]([C:9]([C:8]1([H:18])[H:19])([H:20])[H:21])([H:11])[C:2](=[O:1])[O:3][H:10])([H:12])[H:13])([H:14])[H:15])[H:17],19.0,6.0
18,0.04613999915974481,AM1BCC,OpenEye,,,H,,19,[H:16][C:7]1([C:6]([C:5]([C:4]([C:9]([C:8]1([H:18])[H:19])([H:20])[H:21])([H:11])[C:2](=[O:1])[O:3][H:10])([H:12])[H:13])([H:14])[H:15])[H:17],19.0,6.0
19,0.051630000450781414,AM1BCC,OpenEye,,,H,,20,[H:16][C:7]1([C:6]([C:5]([C:4]([C:9]([C:8]1([H:18])[H:19])([H:20])[H:21])([H:11])[C:2](=[O:1])[O:3][H:10])([H:12])[H:13])([H:14])[H:15])[H:17],19.0,6.0
20,0.051630000450781414,AM1BCC,OpenEye,,,H,,21,[H:16][C:7]1([C:6]([C:5]([C:4]([C:9]([C:8]1([H:18])[H:19])([H:20])[H:21])([H:11])[C:2](=[O:1])[O:3][H:10])([H:12])[H:13])([H:14])[H:15])[H:17],19.0,6.0
0,-0.5528571428571429,AM1BCC,AmberTools,,,O,,1,[H:16][C:7]1([C:6]([C:5]([C:4]([C:9]([C:8]1([H:18])[H:19])([H:20])[H:21])([H:11])[C:2](=[O:1])[O:3][H:10])([H:12])[H:13])([H:14])[H:15])[H:17],19.0,6.0
1,0.6342428571428571,AM1BCC,AmberTools,,,C,,2,[H:16][C:7]1([C:6]([C:5]([C:4]([C:9]([C:8]1([H:18])[H:19])([H:20])[H:21])([H:11])[C:2](=[O:1])[O:3][H:10])([H:12])[H:13])([H:14])[H:15])[H:17],19.0,6.0
2,-0.6059571428571429,AM1BCC,AmberTools,,,O,,3,[H:16][C:7]1([C:6]([C:5]([C:4]([C:9]([C:8]1([H:18])[H:19])([H:20])[H:21])([H:11])[C:2](=[O:1])[O:3][H:10])([H:12])[H:13])([H:14])[H:15])[H:17],19.0,6.0
3,-0.10255714285714285,AM1BCC,AmberTools,,,C,,4,[H:16][C:7]1([C:6]([C:5]([C:4]([C:9]([C:8]1([H:18])[H:19])([H:20])[H:21])([H:11])[C:2](=[O:1])[O:3][H:10])([H:12])[H:13])([H:14])[H:15])[H:17],19.0,6.0
4,-0.07025714285714285,AM1BCC,AmberTools,,,C,,5,[H:16][C:7]1([C:6]([C:5]([C:4]([C:9]([C:8]1([H:18])[H:19])([H:20])[H:21])([H:11])[C:2](=[O:1])[O:3][H:10])([H:12])[H:13])([H:14])[H:15])[H:17],19.0,6.0
5,-0.07775714285714284,AM1BCC,AmberTools,,,C,,6,[H:16][C:7]1([C:6]([C:5]([C:4]([C:9]([C:8]1([H:18])[H:19])([H:20])[H:21])([H:11])[C:2](=[O:1])[O:3][H:10])([H:12])[H:13])([H:14])[H:15])[H:17],19.0,6.0
6,-0.07725714285714284,AM1BCC,AmberTools,,,C,,7,[H:16][C:7]1([C:6]([C:5]([C:4]([C:9]([C:8]1([H:18])[H:19])([H:20])[H:21])([H:11])[C:2](=[O:1])[O:3][H:10])([H:12])[H:13])([H:14])[H:15])[H:17],19.0,6.0
7,-0.07775714285714284,AM1BCC,AmberTools,,,C,,8,[H:16][C:7]1([C:6]([C:5]([C:4]([C:9]([C:8]1([H:18])[H:19])([H:20])[H:21])([H:11])[C:2](=[O:1])[O:3][H:10])([H:12])[H:13])([H:14])[H:15])[H:17],19.0,6.0
8,-0.07025714285714285,AM1BCC,AmberTools,,,C,,9,[H:16][C:7]1([C:6]([C:5]([C:4]([C:9]([C:8]1([H:18])[H:19])([H:20])[H:21])([H:11])[C:2](=[O:1])[O:3][H:10])([H:12])[H:13])([H:14])[H:15])[H:17],19.0,6.0
9,0.44214285714285717,AM1BCC,AmberTools,,,H,,10,[H:16][C:7]1([C:6]([C:5]([C:4]([C:9]([C:8]1([H:18])[H:19])([H:20])[H:21])([H:11])[C:2](=[O:1])[O:3][H:10])([H:12])[H:13])([H:14])[H:15])[H:17],19.0,6.0
10,0.08084285714285715,AM1BCC,AmberTools,,,H,,11,[H:16][C:7]1([C:6]([C:5]([C:4]([C:9]([C:8]1([H:18])[H:19])([H:20])[H:21])([H:11])[C:2](=[O:1])[O:3][H:10])([H:12])[H:13])([H:14])[H:15])[H:17],19.0,6.0
11,0.05284285714285714,AM1BCC,AmberTools,,,H,,12,[H:16][C:7]1([C:6]([C:5]([C:4]([C:9]([C:8]1([H:18])[H:19])([H:20])[H:21])([H:11])[C:2](=[O:1])[O:3][H:10])([H:12])[H:13])([H:14])[H:15])[H:17],19.0,6.0
12,0.05284285714285714,AM1BCC,AmberTools,,,H,,13,[H:16][C:7]1([C:6]([C:5]([C:4]([C:9]([C:8]1([H:18])[H:19])([H:20])[H:21])([H:11])[C:2](=[O:1])[O:3][H:10])([H:12])[H:13])([H:14])[H:15])[H:17],19.0,6.0
13,0.046342857142857144,AM1BCC,AmberTools,,,H,,14,[H:16][C:7]1([C:6]([C:5]([C:4]([C:9]([C:8]1([H:18])[H:19])([H:20])[H:21])([H:11])[C:2](=[O:1])[O:3][H:10])([H:12])[H:13])([H:14])[H:15])[H:17],19.0,6.0
14,0.046342857142857144,AM1BCC,AmberTools,,,H,,15,[H:16][C:7]1([C:6]([C:5]([C:4]([C:9]([C:8]1([H:18])[H:19])([H:20])[H:21])([H:11])[C:2](=[O:1])[O:3][H:10])([H:12])[H:13])([H:14])[H:15])[H:17],19.0,6.0
15,0.040342857142857146,AM1BCC,AmberTools,,,H,,16,[H:16][C:7]1([C:6]([C:5]([C:4]([C:9]([C:8]1([H:18])[H:19])([H:20])[H:21])([H:11])[C:2](=[O:1])[O:3][H:10])([H:12])[H:13])([H:14])[H:15])[H:17],19.0,6.0
16,0.040342857142857146,AM1BCC,AmberTools,,,H,,17,[H:16][C:7]1([C:6]([C:5]([C:4]([C:9]([C:8]1([H:18])[H:19])([H:20])[H:21])([H:11])[C:2](=[O:1])[O:3][H:10])([H:12])[H:13])([H:14])[H:15])[H:17],19.0,6.0
17,0.046342857142857144,AM1BCC,AmberTools,,,H,,18,[H:16][C:7]1([C:6]([C:5]([C:4]([C:9]([C:8]1([H:18])[H:19])([H:20])[H:21])([H:11])[C:2](=[O:1])[O:3][H:10])([H:12])[H:13])([H:14])[H:15])[H:17],19.0,6.0
18,0.046342857142857144,AM1BCC,AmberTools,,,H,,19,[H:16][C:7]1([C:6]([C:5]([C:4]([C:9]([C:8]1([H:18])[H:19])([H:20])[H:21])([H:11])[C:2](=[O:1])[O:3][H:10])([H:12])[H:13])([H:14])[H:15])[H:17],19.0,6.0
19,0.05284285714285714,AM1BCC,AmberTools,,,H,,20,[H:16][C:7]1([C:6]([C:5]([C:4]([C:9]([C:8]1([H:18])[H:19])([H:20])[H:21])([H:11])[C:2](=[O:1])[O:3][H:10])([H:12])[H:13])([H:14])[H:15])[H:17],19.0,6.0
20,0.05284285714285714,AM1BCC,AmberTools,,,H,,21,[H:16][C:7]1([C:6]([C:5]([C:4]([C:9]([C:8]1([H:18])[H:19])([H:20])[H:21])([H:11])[C:2](=[O:1])[O:3][H:10])([H:12])[H:13])([H:14])[H:15])[H:17],19.0,6.0
0,-0.5529000173721995,AM1BCC,OpenEye,,,O,,1,[H:16][C:7]1([C:6]([C:5]([C:4]([C:9]([C:8]1([H:18])[H:19])([H:20])[H:21])([H:11])[C:2](=[O:1])[O:3][H:10])([H:12])[H:13])([H:14])[H:15])[H:17],19.0,7.0
1,0.6352000225867543,AM1BCC,OpenEye,,,C,,2,[H:16][C:7]1([C:6]([C:5]([C:4]([C:9]([C:8]1([H:18])[H:19])([H:20])[H:21])([H:11])[C:2](=[O:1])[O:3][H:10])([H:12])[H:13])([H:14])[H:15])[H:17],19.0,7.0
2,-0.59886998044593,AM1BCC,OpenEye,,,O,,3,[H:16][C:7]1([C:6]([C:5]([C:4]([C:9]([C:8]1([H:18])[H:19])([H:20])[H:21])([H:11])[C:2](=[O:1])[O:3][H:10])([H:12])[H:13])([H:14])[H:15])[H:17],19.0,7.0
3,-0.10687000410897392,AM1BCC,OpenEye,,,C,,4,[H:16][C:7]1([C:6]([C:5]([C:4]([C:9]([C:8]1([H:18])[H:19])([H:20])[H:21])([H:11])[C:2](=[O:1])[O:3][H:10])([H:12])[H:13])([H:14])[H:15])[H:17],19.0,7.0
4,-0.06871999906642097,AM1BCC,OpenEye,,,C,,5,[H:16][C:7]1([C:6]([C:5]([C:4]([C:9]([C:8]1([H:18])[H:19])([H:20])[H:21])([H:11])[C:2](=[O:1])[O:3][H:10])([H:12])[H:13])([H:14])[H:15])[H:17],19.0,7.0
5,-0.07743000345570701,AM1BCC,OpenEye,,,C,,6,[H:16][C:7]1([C:6]([C:5]([C:4]([C:9]([C:8]1([H:18])[H:19])([H:20])[H:21])([H:11])[C:2](=[O:1])[O:3][H:10])([H:12])[H:13])([H:14])[H:15])[H:17],19.0,7.0
6,-0.07836999850613731,AM1BCC,OpenEye,,,C,,7,[H:16][C:7]1([C:6]([C:5]([C:4]([C:9]([C:8]1([H:18])[H:19])([H:20])[H:21])([H:11])[C:2](=[O:1])[O:3][H:10])([H:12])[H:13])([H:14])[H:15])[H:17],19.0,7.0
7,-0.07743000345570701,AM1BCC,OpenEye,,,C,,8,[H:16][C:7]1([C:6]([C:5]([C:4]([C:9]([C:8]1([H:18])[H:19])([H:20])[H:21])([H:11])[C:2](=[O:1])[O:3][H:10])([H:12])[H:13])([H:14])[H:15])[H:17],19.0,7.0
8,-0.06871999906642097,AM1BCC,OpenEye,,,C,,9,[H:16][C:7]1([C:6]([C:5]([C:4]([C:9]([C:8]1([H:18])[H:19])([H:20])[H:21])([H:11])[C:2](=[O:1])[O:3][H:10])([H:12])[H:13])([H:14])[H:15])[H:17],19.0,7.0
9,0.4415099908198629,AM1BCC,OpenEye,,,H,,10,[H:16][C:7]1([C:6]([C:5]([C:4]([C:9]([C:8]1([H:18])[H:19])([H:20])[H:21])([H:11])[C:2](=[O:1])[O:3][H:10])([H:12])[H:13])([H:14])[H:15])[H:17],19.0,7.0
10,0.0803799991096769,AM1BCC,OpenEye,,,H,,11,[H:16][C:7]1([C:6]([C:5]([C:4]([C:9]([C:8]1([H:18])[H:19])([H:20])[H:21])([H:11])[C:2](=[O:1])[O:3][H:10])([H:12])[H:13])([H:14])[H:15])[H:17],19.0,7.0
11,0.051630000450781414,AM1BCC,OpenEye,,,H,,12,[H:16][C:7]1([C:6]([C:5]([C:4]([C:9]([C:8]1([H:18])[H:19])([H:20])[H:21])([H:11])[C:2](=[O:1])[O:3][H:10])([H:12])[H:13])([H:14])[H:15])[H:17],19.0,7.0
12,0.051630000450781414,AM1BCC,OpenEye,,,H,,13,[H:16][C:7]1([C:6]([C:5]([C:4]([C:9]([C:8]1([H:18])[H:19])([H:20])[H:21])([H:11])[C:2](=[O:1])[O:3][H:10])([H:12])[H:13])([H:14])[H:15])[H:17],19.0,7.0
13,0.04613999915974481,AM1BCC,OpenEye,,,H,,14,[H:16][C:7]1([C:6]([C:5]([C:4]([C:9]([C:8]1([H:18])[H:19])([H:20])[H:21])([H:11])[C:2](=[O:1])[O:3][H:10])([H:12])[H:13])([H:14])[H:15])[H:17],19.0,7.0
14,0.04613999915974481,AM1BCC,OpenEye,,,H,,15,[H:16][C:7]1([C:6]([C:5]([C:4]([C:9]([C:8]1([H:18])[H:19])([H:20])[H:21])([H:11])[C:2](=[O:1])[O:3][H:10])([H:12])[H:13])([H:14])[H:15])[H:17],19.0,7.0
15,0.04056999725954873,AM1BCC,OpenEye,,,H,,16,[H:16][C:7]1([C:6]([C:5]([C:4]([C:9]([C:8]1([H:18])[H:19])([H:20])[H:21])([H:11])[C:2](=[O:1])[O:3][H:10])([H:12])[H:13])([H:14])[H:15])[H:17],19.0,7.0
16,0.04056999725954873,AM1BCC,OpenEye,,,H,,17,[H:16][C:7]1([C:6]([C:5]([C:4]([C:9]([C:8]1([H:18])[H:19])([H:20])[H:21])([H:11])[C:2](=[O:1])[O:3][H:10])([H:12])[H:13])([H:14])[H:15])[H:17],19.0,7.0
17,0.04613999915974481,AM1BCC,OpenEye,,,H,,18,[H:16][C:7]1([C:6]([C:5]([C:4]([C:9]([C:8]1([H:18])[H:19])([H:20])[H:21])([H:11])[C:2](=[O:1])[O:3][H:10])([H:12])[H:13])([H:14])[H:15])[H:17],19.0,7.0
18,0.04613999915974481,AM1BCC,OpenEye,,,H,,19,[H:16][C:7]1([C:6]([C:5]([C:4]([C:9]([C:8]1([H:18])[H:19])([H:20])[H:21])([H:11])[C:2](=[O:1])[O:3][H:10])([H:12])[H:13])([H:14])[H:15])[H:17],19.0,7.0
19,0.051630000450781414,AM1BCC,OpenEye,,,H,,20,[H:16][C:7]1([C:6]([C:5]([C:4]([C:9]([C:8]1([H:18])[H:19])([H:20])[H:21])([H:11])[C:2](=[O:1])[O:3][H:10])([H:12])[H:13])([H:14])[H:15])[H:17],19.0,7.0
20,0.051630000450781414,AM1BCC,OpenEye,,,H,,21,[H:16][C:7]1([C:6]([C:5]([C:4]([C:9]([C:8]1([H:18])[H:19])([H:20])[H:21])([H:11])[C:2](=[O:1])[O:3][H:10])([H:12])[H:13])([H:14])[H:15])[H:17],19.0,7.0
0,-0.5528571428571429,AM1BCC,AmberTools,,,O,,1,[H:16][C:7]1([C:6]([C:5]([C:4]([C:9]([C:8]1([H:18])[H:19])([H:20])[H:21])([H:11])[C:2](=[O:1])[O:3][H:10])([H:12])[H:13])([H:14])[H:15])[H:17],19.0,7.0
1,0.6342428571428571,AM1BCC,AmberTools,,,C,,2,[H:16][C:7]1([C:6]([C:5]([C:4]([C:9]([C:8]1([H:18])[H:19])([H:20])[H:21])([H:11])[C:2](=[O:1])[O:3][H:10])([H:12])[H:13])([H:14])[H:15])[H:17],19.0,7.0
2,-0.6059571428571429,AM1BCC,AmberTools,,,O,,3,[H:16][C:7]1([C:6]([C:5]([C:4]([C:9]([C:8]1([H:18])[H:19])([H:20])[H:21])([H:11])[C:2](=[O:1])[O:3][H:10])([H:12])[H:13])([H:14])[H:15])[H:17],19.0,7.0
3,-0.10255714285714285,AM1BCC,AmberTools,,,C,,4,[H:16][C:7]1([C:6]([C:5]([C:4]([C:9]([C:8]1([H:18])[H:19])([H:20])[H:21])([H:11])[C:2](=[O:1])[O:3][H:10])([H:12])[H:13])([H:14])[H:15])[H:17],19.0,7.0
4,-0.07025714285714285,AM1BCC,AmberTools,,,C,,5,[H:16][C:7]1([C:6]([C:5]([C:4]([C:9]([C:8]1([H:18])[H:19])([H:20])[H:21])([H:11])[C:2](=[O:1])[O:3][H:10])([H:12])[H:13])([H:14])[H:15])[H:17],19.0,7.0
5,-0.07775714285714284,AM1BCC,AmberTools,,,C,,6,[H:16][C:7]1([C:6]([C:5]([C:4]([C:9]([C:8]1([H:18])[H:19])([H:20])[H:21])([H:11])[C:2](=[O:1])[O:3][H:10])([H:12])[H:13])([H:14])[H:15])[H:17],19.0,7.0
6,-0.07725714285714284,AM1BCC,AmberTools,,,C,,7,[H:16][C:7]1([C:6]([C:5]([C:4]([C:9]([C:8]1([H:18])[H:19])([H:20])[H:21])([H:11])[C:2](=[O:1])[O:3][H:10])([H:12])[H:13])([H:14])[H:15])[H:17],19.0,7.0
7,-0.07775714285714284,AM1BCC,AmberTools,,,C,,8,[H:16][C:7]1([C:6]([C:5]([C:4]([C:9]([C:8]1([H:18])[H:19])([H:20])[H:21])([H:11])[C:2](=[O:1])[O:3][H:10])([H:12])[H:13])([H:14])[H:15])[H:17],19.0,7.0
8,-0.07025714285714285,AM1BCC,AmberTools,,,C,,9,[H:16][C:7]1([C:6]([C:5]([C:4]([C:9]([C:8]1([H:18])[H:19])([H:20])[H:21])([H:11])[C:2](=[O:1])[O:3][H:10])([H:12])[H:13])([H:14])[H:15])[H:17],19.0,7.0
9,0.44214285714285717,AM1BCC,AmberTools,,,H,,10,[H:16][C:7]1([C:6]([C:5]([C:4]([C:9]([C:8]1([H:18])[H:19])([H:20])[H:21])([H:11])[C:2](=[O:1])[O:3][H:10])([H:12])[H:13])([H:14])[H:15])[H:17],19.0,7.0
10,0.08084285714285715,AM1BCC,AmberTools,,,H,,11,[H:16][C:7]1([C:6]([C:5]([C:4]([C:9]([C:8]1([H:18])[H:19])([H:20])[H:21])([H:11])[C:2](=[O:1])[O:3][H:10])([H:12])[H:13])([H:14])[H:15])[H:17],19.0,7.0
11,0.05284285714285714,AM1BCC,AmberTools,,,H,,12,[H:16][C:7]1([C:6]([C:5]([C:4]([C:9]([C:8]1([H:18])[H:19])([H:20])[H:21])([H:11])[C:2](=[O:1])[O:3][H:10])([H:12])[H:13])([H:14])[H:15])[H:17],19.0,7.0
12,0.05284285714285714,AM1BCC,AmberTools,,,H,,13,[H:16][C:7]1([C:6]([C:5]([C:4]([C:9]([C:8]1([H:18])[H:19])([H:20])[H:21])([H:11])[C:2](=[O:1])[O:3][H:10])([H:12])[H:13])([H:14])[H:15])[H:17],19.0,7.0
13,0.046342857142857144,AM1BCC,AmberTools,,,H,,14,[H:16][C:7]1([C:6]([C:5]([C:4]([C:9]([C:8]1([H:18])[H:19])([H:20])[H:21])([H:11])[C:2](=[O:1])[O:3][H:10])([H:12])[H:13])([H:14])[H:15])[H:17],19.0,7.0
14,0.046342857142857144,AM1BCC,AmberTools,,,H,,15,[H:16][C:7]1([C:6]([C:5]([C:4]([C:9]([C:8]1([H:18])[H:19])([H:20])[H:21])([H:11])[C:2](=[O:1])[O:3][H:10])([H:12])[H:13])([H:14])[H:15])[H:17],19.0,7.0
15,0.040342857142857146,AM1BCC,AmberTools,,,H,,16,[H:16][C:7]1([C:6]([C:5]([C:4]([C:9]([C:8]1([H:18])[H:19])([H:20])[H:21])([H:11])[C:2](=[O:1])[O:3][H:10])([H:12])[H:13])([H:14])[H:15])[H:17],19.0,7.0
16,0.040342857142857146,AM1BCC,AmberTools,,,H,,17,[H:16][C:7]1([C:6]([C:5]([C:4]([C:9]([C:8]1([H:18])[H:19])([H:20])[H:21])([H:11])[C:2](=[O:1])[O:3][H:10])([H:12])[H:13])([H:14])[H:15])[H:17],19.0,7.0
17,0.046342857142857144,AM1BCC,AmberTools,,,H,,18,[H:16][C:7]1([C:6]([C:5]([C:4]([C:9]([C:8]1([H:18])[H:19])([H:20])[H:21])([H:11])[C:2](=[O:1])[O:3][H:10])([H:12])[H:13])([H:14])[H:15])[H:17],19.0,7.0
18,0.046342857142857144,AM1BCC,AmberTools,,,H,,19,[H:16][C:7]1([C:6]([C:5]([C:4]([C:9]([C:8]1([H:18])[H:19])([H:20])[H:21])([H:11])[C:2](=[O:1])[O:3][H:10])([H:12])[H:13])([H:14])[H:15])[H:17],19.0,7.0
19,0.05284285714285714,AM1BCC,AmberTools,,,H,,20,[H:16][C:7]1([C:6]([C:5]([C:4]([C:9]([C:8]1([H:18])[H:19])([H:20])[H:21])([H:11])[C:2](=[O:1])[O:3][H:10])([H:12])[H:13])([H:14])[H:15])[H:17],19.0,7.0
20,0.05284285714285714,AM1BCC,AmberTools,,,H,,21,[H:16][C:7]1([C:6]([C:5]([C:4]([C:9]([C:8]1([H:18])[H:19])([H:20])[H:21])([H:11])[C:2](=[O:1])[O:3][H:10])([H:12])[H:13])([H:14])[H:15])[H:17],19.0,7.0
0,-0.5529000173721995,AM1BCC,OpenEye,,,O,,1,[H:16][C:7]1([C:6]([C:5]([C:4]([C:9]([C:8]1([H:18])[H:19])([H:20])[H:21])([H:11])[C:2](=[O:1])[O:3][H:10])([H:12])[H:13])([H:14])[H:15])[H:17],19.0,8.0
1,0.6352000225867543,AM1BCC,OpenEye,,,C,,2,[H:16][C:7]1([C:6]([C:5]([C:4]([C:9]([C:8]1([H:18])[H:19])([H:20])[H:21])([H:11])[C:2](=[O:1])[O:3][H:10])([H:12])[H:13])([H:14])[H:15])[H:17],19.0,8.0
2,-0.59886998044593,AM1BCC,OpenEye,,,O,,3,[H:16][C:7]1([C:6]([C:5]([C:4]([C:9]([C:8]1([H:18])[H:19])([H:20])[H:21])([H:11])[C:2](=[O:1])[O:3][H:10])([H:12])[H:13])([H:14])[H:15])[H:17],19.0,8.0
3,-0.10687000410897392,AM1BCC,OpenEye,,,C,,4,[H:16][C:7]1([C:6]([C:5]([C:4]([C:9]([C:8]1([H:18])[H:19])([H:20])[H:21])([H:11])[C:2](=[O:1])[O:3][H:10])([H:12])[H:13])([H:14])[H:15])[H:17],19.0,8.0
4,-0.06871999906642097,AM1BCC,OpenEye,,,C,,5,[H:16][C:7]1([C:6]([C:5]([C:4]([C:9]([C:8]1([H:18])[H:19])([H:20])[H:21])([H:11])[C:2](=[O:1])[O:3][H:10])([H:12])[H:13])([H:14])[H:15])[H:17],19.0,8.0
5,-0.07743000345570701,AM1BCC,OpenEye,,,C,,6,[H:16][C:7]1([C:6]([C:5]([C:4]([C:9]([C:8]1([H:18])[H:19])([H:20])[H:21])([H:11])[C:2](=[O:1])[O:3][H:10])([H:12])[H:13])([H:14])[H:15])[H:17],19.0,8.0
6,-0.07836999850613731,AM1BCC,OpenEye,,,C,,7,[H:16][C:7]1([C:6]([C:5]([C:4]([C:9]([C:8]1([H:18])[H:19])([H:20])[H:21])([H:11])[C:2](=[O:1])[O:3][H:10])([H:12])[H:13])([H:14])[H:15])[H:17],19.0,8.0
7,-0.07743000345570701,AM1BCC,OpenEye,,,C,,8,[H:16][C:7]1([C:6]([C:5]([C:4]([C:9]([C:8]1([H:18])[H:19])([H:20])[H:21])([H:11])[C:2](=[O:1])[O:3][H:10])([H:12])[H:13])([H:14])[H:15])[H:17],19.0,8.0
8,-0.06871999906642097,AM1BCC,OpenEye,,,C,,9,[H:16][C:7]1([C:6]([C:5]([C:4]([C:9]([C:8]1([H:18])[H:19])([H:20])[H:21])([H:11])[C:2](=[O:1])[O:3][H:10])([H:12])[H:13])([H:14])[H:15])[H:17],19.0,8.0
9,0.4415099908198629,AM1BCC,OpenEye,,,H,,10,[H:16][C:7]1([C:6]([C:5]([C:4]([C:9]([C:8]1([H:18])[H:19])([H:20])[H:21])([H:11])[C:2](=[O:1])[O:3][H:10])([H:12])[H:13])([H:14])[H:15])[H:17],19.0,8.0
10,0.0803799991096769,AM1BCC,OpenEye,,,H,,11,[H:16][C:7]1([C:6]([C:5]([C:4]([C:9]([C:8]1([H:18])[H:19])([H:20])[H:21])([H:11])[C:2](=[O:1])[O:3][H:10])([H:12])[H:13])([H:14])[H:15])[H:17],19.0,8.0
11,0.051630000450781414,AM1BCC,OpenEye,,,H,,12,[H:16][C:7]1([C:6]([C:5]([C:4]([C:9]([C:8]1([H:18])[H:19])([H:20])[H:21])([H:11])[C:2](=[O:1])[O:3][H:10])([H:12])[H:13])([H:14])[H:15])[H:17],19.0,8.0
12,0.051630000450781414,AM1BCC,OpenEye,,,H,,13,[H:16][C:7]1([C:6]([C:5]([C:4]([C:9]([C:8]1([H:18])[H:19])([H:20])[H:21])([H:11])[C:2](=[O:1])[O:3][H:10])([H:12])[H:13])([H:14])[H:15])[H:17],19.0,8.0
13,0.04613999915974481,AM1BCC,OpenEye,,,H,,14,[H:16][C:7]1([C:6]([C:5]([C:4]([C:9]([C:8]1([H:18])[H:19])([H:20])[H:21])([H:11])[C:2](=[O:1])[O:3][H:10])([H:12])[H:13])([H:14])[H:15])[H:17],19.0,8.0
14,0.04613999915974481,AM1BCC,OpenEye,,,H,,15,[H:16][C:7]1([C:6]([C:5]([C:4]([C:9]([C:8]1([H:18])[H:19])([H:20])[H:21])([H:11])[C:2](=[O:1])[O:3][H:10])([H:12])[H:13])([H:14])[H:15])[H:17],19.0,8.0
15,0.04056999725954873,AM1BCC,OpenEye,,,H,,16,[H:16][C:7]1([C:6]([C:5]([C:4]([C:9]([C:8]1([H:18])[H:19])([H:20])[H:21])([H:11])[C:2](=[O:1])[O:3][H:10])([H:12])[H:13])([H:14])[H:15])[H:17],19.0,8.0
16,0.04056999725954873,AM1BCC,OpenEye,,,H,,17,[H:16][C:7]1([C:6]([C:5]([C:4]([C:9]([C:8]1([H:18])[H:19])([H:20])[H:21])([H:11])[C:2](=[O:1])[O:3][H:10])([H:12])[H:13])([H:14])[H:15])[H:17],19.0,8.0
17,0.04613999915974481,AM1BCC,OpenEye,,,H,,18,[H:16][C:7]1([C:6]([C:5]([C:4]([C:9]([C:8]1([H:18])[H:19])([H:20])[H:21])([H:11])[C:2](=[O:1])[O:3][H:10])([H:12])[H:13])([H:14])[H:15])[H:17],19.0,8.0
18,0.04613999915974481,AM1BCC,OpenEye,,,H,,19,[H:16][C:7]1([C:6]([C:5]([C:4]([C:9]([C:8]1([H:18])[H:19])([H:20])[H:21])([H:11])[C:2](=[O:1])[O:3][H:10])([H:12])[H:13])([H:14])[H:15])[H:17],19.0,8.0
19,0.051630000450781414,AM1BCC,OpenEye,,,H,,20,[H:16][C:7]1([C:6]([C:5]([C:4]([C:9]([C:8]1([H:18])[H:19])([H:20])[H:21])([H:11])[C:2](=[O:1])[O:3][H:10])([H:12])[H:13])([H:14])[H:15])[H:17],19.0,8.0
20,0.051630000450781414,AM1BCC,OpenEye,,,H,,21,[H:16][C:7]1([C:6]([C:5]([C:4]([C:9]([C:8]1([H:18])[H:19])([H:20])[H:21])([H:11])[C:2](=[O:1])[O:3][H:10])([H:12])[H:13])([H:14])[H:15])[H:17],19.0,8.0
0,-0.5528571428571429,AM1BCC,AmberTools,,,O,,1,[H:16][C:7]1([C:6]([C:5]([C:4]([C:9]([C:8]1([H:18])[H:19])([H:20])[H:21])([H:11])[C:2](=[O:1])[O:3][H:10])([H:12])[H:13])([H:14])[H:15])[H:17],19.0,8.0
1,0.6342428571428571,AM1BCC,AmberTools,,,C,,2,[H:16][C:7]1([C:6]([C:5]([C:4]([C:9]([C:8]1([H:18])[H:19])([H:20])[H:21])([H:11])[C:2](=[O:1])[O:3][H:10])([H:12])[H:13])([H:14])[H:15])[H:17],19.0,8.0
2,-0.6059571428571429,AM1BCC,AmberTools,,,O,,3,[H:16][C:7]1([C:6]([C:5]([C:4]([C:9]([C:8]1([H:18])[H:19])([H:20])[H:21])([H:11])[C:2](=[O:1])[O:3][H:10])([H:12])[H:13])([H:14])[H:15])[H:17],19.0,8.0
3,-0.10255714285714285,AM1BCC,AmberTools,,,C,,4,[H:16][C:7]1([C:6]([C:5]([C:4]([C:9]([C:8]1([H:18])[H:19])([H:20])[H:21])([H:11])[C:2](=[O:1])[O:3][H:10])([H:12])[H:13])([H:14])[H:15])[H:17],19.0,8.0
4,-0.07025714285714285,AM1BCC,AmberTools,,,C,,5,[H:16][C:7]1([C:6]([C:5]([C:4]([C:9]([C:8]1([H:18])[H:19])([H:20])[H:21])([H:11])[C:2](=[O:1])[O:3][H:10])([H:12])[H:13])([H:14])[H:15])[H:17],19.0,8.0
5,-0.07775714285714284,AM1BCC,AmberTools,,,C,,6,[H:16][C:7]1([C:6]([C:5]([C:4]([C:9]([C:8]1([H:18])[H:19])([H:20])[H:21])([H:11])[C:2](=[O:1])[O:3][H:10])([H:12])[H:13])([H:14])[H:15])[H:17],19.0,8.0
6,-0.07725714285714284,AM1BCC,AmberTools,,,C,,7,[H:16][C:7]1([C:6]([C:5]([C:4]([C:9]([C:8]1([H:18])[H:19])([H:20])[H:21])([H:11])[C:2](=[O:1])[O:3][H:10])([H:12])[H:13])([H:14])[H:15])[H:17],19.0,8.0
7,-0.07775714285714284,AM1BCC,AmberTools,,,C,,8,[H:16][C:7]1([C:6]([C:5]([C:4]([C:9]([C:8]1([H:18])[H:19])([H:20])[H:21])([H:11])[C:2](=[O:1])[O:3][H:10])([H:12])[H:13])([H:14])[H:15])[H:17],19.0,8.0
8,-0.07025714285714285,AM1BCC,AmberTools,,,C,,9,[H:16][C:7]1([C:6]([C:5]([C:4]([C:9]([C:8]1([H:18])[H:19])([H:20])[H:21])([H:11])[C:2](=[O:1])[O:3][H:10])([H:12])[H:13])([H:14])[H:15])[H:17],19.0,8.0
9,0.44214285714285717,AM1BCC,AmberTools,,,H,,10,[H:16][C:7]1([C:6]([C:5]([C:4]([C:9]([C:8]1([H:18])[H:19])([H:20])[H:21])([H:11])[C:2](=[O:1])[O:3][H:10])([H:12])[H:13])([H:14])[H:15])[H:17],19.0,8.0
10,0.08084285714285715,AM1BCC,AmberTools,,,H,,11,[H:16][C:7]1([C:6]([C:5]([C:4]([C:9]([C:8]1([H:18])[H:19])([H:20])[H:21])([H:11])[C:2](=[O:1])[O:3][H:10])([H:12])[H:13])([H:14])[H:15])[H:17],19.0,8.0
11,0.05284285714285714,AM1BCC,AmberTools,,,H,,12,[H:16][C:7]1([C:6]([C:5]([C:4]([C:9]([C:8]1([H:18])[H:19])([H:20])[H:21])([H:11])[C:2](=[O:1])[O:3][H:10])([H:12])[H:13])([H:14])[H:15])[H:17],19.0,8.0
12,0.05284285714285714,AM1BCC,AmberTools,,,H,,13,[H:16][C:7]1([C:6]([C:5]([C:4]([C:9]([C:8]1([H:18])[H:19])([H:20])[H:21])([H:11])[C:2](=[O:1])[O:3][H:10])([H:12])[H:13])([H:14])[H:15])[H:17],19.0,8.0
13,0.046342857142857144,AM1BCC,AmberTools,,,H,,14,[H:16][C:7]1([C:6]([C:5]([C:4]([C:9]([C:8]1([H:18])[H:19])([H:20])[H:21])([H:11])[C:2](=[O:1])[O:3][H:10])([H:12])[H:13])([H:14])[H:15])[H:17],19.0,8.0
14,0.046342857142857144,AM1BCC,AmberTools,,,H,,15,[H:16][C:7]1([C:6]([C:5]([C:4]([C:9]([C:8]1([H:18])[H:19])([H:20])[H:21])([H:11])[C:2](=[O:1])[O:3][H:10])([H:12])[H:13])([H:14])[H:15])[H:17],19.0,8.0
15,0.040342857142857146,AM1BCC,AmberTools,,,H,,16,[H:16][C:7]1([C:6]([C:5]([C:4]([C:9]([C:8]1([H:18])[H:19])([H:20])[H:21])([H:11])[C:2](=[O:1])[O:3][H:10])([H:12])[H:13])([H:14])[H:15])[H:17],19.0,8.0
16,0.040342857142857146,AM1BCC,AmberTools,,,H,,17,[H:16][C:7]1([C:6]([C:5]([C:4]([C:9]([C:8]1([H:18])[H:19])([H:20])[H:21])([H:11])[C:2](=[O:1])[O:3][H:10])([H:12])[H:13])([H:14])[H:15])[H:17],19.0,8.0
17,0.046342857142857144,AM1BCC,AmberTools,,,H,,18,[H:16][C:7]1([C:6]([C:5]([C:4]([C:9]([C:8]1([H:18])[H:19])([H:20])[H:21])([H:11])[C:2](=[O:1])[O:3][H:10])([H:12])[H:13])([H:14])[H:15])[H:17],19.0,8.0
18,0.046342857142857144,AM1BCC,AmberTools,,,H,,19,[H:16][C:7]1([C:6]([C:5]([C:4]([C:9]([C:8]1([H:18])[H:19])([H:20])[H:21])([H:11])[C:2](=[O:1])[O:3][H:10])([H:12])[H:13])([H:14])[H:15])[H:17],19.0,8.0
19,0.05284285714285714,AM1BCC,AmberTools,,,H,,20,[H:16][C:7]1([C:6]([C:5]([C:4]([C:9]([C:8]1([H:18])[H:19])([H:20])[H:21])([H:11])[C:2](=[O:1])[O:3][H:10])([H:12])[H:13])([H:14])[H:15])[H:17],19.0,8.0
20,0.05284285714285714,AM1BCC,AmberTools,,,H,,21,[H:16][C:7]1([C:6]([C:5]([C:4]([C:9]([C:8]1([H:18])[H:19])([H:20])[H:21])([H:11])[C:2](=[O:1])[O:3][H:10])([H:12])[H:13])([H:14])[H:15])[H:17],19.0,8.0
0,-0.5529000173721995,AM1BCC,OpenEye,,,O,,1,[H:16][C:7]1([C:6]([C:5]([C:4]([C:9]([C:8]1([H:18])[H:19])([H:20])[H:21])([H:11])[C:2](=[O:1])[O:3][H:10])([H:12])[H:13])([H:14])[H:15])[H:17],19.0,9.0
1,0.6352000225867543,AM1BCC,OpenEye,,,C,,2,[H:16][C:7]1([C:6]([C:5]([C:4]([C:9]([C:8]1([H:18])[H:19])([H:20])[H:21])([H:11])[C:2](=[O:1])[O:3][H:10])([H:12])[H:13])([H:14])[H:15])[H:17],19.0,9.0
2,-0.59886998044593,AM1BCC,OpenEye,,,O,,3,[H:16][C:7]1([C:6]([C:5]([C:4]([C:9]([C:8]1([H:18])[H:19])([H:20])[H:21])([H:11])[C:2](=[O:1])[O:3][H:10])([H:12])[H:13])([H:14])[H:15])[H:17],19.0,9.0
3,-0.10687000410897392,AM1BCC,OpenEye,,,C,,4,[H:16][C:7]1([C:6]([C:5]([C:4]([C:9]([C:8]1([H:18])[H:19])([H:20])[H:21])([H:11])[C:2](=[O:1])[O:3][H:10])([H:12])[H:13])([H:14])[H:15])[H:17],19.0,9.0
4,-0.06871999906642097,AM1BCC,OpenEye,,,C,,5,[H:16][C:7]1([C:6]([C:5]([C:4]([C:9]([C:8]1([H:18])[H:19])([H:20])[H:21])([H:11])[C:2](=[O:1])[O:3][H:10])([H:12])[H:13])([H:14])[H:15])[H:17],19.0,9.0
5,-0.07743000345570701,AM1BCC,OpenEye,,,C,,6,[H:16][C:7]1([C:6]([C:5]([C:4]([C:9]([C:8]1([H:18])[H:19])([H:20])[H:21])([H:11])[C:2](=[O:1])[O:3][H:10])([H:12])[H:13])([H:14])[H:15])[H:17],19.0,9.0
6,-0.07836999850613731,AM1BCC,OpenEye,,,C,,7,[H:16][C:7]1([C:6]([C:5]([C:4]([C:9]([C:8]1([H:18])[H:19])([H:20])[H:21])([H:11])[C:2](=[O:1])[O:3][H:10])([H:12])[H:13])([H:14])[H:15])[H:17],19.0,9.0
7,-0.07743000345570701,AM1BCC,OpenEye,,,C,,8,[H:16][C:7]1([C:6]([C:5]([C:4]([C:9]([C:8]1([H:18])[H:19])([H:20])[H:21])([H:11])[C:2](=[O:1])[O:3][H:10])([H:12])[H:13])([H:14])[H:15])[H:17],19.0,9.0
8,-0.06871999906642097,AM1BCC,OpenEye,,,C,,9,[H:16][C:7]1([C:6]([C:5]([C:4]([C:9]([C:8]1([H:18])[H:19])([H:20])[H:21])([H:11])[C:2](=[O:1])[O:3][H:10])([H:12])[H:13])([H:14])[H:15])[H:17],19.0,9.0
9,0.4415099908198629,AM1BCC,OpenEye,,,H,,10,[H:16][C:7]1([C:6]([C:5]([C:4]([C:9]([C:8]1([H:18])[H:19])([H:20])[H:21])([H:11])[C:2](=[O:1])[O:3][H:10])([H:12])[H:13])([H:14])[H:15])[H:17],19.0,9.0
10,0.0803799991096769,AM1BCC,OpenEye,,,H,,11,[H:16][C:7]1([C:6]([C:5]([C:4]([C:9]([C:8]1([H:18])[H:19])([H:20])[H:21])([H:11])[C:2](=[O:1])[O:3][H:10])([H:12])[H:13])([H:14])[H:15])[H:17],19.0,9.0
11,0.051630000450781414,AM1BCC,OpenEye,,,H,,12,[H:16][C:7]1([C:6]([C:5]([C:4]([C:9]([C:8]1([H:18])[H:19])([H:20])[H:21])([H:11])[C:2](=[O:1])[O:3][H:10])([H:12])[H:13])([H:14])[H:15])[H:17],19.0,9.0
12,0.051630000450781414,AM1BCC,OpenEye,,,H,,13,[H:16][C:7]1([C:6]([C:5]([C:4]([C:9]([C:8]1([H:18])[H:19])([H:20])[H:21])([H:11])[C:2](=[O:1])[O:3][H:10])([H:12])[H:13])([H:14])[H:15])[H:17],19.0,9.0
13,0.04613999915974481,AM1BCC,OpenEye,,,H,,14,[H:16][C:7]1([C:6]([C:5]([C:4]([C:9]([C:8]1([H:18])[H:19])([H:20])[H:21])([H:11])[C:2](=[O:1])[O:3][H:10])([H:12])[H:13])([H:14])[H:15])[H:17],19.0,9.0
14,0.04613999915974481,AM1BCC,OpenEye,,,H,,15,[H:16][C:7]1([C:6]([C:5]([C:4]([C:9]([C:8]1([H:18])[H:19])([H:20])[H:21])([H:11])[C:2](=[O:1])[O:3][H:10])([H:12])[H:13])([H:14])[H:15])[H:17],19.0,9.0
15,0.04056999725954873,AM1BCC,OpenEye,,,H,,16,[H:16][C:7]1([C:6]([C:5]([C:4]([C:9]([C:8]1([H:18])[H:19])([H:20])[H:21])([H:11])[C:2](=[O:1])[O:3][H:10])([H:12])[H:13])([H:14])[H:15])[H:17],19.0,9.0
16,0.04056999725954873,AM1BCC,OpenEye,,,H,,17,[H:16][C:7]1([C:6]([C:5]([C:4]([C:9]([C:8]1([H:18])[H:19])([H:20])[H:21])([H:11])[C:2](=[O:1])[O:3][H:10])([H:12])[H:13])([H:14])[H:15])[H:17],19.0,9.0
17,0.04613999915974481,AM1BCC,OpenEye,,,H,,18,[H:16][C:7]1([C:6]([C:5]([C:4]([C:9]([C:8]1([H:18])[H:19])([H:20])[H:21])([H:11])[C:2](=[O:1])[O:3][H:10])([H:12])[H:13])([H:14])[H:15])[H:17],19.0,9.0
18,0.04613999915974481,AM1BCC,OpenEye,,,H,,19,[H:16][C:7]1([C:6]([C:5]([C:4]([C:9]([C:8]1([H:18])[H:19])([H:20])[H:21])([H:11])[C:2](=[O:1])[O:3][H:10])([H:12])[H:13])([H:14])[H:15])[H:17],19.0,9.0
19,0.051630000450781414,AM1BCC,OpenEye,,,H,,20,[H:16][C:7]1([C:6]([C:5]([C:4]([C:9]([C:8]1([H:18])[H:19])([H:20])[H:21])([H:11])[C:2](=[O:1])[O:3][H:10])([H:12])[H:13])([H:14])[H:15])[H:17],19.0,9.0
20,0.051630000450781414,AM1BCC,OpenEye,,,H,,21,[H:16][C:7]1([C:6]([C:5]([C:4]([C:9]([C:8]1([H:18])[H:19])([H:20])[H:21])([H:11])[C:2](=[O:1])[O:3][H:10])([H:12])[H:13])([H:14])[H:15])[H:17],19.0,9.0
0,-0.5528571428571429,AM1BCC,AmberTools,,,O,,1,[H:16][C:7]1([C:6]([C:5]([C:4]([C:9]([C:8]1([H:18])[H:19])([H:20])[H:21])([H:11])[C:2](=[O:1])[O:3][H:10])([H:12])[H:13])([H:14])[H:15])[H:17],19.0,9.0
1,0.6342428571428571,AM1BCC,AmberTools,,,C,,2,[H:16][C:7]1([C:6]([C:5]([C:4]([C:9]([C:8]1([H:18])[H:19])([H:20])[H:21])([H:11])[C:2](=[O:1])[O:3][H:10])([H:12])[H:13])([H:14])[H:15])[H:17],19.0,9.0
2,-0.6059571428571429,AM1BCC,AmberTools,,,O,,3,[H:16][C:7]1([C:6]([C:5]([C:4]([C:9]([C:8]1([H:18])[H:19])([H:20])[H:21])([H:11])[C:2](=[O:1])[O:3][H:10])([H:12])[H:13])([H:14])[H:15])[H:17],19.0,9.0
3,-0.10255714285714285,AM1BCC,AmberTools,,,C,,4,[H:16][C:7]1([C:6]([C:5]([C:4]([C:9]([C:8]1([H:18])[H:19])([H:20])[H:21])([H:11])[C:2](=[O:1])[O:3][H:10])([H:12])[H:13])([H:14])[H:15])[H:17],19.0,9.0
4,-0.07025714285714285,AM1BCC,AmberTools,,,C,,5,[H:16][C:7]1([C:6]([C:5]([C:4]([C:9]([C:8]1([H:18])[H:19])([H:20])[H:21])([H:11])[C:2](=[O:1])[O:3][H:10])([H:12])[H:13])([H:14])[H:15])[H:17],19.0,9.0
5,-0.07775714285714284,AM1BCC,AmberTools,,,C,,6,[H:16][C:7]1([C:6]([C:5]([C:4]([C:9]([C:8]1([H:18])[H:19])([H:20])[H:21])([H:11])[C:2](=[O:1])[O:3][H:10])([H:12])[H:13])([H:14])[H:15])[H:17],19.0,9.0
6,-0.07725714285714284,AM1BCC,AmberTools,,,C,,7,[H:16][C:7]1([C:6]([C:5]([C:4]([C:9]([C:8]1([H:18])[H:19])([H:20])[H:21])([H:11])[C:2](=[O:1])[O:3][H:10])([H:12])[H:13])([H:14])[H:15])[H:17],19.0,9.0
7,-0.07775714285714284,AM1BCC,AmberTools,,,C,,8,[H:16][C:7]1([C:6]([C:5]([C:4]([C:9]([C:8]1([H:18])[H:19])([H:20])[H:21])([H:11])[C:2](=[O:1])[O:3][H:10])([H:12])[H:13])([H:14])[H:15])[H:17],19.0,9.0
8,-0.07025714285714285,AM1BCC,AmberTools,,,C,,9,[H:16][C:7]1([C:6]([C:5]([C:4]([C:9]([C:8]1([H:18])[H:19])([H:20])[H:21])([H:11])[C:2](=[O:1])[O:3][H:10])([H:12])[H:13])([H:14])[H:15])[H:17],19.0,9.0
9,0.44214285714285717,AM1BCC,AmberTools,,,H,,10,[H:16][C:7]1([C:6]([C:5]([C:4]([C:9]([C:8]1([H:18])[H:19])([H:20])[H:21])([H:11])[C:2](=[O:1])[O:3][H:10])([H:12])[H:13])([H:14])[H:15])[H:17],19.0,9.0
10,0.08084285714285715,AM1BCC,AmberTools,,,H,,11,[H:16][C:7]1([C:6]([C:5]([C:4]([C:9]([C:8]1([H:18])[H:19])([H:20])[H:21])([H:11])[C:2](=[O:1])[O:3][H:10])([H:12])[H:13])([H:14])[H:15])[H:17],19.0,9.0
11,0.05284285714285714,AM1BCC,AmberTools,,,H,,12,[H:16][C:7]1([C:6]([C:5]([C:4]([C:9]([C:8]1([H:18])[H:19])([H:20])[H:21])([H:11])[C:2](=[O:1])[O:3][H:10])([H:12])[H:13])([H:14])[H:15])[H:17],19.0,9.0
12,0.05284285714285714,AM1BCC,AmberTools,,,H,,13,[H:16][C:7]1([C:6]([C:5]([C:4]([C:9]([C:8]1([H:18])[H:19])([H:20])[H:21])([H:11])[C:2](=[O:1])[O:3][H:10])([H:12])[H:13])([H:14])[H:15])[H:17],19.0,9.0
13,0.046342857142857144,AM1BCC,AmberTools,,,H,,14,[H:16][C:7]1([C:6]([C:5]([C:4]([C:9]([C:8]1([H:18])[H:19])([H:20])[H:21])([H:11])[C:2](=[O:1])[O:3][H:10])([H:12])[H:13])([H:14])[H:15])[H:17],19.0,9.0
14,0.046342857142857144,AM1BCC,AmberTools,,,H,,15,[H:16][C:7]1([C:6]([C:5]([C:4]([C:9]([C:8]1([H:18])[H:19])([H:20])[H:21])([H:11])[C:2](=[O:1])[O:3][H:10])([H:12])[H:13])([H:14])[H:15])[H:17],19.0,9.0
15,0.040342857142857146,AM1BCC,AmberTools,,,H,,16,[H:16][C:7]1([C:6]([C:5]([C:4]([C:9]([C:8]1([H:18])[H:19])([H:20])[H:21])([H:11])[C:2](=[O:1])[O:3][H:10])([H:12])[H:13])([H:14])[H:15])[H:17],19.0,9.0
16,0.040342857142857146,AM1BCC,AmberTools,,,H,,17,[H:16][C:7]1([C:6]([C:5]([C:4]([C:9]([C:8]1([H:18])[H:19])([H:20])[H:21])([H:11])[C:2](=[O:1])[O:3][H:10])([H:12])[H:13])([H:14])[H:15])[H:17],19.0,9.0
17,0.046342857142857144,AM1BCC,AmberTools,,,H,,18,[H:16][C:7]1([C:6]([C:5]([C:4]([C:9]([C:8]1([H:18])[H:19])([H:20])[H:21])([H:11])[C:2](=[O:1])[O:3][H:10])([H:12])[H:13])([H:14])[H:15])[H:17],19.0,9.0
18,0.046342857142857144,AM1BCC,AmberTools,,,H,,19,[H:16][C:7]1([C:6]([C:5]([C:4]([C:9]([C:8]1([H:18])[H:19])([H:20])[H:21])([H:11])[C:2](=[O:1])[O:3][H:10])([H:12])[H:13])([H:14])[H:15])[H:17],19.0,9.0
19,0.05284285714285714,AM1BCC,AmberTools,,,H,,20,[H:16][C:7]1([C:6]([C:5]([C:4]([C:9]([C:8]1([H:18])[H:19])([H:20])[H:21])([H:11])[C:2](=[O:1])[O:3][H:10])([H:12])[H:13])([H:14])[H:15])[H:17],19.0,9.0
20,0.05284285714285714,AM1BCC,AmberTools,,,H,,21,[H:16][C:7]1([C:6]([C:5]([C:4]([C:9]([C:8]1([H:18])[H:19])([H:20])[H:21])([H:11])[C:2](=[O:1])[O:3][H:10])([H:12])[H:13])([H:14])[H:15])[H:17],19.0,9.0
0,-0.5529000173721995,AM1BCC,OpenEye,,,O,,1,[H:16][C:7]1([C:6]([C:5]([C:4]([C:9]([C:8]1([H:18])[H:19])([H:20])[H:21])([H:11])[C:2](=[O:1])[O:3][H:10])([H:12])[H:13])([H:14])[H:15])[H:17],19.0,10.0
1,0.6352000225867543,AM1BCC,OpenEye,,,C,,2,[H:16][C:7]1([C:6]([C:5]([C:4]([C:9]([C:8]1([H:18])[H:19])([H:20])[H:21])([H:11])[C:2](=[O:1])[O:3][H:10])([H:12])[H:13])([H:14])[H:15])[H:17],19.0,10.0
2,-0.59886998044593,AM1BCC,OpenEye,,,O,,3,[H:16][C:7]1([C:6]([C:5]([C:4]([C:9]([C:8]1([H:18])[H:19])([H:20])[H:21])([H:11])[C:2](=[O:1])[O:3][H:10])([H:12])[H:13])([H:14])[H:15])[H:17],19.0,10.0
3,-0.10687000410897392,AM1BCC,OpenEye,,,C,,4,[H:16][C:7]1([C:6]([C:5]([C:4]([C:9]([C:8]1([H:18])[H:19])([H:20])[H:21])([H:11])[C:2](=[O:1])[O:3][H:10])([H:12])[H:13])([H:14])[H:15])[H:17],19.0,10.0
4,-0.06871999906642097,AM1BCC,OpenEye,,,C,,5,[H:16][C:7]1([C:6]([C:5]([C:4]([C:9]([C:8]1([H:18])[H:19])([H:20])[H:21])([H:11])[C:2](=[O:1])[O:3][H:10])([H:12])[H:13])([H:14])[H:15])[H:17],19.0,10.0
5,-0.07743000345570701,AM1BCC,OpenEye,,,C,,6,[H:16][C:7]1([C:6]([C:5]([C:4]([C:9]([C:8]1([H:18])[H:19])([H:20])[H:21])([H:11])[C:2](=[O:1])[O:3][H:10])([H:12])[H:13])([H:14])[H:15])[H:17],19.0,10.0
6,-0.07836999850613731,AM1BCC,OpenEye,,,C,,7,[H:16][C:7]1([C:6]([C:5]([C:4]([C:9]([C:8]1([H:18])[H:19])([H:20])[H:21])([H:11])[C:2](=[O:1])[O:3][H:10])([H:12])[H:13])([H:14])[H:15])[H:17],19.0,10.0
7,-0.07743000345570701,AM1BCC,OpenEye,,,C,,8,[H:16][C:7]1([C:6]([C:5]([C:4]([C:9]([C:8]1([H:18])[H:19])([H:20])[H:21])([H:11])[C:2](=[O:1])[O:3][H:10])([H:12])[H:13])([H:14])[H:15])[H:17],19.0,10.0
8,-0.06871999906642097,AM1BCC,OpenEye,,,C,,9,[H:16][C:7]1([C:6]([C:5]([C:4]([C:9]([C:8]1([H:18])[H:19])([H:20])[H:21])([H:11])[C:2](=[O:1])[O:3][H:10])([H:12])[H:13])([H:14])[H:15])[H:17],19.0,10.0
9,0.4415099908198629,AM1BCC,OpenEye,,,H,,10,[H:16][C:7]1([C:6]([C:5]([C:4]([C:9]([C:8]1([H:18])[H:19])([H:20])[H:21])([H:11])[C:2](=[O:1])[O:3][H:10])([H:12])[H:13])([H:14])[H:15])[H:17],19.0,10.0
10,0.0803799991096769,AM1BCC,OpenEye,,,H,,11,[H:16][C:7]1([C:6]([C:5]([C:4]([C:9]([C:8]1([H:18])[H:19])([H:20])[H:21])([H:11])[C:2](=[O:1])[O:3][H:10])([H:12])[H:13])([H:14])[H:15])[H:17],19.0,10.0
11,0.051630000450781414,AM1BCC,OpenEye,,,H,,12,[H:16][C:7]1([C:6]([C:5]([C:4]([C:9]([C:8]1([H:18])[H:19])([H:20])[H:21])([H:11])[C:2](=[O:1])[O:3][H:10])([H:12])[H:13])([H:14])[H:15])[H:17],19.0,10.0
12,0.051630000450781414,AM1BCC,OpenEye,,,H,,13,[H:16][C:7]1([C:6]([C:5]([C:4]([C:9]([C:8]1([H:18])[H:19])([H:20])[H:21])([H:11])[C:2](=[O:1])[O:3][H:10])([H:12])[H:13])([H:14])[H:15])[H:17],19.0,10.0
13,0.04613999915974481,AM1BCC,OpenEye,,,H,,14,[H:16][C:7]1([C:6]([C:5]([C:4]([C:9]([C:8]1([H:18])[H:19])([H:20])[H:21])([H:11])[C:2](=[O:1])[O:3][H:10])([H:12])[H:13])([H:14])[H:15])[H:17],19.0,10.0
14,0.04613999915974481,AM1BCC,OpenEye,,,H,,15,[H:16][C:7]1([C:6]([C:5]([C:4]([C:9]([C:8]1([H:18])[H:19])([H:20])[H:21])([H:11])[C:2](=[O:1])[O:3][H:10])([H:12])[H:13])([H:14])[H:15])[H:17],19.0,10.0
15,0.04056999725954873,AM1BCC,OpenEye,,,H,,16,[H:16][C:7]1([C:6]([C:5]([C:4]([C:9]([C:8]1([H:18])[H:19])([H:20])[H:21])([H:11])[C:2](=[O:1])[O:3][H:10])([H:12])[H:13])([H:14])[H:15])[H:17],19.0,10.0
16,0.04056999725954873,AM1BCC,OpenEye,,,H,,17,[H:16][C:7]1([C:6]([C:5]([C:4]([C:9]([C:8]1([H:18])[H:19])([H:20])[H:21])([H:11])[C:2](=[O:1])[O:3][H:10])([H:12])[H:13])([H:14])[H:15])[H:17],19.0,10.0
17,0.04613999915974481,AM1BCC,OpenEye,,,H,,18,[H:16][C:7]1([C:6]([C:5]([C:4]([C:9]([C:8]1([H:18])[H:19])([H:20])[H:21])([H:11])[C:2](=[O:1])[O:3][H:10])([H:12])[H:13])([H:14])[H:15])[H:17],19.0,10.0
18,0.04613999915974481,AM1BCC,OpenEye,,,H,,19,[H:16][C:7]1([C:6]([C:5]([C:4]([C:9]([C:8]1([H:18])[H:19])([H:20])[H:21])([H:11])[C:2](=[O:1])[O:3][H:10])([H:12])[H:13])([H:14])[H:15])[H:17],19.0,10.0
19,0.051630000450781414,AM1BCC,OpenEye,,,H,,20,[H:16][C:7]1([C:6]([C:5]([C:4]([C:9]([C:8]1([H:18])[H:19])([H:20])[H:21])([H:11])[C:2](=[O:1])[O:3][H:10])([H:12])[H:13])([H:14])[H:15])[H:17],19.0,10.0
20,0.051630000450781414,AM1BCC,OpenEye,,,H,,21,[H:16][C:7]1([C:6]([C:5]([C:4]([C:9]([C:8]1([H:18])[H:19])([H:20])[H:21])([H:11])[C:2](=[O:1])[O:3][H:10])([H:12])[H:13])([H:14])[H:15])[H:17],19.0,10.0
0,-0.5528571428571429,AM1BCC,AmberTools,,,O,,1,[H:16][C:7]1([C:6]([C:5]([C:4]([C:9]([C:8]1([H:18])[H:19])([H:20])[H:21])([H:11])[C:2](=[O:1])[O:3][H:10])([H:12])[H:13])([H:14])[H:15])[H:17],19.0,10.0
1,0.6342428571428571,AM1BCC,AmberTools,,,C,,2,[H:16][C:7]1([C:6]([C:5]([C:4]([C:9]([C:8]1([H:18])[H:19])([H:20])[H:21])([H:11])[C:2](=[O:1])[O:3][H:10])([H:12])[H:13])([H:14])[H:15])[H:17],19.0,10.0
2,-0.6059571428571429,AM1BCC,AmberTools,,,O,,3,[H:16][C:7]1([C:6]([C:5]([C:4]([C:9]([C:8]1([H:18])[H:19])([H:20])[H:21])([H:11])[C:2](=[O:1])[O:3][H:10])([H:12])[H:13])([H:14])[H:15])[H:17],19.0,10.0
3,-0.10255714285714285,AM1BCC,AmberTools,,,C,,4,[H:16][C:7]1([C:6]([C:5]([C:4]([C:9]([C:8]1([H:18])[H:19])([H:20])[H:21])([H:11])[C:2](=[O:1])[O:3][H:10])([H:12])[H:13])([H:14])[H:15])[H:17],19.0,10.0
4,-0.07025714285714285,AM1BCC,AmberTools,,,C,,5,[H:16][C:7]1([C:6]([C:5]([C:4]([C:9]([C:8]1([H:18])[H:19])([H:20])[H:21])([H:11])[C:2](=[O:1])[O:3][H:10])([H:12])[H:13])([H:14])[H:15])[H:17],19.0,10.0
5,-0.07775714285714284,AM1BCC,AmberTools,,,C,,6,[H:16][C:7]1([C:6]([C:5]([C:4]([C:9]([C:8]1([H:18])[H:19])([H:20])[H:21])([H:11])[C:2](=[O:1])[O:3][H:10])([H:12])[H:13])([H:14])[H:15])[H:17],19.0,10.0
6,-0.07725714285714284,AM1BCC,AmberTools,,,C,,7,[H:16][C:7]1([C:6]([C:5]([C:4]([C:9]([C:8]1([H:18])[H:19])([H:20])[H:21])([H:11])[C:2](=[O:1])[O:3][H:10])([H:12])[H:13])([H:14])[H:15])[H:17],19.0,10.0
7,-0.07775714285714284,AM1BCC,AmberTools,,,C,,8,[H:16][C:7]1([C:6]([C:5]([C:4]([C:9]([C:8]1([H:18])[H:19])([H:20])[H:21])([H:11])[C:2](=[O:1])[O:3][H:10])([H:12])[H:13])([H:14])[H:15])[H:17],19.0,10.0
8,-0.07025714285714285,AM1BCC,AmberTools,,,C,,9,[H:16][C:7]1([C:6]([C:5]([C:4]([C:9]([C:8]1([H:18])[H:19])([H:20])[H:21])([H:11])[C:2](=[O:1])[O:3][H:10])([H:12])[H:13])([H:14])[H:15])[H:17],19.0,10.0
9,0.44214285714285717,AM1BCC,AmberTools,,,H,,10,[H:16][C:7]1([C:6]([C:5]([C:4]([C:9]([C:8]1([H:18])[H:19])([H:20])[H:21])([H:11])[C:2](=[O:1])[O:3][H:10])([H:12])[H:13])([H:14])[H:15])[H:17],19.0,10.0
10,0.08084285714285715,AM1BCC,AmberTools,,,H,,11,[H:16][C:7]1([C:6]([C:5]([C:4]([C:9]([C:8]1([H:18])[H:19])([H:20])[H:21])([H:11])[C:2](=[O:1])[O:3][H:10])([H:12])[H:13])([H:14])[H:15])[H:17],19.0,10.0
11,0.05284285714285714,AM1BCC,AmberTools,,,H,,12,[H:16][C:7]1([C:6]([C:5]([C:4]([C:9]([C:8]1([H:18])[H:19])([H:20])[H:21])([H:11])[C:2](=[O:1])[O:3][H:10])([H:12])[H:13])([H:14])[H:15])[H:17],19.0,10.0
12,0.05284285714285714,AM1BCC,AmberTools,,,H,,13,[H:16][C:7]1([C:6]([C:5]([C:4]([C:9]([C:8]1([H:18])[H:19])([H:20])[H:21])([H:11])[C:2](=[O:1])[O:3][H:10])([H:12])[H:13])([H:14])[H:15])[H:17],19.0,10.0
13,0.046342857142857144,AM1BCC,AmberTools,,,H,,14,[H:16][C:7]1([C:6]([C:5]([C:4]([C:9]([C:8]1([H:18])[H:19])([H:20])[H:21])([H:11])[C:2](=[O:1])[O:3][H:10])([H:12])[H:13])([H:14])[H:15])[H:17],19.0,10.0
14,0.046342857142857144,AM1BCC,AmberTools,,,H,,15,[H:16][C:7]1([C:6]([C:5]([C:4]([C:9]([C:8]1([H:18])[H:19])([H:20])[H:21])([H:11])[C:2](=[O:1])[O:3][H:10])([H:12])[H:13])([H:14])[H:15])[H:17],19.0,10.0
15,0.040342857142857146,AM1BCC,AmberTools,,,H,,16,[H:16][C:7]1([C:6]([C:5]([C:4]([C:9]([C:8]1([H:18])[H:19])([H:20])[H:21])([H:11])[C:2](=[O:1])[O:3][H:10])([H:12])[H:13])([H:14])[H:15])[H:17],19.0,10.0
16,0.040342857142857146,AM1BCC,AmberTools,,,H,,17,[H:16][C:7]1([C:6]([C:5]([C:4]([C:9]([C:8]1([H:18])[H:19])([H:20])[H:21])([H:11])[C:2](=[O:1])[O:3][H:10])([H:12])[H:13])([H:14])[H:15])[H:17],19.0,10.0
17,0.046342857142857144,AM1BCC,AmberTools,,,H,,18,[H:16][C:7]1([C:6]([C:5]([C:4]([C:9]([C:8]1([H:18])[H:19])([H:20])[H:21])([H:11])[C:2](=[O:1])[O:3][H:10])([H:12])[H:13])([H:14])[H:15])[H:17],19.0,10.0
18,0.046342857142857144,AM1BCC,AmberTools,,,H,,19,[H:16][C:7]1([C:6]([C:5]([C:4]([C:9]([C:8]1([H:18])[H:19])([H:20])[H:21])([H:11])[C:2](=[O:1])[O:3][H:10])([H:12])[H:13])([H:14])[H:15])[H:17],19.0,10.0
19,0.05284285714285714,AM1BCC,AmberTools,,,H,,20,[H:16][C:7]1([C:6]([C:5]([C:4]([C:9]([C:8]1([H:18])[H:19])([H:20])[H:21])([H:11])[C:2](=[O:1])[O:3][H:10])([H:12])[H:13])([H:14])[H:15])[H:17],19.0,10.0
20,0.05284285714285714,AM1BCC,AmberTools,,,H,,21,[H:16][C:7]1([C:6]([C:5]([C:4]([C:9]([C:8]1([H:18])[H:19])([H:20])[H:21])([H:11])[C:2](=[O:1])[O:3][H:10])([H:12])[H:13])([H:14])[H:15])[H:17],19.0,10.0
0,-0.5529000173721995,AM1BCC,OpenEye,,,O,,1,[H:16][C:7]1([C:6]([C:5]([C:4]([C:9]([C:8]1([H:18])[H:19])([H:20])[H:21])([H:11])[C:2](=[O:1])[O:3][H:10])([H:12])[H:13])([H:14])[H:15])[H:17],19.0,11.0
1,0.6352000225867543,AM1BCC,OpenEye,,,C,,2,[H:16][C:7]1([C:6]([C:5]([C:4]([C:9]([C:8]1([H:18])[H:19])([H:20])[H:21])([H:11])[C:2](=[O:1])[O:3][H:10])([H:12])[H:13])([H:14])[H:15])[H:17],19.0,11.0
2,-0.59886998044593,AM1BCC,OpenEye,,,O,,3,[H:16][C:7]1([C:6]([C:5]([C:4]([C:9]([C:8]1([H:18])[H:19])([H:20])[H:21])([H:11])[C:2](=[O:1])[O:3][H:10])([H:12])[H:13])([H:14])[H:15])[H:17],19.0,11.0
3,-0.10687000410897392,AM1BCC,OpenEye,,,C,,4,[H:16][C:7]1([C:6]([C:5]([C:4]([C:9]([C:8]1([H:18])[H:19])([H:20])[H:21])([H:11])[C:2](=[O:1])[O:3][H:10])([H:12])[H:13])([H:14])[H:15])[H:17],19.0,11.0
4,-0.06871999906642097,AM1BCC,OpenEye,,,C,,5,[H:16][C:7]1([C:6]([C:5]([C:4]([C:9]([C:8]1([H:18])[H:19])([H:20])[H:21])([H:11])[C:2](=[O:1])[O:3][H:10])([H:12])[H:13])([H:14])[H:15])[H:17],19.0,11.0
5,-0.07743000345570701,AM1BCC,OpenEye,,,C,,6,[H:16][C:7]1([C:6]([C:5]([C:4]([C:9]([C:8]1([H:18])[H:19])([H:20])[H:21])([H:11])[C:2](=[O:1])[O:3][H:10])([H:12])[H:13])([H:14])[H:15])[H:17],19.0,11.0
6,-0.07836999850613731,AM1BCC,OpenEye,,,C,,7,[H:16][C:7]1([C:6]([C:5]([C:4]([C:9]([C:8]1([H:18])[H:19])([H:20])[H:21])([H:11])[C:2](=[O:1])[O:3][H:10])([H:12])[H:13])([H:14])[H:15])[H:17],19.0,11.0
7,-0.07743000345570701,AM1BCC,OpenEye,,,C,,8,[H:16][C:7]1([C:6]([C:5]([C:4]([C:9]([C:8]1([H:18])[H:19])([H:20])[H:21])([H:11])[C:2](=[O:1])[O:3][H:10])([H:12])[H:13])([H:14])[H:15])[H:17],19.0,11.0
8,-0.06871999906642097,AM1BCC,OpenEye,,,C,,9,[H:16][C:7]1([C:6]([C:5]([C:4]([C:9]([C:8]1([H:18])[H:19])([H:20])[H:21])([H:11])[C:2](=[O:1])[O:3][H:10])([H:12])[H:13])([H:14])[H:15])[H:17],19.0,11.0
9,0.4415099908198629,AM1BCC,OpenEye,,,H,,10,[H:16][C:7]1([C:6]([C:5]([C:4]([C:9]([C:8]1([H:18])[H:19])([H:20])[H:21])([H:11])[C:2](=[O:1])[O:3][H:10])([H:12])[H:13])([H:14])[H:15])[H:17],19.0,11.0
10,0.0803799991096769,AM1BCC,OpenEye,,,H,,11,[H:16][C:7]1([C:6]([C:5]([C:4]([C:9]([C:8]1([H:18])[H:19])([H:20])[H:21])([H:11])[C:2](=[O:1])[O:3][H:10])([H:12])[H:13])([H:14])[H:15])[H:17],19.0,11.0
11,0.051630000450781414,AM1BCC,OpenEye,,,H,,12,[H:16][C:7]1([C:6]([C:5]([C:4]([C:9]([C:8]1([H:18])[H:19])([H:20])[H:21])([H:11])[C:2](=[O:1])[O:3][H:10])([H:12])[H:13])([H:14])[H:15])[H:17],19.0,11.0
12,0.051630000450781414,AM1BCC,OpenEye,,,H,,13,[H:16][C:7]1([C:6]([C:5]([C:4]([C:9]([C:8]1([H:18])[H:19])([H:20])[H:21])([H:11])[C:2](=[O:1])[O:3][H:10])([H:12])[H:13])([H:14])[H:15])[H:17],19.0,11.0
13,0.04613999915974481,AM1BCC,OpenEye,,,H,,14,[H:16][C:7]1([C:6]([C:5]([C:4]([C:9]([C:8]1([H:18])[H:19])([H:20])[H:21])([H:11])[C:2](=[O:1])[O:3][H:10])([H:12])[H:13])([H:14])[H:15])[H:17],19.0,11.0
14,0.04613999915974481,AM1BCC,OpenEye,,,H,,15,[H:16][C:7]1([C:6]([C:5]([C:4]([C:9]([C:8]1([H:18])[H:19])([H:20])[H:21])([H:11])[C:2](=[O:1])[O:3][H:10])([H:12])[H:13])([H:14])[H:15])[H:17],19.0,11.0
15,0.04056999725954873,AM1BCC,OpenEye,,,H,,16,[H:16][C:7]1([C:6]([C:5]([C:4]([C:9]([C:8]1([H:18])[H:19])([H:20])[H:21])([H:11])[C:2](=[O:1])[O:3][H:10])([H:12])[H:13])([H:14])[H:15])[H:17],19.0,11.0
16,0.04056999725954873,AM1BCC,OpenEye,,,H,,17,[H:16][C:7]1([C:6]([C:5]([C:4]([C:9]([C:8]1([H:18])[H:19])([H:20])[H:21])([H:11])[C:2](=[O:1])[O:3][H:10])([H:12])[H:13])([H:14])[H:15])[H:17],19.0,11.0
17,0.04613999915974481,AM1BCC,OpenEye,,,H,,18,[H:16][C:7]1([C:6]([C:5]([C:4]([C:9]([C:8]1([H:18])[H:19])([H:20])[H:21])([H:11])[C:2](=[O:1])[O:3][H:10])([H:12])[H:13])([H:14])[H:15])[H:17],19.0,11.0
18,0.04613999915974481,AM1BCC,OpenEye,,,H,,19,[H:16][C:7]1([C:6]([C:5]([C:4]([C:9]([C:8]1([H:18])[H:19])([H:20])[H:21])([H:11])[C:2](=[O:1])[O:3][H:10])([H:12])[H:13])([H:14])[H:15])[H:17],19.0,11.0
19,0.051630000450781414,AM1BCC,OpenEye,,,H,,20,[H:16][C:7]1([C:6]([C:5]([C:4]([C:9]([C:8]1([H:18])[H:19])([H:20])[H:21])([H:11])[C:2](=[O:1])[O:3][H:10])([H:12])[H:13])([H:14])[H:15])[H:17],19.0,11.0
20,0.051630000450781414,AM1BCC,OpenEye,,,H,,21,[H:16][C:7]1([C:6]([C:5]([C:4]([C:9]([C:8]1([H:18])[H:19])([H:20])[H:21])([H:11])[C:2](=[O:1])[O:3][H:10])([H:12])[H:13])([H:14])[H:15])[H:17],19.0,11.0
0,-0.5528571428571429,AM1BCC,AmberTools,,,O,,1,[H:16][C:7]1([C:6]([C:5]([C:4]([C:9]([C:8]1([H:18])[H:19])([H:20])[H:21])([H:11])[C:2](=[O:1])[O:3][H:10])([H:12])[H:13])([H:14])[H:15])[H:17],19.0,11.0
1,0.6342428571428571,AM1BCC,AmberTools,,,C,,2,[H:16][C:7]1([C:6]([C:5]([C:4]([C:9]([C:8]1([H:18])[H:19])([H:20])[H:21])([H:11])[C:2](=[O:1])[O:3][H:10])([H:12])[H:13])([H:14])[H:15])[H:17],19.0,11.0
2,-0.6059571428571429,AM1BCC,AmberTools,,,O,,3,[H:16][C:7]1([C:6]([C:5]([C:4]([C:9]([C:8]1([H:18])[H:19])([H:20])[H:21])([H:11])[C:2](=[O:1])[O:3][H:10])([H:12])[H:13])([H:14])[H:15])[H:17],19.0,11.0
3,-0.10255714285714285,AM1BCC,AmberTools,,,C,,4,[H:16][C:7]1([C:6]([C:5]([C:4]([C:9]([C:8]1([H:18])[H:19])([H:20])[H:21])([H:11])[C:2](=[O:1])[O:3][H:10])([H:12])[H:13])([H:14])[H:15])[H:17],19.0,11.0
4,-0.07025714285714285,AM1BCC,AmberTools,,,C,,5,[H:16][C:7]1([C:6]([C:5]([C:4]([C:9]([C:8]1([H:18])[H:19])([H:20])[H:21])([H:11])[C:2](=[O:1])[O:3][H:10])([H:12])[H:13])([H:14])[H:15])[H:17],19.0,11.0
5,-0.07775714285714284,AM1BCC,AmberTools,,,C,,6,[H:16][C:7]1([C:6]([C:5]([C:4]([C:9]([C:8]1([H:18])[H:19])([H:20])[H:21])([H:11])[C:2](=[O:1])[O:3][H:10])([H:12])[H:13])([H:14])[H:15])[H:17],19.0,11.0
6,-0.07725714285714284,AM1BCC,AmberTools,,,C,,7,[H:16][C:7]1([C:6]([C:5]([C:4]([C:9]([C:8]1([H:18])[H:19])([H:20])[H:21])([H:11])[C:2](=[O:1])[O:3][H:10])([H:12])[H:13])([H:14])[H:15])[H:17],19.0,11.0
7,-0.07775714285714284,AM1BCC,AmberTools,,,C,,8,[H:16][C:7]1([C:6]([C:5]([C:4]([C:9]([C:8]1([H:18])[H:19])([H:20])[H:21])([H:11])[C:2](=[O:1])[O:3][H:10])([H:12])[H:13])([H:14])[H:15])[H:17],19.0,11.0
8,-0.07025714285714285,AM1BCC,AmberTools,,,C,,9,[H:16][C:7]1([C:6]([C:5]([C:4]([C:9]([C:8]1([H:18])[H:19])([H:20])[H:21])([H:11])[C:2](=[O:1])[O:3][H:10])([H:12])[H:13])([H:14])[H:15])[H:17],19.0,11.0
9,0.44214285714285717,AM1BCC,AmberTools,,,H,,10,[H:16][C:7]1([C:6]([C:5]([C:4]([C:9]([C:8]1([H:18])[H:19])([H:20])[H:21])([H:11])[C:2](=[O:1])[O:3][H:10])([H:12])[H:13])([H:14])[H:15])[H:17],19.0,11.0
10,0.08084285714285715,AM1BCC,AmberTools,,,H,,11,[H:16][C:7]1([C:6]([C:5]([C:4]([C:9]([C:8]1([H:18])[H:19])([H:20])[H:21])([H:11])[C:2](=[O:1])[O:3][H:10])([H:12])[H:13])([H:14])[H:15])[H:17],19.0,11.0
11,0.05284285714285714,AM1BCC,AmberTools,,,H,,12,[H:16][C:7]1([C:6]([C:5]([C:4]([C:9]([C:8]1([H:18])[H:19])([H:20])[H:21])([H:11])[C:2](=[O:1])[O:3][H:10])([H:12])[H:13])([H:14])[H:15])[H:17],19.0,11.0
12,0.05284285714285714,AM1BCC,AmberTools,,,H,,13,[H:16][C:7]1([C:6]([C:5]([C:4]([C:9]([C:8]1([H:18])[H:19])([H:20])[H:21])([H:11])[C:2](=[O:1])[O:3][H:10])([H:12])[H:13])([H:14])[H:15])[H:17],19.0,11.0
13,0.046342857142857144,AM1BCC,AmberTools,,,H,,14,[H:16][C:7]1([C:6]([C:5]([C:4]([C:9]([C:8]1([H:18])[H:19])([H:20])[H:21])([H:11])[C:2](=[O:1])[O:3][H:10])([H:12])[H:13])([H:14])[H:15])[H:17],19.0,11.0
14,0.046342857142857144,AM1BCC,AmberTools,,,H,,15,[H:16][C:7]1([C:6]([C:5]([C:4]([C:9]([C:8]1([H:18])[H:19])([H:20])[H:21])([H:11])[C:2](=[O:1])[O:3][H:10])([H:12])[H:13])([H:14])[H:15])[H:17],19.0,11.0
15,0.040342857142857146,AM1BCC,AmberTools,,,H,,16,[H:16][C:7]1([C:6]([C:5]([C:4]([C:9]([C:8]1([H:18])[H:19])([H:20])[H:21])([H:11])[C:2](=[O:1])[O:3][H:10])([H:12])[H:13])([H:14])[H:15])[H:17],19.0,11.0
16,0.040342857142857146,AM1BCC,AmberTools,,,H,,17,[H:16][C:7]1([C:6]([C:5]([C:4]([C:9]([C:8]1([H:18])[H:19])([H:20])[H:21])([H:11])[C:2](=[O:1])[O:3][H:10])([H:12])[H:13])([H:14])[H:15])[H:17],19.0,11.0
17,0.046342857142857144,AM1BCC,AmberTools,,,H,,18,[H:16][C:7]1([C:6]([C:5]([C:4]([C:9]([C:8]1([H:18])[H:19])([H:20])[H:21])([H:11])[C:2](=[O:1])[O:3][H:10])([H:12])[H:13])([H:14])[H:15])[H:17],19.0,11.0
18,0.046342857142857144,AM1BCC,AmberTools,,,H,,19,[H:16][C:7]1([C:6]([C:5]([C:4]([C:9]([C:8]1([H:18])[H:19])([H:20])[H:21])([H:11])[C:2](=[O:1])[O:3][H:10])([H:12])[H:13])([H:14])[H:15])[H:17],19.0,11.0
19,0.05284285714285714,AM1BCC,AmberTools,,,H,,20,[H:16][C:7]1([C:6]([C:5]([C:4]([C:9]([C:8]1([H:18])[H:19])([H:20])[H:21])([H:11])[C:2](=[O:1])[O:3][H:10])([H:12])[H:13])([H:14])[H:15])[H:17],19.0,11.0
20,0.05284285714285714,AM1BCC,AmberTools,,,H,,21,[H:16][C:7]1([C:6]([C:5]([C:4]([C:9]([C:8]1([H:18])[H:19])([H:20])[H:21])([H:11])[C:2](=[O:1])[O:3][H:10])([H:12])[H:13])([H:14])[H:15])[H:17],19.0,11.0
0,-0.5529000173721995,AM1BCC,OpenEye,,,O,,1,[H:16][C:7]1([C:6]([C:5]([C:4]([C:9]([C:8]1([H:18])[H:19])([H:20])[H:21])([H:11])[C:2](=[O:1])[O:3][H:10])([H:12])[H:13])([H:14])[H:15])[H:17],19.0,12.0
1,0.6352000225867543,AM1BCC,OpenEye,,,C,,2,[H:16][C:7]1([C:6]([C:5]([C:4]([C:9]([C:8]1([H:18])[H:19])([H:20])[H:21])([H:11])[C:2](=[O:1])[O:3][H:10])([H:12])[H:13])([H:14])[H:15])[H:17],19.0,12.0
2,-0.59886998044593,AM1BCC,OpenEye,,,O,,3,[H:16][C:7]1([C:6]([C:5]([C:4]([C:9]([C:8]1([H:18])[H:19])([H:20])[H:21])([H:11])[C:2](=[O:1])[O:3][H:10])([H:12])[H:13])([H:14])[H:15])[H:17],19.0,12.0
3,-0.10687000410897392,AM1BCC,OpenEye,,,C,,4,[H:16][C:7]1([C:6]([C:5]([C:4]([C:9]([C:8]1([H:18])[H:19])([H:20])[H:21])([H:11])[C:2](=[O:1])[O:3][H:10])([H:12])[H:13])([H:14])[H:15])[H:17],19.0,12.0
4,-0.06871999906642097,AM1BCC,OpenEye,,,C,,5,[H:16][C:7]1([C:6]([C:5]([C:4]([C:9]([C:8]1([H:18])[H:19])([H:20])[H:21])([H:11])[C:2](=[O:1])[O:3][H:10])([H:12])[H:13])([H:14])[H:15])[H:17],19.0,12.0
5,-0.07743000345570701,AM1BCC,OpenEye,,,C,,6,[H:16][C:7]1([C:6]([C:5]([C:4]([C:9]([C:8]1([H:18])[H:19])([H:20])[H:21])([H:11])[C:2](=[O:1])[O:3][H:10])([H:12])[H:13])([H:14])[H:15])[H:17],19.0,12.0
6,-0.07836999850613731,AM1BCC,OpenEye,,,C,,7,[H:16][C:7]1([C:6]([C:5]([C:4]([C:9]([C:8]1([H:18])[H:19])([H:20])[H:21])([H:11])[C:2](=[O:1])[O:3][H:10])([H:12])[H:13])([H:14])[H:15])[H:17],19.0,12.0
7,-0.07743000345570701,AM1BCC,OpenEye,,,C,,8,[H:16][C:7]1([C:6]([C:5]([C:4]([C:9]([C:8]1([H:18])[H:19])([H:20])[H:21])([H:11])[C:2](=[O:1])[O:3][H:10])([H:12])[H:13])([H:14])[H:15])[H:17],19.0,12.0
8,-0.06871999906642097,AM1BCC,OpenEye,,,C,,9,[H:16][C:7]1([C:6]([C:5]([C:4]([C:9]([C:8]1([H:18])[H:19])([H:20])[H:21])([H:11])[C:2](=[O:1])[O:3][H:10])([H:12])[H:13])([H:14])[H:15])[H:17],19.0,12.0
9,0.4415099908198629,AM1BCC,OpenEye,,,H,,10,[H:16][C:7]1([C:6]([C:5]([C:4]([C:9]([C:8]1([H:18])[H:19])([H:20])[H:21])([H:11])[C:2](=[O:1])[O:3][H:10])([H:12])[H:13])([H:14])[H:15])[H:17],19.0,12.0
10,0.0803799991096769,AM1BCC,OpenEye,,,H,,11,[H:16][C:7]1([C:6]([C:5]([C:4]([C:9]([C:8]1([H:18])[H:19])([H:20])[H:21])([H:11])[C:2](=[O:1])[O:3][H:10])([H:12])[H:13])([H:14])[H:15])[H:17],19.0,12.0
11,0.051630000450781414,AM1BCC,OpenEye,,,H,,12,[H:16][C:7]1([C:6]([C:5]([C:4]([C:9]([C:8]1([H:18])[H:19])([H:20])[H:21])([H:11])[C:2](=[O:1])[O:3][H:10])([H:12])[H:13])([H:14])[H:15])[H:17],19.0,12.0
12,0.051630000450781414,AM1BCC,OpenEye,,,H,,13,[H:16][C:7]1([C:6]([C:5]([C:4]([C:9]([C:8]1([H:18])[H:19])([H:20])[H:21])([H:11])[C:2](=[O:1])[O:3][H:10])([H:12])[H:13])([H:14])[H:15])[H:17],19.0,12.0
13,0.04613999915974481,AM1BCC,OpenEye,,,H,,14,[H:16][C:7]1([C:6]([C:5]([C:4]([C:9]([C:8]1([H:18])[H:19])([H:20])[H:21])([H:11])[C:2](=[O:1])[O:3][H:10])([H:12])[H:13])([H:14])[H:15])[H:17],19.0,12.0
14,0.04613999915974481,AM1BCC,OpenEye,,,H,,15,[H:16][C:7]1([C:6]([C:5]([C:4]([C:9]([C:8]1([H:18])[H:19])([H:20])[H:21])([H:11])[C:2](=[O:1])[O:3][H:10])([H:12])[H:13])([H:14])[H:15])[H:17],19.0,12.0
15,0.04056999725954873,AM1BCC,OpenEye,,,H,,16,[H:16][C:7]1([C:6]([C:5]([C:4]([C:9]([C:8]1([H:18])[H:19])([H:20])[H:21])([H:11])[C:2](=[O:1])[O:3][H:10])([H:12])[H:13])([H:14])[H:15])[H:17],19.0,12.0
16,0.04056999725954873,AM1BCC,OpenEye,,,H,,17,[H:16][C:7]1([C:6]([C:5]([C:4]([C:9]([C:8]1([H:18])[H:19])([H:20])[H:21])([H:11])[C:2](=[O:1])[O:3][H:10])([H:12])[H:13])([H:14])[H:15])[H:17],19.0,12.0
17,0.04613999915974481,AM1BCC,OpenEye,,,H,,18,[H:16][C:7]1([C:6]([C:5]([C:4]([C:9]([C:8]1([H:18])[H:19])([H:20])[H:21])([H:11])[C:2](=[O:1])[O:3][H:10])([H:12])[H:13])([H:14])[H:15])[H:17],19.0,12.0
18,0.04613999915974481,AM1BCC,OpenEye,,,H,,19,[H:16][C:7]1([C:6]([C:5]([C:4]([C:9]([C:8]1([H:18])[H:19])([H:20])[H:21])([H:11])[C:2](=[O:1])[O:3][H:10])([H:12])[H:13])([H:14])[H:15])[H:17],19.0,12.0
19,0.051630000450781414,AM1BCC,OpenEye,,,H,,20,[H:16][C:7]1([C:6]([C:5]([C:4]([C:9]([C:8]1([H:18])[H:19])([H:20])[H:21])([H:11])[C:2](=[O:1])[O:3][H:10])([H:12])[H:13])([H:14])[H:15])[H:17],19.0,12.0
20,0.051630000450781414,AM1BCC,OpenEye,,,H,,21,[H:16][C:7]1([C:6]([C:5]([C:4]([C:9]([C:8]1([H:18])[H:19])([H:20])[H:21])([H:11])[C:2](=[O:1])[O:3][H:10])([H:12])[H:13])([H:14])[H:15])[H:17],19.0,12.0
0,-0.5528571428571429,AM1BCC,AmberTools,,,O,,1,[H:16][C:7]1([C:6]([C:5]([C:4]([C:9]([C:8]1([H:18])[H:19])([H:20])[H:21])([H:11])[C:2](=[O:1])[O:3][H:10])([H:12])[H:13])([H:14])[H:15])[H:17],19.0,12.0
1,0.6342428571428571,AM1BCC,AmberTools,,,C,,2,[H:16][C:7]1([C:6]([C:5]([C:4]([C:9]([C:8]1([H:18])[H:19])([H:20])[H:21])([H:11])[C:2](=[O:1])[O:3][H:10])([H:12])[H:13])([H:14])[H:15])[H:17],19.0,12.0
2,-0.6059571428571429,AM1BCC,AmberTools,,,O,,3,[H:16][C:7]1([C:6]([C:5]([C:4]([C:9]([C:8]1([H:18])[H:19])([H:20])[H:21])([H:11])[C:2](=[O:1])[O:3][H:10])([H:12])[H:13])([H:14])[H:15])[H:17],19.0,12.0
3,-0.10255714285714285,AM1BCC,AmberTools,,,C,,4,[H:16][C:7]1([C:6]([C:5]([C:4]([C:9]([C:8]1([H:18])[H:19])([H:20])[H:21])([H:11])[C:2](=[O:1])[O:3][H:10])([H:12])[H:13])([H:14])[H:15])[H:17],19.0,12.0
4,-0.07025714285714285,AM1BCC,AmberTools,,,C,,5,[H:16][C:7]1([C:6]([C:5]([C:4]([C:9]([C:8]1([H:18])[H:19])([H:20])[H:21])([H:11])[C:2](=[O:1])[O:3][H:10])([H:12])[H:13])([H:14])[H:15])[H:17],19.0,12.0
5,-0.07775714285714284,AM1BCC,AmberTools,,,C,,6,[H:16][C:7]1([C:6]([C:5]([C:4]([C:9]([C:8]1([H:18])[H:19])([H:20])[H:21])([H:11])[C:2](=[O:1])[O:3][H:10])([H:12])[H:13])([H:14])[H:15])[H:17],19.0,12.0
6,-0.07725714285714284,AM1BCC,AmberTools,,,C,,7,[H:16][C:7]1([C:6]([C:5]([C:4]([C:9]([C:8]1([H:18])[H:19])([H:20])[H:21])([H:11])[C:2](=[O:1])[O:3][H:10])([H:12])[H:13])([H:14])[H:15])[H:17],19.0,12.0
7,-0.07775714285714284,AM1BCC,AmberTools,,,C,,8,[H:16][C:7]1([C:6]([C:5]([C:4]([C:9]([C:8]1([H:18])[H:19])([H:20])[H:21])([H:11])[C:2](=[O:1])[O:3][H:10])([H:12])[H:13])([H:14])[H:15])[H:17],19.0,12.0
8,-0.07025714285714285,AM1BCC,AmberTools,,,C,,9,[H:16][C:7]1([C:6]([C:5]([C:4]([C:9]([C:8]1([H:18])[H:19])([H:20])[H:21])([H:11])[C:2](=[O:1])[O:3][H:10])([H:12])[H:13])([H:14])[H:15])[H:17],19.0,12.0
9,0.44214285714285717,AM1BCC,AmberTools,,,H,,10,[H:16][C:7]1([C:6]([C:5]([C:4]([C:9]([C:8]1([H:18])[H:19])([H:20])[H:21])([H:11])[C:2](=[O:1])[O:3][H:10])([H:12])[H:13])([H:14])[H:15])[H:17],19.0,12.0
10,0.08084285714285715,AM1BCC,AmberTools,,,H,,11,[H:16][C:7]1([C:6]([C:5]([C:4]([C:9]([C:8]1([H:18])[H:19])([H:20])[H:21])([H:11])[C:2](=[O:1])[O:3][H:10])([H:12])[H:13])([H:14])[H:15])[H:17],19.0,12.0
11,0.05284285714285714,AM1BCC,AmberTools,,,H,,12,[H:16][C:7]1([C:6]([C:5]([C:4]([C:9]([C:8]1([H:18])[H:19])([H:20])[H:21])([H:11])[C:2](=[O:1])[O:3][H:10])([H:12])[H:13])([H:14])[H:15])[H:17],19.0,12.0
12,0.05284285714285714,AM1BCC,AmberTools,,,H,,13,[H:16][C:7]1([C:6]([C:5]([C:4]([C:9]([C:8]1([H:18])[H:19])([H:20])[H:21])([H:11])[C:2](=[O:1])[O:3][H:10])([H:12])[H:13])([H:14])[H:15])[H:17],19.0,12.0
13,0.046342857142857144,AM1BCC,AmberTools,,,H,,14,[H:16][C:7]1([C:6]([C:5]([C:4]([C:9]([C:8]1([H:18])[H:19])([H:20])[H:21])([H:11])[C:2](=[O:1])[O:3][H:10])([H:12])[H:13])([H:14])[H:15])[H:17],19.0,12.0
14,0.046342857142857144,AM1BCC,AmberTools,,,H,,15,[H:16][C:7]1([C:6]([C:5]([C:4]([C:9]([C:8]1([H:18])[H:19])([H:20])[H:21])([H:11])[C:2](=[O:1])[O:3][H:10])([H:12])[H:13])([H:14])[H:15])[H:17],19.0,12.0
15,0.040342857142857146,AM1BCC,AmberTools,,,H,,16,[H:16][C:7]1([C:6]([C:5]([C:4]([C:9]([C:8]1([H:18])[H:19])([H:20])[H:21])([H:11])[C:2](=[O:1])[O:3][H:10])([H:12])[H:13])([H:14])[H:15])[H:17],19.0,12.0
16,0.040342857142857146,AM1BCC,AmberTools,,,H,,17,[H:16][C:7]1([C:6]([C:5]([C:4]([C:9]([C:8]1([H:18])[H:19])([H:20])[H:21])([H:11])[C:2](=[O:1])[O:3][H:10])([H:12])[H:13])([H:14])[H:15])[H:17],19.0,12.0
17,0.046342857142857144,AM1BCC,AmberTools,,,H,,18,[H:16][C:7]1([C:6]([C:5]([C:4]([C:9]([C:8]1([H:18])[H:19])([H:20])[H:21])([H:11])[C:2](=[O:1])[O:3][H:10])([H:12])[H:13])([H:14])[H:15])[H:17],19.0,12.0
18,0.046342857142857144,AM1BCC,AmberTools,,,H,,19,[H:16][C:7]1([C:6]([C:5]([C:4]([C:9]([C:8]1([H:18])[H:19])([H:20])[H:21])([H:11])[C:2](=[O:1])[O:3][H:10])([H:12])[H:13])([H:14])[H:15])[H:17],19.0,12.0
19,0.05284285714285714,AM1BCC,AmberTools,,,H,,20,[H:16][C:7]1([C:6]([C:5]([C:4]([C:9]([C:8]1([H:18])[H:19])([H:20])[H:21])([H:11])[C:2](=[O:1])[O:3][H:10])([H:12])[H:13])([H:14])[H:15])[H:17],19.0,12.0
20,0.05284285714285714,AM1BCC,AmberTools,,,H,,21,[H:16][C:7]1([C:6]([C:5]([C:4]([C:9]([C:8]1([H:18])[H:19])([H:20])[H:21])([H:11])[C:2](=[O:1])[O:3][H:10])([H:12])[H:13])([H:14])[H:15])[H:17],19.0,12.0
0,-0.5521500096434638,AM1BCC,OpenEye,,,O,,1,[H:16][C:7]1([C:6]([C:5]([C:4]([C:9]([C:8]1([H:18])[H:19])([H:20])[H:21])([H:11])[C:2](=[O:1])[O:3][H:10])([H:12])[H:13])([H:14])[H:15])[H:17],20.0,1.0
1,0.6359400167351678,AM1BCC,OpenEye,,,C,,2,[H:16][C:7]1([C:6]([C:5]([C:4]([C:9]([C:8]1([H:18])[H:19])([H:20])[H:21])([H:11])[C:2](=[O:1])[O:3][H:10])([H:12])[H:13])([H:14])[H:15])[H:17],20.0,1.0
2,-0.6023200140112922,AM1BCC,OpenEye,,,O,,3,[H:16][C:7]1([C:6]([C:5]([C:4]([C:9]([C:8]1([H:18])[H:19])([H:20])[H:21])([H:11])[C:2](=[O:1])[O:3][H:10])([H:12])[H:13])([H:14])[H:15])[H:17],20.0,1.0
3,-0.10313999510946728,AM1BCC,OpenEye,,,C,,4,[H:16][C:7]1([C:6]([C:5]([C:4]([C:9]([C:8]1([H:18])[H:19])([H:20])[H:21])([H:11])[C:2](=[O:1])[O:3][H:10])([H:12])[H:13])([H:14])[H:15])[H:17],20.0,1.0
4,-0.07291000194492794,AM1BCC,OpenEye,,,C,,5,[H:16][C:7]1([C:6]([C:5]([C:4]([C:9]([C:8]1([H:18])[H:19])([H:20])[H:21])([H:11])[C:2](=[O:1])[O:3][H:10])([H:12])[H:13])([H:14])[H:15])[H:17],20.0,1.0
5,-0.0765399993175552,AM1BCC,OpenEye,,,C,,6,[H:16][C:7]1([C:6]([C:5]([C:4]([C:9]([C:8]1([H:18])[H:19])([H:20])[H:21])([H:11])[C:2](=[O:1])[O:3][H:10])([H:12])[H:13])([H:14])[H:15])[H:17],20.0,1.0
6,-0.0844999984616325,AM1BCC,OpenEye,,,C,,7,[H:16][C:7]1([C:6]([C:5]([C:4]([C:9]([C:8]1([H:18])[H:19])([H:20])[H:21])([H:11])[C:2](=[O:1])[O:3][H:10])([H:12])[H:13])([H:14])[H:15])[H:17],20.0,1.0
7,-0.0765399993175552,AM1BCC,OpenEye,,,C,,8,[H:16][C:7]1([C:6]([C:5]([C:4]([C:9]([C:8]1([H:18])[H:19])([H:20])[H:21])([H:11])[C:2](=[O:1])[O:3][H:10])([H:12])[H:13])([H:14])[H:15])[H:17],20.0,1.0
8,-0.07291000194492794,AM1BCC,OpenEye,,,C,,9,[H:16][C:7]1([C:6]([C:5]([C:4]([C:9]([C:8]1([H:18])[H:19])([H:20])[H:21])([H:11])[C:2](=[O:1])[O:3][H:10])([H:12])[H:13])([H:14])[H:15])[H:17],20.0,1.0
9,0.44183999441918875,AM1BCC,OpenEye,,,H,,10,[H:16][C:7]1([C:6]([C:5]([C:4]([C:9]([C:8]1([H:18])[H:19])([H:20])[H:21])([H:11])[C:2](=[O:1])[O:3][H:10])([H:12])[H:13])([H:14])[H:15])[H:17],20.0,1.0
10,0.07672999941167377,AM1BCC,OpenEye,,,H,,11,[H:16][C:7]1([C:6]([C:5]([C:4]([C:9]([C:8]1([H:18])[H:19])([H:20])[H:21])([H:11])[C:2](=[O:1])[O:3][H:10])([H:12])[H:13])([H:14])[H:15])[H:17],20.0,1.0
11,0.05455999963340305,AM1BCC,OpenEye,,,H,,12,[H:16][C:7]1([C:6]([C:5]([C:4]([C:9]([C:8]1([H:18])[H:19])([H:20])[H:21])([H:11])[C:2](=[O:1])[O:3][H:10])([H:12])[H:13])([H:14])[H:15])[H:17],20.0,1.0
12,0.05455999963340305,AM1BCC,OpenEye,,,H,,13,[H:16][C:7]1([C:6]([C:5]([C:4]([C:9]([C:8]1([H:18])[H:19])([H:20])[H:21])([H:11])[C:2](=[O:1])[O:3][H:10])([H:12])[H:13])([H:14])[H:15])[H:17],20.0,1.0
13,0.04193000264820598,AM1BCC,OpenEye,,,H,,14,[H:16][C:7]1([C:6]([C:5]([C:4]([C:9]([C:8]1([H:18])[H:19])([H:20])[H:21])([H:11])[C:2](=[O:1])[O:3][H:10])([H:12])[H:13])([H:14])[H:15])[H:17],20.0,1.0
14,0.04193000264820598,AM1BCC,OpenEye,,,H,,15,[H:16][C:7]1([C:6]([C:5]([C:4]([C:9]([C:8]1([H:18])[H:19])([H:20])[H:21])([H:11])[C:2](=[O:1])[O:3][H:10])([H:12])[H:13])([H:14])[H:15])[H:17],20.0,1.0
15,0.05027000002917789,AM1BCC,OpenEye,,,H,,16,[H:16][C:7]1([C:6]([C:5]([C:4]([C:9]([C:8]1([H:18])[H:19])([H:20])[H:21])([H:11])[C:2](=[O:1])[O:3][H:10])([H:12])[H:13])([H:14])[H:15])[H:17],20.0,1.0
16,0.05027000002917789,AM1BCC,OpenEye,,,H,,17,[H:16][C:7]1([C:6]([C:5]([C:4]([C:9]([C:8]1([H:18])[H:19])([H:20])[H:21])([H:11])[C:2](=[O:1])[O:3][H:10])([H:12])[H:13])([H:14])[H:15])[H:17],20.0,1.0
17,0.04193000264820598,AM1BCC,OpenEye,,,H,,18,[H:16][C:7]1([C:6]([C:5]([C:4]([C:9]([C:8]1([H:18])[H:19])([H:20])[H:21])([H:11])[C:2](=[O:1])[O:3][H:10])([H:12])[H:13])([H:14])[H:15])[H:17],20.0,1.0
18,0.04193000264820598,AM1BCC,OpenEye,,,H,,19,[H:16][C:7]1([C:6]([C:5]([C:4]([C:9]([C:8]1([H:18])[H:19])([H:20])[H:21])([H:11])[C:2](=[O:1])[O:3][H:10])([H:12])[H:13])([H:14])[H:15])[H:17],20.0,1.0
19,0.05455999963340305,AM1BCC,OpenEye,,,H,,20,[H:16][C:7]1([C:6]([C:5]([C:4]([C:9]([C:8]1([H:18])[H:19])([H:20])[H:21])([H:11])[C:2](=[O:1])[O:3][H:10])([H:12])[H:13])([H:14])[H:15])[H:17],20.0,1.0
20,0.05455999963340305,AM1BCC,OpenEye,,,H,,21,[H:16][C:7]1([C:6]([C:5]([C:4]([C:9]([C:8]1([H:18])[H:19])([H:20])[H:21])([H:11])[C:2](=[O:1])[O:3][H:10])([H:12])[H:13])([H:14])[H:15])[H:17],20.0,1.0
0,-0.551,AM1BCC,AmberTools,,,O,,1,[H:16][C:7]1([C:6]([C:5]([C:4]([C:9]([C:8]1([H:18])[H:19])([H:20])[H:21])([H:11])[C:2](=[O:1])[O:3][H:10])([H:12])[H:13])([H:14])[H:15])[H:17],20.0,1.0
1,0.6361,AM1BCC,AmberTools,,,C,,2,[H:16][C:7]1([C:6]([C:5]([C:4]([C:9]([C:8]1([H:18])[H:19])([H:20])[H:21])([H:11])[C:2](=[O:1])[O:3][H:10])([H:12])[H:13])([H:14])[H:15])[H:17],20.0,1.0
2,-0.6111,AM1BCC,AmberTools,,,O,,3,[H:16][C:7]1([C:6]([C:5]([C:4]([C:9]([C:8]1([H:18])[H:19])([H:20])[H:21])([H:11])[C:2](=[O:1])[O:3][H:10])([H:12])[H:13])([H:14])[H:15])[H:17],20.0,1.0
3,-0.1037,AM1BCC,AmberTools,,,C,,4,[H:16][C:7]1([C:6]([C:5]([C:4]([C:9]([C:8]1([H:18])[H:19])([H:20])[H:21])([H:11])[C:2](=[O:1])[O:3][H:10])([H:12])[H:13])([H:14])[H:15])[H:17],20.0,1.0
4,-0.0719,AM1BCC,AmberTools,,,C,,5,[H:16][C:7]1([C:6]([C:5]([C:4]([C:9]([C:8]1([H:18])[H:19])([H:20])[H:21])([H:11])[C:2](=[O:1])[O:3][H:10])([H:12])[H:13])([H:14])[H:15])[H:17],20.0,1.0
5,-0.0784,AM1BCC,AmberTools,,,C,,6,[H:16][C:7]1([C:6]([C:5]([C:4]([C:9]([C:8]1([H:18])[H:19])([H:20])[H:21])([H:11])[C:2](=[O:1])[O:3][H:10])([H:12])[H:13])([H:14])[H:15])[H:17],20.0,1.0
6,-0.0774,AM1BCC,AmberTools,,,C,,7,[H:16][C:7]1([C:6]([C:5]([C:4]([C:9]([C:8]1([H:18])[H:19])([H:20])[H:21])([H:11])[C:2](=[O:1])[O:3][H:10])([H:12])[H:13])([H:14])[H:15])[H:17],20.0,1.0
7,-0.0784,AM1BCC,AmberTools,,,C,,8,[H:16][C:7]1([C:6]([C:5]([C:4]([C:9]([C:8]1([H:18])[H:19])([H:20])[H:21])([H:11])[C:2](=[O:1])[O:3][H:10])([H:12])[H:13])([H:14])[H:15])[H:17],20.0,1.0
8,-0.0719,AM1BCC,AmberTools,,,C,,9,[H:16][C:7]1([C:6]([C:5]([C:4]([C:9]([C:8]1([H:18])[H:19])([H:20])[H:21])([H:11])[C:2](=[O:1])[O:3][H:10])([H:12])[H:13])([H:14])[H:15])[H:17],20.0,1.0
9,0.442,AM1BCC,AmberTools,,,H,,10,[H:16][C:7]1([C:6]([C:5]([C:4]([C:9]([C:8]1([H:18])[H:19])([H:20])[H:21])([H:11])[C:2](=[O:1])[O:3][H:10])([H:12])[H:13])([H:14])[H:15])[H:17],20.0,1.0
10,0.0807,AM1BCC,AmberTools,,,H,,11,[H:16][C:7]1([C:6]([C:5]([C:4]([C:9]([C:8]1([H:18])[H:19])([H:20])[H:21])([H:11])[C:2](=[O:1])[O:3][H:10])([H:12])[H:13])([H:14])[H:15])[H:17],20.0,1.0
11,0.05445,AM1BCC,AmberTools,,,H,,12,[H:16][C:7]1([C:6]([C:5]([C:4]([C:9]([C:8]1([H:18])[H:19])([H:20])[H:21])([H:11])[C:2](=[O:1])[O:3][H:10])([H:12])[H:13])([H:14])[H:15])[H:17],20.0,1.0
12,0.05445,AM1BCC,AmberTools,,,H,,13,[H:16][C:7]1([C:6]([C:5]([C:4]([C:9]([C:8]1([H:18])[H:19])([H:20])[H:21])([H:11])[C:2](=[O:1])[O:3][H:10])([H:12])[H:13])([H:14])[H:15])[H:17],20.0,1.0
13,0.0462,AM1BCC,AmberTools,,,H,,14,[H:16][C:7]1([C:6]([C:5]([C:4]([C:9]([C:8]1([H:18])[H:19])([H:20])[H:21])([H:11])[C:2](=[O:1])[O:3][H:10])([H:12])[H:13])([H:14])[H:15])[H:17],20.0,1.0
14,0.0462,AM1BCC,AmberTools,,,H,,15,[H:16][C:7]1([C:6]([C:5]([C:4]([C:9]([C:8]1([H:18])[H:19])([H:20])[H:21])([H:11])[C:2](=[O:1])[O:3][H:10])([H:12])[H:13])([H:14])[H:15])[H:17],20.0,1.0
15,0.0412,AM1BCC,AmberTools,,,H,,16,[H:16][C:7]1([C:6]([C:5]([C:4]([C:9]([C:8]1([H:18])[H:19])([H:20])[H:21])([H:11])[C:2](=[O:1])[O:3][H:10])([H:12])[H:13])([H:14])[H:15])[H:17],20.0,1.0
16,0.0412,AM1BCC,AmberTools,,,H,,17,[H:16][C:7]1([C:6]([C:5]([C:4]([C:9]([C:8]1([H:18])[H:19])([H:20])[H:21])([H:11])[C:2](=[O:1])[O:3][H:10])([H:12])[H:13])([H:14])[H:15])[H:17],20.0,1.0
17,0.0462,AM1BCC,AmberTools,,,H,,18,[H:16][C:7]1([C:6]([C:5]([C:4]([C:9]([C:8]1([H:18])[H:19])([H:20])[H:21])([H:11])[C:2](=[O:1])[O:3][H:10])([H:12])[H:13])([H:14])[H:15])[H:17],20.0,1.0
18,0.0462,AM1BCC,AmberTools,,,H,,19,[H:16][C:7]1([C:6]([C:5]([C:4]([C:9]([C:8]1([H:18])[H:19])([H:20])[H:21])([H:11])[C:2](=[O:1])[O:3][H:10])([H:12])[H:13])([H:14])[H:15])[H:17],20.0,1.0
19,0.05445,AM1BCC,AmberTools,,,H,,20,[H:16][C:7]1([C:6]([C:5]([C:4]([C:9]([C:8]1([H:18])[H:19])([H:20])[H:21])([H:11])[C:2](=[O:1])[O:3][H:10])([H:12])[H:13])([H:14])[H:15])[H:17],20.0,1.0
20,0.05445,AM1BCC,AmberTools,,,H,,21,[H:16][C:7]1([C:6]([C:5]([C:4]([C:9]([C:8]1([H:18])[H:19])([H:20])[H:21])([H:11])[C:2](=[O:1])[O:3][H:10])([H:12])[H:13])([H:14])[H:15])[H:17],20.0,1.0
0,-0.5521500096434638,AM1BCC,OpenEye,,,O,,1,[H:16][C:7]1([C:6]([C:5]([C:4]([C:9]([C:8]1([H:18])[H:19])([H:20])[H:21])([H:11])[C:2](=[O:1])[O:3][H:10])([H:12])[H:13])([H:14])[H:15])[H:17],20.0,2.0
1,0.6359400167351678,AM1BCC,OpenEye,,,C,,2,[H:16][C:7]1([C:6]([C:5]([C:4]([C:9]([C:8]1([H:18])[H:19])([H:20])[H:21])([H:11])[C:2](=[O:1])[O:3][H:10])([H:12])[H:13])([H:14])[H:15])[H:17],20.0,2.0
2,-0.6023200140112922,AM1BCC,OpenEye,,,O,,3,[H:16][C:7]1([C:6]([C:5]([C:4]([C:9]([C:8]1([H:18])[H:19])([H:20])[H:21])([H:11])[C:2](=[O:1])[O:3][H:10])([H:12])[H:13])([H:14])[H:15])[H:17],20.0,2.0
3,-0.10313999510946728,AM1BCC,OpenEye,,,C,,4,[H:16][C:7]1([C:6]([C:5]([C:4]([C:9]([C:8]1([H:18])[H:19])([H:20])[H:21])([H:11])[C:2](=[O:1])[O:3][H:10])([H:12])[H:13])([H:14])[H:15])[H:17],20.0,2.0
4,-0.07291000194492794,AM1BCC,OpenEye,,,C,,5,[H:16][C:7]1([C:6]([C:5]([C:4]([C:9]([C:8]1([H:18])[H:19])([H:20])[H:21])([H:11])[C:2](=[O:1])[O:3][H:10])([H:12])[H:13])([H:14])[H:15])[H:17],20.0,2.0
5,-0.0765399993175552,AM1BCC,OpenEye,,,C,,6,[H:16][C:7]1([C:6]([C:5]([C:4]([C:9]([C:8]1([H:18])[H:19])([H:20])[H:21])([H:11])[C:2](=[O:1])[O:3][H:10])([H:12])[H:13])([H:14])[H:15])[H:17],20.0,2.0
6,-0.0844999984616325,AM1BCC,OpenEye,,,C,,7,[H:16][C:7]1([C:6]([C:5]([C:4]([C:9]([C:8]1([H:18])[H:19])([H:20])[H:21])([H:11])[C:2](=[O:1])[O:3][H:10])([H:12])[H:13])([H:14])[H:15])[H:17],20.0,2.0
7,-0.0765399993175552,AM1BCC,OpenEye,,,C,,8,[H:16][C:7]1([C:6]([C:5]([C:4]([C:9]([C:8]1([H:18])[H:19])([H:20])[H:21])([H:11])[C:2](=[O:1])[O:3][H:10])([H:12])[H:13])([H:14])[H:15])[H:17],20.0,2.0
8,-0.07291000194492794,AM1BCC,OpenEye,,,C,,9,[H:16][C:7]1([C:6]([C:5]([C:4]([C:9]([C:8]1([H:18])[H:19])([H:20])[H:21])([H:11])[C:2](=[O:1])[O:3][H:10])([H:12])[H:13])([H:14])[H:15])[H:17],20.0,2.0
9,0.44183999441918875,AM1BCC,OpenEye,,,H,,10,[H:16][C:7]1([C:6]([C:5]([C:4]([C:9]([C:8]1([H:18])[H:19])([H:20])[H:21])([H:11])[C:2](=[O:1])[O:3][H:10])([H:12])[H:13])([H:14])[H:15])[H:17],20.0,2.0
10,0.07672999941167377,AM1BCC,OpenEye,,,H,,11,[H:16][C:7]1([C:6]([C:5]([C:4]([C:9]([C:8]1([H:18])[H:19])([H:20])[H:21])([H:11])[C:2](=[O:1])[O:3][H:10])([H:12])[H:13])([H:14])[H:15])[H:17],20.0,2.0
11,0.05455999963340305,AM1BCC,OpenEye,,,H,,12,[H:16][C:7]1([C:6]([C:5]([C:4]([C:9]([C:8]1([H:18])[H:19])([H:20])[H:21])([H:11])[C:2](=[O:1])[O:3][H:10])([H:12])[H:13])([H:14])[H:15])[H:17],20.0,2.0
12,0.05455999963340305,AM1BCC,OpenEye,,,H,,13,[H:16][C:7]1([C:6]([C:5]([C:4]([C:9]([C:8]1([H:18])[H:19])([H:20])[H:21])([H:11])[C:2](=[O:1])[O:3][H:10])([H:12])[H:13])([H:14])[H:15])[H:17],20.0,2.0
13,0.04193000264820598,AM1BCC,OpenEye,,,H,,14,[H:16][C:7]1([C:6]([C:5]([C:4]([C:9]([C:8]1([H:18])[H:19])([H:20])[H:21])([H:11])[C:2](=[O:1])[O:3][H:10])([H:12])[H:13])([H:14])[H:15])[H:17],20.0,2.0
14,0.04193000264820598,AM1BCC,OpenEye,,,H,,15,[H:16][C:7]1([C:6]([C:5]([C:4]([C:9]([C:8]1([H:18])[H:19])([H:20])[H:21])([H:11])[C:2](=[O:1])[O:3][H:10])([H:12])[H:13])([H:14])[H:15])[H:17],20.0,2.0
15,0.05027000002917789,AM1BCC,OpenEye,,,H,,16,[H:16][C:7]1([C:6]([C:5]([C:4]([C:9]([C:8]1([H:18])[H:19])([H:20])[H:21])([H:11])[C:2](=[O:1])[O:3][H:10])([H:12])[H:13])([H:14])[H:15])[H:17],20.0,2.0
16,0.05027000002917789,AM1BCC,OpenEye,,,H,,17,[H:16][C:7]1([C:6]([C:5]([C:4]([C:9]([C:8]1([H:18])[H:19])([H:20])[H:21])([H:11])[C:2](=[O:1])[O:3][H:10])([H:12])[H:13])([H:14])[H:15])[H:17],20.0,2.0
17,0.04193000264820598,AM1BCC,OpenEye,,,H,,18,[H:16][C:7]1([C:6]([C:5]([C:4]([C:9]([C:8]1([H:18])[H:19])([H:20])[H:21])([H:11])[C:2](=[O:1])[O:3][H:10])([H:12])[H:13])([H:14])[H:15])[H:17],20.0,2.0
18,0.04193000264820598,AM1BCC,OpenEye,,,H,,19,[H:16][C:7]1([C:6]([C:5]([C:4]([C:9]([C:8]1([H:18])[H:19])([H:20])[H:21])([H:11])[C:2](=[O:1])[O:3][H:10])([H:12])[H:13])([H:14])[H:15])[H:17],20.0,2.0
19,0.05455999963340305,AM1BCC,OpenEye,,,H,,20,[H:16][C:7]1([C:6]([C:5]([C:4]([C:9]([C:8]1([H:18])[H:19])([H:20])[H:21])([H:11])[C:2](=[O:1])[O:3][H:10])([H:12])[H:13])([H:14])[H:15])[H:17],20.0,2.0
20,0.05455999963340305,AM1BCC,OpenEye,,,H,,21,[H:16][C:7]1([C:6]([C:5]([C:4]([C:9]([C:8]1([H:18])[H:19])([H:20])[H:21])([H:11])[C:2](=[O:1])[O:3][H:10])([H:12])[H:13])([H:14])[H:15])[H:17],20.0,2.0
0,-0.551,AM1BCC,AmberTools,,,O,,1,[H:16][C:7]1([C:6]([C:5]([C:4]([C:9]([C:8]1([H:18])[H:19])([H:20])[H:21])([H:11])[C:2](=[O:1])[O:3][H:10])([H:12])[H:13])([H:14])[H:15])[H:17],20.0,2.0
1,0.6361,AM1BCC,AmberTools,,,C,,2,[H:16][C:7]1([C:6]([C:5]([C:4]([C:9]([C:8]1([H:18])[H:19])([H:20])[H:21])([H:11])[C:2](=[O:1])[O:3][H:10])([H:12])[H:13])([H:14])[H:15])[H:17],20.0,2.0
2,-0.6111,AM1BCC,AmberTools,,,O,,3,[H:16][C:7]1([C:6]([C:5]([C:4]([C:9]([C:8]1([H:18])[H:19])([H:20])[H:21])([H:11])[C:2](=[O:1])[O:3][H:10])([H:12])[H:13])([H:14])[H:15])[H:17],20.0,2.0
3,-0.1037,AM1BCC,AmberTools,,,C,,4,[H:16][C:7]1([C:6]([C:5]([C:4]([C:9]([C:8]1([H:18])[H:19])([H:20])[H:21])([H:11])[C:2](=[O:1])[O:3][H:10])([H:12])[H:13])([H:14])[H:15])[H:17],20.0,2.0
4,-0.0719,AM1BCC,AmberTools,,,C,,5,[H:16][C:7]1([C:6]([C:5]([C:4]([C:9]([C:8]1([H:18])[H:19])([H:20])[H:21])([H:11])[C:2](=[O:1])[O:3][H:10])([H:12])[H:13])([H:14])[H:15])[H:17],20.0,2.0
5,-0.0784,AM1BCC,AmberTools,,,C,,6,[H:16][C:7]1([C:6]([C:5]([C:4]([C:9]([C:8]1([H:18])[H:19])([H:20])[H:21])([H:11])[C:2](=[O:1])[O:3][H:10])([H:12])[H:13])([H:14])[H:15])[H:17],20.0,2.0
6,-0.0774,AM1BCC,AmberTools,,,C,,7,[H:16][C:7]1([C:6]([C:5]([C:4]([C:9]([C:8]1([H:18])[H:19])([H:20])[H:21])([H:11])[C:2](=[O:1])[O:3][H:10])([H:12])[H:13])([H:14])[H:15])[H:17],20.0,2.0
7,-0.0784,AM1BCC,AmberTools,,,C,,8,[H:16][C:7]1([C:6]([C:5]([C:4]([C:9]([C:8]1([H:18])[H:19])([H:20])[H:21])([H:11])[C:2](=[O:1])[O:3][H:10])([H:12])[H:13])([H:14])[H:15])[H:17],20.0,2.0
8,-0.0719,AM1BCC,AmberTools,,,C,,9,[H:16][C:7]1([C:6]([C:5]([C:4]([C:9]([C:8]1([H:18])[H:19])([H:20])[H:21])([H:11])[C:2](=[O:1])[O:3][H:10])([H:12])[H:13])([H:14])[H:15])[H:17],20.0,2.0
9,0.442,AM1BCC,AmberTools,,,H,,10,[H:16][C:7]1([C:6]([C:5]([C:4]([C:9]([C:8]1([H:18])[H:19])([H:20])[H:21])([H:11])[C:2](=[O:1])[O:3][H:10])([H:12])[H:13])([H:14])[H:15])[H:17],20.0,2.0
10,0.0807,AM1BCC,AmberTools,,,H,,11,[H:16][C:7]1([C:6]([C:5]([C:4]([C:9]([C:8]1([H:18])[H:19])([H:20])[H:21])([H:11])[C:2](=[O:1])[O:3][H:10])([H:12])[H:13])([H:14])[H:15])[H:17],20.0,2.0
11,0.05445,AM1BCC,AmberTools,,,H,,12,[H:16][C:7]1([C:6]([C:5]([C:4]([C:9]([C:8]1([H:18])[H:19])([H:20])[H:21])([H:11])[C:2](=[O:1])[O:3][H:10])([H:12])[H:13])([H:14])[H:15])[H:17],20.0,2.0
12,0.05445,AM1BCC,AmberTools,,,H,,13,[H:16][C:7]1([C:6]([C:5]([C:4]([C:9]([C:8]1([H:18])[H:19])([H:20])[H:21])([H:11])[C:2](=[O:1])[O:3][H:10])([H:12])[H:13])([H:14])[H:15])[H:17],20.0,2.0
13,0.0462,AM1BCC,AmberTools,,,H,,14,[H:16][C:7]1([C:6]([C:5]([C:4]([C:9]([C:8]1([H:18])[H:19])([H:20])[H:21])([H:11])[C:2](=[O:1])[O:3][H:10])([H:12])[H:13])([H:14])[H:15])[H:17],20.0,2.0
14,0.0462,AM1BCC,AmberTools,,,H,,15,[H:16][C:7]1([C:6]([C:5]([C:4]([C:9]([C:8]1([H:18])[H:19])([H:20])[H:21])([H:11])[C:2](=[O:1])[O:3][H:10])([H:12])[H:13])([H:14])[H:15])[H:17],20.0,2.0
15,0.0412,AM1BCC,AmberTools,,,H,,16,[H:16][C:7]1([C:6]([C:5]([C:4]([C:9]([C:8]1([H:18])[H:19])([H:20])[H:21])([H:11])[C:2](=[O:1])[O:3][H:10])([H:12])[H:13])([H:14])[H:15])[H:17],20.0,2.0
16,0.0412,AM1BCC,AmberTools,,,H,,17,[H:16][C:7]1([C:6]([C:5]([C:4]([C:9]([C:8]1([H:18])[H:19])([H:20])[H:21])([H:11])[C:2](=[O:1])[O:3][H:10])([H:12])[H:13])([H:14])[H:15])[H:17],20.0,2.0
17,0.0462,AM1BCC,AmberTools,,,H,,18,[H:16][C:7]1([C:6]([C:5]([C:4]([C:9]([C:8]1([H:18])[H:19])([H:20])[H:21])([H:11])[C:2](=[O:1])[O:3][H:10])([H:12])[H:13])([H:14])[H:15])[H:17],20.0,2.0
18,0.0462,AM1BCC,AmberTools,,,H,,19,[H:16][C:7]1([C:6]([C:5]([C:4]([C:9]([C:8]1([H:18])[H:19])([H:20])[H:21])([H:11])[C:2](=[O:1])[O:3][H:10])([H:12])[H:13])([H:14])[H:15])[H:17],20.0,2.0
19,0.05445,AM1BCC,AmberTools,,,H,,20,[H:16][C:7]1([C:6]([C:5]([C:4]([C:9]([C:8]1([H:18])[H:19])([H:20])[H:21])([H:11])[C:2](=[O:1])[O:3][H:10])([H:12])[H:13])([H:14])[H:15])[H:17],20.0,2.0
20,0.05445,AM1BCC,AmberTools,,,H,,21,[H:16][C:7]1([C:6]([C:5]([C:4]([C:9]([C:8]1([H:18])[H:19])([H:20])[H:21])([H:11])[C:2](=[O:1])[O:3][H:10])([H:12])[H:13])([H:14])[H:15])[H:17],20.0,2.0
0,-0.5521500096434638,AM1BCC,OpenEye,,,O,,1,[H:16][C:7]1([C:6]([C:5]([C:4]([C:9]([C:8]1([H:18])[H:19])([H:20])[H:21])([H:11])[C:2](=[O:1])[O:3][H:10])([H:12])[H:13])([H:14])[H:15])[H:17],20.0,3.0
1,0.6359400167351678,AM1BCC,OpenEye,,,C,,2,[H:16][C:7]1([C:6]([C:5]([C:4]([C:9]([C:8]1([H:18])[H:19])([H:20])[H:21])([H:11])[C:2](=[O:1])[O:3][H:10])([H:12])[H:13])([H:14])[H:15])[H:17],20.0,3.0
2,-0.6023200140112922,AM1BCC,OpenEye,,,O,,3,[H:16][C:7]1([C:6]([C:5]([C:4]([C:9]([C:8]1([H:18])[H:19])([H:20])[H:21])([H:11])[C:2](=[O:1])[O:3][H:10])([H:12])[H:13])([H:14])[H:15])[H:17],20.0,3.0
3,-0.10313999510946728,AM1BCC,OpenEye,,,C,,4,[H:16][C:7]1([C:6]([C:5]([C:4]([C:9]([C:8]1([H:18])[H:19])([H:20])[H:21])([H:11])[C:2](=[O:1])[O:3][H:10])([H:12])[H:13])([H:14])[H:15])[H:17],20.0,3.0
4,-0.07291000194492794,AM1BCC,OpenEye,,,C,,5,[H:16][C:7]1([C:6]([C:5]([C:4]([C:9]([C:8]1([H:18])[H:19])([H:20])[H:21])([H:11])[C:2](=[O:1])[O:3][H:10])([H:12])[H:13])([H:14])[H:15])[H:17],20.0,3.0
5,-0.0765399993175552,AM1BCC,OpenEye,,,C,,6,[H:16][C:7]1([C:6]([C:5]([C:4]([C:9]([C:8]1([H:18])[H:19])([H:20])[H:21])([H:11])[C:2](=[O:1])[O:3][H:10])([H:12])[H:13])([H:14])[H:15])[H:17],20.0,3.0
6,-0.0844999984616325,AM1BCC,OpenEye,,,C,,7,[H:16][C:7]1([C:6]([C:5]([C:4]([C:9]([C:8]1([H:18])[H:19])([H:20])[H:21])([H:11])[C:2](=[O:1])[O:3][H:10])([H:12])[H:13])([H:14])[H:15])[H:17],20.0,3.0
7,-0.0765399993175552,AM1BCC,OpenEye,,,C,,8,[H:16][C:7]1([C:6]([C:5]([C:4]([C:9]([C:8]1([H:18])[H:19])([H:20])[H:21])([H:11])[C:2](=[O:1])[O:3][H:10])([H:12])[H:13])([H:14])[H:15])[H:17],20.0,3.0
8,-0.07291000194492794,AM1BCC,OpenEye,,,C,,9,[H:16][C:7]1([C:6]([C:5]([C:4]([C:9]([C:8]1([H:18])[H:19])([H:20])[H:21])([H:11])[C:2](=[O:1])[O:3][H:10])([H:12])[H:13])([H:14])[H:15])[H:17],20.0,3.0
9,0.44183999441918875,AM1BCC,OpenEye,,,H,,10,[H:16][C:7]1([C:6]([C:5]([C:4]([C:9]([C:8]1([H:18])[H:19])([H:20])[H:21])([H:11])[C:2](=[O:1])[O:3][H:10])([H:12])[H:13])([H:14])[H:15])[H:17],20.0,3.0
10,0.07672999941167377,AM1BCC,OpenEye,,,H,,11,[H:16][C:7]1([C:6]([C:5]([C:4]([C:9]([C:8]1([H:18])[H:19])([H:20])[H:21])([H:11])[C:2](=[O:1])[O:3][H:10])([H:12])[H:13])([H:14])[H:15])[H:17],20.0,3.0
11,0.05455999963340305,AM1BCC,OpenEye,,,H,,12,[H:16][C:7]1([C:6]([C:5]([C:4]([C:9]([C:8]1([H:18])[H:19])([H:20])[H:21])([H:11])[C:2](=[O:1])[O:3][H:10])([H:12])[H:13])([H:14])[H:15])[H:17],20.0,3.0
12,0.05455999963340305,AM1BCC,OpenEye,,,H,,13,[H:16][C:7]1([C:6]([C:5]([C:4]([C:9]([C:8]1([H:18])[H:19])([H:20])[H:21])([H:11])[C:2](=[O:1])[O:3][H:10])([H:12])[H:13])([H:14])[H:15])[H:17],20.0,3.0
13,0.04193000264820598,AM1BCC,OpenEye,,,H,,14,[H:16][C:7]1([C:6]([C:5]([C:4]([C:9]([C:8]1([H:18])[H:19])([H:20])[H:21])([H:11])[C:2](=[O:1])[O:3][H:10])([H:12])[H:13])([H:14])[H:15])[H:17],20.0,3.0
14,0.04193000264820598,AM1BCC,OpenEye,,,H,,15,[H:16][C:7]1([C:6]([C:5]([C:4]([C:9]([C:8]1([H:18])[H:19])([H:20])[H:21])([H:11])[C:2](=[O:1])[O:3][H:10])([H:12])[H:13])([H:14])[H:15])[H:17],20.0,3.0
15,0.05027000002917789,AM1BCC,OpenEye,,,H,,16,[H:16][C:7]1([C:6]([C:5]([C:4]([C:9]([C:8]1([H:18])[H:19])([H:20])[H:21])([H:11])[C:2](=[O:1])[O:3][H:10])([H:12])[H:13])([H:14])[H:15])[H:17],20.0,3.0
16,0.05027000002917789,AM1BCC,OpenEye,,,H,,17,[H:16][C:7]1([C:6]([C:5]([C:4]([C:9]([C:8]1([H:18])[H:19])([H:20])[H:21])([H:11])[C:2](=[O:1])[O:3][H:10])([H:12])[H:13])([H:14])[H:15])[H:17],20.0,3.0
17,0.04193000264820598,AM1BCC,OpenEye,,,H,,18,[H:16][C:7]1([C:6]([C:5]([C:4]([C:9]([C:8]1([H:18])[H:19])([H:20])[H:21])([H:11])[C:2](=[O:1])[O:3][H:10])([H:12])[H:13])([H:14])[H:15])[H:17],20.0,3.0
18,0.04193000264820598,AM1BCC,OpenEye,,,H,,19,[H:16][C:7]1([C:6]([C:5]([C:4]([C:9]([C:8]1([H:18])[H:19])([H:20])[H:21])([H:11])[C:2](=[O:1])[O:3][H:10])([H:12])[H:13])([H:14])[H:15])[H:17],20.0,3.0
19,0.05455999963340305,AM1BCC,OpenEye,,,H,,20,[H:16][C:7]1([C:6]([C:5]([C:4]([C:9]([C:8]1([H:18])[H:19])([H:20])[H:21])([H:11])[C:2](=[O:1])[O:3][H:10])([H:12])[H:13])([H:14])[H:15])[H:17],20.0,3.0
20,0.05455999963340305,AM1BCC,OpenEye,,,H,,21,[H:16][C:7]1([C:6]([C:5]([C:4]([C:9]([C:8]1([H:18])[H:19])([H:20])[H:21])([H:11])[C:2](=[O:1])[O:3][H:10])([H:12])[H:13])([H:14])[H:15])[H:17],20.0,3.0
0,-0.551,AM1BCC,AmberTools,,,O,,1,[H:16][C:7]1([C:6]([C:5]([C:4]([C:9]([C:8]1([H:18])[H:19])([H:20])[H:21])([H:11])[C:2](=[O:1])[O:3][H:10])([H:12])[H:13])([H:14])[H:15])[H:17],20.0,3.0
1,0.6361,AM1BCC,AmberTools,,,C,,2,[H:16][C:7]1([C:6]([C:5]([C:4]([C:9]([C:8]1([H:18])[H:19])([H:20])[H:21])([H:11])[C:2](=[O:1])[O:3][H:10])([H:12])[H:13])([H:14])[H:15])[H:17],20.0,3.0
2,-0.6111,AM1BCC,AmberTools,,,O,,3,[H:16][C:7]1([C:6]([C:5]([C:4]([C:9]([C:8]1([H:18])[H:19])([H:20])[H:21])([H:11])[C:2](=[O:1])[O:3][H:10])([H:12])[H:13])([H:14])[H:15])[H:17],20.0,3.0
3,-0.1037,AM1BCC,AmberTools,,,C,,4,[H:16][C:7]1([C:6]([C:5]([C:4]([C:9]([C:8]1([H:18])[H:19])([H:20])[H:21])([H:11])[C:2](=[O:1])[O:3][H:10])([H:12])[H:13])([H:14])[H:15])[H:17],20.0,3.0
4,-0.0719,AM1BCC,AmberTools,,,C,,5,[H:16][C:7]1([C:6]([C:5]([C:4]([C:9]([C:8]1([H:18])[H:19])([H:20])[H:21])([H:11])[C:2](=[O:1])[O:3][H:10])([H:12])[H:13])([H:14])[H:15])[H:17],20.0,3.0
5,-0.0784,AM1BCC,AmberTools,,,C,,6,[H:16][C:7]1([C:6]([C:5]([C:4]([C:9]([C:8]1([H:18])[H:19])([H:20])[H:21])([H:11])[C:2](=[O:1])[O:3][H:10])([H:12])[H:13])([H:14])[H:15])[H:17],20.0,3.0
6,-0.0774,AM1BCC,AmberTools,,,C,,7,[H:16][C:7]1([C:6]([C:5]([C:4]([C:9]([C:8]1([H:18])[H:19])([H:20])[H:21])([H:11])[C:2](=[O:1])[O:3][H:10])([H:12])[H:13])([H:14])[H:15])[H:17],20.0,3.0
7,-0.0784,AM1BCC,AmberTools,,,C,,8,[H:16][C:7]1([C:6]([C:5]([C:4]([C:9]([C:8]1([H:18])[H:19])([H:20])[H:21])([H:11])[C:2](=[O:1])[O:3][H:10])([H:12])[H:13])([H:14])[H:15])[H:17],20.0,3.0
8,-0.0719,AM1BCC,AmberTools,,,C,,9,[H:16][C:7]1([C:6]([C:5]([C:4]([C:9]([C:8]1([H:18])[H:19])([H:20])[H:21])([H:11])[C:2](=[O:1])[O:3][H:10])([H:12])[H:13])([H:14])[H:15])[H:17],20.0,3.0
9,0.442,AM1BCC,AmberTools,,,H,,10,[H:16][C:7]1([C:6]([C:5]([C:4]([C:9]([C:8]1([H:18])[H:19])([H:20])[H:21])([H:11])[C:2](=[O:1])[O:3][H:10])([H:12])[H:13])([H:14])[H:15])[H:17],20.0,3.0
10,0.0807,AM1BCC,AmberTools,,,H,,11,[H:16][C:7]1([C:6]([C:5]([C:4]([C:9]([C:8]1([H:18])[H:19])([H:20])[H:21])([H:11])[C:2](=[O:1])[O:3][H:10])([H:12])[H:13])([H:14])[H:15])[H:17],20.0,3.0
11,0.05445,AM1BCC,AmberTools,,,H,,12,[H:16][C:7]1([C:6]([C:5]([C:4]([C:9]([C:8]1([H:18])[H:19])([H:20])[H:21])([H:11])[C:2](=[O:1])[O:3][H:10])([H:12])[H:13])([H:14])[H:15])[H:17],20.0,3.0
12,0.05445,AM1BCC,AmberTools,,,H,,13,[H:16][C:7]1([C:6]([C:5]([C:4]([C:9]([C:8]1([H:18])[H:19])([H:20])[H:21])([H:11])[C:2](=[O:1])[O:3][H:10])([H:12])[H:13])([H:14])[H:15])[H:17],20.0,3.0
13,0.0462,AM1BCC,AmberTools,,,H,,14,[H:16][C:7]1([C:6]([C:5]([C:4]([C:9]([C:8]1([H:18])[H:19])([H:20])[H:21])([H:11])[C:2](=[O:1])[O:3][H:10])([H:12])[H:13])([H:14])[H:15])[H:17],20.0,3.0
14,0.0462,AM1BCC,AmberTools,,,H,,15,[H:16][C:7]1([C:6]([C:5]([C:4]([C:9]([C:8]1([H:18])[H:19])([H:20])[H:21])([H:11])[C:2](=[O:1])[O:3][H:10])([H:12])[H:13])([H:14])[H:15])[H:17],20.0,3.0
15,0.0412,AM1BCC,AmberTools,,,H,,16,[H:16][C:7]1([C:6]([C:5]([C:4]([C:9]([C:8]1([H:18])[H:19])([H:20])[H:21])([H:11])[C:2](=[O:1])[O:3][H:10])([H:12])[H:13])([H:14])[H:15])[H:17],20.0,3.0
16,0.0412,AM1BCC,AmberTools,,,H,,17,[H:16][C:7]1([C:6]([C:5]([C:4]([C:9]([C:8]1([H:18])[H:19])([H:20])[H:21])([H:11])[C:2](=[O:1])[O:3][H:10])([H:12])[H:13])([H:14])[H:15])[H:17],20.0,3.0
17,0.0462,AM1BCC,AmberTools,,,H,,18,[H:16][C:7]1([C:6]([C:5]([C:4]([C:9]([C:8]1([H:18])[H:19])([H:20])[H:21])([H:11])[C:2](=[O:1])[O:3][H:10])([H:12])[H:13])([H:14])[H:15])[H:17],20.0,3.0
18,0.0462,AM1BCC,AmberTools,,,H,,19,[H:16][C:7]1([C:6]([C:5]([C:4]([C:9]([C:8]1([H:18])[H:19])([H:20])[H:21])([H:11])[C:2](=[O:1])[O:3][H:10])([H:12])[H:13])([H:14])[H:15])[H:17],20.0,3.0
19,0.05445,AM1BCC,AmberTools,,,H,,20,[H:16][C:7]1([C:6]([C:5]([C:4]([C:9]([C:8]1([H:18])[H:19])([H:20])[H:21])([H:11])[C:2](=[O:1])[O:3][H:10])([H:12])[H:13])([H:14])[H:15])[H:17],20.0,3.0
20,0.05445,AM1BCC,AmberTools,,,H,,21,[H:16][C:7]1([C:6]([C:5]([C:4]([C:9]([C:8]1([H:18])[H:19])([H:20])[H:21])([H:11])[C:2](=[O:1])[O:3][H:10])([H:12])[H:13])([H:14])[H:15])[H:17],20.0,3.0
0,-0.5521500096434638,AM1BCC,OpenEye,,,O,,1,[H:16][C:7]1([C:6]([C:5]([C:4]([C:9]([C:8]1([H:18])[H:19])([H:20])[H:21])([H:11])[C:2](=[O:1])[O:3][H:10])([H:12])[H:13])([H:14])[H:15])[H:17],20.0,4.0
1,0.6359400167351678,AM1BCC,OpenEye,,,C,,2,[H:16][C:7]1([C:6]([C:5]([C:4]([C:9]([C:8]1([H:18])[H:19])([H:20])[H:21])([H:11])[C:2](=[O:1])[O:3][H:10])([H:12])[H:13])([H:14])[H:15])[H:17],20.0,4.0
2,-0.6023200140112922,AM1BCC,OpenEye,,,O,,3,[H:16][C:7]1([C:6]([C:5]([C:4]([C:9]([C:8]1([H:18])[H:19])([H:20])[H:21])([H:11])[C:2](=[O:1])[O:3][H:10])([H:12])[H:13])([H:14])[H:15])[H:17],20.0,4.0
3,-0.10313999510946728,AM1BCC,OpenEye,,,C,,4,[H:16][C:7]1([C:6]([C:5]([C:4]([C:9]([C:8]1([H:18])[H:19])([H:20])[H:21])([H:11])[C:2](=[O:1])[O:3][H:10])([H:12])[H:13])([H:14])[H:15])[H:17],20.0,4.0
4,-0.07291000194492794,AM1BCC,OpenEye,,,C,,5,[H:16][C:7]1([C:6]([C:5]([C:4]([C:9]([C:8]1([H:18])[H:19])([H:20])[H:21])([H:11])[C:2](=[O:1])[O:3][H:10])([H:12])[H:13])([H:14])[H:15])[H:17],20.0,4.0
5,-0.0765399993175552,AM1BCC,OpenEye,,,C,,6,[H:16][C:7]1([C:6]([C:5]([C:4]([C:9]([C:8]1([H:18])[H:19])([H:20])[H:21])([H:11])[C:2](=[O:1])[O:3][H:10])([H:12])[H:13])([H:14])[H:15])[H:17],20.0,4.0
6,-0.0844999984616325,AM1BCC,OpenEye,,,C,,7,[H:16][C:7]1([C:6]([C:5]([C:4]([C:9]([C:8]1([H:18])[H:19])([H:20])[H:21])([H:11])[C:2](=[O:1])[O:3][H:10])([H:12])[H:13])([H:14])[H:15])[H:17],20.0,4.0
7,-0.0765399993175552,AM1BCC,OpenEye,,,C,,8,[H:16][C:7]1([C:6]([C:5]([C:4]([C:9]([C:8]1([H:18])[H:19])([H:20])[H:21])([H:11])[C:2](=[O:1])[O:3][H:10])([H:12])[H:13])([H:14])[H:15])[H:17],20.0,4.0
8,-0.07291000194492794,AM1BCC,OpenEye,,,C,,9,[H:16][C:7]1([C:6]([C:5]([C:4]([C:9]([C:8]1([H:18])[H:19])([H:20])[H:21])([H:11])[C:2](=[O:1])[O:3][H:10])([H:12])[H:13])([H:14])[H:15])[H:17],20.0,4.0
9,0.44183999441918875,AM1BCC,OpenEye,,,H,,10,[H:16][C:7]1([C:6]([C:5]([C:4]([C:9]([C:8]1([H:18])[H:19])([H:20])[H:21])([H:11])[C:2](=[O:1])[O:3][H:10])([H:12])[H:13])([H:14])[H:15])[H:17],20.0,4.0
10,0.07672999941167377,AM1BCC,OpenEye,,,H,,11,[H:16][C:7]1([C:6]([C:5]([C:4]([C:9]([C:8]1([H:18])[H:19])([H:20])[H:21])([H:11])[C:2](=[O:1])[O:3][H:10])([H:12])[H:13])([H:14])[H:15])[H:17],20.0,4.0
11,0.05455999963340305,AM1BCC,OpenEye,,,H,,12,[H:16][C:7]1([C:6]([C:5]([C:4]([C:9]([C:8]1([H:18])[H:19])([H:20])[H:21])([H:11])[C:2](=[O:1])[O:3][H:10])([H:12])[H:13])([H:14])[H:15])[H:17],20.0,4.0
12,0.05455999963340305,AM1BCC,OpenEye,,,H,,13,[H:16][C:7]1([C:6]([C:5]([C:4]([C:9]([C:8]1([H:18])[H:19])([H:20])[H:21])([H:11])[C:2](=[O:1])[O:3][H:10])([H:12])[H:13])([H:14])[H:15])[H:17],20.0,4.0
13,0.04193000264820598,AM1BCC,OpenEye,,,H,,14,[H:16][C:7]1([C:6]([C:5]([C:4]([C:9]([C:8]1([H:18])[H:19])([H:20])[H:21])([H:11])[C:2](=[O:1])[O:3][H:10])([H:12])[H:13])([H:14])[H:15])[H:17],20.0,4.0
14,0.04193000264820598,AM1BCC,OpenEye,,,H,,15,[H:16][C:7]1([C:6]([C:5]([C:4]([C:9]([C:8]1([H:18])[H:19])([H:20])[H:21])([H:11])[C:2](=[O:1])[O:3][H:10])([H:12])[H:13])([H:14])[H:15])[H:17],20.0,4.0
15,0.05027000002917789,AM1BCC,OpenEye,,,H,,16,[H:16][C:7]1([C:6]([C:5]([C:4]([C:9]([C:8]1([H:18])[H:19])([H:20])[H:21])([H:11])[C:2](=[O:1])[O:3][H:10])([H:12])[H:13])([H:14])[H:15])[H:17],20.0,4.0
16,0.05027000002917789,AM1BCC,OpenEye,,,H,,17,[H:16][C:7]1([C:6]([C:5]([C:4]([C:9]([C:8]1([H:18])[H:19])([H:20])[H:21])([H:11])[C:2](=[O:1])[O:3][H:10])([H:12])[H:13])([H:14])[H:15])[H:17],20.0,4.0
17,0.04193000264820598,AM1BCC,OpenEye,,,H,,18,[H:16][C:7]1([C:6]([C:5]([C:4]([C:9]([C:8]1([H:18])[H:19])([H:20])[H:21])([H:11])[C:2](=[O:1])[O:3][H:10])([H:12])[H:13])([H:14])[H:15])[H:17],20.0,4.0
18,0.04193000264820598,AM1BCC,OpenEye,,,H,,19,[H:16][C:7]1([C:6]([C:5]([C:4]([C:9]([C:8]1([H:18])[H:19])([H:20])[H:21])([H:11])[C:2](=[O:1])[O:3][H:10])([H:12])[H:13])([H:14])[H:15])[H:17],20.0,4.0
19,0.05455999963340305,AM1BCC,OpenEye,,,H,,20,[H:16][C:7]1([C:6]([C:5]([C:4]([C:9]([C:8]1([H:18])[H:19])([H:20])[H:21])([H:11])[C:2](=[O:1])[O:3][H:10])([H:12])[H:13])([H:14])[H:15])[H:17],20.0,4.0
20,0.05455999963340305,AM1BCC,OpenEye,,,H,,21,[H:16][C:7]1([C:6]([C:5]([C:4]([C:9]([C:8]1([H:18])[H:19])([H:20])[H:21])([H:11])[C:2](=[O:1])[O:3][H:10])([H:12])[H:13])([H:14])[H:15])[H:17],20.0,4.0
0,-0.551,AM1BCC,AmberTools,,,O,,1,[H:16][C:7]1([C:6]([C:5]([C:4]([C:9]([C:8]1([H:18])[H:19])([H:20])[H:21])([H:11])[C:2](=[O:1])[O:3][H:10])([H:12])[H:13])([H:14])[H:15])[H:17],20.0,4.0
1,0.6361,AM1BCC,AmberTools,,,C,,2,[H:16][C:7]1([C:6]([C:5]([C:4]([C:9]([C:8]1([H:18])[H:19])([H:20])[H:21])([H:11])[C:2](=[O:1])[O:3][H:10])([H:12])[H:13])([H:14])[H:15])[H:17],20.0,4.0
2,-0.6111,AM1BCC,AmberTools,,,O,,3,[H:16][C:7]1([C:6]([C:5]([C:4]([C:9]([C:8]1([H:18])[H:19])([H:20])[H:21])([H:11])[C:2](=[O:1])[O:3][H:10])([H:12])[H:13])([H:14])[H:15])[H:17],20.0,4.0
3,-0.1037,AM1BCC,AmberTools,,,C,,4,[H:16][C:7]1([C:6]([C:5]([C:4]([C:9]([C:8]1([H:18])[H:19])([H:20])[H:21])([H:11])[C:2](=[O:1])[O:3][H:10])([H:12])[H:13])([H:14])[H:15])[H:17],20.0,4.0
4,-0.0719,AM1BCC,AmberTools,,,C,,5,[H:16][C:7]1([C:6]([C:5]([C:4]([C:9]([C:8]1([H:18])[H:19])([H:20])[H:21])([H:11])[C:2](=[O:1])[O:3][H:10])([H:12])[H:13])([H:14])[H:15])[H:17],20.0,4.0
5,-0.0784,AM1BCC,AmberTools,,,C,,6,[H:16][C:7]1([C:6]([C:5]([C:4]([C:9]([C:8]1([H:18])[H:19])([H:20])[H:21])([H:11])[C:2](=[O:1])[O:3][H:10])([H:12])[H:13])([H:14])[H:15])[H:17],20.0,4.0
6,-0.0774,AM1BCC,AmberTools,,,C,,7,[H:16][C:7]1([C:6]([C:5]([C:4]([C:9]([C:8]1([H:18])[H:19])([H:20])[H:21])([H:11])[C:2](=[O:1])[O:3][H:10])([H:12])[H:13])([H:14])[H:15])[H:17],20.0,4.0
7,-0.0784,AM1BCC,AmberTools,,,C,,8,[H:16][C:7]1([C:6]([C:5]([C:4]([C:9]([C:8]1([H:18])[H:19])([H:20])[H:21])([H:11])[C:2](=[O:1])[O:3][H:10])([H:12])[H:13])([H:14])[H:15])[H:17],20.0,4.0
8,-0.0719,AM1BCC,AmberTools,,,C,,9,[H:16][C:7]1([C:6]([C:5]([C:4]([C:9]([C:8]1([H:18])[H:19])([H:20])[H:21])([H:11])[C:2](=[O:1])[O:3][H:10])([H:12])[H:13])([H:14])[H:15])[H:17],20.0,4.0
9,0.442,AM1BCC,AmberTools,,,H,,10,[H:16][C:7]1([C:6]([C:5]([C:4]([C:9]([C:8]1([H:18])[H:19])([H:20])[H:21])([H:11])[C:2](=[O:1])[O:3][H:10])([H:12])[H:13])([H:14])[H:15])[H:17],20.0,4.0
10,0.0807,AM1BCC,AmberTools,,,H,,11,[H:16][C:7]1([C:6]([C:5]([C:4]([C:9]([C:8]1([H:18])[H:19])([H:20])[H:21])([H:11])[C:2](=[O:1])[O:3][H:10])([H:12])[H:13])([H:14])[H:15])[H:17],20.0,4.0
11,0.05445,AM1BCC,AmberTools,,,H,,12,[H:16][C:7]1([C:6]([C:5]([C:4]([C:9]([C:8]1([H:18])[H:19])([H:20])[H:21])([H:11])[C:2](=[O:1])[O:3][H:10])([H:12])[H:13])([H:14])[H:15])[H:17],20.0,4.0
12,0.05445,AM1BCC,AmberTools,,,H,,13,[H:16][C:7]1([C:6]([C:5]([C:4]([C:9]([C:8]1([H:18])[H:19])([H:20])[H:21])([H:11])[C:2](=[O:1])[O:3][H:10])([H:12])[H:13])([H:14])[H:15])[H:17],20.0,4.0
13,0.0462,AM1BCC,AmberTools,,,H,,14,[H:16][C:7]1([C:6]([C:5]([C:4]([C:9]([C:8]1([H:18])[H:19])([H:20])[H:21])([H:11])[C:2](=[O:1])[O:3][H:10])([H:12])[H:13])([H:14])[H:15])[H:17],20.0,4.0
14,0.0462,AM1BCC,AmberTools,,,H,,15,[H:16][C:7]1([C:6]([C:5]([C:4]([C:9]([C:8]1([H:18])[H:19])([H:20])[H:21])([H:11])[C:2](=[O:1])[O:3][H:10])([H:12])[H:13])([H:14])[H:15])[H:17],20.0,4.0
15,0.0412,AM1BCC,AmberTools,,,H,,16,[H:16][C:7]1([C:6]([C:5]([C:4]([C:9]([C:8]1([H:18])[H:19])([H:20])[H:21])([H:11])[C:2](=[O:1])[O:3][H:10])([H:12])[H:13])([H:14])[H:15])[H:17],20.0,4.0
16,0.0412,AM1BCC,AmberTools,,,H,,17,[H:16][C:7]1([C:6]([C:5]([C:4]([C:9]([C:8]1([H:18])[H:19])([H:20])[H:21])([H:11])[C:2](=[O:1])[O:3][H:10])([H:12])[H:13])([H:14])[H:15])[H:17],20.0,4.0
17,0.0462,AM1BCC,AmberTools,,,H,,18,[H:16][C:7]1([C:6]([C:5]([C:4]([C:9]([C:8]1([H:18])[H:19])([H:20])[H:21])([H:11])[C:2](=[O:1])[O:3][H:10])([H:12])[H:13])([H:14])[H:15])[H:17],20.0,4.0
18,0.0462,AM1BCC,AmberTools,,,H,,19,[H:16][C:7]1([C:6]([C:5]([C:4]([C:9]([C:8]1([H:18])[H:19])([H:20])[H:21])([H:11])[C:2](=[O:1])[O:3][H:10])([H:12])[H:13])([H:14])[H:15])[H:17],20.0,4.0
19,0.05445,AM1BCC,AmberTools,,,H,,20,[H:16][C:7]1([C:6]([C:5]([C:4]([C:9]([C:8]1([H:18])[H:19])([H:20])[H:21])([H:11])[C:2](=[O:1])[O:3][H:10])([H:12])[H:13])([H:14])[H:15])[H:17],20.0,4.0
20,0.05445,AM1BCC,AmberTools,,,H,,21,[H:16][C:7]1([C:6]([C:5]([C:4]([C:9]([C:8]1([H:18])[H:19])([H:20])[H:21])([H:11])[C:2](=[O:1])[O:3][H:10])([H:12])[H:13])([H:14])[H:15])[H:17],20.0,4.0
0,-0.5521500096434638,AM1BCC,OpenEye,,,O,,1,[H:16][C:7]1([C:6]([C:5]([C:4]([C:9]([C:8]1([H:18])[H:19])([H:20])[H:21])([H:11])[C:2](=[O:1])[O:3][H:10])([H:12])[H:13])([H:14])[H:15])[H:17],20.0,5.0
1,0.6359400167351678,AM1BCC,OpenEye,,,C,,2,[H:16][C:7]1([C:6]([C:5]([C:4]([C:9]([C:8]1([H:18])[H:19])([H:20])[H:21])([H:11])[C:2](=[O:1])[O:3][H:10])([H:12])[H:13])([H:14])[H:15])[H:17],20.0,5.0
2,-0.6023200140112922,AM1BCC,OpenEye,,,O,,3,[H:16][C:7]1([C:6]([C:5]([C:4]([C:9]([C:8]1([H:18])[H:19])([H:20])[H:21])([H:11])[C:2](=[O:1])[O:3][H:10])([H:12])[H:13])([H:14])[H:15])[H:17],20.0,5.0
3,-0.10313999510946728,AM1BCC,OpenEye,,,C,,4,[H:16][C:7]1([C:6]([C:5]([C:4]([C:9]([C:8]1([H:18])[H:19])([H:20])[H:21])([H:11])[C:2](=[O:1])[O:3][H:10])([H:12])[H:13])([H:14])[H:15])[H:17],20.0,5.0
4,-0.07291000194492794,AM1BCC,OpenEye,,,C,,5,[H:16][C:7]1([C:6]([C:5]([C:4]([C:9]([C:8]1([H:18])[H:19])([H:20])[H:21])([H:11])[C:2](=[O:1])[O:3][H:10])([H:12])[H:13])([H:14])[H:15])[H:17],20.0,5.0
5,-0.0765399993175552,AM1BCC,OpenEye,,,C,,6,[H:16][C:7]1([C:6]([C:5]([C:4]([C:9]([C:8]1([H:18])[H:19])([H:20])[H:21])([H:11])[C:2](=[O:1])[O:3][H:10])([H:12])[H:13])([H:14])[H:15])[H:17],20.0,5.0
6,-0.0844999984616325,AM1BCC,OpenEye,,,C,,7,[H:16][C:7]1([C:6]([C:5]([C:4]([C:9]([C:8]1([H:18])[H:19])([H:20])[H:21])([H:11])[C:2](=[O:1])[O:3][H:10])([H:12])[H:13])([H:14])[H:15])[H:17],20.0,5.0
7,-0.0765399993175552,AM1BCC,OpenEye,,,C,,8,[H:16][C:7]1([C:6]([C:5]([C:4]([C:9]([C:8]1([H:18])[H:19])([H:20])[H:21])([H:11])[C:2](=[O:1])[O:3][H:10])([H:12])[H:13])([H:14])[H:15])[H:17],20.0,5.0
8,-0.07291000194492794,AM1BCC,OpenEye,,,C,,9,[H:16][C:7]1([C:6]([C:5]([C:4]([C:9]([C:8]1([H:18])[H:19])([H:20])[H:21])([H:11])[C:2](=[O:1])[O:3][H:10])([H:12])[H:13])([H:14])[H:15])[H:17],20.0,5.0
9,0.44183999441918875,AM1BCC,OpenEye,,,H,,10,[H:16][C:7]1([C:6]([C:5]([C:4]([C:9]([C:8]1([H:18])[H:19])([H:20])[H:21])([H:11])[C:2](=[O:1])[O:3][H:10])([H:12])[H:13])([H:14])[H:15])[H:17],20.0,5.0
10,0.07672999941167377,AM1BCC,OpenEye,,,H,,11,[H:16][C:7]1([C:6]([C:5]([C:4]([C:9]([C:8]1([H:18])[H:19])([H:20])[H:21])([H:11])[C:2](=[O:1])[O:3][H:10])([H:12])[H:13])([H:14])[H:15])[H:17],20.0,5.0
11,0.05455999963340305,AM1BCC,OpenEye,,,H,,12,[H:16][C:7]1([C:6]([C:5]([C:4]([C:9]([C:8]1([H:18])[H:19])([H:20])[H:21])([H:11])[C:2](=[O:1])[O:3][H:10])([H:12])[H:13])([H:14])[H:15])[H:17],20.0,5.0
12,0.05455999963340305,AM1BCC,OpenEye,,,H,,13,[H:16][C:7]1([C:6]([C:5]([C:4]([C:9]([C:8]1([H:18])[H:19])([H:20])[H:21])([H:11])[C:2](=[O:1])[O:3][H:10])([H:12])[H:13])([H:14])[H:15])[H:17],20.0,5.0
13,0.04193000264820598,AM1BCC,OpenEye,,,H,,14,[H:16][C:7]1([C:6]([C:5]([C:4]([C:9]([C:8]1([H:18])[H:19])([H:20])[H:21])([H:11])[C:2](=[O:1])[O:3][H:10])([H:12])[H:13])([H:14])[H:15])[H:17],20.0,5.0
14,0.04193000264820598,AM1BCC,OpenEye,,,H,,15,[H:16][C:7]1([C:6]([C:5]([C:4]([C:9]([C:8]1([H:18])[H:19])([H:20])[H:21])([H:11])[C:2](=[O:1])[O:3][H:10])([H:12])[H:13])([H:14])[H:15])[H:17],20.0,5.0
15,0.05027000002917789,AM1BCC,OpenEye,,,H,,16,[H:16][C:7]1([C:6]([C:5]([C:4]([C:9]([C:8]1([H:18])[H:19])([H:20])[H:21])([H:11])[C:2](=[O:1])[O:3][H:10])([H:12])[H:13])([H:14])[H:15])[H:17],20.0,5.0
16,0.05027000002917789,AM1BCC,OpenEye,,,H,,17,[H:16][C:7]1([C:6]([C:5]([C:4]([C:9]([C:8]1([H:18])[H:19])([H:20])[H:21])([H:11])[C:2](=[O:1])[O:3][H:10])([H:12])[H:13])([H:14])[H:15])[H:17],20.0,5.0
17,0.04193000264820598,AM1BCC,OpenEye,,,H,,18,[H:16][C:7]1([C:6]([C:5]([C:4]([C:9]([C:8]1([H:18])[H:19])([H:20])[H:21])([H:11])[C:2](=[O:1])[O:3][H:10])([H:12])[H:13])([H:14])[H:15])[H:17],20.0,5.0
18,0.04193000264820598,AM1BCC,OpenEye,,,H,,19,[H:16][C:7]1([C:6]([C:5]([C:4]([C:9]([C:8]1([H:18])[H:19])([H:20])[H:21])([H:11])[C:2](=[O:1])[O:3][H:10])([H:12])[H:13])([H:14])[H:15])[H:17],20.0,5.0
19,0.05455999963340305,AM1BCC,OpenEye,,,H,,20,[H:16][C:7]1([C:6]([C:5]([C:4]([C:9]([C:8]1([H:18])[H:19])([H:20])[H:21])([H:11])[C:2](=[O:1])[O:3][H:10])([H:12])[H:13])([H:14])[H:15])[H:17],20.0,5.0
20,0.05455999963340305,AM1BCC,OpenEye,,,H,,21,[H:16][C:7]1([C:6]([C:5]([C:4]([C:9]([C:8]1([H:18])[H:19])([H:20])[H:21])([H:11])[C:2](=[O:1])[O:3][H:10])([H:12])[H:13])([H:14])[H:15])[H:17],20.0,5.0
0,-0.551,AM1BCC,AmberTools,,,O,,1,[H:16][C:7]1([C:6]([C:5]([C:4]([C:9]([C:8]1([H:18])[H:19])([H:20])[H:21])([H:11])[C:2](=[O:1])[O:3][H:10])([H:12])[H:13])([H:14])[H:15])[H:17],20.0,5.0
1,0.6361,AM1BCC,AmberTools,,,C,,2,[H:16][C:7]1([C:6]([C:5]([C:4]([C:9]([C:8]1([H:18])[H:19])([H:20])[H:21])([H:11])[C:2](=[O:1])[O:3][H:10])([H:12])[H:13])([H:14])[H:15])[H:17],20.0,5.0
2,-0.6111,AM1BCC,AmberTools,,,O,,3,[H:16][C:7]1([C:6]([C:5]([C:4]([C:9]([C:8]1([H:18])[H:19])([H:20])[H:21])([H:11])[C:2](=[O:1])[O:3][H:10])([H:12])[H:13])([H:14])[H:15])[H:17],20.0,5.0
3,-0.1037,AM1BCC,AmberTools,,,C,,4,[H:16][C:7]1([C:6]([C:5]([C:4]([C:9]([C:8]1([H:18])[H:19])([H:20])[H:21])([H:11])[C:2](=[O:1])[O:3][H:10])([H:12])[H:13])([H:14])[H:15])[H:17],20.0,5.0
4,-0.0719,AM1BCC,AmberTools,,,C,,5,[H:16][C:7]1([C:6]([C:5]([C:4]([C:9]([C:8]1([H:18])[H:19])([H:20])[H:21])([H:11])[C:2](=[O:1])[O:3][H:10])([H:12])[H:13])([H:14])[H:15])[H:17],20.0,5.0
5,-0.0784,AM1BCC,AmberTools,,,C,,6,[H:16][C:7]1([C:6]([C:5]([C:4]([C:9]([C:8]1([H:18])[H:19])([H:20])[H:21])([H:11])[C:2](=[O:1])[O:3][H:10])([H:12])[H:13])([H:14])[H:15])[H:17],20.0,5.0
6,-0.0774,AM1BCC,AmberTools,,,C,,7,[H:16][C:7]1([C:6]([C:5]([C:4]([C:9]([C:8]1([H:18])[H:19])([H:20])[H:21])([H:11])[C:2](=[O:1])[O:3][H:10])([H:12])[H:13])([H:14])[H:15])[H:17],20.0,5.0
7,-0.0784,AM1BCC,AmberTools,,,C,,8,[H:16][C:7]1([C:6]([C:5]([C:4]([C:9]([C:8]1([H:18])[H:19])([H:20])[H:21])([H:11])[C:2](=[O:1])[O:3][H:10])([H:12])[H:13])([H:14])[H:15])[H:17],20.0,5.0
8,-0.0719,AM1BCC,AmberTools,,,C,,9,[H:16][C:7]1([C:6]([C:5]([C:4]([C:9]([C:8]1([H:18])[H:19])([H:20])[H:21])([H:11])[C:2](=[O:1])[O:3][H:10])([H:12])[H:13])([H:14])[H:15])[H:17],20.0,5.0
9,0.442,AM1BCC,AmberTools,,,H,,10,[H:16][C:7]1([C:6]([C:5]([C:4]([C:9]([C:8]1([H:18])[H:19])([H:20])[H:21])([H:11])[C:2](=[O:1])[O:3][H:10])([H:12])[H:13])([H:14])[H:15])[H:17],20.0,5.0
10,0.0807,AM1BCC,AmberTools,,,H,,11,[H:16][C:7]1([C:6]([C:5]([C:4]([C:9]([C:8]1([H:18])[H:19])([H:20])[H:21])([H:11])[C:2](=[O:1])[O:3][H:10])([H:12])[H:13])([H:14])[H:15])[H:17],20.0,5.0
11,0.05445,AM1BCC,AmberTools,,,H,,12,[H:16][C:7]1([C:6]([C:5]([C:4]([C:9]([C:8]1([H:18])[H:19])([H:20])[H:21])([H:11])[C:2](=[O:1])[O:3][H:10])([H:12])[H:13])([H:14])[H:15])[H:17],20.0,5.0
12,0.05445,AM1BCC,AmberTools,,,H,,13,[H:16][C:7]1([C:6]([C:5]([C:4]([C:9]([C:8]1([H:18])[H:19])([H:20])[H:21])([H:11])[C:2](=[O:1])[O:3][H:10])([H:12])[H:13])([H:14])[H:15])[H:17],20.0,5.0
13,0.0462,AM1BCC,AmberTools,,,H,,14,[H:16][C:7]1([C:6]([C:5]([C:4]([C:9]([C:8]1([H:18])[H:19])([H:20])[H:21])([H:11])[C:2](=[O:1])[O:3][H:10])([H:12])[H:13])([H:14])[H:15])[H:17],20.0,5.0
14,0.0462,AM1BCC,AmberTools,,,H,,15,[H:16][C:7]1([C:6]([C:5]([C:4]([C:9]([C:8]1([H:18])[H:19])([H:20])[H:21])([H:11])[C:2](=[O:1])[O:3][H:10])([H:12])[H:13])([H:14])[H:15])[H:17],20.0,5.0
15,0.0412,AM1BCC,AmberTools,,,H,,16,[H:16][C:7]1([C:6]([C:5]([C:4]([C:9]([C:8]1([H:18])[H:19])([H:20])[H:21])([H:11])[C:2](=[O:1])[O:3][H:10])([H:12])[H:13])([H:14])[H:15])[H:17],20.0,5.0
16,0.0412,AM1BCC,AmberTools,,,H,,17,[H:16][C:7]1([C:6]([C:5]([C:4]([C:9]([C:8]1([H:18])[H:19])([H:20])[H:21])([H:11])[C:2](=[O:1])[O:3][H:10])([H:12])[H:13])([H:14])[H:15])[H:17],20.0,5.0
17,0.0462,AM1BCC,AmberTools,,,H,,18,[H:16][C:7]1([C:6]([C:5]([C:4]([C:9]([C:8]1([H:18])[H:19])([H:20])[H:21])([H:11])[C:2](=[O:1])[O:3][H:10])([H:12])[H:13])([H:14])[H:15])[H:17],20.0,5.0
18,0.0462,AM1BCC,AmberTools,,,H,,19,[H:16][C:7]1([C:6]([C:5]([C:4]([C:9]([C:8]1([H:18])[H:19])([H:20])[H:21])([H:11])[C:2](=[O:1])[O:3][H:10])([H:12])[H:13])([H:14])[H:15])[H:17],20.0,5.0
19,0.05445,AM1BCC,AmberTools,,,H,,20,[H:16][C:7]1([C:6]([C:5]([C:4]([C:9]([C:8]1([H:18])[H:19])([H:20])[H:21])([H:11])[C:2](=[O:1])[O:3][H:10])([H:12])[H:13])([H:14])[H:15])[H:17],20.0,5.0
20,0.05445,AM1BCC,AmberTools,,,H,,21,[H:16][C:7]1([C:6]([C:5]([C:4]([C:9]([C:8]1([H:18])[H:19])([H:20])[H:21])([H:11])[C:2](=[O:1])[O:3][H:10])([H:12])[H:13])([H:14])[H:15])[H:17],20.0,5.0
0,-0.5521500096434638,AM1BCC,OpenEye,,,O,,1,[H:16][C:7]1([C:6]([C:5]([C:4]([C:9]([C:8]1([H:18])[H:19])([H:20])[H:21])([H:11])[C:2](=[O:1])[O:3][H:10])([H:12])[H:13])([H:14])[H:15])[H:17],20.0,6.0
1,0.6359400167351678,AM1BCC,OpenEye,,,C,,2,[H:16][C:7]1([C:6]([C:5]([C:4]([C:9]([C:8]1([H:18])[H:19])([H:20])[H:21])([H:11])[C:2](=[O:1])[O:3][H:10])([H:12])[H:13])([H:14])[H:15])[H:17],20.0,6.0
2,-0.6023200140112922,AM1BCC,OpenEye,,,O,,3,[H:16][C:7]1([C:6]([C:5]([C:4]([C:9]([C:8]1([H:18])[H:19])([H:20])[H:21])([H:11])[C:2](=[O:1])[O:3][H:10])([H:12])[H:13])([H:14])[H:15])[H:17],20.0,6.0
3,-0.10313999510946728,AM1BCC,OpenEye,,,C,,4,[H:16][C:7]1([C:6]([C:5]([C:4]([C:9]([C:8]1([H:18])[H:19])([H:20])[H:21])([H:11])[C:2](=[O:1])[O:3][H:10])([H:12])[H:13])([H:14])[H:15])[H:17],20.0,6.0
4,-0.07291000194492794,AM1BCC,OpenEye,,,C,,5,[H:16][C:7]1([C:6]([C:5]([C:4]([C:9]([C:8]1([H:18])[H:19])([H:20])[H:21])([H:11])[C:2](=[O:1])[O:3][H:10])([H:12])[H:13])([H:14])[H:15])[H:17],20.0,6.0
5,-0.0765399993175552,AM1BCC,OpenEye,,,C,,6,[H:16][C:7]1([C:6]([C:5]([C:4]([C:9]([C:8]1([H:18])[H:19])([H:20])[H:21])([H:11])[C:2](=[O:1])[O:3][H:10])([H:12])[H:13])([H:14])[H:15])[H:17],20.0,6.0
6,-0.0844999984616325,AM1BCC,OpenEye,,,C,,7,[H:16][C:7]1([C:6]([C:5]([C:4]([C:9]([C:8]1([H:18])[H:19])([H:20])[H:21])([H:11])[C:2](=[O:1])[O:3][H:10])([H:12])[H:13])([H:14])[H:15])[H:17],20.0,6.0
7,-0.0765399993175552,AM1BCC,OpenEye,,,C,,8,[H:16][C:7]1([C:6]([C:5]([C:4]([C:9]([C:8]1([H:18])[H:19])([H:20])[H:21])([H:11])[C:2](=[O:1])[O:3][H:10])([H:12])[H:13])([H:14])[H:15])[H:17],20.0,6.0
8,-0.07291000194492794,AM1BCC,OpenEye,,,C,,9,[H:16][C:7]1([C:6]([C:5]([C:4]([C:9]([C:8]1([H:18])[H:19])([H:20])[H:21])([H:11])[C:2](=[O:1])[O:3][H:10])([H:12])[H:13])([H:14])[H:15])[H:17],20.0,6.0
9,0.44183999441918875,AM1BCC,OpenEye,,,H,,10,[H:16][C:7]1([C:6]([C:5]([C:4]([C:9]([C:8]1([H:18])[H:19])([H:20])[H:21])([H:11])[C:2](=[O:1])[O:3][H:10])([H:12])[H:13])([H:14])[H:15])[H:17],20.0,6.0
10,0.07672999941167377,AM1BCC,OpenEye,,,H,,11,[H:16][C:7]1([C:6]([C:5]([C:4]([C:9]([C:8]1([H:18])[H:19])([H:20])[H:21])([H:11])[C:2](=[O:1])[O:3][H:10])([H:12])[H:13])([H:14])[H:15])[H:17],20.0,6.0
11,0.05455999963340305,AM1BCC,OpenEye,,,H,,12,[H:16][C:7]1([C:6]([C:5]([C:4]([C:9]([C:8]1([H:18])[H:19])([H:20])[H:21])([H:11])[C:2](=[O:1])[O:3][H:10])([H:12])[H:13])([H:14])[H:15])[H:17],20.0,6.0
12,0.05455999963340305,AM1BCC,OpenEye,,,H,,13,[H:16][C:7]1([C:6]([C:5]([C:4]([C:9]([C:8]1([H:18])[H:19])([H:20])[H:21])([H:11])[C:2](=[O:1])[O:3][H:10])([H:12])[H:13])([H:14])[H:15])[H:17],20.0,6.0
13,0.04193000264820598,AM1BCC,OpenEye,,,H,,14,[H:16][C:7]1([C:6]([C:5]([C:4]([C:9]([C:8]1([H:18])[H:19])([H:20])[H:21])([H:11])[C:2](=[O:1])[O:3][H:10])([H:12])[H:13])([H:14])[H:15])[H:17],20.0,6.0
14,0.04193000264820598,AM1BCC,OpenEye,,,H,,15,[H:16][C:7]1([C:6]([C:5]([C:4]([C:9]([C:8]1([H:18])[H:19])([H:20])[H:21])([H:11])[C:2](=[O:1])[O:3][H:10])([H:12])[H:13])([H:14])[H:15])[H:17],20.0,6.0
15,0.05027000002917789,AM1BCC,OpenEye,,,H,,16,[H:16][C:7]1([C:6]([C:5]([C:4]([C:9]([C:8]1([H:18])[H:19])([H:20])[H:21])([H:11])[C:2](=[O:1])[O:3][H:10])([H:12])[H:13])([H:14])[H:15])[H:17],20.0,6.0
16,0.05027000002917789,AM1BCC,OpenEye,,,H,,17,[H:16][C:7]1([C:6]([C:5]([C:4]([C:9]([C:8]1([H:18])[H:19])([H:20])[H:21])([H:11])[C:2](=[O:1])[O:3][H:10])([H:12])[H:13])([H:14])[H:15])[H:17],20.0,6.0
17,0.04193000264820598,AM1BCC,OpenEye,,,H,,18,[H:16][C:7]1([C:6]([C:5]([C:4]([C:9]([C:8]1([H:18])[H:19])([H:20])[H:21])([H:11])[C:2](=[O:1])[O:3][H:10])([H:12])[H:13])([H:14])[H:15])[H:17],20.0,6.0
18,0.04193000264820598,AM1BCC,OpenEye,,,H,,19,[H:16][C:7]1([C:6]([C:5]([C:4]([C:9]([C:8]1([H:18])[H:19])([H:20])[H:21])([H:11])[C:2](=[O:1])[O:3][H:10])([H:12])[H:13])([H:14])[H:15])[H:17],20.0,6.0
19,0.05455999963340305,AM1BCC,OpenEye,,,H,,20,[H:16][C:7]1([C:6]([C:5]([C:4]([C:9]([C:8]1([H:18])[H:19])([H:20])[H:21])([H:11])[C:2](=[O:1])[O:3][H:10])([H:12])[H:13])([H:14])[H:15])[H:17],20.0,6.0
20,0.05455999963340305,AM1BCC,OpenEye,,,H,,21,[H:16][C:7]1([C:6]([C:5]([C:4]([C:9]([C:8]1([H:18])[H:19])([H:20])[H:21])([H:11])[C:2](=[O:1])[O:3][H:10])([H:12])[H:13])([H:14])[H:15])[H:17],20.0,6.0
0,-0.551,AM1BCC,AmberTools,,,O,,1,[H:16][C:7]1([C:6]([C:5]([C:4]([C:9]([C:8]1([H:18])[H:19])([H:20])[H:21])([H:11])[C:2](=[O:1])[O:3][H:10])([H:12])[H:13])([H:14])[H:15])[H:17],20.0,6.0
1,0.6361,AM1BCC,AmberTools,,,C,,2,[H:16][C:7]1([C:6]([C:5]([C:4]([C:9]([C:8]1([H:18])[H:19])([H:20])[H:21])([H:11])[C:2](=[O:1])[O:3][H:10])([H:12])[H:13])([H:14])[H:15])[H:17],20.0,6.0
2,-0.6111,AM1BCC,AmberTools,,,O,,3,[H:16][C:7]1([C:6]([C:5]([C:4]([C:9]([C:8]1([H:18])[H:19])([H:20])[H:21])([H:11])[C:2](=[O:1])[O:3][H:10])([H:12])[H:13])([H:14])[H:15])[H:17],20.0,6.0
3,-0.1037,AM1BCC,AmberTools,,,C,,4,[H:16][C:7]1([C:6]([C:5]([C:4]([C:9]([C:8]1([H:18])[H:19])([H:20])[H:21])([H:11])[C:2](=[O:1])[O:3][H:10])([H:12])[H:13])([H:14])[H:15])[H:17],20.0,6.0
4,-0.0719,AM1BCC,AmberTools,,,C,,5,[H:16][C:7]1([C:6]([C:5]([C:4]([C:9]([C:8]1([H:18])[H:19])([H:20])[H:21])([H:11])[C:2](=[O:1])[O:3][H:10])([H:12])[H:13])([H:14])[H:15])[H:17],20.0,6.0
5,-0.0784,AM1BCC,AmberTools,,,C,,6,[H:16][C:7]1([C:6]([C:5]([C:4]([C:9]([C:8]1([H:18])[H:19])([H:20])[H:21])([H:11])[C:2](=[O:1])[O:3][H:10])([H:12])[H:13])([H:14])[H:15])[H:17],20.0,6.0
6,-0.0774,AM1BCC,AmberTools,,,C,,7,[H:16][C:7]1([C:6]([C:5]([C:4]([C:9]([C:8]1([H:18])[H:19])([H:20])[H:21])([H:11])[C:2](=[O:1])[O:3][H:10])([H:12])[H:13])([H:14])[H:15])[H:17],20.0,6.0
7,-0.0784,AM1BCC,AmberTools,,,C,,8,[H:16][C:7]1([C:6]([C:5]([C:4]([C:9]([C:8]1([H:18])[H:19])([H:20])[H:21])([H:11])[C:2](=[O:1])[O:3][H:10])([H:12])[H:13])([H:14])[H:15])[H:17],20.0,6.0
8,-0.0719,AM1BCC,AmberTools,,,C,,9,[H:16][C:7]1([C:6]([C:5]([C:4]([C:9]([C:8]1([H:18])[H:19])([H:20])[H:21])([H:11])[C:2](=[O:1])[O:3][H:10])([H:12])[H:13])([H:14])[H:15])[H:17],20.0,6.0
9,0.442,AM1BCC,AmberTools,,,H,,10,[H:16][C:7]1([C:6]([C:5]([C:4]([C:9]([C:8]1([H:18])[H:19])([H:20])[H:21])([H:11])[C:2](=[O:1])[O:3][H:10])([H:12])[H:13])([H:14])[H:15])[H:17],20.0,6.0
10,0.0807,AM1BCC,AmberTools,,,H,,11,[H:16][C:7]1([C:6]([C:5]([C:4]([C:9]([C:8]1([H:18])[H:19])([H:20])[H:21])([H:11])[C:2](=[O:1])[O:3][H:10])([H:12])[H:13])([H:14])[H:15])[H:17],20.0,6.0
11,0.05445,AM1BCC,AmberTools,,,H,,12,[H:16][C:7]1([C:6]([C:5]([C:4]([C:9]([C:8]1([H:18])[H:19])([H:20])[H:21])([H:11])[C:2](=[O:1])[O:3][H:10])([H:12])[H:13])([H:14])[H:15])[H:17],20.0,6.0
12,0.05445,AM1BCC,AmberTools,,,H,,13,[H:16][C:7]1([C:6]([C:5]([C:4]([C:9]([C:8]1([H:18])[H:19])([H:20])[H:21])([H:11])[C:2](=[O:1])[O:3][H:10])([H:12])[H:13])([H:14])[H:15])[H:17],20.0,6.0
13,0.0462,AM1BCC,AmberTools,,,H,,14,[H:16][C:7]1([C:6]([C:5]([C:4]([C:9]([C:8]1([H:18])[H:19])([H:20])[H:21])([H:11])[C:2](=[O:1])[O:3][H:10])([H:12])[H:13])([H:14])[H:15])[H:17],20.0,6.0
14,0.0462,AM1BCC,AmberTools,,,H,,15,[H:16][C:7]1([C:6]([C:5]([C:4]([C:9]([C:8]1([H:18])[H:19])([H:20])[H:21])([H:11])[C:2](=[O:1])[O:3][H:10])([H:12])[H:13])([H:14])[H:15])[H:17],20.0,6.0
15,0.0412,AM1BCC,AmberTools,,,H,,16,[H:16][C:7]1([C:6]([C:5]([C:4]([C:9]([C:8]1([H:18])[H:19])([H:20])[H:21])([H:11])[C:2](=[O:1])[O:3][H:10])([H:12])[H:13])([H:14])[H:15])[H:17],20.0,6.0
16,0.0412,AM1BCC,AmberTools,,,H,,17,[H:16][C:7]1([C:6]([C:5]([C:4]([C:9]([C:8]1([H:18])[H:19])([H:20])[H:21])([H:11])[C:2](=[O:1])[O:3][H:10])([H:12])[H:13])([H:14])[H:15])[H:17],20.0,6.0
17,0.0462,AM1BCC,AmberTools,,,H,,18,[H:16][C:7]1([C:6]([C:5]([C:4]([C:9]([C:8]1([H:18])[H:19])([H:20])[H:21])([H:11])[C:2](=[O:1])[O:3][H:10])([H:12])[H:13])([H:14])[H:15])[H:17],20.0,6.0
18,0.0462,AM1BCC,AmberTools,,,H,,19,[H:16][C:7]1([C:6]([C:5]([C:4]([C:9]([C:8]1([H:18])[H:19])([H:20])[H:21])([H:11])[C:2](=[O:1])[O:3][H:10])([H:12])[H:13])([H:14])[H:15])[H:17],20.0,6.0
19,0.05445,AM1BCC,AmberTools,,,H,,20,[H:16][C:7]1([C:6]([C:5]([C:4]([C:9]([C:8]1([H:18])[H:19])([H:20])[H:21])([H:11])[C:2](=[O:1])[O:3][H:10])([H:12])[H:13])([H:14])[H:15])[H:17],20.0,6.0
20,0.05445,AM1BCC,AmberTools,,,H,,21,[H:16][C:7]1([C:6]([C:5]([C:4]([C:9]([C:8]1([H:18])[H:19])([H:20])[H:21])([H:11])[C:2](=[O:1])[O:3][H:10])([H:12])[H:13])([H:14])[H:15])[H:17],20.0,6.0
0,-0.5521500096434638,AM1BCC,OpenEye,,,O,,1,[H:16][C:7]1([C:6]([C:5]([C:4]([C:9]([C:8]1([H:18])[H:19])([H:20])[H:21])([H:11])[C:2](=[O:1])[O:3][H:10])([H:12])[H:13])([H:14])[H:15])[H:17],20.0,7.0
1,0.6359400167351678,AM1BCC,OpenEye,,,C,,2,[H:16][C:7]1([C:6]([C:5]([C:4]([C:9]([C:8]1([H:18])[H:19])([H:20])[H:21])([H:11])[C:2](=[O:1])[O:3][H:10])([H:12])[H:13])([H:14])[H:15])[H:17],20.0,7.0
2,-0.6023200140112922,AM1BCC,OpenEye,,,O,,3,[H:16][C:7]1([C:6]([C:5]([C:4]([C:9]([C:8]1([H:18])[H:19])([H:20])[H:21])([H:11])[C:2](=[O:1])[O:3][H:10])([H:12])[H:13])([H:14])[H:15])[H:17],20.0,7.0
3,-0.10313999510946728,AM1BCC,OpenEye,,,C,,4,[H:16][C:7]1([C:6]([C:5]([C:4]([C:9]([C:8]1([H:18])[H:19])([H:20])[H:21])([H:11])[C:2](=[O:1])[O:3][H:10])([H:12])[H:13])([H:14])[H:15])[H:17],20.0,7.0
4,-0.07291000194492794,AM1BCC,OpenEye,,,C,,5,[H:16][C:7]1([C:6]([C:5]([C:4]([C:9]([C:8]1([H:18])[H:19])([H:20])[H:21])([H:11])[C:2](=[O:1])[O:3][H:10])([H:12])[H:13])([H:14])[H:15])[H:17],20.0,7.0
5,-0.0765399993175552,AM1BCC,OpenEye,,,C,,6,[H:16][C:7]1([C:6]([C:5]([C:4]([C:9]([C:8]1([H:18])[H:19])([H:20])[H:21])([H:11])[C:2](=[O:1])[O:3][H:10])([H:12])[H:13])([H:14])[H:15])[H:17],20.0,7.0
6,-0.0844999984616325,AM1BCC,OpenEye,,,C,,7,[H:16][C:7]1([C:6]([C:5]([C:4]([C:9]([C:8]1([H:18])[H:19])([H:20])[H:21])([H:11])[C:2](=[O:1])[O:3][H:10])([H:12])[H:13])([H:14])[H:15])[H:17],20.0,7.0
7,-0.0765399993175552,AM1BCC,OpenEye,,,C,,8,[H:16][C:7]1([C:6]([C:5]([C:4]([C:9]([C:8]1([H:18])[H:19])([H:20])[H:21])([H:11])[C:2](=[O:1])[O:3][H:10])([H:12])[H:13])([H:14])[H:15])[H:17],20.0,7.0
8,-0.07291000194492794,AM1BCC,OpenEye,,,C,,9,[H:16][C:7]1([C:6]([C:5]([C:4]([C:9]([C:8]1([H:18])[H:19])([H:20])[H:21])([H:11])[C:2](=[O:1])[O:3][H:10])([H:12])[H:13])([H:14])[H:15])[H:17],20.0,7.0
9,0.44183999441918875,AM1BCC,OpenEye,,,H,,10,[H:16][C:7]1([C:6]([C:5]([C:4]([C:9]([C:8]1([H:18])[H:19])([H:20])[H:21])([H:11])[C:2](=[O:1])[O:3][H:10])([H:12])[H:13])([H:14])[H:15])[H:17],20.0,7.0
10,0.07672999941167377,AM1BCC,OpenEye,,,H,,11,[H:16][C:7]1([C:6]([C:5]([C:4]([C:9]([C:8]1([H:18])[H:19])([H:20])[H:21])([H:11])[C:2](=[O:1])[O:3][H:10])([H:12])[H:13])([H:14])[H:15])[H:17],20.0,7.0
11,0.05455999963340305,AM1BCC,OpenEye,,,H,,12,[H:16][C:7]1([C:6]([C:5]([C:4]([C:9]([C:8]1([H:18])[H:19])([H:20])[H:21])([H:11])[C:2](=[O:1])[O:3][H:10])([H:12])[H:13])([H:14])[H:15])[H:17],20.0,7.0
12,0.05455999963340305,AM1BCC,OpenEye,,,H,,13,[H:16][C:7]1([C:6]([C:5]([C:4]([C:9]([C:8]1([H:18])[H:19])([H:20])[H:21])([H:11])[C:2](=[O:1])[O:3][H:10])([H:12])[H:13])([H:14])[H:15])[H:17],20.0,7.0
13,0.04193000264820598,AM1BCC,OpenEye,,,H,,14,[H:16][C:7]1([C:6]([C:5]([C:4]([C:9]([C:8]1([H:18])[H:19])([H:20])[H:21])([H:11])[C:2](=[O:1])[O:3][H:10])([H:12])[H:13])([H:14])[H:15])[H:17],20.0,7.0
14,0.04193000264820598,AM1BCC,OpenEye,,,H,,15,[H:16][C:7]1([C:6]([C:5]([C:4]([C:9]([C:8]1([H:18])[H:19])([H:20])[H:21])([H:11])[C:2](=[O:1])[O:3][H:10])([H:12])[H:13])([H:14])[H:15])[H:17],20.0,7.0
15,0.05027000002917789,AM1BCC,OpenEye,,,H,,16,[H:16][C:7]1([C:6]([C:5]([C:4]([C:9]([C:8]1([H:18])[H:19])([H:20])[H:21])([H:11])[C:2](=[O:1])[O:3][H:10])([H:12])[H:13])([H:14])[H:15])[H:17],20.0,7.0
16,0.05027000002917789,AM1BCC,OpenEye,,,H,,17,[H:16][C:7]1([C:6]([C:5]([C:4]([C:9]([C:8]1([H:18])[H:19])([H:20])[H:21])([H:11])[C:2](=[O:1])[O:3][H:10])([H:12])[H:13])([H:14])[H:15])[H:17],20.0,7.0
17,0.04193000264820598,AM1BCC,OpenEye,,,H,,18,[H:16][C:7]1([C:6]([C:5]([C:4]([C:9]([C:8]1([H:18])[H:19])([H:20])[H:21])([H:11])[C:2](=[O:1])[O:3][H:10])([H:12])[H:13])([H:14])[H:15])[H:17],20.0,7.0
18,0.04193000264820598,AM1BCC,OpenEye,,,H,,19,[H:16][C:7]1([C:6]([C:5]([C:4]([C:9]([C:8]1([H:18])[H:19])([H:20])[H:21])([H:11])[C:2](=[O:1])[O:3][H:10])([H:12])[H:13])([H:14])[H:15])[H:17],20.0,7.0
19,0.05455999963340305,AM1BCC,OpenEye,,,H,,20,[H:16][C:7]1([C:6]([C:5]([C:4]([C:9]([C:8]1([H:18])[H:19])([H:20])[H:21])([H:11])[C:2](=[O:1])[O:3][H:10])([H:12])[H:13])([H:14])[H:15])[H:17],20.0,7.0
20,0.05455999963340305,AM1BCC,OpenEye,,,H,,21,[H:16][C:7]1([C:6]([C:5]([C:4]([C:9]([C:8]1([H:18])[H:19])([H:20])[H:21])([H:11])[C:2](=[O:1])[O:3][H:10])([H:12])[H:13])([H:14])[H:15])[H:17],20.0,7.0
0,-0.551,AM1BCC,AmberTools,,,O,,1,[H:16][C:7]1([C:6]([C:5]([C:4]([C:9]([C:8]1([H:18])[H:19])([H:20])[H:21])([H:11])[C:2](=[O:1])[O:3][H:10])([H:12])[H:13])([H:14])[H:15])[H:17],20.0,7.0
1,0.6361,AM1BCC,AmberTools,,,C,,2,[H:16][C:7]1([C:6]([C:5]([C:4]([C:9]([C:8]1([H:18])[H:19])([H:20])[H:21])([H:11])[C:2](=[O:1])[O:3][H:10])([H:12])[H:13])([H:14])[H:15])[H:17],20.0,7.0
2,-0.6111,AM1BCC,AmberTools,,,O,,3,[H:16][C:7]1([C:6]([C:5]([C:4]([C:9]([C:8]1([H:18])[H:19])([H:20])[H:21])([H:11])[C:2](=[O:1])[O:3][H:10])([H:12])[H:13])([H:14])[H:15])[H:17],20.0,7.0
3,-0.1037,AM1BCC,AmberTools,,,C,,4,[H:16][C:7]1([C:6]([C:5]([C:4]([C:9]([C:8]1([H:18])[H:19])([H:20])[H:21])([H:11])[C:2](=[O:1])[O:3][H:10])([H:12])[H:13])([H:14])[H:15])[H:17],20.0,7.0
4,-0.0719,AM1BCC,AmberTools,,,C,,5,[H:16][C:7]1([C:6]([C:5]([C:4]([C:9]([C:8]1([H:18])[H:19])([H:20])[H:21])([H:11])[C:2](=[O:1])[O:3][H:10])([H:12])[H:13])([H:14])[H:15])[H:17],20.0,7.0
5,-0.0784,AM1BCC,AmberTools,,,C,,6,[H:16][C:7]1([C:6]([C:5]([C:4]([C:9]([C:8]1([H:18])[H:19])([H:20])[H:21])([H:11])[C:2](=[O:1])[O:3][H:10])([H:12])[H:13])([H:14])[H:15])[H:17],20.0,7.0
6,-0.0774,AM1BCC,AmberTools,,,C,,7,[H:16][C:7]1([C:6]([C:5]([C:4]([C:9]([C:8]1([H:18])[H:19])([H:20])[H:21])([H:11])[C:2](=[O:1])[O:3][H:10])([H:12])[H:13])([H:14])[H:15])[H:17],20.0,7.0
7,-0.0784,AM1BCC,AmberTools,,,C,,8,[H:16][C:7]1([C:6]([C:5]([C:4]([C:9]([C:8]1([H:18])[H:19])([H:20])[H:21])([H:11])[C:2](=[O:1])[O:3][H:10])([H:12])[H:13])([H:14])[H:15])[H:17],20.0,7.0
8,-0.0719,AM1BCC,AmberTools,,,C,,9,[H:16][C:7]1([C:6]([C:5]([C:4]([C:9]([C:8]1([H:18])[H:19])([H:20])[H:21])([H:11])[C:2](=[O:1])[O:3][H:10])([H:12])[H:13])([H:14])[H:15])[H:17],20.0,7.0
9,0.442,AM1BCC,AmberTools,,,H,,10,[H:16][C:7]1([C:6]([C:5]([C:4]([C:9]([C:8]1([H:18])[H:19])([H:20])[H:21])([H:11])[C:2](=[O:1])[O:3][H:10])([H:12])[H:13])([H:14])[H:15])[H:17],20.0,7.0
10,0.0807,AM1BCC,AmberTools,,,H,,11,[H:16][C:7]1([C:6]([C:5]([C:4]([C:9]([C:8]1([H:18])[H:19])([H:20])[H:21])([H:11])[C:2](=[O:1])[O:3][H:10])([H:12])[H:13])([H:14])[H:15])[H:17],20.0,7.0
11,0.05445,AM1BCC,AmberTools,,,H,,12,[H:16][C:7]1([C:6]([C:5]([C:4]([C:9]([C:8]1([H:18])[H:19])([H:20])[H:21])([H:11])[C:2](=[O:1])[O:3][H:10])([H:12])[H:13])([H:14])[H:15])[H:17],20.0,7.0
12,0.05445,AM1BCC,AmberTools,,,H,,13,[H:16][C:7]1([C:6]([C:5]([C:4]([C:9]([C:8]1([H:18])[H:19])([H:20])[H:21])([H:11])[C:2](=[O:1])[O:3][H:10])([H:12])[H:13])([H:14])[H:15])[H:17],20.0,7.0
13,0.0462,AM1BCC,AmberTools,,,H,,14,[H:16][C:7]1([C:6]([C:5]([C:4]([C:9]([C:8]1([H:18])[H:19])([H:20])[H:21])([H:11])[C:2](=[O:1])[O:3][H:10])([H:12])[H:13])([H:14])[H:15])[H:17],20.0,7.0
14,0.0462,AM1BCC,AmberTools,,,H,,15,[H:16][C:7]1([C:6]([C:5]([C:4]([C:9]([C:8]1([H:18])[H:19])([H:20])[H:21])([H:11])[C:2](=[O:1])[O:3][H:10])([H:12])[H:13])([H:14])[H:15])[H:17],20.0,7.0
15,0.0412,AM1BCC,AmberTools,,,H,,16,[H:16][C:7]1([C:6]([C:5]([C:4]([C:9]([C:8]1([H:18])[H:19])([H:20])[H:21])([H:11])[C:2](=[O:1])[O:3][H:10])([H:12])[H:13])([H:14])[H:15])[H:17],20.0,7.0
16,0.0412,AM1BCC,AmberTools,,,H,,17,[H:16][C:7]1([C:6]([C:5]([C:4]([C:9]([C:8]1([H:18])[H:19])([H:20])[H:21])([H:11])[C:2](=[O:1])[O:3][H:10])([H:12])[H:13])([H:14])[H:15])[H:17],20.0,7.0
17,0.0462,AM1BCC,AmberTools,,,H,,18,[H:16][C:7]1([C:6]([C:5]([C:4]([C:9]([C:8]1([H:18])[H:19])([H:20])[H:21])([H:11])[C:2](=[O:1])[O:3][H:10])([H:12])[H:13])([H:14])[H:15])[H:17],20.0,7.0
18,0.0462,AM1BCC,AmberTools,,,H,,19,[H:16][C:7]1([C:6]([C:5]([C:4]([C:9]([C:8]1([H:18])[H:19])([H:20])[H:21])([H:11])[C:2](=[O:1])[O:3][H:10])([H:12])[H:13])([H:14])[H:15])[H:17],20.0,7.0
19,0.05445,AM1BCC,AmberTools,,,H,,20,[H:16][C:7]1([C:6]([C:5]([C:4]([C:9]([C:8]1([H:18])[H:19])([H:20])[H:21])([H:11])[C:2](=[O:1])[O:3][H:10])([H:12])[H:13])([H:14])[H:15])[H:17],20.0,7.0
20,0.05445,AM1BCC,AmberTools,,,H,,21,[H:16][C:7]1([C:6]([C:5]([C:4]([C:9]([C:8]1([H:18])[H:19])([H:20])[H:21])([H:11])[C:2](=[O:1])[O:3][H:10])([H:12])[H:13])([H:14])[H:15])[H:17],20.0,7.0
0,-0.5521500096434638,AM1BCC,OpenEye,,,O,,1,[H:16][C:7]1([C:6]([C:5]([C:4]([C:9]([C:8]1([H:18])[H:19])([H:20])[H:21])([H:11])[C:2](=[O:1])[O:3][H:10])([H:12])[H:13])([H:14])[H:15])[H:17],20.0,8.0
1,0.6359400167351678,AM1BCC,OpenEye,,,C,,2,[H:16][C:7]1([C:6]([C:5]([C:4]([C:9]([C:8]1([H:18])[H:19])([H:20])[H:21])([H:11])[C:2](=[O:1])[O:3][H:10])([H:12])[H:13])([H:14])[H:15])[H:17],20.0,8.0
2,-0.6023200140112922,AM1BCC,OpenEye,,,O,,3,[H:16][C:7]1([C:6]([C:5]([C:4]([C:9]([C:8]1([H:18])[H:19])([H:20])[H:21])([H:11])[C:2](=[O:1])[O:3][H:10])([H:12])[H:13])([H:14])[H:15])[H:17],20.0,8.0
3,-0.10313999510946728,AM1BCC,OpenEye,,,C,,4,[H:16][C:7]1([C:6]([C:5]([C:4]([C:9]([C:8]1([H:18])[H:19])([H:20])[H:21])([H:11])[C:2](=[O:1])[O:3][H:10])([H:12])[H:13])([H:14])[H:15])[H:17],20.0,8.0
4,-0.07291000194492794,AM1BCC,OpenEye,,,C,,5,[H:16][C:7]1([C:6]([C:5]([C:4]([C:9]([C:8]1([H:18])[H:19])([H:20])[H:21])([H:11])[C:2](=[O:1])[O:3][H:10])([H:12])[H:13])([H:14])[H:15])[H:17],20.0,8.0
5,-0.0765399993175552,AM1BCC,OpenEye,,,C,,6,[H:16][C:7]1([C:6]([C:5]([C:4]([C:9]([C:8]1([H:18])[H:19])([H:20])[H:21])([H:11])[C:2](=[O:1])[O:3][H:10])([H:12])[H:13])([H:14])[H:15])[H:17],20.0,8.0
6,-0.0844999984616325,AM1BCC,OpenEye,,,C,,7,[H:16][C:7]1([C:6]([C:5]([C:4]([C:9]([C:8]1([H:18])[H:19])([H:20])[H:21])([H:11])[C:2](=[O:1])[O:3][H:10])([H:12])[H:13])([H:14])[H:15])[H:17],20.0,8.0
7,-0.0765399993175552,AM1BCC,OpenEye,,,C,,8,[H:16][C:7]1([C:6]([C:5]([C:4]([C:9]([C:8]1([H:18])[H:19])([H:20])[H:21])([H:11])[C:2](=[O:1])[O:3][H:10])([H:12])[H:13])([H:14])[H:15])[H:17],20.0,8.0
8,-0.07291000194492794,AM1BCC,OpenEye,,,C,,9,[H:16][C:7]1([C:6]([C:5]([C:4]([C:9]([C:8]1([H:18])[H:19])([H:20])[H:21])([H:11])[C:2](=[O:1])[O:3][H:10])([H:12])[H:13])([H:14])[H:15])[H:17],20.0,8.0
9,0.44183999441918875,AM1BCC,OpenEye,,,H,,10,[H:16][C:7]1([C:6]([C:5]([C:4]([C:9]([C:8]1([H:18])[H:19])([H:20])[H:21])([H:11])[C:2](=[O:1])[O:3][H:10])([H:12])[H:13])([H:14])[H:15])[H:17],20.0,8.0
10,0.07672999941167377,AM1BCC,OpenEye,,,H,,11,[H:16][C:7]1([C:6]([C:5]([C:4]([C:9]([C:8]1([H:18])[H:19])([H:20])[H:21])([H:11])[C:2](=[O:1])[O:3][H:10])([H:12])[H:13])([H:14])[H:15])[H:17],20.0,8.0
11,0.05455999963340305,AM1BCC,OpenEye,,,H,,12,[H:16][C:7]1([C:6]([C:5]([C:4]([C:9]([C:8]1([H:18])[H:19])([H:20])[H:21])([H:11])[C:2](=[O:1])[O:3][H:10])([H:12])[H:13])([H:14])[H:15])[H:17],20.0,8.0
12,0.05455999963340305,AM1BCC,OpenEye,,,H,,13,[H:16][C:7]1([C:6]([C:5]([C:4]([C:9]([C:8]1([H:18])[H:19])([H:20])[H:21])([H:11])[C:2](=[O:1])[O:3][H:10])([H:12])[H:13])([H:14])[H:15])[H:17],20.0,8.0
13,0.04193000264820598,AM1BCC,OpenEye,,,H,,14,[H:16][C:7]1([C:6]([C:5]([C:4]([C:9]([C:8]1([H:18])[H:19])([H:20])[H:21])([H:11])[C:2](=[O:1])[O:3][H:10])([H:12])[H:13])([H:14])[H:15])[H:17],20.0,8.0
14,0.04193000264820598,AM1BCC,OpenEye,,,H,,15,[H:16][C:7]1([C:6]([C:5]([C:4]([C:9]([C:8]1([H:18])[H:19])([H:20])[H:21])([H:11])[C:2](=[O:1])[O:3][H:10])([H:12])[H:13])([H:14])[H:15])[H:17],20.0,8.0
15,0.05027000002917789,AM1BCC,OpenEye,,,H,,16,[H:16][C:7]1([C:6]([C:5]([C:4]([C:9]([C:8]1([H:18])[H:19])([H:20])[H:21])([H:11])[C:2](=[O:1])[O:3][H:10])([H:12])[H:13])([H:14])[H:15])[H:17],20.0,8.0
16,0.05027000002917789,AM1BCC,OpenEye,,,H,,17,[H:16][C:7]1([C:6]([C:5]([C:4]([C:9]([C:8]1([H:18])[H:19])([H:20])[H:21])([H:11])[C:2](=[O:1])[O:3][H:10])([H:12])[H:13])([H:14])[H:15])[H:17],20.0,8.0
17,0.04193000264820598,AM1BCC,OpenEye,,,H,,18,[H:16][C:7]1([C:6]([C:5]([C:4]([C:9]([C:8]1([H:18])[H:19])([H:20])[H:21])([H:11])[C:2](=[O:1])[O:3][H:10])([H:12])[H:13])([H:14])[H:15])[H:17],20.0,8.0
18,0.04193000264820598,AM1BCC,OpenEye,,,H,,19,[H:16][C:7]1([C:6]([C:5]([C:4]([C:9]([C:8]1([H:18])[H:19])([H:20])[H:21])([H:11])[C:2](=[O:1])[O:3][H:10])([H:12])[H:13])([H:14])[H:15])[H:17],20.0,8.0
19,0.05455999963340305,AM1BCC,OpenEye,,,H,,20,[H:16][C:7]1([C:6]([C:5]([C:4]([C:9]([C:8]1([H:18])[H:19])([H:20])[H:21])([H:11])[C:2](=[O:1])[O:3][H:10])([H:12])[H:13])([H:14])[H:15])[H:17],20.0,8.0
20,0.05455999963340305,AM1BCC,OpenEye,,,H,,21,[H:16][C:7]1([C:6]([C:5]([C:4]([C:9]([C:8]1([H:18])[H:19])([H:20])[H:21])([H:11])[C:2](=[O:1])[O:3][H:10])([H:12])[H:13])([H:14])[H:15])[H:17],20.0,8.0
0,-0.551,AM1BCC,AmberTools,,,O,,1,[H:16][C:7]1([C:6]([C:5]([C:4]([C:9]([C:8]1([H:18])[H:19])([H:20])[H:21])([H:11])[C:2](=[O:1])[O:3][H:10])([H:12])[H:13])([H:14])[H:15])[H:17],20.0,8.0
1,0.6361,AM1BCC,AmberTools,,,C,,2,[H:16][C:7]1([C:6]([C:5]([C:4]([C:9]([C:8]1([H:18])[H:19])([H:20])[H:21])([H:11])[C:2](=[O:1])[O:3][H:10])([H:12])[H:13])([H:14])[H:15])[H:17],20.0,8.0
2,-0.6111,AM1BCC,AmberTools,,,O,,3,[H:16][C:7]1([C:6]([C:5]([C:4]([C:9]([C:8]1([H:18])[H:19])([H:20])[H:21])([H:11])[C:2](=[O:1])[O:3][H:10])([H:12])[H:13])([H:14])[H:15])[H:17],20.0,8.0
3,-0.1037,AM1BCC,AmberTools,,,C,,4,[H:16][C:7]1([C:6]([C:5]([C:4]([C:9]([C:8]1([H:18])[H:19])([H:20])[H:21])([H:11])[C:2](=[O:1])[O:3][H:10])([H:12])[H:13])([H:14])[H:15])[H:17],20.0,8.0
4,-0.0719,AM1BCC,AmberTools,,,C,,5,[H:16][C:7]1([C:6]([C:5]([C:4]([C:9]([C:8]1([H:18])[H:19])([H:20])[H:21])([H:11])[C:2](=[O:1])[O:3][H:10])([H:12])[H:13])([H:14])[H:15])[H:17],20.0,8.0
5,-0.0784,AM1BCC,AmberTools,,,C,,6,[H:16][C:7]1([C:6]([C:5]([C:4]([C:9]([C:8]1([H:18])[H:19])([H:20])[H:21])([H:11])[C:2](=[O:1])[O:3][H:10])([H:12])[H:13])([H:14])[H:15])[H:17],20.0,8.0
6,-0.0774,AM1BCC,AmberTools,,,C,,7,[H:16][C:7]1([C:6]([C:5]([C:4]([C:9]([C:8]1([H:18])[H:19])([H:20])[H:21])([H:11])[C:2](=[O:1])[O:3][H:10])([H:12])[H:13])([H:14])[H:15])[H:17],20.0,8.0
7,-0.0784,AM1BCC,AmberTools,,,C,,8,[H:16][C:7]1([C:6]([C:5]([C:4]([C:9]([C:8]1([H:18])[H:19])([H:20])[H:21])([H:11])[C:2](=[O:1])[O:3][H:10])([H:12])[H:13])([H:14])[H:15])[H:17],20.0,8.0
8,-0.0719,AM1BCC,AmberTools,,,C,,9,[H:16][C:7]1([C:6]([C:5]([C:4]([C:9]([C:8]1([H:18])[H:19])([H:20])[H:21])([H:11])[C:2](=[O:1])[O:3][H:10])([H:12])[H:13])([H:14])[H:15])[H:17],20.0,8.0
9,0.442,AM1BCC,AmberTools,,,H,,10,[H:16][C:7]1([C:6]([C:5]([C:4]([C:9]([C:8]1([H:18])[H:19])([H:20])[H:21])([H:11])[C:2](=[O:1])[O:3][H:10])([H:12])[H:13])([H:14])[H:15])[H:17],20.0,8.0
10,0.0807,AM1BCC,AmberTools,,,H,,11,[H:16][C:7]1([C:6]([C:5]([C:4]([C:9]([C:8]1([H:18])[H:19])([H:20])[H:21])([H:11])[C:2](=[O:1])[O:3][H:10])([H:12])[H:13])([H:14])[H:15])[H:17],20.0,8.0
11,0.05445,AM1BCC,AmberTools,,,H,,12,[H:16][C:7]1([C:6]([C:5]([C:4]([C:9]([C:8]1([H:18])[H:19])([H:20])[H:21])([H:11])[C:2](=[O:1])[O:3][H:10])([H:12])[H:13])([H:14])[H:15])[H:17],20.0,8.0
12,0.05445,AM1BCC,AmberTools,,,H,,13,[H:16][C:7]1([C:6]([C:5]([C:4]([C:9]([C:8]1([H:18])[H:19])([H:20])[H:21])([H:11])[C:2](=[O:1])[O:3][H:10])([H:12])[H:13])([H:14])[H:15])[H:17],20.0,8.0
13,0.0462,AM1BCC,AmberTools,,,H,,14,[H:16][C:7]1([C:6]([C:5]([C:4]([C:9]([C:8]1([H:18])[H:19])([H:20])[H:21])([H:11])[C:2](=[O:1])[O:3][H:10])([H:12])[H:13])([H:14])[H:15])[H:17],20.0,8.0
14,0.0462,AM1BCC,AmberTools,,,H,,15,[H:16][C:7]1([C:6]([C:5]([C:4]([C:9]([C:8]1([H:18])[H:19])([H:20])[H:21])([H:11])[C:2](=[O:1])[O:3][H:10])([H:12])[H:13])([H:14])[H:15])[H:17],20.0,8.0
15,0.0412,AM1BCC,AmberTools,,,H,,16,[H:16][C:7]1([C:6]([C:5]([C:4]([C:9]([C:8]1([H:18])[H:19])([H:20])[H:21])([H:11])[C:2](=[O:1])[O:3][H:10])([H:12])[H:13])([H:14])[H:15])[H:17],20.0,8.0
16,0.0412,AM1BCC,AmberTools,,,H,,17,[H:16][C:7]1([C:6]([C:5]([C:4]([C:9]([C:8]1([H:18])[H:19])([H:20])[H:21])([H:11])[C:2](=[O:1])[O:3][H:10])([H:12])[H:13])([H:14])[H:15])[H:17],20.0,8.0
17,0.0462,AM1BCC,AmberTools,,,H,,18,[H:16][C:7]1([C:6]([C:5]([C:4]([C:9]([C:8]1([H:18])[H:19])([H:20])[H:21])([H:11])[C:2](=[O:1])[O:3][H:10])([H:12])[H:13])([H:14])[H:15])[H:17],20.0,8.0
18,0.0462,AM1BCC,AmberTools,,,H,,19,[H:16][C:7]1([C:6]([C:5]([C:4]([C:9]([C:8]1([H:18])[H:19])([H:20])[H:21])([H:11])[C:2](=[O:1])[O:3][H:10])([H:12])[H:13])([H:14])[H:15])[H:17],20.0,8.0
19,0.05445,AM1BCC,AmberTools,,,H,,20,[H:16][C:7]1([C:6]([C:5]([C:4]([C:9]([C:8]1([H:18])[H:19])([H:20])[H:21])([H:11])[C:2](=[O:1])[O:3][H:10])([H:12])[H:13])([H:14])[H:15])[H:17],20.0,8.0
20,0.05445,AM1BCC,AmberTools,,,H,,21,[H:16][C:7]1([C:6]([C:5]([C:4]([C:9]([C:8]1([H:18])[H:19])([H:20])[H:21])([H:11])[C:2](=[O:1])[O:3][H:10])([H:12])[H:13])([H:14])[H:15])[H:17],20.0,8.0
0,-0.5521500096434638,AM1BCC,OpenEye,,,O,,1,[H:16][C:7]1([C:6]([C:5]([C:4]([C:9]([C:8]1([H:18])[H:19])([H:20])[H:21])([H:11])[C:2](=[O:1])[O:3][H:10])([H:12])[H:13])([H:14])[H:15])[H:17],20.0,9.0
1,0.6359400167351678,AM1BCC,OpenEye,,,C,,2,[H:16][C:7]1([C:6]([C:5]([C:4]([C:9]([C:8]1([H:18])[H:19])([H:20])[H:21])([H:11])[C:2](=[O:1])[O:3][H:10])([H:12])[H:13])([H:14])[H:15])[H:17],20.0,9.0
2,-0.6023200140112922,AM1BCC,OpenEye,,,O,,3,[H:16][C:7]1([C:6]([C:5]([C:4]([C:9]([C:8]1([H:18])[H:19])([H:20])[H:21])([H:11])[C:2](=[O:1])[O:3][H:10])([H:12])[H:13])([H:14])[H:15])[H:17],20.0,9.0
3,-0.10313999510946728,AM1BCC,OpenEye,,,C,,4,[H:16][C:7]1([C:6]([C:5]([C:4]([C:9]([C:8]1([H:18])[H:19])([H:20])[H:21])([H:11])[C:2](=[O:1])[O:3][H:10])([H:12])[H:13])([H:14])[H:15])[H:17],20.0,9.0
4,-0.07291000194492794,AM1BCC,OpenEye,,,C,,5,[H:16][C:7]1([C:6]([C:5]([C:4]([C:9]([C:8]1([H:18])[H:19])([H:20])[H:21])([H:11])[C:2](=[O:1])[O:3][H:10])([H:12])[H:13])([H:14])[H:15])[H:17],20.0,9.0
5,-0.0765399993175552,AM1BCC,OpenEye,,,C,,6,[H:16][C:7]1([C:6]([C:5]([C:4]([C:9]([C:8]1([H:18])[H:19])([H:20])[H:21])([H:11])[C:2](=[O:1])[O:3][H:10])([H:12])[H:13])([H:14])[H:15])[H:17],20.0,9.0
6,-0.0844999984616325,AM1BCC,OpenEye,,,C,,7,[H:16][C:7]1([C:6]([C:5]([C:4]([C:9]([C:8]1([H:18])[H:19])([H:20])[H:21])([H:11])[C:2](=[O:1])[O:3][H:10])([H:12])[H:13])([H:14])[H:15])[H:17],20.0,9.0
7,-0.0765399993175552,AM1BCC,OpenEye,,,C,,8,[H:16][C:7]1([C:6]([C:5]([C:4]([C:9]([C:8]1([H:18])[H:19])([H:20])[H:21])([H:11])[C:2](=[O:1])[O:3][H:10])([H:12])[H:13])([H:14])[H:15])[H:17],20.0,9.0
8,-0.07291000194492794,AM1BCC,OpenEye,,,C,,9,[H:16][C:7]1([C:6]([C:5]([C:4]([C:9]([C:8]1([H:18])[H:19])([H:20])[H:21])([H:11])[C:2](=[O:1])[O:3][H:10])([H:12])[H:13])([H:14])[H:15])[H:17],20.0,9.0
9,0.44183999441918875,AM1BCC,OpenEye,,,H,,10,[H:16][C:7]1([C:6]([C:5]([C:4]([C:9]([C:8]1([H:18])[H:19])([H:20])[H:21])([H:11])[C:2](=[O:1])[O:3][H:10])([H:12])[H:13])([H:14])[H:15])[H:17],20.0,9.0
10,0.07672999941167377,AM1BCC,OpenEye,,,H,,11,[H:16][C:7]1([C:6]([C:5]([C:4]([C:9]([C:8]1([H:18])[H:19])([H:20])[H:21])([H:11])[C:2](=[O:1])[O:3][H:10])([H:12])[H:13])([H:14])[H:15])[H:17],20.0,9.0
11,0.05455999963340305,AM1BCC,OpenEye,,,H,,12,[H:16][C:7]1([C:6]([C:5]([C:4]([C:9]([C:8]1([H:18])[H:19])([H:20])[H:21])([H:11])[C:2](=[O:1])[O:3][H:10])([H:12])[H:13])([H:14])[H:15])[H:17],20.0,9.0
12,0.05455999963340305,AM1BCC,OpenEye,,,H,,13,[H:16][C:7]1([C:6]([C:5]([C:4]([C:9]([C:8]1([H:18])[H:19])([H:20])[H:21])([H:11])[C:2](=[O:1])[O:3][H:10])([H:12])[H:13])([H:14])[H:15])[H:17],20.0,9.0
13,0.04193000264820598,AM1BCC,OpenEye,,,H,,14,[H:16][C:7]1([C:6]([C:5]([C:4]([C:9]([C:8]1([H:18])[H:19])([H:20])[H:21])([H:11])[C:2](=[O:1])[O:3][H:10])([H:12])[H:13])([H:14])[H:15])[H:17],20.0,9.0
14,0.04193000264820598,AM1BCC,OpenEye,,,H,,15,[H:16][C:7]1([C:6]([C:5]([C:4]([C:9]([C:8]1([H:18])[H:19])([H:20])[H:21])([H:11])[C:2](=[O:1])[O:3][H:10])([H:12])[H:13])([H:14])[H:15])[H:17],20.0,9.0
15,0.05027000002917789,AM1BCC,OpenEye,,,H,,16,[H:16][C:7]1([C:6]([C:5]([C:4]([C:9]([C:8]1([H:18])[H:19])([H:20])[H:21])([H:11])[C:2](=[O:1])[O:3][H:10])([H:12])[H:13])([H:14])[H:15])[H:17],20.0,9.0
16,0.05027000002917789,AM1BCC,OpenEye,,,H,,17,[H:16][C:7]1([C:6]([C:5]([C:4]([C:9]([C:8]1([H:18])[H:19])([H:20])[H:21])([H:11])[C:2](=[O:1])[O:3][H:10])([H:12])[H:13])([H:14])[H:15])[H:17],20.0,9.0
17,0.04193000264820598,AM1BCC,OpenEye,,,H,,18,[H:16][C:7]1([C:6]([C:5]([C:4]([C:9]([C:8]1([H:18])[H:19])([H:20])[H:21])([H:11])[C:2](=[O:1])[O:3][H:10])([H:12])[H:13])([H:14])[H:15])[H:17],20.0,9.0
18,0.04193000264820598,AM1BCC,OpenEye,,,H,,19,[H:16][C:7]1([C:6]([C:5]([C:4]([C:9]([C:8]1([H:18])[H:19])([H:20])[H:21])([H:11])[C:2](=[O:1])[O:3][H:10])([H:12])[H:13])([H:14])[H:15])[H:17],20.0,9.0
19,0.05455999963340305,AM1BCC,OpenEye,,,H,,20,[H:16][C:7]1([C:6]([C:5]([C:4]([C:9]([C:8]1([H:18])[H:19])([H:20])[H:21])([H:11])[C:2](=[O:1])[O:3][H:10])([H:12])[H:13])([H:14])[H:15])[H:17],20.0,9.0
20,0.05455999963340305,AM1BCC,OpenEye,,,H,,21,[H:16][C:7]1([C:6]([C:5]([C:4]([C:9]([C:8]1([H:18])[H:19])([H:20])[H:21])([H:11])[C:2](=[O:1])[O:3][H:10])([H:12])[H:13])([H:14])[H:15])[H:17],20.0,9.0
0,-0.551,AM1BCC,AmberTools,,,O,,1,[H:16][C:7]1([C:6]([C:5]([C:4]([C:9]([C:8]1([H:18])[H:19])([H:20])[H:21])([H:11])[C:2](=[O:1])[O:3][H:10])([H:12])[H:13])([H:14])[H:15])[H:17],20.0,9.0
1,0.6361,AM1BCC,AmberTools,,,C,,2,[H:16][C:7]1([C:6]([C:5]([C:4]([C:9]([C:8]1([H:18])[H:19])([H:20])[H:21])([H:11])[C:2](=[O:1])[O:3][H:10])([H:12])[H:13])([H:14])[H:15])[H:17],20.0,9.0
2,-0.6111,AM1BCC,AmberTools,,,O,,3,[H:16][C:7]1([C:6]([C:5]([C:4]([C:9]([C:8]1([H:18])[H:19])([H:20])[H:21])([H:11])[C:2](=[O:1])[O:3][H:10])([H:12])[H:13])([H:14])[H:15])[H:17],20.0,9.0
3,-0.1037,AM1BCC,AmberTools,,,C,,4,[H:16][C:7]1([C:6]([C:5]([C:4]([C:9]([C:8]1([H:18])[H:19])([H:20])[H:21])([H:11])[C:2](=[O:1])[O:3][H:10])([H:12])[H:13])([H:14])[H:15])[H:17],20.0,9.0
4,-0.0719,AM1BCC,AmberTools,,,C,,5,[H:16][C:7]1([C:6]([C:5]([C:4]([C:9]([C:8]1([H:18])[H:19])([H:20])[H:21])([H:11])[C:2](=[O:1])[O:3][H:10])([H:12])[H:13])([H:14])[H:15])[H:17],20.0,9.0
5,-0.0784,AM1BCC,AmberTools,,,C,,6,[H:16][C:7]1([C:6]([C:5]([C:4]([C:9]([C:8]1([H:18])[H:19])([H:20])[H:21])([H:11])[C:2](=[O:1])[O:3][H:10])([H:12])[H:13])([H:14])[H:15])[H:17],20.0,9.0
6,-0.0774,AM1BCC,AmberTools,,,C,,7,[H:16][C:7]1([C:6]([C:5]([C:4]([C:9]([C:8]1([H:18])[H:19])([H:20])[H:21])([H:11])[C:2](=[O:1])[O:3][H:10])([H:12])[H:13])([H:14])[H:15])[H:17],20.0,9.0
7,-0.0784,AM1BCC,AmberTools,,,C,,8,[H:16][C:7]1([C:6]([C:5]([C:4]([C:9]([C:8]1([H:18])[H:19])([H:20])[H:21])([H:11])[C:2](=[O:1])[O:3][H:10])([H:12])[H:13])([H:14])[H:15])[H:17],20.0,9.0
8,-0.0719,AM1BCC,AmberTools,,,C,,9,[H:16][C:7]1([C:6]([C:5]([C:4]([C:9]([C:8]1([H:18])[H:19])([H:20])[H:21])([H:11])[C:2](=[O:1])[O:3][H:10])([H:12])[H:13])([H:14])[H:15])[H:17],20.0,9.0
9,0.442,AM1BCC,AmberTools,,,H,,10,[H:16][C:7]1([C:6]([C:5]([C:4]([C:9]([C:8]1([H:18])[H:19])([H:20])[H:21])([H:11])[C:2](=[O:1])[O:3][H:10])([H:12])[H:13])([H:14])[H:15])[H:17],20.0,9.0
10,0.0807,AM1BCC,AmberTools,,,H,,11,[H:16][C:7]1([C:6]([C:5]([C:4]([C:9]([C:8]1([H:18])[H:19])([H:20])[H:21])([H:11])[C:2](=[O:1])[O:3][H:10])([H:12])[H:13])([H:14])[H:15])[H:17],20.0,9.0
11,0.05445,AM1BCC,AmberTools,,,H,,12,[H:16][C:7]1([C:6]([C:5]([C:4]([C:9]([C:8]1([H:18])[H:19])([H:20])[H:21])([H:11])[C:2](=[O:1])[O:3][H:10])([H:12])[H:13])([H:14])[H:15])[H:17],20.0,9.0
12,0.05445,AM1BCC,AmberTools,,,H,,13,[H:16][C:7]1([C:6]([C:5]([C:4]([C:9]([C:8]1([H:18])[H:19])([H:20])[H:21])([H:11])[C:2](=[O:1])[O:3][H:10])([H:12])[H:13])([H:14])[H:15])[H:17],20.0,9.0
13,0.0462,AM1BCC,AmberTools,,,H,,14,[H:16][C:7]1([C:6]([C:5]([C:4]([C:9]([C:8]1([H:18])[H:19])([H:20])[H:21])([H:11])[C:2](=[O:1])[O:3][H:10])([H:12])[H:13])([H:14])[H:15])[H:17],20.0,9.0
14,0.0462,AM1BCC,AmberTools,,,H,,15,[H:16][C:7]1([C:6]([C:5]([C:4]([C:9]([C:8]1([H:18])[H:19])([H:20])[H:21])([H:11])[C:2](=[O:1])[O:3][H:10])([H:12])[H:13])([H:14])[H:15])[H:17],20.0,9.0
15,0.0412,AM1BCC,AmberTools,,,H,,16,[H:16][C:7]1([C:6]([C:5]([C:4]([C:9]([C:8]1([H:18])[H:19])([H:20])[H:21])([H:11])[C:2](=[O:1])[O:3][H:10])([H:12])[H:13])([H:14])[H:15])[H:17],20.0,9.0
16,0.0412,AM1BCC,AmberTools,,,H,,17,[H:16][C:7]1([C:6]([C:5]([C:4]([C:9]([C:8]1([H:18])[H:19])([H:20])[H:21])([H:11])[C:2](=[O:1])[O:3][H:10])([H:12])[H:13])([H:14])[H:15])[H:17],20.0,9.0
17,0.0462,AM1BCC,AmberTools,,,H,,18,[H:16][C:7]1([C:6]([C:5]([C:4]([C:9]([C:8]1([H:18])[H:19])([H:20])[H:21])([H:11])[C:2](=[O:1])[O:3][H:10])([H:12])[H:13])([H:14])[H:15])[H:17],20.0,9.0
18,0.0462,AM1BCC,AmberTools,,,H,,19,[H:16][C:7]1([C:6]([C:5]([C:4]([C:9]([C:8]1([H:18])[H:19])([H:20])[H:21])([H:11])[C:2](=[O:1])[O:3][H:10])([H:12])[H:13])([H:14])[H:15])[H:17],20.0,9.0
19,0.05445,AM1BCC,AmberTools,,,H,,20,[H:16][C:7]1([C:6]([C:5]([C:4]([C:9]([C:8]1([H:18])[H:19])([H:20])[H:21])([H:11])[C:2](=[O:1])[O:3][H:10])([H:12])[H:13])([H:14])[H:15])[H:17],20.0,9.0
20,0.05445,AM1BCC,AmberTools,,,H,,21,[H:16][C:7]1([C:6]([C:5]([C:4]([C:9]([C:8]1([H:18])[H:19])([H:20])[H:21])([H:11])[C:2](=[O:1])[O:3][H:10])([H:12])[H:13])([H:14])[H:15])[H:17],20.0,9.0
0,-0.5521500096434638,AM1BCC,OpenEye,,,O,,1,[H:16][C:7]1([C:6]([C:5]([C:4]([C:9]([C:8]1([H:18])[H:19])([H:20])[H:21])([H:11])[C:2](=[O:1])[O:3][H:10])([H:12])[H:13])([H:14])[H:15])[H:17],20.0,10.0
1,0.6359400167351678,AM1BCC,OpenEye,,,C,,2,[H:16][C:7]1([C:6]([C:5]([C:4]([C:9]([C:8]1([H:18])[H:19])([H:20])[H:21])([H:11])[C:2](=[O:1])[O:3][H:10])([H:12])[H:13])([H:14])[H:15])[H:17],20.0,10.0
2,-0.6023200140112922,AM1BCC,OpenEye,,,O,,3,[H:16][C:7]1([C:6]([C:5]([C:4]([C:9]([C:8]1([H:18])[H:19])([H:20])[H:21])([H:11])[C:2](=[O:1])[O:3][H:10])([H:12])[H:13])([H:14])[H:15])[H:17],20.0,10.0
3,-0.10313999510946728,AM1BCC,OpenEye,,,C,,4,[H:16][C:7]1([C:6]([C:5]([C:4]([C:9]([C:8]1([H:18])[H:19])([H:20])[H:21])([H:11])[C:2](=[O:1])[O:3][H:10])([H:12])[H:13])([H:14])[H:15])[H:17],20.0,10.0
4,-0.07291000194492794,AM1BCC,OpenEye,,,C,,5,[H:16][C:7]1([C:6]([C:5]([C:4]([C:9]([C:8]1([H:18])[H:19])([H:20])[H:21])([H:11])[C:2](=[O:1])[O:3][H:10])([H:12])[H:13])([H:14])[H:15])[H:17],20.0,10.0
5,-0.0765399993175552,AM1BCC,OpenEye,,,C,,6,[H:16][C:7]1([C:6]([C:5]([C:4]([C:9]([C:8]1([H:18])[H:19])([H:20])[H:21])([H:11])[C:2](=[O:1])[O:3][H:10])([H:12])[H:13])([H:14])[H:15])[H:17],20.0,10.0
6,-0.0844999984616325,AM1BCC,OpenEye,,,C,,7,[H:16][C:7]1([C:6]([C:5]([C:4]([C:9]([C:8]1([H:18])[H:19])([H:20])[H:21])([H:11])[C:2](=[O:1])[O:3][H:10])([H:12])[H:13])([H:14])[H:15])[H:17],20.0,10.0
7,-0.0765399993175552,AM1BCC,OpenEye,,,C,,8,[H:16][C:7]1([C:6]([C:5]([C:4]([C:9]([C:8]1([H:18])[H:19])([H:20])[H:21])([H:11])[C:2](=[O:1])[O:3][H:10])([H:12])[H:13])([H:14])[H:15])[H:17],20.0,10.0
8,-0.07291000194492794,AM1BCC,OpenEye,,,C,,9,[H:16][C:7]1([C:6]([C:5]([C:4]([C:9]([C:8]1([H:18])[H:19])([H:20])[H:21])([H:11])[C:2](=[O:1])[O:3][H:10])([H:12])[H:13])([H:14])[H:15])[H:17],20.0,10.0
9,0.44183999441918875,AM1BCC,OpenEye,,,H,,10,[H:16][C:7]1([C:6]([C:5]([C:4]([C:9]([C:8]1([H:18])[H:19])([H:20])[H:21])([H:11])[C:2](=[O:1])[O:3][H:10])([H:12])[H:13])([H:14])[H:15])[H:17],20.0,10.0
10,0.07672999941167377,AM1BCC,OpenEye,,,H,,11,[H:16][C:7]1([C:6]([C:5]([C:4]([C:9]([C:8]1([H:18])[H:19])([H:20])[H:21])([H:11])[C:2](=[O:1])[O:3][H:10])([H:12])[H:13])([H:14])[H:15])[H:17],20.0,10.0
11,0.05455999963340305,AM1BCC,OpenEye,,,H,,12,[H:16][C:7]1([C:6]([C:5]([C:4]([C:9]([C:8]1([H:18])[H:19])([H:20])[H:21])([H:11])[C:2](=[O:1])[O:3][H:10])([H:12])[H:13])([H:14])[H:15])[H:17],20.0,10.0
12,0.05455999963340305,AM1BCC,OpenEye,,,H,,13,[H:16][C:7]1([C:6]([C:5]([C:4]([C:9]([C:8]1([H:18])[H:19])([H:20])[H:21])([H:11])[C:2](=[O:1])[O:3][H:10])([H:12])[H:13])([H:14])[H:15])[H:17],20.0,10.0
13,0.04193000264820598,AM1BCC,OpenEye,,,H,,14,[H:16][C:7]1([C:6]([C:5]([C:4]([C:9]([C:8]1([H:18])[H:19])([H:20])[H:21])([H:11])[C:2](=[O:1])[O:3][H:10])([H:12])[H:13])([H:14])[H:15])[H:17],20.0,10.0
14,0.04193000264820598,AM1BCC,OpenEye,,,H,,15,[H:16][C:7]1([C:6]([C:5]([C:4]([C:9]([C:8]1([H:18])[H:19])([H:20])[H:21])([H:11])[C:2](=[O:1])[O:3][H:10])([H:12])[H:13])([H:14])[H:15])[H:17],20.0,10.0
15,0.05027000002917789,AM1BCC,OpenEye,,,H,,16,[H:16][C:7]1([C:6]([C:5]([C:4]([C:9]([C:8]1([H:18])[H:19])([H:20])[H:21])([H:11])[C:2](=[O:1])[O:3][H:10])([H:12])[H:13])([H:14])[H:15])[H:17],20.0,10.0
16,0.05027000002917789,AM1BCC,OpenEye,,,H,,17,[H:16][C:7]1([C:6]([C:5]([C:4]([C:9]([C:8]1([H:18])[H:19])([H:20])[H:21])([H:11])[C:2](=[O:1])[O:3][H:10])([H:12])[H:13])([H:14])[H:15])[H:17],20.0,10.0
17,0.04193000264820598,AM1BCC,OpenEye,,,H,,18,[H:16][C:7]1([C:6]([C:5]([C:4]([C:9]([C:8]1([H:18])[H:19])([H:20])[H:21])([H:11])[C:2](=[O:1])[O:3][H:10])([H:12])[H:13])([H:14])[H:15])[H:17],20.0,10.0
18,0.04193000264820598,AM1BCC,OpenEye,,,H,,19,[H:16][C:7]1([C:6]([C:5]([C:4]([C:9]([C:8]1([H:18])[H:19])([H:20])[H:21])([H:11])[C:2](=[O:1])[O:3][H:10])([H:12])[H:13])([H:14])[H:15])[H:17],20.0,10.0
19,0.05455999963340305,AM1BCC,OpenEye,,,H,,20,[H:16][C:7]1([C:6]([C:5]([C:4]([C:9]([C:8]1([H:18])[H:19])([H:20])[H:21])([H:11])[C:2](=[O:1])[O:3][H:10])([H:12])[H:13])([H:14])[H:15])[H:17],20.0,10.0
20,0.05455999963340305,AM1BCC,OpenEye,,,H,,21,[H:16][C:7]1([C:6]([C:5]([C:4]([C:9]([C:8]1([H:18])[H:19])([H:20])[H:21])([H:11])[C:2](=[O:1])[O:3][H:10])([H:12])[H:13])([H:14])[H:15])[H:17],20.0,10.0
0,-0.551,AM1BCC,AmberTools,,,O,,1,[H:16][C:7]1([C:6]([C:5]([C:4]([C:9]([C:8]1([H:18])[H:19])([H:20])[H:21])([H:11])[C:2](=[O:1])[O:3][H:10])([H:12])[H:13])([H:14])[H:15])[H:17],20.0,10.0
1,0.6361,AM1BCC,AmberTools,,,C,,2,[H:16][C:7]1([C:6]([C:5]([C:4]([C:9]([C:8]1([H:18])[H:19])([H:20])[H:21])([H:11])[C:2](=[O:1])[O:3][H:10])([H:12])[H:13])([H:14])[H:15])[H:17],20.0,10.0
2,-0.6111,AM1BCC,AmberTools,,,O,,3,[H:16][C:7]1([C:6]([C:5]([C:4]([C:9]([C:8]1([H:18])[H:19])([H:20])[H:21])([H:11])[C:2](=[O:1])[O:3][H:10])([H:12])[H:13])([H:14])[H:15])[H:17],20.0,10.0
3,-0.1037,AM1BCC,AmberTools,,,C,,4,[H:16][C:7]1([C:6]([C:5]([C:4]([C:9]([C:8]1([H:18])[H:19])([H:20])[H:21])([H:11])[C:2](=[O:1])[O:3][H:10])([H:12])[H:13])([H:14])[H:15])[H:17],20.0,10.0
4,-0.0719,AM1BCC,AmberTools,,,C,,5,[H:16][C:7]1([C:6]([C:5]([C:4]([C:9]([C:8]1([H:18])[H:19])([H:20])[H:21])([H:11])[C:2](=[O:1])[O:3][H:10])([H:12])[H:13])([H:14])[H:15])[H:17],20.0,10.0
5,-0.0784,AM1BCC,AmberTools,,,C,,6,[H:16][C:7]1([C:6]([C:5]([C:4]([C:9]([C:8]1([H:18])[H:19])([H:20])[H:21])([H:11])[C:2](=[O:1])[O:3][H:10])([H:12])[H:13])([H:14])[H:15])[H:17],20.0,10.0
6,-0.0774,AM1BCC,AmberTools,,,C,,7,[H:16][C:7]1([C:6]([C:5]([C:4]([C:9]([C:8]1([H:18])[H:19])([H:20])[H:21])([H:11])[C:2](=[O:1])[O:3][H:10])([H:12])[H:13])([H:14])[H:15])[H:17],20.0,10.0
7,-0.0784,AM1BCC,AmberTools,,,C,,8,[H:16][C:7]1([C:6]([C:5]([C:4]([C:9]([C:8]1([H:18])[H:19])([H:20])[H:21])([H:11])[C:2](=[O:1])[O:3][H:10])([H:12])[H:13])([H:14])[H:15])[H:17],20.0,10.0
8,-0.0719,AM1BCC,AmberTools,,,C,,9,[H:16][C:7]1([C:6]([C:5]([C:4]([C:9]([C:8]1([H:18])[H:19])([H:20])[H:21])([H:11])[C:2](=[O:1])[O:3][H:10])([H:12])[H:13])([H:14])[H:15])[H:17],20.0,10.0
9,0.442,AM1BCC,AmberTools,,,H,,10,[H:16][C:7]1([C:6]([C:5]([C:4]([C:9]([C:8]1([H:18])[H:19])([H:20])[H:21])([H:11])[C:2](=[O:1])[O:3][H:10])([H:12])[H:13])([H:14])[H:15])[H:17],20.0,10.0
10,0.0807,AM1BCC,AmberTools,,,H,,11,[H:16][C:7]1([C:6]([C:5]([C:4]([C:9]([C:8]1([H:18])[H:19])([H:20])[H:21])([H:11])[C:2](=[O:1])[O:3][H:10])([H:12])[H:13])([H:14])[H:15])[H:17],20.0,10.0
11,0.05445,AM1BCC,AmberTools,,,H,,12,[H:16][C:7]1([C:6]([C:5]([C:4]([C:9]([C:8]1([H:18])[H:19])([H:20])[H:21])([H:11])[C:2](=[O:1])[O:3][H:10])([H:12])[H:13])([H:14])[H:15])[H:17],20.0,10.0
12,0.05445,AM1BCC,AmberTools,,,H,,13,[H:16][C:7]1([C:6]([C:5]([C:4]([C:9]([C:8]1([H:18])[H:19])([H:20])[H:21])([H:11])[C:2](=[O:1])[O:3][H:10])([H:12])[H:13])([H:14])[H:15])[H:17],20.0,10.0
13,0.0462,AM1BCC,AmberTools,,,H,,14,[H:16][C:7]1([C:6]([C:5]([C:4]([C:9]([C:8]1([H:18])[H:19])([H:20])[H:21])([H:11])[C:2](=[O:1])[O:3][H:10])([H:12])[H:13])([H:14])[H:15])[H:17],20.0,10.0
14,0.0462,AM1BCC,AmberTools,,,H,,15,[H:16][C:7]1([C:6]([C:5]([C:4]([C:9]([C:8]1([H:18])[H:19])([H:20])[H:21])([H:11])[C:2](=[O:1])[O:3][H:10])([H:12])[H:13])([H:14])[H:15])[H:17],20.0,10.0
15,0.0412,AM1BCC,AmberTools,,,H,,16,[H:16][C:7]1([C:6]([C:5]([C:4]([C:9]([C:8]1([H:18])[H:19])([H:20])[H:21])([H:11])[C:2](=[O:1])[O:3][H:10])([H:12])[H:13])([H:14])[H:15])[H:17],20.0,10.0
16,0.0412,AM1BCC,AmberTools,,,H,,17,[H:16][C:7]1([C:6]([C:5]([C:4]([C:9]([C:8]1([H:18])[H:19])([H:20])[H:21])([H:11])[C:2](=[O:1])[O:3][H:10])([H:12])[H:13])([H:14])[H:15])[H:17],20.0,10.0
17,0.0462,AM1BCC,AmberTools,,,H,,18,[H:16][C:7]1([C:6]([C:5]([C:4]([C:9]([C:8]1([H:18])[H:19])([H:20])[H:21])([H:11])[C:2](=[O:1])[O:3][H:10])([H:12])[H:13])([H:14])[H:15])[H:17],20.0,10.0
18,0.0462,AM1BCC,AmberTools,,,H,,19,[H:16][C:7]1([C:6]([C:5]([C:4]([C:9]([C:8]1([H:18])[H:19])([H:20])[H:21])([H:11])[C:2](=[O:1])[O:3][H:10])([H:12])[H:13])([H:14])[H:15])[H:17],20.0,10.0
19,0.05445,AM1BCC,AmberTools,,,H,,20,[H:16][C:7]1([C:6]([C:5]([C:4]([C:9]([C:8]1([H:18])[H:19])([H:20])[H:21])([H:11])[C:2](=[O:1])[O:3][H:10])([H:12])[H:13])([H:14])[H:15])[H:17],20.0,10.0
20,0.05445,AM1BCC,AmberTools,,,H,,21,[H:16][C:7]1([C:6]([C:5]([C:4]([C:9]([C:8]1([H:18])[H:19])([H:20])[H:21])([H:11])[C:2](=[O:1])[O:3][H:10])([H:12])[H:13])([H:14])[H:15])[H:17],20.0,10.0
0,-0.5521500096434638,AM1BCC,OpenEye,,,O,,1,[H:16][C:7]1([C:6]([C:5]([C:4]([C:9]([C:8]1([H:18])[H:19])([H:20])[H:21])([H:11])[C:2](=[O:1])[O:3][H:10])([H:12])[H:13])([H:14])[H:15])[H:17],20.0,11.0
1,0.6359400167351678,AM1BCC,OpenEye,,,C,,2,[H:16][C:7]1([C:6]([C:5]([C:4]([C:9]([C:8]1([H:18])[H:19])([H:20])[H:21])([H:11])[C:2](=[O:1])[O:3][H:10])([H:12])[H:13])([H:14])[H:15])[H:17],20.0,11.0
2,-0.6023200140112922,AM1BCC,OpenEye,,,O,,3,[H:16][C:7]1([C:6]([C:5]([C:4]([C:9]([C:8]1([H:18])[H:19])([H:20])[H:21])([H:11])[C:2](=[O:1])[O:3][H:10])([H:12])[H:13])([H:14])[H:15])[H:17],20.0,11.0
3,-0.10313999510946728,AM1BCC,OpenEye,,,C,,4,[H:16][C:7]1([C:6]([C:5]([C:4]([C:9]([C:8]1([H:18])[H:19])([H:20])[H:21])([H:11])[C:2](=[O:1])[O:3][H:10])([H:12])[H:13])([H:14])[H:15])[H:17],20.0,11.0
4,-0.07291000194492794,AM1BCC,OpenEye,,,C,,5,[H:16][C:7]1([C:6]([C:5]([C:4]([C:9]([C:8]1([H:18])[H:19])([H:20])[H:21])([H:11])[C:2](=[O:1])[O:3][H:10])([H:12])[H:13])([H:14])[H:15])[H:17],20.0,11.0
5,-0.0765399993175552,AM1BCC,OpenEye,,,C,,6,[H:16][C:7]1([C:6]([C:5]([C:4]([C:9]([C:8]1([H:18])[H:19])([H:20])[H:21])([H:11])[C:2](=[O:1])[O:3][H:10])([H:12])[H:13])([H:14])[H:15])[H:17],20.0,11.0
6,-0.0844999984616325,AM1BCC,OpenEye,,,C,,7,[H:16][C:7]1([C:6]([C:5]([C:4]([C:9]([C:8]1([H:18])[H:19])([H:20])[H:21])([H:11])[C:2](=[O:1])[O:3][H:10])([H:12])[H:13])([H:14])[H:15])[H:17],20.0,11.0
7,-0.0765399993175552,AM1BCC,OpenEye,,,C,,8,[H:16][C:7]1([C:6]([C:5]([C:4]([C:9]([C:8]1([H:18])[H:19])([H:20])[H:21])([H:11])[C:2](=[O:1])[O:3][H:10])([H:12])[H:13])([H:14])[H:15])[H:17],20.0,11.0
8,-0.07291000194492794,AM1BCC,OpenEye,,,C,,9,[H:16][C:7]1([C:6]([C:5]([C:4]([C:9]([C:8]1([H:18])[H:19])([H:20])[H:21])([H:11])[C:2](=[O:1])[O:3][H:10])([H:12])[H:13])([H:14])[H:15])[H:17],20.0,11.0
9,0.44183999441918875,AM1BCC,OpenEye,,,H,,10,[H:16][C:7]1([C:6]([C:5]([C:4]([C:9]([C:8]1([H:18])[H:19])([H:20])[H:21])([H:11])[C:2](=[O:1])[O:3][H:10])([H:12])[H:13])([H:14])[H:15])[H:17],20.0,11.0
10,0.07672999941167377,AM1BCC,OpenEye,,,H,,11,[H:16][C:7]1([C:6]([C:5]([C:4]([C:9]([C:8]1([H:18])[H:19])([H:20])[H:21])([H:11])[C:2](=[O:1])[O:3][H:10])([H:12])[H:13])([H:14])[H:15])[H:17],20.0,11.0
11,0.05455999963340305,AM1BCC,OpenEye,,,H,,12,[H:16][C:7]1([C:6]([C:5]([C:4]([C:9]([C:8]1([H:18])[H:19])([H:20])[H:21])([H:11])[C:2](=[O:1])[O:3][H:10])([H:12])[H:13])([H:14])[H:15])[H:17],20.0,11.0
12,0.05455999963340305,AM1BCC,OpenEye,,,H,,13,[H:16][C:7]1([C:6]([C:5]([C:4]([C:9]([C:8]1([H:18])[H:19])([H:20])[H:21])([H:11])[C:2](=[O:1])[O:3][H:10])([H:12])[H:13])([H:14])[H:15])[H:17],20.0,11.0
13,0.04193000264820598,AM1BCC,OpenEye,,,H,,14,[H:16][C:7]1([C:6]([C:5]([C:4]([C:9]([C:8]1([H:18])[H:19])([H:20])[H:21])([H:11])[C:2](=[O:1])[O:3][H:10])([H:12])[H:13])([H:14])[H:15])[H:17],20.0,11.0
14,0.04193000264820598,AM1BCC,OpenEye,,,H,,15,[H:16][C:7]1([C:6]([C:5]([C:4]([C:9]([C:8]1([H:18])[H:19])([H:20])[H:21])([H:11])[C:2](=[O:1])[O:3][H:10])([H:12])[H:13])([H:14])[H:15])[H:17],20.0,11.0
15,0.05027000002917789,AM1BCC,OpenEye,,,H,,16,[H:16][C:7]1([C:6]([C:5]([C:4]([C:9]([C:8]1([H:18])[H:19])([H:20])[H:21])([H:11])[C:2](=[O:1])[O:3][H:10])([H:12])[H:13])([H:14])[H:15])[H:17],20.0,11.0
16,0.05027000002917789,AM1BCC,OpenEye,,,H,,17,[H:16][C:7]1([C:6]([C:5]([C:4]([C:9]([C:8]1([H:18])[H:19])([H:20])[H:21])([H:11])[C:2](=[O:1])[O:3][H:10])([H:12])[H:13])([H:14])[H:15])[H:17],20.0,11.0
17,0.04193000264820598,AM1BCC,OpenEye,,,H,,18,[H:16][C:7]1([C:6]([C:5]([C:4]([C:9]([C:8]1([H:18])[H:19])([H:20])[H:21])([H:11])[C:2](=[O:1])[O:3][H:10])([H:12])[H:13])([H:14])[H:15])[H:17],20.0,11.0
18,0.04193000264820598,AM1BCC,OpenEye,,,H,,19,[H:16][C:7]1([C:6]([C:5]([C:4]([C:9]([C:8]1([H:18])[H:19])([H:20])[H:21])([H:11])[C:2](=[O:1])[O:3][H:10])([H:12])[H:13])([H:14])[H:15])[H:17],20.0,11.0
19,0.05455999963340305,AM1BCC,OpenEye,,,H,,20,[H:16][C:7]1([C:6]([C:5]([C:4]([C:9]([C:8]1([H:18])[H:19])([H:20])[H:21])([H:11])[C:2](=[O:1])[O:3][H:10])([H:12])[H:13])([H:14])[H:15])[H:17],20.0,11.0
20,0.05455999963340305,AM1BCC,OpenEye,,,H,,21,[H:16][C:7]1([C:6]([C:5]([C:4]([C:9]([C:8]1([H:18])[H:19])([H:20])[H:21])([H:11])[C:2](=[O:1])[O:3][H:10])([H:12])[H:13])([H:14])[H:15])[H:17],20.0,11.0
0,-0.5510476190476191,AM1BCC,AmberTools,,,O,,1,[H:16][C:7]1([C:6]([C:5]([C:4]([C:9]([C:8]1([H:18])[H:19])([H:20])[H:21])([H:11])[C:2](=[O:1])[O:3][H:10])([H:12])[H:13])([H:14])[H:15])[H:17],20.0,11.0
1,0.6360523809523809,AM1BCC,AmberTools,,,C,,2,[H:16][C:7]1([C:6]([C:5]([C:4]([C:9]([C:8]1([H:18])[H:19])([H:20])[H:21])([H:11])[C:2](=[O:1])[O:3][H:10])([H:12])[H:13])([H:14])[H:15])[H:17],20.0,11.0
2,-0.611147619047619,AM1BCC,AmberTools,,,O,,3,[H:16][C:7]1([C:6]([C:5]([C:4]([C:9]([C:8]1([H:18])[H:19])([H:20])[H:21])([H:11])[C:2](=[O:1])[O:3][H:10])([H:12])[H:13])([H:14])[H:15])[H:17],20.0,11.0
3,-0.10374761904761905,AM1BCC,AmberTools,,,C,,4,[H:16][C:7]1([C:6]([C:5]([C:4]([C:9]([C:8]1([H:18])[H:19])([H:20])[H:21])([H:11])[C:2](=[O:1])[O:3][H:10])([H:12])[H:13])([H:14])[H:15])[H:17],20.0,11.0
4,-0.07194761904761905,AM1BCC,AmberTools,,,C,,5,[H:16][C:7]1([C:6]([C:5]([C:4]([C:9]([C:8]1([H:18])[H:19])([H:20])[H:21])([H:11])[C:2](=[O:1])[O:3][H:10])([H:12])[H:13])([H:14])[H:15])[H:17],20.0,11.0
5,-0.07844761904761904,AM1BCC,AmberTools,,,C,,6,[H:16][C:7]1([C:6]([C:5]([C:4]([C:9]([C:8]1([H:18])[H:19])([H:20])[H:21])([H:11])[C:2](=[O:1])[O:3][H:10])([H:12])[H:13])([H:14])[H:15])[H:17],20.0,11.0
6,-0.07744761904761904,AM1BCC,AmberTools,,,C,,7,[H:16][C:7]1([C:6]([C:5]([C:4]([C:9]([C:8]1([H:18])[H:19])([H:20])[H:21])([H:11])[C:2](=[O:1])[O:3][H:10])([H:12])[H:13])([H:14])[H:15])[H:17],20.0,11.0
7,-0.07844761904761904,AM1BCC,AmberTools,,,C,,8,[H:16][C:7]1([C:6]([C:5]([C:4]([C:9]([C:8]1([H:18])[H:19])([H:20])[H:21])([H:11])[C:2](=[O:1])[O:3][H:10])([H:12])[H:13])([H:14])[H:15])[H:17],20.0,11.0
8,-0.07194761904761905,AM1BCC,AmberTools,,,C,,9,[H:16][C:7]1([C:6]([C:5]([C:4]([C:9]([C:8]1([H:18])[H:19])([H:20])[H:21])([H:11])[C:2](=[O:1])[O:3][H:10])([H:12])[H:13])([H:14])[H:15])[H:17],20.0,11.0
9,0.441952380952381,AM1BCC,AmberTools,,,H,,10,[H:16][C:7]1([C:6]([C:5]([C:4]([C:9]([C:8]1([H:18])[H:19])([H:20])[H:21])([H:11])[C:2](=[O:1])[O:3][H:10])([H:12])[H:13])([H:14])[H:15])[H:17],20.0,11.0
10,0.08065238095238095,AM1BCC,AmberTools,,,H,,11,[H:16][C:7]1([C:6]([C:5]([C:4]([C:9]([C:8]1([H:18])[H:19])([H:20])[H:21])([H:11])[C:2](=[O:1])[O:3][H:10])([H:12])[H:13])([H:14])[H:15])[H:17],20.0,11.0
11,0.05440238095238096,AM1BCC,AmberTools,,,H,,12,[H:16][C:7]1([C:6]([C:5]([C:4]([C:9]([C:8]1([H:18])[H:19])([H:20])[H:21])([H:11])[C:2](=[O:1])[O:3][H:10])([H:12])[H:13])([H:14])[H:15])[H:17],20.0,11.0
12,0.05440238095238096,AM1BCC,AmberTools,,,H,,13,[H:16][C:7]1([C:6]([C:5]([C:4]([C:9]([C:8]1([H:18])[H:19])([H:20])[H:21])([H:11])[C:2](=[O:1])[O:3][H:10])([H:12])[H:13])([H:14])[H:15])[H:17],20.0,11.0
13,0.04640238095238096,AM1BCC,AmberTools,,,H,,14,[H:16][C:7]1([C:6]([C:5]([C:4]([C:9]([C:8]1([H:18])[H:19])([H:20])[H:21])([H:11])[C:2](=[O:1])[O:3][H:10])([H:12])[H:13])([H:14])[H:15])[H:17],20.0,11.0
14,0.04640238095238096,AM1BCC,AmberTools,,,H,,15,[H:16][C:7]1([C:6]([C:5]([C:4]([C:9]([C:8]1([H:18])[H:19])([H:20])[H:21])([H:11])[C:2](=[O:1])[O:3][H:10])([H:12])[H:13])([H:14])[H:15])[H:17],20.0,11.0
15,0.04115238095238096,AM1BCC,AmberTools,,,H,,16,[H:16][C:7]1([C:6]([C:5]([C:4]([C:9]([C:8]1([H:18])[H:19])([H:20])[H:21])([H:11])[C:2](=[O:1])[O:3][H:10])([H:12])[H:13])([H:14])[H:15])[H:17],20.0,11.0
16,0.04115238095238096,AM1BCC,AmberTools,,,H,,17,[H:16][C:7]1([C:6]([C:5]([C:4]([C:9]([C:8]1([H:18])[H:19])([H:20])[H:21])([H:11])[C:2](=[O:1])[O:3][H:10])([H:12])[H:13])([H:14])[H:15])[H:17],20.0,11.0
17,0.04640238095238096,AM1BCC,AmberTools,,,H,,18,[H:16][C:7]1([C:6]([C:5]([C:4]([C:9]([C:8]1([H:18])[H:19])([H:20])[H:21])([H:11])[C:2](=[O:1])[O:3][H:10])([H:12])[H:13])([H:14])[H:15])[H:17],20.0,11.0
18,0.04640238095238096,AM1BCC,AmberTools,,,H,,19,[H:16][C:7]1([C:6]([C:5]([C:4]([C:9]([C:8]1([H:18])[H:19])([H:20])[H:21])([H:11])[C:2](=[O:1])[O:3][H:10])([H:12])[H:13])([H:14])[H:15])[H:17],20.0,11.0
19,0.05440238095238096,AM1BCC,AmberTools,,,H,,20,[H:16][C:7]1([C:6]([C:5]([C:4]([C:9]([C:8]1([H:18])[H:19])([H:20])[H:21])([H:11])[C:2](=[O:1])[O:3][H:10])([H:12])[H:13])([H:14])[H:15])[H:17],20.0,11.0
20,0.05440238095238096,AM1BCC,AmberTools,,,H,,21,[H:16][C:7]1([C:6]([C:5]([C:4]([C:9]([C:8]1([H:18])[H:19])([H:20])[H:21])([H:11])[C:2](=[O:1])[O:3][H:10])([H:12])[H:13])([H:14])[H:15])[H:17],20.0,11.0
0,-0.5521500096434638,AM1BCC,OpenEye,,,O,,1,[H:16][C:7]1([C:6]([C:5]([C:4]([C:9]([C:8]1([H:18])[H:19])([H:20])[H:21])([H:11])[C:2](=[O:1])[O:3][H:10])([H:12])[H:13])([H:14])[H:15])[H:17],20.0,12.0
1,0.6359400167351678,AM1BCC,OpenEye,,,C,,2,[H:16][C:7]1([C:6]([C:5]([C:4]([C:9]([C:8]1([H:18])[H:19])([H:20])[H:21])([H:11])[C:2](=[O:1])[O:3][H:10])([H:12])[H:13])([H:14])[H:15])[H:17],20.0,12.0
2,-0.6023200140112922,AM1BCC,OpenEye,,,O,,3,[H:16][C:7]1([C:6]([C:5]([C:4]([C:9]([C:8]1([H:18])[H:19])([H:20])[H:21])([H:11])[C:2](=[O:1])[O:3][H:10])([H:12])[H:13])([H:14])[H:15])[H:17],20.0,12.0
3,-0.10313999510946728,AM1BCC,OpenEye,,,C,,4,[H:16][C:7]1([C:6]([C:5]([C:4]([C:9]([C:8]1([H:18])[H:19])([H:20])[H:21])([H:11])[C:2](=[O:1])[O:3][H:10])([H:12])[H:13])([H:14])[H:15])[H:17],20.0,12.0
4,-0.07291000194492794,AM1BCC,OpenEye,,,C,,5,[H:16][C:7]1([C:6]([C:5]([C:4]([C:9]([C:8]1([H:18])[H:19])([H:20])[H:21])([H:11])[C:2](=[O:1])[O:3][H:10])([H:12])[H:13])([H:14])[H:15])[H:17],20.0,12.0
5,-0.0765399993175552,AM1BCC,OpenEye,,,C,,6,[H:16][C:7]1([C:6]([C:5]([C:4]([C:9]([C:8]1([H:18])[H:19])([H:20])[H:21])([H:11])[C:2](=[O:1])[O:3][H:10])([H:12])[H:13])([H:14])[H:15])[H:17],20.0,12.0
6,-0.0844999984616325,AM1BCC,OpenEye,,,C,,7,[H:16][C:7]1([C:6]([C:5]([C:4]([C:9]([C:8]1([H:18])[H:19])([H:20])[H:21])([H:11])[C:2](=[O:1])[O:3][H:10])([H:12])[H:13])([H:14])[H:15])[H:17],20.0,12.0
7,-0.0765399993175552,AM1BCC,OpenEye,,,C,,8,[H:16][C:7]1([C:6]([C:5]([C:4]([C:9]([C:8]1([H:18])[H:19])([H:20])[H:21])([H:11])[C:2](=[O:1])[O:3][H:10])([H:12])[H:13])([H:14])[H:15])[H:17],20.0,12.0
8,-0.07291000194492794,AM1BCC,OpenEye,,,C,,9,[H:16][C:7]1([C:6]([C:5]([C:4]([C:9]([C:8]1([H:18])[H:19])([H:20])[H:21])([H:11])[C:2](=[O:1])[O:3][H:10])([H:12])[H:13])([H:14])[H:15])[H:17],20.0,12.0
9,0.44183999441918875,AM1BCC,OpenEye,,,H,,10,[H:16][C:7]1([C:6]([C:5]([C:4]([C:9]([C:8]1([H:18])[H:19])([H:20])[H:21])([H:11])[C:2](=[O:1])[O:3][H:10])([H:12])[H:13])([H:14])[H:15])[H:17],20.0,12.0
10,0.07672999941167377,AM1BCC,OpenEye,,,H,,11,[H:16][C:7]1([C:6]([C:5]([C:4]([C:9]([C:8]1([H:18])[H:19])([H:20])[H:21])([H:11])[C:2](=[O:1])[O:3][H:10])([H:12])[H:13])([H:14])[H:15])[H:17],20.0,12.0
11,0.05455999963340305,AM1BCC,OpenEye,,,H,,12,[H:16][C:7]1([C:6]([C:5]([C:4]([C:9]([C:8]1([H:18])[H:19])([H:20])[H:21])([H:11])[C:2](=[O:1])[O:3][H:10])([H:12])[H:13])([H:14])[H:15])[H:17],20.0,12.0
12,0.05455999963340305,AM1BCC,OpenEye,,,H,,13,[H:16][C:7]1([C:6]([C:5]([C:4]([C:9]([C:8]1([H:18])[H:19])([H:20])[H:21])([H:11])[C:2](=[O:1])[O:3][H:10])([H:12])[H:13])([H:14])[H:15])[H:17],20.0,12.0
13,0.04193000264820598,AM1BCC,OpenEye,,,H,,14,[H:16][C:7]1([C:6]([C:5]([C:4]([C:9]([C:8]1([H:18])[H:19])([H:20])[H:21])([H:11])[C:2](=[O:1])[O:3][H:10])([H:12])[H:13])([H:14])[H:15])[H:17],20.0,12.0
14,0.04193000264820598,AM1BCC,OpenEye,,,H,,15,[H:16][C:7]1([C:6]([C:5]([C:4]([C:9]([C:8]1([H:18])[H:19])([H:20])[H:21])([H:11])[C:2](=[O:1])[O:3][H:10])([H:12])[H:13])([H:14])[H:15])[H:17],20.0,12.0
15,0.05027000002917789,AM1BCC,OpenEye,,,H,,16,[H:16][C:7]1([C:6]([C:5]([C:4]([C:9]([C:8]1([H:18])[H:19])([H:20])[H:21])([H:11])[C:2](=[O:1])[O:3][H:10])([H:12])[H:13])([H:14])[H:15])[H:17],20.0,12.0
16,0.05027000002917789,AM1BCC,OpenEye,,,H,,17,[H:16][C:7]1([C:6]([C:5]([C:4]([C:9]([C:8]1([H:18])[H:19])([H:20])[H:21])([H:11])[C:2](=[O:1])[O:3][H:10])([H:12])[H:13])([H:14])[H:15])[H:17],20.0,12.0
17,0.04193000264820598,AM1BCC,OpenEye,,,H,,18,[H:16][C:7]1([C:6]([C:5]([C:4]([C:9]([C:8]1([H:18])[H:19])([H:20])[H:21])([H:11])[C:2](=[O:1])[O:3][H:10])([H:12])[H:13])([H:14])[H:15])[H:17],20.0,12.0
18,0.04193000264820598,AM1BCC,OpenEye,,,H,,19,[H:16][C:7]1([C:6]([C:5]([C:4]([C:9]([C:8]1([H:18])[H:19])([H:20])[H:21])([H:11])[C:2](=[O:1])[O:3][H:10])([H:12])[H:13])([H:14])[H:15])[H:17],20.0,12.0
19,0.05455999963340305,AM1BCC,OpenEye,,,H,,20,[H:16][C:7]1([C:6]([C:5]([C:4]([C:9]([C:8]1([H:18])[H:19])([H:20])[H:21])([H:11])[C:2](=[O:1])[O:3][H:10])([H:12])[H:13])([H:14])[H:15])[H:17],20.0,12.0
20,0.05455999963340305,AM1BCC,OpenEye,,,H,,21,[H:16][C:7]1([C:6]([C:5]([C:4]([C:9]([C:8]1([H:18])[H:19])([H:20])[H:21])([H:11])[C:2](=[O:1])[O:3][H:10])([H:12])[H:13])([H:14])[H:15])[H:17],20.0,12.0
0,-0.551,AM1BCC,AmberTools,,,O,,1,[H:16][C:7]1([C:6]([C:5]([C:4]([C:9]([C:8]1([H:18])[H:19])([H:20])[H:21])([H:11])[C:2](=[O:1])[O:3][H:10])([H:12])[H:13])([H:14])[H:15])[H:17],20.0,12.0
1,0.6361,AM1BCC,AmberTools,,,C,,2,[H:16][C:7]1([C:6]([C:5]([C:4]([C:9]([C:8]1([H:18])[H:19])([H:20])[H:21])([H:11])[C:2](=[O:1])[O:3][H:10])([H:12])[H:13])([H:14])[H:15])[H:17],20.0,12.0
2,-0.6111,AM1BCC,AmberTools,,,O,,3,[H:16][C:7]1([C:6]([C:5]([C:4]([C:9]([C:8]1([H:18])[H:19])([H:20])[H:21])([H:11])[C:2](=[O:1])[O:3][H:10])([H:12])[H:13])([H:14])[H:15])[H:17],20.0,12.0
3,-0.1037,AM1BCC,AmberTools,,,C,,4,[H:16][C:7]1([C:6]([C:5]([C:4]([C:9]([C:8]1([H:18])[H:19])([H:20])[H:21])([H:11])[C:2](=[O:1])[O:3][H:10])([H:12])[H:13])([H:14])[H:15])[H:17],20.0,12.0
4,-0.0719,AM1BCC,AmberTools,,,C,,5,[H:16][C:7]1([C:6]([C:5]([C:4]([C:9]([C:8]1([H:18])[H:19])([H:20])[H:21])([H:11])[C:2](=[O:1])[O:3][H:10])([H:12])[H:13])([H:14])[H:15])[H:17],20.0,12.0
5,-0.0784,AM1BCC,AmberTools,,,C,,6,[H:16][C:7]1([C:6]([C:5]([C:4]([C:9]([C:8]1([H:18])[H:19])([H:20])[H:21])([H:11])[C:2](=[O:1])[O:3][H:10])([H:12])[H:13])([H:14])[H:15])[H:17],20.0,12.0
6,-0.0774,AM1BCC,AmberTools,,,C,,7,[H:16][C:7]1([C:6]([C:5]([C:4]([C:9]([C:8]1([H:18])[H:19])([H:20])[H:21])([H:11])[C:2](=[O:1])[O:3][H:10])([H:12])[H:13])([H:14])[H:15])[H:17],20.0,12.0
7,-0.0784,AM1BCC,AmberTools,,,C,,8,[H:16][C:7]1([C:6]([C:5]([C:4]([C:9]([C:8]1([H:18])[H:19])([H:20])[H:21])([H:11])[C:2](=[O:1])[O:3][H:10])([H:12])[H:13])([H:14])[H:15])[H:17],20.0,12.0
8,-0.0719,AM1BCC,AmberTools,,,C,,9,[H:16][C:7]1([C:6]([C:5]([C:4]([C:9]([C:8]1([H:18])[H:19])([H:20])[H:21])([H:11])[C:2](=[O:1])[O:3][H:10])([H:12])[H:13])([H:14])[H:15])[H:17],20.0,12.0
9,0.442,AM1BCC,AmberTools,,,H,,10,[H:16][C:7]1([C:6]([C:5]([C:4]([C:9]([C:8]1([H:18])[H:19])([H:20])[H:21])([H:11])[C:2](=[O:1])[O:3][H:10])([H:12])[H:13])([H:14])[H:15])[H:17],20.0,12.0
10,0.0807,AM1BCC,AmberTools,,,H,,11,[H:16][C:7]1([C:6]([C:5]([C:4]([C:9]([C:8]1([H:18])[H:19])([H:20])[H:21])([H:11])[C:2](=[O:1])[O:3][H:10])([H:12])[H:13])([H:14])[H:15])[H:17],20.0,12.0
11,0.05445,AM1BCC,AmberTools,,,H,,12,[H:16][C:7]1([C:6]([C:5]([C:4]([C:9]([C:8]1([H:18])[H:19])([H:20])[H:21])([H:11])[C:2](=[O:1])[O:3][H:10])([H:12])[H:13])([H:14])[H:15])[H:17],20.0,12.0
12,0.05445,AM1BCC,AmberTools,,,H,,13,[H:16][C:7]1([C:6]([C:5]([C:4]([C:9]([C:8]1([H:18])[H:19])([H:20])[H:21])([H:11])[C:2](=[O:1])[O:3][H:10])([H:12])[H:13])([H:14])[H:15])[H:17],20.0,12.0
13,0.0462,AM1BCC,AmberTools,,,H,,14,[H:16][C:7]1([C:6]([C:5]([C:4]([C:9]([C:8]1([H:18])[H:19])([H:20])[H:21])([H:11])[C:2](=[O:1])[O:3][H:10])([H:12])[H:13])([H:14])[H:15])[H:17],20.0,12.0
14,0.0462,AM1BCC,AmberTools,,,H,,15,[H:16][C:7]1([C:6]([C:5]([C:4]([C:9]([C:8]1([H:18])[H:19])([H:20])[H:21])([H:11])[C:2](=[O:1])[O:3][H:10])([H:12])[H:13])([H:14])[H:15])[H:17],20.0,12.0
15,0.0412,AM1BCC,AmberTools,,,H,,16,[H:16][C:7]1([C:6]([C:5]([C:4]([C:9]([C:8]1([H:18])[H:19])([H:20])[H:21])([H:11])[C:2](=[O:1])[O:3][H:10])([H:12])[H:13])([H:14])[H:15])[H:17],20.0,12.0
16,0.0412,AM1BCC,AmberTools,,,H,,17,[H:16][C:7]1([C:6]([C:5]([C:4]([C:9]([C:8]1([H:18])[H:19])([H:20])[H:21])([H:11])[C:2](=[O:1])[O:3][H:10])([H:12])[H:13])([H:14])[H:15])[H:17],20.0,12.0
17,0.0462,AM1BCC,AmberTools,,,H,,18,[H:16][C:7]1([C:6]([C:5]([C:4]([C:9]([C:8]1([H:18])[H:19])([H:20])[H:21])([H:11])[C:2](=[O:1])[O:3][H:10])([H:12])[H:13])([H:14])[H:15])[H:17],20.0,12.0
18,0.0462,AM1BCC,AmberTools,,,H,,19,[H:16][C:7]1([C:6]([C:5]([C:4]([C:9]([C:8]1([H:18])[H:19])([H:20])[H:21])([H:11])[C:2](=[O:1])[O:3][H:10])([H:12])[H:13])([H:14])[H:15])[H:17],20.0,12.0
19,0.05445,AM1BCC,AmberTools,,,H,,20,[H:16][C:7]1([C:6]([C:5]([C:4]([C:9]([C:8]1([H:18])[H:19])([H:20])[H:21])([H:11])[C:2](=[O:1])[O:3][H:10])([H:12])[H:13])([H:14])[H:15])[H:17],20.0,12.0
20,0.05445,AM1BCC,AmberTools,,,H,,21,[H:16][C:7]1([C:6]([C:5]([C:4]([C:9]([C:8]1([H:18])[H:19])([H:20])[H:21])([H:11])[C:2](=[O:1])[O:3][H:10])([H:12])[H:13])([H:14])[H:15])[H:17],20.0,12.0
0,-0.5516600030518714,AM1BCC,OpenEye,,,O,,1,[H:16][C:7]1([C:6]([C:5]([C:4]([C:9]([C:8]1([H:18])[H:19])([H:20])[H:21])([H:11])[C:2](=[O:1])[O:3][H:10])([H:12])[H:13])([H:14])[H:15])[H:17],21.0,1.0
1,0.6338800174139795,AM1BCC,OpenEye,,,C,,2,[H:16][C:7]1([C:6]([C:5]([C:4]([C:9]([C:8]1([H:18])[H:19])([H:20])[H:21])([H:11])[C:2](=[O:1])[O:3][H:10])([H:12])[H:13])([H:14])[H:15])[H:17],21.0,1.0
2,-0.6023799794770422,AM1BCC,OpenEye,,,O,,3,[H:16][C:7]1([C:6]([C:5]([C:4]([C:9]([C:8]1([H:18])[H:19])([H:20])[H:21])([H:11])[C:2](=[O:1])[O:3][H:10])([H:12])[H:13])([H:14])[H:15])[H:17],21.0,1.0
3,-0.1068800034977141,AM1BCC,OpenEye,,,C,,4,[H:16][C:7]1([C:6]([C:5]([C:4]([C:9]([C:8]1([H:18])[H:19])([H:20])[H:21])([H:11])[C:2](=[O:1])[O:3][H:10])([H:12])[H:13])([H:14])[H:15])[H:17],21.0,1.0
4,-0.07033000318776994,AM1BCC,OpenEye,,,C,,5,[H:16][C:7]1([C:6]([C:5]([C:4]([C:9]([C:8]1([H:18])[H:19])([H:20])[H:21])([H:11])[C:2](=[O:1])[O:3][H:10])([H:12])[H:13])([H:14])[H:15])[H:17],21.0,1.0
5,-0.07729999898445039,AM1BCC,OpenEye,,,C,,6,[H:16][C:7]1([C:6]([C:5]([C:4]([C:9]([C:8]1([H:18])[H:19])([H:20])[H:21])([H:11])[C:2](=[O:1])[O:3][H:10])([H:12])[H:13])([H:14])[H:15])[H:17],21.0,1.0
6,-0.08020000337135225,AM1BCC,OpenEye,,,C,,7,[H:16][C:7]1([C:6]([C:5]([C:4]([C:9]([C:8]1([H:18])[H:19])([H:20])[H:21])([H:11])[C:2](=[O:1])[O:3][H:10])([H:12])[H:13])([H:14])[H:15])[H:17],21.0,1.0
7,-0.07729999898445039,AM1BCC,OpenEye,,,C,,8,[H:16][C:7]1([C:6]([C:5]([C:4]([C:9]([C:8]1([H:18])[H:19])([H:20])[H:21])([H:11])[C:2](=[O:1])[O:3][H:10])([H:12])[H:13])([H:14])[H:15])[H:17],21.0,1.0
8,-0.07033000318776994,AM1BCC,OpenEye,,,C,,9,[H:16][C:7]1([C:6]([C:5]([C:4]([C:9]([C:8]1([H:18])[H:19])([H:20])[H:21])([H:11])[C:2](=[O:1])[O:3][H:10])([H:12])[H:13])([H:14])[H:15])[H:17],21.0,1.0
9,0.44225999535549254,AM1BCC,OpenEye,,,H,,10,[H:16][C:7]1([C:6]([C:5]([C:4]([C:9]([C:8]1([H:18])[H:19])([H:20])[H:21])([H:11])[C:2](=[O:1])[O:3][H:10])([H:12])[H:13])([H:14])[H:15])[H:17],21.0,1.0
10,0.08209999473322005,AM1BCC,OpenEye,,,H,,11,[H:16][C:7]1([C:6]([C:5]([C:4]([C:9]([C:8]1([H:18])[H:19])([H:20])[H:21])([H:11])[C:2](=[O:1])[O:3][H:10])([H:12])[H:13])([H:14])[H:15])[H:17],21.0,1.0
11,0.05476999850500198,AM1BCC,OpenEye,,,H,,12,[H:16][C:7]1([C:6]([C:5]([C:4]([C:9]([C:8]1([H:18])[H:19])([H:20])[H:21])([H:11])[C:2](=[O:1])[O:3][H:10])([H:12])[H:13])([H:14])[H:15])[H:17],21.0,1.0
12,0.05476999850500198,AM1BCC,OpenEye,,,H,,13,[H:16][C:7]1([C:6]([C:5]([C:4]([C:9]([C:8]1([H:18])[H:19])([H:20])[H:21])([H:11])[C:2](=[O:1])[O:3][H:10])([H:12])[H:13])([H:14])[H:15])[H:17],21.0,1.0
13,0.04382999809015365,AM1BCC,OpenEye,,,H,,14,[H:16][C:7]1([C:6]([C:5]([C:4]([C:9]([C:8]1([H:18])[H:19])([H:20])[H:21])([H:11])[C:2](=[O:1])[O:3][H:10])([H:12])[H:13])([H:14])[H:15])[H:17],21.0,1.0
14,0.04382999809015365,AM1BCC,OpenEye,,,H,,15,[H:16][C:7]1([C:6]([C:5]([C:4]([C:9]([C:8]1([H:18])[H:19])([H:20])[H:21])([H:11])[C:2](=[O:1])[O:3][H:10])([H:12])[H:13])([H:14])[H:15])[H:17],21.0,1.0
15,0.04186999992955299,AM1BCC,OpenEye,,,H,,16,[H:16][C:7]1([C:6]([C:5]([C:4]([C:9]([C:8]1([H:18])[H:19])([H:20])[H:21])([H:11])[C:2](=[O:1])[O:3][H:10])([H:12])[H:13])([H:14])[H:15])[H:17],21.0,1.0
16,0.04186999992955299,AM1BCC,OpenEye,,,H,,17,[H:16][C:7]1([C:6]([C:5]([C:4]([C:9]([C:8]1([H:18])[H:19])([H:20])[H:21])([H:11])[C:2](=[O:1])[O:3][H:10])([H:12])[H:13])([H:14])[H:15])[H:17],21.0,1.0
17,0.04382999809015365,AM1BCC,OpenEye,,,H,,18,[H:16][C:7]1([C:6]([C:5]([C:4]([C:9]([C:8]1([H:18])[H:19])([H:20])[H:21])([H:11])[C:2](=[O:1])[O:3][H:10])([H:12])[H:13])([H:14])[H:15])[H:17],21.0,1.0
18,0.04382999809015365,AM1BCC,OpenEye,,,H,,19,[H:16][C:7]1([C:6]([C:5]([C:4]([C:9]([C:8]1([H:18])[H:19])([H:20])[H:21])([H:11])[C:2](=[O:1])[O:3][H:10])([H:12])[H:13])([H:14])[H:15])[H:17],21.0,1.0
19,0.05476999850500198,AM1BCC,OpenEye,,,H,,20,[H:16][C:7]1([C:6]([C:5]([C:4]([C:9]([C:8]1([H:18])[H:19])([H:20])[H:21])([H:11])[C:2](=[O:1])[O:3][H:10])([H:12])[H:13])([H:14])[H:15])[H:17],21.0,1.0
20,0.05476999850500198,AM1BCC,OpenEye,,,H,,21,[H:16][C:7]1([C:6]([C:5]([C:4]([C:9]([C:8]1([H:18])[H:19])([H:20])[H:21])([H:11])[C:2](=[O:1])[O:3][H:10])([H:12])[H:13])([H:14])[H:15])[H:17],21.0,1.0
0,-0.5510476190476191,AM1BCC,AmberTools,,,O,,1,[H:16][C:7]1([C:6]([C:5]([C:4]([C:9]([C:8]1([H:18])[H:19])([H:20])[H:21])([H:11])[C:2](=[O:1])[O:3][H:10])([H:12])[H:13])([H:14])[H:15])[H:17],21.0,1.0
1,0.6360523809523809,AM1BCC,AmberTools,,,C,,2,[H:16][C:7]1([C:6]([C:5]([C:4]([C:9]([C:8]1([H:18])[H:19])([H:20])[H:21])([H:11])[C:2](=[O:1])[O:3][H:10])([H:12])[H:13])([H:14])[H:15])[H:17],21.0,1.0
2,-0.610147619047619,AM1BCC,AmberTools,,,O,,3,[H:16][C:7]1([C:6]([C:5]([C:4]([C:9]([C:8]1([H:18])[H:19])([H:20])[H:21])([H:11])[C:2](=[O:1])[O:3][H:10])([H:12])[H:13])([H:14])[H:15])[H:17],21.0,1.0
3,-0.10374761904761905,AM1BCC,AmberTools,,,C,,4,[H:16][C:7]1([C:6]([C:5]([C:4]([C:9]([C:8]1([H:18])[H:19])([H:20])[H:21])([H:11])[C:2](=[O:1])[O:3][H:10])([H:12])[H:13])([H:14])[H:15])[H:17],21.0,1.0
4,-0.07394761904761904,AM1BCC,AmberTools,,,C,,5,[H:16][C:7]1([C:6]([C:5]([C:4]([C:9]([C:8]1([H:18])[H:19])([H:20])[H:21])([H:11])[C:2](=[O:1])[O:3][H:10])([H:12])[H:13])([H:14])[H:15])[H:17],21.0,1.0
5,-0.07544761904761904,AM1BCC,AmberTools,,,C,,6,[H:16][C:7]1([C:6]([C:5]([C:4]([C:9]([C:8]1([H:18])[H:19])([H:20])[H:21])([H:11])[C:2](=[O:1])[O:3][H:10])([H:12])[H:13])([H:14])[H:15])[H:17],21.0,1.0
6,-0.07944761904761904,AM1BCC,AmberTools,,,C,,7,[H:16][C:7]1([C:6]([C:5]([C:4]([C:9]([C:8]1([H:18])[H:19])([H:20])[H:21])([H:11])[C:2](=[O:1])[O:3][H:10])([H:12])[H:13])([H:14])[H:15])[H:17],21.0,1.0
7,-0.07544761904761904,AM1BCC,AmberTools,,,C,,8,[H:16][C:7]1([C:6]([C:5]([C:4]([C:9]([C:8]1([H:18])[H:19])([H:20])[H:21])([H:11])[C:2](=[O:1])[O:3][H:10])([H:12])[H:13])([H:14])[H:15])[H:17],21.0,1.0
8,-0.07394761904761904,AM1BCC,AmberTools,,,C,,9,[H:16][C:7]1([C:6]([C:5]([C:4]([C:9]([C:8]1([H:18])[H:19])([H:20])[H:21])([H:11])[C:2](=[O:1])[O:3][H:10])([H:12])[H:13])([H:14])[H:15])[H:17],21.0,1.0
9,0.441952380952381,AM1BCC,AmberTools,,,H,,10,[H:16][C:7]1([C:6]([C:5]([C:4]([C:9]([C:8]1([H:18])[H:19])([H:20])[H:21])([H:11])[C:2](=[O:1])[O:3][H:10])([H:12])[H:13])([H:14])[H:15])[H:17],21.0,1.0
10,0.08265238095238095,AM1BCC,AmberTools,,,H,,11,[H:16][C:7]1([C:6]([C:5]([C:4]([C:9]([C:8]1([H:18])[H:19])([H:20])[H:21])([H:11])[C:2](=[O:1])[O:3][H:10])([H:12])[H:13])([H:14])[H:15])[H:17],21.0,1.0
11,0.05515238095238096,AM1BCC,AmberTools,,,H,,12,[H:16][C:7]1([C:6]([C:5]([C:4]([C:9]([C:8]1([H:18])[H:19])([H:20])[H:21])([H:11])[C:2](=[O:1])[O:3][H:10])([H:12])[H:13])([H:14])[H:15])[H:17],21.0,1.0
12,0.05515238095238096,AM1BCC,AmberTools,,,H,,13,[H:16][C:7]1([C:6]([C:5]([C:4]([C:9]([C:8]1([H:18])[H:19])([H:20])[H:21])([H:11])[C:2](=[O:1])[O:3][H:10])([H:12])[H:13])([H:14])[H:15])[H:17],21.0,1.0
13,0.044402380952380964,AM1BCC,AmberTools,,,H,,14,[H:16][C:7]1([C:6]([C:5]([C:4]([C:9]([C:8]1([H:18])[H:19])([H:20])[H:21])([H:11])[C:2](=[O:1])[O:3][H:10])([H:12])[H:13])([H:14])[H:15])[H:17],21.0,1.0
14,0.044402380952380964,AM1BCC,AmberTools,,,H,,15,[H:16][C:7]1([C:6]([C:5]([C:4]([C:9]([C:8]1([H:18])[H:19])([H:20])[H:21])([H:11])[C:2](=[O:1])[O:3][H:10])([H:12])[H:13])([H:14])[H:15])[H:17],21.0,1.0
15,0.04215238095238096,AM1BCC,AmberTools,,,H,,16,[H:16][C:7]1([C:6]([C:5]([C:4]([C:9]([C:8]1([H:18])[H:19])([H:20])[H:21])([H:11])[C:2](=[O:1])[O:3][H:10])([H:12])[H:13])([H:14])[H:15])[H:17],21.0,1.0
16,0.04215238095238096,AM1BCC,AmberTools,,,H,,17,[H:16][C:7]1([C:6]([C:5]([C:4]([C:9]([C:8]1([H:18])[H:19])([H:20])[H:21])([H:11])[C:2](=[O:1])[O:3][H:10])([H:12])[H:13])([H:14])[H:15])[H:17],21.0,1.0
17,0.044402380952380964,AM1BCC,AmberTools,,,H,,18,[H:16][C:7]1([C:6]([C:5]([C:4]([C:9]([C:8]1([H:18])[H:19])([H:20])[H:21])([H:11])[C:2](=[O:1])[O:3][H:10])([H:12])[H:13])([H:14])[H:15])[H:17],21.0,1.0
18,0.044402380952380964,AM1BCC,AmberTools,,,H,,19,[H:16][C:7]1([C:6]([C:5]([C:4]([C:9]([C:8]1([H:18])[H:19])([H:20])[H:21])([H:11])[C:2](=[O:1])[O:3][H:10])([H:12])[H:13])([H:14])[H:15])[H:17],21.0,1.0
19,0.05515238095238096,AM1BCC,AmberTools,,,H,,20,[H:16][C:7]1([C:6]([C:5]([C:4]([C:9]([C:8]1([H:18])[H:19])([H:20])[H:21])([H:11])[C:2](=[O:1])[O:3][H:10])([H:12])[H:13])([H:14])[H:15])[H:17],21.0,1.0
20,0.05515238095238096,AM1BCC,AmberTools,,,H,,21,[H:16][C:7]1([C:6]([C:5]([C:4]([C:9]([C:8]1([H:18])[H:19])([H:20])[H:21])([H:11])[C:2](=[O:1])[O:3][H:10])([H:12])[H:13])([H:14])[H:15])[H:17],21.0,1.0
0,-0.5516600030518714,AM1BCC,OpenEye,,,O,,1,[H:16][C:7]1([C:6]([C:5]([C:4]([C:9]([C:8]1([H:18])[H:19])([H:20])[H:21])([H:11])[C:2](=[O:1])[O:3][H:10])([H:12])[H:13])([H:14])[H:15])[H:17],21.0,2.0
1,0.6338800174139795,AM1BCC,OpenEye,,,C,,2,[H:16][C:7]1([C:6]([C:5]([C:4]([C:9]([C:8]1([H:18])[H:19])([H:20])[H:21])([H:11])[C:2](=[O:1])[O:3][H:10])([H:12])[H:13])([H:14])[H:15])[H:17],21.0,2.0
2,-0.6023799794770422,AM1BCC,OpenEye,,,O,,3,[H:16][C:7]1([C:6]([C:5]([C:4]([C:9]([C:8]1([H:18])[H:19])([H:20])[H:21])([H:11])[C:2](=[O:1])[O:3][H:10])([H:12])[H:13])([H:14])[H:15])[H:17],21.0,2.0
3,-0.1068800034977141,AM1BCC,OpenEye,,,C,,4,[H:16][C:7]1([C:6]([C:5]([C:4]([C:9]([C:8]1([H:18])[H:19])([H:20])[H:21])([H:11])[C:2](=[O:1])[O:3][H:10])([H:12])[H:13])([H:14])[H:15])[H:17],21.0,2.0
4,-0.07033000318776994,AM1BCC,OpenEye,,,C,,5,[H:16][C:7]1([C:6]([C:5]([C:4]([C:9]([C:8]1([H:18])[H:19])([H:20])[H:21])([H:11])[C:2](=[O:1])[O:3][H:10])([H:12])[H:13])([H:14])[H:15])[H:17],21.0,2.0
5,-0.07729999898445039,AM1BCC,OpenEye,,,C,,6,[H:16][C:7]1([C:6]([C:5]([C:4]([C:9]([C:8]1([H:18])[H:19])([H:20])[H:21])([H:11])[C:2](=[O:1])[O:3][H:10])([H:12])[H:13])([H:14])[H:15])[H:17],21.0,2.0
6,-0.08020000337135225,AM1BCC,OpenEye,,,C,,7,[H:16][C:7]1([C:6]([C:5]([C:4]([C:9]([C:8]1([H:18])[H:19])([H:20])[H:21])([H:11])[C:2](=[O:1])[O:3][H:10])([H:12])[H:13])([H:14])[H:15])[H:17],21.0,2.0
7,-0.07729999898445039,AM1BCC,OpenEye,,,C,,8,[H:16][C:7]1([C:6]([C:5]([C:4]([C:9]([C:8]1([H:18])[H:19])([H:20])[H:21])([H:11])[C:2](=[O:1])[O:3][H:10])([H:12])[H:13])([H:14])[H:15])[H:17],21.0,2.0
8,-0.07033000318776994,AM1BCC,OpenEye,,,C,,9,[H:16][C:7]1([C:6]([C:5]([C:4]([C:9]([C:8]1([H:18])[H:19])([H:20])[H:21])([H:11])[C:2](=[O:1])[O:3][H:10])([H:12])[H:13])([H:14])[H:15])[H:17],21.0,2.0
9,0.44225999535549254,AM1BCC,OpenEye,,,H,,10,[H:16][C:7]1([C:6]([C:5]([C:4]([C:9]([C:8]1([H:18])[H:19])([H:20])[H:21])([H:11])[C:2](=[O:1])[O:3][H:10])([H:12])[H:13])([H:14])[H:15])[H:17],21.0,2.0
10,0.08209999473322005,AM1BCC,OpenEye,,,H,,11,[H:16][C:7]1([C:6]([C:5]([C:4]([C:9]([C:8]1([H:18])[H:19])([H:20])[H:21])([H:11])[C:2](=[O:1])[O:3][H:10])([H:12])[H:13])([H:14])[H:15])[H:17],21.0,2.0
11,0.05476999850500198,AM1BCC,OpenEye,,,H,,12,[H:16][C:7]1([C:6]([C:5]([C:4]([C:9]([C:8]1([H:18])[H:19])([H:20])[H:21])([H:11])[C:2](=[O:1])[O:3][H:10])([H:12])[H:13])([H:14])[H:15])[H:17],21.0,2.0
12,0.05476999850500198,AM1BCC,OpenEye,,,H,,13,[H:16][C:7]1([C:6]([C:5]([C:4]([C:9]([C:8]1([H:18])[H:19])([H:20])[H:21])([H:11])[C:2](=[O:1])[O:3][H:10])([H:12])[H:13])([H:14])[H:15])[H:17],21.0,2.0
13,0.04382999809015365,AM1BCC,OpenEye,,,H,,14,[H:16][C:7]1([C:6]([C:5]([C:4]([C:9]([C:8]1([H:18])[H:19])([H:20])[H:21])([H:11])[C:2](=[O:1])[O:3][H:10])([H:12])[H:13])([H:14])[H:15])[H:17],21.0,2.0
14,0.04382999809015365,AM1BCC,OpenEye,,,H,,15,[H:16][C:7]1([C:6]([C:5]([C:4]([C:9]([C:8]1([H:18])[H:19])([H:20])[H:21])([H:11])[C:2](=[O:1])[O:3][H:10])([H:12])[H:13])([H:14])[H:15])[H:17],21.0,2.0
15,0.04186999992955299,AM1BCC,OpenEye,,,H,,16,[H:16][C:7]1([C:6]([C:5]([C:4]([C:9]([C:8]1([H:18])[H:19])([H:20])[H:21])([H:11])[C:2](=[O:1])[O:3][H:10])([H:12])[H:13])([H:14])[H:15])[H:17],21.0,2.0
16,0.04186999992955299,AM1BCC,OpenEye,,,H,,17,[H:16][C:7]1([C:6]([C:5]([C:4]([C:9]([C:8]1([H:18])[H:19])([H:20])[H:21])([H:11])[C:2](=[O:1])[O:3][H:10])([H:12])[H:13])([H:14])[H:15])[H:17],21.0,2.0
17,0.04382999809015365,AM1BCC,OpenEye,,,H,,18,[H:16][C:7]1([C:6]([C:5]([C:4]([C:9]([C:8]1([H:18])[H:19])([H:20])[H:21])([H:11])[C:2](=[O:1])[O:3][H:10])([H:12])[H:13])([H:14])[H:15])[H:17],21.0,2.0
18,0.04382999809015365,AM1BCC,OpenEye,,,H,,19,[H:16][C:7]1([C:6]([C:5]([C:4]([C:9]([C:8]1([H:18])[H:19])([H:20])[H:21])([H:11])[C:2](=[O:1])[O:3][H:10])([H:12])[H:13])([H:14])[H:15])[H:17],21.0,2.0
19,0.05476999850500198,AM1BCC,OpenEye,,,H,,20,[H:16][C:7]1([C:6]([C:5]([C:4]([C:9]([C:8]1([H:18])[H:19])([H:20])[H:21])([H:11])[C:2](=[O:1])[O:3][H:10])([H:12])[H:13])([H:14])[H:15])[H:17],21.0,2.0
20,0.05476999850500198,AM1BCC,OpenEye,,,H,,21,[H:16][C:7]1([C:6]([C:5]([C:4]([C:9]([C:8]1([H:18])[H:19])([H:20])[H:21])([H:11])[C:2](=[O:1])[O:3][H:10])([H:12])[H:13])([H:14])[H:15])[H:17],21.0,2.0
0,-0.5510476190476191,AM1BCC,AmberTools,,,O,,1,[H:16][C:7]1([C:6]([C:5]([C:4]([C:9]([C:8]1([H:18])[H:19])([H:20])[H:21])([H:11])[C:2](=[O:1])[O:3][H:10])([H:12])[H:13])([H:14])[H:15])[H:17],21.0,2.0
1,0.6360523809523809,AM1BCC,AmberTools,,,C,,2,[H:16][C:7]1([C:6]([C:5]([C:4]([C:9]([C:8]1([H:18])[H:19])([H:20])[H:21])([H:11])[C:2](=[O:1])[O:3][H:10])([H:12])[H:13])([H:14])[H:15])[H:17],21.0,2.0
2,-0.610147619047619,AM1BCC,AmberTools,,,O,,3,[H:16][C:7]1([C:6]([C:5]([C:4]([C:9]([C:8]1([H:18])[H:19])([H:20])[H:21])([H:11])[C:2](=[O:1])[O:3][H:10])([H:12])[H:13])([H:14])[H:15])[H:17],21.0,2.0
3,-0.10374761904761905,AM1BCC,AmberTools,,,C,,4,[H:16][C:7]1([C:6]([C:5]([C:4]([C:9]([C:8]1([H:18])[H:19])([H:20])[H:21])([H:11])[C:2](=[O:1])[O:3][H:10])([H:12])[H:13])([H:14])[H:15])[H:17],21.0,2.0
4,-0.07394761904761904,AM1BCC,AmberTools,,,C,,5,[H:16][C:7]1([C:6]([C:5]([C:4]([C:9]([C:8]1([H:18])[H:19])([H:20])[H:21])([H:11])[C:2](=[O:1])[O:3][H:10])([H:12])[H:13])([H:14])[H:15])[H:17],21.0,2.0
5,-0.07544761904761904,AM1BCC,AmberTools,,,C,,6,[H:16][C:7]1([C:6]([C:5]([C:4]([C:9]([C:8]1([H:18])[H:19])([H:20])[H:21])([H:11])[C:2](=[O:1])[O:3][H:10])([H:12])[H:13])([H:14])[H:15])[H:17],21.0,2.0
6,-0.07944761904761904,AM1BCC,AmberTools,,,C,,7,[H:16][C:7]1([C:6]([C:5]([C:4]([C:9]([C:8]1([H:18])[H:19])([H:20])[H:21])([H:11])[C:2](=[O:1])[O:3][H:10])([H:12])[H:13])([H:14])[H:15])[H:17],21.0,2.0
7,-0.07544761904761904,AM1BCC,AmberTools,,,C,,8,[H:16][C:7]1([C:6]([C:5]([C:4]([C:9]([C:8]1([H:18])[H:19])([H:20])[H:21])([H:11])[C:2](=[O:1])[O:3][H:10])([H:12])[H:13])([H:14])[H:15])[H:17],21.0,2.0
8,-0.07394761904761904,AM1BCC,AmberTools,,,C,,9,[H:16][C:7]1([C:6]([C:5]([C:4]([C:9]([C:8]1([H:18])[H:19])([H:20])[H:21])([H:11])[C:2](=[O:1])[O:3][H:10])([H:12])[H:13])([H:14])[H:15])[H:17],21.0,2.0
9,0.441952380952381,AM1BCC,AmberTools,,,H,,10,[H:16][C:7]1([C:6]([C:5]([C:4]([C:9]([C:8]1([H:18])[H:19])([H:20])[H:21])([H:11])[C:2](=[O:1])[O:3][H:10])([H:12])[H:13])([H:14])[H:15])[H:17],21.0,2.0
10,0.08265238095238095,AM1BCC,AmberTools,,,H,,11,[H:16][C:7]1([C:6]([C:5]([C:4]([C:9]([C:8]1([H:18])[H:19])([H:20])[H:21])([H:11])[C:2](=[O:1])[O:3][H:10])([H:12])[H:13])([H:14])[H:15])[H:17],21.0,2.0
11,0.05515238095238096,AM1BCC,AmberTools,,,H,,12,[H:16][C:7]1([C:6]([C:5]([C:4]([C:9]([C:8]1([H:18])[H:19])([H:20])[H:21])([H:11])[C:2](=[O:1])[O:3][H:10])([H:12])[H:13])([H:14])[H:15])[H:17],21.0,2.0
12,0.05515238095238096,AM1BCC,AmberTools,,,H,,13,[H:16][C:7]1([C:6]([C:5]([C:4]([C:9]([C:8]1([H:18])[H:19])([H:20])[H:21])([H:11])[C:2](=[O:1])[O:3][H:10])([H:12])[H:13])([H:14])[H:15])[H:17],21.0,2.0
13,0.044402380952380964,AM1BCC,AmberTools,,,H,,14,[H:16][C:7]1([C:6]([C:5]([C:4]([C:9]([C:8]1([H:18])[H:19])([H:20])[H:21])([H:11])[C:2](=[O:1])[O:3][H:10])([H:12])[H:13])([H:14])[H:15])[H:17],21.0,2.0
14,0.044402380952380964,AM1BCC,AmberTools,,,H,,15,[H:16][C:7]1([C:6]([C:5]([C:4]([C:9]([C:8]1([H:18])[H:19])([H:20])[H:21])([H:11])[C:2](=[O:1])[O:3][H:10])([H:12])[H:13])([H:14])[H:15])[H:17],21.0,2.0
15,0.04215238095238096,AM1BCC,AmberTools,,,H,,16,[H:16][C:7]1([C:6]([C:5]([C:4]([C:9]([C:8]1([H:18])[H:19])([H:20])[H:21])([H:11])[C:2](=[O:1])[O:3][H:10])([H:12])[H:13])([H:14])[H:15])[H:17],21.0,2.0
16,0.04215238095238096,AM1BCC,AmberTools,,,H,,17,[H:16][C:7]1([C:6]([C:5]([C:4]([C:9]([C:8]1([H:18])[H:19])([H:20])[H:21])([H:11])[C:2](=[O:1])[O:3][H:10])([H:12])[H:13])([H:14])[H:15])[H:17],21.0,2.0
17,0.044402380952380964,AM1BCC,AmberTools,,,H,,18,[H:16][C:7]1([C:6]([C:5]([C:4]([C:9]([C:8]1([H:18])[H:19])([H:20])[H:21])([H:11])[C:2](=[O:1])[O:3][H:10])([H:12])[H:13])([H:14])[H:15])[H:17],21.0,2.0
18,0.044402380952380964,AM1BCC,AmberTools,,,H,,19,[H:16][C:7]1([C:6]([C:5]([C:4]([C:9]([C:8]1([H:18])[H:19])([H:20])[H:21])([H:11])[C:2](=[O:1])[O:3][H:10])([H:12])[H:13])([H:14])[H:15])[H:17],21.0,2.0
19,0.05515238095238096,AM1BCC,AmberTools,,,H,,20,[H:16][C:7]1([C:6]([C:5]([C:4]([C:9]([C:8]1([H:18])[H:19])([H:20])[H:21])([H:11])[C:2](=[O:1])[O:3][H:10])([H:12])[H:13])([H:14])[H:15])[H:17],21.0,2.0
20,0.05515238095238096,AM1BCC,AmberTools,,,H,,21,[H:16][C:7]1([C:6]([C:5]([C:4]([C:9]([C:8]1([H:18])[H:19])([H:20])[H:21])([H:11])[C:2](=[O:1])[O:3][H:10])([H:12])[H:13])([H:14])[H:15])[H:17],21.0,2.0
0,-0.5516600030518714,AM1BCC,OpenEye,,,O,,1,[H:16][C:7]1([C:6]([C:5]([C:4]([C:9]([C:8]1([H:18])[H:19])([H:20])[H:21])([H:11])[C:2](=[O:1])[O:3][H:10])([H:12])[H:13])([H:14])[H:15])[H:17],21.0,3.0
1,0.6338800174139795,AM1BCC,OpenEye,,,C,,2,[H:16][C:7]1([C:6]([C:5]([C:4]([C:9]([C:8]1([H:18])[H:19])([H:20])[H:21])([H:11])[C:2](=[O:1])[O:3][H:10])([H:12])[H:13])([H:14])[H:15])[H:17],21.0,3.0
2,-0.6023799794770422,AM1BCC,OpenEye,,,O,,3,[H:16][C:7]1([C:6]([C:5]([C:4]([C:9]([C:8]1([H:18])[H:19])([H:20])[H:21])([H:11])[C:2](=[O:1])[O:3][H:10])([H:12])[H:13])([H:14])[H:15])[H:17],21.0,3.0
3,-0.1068800034977141,AM1BCC,OpenEye,,,C,,4,[H:16][C:7]1([C:6]([C:5]([C:4]([C:9]([C:8]1([H:18])[H:19])([H:20])[H:21])([H:11])[C:2](=[O:1])[O:3][H:10])([H:12])[H:13])([H:14])[H:15])[H:17],21.0,3.0
4,-0.07033000318776994,AM1BCC,OpenEye,,,C,,5,[H:16][C:7]1([C:6]([C:5]([C:4]([C:9]([C:8]1([H:18])[H:19])([H:20])[H:21])([H:11])[C:2](=[O:1])[O:3][H:10])([H:12])[H:13])([H:14])[H:15])[H:17],21.0,3.0
5,-0.07729999898445039,AM1BCC,OpenEye,,,C,,6,[H:16][C:7]1([C:6]([C:5]([C:4]([C:9]([C:8]1([H:18])[H:19])([H:20])[H:21])([H:11])[C:2](=[O:1])[O:3][H:10])([H:12])[H:13])([H:14])[H:15])[H:17],21.0,3.0
6,-0.08020000337135225,AM1BCC,OpenEye,,,C,,7,[H:16][C:7]1([C:6]([C:5]([C:4]([C:9]([C:8]1([H:18])[H:19])([H:20])[H:21])([H:11])[C:2](=[O:1])[O:3][H:10])([H:12])[H:13])([H:14])[H:15])[H:17],21.0,3.0
7,-0.07729999898445039,AM1BCC,OpenEye,,,C,,8,[H:16][C:7]1([C:6]([C:5]([C:4]([C:9]([C:8]1([H:18])[H:19])([H:20])[H:21])([H:11])[C:2](=[O:1])[O:3][H:10])([H:12])[H:13])([H:14])[H:15])[H:17],21.0,3.0
8,-0.07033000318776994,AM1BCC,OpenEye,,,C,,9,[H:16][C:7]1([C:6]([C:5]([C:4]([C:9]([C:8]1([H:18])[H:19])([H:20])[H:21])([H:11])[C:2](=[O:1])[O:3][H:10])([H:12])[H:13])([H:14])[H:15])[H:17],21.0,3.0
9,0.44225999535549254,AM1BCC,OpenEye,,,H,,10,[H:16][C:7]1([C:6]([C:5]([C:4]([C:9]([C:8]1([H:18])[H:19])([H:20])[H:21])([H:11])[C:2](=[O:1])[O:3][H:10])([H:12])[H:13])([H:14])[H:15])[H:17],21.0,3.0
10,0.08209999473322005,AM1BCC,OpenEye,,,H,,11,[H:16][C:7]1([C:6]([C:5]([C:4]([C:9]([C:8]1([H:18])[H:19])([H:20])[H:21])([H:11])[C:2](=[O:1])[O:3][H:10])([H:12])[H:13])([H:14])[H:15])[H:17],21.0,3.0
11,0.05476999850500198,AM1BCC,OpenEye,,,H,,12,[H:16][C:7]1([C:6]([C:5]([C:4]([C:9]([C:8]1([H:18])[H:19])([H:20])[H:21])([H:11])[C:2](=[O:1])[O:3][H:10])([H:12])[H:13])([H:14])[H:15])[H:17],21.0,3.0
12,0.05476999850500198,AM1BCC,OpenEye,,,H,,13,[H:16][C:7]1([C:6]([C:5]([C:4]([C:9]([C:8]1([H:18])[H:19])([H:20])[H:21])([H:11])[C:2](=[O:1])[O:3][H:10])([H:12])[H:13])([H:14])[H:15])[H:17],21.0,3.0
13,0.04382999809015365,AM1BCC,OpenEye,,,H,,14,[H:16][C:7]1([C:6]([C:5]([C:4]([C:9]([C:8]1([H:18])[H:19])([H:20])[H:21])([H:11])[C:2](=[O:1])[O:3][H:10])([H:12])[H:13])([H:14])[H:15])[H:17],21.0,3.0
14,0.04382999809015365,AM1BCC,OpenEye,,,H,,15,[H:16][C:7]1([C:6]([C:5]([C:4]([C:9]([C:8]1([H:18])[H:19])([H:20])[H:21])([H:11])[C:2](=[O:1])[O:3][H:10])([H:12])[H:13])([H:14])[H:15])[H:17],21.0,3.0
15,0.04186999992955299,AM1BCC,OpenEye,,,H,,16,[H:16][C:7]1([C:6]([C:5]([C:4]([C:9]([C:8]1([H:18])[H:19])([H:20])[H:21])([H:11])[C:2](=[O:1])[O:3][H:10])([H:12])[H:13])([H:14])[H:15])[H:17],21.0,3.0
16,0.04186999992955299,AM1BCC,OpenEye,,,H,,17,[H:16][C:7]1([C:6]([C:5]([C:4]([C:9]([C:8]1([H:18])[H:19])([H:20])[H:21])([H:11])[C:2](=[O:1])[O:3][H:10])([H:12])[H:13])([H:14])[H:15])[H:17],21.0,3.0
17,0.04382999809015365,AM1BCC,OpenEye,,,H,,18,[H:16][C:7]1([C:6]([C:5]([C:4]([C:9]([C:8]1([H:18])[H:19])([H:20])[H:21])([H:11])[C:2](=[O:1])[O:3][H:10])([H:12])[H:13])([H:14])[H:15])[H:17],21.0,3.0
18,0.04382999809015365,AM1BCC,OpenEye,,,H,,19,[H:16][C:7]1([C:6]([C:5]([C:4]([C:9]([C:8]1([H:18])[H:19])([H:20])[H:21])([H:11])[C:2](=[O:1])[O:3][H:10])([H:12])[H:13])([H:14])[H:15])[H:17],21.0,3.0
19,0.05476999850500198,AM1BCC,OpenEye,,,H,,20,[H:16][C:7]1([C:6]([C:5]([C:4]([C:9]([C:8]1([H:18])[H:19])([H:20])[H:21])([H:11])[C:2](=[O:1])[O:3][H:10])([H:12])[H:13])([H:14])[H:15])[H:17],21.0,3.0
20,0.05476999850500198,AM1BCC,OpenEye,,,H,,21,[H:16][C:7]1([C:6]([C:5]([C:4]([C:9]([C:8]1([H:18])[H:19])([H:20])[H:21])([H:11])[C:2](=[O:1])[O:3][H:10])([H:12])[H:13])([H:14])[H:15])[H:17],21.0,3.0
0,-0.5510476190476191,AM1BCC,AmberTools,,,O,,1,[H:16][C:7]1([C:6]([C:5]([C:4]([C:9]([C:8]1([H:18])[H:19])([H:20])[H:21])([H:11])[C:2](=[O:1])[O:3][H:10])([H:12])[H:13])([H:14])[H:15])[H:17],21.0,3.0
1,0.6360523809523809,AM1BCC,AmberTools,,,C,,2,[H:16][C:7]1([C:6]([C:5]([C:4]([C:9]([C:8]1([H:18])[H:19])([H:20])[H:21])([H:11])[C:2](=[O:1])[O:3][H:10])([H:12])[H:13])([H:14])[H:15])[H:17],21.0,3.0
2,-0.610147619047619,AM1BCC,AmberTools,,,O,,3,[H:16][C:7]1([C:6]([C:5]([C:4]([C:9]([C:8]1([H:18])[H:19])([H:20])[H:21])([H:11])[C:2](=[O:1])[O:3][H:10])([H:12])[H:13])([H:14])[H:15])[H:17],21.0,3.0
3,-0.10374761904761905,AM1BCC,AmberTools,,,C,,4,[H:16][C:7]1([C:6]([C:5]([C:4]([C:9]([C:8]1([H:18])[H:19])([H:20])[H:21])([H:11])[C:2](=[O:1])[O:3][H:10])([H:12])[H:13])([H:14])[H:15])[H:17],21.0,3.0
4,-0.07394761904761904,AM1BCC,AmberTools,,,C,,5,[H:16][C:7]1([C:6]([C:5]([C:4]([C:9]([C:8]1([H:18])[H:19])([H:20])[H:21])([H:11])[C:2](=[O:1])[O:3][H:10])([H:12])[H:13])([H:14])[H:15])[H:17],21.0,3.0
5,-0.07544761904761904,AM1BCC,AmberTools,,,C,,6,[H:16][C:7]1([C:6]([C:5]([C:4]([C:9]([C:8]1([H:18])[H:19])([H:20])[H:21])([H:11])[C:2](=[O:1])[O:3][H:10])([H:12])[H:13])([H:14])[H:15])[H:17],21.0,3.0
6,-0.07944761904761904,AM1BCC,AmberTools,,,C,,7,[H:16][C:7]1([C:6]([C:5]([C:4]([C:9]([C:8]1([H:18])[H:19])([H:20])[H:21])([H:11])[C:2](=[O:1])[O:3][H:10])([H:12])[H:13])([H:14])[H:15])[H:17],21.0,3.0
7,-0.07544761904761904,AM1BCC,AmberTools,,,C,,8,[H:16][C:7]1([C:6]([C:5]([C:4]([C:9]([C:8]1([H:18])[H:19])([H:20])[H:21])([H:11])[C:2](=[O:1])[O:3][H:10])([H:12])[H:13])([H:14])[H:15])[H:17],21.0,3.0
8,-0.07394761904761904,AM1BCC,AmberTools,,,C,,9,[H:16][C:7]1([C:6]([C:5]([C:4]([C:9]([C:8]1([H:18])[H:19])([H:20])[H:21])([H:11])[C:2](=[O:1])[O:3][H:10])([H:12])[H:13])([H:14])[H:15])[H:17],21.0,3.0
9,0.441952380952381,AM1BCC,AmberTools,,,H,,10,[H:16][C:7]1([C:6]([C:5]([C:4]([C:9]([C:8]1([H:18])[H:19])([H:20])[H:21])([H:11])[C:2](=[O:1])[O:3][H:10])([H:12])[H:13])([H:14])[H:15])[H:17],21.0,3.0
10,0.08265238095238095,AM1BCC,AmberTools,,,H,,11,[H:16][C:7]1([C:6]([C:5]([C:4]([C:9]([C:8]1([H:18])[H:19])([H:20])[H:21])([H:11])[C:2](=[O:1])[O:3][H:10])([H:12])[H:13])([H:14])[H:15])[H:17],21.0,3.0
11,0.05515238095238096,AM1BCC,AmberTools,,,H,,12,[H:16][C:7]1([C:6]([C:5]([C:4]([C:9]([C:8]1([H:18])[H:19])([H:20])[H:21])([H:11])[C:2](=[O:1])[O:3][H:10])([H:12])[H:13])([H:14])[H:15])[H:17],21.0,3.0
12,0.05515238095238096,AM1BCC,AmberTools,,,H,,13,[H:16][C:7]1([C:6]([C:5]([C:4]([C:9]([C:8]1([H:18])[H:19])([H:20])[H:21])([H:11])[C:2](=[O:1])[O:3][H:10])([H:12])[H:13])([H:14])[H:15])[H:17],21.0,3.0
13,0.044402380952380964,AM1BCC,AmberTools,,,H,,14,[H:16][C:7]1([C:6]([C:5]([C:4]([C:9]([C:8]1([H:18])[H:19])([H:20])[H:21])([H:11])[C:2](=[O:1])[O:3][H:10])([H:12])[H:13])([H:14])[H:15])[H:17],21.0,3.0
14,0.044402380952380964,AM1BCC,AmberTools,,,H,,15,[H:16][C:7]1([C:6]([C:5]([C:4]([C:9]([C:8]1([H:18])[H:19])([H:20])[H:21])([H:11])[C:2](=[O:1])[O:3][H:10])([H:12])[H:13])([H:14])[H:15])[H:17],21.0,3.0
15,0.04215238095238096,AM1BCC,AmberTools,,,H,,16,[H:16][C:7]1([C:6]([C:5]([C:4]([C:9]([C:8]1([H:18])[H:19])([H:20])[H:21])([H:11])[C:2](=[O:1])[O:3][H:10])([H:12])[H:13])([H:14])[H:15])[H:17],21.0,3.0
16,0.04215238095238096,AM1BCC,AmberTools,,,H,,17,[H:16][C:7]1([C:6]([C:5]([C:4]([C:9]([C:8]1([H:18])[H:19])([H:20])[H:21])([H:11])[C:2](=[O:1])[O:3][H:10])([H:12])[H:13])([H:14])[H:15])[H:17],21.0,3.0
17,0.044402380952380964,AM1BCC,AmberTools,,,H,,18,[H:16][C:7]1([C:6]([C:5]([C:4]([C:9]([C:8]1([H:18])[H:19])([H:20])[H:21])([H:11])[C:2](=[O:1])[O:3][H:10])([H:12])[H:13])([H:14])[H:15])[H:17],21.0,3.0
18,0.044402380952380964,AM1BCC,AmberTools,,,H,,19,[H:16][C:7]1([C:6]([C:5]([C:4]([C:9]([C:8]1([H:18])[H:19])([H:20])[H:21])([H:11])[C:2](=[O:1])[O:3][H:10])([H:12])[H:13])([H:14])[H:15])[H:17],21.0,3.0
19,0.05515238095238096,AM1BCC,AmberTools,,,H,,20,[H:16][C:7]1([C:6]([C:5]([C:4]([C:9]([C:8]1([H:18])[H:19])([H:20])[H:21])([H:11])[C:2](=[O:1])[O:3][H:10])([H:12])[H:13])([H:14])[H:15])[H:17],21.0,3.0
20,0.05515238095238096,AM1BCC,AmberTools,,,H,,21,[H:16][C:7]1([C:6]([C:5]([C:4]([C:9]([C:8]1([H:18])[H:19])([H:20])[H:21])([H:11])[C:2](=[O:1])[O:3][H:10])([H:12])[H:13])([H:14])[H:15])[H:17],21.0,3.0
0,-0.5516600030518714,AM1BCC,OpenEye,,,O,,1,[H:16][C:7]1([C:6]([C:5]([C:4]([C:9]([C:8]1([H:18])[H:19])([H:20])[H:21])([H:11])[C:2](=[O:1])[O:3][H:10])([H:12])[H:13])([H:14])[H:15])[H:17],21.0,4.0
1,0.6338800174139795,AM1BCC,OpenEye,,,C,,2,[H:16][C:7]1([C:6]([C:5]([C:4]([C:9]([C:8]1([H:18])[H:19])([H:20])[H:21])([H:11])[C:2](=[O:1])[O:3][H:10])([H:12])[H:13])([H:14])[H:15])[H:17],21.0,4.0
2,-0.6023799794770422,AM1BCC,OpenEye,,,O,,3,[H:16][C:7]1([C:6]([C:5]([C:4]([C:9]([C:8]1([H:18])[H:19])([H:20])[H:21])([H:11])[C:2](=[O:1])[O:3][H:10])([H:12])[H:13])([H:14])[H:15])[H:17],21.0,4.0
3,-0.1068800034977141,AM1BCC,OpenEye,,,C,,4,[H:16][C:7]1([C:6]([C:5]([C:4]([C:9]([C:8]1([H:18])[H:19])([H:20])[H:21])([H:11])[C:2](=[O:1])[O:3][H:10])([H:12])[H:13])([H:14])[H:15])[H:17],21.0,4.0
4,-0.07033000318776994,AM1BCC,OpenEye,,,C,,5,[H:16][C:7]1([C:6]([C:5]([C:4]([C:9]([C:8]1([H:18])[H:19])([H:20])[H:21])([H:11])[C:2](=[O:1])[O:3][H:10])([H:12])[H:13])([H:14])[H:15])[H:17],21.0,4.0
5,-0.07729999898445039,AM1BCC,OpenEye,,,C,,6,[H:16][C:7]1([C:6]([C:5]([C:4]([C:9]([C:8]1([H:18])[H:19])([H:20])[H:21])([H:11])[C:2](=[O:1])[O:3][H:10])([H:12])[H:13])([H:14])[H:15])[H:17],21.0,4.0
6,-0.08020000337135225,AM1BCC,OpenEye,,,C,,7,[H:16][C:7]1([C:6]([C:5]([C:4]([C:9]([C:8]1([H:18])[H:19])([H:20])[H:21])([H:11])[C:2](=[O:1])[O:3][H:10])([H:12])[H:13])([H:14])[H:15])[H:17],21.0,4.0
7,-0.07729999898445039,AM1BCC,OpenEye,,,C,,8,[H:16][C:7]1([C:6]([C:5]([C:4]([C:9]([C:8]1([H:18])[H:19])([H:20])[H:21])([H:11])[C:2](=[O:1])[O:3][H:10])([H:12])[H:13])([H:14])[H:15])[H:17],21.0,4.0
8,-0.07033000318776994,AM1BCC,OpenEye,,,C,,9,[H:16][C:7]1([C:6]([C:5]([C:4]([C:9]([C:8]1([H:18])[H:19])([H:20])[H:21])([H:11])[C:2](=[O:1])[O:3][H:10])([H:12])[H:13])([H:14])[H:15])[H:17],21.0,4.0
9,0.44225999535549254,AM1BCC,OpenEye,,,H,,10,[H:16][C:7]1([C:6]([C:5]([C:4]([C:9]([C:8]1([H:18])[H:19])([H:20])[H:21])([H:11])[C:2](=[O:1])[O:3][H:10])([H:12])[H:13])([H:14])[H:15])[H:17],21.0,4.0
10,0.08209999473322005,AM1BCC,OpenEye,,,H,,11,[H:16][C:7]1([C:6]([C:5]([C:4]([C:9]([C:8]1([H:18])[H:19])([H:20])[H:21])([H:11])[C:2](=[O:1])[O:3][H:10])([H:12])[H:13])([H:14])[H:15])[H:17],21.0,4.0
11,0.05476999850500198,AM1BCC,OpenEye,,,H,,12,[H:16][C:7]1([C:6]([C:5]([C:4]([C:9]([C:8]1([H:18])[H:19])([H:20])[H:21])([H:11])[C:2](=[O:1])[O:3][H:10])([H:12])[H:13])([H:14])[H:15])[H:17],21.0,4.0
12,0.05476999850500198,AM1BCC,OpenEye,,,H,,13,[H:16][C:7]1([C:6]([C:5]([C:4]([C:9]([C:8]1([H:18])[H:19])([H:20])[H:21])([H:11])[C:2](=[O:1])[O:3][H:10])([H:12])[H:13])([H:14])[H:15])[H:17],21.0,4.0
13,0.04382999809015365,AM1BCC,OpenEye,,,H,,14,[H:16][C:7]1([C:6]([C:5]([C:4]([C:9]([C:8]1([H:18])[H:19])([H:20])[H:21])([H:11])[C:2](=[O:1])[O:3][H:10])([H:12])[H:13])([H:14])[H:15])[H:17],21.0,4.0
14,0.04382999809015365,AM1BCC,OpenEye,,,H,,15,[H:16][C:7]1([C:6]([C:5]([C:4]([C:9]([C:8]1([H:18])[H:19])([H:20])[H:21])([H:11])[C:2](=[O:1])[O:3][H:10])([H:12])[H:13])([H:14])[H:15])[H:17],21.0,4.0
15,0.04186999992955299,AM1BCC,OpenEye,,,H,,16,[H:16][C:7]1([C:6]([C:5]([C:4]([C:9]([C:8]1([H:18])[H:19])([H:20])[H:21])([H:11])[C:2](=[O:1])[O:3][H:10])([H:12])[H:13])([H:14])[H:15])[H:17],21.0,4.0
16,0.04186999992955299,AM1BCC,OpenEye,,,H,,17,[H:16][C:7]1([C:6]([C:5]([C:4]([C:9]([C:8]1([H:18])[H:19])([H:20])[H:21])([H:11])[C:2](=[O:1])[O:3][H:10])([H:12])[H:13])([H:14])[H:15])[H:17],21.0,4.0
17,0.04382999809015365,AM1BCC,OpenEye,,,H,,18,[H:16][C:7]1([C:6]([C:5]([C:4]([C:9]([C:8]1([H:18])[H:19])([H:20])[H:21])([H:11])[C:2](=[O:1])[O:3][H:10])([H:12])[H:13])([H:14])[H:15])[H:17],21.0,4.0
18,0.04382999809015365,AM1BCC,OpenEye,,,H,,19,[H:16][C:7]1([C:6]([C:5]([C:4]([C:9]([C:8]1([H:18])[H:19])([H:20])[H:21])([H:11])[C:2](=[O:1])[O:3][H:10])([H:12])[H:13])([H:14])[H:15])[H:17],21.0,4.0
19,0.05476999850500198,AM1BCC,OpenEye,,,H,,20,[H:16][C:7]1([C:6]([C:5]([C:4]([C:9]([C:8]1([H:18])[H:19])([H:20])[H:21])([H:11])[C:2](=[O:1])[O:3][H:10])([H:12])[H:13])([H:14])[H:15])[H:17],21.0,4.0
20,0.05476999850500198,AM1BCC,OpenEye,,,H,,21,[H:16][C:7]1([C:6]([C:5]([C:4]([C:9]([C:8]1([H:18])[H:19])([H:20])[H:21])([H:11])[C:2](=[O:1])[O:3][H:10])([H:12])[H:13])([H:14])[H:15])[H:17],21.0,4.0
0,-0.5510476190476191,AM1BCC,AmberTools,,,O,,1,[H:16][C:7]1([C:6]([C:5]([C:4]([C:9]([C:8]1([H:18])[H:19])([H:20])[H:21])([H:11])[C:2](=[O:1])[O:3][H:10])([H:12])[H:13])([H:14])[H:15])[H:17],21.0,4.0
1,0.6360523809523809,AM1BCC,AmberTools,,,C,,2,[H:16][C:7]1([C:6]([C:5]([C:4]([C:9]([C:8]1([H:18])[H:19])([H:20])[H:21])([H:11])[C:2](=[O:1])[O:3][H:10])([H:12])[H:13])([H:14])[H:15])[H:17],21.0,4.0
2,-0.610147619047619,AM1BCC,AmberTools,,,O,,3,[H:16][C:7]1([C:6]([C:5]([C:4]([C:9]([C:8]1([H:18])[H:19])([H:20])[H:21])([H:11])[C:2](=[O:1])[O:3][H:10])([H:12])[H:13])([H:14])[H:15])[H:17],21.0,4.0
3,-0.10374761904761905,AM1BCC,AmberTools,,,C,,4,[H:16][C:7]1([C:6]([C:5]([C:4]([C:9]([C:8]1([H:18])[H:19])([H:20])[H:21])([H:11])[C:2](=[O:1])[O:3][H:10])([H:12])[H:13])([H:14])[H:15])[H:17],21.0,4.0
4,-0.07394761904761904,AM1BCC,AmberTools,,,C,,5,[H:16][C:7]1([C:6]([C:5]([C:4]([C:9]([C:8]1([H:18])[H:19])([H:20])[H:21])([H:11])[C:2](=[O:1])[O:3][H:10])([H:12])[H:13])([H:14])[H:15])[H:17],21.0,4.0
5,-0.07544761904761904,AM1BCC,AmberTools,,,C,,6,[H:16][C:7]1([C:6]([C:5]([C:4]([C:9]([C:8]1([H:18])[H:19])([H:20])[H:21])([H:11])[C:2](=[O:1])[O:3][H:10])([H:12])[H:13])([H:14])[H:15])[H:17],21.0,4.0
6,-0.07944761904761904,AM1BCC,AmberTools,,,C,,7,[H:16][C:7]1([C:6]([C:5]([C:4]([C:9]([C:8]1([H:18])[H:19])([H:20])[H:21])([H:11])[C:2](=[O:1])[O:3][H:10])([H:12])[H:13])([H:14])[H:15])[H:17],21.0,4.0
7,-0.07544761904761904,AM1BCC,AmberTools,,,C,,8,[H:16][C:7]1([C:6]([C:5]([C:4]([C:9]([C:8]1([H:18])[H:19])([H:20])[H:21])([H:11])[C:2](=[O:1])[O:3][H:10])([H:12])[H:13])([H:14])[H:15])[H:17],21.0,4.0
8,-0.07394761904761904,AM1BCC,AmberTools,,,C,,9,[H:16][C:7]1([C:6]([C:5]([C:4]([C:9]([C:8]1([H:18])[H:19])([H:20])[H:21])([H:11])[C:2](=[O:1])[O:3][H:10])([H:12])[H:13])([H:14])[H:15])[H:17],21.0,4.0
9,0.441952380952381,AM1BCC,AmberTools,,,H,,10,[H:16][C:7]1([C:6]([C:5]([C:4]([C:9]([C:8]1([H:18])[H:19])([H:20])[H:21])([H:11])[C:2](=[O:1])[O:3][H:10])([H:12])[H:13])([H:14])[H:15])[H:17],21.0,4.0
10,0.08265238095238095,AM1BCC,AmberTools,,,H,,11,[H:16][C:7]1([C:6]([C:5]([C:4]([C:9]([C:8]1([H:18])[H:19])([H:20])[H:21])([H:11])[C:2](=[O:1])[O:3][H:10])([H:12])[H:13])([H:14])[H:15])[H:17],21.0,4.0
11,0.05515238095238096,AM1BCC,AmberTools,,,H,,12,[H:16][C:7]1([C:6]([C:5]([C:4]([C:9]([C:8]1([H:18])[H:19])([H:20])[H:21])([H:11])[C:2](=[O:1])[O:3][H:10])([H:12])[H:13])([H:14])[H:15])[H:17],21.0,4.0
12,0.05515238095238096,AM1BCC,AmberTools,,,H,,13,[H:16][C:7]1([C:6]([C:5]([C:4]([C:9]([C:8]1([H:18])[H:19])([H:20])[H:21])([H:11])[C:2](=[O:1])[O:3][H:10])([H:12])[H:13])([H:14])[H:15])[H:17],21.0,4.0
13,0.044402380952380964,AM1BCC,AmberTools,,,H,,14,[H:16][C:7]1([C:6]([C:5]([C:4]([C:9]([C:8]1([H:18])[H:19])([H:20])[H:21])([H:11])[C:2](=[O:1])[O:3][H:10])([H:12])[H:13])([H:14])[H:15])[H:17],21.0,4.0
14,0.044402380952380964,AM1BCC,AmberTools,,,H,,15,[H:16][C:7]1([C:6]([C:5]([C:4]([C:9]([C:8]1([H:18])[H:19])([H:20])[H:21])([H:11])[C:2](=[O:1])[O:3][H:10])([H:12])[H:13])([H:14])[H:15])[H:17],21.0,4.0
15,0.04215238095238096,AM1BCC,AmberTools,,,H,,16,[H:16][C:7]1([C:6]([C:5]([C:4]([C:9]([C:8]1([H:18])[H:19])([H:20])[H:21])([H:11])[C:2](=[O:1])[O:3][H:10])([H:12])[H:13])([H:14])[H:15])[H:17],21.0,4.0
16,0.04215238095238096,AM1BCC,AmberTools,,,H,,17,[H:16][C:7]1([C:6]([C:5]([C:4]([C:9]([C:8]1([H:18])[H:19])([H:20])[H:21])([H:11])[C:2](=[O:1])[O:3][H:10])([H:12])[H:13])([H:14])[H:15])[H:17],21.0,4.0
17,0.044402380952380964,AM1BCC,AmberTools,,,H,,18,[H:16][C:7]1([C:6]([C:5]([C:4]([C:9]([C:8]1([H:18])[H:19])([H:20])[H:21])([H:11])[C:2](=[O:1])[O:3][H:10])([H:12])[H:13])([H:14])[H:15])[H:17],21.0,4.0
18,0.044402380952380964,AM1BCC,AmberTools,,,H,,19,[H:16][C:7]1([C:6]([C:5]([C:4]([C:9]([C:8]1([H:18])[H:19])([H:20])[H:21])([H:11])[C:2](=[O:1])[O:3][H:10])([H:12])[H:13])([H:14])[H:15])[H:17],21.0,4.0
19,0.05515238095238096,AM1BCC,AmberTools,,,H,,20,[H:16][C:7]1([C:6]([C:5]([C:4]([C:9]([C:8]1([H:18])[H:19])([H:20])[H:21])([H:11])[C:2](=[O:1])[O:3][H:10])([H:12])[H:13])([H:14])[H:15])[H:17],21.0,4.0
20,0.05515238095238096,AM1BCC,AmberTools,,,H,,21,[H:16][C:7]1([C:6]([C:5]([C:4]([C:9]([C:8]1([H:18])[H:19])([H:20])[H:21])([H:11])[C:2](=[O:1])[O:3][H:10])([H:12])[H:13])([H:14])[H:15])[H:17],21.0,4.0
0,-0.5516600030518714,AM1BCC,OpenEye,,,O,,1,[H:16][C:7]1([C:6]([C:5]([C:4]([C:9]([C:8]1([H:18])[H:19])([H:20])[H:21])([H:11])[C:2](=[O:1])[O:3][H:10])([H:12])[H:13])([H:14])[H:15])[H:17],21.0,5.0
1,0.6338800174139795,AM1BCC,OpenEye,,,C,,2,[H:16][C:7]1([C:6]([C:5]([C:4]([C:9]([C:8]1([H:18])[H:19])([H:20])[H:21])([H:11])[C:2](=[O:1])[O:3][H:10])([H:12])[H:13])([H:14])[H:15])[H:17],21.0,5.0
2,-0.6023799794770422,AM1BCC,OpenEye,,,O,,3,[H:16][C:7]1([C:6]([C:5]([C:4]([C:9]([C:8]1([H:18])[H:19])([H:20])[H:21])([H:11])[C:2](=[O:1])[O:3][H:10])([H:12])[H:13])([H:14])[H:15])[H:17],21.0,5.0
3,-0.1068800034977141,AM1BCC,OpenEye,,,C,,4,[H:16][C:7]1([C:6]([C:5]([C:4]([C:9]([C:8]1([H:18])[H:19])([H:20])[H:21])([H:11])[C:2](=[O:1])[O:3][H:10])([H:12])[H:13])([H:14])[H:15])[H:17],21.0,5.0
4,-0.07033000318776994,AM1BCC,OpenEye,,,C,,5,[H:16][C:7]1([C:6]([C:5]([C:4]([C:9]([C:8]1([H:18])[H:19])([H:20])[H:21])([H:11])[C:2](=[O:1])[O:3][H:10])([H:12])[H:13])([H:14])[H:15])[H:17],21.0,5.0
5,-0.07729999898445039,AM1BCC,OpenEye,,,C,,6,[H:16][C:7]1([C:6]([C:5]([C:4]([C:9]([C:8]1([H:18])[H:19])([H:20])[H:21])([H:11])[C:2](=[O:1])[O:3][H:10])([H:12])[H:13])([H:14])[H:15])[H:17],21.0,5.0
6,-0.08020000337135225,AM1BCC,OpenEye,,,C,,7,[H:16][C:7]1([C:6]([C:5]([C:4]([C:9]([C:8]1([H:18])[H:19])([H:20])[H:21])([H:11])[C:2](=[O:1])[O:3][H:10])([H:12])[H:13])([H:14])[H:15])[H:17],21.0,5.0
7,-0.07729999898445039,AM1BCC,OpenEye,,,C,,8,[H:16][C:7]1([C:6]([C:5]([C:4]([C:9]([C:8]1([H:18])[H:19])([H:20])[H:21])([H:11])[C:2](=[O:1])[O:3][H:10])([H:12])[H:13])([H:14])[H:15])[H:17],21.0,5.0
8,-0.07033000318776994,AM1BCC,OpenEye,,,C,,9,[H:16][C:7]1([C:6]([C:5]([C:4]([C:9]([C:8]1([H:18])[H:19])([H:20])[H:21])([H:11])[C:2](=[O:1])[O:3][H:10])([H:12])[H:13])([H:14])[H:15])[H:17],21.0,5.0
9,0.44225999535549254,AM1BCC,OpenEye,,,H,,10,[H:16][C:7]1([C:6]([C:5]([C:4]([C:9]([C:8]1([H:18])[H:19])([H:20])[H:21])([H:11])[C:2](=[O:1])[O:3][H:10])([H:12])[H:13])([H:14])[H:15])[H:17],21.0,5.0
10,0.08209999473322005,AM1BCC,OpenEye,,,H,,11,[H:16][C:7]1([C:6]([C:5]([C:4]([C:9]([C:8]1([H:18])[H:19])([H:20])[H:21])([H:11])[C:2](=[O:1])[O:3][H:10])([H:12])[H:13])([H:14])[H:15])[H:17],21.0,5.0
11,0.05476999850500198,AM1BCC,OpenEye,,,H,,12,[H:16][C:7]1([C:6]([C:5]([C:4]([C:9]([C:8]1([H:18])[H:19])([H:20])[H:21])([H:11])[C:2](=[O:1])[O:3][H:10])([H:12])[H:13])([H:14])[H:15])[H:17],21.0,5.0
12,0.05476999850500198,AM1BCC,OpenEye,,,H,,13,[H:16][C:7]1([C:6]([C:5]([C:4]([C:9]([C:8]1([H:18])[H:19])([H:20])[H:21])([H:11])[C:2](=[O:1])[O:3][H:10])([H:12])[H:13])([H:14])[H:15])[H:17],21.0,5.0
13,0.04382999809015365,AM1BCC,OpenEye,,,H,,14,[H:16][C:7]1([C:6]([C:5]([C:4]([C:9]([C:8]1([H:18])[H:19])([H:20])[H:21])([H:11])[C:2](=[O:1])[O:3][H:10])([H:12])[H:13])([H:14])[H:15])[H:17],21.0,5.0
14,0.04382999809015365,AM1BCC,OpenEye,,,H,,15,[H:16][C:7]1([C:6]([C:5]([C:4]([C:9]([C:8]1([H:18])[H:19])([H:20])[H:21])([H:11])[C:2](=[O:1])[O:3][H:10])([H:12])[H:13])([H:14])[H:15])[H:17],21.0,5.0
15,0.04186999992955299,AM1BCC,OpenEye,,,H,,16,[H:16][C:7]1([C:6]([C:5]([C:4]([C:9]([C:8]1([H:18])[H:19])([H:20])[H:21])([H:11])[C:2](=[O:1])[O:3][H:10])([H:12])[H:13])([H:14])[H:15])[H:17],21.0,5.0
16,0.04186999992955299,AM1BCC,OpenEye,,,H,,17,[H:16][C:7]1([C:6]([C:5]([C:4]([C:9]([C:8]1([H:18])[H:19])([H:20])[H:21])([H:11])[C:2](=[O:1])[O:3][H:10])([H:12])[H:13])([H:14])[H:15])[H:17],21.0,5.0
17,0.04382999809015365,AM1BCC,OpenEye,,,H,,18,[H:16][C:7]1([C:6]([C:5]([C:4]([C:9]([C:8]1([H:18])[H:19])([H:20])[H:21])([H:11])[C:2](=[O:1])[O:3][H:10])([H:12])[H:13])([H:14])[H:15])[H:17],21.0,5.0
18,0.04382999809015365,AM1BCC,OpenEye,,,H,,19,[H:16][C:7]1([C:6]([C:5]([C:4]([C:9]([C:8]1([H:18])[H:19])([H:20])[H:21])([H:11])[C:2](=[O:1])[O:3][H:10])([H:12])[H:13])([H:14])[H:15])[H:17],21.0,5.0
19,0.05476999850500198,AM1BCC,OpenEye,,,H,,20,[H:16][C:7]1([C:6]([C:5]([C:4]([C:9]([C:8]1([H:18])[H:19])([H:20])[H:21])([H:11])[C:2](=[O:1])[O:3][H:10])([H:12])[H:13])([H:14])[H:15])[H:17],21.0,5.0
20,0.05476999850500198,AM1BCC,OpenEye,,,H,,21,[H:16][C:7]1([C:6]([C:5]([C:4]([C:9]([C:8]1([H:18])[H:19])([H:20])[H:21])([H:11])[C:2](=[O:1])[O:3][H:10])([H:12])[H:13])([H:14])[H:15])[H:17],21.0,5.0
0,-0.5510476190476191,AM1BCC,AmberTools,,,O,,1,[H:16][C:7]1([C:6]([C:5]([C:4]([C:9]([C:8]1([H:18])[H:19])([H:20])[H:21])([H:11])[C:2](=[O:1])[O:3][H:10])([H:12])[H:13])([H:14])[H:15])[H:17],21.0,5.0
1,0.6360523809523809,AM1BCC,AmberTools,,,C,,2,[H:16][C:7]1([C:6]([C:5]([C:4]([C:9]([C:8]1([H:18])[H:19])([H:20])[H:21])([H:11])[C:2](=[O:1])[O:3][H:10])([H:12])[H:13])([H:14])[H:15])[H:17],21.0,5.0
2,-0.610147619047619,AM1BCC,AmberTools,,,O,,3,[H:16][C:7]1([C:6]([C:5]([C:4]([C:9]([C:8]1([H:18])[H:19])([H:20])[H:21])([H:11])[C:2](=[O:1])[O:3][H:10])([H:12])[H:13])([H:14])[H:15])[H:17],21.0,5.0
3,-0.10374761904761905,AM1BCC,AmberTools,,,C,,4,[H:16][C:7]1([C:6]([C:5]([C:4]([C:9]([C:8]1([H:18])[H:19])([H:20])[H:21])([H:11])[C:2](=[O:1])[O:3][H:10])([H:12])[H:13])([H:14])[H:15])[H:17],21.0,5.0
4,-0.07394761904761904,AM1BCC,AmberTools,,,C,,5,[H:16][C:7]1([C:6]([C:5]([C:4]([C:9]([C:8]1([H:18])[H:19])([H:20])[H:21])([H:11])[C:2](=[O:1])[O:3][H:10])([H:12])[H:13])([H:14])[H:15])[H:17],21.0,5.0
5,-0.07544761904761904,AM1BCC,AmberTools,,,C,,6,[H:16][C:7]1([C:6]([C:5]([C:4]([C:9]([C:8]1([H:18])[H:19])([H:20])[H:21])([H:11])[C:2](=[O:1])[O:3][H:10])([H:12])[H:13])([H:14])[H:15])[H:17],21.0,5.0
6,-0.07944761904761904,AM1BCC,AmberTools,,,C,,7,[H:16][C:7]1([C:6]([C:5]([C:4]([C:9]([C:8]1([H:18])[H:19])([H:20])[H:21])([H:11])[C:2](=[O:1])[O:3][H:10])([H:12])[H:13])([H:14])[H:15])[H:17],21.0,5.0
7,-0.07544761904761904,AM1BCC,AmberTools,,,C,,8,[H:16][C:7]1([C:6]([C:5]([C:4]([C:9]([C:8]1([H:18])[H:19])([H:20])[H:21])([H:11])[C:2](=[O:1])[O:3][H:10])([H:12])[H:13])([H:14])[H:15])[H:17],21.0,5.0
8,-0.07394761904761904,AM1BCC,AmberTools,,,C,,9,[H:16][C:7]1([C:6]([C:5]([C:4]([C:9]([C:8]1([H:18])[H:19])([H:20])[H:21])([H:11])[C:2](=[O:1])[O:3][H:10])([H:12])[H:13])([H:14])[H:15])[H:17],21.0,5.0
9,0.441952380952381,AM1BCC,AmberTools,,,H,,10,[H:16][C:7]1([C:6]([C:5]([C:4]([C:9]([C:8]1([H:18])[H:19])([H:20])[H:21])([H:11])[C:2](=[O:1])[O:3][H:10])([H:12])[H:13])([H:14])[H:15])[H:17],21.0,5.0
10,0.08265238095238095,AM1BCC,AmberTools,,,H,,11,[H:16][C:7]1([C:6]([C:5]([C:4]([C:9]([C:8]1([H:18])[H:19])([H:20])[H:21])([H:11])[C:2](=[O:1])[O:3][H:10])([H:12])[H:13])([H:14])[H:15])[H:17],21.0,5.0
11,0.05515238095238096,AM1BCC,AmberTools,,,H,,12,[H:16][C:7]1([C:6]([C:5]([C:4]([C:9]([C:8]1([H:18])[H:19])([H:20])[H:21])([H:11])[C:2](=[O:1])[O:3][H:10])([H:12])[H:13])([H:14])[H:15])[H:17],21.0,5.0
12,0.05515238095238096,AM1BCC,AmberTools,,,H,,13,[H:16][C:7]1([C:6]([C:5]([C:4]([C:9]([C:8]1([H:18])[H:19])([H:20])[H:21])([H:11])[C:2](=[O:1])[O:3][H:10])([H:12])[H:13])([H:14])[H:15])[H:17],21.0,5.0
13,0.044402380952380964,AM1BCC,AmberTools,,,H,,14,[H:16][C:7]1([C:6]([C:5]([C:4]([C:9]([C:8]1([H:18])[H:19])([H:20])[H:21])([H:11])[C:2](=[O:1])[O:3][H:10])([H:12])[H:13])([H:14])[H:15])[H:17],21.0,5.0
14,0.044402380952380964,AM1BCC,AmberTools,,,H,,15,[H:16][C:7]1([C:6]([C:5]([C:4]([C:9]([C:8]1([H:18])[H:19])([H:20])[H:21])([H:11])[C:2](=[O:1])[O:3][H:10])([H:12])[H:13])([H:14])[H:15])[H:17],21.0,5.0
15,0.04215238095238096,AM1BCC,AmberTools,,,H,,16,[H:16][C:7]1([C:6]([C:5]([C:4]([C:9]([C:8]1([H:18])[H:19])([H:20])[H:21])([H:11])[C:2](=[O:1])[O:3][H:10])([H:12])[H:13])([H:14])[H:15])[H:17],21.0,5.0
16,0.04215238095238096,AM1BCC,AmberTools,,,H,,17,[H:16][C:7]1([C:6]([C:5]([C:4]([C:9]([C:8]1([H:18])[H:19])([H:20])[H:21])([H:11])[C:2](=[O:1])[O:3][H:10])([H:12])[H:13])([H:14])[H:15])[H:17],21.0,5.0
17,0.044402380952380964,AM1BCC,AmberTools,,,H,,18,[H:16][C:7]1([C:6]([C:5]([C:4]([C:9]([C:8]1([H:18])[H:19])([H:20])[H:21])([H:11])[C:2](=[O:1])[O:3][H:10])([H:12])[H:13])([H:14])[H:15])[H:17],21.0,5.0
18,0.044402380952380964,AM1BCC,AmberTools,,,H,,19,[H:16][C:7]1([C:6]([C:5]([C:4]([C:9]([C:8]1([H:18])[H:19])([H:20])[H:21])([H:11])[C:2](=[O:1])[O:3][H:10])([H:12])[H:13])([H:14])[H:15])[H:17],21.0,5.0
19,0.05515238095238096,AM1BCC,AmberTools,,,H,,20,[H:16][C:7]1([C:6]([C:5]([C:4]([C:9]([C:8]1([H:18])[H:19])([H:20])[H:21])([H:11])[C:2](=[O:1])[O:3][H:10])([H:12])[H:13])([H:14])[H:15])[H:17],21.0,5.0
20,0.05515238095238096,AM1BCC,AmberTools,,,H,,21,[H:16][C:7]1([C:6]([C:5]([C:4]([C:9]([C:8]1([H:18])[H:19])([H:20])[H:21])([H:11])[C:2](=[O:1])[O:3][H:10])([H:12])[H:13])([H:14])[H:15])[H:17],21.0,5.0
0,-0.5516600030518714,AM1BCC,OpenEye,,,O,,1,[H:16][C:7]1([C:6]([C:5]([C:4]([C:9]([C:8]1([H:18])[H:19])([H:20])[H:21])([H:11])[C:2](=[O:1])[O:3][H:10])([H:12])[H:13])([H:14])[H:15])[H:17],21.0,6.0
1,0.6338800174139795,AM1BCC,OpenEye,,,C,,2,[H:16][C:7]1([C:6]([C:5]([C:4]([C:9]([C:8]1([H:18])[H:19])([H:20])[H:21])([H:11])[C:2](=[O:1])[O:3][H:10])([H:12])[H:13])([H:14])[H:15])[H:17],21.0,6.0
2,-0.6023799794770422,AM1BCC,OpenEye,,,O,,3,[H:16][C:7]1([C:6]([C:5]([C:4]([C:9]([C:8]1([H:18])[H:19])([H:20])[H:21])([H:11])[C:2](=[O:1])[O:3][H:10])([H:12])[H:13])([H:14])[H:15])[H:17],21.0,6.0
3,-0.1068800034977141,AM1BCC,OpenEye,,,C,,4,[H:16][C:7]1([C:6]([C:5]([C:4]([C:9]([C:8]1([H:18])[H:19])([H:20])[H:21])([H:11])[C:2](=[O:1])[O:3][H:10])([H:12])[H:13])([H:14])[H:15])[H:17],21.0,6.0
4,-0.07033000318776994,AM1BCC,OpenEye,,,C,,5,[H:16][C:7]1([C:6]([C:5]([C:4]([C:9]([C:8]1([H:18])[H:19])([H:20])[H:21])([H:11])[C:2](=[O:1])[O:3][H:10])([H:12])[H:13])([H:14])[H:15])[H:17],21.0,6.0
5,-0.07729999898445039,AM1BCC,OpenEye,,,C,,6,[H:16][C:7]1([C:6]([C:5]([C:4]([C:9]([C:8]1([H:18])[H:19])([H:20])[H:21])([H:11])[C:2](=[O:1])[O:3][H:10])([H:12])[H:13])([H:14])[H:15])[H:17],21.0,6.0
6,-0.08020000337135225,AM1BCC,OpenEye,,,C,,7,[H:16][C:7]1([C:6]([C:5]([C:4]([C:9]([C:8]1([H:18])[H:19])([H:20])[H:21])([H:11])[C:2](=[O:1])[O:3][H:10])([H:12])[H:13])([H:14])[H:15])[H:17],21.0,6.0
7,-0.07729999898445039,AM1BCC,OpenEye,,,C,,8,[H:16][C:7]1([C:6]([C:5]([C:4]([C:9]([C:8]1([H:18])[H:19])([H:20])[H:21])([H:11])[C:2](=[O:1])[O:3][H:10])([H:12])[H:13])([H:14])[H:15])[H:17],21.0,6.0
8,-0.07033000318776994,AM1BCC,OpenEye,,,C,,9,[H:16][C:7]1([C:6]([C:5]([C:4]([C:9]([C:8]1([H:18])[H:19])([H:20])[H:21])([H:11])[C:2](=[O:1])[O:3][H:10])([H:12])[H:13])([H:14])[H:15])[H:17],21.0,6.0
9,0.44225999535549254,AM1BCC,OpenEye,,,H,,10,[H:16][C:7]1([C:6]([C:5]([C:4]([C:9]([C:8]1([H:18])[H:19])([H:20])[H:21])([H:11])[C:2](=[O:1])[O:3][H:10])([H:12])[H:13])([H:14])[H:15])[H:17],21.0,6.0
10,0.08209999473322005,AM1BCC,OpenEye,,,H,,11,[H:16][C:7]1([C:6]([C:5]([C:4]([C:9]([C:8]1([H:18])[H:19])([H:20])[H:21])([H:11])[C:2](=[O:1])[O:3][H:10])([H:12])[H:13])([H:14])[H:15])[H:17],21.0,6.0
11,0.05476999850500198,AM1BCC,OpenEye,,,H,,12,[H:16][C:7]1([C:6]([C:5]([C:4]([C:9]([C:8]1([H:18])[H:19])([H:20])[H:21])([H:11])[C:2](=[O:1])[O:3][H:10])([H:12])[H:13])([H:14])[H:15])[H:17],21.0,6.0
12,0.05476999850500198,AM1BCC,OpenEye,,,H,,13,[H:16][C:7]1([C:6]([C:5]([C:4]([C:9]([C:8]1([H:18])[H:19])([H:20])[H:21])([H:11])[C:2](=[O:1])[O:3][H:10])([H:12])[H:13])([H:14])[H:15])[H:17],21.0,6.0
13,0.04382999809015365,AM1BCC,OpenEye,,,H,,14,[H:16][C:7]1([C:6]([C:5]([C:4]([C:9]([C:8]1([H:18])[H:19])([H:20])[H:21])([H:11])[C:2](=[O:1])[O:3][H:10])([H:12])[H:13])([H:14])[H:15])[H:17],21.0,6.0
14,0.04382999809015365,AM1BCC,OpenEye,,,H,,15,[H:16][C:7]1([C:6]([C:5]([C:4]([C:9]([C:8]1([H:18])[H:19])([H:20])[H:21])([H:11])[C:2](=[O:1])[O:3][H:10])([H:12])[H:13])([H:14])[H:15])[H:17],21.0,6.0
15,0.04186999992955299,AM1BCC,OpenEye,,,H,,16,[H:16][C:7]1([C:6]([C:5]([C:4]([C:9]([C:8]1([H:18])[H:19])([H:20])[H:21])([H:11])[C:2](=[O:1])[O:3][H:10])([H:12])[H:13])([H:14])[H:15])[H:17],21.0,6.0
16,0.04186999992955299,AM1BCC,OpenEye,,,H,,17,[H:16][C:7]1([C:6]([C:5]([C:4]([C:9]([C:8]1([H:18])[H:19])([H:20])[H:21])([H:11])[C:2](=[O:1])[O:3][H:10])([H:12])[H:13])([H:14])[H:15])[H:17],21.0,6.0
17,0.04382999809015365,AM1BCC,OpenEye,,,H,,18,[H:16][C:7]1([C:6]([C:5]([C:4]([C:9]([C:8]1([H:18])[H:19])([H:20])[H:21])([H:11])[C:2](=[O:1])[O:3][H:10])([H:12])[H:13])([H:14])[H:15])[H:17],21.0,6.0
18,0.04382999809015365,AM1BCC,OpenEye,,,H,,19,[H:16][C:7]1([C:6]([C:5]([C:4]([C:9]([C:8]1([H:18])[H:19])([H:20])[H:21])([H:11])[C:2](=[O:1])[O:3][H:10])([H:12])[H:13])([H:14])[H:15])[H:17],21.0,6.0
19,0.05476999850500198,AM1BCC,OpenEye,,,H,,20,[H:16][C:7]1([C:6]([C:5]([C:4]([C:9]([C:8]1([H:18])[H:19])([H:20])[H:21])([H:11])[C:2](=[O:1])[O:3][H:10])([H:12])[H:13])([H:14])[H:15])[H:17],21.0,6.0
20,0.05476999850500198,AM1BCC,OpenEye,,,H,,21,[H:16][C:7]1([C:6]([C:5]([C:4]([C:9]([C:8]1([H:18])[H:19])([H:20])[H:21])([H:11])[C:2](=[O:1])[O:3][H:10])([H:12])[H:13])([H:14])[H:15])[H:17],21.0,6.0
0,-0.5510476190476191,AM1BCC,AmberTools,,,O,,1,[H:16][C:7]1([C:6]([C:5]([C:4]([C:9]([C:8]1([H:18])[H:19])([H:20])[H:21])([H:11])[C:2](=[O:1])[O:3][H:10])([H:12])[H:13])([H:14])[H:15])[H:17],21.0,6.0
1,0.6360523809523809,AM1BCC,AmberTools,,,C,,2,[H:16][C:7]1([C:6]([C:5]([C:4]([C:9]([C:8]1([H:18])[H:19])([H:20])[H:21])([H:11])[C:2](=[O:1])[O:3][H:10])([H:12])[H:13])([H:14])[H:15])[H:17],21.0,6.0
2,-0.610147619047619,AM1BCC,AmberTools,,,O,,3,[H:16][C:7]1([C:6]([C:5]([C:4]([C:9]([C:8]1([H:18])[H:19])([H:20])[H:21])([H:11])[C:2](=[O:1])[O:3][H:10])([H:12])[H:13])([H:14])[H:15])[H:17],21.0,6.0
3,-0.10374761904761905,AM1BCC,AmberTools,,,C,,4,[H:16][C:7]1([C:6]([C:5]([C:4]([C:9]([C:8]1([H:18])[H:19])([H:20])[H:21])([H:11])[C:2](=[O:1])[O:3][H:10])([H:12])[H:13])([H:14])[H:15])[H:17],21.0,6.0
4,-0.07394761904761904,AM1BCC,AmberTools,,,C,,5,[H:16][C:7]1([C:6]([C:5]([C:4]([C:9]([C:8]1([H:18])[H:19])([H:20])[H:21])([H:11])[C:2](=[O:1])[O:3][H:10])([H:12])[H:13])([H:14])[H:15])[H:17],21.0,6.0
5,-0.07544761904761904,AM1BCC,AmberTools,,,C,,6,[H:16][C:7]1([C:6]([C:5]([C:4]([C:9]([C:8]1([H:18])[H:19])([H:20])[H:21])([H:11])[C:2](=[O:1])[O:3][H:10])([H:12])[H:13])([H:14])[H:15])[H:17],21.0,6.0
6,-0.07944761904761904,AM1BCC,AmberTools,,,C,,7,[H:16][C:7]1([C:6]([C:5]([C:4]([C:9]([C:8]1([H:18])[H:19])([H:20])[H:21])([H:11])[C:2](=[O:1])[O:3][H:10])([H:12])[H:13])([H:14])[H:15])[H:17],21.0,6.0
7,-0.07544761904761904,AM1BCC,AmberTools,,,C,,8,[H:16][C:7]1([C:6]([C:5]([C:4]([C:9]([C:8]1([H:18])[H:19])([H:20])[H:21])([H:11])[C:2](=[O:1])[O:3][H:10])([H:12])[H:13])([H:14])[H:15])[H:17],21.0,6.0
8,-0.07394761904761904,AM1BCC,AmberTools,,,C,,9,[H:16][C:7]1([C:6]([C:5]([C:4]([C:9]([C:8]1([H:18])[H:19])([H:20])[H:21])([H:11])[C:2](=[O:1])[O:3][H:10])([H:12])[H:13])([H:14])[H:15])[H:17],21.0,6.0
9,0.441952380952381,AM1BCC,AmberTools,,,H,,10,[H:16][C:7]1([C:6]([C:5]([C:4]([C:9]([C:8]1([H:18])[H:19])([H:20])[H:21])([H:11])[C:2](=[O:1])[O:3][H:10])([H:12])[H:13])([H:14])[H:15])[H:17],21.0,6.0
10,0.08265238095238095,AM1BCC,AmberTools,,,H,,11,[H:16][C:7]1([C:6]([C:5]([C:4]([C:9]([C:8]1([H:18])[H:19])([H:20])[H:21])([H:11])[C:2](=[O:1])[O:3][H:10])([H:12])[H:13])([H:14])[H:15])[H:17],21.0,6.0
11,0.05515238095238096,AM1BCC,AmberTools,,,H,,12,[H:16][C:7]1([C:6]([C:5]([C:4]([C:9]([C:8]1([H:18])[H:19])([H:20])[H:21])([H:11])[C:2](=[O:1])[O:3][H:10])([H:12])[H:13])([H:14])[H:15])[H:17],21.0,6.0
12,0.05515238095238096,AM1BCC,AmberTools,,,H,,13,[H:16][C:7]1([C:6]([C:5]([C:4]([C:9]([C:8]1([H:18])[H:19])([H:20])[H:21])([H:11])[C:2](=[O:1])[O:3][H:10])([H:12])[H:13])([H:14])[H:15])[H:17],21.0,6.0
13,0.044402380952380964,AM1BCC,AmberTools,,,H,,14,[H:16][C:7]1([C:6]([C:5]([C:4]([C:9]([C:8]1([H:18])[H:19])([H:20])[H:21])([H:11])[C:2](=[O:1])[O:3][H:10])([H:12])[H:13])([H:14])[H:15])[H:17],21.0,6.0
14,0.044402380952380964,AM1BCC,AmberTools,,,H,,15,[H:16][C:7]1([C:6]([C:5]([C:4]([C:9]([C:8]1([H:18])[H:19])([H:20])[H:21])([H:11])[C:2](=[O:1])[O:3][H:10])([H:12])[H:13])([H:14])[H:15])[H:17],21.0,6.0
15,0.04215238095238096,AM1BCC,AmberTools,,,H,,16,[H:16][C:7]1([C:6]([C:5]([C:4]([C:9]([C:8]1([H:18])[H:19])([H:20])[H:21])([H:11])[C:2](=[O:1])[O:3][H:10])([H:12])[H:13])([H:14])[H:15])[H:17],21.0,6.0
16,0.04215238095238096,AM1BCC,AmberTools,,,H,,17,[H:16][C:7]1([C:6]([C:5]([C:4]([C:9]([C:8]1([H:18])[H:19])([H:20])[H:21])([H:11])[C:2](=[O:1])[O:3][H:10])([H:12])[H:13])([H:14])[H:15])[H:17],21.0,6.0
17,0.044402380952380964,AM1BCC,AmberTools,,,H,,18,[H:16][C:7]1([C:6]([C:5]([C:4]([C:9]([C:8]1([H:18])[H:19])([H:20])[H:21])([H:11])[C:2](=[O:1])[O:3][H:10])([H:12])[H:13])([H:14])[H:15])[H:17],21.0,6.0
18,0.044402380952380964,AM1BCC,AmberTools,,,H,,19,[H:16][C:7]1([C:6]([C:5]([C:4]([C:9]([C:8]1([H:18])[H:19])([H:20])[H:21])([H:11])[C:2](=[O:1])[O:3][H:10])([H:12])[H:13])([H:14])[H:15])[H:17],21.0,6.0
19,0.05515238095238096,AM1BCC,AmberTools,,,H,,20,[H:16][C:7]1([C:6]([C:5]([C:4]([C:9]([C:8]1([H:18])[H:19])([H:20])[H:21])([H:11])[C:2](=[O:1])[O:3][H:10])([H:12])[H:13])([H:14])[H:15])[H:17],21.0,6.0
20,0.05515238095238096,AM1BCC,AmberTools,,,H,,21,[H:16][C:7]1([C:6]([C:5]([C:4]([C:9]([C:8]1([H:18])[H:19])([H:20])[H:21])([H:11])[C:2](=[O:1])[O:3][H:10])([H:12])[H:13])([H:14])[H:15])[H:17],21.0,6.0
0,-0.5516600030518714,AM1BCC,OpenEye,,,O,,1,[H:16][C:7]1([C:6]([C:5]([C:4]([C:9]([C:8]1([H:18])[H:19])([H:20])[H:21])([H:11])[C:2](=[O:1])[O:3][H:10])([H:12])[H:13])([H:14])[H:15])[H:17],21.0,7.0
1,0.6338800174139795,AM1BCC,OpenEye,,,C,,2,[H:16][C:7]1([C:6]([C:5]([C:4]([C:9]([C:8]1([H:18])[H:19])([H:20])[H:21])([H:11])[C:2](=[O:1])[O:3][H:10])([H:12])[H:13])([H:14])[H:15])[H:17],21.0,7.0
2,-0.6023799794770422,AM1BCC,OpenEye,,,O,,3,[H:16][C:7]1([C:6]([C:5]([C:4]([C:9]([C:8]1([H:18])[H:19])([H:20])[H:21])([H:11])[C:2](=[O:1])[O:3][H:10])([H:12])[H:13])([H:14])[H:15])[H:17],21.0,7.0
3,-0.1068800034977141,AM1BCC,OpenEye,,,C,,4,[H:16][C:7]1([C:6]([C:5]([C:4]([C:9]([C:8]1([H:18])[H:19])([H:20])[H:21])([H:11])[C:2](=[O:1])[O:3][H:10])([H:12])[H:13])([H:14])[H:15])[H:17],21.0,7.0
4,-0.07033000318776994,AM1BCC,OpenEye,,,C,,5,[H:16][C:7]1([C:6]([C:5]([C:4]([C:9]([C:8]1([H:18])[H:19])([H:20])[H:21])([H:11])[C:2](=[O:1])[O:3][H:10])([H:12])[H:13])([H:14])[H:15])[H:17],21.0,7.0
5,-0.07729999898445039,AM1BCC,OpenEye,,,C,,6,[H:16][C:7]1([C:6]([C:5]([C:4]([C:9]([C:8]1([H:18])[H:19])([H:20])[H:21])([H:11])[C:2](=[O:1])[O:3][H:10])([H:12])[H:13])([H:14])[H:15])[H:17],21.0,7.0
6,-0.08020000337135225,AM1BCC,OpenEye,,,C,,7,[H:16][C:7]1([C:6]([C:5]([C:4]([C:9]([C:8]1([H:18])[H:19])([H:20])[H:21])([H:11])[C:2](=[O:1])[O:3][H:10])([H:12])[H:13])([H:14])[H:15])[H:17],21.0,7.0
7,-0.07729999898445039,AM1BCC,OpenEye,,,C,,8,[H:16][C:7]1([C:6]([C:5]([C:4]([C:9]([C:8]1([H:18])[H:19])([H:20])[H:21])([H:11])[C:2](=[O:1])[O:3][H:10])([H:12])[H:13])([H:14])[H:15])[H:17],21.0,7.0
8,-0.07033000318776994,AM1BCC,OpenEye,,,C,,9,[H:16][C:7]1([C:6]([C:5]([C:4]([C:9]([C:8]1([H:18])[H:19])([H:20])[H:21])([H:11])[C:2](=[O:1])[O:3][H:10])([H:12])[H:13])([H:14])[H:15])[H:17],21.0,7.0
9,0.44225999535549254,AM1BCC,OpenEye,,,H,,10,[H:16][C:7]1([C:6]([C:5]([C:4]([C:9]([C:8]1([H:18])[H:19])([H:20])[H:21])([H:11])[C:2](=[O:1])[O:3][H:10])([H:12])[H:13])([H:14])[H:15])[H:17],21.0,7.0
10,0.08209999473322005,AM1BCC,OpenEye,,,H,,11,[H:16][C:7]1([C:6]([C:5]([C:4]([C:9]([C:8]1([H:18])[H:19])([H:20])[H:21])([H:11])[C:2](=[O:1])[O:3][H:10])([H:12])[H:13])([H:14])[H:15])[H:17],21.0,7.0
11,0.05476999850500198,AM1BCC,OpenEye,,,H,,12,[H:16][C:7]1([C:6]([C:5]([C:4]([C:9]([C:8]1([H:18])[H:19])([H:20])[H:21])([H:11])[C:2](=[O:1])[O:3][H:10])([H:12])[H:13])([H:14])[H:15])[H:17],21.0,7.0
12,0.05476999850500198,AM1BCC,OpenEye,,,H,,13,[H:16][C:7]1([C:6]([C:5]([C:4]([C:9]([C:8]1([H:18])[H:19])([H:20])[H:21])([H:11])[C:2](=[O:1])[O:3][H:10])([H:12])[H:13])([H:14])[H:15])[H:17],21.0,7.0
13,0.04382999809015365,AM1BCC,OpenEye,,,H,,14,[H:16][C:7]1([C:6]([C:5]([C:4]([C:9]([C:8]1([H:18])[H:19])([H:20])[H:21])([H:11])[C:2](=[O:1])[O:3][H:10])([H:12])[H:13])([H:14])[H:15])[H:17],21.0,7.0
14,0.04382999809015365,AM1BCC,OpenEye,,,H,,15,[H:16][C:7]1([C:6]([C:5]([C:4]([C:9]([C:8]1([H:18])[H:19])([H:20])[H:21])([H:11])[C:2](=[O:1])[O:3][H:10])([H:12])[H:13])([H:14])[H:15])[H:17],21.0,7.0
15,0.04186999992955299,AM1BCC,OpenEye,,,H,,16,[H:16][C:7]1([C:6]([C:5]([C:4]([C:9]([C:8]1([H:18])[H:19])([H:20])[H:21])([H:11])[C:2](=[O:1])[O:3][H:10])([H:12])[H:13])([H:14])[H:15])[H:17],21.0,7.0
16,0.04186999992955299,AM1BCC,OpenEye,,,H,,17,[H:16][C:7]1([C:6]([C:5]([C:4]([C:9]([C:8]1([H:18])[H:19])([H:20])[H:21])([H:11])[C:2](=[O:1])[O:3][H:10])([H:12])[H:13])([H:14])[H:15])[H:17],21.0,7.0
17,0.04382999809015365,AM1BCC,OpenEye,,,H,,18,[H:16][C:7]1([C:6]([C:5]([C:4]([C:9]([C:8]1([H:18])[H:19])([H:20])[H:21])([H:11])[C:2](=[O:1])[O:3][H:10])([H:12])[H:13])([H:14])[H:15])[H:17],21.0,7.0
18,0.04382999809015365,AM1BCC,OpenEye,,,H,,19,[H:16][C:7]1([C:6]([C:5]([C:4]([C:9]([C:8]1([H:18])[H:19])([H:20])[H:21])([H:11])[C:2](=[O:1])[O:3][H:10])([H:12])[H:13])([H:14])[H:15])[H:17],21.0,7.0
19,0.05476999850500198,AM1BCC,OpenEye,,,H,,20,[H:16][C:7]1([C:6]([C:5]([C:4]([C:9]([C:8]1([H:18])[H:19])([H:20])[H:21])([H:11])[C:2](=[O:1])[O:3][H:10])([H:12])[H:13])([H:14])[H:15])[H:17],21.0,7.0
20,0.05476999850500198,AM1BCC,OpenEye,,,H,,21,[H:16][C:7]1([C:6]([C:5]([C:4]([C:9]([C:8]1([H:18])[H:19])([H:20])[H:21])([H:11])[C:2](=[O:1])[O:3][H:10])([H:12])[H:13])([H:14])[H:15])[H:17],21.0,7.0
0,-0.5510476190476191,AM1BCC,AmberTools,,,O,,1,[H:16][C:7]1([C:6]([C:5]([C:4]([C:9]([C:8]1([H:18])[H:19])([H:20])[H:21])([H:11])[C:2](=[O:1])[O:3][H:10])([H:12])[H:13])([H:14])[H:15])[H:17],21.0,7.0
1,0.6360523809523809,AM1BCC,AmberTools,,,C,,2,[H:16][C:7]1([C:6]([C:5]([C:4]([C:9]([C:8]1([H:18])[H:19])([H:20])[H:21])([H:11])[C:2](=[O:1])[O:3][H:10])([H:12])[H:13])([H:14])[H:15])[H:17],21.0,7.0
2,-0.610147619047619,AM1BCC,AmberTools,,,O,,3,[H:16][C:7]1([C:6]([C:5]([C:4]([C:9]([C:8]1([H:18])[H:19])([H:20])[H:21])([H:11])[C:2](=[O:1])[O:3][H:10])([H:12])[H:13])([H:14])[H:15])[H:17],21.0,7.0
3,-0.10374761904761905,AM1BCC,AmberTools,,,C,,4,[H:16][C:7]1([C:6]([C:5]([C:4]([C:9]([C:8]1([H:18])[H:19])([H:20])[H:21])([H:11])[C:2](=[O:1])[O:3][H:10])([H:12])[H:13])([H:14])[H:15])[H:17],21.0,7.0
4,-0.07394761904761904,AM1BCC,AmberTools,,,C,,5,[H:16][C:7]1([C:6]([C:5]([C:4]([C:9]([C:8]1([H:18])[H:19])([H:20])[H:21])([H:11])[C:2](=[O:1])[O:3][H:10])([H:12])[H:13])([H:14])[H:15])[H:17],21.0,7.0
5,-0.07544761904761904,AM1BCC,AmberTools,,,C,,6,[H:16][C:7]1([C:6]([C:5]([C:4]([C:9]([C:8]1([H:18])[H:19])([H:20])[H:21])([H:11])[C:2](=[O:1])[O:3][H:10])([H:12])[H:13])([H:14])[H:15])[H:17],21.0,7.0
6,-0.07944761904761904,AM1BCC,AmberTools,,,C,,7,[H:16][C:7]1([C:6]([C:5]([C:4]([C:9]([C:8]1([H:18])[H:19])([H:20])[H:21])([H:11])[C:2](=[O:1])[O:3][H:10])([H:12])[H:13])([H:14])[H:15])[H:17],21.0,7.0
7,-0.07544761904761904,AM1BCC,AmberTools,,,C,,8,[H:16][C:7]1([C:6]([C:5]([C:4]([C:9]([C:8]1([H:18])[H:19])([H:20])[H:21])([H:11])[C:2](=[O:1])[O:3][H:10])([H:12])[H:13])([H:14])[H:15])[H:17],21.0,7.0
8,-0.07394761904761904,AM1BCC,AmberTools,,,C,,9,[H:16][C:7]1([C:6]([C:5]([C:4]([C:9]([C:8]1([H:18])[H:19])([H:20])[H:21])([H:11])[C:2](=[O:1])[O:3][H:10])([H:12])[H:13])([H:14])[H:15])[H:17],21.0,7.0
9,0.441952380952381,AM1BCC,AmberTools,,,H,,10,[H:16][C:7]1([C:6]([C:5]([C:4]([C:9]([C:8]1([H:18])[H:19])([H:20])[H:21])([H:11])[C:2](=[O:1])[O:3][H:10])([H:12])[H:13])([H:14])[H:15])[H:17],21.0,7.0
10,0.08265238095238095,AM1BCC,AmberTools,,,H,,11,[H:16][C:7]1([C:6]([C:5]([C:4]([C:9]([C:8]1([H:18])[H:19])([H:20])[H:21])([H:11])[C:2](=[O:1])[O:3][H:10])([H:12])[H:13])([H:14])[H:15])[H:17],21.0,7.0
11,0.05515238095238096,AM1BCC,AmberTools,,,H,,12,[H:16][C:7]1([C:6]([C:5]([C:4]([C:9]([C:8]1([H:18])[H:19])([H:20])[H:21])([H:11])[C:2](=[O:1])[O:3][H:10])([H:12])[H:13])([H:14])[H:15])[H:17],21.0,7.0
12,0.05515238095238096,AM1BCC,AmberTools,,,H,,13,[H:16][C:7]1([C:6]([C:5]([C:4]([C:9]([C:8]1([H:18])[H:19])([H:20])[H:21])([H:11])[C:2](=[O:1])[O:3][H:10])([H:12])[H:13])([H:14])[H:15])[H:17],21.0,7.0
13,0.044402380952380964,AM1BCC,AmberTools,,,H,,14,[H:16][C:7]1([C:6]([C:5]([C:4]([C:9]([C:8]1([H:18])[H:19])([H:20])[H:21])([H:11])[C:2](=[O:1])[O:3][H:10])([H:12])[H:13])([H:14])[H:15])[H:17],21.0,7.0
14,0.044402380952380964,AM1BCC,AmberTools,,,H,,15,[H:16][C:7]1([C:6]([C:5]([C:4]([C:9]([C:8]1([H:18])[H:19])([H:20])[H:21])([H:11])[C:2](=[O:1])[O:3][H:10])([H:12])[H:13])([H:14])[H:15])[H:17],21.0,7.0
15,0.04215238095238096,AM1BCC,AmberTools,,,H,,16,[H:16][C:7]1([C:6]([C:5]([C:4]([C:9]([C:8]1([H:18])[H:19])([H:20])[H:21])([H:11])[C:2](=[O:1])[O:3][H:10])([H:12])[H:13])([H:14])[H:15])[H:17],21.0,7.0
16,0.04215238095238096,AM1BCC,AmberTools,,,H,,17,[H:16][C:7]1([C:6]([C:5]([C:4]([C:9]([C:8]1([H:18])[H:19])([H:20])[H:21])([H:11])[C:2](=[O:1])[O:3][H:10])([H:12])[H:13])([H:14])[H:15])[H:17],21.0,7.0
17,0.044402380952380964,AM1BCC,AmberTools,,,H,,18,[H:16][C:7]1([C:6]([C:5]([C:4]([C:9]([C:8]1([H:18])[H:19])([H:20])[H:21])([H:11])[C:2](=[O:1])[O:3][H:10])([H:12])[H:13])([H:14])[H:15])[H:17],21.0,7.0
18,0.044402380952380964,AM1BCC,AmberTools,,,H,,19,[H:16][C:7]1([C:6]([C:5]([C:4]([C:9]([C:8]1([H:18])[H:19])([H:20])[H:21])([H:11])[C:2](=[O:1])[O:3][H:10])([H:12])[H:13])([H:14])[H:15])[H:17],21.0,7.0
19,0.05515238095238096,AM1BCC,AmberTools,,,H,,20,[H:16][C:7]1([C:6]([C:5]([C:4]([C:9]([C:8]1([H:18])[H:19])([H:20])[H:21])([H:11])[C:2](=[O:1])[O:3][H:10])([H:12])[H:13])([H:14])[H:15])[H:17],21.0,7.0
20,0.05515238095238096,AM1BCC,AmberTools,,,H,,21,[H:16][C:7]1([C:6]([C:5]([C:4]([C:9]([C:8]1([H:18])[H:19])([H:20])[H:21])([H:11])[C:2](=[O:1])[O:3][H:10])([H:12])[H:13])([H:14])[H:15])[H:17],21.0,7.0
0,-0.5516600030518714,AM1BCC,OpenEye,,,O,,1,[H:16][C:7]1([C:6]([C:5]([C:4]([C:9]([C:8]1([H:18])[H:19])([H:20])[H:21])([H:11])[C:2](=[O:1])[O:3][H:10])([H:12])[H:13])([H:14])[H:15])[H:17],21.0,8.0
1,0.6338800174139795,AM1BCC,OpenEye,,,C,,2,[H:16][C:7]1([C:6]([C:5]([C:4]([C:9]([C:8]1([H:18])[H:19])([H:20])[H:21])([H:11])[C:2](=[O:1])[O:3][H:10])([H:12])[H:13])([H:14])[H:15])[H:17],21.0,8.0
2,-0.6023799794770422,AM1BCC,OpenEye,,,O,,3,[H:16][C:7]1([C:6]([C:5]([C:4]([C:9]([C:8]1([H:18])[H:19])([H:20])[H:21])([H:11])[C:2](=[O:1])[O:3][H:10])([H:12])[H:13])([H:14])[H:15])[H:17],21.0,8.0
3,-0.1068800034977141,AM1BCC,OpenEye,,,C,,4,[H:16][C:7]1([C:6]([C:5]([C:4]([C:9]([C:8]1([H:18])[H:19])([H:20])[H:21])([H:11])[C:2](=[O:1])[O:3][H:10])([H:12])[H:13])([H:14])[H:15])[H:17],21.0,8.0
4,-0.07033000318776994,AM1BCC,OpenEye,,,C,,5,[H:16][C:7]1([C:6]([C:5]([C:4]([C:9]([C:8]1([H:18])[H:19])([H:20])[H:21])([H:11])[C:2](=[O:1])[O:3][H:10])([H:12])[H:13])([H:14])[H:15])[H:17],21.0,8.0
5,-0.07729999898445039,AM1BCC,OpenEye,,,C,,6,[H:16][C:7]1([C:6]([C:5]([C:4]([C:9]([C:8]1([H:18])[H:19])([H:20])[H:21])([H:11])[C:2](=[O:1])[O:3][H:10])([H:12])[H:13])([H:14])[H:15])[H:17],21.0,8.0
6,-0.08020000337135225,AM1BCC,OpenEye,,,C,,7,[H:16][C:7]1([C:6]([C:5]([C:4]([C:9]([C:8]1([H:18])[H:19])([H:20])[H:21])([H:11])[C:2](=[O:1])[O:3][H:10])([H:12])[H:13])([H:14])[H:15])[H:17],21.0,8.0
7,-0.07729999898445039,AM1BCC,OpenEye,,,C,,8,[H:16][C:7]1([C:6]([C:5]([C:4]([C:9]([C:8]1([H:18])[H:19])([H:20])[H:21])([H:11])[C:2](=[O:1])[O:3][H:10])([H:12])[H:13])([H:14])[H:15])[H:17],21.0,8.0
8,-0.07033000318776994,AM1BCC,OpenEye,,,C,,9,[H:16][C:7]1([C:6]([C:5]([C:4]([C:9]([C:8]1([H:18])[H:19])([H:20])[H:21])([H:11])[C:2](=[O:1])[O:3][H:10])([H:12])[H:13])([H:14])[H:15])[H:17],21.0,8.0
9,0.44225999535549254,AM1BCC,OpenEye,,,H,,10,[H:16][C:7]1([C:6]([C:5]([C:4]([C:9]([C:8]1([H:18])[H:19])([H:20])[H:21])([H:11])[C:2](=[O:1])[O:3][H:10])([H:12])[H:13])([H:14])[H:15])[H:17],21.0,8.0
10,0.08209999473322005,AM1BCC,OpenEye,,,H,,11,[H:16][C:7]1([C:6]([C:5]([C:4]([C:9]([C:8]1([H:18])[H:19])([H:20])[H:21])([H:11])[C:2](=[O:1])[O:3][H:10])([H:12])[H:13])([H:14])[H:15])[H:17],21.0,8.0
11,0.05476999850500198,AM1BCC,OpenEye,,,H,,12,[H:16][C:7]1([C:6]([C:5]([C:4]([C:9]([C:8]1([H:18])[H:19])([H:20])[H:21])([H:11])[C:2](=[O:1])[O:3][H:10])([H:12])[H:13])([H:14])[H:15])[H:17],21.0,8.0
12,0.05476999850500198,AM1BCC,OpenEye,,,H,,13,[H:16][C:7]1([C:6]([C:5]([C:4]([C:9]([C:8]1([H:18])[H:19])([H:20])[H:21])([H:11])[C:2](=[O:1])[O:3][H:10])([H:12])[H:13])([H:14])[H:15])[H:17],21.0,8.0
13,0.04382999809015365,AM1BCC,OpenEye,,,H,,14,[H:16][C:7]1([C:6]([C:5]([C:4]([C:9]([C:8]1([H:18])[H:19])([H:20])[H:21])([H:11])[C:2](=[O:1])[O:3][H:10])([H:12])[H:13])([H:14])[H:15])[H:17],21.0,8.0
14,0.04382999809015365,AM1BCC,OpenEye,,,H,,15,[H:16][C:7]1([C:6]([C:5]([C:4]([C:9]([C:8]1([H:18])[H:19])([H:20])[H:21])([H:11])[C:2](=[O:1])[O:3][H:10])([H:12])[H:13])([H:14])[H:15])[H:17],21.0,8.0
15,0.04186999992955299,AM1BCC,OpenEye,,,H,,16,[H:16][C:7]1([C:6]([C:5]([C:4]([C:9]([C:8]1([H:18])[H:19])([H:20])[H:21])([H:11])[C:2](=[O:1])[O:3][H:10])([H:12])[H:13])([H:14])[H:15])[H:17],21.0,8.0
16,0.04186999992955299,AM1BCC,OpenEye,,,H,,17,[H:16][C:7]1([C:6]([C:5]([C:4]([C:9]([C:8]1([H:18])[H:19])([H:20])[H:21])([H:11])[C:2](=[O:1])[O:3][H:10])([H:12])[H:13])([H:14])[H:15])[H:17],21.0,8.0
17,0.04382999809015365,AM1BCC,OpenEye,,,H,,18,[H:16][C:7]1([C:6]([C:5]([C:4]([C:9]([C:8]1([H:18])[H:19])([H:20])[H:21])([H:11])[C:2](=[O:1])[O:3][H:10])([H:12])[H:13])([H:14])[H:15])[H:17],21.0,8.0
18,0.04382999809015365,AM1BCC,OpenEye,,,H,,19,[H:16][C:7]1([C:6]([C:5]([C:4]([C:9]([C:8]1([H:18])[H:19])([H:20])[H:21])([H:11])[C:2](=[O:1])[O:3][H:10])([H:12])[H:13])([H:14])[H:15])[H:17],21.0,8.0
19,0.05476999850500198,AM1BCC,OpenEye,,,H,,20,[H:16][C:7]1([C:6]([C:5]([C:4]([C:9]([C:8]1([H:18])[H:19])([H:20])[H:21])([H:11])[C:2](=[O:1])[O:3][H:10])([H:12])[H:13])([H:14])[H:15])[H:17],21.0,8.0
20,0.05476999850500198,AM1BCC,OpenEye,,,H,,21,[H:16][C:7]1([C:6]([C:5]([C:4]([C:9]([C:8]1([H:18])[H:19])([H:20])[H:21])([H:11])[C:2](=[O:1])[O:3][H:10])([H:12])[H:13])([H:14])[H:15])[H:17],21.0,8.0
0,-0.5510476190476191,AM1BCC,AmberTools,,,O,,1,[H:16][C:7]1([C:6]([C:5]([C:4]([C:9]([C:8]1([H:18])[H:19])([H:20])[H:21])([H:11])[C:2](=[O:1])[O:3][H:10])([H:12])[H:13])([H:14])[H:15])[H:17],21.0,8.0
1,0.6360523809523809,AM1BCC,AmberTools,,,C,,2,[H:16][C:7]1([C:6]([C:5]([C:4]([C:9]([C:8]1([H:18])[H:19])([H:20])[H:21])([H:11])[C:2](=[O:1])[O:3][H:10])([H:12])[H:13])([H:14])[H:15])[H:17],21.0,8.0
2,-0.610147619047619,AM1BCC,AmberTools,,,O,,3,[H:16][C:7]1([C:6]([C:5]([C:4]([C:9]([C:8]1([H:18])[H:19])([H:20])[H:21])([H:11])[C:2](=[O:1])[O:3][H:10])([H:12])[H:13])([H:14])[H:15])[H:17],21.0,8.0
3,-0.10374761904761905,AM1BCC,AmberTools,,,C,,4,[H:16][C:7]1([C:6]([C:5]([C:4]([C:9]([C:8]1([H:18])[H:19])([H:20])[H:21])([H:11])[C:2](=[O:1])[O:3][H:10])([H:12])[H:13])([H:14])[H:15])[H:17],21.0,8.0
4,-0.07394761904761904,AM1BCC,AmberTools,,,C,,5,[H:16][C:7]1([C:6]([C:5]([C:4]([C:9]([C:8]1([H:18])[H:19])([H:20])[H:21])([H:11])[C:2](=[O:1])[O:3][H:10])([H:12])[H:13])([H:14])[H:15])[H:17],21.0,8.0
5,-0.07544761904761904,AM1BCC,AmberTools,,,C,,6,[H:16][C:7]1([C:6]([C:5]([C:4]([C:9]([C:8]1([H:18])[H:19])([H:20])[H:21])([H:11])[C:2](=[O:1])[O:3][H:10])([H:12])[H:13])([H:14])[H:15])[H:17],21.0,8.0
6,-0.07944761904761904,AM1BCC,AmberTools,,,C,,7,[H:16][C:7]1([C:6]([C:5]([C:4]([C:9]([C:8]1([H:18])[H:19])([H:20])[H:21])([H:11])[C:2](=[O:1])[O:3][H:10])([H:12])[H:13])([H:14])[H:15])[H:17],21.0,8.0
7,-0.07544761904761904,AM1BCC,AmberTools,,,C,,8,[H:16][C:7]1([C:6]([C:5]([C:4]([C:9]([C:8]1([H:18])[H:19])([H:20])[H:21])([H:11])[C:2](=[O:1])[O:3][H:10])([H:12])[H:13])([H:14])[H:15])[H:17],21.0,8.0
8,-0.07394761904761904,AM1BCC,AmberTools,,,C,,9,[H:16][C:7]1([C:6]([C:5]([C:4]([C:9]([C:8]1([H:18])[H:19])([H:20])[H:21])([H:11])[C:2](=[O:1])[O:3][H:10])([H:12])[H:13])([H:14])[H:15])[H:17],21.0,8.0
9,0.441952380952381,AM1BCC,AmberTools,,,H,,10,[H:16][C:7]1([C:6]([C:5]([C:4]([C:9]([C:8]1([H:18])[H:19])([H:20])[H:21])([H:11])[C:2](=[O:1])[O:3][H:10])([H:12])[H:13])([H:14])[H:15])[H:17],21.0,8.0
10,0.08265238095238095,AM1BCC,AmberTools,,,H,,11,[H:16][C:7]1([C:6]([C:5]([C:4]([C:9]([C:8]1([H:18])[H:19])([H:20])[H:21])([H:11])[C:2](=[O:1])[O:3][H:10])([H:12])[H:13])([H:14])[H:15])[H:17],21.0,8.0
11,0.05515238095238096,AM1BCC,AmberTools,,,H,,12,[H:16][C:7]1([C:6]([C:5]([C:4]([C:9]([C:8]1([H:18])[H:19])([H:20])[H:21])([H:11])[C:2](=[O:1])[O:3][H:10])([H:12])[H:13])([H:14])[H:15])[H:17],21.0,8.0
12,0.05515238095238096,AM1BCC,AmberTools,,,H,,13,[H:16][C:7]1([C:6]([C:5]([C:4]([C:9]([C:8]1([H:18])[H:19])([H:20])[H:21])([H:11])[C:2](=[O:1])[O:3][H:10])([H:12])[H:13])([H:14])[H:15])[H:17],21.0,8.0
13,0.044402380952380964,AM1BCC,AmberTools,,,H,,14,[H:16][C:7]1([C:6]([C:5]([C:4]([C:9]([C:8]1([H:18])[H:19])([H:20])[H:21])([H:11])[C:2](=[O:1])[O:3][H:10])([H:12])[H:13])([H:14])[H:15])[H:17],21.0,8.0
14,0.044402380952380964,AM1BCC,AmberTools,,,H,,15,[H:16][C:7]1([C:6]([C:5]([C:4]([C:9]([C:8]1([H:18])[H:19])([H:20])[H:21])([H:11])[C:2](=[O:1])[O:3][H:10])([H:12])[H:13])([H:14])[H:15])[H:17],21.0,8.0
15,0.04215238095238096,AM1BCC,AmberTools,,,H,,16,[H:16][C:7]1([C:6]([C:5]([C:4]([C:9]([C:8]1([H:18])[H:19])([H:20])[H:21])([H:11])[C:2](=[O:1])[O:3][H:10])([H:12])[H:13])([H:14])[H:15])[H:17],21.0,8.0
16,0.04215238095238096,AM1BCC,AmberTools,,,H,,17,[H:16][C:7]1([C:6]([C:5]([C:4]([C:9]([C:8]1([H:18])[H:19])([H:20])[H:21])([H:11])[C:2](=[O:1])[O:3][H:10])([H:12])[H:13])([H:14])[H:15])[H:17],21.0,8.0
17,0.044402380952380964,AM1BCC,AmberTools,,,H,,18,[H:16][C:7]1([C:6]([C:5]([C:4]([C:9]([C:8]1([H:18])[H:19])([H:20])[H:21])([H:11])[C:2](=[O:1])[O:3][H:10])([H:12])[H:13])([H:14])[H:15])[H:17],21.0,8.0
18,0.044402380952380964,AM1BCC,AmberTools,,,H,,19,[H:16][C:7]1([C:6]([C:5]([C:4]([C:9]([C:8]1([H:18])[H:19])([H:20])[H:21])([H:11])[C:2](=[O:1])[O:3][H:10])([H:12])[H:13])([H:14])[H:15])[H:17],21.0,8.0
19,0.05515238095238096,AM1BCC,AmberTools,,,H,,20,[H:16][C:7]1([C:6]([C:5]([C:4]([C:9]([C:8]1([H:18])[H:19])([H:20])[H:21])([H:11])[C:2](=[O:1])[O:3][H:10])([H:12])[H:13])([H:14])[H:15])[H:17],21.0,8.0
20,0.05515238095238096,AM1BCC,AmberTools,,,H,,21,[H:16][C:7]1([C:6]([C:5]([C:4]([C:9]([C:8]1([H:18])[H:19])([H:20])[H:21])([H:11])[C:2](=[O:1])[O:3][H:10])([H:12])[H:13])([H:14])[H:15])[H:17],21.0,8.0
0,-0.5516600030518714,AM1BCC,OpenEye,,,O,,1,[H:16][C:7]1([C:6]([C:5]([C:4]([C:9]([C:8]1([H:18])[H:19])([H:20])[H:21])([H:11])[C:2](=[O:1])[O:3][H:10])([H:12])[H:13])([H:14])[H:15])[H:17],21.0,9.0
1,0.6338800174139795,AM1BCC,OpenEye,,,C,,2,[H:16][C:7]1([C:6]([C:5]([C:4]([C:9]([C:8]1([H:18])[H:19])([H:20])[H:21])([H:11])[C:2](=[O:1])[O:3][H:10])([H:12])[H:13])([H:14])[H:15])[H:17],21.0,9.0
2,-0.6023799794770422,AM1BCC,OpenEye,,,O,,3,[H:16][C:7]1([C:6]([C:5]([C:4]([C:9]([C:8]1([H:18])[H:19])([H:20])[H:21])([H:11])[C:2](=[O:1])[O:3][H:10])([H:12])[H:13])([H:14])[H:15])[H:17],21.0,9.0
3,-0.1068800034977141,AM1BCC,OpenEye,,,C,,4,[H:16][C:7]1([C:6]([C:5]([C:4]([C:9]([C:8]1([H:18])[H:19])([H:20])[H:21])([H:11])[C:2](=[O:1])[O:3][H:10])([H:12])[H:13])([H:14])[H:15])[H:17],21.0,9.0
4,-0.07033000318776994,AM1BCC,OpenEye,,,C,,5,[H:16][C:7]1([C:6]([C:5]([C:4]([C:9]([C:8]1([H:18])[H:19])([H:20])[H:21])([H:11])[C:2](=[O:1])[O:3][H:10])([H:12])[H:13])([H:14])[H:15])[H:17],21.0,9.0
5,-0.07729999898445039,AM1BCC,OpenEye,,,C,,6,[H:16][C:7]1([C:6]([C:5]([C:4]([C:9]([C:8]1([H:18])[H:19])([H:20])[H:21])([H:11])[C:2](=[O:1])[O:3][H:10])([H:12])[H:13])([H:14])[H:15])[H:17],21.0,9.0
6,-0.08020000337135225,AM1BCC,OpenEye,,,C,,7,[H:16][C:7]1([C:6]([C:5]([C:4]([C:9]([C:8]1([H:18])[H:19])([H:20])[H:21])([H:11])[C:2](=[O:1])[O:3][H:10])([H:12])[H:13])([H:14])[H:15])[H:17],21.0,9.0
7,-0.07729999898445039,AM1BCC,OpenEye,,,C,,8,[H:16][C:7]1([C:6]([C:5]([C:4]([C:9]([C:8]1([H:18])[H:19])([H:20])[H:21])([H:11])[C:2](=[O:1])[O:3][H:10])([H:12])[H:13])([H:14])[H:15])[H:17],21.0,9.0
8,-0.07033000318776994,AM1BCC,OpenEye,,,C,,9,[H:16][C:7]1([C:6]([C:5]([C:4]([C:9]([C:8]1([H:18])[H:19])([H:20])[H:21])([H:11])[C:2](=[O:1])[O:3][H:10])([H:12])[H:13])([H:14])[H:15])[H:17],21.0,9.0
9,0.44225999535549254,AM1BCC,OpenEye,,,H,,10,[H:16][C:7]1([C:6]([C:5]([C:4]([C:9]([C:8]1([H:18])[H:19])([H:20])[H:21])([H:11])[C:2](=[O:1])[O:3][H:10])([H:12])[H:13])([H:14])[H:15])[H:17],21.0,9.0
10,0.08209999473322005,AM1BCC,OpenEye,,,H,,11,[H:16][C:7]1([C:6]([C:5]([C:4]([C:9]([C:8]1([H:18])[H:19])([H:20])[H:21])([H:11])[C:2](=[O:1])[O:3][H:10])([H:12])[H:13])([H:14])[H:15])[H:17],21.0,9.0
11,0.05476999850500198,AM1BCC,OpenEye,,,H,,12,[H:16][C:7]1([C:6]([C:5]([C:4]([C:9]([C:8]1([H:18])[H:19])([H:20])[H:21])([H:11])[C:2](=[O:1])[O:3][H:10])([H:12])[H:13])([H:14])[H:15])[H:17],21.0,9.0
12,0.05476999850500198,AM1BCC,OpenEye,,,H,,13,[H:16][C:7]1([C:6]([C:5]([C:4]([C:9]([C:8]1([H:18])[H:19])([H:20])[H:21])([H:11])[C:2](=[O:1])[O:3][H:10])([H:12])[H:13])([H:14])[H:15])[H:17],21.0,9.0
13,0.04382999809015365,AM1BCC,OpenEye,,,H,,14,[H:16][C:7]1([C:6]([C:5]([C:4]([C:9]([C:8]1([H:18])[H:19])([H:20])[H:21])([H:11])[C:2](=[O:1])[O:3][H:10])([H:12])[H:13])([H:14])[H:15])[H:17],21.0,9.0
14,0.04382999809015365,AM1BCC,OpenEye,,,H,,15,[H:16][C:7]1([C:6]([C:5]([C:4]([C:9]([C:8]1([H:18])[H:19])([H:20])[H:21])([H:11])[C:2](=[O:1])[O:3][H:10])([H:12])[H:13])([H:14])[H:15])[H:17],21.0,9.0
15,0.04186999992955299,AM1BCC,OpenEye,,,H,,16,[H:16][C:7]1([C:6]([C:5]([C:4]([C:9]([C:8]1([H:18])[H:19])([H:20])[H:21])([H:11])[C:2](=[O:1])[O:3][H:10])([H:12])[H:13])([H:14])[H:15])[H:17],21.0,9.0
16,0.04186999992955299,AM1BCC,OpenEye,,,H,,17,[H:16][C:7]1([C:6]([C:5]([C:4]([C:9]([C:8]1([H:18])[H:19])([H:20])[H:21])([H:11])[C:2](=[O:1])[O:3][H:10])([H:12])[H:13])([H:14])[H:15])[H:17],21.0,9.0
17,0.04382999809015365,AM1BCC,OpenEye,,,H,,18,[H:16][C:7]1([C:6]([C:5]([C:4]([C:9]([C:8]1([H:18])[H:19])([H:20])[H:21])([H:11])[C:2](=[O:1])[O:3][H:10])([H:12])[H:13])([H:14])[H:15])[H:17],21.0,9.0
18,0.04382999809015365,AM1BCC,OpenEye,,,H,,19,[H:16][C:7]1([C:6]([C:5]([C:4]([C:9]([C:8]1([H:18])[H:19])([H:20])[H:21])([H:11])[C:2](=[O:1])[O:3][H:10])([H:12])[H:13])([H:14])[H:15])[H:17],21.0,9.0
19,0.05476999850500198,AM1BCC,OpenEye,,,H,,20,[H:16][C:7]1([C:6]([C:5]([C:4]([C:9]([C:8]1([H:18])[H:19])([H:20])[H:21])([H:11])[C:2](=[O:1])[O:3][H:10])([H:12])[H:13])([H:14])[H:15])[H:17],21.0,9.0
20,0.05476999850500198,AM1BCC,OpenEye,,,H,,21,[H:16][C:7]1([C:6]([C:5]([C:4]([C:9]([C:8]1([H:18])[H:19])([H:20])[H:21])([H:11])[C:2](=[O:1])[O:3][H:10])([H:12])[H:13])([H:14])[H:15])[H:17],21.0,9.0
0,-0.5510476190476191,AM1BCC,AmberTools,,,O,,1,[H:16][C:7]1([C:6]([C:5]([C:4]([C:9]([C:8]1([H:18])[H:19])([H:20])[H:21])([H:11])[C:2](=[O:1])[O:3][H:10])([H:12])[H:13])([H:14])[H:15])[H:17],21.0,9.0
1,0.6360523809523809,AM1BCC,AmberTools,,,C,,2,[H:16][C:7]1([C:6]([C:5]([C:4]([C:9]([C:8]1([H:18])[H:19])([H:20])[H:21])([H:11])[C:2](=[O:1])[O:3][H:10])([H:12])[H:13])([H:14])[H:15])[H:17],21.0,9.0
2,-0.610147619047619,AM1BCC,AmberTools,,,O,,3,[H:16][C:7]1([C:6]([C:5]([C:4]([C:9]([C:8]1([H:18])[H:19])([H:20])[H:21])([H:11])[C:2](=[O:1])[O:3][H:10])([H:12])[H:13])([H:14])[H:15])[H:17],21.0,9.0
3,-0.10374761904761905,AM1BCC,AmberTools,,,C,,4,[H:16][C:7]1([C:6]([C:5]([C:4]([C:9]([C:8]1([H:18])[H:19])([H:20])[H:21])([H:11])[C:2](=[O:1])[O:3][H:10])([H:12])[H:13])([H:14])[H:15])[H:17],21.0,9.0
4,-0.07394761904761904,AM1BCC,AmberTools,,,C,,5,[H:16][C:7]1([C:6]([C:5]([C:4]([C:9]([C:8]1([H:18])[H:19])([H:20])[H:21])([H:11])[C:2](=[O:1])[O:3][H:10])([H:12])[H:13])([H:14])[H:15])[H:17],21.0,9.0
5,-0.07544761904761904,AM1BCC,AmberTools,,,C,,6,[H:16][C:7]1([C:6]([C:5]([C:4]([C:9]([C:8]1([H:18])[H:19])([H:20])[H:21])([H:11])[C:2](=[O:1])[O:3][H:10])([H:12])[H:13])([H:14])[H:15])[H:17],21.0,9.0
6,-0.07944761904761904,AM1BCC,AmberTools,,,C,,7,[H:16][C:7]1([C:6]([C:5]([C:4]([C:9]([C:8]1([H:18])[H:19])([H:20])[H:21])([H:11])[C:2](=[O:1])[O:3][H:10])([H:12])[H:13])([H:14])[H:15])[H:17],21.0,9.0
7,-0.07544761904761904,AM1BCC,AmberTools,,,C,,8,[H:16][C:7]1([C:6]([C:5]([C:4]([C:9]([C:8]1([H:18])[H:19])([H:20])[H:21])([H:11])[C:2](=[O:1])[O:3][H:10])([H:12])[H:13])([H:14])[H:15])[H:17],21.0,9.0
8,-0.07394761904761904,AM1BCC,AmberTools,,,C,,9,[H:16][C:7]1([C:6]([C:5]([C:4]([C:9]([C:8]1([H:18])[H:19])([H:20])[H:21])([H:11])[C:2](=[O:1])[O:3][H:10])([H:12])[H:13])([H:14])[H:15])[H:17],21.0,9.0
9,0.441952380952381,AM1BCC,AmberTools,,,H,,10,[H:16][C:7]1([C:6]([C:5]([C:4]([C:9]([C:8]1([H:18])[H:19])([H:20])[H:21])([H:11])[C:2](=[O:1])[O:3][H:10])([H:12])[H:13])([H:14])[H:15])[H:17],21.0,9.0
10,0.08265238095238095,AM1BCC,AmberTools,,,H,,11,[H:16][C:7]1([C:6]([C:5]([C:4]([C:9]([C:8]1([H:18])[H:19])([H:20])[H:21])([H:11])[C:2](=[O:1])[O:3][H:10])([H:12])[H:13])([H:14])[H:15])[H:17],21.0,9.0
11,0.05515238095238096,AM1BCC,AmberTools,,,H,,12,[H:16][C:7]1([C:6]([C:5]([C:4]([C:9]([C:8]1([H:18])[H:19])([H:20])[H:21])([H:11])[C:2](=[O:1])[O:3][H:10])([H:12])[H:13])([H:14])[H:15])[H:17],21.0,9.0
12,0.05515238095238096,AM1BCC,AmberTools,,,H,,13,[H:16][C:7]1([C:6]([C:5]([C:4]([C:9]([C:8]1([H:18])[H:19])([H:20])[H:21])([H:11])[C:2](=[O:1])[O:3][H:10])([H:12])[H:13])([H:14])[H:15])[H:17],21.0,9.0
13,0.044402380952380964,AM1BCC,AmberTools,,,H,,14,[H:16][C:7]1([C:6]([C:5]([C:4]([C:9]([C:8]1([H:18])[H:19])([H:20])[H:21])([H:11])[C:2](=[O:1])[O:3][H:10])([H:12])[H:13])([H:14])[H:15])[H:17],21.0,9.0
14,0.044402380952380964,AM1BCC,AmberTools,,,H,,15,[H:16][C:7]1([C:6]([C:5]([C:4]([C:9]([C:8]1([H:18])[H:19])([H:20])[H:21])([H:11])[C:2](=[O:1])[O:3][H:10])([H:12])[H:13])([H:14])[H:15])[H:17],21.0,9.0
15,0.04215238095238096,AM1BCC,AmberTools,,,H,,16,[H:16][C:7]1([C:6]([C:5]([C:4]([C:9]([C:8]1([H:18])[H:19])([H:20])[H:21])([H:11])[C:2](=[O:1])[O:3][H:10])([H:12])[H:13])([H:14])[H:15])[H:17],21.0,9.0
16,0.04215238095238096,AM1BCC,AmberTools,,,H,,17,[H:16][C:7]1([C:6]([C:5]([C:4]([C:9]([C:8]1([H:18])[H:19])([H:20])[H:21])([H:11])[C:2](=[O:1])[O:3][H:10])([H:12])[H:13])([H:14])[H:15])[H:17],21.0,9.0
17,0.044402380952380964,AM1BCC,AmberTools,,,H,,18,[H:16][C:7]1([C:6]([C:5]([C:4]([C:9]([C:8]1([H:18])[H:19])([H:20])[H:21])([H:11])[C:2](=[O:1])[O:3][H:10])([H:12])[H:13])([H:14])[H:15])[H:17],21.0,9.0
18,0.044402380952380964,AM1BCC,AmberTools,,,H,,19,[H:16][C:7]1([C:6]([C:5]([C:4]([C:9]([C:8]1([H:18])[H:19])([H:20])[H:21])([H:11])[C:2](=[O:1])[O:3][H:10])([H:12])[H:13])([H:14])[H:15])[H:17],21.0,9.0
19,0.05515238095238096,AM1BCC,AmberTools,,,H,,20,[H:16][C:7]1([C:6]([C:5]([C:4]([C:9]([C:8]1([H:18])[H:19])([H:20])[H:21])([H:11])[C:2](=[O:1])[O:3][H:10])([H:12])[H:13])([H:14])[H:15])[H:17],21.0,9.0
20,0.05515238095238096,AM1BCC,AmberTools,,,H,,21,[H:16][C:7]1([C:6]([C:5]([C:4]([C:9]([C:8]1([H:18])[H:19])([H:20])[H:21])([H:11])[C:2](=[O:1])[O:3][H:10])([H:12])[H:13])([H:14])[H:15])[H:17],21.0,9.0
0,-0.5516600030518714,AM1BCC,OpenEye,,,O,,1,[H:16][C:7]1([C:6]([C:5]([C:4]([C:9]([C:8]1([H:18])[H:19])([H:20])[H:21])([H:11])[C:2](=[O:1])[O:3][H:10])([H:12])[H:13])([H:14])[H:15])[H:17],21.0,10.0
1,0.6338800174139795,AM1BCC,OpenEye,,,C,,2,[H:16][C:7]1([C:6]([C:5]([C:4]([C:9]([C:8]1([H:18])[H:19])([H:20])[H:21])([H:11])[C:2](=[O:1])[O:3][H:10])([H:12])[H:13])([H:14])[H:15])[H:17],21.0,10.0
2,-0.6023799794770422,AM1BCC,OpenEye,,,O,,3,[H:16][C:7]1([C:6]([C:5]([C:4]([C:9]([C:8]1([H:18])[H:19])([H:20])[H:21])([H:11])[C:2](=[O:1])[O:3][H:10])([H:12])[H:13])([H:14])[H:15])[H:17],21.0,10.0
3,-0.1068800034977141,AM1BCC,OpenEye,,,C,,4,[H:16][C:7]1([C:6]([C:5]([C:4]([C:9]([C:8]1([H:18])[H:19])([H:20])[H:21])([H:11])[C:2](=[O:1])[O:3][H:10])([H:12])[H:13])([H:14])[H:15])[H:17],21.0,10.0
4,-0.07033000318776994,AM1BCC,OpenEye,,,C,,5,[H:16][C:7]1([C:6]([C:5]([C:4]([C:9]([C:8]1([H:18])[H:19])([H:20])[H:21])([H:11])[C:2](=[O:1])[O:3][H:10])([H:12])[H:13])([H:14])[H:15])[H:17],21.0,10.0
5,-0.07729999898445039,AM1BCC,OpenEye,,,C,,6,[H:16][C:7]1([C:6]([C:5]([C:4]([C:9]([C:8]1([H:18])[H:19])([H:20])[H:21])([H:11])[C:2](=[O:1])[O:3][H:10])([H:12])[H:13])([H:14])[H:15])[H:17],21.0,10.0
6,-0.08020000337135225,AM1BCC,OpenEye,,,C,,7,[H:16][C:7]1([C:6]([C:5]([C:4]([C:9]([C:8]1([H:18])[H:19])([H:20])[H:21])([H:11])[C:2](=[O:1])[O:3][H:10])([H:12])[H:13])([H:14])[H:15])[H:17],21.0,10.0
7,-0.07729999898445039,AM1BCC,OpenEye,,,C,,8,[H:16][C:7]1([C:6]([C:5]([C:4]([C:9]([C:8]1([H:18])[H:19])([H:20])[H:21])([H:11])[C:2](=[O:1])[O:3][H:10])([H:12])[H:13])([H:14])[H:15])[H:17],21.0,10.0
8,-0.07033000318776994,AM1BCC,OpenEye,,,C,,9,[H:16][C:7]1([C:6]([C:5]([C:4]([C:9]([C:8]1([H:18])[H:19])([H:20])[H:21])([H:11])[C:2](=[O:1])[O:3][H:10])([H:12])[H:13])([H:14])[H:15])[H:17],21.0,10.0
9,0.44225999535549254,AM1BCC,OpenEye,,,H,,10,[H:16][C:7]1([C:6]([C:5]([C:4]([C:9]([C:8]1([H:18])[H:19])([H:20])[H:21])([H:11])[C:2](=[O:1])[O:3][H:10])([H:12])[H:13])([H:14])[H:15])[H:17],21.0,10.0
10,0.08209999473322005,AM1BCC,OpenEye,,,H,,11,[H:16][C:7]1([C:6]([C:5]([C:4]([C:9]([C:8]1([H:18])[H:19])([H:20])[H:21])([H:11])[C:2](=[O:1])[O:3][H:10])([H:12])[H:13])([H:14])[H:15])[H:17],21.0,10.0
11,0.05476999850500198,AM1BCC,OpenEye,,,H,,12,[H:16][C:7]1([C:6]([C:5]([C:4]([C:9]([C:8]1([H:18])[H:19])([H:20])[H:21])([H:11])[C:2](=[O:1])[O:3][H:10])([H:12])[H:13])([H:14])[H:15])[H:17],21.0,10.0
12,0.05476999850500198,AM1BCC,OpenEye,,,H,,13,[H:16][C:7]1([C:6]([C:5]([C:4]([C:9]([C:8]1([H:18])[H:19])([H:20])[H:21])([H:11])[C:2](=[O:1])[O:3][H:10])([H:12])[H:13])([H:14])[H:15])[H:17],21.0,10.0
13,0.04382999809015365,AM1BCC,OpenEye,,,H,,14,[H:16][C:7]1([C:6]([C:5]([C:4]([C:9]([C:8]1([H:18])[H:19])([H:20])[H:21])([H:11])[C:2](=[O:1])[O:3][H:10])([H:12])[H:13])([H:14])[H:15])[H:17],21.0,10.0
14,0.04382999809015365,AM1BCC,OpenEye,,,H,,15,[H:16][C:7]1([C:6]([C:5]([C:4]([C:9]([C:8]1([H:18])[H:19])([H:20])[H:21])([H:11])[C:2](=[O:1])[O:3][H:10])([H:12])[H:13])([H:14])[H:15])[H:17],21.0,10.0
15,0.04186999992955299,AM1BCC,OpenEye,,,H,,16,[H:16][C:7]1([C:6]([C:5]([C:4]([C:9]([C:8]1([H:18])[H:19])([H:20])[H:21])([H:11])[C:2](=[O:1])[O:3][H:10])([H:12])[H:13])([H:14])[H:15])[H:17],21.0,10.0
16,0.04186999992955299,AM1BCC,OpenEye,,,H,,17,[H:16][C:7]1([C:6]([C:5]([C:4]([C:9]([C:8]1([H:18])[H:19])([H:20])[H:21])([H:11])[C:2](=[O:1])[O:3][H:10])([H:12])[H:13])([H:14])[H:15])[H:17],21.0,10.0
17,0.04382999809015365,AM1BCC,OpenEye,,,H,,18,[H:16][C:7]1([C:6]([C:5]([C:4]([C:9]([C:8]1([H:18])[H:19])([H:20])[H:21])([H:11])[C:2](=[O:1])[O:3][H:10])([H:12])[H:13])([H:14])[H:15])[H:17],21.0,10.0
18,0.04382999809015365,AM1BCC,OpenEye,,,H,,19,[H:16][C:7]1([C:6]([C:5]([C:4]([C:9]([C:8]1([H:18])[H:19])([H:20])[H:21])([H:11])[C:2](=[O:1])[O:3][H:10])([H:12])[H:13])([H:14])[H:15])[H:17],21.0,10.0
19,0.05476999850500198,AM1BCC,OpenEye,,,H,,20,[H:16][C:7]1([C:6]([C:5]([C:4]([C:9]([C:8]1([H:18])[H:19])([H:20])[H:21])([H:11])[C:2](=[O:1])[O:3][H:10])([H:12])[H:13])([H:14])[H:15])[H:17],21.0,10.0
20,0.05476999850500198,AM1BCC,OpenEye,,,H,,21,[H:16][C:7]1([C:6]([C:5]([C:4]([C:9]([C:8]1([H:18])[H:19])([H:20])[H:21])([H:11])[C:2](=[O:1])[O:3][H:10])([H:12])[H:13])([H:14])[H:15])[H:17],21.0,10.0
0,-0.5510476190476191,AM1BCC,AmberTools,,,O,,1,[H:16][C:7]1([C:6]([C:5]([C:4]([C:9]([C:8]1([H:18])[H:19])([H:20])[H:21])([H:11])[C:2](=[O:1])[O:3][H:10])([H:12])[H:13])([H:14])[H:15])[H:17],21.0,10.0
1,0.6360523809523809,AM1BCC,AmberTools,,,C,,2,[H:16][C:7]1([C:6]([C:5]([C:4]([C:9]([C:8]1([H:18])[H:19])([H:20])[H:21])([H:11])[C:2](=[O:1])[O:3][H:10])([H:12])[H:13])([H:14])[H:15])[H:17],21.0,10.0
2,-0.610147619047619,AM1BCC,AmberTools,,,O,,3,[H:16][C:7]1([C:6]([C:5]([C:4]([C:9]([C:8]1([H:18])[H:19])([H:20])[H:21])([H:11])[C:2](=[O:1])[O:3][H:10])([H:12])[H:13])([H:14])[H:15])[H:17],21.0,10.0
3,-0.10374761904761905,AM1BCC,AmberTools,,,C,,4,[H:16][C:7]1([C:6]([C:5]([C:4]([C:9]([C:8]1([H:18])[H:19])([H:20])[H:21])([H:11])[C:2](=[O:1])[O:3][H:10])([H:12])[H:13])([H:14])[H:15])[H:17],21.0,10.0
4,-0.07394761904761904,AM1BCC,AmberTools,,,C,,5,[H:16][C:7]1([C:6]([C:5]([C:4]([C:9]([C:8]1([H:18])[H:19])([H:20])[H:21])([H:11])[C:2](=[O:1])[O:3][H:10])([H:12])[H:13])([H:14])[H:15])[H:17],21.0,10.0
5,-0.07544761904761904,AM1BCC,AmberTools,,,C,,6,[H:16][C:7]1([C:6]([C:5]([C:4]([C:9]([C:8]1([H:18])[H:19])([H:20])[H:21])([H:11])[C:2](=[O:1])[O:3][H:10])([H:12])[H:13])([H:14])[H:15])[H:17],21.0,10.0
6,-0.07944761904761904,AM1BCC,AmberTools,,,C,,7,[H:16][C:7]1([C:6]([C:5]([C:4]([C:9]([C:8]1([H:18])[H:19])([H:20])[H:21])([H:11])[C:2](=[O:1])[O:3][H:10])([H:12])[H:13])([H:14])[H:15])[H:17],21.0,10.0
7,-0.07544761904761904,AM1BCC,AmberTools,,,C,,8,[H:16][C:7]1([C:6]([C:5]([C:4]([C:9]([C:8]1([H:18])[H:19])([H:20])[H:21])([H:11])[C:2](=[O:1])[O:3][H:10])([H:12])[H:13])([H:14])[H:15])[H:17],21.0,10.0
8,-0.07394761904761904,AM1BCC,AmberTools,,,C,,9,[H:16][C:7]1([C:6]([C:5]([C:4]([C:9]([C:8]1([H:18])[H:19])([H:20])[H:21])([H:11])[C:2](=[O:1])[O:3][H:10])([H:12])[H:13])([H:14])[H:15])[H:17],21.0,10.0
9,0.441952380952381,AM1BCC,AmberTools,,,H,,10,[H:16][C:7]1([C:6]([C:5]([C:4]([C:9]([C:8]1([H:18])[H:19])([H:20])[H:21])([H:11])[C:2](=[O:1])[O:3][H:10])([H:12])[H:13])([H:14])[H:15])[H:17],21.0,10.0
10,0.08265238095238095,AM1BCC,AmberTools,,,H,,11,[H:16][C:7]1([C:6]([C:5]([C:4]([C:9]([C:8]1([H:18])[H:19])([H:20])[H:21])([H:11])[C:2](=[O:1])[O:3][H:10])([H:12])[H:13])([H:14])[H:15])[H:17],21.0,10.0
11,0.05515238095238096,AM1BCC,AmberTools,,,H,,12,[H:16][C:7]1([C:6]([C:5]([C:4]([C:9]([C:8]1([H:18])[H:19])([H:20])[H:21])([H:11])[C:2](=[O:1])[O:3][H:10])([H:12])[H:13])([H:14])[H:15])[H:17],21.0,10.0
12,0.05515238095238096,AM1BCC,AmberTools,,,H,,13,[H:16][C:7]1([C:6]([C:5]([C:4]([C:9]([C:8]1([H:18])[H:19])([H:20])[H:21])([H:11])[C:2](=[O:1])[O:3][H:10])([H:12])[H:13])([H:14])[H:15])[H:17],21.0,10.0
13,0.044402380952380964,AM1BCC,AmberTools,,,H,,14,[H:16][C:7]1([C:6]([C:5]([C:4]([C:9]([C:8]1([H:18])[H:19])([H:20])[H:21])([H:11])[C:2](=[O:1])[O:3][H:10])([H:12])[H:13])([H:14])[H:15])[H:17],21.0,10.0
14,0.044402380952380964,AM1BCC,AmberTools,,,H,,15,[H:16][C:7]1([C:6]([C:5]([C:4]([C:9]([C:8]1([H:18])[H:19])([H:20])[H:21])([H:11])[C:2](=[O:1])[O:3][H:10])([H:12])[H:13])([H:14])[H:15])[H:17],21.0,10.0
15,0.04215238095238096,AM1BCC,AmberTools,,,H,,16,[H:16][C:7]1([C:6]([C:5]([C:4]([C:9]([C:8]1([H:18])[H:19])([H:20])[H:21])([H:11])[C:2](=[O:1])[O:3][H:10])([H:12])[H:13])([H:14])[H:15])[H:17],21.0,10.0
16,0.04215238095238096,AM1BCC,AmberTools,,,H,,17,[H:16][C:7]1([C:6]([C:5]([C:4]([C:9]([C:8]1([H:18])[H:19])([H:20])[H:21])([H:11])[C:2](=[O:1])[O:3][H:10])([H:12])[H:13])([H:14])[H:15])[H:17],21.0,10.0
17,0.044402380952380964,AM1BCC,AmberTools,,,H,,18,[H:16][C:7]1([C:6]([C:5]([C:4]([C:9]([C:8]1([H:18])[H:19])([H:20])[H:21])([H:11])[C:2](=[O:1])[O:3][H:10])([H:12])[H:13])([H:14])[H:15])[H:17],21.0,10.0
18,0.044402380952380964,AM1BCC,AmberTools,,,H,,19,[H:16][C:7]1([C:6]([C:5]([C:4]([C:9]([C:8]1([H:18])[H:19])([H:20])[H:21])([H:11])[C:2](=[O:1])[O:3][H:10])([H:12])[H:13])([H:14])[H:15])[H:17],21.0,10.0
19,0.05515238095238096,AM1BCC,AmberTools,,,H,,20,[H:16][C:7]1([C:6]([C:5]([C:4]([C:9]([C:8]1([H:18])[H:19])([H:20])[H:21])([H:11])[C:2](=[O:1])[O:3][H:10])([H:12])[H:13])([H:14])[H:15])[H:17],21.0,10.0
20,0.05515238095238096,AM1BCC,AmberTools,,,H,,21,[H:16][C:7]1([C:6]([C:5]([C:4]([C:9]([C:8]1([H:18])[H:19])([H:20])[H:21])([H:11])[C:2](=[O:1])[O:3][H:10])([H:12])[H:13])([H:14])[H:15])[H:17],21.0,10.0
0,-0.5516600030518714,AM1BCC,OpenEye,,,O,,1,[H:16][C:7]1([C:6]([C:5]([C:4]([C:9]([C:8]1([H:18])[H:19])([H:20])[H:21])([H:11])[C:2](=[O:1])[O:3][H:10])([H:12])[H:13])([H:14])[H:15])[H:17],21.0,11.0
1,0.6338800174139795,AM1BCC,OpenEye,,,C,,2,[H:16][C:7]1([C:6]([C:5]([C:4]([C:9]([C:8]1([H:18])[H:19])([H:20])[H:21])([H:11])[C:2](=[O:1])[O:3][H:10])([H:12])[H:13])([H:14])[H:15])[H:17],21.0,11.0
2,-0.6023799794770422,AM1BCC,OpenEye,,,O,,3,[H:16][C:7]1([C:6]([C:5]([C:4]([C:9]([C:8]1([H:18])[H:19])([H:20])[H:21])([H:11])[C:2](=[O:1])[O:3][H:10])([H:12])[H:13])([H:14])[H:15])[H:17],21.0,11.0
3,-0.1068800034977141,AM1BCC,OpenEye,,,C,,4,[H:16][C:7]1([C:6]([C:5]([C:4]([C:9]([C:8]1([H:18])[H:19])([H:20])[H:21])([H:11])[C:2](=[O:1])[O:3][H:10])([H:12])[H:13])([H:14])[H:15])[H:17],21.0,11.0
4,-0.07033000318776994,AM1BCC,OpenEye,,,C,,5,[H:16][C:7]1([C:6]([C:5]([C:4]([C:9]([C:8]1([H:18])[H:19])([H:20])[H:21])([H:11])[C:2](=[O:1])[O:3][H:10])([H:12])[H:13])([H:14])[H:15])[H:17],21.0,11.0
5,-0.07729999898445039,AM1BCC,OpenEye,,,C,,6,[H:16][C:7]1([C:6]([C:5]([C:4]([C:9]([C:8]1([H:18])[H:19])([H:20])[H:21])([H:11])[C:2](=[O:1])[O:3][H:10])([H:12])[H:13])([H:14])[H:15])[H:17],21.0,11.0
6,-0.08020000337135225,AM1BCC,OpenEye,,,C,,7,[H:16][C:7]1([C:6]([C:5]([C:4]([C:9]([C:8]1([H:18])[H:19])([H:20])[H:21])([H:11])[C:2](=[O:1])[O:3][H:10])([H:12])[H:13])([H:14])[H:15])[H:17],21.0,11.0
7,-0.07729999898445039,AM1BCC,OpenEye,,,C,,8,[H:16][C:7]1([C:6]([C:5]([C:4]([C:9]([C:8]1([H:18])[H:19])([H:20])[H:21])([H:11])[C:2](=[O:1])[O:3][H:10])([H:12])[H:13])([H:14])[H:15])[H:17],21.0,11.0
8,-0.07033000318776994,AM1BCC,OpenEye,,,C,,9,[H:16][C:7]1([C:6]([C:5]([C:4]([C:9]([C:8]1([H:18])[H:19])([H:20])[H:21])([H:11])[C:2](=[O:1])[O:3][H:10])([H:12])[H:13])([H:14])[H:15])[H:17],21.0,11.0
9,0.44225999535549254,AM1BCC,OpenEye,,,H,,10,[H:16][C:7]1([C:6]([C:5]([C:4]([C:9]([C:8]1([H:18])[H:19])([H:20])[H:21])([H:11])[C:2](=[O:1])[O:3][H:10])([H:12])[H:13])([H:14])[H:15])[H:17],21.0,11.0
10,0.08209999473322005,AM1BCC,OpenEye,,,H,,11,[H:16][C:7]1([C:6]([C:5]([C:4]([C:9]([C:8]1([H:18])[H:19])([H:20])[H:21])([H:11])[C:2](=[O:1])[O:3][H:10])([H:12])[H:13])([H:14])[H:15])[H:17],21.0,11.0
11,0.05476999850500198,AM1BCC,OpenEye,,,H,,12,[H:16][C:7]1([C:6]([C:5]([C:4]([C:9]([C:8]1([H:18])[H:19])([H:20])[H:21])([H:11])[C:2](=[O:1])[O:3][H:10])([H:12])[H:13])([H:14])[H:15])[H:17],21.0,11.0
12,0.05476999850500198,AM1BCC,OpenEye,,,H,,13,[H:16][C:7]1([C:6]([C:5]([C:4]([C:9]([C:8]1([H:18])[H:19])([H:20])[H:21])([H:11])[C:2](=[O:1])[O:3][H:10])([H:12])[H:13])([H:14])[H:15])[H:17],21.0,11.0
13,0.04382999809015365,AM1BCC,OpenEye,,,H,,14,[H:16][C:7]1([C:6]([C:5]([C:4]([C:9]([C:8]1([H:18])[H:19])([H:20])[H:21])([H:11])[C:2](=[O:1])[O:3][H:10])([H:12])[H:13])([H:14])[H:15])[H:17],21.0,11.0
14,0.04382999809015365,AM1BCC,OpenEye,,,H,,15,[H:16][C:7]1([C:6]([C:5]([C:4]([C:9]([C:8]1([H:18])[H:19])([H:20])[H:21])([H:11])[C:2](=[O:1])[O:3][H:10])([H:12])[H:13])([H:14])[H:15])[H:17],21.0,11.0
15,0.04186999992955299,AM1BCC,OpenEye,,,H,,16,[H:16][C:7]1([C:6]([C:5]([C:4]([C:9]([C:8]1([H:18])[H:19])([H:20])[H:21])([H:11])[C:2](=[O:1])[O:3][H:10])([H:12])[H:13])([H:14])[H:15])[H:17],21.0,11.0
16,0.04186999992955299,AM1BCC,OpenEye,,,H,,17,[H:16][C:7]1([C:6]([C:5]([C:4]([C:9]([C:8]1([H:18])[H:19])([H:20])[H:21])([H:11])[C:2](=[O:1])[O:3][H:10])([H:12])[H:13])([H:14])[H:15])[H:17],21.0,11.0
17,0.04382999809015365,AM1BCC,OpenEye,,,H,,18,[H:16][C:7]1([C:6]([C:5]([C:4]([C:9]([C:8]1([H:18])[H:19])([H:20])[H:21])([H:11])[C:2](=[O:1])[O:3][H:10])([H:12])[H:13])([H:14])[H:15])[H:17],21.0,11.0
18,0.04382999809015365,AM1BCC,OpenEye,,,H,,19,[H:16][C:7]1([C:6]([C:5]([C:4]([C:9]([C:8]1([H:18])[H:19])([H:20])[H:21])([H:11])[C:2](=[O:1])[O:3][H:10])([H:12])[H:13])([H:14])[H:15])[H:17],21.0,11.0
19,0.05476999850500198,AM1BCC,OpenEye,,,H,,20,[H:16][C:7]1([C:6]([C:5]([C:4]([C:9]([C:8]1([H:18])[H:19])([H:20])[H:21])([H:11])[C:2](=[O:1])[O:3][H:10])([H:12])[H:13])([H:14])[H:15])[H:17],21.0,11.0
20,0.05476999850500198,AM1BCC,OpenEye,,,H,,21,[H:16][C:7]1([C:6]([C:5]([C:4]([C:9]([C:8]1([H:18])[H:19])([H:20])[H:21])([H:11])[C:2](=[O:1])[O:3][H:10])([H:12])[H:13])([H:14])[H:15])[H:17],21.0,11.0
0,-0.5510476190476191,AM1BCC,AmberTools,,,O,,1,[H:16][C:7]1([C:6]([C:5]([C:4]([C:9]([C:8]1([H:18])[H:19])([H:20])[H:21])([H:11])[C:2](=[O:1])[O:3][H:10])([H:12])[H:13])([H:14])[H:15])[H:17],21.0,11.0
1,0.6360523809523809,AM1BCC,AmberTools,,,C,,2,[H:16][C:7]1([C:6]([C:5]([C:4]([C:9]([C:8]1([H:18])[H:19])([H:20])[H:21])([H:11])[C:2](=[O:1])[O:3][H:10])([H:12])[H:13])([H:14])[H:15])[H:17],21.0,11.0
2,-0.610147619047619,AM1BCC,AmberTools,,,O,,3,[H:16][C:7]1([C:6]([C:5]([C:4]([C:9]([C:8]1([H:18])[H:19])([H:20])[H:21])([H:11])[C:2](=[O:1])[O:3][H:10])([H:12])[H:13])([H:14])[H:15])[H:17],21.0,11.0
3,-0.10374761904761905,AM1BCC,AmberTools,,,C,,4,[H:16][C:7]1([C:6]([C:5]([C:4]([C:9]([C:8]1([H:18])[H:19])([H:20])[H:21])([H:11])[C:2](=[O:1])[O:3][H:10])([H:12])[H:13])([H:14])[H:15])[H:17],21.0,11.0
4,-0.07394761904761904,AM1BCC,AmberTools,,,C,,5,[H:16][C:7]1([C:6]([C:5]([C:4]([C:9]([C:8]1([H:18])[H:19])([H:20])[H:21])([H:11])[C:2](=[O:1])[O:3][H:10])([H:12])[H:13])([H:14])[H:15])[H:17],21.0,11.0
5,-0.07544761904761904,AM1BCC,AmberTools,,,C,,6,[H:16][C:7]1([C:6]([C:5]([C:4]([C:9]([C:8]1([H:18])[H:19])([H:20])[H:21])([H:11])[C:2](=[O:1])[O:3][H:10])([H:12])[H:13])([H:14])[H:15])[H:17],21.0,11.0
6,-0.07944761904761904,AM1BCC,AmberTools,,,C,,7,[H:16][C:7]1([C:6]([C:5]([C:4]([C:9]([C:8]1([H:18])[H:19])([H:20])[H:21])([H:11])[C:2](=[O:1])[O:3][H:10])([H:12])[H:13])([H:14])[H:15])[H:17],21.0,11.0
7,-0.07544761904761904,AM1BCC,AmberTools,,,C,,8,[H:16][C:7]1([C:6]([C:5]([C:4]([C:9]([C:8]1([H:18])[H:19])([H:20])[H:21])([H:11])[C:2](=[O:1])[O:3][H:10])([H:12])[H:13])([H:14])[H:15])[H:17],21.0,11.0
8,-0.07394761904761904,AM1BCC,AmberTools,,,C,,9,[H:16][C:7]1([C:6]([C:5]([C:4]([C:9]([C:8]1([H:18])[H:19])([H:20])[H:21])([H:11])[C:2](=[O:1])[O:3][H:10])([H:12])[H:13])([H:14])[H:15])[H:17],21.0,11.0
9,0.441952380952381,AM1BCC,AmberTools,,,H,,10,[H:16][C:7]1([C:6]([C:5]([C:4]([C:9]([C:8]1([H:18])[H:19])([H:20])[H:21])([H:11])[C:2](=[O:1])[O:3][H:10])([H:12])[H:13])([H:14])[H:15])[H:17],21.0,11.0
10,0.08265238095238095,AM1BCC,AmberTools,,,H,,11,[H:16][C:7]1([C:6]([C:5]([C:4]([C:9]([C:8]1([H:18])[H:19])([H:20])[H:21])([H:11])[C:2](=[O:1])[O:3][H:10])([H:12])[H:13])([H:14])[H:15])[H:17],21.0,11.0
11,0.05515238095238096,AM1BCC,AmberTools,,,H,,12,[H:16][C:7]1([C:6]([C:5]([C:4]([C:9]([C:8]1([H:18])[H:19])([H:20])[H:21])([H:11])[C:2](=[O:1])[O:3][H:10])([H:12])[H:13])([H:14])[H:15])[H:17],21.0,11.0
12,0.05515238095238096,AM1BCC,AmberTools,,,H,,13,[H:16][C:7]1([C:6]([C:5]([C:4]([C:9]([C:8]1([H:18])[H:19])([H:20])[H:21])([H:11])[C:2](=[O:1])[O:3][H:10])([H:12])[H:13])([H:14])[H:15])[H:17],21.0,11.0
13,0.044402380952380964,AM1BCC,AmberTools,,,H,,14,[H:16][C:7]1([C:6]([C:5]([C:4]([C:9]([C:8]1([H:18])[H:19])([H:20])[H:21])([H:11])[C:2](=[O:1])[O:3][H:10])([H:12])[H:13])([H:14])[H:15])[H:17],21.0,11.0
14,0.044402380952380964,AM1BCC,AmberTools,,,H,,15,[H:16][C:7]1([C:6]([C:5]([C:4]([C:9]([C:8]1([H:18])[H:19])([H:20])[H:21])([H:11])[C:2](=[O:1])[O:3][H:10])([H:12])[H:13])([H:14])[H:15])[H:17],21.0,11.0
15,0.04215238095238096,AM1BCC,AmberTools,,,H,,16,[H:16][C:7]1([C:6]([C:5]([C:4]([C:9]([C:8]1([H:18])[H:19])([H:20])[H:21])([H:11])[C:2](=[O:1])[O:3][H:10])([H:12])[H:13])([H:14])[H:15])[H:17],21.0,11.0
16,0.04215238095238096,AM1BCC,AmberTools,,,H,,17,[H:16][C:7]1([C:6]([C:5]([C:4]([C:9]([C:8]1([H:18])[H:19])([H:20])[H:21])([H:11])[C:2](=[O:1])[O:3][H:10])([H:12])[H:13])([H:14])[H:15])[H:17],21.0,11.0
17,0.044402380952380964,AM1BCC,AmberTools,,,H,,18,[H:16][C:7]1([C:6]([C:5]([C:4]([C:9]([C:8]1([H:18])[H:19])([H:20])[H:21])([H:11])[C:2](=[O:1])[O:3][H:10])([H:12])[H:13])([H:14])[H:15])[H:17],21.0,11.0
18,0.044402380952380964,AM1BCC,AmberTools,,,H,,19,[H:16][C:7]1([C:6]([C:5]([C:4]([C:9]([C:8]1([H:18])[H:19])([H:20])[H:21])([H:11])[C:2](=[O:1])[O:3][H:10])([H:12])[H:13])([H:14])[H:15])[H:17],21.0,11.0
19,0.05515238095238096,AM1BCC,AmberTools,,,H,,20,[H:16][C:7]1([C:6]([C:5]([C:4]([C:9]([C:8]1([H:18])[H:19])([H:20])[H:21])([H:11])[C:2](=[O:1])[O:3][H:10])([H:12])[H:13])([H:14])[H:15])[H:17],21.0,11.0
20,0.05515238095238096,AM1BCC,AmberTools,,,H,,21,[H:16][C:7]1([C:6]([C:5]([C:4]([C:9]([C:8]1([H:18])[H:19])([H:20])[H:21])([H:11])[C:2](=[O:1])[O:3][H:10])([H:12])[H:13])([H:14])[H:15])[H:17],21.0,11.0
0,-0.5516600030518714,AM1BCC,OpenEye,,,O,,1,[H:16][C:7]1([C:6]([C:5]([C:4]([C:9]([C:8]1([H:18])[H:19])([H:20])[H:21])([H:11])[C:2](=[O:1])[O:3][H:10])([H:12])[H:13])([H:14])[H:15])[H:17],21.0,12.0
1,0.6338800174139795,AM1BCC,OpenEye,,,C,,2,[H:16][C:7]1([C:6]([C:5]([C:4]([C:9]([C:8]1([H:18])[H:19])([H:20])[H:21])([H:11])[C:2](=[O:1])[O:3][H:10])([H:12])[H:13])([H:14])[H:15])[H:17],21.0,12.0
2,-0.6023799794770422,AM1BCC,OpenEye,,,O,,3,[H:16][C:7]1([C:6]([C:5]([C:4]([C:9]([C:8]1([H:18])[H:19])([H:20])[H:21])([H:11])[C:2](=[O:1])[O:3][H:10])([H:12])[H:13])([H:14])[H:15])[H:17],21.0,12.0
3,-0.1068800034977141,AM1BCC,OpenEye,,,C,,4,[H:16][C:7]1([C:6]([C:5]([C:4]([C:9]([C:8]1([H:18])[H:19])([H:20])[H:21])([H:11])[C:2](=[O:1])[O:3][H:10])([H:12])[H:13])([H:14])[H:15])[H:17],21.0,12.0
4,-0.07033000318776994,AM1BCC,OpenEye,,,C,,5,[H:16][C:7]1([C:6]([C:5]([C:4]([C:9]([C:8]1([H:18])[H:19])([H:20])[H:21])([H:11])[C:2](=[O:1])[O:3][H:10])([H:12])[H:13])([H:14])[H:15])[H:17],21.0,12.0
5,-0.07729999898445039,AM1BCC,OpenEye,,,C,,6,[H:16][C:7]1([C:6]([C:5]([C:4]([C:9]([C:8]1([H:18])[H:19])([H:20])[H:21])([H:11])[C:2](=[O:1])[O:3][H:10])([H:12])[H:13])([H:14])[H:15])[H:17],21.0,12.0
6,-0.08020000337135225,AM1BCC,OpenEye,,,C,,7,[H:16][C:7]1([C:6]([C:5]([C:4]([C:9]([C:8]1([H:18])[H:19])([H:20])[H:21])([H:11])[C:2](=[O:1])[O:3][H:10])([H:12])[H:13])([H:14])[H:15])[H:17],21.0,12.0
7,-0.07729999898445039,AM1BCC,OpenEye,,,C,,8,[H:16][C:7]1([C:6]([C:5]([C:4]([C:9]([C:8]1([H:18])[H:19])([H:20])[H:21])([H:11])[C:2](=[O:1])[O:3][H:10])([H:12])[H:13])([H:14])[H:15])[H:17],21.0,12.0
8,-0.07033000318776994,AM1BCC,OpenEye,,,C,,9,[H:16][C:7]1([C:6]([C:5]([C:4]([C:9]([C:8]1([H:18])[H:19])([H:20])[H:21])([H:11])[C:2](=[O:1])[O:3][H:10])([H:12])[H:13])([H:14])[H:15])[H:17],21.0,12.0
9,0.44225999535549254,AM1BCC,OpenEye,,,H,,10,[H:16][C:7]1([C:6]([C:5]([C:4]([C:9]([C:8]1([H:18])[H:19])([H:20])[H:21])([H:11])[C:2](=[O:1])[O:3][H:10])([H:12])[H:13])([H:14])[H:15])[H:17],21.0,12.0
10,0.08209999473322005,AM1BCC,OpenEye,,,H,,11,[H:16][C:7]1([C:6]([C:5]([C:4]([C:9]([C:8]1([H:18])[H:19])([H:20])[H:21])([H:11])[C:2](=[O:1])[O:3][H:10])([H:12])[H:13])([H:14])[H:15])[H:17],21.0,12.0
11,0.05476999850500198,AM1BCC,OpenEye,,,H,,12,[H:16][C:7]1([C:6]([C:5]([C:4]([C:9]([C:8]1([H:18])[H:19])([H:20])[H:21])([H:11])[C:2](=[O:1])[O:3][H:10])([H:12])[H:13])([H:14])[H:15])[H:17],21.0,12.0
12,0.05476999850500198,AM1BCC,OpenEye,,,H,,13,[H:16][C:7]1([C:6]([C:5]([C:4]([C:9]([C:8]1([H:18])[H:19])([H:20])[H:21])([H:11])[C:2](=[O:1])[O:3][H:10])([H:12])[H:13])([H:14])[H:15])[H:17],21.0,12.0
13,0.04382999809015365,AM1BCC,OpenEye,,,H,,14,[H:16][C:7]1([C:6]([C:5]([C:4]([C:9]([C:8]1([H:18])[H:19])([H:20])[H:21])([H:11])[C:2](=[O:1])[O:3][H:10])([H:12])[H:13])([H:14])[H:15])[H:17],21.0,12.0
14,0.04382999809015365,AM1BCC,OpenEye,,,H,,15,[H:16][C:7]1([C:6]([C:5]([C:4]([C:9]([C:8]1([H:18])[H:19])([H:20])[H:21])([H:11])[C:2](=[O:1])[O:3][H:10])([H:12])[H:13])([H:14])[H:15])[H:17],21.0,12.0
15,0.04186999992955299,AM1BCC,OpenEye,,,H,,16,[H:16][C:7]1([C:6]([C:5]([C:4]([C:9]([C:8]1([H:18])[H:19])([H:20])[H:21])([H:11])[C:2](=[O:1])[O:3][H:10])([H:12])[H:13])([H:14])[H:15])[H:17],21.0,12.0
16,0.04186999992955299,AM1BCC,OpenEye,,,H,,17,[H:16][C:7]1([C:6]([C:5]([C:4]([C:9]([C:8]1([H:18])[H:19])([H:20])[H:21])([H:11])[C:2](=[O:1])[O:3][H:10])([H:12])[H:13])([H:14])[H:15])[H:17],21.0,12.0
17,0.04382999809015365,AM1BCC,OpenEye,,,H,,18,[H:16][C:7]1([C:6]([C:5]([C:4]([C:9]([C:8]1([H:18])[H:19])([H:20])[H:21])([H:11])[C:2](=[O:1])[O:3][H:10])([H:12])[H:13])([H:14])[H:15])[H:17],21.0,12.0
18,0.04382999809015365,AM1BCC,OpenEye,,,H,,19,[H:16][C:7]1([C:6]([C:5]([C:4]([C:9]([C:8]1([H:18])[H:19])([H:20])[H:21])([H:11])[C:2](=[O:1])[O:3][H:10])([H:12])[H:13])([H:14])[H:15])[H:17],21.0,12.0
19,0.05476999850500198,AM1BCC,OpenEye,,,H,,20,[H:16][C:7]1([C:6]([C:5]([C:4]([C:9]([C:8]1([H:18])[H:19])([H:20])[H:21])([H:11])[C:2](=[O:1])[O:3][H:10])([H:12])[H:13])([H:14])[H:15])[H:17],21.0,12.0
20,0.05476999850500198,AM1BCC,OpenEye,,,H,,21,[H:16][C:7]1([C:6]([C:5]([C:4]([C:9]([C:8]1([H:18])[H:19])([H:20])[H:21])([H:11])[C:2](=[O:1])[O:3][H:10])([H:12])[H:13])([H:14])[H:15])[H:17],21.0,12.0
0,-0.5510476190476191,AM1BCC,AmberTools,,,O,,1,[H:16][C:7]1([C:6]([C:5]([C:4]([C:9]([C:8]1([H:18])[H:19])([H:20])[H:21])([H:11])[C:2](=[O:1])[O:3][H:10])([H:12])[H:13])([H:14])[H:15])[H:17],21.0,12.0
1,0.6360523809523809,AM1BCC,AmberTools,,,C,,2,[H:16][C:7]1([C:6]([C:5]([C:4]([C:9]([C:8]1([H:18])[H:19])([H:20])[H:21])([H:11])[C:2](=[O:1])[O:3][H:10])([H:12])[H:13])([H:14])[H:15])[H:17],21.0,12.0
2,-0.610147619047619,AM1BCC,AmberTools,,,O,,3,[H:16][C:7]1([C:6]([C:5]([C:4]([C:9]([C:8]1([H:18])[H:19])([H:20])[H:21])([H:11])[C:2](=[O:1])[O:3][H:10])([H:12])[H:13])([H:14])[H:15])[H:17],21.0,12.0
3,-0.10374761904761905,AM1BCC,AmberTools,,,C,,4,[H:16][C:7]1([C:6]([C:5]([C:4]([C:9]([C:8]1([H:18])[H:19])([H:20])[H:21])([H:11])[C:2](=[O:1])[O:3][H:10])([H:12])[H:13])([H:14])[H:15])[H:17],21.0,12.0
4,-0.07394761904761904,AM1BCC,AmberTools,,,C,,5,[H:16][C:7]1([C:6]([C:5]([C:4]([C:9]([C:8]1([H:18])[H:19])([H:20])[H:21])([H:11])[C:2](=[O:1])[O:3][H:10])([H:12])[H:13])([H:14])[H:15])[H:17],21.0,12.0
5,-0.07544761904761904,AM1BCC,AmberTools,,,C,,6,[H:16][C:7]1([C:6]([C:5]([C:4]([C:9]([C:8]1([H:18])[H:19])([H:20])[H:21])([H:11])[C:2](=[O:1])[O:3][H:10])([H:12])[H:13])([H:14])[H:15])[H:17],21.0,12.0
6,-0.07944761904761904,AM1BCC,AmberTools,,,C,,7,[H:16][C:7]1([C:6]([C:5]([C:4]([C:9]([C:8]1([H:18])[H:19])([H:20])[H:21])([H:11])[C:2](=[O:1])[O:3][H:10])([H:12])[H:13])([H:14])[H:15])[H:17],21.0,12.0
7,-0.07544761904761904,AM1BCC,AmberTools,,,C,,8,[H:16][C:7]1([C:6]([C:5]([C:4]([C:9]([C:8]1([H:18])[H:19])([H:20])[H:21])([H:11])[C:2](=[O:1])[O:3][H:10])([H:12])[H:13])([H:14])[H:15])[H:17],21.0,12.0
8,-0.07394761904761904,AM1BCC,AmberTools,,,C,,9,[H:16][C:7]1([C:6]([C:5]([C:4]([C:9]([C:8]1([H:18])[H:19])([H:20])[H:21])([H:11])[C:2](=[O:1])[O:3][H:10])([H:12])[H:13])([H:14])[H:15])[H:17],21.0,12.0
9,0.441952380952381,AM1BCC,AmberTools,,,H,,10,[H:16][C:7]1([C:6]([C:5]([C:4]([C:9]([C:8]1([H:18])[H:19])([H:20])[H:21])([H:11])[C:2](=[O:1])[O:3][H:10])([H:12])[H:13])([H:14])[H:15])[H:17],21.0,12.0
10,0.08265238095238095,AM1BCC,AmberTools,,,H,,11,[H:16][C:7]1([C:6]([C:5]([C:4]([C:9]([C:8]1([H:18])[H:19])([H:20])[H:21])([H:11])[C:2](=[O:1])[O:3][H:10])([H:12])[H:13])([H:14])[H:15])[H:17],21.0,12.0
11,0.05515238095238096,AM1BCC,AmberTools,,,H,,12,[H:16][C:7]1([C:6]([C:5]([C:4]([C:9]([C:8]1([H:18])[H:19])([H:20])[H:21])([H:11])[C:2](=[O:1])[O:3][H:10])([H:12])[H:13])([H:14])[H:15])[H:17],21.0,12.0
12,0.05515238095238096,AM1BCC,AmberTools,,,H,,13,[H:16][C:7]1([C:6]([C:5]([C:4]([C:9]([C:8]1([H:18])[H:19])([H:20])[H:21])([H:11])[C:2](=[O:1])[O:3][H:10])([H:12])[H:13])([H:14])[H:15])[H:17],21.0,12.0
13,0.044402380952380964,AM1BCC,AmberTools,,,H,,14,[H:16][C:7]1([C:6]([C:5]([C:4]([C:9]([C:8]1([H:18])[H:19])([H:20])[H:21])([H:11])[C:2](=[O:1])[O:3][H:10])([H:12])[H:13])([H:14])[H:15])[H:17],21.0,12.0
14,0.044402380952380964,AM1BCC,AmberTools,,,H,,15,[H:16][C:7]1([C:6]([C:5]([C:4]([C:9]([C:8]1([H:18])[H:19])([H:20])[H:21])([H:11])[C:2](=[O:1])[O:3][H:10])([H:12])[H:13])([H:14])[H:15])[H:17],21.0,12.0
15,0.04215238095238096,AM1BCC,AmberTools,,,H,,16,[H:16][C:7]1([C:6]([C:5]([C:4]([C:9]([C:8]1([H:18])[H:19])([H:20])[H:21])([H:11])[C:2](=[O:1])[O:3][H:10])([H:12])[H:13])([H:14])[H:15])[H:17],21.0,12.0
16,0.04215238095238096,AM1BCC,AmberTools,,,H,,17,[H:16][C:7]1([C:6]([C:5]([C:4]([C:9]([C:8]1([H:18])[H:19])([H:20])[H:21])([H:11])[C:2](=[O:1])[O:3][H:10])([H:12])[H:13])([H:14])[H:15])[H:17],21.0,12.0
17,0.044402380952380964,AM1BCC,AmberTools,,,H,,18,[H:16][C:7]1([C:6]([C:5]([C:4]([C:9]([C:8]1([H:18])[H:19])([H:20])[H:21])([H:11])[C:2](=[O:1])[O:3][H:10])([H:12])[H:13])([H:14])[H:15])[H:17],21.0,12.0
18,0.044402380952380964,AM1BCC,AmberTools,,,H,,19,[H:16][C:7]1([C:6]([C:5]([C:4]([C:9]([C:8]1([H:18])[H:19])([H:20])[H:21])([H:11])[C:2](=[O:1])[O:3][H:10])([H:12])[H:13])([H:14])[H:15])[H:17],21.0,12.0
19,0.05515238095238096,AM1BCC,AmberTools,,,H,,20,[H:16][C:7]1([C:6]([C:5]([C:4]([C:9]([C:8]1([H:18])[H:19])([H:20])[H:21])([H:11])[C:2](=[O:1])[O:3][H:10])([H:12])[H:13])([H:14])[H:15])[H:17],21.0,12.0
20,0.05515238095238096,AM1BCC,AmberTools,,,H,,21,[H:16][C:7]1([C:6]([C:5]([C:4]([C:9]([C:8]1([H:18])[H:19])([H:20])[H:21])([H:11])[C:2](=[O:1])[O:3][H:10])([H:12])[H:13])([H:14])[H:15])[H:17],21.0,12.0
0,-0.5536500222626186,AM1BCC,OpenEye,,,O,,1,[H:16][C:7]1([C:6]([C:5]([C:4]([C:9]([C:8]1([H:18])[H:19])([H:20])[H:21])([H:11])[C:2](=[O:1])[O:3][H:10])([H:12])[H:13])([H:14])[H:15])[H:17],22.0,1.0
1,0.633970021491959,AM1BCC,OpenEye,,,C,,2,[H:16][C:7]1([C:6]([C:5]([C:4]([C:9]([C:8]1([H:18])[H:19])([H:20])[H:21])([H:11])[C:2](=[O:1])[O:3][H:10])([H:12])[H:13])([H:14])[H:15])[H:17],22.0,1.0
2,-0.6030499942245937,AM1BCC,OpenEye,,,O,,3,[H:16][C:7]1([C:6]([C:5]([C:4]([C:9]([C:8]1([H:18])[H:19])([H:20])[H:21])([H:11])[C:2](=[O:1])[O:3][H:10])([H:12])[H:13])([H:14])[H:15])[H:17],22.0,1.0
3,-0.1049800000730015,AM1BCC,OpenEye,,,C,,4,[H:16][C:7]1([C:6]([C:5]([C:4]([C:9]([C:8]1([H:18])[H:19])([H:20])[H:21])([H:11])[C:2](=[O:1])[O:3][H:10])([H:12])[H:13])([H:14])[H:15])[H:17],22.0,1.0
4,-0.0751200027409054,AM1BCC,OpenEye,,,C,,5,[H:16][C:7]1([C:6]([C:5]([C:4]([C:9]([C:8]1([H:18])[H:19])([H:20])[H:21])([H:11])[C:2](=[O:1])[O:3][H:10])([H:12])[H:13])([H:14])[H:15])[H:17],22.0,1.0
5,-0.07568000327973139,AM1BCC,OpenEye,,,C,,6,[H:16][C:7]1([C:6]([C:5]([C:4]([C:9]([C:8]1([H:18])[H:19])([H:20])[H:21])([H:11])[C:2](=[O:1])[O:3][H:10])([H:12])[H:13])([H:14])[H:15])[H:17],22.0,1.0
6,-0.07985000383286249,AM1BCC,OpenEye,,,C,,7,[H:16][C:7]1([C:6]([C:5]([C:4]([C:9]([C:8]1([H:18])[H:19])([H:20])[H:21])([H:11])[C:2](=[O:1])[O:3][H:10])([H:12])[H:13])([H:14])[H:15])[H:17],22.0,1.0
7,-0.07568000327973139,AM1BCC,OpenEye,,,C,,8,[H:16][C:7]1([C:6]([C:5]([C:4]([C:9]([C:8]1([H:18])[H:19])([H:20])[H:21])([H:11])[C:2](=[O:1])[O:3][H:10])([H:12])[H:13])([H:14])[H:15])[H:17],22.0,1.0
8,-0.0751200027409054,AM1BCC,OpenEye,,,C,,9,[H:16][C:7]1([C:6]([C:5]([C:4]([C:9]([C:8]1([H:18])[H:19])([H:20])[H:21])([H:11])[C:2](=[O:1])[O:3][H:10])([H:12])[H:13])([H:14])[H:15])[H:17],22.0,1.0
9,0.4432600133475803,AM1BCC,OpenEye,,,H,,10,[H:16][C:7]1([C:6]([C:5]([C:4]([C:9]([C:8]1([H:18])[H:19])([H:20])[H:21])([H:11])[C:2](=[O:1])[O:3][H:10])([H:12])[H:13])([H:14])[H:15])[H:17],22.0,1.0
10,0.08197999674649466,AM1BCC,OpenEye,,,H,,11,[H:16][C:7]1([C:6]([C:5]([C:4]([C:9]([C:8]1([H:18])[H:19])([H:20])[H:21])([H:11])[C:2](=[O:1])[O:3][H:10])([H:12])[H:13])([H:14])[H:15])[H:17],22.0,1.0
11,0.05637000057668913,AM1BCC,OpenEye,,,H,,12,[H:16][C:7]1([C:6]([C:5]([C:4]([C:9]([C:8]1([H:18])[H:19])([H:20])[H:21])([H:11])[C:2](=[O:1])[O:3][H:10])([H:12])[H:13])([H:14])[H:15])[H:17],22.0,1.0
12,0.05637000057668913,AM1BCC,OpenEye,,,H,,13,[H:16][C:7]1([C:6]([C:5]([C:4]([C:9]([C:8]1([H:18])[H:19])([H:20])[H:21])([H:11])[C:2](=[O:1])[O:3][H:10])([H:12])[H:13])([H:14])[H:15])[H:17],22.0,1.0
13,0.043820000475361234,AM1BCC,OpenEye,,,H,,14,[H:16][C:7]1([C:6]([C:5]([C:4]([C:9]([C:8]1([H:18])[H:19])([H:20])[H:21])([H:11])[C:2](=[O:1])[O:3][H:10])([H:12])[H:13])([H:14])[H:15])[H:17],22.0,1.0
14,0.043820000475361234,AM1BCC,OpenEye,,,H,,15,[H:16][C:7]1([C:6]([C:5]([C:4]([C:9]([C:8]1([H:18])[H:19])([H:20])[H:21])([H:11])[C:2](=[O:1])[O:3][H:10])([H:12])[H:13])([H:14])[H:15])[H:17],22.0,1.0
15,0.04157999832005728,AM1BCC,OpenEye,,,H,,16,[H:16][C:7]1([C:6]([C:5]([C:4]([C:9]([C:8]1([H:18])[H:19])([H:20])[H:21])([H:11])[C:2](=[O:1])[O:3][H:10])([H:12])[H:13])([H:14])[H:15])[H:17],22.0,1.0
16,0.04157999832005728,AM1BCC,OpenEye,,,H,,17,[H:16][C:7]1([C:6]([C:5]([C:4]([C:9]([C:8]1([H:18])[H:19])([H:20])[H:21])([H:11])[C:2](=[O:1])[O:3][H:10])([H:12])[H:13])([H:14])[H:15])[H:17],22.0,1.0
17,0.043820000475361234,AM1BCC,OpenEye,,,H,,18,[H:16][C:7]1([C:6]([C:5]([C:4]([C:9]([C:8]1([H:18])[H:19])([H:20])[H:21])([H:11])[C:2](=[O:1])[O:3][H:10])([H:12])[H:13])([H:14])[H:15])[H:17],22.0,1.0
18,0.043820000475361234,AM1BCC,OpenEye,,,H,,19,[H:16][C:7]1([C:6]([C:5]([C:4]([C:9]([C:8]1([H:18])[H:19])([H:20])[H:21])([H:11])[C:2](=[O:1])[O:3][H:10])([H:12])[H:13])([H:14])[H:15])[H:17],22.0,1.0
19,0.05637000057668913,AM1BCC,OpenEye,,,H,,20,[H:16][C:7]1([C:6]([C:5]([C:4]([C:9]([C:8]1([H:18])[H:19])([H:20])[H:21])([H:11])[C:2](=[O:1])[O:3][H:10])([H:12])[H:13])([H:14])[H:15])[H:17],22.0,1.0
20,0.05637000057668913,AM1BCC,OpenEye,,,H,,21,[H:16][C:7]1([C:6]([C:5]([C:4]([C:9]([C:8]1([H:18])[H:19])([H:20])[H:21])([H:11])[C:2](=[O:1])[O:3][H:10])([H:12])[H:13])([H:14])[H:15])[H:17],22.0,1.0
0,-0.550952380952381,AM1BCC,AmberTools,,,O,,1,[H:16][C:7]1([C:6]([C:5]([C:4]([C:9]([C:8]1([H:18])[H:19])([H:20])[H:21])([H:11])[C:2](=[O:1])[O:3][H:10])([H:12])[H:13])([H:14])[H:15])[H:17],22.0,1.0
1,0.6361476190476191,AM1BCC,AmberTools,,,C,,2,[H:16][C:7]1([C:6]([C:5]([C:4]([C:9]([C:8]1([H:18])[H:19])([H:20])[H:21])([H:11])[C:2](=[O:1])[O:3][H:10])([H:12])[H:13])([H:14])[H:15])[H:17],22.0,1.0
2,-0.6100523809523809,AM1BCC,AmberTools,,,O,,3,[H:16][C:7]1([C:6]([C:5]([C:4]([C:9]([C:8]1([H:18])[H:19])([H:20])[H:21])([H:11])[C:2](=[O:1])[O:3][H:10])([H:12])[H:13])([H:14])[H:15])[H:17],22.0,1.0
3,-0.10365238095238094,AM1BCC,AmberTools,,,C,,4,[H:16][C:7]1([C:6]([C:5]([C:4]([C:9]([C:8]1([H:18])[H:19])([H:20])[H:21])([H:11])[C:2](=[O:1])[O:3][H:10])([H:12])[H:13])([H:14])[H:15])[H:17],22.0,1.0
4,-0.07385238095238093,AM1BCC,AmberTools,,,C,,5,[H:16][C:7]1([C:6]([C:5]([C:4]([C:9]([C:8]1([H:18])[H:19])([H:20])[H:21])([H:11])[C:2](=[O:1])[O:3][H:10])([H:12])[H:13])([H:14])[H:15])[H:17],22.0,1.0
5,-0.07535238095238093,AM1BCC,AmberTools,,,C,,6,[H:16][C:7]1([C:6]([C:5]([C:4]([C:9]([C:8]1([H:18])[H:19])([H:20])[H:21])([H:11])[C:2](=[O:1])[O:3][H:10])([H:12])[H:13])([H:14])[H:15])[H:17],22.0,1.0
6,-0.07935238095238094,AM1BCC,AmberTools,,,C,,7,[H:16][C:7]1([C:6]([C:5]([C:4]([C:9]([C:8]1([H:18])[H:19])([H:20])[H:21])([H:11])[C:2](=[O:1])[O:3][H:10])([H:12])[H:13])([H:14])[H:15])[H:17],22.0,1.0
7,-0.07535238095238093,AM1BCC,AmberTools,,,C,,8,[H:16][C:7]1([C:6]([C:5]([C:4]([C:9]([C:8]1([H:18])[H:19])([H:20])[H:21])([H:11])[C:2](=[O:1])[O:3][H:10])([H:12])[H:13])([H:14])[H:15])[H:17],22.0,1.0
8,-0.07385238095238093,AM1BCC,AmberTools,,,C,,9,[H:16][C:7]1([C:6]([C:5]([C:4]([C:9]([C:8]1([H:18])[H:19])([H:20])[H:21])([H:11])[C:2](=[O:1])[O:3][H:10])([H:12])[H:13])([H:14])[H:15])[H:17],22.0,1.0
9,0.4420476190476191,AM1BCC,AmberTools,,,H,,10,[H:16][C:7]1([C:6]([C:5]([C:4]([C:9]([C:8]1([H:18])[H:19])([H:20])[H:21])([H:11])[C:2](=[O:1])[O:3][H:10])([H:12])[H:13])([H:14])[H:15])[H:17],22.0,1.0
10,0.08274761904761906,AM1BCC,AmberTools,,,H,,11,[H:16][C:7]1([C:6]([C:5]([C:4]([C:9]([C:8]1([H:18])[H:19])([H:20])[H:21])([H:11])[C:2](=[O:1])[O:3][H:10])([H:12])[H:13])([H:14])[H:15])[H:17],22.0,1.0
11,0.05499761904761906,AM1BCC,AmberTools,,,H,,12,[H:16][C:7]1([C:6]([C:5]([C:4]([C:9]([C:8]1([H:18])[H:19])([H:20])[H:21])([H:11])[C:2](=[O:1])[O:3][H:10])([H:12])[H:13])([H:14])[H:15])[H:17],22.0,1.0
12,0.05499761904761906,AM1BCC,AmberTools,,,H,,13,[H:16][C:7]1([C:6]([C:5]([C:4]([C:9]([C:8]1([H:18])[H:19])([H:20])[H:21])([H:11])[C:2](=[O:1])[O:3][H:10])([H:12])[H:13])([H:14])[H:15])[H:17],22.0,1.0
13,0.044497619047619064,AM1BCC,AmberTools,,,H,,14,[H:16][C:7]1([C:6]([C:5]([C:4]([C:9]([C:8]1([H:18])[H:19])([H:20])[H:21])([H:11])[C:2](=[O:1])[O:3][H:10])([H:12])[H:13])([H:14])[H:15])[H:17],22.0,1.0
14,0.044497619047619064,AM1BCC,AmberTools,,,H,,15,[H:16][C:7]1([C:6]([C:5]([C:4]([C:9]([C:8]1([H:18])[H:19])([H:20])[H:21])([H:11])[C:2](=[O:1])[O:3][H:10])([H:12])[H:13])([H:14])[H:15])[H:17],22.0,1.0
15,0.04174761904761906,AM1BCC,AmberTools,,,H,,16,[H:16][C:7]1([C:6]([C:5]([C:4]([C:9]([C:8]1([H:18])[H:19])([H:20])[H:21])([H:11])[C:2](=[O:1])[O:3][H:10])([H:12])[H:13])([H:14])[H:15])[H:17],22.0,1.0
16,0.04174761904761906,AM1BCC,AmberTools,,,H,,17,[H:16][C:7]1([C:6]([C:5]([C:4]([C:9]([C:8]1([H:18])[H:19])([H:20])[H:21])([H:11])[C:2](=[O:1])[O:3][H:10])([H:12])[H:13])([H:14])[H:15])[H:17],22.0,1.0
17,0.044497619047619064,AM1BCC,AmberTools,,,H,,18,[H:16][C:7]1([C:6]([C:5]([C:4]([C:9]([C:8]1([H:18])[H:19])([H:20])[H:21])([H:11])[C:2](=[O:1])[O:3][H:10])([H:12])[H:13])([H:14])[H:15])[H:17],22.0,1.0
18,0.044497619047619064,AM1BCC,AmberTools,,,H,,19,[H:16][C:7]1([C:6]([C:5]([C:4]([C:9]([C:8]1([H:18])[H:19])([H:20])[H:21])([H:11])[C:2](=[O:1])[O:3][H:10])([H:12])[H:13])([H:14])[H:15])[H:17],22.0,1.0
19,0.05499761904761906,AM1BCC,AmberTools,,,H,,20,[H:16][C:7]1([C:6]([C:5]([C:4]([C:9]([C:8]1([H:18])[H:19])([H:20])[H:21])([H:11])[C:2](=[O:1])[O:3][H:10])([H:12])[H:13])([H:14])[H:15])[H:17],22.0,1.0
20,0.05499761904761906,AM1BCC,AmberTools,,,H,,21,[H:16][C:7]1([C:6]([C:5]([C:4]([C:9]([C:8]1([H:18])[H:19])([H:20])[H:21])([H:11])[C:2](=[O:1])[O:3][H:10])([H:12])[H:13])([H:14])[H:15])[H:17],22.0,1.0
0,-0.5536500222626186,AM1BCC,OpenEye,,,O,,1,[H:16][C:7]1([C:6]([C:5]([C:4]([C:9]([C:8]1([H:18])[H:19])([H:20])[H:21])([H:11])[C:2](=[O:1])[O:3][H:10])([H:12])[H:13])([H:14])[H:15])[H:17],22.0,2.0
1,0.633970021491959,AM1BCC,OpenEye,,,C,,2,[H:16][C:7]1([C:6]([C:5]([C:4]([C:9]([C:8]1([H:18])[H:19])([H:20])[H:21])([H:11])[C:2](=[O:1])[O:3][H:10])([H:12])[H:13])([H:14])[H:15])[H:17],22.0,2.0
2,-0.6030499942245937,AM1BCC,OpenEye,,,O,,3,[H:16][C:7]1([C:6]([C:5]([C:4]([C:9]([C:8]1([H:18])[H:19])([H:20])[H:21])([H:11])[C:2](=[O:1])[O:3][H:10])([H:12])[H:13])([H:14])[H:15])[H:17],22.0,2.0
3,-0.1049800000730015,AM1BCC,OpenEye,,,C,,4,[H:16][C:7]1([C:6]([C:5]([C:4]([C:9]([C:8]1([H:18])[H:19])([H:20])[H:21])([H:11])[C:2](=[O:1])[O:3][H:10])([H:12])[H:13])([H:14])[H:15])[H:17],22.0,2.0
4,-0.0751200027409054,AM1BCC,OpenEye,,,C,,5,[H:16][C:7]1([C:6]([C:5]([C:4]([C:9]([C:8]1([H:18])[H:19])([H:20])[H:21])([H:11])[C:2](=[O:1])[O:3][H:10])([H:12])[H:13])([H:14])[H:15])[H:17],22.0,2.0
5,-0.07568000327973139,AM1BCC,OpenEye,,,C,,6,[H:16][C:7]1([C:6]([C:5]([C:4]([C:9]([C:8]1([H:18])[H:19])([H:20])[H:21])([H:11])[C:2](=[O:1])[O:3][H:10])([H:12])[H:13])([H:14])[H:15])[H:17],22.0,2.0
6,-0.07985000383286249,AM1BCC,OpenEye,,,C,,7,[H:16][C:7]1([C:6]([C:5]([C:4]([C:9]([C:8]1([H:18])[H:19])([H:20])[H:21])([H:11])[C:2](=[O:1])[O:3][H:10])([H:12])[H:13])([H:14])[H:15])[H:17],22.0,2.0
7,-0.07568000327973139,AM1BCC,OpenEye,,,C,,8,[H:16][C:7]1([C:6]([C:5]([C:4]([C:9]([C:8]1([H:18])[H:19])([H:20])[H:21])([H:11])[C:2](=[O:1])[O:3][H:10])([H:12])[H:13])([H:14])[H:15])[H:17],22.0,2.0
8,-0.0751200027409054,AM1BCC,OpenEye,,,C,,9,[H:16][C:7]1([C:6]([C:5]([C:4]([C:9]([C:8]1([H:18])[H:19])([H:20])[H:21])([H:11])[C:2](=[O:1])[O:3][H:10])([H:12])[H:13])([H:14])[H:15])[H:17],22.0,2.0
9,0.4432600133475803,AM1BCC,OpenEye,,,H,,10,[H:16][C:7]1([C:6]([C:5]([C:4]([C:9]([C:8]1([H:18])[H:19])([H:20])[H:21])([H:11])[C:2](=[O:1])[O:3][H:10])([H:12])[H:13])([H:14])[H:15])[H:17],22.0,2.0
10,0.08197999674649466,AM1BCC,OpenEye,,,H,,11,[H:16][C:7]1([C:6]([C:5]([C:4]([C:9]([C:8]1([H:18])[H:19])([H:20])[H:21])([H:11])[C:2](=[O:1])[O:3][H:10])([H:12])[H:13])([H:14])[H:15])[H:17],22.0,2.0
11,0.05637000057668913,AM1BCC,OpenEye,,,H,,12,[H:16][C:7]1([C:6]([C:5]([C:4]([C:9]([C:8]1([H:18])[H:19])([H:20])[H:21])([H:11])[C:2](=[O:1])[O:3][H:10])([H:12])[H:13])([H:14])[H:15])[H:17],22.0,2.0
12,0.05637000057668913,AM1BCC,OpenEye,,,H,,13,[H:16][C:7]1([C:6]([C:5]([C:4]([C:9]([C:8]1([H:18])[H:19])([H:20])[H:21])([H:11])[C:2](=[O:1])[O:3][H:10])([H:12])[H:13])([H:14])[H:15])[H:17],22.0,2.0
13,0.043820000475361234,AM1BCC,OpenEye,,,H,,14,[H:16][C:7]1([C:6]([C:5]([C:4]([C:9]([C:8]1([H:18])[H:19])([H:20])[H:21])([H:11])[C:2](=[O:1])[O:3][H:10])([H:12])[H:13])([H:14])[H:15])[H:17],22.0,2.0
14,0.043820000475361234,AM1BCC,OpenEye,,,H,,15,[H:16][C:7]1([C:6]([C:5]([C:4]([C:9]([C:8]1([H:18])[H:19])([H:20])[H:21])([H:11])[C:2](=[O:1])[O:3][H:10])([H:12])[H:13])([H:14])[H:15])[H:17],22.0,2.0
15,0.04157999832005728,AM1BCC,OpenEye,,,H,,16,[H:16][C:7]1([C:6]([C:5]([C:4]([C:9]([C:8]1([H:18])[H:19])([H:20])[H:21])([H:11])[C:2](=[O:1])[O:3][H:10])([H:12])[H:13])([H:14])[H:15])[H:17],22.0,2.0
16,0.04157999832005728,AM1BCC,OpenEye,,,H,,17,[H:16][C:7]1([C:6]([C:5]([C:4]([C:9]([C:8]1([H:18])[H:19])([H:20])[H:21])([H:11])[C:2](=[O:1])[O:3][H:10])([H:12])[H:13])([H:14])[H:15])[H:17],22.0,2.0
17,0.043820000475361234,AM1BCC,OpenEye,,,H,,18,[H:16][C:7]1([C:6]([C:5]([C:4]([C:9]([C:8]1([H:18])[H:19])([H:20])[H:21])([H:11])[C:2](=[O:1])[O:3][H:10])([H:12])[H:13])([H:14])[H:15])[H:17],22.0,2.0
18,0.043820000475361234,AM1BCC,OpenEye,,,H,,19,[H:16][C:7]1([C:6]([C:5]([C:4]([C:9]([C:8]1([H:18])[H:19])([H:20])[H:21])([H:11])[C:2](=[O:1])[O:3][H:10])([H:12])[H:13])([H:14])[H:15])[H:17],22.0,2.0
19,0.05637000057668913,AM1BCC,OpenEye,,,H,,20,[H:16][C:7]1([C:6]([C:5]([C:4]([C:9]([C:8]1([H:18])[H:19])([H:20])[H:21])([H:11])[C:2](=[O:1])[O:3][H:10])([H:12])[H:13])([H:14])[H:15])[H:17],22.0,2.0
20,0.05637000057668913,AM1BCC,OpenEye,,,H,,21,[H:16][C:7]1([C:6]([C:5]([C:4]([C:9]([C:8]1([H:18])[H:19])([H:20])[H:21])([H:11])[C:2](=[O:1])[O:3][H:10])([H:12])[H:13])([H:14])[H:15])[H:17],22.0,2.0
0,-0.550952380952381,AM1BCC,AmberTools,,,O,,1,[H:16][C:7]1([C:6]([C:5]([C:4]([C:9]([C:8]1([H:18])[H:19])([H:20])[H:21])([H:11])[C:2](=[O:1])[O:3][H:10])([H:12])[H:13])([H:14])[H:15])[H:17],22.0,2.0
1,0.6361476190476191,AM1BCC,AmberTools,,,C,,2,[H:16][C:7]1([C:6]([C:5]([C:4]([C:9]([C:8]1([H:18])[H:19])([H:20])[H:21])([H:11])[C:2](=[O:1])[O:3][H:10])([H:12])[H:13])([H:14])[H:15])[H:17],22.0,2.0
2,-0.6100523809523809,AM1BCC,AmberTools,,,O,,3,[H:16][C:7]1([C:6]([C:5]([C:4]([C:9]([C:8]1([H:18])[H:19])([H:20])[H:21])([H:11])[C:2](=[O:1])[O:3][H:10])([H:12])[H:13])([H:14])[H:15])[H:17],22.0,2.0
3,-0.10365238095238094,AM1BCC,AmberTools,,,C,,4,[H:16][C:7]1([C:6]([C:5]([C:4]([C:9]([C:8]1([H:18])[H:19])([H:20])[H:21])([H:11])[C:2](=[O:1])[O:3][H:10])([H:12])[H:13])([H:14])[H:15])[H:17],22.0,2.0
4,-0.07385238095238093,AM1BCC,AmberTools,,,C,,5,[H:16][C:7]1([C:6]([C:5]([C:4]([C:9]([C:8]1([H:18])[H:19])([H:20])[H:21])([H:11])[C:2](=[O:1])[O:3][H:10])([H:12])[H:13])([H:14])[H:15])[H:17],22.0,2.0
5,-0.07535238095238093,AM1BCC,AmberTools,,,C,,6,[H:16][C:7]1([C:6]([C:5]([C:4]([C:9]([C:8]1([H:18])[H:19])([H:20])[H:21])([H:11])[C:2](=[O:1])[O:3][H:10])([H:12])[H:13])([H:14])[H:15])[H:17],22.0,2.0
6,-0.07935238095238094,AM1BCC,AmberTools,,,C,,7,[H:16][C:7]1([C:6]([C:5]([C:4]([C:9]([C:8]1([H:18])[H:19])([H:20])[H:21])([H:11])[C:2](=[O:1])[O:3][H:10])([H:12])[H:13])([H:14])[H:15])[H:17],22.0,2.0
7,-0.07535238095238093,AM1BCC,AmberTools,,,C,,8,[H:16][C:7]1([C:6]([C:5]([C:4]([C:9]([C:8]1([H:18])[H:19])([H:20])[H:21])([H:11])[C:2](=[O:1])[O:3][H:10])([H:12])[H:13])([H:14])[H:15])[H:17],22.0,2.0
8,-0.07385238095238093,AM1BCC,AmberTools,,,C,,9,[H:16][C:7]1([C:6]([C:5]([C:4]([C:9]([C:8]1([H:18])[H:19])([H:20])[H:21])([H:11])[C:2](=[O:1])[O:3][H:10])([H:12])[H:13])([H:14])[H:15])[H:17],22.0,2.0
9,0.4420476190476191,AM1BCC,AmberTools,,,H,,10,[H:16][C:7]1([C:6]([C:5]([C:4]([C:9]([C:8]1([H:18])[H:19])([H:20])[H:21])([H:11])[C:2](=[O:1])[O:3][H:10])([H:12])[H:13])([H:14])[H:15])[H:17],22.0,2.0
10,0.08274761904761906,AM1BCC,AmberTools,,,H,,11,[H:16][C:7]1([C:6]([C:5]([C:4]([C:9]([C:8]1([H:18])[H:19])([H:20])[H:21])([H:11])[C:2](=[O:1])[O:3][H:10])([H:12])[H:13])([H:14])[H:15])[H:17],22.0,2.0
11,0.05499761904761906,AM1BCC,AmberTools,,,H,,12,[H:16][C:7]1([C:6]([C:5]([C:4]([C:9]([C:8]1([H:18])[H:19])([H:20])[H:21])([H:11])[C:2](=[O:1])[O:3][H:10])([H:12])[H:13])([H:14])[H:15])[H:17],22.0,2.0
12,0.05499761904761906,AM1BCC,AmberTools,,,H,,13,[H:16][C:7]1([C:6]([C:5]([C:4]([C:9]([C:8]1([H:18])[H:19])([H:20])[H:21])([H:11])[C:2](=[O:1])[O:3][H:10])([H:12])[H:13])([H:14])[H:15])[H:17],22.0,2.0
13,0.044497619047619064,AM1BCC,AmberTools,,,H,,14,[H:16][C:7]1([C:6]([C:5]([C:4]([C:9]([C:8]1([H:18])[H:19])([H:20])[H:21])([H:11])[C:2](=[O:1])[O:3][H:10])([H:12])[H:13])([H:14])[H:15])[H:17],22.0,2.0
14,0.044497619047619064,AM1BCC,AmberTools,,,H,,15,[H:16][C:7]1([C:6]([C:5]([C:4]([C:9]([C:8]1([H:18])[H:19])([H:20])[H:21])([H:11])[C:2](=[O:1])[O:3][H:10])([H:12])[H:13])([H:14])[H:15])[H:17],22.0,2.0
15,0.04174761904761906,AM1BCC,AmberTools,,,H,,16,[H:16][C:7]1([C:6]([C:5]([C:4]([C:9]([C:8]1([H:18])[H:19])([H:20])[H:21])([H:11])[C:2](=[O:1])[O:3][H:10])([H:12])[H:13])([H:14])[H:15])[H:17],22.0,2.0
16,0.04174761904761906,AM1BCC,AmberTools,,,H,,17,[H:16][C:7]1([C:6]([C:5]([C:4]([C:9]([C:8]1([H:18])[H:19])([H:20])[H:21])([H:11])[C:2](=[O:1])[O:3][H:10])([H:12])[H:13])([H:14])[H:15])[H:17],22.0,2.0
17,0.044497619047619064,AM1BCC,AmberTools,,,H,,18,[H:16][C:7]1([C:6]([C:5]([C:4]([C:9]([C:8]1([H:18])[H:19])([H:20])[H:21])([H:11])[C:2](=[O:1])[O:3][H:10])([H:12])[H:13])([H:14])[H:15])[H:17],22.0,2.0
18,0.044497619047619064,AM1BCC,AmberTools,,,H,,19,[H:16][C:7]1([C:6]([C:5]([C:4]([C:9]([C:8]1([H:18])[H:19])([H:20])[H:21])([H:11])[C:2](=[O:1])[O:3][H:10])([H:12])[H:13])([H:14])[H:15])[H:17],22.0,2.0
19,0.05499761904761906,AM1BCC,AmberTools,,,H,,20,[H:16][C:7]1([C:6]([C:5]([C:4]([C:9]([C:8]1([H:18])[H:19])([H:20])[H:21])([H:11])[C:2](=[O:1])[O:3][H:10])([H:12])[H:13])([H:14])[H:15])[H:17],22.0,2.0
20,0.05499761904761906,AM1BCC,AmberTools,,,H,,21,[H:16][C:7]1([C:6]([C:5]([C:4]([C:9]([C:8]1([H:18])[H:19])([H:20])[H:21])([H:11])[C:2](=[O:1])[O:3][H:10])([H:12])[H:13])([H:14])[H:15])[H:17],22.0,2.0
0,-0.5536500222626186,AM1BCC,OpenEye,,,O,,1,[H:16][C:7]1([C:6]([C:5]([C:4]([C:9]([C:8]1([H:18])[H:19])([H:20])[H:21])([H:11])[C:2](=[O:1])[O:3][H:10])([H:12])[H:13])([H:14])[H:15])[H:17],22.0,3.0
1,0.633970021491959,AM1BCC,OpenEye,,,C,,2,[H:16][C:7]1([C:6]([C:5]([C:4]([C:9]([C:8]1([H:18])[H:19])([H:20])[H:21])([H:11])[C:2](=[O:1])[O:3][H:10])([H:12])[H:13])([H:14])[H:15])[H:17],22.0,3.0
2,-0.6030499942245937,AM1BCC,OpenEye,,,O,,3,[H:16][C:7]1([C:6]([C:5]([C:4]([C:9]([C:8]1([H:18])[H:19])([H:20])[H:21])([H:11])[C:2](=[O:1])[O:3][H:10])([H:12])[H:13])([H:14])[H:15])[H:17],22.0,3.0
3,-0.1049800000730015,AM1BCC,OpenEye,,,C,,4,[H:16][C:7]1([C:6]([C:5]([C:4]([C:9]([C:8]1([H:18])[H:19])([H:20])[H:21])([H:11])[C:2](=[O:1])[O:3][H:10])([H:12])[H:13])([H:14])[H:15])[H:17],22.0,3.0
4,-0.0751200027409054,AM1BCC,OpenEye,,,C,,5,[H:16][C:7]1([C:6]([C:5]([C:4]([C:9]([C:8]1([H:18])[H:19])([H:20])[H:21])([H:11])[C:2](=[O:1])[O:3][H:10])([H:12])[H:13])([H:14])[H:15])[H:17],22.0,3.0
5,-0.07568000327973139,AM1BCC,OpenEye,,,C,,6,[H:16][C:7]1([C:6]([C:5]([C:4]([C:9]([C:8]1([H:18])[H:19])([H:20])[H:21])([H:11])[C:2](=[O:1])[O:3][H:10])([H:12])[H:13])([H:14])[H:15])[H:17],22.0,3.0
6,-0.07985000383286249,AM1BCC,OpenEye,,,C,,7,[H:16][C:7]1([C:6]([C:5]([C:4]([C:9]([C:8]1([H:18])[H:19])([H:20])[H:21])([H:11])[C:2](=[O:1])[O:3][H:10])([H:12])[H:13])([H:14])[H:15])[H:17],22.0,3.0
7,-0.07568000327973139,AM1BCC,OpenEye,,,C,,8,[H:16][C:7]1([C:6]([C:5]([C:4]([C:9]([C:8]1([H:18])[H:19])([H:20])[H:21])([H:11])[C:2](=[O:1])[O:3][H:10])([H:12])[H:13])([H:14])[H:15])[H:17],22.0,3.0
8,-0.0751200027409054,AM1BCC,OpenEye,,,C,,9,[H:16][C:7]1([C:6]([C:5]([C:4]([C:9]([C:8]1([H:18])[H:19])([H:20])[H:21])([H:11])[C:2](=[O:1])[O:3][H:10])([H:12])[H:13])([H:14])[H:15])[H:17],22.0,3.0
9,0.4432600133475803,AM1BCC,OpenEye,,,H,,10,[H:16][C:7]1([C:6]([C:5]([C:4]([C:9]([C:8]1([H:18])[H:19])([H:20])[H:21])([H:11])[C:2](=[O:1])[O:3][H:10])([H:12])[H:13])([H:14])[H:15])[H:17],22.0,3.0
10,0.08197999674649466,AM1BCC,OpenEye,,,H,,11,[H:16][C:7]1([C:6]([C:5]([C:4]([C:9]([C:8]1([H:18])[H:19])([H:20])[H:21])([H:11])[C:2](=[O:1])[O:3][H:10])([H:12])[H:13])([H:14])[H:15])[H:17],22.0,3.0
11,0.05637000057668913,AM1BCC,OpenEye,,,H,,12,[H:16][C:7]1([C:6]([C:5]([C:4]([C:9]([C:8]1([H:18])[H:19])([H:20])[H:21])([H:11])[C:2](=[O:1])[O:3][H:10])([H:12])[H:13])([H:14])[H:15])[H:17],22.0,3.0
12,0.05637000057668913,AM1BCC,OpenEye,,,H,,13,[H:16][C:7]1([C:6]([C:5]([C:4]([C:9]([C:8]1([H:18])[H:19])([H:20])[H:21])([H:11])[C:2](=[O:1])[O:3][H:10])([H:12])[H:13])([H:14])[H:15])[H:17],22.0,3.0
13,0.043820000475361234,AM1BCC,OpenEye,,,H,,14,[H:16][C:7]1([C:6]([C:5]([C:4]([C:9]([C:8]1([H:18])[H:19])([H:20])[H:21])([H:11])[C:2](=[O:1])[O:3][H:10])([H:12])[H:13])([H:14])[H:15])[H:17],22.0,3.0
14,0.043820000475361234,AM1BCC,OpenEye,,,H,,15,[H:16][C:7]1([C:6]([C:5]([C:4]([C:9]([C:8]1([H:18])[H:19])([H:20])[H:21])([H:11])[C:2](=[O:1])[O:3][H:10])([H:12])[H:13])([H:14])[H:15])[H:17],22.0,3.0
15,0.04157999832005728,AM1BCC,OpenEye,,,H,,16,[H:16][C:7]1([C:6]([C:5]([C:4]([C:9]([C:8]1([H:18])[H:19])([H:20])[H:21])([H:11])[C:2](=[O:1])[O:3][H:10])([H:12])[H:13])([H:14])[H:15])[H:17],22.0,3.0
16,0.04157999832005728,AM1BCC,OpenEye,,,H,,17,[H:16][C:7]1([C:6]([C:5]([C:4]([C:9]([C:8]1([H:18])[H:19])([H:20])[H:21])([H:11])[C:2](=[O:1])[O:3][H:10])([H:12])[H:13])([H:14])[H:15])[H:17],22.0,3.0
17,0.043820000475361234,AM1BCC,OpenEye,,,H,,18,[H:16][C:7]1([C:6]([C:5]([C:4]([C:9]([C:8]1([H:18])[H:19])([H:20])[H:21])([H:11])[C:2](=[O:1])[O:3][H:10])([H:12])[H:13])([H:14])[H:15])[H:17],22.0,3.0
18,0.043820000475361234,AM1BCC,OpenEye,,,H,,19,[H:16][C:7]1([C:6]([C:5]([C:4]([C:9]([C:8]1([H:18])[H:19])([H:20])[H:21])([H:11])[C:2](=[O:1])[O:3][H:10])([H:12])[H:13])([H:14])[H:15])[H:17],22.0,3.0
19,0.05637000057668913,AM1BCC,OpenEye,,,H,,20,[H:16][C:7]1([C:6]([C:5]([C:4]([C:9]([C:8]1([H:18])[H:19])([H:20])[H:21])([H:11])[C:2](=[O:1])[O:3][H:10])([H:12])[H:13])([H:14])[H:15])[H:17],22.0,3.0
20,0.05637000057668913,AM1BCC,OpenEye,,,H,,21,[H:16][C:7]1([C:6]([C:5]([C:4]([C:9]([C:8]1([H:18])[H:19])([H:20])[H:21])([H:11])[C:2](=[O:1])[O:3][H:10])([H:12])[H:13])([H:14])[H:15])[H:17],22.0,3.0
0,-0.5510476190476191,AM1BCC,AmberTools,,,O,,1,[H:16][C:7]1([C:6]([C:5]([C:4]([C:9]([C:8]1([H:18])[H:19])([H:20])[H:21])([H:11])[C:2](=[O:1])[O:3][H:10])([H:12])[H:13])([H:14])[H:15])[H:17],22.0,3.0
1,0.6360523809523809,AM1BCC,AmberTools,,,C,,2,[H:16][C:7]1([C:6]([C:5]([C:4]([C:9]([C:8]1([H:18])[H:19])([H:20])[H:21])([H:11])[C:2](=[O:1])[O:3][H:10])([H:12])[H:13])([H:14])[H:15])[H:17],22.0,3.0
2,-0.610147619047619,AM1BCC,AmberTools,,,O,,3,[H:16][C:7]1([C:6]([C:5]([C:4]([C:9]([C:8]1([H:18])[H:19])([H:20])[H:21])([H:11])[C:2](=[O:1])[O:3][H:10])([H:12])[H:13])([H:14])[H:15])[H:17],22.0,3.0
3,-0.10374761904761905,AM1BCC,AmberTools,,,C,,4,[H:16][C:7]1([C:6]([C:5]([C:4]([C:9]([C:8]1([H:18])[H:19])([H:20])[H:21])([H:11])[C:2](=[O:1])[O:3][H:10])([H:12])[H:13])([H:14])[H:15])[H:17],22.0,3.0
4,-0.07394761904761904,AM1BCC,AmberTools,,,C,,5,[H:16][C:7]1([C:6]([C:5]([C:4]([C:9]([C:8]1([H:18])[H:19])([H:20])[H:21])([H:11])[C:2](=[O:1])[O:3][H:10])([H:12])[H:13])([H:14])[H:15])[H:17],22.0,3.0
5,-0.07544761904761904,AM1BCC,AmberTools,,,C,,6,[H:16][C:7]1([C:6]([C:5]([C:4]([C:9]([C:8]1([H:18])[H:19])([H:20])[H:21])([H:11])[C:2](=[O:1])[O:3][H:10])([H:12])[H:13])([H:14])[H:15])[H:17],22.0,3.0
6,-0.07944761904761904,AM1BCC,AmberTools,,,C,,7,[H:16][C:7]1([C:6]([C:5]([C:4]([C:9]([C:8]1([H:18])[H:19])([H:20])[H:21])([H:11])[C:2](=[O:1])[O:3][H:10])([H:12])[H:13])([H:14])[H:15])[H:17],22.0,3.0
7,-0.07544761904761904,AM1BCC,AmberTools,,,C,,8,[H:16][C:7]1([C:6]([C:5]([C:4]([C:9]([C:8]1([H:18])[H:19])([H:20])[H:21])([H:11])[C:2](=[O:1])[O:3][H:10])([H:12])[H:13])([H:14])[H:15])[H:17],22.0,3.0
8,-0.07394761904761904,AM1BCC,AmberTools,,,C,,9,[H:16][C:7]1([C:6]([C:5]([C:4]([C:9]([C:8]1([H:18])[H:19])([H:20])[H:21])([H:11])[C:2](=[O:1])[O:3][H:10])([H:12])[H:13])([H:14])[H:15])[H:17],22.0,3.0
9,0.441952380952381,AM1BCC,AmberTools,,,H,,10,[H:16][C:7]1([C:6]([C:5]([C:4]([C:9]([C:8]1([H:18])[H:19])([H:20])[H:21])([H:11])[C:2](=[O:1])[O:3][H:10])([H:12])[H:13])([H:14])[H:15])[H:17],22.0,3.0
10,0.08265238095238095,AM1BCC,AmberTools,,,H,,11,[H:16][C:7]1([C:6]([C:5]([C:4]([C:9]([C:8]1([H:18])[H:19])([H:20])[H:21])([H:11])[C:2](=[O:1])[O:3][H:10])([H:12])[H:13])([H:14])[H:15])[H:17],22.0,3.0
11,0.05515238095238096,AM1BCC,AmberTools,,,H,,12,[H:16][C:7]1([C:6]([C:5]([C:4]([C:9]([C:8]1([H:18])[H:19])([H:20])[H:21])([H:11])[C:2](=[O:1])[O:3][H:10])([H:12])[H:13])([H:14])[H:15])[H:17],22.0,3.0
12,0.05515238095238096,AM1BCC,AmberTools,,,H,,13,[H:16][C:7]1([C:6]([C:5]([C:4]([C:9]([C:8]1([H:18])[H:19])([H:20])[H:21])([H:11])[C:2](=[O:1])[O:3][H:10])([H:12])[H:13])([H:14])[H:15])[H:17],22.0,3.0
13,0.044402380952380964,AM1BCC,AmberTools,,,H,,14,[H:16][C:7]1([C:6]([C:5]([C:4]([C:9]([C:8]1([H:18])[H:19])([H:20])[H:21])([H:11])[C:2](=[O:1])[O:3][H:10])([H:12])[H:13])([H:14])[H:15])[H:17],22.0,3.0
14,0.044402380952380964,AM1BCC,AmberTools,,,H,,15,[H:16][C:7]1([C:6]([C:5]([C:4]([C:9]([C:8]1([H:18])[H:19])([H:20])[H:21])([H:11])[C:2](=[O:1])[O:3][H:10])([H:12])[H:13])([H:14])[H:15])[H:17],22.0,3.0
15,0.04215238095238096,AM1BCC,AmberTools,,,H,,16,[H:16][C:7]1([C:6]([C:5]([C:4]([C:9]([C:8]1([H:18])[H:19])([H:20])[H:21])([H:11])[C:2](=[O:1])[O:3][H:10])([H:12])[H:13])([H:14])[H:15])[H:17],22.0,3.0
16,0.04215238095238096,AM1BCC,AmberTools,,,H,,17,[H:16][C:7]1([C:6]([C:5]([C:4]([C:9]([C:8]1([H:18])[H:19])([H:20])[H:21])([H:11])[C:2](=[O:1])[O:3][H:10])([H:12])[H:13])([H:14])[H:15])[H:17],22.0,3.0
17,0.044402380952380964,AM1BCC,AmberTools,,,H,,18,[H:16][C:7]1([C:6]([C:5]([C:4]([C:9]([C:8]1([H:18])[H:19])([H:20])[H:21])([H:11])[C:2](=[O:1])[O:3][H:10])([H:12])[H:13])([H:14])[H:15])[H:17],22.0,3.0
18,0.044402380952380964,AM1BCC,AmberTools,,,H,,19,[H:16][C:7]1([C:6]([C:5]([C:4]([C:9]([C:8]1([H:18])[H:19])([H:20])[H:21])([H:11])[C:2](=[O:1])[O:3][H:10])([H:12])[H:13])([H:14])[H:15])[H:17],22.0,3.0
19,0.05515238095238096,AM1BCC,AmberTools,,,H,,20,[H:16][C:7]1([C:6]([C:5]([C:4]([C:9]([C:8]1([H:18])[H:19])([H:20])[H:21])([H:11])[C:2](=[O:1])[O:3][H:10])([H:12])[H:13])([H:14])[H:15])[H:17],22.0,3.0
20,0.05515238095238096,AM1BCC,AmberTools,,,H,,21,[H:16][C:7]1([C:6]([C:5]([C:4]([C:9]([C:8]1([H:18])[H:19])([H:20])[H:21])([H:11])[C:2](=[O:1])[O:3][H:10])([H:12])[H:13])([H:14])[H:15])[H:17],22.0,3.0
0,-0.5536500222626186,AM1BCC,OpenEye,,,O,,1,[H:16][C:7]1([C:6]([C:5]([C:4]([C:9]([C:8]1([H:18])[H:19])([H:20])[H:21])([H:11])[C:2](=[O:1])[O:3][H:10])([H:12])[H:13])([H:14])[H:15])[H:17],22.0,4.0
1,0.633970021491959,AM1BCC,OpenEye,,,C,,2,[H:16][C:7]1([C:6]([C:5]([C:4]([C:9]([C:8]1([H:18])[H:19])([H:20])[H:21])([H:11])[C:2](=[O:1])[O:3][H:10])([H:12])[H:13])([H:14])[H:15])[H:17],22.0,4.0
2,-0.6030499942245937,AM1BCC,OpenEye,,,O,,3,[H:16][C:7]1([C:6]([C:5]([C:4]([C:9]([C:8]1([H:18])[H:19])([H:20])[H:21])([H:11])[C:2](=[O:1])[O:3][H:10])([H:12])[H:13])([H:14])[H:15])[H:17],22.0,4.0
3,-0.1049800000730015,AM1BCC,OpenEye,,,C,,4,[H:16][C:7]1([C:6]([C:5]([C:4]([C:9]([C:8]1([H:18])[H:19])([H:20])[H:21])([H:11])[C:2](=[O:1])[O:3][H:10])([H:12])[H:13])([H:14])[H:15])[H:17],22.0,4.0
4,-0.0751200027409054,AM1BCC,OpenEye,,,C,,5,[H:16][C:7]1([C:6]([C:5]([C:4]([C:9]([C:8]1([H:18])[H:19])([H:20])[H:21])([H:11])[C:2](=[O:1])[O:3][H:10])([H:12])[H:13])([H:14])[H:15])[H:17],22.0,4.0
5,-0.07568000327973139,AM1BCC,OpenEye,,,C,,6,[H:16][C:7]1([C:6]([C:5]([C:4]([C:9]([C:8]1([H:18])[H:19])([H:20])[H:21])([H:11])[C:2](=[O:1])[O:3][H:10])([H:12])[H:13])([H:14])[H:15])[H:17],22.0,4.0
6,-0.07985000383286249,AM1BCC,OpenEye,,,C,,7,[H:16][C:7]1([C:6]([C:5]([C:4]([C:9]([C:8]1([H:18])[H:19])([H:20])[H:21])([H:11])[C:2](=[O:1])[O:3][H:10])([H:12])[H:13])([H:14])[H:15])[H:17],22.0,4.0
7,-0.07568000327973139,AM1BCC,OpenEye,,,C,,8,[H:16][C:7]1([C:6]([C:5]([C:4]([C:9]([C:8]1([H:18])[H:19])([H:20])[H:21])([H:11])[C:2](=[O:1])[O:3][H:10])([H:12])[H:13])([H:14])[H:15])[H:17],22.0,4.0
8,-0.0751200027409054,AM1BCC,OpenEye,,,C,,9,[H:16][C:7]1([C:6]([C:5]([C:4]([C:9]([C:8]1([H:18])[H:19])([H:20])[H:21])([H:11])[C:2](=[O:1])[O:3][H:10])([H:12])[H:13])([H:14])[H:15])[H:17],22.0,4.0
9,0.4432600133475803,AM1BCC,OpenEye,,,H,,10,[H:16][C:7]1([C:6]([C:5]([C:4]([C:9]([C:8]1([H:18])[H:19])([H:20])[H:21])([H:11])[C:2](=[O:1])[O:3][H:10])([H:12])[H:13])([H:14])[H:15])[H:17],22.0,4.0
10,0.08197999674649466,AM1BCC,OpenEye,,,H,,11,[H:16][C:7]1([C:6]([C:5]([C:4]([C:9]([C:8]1([H:18])[H:19])([H:20])[H:21])([H:11])[C:2](=[O:1])[O:3][H:10])([H:12])[H:13])([H:14])[H:15])[H:17],22.0,4.0
11,0.05637000057668913,AM1BCC,OpenEye,,,H,,12,[H:16][C:7]1([C:6]([C:5]([C:4]([C:9]([C:8]1([H:18])[H:19])([H:20])[H:21])([H:11])[C:2](=[O:1])[O:3][H:10])([H:12])[H:13])([H:14])[H:15])[H:17],22.0,4.0
12,0.05637000057668913,AM1BCC,OpenEye,,,H,,13,[H:16][C:7]1([C:6]([C:5]([C:4]([C:9]([C:8]1([H:18])[H:19])([H:20])[H:21])([H:11])[C:2](=[O:1])[O:3][H:10])([H:12])[H:13])([H:14])[H:15])[H:17],22.0,4.0
13,0.043820000475361234,AM1BCC,OpenEye,,,H,,14,[H:16][C:7]1([C:6]([C:5]([C:4]([C:9]([C:8]1([H:18])[H:19])([H:20])[H:21])([H:11])[C:2](=[O:1])[O:3][H:10])([H:12])[H:13])([H:14])[H:15])[H:17],22.0,4.0
14,0.043820000475361234,AM1BCC,OpenEye,,,H,,15,[H:16][C:7]1([C:6]([C:5]([C:4]([C:9]([C:8]1([H:18])[H:19])([H:20])[H:21])([H:11])[C:2](=[O:1])[O:3][H:10])([H:12])[H:13])([H:14])[H:15])[H:17],22.0,4.0
15,0.04157999832005728,AM1BCC,OpenEye,,,H,,16,[H:16][C:7]1([C:6]([C:5]([C:4]([C:9]([C:8]1([H:18])[H:19])([H:20])[H:21])([H:11])[C:2](=[O:1])[O:3][H:10])([H:12])[H:13])([H:14])[H:15])[H:17],22.0,4.0
16,0.04157999832005728,AM1BCC,OpenEye,,,H,,17,[H:16][C:7]1([C:6]([C:5]([C:4]([C:9]([C:8]1([H:18])[H:19])([H:20])[H:21])([H:11])[C:2](=[O:1])[O:3][H:10])([H:12])[H:13])([H:14])[H:15])[H:17],22.0,4.0
17,0.043820000475361234,AM1BCC,OpenEye,,,H,,18,[H:16][C:7]1([C:6]([C:5]([C:4]([C:9]([C:8]1([H:18])[H:19])([H:20])[H:21])([H:11])[C:2](=[O:1])[O:3][H:10])([H:12])[H:13])([H:14])[H:15])[H:17],22.0,4.0
18,0.043820000475361234,AM1BCC,OpenEye,,,H,,19,[H:16][C:7]1([C:6]([C:5]([C:4]([C:9]([C:8]1([H:18])[H:19])([H:20])[H:21])([H:11])[C:2](=[O:1])[O:3][H:10])([H:12])[H:13])([H:14])[H:15])[H:17],22.0,4.0
19,0.05637000057668913,AM1BCC,OpenEye,,,H,,20,[H:16][C:7]1([C:6]([C:5]([C:4]([C:9]([C:8]1([H:18])[H:19])([H:20])[H:21])([H:11])[C:2](=[O:1])[O:3][H:10])([H:12])[H:13])([H:14])[H:15])[H:17],22.0,4.0
20,0.05637000057668913,AM1BCC,OpenEye,,,H,,21,[H:16][C:7]1([C:6]([C:5]([C:4]([C:9]([C:8]1([H:18])[H:19])([H:20])[H:21])([H:11])[C:2](=[O:1])[O:3][H:10])([H:12])[H:13])([H:14])[H:15])[H:17],22.0,4.0
0,-0.550952380952381,AM1BCC,AmberTools,,,O,,1,[H:16][C:7]1([C:6]([C:5]([C:4]([C:9]([C:8]1([H:18])[H:19])([H:20])[H:21])([H:11])[C:2](=[O:1])[O:3][H:10])([H:12])[H:13])([H:14])[H:15])[H:17],22.0,4.0
1,0.6361476190476191,AM1BCC,AmberTools,,,C,,2,[H:16][C:7]1([C:6]([C:5]([C:4]([C:9]([C:8]1([H:18])[H:19])([H:20])[H:21])([H:11])[C:2](=[O:1])[O:3][H:10])([H:12])[H:13])([H:14])[H:15])[H:17],22.0,4.0
2,-0.6100523809523809,AM1BCC,AmberTools,,,O,,3,[H:16][C:7]1([C:6]([C:5]([C:4]([C:9]([C:8]1([H:18])[H:19])([H:20])[H:21])([H:11])[C:2](=[O:1])[O:3][H:10])([H:12])[H:13])([H:14])[H:15])[H:17],22.0,4.0
3,-0.10365238095238094,AM1BCC,AmberTools,,,C,,4,[H:16][C:7]1([C:6]([C:5]([C:4]([C:9]([C:8]1([H:18])[H:19])([H:20])[H:21])([H:11])[C:2](=[O:1])[O:3][H:10])([H:12])[H:13])([H:14])[H:15])[H:17],22.0,4.0
4,-0.07385238095238093,AM1BCC,AmberTools,,,C,,5,[H:16][C:7]1([C:6]([C:5]([C:4]([C:9]([C:8]1([H:18])[H:19])([H:20])[H:21])([H:11])[C:2](=[O:1])[O:3][H:10])([H:12])[H:13])([H:14])[H:15])[H:17],22.0,4.0
5,-0.07535238095238093,AM1BCC,AmberTools,,,C,,6,[H:16][C:7]1([C:6]([C:5]([C:4]([C:9]([C:8]1([H:18])[H:19])([H:20])[H:21])([H:11])[C:2](=[O:1])[O:3][H:10])([H:12])[H:13])([H:14])[H:15])[H:17],22.0,4.0
6,-0.07935238095238094,AM1BCC,AmberTools,,,C,,7,[H:16][C:7]1([C:6]([C:5]([C:4]([C:9]([C:8]1([H:18])[H:19])([H:20])[H:21])([H:11])[C:2](=[O:1])[O:3][H:10])([H:12])[H:13])([H:14])[H:15])[H:17],22.0,4.0
7,-0.07535238095238093,AM1BCC,AmberTools,,,C,,8,[H:16][C:7]1([C:6]([C:5]([C:4]([C:9]([C:8]1([H:18])[H:19])([H:20])[H:21])([H:11])[C:2](=[O:1])[O:3][H:10])([H:12])[H:13])([H:14])[H:15])[H:17],22.0,4.0
8,-0.07385238095238093,AM1BCC,AmberTools,,,C,,9,[H:16][C:7]1([C:6]([C:5]([C:4]([C:9]([C:8]1([H:18])[H:19])([H:20])[H:21])([H:11])[C:2](=[O:1])[O:3][H:10])([H:12])[H:13])([H:14])[H:15])[H:17],22.0,4.0
9,0.4420476190476191,AM1BCC,AmberTools,,,H,,10,[H:16][C:7]1([C:6]([C:5]([C:4]([C:9]([C:8]1([H:18])[H:19])([H:20])[H:21])([H:11])[C:2](=[O:1])[O:3][H:10])([H:12])[H:13])([H:14])[H:15])[H:17],22.0,4.0
10,0.08274761904761906,AM1BCC,AmberTools,,,H,,11,[H:16][C:7]1([C:6]([C:5]([C:4]([C:9]([C:8]1([H:18])[H:19])([H:20])[H:21])([H:11])[C:2](=[O:1])[O:3][H:10])([H:12])[H:13])([H:14])[H:15])[H:17],22.0,4.0
11,0.05499761904761906,AM1BCC,AmberTools,,,H,,12,[H:16][C:7]1([C:6]([C:5]([C:4]([C:9]([C:8]1([H:18])[H:19])([H:20])[H:21])([H:11])[C:2](=[O:1])[O:3][H:10])([H:12])[H:13])([H:14])[H:15])[H:17],22.0,4.0
12,0.05499761904761906,AM1BCC,AmberTools,,,H,,13,[H:16][C:7]1([C:6]([C:5]([C:4]([C:9]([C:8]1([H:18])[H:19])([H:20])[H:21])([H:11])[C:2](=[O:1])[O:3][H:10])([H:12])[H:13])([H:14])[H:15])[H:17],22.0,4.0
13,0.044497619047619064,AM1BCC,AmberTools,,,H,,14,[H:16][C:7]1([C:6]([C:5]([C:4]([C:9]([C:8]1([H:18])[H:19])([H:20])[H:21])([H:11])[C:2](=[O:1])[O:3][H:10])([H:12])[H:13])([H:14])[H:15])[H:17],22.0,4.0
14,0.044497619047619064,AM1BCC,AmberTools,,,H,,15,[H:16][C:7]1([C:6]([C:5]([C:4]([C:9]([C:8]1([H:18])[H:19])([H:20])[H:21])([H:11])[C:2](=[O:1])[O:3][H:10])([H:12])[H:13])([H:14])[H:15])[H:17],22.0,4.0
15,0.04174761904761906,AM1BCC,AmberTools,,,H,,16,[H:16][C:7]1([C:6]([C:5]([C:4]([C:9]([C:8]1([H:18])[H:19])([H:20])[H:21])([H:11])[C:2](=[O:1])[O:3][H:10])([H:12])[H:13])([H:14])[H:15])[H:17],22.0,4.0
16,0.04174761904761906,AM1BCC,AmberTools,,,H,,17,[H:16][C:7]1([C:6]([C:5]([C:4]([C:9]([C:8]1([H:18])[H:19])([H:20])[H:21])([H:11])[C:2](=[O:1])[O:3][H:10])([H:12])[H:13])([H:14])[H:15])[H:17],22.0,4.0
17,0.044497619047619064,AM1BCC,AmberTools,,,H,,18,[H:16][C:7]1([C:6]([C:5]([C:4]([C:9]([C:8]1([H:18])[H:19])([H:20])[H:21])([H:11])[C:2](=[O:1])[O:3][H:10])([H:12])[H:13])([H:14])[H:15])[H:17],22.0,4.0
18,0.044497619047619064,AM1BCC,AmberTools,,,H,,19,[H:16][C:7]1([C:6]([C:5]([C:4]([C:9]([C:8]1([H:18])[H:19])([H:20])[H:21])([H:11])[C:2](=[O:1])[O:3][H:10])([H:12])[H:13])([H:14])[H:15])[H:17],22.0,4.0
19,0.05499761904761906,AM1BCC,AmberTools,,,H,,20,[H:16][C:7]1([C:6]([C:5]([C:4]([C:9]([C:8]1([H:18])[H:19])([H:20])[H:21])([H:11])[C:2](=[O:1])[O:3][H:10])([H:12])[H:13])([H:14])[H:15])[H:17],22.0,4.0
20,0.05499761904761906,AM1BCC,AmberTools,,,H,,21,[H:16][C:7]1([C:6]([C:5]([C:4]([C:9]([C:8]1([H:18])[H:19])([H:20])[H:21])([H:11])[C:2](=[O:1])[O:3][H:10])([H:12])[H:13])([H:14])[H:15])[H:17],22.0,4.0
0,-0.5536500222626186,AM1BCC,OpenEye,,,O,,1,[H:16][C:7]1([C:6]([C:5]([C:4]([C:9]([C:8]1([H:18])[H:19])([H:20])[H:21])([H:11])[C:2](=[O:1])[O:3][H:10])([H:12])[H:13])([H:14])[H:15])[H:17],22.0,5.0
1,0.633970021491959,AM1BCC,OpenEye,,,C,,2,[H:16][C:7]1([C:6]([C:5]([C:4]([C:9]([C:8]1([H:18])[H:19])([H:20])[H:21])([H:11])[C:2](=[O:1])[O:3][H:10])([H:12])[H:13])([H:14])[H:15])[H:17],22.0,5.0
2,-0.6030499942245937,AM1BCC,OpenEye,,,O,,3,[H:16][C:7]1([C:6]([C:5]([C:4]([C:9]([C:8]1([H:18])[H:19])([H:20])[H:21])([H:11])[C:2](=[O:1])[O:3][H:10])([H:12])[H:13])([H:14])[H:15])[H:17],22.0,5.0
3,-0.1049800000730015,AM1BCC,OpenEye,,,C,,4,[H:16][C:7]1([C:6]([C:5]([C:4]([C:9]([C:8]1([H:18])[H:19])([H:20])[H:21])([H:11])[C:2](=[O:1])[O:3][H:10])([H:12])[H:13])([H:14])[H:15])[H:17],22.0,5.0
4,-0.0751200027409054,AM1BCC,OpenEye,,,C,,5,[H:16][C:7]1([C:6]([C:5]([C:4]([C:9]([C:8]1([H:18])[H:19])([H:20])[H:21])([H:11])[C:2](=[O:1])[O:3][H:10])([H:12])[H:13])([H:14])[H:15])[H:17],22.0,5.0
5,-0.07568000327973139,AM1BCC,OpenEye,,,C,,6,[H:16][C:7]1([C:6]([C:5]([C:4]([C:9]([C:8]1([H:18])[H:19])([H:20])[H:21])([H:11])[C:2](=[O:1])[O:3][H:10])([H:12])[H:13])([H:14])[H:15])[H:17],22.0,5.0
6,-0.07985000383286249,AM1BCC,OpenEye,,,C,,7,[H:16][C:7]1([C:6]([C:5]([C:4]([C:9]([C:8]1([H:18])[H:19])([H:20])[H:21])([H:11])[C:2](=[O:1])[O:3][H:10])([H:12])[H:13])([H:14])[H:15])[H:17],22.0,5.0
7,-0.07568000327973139,AM1BCC,OpenEye,,,C,,8,[H:16][C:7]1([C:6]([C:5]([C:4]([C:9]([C:8]1([H:18])[H:19])([H:20])[H:21])([H:11])[C:2](=[O:1])[O:3][H:10])([H:12])[H:13])([H:14])[H:15])[H:17],22.0,5.0
8,-0.0751200027409054,AM1BCC,OpenEye,,,C,,9,[H:16][C:7]1([C:6]([C:5]([C:4]([C:9]([C:8]1([H:18])[H:19])([H:20])[H:21])([H:11])[C:2](=[O:1])[O:3][H:10])([H:12])[H:13])([H:14])[H:15])[H:17],22.0,5.0
9,0.4432600133475803,AM1BCC,OpenEye,,,H,,10,[H:16][C:7]1([C:6]([C:5]([C:4]([C:9]([C:8]1([H:18])[H:19])([H:20])[H:21])([H:11])[C:2](=[O:1])[O:3][H:10])([H:12])[H:13])([H:14])[H:15])[H:17],22.0,5.0
10,0.08197999674649466,AM1BCC,OpenEye,,,H,,11,[H:16][C:7]1([C:6]([C:5]([C:4]([C:9]([C:8]1([H:18])[H:19])([H:20])[H:21])([H:11])[C:2](=[O:1])[O:3][H:10])([H:12])[H:13])([H:14])[H:15])[H:17],22.0,5.0
11,0.05637000057668913,AM1BCC,OpenEye,,,H,,12,[H:16][C:7]1([C:6]([C:5]([C:4]([C:9]([C:8]1([H:18])[H:19])([H:20])[H:21])([H:11])[C:2](=[O:1])[O:3][H:10])([H:12])[H:13])([H:14])[H:15])[H:17],22.0,5.0
12,0.05637000057668913,AM1BCC,OpenEye,,,H,,13,[H:16][C:7]1([C:6]([C:5]([C:4]([C:9]([C:8]1([H:18])[H:19])([H:20])[H:21])([H:11])[C:2](=[O:1])[O:3][H:10])([H:12])[H:13])([H:14])[H:15])[H:17],22.0,5.0
13,0.043820000475361234,AM1BCC,OpenEye,,,H,,14,[H:16][C:7]1([C:6]([C:5]([C:4]([C:9]([C:8]1([H:18])[H:19])([H:20])[H:21])([H:11])[C:2](=[O:1])[O:3][H:10])([H:12])[H:13])([H:14])[H:15])[H:17],22.0,5.0
14,0.043820000475361234,AM1BCC,OpenEye,,,H,,15,[H:16][C:7]1([C:6]([C:5]([C:4]([C:9]([C:8]1([H:18])[H:19])([H:20])[H:21])([H:11])[C:2](=[O:1])[O:3][H:10])([H:12])[H:13])([H:14])[H:15])[H:17],22.0,5.0
15,0.04157999832005728,AM1BCC,OpenEye,,,H,,16,[H:16][C:7]1([C:6]([C:5]([C:4]([C:9]([C:8]1([H:18])[H:19])([H:20])[H:21])([H:11])[C:2](=[O:1])[O:3][H:10])([H:12])[H:13])([H:14])[H:15])[H:17],22.0,5.0
16,0.04157999832005728,AM1BCC,OpenEye,,,H,,17,[H:16][C:7]1([C:6]([C:5]([C:4]([C:9]([C:8]1([H:18])[H:19])([H:20])[H:21])([H:11])[C:2](=[O:1])[O:3][H:10])([H:12])[H:13])([H:14])[H:15])[H:17],22.0,5.0
17,0.043820000475361234,AM1BCC,OpenEye,,,H,,18,[H:16][C:7]1([C:6]([C:5]([C:4]([C:9]([C:8]1([H:18])[H:19])([H:20])[H:21])([H:11])[C:2](=[O:1])[O:3][H:10])([H:12])[H:13])([H:14])[H:15])[H:17],22.0,5.0
18,0.043820000475361234,AM1BCC,OpenEye,,,H,,19,[H:16][C:7]1([C:6]([C:5]([C:4]([C:9]([C:8]1([H:18])[H:19])([H:20])[H:21])([H:11])[C:2](=[O:1])[O:3][H:10])([H:12])[H:13])([H:14])[H:15])[H:17],22.0,5.0
19,0.05637000057668913,AM1BCC,OpenEye,,,H,,20,[H:16][C:7]1([C:6]([C:5]([C:4]([C:9]([C:8]1([H:18])[H:19])([H:20])[H:21])([H:11])[C:2](=[O:1])[O:3][H:10])([H:12])[H:13])([H:14])[H:15])[H:17],22.0,5.0
20,0.05637000057668913,AM1BCC,OpenEye,,,H,,21,[H:16][C:7]1([C:6]([C:5]([C:4]([C:9]([C:8]1([H:18])[H:19])([H:20])[H:21])([H:11])[C:2](=[O:1])[O:3][H:10])([H:12])[H:13])([H:14])[H:15])[H:17],22.0,5.0
0,-0.550952380952381,AM1BCC,AmberTools,,,O,,1,[H:16][C:7]1([C:6]([C:5]([C:4]([C:9]([C:8]1([H:18])[H:19])([H:20])[H:21])([H:11])[C:2](=[O:1])[O:3][H:10])([H:12])[H:13])([H:14])[H:15])[H:17],22.0,5.0
1,0.6361476190476191,AM1BCC,AmberTools,,,C,,2,[H:16][C:7]1([C:6]([C:5]([C:4]([C:9]([C:8]1([H:18])[H:19])([H:20])[H:21])([H:11])[C:2](=[O:1])[O:3][H:10])([H:12])[H:13])([H:14])[H:15])[H:17],22.0,5.0
2,-0.6100523809523809,AM1BCC,AmberTools,,,O,,3,[H:16][C:7]1([C:6]([C:5]([C:4]([C:9]([C:8]1([H:18])[H:19])([H:20])[H:21])([H:11])[C:2](=[O:1])[O:3][H:10])([H:12])[H:13])([H:14])[H:15])[H:17],22.0,5.0
3,-0.10365238095238094,AM1BCC,AmberTools,,,C,,4,[H:16][C:7]1([C:6]([C:5]([C:4]([C:9]([C:8]1([H:18])[H:19])([H:20])[H:21])([H:11])[C:2](=[O:1])[O:3][H:10])([H:12])[H:13])([H:14])[H:15])[H:17],22.0,5.0
4,-0.07385238095238093,AM1BCC,AmberTools,,,C,,5,[H:16][C:7]1([C:6]([C:5]([C:4]([C:9]([C:8]1([H:18])[H:19])([H:20])[H:21])([H:11])[C:2](=[O:1])[O:3][H:10])([H:12])[H:13])([H:14])[H:15])[H:17],22.0,5.0
5,-0.07535238095238093,AM1BCC,AmberTools,,,C,,6,[H:16][C:7]1([C:6]([C:5]([C:4]([C:9]([C:8]1([H:18])[H:19])([H:20])[H:21])([H:11])[C:2](=[O:1])[O:3][H:10])([H:12])[H:13])([H:14])[H:15])[H:17],22.0,5.0
6,-0.07935238095238094,AM1BCC,AmberTools,,,C,,7,[H:16][C:7]1([C:6]([C:5]([C:4]([C:9]([C:8]1([H:18])[H:19])([H:20])[H:21])([H:11])[C:2](=[O:1])[O:3][H:10])([H:12])[H:13])([H:14])[H:15])[H:17],22.0,5.0
7,-0.07535238095238093,AM1BCC,AmberTools,,,C,,8,[H:16][C:7]1([C:6]([C:5]([C:4]([C:9]([C:8]1([H:18])[H:19])([H:20])[H:21])([H:11])[C:2](=[O:1])[O:3][H:10])([H:12])[H:13])([H:14])[H:15])[H:17],22.0,5.0
8,-0.07385238095238093,AM1BCC,AmberTools,,,C,,9,[H:16][C:7]1([C:6]([C:5]([C:4]([C:9]([C:8]1([H:18])[H:19])([H:20])[H:21])([H:11])[C:2](=[O:1])[O:3][H:10])([H:12])[H:13])([H:14])[H:15])[H:17],22.0,5.0
9,0.4420476190476191,AM1BCC,AmberTools,,,H,,10,[H:16][C:7]1([C:6]([C:5]([C:4]([C:9]([C:8]1([H:18])[H:19])([H:20])[H:21])([H:11])[C:2](=[O:1])[O:3][H:10])([H:12])[H:13])([H:14])[H:15])[H:17],22.0,5.0
10,0.08274761904761906,AM1BCC,AmberTools,,,H,,11,[H:16][C:7]1([C:6]([C:5]([C:4]([C:9]([C:8]1([H:18])[H:19])([H:20])[H:21])([H:11])[C:2](=[O:1])[O:3][H:10])([H:12])[H:13])([H:14])[H:15])[H:17],22.0,5.0
11,0.05499761904761906,AM1BCC,AmberTools,,,H,,12,[H:16][C:7]1([C:6]([C:5]([C:4]([C:9]([C:8]1([H:18])[H:19])([H:20])[H:21])([H:11])[C:2](=[O:1])[O:3][H:10])([H:12])[H:13])([H:14])[H:15])[H:17],22.0,5.0
12,0.05499761904761906,AM1BCC,AmberTools,,,H,,13,[H:16][C:7]1([C:6]([C:5]([C:4]([C:9]([C:8]1([H:18])[H:19])([H:20])[H:21])([H:11])[C:2](=[O:1])[O:3][H:10])([H:12])[H:13])([H:14])[H:15])[H:17],22.0,5.0
13,0.044497619047619064,AM1BCC,AmberTools,,,H,,14,[H:16][C:7]1([C:6]([C:5]([C:4]([C:9]([C:8]1([H:18])[H:19])([H:20])[H:21])([H:11])[C:2](=[O:1])[O:3][H:10])([H:12])[H:13])([H:14])[H:15])[H:17],22.0,5.0
14,0.044497619047619064,AM1BCC,AmberTools,,,H,,15,[H:16][C:7]1([C:6]([C:5]([C:4]([C:9]([C:8]1([H:18])[H:19])([H:20])[H:21])([H:11])[C:2](=[O:1])[O:3][H:10])([H:12])[H:13])([H:14])[H:15])[H:17],22.0,5.0
15,0.04174761904761906,AM1BCC,AmberTools,,,H,,16,[H:16][C:7]1([C:6]([C:5]([C:4]([C:9]([C:8]1([H:18])[H:19])([H:20])[H:21])([H:11])[C:2](=[O:1])[O:3][H:10])([H:12])[H:13])([H:14])[H:15])[H:17],22.0,5.0
16,0.04174761904761906,AM1BCC,AmberTools,,,H,,17,[H:16][C:7]1([C:6]([C:5]([C:4]([C:9]([C:8]1([H:18])[H:19])([H:20])[H:21])([H:11])[C:2](=[O:1])[O:3][H:10])([H:12])[H:13])([H:14])[H:15])[H:17],22.0,5.0
17,0.044497619047619064,AM1BCC,AmberTools,,,H,,18,[H:16][C:7]1([C:6]([C:5]([C:4]([C:9]([C:8]1([H:18])[H:19])([H:20])[H:21])([H:11])[C:2](=[O:1])[O:3][H:10])([H:12])[H:13])([H:14])[H:15])[H:17],22.0,5.0
18,0.044497619047619064,AM1BCC,AmberTools,,,H,,19,[H:16][C:7]1([C:6]([C:5]([C:4]([C:9]([C:8]1([H:18])[H:19])([H:20])[H:21])([H:11])[C:2](=[O:1])[O:3][H:10])([H:12])[H:13])([H:14])[H:15])[H:17],22.0,5.0
19,0.05499761904761906,AM1BCC,AmberTools,,,H,,20,[H:16][C:7]1([C:6]([C:5]([C:4]([C:9]([C:8]1([H:18])[H:19])([H:20])[H:21])([H:11])[C:2](=[O:1])[O:3][H:10])([H:12])[H:13])([H:14])[H:15])[H:17],22.0,5.0
20,0.05499761904761906,AM1BCC,AmberTools,,,H,,21,[H:16][C:7]1([C:6]([C:5]([C:4]([C:9]([C:8]1([H:18])[H:19])([H:20])[H:21])([H:11])[C:2](=[O:1])[O:3][H:10])([H:12])[H:13])([H:14])[H:15])[H:17],22.0,5.0
0,-0.5536500222626186,AM1BCC,OpenEye,,,O,,1,[H:16][C:7]1([C:6]([C:5]([C:4]([C:9]([C:8]1([H:18])[H:19])([H:20])[H:21])([H:11])[C:2](=[O:1])[O:3][H:10])([H:12])[H:13])([H:14])[H:15])[H:17],22.0,6.0
1,0.633970021491959,AM1BCC,OpenEye,,,C,,2,[H:16][C:7]1([C:6]([C:5]([C:4]([C:9]([C:8]1([H:18])[H:19])([H:20])[H:21])([H:11])[C:2](=[O:1])[O:3][H:10])([H:12])[H:13])([H:14])[H:15])[H:17],22.0,6.0
2,-0.6030499942245937,AM1BCC,OpenEye,,,O,,3,[H:16][C:7]1([C:6]([C:5]([C:4]([C:9]([C:8]1([H:18])[H:19])([H:20])[H:21])([H:11])[C:2](=[O:1])[O:3][H:10])([H:12])[H:13])([H:14])[H:15])[H:17],22.0,6.0
3,-0.1049800000730015,AM1BCC,OpenEye,,,C,,4,[H:16][C:7]1([C:6]([C:5]([C:4]([C:9]([C:8]1([H:18])[H:19])([H:20])[H:21])([H:11])[C:2](=[O:1])[O:3][H:10])([H:12])[H:13])([H:14])[H:15])[H:17],22.0,6.0
4,-0.0751200027409054,AM1BCC,OpenEye,,,C,,5,[H:16][C:7]1([C:6]([C:5]([C:4]([C:9]([C:8]1([H:18])[H:19])([H:20])[H:21])([H:11])[C:2](=[O:1])[O:3][H:10])([H:12])[H:13])([H:14])[H:15])[H:17],22.0,6.0
5,-0.07568000327973139,AM1BCC,OpenEye,,,C,,6,[H:16][C:7]1([C:6]([C:5]([C:4]([C:9]([C:8]1([H:18])[H:19])([H:20])[H:21])([H:11])[C:2](=[O:1])[O:3][H:10])([H:12])[H:13])([H:14])[H:15])[H:17],22.0,6.0
6,-0.07985000383286249,AM1BCC,OpenEye,,,C,,7,[H:16][C:7]1([C:6]([C:5]([C:4]([C:9]([C:8]1([H:18])[H:19])([H:20])[H:21])([H:11])[C:2](=[O:1])[O:3][H:10])([H:12])[H:13])([H:14])[H:15])[H:17],22.0,6.0
7,-0.07568000327973139,AM1BCC,OpenEye,,,C,,8,[H:16][C:7]1([C:6]([C:5]([C:4]([C:9]([C:8]1([H:18])[H:19])([H:20])[H:21])([H:11])[C:2](=[O:1])[O:3][H:10])([H:12])[H:13])([H:14])[H:15])[H:17],22.0,6.0
8,-0.0751200027409054,AM1BCC,OpenEye,,,C,,9,[H:16][C:7]1([C:6]([C:5]([C:4]([C:9]([C:8]1([H:18])[H:19])([H:20])[H:21])([H:11])[C:2](=[O:1])[O:3][H:10])([H:12])[H:13])([H:14])[H:15])[H:17],22.0,6.0
9,0.4432600133475803,AM1BCC,OpenEye,,,H,,10,[H:16][C:7]1([C:6]([C:5]([C:4]([C:9]([C:8]1([H:18])[H:19])([H:20])[H:21])([H:11])[C:2](=[O:1])[O:3][H:10])([H:12])[H:13])([H:14])[H:15])[H:17],22.0,6.0
10,0.08197999674649466,AM1BCC,OpenEye,,,H,,11,[H:16][C:7]1([C:6]([C:5]([C:4]([C:9]([C:8]1([H:18])[H:19])([H:20])[H:21])([H:11])[C:2](=[O:1])[O:3][H:10])([H:12])[H:13])([H:14])[H:15])[H:17],22.0,6.0
11,0.05637000057668913,AM1BCC,OpenEye,,,H,,12,[H:16][C:7]1([C:6]([C:5]([C:4]([C:9]([C:8]1([H:18])[H:19])([H:20])[H:21])([H:11])[C:2](=[O:1])[O:3][H:10])([H:12])[H:13])([H:14])[H:15])[H:17],22.0,6.0
12,0.05637000057668913,AM1BCC,OpenEye,,,H,,13,[H:16][C:7]1([C:6]([C:5]([C:4]([C:9]([C:8]1([H:18])[H:19])([H:20])[H:21])([H:11])[C:2](=[O:1])[O:3][H:10])([H:12])[H:13])([H:14])[H:15])[H:17],22.0,6.0
13,0.043820000475361234,AM1BCC,OpenEye,,,H,,14,[H:16][C:7]1([C:6]([C:5]([C:4]([C:9]([C:8]1([H:18])[H:19])([H:20])[H:21])([H:11])[C:2](=[O:1])[O:3][H:10])([H:12])[H:13])([H:14])[H:15])[H:17],22.0,6.0
14,0.043820000475361234,AM1BCC,OpenEye,,,H,,15,[H:16][C:7]1([C:6]([C:5]([C:4]([C:9]([C:8]1([H:18])[H:19])([H:20])[H:21])([H:11])[C:2](=[O:1])[O:3][H:10])([H:12])[H:13])([H:14])[H:15])[H:17],22.0,6.0
15,0.04157999832005728,AM1BCC,OpenEye,,,H,,16,[H:16][C:7]1([C:6]([C:5]([C:4]([C:9]([C:8]1([H:18])[H:19])([H:20])[H:21])([H:11])[C:2](=[O:1])[O:3][H:10])([H:12])[H:13])([H:14])[H:15])[H:17],22.0,6.0
16,0.04157999832005728,AM1BCC,OpenEye,,,H,,17,[H:16][C:7]1([C:6]([C:5]([C:4]([C:9]([C:8]1([H:18])[H:19])([H:20])[H:21])([H:11])[C:2](=[O:1])[O:3][H:10])([H:12])[H:13])([H:14])[H:15])[H:17],22.0,6.0
17,0.043820000475361234,AM1BCC,OpenEye,,,H,,18,[H:16][C:7]1([C:6]([C:5]([C:4]([C:9]([C:8]1([H:18])[H:19])([H:20])[H:21])([H:11])[C:2](=[O:1])[O:3][H:10])([H:12])[H:13])([H:14])[H:15])[H:17],22.0,6.0
18,0.043820000475361234,AM1BCC,OpenEye,,,H,,19,[H:16][C:7]1([C:6]([C:5]([C:4]([C:9]([C:8]1([H:18])[H:19])([H:20])[H:21])([H:11])[C:2](=[O:1])[O:3][H:10])([H:12])[H:13])([H:14])[H:15])[H:17],22.0,6.0
19,0.05637000057668913,AM1BCC,OpenEye,,,H,,20,[H:16][C:7]1([C:6]([C:5]([C:4]([C:9]([C:8]1([H:18])[H:19])([H:20])[H:21])([H:11])[C:2](=[O:1])[O:3][H:10])([H:12])[H:13])([H:14])[H:15])[H:17],22.0,6.0
20,0.05637000057668913,AM1BCC,OpenEye,,,H,,21,[H:16][C:7]1([C:6]([C:5]([C:4]([C:9]([C:8]1([H:18])[H:19])([H:20])[H:21])([H:11])[C:2](=[O:1])[O:3][H:10])([H:12])[H:13])([H:14])[H:15])[H:17],22.0,6.0
0,-0.550952380952381,AM1BCC,AmberTools,,,O,,1,[H:16][C:7]1([C:6]([C:5]([C:4]([C:9]([C:8]1([H:18])[H:19])([H:20])[H:21])([H:11])[C:2](=[O:1])[O:3][H:10])([H:12])[H:13])([H:14])[H:15])[H:17],22.0,6.0
1,0.6361476190476191,AM1BCC,AmberTools,,,C,,2,[H:16][C:7]1([C:6]([C:5]([C:4]([C:9]([C:8]1([H:18])[H:19])([H:20])[H:21])([H:11])[C:2](=[O:1])[O:3][H:10])([H:12])[H:13])([H:14])[H:15])[H:17],22.0,6.0
2,-0.6100523809523809,AM1BCC,AmberTools,,,O,,3,[H:16][C:7]1([C:6]([C:5]([C:4]([C:9]([C:8]1([H:18])[H:19])([H:20])[H:21])([H:11])[C:2](=[O:1])[O:3][H:10])([H:12])[H:13])([H:14])[H:15])[H:17],22.0,6.0
3,-0.10365238095238094,AM1BCC,AmberTools,,,C,,4,[H:16][C:7]1([C:6]([C:5]([C:4]([C:9]([C:8]1([H:18])[H:19])([H:20])[H:21])([H:11])[C:2](=[O:1])[O:3][H:10])([H:12])[H:13])([H:14])[H:15])[H:17],22.0,6.0
4,-0.07385238095238093,AM1BCC,AmberTools,,,C,,5,[H:16][C:7]1([C:6]([C:5]([C:4]([C:9]([C:8]1([H:18])[H:19])([H:20])[H:21])([H:11])[C:2](=[O:1])[O:3][H:10])([H:12])[H:13])([H:14])[H:15])[H:17],22.0,6.0
5,-0.07535238095238093,AM1BCC,AmberTools,,,C,,6,[H:16][C:7]1([C:6]([C:5]([C:4]([C:9]([C:8]1([H:18])[H:19])([H:20])[H:21])([H:11])[C:2](=[O:1])[O:3][H:10])([H:12])[H:13])([H:14])[H:15])[H:17],22.0,6.0
6,-0.07935238095238094,AM1BCC,AmberTools,,,C,,7,[H:16][C:7]1([C:6]([C:5]([C:4]([C:9]([C:8]1([H:18])[H:19])([H:20])[H:21])([H:11])[C:2](=[O:1])[O:3][H:10])([H:12])[H:13])([H:14])[H:15])[H:17],22.0,6.0
7,-0.07535238095238093,AM1BCC,AmberTools,,,C,,8,[H:16][C:7]1([C:6]([C:5]([C:4]([C:9]([C:8]1([H:18])[H:19])([H:20])[H:21])([H:11])[C:2](=[O:1])[O:3][H:10])([H:12])[H:13])([H:14])[H:15])[H:17],22.0,6.0
8,-0.07385238095238093,AM1BCC,AmberTools,,,C,,9,[H:16][C:7]1([C:6]([C:5]([C:4]([C:9]([C:8]1([H:18])[H:19])([H:20])[H:21])([H:11])[C:2](=[O:1])[O:3][H:10])([H:12])[H:13])([H:14])[H:15])[H:17],22.0,6.0
9,0.4420476190476191,AM1BCC,AmberTools,,,H,,10,[H:16][C:7]1([C:6]([C:5]([C:4]([C:9]([C:8]1([H:18])[H:19])([H:20])[H:21])([H:11])[C:2](=[O:1])[O:3][H:10])([H:12])[H:13])([H:14])[H:15])[H:17],22.0,6.0
10,0.08274761904761906,AM1BCC,AmberTools,,,H,,11,[H:16][C:7]1([C:6]([C:5]([C:4]([C:9]([C:8]1([H:18])[H:19])([H:20])[H:21])([H:11])[C:2](=[O:1])[O:3][H:10])([H:12])[H:13])([H:14])[H:15])[H:17],22.0,6.0
11,0.05499761904761906,AM1BCC,AmberTools,,,H,,12,[H:16][C:7]1([C:6]([C:5]([C:4]([C:9]([C:8]1([H:18])[H:19])([H:20])[H:21])([H:11])[C:2](=[O:1])[O:3][H:10])([H:12])[H:13])([H:14])[H:15])[H:17],22.0,6.0
12,0.05499761904761906,AM1BCC,AmberTools,,,H,,13,[H:16][C:7]1([C:6]([C:5]([C:4]([C:9]([C:8]1([H:18])[H:19])([H:20])[H:21])([H:11])[C:2](=[O:1])[O:3][H:10])([H:12])[H:13])([H:14])[H:15])[H:17],22.0,6.0
13,0.044497619047619064,AM1BCC,AmberTools,,,H,,14,[H:16][C:7]1([C:6]([C:5]([C:4]([C:9]([C:8]1([H:18])[H:19])([H:20])[H:21])([H:11])[C:2](=[O:1])[O:3][H:10])([H:12])[H:13])([H:14])[H:15])[H:17],22.0,6.0
14,0.044497619047619064,AM1BCC,AmberTools,,,H,,15,[H:16][C:7]1([C:6]([C:5]([C:4]([C:9]([C:8]1([H:18])[H:19])([H:20])[H:21])([H:11])[C:2](=[O:1])[O:3][H:10])([H:12])[H:13])([H:14])[H:15])[H:17],22.0,6.0
15,0.04174761904761906,AM1BCC,AmberTools,,,H,,16,[H:16][C:7]1([C:6]([C:5]([C:4]([C:9]([C:8]1([H:18])[H:19])([H:20])[H:21])([H:11])[C:2](=[O:1])[O:3][H:10])([H:12])[H:13])([H:14])[H:15])[H:17],22.0,6.0
16,0.04174761904761906,AM1BCC,AmberTools,,,H,,17,[H:16][C:7]1([C:6]([C:5]([C:4]([C:9]([C:8]1([H:18])[H:19])([H:20])[H:21])([H:11])[C:2](=[O:1])[O:3][H:10])([H:12])[H:13])([H:14])[H:15])[H:17],22.0,6.0
17,0.044497619047619064,AM1BCC,AmberTools,,,H,,18,[H:16][C:7]1([C:6]([C:5]([C:4]([C:9]([C:8]1([H:18])[H:19])([H:20])[H:21])([H:11])[C:2](=[O:1])[O:3][H:10])([H:12])[H:13])([H:14])[H:15])[H:17],22.0,6.0
18,0.044497619047619064,AM1BCC,AmberTools,,,H,,19,[H:16][C:7]1([C:6]([C:5]([C:4]([C:9]([C:8]1([H:18])[H:19])([H:20])[H:21])([H:11])[C:2](=[O:1])[O:3][H:10])([H:12])[H:13])([H:14])[H:15])[H:17],22.0,6.0
19,0.05499761904761906,AM1BCC,AmberTools,,,H,,20,[H:16][C:7]1([C:6]([C:5]([C:4]([C:9]([C:8]1([H:18])[H:19])([H:20])[H:21])([H:11])[C:2](=[O:1])[O:3][H:10])([H:12])[H:13])([H:14])[H:15])[H:17],22.0,6.0
20,0.05499761904761906,AM1BCC,AmberTools,,,H,,21,[H:16][C:7]1([C:6]([C:5]([C:4]([C:9]([C:8]1([H:18])[H:19])([H:20])[H:21])([H:11])[C:2](=[O:1])[O:3][H:10])([H:12])[H:13])([H:14])[H:15])[H:17],22.0,6.0
0,-0.5536500222626186,AM1BCC,OpenEye,,,O,,1,[H:16][C:7]1([C:6]([C:5]([C:4]([C:9]([C:8]1([H:18])[H:19])([H:20])[H:21])([H:11])[C:2](=[O:1])[O:3][H:10])([H:12])[H:13])([H:14])[H:15])[H:17],22.0,7.0
1,0.633970021491959,AM1BCC,OpenEye,,,C,,2,[H:16][C:7]1([C:6]([C:5]([C:4]([C:9]([C:8]1([H:18])[H:19])([H:20])[H:21])([H:11])[C:2](=[O:1])[O:3][H:10])([H:12])[H:13])([H:14])[H:15])[H:17],22.0,7.0
2,-0.6030499942245937,AM1BCC,OpenEye,,,O,,3,[H:16][C:7]1([C:6]([C:5]([C:4]([C:9]([C:8]1([H:18])[H:19])([H:20])[H:21])([H:11])[C:2](=[O:1])[O:3][H:10])([H:12])[H:13])([H:14])[H:15])[H:17],22.0,7.0
3,-0.1049800000730015,AM1BCC,OpenEye,,,C,,4,[H:16][C:7]1([C:6]([C:5]([C:4]([C:9]([C:8]1([H:18])[H:19])([H:20])[H:21])([H:11])[C:2](=[O:1])[O:3][H:10])([H:12])[H:13])([H:14])[H:15])[H:17],22.0,7.0
4,-0.0751200027409054,AM1BCC,OpenEye,,,C,,5,[H:16][C:7]1([C:6]([C:5]([C:4]([C:9]([C:8]1([H:18])[H:19])([H:20])[H:21])([H:11])[C:2](=[O:1])[O:3][H:10])([H:12])[H:13])([H:14])[H:15])[H:17],22.0,7.0
5,-0.07568000327973139,AM1BCC,OpenEye,,,C,,6,[H:16][C:7]1([C:6]([C:5]([C:4]([C:9]([C:8]1([H:18])[H:19])([H:20])[H:21])([H:11])[C:2](=[O:1])[O:3][H:10])([H:12])[H:13])([H:14])[H:15])[H:17],22.0,7.0
6,-0.07985000383286249,AM1BCC,OpenEye,,,C,,7,[H:16][C:7]1([C:6]([C:5]([C:4]([C:9]([C:8]1([H:18])[H:19])([H:20])[H:21])([H:11])[C:2](=[O:1])[O:3][H:10])([H:12])[H:13])([H:14])[H:15])[H:17],22.0,7.0
7,-0.07568000327973139,AM1BCC,OpenEye,,,C,,8,[H:16][C:7]1([C:6]([C:5]([C:4]([C:9]([C:8]1([H:18])[H:19])([H:20])[H:21])([H:11])[C:2](=[O:1])[O:3][H:10])([H:12])[H:13])([H:14])[H:15])[H:17],22.0,7.0
8,-0.0751200027409054,AM1BCC,OpenEye,,,C,,9,[H:16][C:7]1([C:6]([C:5]([C:4]([C:9]([C:8]1([H:18])[H:19])([H:20])[H:21])([H:11])[C:2](=[O:1])[O:3][H:10])([H:12])[H:13])([H:14])[H:15])[H:17],22.0,7.0
9,0.4432600133475803,AM1BCC,OpenEye,,,H,,10,[H:16][C:7]1([C:6]([C:5]([C:4]([C:9]([C:8]1([H:18])[H:19])([H:20])[H:21])([H:11])[C:2](=[O:1])[O:3][H:10])([H:12])[H:13])([H:14])[H:15])[H:17],22.0,7.0
10,0.08197999674649466,AM1BCC,OpenEye,,,H,,11,[H:16][C:7]1([C:6]([C:5]([C:4]([C:9]([C:8]1([H:18])[H:19])([H:20])[H:21])([H:11])[C:2](=[O:1])[O:3][H:10])([H:12])[H:13])([H:14])[H:15])[H:17],22.0,7.0
11,0.05637000057668913,AM1BCC,OpenEye,,,H,,12,[H:16][C:7]1([C:6]([C:5]([C:4]([C:9]([C:8]1([H:18])[H:19])([H:20])[H:21])([H:11])[C:2](=[O:1])[O:3][H:10])([H:12])[H:13])([H:14])[H:15])[H:17],22.0,7.0
12,0.05637000057668913,AM1BCC,OpenEye,,,H,,13,[H:16][C:7]1([C:6]([C:5]([C:4]([C:9]([C:8]1([H:18])[H:19])([H:20])[H:21])([H:11])[C:2](=[O:1])[O:3][H:10])([H:12])[H:13])([H:14])[H:15])[H:17],22.0,7.0
13,0.043820000475361234,AM1BCC,OpenEye,,,H,,14,[H:16][C:7]1([C:6]([C:5]([C:4]([C:9]([C:8]1([H:18])[H:19])([H:20])[H:21])([H:11])[C:2](=[O:1])[O:3][H:10])([H:12])[H:13])([H:14])[H:15])[H:17],22.0,7.0
14,0.043820000475361234,AM1BCC,OpenEye,,,H,,15,[H:16][C:7]1([C:6]([C:5]([C:4]([C:9]([C:8]1([H:18])[H:19])([H:20])[H:21])([H:11])[C:2](=[O:1])[O:3][H:10])([H:12])[H:13])([H:14])[H:15])[H:17],22.0,7.0
15,0.04157999832005728,AM1BCC,OpenEye,,,H,,16,[H:16][C:7]1([C:6]([C:5]([C:4]([C:9]([C:8]1([H:18])[H:19])([H:20])[H:21])([H:11])[C:2](=[O:1])[O:3][H:10])([H:12])[H:13])([H:14])[H:15])[H:17],22.0,7.0
16,0.04157999832005728,AM1BCC,OpenEye,,,H,,17,[H:16][C:7]1([C:6]([C:5]([C:4]([C:9]([C:8]1([H:18])[H:19])([H:20])[H:21])([H:11])[C:2](=[O:1])[O:3][H:10])([H:12])[H:13])([H:14])[H:15])[H:17],22.0,7.0
17,0.043820000475361234,AM1BCC,OpenEye,,,H,,18,[H:16][C:7]1([C:6]([C:5]([C:4]([C:9]([C:8]1([H:18])[H:19])([H:20])[H:21])([H:11])[C:2](=[O:1])[O:3][H:10])([H:12])[H:13])([H:14])[H:15])[H:17],22.0,7.0
18,0.043820000475361234,AM1BCC,OpenEye,,,H,,19,[H:16][C:7]1([C:6]([C:5]([C:4]([C:9]([C:8]1([H:18])[H:19])([H:20])[H:21])([H:11])[C:2](=[O:1])[O:3][H:10])([H:12])[H:13])([H:14])[H:15])[H:17],22.0,7.0
19,0.05637000057668913,AM1BCC,OpenEye,,,H,,20,[H:16][C:7]1([C:6]([C:5]([C:4]([C:9]([C:8]1([H:18])[H:19])([H:20])[H:21])([H:11])[C:2](=[O:1])[O:3][H:10])([H:12])[H:13])([H:14])[H:15])[H:17],22.0,7.0
20,0.05637000057668913,AM1BCC,OpenEye,,,H,,21,[H:16][C:7]1([C:6]([C:5]([C:4]([C:9]([C:8]1([H:18])[H:19])([H:20])[H:21])([H:11])[C:2](=[O:1])[O:3][H:10])([H:12])[H:13])([H:14])[H:15])[H:17],22.0,7.0
0,-0.550952380952381,AM1BCC,AmberTools,,,O,,1,[H:16][C:7]1([C:6]([C:5]([C:4]([C:9]([C:8]1([H:18])[H:19])([H:20])[H:21])([H:11])[C:2](=[O:1])[O:3][H:10])([H:12])[H:13])([H:14])[H:15])[H:17],22.0,7.0
1,0.6361476190476191,AM1BCC,AmberTools,,,C,,2,[H:16][C:7]1([C:6]([C:5]([C:4]([C:9]([C:8]1([H:18])[H:19])([H:20])[H:21])([H:11])[C:2](=[O:1])[O:3][H:10])([H:12])[H:13])([H:14])[H:15])[H:17],22.0,7.0
2,-0.6100523809523809,AM1BCC,AmberTools,,,O,,3,[H:16][C:7]1([C:6]([C:5]([C:4]([C:9]([C:8]1([H:18])[H:19])([H:20])[H:21])([H:11])[C:2](=[O:1])[O:3][H:10])([H:12])[H:13])([H:14])[H:15])[H:17],22.0,7.0
3,-0.10365238095238094,AM1BCC,AmberTools,,,C,,4,[H:16][C:7]1([C:6]([C:5]([C:4]([C:9]([C:8]1([H:18])[H:19])([H:20])[H:21])([H:11])[C:2](=[O:1])[O:3][H:10])([H:12])[H:13])([H:14])[H:15])[H:17],22.0,7.0
4,-0.07385238095238093,AM1BCC,AmberTools,,,C,,5,[H:16][C:7]1([C:6]([C:5]([C:4]([C:9]([C:8]1([H:18])[H:19])([H:20])[H:21])([H:11])[C:2](=[O:1])[O:3][H:10])([H:12])[H:13])([H:14])[H:15])[H:17],22.0,7.0
5,-0.07535238095238093,AM1BCC,AmberTools,,,C,,6,[H:16][C:7]1([C:6]([C:5]([C:4]([C:9]([C:8]1([H:18])[H:19])([H:20])[H:21])([H:11])[C:2](=[O:1])[O:3][H:10])([H:12])[H:13])([H:14])[H:15])[H:17],22.0,7.0
6,-0.07935238095238094,AM1BCC,AmberTools,,,C,,7,[H:16][C:7]1([C:6]([C:5]([C:4]([C:9]([C:8]1([H:18])[H:19])([H:20])[H:21])([H:11])[C:2](=[O:1])[O:3][H:10])([H:12])[H:13])([H:14])[H:15])[H:17],22.0,7.0
7,-0.07535238095238093,AM1BCC,AmberTools,,,C,,8,[H:16][C:7]1([C:6]([C:5]([C:4]([C:9]([C:8]1([H:18])[H:19])([H:20])[H:21])([H:11])[C:2](=[O:1])[O:3][H:10])([H:12])[H:13])([H:14])[H:15])[H:17],22.0,7.0
8,-0.07385238095238093,AM1BCC,AmberTools,,,C,,9,[H:16][C:7]1([C:6]([C:5]([C:4]([C:9]([C:8]1([H:18])[H:19])([H:20])[H:21])([H:11])[C:2](=[O:1])[O:3][H:10])([H:12])[H:13])([H:14])[H:15])[H:17],22.0,7.0
9,0.4420476190476191,AM1BCC,AmberTools,,,H,,10,[H:16][C:7]1([C:6]([C:5]([C:4]([C:9]([C:8]1([H:18])[H:19])([H:20])[H:21])([H:11])[C:2](=[O:1])[O:3][H:10])([H:12])[H:13])([H:14])[H:15])[H:17],22.0,7.0
10,0.08274761904761906,AM1BCC,AmberTools,,,H,,11,[H:16][C:7]1([C:6]([C:5]([C:4]([C:9]([C:8]1([H:18])[H:19])([H:20])[H:21])([H:11])[C:2](=[O:1])[O:3][H:10])([H:12])[H:13])([H:14])[H:15])[H:17],22.0,7.0
11,0.05499761904761906,AM1BCC,AmberTools,,,H,,12,[H:16][C:7]1([C:6]([C:5]([C:4]([C:9]([C:8]1([H:18])[H:19])([H:20])[H:21])([H:11])[C:2](=[O:1])[O:3][H:10])([H:12])[H:13])([H:14])[H:15])[H:17],22.0,7.0
12,0.05499761904761906,AM1BCC,AmberTools,,,H,,13,[H:16][C:7]1([C:6]([C:5]([C:4]([C:9]([C:8]1([H:18])[H:19])([H:20])[H:21])([H:11])[C:2](=[O:1])[O:3][H:10])([H:12])[H:13])([H:14])[H:15])[H:17],22.0,7.0
13,0.044497619047619064,AM1BCC,AmberTools,,,H,,14,[H:16][C:7]1([C:6]([C:5]([C:4]([C:9]([C:8]1([H:18])[H:19])([H:20])[H:21])([H:11])[C:2](=[O:1])[O:3][H:10])([H:12])[H:13])([H:14])[H:15])[H:17],22.0,7.0
14,0.044497619047619064,AM1BCC,AmberTools,,,H,,15,[H:16][C:7]1([C:6]([C:5]([C:4]([C:9]([C:8]1([H:18])[H:19])([H:20])[H:21])([H:11])[C:2](=[O:1])[O:3][H:10])([H:12])[H:13])([H:14])[H:15])[H:17],22.0,7.0
15,0.04174761904761906,AM1BCC,AmberTools,,,H,,16,[H:16][C:7]1([C:6]([C:5]([C:4]([C:9]([C:8]1([H:18])[H:19])([H:20])[H:21])([H:11])[C:2](=[O:1])[O:3][H:10])([H:12])[H:13])([H:14])[H:15])[H:17],22.0,7.0
16,0.04174761904761906,AM1BCC,AmberTools,,,H,,17,[H:16][C:7]1([C:6]([C:5]([C:4]([C:9]([C:8]1([H:18])[H:19])([H:20])[H:21])([H:11])[C:2](=[O:1])[O:3][H:10])([H:12])[H:13])([H:14])[H:15])[H:17],22.0,7.0
17,0.044497619047619064,AM1BCC,AmberTools,,,H,,18,[H:16][C:7]1([C:6]([C:5]([C:4]([C:9]([C:8]1([H:18])[H:19])([H:20])[H:21])([H:11])[C:2](=[O:1])[O:3][H:10])([H:12])[H:13])([H:14])[H:15])[H:17],22.0,7.0
18,0.044497619047619064,AM1BCC,AmberTools,,,H,,19,[H:16][C:7]1([C:6]([C:5]([C:4]([C:9]([C:8]1([H:18])[H:19])([H:20])[H:21])([H:11])[C:2](=[O:1])[O:3][H:10])([H:12])[H:13])([H:14])[H:15])[H:17],22.0,7.0
19,0.05499761904761906,AM1BCC,AmberTools,,,H,,20,[H:16][C:7]1([C:6]([C:5]([C:4]([C:9]([C:8]1([H:18])[H:19])([H:20])[H:21])([H:11])[C:2](=[O:1])[O:3][H:10])([H:12])[H:13])([H:14])[H:15])[H:17],22.0,7.0
20,0.05499761904761906,AM1BCC,AmberTools,,,H,,21,[H:16][C:7]1([C:6]([C:5]([C:4]([C:9]([C:8]1([H:18])[H:19])([H:20])[H:21])([H:11])[C:2](=[O:1])[O:3][H:10])([H:12])[H:13])([H:14])[H:15])[H:17],22.0,7.0
0,-0.5536500222626186,AM1BCC,OpenEye,,,O,,1,[H:16][C:7]1([C:6]([C:5]([C:4]([C:9]([C:8]1([H:18])[H:19])([H:20])[H:21])([H:11])[C:2](=[O:1])[O:3][H:10])([H:12])[H:13])([H:14])[H:15])[H:17],22.0,8.0
1,0.633970021491959,AM1BCC,OpenEye,,,C,,2,[H:16][C:7]1([C:6]([C:5]([C:4]([C:9]([C:8]1([H:18])[H:19])([H:20])[H:21])([H:11])[C:2](=[O:1])[O:3][H:10])([H:12])[H:13])([H:14])[H:15])[H:17],22.0,8.0
2,-0.6030499942245937,AM1BCC,OpenEye,,,O,,3,[H:16][C:7]1([C:6]([C:5]([C:4]([C:9]([C:8]1([H:18])[H:19])([H:20])[H:21])([H:11])[C:2](=[O:1])[O:3][H:10])([H:12])[H:13])([H:14])[H:15])[H:17],22.0,8.0
3,-0.1049800000730015,AM1BCC,OpenEye,,,C,,4,[H:16][C:7]1([C:6]([C:5]([C:4]([C:9]([C:8]1([H:18])[H:19])([H:20])[H:21])([H:11])[C:2](=[O:1])[O:3][H:10])([H:12])[H:13])([H:14])[H:15])[H:17],22.0,8.0
4,-0.0751200027409054,AM1BCC,OpenEye,,,C,,5,[H:16][C:7]1([C:6]([C:5]([C:4]([C:9]([C:8]1([H:18])[H:19])([H:20])[H:21])([H:11])[C:2](=[O:1])[O:3][H:10])([H:12])[H:13])([H:14])[H:15])[H:17],22.0,8.0
5,-0.07568000327973139,AM1BCC,OpenEye,,,C,,6,[H:16][C:7]1([C:6]([C:5]([C:4]([C:9]([C:8]1([H:18])[H:19])([H:20])[H:21])([H:11])[C:2](=[O:1])[O:3][H:10])([H:12])[H:13])([H:14])[H:15])[H:17],22.0,8.0
6,-0.07985000383286249,AM1BCC,OpenEye,,,C,,7,[H:16][C:7]1([C:6]([C:5]([C:4]([C:9]([C:8]1([H:18])[H:19])([H:20])[H:21])([H:11])[C:2](=[O:1])[O:3][H:10])([H:12])[H:13])([H:14])[H:15])[H:17],22.0,8.0
7,-0.07568000327973139,AM1BCC,OpenEye,,,C,,8,[H:16][C:7]1([C:6]([C:5]([C:4]([C:9]([C:8]1([H:18])[H:19])([H:20])[H:21])([H:11])[C:2](=[O:1])[O:3][H:10])([H:12])[H:13])([H:14])[H:15])[H:17],22.0,8.0
8,-0.0751200027409054,AM1BCC,OpenEye,,,C,,9,[H:16][C:7]1([C:6]([C:5]([C:4]([C:9]([C:8]1([H:18])[H:19])([H:20])[H:21])([H:11])[C:2](=[O:1])[O:3][H:10])([H:12])[H:13])([H:14])[H:15])[H:17],22.0,8.0
9,0.4432600133475803,AM1BCC,OpenEye,,,H,,10,[H:16][C:7]1([C:6]([C:5]([C:4]([C:9]([C:8]1([H:18])[H:19])([H:20])[H:21])([H:11])[C:2](=[O:1])[O:3][H:10])([H:12])[H:13])([H:14])[H:15])[H:17],22.0,8.0
10,0.08197999674649466,AM1BCC,OpenEye,,,H,,11,[H:16][C:7]1([C:6]([C:5]([C:4]([C:9]([C:8]1([H:18])[H:19])([H:20])[H:21])([H:11])[C:2](=[O:1])[O:3][H:10])([H:12])[H:13])([H:14])[H:15])[H:17],22.0,8.0
11,0.05637000057668913,AM1BCC,OpenEye,,,H,,12,[H:16][C:7]1([C:6]([C:5]([C:4]([C:9]([C:8]1([H:18])[H:19])([H:20])[H:21])([H:11])[C:2](=[O:1])[O:3][H:10])([H:12])[H:13])([H:14])[H:15])[H:17],22.0,8.0
12,0.05637000057668913,AM1BCC,OpenEye,,,H,,13,[H:16][C:7]1([C:6]([C:5]([C:4]([C:9]([C:8]1([H:18])[H:19])([H:20])[H:21])([H:11])[C:2](=[O:1])[O:3][H:10])([H:12])[H:13])([H:14])[H:15])[H:17],22.0,8.0
13,0.043820000475361234,AM1BCC,OpenEye,,,H,,14,[H:16][C:7]1([C:6]([C:5]([C:4]([C:9]([C:8]1([H:18])[H:19])([H:20])[H:21])([H:11])[C:2](=[O:1])[O:3][H:10])([H:12])[H:13])([H:14])[H:15])[H:17],22.0,8.0
14,0.043820000475361234,AM1BCC,OpenEye,,,H,,15,[H:16][C:7]1([C:6]([C:5]([C:4]([C:9]([C:8]1([H:18])[H:19])([H:20])[H:21])([H:11])[C:2](=[O:1])[O:3][H:10])([H:12])[H:13])([H:14])[H:15])[H:17],22.0,8.0
15,0.04157999832005728,AM1BCC,OpenEye,,,H,,16,[H:16][C:7]1([C:6]([C:5]([C:4]([C:9]([C:8]1([H:18])[H:19])([H:20])[H:21])([H:11])[C:2](=[O:1])[O:3][H:10])([H:12])[H:13])([H:14])[H:15])[H:17],22.0,8.0
16,0.04157999832005728,AM1BCC,OpenEye,,,H,,17,[H:16][C:7]1([C:6]([C:5]([C:4]([C:9]([C:8]1([H:18])[H:19])([H:20])[H:21])([H:11])[C:2](=[O:1])[O:3][H:10])([H:12])[H:13])([H:14])[H:15])[H:17],22.0,8.0
17,0.043820000475361234,AM1BCC,OpenEye,,,H,,18,[H:16][C:7]1([C:6]([C:5]([C:4]([C:9]([C:8]1([H:18])[H:19])([H:20])[H:21])([H:11])[C:2](=[O:1])[O:3][H:10])([H:12])[H:13])([H:14])[H:15])[H:17],22.0,8.0
18,0.043820000475361234,AM1BCC,OpenEye,,,H,,19,[H:16][C:7]1([C:6]([C:5]([C:4]([C:9]([C:8]1([H:18])[H:19])([H:20])[H:21])([H:11])[C:2](=[O:1])[O:3][H:10])([H:12])[H:13])([H:14])[H:15])[H:17],22.0,8.0
19,0.05637000057668913,AM1BCC,OpenEye,,,H,,20,[H:16][C:7]1([C:6]([C:5]([C:4]([C:9]([C:8]1([H:18])[H:19])([H:20])[H:21])([H:11])[C:2](=[O:1])[O:3][H:10])([H:12])[H:13])([H:14])[H:15])[H:17],22.0,8.0
20,0.05637000057668913,AM1BCC,OpenEye,,,H,,21,[H:16][C:7]1([C:6]([C:5]([C:4]([C:9]([C:8]1([H:18])[H:19])([H:20])[H:21])([H:11])[C:2](=[O:1])[O:3][H:10])([H:12])[H:13])([H:14])[H:15])[H:17],22.0,8.0
0,-0.550952380952381,AM1BCC,AmberTools,,,O,,1,[H:16][C:7]1([C:6]([C:5]([C:4]([C:9]([C:8]1([H:18])[H:19])([H:20])[H:21])([H:11])[C:2](=[O:1])[O:3][H:10])([H:12])[H:13])([H:14])[H:15])[H:17],22.0,8.0
1,0.6361476190476191,AM1BCC,AmberTools,,,C,,2,[H:16][C:7]1([C:6]([C:5]([C:4]([C:9]([C:8]1([H:18])[H:19])([H:20])[H:21])([H:11])[C:2](=[O:1])[O:3][H:10])([H:12])[H:13])([H:14])[H:15])[H:17],22.0,8.0
2,-0.6100523809523809,AM1BCC,AmberTools,,,O,,3,[H:16][C:7]1([C:6]([C:5]([C:4]([C:9]([C:8]1([H:18])[H:19])([H:20])[H:21])([H:11])[C:2](=[O:1])[O:3][H:10])([H:12])[H:13])([H:14])[H:15])[H:17],22.0,8.0
3,-0.10365238095238094,AM1BCC,AmberTools,,,C,,4,[H:16][C:7]1([C:6]([C:5]([C:4]([C:9]([C:8]1([H:18])[H:19])([H:20])[H:21])([H:11])[C:2](=[O:1])[O:3][H:10])([H:12])[H:13])([H:14])[H:15])[H:17],22.0,8.0
4,-0.07385238095238093,AM1BCC,AmberTools,,,C,,5,[H:16][C:7]1([C:6]([C:5]([C:4]([C:9]([C:8]1([H:18])[H:19])([H:20])[H:21])([H:11])[C:2](=[O:1])[O:3][H:10])([H:12])[H:13])([H:14])[H:15])[H:17],22.0,8.0
5,-0.07535238095238093,AM1BCC,AmberTools,,,C,,6,[H:16][C:7]1([C:6]([C:5]([C:4]([C:9]([C:8]1([H:18])[H:19])([H:20])[H:21])([H:11])[C:2](=[O:1])[O:3][H:10])([H:12])[H:13])([H:14])[H:15])[H:17],22.0,8.0
6,-0.07935238095238094,AM1BCC,AmberTools,,,C,,7,[H:16][C:7]1([C:6]([C:5]([C:4]([C:9]([C:8]1([H:18])[H:19])([H:20])[H:21])([H:11])[C:2](=[O:1])[O:3][H:10])([H:12])[H:13])([H:14])[H:15])[H:17],22.0,8.0
7,-0.07535238095238093,AM1BCC,AmberTools,,,C,,8,[H:16][C:7]1([C:6]([C:5]([C:4]([C:9]([C:8]1([H:18])[H:19])([H:20])[H:21])([H:11])[C:2](=[O:1])[O:3][H:10])([H:12])[H:13])([H:14])[H:15])[H:17],22.0,8.0
8,-0.07385238095238093,AM1BCC,AmberTools,,,C,,9,[H:16][C:7]1([C:6]([C:5]([C:4]([C:9]([C:8]1([H:18])[H:19])([H:20])[H:21])([H:11])[C:2](=[O:1])[O:3][H:10])([H:12])[H:13])([H:14])[H:15])[H:17],22.0,8.0
9,0.4420476190476191,AM1BCC,AmberTools,,,H,,10,[H:16][C:7]1([C:6]([C:5]([C:4]([C:9]([C:8]1([H:18])[H:19])([H:20])[H:21])([H:11])[C:2](=[O:1])[O:3][H:10])([H:12])[H:13])([H:14])[H:15])[H:17],22.0,8.0
10,0.08274761904761906,AM1BCC,AmberTools,,,H,,11,[H:16][C:7]1([C:6]([C:5]([C:4]([C:9]([C:8]1([H:18])[H:19])([H:20])[H:21])([H:11])[C:2](=[O:1])[O:3][H:10])([H:12])[H:13])([H:14])[H:15])[H:17],22.0,8.0
11,0.05499761904761906,AM1BCC,AmberTools,,,H,,12,[H:16][C:7]1([C:6]([C:5]([C:4]([C:9]([C:8]1([H:18])[H:19])([H:20])[H:21])([H:11])[C:2](=[O:1])[O:3][H:10])([H:12])[H:13])([H:14])[H:15])[H:17],22.0,8.0
12,0.05499761904761906,AM1BCC,AmberTools,,,H,,13,[H:16][C:7]1([C:6]([C:5]([C:4]([C:9]([C:8]1([H:18])[H:19])([H:20])[H:21])([H:11])[C:2](=[O:1])[O:3][H:10])([H:12])[H:13])([H:14])[H:15])[H:17],22.0,8.0
13,0.044497619047619064,AM1BCC,AmberTools,,,H,,14,[H:16][C:7]1([C:6]([C:5]([C:4]([C:9]([C:8]1([H:18])[H:19])([H:20])[H:21])([H:11])[C:2](=[O:1])[O:3][H:10])([H:12])[H:13])([H:14])[H:15])[H:17],22.0,8.0
14,0.044497619047619064,AM1BCC,AmberTools,,,H,,15,[H:16][C:7]1([C:6]([C:5]([C:4]([C:9]([C:8]1([H:18])[H:19])([H:20])[H:21])([H:11])[C:2](=[O:1])[O:3][H:10])([H:12])[H:13])([H:14])[H:15])[H:17],22.0,8.0
15,0.04174761904761906,AM1BCC,AmberTools,,,H,,16,[H:16][C:7]1([C:6]([C:5]([C:4]([C:9]([C:8]1([H:18])[H:19])([H:20])[H:21])([H:11])[C:2](=[O:1])[O:3][H:10])([H:12])[H:13])([H:14])[H:15])[H:17],22.0,8.0
16,0.04174761904761906,AM1BCC,AmberTools,,,H,,17,[H:16][C:7]1([C:6]([C:5]([C:4]([C:9]([C:8]1([H:18])[H:19])([H:20])[H:21])([H:11])[C:2](=[O:1])[O:3][H:10])([H:12])[H:13])([H:14])[H:15])[H:17],22.0,8.0
17,0.044497619047619064,AM1BCC,AmberTools,,,H,,18,[H:16][C:7]1([C:6]([C:5]([C:4]([C:9]([C:8]1([H:18])[H:19])([H:20])[H:21])([H:11])[C:2](=[O:1])[O:3][H:10])([H:12])[H:13])([H:14])[H:15])[H:17],22.0,8.0
18,0.044497619047619064,AM1BCC,AmberTools,,,H,,19,[H:16][C:7]1([C:6]([C:5]([C:4]([C:9]([C:8]1([H:18])[H:19])([H:20])[H:21])([H:11])[C:2](=[O:1])[O:3][H:10])([H:12])[H:13])([H:14])[H:15])[H:17],22.0,8.0
19,0.05499761904761906,AM1BCC,AmberTools,,,H,,20,[H:16][C:7]1([C:6]([C:5]([C:4]([C:9]([C:8]1([H:18])[H:19])([H:20])[H:21])([H:11])[C:2](=[O:1])[O:3][H:10])([H:12])[H:13])([H:14])[H:15])[H:17],22.0,8.0
20,0.05499761904761906,AM1BCC,AmberTools,,,H,,21,[H:16][C:7]1([C:6]([C:5]([C:4]([C:9]([C:8]1([H:18])[H:19])([H:20])[H:21])([H:11])[C:2](=[O:1])[O:3][H:10])([H:12])[H:13])([H:14])[H:15])[H:17],22.0,8.0
0,-0.5536500222626186,AM1BCC,OpenEye,,,O,,1,[H:16][C:7]1([C:6]([C:5]([C:4]([C:9]([C:8]1([H:18])[H:19])([H:20])[H:21])([H:11])[C:2](=[O:1])[O:3][H:10])([H:12])[H:13])([H:14])[H:15])[H:17],22.0,9.0
1,0.633970021491959,AM1BCC,OpenEye,,,C,,2,[H:16][C:7]1([C:6]([C:5]([C:4]([C:9]([C:8]1([H:18])[H:19])([H:20])[H:21])([H:11])[C:2](=[O:1])[O:3][H:10])([H:12])[H:13])([H:14])[H:15])[H:17],22.0,9.0
2,-0.6030499942245937,AM1BCC,OpenEye,,,O,,3,[H:16][C:7]1([C:6]([C:5]([C:4]([C:9]([C:8]1([H:18])[H:19])([H:20])[H:21])([H:11])[C:2](=[O:1])[O:3][H:10])([H:12])[H:13])([H:14])[H:15])[H:17],22.0,9.0
3,-0.1049800000730015,AM1BCC,OpenEye,,,C,,4,[H:16][C:7]1([C:6]([C:5]([C:4]([C:9]([C:8]1([H:18])[H:19])([H:20])[H:21])([H:11])[C:2](=[O:1])[O:3][H:10])([H:12])[H:13])([H:14])[H:15])[H:17],22.0,9.0
4,-0.0751200027409054,AM1BCC,OpenEye,,,C,,5,[H:16][C:7]1([C:6]([C:5]([C:4]([C:9]([C:8]1([H:18])[H:19])([H:20])[H:21])([H:11])[C:2](=[O:1])[O:3][H:10])([H:12])[H:13])([H:14])[H:15])[H:17],22.0,9.0
5,-0.07568000327973139,AM1BCC,OpenEye,,,C,,6,[H:16][C:7]1([C:6]([C:5]([C:4]([C:9]([C:8]1([H:18])[H:19])([H:20])[H:21])([H:11])[C:2](=[O:1])[O:3][H:10])([H:12])[H:13])([H:14])[H:15])[H:17],22.0,9.0
6,-0.07985000383286249,AM1BCC,OpenEye,,,C,,7,[H:16][C:7]1([C:6]([C:5]([C:4]([C:9]([C:8]1([H:18])[H:19])([H:20])[H:21])([H:11])[C:2](=[O:1])[O:3][H:10])([H:12])[H:13])([H:14])[H:15])[H:17],22.0,9.0
7,-0.07568000327973139,AM1BCC,OpenEye,,,C,,8,[H:16][C:7]1([C:6]([C:5]([C:4]([C:9]([C:8]1([H:18])[H:19])([H:20])[H:21])([H:11])[C:2](=[O:1])[O:3][H:10])([H:12])[H:13])([H:14])[H:15])[H:17],22.0,9.0
8,-0.0751200027409054,AM1BCC,OpenEye,,,C,,9,[H:16][C:7]1([C:6]([C:5]([C:4]([C:9]([C:8]1([H:18])[H:19])([H:20])[H:21])([H:11])[C:2](=[O:1])[O:3][H:10])([H:12])[H:13])([H:14])[H:15])[H:17],22.0,9.0
9,0.4432600133475803,AM1BCC,OpenEye,,,H,,10,[H:16][C:7]1([C:6]([C:5]([C:4]([C:9]([C:8]1([H:18])[H:19])([H:20])[H:21])([H:11])[C:2](=[O:1])[O:3][H:10])([H:12])[H:13])([H:14])[H:15])[H:17],22.0,9.0
10,0.08197999674649466,AM1BCC,OpenEye,,,H,,11,[H:16][C:7]1([C:6]([C:5]([C:4]([C:9]([C:8]1([H:18])[H:19])([H:20])[H:21])([H:11])[C:2](=[O:1])[O:3][H:10])([H:12])[H:13])([H:14])[H:15])[H:17],22.0,9.0
11,0.05637000057668913,AM1BCC,OpenEye,,,H,,12,[H:16][C:7]1([C:6]([C:5]([C:4]([C:9]([C:8]1([H:18])[H:19])([H:20])[H:21])([H:11])[C:2](=[O:1])[O:3][H:10])([H:12])[H:13])([H:14])[H:15])[H:17],22.0,9.0
12,0.05637000057668913,AM1BCC,OpenEye,,,H,,13,[H:16][C:7]1([C:6]([C:5]([C:4]([C:9]([C:8]1([H:18])[H:19])([H:20])[H:21])([H:11])[C:2](=[O:1])[O:3][H:10])([H:12])[H:13])([H:14])[H:15])[H:17],22.0,9.0
13,0.043820000475361234,AM1BCC,OpenEye,,,H,,14,[H:16][C:7]1([C:6]([C:5]([C:4]([C:9]([C:8]1([H:18])[H:19])([H:20])[H:21])([H:11])[C:2](=[O:1])[O:3][H:10])([H:12])[H:13])([H:14])[H:15])[H:17],22.0,9.0
14,0.043820000475361234,AM1BCC,OpenEye,,,H,,15,[H:16][C:7]1([C:6]([C:5]([C:4]([C:9]([C:8]1([H:18])[H:19])([H:20])[H:21])([H:11])[C:2](=[O:1])[O:3][H:10])([H:12])[H:13])([H:14])[H:15])[H:17],22.0,9.0
15,0.04157999832005728,AM1BCC,OpenEye,,,H,,16,[H:16][C:7]1([C:6]([C:5]([C:4]([C:9]([C:8]1([H:18])[H:19])([H:20])[H:21])([H:11])[C:2](=[O:1])[O:3][H:10])([H:12])[H:13])([H:14])[H:15])[H:17],22.0,9.0
16,0.04157999832005728,AM1BCC,OpenEye,,,H,,17,[H:16][C:7]1([C:6]([C:5]([C:4]([C:9]([C:8]1([H:18])[H:19])([H:20])[H:21])([H:11])[C:2](=[O:1])[O:3][H:10])([H:12])[H:13])([H:14])[H:15])[H:17],22.0,9.0
17,0.043820000475361234,AM1BCC,OpenEye,,,H,,18,[H:16][C:7]1([C:6]([C:5]([C:4]([C:9]([C:8]1([H:18])[H:19])([H:20])[H:21])([H:11])[C:2](=[O:1])[O:3][H:10])([H:12])[H:13])([H:14])[H:15])[H:17],22.0,9.0
18,0.043820000475361234,AM1BCC,OpenEye,,,H,,19,[H:16][C:7]1([C:6]([C:5]([C:4]([C:9]([C:8]1([H:18])[H:19])([H:20])[H:21])([H:11])[C:2](=[O:1])[O:3][H:10])([H:12])[H:13])([H:14])[H:15])[H:17],22.0,9.0
19,0.05637000057668913,AM1BCC,OpenEye,,,H,,20,[H:16][C:7]1([C:6]([C:5]([C:4]([C:9]([C:8]1([H:18])[H:19])([H:20])[H:21])([H:11])[C:2](=[O:1])[O:3][H:10])([H:12])[H:13])([H:14])[H:15])[H:17],22.0,9.0
20,0.05637000057668913,AM1BCC,OpenEye,,,H,,21,[H:16][C:7]1([C:6]([C:5]([C:4]([C:9]([C:8]1([H:18])[H:19])([H:20])[H:21])([H:11])[C:2](=[O:1])[O:3][H:10])([H:12])[H:13])([H:14])[H:15])[H:17],22.0,9.0
0,-0.550952380952381,AM1BCC,AmberTools,,,O,,1,[H:16][C:7]1([C:6]([C:5]([C:4]([C:9]([C:8]1([H:18])[H:19])([H:20])[H:21])([H:11])[C:2](=[O:1])[O:3][H:10])([H:12])[H:13])([H:14])[H:15])[H:17],22.0,9.0
1,0.6361476190476191,AM1BCC,AmberTools,,,C,,2,[H:16][C:7]1([C:6]([C:5]([C:4]([C:9]([C:8]1([H:18])[H:19])([H:20])[H:21])([H:11])[C:2](=[O:1])[O:3][H:10])([H:12])[H:13])([H:14])[H:15])[H:17],22.0,9.0
2,-0.6100523809523809,AM1BCC,AmberTools,,,O,,3,[H:16][C:7]1([C:6]([C:5]([C:4]([C:9]([C:8]1([H:18])[H:19])([H:20])[H:21])([H:11])[C:2](=[O:1])[O:3][H:10])([H:12])[H:13])([H:14])[H:15])[H:17],22.0,9.0
3,-0.10365238095238094,AM1BCC,AmberTools,,,C,,4,[H:16][C:7]1([C:6]([C:5]([C:4]([C:9]([C:8]1([H:18])[H:19])([H:20])[H:21])([H:11])[C:2](=[O:1])[O:3][H:10])([H:12])[H:13])([H:14])[H:15])[H:17],22.0,9.0
4,-0.07385238095238093,AM1BCC,AmberTools,,,C,,5,[H:16][C:7]1([C:6]([C:5]([C:4]([C:9]([C:8]1([H:18])[H:19])([H:20])[H:21])([H:11])[C:2](=[O:1])[O:3][H:10])([H:12])[H:13])([H:14])[H:15])[H:17],22.0,9.0
5,-0.07535238095238093,AM1BCC,AmberTools,,,C,,6,[H:16][C:7]1([C:6]([C:5]([C:4]([C:9]([C:8]1([H:18])[H:19])([H:20])[H:21])([H:11])[C:2](=[O:1])[O:3][H:10])([H:12])[H:13])([H:14])[H:15])[H:17],22.0,9.0
6,-0.07935238095238094,AM1BCC,AmberTools,,,C,,7,[H:16][C:7]1([C:6]([C:5]([C:4]([C:9]([C:8]1([H:18])[H:19])([H:20])[H:21])([H:11])[C:2](=[O:1])[O:3][H:10])([H:12])[H:13])([H:14])[H:15])[H:17],22.0,9.0
7,-0.07535238095238093,AM1BCC,AmberTools,,,C,,8,[H:16][C:7]1([C:6]([C:5]([C:4]([C:9]([C:8]1([H:18])[H:19])([H:20])[H:21])([H:11])[C:2](=[O:1])[O:3][H:10])([H:12])[H:13])([H:14])[H:15])[H:17],22.0,9.0
8,-0.07385238095238093,AM1BCC,AmberTools,,,C,,9,[H:16][C:7]1([C:6]([C:5]([C:4]([C:9]([C:8]1([H:18])[H:19])([H:20])[H:21])([H:11])[C:2](=[O:1])[O:3][H:10])([H:12])[H:13])([H:14])[H:15])[H:17],22.0,9.0
9,0.4420476190476191,AM1BCC,AmberTools,,,H,,10,[H:16][C:7]1([C:6]([C:5]([C:4]([C:9]([C:8]1([H:18])[H:19])([H:20])[H:21])([H:11])[C:2](=[O:1])[O:3][H:10])([H:12])[H:13])([H:14])[H:15])[H:17],22.0,9.0
10,0.08274761904761906,AM1BCC,AmberTools,,,H,,11,[H:16][C:7]1([C:6]([C:5]([C:4]([C:9]([C:8]1([H:18])[H:19])([H:20])[H:21])([H:11])[C:2](=[O:1])[O:3][H:10])([H:12])[H:13])([H:14])[H:15])[H:17],22.0,9.0
11,0.05499761904761906,AM1BCC,AmberTools,,,H,,12,[H:16][C:7]1([C:6]([C:5]([C:4]([C:9]([C:8]1([H:18])[H:19])([H:20])[H:21])([H:11])[C:2](=[O:1])[O:3][H:10])([H:12])[H:13])([H:14])[H:15])[H:17],22.0,9.0
12,0.05499761904761906,AM1BCC,AmberTools,,,H,,13,[H:16][C:7]1([C:6]([C:5]([C:4]([C:9]([C:8]1([H:18])[H:19])([H:20])[H:21])([H:11])[C:2](=[O:1])[O:3][H:10])([H:12])[H:13])([H:14])[H:15])[H:17],22.0,9.0
13,0.044497619047619064,AM1BCC,AmberTools,,,H,,14,[H:16][C:7]1([C:6]([C:5]([C:4]([C:9]([C:8]1([H:18])[H:19])([H:20])[H:21])([H:11])[C:2](=[O:1])[O:3][H:10])([H:12])[H:13])([H:14])[H:15])[H:17],22.0,9.0
14,0.044497619047619064,AM1BCC,AmberTools,,,H,,15,[H:16][C:7]1([C:6]([C:5]([C:4]([C:9]([C:8]1([H:18])[H:19])([H:20])[H:21])([H:11])[C:2](=[O:1])[O:3][H:10])([H:12])[H:13])([H:14])[H:15])[H:17],22.0,9.0
15,0.04174761904761906,AM1BCC,AmberTools,,,H,,16,[H:16][C:7]1([C:6]([C:5]([C:4]([C:9]([C:8]1([H:18])[H:19])([H:20])[H:21])([H:11])[C:2](=[O:1])[O:3][H:10])([H:12])[H:13])([H:14])[H:15])[H:17],22.0,9.0
16,0.04174761904761906,AM1BCC,AmberTools,,,H,,17,[H:16][C:7]1([C:6]([C:5]([C:4]([C:9]([C:8]1([H:18])[H:19])([H:20])[H:21])([H:11])[C:2](=[O:1])[O:3][H:10])([H:12])[H:13])([H:14])[H:15])[H:17],22.0,9.0
17,0.044497619047619064,AM1BCC,AmberTools,,,H,,18,[H:16][C:7]1([C:6]([C:5]([C:4]([C:9]([C:8]1([H:18])[H:19])([H:20])[H:21])([H:11])[C:2](=[O:1])[O:3][H:10])([H:12])[H:13])([H:14])[H:15])[H:17],22.0,9.0
18,0.044497619047619064,AM1BCC,AmberTools,,,H,,19,[H:16][C:7]1([C:6]([C:5]([C:4]([C:9]([C:8]1([H:18])[H:19])([H:20])[H:21])([H:11])[C:2](=[O:1])[O:3][H:10])([H:12])[H:13])([H:14])[H:15])[H:17],22.0,9.0
19,0.05499761904761906,AM1BCC,AmberTools,,,H,,20,[H:16][C:7]1([C:6]([C:5]([C:4]([C:9]([C:8]1([H:18])[H:19])([H:20])[H:21])([H:11])[C:2](=[O:1])[O:3][H:10])([H:12])[H:13])([H:14])[H:15])[H:17],22.0,9.0
20,0.05499761904761906,AM1BCC,AmberTools,,,H,,21,[H:16][C:7]1([C:6]([C:5]([C:4]([C:9]([C:8]1([H:18])[H:19])([H:20])[H:21])([H:11])[C:2](=[O:1])[O:3][H:10])([H:12])[H:13])([H:14])[H:15])[H:17],22.0,9.0
0,-0.5536500222626186,AM1BCC,OpenEye,,,O,,1,[H:16][C:7]1([C:6]([C:5]([C:4]([C:9]([C:8]1([H:18])[H:19])([H:20])[H:21])([H:11])[C:2](=[O:1])[O:3][H:10])([H:12])[H:13])([H:14])[H:15])[H:17],22.0,10.0
1,0.633970021491959,AM1BCC,OpenEye,,,C,,2,[H:16][C:7]1([C:6]([C:5]([C:4]([C:9]([C:8]1([H:18])[H:19])([H:20])[H:21])([H:11])[C:2](=[O:1])[O:3][H:10])([H:12])[H:13])([H:14])[H:15])[H:17],22.0,10.0
2,-0.6030499942245937,AM1BCC,OpenEye,,,O,,3,[H:16][C:7]1([C:6]([C:5]([C:4]([C:9]([C:8]1([H:18])[H:19])([H:20])[H:21])([H:11])[C:2](=[O:1])[O:3][H:10])([H:12])[H:13])([H:14])[H:15])[H:17],22.0,10.0
3,-0.1049800000730015,AM1BCC,OpenEye,,,C,,4,[H:16][C:7]1([C:6]([C:5]([C:4]([C:9]([C:8]1([H:18])[H:19])([H:20])[H:21])([H:11])[C:2](=[O:1])[O:3][H:10])([H:12])[H:13])([H:14])[H:15])[H:17],22.0,10.0
4,-0.0751200027409054,AM1BCC,OpenEye,,,C,,5,[H:16][C:7]1([C:6]([C:5]([C:4]([C:9]([C:8]1([H:18])[H:19])([H:20])[H:21])([H:11])[C:2](=[O:1])[O:3][H:10])([H:12])[H:13])([H:14])[H:15])[H:17],22.0,10.0
5,-0.07568000327973139,AM1BCC,OpenEye,,,C,,6,[H:16][C:7]1([C:6]([C:5]([C:4]([C:9]([C:8]1([H:18])[H:19])([H:20])[H:21])([H:11])[C:2](=[O:1])[O:3][H:10])([H:12])[H:13])([H:14])[H:15])[H:17],22.0,10.0
6,-0.07985000383286249,AM1BCC,OpenEye,,,C,,7,[H:16][C:7]1([C:6]([C:5]([C:4]([C:9]([C:8]1([H:18])[H:19])([H:20])[H:21])([H:11])[C:2](=[O:1])[O:3][H:10])([H:12])[H:13])([H:14])[H:15])[H:17],22.0,10.0
7,-0.07568000327973139,AM1BCC,OpenEye,,,C,,8,[H:16][C:7]1([C:6]([C:5]([C:4]([C:9]([C:8]1([H:18])[H:19])([H:20])[H:21])([H:11])[C:2](=[O:1])[O:3][H:10])([H:12])[H:13])([H:14])[H:15])[H:17],22.0,10.0
8,-0.0751200027409054,AM1BCC,OpenEye,,,C,,9,[H:16][C:7]1([C:6]([C:5]([C:4]([C:9]([C:8]1([H:18])[H:19])([H:20])[H:21])([H:11])[C:2](=[O:1])[O:3][H:10])([H:12])[H:13])([H:14])[H:15])[H:17],22.0,10.0
9,0.4432600133475803,AM1BCC,OpenEye,,,H,,10,[H:16][C:7]1([C:6]([C:5]([C:4]([C:9]([C:8]1([H:18])[H:19])([H:20])[H:21])([H:11])[C:2](=[O:1])[O:3][H:10])([H:12])[H:13])([H:14])[H:15])[H:17],22.0,10.0
10,0.08197999674649466,AM1BCC,OpenEye,,,H,,11,[H:16][C:7]1([C:6]([C:5]([C:4]([C:9]([C:8]1([H:18])[H:19])([H:20])[H:21])([H:11])[C:2](=[O:1])[O:3][H:10])([H:12])[H:13])([H:14])[H:15])[H:17],22.0,10.0
11,0.05637000057668913,AM1BCC,OpenEye,,,H,,12,[H:16][C:7]1([C:6]([C:5]([C:4]([C:9]([C:8]1([H:18])[H:19])([H:20])[H:21])([H:11])[C:2](=[O:1])[O:3][H:10])([H:12])[H:13])([H:14])[H:15])[H:17],22.0,10.0
12,0.05637000057668913,AM1BCC,OpenEye,,,H,,13,[H:16][C:7]1([C:6]([C:5]([C:4]([C:9]([C:8]1([H:18])[H:19])([H:20])[H:21])([H:11])[C:2](=[O:1])[O:3][H:10])([H:12])[H:13])([H:14])[H:15])[H:17],22.0,10.0
13,0.043820000475361234,AM1BCC,OpenEye,,,H,,14,[H:16][C:7]1([C:6]([C:5]([C:4]([C:9]([C:8]1([H:18])[H:19])([H:20])[H:21])([H:11])[C:2](=[O:1])[O:3][H:10])([H:12])[H:13])([H:14])[H:15])[H:17],22.0,10.0
14,0.043820000475361234,AM1BCC,OpenEye,,,H,,15,[H:16][C:7]1([C:6]([C:5]([C:4]([C:9]([C:8]1([H:18])[H:19])([H:20])[H:21])([H:11])[C:2](=[O:1])[O:3][H:10])([H:12])[H:13])([H:14])[H:15])[H:17],22.0,10.0
15,0.04157999832005728,AM1BCC,OpenEye,,,H,,16,[H:16][C:7]1([C:6]([C:5]([C:4]([C:9]([C:8]1([H:18])[H:19])([H:20])[H:21])([H:11])[C:2](=[O:1])[O:3][H:10])([H:12])[H:13])([H:14])[H:15])[H:17],22.0,10.0
16,0.04157999832005728,AM1BCC,OpenEye,,,H,,17,[H:16][C:7]1([C:6]([C:5]([C:4]([C:9]([C:8]1([H:18])[H:19])([H:20])[H:21])([H:11])[C:2](=[O:1])[O:3][H:10])([H:12])[H:13])([H:14])[H:15])[H:17],22.0,10.0
17,0.043820000475361234,AM1BCC,OpenEye,,,H,,18,[H:16][C:7]1([C:6]([C:5]([C:4]([C:9]([C:8]1([H:18])[H:19])([H:20])[H:21])([H:11])[C:2](=[O:1])[O:3][H:10])([H:12])[H:13])([H:14])[H:15])[H:17],22.0,10.0
18,0.043820000475361234,AM1BCC,OpenEye,,,H,,19,[H:16][C:7]1([C:6]([C:5]([C:4]([C:9]([C:8]1([H:18])[H:19])([H:20])[H:21])([H:11])[C:2](=[O:1])[O:3][H:10])([H:12])[H:13])([H:14])[H:15])[H:17],22.0,10.0
19,0.05637000057668913,AM1BCC,OpenEye,,,H,,20,[H:16][C:7]1([C:6]([C:5]([C:4]([C:9]([C:8]1([H:18])[H:19])([H:20])[H:21])([H:11])[C:2](=[O:1])[O:3][H:10])([H:12])[H:13])([H:14])[H:15])[H:17],22.0,10.0
20,0.05637000057668913,AM1BCC,OpenEye,,,H,,21,[H:16][C:7]1([C:6]([C:5]([C:4]([C:9]([C:8]1([H:18])[H:19])([H:20])[H:21])([H:11])[C:2](=[O:1])[O:3][H:10])([H:12])[H:13])([H:14])[H:15])[H:17],22.0,10.0
0,-0.551,AM1BCC,AmberTools,,,O,,1,[H:16][C:7]1([C:6]([C:5]([C:4]([C:9]([C:8]1([H:18])[H:19])([H:20])[H:21])([H:11])[C:2](=[O:1])[O:3][H:10])([H:12])[H:13])([H:14])[H:15])[H:17],22.0,10.0
1,0.6361,AM1BCC,AmberTools,,,C,,2,[H:16][C:7]1([C:6]([C:5]([C:4]([C:9]([C:8]1([H:18])[H:19])([H:20])[H:21])([H:11])[C:2](=[O:1])[O:3][H:10])([H:12])[H:13])([H:14])[H:15])[H:17],22.0,10.0
2,-0.6101,AM1BCC,AmberTools,,,O,,3,[H:16][C:7]1([C:6]([C:5]([C:4]([C:9]([C:8]1([H:18])[H:19])([H:20])[H:21])([H:11])[C:2](=[O:1])[O:3][H:10])([H:12])[H:13])([H:14])[H:15])[H:17],22.0,10.0
3,-0.10369999999999999,AM1BCC,AmberTools,,,C,,4,[H:16][C:7]1([C:6]([C:5]([C:4]([C:9]([C:8]1([H:18])[H:19])([H:20])[H:21])([H:11])[C:2](=[O:1])[O:3][H:10])([H:12])[H:13])([H:14])[H:15])[H:17],22.0,10.0
4,-0.07389999999999998,AM1BCC,AmberTools,,,C,,5,[H:16][C:7]1([C:6]([C:5]([C:4]([C:9]([C:8]1([H:18])[H:19])([H:20])[H:21])([H:11])[C:2](=[O:1])[O:3][H:10])([H:12])[H:13])([H:14])[H:15])[H:17],22.0,10.0
5,-0.07539999999999998,AM1BCC,AmberTools,,,C,,6,[H:16][C:7]1([C:6]([C:5]([C:4]([C:9]([C:8]1([H:18])[H:19])([H:20])[H:21])([H:11])[C:2](=[O:1])[O:3][H:10])([H:12])[H:13])([H:14])[H:15])[H:17],22.0,10.0
6,-0.07939999999999998,AM1BCC,AmberTools,,,C,,7,[H:16][C:7]1([C:6]([C:5]([C:4]([C:9]([C:8]1([H:18])[H:19])([H:20])[H:21])([H:11])[C:2](=[O:1])[O:3][H:10])([H:12])[H:13])([H:14])[H:15])[H:17],22.0,10.0
7,-0.07539999999999998,AM1BCC,AmberTools,,,C,,8,[H:16][C:7]1([C:6]([C:5]([C:4]([C:9]([C:8]1([H:18])[H:19])([H:20])[H:21])([H:11])[C:2](=[O:1])[O:3][H:10])([H:12])[H:13])([H:14])[H:15])[H:17],22.0,10.0
8,-0.07389999999999998,AM1BCC,AmberTools,,,C,,9,[H:16][C:7]1([C:6]([C:5]([C:4]([C:9]([C:8]1([H:18])[H:19])([H:20])[H:21])([H:11])[C:2](=[O:1])[O:3][H:10])([H:12])[H:13])([H:14])[H:15])[H:17],22.0,10.0
9,0.442,AM1BCC,AmberTools,,,H,,10,[H:16][C:7]1([C:6]([C:5]([C:4]([C:9]([C:8]1([H:18])[H:19])([H:20])[H:21])([H:11])[C:2](=[O:1])[O:3][H:10])([H:12])[H:13])([H:14])[H:15])[H:17],22.0,10.0
10,0.08270000000000001,AM1BCC,AmberTools,,,H,,11,[H:16][C:7]1([C:6]([C:5]([C:4]([C:9]([C:8]1([H:18])[H:19])([H:20])[H:21])([H:11])[C:2](=[O:1])[O:3][H:10])([H:12])[H:13])([H:14])[H:15])[H:17],22.0,10.0
11,0.055200000000000006,AM1BCC,AmberTools,,,H,,12,[H:16][C:7]1([C:6]([C:5]([C:4]([C:9]([C:8]1([H:18])[H:19])([H:20])[H:21])([H:11])[C:2](=[O:1])[O:3][H:10])([H:12])[H:13])([H:14])[H:15])[H:17],22.0,10.0
12,0.055200000000000006,AM1BCC,AmberTools,,,H,,13,[H:16][C:7]1([C:6]([C:5]([C:4]([C:9]([C:8]1([H:18])[H:19])([H:20])[H:21])([H:11])[C:2](=[O:1])[O:3][H:10])([H:12])[H:13])([H:14])[H:15])[H:17],22.0,10.0
13,0.04445000000000001,AM1BCC,AmberTools,,,H,,14,[H:16][C:7]1([C:6]([C:5]([C:4]([C:9]([C:8]1([H:18])[H:19])([H:20])[H:21])([H:11])[C:2](=[O:1])[O:3][H:10])([H:12])[H:13])([H:14])[H:15])[H:17],22.0,10.0
14,0.04445000000000001,AM1BCC,AmberTools,,,H,,15,[H:16][C:7]1([C:6]([C:5]([C:4]([C:9]([C:8]1([H:18])[H:19])([H:20])[H:21])([H:11])[C:2](=[O:1])[O:3][H:10])([H:12])[H:13])([H:14])[H:15])[H:17],22.0,10.0
15,0.04170000000000001,AM1BCC,AmberTools,,,H,,16,[H:16][C:7]1([C:6]([C:5]([C:4]([C:9]([C:8]1([H:18])[H:19])([H:20])[H:21])([H:11])[C:2](=[O:1])[O:3][H:10])([H:12])[H:13])([H:14])[H:15])[H:17],22.0,10.0
16,0.04170000000000001,AM1BCC,AmberTools,,,H,,17,[H:16][C:7]1([C:6]([C:5]([C:4]([C:9]([C:8]1([H:18])[H:19])([H:20])[H:21])([H:11])[C:2](=[O:1])[O:3][H:10])([H:12])[H:13])([H:14])[H:15])[H:17],22.0,10.0
17,0.04445000000000001,AM1BCC,AmberTools,,,H,,18,[H:16][C:7]1([C:6]([C:5]([C:4]([C:9]([C:8]1([H:18])[H:19])([H:20])[H:21])([H:11])[C:2](=[O:1])[O:3][H:10])([H:12])[H:13])([H:14])[H:15])[H:17],22.0,10.0
18,0.04445000000000001,AM1BCC,AmberTools,,,H,,19,[H:16][C:7]1([C:6]([C:5]([C:4]([C:9]([C:8]1([H:18])[H:19])([H:20])[H:21])([H:11])[C:2](=[O:1])[O:3][H:10])([H:12])[H:13])([H:14])[H:15])[H:17],22.0,10.0
19,0.055200000000000006,AM1BCC,AmberTools,,,H,,20,[H:16][C:7]1([C:6]([C:5]([C:4]([C:9]([C:8]1([H:18])[H:19])([H:20])[H:21])([H:11])[C:2](=[O:1])[O:3][H:10])([H:12])[H:13])([H:14])[H:15])[H:17],22.0,10.0
20,0.055200000000000006,AM1BCC,AmberTools,,,H,,21,[H:16][C:7]1([C:6]([C:5]([C:4]([C:9]([C:8]1([H:18])[H:19])([H:20])[H:21])([H:11])[C:2](=[O:1])[O:3][H:10])([H:12])[H:13])([H:14])[H:15])[H:17],22.0,10.0
0,-0.5536500222626186,AM1BCC,OpenEye,,,O,,1,[H:16][C:7]1([C:6]([C:5]([C:4]([C:9]([C:8]1([H:18])[H:19])([H:20])[H:21])([H:11])[C:2](=[O:1])[O:3][H:10])([H:12])[H:13])([H:14])[H:15])[H:17],22.0,11.0
1,0.633970021491959,AM1BCC,OpenEye,,,C,,2,[H:16][C:7]1([C:6]([C:5]([C:4]([C:9]([C:8]1([H:18])[H:19])([H:20])[H:21])([H:11])[C:2](=[O:1])[O:3][H:10])([H:12])[H:13])([H:14])[H:15])[H:17],22.0,11.0
2,-0.6030499942245937,AM1BCC,OpenEye,,,O,,3,[H:16][C:7]1([C:6]([C:5]([C:4]([C:9]([C:8]1([H:18])[H:19])([H:20])[H:21])([H:11])[C:2](=[O:1])[O:3][H:10])([H:12])[H:13])([H:14])[H:15])[H:17],22.0,11.0
3,-0.1049800000730015,AM1BCC,OpenEye,,,C,,4,[H:16][C:7]1([C:6]([C:5]([C:4]([C:9]([C:8]1([H:18])[H:19])([H:20])[H:21])([H:11])[C:2](=[O:1])[O:3][H:10])([H:12])[H:13])([H:14])[H:15])[H:17],22.0,11.0
4,-0.0751200027409054,AM1BCC,OpenEye,,,C,,5,[H:16][C:7]1([C:6]([C:5]([C:4]([C:9]([C:8]1([H:18])[H:19])([H:20])[H:21])([H:11])[C:2](=[O:1])[O:3][H:10])([H:12])[H:13])([H:14])[H:15])[H:17],22.0,11.0
5,-0.07568000327973139,AM1BCC,OpenEye,,,C,,6,[H:16][C:7]1([C:6]([C:5]([C:4]([C:9]([C:8]1([H:18])[H:19])([H:20])[H:21])([H:11])[C:2](=[O:1])[O:3][H:10])([H:12])[H:13])([H:14])[H:15])[H:17],22.0,11.0
6,-0.07985000383286249,AM1BCC,OpenEye,,,C,,7,[H:16][C:7]1([C:6]([C:5]([C:4]([C:9]([C:8]1([H:18])[H:19])([H:20])[H:21])([H:11])[C:2](=[O:1])[O:3][H:10])([H:12])[H:13])([H:14])[H:15])[H:17],22.0,11.0
7,-0.07568000327973139,AM1BCC,OpenEye,,,C,,8,[H:16][C:7]1([C:6]([C:5]([C:4]([C:9]([C:8]1([H:18])[H:19])([H:20])[H:21])([H:11])[C:2](=[O:1])[O:3][H:10])([H:12])[H:13])([H:14])[H:15])[H:17],22.0,11.0
8,-0.0751200027409054,AM1BCC,OpenEye,,,C,,9,[H:16][C:7]1([C:6]([C:5]([C:4]([C:9]([C:8]1([H:18])[H:19])([H:20])[H:21])([H:11])[C:2](=[O:1])[O:3][H:10])([H:12])[H:13])([H:14])[H:15])[H:17],22.0,11.0
9,0.4432600133475803,AM1BCC,OpenEye,,,H,,10,[H:16][C:7]1([C:6]([C:5]([C:4]([C:9]([C:8]1([H:18])[H:19])([H:20])[H:21])([H:11])[C:2](=[O:1])[O:3][H:10])([H:12])[H:13])([H:14])[H:15])[H:17],22.0,11.0
10,0.08197999674649466,AM1BCC,OpenEye,,,H,,11,[H:16][C:7]1([C:6]([C:5]([C:4]([C:9]([C:8]1([H:18])[H:19])([H:20])[H:21])([H:11])[C:2](=[O:1])[O:3][H:10])([H:12])[H:13])([H:14])[H:15])[H:17],22.0,11.0
11,0.05637000057668913,AM1BCC,OpenEye,,,H,,12,[H:16][C:7]1([C:6]([C:5]([C:4]([C:9]([C:8]1([H:18])[H:19])([H:20])[H:21])([H:11])[C:2](=[O:1])[O:3][H:10])([H:12])[H:13])([H:14])[H:15])[H:17],22.0,11.0
12,0.05637000057668913,AM1BCC,OpenEye,,,H,,13,[H:16][C:7]1([C:6]([C:5]([C:4]([C:9]([C:8]1([H:18])[H:19])([H:20])[H:21])([H:11])[C:2](=[O:1])[O:3][H:10])([H:12])[H:13])([H:14])[H:15])[H:17],22.0,11.0
13,0.043820000475361234,AM1BCC,OpenEye,,,H,,14,[H:16][C:7]1([C:6]([C:5]([C:4]([C:9]([C:8]1([H:18])[H:19])([H:20])[H:21])([H:11])[C:2](=[O:1])[O:3][H:10])([H:12])[H:13])([H:14])[H:15])[H:17],22.0,11.0
14,0.043820000475361234,AM1BCC,OpenEye,,,H,,15,[H:16][C:7]1([C:6]([C:5]([C:4]([C:9]([C:8]1([H:18])[H:19])([H:20])[H:21])([H:11])[C:2](=[O:1])[O:3][H:10])([H:12])[H:13])([H:14])[H:15])[H:17],22.0,11.0
15,0.04157999832005728,AM1BCC,OpenEye,,,H,,16,[H:16][C:7]1([C:6]([C:5]([C:4]([C:9]([C:8]1([H:18])[H:19])([H:20])[H:21])([H:11])[C:2](=[O:1])[O:3][H:10])([H:12])[H:13])([H:14])[H:15])[H:17],22.0,11.0
16,0.04157999832005728,AM1BCC,OpenEye,,,H,,17,[H:16][C:7]1([C:6]([C:5]([C:4]([C:9]([C:8]1([H:18])[H:19])([H:20])[H:21])([H:11])[C:2](=[O:1])[O:3][H:10])([H:12])[H:13])([H:14])[H:15])[H:17],22.0,11.0
17,0.043820000475361234,AM1BCC,OpenEye,,,H,,18,[H:16][C:7]1([C:6]([C:5]([C:4]([C:9]([C:8]1([H:18])[H:19])([H:20])[H:21])([H:11])[C:2](=[O:1])[O:3][H:10])([H:12])[H:13])([H:14])[H:15])[H:17],22.0,11.0
18,0.043820000475361234,AM1BCC,OpenEye,,,H,,19,[H:16][C:7]1([C:6]([C:5]([C:4]([C:9]([C:8]1([H:18])[H:19])([H:20])[H:21])([H:11])[C:2](=[O:1])[O:3][H:10])([H:12])[H:13])([H:14])[H:15])[H:17],22.0,11.0
19,0.05637000057668913,AM1BCC,OpenEye,,,H,,20,[H:16][C:7]1([C:6]([C:5]([C:4]([C:9]([C:8]1([H:18])[H:19])([H:20])[H:21])([H:11])[C:2](=[O:1])[O:3][H:10])([H:12])[H:13])([H:14])[H:15])[H:17],22.0,11.0
20,0.05637000057668913,AM1BCC,OpenEye,,,H,,21,[H:16][C:7]1([C:6]([C:5]([C:4]([C:9]([C:8]1([H:18])[H:19])([H:20])[H:21])([H:11])[C:2](=[O:1])[O:3][H:10])([H:12])[H:13])([H:14])[H:15])[H:17],22.0,11.0
0,-0.550952380952381,AM1BCC,AmberTools,,,O,,1,[H:16][C:7]1([C:6]([C:5]([C:4]([C:9]([C:8]1([H:18])[H:19])([H:20])[H:21])([H:11])[C:2](=[O:1])[O:3][H:10])([H:12])[H:13])([H:14])[H:15])[H:17],22.0,11.0
1,0.6361476190476191,AM1BCC,AmberTools,,,C,,2,[H:16][C:7]1([C:6]([C:5]([C:4]([C:9]([C:8]1([H:18])[H:19])([H:20])[H:21])([H:11])[C:2](=[O:1])[O:3][H:10])([H:12])[H:13])([H:14])[H:15])[H:17],22.0,11.0
2,-0.6100523809523809,AM1BCC,AmberTools,,,O,,3,[H:16][C:7]1([C:6]([C:5]([C:4]([C:9]([C:8]1([H:18])[H:19])([H:20])[H:21])([H:11])[C:2](=[O:1])[O:3][H:10])([H:12])[H:13])([H:14])[H:15])[H:17],22.0,11.0
3,-0.10365238095238094,AM1BCC,AmberTools,,,C,,4,[H:16][C:7]1([C:6]([C:5]([C:4]([C:9]([C:8]1([H:18])[H:19])([H:20])[H:21])([H:11])[C:2](=[O:1])[O:3][H:10])([H:12])[H:13])([H:14])[H:15])[H:17],22.0,11.0
4,-0.07385238095238093,AM1BCC,AmberTools,,,C,,5,[H:16][C:7]1([C:6]([C:5]([C:4]([C:9]([C:8]1([H:18])[H:19])([H:20])[H:21])([H:11])[C:2](=[O:1])[O:3][H:10])([H:12])[H:13])([H:14])[H:15])[H:17],22.0,11.0
5,-0.07535238095238093,AM1BCC,AmberTools,,,C,,6,[H:16][C:7]1([C:6]([C:5]([C:4]([C:9]([C:8]1([H:18])[H:19])([H:20])[H:21])([H:11])[C:2](=[O:1])[O:3][H:10])([H:12])[H:13])([H:14])[H:15])[H:17],22.0,11.0
6,-0.07935238095238094,AM1BCC,AmberTools,,,C,,7,[H:16][C:7]1([C:6]([C:5]([C:4]([C:9]([C:8]1([H:18])[H:19])([H:20])[H:21])([H:11])[C:2](=[O:1])[O:3][H:10])([H:12])[H:13])([H:14])[H:15])[H:17],22.0,11.0
7,-0.07535238095238093,AM1BCC,AmberTools,,,C,,8,[H:16][C:7]1([C:6]([C:5]([C:4]([C:9]([C:8]1([H:18])[H:19])([H:20])[H:21])([H:11])[C:2](=[O:1])[O:3][H:10])([H:12])[H:13])([H:14])[H:15])[H:17],22.0,11.0
8,-0.07385238095238093,AM1BCC,AmberTools,,,C,,9,[H:16][C:7]1([C:6]([C:5]([C:4]([C:9]([C:8]1([H:18])[H:19])([H:20])[H:21])([H:11])[C:2](=[O:1])[O:3][H:10])([H:12])[H:13])([H:14])[H:15])[H:17],22.0,11.0
9,0.4420476190476191,AM1BCC,AmberTools,,,H,,10,[H:16][C:7]1([C:6]([C:5]([C:4]([C:9]([C:8]1([H:18])[H:19])([H:20])[H:21])([H:11])[C:2](=[O:1])[O:3][H:10])([H:12])[H:13])([H:14])[H:15])[H:17],22.0,11.0
10,0.08274761904761906,AM1BCC,AmberTools,,,H,,11,[H:16][C:7]1([C:6]([C:5]([C:4]([C:9]([C:8]1([H:18])[H:19])([H:20])[H:21])([H:11])[C:2](=[O:1])[O:3][H:10])([H:12])[H:13])([H:14])[H:15])[H:17],22.0,11.0
11,0.05499761904761906,AM1BCC,AmberTools,,,H,,12,[H:16][C:7]1([C:6]([C:5]([C:4]([C:9]([C:8]1([H:18])[H:19])([H:20])[H:21])([H:11])[C:2](=[O:1])[O:3][H:10])([H:12])[H:13])([H:14])[H:15])[H:17],22.0,11.0
12,0.05499761904761906,AM1BCC,AmberTools,,,H,,13,[H:16][C:7]1([C:6]([C:5]([C:4]([C:9]([C:8]1([H:18])[H:19])([H:20])[H:21])([H:11])[C:2](=[O:1])[O:3][H:10])([H:12])[H:13])([H:14])[H:15])[H:17],22.0,11.0
13,0.044497619047619064,AM1BCC,AmberTools,,,H,,14,[H:16][C:7]1([C:6]([C:5]([C:4]([C:9]([C:8]1([H:18])[H:19])([H:20])[H:21])([H:11])[C:2](=[O:1])[O:3][H:10])([H:12])[H:13])([H:14])[H:15])[H:17],22.0,11.0
14,0.044497619047619064,AM1BCC,AmberTools,,,H,,15,[H:16][C:7]1([C:6]([C:5]([C:4]([C:9]([C:8]1([H:18])[H:19])([H:20])[H:21])([H:11])[C:2](=[O:1])[O:3][H:10])([H:12])[H:13])([H:14])[H:15])[H:17],22.0,11.0
15,0.04174761904761906,AM1BCC,AmberTools,,,H,,16,[H:16][C:7]1([C:6]([C:5]([C:4]([C:9]([C:8]1([H:18])[H:19])([H:20])[H:21])([H:11])[C:2](=[O:1])[O:3][H:10])([H:12])[H:13])([H:14])[H:15])[H:17],22.0,11.0
16,0.04174761904761906,AM1BCC,AmberTools,,,H,,17,[H:16][C:7]1([C:6]([C:5]([C:4]([C:9]([C:8]1([H:18])[H:19])([H:20])[H:21])([H:11])[C:2](=[O:1])[O:3][H:10])([H:12])[H:13])([H:14])[H:15])[H:17],22.0,11.0
17,0.044497619047619064,AM1BCC,AmberTools,,,H,,18,[H:16][C:7]1([C:6]([C:5]([C:4]([C:9]([C:8]1([H:18])[H:19])([H:20])[H:21])([H:11])[C:2](=[O:1])[O:3][H:10])([H:12])[H:13])([H:14])[H:15])[H:17],22.0,11.0
18,0.044497619047619064,AM1BCC,AmberTools,,,H,,19,[H:16][C:7]1([C:6]([C:5]([C:4]([C:9]([C:8]1([H:18])[H:19])([H:20])[H:21])([H:11])[C:2](=[O:1])[O:3][H:10])([H:12])[H:13])([H:14])[H:15])[H:17],22.0,11.0
19,0.05499761904761906,AM1BCC,AmberTools,,,H,,20,[H:16][C:7]1([C:6]([C:5]([C:4]([C:9]([C:8]1([H:18])[H:19])([H:20])[H:21])([H:11])[C:2](=[O:1])[O:3][H:10])([H:12])[H:13])([H:14])[H:15])[H:17],22.0,11.0
20,0.05499761904761906,AM1BCC,AmberTools,,,H,,21,[H:16][C:7]1([C:6]([C:5]([C:4]([C:9]([C:8]1([H:18])[H:19])([H:20])[H:21])([H:11])[C:2](=[O:1])[O:3][H:10])([H:12])[H:13])([H:14])[H:15])[H:17],22.0,11.0
0,-0.5536500222626186,AM1BCC,OpenEye,,,O,,1,[H:16][C:7]1([C:6]([C:5]([C:4]([C:9]([C:8]1([H:18])[H:19])([H:20])[H:21])([H:11])[C:2](=[O:1])[O:3][H:10])([H:12])[H:13])([H:14])[H:15])[H:17],22.0,12.0
1,0.633970021491959,AM1BCC,OpenEye,,,C,,2,[H:16][C:7]1([C:6]([C:5]([C:4]([C:9]([C:8]1([H:18])[H:19])([H:20])[H:21])([H:11])[C:2](=[O:1])[O:3][H:10])([H:12])[H:13])([H:14])[H:15])[H:17],22.0,12.0
2,-0.6030499942245937,AM1BCC,OpenEye,,,O,,3,[H:16][C:7]1([C:6]([C:5]([C:4]([C:9]([C:8]1([H:18])[H:19])([H:20])[H:21])([H:11])[C:2](=[O:1])[O:3][H:10])([H:12])[H:13])([H:14])[H:15])[H:17],22.0,12.0
3,-0.1049800000730015,AM1BCC,OpenEye,,,C,,4,[H:16][C:7]1([C:6]([C:5]([C:4]([C:9]([C:8]1([H:18])[H:19])([H:20])[H:21])([H:11])[C:2](=[O:1])[O:3][H:10])([H:12])[H:13])([H:14])[H:15])[H:17],22.0,12.0
4,-0.0751200027409054,AM1BCC,OpenEye,,,C,,5,[H:16][C:7]1([C:6]([C:5]([C:4]([C:9]([C:8]1([H:18])[H:19])([H:20])[H:21])([H:11])[C:2](=[O:1])[O:3][H:10])([H:12])[H:13])([H:14])[H:15])[H:17],22.0,12.0
5,-0.07568000327973139,AM1BCC,OpenEye,,,C,,6,[H:16][C:7]1([C:6]([C:5]([C:4]([C:9]([C:8]1([H:18])[H:19])([H:20])[H:21])([H:11])[C:2](=[O:1])[O:3][H:10])([H:12])[H:13])([H:14])[H:15])[H:17],22.0,12.0
6,-0.07985000383286249,AM1BCC,OpenEye,,,C,,7,[H:16][C:7]1([C:6]([C:5]([C:4]([C:9]([C:8]1([H:18])[H:19])([H:20])[H:21])([H:11])[C:2](=[O:1])[O:3][H:10])([H:12])[H:13])([H:14])[H:15])[H:17],22.0,12.0
7,-0.07568000327973139,AM1BCC,OpenEye,,,C,,8,[H:16][C:7]1([C:6]([C:5]([C:4]([C:9]([C:8]1([H:18])[H:19])([H:20])[H:21])([H:11])[C:2](=[O:1])[O:3][H:10])([H:12])[H:13])([H:14])[H:15])[H:17],22.0,12.0
8,-0.0751200027409054,AM1BCC,OpenEye,,,C,,9,[H:16][C:7]1([C:6]([C:5]([C:4]([C:9]([C:8]1([H:18])[H:19])([H:20])[H:21])([H:11])[C:2](=[O:1])[O:3][H:10])([H:12])[H:13])([H:14])[H:15])[H:17],22.0,12.0
9,0.4432600133475803,AM1BCC,OpenEye,,,H,,10,[H:16][C:7]1([C:6]([C:5]([C:4]([C:9]([C:8]1([H:18])[H:19])([H:20])[H:21])([H:11])[C:2](=[O:1])[O:3][H:10])([H:12])[H:13])([H:14])[H:15])[H:17],22.0,12.0
10,0.08197999674649466,AM1BCC,OpenEye,,,H,,11,[H:16][C:7]1([C:6]([C:5]([C:4]([C:9]([C:8]1([H:18])[H:19])([H:20])[H:21])([H:11])[C:2](=[O:1])[O:3][H:10])([H:12])[H:13])([H:14])[H:15])[H:17],22.0,12.0
11,0.05637000057668913,AM1BCC,OpenEye,,,H,,12,[H:16][C:7]1([C:6]([C:5]([C:4]([C:9]([C:8]1([H:18])[H:19])([H:20])[H:21])([H:11])[C:2](=[O:1])[O:3][H:10])([H:12])[H:13])([H:14])[H:15])[H:17],22.0,12.0
12,0.05637000057668913,AM1BCC,OpenEye,,,H,,13,[H:16][C:7]1([C:6]([C:5]([C:4]([C:9]([C:8]1([H:18])[H:19])([H:20])[H:21])([H:11])[C:2](=[O:1])[O:3][H:10])([H:12])[H:13])([H:14])[H:15])[H:17],22.0,12.0
13,0.043820000475361234,AM1BCC,OpenEye,,,H,,14,[H:16][C:7]1([C:6]([C:5]([C:4]([C:9]([C:8]1([H:18])[H:19])([H:20])[H:21])([H:11])[C:2](=[O:1])[O:3][H:10])([H:12])[H:13])([H:14])[H:15])[H:17],22.0,12.0
14,0.043820000475361234,AM1BCC,OpenEye,,,H,,15,[H:16][C:7]1([C:6]([C:5]([C:4]([C:9]([C:8]1([H:18])[H:19])([H:20])[H:21])([H:11])[C:2](=[O:1])[O:3][H:10])([H:12])[H:13])([H:14])[H:15])[H:17],22.0,12.0
15,0.04157999832005728,AM1BCC,OpenEye,,,H,,16,[H:16][C:7]1([C:6]([C:5]([C:4]([C:9]([C:8]1([H:18])[H:19])([H:20])[H:21])([H:11])[C:2](=[O:1])[O:3][H:10])([H:12])[H:13])([H:14])[H:15])[H:17],22.0,12.0
16,0.04157999832005728,AM1BCC,OpenEye,,,H,,17,[H:16][C:7]1([C:6]([C:5]([C:4]([C:9]([C:8]1([H:18])[H:19])([H:20])[H:21])([H:11])[C:2](=[O:1])[O:3][H:10])([H:12])[H:13])([H:14])[H:15])[H:17],22.0,12.0
17,0.043820000475361234,AM1BCC,OpenEye,,,H,,18,[H:16][C:7]1([C:6]([C:5]([C:4]([C:9]([C:8]1([H:18])[H:19])([H:20])[H:21])([H:11])[C:2](=[O:1])[O:3][H:10])([H:12])[H:13])([H:14])[H:15])[H:17],22.0,12.0
18,0.043820000475361234,AM1BCC,OpenEye,,,H,,19,[H:16][C:7]1([C:6]([C:5]([C:4]([C:9]([C:8]1([H:18])[H:19])([H:20])[H:21])([H:11])[C:2](=[O:1])[O:3][H:10])([H:12])[H:13])([H:14])[H:15])[H:17],22.0,12.0
19,0.05637000057668913,AM1BCC,OpenEye,,,H,,20,[H:16][C:7]1([C:6]([C:5]([C:4]([C:9]([C:8]1([H:18])[H:19])([H:20])[H:21])([H:11])[C:2](=[O:1])[O:3][H:10])([H:12])[H:13])([H:14])[H:15])[H:17],22.0,12.0
20,0.05637000057668913,AM1BCC,OpenEye,,,H,,21,[H:16][C:7]1([C:6]([C:5]([C:4]([C:9]([C:8]1([H:18])[H:19])([H:20])[H:21])([H:11])[C:2](=[O:1])[O:3][H:10])([H:12])[H:13])([H:14])[H:15])[H:17],22.0,12.0
0,-0.550952380952381,AM1BCC,AmberTools,,,O,,1,[H:16][C:7]1([C:6]([C:5]([C:4]([C:9]([C:8]1([H:18])[H:19])([H:20])[H:21])([H:11])[C:2](=[O:1])[O:3][H:10])([H:12])[H:13])([H:14])[H:15])[H:17],22.0,12.0
1,0.6361476190476191,AM1BCC,AmberTools,,,C,,2,[H:16][C:7]1([C:6]([C:5]([C:4]([C:9]([C:8]1([H:18])[H:19])([H:20])[H:21])([H:11])[C:2](=[O:1])[O:3][H:10])([H:12])[H:13])([H:14])[H:15])[H:17],22.0,12.0
2,-0.6100523809523809,AM1BCC,AmberTools,,,O,,3,[H:16][C:7]1([C:6]([C:5]([C:4]([C:9]([C:8]1([H:18])[H:19])([H:20])[H:21])([H:11])[C:2](=[O:1])[O:3][H:10])([H:12])[H:13])([H:14])[H:15])[H:17],22.0,12.0
3,-0.10365238095238094,AM1BCC,AmberTools,,,C,,4,[H:16][C:7]1([C:6]([C:5]([C:4]([C:9]([C:8]1([H:18])[H:19])([H:20])[H:21])([H:11])[C:2](=[O:1])[O:3][H:10])([H:12])[H:13])([H:14])[H:15])[H:17],22.0,12.0
4,-0.07385238095238093,AM1BCC,AmberTools,,,C,,5,[H:16][C:7]1([C:6]([C:5]([C:4]([C:9]([C:8]1([H:18])[H:19])([H:20])[H:21])([H:11])[C:2](=[O:1])[O:3][H:10])([H:12])[H:13])([H:14])[H:15])[H:17],22.0,12.0
5,-0.07535238095238093,AM1BCC,AmberTools,,,C,,6,[H:16][C:7]1([C:6]([C:5]([C:4]([C:9]([C:8]1([H:18])[H:19])([H:20])[H:21])([H:11])[C:2](=[O:1])[O:3][H:10])([H:12])[H:13])([H:14])[H:15])[H:17],22.0,12.0
6,-0.07935238095238094,AM1BCC,AmberTools,,,C,,7,[H:16][C:7]1([C:6]([C:5]([C:4]([C:9]([C:8]1([H:18])[H:19])([H:20])[H:21])([H:11])[C:2](=[O:1])[O:3][H:10])([H:12])[H:13])([H:14])[H:15])[H:17],22.0,12.0
7,-0.07535238095238093,AM1BCC,AmberTools,,,C,,8,[H:16][C:7]1([C:6]([C:5]([C:4]([C:9]([C:8]1([H:18])[H:19])([H:20])[H:21])([H:11])[C:2](=[O:1])[O:3][H:10])([H:12])[H:13])([H:14])[H:15])[H:17],22.0,12.0
8,-0.07385238095238093,AM1BCC,AmberTools,,,C,,9,[H:16][C:7]1([C:6]([C:5]([C:4]([C:9]([C:8]1([H:18])[H:19])([H:20])[H:21])([H:11])[C:2](=[O:1])[O:3][H:10])([H:12])[H:13])([H:14])[H:15])[H:17],22.0,12.0
9,0.4420476190476191,AM1BCC,AmberTools,,,H,,10,[H:16][C:7]1([C:6]([C:5]([C:4]([C:9]([C:8]1([H:18])[H:19])([H:20])[H:21])([H:11])[C:2](=[O:1])[O:3][H:10])([H:12])[H:13])([H:14])[H:15])[H:17],22.0,12.0
10,0.08274761904761906,AM1BCC,AmberTools,,,H,,11,[H:16][C:7]1([C:6]([C:5]([C:4]([C:9]([C:8]1([H:18])[H:19])([H:20])[H:21])([H:11])[C:2](=[O:1])[O:3][H:10])([H:12])[H:13])([H:14])[H:15])[H:17],22.0,12.0
11,0.05499761904761906,AM1BCC,AmberTools,,,H,,12,[H:16][C:7]1([C:6]([C:5]([C:4]([C:9]([C:8]1([H:18])[H:19])([H:20])[H:21])([H:11])[C:2](=[O:1])[O:3][H:10])([H:12])[H:13])([H:14])[H:15])[H:17],22.0,12.0
12,0.05499761904761906,AM1BCC,AmberTools,,,H,,13,[H:16][C:7]1([C:6]([C:5]([C:4]([C:9]([C:8]1([H:18])[H:19])([H:20])[H:21])([H:11])[C:2](=[O:1])[O:3][H:10])([H:12])[H:13])([H:14])[H:15])[H:17],22.0,12.0
13,0.044497619047619064,AM1BCC,AmberTools,,,H,,14,[H:16][C:7]1([C:6]([C:5]([C:4]([C:9]([C:8]1([H:18])[H:19])([H:20])[H:21])([H:11])[C:2](=[O:1])[O:3][H:10])([H:12])[H:13])([H:14])[H:15])[H:17],22.0,12.0
14,0.044497619047619064,AM1BCC,AmberTools,,,H,,15,[H:16][C:7]1([C:6]([C:5]([C:4]([C:9]([C:8]1([H:18])[H:19])([H:20])[H:21])([H:11])[C:2](=[O:1])[O:3][H:10])([H:12])[H:13])([H:14])[H:15])[H:17],22.0,12.0
15,0.04174761904761906,AM1BCC,AmberTools,,,H,,16,[H:16][C:7]1([C:6]([C:5]([C:4]([C:9]([C:8]1([H:18])[H:19])([H:20])[H:21])([H:11])[C:2](=[O:1])[O:3][H:10])([H:12])[H:13])([H:14])[H:15])[H:17],22.0,12.0
16,0.04174761904761906,AM1BCC,AmberTools,,,H,,17,[H:16][C:7]1([C:6]([C:5]([C:4]([C:9]([C:8]1([H:18])[H:19])([H:20])[H:21])([H:11])[C:2](=[O:1])[O:3][H:10])([H:12])[H:13])([H:14])[H:15])[H:17],22.0,12.0
17,0.044497619047619064,AM1BCC,AmberTools,,,H,,18,[H:16][C:7]1([C:6]([C:5]([C:4]([C:9]([C:8]1([H:18])[H:19])([H:20])[H:21])([H:11])[C:2](=[O:1])[O:3][H:10])([H:12])[H:13])([H:14])[H:15])[H:17],22.0,12.0
18,0.044497619047619064,AM1BCC,AmberTools,,,H,,19,[H:16][C:7]1([C:6]([C:5]([C:4]([C:9]([C:8]1([H:18])[H:19])([H:20])[H:21])([H:11])[C:2](=[O:1])[O:3][H:10])([H:12])[H:13])([H:14])[H:15])[H:17],22.0,12.0
19,0.05499761904761906,AM1BCC,AmberTools,,,H,,20,[H:16][C:7]1([C:6]([C:5]([C:4]([C:9]([C:8]1([H:18])[H:19])([H:20])[H:21])([H:11])[C:2](=[O:1])[O:3][H:10])([H:12])[H:13])([H:14])[H:15])[H:17],22.0,12.0
20,0.05499761904761906,AM1BCC,AmberTools,,,H,,21,[H:16][C:7]1([C:6]([C:5]([C:4]([C:9]([C:8]1([H:18])[H:19])([H:20])[H:21])([H:11])[C:2](=[O:1])[O:3][H:10])([H:12])[H:13])([H:14])[H:15])[H:17],22.0,12.0
0,-0.5511400085829553,AM1BCC,OpenEye,,,O,,1,[H:16][C:7]1([C:6]([C:5]([C:4]([C:9]([C:8]1([H:18])[H:19])([H:20])[H:21])([H:11])[C:2](=[O:1])[O:3][H:10])([H:12])[H:13])([H:14])[H:15])[H:17],23.0,1.0
1,0.633910002098197,AM1BCC,OpenEye,,,C,,2,[H:16][C:7]1([C:6]([C:5]([C:4]([C:9]([C:8]1([H:18])[H:19])([H:20])[H:21])([H:11])[C:2](=[O:1])[O:3][H:10])([H:12])[H:13])([H:14])[H:15])[H:17],23.0,1.0
2,-0.6015200001143274,AM1BCC,OpenEye,,,O,,3,[H:16][C:7]1([C:6]([C:5]([C:4]([C:9]([C:8]1([H:18])[H:19])([H:20])[H:21])([H:11])[C:2](=[O:1])[O:3][H:10])([H:12])[H:13])([H:14])[H:15])[H:17],23.0,1.0
3,-0.10800999970663161,AM1BCC,OpenEye,,,C,,4,[H:16][C:7]1([C:6]([C:5]([C:4]([C:9]([C:8]1([H:18])[H:19])([H:20])[H:21])([H:11])[C:2](=[O:1])[O:3][H:10])([H:12])[H:13])([H:14])[H:15])[H:17],23.0,1.0
4,-0.0725899991535005,AM1BCC,OpenEye,,,C,,5,[H:16][C:7]1([C:6]([C:5]([C:4]([C:9]([C:8]1([H:18])[H:19])([H:20])[H:21])([H:11])[C:2](=[O:1])[O:3][H:10])([H:12])[H:13])([H:14])[H:15])[H:17],23.0,1.0
5,-0.07692000092495055,AM1BCC,OpenEye,,,C,,6,[H:16][C:7]1([C:6]([C:5]([C:4]([C:9]([C:8]1([H:18])[H:19])([H:20])[H:21])([H:11])[C:2](=[O:1])[O:3][H:10])([H:12])[H:13])([H:14])[H:15])[H:17],23.0,1.0
6,-0.08059000046480269,AM1BCC,OpenEye,,,C,,7,[H:16][C:7]1([C:6]([C:5]([C:4]([C:9]([C:8]1([H:18])[H:19])([H:20])[H:21])([H:11])[C:2](=[O:1])[O:3][H:10])([H:12])[H:13])([H:14])[H:15])[H:17],23.0,1.0
7,-0.07692000092495055,AM1BCC,OpenEye,,,C,,8,[H:16][C:7]1([C:6]([C:5]([C:4]([C:9]([C:8]1([H:18])[H:19])([H:20])[H:21])([H:11])[C:2](=[O:1])[O:3][H:10])([H:12])[H:13])([H:14])[H:15])[H:17],23.0,1.0
8,-0.0725899991535005,AM1BCC,OpenEye,,,C,,9,[H:16][C:7]1([C:6]([C:5]([C:4]([C:9]([C:8]1([H:18])[H:19])([H:20])[H:21])([H:11])[C:2](=[O:1])[O:3][H:10])([H:12])[H:13])([H:14])[H:15])[H:17],23.0,1.0
9,0.44229999362003236,AM1BCC,OpenEye,,,H,,10,[H:16][C:7]1([C:6]([C:5]([C:4]([C:9]([C:8]1([H:18])[H:19])([H:20])[H:21])([H:11])[C:2](=[O:1])[O:3][H:10])([H:12])[H:13])([H:14])[H:15])[H:17],23.0,1.0
10,0.08087000428211122,AM1BCC,OpenEye,,,H,,11,[H:16][C:7]1([C:6]([C:5]([C:4]([C:9]([C:8]1([H:18])[H:19])([H:20])[H:21])([H:11])[C:2](=[O:1])[O:3][H:10])([H:12])[H:13])([H:14])[H:15])[H:17],23.0,1.0
11,0.055800000116938635,AM1BCC,OpenEye,,,H,,12,[H:16][C:7]1([C:6]([C:5]([C:4]([C:9]([C:8]1([H:18])[H:19])([H:20])[H:21])([H:11])[C:2](=[O:1])[O:3][H:10])([H:12])[H:13])([H:14])[H:15])[H:17],23.0,1.0
12,0.055800000116938635,AM1BCC,OpenEye,,,H,,13,[H:16][C:7]1([C:6]([C:5]([C:4]([C:9]([C:8]1([H:18])[H:19])([H:20])[H:21])([H:11])[C:2](=[O:1])[O:3][H:10])([H:12])[H:13])([H:14])[H:15])[H:17],23.0,1.0
13,0.043470000759476705,AM1BCC,OpenEye,,,H,,14,[H:16][C:7]1([C:6]([C:5]([C:4]([C:9]([C:8]1([H:18])[H:19])([H:20])[H:21])([H:11])[C:2](=[O:1])[O:3][H:10])([H:12])[H:13])([H:14])[H:15])[H:17],23.0,1.0
14,0.043470000759476705,AM1BCC,OpenEye,,,H,,15,[H:16][C:7]1([C:6]([C:5]([C:4]([C:9]([C:8]1([H:18])[H:19])([H:20])[H:21])([H:11])[C:2](=[O:1])[O:3][H:10])([H:12])[H:13])([H:14])[H:15])[H:17],23.0,1.0
15,0.043060002759808584,AM1BCC,OpenEye,,,H,,16,[H:16][C:7]1([C:6]([C:5]([C:4]([C:9]([C:8]1([H:18])[H:19])([H:20])[H:21])([H:11])[C:2](=[O:1])[O:3][H:10])([H:12])[H:13])([H:14])[H:15])[H:17],23.0,1.0
16,0.043060002759808584,AM1BCC,OpenEye,,,H,,17,[H:16][C:7]1([C:6]([C:5]([C:4]([C:9]([C:8]1([H:18])[H:19])([H:20])[H:21])([H:11])[C:2](=[O:1])[O:3][H:10])([H:12])[H:13])([H:14])[H:15])[H:17],23.0,1.0
17,0.043470000759476705,AM1BCC,OpenEye,,,H,,18,[H:16][C:7]1([C:6]([C:5]([C:4]([C:9]([C:8]1([H:18])[H:19])([H:20])[H:21])([H:11])[C:2](=[O:1])[O:3][H:10])([H:12])[H:13])([H:14])[H:15])[H:17],23.0,1.0
18,0.043470000759476705,AM1BCC,OpenEye,,,H,,19,[H:16][C:7]1([C:6]([C:5]([C:4]([C:9]([C:8]1([H:18])[H:19])([H:20])[H:21])([H:11])[C:2](=[O:1])[O:3][H:10])([H:12])[H:13])([H:14])[H:15])[H:17],23.0,1.0
19,0.055800000116938635,AM1BCC,OpenEye,,,H,,20,[H:16][C:7]1([C:6]([C:5]([C:4]([C:9]([C:8]1([H:18])[H:19])([H:20])[H:21])([H:11])[C:2](=[O:1])[O:3][H:10])([H:12])[H:13])([H:14])[H:15])[H:17],23.0,1.0
20,0.055800000116938635,AM1BCC,OpenEye,,,H,,21,[H:16][C:7]1([C:6]([C:5]([C:4]([C:9]([C:8]1([H:18])[H:19])([H:20])[H:21])([H:11])[C:2](=[O:1])[O:3][H:10])([H:12])[H:13])([H:14])[H:15])[H:17],23.0,1.0
0,-0.550952380952381,AM1BCC,AmberTools,,,O,,1,[H:16][C:7]1([C:6]([C:5]([C:4]([C:9]([C:8]1([H:18])[H:19])([H:20])[H:21])([H:11])[C:2](=[O:1])[O:3][H:10])([H:12])[H:13])([H:14])[H:15])[H:17],23.0,1.0
1,0.6361476190476191,AM1BCC,AmberTools,,,C,,2,[H:16][C:7]1([C:6]([C:5]([C:4]([C:9]([C:8]1([H:18])[H:19])([H:20])[H:21])([H:11])[C:2](=[O:1])[O:3][H:10])([H:12])[H:13])([H:14])[H:15])[H:17],23.0,1.0
2,-0.6100523809523809,AM1BCC,AmberTools,,,O,,3,[H:16][C:7]1([C:6]([C:5]([C:4]([C:9]([C:8]1([H:18])[H:19])([H:20])[H:21])([H:11])[C:2](=[O:1])[O:3][H:10])([H:12])[H:13])([H:14])[H:15])[H:17],23.0,1.0
3,-0.10465238095238096,AM1BCC,AmberTools,,,C,,4,[H:16][C:7]1([C:6]([C:5]([C:4]([C:9]([C:8]1([H:18])[H:19])([H:20])[H:21])([H:11])[C:2](=[O:1])[O:3][H:10])([H:12])[H:13])([H:14])[H:15])[H:17],23.0,1.0
4,-0.07435238095238095,AM1BCC,AmberTools,,,C,,5,[H:16][C:7]1([C:6]([C:5]([C:4]([C:9]([C:8]1([H:18])[H:19])([H:20])[H:21])([H:11])[C:2](=[O:1])[O:3][H:10])([H:12])[H:13])([H:14])[H:15])[H:17],23.0,1.0
5,-0.07635238095238095,AM1BCC,AmberTools,,,C,,6,[H:16][C:7]1([C:6]([C:5]([C:4]([C:9]([C:8]1([H:18])[H:19])([H:20])[H:21])([H:11])[C:2](=[O:1])[O:3][H:10])([H:12])[H:13])([H:14])[H:15])[H:17],23.0,1.0
6,-0.08035238095238095,AM1BCC,AmberTools,,,C,,7,[H:16][C:7]1([C:6]([C:5]([C:4]([C:9]([C:8]1([H:18])[H:19])([H:20])[H:21])([H:11])[C:2](=[O:1])[O:3][H:10])([H:12])[H:13])([H:14])[H:15])[H:17],23.0,1.0
7,-0.07635238095238095,AM1BCC,AmberTools,,,C,,8,[H:16][C:7]1([C:6]([C:5]([C:4]([C:9]([C:8]1([H:18])[H:19])([H:20])[H:21])([H:11])[C:2](=[O:1])[O:3][H:10])([H:12])[H:13])([H:14])[H:15])[H:17],23.0,1.0
8,-0.07435238095238095,AM1BCC,AmberTools,,,C,,9,[H:16][C:7]1([C:6]([C:5]([C:4]([C:9]([C:8]1([H:18])[H:19])([H:20])[H:21])([H:11])[C:2](=[O:1])[O:3][H:10])([H:12])[H:13])([H:14])[H:15])[H:17],23.0,1.0
9,0.442047619047619,AM1BCC,AmberTools,,,H,,10,[H:16][C:7]1([C:6]([C:5]([C:4]([C:9]([C:8]1([H:18])[H:19])([H:20])[H:21])([H:11])[C:2](=[O:1])[O:3][H:10])([H:12])[H:13])([H:14])[H:15])[H:17],23.0,1.0
10,0.08274761904761904,AM1BCC,AmberTools,,,H,,11,[H:16][C:7]1([C:6]([C:5]([C:4]([C:9]([C:8]1([H:18])[H:19])([H:20])[H:21])([H:11])[C:2](=[O:1])[O:3][H:10])([H:12])[H:13])([H:14])[H:15])[H:17],23.0,1.0
11,0.055247619047619045,AM1BCC,AmberTools,,,H,,12,[H:16][C:7]1([C:6]([C:5]([C:4]([C:9]([C:8]1([H:18])[H:19])([H:20])[H:21])([H:11])[C:2](=[O:1])[O:3][H:10])([H:12])[H:13])([H:14])[H:15])[H:17],23.0,1.0
12,0.055247619047619045,AM1BCC,AmberTools,,,H,,13,[H:16][C:7]1([C:6]([C:5]([C:4]([C:9]([C:8]1([H:18])[H:19])([H:20])[H:21])([H:11])[C:2](=[O:1])[O:3][H:10])([H:12])[H:13])([H:14])[H:15])[H:17],23.0,1.0
13,0.04424761904761905,AM1BCC,AmberTools,,,H,,14,[H:16][C:7]1([C:6]([C:5]([C:4]([C:9]([C:8]1([H:18])[H:19])([H:20])[H:21])([H:11])[C:2](=[O:1])[O:3][H:10])([H:12])[H:13])([H:14])[H:15])[H:17],23.0,1.0
14,0.04424761904761905,AM1BCC,AmberTools,,,H,,15,[H:16][C:7]1([C:6]([C:5]([C:4]([C:9]([C:8]1([H:18])[H:19])([H:20])[H:21])([H:11])[C:2](=[O:1])[O:3][H:10])([H:12])[H:13])([H:14])[H:15])[H:17],23.0,1.0
15,0.04424761904761905,AM1BCC,AmberTools,,,H,,16,[H:16][C:7]1([C:6]([C:5]([C:4]([C:9]([C:8]1([H:18])[H:19])([H:20])[H:21])([H:11])[C:2](=[O:1])[O:3][H:10])([H:12])[H:13])([H:14])[H:15])[H:17],23.0,1.0
16,0.04424761904761905,AM1BCC,AmberTools,,,H,,17,[H:16][C:7]1([C:6]([C:5]([C:4]([C:9]([C:8]1([H:18])[H:19])([H:20])[H:21])([H:11])[C:2](=[O:1])[O:3][H:10])([H:12])[H:13])([H:14])[H:15])[H:17],23.0,1.0
17,0.04424761904761905,AM1BCC,AmberTools,,,H,,18,[H:16][C:7]1([C:6]([C:5]([C:4]([C:9]([C:8]1([H:18])[H:19])([H:20])[H:21])([H:11])[C:2](=[O:1])[O:3][H:10])([H:12])[H:13])([H:14])[H:15])[H:17],23.0,1.0
18,0.04424761904761905,AM1BCC,AmberTools,,,H,,19,[H:16][C:7]1([C:6]([C:5]([C:4]([C:9]([C:8]1([H:18])[H:19])([H:20])[H:21])([H:11])[C:2](=[O:1])[O:3][H:10])([H:12])[H:13])([H:14])[H:15])[H:17],23.0,1.0
19,0.055247619047619045,AM1BCC,AmberTools,,,H,,20,[H:16][C:7]1([C:6]([C:5]([C:4]([C:9]([C:8]1([H:18])[H:19])([H:20])[H:21])([H:11])[C:2](=[O:1])[O:3][H:10])([H:12])[H:13])([H:14])[H:15])[H:17],23.0,1.0
20,0.055247619047619045,AM1BCC,AmberTools,,,H,,21,[H:16][C:7]1([C:6]([C:5]([C:4]([C:9]([C:8]1([H:18])[H:19])([H:20])[H:21])([H:11])[C:2](=[O:1])[O:3][H:10])([H:12])[H:13])([H:14])[H:15])[H:17],23.0,1.0
0,-0.5511400085829553,AM1BCC,OpenEye,,,O,,1,[H:16][C:7]1([C:6]([C:5]([C:4]([C:9]([C:8]1([H:18])[H:19])([H:20])[H:21])([H:11])[C:2](=[O:1])[O:3][H:10])([H:12])[H:13])([H:14])[H:15])[H:17],23.0,2.0
1,0.633910002098197,AM1BCC,OpenEye,,,C,,2,[H:16][C:7]1([C:6]([C:5]([C:4]([C:9]([C:8]1([H:18])[H:19])([H:20])[H:21])([H:11])[C:2](=[O:1])[O:3][H:10])([H:12])[H:13])([H:14])[H:15])[H:17],23.0,2.0
2,-0.6015200001143274,AM1BCC,OpenEye,,,O,,3,[H:16][C:7]1([C:6]([C:5]([C:4]([C:9]([C:8]1([H:18])[H:19])([H:20])[H:21])([H:11])[C:2](=[O:1])[O:3][H:10])([H:12])[H:13])([H:14])[H:15])[H:17],23.0,2.0
3,-0.10800999970663161,AM1BCC,OpenEye,,,C,,4,[H:16][C:7]1([C:6]([C:5]([C:4]([C:9]([C:8]1([H:18])[H:19])([H:20])[H:21])([H:11])[C:2](=[O:1])[O:3][H:10])([H:12])[H:13])([H:14])[H:15])[H:17],23.0,2.0
4,-0.0725899991535005,AM1BCC,OpenEye,,,C,,5,[H:16][C:7]1([C:6]([C:5]([C:4]([C:9]([C:8]1([H:18])[H:19])([H:20])[H:21])([H:11])[C:2](=[O:1])[O:3][H:10])([H:12])[H:13])([H:14])[H:15])[H:17],23.0,2.0
5,-0.07692000092495055,AM1BCC,OpenEye,,,C,,6,[H:16][C:7]1([C:6]([C:5]([C:4]([C:9]([C:8]1([H:18])[H:19])([H:20])[H:21])([H:11])[C:2](=[O:1])[O:3][H:10])([H:12])[H:13])([H:14])[H:15])[H:17],23.0,2.0
6,-0.08059000046480269,AM1BCC,OpenEye,,,C,,7,[H:16][C:7]1([C:6]([C:5]([C:4]([C:9]([C:8]1([H:18])[H:19])([H:20])[H:21])([H:11])[C:2](=[O:1])[O:3][H:10])([H:12])[H:13])([H:14])[H:15])[H:17],23.0,2.0
7,-0.07692000092495055,AM1BCC,OpenEye,,,C,,8,[H:16][C:7]1([C:6]([C:5]([C:4]([C:9]([C:8]1([H:18])[H:19])([H:20])[H:21])([H:11])[C:2](=[O:1])[O:3][H:10])([H:12])[H:13])([H:14])[H:15])[H:17],23.0,2.0
8,-0.0725899991535005,AM1BCC,OpenEye,,,C,,9,[H:16][C:7]1([C:6]([C:5]([C:4]([C:9]([C:8]1([H:18])[H:19])([H:20])[H:21])([H:11])[C:2](=[O:1])[O:3][H:10])([H:12])[H:13])([H:14])[H:15])[H:17],23.0,2.0
9,0.44229999362003236,AM1BCC,OpenEye,,,H,,10,[H:16][C:7]1([C:6]([C:5]([C:4]([C:9]([C:8]1([H:18])[H:19])([H:20])[H:21])([H:11])[C:2](=[O:1])[O:3][H:10])([H:12])[H:13])([H:14])[H:15])[H:17],23.0,2.0
10,0.08087000428211122,AM1BCC,OpenEye,,,H,,11,[H:16][C:7]1([C:6]([C:5]([C:4]([C:9]([C:8]1([H:18])[H:19])([H:20])[H:21])([H:11])[C:2](=[O:1])[O:3][H:10])([H:12])[H:13])([H:14])[H:15])[H:17],23.0,2.0
11,0.055800000116938635,AM1BCC,OpenEye,,,H,,12,[H:16][C:7]1([C:6]([C:5]([C:4]([C:9]([C:8]1([H:18])[H:19])([H:20])[H:21])([H:11])[C:2](=[O:1])[O:3][H:10])([H:12])[H:13])([H:14])[H:15])[H:17],23.0,2.0
12,0.055800000116938635,AM1BCC,OpenEye,,,H,,13,[H:16][C:7]1([C:6]([C:5]([C:4]([C:9]([C:8]1([H:18])[H:19])([H:20])[H:21])([H:11])[C:2](=[O:1])[O:3][H:10])([H:12])[H:13])([H:14])[H:15])[H:17],23.0,2.0
13,0.043470000759476705,AM1BCC,OpenEye,,,H,,14,[H:16][C:7]1([C:6]([C:5]([C:4]([C:9]([C:8]1([H:18])[H:19])([H:20])[H:21])([H:11])[C:2](=[O:1])[O:3][H:10])([H:12])[H:13])([H:14])[H:15])[H:17],23.0,2.0
14,0.043470000759476705,AM1BCC,OpenEye,,,H,,15,[H:16][C:7]1([C:6]([C:5]([C:4]([C:9]([C:8]1([H:18])[H:19])([H:20])[H:21])([H:11])[C:2](=[O:1])[O:3][H:10])([H:12])[H:13])([H:14])[H:15])[H:17],23.0,2.0
15,0.043060002759808584,AM1BCC,OpenEye,,,H,,16,[H:16][C:7]1([C:6]([C:5]([C:4]([C:9]([C:8]1([H:18])[H:19])([H:20])[H:21])([H:11])[C:2](=[O:1])[O:3][H:10])([H:12])[H:13])([H:14])[H:15])[H:17],23.0,2.0
16,0.043060002759808584,AM1BCC,OpenEye,,,H,,17,[H:16][C:7]1([C:6]([C:5]([C:4]([C:9]([C:8]1([H:18])[H:19])([H:20])[H:21])([H:11])[C:2](=[O:1])[O:3][H:10])([H:12])[H:13])([H:14])[H:15])[H:17],23.0,2.0
17,0.043470000759476705,AM1BCC,OpenEye,,,H,,18,[H:16][C:7]1([C:6]([C:5]([C:4]([C:9]([C:8]1([H:18])[H:19])([H:20])[H:21])([H:11])[C:2](=[O:1])[O:3][H:10])([H:12])[H:13])([H:14])[H:15])[H:17],23.0,2.0
18,0.043470000759476705,AM1BCC,OpenEye,,,H,,19,[H:16][C:7]1([C:6]([C:5]([C:4]([C:9]([C:8]1([H:18])[H:19])([H:20])[H:21])([H:11])[C:2](=[O:1])[O:3][H:10])([H:12])[H:13])([H:14])[H:15])[H:17],23.0,2.0
19,0.055800000116938635,AM1BCC,OpenEye,,,H,,20,[H:16][C:7]1([C:6]([C:5]([C:4]([C:9]([C:8]1([H:18])[H:19])([H:20])[H:21])([H:11])[C:2](=[O:1])[O:3][H:10])([H:12])[H:13])([H:14])[H:15])[H:17],23.0,2.0
20,0.055800000116938635,AM1BCC,OpenEye,,,H,,21,[H:16][C:7]1([C:6]([C:5]([C:4]([C:9]([C:8]1([H:18])[H:19])([H:20])[H:21])([H:11])[C:2](=[O:1])[O:3][H:10])([H:12])[H:13])([H:14])[H:15])[H:17],23.0,2.0
0,-0.550952380952381,AM1BCC,AmberTools,,,O,,1,[H:16][C:7]1([C:6]([C:5]([C:4]([C:9]([C:8]1([H:18])[H:19])([H:20])[H:21])([H:11])[C:2](=[O:1])[O:3][H:10])([H:12])[H:13])([H:14])[H:15])[H:17],23.0,2.0
1,0.6361476190476191,AM1BCC,AmberTools,,,C,,2,[H:16][C:7]1([C:6]([C:5]([C:4]([C:9]([C:8]1([H:18])[H:19])([H:20])[H:21])([H:11])[C:2](=[O:1])[O:3][H:10])([H:12])[H:13])([H:14])[H:15])[H:17],23.0,2.0
2,-0.6100523809523809,AM1BCC,AmberTools,,,O,,3,[H:16][C:7]1([C:6]([C:5]([C:4]([C:9]([C:8]1([H:18])[H:19])([H:20])[H:21])([H:11])[C:2](=[O:1])[O:3][H:10])([H:12])[H:13])([H:14])[H:15])[H:17],23.0,2.0
3,-0.10465238095238096,AM1BCC,AmberTools,,,C,,4,[H:16][C:7]1([C:6]([C:5]([C:4]([C:9]([C:8]1([H:18])[H:19])([H:20])[H:21])([H:11])[C:2](=[O:1])[O:3][H:10])([H:12])[H:13])([H:14])[H:15])[H:17],23.0,2.0
4,-0.07435238095238095,AM1BCC,AmberTools,,,C,,5,[H:16][C:7]1([C:6]([C:5]([C:4]([C:9]([C:8]1([H:18])[H:19])([H:20])[H:21])([H:11])[C:2](=[O:1])[O:3][H:10])([H:12])[H:13])([H:14])[H:15])[H:17],23.0,2.0
5,-0.07635238095238095,AM1BCC,AmberTools,,,C,,6,[H:16][C:7]1([C:6]([C:5]([C:4]([C:9]([C:8]1([H:18])[H:19])([H:20])[H:21])([H:11])[C:2](=[O:1])[O:3][H:10])([H:12])[H:13])([H:14])[H:15])[H:17],23.0,2.0
6,-0.08035238095238095,AM1BCC,AmberTools,,,C,,7,[H:16][C:7]1([C:6]([C:5]([C:4]([C:9]([C:8]1([H:18])[H:19])([H:20])[H:21])([H:11])[C:2](=[O:1])[O:3][H:10])([H:12])[H:13])([H:14])[H:15])[H:17],23.0,2.0
7,-0.07635238095238095,AM1BCC,AmberTools,,,C,,8,[H:16][C:7]1([C:6]([C:5]([C:4]([C:9]([C:8]1([H:18])[H:19])([H:20])[H:21])([H:11])[C:2](=[O:1])[O:3][H:10])([H:12])[H:13])([H:14])[H:15])[H:17],23.0,2.0
8,-0.07435238095238095,AM1BCC,AmberTools,,,C,,9,[H:16][C:7]1([C:6]([C:5]([C:4]([C:9]([C:8]1([H:18])[H:19])([H:20])[H:21])([H:11])[C:2](=[O:1])[O:3][H:10])([H:12])[H:13])([H:14])[H:15])[H:17],23.0,2.0
9,0.442047619047619,AM1BCC,AmberTools,,,H,,10,[H:16][C:7]1([C:6]([C:5]([C:4]([C:9]([C:8]1([H:18])[H:19])([H:20])[H:21])([H:11])[C:2](=[O:1])[O:3][H:10])([H:12])[H:13])([H:14])[H:15])[H:17],23.0,2.0
10,0.08274761904761904,AM1BCC,AmberTools,,,H,,11,[H:16][C:7]1([C:6]([C:5]([C:4]([C:9]([C:8]1([H:18])[H:19])([H:20])[H:21])([H:11])[C:2](=[O:1])[O:3][H:10])([H:12])[H:13])([H:14])[H:15])[H:17],23.0,2.0
11,0.055247619047619045,AM1BCC,AmberTools,,,H,,12,[H:16][C:7]1([C:6]([C:5]([C:4]([C:9]([C:8]1([H:18])[H:19])([H:20])[H:21])([H:11])[C:2](=[O:1])[O:3][H:10])([H:12])[H:13])([H:14])[H:15])[H:17],23.0,2.0
12,0.055247619047619045,AM1BCC,AmberTools,,,H,,13,[H:16][C:7]1([C:6]([C:5]([C:4]([C:9]([C:8]1([H:18])[H:19])([H:20])[H:21])([H:11])[C:2](=[O:1])[O:3][H:10])([H:12])[H:13])([H:14])[H:15])[H:17],23.0,2.0
13,0.04424761904761905,AM1BCC,AmberTools,,,H,,14,[H:16][C:7]1([C:6]([C:5]([C:4]([C:9]([C:8]1([H:18])[H:19])([H:20])[H:21])([H:11])[C:2](=[O:1])[O:3][H:10])([H:12])[H:13])([H:14])[H:15])[H:17],23.0,2.0
14,0.04424761904761905,AM1BCC,AmberTools,,,H,,15,[H:16][C:7]1([C:6]([C:5]([C:4]([C:9]([C:8]1([H:18])[H:19])([H:20])[H:21])([H:11])[C:2](=[O:1])[O:3][H:10])([H:12])[H:13])([H:14])[H:15])[H:17],23.0,2.0
15,0.04424761904761905,AM1BCC,AmberTools,,,H,,16,[H:16][C:7]1([C:6]([C:5]([C:4]([C:9]([C:8]1([H:18])[H:19])([H:20])[H:21])([H:11])[C:2](=[O:1])[O:3][H:10])([H:12])[H:13])([H:14])[H:15])[H:17],23.0,2.0
16,0.04424761904761905,AM1BCC,AmberTools,,,H,,17,[H:16][C:7]1([C:6]([C:5]([C:4]([C:9]([C:8]1([H:18])[H:19])([H:20])[H:21])([H:11])[C:2](=[O:1])[O:3][H:10])([H:12])[H:13])([H:14])[H:15])[H:17],23.0,2.0
17,0.04424761904761905,AM1BCC,AmberTools,,,H,,18,[H:16][C:7]1([C:6]([C:5]([C:4]([C:9]([C:8]1([H:18])[H:19])([H:20])[H:21])([H:11])[C:2](=[O:1])[O:3][H:10])([H:12])[H:13])([H:14])[H:15])[H:17],23.0,2.0
18,0.04424761904761905,AM1BCC,AmberTools,,,H,,19,[H:16][C:7]1([C:6]([C:5]([C:4]([C:9]([C:8]1([H:18])[H:19])([H:20])[H:21])([H:11])[C:2](=[O:1])[O:3][H:10])([H:12])[H:13])([H:14])[H:15])[H:17],23.0,2.0
19,0.055247619047619045,AM1BCC,AmberTools,,,H,,20,[H:16][C:7]1([C:6]([C:5]([C:4]([C:9]([C:8]1([H:18])[H:19])([H:20])[H:21])([H:11])[C:2](=[O:1])[O:3][H:10])([H:12])[H:13])([H:14])[H:15])[H:17],23.0,2.0
20,0.055247619047619045,AM1BCC,AmberTools,,,H,,21,[H:16][C:7]1([C:6]([C:5]([C:4]([C:9]([C:8]1([H:18])[H:19])([H:20])[H:21])([H:11])[C:2](=[O:1])[O:3][H:10])([H:12])[H:13])([H:14])[H:15])[H:17],23.0,2.0
0,-0.5511400085829553,AM1BCC,OpenEye,,,O,,1,[H:16][C:7]1([C:6]([C:5]([C:4]([C:9]([C:8]1([H:18])[H:19])([H:20])[H:21])([H:11])[C:2](=[O:1])[O:3][H:10])([H:12])[H:13])([H:14])[H:15])[H:17],23.0,3.0
1,0.633910002098197,AM1BCC,OpenEye,,,C,,2,[H:16][C:7]1([C:6]([C:5]([C:4]([C:9]([C:8]1([H:18])[H:19])([H:20])[H:21])([H:11])[C:2](=[O:1])[O:3][H:10])([H:12])[H:13])([H:14])[H:15])[H:17],23.0,3.0
2,-0.6015200001143274,AM1BCC,OpenEye,,,O,,3,[H:16][C:7]1([C:6]([C:5]([C:4]([C:9]([C:8]1([H:18])[H:19])([H:20])[H:21])([H:11])[C:2](=[O:1])[O:3][H:10])([H:12])[H:13])([H:14])[H:15])[H:17],23.0,3.0
3,-0.10800999970663161,AM1BCC,OpenEye,,,C,,4,[H:16][C:7]1([C:6]([C:5]([C:4]([C:9]([C:8]1([H:18])[H:19])([H:20])[H:21])([H:11])[C:2](=[O:1])[O:3][H:10])([H:12])[H:13])([H:14])[H:15])[H:17],23.0,3.0
4,-0.0725899991535005,AM1BCC,OpenEye,,,C,,5,[H:16][C:7]1([C:6]([C:5]([C:4]([C:9]([C:8]1([H:18])[H:19])([H:20])[H:21])([H:11])[C:2](=[O:1])[O:3][H:10])([H:12])[H:13])([H:14])[H:15])[H:17],23.0,3.0
5,-0.07692000092495055,AM1BCC,OpenEye,,,C,,6,[H:16][C:7]1([C:6]([C:5]([C:4]([C:9]([C:8]1([H:18])[H:19])([H:20])[H:21])([H:11])[C:2](=[O:1])[O:3][H:10])([H:12])[H:13])([H:14])[H:15])[H:17],23.0,3.0
6,-0.08059000046480269,AM1BCC,OpenEye,,,C,,7,[H:16][C:7]1([C:6]([C:5]([C:4]([C:9]([C:8]1([H:18])[H:19])([H:20])[H:21])([H:11])[C:2](=[O:1])[O:3][H:10])([H:12])[H:13])([H:14])[H:15])[H:17],23.0,3.0
7,-0.07692000092495055,AM1BCC,OpenEye,,,C,,8,[H:16][C:7]1([C:6]([C:5]([C:4]([C:9]([C:8]1([H:18])[H:19])([H:20])[H:21])([H:11])[C:2](=[O:1])[O:3][H:10])([H:12])[H:13])([H:14])[H:15])[H:17],23.0,3.0
8,-0.0725899991535005,AM1BCC,OpenEye,,,C,,9,[H:16][C:7]1([C:6]([C:5]([C:4]([C:9]([C:8]1([H:18])[H:19])([H:20])[H:21])([H:11])[C:2](=[O:1])[O:3][H:10])([H:12])[H:13])([H:14])[H:15])[H:17],23.0,3.0
9,0.44229999362003236,AM1BCC,OpenEye,,,H,,10,[H:16][C:7]1([C:6]([C:5]([C:4]([C:9]([C:8]1([H:18])[H:19])([H:20])[H:21])([H:11])[C:2](=[O:1])[O:3][H:10])([H:12])[H:13])([H:14])[H:15])[H:17],23.0,3.0
10,0.08087000428211122,AM1BCC,OpenEye,,,H,,11,[H:16][C:7]1([C:6]([C:5]([C:4]([C:9]([C:8]1([H:18])[H:19])([H:20])[H:21])([H:11])[C:2](=[O:1])[O:3][H:10])([H:12])[H:13])([H:14])[H:15])[H:17],23.0,3.0
11,0.055800000116938635,AM1BCC,OpenEye,,,H,,12,[H:16][C:7]1([C:6]([C:5]([C:4]([C:9]([C:8]1([H:18])[H:19])([H:20])[H:21])([H:11])[C:2](=[O:1])[O:3][H:10])([H:12])[H:13])([H:14])[H:15])[H:17],23.0,3.0
12,0.055800000116938635,AM1BCC,OpenEye,,,H,,13,[H:16][C:7]1([C:6]([C:5]([C:4]([C:9]([C:8]1([H:18])[H:19])([H:20])[H:21])([H:11])[C:2](=[O:1])[O:3][H:10])([H:12])[H:13])([H:14])[H:15])[H:17],23.0,3.0
13,0.043470000759476705,AM1BCC,OpenEye,,,H,,14,[H:16][C:7]1([C:6]([C:5]([C:4]([C:9]([C:8]1([H:18])[H:19])([H:20])[H:21])([H:11])[C:2](=[O:1])[O:3][H:10])([H:12])[H:13])([H:14])[H:15])[H:17],23.0,3.0
14,0.043470000759476705,AM1BCC,OpenEye,,,H,,15,[H:16][C:7]1([C:6]([C:5]([C:4]([C:9]([C:8]1([H:18])[H:19])([H:20])[H:21])([H:11])[C:2](=[O:1])[O:3][H:10])([H:12])[H:13])([H:14])[H:15])[H:17],23.0,3.0
15,0.043060002759808584,AM1BCC,OpenEye,,,H,,16,[H:16][C:7]1([C:6]([C:5]([C:4]([C:9]([C:8]1([H:18])[H:19])([H:20])[H:21])([H:11])[C:2](=[O:1])[O:3][H:10])([H:12])[H:13])([H:14])[H:15])[H:17],23.0,3.0
16,0.043060002759808584,AM1BCC,OpenEye,,,H,,17,[H:16][C:7]1([C:6]([C:5]([C:4]([C:9]([C:8]1([H:18])[H:19])([H:20])[H:21])([H:11])[C:2](=[O:1])[O:3][H:10])([H:12])[H:13])([H:14])[H:15])[H:17],23.0,3.0
17,0.043470000759476705,AM1BCC,OpenEye,,,H,,18,[H:16][C:7]1([C:6]([C:5]([C:4]([C:9]([C:8]1([H:18])[H:19])([H:20])[H:21])([H:11])[C:2](=[O:1])[O:3][H:10])([H:12])[H:13])([H:14])[H:15])[H:17],23.0,3.0
18,0.043470000759476705,AM1BCC,OpenEye,,,H,,19,[H:16][C:7]1([C:6]([C:5]([C:4]([C:9]([C:8]1([H:18])[H:19])([H:20])[H:21])([H:11])[C:2](=[O:1])[O:3][H:10])([H:12])[H:13])([H:14])[H:15])[H:17],23.0,3.0
19,0.055800000116938635,AM1BCC,OpenEye,,,H,,20,[H:16][C:7]1([C:6]([C:5]([C:4]([C:9]([C:8]1([H:18])[H:19])([H:20])[H:21])([H:11])[C:2](=[O:1])[O:3][H:10])([H:12])[H:13])([H:14])[H:15])[H:17],23.0,3.0
20,0.055800000116938635,AM1BCC,OpenEye,,,H,,21,[H:16][C:7]1([C:6]([C:5]([C:4]([C:9]([C:8]1([H:18])[H:19])([H:20])[H:21])([H:11])[C:2](=[O:1])[O:3][H:10])([H:12])[H:13])([H:14])[H:15])[H:17],23.0,3.0
0,-0.550952380952381,AM1BCC,AmberTools,,,O,,1,[H:16][C:7]1([C:6]([C:5]([C:4]([C:9]([C:8]1([H:18])[H:19])([H:20])[H:21])([H:11])[C:2](=[O:1])[O:3][H:10])([H:12])[H:13])([H:14])[H:15])[H:17],23.0,3.0
1,0.6361476190476191,AM1BCC,AmberTools,,,C,,2,[H:16][C:7]1([C:6]([C:5]([C:4]([C:9]([C:8]1([H:18])[H:19])([H:20])[H:21])([H:11])[C:2](=[O:1])[O:3][H:10])([H:12])[H:13])([H:14])[H:15])[H:17],23.0,3.0
2,-0.6100523809523809,AM1BCC,AmberTools,,,O,,3,[H:16][C:7]1([C:6]([C:5]([C:4]([C:9]([C:8]1([H:18])[H:19])([H:20])[H:21])([H:11])[C:2](=[O:1])[O:3][H:10])([H:12])[H:13])([H:14])[H:15])[H:17],23.0,3.0
3,-0.10465238095238096,AM1BCC,AmberTools,,,C,,4,[H:16][C:7]1([C:6]([C:5]([C:4]([C:9]([C:8]1([H:18])[H:19])([H:20])[H:21])([H:11])[C:2](=[O:1])[O:3][H:10])([H:12])[H:13])([H:14])[H:15])[H:17],23.0,3.0
4,-0.07435238095238095,AM1BCC,AmberTools,,,C,,5,[H:16][C:7]1([C:6]([C:5]([C:4]([C:9]([C:8]1([H:18])[H:19])([H:20])[H:21])([H:11])[C:2](=[O:1])[O:3][H:10])([H:12])[H:13])([H:14])[H:15])[H:17],23.0,3.0
5,-0.07635238095238095,AM1BCC,AmberTools,,,C,,6,[H:16][C:7]1([C:6]([C:5]([C:4]([C:9]([C:8]1([H:18])[H:19])([H:20])[H:21])([H:11])[C:2](=[O:1])[O:3][H:10])([H:12])[H:13])([H:14])[H:15])[H:17],23.0,3.0
6,-0.08035238095238095,AM1BCC,AmberTools,,,C,,7,[H:16][C:7]1([C:6]([C:5]([C:4]([C:9]([C:8]1([H:18])[H:19])([H:20])[H:21])([H:11])[C:2](=[O:1])[O:3][H:10])([H:12])[H:13])([H:14])[H:15])[H:17],23.0,3.0
7,-0.07635238095238095,AM1BCC,AmberTools,,,C,,8,[H:16][C:7]1([C:6]([C:5]([C:4]([C:9]([C:8]1([H:18])[H:19])([H:20])[H:21])([H:11])[C:2](=[O:1])[O:3][H:10])([H:12])[H:13])([H:14])[H:15])[H:17],23.0,3.0
8,-0.07435238095238095,AM1BCC,AmberTools,,,C,,9,[H:16][C:7]1([C:6]([C:5]([C:4]([C:9]([C:8]1([H:18])[H:19])([H:20])[H:21])([H:11])[C:2](=[O:1])[O:3][H:10])([H:12])[H:13])([H:14])[H:15])[H:17],23.0,3.0
9,0.442047619047619,AM1BCC,AmberTools,,,H,,10,[H:16][C:7]1([C:6]([C:5]([C:4]([C:9]([C:8]1([H:18])[H:19])([H:20])[H:21])([H:11])[C:2](=[O:1])[O:3][H:10])([H:12])[H:13])([H:14])[H:15])[H:17],23.0,3.0
10,0.08274761904761904,AM1BCC,AmberTools,,,H,,11,[H:16][C:7]1([C:6]([C:5]([C:4]([C:9]([C:8]1([H:18])[H:19])([H:20])[H:21])([H:11])[C:2](=[O:1])[O:3][H:10])([H:12])[H:13])([H:14])[H:15])[H:17],23.0,3.0
11,0.055247619047619045,AM1BCC,AmberTools,,,H,,12,[H:16][C:7]1([C:6]([C:5]([C:4]([C:9]([C:8]1([H:18])[H:19])([H:20])[H:21])([H:11])[C:2](=[O:1])[O:3][H:10])([H:12])[H:13])([H:14])[H:15])[H:17],23.0,3.0
12,0.055247619047619045,AM1BCC,AmberTools,,,H,,13,[H:16][C:7]1([C:6]([C:5]([C:4]([C:9]([C:8]1([H:18])[H:19])([H:20])[H:21])([H:11])[C:2](=[O:1])[O:3][H:10])([H:12])[H:13])([H:14])[H:15])[H:17],23.0,3.0
13,0.04424761904761905,AM1BCC,AmberTools,,,H,,14,[H:16][C:7]1([C:6]([C:5]([C:4]([C:9]([C:8]1([H:18])[H:19])([H:20])[H:21])([H:11])[C:2](=[O:1])[O:3][H:10])([H:12])[H:13])([H:14])[H:15])[H:17],23.0,3.0
14,0.04424761904761905,AM1BCC,AmberTools,,,H,,15,[H:16][C:7]1([C:6]([C:5]([C:4]([C:9]([C:8]1([H:18])[H:19])([H:20])[H:21])([H:11])[C:2](=[O:1])[O:3][H:10])([H:12])[H:13])([H:14])[H:15])[H:17],23.0,3.0
15,0.04424761904761905,AM1BCC,AmberTools,,,H,,16,[H:16][C:7]1([C:6]([C:5]([C:4]([C:9]([C:8]1([H:18])[H:19])([H:20])[H:21])([H:11])[C:2](=[O:1])[O:3][H:10])([H:12])[H:13])([H:14])[H:15])[H:17],23.0,3.0
16,0.04424761904761905,AM1BCC,AmberTools,,,H,,17,[H:16][C:7]1([C:6]([C:5]([C:4]([C:9]([C:8]1([H:18])[H:19])([H:20])[H:21])([H:11])[C:2](=[O:1])[O:3][H:10])([H:12])[H:13])([H:14])[H:15])[H:17],23.0,3.0
17,0.04424761904761905,AM1BCC,AmberTools,,,H,,18,[H:16][C:7]1([C:6]([C:5]([C:4]([C:9]([C:8]1([H:18])[H:19])([H:20])[H:21])([H:11])[C:2](=[O:1])[O:3][H:10])([H:12])[H:13])([H:14])[H:15])[H:17],23.0,3.0
18,0.04424761904761905,AM1BCC,AmberTools,,,H,,19,[H:16][C:7]1([C:6]([C:5]([C:4]([C:9]([C:8]1([H:18])[H:19])([H:20])[H:21])([H:11])[C:2](=[O:1])[O:3][H:10])([H:12])[H:13])([H:14])[H:15])[H:17],23.0,3.0
19,0.055247619047619045,AM1BCC,AmberTools,,,H,,20,[H:16][C:7]1([C:6]([C:5]([C:4]([C:9]([C:8]1([H:18])[H:19])([H:20])[H:21])([H:11])[C:2](=[O:1])[O:3][H:10])([H:12])[H:13])([H:14])[H:15])[H:17],23.0,3.0
20,0.055247619047619045,AM1BCC,AmberTools,,,H,,21,[H:16][C:7]1([C:6]([C:5]([C:4]([C:9]([C:8]1([H:18])[H:19])([H:20])[H:21])([H:11])[C:2](=[O:1])[O:3][H:10])([H:12])[H:13])([H:14])[H:15])[H:17],23.0,3.0
0,-0.5511400085829553,AM1BCC,OpenEye,,,O,,1,[H:16][C:7]1([C:6]([C:5]([C:4]([C:9]([C:8]1([H:18])[H:19])([H:20])[H:21])([H:11])[C:2](=[O:1])[O:3][H:10])([H:12])[H:13])([H:14])[H:15])[H:17],23.0,4.0
1,0.633910002098197,AM1BCC,OpenEye,,,C,,2,[H:16][C:7]1([C:6]([C:5]([C:4]([C:9]([C:8]1([H:18])[H:19])([H:20])[H:21])([H:11])[C:2](=[O:1])[O:3][H:10])([H:12])[H:13])([H:14])[H:15])[H:17],23.0,4.0
2,-0.6015200001143274,AM1BCC,OpenEye,,,O,,3,[H:16][C:7]1([C:6]([C:5]([C:4]([C:9]([C:8]1([H:18])[H:19])([H:20])[H:21])([H:11])[C:2](=[O:1])[O:3][H:10])([H:12])[H:13])([H:14])[H:15])[H:17],23.0,4.0
3,-0.10800999970663161,AM1BCC,OpenEye,,,C,,4,[H:16][C:7]1([C:6]([C:5]([C:4]([C:9]([C:8]1([H:18])[H:19])([H:20])[H:21])([H:11])[C:2](=[O:1])[O:3][H:10])([H:12])[H:13])([H:14])[H:15])[H:17],23.0,4.0
4,-0.0725899991535005,AM1BCC,OpenEye,,,C,,5,[H:16][C:7]1([C:6]([C:5]([C:4]([C:9]([C:8]1([H:18])[H:19])([H:20])[H:21])([H:11])[C:2](=[O:1])[O:3][H:10])([H:12])[H:13])([H:14])[H:15])[H:17],23.0,4.0
5,-0.07692000092495055,AM1BCC,OpenEye,,,C,,6,[H:16][C:7]1([C:6]([C:5]([C:4]([C:9]([C:8]1([H:18])[H:19])([H:20])[H:21])([H:11])[C:2](=[O:1])[O:3][H:10])([H:12])[H:13])([H:14])[H:15])[H:17],23.0,4.0
6,-0.08059000046480269,AM1BCC,OpenEye,,,C,,7,[H:16][C:7]1([C:6]([C:5]([C:4]([C:9]([C:8]1([H:18])[H:19])([H:20])[H:21])([H:11])[C:2](=[O:1])[O:3][H:10])([H:12])[H:13])([H:14])[H:15])[H:17],23.0,4.0
7,-0.07692000092495055,AM1BCC,OpenEye,,,C,,8,[H:16][C:7]1([C:6]([C:5]([C:4]([C:9]([C:8]1([H:18])[H:19])([H:20])[H:21])([H:11])[C:2](=[O:1])[O:3][H:10])([H:12])[H:13])([H:14])[H:15])[H:17],23.0,4.0
8,-0.0725899991535005,AM1BCC,OpenEye,,,C,,9,[H:16][C:7]1([C:6]([C:5]([C:4]([C:9]([C:8]1([H:18])[H:19])([H:20])[H:21])([H:11])[C:2](=[O:1])[O:3][H:10])([H:12])[H:13])([H:14])[H:15])[H:17],23.0,4.0
9,0.44229999362003236,AM1BCC,OpenEye,,,H,,10,[H:16][C:7]1([C:6]([C:5]([C:4]([C:9]([C:8]1([H:18])[H:19])([H:20])[H:21])([H:11])[C:2](=[O:1])[O:3][H:10])([H:12])[H:13])([H:14])[H:15])[H:17],23.0,4.0
10,0.08087000428211122,AM1BCC,OpenEye,,,H,,11,[H:16][C:7]1([C:6]([C:5]([C:4]([C:9]([C:8]1([H:18])[H:19])([H:20])[H:21])([H:11])[C:2](=[O:1])[O:3][H:10])([H:12])[H:13])([H:14])[H:15])[H:17],23.0,4.0
11,0.055800000116938635,AM1BCC,OpenEye,,,H,,12,[H:16][C:7]1([C:6]([C:5]([C:4]([C:9]([C:8]1([H:18])[H:19])([H:20])[H:21])([H:11])[C:2](=[O:1])[O:3][H:10])([H:12])[H:13])([H:14])[H:15])[H:17],23.0,4.0
12,0.055800000116938635,AM1BCC,OpenEye,,,H,,13,[H:16][C:7]1([C:6]([C:5]([C:4]([C:9]([C:8]1([H:18])[H:19])([H:20])[H:21])([H:11])[C:2](=[O:1])[O:3][H:10])([H:12])[H:13])([H:14])[H:15])[H:17],23.0,4.0
13,0.043470000759476705,AM1BCC,OpenEye,,,H,,14,[H:16][C:7]1([C:6]([C:5]([C:4]([C:9]([C:8]1([H:18])[H:19])([H:20])[H:21])([H:11])[C:2](=[O:1])[O:3][H:10])([H:12])[H:13])([H:14])[H:15])[H:17],23.0,4.0
14,0.043470000759476705,AM1BCC,OpenEye,,,H,,15,[H:16][C:7]1([C:6]([C:5]([C:4]([C:9]([C:8]1([H:18])[H:19])([H:20])[H:21])([H:11])[C:2](=[O:1])[O:3][H:10])([H:12])[H:13])([H:14])[H:15])[H:17],23.0,4.0
15,0.043060002759808584,AM1BCC,OpenEye,,,H,,16,[H:16][C:7]1([C:6]([C:5]([C:4]([C:9]([C:8]1([H:18])[H:19])([H:20])[H:21])([H:11])[C:2](=[O:1])[O:3][H:10])([H:12])[H:13])([H:14])[H:15])[H:17],23.0,4.0
16,0.043060002759808584,AM1BCC,OpenEye,,,H,,17,[H:16][C:7]1([C:6]([C:5]([C:4]([C:9]([C:8]1([H:18])[H:19])([H:20])[H:21])([H:11])[C:2](=[O:1])[O:3][H:10])([H:12])[H:13])([H:14])[H:15])[H:17],23.0,4.0
17,0.043470000759476705,AM1BCC,OpenEye,,,H,,18,[H:16][C:7]1([C:6]([C:5]([C:4]([C:9]([C:8]1([H:18])[H:19])([H:20])[H:21])([H:11])[C:2](=[O:1])[O:3][H:10])([H:12])[H:13])([H:14])[H:15])[H:17],23.0,4.0
18,0.043470000759476705,AM1BCC,OpenEye,,,H,,19,[H:16][C:7]1([C:6]([C:5]([C:4]([C:9]([C:8]1([H:18])[H:19])([H:20])[H:21])([H:11])[C:2](=[O:1])[O:3][H:10])([H:12])[H:13])([H:14])[H:15])[H:17],23.0,4.0
19,0.055800000116938635,AM1BCC,OpenEye,,,H,,20,[H:16][C:7]1([C:6]([C:5]([C:4]([C:9]([C:8]1([H:18])[H:19])([H:20])[H:21])([H:11])[C:2](=[O:1])[O:3][H:10])([H:12])[H:13])([H:14])[H:15])[H:17],23.0,4.0
20,0.055800000116938635,AM1BCC,OpenEye,,,H,,21,[H:16][C:7]1([C:6]([C:5]([C:4]([C:9]([C:8]1([H:18])[H:19])([H:20])[H:21])([H:11])[C:2](=[O:1])[O:3][H:10])([H:12])[H:13])([H:14])[H:15])[H:17],23.0,4.0
0,-0.550952380952381,AM1BCC,AmberTools,,,O,,1,[H:16][C:7]1([C:6]([C:5]([C:4]([C:9]([C:8]1([H:18])[H:19])([H:20])[H:21])([H:11])[C:2](=[O:1])[O:3][H:10])([H:12])[H:13])([H:14])[H:15])[H:17],23.0,4.0
1,0.6361476190476191,AM1BCC,AmberTools,,,C,,2,[H:16][C:7]1([C:6]([C:5]([C:4]([C:9]([C:8]1([H:18])[H:19])([H:20])[H:21])([H:11])[C:2](=[O:1])[O:3][H:10])([H:12])[H:13])([H:14])[H:15])[H:17],23.0,4.0
2,-0.6100523809523809,AM1BCC,AmberTools,,,O,,3,[H:16][C:7]1([C:6]([C:5]([C:4]([C:9]([C:8]1([H:18])[H:19])([H:20])[H:21])([H:11])[C:2](=[O:1])[O:3][H:10])([H:12])[H:13])([H:14])[H:15])[H:17],23.0,4.0
3,-0.10465238095238096,AM1BCC,AmberTools,,,C,,4,[H:16][C:7]1([C:6]([C:5]([C:4]([C:9]([C:8]1([H:18])[H:19])([H:20])[H:21])([H:11])[C:2](=[O:1])[O:3][H:10])([H:12])[H:13])([H:14])[H:15])[H:17],23.0,4.0
4,-0.07435238095238095,AM1BCC,AmberTools,,,C,,5,[H:16][C:7]1([C:6]([C:5]([C:4]([C:9]([C:8]1([H:18])[H:19])([H:20])[H:21])([H:11])[C:2](=[O:1])[O:3][H:10])([H:12])[H:13])([H:14])[H:15])[H:17],23.0,4.0
5,-0.07635238095238095,AM1BCC,AmberTools,,,C,,6,[H:16][C:7]1([C:6]([C:5]([C:4]([C:9]([C:8]1([H:18])[H:19])([H:20])[H:21])([H:11])[C:2](=[O:1])[O:3][H:10])([H:12])[H:13])([H:14])[H:15])[H:17],23.0,4.0
6,-0.08035238095238095,AM1BCC,AmberTools,,,C,,7,[H:16][C:7]1([C:6]([C:5]([C:4]([C:9]([C:8]1([H:18])[H:19])([H:20])[H:21])([H:11])[C:2](=[O:1])[O:3][H:10])([H:12])[H:13])([H:14])[H:15])[H:17],23.0,4.0
7,-0.07635238095238095,AM1BCC,AmberTools,,,C,,8,[H:16][C:7]1([C:6]([C:5]([C:4]([C:9]([C:8]1([H:18])[H:19])([H:20])[H:21])([H:11])[C:2](=[O:1])[O:3][H:10])([H:12])[H:13])([H:14])[H:15])[H:17],23.0,4.0
8,-0.07435238095238095,AM1BCC,AmberTools,,,C,,9,[H:16][C:7]1([C:6]([C:5]([C:4]([C:9]([C:8]1([H:18])[H:19])([H:20])[H:21])([H:11])[C:2](=[O:1])[O:3][H:10])([H:12])[H:13])([H:14])[H:15])[H:17],23.0,4.0
9,0.442047619047619,AM1BCC,AmberTools,,,H,,10,[H:16][C:7]1([C:6]([C:5]([C:4]([C:9]([C:8]1([H:18])[H:19])([H:20])[H:21])([H:11])[C:2](=[O:1])[O:3][H:10])([H:12])[H:13])([H:14])[H:15])[H:17],23.0,4.0
10,0.08274761904761904,AM1BCC,AmberTools,,,H,,11,[H:16][C:7]1([C:6]([C:5]([C:4]([C:9]([C:8]1([H:18])[H:19])([H:20])[H:21])([H:11])[C:2](=[O:1])[O:3][H:10])([H:12])[H:13])([H:14])[H:15])[H:17],23.0,4.0
11,0.055247619047619045,AM1BCC,AmberTools,,,H,,12,[H:16][C:7]1([C:6]([C:5]([C:4]([C:9]([C:8]1([H:18])[H:19])([H:20])[H:21])([H:11])[C:2](=[O:1])[O:3][H:10])([H:12])[H:13])([H:14])[H:15])[H:17],23.0,4.0
12,0.055247619047619045,AM1BCC,AmberTools,,,H,,13,[H:16][C:7]1([C:6]([C:5]([C:4]([C:9]([C:8]1([H:18])[H:19])([H:20])[H:21])([H:11])[C:2](=[O:1])[O:3][H:10])([H:12])[H:13])([H:14])[H:15])[H:17],23.0,4.0
13,0.04424761904761905,AM1BCC,AmberTools,,,H,,14,[H:16][C:7]1([C:6]([C:5]([C:4]([C:9]([C:8]1([H:18])[H:19])([H:20])[H:21])([H:11])[C:2](=[O:1])[O:3][H:10])([H:12])[H:13])([H:14])[H:15])[H:17],23.0,4.0
14,0.04424761904761905,AM1BCC,AmberTools,,,H,,15,[H:16][C:7]1([C:6]([C:5]([C:4]([C:9]([C:8]1([H:18])[H:19])([H:20])[H:21])([H:11])[C:2](=[O:1])[O:3][H:10])([H:12])[H:13])([H:14])[H:15])[H:17],23.0,4.0
15,0.04424761904761905,AM1BCC,AmberTools,,,H,,16,[H:16][C:7]1([C:6]([C:5]([C:4]([C:9]([C:8]1([H:18])[H:19])([H:20])[H:21])([H:11])[C:2](=[O:1])[O:3][H:10])([H:12])[H:13])([H:14])[H:15])[H:17],23.0,4.0
16,0.04424761904761905,AM1BCC,AmberTools,,,H,,17,[H:16][C:7]1([C:6]([C:5]([C:4]([C:9]([C:8]1([H:18])[H:19])([H:20])[H:21])([H:11])[C:2](=[O:1])[O:3][H:10])([H:12])[H:13])([H:14])[H:15])[H:17],23.0,4.0
17,0.04424761904761905,AM1BCC,AmberTools,,,H,,18,[H:16][C:7]1([C:6]([C:5]([C:4]([C:9]([C:8]1([H:18])[H:19])([H:20])[H:21])([H:11])[C:2](=[O:1])[O:3][H:10])([H:12])[H:13])([H:14])[H:15])[H:17],23.0,4.0
18,0.04424761904761905,AM1BCC,AmberTools,,,H,,19,[H:16][C:7]1([C:6]([C:5]([C:4]([C:9]([C:8]1([H:18])[H:19])([H:20])[H:21])([H:11])[C:2](=[O:1])[O:3][H:10])([H:12])[H:13])([H:14])[H:15])[H:17],23.0,4.0
19,0.055247619047619045,AM1BCC,AmberTools,,,H,,20,[H:16][C:7]1([C:6]([C:5]([C:4]([C:9]([C:8]1([H:18])[H:19])([H:20])[H:21])([H:11])[C:2](=[O:1])[O:3][H:10])([H:12])[H:13])([H:14])[H:15])[H:17],23.0,4.0
20,0.055247619047619045,AM1BCC,AmberTools,,,H,,21,[H:16][C:7]1([C:6]([C:5]([C:4]([C:9]([C:8]1([H:18])[H:19])([H:20])[H:21])([H:11])[C:2](=[O:1])[O:3][H:10])([H:12])[H:13])([H:14])[H:15])[H:17],23.0,4.0
0,-0.5511400085829553,AM1BCC,OpenEye,,,O,,1,[H:16][C:7]1([C:6]([C:5]([C:4]([C:9]([C:8]1([H:18])[H:19])([H:20])[H:21])([H:11])[C:2](=[O:1])[O:3][H:10])([H:12])[H:13])([H:14])[H:15])[H:17],23.0,5.0
1,0.633910002098197,AM1BCC,OpenEye,,,C,,2,[H:16][C:7]1([C:6]([C:5]([C:4]([C:9]([C:8]1([H:18])[H:19])([H:20])[H:21])([H:11])[C:2](=[O:1])[O:3][H:10])([H:12])[H:13])([H:14])[H:15])[H:17],23.0,5.0
2,-0.6015200001143274,AM1BCC,OpenEye,,,O,,3,[H:16][C:7]1([C:6]([C:5]([C:4]([C:9]([C:8]1([H:18])[H:19])([H:20])[H:21])([H:11])[C:2](=[O:1])[O:3][H:10])([H:12])[H:13])([H:14])[H:15])[H:17],23.0,5.0
3,-0.10800999970663161,AM1BCC,OpenEye,,,C,,4,[H:16][C:7]1([C:6]([C:5]([C:4]([C:9]([C:8]1([H:18])[H:19])([H:20])[H:21])([H:11])[C:2](=[O:1])[O:3][H:10])([H:12])[H:13])([H:14])[H:15])[H:17],23.0,5.0
4,-0.0725899991535005,AM1BCC,OpenEye,,,C,,5,[H:16][C:7]1([C:6]([C:5]([C:4]([C:9]([C:8]1([H:18])[H:19])([H:20])[H:21])([H:11])[C:2](=[O:1])[O:3][H:10])([H:12])[H:13])([H:14])[H:15])[H:17],23.0,5.0
5,-0.07692000092495055,AM1BCC,OpenEye,,,C,,6,[H:16][C:7]1([C:6]([C:5]([C:4]([C:9]([C:8]1([H:18])[H:19])([H:20])[H:21])([H:11])[C:2](=[O:1])[O:3][H:10])([H:12])[H:13])([H:14])[H:15])[H:17],23.0,5.0
6,-0.08059000046480269,AM1BCC,OpenEye,,,C,,7,[H:16][C:7]1([C:6]([C:5]([C:4]([C:9]([C:8]1([H:18])[H:19])([H:20])[H:21])([H:11])[C:2](=[O:1])[O:3][H:10])([H:12])[H:13])([H:14])[H:15])[H:17],23.0,5.0
7,-0.07692000092495055,AM1BCC,OpenEye,,,C,,8,[H:16][C:7]1([C:6]([C:5]([C:4]([C:9]([C:8]1([H:18])[H:19])([H:20])[H:21])([H:11])[C:2](=[O:1])[O:3][H:10])([H:12])[H:13])([H:14])[H:15])[H:17],23.0,5.0
8,-0.0725899991535005,AM1BCC,OpenEye,,,C,,9,[H:16][C:7]1([C:6]([C:5]([C:4]([C:9]([C:8]1([H:18])[H:19])([H:20])[H:21])([H:11])[C:2](=[O:1])[O:3][H:10])([H:12])[H:13])([H:14])[H:15])[H:17],23.0,5.0
9,0.44229999362003236,AM1BCC,OpenEye,,,H,,10,[H:16][C:7]1([C:6]([C:5]([C:4]([C:9]([C:8]1([H:18])[H:19])([H:20])[H:21])([H:11])[C:2](=[O:1])[O:3][H:10])([H:12])[H:13])([H:14])[H:15])[H:17],23.0,5.0
10,0.08087000428211122,AM1BCC,OpenEye,,,H,,11,[H:16][C:7]1([C:6]([C:5]([C:4]([C:9]([C:8]1([H:18])[H:19])([H:20])[H:21])([H:11])[C:2](=[O:1])[O:3][H:10])([H:12])[H:13])([H:14])[H:15])[H:17],23.0,5.0
11,0.055800000116938635,AM1BCC,OpenEye,,,H,,12,[H:16][C:7]1([C:6]([C:5]([C:4]([C:9]([C:8]1([H:18])[H:19])([H:20])[H:21])([H:11])[C:2](=[O:1])[O:3][H:10])([H:12])[H:13])([H:14])[H:15])[H:17],23.0,5.0
12,0.055800000116938635,AM1BCC,OpenEye,,,H,,13,[H:16][C:7]1([C:6]([C:5]([C:4]([C:9]([C:8]1([H:18])[H:19])([H:20])[H:21])([H:11])[C:2](=[O:1])[O:3][H:10])([H:12])[H:13])([H:14])[H:15])[H:17],23.0,5.0
13,0.043470000759476705,AM1BCC,OpenEye,,,H,,14,[H:16][C:7]1([C:6]([C:5]([C:4]([C:9]([C:8]1([H:18])[H:19])([H:20])[H:21])([H:11])[C:2](=[O:1])[O:3][H:10])([H:12])[H:13])([H:14])[H:15])[H:17],23.0,5.0
14,0.043470000759476705,AM1BCC,OpenEye,,,H,,15,[H:16][C:7]1([C:6]([C:5]([C:4]([C:9]([C:8]1([H:18])[H:19])([H:20])[H:21])([H:11])[C:2](=[O:1])[O:3][H:10])([H:12])[H:13])([H:14])[H:15])[H:17],23.0,5.0
15,0.043060002759808584,AM1BCC,OpenEye,,,H,,16,[H:16][C:7]1([C:6]([C:5]([C:4]([C:9]([C:8]1([H:18])[H:19])([H:20])[H:21])([H:11])[C:2](=[O:1])[O:3][H:10])([H:12])[H:13])([H:14])[H:15])[H:17],23.0,5.0
16,0.043060002759808584,AM1BCC,OpenEye,,,H,,17,[H:16][C:7]1([C:6]([C:5]([C:4]([C:9]([C:8]1([H:18])[H:19])([H:20])[H:21])([H:11])[C:2](=[O:1])[O:3][H:10])([H:12])[H:13])([H:14])[H:15])[H:17],23.0,5.0
17,0.043470000759476705,AM1BCC,OpenEye,,,H,,18,[H:16][C:7]1([C:6]([C:5]([C:4]([C:9]([C:8]1([H:18])[H:19])([H:20])[H:21])([H:11])[C:2](=[O:1])[O:3][H:10])([H:12])[H:13])([H:14])[H:15])[H:17],23.0,5.0
18,0.043470000759476705,AM1BCC,OpenEye,,,H,,19,[H:16][C:7]1([C:6]([C:5]([C:4]([C:9]([C:8]1([H:18])[H:19])([H:20])[H:21])([H:11])[C:2](=[O:1])[O:3][H:10])([H:12])[H:13])([H:14])[H:15])[H:17],23.0,5.0
19,0.055800000116938635,AM1BCC,OpenEye,,,H,,20,[H:16][C:7]1([C:6]([C:5]([C:4]([C:9]([C:8]1([H:18])[H:19])([H:20])[H:21])([H:11])[C:2](=[O:1])[O:3][H:10])([H:12])[H:13])([H:14])[H:15])[H:17],23.0,5.0
20,0.055800000116938635,AM1BCC,OpenEye,,,H,,21,[H:16][C:7]1([C:6]([C:5]([C:4]([C:9]([C:8]1([H:18])[H:19])([H:20])[H:21])([H:11])[C:2](=[O:1])[O:3][H:10])([H:12])[H:13])([H:14])[H:15])[H:17],23.0,5.0
0,-0.550952380952381,AM1BCC,AmberTools,,,O,,1,[H:16][C:7]1([C:6]([C:5]([C:4]([C:9]([C:8]1([H:18])[H:19])([H:20])[H:21])([H:11])[C:2](=[O:1])[O:3][H:10])([H:12])[H:13])([H:14])[H:15])[H:17],23.0,5.0
1,0.6361476190476191,AM1BCC,AmberTools,,,C,,2,[H:16][C:7]1([C:6]([C:5]([C:4]([C:9]([C:8]1([H:18])[H:19])([H:20])[H:21])([H:11])[C:2](=[O:1])[O:3][H:10])([H:12])[H:13])([H:14])[H:15])[H:17],23.0,5.0
2,-0.6100523809523809,AM1BCC,AmberTools,,,O,,3,[H:16][C:7]1([C:6]([C:5]([C:4]([C:9]([C:8]1([H:18])[H:19])([H:20])[H:21])([H:11])[C:2](=[O:1])[O:3][H:10])([H:12])[H:13])([H:14])[H:15])[H:17],23.0,5.0
3,-0.10465238095238096,AM1BCC,AmberTools,,,C,,4,[H:16][C:7]1([C:6]([C:5]([C:4]([C:9]([C:8]1([H:18])[H:19])([H:20])[H:21])([H:11])[C:2](=[O:1])[O:3][H:10])([H:12])[H:13])([H:14])[H:15])[H:17],23.0,5.0
4,-0.07435238095238095,AM1BCC,AmberTools,,,C,,5,[H:16][C:7]1([C:6]([C:5]([C:4]([C:9]([C:8]1([H:18])[H:19])([H:20])[H:21])([H:11])[C:2](=[O:1])[O:3][H:10])([H:12])[H:13])([H:14])[H:15])[H:17],23.0,5.0
5,-0.07635238095238095,AM1BCC,AmberTools,,,C,,6,[H:16][C:7]1([C:6]([C:5]([C:4]([C:9]([C:8]1([H:18])[H:19])([H:20])[H:21])([H:11])[C:2](=[O:1])[O:3][H:10])([H:12])[H:13])([H:14])[H:15])[H:17],23.0,5.0
6,-0.08035238095238095,AM1BCC,AmberTools,,,C,,7,[H:16][C:7]1([C:6]([C:5]([C:4]([C:9]([C:8]1([H:18])[H:19])([H:20])[H:21])([H:11])[C:2](=[O:1])[O:3][H:10])([H:12])[H:13])([H:14])[H:15])[H:17],23.0,5.0
7,-0.07635238095238095,AM1BCC,AmberTools,,,C,,8,[H:16][C:7]1([C:6]([C:5]([C:4]([C:9]([C:8]1([H:18])[H:19])([H:20])[H:21])([H:11])[C:2](=[O:1])[O:3][H:10])([H:12])[H:13])([H:14])[H:15])[H:17],23.0,5.0
8,-0.07435238095238095,AM1BCC,AmberTools,,,C,,9,[H:16][C:7]1([C:6]([C:5]([C:4]([C:9]([C:8]1([H:18])[H:19])([H:20])[H:21])([H:11])[C:2](=[O:1])[O:3][H:10])([H:12])[H:13])([H:14])[H:15])[H:17],23.0,5.0
9,0.442047619047619,AM1BCC,AmberTools,,,H,,10,[H:16][C:7]1([C:6]([C:5]([C:4]([C:9]([C:8]1([H:18])[H:19])([H:20])[H:21])([H:11])[C:2](=[O:1])[O:3][H:10])([H:12])[H:13])([H:14])[H:15])[H:17],23.0,5.0
10,0.08274761904761904,AM1BCC,AmberTools,,,H,,11,[H:16][C:7]1([C:6]([C:5]([C:4]([C:9]([C:8]1([H:18])[H:19])([H:20])[H:21])([H:11])[C:2](=[O:1])[O:3][H:10])([H:12])[H:13])([H:14])[H:15])[H:17],23.0,5.0
11,0.055247619047619045,AM1BCC,AmberTools,,,H,,12,[H:16][C:7]1([C:6]([C:5]([C:4]([C:9]([C:8]1([H:18])[H:19])([H:20])[H:21])([H:11])[C:2](=[O:1])[O:3][H:10])([H:12])[H:13])([H:14])[H:15])[H:17],23.0,5.0
12,0.055247619047619045,AM1BCC,AmberTools,,,H,,13,[H:16][C:7]1([C:6]([C:5]([C:4]([C:9]([C:8]1([H:18])[H:19])([H:20])[H:21])([H:11])[C:2](=[O:1])[O:3][H:10])([H:12])[H:13])([H:14])[H:15])[H:17],23.0,5.0
13,0.04424761904761905,AM1BCC,AmberTools,,,H,,14,[H:16][C:7]1([C:6]([C:5]([C:4]([C:9]([C:8]1([H:18])[H:19])([H:20])[H:21])([H:11])[C:2](=[O:1])[O:3][H:10])([H:12])[H:13])([H:14])[H:15])[H:17],23.0,5.0
14,0.04424761904761905,AM1BCC,AmberTools,,,H,,15,[H:16][C:7]1([C:6]([C:5]([C:4]([C:9]([C:8]1([H:18])[H:19])([H:20])[H:21])([H:11])[C:2](=[O:1])[O:3][H:10])([H:12])[H:13])([H:14])[H:15])[H:17],23.0,5.0
15,0.04424761904761905,AM1BCC,AmberTools,,,H,,16,[H:16][C:7]1([C:6]([C:5]([C:4]([C:9]([C:8]1([H:18])[H:19])([H:20])[H:21])([H:11])[C:2](=[O:1])[O:3][H:10])([H:12])[H:13])([H:14])[H:15])[H:17],23.0,5.0
16,0.04424761904761905,AM1BCC,AmberTools,,,H,,17,[H:16][C:7]1([C:6]([C:5]([C:4]([C:9]([C:8]1([H:18])[H:19])([H:20])[H:21])([H:11])[C:2](=[O:1])[O:3][H:10])([H:12])[H:13])([H:14])[H:15])[H:17],23.0,5.0
17,0.04424761904761905,AM1BCC,AmberTools,,,H,,18,[H:16][C:7]1([C:6]([C:5]([C:4]([C:9]([C:8]1([H:18])[H:19])([H:20])[H:21])([H:11])[C:2](=[O:1])[O:3][H:10])([H:12])[H:13])([H:14])[H:15])[H:17],23.0,5.0
18,0.04424761904761905,AM1BCC,AmberTools,,,H,,19,[H:16][C:7]1([C:6]([C:5]([C:4]([C:9]([C:8]1([H:18])[H:19])([H:20])[H:21])([H:11])[C:2](=[O:1])[O:3][H:10])([H:12])[H:13])([H:14])[H:15])[H:17],23.0,5.0
19,0.055247619047619045,AM1BCC,AmberTools,,,H,,20,[H:16][C:7]1([C:6]([C:5]([C:4]([C:9]([C:8]1([H:18])[H:19])([H:20])[H:21])([H:11])[C:2](=[O:1])[O:3][H:10])([H:12])[H:13])([H:14])[H:15])[H:17],23.0,5.0
20,0.055247619047619045,AM1BCC,AmberTools,,,H,,21,[H:16][C:7]1([C:6]([C:5]([C:4]([C:9]([C:8]1([H:18])[H:19])([H:20])[H:21])([H:11])[C:2](=[O:1])[O:3][H:10])([H:12])[H:13])([H:14])[H:15])[H:17],23.0,5.0
0,-0.5511400085829553,AM1BCC,OpenEye,,,O,,1,[H:16][C:7]1([C:6]([C:5]([C:4]([C:9]([C:8]1([H:18])[H:19])([H:20])[H:21])([H:11])[C:2](=[O:1])[O:3][H:10])([H:12])[H:13])([H:14])[H:15])[H:17],23.0,6.0
1,0.633910002098197,AM1BCC,OpenEye,,,C,,2,[H:16][C:7]1([C:6]([C:5]([C:4]([C:9]([C:8]1([H:18])[H:19])([H:20])[H:21])([H:11])[C:2](=[O:1])[O:3][H:10])([H:12])[H:13])([H:14])[H:15])[H:17],23.0,6.0
2,-0.6015200001143274,AM1BCC,OpenEye,,,O,,3,[H:16][C:7]1([C:6]([C:5]([C:4]([C:9]([C:8]1([H:18])[H:19])([H:20])[H:21])([H:11])[C:2](=[O:1])[O:3][H:10])([H:12])[H:13])([H:14])[H:15])[H:17],23.0,6.0
3,-0.10800999970663161,AM1BCC,OpenEye,,,C,,4,[H:16][C:7]1([C:6]([C:5]([C:4]([C:9]([C:8]1([H:18])[H:19])([H:20])[H:21])([H:11])[C:2](=[O:1])[O:3][H:10])([H:12])[H:13])([H:14])[H:15])[H:17],23.0,6.0
4,-0.0725899991535005,AM1BCC,OpenEye,,,C,,5,[H:16][C:7]1([C:6]([C:5]([C:4]([C:9]([C:8]1([H:18])[H:19])([H:20])[H:21])([H:11])[C:2](=[O:1])[O:3][H:10])([H:12])[H:13])([H:14])[H:15])[H:17],23.0,6.0
5,-0.07692000092495055,AM1BCC,OpenEye,,,C,,6,[H:16][C:7]1([C:6]([C:5]([C:4]([C:9]([C:8]1([H:18])[H:19])([H:20])[H:21])([H:11])[C:2](=[O:1])[O:3][H:10])([H:12])[H:13])([H:14])[H:15])[H:17],23.0,6.0
6,-0.08059000046480269,AM1BCC,OpenEye,,,C,,7,[H:16][C:7]1([C:6]([C:5]([C:4]([C:9]([C:8]1([H:18])[H:19])([H:20])[H:21])([H:11])[C:2](=[O:1])[O:3][H:10])([H:12])[H:13])([H:14])[H:15])[H:17],23.0,6.0
7,-0.07692000092495055,AM1BCC,OpenEye,,,C,,8,[H:16][C:7]1([C:6]([C:5]([C:4]([C:9]([C:8]1([H:18])[H:19])([H:20])[H:21])([H:11])[C:2](=[O:1])[O:3][H:10])([H:12])[H:13])([H:14])[H:15])[H:17],23.0,6.0
8,-0.0725899991535005,AM1BCC,OpenEye,,,C,,9,[H:16][C:7]1([C:6]([C:5]([C:4]([C:9]([C:8]1([H:18])[H:19])([H:20])[H:21])([H:11])[C:2](=[O:1])[O:3][H:10])([H:12])[H:13])([H:14])[H:15])[H:17],23.0,6.0
9,0.44229999362003236,AM1BCC,OpenEye,,,H,,10,[H:16][C:7]1([C:6]([C:5]([C:4]([C:9]([C:8]1([H:18])[H:19])([H:20])[H:21])([H:11])[C:2](=[O:1])[O:3][H:10])([H:12])[H:13])([H:14])[H:15])[H:17],23.0,6.0
10,0.08087000428211122,AM1BCC,OpenEye,,,H,,11,[H:16][C:7]1([C:6]([C:5]([C:4]([C:9]([C:8]1([H:18])[H:19])([H:20])[H:21])([H:11])[C:2](=[O:1])[O:3][H:10])([H:12])[H:13])([H:14])[H:15])[H:17],23.0,6.0
11,0.055800000116938635,AM1BCC,OpenEye,,,H,,12,[H:16][C:7]1([C:6]([C:5]([C:4]([C:9]([C:8]1([H:18])[H:19])([H:20])[H:21])([H:11])[C:2](=[O:1])[O:3][H:10])([H:12])[H:13])([H:14])[H:15])[H:17],23.0,6.0
12,0.055800000116938635,AM1BCC,OpenEye,,,H,,13,[H:16][C:7]1([C:6]([C:5]([C:4]([C:9]([C:8]1([H:18])[H:19])([H:20])[H:21])([H:11])[C:2](=[O:1])[O:3][H:10])([H:12])[H:13])([H:14])[H:15])[H:17],23.0,6.0
13,0.043470000759476705,AM1BCC,OpenEye,,,H,,14,[H:16][C:7]1([C:6]([C:5]([C:4]([C:9]([C:8]1([H:18])[H:19])([H:20])[H:21])([H:11])[C:2](=[O:1])[O:3][H:10])([H:12])[H:13])([H:14])[H:15])[H:17],23.0,6.0
14,0.043470000759476705,AM1BCC,OpenEye,,,H,,15,[H:16][C:7]1([C:6]([C:5]([C:4]([C:9]([C:8]1([H:18])[H:19])([H:20])[H:21])([H:11])[C:2](=[O:1])[O:3][H:10])([H:12])[H:13])([H:14])[H:15])[H:17],23.0,6.0
15,0.043060002759808584,AM1BCC,OpenEye,,,H,,16,[H:16][C:7]1([C:6]([C:5]([C:4]([C:9]([C:8]1([H:18])[H:19])([H:20])[H:21])([H:11])[C:2](=[O:1])[O:3][H:10])([H:12])[H:13])([H:14])[H:15])[H:17],23.0,6.0
16,0.043060002759808584,AM1BCC,OpenEye,,,H,,17,[H:16][C:7]1([C:6]([C:5]([C:4]([C:9]([C:8]1([H:18])[H:19])([H:20])[H:21])([H:11])[C:2](=[O:1])[O:3][H:10])([H:12])[H:13])([H:14])[H:15])[H:17],23.0,6.0
17,0.043470000759476705,AM1BCC,OpenEye,,,H,,18,[H:16][C:7]1([C:6]([C:5]([C:4]([C:9]([C:8]1([H:18])[H:19])([H:20])[H:21])([H:11])[C:2](=[O:1])[O:3][H:10])([H:12])[H:13])([H:14])[H:15])[H:17],23.0,6.0
18,0.043470000759476705,AM1BCC,OpenEye,,,H,,19,[H:16][C:7]1([C:6]([C:5]([C:4]([C:9]([C:8]1([H:18])[H:19])([H:20])[H:21])([H:11])[C:2](=[O:1])[O:3][H:10])([H:12])[H:13])([H:14])[H:15])[H:17],23.0,6.0
19,0.055800000116938635,AM1BCC,OpenEye,,,H,,20,[H:16][C:7]1([C:6]([C:5]([C:4]([C:9]([C:8]1([H:18])[H:19])([H:20])[H:21])([H:11])[C:2](=[O:1])[O:3][H:10])([H:12])[H:13])([H:14])[H:15])[H:17],23.0,6.0
20,0.055800000116938635,AM1BCC,OpenEye,,,H,,21,[H:16][C:7]1([C:6]([C:5]([C:4]([C:9]([C:8]1([H:18])[H:19])([H:20])[H:21])([H:11])[C:2](=[O:1])[O:3][H:10])([H:12])[H:13])([H:14])[H:15])[H:17],23.0,6.0
0,-0.550952380952381,AM1BCC,AmberTools,,,O,,1,[H:16][C:7]1([C:6]([C:5]([C:4]([C:9]([C:8]1([H:18])[H:19])([H:20])[H:21])([H:11])[C:2](=[O:1])[O:3][H:10])([H:12])[H:13])([H:14])[H:15])[H:17],23.0,6.0
1,0.6361476190476191,AM1BCC,AmberTools,,,C,,2,[H:16][C:7]1([C:6]([C:5]([C:4]([C:9]([C:8]1([H:18])[H:19])([H:20])[H:21])([H:11])[C:2](=[O:1])[O:3][H:10])([H:12])[H:13])([H:14])[H:15])[H:17],23.0,6.0
2,-0.6100523809523809,AM1BCC,AmberTools,,,O,,3,[H:16][C:7]1([C:6]([C:5]([C:4]([C:9]([C:8]1([H:18])[H:19])([H:20])[H:21])([H:11])[C:2](=[O:1])[O:3][H:10])([H:12])[H:13])([H:14])[H:15])[H:17],23.0,6.0
3,-0.10465238095238096,AM1BCC,AmberTools,,,C,,4,[H:16][C:7]1([C:6]([C:5]([C:4]([C:9]([C:8]1([H:18])[H:19])([H:20])[H:21])([H:11])[C:2](=[O:1])[O:3][H:10])([H:12])[H:13])([H:14])[H:15])[H:17],23.0,6.0
4,-0.07435238095238095,AM1BCC,AmberTools,,,C,,5,[H:16][C:7]1([C:6]([C:5]([C:4]([C:9]([C:8]1([H:18])[H:19])([H:20])[H:21])([H:11])[C:2](=[O:1])[O:3][H:10])([H:12])[H:13])([H:14])[H:15])[H:17],23.0,6.0
5,-0.07635238095238095,AM1BCC,AmberTools,,,C,,6,[H:16][C:7]1([C:6]([C:5]([C:4]([C:9]([C:8]1([H:18])[H:19])([H:20])[H:21])([H:11])[C:2](=[O:1])[O:3][H:10])([H:12])[H:13])([H:14])[H:15])[H:17],23.0,6.0
6,-0.08035238095238095,AM1BCC,AmberTools,,,C,,7,[H:16][C:7]1([C:6]([C:5]([C:4]([C:9]([C:8]1([H:18])[H:19])([H:20])[H:21])([H:11])[C:2](=[O:1])[O:3][H:10])([H:12])[H:13])([H:14])[H:15])[H:17],23.0,6.0
7,-0.07635238095238095,AM1BCC,AmberTools,,,C,,8,[H:16][C:7]1([C:6]([C:5]([C:4]([C:9]([C:8]1([H:18])[H:19])([H:20])[H:21])([H:11])[C:2](=[O:1])[O:3][H:10])([H:12])[H:13])([H:14])[H:15])[H:17],23.0,6.0
8,-0.07435238095238095,AM1BCC,AmberTools,,,C,,9,[H:16][C:7]1([C:6]([C:5]([C:4]([C:9]([C:8]1([H:18])[H:19])([H:20])[H:21])([H:11])[C:2](=[O:1])[O:3][H:10])([H:12])[H:13])([H:14])[H:15])[H:17],23.0,6.0
9,0.442047619047619,AM1BCC,AmberTools,,,H,,10,[H:16][C:7]1([C:6]([C:5]([C:4]([C:9]([C:8]1([H:18])[H:19])([H:20])[H:21])([H:11])[C:2](=[O:1])[O:3][H:10])([H:12])[H:13])([H:14])[H:15])[H:17],23.0,6.0
10,0.08274761904761904,AM1BCC,AmberTools,,,H,,11,[H:16][C:7]1([C:6]([C:5]([C:4]([C:9]([C:8]1([H:18])[H:19])([H:20])[H:21])([H:11])[C:2](=[O:1])[O:3][H:10])([H:12])[H:13])([H:14])[H:15])[H:17],23.0,6.0
11,0.055247619047619045,AM1BCC,AmberTools,,,H,,12,[H:16][C:7]1([C:6]([C:5]([C:4]([C:9]([C:8]1([H:18])[H:19])([H:20])[H:21])([H:11])[C:2](=[O:1])[O:3][H:10])([H:12])[H:13])([H:14])[H:15])[H:17],23.0,6.0
12,0.055247619047619045,AM1BCC,AmberTools,,,H,,13,[H:16][C:7]1([C:6]([C:5]([C:4]([C:9]([C:8]1([H:18])[H:19])([H:20])[H:21])([H:11])[C:2](=[O:1])[O:3][H:10])([H:12])[H:13])([H:14])[H:15])[H:17],23.0,6.0
13,0.04424761904761905,AM1BCC,AmberTools,,,H,,14,[H:16][C:7]1([C:6]([C:5]([C:4]([C:9]([C:8]1([H:18])[H:19])([H:20])[H:21])([H:11])[C:2](=[O:1])[O:3][H:10])([H:12])[H:13])([H:14])[H:15])[H:17],23.0,6.0
14,0.04424761904761905,AM1BCC,AmberTools,,,H,,15,[H:16][C:7]1([C:6]([C:5]([C:4]([C:9]([C:8]1([H:18])[H:19])([H:20])[H:21])([H:11])[C:2](=[O:1])[O:3][H:10])([H:12])[H:13])([H:14])[H:15])[H:17],23.0,6.0
15,0.04424761904761905,AM1BCC,AmberTools,,,H,,16,[H:16][C:7]1([C:6]([C:5]([C:4]([C:9]([C:8]1([H:18])[H:19])([H:20])[H:21])([H:11])[C:2](=[O:1])[O:3][H:10])([H:12])[H:13])([H:14])[H:15])[H:17],23.0,6.0
16,0.04424761904761905,AM1BCC,AmberTools,,,H,,17,[H:16][C:7]1([C:6]([C:5]([C:4]([C:9]([C:8]1([H:18])[H:19])([H:20])[H:21])([H:11])[C:2](=[O:1])[O:3][H:10])([H:12])[H:13])([H:14])[H:15])[H:17],23.0,6.0
17,0.04424761904761905,AM1BCC,AmberTools,,,H,,18,[H:16][C:7]1([C:6]([C:5]([C:4]([C:9]([C:8]1([H:18])[H:19])([H:20])[H:21])([H:11])[C:2](=[O:1])[O:3][H:10])([H:12])[H:13])([H:14])[H:15])[H:17],23.0,6.0
18,0.04424761904761905,AM1BCC,AmberTools,,,H,,19,[H:16][C:7]1([C:6]([C:5]([C:4]([C:9]([C:8]1([H:18])[H:19])([H:20])[H:21])([H:11])[C:2](=[O:1])[O:3][H:10])([H:12])[H:13])([H:14])[H:15])[H:17],23.0,6.0
19,0.055247619047619045,AM1BCC,AmberTools,,,H,,20,[H:16][C:7]1([C:6]([C:5]([C:4]([C:9]([C:8]1([H:18])[H:19])([H:20])[H:21])([H:11])[C:2](=[O:1])[O:3][H:10])([H:12])[H:13])([H:14])[H:15])[H:17],23.0,6.0
20,0.055247619047619045,AM1BCC,AmberTools,,,H,,21,[H:16][C:7]1([C:6]([C:5]([C:4]([C:9]([C:8]1([H:18])[H:19])([H:20])[H:21])([H:11])[C:2](=[O:1])[O:3][H:10])([H:12])[H:13])([H:14])[H:15])[H:17],23.0,6.0
0,-0.5511400085829553,AM1BCC,OpenEye,,,O,,1,[H:16][C:7]1([C:6]([C:5]([C:4]([C:9]([C:8]1([H:18])[H:19])([H:20])[H:21])([H:11])[C:2](=[O:1])[O:3][H:10])([H:12])[H:13])([H:14])[H:15])[H:17],23.0,7.0
1,0.633910002098197,AM1BCC,OpenEye,,,C,,2,[H:16][C:7]1([C:6]([C:5]([C:4]([C:9]([C:8]1([H:18])[H:19])([H:20])[H:21])([H:11])[C:2](=[O:1])[O:3][H:10])([H:12])[H:13])([H:14])[H:15])[H:17],23.0,7.0
2,-0.6015200001143274,AM1BCC,OpenEye,,,O,,3,[H:16][C:7]1([C:6]([C:5]([C:4]([C:9]([C:8]1([H:18])[H:19])([H:20])[H:21])([H:11])[C:2](=[O:1])[O:3][H:10])([H:12])[H:13])([H:14])[H:15])[H:17],23.0,7.0
3,-0.10800999970663161,AM1BCC,OpenEye,,,C,,4,[H:16][C:7]1([C:6]([C:5]([C:4]([C:9]([C:8]1([H:18])[H:19])([H:20])[H:21])([H:11])[C:2](=[O:1])[O:3][H:10])([H:12])[H:13])([H:14])[H:15])[H:17],23.0,7.0
4,-0.0725899991535005,AM1BCC,OpenEye,,,C,,5,[H:16][C:7]1([C:6]([C:5]([C:4]([C:9]([C:8]1([H:18])[H:19])([H:20])[H:21])([H:11])[C:2](=[O:1])[O:3][H:10])([H:12])[H:13])([H:14])[H:15])[H:17],23.0,7.0
5,-0.07692000092495055,AM1BCC,OpenEye,,,C,,6,[H:16][C:7]1([C:6]([C:5]([C:4]([C:9]([C:8]1([H:18])[H:19])([H:20])[H:21])([H:11])[C:2](=[O:1])[O:3][H:10])([H:12])[H:13])([H:14])[H:15])[H:17],23.0,7.0
6,-0.08059000046480269,AM1BCC,OpenEye,,,C,,7,[H:16][C:7]1([C:6]([C:5]([C:4]([C:9]([C:8]1([H:18])[H:19])([H:20])[H:21])([H:11])[C:2](=[O:1])[O:3][H:10])([H:12])[H:13])([H:14])[H:15])[H:17],23.0,7.0
7,-0.07692000092495055,AM1BCC,OpenEye,,,C,,8,[H:16][C:7]1([C:6]([C:5]([C:4]([C:9]([C:8]1([H:18])[H:19])([H:20])[H:21])([H:11])[C:2](=[O:1])[O:3][H:10])([H:12])[H:13])([H:14])[H:15])[H:17],23.0,7.0
8,-0.0725899991535005,AM1BCC,OpenEye,,,C,,9,[H:16][C:7]1([C:6]([C:5]([C:4]([C:9]([C:8]1([H:18])[H:19])([H:20])[H:21])([H:11])[C:2](=[O:1])[O:3][H:10])([H:12])[H:13])([H:14])[H:15])[H:17],23.0,7.0
9,0.44229999362003236,AM1BCC,OpenEye,,,H,,10,[H:16][C:7]1([C:6]([C:5]([C:4]([C:9]([C:8]1([H:18])[H:19])([H:20])[H:21])([H:11])[C:2](=[O:1])[O:3][H:10])([H:12])[H:13])([H:14])[H:15])[H:17],23.0,7.0
10,0.08087000428211122,AM1BCC,OpenEye,,,H,,11,[H:16][C:7]1([C:6]([C:5]([C:4]([C:9]([C:8]1([H:18])[H:19])([H:20])[H:21])([H:11])[C:2](=[O:1])[O:3][H:10])([H:12])[H:13])([H:14])[H:15])[H:17],23.0,7.0
11,0.055800000116938635,AM1BCC,OpenEye,,,H,,12,[H:16][C:7]1([C:6]([C:5]([C:4]([C:9]([C:8]1([H:18])[H:19])([H:20])[H:21])([H:11])[C:2](=[O:1])[O:3][H:10])([H:12])[H:13])([H:14])[H:15])[H:17],23.0,7.0
12,0.055800000116938635,AM1BCC,OpenEye,,,H,,13,[H:16][C:7]1([C:6]([C:5]([C:4]([C:9]([C:8]1([H:18])[H:19])([H:20])[H:21])([H:11])[C:2](=[O:1])[O:3][H:10])([H:12])[H:13])([H:14])[H:15])[H:17],23.0,7.0
13,0.043470000759476705,AM1BCC,OpenEye,,,H,,14,[H:16][C:7]1([C:6]([C:5]([C:4]([C:9]([C:8]1([H:18])[H:19])([H:20])[H:21])([H:11])[C:2](=[O:1])[O:3][H:10])([H:12])[H:13])([H:14])[H:15])[H:17],23.0,7.0
14,0.043470000759476705,AM1BCC,OpenEye,,,H,,15,[H:16][C:7]1([C:6]([C:5]([C:4]([C:9]([C:8]1([H:18])[H:19])([H:20])[H:21])([H:11])[C:2](=[O:1])[O:3][H:10])([H:12])[H:13])([H:14])[H:15])[H:17],23.0,7.0
15,0.043060002759808584,AM1BCC,OpenEye,,,H,,16,[H:16][C:7]1([C:6]([C:5]([C:4]([C:9]([C:8]1([H:18])[H:19])([H:20])[H:21])([H:11])[C:2](=[O:1])[O:3][H:10])([H:12])[H:13])([H:14])[H:15])[H:17],23.0,7.0
16,0.043060002759808584,AM1BCC,OpenEye,,,H,,17,[H:16][C:7]1([C:6]([C:5]([C:4]([C:9]([C:8]1([H:18])[H:19])([H:20])[H:21])([H:11])[C:2](=[O:1])[O:3][H:10])([H:12])[H:13])([H:14])[H:15])[H:17],23.0,7.0
17,0.043470000759476705,AM1BCC,OpenEye,,,H,,18,[H:16][C:7]1([C:6]([C:5]([C:4]([C:9]([C:8]1([H:18])[H:19])([H:20])[H:21])([H:11])[C:2](=[O:1])[O:3][H:10])([H:12])[H:13])([H:14])[H:15])[H:17],23.0,7.0
18,0.043470000759476705,AM1BCC,OpenEye,,,H,,19,[H:16][C:7]1([C:6]([C:5]([C:4]([C:9]([C:8]1([H:18])[H:19])([H:20])[H:21])([H:11])[C:2](=[O:1])[O:3][H:10])([H:12])[H:13])([H:14])[H:15])[H:17],23.0,7.0
19,0.055800000116938635,AM1BCC,OpenEye,,,H,,20,[H:16][C:7]1([C:6]([C:5]([C:4]([C:9]([C:8]1([H:18])[H:19])([H:20])[H:21])([H:11])[C:2](=[O:1])[O:3][H:10])([H:12])[H:13])([H:14])[H:15])[H:17],23.0,7.0
20,0.055800000116938635,AM1BCC,OpenEye,,,H,,21,[H:16][C:7]1([C:6]([C:5]([C:4]([C:9]([C:8]1([H:18])[H:19])([H:20])[H:21])([H:11])[C:2](=[O:1])[O:3][H:10])([H:12])[H:13])([H:14])[H:15])[H:17],23.0,7.0
0,-0.550952380952381,AM1BCC,AmberTools,,,O,,1,[H:16][C:7]1([C:6]([C:5]([C:4]([C:9]([C:8]1([H:18])[H:19])([H:20])[H:21])([H:11])[C:2](=[O:1])[O:3][H:10])([H:12])[H:13])([H:14])[H:15])[H:17],23.0,7.0
1,0.6361476190476191,AM1BCC,AmberTools,,,C,,2,[H:16][C:7]1([C:6]([C:5]([C:4]([C:9]([C:8]1([H:18])[H:19])([H:20])[H:21])([H:11])[C:2](=[O:1])[O:3][H:10])([H:12])[H:13])([H:14])[H:15])[H:17],23.0,7.0
2,-0.6100523809523809,AM1BCC,AmberTools,,,O,,3,[H:16][C:7]1([C:6]([C:5]([C:4]([C:9]([C:8]1([H:18])[H:19])([H:20])[H:21])([H:11])[C:2](=[O:1])[O:3][H:10])([H:12])[H:13])([H:14])[H:15])[H:17],23.0,7.0
3,-0.10465238095238096,AM1BCC,AmberTools,,,C,,4,[H:16][C:7]1([C:6]([C:5]([C:4]([C:9]([C:8]1([H:18])[H:19])([H:20])[H:21])([H:11])[C:2](=[O:1])[O:3][H:10])([H:12])[H:13])([H:14])[H:15])[H:17],23.0,7.0
4,-0.07435238095238095,AM1BCC,AmberTools,,,C,,5,[H:16][C:7]1([C:6]([C:5]([C:4]([C:9]([C:8]1([H:18])[H:19])([H:20])[H:21])([H:11])[C:2](=[O:1])[O:3][H:10])([H:12])[H:13])([H:14])[H:15])[H:17],23.0,7.0
5,-0.07635238095238095,AM1BCC,AmberTools,,,C,,6,[H:16][C:7]1([C:6]([C:5]([C:4]([C:9]([C:8]1([H:18])[H:19])([H:20])[H:21])([H:11])[C:2](=[O:1])[O:3][H:10])([H:12])[H:13])([H:14])[H:15])[H:17],23.0,7.0
6,-0.08035238095238095,AM1BCC,AmberTools,,,C,,7,[H:16][C:7]1([C:6]([C:5]([C:4]([C:9]([C:8]1([H:18])[H:19])([H:20])[H:21])([H:11])[C:2](=[O:1])[O:3][H:10])([H:12])[H:13])([H:14])[H:15])[H:17],23.0,7.0
7,-0.07635238095238095,AM1BCC,AmberTools,,,C,,8,[H:16][C:7]1([C:6]([C:5]([C:4]([C:9]([C:8]1([H:18])[H:19])([H:20])[H:21])([H:11])[C:2](=[O:1])[O:3][H:10])([H:12])[H:13])([H:14])[H:15])[H:17],23.0,7.0
8,-0.07435238095238095,AM1BCC,AmberTools,,,C,,9,[H:16][C:7]1([C:6]([C:5]([C:4]([C:9]([C:8]1([H:18])[H:19])([H:20])[H:21])([H:11])[C:2](=[O:1])[O:3][H:10])([H:12])[H:13])([H:14])[H:15])[H:17],23.0,7.0
9,0.442047619047619,AM1BCC,AmberTools,,,H,,10,[H:16][C:7]1([C:6]([C:5]([C:4]([C:9]([C:8]1([H:18])[H:19])([H:20])[H:21])([H:11])[C:2](=[O:1])[O:3][H:10])([H:12])[H:13])([H:14])[H:15])[H:17],23.0,7.0
10,0.08274761904761904,AM1BCC,AmberTools,,,H,,11,[H:16][C:7]1([C:6]([C:5]([C:4]([C:9]([C:8]1([H:18])[H:19])([H:20])[H:21])([H:11])[C:2](=[O:1])[O:3][H:10])([H:12])[H:13])([H:14])[H:15])[H:17],23.0,7.0
11,0.055247619047619045,AM1BCC,AmberTools,,,H,,12,[H:16][C:7]1([C:6]([C:5]([C:4]([C:9]([C:8]1([H:18])[H:19])([H:20])[H:21])([H:11])[C:2](=[O:1])[O:3][H:10])([H:12])[H:13])([H:14])[H:15])[H:17],23.0,7.0
12,0.055247619047619045,AM1BCC,AmberTools,,,H,,13,[H:16][C:7]1([C:6]([C:5]([C:4]([C:9]([C:8]1([H:18])[H:19])([H:20])[H:21])([H:11])[C:2](=[O:1])[O:3][H:10])([H:12])[H:13])([H:14])[H:15])[H:17],23.0,7.0
13,0.04424761904761905,AM1BCC,AmberTools,,,H,,14,[H:16][C:7]1([C:6]([C:5]([C:4]([C:9]([C:8]1([H:18])[H:19])([H:20])[H:21])([H:11])[C:2](=[O:1])[O:3][H:10])([H:12])[H:13])([H:14])[H:15])[H:17],23.0,7.0
14,0.04424761904761905,AM1BCC,AmberTools,,,H,,15,[H:16][C:7]1([C:6]([C:5]([C:4]([C:9]([C:8]1([H:18])[H:19])([H:20])[H:21])([H:11])[C:2](=[O:1])[O:3][H:10])([H:12])[H:13])([H:14])[H:15])[H:17],23.0,7.0
15,0.04424761904761905,AM1BCC,AmberTools,,,H,,16,[H:16][C:7]1([C:6]([C:5]([C:4]([C:9]([C:8]1([H:18])[H:19])([H:20])[H:21])([H:11])[C:2](=[O:1])[O:3][H:10])([H:12])[H:13])([H:14])[H:15])[H:17],23.0,7.0
16,0.04424761904761905,AM1BCC,AmberTools,,,H,,17,[H:16][C:7]1([C:6]([C:5]([C:4]([C:9]([C:8]1([H:18])[H:19])([H:20])[H:21])([H:11])[C:2](=[O:1])[O:3][H:10])([H:12])[H:13])([H:14])[H:15])[H:17],23.0,7.0
17,0.04424761904761905,AM1BCC,AmberTools,,,H,,18,[H:16][C:7]1([C:6]([C:5]([C:4]([C:9]([C:8]1([H:18])[H:19])([H:20])[H:21])([H:11])[C:2](=[O:1])[O:3][H:10])([H:12])[H:13])([H:14])[H:15])[H:17],23.0,7.0
18,0.04424761904761905,AM1BCC,AmberTools,,,H,,19,[H:16][C:7]1([C:6]([C:5]([C:4]([C:9]([C:8]1([H:18])[H:19])([H:20])[H:21])([H:11])[C:2](=[O:1])[O:3][H:10])([H:12])[H:13])([H:14])[H:15])[H:17],23.0,7.0
19,0.055247619047619045,AM1BCC,AmberTools,,,H,,20,[H:16][C:7]1([C:6]([C:5]([C:4]([C:9]([C:8]1([H:18])[H:19])([H:20])[H:21])([H:11])[C:2](=[O:1])[O:3][H:10])([H:12])[H:13])([H:14])[H:15])[H:17],23.0,7.0
20,0.055247619047619045,AM1BCC,AmberTools,,,H,,21,[H:16][C:7]1([C:6]([C:5]([C:4]([C:9]([C:8]1([H:18])[H:19])([H:20])[H:21])([H:11])[C:2](=[O:1])[O:3][H:10])([H:12])[H:13])([H:14])[H:15])[H:17],23.0,7.0
0,-0.5511400085829553,AM1BCC,OpenEye,,,O,,1,[H:16][C:7]1([C:6]([C:5]([C:4]([C:9]([C:8]1([H:18])[H:19])([H:20])[H:21])([H:11])[C:2](=[O:1])[O:3][H:10])([H:12])[H:13])([H:14])[H:15])[H:17],23.0,8.0
1,0.633910002098197,AM1BCC,OpenEye,,,C,,2,[H:16][C:7]1([C:6]([C:5]([C:4]([C:9]([C:8]1([H:18])[H:19])([H:20])[H:21])([H:11])[C:2](=[O:1])[O:3][H:10])([H:12])[H:13])([H:14])[H:15])[H:17],23.0,8.0
2,-0.6015200001143274,AM1BCC,OpenEye,,,O,,3,[H:16][C:7]1([C:6]([C:5]([C:4]([C:9]([C:8]1([H:18])[H:19])([H:20])[H:21])([H:11])[C:2](=[O:1])[O:3][H:10])([H:12])[H:13])([H:14])[H:15])[H:17],23.0,8.0
3,-0.10800999970663161,AM1BCC,OpenEye,,,C,,4,[H:16][C:7]1([C:6]([C:5]([C:4]([C:9]([C:8]1([H:18])[H:19])([H:20])[H:21])([H:11])[C:2](=[O:1])[O:3][H:10])([H:12])[H:13])([H:14])[H:15])[H:17],23.0,8.0
4,-0.0725899991535005,AM1BCC,OpenEye,,,C,,5,[H:16][C:7]1([C:6]([C:5]([C:4]([C:9]([C:8]1([H:18])[H:19])([H:20])[H:21])([H:11])[C:2](=[O:1])[O:3][H:10])([H:12])[H:13])([H:14])[H:15])[H:17],23.0,8.0
5,-0.07692000092495055,AM1BCC,OpenEye,,,C,,6,[H:16][C:7]1([C:6]([C:5]([C:4]([C:9]([C:8]1([H:18])[H:19])([H:20])[H:21])([H:11])[C:2](=[O:1])[O:3][H:10])([H:12])[H:13])([H:14])[H:15])[H:17],23.0,8.0
6,-0.08059000046480269,AM1BCC,OpenEye,,,C,,7,[H:16][C:7]1([C:6]([C:5]([C:4]([C:9]([C:8]1([H:18])[H:19])([H:20])[H:21])([H:11])[C:2](=[O:1])[O:3][H:10])([H:12])[H:13])([H:14])[H:15])[H:17],23.0,8.0
7,-0.07692000092495055,AM1BCC,OpenEye,,,C,,8,[H:16][C:7]1([C:6]([C:5]([C:4]([C:9]([C:8]1([H:18])[H:19])([H:20])[H:21])([H:11])[C:2](=[O:1])[O:3][H:10])([H:12])[H:13])([H:14])[H:15])[H:17],23.0,8.0
8,-0.0725899991535005,AM1BCC,OpenEye,,,C,,9,[H:16][C:7]1([C:6]([C:5]([C:4]([C:9]([C:8]1([H:18])[H:19])([H:20])[H:21])([H:11])[C:2](=[O:1])[O:3][H:10])([H:12])[H:13])([H:14])[H:15])[H:17],23.0,8.0
9,0.44229999362003236,AM1BCC,OpenEye,,,H,,10,[H:16][C:7]1([C:6]([C:5]([C:4]([C:9]([C:8]1([H:18])[H:19])([H:20])[H:21])([H:11])[C:2](=[O:1])[O:3][H:10])([H:12])[H:13])([H:14])[H:15])[H:17],23.0,8.0
10,0.08087000428211122,AM1BCC,OpenEye,,,H,,11,[H:16][C:7]1([C:6]([C:5]([C:4]([C:9]([C:8]1([H:18])[H:19])([H:20])[H:21])([H:11])[C:2](=[O:1])[O:3][H:10])([H:12])[H:13])([H:14])[H:15])[H:17],23.0,8.0
11,0.055800000116938635,AM1BCC,OpenEye,,,H,,12,[H:16][C:7]1([C:6]([C:5]([C:4]([C:9]([C:8]1([H:18])[H:19])([H:20])[H:21])([H:11])[C:2](=[O:1])[O:3][H:10])([H:12])[H:13])([H:14])[H:15])[H:17],23.0,8.0
12,0.055800000116938635,AM1BCC,OpenEye,,,H,,13,[H:16][C:7]1([C:6]([C:5]([C:4]([C:9]([C:8]1([H:18])[H:19])([H:20])[H:21])([H:11])[C:2](=[O:1])[O:3][H:10])([H:12])[H:13])([H:14])[H:15])[H:17],23.0,8.0
13,0.043470000759476705,AM1BCC,OpenEye,,,H,,14,[H:16][C:7]1([C:6]([C:5]([C:4]([C:9]([C:8]1([H:18])[H:19])([H:20])[H:21])([H:11])[C:2](=[O:1])[O:3][H:10])([H:12])[H:13])([H:14])[H:15])[H:17],23.0,8.0
14,0.043470000759476705,AM1BCC,OpenEye,,,H,,15,[H:16][C:7]1([C:6]([C:5]([C:4]([C:9]([C:8]1([H:18])[H:19])([H:20])[H:21])([H:11])[C:2](=[O:1])[O:3][H:10])([H:12])[H:13])([H:14])[H:15])[H:17],23.0,8.0
15,0.043060002759808584,AM1BCC,OpenEye,,,H,,16,[H:16][C:7]1([C:6]([C:5]([C:4]([C:9]([C:8]1([H:18])[H:19])([H:20])[H:21])([H:11])[C:2](=[O:1])[O:3][H:10])([H:12])[H:13])([H:14])[H:15])[H:17],23.0,8.0
16,0.043060002759808584,AM1BCC,OpenEye,,,H,,17,[H:16][C:7]1([C:6]([C:5]([C:4]([C:9]([C:8]1([H:18])[H:19])([H:20])[H:21])([H:11])[C:2](=[O:1])[O:3][H:10])([H:12])[H:13])([H:14])[H:15])[H:17],23.0,8.0
17,0.043470000759476705,AM1BCC,OpenEye,,,H,,18,[H:16][C:7]1([C:6]([C:5]([C:4]([C:9]([C:8]1([H:18])[H:19])([H:20])[H:21])([H:11])[C:2](=[O:1])[O:3][H:10])([H:12])[H:13])([H:14])[H:15])[H:17],23.0,8.0
18,0.043470000759476705,AM1BCC,OpenEye,,,H,,19,[H:16][C:7]1([C:6]([C:5]([C:4]([C:9]([C:8]1([H:18])[H:19])([H:20])[H:21])([H:11])[C:2](=[O:1])[O:3][H:10])([H:12])[H:13])([H:14])[H:15])[H:17],23.0,8.0
19,0.055800000116938635,AM1BCC,OpenEye,,,H,,20,[H:16][C:7]1([C:6]([C:5]([C:4]([C:9]([C:8]1([H:18])[H:19])([H:20])[H:21])([H:11])[C:2](=[O:1])[O:3][H:10])([H:12])[H:13])([H:14])[H:15])[H:17],23.0,8.0
20,0.055800000116938635,AM1BCC,OpenEye,,,H,,21,[H:16][C:7]1([C:6]([C:5]([C:4]([C:9]([C:8]1([H:18])[H:19])([H:20])[H:21])([H:11])[C:2](=[O:1])[O:3][H:10])([H:12])[H:13])([H:14])[H:15])[H:17],23.0,8.0
0,-0.550952380952381,AM1BCC,AmberTools,,,O,,1,[H:16][C:7]1([C:6]([C:5]([C:4]([C:9]([C:8]1([H:18])[H:19])([H:20])[H:21])([H:11])[C:2](=[O:1])[O:3][H:10])([H:12])[H:13])([H:14])[H:15])[H:17],23.0,8.0
1,0.6361476190476191,AM1BCC,AmberTools,,,C,,2,[H:16][C:7]1([C:6]([C:5]([C:4]([C:9]([C:8]1([H:18])[H:19])([H:20])[H:21])([H:11])[C:2](=[O:1])[O:3][H:10])([H:12])[H:13])([H:14])[H:15])[H:17],23.0,8.0
2,-0.6100523809523809,AM1BCC,AmberTools,,,O,,3,[H:16][C:7]1([C:6]([C:5]([C:4]([C:9]([C:8]1([H:18])[H:19])([H:20])[H:21])([H:11])[C:2](=[O:1])[O:3][H:10])([H:12])[H:13])([H:14])[H:15])[H:17],23.0,8.0
3,-0.10465238095238096,AM1BCC,AmberTools,,,C,,4,[H:16][C:7]1([C:6]([C:5]([C:4]([C:9]([C:8]1([H:18])[H:19])([H:20])[H:21])([H:11])[C:2](=[O:1])[O:3][H:10])([H:12])[H:13])([H:14])[H:15])[H:17],23.0,8.0
4,-0.07435238095238095,AM1BCC,AmberTools,,,C,,5,[H:16][C:7]1([C:6]([C:5]([C:4]([C:9]([C:8]1([H:18])[H:19])([H:20])[H:21])([H:11])[C:2](=[O:1])[O:3][H:10])([H:12])[H:13])([H:14])[H:15])[H:17],23.0,8.0
5,-0.07635238095238095,AM1BCC,AmberTools,,,C,,6,[H:16][C:7]1([C:6]([C:5]([C:4]([C:9]([C:8]1([H:18])[H:19])([H:20])[H:21])([H:11])[C:2](=[O:1])[O:3][H:10])([H:12])[H:13])([H:14])[H:15])[H:17],23.0,8.0
6,-0.08035238095238095,AM1BCC,AmberTools,,,C,,7,[H:16][C:7]1([C:6]([C:5]([C:4]([C:9]([C:8]1([H:18])[H:19])([H:20])[H:21])([H:11])[C:2](=[O:1])[O:3][H:10])([H:12])[H:13])([H:14])[H:15])[H:17],23.0,8.0
7,-0.07635238095238095,AM1BCC,AmberTools,,,C,,8,[H:16][C:7]1([C:6]([C:5]([C:4]([C:9]([C:8]1([H:18])[H:19])([H:20])[H:21])([H:11])[C:2](=[O:1])[O:3][H:10])([H:12])[H:13])([H:14])[H:15])[H:17],23.0,8.0
8,-0.07435238095238095,AM1BCC,AmberTools,,,C,,9,[H:16][C:7]1([C:6]([C:5]([C:4]([C:9]([C:8]1([H:18])[H:19])([H:20])[H:21])([H:11])[C:2](=[O:1])[O:3][H:10])([H:12])[H:13])([H:14])[H:15])[H:17],23.0,8.0
9,0.442047619047619,AM1BCC,AmberTools,,,H,,10,[H:16][C:7]1([C:6]([C:5]([C:4]([C:9]([C:8]1([H:18])[H:19])([H:20])[H:21])([H:11])[C:2](=[O:1])[O:3][H:10])([H:12])[H:13])([H:14])[H:15])[H:17],23.0,8.0
10,0.08274761904761904,AM1BCC,AmberTools,,,H,,11,[H:16][C:7]1([C:6]([C:5]([C:4]([C:9]([C:8]1([H:18])[H:19])([H:20])[H:21])([H:11])[C:2](=[O:1])[O:3][H:10])([H:12])[H:13])([H:14])[H:15])[H:17],23.0,8.0
11,0.055247619047619045,AM1BCC,AmberTools,,,H,,12,[H:16][C:7]1([C:6]([C:5]([C:4]([C:9]([C:8]1([H:18])[H:19])([H:20])[H:21])([H:11])[C:2](=[O:1])[O:3][H:10])([H:12])[H:13])([H:14])[H:15])[H:17],23.0,8.0
12,0.055247619047619045,AM1BCC,AmberTools,,,H,,13,[H:16][C:7]1([C:6]([C:5]([C:4]([C:9]([C:8]1([H:18])[H:19])([H:20])[H:21])([H:11])[C:2](=[O:1])[O:3][H:10])([H:12])[H:13])([H:14])[H:15])[H:17],23.0,8.0
13,0.04424761904761905,AM1BCC,AmberTools,,,H,,14,[H:16][C:7]1([C:6]([C:5]([C:4]([C:9]([C:8]1([H:18])[H:19])([H:20])[H:21])([H:11])[C:2](=[O:1])[O:3][H:10])([H:12])[H:13])([H:14])[H:15])[H:17],23.0,8.0
14,0.04424761904761905,AM1BCC,AmberTools,,,H,,15,[H:16][C:7]1([C:6]([C:5]([C:4]([C:9]([C:8]1([H:18])[H:19])([H:20])[H:21])([H:11])[C:2](=[O:1])[O:3][H:10])([H:12])[H:13])([H:14])[H:15])[H:17],23.0,8.0
15,0.04424761904761905,AM1BCC,AmberTools,,,H,,16,[H:16][C:7]1([C:6]([C:5]([C:4]([C:9]([C:8]1([H:18])[H:19])([H:20])[H:21])([H:11])[C:2](=[O:1])[O:3][H:10])([H:12])[H:13])([H:14])[H:15])[H:17],23.0,8.0
16,0.04424761904761905,AM1BCC,AmberTools,,,H,,17,[H:16][C:7]1([C:6]([C:5]([C:4]([C:9]([C:8]1([H:18])[H:19])([H:20])[H:21])([H:11])[C:2](=[O:1])[O:3][H:10])([H:12])[H:13])([H:14])[H:15])[H:17],23.0,8.0
17,0.04424761904761905,AM1BCC,AmberTools,,,H,,18,[H:16][C:7]1([C:6]([C:5]([C:4]([C:9]([C:8]1([H:18])[H:19])([H:20])[H:21])([H:11])[C:2](=[O:1])[O:3][H:10])([H:12])[H:13])([H:14])[H:15])[H:17],23.0,8.0
18,0.04424761904761905,AM1BCC,AmberTools,,,H,,19,[H:16][C:7]1([C:6]([C:5]([C:4]([C:9]([C:8]1([H:18])[H:19])([H:20])[H:21])([H:11])[C:2](=[O:1])[O:3][H:10])([H:12])[H:13])([H:14])[H:15])[H:17],23.0,8.0
19,0.055247619047619045,AM1BCC,AmberTools,,,H,,20,[H:16][C:7]1([C:6]([C:5]([C:4]([C:9]([C:8]1([H:18])[H:19])([H:20])[H:21])([H:11])[C:2](=[O:1])[O:3][H:10])([H:12])[H:13])([H:14])[H:15])[H:17],23.0,8.0
20,0.055247619047619045,AM1BCC,AmberTools,,,H,,21,[H:16][C:7]1([C:6]([C:5]([C:4]([C:9]([C:8]1([H:18])[H:19])([H:20])[H:21])([H:11])[C:2](=[O:1])[O:3][H:10])([H:12])[H:13])([H:14])[H:15])[H:17],23.0,8.0
0,-0.5511400085829553,AM1BCC,OpenEye,,,O,,1,[H:16][C:7]1([C:6]([C:5]([C:4]([C:9]([C:8]1([H:18])[H:19])([H:20])[H:21])([H:11])[C:2](=[O:1])[O:3][H:10])([H:12])[H:13])([H:14])[H:15])[H:17],23.0,9.0
1,0.633910002098197,AM1BCC,OpenEye,,,C,,2,[H:16][C:7]1([C:6]([C:5]([C:4]([C:9]([C:8]1([H:18])[H:19])([H:20])[H:21])([H:11])[C:2](=[O:1])[O:3][H:10])([H:12])[H:13])([H:14])[H:15])[H:17],23.0,9.0
2,-0.6015200001143274,AM1BCC,OpenEye,,,O,,3,[H:16][C:7]1([C:6]([C:5]([C:4]([C:9]([C:8]1([H:18])[H:19])([H:20])[H:21])([H:11])[C:2](=[O:1])[O:3][H:10])([H:12])[H:13])([H:14])[H:15])[H:17],23.0,9.0
3,-0.10800999970663161,AM1BCC,OpenEye,,,C,,4,[H:16][C:7]1([C:6]([C:5]([C:4]([C:9]([C:8]1([H:18])[H:19])([H:20])[H:21])([H:11])[C:2](=[O:1])[O:3][H:10])([H:12])[H:13])([H:14])[H:15])[H:17],23.0,9.0
4,-0.0725899991535005,AM1BCC,OpenEye,,,C,,5,[H:16][C:7]1([C:6]([C:5]([C:4]([C:9]([C:8]1([H:18])[H:19])([H:20])[H:21])([H:11])[C:2](=[O:1])[O:3][H:10])([H:12])[H:13])([H:14])[H:15])[H:17],23.0,9.0
5,-0.07692000092495055,AM1BCC,OpenEye,,,C,,6,[H:16][C:7]1([C:6]([C:5]([C:4]([C:9]([C:8]1([H:18])[H:19])([H:20])[H:21])([H:11])[C:2](=[O:1])[O:3][H:10])([H:12])[H:13])([H:14])[H:15])[H:17],23.0,9.0
6,-0.08059000046480269,AM1BCC,OpenEye,,,C,,7,[H:16][C:7]1([C:6]([C:5]([C:4]([C:9]([C:8]1([H:18])[H:19])([H:20])[H:21])([H:11])[C:2](=[O:1])[O:3][H:10])([H:12])[H:13])([H:14])[H:15])[H:17],23.0,9.0
7,-0.07692000092495055,AM1BCC,OpenEye,,,C,,8,[H:16][C:7]1([C:6]([C:5]([C:4]([C:9]([C:8]1([H:18])[H:19])([H:20])[H:21])([H:11])[C:2](=[O:1])[O:3][H:10])([H:12])[H:13])([H:14])[H:15])[H:17],23.0,9.0
8,-0.0725899991535005,AM1BCC,OpenEye,,,C,,9,[H:16][C:7]1([C:6]([C:5]([C:4]([C:9]([C:8]1([H:18])[H:19])([H:20])[H:21])([H:11])[C:2](=[O:1])[O:3][H:10])([H:12])[H:13])([H:14])[H:15])[H:17],23.0,9.0
9,0.44229999362003236,AM1BCC,OpenEye,,,H,,10,[H:16][C:7]1([C:6]([C:5]([C:4]([C:9]([C:8]1([H:18])[H:19])([H:20])[H:21])([H:11])[C:2](=[O:1])[O:3][H:10])([H:12])[H:13])([H:14])[H:15])[H:17],23.0,9.0
10,0.08087000428211122,AM1BCC,OpenEye,,,H,,11,[H:16][C:7]1([C:6]([C:5]([C:4]([C:9]([C:8]1([H:18])[H:19])([H:20])[H:21])([H:11])[C:2](=[O:1])[O:3][H:10])([H:12])[H:13])([H:14])[H:15])[H:17],23.0,9.0
11,0.055800000116938635,AM1BCC,OpenEye,,,H,,12,[H:16][C:7]1([C:6]([C:5]([C:4]([C:9]([C:8]1([H:18])[H:19])([H:20])[H:21])([H:11])[C:2](=[O:1])[O:3][H:10])([H:12])[H:13])([H:14])[H:15])[H:17],23.0,9.0
12,0.055800000116938635,AM1BCC,OpenEye,,,H,,13,[H:16][C:7]1([C:6]([C:5]([C:4]([C:9]([C:8]1([H:18])[H:19])([H:20])[H:21])([H:11])[C:2](=[O:1])[O:3][H:10])([H:12])[H:13])([H:14])[H:15])[H:17],23.0,9.0
13,0.043470000759476705,AM1BCC,OpenEye,,,H,,14,[H:16][C:7]1([C:6]([C:5]([C:4]([C:9]([C:8]1([H:18])[H:19])([H:20])[H:21])([H:11])[C:2](=[O:1])[O:3][H:10])([H:12])[H:13])([H:14])[H:15])[H:17],23.0,9.0
14,0.043470000759476705,AM1BCC,OpenEye,,,H,,15,[H:16][C:7]1([C:6]([C:5]([C:4]([C:9]([C:8]1([H:18])[H:19])([H:20])[H:21])([H:11])[C:2](=[O:1])[O:3][H:10])([H:12])[H:13])([H:14])[H:15])[H:17],23.0,9.0
15,0.043060002759808584,AM1BCC,OpenEye,,,H,,16,[H:16][C:7]1([C:6]([C:5]([C:4]([C:9]([C:8]1([H:18])[H:19])([H:20])[H:21])([H:11])[C:2](=[O:1])[O:3][H:10])([H:12])[H:13])([H:14])[H:15])[H:17],23.0,9.0
16,0.043060002759808584,AM1BCC,OpenEye,,,H,,17,[H:16][C:7]1([C:6]([C:5]([C:4]([C:9]([C:8]1([H:18])[H:19])([H:20])[H:21])([H:11])[C:2](=[O:1])[O:3][H:10])([H:12])[H:13])([H:14])[H:15])[H:17],23.0,9.0
17,0.043470000759476705,AM1BCC,OpenEye,,,H,,18,[H:16][C:7]1([C:6]([C:5]([C:4]([C:9]([C:8]1([H:18])[H:19])([H:20])[H:21])([H:11])[C:2](=[O:1])[O:3][H:10])([H:12])[H:13])([H:14])[H:15])[H:17],23.0,9.0
18,0.043470000759476705,AM1BCC,OpenEye,,,H,,19,[H:16][C:7]1([C:6]([C:5]([C:4]([C:9]([C:8]1([H:18])[H:19])([H:20])[H:21])([H:11])[C:2](=[O:1])[O:3][H:10])([H:12])[H:13])([H:14])[H:15])[H:17],23.0,9.0
19,0.055800000116938635,AM1BCC,OpenEye,,,H,,20,[H:16][C:7]1([C:6]([C:5]([C:4]([C:9]([C:8]1([H:18])[H:19])([H:20])[H:21])([H:11])[C:2](=[O:1])[O:3][H:10])([H:12])[H:13])([H:14])[H:15])[H:17],23.0,9.0
20,0.055800000116938635,AM1BCC,OpenEye,,,H,,21,[H:16][C:7]1([C:6]([C:5]([C:4]([C:9]([C:8]1([H:18])[H:19])([H:20])[H:21])([H:11])[C:2](=[O:1])[O:3][H:10])([H:12])[H:13])([H:14])[H:15])[H:17],23.0,9.0
0,-0.550952380952381,AM1BCC,AmberTools,,,O,,1,[H:16][C:7]1([C:6]([C:5]([C:4]([C:9]([C:8]1([H:18])[H:19])([H:20])[H:21])([H:11])[C:2](=[O:1])[O:3][H:10])([H:12])[H:13])([H:14])[H:15])[H:17],23.0,9.0
1,0.6361476190476191,AM1BCC,AmberTools,,,C,,2,[H:16][C:7]1([C:6]([C:5]([C:4]([C:9]([C:8]1([H:18])[H:19])([H:20])[H:21])([H:11])[C:2](=[O:1])[O:3][H:10])([H:12])[H:13])([H:14])[H:15])[H:17],23.0,9.0
2,-0.6100523809523809,AM1BCC,AmberTools,,,O,,3,[H:16][C:7]1([C:6]([C:5]([C:4]([C:9]([C:8]1([H:18])[H:19])([H:20])[H:21])([H:11])[C:2](=[O:1])[O:3][H:10])([H:12])[H:13])([H:14])[H:15])[H:17],23.0,9.0
3,-0.10465238095238096,AM1BCC,AmberTools,,,C,,4,[H:16][C:7]1([C:6]([C:5]([C:4]([C:9]([C:8]1([H:18])[H:19])([H:20])[H:21])([H:11])[C:2](=[O:1])[O:3][H:10])([H:12])[H:13])([H:14])[H:15])[H:17],23.0,9.0
4,-0.07435238095238095,AM1BCC,AmberTools,,,C,,5,[H:16][C:7]1([C:6]([C:5]([C:4]([C:9]([C:8]1([H:18])[H:19])([H:20])[H:21])([H:11])[C:2](=[O:1])[O:3][H:10])([H:12])[H:13])([H:14])[H:15])[H:17],23.0,9.0
5,-0.07635238095238095,AM1BCC,AmberTools,,,C,,6,[H:16][C:7]1([C:6]([C:5]([C:4]([C:9]([C:8]1([H:18])[H:19])([H:20])[H:21])([H:11])[C:2](=[O:1])[O:3][H:10])([H:12])[H:13])([H:14])[H:15])[H:17],23.0,9.0
6,-0.08035238095238095,AM1BCC,AmberTools,,,C,,7,[H:16][C:7]1([C:6]([C:5]([C:4]([C:9]([C:8]1([H:18])[H:19])([H:20])[H:21])([H:11])[C:2](=[O:1])[O:3][H:10])([H:12])[H:13])([H:14])[H:15])[H:17],23.0,9.0
7,-0.07635238095238095,AM1BCC,AmberTools,,,C,,8,[H:16][C:7]1([C:6]([C:5]([C:4]([C:9]([C:8]1([H:18])[H:19])([H:20])[H:21])([H:11])[C:2](=[O:1])[O:3][H:10])([H:12])[H:13])([H:14])[H:15])[H:17],23.0,9.0
8,-0.07435238095238095,AM1BCC,AmberTools,,,C,,9,[H:16][C:7]1([C:6]([C:5]([C:4]([C:9]([C:8]1([H:18])[H:19])([H:20])[H:21])([H:11])[C:2](=[O:1])[O:3][H:10])([H:12])[H:13])([H:14])[H:15])[H:17],23.0,9.0
9,0.442047619047619,AM1BCC,AmberTools,,,H,,10,[H:16][C:7]1([C:6]([C:5]([C:4]([C:9]([C:8]1([H:18])[H:19])([H:20])[H:21])([H:11])[C:2](=[O:1])[O:3][H:10])([H:12])[H:13])([H:14])[H:15])[H:17],23.0,9.0
10,0.08274761904761904,AM1BCC,AmberTools,,,H,,11,[H:16][C:7]1([C:6]([C:5]([C:4]([C:9]([C:8]1([H:18])[H:19])([H:20])[H:21])([H:11])[C:2](=[O:1])[O:3][H:10])([H:12])[H:13])([H:14])[H:15])[H:17],23.0,9.0
11,0.055247619047619045,AM1BCC,AmberTools,,,H,,12,[H:16][C:7]1([C:6]([C:5]([C:4]([C:9]([C:8]1([H:18])[H:19])([H:20])[H:21])([H:11])[C:2](=[O:1])[O:3][H:10])([H:12])[H:13])([H:14])[H:15])[H:17],23.0,9.0
12,0.055247619047619045,AM1BCC,AmberTools,,,H,,13,[H:16][C:7]1([C:6]([C:5]([C:4]([C:9]([C:8]1([H:18])[H:19])([H:20])[H:21])([H:11])[C:2](=[O:1])[O:3][H:10])([H:12])[H:13])([H:14])[H:15])[H:17],23.0,9.0
13,0.04424761904761905,AM1BCC,AmberTools,,,H,,14,[H:16][C:7]1([C:6]([C:5]([C:4]([C:9]([C:8]1([H:18])[H:19])([H:20])[H:21])([H:11])[C:2](=[O:1])[O:3][H:10])([H:12])[H:13])([H:14])[H:15])[H:17],23.0,9.0
14,0.04424761904761905,AM1BCC,AmberTools,,,H,,15,[H:16][C:7]1([C:6]([C:5]([C:4]([C:9]([C:8]1([H:18])[H:19])([H:20])[H:21])([H:11])[C:2](=[O:1])[O:3][H:10])([H:12])[H:13])([H:14])[H:15])[H:17],23.0,9.0
15,0.04424761904761905,AM1BCC,AmberTools,,,H,,16,[H:16][C:7]1([C:6]([C:5]([C:4]([C:9]([C:8]1([H:18])[H:19])([H:20])[H:21])([H:11])[C:2](=[O:1])[O:3][H:10])([H:12])[H:13])([H:14])[H:15])[H:17],23.0,9.0
16,0.04424761904761905,AM1BCC,AmberTools,,,H,,17,[H:16][C:7]1([C:6]([C:5]([C:4]([C:9]([C:8]1([H:18])[H:19])([H:20])[H:21])([H:11])[C:2](=[O:1])[O:3][H:10])([H:12])[H:13])([H:14])[H:15])[H:17],23.0,9.0
17,0.04424761904761905,AM1BCC,AmberTools,,,H,,18,[H:16][C:7]1([C:6]([C:5]([C:4]([C:9]([C:8]1([H:18])[H:19])([H:20])[H:21])([H:11])[C:2](=[O:1])[O:3][H:10])([H:12])[H:13])([H:14])[H:15])[H:17],23.0,9.0
18,0.04424761904761905,AM1BCC,AmberTools,,,H,,19,[H:16][C:7]1([C:6]([C:5]([C:4]([C:9]([C:8]1([H:18])[H:19])([H:20])[H:21])([H:11])[C:2](=[O:1])[O:3][H:10])([H:12])[H:13])([H:14])[H:15])[H:17],23.0,9.0
19,0.055247619047619045,AM1BCC,AmberTools,,,H,,20,[H:16][C:7]1([C:6]([C:5]([C:4]([C:9]([C:8]1([H:18])[H:19])([H:20])[H:21])([H:11])[C:2](=[O:1])[O:3][H:10])([H:12])[H:13])([H:14])[H:15])[H:17],23.0,9.0
20,0.055247619047619045,AM1BCC,AmberTools,,,H,,21,[H:16][C:7]1([C:6]([C:5]([C:4]([C:9]([C:8]1([H:18])[H:19])([H:20])[H:21])([H:11])[C:2](=[O:1])[O:3][H:10])([H:12])[H:13])([H:14])[H:15])[H:17],23.0,9.0
0,-0.5511400085829553,AM1BCC,OpenEye,,,O,,1,[H:16][C:7]1([C:6]([C:5]([C:4]([C:9]([C:8]1([H:18])[H:19])([H:20])[H:21])([H:11])[C:2](=[O:1])[O:3][H:10])([H:12])[H:13])([H:14])[H:15])[H:17],23.0,10.0
1,0.633910002098197,AM1BCC,OpenEye,,,C,,2,[H:16][C:7]1([C:6]([C:5]([C:4]([C:9]([C:8]1([H:18])[H:19])([H:20])[H:21])([H:11])[C:2](=[O:1])[O:3][H:10])([H:12])[H:13])([H:14])[H:15])[H:17],23.0,10.0
2,-0.6015200001143274,AM1BCC,OpenEye,,,O,,3,[H:16][C:7]1([C:6]([C:5]([C:4]([C:9]([C:8]1([H:18])[H:19])([H:20])[H:21])([H:11])[C:2](=[O:1])[O:3][H:10])([H:12])[H:13])([H:14])[H:15])[H:17],23.0,10.0
3,-0.10800999970663161,AM1BCC,OpenEye,,,C,,4,[H:16][C:7]1([C:6]([C:5]([C:4]([C:9]([C:8]1([H:18])[H:19])([H:20])[H:21])([H:11])[C:2](=[O:1])[O:3][H:10])([H:12])[H:13])([H:14])[H:15])[H:17],23.0,10.0
4,-0.0725899991535005,AM1BCC,OpenEye,,,C,,5,[H:16][C:7]1([C:6]([C:5]([C:4]([C:9]([C:8]1([H:18])[H:19])([H:20])[H:21])([H:11])[C:2](=[O:1])[O:3][H:10])([H:12])[H:13])([H:14])[H:15])[H:17],23.0,10.0
5,-0.07692000092495055,AM1BCC,OpenEye,,,C,,6,[H:16][C:7]1([C:6]([C:5]([C:4]([C:9]([C:8]1([H:18])[H:19])([H:20])[H:21])([H:11])[C:2](=[O:1])[O:3][H:10])([H:12])[H:13])([H:14])[H:15])[H:17],23.0,10.0
6,-0.08059000046480269,AM1BCC,OpenEye,,,C,,7,[H:16][C:7]1([C:6]([C:5]([C:4]([C:9]([C:8]1([H:18])[H:19])([H:20])[H:21])([H:11])[C:2](=[O:1])[O:3][H:10])([H:12])[H:13])([H:14])[H:15])[H:17],23.0,10.0
7,-0.07692000092495055,AM1BCC,OpenEye,,,C,,8,[H:16][C:7]1([C:6]([C:5]([C:4]([C:9]([C:8]1([H:18])[H:19])([H:20])[H:21])([H:11])[C:2](=[O:1])[O:3][H:10])([H:12])[H:13])([H:14])[H:15])[H:17],23.0,10.0
8,-0.0725899991535005,AM1BCC,OpenEye,,,C,,9,[H:16][C:7]1([C:6]([C:5]([C:4]([C:9]([C:8]1([H:18])[H:19])([H:20])[H:21])([H:11])[C:2](=[O:1])[O:3][H:10])([H:12])[H:13])([H:14])[H:15])[H:17],23.0,10.0
9,0.44229999362003236,AM1BCC,OpenEye,,,H,,10,[H:16][C:7]1([C:6]([C:5]([C:4]([C:9]([C:8]1([H:18])[H:19])([H:20])[H:21])([H:11])[C:2](=[O:1])[O:3][H:10])([H:12])[H:13])([H:14])[H:15])[H:17],23.0,10.0
10,0.08087000428211122,AM1BCC,OpenEye,,,H,,11,[H:16][C:7]1([C:6]([C:5]([C:4]([C:9]([C:8]1([H:18])[H:19])([H:20])[H:21])([H:11])[C:2](=[O:1])[O:3][H:10])([H:12])[H:13])([H:14])[H:15])[H:17],23.0,10.0
11,0.055800000116938635,AM1BCC,OpenEye,,,H,,12,[H:16][C:7]1([C:6]([C:5]([C:4]([C:9]([C:8]1([H:18])[H:19])([H:20])[H:21])([H:11])[C:2](=[O:1])[O:3][H:10])([H:12])[H:13])([H:14])[H:15])[H:17],23.0,10.0
12,0.055800000116938635,AM1BCC,OpenEye,,,H,,13,[H:16][C:7]1([C:6]([C:5]([C:4]([C:9]([C:8]1([H:18])[H:19])([H:20])[H:21])([H:11])[C:2](=[O:1])[O:3][H:10])([H:12])[H:13])([H:14])[H:15])[H:17],23.0,10.0
13,0.043470000759476705,AM1BCC,OpenEye,,,H,,14,[H:16][C:7]1([C:6]([C:5]([C:4]([C:9]([C:8]1([H:18])[H:19])([H:20])[H:21])([H:11])[C:2](=[O:1])[O:3][H:10])([H:12])[H:13])([H:14])[H:15])[H:17],23.0,10.0
14,0.043470000759476705,AM1BCC,OpenEye,,,H,,15,[H:16][C:7]1([C:6]([C:5]([C:4]([C:9]([C:8]1([H:18])[H:19])([H:20])[H:21])([H:11])[C:2](=[O:1])[O:3][H:10])([H:12])[H:13])([H:14])[H:15])[H:17],23.0,10.0
15,0.043060002759808584,AM1BCC,OpenEye,,,H,,16,[H:16][C:7]1([C:6]([C:5]([C:4]([C:9]([C:8]1([H:18])[H:19])([H:20])[H:21])([H:11])[C:2](=[O:1])[O:3][H:10])([H:12])[H:13])([H:14])[H:15])[H:17],23.0,10.0
16,0.043060002759808584,AM1BCC,OpenEye,,,H,,17,[H:16][C:7]1([C:6]([C:5]([C:4]([C:9]([C:8]1([H:18])[H:19])([H:20])[H:21])([H:11])[C:2](=[O:1])[O:3][H:10])([H:12])[H:13])([H:14])[H:15])[H:17],23.0,10.0
17,0.043470000759476705,AM1BCC,OpenEye,,,H,,18,[H:16][C:7]1([C:6]([C:5]([C:4]([C:9]([C:8]1([H:18])[H:19])([H:20])[H:21])([H:11])[C:2](=[O:1])[O:3][H:10])([H:12])[H:13])([H:14])[H:15])[H:17],23.0,10.0
18,0.043470000759476705,AM1BCC,OpenEye,,,H,,19,[H:16][C:7]1([C:6]([C:5]([C:4]([C:9]([C:8]1([H:18])[H:19])([H:20])[H:21])([H:11])[C:2](=[O:1])[O:3][H:10])([H:12])[H:13])([H:14])[H:15])[H:17],23.0,10.0
19,0.055800000116938635,AM1BCC,OpenEye,,,H,,20,[H:16][C:7]1([C:6]([C:5]([C:4]([C:9]([C:8]1([H:18])[H:19])([H:20])[H:21])([H:11])[C:2](=[O:1])[O:3][H:10])([H:12])[H:13])([H:14])[H:15])[H:17],23.0,10.0
20,0.055800000116938635,AM1BCC,OpenEye,,,H,,21,[H:16][C:7]1([C:6]([C:5]([C:4]([C:9]([C:8]1([H:18])[H:19])([H:20])[H:21])([H:11])[C:2](=[O:1])[O:3][H:10])([H:12])[H:13])([H:14])[H:15])[H:17],23.0,10.0
0,-0.550952380952381,AM1BCC,AmberTools,,,O,,1,[H:16][C:7]1([C:6]([C:5]([C:4]([C:9]([C:8]1([H:18])[H:19])([H:20])[H:21])([H:11])[C:2](=[O:1])[O:3][H:10])([H:12])[H:13])([H:14])[H:15])[H:17],23.0,10.0
1,0.6361476190476191,AM1BCC,AmberTools,,,C,,2,[H:16][C:7]1([C:6]([C:5]([C:4]([C:9]([C:8]1([H:18])[H:19])([H:20])[H:21])([H:11])[C:2](=[O:1])[O:3][H:10])([H:12])[H:13])([H:14])[H:15])[H:17],23.0,10.0
2,-0.6100523809523809,AM1BCC,AmberTools,,,O,,3,[H:16][C:7]1([C:6]([C:5]([C:4]([C:9]([C:8]1([H:18])[H:19])([H:20])[H:21])([H:11])[C:2](=[O:1])[O:3][H:10])([H:12])[H:13])([H:14])[H:15])[H:17],23.0,10.0
3,-0.10465238095238096,AM1BCC,AmberTools,,,C,,4,[H:16][C:7]1([C:6]([C:5]([C:4]([C:9]([C:8]1([H:18])[H:19])([H:20])[H:21])([H:11])[C:2](=[O:1])[O:3][H:10])([H:12])[H:13])([H:14])[H:15])[H:17],23.0,10.0
4,-0.07435238095238095,AM1BCC,AmberTools,,,C,,5,[H:16][C:7]1([C:6]([C:5]([C:4]([C:9]([C:8]1([H:18])[H:19])([H:20])[H:21])([H:11])[C:2](=[O:1])[O:3][H:10])([H:12])[H:13])([H:14])[H:15])[H:17],23.0,10.0
5,-0.07635238095238095,AM1BCC,AmberTools,,,C,,6,[H:16][C:7]1([C:6]([C:5]([C:4]([C:9]([C:8]1([H:18])[H:19])([H:20])[H:21])([H:11])[C:2](=[O:1])[O:3][H:10])([H:12])[H:13])([H:14])[H:15])[H:17],23.0,10.0
6,-0.08035238095238095,AM1BCC,AmberTools,,,C,,7,[H:16][C:7]1([C:6]([C:5]([C:4]([C:9]([C:8]1([H:18])[H:19])([H:20])[H:21])([H:11])[C:2](=[O:1])[O:3][H:10])([H:12])[H:13])([H:14])[H:15])[H:17],23.0,10.0
7,-0.07635238095238095,AM1BCC,AmberTools,,,C,,8,[H:16][C:7]1([C:6]([C:5]([C:4]([C:9]([C:8]1([H:18])[H:19])([H:20])[H:21])([H:11])[C:2](=[O:1])[O:3][H:10])([H:12])[H:13])([H:14])[H:15])[H:17],23.0,10.0
8,-0.07435238095238095,AM1BCC,AmberTools,,,C,,9,[H:16][C:7]1([C:6]([C:5]([C:4]([C:9]([C:8]1([H:18])[H:19])([H:20])[H:21])([H:11])[C:2](=[O:1])[O:3][H:10])([H:12])[H:13])([H:14])[H:15])[H:17],23.0,10.0
9,0.442047619047619,AM1BCC,AmberTools,,,H,,10,[H:16][C:7]1([C:6]([C:5]([C:4]([C:9]([C:8]1([H:18])[H:19])([H:20])[H:21])([H:11])[C:2](=[O:1])[O:3][H:10])([H:12])[H:13])([H:14])[H:15])[H:17],23.0,10.0
10,0.08274761904761904,AM1BCC,AmberTools,,,H,,11,[H:16][C:7]1([C:6]([C:5]([C:4]([C:9]([C:8]1([H:18])[H:19])([H:20])[H:21])([H:11])[C:2](=[O:1])[O:3][H:10])([H:12])[H:13])([H:14])[H:15])[H:17],23.0,10.0
11,0.055247619047619045,AM1BCC,AmberTools,,,H,,12,[H:16][C:7]1([C:6]([C:5]([C:4]([C:9]([C:8]1([H:18])[H:19])([H:20])[H:21])([H:11])[C:2](=[O:1])[O:3][H:10])([H:12])[H:13])([H:14])[H:15])[H:17],23.0,10.0
12,0.055247619047619045,AM1BCC,AmberTools,,,H,,13,[H:16][C:7]1([C:6]([C:5]([C:4]([C:9]([C:8]1([H:18])[H:19])([H:20])[H:21])([H:11])[C:2](=[O:1])[O:3][H:10])([H:12])[H:13])([H:14])[H:15])[H:17],23.0,10.0
13,0.04424761904761905,AM1BCC,AmberTools,,,H,,14,[H:16][C:7]1([C:6]([C:5]([C:4]([C:9]([C:8]1([H:18])[H:19])([H:20])[H:21])([H:11])[C:2](=[O:1])[O:3][H:10])([H:12])[H:13])([H:14])[H:15])[H:17],23.0,10.0
14,0.04424761904761905,AM1BCC,AmberTools,,,H,,15,[H:16][C:7]1([C:6]([C:5]([C:4]([C:9]([C:8]1([H:18])[H:19])([H:20])[H:21])([H:11])[C:2](=[O:1])[O:3][H:10])([H:12])[H:13])([H:14])[H:15])[H:17],23.0,10.0
15,0.04424761904761905,AM1BCC,AmberTools,,,H,,16,[H:16][C:7]1([C:6]([C:5]([C:4]([C:9]([C:8]1([H:18])[H:19])([H:20])[H:21])([H:11])[C:2](=[O:1])[O:3][H:10])([H:12])[H:13])([H:14])[H:15])[H:17],23.0,10.0
16,0.04424761904761905,AM1BCC,AmberTools,,,H,,17,[H:16][C:7]1([C:6]([C:5]([C:4]([C:9]([C:8]1([H:18])[H:19])([H:20])[H:21])([H:11])[C:2](=[O:1])[O:3][H:10])([H:12])[H:13])([H:14])[H:15])[H:17],23.0,10.0
17,0.04424761904761905,AM1BCC,AmberTools,,,H,,18,[H:16][C:7]1([C:6]([C:5]([C:4]([C:9]([C:8]1([H:18])[H:19])([H:20])[H:21])([H:11])[C:2](=[O:1])[O:3][H:10])([H:12])[H:13])([H:14])[H:15])[H:17],23.0,10.0
18,0.04424761904761905,AM1BCC,AmberTools,,,H,,19,[H:16][C:7]1([C:6]([C:5]([C:4]([C:9]([C:8]1([H:18])[H:19])([H:20])[H:21])([H:11])[C:2](=[O:1])[O:3][H:10])([H:12])[H:13])([H:14])[H:15])[H:17],23.0,10.0
19,0.055247619047619045,AM1BCC,AmberTools,,,H,,20,[H:16][C:7]1([C:6]([C:5]([C:4]([C:9]([C:8]1([H:18])[H:19])([H:20])[H:21])([H:11])[C:2](=[O:1])[O:3][H:10])([H:12])[H:13])([H:14])[H:15])[H:17],23.0,10.0
20,0.055247619047619045,AM1BCC,AmberTools,,,H,,21,[H:16][C:7]1([C:6]([C:5]([C:4]([C:9]([C:8]1([H:18])[H:19])([H:20])[H:21])([H:11])[C:2](=[O:1])[O:3][H:10])([H:12])[H:13])([H:14])[H:15])[H:17],23.0,10.0
0,-0.5511400085829553,AM1BCC,OpenEye,,,O,,1,[H:16][C:7]1([C:6]([C:5]([C:4]([C:9]([C:8]1([H:18])[H:19])([H:20])[H:21])([H:11])[C:2](=[O:1])[O:3][H:10])([H:12])[H:13])([H:14])[H:15])[H:17],23.0,11.0
1,0.633910002098197,AM1BCC,OpenEye,,,C,,2,[H:16][C:7]1([C:6]([C:5]([C:4]([C:9]([C:8]1([H:18])[H:19])([H:20])[H:21])([H:11])[C:2](=[O:1])[O:3][H:10])([H:12])[H:13])([H:14])[H:15])[H:17],23.0,11.0
2,-0.6015200001143274,AM1BCC,OpenEye,,,O,,3,[H:16][C:7]1([C:6]([C:5]([C:4]([C:9]([C:8]1([H:18])[H:19])([H:20])[H:21])([H:11])[C:2](=[O:1])[O:3][H:10])([H:12])[H:13])([H:14])[H:15])[H:17],23.0,11.0
3,-0.10800999970663161,AM1BCC,OpenEye,,,C,,4,[H:16][C:7]1([C:6]([C:5]([C:4]([C:9]([C:8]1([H:18])[H:19])([H:20])[H:21])([H:11])[C:2](=[O:1])[O:3][H:10])([H:12])[H:13])([H:14])[H:15])[H:17],23.0,11.0
4,-0.0725899991535005,AM1BCC,OpenEye,,,C,,5,[H:16][C:7]1([C:6]([C:5]([C:4]([C:9]([C:8]1([H:18])[H:19])([H:20])[H:21])([H:11])[C:2](=[O:1])[O:3][H:10])([H:12])[H:13])([H:14])[H:15])[H:17],23.0,11.0
5,-0.07692000092495055,AM1BCC,OpenEye,,,C,,6,[H:16][C:7]1([C:6]([C:5]([C:4]([C:9]([C:8]1([H:18])[H:19])([H:20])[H:21])([H:11])[C:2](=[O:1])[O:3][H:10])([H:12])[H:13])([H:14])[H:15])[H:17],23.0,11.0
6,-0.08059000046480269,AM1BCC,OpenEye,,,C,,7,[H:16][C:7]1([C:6]([C:5]([C:4]([C:9]([C:8]1([H:18])[H:19])([H:20])[H:21])([H:11])[C:2](=[O:1])[O:3][H:10])([H:12])[H:13])([H:14])[H:15])[H:17],23.0,11.0
7,-0.07692000092495055,AM1BCC,OpenEye,,,C,,8,[H:16][C:7]1([C:6]([C:5]([C:4]([C:9]([C:8]1([H:18])[H:19])([H:20])[H:21])([H:11])[C:2](=[O:1])[O:3][H:10])([H:12])[H:13])([H:14])[H:15])[H:17],23.0,11.0
8,-0.0725899991535005,AM1BCC,OpenEye,,,C,,9,[H:16][C:7]1([C:6]([C:5]([C:4]([C:9]([C:8]1([H:18])[H:19])([H:20])[H:21])([H:11])[C:2](=[O:1])[O:3][H:10])([H:12])[H:13])([H:14])[H:15])[H:17],23.0,11.0
9,0.44229999362003236,AM1BCC,OpenEye,,,H,,10,[H:16][C:7]1([C:6]([C:5]([C:4]([C:9]([C:8]1([H:18])[H:19])([H:20])[H:21])([H:11])[C:2](=[O:1])[O:3][H:10])([H:12])[H:13])([H:14])[H:15])[H:17],23.0,11.0
10,0.08087000428211122,AM1BCC,OpenEye,,,H,,11,[H:16][C:7]1([C:6]([C:5]([C:4]([C:9]([C:8]1([H:18])[H:19])([H:20])[H:21])([H:11])[C:2](=[O:1])[O:3][H:10])([H:12])[H:13])([H:14])[H:15])[H:17],23.0,11.0
11,0.055800000116938635,AM1BCC,OpenEye,,,H,,12,[H:16][C:7]1([C:6]([C:5]([C:4]([C:9]([C:8]1([H:18])[H:19])([H:20])[H:21])([H:11])[C:2](=[O:1])[O:3][H:10])([H:12])[H:13])([H:14])[H:15])[H:17],23.0,11.0
12,0.055800000116938635,AM1BCC,OpenEye,,,H,,13,[H:16][C:7]1([C:6]([C:5]([C:4]([C:9]([C:8]1([H:18])[H:19])([H:20])[H:21])([H:11])[C:2](=[O:1])[O:3][H:10])([H:12])[H:13])([H:14])[H:15])[H:17],23.0,11.0
13,0.043470000759476705,AM1BCC,OpenEye,,,H,,14,[H:16][C:7]1([C:6]([C:5]([C:4]([C:9]([C:8]1([H:18])[H:19])([H:20])[H:21])([H:11])[C:2](=[O:1])[O:3][H:10])([H:12])[H:13])([H:14])[H:15])[H:17],23.0,11.0
14,0.043470000759476705,AM1BCC,OpenEye,,,H,,15,[H:16][C:7]1([C:6]([C:5]([C:4]([C:9]([C:8]1([H:18])[H:19])([H:20])[H:21])([H:11])[C:2](=[O:1])[O:3][H:10])([H:12])[H:13])([H:14])[H:15])[H:17],23.0,11.0
15,0.043060002759808584,AM1BCC,OpenEye,,,H,,16,[H:16][C:7]1([C:6]([C:5]([C:4]([C:9]([C:8]1([H:18])[H:19])([H:20])[H:21])([H:11])[C:2](=[O:1])[O:3][H:10])([H:12])[H:13])([H:14])[H:15])[H:17],23.0,11.0
16,0.043060002759808584,AM1BCC,OpenEye,,,H,,17,[H:16][C:7]1([C:6]([C:5]([C:4]([C:9]([C:8]1([H:18])[H:19])([H:20])[H:21])([H:11])[C:2](=[O:1])[O:3][H:10])([H:12])[H:13])([H:14])[H:15])[H:17],23.0,11.0
17,0.043470000759476705,AM1BCC,OpenEye,,,H,,18,[H:16][C:7]1([C:6]([C:5]([C:4]([C:9]([C:8]1([H:18])[H:19])([H:20])[H:21])([H:11])[C:2](=[O:1])[O:3][H:10])([H:12])[H:13])([H:14])[H:15])[H:17],23.0,11.0
18,0.043470000759476705,AM1BCC,OpenEye,,,H,,19,[H:16][C:7]1([C:6]([C:5]([C:4]([C:9]([C:8]1([H:18])[H:19])([H:20])[H:21])([H:11])[C:2](=[O:1])[O:3][H:10])([H:12])[H:13])([H:14])[H:15])[H:17],23.0,11.0
19,0.055800000116938635,AM1BCC,OpenEye,,,H,,20,[H:16][C:7]1([C:6]([C:5]([C:4]([C:9]([C:8]1([H:18])[H:19])([H:20])[H:21])([H:11])[C:2](=[O:1])[O:3][H:10])([H:12])[H:13])([H:14])[H:15])[H:17],23.0,11.0
20,0.055800000116938635,AM1BCC,OpenEye,,,H,,21,[H:16][C:7]1([C:6]([C:5]([C:4]([C:9]([C:8]1([H:18])[H:19])([H:20])[H:21])([H:11])[C:2](=[O:1])[O:3][H:10])([H:12])[H:13])([H:14])[H:15])[H:17],23.0,11.0
0,-0.550952380952381,AM1BCC,AmberTools,,,O,,1,[H:16][C:7]1([C:6]([C:5]([C:4]([C:9]([C:8]1([H:18])[H:19])([H:20])[H:21])([H:11])[C:2](=[O:1])[O:3][H:10])([H:12])[H:13])([H:14])[H:15])[H:17],23.0,11.0
1,0.6361476190476191,AM1BCC,AmberTools,,,C,,2,[H:16][C:7]1([C:6]([C:5]([C:4]([C:9]([C:8]1([H:18])[H:19])([H:20])[H:21])([H:11])[C:2](=[O:1])[O:3][H:10])([H:12])[H:13])([H:14])[H:15])[H:17],23.0,11.0
2,-0.6100523809523809,AM1BCC,AmberTools,,,O,,3,[H:16][C:7]1([C:6]([C:5]([C:4]([C:9]([C:8]1([H:18])[H:19])([H:20])[H:21])([H:11])[C:2](=[O:1])[O:3][H:10])([H:12])[H:13])([H:14])[H:15])[H:17],23.0,11.0
3,-0.10465238095238096,AM1BCC,AmberTools,,,C,,4,[H:16][C:7]1([C:6]([C:5]([C:4]([C:9]([C:8]1([H:18])[H:19])([H:20])[H:21])([H:11])[C:2](=[O:1])[O:3][H:10])([H:12])[H:13])([H:14])[H:15])[H:17],23.0,11.0
4,-0.07435238095238095,AM1BCC,AmberTools,,,C,,5,[H:16][C:7]1([C:6]([C:5]([C:4]([C:9]([C:8]1([H:18])[H:19])([H:20])[H:21])([H:11])[C:2](=[O:1])[O:3][H:10])([H:12])[H:13])([H:14])[H:15])[H:17],23.0,11.0
5,-0.07635238095238095,AM1BCC,AmberTools,,,C,,6,[H:16][C:7]1([C:6]([C:5]([C:4]([C:9]([C:8]1([H:18])[H:19])([H:20])[H:21])([H:11])[C:2](=[O:1])[O:3][H:10])([H:12])[H:13])([H:14])[H:15])[H:17],23.0,11.0
6,-0.08035238095238095,AM1BCC,AmberTools,,,C,,7,[H:16][C:7]1([C:6]([C:5]([C:4]([C:9]([C:8]1([H:18])[H:19])([H:20])[H:21])([H:11])[C:2](=[O:1])[O:3][H:10])([H:12])[H:13])([H:14])[H:15])[H:17],23.0,11.0
7,-0.07635238095238095,AM1BCC,AmberTools,,,C,,8,[H:16][C:7]1([C:6]([C:5]([C:4]([C:9]([C:8]1([H:18])[H:19])([H:20])[H:21])([H:11])[C:2](=[O:1])[O:3][H:10])([H:12])[H:13])([H:14])[H:15])[H:17],23.0,11.0
8,-0.07435238095238095,AM1BCC,AmberTools,,,C,,9,[H:16][C:7]1([C:6]([C:5]([C:4]([C:9]([C:8]1([H:18])[H:19])([H:20])[H:21])([H:11])[C:2](=[O:1])[O:3][H:10])([H:12])[H:13])([H:14])[H:15])[H:17],23.0,11.0
9,0.442047619047619,AM1BCC,AmberTools,,,H,,10,[H:16][C:7]1([C:6]([C:5]([C:4]([C:9]([C:8]1([H:18])[H:19])([H:20])[H:21])([H:11])[C:2](=[O:1])[O:3][H:10])([H:12])[H:13])([H:14])[H:15])[H:17],23.0,11.0
10,0.08274761904761904,AM1BCC,AmberTools,,,H,,11,[H:16][C:7]1([C:6]([C:5]([C:4]([C:9]([C:8]1([H:18])[H:19])([H:20])[H:21])([H:11])[C:2](=[O:1])[O:3][H:10])([H:12])[H:13])([H:14])[H:15])[H:17],23.0,11.0
11,0.055247619047619045,AM1BCC,AmberTools,,,H,,12,[H:16][C:7]1([C:6]([C:5]([C:4]([C:9]([C:8]1([H:18])[H:19])([H:20])[H:21])([H:11])[C:2](=[O:1])[O:3][H:10])([H:12])[H:13])([H:14])[H:15])[H:17],23.0,11.0
12,0.055247619047619045,AM1BCC,AmberTools,,,H,,13,[H:16][C:7]1([C:6]([C:5]([C:4]([C:9]([C:8]1([H:18])[H:19])([H:20])[H:21])([H:11])[C:2](=[O:1])[O:3][H:10])([H:12])[H:13])([H:14])[H:15])[H:17],23.0,11.0
13,0.04424761904761905,AM1BCC,AmberTools,,,H,,14,[H:16][C:7]1([C:6]([C:5]([C:4]([C:9]([C:8]1([H:18])[H:19])([H:20])[H:21])([H:11])[C:2](=[O:1])[O:3][H:10])([H:12])[H:13])([H:14])[H:15])[H:17],23.0,11.0
14,0.04424761904761905,AM1BCC,AmberTools,,,H,,15,[H:16][C:7]1([C:6]([C:5]([C:4]([C:9]([C:8]1([H:18])[H:19])([H:20])[H:21])([H:11])[C:2](=[O:1])[O:3][H:10])([H:12])[H:13])([H:14])[H:15])[H:17],23.0,11.0
15,0.04424761904761905,AM1BCC,AmberTools,,,H,,16,[H:16][C:7]1([C:6]([C:5]([C:4]([C:9]([C:8]1([H:18])[H:19])([H:20])[H:21])([H:11])[C:2](=[O:1])[O:3][H:10])([H:12])[H:13])([H:14])[H:15])[H:17],23.0,11.0
16,0.04424761904761905,AM1BCC,AmberTools,,,H,,17,[H:16][C:7]1([C:6]([C:5]([C:4]([C:9]([C:8]1([H:18])[H:19])([H:20])[H:21])([H:11])[C:2](=[O:1])[O:3][H:10])([H:12])[H:13])([H:14])[H:15])[H:17],23.0,11.0
17,0.04424761904761905,AM1BCC,AmberTools,,,H,,18,[H:16][C:7]1([C:6]([C:5]([C:4]([C:9]([C:8]1([H:18])[H:19])([H:20])[H:21])([H:11])[C:2](=[O:1])[O:3][H:10])([H:12])[H:13])([H:14])[H:15])[H:17],23.0,11.0
18,0.04424761904761905,AM1BCC,AmberTools,,,H,,19,[H:16][C:7]1([C:6]([C:5]([C:4]([C:9]([C:8]1([H:18])[H:19])([H:20])[H:21])([H:11])[C:2](=[O:1])[O:3][H:10])([H:12])[H:13])([H:14])[H:15])[H:17],23.0,11.0
19,0.055247619047619045,AM1BCC,AmberTools,,,H,,20,[H:16][C:7]1([C:6]([C:5]([C:4]([C:9]([C:8]1([H:18])[H:19])([H:20])[H:21])([H:11])[C:2](=[O:1])[O:3][H:10])([H:12])[H:13])([H:14])[H:15])[H:17],23.0,11.0
20,0.055247619047619045,AM1BCC,AmberTools,,,H,,21,[H:16][C:7]1([C:6]([C:5]([C:4]([C:9]([C:8]1([H:18])[H:19])([H:20])[H:21])([H:11])[C:2](=[O:1])[O:3][H:10])([H:12])[H:13])([H:14])[H:15])[H:17],23.0,11.0
0,-0.5511400085829553,AM1BCC,OpenEye,,,O,,1,[H:16][C:7]1([C:6]([C:5]([C:4]([C:9]([C:8]1([H:18])[H:19])([H:20])[H:21])([H:11])[C:2](=[O:1])[O:3][H:10])([H:12])[H:13])([H:14])[H:15])[H:17],23.0,12.0
1,0.633910002098197,AM1BCC,OpenEye,,,C,,2,[H:16][C:7]1([C:6]([C:5]([C:4]([C:9]([C:8]1([H:18])[H:19])([H:20])[H:21])([H:11])[C:2](=[O:1])[O:3][H:10])([H:12])[H:13])([H:14])[H:15])[H:17],23.0,12.0
2,-0.6015200001143274,AM1BCC,OpenEye,,,O,,3,[H:16][C:7]1([C:6]([C:5]([C:4]([C:9]([C:8]1([H:18])[H:19])([H:20])[H:21])([H:11])[C:2](=[O:1])[O:3][H:10])([H:12])[H:13])([H:14])[H:15])[H:17],23.0,12.0
3,-0.10800999970663161,AM1BCC,OpenEye,,,C,,4,[H:16][C:7]1([C:6]([C:5]([C:4]([C:9]([C:8]1([H:18])[H:19])([H:20])[H:21])([H:11])[C:2](=[O:1])[O:3][H:10])([H:12])[H:13])([H:14])[H:15])[H:17],23.0,12.0
4,-0.0725899991535005,AM1BCC,OpenEye,,,C,,5,[H:16][C:7]1([C:6]([C:5]([C:4]([C:9]([C:8]1([H:18])[H:19])([H:20])[H:21])([H:11])[C:2](=[O:1])[O:3][H:10])([H:12])[H:13])([H:14])[H:15])[H:17],23.0,12.0
5,-0.07692000092495055,AM1BCC,OpenEye,,,C,,6,[H:16][C:7]1([C:6]([C:5]([C:4]([C:9]([C:8]1([H:18])[H:19])([H:20])[H:21])([H:11])[C:2](=[O:1])[O:3][H:10])([H:12])[H:13])([H:14])[H:15])[H:17],23.0,12.0
6,-0.08059000046480269,AM1BCC,OpenEye,,,C,,7,[H:16][C:7]1([C:6]([C:5]([C:4]([C:9]([C:8]1([H:18])[H:19])([H:20])[H:21])([H:11])[C:2](=[O:1])[O:3][H:10])([H:12])[H:13])([H:14])[H:15])[H:17],23.0,12.0
7,-0.07692000092495055,AM1BCC,OpenEye,,,C,,8,[H:16][C:7]1([C:6]([C:5]([C:4]([C:9]([C:8]1([H:18])[H:19])([H:20])[H:21])([H:11])[C:2](=[O:1])[O:3][H:10])([H:12])[H:13])([H:14])[H:15])[H:17],23.0,12.0
8,-0.0725899991535005,AM1BCC,OpenEye,,,C,,9,[H:16][C:7]1([C:6]([C:5]([C:4]([C:9]([C:8]1([H:18])[H:19])([H:20])[H:21])([H:11])[C:2](=[O:1])[O:3][H:10])([H:12])[H:13])([H:14])[H:15])[H:17],23.0,12.0
9,0.44229999362003236,AM1BCC,OpenEye,,,H,,10,[H:16][C:7]1([C:6]([C:5]([C:4]([C:9]([C:8]1([H:18])[H:19])([H:20])[H:21])([H:11])[C:2](=[O:1])[O:3][H:10])([H:12])[H:13])([H:14])[H:15])[H:17],23.0,12.0
10,0.08087000428211122,AM1BCC,OpenEye,,,H,,11,[H:16][C:7]1([C:6]([C:5]([C:4]([C:9]([C:8]1([H:18])[H:19])([H:20])[H:21])([H:11])[C:2](=[O:1])[O:3][H:10])([H:12])[H:13])([H:14])[H:15])[H:17],23.0,12.0
11,0.055800000116938635,AM1BCC,OpenEye,,,H,,12,[H:16][C:7]1([C:6]([C:5]([C:4]([C:9]([C:8]1([H:18])[H:19])([H:20])[H:21])([H:11])[C:2](=[O:1])[O:3][H:10])([H:12])[H:13])([H:14])[H:15])[H:17],23.0,12.0
12,0.055800000116938635,AM1BCC,OpenEye,,,H,,13,[H:16][C:7]1([C:6]([C:5]([C:4]([C:9]([C:8]1([H:18])[H:19])([H:20])[H:21])([H:11])[C:2](=[O:1])[O:3][H:10])([H:12])[H:13])([H:14])[H:15])[H:17],23.0,12.0
13,0.043470000759476705,AM1BCC,OpenEye,,,H,,14,[H:16][C:7]1([C:6]([C:5]([C:4]([C:9]([C:8]1([H:18])[H:19])([H:20])[H:21])([H:11])[C:2](=[O:1])[O:3][H:10])([H:12])[H:13])([H:14])[H:15])[H:17],23.0,12.0
14,0.043470000759476705,AM1BCC,OpenEye,,,H,,15,[H:16][C:7]1([C:6]([C:5]([C:4]([C:9]([C:8]1([H:18])[H:19])([H:20])[H:21])([H:11])[C:2](=[O:1])[O:3][H:10])([H:12])[H:13])([H:14])[H:15])[H:17],23.0,12.0
15,0.043060002759808584,AM1BCC,OpenEye,,,H,,16,[H:16][C:7]1([C:6]([C:5]([C:4]([C:9]([C:8]1([H:18])[H:19])([H:20])[H:21])([H:11])[C:2](=[O:1])[O:3][H:10])([H:12])[H:13])([H:14])[H:15])[H:17],23.0,12.0
16,0.043060002759808584,AM1BCC,OpenEye,,,H,,17,[H:16][C:7]1([C:6]([C:5]([C:4]([C:9]([C:8]1([H:18])[H:19])([H:20])[H:21])([H:11])[C:2](=[O:1])[O:3][H:10])([H:12])[H:13])([H:14])[H:15])[H:17],23.0,12.0
17,0.043470000759476705,AM1BCC,OpenEye,,,H,,18,[H:16][C:7]1([C:6]([C:5]([C:4]([C:9]([C:8]1([H:18])[H:19])([H:20])[H:21])([H:11])[C:2](=[O:1])[O:3][H:10])([H:12])[H:13])([H:14])[H:15])[H:17],23.0,12.0
18,0.043470000759476705,AM1BCC,OpenEye,,,H,,19,[H:16][C:7]1([C:6]([C:5]([C:4]([C:9]([C:8]1([H:18])[H:19])([H:20])[H:21])([H:11])[C:2](=[O:1])[O:3][H:10])([H:12])[H:13])([H:14])[H:15])[H:17],23.0,12.0
19,0.055800000116938635,AM1BCC,OpenEye,,,H,,20,[H:16][C:7]1([C:6]([C:5]([C:4]([C:9]([C:8]1([H:18])[H:19])([H:20])[H:21])([H:11])[C:2](=[O:1])[O:3][H:10])([H:12])[H:13])([H:14])[H:15])[H:17],23.0,12.0
20,0.055800000116938635,AM1BCC,OpenEye,,,H,,21,[H:16][C:7]1([C:6]([C:5]([C:4]([C:9]([C:8]1([H:18])[H:19])([H:20])[H:21])([H:11])[C:2](=[O:1])[O:3][H:10])([H:12])[H:13])([H:14])[H:15])[H:17],23.0,12.0
0,-0.550952380952381,AM1BCC,AmberTools,,,O,,1,[H:16][C:7]1([C:6]([C:5]([C:4]([C:9]([C:8]1([H:18])[H:19])([H:20])[H:21])([H:11])[C:2](=[O:1])[O:3][H:10])([H:12])[H:13])([H:14])[H:15])[H:17],23.0,12.0
1,0.6361476190476191,AM1BCC,AmberTools,,,C,,2,[H:16][C:7]1([C:6]([C:5]([C:4]([C:9]([C:8]1([H:18])[H:19])([H:20])[H:21])([H:11])[C:2](=[O:1])[O:3][H:10])([H:12])[H:13])([H:14])[H:15])[H:17],23.0,12.0
2,-0.6100523809523809,AM1BCC,AmberTools,,,O,,3,[H:16][C:7]1([C:6]([C:5]([C:4]([C:9]([C:8]1([H:18])[H:19])([H:20])[H:21])([H:11])[C:2](=[O:1])[O:3][H:10])([H:12])[H:13])([H:14])[H:15])[H:17],23.0,12.0
3,-0.10465238095238096,AM1BCC,AmberTools,,,C,,4,[H:16][C:7]1([C:6]([C:5]([C:4]([C:9]([C:8]1([H:18])[H:19])([H:20])[H:21])([H:11])[C:2](=[O:1])[O:3][H:10])([H:12])[H:13])([H:14])[H:15])[H:17],23.0,12.0
4,-0.07435238095238095,AM1BCC,AmberTools,,,C,,5,[H:16][C:7]1([C:6]([C:5]([C:4]([C:9]([C:8]1([H:18])[H:19])([H:20])[H:21])([H:11])[C:2](=[O:1])[O:3][H:10])([H:12])[H:13])([H:14])[H:15])[H:17],23.0,12.0
5,-0.07635238095238095,AM1BCC,AmberTools,,,C,,6,[H:16][C:7]1([C:6]([C:5]([C:4]([C:9]([C:8]1([H:18])[H:19])([H:20])[H:21])([H:11])[C:2](=[O:1])[O:3][H:10])([H:12])[H:13])([H:14])[H:15])[H:17],23.0,12.0
6,-0.08035238095238095,AM1BCC,AmberTools,,,C,,7,[H:16][C:7]1([C:6]([C:5]([C:4]([C:9]([C:8]1([H:18])[H:19])([H:20])[H:21])([H:11])[C:2](=[O:1])[O:3][H:10])([H:12])[H:13])([H:14])[H:15])[H:17],23.0,12.0
7,-0.07635238095238095,AM1BCC,AmberTools,,,C,,8,[H:16][C:7]1([C:6]([C:5]([C:4]([C:9]([C:8]1([H:18])[H:19])([H:20])[H:21])([H:11])[C:2](=[O:1])[O:3][H:10])([H:12])[H:13])([H:14])[H:15])[H:17],23.0,12.0
8,-0.07435238095238095,AM1BCC,AmberTools,,,C,,9,[H:16][C:7]1([C:6]([C:5]([C:4]([C:9]([C:8]1([H:18])[H:19])([H:20])[H:21])([H:11])[C:2](=[O:1])[O:3][H:10])([H:12])[H:13])([H:14])[H:15])[H:17],23.0,12.0
9,0.442047619047619,AM1BCC,AmberTools,,,H,,10,[H:16][C:7]1([C:6]([C:5]([C:4]([C:9]([C:8]1([H:18])[H:19])([H:20])[H:21])([H:11])[C:2](=[O:1])[O:3][H:10])([H:12])[H:13])([H:14])[H:15])[H:17],23.0,12.0
10,0.08274761904761904,AM1BCC,AmberTools,,,H,,11,[H:16][C:7]1([C:6]([C:5]([C:4]([C:9]([C:8]1([H:18])[H:19])([H:20])[H:21])([H:11])[C:2](=[O:1])[O:3][H:10])([H:12])[H:13])([H:14])[H:15])[H:17],23.0,12.0
11,0.055247619047619045,AM1BCC,AmberTools,,,H,,12,[H:16][C:7]1([C:6]([C:5]([C:4]([C:9]([C:8]1([H:18])[H:19])([H:20])[H:21])([H:11])[C:2](=[O:1])[O:3][H:10])([H:12])[H:13])([H:14])[H:15])[H:17],23.0,12.0
12,0.055247619047619045,AM1BCC,AmberTools,,,H,,13,[H:16][C:7]1([C:6]([C:5]([C:4]([C:9]([C:8]1([H:18])[H:19])([H:20])[H:21])([H:11])[C:2](=[O:1])[O:3][H:10])([H:12])[H:13])([H:14])[H:15])[H:17],23.0,12.0
13,0.04424761904761905,AM1BCC,AmberTools,,,H,,14,[H:16][C:7]1([C:6]([C:5]([C:4]([C:9]([C:8]1([H:18])[H:19])([H:20])[H:21])([H:11])[C:2](=[O:1])[O:3][H:10])([H:12])[H:13])([H:14])[H:15])[H:17],23.0,12.0
14,0.04424761904761905,AM1BCC,AmberTools,,,H,,15,[H:16][C:7]1([C:6]([C:5]([C:4]([C:9]([C:8]1([H:18])[H:19])([H:20])[H:21])([H:11])[C:2](=[O:1])[O:3][H:10])([H:12])[H:13])([H:14])[H:15])[H:17],23.0,12.0
15,0.04424761904761905,AM1BCC,AmberTools,,,H,,16,[H:16][C:7]1([C:6]([C:5]([C:4]([C:9]([C:8]1([H:18])[H:19])([H:20])[H:21])([H:11])[C:2](=[O:1])[O:3][H:10])([H:12])[H:13])([H:14])[H:15])[H:17],23.0,12.0
16,0.04424761904761905,AM1BCC,AmberTools,,,H,,17,[H:16][C:7]1([C:6]([C:5]([C:4]([C:9]([C:8]1([H:18])[H:19])([H:20])[H:21])([H:11])[C:2](=[O:1])[O:3][H:10])([H:12])[H:13])([H:14])[H:15])[H:17],23.0,12.0
17,0.04424761904761905,AM1BCC,AmberTools,,,H,,18,[H:16][C:7]1([C:6]([C:5]([C:4]([C:9]([C:8]1([H:18])[H:19])([H:20])[H:21])([H:11])[C:2](=[O:1])[O:3][H:10])([H:12])[H:13])([H:14])[H:15])[H:17],23.0,12.0
18,0.04424761904761905,AM1BCC,AmberTools,,,H,,19,[H:16][C:7]1([C:6]([C:5]([C:4]([C:9]([C:8]1([H:18])[H:19])([H:20])[H:21])([H:11])[C:2](=[O:1])[O:3][H:10])([H:12])[H:13])([H:14])[H:15])[H:17],23.0,12.0
19,0.055247619047619045,AM1BCC,AmberTools,,,H,,20,[H:16][C:7]1([C:6]([C:5]([C:4]([C:9]([C:8]1([H:18])[H:19])([H:20])[H:21])([H:11])[C:2](=[O:1])[O:3][H:10])([H:12])[H:13])([H:14])[H:15])[H:17],23.0,12.0
20,0.055247619047619045,AM1BCC,AmberTools,,,H,,21,[H:16][C:7]1([C:6]([C:5]([C:4]([C:9]([C:8]1([H:18])[H:19])([H:20])[H:21])([H:11])[C:2](=[O:1])[O:3][H:10])([H:12])[H:13])([H:14])[H:15])[H:17],23.0,12.0
0,-0.5524600169488362,AM1BCC,OpenEye,,,O,,1,[H:16][C:7]1([C:6]([C:5]([C:4]([C:9]([C:8]1([H:18])[H:19])([H:20])[H:21])([H:11])[C:2](=[O:1])[O:3][H:10])([H:12])[H:13])([H:14])[H:15])[H:17],24.0,1.0
1,0.6331400253943035,AM1BCC,OpenEye,,,C,,2,[H:16][C:7]1([C:6]([C:5]([C:4]([C:9]([C:8]1([H:18])[H:19])([H:20])[H:21])([H:11])[C:2](=[O:1])[O:3][H:10])([H:12])[H:13])([H:14])[H:15])[H:17],24.0,1.0
2,-0.6029499790498188,AM1BCC,OpenEye,,,O,,3,[H:16][C:7]1([C:6]([C:5]([C:4]([C:9]([C:8]1([H:18])[H:19])([H:20])[H:21])([H:11])[C:2](=[O:1])[O:3][H:10])([H:12])[H:13])([H:14])[H:15])[H:17],24.0,1.0
3,-0.1056400037237576,AM1BCC,OpenEye,,,C,,4,[H:16][C:7]1([C:6]([C:5]([C:4]([C:9]([C:8]1([H:18])[H:19])([H:20])[H:21])([H:11])[C:2](=[O:1])[O:3][H:10])([H:12])[H:13])([H:14])[H:15])[H:17],24.0,1.0
4,-0.0713700002857617,AM1BCC,OpenEye,,,C,,5,[H:16][C:7]1([C:6]([C:5]([C:4]([C:9]([C:8]1([H:18])[H:19])([H:20])[H:21])([H:11])[C:2](=[O:1])[O:3][H:10])([H:12])[H:13])([H:14])[H:15])[H:17],24.0,1.0
5,-0.07733000282730375,AM1BCC,OpenEye,,,C,,6,[H:16][C:7]1([C:6]([C:5]([C:4]([C:9]([C:8]1([H:18])[H:19])([H:20])[H:21])([H:11])[C:2](=[O:1])[O:3][H:10])([H:12])[H:13])([H:14])[H:15])[H:17],24.0,1.0
6,-0.08015000287975584,AM1BCC,OpenEye,,,C,,7,[H:16][C:7]1([C:6]([C:5]([C:4]([C:9]([C:8]1([H:18])[H:19])([H:20])[H:21])([H:11])[C:2](=[O:1])[O:3][H:10])([H:12])[H:13])([H:14])[H:15])[H:17],24.0,1.0
7,-0.07733000282730375,AM1BCC,OpenEye,,,C,,8,[H:16][C:7]1([C:6]([C:5]([C:4]([C:9]([C:8]1([H:18])[H:19])([H:20])[H:21])([H:11])[C:2](=[O:1])[O:3][H:10])([H:12])[H:13])([H:14])[H:15])[H:17],24.0,1.0
8,-0.0713700002857617,AM1BCC,OpenEye,,,C,,9,[H:16][C:7]1([C:6]([C:5]([C:4]([C:9]([C:8]1([H:18])[H:19])([H:20])[H:21])([H:11])[C:2](=[O:1])[O:3][H:10])([H:12])[H:13])([H:14])[H:15])[H:17],24.0,1.0
9,0.44231000329766956,AM1BCC,OpenEye,,,H,,10,[H:16][C:7]1([C:6]([C:5]([C:4]([C:9]([C:8]1([H:18])[H:19])([H:20])[H:21])([H:11])[C:2](=[O:1])[O:3][H:10])([H:12])[H:13])([H:14])[H:15])[H:17],24.0,1.0
10,0.07882999415908541,AM1BCC,OpenEye,,,H,,11,[H:16][C:7]1([C:6]([C:5]([C:4]([C:9]([C:8]1([H:18])[H:19])([H:20])[H:21])([H:11])[C:2](=[O:1])[O:3][H:10])([H:12])[H:13])([H:14])[H:15])[H:17],24.0,1.0
11,0.05544999774013247,AM1BCC,OpenEye,,,H,,12,[H:16][C:7]1([C:6]([C:5]([C:4]([C:9]([C:8]1([H:18])[H:19])([H:20])[H:21])([H:11])[C:2](=[O:1])[O:3][H:10])([H:12])[H:13])([H:14])[H:15])[H:17],24.0,1.0
12,0.05544999774013247,AM1BCC,OpenEye,,,H,,13,[H:16][C:7]1([C:6]([C:5]([C:4]([C:9]([C:8]1([H:18])[H:19])([H:20])[H:21])([H:11])[C:2](=[O:1])[O:3][H:10])([H:12])[H:13])([H:14])[H:15])[H:17],24.0,1.0
13,0.04530999969158854,AM1BCC,OpenEye,,,H,,14,[H:16][C:7]1([C:6]([C:5]([C:4]([C:9]([C:8]1([H:18])[H:19])([H:20])[H:21])([H:11])[C:2](=[O:1])[O:3][H:10])([H:12])[H:13])([H:14])[H:15])[H:17],24.0,1.0
14,0.04530999969158854,AM1BCC,OpenEye,,,H,,15,[H:16][C:7]1([C:6]([C:5]([C:4]([C:9]([C:8]1([H:18])[H:19])([H:20])[H:21])([H:11])[C:2](=[O:1])[O:3][H:10])([H:12])[H:13])([H:14])[H:15])[H:17],24.0,1.0
15,0.040639998125178475,AM1BCC,OpenEye,,,H,,16,[H:16][C:7]1([C:6]([C:5]([C:4]([C:9]([C:8]1([H:18])[H:19])([H:20])[H:21])([H:11])[C:2](=[O:1])[O:3][H:10])([H:12])[H:13])([H:14])[H:15])[H:17],24.0,1.0
16,0.040639998125178475,AM1BCC,OpenEye,,,H,,17,[H:16][C:7]1([C:6]([C:5]([C:4]([C:9]([C:8]1([H:18])[H:19])([H:20])[H:21])([H:11])[C:2](=[O:1])[O:3][H:10])([H:12])[H:13])([H:14])[H:15])[H:17],24.0,1.0
17,0.04530999969158854,AM1BCC,OpenEye,,,H,,18,[H:16][C:7]1([C:6]([C:5]([C:4]([C:9]([C:8]1([H:18])[H:19])([H:20])[H:21])([H:11])[C:2](=[O:1])[O:3][H:10])([H:12])[H:13])([H:14])[H:15])[H:17],24.0,1.0
18,0.04530999969158854,AM1BCC,OpenEye,,,H,,19,[H:16][C:7]1([C:6]([C:5]([C:4]([C:9]([C:8]1([H:18])[H:19])([H:20])[H:21])([H:11])[C:2](=[O:1])[O:3][H:10])([H:12])[H:13])([H:14])[H:15])[H:17],24.0,1.0
19,0.05544999774013247,AM1BCC,OpenEye,,,H,,20,[H:16][C:7]1([C:6]([C:5]([C:4]([C:9]([C:8]1([H:18])[H:19])([H:20])[H:21])([H:11])[C:2](=[O:1])[O:3][H:10])([H:12])[H:13])([H:14])[H:15])[H:17],24.0,1.0
20,0.05544999774013247,AM1BCC,OpenEye,,,H,,21,[H:16][C:7]1([C:6]([C:5]([C:4]([C:9]([C:8]1([H:18])[H:19])([H:20])[H:21])([H:11])[C:2](=[O:1])[O:3][H:10])([H:12])[H:13])([H:14])[H:15])[H:17],24.0,1.0
0,-0.551,AM1BCC,AmberTools,,,O,,1,[H:16][C:7]1([C:6]([C:5]([C:4]([C:9]([C:8]1([H:18])[H:19])([H:20])[H:21])([H:11])[C:2](=[O:1])[O:3][H:10])([H:12])[H:13])([H:14])[H:15])[H:17],24.0,1.0
1,0.6351,AM1BCC,AmberTools,,,C,,2,[H:16][C:7]1([C:6]([C:5]([C:4]([C:9]([C:8]1([H:18])[H:19])([H:20])[H:21])([H:11])[C:2](=[O:1])[O:3][H:10])([H:12])[H:13])([H:14])[H:15])[H:17],24.0,1.0
2,-0.6121,AM1BCC,AmberTools,,,O,,3,[H:16][C:7]1([C:6]([C:5]([C:4]([C:9]([C:8]1([H:18])[H:19])([H:20])[H:21])([H:11])[C:2](=[O:1])[O:3][H:10])([H:12])[H:13])([H:14])[H:15])[H:17],24.0,1.0
3,-0.1017,AM1BCC,AmberTools,,,C,,4,[H:16][C:7]1([C:6]([C:5]([C:4]([C:9]([C:8]1([H:18])[H:19])([H:20])[H:21])([H:11])[C:2](=[O:1])[O:3][H:10])([H:12])[H:13])([H:14])[H:15])[H:17],24.0,1.0
4,-0.0724,AM1BCC,AmberTools,,,C,,5,[H:16][C:7]1([C:6]([C:5]([C:4]([C:9]([C:8]1([H:18])[H:19])([H:20])[H:21])([H:11])[C:2](=[O:1])[O:3][H:10])([H:12])[H:13])([H:14])[H:15])[H:17],24.0,1.0
5,-0.0759,AM1BCC,AmberTools,,,C,,6,[H:16][C:7]1([C:6]([C:5]([C:4]([C:9]([C:8]1([H:18])[H:19])([H:20])[H:21])([H:11])[C:2](=[O:1])[O:3][H:10])([H:12])[H:13])([H:14])[H:15])[H:17],24.0,1.0
6,-0.0794,AM1BCC,AmberTools,,,C,,7,[H:16][C:7]1([C:6]([C:5]([C:4]([C:9]([C:8]1([H:18])[H:19])([H:20])[H:21])([H:11])[C:2](=[O:1])[O:3][H:10])([H:12])[H:13])([H:14])[H:15])[H:17],24.0,1.0
7,-0.0759,AM1BCC,AmberTools,,,C,,8,[H:16][C:7]1([C:6]([C:5]([C:4]([C:9]([C:8]1([H:18])[H:19])([H:20])[H:21])([H:11])[C:2](=[O:1])[O:3][H:10])([H:12])[H:13])([H:14])[H:15])[H:17],24.0,1.0
8,-0.0724,AM1BCC,AmberTools,,,C,,9,[H:16][C:7]1([C:6]([C:5]([C:4]([C:9]([C:8]1([H:18])[H:19])([H:20])[H:21])([H:11])[C:2](=[O:1])[O:3][H:10])([H:12])[H:13])([H:14])[H:15])[H:17],24.0,1.0
9,0.443,AM1BCC,AmberTools,,,H,,10,[H:16][C:7]1([C:6]([C:5]([C:4]([C:9]([C:8]1([H:18])[H:19])([H:20])[H:21])([H:11])[C:2](=[O:1])[O:3][H:10])([H:12])[H:13])([H:14])[H:15])[H:17],24.0,1.0
10,0.0797,AM1BCC,AmberTools,,,H,,11,[H:16][C:7]1([C:6]([C:5]([C:4]([C:9]([C:8]1([H:18])[H:19])([H:20])[H:21])([H:11])[C:2](=[O:1])[O:3][H:10])([H:12])[H:13])([H:14])[H:15])[H:17],24.0,1.0
11,0.0562,AM1BCC,AmberTools,,,H,,12,[H:16][C:7]1([C:6]([C:5]([C:4]([C:9]([C:8]1([H:18])[H:19])([H:20])[H:21])([H:11])[C:2](=[O:1])[O:3][H:10])([H:12])[H:13])([H:14])[H:15])[H:17],24.0,1.0
12,0.0562,AM1BCC,AmberTools,,,H,,13,[H:16][C:7]1([C:6]([C:5]([C:4]([C:9]([C:8]1([H:18])[H:19])([H:20])[H:21])([H:11])[C:2](=[O:1])[O:3][H:10])([H:12])[H:13])([H:14])[H:15])[H:17],24.0,1.0
13,0.04445,AM1BCC,AmberTools,,,H,,14,[H:16][C:7]1([C:6]([C:5]([C:4]([C:9]([C:8]1([H:18])[H:19])([H:20])[H:21])([H:11])[C:2](=[O:1])[O:3][H:10])([H:12])[H:13])([H:14])[H:15])[H:17],24.0,1.0
14,0.04445,AM1BCC,AmberTools,,,H,,15,[H:16][C:7]1([C:6]([C:5]([C:4]([C:9]([C:8]1([H:18])[H:19])([H:20])[H:21])([H:11])[C:2](=[O:1])[O:3][H:10])([H:12])[H:13])([H:14])[H:15])[H:17],24.0,1.0
15,0.0402,AM1BCC,AmberTools,,,H,,16,[H:16][C:7]1([C:6]([C:5]([C:4]([C:9]([C:8]1([H:18])[H:19])([H:20])[H:21])([H:11])[C:2](=[O:1])[O:3][H:10])([H:12])[H:13])([H:14])[H:15])[H:17],24.0,1.0
16,0.0402,AM1BCC,AmberTools,,,H,,17,[H:16][C:7]1([C:6]([C:5]([C:4]([C:9]([C:8]1([H:18])[H:19])([H:20])[H:21])([H:11])[C:2](=[O:1])[O:3][H:10])([H:12])[H:13])([H:14])[H:15])[H:17],24.0,1.0
17,0.04445,AM1BCC,AmberTools,,,H,,18,[H:16][C:7]1([C:6]([C:5]([C:4]([C:9]([C:8]1([H:18])[H:19])([H:20])[H:21])([H:11])[C:2](=[O:1])[O:3][H:10])([H:12])[H:13])([H:14])[H:15])[H:17],24.0,1.0
18,0.04445,AM1BCC,AmberTools,,,H,,19,[H:16][C:7]1([C:6]([C:5]([C:4]([C:9]([C:8]1([H:18])[H:19])([H:20])[H:21])([H:11])[C:2](=[O:1])[O:3][H:10])([H:12])[H:13])([H:14])[H:15])[H:17],24.0,1.0
19,0.0562,AM1BCC,AmberTools,,,H,,20,[H:16][C:7]1([C:6]([C:5]([C:4]([C:9]([C:8]1([H:18])[H:19])([H:20])[H:21])([H:11])[C:2](=[O:1])[O:3][H:10])([H:12])[H:13])([H:14])[H:15])[H:17],24.0,1.0
20,0.0562,AM1BCC,AmberTools,,,H,,21,[H:16][C:7]1([C:6]([C:5]([C:4]([C:9]([C:8]1([H:18])[H:19])([H:20])[H:21])([H:11])[C:2](=[O:1])[O:3][H:10])([H:12])[H:13])([H:14])[H:15])[H:17],24.0,1.0
0,-0.5524600169488362,AM1BCC,OpenEye,,,O,,1,[H:16][C:7]1([C:6]([C:5]([C:4]([C:9]([C:8]1([H:18])[H:19])([H:20])[H:21])([H:11])[C:2](=[O:1])[O:3][H:10])([H:12])[H:13])([H:14])[H:15])[H:17],24.0,2.0
1,0.6331400253943035,AM1BCC,OpenEye,,,C,,2,[H:16][C:7]1([C:6]([C:5]([C:4]([C:9]([C:8]1([H:18])[H:19])([H:20])[H:21])([H:11])[C:2](=[O:1])[O:3][H:10])([H:12])[H:13])([H:14])[H:15])[H:17],24.0,2.0
2,-0.6029499790498188,AM1BCC,OpenEye,,,O,,3,[H:16][C:7]1([C:6]([C:5]([C:4]([C:9]([C:8]1([H:18])[H:19])([H:20])[H:21])([H:11])[C:2](=[O:1])[O:3][H:10])([H:12])[H:13])([H:14])[H:15])[H:17],24.0,2.0
3,-0.1056400037237576,AM1BCC,OpenEye,,,C,,4,[H:16][C:7]1([C:6]([C:5]([C:4]([C:9]([C:8]1([H:18])[H:19])([H:20])[H:21])([H:11])[C:2](=[O:1])[O:3][H:10])([H:12])[H:13])([H:14])[H:15])[H:17],24.0,2.0
4,-0.0713700002857617,AM1BCC,OpenEye,,,C,,5,[H:16][C:7]1([C:6]([C:5]([C:4]([C:9]([C:8]1([H:18])[H:19])([H:20])[H:21])([H:11])[C:2](=[O:1])[O:3][H:10])([H:12])[H:13])([H:14])[H:15])[H:17],24.0,2.0
5,-0.07733000282730375,AM1BCC,OpenEye,,,C,,6,[H:16][C:7]1([C:6]([C:5]([C:4]([C:9]([C:8]1([H:18])[H:19])([H:20])[H:21])([H:11])[C:2](=[O:1])[O:3][H:10])([H:12])[H:13])([H:14])[H:15])[H:17],24.0,2.0
6,-0.08015000287975584,AM1BCC,OpenEye,,,C,,7,[H:16][C:7]1([C:6]([C:5]([C:4]([C:9]([C:8]1([H:18])[H:19])([H:20])[H:21])([H:11])[C:2](=[O:1])[O:3][H:10])([H:12])[H:13])([H:14])[H:15])[H:17],24.0,2.0
7,-0.07733000282730375,AM1BCC,OpenEye,,,C,,8,[H:16][C:7]1([C:6]([C:5]([C:4]([C:9]([C:8]1([H:18])[H:19])([H:20])[H:21])([H:11])[C:2](=[O:1])[O:3][H:10])([H:12])[H:13])([H:14])[H:15])[H:17],24.0,2.0
8,-0.0713700002857617,AM1BCC,OpenEye,,,C,,9,[H:16][C:7]1([C:6]([C:5]([C:4]([C:9]([C:8]1([H:18])[H:19])([H:20])[H:21])([H:11])[C:2](=[O:1])[O:3][H:10])([H:12])[H:13])([H:14])[H:15])[H:17],24.0,2.0
9,0.44231000329766956,AM1BCC,OpenEye,,,H,,10,[H:16][C:7]1([C:6]([C:5]([C:4]([C:9]([C:8]1([H:18])[H:19])([H:20])[H:21])([H:11])[C:2](=[O:1])[O:3][H:10])([H:12])[H:13])([H:14])[H:15])[H:17],24.0,2.0
10,0.07882999415908541,AM1BCC,OpenEye,,,H,,11,[H:16][C:7]1([C:6]([C:5]([C:4]([C:9]([C:8]1([H:18])[H:19])([H:20])[H:21])([H:11])[C:2](=[O:1])[O:3][H:10])([H:12])[H:13])([H:14])[H:15])[H:17],24.0,2.0
11,0.05544999774013247,AM1BCC,OpenEye,,,H,,12,[H:16][C:7]1([C:6]([C:5]([C:4]([C:9]([C:8]1([H:18])[H:19])([H:20])[H:21])([H:11])[C:2](=[O:1])[O:3][H:10])([H:12])[H:13])([H:14])[H:15])[H:17],24.0,2.0
12,0.05544999774013247,AM1BCC,OpenEye,,,H,,13,[H:16][C:7]1([C:6]([C:5]([C:4]([C:9]([C:8]1([H:18])[H:19])([H:20])[H:21])([H:11])[C:2](=[O:1])[O:3][H:10])([H:12])[H:13])([H:14])[H:15])[H:17],24.0,2.0
13,0.04530999969158854,AM1BCC,OpenEye,,,H,,14,[H:16][C:7]1([C:6]([C:5]([C:4]([C:9]([C:8]1([H:18])[H:19])([H:20])[H:21])([H:11])[C:2](=[O:1])[O:3][H:10])([H:12])[H:13])([H:14])[H:15])[H:17],24.0,2.0
14,0.04530999969158854,AM1BCC,OpenEye,,,H,,15,[H:16][C:7]1([C:6]([C:5]([C:4]([C:9]([C:8]1([H:18])[H:19])([H:20])[H:21])([H:11])[C:2](=[O:1])[O:3][H:10])([H:12])[H:13])([H:14])[H:15])[H:17],24.0,2.0
15,0.040639998125178475,AM1BCC,OpenEye,,,H,,16,[H:16][C:7]1([C:6]([C:5]([C:4]([C:9]([C:8]1([H:18])[H:19])([H:20])[H:21])([H:11])[C:2](=[O:1])[O:3][H:10])([H:12])[H:13])([H:14])[H:15])[H:17],24.0,2.0
16,0.040639998125178475,AM1BCC,OpenEye,,,H,,17,[H:16][C:7]1([C:6]([C:5]([C:4]([C:9]([C:8]1([H:18])[H:19])([H:20])[H:21])([H:11])[C:2](=[O:1])[O:3][H:10])([H:12])[H:13])([H:14])[H:15])[H:17],24.0,2.0
17,0.04530999969158854,AM1BCC,OpenEye,,,H,,18,[H:16][C:7]1([C:6]([C:5]([C:4]([C:9]([C:8]1([H:18])[H:19])([H:20])[H:21])([H:11])[C:2](=[O:1])[O:3][H:10])([H:12])[H:13])([H:14])[H:15])[H:17],24.0,2.0
18,0.04530999969158854,AM1BCC,OpenEye,,,H,,19,[H:16][C:7]1([C:6]([C:5]([C:4]([C:9]([C:8]1([H:18])[H:19])([H:20])[H:21])([H:11])[C:2](=[O:1])[O:3][H:10])([H:12])[H:13])([H:14])[H:15])[H:17],24.0,2.0
19,0.05544999774013247,AM1BCC,OpenEye,,,H,,20,[H:16][C:7]1([C:6]([C:5]([C:4]([C:9]([C:8]1([H:18])[H:19])([H:20])[H:21])([H:11])[C:2](=[O:1])[O:3][H:10])([H:12])[H:13])([H:14])[H:15])[H:17],24.0,2.0
20,0.05544999774013247,AM1BCC,OpenEye,,,H,,21,[H:16][C:7]1([C:6]([C:5]([C:4]([C:9]([C:8]1([H:18])[H:19])([H:20])[H:21])([H:11])[C:2](=[O:1])[O:3][H:10])([H:12])[H:13])([H:14])[H:15])[H:17],24.0,2.0
0,-0.5510476190476191,AM1BCC,AmberTools,,,O,,1,[H:16][C:7]1([C:6]([C:5]([C:4]([C:9]([C:8]1([H:18])[H:19])([H:20])[H:21])([H:11])[C:2](=[O:1])[O:3][H:10])([H:12])[H:13])([H:14])[H:15])[H:17],24.0,2.0
1,0.6350523809523809,AM1BCC,AmberTools,,,C,,2,[H:16][C:7]1([C:6]([C:5]([C:4]([C:9]([C:8]1([H:18])[H:19])([H:20])[H:21])([H:11])[C:2](=[O:1])[O:3][H:10])([H:12])[H:13])([H:14])[H:15])[H:17],24.0,2.0
2,-0.612147619047619,AM1BCC,AmberTools,,,O,,3,[H:16][C:7]1([C:6]([C:5]([C:4]([C:9]([C:8]1([H:18])[H:19])([H:20])[H:21])([H:11])[C:2](=[O:1])[O:3][H:10])([H:12])[H:13])([H:14])[H:15])[H:17],24.0,2.0
3,-0.10174761904761905,AM1BCC,AmberTools,,,C,,4,[H:16][C:7]1([C:6]([C:5]([C:4]([C:9]([C:8]1([H:18])[H:19])([H:20])[H:21])([H:11])[C:2](=[O:1])[O:3][H:10])([H:12])[H:13])([H:14])[H:15])[H:17],24.0,2.0
4,-0.07244761904761905,AM1BCC,AmberTools,,,C,,5,[H:16][C:7]1([C:6]([C:5]([C:4]([C:9]([C:8]1([H:18])[H:19])([H:20])[H:21])([H:11])[C:2](=[O:1])[O:3][H:10])([H:12])[H:13])([H:14])[H:15])[H:17],24.0,2.0
5,-0.07544761904761904,AM1BCC,AmberTools,,,C,,6,[H:16][C:7]1([C:6]([C:5]([C:4]([C:9]([C:8]1([H:18])[H:19])([H:20])[H:21])([H:11])[C:2](=[O:1])[O:3][H:10])([H:12])[H:13])([H:14])[H:15])[H:17],24.0,2.0
6,-0.07944761904761904,AM1BCC,AmberTools,,,C,,7,[H:16][C:7]1([C:6]([C:5]([C:4]([C:9]([C:8]1([H:18])[H:19])([H:20])[H:21])([H:11])[C:2](=[O:1])[O:3][H:10])([H:12])[H:13])([H:14])[H:15])[H:17],24.0,2.0
7,-0.07544761904761904,AM1BCC,AmberTools,,,C,,8,[H:16][C:7]1([C:6]([C:5]([C:4]([C:9]([C:8]1([H:18])[H:19])([H:20])[H:21])([H:11])[C:2](=[O:1])[O:3][H:10])([H:12])[H:13])([H:14])[H:15])[H:17],24.0,2.0
8,-0.07244761904761905,AM1BCC,AmberTools,,,C,,9,[H:16][C:7]1([C:6]([C:5]([C:4]([C:9]([C:8]1([H:18])[H:19])([H:20])[H:21])([H:11])[C:2](=[O:1])[O:3][H:10])([H:12])[H:13])([H:14])[H:15])[H:17],24.0,2.0
9,0.442952380952381,AM1BCC,AmberTools,,,H,,10,[H:16][C:7]1([C:6]([C:5]([C:4]([C:9]([C:8]1([H:18])[H:19])([H:20])[H:21])([H:11])[C:2](=[O:1])[O:3][H:10])([H:12])[H:13])([H:14])[H:15])[H:17],24.0,2.0
10,0.07965238095238095,AM1BCC,AmberTools,,,H,,11,[H:16][C:7]1([C:6]([C:5]([C:4]([C:9]([C:8]1([H:18])[H:19])([H:20])[H:21])([H:11])[C:2](=[O:1])[O:3][H:10])([H:12])[H:13])([H:14])[H:15])[H:17],24.0,2.0
11,0.056152380952380954,AM1BCC,AmberTools,,,H,,12,[H:16][C:7]1([C:6]([C:5]([C:4]([C:9]([C:8]1([H:18])[H:19])([H:20])[H:21])([H:11])[C:2](=[O:1])[O:3][H:10])([H:12])[H:13])([H:14])[H:15])[H:17],24.0,2.0
12,0.056152380952380954,AM1BCC,AmberTools,,,H,,13,[H:16][C:7]1([C:6]([C:5]([C:4]([C:9]([C:8]1([H:18])[H:19])([H:20])[H:21])([H:11])[C:2](=[O:1])[O:3][H:10])([H:12])[H:13])([H:14])[H:15])[H:17],24.0,2.0
13,0.04440238095238096,AM1BCC,AmberTools,,,H,,14,[H:16][C:7]1([C:6]([C:5]([C:4]([C:9]([C:8]1([H:18])[H:19])([H:20])[H:21])([H:11])[C:2](=[O:1])[O:3][H:10])([H:12])[H:13])([H:14])[H:15])[H:17],24.0,2.0
14,0.04440238095238096,AM1BCC,AmberTools,,,H,,15,[H:16][C:7]1([C:6]([C:5]([C:4]([C:9]([C:8]1([H:18])[H:19])([H:20])[H:21])([H:11])[C:2](=[O:1])[O:3][H:10])([H:12])[H:13])([H:14])[H:15])[H:17],24.0,2.0
15,0.04015238095238095,AM1BCC,AmberTools,,,H,,16,[H:16][C:7]1([C:6]([C:5]([C:4]([C:9]([C:8]1([H:18])[H:19])([H:20])[H:21])([H:11])[C:2](=[O:1])[O:3][H:10])([H:12])[H:13])([H:14])[H:15])[H:17],24.0,2.0
16,0.04015238095238095,AM1BCC,AmberTools,,,H,,17,[H:16][C:7]1([C:6]([C:5]([C:4]([C:9]([C:8]1([H:18])[H:19])([H:20])[H:21])([H:11])[C:2](=[O:1])[O:3][H:10])([H:12])[H:13])([H:14])[H:15])[H:17],24.0,2.0
17,0.04440238095238096,AM1BCC,AmberTools,,,H,,18,[H:16][C:7]1([C:6]([C:5]([C:4]([C:9]([C:8]1([H:18])[H:19])([H:20])[H:21])([H:11])[C:2](=[O:1])[O:3][H:10])([H:12])[H:13])([H:14])[H:15])[H:17],24.0,2.0
18,0.04440238095238096,AM1BCC,AmberTools,,,H,,19,[H:16][C:7]1([C:6]([C:5]([C:4]([C:9]([C:8]1([H:18])[H:19])([H:20])[H:21])([H:11])[C:2](=[O:1])[O:3][H:10])([H:12])[H:13])([H:14])[H:15])[H:17],24.0,2.0
19,0.056152380952380954,AM1BCC,AmberTools,,,H,,20,[H:16][C:7]1([C:6]([C:5]([C:4]([C:9]([C:8]1([H:18])[H:19])([H:20])[H:21])([H:11])[C:2](=[O:1])[O:3][H:10])([H:12])[H:13])([H:14])[H:15])[H:17],24.0,2.0
20,0.056152380952380954,AM1BCC,AmberTools,,,H,,21,[H:16][C:7]1([C:6]([C:5]([C:4]([C:9]([C:8]1([H:18])[H:19])([H:20])[H:21])([H:11])[C:2](=[O:1])[O:3][H:10])([H:12])[H:13])([H:14])[H:15])[H:17],24.0,2.0
0,-0.5524600169488362,AM1BCC,OpenEye,,,O,,1,[H:16][C:7]1([C:6]([C:5]([C:4]([C:9]([C:8]1([H:18])[H:19])([H:20])[H:21])([H:11])[C:2](=[O:1])[O:3][H:10])([H:12])[H:13])([H:14])[H:15])[H:17],24.0,3.0
1,0.6331400253943035,AM1BCC,OpenEye,,,C,,2,[H:16][C:7]1([C:6]([C:5]([C:4]([C:9]([C:8]1([H:18])[H:19])([H:20])[H:21])([H:11])[C:2](=[O:1])[O:3][H:10])([H:12])[H:13])([H:14])[H:15])[H:17],24.0,3.0
2,-0.6029499790498188,AM1BCC,OpenEye,,,O,,3,[H:16][C:7]1([C:6]([C:5]([C:4]([C:9]([C:8]1([H:18])[H:19])([H:20])[H:21])([H:11])[C:2](=[O:1])[O:3][H:10])([H:12])[H:13])([H:14])[H:15])[H:17],24.0,3.0
3,-0.1056400037237576,AM1BCC,OpenEye,,,C,,4,[H:16][C:7]1([C:6]([C:5]([C:4]([C:9]([C:8]1([H:18])[H:19])([H:20])[H:21])([H:11])[C:2](=[O:1])[O:3][H:10])([H:12])[H:13])([H:14])[H:15])[H:17],24.0,3.0
4,-0.0713700002857617,AM1BCC,OpenEye,,,C,,5,[H:16][C:7]1([C:6]([C:5]([C:4]([C:9]([C:8]1([H:18])[H:19])([H:20])[H:21])([H:11])[C:2](=[O:1])[O:3][H:10])([H:12])[H:13])([H:14])[H:15])[H:17],24.0,3.0
5,-0.07733000282730375,AM1BCC,OpenEye,,,C,,6,[H:16][C:7]1([C:6]([C:5]([C:4]([C:9]([C:8]1([H:18])[H:19])([H:20])[H:21])([H:11])[C:2](=[O:1])[O:3][H:10])([H:12])[H:13])([H:14])[H:15])[H:17],24.0,3.0
6,-0.08015000287975584,AM1BCC,OpenEye,,,C,,7,[H:16][C:7]1([C:6]([C:5]([C:4]([C:9]([C:8]1([H:18])[H:19])([H:20])[H:21])([H:11])[C:2](=[O:1])[O:3][H:10])([H:12])[H:13])([H:14])[H:15])[H:17],24.0,3.0
7,-0.07733000282730375,AM1BCC,OpenEye,,,C,,8,[H:16][C:7]1([C:6]([C:5]([C:4]([C:9]([C:8]1([H:18])[H:19])([H:20])[H:21])([H:11])[C:2](=[O:1])[O:3][H:10])([H:12])[H:13])([H:14])[H:15])[H:17],24.0,3.0
8,-0.0713700002857617,AM1BCC,OpenEye,,,C,,9,[H:16][C:7]1([C:6]([C:5]([C:4]([C:9]([C:8]1([H:18])[H:19])([H:20])[H:21])([H:11])[C:2](=[O:1])[O:3][H:10])([H:12])[H:13])([H:14])[H:15])[H:17],24.0,3.0
9,0.44231000329766956,AM1BCC,OpenEye,,,H,,10,[H:16][C:7]1([C:6]([C:5]([C:4]([C:9]([C:8]1([H:18])[H:19])([H:20])[H:21])([H:11])[C:2](=[O:1])[O:3][H:10])([H:12])[H:13])([H:14])[H:15])[H:17],24.0,3.0
10,0.07882999415908541,AM1BCC,OpenEye,,,H,,11,[H:16][C:7]1([C:6]([C:5]([C:4]([C:9]([C:8]1([H:18])[H:19])([H:20])[H:21])([H:11])[C:2](=[O:1])[O:3][H:10])([H:12])[H:13])([H:14])[H:15])[H:17],24.0,3.0
11,0.05544999774013247,AM1BCC,OpenEye,,,H,,12,[H:16][C:7]1([C:6]([C:5]([C:4]([C:9]([C:8]1([H:18])[H:19])([H:20])[H:21])([H:11])[C:2](=[O:1])[O:3][H:10])([H:12])[H:13])([H:14])[H:15])[H:17],24.0,3.0
12,0.05544999774013247,AM1BCC,OpenEye,,,H,,13,[H:16][C:7]1([C:6]([C:5]([C:4]([C:9]([C:8]1([H:18])[H:19])([H:20])[H:21])([H:11])[C:2](=[O:1])[O:3][H:10])([H:12])[H:13])([H:14])[H:15])[H:17],24.0,3.0
13,0.04530999969158854,AM1BCC,OpenEye,,,H,,14,[H:16][C:7]1([C:6]([C:5]([C:4]([C:9]([C:8]1([H:18])[H:19])([H:20])[H:21])([H:11])[C:2](=[O:1])[O:3][H:10])([H:12])[H:13])([H:14])[H:15])[H:17],24.0,3.0
14,0.04530999969158854,AM1BCC,OpenEye,,,H,,15,[H:16][C:7]1([C:6]([C:5]([C:4]([C:9]([C:8]1([H:18])[H:19])([H:20])[H:21])([H:11])[C:2](=[O:1])[O:3][H:10])([H:12])[H:13])([H:14])[H:15])[H:17],24.0,3.0
15,0.040639998125178475,AM1BCC,OpenEye,,,H,,16,[H:16][C:7]1([C:6]([C:5]([C:4]([C:9]([C:8]1([H:18])[H:19])([H:20])[H:21])([H:11])[C:2](=[O:1])[O:3][H:10])([H:12])[H:13])([H:14])[H:15])[H:17],24.0,3.0
16,0.040639998125178475,AM1BCC,OpenEye,,,H,,17,[H:16][C:7]1([C:6]([C:5]([C:4]([C:9]([C:8]1([H:18])[H:19])([H:20])[H:21])([H:11])[C:2](=[O:1])[O:3][H:10])([H:12])[H:13])([H:14])[H:15])[H:17],24.0,3.0
17,0.04530999969158854,AM1BCC,OpenEye,,,H,,18,[H:16][C:7]1([C:6]([C:5]([C:4]([C:9]([C:8]1([H:18])[H:19])([H:20])[H:21])([H:11])[C:2](=[O:1])[O:3][H:10])([H:12])[H:13])([H:14])[H:15])[H:17],24.0,3.0
18,0.04530999969158854,AM1BCC,OpenEye,,,H,,19,[H:16][C:7]1([C:6]([C:5]([C:4]([C:9]([C:8]1([H:18])[H:19])([H:20])[H:21])([H:11])[C:2](=[O:1])[O:3][H:10])([H:12])[H:13])([H:14])[H:15])[H:17],24.0,3.0
19,0.05544999774013247,AM1BCC,OpenEye,,,H,,20,[H:16][C:7]1([C:6]([C:5]([C:4]([C:9]([C:8]1([H:18])[H:19])([H:20])[H:21])([H:11])[C:2](=[O:1])[O:3][H:10])([H:12])[H:13])([H:14])[H:15])[H:17],24.0,3.0
20,0.05544999774013247,AM1BCC,OpenEye,,,H,,21,[H:16][C:7]1([C:6]([C:5]([C:4]([C:9]([C:8]1([H:18])[H:19])([H:20])[H:21])([H:11])[C:2](=[O:1])[O:3][H:10])([H:12])[H:13])([H:14])[H:15])[H:17],24.0,3.0
0,-0.551,AM1BCC,AmberTools,,,O,,1,[H:16][C:7]1([C:6]([C:5]([C:4]([C:9]([C:8]1([H:18])[H:19])([H:20])[H:21])([H:11])[C:2](=[O:1])[O:3][H:10])([H:12])[H:13])([H:14])[H:15])[H:17],24.0,3.0
1,0.6351,AM1BCC,AmberTools,,,C,,2,[H:16][C:7]1([C:6]([C:5]([C:4]([C:9]([C:8]1([H:18])[H:19])([H:20])[H:21])([H:11])[C:2](=[O:1])[O:3][H:10])([H:12])[H:13])([H:14])[H:15])[H:17],24.0,3.0
2,-0.6121,AM1BCC,AmberTools,,,O,,3,[H:16][C:7]1([C:6]([C:5]([C:4]([C:9]([C:8]1([H:18])[H:19])([H:20])[H:21])([H:11])[C:2](=[O:1])[O:3][H:10])([H:12])[H:13])([H:14])[H:15])[H:17],24.0,3.0
3,-0.1017,AM1BCC,AmberTools,,,C,,4,[H:16][C:7]1([C:6]([C:5]([C:4]([C:9]([C:8]1([H:18])[H:19])([H:20])[H:21])([H:11])[C:2](=[O:1])[O:3][H:10])([H:12])[H:13])([H:14])[H:15])[H:17],24.0,3.0
4,-0.0724,AM1BCC,AmberTools,,,C,,5,[H:16][C:7]1([C:6]([C:5]([C:4]([C:9]([C:8]1([H:18])[H:19])([H:20])[H:21])([H:11])[C:2](=[O:1])[O:3][H:10])([H:12])[H:13])([H:14])[H:15])[H:17],24.0,3.0
5,-0.0759,AM1BCC,AmberTools,,,C,,6,[H:16][C:7]1([C:6]([C:5]([C:4]([C:9]([C:8]1([H:18])[H:19])([H:20])[H:21])([H:11])[C:2](=[O:1])[O:3][H:10])([H:12])[H:13])([H:14])[H:15])[H:17],24.0,3.0
6,-0.0794,AM1BCC,AmberTools,,,C,,7,[H:16][C:7]1([C:6]([C:5]([C:4]([C:9]([C:8]1([H:18])[H:19])([H:20])[H:21])([H:11])[C:2](=[O:1])[O:3][H:10])([H:12])[H:13])([H:14])[H:15])[H:17],24.0,3.0
7,-0.0759,AM1BCC,AmberTools,,,C,,8,[H:16][C:7]1([C:6]([C:5]([C:4]([C:9]([C:8]1([H:18])[H:19])([H:20])[H:21])([H:11])[C:2](=[O:1])[O:3][H:10])([H:12])[H:13])([H:14])[H:15])[H:17],24.0,3.0
8,-0.0724,AM1BCC,AmberTools,,,C,,9,[H:16][C:7]1([C:6]([C:5]([C:4]([C:9]([C:8]1([H:18])[H:19])([H:20])[H:21])([H:11])[C:2](=[O:1])[O:3][H:10])([H:12])[H:13])([H:14])[H:15])[H:17],24.0,3.0
9,0.443,AM1BCC,AmberTools,,,H,,10,[H:16][C:7]1([C:6]([C:5]([C:4]([C:9]([C:8]1([H:18])[H:19])([H:20])[H:21])([H:11])[C:2](=[O:1])[O:3][H:10])([H:12])[H:13])([H:14])[H:15])[H:17],24.0,3.0
10,0.0797,AM1BCC,AmberTools,,,H,,11,[H:16][C:7]1([C:6]([C:5]([C:4]([C:9]([C:8]1([H:18])[H:19])([H:20])[H:21])([H:11])[C:2](=[O:1])[O:3][H:10])([H:12])[H:13])([H:14])[H:15])[H:17],24.0,3.0
11,0.0562,AM1BCC,AmberTools,,,H,,12,[H:16][C:7]1([C:6]([C:5]([C:4]([C:9]([C:8]1([H:18])[H:19])([H:20])[H:21])([H:11])[C:2](=[O:1])[O:3][H:10])([H:12])[H:13])([H:14])[H:15])[H:17],24.0,3.0
12,0.0562,AM1BCC,AmberTools,,,H,,13,[H:16][C:7]1([C:6]([C:5]([C:4]([C:9]([C:8]1([H:18])[H:19])([H:20])[H:21])([H:11])[C:2](=[O:1])[O:3][H:10])([H:12])[H:13])([H:14])[H:15])[H:17],24.0,3.0
13,0.04445,AM1BCC,AmberTools,,,H,,14,[H:16][C:7]1([C:6]([C:5]([C:4]([C:9]([C:8]1([H:18])[H:19])([H:20])[H:21])([H:11])[C:2](=[O:1])[O:3][H:10])([H:12])[H:13])([H:14])[H:15])[H:17],24.0,3.0
14,0.04445,AM1BCC,AmberTools,,,H,,15,[H:16][C:7]1([C:6]([C:5]([C:4]([C:9]([C:8]1([H:18])[H:19])([H:20])[H:21])([H:11])[C:2](=[O:1])[O:3][H:10])([H:12])[H:13])([H:14])[H:15])[H:17],24.0,3.0
15,0.0402,AM1BCC,AmberTools,,,H,,16,[H:16][C:7]1([C:6]([C:5]([C:4]([C:9]([C:8]1([H:18])[H:19])([H:20])[H:21])([H:11])[C:2](=[O:1])[O:3][H:10])([H:12])[H:13])([H:14])[H:15])[H:17],24.0,3.0
16,0.0402,AM1BCC,AmberTools,,,H,,17,[H:16][C:7]1([C:6]([C:5]([C:4]([C:9]([C:8]1([H:18])[H:19])([H:20])[H:21])([H:11])[C:2](=[O:1])[O:3][H:10])([H:12])[H:13])([H:14])[H:15])[H:17],24.0,3.0
17,0.04445,AM1BCC,AmberTools,,,H,,18,[H:16][C:7]1([C:6]([C:5]([C:4]([C:9]([C:8]1([H:18])[H:19])([H:20])[H:21])([H:11])[C:2](=[O:1])[O:3][H:10])([H:12])[H:13])([H:14])[H:15])[H:17],24.0,3.0
18,0.04445,AM1BCC,AmberTools,,,H,,19,[H:16][C:7]1([C:6]([C:5]([C:4]([C:9]([C:8]1([H:18])[H:19])([H:20])[H:21])([H:11])[C:2](=[O:1])[O:3][H:10])([H:12])[H:13])([H:14])[H:15])[H:17],24.0,3.0
19,0.0562,AM1BCC,AmberTools,,,H,,20,[H:16][C:7]1([C:6]([C:5]([C:4]([C:9]([C:8]1([H:18])[H:19])([H:20])[H:21])([H:11])[C:2](=[O:1])[O:3][H:10])([H:12])[H:13])([H:14])[H:15])[H:17],24.0,3.0
20,0.0562,AM1BCC,AmberTools,,,H,,21,[H:16][C:7]1([C:6]([C:5]([C:4]([C:9]([C:8]1([H:18])[H:19])([H:20])[H:21])([H:11])[C:2](=[O:1])[O:3][H:10])([H:12])[H:13])([H:14])[H:15])[H:17],24.0,3.0
0,-0.5524600169488362,AM1BCC,OpenEye,,,O,,1,[H:16][C:7]1([C:6]([C:5]([C:4]([C:9]([C:8]1([H:18])[H:19])([H:20])[H:21])([H:11])[C:2](=[O:1])[O:3][H:10])([H:12])[H:13])([H:14])[H:15])[H:17],24.0,4.0
1,0.6331400253943035,AM1BCC,OpenEye,,,C,,2,[H:16][C:7]1([C:6]([C:5]([C:4]([C:9]([C:8]1([H:18])[H:19])([H:20])[H:21])([H:11])[C:2](=[O:1])[O:3][H:10])([H:12])[H:13])([H:14])[H:15])[H:17],24.0,4.0
2,-0.6029499790498188,AM1BCC,OpenEye,,,O,,3,[H:16][C:7]1([C:6]([C:5]([C:4]([C:9]([C:8]1([H:18])[H:19])([H:20])[H:21])([H:11])[C:2](=[O:1])[O:3][H:10])([H:12])[H:13])([H:14])[H:15])[H:17],24.0,4.0
3,-0.1056400037237576,AM1BCC,OpenEye,,,C,,4,[H:16][C:7]1([C:6]([C:5]([C:4]([C:9]([C:8]1([H:18])[H:19])([H:20])[H:21])([H:11])[C:2](=[O:1])[O:3][H:10])([H:12])[H:13])([H:14])[H:15])[H:17],24.0,4.0
4,-0.0713700002857617,AM1BCC,OpenEye,,,C,,5,[H:16][C:7]1([C:6]([C:5]([C:4]([C:9]([C:8]1([H:18])[H:19])([H:20])[H:21])([H:11])[C:2](=[O:1])[O:3][H:10])([H:12])[H:13])([H:14])[H:15])[H:17],24.0,4.0
5,-0.07733000282730375,AM1BCC,OpenEye,,,C,,6,[H:16][C:7]1([C:6]([C:5]([C:4]([C:9]([C:8]1([H:18])[H:19])([H:20])[H:21])([H:11])[C:2](=[O:1])[O:3][H:10])([H:12])[H:13])([H:14])[H:15])[H:17],24.0,4.0
6,-0.08015000287975584,AM1BCC,OpenEye,,,C,,7,[H:16][C:7]1([C:6]([C:5]([C:4]([C:9]([C:8]1([H:18])[H:19])([H:20])[H:21])([H:11])[C:2](=[O:1])[O:3][H:10])([H:12])[H:13])([H:14])[H:15])[H:17],24.0,4.0
7,-0.07733000282730375,AM1BCC,OpenEye,,,C,,8,[H:16][C:7]1([C:6]([C:5]([C:4]([C:9]([C:8]1([H:18])[H:19])([H:20])[H:21])([H:11])[C:2](=[O:1])[O:3][H:10])([H:12])[H:13])([H:14])[H:15])[H:17],24.0,4.0
8,-0.0713700002857617,AM1BCC,OpenEye,,,C,,9,[H:16][C:7]1([C:6]([C:5]([C:4]([C:9]([C:8]1([H:18])[H:19])([H:20])[H:21])([H:11])[C:2](=[O:1])[O:3][H:10])([H:12])[H:13])([H:14])[H:15])[H:17],24.0,4.0
9,0.44231000329766956,AM1BCC,OpenEye,,,H,,10,[H:16][C:7]1([C:6]([C:5]([C:4]([C:9]([C:8]1([H:18])[H:19])([H:20])[H:21])([H:11])[C:2](=[O:1])[O:3][H:10])([H:12])[H:13])([H:14])[H:15])[H:17],24.0,4.0
10,0.07882999415908541,AM1BCC,OpenEye,,,H,,11,[H:16][C:7]1([C:6]([C:5]([C:4]([C:9]([C:8]1([H:18])[H:19])([H:20])[H:21])([H:11])[C:2](=[O:1])[O:3][H:10])([H:12])[H:13])([H:14])[H:15])[H:17],24.0,4.0
11,0.05544999774013247,AM1BCC,OpenEye,,,H,,12,[H:16][C:7]1([C:6]([C:5]([C:4]([C:9]([C:8]1([H:18])[H:19])([H:20])[H:21])([H:11])[C:2](=[O:1])[O:3][H:10])([H:12])[H:13])([H:14])[H:15])[H:17],24.0,4.0
12,0.05544999774013247,AM1BCC,OpenEye,,,H,,13,[H:16][C:7]1([C:6]([C:5]([C:4]([C:9]([C:8]1([H:18])[H:19])([H:20])[H:21])([H:11])[C:2](=[O:1])[O:3][H:10])([H:12])[H:13])([H:14])[H:15])[H:17],24.0,4.0
13,0.04530999969158854,AM1BCC,OpenEye,,,H,,14,[H:16][C:7]1([C:6]([C:5]([C:4]([C:9]([C:8]1([H:18])[H:19])([H:20])[H:21])([H:11])[C:2](=[O:1])[O:3][H:10])([H:12])[H:13])([H:14])[H:15])[H:17],24.0,4.0
14,0.04530999969158854,AM1BCC,OpenEye,,,H,,15,[H:16][C:7]1([C:6]([C:5]([C:4]([C:9]([C:8]1([H:18])[H:19])([H:20])[H:21])([H:11])[C:2](=[O:1])[O:3][H:10])([H:12])[H:13])([H:14])[H:15])[H:17],24.0,4.0
15,0.040639998125178475,AM1BCC,OpenEye,,,H,,16,[H:16][C:7]1([C:6]([C:5]([C:4]([C:9]([C:8]1([H:18])[H:19])([H:20])[H:21])([H:11])[C:2](=[O:1])[O:3][H:10])([H:12])[H:13])([H:14])[H:15])[H:17],24.0,4.0
16,0.040639998125178475,AM1BCC,OpenEye,,,H,,17,[H:16][C:7]1([C:6]([C:5]([C:4]([C:9]([C:8]1([H:18])[H:19])([H:20])[H:21])([H:11])[C:2](=[O:1])[O:3][H:10])([H:12])[H:13])([H:14])[H:15])[H:17],24.0,4.0
17,0.04530999969158854,AM1BCC,OpenEye,,,H,,18,[H:16][C:7]1([C:6]([C:5]([C:4]([C:9]([C:8]1([H:18])[H:19])([H:20])[H:21])([H:11])[C:2](=[O:1])[O:3][H:10])([H:12])[H:13])([H:14])[H:15])[H:17],24.0,4.0
18,0.04530999969158854,AM1BCC,OpenEye,,,H,,19,[H:16][C:7]1([C:6]([C:5]([C:4]([C:9]([C:8]1([H:18])[H:19])([H:20])[H:21])([H:11])[C:2](=[O:1])[O:3][H:10])([H:12])[H:13])([H:14])[H:15])[H:17],24.0,4.0
19,0.05544999774013247,AM1BCC,OpenEye,,,H,,20,[H:16][C:7]1([C:6]([C:5]([C:4]([C:9]([C:8]1([H:18])[H:19])([H:20])[H:21])([H:11])[C:2](=[O:1])[O:3][H:10])([H:12])[H:13])([H:14])[H:15])[H:17],24.0,4.0
20,0.05544999774013247,AM1BCC,OpenEye,,,H,,21,[H:16][C:7]1([C:6]([C:5]([C:4]([C:9]([C:8]1([H:18])[H:19])([H:20])[H:21])([H:11])[C:2](=[O:1])[O:3][H:10])([H:12])[H:13])([H:14])[H:15])[H:17],24.0,4.0
0,-0.5510476190476191,AM1BCC,AmberTools,,,O,,1,[H:16][C:7]1([C:6]([C:5]([C:4]([C:9]([C:8]1([H:18])[H:19])([H:20])[H:21])([H:11])[C:2](=[O:1])[O:3][H:10])([H:12])[H:13])([H:14])[H:15])[H:17],24.0,4.0
1,0.6350523809523809,AM1BCC,AmberTools,,,C,,2,[H:16][C:7]1([C:6]([C:5]([C:4]([C:9]([C:8]1([H:18])[H:19])([H:20])[H:21])([H:11])[C:2](=[O:1])[O:3][H:10])([H:12])[H:13])([H:14])[H:15])[H:17],24.0,4.0
2,-0.612147619047619,AM1BCC,AmberTools,,,O,,3,[H:16][C:7]1([C:6]([C:5]([C:4]([C:9]([C:8]1([H:18])[H:19])([H:20])[H:21])([H:11])[C:2](=[O:1])[O:3][H:10])([H:12])[H:13])([H:14])[H:15])[H:17],24.0,4.0
3,-0.10174761904761905,AM1BCC,AmberTools,,,C,,4,[H:16][C:7]1([C:6]([C:5]([C:4]([C:9]([C:8]1([H:18])[H:19])([H:20])[H:21])([H:11])[C:2](=[O:1])[O:3][H:10])([H:12])[H:13])([H:14])[H:15])[H:17],24.0,4.0
4,-0.07244761904761905,AM1BCC,AmberTools,,,C,,5,[H:16][C:7]1([C:6]([C:5]([C:4]([C:9]([C:8]1([H:18])[H:19])([H:20])[H:21])([H:11])[C:2](=[O:1])[O:3][H:10])([H:12])[H:13])([H:14])[H:15])[H:17],24.0,4.0
5,-0.07544761904761904,AM1BCC,AmberTools,,,C,,6,[H:16][C:7]1([C:6]([C:5]([C:4]([C:9]([C:8]1([H:18])[H:19])([H:20])[H:21])([H:11])[C:2](=[O:1])[O:3][H:10])([H:12])[H:13])([H:14])[H:15])[H:17],24.0,4.0
6,-0.07944761904761904,AM1BCC,AmberTools,,,C,,7,[H:16][C:7]1([C:6]([C:5]([C:4]([C:9]([C:8]1([H:18])[H:19])([H:20])[H:21])([H:11])[C:2](=[O:1])[O:3][H:10])([H:12])[H:13])([H:14])[H:15])[H:17],24.0,4.0
7,-0.07544761904761904,AM1BCC,AmberTools,,,C,,8,[H:16][C:7]1([C:6]([C:5]([C:4]([C:9]([C:8]1([H:18])[H:19])([H:20])[H:21])([H:11])[C:2](=[O:1])[O:3][H:10])([H:12])[H:13])([H:14])[H:15])[H:17],24.0,4.0
8,-0.07244761904761905,AM1BCC,AmberTools,,,C,,9,[H:16][C:7]1([C:6]([C:5]([C:4]([C:9]([C:8]1([H:18])[H:19])([H:20])[H:21])([H:11])[C:2](=[O:1])[O:3][H:10])([H:12])[H:13])([H:14])[H:15])[H:17],24.0,4.0
9,0.442952380952381,AM1BCC,AmberTools,,,H,,10,[H:16][C:7]1([C:6]([C:5]([C:4]([C:9]([C:8]1([H:18])[H:19])([H:20])[H:21])([H:11])[C:2](=[O:1])[O:3][H:10])([H:12])[H:13])([H:14])[H:15])[H:17],24.0,4.0
10,0.07965238095238095,AM1BCC,AmberTools,,,H,,11,[H:16][C:7]1([C:6]([C:5]([C:4]([C:9]([C:8]1([H:18])[H:19])([H:20])[H:21])([H:11])[C:2](=[O:1])[O:3][H:10])([H:12])[H:13])([H:14])[H:15])[H:17],24.0,4.0
11,0.056152380952380954,AM1BCC,AmberTools,,,H,,12,[H:16][C:7]1([C:6]([C:5]([C:4]([C:9]([C:8]1([H:18])[H:19])([H:20])[H:21])([H:11])[C:2](=[O:1])[O:3][H:10])([H:12])[H:13])([H:14])[H:15])[H:17],24.0,4.0
12,0.056152380952380954,AM1BCC,AmberTools,,,H,,13,[H:16][C:7]1([C:6]([C:5]([C:4]([C:9]([C:8]1([H:18])[H:19])([H:20])[H:21])([H:11])[C:2](=[O:1])[O:3][H:10])([H:12])[H:13])([H:14])[H:15])[H:17],24.0,4.0
13,0.04440238095238096,AM1BCC,AmberTools,,,H,,14,[H:16][C:7]1([C:6]([C:5]([C:4]([C:9]([C:8]1([H:18])[H:19])([H:20])[H:21])([H:11])[C:2](=[O:1])[O:3][H:10])([H:12])[H:13])([H:14])[H:15])[H:17],24.0,4.0
14,0.04440238095238096,AM1BCC,AmberTools,,,H,,15,[H:16][C:7]1([C:6]([C:5]([C:4]([C:9]([C:8]1([H:18])[H:19])([H:20])[H:21])([H:11])[C:2](=[O:1])[O:3][H:10])([H:12])[H:13])([H:14])[H:15])[H:17],24.0,4.0
15,0.04015238095238095,AM1BCC,AmberTools,,,H,,16,[H:16][C:7]1([C:6]([C:5]([C:4]([C:9]([C:8]1([H:18])[H:19])([H:20])[H:21])([H:11])[C:2](=[O:1])[O:3][H:10])([H:12])[H:13])([H:14])[H:15])[H:17],24.0,4.0
16,0.04015238095238095,AM1BCC,AmberTools,,,H,,17,[H:16][C:7]1([C:6]([C:5]([C:4]([C:9]([C:8]1([H:18])[H:19])([H:20])[H:21])([H:11])[C:2](=[O:1])[O:3][H:10])([H:12])[H:13])([H:14])[H:15])[H:17],24.0,4.0
17,0.04440238095238096,AM1BCC,AmberTools,,,H,,18,[H:16][C:7]1([C:6]([C:5]([C:4]([C:9]([C:8]1([H:18])[H:19])([H:20])[H:21])([H:11])[C:2](=[O:1])[O:3][H:10])([H:12])[H:13])([H:14])[H:15])[H:17],24.0,4.0
18,0.04440238095238096,AM1BCC,AmberTools,,,H,,19,[H:16][C:7]1([C:6]([C:5]([C:4]([C:9]([C:8]1([H:18])[H:19])([H:20])[H:21])([H:11])[C:2](=[O:1])[O:3][H:10])([H:12])[H:13])([H:14])[H:15])[H:17],24.0,4.0
19,0.056152380952380954,AM1BCC,AmberTools,,,H,,20,[H:16][C:7]1([C:6]([C:5]([C:4]([C:9]([C:8]1([H:18])[H:19])([H:20])[H:21])([H:11])[C:2](=[O:1])[O:3][H:10])([H:12])[H:13])([H:14])[H:15])[H:17],24.0,4.0
20,0.056152380952380954,AM1BCC,AmberTools,,,H,,21,[H:16][C:7]1([C:6]([C:5]([C:4]([C:9]([C:8]1([H:18])[H:19])([H:20])[H:21])([H:11])[C:2](=[O:1])[O:3][H:10])([H:12])[H:13])([H:14])[H:15])[H:17],24.0,4.0
0,-0.5524600169488362,AM1BCC,OpenEye,,,O,,1,[H:16][C:7]1([C:6]([C:5]([C:4]([C:9]([C:8]1([H:18])[H:19])([H:20])[H:21])([H:11])[C:2](=[O:1])[O:3][H:10])([H:12])[H:13])([H:14])[H:15])[H:17],24.0,5.0
1,0.6331400253943035,AM1BCC,OpenEye,,,C,,2,[H:16][C:7]1([C:6]([C:5]([C:4]([C:9]([C:8]1([H:18])[H:19])([H:20])[H:21])([H:11])[C:2](=[O:1])[O:3][H:10])([H:12])[H:13])([H:14])[H:15])[H:17],24.0,5.0
2,-0.6029499790498188,AM1BCC,OpenEye,,,O,,3,[H:16][C:7]1([C:6]([C:5]([C:4]([C:9]([C:8]1([H:18])[H:19])([H:20])[H:21])([H:11])[C:2](=[O:1])[O:3][H:10])([H:12])[H:13])([H:14])[H:15])[H:17],24.0,5.0
3,-0.1056400037237576,AM1BCC,OpenEye,,,C,,4,[H:16][C:7]1([C:6]([C:5]([C:4]([C:9]([C:8]1([H:18])[H:19])([H:20])[H:21])([H:11])[C:2](=[O:1])[O:3][H:10])([H:12])[H:13])([H:14])[H:15])[H:17],24.0,5.0
4,-0.0713700002857617,AM1BCC,OpenEye,,,C,,5,[H:16][C:7]1([C:6]([C:5]([C:4]([C:9]([C:8]1([H:18])[H:19])([H:20])[H:21])([H:11])[C:2](=[O:1])[O:3][H:10])([H:12])[H:13])([H:14])[H:15])[H:17],24.0,5.0
5,-0.07733000282730375,AM1BCC,OpenEye,,,C,,6,[H:16][C:7]1([C:6]([C:5]([C:4]([C:9]([C:8]1([H:18])[H:19])([H:20])[H:21])([H:11])[C:2](=[O:1])[O:3][H:10])([H:12])[H:13])([H:14])[H:15])[H:17],24.0,5.0
6,-0.08015000287975584,AM1BCC,OpenEye,,,C,,7,[H:16][C:7]1([C:6]([C:5]([C:4]([C:9]([C:8]1([H:18])[H:19])([H:20])[H:21])([H:11])[C:2](=[O:1])[O:3][H:10])([H:12])[H:13])([H:14])[H:15])[H:17],24.0,5.0
7,-0.07733000282730375,AM1BCC,OpenEye,,,C,,8,[H:16][C:7]1([C:6]([C:5]([C:4]([C:9]([C:8]1([H:18])[H:19])([H:20])[H:21])([H:11])[C:2](=[O:1])[O:3][H:10])([H:12])[H:13])([H:14])[H:15])[H:17],24.0,5.0
8,-0.0713700002857617,AM1BCC,OpenEye,,,C,,9,[H:16][C:7]1([C:6]([C:5]([C:4]([C:9]([C:8]1([H:18])[H:19])([H:20])[H:21])([H:11])[C:2](=[O:1])[O:3][H:10])([H:12])[H:13])([H:14])[H:15])[H:17],24.0,5.0
9,0.44231000329766956,AM1BCC,OpenEye,,,H,,10,[H:16][C:7]1([C:6]([C:5]([C:4]([C:9]([C:8]1([H:18])[H:19])([H:20])[H:21])([H:11])[C:2](=[O:1])[O:3][H:10])([H:12])[H:13])([H:14])[H:15])[H:17],24.0,5.0
10,0.07882999415908541,AM1BCC,OpenEye,,,H,,11,[H:16][C:7]1([C:6]([C:5]([C:4]([C:9]([C:8]1([H:18])[H:19])([H:20])[H:21])([H:11])[C:2](=[O:1])[O:3][H:10])([H:12])[H:13])([H:14])[H:15])[H:17],24.0,5.0
11,0.05544999774013247,AM1BCC,OpenEye,,,H,,12,[H:16][C:7]1([C:6]([C:5]([C:4]([C:9]([C:8]1([H:18])[H:19])([H:20])[H:21])([H:11])[C:2](=[O:1])[O:3][H:10])([H:12])[H:13])([H:14])[H:15])[H:17],24.0,5.0
12,0.05544999774013247,AM1BCC,OpenEye,,,H,,13,[H:16][C:7]1([C:6]([C:5]([C:4]([C:9]([C:8]1([H:18])[H:19])([H:20])[H:21])([H:11])[C:2](=[O:1])[O:3][H:10])([H:12])[H:13])([H:14])[H:15])[H:17],24.0,5.0
13,0.04530999969158854,AM1BCC,OpenEye,,,H,,14,[H:16][C:7]1([C:6]([C:5]([C:4]([C:9]([C:8]1([H:18])[H:19])([H:20])[H:21])([H:11])[C:2](=[O:1])[O:3][H:10])([H:12])[H:13])([H:14])[H:15])[H:17],24.0,5.0
14,0.04530999969158854,AM1BCC,OpenEye,,,H,,15,[H:16][C:7]1([C:6]([C:5]([C:4]([C:9]([C:8]1([H:18])[H:19])([H:20])[H:21])([H:11])[C:2](=[O:1])[O:3][H:10])([H:12])[H:13])([H:14])[H:15])[H:17],24.0,5.0
15,0.040639998125178475,AM1BCC,OpenEye,,,H,,16,[H:16][C:7]1([C:6]([C:5]([C:4]([C:9]([C:8]1([H:18])[H:19])([H:20])[H:21])([H:11])[C:2](=[O:1])[O:3][H:10])([H:12])[H:13])([H:14])[H:15])[H:17],24.0,5.0
16,0.040639998125178475,AM1BCC,OpenEye,,,H,,17,[H:16][C:7]1([C:6]([C:5]([C:4]([C:9]([C:8]1([H:18])[H:19])([H:20])[H:21])([H:11])[C:2](=[O:1])[O:3][H:10])([H:12])[H:13])([H:14])[H:15])[H:17],24.0,5.0
17,0.04530999969158854,AM1BCC,OpenEye,,,H,,18,[H:16][C:7]1([C:6]([C:5]([C:4]([C:9]([C:8]1([H:18])[H:19])([H:20])[H:21])([H:11])[C:2](=[O:1])[O:3][H:10])([H:12])[H:13])([H:14])[H:15])[H:17],24.0,5.0
18,0.04530999969158854,AM1BCC,OpenEye,,,H,,19,[H:16][C:7]1([C:6]([C:5]([C:4]([C:9]([C:8]1([H:18])[H:19])([H:20])[H:21])([H:11])[C:2](=[O:1])[O:3][H:10])([H:12])[H:13])([H:14])[H:15])[H:17],24.0,5.0
19,0.05544999774013247,AM1BCC,OpenEye,,,H,,20,[H:16][C:7]1([C:6]([C:5]([C:4]([C:9]([C:8]1([H:18])[H:19])([H:20])[H:21])([H:11])[C:2](=[O:1])[O:3][H:10])([H:12])[H:13])([H:14])[H:15])[H:17],24.0,5.0
20,0.05544999774013247,AM1BCC,OpenEye,,,H,,21,[H:16][C:7]1([C:6]([C:5]([C:4]([C:9]([C:8]1([H:18])[H:19])([H:20])[H:21])([H:11])[C:2](=[O:1])[O:3][H:10])([H:12])[H:13])([H:14])[H:15])[H:17],24.0,5.0
0,-0.5510476190476191,AM1BCC,AmberTools,,,O,,1,[H:16][C:7]1([C:6]([C:5]([C:4]([C:9]([C:8]1([H:18])[H:19])([H:20])[H:21])([H:11])[C:2](=[O:1])[O:3][H:10])([H:12])[H:13])([H:14])[H:15])[H:17],24.0,5.0
1,0.6350523809523809,AM1BCC,AmberTools,,,C,,2,[H:16][C:7]1([C:6]([C:5]([C:4]([C:9]([C:8]1([H:18])[H:19])([H:20])[H:21])([H:11])[C:2](=[O:1])[O:3][H:10])([H:12])[H:13])([H:14])[H:15])[H:17],24.0,5.0
2,-0.612147619047619,AM1BCC,AmberTools,,,O,,3,[H:16][C:7]1([C:6]([C:5]([C:4]([C:9]([C:8]1([H:18])[H:19])([H:20])[H:21])([H:11])[C:2](=[O:1])[O:3][H:10])([H:12])[H:13])([H:14])[H:15])[H:17],24.0,5.0
3,-0.10174761904761905,AM1BCC,AmberTools,,,C,,4,[H:16][C:7]1([C:6]([C:5]([C:4]([C:9]([C:8]1([H:18])[H:19])([H:20])[H:21])([H:11])[C:2](=[O:1])[O:3][H:10])([H:12])[H:13])([H:14])[H:15])[H:17],24.0,5.0
4,-0.07244761904761905,AM1BCC,AmberTools,,,C,,5,[H:16][C:7]1([C:6]([C:5]([C:4]([C:9]([C:8]1([H:18])[H:19])([H:20])[H:21])([H:11])[C:2](=[O:1])[O:3][H:10])([H:12])[H:13])([H:14])[H:15])[H:17],24.0,5.0
5,-0.07544761904761904,AM1BCC,AmberTools,,,C,,6,[H:16][C:7]1([C:6]([C:5]([C:4]([C:9]([C:8]1([H:18])[H:19])([H:20])[H:21])([H:11])[C:2](=[O:1])[O:3][H:10])([H:12])[H:13])([H:14])[H:15])[H:17],24.0,5.0
6,-0.07944761904761904,AM1BCC,AmberTools,,,C,,7,[H:16][C:7]1([C:6]([C:5]([C:4]([C:9]([C:8]1([H:18])[H:19])([H:20])[H:21])([H:11])[C:2](=[O:1])[O:3][H:10])([H:12])[H:13])([H:14])[H:15])[H:17],24.0,5.0
7,-0.07544761904761904,AM1BCC,AmberTools,,,C,,8,[H:16][C:7]1([C:6]([C:5]([C:4]([C:9]([C:8]1([H:18])[H:19])([H:20])[H:21])([H:11])[C:2](=[O:1])[O:3][H:10])([H:12])[H:13])([H:14])[H:15])[H:17],24.0,5.0
8,-0.07244761904761905,AM1BCC,AmberTools,,,C,,9,[H:16][C:7]1([C:6]([C:5]([C:4]([C:9]([C:8]1([H:18])[H:19])([H:20])[H:21])([H:11])[C:2](=[O:1])[O:3][H:10])([H:12])[H:13])([H:14])[H:15])[H:17],24.0,5.0
9,0.442952380952381,AM1BCC,AmberTools,,,H,,10,[H:16][C:7]1([C:6]([C:5]([C:4]([C:9]([C:8]1([H:18])[H:19])([H:20])[H:21])([H:11])[C:2](=[O:1])[O:3][H:10])([H:12])[H:13])([H:14])[H:15])[H:17],24.0,5.0
10,0.07965238095238095,AM1BCC,AmberTools,,,H,,11,[H:16][C:7]1([C:6]([C:5]([C:4]([C:9]([C:8]1([H:18])[H:19])([H:20])[H:21])([H:11])[C:2](=[O:1])[O:3][H:10])([H:12])[H:13])([H:14])[H:15])[H:17],24.0,5.0
11,0.056152380952380954,AM1BCC,AmberTools,,,H,,12,[H:16][C:7]1([C:6]([C:5]([C:4]([C:9]([C:8]1([H:18])[H:19])([H:20])[H:21])([H:11])[C:2](=[O:1])[O:3][H:10])([H:12])[H:13])([H:14])[H:15])[H:17],24.0,5.0
12,0.056152380952380954,AM1BCC,AmberTools,,,H,,13,[H:16][C:7]1([C:6]([C:5]([C:4]([C:9]([C:8]1([H:18])[H:19])([H:20])[H:21])([H:11])[C:2](=[O:1])[O:3][H:10])([H:12])[H:13])([H:14])[H:15])[H:17],24.0,5.0
13,0.04440238095238096,AM1BCC,AmberTools,,,H,,14,[H:16][C:7]1([C:6]([C:5]([C:4]([C:9]([C:8]1([H:18])[H:19])([H:20])[H:21])([H:11])[C:2](=[O:1])[O:3][H:10])([H:12])[H:13])([H:14])[H:15])[H:17],24.0,5.0
14,0.04440238095238096,AM1BCC,AmberTools,,,H,,15,[H:16][C:7]1([C:6]([C:5]([C:4]([C:9]([C:8]1([H:18])[H:19])([H:20])[H:21])([H:11])[C:2](=[O:1])[O:3][H:10])([H:12])[H:13])([H:14])[H:15])[H:17],24.0,5.0
15,0.04015238095238095,AM1BCC,AmberTools,,,H,,16,[H:16][C:7]1([C:6]([C:5]([C:4]([C:9]([C:8]1([H:18])[H:19])([H:20])[H:21])([H:11])[C:2](=[O:1])[O:3][H:10])([H:12])[H:13])([H:14])[H:15])[H:17],24.0,5.0
16,0.04015238095238095,AM1BCC,AmberTools,,,H,,17,[H:16][C:7]1([C:6]([C:5]([C:4]([C:9]([C:8]1([H:18])[H:19])([H:20])[H:21])([H:11])[C:2](=[O:1])[O:3][H:10])([H:12])[H:13])([H:14])[H:15])[H:17],24.0,5.0
17,0.04440238095238096,AM1BCC,AmberTools,,,H,,18,[H:16][C:7]1([C:6]([C:5]([C:4]([C:9]([C:8]1([H:18])[H:19])([H:20])[H:21])([H:11])[C:2](=[O:1])[O:3][H:10])([H:12])[H:13])([H:14])[H:15])[H:17],24.0,5.0
18,0.04440238095238096,AM1BCC,AmberTools,,,H,,19,[H:16][C:7]1([C:6]([C:5]([C:4]([C:9]([C:8]1([H:18])[H:19])([H:20])[H:21])([H:11])[C:2](=[O:1])[O:3][H:10])([H:12])[H:13])([H:14])[H:15])[H:17],24.0,5.0
19,0.056152380952380954,AM1BCC,AmberTools,,,H,,20,[H:16][C:7]1([C:6]([C:5]([C:4]([C:9]([C:8]1([H:18])[H:19])([H:20])[H:21])([H:11])[C:2](=[O:1])[O:3][H:10])([H:12])[H:13])([H:14])[H:15])[H:17],24.0,5.0
20,0.056152380952380954,AM1BCC,AmberTools,,,H,,21,[H:16][C:7]1([C:6]([C:5]([C:4]([C:9]([C:8]1([H:18])[H:19])([H:20])[H:21])([H:11])[C:2](=[O:1])[O:3][H:10])([H:12])[H:13])([H:14])[H:15])[H:17],24.0,5.0
0,-0.5524600169488362,AM1BCC,OpenEye,,,O,,1,[H:16][C:7]1([C:6]([C:5]([C:4]([C:9]([C:8]1([H:18])[H:19])([H:20])[H:21])([H:11])[C:2](=[O:1])[O:3][H:10])([H:12])[H:13])([H:14])[H:15])[H:17],24.0,6.0
1,0.6331400253943035,AM1BCC,OpenEye,,,C,,2,[H:16][C:7]1([C:6]([C:5]([C:4]([C:9]([C:8]1([H:18])[H:19])([H:20])[H:21])([H:11])[C:2](=[O:1])[O:3][H:10])([H:12])[H:13])([H:14])[H:15])[H:17],24.0,6.0
2,-0.6029499790498188,AM1BCC,OpenEye,,,O,,3,[H:16][C:7]1([C:6]([C:5]([C:4]([C:9]([C:8]1([H:18])[H:19])([H:20])[H:21])([H:11])[C:2](=[O:1])[O:3][H:10])([H:12])[H:13])([H:14])[H:15])[H:17],24.0,6.0
3,-0.1056400037237576,AM1BCC,OpenEye,,,C,,4,[H:16][C:7]1([C:6]([C:5]([C:4]([C:9]([C:8]1([H:18])[H:19])([H:20])[H:21])([H:11])[C:2](=[O:1])[O:3][H:10])([H:12])[H:13])([H:14])[H:15])[H:17],24.0,6.0
4,-0.0713700002857617,AM1BCC,OpenEye,,,C,,5,[H:16][C:7]1([C:6]([C:5]([C:4]([C:9]([C:8]1([H:18])[H:19])([H:20])[H:21])([H:11])[C:2](=[O:1])[O:3][H:10])([H:12])[H:13])([H:14])[H:15])[H:17],24.0,6.0
5,-0.07733000282730375,AM1BCC,OpenEye,,,C,,6,[H:16][C:7]1([C:6]([C:5]([C:4]([C:9]([C:8]1([H:18])[H:19])([H:20])[H:21])([H:11])[C:2](=[O:1])[O:3][H:10])([H:12])[H:13])([H:14])[H:15])[H:17],24.0,6.0
6,-0.08015000287975584,AM1BCC,OpenEye,,,C,,7,[H:16][C:7]1([C:6]([C:5]([C:4]([C:9]([C:8]1([H:18])[H:19])([H:20])[H:21])([H:11])[C:2](=[O:1])[O:3][H:10])([H:12])[H:13])([H:14])[H:15])[H:17],24.0,6.0
7,-0.07733000282730375,AM1BCC,OpenEye,,,C,,8,[H:16][C:7]1([C:6]([C:5]([C:4]([C:9]([C:8]1([H:18])[H:19])([H:20])[H:21])([H:11])[C:2](=[O:1])[O:3][H:10])([H:12])[H:13])([H:14])[H:15])[H:17],24.0,6.0
8,-0.0713700002857617,AM1BCC,OpenEye,,,C,,9,[H:16][C:7]1([C:6]([C:5]([C:4]([C:9]([C:8]1([H:18])[H:19])([H:20])[H:21])([H:11])[C:2](=[O:1])[O:3][H:10])([H:12])[H:13])([H:14])[H:15])[H:17],24.0,6.0
9,0.44231000329766956,AM1BCC,OpenEye,,,H,,10,[H:16][C:7]1([C:6]([C:5]([C:4]([C:9]([C:8]1([H:18])[H:19])([H:20])[H:21])([H:11])[C:2](=[O:1])[O:3][H:10])([H:12])[H:13])([H:14])[H:15])[H:17],24.0,6.0
10,0.07882999415908541,AM1BCC,OpenEye,,,H,,11,[H:16][C:7]1([C:6]([C:5]([C:4]([C:9]([C:8]1([H:18])[H:19])([H:20])[H:21])([H:11])[C:2](=[O:1])[O:3][H:10])([H:12])[H:13])([H:14])[H:15])[H:17],24.0,6.0
11,0.05544999774013247,AM1BCC,OpenEye,,,H,,12,[H:16][C:7]1([C:6]([C:5]([C:4]([C:9]([C:8]1([H:18])[H:19])([H:20])[H:21])([H:11])[C:2](=[O:1])[O:3][H:10])([H:12])[H:13])([H:14])[H:15])[H:17],24.0,6.0
12,0.05544999774013247,AM1BCC,OpenEye,,,H,,13,[H:16][C:7]1([C:6]([C:5]([C:4]([C:9]([C:8]1([H:18])[H:19])([H:20])[H:21])([H:11])[C:2](=[O:1])[O:3][H:10])([H:12])[H:13])([H:14])[H:15])[H:17],24.0,6.0
13,0.04530999969158854,AM1BCC,OpenEye,,,H,,14,[H:16][C:7]1([C:6]([C:5]([C:4]([C:9]([C:8]1([H:18])[H:19])([H:20])[H:21])([H:11])[C:2](=[O:1])[O:3][H:10])([H:12])[H:13])([H:14])[H:15])[H:17],24.0,6.0
14,0.04530999969158854,AM1BCC,OpenEye,,,H,,15,[H:16][C:7]1([C:6]([C:5]([C:4]([C:9]([C:8]1([H:18])[H:19])([H:20])[H:21])([H:11])[C:2](=[O:1])[O:3][H:10])([H:12])[H:13])([H:14])[H:15])[H:17],24.0,6.0
15,0.040639998125178475,AM1BCC,OpenEye,,,H,,16,[H:16][C:7]1([C:6]([C:5]([C:4]([C:9]([C:8]1([H:18])[H:19])([H:20])[H:21])([H:11])[C:2](=[O:1])[O:3][H:10])([H:12])[H:13])([H:14])[H:15])[H:17],24.0,6.0
16,0.040639998125178475,AM1BCC,OpenEye,,,H,,17,[H:16][C:7]1([C:6]([C:5]([C:4]([C:9]([C:8]1([H:18])[H:19])([H:20])[H:21])([H:11])[C:2](=[O:1])[O:3][H:10])([H:12])[H:13])([H:14])[H:15])[H:17],24.0,6.0
17,0.04530999969158854,AM1BCC,OpenEye,,,H,,18,[H:16][C:7]1([C:6]([C:5]([C:4]([C:9]([C:8]1([H:18])[H:19])([H:20])[H:21])([H:11])[C:2](=[O:1])[O:3][H:10])([H:12])[H:13])([H:14])[H:15])[H:17],24.0,6.0
18,0.04530999969158854,AM1BCC,OpenEye,,,H,,19,[H:16][C:7]1([C:6]([C:5]([C:4]([C:9]([C:8]1([H:18])[H:19])([H:20])[H:21])([H:11])[C:2](=[O:1])[O:3][H:10])([H:12])[H:13])([H:14])[H:15])[H:17],24.0,6.0
19,0.05544999774013247,AM1BCC,OpenEye,,,H,,20,[H:16][C:7]1([C:6]([C:5]([C:4]([C:9]([C:8]1([H:18])[H:19])([H:20])[H:21])([H:11])[C:2](=[O:1])[O:3][H:10])([H:12])[H:13])([H:14])[H:15])[H:17],24.0,6.0
20,0.05544999774013247,AM1BCC,OpenEye,,,H,,21,[H:16][C:7]1([C:6]([C:5]([C:4]([C:9]([C:8]1([H:18])[H:19])([H:20])[H:21])([H:11])[C:2](=[O:1])[O:3][H:10])([H:12])[H:13])([H:14])[H:15])[H:17],24.0,6.0
0,-0.5510476190476191,AM1BCC,AmberTools,,,O,,1,[H:16][C:7]1([C:6]([C:5]([C:4]([C:9]([C:8]1([H:18])[H:19])([H:20])[H:21])([H:11])[C:2](=[O:1])[O:3][H:10])([H:12])[H:13])([H:14])[H:15])[H:17],24.0,6.0
1,0.6350523809523809,AM1BCC,AmberTools,,,C,,2,[H:16][C:7]1([C:6]([C:5]([C:4]([C:9]([C:8]1([H:18])[H:19])([H:20])[H:21])([H:11])[C:2](=[O:1])[O:3][H:10])([H:12])[H:13])([H:14])[H:15])[H:17],24.0,6.0
2,-0.612147619047619,AM1BCC,AmberTools,,,O,,3,[H:16][C:7]1([C:6]([C:5]([C:4]([C:9]([C:8]1([H:18])[H:19])([H:20])[H:21])([H:11])[C:2](=[O:1])[O:3][H:10])([H:12])[H:13])([H:14])[H:15])[H:17],24.0,6.0
3,-0.10174761904761905,AM1BCC,AmberTools,,,C,,4,[H:16][C:7]1([C:6]([C:5]([C:4]([C:9]([C:8]1([H:18])[H:19])([H:20])[H:21])([H:11])[C:2](=[O:1])[O:3][H:10])([H:12])[H:13])([H:14])[H:15])[H:17],24.0,6.0
4,-0.07244761904761905,AM1BCC,AmberTools,,,C,,5,[H:16][C:7]1([C:6]([C:5]([C:4]([C:9]([C:8]1([H:18])[H:19])([H:20])[H:21])([H:11])[C:2](=[O:1])[O:3][H:10])([H:12])[H:13])([H:14])[H:15])[H:17],24.0,6.0
5,-0.07544761904761904,AM1BCC,AmberTools,,,C,,6,[H:16][C:7]1([C:6]([C:5]([C:4]([C:9]([C:8]1([H:18])[H:19])([H:20])[H:21])([H:11])[C:2](=[O:1])[O:3][H:10])([H:12])[H:13])([H:14])[H:15])[H:17],24.0,6.0
6,-0.07944761904761904,AM1BCC,AmberTools,,,C,,7,[H:16][C:7]1([C:6]([C:5]([C:4]([C:9]([C:8]1([H:18])[H:19])([H:20])[H:21])([H:11])[C:2](=[O:1])[O:3][H:10])([H:12])[H:13])([H:14])[H:15])[H:17],24.0,6.0
7,-0.07544761904761904,AM1BCC,AmberTools,,,C,,8,[H:16][C:7]1([C:6]([C:5]([C:4]([C:9]([C:8]1([H:18])[H:19])([H:20])[H:21])([H:11])[C:2](=[O:1])[O:3][H:10])([H:12])[H:13])([H:14])[H:15])[H:17],24.0,6.0
8,-0.07244761904761905,AM1BCC,AmberTools,,,C,,9,[H:16][C:7]1([C:6]([C:5]([C:4]([C:9]([C:8]1([H:18])[H:19])([H:20])[H:21])([H:11])[C:2](=[O:1])[O:3][H:10])([H:12])[H:13])([H:14])[H:15])[H:17],24.0,6.0
9,0.442952380952381,AM1BCC,AmberTools,,,H,,10,[H:16][C:7]1([C:6]([C:5]([C:4]([C:9]([C:8]1([H:18])[H:19])([H:20])[H:21])([H:11])[C:2](=[O:1])[O:3][H:10])([H:12])[H:13])([H:14])[H:15])[H:17],24.0,6.0
10,0.07965238095238095,AM1BCC,AmberTools,,,H,,11,[H:16][C:7]1([C:6]([C:5]([C:4]([C:9]([C:8]1([H:18])[H:19])([H:20])[H:21])([H:11])[C:2](=[O:1])[O:3][H:10])([H:12])[H:13])([H:14])[H:15])[H:17],24.0,6.0
11,0.056152380952380954,AM1BCC,AmberTools,,,H,,12,[H:16][C:7]1([C:6]([C:5]([C:4]([C:9]([C:8]1([H:18])[H:19])([H:20])[H:21])([H:11])[C:2](=[O:1])[O:3][H:10])([H:12])[H:13])([H:14])[H:15])[H:17],24.0,6.0
12,0.056152380952380954,AM1BCC,AmberTools,,,H,,13,[H:16][C:7]1([C:6]([C:5]([C:4]([C:9]([C:8]1([H:18])[H:19])([H:20])[H:21])([H:11])[C:2](=[O:1])[O:3][H:10])([H:12])[H:13])([H:14])[H:15])[H:17],24.0,6.0
13,0.04440238095238096,AM1BCC,AmberTools,,,H,,14,[H:16][C:7]1([C:6]([C:5]([C:4]([C:9]([C:8]1([H:18])[H:19])([H:20])[H:21])([H:11])[C:2](=[O:1])[O:3][H:10])([H:12])[H:13])([H:14])[H:15])[H:17],24.0,6.0
14,0.04440238095238096,AM1BCC,AmberTools,,,H,,15,[H:16][C:7]1([C:6]([C:5]([C:4]([C:9]([C:8]1([H:18])[H:19])([H:20])[H:21])([H:11])[C:2](=[O:1])[O:3][H:10])([H:12])[H:13])([H:14])[H:15])[H:17],24.0,6.0
15,0.04015238095238095,AM1BCC,AmberTools,,,H,,16,[H:16][C:7]1([C:6]([C:5]([C:4]([C:9]([C:8]1([H:18])[H:19])([H:20])[H:21])([H:11])[C:2](=[O:1])[O:3][H:10])([H:12])[H:13])([H:14])[H:15])[H:17],24.0,6.0
16,0.04015238095238095,AM1BCC,AmberTools,,,H,,17,[H:16][C:7]1([C:6]([C:5]([C:4]([C:9]([C:8]1([H:18])[H:19])([H:20])[H:21])([H:11])[C:2](=[O:1])[O:3][H:10])([H:12])[H:13])([H:14])[H:15])[H:17],24.0,6.0
17,0.04440238095238096,AM1BCC,AmberTools,,,H,,18,[H:16][C:7]1([C:6]([C:5]([C:4]([C:9]([C:8]1([H:18])[H:19])([H:20])[H:21])([H:11])[C:2](=[O:1])[O:3][H:10])([H:12])[H:13])([H:14])[H:15])[H:17],24.0,6.0
18,0.04440238095238096,AM1BCC,AmberTools,,,H,,19,[H:16][C:7]1([C:6]([C:5]([C:4]([C:9]([C:8]1([H:18])[H:19])([H:20])[H:21])([H:11])[C:2](=[O:1])[O:3][H:10])([H:12])[H:13])([H:14])[H:15])[H:17],24.0,6.0
19,0.056152380952380954,AM1BCC,AmberTools,,,H,,20,[H:16][C:7]1([C:6]([C:5]([C:4]([C:9]([C:8]1([H:18])[H:19])([H:20])[H:21])([H:11])[C:2](=[O:1])[O:3][H:10])([H:12])[H:13])([H:14])[H:15])[H:17],24.0,6.0
20,0.056152380952380954,AM1BCC,AmberTools,,,H,,21,[H:16][C:7]1([C:6]([C:5]([C:4]([C:9]([C:8]1([H:18])[H:19])([H:20])[H:21])([H:11])[C:2](=[O:1])[O:3][H:10])([H:12])[H:13])([H:14])[H:15])[H:17],24.0,6.0
0,-0.5524600169488362,AM1BCC,OpenEye,,,O,,1,[H:16][C:7]1([C:6]([C:5]([C:4]([C:9]([C:8]1([H:18])[H:19])([H:20])[H:21])([H:11])[C:2](=[O:1])[O:3][H:10])([H:12])[H:13])([H:14])[H:15])[H:17],24.0,7.0
1,0.6331400253943035,AM1BCC,OpenEye,,,C,,2,[H:16][C:7]1([C:6]([C:5]([C:4]([C:9]([C:8]1([H:18])[H:19])([H:20])[H:21])([H:11])[C:2](=[O:1])[O:3][H:10])([H:12])[H:13])([H:14])[H:15])[H:17],24.0,7.0
2,-0.6029499790498188,AM1BCC,OpenEye,,,O,,3,[H:16][C:7]1([C:6]([C:5]([C:4]([C:9]([C:8]1([H:18])[H:19])([H:20])[H:21])([H:11])[C:2](=[O:1])[O:3][H:10])([H:12])[H:13])([H:14])[H:15])[H:17],24.0,7.0
3,-0.1056400037237576,AM1BCC,OpenEye,,,C,,4,[H:16][C:7]1([C:6]([C:5]([C:4]([C:9]([C:8]1([H:18])[H:19])([H:20])[H:21])([H:11])[C:2](=[O:1])[O:3][H:10])([H:12])[H:13])([H:14])[H:15])[H:17],24.0,7.0
4,-0.0713700002857617,AM1BCC,OpenEye,,,C,,5,[H:16][C:7]1([C:6]([C:5]([C:4]([C:9]([C:8]1([H:18])[H:19])([H:20])[H:21])([H:11])[C:2](=[O:1])[O:3][H:10])([H:12])[H:13])([H:14])[H:15])[H:17],24.0,7.0
5,-0.07733000282730375,AM1BCC,OpenEye,,,C,,6,[H:16][C:7]1([C:6]([C:5]([C:4]([C:9]([C:8]1([H:18])[H:19])([H:20])[H:21])([H:11])[C:2](=[O:1])[O:3][H:10])([H:12])[H:13])([H:14])[H:15])[H:17],24.0,7.0
6,-0.08015000287975584,AM1BCC,OpenEye,,,C,,7,[H:16][C:7]1([C:6]([C:5]([C:4]([C:9]([C:8]1([H:18])[H:19])([H:20])[H:21])([H:11])[C:2](=[O:1])[O:3][H:10])([H:12])[H:13])([H:14])[H:15])[H:17],24.0,7.0
7,-0.07733000282730375,AM1BCC,OpenEye,,,C,,8,[H:16][C:7]1([C:6]([C:5]([C:4]([C:9]([C:8]1([H:18])[H:19])([H:20])[H:21])([H:11])[C:2](=[O:1])[O:3][H:10])([H:12])[H:13])([H:14])[H:15])[H:17],24.0,7.0
8,-0.0713700002857617,AM1BCC,OpenEye,,,C,,9,[H:16][C:7]1([C:6]([C:5]([C:4]([C:9]([C:8]1([H:18])[H:19])([H:20])[H:21])([H:11])[C:2](=[O:1])[O:3][H:10])([H:12])[H:13])([H:14])[H:15])[H:17],24.0,7.0
9,0.44231000329766956,AM1BCC,OpenEye,,,H,,10,[H:16][C:7]1([C:6]([C:5]([C:4]([C:9]([C:8]1([H:18])[H:19])([H:20])[H:21])([H:11])[C:2](=[O:1])[O:3][H:10])([H:12])[H:13])([H:14])[H:15])[H:17],24.0,7.0
10,0.07882999415908541,AM1BCC,OpenEye,,,H,,11,[H:16][C:7]1([C:6]([C:5]([C:4]([C:9]([C:8]1([H:18])[H:19])([H:20])[H:21])([H:11])[C:2](=[O:1])[O:3][H:10])([H:12])[H:13])([H:14])[H:15])[H:17],24.0,7.0
11,0.05544999774013247,AM1BCC,OpenEye,,,H,,12,[H:16][C:7]1([C:6]([C:5]([C:4]([C:9]([C:8]1([H:18])[H:19])([H:20])[H:21])([H:11])[C:2](=[O:1])[O:3][H:10])([H:12])[H:13])([H:14])[H:15])[H:17],24.0,7.0
12,0.05544999774013247,AM1BCC,OpenEye,,,H,,13,[H:16][C:7]1([C:6]([C:5]([C:4]([C:9]([C:8]1([H:18])[H:19])([H:20])[H:21])([H:11])[C:2](=[O:1])[O:3][H:10])([H:12])[H:13])([H:14])[H:15])[H:17],24.0,7.0
13,0.04530999969158854,AM1BCC,OpenEye,,,H,,14,[H:16][C:7]1([C:6]([C:5]([C:4]([C:9]([C:8]1([H:18])[H:19])([H:20])[H:21])([H:11])[C:2](=[O:1])[O:3][H:10])([H:12])[H:13])([H:14])[H:15])[H:17],24.0,7.0
14,0.04530999969158854,AM1BCC,OpenEye,,,H,,15,[H:16][C:7]1([C:6]([C:5]([C:4]([C:9]([C:8]1([H:18])[H:19])([H:20])[H:21])([H:11])[C:2](=[O:1])[O:3][H:10])([H:12])[H:13])([H:14])[H:15])[H:17],24.0,7.0
15,0.040639998125178475,AM1BCC,OpenEye,,,H,,16,[H:16][C:7]1([C:6]([C:5]([C:4]([C:9]([C:8]1([H:18])[H:19])([H:20])[H:21])([H:11])[C:2](=[O:1])[O:3][H:10])([H:12])[H:13])([H:14])[H:15])[H:17],24.0,7.0
16,0.040639998125178475,AM1BCC,OpenEye,,,H,,17,[H:16][C:7]1([C:6]([C:5]([C:4]([C:9]([C:8]1([H:18])[H:19])([H:20])[H:21])([H:11])[C:2](=[O:1])[O:3][H:10])([H:12])[H:13])([H:14])[H:15])[H:17],24.0,7.0
17,0.04530999969158854,AM1BCC,OpenEye,,,H,,18,[H:16][C:7]1([C:6]([C:5]([C:4]([C:9]([C:8]1([H:18])[H:19])([H:20])[H:21])([H:11])[C:2](=[O:1])[O:3][H:10])([H:12])[H:13])([H:14])[H:15])[H:17],24.0,7.0
18,0.04530999969158854,AM1BCC,OpenEye,,,H,,19,[H:16][C:7]1([C:6]([C:5]([C:4]([C:9]([C:8]1([H:18])[H:19])([H:20])[H:21])([H:11])[C:2](=[O:1])[O:3][H:10])([H:12])[H:13])([H:14])[H:15])[H:17],24.0,7.0
19,0.05544999774013247,AM1BCC,OpenEye,,,H,,20,[H:16][C:7]1([C:6]([C:5]([C:4]([C:9]([C:8]1([H:18])[H:19])([H:20])[H:21])([H:11])[C:2](=[O:1])[O:3][H:10])([H:12])[H:13])([H:14])[H:15])[H:17],24.0,7.0
20,0.05544999774013247,AM1BCC,OpenEye,,,H,,21,[H:16][C:7]1([C:6]([C:5]([C:4]([C:9]([C:8]1([H:18])[H:19])([H:20])[H:21])([H:11])[C:2](=[O:1])[O:3][H:10])([H:12])[H:13])([H:14])[H:15])[H:17],24.0,7.0
0,-0.5510476190476191,AM1BCC,AmberTools,,,O,,1,[H:16][C:7]1([C:6]([C:5]([C:4]([C:9]([C:8]1([H:18])[H:19])([H:20])[H:21])([H:11])[C:2](=[O:1])[O:3][H:10])([H:12])[H:13])([H:14])[H:15])[H:17],24.0,7.0
1,0.6350523809523809,AM1BCC,AmberTools,,,C,,2,[H:16][C:7]1([C:6]([C:5]([C:4]([C:9]([C:8]1([H:18])[H:19])([H:20])[H:21])([H:11])[C:2](=[O:1])[O:3][H:10])([H:12])[H:13])([H:14])[H:15])[H:17],24.0,7.0
2,-0.612147619047619,AM1BCC,AmberTools,,,O,,3,[H:16][C:7]1([C:6]([C:5]([C:4]([C:9]([C:8]1([H:18])[H:19])([H:20])[H:21])([H:11])[C:2](=[O:1])[O:3][H:10])([H:12])[H:13])([H:14])[H:15])[H:17],24.0,7.0
3,-0.10174761904761905,AM1BCC,AmberTools,,,C,,4,[H:16][C:7]1([C:6]([C:5]([C:4]([C:9]([C:8]1([H:18])[H:19])([H:20])[H:21])([H:11])[C:2](=[O:1])[O:3][H:10])([H:12])[H:13])([H:14])[H:15])[H:17],24.0,7.0
4,-0.07244761904761905,AM1BCC,AmberTools,,,C,,5,[H:16][C:7]1([C:6]([C:5]([C:4]([C:9]([C:8]1([H:18])[H:19])([H:20])[H:21])([H:11])[C:2](=[O:1])[O:3][H:10])([H:12])[H:13])([H:14])[H:15])[H:17],24.0,7.0
5,-0.07544761904761904,AM1BCC,AmberTools,,,C,,6,[H:16][C:7]1([C:6]([C:5]([C:4]([C:9]([C:8]1([H:18])[H:19])([H:20])[H:21])([H:11])[C:2](=[O:1])[O:3][H:10])([H:12])[H:13])([H:14])[H:15])[H:17],24.0,7.0
6,-0.07944761904761904,AM1BCC,AmberTools,,,C,,7,[H:16][C:7]1([C:6]([C:5]([C:4]([C:9]([C:8]1([H:18])[H:19])([H:20])[H:21])([H:11])[C:2](=[O:1])[O:3][H:10])([H:12])[H:13])([H:14])[H:15])[H:17],24.0,7.0
7,-0.07544761904761904,AM1BCC,AmberTools,,,C,,8,[H:16][C:7]1([C:6]([C:5]([C:4]([C:9]([C:8]1([H:18])[H:19])([H:20])[H:21])([H:11])[C:2](=[O:1])[O:3][H:10])([H:12])[H:13])([H:14])[H:15])[H:17],24.0,7.0
8,-0.07244761904761905,AM1BCC,AmberTools,,,C,,9,[H:16][C:7]1([C:6]([C:5]([C:4]([C:9]([C:8]1([H:18])[H:19])([H:20])[H:21])([H:11])[C:2](=[O:1])[O:3][H:10])([H:12])[H:13])([H:14])[H:15])[H:17],24.0,7.0
9,0.442952380952381,AM1BCC,AmberTools,,,H,,10,[H:16][C:7]1([C:6]([C:5]([C:4]([C:9]([C:8]1([H:18])[H:19])([H:20])[H:21])([H:11])[C:2](=[O:1])[O:3][H:10])([H:12])[H:13])([H:14])[H:15])[H:17],24.0,7.0
10,0.07965238095238095,AM1BCC,AmberTools,,,H,,11,[H:16][C:7]1([C:6]([C:5]([C:4]([C:9]([C:8]1([H:18])[H:19])([H:20])[H:21])([H:11])[C:2](=[O:1])[O:3][H:10])([H:12])[H:13])([H:14])[H:15])[H:17],24.0,7.0
11,0.056152380952380954,AM1BCC,AmberTools,,,H,,12,[H:16][C:7]1([C:6]([C:5]([C:4]([C:9]([C:8]1([H:18])[H:19])([H:20])[H:21])([H:11])[C:2](=[O:1])[O:3][H:10])([H:12])[H:13])([H:14])[H:15])[H:17],24.0,7.0
12,0.056152380952380954,AM1BCC,AmberTools,,,H,,13,[H:16][C:7]1([C:6]([C:5]([C:4]([C:9]([C:8]1([H:18])[H:19])([H:20])[H:21])([H:11])[C:2](=[O:1])[O:3][H:10])([H:12])[H:13])([H:14])[H:15])[H:17],24.0,7.0
13,0.04440238095238096,AM1BCC,AmberTools,,,H,,14,[H:16][C:7]1([C:6]([C:5]([C:4]([C:9]([C:8]1([H:18])[H:19])([H:20])[H:21])([H:11])[C:2](=[O:1])[O:3][H:10])([H:12])[H:13])([H:14])[H:15])[H:17],24.0,7.0
14,0.04440238095238096,AM1BCC,AmberTools,,,H,,15,[H:16][C:7]1([C:6]([C:5]([C:4]([C:9]([C:8]1([H:18])[H:19])([H:20])[H:21])([H:11])[C:2](=[O:1])[O:3][H:10])([H:12])[H:13])([H:14])[H:15])[H:17],24.0,7.0
15,0.04015238095238095,AM1BCC,AmberTools,,,H,,16,[H:16][C:7]1([C:6]([C:5]([C:4]([C:9]([C:8]1([H:18])[H:19])([H:20])[H:21])([H:11])[C:2](=[O:1])[O:3][H:10])([H:12])[H:13])([H:14])[H:15])[H:17],24.0,7.0
16,0.04015238095238095,AM1BCC,AmberTools,,,H,,17,[H:16][C:7]1([C:6]([C:5]([C:4]([C:9]([C:8]1([H:18])[H:19])([H:20])[H:21])([H:11])[C:2](=[O:1])[O:3][H:10])([H:12])[H:13])([H:14])[H:15])[H:17],24.0,7.0
17,0.04440238095238096,AM1BCC,AmberTools,,,H,,18,[H:16][C:7]1([C:6]([C:5]([C:4]([C:9]([C:8]1([H:18])[H:19])([H:20])[H:21])([H:11])[C:2](=[O:1])[O:3][H:10])([H:12])[H:13])([H:14])[H:15])[H:17],24.0,7.0
18,0.04440238095238096,AM1BCC,AmberTools,,,H,,19,[H:16][C:7]1([C:6]([C:5]([C:4]([C:9]([C:8]1([H:18])[H:19])([H:20])[H:21])([H:11])[C:2](=[O:1])[O:3][H:10])([H:12])[H:13])([H:14])[H:15])[H:17],24.0,7.0
19,0.056152380952380954,AM1BCC,AmberTools,,,H,,20,[H:16][C:7]1([C:6]([C:5]([C:4]([C:9]([C:8]1([H:18])[H:19])([H:20])[H:21])([H:11])[C:2](=[O:1])[O:3][H:10])([H:12])[H:13])([H:14])[H:15])[H:17],24.0,7.0
20,0.056152380952380954,AM1BCC,AmberTools,,,H,,21,[H:16][C:7]1([C:6]([C:5]([C:4]([C:9]([C:8]1([H:18])[H:19])([H:20])[H:21])([H:11])[C:2](=[O:1])[O:3][H:10])([H:12])[H:13])([H:14])[H:15])[H:17],24.0,7.0
0,-0.5524600169488362,AM1BCC,OpenEye,,,O,,1,[H:16][C:7]1([C:6]([C:5]([C:4]([C:9]([C:8]1([H:18])[H:19])([H:20])[H:21])([H:11])[C:2](=[O:1])[O:3][H:10])([H:12])[H:13])([H:14])[H:15])[H:17],24.0,8.0
1,0.6331400253943035,AM1BCC,OpenEye,,,C,,2,[H:16][C:7]1([C:6]([C:5]([C:4]([C:9]([C:8]1([H:18])[H:19])([H:20])[H:21])([H:11])[C:2](=[O:1])[O:3][H:10])([H:12])[H:13])([H:14])[H:15])[H:17],24.0,8.0
2,-0.6029499790498188,AM1BCC,OpenEye,,,O,,3,[H:16][C:7]1([C:6]([C:5]([C:4]([C:9]([C:8]1([H:18])[H:19])([H:20])[H:21])([H:11])[C:2](=[O:1])[O:3][H:10])([H:12])[H:13])([H:14])[H:15])[H:17],24.0,8.0
3,-0.1056400037237576,AM1BCC,OpenEye,,,C,,4,[H:16][C:7]1([C:6]([C:5]([C:4]([C:9]([C:8]1([H:18])[H:19])([H:20])[H:21])([H:11])[C:2](=[O:1])[O:3][H:10])([H:12])[H:13])([H:14])[H:15])[H:17],24.0,8.0
4,-0.0713700002857617,AM1BCC,OpenEye,,,C,,5,[H:16][C:7]1([C:6]([C:5]([C:4]([C:9]([C:8]1([H:18])[H:19])([H:20])[H:21])([H:11])[C:2](=[O:1])[O:3][H:10])([H:12])[H:13])([H:14])[H:15])[H:17],24.0,8.0
5,-0.07733000282730375,AM1BCC,OpenEye,,,C,,6,[H:16][C:7]1([C:6]([C:5]([C:4]([C:9]([C:8]1([H:18])[H:19])([H:20])[H:21])([H:11])[C:2](=[O:1])[O:3][H:10])([H:12])[H:13])([H:14])[H:15])[H:17],24.0,8.0
6,-0.08015000287975584,AM1BCC,OpenEye,,,C,,7,[H:16][C:7]1([C:6]([C:5]([C:4]([C:9]([C:8]1([H:18])[H:19])([H:20])[H:21])([H:11])[C:2](=[O:1])[O:3][H:10])([H:12])[H:13])([H:14])[H:15])[H:17],24.0,8.0
7,-0.07733000282730375,AM1BCC,OpenEye,,,C,,8,[H:16][C:7]1([C:6]([C:5]([C:4]([C:9]([C:8]1([H:18])[H:19])([H:20])[H:21])([H:11])[C:2](=[O:1])[O:3][H:10])([H:12])[H:13])([H:14])[H:15])[H:17],24.0,8.0
8,-0.0713700002857617,AM1BCC,OpenEye,,,C,,9,[H:16][C:7]1([C:6]([C:5]([C:4]([C:9]([C:8]1([H:18])[H:19])([H:20])[H:21])([H:11])[C:2](=[O:1])[O:3][H:10])([H:12])[H:13])([H:14])[H:15])[H:17],24.0,8.0
9,0.44231000329766956,AM1BCC,OpenEye,,,H,,10,[H:16][C:7]1([C:6]([C:5]([C:4]([C:9]([C:8]1([H:18])[H:19])([H:20])[H:21])([H:11])[C:2](=[O:1])[O:3][H:10])([H:12])[H:13])([H:14])[H:15])[H:17],24.0,8.0
10,0.07882999415908541,AM1BCC,OpenEye,,,H,,11,[H:16][C:7]1([C:6]([C:5]([C:4]([C:9]([C:8]1([H:18])[H:19])([H:20])[H:21])([H:11])[C:2](=[O:1])[O:3][H:10])([H:12])[H:13])([H:14])[H:15])[H:17],24.0,8.0
11,0.05544999774013247,AM1BCC,OpenEye,,,H,,12,[H:16][C:7]1([C:6]([C:5]([C:4]([C:9]([C:8]1([H:18])[H:19])([H:20])[H:21])([H:11])[C:2](=[O:1])[O:3][H:10])([H:12])[H:13])([H:14])[H:15])[H:17],24.0,8.0
12,0.05544999774013247,AM1BCC,OpenEye,,,H,,13,[H:16][C:7]1([C:6]([C:5]([C:4]([C:9]([C:8]1([H:18])[H:19])([H:20])[H:21])([H:11])[C:2](=[O:1])[O:3][H:10])([H:12])[H:13])([H:14])[H:15])[H:17],24.0,8.0
13,0.04530999969158854,AM1BCC,OpenEye,,,H,,14,[H:16][C:7]1([C:6]([C:5]([C:4]([C:9]([C:8]1([H:18])[H:19])([H:20])[H:21])([H:11])[C:2](=[O:1])[O:3][H:10])([H:12])[H:13])([H:14])[H:15])[H:17],24.0,8.0
14,0.04530999969158854,AM1BCC,OpenEye,,,H,,15,[H:16][C:7]1([C:6]([C:5]([C:4]([C:9]([C:8]1([H:18])[H:19])([H:20])[H:21])([H:11])[C:2](=[O:1])[O:3][H:10])([H:12])[H:13])([H:14])[H:15])[H:17],24.0,8.0
15,0.040639998125178475,AM1BCC,OpenEye,,,H,,16,[H:16][C:7]1([C:6]([C:5]([C:4]([C:9]([C:8]1([H:18])[H:19])([H:20])[H:21])([H:11])[C:2](=[O:1])[O:3][H:10])([H:12])[H:13])([H:14])[H:15])[H:17],24.0,8.0
16,0.040639998125178475,AM1BCC,OpenEye,,,H,,17,[H:16][C:7]1([C:6]([C:5]([C:4]([C:9]([C:8]1([H:18])[H:19])([H:20])[H:21])([H:11])[C:2](=[O:1])[O:3][H:10])([H:12])[H:13])([H:14])[H:15])[H:17],24.0,8.0
17,0.04530999969158854,AM1BCC,OpenEye,,,H,,18,[H:16][C:7]1([C:6]([C:5]([C:4]([C:9]([C:8]1([H:18])[H:19])([H:20])[H:21])([H:11])[C:2](=[O:1])[O:3][H:10])([H:12])[H:13])([H:14])[H:15])[H:17],24.0,8.0
18,0.04530999969158854,AM1BCC,OpenEye,,,H,,19,[H:16][C:7]1([C:6]([C:5]([C:4]([C:9]([C:8]1([H:18])[H:19])([H:20])[H:21])([H:11])[C:2](=[O:1])[O:3][H:10])([H:12])[H:13])([H:14])[H:15])[H:17],24.0,8.0
19,0.05544999774013247,AM1BCC,OpenEye,,,H,,20,[H:16][C:7]1([C:6]([C:5]([C:4]([C:9]([C:8]1([H:18])[H:19])([H:20])[H:21])([H:11])[C:2](=[O:1])[O:3][H:10])([H:12])[H:13])([H:14])[H:15])[H:17],24.0,8.0
20,0.05544999774013247,AM1BCC,OpenEye,,,H,,21,[H:16][C:7]1([C:6]([C:5]([C:4]([C:9]([C:8]1([H:18])[H:19])([H:20])[H:21])([H:11])[C:2](=[O:1])[O:3][H:10])([H:12])[H:13])([H:14])[H:15])[H:17],24.0,8.0
0,-0.5510476190476191,AM1BCC,AmberTools,,,O,,1,[H:16][C:7]1([C:6]([C:5]([C:4]([C:9]([C:8]1([H:18])[H:19])([H:20])[H:21])([H:11])[C:2](=[O:1])[O:3][H:10])([H:12])[H:13])([H:14])[H:15])[H:17],24.0,8.0
1,0.6350523809523809,AM1BCC,AmberTools,,,C,,2,[H:16][C:7]1([C:6]([C:5]([C:4]([C:9]([C:8]1([H:18])[H:19])([H:20])[H:21])([H:11])[C:2](=[O:1])[O:3][H:10])([H:12])[H:13])([H:14])[H:15])[H:17],24.0,8.0
2,-0.612147619047619,AM1BCC,AmberTools,,,O,,3,[H:16][C:7]1([C:6]([C:5]([C:4]([C:9]([C:8]1([H:18])[H:19])([H:20])[H:21])([H:11])[C:2](=[O:1])[O:3][H:10])([H:12])[H:13])([H:14])[H:15])[H:17],24.0,8.0
3,-0.10174761904761905,AM1BCC,AmberTools,,,C,,4,[H:16][C:7]1([C:6]([C:5]([C:4]([C:9]([C:8]1([H:18])[H:19])([H:20])[H:21])([H:11])[C:2](=[O:1])[O:3][H:10])([H:12])[H:13])([H:14])[H:15])[H:17],24.0,8.0
4,-0.07244761904761905,AM1BCC,AmberTools,,,C,,5,[H:16][C:7]1([C:6]([C:5]([C:4]([C:9]([C:8]1([H:18])[H:19])([H:20])[H:21])([H:11])[C:2](=[O:1])[O:3][H:10])([H:12])[H:13])([H:14])[H:15])[H:17],24.0,8.0
5,-0.07544761904761904,AM1BCC,AmberTools,,,C,,6,[H:16][C:7]1([C:6]([C:5]([C:4]([C:9]([C:8]1([H:18])[H:19])([H:20])[H:21])([H:11])[C:2](=[O:1])[O:3][H:10])([H:12])[H:13])([H:14])[H:15])[H:17],24.0,8.0
6,-0.07944761904761904,AM1BCC,AmberTools,,,C,,7,[H:16][C:7]1([C:6]([C:5]([C:4]([C:9]([C:8]1([H:18])[H:19])([H:20])[H:21])([H:11])[C:2](=[O:1])[O:3][H:10])([H:12])[H:13])([H:14])[H:15])[H:17],24.0,8.0
7,-0.07544761904761904,AM1BCC,AmberTools,,,C,,8,[H:16][C:7]1([C:6]([C:5]([C:4]([C:9]([C:8]1([H:18])[H:19])([H:20])[H:21])([H:11])[C:2](=[O:1])[O:3][H:10])([H:12])[H:13])([H:14])[H:15])[H:17],24.0,8.0
8,-0.07244761904761905,AM1BCC,AmberTools,,,C,,9,[H:16][C:7]1([C:6]([C:5]([C:4]([C:9]([C:8]1([H:18])[H:19])([H:20])[H:21])([H:11])[C:2](=[O:1])[O:3][H:10])([H:12])[H:13])([H:14])[H:15])[H:17],24.0,8.0
9,0.442952380952381,AM1BCC,AmberTools,,,H,,10,[H:16][C:7]1([C:6]([C:5]([C:4]([C:9]([C:8]1([H:18])[H:19])([H:20])[H:21])([H:11])[C:2](=[O:1])[O:3][H:10])([H:12])[H:13])([H:14])[H:15])[H:17],24.0,8.0
10,0.07965238095238095,AM1BCC,AmberTools,,,H,,11,[H:16][C:7]1([C:6]([C:5]([C:4]([C:9]([C:8]1([H:18])[H:19])([H:20])[H:21])([H:11])[C:2](=[O:1])[O:3][H:10])([H:12])[H:13])([H:14])[H:15])[H:17],24.0,8.0
11,0.056152380952380954,AM1BCC,AmberTools,,,H,,12,[H:16][C:7]1([C:6]([C:5]([C:4]([C:9]([C:8]1([H:18])[H:19])([H:20])[H:21])([H:11])[C:2](=[O:1])[O:3][H:10])([H:12])[H:13])([H:14])[H:15])[H:17],24.0,8.0
12,0.056152380952380954,AM1BCC,AmberTools,,,H,,13,[H:16][C:7]1([C:6]([C:5]([C:4]([C:9]([C:8]1([H:18])[H:19])([H:20])[H:21])([H:11])[C:2](=[O:1])[O:3][H:10])([H:12])[H:13])([H:14])[H:15])[H:17],24.0,8.0
13,0.04440238095238096,AM1BCC,AmberTools,,,H,,14,[H:16][C:7]1([C:6]([C:5]([C:4]([C:9]([C:8]1([H:18])[H:19])([H:20])[H:21])([H:11])[C:2](=[O:1])[O:3][H:10])([H:12])[H:13])([H:14])[H:15])[H:17],24.0,8.0
14,0.04440238095238096,AM1BCC,AmberTools,,,H,,15,[H:16][C:7]1([C:6]([C:5]([C:4]([C:9]([C:8]1([H:18])[H:19])([H:20])[H:21])([H:11])[C:2](=[O:1])[O:3][H:10])([H:12])[H:13])([H:14])[H:15])[H:17],24.0,8.0
15,0.04015238095238095,AM1BCC,AmberTools,,,H,,16,[H:16][C:7]1([C:6]([C:5]([C:4]([C:9]([C:8]1([H:18])[H:19])([H:20])[H:21])([H:11])[C:2](=[O:1])[O:3][H:10])([H:12])[H:13])([H:14])[H:15])[H:17],24.0,8.0
16,0.04015238095238095,AM1BCC,AmberTools,,,H,,17,[H:16][C:7]1([C:6]([C:5]([C:4]([C:9]([C:8]1([H:18])[H:19])([H:20])[H:21])([H:11])[C:2](=[O:1])[O:3][H:10])([H:12])[H:13])([H:14])[H:15])[H:17],24.0,8.0
17,0.04440238095238096,AM1BCC,AmberTools,,,H,,18,[H:16][C:7]1([C:6]([C:5]([C:4]([C:9]([C:8]1([H:18])[H:19])([H:20])[H:21])([H:11])[C:2](=[O:1])[O:3][H:10])([H:12])[H:13])([H:14])[H:15])[H:17],24.0,8.0
18,0.04440238095238096,AM1BCC,AmberTools,,,H,,19,[H:16][C:7]1([C:6]([C:5]([C:4]([C:9]([C:8]1([H:18])[H:19])([H:20])[H:21])([H:11])[C:2](=[O:1])[O:3][H:10])([H:12])[H:13])([H:14])[H:15])[H:17],24.0,8.0
19,0.056152380952380954,AM1BCC,AmberTools,,,H,,20,[H:16][C:7]1([C:6]([C:5]([C:4]([C:9]([C:8]1([H:18])[H:19])([H:20])[H:21])([H:11])[C:2](=[O:1])[O:3][H:10])([H:12])[H:13])([H:14])[H:15])[H:17],24.0,8.0
20,0.056152380952380954,AM1BCC,AmberTools,,,H,,21,[H:16][C:7]1([C:6]([C:5]([C:4]([C:9]([C:8]1([H:18])[H:19])([H:20])[H:21])([H:11])[C:2](=[O:1])[O:3][H:10])([H:12])[H:13])([H:14])[H:15])[H:17],24.0,8.0
0,-0.5524600169488362,AM1BCC,OpenEye,,,O,,1,[H:16][C:7]1([C:6]([C:5]([C:4]([C:9]([C:8]1([H:18])[H:19])([H:20])[H:21])([H:11])[C:2](=[O:1])[O:3][H:10])([H:12])[H:13])([H:14])[H:15])[H:17],24.0,9.0
1,0.6331400253943035,AM1BCC,OpenEye,,,C,,2,[H:16][C:7]1([C:6]([C:5]([C:4]([C:9]([C:8]1([H:18])[H:19])([H:20])[H:21])([H:11])[C:2](=[O:1])[O:3][H:10])([H:12])[H:13])([H:14])[H:15])[H:17],24.0,9.0
2,-0.6029499790498188,AM1BCC,OpenEye,,,O,,3,[H:16][C:7]1([C:6]([C:5]([C:4]([C:9]([C:8]1([H:18])[H:19])([H:20])[H:21])([H:11])[C:2](=[O:1])[O:3][H:10])([H:12])[H:13])([H:14])[H:15])[H:17],24.0,9.0
3,-0.1056400037237576,AM1BCC,OpenEye,,,C,,4,[H:16][C:7]1([C:6]([C:5]([C:4]([C:9]([C:8]1([H:18])[H:19])([H:20])[H:21])([H:11])[C:2](=[O:1])[O:3][H:10])([H:12])[H:13])([H:14])[H:15])[H:17],24.0,9.0
4,-0.0713700002857617,AM1BCC,OpenEye,,,C,,5,[H:16][C:7]1([C:6]([C:5]([C:4]([C:9]([C:8]1([H:18])[H:19])([H:20])[H:21])([H:11])[C:2](=[O:1])[O:3][H:10])([H:12])[H:13])([H:14])[H:15])[H:17],24.0,9.0
5,-0.07733000282730375,AM1BCC,OpenEye,,,C,,6,[H:16][C:7]1([C:6]([C:5]([C:4]([C:9]([C:8]1([H:18])[H:19])([H:20])[H:21])([H:11])[C:2](=[O:1])[O:3][H:10])([H:12])[H:13])([H:14])[H:15])[H:17],24.0,9.0
6,-0.08015000287975584,AM1BCC,OpenEye,,,C,,7,[H:16][C:7]1([C:6]([C:5]([C:4]([C:9]([C:8]1([H:18])[H:19])([H:20])[H:21])([H:11])[C:2](=[O:1])[O:3][H:10])([H:12])[H:13])([H:14])[H:15])[H:17],24.0,9.0
7,-0.07733000282730375,AM1BCC,OpenEye,,,C,,8,[H:16][C:7]1([C:6]([C:5]([C:4]([C:9]([C:8]1([H:18])[H:19])([H:20])[H:21])([H:11])[C:2](=[O:1])[O:3][H:10])([H:12])[H:13])([H:14])[H:15])[H:17],24.0,9.0
8,-0.0713700002857617,AM1BCC,OpenEye,,,C,,9,[H:16][C:7]1([C:6]([C:5]([C:4]([C:9]([C:8]1([H:18])[H:19])([H:20])[H:21])([H:11])[C:2](=[O:1])[O:3][H:10])([H:12])[H:13])([H:14])[H:15])[H:17],24.0,9.0
9,0.44231000329766956,AM1BCC,OpenEye,,,H,,10,[H:16][C:7]1([C:6]([C:5]([C:4]([C:9]([C:8]1([H:18])[H:19])([H:20])[H:21])([H:11])[C:2](=[O:1])[O:3][H:10])([H:12])[H:13])([H:14])[H:15])[H:17],24.0,9.0
10,0.07882999415908541,AM1BCC,OpenEye,,,H,,11,[H:16][C:7]1([C:6]([C:5]([C:4]([C:9]([C:8]1([H:18])[H:19])([H:20])[H:21])([H:11])[C:2](=[O:1])[O:3][H:10])([H:12])[H:13])([H:14])[H:15])[H:17],24.0,9.0
11,0.05544999774013247,AM1BCC,OpenEye,,,H,,12,[H:16][C:7]1([C:6]([C:5]([C:4]([C:9]([C:8]1([H:18])[H:19])([H:20])[H:21])([H:11])[C:2](=[O:1])[O:3][H:10])([H:12])[H:13])([H:14])[H:15])[H:17],24.0,9.0
12,0.05544999774013247,AM1BCC,OpenEye,,,H,,13,[H:16][C:7]1([C:6]([C:5]([C:4]([C:9]([C:8]1([H:18])[H:19])([H:20])[H:21])([H:11])[C:2](=[O:1])[O:3][H:10])([H:12])[H:13])([H:14])[H:15])[H:17],24.0,9.0
13,0.04530999969158854,AM1BCC,OpenEye,,,H,,14,[H:16][C:7]1([C:6]([C:5]([C:4]([C:9]([C:8]1([H:18])[H:19])([H:20])[H:21])([H:11])[C:2](=[O:1])[O:3][H:10])([H:12])[H:13])([H:14])[H:15])[H:17],24.0,9.0
14,0.04530999969158854,AM1BCC,OpenEye,,,H,,15,[H:16][C:7]1([C:6]([C:5]([C:4]([C:9]([C:8]1([H:18])[H:19])([H:20])[H:21])([H:11])[C:2](=[O:1])[O:3][H:10])([H:12])[H:13])([H:14])[H:15])[H:17],24.0,9.0
15,0.040639998125178475,AM1BCC,OpenEye,,,H,,16,[H:16][C:7]1([C:6]([C:5]([C:4]([C:9]([C:8]1([H:18])[H:19])([H:20])[H:21])([H:11])[C:2](=[O:1])[O:3][H:10])([H:12])[H:13])([H:14])[H:15])[H:17],24.0,9.0
16,0.040639998125178475,AM1BCC,OpenEye,,,H,,17,[H:16][C:7]1([C:6]([C:5]([C:4]([C:9]([C:8]1([H:18])[H:19])([H:20])[H:21])([H:11])[C:2](=[O:1])[O:3][H:10])([H:12])[H:13])([H:14])[H:15])[H:17],24.0,9.0
17,0.04530999969158854,AM1BCC,OpenEye,,,H,,18,[H:16][C:7]1([C:6]([C:5]([C:4]([C:9]([C:8]1([H:18])[H:19])([H:20])[H:21])([H:11])[C:2](=[O:1])[O:3][H:10])([H:12])[H:13])([H:14])[H:15])[H:17],24.0,9.0
18,0.04530999969158854,AM1BCC,OpenEye,,,H,,19,[H:16][C:7]1([C:6]([C:5]([C:4]([C:9]([C:8]1([H:18])[H:19])([H:20])[H:21])([H:11])[C:2](=[O:1])[O:3][H:10])([H:12])[H:13])([H:14])[H:15])[H:17],24.0,9.0
19,0.05544999774013247,AM1BCC,OpenEye,,,H,,20,[H:16][C:7]1([C:6]([C:5]([C:4]([C:9]([C:8]1([H:18])[H:19])([H:20])[H:21])([H:11])[C:2](=[O:1])[O:3][H:10])([H:12])[H:13])([H:14])[H:15])[H:17],24.0,9.0
20,0.05544999774013247,AM1BCC,OpenEye,,,H,,21,[H:16][C:7]1([C:6]([C:5]([C:4]([C:9]([C:8]1([H:18])[H:19])([H:20])[H:21])([H:11])[C:2](=[O:1])[O:3][H:10])([H:12])[H:13])([H:14])[H:15])[H:17],24.0,9.0
0,-0.5510476190476191,AM1BCC,AmberTools,,,O,,1,[H:16][C:7]1([C:6]([C:5]([C:4]([C:9]([C:8]1([H:18])[H:19])([H:20])[H:21])([H:11])[C:2](=[O:1])[O:3][H:10])([H:12])[H:13])([H:14])[H:15])[H:17],24.0,9.0
1,0.6350523809523809,AM1BCC,AmberTools,,,C,,2,[H:16][C:7]1([C:6]([C:5]([C:4]([C:9]([C:8]1([H:18])[H:19])([H:20])[H:21])([H:11])[C:2](=[O:1])[O:3][H:10])([H:12])[H:13])([H:14])[H:15])[H:17],24.0,9.0
2,-0.612147619047619,AM1BCC,AmberTools,,,O,,3,[H:16][C:7]1([C:6]([C:5]([C:4]([C:9]([C:8]1([H:18])[H:19])([H:20])[H:21])([H:11])[C:2](=[O:1])[O:3][H:10])([H:12])[H:13])([H:14])[H:15])[H:17],24.0,9.0
3,-0.10174761904761905,AM1BCC,AmberTools,,,C,,4,[H:16][C:7]1([C:6]([C:5]([C:4]([C:9]([C:8]1([H:18])[H:19])([H:20])[H:21])([H:11])[C:2](=[O:1])[O:3][H:10])([H:12])[H:13])([H:14])[H:15])[H:17],24.0,9.0
4,-0.07244761904761905,AM1BCC,AmberTools,,,C,,5,[H:16][C:7]1([C:6]([C:5]([C:4]([C:9]([C:8]1([H:18])[H:19])([H:20])[H:21])([H:11])[C:2](=[O:1])[O:3][H:10])([H:12])[H:13])([H:14])[H:15])[H:17],24.0,9.0
5,-0.07544761904761904,AM1BCC,AmberTools,,,C,,6,[H:16][C:7]1([C:6]([C:5]([C:4]([C:9]([C:8]1([H:18])[H:19])([H:20])[H:21])([H:11])[C:2](=[O:1])[O:3][H:10])([H:12])[H:13])([H:14])[H:15])[H:17],24.0,9.0
6,-0.07944761904761904,AM1BCC,AmberTools,,,C,,7,[H:16][C:7]1([C:6]([C:5]([C:4]([C:9]([C:8]1([H:18])[H:19])([H:20])[H:21])([H:11])[C:2](=[O:1])[O:3][H:10])([H:12])[H:13])([H:14])[H:15])[H:17],24.0,9.0
7,-0.07544761904761904,AM1BCC,AmberTools,,,C,,8,[H:16][C:7]1([C:6]([C:5]([C:4]([C:9]([C:8]1([H:18])[H:19])([H:20])[H:21])([H:11])[C:2](=[O:1])[O:3][H:10])([H:12])[H:13])([H:14])[H:15])[H:17],24.0,9.0
8,-0.07244761904761905,AM1BCC,AmberTools,,,C,,9,[H:16][C:7]1([C:6]([C:5]([C:4]([C:9]([C:8]1([H:18])[H:19])([H:20])[H:21])([H:11])[C:2](=[O:1])[O:3][H:10])([H:12])[H:13])([H:14])[H:15])[H:17],24.0,9.0
9,0.442952380952381,AM1BCC,AmberTools,,,H,,10,[H:16][C:7]1([C:6]([C:5]([C:4]([C:9]([C:8]1([H:18])[H:19])([H:20])[H:21])([H:11])[C:2](=[O:1])[O:3][H:10])([H:12])[H:13])([H:14])[H:15])[H:17],24.0,9.0
10,0.07965238095238095,AM1BCC,AmberTools,,,H,,11,[H:16][C:7]1([C:6]([C:5]([C:4]([C:9]([C:8]1([H:18])[H:19])([H:20])[H:21])([H:11])[C:2](=[O:1])[O:3][H:10])([H:12])[H:13])([H:14])[H:15])[H:17],24.0,9.0
11,0.056152380952380954,AM1BCC,AmberTools,,,H,,12,[H:16][C:7]1([C:6]([C:5]([C:4]([C:9]([C:8]1([H:18])[H:19])([H:20])[H:21])([H:11])[C:2](=[O:1])[O:3][H:10])([H:12])[H:13])([H:14])[H:15])[H:17],24.0,9.0
12,0.056152380952380954,AM1BCC,AmberTools,,,H,,13,[H:16][C:7]1([C:6]([C:5]([C:4]([C:9]([C:8]1([H:18])[H:19])([H:20])[H:21])([H:11])[C:2](=[O:1])[O:3][H:10])([H:12])[H:13])([H:14])[H:15])[H:17],24.0,9.0
13,0.04440238095238096,AM1BCC,AmberTools,,,H,,14,[H:16][C:7]1([C:6]([C:5]([C:4]([C:9]([C:8]1([H:18])[H:19])([H:20])[H:21])([H:11])[C:2](=[O:1])[O:3][H:10])([H:12])[H:13])([H:14])[H:15])[H:17],24.0,9.0
14,0.04440238095238096,AM1BCC,AmberTools,,,H,,15,[H:16][C:7]1([C:6]([C:5]([C:4]([C:9]([C:8]1([H:18])[H:19])([H:20])[H:21])([H:11])[C:2](=[O:1])[O:3][H:10])([H:12])[H:13])([H:14])[H:15])[H:17],24.0,9.0
15,0.04015238095238095,AM1BCC,AmberTools,,,H,,16,[H:16][C:7]1([C:6]([C:5]([C:4]([C:9]([C:8]1([H:18])[H:19])([H:20])[H:21])([H:11])[C:2](=[O:1])[O:3][H:10])([H:12])[H:13])([H:14])[H:15])[H:17],24.0,9.0
16,0.04015238095238095,AM1BCC,AmberTools,,,H,,17,[H:16][C:7]1([C:6]([C:5]([C:4]([C:9]([C:8]1([H:18])[H:19])([H:20])[H:21])([H:11])[C:2](=[O:1])[O:3][H:10])([H:12])[H:13])([H:14])[H:15])[H:17],24.0,9.0
17,0.04440238095238096,AM1BCC,AmberTools,,,H,,18,[H:16][C:7]1([C:6]([C:5]([C:4]([C:9]([C:8]1([H:18])[H:19])([H:20])[H:21])([H:11])[C:2](=[O:1])[O:3][H:10])([H:12])[H:13])([H:14])[H:15])[H:17],24.0,9.0
18,0.04440238095238096,AM1BCC,AmberTools,,,H,,19,[H:16][C:7]1([C:6]([C:5]([C:4]([C:9]([C:8]1([H:18])[H:19])([H:20])[H:21])([H:11])[C:2](=[O:1])[O:3][H:10])([H:12])[H:13])([H:14])[H:15])[H:17],24.0,9.0
19,0.056152380952380954,AM1BCC,AmberTools,,,H,,20,[H:16][C:7]1([C:6]([C:5]([C:4]([C:9]([C:8]1([H:18])[H:19])([H:20])[H:21])([H:11])[C:2](=[O:1])[O:3][H:10])([H:12])[H:13])([H:14])[H:15])[H:17],24.0,9.0
20,0.056152380952380954,AM1BCC,AmberTools,,,H,,21,[H:16][C:7]1([C:6]([C:5]([C:4]([C:9]([C:8]1([H:18])[H:19])([H:20])[H:21])([H:11])[C:2](=[O:1])[O:3][H:10])([H:12])[H:13])([H:14])[H:15])[H:17],24.0,9.0
0,-0.5524600169488362,AM1BCC,OpenEye,,,O,,1,[H:16][C:7]1([C:6]([C:5]([C:4]([C:9]([C:8]1([H:18])[H:19])([H:20])[H:21])([H:11])[C:2](=[O:1])[O:3][H:10])([H:12])[H:13])([H:14])[H:15])[H:17],24.0,10.0
1,0.6331400253943035,AM1BCC,OpenEye,,,C,,2,[H:16][C:7]1([C:6]([C:5]([C:4]([C:9]([C:8]1([H:18])[H:19])([H:20])[H:21])([H:11])[C:2](=[O:1])[O:3][H:10])([H:12])[H:13])([H:14])[H:15])[H:17],24.0,10.0
2,-0.6029499790498188,AM1BCC,OpenEye,,,O,,3,[H:16][C:7]1([C:6]([C:5]([C:4]([C:9]([C:8]1([H:18])[H:19])([H:20])[H:21])([H:11])[C:2](=[O:1])[O:3][H:10])([H:12])[H:13])([H:14])[H:15])[H:17],24.0,10.0
3,-0.1056400037237576,AM1BCC,OpenEye,,,C,,4,[H:16][C:7]1([C:6]([C:5]([C:4]([C:9]([C:8]1([H:18])[H:19])([H:20])[H:21])([H:11])[C:2](=[O:1])[O:3][H:10])([H:12])[H:13])([H:14])[H:15])[H:17],24.0,10.0
4,-0.0713700002857617,AM1BCC,OpenEye,,,C,,5,[H:16][C:7]1([C:6]([C:5]([C:4]([C:9]([C:8]1([H:18])[H:19])([H:20])[H:21])([H:11])[C:2](=[O:1])[O:3][H:10])([H:12])[H:13])([H:14])[H:15])[H:17],24.0,10.0
5,-0.07733000282730375,AM1BCC,OpenEye,,,C,,6,[H:16][C:7]1([C:6]([C:5]([C:4]([C:9]([C:8]1([H:18])[H:19])([H:20])[H:21])([H:11])[C:2](=[O:1])[O:3][H:10])([H:12])[H:13])([H:14])[H:15])[H:17],24.0,10.0
6,-0.08015000287975584,AM1BCC,OpenEye,,,C,,7,[H:16][C:7]1([C:6]([C:5]([C:4]([C:9]([C:8]1([H:18])[H:19])([H:20])[H:21])([H:11])[C:2](=[O:1])[O:3][H:10])([H:12])[H:13])([H:14])[H:15])[H:17],24.0,10.0
7,-0.07733000282730375,AM1BCC,OpenEye,,,C,,8,[H:16][C:7]1([C:6]([C:5]([C:4]([C:9]([C:8]1([H:18])[H:19])([H:20])[H:21])([H:11])[C:2](=[O:1])[O:3][H:10])([H:12])[H:13])([H:14])[H:15])[H:17],24.0,10.0
8,-0.0713700002857617,AM1BCC,OpenEye,,,C,,9,[H:16][C:7]1([C:6]([C:5]([C:4]([C:9]([C:8]1([H:18])[H:19])([H:20])[H:21])([H:11])[C:2](=[O:1])[O:3][H:10])([H:12])[H:13])([H:14])[H:15])[H:17],24.0,10.0
9,0.44231000329766956,AM1BCC,OpenEye,,,H,,10,[H:16][C:7]1([C:6]([C:5]([C:4]([C:9]([C:8]1([H:18])[H:19])([H:20])[H:21])([H:11])[C:2](=[O:1])[O:3][H:10])([H:12])[H:13])([H:14])[H:15])[H:17],24.0,10.0
10,0.07882999415908541,AM1BCC,OpenEye,,,H,,11,[H:16][C:7]1([C:6]([C:5]([C:4]([C:9]([C:8]1([H:18])[H:19])([H:20])[H:21])([H:11])[C:2](=[O:1])[O:3][H:10])([H:12])[H:13])([H:14])[H:15])[H:17],24.0,10.0
11,0.05544999774013247,AM1BCC,OpenEye,,,H,,12,[H:16][C:7]1([C:6]([C:5]([C:4]([C:9]([C:8]1([H:18])[H:19])([H:20])[H:21])([H:11])[C:2](=[O:1])[O:3][H:10])([H:12])[H:13])([H:14])[H:15])[H:17],24.0,10.0
12,0.05544999774013247,AM1BCC,OpenEye,,,H,,13,[H:16][C:7]1([C:6]([C:5]([C:4]([C:9]([C:8]1([H:18])[H:19])([H:20])[H:21])([H:11])[C:2](=[O:1])[O:3][H:10])([H:12])[H:13])([H:14])[H:15])[H:17],24.0,10.0
13,0.04530999969158854,AM1BCC,OpenEye,,,H,,14,[H:16][C:7]1([C:6]([C:5]([C:4]([C:9]([C:8]1([H:18])[H:19])([H:20])[H:21])([H:11])[C:2](=[O:1])[O:3][H:10])([H:12])[H:13])([H:14])[H:15])[H:17],24.0,10.0
14,0.04530999969158854,AM1BCC,OpenEye,,,H,,15,[H:16][C:7]1([C:6]([C:5]([C:4]([C:9]([C:8]1([H:18])[H:19])([H:20])[H:21])([H:11])[C:2](=[O:1])[O:3][H:10])([H:12])[H:13])([H:14])[H:15])[H:17],24.0,10.0
15,0.040639998125178475,AM1BCC,OpenEye,,,H,,16,[H:16][C:7]1([C:6]([C:5]([C:4]([C:9]([C:8]1([H:18])[H:19])([H:20])[H:21])([H:11])[C:2](=[O:1])[O:3][H:10])([H:12])[H:13])([H:14])[H:15])[H:17],24.0,10.0
16,0.040639998125178475,AM1BCC,OpenEye,,,H,,17,[H:16][C:7]1([C:6]([C:5]([C:4]([C:9]([C:8]1([H:18])[H:19])([H:20])[H:21])([H:11])[C:2](=[O:1])[O:3][H:10])([H:12])[H:13])([H:14])[H:15])[H:17],24.0,10.0
17,0.04530999969158854,AM1BCC,OpenEye,,,H,,18,[H:16][C:7]1([C:6]([C:5]([C:4]([C:9]([C:8]1([H:18])[H:19])([H:20])[H:21])([H:11])[C:2](=[O:1])[O:3][H:10])([H:12])[H:13])([H:14])[H:15])[H:17],24.0,10.0
18,0.04530999969158854,AM1BCC,OpenEye,,,H,,19,[H:16][C:7]1([C:6]([C:5]([C:4]([C:9]([C:8]1([H:18])[H:19])([H:20])[H:21])([H:11])[C:2](=[O:1])[O:3][H:10])([H:12])[H:13])([H:14])[H:15])[H:17],24.0,10.0
19,0.05544999774013247,AM1BCC,OpenEye,,,H,,20,[H:16][C:7]1([C:6]([C:5]([C:4]([C:9]([C:8]1([H:18])[H:19])([H:20])[H:21])([H:11])[C:2](=[O:1])[O:3][H:10])([H:12])[H:13])([H:14])[H:15])[H:17],24.0,10.0
20,0.05544999774013247,AM1BCC,OpenEye,,,H,,21,[H:16][C:7]1([C:6]([C:5]([C:4]([C:9]([C:8]1([H:18])[H:19])([H:20])[H:21])([H:11])[C:2](=[O:1])[O:3][H:10])([H:12])[H:13])([H:14])[H:15])[H:17],24.0,10.0
0,-0.5510476190476191,AM1BCC,AmberTools,,,O,,1,[H:16][C:7]1([C:6]([C:5]([C:4]([C:9]([C:8]1([H:18])[H:19])([H:20])[H:21])([H:11])[C:2](=[O:1])[O:3][H:10])([H:12])[H:13])([H:14])[H:15])[H:17],24.0,10.0
1,0.6350523809523809,AM1BCC,AmberTools,,,C,,2,[H:16][C:7]1([C:6]([C:5]([C:4]([C:9]([C:8]1([H:18])[H:19])([H:20])[H:21])([H:11])[C:2](=[O:1])[O:3][H:10])([H:12])[H:13])([H:14])[H:15])[H:17],24.0,10.0
2,-0.612147619047619,AM1BCC,AmberTools,,,O,,3,[H:16][C:7]1([C:6]([C:5]([C:4]([C:9]([C:8]1([H:18])[H:19])([H:20])[H:21])([H:11])[C:2](=[O:1])[O:3][H:10])([H:12])[H:13])([H:14])[H:15])[H:17],24.0,10.0
3,-0.10174761904761905,AM1BCC,AmberTools,,,C,,4,[H:16][C:7]1([C:6]([C:5]([C:4]([C:9]([C:8]1([H:18])[H:19])([H:20])[H:21])([H:11])[C:2](=[O:1])[O:3][H:10])([H:12])[H:13])([H:14])[H:15])[H:17],24.0,10.0
4,-0.07244761904761905,AM1BCC,AmberTools,,,C,,5,[H:16][C:7]1([C:6]([C:5]([C:4]([C:9]([C:8]1([H:18])[H:19])([H:20])[H:21])([H:11])[C:2](=[O:1])[O:3][H:10])([H:12])[H:13])([H:14])[H:15])[H:17],24.0,10.0
5,-0.07544761904761904,AM1BCC,AmberTools,,,C,,6,[H:16][C:7]1([C:6]([C:5]([C:4]([C:9]([C:8]1([H:18])[H:19])([H:20])[H:21])([H:11])[C:2](=[O:1])[O:3][H:10])([H:12])[H:13])([H:14])[H:15])[H:17],24.0,10.0
6,-0.07944761904761904,AM1BCC,AmberTools,,,C,,7,[H:16][C:7]1([C:6]([C:5]([C:4]([C:9]([C:8]1([H:18])[H:19])([H:20])[H:21])([H:11])[C:2](=[O:1])[O:3][H:10])([H:12])[H:13])([H:14])[H:15])[H:17],24.0,10.0
7,-0.07544761904761904,AM1BCC,AmberTools,,,C,,8,[H:16][C:7]1([C:6]([C:5]([C:4]([C:9]([C:8]1([H:18])[H:19])([H:20])[H:21])([H:11])[C:2](=[O:1])[O:3][H:10])([H:12])[H:13])([H:14])[H:15])[H:17],24.0,10.0
8,-0.07244761904761905,AM1BCC,AmberTools,,,C,,9,[H:16][C:7]1([C:6]([C:5]([C:4]([C:9]([C:8]1([H:18])[H:19])([H:20])[H:21])([H:11])[C:2](=[O:1])[O:3][H:10])([H:12])[H:13])([H:14])[H:15])[H:17],24.0,10.0
9,0.442952380952381,AM1BCC,AmberTools,,,H,,10,[H:16][C:7]1([C:6]([C:5]([C:4]([C:9]([C:8]1([H:18])[H:19])([H:20])[H:21])([H:11])[C:2](=[O:1])[O:3][H:10])([H:12])[H:13])([H:14])[H:15])[H:17],24.0,10.0
10,0.07965238095238095,AM1BCC,AmberTools,,,H,,11,[H:16][C:7]1([C:6]([C:5]([C:4]([C:9]([C:8]1([H:18])[H:19])([H:20])[H:21])([H:11])[C:2](=[O:1])[O:3][H:10])([H:12])[H:13])([H:14])[H:15])[H:17],24.0,10.0
11,0.056152380952380954,AM1BCC,AmberTools,,,H,,12,[H:16][C:7]1([C:6]([C:5]([C:4]([C:9]([C:8]1([H:18])[H:19])([H:20])[H:21])([H:11])[C:2](=[O:1])[O:3][H:10])([H:12])[H:13])([H:14])[H:15])[H:17],24.0,10.0
12,0.056152380952380954,AM1BCC,AmberTools,,,H,,13,[H:16][C:7]1([C:6]([C:5]([C:4]([C:9]([C:8]1([H:18])[H:19])([H:20])[H:21])([H:11])[C:2](=[O:1])[O:3][H:10])([H:12])[H:13])([H:14])[H:15])[H:17],24.0,10.0
13,0.04440238095238096,AM1BCC,AmberTools,,,H,,14,[H:16][C:7]1([C:6]([C:5]([C:4]([C:9]([C:8]1([H:18])[H:19])([H:20])[H:21])([H:11])[C:2](=[O:1])[O:3][H:10])([H:12])[H:13])([H:14])[H:15])[H:17],24.0,10.0
14,0.04440238095238096,AM1BCC,AmberTools,,,H,,15,[H:16][C:7]1([C:6]([C:5]([C:4]([C:9]([C:8]1([H:18])[H:19])([H:20])[H:21])([H:11])[C:2](=[O:1])[O:3][H:10])([H:12])[H:13])([H:14])[H:15])[H:17],24.0,10.0
15,0.04015238095238095,AM1BCC,AmberTools,,,H,,16,[H:16][C:7]1([C:6]([C:5]([C:4]([C:9]([C:8]1([H:18])[H:19])([H:20])[H:21])([H:11])[C:2](=[O:1])[O:3][H:10])([H:12])[H:13])([H:14])[H:15])[H:17],24.0,10.0
16,0.04015238095238095,AM1BCC,AmberTools,,,H,,17,[H:16][C:7]1([C:6]([C:5]([C:4]([C:9]([C:8]1([H:18])[H:19])([H:20])[H:21])([H:11])[C:2](=[O:1])[O:3][H:10])([H:12])[H:13])([H:14])[H:15])[H:17],24.0,10.0
17,0.04440238095238096,AM1BCC,AmberTools,,,H,,18,[H:16][C:7]1([C:6]([C:5]([C:4]([C:9]([C:8]1([H:18])[H:19])([H:20])[H:21])([H:11])[C:2](=[O:1])[O:3][H:10])([H:12])[H:13])([H:14])[H:15])[H:17],24.0,10.0
18,0.04440238095238096,AM1BCC,AmberTools,,,H,,19,[H:16][C:7]1([C:6]([C:5]([C:4]([C:9]([C:8]1([H:18])[H:19])([H:20])[H:21])([H:11])[C:2](=[O:1])[O:3][H:10])([H:12])[H:13])([H:14])[H:15])[H:17],24.0,10.0
19,0.056152380952380954,AM1BCC,AmberTools,,,H,,20,[H:16][C:7]1([C:6]([C:5]([C:4]([C:9]([C:8]1([H:18])[H:19])([H:20])[H:21])([H:11])[C:2](=[O:1])[O:3][H:10])([H:12])[H:13])([H:14])[H:15])[H:17],24.0,10.0
20,0.056152380952380954,AM1BCC,AmberTools,,,H,,21,[H:16][C:7]1([C:6]([C:5]([C:4]([C:9]([C:8]1([H:18])[H:19])([H:20])[H:21])([H:11])[C:2](=[O:1])[O:3][H:10])([H:12])[H:13])([H:14])[H:15])[H:17],24.0,10.0
0,-0.5524600169488362,AM1BCC,OpenEye,,,O,,1,[H:16][C:7]1([C:6]([C:5]([C:4]([C:9]([C:8]1([H:18])[H:19])([H:20])[H:21])([H:11])[C:2](=[O:1])[O:3][H:10])([H:12])[H:13])([H:14])[H:15])[H:17],24.0,11.0
1,0.6331400253943035,AM1BCC,OpenEye,,,C,,2,[H:16][C:7]1([C:6]([C:5]([C:4]([C:9]([C:8]1([H:18])[H:19])([H:20])[H:21])([H:11])[C:2](=[O:1])[O:3][H:10])([H:12])[H:13])([H:14])[H:15])[H:17],24.0,11.0
2,-0.6029499790498188,AM1BCC,OpenEye,,,O,,3,[H:16][C:7]1([C:6]([C:5]([C:4]([C:9]([C:8]1([H:18])[H:19])([H:20])[H:21])([H:11])[C:2](=[O:1])[O:3][H:10])([H:12])[H:13])([H:14])[H:15])[H:17],24.0,11.0
3,-0.1056400037237576,AM1BCC,OpenEye,,,C,,4,[H:16][C:7]1([C:6]([C:5]([C:4]([C:9]([C:8]1([H:18])[H:19])([H:20])[H:21])([H:11])[C:2](=[O:1])[O:3][H:10])([H:12])[H:13])([H:14])[H:15])[H:17],24.0,11.0
4,-0.0713700002857617,AM1BCC,OpenEye,,,C,,5,[H:16][C:7]1([C:6]([C:5]([C:4]([C:9]([C:8]1([H:18])[H:19])([H:20])[H:21])([H:11])[C:2](=[O:1])[O:3][H:10])([H:12])[H:13])([H:14])[H:15])[H:17],24.0,11.0
5,-0.07733000282730375,AM1BCC,OpenEye,,,C,,6,[H:16][C:7]1([C:6]([C:5]([C:4]([C:9]([C:8]1([H:18])[H:19])([H:20])[H:21])([H:11])[C:2](=[O:1])[O:3][H:10])([H:12])[H:13])([H:14])[H:15])[H:17],24.0,11.0
6,-0.08015000287975584,AM1BCC,OpenEye,,,C,,7,[H:16][C:7]1([C:6]([C:5]([C:4]([C:9]([C:8]1([H:18])[H:19])([H:20])[H:21])([H:11])[C:2](=[O:1])[O:3][H:10])([H:12])[H:13])([H:14])[H:15])[H:17],24.0,11.0
7,-0.07733000282730375,AM1BCC,OpenEye,,,C,,8,[H:16][C:7]1([C:6]([C:5]([C:4]([C:9]([C:8]1([H:18])[H:19])([H:20])[H:21])([H:11])[C:2](=[O:1])[O:3][H:10])([H:12])[H:13])([H:14])[H:15])[H:17],24.0,11.0
8,-0.0713700002857617,AM1BCC,OpenEye,,,C,,9,[H:16][C:7]1([C:6]([C:5]([C:4]([C:9]([C:8]1([H:18])[H:19])([H:20])[H:21])([H:11])[C:2](=[O:1])[O:3][H:10])([H:12])[H:13])([H:14])[H:15])[H:17],24.0,11.0
9,0.44231000329766956,AM1BCC,OpenEye,,,H,,10,[H:16][C:7]1([C:6]([C:5]([C:4]([C:9]([C:8]1([H:18])[H:19])([H:20])[H:21])([H:11])[C:2](=[O:1])[O:3][H:10])([H:12])[H:13])([H:14])[H:15])[H:17],24.0,11.0
10,0.07882999415908541,AM1BCC,OpenEye,,,H,,11,[H:16][C:7]1([C:6]([C:5]([C:4]([C:9]([C:8]1([H:18])[H:19])([H:20])[H:21])([H:11])[C:2](=[O:1])[O:3][H:10])([H:12])[H:13])([H:14])[H:15])[H:17],24.0,11.0
11,0.05544999774013247,AM1BCC,OpenEye,,,H,,12,[H:16][C:7]1([C:6]([C:5]([C:4]([C:9]([C:8]1([H:18])[H:19])([H:20])[H:21])([H:11])[C:2](=[O:1])[O:3][H:10])([H:12])[H:13])([H:14])[H:15])[H:17],24.0,11.0
12,0.05544999774013247,AM1BCC,OpenEye,,,H,,13,[H:16][C:7]1([C:6]([C:5]([C:4]([C:9]([C:8]1([H:18])[H:19])([H:20])[H:21])([H:11])[C:2](=[O:1])[O:3][H:10])([H:12])[H:13])([H:14])[H:15])[H:17],24.0,11.0
13,0.04530999969158854,AM1BCC,OpenEye,,,H,,14,[H:16][C:7]1([C:6]([C:5]([C:4]([C:9]([C:8]1([H:18])[H:19])([H:20])[H:21])([H:11])[C:2](=[O:1])[O:3][H:10])([H:12])[H:13])([H:14])[H:15])[H:17],24.0,11.0
14,0.04530999969158854,AM1BCC,OpenEye,,,H,,15,[H:16][C:7]1([C:6]([C:5]([C:4]([C:9]([C:8]1([H:18])[H:19])([H:20])[H:21])([H:11])[C:2](=[O:1])[O:3][H:10])([H:12])[H:13])([H:14])[H:15])[H:17],24.0,11.0
15,0.040639998125178475,AM1BCC,OpenEye,,,H,,16,[H:16][C:7]1([C:6]([C:5]([C:4]([C:9]([C:8]1([H:18])[H:19])([H:20])[H:21])([H:11])[C:2](=[O:1])[O:3][H:10])([H:12])[H:13])([H:14])[H:15])[H:17],24.0,11.0
16,0.040639998125178475,AM1BCC,OpenEye,,,H,,17,[H:16][C:7]1([C:6]([C:5]([C:4]([C:9]([C:8]1([H:18])[H:19])([H:20])[H:21])([H:11])[C:2](=[O:1])[O:3][H:10])([H:12])[H:13])([H:14])[H:15])[H:17],24.0,11.0
17,0.04530999969158854,AM1BCC,OpenEye,,,H,,18,[H:16][C:7]1([C:6]([C:5]([C:4]([C:9]([C:8]1([H:18])[H:19])([H:20])[H:21])([H:11])[C:2](=[O:1])[O:3][H:10])([H:12])[H:13])([H:14])[H:15])[H:17],24.0,11.0
18,0.04530999969158854,AM1BCC,OpenEye,,,H,,19,[H:16][C:7]1([C:6]([C:5]([C:4]([C:9]([C:8]1([H:18])[H:19])([H:20])[H:21])([H:11])[C:2](=[O:1])[O:3][H:10])([H:12])[H:13])([H:14])[H:15])[H:17],24.0,11.0
19,0.05544999774013247,AM1BCC,OpenEye,,,H,,20,[H:16][C:7]1([C:6]([C:5]([C:4]([C:9]([C:8]1([H:18])[H:19])([H:20])[H:21])([H:11])[C:2](=[O:1])[O:3][H:10])([H:12])[H:13])([H:14])[H:15])[H:17],24.0,11.0
20,0.05544999774013247,AM1BCC,OpenEye,,,H,,21,[H:16][C:7]1([C:6]([C:5]([C:4]([C:9]([C:8]1([H:18])[H:19])([H:20])[H:21])([H:11])[C:2](=[O:1])[O:3][H:10])([H:12])[H:13])([H:14])[H:15])[H:17],24.0,11.0
0,-0.5510476190476191,AM1BCC,AmberTools,,,O,,1,[H:16][C:7]1([C:6]([C:5]([C:4]([C:9]([C:8]1([H:18])[H:19])([H:20])[H:21])([H:11])[C:2](=[O:1])[O:3][H:10])([H:12])[H:13])([H:14])[H:15])[H:17],24.0,11.0
1,0.6350523809523809,AM1BCC,AmberTools,,,C,,2,[H:16][C:7]1([C:6]([C:5]([C:4]([C:9]([C:8]1([H:18])[H:19])([H:20])[H:21])([H:11])[C:2](=[O:1])[O:3][H:10])([H:12])[H:13])([H:14])[H:15])[H:17],24.0,11.0
2,-0.612147619047619,AM1BCC,AmberTools,,,O,,3,[H:16][C:7]1([C:6]([C:5]([C:4]([C:9]([C:8]1([H:18])[H:19])([H:20])[H:21])([H:11])[C:2](=[O:1])[O:3][H:10])([H:12])[H:13])([H:14])[H:15])[H:17],24.0,11.0
3,-0.10174761904761905,AM1BCC,AmberTools,,,C,,4,[H:16][C:7]1([C:6]([C:5]([C:4]([C:9]([C:8]1([H:18])[H:19])([H:20])[H:21])([H:11])[C:2](=[O:1])[O:3][H:10])([H:12])[H:13])([H:14])[H:15])[H:17],24.0,11.0
4,-0.07244761904761905,AM1BCC,AmberTools,,,C,,5,[H:16][C:7]1([C:6]([C:5]([C:4]([C:9]([C:8]1([H:18])[H:19])([H:20])[H:21])([H:11])[C:2](=[O:1])[O:3][H:10])([H:12])[H:13])([H:14])[H:15])[H:17],24.0,11.0
5,-0.07544761904761904,AM1BCC,AmberTools,,,C,,6,[H:16][C:7]1([C:6]([C:5]([C:4]([C:9]([C:8]1([H:18])[H:19])([H:20])[H:21])([H:11])[C:2](=[O:1])[O:3][H:10])([H:12])[H:13])([H:14])[H:15])[H:17],24.0,11.0
6,-0.07944761904761904,AM1BCC,AmberTools,,,C,,7,[H:16][C:7]1([C:6]([C:5]([C:4]([C:9]([C:8]1([H:18])[H:19])([H:20])[H:21])([H:11])[C:2](=[O:1])[O:3][H:10])([H:12])[H:13])([H:14])[H:15])[H:17],24.0,11.0
7,-0.07544761904761904,AM1BCC,AmberTools,,,C,,8,[H:16][C:7]1([C:6]([C:5]([C:4]([C:9]([C:8]1([H:18])[H:19])([H:20])[H:21])([H:11])[C:2](=[O:1])[O:3][H:10])([H:12])[H:13])([H:14])[H:15])[H:17],24.0,11.0
8,-0.07244761904761905,AM1BCC,AmberTools,,,C,,9,[H:16][C:7]1([C:6]([C:5]([C:4]([C:9]([C:8]1([H:18])[H:19])([H:20])[H:21])([H:11])[C:2](=[O:1])[O:3][H:10])([H:12])[H:13])([H:14])[H:15])[H:17],24.0,11.0
9,0.442952380952381,AM1BCC,AmberTools,,,H,,10,[H:16][C:7]1([C:6]([C:5]([C:4]([C:9]([C:8]1([H:18])[H:19])([H:20])[H:21])([H:11])[C:2](=[O:1])[O:3][H:10])([H:12])[H:13])([H:14])[H:15])[H:17],24.0,11.0
10,0.07965238095238095,AM1BCC,AmberTools,,,H,,11,[H:16][C:7]1([C:6]([C:5]([C:4]([C:9]([C:8]1([H:18])[H:19])([H:20])[H:21])([H:11])[C:2](=[O:1])[O:3][H:10])([H:12])[H:13])([H:14])[H:15])[H:17],24.0,11.0
11,0.056152380952380954,AM1BCC,AmberTools,,,H,,12,[H:16][C:7]1([C:6]([C:5]([C:4]([C:9]([C:8]1([H:18])[H:19])([H:20])[H:21])([H:11])[C:2](=[O:1])[O:3][H:10])([H:12])[H:13])([H:14])[H:15])[H:17],24.0,11.0
12,0.056152380952380954,AM1BCC,AmberTools,,,H,,13,[H:16][C:7]1([C:6]([C:5]([C:4]([C:9]([C:8]1([H:18])[H:19])([H:20])[H:21])([H:11])[C:2](=[O:1])[O:3][H:10])([H:12])[H:13])([H:14])[H:15])[H:17],24.0,11.0
13,0.04440238095238096,AM1BCC,AmberTools,,,H,,14,[H:16][C:7]1([C:6]([C:5]([C:4]([C:9]([C:8]1([H:18])[H:19])([H:20])[H:21])([H:11])[C:2](=[O:1])[O:3][H:10])([H:12])[H:13])([H:14])[H:15])[H:17],24.0,11.0
14,0.04440238095238096,AM1BCC,AmberTools,,,H,,15,[H:16][C:7]1([C:6]([C:5]([C:4]([C:9]([C:8]1([H:18])[H:19])([H:20])[H:21])([H:11])[C:2](=[O:1])[O:3][H:10])([H:12])[H:13])([H:14])[H:15])[H:17],24.0,11.0
15,0.04015238095238095,AM1BCC,AmberTools,,,H,,16,[H:16][C:7]1([C:6]([C:5]([C:4]([C:9]([C:8]1([H:18])[H:19])([H:20])[H:21])([H:11])[C:2](=[O:1])[O:3][H:10])([H:12])[H:13])([H:14])[H:15])[H:17],24.0,11.0
16,0.04015238095238095,AM1BCC,AmberTools,,,H,,17,[H:16][C:7]1([C:6]([C:5]([C:4]([C:9]([C:8]1([H:18])[H:19])([H:20])[H:21])([H:11])[C:2](=[O:1])[O:3][H:10])([H:12])[H:13])([H:14])[H:15])[H:17],24.0,11.0
17,0.04440238095238096,AM1BCC,AmberTools,,,H,,18,[H:16][C:7]1([C:6]([C:5]([C:4]([C:9]([C:8]1([H:18])[H:19])([H:20])[H:21])([H:11])[C:2](=[O:1])[O:3][H:10])([H:12])[H:13])([H:14])[H:15])[H:17],24.0,11.0
18,0.04440238095238096,AM1BCC,AmberTools,,,H,,19,[H:16][C:7]1([C:6]([C:5]([C:4]([C:9]([C:8]1([H:18])[H:19])([H:20])[H:21])([H:11])[C:2](=[O:1])[O:3][H:10])([H:12])[H:13])([H:14])[H:15])[H:17],24.0,11.0
19,0.056152380952380954,AM1BCC,AmberTools,,,H,,20,[H:16][C:7]1([C:6]([C:5]([C:4]([C:9]([C:8]1([H:18])[H:19])([H:20])[H:21])([H:11])[C:2](=[O:1])[O:3][H:10])([H:12])[H:13])([H:14])[H:15])[H:17],24.0,11.0
20,0.056152380952380954,AM1BCC,AmberTools,,,H,,21,[H:16][C:7]1([C:6]([C:5]([C:4]([C:9]([C:8]1([H:18])[H:19])([H:20])[H:21])([H:11])[C:2](=[O:1])[O:3][H:10])([H:12])[H:13])([H:14])[H:15])[H:17],24.0,11.0
0,-0.5524600169488362,AM1BCC,OpenEye,,,O,,1,[H:16][C:7]1([C:6]([C:5]([C:4]([C:9]([C:8]1([H:18])[H:19])([H:20])[H:21])([H:11])[C:2](=[O:1])[O:3][H:10])([H:12])[H:13])([H:14])[H:15])[H:17],24.0,12.0
1,0.6331400253943035,AM1BCC,OpenEye,,,C,,2,[H:16][C:7]1([C:6]([C:5]([C:4]([C:9]([C:8]1([H:18])[H:19])([H:20])[H:21])([H:11])[C:2](=[O:1])[O:3][H:10])([H:12])[H:13])([H:14])[H:15])[H:17],24.0,12.0
2,-0.6029499790498188,AM1BCC,OpenEye,,,O,,3,[H:16][C:7]1([C:6]([C:5]([C:4]([C:9]([C:8]1([H:18])[H:19])([H:20])[H:21])([H:11])[C:2](=[O:1])[O:3][H:10])([H:12])[H:13])([H:14])[H:15])[H:17],24.0,12.0
3,-0.1056400037237576,AM1BCC,OpenEye,,,C,,4,[H:16][C:7]1([C:6]([C:5]([C:4]([C:9]([C:8]1([H:18])[H:19])([H:20])[H:21])([H:11])[C:2](=[O:1])[O:3][H:10])([H:12])[H:13])([H:14])[H:15])[H:17],24.0,12.0
4,-0.0713700002857617,AM1BCC,OpenEye,,,C,,5,[H:16][C:7]1([C:6]([C:5]([C:4]([C:9]([C:8]1([H:18])[H:19])([H:20])[H:21])([H:11])[C:2](=[O:1])[O:3][H:10])([H:12])[H:13])([H:14])[H:15])[H:17],24.0,12.0
5,-0.07733000282730375,AM1BCC,OpenEye,,,C,,6,[H:16][C:7]1([C:6]([C:5]([C:4]([C:9]([C:8]1([H:18])[H:19])([H:20])[H:21])([H:11])[C:2](=[O:1])[O:3][H:10])([H:12])[H:13])([H:14])[H:15])[H:17],24.0,12.0
6,-0.08015000287975584,AM1BCC,OpenEye,,,C,,7,[H:16][C:7]1([C:6]([C:5]([C:4]([C:9]([C:8]1([H:18])[H:19])([H:20])[H:21])([H:11])[C:2](=[O:1])[O:3][H:10])([H:12])[H:13])([H:14])[H:15])[H:17],24.0,12.0
7,-0.07733000282730375,AM1BCC,OpenEye,,,C,,8,[H:16][C:7]1([C:6]([C:5]([C:4]([C:9]([C:8]1([H:18])[H:19])([H:20])[H:21])([H:11])[C:2](=[O:1])[O:3][H:10])([H:12])[H:13])([H:14])[H:15])[H:17],24.0,12.0
8,-0.0713700002857617,AM1BCC,OpenEye,,,C,,9,[H:16][C:7]1([C:6]([C:5]([C:4]([C:9]([C:8]1([H:18])[H:19])([H:20])[H:21])([H:11])[C:2](=[O:1])[O:3][H:10])([H:12])[H:13])([H:14])[H:15])[H:17],24.0,12.0
9,0.44231000329766956,AM1BCC,OpenEye,,,H,,10,[H:16][C:7]1([C:6]([C:5]([C:4]([C:9]([C:8]1([H:18])[H:19])([H:20])[H:21])([H:11])[C:2](=[O:1])[O:3][H:10])([H:12])[H:13])([H:14])[H:15])[H:17],24.0,12.0
10,0.07882999415908541,AM1BCC,OpenEye,,,H,,11,[H:16][C:7]1([C:6]([C:5]([C:4]([C:9]([C:8]1([H:18])[H:19])([H:20])[H:21])([H:11])[C:2](=[O:1])[O:3][H:10])([H:12])[H:13])([H:14])[H:15])[H:17],24.0,12.0
11,0.05544999774013247,AM1BCC,OpenEye,,,H,,12,[H:16][C:7]1([C:6]([C:5]([C:4]([C:9]([C:8]1([H:18])[H:19])([H:20])[H:21])([H:11])[C:2](=[O:1])[O:3][H:10])([H:12])[H:13])([H:14])[H:15])[H:17],24.0,12.0
12,0.05544999774013247,AM1BCC,OpenEye,,,H,,13,[H:16][C:7]1([C:6]([C:5]([C:4]([C:9]([C:8]1([H:18])[H:19])([H:20])[H:21])([H:11])[C:2](=[O:1])[O:3][H:10])([H:12])[H:13])([H:14])[H:15])[H:17],24.0,12.0
13,0.04530999969158854,AM1BCC,OpenEye,,,H,,14,[H:16][C:7]1([C:6]([C:5]([C:4]([C:9]([C:8]1([H:18])[H:19])([H:20])[H:21])([H:11])[C:2](=[O:1])[O:3][H:10])([H:12])[H:13])([H:14])[H:15])[H:17],24.0,12.0
14,0.04530999969158854,AM1BCC,OpenEye,,,H,,15,[H:16][C:7]1([C:6]([C:5]([C:4]([C:9]([C:8]1([H:18])[H:19])([H:20])[H:21])([H:11])[C:2](=[O:1])[O:3][H:10])([H:12])[H:13])([H:14])[H:15])[H:17],24.0,12.0
15,0.040639998125178475,AM1BCC,OpenEye,,,H,,16,[H:16][C:7]1([C:6]([C:5]([C:4]([C:9]([C:8]1([H:18])[H:19])([H:20])[H:21])([H:11])[C:2](=[O:1])[O:3][H:10])([H:12])[H:13])([H:14])[H:15])[H:17],24.0,12.0
16,0.040639998125178475,AM1BCC,OpenEye,,,H,,17,[H:16][C:7]1([C:6]([C:5]([C:4]([C:9]([C:8]1([H:18])[H:19])([H:20])[H:21])([H:11])[C:2](=[O:1])[O:3][H:10])([H:12])[H:13])([H:14])[H:15])[H:17],24.0,12.0
17,0.04530999969158854,AM1BCC,OpenEye,,,H,,18,[H:16][C:7]1([C:6]([C:5]([C:4]([C:9]([C:8]1([H:18])[H:19])([H:20])[H:21])([H:11])[C:2](=[O:1])[O:3][H:10])([H:12])[H:13])([H:14])[H:15])[H:17],24.0,12.0
18,0.04530999969158854,AM1BCC,OpenEye,,,H,,19,[H:16][C:7]1([C:6]([C:5]([C:4]([C:9]([C:8]1([H:18])[H:19])([H:20])[H:21])([H:11])[C:2](=[O:1])[O:3][H:10])([H:12])[H:13])([H:14])[H:15])[H:17],24.0,12.0
19,0.05544999774013247,AM1BCC,OpenEye,,,H,,20,[H:16][C:7]1([C:6]([C:5]([C:4]([C:9]([C:8]1([H:18])[H:19])([H:20])[H:21])([H:11])[C:2](=[O:1])[O:3][H:10])([H:12])[H:13])([H:14])[H:15])[H:17],24.0,12.0
20,0.05544999774013247,AM1BCC,OpenEye,,,H,,21,[H:16][C:7]1([C:6]([C:5]([C:4]([C:9]([C:8]1([H:18])[H:19])([H:20])[H:21])([H:11])[C:2](=[O:1])[O:3][H:10])([H:12])[H:13])([H:14])[H:15])[H:17],24.0,12.0
0,-0.551,AM1BCC,AmberTools,,,O,,1,[H:16][C:7]1([C:6]([C:5]([C:4]([C:9]([C:8]1([H:18])[H:19])([H:20])[H:21])([H:11])[C:2](=[O:1])[O:3][H:10])([H:12])[H:13])([H:14])[H:15])[H:17],24.0,12.0
1,0.6351,AM1BCC,AmberTools,,,C,,2,[H:16][C:7]1([C:6]([C:5]([C:4]([C:9]([C:8]1([H:18])[H:19])([H:20])[H:21])([H:11])[C:2](=[O:1])[O:3][H:10])([H:12])[H:13])([H:14])[H:15])[H:17],24.0,12.0
2,-0.6121,AM1BCC,AmberTools,,,O,,3,[H:16][C:7]1([C:6]([C:5]([C:4]([C:9]([C:8]1([H:18])[H:19])([H:20])[H:21])([H:11])[C:2](=[O:1])[O:3][H:10])([H:12])[H:13])([H:14])[H:15])[H:17],24.0,12.0
3,-0.1017,AM1BCC,AmberTools,,,C,,4,[H:16][C:7]1([C:6]([C:5]([C:4]([C:9]([C:8]1([H:18])[H:19])([H:20])[H:21])([H:11])[C:2](=[O:1])[O:3][H:10])([H:12])[H:13])([H:14])[H:15])[H:17],24.0,12.0
4,-0.0724,AM1BCC,AmberTools,,,C,,5,[H:16][C:7]1([C:6]([C:5]([C:4]([C:9]([C:8]1([H:18])[H:19])([H:20])[H:21])([H:11])[C:2](=[O:1])[O:3][H:10])([H:12])[H:13])([H:14])[H:15])[H:17],24.0,12.0
5,-0.0759,AM1BCC,AmberTools,,,C,,6,[H:16][C:7]1([C:6]([C:5]([C:4]([C:9]([C:8]1([H:18])[H:19])([H:20])[H:21])([H:11])[C:2](=[O:1])[O:3][H:10])([H:12])[H:13])([H:14])[H:15])[H:17],24.0,12.0
6,-0.0794,AM1BCC,AmberTools,,,C,,7,[H:16][C:7]1([C:6]([C:5]([C:4]([C:9]([C:8]1([H:18])[H:19])([H:20])[H:21])([H:11])[C:2](=[O:1])[O:3][H:10])([H:12])[H:13])([H:14])[H:15])[H:17],24.0,12.0
7,-0.0759,AM1BCC,AmberTools,,,C,,8,[H:16][C:7]1([C:6]([C:5]([C:4]([C:9]([C:8]1([H:18])[H:19])([H:20])[H:21])([H:11])[C:2](=[O:1])[O:3][H:10])([H:12])[H:13])([H:14])[H:15])[H:17],24.0,12.0
8,-0.0724,AM1BCC,AmberTools,,,C,,9,[H:16][C:7]1([C:6]([C:5]([C:4]([C:9]([C:8]1([H:18])[H:19])([H:20])[H:21])([H:11])[C:2](=[O:1])[O:3][H:10])([H:12])[H:13])([H:14])[H:15])[H:17],24.0,12.0
9,0.443,AM1BCC,AmberTools,,,H,,10,[H:16][C:7]1([C:6]([C:5]([C:4]([C:9]([C:8]1([H:18])[H:19])([H:20])[H:21])([H:11])[C:2](=[O:1])[O:3][H:10])([H:12])[H:13])([H:14])[H:15])[H:17],24.0,12.0
10,0.0797,AM1BCC,AmberTools,,,H,,11,[H:16][C:7]1([C:6]([C:5]([C:4]([C:9]([C:8]1([H:18])[H:19])([H:20])[H:21])([H:11])[C:2](=[O:1])[O:3][H:10])([H:12])[H:13])([H:14])[H:15])[H:17],24.0,12.0
11,0.0562,AM1BCC,AmberTools,,,H,,12,[H:16][C:7]1([C:6]([C:5]([C:4]([C:9]([C:8]1([H:18])[H:19])([H:20])[H:21])([H:11])[C:2](=[O:1])[O:3][H:10])([H:12])[H:13])([H:14])[H:15])[H:17],24.0,12.0
12,0.0562,AM1BCC,AmberTools,,,H,,13,[H:16][C:7]1([C:6]([C:5]([C:4]([C:9]([C:8]1([H:18])[H:19])([H:20])[H:21])([H:11])[C:2](=[O:1])[O:3][H:10])([H:12])[H:13])([H:14])[H:15])[H:17],24.0,12.0
13,0.04445,AM1BCC,AmberTools,,,H,,14,[H:16][C:7]1([C:6]([C:5]([C:4]([C:9]([C:8]1([H:18])[H:19])([H:20])[H:21])([H:11])[C:2](=[O:1])[O:3][H:10])([H:12])[H:13])([H:14])[H:15])[H:17],24.0,12.0
14,0.04445,AM1BCC,AmberTools,,,H,,15,[H:16][C:7]1([C:6]([C:5]([C:4]([C:9]([C:8]1([H:18])[H:19])([H:20])[H:21])([H:11])[C:2](=[O:1])[O:3][H:10])([H:12])[H:13])([H:14])[H:15])[H:17],24.0,12.0
15,0.0402,AM1BCC,AmberTools,,,H,,16,[H:16][C:7]1([C:6]([C:5]([C:4]([C:9]([C:8]1([H:18])[H:19])([H:20])[H:21])([H:11])[C:2](=[O:1])[O:3][H:10])([H:12])[H:13])([H:14])[H:15])[H:17],24.0,12.0
16,0.0402,AM1BCC,AmberTools,,,H,,17,[H:16][C:7]1([C:6]([C:5]([C:4]([C:9]([C:8]1([H:18])[H:19])([H:20])[H:21])([H:11])[C:2](=[O:1])[O:3][H:10])([H:12])[H:13])([H:14])[H:15])[H:17],24.0,12.0
17,0.04445,AM1BCC,AmberTools,,,H,,18,[H:16][C:7]1([C:6]([C:5]([C:4]([C:9]([C:8]1([H:18])[H:19])([H:20])[H:21])([H:11])[C:2](=[O:1])[O:3][H:10])([H:12])[H:13])([H:14])[H:15])[H:17],24.0,12.0
18,0.04445,AM1BCC,AmberTools,,,H,,19,[H:16][C:7]1([C:6]([C:5]([C:4]([C:9]([C:8]1([H:18])[H:19])([H:20])[H:21])([H:11])[C:2](=[O:1])[O:3][H:10])([H:12])[H:13])([H:14])[H:15])[H:17],24.0,12.0
19,0.0562,AM1BCC,AmberTools,,,H,,20,[H:16][C:7]1([C:6]([C:5]([C:4]([C:9]([C:8]1([H:18])[H:19])([H:20])[H:21])([H:11])[C:2](=[O:1])[O:3][H:10])([H:12])[H:13])([H:14])[H:15])[H:17],24.0,12.0
20,0.0562,AM1BCC,AmberTools,,,H,,21,[H:16][C:7]1([C:6]([C:5]([C:4]([C:9]([C:8]1([H:18])[H:19])([H:20])[H:21])([H:11])[C:2](=[O:1])[O:3][H:10])([H:12])[H:13])([H:14])[H:15])[H:17],24.0,12.0
0,-0.5524399880142439,AM1BCC,OpenEye,,,O,,1,[H:16][C:7]1([C:6]([C:5]([C:4]([C:9]([C:8]1([H:18])[H:19])([H:20])[H:21])([H:11])[C:2](=[O:1])[O:3][H:10])([H:12])[H:13])([H:14])[H:15])[H:17],25.0,1.0
1,0.6340600248603594,AM1BCC,OpenEye,,,C,,2,[H:16][C:7]1([C:6]([C:5]([C:4]([C:9]([C:8]1([H:18])[H:19])([H:20])[H:21])([H:11])[C:2](=[O:1])[O:3][H:10])([H:12])[H:13])([H:14])[H:15])[H:17],25.0,1.0
2,-0.6034600142212141,AM1BCC,OpenEye,,,O,,3,[H:16][C:7]1([C:6]([C:5]([C:4]([C:9]([C:8]1([H:18])[H:19])([H:20])[H:21])([H:11])[C:2](=[O:1])[O:3][H:10])([H:12])[H:13])([H:14])[H:15])[H:17],25.0,1.0
3,-0.10566999798729307,AM1BCC,OpenEye,,,C,,4,[H:16][C:7]1([C:6]([C:5]([C:4]([C:9]([C:8]1([H:18])[H:19])([H:20])[H:21])([H:11])[C:2](=[O:1])[O:3][H:10])([H:12])[H:13])([H:14])[H:15])[H:17],25.0,1.0
4,-0.07199999725534803,AM1BCC,OpenEye,,,C,,5,[H:16][C:7]1([C:6]([C:5]([C:4]([C:9]([C:8]1([H:18])[H:19])([H:20])[H:21])([H:11])[C:2](=[O:1])[O:3][H:10])([H:12])[H:13])([H:14])[H:15])[H:17],25.0,1.0
5,-0.07739000057890302,AM1BCC,OpenEye,,,C,,6,[H:16][C:7]1([C:6]([C:5]([C:4]([C:9]([C:8]1([H:18])[H:19])([H:20])[H:21])([H:11])[C:2](=[O:1])[O:3][H:10])([H:12])[H:13])([H:14])[H:15])[H:17],25.0,1.0
6,-0.07998999988748914,AM1BCC,OpenEye,,,C,,7,[H:16][C:7]1([C:6]([C:5]([C:4]([C:9]([C:8]1([H:18])[H:19])([H:20])[H:21])([H:11])[C:2](=[O:1])[O:3][H:10])([H:12])[H:13])([H:14])[H:15])[H:17],25.0,1.0
7,-0.07739000057890302,AM1BCC,OpenEye,,,C,,8,[H:16][C:7]1([C:6]([C:5]([C:4]([C:9]([C:8]1([H:18])[H:19])([H:20])[H:21])([H:11])[C:2](=[O:1])[O:3][H:10])([H:12])[H:13])([H:14])[H:15])[H:17],25.0,1.0
8,-0.07199999725534803,AM1BCC,OpenEye,,,C,,9,[H:16][C:7]1([C:6]([C:5]([C:4]([C:9]([C:8]1([H:18])[H:19])([H:20])[H:21])([H:11])[C:2](=[O:1])[O:3][H:10])([H:12])[H:13])([H:14])[H:15])[H:17],25.0,1.0
9,0.44244998657987233,AM1BCC,OpenEye,,,H,,10,[H:16][C:7]1([C:6]([C:5]([C:4]([C:9]([C:8]1([H:18])[H:19])([H:20])[H:21])([H:11])[C:2](=[O:1])[O:3][H:10])([H:12])[H:13])([H:14])[H:15])[H:17],25.0,1.0
10,0.07972999626681918,AM1BCC,OpenEye,,,H,,11,[H:16][C:7]1([C:6]([C:5]([C:4]([C:9]([C:8]1([H:18])[H:19])([H:20])[H:21])([H:11])[C:2](=[O:1])[O:3][H:10])([H:12])[H:13])([H:14])[H:15])[H:17],25.0,1.0
11,0.05528999829576129,AM1BCC,OpenEye,,,H,,12,[H:16][C:7]1([C:6]([C:5]([C:4]([C:9]([C:8]1([H:18])[H:19])([H:20])[H:21])([H:11])[C:2](=[O:1])[O:3][H:10])([H:12])[H:13])([H:14])[H:15])[H:17],25.0,1.0
12,0.05528999829576129,AM1BCC,OpenEye,,,H,,13,[H:16][C:7]1([C:6]([C:5]([C:4]([C:9]([C:8]1([H:18])[H:19])([H:20])[H:21])([H:11])[C:2](=[O:1])[O:3][H:10])([H:12])[H:13])([H:14])[H:15])[H:17],25.0,1.0
13,0.045419998112178984,AM1BCC,OpenEye,,,H,,14,[H:16][C:7]1([C:6]([C:5]([C:4]([C:9]([C:8]1([H:18])[H:19])([H:20])[H:21])([H:11])[C:2](=[O:1])[O:3][H:10])([H:12])[H:13])([H:14])[H:15])[H:17],25.0,1.0
14,0.045419998112178984,AM1BCC,OpenEye,,,H,,15,[H:16][C:7]1([C:6]([C:5]([C:4]([C:9]([C:8]1([H:18])[H:19])([H:20])[H:21])([H:11])[C:2](=[O:1])[O:3][H:10])([H:12])[H:13])([H:14])[H:15])[H:17],25.0,1.0
15,0.04063000121996516,AM1BCC,OpenEye,,,H,,16,[H:16][C:7]1([C:6]([C:5]([C:4]([C:9]([C:8]1([H:18])[H:19])([H:20])[H:21])([H:11])[C:2](=[O:1])[O:3][H:10])([H:12])[H:13])([H:14])[H:15])[H:17],25.0,1.0
16,0.04063000121996516,AM1BCC,OpenEye,,,H,,17,[H:16][C:7]1([C:6]([C:5]([C:4]([C:9]([C:8]1([H:18])[H:19])([H:20])[H:21])([H:11])[C:2](=[O:1])[O:3][H:10])([H:12])[H:13])([H:14])[H:15])[H:17],25.0,1.0
17,0.045419998112178984,AM1BCC,OpenEye,,,H,,18,[H:16][C:7]1([C:6]([C:5]([C:4]([C:9]([C:8]1([H:18])[H:19])([H:20])[H:21])([H:11])[C:2](=[O:1])[O:3][H:10])([H:12])[H:13])([H:14])[H:15])[H:17],25.0,1.0
18,0.045419998112178984,AM1BCC,OpenEye,,,H,,19,[H:16][C:7]1([C:6]([C:5]([C:4]([C:9]([C:8]1([H:18])[H:19])([H:20])[H:21])([H:11])[C:2](=[O:1])[O:3][H:10])([H:12])[H:13])([H:14])[H:15])[H:17],25.0,1.0
19,0.05528999829576129,AM1BCC,OpenEye,,,H,,20,[H:16][C:7]1([C:6]([C:5]([C:4]([C:9]([C:8]1([H:18])[H:19])([H:20])[H:21])([H:11])[C:2](=[O:1])[O:3][H:10])([H:12])[H:13])([H:14])[H:15])[H:17],25.0,1.0
20,0.05528999829576129,AM1BCC,OpenEye,,,H,,21,[H:16][C:7]1([C:6]([C:5]([C:4]([C:9]([C:8]1([H:18])[H:19])([H:20])[H:21])([H:11])[C:2](=[O:1])[O:3][H:10])([H:12])[H:13])([H:14])[H:15])[H:17],25.0,1.0
0,-0.5510476190476191,AM1BCC,AmberTools,,,O,,1,[H:16][C:7]1([C:6]([C:5]([C:4]([C:9]([C:8]1([H:18])[H:19])([H:20])[H:21])([H:11])[C:2](=[O:1])[O:3][H:10])([H:12])[H:13])([H:14])[H:15])[H:17],25.0,1.0
1,0.6350523809523809,AM1BCC,AmberTools,,,C,,2,[H:16][C:7]1([C:6]([C:5]([C:4]([C:9]([C:8]1([H:18])[H:19])([H:20])[H:21])([H:11])[C:2](=[O:1])[O:3][H:10])([H:12])[H:13])([H:14])[H:15])[H:17],25.0,1.0
2,-0.612147619047619,AM1BCC,AmberTools,,,O,,3,[H:16][C:7]1([C:6]([C:5]([C:4]([C:9]([C:8]1([H:18])[H:19])([H:20])[H:21])([H:11])[C:2](=[O:1])[O:3][H:10])([H:12])[H:13])([H:14])[H:15])[H:17],25.0,1.0
3,-0.10174761904761905,AM1BCC,AmberTools,,,C,,4,[H:16][C:7]1([C:6]([C:5]([C:4]([C:9]([C:8]1([H:18])[H:19])([H:20])[H:21])([H:11])[C:2](=[O:1])[O:3][H:10])([H:12])[H:13])([H:14])[H:15])[H:17],25.0,1.0
4,-0.07244761904761905,AM1BCC,AmberTools,,,C,,5,[H:16][C:7]1([C:6]([C:5]([C:4]([C:9]([C:8]1([H:18])[H:19])([H:20])[H:21])([H:11])[C:2](=[O:1])[O:3][H:10])([H:12])[H:13])([H:14])[H:15])[H:17],25.0,1.0
5,-0.07544761904761904,AM1BCC,AmberTools,,,C,,6,[H:16][C:7]1([C:6]([C:5]([C:4]([C:9]([C:8]1([H:18])[H:19])([H:20])[H:21])([H:11])[C:2](=[O:1])[O:3][H:10])([H:12])[H:13])([H:14])[H:15])[H:17],25.0,1.0
6,-0.07944761904761904,AM1BCC,AmberTools,,,C,,7,[H:16][C:7]1([C:6]([C:5]([C:4]([C:9]([C:8]1([H:18])[H:19])([H:20])[H:21])([H:11])[C:2](=[O:1])[O:3][H:10])([H:12])[H:13])([H:14])[H:15])[H:17],25.0,1.0
7,-0.07544761904761904,AM1BCC,AmberTools,,,C,,8,[H:16][C:7]1([C:6]([C:5]([C:4]([C:9]([C:8]1([H:18])[H:19])([H:20])[H:21])([H:11])[C:2](=[O:1])[O:3][H:10])([H:12])[H:13])([H:14])[H:15])[H:17],25.0,1.0
8,-0.07244761904761905,AM1BCC,AmberTools,,,C,,9,[H:16][C:7]1([C:6]([C:5]([C:4]([C:9]([C:8]1([H:18])[H:19])([H:20])[H:21])([H:11])[C:2](=[O:1])[O:3][H:10])([H:12])[H:13])([H:14])[H:15])[H:17],25.0,1.0
9,0.442952380952381,AM1BCC,AmberTools,,,H,,10,[H:16][C:7]1([C:6]([C:5]([C:4]([C:9]([C:8]1([H:18])[H:19])([H:20])[H:21])([H:11])[C:2](=[O:1])[O:3][H:10])([H:12])[H:13])([H:14])[H:15])[H:17],25.0,1.0
10,0.07965238095238095,AM1BCC,AmberTools,,,H,,11,[H:16][C:7]1([C:6]([C:5]([C:4]([C:9]([C:8]1([H:18])[H:19])([H:20])[H:21])([H:11])[C:2](=[O:1])[O:3][H:10])([H:12])[H:13])([H:14])[H:15])[H:17],25.0,1.0
11,0.056152380952380954,AM1BCC,AmberTools,,,H,,12,[H:16][C:7]1([C:6]([C:5]([C:4]([C:9]([C:8]1([H:18])[H:19])([H:20])[H:21])([H:11])[C:2](=[O:1])[O:3][H:10])([H:12])[H:13])([H:14])[H:15])[H:17],25.0,1.0
12,0.056152380952380954,AM1BCC,AmberTools,,,H,,13,[H:16][C:7]1([C:6]([C:5]([C:4]([C:9]([C:8]1([H:18])[H:19])([H:20])[H:21])([H:11])[C:2](=[O:1])[O:3][H:10])([H:12])[H:13])([H:14])[H:15])[H:17],25.0,1.0
13,0.04440238095238096,AM1BCC,AmberTools,,,H,,14,[H:16][C:7]1([C:6]([C:5]([C:4]([C:9]([C:8]1([H:18])[H:19])([H:20])[H:21])([H:11])[C:2](=[O:1])[O:3][H:10])([H:12])[H:13])([H:14])[H:15])[H:17],25.0,1.0
14,0.04440238095238096,AM1BCC,AmberTools,,,H,,15,[H:16][C:7]1([C:6]([C:5]([C:4]([C:9]([C:8]1([H:18])[H:19])([H:20])[H:21])([H:11])[C:2](=[O:1])[O:3][H:10])([H:12])[H:13])([H:14])[H:15])[H:17],25.0,1.0
15,0.04015238095238095,AM1BCC,AmberTools,,,H,,16,[H:16][C:7]1([C:6]([C:5]([C:4]([C:9]([C:8]1([H:18])[H:19])([H:20])[H:21])([H:11])[C:2](=[O:1])[O:3][H:10])([H:12])[H:13])([H:14])[H:15])[H:17],25.0,1.0
16,0.04015238095238095,AM1BCC,AmberTools,,,H,,17,[H:16][C:7]1([C:6]([C:5]([C:4]([C:9]([C:8]1([H:18])[H:19])([H:20])[H:21])([H:11])[C:2](=[O:1])[O:3][H:10])([H:12])[H:13])([H:14])[H:15])[H:17],25.0,1.0
17,0.04440238095238096,AM1BCC,AmberTools,,,H,,18,[H:16][C:7]1([C:6]([C:5]([C:4]([C:9]([C:8]1([H:18])[H:19])([H:20])[H:21])([H:11])[C:2](=[O:1])[O:3][H:10])([H:12])[H:13])([H:14])[H:15])[H:17],25.0,1.0
18,0.04440238095238096,AM1BCC,AmberTools,,,H,,19,[H:16][C:7]1([C:6]([C:5]([C:4]([C:9]([C:8]1([H:18])[H:19])([H:20])[H:21])([H:11])[C:2](=[O:1])[O:3][H:10])([H:12])[H:13])([H:14])[H:15])[H:17],25.0,1.0
19,0.056152380952380954,AM1BCC,AmberTools,,,H,,20,[H:16][C:7]1([C:6]([C:5]([C:4]([C:9]([C:8]1([H:18])[H:19])([H:20])[H:21])([H:11])[C:2](=[O:1])[O:3][H:10])([H:12])[H:13])([H:14])[H:15])[H:17],25.0,1.0
20,0.056152380952380954,AM1BCC,AmberTools,,,H,,21,[H:16][C:7]1([C:6]([C:5]([C:4]([C:9]([C:8]1([H:18])[H:19])([H:20])[H:21])([H:11])[C:2](=[O:1])[O:3][H:10])([H:12])[H:13])([H:14])[H:15])[H:17],25.0,1.0
0,-0.5524399880142439,AM1BCC,OpenEye,,,O,,1,[H:16][C:7]1([C:6]([C:5]([C:4]([C:9]([C:8]1([H:18])[H:19])([H:20])[H:21])([H:11])[C:2](=[O:1])[O:3][H:10])([H:12])[H:13])([H:14])[H:15])[H:17],25.0,2.0
1,0.6340600248603594,AM1BCC,OpenEye,,,C,,2,[H:16][C:7]1([C:6]([C:5]([C:4]([C:9]([C:8]1([H:18])[H:19])([H:20])[H:21])([H:11])[C:2](=[O:1])[O:3][H:10])([H:12])[H:13])([H:14])[H:15])[H:17],25.0,2.0
2,-0.6034600142212141,AM1BCC,OpenEye,,,O,,3,[H:16][C:7]1([C:6]([C:5]([C:4]([C:9]([C:8]1([H:18])[H:19])([H:20])[H:21])([H:11])[C:2](=[O:1])[O:3][H:10])([H:12])[H:13])([H:14])[H:15])[H:17],25.0,2.0
3,-0.10566999798729307,AM1BCC,OpenEye,,,C,,4,[H:16][C:7]1([C:6]([C:5]([C:4]([C:9]([C:8]1([H:18])[H:19])([H:20])[H:21])([H:11])[C:2](=[O:1])[O:3][H:10])([H:12])[H:13])([H:14])[H:15])[H:17],25.0,2.0
4,-0.07199999725534803,AM1BCC,OpenEye,,,C,,5,[H:16][C:7]1([C:6]([C:5]([C:4]([C:9]([C:8]1([H:18])[H:19])([H:20])[H:21])([H:11])[C:2](=[O:1])[O:3][H:10])([H:12])[H:13])([H:14])[H:15])[H:17],25.0,2.0
5,-0.07739000057890302,AM1BCC,OpenEye,,,C,,6,[H:16][C:7]1([C:6]([C:5]([C:4]([C:9]([C:8]1([H:18])[H:19])([H:20])[H:21])([H:11])[C:2](=[O:1])[O:3][H:10])([H:12])[H:13])([H:14])[H:15])[H:17],25.0,2.0
6,-0.07998999988748914,AM1BCC,OpenEye,,,C,,7,[H:16][C:7]1([C:6]([C:5]([C:4]([C:9]([C:8]1([H:18])[H:19])([H:20])[H:21])([H:11])[C:2](=[O:1])[O:3][H:10])([H:12])[H:13])([H:14])[H:15])[H:17],25.0,2.0
7,-0.07739000057890302,AM1BCC,OpenEye,,,C,,8,[H:16][C:7]1([C:6]([C:5]([C:4]([C:9]([C:8]1([H:18])[H:19])([H:20])[H:21])([H:11])[C:2](=[O:1])[O:3][H:10])([H:12])[H:13])([H:14])[H:15])[H:17],25.0,2.0
8,-0.07199999725534803,AM1BCC,OpenEye,,,C,,9,[H:16][C:7]1([C:6]([C:5]([C:4]([C:9]([C:8]1([H:18])[H:19])([H:20])[H:21])([H:11])[C:2](=[O:1])[O:3][H:10])([H:12])[H:13])([H:14])[H:15])[H:17],25.0,2.0
9,0.44244998657987233,AM1BCC,OpenEye,,,H,,10,[H:16][C:7]1([C:6]([C:5]([C:4]([C:9]([C:8]1([H:18])[H:19])([H:20])[H:21])([H:11])[C:2](=[O:1])[O:3][H:10])([H:12])[H:13])([H:14])[H:15])[H:17],25.0,2.0
10,0.07972999626681918,AM1BCC,OpenEye,,,H,,11,[H:16][C:7]1([C:6]([C:5]([C:4]([C:9]([C:8]1([H:18])[H:19])([H:20])[H:21])([H:11])[C:2](=[O:1])[O:3][H:10])([H:12])[H:13])([H:14])[H:15])[H:17],25.0,2.0
11,0.05528999829576129,AM1BCC,OpenEye,,,H,,12,[H:16][C:7]1([C:6]([C:5]([C:4]([C:9]([C:8]1([H:18])[H:19])([H:20])[H:21])([H:11])[C:2](=[O:1])[O:3][H:10])([H:12])[H:13])([H:14])[H:15])[H:17],25.0,2.0
12,0.05528999829576129,AM1BCC,OpenEye,,,H,,13,[H:16][C:7]1([C:6]([C:5]([C:4]([C:9]([C:8]1([H:18])[H:19])([H:20])[H:21])([H:11])[C:2](=[O:1])[O:3][H:10])([H:12])[H:13])([H:14])[H:15])[H:17],25.0,2.0
13,0.045419998112178984,AM1BCC,OpenEye,,,H,,14,[H:16][C:7]1([C:6]([C:5]([C:4]([C:9]([C:8]1([H:18])[H:19])([H:20])[H:21])([H:11])[C:2](=[O:1])[O:3][H:10])([H:12])[H:13])([H:14])[H:15])[H:17],25.0,2.0
14,0.045419998112178984,AM1BCC,OpenEye,,,H,,15,[H:16][C:7]1([C:6]([C:5]([C:4]([C:9]([C:8]1([H:18])[H:19])([H:20])[H:21])([H:11])[C:2](=[O:1])[O:3][H:10])([H:12])[H:13])([H:14])[H:15])[H:17],25.0,2.0
15,0.04063000121996516,AM1BCC,OpenEye,,,H,,16,[H:16][C:7]1([C:6]([C:5]([C:4]([C:9]([C:8]1([H:18])[H:19])([H:20])[H:21])([H:11])[C:2](=[O:1])[O:3][H:10])([H:12])[H:13])([H:14])[H:15])[H:17],25.0,2.0
16,0.04063000121996516,AM1BCC,OpenEye,,,H,,17,[H:16][C:7]1([C:6]([C:5]([C:4]([C:9]([C:8]1([H:18])[H:19])([H:20])[H:21])([H:11])[C:2](=[O:1])[O:3][H:10])([H:12])[H:13])([H:14])[H:15])[H:17],25.0,2.0
17,0.045419998112178984,AM1BCC,OpenEye,,,H,,18,[H:16][C:7]1([C:6]([C:5]([C:4]([C:9]([C:8]1([H:18])[H:19])([H:20])[H:21])([H:11])[C:2](=[O:1])[O:3][H:10])([H:12])[H:13])([H:14])[H:15])[H:17],25.0,2.0
18,0.045419998112178984,AM1BCC,OpenEye,,,H,,19,[H:16][C:7]1([C:6]([C:5]([C:4]([C:9]([C:8]1([H:18])[H:19])([H:20])[H:21])([H:11])[C:2](=[O:1])[O:3][H:10])([H:12])[H:13])([H:14])[H:15])[H:17],25.0,2.0
19,0.05528999829576129,AM1BCC,OpenEye,,,H,,20,[H:16][C:7]1([C:6]([C:5]([C:4]([C:9]([C:8]1([H:18])[H:19])([H:20])[H:21])([H:11])[C:2](=[O:1])[O:3][H:10])([H:12])[H:13])([H:14])[H:15])[H:17],25.0,2.0
20,0.05528999829576129,AM1BCC,OpenEye,,,H,,21,[H:16][C:7]1([C:6]([C:5]([C:4]([C:9]([C:8]1([H:18])[H:19])([H:20])[H:21])([H:11])[C:2](=[O:1])[O:3][H:10])([H:12])[H:13])([H:14])[H:15])[H:17],25.0,2.0
0,-0.5510476190476191,AM1BCC,AmberTools,,,O,,1,[H:16][C:7]1([C:6]([C:5]([C:4]([C:9]([C:8]1([H:18])[H:19])([H:20])[H:21])([H:11])[C:2](=[O:1])[O:3][H:10])([H:12])[H:13])([H:14])[H:15])[H:17],25.0,2.0
1,0.6350523809523809,AM1BCC,AmberTools,,,C,,2,[H:16][C:7]1([C:6]([C:5]([C:4]([C:9]([C:8]1([H:18])[H:19])([H:20])[H:21])([H:11])[C:2](=[O:1])[O:3][H:10])([H:12])[H:13])([H:14])[H:15])[H:17],25.0,2.0
2,-0.612147619047619,AM1BCC,AmberTools,,,O,,3,[H:16][C:7]1([C:6]([C:5]([C:4]([C:9]([C:8]1([H:18])[H:19])([H:20])[H:21])([H:11])[C:2](=[O:1])[O:3][H:10])([H:12])[H:13])([H:14])[H:15])[H:17],25.0,2.0
3,-0.10174761904761905,AM1BCC,AmberTools,,,C,,4,[H:16][C:7]1([C:6]([C:5]([C:4]([C:9]([C:8]1([H:18])[H:19])([H:20])[H:21])([H:11])[C:2](=[O:1])[O:3][H:10])([H:12])[H:13])([H:14])[H:15])[H:17],25.0,2.0
4,-0.07244761904761905,AM1BCC,AmberTools,,,C,,5,[H:16][C:7]1([C:6]([C:5]([C:4]([C:9]([C:8]1([H:18])[H:19])([H:20])[H:21])([H:11])[C:2](=[O:1])[O:3][H:10])([H:12])[H:13])([H:14])[H:15])[H:17],25.0,2.0
5,-0.07544761904761904,AM1BCC,AmberTools,,,C,,6,[H:16][C:7]1([C:6]([C:5]([C:4]([C:9]([C:8]1([H:18])[H:19])([H:20])[H:21])([H:11])[C:2](=[O:1])[O:3][H:10])([H:12])[H:13])([H:14])[H:15])[H:17],25.0,2.0
6,-0.07944761904761904,AM1BCC,AmberTools,,,C,,7,[H:16][C:7]1([C:6]([C:5]([C:4]([C:9]([C:8]1([H:18])[H:19])([H:20])[H:21])([H:11])[C:2](=[O:1])[O:3][H:10])([H:12])[H:13])([H:14])[H:15])[H:17],25.0,2.0
7,-0.07544761904761904,AM1BCC,AmberTools,,,C,,8,[H:16][C:7]1([C:6]([C:5]([C:4]([C:9]([C:8]1([H:18])[H:19])([H:20])[H:21])([H:11])[C:2](=[O:1])[O:3][H:10])([H:12])[H:13])([H:14])[H:15])[H:17],25.0,2.0
8,-0.07244761904761905,AM1BCC,AmberTools,,,C,,9,[H:16][C:7]1([C:6]([C:5]([C:4]([C:9]([C:8]1([H:18])[H:19])([H:20])[H:21])([H:11])[C:2](=[O:1])[O:3][H:10])([H:12])[H:13])([H:14])[H:15])[H:17],25.0,2.0
9,0.442952380952381,AM1BCC,AmberTools,,,H,,10,[H:16][C:7]1([C:6]([C:5]([C:4]([C:9]([C:8]1([H:18])[H:19])([H:20])[H:21])([H:11])[C:2](=[O:1])[O:3][H:10])([H:12])[H:13])([H:14])[H:15])[H:17],25.0,2.0
10,0.07965238095238095,AM1BCC,AmberTools,,,H,,11,[H:16][C:7]1([C:6]([C:5]([C:4]([C:9]([C:8]1([H:18])[H:19])([H:20])[H:21])([H:11])[C:2](=[O:1])[O:3][H:10])([H:12])[H:13])([H:14])[H:15])[H:17],25.0,2.0
11,0.056152380952380954,AM1BCC,AmberTools,,,H,,12,[H:16][C:7]1([C:6]([C:5]([C:4]([C:9]([C:8]1([H:18])[H:19])([H:20])[H:21])([H:11])[C:2](=[O:1])[O:3][H:10])([H:12])[H:13])([H:14])[H:15])[H:17],25.0,2.0
12,0.056152380952380954,AM1BCC,AmberTools,,,H,,13,[H:16][C:7]1([C:6]([C:5]([C:4]([C:9]([C:8]1([H:18])[H:19])([H:20])[H:21])([H:11])[C:2](=[O:1])[O:3][H:10])([H:12])[H:13])([H:14])[H:15])[H:17],25.0,2.0
13,0.04440238095238096,AM1BCC,AmberTools,,,H,,14,[H:16][C:7]1([C:6]([C:5]([C:4]([C:9]([C:8]1([H:18])[H:19])([H:20])[H:21])([H:11])[C:2](=[O:1])[O:3][H:10])([H:12])[H:13])([H:14])[H:15])[H:17],25.0,2.0
14,0.04440238095238096,AM1BCC,AmberTools,,,H,,15,[H:16][C:7]1([C:6]([C:5]([C:4]([C:9]([C:8]1([H:18])[H:19])([H:20])[H:21])([H:11])[C:2](=[O:1])[O:3][H:10])([H:12])[H:13])([H:14])[H:15])[H:17],25.0,2.0
15,0.04015238095238095,AM1BCC,AmberTools,,,H,,16,[H:16][C:7]1([C:6]([C:5]([C:4]([C:9]([C:8]1([H:18])[H:19])([H:20])[H:21])([H:11])[C:2](=[O:1])[O:3][H:10])([H:12])[H:13])([H:14])[H:15])[H:17],25.0,2.0
16,0.04015238095238095,AM1BCC,AmberTools,,,H,,17,[H:16][C:7]1([C:6]([C:5]([C:4]([C:9]([C:8]1([H:18])[H:19])([H:20])[H:21])([H:11])[C:2](=[O:1])[O:3][H:10])([H:12])[H:13])([H:14])[H:15])[H:17],25.0,2.0
17,0.04440238095238096,AM1BCC,AmberTools,,,H,,18,[H:16][C:7]1([C:6]([C:5]([C:4]([C:9]([C:8]1([H:18])[H:19])([H:20])[H:21])([H:11])[C:2](=[O:1])[O:3][H:10])([H:12])[H:13])([H:14])[H:15])[H:17],25.0,2.0
18,0.04440238095238096,AM1BCC,AmberTools,,,H,,19,[H:16][C:7]1([C:6]([C:5]([C:4]([C:9]([C:8]1([H:18])[H:19])([H:20])[H:21])([H:11])[C:2](=[O:1])[O:3][H:10])([H:12])[H:13])([H:14])[H:15])[H:17],25.0,2.0
19,0.056152380952380954,AM1BCC,AmberTools,,,H,,20,[H:16][C:7]1([C:6]([C:5]([C:4]([C:9]([C:8]1([H:18])[H:19])([H:20])[H:21])([H:11])[C:2](=[O:1])[O:3][H:10])([H:12])[H:13])([H:14])[H:15])[H:17],25.0,2.0
20,0.056152380952380954,AM1BCC,AmberTools,,,H,,21,[H:16][C:7]1([C:6]([C:5]([C:4]([C:9]([C:8]1([H:18])[H:19])([H:20])[H:21])([H:11])[C:2](=[O:1])[O:3][H:10])([H:12])[H:13])([H:14])[H:15])[H:17],25.0,2.0
0,-0.5524399880142439,AM1BCC,OpenEye,,,O,,1,[H:16][C:7]1([C:6]([C:5]([C:4]([C:9]([C:8]1([H:18])[H:19])([H:20])[H:21])([H:11])[C:2](=[O:1])[O:3][H:10])([H:12])[H:13])([H:14])[H:15])[H:17],25.0,3.0
1,0.6340600248603594,AM1BCC,OpenEye,,,C,,2,[H:16][C:7]1([C:6]([C:5]([C:4]([C:9]([C:8]1([H:18])[H:19])([H:20])[H:21])([H:11])[C:2](=[O:1])[O:3][H:10])([H:12])[H:13])([H:14])[H:15])[H:17],25.0,3.0
2,-0.6034600142212141,AM1BCC,OpenEye,,,O,,3,[H:16][C:7]1([C:6]([C:5]([C:4]([C:9]([C:8]1([H:18])[H:19])([H:20])[H:21])([H:11])[C:2](=[O:1])[O:3][H:10])([H:12])[H:13])([H:14])[H:15])[H:17],25.0,3.0
3,-0.10566999798729307,AM1BCC,OpenEye,,,C,,4,[H:16][C:7]1([C:6]([C:5]([C:4]([C:9]([C:8]1([H:18])[H:19])([H:20])[H:21])([H:11])[C:2](=[O:1])[O:3][H:10])([H:12])[H:13])([H:14])[H:15])[H:17],25.0,3.0
4,-0.07199999725534803,AM1BCC,OpenEye,,,C,,5,[H:16][C:7]1([C:6]([C:5]([C:4]([C:9]([C:8]1([H:18])[H:19])([H:20])[H:21])([H:11])[C:2](=[O:1])[O:3][H:10])([H:12])[H:13])([H:14])[H:15])[H:17],25.0,3.0
5,-0.07739000057890302,AM1BCC,OpenEye,,,C,,6,[H:16][C:7]1([C:6]([C:5]([C:4]([C:9]([C:8]1([H:18])[H:19])([H:20])[H:21])([H:11])[C:2](=[O:1])[O:3][H:10])([H:12])[H:13])([H:14])[H:15])[H:17],25.0,3.0
6,-0.07998999988748914,AM1BCC,OpenEye,,,C,,7,[H:16][C:7]1([C:6]([C:5]([C:4]([C:9]([C:8]1([H:18])[H:19])([H:20])[H:21])([H:11])[C:2](=[O:1])[O:3][H:10])([H:12])[H:13])([H:14])[H:15])[H:17],25.0,3.0
7,-0.07739000057890302,AM1BCC,OpenEye,,,C,,8,[H:16][C:7]1([C:6]([C:5]([C:4]([C:9]([C:8]1([H:18])[H:19])([H:20])[H:21])([H:11])[C:2](=[O:1])[O:3][H:10])([H:12])[H:13])([H:14])[H:15])[H:17],25.0,3.0
8,-0.07199999725534803,AM1BCC,OpenEye,,,C,,9,[H:16][C:7]1([C:6]([C:5]([C:4]([C:9]([C:8]1([H:18])[H:19])([H:20])[H:21])([H:11])[C:2](=[O:1])[O:3][H:10])([H:12])[H:13])([H:14])[H:15])[H:17],25.0,3.0
9,0.44244998657987233,AM1BCC,OpenEye,,,H,,10,[H:16][C:7]1([C:6]([C:5]([C:4]([C:9]([C:8]1([H:18])[H:19])([H:20])[H:21])([H:11])[C:2](=[O:1])[O:3][H:10])([H:12])[H:13])([H:14])[H:15])[H:17],25.0,3.0
10,0.07972999626681918,AM1BCC,OpenEye,,,H,,11,[H:16][C:7]1([C:6]([C:5]([C:4]([C:9]([C:8]1([H:18])[H:19])([H:20])[H:21])([H:11])[C:2](=[O:1])[O:3][H:10])([H:12])[H:13])([H:14])[H:15])[H:17],25.0,3.0
11,0.05528999829576129,AM1BCC,OpenEye,,,H,,12,[H:16][C:7]1([C:6]([C:5]([C:4]([C:9]([C:8]1([H:18])[H:19])([H:20])[H:21])([H:11])[C:2](=[O:1])[O:3][H:10])([H:12])[H:13])([H:14])[H:15])[H:17],25.0,3.0
12,0.05528999829576129,AM1BCC,OpenEye,,,H,,13,[H:16][C:7]1([C:6]([C:5]([C:4]([C:9]([C:8]1([H:18])[H:19])([H:20])[H:21])([H:11])[C:2](=[O:1])[O:3][H:10])([H:12])[H:13])([H:14])[H:15])[H:17],25.0,3.0
13,0.045419998112178984,AM1BCC,OpenEye,,,H,,14,[H:16][C:7]1([C:6]([C:5]([C:4]([C:9]([C:8]1([H:18])[H:19])([H:20])[H:21])([H:11])[C:2](=[O:1])[O:3][H:10])([H:12])[H:13])([H:14])[H:15])[H:17],25.0,3.0
14,0.045419998112178984,AM1BCC,OpenEye,,,H,,15,[H:16][C:7]1([C:6]([C:5]([C:4]([C:9]([C:8]1([H:18])[H:19])([H:20])[H:21])([H:11])[C:2](=[O:1])[O:3][H:10])([H:12])[H:13])([H:14])[H:15])[H:17],25.0,3.0
15,0.04063000121996516,AM1BCC,OpenEye,,,H,,16,[H:16][C:7]1([C:6]([C:5]([C:4]([C:9]([C:8]1([H:18])[H:19])([H:20])[H:21])([H:11])[C:2](=[O:1])[O:3][H:10])([H:12])[H:13])([H:14])[H:15])[H:17],25.0,3.0
16,0.04063000121996516,AM1BCC,OpenEye,,,H,,17,[H:16][C:7]1([C:6]([C:5]([C:4]([C:9]([C:8]1([H:18])[H:19])([H:20])[H:21])([H:11])[C:2](=[O:1])[O:3][H:10])([H:12])[H:13])([H:14])[H:15])[H:17],25.0,3.0
17,0.045419998112178984,AM1BCC,OpenEye,,,H,,18,[H:16][C:7]1([C:6]([C:5]([C:4]([C:9]([C:8]1([H:18])[H:19])([H:20])[H:21])([H:11])[C:2](=[O:1])[O:3][H:10])([H:12])[H:13])([H:14])[H:15])[H:17],25.0,3.0
18,0.045419998112178984,AM1BCC,OpenEye,,,H,,19,[H:16][C:7]1([C:6]([C:5]([C:4]([C:9]([C:8]1([H:18])[H:19])([H:20])[H:21])([H:11])[C:2](=[O:1])[O:3][H:10])([H:12])[H:13])([H:14])[H:15])[H:17],25.0,3.0
19,0.05528999829576129,AM1BCC,OpenEye,,,H,,20,[H:16][C:7]1([C:6]([C:5]([C:4]([C:9]([C:8]1([H:18])[H:19])([H:20])[H:21])([H:11])[C:2](=[O:1])[O:3][H:10])([H:12])[H:13])([H:14])[H:15])[H:17],25.0,3.0
20,0.05528999829576129,AM1BCC,OpenEye,,,H,,21,[H:16][C:7]1([C:6]([C:5]([C:4]([C:9]([C:8]1([H:18])[H:19])([H:20])[H:21])([H:11])[C:2](=[O:1])[O:3][H:10])([H:12])[H:13])([H:14])[H:15])[H:17],25.0,3.0
0,-0.5510476190476191,AM1BCC,AmberTools,,,O,,1,[H:16][C:7]1([C:6]([C:5]([C:4]([C:9]([C:8]1([H:18])[H:19])([H:20])[H:21])([H:11])[C:2](=[O:1])[O:3][H:10])([H:12])[H:13])([H:14])[H:15])[H:17],25.0,3.0
1,0.6350523809523809,AM1BCC,AmberTools,,,C,,2,[H:16][C:7]1([C:6]([C:5]([C:4]([C:9]([C:8]1([H:18])[H:19])([H:20])[H:21])([H:11])[C:2](=[O:1])[O:3][H:10])([H:12])[H:13])([H:14])[H:15])[H:17],25.0,3.0
2,-0.612147619047619,AM1BCC,AmberTools,,,O,,3,[H:16][C:7]1([C:6]([C:5]([C:4]([C:9]([C:8]1([H:18])[H:19])([H:20])[H:21])([H:11])[C:2](=[O:1])[O:3][H:10])([H:12])[H:13])([H:14])[H:15])[H:17],25.0,3.0
3,-0.10174761904761905,AM1BCC,AmberTools,,,C,,4,[H:16][C:7]1([C:6]([C:5]([C:4]([C:9]([C:8]1([H:18])[H:19])([H:20])[H:21])([H:11])[C:2](=[O:1])[O:3][H:10])([H:12])[H:13])([H:14])[H:15])[H:17],25.0,3.0
4,-0.07244761904761905,AM1BCC,AmberTools,,,C,,5,[H:16][C:7]1([C:6]([C:5]([C:4]([C:9]([C:8]1([H:18])[H:19])([H:20])[H:21])([H:11])[C:2](=[O:1])[O:3][H:10])([H:12])[H:13])([H:14])[H:15])[H:17],25.0,3.0
5,-0.07544761904761904,AM1BCC,AmberTools,,,C,,6,[H:16][C:7]1([C:6]([C:5]([C:4]([C:9]([C:8]1([H:18])[H:19])([H:20])[H:21])([H:11])[C:2](=[O:1])[O:3][H:10])([H:12])[H:13])([H:14])[H:15])[H:17],25.0,3.0
6,-0.07944761904761904,AM1BCC,AmberTools,,,C,,7,[H:16][C:7]1([C:6]([C:5]([C:4]([C:9]([C:8]1([H:18])[H:19])([H:20])[H:21])([H:11])[C:2](=[O:1])[O:3][H:10])([H:12])[H:13])([H:14])[H:15])[H:17],25.0,3.0
7,-0.07544761904761904,AM1BCC,AmberTools,,,C,,8,[H:16][C:7]1([C:6]([C:5]([C:4]([C:9]([C:8]1([H:18])[H:19])([H:20])[H:21])([H:11])[C:2](=[O:1])[O:3][H:10])([H:12])[H:13])([H:14])[H:15])[H:17],25.0,3.0
8,-0.07244761904761905,AM1BCC,AmberTools,,,C,,9,[H:16][C:7]1([C:6]([C:5]([C:4]([C:9]([C:8]1([H:18])[H:19])([H:20])[H:21])([H:11])[C:2](=[O:1])[O:3][H:10])([H:12])[H:13])([H:14])[H:15])[H:17],25.0,3.0
9,0.442952380952381,AM1BCC,AmberTools,,,H,,10,[H:16][C:7]1([C:6]([C:5]([C:4]([C:9]([C:8]1([H:18])[H:19])([H:20])[H:21])([H:11])[C:2](=[O:1])[O:3][H:10])([H:12])[H:13])([H:14])[H:15])[H:17],25.0,3.0
10,0.07965238095238095,AM1BCC,AmberTools,,,H,,11,[H:16][C:7]1([C:6]([C:5]([C:4]([C:9]([C:8]1([H:18])[H:19])([H:20])[H:21])([H:11])[C:2](=[O:1])[O:3][H:10])([H:12])[H:13])([H:14])[H:15])[H:17],25.0,3.0
11,0.056152380952380954,AM1BCC,AmberTools,,,H,,12,[H:16][C:7]1([C:6]([C:5]([C:4]([C:9]([C:8]1([H:18])[H:19])([H:20])[H:21])([H:11])[C:2](=[O:1])[O:3][H:10])([H:12])[H:13])([H:14])[H:15])[H:17],25.0,3.0
12,0.056152380952380954,AM1BCC,AmberTools,,,H,,13,[H:16][C:7]1([C:6]([C:5]([C:4]([C:9]([C:8]1([H:18])[H:19])([H:20])[H:21])([H:11])[C:2](=[O:1])[O:3][H:10])([H:12])[H:13])([H:14])[H:15])[H:17],25.0,3.0
13,0.04440238095238096,AM1BCC,AmberTools,,,H,,14,[H:16][C:7]1([C:6]([C:5]([C:4]([C:9]([C:8]1([H:18])[H:19])([H:20])[H:21])([H:11])[C:2](=[O:1])[O:3][H:10])([H:12])[H:13])([H:14])[H:15])[H:17],25.0,3.0
14,0.04440238095238096,AM1BCC,AmberTools,,,H,,15,[H:16][C:7]1([C:6]([C:5]([C:4]([C:9]([C:8]1([H:18])[H:19])([H:20])[H:21])([H:11])[C:2](=[O:1])[O:3][H:10])([H:12])[H:13])([H:14])[H:15])[H:17],25.0,3.0
15,0.04015238095238095,AM1BCC,AmberTools,,,H,,16,[H:16][C:7]1([C:6]([C:5]([C:4]([C:9]([C:8]1([H:18])[H:19])([H:20])[H:21])([H:11])[C:2](=[O:1])[O:3][H:10])([H:12])[H:13])([H:14])[H:15])[H:17],25.0,3.0
16,0.04015238095238095,AM1BCC,AmberTools,,,H,,17,[H:16][C:7]1([C:6]([C:5]([C:4]([C:9]([C:8]1([H:18])[H:19])([H:20])[H:21])([H:11])[C:2](=[O:1])[O:3][H:10])([H:12])[H:13])([H:14])[H:15])[H:17],25.0,3.0
17,0.04440238095238096,AM1BCC,AmberTools,,,H,,18,[H:16][C:7]1([C:6]([C:5]([C:4]([C:9]([C:8]1([H:18])[H:19])([H:20])[H:21])([H:11])[C:2](=[O:1])[O:3][H:10])([H:12])[H:13])([H:14])[H:15])[H:17],25.0,3.0
18,0.04440238095238096,AM1BCC,AmberTools,,,H,,19,[H:16][C:7]1([C:6]([C:5]([C:4]([C:9]([C:8]1([H:18])[H:19])([H:20])[H:21])([H:11])[C:2](=[O:1])[O:3][H:10])([H:12])[H:13])([H:14])[H:15])[H:17],25.0,3.0
19,0.056152380952380954,AM1BCC,AmberTools,,,H,,20,[H:16][C:7]1([C:6]([C:5]([C:4]([C:9]([C:8]1([H:18])[H:19])([H:20])[H:21])([H:11])[C:2](=[O:1])[O:3][H:10])([H:12])[H:13])([H:14])[H:15])[H:17],25.0,3.0
20,0.056152380952380954,AM1BCC,AmberTools,,,H,,21,[H:16][C:7]1([C:6]([C:5]([C:4]([C:9]([C:8]1([H:18])[H:19])([H:20])[H:21])([H:11])[C:2](=[O:1])[O:3][H:10])([H:12])[H:13])([H:14])[H:15])[H:17],25.0,3.0
0,-0.5524399880142439,AM1BCC,OpenEye,,,O,,1,[H:16][C:7]1([C:6]([C:5]([C:4]([C:9]([C:8]1([H:18])[H:19])([H:20])[H:21])([H:11])[C:2](=[O:1])[O:3][H:10])([H:12])[H:13])([H:14])[H:15])[H:17],25.0,4.0
1,0.6340600248603594,AM1BCC,OpenEye,,,C,,2,[H:16][C:7]1([C:6]([C:5]([C:4]([C:9]([C:8]1([H:18])[H:19])([H:20])[H:21])([H:11])[C:2](=[O:1])[O:3][H:10])([H:12])[H:13])([H:14])[H:15])[H:17],25.0,4.0
2,-0.6034600142212141,AM1BCC,OpenEye,,,O,,3,[H:16][C:7]1([C:6]([C:5]([C:4]([C:9]([C:8]1([H:18])[H:19])([H:20])[H:21])([H:11])[C:2](=[O:1])[O:3][H:10])([H:12])[H:13])([H:14])[H:15])[H:17],25.0,4.0
3,-0.10566999798729307,AM1BCC,OpenEye,,,C,,4,[H:16][C:7]1([C:6]([C:5]([C:4]([C:9]([C:8]1([H:18])[H:19])([H:20])[H:21])([H:11])[C:2](=[O:1])[O:3][H:10])([H:12])[H:13])([H:14])[H:15])[H:17],25.0,4.0
4,-0.07199999725534803,AM1BCC,OpenEye,,,C,,5,[H:16][C:7]1([C:6]([C:5]([C:4]([C:9]([C:8]1([H:18])[H:19])([H:20])[H:21])([H:11])[C:2](=[O:1])[O:3][H:10])([H:12])[H:13])([H:14])[H:15])[H:17],25.0,4.0
5,-0.07739000057890302,AM1BCC,OpenEye,,,C,,6,[H:16][C:7]1([C:6]([C:5]([C:4]([C:9]([C:8]1([H:18])[H:19])([H:20])[H:21])([H:11])[C:2](=[O:1])[O:3][H:10])([H:12])[H:13])([H:14])[H:15])[H:17],25.0,4.0
6,-0.07998999988748914,AM1BCC,OpenEye,,,C,,7,[H:16][C:7]1([C:6]([C:5]([C:4]([C:9]([C:8]1([H:18])[H:19])([H:20])[H:21])([H:11])[C:2](=[O:1])[O:3][H:10])([H:12])[H:13])([H:14])[H:15])[H:17],25.0,4.0
7,-0.07739000057890302,AM1BCC,OpenEye,,,C,,8,[H:16][C:7]1([C:6]([C:5]([C:4]([C:9]([C:8]1([H:18])[H:19])([H:20])[H:21])([H:11])[C:2](=[O:1])[O:3][H:10])([H:12])[H:13])([H:14])[H:15])[H:17],25.0,4.0
8,-0.07199999725534803,AM1BCC,OpenEye,,,C,,9,[H:16][C:7]1([C:6]([C:5]([C:4]([C:9]([C:8]1([H:18])[H:19])([H:20])[H:21])([H:11])[C:2](=[O:1])[O:3][H:10])([H:12])[H:13])([H:14])[H:15])[H:17],25.0,4.0
9,0.44244998657987233,AM1BCC,OpenEye,,,H,,10,[H:16][C:7]1([C:6]([C:5]([C:4]([C:9]([C:8]1([H:18])[H:19])([H:20])[H:21])([H:11])[C:2](=[O:1])[O:3][H:10])([H:12])[H:13])([H:14])[H:15])[H:17],25.0,4.0
10,0.07972999626681918,AM1BCC,OpenEye,,,H,,11,[H:16][C:7]1([C:6]([C:5]([C:4]([C:9]([C:8]1([H:18])[H:19])([H:20])[H:21])([H:11])[C:2](=[O:1])[O:3][H:10])([H:12])[H:13])([H:14])[H:15])[H:17],25.0,4.0
11,0.05528999829576129,AM1BCC,OpenEye,,,H,,12,[H:16][C:7]1([C:6]([C:5]([C:4]([C:9]([C:8]1([H:18])[H:19])([H:20])[H:21])([H:11])[C:2](=[O:1])[O:3][H:10])([H:12])[H:13])([H:14])[H:15])[H:17],25.0,4.0
12,0.05528999829576129,AM1BCC,OpenEye,,,H,,13,[H:16][C:7]1([C:6]([C:5]([C:4]([C:9]([C:8]1([H:18])[H:19])([H:20])[H:21])([H:11])[C:2](=[O:1])[O:3][H:10])([H:12])[H:13])([H:14])[H:15])[H:17],25.0,4.0
13,0.045419998112178984,AM1BCC,OpenEye,,,H,,14,[H:16][C:7]1([C:6]([C:5]([C:4]([C:9]([C:8]1([H:18])[H:19])([H:20])[H:21])([H:11])[C:2](=[O:1])[O:3][H:10])([H:12])[H:13])([H:14])[H:15])[H:17],25.0,4.0
14,0.045419998112178984,AM1BCC,OpenEye,,,H,,15,[H:16][C:7]1([C:6]([C:5]([C:4]([C:9]([C:8]1([H:18])[H:19])([H:20])[H:21])([H:11])[C:2](=[O:1])[O:3][H:10])([H:12])[H:13])([H:14])[H:15])[H:17],25.0,4.0
15,0.04063000121996516,AM1BCC,OpenEye,,,H,,16,[H:16][C:7]1([C:6]([C:5]([C:4]([C:9]([C:8]1([H:18])[H:19])([H:20])[H:21])([H:11])[C:2](=[O:1])[O:3][H:10])([H:12])[H:13])([H:14])[H:15])[H:17],25.0,4.0
16,0.04063000121996516,AM1BCC,OpenEye,,,H,,17,[H:16][C:7]1([C:6]([C:5]([C:4]([C:9]([C:8]1([H:18])[H:19])([H:20])[H:21])([H:11])[C:2](=[O:1])[O:3][H:10])([H:12])[H:13])([H:14])[H:15])[H:17],25.0,4.0
17,0.045419998112178984,AM1BCC,OpenEye,,,H,,18,[H:16][C:7]1([C:6]([C:5]([C:4]([C:9]([C:8]1([H:18])[H:19])([H:20])[H:21])([H:11])[C:2](=[O:1])[O:3][H:10])([H:12])[H:13])([H:14])[H:15])[H:17],25.0,4.0
18,0.045419998112178984,AM1BCC,OpenEye,,,H,,19,[H:16][C:7]1([C:6]([C:5]([C:4]([C:9]([C:8]1([H:18])[H:19])([H:20])[H:21])([H:11])[C:2](=[O:1])[O:3][H:10])([H:12])[H:13])([H:14])[H:15])[H:17],25.0,4.0
19,0.05528999829576129,AM1BCC,OpenEye,,,H,,20,[H:16][C:7]1([C:6]([C:5]([C:4]([C:9]([C:8]1([H:18])[H:19])([H:20])[H:21])([H:11])[C:2](=[O:1])[O:3][H:10])([H:12])[H:13])([H:14])[H:15])[H:17],25.0,4.0
20,0.05528999829576129,AM1BCC,OpenEye,,,H,,21,[H:16][C:7]1([C:6]([C:5]([C:4]([C:9]([C:8]1([H:18])[H:19])([H:20])[H:21])([H:11])[C:2](=[O:1])[O:3][H:10])([H:12])[H:13])([H:14])[H:15])[H:17],25.0,4.0
0,-0.5510476190476191,AM1BCC,AmberTools,,,O,,1,[H:16][C:7]1([C:6]([C:5]([C:4]([C:9]([C:8]1([H:18])[H:19])([H:20])[H:21])([H:11])[C:2](=[O:1])[O:3][H:10])([H:12])[H:13])([H:14])[H:15])[H:17],25.0,4.0
1,0.6350523809523809,AM1BCC,AmberTools,,,C,,2,[H:16][C:7]1([C:6]([C:5]([C:4]([C:9]([C:8]1([H:18])[H:19])([H:20])[H:21])([H:11])[C:2](=[O:1])[O:3][H:10])([H:12])[H:13])([H:14])[H:15])[H:17],25.0,4.0
2,-0.612147619047619,AM1BCC,AmberTools,,,O,,3,[H:16][C:7]1([C:6]([C:5]([C:4]([C:9]([C:8]1([H:18])[H:19])([H:20])[H:21])([H:11])[C:2](=[O:1])[O:3][H:10])([H:12])[H:13])([H:14])[H:15])[H:17],25.0,4.0
3,-0.10174761904761905,AM1BCC,AmberTools,,,C,,4,[H:16][C:7]1([C:6]([C:5]([C:4]([C:9]([C:8]1([H:18])[H:19])([H:20])[H:21])([H:11])[C:2](=[O:1])[O:3][H:10])([H:12])[H:13])([H:14])[H:15])[H:17],25.0,4.0
4,-0.07244761904761905,AM1BCC,AmberTools,,,C,,5,[H:16][C:7]1([C:6]([C:5]([C:4]([C:9]([C:8]1([H:18])[H:19])([H:20])[H:21])([H:11])[C:2](=[O:1])[O:3][H:10])([H:12])[H:13])([H:14])[H:15])[H:17],25.0,4.0
5,-0.07544761904761904,AM1BCC,AmberTools,,,C,,6,[H:16][C:7]1([C:6]([C:5]([C:4]([C:9]([C:8]1([H:18])[H:19])([H:20])[H:21])([H:11])[C:2](=[O:1])[O:3][H:10])([H:12])[H:13])([H:14])[H:15])[H:17],25.0,4.0
6,-0.07944761904761904,AM1BCC,AmberTools,,,C,,7,[H:16][C:7]1([C:6]([C:5]([C:4]([C:9]([C:8]1([H:18])[H:19])([H:20])[H:21])([H:11])[C:2](=[O:1])[O:3][H:10])([H:12])[H:13])([H:14])[H:15])[H:17],25.0,4.0
7,-0.07544761904761904,AM1BCC,AmberTools,,,C,,8,[H:16][C:7]1([C:6]([C:5]([C:4]([C:9]([C:8]1([H:18])[H:19])([H:20])[H:21])([H:11])[C:2](=[O:1])[O:3][H:10])([H:12])[H:13])([H:14])[H:15])[H:17],25.0,4.0
8,-0.07244761904761905,AM1BCC,AmberTools,,,C,,9,[H:16][C:7]1([C:6]([C:5]([C:4]([C:9]([C:8]1([H:18])[H:19])([H:20])[H:21])([H:11])[C:2](=[O:1])[O:3][H:10])([H:12])[H:13])([H:14])[H:15])[H:17],25.0,4.0
9,0.442952380952381,AM1BCC,AmberTools,,,H,,10,[H:16][C:7]1([C:6]([C:5]([C:4]([C:9]([C:8]1([H:18])[H:19])([H:20])[H:21])([H:11])[C:2](=[O:1])[O:3][H:10])([H:12])[H:13])([H:14])[H:15])[H:17],25.0,4.0
10,0.07965238095238095,AM1BCC,AmberTools,,,H,,11,[H:16][C:7]1([C:6]([C:5]([C:4]([C:9]([C:8]1([H:18])[H:19])([H:20])[H:21])([H:11])[C:2](=[O:1])[O:3][H:10])([H:12])[H:13])([H:14])[H:15])[H:17],25.0,4.0
11,0.056152380952380954,AM1BCC,AmberTools,,,H,,12,[H:16][C:7]1([C:6]([C:5]([C:4]([C:9]([C:8]1([H:18])[H:19])([H:20])[H:21])([H:11])[C:2](=[O:1])[O:3][H:10])([H:12])[H:13])([H:14])[H:15])[H:17],25.0,4.0
12,0.056152380952380954,AM1BCC,AmberTools,,,H,,13,[H:16][C:7]1([C:6]([C:5]([C:4]([C:9]([C:8]1([H:18])[H:19])([H:20])[H:21])([H:11])[C:2](=[O:1])[O:3][H:10])([H:12])[H:13])([H:14])[H:15])[H:17],25.0,4.0
13,0.04440238095238096,AM1BCC,AmberTools,,,H,,14,[H:16][C:7]1([C:6]([C:5]([C:4]([C:9]([C:8]1([H:18])[H:19])([H:20])[H:21])([H:11])[C:2](=[O:1])[O:3][H:10])([H:12])[H:13])([H:14])[H:15])[H:17],25.0,4.0
14,0.04440238095238096,AM1BCC,AmberTools,,,H,,15,[H:16][C:7]1([C:6]([C:5]([C:4]([C:9]([C:8]1([H:18])[H:19])([H:20])[H:21])([H:11])[C:2](=[O:1])[O:3][H:10])([H:12])[H:13])([H:14])[H:15])[H:17],25.0,4.0
15,0.04015238095238095,AM1BCC,AmberTools,,,H,,16,[H:16][C:7]1([C:6]([C:5]([C:4]([C:9]([C:8]1([H:18])[H:19])([H:20])[H:21])([H:11])[C:2](=[O:1])[O:3][H:10])([H:12])[H:13])([H:14])[H:15])[H:17],25.0,4.0
16,0.04015238095238095,AM1BCC,AmberTools,,,H,,17,[H:16][C:7]1([C:6]([C:5]([C:4]([C:9]([C:8]1([H:18])[H:19])([H:20])[H:21])([H:11])[C:2](=[O:1])[O:3][H:10])([H:12])[H:13])([H:14])[H:15])[H:17],25.0,4.0
17,0.04440238095238096,AM1BCC,AmberTools,,,H,,18,[H:16][C:7]1([C:6]([C:5]([C:4]([C:9]([C:8]1([H:18])[H:19])([H:20])[H:21])([H:11])[C:2](=[O:1])[O:3][H:10])([H:12])[H:13])([H:14])[H:15])[H:17],25.0,4.0
18,0.04440238095238096,AM1BCC,AmberTools,,,H,,19,[H:16][C:7]1([C:6]([C:5]([C:4]([C:9]([C:8]1([H:18])[H:19])([H:20])[H:21])([H:11])[C:2](=[O:1])[O:3][H:10])([H:12])[H:13])([H:14])[H:15])[H:17],25.0,4.0
19,0.056152380952380954,AM1BCC,AmberTools,,,H,,20,[H:16][C:7]1([C:6]([C:5]([C:4]([C:9]([C:8]1([H:18])[H:19])([H:20])[H:21])([H:11])[C:2](=[O:1])[O:3][H:10])([H:12])[H:13])([H:14])[H:15])[H:17],25.0,4.0
20,0.056152380952380954,AM1BCC,AmberTools,,,H,,21,[H:16][C:7]1([C:6]([C:5]([C:4]([C:9]([C:8]1([H:18])[H:19])([H:20])[H:21])([H:11])[C:2](=[O:1])[O:3][H:10])([H:12])[H:13])([H:14])[H:15])[H:17],25.0,4.0
0,-0.5524399880142439,AM1BCC,OpenEye,,,O,,1,[H:16][C:7]1([C:6]([C:5]([C:4]([C:9]([C:8]1([H:18])[H:19])([H:20])[H:21])([H:11])[C:2](=[O:1])[O:3][H:10])([H:12])[H:13])([H:14])[H:15])[H:17],25.0,5.0
1,0.6340600248603594,AM1BCC,OpenEye,,,C,,2,[H:16][C:7]1([C:6]([C:5]([C:4]([C:9]([C:8]1([H:18])[H:19])([H:20])[H:21])([H:11])[C:2](=[O:1])[O:3][H:10])([H:12])[H:13])([H:14])[H:15])[H:17],25.0,5.0
2,-0.6034600142212141,AM1BCC,OpenEye,,,O,,3,[H:16][C:7]1([C:6]([C:5]([C:4]([C:9]([C:8]1([H:18])[H:19])([H:20])[H:21])([H:11])[C:2](=[O:1])[O:3][H:10])([H:12])[H:13])([H:14])[H:15])[H:17],25.0,5.0
3,-0.10566999798729307,AM1BCC,OpenEye,,,C,,4,[H:16][C:7]1([C:6]([C:5]([C:4]([C:9]([C:8]1([H:18])[H:19])([H:20])[H:21])([H:11])[C:2](=[O:1])[O:3][H:10])([H:12])[H:13])([H:14])[H:15])[H:17],25.0,5.0
4,-0.07199999725534803,AM1BCC,OpenEye,,,C,,5,[H:16][C:7]1([C:6]([C:5]([C:4]([C:9]([C:8]1([H:18])[H:19])([H:20])[H:21])([H:11])[C:2](=[O:1])[O:3][H:10])([H:12])[H:13])([H:14])[H:15])[H:17],25.0,5.0
5,-0.07739000057890302,AM1BCC,OpenEye,,,C,,6,[H:16][C:7]1([C:6]([C:5]([C:4]([C:9]([C:8]1([H:18])[H:19])([H:20])[H:21])([H:11])[C:2](=[O:1])[O:3][H:10])([H:12])[H:13])([H:14])[H:15])[H:17],25.0,5.0
6,-0.07998999988748914,AM1BCC,OpenEye,,,C,,7,[H:16][C:7]1([C:6]([C:5]([C:4]([C:9]([C:8]1([H:18])[H:19])([H:20])[H:21])([H:11])[C:2](=[O:1])[O:3][H:10])([H:12])[H:13])([H:14])[H:15])[H:17],25.0,5.0
7,-0.07739000057890302,AM1BCC,OpenEye,,,C,,8,[H:16][C:7]1([C:6]([C:5]([C:4]([C:9]([C:8]1([H:18])[H:19])([H:20])[H:21])([H:11])[C:2](=[O:1])[O:3][H:10])([H:12])[H:13])([H:14])[H:15])[H:17],25.0,5.0
8,-0.07199999725534803,AM1BCC,OpenEye,,,C,,9,[H:16][C:7]1([C:6]([C:5]([C:4]([C:9]([C:8]1([H:18])[H:19])([H:20])[H:21])([H:11])[C:2](=[O:1])[O:3][H:10])([H:12])[H:13])([H:14])[H:15])[H:17],25.0,5.0
9,0.44244998657987233,AM1BCC,OpenEye,,,H,,10,[H:16][C:7]1([C:6]([C:5]([C:4]([C:9]([C:8]1([H:18])[H:19])([H:20])[H:21])([H:11])[C:2](=[O:1])[O:3][H:10])([H:12])[H:13])([H:14])[H:15])[H:17],25.0,5.0
10,0.07972999626681918,AM1BCC,OpenEye,,,H,,11,[H:16][C:7]1([C:6]([C:5]([C:4]([C:9]([C:8]1([H:18])[H:19])([H:20])[H:21])([H:11])[C:2](=[O:1])[O:3][H:10])([H:12])[H:13])([H:14])[H:15])[H:17],25.0,5.0
11,0.05528999829576129,AM1BCC,OpenEye,,,H,,12,[H:16][C:7]1([C:6]([C:5]([C:4]([C:9]([C:8]1([H:18])[H:19])([H:20])[H:21])([H:11])[C:2](=[O:1])[O:3][H:10])([H:12])[H:13])([H:14])[H:15])[H:17],25.0,5.0
12,0.05528999829576129,AM1BCC,OpenEye,,,H,,13,[H:16][C:7]1([C:6]([C:5]([C:4]([C:9]([C:8]1([H:18])[H:19])([H:20])[H:21])([H:11])[C:2](=[O:1])[O:3][H:10])([H:12])[H:13])([H:14])[H:15])[H:17],25.0,5.0
13,0.045419998112178984,AM1BCC,OpenEye,,,H,,14,[H:16][C:7]1([C:6]([C:5]([C:4]([C:9]([C:8]1([H:18])[H:19])([H:20])[H:21])([H:11])[C:2](=[O:1])[O:3][H:10])([H:12])[H:13])([H:14])[H:15])[H:17],25.0,5.0
14,0.045419998112178984,AM1BCC,OpenEye,,,H,,15,[H:16][C:7]1([C:6]([C:5]([C:4]([C:9]([C:8]1([H:18])[H:19])([H:20])[H:21])([H:11])[C:2](=[O:1])[O:3][H:10])([H:12])[H:13])([H:14])[H:15])[H:17],25.0,5.0
15,0.04063000121996516,AM1BCC,OpenEye,,,H,,16,[H:16][C:7]1([C:6]([C:5]([C:4]([C:9]([C:8]1([H:18])[H:19])([H:20])[H:21])([H:11])[C:2](=[O:1])[O:3][H:10])([H:12])[H:13])([H:14])[H:15])[H:17],25.0,5.0
16,0.04063000121996516,AM1BCC,OpenEye,,,H,,17,[H:16][C:7]1([C:6]([C:5]([C:4]([C:9]([C:8]1([H:18])[H:19])([H:20])[H:21])([H:11])[C:2](=[O:1])[O:3][H:10])([H:12])[H:13])([H:14])[H:15])[H:17],25.0,5.0
17,0.045419998112178984,AM1BCC,OpenEye,,,H,,18,[H:16][C:7]1([C:6]([C:5]([C:4]([C:9]([C:8]1([H:18])[H:19])([H:20])[H:21])([H:11])[C:2](=[O:1])[O:3][H:10])([H:12])[H:13])([H:14])[H:15])[H:17],25.0,5.0
18,0.045419998112178984,AM1BCC,OpenEye,,,H,,19,[H:16][C:7]1([C:6]([C:5]([C:4]([C:9]([C:8]1([H:18])[H:19])([H:20])[H:21])([H:11])[C:2](=[O:1])[O:3][H:10])([H:12])[H:13])([H:14])[H:15])[H:17],25.0,5.0
19,0.05528999829576129,AM1BCC,OpenEye,,,H,,20,[H:16][C:7]1([C:6]([C:5]([C:4]([C:9]([C:8]1([H:18])[H:19])([H:20])[H:21])([H:11])[C:2](=[O:1])[O:3][H:10])([H:12])[H:13])([H:14])[H:15])[H:17],25.0,5.0
20,0.05528999829576129,AM1BCC,OpenEye,,,H,,21,[H:16][C:7]1([C:6]([C:5]([C:4]([C:9]([C:8]1([H:18])[H:19])([H:20])[H:21])([H:11])[C:2](=[O:1])[O:3][H:10])([H:12])[H:13])([H:14])[H:15])[H:17],25.0,5.0
0,-0.5510476190476191,AM1BCC,AmberTools,,,O,,1,[H:16][C:7]1([C:6]([C:5]([C:4]([C:9]([C:8]1([H:18])[H:19])([H:20])[H:21])([H:11])[C:2](=[O:1])[O:3][H:10])([H:12])[H:13])([H:14])[H:15])[H:17],25.0,5.0
1,0.6350523809523809,AM1BCC,AmberTools,,,C,,2,[H:16][C:7]1([C:6]([C:5]([C:4]([C:9]([C:8]1([H:18])[H:19])([H:20])[H:21])([H:11])[C:2](=[O:1])[O:3][H:10])([H:12])[H:13])([H:14])[H:15])[H:17],25.0,5.0
2,-0.612147619047619,AM1BCC,AmberTools,,,O,,3,[H:16][C:7]1([C:6]([C:5]([C:4]([C:9]([C:8]1([H:18])[H:19])([H:20])[H:21])([H:11])[C:2](=[O:1])[O:3][H:10])([H:12])[H:13])([H:14])[H:15])[H:17],25.0,5.0
3,-0.10174761904761905,AM1BCC,AmberTools,,,C,,4,[H:16][C:7]1([C:6]([C:5]([C:4]([C:9]([C:8]1([H:18])[H:19])([H:20])[H:21])([H:11])[C:2](=[O:1])[O:3][H:10])([H:12])[H:13])([H:14])[H:15])[H:17],25.0,5.0
4,-0.07244761904761905,AM1BCC,AmberTools,,,C,,5,[H:16][C:7]1([C:6]([C:5]([C:4]([C:9]([C:8]1([H:18])[H:19])([H:20])[H:21])([H:11])[C:2](=[O:1])[O:3][H:10])([H:12])[H:13])([H:14])[H:15])[H:17],25.0,5.0
5,-0.07544761904761904,AM1BCC,AmberTools,,,C,,6,[H:16][C:7]1([C:6]([C:5]([C:4]([C:9]([C:8]1([H:18])[H:19])([H:20])[H:21])([H:11])[C:2](=[O:1])[O:3][H:10])([H:12])[H:13])([H:14])[H:15])[H:17],25.0,5.0
6,-0.07944761904761904,AM1BCC,AmberTools,,,C,,7,[H:16][C:7]1([C:6]([C:5]([C:4]([C:9]([C:8]1([H:18])[H:19])([H:20])[H:21])([H:11])[C:2](=[O:1])[O:3][H:10])([H:12])[H:13])([H:14])[H:15])[H:17],25.0,5.0
7,-0.07544761904761904,AM1BCC,AmberTools,,,C,,8,[H:16][C:7]1([C:6]([C:5]([C:4]([C:9]([C:8]1([H:18])[H:19])([H:20])[H:21])([H:11])[C:2](=[O:1])[O:3][H:10])([H:12])[H:13])([H:14])[H:15])[H:17],25.0,5.0
8,-0.07244761904761905,AM1BCC,AmberTools,,,C,,9,[H:16][C:7]1([C:6]([C:5]([C:4]([C:9]([C:8]1([H:18])[H:19])([H:20])[H:21])([H:11])[C:2](=[O:1])[O:3][H:10])([H:12])[H:13])([H:14])[H:15])[H:17],25.0,5.0
9,0.442952380952381,AM1BCC,AmberTools,,,H,,10,[H:16][C:7]1([C:6]([C:5]([C:4]([C:9]([C:8]1([H:18])[H:19])([H:20])[H:21])([H:11])[C:2](=[O:1])[O:3][H:10])([H:12])[H:13])([H:14])[H:15])[H:17],25.0,5.0
10,0.07965238095238095,AM1BCC,AmberTools,,,H,,11,[H:16][C:7]1([C:6]([C:5]([C:4]([C:9]([C:8]1([H:18])[H:19])([H:20])[H:21])([H:11])[C:2](=[O:1])[O:3][H:10])([H:12])[H:13])([H:14])[H:15])[H:17],25.0,5.0
11,0.056152380952380954,AM1BCC,AmberTools,,,H,,12,[H:16][C:7]1([C:6]([C:5]([C:4]([C:9]([C:8]1([H:18])[H:19])([H:20])[H:21])([H:11])[C:2](=[O:1])[O:3][H:10])([H:12])[H:13])([H:14])[H:15])[H:17],25.0,5.0
12,0.056152380952380954,AM1BCC,AmberTools,,,H,,13,[H:16][C:7]1([C:6]([C:5]([C:4]([C:9]([C:8]1([H:18])[H:19])([H:20])[H:21])([H:11])[C:2](=[O:1])[O:3][H:10])([H:12])[H:13])([H:14])[H:15])[H:17],25.0,5.0
13,0.04440238095238096,AM1BCC,AmberTools,,,H,,14,[H:16][C:7]1([C:6]([C:5]([C:4]([C:9]([C:8]1([H:18])[H:19])([H:20])[H:21])([H:11])[C:2](=[O:1])[O:3][H:10])([H:12])[H:13])([H:14])[H:15])[H:17],25.0,5.0
14,0.04440238095238096,AM1BCC,AmberTools,,,H,,15,[H:16][C:7]1([C:6]([C:5]([C:4]([C:9]([C:8]1([H:18])[H:19])([H:20])[H:21])([H:11])[C:2](=[O:1])[O:3][H:10])([H:12])[H:13])([H:14])[H:15])[H:17],25.0,5.0
15,0.04015238095238095,AM1BCC,AmberTools,,,H,,16,[H:16][C:7]1([C:6]([C:5]([C:4]([C:9]([C:8]1([H:18])[H:19])([H:20])[H:21])([H:11])[C:2](=[O:1])[O:3][H:10])([H:12])[H:13])([H:14])[H:15])[H:17],25.0,5.0
16,0.04015238095238095,AM1BCC,AmberTools,,,H,,17,[H:16][C:7]1([C:6]([C:5]([C:4]([C:9]([C:8]1([H:18])[H:19])([H:20])[H:21])([H:11])[C:2](=[O:1])[O:3][H:10])([H:12])[H:13])([H:14])[H:15])[H:17],25.0,5.0
17,0.04440238095238096,AM1BCC,AmberTools,,,H,,18,[H:16][C:7]1([C:6]([C:5]([C:4]([C:9]([C:8]1([H:18])[H:19])([H:20])[H:21])([H:11])[C:2](=[O:1])[O:3][H:10])([H:12])[H:13])([H:14])[H:15])[H:17],25.0,5.0
18,0.04440238095238096,AM1BCC,AmberTools,,,H,,19,[H:16][C:7]1([C:6]([C:5]([C:4]([C:9]([C:8]1([H:18])[H:19])([H:20])[H:21])([H:11])[C:2](=[O:1])[O:3][H:10])([H:12])[H:13])([H:14])[H:15])[H:17],25.0,5.0
19,0.056152380952380954,AM1BCC,AmberTools,,,H,,20,[H:16][C:7]1([C:6]([C:5]([C:4]([C:9]([C:8]1([H:18])[H:19])([H:20])[H:21])([H:11])[C:2](=[O:1])[O:3][H:10])([H:12])[H:13])([H:14])[H:15])[H:17],25.0,5.0
20,0.056152380952380954,AM1BCC,AmberTools,,,H,,21,[H:16][C:7]1([C:6]([C:5]([C:4]([C:9]([C:8]1([H:18])[H:19])([H:20])[H:21])([H:11])[C:2](=[O:1])[O:3][H:10])([H:12])[H:13])([H:14])[H:15])[H:17],25.0,5.0
0,-0.5524399880142439,AM1BCC,OpenEye,,,O,,1,[H:16][C:7]1([C:6]([C:5]([C:4]([C:9]([C:8]1([H:18])[H:19])([H:20])[H:21])([H:11])[C:2](=[O:1])[O:3][H:10])([H:12])[H:13])([H:14])[H:15])[H:17],25.0,6.0
1,0.6340600248603594,AM1BCC,OpenEye,,,C,,2,[H:16][C:7]1([C:6]([C:5]([C:4]([C:9]([C:8]1([H:18])[H:19])([H:20])[H:21])([H:11])[C:2](=[O:1])[O:3][H:10])([H:12])[H:13])([H:14])[H:15])[H:17],25.0,6.0
2,-0.6034600142212141,AM1BCC,OpenEye,,,O,,3,[H:16][C:7]1([C:6]([C:5]([C:4]([C:9]([C:8]1([H:18])[H:19])([H:20])[H:21])([H:11])[C:2](=[O:1])[O:3][H:10])([H:12])[H:13])([H:14])[H:15])[H:17],25.0,6.0
3,-0.10566999798729307,AM1BCC,OpenEye,,,C,,4,[H:16][C:7]1([C:6]([C:5]([C:4]([C:9]([C:8]1([H:18])[H:19])([H:20])[H:21])([H:11])[C:2](=[O:1])[O:3][H:10])([H:12])[H:13])([H:14])[H:15])[H:17],25.0,6.0
4,-0.07199999725534803,AM1BCC,OpenEye,,,C,,5,[H:16][C:7]1([C:6]([C:5]([C:4]([C:9]([C:8]1([H:18])[H:19])([H:20])[H:21])([H:11])[C:2](=[O:1])[O:3][H:10])([H:12])[H:13])([H:14])[H:15])[H:17],25.0,6.0
5,-0.07739000057890302,AM1BCC,OpenEye,,,C,,6,[H:16][C:7]1([C:6]([C:5]([C:4]([C:9]([C:8]1([H:18])[H:19])([H:20])[H:21])([H:11])[C:2](=[O:1])[O:3][H:10])([H:12])[H:13])([H:14])[H:15])[H:17],25.0,6.0
6,-0.07998999988748914,AM1BCC,OpenEye,,,C,,7,[H:16][C:7]1([C:6]([C:5]([C:4]([C:9]([C:8]1([H:18])[H:19])([H:20])[H:21])([H:11])[C:2](=[O:1])[O:3][H:10])([H:12])[H:13])([H:14])[H:15])[H:17],25.0,6.0
7,-0.07739000057890302,AM1BCC,OpenEye,,,C,,8,[H:16][C:7]1([C:6]([C:5]([C:4]([C:9]([C:8]1([H:18])[H:19])([H:20])[H:21])([H:11])[C:2](=[O:1])[O:3][H:10])([H:12])[H:13])([H:14])[H:15])[H:17],25.0,6.0
8,-0.07199999725534803,AM1BCC,OpenEye,,,C,,9,[H:16][C:7]1([C:6]([C:5]([C:4]([C:9]([C:8]1([H:18])[H:19])([H:20])[H:21])([H:11])[C:2](=[O:1])[O:3][H:10])([H:12])[H:13])([H:14])[H:15])[H:17],25.0,6.0
9,0.44244998657987233,AM1BCC,OpenEye,,,H,,10,[H:16][C:7]1([C:6]([C:5]([C:4]([C:9]([C:8]1([H:18])[H:19])([H:20])[H:21])([H:11])[C:2](=[O:1])[O:3][H:10])([H:12])[H:13])([H:14])[H:15])[H:17],25.0,6.0
10,0.07972999626681918,AM1BCC,OpenEye,,,H,,11,[H:16][C:7]1([C:6]([C:5]([C:4]([C:9]([C:8]1([H:18])[H:19])([H:20])[H:21])([H:11])[C:2](=[O:1])[O:3][H:10])([H:12])[H:13])([H:14])[H:15])[H:17],25.0,6.0
11,0.05528999829576129,AM1BCC,OpenEye,,,H,,12,[H:16][C:7]1([C:6]([C:5]([C:4]([C:9]([C:8]1([H:18])[H:19])([H:20])[H:21])([H:11])[C:2](=[O:1])[O:3][H:10])([H:12])[H:13])([H:14])[H:15])[H:17],25.0,6.0
12,0.05528999829576129,AM1BCC,OpenEye,,,H,,13,[H:16][C:7]1([C:6]([C:5]([C:4]([C:9]([C:8]1([H:18])[H:19])([H:20])[H:21])([H:11])[C:2](=[O:1])[O:3][H:10])([H:12])[H:13])([H:14])[H:15])[H:17],25.0,6.0
13,0.045419998112178984,AM1BCC,OpenEye,,,H,,14,[H:16][C:7]1([C:6]([C:5]([C:4]([C:9]([C:8]1([H:18])[H:19])([H:20])[H:21])([H:11])[C:2](=[O:1])[O:3][H:10])([H:12])[H:13])([H:14])[H:15])[H:17],25.0,6.0
14,0.045419998112178984,AM1BCC,OpenEye,,,H,,15,[H:16][C:7]1([C:6]([C:5]([C:4]([C:9]([C:8]1([H:18])[H:19])([H:20])[H:21])([H:11])[C:2](=[O:1])[O:3][H:10])([H:12])[H:13])([H:14])[H:15])[H:17],25.0,6.0
15,0.04063000121996516,AM1BCC,OpenEye,,,H,,16,[H:16][C:7]1([C:6]([C:5]([C:4]([C:9]([C:8]1([H:18])[H:19])([H:20])[H:21])([H:11])[C:2](=[O:1])[O:3][H:10])([H:12])[H:13])([H:14])[H:15])[H:17],25.0,6.0
16,0.04063000121996516,AM1BCC,OpenEye,,,H,,17,[H:16][C:7]1([C:6]([C:5]([C:4]([C:9]([C:8]1([H:18])[H:19])([H:20])[H:21])([H:11])[C:2](=[O:1])[O:3][H:10])([H:12])[H:13])([H:14])[H:15])[H:17],25.0,6.0
17,0.045419998112178984,AM1BCC,OpenEye,,,H,,18,[H:16][C:7]1([C:6]([C:5]([C:4]([C:9]([C:8]1([H:18])[H:19])([H:20])[H:21])([H:11])[C:2](=[O:1])[O:3][H:10])([H:12])[H:13])([H:14])[H:15])[H:17],25.0,6.0
18,0.045419998112178984,AM1BCC,OpenEye,,,H,,19,[H:16][C:7]1([C:6]([C:5]([C:4]([C:9]([C:8]1([H:18])[H:19])([H:20])[H:21])([H:11])[C:2](=[O:1])[O:3][H:10])([H:12])[H:13])([H:14])[H:15])[H:17],25.0,6.0
19,0.05528999829576129,AM1BCC,OpenEye,,,H,,20,[H:16][C:7]1([C:6]([C:5]([C:4]([C:9]([C:8]1([H:18])[H:19])([H:20])[H:21])([H:11])[C:2](=[O:1])[O:3][H:10])([H:12])[H:13])([H:14])[H:15])[H:17],25.0,6.0
20,0.05528999829576129,AM1BCC,OpenEye,,,H,,21,[H:16][C:7]1([C:6]([C:5]([C:4]([C:9]([C:8]1([H:18])[H:19])([H:20])[H:21])([H:11])[C:2](=[O:1])[O:3][H:10])([H:12])[H:13])([H:14])[H:15])[H:17],25.0,6.0
0,-0.5510476190476191,AM1BCC,AmberTools,,,O,,1,[H:16][C:7]1([C:6]([C:5]([C:4]([C:9]([C:8]1([H:18])[H:19])([H:20])[H:21])([H:11])[C:2](=[O:1])[O:3][H:10])([H:12])[H:13])([H:14])[H:15])[H:17],25.0,6.0
1,0.6350523809523809,AM1BCC,AmberTools,,,C,,2,[H:16][C:7]1([C:6]([C:5]([C:4]([C:9]([C:8]1([H:18])[H:19])([H:20])[H:21])([H:11])[C:2](=[O:1])[O:3][H:10])([H:12])[H:13])([H:14])[H:15])[H:17],25.0,6.0
2,-0.612147619047619,AM1BCC,AmberTools,,,O,,3,[H:16][C:7]1([C:6]([C:5]([C:4]([C:9]([C:8]1([H:18])[H:19])([H:20])[H:21])([H:11])[C:2](=[O:1])[O:3][H:10])([H:12])[H:13])([H:14])[H:15])[H:17],25.0,6.0
3,-0.10174761904761905,AM1BCC,AmberTools,,,C,,4,[H:16][C:7]1([C:6]([C:5]([C:4]([C:9]([C:8]1([H:18])[H:19])([H:20])[H:21])([H:11])[C:2](=[O:1])[O:3][H:10])([H:12])[H:13])([H:14])[H:15])[H:17],25.0,6.0
4,-0.07244761904761905,AM1BCC,AmberTools,,,C,,5,[H:16][C:7]1([C:6]([C:5]([C:4]([C:9]([C:8]1([H:18])[H:19])([H:20])[H:21])([H:11])[C:2](=[O:1])[O:3][H:10])([H:12])[H:13])([H:14])[H:15])[H:17],25.0,6.0
5,-0.07544761904761904,AM1BCC,AmberTools,,,C,,6,[H:16][C:7]1([C:6]([C:5]([C:4]([C:9]([C:8]1([H:18])[H:19])([H:20])[H:21])([H:11])[C:2](=[O:1])[O:3][H:10])([H:12])[H:13])([H:14])[H:15])[H:17],25.0,6.0
6,-0.07944761904761904,AM1BCC,AmberTools,,,C,,7,[H:16][C:7]1([C:6]([C:5]([C:4]([C:9]([C:8]1([H:18])[H:19])([H:20])[H:21])([H:11])[C:2](=[O:1])[O:3][H:10])([H:12])[H:13])([H:14])[H:15])[H:17],25.0,6.0
7,-0.07544761904761904,AM1BCC,AmberTools,,,C,,8,[H:16][C:7]1([C:6]([C:5]([C:4]([C:9]([C:8]1([H:18])[H:19])([H:20])[H:21])([H:11])[C:2](=[O:1])[O:3][H:10])([H:12])[H:13])([H:14])[H:15])[H:17],25.0,6.0
8,-0.07244761904761905,AM1BCC,AmberTools,,,C,,9,[H:16][C:7]1([C:6]([C:5]([C:4]([C:9]([C:8]1([H:18])[H:19])([H:20])[H:21])([H:11])[C:2](=[O:1])[O:3][H:10])([H:12])[H:13])([H:14])[H:15])[H:17],25.0,6.0
9,0.442952380952381,AM1BCC,AmberTools,,,H,,10,[H:16][C:7]1([C:6]([C:5]([C:4]([C:9]([C:8]1([H:18])[H:19])([H:20])[H:21])([H:11])[C:2](=[O:1])[O:3][H:10])([H:12])[H:13])([H:14])[H:15])[H:17],25.0,6.0
10,0.07965238095238095,AM1BCC,AmberTools,,,H,,11,[H:16][C:7]1([C:6]([C:5]([C:4]([C:9]([C:8]1([H:18])[H:19])([H:20])[H:21])([H:11])[C:2](=[O:1])[O:3][H:10])([H:12])[H:13])([H:14])[H:15])[H:17],25.0,6.0
11,0.056152380952380954,AM1BCC,AmberTools,,,H,,12,[H:16][C:7]1([C:6]([C:5]([C:4]([C:9]([C:8]1([H:18])[H:19])([H:20])[H:21])([H:11])[C:2](=[O:1])[O:3][H:10])([H:12])[H:13])([H:14])[H:15])[H:17],25.0,6.0
12,0.056152380952380954,AM1BCC,AmberTools,,,H,,13,[H:16][C:7]1([C:6]([C:5]([C:4]([C:9]([C:8]1([H:18])[H:19])([H:20])[H:21])([H:11])[C:2](=[O:1])[O:3][H:10])([H:12])[H:13])([H:14])[H:15])[H:17],25.0,6.0
13,0.04440238095238096,AM1BCC,AmberTools,,,H,,14,[H:16][C:7]1([C:6]([C:5]([C:4]([C:9]([C:8]1([H:18])[H:19])([H:20])[H:21])([H:11])[C:2](=[O:1])[O:3][H:10])([H:12])[H:13])([H:14])[H:15])[H:17],25.0,6.0
14,0.04440238095238096,AM1BCC,AmberTools,,,H,,15,[H:16][C:7]1([C:6]([C:5]([C:4]([C:9]([C:8]1([H:18])[H:19])([H:20])[H:21])([H:11])[C:2](=[O:1])[O:3][H:10])([H:12])[H:13])([H:14])[H:15])[H:17],25.0,6.0
15,0.04015238095238095,AM1BCC,AmberTools,,,H,,16,[H:16][C:7]1([C:6]([C:5]([C:4]([C:9]([C:8]1([H:18])[H:19])([H:20])[H:21])([H:11])[C:2](=[O:1])[O:3][H:10])([H:12])[H:13])([H:14])[H:15])[H:17],25.0,6.0
16,0.04015238095238095,AM1BCC,AmberTools,,,H,,17,[H:16][C:7]1([C:6]([C:5]([C:4]([C:9]([C:8]1([H:18])[H:19])([H:20])[H:21])([H:11])[C:2](=[O:1])[O:3][H:10])([H:12])[H:13])([H:14])[H:15])[H:17],25.0,6.0
17,0.04440238095238096,AM1BCC,AmberTools,,,H,,18,[H:16][C:7]1([C:6]([C:5]([C:4]([C:9]([C:8]1([H:18])[H:19])([H:20])[H:21])([H:11])[C:2](=[O:1])[O:3][H:10])([H:12])[H:13])([H:14])[H:15])[H:17],25.0,6.0
18,0.04440238095238096,AM1BCC,AmberTools,,,H,,19,[H:16][C:7]1([C:6]([C:5]([C:4]([C:9]([C:8]1([H:18])[H:19])([H:20])[H:21])([H:11])[C:2](=[O:1])[O:3][H:10])([H:12])[H:13])([H:14])[H:15])[H:17],25.0,6.0
19,0.056152380952380954,AM1BCC,AmberTools,,,H,,20,[H:16][C:7]1([C:6]([C:5]([C:4]([C:9]([C:8]1([H:18])[H:19])([H:20])[H:21])([H:11])[C:2](=[O:1])[O:3][H:10])([H:12])[H:13])([H:14])[H:15])[H:17],25.0,6.0
20,0.056152380952380954,AM1BCC,AmberTools,,,H,,21,[H:16][C:7]1([C:6]([C:5]([C:4]([C:9]([C:8]1([H:18])[H:19])([H:20])[H:21])([H:11])[C:2](=[O:1])[O:3][H:10])([H:12])[H:13])([H:14])[H:15])[H:17],25.0,6.0
0,-0.5524399880142439,AM1BCC,OpenEye,,,O,,1,[H:16][C:7]1([C:6]([C:5]([C:4]([C:9]([C:8]1([H:18])[H:19])([H:20])[H:21])([H:11])[C:2](=[O:1])[O:3][H:10])([H:12])[H:13])([H:14])[H:15])[H:17],25.0,7.0
1,0.6340600248603594,AM1BCC,OpenEye,,,C,,2,[H:16][C:7]1([C:6]([C:5]([C:4]([C:9]([C:8]1([H:18])[H:19])([H:20])[H:21])([H:11])[C:2](=[O:1])[O:3][H:10])([H:12])[H:13])([H:14])[H:15])[H:17],25.0,7.0
2,-0.6034600142212141,AM1BCC,OpenEye,,,O,,3,[H:16][C:7]1([C:6]([C:5]([C:4]([C:9]([C:8]1([H:18])[H:19])([H:20])[H:21])([H:11])[C:2](=[O:1])[O:3][H:10])([H:12])[H:13])([H:14])[H:15])[H:17],25.0,7.0
3,-0.10566999798729307,AM1BCC,OpenEye,,,C,,4,[H:16][C:7]1([C:6]([C:5]([C:4]([C:9]([C:8]1([H:18])[H:19])([H:20])[H:21])([H:11])[C:2](=[O:1])[O:3][H:10])([H:12])[H:13])([H:14])[H:15])[H:17],25.0,7.0
4,-0.07199999725534803,AM1BCC,OpenEye,,,C,,5,[H:16][C:7]1([C:6]([C:5]([C:4]([C:9]([C:8]1([H:18])[H:19])([H:20])[H:21])([H:11])[C:2](=[O:1])[O:3][H:10])([H:12])[H:13])([H:14])[H:15])[H:17],25.0,7.0
5,-0.07739000057890302,AM1BCC,OpenEye,,,C,,6,[H:16][C:7]1([C:6]([C:5]([C:4]([C:9]([C:8]1([H:18])[H:19])([H:20])[H:21])([H:11])[C:2](=[O:1])[O:3][H:10])([H:12])[H:13])([H:14])[H:15])[H:17],25.0,7.0
6,-0.07998999988748914,AM1BCC,OpenEye,,,C,,7,[H:16][C:7]1([C:6]([C:5]([C:4]([C:9]([C:8]1([H:18])[H:19])([H:20])[H:21])([H:11])[C:2](=[O:1])[O:3][H:10])([H:12])[H:13])([H:14])[H:15])[H:17],25.0,7.0
7,-0.07739000057890302,AM1BCC,OpenEye,,,C,,8,[H:16][C:7]1([C:6]([C:5]([C:4]([C:9]([C:8]1([H:18])[H:19])([H:20])[H:21])([H:11])[C:2](=[O:1])[O:3][H:10])([H:12])[H:13])([H:14])[H:15])[H:17],25.0,7.0
8,-0.07199999725534803,AM1BCC,OpenEye,,,C,,9,[H:16][C:7]1([C:6]([C:5]([C:4]([C:9]([C:8]1([H:18])[H:19])([H:20])[H:21])([H:11])[C:2](=[O:1])[O:3][H:10])([H:12])[H:13])([H:14])[H:15])[H:17],25.0,7.0
9,0.44244998657987233,AM1BCC,OpenEye,,,H,,10,[H:16][C:7]1([C:6]([C:5]([C:4]([C:9]([C:8]1([H:18])[H:19])([H:20])[H:21])([H:11])[C:2](=[O:1])[O:3][H:10])([H:12])[H:13])([H:14])[H:15])[H:17],25.0,7.0
10,0.07972999626681918,AM1BCC,OpenEye,,,H,,11,[H:16][C:7]1([C:6]([C:5]([C:4]([C:9]([C:8]1([H:18])[H:19])([H:20])[H:21])([H:11])[C:2](=[O:1])[O:3][H:10])([H:12])[H:13])([H:14])[H:15])[H:17],25.0,7.0
11,0.05528999829576129,AM1BCC,OpenEye,,,H,,12,[H:16][C:7]1([C:6]([C:5]([C:4]([C:9]([C:8]1([H:18])[H:19])([H:20])[H:21])([H:11])[C:2](=[O:1])[O:3][H:10])([H:12])[H:13])([H:14])[H:15])[H:17],25.0,7.0
12,0.05528999829576129,AM1BCC,OpenEye,,,H,,13,[H:16][C:7]1([C:6]([C:5]([C:4]([C:9]([C:8]1([H:18])[H:19])([H:20])[H:21])([H:11])[C:2](=[O:1])[O:3][H:10])([H:12])[H:13])([H:14])[H:15])[H:17],25.0,7.0
13,0.045419998112178984,AM1BCC,OpenEye,,,H,,14,[H:16][C:7]1([C:6]([C:5]([C:4]([C:9]([C:8]1([H:18])[H:19])([H:20])[H:21])([H:11])[C:2](=[O:1])[O:3][H:10])([H:12])[H:13])([H:14])[H:15])[H:17],25.0,7.0
14,0.045419998112178984,AM1BCC,OpenEye,,,H,,15,[H:16][C:7]1([C:6]([C:5]([C:4]([C:9]([C:8]1([H:18])[H:19])([H:20])[H:21])([H:11])[C:2](=[O:1])[O:3][H:10])([H:12])[H:13])([H:14])[H:15])[H:17],25.0,7.0
15,0.04063000121996516,AM1BCC,OpenEye,,,H,,16,[H:16][C:7]1([C:6]([C:5]([C:4]([C:9]([C:8]1([H:18])[H:19])([H:20])[H:21])([H:11])[C:2](=[O:1])[O:3][H:10])([H:12])[H:13])([H:14])[H:15])[H:17],25.0,7.0
16,0.04063000121996516,AM1BCC,OpenEye,,,H,,17,[H:16][C:7]1([C:6]([C:5]([C:4]([C:9]([C:8]1([H:18])[H:19])([H:20])[H:21])([H:11])[C:2](=[O:1])[O:3][H:10])([H:12])[H:13])([H:14])[H:15])[H:17],25.0,7.0
17,0.045419998112178984,AM1BCC,OpenEye,,,H,,18,[H:16][C:7]1([C:6]([C:5]([C:4]([C:9]([C:8]1([H:18])[H:19])([H:20])[H:21])([H:11])[C:2](=[O:1])[O:3][H:10])([H:12])[H:13])([H:14])[H:15])[H:17],25.0,7.0
18,0.045419998112178984,AM1BCC,OpenEye,,,H,,19,[H:16][C:7]1([C:6]([C:5]([C:4]([C:9]([C:8]1([H:18])[H:19])([H:20])[H:21])([H:11])[C:2](=[O:1])[O:3][H:10])([H:12])[H:13])([H:14])[H:15])[H:17],25.0,7.0
19,0.05528999829576129,AM1BCC,OpenEye,,,H,,20,[H:16][C:7]1([C:6]([C:5]([C:4]([C:9]([C:8]1([H:18])[H:19])([H:20])[H:21])([H:11])[C:2](=[O:1])[O:3][H:10])([H:12])[H:13])([H:14])[H:15])[H:17],25.0,7.0
20,0.05528999829576129,AM1BCC,OpenEye,,,H,,21,[H:16][C:7]1([C:6]([C:5]([C:4]([C:9]([C:8]1([H:18])[H:19])([H:20])[H:21])([H:11])[C:2](=[O:1])[O:3][H:10])([H:12])[H:13])([H:14])[H:15])[H:17],25.0,7.0
0,-0.5510476190476191,AM1BCC,AmberTools,,,O,,1,[H:16][C:7]1([C:6]([C:5]([C:4]([C:9]([C:8]1([H:18])[H:19])([H:20])[H:21])([H:11])[C:2](=[O:1])[O:3][H:10])([H:12])[H:13])([H:14])[H:15])[H:17],25.0,7.0
1,0.6350523809523809,AM1BCC,AmberTools,,,C,,2,[H:16][C:7]1([C:6]([C:5]([C:4]([C:9]([C:8]1([H:18])[H:19])([H:20])[H:21])([H:11])[C:2](=[O:1])[O:3][H:10])([H:12])[H:13])([H:14])[H:15])[H:17],25.0,7.0
2,-0.612147619047619,AM1BCC,AmberTools,,,O,,3,[H:16][C:7]1([C:6]([C:5]([C:4]([C:9]([C:8]1([H:18])[H:19])([H:20])[H:21])([H:11])[C:2](=[O:1])[O:3][H:10])([H:12])[H:13])([H:14])[H:15])[H:17],25.0,7.0
3,-0.10174761904761905,AM1BCC,AmberTools,,,C,,4,[H:16][C:7]1([C:6]([C:5]([C:4]([C:9]([C:8]1([H:18])[H:19])([H:20])[H:21])([H:11])[C:2](=[O:1])[O:3][H:10])([H:12])[H:13])([H:14])[H:15])[H:17],25.0,7.0
4,-0.07244761904761905,AM1BCC,AmberTools,,,C,,5,[H:16][C:7]1([C:6]([C:5]([C:4]([C:9]([C:8]1([H:18])[H:19])([H:20])[H:21])([H:11])[C:2](=[O:1])[O:3][H:10])([H:12])[H:13])([H:14])[H:15])[H:17],25.0,7.0
5,-0.07544761904761904,AM1BCC,AmberTools,,,C,,6,[H:16][C:7]1([C:6]([C:5]([C:4]([C:9]([C:8]1([H:18])[H:19])([H:20])[H:21])([H:11])[C:2](=[O:1])[O:3][H:10])([H:12])[H:13])([H:14])[H:15])[H:17],25.0,7.0
6,-0.07944761904761904,AM1BCC,AmberTools,,,C,,7,[H:16][C:7]1([C:6]([C:5]([C:4]([C:9]([C:8]1([H:18])[H:19])([H:20])[H:21])([H:11])[C:2](=[O:1])[O:3][H:10])([H:12])[H:13])([H:14])[H:15])[H:17],25.0,7.0
7,-0.07544761904761904,AM1BCC,AmberTools,,,C,,8,[H:16][C:7]1([C:6]([C:5]([C:4]([C:9]([C:8]1([H:18])[H:19])([H:20])[H:21])([H:11])[C:2](=[O:1])[O:3][H:10])([H:12])[H:13])([H:14])[H:15])[H:17],25.0,7.0
8,-0.07244761904761905,AM1BCC,AmberTools,,,C,,9,[H:16][C:7]1([C:6]([C:5]([C:4]([C:9]([C:8]1([H:18])[H:19])([H:20])[H:21])([H:11])[C:2](=[O:1])[O:3][H:10])([H:12])[H:13])([H:14])[H:15])[H:17],25.0,7.0
9,0.442952380952381,AM1BCC,AmberTools,,,H,,10,[H:16][C:7]1([C:6]([C:5]([C:4]([C:9]([C:8]1([H:18])[H:19])([H:20])[H:21])([H:11])[C:2](=[O:1])[O:3][H:10])([H:12])[H:13])([H:14])[H:15])[H:17],25.0,7.0
10,0.07965238095238095,AM1BCC,AmberTools,,,H,,11,[H:16][C:7]1([C:6]([C:5]([C:4]([C:9]([C:8]1([H:18])[H:19])([H:20])[H:21])([H:11])[C:2](=[O:1])[O:3][H:10])([H:12])[H:13])([H:14])[H:15])[H:17],25.0,7.0
11,0.056152380952380954,AM1BCC,AmberTools,,,H,,12,[H:16][C:7]1([C:6]([C:5]([C:4]([C:9]([C:8]1([H:18])[H:19])([H:20])[H:21])([H:11])[C:2](=[O:1])[O:3][H:10])([H:12])[H:13])([H:14])[H:15])[H:17],25.0,7.0
12,0.056152380952380954,AM1BCC,AmberTools,,,H,,13,[H:16][C:7]1([C:6]([C:5]([C:4]([C:9]([C:8]1([H:18])[H:19])([H:20])[H:21])([H:11])[C:2](=[O:1])[O:3][H:10])([H:12])[H:13])([H:14])[H:15])[H:17],25.0,7.0
13,0.04440238095238096,AM1BCC,AmberTools,,,H,,14,[H:16][C:7]1([C:6]([C:5]([C:4]([C:9]([C:8]1([H:18])[H:19])([H:20])[H:21])([H:11])[C:2](=[O:1])[O:3][H:10])([H:12])[H:13])([H:14])[H:15])[H:17],25.0,7.0
14,0.04440238095238096,AM1BCC,AmberTools,,,H,,15,[H:16][C:7]1([C:6]([C:5]([C:4]([C:9]([C:8]1([H:18])[H:19])([H:20])[H:21])([H:11])[C:2](=[O:1])[O:3][H:10])([H:12])[H:13])([H:14])[H:15])[H:17],25.0,7.0
15,0.04015238095238095,AM1BCC,AmberTools,,,H,,16,[H:16][C:7]1([C:6]([C:5]([C:4]([C:9]([C:8]1([H:18])[H:19])([H:20])[H:21])([H:11])[C:2](=[O:1])[O:3][H:10])([H:12])[H:13])([H:14])[H:15])[H:17],25.0,7.0
16,0.04015238095238095,AM1BCC,AmberTools,,,H,,17,[H:16][C:7]1([C:6]([C:5]([C:4]([C:9]([C:8]1([H:18])[H:19])([H:20])[H:21])([H:11])[C:2](=[O:1])[O:3][H:10])([H:12])[H:13])([H:14])[H:15])[H:17],25.0,7.0
17,0.04440238095238096,AM1BCC,AmberTools,,,H,,18,[H:16][C:7]1([C:6]([C:5]([C:4]([C:9]([C:8]1([H:18])[H:19])([H:20])[H:21])([H:11])[C:2](=[O:1])[O:3][H:10])([H:12])[H:13])([H:14])[H:15])[H:17],25.0,7.0
18,0.04440238095238096,AM1BCC,AmberTools,,,H,,19,[H:16][C:7]1([C:6]([C:5]([C:4]([C:9]([C:8]1([H:18])[H:19])([H:20])[H:21])([H:11])[C:2](=[O:1])[O:3][H:10])([H:12])[H:13])([H:14])[H:15])[H:17],25.0,7.0
19,0.056152380952380954,AM1BCC,AmberTools,,,H,,20,[H:16][C:7]1([C:6]([C:5]([C:4]([C:9]([C:8]1([H:18])[H:19])([H:20])[H:21])([H:11])[C:2](=[O:1])[O:3][H:10])([H:12])[H:13])([H:14])[H:15])[H:17],25.0,7.0
20,0.056152380952380954,AM1BCC,AmberTools,,,H,,21,[H:16][C:7]1([C:6]([C:5]([C:4]([C:9]([C:8]1([H:18])[H:19])([H:20])[H:21])([H:11])[C:2](=[O:1])[O:3][H:10])([H:12])[H:13])([H:14])[H:15])[H:17],25.0,7.0
0,-0.5524399883690334,AM1BCC,OpenEye,,,O,,1,[H:16][C:7]1([C:6]([C:5]([C:4]([C:9]([C:8]1([H:18])[H:19])([H:20])[H:21])([H:11])[C:2](=[O:1])[O:3][H:10])([H:12])[H:13])([H:14])[H:15])[H:17],25.0,8.0
1,0.6340600245055699,AM1BCC,OpenEye,,,C,,2,[H:16][C:7]1([C:6]([C:5]([C:4]([C:9]([C:8]1([H:18])[H:19])([H:20])[H:21])([H:11])[C:2](=[O:1])[O:3][H:10])([H:12])[H:13])([H:14])[H:15])[H:17],25.0,8.0
2,-0.6034600145760036,AM1BCC,OpenEye,,,O,,3,[H:16][C:7]1([C:6]([C:5]([C:4]([C:9]([C:8]1([H:18])[H:19])([H:20])[H:21])([H:11])[C:2](=[O:1])[O:3][H:10])([H:12])[H:13])([H:14])[H:15])[H:17],25.0,8.0
3,-0.10566999834208261,AM1BCC,OpenEye,,,C,,4,[H:16][C:7]1([C:6]([C:5]([C:4]([C:9]([C:8]1([H:18])[H:19])([H:20])[H:21])([H:11])[C:2](=[O:1])[O:3][H:10])([H:12])[H:13])([H:14])[H:15])[H:17],25.0,8.0
4,-0.07199999761013758,AM1BCC,OpenEye,,,C,,5,[H:16][C:7]1([C:6]([C:5]([C:4]([C:9]([C:8]1([H:18])[H:19])([H:20])[H:21])([H:11])[C:2](=[O:1])[O:3][H:10])([H:12])[H:13])([H:14])[H:15])[H:17],25.0,8.0
5,-0.07739000093369257,AM1BCC,OpenEye,,,C,,6,[H:16][C:7]1([C:6]([C:5]([C:4]([C:9]([C:8]1([H:18])[H:19])([H:20])[H:21])([H:11])[C:2](=[O:1])[O:3][H:10])([H:12])[H:13])([H:14])[H:15])[H:17],25.0,8.0
6,-0.0799499980750538,AM1BCC,OpenEye,,,C,,7,[H:16][C:7]1([C:6]([C:5]([C:4]([C:9]([C:8]1([H:18])[H:19])([H:20])[H:21])([H:11])[C:2](=[O:1])[O:3][H:10])([H:12])[H:13])([H:14])[H:15])[H:17],25.0,8.0
7,-0.07739000093369257,AM1BCC,OpenEye,,,C,,8,[H:16][C:7]1([C:6]([C:5]([C:4]([C:9]([C:8]1([H:18])[H:19])([H:20])[H:21])([H:11])[C:2](=[O:1])[O:3][H:10])([H:12])[H:13])([H:14])[H:15])[H:17],25.0,8.0
8,-0.07199999761013758,AM1BCC,OpenEye,,,C,,9,[H:16][C:7]1([C:6]([C:5]([C:4]([C:9]([C:8]1([H:18])[H:19])([H:20])[H:21])([H:11])[C:2](=[O:1])[O:3][H:10])([H:12])[H:13])([H:14])[H:15])[H:17],25.0,8.0
9,0.44244998622508275,AM1BCC,OpenEye,,,H,,10,[H:16][C:7]1([C:6]([C:5]([C:4]([C:9]([C:8]1([H:18])[H:19])([H:20])[H:21])([H:11])[C:2](=[O:1])[O:3][H:10])([H:12])[H:13])([H:14])[H:15])[H:17],25.0,8.0
10,0.07972999591202963,AM1BCC,OpenEye,,,H,,11,[H:16][C:7]1([C:6]([C:5]([C:4]([C:9]([C:8]1([H:18])[H:19])([H:20])[H:21])([H:11])[C:2](=[O:1])[O:3][H:10])([H:12])[H:13])([H:14])[H:15])[H:17],25.0,8.0
11,0.05527999926181067,AM1BCC,OpenEye,,,H,,12,[H:16][C:7]1([C:6]([C:5]([C:4]([C:9]([C:8]1([H:18])[H:19])([H:20])[H:21])([H:11])[C:2](=[O:1])[O:3][H:10])([H:12])[H:13])([H:14])[H:15])[H:17],25.0,8.0
12,0.05527999926181067,AM1BCC,OpenEye,,,H,,13,[H:16][C:7]1([C:6]([C:5]([C:4]([C:9]([C:8]1([H:18])[H:19])([H:20])[H:21])([H:11])[C:2](=[O:1])[O:3][H:10])([H:12])[H:13])([H:14])[H:15])[H:17],25.0,8.0
13,0.04541999775738943,AM1BCC,OpenEye,,,H,,14,[H:16][C:7]1([C:6]([C:5]([C:4]([C:9]([C:8]1([H:18])[H:19])([H:20])[H:21])([H:11])[C:2](=[O:1])[O:3][H:10])([H:12])[H:13])([H:14])[H:15])[H:17],25.0,8.0
14,0.04541999775738943,AM1BCC,OpenEye,,,H,,15,[H:16][C:7]1([C:6]([C:5]([C:4]([C:9]([C:8]1([H:18])[H:19])([H:20])[H:21])([H:11])[C:2](=[O:1])[O:3][H:10])([H:12])[H:13])([H:14])[H:15])[H:17],25.0,8.0
15,0.04063000086517561,AM1BCC,OpenEye,,,H,,16,[H:16][C:7]1([C:6]([C:5]([C:4]([C:9]([C:8]1([H:18])[H:19])([H:20])[H:21])([H:11])[C:2](=[O:1])[O:3][H:10])([H:12])[H:13])([H:14])[H:15])[H:17],25.0,8.0
16,0.04063000086517561,AM1BCC,OpenEye,,,H,,17,[H:16][C:7]1([C:6]([C:5]([C:4]([C:9]([C:8]1([H:18])[H:19])([H:20])[H:21])([H:11])[C:2](=[O:1])[O:3][H:10])([H:12])[H:13])([H:14])[H:15])[H:17],25.0,8.0
17,0.04541999775738943,AM1BCC,OpenEye,,,H,,18,[H:16][C:7]1([C:6]([C:5]([C:4]([C:9]([C:8]1([H:18])[H:19])([H:20])[H:21])([H:11])[C:2](=[O:1])[O:3][H:10])([H:12])[H:13])([H:14])[H:15])[H:17],25.0,8.0
18,0.04541999775738943,AM1BCC,OpenEye,,,H,,19,[H:16][C:7]1([C:6]([C:5]([C:4]([C:9]([C:8]1([H:18])[H:19])([H:20])[H:21])([H:11])[C:2](=[O:1])[O:3][H:10])([H:12])[H:13])([H:14])[H:15])[H:17],25.0,8.0
19,0.05527999926181067,AM1BCC,OpenEye,,,H,,20,[H:16][C:7]1([C:6]([C:5]([C:4]([C:9]([C:8]1([H:18])[H:19])([H:20])[H:21])([H:11])[C:2](=[O:1])[O:3][H:10])([H:12])[H:13])([H:14])[H:15])[H:17],25.0,8.0
20,0.05527999926181067,AM1BCC,OpenEye,,,H,,21,[H:16][C:7]1([C:6]([C:5]([C:4]([C:9]([C:8]1([H:18])[H:19])([H:20])[H:21])([H:11])[C:2](=[O:1])[O:3][H:10])([H:12])[H:13])([H:14])[H:15])[H:17],25.0,8.0
0,-0.5510476190476191,AM1BCC,AmberTools,,,O,,1,[H:16][C:7]1([C:6]([C:5]([C:4]([C:9]([C:8]1([H:18])[H:19])([H:20])[H:21])([H:11])[C:2](=[O:1])[O:3][H:10])([H:12])[H:13])([H:14])[H:15])[H:17],25.0,8.0
1,0.6350523809523809,AM1BCC,AmberTools,,,C,,2,[H:16][C:7]1([C:6]([C:5]([C:4]([C:9]([C:8]1([H:18])[H:19])([H:20])[H:21])([H:11])[C:2](=[O:1])[O:3][H:10])([H:12])[H:13])([H:14])[H:15])[H:17],25.0,8.0
2,-0.612147619047619,AM1BCC,AmberTools,,,O,,3,[H:16][C:7]1([C:6]([C:5]([C:4]([C:9]([C:8]1([H:18])[H:19])([H:20])[H:21])([H:11])[C:2](=[O:1])[O:3][H:10])([H:12])[H:13])([H:14])[H:15])[H:17],25.0,8.0
3,-0.10174761904761905,AM1BCC,AmberTools,,,C,,4,[H:16][C:7]1([C:6]([C:5]([C:4]([C:9]([C:8]1([H:18])[H:19])([H:20])[H:21])([H:11])[C:2](=[O:1])[O:3][H:10])([H:12])[H:13])([H:14])[H:15])[H:17],25.0,8.0
4,-0.07244761904761905,AM1BCC,AmberTools,,,C,,5,[H:16][C:7]1([C:6]([C:5]([C:4]([C:9]([C:8]1([H:18])[H:19])([H:20])[H:21])([H:11])[C:2](=[O:1])[O:3][H:10])([H:12])[H:13])([H:14])[H:15])[H:17],25.0,8.0
5,-0.07544761904761904,AM1BCC,AmberTools,,,C,,6,[H:16][C:7]1([C:6]([C:5]([C:4]([C:9]([C:8]1([H:18])[H:19])([H:20])[H:21])([H:11])[C:2](=[O:1])[O:3][H:10])([H:12])[H:13])([H:14])[H:15])[H:17],25.0,8.0
6,-0.07944761904761904,AM1BCC,AmberTools,,,C,,7,[H:16][C:7]1([C:6]([C:5]([C:4]([C:9]([C:8]1([H:18])[H:19])([H:20])[H:21])([H:11])[C:2](=[O:1])[O:3][H:10])([H:12])[H:13])([H:14])[H:15])[H:17],25.0,8.0
7,-0.07544761904761904,AM1BCC,AmberTools,,,C,,8,[H:16][C:7]1([C:6]([C:5]([C:4]([C:9]([C:8]1([H:18])[H:19])([H:20])[H:21])([H:11])[C:2](=[O:1])[O:3][H:10])([H:12])[H:13])([H:14])[H:15])[H:17],25.0,8.0
8,-0.07244761904761905,AM1BCC,AmberTools,,,C,,9,[H:16][C:7]1([C:6]([C:5]([C:4]([C:9]([C:8]1([H:18])[H:19])([H:20])[H:21])([H:11])[C:2](=[O:1])[O:3][H:10])([H:12])[H:13])([H:14])[H:15])[H:17],25.0,8.0
9,0.442952380952381,AM1BCC,AmberTools,,,H,,10,[H:16][C:7]1([C:6]([C:5]([C:4]([C:9]([C:8]1([H:18])[H:19])([H:20])[H:21])([H:11])[C:2](=[O:1])[O:3][H:10])([H:12])[H:13])([H:14])[H:15])[H:17],25.0,8.0
10,0.07965238095238095,AM1BCC,AmberTools,,,H,,11,[H:16][C:7]1([C:6]([C:5]([C:4]([C:9]([C:8]1([H:18])[H:19])([H:20])[H:21])([H:11])[C:2](=[O:1])[O:3][H:10])([H:12])[H:13])([H:14])[H:15])[H:17],25.0,8.0
11,0.056152380952380954,AM1BCC,AmberTools,,,H,,12,[H:16][C:7]1([C:6]([C:5]([C:4]([C:9]([C:8]1([H:18])[H:19])([H:20])[H:21])([H:11])[C:2](=[O:1])[O:3][H:10])([H:12])[H:13])([H:14])[H:15])[H:17],25.0,8.0
12,0.056152380952380954,AM1BCC,AmberTools,,,H,,13,[H:16][C:7]1([C:6]([C:5]([C:4]([C:9]([C:8]1([H:18])[H:19])([H:20])[H:21])([H:11])[C:2](=[O:1])[O:3][H:10])([H:12])[H:13])([H:14])[H:15])[H:17],25.0,8.0
13,0.04440238095238096,AM1BCC,AmberTools,,,H,,14,[H:16][C:7]1([C:6]([C:5]([C:4]([C:9]([C:8]1([H:18])[H:19])([H:20])[H:21])([H:11])[C:2](=[O:1])[O:3][H:10])([H:12])[H:13])([H:14])[H:15])[H:17],25.0,8.0
14,0.04440238095238096,AM1BCC,AmberTools,,,H,,15,[H:16][C:7]1([C:6]([C:5]([C:4]([C:9]([C:8]1([H:18])[H:19])([H:20])[H:21])([H:11])[C:2](=[O:1])[O:3][H:10])([H:12])[H:13])([H:14])[H:15])[H:17],25.0,8.0
15,0.04015238095238095,AM1BCC,AmberTools,,,H,,16,[H:16][C:7]1([C:6]([C:5]([C:4]([C:9]([C:8]1([H:18])[H:19])([H:20])[H:21])([H:11])[C:2](=[O:1])[O:3][H:10])([H:12])[H:13])([H:14])[H:15])[H:17],25.0,8.0
16,0.04015238095238095,AM1BCC,AmberTools,,,H,,17,[H:16][C:7]1([C:6]([C:5]([C:4]([C:9]([C:8]1([H:18])[H:19])([H:20])[H:21])([H:11])[C:2](=[O:1])[O:3][H:10])([H:12])[H:13])([H:14])[H:15])[H:17],25.0,8.0
17,0.04440238095238096,AM1BCC,AmberTools,,,H,,18,[H:16][C:7]1([C:6]([C:5]([C:4]([C:9]([C:8]1([H:18])[H:19])([H:20])[H:21])([H:11])[C:2](=[O:1])[O:3][H:10])([H:12])[H:13])([H:14])[H:15])[H:17],25.0,8.0
18,0.04440238095238096,AM1BCC,AmberTools,,,H,,19,[H:16][C:7]1([C:6]([C:5]([C:4]([C:9]([C:8]1([H:18])[H:19])([H:20])[H:21])([H:11])[C:2](=[O:1])[O:3][H:10])([H:12])[H:13])([H:14])[H:15])[H:17],25.0,8.0
19,0.056152380952380954,AM1BCC,AmberTools,,,H,,20,[H:16][C:7]1([C:6]([C:5]([C:4]([C:9]([C:8]1([H:18])[H:19])([H:20])[H:21])([H:11])[C:2](=[O:1])[O:3][H:10])([H:12])[H:13])([H:14])[H:15])[H:17],25.0,8.0
20,0.056152380952380954,AM1BCC,AmberTools,,,H,,21,[H:16][C:7]1([C:6]([C:5]([C:4]([C:9]([C:8]1([H:18])[H:19])([H:20])[H:21])([H:11])[C:2](=[O:1])[O:3][H:10])([H:12])[H:13])([H:14])[H:15])[H:17],25.0,8.0
0,-0.5524399883690334,AM1BCC,OpenEye,,,O,,1,[H:16][C:7]1([C:6]([C:5]([C:4]([C:9]([C:8]1([H:18])[H:19])([H:20])[H:21])([H:11])[C:2](=[O:1])[O:3][H:10])([H:12])[H:13])([H:14])[H:15])[H:17],25.0,9.0
1,0.6340600245055699,AM1BCC,OpenEye,,,C,,2,[H:16][C:7]1([C:6]([C:5]([C:4]([C:9]([C:8]1([H:18])[H:19])([H:20])[H:21])([H:11])[C:2](=[O:1])[O:3][H:10])([H:12])[H:13])([H:14])[H:15])[H:17],25.0,9.0
2,-0.6034600145760036,AM1BCC,OpenEye,,,O,,3,[H:16][C:7]1([C:6]([C:5]([C:4]([C:9]([C:8]1([H:18])[H:19])([H:20])[H:21])([H:11])[C:2](=[O:1])[O:3][H:10])([H:12])[H:13])([H:14])[H:15])[H:17],25.0,9.0
3,-0.10566999834208261,AM1BCC,OpenEye,,,C,,4,[H:16][C:7]1([C:6]([C:5]([C:4]([C:9]([C:8]1([H:18])[H:19])([H:20])[H:21])([H:11])[C:2](=[O:1])[O:3][H:10])([H:12])[H:13])([H:14])[H:15])[H:17],25.0,9.0
4,-0.07199999761013758,AM1BCC,OpenEye,,,C,,5,[H:16][C:7]1([C:6]([C:5]([C:4]([C:9]([C:8]1([H:18])[H:19])([H:20])[H:21])([H:11])[C:2](=[O:1])[O:3][H:10])([H:12])[H:13])([H:14])[H:15])[H:17],25.0,9.0
5,-0.07739000093369257,AM1BCC,OpenEye,,,C,,6,[H:16][C:7]1([C:6]([C:5]([C:4]([C:9]([C:8]1([H:18])[H:19])([H:20])[H:21])([H:11])[C:2](=[O:1])[O:3][H:10])([H:12])[H:13])([H:14])[H:15])[H:17],25.0,9.0
6,-0.0799499980750538,AM1BCC,OpenEye,,,C,,7,[H:16][C:7]1([C:6]([C:5]([C:4]([C:9]([C:8]1([H:18])[H:19])([H:20])[H:21])([H:11])[C:2](=[O:1])[O:3][H:10])([H:12])[H:13])([H:14])[H:15])[H:17],25.0,9.0
7,-0.07739000093369257,AM1BCC,OpenEye,,,C,,8,[H:16][C:7]1([C:6]([C:5]([C:4]([C:9]([C:8]1([H:18])[H:19])([H:20])[H:21])([H:11])[C:2](=[O:1])[O:3][H:10])([H:12])[H:13])([H:14])[H:15])[H:17],25.0,9.0
8,-0.07199999761013758,AM1BCC,OpenEye,,,C,,9,[H:16][C:7]1([C:6]([C:5]([C:4]([C:9]([C:8]1([H:18])[H:19])([H:20])[H:21])([H:11])[C:2](=[O:1])[O:3][H:10])([H:12])[H:13])([H:14])[H:15])[H:17],25.0,9.0
9,0.44244998622508275,AM1BCC,OpenEye,,,H,,10,[H:16][C:7]1([C:6]([C:5]([C:4]([C:9]([C:8]1([H:18])[H:19])([H:20])[H:21])([H:11])[C:2](=[O:1])[O:3][H:10])([H:12])[H:13])([H:14])[H:15])[H:17],25.0,9.0
10,0.07972999591202963,AM1BCC,OpenEye,,,H,,11,[H:16][C:7]1([C:6]([C:5]([C:4]([C:9]([C:8]1([H:18])[H:19])([H:20])[H:21])([H:11])[C:2](=[O:1])[O:3][H:10])([H:12])[H:13])([H:14])[H:15])[H:17],25.0,9.0
11,0.05527999926181067,AM1BCC,OpenEye,,,H,,12,[H:16][C:7]1([C:6]([C:5]([C:4]([C:9]([C:8]1([H:18])[H:19])([H:20])[H:21])([H:11])[C:2](=[O:1])[O:3][H:10])([H:12])[H:13])([H:14])[H:15])[H:17],25.0,9.0
12,0.05527999926181067,AM1BCC,OpenEye,,,H,,13,[H:16][C:7]1([C:6]([C:5]([C:4]([C:9]([C:8]1([H:18])[H:19])([H:20])[H:21])([H:11])[C:2](=[O:1])[O:3][H:10])([H:12])[H:13])([H:14])[H:15])[H:17],25.0,9.0
13,0.04541999775738943,AM1BCC,OpenEye,,,H,,14,[H:16][C:7]1([C:6]([C:5]([C:4]([C:9]([C:8]1([H:18])[H:19])([H:20])[H:21])([H:11])[C:2](=[O:1])[O:3][H:10])([H:12])[H:13])([H:14])[H:15])[H:17],25.0,9.0
14,0.04541999775738943,AM1BCC,OpenEye,,,H,,15,[H:16][C:7]1([C:6]([C:5]([C:4]([C:9]([C:8]1([H:18])[H:19])([H:20])[H:21])([H:11])[C:2](=[O:1])[O:3][H:10])([H:12])[H:13])([H:14])[H:15])[H:17],25.0,9.0
15,0.04063000086517561,AM1BCC,OpenEye,,,H,,16,[H:16][C:7]1([C:6]([C:5]([C:4]([C:9]([C:8]1([H:18])[H:19])([H:20])[H:21])([H:11])[C:2](=[O:1])[O:3][H:10])([H:12])[H:13])([H:14])[H:15])[H:17],25.0,9.0
16,0.04063000086517561,AM1BCC,OpenEye,,,H,,17,[H:16][C:7]1([C:6]([C:5]([C:4]([C:9]([C:8]1([H:18])[H:19])([H:20])[H:21])([H:11])[C:2](=[O:1])[O:3][H:10])([H:12])[H:13])([H:14])[H:15])[H:17],25.0,9.0
17,0.04541999775738943,AM1BCC,OpenEye,,,H,,18,[H:16][C:7]1([C:6]([C:5]([C:4]([C:9]([C:8]1([H:18])[H:19])([H:20])[H:21])([H:11])[C:2](=[O:1])[O:3][H:10])([H:12])[H:13])([H:14])[H:15])[H:17],25.0,9.0
18,0.04541999775738943,AM1BCC,OpenEye,,,H,,19,[H:16][C:7]1([C:6]([C:5]([C:4]([C:9]([C:8]1([H:18])[H:19])([H:20])[H:21])([H:11])[C:2](=[O:1])[O:3][H:10])([H:12])[H:13])([H:14])[H:15])[H:17],25.0,9.0
19,0.05527999926181067,AM1BCC,OpenEye,,,H,,20,[H:16][C:7]1([C:6]([C:5]([C:4]([C:9]([C:8]1([H:18])[H:19])([H:20])[H:21])([H:11])[C:2](=[O:1])[O:3][H:10])([H:12])[H:13])([H:14])[H:15])[H:17],25.0,9.0
20,0.05527999926181067,AM1BCC,OpenEye,,,H,,21,[H:16][C:7]1([C:6]([C:5]([C:4]([C:9]([C:8]1([H:18])[H:19])([H:20])[H:21])([H:11])[C:2](=[O:1])[O:3][H:10])([H:12])[H:13])([H:14])[H:15])[H:17],25.0,9.0
0,-0.5510476190476191,AM1BCC,AmberTools,,,O,,1,[H:16][C:7]1([C:6]([C:5]([C:4]([C:9]([C:8]1([H:18])[H:19])([H:20])[H:21])([H:11])[C:2](=[O:1])[O:3][H:10])([H:12])[H:13])([H:14])[H:15])[H:17],25.0,9.0
1,0.6350523809523809,AM1BCC,AmberTools,,,C,,2,[H:16][C:7]1([C:6]([C:5]([C:4]([C:9]([C:8]1([H:18])[H:19])([H:20])[H:21])([H:11])[C:2](=[O:1])[O:3][H:10])([H:12])[H:13])([H:14])[H:15])[H:17],25.0,9.0
2,-0.612147619047619,AM1BCC,AmberTools,,,O,,3,[H:16][C:7]1([C:6]([C:5]([C:4]([C:9]([C:8]1([H:18])[H:19])([H:20])[H:21])([H:11])[C:2](=[O:1])[O:3][H:10])([H:12])[H:13])([H:14])[H:15])[H:17],25.0,9.0
3,-0.10174761904761905,AM1BCC,AmberTools,,,C,,4,[H:16][C:7]1([C:6]([C:5]([C:4]([C:9]([C:8]1([H:18])[H:19])([H:20])[H:21])([H:11])[C:2](=[O:1])[O:3][H:10])([H:12])[H:13])([H:14])[H:15])[H:17],25.0,9.0
4,-0.07244761904761905,AM1BCC,AmberTools,,,C,,5,[H:16][C:7]1([C:6]([C:5]([C:4]([C:9]([C:8]1([H:18])[H:19])([H:20])[H:21])([H:11])[C:2](=[O:1])[O:3][H:10])([H:12])[H:13])([H:14])[H:15])[H:17],25.0,9.0
5,-0.07544761904761904,AM1BCC,AmberTools,,,C,,6,[H:16][C:7]1([C:6]([C:5]([C:4]([C:9]([C:8]1([H:18])[H:19])([H:20])[H:21])([H:11])[C:2](=[O:1])[O:3][H:10])([H:12])[H:13])([H:14])[H:15])[H:17],25.0,9.0
6,-0.07944761904761904,AM1BCC,AmberTools,,,C,,7,[H:16][C:7]1([C:6]([C:5]([C:4]([C:9]([C:8]1([H:18])[H:19])([H:20])[H:21])([H:11])[C:2](=[O:1])[O:3][H:10])([H:12])[H:13])([H:14])[H:15])[H:17],25.0,9.0
7,-0.07544761904761904,AM1BCC,AmberTools,,,C,,8,[H:16][C:7]1([C:6]([C:5]([C:4]([C:9]([C:8]1([H:18])[H:19])([H:20])[H:21])([H:11])[C:2](=[O:1])[O:3][H:10])([H:12])[H:13])([H:14])[H:15])[H:17],25.0,9.0
8,-0.07244761904761905,AM1BCC,AmberTools,,,C,,9,[H:16][C:7]1([C:6]([C:5]([C:4]([C:9]([C:8]1([H:18])[H:19])([H:20])[H:21])([H:11])[C:2](=[O:1])[O:3][H:10])([H:12])[H:13])([H:14])[H:15])[H:17],25.0,9.0
9,0.442952380952381,AM1BCC,AmberTools,,,H,,10,[H:16][C:7]1([C:6]([C:5]([C:4]([C:9]([C:8]1([H:18])[H:19])([H:20])[H:21])([H:11])[C:2](=[O:1])[O:3][H:10])([H:12])[H:13])([H:14])[H:15])[H:17],25.0,9.0
10,0.07965238095238095,AM1BCC,AmberTools,,,H,,11,[H:16][C:7]1([C:6]([C:5]([C:4]([C:9]([C:8]1([H:18])[H:19])([H:20])[H:21])([H:11])[C:2](=[O:1])[O:3][H:10])([H:12])[H:13])([H:14])[H:15])[H:17],25.0,9.0
11,0.056152380952380954,AM1BCC,AmberTools,,,H,,12,[H:16][C:7]1([C:6]([C:5]([C:4]([C:9]([C:8]1([H:18])[H:19])([H:20])[H:21])([H:11])[C:2](=[O:1])[O:3][H:10])([H:12])[H:13])([H:14])[H:15])[H:17],25.0,9.0
12,0.056152380952380954,AM1BCC,AmberTools,,,H,,13,[H:16][C:7]1([C:6]([C:5]([C:4]([C:9]([C:8]1([H:18])[H:19])([H:20])[H:21])([H:11])[C:2](=[O:1])[O:3][H:10])([H:12])[H:13])([H:14])[H:15])[H:17],25.0,9.0
13,0.04440238095238096,AM1BCC,AmberTools,,,H,,14,[H:16][C:7]1([C:6]([C:5]([C:4]([C:9]([C:8]1([H:18])[H:19])([H:20])[H:21])([H:11])[C:2](=[O:1])[O:3][H:10])([H:12])[H:13])([H:14])[H:15])[H:17],25.0,9.0
14,0.04440238095238096,AM1BCC,AmberTools,,,H,,15,[H:16][C:7]1([C:6]([C:5]([C:4]([C:9]([C:8]1([H:18])[H:19])([H:20])[H:21])([H:11])[C:2](=[O:1])[O:3][H:10])([H:12])[H:13])([H:14])[H:15])[H:17],25.0,9.0
15,0.04015238095238095,AM1BCC,AmberTools,,,H,,16,[H:16][C:7]1([C:6]([C:5]([C:4]([C:9]([C:8]1([H:18])[H:19])([H:20])[H:21])([H:11])[C:2](=[O:1])[O:3][H:10])([H:12])[H:13])([H:14])[H:15])[H:17],25.0,9.0
16,0.04015238095238095,AM1BCC,AmberTools,,,H,,17,[H:16][C:7]1([C:6]([C:5]([C:4]([C:9]([C:8]1([H:18])[H:19])([H:20])[H:21])([H:11])[C:2](=[O:1])[O:3][H:10])([H:12])[H:13])([H:14])[H:15])[H:17],25.0,9.0
17,0.04440238095238096,AM1BCC,AmberTools,,,H,,18,[H:16][C:7]1([C:6]([C:5]([C:4]([C:9]([C:8]1([H:18])[H:19])([H:20])[H:21])([H:11])[C:2](=[O:1])[O:3][H:10])([H:12])[H:13])([H:14])[H:15])[H:17],25.0,9.0
18,0.04440238095238096,AM1BCC,AmberTools,,,H,,19,[H:16][C:7]1([C:6]([C:5]([C:4]([C:9]([C:8]1([H:18])[H:19])([H:20])[H:21])([H:11])[C:2](=[O:1])[O:3][H:10])([H:12])[H:13])([H:14])[H:15])[H:17],25.0,9.0
19,0.056152380952380954,AM1BCC,AmberTools,,,H,,20,[H:16][C:7]1([C:6]([C:5]([C:4]([C:9]([C:8]1([H:18])[H:19])([H:20])[H:21])([H:11])[C:2](=[O:1])[O:3][H:10])([H:12])[H:13])([H:14])[H:15])[H:17],25.0,9.0
20,0.056152380952380954,AM1BCC,AmberTools,,,H,,21,[H:16][C:7]1([C:6]([C:5]([C:4]([C:9]([C:8]1([H:18])[H:19])([H:20])[H:21])([H:11])[C:2](=[O:1])[O:3][H:10])([H:12])[H:13])([H:14])[H:15])[H:17],25.0,9.0
0,-0.5524399880142439,AM1BCC,OpenEye,,,O,,1,[H:16][C:7]1([C:6]([C:5]([C:4]([C:9]([C:8]1([H:18])[H:19])([H:20])[H:21])([H:11])[C:2](=[O:1])[O:3][H:10])([H:12])[H:13])([H:14])[H:15])[H:17],25.0,10.0
1,0.6340600248603594,AM1BCC,OpenEye,,,C,,2,[H:16][C:7]1([C:6]([C:5]([C:4]([C:9]([C:8]1([H:18])[H:19])([H:20])[H:21])([H:11])[C:2](=[O:1])[O:3][H:10])([H:12])[H:13])([H:14])[H:15])[H:17],25.0,10.0
2,-0.6034600142212141,AM1BCC,OpenEye,,,O,,3,[H:16][C:7]1([C:6]([C:5]([C:4]([C:9]([C:8]1([H:18])[H:19])([H:20])[H:21])([H:11])[C:2](=[O:1])[O:3][H:10])([H:12])[H:13])([H:14])[H:15])[H:17],25.0,10.0
3,-0.10566999798729307,AM1BCC,OpenEye,,,C,,4,[H:16][C:7]1([C:6]([C:5]([C:4]([C:9]([C:8]1([H:18])[H:19])([H:20])[H:21])([H:11])[C:2](=[O:1])[O:3][H:10])([H:12])[H:13])([H:14])[H:15])[H:17],25.0,10.0
4,-0.07199999725534803,AM1BCC,OpenEye,,,C,,5,[H:16][C:7]1([C:6]([C:5]([C:4]([C:9]([C:8]1([H:18])[H:19])([H:20])[H:21])([H:11])[C:2](=[O:1])[O:3][H:10])([H:12])[H:13])([H:14])[H:15])[H:17],25.0,10.0
5,-0.07739000057890302,AM1BCC,OpenEye,,,C,,6,[H:16][C:7]1([C:6]([C:5]([C:4]([C:9]([C:8]1([H:18])[H:19])([H:20])[H:21])([H:11])[C:2](=[O:1])[O:3][H:10])([H:12])[H:13])([H:14])[H:15])[H:17],25.0,10.0
6,-0.07998999988748914,AM1BCC,OpenEye,,,C,,7,[H:16][C:7]1([C:6]([C:5]([C:4]([C:9]([C:8]1([H:18])[H:19])([H:20])[H:21])([H:11])[C:2](=[O:1])[O:3][H:10])([H:12])[H:13])([H:14])[H:15])[H:17],25.0,10.0
7,-0.07739000057890302,AM1BCC,OpenEye,,,C,,8,[H:16][C:7]1([C:6]([C:5]([C:4]([C:9]([C:8]1([H:18])[H:19])([H:20])[H:21])([H:11])[C:2](=[O:1])[O:3][H:10])([H:12])[H:13])([H:14])[H:15])[H:17],25.0,10.0
8,-0.07199999725534803,AM1BCC,OpenEye,,,C,,9,[H:16][C:7]1([C:6]([C:5]([C:4]([C:9]([C:8]1([H:18])[H:19])([H:20])[H:21])([H:11])[C:2](=[O:1])[O:3][H:10])([H:12])[H:13])([H:14])[H:15])[H:17],25.0,10.0
9,0.44244998657987233,AM1BCC,OpenEye,,,H,,10,[H:16][C:7]1([C:6]([C:5]([C:4]([C:9]([C:8]1([H:18])[H:19])([H:20])[H:21])([H:11])[C:2](=[O:1])[O:3][H:10])([H:12])[H:13])([H:14])[H:15])[H:17],25.0,10.0
10,0.07972999626681918,AM1BCC,OpenEye,,,H,,11,[H:16][C:7]1([C:6]([C:5]([C:4]([C:9]([C:8]1([H:18])[H:19])([H:20])[H:21])([H:11])[C:2](=[O:1])[O:3][H:10])([H:12])[H:13])([H:14])[H:15])[H:17],25.0,10.0
11,0.05528999829576129,AM1BCC,OpenEye,,,H,,12,[H:16][C:7]1([C:6]([C:5]([C:4]([C:9]([C:8]1([H:18])[H:19])([H:20])[H:21])([H:11])[C:2](=[O:1])[O:3][H:10])([H:12])[H:13])([H:14])[H:15])[H:17],25.0,10.0
12,0.05528999829576129,AM1BCC,OpenEye,,,H,,13,[H:16][C:7]1([C:6]([C:5]([C:4]([C:9]([C:8]1([H:18])[H:19])([H:20])[H:21])([H:11])[C:2](=[O:1])[O:3][H:10])([H:12])[H:13])([H:14])[H:15])[H:17],25.0,10.0
13,0.045419998112178984,AM1BCC,OpenEye,,,H,,14,[H:16][C:7]1([C:6]([C:5]([C:4]([C:9]([C:8]1([H:18])[H:19])([H:20])[H:21])([H:11])[C:2](=[O:1])[O:3][H:10])([H:12])[H:13])([H:14])[H:15])[H:17],25.0,10.0
14,0.045419998112178984,AM1BCC,OpenEye,,,H,,15,[H:16][C:7]1([C:6]([C:5]([C:4]([C:9]([C:8]1([H:18])[H:19])([H:20])[H:21])([H:11])[C:2](=[O:1])[O:3][H:10])([H:12])[H:13])([H:14])[H:15])[H:17],25.0,10.0
15,0.04063000121996516,AM1BCC,OpenEye,,,H,,16,[H:16][C:7]1([C:6]([C:5]([C:4]([C:9]([C:8]1([H:18])[H:19])([H:20])[H:21])([H:11])[C:2](=[O:1])[O:3][H:10])([H:12])[H:13])([H:14])[H:15])[H:17],25.0,10.0
16,0.04063000121996516,AM1BCC,OpenEye,,,H,,17,[H:16][C:7]1([C:6]([C:5]([C:4]([C:9]([C:8]1([H:18])[H:19])([H:20])[H:21])([H:11])[C:2](=[O:1])[O:3][H:10])([H:12])[H:13])([H:14])[H:15])[H:17],25.0,10.0
17,0.045419998112178984,AM1BCC,OpenEye,,,H,,18,[H:16][C:7]1([C:6]([C:5]([C:4]([C:9]([C:8]1([H:18])[H:19])([H:20])[H:21])([H:11])[C:2](=[O:1])[O:3][H:10])([H:12])[H:13])([H:14])[H:15])[H:17],25.0,10.0
18,0.045419998112178984,AM1BCC,OpenEye,,,H,,19,[H:16][C:7]1([C:6]([C:5]([C:4]([C:9]([C:8]1([H:18])[H:19])([H:20])[H:21])([H:11])[C:2](=[O:1])[O:3][H:10])([H:12])[H:13])([H:14])[H:15])[H:17],25.0,10.0
19,0.05528999829576129,AM1BCC,OpenEye,,,H,,20,[H:16][C:7]1([C:6]([C:5]([C:4]([C:9]([C:8]1([H:18])[H:19])([H:20])[H:21])([H:11])[C:2](=[O:1])[O:3][H:10])([H:12])[H:13])([H:14])[H:15])[H:17],25.0,10.0
20,0.05528999829576129,AM1BCC,OpenEye,,,H,,21,[H:16][C:7]1([C:6]([C:5]([C:4]([C:9]([C:8]1([H:18])[H:19])([H:20])[H:21])([H:11])[C:2](=[O:1])[O:3][H:10])([H:12])[H:13])([H:14])[H:15])[H:17],25.0,10.0
0,-0.5510476190476191,AM1BCC,AmberTools,,,O,,1,[H:16][C:7]1([C:6]([C:5]([C:4]([C:9]([C:8]1([H:18])[H:19])([H:20])[H:21])([H:11])[C:2](=[O:1])[O:3][H:10])([H:12])[H:13])([H:14])[H:15])[H:17],25.0,10.0
1,0.6350523809523809,AM1BCC,AmberTools,,,C,,2,[H:16][C:7]1([C:6]([C:5]([C:4]([C:9]([C:8]1([H:18])[H:19])([H:20])[H:21])([H:11])[C:2](=[O:1])[O:3][H:10])([H:12])[H:13])([H:14])[H:15])[H:17],25.0,10.0
2,-0.612147619047619,AM1BCC,AmberTools,,,O,,3,[H:16][C:7]1([C:6]([C:5]([C:4]([C:9]([C:8]1([H:18])[H:19])([H:20])[H:21])([H:11])[C:2](=[O:1])[O:3][H:10])([H:12])[H:13])([H:14])[H:15])[H:17],25.0,10.0
3,-0.10174761904761905,AM1BCC,AmberTools,,,C,,4,[H:16][C:7]1([C:6]([C:5]([C:4]([C:9]([C:8]1([H:18])[H:19])([H:20])[H:21])([H:11])[C:2](=[O:1])[O:3][H:10])([H:12])[H:13])([H:14])[H:15])[H:17],25.0,10.0
4,-0.07244761904761905,AM1BCC,AmberTools,,,C,,5,[H:16][C:7]1([C:6]([C:5]([C:4]([C:9]([C:8]1([H:18])[H:19])([H:20])[H:21])([H:11])[C:2](=[O:1])[O:3][H:10])([H:12])[H:13])([H:14])[H:15])[H:17],25.0,10.0
5,-0.07544761904761904,AM1BCC,AmberTools,,,C,,6,[H:16][C:7]1([C:6]([C:5]([C:4]([C:9]([C:8]1([H:18])[H:19])([H:20])[H:21])([H:11])[C:2](=[O:1])[O:3][H:10])([H:12])[H:13])([H:14])[H:15])[H:17],25.0,10.0
6,-0.07944761904761904,AM1BCC,AmberTools,,,C,,7,[H:16][C:7]1([C:6]([C:5]([C:4]([C:9]([C:8]1([H:18])[H:19])([H:20])[H:21])([H:11])[C:2](=[O:1])[O:3][H:10])([H:12])[H:13])([H:14])[H:15])[H:17],25.0,10.0
7,-0.07544761904761904,AM1BCC,AmberTools,,,C,,8,[H:16][C:7]1([C:6]([C:5]([C:4]([C:9]([C:8]1([H:18])[H:19])([H:20])[H:21])([H:11])[C:2](=[O:1])[O:3][H:10])([H:12])[H:13])([H:14])[H:15])[H:17],25.0,10.0
8,-0.07244761904761905,AM1BCC,AmberTools,,,C,,9,[H:16][C:7]1([C:6]([C:5]([C:4]([C:9]([C:8]1([H:18])[H:19])([H:20])[H:21])([H:11])[C:2](=[O:1])[O:3][H:10])([H:12])[H:13])([H:14])[H:15])[H:17],25.0,10.0
9,0.442952380952381,AM1BCC,AmberTools,,,H,,10,[H:16][C:7]1([C:6]([C:5]([C:4]([C:9]([C:8]1([H:18])[H:19])([H:20])[H:21])([H:11])[C:2](=[O:1])[O:3][H:10])([H:12])[H:13])([H:14])[H:15])[H:17],25.0,10.0
10,0.07965238095238095,AM1BCC,AmberTools,,,H,,11,[H:16][C:7]1([C:6]([C:5]([C:4]([C:9]([C:8]1([H:18])[H:19])([H:20])[H:21])([H:11])[C:2](=[O:1])[O:3][H:10])([H:12])[H:13])([H:14])[H:15])[H:17],25.0,10.0
11,0.056152380952380954,AM1BCC,AmberTools,,,H,,12,[H:16][C:7]1([C:6]([C:5]([C:4]([C:9]([C:8]1([H:18])[H:19])([H:20])[H:21])([H:11])[C:2](=[O:1])[O:3][H:10])([H:12])[H:13])([H:14])[H:15])[H:17],25.0,10.0
12,0.056152380952380954,AM1BCC,AmberTools,,,H,,13,[H:16][C:7]1([C:6]([C:5]([C:4]([C:9]([C:8]1([H:18])[H:19])([H:20])[H:21])([H:11])[C:2](=[O:1])[O:3][H:10])([H:12])[H:13])([H:14])[H:15])[H:17],25.0,10.0
13,0.04440238095238096,AM1BCC,AmberTools,,,H,,14,[H:16][C:7]1([C:6]([C:5]([C:4]([C:9]([C:8]1([H:18])[H:19])([H:20])[H:21])([H:11])[C:2](=[O:1])[O:3][H:10])([H:12])[H:13])([H:14])[H:15])[H:17],25.0,10.0
14,0.04440238095238096,AM1BCC,AmberTools,,,H,,15,[H:16][C:7]1([C:6]([C:5]([C:4]([C:9]([C:8]1([H:18])[H:19])([H:20])[H:21])([H:11])[C:2](=[O:1])[O:3][H:10])([H:12])[H:13])([H:14])[H:15])[H:17],25.0,10.0
15,0.04015238095238095,AM1BCC,AmberTools,,,H,,16,[H:16][C:7]1([C:6]([C:5]([C:4]([C:9]([C:8]1([H:18])[H:19])([H:20])[H:21])([H:11])[C:2](=[O:1])[O:3][H:10])([H:12])[H:13])([H:14])[H:15])[H:17],25.0,10.0
16,0.04015238095238095,AM1BCC,AmberTools,,,H,,17,[H:16][C:7]1([C:6]([C:5]([C:4]([C:9]([C:8]1([H:18])[H:19])([H:20])[H:21])([H:11])[C:2](=[O:1])[O:3][H:10])([H:12])[H:13])([H:14])[H:15])[H:17],25.0,10.0
17,0.04440238095238096,AM1BCC,AmberTools,,,H,,18,[H:16][C:7]1([C:6]([C:5]([C:4]([C:9]([C:8]1([H:18])[H:19])([H:20])[H:21])([H:11])[C:2](=[O:1])[O:3][H:10])([H:12])[H:13])([H:14])[H:15])[H:17],25.0,10.0
18,0.04440238095238096,AM1BCC,AmberTools,,,H,,19,[H:16][C:7]1([C:6]([C:5]([C:4]([C:9]([C:8]1([H:18])[H:19])([H:20])[H:21])([H:11])[C:2](=[O:1])[O:3][H:10])([H:12])[H:13])([H:14])[H:15])[H:17],25.0,10.0
19,0.056152380952380954,AM1BCC,AmberTools,,,H,,20,[H:16][C:7]1([C:6]([C:5]([C:4]([C:9]([C:8]1([H:18])[H:19])([H:20])[H:21])([H:11])[C:2](=[O:1])[O:3][H:10])([H:12])[H:13])([H:14])[H:15])[H:17],25.0,10.0
20,0.056152380952380954,AM1BCC,AmberTools,,,H,,21,[H:16][C:7]1([C:6]([C:5]([C:4]([C:9]([C:8]1([H:18])[H:19])([H:20])[H:21])([H:11])[C:2](=[O:1])[O:3][H:10])([H:12])[H:13])([H:14])[H:15])[H:17],25.0,10.0
0,-0.5524399883690334,AM1BCC,OpenEye,,,O,,1,[H:16][C:7]1([C:6]([C:5]([C:4]([C:9]([C:8]1([H:18])[H:19])([H:20])[H:21])([H:11])[C:2](=[O:1])[O:3][H:10])([H:12])[H:13])([H:14])[H:15])[H:17],25.0,11.0
1,0.6340600245055699,AM1BCC,OpenEye,,,C,,2,[H:16][C:7]1([C:6]([C:5]([C:4]([C:9]([C:8]1([H:18])[H:19])([H:20])[H:21])([H:11])[C:2](=[O:1])[O:3][H:10])([H:12])[H:13])([H:14])[H:15])[H:17],25.0,11.0
2,-0.6034600145760036,AM1BCC,OpenEye,,,O,,3,[H:16][C:7]1([C:6]([C:5]([C:4]([C:9]([C:8]1([H:18])[H:19])([H:20])[H:21])([H:11])[C:2](=[O:1])[O:3][H:10])([H:12])[H:13])([H:14])[H:15])[H:17],25.0,11.0
3,-0.10566999834208261,AM1BCC,OpenEye,,,C,,4,[H:16][C:7]1([C:6]([C:5]([C:4]([C:9]([C:8]1([H:18])[H:19])([H:20])[H:21])([H:11])[C:2](=[O:1])[O:3][H:10])([H:12])[H:13])([H:14])[H:15])[H:17],25.0,11.0
4,-0.07199999761013758,AM1BCC,OpenEye,,,C,,5,[H:16][C:7]1([C:6]([C:5]([C:4]([C:9]([C:8]1([H:18])[H:19])([H:20])[H:21])([H:11])[C:2](=[O:1])[O:3][H:10])([H:12])[H:13])([H:14])[H:15])[H:17],25.0,11.0
5,-0.07739000093369257,AM1BCC,OpenEye,,,C,,6,[H:16][C:7]1([C:6]([C:5]([C:4]([C:9]([C:8]1([H:18])[H:19])([H:20])[H:21])([H:11])[C:2](=[O:1])[O:3][H:10])([H:12])[H:13])([H:14])[H:15])[H:17],25.0,11.0
6,-0.0799499980750538,AM1BCC,OpenEye,,,C,,7,[H:16][C:7]1([C:6]([C:5]([C:4]([C:9]([C:8]1([H:18])[H:19])([H:20])[H:21])([H:11])[C:2](=[O:1])[O:3][H:10])([H:12])[H:13])([H:14])[H:15])[H:17],25.0,11.0
7,-0.07739000093369257,AM1BCC,OpenEye,,,C,,8,[H:16][C:7]1([C:6]([C:5]([C:4]([C:9]([C:8]1([H:18])[H:19])([H:20])[H:21])([H:11])[C:2](=[O:1])[O:3][H:10])([H:12])[H:13])([H:14])[H:15])[H:17],25.0,11.0
8,-0.07199999761013758,AM1BCC,OpenEye,,,C,,9,[H:16][C:7]1([C:6]([C:5]([C:4]([C:9]([C:8]1([H:18])[H:19])([H:20])[H:21])([H:11])[C:2](=[O:1])[O:3][H:10])([H:12])[H:13])([H:14])[H:15])[H:17],25.0,11.0
9,0.44244998622508275,AM1BCC,OpenEye,,,H,,10,[H:16][C:7]1([C:6]([C:5]([C:4]([C:9]([C:8]1([H:18])[H:19])([H:20])[H:21])([H:11])[C:2](=[O:1])[O:3][H:10])([H:12])[H:13])([H:14])[H:15])[H:17],25.0,11.0
10,0.07972999591202963,AM1BCC,OpenEye,,,H,,11,[H:16][C:7]1([C:6]([C:5]([C:4]([C:9]([C:8]1([H:18])[H:19])([H:20])[H:21])([H:11])[C:2](=[O:1])[O:3][H:10])([H:12])[H:13])([H:14])[H:15])[H:17],25.0,11.0
11,0.05527999926181067,AM1BCC,OpenEye,,,H,,12,[H:16][C:7]1([C:6]([C:5]([C:4]([C:9]([C:8]1([H:18])[H:19])([H:20])[H:21])([H:11])[C:2](=[O:1])[O:3][H:10])([H:12])[H:13])([H:14])[H:15])[H:17],25.0,11.0
12,0.05527999926181067,AM1BCC,OpenEye,,,H,,13,[H:16][C:7]1([C:6]([C:5]([C:4]([C:9]([C:8]1([H:18])[H:19])([H:20])[H:21])([H:11])[C:2](=[O:1])[O:3][H:10])([H:12])[H:13])([H:14])[H:15])[H:17],25.0,11.0
13,0.04541999775738943,AM1BCC,OpenEye,,,H,,14,[H:16][C:7]1([C:6]([C:5]([C:4]([C:9]([C:8]1([H:18])[H:19])([H:20])[H:21])([H:11])[C:2](=[O:1])[O:3][H:10])([H:12])[H:13])([H:14])[H:15])[H:17],25.0,11.0
14,0.04541999775738943,AM1BCC,OpenEye,,,H,,15,[H:16][C:7]1([C:6]([C:5]([C:4]([C:9]([C:8]1([H:18])[H:19])([H:20])[H:21])([H:11])[C:2](=[O:1])[O:3][H:10])([H:12])[H:13])([H:14])[H:15])[H:17],25.0,11.0
15,0.04063000086517561,AM1BCC,OpenEye,,,H,,16,[H:16][C:7]1([C:6]([C:5]([C:4]([C:9]([C:8]1([H:18])[H:19])([H:20])[H:21])([H:11])[C:2](=[O:1])[O:3][H:10])([H:12])[H:13])([H:14])[H:15])[H:17],25.0,11.0
16,0.04063000086517561,AM1BCC,OpenEye,,,H,,17,[H:16][C:7]1([C:6]([C:5]([C:4]([C:9]([C:8]1([H:18])[H:19])([H:20])[H:21])([H:11])[C:2](=[O:1])[O:3][H:10])([H:12])[H:13])([H:14])[H:15])[H:17],25.0,11.0
17,0.04541999775738943,AM1BCC,OpenEye,,,H,,18,[H:16][C:7]1([C:6]([C:5]([C:4]([C:9]([C:8]1([H:18])[H:19])([H:20])[H:21])([H:11])[C:2](=[O:1])[O:3][H:10])([H:12])[H:13])([H:14])[H:15])[H:17],25.0,11.0
18,0.04541999775738943,AM1BCC,OpenEye,,,H,,19,[H:16][C:7]1([C:6]([C:5]([C:4]([C:9]([C:8]1([H:18])[H:19])([H:20])[H:21])([H:11])[C:2](=[O:1])[O:3][H:10])([H:12])[H:13])([H:14])[H:15])[H:17],25.0,11.0
19,0.05527999926181067,AM1BCC,OpenEye,,,H,,20,[H:16][C:7]1([C:6]([C:5]([C:4]([C:9]([C:8]1([H:18])[H:19])([H:20])[H:21])([H:11])[C:2](=[O:1])[O:3][H:10])([H:12])[H:13])([H:14])[H:15])[H:17],25.0,11.0
20,0.05527999926181067,AM1BCC,OpenEye,,,H,,21,[H:16][C:7]1([C:6]([C:5]([C:4]([C:9]([C:8]1([H:18])[H:19])([H:20])[H:21])([H:11])[C:2](=[O:1])[O:3][H:10])([H:12])[H:13])([H:14])[H:15])[H:17],25.0,11.0
0,-0.5510476190476191,AM1BCC,AmberTools,,,O,,1,[H:16][C:7]1([C:6]([C:5]([C:4]([C:9]([C:8]1([H:18])[H:19])([H:20])[H:21])([H:11])[C:2](=[O:1])[O:3][H:10])([H:12])[H:13])([H:14])[H:15])[H:17],25.0,11.0
1,0.6350523809523809,AM1BCC,AmberTools,,,C,,2,[H:16][C:7]1([C:6]([C:5]([C:4]([C:9]([C:8]1([H:18])[H:19])([H:20])[H:21])([H:11])[C:2](=[O:1])[O:3][H:10])([H:12])[H:13])([H:14])[H:15])[H:17],25.0,11.0
2,-0.612147619047619,AM1BCC,AmberTools,,,O,,3,[H:16][C:7]1([C:6]([C:5]([C:4]([C:9]([C:8]1([H:18])[H:19])([H:20])[H:21])([H:11])[C:2](=[O:1])[O:3][H:10])([H:12])[H:13])([H:14])[H:15])[H:17],25.0,11.0
3,-0.10174761904761905,AM1BCC,AmberTools,,,C,,4,[H:16][C:7]1([C:6]([C:5]([C:4]([C:9]([C:8]1([H:18])[H:19])([H:20])[H:21])([H:11])[C:2](=[O:1])[O:3][H:10])([H:12])[H:13])([H:14])[H:15])[H:17],25.0,11.0
4,-0.07244761904761905,AM1BCC,AmberTools,,,C,,5,[H:16][C:7]1([C:6]([C:5]([C:4]([C:9]([C:8]1([H:18])[H:19])([H:20])[H:21])([H:11])[C:2](=[O:1])[O:3][H:10])([H:12])[H:13])([H:14])[H:15])[H:17],25.0,11.0
5,-0.07544761904761904,AM1BCC,AmberTools,,,C,,6,[H:16][C:7]1([C:6]([C:5]([C:4]([C:9]([C:8]1([H:18])[H:19])([H:20])[H:21])([H:11])[C:2](=[O:1])[O:3][H:10])([H:12])[H:13])([H:14])[H:15])[H:17],25.0,11.0
6,-0.07944761904761904,AM1BCC,AmberTools,,,C,,7,[H:16][C:7]1([C:6]([C:5]([C:4]([C:9]([C:8]1([H:18])[H:19])([H:20])[H:21])([H:11])[C:2](=[O:1])[O:3][H:10])([H:12])[H:13])([H:14])[H:15])[H:17],25.0,11.0
7,-0.07544761904761904,AM1BCC,AmberTools,,,C,,8,[H:16][C:7]1([C:6]([C:5]([C:4]([C:9]([C:8]1([H:18])[H:19])([H:20])[H:21])([H:11])[C:2](=[O:1])[O:3][H:10])([H:12])[H:13])([H:14])[H:15])[H:17],25.0,11.0
8,-0.07244761904761905,AM1BCC,AmberTools,,,C,,9,[H:16][C:7]1([C:6]([C:5]([C:4]([C:9]([C:8]1([H:18])[H:19])([H:20])[H:21])([H:11])[C:2](=[O:1])[O:3][H:10])([H:12])[H:13])([H:14])[H:15])[H:17],25.0,11.0
9,0.442952380952381,AM1BCC,AmberTools,,,H,,10,[H:16][C:7]1([C:6]([C:5]([C:4]([C:9]([C:8]1([H:18])[H:19])([H:20])[H:21])([H:11])[C:2](=[O:1])[O:3][H:10])([H:12])[H:13])([H:14])[H:15])[H:17],25.0,11.0
10,0.07965238095238095,AM1BCC,AmberTools,,,H,,11,[H:16][C:7]1([C:6]([C:5]([C:4]([C:9]([C:8]1([H:18])[H:19])([H:20])[H:21])([H:11])[C:2](=[O:1])[O:3][H:10])([H:12])[H:13])([H:14])[H:15])[H:17],25.0,11.0
11,0.056152380952380954,AM1BCC,AmberTools,,,H,,12,[H:16][C:7]1([C:6]([C:5]([C:4]([C:9]([C:8]1([H:18])[H:19])([H:20])[H:21])([H:11])[C:2](=[O:1])[O:3][H:10])([H:12])[H:13])([H:14])[H:15])[H:17],25.0,11.0
12,0.056152380952380954,AM1BCC,AmberTools,,,H,,13,[H:16][C:7]1([C:6]([C:5]([C:4]([C:9]([C:8]1([H:18])[H:19])([H:20])[H:21])([H:11])[C:2](=[O:1])[O:3][H:10])([H:12])[H:13])([H:14])[H:15])[H:17],25.0,11.0
13,0.04440238095238096,AM1BCC,AmberTools,,,H,,14,[H:16][C:7]1([C:6]([C:5]([C:4]([C:9]([C:8]1([H:18])[H:19])([H:20])[H:21])([H:11])[C:2](=[O:1])[O:3][H:10])([H:12])[H:13])([H:14])[H:15])[H:17],25.0,11.0
14,0.04440238095238096,AM1BCC,AmberTools,,,H,,15,[H:16][C:7]1([C:6]([C:5]([C:4]([C:9]([C:8]1([H:18])[H:19])([H:20])[H:21])([H:11])[C:2](=[O:1])[O:3][H:10])([H:12])[H:13])([H:14])[H:15])[H:17],25.0,11.0
15,0.04015238095238095,AM1BCC,AmberTools,,,H,,16,[H:16][C:7]1([C:6]([C:5]([C:4]([C:9]([C:8]1([H:18])[H:19])([H:20])[H:21])([H:11])[C:2](=[O:1])[O:3][H:10])([H:12])[H:13])([H:14])[H:15])[H:17],25.0,11.0
16,0.04015238095238095,AM1BCC,AmberTools,,,H,,17,[H:16][C:7]1([C:6]([C:5]([C:4]([C:9]([C:8]1([H:18])[H:19])([H:20])[H:21])([H:11])[C:2](=[O:1])[O:3][H:10])([H:12])[H:13])([H:14])[H:15])[H:17],25.0,11.0
17,0.04440238095238096,AM1BCC,AmberTools,,,H,,18,[H:16][C:7]1([C:6]([C:5]([C:4]([C:9]([C:8]1([H:18])[H:19])([H:20])[H:21])([H:11])[C:2](=[O:1])[O:3][H:10])([H:12])[H:13])([H:14])[H:15])[H:17],25.0,11.0
18,0.04440238095238096,AM1BCC,AmberTools,,,H,,19,[H:16][C:7]1([C:6]([C:5]([C:4]([C:9]([C:8]1([H:18])[H:19])([H:20])[H:21])([H:11])[C:2](=[O:1])[O:3][H:10])([H:12])[H:13])([H:14])[H:15])[H:17],25.0,11.0
19,0.056152380952380954,AM1BCC,AmberTools,,,H,,20,[H:16][C:7]1([C:6]([C:5]([C:4]([C:9]([C:8]1([H:18])[H:19])([H:20])[H:21])([H:11])[C:2](=[O:1])[O:3][H:10])([H:12])[H:13])([H:14])[H:15])[H:17],25.0,11.0
20,0.056152380952380954,AM1BCC,AmberTools,,,H,,21,[H:16][C:7]1([C:6]([C:5]([C:4]([C:9]([C:8]1([H:18])[H:19])([H:20])[H:21])([H:11])[C:2](=[O:1])[O:3][H:10])([H:12])[H:13])([H:14])[H:15])[H:17],25.0,11.0
0,-0.5524399880142439,AM1BCC,OpenEye,,,O,,1,[H:16][C:7]1([C:6]([C:5]([C:4]([C:9]([C:8]1([H:18])[H:19])([H:20])[H:21])([H:11])[C:2](=[O:1])[O:3][H:10])([H:12])[H:13])([H:14])[H:15])[H:17],25.0,12.0
1,0.6340600248603594,AM1BCC,OpenEye,,,C,,2,[H:16][C:7]1([C:6]([C:5]([C:4]([C:9]([C:8]1([H:18])[H:19])([H:20])[H:21])([H:11])[C:2](=[O:1])[O:3][H:10])([H:12])[H:13])([H:14])[H:15])[H:17],25.0,12.0
2,-0.6034600142212141,AM1BCC,OpenEye,,,O,,3,[H:16][C:7]1([C:6]([C:5]([C:4]([C:9]([C:8]1([H:18])[H:19])([H:20])[H:21])([H:11])[C:2](=[O:1])[O:3][H:10])([H:12])[H:13])([H:14])[H:15])[H:17],25.0,12.0
3,-0.10566999798729307,AM1BCC,OpenEye,,,C,,4,[H:16][C:7]1([C:6]([C:5]([C:4]([C:9]([C:8]1([H:18])[H:19])([H:20])[H:21])([H:11])[C:2](=[O:1])[O:3][H:10])([H:12])[H:13])([H:14])[H:15])[H:17],25.0,12.0
4,-0.07199999725534803,AM1BCC,OpenEye,,,C,,5,[H:16][C:7]1([C:6]([C:5]([C:4]([C:9]([C:8]1([H:18])[H:19])([H:20])[H:21])([H:11])[C:2](=[O:1])[O:3][H:10])([H:12])[H:13])([H:14])[H:15])[H:17],25.0,12.0
5,-0.07739000057890302,AM1BCC,OpenEye,,,C,,6,[H:16][C:7]1([C:6]([C:5]([C:4]([C:9]([C:8]1([H:18])[H:19])([H:20])[H:21])([H:11])[C:2](=[O:1])[O:3][H:10])([H:12])[H:13])([H:14])[H:15])[H:17],25.0,12.0
6,-0.07998999988748914,AM1BCC,OpenEye,,,C,,7,[H:16][C:7]1([C:6]([C:5]([C:4]([C:9]([C:8]1([H:18])[H:19])([H:20])[H:21])([H:11])[C:2](=[O:1])[O:3][H:10])([H:12])[H:13])([H:14])[H:15])[H:17],25.0,12.0
7,-0.07739000057890302,AM1BCC,OpenEye,,,C,,8,[H:16][C:7]1([C:6]([C:5]([C:4]([C:9]([C:8]1([H:18])[H:19])([H:20])[H:21])([H:11])[C:2](=[O:1])[O:3][H:10])([H:12])[H:13])([H:14])[H:15])[H:17],25.0,12.0
8,-0.07199999725534803,AM1BCC,OpenEye,,,C,,9,[H:16][C:7]1([C:6]([C:5]([C:4]([C:9]([C:8]1([H:18])[H:19])([H:20])[H:21])([H:11])[C:2](=[O:1])[O:3][H:10])([H:12])[H:13])([H:14])[H:15])[H:17],25.0,12.0
9,0.44244998657987233,AM1BCC,OpenEye,,,H,,10,[H:16][C:7]1([C:6]([C:5]([C:4]([C:9]([C:8]1([H:18])[H:19])([H:20])[H:21])([H:11])[C:2](=[O:1])[O:3][H:10])([H:12])[H:13])([H:14])[H:15])[H:17],25.0,12.0
10,0.07972999626681918,AM1BCC,OpenEye,,,H,,11,[H:16][C:7]1([C:6]([C:5]([C:4]([C:9]([C:8]1([H:18])[H:19])([H:20])[H:21])([H:11])[C:2](=[O:1])[O:3][H:10])([H:12])[H:13])([H:14])[H:15])[H:17],25.0,12.0
11,0.05528999829576129,AM1BCC,OpenEye,,,H,,12,[H:16][C:7]1([C:6]([C:5]([C:4]([C:9]([C:8]1([H:18])[H:19])([H:20])[H:21])([H:11])[C:2](=[O:1])[O:3][H:10])([H:12])[H:13])([H:14])[H:15])[H:17],25.0,12.0
12,0.05528999829576129,AM1BCC,OpenEye,,,H,,13,[H:16][C:7]1([C:6]([C:5]([C:4]([C:9]([C:8]1([H:18])[H:19])([H:20])[H:21])([H:11])[C:2](=[O:1])[O:3][H:10])([H:12])[H:13])([H:14])[H:15])[H:17],25.0,12.0
13,0.045419998112178984,AM1BCC,OpenEye,,,H,,14,[H:16][C:7]1([C:6]([C:5]([C:4]([C:9]([C:8]1([H:18])[H:19])([H:20])[H:21])([H:11])[C:2](=[O:1])[O:3][H:10])([H:12])[H:13])([H:14])[H:15])[H:17],25.0,12.0
14,0.045419998112178984,AM1BCC,OpenEye,,,H,,15,[H:16][C:7]1([C:6]([C:5]([C:4]([C:9]([C:8]1([H:18])[H:19])([H:20])[H:21])([H:11])[C:2](=[O:1])[O:3][H:10])([H:12])[H:13])([H:14])[H:15])[H:17],25.0,12.0
15,0.04063000121996516,AM1BCC,OpenEye,,,H,,16,[H:16][C:7]1([C:6]([C:5]([C:4]([C:9]([C:8]1([H:18])[H:19])([H:20])[H:21])([H:11])[C:2](=[O:1])[O:3][H:10])([H:12])[H:13])([H:14])[H:15])[H:17],25.0,12.0
16,0.04063000121996516,AM1BCC,OpenEye,,,H,,17,[H:16][C:7]1([C:6]([C:5]([C:4]([C:9]([C:8]1([H:18])[H:19])([H:20])[H:21])([H:11])[C:2](=[O:1])[O:3][H:10])([H:12])[H:13])([H:14])[H:15])[H:17],25.0,12.0
17,0.045419998112178984,AM1BCC,OpenEye,,,H,,18,[H:16][C:7]1([C:6]([C:5]([C:4]([C:9]([C:8]1([H:18])[H:19])([H:20])[H:21])([H:11])[C:2](=[O:1])[O:3][H:10])([H:12])[H:13])([H:14])[H:15])[H:17],25.0,12.0
18,0.045419998112178984,AM1BCC,OpenEye,,,H,,19,[H:16][C:7]1([C:6]([C:5]([C:4]([C:9]([C:8]1([H:18])[H:19])([H:20])[H:21])([H:11])[C:2](=[O:1])[O:3][H:10])([H:12])[H:13])([H:14])[H:15])[H:17],25.0,12.0
19,0.05528999829576129,AM1BCC,OpenEye,,,H,,20,[H:16][C:7]1([C:6]([C:5]([C:4]([C:9]([C:8]1([H:18])[H:19])([H:20])[H:21])([H:11])[C:2](=[O:1])[O:3][H:10])([H:12])[H:13])([H:14])[H:15])[H:17],25.0,12.0
20,0.05528999829576129,AM1BCC,OpenEye,,,H,,21,[H:16][C:7]1([C:6]([C:5]([C:4]([C:9]([C:8]1([H:18])[H:19])([H:20])[H:21])([H:11])[C:2](=[O:1])[O:3][H:10])([H:12])[H:13])([H:14])[H:15])[H:17],25.0,12.0
0,-0.5510476190476191,AM1BCC,AmberTools,,,O,,1,[H:16][C:7]1([C:6]([C:5]([C:4]([C:9]([C:8]1([H:18])[H:19])([H:20])[H:21])([H:11])[C:2](=[O:1])[O:3][H:10])([H:12])[H:13])([H:14])[H:15])[H:17],25.0,12.0
1,0.6350523809523809,AM1BCC,AmberTools,,,C,,2,[H:16][C:7]1([C:6]([C:5]([C:4]([C:9]([C:8]1([H:18])[H:19])([H:20])[H:21])([H:11])[C:2](=[O:1])[O:3][H:10])([H:12])[H:13])([H:14])[H:15])[H:17],25.0,12.0
2,-0.612147619047619,AM1BCC,AmberTools,,,O,,3,[H:16][C:7]1([C:6]([C:5]([C:4]([C:9]([C:8]1([H:18])[H:19])([H:20])[H:21])([H:11])[C:2](=[O:1])[O:3][H:10])([H:12])[H:13])([H:14])[H:15])[H:17],25.0,12.0
3,-0.10174761904761905,AM1BCC,AmberTools,,,C,,4,[H:16][C:7]1([C:6]([C:5]([C:4]([C:9]([C:8]1([H:18])[H:19])([H:20])[H:21])([H:11])[C:2](=[O:1])[O:3][H:10])([H:12])[H:13])([H:14])[H:15])[H:17],25.0,12.0
4,-0.07244761904761905,AM1BCC,AmberTools,,,C,,5,[H:16][C:7]1([C:6]([C:5]([C:4]([C:9]([C:8]1([H:18])[H:19])([H:20])[H:21])([H:11])[C:2](=[O:1])[O:3][H:10])([H:12])[H:13])([H:14])[H:15])[H:17],25.0,12.0
5,-0.07544761904761904,AM1BCC,AmberTools,,,C,,6,[H:16][C:7]1([C:6]([C:5]([C:4]([C:9]([C:8]1([H:18])[H:19])([H:20])[H:21])([H:11])[C:2](=[O:1])[O:3][H:10])([H:12])[H:13])([H:14])[H:15])[H:17],25.0,12.0
6,-0.07944761904761904,AM1BCC,AmberTools,,,C,,7,[H:16][C:7]1([C:6]([C:5]([C:4]([C:9]([C:8]1([H:18])[H:19])([H:20])[H:21])([H:11])[C:2](=[O:1])[O:3][H:10])([H:12])[H:13])([H:14])[H:15])[H:17],25.0,12.0
7,-0.07544761904761904,AM1BCC,AmberTools,,,C,,8,[H:16][C:7]1([C:6]([C:5]([C:4]([C:9]([C:8]1([H:18])[H:19])([H:20])[H:21])([H:11])[C:2](=[O:1])[O:3][H:10])([H:12])[H:13])([H:14])[H:15])[H:17],25.0,12.0
8,-0.07244761904761905,AM1BCC,AmberTools,,,C,,9,[H:16][C:7]1([C:6]([C:5]([C:4]([C:9]([C:8]1([H:18])[H:19])([H:20])[H:21])([H:11])[C:2](=[O:1])[O:3][H:10])([H:12])[H:13])([H:14])[H:15])[H:17],25.0,12.0
9,0.442952380952381,AM1BCC,AmberTools,,,H,,10,[H:16][C:7]1([C:6]([C:5]([C:4]([C:9]([C:8]1([H:18])[H:19])([H:20])[H:21])([H:11])[C:2](=[O:1])[O:3][H:10])([H:12])[H:13])([H:14])[H:15])[H:17],25.0,12.0
10,0.07965238095238095,AM1BCC,AmberTools,,,H,,11,[H:16][C:7]1([C:6]([C:5]([C:4]([C:9]([C:8]1([H:18])[H:19])([H:20])[H:21])([H:11])[C:2](=[O:1])[O:3][H:10])([H:12])[H:13])([H:14])[H:15])[H:17],25.0,12.0
11,0.056152380952380954,AM1BCC,AmberTools,,,H,,12,[H:16][C:7]1([C:6]([C:5]([C:4]([C:9]([C:8]1([H:18])[H:19])([H:20])[H:21])([H:11])[C:2](=[O:1])[O:3][H:10])([H:12])[H:13])([H:14])[H:15])[H:17],25.0,12.0
12,0.056152380952380954,AM1BCC,AmberTools,,,H,,13,[H:16][C:7]1([C:6]([C:5]([C:4]([C:9]([C:8]1([H:18])[H:19])([H:20])[H:21])([H:11])[C:2](=[O:1])[O:3][H:10])([H:12])[H:13])([H:14])[H:15])[H:17],25.0,12.0
13,0.04440238095238096,AM1BCC,AmberTools,,,H,,14,[H:16][C:7]1([C:6]([C:5]([C:4]([C:9]([C:8]1([H:18])[H:19])([H:20])[H:21])([H:11])[C:2](=[O:1])[O:3][H:10])([H:12])[H:13])([H:14])[H:15])[H:17],25.0,12.0
14,0.04440238095238096,AM1BCC,AmberTools,,,H,,15,[H:16][C:7]1([C:6]([C:5]([C:4]([C:9]([C:8]1([H:18])[H:19])([H:20])[H:21])([H:11])[C:2](=[O:1])[O:3][H:10])([H:12])[H:13])([H:14])[H:15])[H:17],25.0,12.0
15,0.04015238095238095,AM1BCC,AmberTools,,,H,,16,[H:16][C:7]1([C:6]([C:5]([C:4]([C:9]([C:8]1([H:18])[H:19])([H:20])[H:21])([H:11])[C:2](=[O:1])[O:3][H:10])([H:12])[H:13])([H:14])[H:15])[H:17],25.0,12.0
16,0.04015238095238095,AM1BCC,AmberTools,,,H,,17,[H:16][C:7]1([C:6]([C:5]([C:4]([C:9]([C:8]1([H:18])[H:19])([H:20])[H:21])([H:11])[C:2](=[O:1])[O:3][H:10])([H:12])[H:13])([H:14])[H:15])[H:17],25.0,12.0
17,0.04440238095238096,AM1BCC,AmberTools,,,H,,18,[H:16][C:7]1([C:6]([C:5]([C:4]([C:9]([C:8]1([H:18])[H:19])([H:20])[H:21])([H:11])[C:2](=[O:1])[O:3][H:10])([H:12])[H:13])([H:14])[H:15])[H:17],25.0,12.0
18,0.04440238095238096,AM1BCC,AmberTools,,,H,,19,[H:16][C:7]1([C:6]([C:5]([C:4]([C:9]([C:8]1([H:18])[H:19])([H:20])[H:21])([H:11])[C:2](=[O:1])[O:3][H:10])([H:12])[H:13])([H:14])[H:15])[H:17],25.0,12.0
19,0.056152380952380954,AM1BCC,AmberTools,,,H,,20,[H:16][C:7]1([C:6]([C:5]([C:4]([C:9]([C:8]1([H:18])[H:19])([H:20])[H:21])([H:11])[C:2](=[O:1])[O:3][H:10])([H:12])[H:13])([H:14])[H:15])[H:17],25.0,12.0
20,0.056152380952380954,AM1BCC,AmberTools,,,H,,21,[H:16][C:7]1([C:6]([C:5]([C:4]([C:9]([C:8]1([H:18])[H:19])([H:20])[H:21])([H:11])[C:2](=[O:1])[O:3][H:10])([H:12])[H:13])([H:14])[H:15])[H:17],25.0,12.0
0,-0.5565500252303623,AM1BCC,OpenEye,,,O,,1,[H:16][C:7]1([C:6]([C:5]([C:4]([C:9]([C:8]1([H:18])[H:19])([H:20])[H:21])([H:11])[C:2](=[O:1])[O:3][H:10])([H:12])[H:13])([H:14])[H:15])[H:17],26.0,1.0
1,0.6354200251045681,AM1BCC,OpenEye,,,C,,2,[H:16][C:7]1([C:6]([C:5]([C:4]([C:9]([C:8]1([H:18])[H:19])([H:20])[H:21])([H:11])[C:2](=[O:1])[O:3][H:10])([H:12])[H:13])([H:14])[H:15])[H:17],26.0,1.0
2,-0.6030499928054356,AM1BCC,OpenEye,,,O,,3,[H:16][C:7]1([C:6]([C:5]([C:4]([C:9]([C:8]1([H:18])[H:19])([H:20])[H:21])([H:11])[C:2](=[O:1])[O:3][H:10])([H:12])[H:13])([H:14])[H:15])[H:17],26.0,1.0
3,-0.09982000220389593,AM1BCC,OpenEye,,,C,,4,[H:16][C:7]1([C:6]([C:5]([C:4]([C:9]([C:8]1([H:18])[H:19])([H:20])[H:21])([H:11])[C:2](=[O:1])[O:3][H:10])([H:12])[H:13])([H:14])[H:15])[H:17],26.0,1.0
4,-0.07511000264258612,AM1BCC,OpenEye,,,C,,5,[H:16][C:7]1([C:6]([C:5]([C:4]([C:9]([C:8]1([H:18])[H:19])([H:20])[H:21])([H:11])[C:2](=[O:1])[O:3][H:10])([H:12])[H:13])([H:14])[H:15])[H:17],26.0,1.0
5,-0.07738000083537329,AM1BCC,OpenEye,,,C,,6,[H:16][C:7]1([C:6]([C:5]([C:4]([C:9]([C:8]1([H:18])[H:19])([H:20])[H:21])([H:11])[C:2](=[O:1])[O:3][H:10])([H:12])[H:13])([H:14])[H:15])[H:17],26.0,1.0
6,-0.08506999838919867,AM1BCC,OpenEye,,,C,,7,[H:16][C:7]1([C:6]([C:5]([C:4]([C:9]([C:8]1([H:18])[H:19])([H:20])[H:21])([H:11])[C:2](=[O:1])[O:3][H:10])([H:12])[H:13])([H:14])[H:15])[H:17],26.0,1.0
7,-0.07738000083537329,AM1BCC,OpenEye,,,C,,8,[H:16][C:7]1([C:6]([C:5]([C:4]([C:9]([C:8]1([H:18])[H:19])([H:20])[H:21])([H:11])[C:2](=[O:1])[O:3][H:10])([H:12])[H:13])([H:14])[H:15])[H:17],26.0,1.0
8,-0.07511000264258612,AM1BCC,OpenEye,,,C,,9,[H:16][C:7]1([C:6]([C:5]([C:4]([C:9]([C:8]1([H:18])[H:19])([H:20])[H:21])([H:11])[C:2](=[O:1])[O:3][H:10])([H:12])[H:13])([H:14])[H:15])[H:17],26.0,1.0
9,0.44273999404339565,AM1BCC,OpenEye,,,H,,10,[H:16][C:7]1([C:6]([C:5]([C:4]([C:9]([C:8]1([H:18])[H:19])([H:20])[H:21])([H:11])[C:2](=[O:1])[O:3][H:10])([H:12])[H:13])([H:14])[H:15])[H:17],26.0,1.0
10,0.07903000038294565,AM1BCC,OpenEye,,,H,,11,[H:16][C:7]1([C:6]([C:5]([C:4]([C:9]([C:8]1([H:18])[H:19])([H:20])[H:21])([H:11])[C:2](=[O:1])[O:3][H:10])([H:12])[H:13])([H:14])[H:15])[H:17],26.0,1.0
11,0.056340002233073824,AM1BCC,OpenEye,,,H,,12,[H:16][C:7]1([C:6]([C:5]([C:4]([C:9]([C:8]1([H:18])[H:19])([H:20])[H:21])([H:11])[C:2](=[O:1])[O:3][H:10])([H:12])[H:13])([H:14])[H:15])[H:17],26.0,1.0
12,0.056340002233073824,AM1BCC,OpenEye,,,H,,13,[H:16][C:7]1([C:6]([C:5]([C:4]([C:9]([C:8]1([H:18])[H:19])([H:20])[H:21])([H:11])[C:2](=[O:1])[O:3][H:10])([H:12])[H:13])([H:14])[H:15])[H:17],26.0,1.0
13,0.04225999932913553,AM1BCC,OpenEye,,,H,,14,[H:16][C:7]1([C:6]([C:5]([C:4]([C:9]([C:8]1([H:18])[H:19])([H:20])[H:21])([H:11])[C:2](=[O:1])[O:3][H:10])([H:12])[H:13])([H:14])[H:15])[H:17],26.0,1.0
14,0.04225999932913553,AM1BCC,OpenEye,,,H,,15,[H:16][C:7]1([C:6]([C:5]([C:4]([C:9]([C:8]1([H:18])[H:19])([H:20])[H:21])([H:11])[C:2](=[O:1])[O:3][H:10])([H:12])[H:13])([H:14])[H:15])[H:17],26.0,1.0
15,0.048939999902532214,AM1BCC,OpenEye,,,H,,16,[H:16][C:7]1([C:6]([C:5]([C:4]([C:9]([C:8]1([H:18])[H:19])([H:20])[H:21])([H:11])[C:2](=[O:1])[O:3][H:10])([H:12])[H:13])([H:14])[H:15])[H:17],26.0,1.0
16,0.048939999902532214,AM1BCC,OpenEye,,,H,,17,[H:16][C:7]1([C:6]([C:5]([C:4]([C:9]([C:8]1([H:18])[H:19])([H:20])[H:21])([H:11])[C:2](=[O:1])[O:3][H:10])([H:12])[H:13])([H:14])[H:15])[H:17],26.0,1.0
17,0.04225999932913553,AM1BCC,OpenEye,,,H,,18,[H:16][C:7]1([C:6]([C:5]([C:4]([C:9]([C:8]1([H:18])[H:19])([H:20])[H:21])([H:11])[C:2](=[O:1])[O:3][H:10])([H:12])[H:13])([H:14])[H:15])[H:17],26.0,1.0
18,0.04225999932913553,AM1BCC,OpenEye,,,H,,19,[H:16][C:7]1([C:6]([C:5]([C:4]([C:9]([C:8]1([H:18])[H:19])([H:20])[H:21])([H:11])[C:2](=[O:1])[O:3][H:10])([H:12])[H:13])([H:14])[H:15])[H:17],26.0,1.0
19,0.056340002233073824,AM1BCC,OpenEye,,,H,,20,[H:16][C:7]1([C:6]([C:5]([C:4]([C:9]([C:8]1([H:18])[H:19])([H:20])[H:21])([H:11])[C:2](=[O:1])[O:3][H:10])([H:12])[H:13])([H:14])[H:15])[H:17],26.0,1.0
20,0.056340002233073824,AM1BCC,OpenEye,,,H,,21,[H:16][C:7]1([C:6]([C:5]([C:4]([C:9]([C:8]1([H:18])[H:19])([H:20])[H:21])([H:11])[C:2](=[O:1])[O:3][H:10])([H:12])[H:13])([H:14])[H:15])[H:17],26.0,1.0
0,-0.551,AM1BCC,AmberTools,,,O,,1,[H:16][C:7]1([C:6]([C:5]([C:4]([C:9]([C:8]1([H:18])[H:19])([H:20])[H:21])([H:11])[C:2](=[O:1])[O:3][H:10])([H:12])[H:13])([H:14])[H:15])[H:17],26.0,1.0
1,0.6361,AM1BCC,AmberTools,,,C,,2,[H:16][C:7]1([C:6]([C:5]([C:4]([C:9]([C:8]1([H:18])[H:19])([H:20])[H:21])([H:11])[C:2](=[O:1])[O:3][H:10])([H:12])[H:13])([H:14])[H:15])[H:17],26.0,1.0
2,-0.6111,AM1BCC,AmberTools,,,O,,3,[H:16][C:7]1([C:6]([C:5]([C:4]([C:9]([C:8]1([H:18])[H:19])([H:20])[H:21])([H:11])[C:2](=[O:1])[O:3][H:10])([H:12])[H:13])([H:14])[H:15])[H:17],26.0,1.0
3,-0.1037,AM1BCC,AmberTools,,,C,,4,[H:16][C:7]1([C:6]([C:5]([C:4]([C:9]([C:8]1([H:18])[H:19])([H:20])[H:21])([H:11])[C:2](=[O:1])[O:3][H:10])([H:12])[H:13])([H:14])[H:15])[H:17],26.0,1.0
4,-0.0719,AM1BCC,AmberTools,,,C,,5,[H:16][C:7]1([C:6]([C:5]([C:4]([C:9]([C:8]1([H:18])[H:19])([H:20])[H:21])([H:11])[C:2](=[O:1])[O:3][H:10])([H:12])[H:13])([H:14])[H:15])[H:17],26.0,1.0
5,-0.0784,AM1BCC,AmberTools,,,C,,6,[H:16][C:7]1([C:6]([C:5]([C:4]([C:9]([C:8]1([H:18])[H:19])([H:20])[H:21])([H:11])[C:2](=[O:1])[O:3][H:10])([H:12])[H:13])([H:14])[H:15])[H:17],26.0,1.0
6,-0.0774,AM1BCC,AmberTools,,,C,,7,[H:16][C:7]1([C:6]([C:5]([C:4]([C:9]([C:8]1([H:18])[H:19])([H:20])[H:21])([H:11])[C:2](=[O:1])[O:3][H:10])([H:12])[H:13])([H:14])[H:15])[H:17],26.0,1.0
7,-0.0784,AM1BCC,AmberTools,,,C,,8,[H:16][C:7]1([C:6]([C:5]([C:4]([C:9]([C:8]1([H:18])[H:19])([H:20])[H:21])([H:11])[C:2](=[O:1])[O:3][H:10])([H:12])[H:13])([H:14])[H:15])[H:17],26.0,1.0
8,-0.0719,AM1BCC,AmberTools,,,C,,9,[H:16][C:7]1([C:6]([C:5]([C:4]([C:9]([C:8]1([H:18])[H:19])([H:20])[H:21])([H:11])[C:2](=[O:1])[O:3][H:10])([H:12])[H:13])([H:14])[H:15])[H:17],26.0,1.0
9,0.442,AM1BCC,AmberTools,,,H,,10,[H:16][C:7]1([C:6]([C:5]([C:4]([C:9]([C:8]1([H:18])[H:19])([H:20])[H:21])([H:11])[C:2](=[O:1])[O:3][H:10])([H:12])[H:13])([H:14])[H:15])[H:17],26.0,1.0
10,0.0807,AM1BCC,AmberTools,,,H,,11,[H:16][C:7]1([C:6]([C:5]([C:4]([C:9]([C:8]1([H:18])[H:19])([H:20])[H:21])([H:11])[C:2](=[O:1])[O:3][H:10])([H:12])[H:13])([H:14])[H:15])[H:17],26.0,1.0
11,0.05445,AM1BCC,AmberTools,,,H,,12,[H:16][C:7]1([C:6]([C:5]([C:4]([C:9]([C:8]1([H:18])[H:19])([H:20])[H:21])([H:11])[C:2](=[O:1])[O:3][H:10])([H:12])[H:13])([H:14])[H:15])[H:17],26.0,1.0
12,0.05445,AM1BCC,AmberTools,,,H,,13,[H:16][C:7]1([C:6]([C:5]([C:4]([C:9]([C:8]1([H:18])[H:19])([H:20])[H:21])([H:11])[C:2](=[O:1])[O:3][H:10])([H:12])[H:13])([H:14])[H:15])[H:17],26.0,1.0
13,0.0462,AM1BCC,AmberTools,,,H,,14,[H:16][C:7]1([C:6]([C:5]([C:4]([C:9]([C:8]1([H:18])[H:19])([H:20])[H:21])([H:11])[C:2](=[O:1])[O:3][H:10])([H:12])[H:13])([H:14])[H:15])[H:17],26.0,1.0
14,0.0462,AM1BCC,AmberTools,,,H,,15,[H:16][C:7]1([C:6]([C:5]([C:4]([C:9]([C:8]1([H:18])[H:19])([H:20])[H:21])([H:11])[C:2](=[O:1])[O:3][H:10])([H:12])[H:13])([H:14])[H:15])[H:17],26.0,1.0
15,0.0412,AM1BCC,AmberTools,,,H,,16,[H:16][C:7]1([C:6]([C:5]([C:4]([C:9]([C:8]1([H:18])[H:19])([H:20])[H:21])([H:11])[C:2](=[O:1])[O:3][H:10])([H:12])[H:13])([H:14])[H:15])[H:17],26.0,1.0
16,0.0412,AM1BCC,AmberTools,,,H,,17,[H:16][C:7]1([C:6]([C:5]([C:4]([C:9]([C:8]1([H:18])[H:19])([H:20])[H:21])([H:11])[C:2](=[O:1])[O:3][H:10])([H:12])[H:13])([H:14])[H:15])[H:17],26.0,1.0
17,0.0462,AM1BCC,AmberTools,,,H,,18,[H:16][C:7]1([C:6]([C:5]([C:4]([C:9]([C:8]1([H:18])[H:19])([H:20])[H:21])([H:11])[C:2](=[O:1])[O:3][H:10])([H:12])[H:13])([H:14])[H:15])[H:17],26.0,1.0
18,0.0462,AM1BCC,AmberTools,,,H,,19,[H:16][C:7]1([C:6]([C:5]([C:4]([C:9]([C:8]1([H:18])[H:19])([H:20])[H:21])([H:11])[C:2](=[O:1])[O:3][H:10])([H:12])[H:13])([H:14])[H:15])[H:17],26.0,1.0
19,0.05445,AM1BCC,AmberTools,,,H,,20,[H:16][C:7]1([C:6]([C:5]([C:4]([C:9]([C:8]1([H:18])[H:19])([H:20])[H:21])([H:11])[C:2](=[O:1])[O:3][H:10])([H:12])[H:13])([H:14])[H:15])[H:17],26.0,1.0
20,0.05445,AM1BCC,AmberTools,,,H,,21,[H:16][C:7]1([C:6]([C:5]([C:4]([C:9]([C:8]1([H:18])[H:19])([H:20])[H:21])([H:11])[C:2](=[O:1])[O:3][H:10])([H:12])[H:13])([H:14])[H:15])[H:17],26.0,1.0
0,-0.5565500252303623,AM1BCC,OpenEye,,,O,,1,[H:16][C:7]1([C:6]([C:5]([C:4]([C:9]([C:8]1([H:18])[H:19])([H:20])[H:21])([H:11])[C:2](=[O:1])[O:3][H:10])([H:12])[H:13])([H:14])[H:15])[H:17],26.0,2.0
1,0.6354200251045681,AM1BCC,OpenEye,,,C,,2,[H:16][C:7]1([C:6]([C:5]([C:4]([C:9]([C:8]1([H:18])[H:19])([H:20])[H:21])([H:11])[C:2](=[O:1])[O:3][H:10])([H:12])[H:13])([H:14])[H:15])[H:17],26.0,2.0
2,-0.6030499928054356,AM1BCC,OpenEye,,,O,,3,[H:16][C:7]1([C:6]([C:5]([C:4]([C:9]([C:8]1([H:18])[H:19])([H:20])[H:21])([H:11])[C:2](=[O:1])[O:3][H:10])([H:12])[H:13])([H:14])[H:15])[H:17],26.0,2.0
3,-0.09982000220389593,AM1BCC,OpenEye,,,C,,4,[H:16][C:7]1([C:6]([C:5]([C:4]([C:9]([C:8]1([H:18])[H:19])([H:20])[H:21])([H:11])[C:2](=[O:1])[O:3][H:10])([H:12])[H:13])([H:14])[H:15])[H:17],26.0,2.0
4,-0.07511000264258612,AM1BCC,OpenEye,,,C,,5,[H:16][C:7]1([C:6]([C:5]([C:4]([C:9]([C:8]1([H:18])[H:19])([H:20])[H:21])([H:11])[C:2](=[O:1])[O:3][H:10])([H:12])[H:13])([H:14])[H:15])[H:17],26.0,2.0
5,-0.07738000083537329,AM1BCC,OpenEye,,,C,,6,[H:16][C:7]1([C:6]([C:5]([C:4]([C:9]([C:8]1([H:18])[H:19])([H:20])[H:21])([H:11])[C:2](=[O:1])[O:3][H:10])([H:12])[H:13])([H:14])[H:15])[H:17],26.0,2.0
6,-0.08506999838919867,AM1BCC,OpenEye,,,C,,7,[H:16][C:7]1([C:6]([C:5]([C:4]([C:9]([C:8]1([H:18])[H:19])([H:20])[H:21])([H:11])[C:2](=[O:1])[O:3][H:10])([H:12])[H:13])([H:14])[H:15])[H:17],26.0,2.0
7,-0.07738000083537329,AM1BCC,OpenEye,,,C,,8,[H:16][C:7]1([C:6]([C:5]([C:4]([C:9]([C:8]1([H:18])[H:19])([H:20])[H:21])([H:11])[C:2](=[O:1])[O:3][H:10])([H:12])[H:13])([H:14])[H:15])[H:17],26.0,2.0
8,-0.07511000264258612,AM1BCC,OpenEye,,,C,,9,[H:16][C:7]1([C:6]([C:5]([C:4]([C:9]([C:8]1([H:18])[H:19])([H:20])[H:21])([H:11])[C:2](=[O:1])[O:3][H:10])([H:12])[H:13])([H:14])[H:15])[H:17],26.0,2.0
9,0.44273999404339565,AM1BCC,OpenEye,,,H,,10,[H:16][C:7]1([C:6]([C:5]([C:4]([C:9]([C:8]1([H:18])[H:19])([H:20])[H:21])([H:11])[C:2](=[O:1])[O:3][H:10])([H:12])[H:13])([H:14])[H:15])[H:17],26.0,2.0
10,0.07903000038294565,AM1BCC,OpenEye,,,H,,11,[H:16][C:7]1([C:6]([C:5]([C:4]([C:9]([C:8]1([H:18])[H:19])([H:20])[H:21])([H:11])[C:2](=[O:1])[O:3][H:10])([H:12])[H:13])([H:14])[H:15])[H:17],26.0,2.0
11,0.056340002233073824,AM1BCC,OpenEye,,,H,,12,[H:16][C:7]1([C:6]([C:5]([C:4]([C:9]([C:8]1([H:18])[H:19])([H:20])[H:21])([H:11])[C:2](=[O:1])[O:3][H:10])([H:12])[H:13])([H:14])[H:15])[H:17],26.0,2.0
12,0.056340002233073824,AM1BCC,OpenEye,,,H,,13,[H:16][C:7]1([C:6]([C:5]([C:4]([C:9]([C:8]1([H:18])[H:19])([H:20])[H:21])([H:11])[C:2](=[O:1])[O:3][H:10])([H:12])[H:13])([H:14])[H:15])[H:17],26.0,2.0
13,0.04225999932913553,AM1BCC,OpenEye,,,H,,14,[H:16][C:7]1([C:6]([C:5]([C:4]([C:9]([C:8]1([H:18])[H:19])([H:20])[H:21])([H:11])[C:2](=[O:1])[O:3][H:10])([H:12])[H:13])([H:14])[H:15])[H:17],26.0,2.0
14,0.04225999932913553,AM1BCC,OpenEye,,,H,,15,[H:16][C:7]1([C:6]([C:5]([C:4]([C:9]([C:8]1([H:18])[H:19])([H:20])[H:21])([H:11])[C:2](=[O:1])[O:3][H:10])([H:12])[H:13])([H:14])[H:15])[H:17],26.0,2.0
15,0.048939999902532214,AM1BCC,OpenEye,,,H,,16,[H:16][C:7]1([C:6]([C:5]([C:4]([C:9]([C:8]1([H:18])[H:19])([H:20])[H:21])([H:11])[C:2](=[O:1])[O:3][H:10])([H:12])[H:13])([H:14])[H:15])[H:17],26.0,2.0
16,0.048939999902532214,AM1BCC,OpenEye,,,H,,17,[H:16][C:7]1([C:6]([C:5]([C:4]([C:9]([C:8]1([H:18])[H:19])([H:20])[H:21])([H:11])[C:2](=[O:1])[O:3][H:10])([H:12])[H:13])([H:14])[H:15])[H:17],26.0,2.0
17,0.04225999932913553,AM1BCC,OpenEye,,,H,,18,[H:16][C:7]1([C:6]([C:5]([C:4]([C:9]([C:8]1([H:18])[H:19])([H:20])[H:21])([H:11])[C:2](=[O:1])[O:3][H:10])([H:12])[H:13])([H:14])[H:15])[H:17],26.0,2.0
18,0.04225999932913553,AM1BCC,OpenEye,,,H,,19,[H:16][C:7]1([C:6]([C:5]([C:4]([C:9]([C:8]1([H:18])[H:19])([H:20])[H:21])([H:11])[C:2](=[O:1])[O:3][H:10])([H:12])[H:13])([H:14])[H:15])[H:17],26.0,2.0
19,0.056340002233073824,AM1BCC,OpenEye,,,H,,20,[H:16][C:7]1([C:6]([C:5]([C:4]([C:9]([C:8]1([H:18])[H:19])([H:20])[H:21])([H:11])[C:2](=[O:1])[O:3][H:10])([H:12])[H:13])([H:14])[H:15])[H:17],26.0,2.0
20,0.056340002233073824,AM1BCC,OpenEye,,,H,,21,[H:16][C:7]1([C:6]([C:5]([C:4]([C:9]([C:8]1([H:18])[H:19])([H:20])[H:21])([H:11])[C:2](=[O:1])[O:3][H:10])([H:12])[H:13])([H:14])[H:15])[H:17],26.0,2.0
0,-0.551,AM1BCC,AmberTools,,,O,,1,[H:16][C:7]1([C:6]([C:5]([C:4]([C:9]([C:8]1([H:18])[H:19])([H:20])[H:21])([H:11])[C:2](=[O:1])[O:3][H:10])([H:12])[H:13])([H:14])[H:15])[H:17],26.0,2.0
1,0.6361,AM1BCC,AmberTools,,,C,,2,[H:16][C:7]1([C:6]([C:5]([C:4]([C:9]([C:8]1([H:18])[H:19])([H:20])[H:21])([H:11])[C:2](=[O:1])[O:3][H:10])([H:12])[H:13])([H:14])[H:15])[H:17],26.0,2.0
2,-0.6111,AM1BCC,AmberTools,,,O,,3,[H:16][C:7]1([C:6]([C:5]([C:4]([C:9]([C:8]1([H:18])[H:19])([H:20])[H:21])([H:11])[C:2](=[O:1])[O:3][H:10])([H:12])[H:13])([H:14])[H:15])[H:17],26.0,2.0
3,-0.1037,AM1BCC,AmberTools,,,C,,4,[H:16][C:7]1([C:6]([C:5]([C:4]([C:9]([C:8]1([H:18])[H:19])([H:20])[H:21])([H:11])[C:2](=[O:1])[O:3][H:10])([H:12])[H:13])([H:14])[H:15])[H:17],26.0,2.0
4,-0.0719,AM1BCC,AmberTools,,,C,,5,[H:16][C:7]1([C:6]([C:5]([C:4]([C:9]([C:8]1([H:18])[H:19])([H:20])[H:21])([H:11])[C:2](=[O:1])[O:3][H:10])([H:12])[H:13])([H:14])[H:15])[H:17],26.0,2.0
5,-0.0784,AM1BCC,AmberTools,,,C,,6,[H:16][C:7]1([C:6]([C:5]([C:4]([C:9]([C:8]1([H:18])[H:19])([H:20])[H:21])([H:11])[C:2](=[O:1])[O:3][H:10])([H:12])[H:13])([H:14])[H:15])[H:17],26.0,2.0
6,-0.0774,AM1BCC,AmberTools,,,C,,7,[H:16][C:7]1([C:6]([C:5]([C:4]([C:9]([C:8]1([H:18])[H:19])([H:20])[H:21])([H:11])[C:2](=[O:1])[O:3][H:10])([H:12])[H:13])([H:14])[H:15])[H:17],26.0,2.0
7,-0.0784,AM1BCC,AmberTools,,,C,,8,[H:16][C:7]1([C:6]([C:5]([C:4]([C:9]([C:8]1([H:18])[H:19])([H:20])[H:21])([H:11])[C:2](=[O:1])[O:3][H:10])([H:12])[H:13])([H:14])[H:15])[H:17],26.0,2.0
8,-0.0719,AM1BCC,AmberTools,,,C,,9,[H:16][C:7]1([C:6]([C:5]([C:4]([C:9]([C:8]1([H:18])[H:19])([H:20])[H:21])([H:11])[C:2](=[O:1])[O:3][H:10])([H:12])[H:13])([H:14])[H:15])[H:17],26.0,2.0
9,0.442,AM1BCC,AmberTools,,,H,,10,[H:16][C:7]1([C:6]([C:5]([C:4]([C:9]([C:8]1([H:18])[H:19])([H:20])[H:21])([H:11])[C:2](=[O:1])[O:3][H:10])([H:12])[H:13])([H:14])[H:15])[H:17],26.0,2.0
10,0.0807,AM1BCC,AmberTools,,,H,,11,[H:16][C:7]1([C:6]([C:5]([C:4]([C:9]([C:8]1([H:18])[H:19])([H:20])[H:21])([H:11])[C:2](=[O:1])[O:3][H:10])([H:12])[H:13])([H:14])[H:15])[H:17],26.0,2.0
11,0.05445,AM1BCC,AmberTools,,,H,,12,[H:16][C:7]1([C:6]([C:5]([C:4]([C:9]([C:8]1([H:18])[H:19])([H:20])[H:21])([H:11])[C:2](=[O:1])[O:3][H:10])([H:12])[H:13])([H:14])[H:15])[H:17],26.0,2.0
12,0.05445,AM1BCC,AmberTools,,,H,,13,[H:16][C:7]1([C:6]([C:5]([C:4]([C:9]([C:8]1([H:18])[H:19])([H:20])[H:21])([H:11])[C:2](=[O:1])[O:3][H:10])([H:12])[H:13])([H:14])[H:15])[H:17],26.0,2.0
13,0.0462,AM1BCC,AmberTools,,,H,,14,[H:16][C:7]1([C:6]([C:5]([C:4]([C:9]([C:8]1([H:18])[H:19])([H:20])[H:21])([H:11])[C:2](=[O:1])[O:3][H:10])([H:12])[H:13])([H:14])[H:15])[H:17],26.0,2.0
14,0.0462,AM1BCC,AmberTools,,,H,,15,[H:16][C:7]1([C:6]([C:5]([C:4]([C:9]([C:8]1([H:18])[H:19])([H:20])[H:21])([H:11])[C:2](=[O:1])[O:3][H:10])([H:12])[H:13])([H:14])[H:15])[H:17],26.0,2.0
15,0.0412,AM1BCC,AmberTools,,,H,,16,[H:16][C:7]1([C:6]([C:5]([C:4]([C:9]([C:8]1([H:18])[H:19])([H:20])[H:21])([H:11])[C:2](=[O:1])[O:3][H:10])([H:12])[H:13])([H:14])[H:15])[H:17],26.0,2.0
16,0.0412,AM1BCC,AmberTools,,,H,,17,[H:16][C:7]1([C:6]([C:5]([C:4]([C:9]([C:8]1([H:18])[H:19])([H:20])[H:21])([H:11])[C:2](=[O:1])[O:3][H:10])([H:12])[H:13])([H:14])[H:15])[H:17],26.0,2.0
17,0.0462,AM1BCC,AmberTools,,,H,,18,[H:16][C:7]1([C:6]([C:5]([C:4]([C:9]([C:8]1([H:18])[H:19])([H:20])[H:21])([H:11])[C:2](=[O:1])[O:3][H:10])([H:12])[H:13])([H:14])[H:15])[H:17],26.0,2.0
18,0.0462,AM1BCC,AmberTools,,,H,,19,[H:16][C:7]1([C:6]([C:5]([C:4]([C:9]([C:8]1([H:18])[H:19])([H:20])[H:21])([H:11])[C:2](=[O:1])[O:3][H:10])([H:12])[H:13])([H:14])[H:15])[H:17],26.0,2.0
19,0.05445,AM1BCC,AmberTools,,,H,,20,[H:16][C:7]1([C:6]([C:5]([C:4]([C:9]([C:8]1([H:18])[H:19])([H:20])[H:21])([H:11])[C:2](=[O:1])[O:3][H:10])([H:12])[H:13])([H:14])[H:15])[H:17],26.0,2.0
20,0.05445,AM1BCC,AmberTools,,,H,,21,[H:16][C:7]1([C:6]([C:5]([C:4]([C:9]([C:8]1([H:18])[H:19])([H:20])[H:21])([H:11])[C:2](=[O:1])[O:3][H:10])([H:12])[H:13])([H:14])[H:15])[H:17],26.0,2.0
0,-0.5565500259399414,AM1BCC,OpenEye,,,O,,1,[H:16][C:7]1([C:6]([C:5]([C:4]([C:9]([C:8]1([H:18])[H:19])([H:20])[H:21])([H:11])[C:2](=[O:1])[O:3][H:10])([H:12])[H:13])([H:14])[H:15])[H:17],26.0,3.0
1,0.635420024394989,AM1BCC,OpenEye,,,C,,2,[H:16][C:7]1([C:6]([C:5]([C:4]([C:9]([C:8]1([H:18])[H:19])([H:20])[H:21])([H:11])[C:2](=[O:1])[O:3][H:10])([H:12])[H:13])([H:14])[H:15])[H:17],26.0,3.0
2,-0.6030499935150146,AM1BCC,OpenEye,,,O,,3,[H:16][C:7]1([C:6]([C:5]([C:4]([C:9]([C:8]1([H:18])[H:19])([H:20])[H:21])([H:11])[C:2](=[O:1])[O:3][H:10])([H:12])[H:13])([H:14])[H:15])[H:17],26.0,3.0
3,-0.09982000291347504,AM1BCC,OpenEye,,,C,,4,[H:16][C:7]1([C:6]([C:5]([C:4]([C:9]([C:8]1([H:18])[H:19])([H:20])[H:21])([H:11])[C:2](=[O:1])[O:3][H:10])([H:12])[H:13])([H:14])[H:15])[H:17],26.0,3.0
4,-0.07511000335216522,AM1BCC,OpenEye,,,C,,5,[H:16][C:7]1([C:6]([C:5]([C:4]([C:9]([C:8]1([H:18])[H:19])([H:20])[H:21])([H:11])[C:2](=[O:1])[O:3][H:10])([H:12])[H:13])([H:14])[H:15])[H:17],26.0,3.0
5,-0.07738000154495239,AM1BCC,OpenEye,,,C,,6,[H:16][C:7]1([C:6]([C:5]([C:4]([C:9]([C:8]1([H:18])[H:19])([H:20])[H:21])([H:11])[C:2](=[O:1])[O:3][H:10])([H:12])[H:13])([H:14])[H:15])[H:17],26.0,3.0
6,-0.0850600004196167,AM1BCC,OpenEye,,,C,,7,[H:16][C:7]1([C:6]([C:5]([C:4]([C:9]([C:8]1([H:18])[H:19])([H:20])[H:21])([H:11])[C:2](=[O:1])[O:3][H:10])([H:12])[H:13])([H:14])[H:15])[H:17],26.0,3.0
7,-0.07738000154495239,AM1BCC,OpenEye,,,C,,8,[H:16][C:7]1([C:6]([C:5]([C:4]([C:9]([C:8]1([H:18])[H:19])([H:20])[H:21])([H:11])[C:2](=[O:1])[O:3][H:10])([H:12])[H:13])([H:14])[H:15])[H:17],26.0,3.0
8,-0.07511000335216522,AM1BCC,OpenEye,,,C,,9,[H:16][C:7]1([C:6]([C:5]([C:4]([C:9]([C:8]1([H:18])[H:19])([H:20])[H:21])([H:11])[C:2](=[O:1])[O:3][H:10])([H:12])[H:13])([H:14])[H:15])[H:17],26.0,3.0
9,0.44273000955581665,AM1BCC,OpenEye,,,H,,10,[H:16][C:7]1([C:6]([C:5]([C:4]([C:9]([C:8]1([H:18])[H:19])([H:20])[H:21])([H:11])[C:2](=[O:1])[O:3][H:10])([H:12])[H:13])([H:14])[H:15])[H:17],26.0,3.0
10,0.07902999967336655,AM1BCC,OpenEye,,,H,,11,[H:16][C:7]1([C:6]([C:5]([C:4]([C:9]([C:8]1([H:18])[H:19])([H:20])[H:21])([H:11])[C:2](=[O:1])[O:3][H:10])([H:12])[H:13])([H:14])[H:15])[H:17],26.0,3.0
11,0.05634000152349472,AM1BCC,OpenEye,,,H,,12,[H:16][C:7]1([C:6]([C:5]([C:4]([C:9]([C:8]1([H:18])[H:19])([H:20])[H:21])([H:11])[C:2](=[O:1])[O:3][H:10])([H:12])[H:13])([H:14])[H:15])[H:17],26.0,3.0
12,0.05634000152349472,AM1BCC,OpenEye,,,H,,13,[H:16][C:7]1([C:6]([C:5]([C:4]([C:9]([C:8]1([H:18])[H:19])([H:20])[H:21])([H:11])[C:2](=[O:1])[O:3][H:10])([H:12])[H:13])([H:14])[H:15])[H:17],26.0,3.0
13,0.04225999861955643,AM1BCC,OpenEye,,,H,,14,[H:16][C:7]1([C:6]([C:5]([C:4]([C:9]([C:8]1([H:18])[H:19])([H:20])[H:21])([H:11])[C:2](=[O:1])[O:3][H:10])([H:12])[H:13])([H:14])[H:15])[H:17],26.0,3.0
14,0.04225999861955643,AM1BCC,OpenEye,,,H,,15,[H:16][C:7]1([C:6]([C:5]([C:4]([C:9]([C:8]1([H:18])[H:19])([H:20])[H:21])([H:11])[C:2](=[O:1])[O:3][H:10])([H:12])[H:13])([H:14])[H:15])[H:17],26.0,3.0
15,0.04893999919295311,AM1BCC,OpenEye,,,H,,16,[H:16][C:7]1([C:6]([C:5]([C:4]([C:9]([C:8]1([H:18])[H:19])([H:20])[H:21])([H:11])[C:2](=[O:1])[O:3][H:10])([H:12])[H:13])([H:14])[H:15])[H:17],26.0,3.0
16,0.04893999919295311,AM1BCC,OpenEye,,,H,,17,[H:16][C:7]1([C:6]([C:5]([C:4]([C:9]([C:8]1([H:18])[H:19])([H:20])[H:21])([H:11])[C:2](=[O:1])[O:3][H:10])([H:12])[H:13])([H:14])[H:15])[H:17],26.0,3.0
17,0.04225999861955643,AM1BCC,OpenEye,,,H,,18,[H:16][C:7]1([C:6]([C:5]([C:4]([C:9]([C:8]1([H:18])[H:19])([H:20])[H:21])([H:11])[C:2](=[O:1])[O:3][H:10])([H:12])[H:13])([H:14])[H:15])[H:17],26.0,3.0
18,0.04225999861955643,AM1BCC,OpenEye,,,H,,19,[H:16][C:7]1([C:6]([C:5]([C:4]([C:9]([C:8]1([H:18])[H:19])([H:20])[H:21])([H:11])[C:2](=[O:1])[O:3][H:10])([H:12])[H:13])([H:14])[H:15])[H:17],26.0,3.0
19,0.05634000152349472,AM1BCC,OpenEye,,,H,,20,[H:16][C:7]1([C:6]([C:5]([C:4]([C:9]([C:8]1([H:18])[H:19])([H:20])[H:21])([H:11])[C:2](=[O:1])[O:3][H:10])([H:12])[H:13])([H:14])[H:15])[H:17],26.0,3.0
20,0.05634000152349472,AM1BCC,OpenEye,,,H,,21,[H:16][C:7]1([C:6]([C:5]([C:4]([C:9]([C:8]1([H:18])[H:19])([H:20])[H:21])([H:11])[C:2](=[O:1])[O:3][H:10])([H:12])[H:13])([H:14])[H:15])[H:17],26.0,3.0
0,-0.551,AM1BCC,AmberTools,,,O,,1,[H:16][C:7]1([C:6]([C:5]([C:4]([C:9]([C:8]1([H:18])[H:19])([H:20])[H:21])([H:11])[C:2](=[O:1])[O:3][H:10])([H:12])[H:13])([H:14])[H:15])[H:17],26.0,3.0
1,0.6361,AM1BCC,AmberTools,,,C,,2,[H:16][C:7]1([C:6]([C:5]([C:4]([C:9]([C:8]1([H:18])[H:19])([H:20])[H:21])([H:11])[C:2](=[O:1])[O:3][H:10])([H:12])[H:13])([H:14])[H:15])[H:17],26.0,3.0
2,-0.6111,AM1BCC,AmberTools,,,O,,3,[H:16][C:7]1([C:6]([C:5]([C:4]([C:9]([C:8]1([H:18])[H:19])([H:20])[H:21])([H:11])[C:2](=[O:1])[O:3][H:10])([H:12])[H:13])([H:14])[H:15])[H:17],26.0,3.0
3,-0.1037,AM1BCC,AmberTools,,,C,,4,[H:16][C:7]1([C:6]([C:5]([C:4]([C:9]([C:8]1([H:18])[H:19])([H:20])[H:21])([H:11])[C:2](=[O:1])[O:3][H:10])([H:12])[H:13])([H:14])[H:15])[H:17],26.0,3.0
4,-0.0719,AM1BCC,AmberTools,,,C,,5,[H:16][C:7]1([C:6]([C:5]([C:4]([C:9]([C:8]1([H:18])[H:19])([H:20])[H:21])([H:11])[C:2](=[O:1])[O:3][H:10])([H:12])[H:13])([H:14])[H:15])[H:17],26.0,3.0
5,-0.0784,AM1BCC,AmberTools,,,C,,6,[H:16][C:7]1([C:6]([C:5]([C:4]([C:9]([C:8]1([H:18])[H:19])([H:20])[H:21])([H:11])[C:2](=[O:1])[O:3][H:10])([H:12])[H:13])([H:14])[H:15])[H:17],26.0,3.0
6,-0.0774,AM1BCC,AmberTools,,,C,,7,[H:16][C:7]1([C:6]([C:5]([C:4]([C:9]([C:8]1([H:18])[H:19])([H:20])[H:21])([H:11])[C:2](=[O:1])[O:3][H:10])([H:12])[H:13])([H:14])[H:15])[H:17],26.0,3.0
7,-0.0784,AM1BCC,AmberTools,,,C,,8,[H:16][C:7]1([C:6]([C:5]([C:4]([C:9]([C:8]1([H:18])[H:19])([H:20])[H:21])([H:11])[C:2](=[O:1])[O:3][H:10])([H:12])[H:13])([H:14])[H:15])[H:17],26.0,3.0
8,-0.0719,AM1BCC,AmberTools,,,C,,9,[H:16][C:7]1([C:6]([C:5]([C:4]([C:9]([C:8]1([H:18])[H:19])([H:20])[H:21])([H:11])[C:2](=[O:1])[O:3][H:10])([H:12])[H:13])([H:14])[H:15])[H:17],26.0,3.0
9,0.442,AM1BCC,AmberTools,,,H,,10,[H:16][C:7]1([C:6]([C:5]([C:4]([C:9]([C:8]1([H:18])[H:19])([H:20])[H:21])([H:11])[C:2](=[O:1])[O:3][H:10])([H:12])[H:13])([H:14])[H:15])[H:17],26.0,3.0
10,0.0807,AM1BCC,AmberTools,,,H,,11,[H:16][C:7]1([C:6]([C:5]([C:4]([C:9]([C:8]1([H:18])[H:19])([H:20])[H:21])([H:11])[C:2](=[O:1])[O:3][H:10])([H:12])[H:13])([H:14])[H:15])[H:17],26.0,3.0
11,0.05445,AM1BCC,AmberTools,,,H,,12,[H:16][C:7]1([C:6]([C:5]([C:4]([C:9]([C:8]1([H:18])[H:19])([H:20])[H:21])([H:11])[C:2](=[O:1])[O:3][H:10])([H:12])[H:13])([H:14])[H:15])[H:17],26.0,3.0
12,0.05445,AM1BCC,AmberTools,,,H,,13,[H:16][C:7]1([C:6]([C:5]([C:4]([C:9]([C:8]1([H:18])[H:19])([H:20])[H:21])([H:11])[C:2](=[O:1])[O:3][H:10])([H:12])[H:13])([H:14])[H:15])[H:17],26.0,3.0
13,0.0462,AM1BCC,AmberTools,,,H,,14,[H:16][C:7]1([C:6]([C:5]([C:4]([C:9]([C:8]1([H:18])[H:19])([H:20])[H:21])([H:11])[C:2](=[O:1])[O:3][H:10])([H:12])[H:13])([H:14])[H:15])[H:17],26.0,3.0
14,0.0462,AM1BCC,AmberTools,,,H,,15,[H:16][C:7]1([C:6]([C:5]([C:4]([C:9]([C:8]1([H:18])[H:19])([H:20])[H:21])([H:11])[C:2](=[O:1])[O:3][H:10])([H:12])[H:13])([H:14])[H:15])[H:17],26.0,3.0
15,0.0412,AM1BCC,AmberTools,,,H,,16,[H:16][C:7]1([C:6]([C:5]([C:4]([C:9]([C:8]1([H:18])[H:19])([H:20])[H:21])([H:11])[C:2](=[O:1])[O:3][H:10])([H:12])[H:13])([H:14])[H:15])[H:17],26.0,3.0
16,0.0412,AM1BCC,AmberTools,,,H,,17,[H:16][C:7]1([C:6]([C:5]([C:4]([C:9]([C:8]1([H:18])[H:19])([H:20])[H:21])([H:11])[C:2](=[O:1])[O:3][H:10])([H:12])[H:13])([H:14])[H:15])[H:17],26.0,3.0
17,0.0462,AM1BCC,AmberTools,,,H,,18,[H:16][C:7]1([C:6]([C:5]([C:4]([C:9]([C:8]1([H:18])[H:19])([H:20])[H:21])([H:11])[C:2](=[O:1])[O:3][H:10])([H:12])[H:13])([H:14])[H:15])[H:17],26.0,3.0
18,0.0462,AM1BCC,AmberTools,,,H,,19,[H:16][C:7]1([C:6]([C:5]([C:4]([C:9]([C:8]1([H:18])[H:19])([H:20])[H:21])([H:11])[C:2](=[O:1])[O:3][H:10])([H:12])[H:13])([H:14])[H:15])[H:17],26.0,3.0
19,0.05445,AM1BCC,AmberTools,,,H,,20,[H:16][C:7]1([C:6]([C:5]([C:4]([C:9]([C:8]1([H:18])[H:19])([H:20])[H:21])([H:11])[C:2](=[O:1])[O:3][H:10])([H:12])[H:13])([H:14])[H:15])[H:17],26.0,3.0
20,0.05445,AM1BCC,AmberTools,,,H,,21,[H:16][C:7]1([C:6]([C:5]([C:4]([C:9]([C:8]1([H:18])[H:19])([H:20])[H:21])([H:11])[C:2](=[O:1])[O:3][H:10])([H:12])[H:13])([H:14])[H:15])[H:17],26.0,3.0
0,-0.5565500252303623,AM1BCC,OpenEye,,,O,,1,[H:16][C:7]1([C:6]([C:5]([C:4]([C:9]([C:8]1([H:18])[H:19])([H:20])[H:21])([H:11])[C:2](=[O:1])[O:3][H:10])([H:12])[H:13])([H:14])[H:15])[H:17],26.0,4.0
1,0.6354200251045681,AM1BCC,OpenEye,,,C,,2,[H:16][C:7]1([C:6]([C:5]([C:4]([C:9]([C:8]1([H:18])[H:19])([H:20])[H:21])([H:11])[C:2](=[O:1])[O:3][H:10])([H:12])[H:13])([H:14])[H:15])[H:17],26.0,4.0
2,-0.6030499928054356,AM1BCC,OpenEye,,,O,,3,[H:16][C:7]1([C:6]([C:5]([C:4]([C:9]([C:8]1([H:18])[H:19])([H:20])[H:21])([H:11])[C:2](=[O:1])[O:3][H:10])([H:12])[H:13])([H:14])[H:15])[H:17],26.0,4.0
3,-0.09982000220389593,AM1BCC,OpenEye,,,C,,4,[H:16][C:7]1([C:6]([C:5]([C:4]([C:9]([C:8]1([H:18])[H:19])([H:20])[H:21])([H:11])[C:2](=[O:1])[O:3][H:10])([H:12])[H:13])([H:14])[H:15])[H:17],26.0,4.0
4,-0.07511000264258612,AM1BCC,OpenEye,,,C,,5,[H:16][C:7]1([C:6]([C:5]([C:4]([C:9]([C:8]1([H:18])[H:19])([H:20])[H:21])([H:11])[C:2](=[O:1])[O:3][H:10])([H:12])[H:13])([H:14])[H:15])[H:17],26.0,4.0
5,-0.07738000083537329,AM1BCC,OpenEye,,,C,,6,[H:16][C:7]1([C:6]([C:5]([C:4]([C:9]([C:8]1([H:18])[H:19])([H:20])[H:21])([H:11])[C:2](=[O:1])[O:3][H:10])([H:12])[H:13])([H:14])[H:15])[H:17],26.0,4.0
6,-0.08506999838919867,AM1BCC,OpenEye,,,C,,7,[H:16][C:7]1([C:6]([C:5]([C:4]([C:9]([C:8]1([H:18])[H:19])([H:20])[H:21])([H:11])[C:2](=[O:1])[O:3][H:10])([H:12])[H:13])([H:14])[H:15])[H:17],26.0,4.0
7,-0.07738000083537329,AM1BCC,OpenEye,,,C,,8,[H:16][C:7]1([C:6]([C:5]([C:4]([C:9]([C:8]1([H:18])[H:19])([H:20])[H:21])([H:11])[C:2](=[O:1])[O:3][H:10])([H:12])[H:13])([H:14])[H:15])[H:17],26.0,4.0
8,-0.07511000264258612,AM1BCC,OpenEye,,,C,,9,[H:16][C:7]1([C:6]([C:5]([C:4]([C:9]([C:8]1([H:18])[H:19])([H:20])[H:21])([H:11])[C:2](=[O:1])[O:3][H:10])([H:12])[H:13])([H:14])[H:15])[H:17],26.0,4.0
9,0.44273999404339565,AM1BCC,OpenEye,,,H,,10,[H:16][C:7]1([C:6]([C:5]([C:4]([C:9]([C:8]1([H:18])[H:19])([H:20])[H:21])([H:11])[C:2](=[O:1])[O:3][H:10])([H:12])[H:13])([H:14])[H:15])[H:17],26.0,4.0
10,0.07903000038294565,AM1BCC,OpenEye,,,H,,11,[H:16][C:7]1([C:6]([C:5]([C:4]([C:9]([C:8]1([H:18])[H:19])([H:20])[H:21])([H:11])[C:2](=[O:1])[O:3][H:10])([H:12])[H:13])([H:14])[H:15])[H:17],26.0,4.0
11,0.056340002233073824,AM1BCC,OpenEye,,,H,,12,[H:16][C:7]1([C:6]([C:5]([C:4]([C:9]([C:8]1([H:18])[H:19])([H:20])[H:21])([H:11])[C:2](=[O:1])[O:3][H:10])([H:12])[H:13])([H:14])[H:15])[H:17],26.0,4.0
12,0.056340002233073824,AM1BCC,OpenEye,,,H,,13,[H:16][C:7]1([C:6]([C:5]([C:4]([C:9]([C:8]1([H:18])[H:19])([H:20])[H:21])([H:11])[C:2](=[O:1])[O:3][H:10])([H:12])[H:13])([H:14])[H:15])[H:17],26.0,4.0
13,0.04225999932913553,AM1BCC,OpenEye,,,H,,14,[H:16][C:7]1([C:6]([C:5]([C:4]([C:9]([C:8]1([H:18])[H:19])([H:20])[H:21])([H:11])[C:2](=[O:1])[O:3][H:10])([H:12])[H:13])([H:14])[H:15])[H:17],26.0,4.0
14,0.04225999932913553,AM1BCC,OpenEye,,,H,,15,[H:16][C:7]1([C:6]([C:5]([C:4]([C:9]([C:8]1([H:18])[H:19])([H:20])[H:21])([H:11])[C:2](=[O:1])[O:3][H:10])([H:12])[H:13])([H:14])[H:15])[H:17],26.0,4.0
15,0.048939999902532214,AM1BCC,OpenEye,,,H,,16,[H:16][C:7]1([C:6]([C:5]([C:4]([C:9]([C:8]1([H:18])[H:19])([H:20])[H:21])([H:11])[C:2](=[O:1])[O:3][H:10])([H:12])[H:13])([H:14])[H:15])[H:17],26.0,4.0
16,0.048939999902532214,AM1BCC,OpenEye,,,H,,17,[H:16][C:7]1([C:6]([C:5]([C:4]([C:9]([C:8]1([H:18])[H:19])([H:20])[H:21])([H:11])[C:2](=[O:1])[O:3][H:10])([H:12])[H:13])([H:14])[H:15])[H:17],26.0,4.0
17,0.04225999932913553,AM1BCC,OpenEye,,,H,,18,[H:16][C:7]1([C:6]([C:5]([C:4]([C:9]([C:8]1([H:18])[H:19])([H:20])[H:21])([H:11])[C:2](=[O:1])[O:3][H:10])([H:12])[H:13])([H:14])[H:15])[H:17],26.0,4.0
18,0.04225999932913553,AM1BCC,OpenEye,,,H,,19,[H:16][C:7]1([C:6]([C:5]([C:4]([C:9]([C:8]1([H:18])[H:19])([H:20])[H:21])([H:11])[C:2](=[O:1])[O:3][H:10])([H:12])[H:13])([H:14])[H:15])[H:17],26.0,4.0
19,0.056340002233073824,AM1BCC,OpenEye,,,H,,20,[H:16][C:7]1([C:6]([C:5]([C:4]([C:9]([C:8]1([H:18])[H:19])([H:20])[H:21])([H:11])[C:2](=[O:1])[O:3][H:10])([H:12])[H:13])([H:14])[H:15])[H:17],26.0,4.0
20,0.056340002233073824,AM1BCC,OpenEye,,,H,,21,[H:16][C:7]1([C:6]([C:5]([C:4]([C:9]([C:8]1([H:18])[H:19])([H:20])[H:21])([H:11])[C:2](=[O:1])[O:3][H:10])([H:12])[H:13])([H:14])[H:15])[H:17],26.0,4.0
0,-0.551,AM1BCC,AmberTools,,,O,,1,[H:16][C:7]1([C:6]([C:5]([C:4]([C:9]([C:8]1([H:18])[H:19])([H:20])[H:21])([H:11])[C:2](=[O:1])[O:3][H:10])([H:12])[H:13])([H:14])[H:15])[H:17],26.0,4.0
1,0.6361,AM1BCC,AmberTools,,,C,,2,[H:16][C:7]1([C:6]([C:5]([C:4]([C:9]([C:8]1([H:18])[H:19])([H:20])[H:21])([H:11])[C:2](=[O:1])[O:3][H:10])([H:12])[H:13])([H:14])[H:15])[H:17],26.0,4.0
2,-0.6111,AM1BCC,AmberTools,,,O,,3,[H:16][C:7]1([C:6]([C:5]([C:4]([C:9]([C:8]1([H:18])[H:19])([H:20])[H:21])([H:11])[C:2](=[O:1])[O:3][H:10])([H:12])[H:13])([H:14])[H:15])[H:17],26.0,4.0
3,-0.1037,AM1BCC,AmberTools,,,C,,4,[H:16][C:7]1([C:6]([C:5]([C:4]([C:9]([C:8]1([H:18])[H:19])([H:20])[H:21])([H:11])[C:2](=[O:1])[O:3][H:10])([H:12])[H:13])([H:14])[H:15])[H:17],26.0,4.0
4,-0.0719,AM1BCC,AmberTools,,,C,,5,[H:16][C:7]1([C:6]([C:5]([C:4]([C:9]([C:8]1([H:18])[H:19])([H:20])[H:21])([H:11])[C:2](=[O:1])[O:3][H:10])([H:12])[H:13])([H:14])[H:15])[H:17],26.0,4.0
5,-0.0784,AM1BCC,AmberTools,,,C,,6,[H:16][C:7]1([C:6]([C:5]([C:4]([C:9]([C:8]1([H:18])[H:19])([H:20])[H:21])([H:11])[C:2](=[O:1])[O:3][H:10])([H:12])[H:13])([H:14])[H:15])[H:17],26.0,4.0
6,-0.0774,AM1BCC,AmberTools,,,C,,7,[H:16][C:7]1([C:6]([C:5]([C:4]([C:9]([C:8]1([H:18])[H:19])([H:20])[H:21])([H:11])[C:2](=[O:1])[O:3][H:10])([H:12])[H:13])([H:14])[H:15])[H:17],26.0,4.0
7,-0.0784,AM1BCC,AmberTools,,,C,,8,[H:16][C:7]1([C:6]([C:5]([C:4]([C:9]([C:8]1([H:18])[H:19])([H:20])[H:21])([H:11])[C:2](=[O:1])[O:3][H:10])([H:12])[H:13])([H:14])[H:15])[H:17],26.0,4.0
8,-0.0719,AM1BCC,AmberTools,,,C,,9,[H:16][C:7]1([C:6]([C:5]([C:4]([C:9]([C:8]1([H:18])[H:19])([H:20])[H:21])([H:11])[C:2](=[O:1])[O:3][H:10])([H:12])[H:13])([H:14])[H:15])[H:17],26.0,4.0
9,0.442,AM1BCC,AmberTools,,,H,,10,[H:16][C:7]1([C:6]([C:5]([C:4]([C:9]([C:8]1([H:18])[H:19])([H:20])[H:21])([H:11])[C:2](=[O:1])[O:3][H:10])([H:12])[H:13])([H:14])[H:15])[H:17],26.0,4.0
10,0.0807,AM1BCC,AmberTools,,,H,,11,[H:16][C:7]1([C:6]([C:5]([C:4]([C:9]([C:8]1([H:18])[H:19])([H:20])[H:21])([H:11])[C:2](=[O:1])[O:3][H:10])([H:12])[H:13])([H:14])[H:15])[H:17],26.0,4.0
11,0.05445,AM1BCC,AmberTools,,,H,,12,[H:16][C:7]1([C:6]([C:5]([C:4]([C:9]([C:8]1([H:18])[H:19])([H:20])[H:21])([H:11])[C:2](=[O:1])[O:3][H:10])([H:12])[H:13])([H:14])[H:15])[H:17],26.0,4.0
12,0.05445,AM1BCC,AmberTools,,,H,,13,[H:16][C:7]1([C:6]([C:5]([C:4]([C:9]([C:8]1([H:18])[H:19])([H:20])[H:21])([H:11])[C:2](=[O:1])[O:3][H:10])([H:12])[H:13])([H:14])[H:15])[H:17],26.0,4.0
13,0.0462,AM1BCC,AmberTools,,,H,,14,[H:16][C:7]1([C:6]([C:5]([C:4]([C:9]([C:8]1([H:18])[H:19])([H:20])[H:21])([H:11])[C:2](=[O:1])[O:3][H:10])([H:12])[H:13])([H:14])[H:15])[H:17],26.0,4.0
14,0.0462,AM1BCC,AmberTools,,,H,,15,[H:16][C:7]1([C:6]([C:5]([C:4]([C:9]([C:8]1([H:18])[H:19])([H:20])[H:21])([H:11])[C:2](=[O:1])[O:3][H:10])([H:12])[H:13])([H:14])[H:15])[H:17],26.0,4.0
15,0.0412,AM1BCC,AmberTools,,,H,,16,[H:16][C:7]1([C:6]([C:5]([C:4]([C:9]([C:8]1([H:18])[H:19])([H:20])[H:21])([H:11])[C:2](=[O:1])[O:3][H:10])([H:12])[H:13])([H:14])[H:15])[H:17],26.0,4.0
16,0.0412,AM1BCC,AmberTools,,,H,,17,[H:16][C:7]1([C:6]([C:5]([C:4]([C:9]([C:8]1([H:18])[H:19])([H:20])[H:21])([H:11])[C:2](=[O:1])[O:3][H:10])([H:12])[H:13])([H:14])[H:15])[H:17],26.0,4.0
17,0.0462,AM1BCC,AmberTools,,,H,,18,[H:16][C:7]1([C:6]([C:5]([C:4]([C:9]([C:8]1([H:18])[H:19])([H:20])[H:21])([H:11])[C:2](=[O:1])[O:3][H:10])([H:12])[H:13])([H:14])[H:15])[H:17],26.0,4.0
18,0.0462,AM1BCC,AmberTools,,,H,,19,[H:16][C:7]1([C:6]([C:5]([C:4]([C:9]([C:8]1([H:18])[H:19])([H:20])[H:21])([H:11])[C:2](=[O:1])[O:3][H:10])([H:12])[H:13])([H:14])[H:15])[H:17],26.0,4.0
19,0.05445,AM1BCC,AmberTools,,,H,,20,[H:16][C:7]1([C:6]([C:5]([C:4]([C:9]([C:8]1([H:18])[H:19])([H:20])[H:21])([H:11])[C:2](=[O:1])[O:3][H:10])([H:12])[H:13])([H:14])[H:15])[H:17],26.0,4.0
20,0.05445,AM1BCC,AmberTools,,,H,,21,[H:16][C:7]1([C:6]([C:5]([C:4]([C:9]([C:8]1([H:18])[H:19])([H:20])[H:21])([H:11])[C:2](=[O:1])[O:3][H:10])([H:12])[H:13])([H:14])[H:15])[H:17],26.0,4.0
0,-0.5565500252303623,AM1BCC,OpenEye,,,O,,1,[H:16][C:7]1([C:6]([C:5]([C:4]([C:9]([C:8]1([H:18])[H:19])([H:20])[H:21])([H:11])[C:2](=[O:1])[O:3][H:10])([H:12])[H:13])([H:14])[H:15])[H:17],26.0,5.0
1,0.6354200251045681,AM1BCC,OpenEye,,,C,,2,[H:16][C:7]1([C:6]([C:5]([C:4]([C:9]([C:8]1([H:18])[H:19])([H:20])[H:21])([H:11])[C:2](=[O:1])[O:3][H:10])([H:12])[H:13])([H:14])[H:15])[H:17],26.0,5.0
2,-0.6030499928054356,AM1BCC,OpenEye,,,O,,3,[H:16][C:7]1([C:6]([C:5]([C:4]([C:9]([C:8]1([H:18])[H:19])([H:20])[H:21])([H:11])[C:2](=[O:1])[O:3][H:10])([H:12])[H:13])([H:14])[H:15])[H:17],26.0,5.0
3,-0.09982000220389593,AM1BCC,OpenEye,,,C,,4,[H:16][C:7]1([C:6]([C:5]([C:4]([C:9]([C:8]1([H:18])[H:19])([H:20])[H:21])([H:11])[C:2](=[O:1])[O:3][H:10])([H:12])[H:13])([H:14])[H:15])[H:17],26.0,5.0
4,-0.07511000264258612,AM1BCC,OpenEye,,,C,,5,[H:16][C:7]1([C:6]([C:5]([C:4]([C:9]([C:8]1([H:18])[H:19])([H:20])[H:21])([H:11])[C:2](=[O:1])[O:3][H:10])([H:12])[H:13])([H:14])[H:15])[H:17],26.0,5.0
5,-0.07738000083537329,AM1BCC,OpenEye,,,C,,6,[H:16][C:7]1([C:6]([C:5]([C:4]([C:9]([C:8]1([H:18])[H:19])([H:20])[H:21])([H:11])[C:2](=[O:1])[O:3][H:10])([H:12])[H:13])([H:14])[H:15])[H:17],26.0,5.0
6,-0.08506999838919867,AM1BCC,OpenEye,,,C,,7,[H:16][C:7]1([C:6]([C:5]([C:4]([C:9]([C:8]1([H:18])[H:19])([H:20])[H:21])([H:11])[C:2](=[O:1])[O:3][H:10])([H:12])[H:13])([H:14])[H:15])[H:17],26.0,5.0
7,-0.07738000083537329,AM1BCC,OpenEye,,,C,,8,[H:16][C:7]1([C:6]([C:5]([C:4]([C:9]([C:8]1([H:18])[H:19])([H:20])[H:21])([H:11])[C:2](=[O:1])[O:3][H:10])([H:12])[H:13])([H:14])[H:15])[H:17],26.0,5.0
8,-0.07511000264258612,AM1BCC,OpenEye,,,C,,9,[H:16][C:7]1([C:6]([C:5]([C:4]([C:9]([C:8]1([H:18])[H:19])([H:20])[H:21])([H:11])[C:2](=[O:1])[O:3][H:10])([H:12])[H:13])([H:14])[H:15])[H:17],26.0,5.0
9,0.44273999404339565,AM1BCC,OpenEye,,,H,,10,[H:16][C:7]1([C:6]([C:5]([C:4]([C:9]([C:8]1([H:18])[H:19])([H:20])[H:21])([H:11])[C:2](=[O:1])[O:3][H:10])([H:12])[H:13])([H:14])[H:15])[H:17],26.0,5.0
10,0.07903000038294565,AM1BCC,OpenEye,,,H,,11,[H:16][C:7]1([C:6]([C:5]([C:4]([C:9]([C:8]1([H:18])[H:19])([H:20])[H:21])([H:11])[C:2](=[O:1])[O:3][H:10])([H:12])[H:13])([H:14])[H:15])[H:17],26.0,5.0
11,0.056340002233073824,AM1BCC,OpenEye,,,H,,12,[H:16][C:7]1([C:6]([C:5]([C:4]([C:9]([C:8]1([H:18])[H:19])([H:20])[H:21])([H:11])[C:2](=[O:1])[O:3][H:10])([H:12])[H:13])([H:14])[H:15])[H:17],26.0,5.0
12,0.056340002233073824,AM1BCC,OpenEye,,,H,,13,[H:16][C:7]1([C:6]([C:5]([C:4]([C:9]([C:8]1([H:18])[H:19])([H:20])[H:21])([H:11])[C:2](=[O:1])[O:3][H:10])([H:12])[H:13])([H:14])[H:15])[H:17],26.0,5.0
13,0.04225999932913553,AM1BCC,OpenEye,,,H,,14,[H:16][C:7]1([C:6]([C:5]([C:4]([C:9]([C:8]1([H:18])[H:19])([H:20])[H:21])([H:11])[C:2](=[O:1])[O:3][H:10])([H:12])[H:13])([H:14])[H:15])[H:17],26.0,5.0
14,0.04225999932913553,AM1BCC,OpenEye,,,H,,15,[H:16][C:7]1([C:6]([C:5]([C:4]([C:9]([C:8]1([H:18])[H:19])([H:20])[H:21])([H:11])[C:2](=[O:1])[O:3][H:10])([H:12])[H:13])([H:14])[H:15])[H:17],26.0,5.0
15,0.048939999902532214,AM1BCC,OpenEye,,,H,,16,[H:16][C:7]1([C:6]([C:5]([C:4]([C:9]([C:8]1([H:18])[H:19])([H:20])[H:21])([H:11])[C:2](=[O:1])[O:3][H:10])([H:12])[H:13])([H:14])[H:15])[H:17],26.0,5.0
16,0.048939999902532214,AM1BCC,OpenEye,,,H,,17,[H:16][C:7]1([C:6]([C:5]([C:4]([C:9]([C:8]1([H:18])[H:19])([H:20])[H:21])([H:11])[C:2](=[O:1])[O:3][H:10])([H:12])[H:13])([H:14])[H:15])[H:17],26.0,5.0
17,0.04225999932913553,AM1BCC,OpenEye,,,H,,18,[H:16][C:7]1([C:6]([C:5]([C:4]([C:9]([C:8]1([H:18])[H:19])([H:20])[H:21])([H:11])[C:2](=[O:1])[O:3][H:10])([H:12])[H:13])([H:14])[H:15])[H:17],26.0,5.0
18,0.04225999932913553,AM1BCC,OpenEye,,,H,,19,[H:16][C:7]1([C:6]([C:5]([C:4]([C:9]([C:8]1([H:18])[H:19])([H:20])[H:21])([H:11])[C:2](=[O:1])[O:3][H:10])([H:12])[H:13])([H:14])[H:15])[H:17],26.0,5.0
19,0.056340002233073824,AM1BCC,OpenEye,,,H,,20,[H:16][C:7]1([C:6]([C:5]([C:4]([C:9]([C:8]1([H:18])[H:19])([H:20])[H:21])([H:11])[C:2](=[O:1])[O:3][H:10])([H:12])[H:13])([H:14])[H:15])[H:17],26.0,5.0
20,0.056340002233073824,AM1BCC,OpenEye,,,H,,21,[H:16][C:7]1([C:6]([C:5]([C:4]([C:9]([C:8]1([H:18])[H:19])([H:20])[H:21])([H:11])[C:2](=[O:1])[O:3][H:10])([H:12])[H:13])([H:14])[H:15])[H:17],26.0,5.0
0,-0.551,AM1BCC,AmberTools,,,O,,1,[H:16][C:7]1([C:6]([C:5]([C:4]([C:9]([C:8]1([H:18])[H:19])([H:20])[H:21])([H:11])[C:2](=[O:1])[O:3][H:10])([H:12])[H:13])([H:14])[H:15])[H:17],26.0,5.0
1,0.6361,AM1BCC,AmberTools,,,C,,2,[H:16][C:7]1([C:6]([C:5]([C:4]([C:9]([C:8]1([H:18])[H:19])([H:20])[H:21])([H:11])[C:2](=[O:1])[O:3][H:10])([H:12])[H:13])([H:14])[H:15])[H:17],26.0,5.0
2,-0.6111,AM1BCC,AmberTools,,,O,,3,[H:16][C:7]1([C:6]([C:5]([C:4]([C:9]([C:8]1([H:18])[H:19])([H:20])[H:21])([H:11])[C:2](=[O:1])[O:3][H:10])([H:12])[H:13])([H:14])[H:15])[H:17],26.0,5.0
3,-0.1037,AM1BCC,AmberTools,,,C,,4,[H:16][C:7]1([C:6]([C:5]([C:4]([C:9]([C:8]1([H:18])[H:19])([H:20])[H:21])([H:11])[C:2](=[O:1])[O:3][H:10])([H:12])[H:13])([H:14])[H:15])[H:17],26.0,5.0
4,-0.0719,AM1BCC,AmberTools,,,C,,5,[H:16][C:7]1([C:6]([C:5]([C:4]([C:9]([C:8]1([H:18])[H:19])([H:20])[H:21])([H:11])[C:2](=[O:1])[O:3][H:10])([H:12])[H:13])([H:14])[H:15])[H:17],26.0,5.0
5,-0.0784,AM1BCC,AmberTools,,,C,,6,[H:16][C:7]1([C:6]([C:5]([C:4]([C:9]([C:8]1([H:18])[H:19])([H:20])[H:21])([H:11])[C:2](=[O:1])[O:3][H:10])([H:12])[H:13])([H:14])[H:15])[H:17],26.0,5.0
6,-0.0774,AM1BCC,AmberTools,,,C,,7,[H:16][C:7]1([C:6]([C:5]([C:4]([C:9]([C:8]1([H:18])[H:19])([H:20])[H:21])([H:11])[C:2](=[O:1])[O:3][H:10])([H:12])[H:13])([H:14])[H:15])[H:17],26.0,5.0
7,-0.0784,AM1BCC,AmberTools,,,C,,8,[H:16][C:7]1([C:6]([C:5]([C:4]([C:9]([C:8]1([H:18])[H:19])([H:20])[H:21])([H:11])[C:2](=[O:1])[O:3][H:10])([H:12])[H:13])([H:14])[H:15])[H:17],26.0,5.0
8,-0.0719,AM1BCC,AmberTools,,,C,,9,[H:16][C:7]1([C:6]([C:5]([C:4]([C:9]([C:8]1([H:18])[H:19])([H:20])[H:21])([H:11])[C:2](=[O:1])[O:3][H:10])([H:12])[H:13])([H:14])[H:15])[H:17],26.0,5.0
9,0.442,AM1BCC,AmberTools,,,H,,10,[H:16][C:7]1([C:6]([C:5]([C:4]([C:9]([C:8]1([H:18])[H:19])([H:20])[H:21])([H:11])[C:2](=[O:1])[O:3][H:10])([H:12])[H:13])([H:14])[H:15])[H:17],26.0,5.0
10,0.0807,AM1BCC,AmberTools,,,H,,11,[H:16][C:7]1([C:6]([C:5]([C:4]([C:9]([C:8]1([H:18])[H:19])([H:20])[H:21])([H:11])[C:2](=[O:1])[O:3][H:10])([H:12])[H:13])([H:14])[H:15])[H:17],26.0,5.0
11,0.05445,AM1BCC,AmberTools,,,H,,12,[H:16][C:7]1([C:6]([C:5]([C:4]([C:9]([C:8]1([H:18])[H:19])([H:20])[H:21])([H:11])[C:2](=[O:1])[O:3][H:10])([H:12])[H:13])([H:14])[H:15])[H:17],26.0,5.0
12,0.05445,AM1BCC,AmberTools,,,H,,13,[H:16][C:7]1([C:6]([C:5]([C:4]([C:9]([C:8]1([H:18])[H:19])([H:20])[H:21])([H:11])[C:2](=[O:1])[O:3][H:10])([H:12])[H:13])([H:14])[H:15])[H:17],26.0,5.0
13,0.0462,AM1BCC,AmberTools,,,H,,14,[H:16][C:7]1([C:6]([C:5]([C:4]([C:9]([C:8]1([H:18])[H:19])([H:20])[H:21])([H:11])[C:2](=[O:1])[O:3][H:10])([H:12])[H:13])([H:14])[H:15])[H:17],26.0,5.0
14,0.0462,AM1BCC,AmberTools,,,H,,15,[H:16][C:7]1([C:6]([C:5]([C:4]([C:9]([C:8]1([H:18])[H:19])([H:20])[H:21])([H:11])[C:2](=[O:1])[O:3][H:10])([H:12])[H:13])([H:14])[H:15])[H:17],26.0,5.0
15,0.0412,AM1BCC,AmberTools,,,H,,16,[H:16][C:7]1([C:6]([C:5]([C:4]([C:9]([C:8]1([H:18])[H:19])([H:20])[H:21])([H:11])[C:2](=[O:1])[O:3][H:10])([H:12])[H:13])([H:14])[H:15])[H:17],26.0,5.0
16,0.0412,AM1BCC,AmberTools,,,H,,17,[H:16][C:7]1([C:6]([C:5]([C:4]([C:9]([C:8]1([H:18])[H:19])([H:20])[H:21])([H:11])[C:2](=[O:1])[O:3][H:10])([H:12])[H:13])([H:14])[H:15])[H:17],26.0,5.0
17,0.0462,AM1BCC,AmberTools,,,H,,18,[H:16][C:7]1([C:6]([C:5]([C:4]([C:9]([C:8]1([H:18])[H:19])([H:20])[H:21])([H:11])[C:2](=[O:1])[O:3][H:10])([H:12])[H:13])([H:14])[H:15])[H:17],26.0,5.0
18,0.0462,AM1BCC,AmberTools,,,H,,19,[H:16][C:7]1([C:6]([C:5]([C:4]([C:9]([C:8]1([H:18])[H:19])([H:20])[H:21])([H:11])[C:2](=[O:1])[O:3][H:10])([H:12])[H:13])([H:14])[H:15])[H:17],26.0,5.0
19,0.05445,AM1BCC,AmberTools,,,H,,20,[H:16][C:7]1([C:6]([C:5]([C:4]([C:9]([C:8]1([H:18])[H:19])([H:20])[H:21])([H:11])[C:2](=[O:1])[O:3][H:10])([H:12])[H:13])([H:14])[H:15])[H:17],26.0,5.0
20,0.05445,AM1BCC,AmberTools,,,H,,21,[H:16][C:7]1([C:6]([C:5]([C:4]([C:9]([C:8]1([H:18])[H:19])([H:20])[H:21])([H:11])[C:2](=[O:1])[O:3][H:10])([H:12])[H:13])([H:14])[H:15])[H:17],26.0,5.0
0,-0.5565500252303623,AM1BCC,OpenEye,,,O,,1,[H:16][C:7]1([C:6]([C:5]([C:4]([C:9]([C:8]1([H:18])[H:19])([H:20])[H:21])([H:11])[C:2](=[O:1])[O:3][H:10])([H:12])[H:13])([H:14])[H:15])[H:17],26.0,6.0
1,0.6354200251045681,AM1BCC,OpenEye,,,C,,2,[H:16][C:7]1([C:6]([C:5]([C:4]([C:9]([C:8]1([H:18])[H:19])([H:20])[H:21])([H:11])[C:2](=[O:1])[O:3][H:10])([H:12])[H:13])([H:14])[H:15])[H:17],26.0,6.0
2,-0.6030499928054356,AM1BCC,OpenEye,,,O,,3,[H:16][C:7]1([C:6]([C:5]([C:4]([C:9]([C:8]1([H:18])[H:19])([H:20])[H:21])([H:11])[C:2](=[O:1])[O:3][H:10])([H:12])[H:13])([H:14])[H:15])[H:17],26.0,6.0
3,-0.09982000220389593,AM1BCC,OpenEye,,,C,,4,[H:16][C:7]1([C:6]([C:5]([C:4]([C:9]([C:8]1([H:18])[H:19])([H:20])[H:21])([H:11])[C:2](=[O:1])[O:3][H:10])([H:12])[H:13])([H:14])[H:15])[H:17],26.0,6.0
4,-0.07511000264258612,AM1BCC,OpenEye,,,C,,5,[H:16][C:7]1([C:6]([C:5]([C:4]([C:9]([C:8]1([H:18])[H:19])([H:20])[H:21])([H:11])[C:2](=[O:1])[O:3][H:10])([H:12])[H:13])([H:14])[H:15])[H:17],26.0,6.0
5,-0.07738000083537329,AM1BCC,OpenEye,,,C,,6,[H:16][C:7]1([C:6]([C:5]([C:4]([C:9]([C:8]1([H:18])[H:19])([H:20])[H:21])([H:11])[C:2](=[O:1])[O:3][H:10])([H:12])[H:13])([H:14])[H:15])[H:17],26.0,6.0
6,-0.08506999838919867,AM1BCC,OpenEye,,,C,,7,[H:16][C:7]1([C:6]([C:5]([C:4]([C:9]([C:8]1([H:18])[H:19])([H:20])[H:21])([H:11])[C:2](=[O:1])[O:3][H:10])([H:12])[H:13])([H:14])[H:15])[H:17],26.0,6.0
7,-0.07738000083537329,AM1BCC,OpenEye,,,C,,8,[H:16][C:7]1([C:6]([C:5]([C:4]([C:9]([C:8]1([H:18])[H:19])([H:20])[H:21])([H:11])[C:2](=[O:1])[O:3][H:10])([H:12])[H:13])([H:14])[H:15])[H:17],26.0,6.0
8,-0.07511000264258612,AM1BCC,OpenEye,,,C,,9,[H:16][C:7]1([C:6]([C:5]([C:4]([C:9]([C:8]1([H:18])[H:19])([H:20])[H:21])([H:11])[C:2](=[O:1])[O:3][H:10])([H:12])[H:13])([H:14])[H:15])[H:17],26.0,6.0
9,0.44273999404339565,AM1BCC,OpenEye,,,H,,10,[H:16][C:7]1([C:6]([C:5]([C:4]([C:9]([C:8]1([H:18])[H:19])([H:20])[H:21])([H:11])[C:2](=[O:1])[O:3][H:10])([H:12])[H:13])([H:14])[H:15])[H:17],26.0,6.0
10,0.07903000038294565,AM1BCC,OpenEye,,,H,,11,[H:16][C:7]1([C:6]([C:5]([C:4]([C:9]([C:8]1([H:18])[H:19])([H:20])[H:21])([H:11])[C:2](=[O:1])[O:3][H:10])([H:12])[H:13])([H:14])[H:15])[H:17],26.0,6.0
11,0.056340002233073824,AM1BCC,OpenEye,,,H,,12,[H:16][C:7]1([C:6]([C:5]([C:4]([C:9]([C:8]1([H:18])[H:19])([H:20])[H:21])([H:11])[C:2](=[O:1])[O:3][H:10])([H:12])[H:13])([H:14])[H:15])[H:17],26.0,6.0
12,0.056340002233073824,AM1BCC,OpenEye,,,H,,13,[H:16][C:7]1([C:6]([C:5]([C:4]([C:9]([C:8]1([H:18])[H:19])([H:20])[H:21])([H:11])[C:2](=[O:1])[O:3][H:10])([H:12])[H:13])([H:14])[H:15])[H:17],26.0,6.0
13,0.04225999932913553,AM1BCC,OpenEye,,,H,,14,[H:16][C:7]1([C:6]([C:5]([C:4]([C:9]([C:8]1([H:18])[H:19])([H:20])[H:21])([H:11])[C:2](=[O:1])[O:3][H:10])([H:12])[H:13])([H:14])[H:15])[H:17],26.0,6.0
14,0.04225999932913553,AM1BCC,OpenEye,,,H,,15,[H:16][C:7]1([C:6]([C:5]([C:4]([C:9]([C:8]1([H:18])[H:19])([H:20])[H:21])([H:11])[C:2](=[O:1])[O:3][H:10])([H:12])[H:13])([H:14])[H:15])[H:17],26.0,6.0
15,0.048939999902532214,AM1BCC,OpenEye,,,H,,16,[H:16][C:7]1([C:6]([C:5]([C:4]([C:9]([C:8]1([H:18])[H:19])([H:20])[H:21])([H:11])[C:2](=[O:1])[O:3][H:10])([H:12])[H:13])([H:14])[H:15])[H:17],26.0,6.0
16,0.048939999902532214,AM1BCC,OpenEye,,,H,,17,[H:16][C:7]1([C:6]([C:5]([C:4]([C:9]([C:8]1([H:18])[H:19])([H:20])[H:21])([H:11])[C:2](=[O:1])[O:3][H:10])([H:12])[H:13])([H:14])[H:15])[H:17],26.0,6.0
17,0.04225999932913553,AM1BCC,OpenEye,,,H,,18,[H:16][C:7]1([C:6]([C:5]([C:4]([C:9]([C:8]1([H:18])[H:19])([H:20])[H:21])([H:11])[C:2](=[O:1])[O:3][H:10])([H:12])[H:13])([H:14])[H:15])[H:17],26.0,6.0
18,0.04225999932913553,AM1BCC,OpenEye,,,H,,19,[H:16][C:7]1([C:6]([C:5]([C:4]([C:9]([C:8]1([H:18])[H:19])([H:20])[H:21])([H:11])[C:2](=[O:1])[O:3][H:10])([H:12])[H:13])([H:14])[H:15])[H:17],26.0,6.0
19,0.056340002233073824,AM1BCC,OpenEye,,,H,,20,[H:16][C:7]1([C:6]([C:5]([C:4]([C:9]([C:8]1([H:18])[H:19])([H:20])[H:21])([H:11])[C:2](=[O:1])[O:3][H:10])([H:12])[H:13])([H:14])[H:15])[H:17],26.0,6.0
20,0.056340002233073824,AM1BCC,OpenEye,,,H,,21,[H:16][C:7]1([C:6]([C:5]([C:4]([C:9]([C:8]1([H:18])[H:19])([H:20])[H:21])([H:11])[C:2](=[O:1])[O:3][H:10])([H:12])[H:13])([H:14])[H:15])[H:17],26.0,6.0
0,-0.551,AM1BCC,AmberTools,,,O,,1,[H:16][C:7]1([C:6]([C:5]([C:4]([C:9]([C:8]1([H:18])[H:19])([H:20])[H:21])([H:11])[C:2](=[O:1])[O:3][H:10])([H:12])[H:13])([H:14])[H:15])[H:17],26.0,6.0
1,0.6361,AM1BCC,AmberTools,,,C,,2,[H:16][C:7]1([C:6]([C:5]([C:4]([C:9]([C:8]1([H:18])[H:19])([H:20])[H:21])([H:11])[C:2](=[O:1])[O:3][H:10])([H:12])[H:13])([H:14])[H:15])[H:17],26.0,6.0
2,-0.6111,AM1BCC,AmberTools,,,O,,3,[H:16][C:7]1([C:6]([C:5]([C:4]([C:9]([C:8]1([H:18])[H:19])([H:20])[H:21])([H:11])[C:2](=[O:1])[O:3][H:10])([H:12])[H:13])([H:14])[H:15])[H:17],26.0,6.0
3,-0.1037,AM1BCC,AmberTools,,,C,,4,[H:16][C:7]1([C:6]([C:5]([C:4]([C:9]([C:8]1([H:18])[H:19])([H:20])[H:21])([H:11])[C:2](=[O:1])[O:3][H:10])([H:12])[H:13])([H:14])[H:15])[H:17],26.0,6.0
4,-0.0719,AM1BCC,AmberTools,,,C,,5,[H:16][C:7]1([C:6]([C:5]([C:4]([C:9]([C:8]1([H:18])[H:19])([H:20])[H:21])([H:11])[C:2](=[O:1])[O:3][H:10])([H:12])[H:13])([H:14])[H:15])[H:17],26.0,6.0
5,-0.0784,AM1BCC,AmberTools,,,C,,6,[H:16][C:7]1([C:6]([C:5]([C:4]([C:9]([C:8]1([H:18])[H:19])([H:20])[H:21])([H:11])[C:2](=[O:1])[O:3][H:10])([H:12])[H:13])([H:14])[H:15])[H:17],26.0,6.0
6,-0.0774,AM1BCC,AmberTools,,,C,,7,[H:16][C:7]1([C:6]([C:5]([C:4]([C:9]([C:8]1([H:18])[H:19])([H:20])[H:21])([H:11])[C:2](=[O:1])[O:3][H:10])([H:12])[H:13])([H:14])[H:15])[H:17],26.0,6.0
7,-0.0784,AM1BCC,AmberTools,,,C,,8,[H:16][C:7]1([C:6]([C:5]([C:4]([C:9]([C:8]1([H:18])[H:19])([H:20])[H:21])([H:11])[C:2](=[O:1])[O:3][H:10])([H:12])[H:13])([H:14])[H:15])[H:17],26.0,6.0
8,-0.0719,AM1BCC,AmberTools,,,C,,9,[H:16][C:7]1([C:6]([C:5]([C:4]([C:9]([C:8]1([H:18])[H:19])([H:20])[H:21])([H:11])[C:2](=[O:1])[O:3][H:10])([H:12])[H:13])([H:14])[H:15])[H:17],26.0,6.0
9,0.442,AM1BCC,AmberTools,,,H,,10,[H:16][C:7]1([C:6]([C:5]([C:4]([C:9]([C:8]1([H:18])[H:19])([H:20])[H:21])([H:11])[C:2](=[O:1])[O:3][H:10])([H:12])[H:13])([H:14])[H:15])[H:17],26.0,6.0
10,0.0807,AM1BCC,AmberTools,,,H,,11,[H:16][C:7]1([C:6]([C:5]([C:4]([C:9]([C:8]1([H:18])[H:19])([H:20])[H:21])([H:11])[C:2](=[O:1])[O:3][H:10])([H:12])[H:13])([H:14])[H:15])[H:17],26.0,6.0
11,0.05445,AM1BCC,AmberTools,,,H,,12,[H:16][C:7]1([C:6]([C:5]([C:4]([C:9]([C:8]1([H:18])[H:19])([H:20])[H:21])([H:11])[C:2](=[O:1])[O:3][H:10])([H:12])[H:13])([H:14])[H:15])[H:17],26.0,6.0
12,0.05445,AM1BCC,AmberTools,,,H,,13,[H:16][C:7]1([C:6]([C:5]([C:4]([C:9]([C:8]1([H:18])[H:19])([H:20])[H:21])([H:11])[C:2](=[O:1])[O:3][H:10])([H:12])[H:13])([H:14])[H:15])[H:17],26.0,6.0
13,0.0462,AM1BCC,AmberTools,,,H,,14,[H:16][C:7]1([C:6]([C:5]([C:4]([C:9]([C:8]1([H:18])[H:19])([H:20])[H:21])([H:11])[C:2](=[O:1])[O:3][H:10])([H:12])[H:13])([H:14])[H:15])[H:17],26.0,6.0
14,0.0462,AM1BCC,AmberTools,,,H,,15,[H:16][C:7]1([C:6]([C:5]([C:4]([C:9]([C:8]1([H:18])[H:19])([H:20])[H:21])([H:11])[C:2](=[O:1])[O:3][H:10])([H:12])[H:13])([H:14])[H:15])[H:17],26.0,6.0
15,0.0412,AM1BCC,AmberTools,,,H,,16,[H:16][C:7]1([C:6]([C:5]([C:4]([C:9]([C:8]1([H:18])[H:19])([H:20])[H:21])([H:11])[C:2](=[O:1])[O:3][H:10])([H:12])[H:13])([H:14])[H:15])[H:17],26.0,6.0
16,0.0412,AM1BCC,AmberTools,,,H,,17,[H:16][C:7]1([C:6]([C:5]([C:4]([C:9]([C:8]1([H:18])[H:19])([H:20])[H:21])([H:11])[C:2](=[O:1])[O:3][H:10])([H:12])[H:13])([H:14])[H:15])[H:17],26.0,6.0
17,0.0462,AM1BCC,AmberTools,,,H,,18,[H:16][C:7]1([C:6]([C:5]([C:4]([C:9]([C:8]1([H:18])[H:19])([H:20])[H:21])([H:11])[C:2](=[O:1])[O:3][H:10])([H:12])[H:13])([H:14])[H:15])[H:17],26.0,6.0
18,0.0462,AM1BCC,AmberTools,,,H,,19,[H:16][C:7]1([C:6]([C:5]([C:4]([C:9]([C:8]1([H:18])[H:19])([H:20])[H:21])([H:11])[C:2](=[O:1])[O:3][H:10])([H:12])[H:13])([H:14])[H:15])[H:17],26.0,6.0
19,0.05445,AM1BCC,AmberTools,,,H,,20,[H:16][C:7]1([C:6]([C:5]([C:4]([C:9]([C:8]1([H:18])[H:19])([H:20])[H:21])([H:11])[C:2](=[O:1])[O:3][H:10])([H:12])[H:13])([H:14])[H:15])[H:17],26.0,6.0
20,0.05445,AM1BCC,AmberTools,,,H,,21,[H:16][C:7]1([C:6]([C:5]([C:4]([C:9]([C:8]1([H:18])[H:19])([H:20])[H:21])([H:11])[C:2](=[O:1])[O:3][H:10])([H:12])[H:13])([H:14])[H:15])[H:17],26.0,6.0
0,-0.5565500252303623,AM1BCC,OpenEye,,,O,,1,[H:16][C:7]1([C:6]([C:5]([C:4]([C:9]([C:8]1([H:18])[H:19])([H:20])[H:21])([H:11])[C:2](=[O:1])[O:3][H:10])([H:12])[H:13])([H:14])[H:15])[H:17],26.0,7.0
1,0.6354200251045681,AM1BCC,OpenEye,,,C,,2,[H:16][C:7]1([C:6]([C:5]([C:4]([C:9]([C:8]1([H:18])[H:19])([H:20])[H:21])([H:11])[C:2](=[O:1])[O:3][H:10])([H:12])[H:13])([H:14])[H:15])[H:17],26.0,7.0
2,-0.6030499928054356,AM1BCC,OpenEye,,,O,,3,[H:16][C:7]1([C:6]([C:5]([C:4]([C:9]([C:8]1([H:18])[H:19])([H:20])[H:21])([H:11])[C:2](=[O:1])[O:3][H:10])([H:12])[H:13])([H:14])[H:15])[H:17],26.0,7.0
3,-0.09982000220389593,AM1BCC,OpenEye,,,C,,4,[H:16][C:7]1([C:6]([C:5]([C:4]([C:9]([C:8]1([H:18])[H:19])([H:20])[H:21])([H:11])[C:2](=[O:1])[O:3][H:10])([H:12])[H:13])([H:14])[H:15])[H:17],26.0,7.0
4,-0.07511000264258612,AM1BCC,OpenEye,,,C,,5,[H:16][C:7]1([C:6]([C:5]([C:4]([C:9]([C:8]1([H:18])[H:19])([H:20])[H:21])([H:11])[C:2](=[O:1])[O:3][H:10])([H:12])[H:13])([H:14])[H:15])[H:17],26.0,7.0
5,-0.07738000083537329,AM1BCC,OpenEye,,,C,,6,[H:16][C:7]1([C:6]([C:5]([C:4]([C:9]([C:8]1([H:18])[H:19])([H:20])[H:21])([H:11])[C:2](=[O:1])[O:3][H:10])([H:12])[H:13])([H:14])[H:15])[H:17],26.0,7.0
6,-0.08506999838919867,AM1BCC,OpenEye,,,C,,7,[H:16][C:7]1([C:6]([C:5]([C:4]([C:9]([C:8]1([H:18])[H:19])([H:20])[H:21])([H:11])[C:2](=[O:1])[O:3][H:10])([H:12])[H:13])([H:14])[H:15])[H:17],26.0,7.0
7,-0.07738000083537329,AM1BCC,OpenEye,,,C,,8,[H:16][C:7]1([C:6]([C:5]([C:4]([C:9]([C:8]1([H:18])[H:19])([H:20])[H:21])([H:11])[C:2](=[O:1])[O:3][H:10])([H:12])[H:13])([H:14])[H:15])[H:17],26.0,7.0
8,-0.07511000264258612,AM1BCC,OpenEye,,,C,,9,[H:16][C:7]1([C:6]([C:5]([C:4]([C:9]([C:8]1([H:18])[H:19])([H:20])[H:21])([H:11])[C:2](=[O:1])[O:3][H:10])([H:12])[H:13])([H:14])[H:15])[H:17],26.0,7.0
9,0.44273999404339565,AM1BCC,OpenEye,,,H,,10,[H:16][C:7]1([C:6]([C:5]([C:4]([C:9]([C:8]1([H:18])[H:19])([H:20])[H:21])([H:11])[C:2](=[O:1])[O:3][H:10])([H:12])[H:13])([H:14])[H:15])[H:17],26.0,7.0
10,0.07903000038294565,AM1BCC,OpenEye,,,H,,11,[H:16][C:7]1([C:6]([C:5]([C:4]([C:9]([C:8]1([H:18])[H:19])([H:20])[H:21])([H:11])[C:2](=[O:1])[O:3][H:10])([H:12])[H:13])([H:14])[H:15])[H:17],26.0,7.0
11,0.056340002233073824,AM1BCC,OpenEye,,,H,,12,[H:16][C:7]1([C:6]([C:5]([C:4]([C:9]([C:8]1([H:18])[H:19])([H:20])[H:21])([H:11])[C:2](=[O:1])[O:3][H:10])([H:12])[H:13])([H:14])[H:15])[H:17],26.0,7.0
12,0.056340002233073824,AM1BCC,OpenEye,,,H,,13,[H:16][C:7]1([C:6]([C:5]([C:4]([C:9]([C:8]1([H:18])[H:19])([H:20])[H:21])([H:11])[C:2](=[O:1])[O:3][H:10])([H:12])[H:13])([H:14])[H:15])[H:17],26.0,7.0
13,0.04225999932913553,AM1BCC,OpenEye,,,H,,14,[H:16][C:7]1([C:6]([C:5]([C:4]([C:9]([C:8]1([H:18])[H:19])([H:20])[H:21])([H:11])[C:2](=[O:1])[O:3][H:10])([H:12])[H:13])([H:14])[H:15])[H:17],26.0,7.0
14,0.04225999932913553,AM1BCC,OpenEye,,,H,,15,[H:16][C:7]1([C:6]([C:5]([C:4]([C:9]([C:8]1([H:18])[H:19])([H:20])[H:21])([H:11])[C:2](=[O:1])[O:3][H:10])([H:12])[H:13])([H:14])[H:15])[H:17],26.0,7.0
15,0.048939999902532214,AM1BCC,OpenEye,,,H,,16,[H:16][C:7]1([C:6]([C:5]([C:4]([C:9]([C:8]1([H:18])[H:19])([H:20])[H:21])([H:11])[C:2](=[O:1])[O:3][H:10])([H:12])[H:13])([H:14])[H:15])[H:17],26.0,7.0
16,0.048939999902532214,AM1BCC,OpenEye,,,H,,17,[H:16][C:7]1([C:6]([C:5]([C:4]([C:9]([C:8]1([H:18])[H:19])([H:20])[H:21])([H:11])[C:2](=[O:1])[O:3][H:10])([H:12])[H:13])([H:14])[H:15])[H:17],26.0,7.0
17,0.04225999932913553,AM1BCC,OpenEye,,,H,,18,[H:16][C:7]1([C:6]([C:5]([C:4]([C:9]([C:8]1([H:18])[H:19])([H:20])[H:21])([H:11])[C:2](=[O:1])[O:3][H:10])([H:12])[H:13])([H:14])[H:15])[H:17],26.0,7.0
18,0.04225999932913553,AM1BCC,OpenEye,,,H,,19,[H:16][C:7]1([C:6]([C:5]([C:4]([C:9]([C:8]1([H:18])[H:19])([H:20])[H:21])([H:11])[C:2](=[O:1])[O:3][H:10])([H:12])[H:13])([H:14])[H:15])[H:17],26.0,7.0
19,0.056340002233073824,AM1BCC,OpenEye,,,H,,20,[H:16][C:7]1([C:6]([C:5]([C:4]([C:9]([C:8]1([H:18])[H:19])([H:20])[H:21])([H:11])[C:2](=[O:1])[O:3][H:10])([H:12])[H:13])([H:14])[H:15])[H:17],26.0,7.0
20,0.056340002233073824,AM1BCC,OpenEye,,,H,,21,[H:16][C:7]1([C:6]([C:5]([C:4]([C:9]([C:8]1([H:18])[H:19])([H:20])[H:21])([H:11])[C:2](=[O:1])[O:3][H:10])([H:12])[H:13])([H:14])[H:15])[H:17],26.0,7.0
0,-0.551,AM1BCC,AmberTools,,,O,,1,[H:16][C:7]1([C:6]([C:5]([C:4]([C:9]([C:8]1([H:18])[H:19])([H:20])[H:21])([H:11])[C:2](=[O:1])[O:3][H:10])([H:12])[H:13])([H:14])[H:15])[H:17],26.0,7.0
1,0.6361,AM1BCC,AmberTools,,,C,,2,[H:16][C:7]1([C:6]([C:5]([C:4]([C:9]([C:8]1([H:18])[H:19])([H:20])[H:21])([H:11])[C:2](=[O:1])[O:3][H:10])([H:12])[H:13])([H:14])[H:15])[H:17],26.0,7.0
2,-0.6111,AM1BCC,AmberTools,,,O,,3,[H:16][C:7]1([C:6]([C:5]([C:4]([C:9]([C:8]1([H:18])[H:19])([H:20])[H:21])([H:11])[C:2](=[O:1])[O:3][H:10])([H:12])[H:13])([H:14])[H:15])[H:17],26.0,7.0
3,-0.1037,AM1BCC,AmberTools,,,C,,4,[H:16][C:7]1([C:6]([C:5]([C:4]([C:9]([C:8]1([H:18])[H:19])([H:20])[H:21])([H:11])[C:2](=[O:1])[O:3][H:10])([H:12])[H:13])([H:14])[H:15])[H:17],26.0,7.0
4,-0.0719,AM1BCC,AmberTools,,,C,,5,[H:16][C:7]1([C:6]([C:5]([C:4]([C:9]([C:8]1([H:18])[H:19])([H:20])[H:21])([H:11])[C:2](=[O:1])[O:3][H:10])([H:12])[H:13])([H:14])[H:15])[H:17],26.0,7.0
5,-0.0784,AM1BCC,AmberTools,,,C,,6,[H:16][C:7]1([C:6]([C:5]([C:4]([C:9]([C:8]1([H:18])[H:19])([H:20])[H:21])([H:11])[C:2](=[O:1])[O:3][H:10])([H:12])[H:13])([H:14])[H:15])[H:17],26.0,7.0
6,-0.0774,AM1BCC,AmberTools,,,C,,7,[H:16][C:7]1([C:6]([C:5]([C:4]([C:9]([C:8]1([H:18])[H:19])([H:20])[H:21])([H:11])[C:2](=[O:1])[O:3][H:10])([H:12])[H:13])([H:14])[H:15])[H:17],26.0,7.0
7,-0.0784,AM1BCC,AmberTools,,,C,,8,[H:16][C:7]1([C:6]([C:5]([C:4]([C:9]([C:8]1([H:18])[H:19])([H:20])[H:21])([H:11])[C:2](=[O:1])[O:3][H:10])([H:12])[H:13])([H:14])[H:15])[H:17],26.0,7.0
8,-0.0719,AM1BCC,AmberTools,,,C,,9,[H:16][C:7]1([C:6]([C:5]([C:4]([C:9]([C:8]1([H:18])[H:19])([H:20])[H:21])([H:11])[C:2](=[O:1])[O:3][H:10])([H:12])[H:13])([H:14])[H:15])[H:17],26.0,7.0
9,0.442,AM1BCC,AmberTools,,,H,,10,[H:16][C:7]1([C:6]([C:5]([C:4]([C:9]([C:8]1([H:18])[H:19])([H:20])[H:21])([H:11])[C:2](=[O:1])[O:3][H:10])([H:12])[H:13])([H:14])[H:15])[H:17],26.0,7.0
10,0.0807,AM1BCC,AmberTools,,,H,,11,[H:16][C:7]1([C:6]([C:5]([C:4]([C:9]([C:8]1([H:18])[H:19])([H:20])[H:21])([H:11])[C:2](=[O:1])[O:3][H:10])([H:12])[H:13])([H:14])[H:15])[H:17],26.0,7.0
11,0.05445,AM1BCC,AmberTools,,,H,,12,[H:16][C:7]1([C:6]([C:5]([C:4]([C:9]([C:8]1([H:18])[H:19])([H:20])[H:21])([H:11])[C:2](=[O:1])[O:3][H:10])([H:12])[H:13])([H:14])[H:15])[H:17],26.0,7.0
12,0.05445,AM1BCC,AmberTools,,,H,,13,[H:16][C:7]1([C:6]([C:5]([C:4]([C:9]([C:8]1([H:18])[H:19])([H:20])[H:21])([H:11])[C:2](=[O:1])[O:3][H:10])([H:12])[H:13])([H:14])[H:15])[H:17],26.0,7.0
13,0.0462,AM1BCC,AmberTools,,,H,,14,[H:16][C:7]1([C:6]([C:5]([C:4]([C:9]([C:8]1([H:18])[H:19])([H:20])[H:21])([H:11])[C:2](=[O:1])[O:3][H:10])([H:12])[H:13])([H:14])[H:15])[H:17],26.0,7.0
14,0.0462,AM1BCC,AmberTools,,,H,,15,[H:16][C:7]1([C:6]([C:5]([C:4]([C:9]([C:8]1([H:18])[H:19])([H:20])[H:21])([H:11])[C:2](=[O:1])[O:3][H:10])([H:12])[H:13])([H:14])[H:15])[H:17],26.0,7.0
15,0.0412,AM1BCC,AmberTools,,,H,,16,[H:16][C:7]1([C:6]([C:5]([C:4]([C:9]([C:8]1([H:18])[H:19])([H:20])[H:21])([H:11])[C:2](=[O:1])[O:3][H:10])([H:12])[H:13])([H:14])[H:15])[H:17],26.0,7.0
16,0.0412,AM1BCC,AmberTools,,,H,,17,[H:16][C:7]1([C:6]([C:5]([C:4]([C:9]([C:8]1([H:18])[H:19])([H:20])[H:21])([H:11])[C:2](=[O:1])[O:3][H:10])([H:12])[H:13])([H:14])[H:15])[H:17],26.0,7.0
17,0.0462,AM1BCC,AmberTools,,,H,,18,[H:16][C:7]1([C:6]([C:5]([C:4]([C:9]([C:8]1([H:18])[H:19])([H:20])[H:21])([H:11])[C:2](=[O:1])[O:3][H:10])([H:12])[H:13])([H:14])[H:15])[H:17],26.0,7.0
18,0.0462,AM1BCC,AmberTools,,,H,,19,[H:16][C:7]1([C:6]([C:5]([C:4]([C:9]([C:8]1([H:18])[H:19])([H:20])[H:21])([H:11])[C:2](=[O:1])[O:3][H:10])([H:12])[H:13])([H:14])[H:15])[H:17],26.0,7.0
19,0.05445,AM1BCC,AmberTools,,,H,,20,[H:16][C:7]1([C:6]([C:5]([C:4]([C:9]([C:8]1([H:18])[H:19])([H:20])[H:21])([H:11])[C:2](=[O:1])[O:3][H:10])([H:12])[H:13])([H:14])[H:15])[H:17],26.0,7.0
20,0.05445,AM1BCC,AmberTools,,,H,,21,[H:16][C:7]1([C:6]([C:5]([C:4]([C:9]([C:8]1([H:18])[H:19])([H:20])[H:21])([H:11])[C:2](=[O:1])[O:3][H:10])([H:12])[H:13])([H:14])[H:15])[H:17],26.0,7.0
0,-0.5565500252303623,AM1BCC,OpenEye,,,O,,1,[H:16][C:7]1([C:6]([C:5]([C:4]([C:9]([C:8]1([H:18])[H:19])([H:20])[H:21])([H:11])[C:2](=[O:1])[O:3][H:10])([H:12])[H:13])([H:14])[H:15])[H:17],26.0,8.0
1,0.6354200251045681,AM1BCC,OpenEye,,,C,,2,[H:16][C:7]1([C:6]([C:5]([C:4]([C:9]([C:8]1([H:18])[H:19])([H:20])[H:21])([H:11])[C:2](=[O:1])[O:3][H:10])([H:12])[H:13])([H:14])[H:15])[H:17],26.0,8.0
2,-0.6030499928054356,AM1BCC,OpenEye,,,O,,3,[H:16][C:7]1([C:6]([C:5]([C:4]([C:9]([C:8]1([H:18])[H:19])([H:20])[H:21])([H:11])[C:2](=[O:1])[O:3][H:10])([H:12])[H:13])([H:14])[H:15])[H:17],26.0,8.0
3,-0.09982000220389593,AM1BCC,OpenEye,,,C,,4,[H:16][C:7]1([C:6]([C:5]([C:4]([C:9]([C:8]1([H:18])[H:19])([H:20])[H:21])([H:11])[C:2](=[O:1])[O:3][H:10])([H:12])[H:13])([H:14])[H:15])[H:17],26.0,8.0
4,-0.07511000264258612,AM1BCC,OpenEye,,,C,,5,[H:16][C:7]1([C:6]([C:5]([C:4]([C:9]([C:8]1([H:18])[H:19])([H:20])[H:21])([H:11])[C:2](=[O:1])[O:3][H:10])([H:12])[H:13])([H:14])[H:15])[H:17],26.0,8.0
5,-0.07738000083537329,AM1BCC,OpenEye,,,C,,6,[H:16][C:7]1([C:6]([C:5]([C:4]([C:9]([C:8]1([H:18])[H:19])([H:20])[H:21])([H:11])[C:2](=[O:1])[O:3][H:10])([H:12])[H:13])([H:14])[H:15])[H:17],26.0,8.0
6,-0.08506999838919867,AM1BCC,OpenEye,,,C,,7,[H:16][C:7]1([C:6]([C:5]([C:4]([C:9]([C:8]1([H:18])[H:19])([H:20])[H:21])([H:11])[C:2](=[O:1])[O:3][H:10])([H:12])[H:13])([H:14])[H:15])[H:17],26.0,8.0
7,-0.07738000083537329,AM1BCC,OpenEye,,,C,,8,[H:16][C:7]1([C:6]([C:5]([C:4]([C:9]([C:8]1([H:18])[H:19])([H:20])[H:21])([H:11])[C:2](=[O:1])[O:3][H:10])([H:12])[H:13])([H:14])[H:15])[H:17],26.0,8.0
8,-0.07511000264258612,AM1BCC,OpenEye,,,C,,9,[H:16][C:7]1([C:6]([C:5]([C:4]([C:9]([C:8]1([H:18])[H:19])([H:20])[H:21])([H:11])[C:2](=[O:1])[O:3][H:10])([H:12])[H:13])([H:14])[H:15])[H:17],26.0,8.0
9,0.44273999404339565,AM1BCC,OpenEye,,,H,,10,[H:16][C:7]1([C:6]([C:5]([C:4]([C:9]([C:8]1([H:18])[H:19])([H:20])[H:21])([H:11])[C:2](=[O:1])[O:3][H:10])([H:12])[H:13])([H:14])[H:15])[H:17],26.0,8.0
10,0.07903000038294565,AM1BCC,OpenEye,,,H,,11,[H:16][C:7]1([C:6]([C:5]([C:4]([C:9]([C:8]1([H:18])[H:19])([H:20])[H:21])([H:11])[C:2](=[O:1])[O:3][H:10])([H:12])[H:13])([H:14])[H:15])[H:17],26.0,8.0
11,0.056340002233073824,AM1BCC,OpenEye,,,H,,12,[H:16][C:7]1([C:6]([C:5]([C:4]([C:9]([C:8]1([H:18])[H:19])([H:20])[H:21])([H:11])[C:2](=[O:1])[O:3][H:10])([H:12])[H:13])([H:14])[H:15])[H:17],26.0,8.0
12,0.056340002233073824,AM1BCC,OpenEye,,,H,,13,[H:16][C:7]1([C:6]([C:5]([C:4]([C:9]([C:8]1([H:18])[H:19])([H:20])[H:21])([H:11])[C:2](=[O:1])[O:3][H:10])([H:12])[H:13])([H:14])[H:15])[H:17],26.0,8.0
13,0.04225999932913553,AM1BCC,OpenEye,,,H,,14,[H:16][C:7]1([C:6]([C:5]([C:4]([C:9]([C:8]1([H:18])[H:19])([H:20])[H:21])([H:11])[C:2](=[O:1])[O:3][H:10])([H:12])[H:13])([H:14])[H:15])[H:17],26.0,8.0
14,0.04225999932913553,AM1BCC,OpenEye,,,H,,15,[H:16][C:7]1([C:6]([C:5]([C:4]([C:9]([C:8]1([H:18])[H:19])([H:20])[H:21])([H:11])[C:2](=[O:1])[O:3][H:10])([H:12])[H:13])([H:14])[H:15])[H:17],26.0,8.0
15,0.048939999902532214,AM1BCC,OpenEye,,,H,,16,[H:16][C:7]1([C:6]([C:5]([C:4]([C:9]([C:8]1([H:18])[H:19])([H:20])[H:21])([H:11])[C:2](=[O:1])[O:3][H:10])([H:12])[H:13])([H:14])[H:15])[H:17],26.0,8.0
16,0.048939999902532214,AM1BCC,OpenEye,,,H,,17,[H:16][C:7]1([C:6]([C:5]([C:4]([C:9]([C:8]1([H:18])[H:19])([H:20])[H:21])([H:11])[C:2](=[O:1])[O:3][H:10])([H:12])[H:13])([H:14])[H:15])[H:17],26.0,8.0
17,0.04225999932913553,AM1BCC,OpenEye,,,H,,18,[H:16][C:7]1([C:6]([C:5]([C:4]([C:9]([C:8]1([H:18])[H:19])([H:20])[H:21])([H:11])[C:2](=[O:1])[O:3][H:10])([H:12])[H:13])([H:14])[H:15])[H:17],26.0,8.0
18,0.04225999932913553,AM1BCC,OpenEye,,,H,,19,[H:16][C:7]1([C:6]([C:5]([C:4]([C:9]([C:8]1([H:18])[H:19])([H:20])[H:21])([H:11])[C:2](=[O:1])[O:3][H:10])([H:12])[H:13])([H:14])[H:15])[H:17],26.0,8.0
19,0.056340002233073824,AM1BCC,OpenEye,,,H,,20,[H:16][C:7]1([C:6]([C:5]([C:4]([C:9]([C:8]1([H:18])[H:19])([H:20])[H:21])([H:11])[C:2](=[O:1])[O:3][H:10])([H:12])[H:13])([H:14])[H:15])[H:17],26.0,8.0
20,0.056340002233073824,AM1BCC,OpenEye,,,H,,21,[H:16][C:7]1([C:6]([C:5]([C:4]([C:9]([C:8]1([H:18])[H:19])([H:20])[H:21])([H:11])[C:2](=[O:1])[O:3][H:10])([H:12])[H:13])([H:14])[H:15])[H:17],26.0,8.0
0,-0.551,AM1BCC,AmberTools,,,O,,1,[H:16][C:7]1([C:6]([C:5]([C:4]([C:9]([C:8]1([H:18])[H:19])([H:20])[H:21])([H:11])[C:2](=[O:1])[O:3][H:10])([H:12])[H:13])([H:14])[H:15])[H:17],26.0,8.0
1,0.6361,AM1BCC,AmberTools,,,C,,2,[H:16][C:7]1([C:6]([C:5]([C:4]([C:9]([C:8]1([H:18])[H:19])([H:20])[H:21])([H:11])[C:2](=[O:1])[O:3][H:10])([H:12])[H:13])([H:14])[H:15])[H:17],26.0,8.0
2,-0.6111,AM1BCC,AmberTools,,,O,,3,[H:16][C:7]1([C:6]([C:5]([C:4]([C:9]([C:8]1([H:18])[H:19])([H:20])[H:21])([H:11])[C:2](=[O:1])[O:3][H:10])([H:12])[H:13])([H:14])[H:15])[H:17],26.0,8.0
3,-0.1037,AM1BCC,AmberTools,,,C,,4,[H:16][C:7]1([C:6]([C:5]([C:4]([C:9]([C:8]1([H:18])[H:19])([H:20])[H:21])([H:11])[C:2](=[O:1])[O:3][H:10])([H:12])[H:13])([H:14])[H:15])[H:17],26.0,8.0
4,-0.0719,AM1BCC,AmberTools,,,C,,5,[H:16][C:7]1([C:6]([C:5]([C:4]([C:9]([C:8]1([H:18])[H:19])([H:20])[H:21])([H:11])[C:2](=[O:1])[O:3][H:10])([H:12])[H:13])([H:14])[H:15])[H:17],26.0,8.0
5,-0.0784,AM1BCC,AmberTools,,,C,,6,[H:16][C:7]1([C:6]([C:5]([C:4]([C:9]([C:8]1([H:18])[H:19])([H:20])[H:21])([H:11])[C:2](=[O:1])[O:3][H:10])([H:12])[H:13])([H:14])[H:15])[H:17],26.0,8.0
6,-0.0774,AM1BCC,AmberTools,,,C,,7,[H:16][C:7]1([C:6]([C:5]([C:4]([C:9]([C:8]1([H:18])[H:19])([H:20])[H:21])([H:11])[C:2](=[O:1])[O:3][H:10])([H:12])[H:13])([H:14])[H:15])[H:17],26.0,8.0
7,-0.0784,AM1BCC,AmberTools,,,C,,8,[H:16][C:7]1([C:6]([C:5]([C:4]([C:9]([C:8]1([H:18])[H:19])([H:20])[H:21])([H:11])[C:2](=[O:1])[O:3][H:10])([H:12])[H:13])([H:14])[H:15])[H:17],26.0,8.0
8,-0.0719,AM1BCC,AmberTools,,,C,,9,[H:16][C:7]1([C:6]([C:5]([C:4]([C:9]([C:8]1([H:18])[H:19])([H:20])[H:21])([H:11])[C:2](=[O:1])[O:3][H:10])([H:12])[H:13])([H:14])[H:15])[H:17],26.0,8.0
9,0.442,AM1BCC,AmberTools,,,H,,10,[H:16][C:7]1([C:6]([C:5]([C:4]([C:9]([C:8]1([H:18])[H:19])([H:20])[H:21])([H:11])[C:2](=[O:1])[O:3][H:10])([H:12])[H:13])([H:14])[H:15])[H:17],26.0,8.0
10,0.0807,AM1BCC,AmberTools,,,H,,11,[H:16][C:7]1([C:6]([C:5]([C:4]([C:9]([C:8]1([H:18])[H:19])([H:20])[H:21])([H:11])[C:2](=[O:1])[O:3][H:10])([H:12])[H:13])([H:14])[H:15])[H:17],26.0,8.0
11,0.05445,AM1BCC,AmberTools,,,H,,12,[H:16][C:7]1([C:6]([C:5]([C:4]([C:9]([C:8]1([H:18])[H:19])([H:20])[H:21])([H:11])[C:2](=[O:1])[O:3][H:10])([H:12])[H:13])([H:14])[H:15])[H:17],26.0,8.0
12,0.05445,AM1BCC,AmberTools,,,H,,13,[H:16][C:7]1([C:6]([C:5]([C:4]([C:9]([C:8]1([H:18])[H:19])([H:20])[H:21])([H:11])[C:2](=[O:1])[O:3][H:10])([H:12])[H:13])([H:14])[H:15])[H:17],26.0,8.0
13,0.0462,AM1BCC,AmberTools,,,H,,14,[H:16][C:7]1([C:6]([C:5]([C:4]([C:9]([C:8]1([H:18])[H:19])([H:20])[H:21])([H:11])[C:2](=[O:1])[O:3][H:10])([H:12])[H:13])([H:14])[H:15])[H:17],26.0,8.0
14,0.0462,AM1BCC,AmberTools,,,H,,15,[H:16][C:7]1([C:6]([C:5]([C:4]([C:9]([C:8]1([H:18])[H:19])([H:20])[H:21])([H:11])[C:2](=[O:1])[O:3][H:10])([H:12])[H:13])([H:14])[H:15])[H:17],26.0,8.0
15,0.0412,AM1BCC,AmberTools,,,H,,16,[H:16][C:7]1([C:6]([C:5]([C:4]([C:9]([C:8]1([H:18])[H:19])([H:20])[H:21])([H:11])[C:2](=[O:1])[O:3][H:10])([H:12])[H:13])([H:14])[H:15])[H:17],26.0,8.0
16,0.0412,AM1BCC,AmberTools,,,H,,17,[H:16][C:7]1([C:6]([C:5]([C:4]([C:9]([C:8]1([H:18])[H:19])([H:20])[H:21])([H:11])[C:2](=[O:1])[O:3][H:10])([H:12])[H:13])([H:14])[H:15])[H:17],26.0,8.0
17,0.0462,AM1BCC,AmberTools,,,H,,18,[H:16][C:7]1([C:6]([C:5]([C:4]([C:9]([C:8]1([H:18])[H:19])([H:20])[H:21])([H:11])[C:2](=[O:1])[O:3][H:10])([H:12])[H:13])([H:14])[H:15])[H:17],26.0,8.0
18,0.0462,AM1BCC,AmberTools,,,H,,19,[H:16][C:7]1([C:6]([C:5]([C:4]([C:9]([C:8]1([H:18])[H:19])([H:20])[H:21])([H:11])[C:2](=[O:1])[O:3][H:10])([H:12])[H:13])([H:14])[H:15])[H:17],26.0,8.0
19,0.05445,AM1BCC,AmberTools,,,H,,20,[H:16][C:7]1([C:6]([C:5]([C:4]([C:9]([C:8]1([H:18])[H:19])([H:20])[H:21])([H:11])[C:2](=[O:1])[O:3][H:10])([H:12])[H:13])([H:14])[H:15])[H:17],26.0,8.0
20,0.05445,AM1BCC,AmberTools,,,H,,21,[H:16][C:7]1([C:6]([C:5]([C:4]([C:9]([C:8]1([H:18])[H:19])([H:20])[H:21])([H:11])[C:2](=[O:1])[O:3][H:10])([H:12])[H:13])([H:14])[H:15])[H:17],26.0,8.0
0,-0.5565500252303623,AM1BCC,OpenEye,,,O,,1,[H:16][C:7]1([C:6]([C:5]([C:4]([C:9]([C:8]1([H:18])[H:19])([H:20])[H:21])([H:11])[C:2](=[O:1])[O:3][H:10])([H:12])[H:13])([H:14])[H:15])[H:17],26.0,9.0
1,0.6354200251045681,AM1BCC,OpenEye,,,C,,2,[H:16][C:7]1([C:6]([C:5]([C:4]([C:9]([C:8]1([H:18])[H:19])([H:20])[H:21])([H:11])[C:2](=[O:1])[O:3][H:10])([H:12])[H:13])([H:14])[H:15])[H:17],26.0,9.0
2,-0.6030499928054356,AM1BCC,OpenEye,,,O,,3,[H:16][C:7]1([C:6]([C:5]([C:4]([C:9]([C:8]1([H:18])[H:19])([H:20])[H:21])([H:11])[C:2](=[O:1])[O:3][H:10])([H:12])[H:13])([H:14])[H:15])[H:17],26.0,9.0
3,-0.09982000220389593,AM1BCC,OpenEye,,,C,,4,[H:16][C:7]1([C:6]([C:5]([C:4]([C:9]([C:8]1([H:18])[H:19])([H:20])[H:21])([H:11])[C:2](=[O:1])[O:3][H:10])([H:12])[H:13])([H:14])[H:15])[H:17],26.0,9.0
4,-0.07511000264258612,AM1BCC,OpenEye,,,C,,5,[H:16][C:7]1([C:6]([C:5]([C:4]([C:9]([C:8]1([H:18])[H:19])([H:20])[H:21])([H:11])[C:2](=[O:1])[O:3][H:10])([H:12])[H:13])([H:14])[H:15])[H:17],26.0,9.0
5,-0.07738000083537329,AM1BCC,OpenEye,,,C,,6,[H:16][C:7]1([C:6]([C:5]([C:4]([C:9]([C:8]1([H:18])[H:19])([H:20])[H:21])([H:11])[C:2](=[O:1])[O:3][H:10])([H:12])[H:13])([H:14])[H:15])[H:17],26.0,9.0
6,-0.08506999838919867,AM1BCC,OpenEye,,,C,,7,[H:16][C:7]1([C:6]([C:5]([C:4]([C:9]([C:8]1([H:18])[H:19])([H:20])[H:21])([H:11])[C:2](=[O:1])[O:3][H:10])([H:12])[H:13])([H:14])[H:15])[H:17],26.0,9.0
7,-0.07738000083537329,AM1BCC,OpenEye,,,C,,8,[H:16][C:7]1([C:6]([C:5]([C:4]([C:9]([C:8]1([H:18])[H:19])([H:20])[H:21])([H:11])[C:2](=[O:1])[O:3][H:10])([H:12])[H:13])([H:14])[H:15])[H:17],26.0,9.0
8,-0.07511000264258612,AM1BCC,OpenEye,,,C,,9,[H:16][C:7]1([C:6]([C:5]([C:4]([C:9]([C:8]1([H:18])[H:19])([H:20])[H:21])([H:11])[C:2](=[O:1])[O:3][H:10])([H:12])[H:13])([H:14])[H:15])[H:17],26.0,9.0
9,0.44273999404339565,AM1BCC,OpenEye,,,H,,10,[H:16][C:7]1([C:6]([C:5]([C:4]([C:9]([C:8]1([H:18])[H:19])([H:20])[H:21])([H:11])[C:2](=[O:1])[O:3][H:10])([H:12])[H:13])([H:14])[H:15])[H:17],26.0,9.0
10,0.07903000038294565,AM1BCC,OpenEye,,,H,,11,[H:16][C:7]1([C:6]([C:5]([C:4]([C:9]([C:8]1([H:18])[H:19])([H:20])[H:21])([H:11])[C:2](=[O:1])[O:3][H:10])([H:12])[H:13])([H:14])[H:15])[H:17],26.0,9.0
11,0.056340002233073824,AM1BCC,OpenEye,,,H,,12,[H:16][C:7]1([C:6]([C:5]([C:4]([C:9]([C:8]1([H:18])[H:19])([H:20])[H:21])([H:11])[C:2](=[O:1])[O:3][H:10])([H:12])[H:13])([H:14])[H:15])[H:17],26.0,9.0
12,0.056340002233073824,AM1BCC,OpenEye,,,H,,13,[H:16][C:7]1([C:6]([C:5]([C:4]([C:9]([C:8]1([H:18])[H:19])([H:20])[H:21])([H:11])[C:2](=[O:1])[O:3][H:10])([H:12])[H:13])([H:14])[H:15])[H:17],26.0,9.0
13,0.04225999932913553,AM1BCC,OpenEye,,,H,,14,[H:16][C:7]1([C:6]([C:5]([C:4]([C:9]([C:8]1([H:18])[H:19])([H:20])[H:21])([H:11])[C:2](=[O:1])[O:3][H:10])([H:12])[H:13])([H:14])[H:15])[H:17],26.0,9.0
14,0.04225999932913553,AM1BCC,OpenEye,,,H,,15,[H:16][C:7]1([C:6]([C:5]([C:4]([C:9]([C:8]1([H:18])[H:19])([H:20])[H:21])([H:11])[C:2](=[O:1])[O:3][H:10])([H:12])[H:13])([H:14])[H:15])[H:17],26.0,9.0
15,0.048939999902532214,AM1BCC,OpenEye,,,H,,16,[H:16][C:7]1([C:6]([C:5]([C:4]([C:9]([C:8]1([H:18])[H:19])([H:20])[H:21])([H:11])[C:2](=[O:1])[O:3][H:10])([H:12])[H:13])([H:14])[H:15])[H:17],26.0,9.0
16,0.048939999902532214,AM1BCC,OpenEye,,,H,,17,[H:16][C:7]1([C:6]([C:5]([C:4]([C:9]([C:8]1([H:18])[H:19])([H:20])[H:21])([H:11])[C:2](=[O:1])[O:3][H:10])([H:12])[H:13])([H:14])[H:15])[H:17],26.0,9.0
17,0.04225999932913553,AM1BCC,OpenEye,,,H,,18,[H:16][C:7]1([C:6]([C:5]([C:4]([C:9]([C:8]1([H:18])[H:19])([H:20])[H:21])([H:11])[C:2](=[O:1])[O:3][H:10])([H:12])[H:13])([H:14])[H:15])[H:17],26.0,9.0
18,0.04225999932913553,AM1BCC,OpenEye,,,H,,19,[H:16][C:7]1([C:6]([C:5]([C:4]([C:9]([C:8]1([H:18])[H:19])([H:20])[H:21])([H:11])[C:2](=[O:1])[O:3][H:10])([H:12])[H:13])([H:14])[H:15])[H:17],26.0,9.0
19,0.056340002233073824,AM1BCC,OpenEye,,,H,,20,[H:16][C:7]1([C:6]([C:5]([C:4]([C:9]([C:8]1([H:18])[H:19])([H:20])[H:21])([H:11])[C:2](=[O:1])[O:3][H:10])([H:12])[H:13])([H:14])[H:15])[H:17],26.0,9.0
20,0.056340002233073824,AM1BCC,OpenEye,,,H,,21,[H:16][C:7]1([C:6]([C:5]([C:4]([C:9]([C:8]1([H:18])[H:19])([H:20])[H:21])([H:11])[C:2](=[O:1])[O:3][H:10])([H:12])[H:13])([H:14])[H:15])[H:17],26.0,9.0
0,-0.551,AM1BCC,AmberTools,,,O,,1,[H:16][C:7]1([C:6]([C:5]([C:4]([C:9]([C:8]1([H:18])[H:19])([H:20])[H:21])([H:11])[C:2](=[O:1])[O:3][H:10])([H:12])[H:13])([H:14])[H:15])[H:17],26.0,9.0
1,0.6361,AM1BCC,AmberTools,,,C,,2,[H:16][C:7]1([C:6]([C:5]([C:4]([C:9]([C:8]1([H:18])[H:19])([H:20])[H:21])([H:11])[C:2](=[O:1])[O:3][H:10])([H:12])[H:13])([H:14])[H:15])[H:17],26.0,9.0
2,-0.6111,AM1BCC,AmberTools,,,O,,3,[H:16][C:7]1([C:6]([C:5]([C:4]([C:9]([C:8]1([H:18])[H:19])([H:20])[H:21])([H:11])[C:2](=[O:1])[O:3][H:10])([H:12])[H:13])([H:14])[H:15])[H:17],26.0,9.0
3,-0.1037,AM1BCC,AmberTools,,,C,,4,[H:16][C:7]1([C:6]([C:5]([C:4]([C:9]([C:8]1([H:18])[H:19])([H:20])[H:21])([H:11])[C:2](=[O:1])[O:3][H:10])([H:12])[H:13])([H:14])[H:15])[H:17],26.0,9.0
4,-0.0719,AM1BCC,AmberTools,,,C,,5,[H:16][C:7]1([C:6]([C:5]([C:4]([C:9]([C:8]1([H:18])[H:19])([H:20])[H:21])([H:11])[C:2](=[O:1])[O:3][H:10])([H:12])[H:13])([H:14])[H:15])[H:17],26.0,9.0
5,-0.0784,AM1BCC,AmberTools,,,C,,6,[H:16][C:7]1([C:6]([C:5]([C:4]([C:9]([C:8]1([H:18])[H:19])([H:20])[H:21])([H:11])[C:2](=[O:1])[O:3][H:10])([H:12])[H:13])([H:14])[H:15])[H:17],26.0,9.0
6,-0.0774,AM1BCC,AmberTools,,,C,,7,[H:16][C:7]1([C:6]([C:5]([C:4]([C:9]([C:8]1([H:18])[H:19])([H:20])[H:21])([H:11])[C:2](=[O:1])[O:3][H:10])([H:12])[H:13])([H:14])[H:15])[H:17],26.0,9.0
7,-0.0784,AM1BCC,AmberTools,,,C,,8,[H:16][C:7]1([C:6]([C:5]([C:4]([C:9]([C:8]1([H:18])[H:19])([H:20])[H:21])([H:11])[C:2](=[O:1])[O:3][H:10])([H:12])[H:13])([H:14])[H:15])[H:17],26.0,9.0
8,-0.0719,AM1BCC,AmberTools,,,C,,9,[H:16][C:7]1([C:6]([C:5]([C:4]([C:9]([C:8]1([H:18])[H:19])([H:20])[H:21])([H:11])[C:2](=[O:1])[O:3][H:10])([H:12])[H:13])([H:14])[H:15])[H:17],26.0,9.0
9,0.442,AM1BCC,AmberTools,,,H,,10,[H:16][C:7]1([C:6]([C:5]([C:4]([C:9]([C:8]1([H:18])[H:19])([H:20])[H:21])([H:11])[C:2](=[O:1])[O:3][H:10])([H:12])[H:13])([H:14])[H:15])[H:17],26.0,9.0
10,0.0807,AM1BCC,AmberTools,,,H,,11,[H:16][C:7]1([C:6]([C:5]([C:4]([C:9]([C:8]1([H:18])[H:19])([H:20])[H:21])([H:11])[C:2](=[O:1])[O:3][H:10])([H:12])[H:13])([H:14])[H:15])[H:17],26.0,9.0
11,0.05445,AM1BCC,AmberTools,,,H,,12,[H:16][C:7]1([C:6]([C:5]([C:4]([C:9]([C:8]1([H:18])[H:19])([H:20])[H:21])([H:11])[C:2](=[O:1])[O:3][H:10])([H:12])[H:13])([H:14])[H:15])[H:17],26.0,9.0
12,0.05445,AM1BCC,AmberTools,,,H,,13,[H:16][C:7]1([C:6]([C:5]([C:4]([C:9]([C:8]1([H:18])[H:19])([H:20])[H:21])([H:11])[C:2](=[O:1])[O:3][H:10])([H:12])[H:13])([H:14])[H:15])[H:17],26.0,9.0
13,0.0462,AM1BCC,AmberTools,,,H,,14,[H:16][C:7]1([C:6]([C:5]([C:4]([C:9]([C:8]1([H:18])[H:19])([H:20])[H:21])([H:11])[C:2](=[O:1])[O:3][H:10])([H:12])[H:13])([H:14])[H:15])[H:17],26.0,9.0
14,0.0462,AM1BCC,AmberTools,,,H,,15,[H:16][C:7]1([C:6]([C:5]([C:4]([C:9]([C:8]1([H:18])[H:19])([H:20])[H:21])([H:11])[C:2](=[O:1])[O:3][H:10])([H:12])[H:13])([H:14])[H:15])[H:17],26.0,9.0
15,0.0412,AM1BCC,AmberTools,,,H,,16,[H:16][C:7]1([C:6]([C:5]([C:4]([C:9]([C:8]1([H:18])[H:19])([H:20])[H:21])([H:11])[C:2](=[O:1])[O:3][H:10])([H:12])[H:13])([H:14])[H:15])[H:17],26.0,9.0
16,0.0412,AM1BCC,AmberTools,,,H,,17,[H:16][C:7]1([C:6]([C:5]([C:4]([C:9]([C:8]1([H:18])[H:19])([H:20])[H:21])([H:11])[C:2](=[O:1])[O:3][H:10])([H:12])[H:13])([H:14])[H:15])[H:17],26.0,9.0
17,0.0462,AM1BCC,AmberTools,,,H,,18,[H:16][C:7]1([C:6]([C:5]([C:4]([C:9]([C:8]1([H:18])[H:19])([H:20])[H:21])([H:11])[C:2](=[O:1])[O:3][H:10])([H:12])[H:13])([H:14])[H:15])[H:17],26.0,9.0
18,0.0462,AM1BCC,AmberTools,,,H,,19,[H:16][C:7]1([C:6]([C:5]([C:4]([C:9]([C:8]1([H:18])[H:19])([H:20])[H:21])([H:11])[C:2](=[O:1])[O:3][H:10])([H:12])[H:13])([H:14])[H:15])[H:17],26.0,9.0
19,0.05445,AM1BCC,AmberTools,,,H,,20,[H:16][C:7]1([C:6]([C:5]([C:4]([C:9]([C:8]1([H:18])[H:19])([H:20])[H:21])([H:11])[C:2](=[O:1])[O:3][H:10])([H:12])[H:13])([H:14])[H:15])[H:17],26.0,9.0
20,0.05445,AM1BCC,AmberTools,,,H,,21,[H:16][C:7]1([C:6]([C:5]([C:4]([C:9]([C:8]1([H:18])[H:19])([H:20])[H:21])([H:11])[C:2](=[O:1])[O:3][H:10])([H:12])[H:13])([H:14])[H:15])[H:17],26.0,9.0
0,-0.5565500252303623,AM1BCC,OpenEye,,,O,,1,[H:16][C:7]1([C:6]([C:5]([C:4]([C:9]([C:8]1([H:18])[H:19])([H:20])[H:21])([H:11])[C:2](=[O:1])[O:3][H:10])([H:12])[H:13])([H:14])[H:15])[H:17],26.0,10.0
1,0.6354200251045681,AM1BCC,OpenEye,,,C,,2,[H:16][C:7]1([C:6]([C:5]([C:4]([C:9]([C:8]1([H:18])[H:19])([H:20])[H:21])([H:11])[C:2](=[O:1])[O:3][H:10])([H:12])[H:13])([H:14])[H:15])[H:17],26.0,10.0
2,-0.6030499928054356,AM1BCC,OpenEye,,,O,,3,[H:16][C:7]1([C:6]([C:5]([C:4]([C:9]([C:8]1([H:18])[H:19])([H:20])[H:21])([H:11])[C:2](=[O:1])[O:3][H:10])([H:12])[H:13])([H:14])[H:15])[H:17],26.0,10.0
3,-0.09982000220389593,AM1BCC,OpenEye,,,C,,4,[H:16][C:7]1([C:6]([C:5]([C:4]([C:9]([C:8]1([H:18])[H:19])([H:20])[H:21])([H:11])[C:2](=[O:1])[O:3][H:10])([H:12])[H:13])([H:14])[H:15])[H:17],26.0,10.0
4,-0.07511000264258612,AM1BCC,OpenEye,,,C,,5,[H:16][C:7]1([C:6]([C:5]([C:4]([C:9]([C:8]1([H:18])[H:19])([H:20])[H:21])([H:11])[C:2](=[O:1])[O:3][H:10])([H:12])[H:13])([H:14])[H:15])[H:17],26.0,10.0
5,-0.07738000083537329,AM1BCC,OpenEye,,,C,,6,[H:16][C:7]1([C:6]([C:5]([C:4]([C:9]([C:8]1([H:18])[H:19])([H:20])[H:21])([H:11])[C:2](=[O:1])[O:3][H:10])([H:12])[H:13])([H:14])[H:15])[H:17],26.0,10.0
6,-0.08506999838919867,AM1BCC,OpenEye,,,C,,7,[H:16][C:7]1([C:6]([C:5]([C:4]([C:9]([C:8]1([H:18])[H:19])([H:20])[H:21])([H:11])[C:2](=[O:1])[O:3][H:10])([H:12])[H:13])([H:14])[H:15])[H:17],26.0,10.0
7,-0.07738000083537329,AM1BCC,OpenEye,,,C,,8,[H:16][C:7]1([C:6]([C:5]([C:4]([C:9]([C:8]1([H:18])[H:19])([H:20])[H:21])([H:11])[C:2](=[O:1])[O:3][H:10])([H:12])[H:13])([H:14])[H:15])[H:17],26.0,10.0
8,-0.07511000264258612,AM1BCC,OpenEye,,,C,,9,[H:16][C:7]1([C:6]([C:5]([C:4]([C:9]([C:8]1([H:18])[H:19])([H:20])[H:21])([H:11])[C:2](=[O:1])[O:3][H:10])([H:12])[H:13])([H:14])[H:15])[H:17],26.0,10.0
9,0.44273999404339565,AM1BCC,OpenEye,,,H,,10,[H:16][C:7]1([C:6]([C:5]([C:4]([C:9]([C:8]1([H:18])[H:19])([H:20])[H:21])([H:11])[C:2](=[O:1])[O:3][H:10])([H:12])[H:13])([H:14])[H:15])[H:17],26.0,10.0
10,0.07903000038294565,AM1BCC,OpenEye,,,H,,11,[H:16][C:7]1([C:6]([C:5]([C:4]([C:9]([C:8]1([H:18])[H:19])([H:20])[H:21])([H:11])[C:2](=[O:1])[O:3][H:10])([H:12])[H:13])([H:14])[H:15])[H:17],26.0,10.0
11,0.056340002233073824,AM1BCC,OpenEye,,,H,,12,[H:16][C:7]1([C:6]([C:5]([C:4]([C:9]([C:8]1([H:18])[H:19])([H:20])[H:21])([H:11])[C:2](=[O:1])[O:3][H:10])([H:12])[H:13])([H:14])[H:15])[H:17],26.0,10.0
12,0.056340002233073824,AM1BCC,OpenEye,,,H,,13,[H:16][C:7]1([C:6]([C:5]([C:4]([C:9]([C:8]1([H:18])[H:19])([H:20])[H:21])([H:11])[C:2](=[O:1])[O:3][H:10])([H:12])[H:13])([H:14])[H:15])[H:17],26.0,10.0
13,0.04225999932913553,AM1BCC,OpenEye,,,H,,14,[H:16][C:7]1([C:6]([C:5]([C:4]([C:9]([C:8]1([H:18])[H:19])([H:20])[H:21])([H:11])[C:2](=[O:1])[O:3][H:10])([H:12])[H:13])([H:14])[H:15])[H:17],26.0,10.0
14,0.04225999932913553,AM1BCC,OpenEye,,,H,,15,[H:16][C:7]1([C:6]([C:5]([C:4]([C:9]([C:8]1([H:18])[H:19])([H:20])[H:21])([H:11])[C:2](=[O:1])[O:3][H:10])([H:12])[H:13])([H:14])[H:15])[H:17],26.0,10.0
15,0.048939999902532214,AM1BCC,OpenEye,,,H,,16,[H:16][C:7]1([C:6]([C:5]([C:4]([C:9]([C:8]1([H:18])[H:19])([H:20])[H:21])([H:11])[C:2](=[O:1])[O:3][H:10])([H:12])[H:13])([H:14])[H:15])[H:17],26.0,10.0
16,0.048939999902532214,AM1BCC,OpenEye,,,H,,17,[H:16][C:7]1([C:6]([C:5]([C:4]([C:9]([C:8]1([H:18])[H:19])([H:20])[H:21])([H:11])[C:2](=[O:1])[O:3][H:10])([H:12])[H:13])([H:14])[H:15])[H:17],26.0,10.0
17,0.04225999932913553,AM1BCC,OpenEye,,,H,,18,[H:16][C:7]1([C:6]([C:5]([C:4]([C:9]([C:8]1([H:18])[H:19])([H:20])[H:21])([H:11])[C:2](=[O:1])[O:3][H:10])([H:12])[H:13])([H:14])[H:15])[H:17],26.0,10.0
18,0.04225999932913553,AM1BCC,OpenEye,,,H,,19,[H:16][C:7]1([C:6]([C:5]([C:4]([C:9]([C:8]1([H:18])[H:19])([H:20])[H:21])([H:11])[C:2](=[O:1])[O:3][H:10])([H:12])[H:13])([H:14])[H:15])[H:17],26.0,10.0
19,0.056340002233073824,AM1BCC,OpenEye,,,H,,20,[H:16][C:7]1([C:6]([C:5]([C:4]([C:9]([C:8]1([H:18])[H:19])([H:20])[H:21])([H:11])[C:2](=[O:1])[O:3][H:10])([H:12])[H:13])([H:14])[H:15])[H:17],26.0,10.0
20,0.056340002233073824,AM1BCC,OpenEye,,,H,,21,[H:16][C:7]1([C:6]([C:5]([C:4]([C:9]([C:8]1([H:18])[H:19])([H:20])[H:21])([H:11])[C:2](=[O:1])[O:3][H:10])([H:12])[H:13])([H:14])[H:15])[H:17],26.0,10.0
0,-0.551,AM1BCC,AmberTools,,,O,,1,[H:16][C:7]1([C:6]([C:5]([C:4]([C:9]([C:8]1([H:18])[H:19])([H:20])[H:21])([H:11])[C:2](=[O:1])[O:3][H:10])([H:12])[H:13])([H:14])[H:15])[H:17],26.0,10.0
1,0.6361,AM1BCC,AmberTools,,,C,,2,[H:16][C:7]1([C:6]([C:5]([C:4]([C:9]([C:8]1([H:18])[H:19])([H:20])[H:21])([H:11])[C:2](=[O:1])[O:3][H:10])([H:12])[H:13])([H:14])[H:15])[H:17],26.0,10.0
2,-0.6111,AM1BCC,AmberTools,,,O,,3,[H:16][C:7]1([C:6]([C:5]([C:4]([C:9]([C:8]1([H:18])[H:19])([H:20])[H:21])([H:11])[C:2](=[O:1])[O:3][H:10])([H:12])[H:13])([H:14])[H:15])[H:17],26.0,10.0
3,-0.1037,AM1BCC,AmberTools,,,C,,4,[H:16][C:7]1([C:6]([C:5]([C:4]([C:9]([C:8]1([H:18])[H:19])([H:20])[H:21])([H:11])[C:2](=[O:1])[O:3][H:10])([H:12])[H:13])([H:14])[H:15])[H:17],26.0,10.0
4,-0.0719,AM1BCC,AmberTools,,,C,,5,[H:16][C:7]1([C:6]([C:5]([C:4]([C:9]([C:8]1([H:18])[H:19])([H:20])[H:21])([H:11])[C:2](=[O:1])[O:3][H:10])([H:12])[H:13])([H:14])[H:15])[H:17],26.0,10.0
5,-0.0784,AM1BCC,AmberTools,,,C,,6,[H:16][C:7]1([C:6]([C:5]([C:4]([C:9]([C:8]1([H:18])[H:19])([H:20])[H:21])([H:11])[C:2](=[O:1])[O:3][H:10])([H:12])[H:13])([H:14])[H:15])[H:17],26.0,10.0
6,-0.0774,AM1BCC,AmberTools,,,C,,7,[H:16][C:7]1([C:6]([C:5]([C:4]([C:9]([C:8]1([H:18])[H:19])([H:20])[H:21])([H:11])[C:2](=[O:1])[O:3][H:10])([H:12])[H:13])([H:14])[H:15])[H:17],26.0,10.0
7,-0.0784,AM1BCC,AmberTools,,,C,,8,[H:16][C:7]1([C:6]([C:5]([C:4]([C:9]([C:8]1([H:18])[H:19])([H:20])[H:21])([H:11])[C:2](=[O:1])[O:3][H:10])([H:12])[H:13])([H:14])[H:15])[H:17],26.0,10.0
8,-0.0719,AM1BCC,AmberTools,,,C,,9,[H:16][C:7]1([C:6]([C:5]([C:4]([C:9]([C:8]1([H:18])[H:19])([H:20])[H:21])([H:11])[C:2](=[O:1])[O:3][H:10])([H:12])[H:13])([H:14])[H:15])[H:17],26.0,10.0
9,0.442,AM1BCC,AmberTools,,,H,,10,[H:16][C:7]1([C:6]([C:5]([C:4]([C:9]([C:8]1([H:18])[H:19])([H:20])[H:21])([H:11])[C:2](=[O:1])[O:3][H:10])([H:12])[H:13])([H:14])[H:15])[H:17],26.0,10.0
10,0.0807,AM1BCC,AmberTools,,,H,,11,[H:16][C:7]1([C:6]([C:5]([C:4]([C:9]([C:8]1([H:18])[H:19])([H:20])[H:21])([H:11])[C:2](=[O:1])[O:3][H:10])([H:12])[H:13])([H:14])[H:15])[H:17],26.0,10.0
11,0.05445,AM1BCC,AmberTools,,,H,,12,[H:16][C:7]1([C:6]([C:5]([C:4]([C:9]([C:8]1([H:18])[H:19])([H:20])[H:21])([H:11])[C:2](=[O:1])[O:3][H:10])([H:12])[H:13])([H:14])[H:15])[H:17],26.0,10.0
12,0.05445,AM1BCC,AmberTools,,,H,,13,[H:16][C:7]1([C:6]([C:5]([C:4]([C:9]([C:8]1([H:18])[H:19])([H:20])[H:21])([H:11])[C:2](=[O:1])[O:3][H:10])([H:12])[H:13])([H:14])[H:15])[H:17],26.0,10.0
13,0.0462,AM1BCC,AmberTools,,,H,,14,[H:16][C:7]1([C:6]([C:5]([C:4]([C:9]([C:8]1([H:18])[H:19])([H:20])[H:21])([H:11])[C:2](=[O:1])[O:3][H:10])([H:12])[H:13])([H:14])[H:15])[H:17],26.0,10.0
14,0.0462,AM1BCC,AmberTools,,,H,,15,[H:16][C:7]1([C:6]([C:5]([C:4]([C:9]([C:8]1([H:18])[H:19])([H:20])[H:21])([H:11])[C:2](=[O:1])[O:3][H:10])([H:12])[H:13])([H:14])[H:15])[H:17],26.0,10.0
15,0.0412,AM1BCC,AmberTools,,,H,,16,[H:16][C:7]1([C:6]([C:5]([C:4]([C:9]([C:8]1([H:18])[H:19])([H:20])[H:21])([H:11])[C:2](=[O:1])[O:3][H:10])([H:12])[H:13])([H:14])[H:15])[H:17],26.0,10.0
16,0.0412,AM1BCC,AmberTools,,,H,,17,[H:16][C:7]1([C:6]([C:5]([C:4]([C:9]([C:8]1([H:18])[H:19])([H:20])[H:21])([H:11])[C:2](=[O:1])[O:3][H:10])([H:12])[H:13])([H:14])[H:15])[H:17],26.0,10.0
17,0.0462,AM1BCC,AmberTools,,,H,,18,[H:16][C:7]1([C:6]([C:5]([C:4]([C:9]([C:8]1([H:18])[H:19])([H:20])[H:21])([H:11])[C:2](=[O:1])[O:3][H:10])([H:12])[H:13])([H:14])[H:15])[H:17],26.0,10.0
18,0.0462,AM1BCC,AmberTools,,,H,,19,[H:16][C:7]1([C:6]([C:5]([C:4]([C:9]([C:8]1([H:18])[H:19])([H:20])[H:21])([H:11])[C:2](=[O:1])[O:3][H:10])([H:12])[H:13])([H:14])[H:15])[H:17],26.0,10.0
19,0.05445,AM1BCC,AmberTools,,,H,,20,[H:16][C:7]1([C:6]([C:5]([C:4]([C:9]([C:8]1([H:18])[H:19])([H:20])[H:21])([H:11])[C:2](=[O:1])[O:3][H:10])([H:12])[H:13])([H:14])[H:15])[H:17],26.0,10.0
20,0.05445,AM1BCC,AmberTools,,,H,,21,[H:16][C:7]1([C:6]([C:5]([C:4]([C:9]([C:8]1([H:18])[H:19])([H:20])[H:21])([H:11])[C:2](=[O:1])[O:3][H:10])([H:12])[H:13])([H:14])[H:15])[H:17],26.0,10.0
0,-0.5565500252303623,AM1BCC,OpenEye,,,O,,1,[H:16][C:7]1([C:6]([C:5]([C:4]([C:9]([C:8]1([H:18])[H:19])([H:20])[H:21])([H:11])[C:2](=[O:1])[O:3][H:10])([H:12])[H:13])([H:14])[H:15])[H:17],26.0,11.0
1,0.6354200251045681,AM1BCC,OpenEye,,,C,,2,[H:16][C:7]1([C:6]([C:5]([C:4]([C:9]([C:8]1([H:18])[H:19])([H:20])[H:21])([H:11])[C:2](=[O:1])[O:3][H:10])([H:12])[H:13])([H:14])[H:15])[H:17],26.0,11.0
2,-0.6030499928054356,AM1BCC,OpenEye,,,O,,3,[H:16][C:7]1([C:6]([C:5]([C:4]([C:9]([C:8]1([H:18])[H:19])([H:20])[H:21])([H:11])[C:2](=[O:1])[O:3][H:10])([H:12])[H:13])([H:14])[H:15])[H:17],26.0,11.0
3,-0.09982000220389593,AM1BCC,OpenEye,,,C,,4,[H:16][C:7]1([C:6]([C:5]([C:4]([C:9]([C:8]1([H:18])[H:19])([H:20])[H:21])([H:11])[C:2](=[O:1])[O:3][H:10])([H:12])[H:13])([H:14])[H:15])[H:17],26.0,11.0
4,-0.07511000264258612,AM1BCC,OpenEye,,,C,,5,[H:16][C:7]1([C:6]([C:5]([C:4]([C:9]([C:8]1([H:18])[H:19])([H:20])[H:21])([H:11])[C:2](=[O:1])[O:3][H:10])([H:12])[H:13])([H:14])[H:15])[H:17],26.0,11.0
5,-0.07738000083537329,AM1BCC,OpenEye,,,C,,6,[H:16][C:7]1([C:6]([C:5]([C:4]([C:9]([C:8]1([H:18])[H:19])([H:20])[H:21])([H:11])[C:2](=[O:1])[O:3][H:10])([H:12])[H:13])([H:14])[H:15])[H:17],26.0,11.0
6,-0.08506999838919867,AM1BCC,OpenEye,,,C,,7,[H:16][C:7]1([C:6]([C:5]([C:4]([C:9]([C:8]1([H:18])[H:19])([H:20])[H:21])([H:11])[C:2](=[O:1])[O:3][H:10])([H:12])[H:13])([H:14])[H:15])[H:17],26.0,11.0
7,-0.07738000083537329,AM1BCC,OpenEye,,,C,,8,[H:16][C:7]1([C:6]([C:5]([C:4]([C:9]([C:8]1([H:18])[H:19])([H:20])[H:21])([H:11])[C:2](=[O:1])[O:3][H:10])([H:12])[H:13])([H:14])[H:15])[H:17],26.0,11.0
8,-0.07511000264258612,AM1BCC,OpenEye,,,C,,9,[H:16][C:7]1([C:6]([C:5]([C:4]([C:9]([C:8]1([H:18])[H:19])([H:20])[H:21])([H:11])[C:2](=[O:1])[O:3][H:10])([H:12])[H:13])([H:14])[H:15])[H:17],26.0,11.0
9,0.44273999404339565,AM1BCC,OpenEye,,,H,,10,[H:16][C:7]1([C:6]([C:5]([C:4]([C:9]([C:8]1([H:18])[H:19])([H:20])[H:21])([H:11])[C:2](=[O:1])[O:3][H:10])([H:12])[H:13])([H:14])[H:15])[H:17],26.0,11.0
10,0.07903000038294565,AM1BCC,OpenEye,,,H,,11,[H:16][C:7]1([C:6]([C:5]([C:4]([C:9]([C:8]1([H:18])[H:19])([H:20])[H:21])([H:11])[C:2](=[O:1])[O:3][H:10])([H:12])[H:13])([H:14])[H:15])[H:17],26.0,11.0
11,0.056340002233073824,AM1BCC,OpenEye,,,H,,12,[H:16][C:7]1([C:6]([C:5]([C:4]([C:9]([C:8]1([H:18])[H:19])([H:20])[H:21])([H:11])[C:2](=[O:1])[O:3][H:10])([H:12])[H:13])([H:14])[H:15])[H:17],26.0,11.0
12,0.056340002233073824,AM1BCC,OpenEye,,,H,,13,[H:16][C:7]1([C:6]([C:5]([C:4]([C:9]([C:8]1([H:18])[H:19])([H:20])[H:21])([H:11])[C:2](=[O:1])[O:3][H:10])([H:12])[H:13])([H:14])[H:15])[H:17],26.0,11.0
13,0.04225999932913553,AM1BCC,OpenEye,,,H,,14,[H:16][C:7]1([C:6]([C:5]([C:4]([C:9]([C:8]1([H:18])[H:19])([H:20])[H:21])([H:11])[C:2](=[O:1])[O:3][H:10])([H:12])[H:13])([H:14])[H:15])[H:17],26.0,11.0
14,0.04225999932913553,AM1BCC,OpenEye,,,H,,15,[H:16][C:7]1([C:6]([C:5]([C:4]([C:9]([C:8]1([H:18])[H:19])([H:20])[H:21])([H:11])[C:2](=[O:1])[O:3][H:10])([H:12])[H:13])([H:14])[H:15])[H:17],26.0,11.0
15,0.048939999902532214,AM1BCC,OpenEye,,,H,,16,[H:16][C:7]1([C:6]([C:5]([C:4]([C:9]([C:8]1([H:18])[H:19])([H:20])[H:21])([H:11])[C:2](=[O:1])[O:3][H:10])([H:12])[H:13])([H:14])[H:15])[H:17],26.0,11.0
16,0.048939999902532214,AM1BCC,OpenEye,,,H,,17,[H:16][C:7]1([C:6]([C:5]([C:4]([C:9]([C:8]1([H:18])[H:19])([H:20])[H:21])([H:11])[C:2](=[O:1])[O:3][H:10])([H:12])[H:13])([H:14])[H:15])[H:17],26.0,11.0
17,0.04225999932913553,AM1BCC,OpenEye,,,H,,18,[H:16][C:7]1([C:6]([C:5]([C:4]([C:9]([C:8]1([H:18])[H:19])([H:20])[H:21])([H:11])[C:2](=[O:1])[O:3][H:10])([H:12])[H:13])([H:14])[H:15])[H:17],26.0,11.0
18,0.04225999932913553,AM1BCC,OpenEye,,,H,,19,[H:16][C:7]1([C:6]([C:5]([C:4]([C:9]([C:8]1([H:18])[H:19])([H:20])[H:21])([H:11])[C:2](=[O:1])[O:3][H:10])([H:12])[H:13])([H:14])[H:15])[H:17],26.0,11.0
19,0.056340002233073824,AM1BCC,OpenEye,,,H,,20,[H:16][C:7]1([C:6]([C:5]([C:4]([C:9]([C:8]1([H:18])[H:19])([H:20])[H:21])([H:11])[C:2](=[O:1])[O:3][H:10])([H:12])[H:13])([H:14])[H:15])[H:17],26.0,11.0
20,0.056340002233073824,AM1BCC,OpenEye,,,H,,21,[H:16][C:7]1([C:6]([C:5]([C:4]([C:9]([C:8]1([H:18])[H:19])([H:20])[H:21])([H:11])[C:2](=[O:1])[O:3][H:10])([H:12])[H:13])([H:14])[H:15])[H:17],26.0,11.0
0,-0.551,AM1BCC,AmberTools,,,O,,1,[H:16][C:7]1([C:6]([C:5]([C:4]([C:9]([C:8]1([H:18])[H:19])([H:20])[H:21])([H:11])[C:2](=[O:1])[O:3][H:10])([H:12])[H:13])([H:14])[H:15])[H:17],26.0,11.0
1,0.6361,AM1BCC,AmberTools,,,C,,2,[H:16][C:7]1([C:6]([C:5]([C:4]([C:9]([C:8]1([H:18])[H:19])([H:20])[H:21])([H:11])[C:2](=[O:1])[O:3][H:10])([H:12])[H:13])([H:14])[H:15])[H:17],26.0,11.0
2,-0.6111,AM1BCC,AmberTools,,,O,,3,[H:16][C:7]1([C:6]([C:5]([C:4]([C:9]([C:8]1([H:18])[H:19])([H:20])[H:21])([H:11])[C:2](=[O:1])[O:3][H:10])([H:12])[H:13])([H:14])[H:15])[H:17],26.0,11.0
3,-0.1037,AM1BCC,AmberTools,,,C,,4,[H:16][C:7]1([C:6]([C:5]([C:4]([C:9]([C:8]1([H:18])[H:19])([H:20])[H:21])([H:11])[C:2](=[O:1])[O:3][H:10])([H:12])[H:13])([H:14])[H:15])[H:17],26.0,11.0
4,-0.0719,AM1BCC,AmberTools,,,C,,5,[H:16][C:7]1([C:6]([C:5]([C:4]([C:9]([C:8]1([H:18])[H:19])([H:20])[H:21])([H:11])[C:2](=[O:1])[O:3][H:10])([H:12])[H:13])([H:14])[H:15])[H:17],26.0,11.0
5,-0.0784,AM1BCC,AmberTools,,,C,,6,[H:16][C:7]1([C:6]([C:5]([C:4]([C:9]([C:8]1([H:18])[H:19])([H:20])[H:21])([H:11])[C:2](=[O:1])[O:3][H:10])([H:12])[H:13])([H:14])[H:15])[H:17],26.0,11.0
6,-0.0774,AM1BCC,AmberTools,,,C,,7,[H:16][C:7]1([C:6]([C:5]([C:4]([C:9]([C:8]1([H:18])[H:19])([H:20])[H:21])([H:11])[C:2](=[O:1])[O:3][H:10])([H:12])[H:13])([H:14])[H:15])[H:17],26.0,11.0
7,-0.0784,AM1BCC,AmberTools,,,C,,8,[H:16][C:7]1([C:6]([C:5]([C:4]([C:9]([C:8]1([H:18])[H:19])([H:20])[H:21])([H:11])[C:2](=[O:1])[O:3][H:10])([H:12])[H:13])([H:14])[H:15])[H:17],26.0,11.0
8,-0.0719,AM1BCC,AmberTools,,,C,,9,[H:16][C:7]1([C:6]([C:5]([C:4]([C:9]([C:8]1([H:18])[H:19])([H:20])[H:21])([H:11])[C:2](=[O:1])[O:3][H:10])([H:12])[H:13])([H:14])[H:15])[H:17],26.0,11.0
9,0.442,AM1BCC,AmberTools,,,H,,10,[H:16][C:7]1([C:6]([C:5]([C:4]([C:9]([C:8]1([H:18])[H:19])([H:20])[H:21])([H:11])[C:2](=[O:1])[O:3][H:10])([H:12])[H:13])([H:14])[H:15])[H:17],26.0,11.0
10,0.0807,AM1BCC,AmberTools,,,H,,11,[H:16][C:7]1([C:6]([C:5]([C:4]([C:9]([C:8]1([H:18])[H:19])([H:20])[H:21])([H:11])[C:2](=[O:1])[O:3][H:10])([H:12])[H:13])([H:14])[H:15])[H:17],26.0,11.0
11,0.05445,AM1BCC,AmberTools,,,H,,12,[H:16][C:7]1([C:6]([C:5]([C:4]([C:9]([C:8]1([H:18])[H:19])([H:20])[H:21])([H:11])[C:2](=[O:1])[O:3][H:10])([H:12])[H:13])([H:14])[H:15])[H:17],26.0,11.0
12,0.05445,AM1BCC,AmberTools,,,H,,13,[H:16][C:7]1([C:6]([C:5]([C:4]([C:9]([C:8]1([H:18])[H:19])([H:20])[H:21])([H:11])[C:2](=[O:1])[O:3][H:10])([H:12])[H:13])([H:14])[H:15])[H:17],26.0,11.0
13,0.0462,AM1BCC,AmberTools,,,H,,14,[H:16][C:7]1([C:6]([C:5]([C:4]([C:9]([C:8]1([H:18])[H:19])([H:20])[H:21])([H:11])[C:2](=[O:1])[O:3][H:10])([H:12])[H:13])([H:14])[H:15])[H:17],26.0,11.0
14,0.0462,AM1BCC,AmberTools,,,H,,15,[H:16][C:7]1([C:6]([C:5]([C:4]([C:9]([C:8]1([H:18])[H:19])([H:20])[H:21])([H:11])[C:2](=[O:1])[O:3][H:10])([H:12])[H:13])([H:14])[H:15])[H:17],26.0,11.0
15,0.0412,AM1BCC,AmberTools,,,H,,16,[H:16][C:7]1([C:6]([C:5]([C:4]([C:9]([C:8]1([H:18])[H:19])([H:20])[H:21])([H:11])[C:2](=[O:1])[O:3][H:10])([H:12])[H:13])([H:14])[H:15])[H:17],26.0,11.0
16,0.0412,AM1BCC,AmberTools,,,H,,17,[H:16][C:7]1([C:6]([C:5]([C:4]([C:9]([C:8]1([H:18])[H:19])([H:20])[H:21])([H:11])[C:2](=[O:1])[O:3][H:10])([H:12])[H:13])([H:14])[H:15])[H:17],26.0,11.0
17,0.0462,AM1BCC,AmberTools,,,H,,18,[H:16][C:7]1([C:6]([C:5]([C:4]([C:9]([C:8]1([H:18])[H:19])([H:20])[H:21])([H:11])[C:2](=[O:1])[O:3][H:10])([H:12])[H:13])([H:14])[H:15])[H:17],26.0,11.0
18,0.0462,AM1BCC,AmberTools,,,H,,19,[H:16][C:7]1([C:6]([C:5]([C:4]([C:9]([C:8]1([H:18])[H:19])([H:20])[H:21])([H:11])[C:2](=[O:1])[O:3][H:10])([H:12])[H:13])([H:14])[H:15])[H:17],26.0,11.0
19,0.05445,AM1BCC,AmberTools,,,H,,20,[H:16][C:7]1([C:6]([C:5]([C:4]([C:9]([C:8]1([H:18])[H:19])([H:20])[H:21])([H:11])[C:2](=[O:1])[O:3][H:10])([H:12])[H:13])([H:14])[H:15])[H:17],26.0,11.0
20,0.05445,AM1BCC,AmberTools,,,H,,21,[H:16][C:7]1([C:6]([C:5]([C:4]([C:9]([C:8]1([H:18])[H:19])([H:20])[H:21])([H:11])[C:2](=[O:1])[O:3][H:10])([H:12])[H:13])([H:14])[H:15])[H:17],26.0,11.0
0,-0.5565500252303623,AM1BCC,OpenEye,,,O,,1,[H:16][C:7]1([C:6]([C:5]([C:4]([C:9]([C:8]1([H:18])[H:19])([H:20])[H:21])([H:11])[C:2](=[O:1])[O:3][H:10])([H:12])[H:13])([H:14])[H:15])[H:17],26.0,12.0
1,0.6354200251045681,AM1BCC,OpenEye,,,C,,2,[H:16][C:7]1([C:6]([C:5]([C:4]([C:9]([C:8]1([H:18])[H:19])([H:20])[H:21])([H:11])[C:2](=[O:1])[O:3][H:10])([H:12])[H:13])([H:14])[H:15])[H:17],26.0,12.0
2,-0.6030499928054356,AM1BCC,OpenEye,,,O,,3,[H:16][C:7]1([C:6]([C:5]([C:4]([C:9]([C:8]1([H:18])[H:19])([H:20])[H:21])([H:11])[C:2](=[O:1])[O:3][H:10])([H:12])[H:13])([H:14])[H:15])[H:17],26.0,12.0
3,-0.09982000220389593,AM1BCC,OpenEye,,,C,,4,[H:16][C:7]1([C:6]([C:5]([C:4]([C:9]([C:8]1([H:18])[H:19])([H:20])[H:21])([H:11])[C:2](=[O:1])[O:3][H:10])([H:12])[H:13])([H:14])[H:15])[H:17],26.0,12.0
4,-0.07511000264258612,AM1BCC,OpenEye,,,C,,5,[H:16][C:7]1([C:6]([C:5]([C:4]([C:9]([C:8]1([H:18])[H:19])([H:20])[H:21])([H:11])[C:2](=[O:1])[O:3][H:10])([H:12])[H:13])([H:14])[H:15])[H:17],26.0,12.0
5,-0.07738000083537329,AM1BCC,OpenEye,,,C,,6,[H:16][C:7]1([C:6]([C:5]([C:4]([C:9]([C:8]1([H:18])[H:19])([H:20])[H:21])([H:11])[C:2](=[O:1])[O:3][H:10])([H:12])[H:13])([H:14])[H:15])[H:17],26.0,12.0
6,-0.08506999838919867,AM1BCC,OpenEye,,,C,,7,[H:16][C:7]1([C:6]([C:5]([C:4]([C:9]([C:8]1([H:18])[H:19])([H:20])[H:21])([H:11])[C:2](=[O:1])[O:3][H:10])([H:12])[H:13])([H:14])[H:15])[H:17],26.0,12.0
7,-0.07738000083537329,AM1BCC,OpenEye,,,C,,8,[H:16][C:7]1([C:6]([C:5]([C:4]([C:9]([C:8]1([H:18])[H:19])([H:20])[H:21])([H:11])[C:2](=[O:1])[O:3][H:10])([H:12])[H:13])([H:14])[H:15])[H:17],26.0,12.0
8,-0.07511000264258612,AM1BCC,OpenEye,,,C,,9,[H:16][C:7]1([C:6]([C:5]([C:4]([C:9]([C:8]1([H:18])[H:19])([H:20])[H:21])([H:11])[C:2](=[O:1])[O:3][H:10])([H:12])[H:13])([H:14])[H:15])[H:17],26.0,12.0
9,0.44273999404339565,AM1BCC,OpenEye,,,H,,10,[H:16][C:7]1([C:6]([C:5]([C:4]([C:9]([C:8]1([H:18])[H:19])([H:20])[H:21])([H:11])[C:2](=[O:1])[O:3][H:10])([H:12])[H:13])([H:14])[H:15])[H:17],26.0,12.0
10,0.07903000038294565,AM1BCC,OpenEye,,,H,,11,[H:16][C:7]1([C:6]([C:5]([C:4]([C:9]([C:8]1([H:18])[H:19])([H:20])[H:21])([H:11])[C:2](=[O:1])[O:3][H:10])([H:12])[H:13])([H:14])[H:15])[H:17],26.0,12.0
11,0.056340002233073824,AM1BCC,OpenEye,,,H,,12,[H:16][C:7]1([C:6]([C:5]([C:4]([C:9]([C:8]1([H:18])[H:19])([H:20])[H:21])([H:11])[C:2](=[O:1])[O:3][H:10])([H:12])[H:13])([H:14])[H:15])[H:17],26.0,12.0
12,0.056340002233073824,AM1BCC,OpenEye,,,H,,13,[H:16][C:7]1([C:6]([C:5]([C:4]([C:9]([C:8]1([H:18])[H:19])([H:20])[H:21])([H:11])[C:2](=[O:1])[O:3][H:10])([H:12])[H:13])([H:14])[H:15])[H:17],26.0,12.0
13,0.04225999932913553,AM1BCC,OpenEye,,,H,,14,[H:16][C:7]1([C:6]([C:5]([C:4]([C:9]([C:8]1([H:18])[H:19])([H:20])[H:21])([H:11])[C:2](=[O:1])[O:3][H:10])([H:12])[H:13])([H:14])[H:15])[H:17],26.0,12.0
14,0.04225999932913553,AM1BCC,OpenEye,,,H,,15,[H:16][C:7]1([C:6]([C:5]([C:4]([C:9]([C:8]1([H:18])[H:19])([H:20])[H:21])([H:11])[C:2](=[O:1])[O:3][H:10])([H:12])[H:13])([H:14])[H:15])[H:17],26.0,12.0
15,0.048939999902532214,AM1BCC,OpenEye,,,H,,16,[H:16][C:7]1([C:6]([C:5]([C:4]([C:9]([C:8]1([H:18])[H:19])([H:20])[H:21])([H:11])[C:2](=[O:1])[O:3][H:10])([H:12])[H:13])([H:14])[H:15])[H:17],26.0,12.0
16,0.048939999902532214,AM1BCC,OpenEye,,,H,,17,[H:16][C:7]1([C:6]([C:5]([C:4]([C:9]([C:8]1([H:18])[H:19])([H:20])[H:21])([H:11])[C:2](=[O:1])[O:3][H:10])([H:12])[H:13])([H:14])[H:15])[H:17],26.0,12.0
17,0.04225999932913553,AM1BCC,OpenEye,,,H,,18,[H:16][C:7]1([C:6]([C:5]([C:4]([C:9]([C:8]1([H:18])[H:19])([H:20])[H:21])([H:11])[C:2](=[O:1])[O:3][H:10])([H:12])[H:13])([H:14])[H:15])[H:17],26.0,12.0
18,0.04225999932913553,AM1BCC,OpenEye,,,H,,19,[H:16][C:7]1([C:6]([C:5]([C:4]([C:9]([C:8]1([H:18])[H:19])([H:20])[H:21])([H:11])[C:2](=[O:1])[O:3][H:10])([H:12])[H:13])([H:14])[H:15])[H:17],26.0,12.0
19,0.056340002233073824,AM1BCC,OpenEye,,,H,,20,[H:16][C:7]1([C:6]([C:5]([C:4]([C:9]([C:8]1([H:18])[H:19])([H:20])[H:21])([H:11])[C:2](=[O:1])[O:3][H:10])([H:12])[H:13])([H:14])[H:15])[H:17],26.0,12.0
20,0.056340002233073824,AM1BCC,OpenEye,,,H,,21,[H:16][C:7]1([C:6]([C:5]([C:4]([C:9]([C:8]1([H:18])[H:19])([H:20])[H:21])([H:11])[C:2](=[O:1])[O:3][H:10])([H:12])[H:13])([H:14])[H:15])[H:17],26.0,12.0
0,-0.551,AM1BCC,AmberTools,,,O,,1,[H:16][C:7]1([C:6]([C:5]([C:4]([C:9]([C:8]1([H:18])[H:19])([H:20])[H:21])([H:11])[C:2](=[O:1])[O:3][H:10])([H:12])[H:13])([H:14])[H:15])[H:17],26.0,12.0
1,0.6361,AM1BCC,AmberTools,,,C,,2,[H:16][C:7]1([C:6]([C:5]([C:4]([C:9]([C:8]1([H:18])[H:19])([H:20])[H:21])([H:11])[C:2](=[O:1])[O:3][H:10])([H:12])[H:13])([H:14])[H:15])[H:17],26.0,12.0
2,-0.6111,AM1BCC,AmberTools,,,O,,3,[H:16][C:7]1([C:6]([C:5]([C:4]([C:9]([C:8]1([H:18])[H:19])([H:20])[H:21])([H:11])[C:2](=[O:1])[O:3][H:10])([H:12])[H:13])([H:14])[H:15])[H:17],26.0,12.0
3,-0.1037,AM1BCC,AmberTools,,,C,,4,[H:16][C:7]1([C:6]([C:5]([C:4]([C:9]([C:8]1([H:18])[H:19])([H:20])[H:21])([H:11])[C:2](=[O:1])[O:3][H:10])([H:12])[H:13])([H:14])[H:15])[H:17],26.0,12.0
4,-0.0719,AM1BCC,AmberTools,,,C,,5,[H:16][C:7]1([C:6]([C:5]([C:4]([C:9]([C:8]1([H:18])[H:19])([H:20])[H:21])([H:11])[C:2](=[O:1])[O:3][H:10])([H:12])[H:13])([H:14])[H:15])[H:17],26.0,12.0
5,-0.0784,AM1BCC,AmberTools,,,C,,6,[H:16][C:7]1([C:6]([C:5]([C:4]([C:9]([C:8]1([H:18])[H:19])([H:20])[H:21])([H:11])[C:2](=[O:1])[O:3][H:10])([H:12])[H:13])([H:14])[H:15])[H:17],26.0,12.0
6,-0.0774,AM1BCC,AmberTools,,,C,,7,[H:16][C:7]1([C:6]([C:5]([C:4]([C:9]([C:8]1([H:18])[H:19])([H:20])[H:21])([H:11])[C:2](=[O:1])[O:3][H:10])([H:12])[H:13])([H:14])[H:15])[H:17],26.0,12.0
7,-0.0784,AM1BCC,AmberTools,,,C,,8,[H:16][C:7]1([C:6]([C:5]([C:4]([C:9]([C:8]1([H:18])[H:19])([H:20])[H:21])([H:11])[C:2](=[O:1])[O:3][H:10])([H:12])[H:13])([H:14])[H:15])[H:17],26.0,12.0
8,-0.0719,AM1BCC,AmberTools,,,C,,9,[H:16][C:7]1([C:6]([C:5]([C:4]([C:9]([C:8]1([H:18])[H:19])([H:20])[H:21])([H:11])[C:2](=[O:1])[O:3][H:10])([H:12])[H:13])([H:14])[H:15])[H:17],26.0,12.0
9,0.442,AM1BCC,AmberTools,,,H,,10,[H:16][C:7]1([C:6]([C:5]([C:4]([C:9]([C:8]1([H:18])[H:19])([H:20])[H:21])([H:11])[C:2](=[O:1])[O:3][H:10])([H:12])[H:13])([H:14])[H:15])[H:17],26.0,12.0
10,0.0807,AM1BCC,AmberTools,,,H,,11,[H:16][C:7]1([C:6]([C:5]([C:4]([C:9]([C:8]1([H:18])[H:19])([H:20])[H:21])([H:11])[C:2](=[O:1])[O:3][H:10])([H:12])[H:13])([H:14])[H:15])[H:17],26.0,12.0
11,0.05445,AM1BCC,AmberTools,,,H,,12,[H:16][C:7]1([C:6]([C:5]([C:4]([C:9]([C:8]1([H:18])[H:19])([H:20])[H:21])([H:11])[C:2](=[O:1])[O:3][H:10])([H:12])[H:13])([H:14])[H:15])[H:17],26.0,12.0
12,0.05445,AM1BCC,AmberTools,,,H,,13,[H:16][C:7]1([C:6]([C:5]([C:4]([C:9]([C:8]1([H:18])[H:19])([H:20])[H:21])([H:11])[C:2](=[O:1])[O:3][H:10])([H:12])[H:13])([H:14])[H:15])[H:17],26.0,12.0
13,0.0462,AM1BCC,AmberTools,,,H,,14,[H:16][C:7]1([C:6]([C:5]([C:4]([C:9]([C:8]1([H:18])[H:19])([H:20])[H:21])([H:11])[C:2](=[O:1])[O:3][H:10])([H:12])[H:13])([H:14])[H:15])[H:17],26.0,12.0
14,0.0462,AM1BCC,AmberTools,,,H,,15,[H:16][C:7]1([C:6]([C:5]([C:4]([C:9]([C:8]1([H:18])[H:19])([H:20])[H:21])([H:11])[C:2](=[O:1])[O:3][H:10])([H:12])[H:13])([H:14])[H:15])[H:17],26.0,12.0
15,0.0412,AM1BCC,AmberTools,,,H,,16,[H:16][C:7]1([C:6]([C:5]([C:4]([C:9]([C:8]1([H:18])[H:19])([H:20])[H:21])([H:11])[C:2](=[O:1])[O:3][H:10])([H:12])[H:13])([H:14])[H:15])[H:17],26.0,12.0
16,0.0412,AM1BCC,AmberTools,,,H,,17,[H:16][C:7]1([C:6]([C:5]([C:4]([C:9]([C:8]1([H:18])[H:19])([H:20])[H:21])([H:11])[C:2](=[O:1])[O:3][H:10])([H:12])[H:13])([H:14])[H:15])[H:17],26.0,12.0
17,0.0462,AM1BCC,AmberTools,,,H,,18,[H:16][C:7]1([C:6]([C:5]([C:4]([C:9]([C:8]1([H:18])[H:19])([H:20])[H:21])([H:11])[C:2](=[O:1])[O:3][H:10])([H:12])[H:13])([H:14])[H:15])[H:17],26.0,12.0
18,0.0462,AM1BCC,AmberTools,,,H,,19,[H:16][C:7]1([C:6]([C:5]([C:4]([C:9]([C:8]1([H:18])[H:19])([H:20])[H:21])([H:11])[C:2](=[O:1])[O:3][H:10])([H:12])[H:13])([H:14])[H:15])[H:17],26.0,12.0
19,0.05445,AM1BCC,AmberTools,,,H,,20,[H:16][C:7]1([C:6]([C:5]([C:4]([C:9]([C:8]1([H:18])[H:19])([H:20])[H:21])([H:11])[C:2](=[O:1])[O:3][H:10])([H:12])[H:13])([H:14])[H:15])[H:17],26.0,12.0
20,0.05445,AM1BCC,AmberTools,,,H,,21,[H:16][C:7]1([C:6]([C:5]([C:4]([C:9]([C:8]1([H:18])[H:19])([H:20])[H:21])([H:11])[C:2](=[O:1])[O:3][H:10])([H:12])[H:13])([H:14])[H:15])[H:17],26.0,12.0
0,-0.5518100243948755,AM1BCC,OpenEye,,,O,,1,[H:16][C:7]1([C:6]([C:5]([C:4]([C:9]([C:8]1([H:18])[H:19])([H:20])[H:21])([H:11])[C:2](=[O:1])[O:3][H:10])([H:12])[H:13])([H:14])[H:15])[H:17],27.0,1.0
1,0.6353099959946814,AM1BCC,OpenEye,,,C,,2,[H:16][C:7]1([C:6]([C:5]([C:4]([C:9]([C:8]1([H:18])[H:19])([H:20])[H:21])([H:11])[C:2](=[O:1])[O:3][H:10])([H:12])[H:13])([H:14])[H:15])[H:17],27.0,1.0
2,-0.5991700273894128,AM1BCC,OpenEye,,,O,,3,[H:16][C:7]1([C:6]([C:5]([C:4]([C:9]([C:8]1([H:18])[H:19])([H:20])[H:21])([H:11])[C:2](=[O:1])[O:3][H:10])([H:12])[H:13])([H:14])[H:15])[H:17],27.0,1.0
3,-0.10795999886024565,AM1BCC,OpenEye,,,C,,4,[H:16][C:7]1([C:6]([C:5]([C:4]([C:9]([C:8]1([H:18])[H:19])([H:20])[H:21])([H:11])[C:2](=[O:1])[O:3][H:10])([H:12])[H:13])([H:14])[H:15])[H:17],27.0,1.0
4,-0.07374999494779677,AM1BCC,OpenEye,,,C,,5,[H:16][C:7]1([C:6]([C:5]([C:4]([C:9]([C:8]1([H:18])[H:19])([H:20])[H:21])([H:11])[C:2](=[O:1])[O:3][H:10])([H:12])[H:13])([H:14])[H:15])[H:17],27.0,1.0
5,-0.0767299962185678,AM1BCC,OpenEye,,,C,,6,[H:16][C:7]1([C:6]([C:5]([C:4]([C:9]([C:8]1([H:18])[H:19])([H:20])[H:21])([H:11])[C:2](=[O:1])[O:3][H:10])([H:12])[H:13])([H:14])[H:15])[H:17],27.0,1.0
6,-0.07969000013101668,AM1BCC,OpenEye,,,C,,7,[H:16][C:7]1([C:6]([C:5]([C:4]([C:9]([C:8]1([H:18])[H:19])([H:20])[H:21])([H:11])[C:2](=[O:1])[O:3][H:10])([H:12])[H:13])([H:14])[H:15])[H:17],27.0,1.0
7,-0.0767299962185678,AM1BCC,OpenEye,,,C,,8,[H:16][C:7]1([C:6]([C:5]([C:4]([C:9]([C:8]1([H:18])[H:19])([H:20])[H:21])([H:11])[C:2](=[O:1])[O:3][H:10])([H:12])[H:13])([H:14])[H:15])[H:17],27.0,1.0
8,-0.07374999494779677,AM1BCC,OpenEye,,,C,,9,[H:16][C:7]1([C:6]([C:5]([C:4]([C:9]([C:8]1([H:18])[H:19])([H:20])[H:21])([H:11])[C:2](=[O:1])[O:3][H:10])([H:12])[H:13])([H:14])[H:15])[H:17],27.0,1.0
9,0.4413900095082465,AM1BCC,OpenEye,,,H,,10,[H:16][C:7]1([C:6]([C:5]([C:4]([C:9]([C:8]1([H:18])[H:19])([H:20])[H:21])([H:11])[C:2](=[O:1])[O:3][H:10])([H:12])[H:13])([H:14])[H:15])[H:17],27.0,1.0
10,0.08363000480901628,AM1BCC,OpenEye,,,H,,11,[H:16][C:7]1([C:6]([C:5]([C:4]([C:9]([C:8]1([H:18])[H:19])([H:20])[H:21])([H:11])[C:2](=[O:1])[O:3][H:10])([H:12])[H:13])([H:14])[H:15])[H:17],27.0,1.0
11,0.05396000100743203,AM1BCC,OpenEye,,,H,,12,[H:16][C:7]1([C:6]([C:5]([C:4]([C:9]([C:8]1([H:18])[H:19])([H:20])[H:21])([H:11])[C:2](=[O:1])[O:3][H:10])([H:12])[H:13])([H:14])[H:15])[H:17],27.0,1.0
12,0.05396000100743203,AM1BCC,OpenEye,,,H,,13,[H:16][C:7]1([C:6]([C:5]([C:4]([C:9]([C:8]1([H:18])[H:19])([H:20])[H:21])([H:11])[C:2](=[O:1])[O:3][H:10])([H:12])[H:13])([H:14])[H:15])[H:17],27.0,1.0
13,0.04407000346552758,AM1BCC,OpenEye,,,H,,14,[H:16][C:7]1([C:6]([C:5]([C:4]([C:9]([C:8]1([H:18])[H:19])([H:20])[H:21])([H:11])[C:2](=[O:1])[O:3][H:10])([H:12])[H:13])([H:14])[H:15])[H:17],27.0,1.0
14,0.04407000346552758,AM1BCC,OpenEye,,,H,,15,[H:16][C:7]1([C:6]([C:5]([C:4]([C:9]([C:8]1([H:18])[H:19])([H:20])[H:21])([H:11])[C:2](=[O:1])[O:3][H:10])([H:12])[H:13])([H:14])[H:15])[H:17],27.0,1.0
15,0.04357000245224862,AM1BCC,OpenEye,,,H,,16,[H:16][C:7]1([C:6]([C:5]([C:4]([C:9]([C:8]1([H:18])[H:19])([H:20])[H:21])([H:11])[C:2](=[O:1])[O:3][H:10])([H:12])[H:13])([H:14])[H:15])[H:17],27.0,1.0
16,0.04357000245224862,AM1BCC,OpenEye,,,H,,17,[H:16][C:7]1([C:6]([C:5]([C:4]([C:9]([C:8]1([H:18])[H:19])([H:20])[H:21])([H:11])[C:2](=[O:1])[O:3][H:10])([H:12])[H:13])([H:14])[H:15])[H:17],27.0,1.0
17,0.04407000346552758,AM1BCC,OpenEye,,,H,,18,[H:16][C:7]1([C:6]([C:5]([C:4]([C:9]([C:8]1([H:18])[H:19])([H:20])[H:21])([H:11])[C:2](=[O:1])[O:3][H:10])([H:12])[H:13])([H:14])[H:15])[H:17],27.0,1.0
18,0.04407000346552758,AM1BCC,OpenEye,,,H,,19,[H:16][C:7]1([C:6]([C:5]([C:4]([C:9]([C:8]1([H:18])[H:19])([H:20])[H:21])([H:11])[C:2](=[O:1])[O:3][H:10])([H:12])[H:13])([H:14])[H:15])[H:17],27.0,1.0
19,0.05396000100743203,AM1BCC,OpenEye,,,H,,20,[H:16][C:7]1([C:6]([C:5]([C:4]([C:9]([C:8]1([H:18])[H:19])([H:20])[H:21])([H:11])[C:2](=[O:1])[O:3][H:10])([H:12])[H:13])([H:14])[H:15])[H:17],27.0,1.0
20,0.05396000100743203,AM1BCC,OpenEye,,,H,,21,[H:16][C:7]1([C:6]([C:5]([C:4]([C:9]([C:8]1([H:18])[H:19])([H:20])[H:21])([H:11])[C:2](=[O:1])[O:3][H:10])([H:12])[H:13])([H:14])[H:15])[H:17],27.0,1.0
0,-0.5518571428571429,AM1BCC,AmberTools,,,O,,1,[H:16][C:7]1([C:6]([C:5]([C:4]([C:9]([C:8]1([H:18])[H:19])([H:20])[H:21])([H:11])[C:2](=[O:1])[O:3][H:10])([H:12])[H:13])([H:14])[H:15])[H:17],27.0,1.0
1,0.6352428571428571,AM1BCC,AmberTools,,,C,,2,[H:16][C:7]1([C:6]([C:5]([C:4]([C:9]([C:8]1([H:18])[H:19])([H:20])[H:21])([H:11])[C:2](=[O:1])[O:3][H:10])([H:12])[H:13])([H:14])[H:15])[H:17],27.0,1.0
2,-0.6069571428571429,AM1BCC,AmberTools,,,O,,3,[H:16][C:7]1([C:6]([C:5]([C:4]([C:9]([C:8]1([H:18])[H:19])([H:20])[H:21])([H:11])[C:2](=[O:1])[O:3][H:10])([H:12])[H:13])([H:14])[H:15])[H:17],27.0,1.0
3,-0.10355714285714285,AM1BCC,AmberTools,,,C,,4,[H:16][C:7]1([C:6]([C:5]([C:4]([C:9]([C:8]1([H:18])[H:19])([H:20])[H:21])([H:11])[C:2](=[O:1])[O:3][H:10])([H:12])[H:13])([H:14])[H:15])[H:17],27.0,1.0
4,-0.07425714285714284,AM1BCC,AmberTools,,,C,,5,[H:16][C:7]1([C:6]([C:5]([C:4]([C:9]([C:8]1([H:18])[H:19])([H:20])[H:21])([H:11])[C:2](=[O:1])[O:3][H:10])([H:12])[H:13])([H:14])[H:15])[H:17],27.0,1.0
5,-0.07625714285714284,AM1BCC,AmberTools,,,C,,6,[H:16][C:7]1([C:6]([C:5]([C:4]([C:9]([C:8]1([H:18])[H:19])([H:20])[H:21])([H:11])[C:2](=[O:1])[O:3][H:10])([H:12])[H:13])([H:14])[H:15])[H:17],27.0,1.0
6,-0.07925714285714285,AM1BCC,AmberTools,,,C,,7,[H:16][C:7]1([C:6]([C:5]([C:4]([C:9]([C:8]1([H:18])[H:19])([H:20])[H:21])([H:11])[C:2](=[O:1])[O:3][H:10])([H:12])[H:13])([H:14])[H:15])[H:17],27.0,1.0
7,-0.07625714285714284,AM1BCC,AmberTools,,,C,,8,[H:16][C:7]1([C:6]([C:5]([C:4]([C:9]([C:8]1([H:18])[H:19])([H:20])[H:21])([H:11])[C:2](=[O:1])[O:3][H:10])([H:12])[H:13])([H:14])[H:15])[H:17],27.0,1.0
8,-0.07425714285714284,AM1BCC,AmberTools,,,C,,9,[H:16][C:7]1([C:6]([C:5]([C:4]([C:9]([C:8]1([H:18])[H:19])([H:20])[H:21])([H:11])[C:2](=[O:1])[O:3][H:10])([H:12])[H:13])([H:14])[H:15])[H:17],27.0,1.0
9,0.44214285714285717,AM1BCC,AmberTools,,,H,,10,[H:16][C:7]1([C:6]([C:5]([C:4]([C:9]([C:8]1([H:18])[H:19])([H:20])[H:21])([H:11])[C:2](=[O:1])[O:3][H:10])([H:12])[H:13])([H:14])[H:15])[H:17],27.0,1.0
10,0.08284285714285715,AM1BCC,AmberTools,,,H,,11,[H:16][C:7]1([C:6]([C:5]([C:4]([C:9]([C:8]1([H:18])[H:19])([H:20])[H:21])([H:11])[C:2](=[O:1])[O:3][H:10])([H:12])[H:13])([H:14])[H:15])[H:17],27.0,1.0
11,0.05484285714285715,AM1BCC,AmberTools,,,H,,12,[H:16][C:7]1([C:6]([C:5]([C:4]([C:9]([C:8]1([H:18])[H:19])([H:20])[H:21])([H:11])[C:2](=[O:1])[O:3][H:10])([H:12])[H:13])([H:14])[H:15])[H:17],27.0,1.0
12,0.05484285714285715,AM1BCC,AmberTools,,,H,,13,[H:16][C:7]1([C:6]([C:5]([C:4]([C:9]([C:8]1([H:18])[H:19])([H:20])[H:21])([H:11])[C:2](=[O:1])[O:3][H:10])([H:12])[H:13])([H:14])[H:15])[H:17],27.0,1.0
13,0.043842857142857156,AM1BCC,AmberTools,,,H,,14,[H:16][C:7]1([C:6]([C:5]([C:4]([C:9]([C:8]1([H:18])[H:19])([H:20])[H:21])([H:11])[C:2](=[O:1])[O:3][H:10])([H:12])[H:13])([H:14])[H:15])[H:17],27.0,1.0
14,0.043842857142857156,AM1BCC,AmberTools,,,H,,15,[H:16][C:7]1([C:6]([C:5]([C:4]([C:9]([C:8]1([H:18])[H:19])([H:20])[H:21])([H:11])[C:2](=[O:1])[O:3][H:10])([H:12])[H:13])([H:14])[H:15])[H:17],27.0,1.0
15,0.043842857142857156,AM1BCC,AmberTools,,,H,,16,[H:16][C:7]1([C:6]([C:5]([C:4]([C:9]([C:8]1([H:18])[H:19])([H:20])[H:21])([H:11])[C:2](=[O:1])[O:3][H:10])([H:12])[H:13])([H:14])[H:15])[H:17],27.0,1.0
16,0.043842857142857156,AM1BCC,AmberTools,,,H,,17,[H:16][C:7]1([C:6]([C:5]([C:4]([C:9]([C:8]1([H:18])[H:19])([H:20])[H:21])([H:11])[C:2](=[O:1])[O:3][H:10])([H:12])[H:13])([H:14])[H:15])[H:17],27.0,1.0
17,0.043842857142857156,AM1BCC,AmberTools,,,H,,18,[H:16][C:7]1([C:6]([C:5]([C:4]([C:9]([C:8]1([H:18])[H:19])([H:20])[H:21])([H:11])[C:2](=[O:1])[O:3][H:10])([H:12])[H:13])([H:14])[H:15])[H:17],27.0,1.0
18,0.043842857142857156,AM1BCC,AmberTools,,,H,,19,[H:16][C:7]1([C:6]([C:5]([C:4]([C:9]([C:8]1([H:18])[H:19])([H:20])[H:21])([H:11])[C:2](=[O:1])[O:3][H:10])([H:12])[H:13])([H:14])[H:15])[H:17],27.0,1.0
19,0.05484285714285715,AM1BCC,AmberTools,,,H,,20,[H:16][C:7]1([C:6]([C:5]([C:4]([C:9]([C:8]1([H:18])[H:19])([H:20])[H:21])([H:11])[C:2](=[O:1])[O:3][H:10])([H:12])[H:13])([H:14])[H:15])[H:17],27.0,1.0
20,0.05484285714285715,AM1BCC,AmberTools,,,H,,21,[H:16][C:7]1([C:6]([C:5]([C:4]([C:9]([C:8]1([H:18])[H:19])([H:20])[H:21])([H:11])[C:2](=[O:1])[O:3][H:10])([H:12])[H:13])([H:14])[H:15])[H:17],27.0,1.0
0,-0.5518100243948755,AM1BCC,OpenEye,,,O,,1,[H:16][C:7]1([C:6]([C:5]([C:4]([C:9]([C:8]1([H:18])[H:19])([H:20])[H:21])([H:11])[C:2](=[O:1])[O:3][H:10])([H:12])[H:13])([H:14])[H:15])[H:17],27.0,2.0
1,0.6353099959946814,AM1BCC,OpenEye,,,C,,2,[H:16][C:7]1([C:6]([C:5]([C:4]([C:9]([C:8]1([H:18])[H:19])([H:20])[H:21])([H:11])[C:2](=[O:1])[O:3][H:10])([H:12])[H:13])([H:14])[H:15])[H:17],27.0,2.0
2,-0.5991700273894128,AM1BCC,OpenEye,,,O,,3,[H:16][C:7]1([C:6]([C:5]([C:4]([C:9]([C:8]1([H:18])[H:19])([H:20])[H:21])([H:11])[C:2](=[O:1])[O:3][H:10])([H:12])[H:13])([H:14])[H:15])[H:17],27.0,2.0
3,-0.10795999886024565,AM1BCC,OpenEye,,,C,,4,[H:16][C:7]1([C:6]([C:5]([C:4]([C:9]([C:8]1([H:18])[H:19])([H:20])[H:21])([H:11])[C:2](=[O:1])[O:3][H:10])([H:12])[H:13])([H:14])[H:15])[H:17],27.0,2.0
4,-0.07374999494779677,AM1BCC,OpenEye,,,C,,5,[H:16][C:7]1([C:6]([C:5]([C:4]([C:9]([C:8]1([H:18])[H:19])([H:20])[H:21])([H:11])[C:2](=[O:1])[O:3][H:10])([H:12])[H:13])([H:14])[H:15])[H:17],27.0,2.0
5,-0.0767299962185678,AM1BCC,OpenEye,,,C,,6,[H:16][C:7]1([C:6]([C:5]([C:4]([C:9]([C:8]1([H:18])[H:19])([H:20])[H:21])([H:11])[C:2](=[O:1])[O:3][H:10])([H:12])[H:13])([H:14])[H:15])[H:17],27.0,2.0
6,-0.07969000013101668,AM1BCC,OpenEye,,,C,,7,[H:16][C:7]1([C:6]([C:5]([C:4]([C:9]([C:8]1([H:18])[H:19])([H:20])[H:21])([H:11])[C:2](=[O:1])[O:3][H:10])([H:12])[H:13])([H:14])[H:15])[H:17],27.0,2.0
7,-0.0767299962185678,AM1BCC,OpenEye,,,C,,8,[H:16][C:7]1([C:6]([C:5]([C:4]([C:9]([C:8]1([H:18])[H:19])([H:20])[H:21])([H:11])[C:2](=[O:1])[O:3][H:10])([H:12])[H:13])([H:14])[H:15])[H:17],27.0,2.0
8,-0.07374999494779677,AM1BCC,OpenEye,,,C,,9,[H:16][C:7]1([C:6]([C:5]([C:4]([C:9]([C:8]1([H:18])[H:19])([H:20])[H:21])([H:11])[C:2](=[O:1])[O:3][H:10])([H:12])[H:13])([H:14])[H:15])[H:17],27.0,2.0
9,0.4413900095082465,AM1BCC,OpenEye,,,H,,10,[H:16][C:7]1([C:6]([C:5]([C:4]([C:9]([C:8]1([H:18])[H:19])([H:20])[H:21])([H:11])[C:2](=[O:1])[O:3][H:10])([H:12])[H:13])([H:14])[H:15])[H:17],27.0,2.0
10,0.08363000480901628,AM1BCC,OpenEye,,,H,,11,[H:16][C:7]1([C:6]([C:5]([C:4]([C:9]([C:8]1([H:18])[H:19])([H:20])[H:21])([H:11])[C:2](=[O:1])[O:3][H:10])([H:12])[H:13])([H:14])[H:15])[H:17],27.0,2.0
11,0.05396000100743203,AM1BCC,OpenEye,,,H,,12,[H:16][C:7]1([C:6]([C:5]([C:4]([C:9]([C:8]1([H:18])[H:19])([H:20])[H:21])([H:11])[C:2](=[O:1])[O:3][H:10])([H:12])[H:13])([H:14])[H:15])[H:17],27.0,2.0
12,0.05396000100743203,AM1BCC,OpenEye,,,H,,13,[H:16][C:7]1([C:6]([C:5]([C:4]([C:9]([C:8]1([H:18])[H:19])([H:20])[H:21])([H:11])[C:2](=[O:1])[O:3][H:10])([H:12])[H:13])([H:14])[H:15])[H:17],27.0,2.0
13,0.04407000346552758,AM1BCC,OpenEye,,,H,,14,[H:16][C:7]1([C:6]([C:5]([C:4]([C:9]([C:8]1([H:18])[H:19])([H:20])[H:21])([H:11])[C:2](=[O:1])[O:3][H:10])([H:12])[H:13])([H:14])[H:15])[H:17],27.0,2.0
14,0.04407000346552758,AM1BCC,OpenEye,,,H,,15,[H:16][C:7]1([C:6]([C:5]([C:4]([C:9]([C:8]1([H:18])[H:19])([H:20])[H:21])([H:11])[C:2](=[O:1])[O:3][H:10])([H:12])[H:13])([H:14])[H:15])[H:17],27.0,2.0
15,0.04357000245224862,AM1BCC,OpenEye,,,H,,16,[H:16][C:7]1([C:6]([C:5]([C:4]([C:9]([C:8]1([H:18])[H:19])([H:20])[H:21])([H:11])[C:2](=[O:1])[O:3][H:10])([H:12])[H:13])([H:14])[H:15])[H:17],27.0,2.0
16,0.04357000245224862,AM1BCC,OpenEye,,,H,,17,[H:16][C:7]1([C:6]([C:5]([C:4]([C:9]([C:8]1([H:18])[H:19])([H:20])[H:21])([H:11])[C:2](=[O:1])[O:3][H:10])([H:12])[H:13])([H:14])[H:15])[H:17],27.0,2.0
17,0.04407000346552758,AM1BCC,OpenEye,,,H,,18,[H:16][C:7]1([C:6]([C:5]([C:4]([C:9]([C:8]1([H:18])[H:19])([H:20])[H:21])([H:11])[C:2](=[O:1])[O:3][H:10])([H:12])[H:13])([H:14])[H:15])[H:17],27.0,2.0
18,0.04407000346552758,AM1BCC,OpenEye,,,H,,19,[H:16][C:7]1([C:6]([C:5]([C:4]([C:9]([C:8]1([H:18])[H:19])([H:20])[H:21])([H:11])[C:2](=[O:1])[O:3][H:10])([H:12])[H:13])([H:14])[H:15])[H:17],27.0,2.0
19,0.05396000100743203,AM1BCC,OpenEye,,,H,,20,[H:16][C:7]1([C:6]([C:5]([C:4]([C:9]([C:8]1([H:18])[H:19])([H:20])[H:21])([H:11])[C:2](=[O:1])[O:3][H:10])([H:12])[H:13])([H:14])[H:15])[H:17],27.0,2.0
20,0.05396000100743203,AM1BCC,OpenEye,,,H,,21,[H:16][C:7]1([C:6]([C:5]([C:4]([C:9]([C:8]1([H:18])[H:19])([H:20])[H:21])([H:11])[C:2](=[O:1])[O:3][H:10])([H:12])[H:13])([H:14])[H:15])[H:17],27.0,2.0
0,-0.5518571428571429,AM1BCC,AmberTools,,,O,,1,[H:16][C:7]1([C:6]([C:5]([C:4]([C:9]([C:8]1([H:18])[H:19])([H:20])[H:21])([H:11])[C:2](=[O:1])[O:3][H:10])([H:12])[H:13])([H:14])[H:15])[H:17],27.0,2.0
1,0.6352428571428571,AM1BCC,AmberTools,,,C,,2,[H:16][C:7]1([C:6]([C:5]([C:4]([C:9]([C:8]1([H:18])[H:19])([H:20])[H:21])([H:11])[C:2](=[O:1])[O:3][H:10])([H:12])[H:13])([H:14])[H:15])[H:17],27.0,2.0
2,-0.6069571428571429,AM1BCC,AmberTools,,,O,,3,[H:16][C:7]1([C:6]([C:5]([C:4]([C:9]([C:8]1([H:18])[H:19])([H:20])[H:21])([H:11])[C:2](=[O:1])[O:3][H:10])([H:12])[H:13])([H:14])[H:15])[H:17],27.0,2.0
3,-0.10355714285714285,AM1BCC,AmberTools,,,C,,4,[H:16][C:7]1([C:6]([C:5]([C:4]([C:9]([C:8]1([H:18])[H:19])([H:20])[H:21])([H:11])[C:2](=[O:1])[O:3][H:10])([H:12])[H:13])([H:14])[H:15])[H:17],27.0,2.0
4,-0.07425714285714284,AM1BCC,AmberTools,,,C,,5,[H:16][C:7]1([C:6]([C:5]([C:4]([C:9]([C:8]1([H:18])[H:19])([H:20])[H:21])([H:11])[C:2](=[O:1])[O:3][H:10])([H:12])[H:13])([H:14])[H:15])[H:17],27.0,2.0
5,-0.07625714285714284,AM1BCC,AmberTools,,,C,,6,[H:16][C:7]1([C:6]([C:5]([C:4]([C:9]([C:8]1([H:18])[H:19])([H:20])[H:21])([H:11])[C:2](=[O:1])[O:3][H:10])([H:12])[H:13])([H:14])[H:15])[H:17],27.0,2.0
6,-0.07925714285714285,AM1BCC,AmberTools,,,C,,7,[H:16][C:7]1([C:6]([C:5]([C:4]([C:9]([C:8]1([H:18])[H:19])([H:20])[H:21])([H:11])[C:2](=[O:1])[O:3][H:10])([H:12])[H:13])([H:14])[H:15])[H:17],27.0,2.0
7,-0.07625714285714284,AM1BCC,AmberTools,,,C,,8,[H:16][C:7]1([C:6]([C:5]([C:4]([C:9]([C:8]1([H:18])[H:19])([H:20])[H:21])([H:11])[C:2](=[O:1])[O:3][H:10])([H:12])[H:13])([H:14])[H:15])[H:17],27.0,2.0
8,-0.07425714285714284,AM1BCC,AmberTools,,,C,,9,[H:16][C:7]1([C:6]([C:5]([C:4]([C:9]([C:8]1([H:18])[H:19])([H:20])[H:21])([H:11])[C:2](=[O:1])[O:3][H:10])([H:12])[H:13])([H:14])[H:15])[H:17],27.0,2.0
9,0.44214285714285717,AM1BCC,AmberTools,,,H,,10,[H:16][C:7]1([C:6]([C:5]([C:4]([C:9]([C:8]1([H:18])[H:19])([H:20])[H:21])([H:11])[C:2](=[O:1])[O:3][H:10])([H:12])[H:13])([H:14])[H:15])[H:17],27.0,2.0
10,0.08284285714285715,AM1BCC,AmberTools,,,H,,11,[H:16][C:7]1([C:6]([C:5]([C:4]([C:9]([C:8]1([H:18])[H:19])([H:20])[H:21])([H:11])[C:2](=[O:1])[O:3][H:10])([H:12])[H:13])([H:14])[H:15])[H:17],27.0,2.0
11,0.05484285714285715,AM1BCC,AmberTools,,,H,,12,[H:16][C:7]1([C:6]([C:5]([C:4]([C:9]([C:8]1([H:18])[H:19])([H:20])[H:21])([H:11])[C:2](=[O:1])[O:3][H:10])([H:12])[H:13])([H:14])[H:15])[H:17],27.0,2.0
12,0.05484285714285715,AM1BCC,AmberTools,,,H,,13,[H:16][C:7]1([C:6]([C:5]([C:4]([C:9]([C:8]1([H:18])[H:19])([H:20])[H:21])([H:11])[C:2](=[O:1])[O:3][H:10])([H:12])[H:13])([H:14])[H:15])[H:17],27.0,2.0
13,0.043842857142857156,AM1BCC,AmberTools,,,H,,14,[H:16][C:7]1([C:6]([C:5]([C:4]([C:9]([C:8]1([H:18])[H:19])([H:20])[H:21])([H:11])[C:2](=[O:1])[O:3][H:10])([H:12])[H:13])([H:14])[H:15])[H:17],27.0,2.0
14,0.043842857142857156,AM1BCC,AmberTools,,,H,,15,[H:16][C:7]1([C:6]([C:5]([C:4]([C:9]([C:8]1([H:18])[H:19])([H:20])[H:21])([H:11])[C:2](=[O:1])[O:3][H:10])([H:12])[H:13])([H:14])[H:15])[H:17],27.0,2.0
15,0.043842857142857156,AM1BCC,AmberTools,,,H,,16,[H:16][C:7]1([C:6]([C:5]([C:4]([C:9]([C:8]1([H:18])[H:19])([H:20])[H:21])([H:11])[C:2](=[O:1])[O:3][H:10])([H:12])[H:13])([H:14])[H:15])[H:17],27.0,2.0
16,0.043842857142857156,AM1BCC,AmberTools,,,H,,17,[H:16][C:7]1([C:6]([C:5]([C:4]([C:9]([C:8]1([H:18])[H:19])([H:20])[H:21])([H:11])[C:2](=[O:1])[O:3][H:10])([H:12])[H:13])([H:14])[H:15])[H:17],27.0,2.0
17,0.043842857142857156,AM1BCC,AmberTools,,,H,,18,[H:16][C:7]1([C:6]([C:5]([C:4]([C:9]([C:8]1([H:18])[H:19])([H:20])[H:21])([H:11])[C:2](=[O:1])[O:3][H:10])([H:12])[H:13])([H:14])[H:15])[H:17],27.0,2.0
18,0.043842857142857156,AM1BCC,AmberTools,,,H,,19,[H:16][C:7]1([C:6]([C:5]([C:4]([C:9]([C:8]1([H:18])[H:19])([H:20])[H:21])([H:11])[C:2](=[O:1])[O:3][H:10])([H:12])[H:13])([H:14])[H:15])[H:17],27.0,2.0
19,0.05484285714285715,AM1BCC,AmberTools,,,H,,20,[H:16][C:7]1([C:6]([C:5]([C:4]([C:9]([C:8]1([H:18])[H:19])([H:20])[H:21])([H:11])[C:2](=[O:1])[O:3][H:10])([H:12])[H:13])([H:14])[H:15])[H:17],27.0,2.0
20,0.05484285714285715,AM1BCC,AmberTools,,,H,,21,[H:16][C:7]1([C:6]([C:5]([C:4]([C:9]([C:8]1([H:18])[H:19])([H:20])[H:21])([H:11])[C:2](=[O:1])[O:3][H:10])([H:12])[H:13])([H:14])[H:15])[H:17],27.0,2.0
0,-0.5518100243948755,AM1BCC,OpenEye,,,O,,1,[H:16][C:7]1([C:6]([C:5]([C:4]([C:9]([C:8]1([H:18])[H:19])([H:20])[H:21])([H:11])[C:2](=[O:1])[O:3][H:10])([H:12])[H:13])([H:14])[H:15])[H:17],27.0,3.0
1,0.6353099959946814,AM1BCC,OpenEye,,,C,,2,[H:16][C:7]1([C:6]([C:5]([C:4]([C:9]([C:8]1([H:18])[H:19])([H:20])[H:21])([H:11])[C:2](=[O:1])[O:3][H:10])([H:12])[H:13])([H:14])[H:15])[H:17],27.0,3.0
2,-0.5991700273894128,AM1BCC,OpenEye,,,O,,3,[H:16][C:7]1([C:6]([C:5]([C:4]([C:9]([C:8]1([H:18])[H:19])([H:20])[H:21])([H:11])[C:2](=[O:1])[O:3][H:10])([H:12])[H:13])([H:14])[H:15])[H:17],27.0,3.0
3,-0.10795999886024565,AM1BCC,OpenEye,,,C,,4,[H:16][C:7]1([C:6]([C:5]([C:4]([C:9]([C:8]1([H:18])[H:19])([H:20])[H:21])([H:11])[C:2](=[O:1])[O:3][H:10])([H:12])[H:13])([H:14])[H:15])[H:17],27.0,3.0
4,-0.07374999494779677,AM1BCC,OpenEye,,,C,,5,[H:16][C:7]1([C:6]([C:5]([C:4]([C:9]([C:8]1([H:18])[H:19])([H:20])[H:21])([H:11])[C:2](=[O:1])[O:3][H:10])([H:12])[H:13])([H:14])[H:15])[H:17],27.0,3.0
5,-0.0767299962185678,AM1BCC,OpenEye,,,C,,6,[H:16][C:7]1([C:6]([C:5]([C:4]([C:9]([C:8]1([H:18])[H:19])([H:20])[H:21])([H:11])[C:2](=[O:1])[O:3][H:10])([H:12])[H:13])([H:14])[H:15])[H:17],27.0,3.0
6,-0.07969000013101668,AM1BCC,OpenEye,,,C,,7,[H:16][C:7]1([C:6]([C:5]([C:4]([C:9]([C:8]1([H:18])[H:19])([H:20])[H:21])([H:11])[C:2](=[O:1])[O:3][H:10])([H:12])[H:13])([H:14])[H:15])[H:17],27.0,3.0
7,-0.0767299962185678,AM1BCC,OpenEye,,,C,,8,[H:16][C:7]1([C:6]([C:5]([C:4]([C:9]([C:8]1([H:18])[H:19])([H:20])[H:21])([H:11])[C:2](=[O:1])[O:3][H:10])([H:12])[H:13])([H:14])[H:15])[H:17],27.0,3.0
8,-0.07374999494779677,AM1BCC,OpenEye,,,C,,9,[H:16][C:7]1([C:6]([C:5]([C:4]([C:9]([C:8]1([H:18])[H:19])([H:20])[H:21])([H:11])[C:2](=[O:1])[O:3][H:10])([H:12])[H:13])([H:14])[H:15])[H:17],27.0,3.0
9,0.4413900095082465,AM1BCC,OpenEye,,,H,,10,[H:16][C:7]1([C:6]([C:5]([C:4]([C:9]([C:8]1([H:18])[H:19])([H:20])[H:21])([H:11])[C:2](=[O:1])[O:3][H:10])([H:12])[H:13])([H:14])[H:15])[H:17],27.0,3.0
10,0.08363000480901628,AM1BCC,OpenEye,,,H,,11,[H:16][C:7]1([C:6]([C:5]([C:4]([C:9]([C:8]1([H:18])[H:19])([H:20])[H:21])([H:11])[C:2](=[O:1])[O:3][H:10])([H:12])[H:13])([H:14])[H:15])[H:17],27.0,3.0
11,0.05396000100743203,AM1BCC,OpenEye,,,H,,12,[H:16][C:7]1([C:6]([C:5]([C:4]([C:9]([C:8]1([H:18])[H:19])([H:20])[H:21])([H:11])[C:2](=[O:1])[O:3][H:10])([H:12])[H:13])([H:14])[H:15])[H:17],27.0,3.0
12,0.05396000100743203,AM1BCC,OpenEye,,,H,,13,[H:16][C:7]1([C:6]([C:5]([C:4]([C:9]([C:8]1([H:18])[H:19])([H:20])[H:21])([H:11])[C:2](=[O:1])[O:3][H:10])([H:12])[H:13])([H:14])[H:15])[H:17],27.0,3.0
13,0.04407000346552758,AM1BCC,OpenEye,,,H,,14,[H:16][C:7]1([C:6]([C:5]([C:4]([C:9]([C:8]1([H:18])[H:19])([H:20])[H:21])([H:11])[C:2](=[O:1])[O:3][H:10])([H:12])[H:13])([H:14])[H:15])[H:17],27.0,3.0
14,0.04407000346552758,AM1BCC,OpenEye,,,H,,15,[H:16][C:7]1([C:6]([C:5]([C:4]([C:9]([C:8]1([H:18])[H:19])([H:20])[H:21])([H:11])[C:2](=[O:1])[O:3][H:10])([H:12])[H:13])([H:14])[H:15])[H:17],27.0,3.0
15,0.04357000245224862,AM1BCC,OpenEye,,,H,,16,[H:16][C:7]1([C:6]([C:5]([C:4]([C:9]([C:8]1([H:18])[H:19])([H:20])[H:21])([H:11])[C:2](=[O:1])[O:3][H:10])([H:12])[H:13])([H:14])[H:15])[H:17],27.0,3.0
16,0.04357000245224862,AM1BCC,OpenEye,,,H,,17,[H:16][C:7]1([C:6]([C:5]([C:4]([C:9]([C:8]1([H:18])[H:19])([H:20])[H:21])([H:11])[C:2](=[O:1])[O:3][H:10])([H:12])[H:13])([H:14])[H:15])[H:17],27.0,3.0
17,0.04407000346552758,AM1BCC,OpenEye,,,H,,18,[H:16][C:7]1([C:6]([C:5]([C:4]([C:9]([C:8]1([H:18])[H:19])([H:20])[H:21])([H:11])[C:2](=[O:1])[O:3][H:10])([H:12])[H:13])([H:14])[H:15])[H:17],27.0,3.0
18,0.04407000346552758,AM1BCC,OpenEye,,,H,,19,[H:16][C:7]1([C:6]([C:5]([C:4]([C:9]([C:8]1([H:18])[H:19])([H:20])[H:21])([H:11])[C:2](=[O:1])[O:3][H:10])([H:12])[H:13])([H:14])[H:15])[H:17],27.0,3.0
19,0.05396000100743203,AM1BCC,OpenEye,,,H,,20,[H:16][C:7]1([C:6]([C:5]([C:4]([C:9]([C:8]1([H:18])[H:19])([H:20])[H:21])([H:11])[C:2](=[O:1])[O:3][H:10])([H:12])[H:13])([H:14])[H:15])[H:17],27.0,3.0
20,0.05396000100743203,AM1BCC,OpenEye,,,H,,21,[H:16][C:7]1([C:6]([C:5]([C:4]([C:9]([C:8]1([H:18])[H:19])([H:20])[H:21])([H:11])[C:2](=[O:1])[O:3][H:10])([H:12])[H:13])([H:14])[H:15])[H:17],27.0,3.0
0,-0.5518571428571429,AM1BCC,AmberTools,,,O,,1,[H:16][C:7]1([C:6]([C:5]([C:4]([C:9]([C:8]1([H:18])[H:19])([H:20])[H:21])([H:11])[C:2](=[O:1])[O:3][H:10])([H:12])[H:13])([H:14])[H:15])[H:17],27.0,3.0
1,0.6352428571428571,AM1BCC,AmberTools,,,C,,2,[H:16][C:7]1([C:6]([C:5]([C:4]([C:9]([C:8]1([H:18])[H:19])([H:20])[H:21])([H:11])[C:2](=[O:1])[O:3][H:10])([H:12])[H:13])([H:14])[H:15])[H:17],27.0,3.0
2,-0.6069571428571429,AM1BCC,AmberTools,,,O,,3,[H:16][C:7]1([C:6]([C:5]([C:4]([C:9]([C:8]1([H:18])[H:19])([H:20])[H:21])([H:11])[C:2](=[O:1])[O:3][H:10])([H:12])[H:13])([H:14])[H:15])[H:17],27.0,3.0
3,-0.10355714285714285,AM1BCC,AmberTools,,,C,,4,[H:16][C:7]1([C:6]([C:5]([C:4]([C:9]([C:8]1([H:18])[H:19])([H:20])[H:21])([H:11])[C:2](=[O:1])[O:3][H:10])([H:12])[H:13])([H:14])[H:15])[H:17],27.0,3.0
4,-0.07425714285714284,AM1BCC,AmberTools,,,C,,5,[H:16][C:7]1([C:6]([C:5]([C:4]([C:9]([C:8]1([H:18])[H:19])([H:20])[H:21])([H:11])[C:2](=[O:1])[O:3][H:10])([H:12])[H:13])([H:14])[H:15])[H:17],27.0,3.0
5,-0.07625714285714284,AM1BCC,AmberTools,,,C,,6,[H:16][C:7]1([C:6]([C:5]([C:4]([C:9]([C:8]1([H:18])[H:19])([H:20])[H:21])([H:11])[C:2](=[O:1])[O:3][H:10])([H:12])[H:13])([H:14])[H:15])[H:17],27.0,3.0
6,-0.07925714285714285,AM1BCC,AmberTools,,,C,,7,[H:16][C:7]1([C:6]([C:5]([C:4]([C:9]([C:8]1([H:18])[H:19])([H:20])[H:21])([H:11])[C:2](=[O:1])[O:3][H:10])([H:12])[H:13])([H:14])[H:15])[H:17],27.0,3.0
7,-0.07625714285714284,AM1BCC,AmberTools,,,C,,8,[H:16][C:7]1([C:6]([C:5]([C:4]([C:9]([C:8]1([H:18])[H:19])([H:20])[H:21])([H:11])[C:2](=[O:1])[O:3][H:10])([H:12])[H:13])([H:14])[H:15])[H:17],27.0,3.0
8,-0.07425714285714284,AM1BCC,AmberTools,,,C,,9,[H:16][C:7]1([C:6]([C:5]([C:4]([C:9]([C:8]1([H:18])[H:19])([H:20])[H:21])([H:11])[C:2](=[O:1])[O:3][H:10])([H:12])[H:13])([H:14])[H:15])[H:17],27.0,3.0
9,0.44214285714285717,AM1BCC,AmberTools,,,H,,10,[H:16][C:7]1([C:6]([C:5]([C:4]([C:9]([C:8]1([H:18])[H:19])([H:20])[H:21])([H:11])[C:2](=[O:1])[O:3][H:10])([H:12])[H:13])([H:14])[H:15])[H:17],27.0,3.0
10,0.08284285714285715,AM1BCC,AmberTools,,,H,,11,[H:16][C:7]1([C:6]([C:5]([C:4]([C:9]([C:8]1([H:18])[H:19])([H:20])[H:21])([H:11])[C:2](=[O:1])[O:3][H:10])([H:12])[H:13])([H:14])[H:15])[H:17],27.0,3.0
11,0.05484285714285715,AM1BCC,AmberTools,,,H,,12,[H:16][C:7]1([C:6]([C:5]([C:4]([C:9]([C:8]1([H:18])[H:19])([H:20])[H:21])([H:11])[C:2](=[O:1])[O:3][H:10])([H:12])[H:13])([H:14])[H:15])[H:17],27.0,3.0
12,0.05484285714285715,AM1BCC,AmberTools,,,H,,13,[H:16][C:7]1([C:6]([C:5]([C:4]([C:9]([C:8]1([H:18])[H:19])([H:20])[H:21])([H:11])[C:2](=[O:1])[O:3][H:10])([H:12])[H:13])([H:14])[H:15])[H:17],27.0,3.0
13,0.043842857142857156,AM1BCC,AmberTools,,,H,,14,[H:16][C:7]1([C:6]([C:5]([C:4]([C:9]([C:8]1([H:18])[H:19])([H:20])[H:21])([H:11])[C:2](=[O:1])[O:3][H:10])([H:12])[H:13])([H:14])[H:15])[H:17],27.0,3.0
14,0.043842857142857156,AM1BCC,AmberTools,,,H,,15,[H:16][C:7]1([C:6]([C:5]([C:4]([C:9]([C:8]1([H:18])[H:19])([H:20])[H:21])([H:11])[C:2](=[O:1])[O:3][H:10])([H:12])[H:13])([H:14])[H:15])[H:17],27.0,3.0
15,0.043842857142857156,AM1BCC,AmberTools,,,H,,16,[H:16][C:7]1([C:6]([C:5]([C:4]([C:9]([C:8]1([H:18])[H:19])([H:20])[H:21])([H:11])[C:2](=[O:1])[O:3][H:10])([H:12])[H:13])([H:14])[H:15])[H:17],27.0,3.0
16,0.043842857142857156,AM1BCC,AmberTools,,,H,,17,[H:16][C:7]1([C:6]([C:5]([C:4]([C:9]([C:8]1([H:18])[H:19])([H:20])[H:21])([H:11])[C:2](=[O:1])[O:3][H:10])([H:12])[H:13])([H:14])[H:15])[H:17],27.0,3.0
17,0.043842857142857156,AM1BCC,AmberTools,,,H,,18,[H:16][C:7]1([C:6]([C:5]([C:4]([C:9]([C:8]1([H:18])[H:19])([H:20])[H:21])([H:11])[C:2](=[O:1])[O:3][H:10])([H:12])[H:13])([H:14])[H:15])[H:17],27.0,3.0
18,0.043842857142857156,AM1BCC,AmberTools,,,H,,19,[H:16][C:7]1([C:6]([C:5]([C:4]([C:9]([C:8]1([H:18])[H:19])([H:20])[H:21])([H:11])[C:2](=[O:1])[O:3][H:10])([H:12])[H:13])([H:14])[H:15])[H:17],27.0,3.0
19,0.05484285714285715,AM1BCC,AmberTools,,,H,,20,[H:16][C:7]1([C:6]([C:5]([C:4]([C:9]([C:8]1([H:18])[H:19])([H:20])[H:21])([H:11])[C:2](=[O:1])[O:3][H:10])([H:12])[H:13])([H:14])[H:15])[H:17],27.0,3.0
20,0.05484285714285715,AM1BCC,AmberTools,,,H,,21,[H:16][C:7]1([C:6]([C:5]([C:4]([C:9]([C:8]1([H:18])[H:19])([H:20])[H:21])([H:11])[C:2](=[O:1])[O:3][H:10])([H:12])[H:13])([H:14])[H:15])[H:17],27.0,3.0
0,-0.5518100243948755,AM1BCC,OpenEye,,,O,,1,[H:16][C:7]1([C:6]([C:5]([C:4]([C:9]([C:8]1([H:18])[H:19])([H:20])[H:21])([H:11])[C:2](=[O:1])[O:3][H:10])([H:12])[H:13])([H:14])[H:15])[H:17],27.0,4.0
1,0.6353099959946814,AM1BCC,OpenEye,,,C,,2,[H:16][C:7]1([C:6]([C:5]([C:4]([C:9]([C:8]1([H:18])[H:19])([H:20])[H:21])([H:11])[C:2](=[O:1])[O:3][H:10])([H:12])[H:13])([H:14])[H:15])[H:17],27.0,4.0
2,-0.5991700273894128,AM1BCC,OpenEye,,,O,,3,[H:16][C:7]1([C:6]([C:5]([C:4]([C:9]([C:8]1([H:18])[H:19])([H:20])[H:21])([H:11])[C:2](=[O:1])[O:3][H:10])([H:12])[H:13])([H:14])[H:15])[H:17],27.0,4.0
3,-0.10795999886024565,AM1BCC,OpenEye,,,C,,4,[H:16][C:7]1([C:6]([C:5]([C:4]([C:9]([C:8]1([H:18])[H:19])([H:20])[H:21])([H:11])[C:2](=[O:1])[O:3][H:10])([H:12])[H:13])([H:14])[H:15])[H:17],27.0,4.0
4,-0.07374999494779677,AM1BCC,OpenEye,,,C,,5,[H:16][C:7]1([C:6]([C:5]([C:4]([C:9]([C:8]1([H:18])[H:19])([H:20])[H:21])([H:11])[C:2](=[O:1])[O:3][H:10])([H:12])[H:13])([H:14])[H:15])[H:17],27.0,4.0
5,-0.0767299962185678,AM1BCC,OpenEye,,,C,,6,[H:16][C:7]1([C:6]([C:5]([C:4]([C:9]([C:8]1([H:18])[H:19])([H:20])[H:21])([H:11])[C:2](=[O:1])[O:3][H:10])([H:12])[H:13])([H:14])[H:15])[H:17],27.0,4.0
6,-0.07969000013101668,AM1BCC,OpenEye,,,C,,7,[H:16][C:7]1([C:6]([C:5]([C:4]([C:9]([C:8]1([H:18])[H:19])([H:20])[H:21])([H:11])[C:2](=[O:1])[O:3][H:10])([H:12])[H:13])([H:14])[H:15])[H:17],27.0,4.0
7,-0.0767299962185678,AM1BCC,OpenEye,,,C,,8,[H:16][C:7]1([C:6]([C:5]([C:4]([C:9]([C:8]1([H:18])[H:19])([H:20])[H:21])([H:11])[C:2](=[O:1])[O:3][H:10])([H:12])[H:13])([H:14])[H:15])[H:17],27.0,4.0
8,-0.07374999494779677,AM1BCC,OpenEye,,,C,,9,[H:16][C:7]1([C:6]([C:5]([C:4]([C:9]([C:8]1([H:18])[H:19])([H:20])[H:21])([H:11])[C:2](=[O:1])[O:3][H:10])([H:12])[H:13])([H:14])[H:15])[H:17],27.0,4.0
9,0.4413900095082465,AM1BCC,OpenEye,,,H,,10,[H:16][C:7]1([C:6]([C:5]([C:4]([C:9]([C:8]1([H:18])[H:19])([H:20])[H:21])([H:11])[C:2](=[O:1])[O:3][H:10])([H:12])[H:13])([H:14])[H:15])[H:17],27.0,4.0
10,0.08363000480901628,AM1BCC,OpenEye,,,H,,11,[H:16][C:7]1([C:6]([C:5]([C:4]([C:9]([C:8]1([H:18])[H:19])([H:20])[H:21])([H:11])[C:2](=[O:1])[O:3][H:10])([H:12])[H:13])([H:14])[H:15])[H:17],27.0,4.0
11,0.05396000100743203,AM1BCC,OpenEye,,,H,,12,[H:16][C:7]1([C:6]([C:5]([C:4]([C:9]([C:8]1([H:18])[H:19])([H:20])[H:21])([H:11])[C:2](=[O:1])[O:3][H:10])([H:12])[H:13])([H:14])[H:15])[H:17],27.0,4.0
12,0.05396000100743203,AM1BCC,OpenEye,,,H,,13,[H:16][C:7]1([C:6]([C:5]([C:4]([C:9]([C:8]1([H:18])[H:19])([H:20])[H:21])([H:11])[C:2](=[O:1])[O:3][H:10])([H:12])[H:13])([H:14])[H:15])[H:17],27.0,4.0
13,0.04407000346552758,AM1BCC,OpenEye,,,H,,14,[H:16][C:7]1([C:6]([C:5]([C:4]([C:9]([C:8]1([H:18])[H:19])([H:20])[H:21])([H:11])[C:2](=[O:1])[O:3][H:10])([H:12])[H:13])([H:14])[H:15])[H:17],27.0,4.0
14,0.04407000346552758,AM1BCC,OpenEye,,,H,,15,[H:16][C:7]1([C:6]([C:5]([C:4]([C:9]([C:8]1([H:18])[H:19])([H:20])[H:21])([H:11])[C:2](=[O:1])[O:3][H:10])([H:12])[H:13])([H:14])[H:15])[H:17],27.0,4.0
15,0.04357000245224862,AM1BCC,OpenEye,,,H,,16,[H:16][C:7]1([C:6]([C:5]([C:4]([C:9]([C:8]1([H:18])[H:19])([H:20])[H:21])([H:11])[C:2](=[O:1])[O:3][H:10])([H:12])[H:13])([H:14])[H:15])[H:17],27.0,4.0
16,0.04357000245224862,AM1BCC,OpenEye,,,H,,17,[H:16][C:7]1([C:6]([C:5]([C:4]([C:9]([C:8]1([H:18])[H:19])([H:20])[H:21])([H:11])[C:2](=[O:1])[O:3][H:10])([H:12])[H:13])([H:14])[H:15])[H:17],27.0,4.0
17,0.04407000346552758,AM1BCC,OpenEye,,,H,,18,[H:16][C:7]1([C:6]([C:5]([C:4]([C:9]([C:8]1([H:18])[H:19])([H:20])[H:21])([H:11])[C:2](=[O:1])[O:3][H:10])([H:12])[H:13])([H:14])[H:15])[H:17],27.0,4.0
18,0.04407000346552758,AM1BCC,OpenEye,,,H,,19,[H:16][C:7]1([C:6]([C:5]([C:4]([C:9]([C:8]1([H:18])[H:19])([H:20])[H:21])([H:11])[C:2](=[O:1])[O:3][H:10])([H:12])[H:13])([H:14])[H:15])[H:17],27.0,4.0
19,0.05396000100743203,AM1BCC,OpenEye,,,H,,20,[H:16][C:7]1([C:6]([C:5]([C:4]([C:9]([C:8]1([H:18])[H:19])([H:20])[H:21])([H:11])[C:2](=[O:1])[O:3][H:10])([H:12])[H:13])([H:14])[H:15])[H:17],27.0,4.0
20,0.05396000100743203,AM1BCC,OpenEye,,,H,,21,[H:16][C:7]1([C:6]([C:5]([C:4]([C:9]([C:8]1([H:18])[H:19])([H:20])[H:21])([H:11])[C:2](=[O:1])[O:3][H:10])([H:12])[H:13])([H:14])[H:15])[H:17],27.0,4.0
0,-0.5518571428571429,AM1BCC,AmberTools,,,O,,1,[H:16][C:7]1([C:6]([C:5]([C:4]([C:9]([C:8]1([H:18])[H:19])([H:20])[H:21])([H:11])[C:2](=[O:1])[O:3][H:10])([H:12])[H:13])([H:14])[H:15])[H:17],27.0,4.0
1,0.6352428571428571,AM1BCC,AmberTools,,,C,,2,[H:16][C:7]1([C:6]([C:5]([C:4]([C:9]([C:8]1([H:18])[H:19])([H:20])[H:21])([H:11])[C:2](=[O:1])[O:3][H:10])([H:12])[H:13])([H:14])[H:15])[H:17],27.0,4.0
2,-0.6069571428571429,AM1BCC,AmberTools,,,O,,3,[H:16][C:7]1([C:6]([C:5]([C:4]([C:9]([C:8]1([H:18])[H:19])([H:20])[H:21])([H:11])[C:2](=[O:1])[O:3][H:10])([H:12])[H:13])([H:14])[H:15])[H:17],27.0,4.0
3,-0.10355714285714285,AM1BCC,AmberTools,,,C,,4,[H:16][C:7]1([C:6]([C:5]([C:4]([C:9]([C:8]1([H:18])[H:19])([H:20])[H:21])([H:11])[C:2](=[O:1])[O:3][H:10])([H:12])[H:13])([H:14])[H:15])[H:17],27.0,4.0
4,-0.07425714285714284,AM1BCC,AmberTools,,,C,,5,[H:16][C:7]1([C:6]([C:5]([C:4]([C:9]([C:8]1([H:18])[H:19])([H:20])[H:21])([H:11])[C:2](=[O:1])[O:3][H:10])([H:12])[H:13])([H:14])[H:15])[H:17],27.0,4.0
5,-0.07625714285714284,AM1BCC,AmberTools,,,C,,6,[H:16][C:7]1([C:6]([C:5]([C:4]([C:9]([C:8]1([H:18])[H:19])([H:20])[H:21])([H:11])[C:2](=[O:1])[O:3][H:10])([H:12])[H:13])([H:14])[H:15])[H:17],27.0,4.0
6,-0.07925714285714285,AM1BCC,AmberTools,,,C,,7,[H:16][C:7]1([C:6]([C:5]([C:4]([C:9]([C:8]1([H:18])[H:19])([H:20])[H:21])([H:11])[C:2](=[O:1])[O:3][H:10])([H:12])[H:13])([H:14])[H:15])[H:17],27.0,4.0
7,-0.07625714285714284,AM1BCC,AmberTools,,,C,,8,[H:16][C:7]1([C:6]([C:5]([C:4]([C:9]([C:8]1([H:18])[H:19])([H:20])[H:21])([H:11])[C:2](=[O:1])[O:3][H:10])([H:12])[H:13])([H:14])[H:15])[H:17],27.0,4.0
8,-0.07425714285714284,AM1BCC,AmberTools,,,C,,9,[H:16][C:7]1([C:6]([C:5]([C:4]([C:9]([C:8]1([H:18])[H:19])([H:20])[H:21])([H:11])[C:2](=[O:1])[O:3][H:10])([H:12])[H:13])([H:14])[H:15])[H:17],27.0,4.0
9,0.44214285714285717,AM1BCC,AmberTools,,,H,,10,[H:16][C:7]1([C:6]([C:5]([C:4]([C:9]([C:8]1([H:18])[H:19])([H:20])[H:21])([H:11])[C:2](=[O:1])[O:3][H:10])([H:12])[H:13])([H:14])[H:15])[H:17],27.0,4.0
10,0.08284285714285715,AM1BCC,AmberTools,,,H,,11,[H:16][C:7]1([C:6]([C:5]([C:4]([C:9]([C:8]1([H:18])[H:19])([H:20])[H:21])([H:11])[C:2](=[O:1])[O:3][H:10])([H:12])[H:13])([H:14])[H:15])[H:17],27.0,4.0
11,0.05484285714285715,AM1BCC,AmberTools,,,H,,12,[H:16][C:7]1([C:6]([C:5]([C:4]([C:9]([C:8]1([H:18])[H:19])([H:20])[H:21])([H:11])[C:2](=[O:1])[O:3][H:10])([H:12])[H:13])([H:14])[H:15])[H:17],27.0,4.0
12,0.05484285714285715,AM1BCC,AmberTools,,,H,,13,[H:16][C:7]1([C:6]([C:5]([C:4]([C:9]([C:8]1([H:18])[H:19])([H:20])[H:21])([H:11])[C:2](=[O:1])[O:3][H:10])([H:12])[H:13])([H:14])[H:15])[H:17],27.0,4.0
13,0.043842857142857156,AM1BCC,AmberTools,,,H,,14,[H:16][C:7]1([C:6]([C:5]([C:4]([C:9]([C:8]1([H:18])[H:19])([H:20])[H:21])([H:11])[C:2](=[O:1])[O:3][H:10])([H:12])[H:13])([H:14])[H:15])[H:17],27.0,4.0
14,0.043842857142857156,AM1BCC,AmberTools,,,H,,15,[H:16][C:7]1([C:6]([C:5]([C:4]([C:9]([C:8]1([H:18])[H:19])([H:20])[H:21])([H:11])[C:2](=[O:1])[O:3][H:10])([H:12])[H:13])([H:14])[H:15])[H:17],27.0,4.0
15,0.043842857142857156,AM1BCC,AmberTools,,,H,,16,[H:16][C:7]1([C:6]([C:5]([C:4]([C:9]([C:8]1([H:18])[H:19])([H:20])[H:21])([H:11])[C:2](=[O:1])[O:3][H:10])([H:12])[H:13])([H:14])[H:15])[H:17],27.0,4.0
16,0.043842857142857156,AM1BCC,AmberTools,,,H,,17,[H:16][C:7]1([C:6]([C:5]([C:4]([C:9]([C:8]1([H:18])[H:19])([H:20])[H:21])([H:11])[C:2](=[O:1])[O:3][H:10])([H:12])[H:13])([H:14])[H:15])[H:17],27.0,4.0
17,0.043842857142857156,AM1BCC,AmberTools,,,H,,18,[H:16][C:7]1([C:6]([C:5]([C:4]([C:9]([C:8]1([H:18])[H:19])([H:20])[H:21])([H:11])[C:2](=[O:1])[O:3][H:10])([H:12])[H:13])([H:14])[H:15])[H:17],27.0,4.0
18,0.043842857142857156,AM1BCC,AmberTools,,,H,,19,[H:16][C:7]1([C:6]([C:5]([C:4]([C:9]([C:8]1([H:18])[H:19])([H:20])[H:21])([H:11])[C:2](=[O:1])[O:3][H:10])([H:12])[H:13])([H:14])[H:15])[H:17],27.0,4.0
19,0.05484285714285715,AM1BCC,AmberTools,,,H,,20,[H:16][C:7]1([C:6]([C:5]([C:4]([C:9]([C:8]1([H:18])[H:19])([H:20])[H:21])([H:11])[C:2](=[O:1])[O:3][H:10])([H:12])[H:13])([H:14])[H:15])[H:17],27.0,4.0
20,0.05484285714285715,AM1BCC,AmberTools,,,H,,21,[H:16][C:7]1([C:6]([C:5]([C:4]([C:9]([C:8]1([H:18])[H:19])([H:20])[H:21])([H:11])[C:2](=[O:1])[O:3][H:10])([H:12])[H:13])([H:14])[H:15])[H:17],27.0,4.0
0,-0.5518100243948755,AM1BCC,OpenEye,,,O,,1,[H:16][C:7]1([C:6]([C:5]([C:4]([C:9]([C:8]1([H:18])[H:19])([H:20])[H:21])([H:11])[C:2](=[O:1])[O:3][H:10])([H:12])[H:13])([H:14])[H:15])[H:17],27.0,5.0
1,0.6353099959946814,AM1BCC,OpenEye,,,C,,2,[H:16][C:7]1([C:6]([C:5]([C:4]([C:9]([C:8]1([H:18])[H:19])([H:20])[H:21])([H:11])[C:2](=[O:1])[O:3][H:10])([H:12])[H:13])([H:14])[H:15])[H:17],27.0,5.0
2,-0.5991700273894128,AM1BCC,OpenEye,,,O,,3,[H:16][C:7]1([C:6]([C:5]([C:4]([C:9]([C:8]1([H:18])[H:19])([H:20])[H:21])([H:11])[C:2](=[O:1])[O:3][H:10])([H:12])[H:13])([H:14])[H:15])[H:17],27.0,5.0
3,-0.10795999886024565,AM1BCC,OpenEye,,,C,,4,[H:16][C:7]1([C:6]([C:5]([C:4]([C:9]([C:8]1([H:18])[H:19])([H:20])[H:21])([H:11])[C:2](=[O:1])[O:3][H:10])([H:12])[H:13])([H:14])[H:15])[H:17],27.0,5.0
4,-0.07374999494779677,AM1BCC,OpenEye,,,C,,5,[H:16][C:7]1([C:6]([C:5]([C:4]([C:9]([C:8]1([H:18])[H:19])([H:20])[H:21])([H:11])[C:2](=[O:1])[O:3][H:10])([H:12])[H:13])([H:14])[H:15])[H:17],27.0,5.0
5,-0.0767299962185678,AM1BCC,OpenEye,,,C,,6,[H:16][C:7]1([C:6]([C:5]([C:4]([C:9]([C:8]1([H:18])[H:19])([H:20])[H:21])([H:11])[C:2](=[O:1])[O:3][H:10])([H:12])[H:13])([H:14])[H:15])[H:17],27.0,5.0
6,-0.07969000013101668,AM1BCC,OpenEye,,,C,,7,[H:16][C:7]1([C:6]([C:5]([C:4]([C:9]([C:8]1([H:18])[H:19])([H:20])[H:21])([H:11])[C:2](=[O:1])[O:3][H:10])([H:12])[H:13])([H:14])[H:15])[H:17],27.0,5.0
7,-0.0767299962185678,AM1BCC,OpenEye,,,C,,8,[H:16][C:7]1([C:6]([C:5]([C:4]([C:9]([C:8]1([H:18])[H:19])([H:20])[H:21])([H:11])[C:2](=[O:1])[O:3][H:10])([H:12])[H:13])([H:14])[H:15])[H:17],27.0,5.0
8,-0.07374999494779677,AM1BCC,OpenEye,,,C,,9,[H:16][C:7]1([C:6]([C:5]([C:4]([C:9]([C:8]1([H:18])[H:19])([H:20])[H:21])([H:11])[C:2](=[O:1])[O:3][H:10])([H:12])[H:13])([H:14])[H:15])[H:17],27.0,5.0
9,0.4413900095082465,AM1BCC,OpenEye,,,H,,10,[H:16][C:7]1([C:6]([C:5]([C:4]([C:9]([C:8]1([H:18])[H:19])([H:20])[H:21])([H:11])[C:2](=[O:1])[O:3][H:10])([H:12])[H:13])([H:14])[H:15])[H:17],27.0,5.0
10,0.08363000480901628,AM1BCC,OpenEye,,,H,,11,[H:16][C:7]1([C:6]([C:5]([C:4]([C:9]([C:8]1([H:18])[H:19])([H:20])[H:21])([H:11])[C:2](=[O:1])[O:3][H:10])([H:12])[H:13])([H:14])[H:15])[H:17],27.0,5.0
11,0.05396000100743203,AM1BCC,OpenEye,,,H,,12,[H:16][C:7]1([C:6]([C:5]([C:4]([C:9]([C:8]1([H:18])[H:19])([H:20])[H:21])([H:11])[C:2](=[O:1])[O:3][H:10])([H:12])[H:13])([H:14])[H:15])[H:17],27.0,5.0
12,0.05396000100743203,AM1BCC,OpenEye,,,H,,13,[H:16][C:7]1([C:6]([C:5]([C:4]([C:9]([C:8]1([H:18])[H:19])([H:20])[H:21])([H:11])[C:2](=[O:1])[O:3][H:10])([H:12])[H:13])([H:14])[H:15])[H:17],27.0,5.0
13,0.04407000346552758,AM1BCC,OpenEye,,,H,,14,[H:16][C:7]1([C:6]([C:5]([C:4]([C:9]([C:8]1([H:18])[H:19])([H:20])[H:21])([H:11])[C:2](=[O:1])[O:3][H:10])([H:12])[H:13])([H:14])[H:15])[H:17],27.0,5.0
14,0.04407000346552758,AM1BCC,OpenEye,,,H,,15,[H:16][C:7]1([C:6]([C:5]([C:4]([C:9]([C:8]1([H:18])[H:19])([H:20])[H:21])([H:11])[C:2](=[O:1])[O:3][H:10])([H:12])[H:13])([H:14])[H:15])[H:17],27.0,5.0
15,0.04357000245224862,AM1BCC,OpenEye,,,H,,16,[H:16][C:7]1([C:6]([C:5]([C:4]([C:9]([C:8]1([H:18])[H:19])([H:20])[H:21])([H:11])[C:2](=[O:1])[O:3][H:10])([H:12])[H:13])([H:14])[H:15])[H:17],27.0,5.0
16,0.04357000245224862,AM1BCC,OpenEye,,,H,,17,[H:16][C:7]1([C:6]([C:5]([C:4]([C:9]([C:8]1([H:18])[H:19])([H:20])[H:21])([H:11])[C:2](=[O:1])[O:3][H:10])([H:12])[H:13])([H:14])[H:15])[H:17],27.0,5.0
17,0.04407000346552758,AM1BCC,OpenEye,,,H,,18,[H:16][C:7]1([C:6]([C:5]([C:4]([C:9]([C:8]1([H:18])[H:19])([H:20])[H:21])([H:11])[C:2](=[O:1])[O:3][H:10])([H:12])[H:13])([H:14])[H:15])[H:17],27.0,5.0
18,0.04407000346552758,AM1BCC,OpenEye,,,H,,19,[H:16][C:7]1([C:6]([C:5]([C:4]([C:9]([C:8]1([H:18])[H:19])([H:20])[H:21])([H:11])[C:2](=[O:1])[O:3][H:10])([H:12])[H:13])([H:14])[H:15])[H:17],27.0,5.0
19,0.05396000100743203,AM1BCC,OpenEye,,,H,,20,[H:16][C:7]1([C:6]([C:5]([C:4]([C:9]([C:8]1([H:18])[H:19])([H:20])[H:21])([H:11])[C:2](=[O:1])[O:3][H:10])([H:12])[H:13])([H:14])[H:15])[H:17],27.0,5.0
20,0.05396000100743203,AM1BCC,OpenEye,,,H,,21,[H:16][C:7]1([C:6]([C:5]([C:4]([C:9]([C:8]1([H:18])[H:19])([H:20])[H:21])([H:11])[C:2](=[O:1])[O:3][H:10])([H:12])[H:13])([H:14])[H:15])[H:17],27.0,5.0
0,-0.5518571428571429,AM1BCC,AmberTools,,,O,,1,[H:16][C:7]1([C:6]([C:5]([C:4]([C:9]([C:8]1([H:18])[H:19])([H:20])[H:21])([H:11])[C:2](=[O:1])[O:3][H:10])([H:12])[H:13])([H:14])[H:15])[H:17],27.0,5.0
1,0.6352428571428571,AM1BCC,AmberTools,,,C,,2,[H:16][C:7]1([C:6]([C:5]([C:4]([C:9]([C:8]1([H:18])[H:19])([H:20])[H:21])([H:11])[C:2](=[O:1])[O:3][H:10])([H:12])[H:13])([H:14])[H:15])[H:17],27.0,5.0
2,-0.6069571428571429,AM1BCC,AmberTools,,,O,,3,[H:16][C:7]1([C:6]([C:5]([C:4]([C:9]([C:8]1([H:18])[H:19])([H:20])[H:21])([H:11])[C:2](=[O:1])[O:3][H:10])([H:12])[H:13])([H:14])[H:15])[H:17],27.0,5.0
3,-0.10355714285714285,AM1BCC,AmberTools,,,C,,4,[H:16][C:7]1([C:6]([C:5]([C:4]([C:9]([C:8]1([H:18])[H:19])([H:20])[H:21])([H:11])[C:2](=[O:1])[O:3][H:10])([H:12])[H:13])([H:14])[H:15])[H:17],27.0,5.0
4,-0.07425714285714284,AM1BCC,AmberTools,,,C,,5,[H:16][C:7]1([C:6]([C:5]([C:4]([C:9]([C:8]1([H:18])[H:19])([H:20])[H:21])([H:11])[C:2](=[O:1])[O:3][H:10])([H:12])[H:13])([H:14])[H:15])[H:17],27.0,5.0
5,-0.07625714285714284,AM1BCC,AmberTools,,,C,,6,[H:16][C:7]1([C:6]([C:5]([C:4]([C:9]([C:8]1([H:18])[H:19])([H:20])[H:21])([H:11])[C:2](=[O:1])[O:3][H:10])([H:12])[H:13])([H:14])[H:15])[H:17],27.0,5.0
6,-0.07925714285714285,AM1BCC,AmberTools,,,C,,7,[H:16][C:7]1([C:6]([C:5]([C:4]([C:9]([C:8]1([H:18])[H:19])([H:20])[H:21])([H:11])[C:2](=[O:1])[O:3][H:10])([H:12])[H:13])([H:14])[H:15])[H:17],27.0,5.0
7,-0.07625714285714284,AM1BCC,AmberTools,,,C,,8,[H:16][C:7]1([C:6]([C:5]([C:4]([C:9]([C:8]1([H:18])[H:19])([H:20])[H:21])([H:11])[C:2](=[O:1])[O:3][H:10])([H:12])[H:13])([H:14])[H:15])[H:17],27.0,5.0
8,-0.07425714285714284,AM1BCC,AmberTools,,,C,,9,[H:16][C:7]1([C:6]([C:5]([C:4]([C:9]([C:8]1([H:18])[H:19])([H:20])[H:21])([H:11])[C:2](=[O:1])[O:3][H:10])([H:12])[H:13])([H:14])[H:15])[H:17],27.0,5.0
9,0.44214285714285717,AM1BCC,AmberTools,,,H,,10,[H:16][C:7]1([C:6]([C:5]([C:4]([C:9]([C:8]1([H:18])[H:19])([H:20])[H:21])([H:11])[C:2](=[O:1])[O:3][H:10])([H:12])[H:13])([H:14])[H:15])[H:17],27.0,5.0
10,0.08284285714285715,AM1BCC,AmberTools,,,H,,11,[H:16][C:7]1([C:6]([C:5]([C:4]([C:9]([C:8]1([H:18])[H:19])([H:20])[H:21])([H:11])[C:2](=[O:1])[O:3][H:10])([H:12])[H:13])([H:14])[H:15])[H:17],27.0,5.0
11,0.05484285714285715,AM1BCC,AmberTools,,,H,,12,[H:16][C:7]1([C:6]([C:5]([C:4]([C:9]([C:8]1([H:18])[H:19])([H:20])[H:21])([H:11])[C:2](=[O:1])[O:3][H:10])([H:12])[H:13])([H:14])[H:15])[H:17],27.0,5.0
12,0.05484285714285715,AM1BCC,AmberTools,,,H,,13,[H:16][C:7]1([C:6]([C:5]([C:4]([C:9]([C:8]1([H:18])[H:19])([H:20])[H:21])([H:11])[C:2](=[O:1])[O:3][H:10])([H:12])[H:13])([H:14])[H:15])[H:17],27.0,5.0
13,0.043842857142857156,AM1BCC,AmberTools,,,H,,14,[H:16][C:7]1([C:6]([C:5]([C:4]([C:9]([C:8]1([H:18])[H:19])([H:20])[H:21])([H:11])[C:2](=[O:1])[O:3][H:10])([H:12])[H:13])([H:14])[H:15])[H:17],27.0,5.0
14,0.043842857142857156,AM1BCC,AmberTools,,,H,,15,[H:16][C:7]1([C:6]([C:5]([C:4]([C:9]([C:8]1([H:18])[H:19])([H:20])[H:21])([H:11])[C:2](=[O:1])[O:3][H:10])([H:12])[H:13])([H:14])[H:15])[H:17],27.0,5.0
15,0.043842857142857156,AM1BCC,AmberTools,,,H,,16,[H:16][C:7]1([C:6]([C:5]([C:4]([C:9]([C:8]1([H:18])[H:19])([H:20])[H:21])([H:11])[C:2](=[O:1])[O:3][H:10])([H:12])[H:13])([H:14])[H:15])[H:17],27.0,5.0
16,0.043842857142857156,AM1BCC,AmberTools,,,H,,17,[H:16][C:7]1([C:6]([C:5]([C:4]([C:9]([C:8]1([H:18])[H:19])([H:20])[H:21])([H:11])[C:2](=[O:1])[O:3][H:10])([H:12])[H:13])([H:14])[H:15])[H:17],27.0,5.0
17,0.043842857142857156,AM1BCC,AmberTools,,,H,,18,[H:16][C:7]1([C:6]([C:5]([C:4]([C:9]([C:8]1([H:18])[H:19])([H:20])[H:21])([H:11])[C:2](=[O:1])[O:3][H:10])([H:12])[H:13])([H:14])[H:15])[H:17],27.0,5.0
18,0.043842857142857156,AM1BCC,AmberTools,,,H,,19,[H:16][C:7]1([C:6]([C:5]([C:4]([C:9]([C:8]1([H:18])[H:19])([H:20])[H:21])([H:11])[C:2](=[O:1])[O:3][H:10])([H:12])[H:13])([H:14])[H:15])[H:17],27.0,5.0
19,0.05484285714285715,AM1BCC,AmberTools,,,H,,20,[H:16][C:7]1([C:6]([C:5]([C:4]([C:9]([C:8]1([H:18])[H:19])([H:20])[H:21])([H:11])[C:2](=[O:1])[O:3][H:10])([H:12])[H:13])([H:14])[H:15])[H:17],27.0,5.0
20,0.05484285714285715,AM1BCC,AmberTools,,,H,,21,[H:16][C:7]1([C:6]([C:5]([C:4]([C:9]([C:8]1([H:18])[H:19])([H:20])[H:21])([H:11])[C:2](=[O:1])[O:3][H:10])([H:12])[H:13])([H:14])[H:15])[H:17],27.0,5.0
0,-0.5518100243948755,AM1BCC,OpenEye,,,O,,1,[H:16][C:7]1([C:6]([C:5]([C:4]([C:9]([C:8]1([H:18])[H:19])([H:20])[H:21])([H:11])[C:2](=[O:1])[O:3][H:10])([H:12])[H:13])([H:14])[H:15])[H:17],27.0,6.0
1,0.6353099959946814,AM1BCC,OpenEye,,,C,,2,[H:16][C:7]1([C:6]([C:5]([C:4]([C:9]([C:8]1([H:18])[H:19])([H:20])[H:21])([H:11])[C:2](=[O:1])[O:3][H:10])([H:12])[H:13])([H:14])[H:15])[H:17],27.0,6.0
2,-0.5991700273894128,AM1BCC,OpenEye,,,O,,3,[H:16][C:7]1([C:6]([C:5]([C:4]([C:9]([C:8]1([H:18])[H:19])([H:20])[H:21])([H:11])[C:2](=[O:1])[O:3][H:10])([H:12])[H:13])([H:14])[H:15])[H:17],27.0,6.0
3,-0.10795999886024565,AM1BCC,OpenEye,,,C,,4,[H:16][C:7]1([C:6]([C:5]([C:4]([C:9]([C:8]1([H:18])[H:19])([H:20])[H:21])([H:11])[C:2](=[O:1])[O:3][H:10])([H:12])[H:13])([H:14])[H:15])[H:17],27.0,6.0
4,-0.07374999494779677,AM1BCC,OpenEye,,,C,,5,[H:16][C:7]1([C:6]([C:5]([C:4]([C:9]([C:8]1([H:18])[H:19])([H:20])[H:21])([H:11])[C:2](=[O:1])[O:3][H:10])([H:12])[H:13])([H:14])[H:15])[H:17],27.0,6.0
5,-0.0767299962185678,AM1BCC,OpenEye,,,C,,6,[H:16][C:7]1([C:6]([C:5]([C:4]([C:9]([C:8]1([H:18])[H:19])([H:20])[H:21])([H:11])[C:2](=[O:1])[O:3][H:10])([H:12])[H:13])([H:14])[H:15])[H:17],27.0,6.0
6,-0.07969000013101668,AM1BCC,OpenEye,,,C,,7,[H:16][C:7]1([C:6]([C:5]([C:4]([C:9]([C:8]1([H:18])[H:19])([H:20])[H:21])([H:11])[C:2](=[O:1])[O:3][H:10])([H:12])[H:13])([H:14])[H:15])[H:17],27.0,6.0
7,-0.0767299962185678,AM1BCC,OpenEye,,,C,,8,[H:16][C:7]1([C:6]([C:5]([C:4]([C:9]([C:8]1([H:18])[H:19])([H:20])[H:21])([H:11])[C:2](=[O:1])[O:3][H:10])([H:12])[H:13])([H:14])[H:15])[H:17],27.0,6.0
8,-0.07374999494779677,AM1BCC,OpenEye,,,C,,9,[H:16][C:7]1([C:6]([C:5]([C:4]([C:9]([C:8]1([H:18])[H:19])([H:20])[H:21])([H:11])[C:2](=[O:1])[O:3][H:10])([H:12])[H:13])([H:14])[H:15])[H:17],27.0,6.0
9,0.4413900095082465,AM1BCC,OpenEye,,,H,,10,[H:16][C:7]1([C:6]([C:5]([C:4]([C:9]([C:8]1([H:18])[H:19])([H:20])[H:21])([H:11])[C:2](=[O:1])[O:3][H:10])([H:12])[H:13])([H:14])[H:15])[H:17],27.0,6.0
10,0.08363000480901628,AM1BCC,OpenEye,,,H,,11,[H:16][C:7]1([C:6]([C:5]([C:4]([C:9]([C:8]1([H:18])[H:19])([H:20])[H:21])([H:11])[C:2](=[O:1])[O:3][H:10])([H:12])[H:13])([H:14])[H:15])[H:17],27.0,6.0
11,0.05396000100743203,AM1BCC,OpenEye,,,H,,12,[H:16][C:7]1([C:6]([C:5]([C:4]([C:9]([C:8]1([H:18])[H:19])([H:20])[H:21])([H:11])[C:2](=[O:1])[O:3][H:10])([H:12])[H:13])([H:14])[H:15])[H:17],27.0,6.0
12,0.05396000100743203,AM1BCC,OpenEye,,,H,,13,[H:16][C:7]1([C:6]([C:5]([C:4]([C:9]([C:8]1([H:18])[H:19])([H:20])[H:21])([H:11])[C:2](=[O:1])[O:3][H:10])([H:12])[H:13])([H:14])[H:15])[H:17],27.0,6.0
13,0.04407000346552758,AM1BCC,OpenEye,,,H,,14,[H:16][C:7]1([C:6]([C:5]([C:4]([C:9]([C:8]1([H:18])[H:19])([H:20])[H:21])([H:11])[C:2](=[O:1])[O:3][H:10])([H:12])[H:13])([H:14])[H:15])[H:17],27.0,6.0
14,0.04407000346552758,AM1BCC,OpenEye,,,H,,15,[H:16][C:7]1([C:6]([C:5]([C:4]([C:9]([C:8]1([H:18])[H:19])([H:20])[H:21])([H:11])[C:2](=[O:1])[O:3][H:10])([H:12])[H:13])([H:14])[H:15])[H:17],27.0,6.0
15,0.04357000245224862,AM1BCC,OpenEye,,,H,,16,[H:16][C:7]1([C:6]([C:5]([C:4]([C:9]([C:8]1([H:18])[H:19])([H:20])[H:21])([H:11])[C:2](=[O:1])[O:3][H:10])([H:12])[H:13])([H:14])[H:15])[H:17],27.0,6.0
16,0.04357000245224862,AM1BCC,OpenEye,,,H,,17,[H:16][C:7]1([C:6]([C:5]([C:4]([C:9]([C:8]1([H:18])[H:19])([H:20])[H:21])([H:11])[C:2](=[O:1])[O:3][H:10])([H:12])[H:13])([H:14])[H:15])[H:17],27.0,6.0
17,0.04407000346552758,AM1BCC,OpenEye,,,H,,18,[H:16][C:7]1([C:6]([C:5]([C:4]([C:9]([C:8]1([H:18])[H:19])([H:20])[H:21])([H:11])[C:2](=[O:1])[O:3][H:10])([H:12])[H:13])([H:14])[H:15])[H:17],27.0,6.0
18,0.04407000346552758,AM1BCC,OpenEye,,,H,,19,[H:16][C:7]1([C:6]([C:5]([C:4]([C:9]([C:8]1([H:18])[H:19])([H:20])[H:21])([H:11])[C:2](=[O:1])[O:3][H:10])([H:12])[H:13])([H:14])[H:15])[H:17],27.0,6.0
19,0.05396000100743203,AM1BCC,OpenEye,,,H,,20,[H:16][C:7]1([C:6]([C:5]([C:4]([C:9]([C:8]1([H:18])[H:19])([H:20])[H:21])([H:11])[C:2](=[O:1])[O:3][H:10])([H:12])[H:13])([H:14])[H:15])[H:17],27.0,6.0
20,0.05396000100743203,AM1BCC,OpenEye,,,H,,21,[H:16][C:7]1([C:6]([C:5]([C:4]([C:9]([C:8]1([H:18])[H:19])([H:20])[H:21])([H:11])[C:2](=[O:1])[O:3][H:10])([H:12])[H:13])([H:14])[H:15])[H:17],27.0,6.0
0,-0.5518571428571429,AM1BCC,AmberTools,,,O,,1,[H:16][C:7]1([C:6]([C:5]([C:4]([C:9]([C:8]1([H:18])[H:19])([H:20])[H:21])([H:11])[C:2](=[O:1])[O:3][H:10])([H:12])[H:13])([H:14])[H:15])[H:17],27.0,6.0
1,0.6352428571428571,AM1BCC,AmberTools,,,C,,2,[H:16][C:7]1([C:6]([C:5]([C:4]([C:9]([C:8]1([H:18])[H:19])([H:20])[H:21])([H:11])[C:2](=[O:1])[O:3][H:10])([H:12])[H:13])([H:14])[H:15])[H:17],27.0,6.0
2,-0.6069571428571429,AM1BCC,AmberTools,,,O,,3,[H:16][C:7]1([C:6]([C:5]([C:4]([C:9]([C:8]1([H:18])[H:19])([H:20])[H:21])([H:11])[C:2](=[O:1])[O:3][H:10])([H:12])[H:13])([H:14])[H:15])[H:17],27.0,6.0
3,-0.10355714285714285,AM1BCC,AmberTools,,,C,,4,[H:16][C:7]1([C:6]([C:5]([C:4]([C:9]([C:8]1([H:18])[H:19])([H:20])[H:21])([H:11])[C:2](=[O:1])[O:3][H:10])([H:12])[H:13])([H:14])[H:15])[H:17],27.0,6.0
4,-0.07425714285714284,AM1BCC,AmberTools,,,C,,5,[H:16][C:7]1([C:6]([C:5]([C:4]([C:9]([C:8]1([H:18])[H:19])([H:20])[H:21])([H:11])[C:2](=[O:1])[O:3][H:10])([H:12])[H:13])([H:14])[H:15])[H:17],27.0,6.0
5,-0.07625714285714284,AM1BCC,AmberTools,,,C,,6,[H:16][C:7]1([C:6]([C:5]([C:4]([C:9]([C:8]1([H:18])[H:19])([H:20])[H:21])([H:11])[C:2](=[O:1])[O:3][H:10])([H:12])[H:13])([H:14])[H:15])[H:17],27.0,6.0
6,-0.07925714285714285,AM1BCC,AmberTools,,,C,,7,[H:16][C:7]1([C:6]([C:5]([C:4]([C:9]([C:8]1([H:18])[H:19])([H:20])[H:21])([H:11])[C:2](=[O:1])[O:3][H:10])([H:12])[H:13])([H:14])[H:15])[H:17],27.0,6.0
7,-0.07625714285714284,AM1BCC,AmberTools,,,C,,8,[H:16][C:7]1([C:6]([C:5]([C:4]([C:9]([C:8]1([H:18])[H:19])([H:20])[H:21])([H:11])[C:2](=[O:1])[O:3][H:10])([H:12])[H:13])([H:14])[H:15])[H:17],27.0,6.0
8,-0.07425714285714284,AM1BCC,AmberTools,,,C,,9,[H:16][C:7]1([C:6]([C:5]([C:4]([C:9]([C:8]1([H:18])[H:19])([H:20])[H:21])([H:11])[C:2](=[O:1])[O:3][H:10])([H:12])[H:13])([H:14])[H:15])[H:17],27.0,6.0
9,0.44214285714285717,AM1BCC,AmberTools,,,H,,10,[H:16][C:7]1([C:6]([C:5]([C:4]([C:9]([C:8]1([H:18])[H:19])([H:20])[H:21])([H:11])[C:2](=[O:1])[O:3][H:10])([H:12])[H:13])([H:14])[H:15])[H:17],27.0,6.0
10,0.08284285714285715,AM1BCC,AmberTools,,,H,,11,[H:16][C:7]1([C:6]([C:5]([C:4]([C:9]([C:8]1([H:18])[H:19])([H:20])[H:21])([H:11])[C:2](=[O:1])[O:3][H:10])([H:12])[H:13])([H:14])[H:15])[H:17],27.0,6.0
11,0.05484285714285715,AM1BCC,AmberTools,,,H,,12,[H:16][C:7]1([C:6]([C:5]([C:4]([C:9]([C:8]1([H:18])[H:19])([H:20])[H:21])([H:11])[C:2](=[O:1])[O:3][H:10])([H:12])[H:13])([H:14])[H:15])[H:17],27.0,6.0
12,0.05484285714285715,AM1BCC,AmberTools,,,H,,13,[H:16][C:7]1([C:6]([C:5]([C:4]([C:9]([C:8]1([H:18])[H:19])([H:20])[H:21])([H:11])[C:2](=[O:1])[O:3][H:10])([H:12])[H:13])([H:14])[H:15])[H:17],27.0,6.0
13,0.043842857142857156,AM1BCC,AmberTools,,,H,,14,[H:16][C:7]1([C:6]([C:5]([C:4]([C:9]([C:8]1([H:18])[H:19])([H:20])[H:21])([H:11])[C:2](=[O:1])[O:3][H:10])([H:12])[H:13])([H:14])[H:15])[H:17],27.0,6.0
14,0.043842857142857156,AM1BCC,AmberTools,,,H,,15,[H:16][C:7]1([C:6]([C:5]([C:4]([C:9]([C:8]1([H:18])[H:19])([H:20])[H:21])([H:11])[C:2](=[O:1])[O:3][H:10])([H:12])[H:13])([H:14])[H:15])[H:17],27.0,6.0
15,0.043842857142857156,AM1BCC,AmberTools,,,H,,16,[H:16][C:7]1([C:6]([C:5]([C:4]([C:9]([C:8]1([H:18])[H:19])([H:20])[H:21])([H:11])[C:2](=[O:1])[O:3][H:10])([H:12])[H:13])([H:14])[H:15])[H:17],27.0,6.0
16,0.043842857142857156,AM1BCC,AmberTools,,,H,,17,[H:16][C:7]1([C:6]([C:5]([C:4]([C:9]([C:8]1([H:18])[H:19])([H:20])[H:21])([H:11])[C:2](=[O:1])[O:3][H:10])([H:12])[H:13])([H:14])[H:15])[H:17],27.0,6.0
17,0.043842857142857156,AM1BCC,AmberTools,,,H,,18,[H:16][C:7]1([C:6]([C:5]([C:4]([C:9]([C:8]1([H:18])[H:19])([H:20])[H:21])([H:11])[C:2](=[O:1])[O:3][H:10])([H:12])[H:13])([H:14])[H:15])[H:17],27.0,6.0
18,0.043842857142857156,AM1BCC,AmberTools,,,H,,19,[H:16][C:7]1([C:6]([C:5]([C:4]([C:9]([C:8]1([H:18])[H:19])([H:20])[H:21])([H:11])[C:2](=[O:1])[O:3][H:10])([H:12])[H:13])([H:14])[H:15])[H:17],27.0,6.0
19,0.05484285714285715,AM1BCC,AmberTools,,,H,,20,[H:16][C:7]1([C:6]([C:5]([C:4]([C:9]([C:8]1([H:18])[H:19])([H:20])[H:21])([H:11])[C:2](=[O:1])[O:3][H:10])([H:12])[H:13])([H:14])[H:15])[H:17],27.0,6.0
20,0.05484285714285715,AM1BCC,AmberTools,,,H,,21,[H:16][C:7]1([C:6]([C:5]([C:4]([C:9]([C:8]1([H:18])[H:19])([H:20])[H:21])([H:11])[C:2](=[O:1])[O:3][H:10])([H:12])[H:13])([H:14])[H:15])[H:17],27.0,6.0
0,-0.5518100243948755,AM1BCC,OpenEye,,,O,,1,[H:16][C:7]1([C:6]([C:5]([C:4]([C:9]([C:8]1([H:18])[H:19])([H:20])[H:21])([H:11])[C:2](=[O:1])[O:3][H:10])([H:12])[H:13])([H:14])[H:15])[H:17],27.0,7.0
1,0.6353099959946814,AM1BCC,OpenEye,,,C,,2,[H:16][C:7]1([C:6]([C:5]([C:4]([C:9]([C:8]1([H:18])[H:19])([H:20])[H:21])([H:11])[C:2](=[O:1])[O:3][H:10])([H:12])[H:13])([H:14])[H:15])[H:17],27.0,7.0
2,-0.5991700273894128,AM1BCC,OpenEye,,,O,,3,[H:16][C:7]1([C:6]([C:5]([C:4]([C:9]([C:8]1([H:18])[H:19])([H:20])[H:21])([H:11])[C:2](=[O:1])[O:3][H:10])([H:12])[H:13])([H:14])[H:15])[H:17],27.0,7.0
3,-0.10795999886024565,AM1BCC,OpenEye,,,C,,4,[H:16][C:7]1([C:6]([C:5]([C:4]([C:9]([C:8]1([H:18])[H:19])([H:20])[H:21])([H:11])[C:2](=[O:1])[O:3][H:10])([H:12])[H:13])([H:14])[H:15])[H:17],27.0,7.0
4,-0.07374999494779677,AM1BCC,OpenEye,,,C,,5,[H:16][C:7]1([C:6]([C:5]([C:4]([C:9]([C:8]1([H:18])[H:19])([H:20])[H:21])([H:11])[C:2](=[O:1])[O:3][H:10])([H:12])[H:13])([H:14])[H:15])[H:17],27.0,7.0
5,-0.0767299962185678,AM1BCC,OpenEye,,,C,,6,[H:16][C:7]1([C:6]([C:5]([C:4]([C:9]([C:8]1([H:18])[H:19])([H:20])[H:21])([H:11])[C:2](=[O:1])[O:3][H:10])([H:12])[H:13])([H:14])[H:15])[H:17],27.0,7.0
6,-0.07969000013101668,AM1BCC,OpenEye,,,C,,7,[H:16][C:7]1([C:6]([C:5]([C:4]([C:9]([C:8]1([H:18])[H:19])([H:20])[H:21])([H:11])[C:2](=[O:1])[O:3][H:10])([H:12])[H:13])([H:14])[H:15])[H:17],27.0,7.0
7,-0.0767299962185678,AM1BCC,OpenEye,,,C,,8,[H:16][C:7]1([C:6]([C:5]([C:4]([C:9]([C:8]1([H:18])[H:19])([H:20])[H:21])([H:11])[C:2](=[O:1])[O:3][H:10])([H:12])[H:13])([H:14])[H:15])[H:17],27.0,7.0
8,-0.07374999494779677,AM1BCC,OpenEye,,,C,,9,[H:16][C:7]1([C:6]([C:5]([C:4]([C:9]([C:8]1([H:18])[H:19])([H:20])[H:21])([H:11])[C:2](=[O:1])[O:3][H:10])([H:12])[H:13])([H:14])[H:15])[H:17],27.0,7.0
9,0.4413900095082465,AM1BCC,OpenEye,,,H,,10,[H:16][C:7]1([C:6]([C:5]([C:4]([C:9]([C:8]1([H:18])[H:19])([H:20])[H:21])([H:11])[C:2](=[O:1])[O:3][H:10])([H:12])[H:13])([H:14])[H:15])[H:17],27.0,7.0
10,0.08363000480901628,AM1BCC,OpenEye,,,H,,11,[H:16][C:7]1([C:6]([C:5]([C:4]([C:9]([C:8]1([H:18])[H:19])([H:20])[H:21])([H:11])[C:2](=[O:1])[O:3][H:10])([H:12])[H:13])([H:14])[H:15])[H:17],27.0,7.0
11,0.05396000100743203,AM1BCC,OpenEye,,,H,,12,[H:16][C:7]1([C:6]([C:5]([C:4]([C:9]([C:8]1([H:18])[H:19])([H:20])[H:21])([H:11])[C:2](=[O:1])[O:3][H:10])([H:12])[H:13])([H:14])[H:15])[H:17],27.0,7.0
12,0.05396000100743203,AM1BCC,OpenEye,,,H,,13,[H:16][C:7]1([C:6]([C:5]([C:4]([C:9]([C:8]1([H:18])[H:19])([H:20])[H:21])([H:11])[C:2](=[O:1])[O:3][H:10])([H:12])[H:13])([H:14])[H:15])[H:17],27.0,7.0
13,0.04407000346552758,AM1BCC,OpenEye,,,H,,14,[H:16][C:7]1([C:6]([C:5]([C:4]([C:9]([C:8]1([H:18])[H:19])([H:20])[H:21])([H:11])[C:2](=[O:1])[O:3][H:10])([H:12])[H:13])([H:14])[H:15])[H:17],27.0,7.0
14,0.04407000346552758,AM1BCC,OpenEye,,,H,,15,[H:16][C:7]1([C:6]([C:5]([C:4]([C:9]([C:8]1([H:18])[H:19])([H:20])[H:21])([H:11])[C:2](=[O:1])[O:3][H:10])([H:12])[H:13])([H:14])[H:15])[H:17],27.0,7.0
15,0.04357000245224862,AM1BCC,OpenEye,,,H,,16,[H:16][C:7]1([C:6]([C:5]([C:4]([C:9]([C:8]1([H:18])[H:19])([H:20])[H:21])([H:11])[C:2](=[O:1])[O:3][H:10])([H:12])[H:13])([H:14])[H:15])[H:17],27.0,7.0
16,0.04357000245224862,AM1BCC,OpenEye,,,H,,17,[H:16][C:7]1([C:6]([C:5]([C:4]([C:9]([C:8]1([H:18])[H:19])([H:20])[H:21])([H:11])[C:2](=[O:1])[O:3][H:10])([H:12])[H:13])([H:14])[H:15])[H:17],27.0,7.0
17,0.04407000346552758,AM1BCC,OpenEye,,,H,,18,[H:16][C:7]1([C:6]([C:5]([C:4]([C:9]([C:8]1([H:18])[H:19])([H:20])[H:21])([H:11])[C:2](=[O:1])[O:3][H:10])([H:12])[H:13])([H:14])[H:15])[H:17],27.0,7.0
18,0.04407000346552758,AM1BCC,OpenEye,,,H,,19,[H:16][C:7]1([C:6]([C:5]([C:4]([C:9]([C:8]1([H:18])[H:19])([H:20])[H:21])([H:11])[C:2](=[O:1])[O:3][H:10])([H:12])[H:13])([H:14])[H:15])[H:17],27.0,7.0
19,0.05396000100743203,AM1BCC,OpenEye,,,H,,20,[H:16][C:7]1([C:6]([C:5]([C:4]([C:9]([C:8]1([H:18])[H:19])([H:20])[H:21])([H:11])[C:2](=[O:1])[O:3][H:10])([H:12])[H:13])([H:14])[H:15])[H:17],27.0,7.0
20,0.05396000100743203,AM1BCC,OpenEye,,,H,,21,[H:16][C:7]1([C:6]([C:5]([C:4]([C:9]([C:8]1([H:18])[H:19])([H:20])[H:21])([H:11])[C:2](=[O:1])[O:3][H:10])([H:12])[H:13])([H:14])[H:15])[H:17],27.0,7.0
0,-0.5518571428571429,AM1BCC,AmberTools,,,O,,1,[H:16][C:7]1([C:6]([C:5]([C:4]([C:9]([C:8]1([H:18])[H:19])([H:20])[H:21])([H:11])[C:2](=[O:1])[O:3][H:10])([H:12])[H:13])([H:14])[H:15])[H:17],27.0,7.0
1,0.6352428571428571,AM1BCC,AmberTools,,,C,,2,[H:16][C:7]1([C:6]([C:5]([C:4]([C:9]([C:8]1([H:18])[H:19])([H:20])[H:21])([H:11])[C:2](=[O:1])[O:3][H:10])([H:12])[H:13])([H:14])[H:15])[H:17],27.0,7.0
2,-0.6069571428571429,AM1BCC,AmberTools,,,O,,3,[H:16][C:7]1([C:6]([C:5]([C:4]([C:9]([C:8]1([H:18])[H:19])([H:20])[H:21])([H:11])[C:2](=[O:1])[O:3][H:10])([H:12])[H:13])([H:14])[H:15])[H:17],27.0,7.0
3,-0.10355714285714285,AM1BCC,AmberTools,,,C,,4,[H:16][C:7]1([C:6]([C:5]([C:4]([C:9]([C:8]1([H:18])[H:19])([H:20])[H:21])([H:11])[C:2](=[O:1])[O:3][H:10])([H:12])[H:13])([H:14])[H:15])[H:17],27.0,7.0
4,-0.07425714285714284,AM1BCC,AmberTools,,,C,,5,[H:16][C:7]1([C:6]([C:5]([C:4]([C:9]([C:8]1([H:18])[H:19])([H:20])[H:21])([H:11])[C:2](=[O:1])[O:3][H:10])([H:12])[H:13])([H:14])[H:15])[H:17],27.0,7.0
5,-0.07625714285714284,AM1BCC,AmberTools,,,C,,6,[H:16][C:7]1([C:6]([C:5]([C:4]([C:9]([C:8]1([H:18])[H:19])([H:20])[H:21])([H:11])[C:2](=[O:1])[O:3][H:10])([H:12])[H:13])([H:14])[H:15])[H:17],27.0,7.0
6,-0.07925714285714285,AM1BCC,AmberTools,,,C,,7,[H:16][C:7]1([C:6]([C:5]([C:4]([C:9]([C:8]1([H:18])[H:19])([H:20])[H:21])([H:11])[C:2](=[O:1])[O:3][H:10])([H:12])[H:13])([H:14])[H:15])[H:17],27.0,7.0
7,-0.07625714285714284,AM1BCC,AmberTools,,,C,,8,[H:16][C:7]1([C:6]([C:5]([C:4]([C:9]([C:8]1([H:18])[H:19])([H:20])[H:21])([H:11])[C:2](=[O:1])[O:3][H:10])([H:12])[H:13])([H:14])[H:15])[H:17],27.0,7.0
8,-0.07425714285714284,AM1BCC,AmberTools,,,C,,9,[H:16][C:7]1([C:6]([C:5]([C:4]([C:9]([C:8]1([H:18])[H:19])([H:20])[H:21])([H:11])[C:2](=[O:1])[O:3][H:10])([H:12])[H:13])([H:14])[H:15])[H:17],27.0,7.0
9,0.44214285714285717,AM1BCC,AmberTools,,,H,,10,[H:16][C:7]1([C:6]([C:5]([C:4]([C:9]([C:8]1([H:18])[H:19])([H:20])[H:21])([H:11])[C:2](=[O:1])[O:3][H:10])([H:12])[H:13])([H:14])[H:15])[H:17],27.0,7.0
10,0.08284285714285715,AM1BCC,AmberTools,,,H,,11,[H:16][C:7]1([C:6]([C:5]([C:4]([C:9]([C:8]1([H:18])[H:19])([H:20])[H:21])([H:11])[C:2](=[O:1])[O:3][H:10])([H:12])[H:13])([H:14])[H:15])[H:17],27.0,7.0
11,0.05484285714285715,AM1BCC,AmberTools,,,H,,12,[H:16][C:7]1([C:6]([C:5]([C:4]([C:9]([C:8]1([H:18])[H:19])([H:20])[H:21])([H:11])[C:2](=[O:1])[O:3][H:10])([H:12])[H:13])([H:14])[H:15])[H:17],27.0,7.0
12,0.05484285714285715,AM1BCC,AmberTools,,,H,,13,[H:16][C:7]1([C:6]([C:5]([C:4]([C:9]([C:8]1([H:18])[H:19])([H:20])[H:21])([H:11])[C:2](=[O:1])[O:3][H:10])([H:12])[H:13])([H:14])[H:15])[H:17],27.0,7.0
13,0.043842857142857156,AM1BCC,AmberTools,,,H,,14,[H:16][C:7]1([C:6]([C:5]([C:4]([C:9]([C:8]1([H:18])[H:19])([H:20])[H:21])([H:11])[C:2](=[O:1])[O:3][H:10])([H:12])[H:13])([H:14])[H:15])[H:17],27.0,7.0
14,0.043842857142857156,AM1BCC,AmberTools,,,H,,15,[H:16][C:7]1([C:6]([C:5]([C:4]([C:9]([C:8]1([H:18])[H:19])([H:20])[H:21])([H:11])[C:2](=[O:1])[O:3][H:10])([H:12])[H:13])([H:14])[H:15])[H:17],27.0,7.0
15,0.043842857142857156,AM1BCC,AmberTools,,,H,,16,[H:16][C:7]1([C:6]([C:5]([C:4]([C:9]([C:8]1([H:18])[H:19])([H:20])[H:21])([H:11])[C:2](=[O:1])[O:3][H:10])([H:12])[H:13])([H:14])[H:15])[H:17],27.0,7.0
16,0.043842857142857156,AM1BCC,AmberTools,,,H,,17,[H:16][C:7]1([C:6]([C:5]([C:4]([C:9]([C:8]1([H:18])[H:19])([H:20])[H:21])([H:11])[C:2](=[O:1])[O:3][H:10])([H:12])[H:13])([H:14])[H:15])[H:17],27.0,7.0
17,0.043842857142857156,AM1BCC,AmberTools,,,H,,18,[H:16][C:7]1([C:6]([C:5]([C:4]([C:9]([C:8]1([H:18])[H:19])([H:20])[H:21])([H:11])[C:2](=[O:1])[O:3][H:10])([H:12])[H:13])([H:14])[H:15])[H:17],27.0,7.0
18,0.043842857142857156,AM1BCC,AmberTools,,,H,,19,[H:16][C:7]1([C:6]([C:5]([C:4]([C:9]([C:8]1([H:18])[H:19])([H:20])[H:21])([H:11])[C:2](=[O:1])[O:3][H:10])([H:12])[H:13])([H:14])[H:15])[H:17],27.0,7.0
19,0.05484285714285715,AM1BCC,AmberTools,,,H,,20,[H:16][C:7]1([C:6]([C:5]([C:4]([C:9]([C:8]1([H:18])[H:19])([H:20])[H:21])([H:11])[C:2](=[O:1])[O:3][H:10])([H:12])[H:13])([H:14])[H:15])[H:17],27.0,7.0
20,0.05484285714285715,AM1BCC,AmberTools,,,H,,21,[H:16][C:7]1([C:6]([C:5]([C:4]([C:9]([C:8]1([H:18])[H:19])([H:20])[H:21])([H:11])[C:2](=[O:1])[O:3][H:10])([H:12])[H:13])([H:14])[H:15])[H:17],27.0,7.0
0,-0.5518100243948755,AM1BCC,OpenEye,,,O,,1,[H:16][C:7]1([C:6]([C:5]([C:4]([C:9]([C:8]1([H:18])[H:19])([H:20])[H:21])([H:11])[C:2](=[O:1])[O:3][H:10])([H:12])[H:13])([H:14])[H:15])[H:17],27.0,8.0
1,0.6353099959946814,AM1BCC,OpenEye,,,C,,2,[H:16][C:7]1([C:6]([C:5]([C:4]([C:9]([C:8]1([H:18])[H:19])([H:20])[H:21])([H:11])[C:2](=[O:1])[O:3][H:10])([H:12])[H:13])([H:14])[H:15])[H:17],27.0,8.0
2,-0.5991700273894128,AM1BCC,OpenEye,,,O,,3,[H:16][C:7]1([C:6]([C:5]([C:4]([C:9]([C:8]1([H:18])[H:19])([H:20])[H:21])([H:11])[C:2](=[O:1])[O:3][H:10])([H:12])[H:13])([H:14])[H:15])[H:17],27.0,8.0
3,-0.10795999886024565,AM1BCC,OpenEye,,,C,,4,[H:16][C:7]1([C:6]([C:5]([C:4]([C:9]([C:8]1([H:18])[H:19])([H:20])[H:21])([H:11])[C:2](=[O:1])[O:3][H:10])([H:12])[H:13])([H:14])[H:15])[H:17],27.0,8.0
4,-0.07374999494779677,AM1BCC,OpenEye,,,C,,5,[H:16][C:7]1([C:6]([C:5]([C:4]([C:9]([C:8]1([H:18])[H:19])([H:20])[H:21])([H:11])[C:2](=[O:1])[O:3][H:10])([H:12])[H:13])([H:14])[H:15])[H:17],27.0,8.0
5,-0.0767299962185678,AM1BCC,OpenEye,,,C,,6,[H:16][C:7]1([C:6]([C:5]([C:4]([C:9]([C:8]1([H:18])[H:19])([H:20])[H:21])([H:11])[C:2](=[O:1])[O:3][H:10])([H:12])[H:13])([H:14])[H:15])[H:17],27.0,8.0
6,-0.07969000013101668,AM1BCC,OpenEye,,,C,,7,[H:16][C:7]1([C:6]([C:5]([C:4]([C:9]([C:8]1([H:18])[H:19])([H:20])[H:21])([H:11])[C:2](=[O:1])[O:3][H:10])([H:12])[H:13])([H:14])[H:15])[H:17],27.0,8.0
7,-0.0767299962185678,AM1BCC,OpenEye,,,C,,8,[H:16][C:7]1([C:6]([C:5]([C:4]([C:9]([C:8]1([H:18])[H:19])([H:20])[H:21])([H:11])[C:2](=[O:1])[O:3][H:10])([H:12])[H:13])([H:14])[H:15])[H:17],27.0,8.0
8,-0.07374999494779677,AM1BCC,OpenEye,,,C,,9,[H:16][C:7]1([C:6]([C:5]([C:4]([C:9]([C:8]1([H:18])[H:19])([H:20])[H:21])([H:11])[C:2](=[O:1])[O:3][H:10])([H:12])[H:13])([H:14])[H:15])[H:17],27.0,8.0
9,0.4413900095082465,AM1BCC,OpenEye,,,H,,10,[H:16][C:7]1([C:6]([C:5]([C:4]([C:9]([C:8]1([H:18])[H:19])([H:20])[H:21])([H:11])[C:2](=[O:1])[O:3][H:10])([H:12])[H:13])([H:14])[H:15])[H:17],27.0,8.0
10,0.08363000480901628,AM1BCC,OpenEye,,,H,,11,[H:16][C:7]1([C:6]([C:5]([C:4]([C:9]([C:8]1([H:18])[H:19])([H:20])[H:21])([H:11])[C:2](=[O:1])[O:3][H:10])([H:12])[H:13])([H:14])[H:15])[H:17],27.0,8.0
11,0.05396000100743203,AM1BCC,OpenEye,,,H,,12,[H:16][C:7]1([C:6]([C:5]([C:4]([C:9]([C:8]1([H:18])[H:19])([H:20])[H:21])([H:11])[C:2](=[O:1])[O:3][H:10])([H:12])[H:13])([H:14])[H:15])[H:17],27.0,8.0
12,0.05396000100743203,AM1BCC,OpenEye,,,H,,13,[H:16][C:7]1([C:6]([C:5]([C:4]([C:9]([C:8]1([H:18])[H:19])([H:20])[H:21])([H:11])[C:2](=[O:1])[O:3][H:10])([H:12])[H:13])([H:14])[H:15])[H:17],27.0,8.0
13,0.04407000346552758,AM1BCC,OpenEye,,,H,,14,[H:16][C:7]1([C:6]([C:5]([C:4]([C:9]([C:8]1([H:18])[H:19])([H:20])[H:21])([H:11])[C:2](=[O:1])[O:3][H:10])([H:12])[H:13])([H:14])[H:15])[H:17],27.0,8.0
14,0.04407000346552758,AM1BCC,OpenEye,,,H,,15,[H:16][C:7]1([C:6]([C:5]([C:4]([C:9]([C:8]1([H:18])[H:19])([H:20])[H:21])([H:11])[C:2](=[O:1])[O:3][H:10])([H:12])[H:13])([H:14])[H:15])[H:17],27.0,8.0
15,0.04357000245224862,AM1BCC,OpenEye,,,H,,16,[H:16][C:7]1([C:6]([C:5]([C:4]([C:9]([C:8]1([H:18])[H:19])([H:20])[H:21])([H:11])[C:2](=[O:1])[O:3][H:10])([H:12])[H:13])([H:14])[H:15])[H:17],27.0,8.0
16,0.04357000245224862,AM1BCC,OpenEye,,,H,,17,[H:16][C:7]1([C:6]([C:5]([C:4]([C:9]([C:8]1([H:18])[H:19])([H:20])[H:21])([H:11])[C:2](=[O:1])[O:3][H:10])([H:12])[H:13])([H:14])[H:15])[H:17],27.0,8.0
17,0.04407000346552758,AM1BCC,OpenEye,,,H,,18,[H:16][C:7]1([C:6]([C:5]([C:4]([C:9]([C:8]1([H:18])[H:19])([H:20])[H:21])([H:11])[C:2](=[O:1])[O:3][H:10])([H:12])[H:13])([H:14])[H:15])[H:17],27.0,8.0
18,0.04407000346552758,AM1BCC,OpenEye,,,H,,19,[H:16][C:7]1([C:6]([C:5]([C:4]([C:9]([C:8]1([H:18])[H:19])([H:20])[H:21])([H:11])[C:2](=[O:1])[O:3][H:10])([H:12])[H:13])([H:14])[H:15])[H:17],27.0,8.0
19,0.05396000100743203,AM1BCC,OpenEye,,,H,,20,[H:16][C:7]1([C:6]([C:5]([C:4]([C:9]([C:8]1([H:18])[H:19])([H:20])[H:21])([H:11])[C:2](=[O:1])[O:3][H:10])([H:12])[H:13])([H:14])[H:15])[H:17],27.0,8.0
20,0.05396000100743203,AM1BCC,OpenEye,,,H,,21,[H:16][C:7]1([C:6]([C:5]([C:4]([C:9]([C:8]1([H:18])[H:19])([H:20])[H:21])([H:11])[C:2](=[O:1])[O:3][H:10])([H:12])[H:13])([H:14])[H:15])[H:17],27.0,8.0
0,-0.5518571428571429,AM1BCC,AmberTools,,,O,,1,[H:16][C:7]1([C:6]([C:5]([C:4]([C:9]([C:8]1([H:18])[H:19])([H:20])[H:21])([H:11])[C:2](=[O:1])[O:3][H:10])([H:12])[H:13])([H:14])[H:15])[H:17],27.0,8.0
1,0.6352428571428571,AM1BCC,AmberTools,,,C,,2,[H:16][C:7]1([C:6]([C:5]([C:4]([C:9]([C:8]1([H:18])[H:19])([H:20])[H:21])([H:11])[C:2](=[O:1])[O:3][H:10])([H:12])[H:13])([H:14])[H:15])[H:17],27.0,8.0
2,-0.6069571428571429,AM1BCC,AmberTools,,,O,,3,[H:16][C:7]1([C:6]([C:5]([C:4]([C:9]([C:8]1([H:18])[H:19])([H:20])[H:21])([H:11])[C:2](=[O:1])[O:3][H:10])([H:12])[H:13])([H:14])[H:15])[H:17],27.0,8.0
3,-0.10355714285714285,AM1BCC,AmberTools,,,C,,4,[H:16][C:7]1([C:6]([C:5]([C:4]([C:9]([C:8]1([H:18])[H:19])([H:20])[H:21])([H:11])[C:2](=[O:1])[O:3][H:10])([H:12])[H:13])([H:14])[H:15])[H:17],27.0,8.0
4,-0.07425714285714284,AM1BCC,AmberTools,,,C,,5,[H:16][C:7]1([C:6]([C:5]([C:4]([C:9]([C:8]1([H:18])[H:19])([H:20])[H:21])([H:11])[C:2](=[O:1])[O:3][H:10])([H:12])[H:13])([H:14])[H:15])[H:17],27.0,8.0
5,-0.07625714285714284,AM1BCC,AmberTools,,,C,,6,[H:16][C:7]1([C:6]([C:5]([C:4]([C:9]([C:8]1([H:18])[H:19])([H:20])[H:21])([H:11])[C:2](=[O:1])[O:3][H:10])([H:12])[H:13])([H:14])[H:15])[H:17],27.0,8.0
6,-0.07925714285714285,AM1BCC,AmberTools,,,C,,7,[H:16][C:7]1([C:6]([C:5]([C:4]([C:9]([C:8]1([H:18])[H:19])([H:20])[H:21])([H:11])[C:2](=[O:1])[O:3][H:10])([H:12])[H:13])([H:14])[H:15])[H:17],27.0,8.0
7,-0.07625714285714284,AM1BCC,AmberTools,,,C,,8,[H:16][C:7]1([C:6]([C:5]([C:4]([C:9]([C:8]1([H:18])[H:19])([H:20])[H:21])([H:11])[C:2](=[O:1])[O:3][H:10])([H:12])[H:13])([H:14])[H:15])[H:17],27.0,8.0
8,-0.07425714285714284,AM1BCC,AmberTools,,,C,,9,[H:16][C:7]1([C:6]([C:5]([C:4]([C:9]([C:8]1([H:18])[H:19])([H:20])[H:21])([H:11])[C:2](=[O:1])[O:3][H:10])([H:12])[H:13])([H:14])[H:15])[H:17],27.0,8.0
9,0.44214285714285717,AM1BCC,AmberTools,,,H,,10,[H:16][C:7]1([C:6]([C:5]([C:4]([C:9]([C:8]1([H:18])[H:19])([H:20])[H:21])([H:11])[C:2](=[O:1])[O:3][H:10])([H:12])[H:13])([H:14])[H:15])[H:17],27.0,8.0
10,0.08284285714285715,AM1BCC,AmberTools,,,H,,11,[H:16][C:7]1([C:6]([C:5]([C:4]([C:9]([C:8]1([H:18])[H:19])([H:20])[H:21])([H:11])[C:2](=[O:1])[O:3][H:10])([H:12])[H:13])([H:14])[H:15])[H:17],27.0,8.0
11,0.05484285714285715,AM1BCC,AmberTools,,,H,,12,[H:16][C:7]1([C:6]([C:5]([C:4]([C:9]([C:8]1([H:18])[H:19])([H:20])[H:21])([H:11])[C:2](=[O:1])[O:3][H:10])([H:12])[H:13])([H:14])[H:15])[H:17],27.0,8.0
12,0.05484285714285715,AM1BCC,AmberTools,,,H,,13,[H:16][C:7]1([C:6]([C:5]([C:4]([C:9]([C:8]1([H:18])[H:19])([H:20])[H:21])([H:11])[C:2](=[O:1])[O:3][H:10])([H:12])[H:13])([H:14])[H:15])[H:17],27.0,8.0
13,0.043842857142857156,AM1BCC,AmberTools,,,H,,14,[H:16][C:7]1([C:6]([C:5]([C:4]([C:9]([C:8]1([H:18])[H:19])([H:20])[H:21])([H:11])[C:2](=[O:1])[O:3][H:10])([H:12])[H:13])([H:14])[H:15])[H:17],27.0,8.0
14,0.043842857142857156,AM1BCC,AmberTools,,,H,,15,[H:16][C:7]1([C:6]([C:5]([C:4]([C:9]([C:8]1([H:18])[H:19])([H:20])[H:21])([H:11])[C:2](=[O:1])[O:3][H:10])([H:12])[H:13])([H:14])[H:15])[H:17],27.0,8.0
15,0.043842857142857156,AM1BCC,AmberTools,,,H,,16,[H:16][C:7]1([C:6]([C:5]([C:4]([C:9]([C:8]1([H:18])[H:19])([H:20])[H:21])([H:11])[C:2](=[O:1])[O:3][H:10])([H:12])[H:13])([H:14])[H:15])[H:17],27.0,8.0
16,0.043842857142857156,AM1BCC,AmberTools,,,H,,17,[H:16][C:7]1([C:6]([C:5]([C:4]([C:9]([C:8]1([H:18])[H:19])([H:20])[H:21])([H:11])[C:2](=[O:1])[O:3][H:10])([H:12])[H:13])([H:14])[H:15])[H:17],27.0,8.0
17,0.043842857142857156,AM1BCC,AmberTools,,,H,,18,[H:16][C:7]1([C:6]([C:5]([C:4]([C:9]([C:8]1([H:18])[H:19])([H:20])[H:21])([H:11])[C:2](=[O:1])[O:3][H:10])([H:12])[H:13])([H:14])[H:15])[H:17],27.0,8.0
18,0.043842857142857156,AM1BCC,AmberTools,,,H,,19,[H:16][C:7]1([C:6]([C:5]([C:4]([C:9]([C:8]1([H:18])[H:19])([H:20])[H:21])([H:11])[C:2](=[O:1])[O:3][H:10])([H:12])[H:13])([H:14])[H:15])[H:17],27.0,8.0
19,0.05484285714285715,AM1BCC,AmberTools,,,H,,20,[H:16][C:7]1([C:6]([C:5]([C:4]([C:9]([C:8]1([H:18])[H:19])([H:20])[H:21])([H:11])[C:2](=[O:1])[O:3][H:10])([H:12])[H:13])([H:14])[H:15])[H:17],27.0,8.0
20,0.05484285714285715,AM1BCC,AmberTools,,,H,,21,[H:16][C:7]1([C:6]([C:5]([C:4]([C:9]([C:8]1([H:18])[H:19])([H:20])[H:21])([H:11])[C:2](=[O:1])[O:3][H:10])([H:12])[H:13])([H:14])[H:15])[H:17],27.0,8.0
0,-0.5518100243948755,AM1BCC,OpenEye,,,O,,1,[H:16][C:7]1([C:6]([C:5]([C:4]([C:9]([C:8]1([H:18])[H:19])([H:20])[H:21])([H:11])[C:2](=[O:1])[O:3][H:10])([H:12])[H:13])([H:14])[H:15])[H:17],27.0,9.0
1,0.6353099959946814,AM1BCC,OpenEye,,,C,,2,[H:16][C:7]1([C:6]([C:5]([C:4]([C:9]([C:8]1([H:18])[H:19])([H:20])[H:21])([H:11])[C:2](=[O:1])[O:3][H:10])([H:12])[H:13])([H:14])[H:15])[H:17],27.0,9.0
2,-0.5991700273894128,AM1BCC,OpenEye,,,O,,3,[H:16][C:7]1([C:6]([C:5]([C:4]([C:9]([C:8]1([H:18])[H:19])([H:20])[H:21])([H:11])[C:2](=[O:1])[O:3][H:10])([H:12])[H:13])([H:14])[H:15])[H:17],27.0,9.0
3,-0.10795999886024565,AM1BCC,OpenEye,,,C,,4,[H:16][C:7]1([C:6]([C:5]([C:4]([C:9]([C:8]1([H:18])[H:19])([H:20])[H:21])([H:11])[C:2](=[O:1])[O:3][H:10])([H:12])[H:13])([H:14])[H:15])[H:17],27.0,9.0
4,-0.07374999494779677,AM1BCC,OpenEye,,,C,,5,[H:16][C:7]1([C:6]([C:5]([C:4]([C:9]([C:8]1([H:18])[H:19])([H:20])[H:21])([H:11])[C:2](=[O:1])[O:3][H:10])([H:12])[H:13])([H:14])[H:15])[H:17],27.0,9.0
5,-0.0767299962185678,AM1BCC,OpenEye,,,C,,6,[H:16][C:7]1([C:6]([C:5]([C:4]([C:9]([C:8]1([H:18])[H:19])([H:20])[H:21])([H:11])[C:2](=[O:1])[O:3][H:10])([H:12])[H:13])([H:14])[H:15])[H:17],27.0,9.0
6,-0.07969000013101668,AM1BCC,OpenEye,,,C,,7,[H:16][C:7]1([C:6]([C:5]([C:4]([C:9]([C:8]1([H:18])[H:19])([H:20])[H:21])([H:11])[C:2](=[O:1])[O:3][H:10])([H:12])[H:13])([H:14])[H:15])[H:17],27.0,9.0
7,-0.0767299962185678,AM1BCC,OpenEye,,,C,,8,[H:16][C:7]1([C:6]([C:5]([C:4]([C:9]([C:8]1([H:18])[H:19])([H:20])[H:21])([H:11])[C:2](=[O:1])[O:3][H:10])([H:12])[H:13])([H:14])[H:15])[H:17],27.0,9.0
8,-0.07374999494779677,AM1BCC,OpenEye,,,C,,9,[H:16][C:7]1([C:6]([C:5]([C:4]([C:9]([C:8]1([H:18])[H:19])([H:20])[H:21])([H:11])[C:2](=[O:1])[O:3][H:10])([H:12])[H:13])([H:14])[H:15])[H:17],27.0,9.0
9,0.4413900095082465,AM1BCC,OpenEye,,,H,,10,[H:16][C:7]1([C:6]([C:5]([C:4]([C:9]([C:8]1([H:18])[H:19])([H:20])[H:21])([H:11])[C:2](=[O:1])[O:3][H:10])([H:12])[H:13])([H:14])[H:15])[H:17],27.0,9.0
10,0.08363000480901628,AM1BCC,OpenEye,,,H,,11,[H:16][C:7]1([C:6]([C:5]([C:4]([C:9]([C:8]1([H:18])[H:19])([H:20])[H:21])([H:11])[C:2](=[O:1])[O:3][H:10])([H:12])[H:13])([H:14])[H:15])[H:17],27.0,9.0
11,0.05396000100743203,AM1BCC,OpenEye,,,H,,12,[H:16][C:7]1([C:6]([C:5]([C:4]([C:9]([C:8]1([H:18])[H:19])([H:20])[H:21])([H:11])[C:2](=[O:1])[O:3][H:10])([H:12])[H:13])([H:14])[H:15])[H:17],27.0,9.0
12,0.05396000100743203,AM1BCC,OpenEye,,,H,,13,[H:16][C:7]1([C:6]([C:5]([C:4]([C:9]([C:8]1([H:18])[H:19])([H:20])[H:21])([H:11])[C:2](=[O:1])[O:3][H:10])([H:12])[H:13])([H:14])[H:15])[H:17],27.0,9.0
13,0.04407000346552758,AM1BCC,OpenEye,,,H,,14,[H:16][C:7]1([C:6]([C:5]([C:4]([C:9]([C:8]1([H:18])[H:19])([H:20])[H:21])([H:11])[C:2](=[O:1])[O:3][H:10])([H:12])[H:13])([H:14])[H:15])[H:17],27.0,9.0
14,0.04407000346552758,AM1BCC,OpenEye,,,H,,15,[H:16][C:7]1([C:6]([C:5]([C:4]([C:9]([C:8]1([H:18])[H:19])([H:20])[H:21])([H:11])[C:2](=[O:1])[O:3][H:10])([H:12])[H:13])([H:14])[H:15])[H:17],27.0,9.0
15,0.04357000245224862,AM1BCC,OpenEye,,,H,,16,[H:16][C:7]1([C:6]([C:5]([C:4]([C:9]([C:8]1([H:18])[H:19])([H:20])[H:21])([H:11])[C:2](=[O:1])[O:3][H:10])([H:12])[H:13])([H:14])[H:15])[H:17],27.0,9.0
16,0.04357000245224862,AM1BCC,OpenEye,,,H,,17,[H:16][C:7]1([C:6]([C:5]([C:4]([C:9]([C:8]1([H:18])[H:19])([H:20])[H:21])([H:11])[C:2](=[O:1])[O:3][H:10])([H:12])[H:13])([H:14])[H:15])[H:17],27.0,9.0
17,0.04407000346552758,AM1BCC,OpenEye,,,H,,18,[H:16][C:7]1([C:6]([C:5]([C:4]([C:9]([C:8]1([H:18])[H:19])([H:20])[H:21])([H:11])[C:2](=[O:1])[O:3][H:10])([H:12])[H:13])([H:14])[H:15])[H:17],27.0,9.0
18,0.04407000346552758,AM1BCC,OpenEye,,,H,,19,[H:16][C:7]1([C:6]([C:5]([C:4]([C:9]([C:8]1([H:18])[H:19])([H:20])[H:21])([H:11])[C:2](=[O:1])[O:3][H:10])([H:12])[H:13])([H:14])[H:15])[H:17],27.0,9.0
19,0.05396000100743203,AM1BCC,OpenEye,,,H,,20,[H:16][C:7]1([C:6]([C:5]([C:4]([C:9]([C:8]1([H:18])[H:19])([H:20])[H:21])([H:11])[C:2](=[O:1])[O:3][H:10])([H:12])[H:13])([H:14])[H:15])[H:17],27.0,9.0
20,0.05396000100743203,AM1BCC,OpenEye,,,H,,21,[H:16][C:7]1([C:6]([C:5]([C:4]([C:9]([C:8]1([H:18])[H:19])([H:20])[H:21])([H:11])[C:2](=[O:1])[O:3][H:10])([H:12])[H:13])([H:14])[H:15])[H:17],27.0,9.0
0,-0.5518571428571429,AM1BCC,AmberTools,,,O,,1,[H:16][C:7]1([C:6]([C:5]([C:4]([C:9]([C:8]1([H:18])[H:19])([H:20])[H:21])([H:11])[C:2](=[O:1])[O:3][H:10])([H:12])[H:13])([H:14])[H:15])[H:17],27.0,9.0
1,0.6352428571428571,AM1BCC,AmberTools,,,C,,2,[H:16][C:7]1([C:6]([C:5]([C:4]([C:9]([C:8]1([H:18])[H:19])([H:20])[H:21])([H:11])[C:2](=[O:1])[O:3][H:10])([H:12])[H:13])([H:14])[H:15])[H:17],27.0,9.0
2,-0.6069571428571429,AM1BCC,AmberTools,,,O,,3,[H:16][C:7]1([C:6]([C:5]([C:4]([C:9]([C:8]1([H:18])[H:19])([H:20])[H:21])([H:11])[C:2](=[O:1])[O:3][H:10])([H:12])[H:13])([H:14])[H:15])[H:17],27.0,9.0
3,-0.10355714285714285,AM1BCC,AmberTools,,,C,,4,[H:16][C:7]1([C:6]([C:5]([C:4]([C:9]([C:8]1([H:18])[H:19])([H:20])[H:21])([H:11])[C:2](=[O:1])[O:3][H:10])([H:12])[H:13])([H:14])[H:15])[H:17],27.0,9.0
4,-0.07425714285714284,AM1BCC,AmberTools,,,C,,5,[H:16][C:7]1([C:6]([C:5]([C:4]([C:9]([C:8]1([H:18])[H:19])([H:20])[H:21])([H:11])[C:2](=[O:1])[O:3][H:10])([H:12])[H:13])([H:14])[H:15])[H:17],27.0,9.0
5,-0.07625714285714284,AM1BCC,AmberTools,,,C,,6,[H:16][C:7]1([C:6]([C:5]([C:4]([C:9]([C:8]1([H:18])[H:19])([H:20])[H:21])([H:11])[C:2](=[O:1])[O:3][H:10])([H:12])[H:13])([H:14])[H:15])[H:17],27.0,9.0
6,-0.07925714285714285,AM1BCC,AmberTools,,,C,,7,[H:16][C:7]1([C:6]([C:5]([C:4]([C:9]([C:8]1([H:18])[H:19])([H:20])[H:21])([H:11])[C:2](=[O:1])[O:3][H:10])([H:12])[H:13])([H:14])[H:15])[H:17],27.0,9.0
7,-0.07625714285714284,AM1BCC,AmberTools,,,C,,8,[H:16][C:7]1([C:6]([C:5]([C:4]([C:9]([C:8]1([H:18])[H:19])([H:20])[H:21])([H:11])[C:2](=[O:1])[O:3][H:10])([H:12])[H:13])([H:14])[H:15])[H:17],27.0,9.0
8,-0.07425714285714284,AM1BCC,AmberTools,,,C,,9,[H:16][C:7]1([C:6]([C:5]([C:4]([C:9]([C:8]1([H:18])[H:19])([H:20])[H:21])([H:11])[C:2](=[O:1])[O:3][H:10])([H:12])[H:13])([H:14])[H:15])[H:17],27.0,9.0
9,0.44214285714285717,AM1BCC,AmberTools,,,H,,10,[H:16][C:7]1([C:6]([C:5]([C:4]([C:9]([C:8]1([H:18])[H:19])([H:20])[H:21])([H:11])[C:2](=[O:1])[O:3][H:10])([H:12])[H:13])([H:14])[H:15])[H:17],27.0,9.0
10,0.08284285714285715,AM1BCC,AmberTools,,,H,,11,[H:16][C:7]1([C:6]([C:5]([C:4]([C:9]([C:8]1([H:18])[H:19])([H:20])[H:21])([H:11])[C:2](=[O:1])[O:3][H:10])([H:12])[H:13])([H:14])[H:15])[H:17],27.0,9.0
11,0.05484285714285715,AM1BCC,AmberTools,,,H,,12,[H:16][C:7]1([C:6]([C:5]([C:4]([C:9]([C:8]1([H:18])[H:19])([H:20])[H:21])([H:11])[C:2](=[O:1])[O:3][H:10])([H:12])[H:13])([H:14])[H:15])[H:17],27.0,9.0
12,0.05484285714285715,AM1BCC,AmberTools,,,H,,13,[H:16][C:7]1([C:6]([C:5]([C:4]([C:9]([C:8]1([H:18])[H:19])([H:20])[H:21])([H:11])[C:2](=[O:1])[O:3][H:10])([H:12])[H:13])([H:14])[H:15])[H:17],27.0,9.0
13,0.043842857142857156,AM1BCC,AmberTools,,,H,,14,[H:16][C:7]1([C:6]([C:5]([C:4]([C:9]([C:8]1([H:18])[H:19])([H:20])[H:21])([H:11])[C:2](=[O:1])[O:3][H:10])([H:12])[H:13])([H:14])[H:15])[H:17],27.0,9.0
14,0.043842857142857156,AM1BCC,AmberTools,,,H,,15,[H:16][C:7]1([C:6]([C:5]([C:4]([C:9]([C:8]1([H:18])[H:19])([H:20])[H:21])([H:11])[C:2](=[O:1])[O:3][H:10])([H:12])[H:13])([H:14])[H:15])[H:17],27.0,9.0
15,0.043842857142857156,AM1BCC,AmberTools,,,H,,16,[H:16][C:7]1([C:6]([C:5]([C:4]([C:9]([C:8]1([H:18])[H:19])([H:20])[H:21])([H:11])[C:2](=[O:1])[O:3][H:10])([H:12])[H:13])([H:14])[H:15])[H:17],27.0,9.0
16,0.043842857142857156,AM1BCC,AmberTools,,,H,,17,[H:16][C:7]1([C:6]([C:5]([C:4]([C:9]([C:8]1([H:18])[H:19])([H:20])[H:21])([H:11])[C:2](=[O:1])[O:3][H:10])([H:12])[H:13])([H:14])[H:15])[H:17],27.0,9.0
17,0.043842857142857156,AM1BCC,AmberTools,,,H,,18,[H:16][C:7]1([C:6]([C:5]([C:4]([C:9]([C:8]1([H:18])[H:19])([H:20])[H:21])([H:11])[C:2](=[O:1])[O:3][H:10])([H:12])[H:13])([H:14])[H:15])[H:17],27.0,9.0
18,0.043842857142857156,AM1BCC,AmberTools,,,H,,19,[H:16][C:7]1([C:6]([C:5]([C:4]([C:9]([C:8]1([H:18])[H:19])([H:20])[H:21])([H:11])[C:2](=[O:1])[O:3][H:10])([H:12])[H:13])([H:14])[H:15])[H:17],27.0,9.0
19,0.05484285714285715,AM1BCC,AmberTools,,,H,,20,[H:16][C:7]1([C:6]([C:5]([C:4]([C:9]([C:8]1([H:18])[H:19])([H:20])[H:21])([H:11])[C:2](=[O:1])[O:3][H:10])([H:12])[H:13])([H:14])[H:15])[H:17],27.0,9.0
20,0.05484285714285715,AM1BCC,AmberTools,,,H,,21,[H:16][C:7]1([C:6]([C:5]([C:4]([C:9]([C:8]1([H:18])[H:19])([H:20])[H:21])([H:11])[C:2](=[O:1])[O:3][H:10])([H:12])[H:13])([H:14])[H:15])[H:17],27.0,9.0
0,-0.5518100243948755,AM1BCC,OpenEye,,,O,,1,[H:16][C:7]1([C:6]([C:5]([C:4]([C:9]([C:8]1([H:18])[H:19])([H:20])[H:21])([H:11])[C:2](=[O:1])[O:3][H:10])([H:12])[H:13])([H:14])[H:15])[H:17],27.0,10.0
1,0.6353099959946814,AM1BCC,OpenEye,,,C,,2,[H:16][C:7]1([C:6]([C:5]([C:4]([C:9]([C:8]1([H:18])[H:19])([H:20])[H:21])([H:11])[C:2](=[O:1])[O:3][H:10])([H:12])[H:13])([H:14])[H:15])[H:17],27.0,10.0
2,-0.5991700273894128,AM1BCC,OpenEye,,,O,,3,[H:16][C:7]1([C:6]([C:5]([C:4]([C:9]([C:8]1([H:18])[H:19])([H:20])[H:21])([H:11])[C:2](=[O:1])[O:3][H:10])([H:12])[H:13])([H:14])[H:15])[H:17],27.0,10.0
3,-0.10795999886024565,AM1BCC,OpenEye,,,C,,4,[H:16][C:7]1([C:6]([C:5]([C:4]([C:9]([C:8]1([H:18])[H:19])([H:20])[H:21])([H:11])[C:2](=[O:1])[O:3][H:10])([H:12])[H:13])([H:14])[H:15])[H:17],27.0,10.0
4,-0.07374999494779677,AM1BCC,OpenEye,,,C,,5,[H:16][C:7]1([C:6]([C:5]([C:4]([C:9]([C:8]1([H:18])[H:19])([H:20])[H:21])([H:11])[C:2](=[O:1])[O:3][H:10])([H:12])[H:13])([H:14])[H:15])[H:17],27.0,10.0
5,-0.0767299962185678,AM1BCC,OpenEye,,,C,,6,[H:16][C:7]1([C:6]([C:5]([C:4]([C:9]([C:8]1([H:18])[H:19])([H:20])[H:21])([H:11])[C:2](=[O:1])[O:3][H:10])([H:12])[H:13])([H:14])[H:15])[H:17],27.0,10.0
6,-0.07969000013101668,AM1BCC,OpenEye,,,C,,7,[H:16][C:7]1([C:6]([C:5]([C:4]([C:9]([C:8]1([H:18])[H:19])([H:20])[H:21])([H:11])[C:2](=[O:1])[O:3][H:10])([H:12])[H:13])([H:14])[H:15])[H:17],27.0,10.0
7,-0.0767299962185678,AM1BCC,OpenEye,,,C,,8,[H:16][C:7]1([C:6]([C:5]([C:4]([C:9]([C:8]1([H:18])[H:19])([H:20])[H:21])([H:11])[C:2](=[O:1])[O:3][H:10])([H:12])[H:13])([H:14])[H:15])[H:17],27.0,10.0
8,-0.07374999494779677,AM1BCC,OpenEye,,,C,,9,[H:16][C:7]1([C:6]([C:5]([C:4]([C:9]([C:8]1([H:18])[H:19])([H:20])[H:21])([H:11])[C:2](=[O:1])[O:3][H:10])([H:12])[H:13])([H:14])[H:15])[H:17],27.0,10.0
9,0.4413900095082465,AM1BCC,OpenEye,,,H,,10,[H:16][C:7]1([C:6]([C:5]([C:4]([C:9]([C:8]1([H:18])[H:19])([H:20])[H:21])([H:11])[C:2](=[O:1])[O:3][H:10])([H:12])[H:13])([H:14])[H:15])[H:17],27.0,10.0
10,0.08363000480901628,AM1BCC,OpenEye,,,H,,11,[H:16][C:7]1([C:6]([C:5]([C:4]([C:9]([C:8]1([H:18])[H:19])([H:20])[H:21])([H:11])[C:2](=[O:1])[O:3][H:10])([H:12])[H:13])([H:14])[H:15])[H:17],27.0,10.0
11,0.05396000100743203,AM1BCC,OpenEye,,,H,,12,[H:16][C:7]1([C:6]([C:5]([C:4]([C:9]([C:8]1([H:18])[H:19])([H:20])[H:21])([H:11])[C:2](=[O:1])[O:3][H:10])([H:12])[H:13])([H:14])[H:15])[H:17],27.0,10.0
12,0.05396000100743203,AM1BCC,OpenEye,,,H,,13,[H:16][C:7]1([C:6]([C:5]([C:4]([C:9]([C:8]1([H:18])[H:19])([H:20])[H:21])([H:11])[C:2](=[O:1])[O:3][H:10])([H:12])[H:13])([H:14])[H:15])[H:17],27.0,10.0
13,0.04407000346552758,AM1BCC,OpenEye,,,H,,14,[H:16][C:7]1([C:6]([C:5]([C:4]([C:9]([C:8]1([H:18])[H:19])([H:20])[H:21])([H:11])[C:2](=[O:1])[O:3][H:10])([H:12])[H:13])([H:14])[H:15])[H:17],27.0,10.0
14,0.04407000346552758,AM1BCC,OpenEye,,,H,,15,[H:16][C:7]1([C:6]([C:5]([C:4]([C:9]([C:8]1([H:18])[H:19])([H:20])[H:21])([H:11])[C:2](=[O:1])[O:3][H:10])([H:12])[H:13])([H:14])[H:15])[H:17],27.0,10.0
15,0.04357000245224862,AM1BCC,OpenEye,,,H,,16,[H:16][C:7]1([C:6]([C:5]([C:4]([C:9]([C:8]1([H:18])[H:19])([H:20])[H:21])([H:11])[C:2](=[O:1])[O:3][H:10])([H:12])[H:13])([H:14])[H:15])[H:17],27.0,10.0
16,0.04357000245224862,AM1BCC,OpenEye,,,H,,17,[H:16][C:7]1([C:6]([C:5]([C:4]([C:9]([C:8]1([H:18])[H:19])([H:20])[H:21])([H:11])[C:2](=[O:1])[O:3][H:10])([H:12])[H:13])([H:14])[H:15])[H:17],27.0,10.0
17,0.04407000346552758,AM1BCC,OpenEye,,,H,,18,[H:16][C:7]1([C:6]([C:5]([C:4]([C:9]([C:8]1([H:18])[H:19])([H:20])[H:21])([H:11])[C:2](=[O:1])[O:3][H:10])([H:12])[H:13])([H:14])[H:15])[H:17],27.0,10.0
18,0.04407000346552758,AM1BCC,OpenEye,,,H,,19,[H:16][C:7]1([C:6]([C:5]([C:4]([C:9]([C:8]1([H:18])[H:19])([H:20])[H:21])([H:11])[C:2](=[O:1])[O:3][H:10])([H:12])[H:13])([H:14])[H:15])[H:17],27.0,10.0
19,0.05396000100743203,AM1BCC,OpenEye,,,H,,20,[H:16][C:7]1([C:6]([C:5]([C:4]([C:9]([C:8]1([H:18])[H:19])([H:20])[H:21])([H:11])[C:2](=[O:1])[O:3][H:10])([H:12])[H:13])([H:14])[H:15])[H:17],27.0,10.0
20,0.05396000100743203,AM1BCC,OpenEye,,,H,,21,[H:16][C:7]1([C:6]([C:5]([C:4]([C:9]([C:8]1([H:18])[H:19])([H:20])[H:21])([H:11])[C:2](=[O:1])[O:3][H:10])([H:12])[H:13])([H:14])[H:15])[H:17],27.0,10.0
0,-0.5518571428571429,AM1BCC,AmberTools,,,O,,1,[H:16][C:7]1([C:6]([C:5]([C:4]([C:9]([C:8]1([H:18])[H:19])([H:20])[H:21])([H:11])[C:2](=[O:1])[O:3][H:10])([H:12])[H:13])([H:14])[H:15])[H:17],27.0,10.0
1,0.6352428571428571,AM1BCC,AmberTools,,,C,,2,[H:16][C:7]1([C:6]([C:5]([C:4]([C:9]([C:8]1([H:18])[H:19])([H:20])[H:21])([H:11])[C:2](=[O:1])[O:3][H:10])([H:12])[H:13])([H:14])[H:15])[H:17],27.0,10.0
2,-0.6069571428571429,AM1BCC,AmberTools,,,O,,3,[H:16][C:7]1([C:6]([C:5]([C:4]([C:9]([C:8]1([H:18])[H:19])([H:20])[H:21])([H:11])[C:2](=[O:1])[O:3][H:10])([H:12])[H:13])([H:14])[H:15])[H:17],27.0,10.0
3,-0.10355714285714285,AM1BCC,AmberTools,,,C,,4,[H:16][C:7]1([C:6]([C:5]([C:4]([C:9]([C:8]1([H:18])[H:19])([H:20])[H:21])([H:11])[C:2](=[O:1])[O:3][H:10])([H:12])[H:13])([H:14])[H:15])[H:17],27.0,10.0
4,-0.07425714285714284,AM1BCC,AmberTools,,,C,,5,[H:16][C:7]1([C:6]([C:5]([C:4]([C:9]([C:8]1([H:18])[H:19])([H:20])[H:21])([H:11])[C:2](=[O:1])[O:3][H:10])([H:12])[H:13])([H:14])[H:15])[H:17],27.0,10.0
5,-0.07625714285714284,AM1BCC,AmberTools,,,C,,6,[H:16][C:7]1([C:6]([C:5]([C:4]([C:9]([C:8]1([H:18])[H:19])([H:20])[H:21])([H:11])[C:2](=[O:1])[O:3][H:10])([H:12])[H:13])([H:14])[H:15])[H:17],27.0,10.0
6,-0.07925714285714285,AM1BCC,AmberTools,,,C,,7,[H:16][C:7]1([C:6]([C:5]([C:4]([C:9]([C:8]1([H:18])[H:19])([H:20])[H:21])([H:11])[C:2](=[O:1])[O:3][H:10])([H:12])[H:13])([H:14])[H:15])[H:17],27.0,10.0
7,-0.07625714285714284,AM1BCC,AmberTools,,,C,,8,[H:16][C:7]1([C:6]([C:5]([C:4]([C:9]([C:8]1([H:18])[H:19])([H:20])[H:21])([H:11])[C:2](=[O:1])[O:3][H:10])([H:12])[H:13])([H:14])[H:15])[H:17],27.0,10.0
8,-0.07425714285714284,AM1BCC,AmberTools,,,C,,9,[H:16][C:7]1([C:6]([C:5]([C:4]([C:9]([C:8]1([H:18])[H:19])([H:20])[H:21])([H:11])[C:2](=[O:1])[O:3][H:10])([H:12])[H:13])([H:14])[H:15])[H:17],27.0,10.0
9,0.44214285714285717,AM1BCC,AmberTools,,,H,,10,[H:16][C:7]1([C:6]([C:5]([C:4]([C:9]([C:8]1([H:18])[H:19])([H:20])[H:21])([H:11])[C:2](=[O:1])[O:3][H:10])([H:12])[H:13])([H:14])[H:15])[H:17],27.0,10.0
10,0.08284285714285715,AM1BCC,AmberTools,,,H,,11,[H:16][C:7]1([C:6]([C:5]([C:4]([C:9]([C:8]1([H:18])[H:19])([H:20])[H:21])([H:11])[C:2](=[O:1])[O:3][H:10])([H:12])[H:13])([H:14])[H:15])[H:17],27.0,10.0
11,0.05484285714285715,AM1BCC,AmberTools,,,H,,12,[H:16][C:7]1([C:6]([C:5]([C:4]([C:9]([C:8]1([H:18])[H:19])([H:20])[H:21])([H:11])[C:2](=[O:1])[O:3][H:10])([H:12])[H:13])([H:14])[H:15])[H:17],27.0,10.0
12,0.05484285714285715,AM1BCC,AmberTools,,,H,,13,[H:16][C:7]1([C:6]([C:5]([C:4]([C:9]([C:8]1([H:18])[H:19])([H:20])[H:21])([H:11])[C:2](=[O:1])[O:3][H:10])([H:12])[H:13])([H:14])[H:15])[H:17],27.0,10.0
13,0.043842857142857156,AM1BCC,AmberTools,,,H,,14,[H:16][C:7]1([C:6]([C:5]([C:4]([C:9]([C:8]1([H:18])[H:19])([H:20])[H:21])([H:11])[C:2](=[O:1])[O:3][H:10])([H:12])[H:13])([H:14])[H:15])[H:17],27.0,10.0
14,0.043842857142857156,AM1BCC,AmberTools,,,H,,15,[H:16][C:7]1([C:6]([C:5]([C:4]([C:9]([C:8]1([H:18])[H:19])([H:20])[H:21])([H:11])[C:2](=[O:1])[O:3][H:10])([H:12])[H:13])([H:14])[H:15])[H:17],27.0,10.0
15,0.043842857142857156,AM1BCC,AmberTools,,,H,,16,[H:16][C:7]1([C:6]([C:5]([C:4]([C:9]([C:8]1([H:18])[H:19])([H:20])[H:21])([H:11])[C:2](=[O:1])[O:3][H:10])([H:12])[H:13])([H:14])[H:15])[H:17],27.0,10.0
16,0.043842857142857156,AM1BCC,AmberTools,,,H,,17,[H:16][C:7]1([C:6]([C:5]([C:4]([C:9]([C:8]1([H:18])[H:19])([H:20])[H:21])([H:11])[C:2](=[O:1])[O:3][H:10])([H:12])[H:13])([H:14])[H:15])[H:17],27.0,10.0
17,0.043842857142857156,AM1BCC,AmberTools,,,H,,18,[H:16][C:7]1([C:6]([C:5]([C:4]([C:9]([C:8]1([H:18])[H:19])([H:20])[H:21])([H:11])[C:2](=[O:1])[O:3][H:10])([H:12])[H:13])([H:14])[H:15])[H:17],27.0,10.0
18,0.043842857142857156,AM1BCC,AmberTools,,,H,,19,[H:16][C:7]1([C:6]([C:5]([C:4]([C:9]([C:8]1([H:18])[H:19])([H:20])[H:21])([H:11])[C:2](=[O:1])[O:3][H:10])([H:12])[H:13])([H:14])[H:15])[H:17],27.0,10.0
19,0.05484285714285715,AM1BCC,AmberTools,,,H,,20,[H:16][C:7]1([C:6]([C:5]([C:4]([C:9]([C:8]1([H:18])[H:19])([H:20])[H:21])([H:11])[C:2](=[O:1])[O:3][H:10])([H:12])[H:13])([H:14])[H:15])[H:17],27.0,10.0
20,0.05484285714285715,AM1BCC,AmberTools,,,H,,21,[H:16][C:7]1([C:6]([C:5]([C:4]([C:9]([C:8]1([H:18])[H:19])([H:20])[H:21])([H:11])[C:2](=[O:1])[O:3][H:10])([H:12])[H:13])([H:14])[H:15])[H:17],27.0,10.0
0,-0.5518100243948755,AM1BCC,OpenEye,,,O,,1,[H:16][C:7]1([C:6]([C:5]([C:4]([C:9]([C:8]1([H:18])[H:19])([H:20])[H:21])([H:11])[C:2](=[O:1])[O:3][H:10])([H:12])[H:13])([H:14])[H:15])[H:17],27.0,11.0
1,0.6353099959946814,AM1BCC,OpenEye,,,C,,2,[H:16][C:7]1([C:6]([C:5]([C:4]([C:9]([C:8]1([H:18])[H:19])([H:20])[H:21])([H:11])[C:2](=[O:1])[O:3][H:10])([H:12])[H:13])([H:14])[H:15])[H:17],27.0,11.0
2,-0.5991700273894128,AM1BCC,OpenEye,,,O,,3,[H:16][C:7]1([C:6]([C:5]([C:4]([C:9]([C:8]1([H:18])[H:19])([H:20])[H:21])([H:11])[C:2](=[O:1])[O:3][H:10])([H:12])[H:13])([H:14])[H:15])[H:17],27.0,11.0
3,-0.10795999886024565,AM1BCC,OpenEye,,,C,,4,[H:16][C:7]1([C:6]([C:5]([C:4]([C:9]([C:8]1([H:18])[H:19])([H:20])[H:21])([H:11])[C:2](=[O:1])[O:3][H:10])([H:12])[H:13])([H:14])[H:15])[H:17],27.0,11.0
4,-0.07374999494779677,AM1BCC,OpenEye,,,C,,5,[H:16][C:7]1([C:6]([C:5]([C:4]([C:9]([C:8]1([H:18])[H:19])([H:20])[H:21])([H:11])[C:2](=[O:1])[O:3][H:10])([H:12])[H:13])([H:14])[H:15])[H:17],27.0,11.0
5,-0.0767299962185678,AM1BCC,OpenEye,,,C,,6,[H:16][C:7]1([C:6]([C:5]([C:4]([C:9]([C:8]1([H:18])[H:19])([H:20])[H:21])([H:11])[C:2](=[O:1])[O:3][H:10])([H:12])[H:13])([H:14])[H:15])[H:17],27.0,11.0
6,-0.07969000013101668,AM1BCC,OpenEye,,,C,,7,[H:16][C:7]1([C:6]([C:5]([C:4]([C:9]([C:8]1([H:18])[H:19])([H:20])[H:21])([H:11])[C:2](=[O:1])[O:3][H:10])([H:12])[H:13])([H:14])[H:15])[H:17],27.0,11.0
7,-0.0767299962185678,AM1BCC,OpenEye,,,C,,8,[H:16][C:7]1([C:6]([C:5]([C:4]([C:9]([C:8]1([H:18])[H:19])([H:20])[H:21])([H:11])[C:2](=[O:1])[O:3][H:10])([H:12])[H:13])([H:14])[H:15])[H:17],27.0,11.0
8,-0.07374999494779677,AM1BCC,OpenEye,,,C,,9,[H:16][C:7]1([C:6]([C:5]([C:4]([C:9]([C:8]1([H:18])[H:19])([H:20])[H:21])([H:11])[C:2](=[O:1])[O:3][H:10])([H:12])[H:13])([H:14])[H:15])[H:17],27.0,11.0
9,0.4413900095082465,AM1BCC,OpenEye,,,H,,10,[H:16][C:7]1([C:6]([C:5]([C:4]([C:9]([C:8]1([H:18])[H:19])([H:20])[H:21])([H:11])[C:2](=[O:1])[O:3][H:10])([H:12])[H:13])([H:14])[H:15])[H:17],27.0,11.0
10,0.08363000480901628,AM1BCC,OpenEye,,,H,,11,[H:16][C:7]1([C:6]([C:5]([C:4]([C:9]([C:8]1([H:18])[H:19])([H:20])[H:21])([H:11])[C:2](=[O:1])[O:3][H:10])([H:12])[H:13])([H:14])[H:15])[H:17],27.0,11.0
11,0.05396000100743203,AM1BCC,OpenEye,,,H,,12,[H:16][C:7]1([C:6]([C:5]([C:4]([C:9]([C:8]1([H:18])[H:19])([H:20])[H:21])([H:11])[C:2](=[O:1])[O:3][H:10])([H:12])[H:13])([H:14])[H:15])[H:17],27.0,11.0
12,0.05396000100743203,AM1BCC,OpenEye,,,H,,13,[H:16][C:7]1([C:6]([C:5]([C:4]([C:9]([C:8]1([H:18])[H:19])([H:20])[H:21])([H:11])[C:2](=[O:1])[O:3][H:10])([H:12])[H:13])([H:14])[H:15])[H:17],27.0,11.0
13,0.04407000346552758,AM1BCC,OpenEye,,,H,,14,[H:16][C:7]1([C:6]([C:5]([C:4]([C:9]([C:8]1([H:18])[H:19])([H:20])[H:21])([H:11])[C:2](=[O:1])[O:3][H:10])([H:12])[H:13])([H:14])[H:15])[H:17],27.0,11.0
14,0.04407000346552758,AM1BCC,OpenEye,,,H,,15,[H:16][C:7]1([C:6]([C:5]([C:4]([C:9]([C:8]1([H:18])[H:19])([H:20])[H:21])([H:11])[C:2](=[O:1])[O:3][H:10])([H:12])[H:13])([H:14])[H:15])[H:17],27.0,11.0
15,0.04357000245224862,AM1BCC,OpenEye,,,H,,16,[H:16][C:7]1([C:6]([C:5]([C:4]([C:9]([C:8]1([H:18])[H:19])([H:20])[H:21])([H:11])[C:2](=[O:1])[O:3][H:10])([H:12])[H:13])([H:14])[H:15])[H:17],27.0,11.0
16,0.04357000245224862,AM1BCC,OpenEye,,,H,,17,[H:16][C:7]1([C:6]([C:5]([C:4]([C:9]([C:8]1([H:18])[H:19])([H:20])[H:21])([H:11])[C:2](=[O:1])[O:3][H:10])([H:12])[H:13])([H:14])[H:15])[H:17],27.0,11.0
17,0.04407000346552758,AM1BCC,OpenEye,,,H,,18,[H:16][C:7]1([C:6]([C:5]([C:4]([C:9]([C:8]1([H:18])[H:19])([H:20])[H:21])([H:11])[C:2](=[O:1])[O:3][H:10])([H:12])[H:13])([H:14])[H:15])[H:17],27.0,11.0
18,0.04407000346552758,AM1BCC,OpenEye,,,H,,19,[H:16][C:7]1([C:6]([C:5]([C:4]([C:9]([C:8]1([H:18])[H:19])([H:20])[H:21])([H:11])[C:2](=[O:1])[O:3][H:10])([H:12])[H:13])([H:14])[H:15])[H:17],27.0,11.0
19,0.05396000100743203,AM1BCC,OpenEye,,,H,,20,[H:16][C:7]1([C:6]([C:5]([C:4]([C:9]([C:8]1([H:18])[H:19])([H:20])[H:21])([H:11])[C:2](=[O:1])[O:3][H:10])([H:12])[H:13])([H:14])[H:15])[H:17],27.0,11.0
20,0.05396000100743203,AM1BCC,OpenEye,,,H,,21,[H:16][C:7]1([C:6]([C:5]([C:4]([C:9]([C:8]1([H:18])[H:19])([H:20])[H:21])([H:11])[C:2](=[O:1])[O:3][H:10])([H:12])[H:13])([H:14])[H:15])[H:17],27.0,11.0
0,-0.5518571428571429,AM1BCC,AmberTools,,,O,,1,[H:16][C:7]1([C:6]([C:5]([C:4]([C:9]([C:8]1([H:18])[H:19])([H:20])[H:21])([H:11])[C:2](=[O:1])[O:3][H:10])([H:12])[H:13])([H:14])[H:15])[H:17],27.0,11.0
1,0.6352428571428571,AM1BCC,AmberTools,,,C,,2,[H:16][C:7]1([C:6]([C:5]([C:4]([C:9]([C:8]1([H:18])[H:19])([H:20])[H:21])([H:11])[C:2](=[O:1])[O:3][H:10])([H:12])[H:13])([H:14])[H:15])[H:17],27.0,11.0
2,-0.6069571428571429,AM1BCC,AmberTools,,,O,,3,[H:16][C:7]1([C:6]([C:5]([C:4]([C:9]([C:8]1([H:18])[H:19])([H:20])[H:21])([H:11])[C:2](=[O:1])[O:3][H:10])([H:12])[H:13])([H:14])[H:15])[H:17],27.0,11.0
3,-0.10355714285714285,AM1BCC,AmberTools,,,C,,4,[H:16][C:7]1([C:6]([C:5]([C:4]([C:9]([C:8]1([H:18])[H:19])([H:20])[H:21])([H:11])[C:2](=[O:1])[O:3][H:10])([H:12])[H:13])([H:14])[H:15])[H:17],27.0,11.0
4,-0.07425714285714284,AM1BCC,AmberTools,,,C,,5,[H:16][C:7]1([C:6]([C:5]([C:4]([C:9]([C:8]1([H:18])[H:19])([H:20])[H:21])([H:11])[C:2](=[O:1])[O:3][H:10])([H:12])[H:13])([H:14])[H:15])[H:17],27.0,11.0
5,-0.07625714285714284,AM1BCC,AmberTools,,,C,,6,[H:16][C:7]1([C:6]([C:5]([C:4]([C:9]([C:8]1([H:18])[H:19])([H:20])[H:21])([H:11])[C:2](=[O:1])[O:3][H:10])([H:12])[H:13])([H:14])[H:15])[H:17],27.0,11.0
6,-0.07925714285714285,AM1BCC,AmberTools,,,C,,7,[H:16][C:7]1([C:6]([C:5]([C:4]([C:9]([C:8]1([H:18])[H:19])([H:20])[H:21])([H:11])[C:2](=[O:1])[O:3][H:10])([H:12])[H:13])([H:14])[H:15])[H:17],27.0,11.0
7,-0.07625714285714284,AM1BCC,AmberTools,,,C,,8,[H:16][C:7]1([C:6]([C:5]([C:4]([C:9]([C:8]1([H:18])[H:19])([H:20])[H:21])([H:11])[C:2](=[O:1])[O:3][H:10])([H:12])[H:13])([H:14])[H:15])[H:17],27.0,11.0
8,-0.07425714285714284,AM1BCC,AmberTools,,,C,,9,[H:16][C:7]1([C:6]([C:5]([C:4]([C:9]([C:8]1([H:18])[H:19])([H:20])[H:21])([H:11])[C:2](=[O:1])[O:3][H:10])([H:12])[H:13])([H:14])[H:15])[H:17],27.0,11.0
9,0.44214285714285717,AM1BCC,AmberTools,,,H,,10,[H:16][C:7]1([C:6]([C:5]([C:4]([C:9]([C:8]1([H:18])[H:19])([H:20])[H:21])([H:11])[C:2](=[O:1])[O:3][H:10])([H:12])[H:13])([H:14])[H:15])[H:17],27.0,11.0
10,0.08284285714285715,AM1BCC,AmberTools,,,H,,11,[H:16][C:7]1([C:6]([C:5]([C:4]([C:9]([C:8]1([H:18])[H:19])([H:20])[H:21])([H:11])[C:2](=[O:1])[O:3][H:10])([H:12])[H:13])([H:14])[H:15])[H:17],27.0,11.0
11,0.05484285714285715,AM1BCC,AmberTools,,,H,,12,[H:16][C:7]1([C:6]([C:5]([C:4]([C:9]([C:8]1([H:18])[H:19])([H:20])[H:21])([H:11])[C:2](=[O:1])[O:3][H:10])([H:12])[H:13])([H:14])[H:15])[H:17],27.0,11.0
12,0.05484285714285715,AM1BCC,AmberTools,,,H,,13,[H:16][C:7]1([C:6]([C:5]([C:4]([C:9]([C:8]1([H:18])[H:19])([H:20])[H:21])([H:11])[C:2](=[O:1])[O:3][H:10])([H:12])[H:13])([H:14])[H:15])[H:17],27.0,11.0
13,0.043842857142857156,AM1BCC,AmberTools,,,H,,14,[H:16][C:7]1([C:6]([C:5]([C:4]([C:9]([C:8]1([H:18])[H:19])([H:20])[H:21])([H:11])[C:2](=[O:1])[O:3][H:10])([H:12])[H:13])([H:14])[H:15])[H:17],27.0,11.0
14,0.043842857142857156,AM1BCC,AmberTools,,,H,,15,[H:16][C:7]1([C:6]([C:5]([C:4]([C:9]([C:8]1([H:18])[H:19])([H:20])[H:21])([H:11])[C:2](=[O:1])[O:3][H:10])([H:12])[H:13])([H:14])[H:15])[H:17],27.0,11.0
15,0.043842857142857156,AM1BCC,AmberTools,,,H,,16,[H:16][C:7]1([C:6]([C:5]([C:4]([C:9]([C:8]1([H:18])[H:19])([H:20])[H:21])([H:11])[C:2](=[O:1])[O:3][H:10])([H:12])[H:13])([H:14])[H:15])[H:17],27.0,11.0
16,0.043842857142857156,AM1BCC,AmberTools,,,H,,17,[H:16][C:7]1([C:6]([C:5]([C:4]([C:9]([C:8]1([H:18])[H:19])([H:20])[H:21])([H:11])[C:2](=[O:1])[O:3][H:10])([H:12])[H:13])([H:14])[H:15])[H:17],27.0,11.0
17,0.043842857142857156,AM1BCC,AmberTools,,,H,,18,[H:16][C:7]1([C:6]([C:5]([C:4]([C:9]([C:8]1([H:18])[H:19])([H:20])[H:21])([H:11])[C:2](=[O:1])[O:3][H:10])([H:12])[H:13])([H:14])[H:15])[H:17],27.0,11.0
18,0.043842857142857156,AM1BCC,AmberTools,,,H,,19,[H:16][C:7]1([C:6]([C:5]([C:4]([C:9]([C:8]1([H:18])[H:19])([H:20])[H:21])([H:11])[C:2](=[O:1])[O:3][H:10])([H:12])[H:13])([H:14])[H:15])[H:17],27.0,11.0
19,0.05484285714285715,AM1BCC,AmberTools,,,H,,20,[H:16][C:7]1([C:6]([C:5]([C:4]([C:9]([C:8]1([H:18])[H:19])([H:20])[H:21])([H:11])[C:2](=[O:1])[O:3][H:10])([H:12])[H:13])([H:14])[H:15])[H:17],27.0,11.0
20,0.05484285714285715,AM1BCC,AmberTools,,,H,,21,[H:16][C:7]1([C:6]([C:5]([C:4]([C:9]([C:8]1([H:18])[H:19])([H:20])[H:21])([H:11])[C:2](=[O:1])[O:3][H:10])([H:12])[H:13])([H:14])[H:15])[H:17],27.0,11.0
0,-0.5518100243948755,AM1BCC,OpenEye,,,O,,1,[H:16][C:7]1([C:6]([C:5]([C:4]([C:9]([C:8]1([H:18])[H:19])([H:20])[H:21])([H:11])[C:2](=[O:1])[O:3][H:10])([H:12])[H:13])([H:14])[H:15])[H:17],27.0,12.0
1,0.6353099959946814,AM1BCC,OpenEye,,,C,,2,[H:16][C:7]1([C:6]([C:5]([C:4]([C:9]([C:8]1([H:18])[H:19])([H:20])[H:21])([H:11])[C:2](=[O:1])[O:3][H:10])([H:12])[H:13])([H:14])[H:15])[H:17],27.0,12.0
2,-0.5991700273894128,AM1BCC,OpenEye,,,O,,3,[H:16][C:7]1([C:6]([C:5]([C:4]([C:9]([C:8]1([H:18])[H:19])([H:20])[H:21])([H:11])[C:2](=[O:1])[O:3][H:10])([H:12])[H:13])([H:14])[H:15])[H:17],27.0,12.0
3,-0.10795999886024565,AM1BCC,OpenEye,,,C,,4,[H:16][C:7]1([C:6]([C:5]([C:4]([C:9]([C:8]1([H:18])[H:19])([H:20])[H:21])([H:11])[C:2](=[O:1])[O:3][H:10])([H:12])[H:13])([H:14])[H:15])[H:17],27.0,12.0
4,-0.07374999494779677,AM1BCC,OpenEye,,,C,,5,[H:16][C:7]1([C:6]([C:5]([C:4]([C:9]([C:8]1([H:18])[H:19])([H:20])[H:21])([H:11])[C:2](=[O:1])[O:3][H:10])([H:12])[H:13])([H:14])[H:15])[H:17],27.0,12.0
5,-0.0767299962185678,AM1BCC,OpenEye,,,C,,6,[H:16][C:7]1([C:6]([C:5]([C:4]([C:9]([C:8]1([H:18])[H:19])([H:20])[H:21])([H:11])[C:2](=[O:1])[O:3][H:10])([H:12])[H:13])([H:14])[H:15])[H:17],27.0,12.0
6,-0.07969000013101668,AM1BCC,OpenEye,,,C,,7,[H:16][C:7]1([C:6]([C:5]([C:4]([C:9]([C:8]1([H:18])[H:19])([H:20])[H:21])([H:11])[C:2](=[O:1])[O:3][H:10])([H:12])[H:13])([H:14])[H:15])[H:17],27.0,12.0
7,-0.0767299962185678,AM1BCC,OpenEye,,,C,,8,[H:16][C:7]1([C:6]([C:5]([C:4]([C:9]([C:8]1([H:18])[H:19])([H:20])[H:21])([H:11])[C:2](=[O:1])[O:3][H:10])([H:12])[H:13])([H:14])[H:15])[H:17],27.0,12.0
8,-0.07374999494779677,AM1BCC,OpenEye,,,C,,9,[H:16][C:7]1([C:6]([C:5]([C:4]([C:9]([C:8]1([H:18])[H:19])([H:20])[H:21])([H:11])[C:2](=[O:1])[O:3][H:10])([H:12])[H:13])([H:14])[H:15])[H:17],27.0,12.0
9,0.4413900095082465,AM1BCC,OpenEye,,,H,,10,[H:16][C:7]1([C:6]([C:5]([C:4]([C:9]([C:8]1([H:18])[H:19])([H:20])[H:21])([H:11])[C:2](=[O:1])[O:3][H:10])([H:12])[H:13])([H:14])[H:15])[H:17],27.0,12.0
10,0.08363000480901628,AM1BCC,OpenEye,,,H,,11,[H:16][C:7]1([C:6]([C:5]([C:4]([C:9]([C:8]1([H:18])[H:19])([H:20])[H:21])([H:11])[C:2](=[O:1])[O:3][H:10])([H:12])[H:13])([H:14])[H:15])[H:17],27.0,12.0
11,0.05396000100743203,AM1BCC,OpenEye,,,H,,12,[H:16][C:7]1([C:6]([C:5]([C:4]([C:9]([C:8]1([H:18])[H:19])([H:20])[H:21])([H:11])[C:2](=[O:1])[O:3][H:10])([H:12])[H:13])([H:14])[H:15])[H:17],27.0,12.0
12,0.05396000100743203,AM1BCC,OpenEye,,,H,,13,[H:16][C:7]1([C:6]([C:5]([C:4]([C:9]([C:8]1([H:18])[H:19])([H:20])[H:21])([H:11])[C:2](=[O:1])[O:3][H:10])([H:12])[H:13])([H:14])[H:15])[H:17],27.0,12.0
13,0.04407000346552758,AM1BCC,OpenEye,,,H,,14,[H:16][C:7]1([C:6]([C:5]([C:4]([C:9]([C:8]1([H:18])[H:19])([H:20])[H:21])([H:11])[C:2](=[O:1])[O:3][H:10])([H:12])[H:13])([H:14])[H:15])[H:17],27.0,12.0
14,0.04407000346552758,AM1BCC,OpenEye,,,H,,15,[H:16][C:7]1([C:6]([C:5]([C:4]([C:9]([C:8]1([H:18])[H:19])([H:20])[H:21])([H:11])[C:2](=[O:1])[O:3][H:10])([H:12])[H:13])([H:14])[H:15])[H:17],27.0,12.0
15,0.04357000245224862,AM1BCC,OpenEye,,,H,,16,[H:16][C:7]1([C:6]([C:5]([C:4]([C:9]([C:8]1([H:18])[H:19])([H:20])[H:21])([H:11])[C:2](=[O:1])[O:3][H:10])([H:12])[H:13])([H:14])[H:15])[H:17],27.0,12.0
16,0.04357000245224862,AM1BCC,OpenEye,,,H,,17,[H:16][C:7]1([C:6]([C:5]([C:4]([C:9]([C:8]1([H:18])[H:19])([H:20])[H:21])([H:11])[C:2](=[O:1])[O:3][H:10])([H:12])[H:13])([H:14])[H:15])[H:17],27.0,12.0
17,0.04407000346552758,AM1BCC,OpenEye,,,H,,18,[H:16][C:7]1([C:6]([C:5]([C:4]([C:9]([C:8]1([H:18])[H:19])([H:20])[H:21])([H:11])[C:2](=[O:1])[O:3][H:10])([H:12])[H:13])([H:14])[H:15])[H:17],27.0,12.0
18,0.04407000346552758,AM1BCC,OpenEye,,,H,,19,[H:16][C:7]1([C:6]([C:5]([C:4]([C:9]([C:8]1([H:18])[H:19])([H:20])[H:21])([H:11])[C:2](=[O:1])[O:3][H:10])([H:12])[H:13])([H:14])[H:15])[H:17],27.0,12.0
19,0.05396000100743203,AM1BCC,OpenEye,,,H,,20,[H:16][C:7]1([C:6]([C:5]([C:4]([C:9]([C:8]1([H:18])[H:19])([H:20])[H:21])([H:11])[C:2](=[O:1])[O:3][H:10])([H:12])[H:13])([H:14])[H:15])[H:17],27.0,12.0
20,0.05396000100743203,AM1BCC,OpenEye,,,H,,21,[H:16][C:7]1([C:6]([C:5]([C:4]([C:9]([C:8]1([H:18])[H:19])([H:20])[H:21])([H:11])[C:2](=[O:1])[O:3][H:10])([H:12])[H:13])([H:14])[H:15])[H:17],27.0,12.0
0,-0.5518571428571429,AM1BCC,AmberTools,,,O,,1,[H:16][C:7]1([C:6]([C:5]([C:4]([C:9]([C:8]1([H:18])[H:19])([H:20])[H:21])([H:11])[C:2](=[O:1])[O:3][H:10])([H:12])[H:13])([H:14])[H:15])[H:17],27.0,12.0
1,0.6352428571428571,AM1BCC,AmberTools,,,C,,2,[H:16][C:7]1([C:6]([C:5]([C:4]([C:9]([C:8]1([H:18])[H:19])([H:20])[H:21])([H:11])[C:2](=[O:1])[O:3][H:10])([H:12])[H:13])([H:14])[H:15])[H:17],27.0,12.0
2,-0.6069571428571429,AM1BCC,AmberTools,,,O,,3,[H:16][C:7]1([C:6]([C:5]([C:4]([C:9]([C:8]1([H:18])[H:19])([H:20])[H:21])([H:11])[C:2](=[O:1])[O:3][H:10])([H:12])[H:13])([H:14])[H:15])[H:17],27.0,12.0
3,-0.10355714285714285,AM1BCC,AmberTools,,,C,,4,[H:16][C:7]1([C:6]([C:5]([C:4]([C:9]([C:8]1([H:18])[H:19])([H:20])[H:21])([H:11])[C:2](=[O:1])[O:3][H:10])([H:12])[H:13])([H:14])[H:15])[H:17],27.0,12.0
4,-0.07425714285714284,AM1BCC,AmberTools,,,C,,5,[H:16][C:7]1([C:6]([C:5]([C:4]([C:9]([C:8]1([H:18])[H:19])([H:20])[H:21])([H:11])[C:2](=[O:1])[O:3][H:10])([H:12])[H:13])([H:14])[H:15])[H:17],27.0,12.0
5,-0.07625714285714284,AM1BCC,AmberTools,,,C,,6,[H:16][C:7]1([C:6]([C:5]([C:4]([C:9]([C:8]1([H:18])[H:19])([H:20])[H:21])([H:11])[C:2](=[O:1])[O:3][H:10])([H:12])[H:13])([H:14])[H:15])[H:17],27.0,12.0
6,-0.07925714285714285,AM1BCC,AmberTools,,,C,,7,[H:16][C:7]1([C:6]([C:5]([C:4]([C:9]([C:8]1([H:18])[H:19])([H:20])[H:21])([H:11])[C:2](=[O:1])[O:3][H:10])([H:12])[H:13])([H:14])[H:15])[H:17],27.0,12.0
7,-0.07625714285714284,AM1BCC,AmberTools,,,C,,8,[H:16][C:7]1([C:6]([C:5]([C:4]([C:9]([C:8]1([H:18])[H:19])([H:20])[H:21])([H:11])[C:2](=[O:1])[O:3][H:10])([H:12])[H:13])([H:14])[H:15])[H:17],27.0,12.0
8,-0.07425714285714284,AM1BCC,AmberTools,,,C,,9,[H:16][C:7]1([C:6]([C:5]([C:4]([C:9]([C:8]1([H:18])[H:19])([H:20])[H:21])([H:11])[C:2](=[O:1])[O:3][H:10])([H:12])[H:13])([H:14])[H:15])[H:17],27.0,12.0
9,0.44214285714285717,AM1BCC,AmberTools,,,H,,10,[H:16][C:7]1([C:6]([C:5]([C:4]([C:9]([C:8]1([H:18])[H:19])([H:20])[H:21])([H:11])[C:2](=[O:1])[O:3][H:10])([H:12])[H:13])([H:14])[H:15])[H:17],27.0,12.0
10,0.08284285714285715,AM1BCC,AmberTools,,,H,,11,[H:16][C:7]1([C:6]([C:5]([C:4]([C:9]([C:8]1([H:18])[H:19])([H:20])[H:21])([H:11])[C:2](=[O:1])[O:3][H:10])([H:12])[H:13])([H:14])[H:15])[H:17],27.0,12.0
11,0.05484285714285715,AM1BCC,AmberTools,,,H,,12,[H:16][C:7]1([C:6]([C:5]([C:4]([C:9]([C:8]1([H:18])[H:19])([H:20])[H:21])([H:11])[C:2](=[O:1])[O:3][H:10])([H:12])[H:13])([H:14])[H:15])[H:17],27.0,12.0
12,0.05484285714285715,AM1BCC,AmberTools,,,H,,13,[H:16][C:7]1([C:6]([C:5]([C:4]([C:9]([C:8]1([H:18])[H:19])([H:20])[H:21])([H:11])[C:2](=[O:1])[O:3][H:10])([H:12])[H:13])([H:14])[H:15])[H:17],27.0,12.0
13,0.043842857142857156,AM1BCC,AmberTools,,,H,,14,[H:16][C:7]1([C:6]([C:5]([C:4]([C:9]([C:8]1([H:18])[H:19])([H:20])[H:21])([H:11])[C:2](=[O:1])[O:3][H:10])([H:12])[H:13])([H:14])[H:15])[H:17],27.0,12.0
14,0.043842857142857156,AM1BCC,AmberTools,,,H,,15,[H:16][C:7]1([C:6]([C:5]([C:4]([C:9]([C:8]1([H:18])[H:19])([H:20])[H:21])([H:11])[C:2](=[O:1])[O:3][H:10])([H:12])[H:13])([H:14])[H:15])[H:17],27.0,12.0
15,0.043842857142857156,AM1BCC,AmberTools,,,H,,16,[H:16][C:7]1([C:6]([C:5]([C:4]([C:9]([C:8]1([H:18])[H:19])([H:20])[H:21])([H:11])[C:2](=[O:1])[O:3][H:10])([H:12])[H:13])([H:14])[H:15])[H:17],27.0,12.0
16,0.043842857142857156,AM1BCC,AmberTools,,,H,,17,[H:16][C:7]1([C:6]([C:5]([C:4]([C:9]([C:8]1([H:18])[H:19])([H:20])[H:21])([H:11])[C:2](=[O:1])[O:3][H:10])([H:12])[H:13])([H:14])[H:15])[H:17],27.0,12.0
17,0.043842857142857156,AM1BCC,AmberTools,,,H,,18,[H:16][C:7]1([C:6]([C:5]([C:4]([C:9]([C:8]1([H:18])[H:19])([H:20])[H:21])([H:11])[C:2](=[O:1])[O:3][H:10])([H:12])[H:13])([H:14])[H:15])[H:17],27.0,12.0
18,0.043842857142857156,AM1BCC,AmberTools,,,H,,19,[H:16][C:7]1([C:6]([C:5]([C:4]([C:9]([C:8]1([H:18])[H:19])([H:20])[H:21])([H:11])[C:2](=[O:1])[O:3][H:10])([H:12])[H:13])([H:14])[H:15])[H:17],27.0,12.0
19,0.05484285714285715,AM1BCC,AmberTools,,,H,,20,[H:16][C:7]1([C:6]([C:5]([C:4]([C:9]([C:8]1([H:18])[H:19])([H:20])[H:21])([H:11])[C:2](=[O:1])[O:3][H:10])([H:12])[H:13])([H:14])[H:15])[H:17],27.0,12.0
20,0.05484285714285715,AM1BCC,AmberTools,,,H,,21,[H:16][C:7]1([C:6]([C:5]([C:4]([C:9]([C:8]1([H:18])[H:19])([H:20])[H:21])([H:11])[C:2](=[O:1])[O:3][H:10])([H:12])[H:13])([H:14])[H:15])[H:17],27.0,12.0
0,-0.5534700137518701,AM1BCC,OpenEye,,,O,,1,[H:16][C:7]1([C:6]([C:5]([C:4]([C:9]([C:8]1([H:18])[H:19])([H:20])[H:21])([H:11])[C:2](=[O:1])[O:3][H:10])([H:12])[H:13])([H:14])[H:15])[H:17],28.0,1.0
1,0.6323999780274573,AM1BCC,OpenEye,,,C,,2,[H:16][C:7]1([C:6]([C:5]([C:4]([C:9]([C:8]1([H:18])[H:19])([H:20])[H:21])([H:11])[C:2](=[O:1])[O:3][H:10])([H:12])[H:13])([H:14])[H:15])[H:17],28.0,1.0
2,-0.6025400144003686,AM1BCC,OpenEye,,,O,,3,[H:16][C:7]1([C:6]([C:5]([C:4]([C:9]([C:8]1([H:18])[H:19])([H:20])[H:21])([H:11])[C:2](=[O:1])[O:3][H:10])([H:12])[H:13])([H:14])[H:15])[H:17],28.0,1.0
3,-0.10475999684560866,AM1BCC,OpenEye,,,C,,4,[H:16][C:7]1([C:6]([C:5]([C:4]([C:9]([C:8]1([H:18])[H:19])([H:20])[H:21])([H:11])[C:2](=[O:1])[O:3][H:10])([H:12])[H:13])([H:14])[H:15])[H:17],28.0,1.0
4,-0.07143999458778472,AM1BCC,OpenEye,,,C,,5,[H:16][C:7]1([C:6]([C:5]([C:4]([C:9]([C:8]1([H:18])[H:19])([H:20])[H:21])([H:11])[C:2](=[O:1])[O:3][H:10])([H:12])[H:13])([H:14])[H:15])[H:17],28.0,1.0
5,-0.07707999469268889,AM1BCC,OpenEye,,,C,,6,[H:16][C:7]1([C:6]([C:5]([C:4]([C:9]([C:8]1([H:18])[H:19])([H:20])[H:21])([H:11])[C:2](=[O:1])[O:3][H:10])([H:12])[H:13])([H:14])[H:15])[H:17],28.0,1.0
6,-0.07993999691236586,AM1BCC,OpenEye,,,C,,7,[H:16][C:7]1([C:6]([C:5]([C:4]([C:9]([C:8]1([H:18])[H:19])([H:20])[H:21])([H:11])[C:2](=[O:1])[O:3][H:10])([H:12])[H:13])([H:14])[H:15])[H:17],28.0,1.0
7,-0.07707999469268889,AM1BCC,OpenEye,,,C,,8,[H:16][C:7]1([C:6]([C:5]([C:4]([C:9]([C:8]1([H:18])[H:19])([H:20])[H:21])([H:11])[C:2](=[O:1])[O:3][H:10])([H:12])[H:13])([H:14])[H:15])[H:17],28.0,1.0
8,-0.07143999458778472,AM1BCC,OpenEye,,,C,,9,[H:16][C:7]1([C:6]([C:5]([C:4]([C:9]([C:8]1([H:18])[H:19])([H:20])[H:21])([H:11])[C:2](=[O:1])[O:3][H:10])([H:12])[H:13])([H:14])[H:15])[H:17],28.0,1.0
9,0.44282001434337526,AM1BCC,OpenEye,,,H,,10,[H:16][C:7]1([C:6]([C:5]([C:4]([C:9]([C:8]1([H:18])[H:19])([H:20])[H:21])([H:11])[C:2](=[O:1])[O:3][H:10])([H:12])[H:13])([H:14])[H:15])[H:17],28.0,1.0
10,0.07897000192176729,AM1BCC,OpenEye,,,H,,11,[H:16][C:7]1([C:6]([C:5]([C:4]([C:9]([C:8]1([H:18])[H:19])([H:20])[H:21])([H:11])[C:2](=[O:1])[O:3][H:10])([H:12])[H:13])([H:14])[H:15])[H:17],28.0,1.0
11,0.05517000137340455,AM1BCC,OpenEye,,,H,,12,[H:16][C:7]1([C:6]([C:5]([C:4]([C:9]([C:8]1([H:18])[H:19])([H:20])[H:21])([H:11])[C:2](=[O:1])[O:3][H:10])([H:12])[H:13])([H:14])[H:15])[H:17],28.0,1.0
12,0.05517000137340455,AM1BCC,OpenEye,,,H,,13,[H:16][C:7]1([C:6]([C:5]([C:4]([C:9]([C:8]1([H:18])[H:19])([H:20])[H:21])([H:11])[C:2](=[O:1])[O:3][H:10])([H:12])[H:13])([H:14])[H:15])[H:17],28.0,1.0
13,0.04545000000368981,AM1BCC,OpenEye,,,H,,14,[H:16][C:7]1([C:6]([C:5]([C:4]([C:9]([C:8]1([H:18])[H:19])([H:20])[H:21])([H:11])[C:2](=[O:1])[O:3][H:10])([H:12])[H:13])([H:14])[H:15])[H:17],28.0,1.0
14,0.04545000000368981,AM1BCC,OpenEye,,,H,,15,[H:16][C:7]1([C:6]([C:5]([C:4]([C:9]([C:8]1([H:18])[H:19])([H:20])[H:21])([H:11])[C:2](=[O:1])[O:3][H:10])([H:12])[H:13])([H:14])[H:15])[H:17],28.0,1.0
15,0.040540000335091635,AM1BCC,OpenEye,,,H,,16,[H:16][C:7]1([C:6]([C:5]([C:4]([C:9]([C:8]1([H:18])[H:19])([H:20])[H:21])([H:11])[C:2](=[O:1])[O:3][H:10])([H:12])[H:13])([H:14])[H:15])[H:17],28.0,1.0
16,0.040540000335091635,AM1BCC,OpenEye,,,H,,17,[H:16][C:7]1([C:6]([C:5]([C:4]([C:9]([C:8]1([H:18])[H:19])([H:20])[H:21])([H:11])[C:2](=[O:1])[O:3][H:10])([H:12])[H:13])([H:14])[H:15])[H:17],28.0,1.0
17,0.04545000000368981,AM1BCC,OpenEye,,,H,,18,[H:16][C:7]1([C:6]([C:5]([C:4]([C:9]([C:8]1([H:18])[H:19])([H:20])[H:21])([H:11])[C:2](=[O:1])[O:3][H:10])([H:12])[H:13])([H:14])[H:15])[H:17],28.0,1.0
18,0.04545000000368981,AM1BCC,OpenEye,,,H,,19,[H:16][C:7]1([C:6]([C:5]([C:4]([C:9]([C:8]1([H:18])[H:19])([H:20])[H:21])([H:11])[C:2](=[O:1])[O:3][H:10])([H:12])[H:13])([H:14])[H:15])[H:17],28.0,1.0
19,0.05517000137340455,AM1BCC,OpenEye,,,H,,20,[H:16][C:7]1([C:6]([C:5]([C:4]([C:9]([C:8]1([H:18])[H:19])([H:20])[H:21])([H:11])[C:2](=[O:1])[O:3][H:10])([H:12])[H:13])([H:14])[H:15])[H:17],28.0,1.0
20,0.05517000137340455,AM1BCC,OpenEye,,,H,,21,[H:16][C:7]1([C:6]([C:5]([C:4]([C:9]([C:8]1([H:18])[H:19])([H:20])[H:21])([H:11])[C:2](=[O:1])[O:3][H:10])([H:12])[H:13])([H:14])[H:15])[H:17],28.0,1.0
0,-0.5510476190476191,AM1BCC,AmberTools,,,O,,1,[H:16][C:7]1([C:6]([C:5]([C:4]([C:9]([C:8]1([H:18])[H:19])([H:20])[H:21])([H:11])[C:2](=[O:1])[O:3][H:10])([H:12])[H:13])([H:14])[H:15])[H:17],28.0,1.0
1,0.6350523809523809,AM1BCC,AmberTools,,,C,,2,[H:16][C:7]1([C:6]([C:5]([C:4]([C:9]([C:8]1([H:18])[H:19])([H:20])[H:21])([H:11])[C:2](=[O:1])[O:3][H:10])([H:12])[H:13])([H:14])[H:15])[H:17],28.0,1.0
2,-0.612147619047619,AM1BCC,AmberTools,,,O,,3,[H:16][C:7]1([C:6]([C:5]([C:4]([C:9]([C:8]1([H:18])[H:19])([H:20])[H:21])([H:11])[C:2](=[O:1])[O:3][H:10])([H:12])[H:13])([H:14])[H:15])[H:17],28.0,1.0
3,-0.10174761904761905,AM1BCC,AmberTools,,,C,,4,[H:16][C:7]1([C:6]([C:5]([C:4]([C:9]([C:8]1([H:18])[H:19])([H:20])[H:21])([H:11])[C:2](=[O:1])[O:3][H:10])([H:12])[H:13])([H:14])[H:15])[H:17],28.0,1.0
4,-0.07244761904761905,AM1BCC,AmberTools,,,C,,5,[H:16][C:7]1([C:6]([C:5]([C:4]([C:9]([C:8]1([H:18])[H:19])([H:20])[H:21])([H:11])[C:2](=[O:1])[O:3][H:10])([H:12])[H:13])([H:14])[H:15])[H:17],28.0,1.0
5,-0.07544761904761904,AM1BCC,AmberTools,,,C,,6,[H:16][C:7]1([C:6]([C:5]([C:4]([C:9]([C:8]1([H:18])[H:19])([H:20])[H:21])([H:11])[C:2](=[O:1])[O:3][H:10])([H:12])[H:13])([H:14])[H:15])[H:17],28.0,1.0
6,-0.07944761904761904,AM1BCC,AmberTools,,,C,,7,[H:16][C:7]1([C:6]([C:5]([C:4]([C:9]([C:8]1([H:18])[H:19])([H:20])[H:21])([H:11])[C:2](=[O:1])[O:3][H:10])([H:12])[H:13])([H:14])[H:15])[H:17],28.0,1.0
7,-0.07544761904761904,AM1BCC,AmberTools,,,C,,8,[H:16][C:7]1([C:6]([C:5]([C:4]([C:9]([C:8]1([H:18])[H:19])([H:20])[H:21])([H:11])[C:2](=[O:1])[O:3][H:10])([H:12])[H:13])([H:14])[H:15])[H:17],28.0,1.0
8,-0.07244761904761905,AM1BCC,AmberTools,,,C,,9,[H:16][C:7]1([C:6]([C:5]([C:4]([C:9]([C:8]1([H:18])[H:19])([H:20])[H:21])([H:11])[C:2](=[O:1])[O:3][H:10])([H:12])[H:13])([H:14])[H:15])[H:17],28.0,1.0
9,0.442952380952381,AM1BCC,AmberTools,,,H,,10,[H:16][C:7]1([C:6]([C:5]([C:4]([C:9]([C:8]1([H:18])[H:19])([H:20])[H:21])([H:11])[C:2](=[O:1])[O:3][H:10])([H:12])[H:13])([H:14])[H:15])[H:17],28.0,1.0
10,0.07965238095238095,AM1BCC,AmberTools,,,H,,11,[H:16][C:7]1([C:6]([C:5]([C:4]([C:9]([C:8]1([H:18])[H:19])([H:20])[H:21])([H:11])[C:2](=[O:1])[O:3][H:10])([H:12])[H:13])([H:14])[H:15])[H:17],28.0,1.0
11,0.056152380952380954,AM1BCC,AmberTools,,,H,,12,[H:16][C:7]1([C:6]([C:5]([C:4]([C:9]([C:8]1([H:18])[H:19])([H:20])[H:21])([H:11])[C:2](=[O:1])[O:3][H:10])([H:12])[H:13])([H:14])[H:15])[H:17],28.0,1.0
12,0.056152380952380954,AM1BCC,AmberTools,,,H,,13,[H:16][C:7]1([C:6]([C:5]([C:4]([C:9]([C:8]1([H:18])[H:19])([H:20])[H:21])([H:11])[C:2](=[O:1])[O:3][H:10])([H:12])[H:13])([H:14])[H:15])[H:17],28.0,1.0
13,0.04440238095238096,AM1BCC,AmberTools,,,H,,14,[H:16][C:7]1([C:6]([C:5]([C:4]([C:9]([C:8]1([H:18])[H:19])([H:20])[H:21])([H:11])[C:2](=[O:1])[O:3][H:10])([H:12])[H:13])([H:14])[H:15])[H:17],28.0,1.0
14,0.04440238095238096,AM1BCC,AmberTools,,,H,,15,[H:16][C:7]1([C:6]([C:5]([C:4]([C:9]([C:8]1([H:18])[H:19])([H:20])[H:21])([H:11])[C:2](=[O:1])[O:3][H:10])([H:12])[H:13])([H:14])[H:15])[H:17],28.0,1.0
15,0.04015238095238095,AM1BCC,AmberTools,,,H,,16,[H:16][C:7]1([C:6]([C:5]([C:4]([C:9]([C:8]1([H:18])[H:19])([H:20])[H:21])([H:11])[C:2](=[O:1])[O:3][H:10])([H:12])[H:13])([H:14])[H:15])[H:17],28.0,1.0
16,0.04015238095238095,AM1BCC,AmberTools,,,H,,17,[H:16][C:7]1([C:6]([C:5]([C:4]([C:9]([C:8]1([H:18])[H:19])([H:20])[H:21])([H:11])[C:2](=[O:1])[O:3][H:10])([H:12])[H:13])([H:14])[H:15])[H:17],28.0,1.0
17,0.04440238095238096,AM1BCC,AmberTools,,,H,,18,[H:16][C:7]1([C:6]([C:5]([C:4]([C:9]([C:8]1([H:18])[H:19])([H:20])[H:21])([H:11])[C:2](=[O:1])[O:3][H:10])([H:12])[H:13])([H:14])[H:15])[H:17],28.0,1.0
18,0.04440238095238096,AM1BCC,AmberTools,,,H,,19,[H:16][C:7]1([C:6]([C:5]([C:4]([C:9]([C:8]1([H:18])[H:19])([H:20])[H:21])([H:11])[C:2](=[O:1])[O:3][H:10])([H:12])[H:13])([H:14])[H:15])[H:17],28.0,1.0
19,0.056152380952380954,AM1BCC,AmberTools,,,H,,20,[H:16][C:7]1([C:6]([C:5]([C:4]([C:9]([C:8]1([H:18])[H:19])([H:20])[H:21])([H:11])[C:2](=[O:1])[O:3][H:10])([H:12])[H:13])([H:14])[H:15])[H:17],28.0,1.0
20,0.056152380952380954,AM1BCC,AmberTools,,,H,,21,[H:16][C:7]1([C:6]([C:5]([C:4]([C:9]([C:8]1([H:18])[H:19])([H:20])[H:21])([H:11])[C:2](=[O:1])[O:3][H:10])([H:12])[H:13])([H:14])[H:15])[H:17],28.0,1.0
0,-0.5534700137518701,AM1BCC,OpenEye,,,O,,1,[H:16][C:7]1([C:6]([C:5]([C:4]([C:9]([C:8]1([H:18])[H:19])([H:20])[H:21])([H:11])[C:2](=[O:1])[O:3][H:10])([H:12])[H:13])([H:14])[H:15])[H:17],28.0,2.0
1,0.6323999780274573,AM1BCC,OpenEye,,,C,,2,[H:16][C:7]1([C:6]([C:5]([C:4]([C:9]([C:8]1([H:18])[H:19])([H:20])[H:21])([H:11])[C:2](=[O:1])[O:3][H:10])([H:12])[H:13])([H:14])[H:15])[H:17],28.0,2.0
2,-0.6025400144003686,AM1BCC,OpenEye,,,O,,3,[H:16][C:7]1([C:6]([C:5]([C:4]([C:9]([C:8]1([H:18])[H:19])([H:20])[H:21])([H:11])[C:2](=[O:1])[O:3][H:10])([H:12])[H:13])([H:14])[H:15])[H:17],28.0,2.0
3,-0.10475999684560866,AM1BCC,OpenEye,,,C,,4,[H:16][C:7]1([C:6]([C:5]([C:4]([C:9]([C:8]1([H:18])[H:19])([H:20])[H:21])([H:11])[C:2](=[O:1])[O:3][H:10])([H:12])[H:13])([H:14])[H:15])[H:17],28.0,2.0
4,-0.07143999458778472,AM1BCC,OpenEye,,,C,,5,[H:16][C:7]1([C:6]([C:5]([C:4]([C:9]([C:8]1([H:18])[H:19])([H:20])[H:21])([H:11])[C:2](=[O:1])[O:3][H:10])([H:12])[H:13])([H:14])[H:15])[H:17],28.0,2.0
5,-0.07707999469268889,AM1BCC,OpenEye,,,C,,6,[H:16][C:7]1([C:6]([C:5]([C:4]([C:9]([C:8]1([H:18])[H:19])([H:20])[H:21])([H:11])[C:2](=[O:1])[O:3][H:10])([H:12])[H:13])([H:14])[H:15])[H:17],28.0,2.0
6,-0.07993999691236586,AM1BCC,OpenEye,,,C,,7,[H:16][C:7]1([C:6]([C:5]([C:4]([C:9]([C:8]1([H:18])[H:19])([H:20])[H:21])([H:11])[C:2](=[O:1])[O:3][H:10])([H:12])[H:13])([H:14])[H:15])[H:17],28.0,2.0
7,-0.07707999469268889,AM1BCC,OpenEye,,,C,,8,[H:16][C:7]1([C:6]([C:5]([C:4]([C:9]([C:8]1([H:18])[H:19])([H:20])[H:21])([H:11])[C:2](=[O:1])[O:3][H:10])([H:12])[H:13])([H:14])[H:15])[H:17],28.0,2.0
8,-0.07143999458778472,AM1BCC,OpenEye,,,C,,9,[H:16][C:7]1([C:6]([C:5]([C:4]([C:9]([C:8]1([H:18])[H:19])([H:20])[H:21])([H:11])[C:2](=[O:1])[O:3][H:10])([H:12])[H:13])([H:14])[H:15])[H:17],28.0,2.0
9,0.44282001434337526,AM1BCC,OpenEye,,,H,,10,[H:16][C:7]1([C:6]([C:5]([C:4]([C:9]([C:8]1([H:18])[H:19])([H:20])[H:21])([H:11])[C:2](=[O:1])[O:3][H:10])([H:12])[H:13])([H:14])[H:15])[H:17],28.0,2.0
10,0.07897000192176729,AM1BCC,OpenEye,,,H,,11,[H:16][C:7]1([C:6]([C:5]([C:4]([C:9]([C:8]1([H:18])[H:19])([H:20])[H:21])([H:11])[C:2](=[O:1])[O:3][H:10])([H:12])[H:13])([H:14])[H:15])[H:17],28.0,2.0
11,0.05517000137340455,AM1BCC,OpenEye,,,H,,12,[H:16][C:7]1([C:6]([C:5]([C:4]([C:9]([C:8]1([H:18])[H:19])([H:20])[H:21])([H:11])[C:2](=[O:1])[O:3][H:10])([H:12])[H:13])([H:14])[H:15])[H:17],28.0,2.0
12,0.05517000137340455,AM1BCC,OpenEye,,,H,,13,[H:16][C:7]1([C:6]([C:5]([C:4]([C:9]([C:8]1([H:18])[H:19])([H:20])[H:21])([H:11])[C:2](=[O:1])[O:3][H:10])([H:12])[H:13])([H:14])[H:15])[H:17],28.0,2.0
13,0.04545000000368981,AM1BCC,OpenEye,,,H,,14,[H:16][C:7]1([C:6]([C:5]([C:4]([C:9]([C:8]1([H:18])[H:19])([H:20])[H:21])([H:11])[C:2](=[O:1])[O:3][H:10])([H:12])[H:13])([H:14])[H:15])[H:17],28.0,2.0
14,0.04545000000368981,AM1BCC,OpenEye,,,H,,15,[H:16][C:7]1([C:6]([C:5]([C:4]([C:9]([C:8]1([H:18])[H:19])([H:20])[H:21])([H:11])[C:2](=[O:1])[O:3][H:10])([H:12])[H:13])([H:14])[H:15])[H:17],28.0,2.0
15,0.040540000335091635,AM1BCC,OpenEye,,,H,,16,[H:16][C:7]1([C:6]([C:5]([C:4]([C:9]([C:8]1([H:18])[H:19])([H:20])[H:21])([H:11])[C:2](=[O:1])[O:3][H:10])([H:12])[H:13])([H:14])[H:15])[H:17],28.0,2.0
16,0.040540000335091635,AM1BCC,OpenEye,,,H,,17,[H:16][C:7]1([C:6]([C:5]([C:4]([C:9]([C:8]1([H:18])[H:19])([H:20])[H:21])([H:11])[C:2](=[O:1])[O:3][H:10])([H:12])[H:13])([H:14])[H:15])[H:17],28.0,2.0
17,0.04545000000368981,AM1BCC,OpenEye,,,H,,18,[H:16][C:7]1([C:6]([C:5]([C:4]([C:9]([C:8]1([H:18])[H:19])([H:20])[H:21])([H:11])[C:2](=[O:1])[O:3][H:10])([H:12])[H:13])([H:14])[H:15])[H:17],28.0,2.0
18,0.04545000000368981,AM1BCC,OpenEye,,,H,,19,[H:16][C:7]1([C:6]([C:5]([C:4]([C:9]([C:8]1([H:18])[H:19])([H:20])[H:21])([H:11])[C:2](=[O:1])[O:3][H:10])([H:12])[H:13])([H:14])[H:15])[H:17],28.0,2.0
19,0.05517000137340455,AM1BCC,OpenEye,,,H,,20,[H:16][C:7]1([C:6]([C:5]([C:4]([C:9]([C:8]1([H:18])[H:19])([H:20])[H:21])([H:11])[C:2](=[O:1])[O:3][H:10])([H:12])[H:13])([H:14])[H:15])[H:17],28.0,2.0
20,0.05517000137340455,AM1BCC,OpenEye,,,H,,21,[H:16][C:7]1([C:6]([C:5]([C:4]([C:9]([C:8]1([H:18])[H:19])([H:20])[H:21])([H:11])[C:2](=[O:1])[O:3][H:10])([H:12])[H:13])([H:14])[H:15])[H:17],28.0,2.0
0,-0.5510476190476191,AM1BCC,AmberTools,,,O,,1,[H:16][C:7]1([C:6]([C:5]([C:4]([C:9]([C:8]1([H:18])[H:19])([H:20])[H:21])([H:11])[C:2](=[O:1])[O:3][H:10])([H:12])[H:13])([H:14])[H:15])[H:17],28.0,2.0
1,0.6350523809523809,AM1BCC,AmberTools,,,C,,2,[H:16][C:7]1([C:6]([C:5]([C:4]([C:9]([C:8]1([H:18])[H:19])([H:20])[H:21])([H:11])[C:2](=[O:1])[O:3][H:10])([H:12])[H:13])([H:14])[H:15])[H:17],28.0,2.0
2,-0.612147619047619,AM1BCC,AmberTools,,,O,,3,[H:16][C:7]1([C:6]([C:5]([C:4]([C:9]([C:8]1([H:18])[H:19])([H:20])[H:21])([H:11])[C:2](=[O:1])[O:3][H:10])([H:12])[H:13])([H:14])[H:15])[H:17],28.0,2.0
3,-0.10174761904761905,AM1BCC,AmberTools,,,C,,4,[H:16][C:7]1([C:6]([C:5]([C:4]([C:9]([C:8]1([H:18])[H:19])([H:20])[H:21])([H:11])[C:2](=[O:1])[O:3][H:10])([H:12])[H:13])([H:14])[H:15])[H:17],28.0,2.0
4,-0.07244761904761905,AM1BCC,AmberTools,,,C,,5,[H:16][C:7]1([C:6]([C:5]([C:4]([C:9]([C:8]1([H:18])[H:19])([H:20])[H:21])([H:11])[C:2](=[O:1])[O:3][H:10])([H:12])[H:13])([H:14])[H:15])[H:17],28.0,2.0
5,-0.07544761904761904,AM1BCC,AmberTools,,,C,,6,[H:16][C:7]1([C:6]([C:5]([C:4]([C:9]([C:8]1([H:18])[H:19])([H:20])[H:21])([H:11])[C:2](=[O:1])[O:3][H:10])([H:12])[H:13])([H:14])[H:15])[H:17],28.0,2.0
6,-0.07944761904761904,AM1BCC,AmberTools,,,C,,7,[H:16][C:7]1([C:6]([C:5]([C:4]([C:9]([C:8]1([H:18])[H:19])([H:20])[H:21])([H:11])[C:2](=[O:1])[O:3][H:10])([H:12])[H:13])([H:14])[H:15])[H:17],28.0,2.0
7,-0.07544761904761904,AM1BCC,AmberTools,,,C,,8,[H:16][C:7]1([C:6]([C:5]([C:4]([C:9]([C:8]1([H:18])[H:19])([H:20])[H:21])([H:11])[C:2](=[O:1])[O:3][H:10])([H:12])[H:13])([H:14])[H:15])[H:17],28.0,2.0
8,-0.07244761904761905,AM1BCC,AmberTools,,,C,,9,[H:16][C:7]1([C:6]([C:5]([C:4]([C:9]([C:8]1([H:18])[H:19])([H:20])[H:21])([H:11])[C:2](=[O:1])[O:3][H:10])([H:12])[H:13])([H:14])[H:15])[H:17],28.0,2.0
9,0.442952380952381,AM1BCC,AmberTools,,,H,,10,[H:16][C:7]1([C:6]([C:5]([C:4]([C:9]([C:8]1([H:18])[H:19])([H:20])[H:21])([H:11])[C:2](=[O:1])[O:3][H:10])([H:12])[H:13])([H:14])[H:15])[H:17],28.0,2.0
10,0.07965238095238095,AM1BCC,AmberTools,,,H,,11,[H:16][C:7]1([C:6]([C:5]([C:4]([C:9]([C:8]1([H:18])[H:19])([H:20])[H:21])([H:11])[C:2](=[O:1])[O:3][H:10])([H:12])[H:13])([H:14])[H:15])[H:17],28.0,2.0
11,0.056152380952380954,AM1BCC,AmberTools,,,H,,12,[H:16][C:7]1([C:6]([C:5]([C:4]([C:9]([C:8]1([H:18])[H:19])([H:20])[H:21])([H:11])[C:2](=[O:1])[O:3][H:10])([H:12])[H:13])([H:14])[H:15])[H:17],28.0,2.0
12,0.056152380952380954,AM1BCC,AmberTools,,,H,,13,[H:16][C:7]1([C:6]([C:5]([C:4]([C:9]([C:8]1([H:18])[H:19])([H:20])[H:21])([H:11])[C:2](=[O:1])[O:3][H:10])([H:12])[H:13])([H:14])[H:15])[H:17],28.0,2.0
13,0.04440238095238096,AM1BCC,AmberTools,,,H,,14,[H:16][C:7]1([C:6]([C:5]([C:4]([C:9]([C:8]1([H:18])[H:19])([H:20])[H:21])([H:11])[C:2](=[O:1])[O:3][H:10])([H:12])[H:13])([H:14])[H:15])[H:17],28.0,2.0
14,0.04440238095238096,AM1BCC,AmberTools,,,H,,15,[H:16][C:7]1([C:6]([C:5]([C:4]([C:9]([C:8]1([H:18])[H:19])([H:20])[H:21])([H:11])[C:2](=[O:1])[O:3][H:10])([H:12])[H:13])([H:14])[H:15])[H:17],28.0,2.0
15,0.04015238095238095,AM1BCC,AmberTools,,,H,,16,[H:16][C:7]1([C:6]([C:5]([C:4]([C:9]([C:8]1([H:18])[H:19])([H:20])[H:21])([H:11])[C:2](=[O:1])[O:3][H:10])([H:12])[H:13])([H:14])[H:15])[H:17],28.0,2.0
16,0.04015238095238095,AM1BCC,AmberTools,,,H,,17,[H:16][C:7]1([C:6]([C:5]([C:4]([C:9]([C:8]1([H:18])[H:19])([H:20])[H:21])([H:11])[C:2](=[O:1])[O:3][H:10])([H:12])[H:13])([H:14])[H:15])[H:17],28.0,2.0
17,0.04440238095238096,AM1BCC,AmberTools,,,H,,18,[H:16][C:7]1([C:6]([C:5]([C:4]([C:9]([C:8]1([H:18])[H:19])([H:20])[H:21])([H:11])[C:2](=[O:1])[O:3][H:10])([H:12])[H:13])([H:14])[H:15])[H:17],28.0,2.0
18,0.04440238095238096,AM1BCC,AmberTools,,,H,,19,[H:16][C:7]1([C:6]([C:5]([C:4]([C:9]([C:8]1([H:18])[H:19])([H:20])[H:21])([H:11])[C:2](=[O:1])[O:3][H:10])([H:12])[H:13])([H:14])[H:15])[H:17],28.0,2.0
19,0.056152380952380954,AM1BCC,AmberTools,,,H,,20,[H:16][C:7]1([C:6]([C:5]([C:4]([C:9]([C:8]1([H:18])[H:19])([H:20])[H:21])([H:11])[C:2](=[O:1])[O:3][H:10])([H:12])[H:13])([H:14])[H:15])[H:17],28.0,2.0
20,0.056152380952380954,AM1BCC,AmberTools,,,H,,21,[H:16][C:7]1([C:6]([C:5]([C:4]([C:9]([C:8]1([H:18])[H:19])([H:20])[H:21])([H:11])[C:2](=[O:1])[O:3][H:10])([H:12])[H:13])([H:14])[H:15])[H:17],28.0,2.0
0,-0.5534700133970806,AM1BCC,OpenEye,,,O,,1,[H:16][C:7]1([C:6]([C:5]([C:4]([C:9]([C:8]1([H:18])[H:19])([H:20])[H:21])([H:11])[C:2](=[O:1])[O:3][H:10])([H:12])[H:13])([H:14])[H:15])[H:17],28.0,3.0
1,0.6323999783822468,AM1BCC,OpenEye,,,C,,2,[H:16][C:7]1([C:6]([C:5]([C:4]([C:9]([C:8]1([H:18])[H:19])([H:20])[H:21])([H:11])[C:2](=[O:1])[O:3][H:10])([H:12])[H:13])([H:14])[H:15])[H:17],28.0,3.0
2,-0.6025400140455791,AM1BCC,OpenEye,,,O,,3,[H:16][C:7]1([C:6]([C:5]([C:4]([C:9]([C:8]1([H:18])[H:19])([H:20])[H:21])([H:11])[C:2](=[O:1])[O:3][H:10])([H:12])[H:13])([H:14])[H:15])[H:17],28.0,3.0
3,-0.10475999649081912,AM1BCC,OpenEye,,,C,,4,[H:16][C:7]1([C:6]([C:5]([C:4]([C:9]([C:8]1([H:18])[H:19])([H:20])[H:21])([H:11])[C:2](=[O:1])[O:3][H:10])([H:12])[H:13])([H:14])[H:15])[H:17],28.0,3.0
4,-0.0714299955538341,AM1BCC,OpenEye,,,C,,5,[H:16][C:7]1([C:6]([C:5]([C:4]([C:9]([C:8]1([H:18])[H:19])([H:20])[H:21])([H:11])[C:2](=[O:1])[O:3][H:10])([H:12])[H:13])([H:14])[H:15])[H:17],28.0,3.0
5,-0.07707999433789935,AM1BCC,OpenEye,,,C,,6,[H:16][C:7]1([C:6]([C:5]([C:4]([C:9]([C:8]1([H:18])[H:19])([H:20])[H:21])([H:11])[C:2](=[O:1])[O:3][H:10])([H:12])[H:13])([H:14])[H:15])[H:17],28.0,3.0
6,-0.07996000136647906,AM1BCC,OpenEye,,,C,,7,[H:16][C:7]1([C:6]([C:5]([C:4]([C:9]([C:8]1([H:18])[H:19])([H:20])[H:21])([H:11])[C:2](=[O:1])[O:3][H:10])([H:12])[H:13])([H:14])[H:15])[H:17],28.0,3.0
7,-0.07707999433789935,AM1BCC,OpenEye,,,C,,8,[H:16][C:7]1([C:6]([C:5]([C:4]([C:9]([C:8]1([H:18])[H:19])([H:20])[H:21])([H:11])[C:2](=[O:1])[O:3][H:10])([H:12])[H:13])([H:14])[H:15])[H:17],28.0,3.0
8,-0.0714299955538341,AM1BCC,OpenEye,,,C,,9,[H:16][C:7]1([C:6]([C:5]([C:4]([C:9]([C:8]1([H:18])[H:19])([H:20])[H:21])([H:11])[C:2](=[O:1])[O:3][H:10])([H:12])[H:13])([H:14])[H:15])[H:17],28.0,3.0
9,0.4428200146981648,AM1BCC,OpenEye,,,H,,10,[H:16][C:7]1([C:6]([C:5]([C:4]([C:9]([C:8]1([H:18])[H:19])([H:20])[H:21])([H:11])[C:2](=[O:1])[O:3][H:10])([H:12])[H:13])([H:14])[H:15])[H:17],28.0,3.0
10,0.07897000227655683,AM1BCC,OpenEye,,,H,,11,[H:16][C:7]1([C:6]([C:5]([C:4]([C:9]([C:8]1([H:18])[H:19])([H:20])[H:21])([H:11])[C:2](=[O:1])[O:3][H:10])([H:12])[H:13])([H:14])[H:15])[H:17],28.0,3.0
11,0.0551700017281941,AM1BCC,OpenEye,,,H,,12,[H:16][C:7]1([C:6]([C:5]([C:4]([C:9]([C:8]1([H:18])[H:19])([H:20])[H:21])([H:11])[C:2](=[O:1])[O:3][H:10])([H:12])[H:13])([H:14])[H:15])[H:17],28.0,3.0
12,0.0551700017281941,AM1BCC,OpenEye,,,H,,13,[H:16][C:7]1([C:6]([C:5]([C:4]([C:9]([C:8]1([H:18])[H:19])([H:20])[H:21])([H:11])[C:2](=[O:1])[O:3][H:10])([H:12])[H:13])([H:14])[H:15])[H:17],28.0,3.0
13,0.04545000035847936,AM1BCC,OpenEye,,,H,,14,[H:16][C:7]1([C:6]([C:5]([C:4]([C:9]([C:8]1([H:18])[H:19])([H:20])[H:21])([H:11])[C:2](=[O:1])[O:3][H:10])([H:12])[H:13])([H:14])[H:15])[H:17],28.0,3.0
14,0.04545000035847936,AM1BCC,OpenEye,,,H,,15,[H:16][C:7]1([C:6]([C:5]([C:4]([C:9]([C:8]1([H:18])[H:19])([H:20])[H:21])([H:11])[C:2](=[O:1])[O:3][H:10])([H:12])[H:13])([H:14])[H:15])[H:17],28.0,3.0
15,0.04054000068988119,AM1BCC,OpenEye,,,H,,16,[H:16][C:7]1([C:6]([C:5]([C:4]([C:9]([C:8]1([H:18])[H:19])([H:20])[H:21])([H:11])[C:2](=[O:1])[O:3][H:10])([H:12])[H:13])([H:14])[H:15])[H:17],28.0,3.0
16,0.04054000068988119,AM1BCC,OpenEye,,,H,,17,[H:16][C:7]1([C:6]([C:5]([C:4]([C:9]([C:8]1([H:18])[H:19])([H:20])[H:21])([H:11])[C:2](=[O:1])[O:3][H:10])([H:12])[H:13])([H:14])[H:15])[H:17],28.0,3.0
17,0.04545000035847936,AM1BCC,OpenEye,,,H,,18,[H:16][C:7]1([C:6]([C:5]([C:4]([C:9]([C:8]1([H:18])[H:19])([H:20])[H:21])([H:11])[C:2](=[O:1])[O:3][H:10])([H:12])[H:13])([H:14])[H:15])[H:17],28.0,3.0
18,0.04545000035847936,AM1BCC,OpenEye,,,H,,19,[H:16][C:7]1([C:6]([C:5]([C:4]([C:9]([C:8]1([H:18])[H:19])([H:20])[H:21])([H:11])[C:2](=[O:1])[O:3][H:10])([H:12])[H:13])([H:14])[H:15])[H:17],28.0,3.0
19,0.0551700017281941,AM1BCC,OpenEye,,,H,,20,[H:16][C:7]1([C:6]([C:5]([C:4]([C:9]([C:8]1([H:18])[H:19])([H:20])[H:21])([H:11])[C:2](=[O:1])[O:3][H:10])([H:12])[H:13])([H:14])[H:15])[H:17],28.0,3.0
20,0.0551700017281941,AM1BCC,OpenEye,,,H,,21,[H:16][C:7]1([C:6]([C:5]([C:4]([C:9]([C:8]1([H:18])[H:19])([H:20])[H:21])([H:11])[C:2](=[O:1])[O:3][H:10])([H:12])[H:13])([H:14])[H:15])[H:17],28.0,3.0
0,-0.551,AM1BCC,AmberTools,,,O,,1,[H:16][C:7]1([C:6]([C:5]([C:4]([C:9]([C:8]1([H:18])[H:19])([H:20])[H:21])([H:11])[C:2](=[O:1])[O:3][H:10])([H:12])[H:13])([H:14])[H:15])[H:17],28.0,3.0
1,0.6351,AM1BCC,AmberTools,,,C,,2,[H:16][C:7]1([C:6]([C:5]([C:4]([C:9]([C:8]1([H:18])[H:19])([H:20])[H:21])([H:11])[C:2](=[O:1])[O:3][H:10])([H:12])[H:13])([H:14])[H:15])[H:17],28.0,3.0
2,-0.6121,AM1BCC,AmberTools,,,O,,3,[H:16][C:7]1([C:6]([C:5]([C:4]([C:9]([C:8]1([H:18])[H:19])([H:20])[H:21])([H:11])[C:2](=[O:1])[O:3][H:10])([H:12])[H:13])([H:14])[H:15])[H:17],28.0,3.0
3,-0.1017,AM1BCC,AmberTools,,,C,,4,[H:16][C:7]1([C:6]([C:5]([C:4]([C:9]([C:8]1([H:18])[H:19])([H:20])[H:21])([H:11])[C:2](=[O:1])[O:3][H:10])([H:12])[H:13])([H:14])[H:15])[H:17],28.0,3.0
4,-0.0724,AM1BCC,AmberTools,,,C,,5,[H:16][C:7]1([C:6]([C:5]([C:4]([C:9]([C:8]1([H:18])[H:19])([H:20])[H:21])([H:11])[C:2](=[O:1])[O:3][H:10])([H:12])[H:13])([H:14])[H:15])[H:17],28.0,3.0
5,-0.0759,AM1BCC,AmberTools,,,C,,6,[H:16][C:7]1([C:6]([C:5]([C:4]([C:9]([C:8]1([H:18])[H:19])([H:20])[H:21])([H:11])[C:2](=[O:1])[O:3][H:10])([H:12])[H:13])([H:14])[H:15])[H:17],28.0,3.0
6,-0.0794,AM1BCC,AmberTools,,,C,,7,[H:16][C:7]1([C:6]([C:5]([C:4]([C:9]([C:8]1([H:18])[H:19])([H:20])[H:21])([H:11])[C:2](=[O:1])[O:3][H:10])([H:12])[H:13])([H:14])[H:15])[H:17],28.0,3.0
7,-0.0759,AM1BCC,AmberTools,,,C,,8,[H:16][C:7]1([C:6]([C:5]([C:4]([C:9]([C:8]1([H:18])[H:19])([H:20])[H:21])([H:11])[C:2](=[O:1])[O:3][H:10])([H:12])[H:13])([H:14])[H:15])[H:17],28.0,3.0
8,-0.0724,AM1BCC,AmberTools,,,C,,9,[H:16][C:7]1([C:6]([C:5]([C:4]([C:9]([C:8]1([H:18])[H:19])([H:20])[H:21])([H:11])[C:2](=[O:1])[O:3][H:10])([H:12])[H:13])([H:14])[H:15])[H:17],28.0,3.0
9,0.443,AM1BCC,AmberTools,,,H,,10,[H:16][C:7]1([C:6]([C:5]([C:4]([C:9]([C:8]1([H:18])[H:19])([H:20])[H:21])([H:11])[C:2](=[O:1])[O:3][H:10])([H:12])[H:13])([H:14])[H:15])[H:17],28.0,3.0
10,0.0797,AM1BCC,AmberTools,,,H,,11,[H:16][C:7]1([C:6]([C:5]([C:4]([C:9]([C:8]1([H:18])[H:19])([H:20])[H:21])([H:11])[C:2](=[O:1])[O:3][H:10])([H:12])[H:13])([H:14])[H:15])[H:17],28.0,3.0
11,0.0562,AM1BCC,AmberTools,,,H,,12,[H:16][C:7]1([C:6]([C:5]([C:4]([C:9]([C:8]1([H:18])[H:19])([H:20])[H:21])([H:11])[C:2](=[O:1])[O:3][H:10])([H:12])[H:13])([H:14])[H:15])[H:17],28.0,3.0
12,0.0562,AM1BCC,AmberTools,,,H,,13,[H:16][C:7]1([C:6]([C:5]([C:4]([C:9]([C:8]1([H:18])[H:19])([H:20])[H:21])([H:11])[C:2](=[O:1])[O:3][H:10])([H:12])[H:13])([H:14])[H:15])[H:17],28.0,3.0
13,0.04445,AM1BCC,AmberTools,,,H,,14,[H:16][C:7]1([C:6]([C:5]([C:4]([C:9]([C:8]1([H:18])[H:19])([H:20])[H:21])([H:11])[C:2](=[O:1])[O:3][H:10])([H:12])[H:13])([H:14])[H:15])[H:17],28.0,3.0
14,0.04445,AM1BCC,AmberTools,,,H,,15,[H:16][C:7]1([C:6]([C:5]([C:4]([C:9]([C:8]1([H:18])[H:19])([H:20])[H:21])([H:11])[C:2](=[O:1])[O:3][H:10])([H:12])[H:13])([H:14])[H:15])[H:17],28.0,3.0
15,0.0402,AM1BCC,AmberTools,,,H,,16,[H:16][C:7]1([C:6]([C:5]([C:4]([C:9]([C:8]1([H:18])[H:19])([H:20])[H:21])([H:11])[C:2](=[O:1])[O:3][H:10])([H:12])[H:13])([H:14])[H:15])[H:17],28.0,3.0
16,0.0402,AM1BCC,AmberTools,,,H,,17,[H:16][C:7]1([C:6]([C:5]([C:4]([C:9]([C:8]1([H:18])[H:19])([H:20])[H:21])([H:11])[C:2](=[O:1])[O:3][H:10])([H:12])[H:13])([H:14])[H:15])[H:17],28.0,3.0
17,0.04445,AM1BCC,AmberTools,,,H,,18,[H:16][C:7]1([C:6]([C:5]([C:4]([C:9]([C:8]1([H:18])[H:19])([H:20])[H:21])([H:11])[C:2](=[O:1])[O:3][H:10])([H:12])[H:13])([H:14])[H:15])[H:17],28.0,3.0
18,0.04445,AM1BCC,AmberTools,,,H,,19,[H:16][C:7]1([C:6]([C:5]([C:4]([C:9]([C:8]1([H:18])[H:19])([H:20])[H:21])([H:11])[C:2](=[O:1])[O:3][H:10])([H:12])[H:13])([H:14])[H:15])[H:17],28.0,3.0
19,0.0562,AM1BCC,AmberTools,,,H,,20,[H:16][C:7]1([C:6]([C:5]([C:4]([C:9]([C:8]1([H:18])[H:19])([H:20])[H:21])([H:11])[C:2](=[O:1])[O:3][H:10])([H:12])[H:13])([H:14])[H:15])[H:17],28.0,3.0
20,0.0562,AM1BCC,AmberTools,,,H,,21,[H:16][C:7]1([C:6]([C:5]([C:4]([C:9]([C:8]1([H:18])[H:19])([H:20])[H:21])([H:11])[C:2](=[O:1])[O:3][H:10])([H:12])[H:13])([H:14])[H:15])[H:17],28.0,3.0
0,-0.5534700137518701,AM1BCC,OpenEye,,,O,,1,[H:16][C:7]1([C:6]([C:5]([C:4]([C:9]([C:8]1([H:18])[H:19])([H:20])[H:21])([H:11])[C:2](=[O:1])[O:3][H:10])([H:12])[H:13])([H:14])[H:15])[H:17],28.0,4.0
1,0.6323999780274573,AM1BCC,OpenEye,,,C,,2,[H:16][C:7]1([C:6]([C:5]([C:4]([C:9]([C:8]1([H:18])[H:19])([H:20])[H:21])([H:11])[C:2](=[O:1])[O:3][H:10])([H:12])[H:13])([H:14])[H:15])[H:17],28.0,4.0
2,-0.6025400144003686,AM1BCC,OpenEye,,,O,,3,[H:16][C:7]1([C:6]([C:5]([C:4]([C:9]([C:8]1([H:18])[H:19])([H:20])[H:21])([H:11])[C:2](=[O:1])[O:3][H:10])([H:12])[H:13])([H:14])[H:15])[H:17],28.0,4.0
3,-0.10475999684560866,AM1BCC,OpenEye,,,C,,4,[H:16][C:7]1([C:6]([C:5]([C:4]([C:9]([C:8]1([H:18])[H:19])([H:20])[H:21])([H:11])[C:2](=[O:1])[O:3][H:10])([H:12])[H:13])([H:14])[H:15])[H:17],28.0,4.0
4,-0.07143999458778472,AM1BCC,OpenEye,,,C,,5,[H:16][C:7]1([C:6]([C:5]([C:4]([C:9]([C:8]1([H:18])[H:19])([H:20])[H:21])([H:11])[C:2](=[O:1])[O:3][H:10])([H:12])[H:13])([H:14])[H:15])[H:17],28.0,4.0
5,-0.07707999469268889,AM1BCC,OpenEye,,,C,,6,[H:16][C:7]1([C:6]([C:5]([C:4]([C:9]([C:8]1([H:18])[H:19])([H:20])[H:21])([H:11])[C:2](=[O:1])[O:3][H:10])([H:12])[H:13])([H:14])[H:15])[H:17],28.0,4.0
6,-0.07993999691236586,AM1BCC,OpenEye,,,C,,7,[H:16][C:7]1([C:6]([C:5]([C:4]([C:9]([C:8]1([H:18])[H:19])([H:20])[H:21])([H:11])[C:2](=[O:1])[O:3][H:10])([H:12])[H:13])([H:14])[H:15])[H:17],28.0,4.0
7,-0.07707999469268889,AM1BCC,OpenEye,,,C,,8,[H:16][C:7]1([C:6]([C:5]([C:4]([C:9]([C:8]1([H:18])[H:19])([H:20])[H:21])([H:11])[C:2](=[O:1])[O:3][H:10])([H:12])[H:13])([H:14])[H:15])[H:17],28.0,4.0
8,-0.07143999458778472,AM1BCC,OpenEye,,,C,,9,[H:16][C:7]1([C:6]([C:5]([C:4]([C:9]([C:8]1([H:18])[H:19])([H:20])[H:21])([H:11])[C:2](=[O:1])[O:3][H:10])([H:12])[H:13])([H:14])[H:15])[H:17],28.0,4.0
9,0.44282001434337526,AM1BCC,OpenEye,,,H,,10,[H:16][C:7]1([C:6]([C:5]([C:4]([C:9]([C:8]1([H:18])[H:19])([H:20])[H:21])([H:11])[C:2](=[O:1])[O:3][H:10])([H:12])[H:13])([H:14])[H:15])[H:17],28.0,4.0
10,0.07897000192176729,AM1BCC,OpenEye,,,H,,11,[H:16][C:7]1([C:6]([C:5]([C:4]([C:9]([C:8]1([H:18])[H:19])([H:20])[H:21])([H:11])[C:2](=[O:1])[O:3][H:10])([H:12])[H:13])([H:14])[H:15])[H:17],28.0,4.0
11,0.05517000137340455,AM1BCC,OpenEye,,,H,,12,[H:16][C:7]1([C:6]([C:5]([C:4]([C:9]([C:8]1([H:18])[H:19])([H:20])[H:21])([H:11])[C:2](=[O:1])[O:3][H:10])([H:12])[H:13])([H:14])[H:15])[H:17],28.0,4.0
12,0.05517000137340455,AM1BCC,OpenEye,,,H,,13,[H:16][C:7]1([C:6]([C:5]([C:4]([C:9]([C:8]1([H:18])[H:19])([H:20])[H:21])([H:11])[C:2](=[O:1])[O:3][H:10])([H:12])[H:13])([H:14])[H:15])[H:17],28.0,4.0
13,0.04545000000368981,AM1BCC,OpenEye,,,H,,14,[H:16][C:7]1([C:6]([C:5]([C:4]([C:9]([C:8]1([H:18])[H:19])([H:20])[H:21])([H:11])[C:2](=[O:1])[O:3][H:10])([H:12])[H:13])([H:14])[H:15])[H:17],28.0,4.0
14,0.04545000000368981,AM1BCC,OpenEye,,,H,,15,[H:16][C:7]1([C:6]([C:5]([C:4]([C:9]([C:8]1([H:18])[H:19])([H:20])[H:21])([H:11])[C:2](=[O:1])[O:3][H:10])([H:12])[H:13])([H:14])[H:15])[H:17],28.0,4.0
15,0.040540000335091635,AM1BCC,OpenEye,,,H,,16,[H:16][C:7]1([C:6]([C:5]([C:4]([C:9]([C:8]1([H:18])[H:19])([H:20])[H:21])([H:11])[C:2](=[O:1])[O:3][H:10])([H:12])[H:13])([H:14])[H:15])[H:17],28.0,4.0
16,0.040540000335091635,AM1BCC,OpenEye,,,H,,17,[H:16][C:7]1([C:6]([C:5]([C:4]([C:9]([C:8]1([H:18])[H:19])([H:20])[H:21])([H:11])[C:2](=[O:1])[O:3][H:10])([H:12])[H:13])([H:14])[H:15])[H:17],28.0,4.0
17,0.04545000000368981,AM1BCC,OpenEye,,,H,,18,[H:16][C:7]1([C:6]([C:5]([C:4]([C:9]([C:8]1([H:18])[H:19])([H:20])[H:21])([H:11])[C:2](=[O:1])[O:3][H:10])([H:12])[H:13])([H:14])[H:15])[H:17],28.0,4.0
18,0.04545000000368981,AM1BCC,OpenEye,,,H,,19,[H:16][C:7]1([C:6]([C:5]([C:4]([C:9]([C:8]1([H:18])[H:19])([H:20])[H:21])([H:11])[C:2](=[O:1])[O:3][H:10])([H:12])[H:13])([H:14])[H:15])[H:17],28.0,4.0
19,0.05517000137340455,AM1BCC,OpenEye,,,H,,20,[H:16][C:7]1([C:6]([C:5]([C:4]([C:9]([C:8]1([H:18])[H:19])([H:20])[H:21])([H:11])[C:2](=[O:1])[O:3][H:10])([H:12])[H:13])([H:14])[H:15])[H:17],28.0,4.0
20,0.05517000137340455,AM1BCC,OpenEye,,,H,,21,[H:16][C:7]1([C:6]([C:5]([C:4]([C:9]([C:8]1([H:18])[H:19])([H:20])[H:21])([H:11])[C:2](=[O:1])[O:3][H:10])([H:12])[H:13])([H:14])[H:15])[H:17],28.0,4.0
0,-0.5510476190476191,AM1BCC,AmberTools,,,O,,1,[H:16][C:7]1([C:6]([C:5]([C:4]([C:9]([C:8]1([H:18])[H:19])([H:20])[H:21])([H:11])[C:2](=[O:1])[O:3][H:10])([H:12])[H:13])([H:14])[H:15])[H:17],28.0,4.0
1,0.6350523809523809,AM1BCC,AmberTools,,,C,,2,[H:16][C:7]1([C:6]([C:5]([C:4]([C:9]([C:8]1([H:18])[H:19])([H:20])[H:21])([H:11])[C:2](=[O:1])[O:3][H:10])([H:12])[H:13])([H:14])[H:15])[H:17],28.0,4.0
2,-0.612147619047619,AM1BCC,AmberTools,,,O,,3,[H:16][C:7]1([C:6]([C:5]([C:4]([C:9]([C:8]1([H:18])[H:19])([H:20])[H:21])([H:11])[C:2](=[O:1])[O:3][H:10])([H:12])[H:13])([H:14])[H:15])[H:17],28.0,4.0
3,-0.10174761904761905,AM1BCC,AmberTools,,,C,,4,[H:16][C:7]1([C:6]([C:5]([C:4]([C:9]([C:8]1([H:18])[H:19])([H:20])[H:21])([H:11])[C:2](=[O:1])[O:3][H:10])([H:12])[H:13])([H:14])[H:15])[H:17],28.0,4.0
4,-0.07244761904761905,AM1BCC,AmberTools,,,C,,5,[H:16][C:7]1([C:6]([C:5]([C:4]([C:9]([C:8]1([H:18])[H:19])([H:20])[H:21])([H:11])[C:2](=[O:1])[O:3][H:10])([H:12])[H:13])([H:14])[H:15])[H:17],28.0,4.0
5,-0.07544761904761904,AM1BCC,AmberTools,,,C,,6,[H:16][C:7]1([C:6]([C:5]([C:4]([C:9]([C:8]1([H:18])[H:19])([H:20])[H:21])([H:11])[C:2](=[O:1])[O:3][H:10])([H:12])[H:13])([H:14])[H:15])[H:17],28.0,4.0
6,-0.07944761904761904,AM1BCC,AmberTools,,,C,,7,[H:16][C:7]1([C:6]([C:5]([C:4]([C:9]([C:8]1([H:18])[H:19])([H:20])[H:21])([H:11])[C:2](=[O:1])[O:3][H:10])([H:12])[H:13])([H:14])[H:15])[H:17],28.0,4.0
7,-0.07544761904761904,AM1BCC,AmberTools,,,C,,8,[H:16][C:7]1([C:6]([C:5]([C:4]([C:9]([C:8]1([H:18])[H:19])([H:20])[H:21])([H:11])[C:2](=[O:1])[O:3][H:10])([H:12])[H:13])([H:14])[H:15])[H:17],28.0,4.0
8,-0.07244761904761905,AM1BCC,AmberTools,,,C,,9,[H:16][C:7]1([C:6]([C:5]([C:4]([C:9]([C:8]1([H:18])[H:19])([H:20])[H:21])([H:11])[C:2](=[O:1])[O:3][H:10])([H:12])[H:13])([H:14])[H:15])[H:17],28.0,4.0
9,0.442952380952381,AM1BCC,AmberTools,,,H,,10,[H:16][C:7]1([C:6]([C:5]([C:4]([C:9]([C:8]1([H:18])[H:19])([H:20])[H:21])([H:11])[C:2](=[O:1])[O:3][H:10])([H:12])[H:13])([H:14])[H:15])[H:17],28.0,4.0
10,0.07965238095238095,AM1BCC,AmberTools,,,H,,11,[H:16][C:7]1([C:6]([C:5]([C:4]([C:9]([C:8]1([H:18])[H:19])([H:20])[H:21])([H:11])[C:2](=[O:1])[O:3][H:10])([H:12])[H:13])([H:14])[H:15])[H:17],28.0,4.0
11,0.056152380952380954,AM1BCC,AmberTools,,,H,,12,[H:16][C:7]1([C:6]([C:5]([C:4]([C:9]([C:8]1([H:18])[H:19])([H:20])[H:21])([H:11])[C:2](=[O:1])[O:3][H:10])([H:12])[H:13])([H:14])[H:15])[H:17],28.0,4.0
12,0.056152380952380954,AM1BCC,AmberTools,,,H,,13,[H:16][C:7]1([C:6]([C:5]([C:4]([C:9]([C:8]1([H:18])[H:19])([H:20])[H:21])([H:11])[C:2](=[O:1])[O:3][H:10])([H:12])[H:13])([H:14])[H:15])[H:17],28.0,4.0
13,0.04440238095238096,AM1BCC,AmberTools,,,H,,14,[H:16][C:7]1([C:6]([C:5]([C:4]([C:9]([C:8]1([H:18])[H:19])([H:20])[H:21])([H:11])[C:2](=[O:1])[O:3][H:10])([H:12])[H:13])([H:14])[H:15])[H:17],28.0,4.0
14,0.04440238095238096,AM1BCC,AmberTools,,,H,,15,[H:16][C:7]1([C:6]([C:5]([C:4]([C:9]([C:8]1([H:18])[H:19])([H:20])[H:21])([H:11])[C:2](=[O:1])[O:3][H:10])([H:12])[H:13])([H:14])[H:15])[H:17],28.0,4.0
15,0.04015238095238095,AM1BCC,AmberTools,,,H,,16,[H:16][C:7]1([C:6]([C:5]([C:4]([C:9]([C:8]1([H:18])[H:19])([H:20])[H:21])([H:11])[C:2](=[O:1])[O:3][H:10])([H:12])[H:13])([H:14])[H:15])[H:17],28.0,4.0
16,0.04015238095238095,AM1BCC,AmberTools,,,H,,17,[H:16][C:7]1([C:6]([C:5]([C:4]([C:9]([C:8]1([H:18])[H:19])([H:20])[H:21])([H:11])[C:2](=[O:1])[O:3][H:10])([H:12])[H:13])([H:14])[H:15])[H:17],28.0,4.0
17,0.04440238095238096,AM1BCC,AmberTools,,,H,,18,[H:16][C:7]1([C:6]([C:5]([C:4]([C:9]([C:8]1([H:18])[H:19])([H:20])[H:21])([H:11])[C:2](=[O:1])[O:3][H:10])([H:12])[H:13])([H:14])[H:15])[H:17],28.0,4.0
18,0.04440238095238096,AM1BCC,AmberTools,,,H,,19,[H:16][C:7]1([C:6]([C:5]([C:4]([C:9]([C:8]1([H:18])[H:19])([H:20])[H:21])([H:11])[C:2](=[O:1])[O:3][H:10])([H:12])[H:13])([H:14])[H:15])[H:17],28.0,4.0
19,0.056152380952380954,AM1BCC,AmberTools,,,H,,20,[H:16][C:7]1([C:6]([C:5]([C:4]([C:9]([C:8]1([H:18])[H:19])([H:20])[H:21])([H:11])[C:2](=[O:1])[O:3][H:10])([H:12])[H:13])([H:14])[H:15])[H:17],28.0,4.0
20,0.056152380952380954,AM1BCC,AmberTools,,,H,,21,[H:16][C:7]1([C:6]([C:5]([C:4]([C:9]([C:8]1([H:18])[H:19])([H:20])[H:21])([H:11])[C:2](=[O:1])[O:3][H:10])([H:12])[H:13])([H:14])[H:15])[H:17],28.0,4.0
0,-0.5534700133970806,AM1BCC,OpenEye,,,O,,1,[H:16][C:7]1([C:6]([C:5]([C:4]([C:9]([C:8]1([H:18])[H:19])([H:20])[H:21])([H:11])[C:2](=[O:1])[O:3][H:10])([H:12])[H:13])([H:14])[H:15])[H:17],28.0,5.0
1,0.6323999783822468,AM1BCC,OpenEye,,,C,,2,[H:16][C:7]1([C:6]([C:5]([C:4]([C:9]([C:8]1([H:18])[H:19])([H:20])[H:21])([H:11])[C:2](=[O:1])[O:3][H:10])([H:12])[H:13])([H:14])[H:15])[H:17],28.0,5.0
2,-0.6025400140455791,AM1BCC,OpenEye,,,O,,3,[H:16][C:7]1([C:6]([C:5]([C:4]([C:9]([C:8]1([H:18])[H:19])([H:20])[H:21])([H:11])[C:2](=[O:1])[O:3][H:10])([H:12])[H:13])([H:14])[H:15])[H:17],28.0,5.0
3,-0.10475999649081912,AM1BCC,OpenEye,,,C,,4,[H:16][C:7]1([C:6]([C:5]([C:4]([C:9]([C:8]1([H:18])[H:19])([H:20])[H:21])([H:11])[C:2](=[O:1])[O:3][H:10])([H:12])[H:13])([H:14])[H:15])[H:17],28.0,5.0
4,-0.0714299955538341,AM1BCC,OpenEye,,,C,,5,[H:16][C:7]1([C:6]([C:5]([C:4]([C:9]([C:8]1([H:18])[H:19])([H:20])[H:21])([H:11])[C:2](=[O:1])[O:3][H:10])([H:12])[H:13])([H:14])[H:15])[H:17],28.0,5.0
5,-0.07707999433789935,AM1BCC,OpenEye,,,C,,6,[H:16][C:7]1([C:6]([C:5]([C:4]([C:9]([C:8]1([H:18])[H:19])([H:20])[H:21])([H:11])[C:2](=[O:1])[O:3][H:10])([H:12])[H:13])([H:14])[H:15])[H:17],28.0,5.0
6,-0.07996000136647906,AM1BCC,OpenEye,,,C,,7,[H:16][C:7]1([C:6]([C:5]([C:4]([C:9]([C:8]1([H:18])[H:19])([H:20])[H:21])([H:11])[C:2](=[O:1])[O:3][H:10])([H:12])[H:13])([H:14])[H:15])[H:17],28.0,5.0
7,-0.07707999433789935,AM1BCC,OpenEye,,,C,,8,[H:16][C:7]1([C:6]([C:5]([C:4]([C:9]([C:8]1([H:18])[H:19])([H:20])[H:21])([H:11])[C:2](=[O:1])[O:3][H:10])([H:12])[H:13])([H:14])[H:15])[H:17],28.0,5.0
8,-0.0714299955538341,AM1BCC,OpenEye,,,C,,9,[H:16][C:7]1([C:6]([C:5]([C:4]([C:9]([C:8]1([H:18])[H:19])([H:20])[H:21])([H:11])[C:2](=[O:1])[O:3][H:10])([H:12])[H:13])([H:14])[H:15])[H:17],28.0,5.0
9,0.4428200146981648,AM1BCC,OpenEye,,,H,,10,[H:16][C:7]1([C:6]([C:5]([C:4]([C:9]([C:8]1([H:18])[H:19])([H:20])[H:21])([H:11])[C:2](=[O:1])[O:3][H:10])([H:12])[H:13])([H:14])[H:15])[H:17],28.0,5.0
10,0.07897000227655683,AM1BCC,OpenEye,,,H,,11,[H:16][C:7]1([C:6]([C:5]([C:4]([C:9]([C:8]1([H:18])[H:19])([H:20])[H:21])([H:11])[C:2](=[O:1])[O:3][H:10])([H:12])[H:13])([H:14])[H:15])[H:17],28.0,5.0
11,0.0551700017281941,AM1BCC,OpenEye,,,H,,12,[H:16][C:7]1([C:6]([C:5]([C:4]([C:9]([C:8]1([H:18])[H:19])([H:20])[H:21])([H:11])[C:2](=[O:1])[O:3][H:10])([H:12])[H:13])([H:14])[H:15])[H:17],28.0,5.0
12,0.0551700017281941,AM1BCC,OpenEye,,,H,,13,[H:16][C:7]1([C:6]([C:5]([C:4]([C:9]([C:8]1([H:18])[H:19])([H:20])[H:21])([H:11])[C:2](=[O:1])[O:3][H:10])([H:12])[H:13])([H:14])[H:15])[H:17],28.0,5.0
13,0.04545000035847936,AM1BCC,OpenEye,,,H,,14,[H:16][C:7]1([C:6]([C:5]([C:4]([C:9]([C:8]1([H:18])[H:19])([H:20])[H:21])([H:11])[C:2](=[O:1])[O:3][H:10])([H:12])[H:13])([H:14])[H:15])[H:17],28.0,5.0
14,0.04545000035847936,AM1BCC,OpenEye,,,H,,15,[H:16][C:7]1([C:6]([C:5]([C:4]([C:9]([C:8]1([H:18])[H:19])([H:20])[H:21])([H:11])[C:2](=[O:1])[O:3][H:10])([H:12])[H:13])([H:14])[H:15])[H:17],28.0,5.0
15,0.04054000068988119,AM1BCC,OpenEye,,,H,,16,[H:16][C:7]1([C:6]([C:5]([C:4]([C:9]([C:8]1([H:18])[H:19])([H:20])[H:21])([H:11])[C:2](=[O:1])[O:3][H:10])([H:12])[H:13])([H:14])[H:15])[H:17],28.0,5.0
16,0.04054000068988119,AM1BCC,OpenEye,,,H,,17,[H:16][C:7]1([C:6]([C:5]([C:4]([C:9]([C:8]1([H:18])[H:19])([H:20])[H:21])([H:11])[C:2](=[O:1])[O:3][H:10])([H:12])[H:13])([H:14])[H:15])[H:17],28.0,5.0
17,0.04545000035847936,AM1BCC,OpenEye,,,H,,18,[H:16][C:7]1([C:6]([C:5]([C:4]([C:9]([C:8]1([H:18])[H:19])([H:20])[H:21])([H:11])[C:2](=[O:1])[O:3][H:10])([H:12])[H:13])([H:14])[H:15])[H:17],28.0,5.0
18,0.04545000035847936,AM1BCC,OpenEye,,,H,,19,[H:16][C:7]1([C:6]([C:5]([C:4]([C:9]([C:8]1([H:18])[H:19])([H:20])[H:21])([H:11])[C:2](=[O:1])[O:3][H:10])([H:12])[H:13])([H:14])[H:15])[H:17],28.0,5.0
19,0.0551700017281941,AM1BCC,OpenEye,,,H,,20,[H:16][C:7]1([C:6]([C:5]([C:4]([C:9]([C:8]1([H:18])[H:19])([H:20])[H:21])([H:11])[C:2](=[O:1])[O:3][H:10])([H:12])[H:13])([H:14])[H:15])[H:17],28.0,5.0
20,0.0551700017281941,AM1BCC,OpenEye,,,H,,21,[H:16][C:7]1([C:6]([C:5]([C:4]([C:9]([C:8]1([H:18])[H:19])([H:20])[H:21])([H:11])[C:2](=[O:1])[O:3][H:10])([H:12])[H:13])([H:14])[H:15])[H:17],28.0,5.0
0,-0.551,AM1BCC,AmberTools,,,O,,1,[H:16][C:7]1([C:6]([C:5]([C:4]([C:9]([C:8]1([H:18])[H:19])([H:20])[H:21])([H:11])[C:2](=[O:1])[O:3][H:10])([H:12])[H:13])([H:14])[H:15])[H:17],28.0,5.0
1,0.6351,AM1BCC,AmberTools,,,C,,2,[H:16][C:7]1([C:6]([C:5]([C:4]([C:9]([C:8]1([H:18])[H:19])([H:20])[H:21])([H:11])[C:2](=[O:1])[O:3][H:10])([H:12])[H:13])([H:14])[H:15])[H:17],28.0,5.0
2,-0.6121,AM1BCC,AmberTools,,,O,,3,[H:16][C:7]1([C:6]([C:5]([C:4]([C:9]([C:8]1([H:18])[H:19])([H:20])[H:21])([H:11])[C:2](=[O:1])[O:3][H:10])([H:12])[H:13])([H:14])[H:15])[H:17],28.0,5.0
3,-0.1017,AM1BCC,AmberTools,,,C,,4,[H:16][C:7]1([C:6]([C:5]([C:4]([C:9]([C:8]1([H:18])[H:19])([H:20])[H:21])([H:11])[C:2](=[O:1])[O:3][H:10])([H:12])[H:13])([H:14])[H:15])[H:17],28.0,5.0
4,-0.0724,AM1BCC,AmberTools,,,C,,5,[H:16][C:7]1([C:6]([C:5]([C:4]([C:9]([C:8]1([H:18])[H:19])([H:20])[H:21])([H:11])[C:2](=[O:1])[O:3][H:10])([H:12])[H:13])([H:14])[H:15])[H:17],28.0,5.0
5,-0.0759,AM1BCC,AmberTools,,,C,,6,[H:16][C:7]1([C:6]([C:5]([C:4]([C:9]([C:8]1([H:18])[H:19])([H:20])[H:21])([H:11])[C:2](=[O:1])[O:3][H:10])([H:12])[H:13])([H:14])[H:15])[H:17],28.0,5.0
6,-0.0794,AM1BCC,AmberTools,,,C,,7,[H:16][C:7]1([C:6]([C:5]([C:4]([C:9]([C:8]1([H:18])[H:19])([H:20])[H:21])([H:11])[C:2](=[O:1])[O:3][H:10])([H:12])[H:13])([H:14])[H:15])[H:17],28.0,5.0
7,-0.0759,AM1BCC,AmberTools,,,C,,8,[H:16][C:7]1([C:6]([C:5]([C:4]([C:9]([C:8]1([H:18])[H:19])([H:20])[H:21])([H:11])[C:2](=[O:1])[O:3][H:10])([H:12])[H:13])([H:14])[H:15])[H:17],28.0,5.0
8,-0.0724,AM1BCC,AmberTools,,,C,,9,[H:16][C:7]1([C:6]([C:5]([C:4]([C:9]([C:8]1([H:18])[H:19])([H:20])[H:21])([H:11])[C:2](=[O:1])[O:3][H:10])([H:12])[H:13])([H:14])[H:15])[H:17],28.0,5.0
9,0.443,AM1BCC,AmberTools,,,H,,10,[H:16][C:7]1([C:6]([C:5]([C:4]([C:9]([C:8]1([H:18])[H:19])([H:20])[H:21])([H:11])[C:2](=[O:1])[O:3][H:10])([H:12])[H:13])([H:14])[H:15])[H:17],28.0,5.0
10,0.0797,AM1BCC,AmberTools,,,H,,11,[H:16][C:7]1([C:6]([C:5]([C:4]([C:9]([C:8]1([H:18])[H:19])([H:20])[H:21])([H:11])[C:2](=[O:1])[O:3][H:10])([H:12])[H:13])([H:14])[H:15])[H:17],28.0,5.0
11,0.0562,AM1BCC,AmberTools,,,H,,12,[H:16][C:7]1([C:6]([C:5]([C:4]([C:9]([C:8]1([H:18])[H:19])([H:20])[H:21])([H:11])[C:2](=[O:1])[O:3][H:10])([H:12])[H:13])([H:14])[H:15])[H:17],28.0,5.0
12,0.0562,AM1BCC,AmberTools,,,H,,13,[H:16][C:7]1([C:6]([C:5]([C:4]([C:9]([C:8]1([H:18])[H:19])([H:20])[H:21])([H:11])[C:2](=[O:1])[O:3][H:10])([H:12])[H:13])([H:14])[H:15])[H:17],28.0,5.0
13,0.04445,AM1BCC,AmberTools,,,H,,14,[H:16][C:7]1([C:6]([C:5]([C:4]([C:9]([C:8]1([H:18])[H:19])([H:20])[H:21])([H:11])[C:2](=[O:1])[O:3][H:10])([H:12])[H:13])([H:14])[H:15])[H:17],28.0,5.0
14,0.04445,AM1BCC,AmberTools,,,H,,15,[H:16][C:7]1([C:6]([C:5]([C:4]([C:9]([C:8]1([H:18])[H:19])([H:20])[H:21])([H:11])[C:2](=[O:1])[O:3][H:10])([H:12])[H:13])([H:14])[H:15])[H:17],28.0,5.0
15,0.0402,AM1BCC,AmberTools,,,H,,16,[H:16][C:7]1([C:6]([C:5]([C:4]([C:9]([C:8]1([H:18])[H:19])([H:20])[H:21])([H:11])[C:2](=[O:1])[O:3][H:10])([H:12])[H:13])([H:14])[H:15])[H:17],28.0,5.0
16,0.0402,AM1BCC,AmberTools,,,H,,17,[H:16][C:7]1([C:6]([C:5]([C:4]([C:9]([C:8]1([H:18])[H:19])([H:20])[H:21])([H:11])[C:2](=[O:1])[O:3][H:10])([H:12])[H:13])([H:14])[H:15])[H:17],28.0,5.0
17,0.04445,AM1BCC,AmberTools,,,H,,18,[H:16][C:7]1([C:6]([C:5]([C:4]([C:9]([C:8]1([H:18])[H:19])([H:20])[H:21])([H:11])[C:2](=[O:1])[O:3][H:10])([H:12])[H:13])([H:14])[H:15])[H:17],28.0,5.0
18,0.04445,AM1BCC,AmberTools,,,H,,19,[H:16][C:7]1([C:6]([C:5]([C:4]([C:9]([C:8]1([H:18])[H:19])([H:20])[H:21])([H:11])[C:2](=[O:1])[O:3][H:10])([H:12])[H:13])([H:14])[H:15])[H:17],28.0,5.0
19,0.0562,AM1BCC,AmberTools,,,H,,20,[H:16][C:7]1([C:6]([C:5]([C:4]([C:9]([C:8]1([H:18])[H:19])([H:20])[H:21])([H:11])[C:2](=[O:1])[O:3][H:10])([H:12])[H:13])([H:14])[H:15])[H:17],28.0,5.0
20,0.0562,AM1BCC,AmberTools,,,H,,21,[H:16][C:7]1([C:6]([C:5]([C:4]([C:9]([C:8]1([H:18])[H:19])([H:20])[H:21])([H:11])[C:2](=[O:1])[O:3][H:10])([H:12])[H:13])([H:14])[H:15])[H:17],28.0,5.0
0,-0.5534700137518701,AM1BCC,OpenEye,,,O,,1,[H:16][C:7]1([C:6]([C:5]([C:4]([C:9]([C:8]1([H:18])[H:19])([H:20])[H:21])([H:11])[C:2](=[O:1])[O:3][H:10])([H:12])[H:13])([H:14])[H:15])[H:17],28.0,6.0
1,0.6323999780274573,AM1BCC,OpenEye,,,C,,2,[H:16][C:7]1([C:6]([C:5]([C:4]([C:9]([C:8]1([H:18])[H:19])([H:20])[H:21])([H:11])[C:2](=[O:1])[O:3][H:10])([H:12])[H:13])([H:14])[H:15])[H:17],28.0,6.0
2,-0.6025400144003686,AM1BCC,OpenEye,,,O,,3,[H:16][C:7]1([C:6]([C:5]([C:4]([C:9]([C:8]1([H:18])[H:19])([H:20])[H:21])([H:11])[C:2](=[O:1])[O:3][H:10])([H:12])[H:13])([H:14])[H:15])[H:17],28.0,6.0
3,-0.10475999684560866,AM1BCC,OpenEye,,,C,,4,[H:16][C:7]1([C:6]([C:5]([C:4]([C:9]([C:8]1([H:18])[H:19])([H:20])[H:21])([H:11])[C:2](=[O:1])[O:3][H:10])([H:12])[H:13])([H:14])[H:15])[H:17],28.0,6.0
4,-0.07143999458778472,AM1BCC,OpenEye,,,C,,5,[H:16][C:7]1([C:6]([C:5]([C:4]([C:9]([C:8]1([H:18])[H:19])([H:20])[H:21])([H:11])[C:2](=[O:1])[O:3][H:10])([H:12])[H:13])([H:14])[H:15])[H:17],28.0,6.0
5,-0.07707999469268889,AM1BCC,OpenEye,,,C,,6,[H:16][C:7]1([C:6]([C:5]([C:4]([C:9]([C:8]1([H:18])[H:19])([H:20])[H:21])([H:11])[C:2](=[O:1])[O:3][H:10])([H:12])[H:13])([H:14])[H:15])[H:17],28.0,6.0
6,-0.07993999691236586,AM1BCC,OpenEye,,,C,,7,[H:16][C:7]1([C:6]([C:5]([C:4]([C:9]([C:8]1([H:18])[H:19])([H:20])[H:21])([H:11])[C:2](=[O:1])[O:3][H:10])([H:12])[H:13])([H:14])[H:15])[H:17],28.0,6.0
7,-0.07707999469268889,AM1BCC,OpenEye,,,C,,8,[H:16][C:7]1([C:6]([C:5]([C:4]([C:9]([C:8]1([H:18])[H:19])([H:20])[H:21])([H:11])[C:2](=[O:1])[O:3][H:10])([H:12])[H:13])([H:14])[H:15])[H:17],28.0,6.0
8,-0.07143999458778472,AM1BCC,OpenEye,,,C,,9,[H:16][C:7]1([C:6]([C:5]([C:4]([C:9]([C:8]1([H:18])[H:19])([H:20])[H:21])([H:11])[C:2](=[O:1])[O:3][H:10])([H:12])[H:13])([H:14])[H:15])[H:17],28.0,6.0
9,0.44282001434337526,AM1BCC,OpenEye,,,H,,10,[H:16][C:7]1([C:6]([C:5]([C:4]([C:9]([C:8]1([H:18])[H:19])([H:20])[H:21])([H:11])[C:2](=[O:1])[O:3][H:10])([H:12])[H:13])([H:14])[H:15])[H:17],28.0,6.0
10,0.07897000192176729,AM1BCC,OpenEye,,,H,,11,[H:16][C:7]1([C:6]([C:5]([C:4]([C:9]([C:8]1([H:18])[H:19])([H:20])[H:21])([H:11])[C:2](=[O:1])[O:3][H:10])([H:12])[H:13])([H:14])[H:15])[H:17],28.0,6.0
11,0.05517000137340455,AM1BCC,OpenEye,,,H,,12,[H:16][C:7]1([C:6]([C:5]([C:4]([C:9]([C:8]1([H:18])[H:19])([H:20])[H:21])([H:11])[C:2](=[O:1])[O:3][H:10])([H:12])[H:13])([H:14])[H:15])[H:17],28.0,6.0
12,0.05517000137340455,AM1BCC,OpenEye,,,H,,13,[H:16][C:7]1([C:6]([C:5]([C:4]([C:9]([C:8]1([H:18])[H:19])([H:20])[H:21])([H:11])[C:2](=[O:1])[O:3][H:10])([H:12])[H:13])([H:14])[H:15])[H:17],28.0,6.0
13,0.04545000000368981,AM1BCC,OpenEye,,,H,,14,[H:16][C:7]1([C:6]([C:5]([C:4]([C:9]([C:8]1([H:18])[H:19])([H:20])[H:21])([H:11])[C:2](=[O:1])[O:3][H:10])([H:12])[H:13])([H:14])[H:15])[H:17],28.0,6.0
14,0.04545000000368981,AM1BCC,OpenEye,,,H,,15,[H:16][C:7]1([C:6]([C:5]([C:4]([C:9]([C:8]1([H:18])[H:19])([H:20])[H:21])([H:11])[C:2](=[O:1])[O:3][H:10])([H:12])[H:13])([H:14])[H:15])[H:17],28.0,6.0
15,0.040540000335091635,AM1BCC,OpenEye,,,H,,16,[H:16][C:7]1([C:6]([C:5]([C:4]([C:9]([C:8]1([H:18])[H:19])([H:20])[H:21])([H:11])[C:2](=[O:1])[O:3][H:10])([H:12])[H:13])([H:14])[H:15])[H:17],28.0,6.0
16,0.040540000335091635,AM1BCC,OpenEye,,,H,,17,[H:16][C:7]1([C:6]([C:5]([C:4]([C:9]([C:8]1([H:18])[H:19])([H:20])[H:21])([H:11])[C:2](=[O:1])[O:3][H:10])([H:12])[H:13])([H:14])[H:15])[H:17],28.0,6.0
17,0.04545000000368981,AM1BCC,OpenEye,,,H,,18,[H:16][C:7]1([C:6]([C:5]([C:4]([C:9]([C:8]1([H:18])[H:19])([H:20])[H:21])([H:11])[C:2](=[O:1])[O:3][H:10])([H:12])[H:13])([H:14])[H:15])[H:17],28.0,6.0
18,0.04545000000368981,AM1BCC,OpenEye,,,H,,19,[H:16][C:7]1([C:6]([C:5]([C:4]([C:9]([C:8]1([H:18])[H:19])([H:20])[H:21])([H:11])[C:2](=[O:1])[O:3][H:10])([H:12])[H:13])([H:14])[H:15])[H:17],28.0,6.0
19,0.05517000137340455,AM1BCC,OpenEye,,,H,,20,[H:16][C:7]1([C:6]([C:5]([C:4]([C:9]([C:8]1([H:18])[H:19])([H:20])[H:21])([H:11])[C:2](=[O:1])[O:3][H:10])([H:12])[H:13])([H:14])[H:15])[H:17],28.0,6.0
20,0.05517000137340455,AM1BCC,OpenEye,,,H,,21,[H:16][C:7]1([C:6]([C:5]([C:4]([C:9]([C:8]1([H:18])[H:19])([H:20])[H:21])([H:11])[C:2](=[O:1])[O:3][H:10])([H:12])[H:13])([H:14])[H:15])[H:17],28.0,6.0
0,-0.5510476190476191,AM1BCC,AmberTools,,,O,,1,[H:16][C:7]1([C:6]([C:5]([C:4]([C:9]([C:8]1([H:18])[H:19])([H:20])[H:21])([H:11])[C:2](=[O:1])[O:3][H:10])([H:12])[H:13])([H:14])[H:15])[H:17],28.0,6.0
1,0.6350523809523809,AM1BCC,AmberTools,,,C,,2,[H:16][C:7]1([C:6]([C:5]([C:4]([C:9]([C:8]1([H:18])[H:19])([H:20])[H:21])([H:11])[C:2](=[O:1])[O:3][H:10])([H:12])[H:13])([H:14])[H:15])[H:17],28.0,6.0
2,-0.612147619047619,AM1BCC,AmberTools,,,O,,3,[H:16][C:7]1([C:6]([C:5]([C:4]([C:9]([C:8]1([H:18])[H:19])([H:20])[H:21])([H:11])[C:2](=[O:1])[O:3][H:10])([H:12])[H:13])([H:14])[H:15])[H:17],28.0,6.0
3,-0.10174761904761905,AM1BCC,AmberTools,,,C,,4,[H:16][C:7]1([C:6]([C:5]([C:4]([C:9]([C:8]1([H:18])[H:19])([H:20])[H:21])([H:11])[C:2](=[O:1])[O:3][H:10])([H:12])[H:13])([H:14])[H:15])[H:17],28.0,6.0
4,-0.07244761904761905,AM1BCC,AmberTools,,,C,,5,[H:16][C:7]1([C:6]([C:5]([C:4]([C:9]([C:8]1([H:18])[H:19])([H:20])[H:21])([H:11])[C:2](=[O:1])[O:3][H:10])([H:12])[H:13])([H:14])[H:15])[H:17],28.0,6.0
5,-0.07544761904761904,AM1BCC,AmberTools,,,C,,6,[H:16][C:7]1([C:6]([C:5]([C:4]([C:9]([C:8]1([H:18])[H:19])([H:20])[H:21])([H:11])[C:2](=[O:1])[O:3][H:10])([H:12])[H:13])([H:14])[H:15])[H:17],28.0,6.0
6,-0.07944761904761904,AM1BCC,AmberTools,,,C,,7,[H:16][C:7]1([C:6]([C:5]([C:4]([C:9]([C:8]1([H:18])[H:19])([H:20])[H:21])([H:11])[C:2](=[O:1])[O:3][H:10])([H:12])[H:13])([H:14])[H:15])[H:17],28.0,6.0
7,-0.07544761904761904,AM1BCC,AmberTools,,,C,,8,[H:16][C:7]1([C:6]([C:5]([C:4]([C:9]([C:8]1([H:18])[H:19])([H:20])[H:21])([H:11])[C:2](=[O:1])[O:3][H:10])([H:12])[H:13])([H:14])[H:15])[H:17],28.0,6.0
8,-0.07244761904761905,AM1BCC,AmberTools,,,C,,9,[H:16][C:7]1([C:6]([C:5]([C:4]([C:9]([C:8]1([H:18])[H:19])([H:20])[H:21])([H:11])[C:2](=[O:1])[O:3][H:10])([H:12])[H:13])([H:14])[H:15])[H:17],28.0,6.0
9,0.442952380952381,AM1BCC,AmberTools,,,H,,10,[H:16][C:7]1([C:6]([C:5]([C:4]([C:9]([C:8]1([H:18])[H:19])([H:20])[H:21])([H:11])[C:2](=[O:1])[O:3][H:10])([H:12])[H:13])([H:14])[H:15])[H:17],28.0,6.0
10,0.07965238095238095,AM1BCC,AmberTools,,,H,,11,[H:16][C:7]1([C:6]([C:5]([C:4]([C:9]([C:8]1([H:18])[H:19])([H:20])[H:21])([H:11])[C:2](=[O:1])[O:3][H:10])([H:12])[H:13])([H:14])[H:15])[H:17],28.0,6.0
11,0.056152380952380954,AM1BCC,AmberTools,,,H,,12,[H:16][C:7]1([C:6]([C:5]([C:4]([C:9]([C:8]1([H:18])[H:19])([H:20])[H:21])([H:11])[C:2](=[O:1])[O:3][H:10])([H:12])[H:13])([H:14])[H:15])[H:17],28.0,6.0
12,0.056152380952380954,AM1BCC,AmberTools,,,H,,13,[H:16][C:7]1([C:6]([C:5]([C:4]([C:9]([C:8]1([H:18])[H:19])([H:20])[H:21])([H:11])[C:2](=[O:1])[O:3][H:10])([H:12])[H:13])([H:14])[H:15])[H:17],28.0,6.0
13,0.04440238095238096,AM1BCC,AmberTools,,,H,,14,[H:16][C:7]1([C:6]([C:5]([C:4]([C:9]([C:8]1([H:18])[H:19])([H:20])[H:21])([H:11])[C:2](=[O:1])[O:3][H:10])([H:12])[H:13])([H:14])[H:15])[H:17],28.0,6.0
14,0.04440238095238096,AM1BCC,AmberTools,,,H,,15,[H:16][C:7]1([C:6]([C:5]([C:4]([C:9]([C:8]1([H:18])[H:19])([H:20])[H:21])([H:11])[C:2](=[O:1])[O:3][H:10])([H:12])[H:13])([H:14])[H:15])[H:17],28.0,6.0
15,0.04015238095238095,AM1BCC,AmberTools,,,H,,16,[H:16][C:7]1([C:6]([C:5]([C:4]([C:9]([C:8]1([H:18])[H:19])([H:20])[H:21])([H:11])[C:2](=[O:1])[O:3][H:10])([H:12])[H:13])([H:14])[H:15])[H:17],28.0,6.0
16,0.04015238095238095,AM1BCC,AmberTools,,,H,,17,[H:16][C:7]1([C:6]([C:5]([C:4]([C:9]([C:8]1([H:18])[H:19])([H:20])[H:21])([H:11])[C:2](=[O:1])[O:3][H:10])([H:12])[H:13])([H:14])[H:15])[H:17],28.0,6.0
17,0.04440238095238096,AM1BCC,AmberTools,,,H,,18,[H:16][C:7]1([C:6]([C:5]([C:4]([C:9]([C:8]1([H:18])[H:19])([H:20])[H:21])([H:11])[C:2](=[O:1])[O:3][H:10])([H:12])[H:13])([H:14])[H:15])[H:17],28.0,6.0
18,0.04440238095238096,AM1BCC,AmberTools,,,H,,19,[H:16][C:7]1([C:6]([C:5]([C:4]([C:9]([C:8]1([H:18])[H:19])([H:20])[H:21])([H:11])[C:2](=[O:1])[O:3][H:10])([H:12])[H:13])([H:14])[H:15])[H:17],28.0,6.0
19,0.056152380952380954,AM1BCC,AmberTools,,,H,,20,[H:16][C:7]1([C:6]([C:5]([C:4]([C:9]([C:8]1([H:18])[H:19])([H:20])[H:21])([H:11])[C:2](=[O:1])[O:3][H:10])([H:12])[H:13])([H:14])[H:15])[H:17],28.0,6.0
20,0.056152380952380954,AM1BCC,AmberTools,,,H,,21,[H:16][C:7]1([C:6]([C:5]([C:4]([C:9]([C:8]1([H:18])[H:19])([H:20])[H:21])([H:11])[C:2](=[O:1])[O:3][H:10])([H:12])[H:13])([H:14])[H:15])[H:17],28.0,6.0
0,-0.5534700137518701,AM1BCC,OpenEye,,,O,,1,[H:16][C:7]1([C:6]([C:5]([C:4]([C:9]([C:8]1([H:18])[H:19])([H:20])[H:21])([H:11])[C:2](=[O:1])[O:3][H:10])([H:12])[H:13])([H:14])[H:15])[H:17],28.0,7.0
1,0.6323999780274573,AM1BCC,OpenEye,,,C,,2,[H:16][C:7]1([C:6]([C:5]([C:4]([C:9]([C:8]1([H:18])[H:19])([H:20])[H:21])([H:11])[C:2](=[O:1])[O:3][H:10])([H:12])[H:13])([H:14])[H:15])[H:17],28.0,7.0
2,-0.6025400144003686,AM1BCC,OpenEye,,,O,,3,[H:16][C:7]1([C:6]([C:5]([C:4]([C:9]([C:8]1([H:18])[H:19])([H:20])[H:21])([H:11])[C:2](=[O:1])[O:3][H:10])([H:12])[H:13])([H:14])[H:15])[H:17],28.0,7.0
3,-0.10475999684560866,AM1BCC,OpenEye,,,C,,4,[H:16][C:7]1([C:6]([C:5]([C:4]([C:9]([C:8]1([H:18])[H:19])([H:20])[H:21])([H:11])[C:2](=[O:1])[O:3][H:10])([H:12])[H:13])([H:14])[H:15])[H:17],28.0,7.0
4,-0.07143999458778472,AM1BCC,OpenEye,,,C,,5,[H:16][C:7]1([C:6]([C:5]([C:4]([C:9]([C:8]1([H:18])[H:19])([H:20])[H:21])([H:11])[C:2](=[O:1])[O:3][H:10])([H:12])[H:13])([H:14])[H:15])[H:17],28.0,7.0
5,-0.07707999469268889,AM1BCC,OpenEye,,,C,,6,[H:16][C:7]1([C:6]([C:5]([C:4]([C:9]([C:8]1([H:18])[H:19])([H:20])[H:21])([H:11])[C:2](=[O:1])[O:3][H:10])([H:12])[H:13])([H:14])[H:15])[H:17],28.0,7.0
6,-0.07993999691236586,AM1BCC,OpenEye,,,C,,7,[H:16][C:7]1([C:6]([C:5]([C:4]([C:9]([C:8]1([H:18])[H:19])([H:20])[H:21])([H:11])[C:2](=[O:1])[O:3][H:10])([H:12])[H:13])([H:14])[H:15])[H:17],28.0,7.0
7,-0.07707999469268889,AM1BCC,OpenEye,,,C,,8,[H:16][C:7]1([C:6]([C:5]([C:4]([C:9]([C:8]1([H:18])[H:19])([H:20])[H:21])([H:11])[C:2](=[O:1])[O:3][H:10])([H:12])[H:13])([H:14])[H:15])[H:17],28.0,7.0
8,-0.07143999458778472,AM1BCC,OpenEye,,,C,,9,[H:16][C:7]1([C:6]([C:5]([C:4]([C:9]([C:8]1([H:18])[H:19])([H:20])[H:21])([H:11])[C:2](=[O:1])[O:3][H:10])([H:12])[H:13])([H:14])[H:15])[H:17],28.0,7.0
9,0.44282001434337526,AM1BCC,OpenEye,,,H,,10,[H:16][C:7]1([C:6]([C:5]([C:4]([C:9]([C:8]1([H:18])[H:19])([H:20])[H:21])([H:11])[C:2](=[O:1])[O:3][H:10])([H:12])[H:13])([H:14])[H:15])[H:17],28.0,7.0
10,0.07897000192176729,AM1BCC,OpenEye,,,H,,11,[H:16][C:7]1([C:6]([C:5]([C:4]([C:9]([C:8]1([H:18])[H:19])([H:20])[H:21])([H:11])[C:2](=[O:1])[O:3][H:10])([H:12])[H:13])([H:14])[H:15])[H:17],28.0,7.0
11,0.05517000137340455,AM1BCC,OpenEye,,,H,,12,[H:16][C:7]1([C:6]([C:5]([C:4]([C:9]([C:8]1([H:18])[H:19])([H:20])[H:21])([H:11])[C:2](=[O:1])[O:3][H:10])([H:12])[H:13])([H:14])[H:15])[H:17],28.0,7.0
12,0.05517000137340455,AM1BCC,OpenEye,,,H,,13,[H:16][C:7]1([C:6]([C:5]([C:4]([C:9]([C:8]1([H:18])[H:19])([H:20])[H:21])([H:11])[C:2](=[O:1])[O:3][H:10])([H:12])[H:13])([H:14])[H:15])[H:17],28.0,7.0
13,0.04545000000368981,AM1BCC,OpenEye,,,H,,14,[H:16][C:7]1([C:6]([C:5]([C:4]([C:9]([C:8]1([H:18])[H:19])([H:20])[H:21])([H:11])[C:2](=[O:1])[O:3][H:10])([H:12])[H:13])([H:14])[H:15])[H:17],28.0,7.0
14,0.04545000000368981,AM1BCC,OpenEye,,,H,,15,[H:16][C:7]1([C:6]([C:5]([C:4]([C:9]([C:8]1([H:18])[H:19])([H:20])[H:21])([H:11])[C:2](=[O:1])[O:3][H:10])([H:12])[H:13])([H:14])[H:15])[H:17],28.0,7.0
15,0.040540000335091635,AM1BCC,OpenEye,,,H,,16,[H:16][C:7]1([C:6]([C:5]([C:4]([C:9]([C:8]1([H:18])[H:19])([H:20])[H:21])([H:11])[C:2](=[O:1])[O:3][H:10])([H:12])[H:13])([H:14])[H:15])[H:17],28.0,7.0
16,0.040540000335091635,AM1BCC,OpenEye,,,H,,17,[H:16][C:7]1([C:6]([C:5]([C:4]([C:9]([C:8]1([H:18])[H:19])([H:20])[H:21])([H:11])[C:2](=[O:1])[O:3][H:10])([H:12])[H:13])([H:14])[H:15])[H:17],28.0,7.0
17,0.04545000000368981,AM1BCC,OpenEye,,,H,,18,[H:16][C:7]1([C:6]([C:5]([C:4]([C:9]([C:8]1([H:18])[H:19])([H:20])[H:21])([H:11])[C:2](=[O:1])[O:3][H:10])([H:12])[H:13])([H:14])[H:15])[H:17],28.0,7.0
18,0.04545000000368981,AM1BCC,OpenEye,,,H,,19,[H:16][C:7]1([C:6]([C:5]([C:4]([C:9]([C:8]1([H:18])[H:19])([H:20])[H:21])([H:11])[C:2](=[O:1])[O:3][H:10])([H:12])[H:13])([H:14])[H:15])[H:17],28.0,7.0
19,0.05517000137340455,AM1BCC,OpenEye,,,H,,20,[H:16][C:7]1([C:6]([C:5]([C:4]([C:9]([C:8]1([H:18])[H:19])([H:20])[H:21])([H:11])[C:2](=[O:1])[O:3][H:10])([H:12])[H:13])([H:14])[H:15])[H:17],28.0,7.0
20,0.05517000137340455,AM1BCC,OpenEye,,,H,,21,[H:16][C:7]1([C:6]([C:5]([C:4]([C:9]([C:8]1([H:18])[H:19])([H:20])[H:21])([H:11])[C:2](=[O:1])[O:3][H:10])([H:12])[H:13])([H:14])[H:15])[H:17],28.0,7.0
0,-0.5510476190476191,AM1BCC,AmberTools,,,O,,1,[H:16][C:7]1([C:6]([C:5]([C:4]([C:9]([C:8]1([H:18])[H:19])([H:20])[H:21])([H:11])[C:2](=[O:1])[O:3][H:10])([H:12])[H:13])([H:14])[H:15])[H:17],28.0,7.0
1,0.6350523809523809,AM1BCC,AmberTools,,,C,,2,[H:16][C:7]1([C:6]([C:5]([C:4]([C:9]([C:8]1([H:18])[H:19])([H:20])[H:21])([H:11])[C:2](=[O:1])[O:3][H:10])([H:12])[H:13])([H:14])[H:15])[H:17],28.0,7.0
2,-0.612147619047619,AM1BCC,AmberTools,,,O,,3,[H:16][C:7]1([C:6]([C:5]([C:4]([C:9]([C:8]1([H:18])[H:19])([H:20])[H:21])([H:11])[C:2](=[O:1])[O:3][H:10])([H:12])[H:13])([H:14])[H:15])[H:17],28.0,7.0
3,-0.10174761904761905,AM1BCC,AmberTools,,,C,,4,[H:16][C:7]1([C:6]([C:5]([C:4]([C:9]([C:8]1([H:18])[H:19])([H:20])[H:21])([H:11])[C:2](=[O:1])[O:3][H:10])([H:12])[H:13])([H:14])[H:15])[H:17],28.0,7.0
4,-0.07244761904761905,AM1BCC,AmberTools,,,C,,5,[H:16][C:7]1([C:6]([C:5]([C:4]([C:9]([C:8]1([H:18])[H:19])([H:20])[H:21])([H:11])[C:2](=[O:1])[O:3][H:10])([H:12])[H:13])([H:14])[H:15])[H:17],28.0,7.0
5,-0.07544761904761904,AM1BCC,AmberTools,,,C,,6,[H:16][C:7]1([C:6]([C:5]([C:4]([C:9]([C:8]1([H:18])[H:19])([H:20])[H:21])([H:11])[C:2](=[O:1])[O:3][H:10])([H:12])[H:13])([H:14])[H:15])[H:17],28.0,7.0
6,-0.07944761904761904,AM1BCC,AmberTools,,,C,,7,[H:16][C:7]1([C:6]([C:5]([C:4]([C:9]([C:8]1([H:18])[H:19])([H:20])[H:21])([H:11])[C:2](=[O:1])[O:3][H:10])([H:12])[H:13])([H:14])[H:15])[H:17],28.0,7.0
7,-0.07544761904761904,AM1BCC,AmberTools,,,C,,8,[H:16][C:7]1([C:6]([C:5]([C:4]([C:9]([C:8]1([H:18])[H:19])([H:20])[H:21])([H:11])[C:2](=[O:1])[O:3][H:10])([H:12])[H:13])([H:14])[H:15])[H:17],28.0,7.0
8,-0.07244761904761905,AM1BCC,AmberTools,,,C,,9,[H:16][C:7]1([C:6]([C:5]([C:4]([C:9]([C:8]1([H:18])[H:19])([H:20])[H:21])([H:11])[C:2](=[O:1])[O:3][H:10])([H:12])[H:13])([H:14])[H:15])[H:17],28.0,7.0
9,0.442952380952381,AM1BCC,AmberTools,,,H,,10,[H:16][C:7]1([C:6]([C:5]([C:4]([C:9]([C:8]1([H:18])[H:19])([H:20])[H:21])([H:11])[C:2](=[O:1])[O:3][H:10])([H:12])[H:13])([H:14])[H:15])[H:17],28.0,7.0
10,0.07965238095238095,AM1BCC,AmberTools,,,H,,11,[H:16][C:7]1([C:6]([C:5]([C:4]([C:9]([C:8]1([H:18])[H:19])([H:20])[H:21])([H:11])[C:2](=[O:1])[O:3][H:10])([H:12])[H:13])([H:14])[H:15])[H:17],28.0,7.0
11,0.056152380952380954,AM1BCC,AmberTools,,,H,,12,[H:16][C:7]1([C:6]([C:5]([C:4]([C:9]([C:8]1([H:18])[H:19])([H:20])[H:21])([H:11])[C:2](=[O:1])[O:3][H:10])([H:12])[H:13])([H:14])[H:15])[H:17],28.0,7.0
12,0.056152380952380954,AM1BCC,AmberTools,,,H,,13,[H:16][C:7]1([C:6]([C:5]([C:4]([C:9]([C:8]1([H:18])[H:19])([H:20])[H:21])([H:11])[C:2](=[O:1])[O:3][H:10])([H:12])[H:13])([H:14])[H:15])[H:17],28.0,7.0
13,0.04440238095238096,AM1BCC,AmberTools,,,H,,14,[H:16][C:7]1([C:6]([C:5]([C:4]([C:9]([C:8]1([H:18])[H:19])([H:20])[H:21])([H:11])[C:2](=[O:1])[O:3][H:10])([H:12])[H:13])([H:14])[H:15])[H:17],28.0,7.0
14,0.04440238095238096,AM1BCC,AmberTools,,,H,,15,[H:16][C:7]1([C:6]([C:5]([C:4]([C:9]([C:8]1([H:18])[H:19])([H:20])[H:21])([H:11])[C:2](=[O:1])[O:3][H:10])([H:12])[H:13])([H:14])[H:15])[H:17],28.0,7.0
15,0.04015238095238095,AM1BCC,AmberTools,,,H,,16,[H:16][C:7]1([C:6]([C:5]([C:4]([C:9]([C:8]1([H:18])[H:19])([H:20])[H:21])([H:11])[C:2](=[O:1])[O:3][H:10])([H:12])[H:13])([H:14])[H:15])[H:17],28.0,7.0
16,0.04015238095238095,AM1BCC,AmberTools,,,H,,17,[H:16][C:7]1([C:6]([C:5]([C:4]([C:9]([C:8]1([H:18])[H:19])([H:20])[H:21])([H:11])[C:2](=[O:1])[O:3][H:10])([H:12])[H:13])([H:14])[H:15])[H:17],28.0,7.0
17,0.04440238095238096,AM1BCC,AmberTools,,,H,,18,[H:16][C:7]1([C:6]([C:5]([C:4]([C:9]([C:8]1([H:18])[H:19])([H:20])[H:21])([H:11])[C:2](=[O:1])[O:3][H:10])([H:12])[H:13])([H:14])[H:15])[H:17],28.0,7.0
18,0.04440238095238096,AM1BCC,AmberTools,,,H,,19,[H:16][C:7]1([C:6]([C:5]([C:4]([C:9]([C:8]1([H:18])[H:19])([H:20])[H:21])([H:11])[C:2](=[O:1])[O:3][H:10])([H:12])[H:13])([H:14])[H:15])[H:17],28.0,7.0
19,0.056152380952380954,AM1BCC,AmberTools,,,H,,20,[H:16][C:7]1([C:6]([C:5]([C:4]([C:9]([C:8]1([H:18])[H:19])([H:20])[H:21])([H:11])[C:2](=[O:1])[O:3][H:10])([H:12])[H:13])([H:14])[H:15])[H:17],28.0,7.0
20,0.056152380952380954,AM1BCC,AmberTools,,,H,,21,[H:16][C:7]1([C:6]([C:5]([C:4]([C:9]([C:8]1([H:18])[H:19])([H:20])[H:21])([H:11])[C:2](=[O:1])[O:3][H:10])([H:12])[H:13])([H:14])[H:15])[H:17],28.0,7.0
0,-0.5534700137518701,AM1BCC,OpenEye,,,O,,1,[H:16][C:7]1([C:6]([C:5]([C:4]([C:9]([C:8]1([H:18])[H:19])([H:20])[H:21])([H:11])[C:2](=[O:1])[O:3][H:10])([H:12])[H:13])([H:14])[H:15])[H:17],28.0,8.0
1,0.6323999780274573,AM1BCC,OpenEye,,,C,,2,[H:16][C:7]1([C:6]([C:5]([C:4]([C:9]([C:8]1([H:18])[H:19])([H:20])[H:21])([H:11])[C:2](=[O:1])[O:3][H:10])([H:12])[H:13])([H:14])[H:15])[H:17],28.0,8.0
2,-0.6025400144003686,AM1BCC,OpenEye,,,O,,3,[H:16][C:7]1([C:6]([C:5]([C:4]([C:9]([C:8]1([H:18])[H:19])([H:20])[H:21])([H:11])[C:2](=[O:1])[O:3][H:10])([H:12])[H:13])([H:14])[H:15])[H:17],28.0,8.0
3,-0.10475999684560866,AM1BCC,OpenEye,,,C,,4,[H:16][C:7]1([C:6]([C:5]([C:4]([C:9]([C:8]1([H:18])[H:19])([H:20])[H:21])([H:11])[C:2](=[O:1])[O:3][H:10])([H:12])[H:13])([H:14])[H:15])[H:17],28.0,8.0
4,-0.07143999458778472,AM1BCC,OpenEye,,,C,,5,[H:16][C:7]1([C:6]([C:5]([C:4]([C:9]([C:8]1([H:18])[H:19])([H:20])[H:21])([H:11])[C:2](=[O:1])[O:3][H:10])([H:12])[H:13])([H:14])[H:15])[H:17],28.0,8.0
5,-0.07707999469268889,AM1BCC,OpenEye,,,C,,6,[H:16][C:7]1([C:6]([C:5]([C:4]([C:9]([C:8]1([H:18])[H:19])([H:20])[H:21])([H:11])[C:2](=[O:1])[O:3][H:10])([H:12])[H:13])([H:14])[H:15])[H:17],28.0,8.0
6,-0.07993999691236586,AM1BCC,OpenEye,,,C,,7,[H:16][C:7]1([C:6]([C:5]([C:4]([C:9]([C:8]1([H:18])[H:19])([H:20])[H:21])([H:11])[C:2](=[O:1])[O:3][H:10])([H:12])[H:13])([H:14])[H:15])[H:17],28.0,8.0
7,-0.07707999469268889,AM1BCC,OpenEye,,,C,,8,[H:16][C:7]1([C:6]([C:5]([C:4]([C:9]([C:8]1([H:18])[H:19])([H:20])[H:21])([H:11])[C:2](=[O:1])[O:3][H:10])([H:12])[H:13])([H:14])[H:15])[H:17],28.0,8.0
8,-0.07143999458778472,AM1BCC,OpenEye,,,C,,9,[H:16][C:7]1([C:6]([C:5]([C:4]([C:9]([C:8]1([H:18])[H:19])([H:20])[H:21])([H:11])[C:2](=[O:1])[O:3][H:10])([H:12])[H:13])([H:14])[H:15])[H:17],28.0,8.0
9,0.44282001434337526,AM1BCC,OpenEye,,,H,,10,[H:16][C:7]1([C:6]([C:5]([C:4]([C:9]([C:8]1([H:18])[H:19])([H:20])[H:21])([H:11])[C:2](=[O:1])[O:3][H:10])([H:12])[H:13])([H:14])[H:15])[H:17],28.0,8.0
10,0.07897000192176729,AM1BCC,OpenEye,,,H,,11,[H:16][C:7]1([C:6]([C:5]([C:4]([C:9]([C:8]1([H:18])[H:19])([H:20])[H:21])([H:11])[C:2](=[O:1])[O:3][H:10])([H:12])[H:13])([H:14])[H:15])[H:17],28.0,8.0
11,0.05517000137340455,AM1BCC,OpenEye,,,H,,12,[H:16][C:7]1([C:6]([C:5]([C:4]([C:9]([C:8]1([H:18])[H:19])([H:20])[H:21])([H:11])[C:2](=[O:1])[O:3][H:10])([H:12])[H:13])([H:14])[H:15])[H:17],28.0,8.0
12,0.05517000137340455,AM1BCC,OpenEye,,,H,,13,[H:16][C:7]1([C:6]([C:5]([C:4]([C:9]([C:8]1([H:18])[H:19])([H:20])[H:21])([H:11])[C:2](=[O:1])[O:3][H:10])([H:12])[H:13])([H:14])[H:15])[H:17],28.0,8.0
13,0.04545000000368981,AM1BCC,OpenEye,,,H,,14,[H:16][C:7]1([C:6]([C:5]([C:4]([C:9]([C:8]1([H:18])[H:19])([H:20])[H:21])([H:11])[C:2](=[O:1])[O:3][H:10])([H:12])[H:13])([H:14])[H:15])[H:17],28.0,8.0
14,0.04545000000368981,AM1BCC,OpenEye,,,H,,15,[H:16][C:7]1([C:6]([C:5]([C:4]([C:9]([C:8]1([H:18])[H:19])([H:20])[H:21])([H:11])[C:2](=[O:1])[O:3][H:10])([H:12])[H:13])([H:14])[H:15])[H:17],28.0,8.0
15,0.040540000335091635,AM1BCC,OpenEye,,,H,,16,[H:16][C:7]1([C:6]([C:5]([C:4]([C:9]([C:8]1([H:18])[H:19])([H:20])[H:21])([H:11])[C:2](=[O:1])[O:3][H:10])([H:12])[H:13])([H:14])[H:15])[H:17],28.0,8.0
16,0.040540000335091635,AM1BCC,OpenEye,,,H,,17,[H:16][C:7]1([C:6]([C:5]([C:4]([C:9]([C:8]1([H:18])[H:19])([H:20])[H:21])([H:11])[C:2](=[O:1])[O:3][H:10])([H:12])[H:13])([H:14])[H:15])[H:17],28.0,8.0
17,0.04545000000368981,AM1BCC,OpenEye,,,H,,18,[H:16][C:7]1([C:6]([C:5]([C:4]([C:9]([C:8]1([H:18])[H:19])([H:20])[H:21])([H:11])[C:2](=[O:1])[O:3][H:10])([H:12])[H:13])([H:14])[H:15])[H:17],28.0,8.0
18,0.04545000000368981,AM1BCC,OpenEye,,,H,,19,[H:16][C:7]1([C:6]([C:5]([C:4]([C:9]([C:8]1([H:18])[H:19])([H:20])[H:21])([H:11])[C:2](=[O:1])[O:3][H:10])([H:12])[H:13])([H:14])[H:15])[H:17],28.0,8.0
19,0.05517000137340455,AM1BCC,OpenEye,,,H,,20,[H:16][C:7]1([C:6]([C:5]([C:4]([C:9]([C:8]1([H:18])[H:19])([H:20])[H:21])([H:11])[C:2](=[O:1])[O:3][H:10])([H:12])[H:13])([H:14])[H:15])[H:17],28.0,8.0
20,0.05517000137340455,AM1BCC,OpenEye,,,H,,21,[H:16][C:7]1([C:6]([C:5]([C:4]([C:9]([C:8]1([H:18])[H:19])([H:20])[H:21])([H:11])[C:2](=[O:1])[O:3][H:10])([H:12])[H:13])([H:14])[H:15])[H:17],28.0,8.0
0,-0.5510476190476191,AM1BCC,AmberTools,,,O,,1,[H:16][C:7]1([C:6]([C:5]([C:4]([C:9]([C:8]1([H:18])[H:19])([H:20])[H:21])([H:11])[C:2](=[O:1])[O:3][H:10])([H:12])[H:13])([H:14])[H:15])[H:17],28.0,8.0
1,0.6350523809523809,AM1BCC,AmberTools,,,C,,2,[H:16][C:7]1([C:6]([C:5]([C:4]([C:9]([C:8]1([H:18])[H:19])([H:20])[H:21])([H:11])[C:2](=[O:1])[O:3][H:10])([H:12])[H:13])([H:14])[H:15])[H:17],28.0,8.0
2,-0.612147619047619,AM1BCC,AmberTools,,,O,,3,[H:16][C:7]1([C:6]([C:5]([C:4]([C:9]([C:8]1([H:18])[H:19])([H:20])[H:21])([H:11])[C:2](=[O:1])[O:3][H:10])([H:12])[H:13])([H:14])[H:15])[H:17],28.0,8.0
3,-0.10174761904761905,AM1BCC,AmberTools,,,C,,4,[H:16][C:7]1([C:6]([C:5]([C:4]([C:9]([C:8]1([H:18])[H:19])([H:20])[H:21])([H:11])[C:2](=[O:1])[O:3][H:10])([H:12])[H:13])([H:14])[H:15])[H:17],28.0,8.0
4,-0.07244761904761905,AM1BCC,AmberTools,,,C,,5,[H:16][C:7]1([C:6]([C:5]([C:4]([C:9]([C:8]1([H:18])[H:19])([H:20])[H:21])([H:11])[C:2](=[O:1])[O:3][H:10])([H:12])[H:13])([H:14])[H:15])[H:17],28.0,8.0
5,-0.07544761904761904,AM1BCC,AmberTools,,,C,,6,[H:16][C:7]1([C:6]([C:5]([C:4]([C:9]([C:8]1([H:18])[H:19])([H:20])[H:21])([H:11])[C:2](=[O:1])[O:3][H:10])([H:12])[H:13])([H:14])[H:15])[H:17],28.0,8.0
6,-0.07944761904761904,AM1BCC,AmberTools,,,C,,7,[H:16][C:7]1([C:6]([C:5]([C:4]([C:9]([C:8]1([H:18])[H:19])([H:20])[H:21])([H:11])[C:2](=[O:1])[O:3][H:10])([H:12])[H:13])([H:14])[H:15])[H:17],28.0,8.0
7,-0.07544761904761904,AM1BCC,AmberTools,,,C,,8,[H:16][C:7]1([C:6]([C:5]([C:4]([C:9]([C:8]1([H:18])[H:19])([H:20])[H:21])([H:11])[C:2](=[O:1])[O:3][H:10])([H:12])[H:13])([H:14])[H:15])[H:17],28.0,8.0
8,-0.07244761904761905,AM1BCC,AmberTools,,,C,,9,[H:16][C:7]1([C:6]([C:5]([C:4]([C:9]([C:8]1([H:18])[H:19])([H:20])[H:21])([H:11])[C:2](=[O:1])[O:3][H:10])([H:12])[H:13])([H:14])[H:15])[H:17],28.0,8.0
9,0.442952380952381,AM1BCC,AmberTools,,,H,,10,[H:16][C:7]1([C:6]([C:5]([C:4]([C:9]([C:8]1([H:18])[H:19])([H:20])[H:21])([H:11])[C:2](=[O:1])[O:3][H:10])([H:12])[H:13])([H:14])[H:15])[H:17],28.0,8.0
10,0.07965238095238095,AM1BCC,AmberTools,,,H,,11,[H:16][C:7]1([C:6]([C:5]([C:4]([C:9]([C:8]1([H:18])[H:19])([H:20])[H:21])([H:11])[C:2](=[O:1])[O:3][H:10])([H:12])[H:13])([H:14])[H:15])[H:17],28.0,8.0
11,0.056152380952380954,AM1BCC,AmberTools,,,H,,12,[H:16][C:7]1([C:6]([C:5]([C:4]([C:9]([C:8]1([H:18])[H:19])([H:20])[H:21])([H:11])[C:2](=[O:1])[O:3][H:10])([H:12])[H:13])([H:14])[H:15])[H:17],28.0,8.0
12,0.056152380952380954,AM1BCC,AmberTools,,,H,,13,[H:16][C:7]1([C:6]([C:5]([C:4]([C:9]([C:8]1([H:18])[H:19])([H:20])[H:21])([H:11])[C:2](=[O:1])[O:3][H:10])([H:12])[H:13])([H:14])[H:15])[H:17],28.0,8.0
13,0.04440238095238096,AM1BCC,AmberTools,,,H,,14,[H:16][C:7]1([C:6]([C:5]([C:4]([C:9]([C:8]1([H:18])[H:19])([H:20])[H:21])([H:11])[C:2](=[O:1])[O:3][H:10])([H:12])[H:13])([H:14])[H:15])[H:17],28.0,8.0
14,0.04440238095238096,AM1BCC,AmberTools,,,H,,15,[H:16][C:7]1([C:6]([C:5]([C:4]([C:9]([C:8]1([H:18])[H:19])([H:20])[H:21])([H:11])[C:2](=[O:1])[O:3][H:10])([H:12])[H:13])([H:14])[H:15])[H:17],28.0,8.0
15,0.04015238095238095,AM1BCC,AmberTools,,,H,,16,[H:16][C:7]1([C:6]([C:5]([C:4]([C:9]([C:8]1([H:18])[H:19])([H:20])[H:21])([H:11])[C:2](=[O:1])[O:3][H:10])([H:12])[H:13])([H:14])[H:15])[H:17],28.0,8.0
16,0.04015238095238095,AM1BCC,AmberTools,,,H,,17,[H:16][C:7]1([C:6]([C:5]([C:4]([C:9]([C:8]1([H:18])[H:19])([H:20])[H:21])([H:11])[C:2](=[O:1])[O:3][H:10])([H:12])[H:13])([H:14])[H:15])[H:17],28.0,8.0
17,0.04440238095238096,AM1BCC,AmberTools,,,H,,18,[H:16][C:7]1([C:6]([C:5]([C:4]([C:9]([C:8]1([H:18])[H:19])([H:20])[H:21])([H:11])[C:2](=[O:1])[O:3][H:10])([H:12])[H:13])([H:14])[H:15])[H:17],28.0,8.0
18,0.04440238095238096,AM1BCC,AmberTools,,,H,,19,[H:16][C:7]1([C:6]([C:5]([C:4]([C:9]([C:8]1([H:18])[H:19])([H:20])[H:21])([H:11])[C:2](=[O:1])[O:3][H:10])([H:12])[H:13])([H:14])[H:15])[H:17],28.0,8.0
19,0.056152380952380954,AM1BCC,AmberTools,,,H,,20,[H:16][C:7]1([C:6]([C:5]([C:4]([C:9]([C:8]1([H:18])[H:19])([H:20])[H:21])([H:11])[C:2](=[O:1])[O:3][H:10])([H:12])[H:13])([H:14])[H:15])[H:17],28.0,8.0
20,0.056152380952380954,AM1BCC,AmberTools,,,H,,21,[H:16][C:7]1([C:6]([C:5]([C:4]([C:9]([C:8]1([H:18])[H:19])([H:20])[H:21])([H:11])[C:2](=[O:1])[O:3][H:10])([H:12])[H:13])([H:14])[H:15])[H:17],28.0,8.0
0,-0.5534700137518701,AM1BCC,OpenEye,,,O,,1,[H:16][C:7]1([C:6]([C:5]([C:4]([C:9]([C:8]1([H:18])[H:19])([H:20])[H:21])([H:11])[C:2](=[O:1])[O:3][H:10])([H:12])[H:13])([H:14])[H:15])[H:17],28.0,9.0
1,0.6323999780274573,AM1BCC,OpenEye,,,C,,2,[H:16][C:7]1([C:6]([C:5]([C:4]([C:9]([C:8]1([H:18])[H:19])([H:20])[H:21])([H:11])[C:2](=[O:1])[O:3][H:10])([H:12])[H:13])([H:14])[H:15])[H:17],28.0,9.0
2,-0.6025400144003686,AM1BCC,OpenEye,,,O,,3,[H:16][C:7]1([C:6]([C:5]([C:4]([C:9]([C:8]1([H:18])[H:19])([H:20])[H:21])([H:11])[C:2](=[O:1])[O:3][H:10])([H:12])[H:13])([H:14])[H:15])[H:17],28.0,9.0
3,-0.10475999684560866,AM1BCC,OpenEye,,,C,,4,[H:16][C:7]1([C:6]([C:5]([C:4]([C:9]([C:8]1([H:18])[H:19])([H:20])[H:21])([H:11])[C:2](=[O:1])[O:3][H:10])([H:12])[H:13])([H:14])[H:15])[H:17],28.0,9.0
4,-0.07143999458778472,AM1BCC,OpenEye,,,C,,5,[H:16][C:7]1([C:6]([C:5]([C:4]([C:9]([C:8]1([H:18])[H:19])([H:20])[H:21])([H:11])[C:2](=[O:1])[O:3][H:10])([H:12])[H:13])([H:14])[H:15])[H:17],28.0,9.0
5,-0.07707999469268889,AM1BCC,OpenEye,,,C,,6,[H:16][C:7]1([C:6]([C:5]([C:4]([C:9]([C:8]1([H:18])[H:19])([H:20])[H:21])([H:11])[C:2](=[O:1])[O:3][H:10])([H:12])[H:13])([H:14])[H:15])[H:17],28.0,9.0
6,-0.07993999691236586,AM1BCC,OpenEye,,,C,,7,[H:16][C:7]1([C:6]([C:5]([C:4]([C:9]([C:8]1([H:18])[H:19])([H:20])[H:21])([H:11])[C:2](=[O:1])[O:3][H:10])([H:12])[H:13])([H:14])[H:15])[H:17],28.0,9.0
7,-0.07707999469268889,AM1BCC,OpenEye,,,C,,8,[H:16][C:7]1([C:6]([C:5]([C:4]([C:9]([C:8]1([H:18])[H:19])([H:20])[H:21])([H:11])[C:2](=[O:1])[O:3][H:10])([H:12])[H:13])([H:14])[H:15])[H:17],28.0,9.0
8,-0.07143999458778472,AM1BCC,OpenEye,,,C,,9,[H:16][C:7]1([C:6]([C:5]([C:4]([C:9]([C:8]1([H:18])[H:19])([H:20])[H:21])([H:11])[C:2](=[O:1])[O:3][H:10])([H:12])[H:13])([H:14])[H:15])[H:17],28.0,9.0
9,0.44282001434337526,AM1BCC,OpenEye,,,H,,10,[H:16][C:7]1([C:6]([C:5]([C:4]([C:9]([C:8]1([H:18])[H:19])([H:20])[H:21])([H:11])[C:2](=[O:1])[O:3][H:10])([H:12])[H:13])([H:14])[H:15])[H:17],28.0,9.0
10,0.07897000192176729,AM1BCC,OpenEye,,,H,,11,[H:16][C:7]1([C:6]([C:5]([C:4]([C:9]([C:8]1([H:18])[H:19])([H:20])[H:21])([H:11])[C:2](=[O:1])[O:3][H:10])([H:12])[H:13])([H:14])[H:15])[H:17],28.0,9.0
11,0.05517000137340455,AM1BCC,OpenEye,,,H,,12,[H:16][C:7]1([C:6]([C:5]([C:4]([C:9]([C:8]1([H:18])[H:19])([H:20])[H:21])([H:11])[C:2](=[O:1])[O:3][H:10])([H:12])[H:13])([H:14])[H:15])[H:17],28.0,9.0
12,0.05517000137340455,AM1BCC,OpenEye,,,H,,13,[H:16][C:7]1([C:6]([C:5]([C:4]([C:9]([C:8]1([H:18])[H:19])([H:20])[H:21])([H:11])[C:2](=[O:1])[O:3][H:10])([H:12])[H:13])([H:14])[H:15])[H:17],28.0,9.0
13,0.04545000000368981,AM1BCC,OpenEye,,,H,,14,[H:16][C:7]1([C:6]([C:5]([C:4]([C:9]([C:8]1([H:18])[H:19])([H:20])[H:21])([H:11])[C:2](=[O:1])[O:3][H:10])([H:12])[H:13])([H:14])[H:15])[H:17],28.0,9.0
14,0.04545000000368981,AM1BCC,OpenEye,,,H,,15,[H:16][C:7]1([C:6]([C:5]([C:4]([C:9]([C:8]1([H:18])[H:19])([H:20])[H:21])([H:11])[C:2](=[O:1])[O:3][H:10])([H:12])[H:13])([H:14])[H:15])[H:17],28.0,9.0
15,0.040540000335091635,AM1BCC,OpenEye,,,H,,16,[H:16][C:7]1([C:6]([C:5]([C:4]([C:9]([C:8]1([H:18])[H:19])([H:20])[H:21])([H:11])[C:2](=[O:1])[O:3][H:10])([H:12])[H:13])([H:14])[H:15])[H:17],28.0,9.0
16,0.040540000335091635,AM1BCC,OpenEye,,,H,,17,[H:16][C:7]1([C:6]([C:5]([C:4]([C:9]([C:8]1([H:18])[H:19])([H:20])[H:21])([H:11])[C:2](=[O:1])[O:3][H:10])([H:12])[H:13])([H:14])[H:15])[H:17],28.0,9.0
17,0.04545000000368981,AM1BCC,OpenEye,,,H,,18,[H:16][C:7]1([C:6]([C:5]([C:4]([C:9]([C:8]1([H:18])[H:19])([H:20])[H:21])([H:11])[C:2](=[O:1])[O:3][H:10])([H:12])[H:13])([H:14])[H:15])[H:17],28.0,9.0
18,0.04545000000368981,AM1BCC,OpenEye,,,H,,19,[H:16][C:7]1([C:6]([C:5]([C:4]([C:9]([C:8]1([H:18])[H:19])([H:20])[H:21])([H:11])[C:2](=[O:1])[O:3][H:10])([H:12])[H:13])([H:14])[H:15])[H:17],28.0,9.0
19,0.05517000137340455,AM1BCC,OpenEye,,,H,,20,[H:16][C:7]1([C:6]([C:5]([C:4]([C:9]([C:8]1([H:18])[H:19])([H:20])[H:21])([H:11])[C:2](=[O:1])[O:3][H:10])([H:12])[H:13])([H:14])[H:15])[H:17],28.0,9.0
20,0.05517000137340455,AM1BCC,OpenEye,,,H,,21,[H:16][C:7]1([C:6]([C:5]([C:4]([C:9]([C:8]1([H:18])[H:19])([H:20])[H:21])([H:11])[C:2](=[O:1])[O:3][H:10])([H:12])[H:13])([H:14])[H:15])[H:17],28.0,9.0
0,-0.551,AM1BCC,AmberTools,,,O,,1,[H:16][C:7]1([C:6]([C:5]([C:4]([C:9]([C:8]1([H:18])[H:19])([H:20])[H:21])([H:11])[C:2](=[O:1])[O:3][H:10])([H:12])[H:13])([H:14])[H:15])[H:17],28.0,9.0
1,0.6351,AM1BCC,AmberTools,,,C,,2,[H:16][C:7]1([C:6]([C:5]([C:4]([C:9]([C:8]1([H:18])[H:19])([H:20])[H:21])([H:11])[C:2](=[O:1])[O:3][H:10])([H:12])[H:13])([H:14])[H:15])[H:17],28.0,9.0
2,-0.6121,AM1BCC,AmberTools,,,O,,3,[H:16][C:7]1([C:6]([C:5]([C:4]([C:9]([C:8]1([H:18])[H:19])([H:20])[H:21])([H:11])[C:2](=[O:1])[O:3][H:10])([H:12])[H:13])([H:14])[H:15])[H:17],28.0,9.0
3,-0.1017,AM1BCC,AmberTools,,,C,,4,[H:16][C:7]1([C:6]([C:5]([C:4]([C:9]([C:8]1([H:18])[H:19])([H:20])[H:21])([H:11])[C:2](=[O:1])[O:3][H:10])([H:12])[H:13])([H:14])[H:15])[H:17],28.0,9.0
4,-0.0724,AM1BCC,AmberTools,,,C,,5,[H:16][C:7]1([C:6]([C:5]([C:4]([C:9]([C:8]1([H:18])[H:19])([H:20])[H:21])([H:11])[C:2](=[O:1])[O:3][H:10])([H:12])[H:13])([H:14])[H:15])[H:17],28.0,9.0
5,-0.0759,AM1BCC,AmberTools,,,C,,6,[H:16][C:7]1([C:6]([C:5]([C:4]([C:9]([C:8]1([H:18])[H:19])([H:20])[H:21])([H:11])[C:2](=[O:1])[O:3][H:10])([H:12])[H:13])([H:14])[H:15])[H:17],28.0,9.0
6,-0.0794,AM1BCC,AmberTools,,,C,,7,[H:16][C:7]1([C:6]([C:5]([C:4]([C:9]([C:8]1([H:18])[H:19])([H:20])[H:21])([H:11])[C:2](=[O:1])[O:3][H:10])([H:12])[H:13])([H:14])[H:15])[H:17],28.0,9.0
7,-0.0759,AM1BCC,AmberTools,,,C,,8,[H:16][C:7]1([C:6]([C:5]([C:4]([C:9]([C:8]1([H:18])[H:19])([H:20])[H:21])([H:11])[C:2](=[O:1])[O:3][H:10])([H:12])[H:13])([H:14])[H:15])[H:17],28.0,9.0
8,-0.0724,AM1BCC,AmberTools,,,C,,9,[H:16][C:7]1([C:6]([C:5]([C:4]([C:9]([C:8]1([H:18])[H:19])([H:20])[H:21])([H:11])[C:2](=[O:1])[O:3][H:10])([H:12])[H:13])([H:14])[H:15])[H:17],28.0,9.0
9,0.443,AM1BCC,AmberTools,,,H,,10,[H:16][C:7]1([C:6]([C:5]([C:4]([C:9]([C:8]1([H:18])[H:19])([H:20])[H:21])([H:11])[C:2](=[O:1])[O:3][H:10])([H:12])[H:13])([H:14])[H:15])[H:17],28.0,9.0
10,0.0797,AM1BCC,AmberTools,,,H,,11,[H:16][C:7]1([C:6]([C:5]([C:4]([C:9]([C:8]1([H:18])[H:19])([H:20])[H:21])([H:11])[C:2](=[O:1])[O:3][H:10])([H:12])[H:13])([H:14])[H:15])[H:17],28.0,9.0
11,0.0562,AM1BCC,AmberTools,,,H,,12,[H:16][C:7]1([C:6]([C:5]([C:4]([C:9]([C:8]1([H:18])[H:19])([H:20])[H:21])([H:11])[C:2](=[O:1])[O:3][H:10])([H:12])[H:13])([H:14])[H:15])[H:17],28.0,9.0
12,0.0562,AM1BCC,AmberTools,,,H,,13,[H:16][C:7]1([C:6]([C:5]([C:4]([C:9]([C:8]1([H:18])[H:19])([H:20])[H:21])([H:11])[C:2](=[O:1])[O:3][H:10])([H:12])[H:13])([H:14])[H:15])[H:17],28.0,9.0
13,0.04445,AM1BCC,AmberTools,,,H,,14,[H:16][C:7]1([C:6]([C:5]([C:4]([C:9]([C:8]1([H:18])[H:19])([H:20])[H:21])([H:11])[C:2](=[O:1])[O:3][H:10])([H:12])[H:13])([H:14])[H:15])[H:17],28.0,9.0
14,0.04445,AM1BCC,AmberTools,,,H,,15,[H:16][C:7]1([C:6]([C:5]([C:4]([C:9]([C:8]1([H:18])[H:19])([H:20])[H:21])([H:11])[C:2](=[O:1])[O:3][H:10])([H:12])[H:13])([H:14])[H:15])[H:17],28.0,9.0
15,0.0402,AM1BCC,AmberTools,,,H,,16,[H:16][C:7]1([C:6]([C:5]([C:4]([C:9]([C:8]1([H:18])[H:19])([H:20])[H:21])([H:11])[C:2](=[O:1])[O:3][H:10])([H:12])[H:13])([H:14])[H:15])[H:17],28.0,9.0
16,0.0402,AM1BCC,AmberTools,,,H,,17,[H:16][C:7]1([C:6]([C:5]([C:4]([C:9]([C:8]1([H:18])[H:19])([H:20])[H:21])([H:11])[C:2](=[O:1])[O:3][H:10])([H:12])[H:13])([H:14])[H:15])[H:17],28.0,9.0
17,0.04445,AM1BCC,AmberTools,,,H,,18,[H:16][C:7]1([C:6]([C:5]([C:4]([C:9]([C:8]1([H:18])[H:19])([H:20])[H:21])([H:11])[C:2](=[O:1])[O:3][H:10])([H:12])[H:13])([H:14])[H:15])[H:17],28.0,9.0
18,0.04445,AM1BCC,AmberTools,,,H,,19,[H:16][C:7]1([C:6]([C:5]([C:4]([C:9]([C:8]1([H:18])[H:19])([H:20])[H:21])([H:11])[C:2](=[O:1])[O:3][H:10])([H:12])[H:13])([H:14])[H:15])[H:17],28.0,9.0
19,0.0562,AM1BCC,AmberTools,,,H,,20,[H:16][C:7]1([C:6]([C:5]([C:4]([C:9]([C:8]1([H:18])[H:19])([H:20])[H:21])([H:11])[C:2](=[O:1])[O:3][H:10])([H:12])[H:13])([H:14])[H:15])[H:17],28.0,9.0
20,0.0562,AM1BCC,AmberTools,,,H,,21,[H:16][C:7]1([C:6]([C:5]([C:4]([C:9]([C:8]1([H:18])[H:19])([H:20])[H:21])([H:11])[C:2](=[O:1])[O:3][H:10])([H:12])[H:13])([H:14])[H:15])[H:17],28.0,9.0
0,-0.5534700137518701,AM1BCC,OpenEye,,,O,,1,[H:16][C:7]1([C:6]([C:5]([C:4]([C:9]([C:8]1([H:18])[H:19])([H:20])[H:21])([H:11])[C:2](=[O:1])[O:3][H:10])([H:12])[H:13])([H:14])[H:15])[H:17],28.0,10.0
1,0.6323999780274573,AM1BCC,OpenEye,,,C,,2,[H:16][C:7]1([C:6]([C:5]([C:4]([C:9]([C:8]1([H:18])[H:19])([H:20])[H:21])([H:11])[C:2](=[O:1])[O:3][H:10])([H:12])[H:13])([H:14])[H:15])[H:17],28.0,10.0
2,-0.6025400144003686,AM1BCC,OpenEye,,,O,,3,[H:16][C:7]1([C:6]([C:5]([C:4]([C:9]([C:8]1([H:18])[H:19])([H:20])[H:21])([H:11])[C:2](=[O:1])[O:3][H:10])([H:12])[H:13])([H:14])[H:15])[H:17],28.0,10.0
3,-0.10475999684560866,AM1BCC,OpenEye,,,C,,4,[H:16][C:7]1([C:6]([C:5]([C:4]([C:9]([C:8]1([H:18])[H:19])([H:20])[H:21])([H:11])[C:2](=[O:1])[O:3][H:10])([H:12])[H:13])([H:14])[H:15])[H:17],28.0,10.0
4,-0.07143999458778472,AM1BCC,OpenEye,,,C,,5,[H:16][C:7]1([C:6]([C:5]([C:4]([C:9]([C:8]1([H:18])[H:19])([H:20])[H:21])([H:11])[C:2](=[O:1])[O:3][H:10])([H:12])[H:13])([H:14])[H:15])[H:17],28.0,10.0
5,-0.07707999469268889,AM1BCC,OpenEye,,,C,,6,[H:16][C:7]1([C:6]([C:5]([C:4]([C:9]([C:8]1([H:18])[H:19])([H:20])[H:21])([H:11])[C:2](=[O:1])[O:3][H:10])([H:12])[H:13])([H:14])[H:15])[H:17],28.0,10.0
6,-0.07993999691236586,AM1BCC,OpenEye,,,C,,7,[H:16][C:7]1([C:6]([C:5]([C:4]([C:9]([C:8]1([H:18])[H:19])([H:20])[H:21])([H:11])[C:2](=[O:1])[O:3][H:10])([H:12])[H:13])([H:14])[H:15])[H:17],28.0,10.0
7,-0.07707999469268889,AM1BCC,OpenEye,,,C,,8,[H:16][C:7]1([C:6]([C:5]([C:4]([C:9]([C:8]1([H:18])[H:19])([H:20])[H:21])([H:11])[C:2](=[O:1])[O:3][H:10])([H:12])[H:13])([H:14])[H:15])[H:17],28.0,10.0
8,-0.07143999458778472,AM1BCC,OpenEye,,,C,,9,[H:16][C:7]1([C:6]([C:5]([C:4]([C:9]([C:8]1([H:18])[H:19])([H:20])[H:21])([H:11])[C:2](=[O:1])[O:3][H:10])([H:12])[H:13])([H:14])[H:15])[H:17],28.0,10.0
9,0.44282001434337526,AM1BCC,OpenEye,,,H,,10,[H:16][C:7]1([C:6]([C:5]([C:4]([C:9]([C:8]1([H:18])[H:19])([H:20])[H:21])([H:11])[C:2](=[O:1])[O:3][H:10])([H:12])[H:13])([H:14])[H:15])[H:17],28.0,10.0
10,0.07897000192176729,AM1BCC,OpenEye,,,H,,11,[H:16][C:7]1([C:6]([C:5]([C:4]([C:9]([C:8]1([H:18])[H:19])([H:20])[H:21])([H:11])[C:2](=[O:1])[O:3][H:10])([H:12])[H:13])([H:14])[H:15])[H:17],28.0,10.0
11,0.05517000137340455,AM1BCC,OpenEye,,,H,,12,[H:16][C:7]1([C:6]([C:5]([C:4]([C:9]([C:8]1([H:18])[H:19])([H:20])[H:21])([H:11])[C:2](=[O:1])[O:3][H:10])([H:12])[H:13])([H:14])[H:15])[H:17],28.0,10.0
12,0.05517000137340455,AM1BCC,OpenEye,,,H,,13,[H:16][C:7]1([C:6]([C:5]([C:4]([C:9]([C:8]1([H:18])[H:19])([H:20])[H:21])([H:11])[C:2](=[O:1])[O:3][H:10])([H:12])[H:13])([H:14])[H:15])[H:17],28.0,10.0
13,0.04545000000368981,AM1BCC,OpenEye,,,H,,14,[H:16][C:7]1([C:6]([C:5]([C:4]([C:9]([C:8]1([H:18])[H:19])([H:20])[H:21])([H:11])[C:2](=[O:1])[O:3][H:10])([H:12])[H:13])([H:14])[H:15])[H:17],28.0,10.0
14,0.04545000000368981,AM1BCC,OpenEye,,,H,,15,[H:16][C:7]1([C:6]([C:5]([C:4]([C:9]([C:8]1([H:18])[H:19])([H:20])[H:21])([H:11])[C:2](=[O:1])[O:3][H:10])([H:12])[H:13])([H:14])[H:15])[H:17],28.0,10.0
15,0.040540000335091635,AM1BCC,OpenEye,,,H,,16,[H:16][C:7]1([C:6]([C:5]([C:4]([C:9]([C:8]1([H:18])[H:19])([H:20])[H:21])([H:11])[C:2](=[O:1])[O:3][H:10])([H:12])[H:13])([H:14])[H:15])[H:17],28.0,10.0
16,0.040540000335091635,AM1BCC,OpenEye,,,H,,17,[H:16][C:7]1([C:6]([C:5]([C:4]([C:9]([C:8]1([H:18])[H:19])([H:20])[H:21])([H:11])[C:2](=[O:1])[O:3][H:10])([H:12])[H:13])([H:14])[H:15])[H:17],28.0,10.0
17,0.04545000000368981,AM1BCC,OpenEye,,,H,,18,[H:16][C:7]1([C:6]([C:5]([C:4]([C:9]([C:8]1([H:18])[H:19])([H:20])[H:21])([H:11])[C:2](=[O:1])[O:3][H:10])([H:12])[H:13])([H:14])[H:15])[H:17],28.0,10.0
18,0.04545000000368981,AM1BCC,OpenEye,,,H,,19,[H:16][C:7]1([C:6]([C:5]([C:4]([C:9]([C:8]1([H:18])[H:19])([H:20])[H:21])([H:11])[C:2](=[O:1])[O:3][H:10])([H:12])[H:13])([H:14])[H:15])[H:17],28.0,10.0
19,0.05517000137340455,AM1BCC,OpenEye,,,H,,20,[H:16][C:7]1([C:6]([C:5]([C:4]([C:9]([C:8]1([H:18])[H:19])([H:20])[H:21])([H:11])[C:2](=[O:1])[O:3][H:10])([H:12])[H:13])([H:14])[H:15])[H:17],28.0,10.0
20,0.05517000137340455,AM1BCC,OpenEye,,,H,,21,[H:16][C:7]1([C:6]([C:5]([C:4]([C:9]([C:8]1([H:18])[H:19])([H:20])[H:21])([H:11])[C:2](=[O:1])[O:3][H:10])([H:12])[H:13])([H:14])[H:15])[H:17],28.0,10.0
0,-0.5510476190476191,AM1BCC,AmberTools,,,O,,1,[H:16][C:7]1([C:6]([C:5]([C:4]([C:9]([C:8]1([H:18])[H:19])([H:20])[H:21])([H:11])[C:2](=[O:1])[O:3][H:10])([H:12])[H:13])([H:14])[H:15])[H:17],28.0,10.0
1,0.6350523809523809,AM1BCC,AmberTools,,,C,,2,[H:16][C:7]1([C:6]([C:5]([C:4]([C:9]([C:8]1([H:18])[H:19])([H:20])[H:21])([H:11])[C:2](=[O:1])[O:3][H:10])([H:12])[H:13])([H:14])[H:15])[H:17],28.0,10.0
2,-0.612147619047619,AM1BCC,AmberTools,,,O,,3,[H:16][C:7]1([C:6]([C:5]([C:4]([C:9]([C:8]1([H:18])[H:19])([H:20])[H:21])([H:11])[C:2](=[O:1])[O:3][H:10])([H:12])[H:13])([H:14])[H:15])[H:17],28.0,10.0
3,-0.10174761904761905,AM1BCC,AmberTools,,,C,,4,[H:16][C:7]1([C:6]([C:5]([C:4]([C:9]([C:8]1([H:18])[H:19])([H:20])[H:21])([H:11])[C:2](=[O:1])[O:3][H:10])([H:12])[H:13])([H:14])[H:15])[H:17],28.0,10.0
4,-0.07244761904761905,AM1BCC,AmberTools,,,C,,5,[H:16][C:7]1([C:6]([C:5]([C:4]([C:9]([C:8]1([H:18])[H:19])([H:20])[H:21])([H:11])[C:2](=[O:1])[O:3][H:10])([H:12])[H:13])([H:14])[H:15])[H:17],28.0,10.0
5,-0.07544761904761904,AM1BCC,AmberTools,,,C,,6,[H:16][C:7]1([C:6]([C:5]([C:4]([C:9]([C:8]1([H:18])[H:19])([H:20])[H:21])([H:11])[C:2](=[O:1])[O:3][H:10])([H:12])[H:13])([H:14])[H:15])[H:17],28.0,10.0
6,-0.07944761904761904,AM1BCC,AmberTools,,,C,,7,[H:16][C:7]1([C:6]([C:5]([C:4]([C:9]([C:8]1([H:18])[H:19])([H:20])[H:21])([H:11])[C:2](=[O:1])[O:3][H:10])([H:12])[H:13])([H:14])[H:15])[H:17],28.0,10.0
7,-0.07544761904761904,AM1BCC,AmberTools,,,C,,8,[H:16][C:7]1([C:6]([C:5]([C:4]([C:9]([C:8]1([H:18])[H:19])([H:20])[H:21])([H:11])[C:2](=[O:1])[O:3][H:10])([H:12])[H:13])([H:14])[H:15])[H:17],28.0,10.0
8,-0.07244761904761905,AM1BCC,AmberTools,,,C,,9,[H:16][C:7]1([C:6]([C:5]([C:4]([C:9]([C:8]1([H:18])[H:19])([H:20])[H:21])([H:11])[C:2](=[O:1])[O:3][H:10])([H:12])[H:13])([H:14])[H:15])[H:17],28.0,10.0
9,0.442952380952381,AM1BCC,AmberTools,,,H,,10,[H:16][C:7]1([C:6]([C:5]([C:4]([C:9]([C:8]1([H:18])[H:19])([H:20])[H:21])([H:11])[C:2](=[O:1])[O:3][H:10])([H:12])[H:13])([H:14])[H:15])[H:17],28.0,10.0
10,0.07965238095238095,AM1BCC,AmberTools,,,H,,11,[H:16][C:7]1([C:6]([C:5]([C:4]([C:9]([C:8]1([H:18])[H:19])([H:20])[H:21])([H:11])[C:2](=[O:1])[O:3][H:10])([H:12])[H:13])([H:14])[H:15])[H:17],28.0,10.0
11,0.056152380952380954,AM1BCC,AmberTools,,,H,,12,[H:16][C:7]1([C:6]([C:5]([C:4]([C:9]([C:8]1([H:18])[H:19])([H:20])[H:21])([H:11])[C:2](=[O:1])[O:3][H:10])([H:12])[H:13])([H:14])[H:15])[H:17],28.0,10.0
12,0.056152380952380954,AM1BCC,AmberTools,,,H,,13,[H:16][C:7]1([C:6]([C:5]([C:4]([C:9]([C:8]1([H:18])[H:19])([H:20])[H:21])([H:11])[C:2](=[O:1])[O:3][H:10])([H:12])[H:13])([H:14])[H:15])[H:17],28.0,10.0
13,0.04440238095238096,AM1BCC,AmberTools,,,H,,14,[H:16][C:7]1([C:6]([C:5]([C:4]([C:9]([C:8]1([H:18])[H:19])([H:20])[H:21])([H:11])[C:2](=[O:1])[O:3][H:10])([H:12])[H:13])([H:14])[H:15])[H:17],28.0,10.0
14,0.04440238095238096,AM1BCC,AmberTools,,,H,,15,[H:16][C:7]1([C:6]([C:5]([C:4]([C:9]([C:8]1([H:18])[H:19])([H:20])[H:21])([H:11])[C:2](=[O:1])[O:3][H:10])([H:12])[H:13])([H:14])[H:15])[H:17],28.0,10.0
15,0.04015238095238095,AM1BCC,AmberTools,,,H,,16,[H:16][C:7]1([C:6]([C:5]([C:4]([C:9]([C:8]1([H:18])[H:19])([H:20])[H:21])([H:11])[C:2](=[O:1])[O:3][H:10])([H:12])[H:13])([H:14])[H:15])[H:17],28.0,10.0
16,0.04015238095238095,AM1BCC,AmberTools,,,H,,17,[H:16][C:7]1([C:6]([C:5]([C:4]([C:9]([C:8]1([H:18])[H:19])([H:20])[H:21])([H:11])[C:2](=[O:1])[O:3][H:10])([H:12])[H:13])([H:14])[H:15])[H:17],28.0,10.0
17,0.04440238095238096,AM1BCC,AmberTools,,,H,,18,[H:16][C:7]1([C:6]([C:5]([C:4]([C:9]([C:8]1([H:18])[H:19])([H:20])[H:21])([H:11])[C:2](=[O:1])[O:3][H:10])([H:12])[H:13])([H:14])[H:15])[H:17],28.0,10.0
18,0.04440238095238096,AM1BCC,AmberTools,,,H,,19,[H:16][C:7]1([C:6]([C:5]([C:4]([C:9]([C:8]1([H:18])[H:19])([H:20])[H:21])([H:11])[C:2](=[O:1])[O:3][H:10])([H:12])[H:13])([H:14])[H:15])[H:17],28.0,10.0
19,0.056152380952380954,AM1BCC,AmberTools,,,H,,20,[H:16][C:7]1([C:6]([C:5]([C:4]([C:9]([C:8]1([H:18])[H:19])([H:20])[H:21])([H:11])[C:2](=[O:1])[O:3][H:10])([H:12])[H:13])([H:14])[H:15])[H:17],28.0,10.0
20,0.056152380952380954,AM1BCC,AmberTools,,,H,,21,[H:16][C:7]1([C:6]([C:5]([C:4]([C:9]([C:8]1([H:18])[H:19])([H:20])[H:21])([H:11])[C:2](=[O:1])[O:3][H:10])([H:12])[H:13])([H:14])[H:15])[H:17],28.0,10.0
0,-0.5534700137518701,AM1BCC,OpenEye,,,O,,1,[H:16][C:7]1([C:6]([C:5]([C:4]([C:9]([C:8]1([H:18])[H:19])([H:20])[H:21])([H:11])[C:2](=[O:1])[O:3][H:10])([H:12])[H:13])([H:14])[H:15])[H:17],28.0,11.0
1,0.6323999780274573,AM1BCC,OpenEye,,,C,,2,[H:16][C:7]1([C:6]([C:5]([C:4]([C:9]([C:8]1([H:18])[H:19])([H:20])[H:21])([H:11])[C:2](=[O:1])[O:3][H:10])([H:12])[H:13])([H:14])[H:15])[H:17],28.0,11.0
2,-0.6025400144003686,AM1BCC,OpenEye,,,O,,3,[H:16][C:7]1([C:6]([C:5]([C:4]([C:9]([C:8]1([H:18])[H:19])([H:20])[H:21])([H:11])[C:2](=[O:1])[O:3][H:10])([H:12])[H:13])([H:14])[H:15])[H:17],28.0,11.0
3,-0.10475999684560866,AM1BCC,OpenEye,,,C,,4,[H:16][C:7]1([C:6]([C:5]([C:4]([C:9]([C:8]1([H:18])[H:19])([H:20])[H:21])([H:11])[C:2](=[O:1])[O:3][H:10])([H:12])[H:13])([H:14])[H:15])[H:17],28.0,11.0
4,-0.07143999458778472,AM1BCC,OpenEye,,,C,,5,[H:16][C:7]1([C:6]([C:5]([C:4]([C:9]([C:8]1([H:18])[H:19])([H:20])[H:21])([H:11])[C:2](=[O:1])[O:3][H:10])([H:12])[H:13])([H:14])[H:15])[H:17],28.0,11.0
5,-0.07707999469268889,AM1BCC,OpenEye,,,C,,6,[H:16][C:7]1([C:6]([C:5]([C:4]([C:9]([C:8]1([H:18])[H:19])([H:20])[H:21])([H:11])[C:2](=[O:1])[O:3][H:10])([H:12])[H:13])([H:14])[H:15])[H:17],28.0,11.0
6,-0.07993999691236586,AM1BCC,OpenEye,,,C,,7,[H:16][C:7]1([C:6]([C:5]([C:4]([C:9]([C:8]1([H:18])[H:19])([H:20])[H:21])([H:11])[C:2](=[O:1])[O:3][H:10])([H:12])[H:13])([H:14])[H:15])[H:17],28.0,11.0
7,-0.07707999469268889,AM1BCC,OpenEye,,,C,,8,[H:16][C:7]1([C:6]([C:5]([C:4]([C:9]([C:8]1([H:18])[H:19])([H:20])[H:21])([H:11])[C:2](=[O:1])[O:3][H:10])([H:12])[H:13])([H:14])[H:15])[H:17],28.0,11.0
8,-0.07143999458778472,AM1BCC,OpenEye,,,C,,9,[H:16][C:7]1([C:6]([C:5]([C:4]([C:9]([C:8]1([H:18])[H:19])([H:20])[H:21])([H:11])[C:2](=[O:1])[O:3][H:10])([H:12])[H:13])([H:14])[H:15])[H:17],28.0,11.0
9,0.44282001434337526,AM1BCC,OpenEye,,,H,,10,[H:16][C:7]1([C:6]([C:5]([C:4]([C:9]([C:8]1([H:18])[H:19])([H:20])[H:21])([H:11])[C:2](=[O:1])[O:3][H:10])([H:12])[H:13])([H:14])[H:15])[H:17],28.0,11.0
10,0.07897000192176729,AM1BCC,OpenEye,,,H,,11,[H:16][C:7]1([C:6]([C:5]([C:4]([C:9]([C:8]1([H:18])[H:19])([H:20])[H:21])([H:11])[C:2](=[O:1])[O:3][H:10])([H:12])[H:13])([H:14])[H:15])[H:17],28.0,11.0
11,0.05517000137340455,AM1BCC,OpenEye,,,H,,12,[H:16][C:7]1([C:6]([C:5]([C:4]([C:9]([C:8]1([H:18])[H:19])([H:20])[H:21])([H:11])[C:2](=[O:1])[O:3][H:10])([H:12])[H:13])([H:14])[H:15])[H:17],28.0,11.0
12,0.05517000137340455,AM1BCC,OpenEye,,,H,,13,[H:16][C:7]1([C:6]([C:5]([C:4]([C:9]([C:8]1([H:18])[H:19])([H:20])[H:21])([H:11])[C:2](=[O:1])[O:3][H:10])([H:12])[H:13])([H:14])[H:15])[H:17],28.0,11.0
13,0.04545000000368981,AM1BCC,OpenEye,,,H,,14,[H:16][C:7]1([C:6]([C:5]([C:4]([C:9]([C:8]1([H:18])[H:19])([H:20])[H:21])([H:11])[C:2](=[O:1])[O:3][H:10])([H:12])[H:13])([H:14])[H:15])[H:17],28.0,11.0
14,0.04545000000368981,AM1BCC,OpenEye,,,H,,15,[H:16][C:7]1([C:6]([C:5]([C:4]([C:9]([C:8]1([H:18])[H:19])([H:20])[H:21])([H:11])[C:2](=[O:1])[O:3][H:10])([H:12])[H:13])([H:14])[H:15])[H:17],28.0,11.0
15,0.040540000335091635,AM1BCC,OpenEye,,,H,,16,[H:16][C:7]1([C:6]([C:5]([C:4]([C:9]([C:8]1([H:18])[H:19])([H:20])[H:21])([H:11])[C:2](=[O:1])[O:3][H:10])([H:12])[H:13])([H:14])[H:15])[H:17],28.0,11.0
16,0.040540000335091635,AM1BCC,OpenEye,,,H,,17,[H:16][C:7]1([C:6]([C:5]([C:4]([C:9]([C:8]1([H:18])[H:19])([H:20])[H:21])([H:11])[C:2](=[O:1])[O:3][H:10])([H:12])[H:13])([H:14])[H:15])[H:17],28.0,11.0
17,0.04545000000368981,AM1BCC,OpenEye,,,H,,18,[H:16][C:7]1([C:6]([C:5]([C:4]([C:9]([C:8]1([H:18])[H:19])([H:20])[H:21])([H:11])[C:2](=[O:1])[O:3][H:10])([H:12])[H:13])([H:14])[H:15])[H:17],28.0,11.0
18,0.04545000000368981,AM1BCC,OpenEye,,,H,,19,[H:16][C:7]1([C:6]([C:5]([C:4]([C:9]([C:8]1([H:18])[H:19])([H:20])[H:21])([H:11])[C:2](=[O:1])[O:3][H:10])([H:12])[H:13])([H:14])[H:15])[H:17],28.0,11.0
19,0.05517000137340455,AM1BCC,OpenEye,,,H,,20,[H:16][C:7]1([C:6]([C:5]([C:4]([C:9]([C:8]1([H:18])[H:19])([H:20])[H:21])([H:11])[C:2](=[O:1])[O:3][H:10])([H:12])[H:13])([H:14])[H:15])[H:17],28.0,11.0
20,0.05517000137340455,AM1BCC,OpenEye,,,H,,21,[H:16][C:7]1([C:6]([C:5]([C:4]([C:9]([C:8]1([H:18])[H:19])([H:20])[H:21])([H:11])[C:2](=[O:1])[O:3][H:10])([H:12])[H:13])([H:14])[H:15])[H:17],28.0,11.0
0,-0.5510476190476191,AM1BCC,AmberTools,,,O,,1,[H:16][C:7]1([C:6]([C:5]([C:4]([C:9]([C:8]1([H:18])[H:19])([H:20])[H:21])([H:11])[C:2](=[O:1])[O:3][H:10])([H:12])[H:13])([H:14])[H:15])[H:17],28.0,11.0
1,0.6350523809523809,AM1BCC,AmberTools,,,C,,2,[H:16][C:7]1([C:6]([C:5]([C:4]([C:9]([C:8]1([H:18])[H:19])([H:20])[H:21])([H:11])[C:2](=[O:1])[O:3][H:10])([H:12])[H:13])([H:14])[H:15])[H:17],28.0,11.0
2,-0.612147619047619,AM1BCC,AmberTools,,,O,,3,[H:16][C:7]1([C:6]([C:5]([C:4]([C:9]([C:8]1([H:18])[H:19])([H:20])[H:21])([H:11])[C:2](=[O:1])[O:3][H:10])([H:12])[H:13])([H:14])[H:15])[H:17],28.0,11.0
3,-0.10174761904761905,AM1BCC,AmberTools,,,C,,4,[H:16][C:7]1([C:6]([C:5]([C:4]([C:9]([C:8]1([H:18])[H:19])([H:20])[H:21])([H:11])[C:2](=[O:1])[O:3][H:10])([H:12])[H:13])([H:14])[H:15])[H:17],28.0,11.0
4,-0.07244761904761905,AM1BCC,AmberTools,,,C,,5,[H:16][C:7]1([C:6]([C:5]([C:4]([C:9]([C:8]1([H:18])[H:19])([H:20])[H:21])([H:11])[C:2](=[O:1])[O:3][H:10])([H:12])[H:13])([H:14])[H:15])[H:17],28.0,11.0
5,-0.07544761904761904,AM1BCC,AmberTools,,,C,,6,[H:16][C:7]1([C:6]([C:5]([C:4]([C:9]([C:8]1([H:18])[H:19])([H:20])[H:21])([H:11])[C:2](=[O:1])[O:3][H:10])([H:12])[H:13])([H:14])[H:15])[H:17],28.0,11.0
6,-0.07944761904761904,AM1BCC,AmberTools,,,C,,7,[H:16][C:7]1([C:6]([C:5]([C:4]([C:9]([C:8]1([H:18])[H:19])([H:20])[H:21])([H:11])[C:2](=[O:1])[O:3][H:10])([H:12])[H:13])([H:14])[H:15])[H:17],28.0,11.0
7,-0.07544761904761904,AM1BCC,AmberTools,,,C,,8,[H:16][C:7]1([C:6]([C:5]([C:4]([C:9]([C:8]1([H:18])[H:19])([H:20])[H:21])([H:11])[C:2](=[O:1])[O:3][H:10])([H:12])[H:13])([H:14])[H:15])[H:17],28.0,11.0
8,-0.07244761904761905,AM1BCC,AmberTools,,,C,,9,[H:16][C:7]1([C:6]([C:5]([C:4]([C:9]([C:8]1([H:18])[H:19])([H:20])[H:21])([H:11])[C:2](=[O:1])[O:3][H:10])([H:12])[H:13])([H:14])[H:15])[H:17],28.0,11.0
9,0.442952380952381,AM1BCC,AmberTools,,,H,,10,[H:16][C:7]1([C:6]([C:5]([C:4]([C:9]([C:8]1([H:18])[H:19])([H:20])[H:21])([H:11])[C:2](=[O:1])[O:3][H:10])([H:12])[H:13])([H:14])[H:15])[H:17],28.0,11.0
10,0.07965238095238095,AM1BCC,AmberTools,,,H,,11,[H:16][C:7]1([C:6]([C:5]([C:4]([C:9]([C:8]1([H:18])[H:19])([H:20])[H:21])([H:11])[C:2](=[O:1])[O:3][H:10])([H:12])[H:13])([H:14])[H:15])[H:17],28.0,11.0
11,0.056152380952380954,AM1BCC,AmberTools,,,H,,12,[H:16][C:7]1([C:6]([C:5]([C:4]([C:9]([C:8]1([H:18])[H:19])([H:20])[H:21])([H:11])[C:2](=[O:1])[O:3][H:10])([H:12])[H:13])([H:14])[H:15])[H:17],28.0,11.0
12,0.056152380952380954,AM1BCC,AmberTools,,,H,,13,[H:16][C:7]1([C:6]([C:5]([C:4]([C:9]([C:8]1([H:18])[H:19])([H:20])[H:21])([H:11])[C:2](=[O:1])[O:3][H:10])([H:12])[H:13])([H:14])[H:15])[H:17],28.0,11.0
13,0.04440238095238096,AM1BCC,AmberTools,,,H,,14,[H:16][C:7]1([C:6]([C:5]([C:4]([C:9]([C:8]1([H:18])[H:19])([H:20])[H:21])([H:11])[C:2](=[O:1])[O:3][H:10])([H:12])[H:13])([H:14])[H:15])[H:17],28.0,11.0
14,0.04440238095238096,AM1BCC,AmberTools,,,H,,15,[H:16][C:7]1([C:6]([C:5]([C:4]([C:9]([C:8]1([H:18])[H:19])([H:20])[H:21])([H:11])[C:2](=[O:1])[O:3][H:10])([H:12])[H:13])([H:14])[H:15])[H:17],28.0,11.0
15,0.04015238095238095,AM1BCC,AmberTools,,,H,,16,[H:16][C:7]1([C:6]([C:5]([C:4]([C:9]([C:8]1([H:18])[H:19])([H:20])[H:21])([H:11])[C:2](=[O:1])[O:3][H:10])([H:12])[H:13])([H:14])[H:15])[H:17],28.0,11.0
16,0.04015238095238095,AM1BCC,AmberTools,,,H,,17,[H:16][C:7]1([C:6]([C:5]([C:4]([C:9]([C:8]1([H:18])[H:19])([H:20])[H:21])([H:11])[C:2](=[O:1])[O:3][H:10])([H:12])[H:13])([H:14])[H:15])[H:17],28.0,11.0
17,0.04440238095238096,AM1BCC,AmberTools,,,H,,18,[H:16][C:7]1([C:6]([C:5]([C:4]([C:9]([C:8]1([H:18])[H:19])([H:20])[H:21])([H:11])[C:2](=[O:1])[O:3][H:10])([H:12])[H:13])([H:14])[H:15])[H:17],28.0,11.0
18,0.04440238095238096,AM1BCC,AmberTools,,,H,,19,[H:16][C:7]1([C:6]([C:5]([C:4]([C:9]([C:8]1([H:18])[H:19])([H:20])[H:21])([H:11])[C:2](=[O:1])[O:3][H:10])([H:12])[H:13])([H:14])[H:15])[H:17],28.0,11.0
19,0.056152380952380954,AM1BCC,AmberTools,,,H,,20,[H:16][C:7]1([C:6]([C:5]([C:4]([C:9]([C:8]1([H:18])[H:19])([H:20])[H:21])([H:11])[C:2](=[O:1])[O:3][H:10])([H:12])[H:13])([H:14])[H:15])[H:17],28.0,11.0
20,0.056152380952380954,AM1BCC,AmberTools,,,H,,21,[H:16][C:7]1([C:6]([C:5]([C:4]([C:9]([C:8]1([H:18])[H:19])([H:20])[H:21])([H:11])[C:2](=[O:1])[O:3][H:10])([H:12])[H:13])([H:14])[H:15])[H:17],28.0,11.0
0,-0.5534700137518701,AM1BCC,OpenEye,,,O,,1,[H:16][C:7]1([C:6]([C:5]([C:4]([C:9]([C:8]1([H:18])[H:19])([H:20])[H:21])([H:11])[C:2](=[O:1])[O:3][H:10])([H:12])[H:13])([H:14])[H:15])[H:17],28.0,12.0
1,0.6323999780274573,AM1BCC,OpenEye,,,C,,2,[H:16][C:7]1([C:6]([C:5]([C:4]([C:9]([C:8]1([H:18])[H:19])([H:20])[H:21])([H:11])[C:2](=[O:1])[O:3][H:10])([H:12])[H:13])([H:14])[H:15])[H:17],28.0,12.0
2,-0.6025400144003686,AM1BCC,OpenEye,,,O,,3,[H:16][C:7]1([C:6]([C:5]([C:4]([C:9]([C:8]1([H:18])[H:19])([H:20])[H:21])([H:11])[C:2](=[O:1])[O:3][H:10])([H:12])[H:13])([H:14])[H:15])[H:17],28.0,12.0
3,-0.10475999684560866,AM1BCC,OpenEye,,,C,,4,[H:16][C:7]1([C:6]([C:5]([C:4]([C:9]([C:8]1([H:18])[H:19])([H:20])[H:21])([H:11])[C:2](=[O:1])[O:3][H:10])([H:12])[H:13])([H:14])[H:15])[H:17],28.0,12.0
4,-0.07143999458778472,AM1BCC,OpenEye,,,C,,5,[H:16][C:7]1([C:6]([C:5]([C:4]([C:9]([C:8]1([H:18])[H:19])([H:20])[H:21])([H:11])[C:2](=[O:1])[O:3][H:10])([H:12])[H:13])([H:14])[H:15])[H:17],28.0,12.0
5,-0.07707999469268889,AM1BCC,OpenEye,,,C,,6,[H:16][C:7]1([C:6]([C:5]([C:4]([C:9]([C:8]1([H:18])[H:19])([H:20])[H:21])([H:11])[C:2](=[O:1])[O:3][H:10])([H:12])[H:13])([H:14])[H:15])[H:17],28.0,12.0
6,-0.07993999691236586,AM1BCC,OpenEye,,,C,,7,[H:16][C:7]1([C:6]([C:5]([C:4]([C:9]([C:8]1([H:18])[H:19])([H:20])[H:21])([H:11])[C:2](=[O:1])[O:3][H:10])([H:12])[H:13])([H:14])[H:15])[H:17],28.0,12.0
7,-0.07707999469268889,AM1BCC,OpenEye,,,C,,8,[H:16][C:7]1([C:6]([C:5]([C:4]([C:9]([C:8]1([H:18])[H:19])([H:20])[H:21])([H:11])[C:2](=[O:1])[O:3][H:10])([H:12])[H:13])([H:14])[H:15])[H:17],28.0,12.0
8,-0.07143999458778472,AM1BCC,OpenEye,,,C,,9,[H:16][C:7]1([C:6]([C:5]([C:4]([C:9]([C:8]1([H:18])[H:19])([H:20])[H:21])([H:11])[C:2](=[O:1])[O:3][H:10])([H:12])[H:13])([H:14])[H:15])[H:17],28.0,12.0
9,0.44282001434337526,AM1BCC,OpenEye,,,H,,10,[H:16][C:7]1([C:6]([C:5]([C:4]([C:9]([C:8]1([H:18])[H:19])([H:20])[H:21])([H:11])[C:2](=[O:1])[O:3][H:10])([H:12])[H:13])([H:14])[H:15])[H:17],28.0,12.0
10,0.07897000192176729,AM1BCC,OpenEye,,,H,,11,[H:16][C:7]1([C:6]([C:5]([C:4]([C:9]([C:8]1([H:18])[H:19])([H:20])[H:21])([H:11])[C:2](=[O:1])[O:3][H:10])([H:12])[H:13])([H:14])[H:15])[H:17],28.0,12.0
11,0.05517000137340455,AM1BCC,OpenEye,,,H,,12,[H:16][C:7]1([C:6]([C:5]([C:4]([C:9]([C:8]1([H:18])[H:19])([H:20])[H:21])([H:11])[C:2](=[O:1])[O:3][H:10])([H:12])[H:13])([H:14])[H:15])[H:17],28.0,12.0
12,0.05517000137340455,AM1BCC,OpenEye,,,H,,13,[H:16][C:7]1([C:6]([C:5]([C:4]([C:9]([C:8]1([H:18])[H:19])([H:20])[H:21])([H:11])[C:2](=[O:1])[O:3][H:10])([H:12])[H:13])([H:14])[H:15])[H:17],28.0,12.0
13,0.04545000000368981,AM1BCC,OpenEye,,,H,,14,[H:16][C:7]1([C:6]([C:5]([C:4]([C:9]([C:8]1([H:18])[H:19])([H:20])[H:21])([H:11])[C:2](=[O:1])[O:3][H:10])([H:12])[H:13])([H:14])[H:15])[H:17],28.0,12.0
14,0.04545000000368981,AM1BCC,OpenEye,,,H,,15,[H:16][C:7]1([C:6]([C:5]([C:4]([C:9]([C:8]1([H:18])[H:19])([H:20])[H:21])([H:11])[C:2](=[O:1])[O:3][H:10])([H:12])[H:13])([H:14])[H:15])[H:17],28.0,12.0
15,0.040540000335091635,AM1BCC,OpenEye,,,H,,16,[H:16][C:7]1([C:6]([C:5]([C:4]([C:9]([C:8]1([H:18])[H:19])([H:20])[H:21])([H:11])[C:2](=[O:1])[O:3][H:10])([H:12])[H:13])([H:14])[H:15])[H:17],28.0,12.0
16,0.040540000335091635,AM1BCC,OpenEye,,,H,,17,[H:16][C:7]1([C:6]([C:5]([C:4]([C:9]([C:8]1([H:18])[H:19])([H:20])[H:21])([H:11])[C:2](=[O:1])[O:3][H:10])([H:12])[H:13])([H:14])[H:15])[H:17],28.0,12.0
17,0.04545000000368981,AM1BCC,OpenEye,,,H,,18,[H:16][C:7]1([C:6]([C:5]([C:4]([C:9]([C:8]1([H:18])[H:19])([H:20])[H:21])([H:11])[C:2](=[O:1])[O:3][H:10])([H:12])[H:13])([H:14])[H:15])[H:17],28.0,12.0
18,0.04545000000368981,AM1BCC,OpenEye,,,H,,19,[H:16][C:7]1([C:6]([C:5]([C:4]([C:9]([C:8]1([H:18])[H:19])([H:20])[H:21])([H:11])[C:2](=[O:1])[O:3][H:10])([H:12])[H:13])([H:14])[H:15])[H:17],28.0,12.0
19,0.05517000137340455,AM1BCC,OpenEye,,,H,,20,[H:16][C:7]1([C:6]([C:5]([C:4]([C:9]([C:8]1([H:18])[H:19])([H:20])[H:21])([H:11])[C:2](=[O:1])[O:3][H:10])([H:12])[H:13])([H:14])[H:15])[H:17],28.0,12.0
20,0.05517000137340455,AM1BCC,OpenEye,,,H,,21,[H:16][C:7]1([C:6]([C:5]([C:4]([C:9]([C:8]1([H:18])[H:19])([H:20])[H:21])([H:11])[C:2](=[O:1])[O:3][H:10])([H:12])[H:13])([H:14])[H:15])[H:17],28.0,12.0
0,-0.5510476190476191,AM1BCC,AmberTools,,,O,,1,[H:16][C:7]1([C:6]([C:5]([C:4]([C:9]([C:8]1([H:18])[H:19])([H:20])[H:21])([H:11])[C:2](=[O:1])[O:3][H:10])([H:12])[H:13])([H:14])[H:15])[H:17],28.0,12.0
1,0.6350523809523809,AM1BCC,AmberTools,,,C,,2,[H:16][C:7]1([C:6]([C:5]([C:4]([C:9]([C:8]1([H:18])[H:19])([H:20])[H:21])([H:11])[C:2](=[O:1])[O:3][H:10])([H:12])[H:13])([H:14])[H:15])[H:17],28.0,12.0
2,-0.612147619047619,AM1BCC,AmberTools,,,O,,3,[H:16][C:7]1([C:6]([C:5]([C:4]([C:9]([C:8]1([H:18])[H:19])([H:20])[H:21])([H:11])[C:2](=[O:1])[O:3][H:10])([H:12])[H:13])([H:14])[H:15])[H:17],28.0,12.0
3,-0.10174761904761905,AM1BCC,AmberTools,,,C,,4,[H:16][C:7]1([C:6]([C:5]([C:4]([C:9]([C:8]1([H:18])[H:19])([H:20])[H:21])([H:11])[C:2](=[O:1])[O:3][H:10])([H:12])[H:13])([H:14])[H:15])[H:17],28.0,12.0
4,-0.07244761904761905,AM1BCC,AmberTools,,,C,,5,[H:16][C:7]1([C:6]([C:5]([C:4]([C:9]([C:8]1([H:18])[H:19])([H:20])[H:21])([H:11])[C:2](=[O:1])[O:3][H:10])([H:12])[H:13])([H:14])[H:15])[H:17],28.0,12.0
5,-0.07544761904761904,AM1BCC,AmberTools,,,C,,6,[H:16][C:7]1([C:6]([C:5]([C:4]([C:9]([C:8]1([H:18])[H:19])([H:20])[H:21])([H:11])[C:2](=[O:1])[O:3][H:10])([H:12])[H:13])([H:14])[H:15])[H:17],28.0,12.0
6,-0.07944761904761904,AM1BCC,AmberTools,,,C,,7,[H:16][C:7]1([C:6]([C:5]([C:4]([C:9]([C:8]1([H:18])[H:19])([H:20])[H:21])([H:11])[C:2](=[O:1])[O:3][H:10])([H:12])[H:13])([H:14])[H:15])[H:17],28.0,12.0
7,-0.07544761904761904,AM1BCC,AmberTools,,,C,,8,[H:16][C:7]1([C:6]([C:5]([C:4]([C:9]([C:8]1([H:18])[H:19])([H:20])[H:21])([H:11])[C:2](=[O:1])[O:3][H:10])([H:12])[H:13])([H:14])[H:15])[H:17],28.0,12.0
8,-0.07244761904761905,AM1BCC,AmberTools,,,C,,9,[H:16][C:7]1([C:6]([C:5]([C:4]([C:9]([C:8]1([H:18])[H:19])([H:20])[H:21])([H:11])[C:2](=[O:1])[O:3][H:10])([H:12])[H:13])([H:14])[H:15])[H:17],28.0,12.0
9,0.442952380952381,AM1BCC,AmberTools,,,H,,10,[H:16][C:7]1([C:6]([C:5]([C:4]([C:9]([C:8]1([H:18])[H:19])([H:20])[H:21])([H:11])[C:2](=[O:1])[O:3][H:10])([H:12])[H:13])([H:14])[H:15])[H:17],28.0,12.0
10,0.07965238095238095,AM1BCC,AmberTools,,,H,,11,[H:16][C:7]1([C:6]([C:5]([C:4]([C:9]([C:8]1([H:18])[H:19])([H:20])[H:21])([H:11])[C:2](=[O:1])[O:3][H:10])([H:12])[H:13])([H:14])[H:15])[H:17],28.0,12.0
11,0.056152380952380954,AM1BCC,AmberTools,,,H,,12,[H:16][C:7]1([C:6]([C:5]([C:4]([C:9]([C:8]1([H:18])[H:19])([H:20])[H:21])([H:11])[C:2](=[O:1])[O:3][H:10])([H:12])[H:13])([H:14])[H:15])[H:17],28.0,12.0
12,0.056152380952380954,AM1BCC,AmberTools,,,H,,13,[H:16][C:7]1([C:6]([C:5]([C:4]([C:9]([C:8]1([H:18])[H:19])([H:20])[H:21])([H:11])[C:2](=[O:1])[O:3][H:10])([H:12])[H:13])([H:14])[H:15])[H:17],28.0,12.0
13,0.04440238095238096,AM1BCC,AmberTools,,,H,,14,[H:16][C:7]1([C:6]([C:5]([C:4]([C:9]([C:8]1([H:18])[H:19])([H:20])[H:21])([H:11])[C:2](=[O:1])[O:3][H:10])([H:12])[H:13])([H:14])[H:15])[H:17],28.0,12.0
14,0.04440238095238096,AM1BCC,AmberTools,,,H,,15,[H:16][C:7]1([C:6]([C:5]([C:4]([C:9]([C:8]1([H:18])[H:19])([H:20])[H:21])([H:11])[C:2](=[O:1])[O:3][H:10])([H:12])[H:13])([H:14])[H:15])[H:17],28.0,12.0
15,0.04015238095238095,AM1BCC,AmberTools,,,H,,16,[H:16][C:7]1([C:6]([C:5]([C:4]([C:9]([C:8]1([H:18])[H:19])([H:20])[H:21])([H:11])[C:2](=[O:1])[O:3][H:10])([H:12])[H:13])([H:14])[H:15])[H:17],28.0,12.0
16,0.04015238095238095,AM1BCC,AmberTools,,,H,,17,[H:16][C:7]1([C:6]([C:5]([C:4]([C:9]([C:8]1([H:18])[H:19])([H:20])[H:21])([H:11])[C:2](=[O:1])[O:3][H:10])([H:12])[H:13])([H:14])[H:15])[H:17],28.0,12.0
17,0.04440238095238096,AM1BCC,AmberTools,,,H,,18,[H:16][C:7]1([C:6]([C:5]([C:4]([C:9]([C:8]1([H:18])[H:19])([H:20])[H:21])([H:11])[C:2](=[O:1])[O:3][H:10])([H:12])[H:13])([H:14])[H:15])[H:17],28.0,12.0
18,0.04440238095238096,AM1BCC,AmberTools,,,H,,19,[H:16][C:7]1([C:6]([C:5]([C:4]([C:9]([C:8]1([H:18])[H:19])([H:20])[H:21])([H:11])[C:2](=[O:1])[O:3][H:10])([H:12])[H:13])([H:14])[H:15])[H:17],28.0,12.0
19,0.056152380952380954,AM1BCC,AmberTools,,,H,,20,[H:16][C:7]1([C:6]([C:5]([C:4]([C:9]([C:8]1([H:18])[H:19])([H:20])[H:21])([H:11])[C:2](=[O:1])[O:3][H:10])([H:12])[H:13])([H:14])[H:15])[H:17],28.0,12.0
20,0.056152380952380954,AM1BCC,AmberTools,,,H,,21,[H:16][C:7]1([C:6]([C:5]([C:4]([C:9]([C:8]1([H:18])[H:19])([H:20])[H:21])([H:11])[C:2](=[O:1])[O:3][H:10])([H:12])[H:13])([H:14])[H:15])[H:17],28.0,12.0
0,-0.5523599989357448,AM1BCC,OpenEye,,,O,,1,[H:16][C:7]1([C:6]([C:5]([C:4]([C:9]([C:8]1([H:18])[H:19])([H:20])[H:21])([H:11])[C:2](=[O:1])[O:3][H:10])([H:12])[H:13])([H:14])[H:15])[H:17],29.0,1.0
1,0.6346499912795567,AM1BCC,OpenEye,,,C,,2,[H:16][C:7]1([C:6]([C:5]([C:4]([C:9]([C:8]1([H:18])[H:19])([H:20])[H:21])([H:11])[C:2](=[O:1])[O:3][H:10])([H:12])[H:13])([H:14])[H:15])[H:17],29.0,1.0
2,-0.6014099724235988,AM1BCC,OpenEye,,,O,,3,[H:16][C:7]1([C:6]([C:5]([C:4]([C:9]([C:8]1([H:18])[H:19])([H:20])[H:21])([H:11])[C:2](=[O:1])[O:3][H:10])([H:12])[H:13])([H:14])[H:15])[H:17],29.0,1.0
3,-0.10766000371603739,AM1BCC,OpenEye,,,C,,4,[H:16][C:7]1([C:6]([C:5]([C:4]([C:9]([C:8]1([H:18])[H:19])([H:20])[H:21])([H:11])[C:2](=[O:1])[O:3][H:10])([H:12])[H:13])([H:14])[H:15])[H:17],29.0,1.0
4,-0.06951999735264551,AM1BCC,OpenEye,,,C,,5,[H:16][C:7]1([C:6]([C:5]([C:4]([C:9]([C:8]1([H:18])[H:19])([H:20])[H:21])([H:11])[C:2](=[O:1])[O:3][H:10])([H:12])[H:13])([H:14])[H:15])[H:17],29.0,1.0
5,-0.07839000296025049,AM1BCC,OpenEye,,,C,,6,[H:16][C:7]1([C:6]([C:5]([C:4]([C:9]([C:8]1([H:18])[H:19])([H:20])[H:21])([H:11])[C:2](=[O:1])[O:3][H:10])([H:12])[H:13])([H:14])[H:15])[H:17],29.0,1.0
6,-0.07823000174193155,AM1BCC,OpenEye,,,C,,7,[H:16][C:7]1([C:6]([C:5]([C:4]([C:9]([C:8]1([H:18])[H:19])([H:20])[H:21])([H:11])[C:2](=[O:1])[O:3][H:10])([H:12])[H:13])([H:14])[H:15])[H:17],29.0,1.0
7,-0.07839000296025049,AM1BCC,OpenEye,,,C,,8,[H:16][C:7]1([C:6]([C:5]([C:4]([C:9]([C:8]1([H:18])[H:19])([H:20])[H:21])([H:11])[C:2](=[O:1])[O:3][H:10])([H:12])[H:13])([H:14])[H:15])[H:17],29.0,1.0
8,-0.06951999735264551,AM1BCC,OpenEye,,,C,,9,[H:16][C:7]1([C:6]([C:5]([C:4]([C:9]([C:8]1([H:18])[H:19])([H:20])[H:21])([H:11])[C:2](=[O:1])[O:3][H:10])([H:12])[H:13])([H:14])[H:15])[H:17],29.0,1.0
9,0.4412899904307865,AM1BCC,OpenEye,,,H,,10,[H:16][C:7]1([C:6]([C:5]([C:4]([C:9]([C:8]1([H:18])[H:19])([H:20])[H:21])([H:11])[C:2](=[O:1])[O:3][H:10])([H:12])[H:13])([H:14])[H:15])[H:17],29.0,1.0
10,0.08188000250430334,AM1BCC,OpenEye,,,H,,11,[H:16][C:7]1([C:6]([C:5]([C:4]([C:9]([C:8]1([H:18])[H:19])([H:20])[H:21])([H:11])[C:2](=[O:1])[O:3][H:10])([H:12])[H:13])([H:14])[H:15])[H:17],29.0,1.0
11,0.052429999446585066,AM1BCC,OpenEye,,,H,,12,[H:16][C:7]1([C:6]([C:5]([C:4]([C:9]([C:8]1([H:18])[H:19])([H:20])[H:21])([H:11])[C:2](=[O:1])[O:3][H:10])([H:12])[H:13])([H:14])[H:15])[H:17],29.0,1.0
12,0.052429999446585066,AM1BCC,OpenEye,,,H,,13,[H:16][C:7]1([C:6]([C:5]([C:4]([C:9]([C:8]1([H:18])[H:19])([H:20])[H:21])([H:11])[C:2](=[O:1])[O:3][H:10])([H:12])[H:13])([H:14])[H:15])[H:17],29.0,1.0
13,0.04661999944420088,AM1BCC,OpenEye,,,H,,14,[H:16][C:7]1([C:6]([C:5]([C:4]([C:9]([C:8]1([H:18])[H:19])([H:20])[H:21])([H:11])[C:2](=[O:1])[O:3][H:10])([H:12])[H:13])([H:14])[H:15])[H:17],29.0,1.0
14,0.04661999944420088,AM1BCC,OpenEye,,,H,,15,[H:16][C:7]1([C:6]([C:5]([C:4]([C:9]([C:8]1([H:18])[H:19])([H:20])[H:21])([H:11])[C:2](=[O:1])[O:3][H:10])([H:12])[H:13])([H:14])[H:15])[H:17],29.0,1.0
15,0.040729998832657224,AM1BCC,OpenEye,,,H,,16,[H:16][C:7]1([C:6]([C:5]([C:4]([C:9]([C:8]1([H:18])[H:19])([H:20])[H:21])([H:11])[C:2](=[O:1])[O:3][H:10])([H:12])[H:13])([H:14])[H:15])[H:17],29.0,1.0
16,0.040729998832657224,AM1BCC,OpenEye,,,H,,17,[H:16][C:7]1([C:6]([C:5]([C:4]([C:9]([C:8]1([H:18])[H:19])([H:20])[H:21])([H:11])[C:2](=[O:1])[O:3][H:10])([H:12])[H:13])([H:14])[H:15])[H:17],29.0,1.0
17,0.04661999944420088,AM1BCC,OpenEye,,,H,,18,[H:16][C:7]1([C:6]([C:5]([C:4]([C:9]([C:8]1([H:18])[H:19])([H:20])[H:21])([H:11])[C:2](=[O:1])[O:3][H:10])([H:12])[H:13])([H:14])[H:15])[H:17],29.0,1.0
18,0.04661999944420088,AM1BCC,OpenEye,,,H,,19,[H:16][C:7]1([C:6]([C:5]([C:4]([C:9]([C:8]1([H:18])[H:19])([H:20])[H:21])([H:11])[C:2](=[O:1])[O:3][H:10])([H:12])[H:13])([H:14])[H:15])[H:17],29.0,1.0
19,0.052429999446585066,AM1BCC,OpenEye,,,H,,20,[H:16][C:7]1([C:6]([C:5]([C:4]([C:9]([C:8]1([H:18])[H:19])([H:20])[H:21])([H:11])[C:2](=[O:1])[O:3][H:10])([H:12])[H:13])([H:14])[H:15])[H:17],29.0,1.0
20,0.052429999446585066,AM1BCC,OpenEye,,,H,,21,[H:16][C:7]1([C:6]([C:5]([C:4]([C:9]([C:8]1([H:18])[H:19])([H:20])[H:21])([H:11])[C:2](=[O:1])[O:3][H:10])([H:12])[H:13])([H:14])[H:15])[H:17],29.0,1.0
0,-0.5528571428571429,AM1BCC,AmberTools,,,O,,1,[H:16][C:7]1([C:6]([C:5]([C:4]([C:9]([C:8]1([H:18])[H:19])([H:20])[H:21])([H:11])[C:2](=[O:1])[O:3][H:10])([H:12])[H:13])([H:14])[H:15])[H:17],29.0,1.0
1,0.6342428571428571,AM1BCC,AmberTools,,,C,,2,[H:16][C:7]1([C:6]([C:5]([C:4]([C:9]([C:8]1([H:18])[H:19])([H:20])[H:21])([H:11])[C:2](=[O:1])[O:3][H:10])([H:12])[H:13])([H:14])[H:15])[H:17],29.0,1.0
2,-0.6059571428571429,AM1BCC,AmberTools,,,O,,3,[H:16][C:7]1([C:6]([C:5]([C:4]([C:9]([C:8]1([H:18])[H:19])([H:20])[H:21])([H:11])[C:2](=[O:1])[O:3][H:10])([H:12])[H:13])([H:14])[H:15])[H:17],29.0,1.0
3,-0.10255714285714285,AM1BCC,AmberTools,,,C,,4,[H:16][C:7]1([C:6]([C:5]([C:4]([C:9]([C:8]1([H:18])[H:19])([H:20])[H:21])([H:11])[C:2](=[O:1])[O:3][H:10])([H:12])[H:13])([H:14])[H:15])[H:17],29.0,1.0
4,-0.07025714285714285,AM1BCC,AmberTools,,,C,,5,[H:16][C:7]1([C:6]([C:5]([C:4]([C:9]([C:8]1([H:18])[H:19])([H:20])[H:21])([H:11])[C:2](=[O:1])[O:3][H:10])([H:12])[H:13])([H:14])[H:15])[H:17],29.0,1.0
5,-0.07775714285714284,AM1BCC,AmberTools,,,C,,6,[H:16][C:7]1([C:6]([C:5]([C:4]([C:9]([C:8]1([H:18])[H:19])([H:20])[H:21])([H:11])[C:2](=[O:1])[O:3][H:10])([H:12])[H:13])([H:14])[H:15])[H:17],29.0,1.0
6,-0.07725714285714284,AM1BCC,AmberTools,,,C,,7,[H:16][C:7]1([C:6]([C:5]([C:4]([C:9]([C:8]1([H:18])[H:19])([H:20])[H:21])([H:11])[C:2](=[O:1])[O:3][H:10])([H:12])[H:13])([H:14])[H:15])[H:17],29.0,1.0
7,-0.07775714285714284,AM1BCC,AmberTools,,,C,,8,[H:16][C:7]1([C:6]([C:5]([C:4]([C:9]([C:8]1([H:18])[H:19])([H:20])[H:21])([H:11])[C:2](=[O:1])[O:3][H:10])([H:12])[H:13])([H:14])[H:15])[H:17],29.0,1.0
8,-0.07025714285714285,AM1BCC,AmberTools,,,C,,9,[H:16][C:7]1([C:6]([C:5]([C:4]([C:9]([C:8]1([H:18])[H:19])([H:20])[H:21])([H:11])[C:2](=[O:1])[O:3][H:10])([H:12])[H:13])([H:14])[H:15])[H:17],29.0,1.0
9,0.44214285714285717,AM1BCC,AmberTools,,,H,,10,[H:16][C:7]1([C:6]([C:5]([C:4]([C:9]([C:8]1([H:18])[H:19])([H:20])[H:21])([H:11])[C:2](=[O:1])[O:3][H:10])([H:12])[H:13])([H:14])[H:15])[H:17],29.0,1.0
10,0.08084285714285715,AM1BCC,AmberTools,,,H,,11,[H:16][C:7]1([C:6]([C:5]([C:4]([C:9]([C:8]1([H:18])[H:19])([H:20])[H:21])([H:11])[C:2](=[O:1])[O:3][H:10])([H:12])[H:13])([H:14])[H:15])[H:17],29.0,1.0
11,0.05284285714285714,AM1BCC,AmberTools,,,H,,12,[H:16][C:7]1([C:6]([C:5]([C:4]([C:9]([C:8]1([H:18])[H:19])([H:20])[H:21])([H:11])[C:2](=[O:1])[O:3][H:10])([H:12])[H:13])([H:14])[H:15])[H:17],29.0,1.0
12,0.05284285714285714,AM1BCC,AmberTools,,,H,,13,[H:16][C:7]1([C:6]([C:5]([C:4]([C:9]([C:8]1([H:18])[H:19])([H:20])[H:21])([H:11])[C:2](=[O:1])[O:3][H:10])([H:12])[H:13])([H:14])[H:15])[H:17],29.0,1.0
13,0.046342857142857144,AM1BCC,AmberTools,,,H,,14,[H:16][C:7]1([C:6]([C:5]([C:4]([C:9]([C:8]1([H:18])[H:19])([H:20])[H:21])([H:11])[C:2](=[O:1])[O:3][H:10])([H:12])[H:13])([H:14])[H:15])[H:17],29.0,1.0
14,0.046342857142857144,AM1BCC,AmberTools,,,H,,15,[H:16][C:7]1([C:6]([C:5]([C:4]([C:9]([C:8]1([H:18])[H:19])([H:20])[H:21])([H:11])[C:2](=[O:1])[O:3][H:10])([H:12])[H:13])([H:14])[H:15])[H:17],29.0,1.0
15,0.040342857142857146,AM1BCC,AmberTools,,,H,,16,[H:16][C:7]1([C:6]([C:5]([C:4]([C:9]([C:8]1([H:18])[H:19])([H:20])[H:21])([H:11])[C:2](=[O:1])[O:3][H:10])([H:12])[H:13])([H:14])[H:15])[H:17],29.0,1.0
16,0.040342857142857146,AM1BCC,AmberTools,,,H,,17,[H:16][C:7]1([C:6]([C:5]([C:4]([C:9]([C:8]1([H:18])[H:19])([H:20])[H:21])([H:11])[C:2](=[O:1])[O:3][H:10])([H:12])[H:13])([H:14])[H:15])[H:17],29.0,1.0
17,0.046342857142857144,AM1BCC,AmberTools,,,H,,18,[H:16][C:7]1([C:6]([C:5]([C:4]([C:9]([C:8]1([H:18])[H:19])([H:20])[H:21])([H:11])[C:2](=[O:1])[O:3][H:10])([H:12])[H:13])([H:14])[H:15])[H:17],29.0,1.0
18,0.046342857142857144,AM1BCC,AmberTools,,,H,,19,[H:16][C:7]1([C:6]([C:5]([C:4]([C:9]([C:8]1([H:18])[H:19])([H:20])[H:21])([H:11])[C:2](=[O:1])[O:3][H:10])([H:12])[H:13])([H:14])[H:15])[H:17],29.0,1.0
19,0.05284285714285714,AM1BCC,AmberTools,,,H,,20,[H:16][C:7]1([C:6]([C:5]([C:4]([C:9]([C:8]1([H:18])[H:19])([H:20])[H:21])([H:11])[C:2](=[O:1])[O:3][H:10])([H:12])[H:13])([H:14])[H:15])[H:17],29.0,1.0
20,0.05284285714285714,AM1BCC,AmberTools,,,H,,21,[H:16][C:7]1([C:6]([C:5]([C:4]([C:9]([C:8]1([H:18])[H:19])([H:20])[H:21])([H:11])[C:2](=[O:1])[O:3][H:10])([H:12])[H:13])([H:14])[H:15])[H:17],29.0,1.0
0,-0.5523599989357448,AM1BCC,OpenEye,,,O,,1,[H:16][C:7]1([C:6]([C:5]([C:4]([C:9]([C:8]1([H:18])[H:19])([H:20])[H:21])([H:11])[C:2](=[O:1])[O:3][H:10])([H:12])[H:13])([H:14])[H:15])[H:17],29.0,2.0
1,0.6346499912795567,AM1BCC,OpenEye,,,C,,2,[H:16][C:7]1([C:6]([C:5]([C:4]([C:9]([C:8]1([H:18])[H:19])([H:20])[H:21])([H:11])[C:2](=[O:1])[O:3][H:10])([H:12])[H:13])([H:14])[H:15])[H:17],29.0,2.0
2,-0.6014099724235988,AM1BCC,OpenEye,,,O,,3,[H:16][C:7]1([C:6]([C:5]([C:4]([C:9]([C:8]1([H:18])[H:19])([H:20])[H:21])([H:11])[C:2](=[O:1])[O:3][H:10])([H:12])[H:13])([H:14])[H:15])[H:17],29.0,2.0
3,-0.10766000371603739,AM1BCC,OpenEye,,,C,,4,[H:16][C:7]1([C:6]([C:5]([C:4]([C:9]([C:8]1([H:18])[H:19])([H:20])[H:21])([H:11])[C:2](=[O:1])[O:3][H:10])([H:12])[H:13])([H:14])[H:15])[H:17],29.0,2.0
4,-0.06951999735264551,AM1BCC,OpenEye,,,C,,5,[H:16][C:7]1([C:6]([C:5]([C:4]([C:9]([C:8]1([H:18])[H:19])([H:20])[H:21])([H:11])[C:2](=[O:1])[O:3][H:10])([H:12])[H:13])([H:14])[H:15])[H:17],29.0,2.0
5,-0.07839000296025049,AM1BCC,OpenEye,,,C,,6,[H:16][C:7]1([C:6]([C:5]([C:4]([C:9]([C:8]1([H:18])[H:19])([H:20])[H:21])([H:11])[C:2](=[O:1])[O:3][H:10])([H:12])[H:13])([H:14])[H:15])[H:17],29.0,2.0
6,-0.07823000174193155,AM1BCC,OpenEye,,,C,,7,[H:16][C:7]1([C:6]([C:5]([C:4]([C:9]([C:8]1([H:18])[H:19])([H:20])[H:21])([H:11])[C:2](=[O:1])[O:3][H:10])([H:12])[H:13])([H:14])[H:15])[H:17],29.0,2.0
7,-0.07839000296025049,AM1BCC,OpenEye,,,C,,8,[H:16][C:7]1([C:6]([C:5]([C:4]([C:9]([C:8]1([H:18])[H:19])([H:20])[H:21])([H:11])[C:2](=[O:1])[O:3][H:10])([H:12])[H:13])([H:14])[H:15])[H:17],29.0,2.0
8,-0.06951999735264551,AM1BCC,OpenEye,,,C,,9,[H:16][C:7]1([C:6]([C:5]([C:4]([C:9]([C:8]1([H:18])[H:19])([H:20])[H:21])([H:11])[C:2](=[O:1])[O:3][H:10])([H:12])[H:13])([H:14])[H:15])[H:17],29.0,2.0
9,0.4412899904307865,AM1BCC,OpenEye,,,H,,10,[H:16][C:7]1([C:6]([C:5]([C:4]([C:9]([C:8]1([H:18])[H:19])([H:20])[H:21])([H:11])[C:2](=[O:1])[O:3][H:10])([H:12])[H:13])([H:14])[H:15])[H:17],29.0,2.0
10,0.08188000250430334,AM1BCC,OpenEye,,,H,,11,[H:16][C:7]1([C:6]([C:5]([C:4]([C:9]([C:8]1([H:18])[H:19])([H:20])[H:21])([H:11])[C:2](=[O:1])[O:3][H:10])([H:12])[H:13])([H:14])[H:15])[H:17],29.0,2.0
11,0.052429999446585066,AM1BCC,OpenEye,,,H,,12,[H:16][C:7]1([C:6]([C:5]([C:4]([C:9]([C:8]1([H:18])[H:19])([H:20])[H:21])([H:11])[C:2](=[O:1])[O:3][H:10])([H:12])[H:13])([H:14])[H:15])[H:17],29.0,2.0
12,0.052429999446585066,AM1BCC,OpenEye,,,H,,13,[H:16][C:7]1([C:6]([C:5]([C:4]([C:9]([C:8]1([H:18])[H:19])([H:20])[H:21])([H:11])[C:2](=[O:1])[O:3][H:10])([H:12])[H:13])([H:14])[H:15])[H:17],29.0,2.0
13,0.04661999944420088,AM1BCC,OpenEye,,,H,,14,[H:16][C:7]1([C:6]([C:5]([C:4]([C:9]([C:8]1([H:18])[H:19])([H:20])[H:21])([H:11])[C:2](=[O:1])[O:3][H:10])([H:12])[H:13])([H:14])[H:15])[H:17],29.0,2.0
14,0.04661999944420088,AM1BCC,OpenEye,,,H,,15,[H:16][C:7]1([C:6]([C:5]([C:4]([C:9]([C:8]1([H:18])[H:19])([H:20])[H:21])([H:11])[C:2](=[O:1])[O:3][H:10])([H:12])[H:13])([H:14])[H:15])[H:17],29.0,2.0
15,0.040729998832657224,AM1BCC,OpenEye,,,H,,16,[H:16][C:7]1([C:6]([C:5]([C:4]([C:9]([C:8]1([H:18])[H:19])([H:20])[H:21])([H:11])[C:2](=[O:1])[O:3][H:10])([H:12])[H:13])([H:14])[H:15])[H:17],29.0,2.0
16,0.040729998832657224,AM1BCC,OpenEye,,,H,,17,[H:16][C:7]1([C:6]([C:5]([C:4]([C:9]([C:8]1([H:18])[H:19])([H:20])[H:21])([H:11])[C:2](=[O:1])[O:3][H:10])([H:12])[H:13])([H:14])[H:15])[H:17],29.0,2.0
17,0.04661999944420088,AM1BCC,OpenEye,,,H,,18,[H:16][C:7]1([C:6]([C:5]([C:4]([C:9]([C:8]1([H:18])[H:19])([H:20])[H:21])([H:11])[C:2](=[O:1])[O:3][H:10])([H:12])[H:13])([H:14])[H:15])[H:17],29.0,2.0
18,0.04661999944420088,AM1BCC,OpenEye,,,H,,19,[H:16][C:7]1([C:6]([C:5]([C:4]([C:9]([C:8]1([H:18])[H:19])([H:20])[H:21])([H:11])[C:2](=[O:1])[O:3][H:10])([H:12])[H:13])([H:14])[H:15])[H:17],29.0,2.0
19,0.052429999446585066,AM1BCC,OpenEye,,,H,,20,[H:16][C:7]1([C:6]([C:5]([C:4]([C:9]([C:8]1([H:18])[H:19])([H:20])[H:21])([H:11])[C:2](=[O:1])[O:3][H:10])([H:12])[H:13])([H:14])[H:15])[H:17],29.0,2.0
20,0.052429999446585066,AM1BCC,OpenEye,,,H,,21,[H:16][C:7]1([C:6]([C:5]([C:4]([C:9]([C:8]1([H:18])[H:19])([H:20])[H:21])([H:11])[C:2](=[O:1])[O:3][H:10])([H:12])[H:13])([H:14])[H:15])[H:17],29.0,2.0
0,-0.5528571428571429,AM1BCC,AmberTools,,,O,,1,[H:16][C:7]1([C:6]([C:5]([C:4]([C:9]([C:8]1([H:18])[H:19])([H:20])[H:21])([H:11])[C:2](=[O:1])[O:3][H:10])([H:12])[H:13])([H:14])[H:15])[H:17],29.0,2.0
1,0.6342428571428571,AM1BCC,AmberTools,,,C,,2,[H:16][C:7]1([C:6]([C:5]([C:4]([C:9]([C:8]1([H:18])[H:19])([H:20])[H:21])([H:11])[C:2](=[O:1])[O:3][H:10])([H:12])[H:13])([H:14])[H:15])[H:17],29.0,2.0
2,-0.6059571428571429,AM1BCC,AmberTools,,,O,,3,[H:16][C:7]1([C:6]([C:5]([C:4]([C:9]([C:8]1([H:18])[H:19])([H:20])[H:21])([H:11])[C:2](=[O:1])[O:3][H:10])([H:12])[H:13])([H:14])[H:15])[H:17],29.0,2.0
3,-0.10255714285714285,AM1BCC,AmberTools,,,C,,4,[H:16][C:7]1([C:6]([C:5]([C:4]([C:9]([C:8]1([H:18])[H:19])([H:20])[H:21])([H:11])[C:2](=[O:1])[O:3][H:10])([H:12])[H:13])([H:14])[H:15])[H:17],29.0,2.0
4,-0.07025714285714285,AM1BCC,AmberTools,,,C,,5,[H:16][C:7]1([C:6]([C:5]([C:4]([C:9]([C:8]1([H:18])[H:19])([H:20])[H:21])([H:11])[C:2](=[O:1])[O:3][H:10])([H:12])[H:13])([H:14])[H:15])[H:17],29.0,2.0
5,-0.07775714285714284,AM1BCC,AmberTools,,,C,,6,[H:16][C:7]1([C:6]([C:5]([C:4]([C:9]([C:8]1([H:18])[H:19])([H:20])[H:21])([H:11])[C:2](=[O:1])[O:3][H:10])([H:12])[H:13])([H:14])[H:15])[H:17],29.0,2.0
6,-0.07725714285714284,AM1BCC,AmberTools,,,C,,7,[H:16][C:7]1([C:6]([C:5]([C:4]([C:9]([C:8]1([H:18])[H:19])([H:20])[H:21])([H:11])[C:2](=[O:1])[O:3][H:10])([H:12])[H:13])([H:14])[H:15])[H:17],29.0,2.0
7,-0.07775714285714284,AM1BCC,AmberTools,,,C,,8,[H:16][C:7]1([C:6]([C:5]([C:4]([C:9]([C:8]1([H:18])[H:19])([H:20])[H:21])([H:11])[C:2](=[O:1])[O:3][H:10])([H:12])[H:13])([H:14])[H:15])[H:17],29.0,2.0
8,-0.07025714285714285,AM1BCC,AmberTools,,,C,,9,[H:16][C:7]1([C:6]([C:5]([C:4]([C:9]([C:8]1([H:18])[H:19])([H:20])[H:21])([H:11])[C:2](=[O:1])[O:3][H:10])([H:12])[H:13])([H:14])[H:15])[H:17],29.0,2.0
9,0.44214285714285717,AM1BCC,AmberTools,,,H,,10,[H:16][C:7]1([C:6]([C:5]([C:4]([C:9]([C:8]1([H:18])[H:19])([H:20])[H:21])([H:11])[C:2](=[O:1])[O:3][H:10])([H:12])[H:13])([H:14])[H:15])[H:17],29.0,2.0
10,0.08084285714285715,AM1BCC,AmberTools,,,H,,11,[H:16][C:7]1([C:6]([C:5]([C:4]([C:9]([C:8]1([H:18])[H:19])([H:20])[H:21])([H:11])[C:2](=[O:1])[O:3][H:10])([H:12])[H:13])([H:14])[H:15])[H:17],29.0,2.0
11,0.05284285714285714,AM1BCC,AmberTools,,,H,,12,[H:16][C:7]1([C:6]([C:5]([C:4]([C:9]([C:8]1([H:18])[H:19])([H:20])[H:21])([H:11])[C:2](=[O:1])[O:3][H:10])([H:12])[H:13])([H:14])[H:15])[H:17],29.0,2.0
12,0.05284285714285714,AM1BCC,AmberTools,,,H,,13,[H:16][C:7]1([C:6]([C:5]([C:4]([C:9]([C:8]1([H:18])[H:19])([H:20])[H:21])([H:11])[C:2](=[O:1])[O:3][H:10])([H:12])[H:13])([H:14])[H:15])[H:17],29.0,2.0
13,0.046342857142857144,AM1BCC,AmberTools,,,H,,14,[H:16][C:7]1([C:6]([C:5]([C:4]([C:9]([C:8]1([H:18])[H:19])([H:20])[H:21])([H:11])[C:2](=[O:1])[O:3][H:10])([H:12])[H:13])([H:14])[H:15])[H:17],29.0,2.0
14,0.046342857142857144,AM1BCC,AmberTools,,,H,,15,[H:16][C:7]1([C:6]([C:5]([C:4]([C:9]([C:8]1([H:18])[H:19])([H:20])[H:21])([H:11])[C:2](=[O:1])[O:3][H:10])([H:12])[H:13])([H:14])[H:15])[H:17],29.0,2.0
15,0.040342857142857146,AM1BCC,AmberTools,,,H,,16,[H:16][C:7]1([C:6]([C:5]([C:4]([C:9]([C:8]1([H:18])[H:19])([H:20])[H:21])([H:11])[C:2](=[O:1])[O:3][H:10])([H:12])[H:13])([H:14])[H:15])[H:17],29.0,2.0
16,0.040342857142857146,AM1BCC,AmberTools,,,H,,17,[H:16][C:7]1([C:6]([C:5]([C:4]([C:9]([C:8]1([H:18])[H:19])([H:20])[H:21])([H:11])[C:2](=[O:1])[O:3][H:10])([H:12])[H:13])([H:14])[H:15])[H:17],29.0,2.0
17,0.046342857142857144,AM1BCC,AmberTools,,,H,,18,[H:16][C:7]1([C:6]([C:5]([C:4]([C:9]([C:8]1([H:18])[H:19])([H:20])[H:21])([H:11])[C:2](=[O:1])[O:3][H:10])([H:12])[H:13])([H:14])[H:15])[H:17],29.0,2.0
18,0.046342857142857144,AM1BCC,AmberTools,,,H,,19,[H:16][C:7]1([C:6]([C:5]([C:4]([C:9]([C:8]1([H:18])[H:19])([H:20])[H:21])([H:11])[C:2](=[O:1])[O:3][H:10])([H:12])[H:13])([H:14])[H:15])[H:17],29.0,2.0
19,0.05284285714285714,AM1BCC,AmberTools,,,H,,20,[H:16][C:7]1([C:6]([C:5]([C:4]([C:9]([C:8]1([H:18])[H:19])([H:20])[H:21])([H:11])[C:2](=[O:1])[O:3][H:10])([H:12])[H:13])([H:14])[H:15])[H:17],29.0,2.0
20,0.05284285714285714,AM1BCC,AmberTools,,,H,,21,[H:16][C:7]1([C:6]([C:5]([C:4]([C:9]([C:8]1([H:18])[H:19])([H:20])[H:21])([H:11])[C:2](=[O:1])[O:3][H:10])([H:12])[H:13])([H:14])[H:15])[H:17],29.0,2.0
0,-0.5523599989357448,AM1BCC,OpenEye,,,O,,1,[H:16][C:7]1([C:6]([C:5]([C:4]([C:9]([C:8]1([H:18])[H:19])([H:20])[H:21])([H:11])[C:2](=[O:1])[O:3][H:10])([H:12])[H:13])([H:14])[H:15])[H:17],29.0,3.0
1,0.6346499912795567,AM1BCC,OpenEye,,,C,,2,[H:16][C:7]1([C:6]([C:5]([C:4]([C:9]([C:8]1([H:18])[H:19])([H:20])[H:21])([H:11])[C:2](=[O:1])[O:3][H:10])([H:12])[H:13])([H:14])[H:15])[H:17],29.0,3.0
2,-0.6014099724235988,AM1BCC,OpenEye,,,O,,3,[H:16][C:7]1([C:6]([C:5]([C:4]([C:9]([C:8]1([H:18])[H:19])([H:20])[H:21])([H:11])[C:2](=[O:1])[O:3][H:10])([H:12])[H:13])([H:14])[H:15])[H:17],29.0,3.0
3,-0.10766000371603739,AM1BCC,OpenEye,,,C,,4,[H:16][C:7]1([C:6]([C:5]([C:4]([C:9]([C:8]1([H:18])[H:19])([H:20])[H:21])([H:11])[C:2](=[O:1])[O:3][H:10])([H:12])[H:13])([H:14])[H:15])[H:17],29.0,3.0
4,-0.06951999735264551,AM1BCC,OpenEye,,,C,,5,[H:16][C:7]1([C:6]([C:5]([C:4]([C:9]([C:8]1([H:18])[H:19])([H:20])[H:21])([H:11])[C:2](=[O:1])[O:3][H:10])([H:12])[H:13])([H:14])[H:15])[H:17],29.0,3.0
5,-0.07839000296025049,AM1BCC,OpenEye,,,C,,6,[H:16][C:7]1([C:6]([C:5]([C:4]([C:9]([C:8]1([H:18])[H:19])([H:20])[H:21])([H:11])[C:2](=[O:1])[O:3][H:10])([H:12])[H:13])([H:14])[H:15])[H:17],29.0,3.0
6,-0.07823000174193155,AM1BCC,OpenEye,,,C,,7,[H:16][C:7]1([C:6]([C:5]([C:4]([C:9]([C:8]1([H:18])[H:19])([H:20])[H:21])([H:11])[C:2](=[O:1])[O:3][H:10])([H:12])[H:13])([H:14])[H:15])[H:17],29.0,3.0
7,-0.07839000296025049,AM1BCC,OpenEye,,,C,,8,[H:16][C:7]1([C:6]([C:5]([C:4]([C:9]([C:8]1([H:18])[H:19])([H:20])[H:21])([H:11])[C:2](=[O:1])[O:3][H:10])([H:12])[H:13])([H:14])[H:15])[H:17],29.0,3.0
8,-0.06951999735264551,AM1BCC,OpenEye,,,C,,9,[H:16][C:7]1([C:6]([C:5]([C:4]([C:9]([C:8]1([H:18])[H:19])([H:20])[H:21])([H:11])[C:2](=[O:1])[O:3][H:10])([H:12])[H:13])([H:14])[H:15])[H:17],29.0,3.0
9,0.4412899904307865,AM1BCC,OpenEye,,,H,,10,[H:16][C:7]1([C:6]([C:5]([C:4]([C:9]([C:8]1([H:18])[H:19])([H:20])[H:21])([H:11])[C:2](=[O:1])[O:3][H:10])([H:12])[H:13])([H:14])[H:15])[H:17],29.0,3.0
10,0.08188000250430334,AM1BCC,OpenEye,,,H,,11,[H:16][C:7]1([C:6]([C:5]([C:4]([C:9]([C:8]1([H:18])[H:19])([H:20])[H:21])([H:11])[C:2](=[O:1])[O:3][H:10])([H:12])[H:13])([H:14])[H:15])[H:17],29.0,3.0
11,0.052429999446585066,AM1BCC,OpenEye,,,H,,12,[H:16][C:7]1([C:6]([C:5]([C:4]([C:9]([C:8]1([H:18])[H:19])([H:20])[H:21])([H:11])[C:2](=[O:1])[O:3][H:10])([H:12])[H:13])([H:14])[H:15])[H:17],29.0,3.0
12,0.052429999446585066,AM1BCC,OpenEye,,,H,,13,[H:16][C:7]1([C:6]([C:5]([C:4]([C:9]([C:8]1([H:18])[H:19])([H:20])[H:21])([H:11])[C:2](=[O:1])[O:3][H:10])([H:12])[H:13])([H:14])[H:15])[H:17],29.0,3.0
13,0.04661999944420088,AM1BCC,OpenEye,,,H,,14,[H:16][C:7]1([C:6]([C:5]([C:4]([C:9]([C:8]1([H:18])[H:19])([H:20])[H:21])([H:11])[C:2](=[O:1])[O:3][H:10])([H:12])[H:13])([H:14])[H:15])[H:17],29.0,3.0
14,0.04661999944420088,AM1BCC,OpenEye,,,H,,15,[H:16][C:7]1([C:6]([C:5]([C:4]([C:9]([C:8]1([H:18])[H:19])([H:20])[H:21])([H:11])[C:2](=[O:1])[O:3][H:10])([H:12])[H:13])([H:14])[H:15])[H:17],29.0,3.0
15,0.040729998832657224,AM1BCC,OpenEye,,,H,,16,[H:16][C:7]1([C:6]([C:5]([C:4]([C:9]([C:8]1([H:18])[H:19])([H:20])[H:21])([H:11])[C:2](=[O:1])[O:3][H:10])([H:12])[H:13])([H:14])[H:15])[H:17],29.0,3.0
16,0.040729998832657224,AM1BCC,OpenEye,,,H,,17,[H:16][C:7]1([C:6]([C:5]([C:4]([C:9]([C:8]1([H:18])[H:19])([H:20])[H:21])([H:11])[C:2](=[O:1])[O:3][H:10])([H:12])[H:13])([H:14])[H:15])[H:17],29.0,3.0
17,0.04661999944420088,AM1BCC,OpenEye,,,H,,18,[H:16][C:7]1([C:6]([C:5]([C:4]([C:9]([C:8]1([H:18])[H:19])([H:20])[H:21])([H:11])[C:2](=[O:1])[O:3][H:10])([H:12])[H:13])([H:14])[H:15])[H:17],29.0,3.0
18,0.04661999944420088,AM1BCC,OpenEye,,,H,,19,[H:16][C:7]1([C:6]([C:5]([C:4]([C:9]([C:8]1([H:18])[H:19])([H:20])[H:21])([H:11])[C:2](=[O:1])[O:3][H:10])([H:12])[H:13])([H:14])[H:15])[H:17],29.0,3.0
19,0.052429999446585066,AM1BCC,OpenEye,,,H,,20,[H:16][C:7]1([C:6]([C:5]([C:4]([C:9]([C:8]1([H:18])[H:19])([H:20])[H:21])([H:11])[C:2](=[O:1])[O:3][H:10])([H:12])[H:13])([H:14])[H:15])[H:17],29.0,3.0
20,0.052429999446585066,AM1BCC,OpenEye,,,H,,21,[H:16][C:7]1([C:6]([C:5]([C:4]([C:9]([C:8]1([H:18])[H:19])([H:20])[H:21])([H:11])[C:2](=[O:1])[O:3][H:10])([H:12])[H:13])([H:14])[H:15])[H:17],29.0,3.0
0,-0.5528571428571429,AM1BCC,AmberTools,,,O,,1,[H:16][C:7]1([C:6]([C:5]([C:4]([C:9]([C:8]1([H:18])[H:19])([H:20])[H:21])([H:11])[C:2](=[O:1])[O:3][H:10])([H:12])[H:13])([H:14])[H:15])[H:17],29.0,3.0
1,0.6342428571428571,AM1BCC,AmberTools,,,C,,2,[H:16][C:7]1([C:6]([C:5]([C:4]([C:9]([C:8]1([H:18])[H:19])([H:20])[H:21])([H:11])[C:2](=[O:1])[O:3][H:10])([H:12])[H:13])([H:14])[H:15])[H:17],29.0,3.0
2,-0.6059571428571429,AM1BCC,AmberTools,,,O,,3,[H:16][C:7]1([C:6]([C:5]([C:4]([C:9]([C:8]1([H:18])[H:19])([H:20])[H:21])([H:11])[C:2](=[O:1])[O:3][H:10])([H:12])[H:13])([H:14])[H:15])[H:17],29.0,3.0
3,-0.10255714285714285,AM1BCC,AmberTools,,,C,,4,[H:16][C:7]1([C:6]([C:5]([C:4]([C:9]([C:8]1([H:18])[H:19])([H:20])[H:21])([H:11])[C:2](=[O:1])[O:3][H:10])([H:12])[H:13])([H:14])[H:15])[H:17],29.0,3.0
4,-0.07025714285714285,AM1BCC,AmberTools,,,C,,5,[H:16][C:7]1([C:6]([C:5]([C:4]([C:9]([C:8]1([H:18])[H:19])([H:20])[H:21])([H:11])[C:2](=[O:1])[O:3][H:10])([H:12])[H:13])([H:14])[H:15])[H:17],29.0,3.0
5,-0.07775714285714284,AM1BCC,AmberTools,,,C,,6,[H:16][C:7]1([C:6]([C:5]([C:4]([C:9]([C:8]1([H:18])[H:19])([H:20])[H:21])([H:11])[C:2](=[O:1])[O:3][H:10])([H:12])[H:13])([H:14])[H:15])[H:17],29.0,3.0
6,-0.07725714285714284,AM1BCC,AmberTools,,,C,,7,[H:16][C:7]1([C:6]([C:5]([C:4]([C:9]([C:8]1([H:18])[H:19])([H:20])[H:21])([H:11])[C:2](=[O:1])[O:3][H:10])([H:12])[H:13])([H:14])[H:15])[H:17],29.0,3.0
7,-0.07775714285714284,AM1BCC,AmberTools,,,C,,8,[H:16][C:7]1([C:6]([C:5]([C:4]([C:9]([C:8]1([H:18])[H:19])([H:20])[H:21])([H:11])[C:2](=[O:1])[O:3][H:10])([H:12])[H:13])([H:14])[H:15])[H:17],29.0,3.0
8,-0.07025714285714285,AM1BCC,AmberTools,,,C,,9,[H:16][C:7]1([C:6]([C:5]([C:4]([C:9]([C:8]1([H:18])[H:19])([H:20])[H:21])([H:11])[C:2](=[O:1])[O:3][H:10])([H:12])[H:13])([H:14])[H:15])[H:17],29.0,3.0
9,0.44214285714285717,AM1BCC,AmberTools,,,H,,10,[H:16][C:7]1([C:6]([C:5]([C:4]([C:9]([C:8]1([H:18])[H:19])([H:20])[H:21])([H:11])[C:2](=[O:1])[O:3][H:10])([H:12])[H:13])([H:14])[H:15])[H:17],29.0,3.0
10,0.08084285714285715,AM1BCC,AmberTools,,,H,,11,[H:16][C:7]1([C:6]([C:5]([C:4]([C:9]([C:8]1([H:18])[H:19])([H:20])[H:21])([H:11])[C:2](=[O:1])[O:3][H:10])([H:12])[H:13])([H:14])[H:15])[H:17],29.0,3.0
11,0.05284285714285714,AM1BCC,AmberTools,,,H,,12,[H:16][C:7]1([C:6]([C:5]([C:4]([C:9]([C:8]1([H:18])[H:19])([H:20])[H:21])([H:11])[C:2](=[O:1])[O:3][H:10])([H:12])[H:13])([H:14])[H:15])[H:17],29.0,3.0
12,0.05284285714285714,AM1BCC,AmberTools,,,H,,13,[H:16][C:7]1([C:6]([C:5]([C:4]([C:9]([C:8]1([H:18])[H:19])([H:20])[H:21])([H:11])[C:2](=[O:1])[O:3][H:10])([H:12])[H:13])([H:14])[H:15])[H:17],29.0,3.0
13,0.046342857142857144,AM1BCC,AmberTools,,,H,,14,[H:16][C:7]1([C:6]([C:5]([C:4]([C:9]([C:8]1([H:18])[H:19])([H:20])[H:21])([H:11])[C:2](=[O:1])[O:3][H:10])([H:12])[H:13])([H:14])[H:15])[H:17],29.0,3.0
14,0.046342857142857144,AM1BCC,AmberTools,,,H,,15,[H:16][C:7]1([C:6]([C:5]([C:4]([C:9]([C:8]1([H:18])[H:19])([H:20])[H:21])([H:11])[C:2](=[O:1])[O:3][H:10])([H:12])[H:13])([H:14])[H:15])[H:17],29.0,3.0
15,0.040342857142857146,AM1BCC,AmberTools,,,H,,16,[H:16][C:7]1([C:6]([C:5]([C:4]([C:9]([C:8]1([H:18])[H:19])([H:20])[H:21])([H:11])[C:2](=[O:1])[O:3][H:10])([H:12])[H:13])([H:14])[H:15])[H:17],29.0,3.0
16,0.040342857142857146,AM1BCC,AmberTools,,,H,,17,[H:16][C:7]1([C:6]([C:5]([C:4]([C:9]([C:8]1([H:18])[H:19])([H:20])[H:21])([H:11])[C:2](=[O:1])[O:3][H:10])([H:12])[H:13])([H:14])[H:15])[H:17],29.0,3.0
17,0.046342857142857144,AM1BCC,AmberTools,,,H,,18,[H:16][C:7]1([C:6]([C:5]([C:4]([C:9]([C:8]1([H:18])[H:19])([H:20])[H:21])([H:11])[C:2](=[O:1])[O:3][H:10])([H:12])[H:13])([H:14])[H:15])[H:17],29.0,3.0
18,0.046342857142857144,AM1BCC,AmberTools,,,H,,19,[H:16][C:7]1([C:6]([C:5]([C:4]([C:9]([C:8]1([H:18])[H:19])([H:20])[H:21])([H:11])[C:2](=[O:1])[O:3][H:10])([H:12])[H:13])([H:14])[H:15])[H:17],29.0,3.0
19,0.05284285714285714,AM1BCC,AmberTools,,,H,,20,[H:16][C:7]1([C:6]([C:5]([C:4]([C:9]([C:8]1([H:18])[H:19])([H:20])[H:21])([H:11])[C:2](=[O:1])[O:3][H:10])([H:12])[H:13])([H:14])[H:15])[H:17],29.0,3.0
20,0.05284285714285714,AM1BCC,AmberTools,,,H,,21,[H:16][C:7]1([C:6]([C:5]([C:4]([C:9]([C:8]1([H:18])[H:19])([H:20])[H:21])([H:11])[C:2](=[O:1])[O:3][H:10])([H:12])[H:13])([H:14])[H:15])[H:17],29.0,3.0
0,-0.5523599989357448,AM1BCC,OpenEye,,,O,,1,[H:16][C:7]1([C:6]([C:5]([C:4]([C:9]([C:8]1([H:18])[H:19])([H:20])[H:21])([H:11])[C:2](=[O:1])[O:3][H:10])([H:12])[H:13])([H:14])[H:15])[H:17],29.0,4.0
1,0.6346499912795567,AM1BCC,OpenEye,,,C,,2,[H:16][C:7]1([C:6]([C:5]([C:4]([C:9]([C:8]1([H:18])[H:19])([H:20])[H:21])([H:11])[C:2](=[O:1])[O:3][H:10])([H:12])[H:13])([H:14])[H:15])[H:17],29.0,4.0
2,-0.6014099724235988,AM1BCC,OpenEye,,,O,,3,[H:16][C:7]1([C:6]([C:5]([C:4]([C:9]([C:8]1([H:18])[H:19])([H:20])[H:21])([H:11])[C:2](=[O:1])[O:3][H:10])([H:12])[H:13])([H:14])[H:15])[H:17],29.0,4.0
3,-0.10766000371603739,AM1BCC,OpenEye,,,C,,4,[H:16][C:7]1([C:6]([C:5]([C:4]([C:9]([C:8]1([H:18])[H:19])([H:20])[H:21])([H:11])[C:2](=[O:1])[O:3][H:10])([H:12])[H:13])([H:14])[H:15])[H:17],29.0,4.0
4,-0.06951999735264551,AM1BCC,OpenEye,,,C,,5,[H:16][C:7]1([C:6]([C:5]([C:4]([C:9]([C:8]1([H:18])[H:19])([H:20])[H:21])([H:11])[C:2](=[O:1])[O:3][H:10])([H:12])[H:13])([H:14])[H:15])[H:17],29.0,4.0
5,-0.07839000296025049,AM1BCC,OpenEye,,,C,,6,[H:16][C:7]1([C:6]([C:5]([C:4]([C:9]([C:8]1([H:18])[H:19])([H:20])[H:21])([H:11])[C:2](=[O:1])[O:3][H:10])([H:12])[H:13])([H:14])[H:15])[H:17],29.0,4.0
6,-0.07823000174193155,AM1BCC,OpenEye,,,C,,7,[H:16][C:7]1([C:6]([C:5]([C:4]([C:9]([C:8]1([H:18])[H:19])([H:20])[H:21])([H:11])[C:2](=[O:1])[O:3][H:10])([H:12])[H:13])([H:14])[H:15])[H:17],29.0,4.0
7,-0.07839000296025049,AM1BCC,OpenEye,,,C,,8,[H:16][C:7]1([C:6]([C:5]([C:4]([C:9]([C:8]1([H:18])[H:19])([H:20])[H:21])([H:11])[C:2](=[O:1])[O:3][H:10])([H:12])[H:13])([H:14])[H:15])[H:17],29.0,4.0
8,-0.06951999735264551,AM1BCC,OpenEye,,,C,,9,[H:16][C:7]1([C:6]([C:5]([C:4]([C:9]([C:8]1([H:18])[H:19])([H:20])[H:21])([H:11])[C:2](=[O:1])[O:3][H:10])([H:12])[H:13])([H:14])[H:15])[H:17],29.0,4.0
9,0.4412899904307865,AM1BCC,OpenEye,,,H,,10,[H:16][C:7]1([C:6]([C:5]([C:4]([C:9]([C:8]1([H:18])[H:19])([H:20])[H:21])([H:11])[C:2](=[O:1])[O:3][H:10])([H:12])[H:13])([H:14])[H:15])[H:17],29.0,4.0
10,0.08188000250430334,AM1BCC,OpenEye,,,H,,11,[H:16][C:7]1([C:6]([C:5]([C:4]([C:9]([C:8]1([H:18])[H:19])([H:20])[H:21])([H:11])[C:2](=[O:1])[O:3][H:10])([H:12])[H:13])([H:14])[H:15])[H:17],29.0,4.0
11,0.052429999446585066,AM1BCC,OpenEye,,,H,,12,[H:16][C:7]1([C:6]([C:5]([C:4]([C:9]([C:8]1([H:18])[H:19])([H:20])[H:21])([H:11])[C:2](=[O:1])[O:3][H:10])([H:12])[H:13])([H:14])[H:15])[H:17],29.0,4.0
12,0.052429999446585066,AM1BCC,OpenEye,,,H,,13,[H:16][C:7]1([C:6]([C:5]([C:4]([C:9]([C:8]1([H:18])[H:19])([H:20])[H:21])([H:11])[C:2](=[O:1])[O:3][H:10])([H:12])[H:13])([H:14])[H:15])[H:17],29.0,4.0
13,0.04661999944420088,AM1BCC,OpenEye,,,H,,14,[H:16][C:7]1([C:6]([C:5]([C:4]([C:9]([C:8]1([H:18])[H:19])([H:20])[H:21])([H:11])[C:2](=[O:1])[O:3][H:10])([H:12])[H:13])([H:14])[H:15])[H:17],29.0,4.0
14,0.04661999944420088,AM1BCC,OpenEye,,,H,,15,[H:16][C:7]1([C:6]([C:5]([C:4]([C:9]([C:8]1([H:18])[H:19])([H:20])[H:21])([H:11])[C:2](=[O:1])[O:3][H:10])([H:12])[H:13])([H:14])[H:15])[H:17],29.0,4.0
15,0.040729998832657224,AM1BCC,OpenEye,,,H,,16,[H:16][C:7]1([C:6]([C:5]([C:4]([C:9]([C:8]1([H:18])[H:19])([H:20])[H:21])([H:11])[C:2](=[O:1])[O:3][H:10])([H:12])[H:13])([H:14])[H:15])[H:17],29.0,4.0
16,0.040729998832657224,AM1BCC,OpenEye,,,H,,17,[H:16][C:7]1([C:6]([C:5]([C:4]([C:9]([C:8]1([H:18])[H:19])([H:20])[H:21])([H:11])[C:2](=[O:1])[O:3][H:10])([H:12])[H:13])([H:14])[H:15])[H:17],29.0,4.0
17,0.04661999944420088,AM1BCC,OpenEye,,,H,,18,[H:16][C:7]1([C:6]([C:5]([C:4]([C:9]([C:8]1([H:18])[H:19])([H:20])[H:21])([H:11])[C:2](=[O:1])[O:3][H:10])([H:12])[H:13])([H:14])[H:15])[H:17],29.0,4.0
18,0.04661999944420088,AM1BCC,OpenEye,,,H,,19,[H:16][C:7]1([C:6]([C:5]([C:4]([C:9]([C:8]1([H:18])[H:19])([H:20])[H:21])([H:11])[C:2](=[O:1])[O:3][H:10])([H:12])[H:13])([H:14])[H:15])[H:17],29.0,4.0
19,0.052429999446585066,AM1BCC,OpenEye,,,H,,20,[H:16][C:7]1([C:6]([C:5]([C:4]([C:9]([C:8]1([H:18])[H:19])([H:20])[H:21])([H:11])[C:2](=[O:1])[O:3][H:10])([H:12])[H:13])([H:14])[H:15])[H:17],29.0,4.0
20,0.052429999446585066,AM1BCC,OpenEye,,,H,,21,[H:16][C:7]1([C:6]([C:5]([C:4]([C:9]([C:8]1([H:18])[H:19])([H:20])[H:21])([H:11])[C:2](=[O:1])[O:3][H:10])([H:12])[H:13])([H:14])[H:15])[H:17],29.0,4.0
0,-0.5528571428571429,AM1BCC,AmberTools,,,O,,1,[H:16][C:7]1([C:6]([C:5]([C:4]([C:9]([C:8]1([H:18])[H:19])([H:20])[H:21])([H:11])[C:2](=[O:1])[O:3][H:10])([H:12])[H:13])([H:14])[H:15])[H:17],29.0,4.0
1,0.6342428571428571,AM1BCC,AmberTools,,,C,,2,[H:16][C:7]1([C:6]([C:5]([C:4]([C:9]([C:8]1([H:18])[H:19])([H:20])[H:21])([H:11])[C:2](=[O:1])[O:3][H:10])([H:12])[H:13])([H:14])[H:15])[H:17],29.0,4.0
2,-0.6059571428571429,AM1BCC,AmberTools,,,O,,3,[H:16][C:7]1([C:6]([C:5]([C:4]([C:9]([C:8]1([H:18])[H:19])([H:20])[H:21])([H:11])[C:2](=[O:1])[O:3][H:10])([H:12])[H:13])([H:14])[H:15])[H:17],29.0,4.0
3,-0.10255714285714285,AM1BCC,AmberTools,,,C,,4,[H:16][C:7]1([C:6]([C:5]([C:4]([C:9]([C:8]1([H:18])[H:19])([H:20])[H:21])([H:11])[C:2](=[O:1])[O:3][H:10])([H:12])[H:13])([H:14])[H:15])[H:17],29.0,4.0
4,-0.07025714285714285,AM1BCC,AmberTools,,,C,,5,[H:16][C:7]1([C:6]([C:5]([C:4]([C:9]([C:8]1([H:18])[H:19])([H:20])[H:21])([H:11])[C:2](=[O:1])[O:3][H:10])([H:12])[H:13])([H:14])[H:15])[H:17],29.0,4.0
5,-0.07775714285714284,AM1BCC,AmberTools,,,C,,6,[H:16][C:7]1([C:6]([C:5]([C:4]([C:9]([C:8]1([H:18])[H:19])([H:20])[H:21])([H:11])[C:2](=[O:1])[O:3][H:10])([H:12])[H:13])([H:14])[H:15])[H:17],29.0,4.0
6,-0.07725714285714284,AM1BCC,AmberTools,,,C,,7,[H:16][C:7]1([C:6]([C:5]([C:4]([C:9]([C:8]1([H:18])[H:19])([H:20])[H:21])([H:11])[C:2](=[O:1])[O:3][H:10])([H:12])[H:13])([H:14])[H:15])[H:17],29.0,4.0
7,-0.07775714285714284,AM1BCC,AmberTools,,,C,,8,[H:16][C:7]1([C:6]([C:5]([C:4]([C:9]([C:8]1([H:18])[H:19])([H:20])[H:21])([H:11])[C:2](=[O:1])[O:3][H:10])([H:12])[H:13])([H:14])[H:15])[H:17],29.0,4.0
8,-0.07025714285714285,AM1BCC,AmberTools,,,C,,9,[H:16][C:7]1([C:6]([C:5]([C:4]([C:9]([C:8]1([H:18])[H:19])([H:20])[H:21])([H:11])[C:2](=[O:1])[O:3][H:10])([H:12])[H:13])([H:14])[H:15])[H:17],29.0,4.0
9,0.44214285714285717,AM1BCC,AmberTools,,,H,,10,[H:16][C:7]1([C:6]([C:5]([C:4]([C:9]([C:8]1([H:18])[H:19])([H:20])[H:21])([H:11])[C:2](=[O:1])[O:3][H:10])([H:12])[H:13])([H:14])[H:15])[H:17],29.0,4.0
10,0.08084285714285715,AM1BCC,AmberTools,,,H,,11,[H:16][C:7]1([C:6]([C:5]([C:4]([C:9]([C:8]1([H:18])[H:19])([H:20])[H:21])([H:11])[C:2](=[O:1])[O:3][H:10])([H:12])[H:13])([H:14])[H:15])[H:17],29.0,4.0
11,0.05284285714285714,AM1BCC,AmberTools,,,H,,12,[H:16][C:7]1([C:6]([C:5]([C:4]([C:9]([C:8]1([H:18])[H:19])([H:20])[H:21])([H:11])[C:2](=[O:1])[O:3][H:10])([H:12])[H:13])([H:14])[H:15])[H:17],29.0,4.0
12,0.05284285714285714,AM1BCC,AmberTools,,,H,,13,[H:16][C:7]1([C:6]([C:5]([C:4]([C:9]([C:8]1([H:18])[H:19])([H:20])[H:21])([H:11])[C:2](=[O:1])[O:3][H:10])([H:12])[H:13])([H:14])[H:15])[H:17],29.0,4.0
13,0.046342857142857144,AM1BCC,AmberTools,,,H,,14,[H:16][C:7]1([C:6]([C:5]([C:4]([C:9]([C:8]1([H:18])[H:19])([H:20])[H:21])([H:11])[C:2](=[O:1])[O:3][H:10])([H:12])[H:13])([H:14])[H:15])[H:17],29.0,4.0
14,0.046342857142857144,AM1BCC,AmberTools,,,H,,15,[H:16][C:7]1([C:6]([C:5]([C:4]([C:9]([C:8]1([H:18])[H:19])([H:20])[H:21])([H:11])[C:2](=[O:1])[O:3][H:10])([H:12])[H:13])([H:14])[H:15])[H:17],29.0,4.0
15,0.040342857142857146,AM1BCC,AmberTools,,,H,,16,[H:16][C:7]1([C:6]([C:5]([C:4]([C:9]([C:8]1([H:18])[H:19])([H:20])[H:21])([H:11])[C:2](=[O:1])[O:3][H:10])([H:12])[H:13])([H:14])[H:15])[H:17],29.0,4.0
16,0.040342857142857146,AM1BCC,AmberTools,,,H,,17,[H:16][C:7]1([C:6]([C:5]([C:4]([C:9]([C:8]1([H:18])[H:19])([H:20])[H:21])([H:11])[C:2](=[O:1])[O:3][H:10])([H:12])[H:13])([H:14])[H:15])[H:17],29.0,4.0
17,0.046342857142857144,AM1BCC,AmberTools,,,H,,18,[H:16][C:7]1([C:6]([C:5]([C:4]([C:9]([C:8]1([H:18])[H:19])([H:20])[H:21])([H:11])[C:2](=[O:1])[O:3][H:10])([H:12])[H:13])([H:14])[H:15])[H:17],29.0,4.0
18,0.046342857142857144,AM1BCC,AmberTools,,,H,,19,[H:16][C:7]1([C:6]([C:5]([C:4]([C:9]([C:8]1([H:18])[H:19])([H:20])[H:21])([H:11])[C:2](=[O:1])[O:3][H:10])([H:12])[H:13])([H:14])[H:15])[H:17],29.0,4.0
19,0.05284285714285714,AM1BCC,AmberTools,,,H,,20,[H:16][C:7]1([C:6]([C:5]([C:4]([C:9]([C:8]1([H:18])[H:19])([H:20])[H:21])([H:11])[C:2](=[O:1])[O:3][H:10])([H:12])[H:13])([H:14])[H:15])[H:17],29.0,4.0
20,0.05284285714285714,AM1BCC,AmberTools,,,H,,21,[H:16][C:7]1([C:6]([C:5]([C:4]([C:9]([C:8]1([H:18])[H:19])([H:20])[H:21])([H:11])[C:2](=[O:1])[O:3][H:10])([H:12])[H:13])([H:14])[H:15])[H:17],29.0,4.0
0,-0.5523599989357448,AM1BCC,OpenEye,,,O,,1,[H:16][C:7]1([C:6]([C:5]([C:4]([C:9]([C:8]1([H:18])[H:19])([H:20])[H:21])([H:11])[C:2](=[O:1])[O:3][H:10])([H:12])[H:13])([H:14])[H:15])[H:17],29.0,5.0
1,0.6346499912795567,AM1BCC,OpenEye,,,C,,2,[H:16][C:7]1([C:6]([C:5]([C:4]([C:9]([C:8]1([H:18])[H:19])([H:20])[H:21])([H:11])[C:2](=[O:1])[O:3][H:10])([H:12])[H:13])([H:14])[H:15])[H:17],29.0,5.0
2,-0.6014099724235988,AM1BCC,OpenEye,,,O,,3,[H:16][C:7]1([C:6]([C:5]([C:4]([C:9]([C:8]1([H:18])[H:19])([H:20])[H:21])([H:11])[C:2](=[O:1])[O:3][H:10])([H:12])[H:13])([H:14])[H:15])[H:17],29.0,5.0
3,-0.10766000371603739,AM1BCC,OpenEye,,,C,,4,[H:16][C:7]1([C:6]([C:5]([C:4]([C:9]([C:8]1([H:18])[H:19])([H:20])[H:21])([H:11])[C:2](=[O:1])[O:3][H:10])([H:12])[H:13])([H:14])[H:15])[H:17],29.0,5.0
4,-0.06951999735264551,AM1BCC,OpenEye,,,C,,5,[H:16][C:7]1([C:6]([C:5]([C:4]([C:9]([C:8]1([H:18])[H:19])([H:20])[H:21])([H:11])[C:2](=[O:1])[O:3][H:10])([H:12])[H:13])([H:14])[H:15])[H:17],29.0,5.0
5,-0.07839000296025049,AM1BCC,OpenEye,,,C,,6,[H:16][C:7]1([C:6]([C:5]([C:4]([C:9]([C:8]1([H:18])[H:19])([H:20])[H:21])([H:11])[C:2](=[O:1])[O:3][H:10])([H:12])[H:13])([H:14])[H:15])[H:17],29.0,5.0
6,-0.07823000174193155,AM1BCC,OpenEye,,,C,,7,[H:16][C:7]1([C:6]([C:5]([C:4]([C:9]([C:8]1([H:18])[H:19])([H:20])[H:21])([H:11])[C:2](=[O:1])[O:3][H:10])([H:12])[H:13])([H:14])[H:15])[H:17],29.0,5.0
7,-0.07839000296025049,AM1BCC,OpenEye,,,C,,8,[H:16][C:7]1([C:6]([C:5]([C:4]([C:9]([C:8]1([H:18])[H:19])([H:20])[H:21])([H:11])[C:2](=[O:1])[O:3][H:10])([H:12])[H:13])([H:14])[H:15])[H:17],29.0,5.0
8,-0.06951999735264551,AM1BCC,OpenEye,,,C,,9,[H:16][C:7]1([C:6]([C:5]([C:4]([C:9]([C:8]1([H:18])[H:19])([H:20])[H:21])([H:11])[C:2](=[O:1])[O:3][H:10])([H:12])[H:13])([H:14])[H:15])[H:17],29.0,5.0
9,0.4412899904307865,AM1BCC,OpenEye,,,H,,10,[H:16][C:7]1([C:6]([C:5]([C:4]([C:9]([C:8]1([H:18])[H:19])([H:20])[H:21])([H:11])[C:2](=[O:1])[O:3][H:10])([H:12])[H:13])([H:14])[H:15])[H:17],29.0,5.0
10,0.08188000250430334,AM1BCC,OpenEye,,,H,,11,[H:16][C:7]1([C:6]([C:5]([C:4]([C:9]([C:8]1([H:18])[H:19])([H:20])[H:21])([H:11])[C:2](=[O:1])[O:3][H:10])([H:12])[H:13])([H:14])[H:15])[H:17],29.0,5.0
11,0.052429999446585066,AM1BCC,OpenEye,,,H,,12,[H:16][C:7]1([C:6]([C:5]([C:4]([C:9]([C:8]1([H:18])[H:19])([H:20])[H:21])([H:11])[C:2](=[O:1])[O:3][H:10])([H:12])[H:13])([H:14])[H:15])[H:17],29.0,5.0
12,0.052429999446585066,AM1BCC,OpenEye,,,H,,13,[H:16][C:7]1([C:6]([C:5]([C:4]([C:9]([C:8]1([H:18])[H:19])([H:20])[H:21])([H:11])[C:2](=[O:1])[O:3][H:10])([H:12])[H:13])([H:14])[H:15])[H:17],29.0,5.0
13,0.04661999944420088,AM1BCC,OpenEye,,,H,,14,[H:16][C:7]1([C:6]([C:5]([C:4]([C:9]([C:8]1([H:18])[H:19])([H:20])[H:21])([H:11])[C:2](=[O:1])[O:3][H:10])([H:12])[H:13])([H:14])[H:15])[H:17],29.0,5.0
14,0.04661999944420088,AM1BCC,OpenEye,,,H,,15,[H:16][C:7]1([C:6]([C:5]([C:4]([C:9]([C:8]1([H:18])[H:19])([H:20])[H:21])([H:11])[C:2](=[O:1])[O:3][H:10])([H:12])[H:13])([H:14])[H:15])[H:17],29.0,5.0
15,0.040729998832657224,AM1BCC,OpenEye,,,H,,16,[H:16][C:7]1([C:6]([C:5]([C:4]([C:9]([C:8]1([H:18])[H:19])([H:20])[H:21])([H:11])[C:2](=[O:1])[O:3][H:10])([H:12])[H:13])([H:14])[H:15])[H:17],29.0,5.0
16,0.040729998832657224,AM1BCC,OpenEye,,,H,,17,[H:16][C:7]1([C:6]([C:5]([C:4]([C:9]([C:8]1([H:18])[H:19])([H:20])[H:21])([H:11])[C:2](=[O:1])[O:3][H:10])([H:12])[H:13])([H:14])[H:15])[H:17],29.0,5.0
17,0.04661999944420088,AM1BCC,OpenEye,,,H,,18,[H:16][C:7]1([C:6]([C:5]([C:4]([C:9]([C:8]1([H:18])[H:19])([H:20])[H:21])([H:11])[C:2](=[O:1])[O:3][H:10])([H:12])[H:13])([H:14])[H:15])[H:17],29.0,5.0
18,0.04661999944420088,AM1BCC,OpenEye,,,H,,19,[H:16][C:7]1([C:6]([C:5]([C:4]([C:9]([C:8]1([H:18])[H:19])([H:20])[H:21])([H:11])[C:2](=[O:1])[O:3][H:10])([H:12])[H:13])([H:14])[H:15])[H:17],29.0,5.0
19,0.052429999446585066,AM1BCC,OpenEye,,,H,,20,[H:16][C:7]1([C:6]([C:5]([C:4]([C:9]([C:8]1([H:18])[H:19])([H:20])[H:21])([H:11])[C:2](=[O:1])[O:3][H:10])([H:12])[H:13])([H:14])[H:15])[H:17],29.0,5.0
20,0.052429999446585066,AM1BCC,OpenEye,,,H,,21,[H:16][C:7]1([C:6]([C:5]([C:4]([C:9]([C:8]1([H:18])[H:19])([H:20])[H:21])([H:11])[C:2](=[O:1])[O:3][H:10])([H:12])[H:13])([H:14])[H:15])[H:17],29.0,5.0
0,-0.5528571428571429,AM1BCC,AmberTools,,,O,,1,[H:16][C:7]1([C:6]([C:5]([C:4]([C:9]([C:8]1([H:18])[H:19])([H:20])[H:21])([H:11])[C:2](=[O:1])[O:3][H:10])([H:12])[H:13])([H:14])[H:15])[H:17],29.0,5.0
1,0.6342428571428571,AM1BCC,AmberTools,,,C,,2,[H:16][C:7]1([C:6]([C:5]([C:4]([C:9]([C:8]1([H:18])[H:19])([H:20])[H:21])([H:11])[C:2](=[O:1])[O:3][H:10])([H:12])[H:13])([H:14])[H:15])[H:17],29.0,5.0
2,-0.6059571428571429,AM1BCC,AmberTools,,,O,,3,[H:16][C:7]1([C:6]([C:5]([C:4]([C:9]([C:8]1([H:18])[H:19])([H:20])[H:21])([H:11])[C:2](=[O:1])[O:3][H:10])([H:12])[H:13])([H:14])[H:15])[H:17],29.0,5.0
3,-0.10255714285714285,AM1BCC,AmberTools,,,C,,4,[H:16][C:7]1([C:6]([C:5]([C:4]([C:9]([C:8]1([H:18])[H:19])([H:20])[H:21])([H:11])[C:2](=[O:1])[O:3][H:10])([H:12])[H:13])([H:14])[H:15])[H:17],29.0,5.0
4,-0.07025714285714285,AM1BCC,AmberTools,,,C,,5,[H:16][C:7]1([C:6]([C:5]([C:4]([C:9]([C:8]1([H:18])[H:19])([H:20])[H:21])([H:11])[C:2](=[O:1])[O:3][H:10])([H:12])[H:13])([H:14])[H:15])[H:17],29.0,5.0
5,-0.07775714285714284,AM1BCC,AmberTools,,,C,,6,[H:16][C:7]1([C:6]([C:5]([C:4]([C:9]([C:8]1([H:18])[H:19])([H:20])[H:21])([H:11])[C:2](=[O:1])[O:3][H:10])([H:12])[H:13])([H:14])[H:15])[H:17],29.0,5.0
6,-0.07725714285714284,AM1BCC,AmberTools,,,C,,7,[H:16][C:7]1([C:6]([C:5]([C:4]([C:9]([C:8]1([H:18])[H:19])([H:20])[H:21])([H:11])[C:2](=[O:1])[O:3][H:10])([H:12])[H:13])([H:14])[H:15])[H:17],29.0,5.0
7,-0.07775714285714284,AM1BCC,AmberTools,,,C,,8,[H:16][C:7]1([C:6]([C:5]([C:4]([C:9]([C:8]1([H:18])[H:19])([H:20])[H:21])([H:11])[C:2](=[O:1])[O:3][H:10])([H:12])[H:13])([H:14])[H:15])[H:17],29.0,5.0
8,-0.07025714285714285,AM1BCC,AmberTools,,,C,,9,[H:16][C:7]1([C:6]([C:5]([C:4]([C:9]([C:8]1([H:18])[H:19])([H:20])[H:21])([H:11])[C:2](=[O:1])[O:3][H:10])([H:12])[H:13])([H:14])[H:15])[H:17],29.0,5.0
9,0.44214285714285717,AM1BCC,AmberTools,,,H,,10,[H:16][C:7]1([C:6]([C:5]([C:4]([C:9]([C:8]1([H:18])[H:19])([H:20])[H:21])([H:11])[C:2](=[O:1])[O:3][H:10])([H:12])[H:13])([H:14])[H:15])[H:17],29.0,5.0
10,0.08084285714285715,AM1BCC,AmberTools,,,H,,11,[H:16][C:7]1([C:6]([C:5]([C:4]([C:9]([C:8]1([H:18])[H:19])([H:20])[H:21])([H:11])[C:2](=[O:1])[O:3][H:10])([H:12])[H:13])([H:14])[H:15])[H:17],29.0,5.0
11,0.05284285714285714,AM1BCC,AmberTools,,,H,,12,[H:16][C:7]1([C:6]([C:5]([C:4]([C:9]([C:8]1([H:18])[H:19])([H:20])[H:21])([H:11])[C:2](=[O:1])[O:3][H:10])([H:12])[H:13])([H:14])[H:15])[H:17],29.0,5.0
12,0.05284285714285714,AM1BCC,AmberTools,,,H,,13,[H:16][C:7]1([C:6]([C:5]([C:4]([C:9]([C:8]1([H:18])[H:19])([H:20])[H:21])([H:11])[C:2](=[O:1])[O:3][H:10])([H:12])[H:13])([H:14])[H:15])[H:17],29.0,5.0
13,0.046342857142857144,AM1BCC,AmberTools,,,H,,14,[H:16][C:7]1([C:6]([C:5]([C:4]([C:9]([C:8]1([H:18])[H:19])([H:20])[H:21])([H:11])[C:2](=[O:1])[O:3][H:10])([H:12])[H:13])([H:14])[H:15])[H:17],29.0,5.0
14,0.046342857142857144,AM1BCC,AmberTools,,,H,,15,[H:16][C:7]1([C:6]([C:5]([C:4]([C:9]([C:8]1([H:18])[H:19])([H:20])[H:21])([H:11])[C:2](=[O:1])[O:3][H:10])([H:12])[H:13])([H:14])[H:15])[H:17],29.0,5.0
15,0.040342857142857146,AM1BCC,AmberTools,,,H,,16,[H:16][C:7]1([C:6]([C:5]([C:4]([C:9]([C:8]1([H:18])[H:19])([H:20])[H:21])([H:11])[C:2](=[O:1])[O:3][H:10])([H:12])[H:13])([H:14])[H:15])[H:17],29.0,5.0
16,0.040342857142857146,AM1BCC,AmberTools,,,H,,17,[H:16][C:7]1([C:6]([C:5]([C:4]([C:9]([C:8]1([H:18])[H:19])([H:20])[H:21])([H:11])[C:2](=[O:1])[O:3][H:10])([H:12])[H:13])([H:14])[H:15])[H:17],29.0,5.0
17,0.046342857142857144,AM1BCC,AmberTools,,,H,,18,[H:16][C:7]1([C:6]([C:5]([C:4]([C:9]([C:8]1([H:18])[H:19])([H:20])[H:21])([H:11])[C:2](=[O:1])[O:3][H:10])([H:12])[H:13])([H:14])[H:15])[H:17],29.0,5.0
18,0.046342857142857144,AM1BCC,AmberTools,,,H,,19,[H:16][C:7]1([C:6]([C:5]([C:4]([C:9]([C:8]1([H:18])[H:19])([H:20])[H:21])([H:11])[C:2](=[O:1])[O:3][H:10])([H:12])[H:13])([H:14])[H:15])[H:17],29.0,5.0
19,0.05284285714285714,AM1BCC,AmberTools,,,H,,20,[H:16][C:7]1([C:6]([C:5]([C:4]([C:9]([C:8]1([H:18])[H:19])([H:20])[H:21])([H:11])[C:2](=[O:1])[O:3][H:10])([H:12])[H:13])([H:14])[H:15])[H:17],29.0,5.0
20,0.05284285714285714,AM1BCC,AmberTools,,,H,,21,[H:16][C:7]1([C:6]([C:5]([C:4]([C:9]([C:8]1([H:18])[H:19])([H:20])[H:21])([H:11])[C:2](=[O:1])[O:3][H:10])([H:12])[H:13])([H:14])[H:15])[H:17],29.0,5.0
0,-0.5523599989357448,AM1BCC,OpenEye,,,O,,1,[H:16][C:7]1([C:6]([C:5]([C:4]([C:9]([C:8]1([H:18])[H:19])([H:20])[H:21])([H:11])[C:2](=[O:1])[O:3][H:10])([H:12])[H:13])([H:14])[H:15])[H:17],29.0,6.0
1,0.6346499912795567,AM1BCC,OpenEye,,,C,,2,[H:16][C:7]1([C:6]([C:5]([C:4]([C:9]([C:8]1([H:18])[H:19])([H:20])[H:21])([H:11])[C:2](=[O:1])[O:3][H:10])([H:12])[H:13])([H:14])[H:15])[H:17],29.0,6.0
2,-0.6014099724235988,AM1BCC,OpenEye,,,O,,3,[H:16][C:7]1([C:6]([C:5]([C:4]([C:9]([C:8]1([H:18])[H:19])([H:20])[H:21])([H:11])[C:2](=[O:1])[O:3][H:10])([H:12])[H:13])([H:14])[H:15])[H:17],29.0,6.0
3,-0.10766000371603739,AM1BCC,OpenEye,,,C,,4,[H:16][C:7]1([C:6]([C:5]([C:4]([C:9]([C:8]1([H:18])[H:19])([H:20])[H:21])([H:11])[C:2](=[O:1])[O:3][H:10])([H:12])[H:13])([H:14])[H:15])[H:17],29.0,6.0
4,-0.06951999735264551,AM1BCC,OpenEye,,,C,,5,[H:16][C:7]1([C:6]([C:5]([C:4]([C:9]([C:8]1([H:18])[H:19])([H:20])[H:21])([H:11])[C:2](=[O:1])[O:3][H:10])([H:12])[H:13])([H:14])[H:15])[H:17],29.0,6.0
5,-0.07839000296025049,AM1BCC,OpenEye,,,C,,6,[H:16][C:7]1([C:6]([C:5]([C:4]([C:9]([C:8]1([H:18])[H:19])([H:20])[H:21])([H:11])[C:2](=[O:1])[O:3][H:10])([H:12])[H:13])([H:14])[H:15])[H:17],29.0,6.0
6,-0.07823000174193155,AM1BCC,OpenEye,,,C,,7,[H:16][C:7]1([C:6]([C:5]([C:4]([C:9]([C:8]1([H:18])[H:19])([H:20])[H:21])([H:11])[C:2](=[O:1])[O:3][H:10])([H:12])[H:13])([H:14])[H:15])[H:17],29.0,6.0
7,-0.07839000296025049,AM1BCC,OpenEye,,,C,,8,[H:16][C:7]1([C:6]([C:5]([C:4]([C:9]([C:8]1([H:18])[H:19])([H:20])[H:21])([H:11])[C:2](=[O:1])[O:3][H:10])([H:12])[H:13])([H:14])[H:15])[H:17],29.0,6.0
8,-0.06951999735264551,AM1BCC,OpenEye,,,C,,9,[H:16][C:7]1([C:6]([C:5]([C:4]([C:9]([C:8]1([H:18])[H:19])([H:20])[H:21])([H:11])[C:2](=[O:1])[O:3][H:10])([H:12])[H:13])([H:14])[H:15])[H:17],29.0,6.0
9,0.4412899904307865,AM1BCC,OpenEye,,,H,,10,[H:16][C:7]1([C:6]([C:5]([C:4]([C:9]([C:8]1([H:18])[H:19])([H:20])[H:21])([H:11])[C:2](=[O:1])[O:3][H:10])([H:12])[H:13])([H:14])[H:15])[H:17],29.0,6.0
10,0.08188000250430334,AM1BCC,OpenEye,,,H,,11,[H:16][C:7]1([C:6]([C:5]([C:4]([C:9]([C:8]1([H:18])[H:19])([H:20])[H:21])([H:11])[C:2](=[O:1])[O:3][H:10])([H:12])[H:13])([H:14])[H:15])[H:17],29.0,6.0
11,0.052429999446585066,AM1BCC,OpenEye,,,H,,12,[H:16][C:7]1([C:6]([C:5]([C:4]([C:9]([C:8]1([H:18])[H:19])([H:20])[H:21])([H:11])[C:2](=[O:1])[O:3][H:10])([H:12])[H:13])([H:14])[H:15])[H:17],29.0,6.0
12,0.052429999446585066,AM1BCC,OpenEye,,,H,,13,[H:16][C:7]1([C:6]([C:5]([C:4]([C:9]([C:8]1([H:18])[H:19])([H:20])[H:21])([H:11])[C:2](=[O:1])[O:3][H:10])([H:12])[H:13])([H:14])[H:15])[H:17],29.0,6.0
13,0.04661999944420088,AM1BCC,OpenEye,,,H,,14,[H:16][C:7]1([C:6]([C:5]([C:4]([C:9]([C:8]1([H:18])[H:19])([H:20])[H:21])([H:11])[C:2](=[O:1])[O:3][H:10])([H:12])[H:13])([H:14])[H:15])[H:17],29.0,6.0
14,0.04661999944420088,AM1BCC,OpenEye,,,H,,15,[H:16][C:7]1([C:6]([C:5]([C:4]([C:9]([C:8]1([H:18])[H:19])([H:20])[H:21])([H:11])[C:2](=[O:1])[O:3][H:10])([H:12])[H:13])([H:14])[H:15])[H:17],29.0,6.0
15,0.040729998832657224,AM1BCC,OpenEye,,,H,,16,[H:16][C:7]1([C:6]([C:5]([C:4]([C:9]([C:8]1([H:18])[H:19])([H:20])[H:21])([H:11])[C:2](=[O:1])[O:3][H:10])([H:12])[H:13])([H:14])[H:15])[H:17],29.0,6.0
16,0.040729998832657224,AM1BCC,OpenEye,,,H,,17,[H:16][C:7]1([C:6]([C:5]([C:4]([C:9]([C:8]1([H:18])[H:19])([H:20])[H:21])([H:11])[C:2](=[O:1])[O:3][H:10])([H:12])[H:13])([H:14])[H:15])[H:17],29.0,6.0
17,0.04661999944420088,AM1BCC,OpenEye,,,H,,18,[H:16][C:7]1([C:6]([C:5]([C:4]([C:9]([C:8]1([H:18])[H:19])([H:20])[H:21])([H:11])[C:2](=[O:1])[O:3][H:10])([H:12])[H:13])([H:14])[H:15])[H:17],29.0,6.0
18,0.04661999944420088,AM1BCC,OpenEye,,,H,,19,[H:16][C:7]1([C:6]([C:5]([C:4]([C:9]([C:8]1([H:18])[H:19])([H:20])[H:21])([H:11])[C:2](=[O:1])[O:3][H:10])([H:12])[H:13])([H:14])[H:15])[H:17],29.0,6.0
19,0.052429999446585066,AM1BCC,OpenEye,,,H,,20,[H:16][C:7]1([C:6]([C:5]([C:4]([C:9]([C:8]1([H:18])[H:19])([H:20])[H:21])([H:11])[C:2](=[O:1])[O:3][H:10])([H:12])[H:13])([H:14])[H:15])[H:17],29.0,6.0
20,0.052429999446585066,AM1BCC,OpenEye,,,H,,21,[H:16][C:7]1([C:6]([C:5]([C:4]([C:9]([C:8]1([H:18])[H:19])([H:20])[H:21])([H:11])[C:2](=[O:1])[O:3][H:10])([H:12])[H:13])([H:14])[H:15])[H:17],29.0,6.0
0,-0.5528571428571429,AM1BCC,AmberTools,,,O,,1,[H:16][C:7]1([C:6]([C:5]([C:4]([C:9]([C:8]1([H:18])[H:19])([H:20])[H:21])([H:11])[C:2](=[O:1])[O:3][H:10])([H:12])[H:13])([H:14])[H:15])[H:17],29.0,6.0
1,0.6342428571428571,AM1BCC,AmberTools,,,C,,2,[H:16][C:7]1([C:6]([C:5]([C:4]([C:9]([C:8]1([H:18])[H:19])([H:20])[H:21])([H:11])[C:2](=[O:1])[O:3][H:10])([H:12])[H:13])([H:14])[H:15])[H:17],29.0,6.0
2,-0.6059571428571429,AM1BCC,AmberTools,,,O,,3,[H:16][C:7]1([C:6]([C:5]([C:4]([C:9]([C:8]1([H:18])[H:19])([H:20])[H:21])([H:11])[C:2](=[O:1])[O:3][H:10])([H:12])[H:13])([H:14])[H:15])[H:17],29.0,6.0
3,-0.10255714285714285,AM1BCC,AmberTools,,,C,,4,[H:16][C:7]1([C:6]([C:5]([C:4]([C:9]([C:8]1([H:18])[H:19])([H:20])[H:21])([H:11])[C:2](=[O:1])[O:3][H:10])([H:12])[H:13])([H:14])[H:15])[H:17],29.0,6.0
4,-0.07025714285714285,AM1BCC,AmberTools,,,C,,5,[H:16][C:7]1([C:6]([C:5]([C:4]([C:9]([C:8]1([H:18])[H:19])([H:20])[H:21])([H:11])[C:2](=[O:1])[O:3][H:10])([H:12])[H:13])([H:14])[H:15])[H:17],29.0,6.0
5,-0.07775714285714284,AM1BCC,AmberTools,,,C,,6,[H:16][C:7]1([C:6]([C:5]([C:4]([C:9]([C:8]1([H:18])[H:19])([H:20])[H:21])([H:11])[C:2](=[O:1])[O:3][H:10])([H:12])[H:13])([H:14])[H:15])[H:17],29.0,6.0
6,-0.07725714285714284,AM1BCC,AmberTools,,,C,,7,[H:16][C:7]1([C:6]([C:5]([C:4]([C:9]([C:8]1([H:18])[H:19])([H:20])[H:21])([H:11])[C:2](=[O:1])[O:3][H:10])([H:12])[H:13])([H:14])[H:15])[H:17],29.0,6.0
7,-0.07775714285714284,AM1BCC,AmberTools,,,C,,8,[H:16][C:7]1([C:6]([C:5]([C:4]([C:9]([C:8]1([H:18])[H:19])([H:20])[H:21])([H:11])[C:2](=[O:1])[O:3][H:10])([H:12])[H:13])([H:14])[H:15])[H:17],29.0,6.0
8,-0.07025714285714285,AM1BCC,AmberTools,,,C,,9,[H:16][C:7]1([C:6]([C:5]([C:4]([C:9]([C:8]1([H:18])[H:19])([H:20])[H:21])([H:11])[C:2](=[O:1])[O:3][H:10])([H:12])[H:13])([H:14])[H:15])[H:17],29.0,6.0
9,0.44214285714285717,AM1BCC,AmberTools,,,H,,10,[H:16][C:7]1([C:6]([C:5]([C:4]([C:9]([C:8]1([H:18])[H:19])([H:20])[H:21])([H:11])[C:2](=[O:1])[O:3][H:10])([H:12])[H:13])([H:14])[H:15])[H:17],29.0,6.0
10,0.08084285714285715,AM1BCC,AmberTools,,,H,,11,[H:16][C:7]1([C:6]([C:5]([C:4]([C:9]([C:8]1([H:18])[H:19])([H:20])[H:21])([H:11])[C:2](=[O:1])[O:3][H:10])([H:12])[H:13])([H:14])[H:15])[H:17],29.0,6.0
11,0.05284285714285714,AM1BCC,AmberTools,,,H,,12,[H:16][C:7]1([C:6]([C:5]([C:4]([C:9]([C:8]1([H:18])[H:19])([H:20])[H:21])([H:11])[C:2](=[O:1])[O:3][H:10])([H:12])[H:13])([H:14])[H:15])[H:17],29.0,6.0
12,0.05284285714285714,AM1BCC,AmberTools,,,H,,13,[H:16][C:7]1([C:6]([C:5]([C:4]([C:9]([C:8]1([H:18])[H:19])([H:20])[H:21])([H:11])[C:2](=[O:1])[O:3][H:10])([H:12])[H:13])([H:14])[H:15])[H:17],29.0,6.0
13,0.046342857142857144,AM1BCC,AmberTools,,,H,,14,[H:16][C:7]1([C:6]([C:5]([C:4]([C:9]([C:8]1([H:18])[H:19])([H:20])[H:21])([H:11])[C:2](=[O:1])[O:3][H:10])([H:12])[H:13])([H:14])[H:15])[H:17],29.0,6.0
14,0.046342857142857144,AM1BCC,AmberTools,,,H,,15,[H:16][C:7]1([C:6]([C:5]([C:4]([C:9]([C:8]1([H:18])[H:19])([H:20])[H:21])([H:11])[C:2](=[O:1])[O:3][H:10])([H:12])[H:13])([H:14])[H:15])[H:17],29.0,6.0
15,0.040342857142857146,AM1BCC,AmberTools,,,H,,16,[H:16][C:7]1([C:6]([C:5]([C:4]([C:9]([C:8]1([H:18])[H:19])([H:20])[H:21])([H:11])[C:2](=[O:1])[O:3][H:10])([H:12])[H:13])([H:14])[H:15])[H:17],29.0,6.0
16,0.040342857142857146,AM1BCC,AmberTools,,,H,,17,[H:16][C:7]1([C:6]([C:5]([C:4]([C:9]([C:8]1([H:18])[H:19])([H:20])[H:21])([H:11])[C:2](=[O:1])[O:3][H:10])([H:12])[H:13])([H:14])[H:15])[H:17],29.0,6.0
17,0.046342857142857144,AM1BCC,AmberTools,,,H,,18,[H:16][C:7]1([C:6]([C:5]([C:4]([C:9]([C:8]1([H:18])[H:19])([H:20])[H:21])([H:11])[C:2](=[O:1])[O:3][H:10])([H:12])[H:13])([H:14])[H:15])[H:17],29.0,6.0
18,0.046342857142857144,AM1BCC,AmberTools,,,H,,19,[H:16][C:7]1([C:6]([C:5]([C:4]([C:9]([C:8]1([H:18])[H:19])([H:20])[H:21])([H:11])[C:2](=[O:1])[O:3][H:10])([H:12])[H:13])([H:14])[H:15])[H:17],29.0,6.0
19,0.05284285714285714,AM1BCC,AmberTools,,,H,,20,[H:16][C:7]1([C:6]([C:5]([C:4]([C:9]([C:8]1([H:18])[H:19])([H:20])[H:21])([H:11])[C:2](=[O:1])[O:3][H:10])([H:12])[H:13])([H:14])[H:15])[H:17],29.0,6.0
20,0.05284285714285714,AM1BCC,AmberTools,,,H,,21,[H:16][C:7]1([C:6]([C:5]([C:4]([C:9]([C:8]1([H:18])[H:19])([H:20])[H:21])([H:11])[C:2](=[O:1])[O:3][H:10])([H:12])[H:13])([H:14])[H:15])[H:17],29.0,6.0
0,-0.5523599989357448,AM1BCC,OpenEye,,,O,,1,[H:16][C:7]1([C:6]([C:5]([C:4]([C:9]([C:8]1([H:18])[H:19])([H:20])[H:21])([H:11])[C:2](=[O:1])[O:3][H:10])([H:12])[H:13])([H:14])[H:15])[H:17],29.0,7.0
1,0.6346499912795567,AM1BCC,OpenEye,,,C,,2,[H:16][C:7]1([C:6]([C:5]([C:4]([C:9]([C:8]1([H:18])[H:19])([H:20])[H:21])([H:11])[C:2](=[O:1])[O:3][H:10])([H:12])[H:13])([H:14])[H:15])[H:17],29.0,7.0
2,-0.6014099724235988,AM1BCC,OpenEye,,,O,,3,[H:16][C:7]1([C:6]([C:5]([C:4]([C:9]([C:8]1([H:18])[H:19])([H:20])[H:21])([H:11])[C:2](=[O:1])[O:3][H:10])([H:12])[H:13])([H:14])[H:15])[H:17],29.0,7.0
3,-0.10766000371603739,AM1BCC,OpenEye,,,C,,4,[H:16][C:7]1([C:6]([C:5]([C:4]([C:9]([C:8]1([H:18])[H:19])([H:20])[H:21])([H:11])[C:2](=[O:1])[O:3][H:10])([H:12])[H:13])([H:14])[H:15])[H:17],29.0,7.0
4,-0.06951999735264551,AM1BCC,OpenEye,,,C,,5,[H:16][C:7]1([C:6]([C:5]([C:4]([C:9]([C:8]1([H:18])[H:19])([H:20])[H:21])([H:11])[C:2](=[O:1])[O:3][H:10])([H:12])[H:13])([H:14])[H:15])[H:17],29.0,7.0
5,-0.07839000296025049,AM1BCC,OpenEye,,,C,,6,[H:16][C:7]1([C:6]([C:5]([C:4]([C:9]([C:8]1([H:18])[H:19])([H:20])[H:21])([H:11])[C:2](=[O:1])[O:3][H:10])([H:12])[H:13])([H:14])[H:15])[H:17],29.0,7.0
6,-0.07823000174193155,AM1BCC,OpenEye,,,C,,7,[H:16][C:7]1([C:6]([C:5]([C:4]([C:9]([C:8]1([H:18])[H:19])([H:20])[H:21])([H:11])[C:2](=[O:1])[O:3][H:10])([H:12])[H:13])([H:14])[H:15])[H:17],29.0,7.0
7,-0.07839000296025049,AM1BCC,OpenEye,,,C,,8,[H:16][C:7]1([C:6]([C:5]([C:4]([C:9]([C:8]1([H:18])[H:19])([H:20])[H:21])([H:11])[C:2](=[O:1])[O:3][H:10])([H:12])[H:13])([H:14])[H:15])[H:17],29.0,7.0
8,-0.06951999735264551,AM1BCC,OpenEye,,,C,,9,[H:16][C:7]1([C:6]([C:5]([C:4]([C:9]([C:8]1([H:18])[H:19])([H:20])[H:21])([H:11])[C:2](=[O:1])[O:3][H:10])([H:12])[H:13])([H:14])[H:15])[H:17],29.0,7.0
9,0.4412899904307865,AM1BCC,OpenEye,,,H,,10,[H:16][C:7]1([C:6]([C:5]([C:4]([C:9]([C:8]1([H:18])[H:19])([H:20])[H:21])([H:11])[C:2](=[O:1])[O:3][H:10])([H:12])[H:13])([H:14])[H:15])[H:17],29.0,7.0
10,0.08188000250430334,AM1BCC,OpenEye,,,H,,11,[H:16][C:7]1([C:6]([C:5]([C:4]([C:9]([C:8]1([H:18])[H:19])([H:20])[H:21])([H:11])[C:2](=[O:1])[O:3][H:10])([H:12])[H:13])([H:14])[H:15])[H:17],29.0,7.0
11,0.052429999446585066,AM1BCC,OpenEye,,,H,,12,[H:16][C:7]1([C:6]([C:5]([C:4]([C:9]([C:8]1([H:18])[H:19])([H:20])[H:21])([H:11])[C:2](=[O:1])[O:3][H:10])([H:12])[H:13])([H:14])[H:15])[H:17],29.0,7.0
12,0.052429999446585066,AM1BCC,OpenEye,,,H,,13,[H:16][C:7]1([C:6]([C:5]([C:4]([C:9]([C:8]1([H:18])[H:19])([H:20])[H:21])([H:11])[C:2](=[O:1])[O:3][H:10])([H:12])[H:13])([H:14])[H:15])[H:17],29.0,7.0
13,0.04661999944420088,AM1BCC,OpenEye,,,H,,14,[H:16][C:7]1([C:6]([C:5]([C:4]([C:9]([C:8]1([H:18])[H:19])([H:20])[H:21])([H:11])[C:2](=[O:1])[O:3][H:10])([H:12])[H:13])([H:14])[H:15])[H:17],29.0,7.0
14,0.04661999944420088,AM1BCC,OpenEye,,,H,,15,[H:16][C:7]1([C:6]([C:5]([C:4]([C:9]([C:8]1([H:18])[H:19])([H:20])[H:21])([H:11])[C:2](=[O:1])[O:3][H:10])([H:12])[H:13])([H:14])[H:15])[H:17],29.0,7.0
15,0.040729998832657224,AM1BCC,OpenEye,,,H,,16,[H:16][C:7]1([C:6]([C:5]([C:4]([C:9]([C:8]1([H:18])[H:19])([H:20])[H:21])([H:11])[C:2](=[O:1])[O:3][H:10])([H:12])[H:13])([H:14])[H:15])[H:17],29.0,7.0
16,0.040729998832657224,AM1BCC,OpenEye,,,H,,17,[H:16][C:7]1([C:6]([C:5]([C:4]([C:9]([C:8]1([H:18])[H:19])([H:20])[H:21])([H:11])[C:2](=[O:1])[O:3][H:10])([H:12])[H:13])([H:14])[H:15])[H:17],29.0,7.0
17,0.04661999944420088,AM1BCC,OpenEye,,,H,,18,[H:16][C:7]1([C:6]([C:5]([C:4]([C:9]([C:8]1([H:18])[H:19])([H:20])[H:21])([H:11])[C:2](=[O:1])[O:3][H:10])([H:12])[H:13])([H:14])[H:15])[H:17],29.0,7.0
18,0.04661999944420088,AM1BCC,OpenEye,,,H,,19,[H:16][C:7]1([C:6]([C:5]([C:4]([C:9]([C:8]1([H:18])[H:19])([H:20])[H:21])([H:11])[C:2](=[O:1])[O:3][H:10])([H:12])[H:13])([H:14])[H:15])[H:17],29.0,7.0
19,0.052429999446585066,AM1BCC,OpenEye,,,H,,20,[H:16][C:7]1([C:6]([C:5]([C:4]([C:9]([C:8]1([H:18])[H:19])([H:20])[H:21])([H:11])[C:2](=[O:1])[O:3][H:10])([H:12])[H:13])([H:14])[H:15])[H:17],29.0,7.0
20,0.052429999446585066,AM1BCC,OpenEye,,,H,,21,[H:16][C:7]1([C:6]([C:5]([C:4]([C:9]([C:8]1([H:18])[H:19])([H:20])[H:21])([H:11])[C:2](=[O:1])[O:3][H:10])([H:12])[H:13])([H:14])[H:15])[H:17],29.0,7.0
0,-0.5528571428571429,AM1BCC,AmberTools,,,O,,1,[H:16][C:7]1([C:6]([C:5]([C:4]([C:9]([C:8]1([H:18])[H:19])([H:20])[H:21])([H:11])[C:2](=[O:1])[O:3][H:10])([H:12])[H:13])([H:14])[H:15])[H:17],29.0,7.0
1,0.6342428571428571,AM1BCC,AmberTools,,,C,,2,[H:16][C:7]1([C:6]([C:5]([C:4]([C:9]([C:8]1([H:18])[H:19])([H:20])[H:21])([H:11])[C:2](=[O:1])[O:3][H:10])([H:12])[H:13])([H:14])[H:15])[H:17],29.0,7.0
2,-0.6059571428571429,AM1BCC,AmberTools,,,O,,3,[H:16][C:7]1([C:6]([C:5]([C:4]([C:9]([C:8]1([H:18])[H:19])([H:20])[H:21])([H:11])[C:2](=[O:1])[O:3][H:10])([H:12])[H:13])([H:14])[H:15])[H:17],29.0,7.0
3,-0.10255714285714285,AM1BCC,AmberTools,,,C,,4,[H:16][C:7]1([C:6]([C:5]([C:4]([C:9]([C:8]1([H:18])[H:19])([H:20])[H:21])([H:11])[C:2](=[O:1])[O:3][H:10])([H:12])[H:13])([H:14])[H:15])[H:17],29.0,7.0
4,-0.07025714285714285,AM1BCC,AmberTools,,,C,,5,[H:16][C:7]1([C:6]([C:5]([C:4]([C:9]([C:8]1([H:18])[H:19])([H:20])[H:21])([H:11])[C:2](=[O:1])[O:3][H:10])([H:12])[H:13])([H:14])[H:15])[H:17],29.0,7.0
5,-0.07775714285714284,AM1BCC,AmberTools,,,C,,6,[H:16][C:7]1([C:6]([C:5]([C:4]([C:9]([C:8]1([H:18])[H:19])([H:20])[H:21])([H:11])[C:2](=[O:1])[O:3][H:10])([H:12])[H:13])([H:14])[H:15])[H:17],29.0,7.0
6,-0.07725714285714284,AM1BCC,AmberTools,,,C,,7,[H:16][C:7]1([C:6]([C:5]([C:4]([C:9]([C:8]1([H:18])[H:19])([H:20])[H:21])([H:11])[C:2](=[O:1])[O:3][H:10])([H:12])[H:13])([H:14])[H:15])[H:17],29.0,7.0
7,-0.07775714285714284,AM1BCC,AmberTools,,,C,,8,[H:16][C:7]1([C:6]([C:5]([C:4]([C:9]([C:8]1([H:18])[H:19])([H:20])[H:21])([H:11])[C:2](=[O:1])[O:3][H:10])([H:12])[H:13])([H:14])[H:15])[H:17],29.0,7.0
8,-0.07025714285714285,AM1BCC,AmberTools,,,C,,9,[H:16][C:7]1([C:6]([C:5]([C:4]([C:9]([C:8]1([H:18])[H:19])([H:20])[H:21])([H:11])[C:2](=[O:1])[O:3][H:10])([H:12])[H:13])([H:14])[H:15])[H:17],29.0,7.0
9,0.44214285714285717,AM1BCC,AmberTools,,,H,,10,[H:16][C:7]1([C:6]([C:5]([C:4]([C:9]([C:8]1([H:18])[H:19])([H:20])[H:21])([H:11])[C:2](=[O:1])[O:3][H:10])([H:12])[H:13])([H:14])[H:15])[H:17],29.0,7.0
10,0.08084285714285715,AM1BCC,AmberTools,,,H,,11,[H:16][C:7]1([C:6]([C:5]([C:4]([C:9]([C:8]1([H:18])[H:19])([H:20])[H:21])([H:11])[C:2](=[O:1])[O:3][H:10])([H:12])[H:13])([H:14])[H:15])[H:17],29.0,7.0
11,0.05284285714285714,AM1BCC,AmberTools,,,H,,12,[H:16][C:7]1([C:6]([C:5]([C:4]([C:9]([C:8]1([H:18])[H:19])([H:20])[H:21])([H:11])[C:2](=[O:1])[O:3][H:10])([H:12])[H:13])([H:14])[H:15])[H:17],29.0,7.0
12,0.05284285714285714,AM1BCC,AmberTools,,,H,,13,[H:16][C:7]1([C:6]([C:5]([C:4]([C:9]([C:8]1([H:18])[H:19])([H:20])[H:21])([H:11])[C:2](=[O:1])[O:3][H:10])([H:12])[H:13])([H:14])[H:15])[H:17],29.0,7.0
13,0.046342857142857144,AM1BCC,AmberTools,,,H,,14,[H:16][C:7]1([C:6]([C:5]([C:4]([C:9]([C:8]1([H:18])[H:19])([H:20])[H:21])([H:11])[C:2](=[O:1])[O:3][H:10])([H:12])[H:13])([H:14])[H:15])[H:17],29.0,7.0
14,0.046342857142857144,AM1BCC,AmberTools,,,H,,15,[H:16][C:7]1([C:6]([C:5]([C:4]([C:9]([C:8]1([H:18])[H:19])([H:20])[H:21])([H:11])[C:2](=[O:1])[O:3][H:10])([H:12])[H:13])([H:14])[H:15])[H:17],29.0,7.0
15,0.040342857142857146,AM1BCC,AmberTools,,,H,,16,[H:16][C:7]1([C:6]([C:5]([C:4]([C:9]([C:8]1([H:18])[H:19])([H:20])[H:21])([H:11])[C:2](=[O:1])[O:3][H:10])([H:12])[H:13])([H:14])[H:15])[H:17],29.0,7.0
16,0.040342857142857146,AM1BCC,AmberTools,,,H,,17,[H:16][C:7]1([C:6]([C:5]([C:4]([C:9]([C:8]1([H:18])[H:19])([H:20])[H:21])([H:11])[C:2](=[O:1])[O:3][H:10])([H:12])[H:13])([H:14])[H:15])[H:17],29.0,7.0
17,0.046342857142857144,AM1BCC,AmberTools,,,H,,18,[H:16][C:7]1([C:6]([C:5]([C:4]([C:9]([C:8]1([H:18])[H:19])([H:20])[H:21])([H:11])[C:2](=[O:1])[O:3][H:10])([H:12])[H:13])([H:14])[H:15])[H:17],29.0,7.0
18,0.046342857142857144,AM1BCC,AmberTools,,,H,,19,[H:16][C:7]1([C:6]([C:5]([C:4]([C:9]([C:8]1([H:18])[H:19])([H:20])[H:21])([H:11])[C:2](=[O:1])[O:3][H:10])([H:12])[H:13])([H:14])[H:15])[H:17],29.0,7.0
19,0.05284285714285714,AM1BCC,AmberTools,,,H,,20,[H:16][C:7]1([C:6]([C:5]([C:4]([C:9]([C:8]1([H:18])[H:19])([H:20])[H:21])([H:11])[C:2](=[O:1])[O:3][H:10])([H:12])[H:13])([H:14])[H:15])[H:17],29.0,7.0
20,0.05284285714285714,AM1BCC,AmberTools,,,H,,21,[H:16][C:7]1([C:6]([C:5]([C:4]([C:9]([C:8]1([H:18])[H:19])([H:20])[H:21])([H:11])[C:2](=[O:1])[O:3][H:10])([H:12])[H:13])([H:14])[H:15])[H:17],29.0,7.0
0,-0.5523599989357448,AM1BCC,OpenEye,,,O,,1,[H:16][C:7]1([C:6]([C:5]([C:4]([C:9]([C:8]1([H:18])[H:19])([H:20])[H:21])([H:11])[C:2](=[O:1])[O:3][H:10])([H:12])[H:13])([H:14])[H:15])[H:17],29.0,8.0
1,0.6346499912795567,AM1BCC,OpenEye,,,C,,2,[H:16][C:7]1([C:6]([C:5]([C:4]([C:9]([C:8]1([H:18])[H:19])([H:20])[H:21])([H:11])[C:2](=[O:1])[O:3][H:10])([H:12])[H:13])([H:14])[H:15])[H:17],29.0,8.0
2,-0.6014099724235988,AM1BCC,OpenEye,,,O,,3,[H:16][C:7]1([C:6]([C:5]([C:4]([C:9]([C:8]1([H:18])[H:19])([H:20])[H:21])([H:11])[C:2](=[O:1])[O:3][H:10])([H:12])[H:13])([H:14])[H:15])[H:17],29.0,8.0
3,-0.10766000371603739,AM1BCC,OpenEye,,,C,,4,[H:16][C:7]1([C:6]([C:5]([C:4]([C:9]([C:8]1([H:18])[H:19])([H:20])[H:21])([H:11])[C:2](=[O:1])[O:3][H:10])([H:12])[H:13])([H:14])[H:15])[H:17],29.0,8.0
4,-0.06951999735264551,AM1BCC,OpenEye,,,C,,5,[H:16][C:7]1([C:6]([C:5]([C:4]([C:9]([C:8]1([H:18])[H:19])([H:20])[H:21])([H:11])[C:2](=[O:1])[O:3][H:10])([H:12])[H:13])([H:14])[H:15])[H:17],29.0,8.0
5,-0.07839000296025049,AM1BCC,OpenEye,,,C,,6,[H:16][C:7]1([C:6]([C:5]([C:4]([C:9]([C:8]1([H:18])[H:19])([H:20])[H:21])([H:11])[C:2](=[O:1])[O:3][H:10])([H:12])[H:13])([H:14])[H:15])[H:17],29.0,8.0
6,-0.07823000174193155,AM1BCC,OpenEye,,,C,,7,[H:16][C:7]1([C:6]([C:5]([C:4]([C:9]([C:8]1([H:18])[H:19])([H:20])[H:21])([H:11])[C:2](=[O:1])[O:3][H:10])([H:12])[H:13])([H:14])[H:15])[H:17],29.0,8.0
7,-0.07839000296025049,AM1BCC,OpenEye,,,C,,8,[H:16][C:7]1([C:6]([C:5]([C:4]([C:9]([C:8]1([H:18])[H:19])([H:20])[H:21])([H:11])[C:2](=[O:1])[O:3][H:10])([H:12])[H:13])([H:14])[H:15])[H:17],29.0,8.0
8,-0.06951999735264551,AM1BCC,OpenEye,,,C,,9,[H:16][C:7]1([C:6]([C:5]([C:4]([C:9]([C:8]1([H:18])[H:19])([H:20])[H:21])([H:11])[C:2](=[O:1])[O:3][H:10])([H:12])[H:13])([H:14])[H:15])[H:17],29.0,8.0
9,0.4412899904307865,AM1BCC,OpenEye,,,H,,10,[H:16][C:7]1([C:6]([C:5]([C:4]([C:9]([C:8]1([H:18])[H:19])([H:20])[H:21])([H:11])[C:2](=[O:1])[O:3][H:10])([H:12])[H:13])([H:14])[H:15])[H:17],29.0,8.0
10,0.08188000250430334,AM1BCC,OpenEye,,,H,,11,[H:16][C:7]1([C:6]([C:5]([C:4]([C:9]([C:8]1([H:18])[H:19])([H:20])[H:21])([H:11])[C:2](=[O:1])[O:3][H:10])([H:12])[H:13])([H:14])[H:15])[H:17],29.0,8.0
11,0.052429999446585066,AM1BCC,OpenEye,,,H,,12,[H:16][C:7]1([C:6]([C:5]([C:4]([C:9]([C:8]1([H:18])[H:19])([H:20])[H:21])([H:11])[C:2](=[O:1])[O:3][H:10])([H:12])[H:13])([H:14])[H:15])[H:17],29.0,8.0
12,0.052429999446585066,AM1BCC,OpenEye,,,H,,13,[H:16][C:7]1([C:6]([C:5]([C:4]([C:9]([C:8]1([H:18])[H:19])([H:20])[H:21])([H:11])[C:2](=[O:1])[O:3][H:10])([H:12])[H:13])([H:14])[H:15])[H:17],29.0,8.0
13,0.04661999944420088,AM1BCC,OpenEye,,,H,,14,[H:16][C:7]1([C:6]([C:5]([C:4]([C:9]([C:8]1([H:18])[H:19])([H:20])[H:21])([H:11])[C:2](=[O:1])[O:3][H:10])([H:12])[H:13])([H:14])[H:15])[H:17],29.0,8.0
14,0.04661999944420088,AM1BCC,OpenEye,,,H,,15,[H:16][C:7]1([C:6]([C:5]([C:4]([C:9]([C:8]1([H:18])[H:19])([H:20])[H:21])([H:11])[C:2](=[O:1])[O:3][H:10])([H:12])[H:13])([H:14])[H:15])[H:17],29.0,8.0
15,0.040729998832657224,AM1BCC,OpenEye,,,H,,16,[H:16][C:7]1([C:6]([C:5]([C:4]([C:9]([C:8]1([H:18])[H:19])([H:20])[H:21])([H:11])[C:2](=[O:1])[O:3][H:10])([H:12])[H:13])([H:14])[H:15])[H:17],29.0,8.0
16,0.040729998832657224,AM1BCC,OpenEye,,,H,,17,[H:16][C:7]1([C:6]([C:5]([C:4]([C:9]([C:8]1([H:18])[H:19])([H:20])[H:21])([H:11])[C:2](=[O:1])[O:3][H:10])([H:12])[H:13])([H:14])[H:15])[H:17],29.0,8.0
17,0.04661999944420088,AM1BCC,OpenEye,,,H,,18,[H:16][C:7]1([C:6]([C:5]([C:4]([C:9]([C:8]1([H:18])[H:19])([H:20])[H:21])([H:11])[C:2](=[O:1])[O:3][H:10])([H:12])[H:13])([H:14])[H:15])[H:17],29.0,8.0
18,0.04661999944420088,AM1BCC,OpenEye,,,H,,19,[H:16][C:7]1([C:6]([C:5]([C:4]([C:9]([C:8]1([H:18])[H:19])([H:20])[H:21])([H:11])[C:2](=[O:1])[O:3][H:10])([H:12])[H:13])([H:14])[H:15])[H:17],29.0,8.0
19,0.052429999446585066,AM1BCC,OpenEye,,,H,,20,[H:16][C:7]1([C:6]([C:5]([C:4]([C:9]([C:8]1([H:18])[H:19])([H:20])[H:21])([H:11])[C:2](=[O:1])[O:3][H:10])([H:12])[H:13])([H:14])[H:15])[H:17],29.0,8.0
20,0.052429999446585066,AM1BCC,OpenEye,,,H,,21,[H:16][C:7]1([C:6]([C:5]([C:4]([C:9]([C:8]1([H:18])[H:19])([H:20])[H:21])([H:11])[C:2](=[O:1])[O:3][H:10])([H:12])[H:13])([H:14])[H:15])[H:17],29.0,8.0
0,-0.5528571428571429,AM1BCC,AmberTools,,,O,,1,[H:16][C:7]1([C:6]([C:5]([C:4]([C:9]([C:8]1([H:18])[H:19])([H:20])[H:21])([H:11])[C:2](=[O:1])[O:3][H:10])([H:12])[H:13])([H:14])[H:15])[H:17],29.0,8.0
1,0.6342428571428571,AM1BCC,AmberTools,,,C,,2,[H:16][C:7]1([C:6]([C:5]([C:4]([C:9]([C:8]1([H:18])[H:19])([H:20])[H:21])([H:11])[C:2](=[O:1])[O:3][H:10])([H:12])[H:13])([H:14])[H:15])[H:17],29.0,8.0
2,-0.6059571428571429,AM1BCC,AmberTools,,,O,,3,[H:16][C:7]1([C:6]([C:5]([C:4]([C:9]([C:8]1([H:18])[H:19])([H:20])[H:21])([H:11])[C:2](=[O:1])[O:3][H:10])([H:12])[H:13])([H:14])[H:15])[H:17],29.0,8.0
3,-0.10255714285714285,AM1BCC,AmberTools,,,C,,4,[H:16][C:7]1([C:6]([C:5]([C:4]([C:9]([C:8]1([H:18])[H:19])([H:20])[H:21])([H:11])[C:2](=[O:1])[O:3][H:10])([H:12])[H:13])([H:14])[H:15])[H:17],29.0,8.0
4,-0.07025714285714285,AM1BCC,AmberTools,,,C,,5,[H:16][C:7]1([C:6]([C:5]([C:4]([C:9]([C:8]1([H:18])[H:19])([H:20])[H:21])([H:11])[C:2](=[O:1])[O:3][H:10])([H:12])[H:13])([H:14])[H:15])[H:17],29.0,8.0
5,-0.07775714285714284,AM1BCC,AmberTools,,,C,,6,[H:16][C:7]1([C:6]([C:5]([C:4]([C:9]([C:8]1([H:18])[H:19])([H:20])[H:21])([H:11])[C:2](=[O:1])[O:3][H:10])([H:12])[H:13])([H:14])[H:15])[H:17],29.0,8.0
6,-0.07725714285714284,AM1BCC,AmberTools,,,C,,7,[H:16][C:7]1([C:6]([C:5]([C:4]([C:9]([C:8]1([H:18])[H:19])([H:20])[H:21])([H:11])[C:2](=[O:1])[O:3][H:10])([H:12])[H:13])([H:14])[H:15])[H:17],29.0,8.0
7,-0.07775714285714284,AM1BCC,AmberTools,,,C,,8,[H:16][C:7]1([C:6]([C:5]([C:4]([C:9]([C:8]1([H:18])[H:19])([H:20])[H:21])([H:11])[C:2](=[O:1])[O:3][H:10])([H:12])[H:13])([H:14])[H:15])[H:17],29.0,8.0
8,-0.07025714285714285,AM1BCC,AmberTools,,,C,,9,[H:16][C:7]1([C:6]([C:5]([C:4]([C:9]([C:8]1([H:18])[H:19])([H:20])[H:21])([H:11])[C:2](=[O:1])[O:3][H:10])([H:12])[H:13])([H:14])[H:15])[H:17],29.0,8.0
9,0.44214285714285717,AM1BCC,AmberTools,,,H,,10,[H:16][C:7]1([C:6]([C:5]([C:4]([C:9]([C:8]1([H:18])[H:19])([H:20])[H:21])([H:11])[C:2](=[O:1])[O:3][H:10])([H:12])[H:13])([H:14])[H:15])[H:17],29.0,8.0
10,0.08084285714285715,AM1BCC,AmberTools,,,H,,11,[H:16][C:7]1([C:6]([C:5]([C:4]([C:9]([C:8]1([H:18])[H:19])([H:20])[H:21])([H:11])[C:2](=[O:1])[O:3][H:10])([H:12])[H:13])([H:14])[H:15])[H:17],29.0,8.0
11,0.05284285714285714,AM1BCC,AmberTools,,,H,,12,[H:16][C:7]1([C:6]([C:5]([C:4]([C:9]([C:8]1([H:18])[H:19])([H:20])[H:21])([H:11])[C:2](=[O:1])[O:3][H:10])([H:12])[H:13])([H:14])[H:15])[H:17],29.0,8.0
12,0.05284285714285714,AM1BCC,AmberTools,,,H,,13,[H:16][C:7]1([C:6]([C:5]([C:4]([C:9]([C:8]1([H:18])[H:19])([H:20])[H:21])([H:11])[C:2](=[O:1])[O:3][H:10])([H:12])[H:13])([H:14])[H:15])[H:17],29.0,8.0
13,0.046342857142857144,AM1BCC,AmberTools,,,H,,14,[H:16][C:7]1([C:6]([C:5]([C:4]([C:9]([C:8]1([H:18])[H:19])([H:20])[H:21])([H:11])[C:2](=[O:1])[O:3][H:10])([H:12])[H:13])([H:14])[H:15])[H:17],29.0,8.0
14,0.046342857142857144,AM1BCC,AmberTools,,,H,,15,[H:16][C:7]1([C:6]([C:5]([C:4]([C:9]([C:8]1([H:18])[H:19])([H:20])[H:21])([H:11])[C:2](=[O:1])[O:3][H:10])([H:12])[H:13])([H:14])[H:15])[H:17],29.0,8.0
15,0.040342857142857146,AM1BCC,AmberTools,,,H,,16,[H:16][C:7]1([C:6]([C:5]([C:4]([C:9]([C:8]1([H:18])[H:19])([H:20])[H:21])([H:11])[C:2](=[O:1])[O:3][H:10])([H:12])[H:13])([H:14])[H:15])[H:17],29.0,8.0
16,0.040342857142857146,AM1BCC,AmberTools,,,H,,17,[H:16][C:7]1([C:6]([C:5]([C:4]([C:9]([C:8]1([H:18])[H:19])([H:20])[H:21])([H:11])[C:2](=[O:1])[O:3][H:10])([H:12])[H:13])([H:14])[H:15])[H:17],29.0,8.0
17,0.046342857142857144,AM1BCC,AmberTools,,,H,,18,[H:16][C:7]1([C:6]([C:5]([C:4]([C:9]([C:8]1([H:18])[H:19])([H:20])[H:21])([H:11])[C:2](=[O:1])[O:3][H:10])([H:12])[H:13])([H:14])[H:15])[H:17],29.0,8.0
18,0.046342857142857144,AM1BCC,AmberTools,,,H,,19,[H:16][C:7]1([C:6]([C:5]([C:4]([C:9]([C:8]1([H:18])[H:19])([H:20])[H:21])([H:11])[C:2](=[O:1])[O:3][H:10])([H:12])[H:13])([H:14])[H:15])[H:17],29.0,8.0
19,0.05284285714285714,AM1BCC,AmberTools,,,H,,20,[H:16][C:7]1([C:6]([C:5]([C:4]([C:9]([C:8]1([H:18])[H:19])([H:20])[H:21])([H:11])[C:2](=[O:1])[O:3][H:10])([H:12])[H:13])([H:14])[H:15])[H:17],29.0,8.0
20,0.05284285714285714,AM1BCC,AmberTools,,,H,,21,[H:16][C:7]1([C:6]([C:5]([C:4]([C:9]([C:8]1([H:18])[H:19])([H:20])[H:21])([H:11])[C:2](=[O:1])[O:3][H:10])([H:12])[H:13])([H:14])[H:15])[H:17],29.0,8.0
0,-0.5523599989357448,AM1BCC,OpenEye,,,O,,1,[H:16][C:7]1([C:6]([C:5]([C:4]([C:9]([C:8]1([H:18])[H:19])([H:20])[H:21])([H:11])[C:2](=[O:1])[O:3][H:10])([H:12])[H:13])([H:14])[H:15])[H:17],29.0,9.0
1,0.6346499912795567,AM1BCC,OpenEye,,,C,,2,[H:16][C:7]1([C:6]([C:5]([C:4]([C:9]([C:8]1([H:18])[H:19])([H:20])[H:21])([H:11])[C:2](=[O:1])[O:3][H:10])([H:12])[H:13])([H:14])[H:15])[H:17],29.0,9.0
2,-0.6014099724235988,AM1BCC,OpenEye,,,O,,3,[H:16][C:7]1([C:6]([C:5]([C:4]([C:9]([C:8]1([H:18])[H:19])([H:20])[H:21])([H:11])[C:2](=[O:1])[O:3][H:10])([H:12])[H:13])([H:14])[H:15])[H:17],29.0,9.0
3,-0.10766000371603739,AM1BCC,OpenEye,,,C,,4,[H:16][C:7]1([C:6]([C:5]([C:4]([C:9]([C:8]1([H:18])[H:19])([H:20])[H:21])([H:11])[C:2](=[O:1])[O:3][H:10])([H:12])[H:13])([H:14])[H:15])[H:17],29.0,9.0
4,-0.06951999735264551,AM1BCC,OpenEye,,,C,,5,[H:16][C:7]1([C:6]([C:5]([C:4]([C:9]([C:8]1([H:18])[H:19])([H:20])[H:21])([H:11])[C:2](=[O:1])[O:3][H:10])([H:12])[H:13])([H:14])[H:15])[H:17],29.0,9.0
5,-0.07839000296025049,AM1BCC,OpenEye,,,C,,6,[H:16][C:7]1([C:6]([C:5]([C:4]([C:9]([C:8]1([H:18])[H:19])([H:20])[H:21])([H:11])[C:2](=[O:1])[O:3][H:10])([H:12])[H:13])([H:14])[H:15])[H:17],29.0,9.0
6,-0.07823000174193155,AM1BCC,OpenEye,,,C,,7,[H:16][C:7]1([C:6]([C:5]([C:4]([C:9]([C:8]1([H:18])[H:19])([H:20])[H:21])([H:11])[C:2](=[O:1])[O:3][H:10])([H:12])[H:13])([H:14])[H:15])[H:17],29.0,9.0
7,-0.07839000296025049,AM1BCC,OpenEye,,,C,,8,[H:16][C:7]1([C:6]([C:5]([C:4]([C:9]([C:8]1([H:18])[H:19])([H:20])[H:21])([H:11])[C:2](=[O:1])[O:3][H:10])([H:12])[H:13])([H:14])[H:15])[H:17],29.0,9.0
8,-0.06951999735264551,AM1BCC,OpenEye,,,C,,9,[H:16][C:7]1([C:6]([C:5]([C:4]([C:9]([C:8]1([H:18])[H:19])([H:20])[H:21])([H:11])[C:2](=[O:1])[O:3][H:10])([H:12])[H:13])([H:14])[H:15])[H:17],29.0,9.0
9,0.4412899904307865,AM1BCC,OpenEye,,,H,,10,[H:16][C:7]1([C:6]([C:5]([C:4]([C:9]([C:8]1([H:18])[H:19])([H:20])[H:21])([H:11])[C:2](=[O:1])[O:3][H:10])([H:12])[H:13])([H:14])[H:15])[H:17],29.0,9.0
10,0.08188000250430334,AM1BCC,OpenEye,,,H,,11,[H:16][C:7]1([C:6]([C:5]([C:4]([C:9]([C:8]1([H:18])[H:19])([H:20])[H:21])([H:11])[C:2](=[O:1])[O:3][H:10])([H:12])[H:13])([H:14])[H:15])[H:17],29.0,9.0
11,0.052429999446585066,AM1BCC,OpenEye,,,H,,12,[H:16][C:7]1([C:6]([C:5]([C:4]([C:9]([C:8]1([H:18])[H:19])([H:20])[H:21])([H:11])[C:2](=[O:1])[O:3][H:10])([H:12])[H:13])([H:14])[H:15])[H:17],29.0,9.0
12,0.052429999446585066,AM1BCC,OpenEye,,,H,,13,[H:16][C:7]1([C:6]([C:5]([C:4]([C:9]([C:8]1([H:18])[H:19])([H:20])[H:21])([H:11])[C:2](=[O:1])[O:3][H:10])([H:12])[H:13])([H:14])[H:15])[H:17],29.0,9.0
13,0.04661999944420088,AM1BCC,OpenEye,,,H,,14,[H:16][C:7]1([C:6]([C:5]([C:4]([C:9]([C:8]1([H:18])[H:19])([H:20])[H:21])([H:11])[C:2](=[O:1])[O:3][H:10])([H:12])[H:13])([H:14])[H:15])[H:17],29.0,9.0
14,0.04661999944420088,AM1BCC,OpenEye,,,H,,15,[H:16][C:7]1([C:6]([C:5]([C:4]([C:9]([C:8]1([H:18])[H:19])([H:20])[H:21])([H:11])[C:2](=[O:1])[O:3][H:10])([H:12])[H:13])([H:14])[H:15])[H:17],29.0,9.0
15,0.040729998832657224,AM1BCC,OpenEye,,,H,,16,[H:16][C:7]1([C:6]([C:5]([C:4]([C:9]([C:8]1([H:18])[H:19])([H:20])[H:21])([H:11])[C:2](=[O:1])[O:3][H:10])([H:12])[H:13])([H:14])[H:15])[H:17],29.0,9.0
16,0.040729998832657224,AM1BCC,OpenEye,,,H,,17,[H:16][C:7]1([C:6]([C:5]([C:4]([C:9]([C:8]1([H:18])[H:19])([H:20])[H:21])([H:11])[C:2](=[O:1])[O:3][H:10])([H:12])[H:13])([H:14])[H:15])[H:17],29.0,9.0
17,0.04661999944420088,AM1BCC,OpenEye,,,H,,18,[H:16][C:7]1([C:6]([C:5]([C:4]([C:9]([C:8]1([H:18])[H:19])([H:20])[H:21])([H:11])[C:2](=[O:1])[O:3][H:10])([H:12])[H:13])([H:14])[H:15])[H:17],29.0,9.0
18,0.04661999944420088,AM1BCC,OpenEye,,,H,,19,[H:16][C:7]1([C:6]([C:5]([C:4]([C:9]([C:8]1([H:18])[H:19])([H:20])[H:21])([H:11])[C:2](=[O:1])[O:3][H:10])([H:12])[H:13])([H:14])[H:15])[H:17],29.0,9.0
19,0.052429999446585066,AM1BCC,OpenEye,,,H,,20,[H:16][C:7]1([C:6]([C:5]([C:4]([C:9]([C:8]1([H:18])[H:19])([H:20])[H:21])([H:11])[C:2](=[O:1])[O:3][H:10])([H:12])[H:13])([H:14])[H:15])[H:17],29.0,9.0
20,0.052429999446585066,AM1BCC,OpenEye,,,H,,21,[H:16][C:7]1([C:6]([C:5]([C:4]([C:9]([C:8]1([H:18])[H:19])([H:20])[H:21])([H:11])[C:2](=[O:1])[O:3][H:10])([H:12])[H:13])([H:14])[H:15])[H:17],29.0,9.0
0,-0.5528571428571429,AM1BCC,AmberTools,,,O,,1,[H:16][C:7]1([C:6]([C:5]([C:4]([C:9]([C:8]1([H:18])[H:19])([H:20])[H:21])([H:11])[C:2](=[O:1])[O:3][H:10])([H:12])[H:13])([H:14])[H:15])[H:17],29.0,9.0
1,0.6342428571428571,AM1BCC,AmberTools,,,C,,2,[H:16][C:7]1([C:6]([C:5]([C:4]([C:9]([C:8]1([H:18])[H:19])([H:20])[H:21])([H:11])[C:2](=[O:1])[O:3][H:10])([H:12])[H:13])([H:14])[H:15])[H:17],29.0,9.0
2,-0.6059571428571429,AM1BCC,AmberTools,,,O,,3,[H:16][C:7]1([C:6]([C:5]([C:4]([C:9]([C:8]1([H:18])[H:19])([H:20])[H:21])([H:11])[C:2](=[O:1])[O:3][H:10])([H:12])[H:13])([H:14])[H:15])[H:17],29.0,9.0
3,-0.10255714285714285,AM1BCC,AmberTools,,,C,,4,[H:16][C:7]1([C:6]([C:5]([C:4]([C:9]([C:8]1([H:18])[H:19])([H:20])[H:21])([H:11])[C:2](=[O:1])[O:3][H:10])([H:12])[H:13])([H:14])[H:15])[H:17],29.0,9.0
4,-0.07025714285714285,AM1BCC,AmberTools,,,C,,5,[H:16][C:7]1([C:6]([C:5]([C:4]([C:9]([C:8]1([H:18])[H:19])([H:20])[H:21])([H:11])[C:2](=[O:1])[O:3][H:10])([H:12])[H:13])([H:14])[H:15])[H:17],29.0,9.0
5,-0.07775714285714284,AM1BCC,AmberTools,,,C,,6,[H:16][C:7]1([C:6]([C:5]([C:4]([C:9]([C:8]1([H:18])[H:19])([H:20])[H:21])([H:11])[C:2](=[O:1])[O:3][H:10])([H:12])[H:13])([H:14])[H:15])[H:17],29.0,9.0
6,-0.07725714285714284,AM1BCC,AmberTools,,,C,,7,[H:16][C:7]1([C:6]([C:5]([C:4]([C:9]([C:8]1([H:18])[H:19])([H:20])[H:21])([H:11])[C:2](=[O:1])[O:3][H:10])([H:12])[H:13])([H:14])[H:15])[H:17],29.0,9.0
7,-0.07775714285714284,AM1BCC,AmberTools,,,C,,8,[H:16][C:7]1([C:6]([C:5]([C:4]([C:9]([C:8]1([H:18])[H:19])([H:20])[H:21])([H:11])[C:2](=[O:1])[O:3][H:10])([H:12])[H:13])([H:14])[H:15])[H:17],29.0,9.0
8,-0.07025714285714285,AM1BCC,AmberTools,,,C,,9,[H:16][C:7]1([C:6]([C:5]([C:4]([C:9]([C:8]1([H:18])[H:19])([H:20])[H:21])([H:11])[C:2](=[O:1])[O:3][H:10])([H:12])[H:13])([H:14])[H:15])[H:17],29.0,9.0
9,0.44214285714285717,AM1BCC,AmberTools,,,H,,10,[H:16][C:7]1([C:6]([C:5]([C:4]([C:9]([C:8]1([H:18])[H:19])([H:20])[H:21])([H:11])[C:2](=[O:1])[O:3][H:10])([H:12])[H:13])([H:14])[H:15])[H:17],29.0,9.0
10,0.08084285714285715,AM1BCC,AmberTools,,,H,,11,[H:16][C:7]1([C:6]([C:5]([C:4]([C:9]([C:8]1([H:18])[H:19])([H:20])[H:21])([H:11])[C:2](=[O:1])[O:3][H:10])([H:12])[H:13])([H:14])[H:15])[H:17],29.0,9.0
11,0.05284285714285714,AM1BCC,AmberTools,,,H,,12,[H:16][C:7]1([C:6]([C:5]([C:4]([C:9]([C:8]1([H:18])[H:19])([H:20])[H:21])([H:11])[C:2](=[O:1])[O:3][H:10])([H:12])[H:13])([H:14])[H:15])[H:17],29.0,9.0
12,0.05284285714285714,AM1BCC,AmberTools,,,H,,13,[H:16][C:7]1([C:6]([C:5]([C:4]([C:9]([C:8]1([H:18])[H:19])([H:20])[H:21])([H:11])[C:2](=[O:1])[O:3][H:10])([H:12])[H:13])([H:14])[H:15])[H:17],29.0,9.0
13,0.046342857142857144,AM1BCC,AmberTools,,,H,,14,[H:16][C:7]1([C:6]([C:5]([C:4]([C:9]([C:8]1([H:18])[H:19])([H:20])[H:21])([H:11])[C:2](=[O:1])[O:3][H:10])([H:12])[H:13])([H:14])[H:15])[H:17],29.0,9.0
14,0.046342857142857144,AM1BCC,AmberTools,,,H,,15,[H:16][C:7]1([C:6]([C:5]([C:4]([C:9]([C:8]1([H:18])[H:19])([H:20])[H:21])([H:11])[C:2](=[O:1])[O:3][H:10])([H:12])[H:13])([H:14])[H:15])[H:17],29.0,9.0
15,0.040342857142857146,AM1BCC,AmberTools,,,H,,16,[H:16][C:7]1([C:6]([C:5]([C:4]([C:9]([C:8]1([H:18])[H:19])([H:20])[H:21])([H:11])[C:2](=[O:1])[O:3][H:10])([H:12])[H:13])([H:14])[H:15])[H:17],29.0,9.0
16,0.040342857142857146,AM1BCC,AmberTools,,,H,,17,[H:16][C:7]1([C:6]([C:5]([C:4]([C:9]([C:8]1([H:18])[H:19])([H:20])[H:21])([H:11])[C:2](=[O:1])[O:3][H:10])([H:12])[H:13])([H:14])[H:15])[H:17],29.0,9.0
17,0.046342857142857144,AM1BCC,AmberTools,,,H,,18,[H:16][C:7]1([C:6]([C:5]([C:4]([C:9]([C:8]1([H:18])[H:19])([H:20])[H:21])([H:11])[C:2](=[O:1])[O:3][H:10])([H:12])[H:13])([H:14])[H:15])[H:17],29.0,9.0
18,0.046342857142857144,AM1BCC,AmberTools,,,H,,19,[H:16][C:7]1([C:6]([C:5]([C:4]([C:9]([C:8]1([H:18])[H:19])([H:20])[H:21])([H:11])[C:2](=[O:1])[O:3][H:10])([H:12])[H:13])([H:14])[H:15])[H:17],29.0,9.0
19,0.05284285714285714,AM1BCC,AmberTools,,,H,,20,[H:16][C:7]1([C:6]([C:5]([C:4]([C:9]([C:8]1([H:18])[H:19])([H:20])[H:21])([H:11])[C:2](=[O:1])[O:3][H:10])([H:12])[H:13])([H:14])[H:15])[H:17],29.0,9.0
20,0.05284285714285714,AM1BCC,AmberTools,,,H,,21,[H:16][C:7]1([C:6]([C:5]([C:4]([C:9]([C:8]1([H:18])[H:19])([H:20])[H:21])([H:11])[C:2](=[O:1])[O:3][H:10])([H:12])[H:13])([H:14])[H:15])[H:17],29.0,9.0
0,-0.5523599989357448,AM1BCC,OpenEye,,,O,,1,[H:16][C:7]1([C:6]([C:5]([C:4]([C:9]([C:8]1([H:18])[H:19])([H:20])[H:21])([H:11])[C:2](=[O:1])[O:3][H:10])([H:12])[H:13])([H:14])[H:15])[H:17],29.0,10.0
1,0.6346499912795567,AM1BCC,OpenEye,,,C,,2,[H:16][C:7]1([C:6]([C:5]([C:4]([C:9]([C:8]1([H:18])[H:19])([H:20])[H:21])([H:11])[C:2](=[O:1])[O:3][H:10])([H:12])[H:13])([H:14])[H:15])[H:17],29.0,10.0
2,-0.6014099724235988,AM1BCC,OpenEye,,,O,,3,[H:16][C:7]1([C:6]([C:5]([C:4]([C:9]([C:8]1([H:18])[H:19])([H:20])[H:21])([H:11])[C:2](=[O:1])[O:3][H:10])([H:12])[H:13])([H:14])[H:15])[H:17],29.0,10.0
3,-0.10766000371603739,AM1BCC,OpenEye,,,C,,4,[H:16][C:7]1([C:6]([C:5]([C:4]([C:9]([C:8]1([H:18])[H:19])([H:20])[H:21])([H:11])[C:2](=[O:1])[O:3][H:10])([H:12])[H:13])([H:14])[H:15])[H:17],29.0,10.0
4,-0.06951999735264551,AM1BCC,OpenEye,,,C,,5,[H:16][C:7]1([C:6]([C:5]([C:4]([C:9]([C:8]1([H:18])[H:19])([H:20])[H:21])([H:11])[C:2](=[O:1])[O:3][H:10])([H:12])[H:13])([H:14])[H:15])[H:17],29.0,10.0
5,-0.07839000296025049,AM1BCC,OpenEye,,,C,,6,[H:16][C:7]1([C:6]([C:5]([C:4]([C:9]([C:8]1([H:18])[H:19])([H:20])[H:21])([H:11])[C:2](=[O:1])[O:3][H:10])([H:12])[H:13])([H:14])[H:15])[H:17],29.0,10.0
6,-0.07823000174193155,AM1BCC,OpenEye,,,C,,7,[H:16][C:7]1([C:6]([C:5]([C:4]([C:9]([C:8]1([H:18])[H:19])([H:20])[H:21])([H:11])[C:2](=[O:1])[O:3][H:10])([H:12])[H:13])([H:14])[H:15])[H:17],29.0,10.0
7,-0.07839000296025049,AM1BCC,OpenEye,,,C,,8,[H:16][C:7]1([C:6]([C:5]([C:4]([C:9]([C:8]1([H:18])[H:19])([H:20])[H:21])([H:11])[C:2](=[O:1])[O:3][H:10])([H:12])[H:13])([H:14])[H:15])[H:17],29.0,10.0
8,-0.06951999735264551,AM1BCC,OpenEye,,,C,,9,[H:16][C:7]1([C:6]([C:5]([C:4]([C:9]([C:8]1([H:18])[H:19])([H:20])[H:21])([H:11])[C:2](=[O:1])[O:3][H:10])([H:12])[H:13])([H:14])[H:15])[H:17],29.0,10.0
9,0.4412899904307865,AM1BCC,OpenEye,,,H,,10,[H:16][C:7]1([C:6]([C:5]([C:4]([C:9]([C:8]1([H:18])[H:19])([H:20])[H:21])([H:11])[C:2](=[O:1])[O:3][H:10])([H:12])[H:13])([H:14])[H:15])[H:17],29.0,10.0
10,0.08188000250430334,AM1BCC,OpenEye,,,H,,11,[H:16][C:7]1([C:6]([C:5]([C:4]([C:9]([C:8]1([H:18])[H:19])([H:20])[H:21])([H:11])[C:2](=[O:1])[O:3][H:10])([H:12])[H:13])([H:14])[H:15])[H:17],29.0,10.0
11,0.052429999446585066,AM1BCC,OpenEye,,,H,,12,[H:16][C:7]1([C:6]([C:5]([C:4]([C:9]([C:8]1([H:18])[H:19])([H:20])[H:21])([H:11])[C:2](=[O:1])[O:3][H:10])([H:12])[H:13])([H:14])[H:15])[H:17],29.0,10.0
12,0.052429999446585066,AM1BCC,OpenEye,,,H,,13,[H:16][C:7]1([C:6]([C:5]([C:4]([C:9]([C:8]1([H:18])[H:19])([H:20])[H:21])([H:11])[C:2](=[O:1])[O:3][H:10])([H:12])[H:13])([H:14])[H:15])[H:17],29.0,10.0
13,0.04661999944420088,AM1BCC,OpenEye,,,H,,14,[H:16][C:7]1([C:6]([C:5]([C:4]([C:9]([C:8]1([H:18])[H:19])([H:20])[H:21])([H:11])[C:2](=[O:1])[O:3][H:10])([H:12])[H:13])([H:14])[H:15])[H:17],29.0,10.0
14,0.04661999944420088,AM1BCC,OpenEye,,,H,,15,[H:16][C:7]1([C:6]([C:5]([C:4]([C:9]([C:8]1([H:18])[H:19])([H:20])[H:21])([H:11])[C:2](=[O:1])[O:3][H:10])([H:12])[H:13])([H:14])[H:15])[H:17],29.0,10.0
15,0.040729998832657224,AM1BCC,OpenEye,,,H,,16,[H:16][C:7]1([C:6]([C:5]([C:4]([C:9]([C:8]1([H:18])[H:19])([H:20])[H:21])([H:11])[C:2](=[O:1])[O:3][H:10])([H:12])[H:13])([H:14])[H:15])[H:17],29.0,10.0
16,0.040729998832657224,AM1BCC,OpenEye,,,H,,17,[H:16][C:7]1([C:6]([C:5]([C:4]([C:9]([C:8]1([H:18])[H:19])([H:20])[H:21])([H:11])[C:2](=[O:1])[O:3][H:10])([H:12])[H:13])([H:14])[H:15])[H:17],29.0,10.0
17,0.04661999944420088,AM1BCC,OpenEye,,,H,,18,[H:16][C:7]1([C:6]([C:5]([C:4]([C:9]([C:8]1([H:18])[H:19])([H:20])[H:21])([H:11])[C:2](=[O:1])[O:3][H:10])([H:12])[H:13])([H:14])[H:15])[H:17],29.0,10.0
18,0.04661999944420088,AM1BCC,OpenEye,,,H,,19,[H:16][C:7]1([C:6]([C:5]([C:4]([C:9]([C:8]1([H:18])[H:19])([H:20])[H:21])([H:11])[C:2](=[O:1])[O:3][H:10])([H:12])[H:13])([H:14])[H:15])[H:17],29.0,10.0
19,0.052429999446585066,AM1BCC,OpenEye,,,H,,20,[H:16][C:7]1([C:6]([C:5]([C:4]([C:9]([C:8]1([H:18])[H:19])([H:20])[H:21])([H:11])[C:2](=[O:1])[O:3][H:10])([H:12])[H:13])([H:14])[H:15])[H:17],29.0,10.0
20,0.052429999446585066,AM1BCC,OpenEye,,,H,,21,[H:16][C:7]1([C:6]([C:5]([C:4]([C:9]([C:8]1([H:18])[H:19])([H:20])[H:21])([H:11])[C:2](=[O:1])[O:3][H:10])([H:12])[H:13])([H:14])[H:15])[H:17],29.0,10.0
0,-0.5528571428571429,AM1BCC,AmberTools,,,O,,1,[H:16][C:7]1([C:6]([C:5]([C:4]([C:9]([C:8]1([H:18])[H:19])([H:20])[H:21])([H:11])[C:2](=[O:1])[O:3][H:10])([H:12])[H:13])([H:14])[H:15])[H:17],29.0,10.0
1,0.6342428571428571,AM1BCC,AmberTools,,,C,,2,[H:16][C:7]1([C:6]([C:5]([C:4]([C:9]([C:8]1([H:18])[H:19])([H:20])[H:21])([H:11])[C:2](=[O:1])[O:3][H:10])([H:12])[H:13])([H:14])[H:15])[H:17],29.0,10.0
2,-0.6059571428571429,AM1BCC,AmberTools,,,O,,3,[H:16][C:7]1([C:6]([C:5]([C:4]([C:9]([C:8]1([H:18])[H:19])([H:20])[H:21])([H:11])[C:2](=[O:1])[O:3][H:10])([H:12])[H:13])([H:14])[H:15])[H:17],29.0,10.0
3,-0.10255714285714285,AM1BCC,AmberTools,,,C,,4,[H:16][C:7]1([C:6]([C:5]([C:4]([C:9]([C:8]1([H:18])[H:19])([H:20])[H:21])([H:11])[C:2](=[O:1])[O:3][H:10])([H:12])[H:13])([H:14])[H:15])[H:17],29.0,10.0
4,-0.07025714285714285,AM1BCC,AmberTools,,,C,,5,[H:16][C:7]1([C:6]([C:5]([C:4]([C:9]([C:8]1([H:18])[H:19])([H:20])[H:21])([H:11])[C:2](=[O:1])[O:3][H:10])([H:12])[H:13])([H:14])[H:15])[H:17],29.0,10.0
5,-0.07775714285714284,AM1BCC,AmberTools,,,C,,6,[H:16][C:7]1([C:6]([C:5]([C:4]([C:9]([C:8]1([H:18])[H:19])([H:20])[H:21])([H:11])[C:2](=[O:1])[O:3][H:10])([H:12])[H:13])([H:14])[H:15])[H:17],29.0,10.0
6,-0.07725714285714284,AM1BCC,AmberTools,,,C,,7,[H:16][C:7]1([C:6]([C:5]([C:4]([C:9]([C:8]1([H:18])[H:19])([H:20])[H:21])([H:11])[C:2](=[O:1])[O:3][H:10])([H:12])[H:13])([H:14])[H:15])[H:17],29.0,10.0
7,-0.07775714285714284,AM1BCC,AmberTools,,,C,,8,[H:16][C:7]1([C:6]([C:5]([C:4]([C:9]([C:8]1([H:18])[H:19])([H:20])[H:21])([H:11])[C:2](=[O:1])[O:3][H:10])([H:12])[H:13])([H:14])[H:15])[H:17],29.0,10.0
8,-0.07025714285714285,AM1BCC,AmberTools,,,C,,9,[H:16][C:7]1([C:6]([C:5]([C:4]([C:9]([C:8]1([H:18])[H:19])([H:20])[H:21])([H:11])[C:2](=[O:1])[O:3][H:10])([H:12])[H:13])([H:14])[H:15])[H:17],29.0,10.0
9,0.44214285714285717,AM1BCC,AmberTools,,,H,,10,[H:16][C:7]1([C:6]([C:5]([C:4]([C:9]([C:8]1([H:18])[H:19])([H:20])[H:21])([H:11])[C:2](=[O:1])[O:3][H:10])([H:12])[H:13])([H:14])[H:15])[H:17],29.0,10.0
10,0.08084285714285715,AM1BCC,AmberTools,,,H,,11,[H:16][C:7]1([C:6]([C:5]([C:4]([C:9]([C:8]1([H:18])[H:19])([H:20])[H:21])([H:11])[C:2](=[O:1])[O:3][H:10])([H:12])[H:13])([H:14])[H:15])[H:17],29.0,10.0
11,0.05284285714285714,AM1BCC,AmberTools,,,H,,12,[H:16][C:7]1([C:6]([C:5]([C:4]([C:9]([C:8]1([H:18])[H:19])([H:20])[H:21])([H:11])[C:2](=[O:1])[O:3][H:10])([H:12])[H:13])([H:14])[H:15])[H:17],29.0,10.0
12,0.05284285714285714,AM1BCC,AmberTools,,,H,,13,[H:16][C:7]1([C:6]([C:5]([C:4]([C:9]([C:8]1([H:18])[H:19])([H:20])[H:21])([H:11])[C:2](=[O:1])[O:3][H:10])([H:12])[H:13])([H:14])[H:15])[H:17],29.0,10.0
13,0.046342857142857144,AM1BCC,AmberTools,,,H,,14,[H:16][C:7]1([C:6]([C:5]([C:4]([C:9]([C:8]1([H:18])[H:19])([H:20])[H:21])([H:11])[C:2](=[O:1])[O:3][H:10])([H:12])[H:13])([H:14])[H:15])[H:17],29.0,10.0
14,0.046342857142857144,AM1BCC,AmberTools,,,H,,15,[H:16][C:7]1([C:6]([C:5]([C:4]([C:9]([C:8]1([H:18])[H:19])([H:20])[H:21])([H:11])[C:2](=[O:1])[O:3][H:10])([H:12])[H:13])([H:14])[H:15])[H:17],29.0,10.0
15,0.040342857142857146,AM1BCC,AmberTools,,,H,,16,[H:16][C:7]1([C:6]([C:5]([C:4]([C:9]([C:8]1([H:18])[H:19])([H:20])[H:21])([H:11])[C:2](=[O:1])[O:3][H:10])([H:12])[H:13])([H:14])[H:15])[H:17],29.0,10.0
16,0.040342857142857146,AM1BCC,AmberTools,,,H,,17,[H:16][C:7]1([C:6]([C:5]([C:4]([C:9]([C:8]1([H:18])[H:19])([H:20])[H:21])([H:11])[C:2](=[O:1])[O:3][H:10])([H:12])[H:13])([H:14])[H:15])[H:17],29.0,10.0
17,0.046342857142857144,AM1BCC,AmberTools,,,H,,18,[H:16][C:7]1([C:6]([C:5]([C:4]([C:9]([C:8]1([H:18])[H:19])([H:20])[H:21])([H:11])[C:2](=[O:1])[O:3][H:10])([H:12])[H:13])([H:14])[H:15])[H:17],29.0,10.0
18,0.046342857142857144,AM1BCC,AmberTools,,,H,,19,[H:16][C:7]1([C:6]([C:5]([C:4]([C:9]([C:8]1([H:18])[H:19])([H:20])[H:21])([H:11])[C:2](=[O:1])[O:3][H:10])([H:12])[H:13])([H:14])[H:15])[H:17],29.0,10.0
19,0.05284285714285714,AM1BCC,AmberTools,,,H,,20,[H:16][C:7]1([C:6]([C:5]([C:4]([C:9]([C:8]1([H:18])[H:19])([H:20])[H:21])([H:11])[C:2](=[O:1])[O:3][H:10])([H:12])[H:13])([H:14])[H:15])[H:17],29.0,10.0
20,0.05284285714285714,AM1BCC,AmberTools,,,H,,21,[H:16][C:7]1([C:6]([C:5]([C:4]([C:9]([C:8]1([H:18])[H:19])([H:20])[H:21])([H:11])[C:2](=[O:1])[O:3][H:10])([H:12])[H:13])([H:14])[H:15])[H:17],29.0,10.0
0,-0.5523599989357448,AM1BCC,OpenEye,,,O,,1,[H:16][C:7]1([C:6]([C:5]([C:4]([C:9]([C:8]1([H:18])[H:19])([H:20])[H:21])([H:11])[C:2](=[O:1])[O:3][H:10])([H:12])[H:13])([H:14])[H:15])[H:17],29.0,11.0
1,0.6346499912795567,AM1BCC,OpenEye,,,C,,2,[H:16][C:7]1([C:6]([C:5]([C:4]([C:9]([C:8]1([H:18])[H:19])([H:20])[H:21])([H:11])[C:2](=[O:1])[O:3][H:10])([H:12])[H:13])([H:14])[H:15])[H:17],29.0,11.0
2,-0.6014099724235988,AM1BCC,OpenEye,,,O,,3,[H:16][C:7]1([C:6]([C:5]([C:4]([C:9]([C:8]1([H:18])[H:19])([H:20])[H:21])([H:11])[C:2](=[O:1])[O:3][H:10])([H:12])[H:13])([H:14])[H:15])[H:17],29.0,11.0
3,-0.10766000371603739,AM1BCC,OpenEye,,,C,,4,[H:16][C:7]1([C:6]([C:5]([C:4]([C:9]([C:8]1([H:18])[H:19])([H:20])[H:21])([H:11])[C:2](=[O:1])[O:3][H:10])([H:12])[H:13])([H:14])[H:15])[H:17],29.0,11.0
4,-0.06951999735264551,AM1BCC,OpenEye,,,C,,5,[H:16][C:7]1([C:6]([C:5]([C:4]([C:9]([C:8]1([H:18])[H:19])([H:20])[H:21])([H:11])[C:2](=[O:1])[O:3][H:10])([H:12])[H:13])([H:14])[H:15])[H:17],29.0,11.0
5,-0.07839000296025049,AM1BCC,OpenEye,,,C,,6,[H:16][C:7]1([C:6]([C:5]([C:4]([C:9]([C:8]1([H:18])[H:19])([H:20])[H:21])([H:11])[C:2](=[O:1])[O:3][H:10])([H:12])[H:13])([H:14])[H:15])[H:17],29.0,11.0
6,-0.07823000174193155,AM1BCC,OpenEye,,,C,,7,[H:16][C:7]1([C:6]([C:5]([C:4]([C:9]([C:8]1([H:18])[H:19])([H:20])[H:21])([H:11])[C:2](=[O:1])[O:3][H:10])([H:12])[H:13])([H:14])[H:15])[H:17],29.0,11.0
7,-0.07839000296025049,AM1BCC,OpenEye,,,C,,8,[H:16][C:7]1([C:6]([C:5]([C:4]([C:9]([C:8]1([H:18])[H:19])([H:20])[H:21])([H:11])[C:2](=[O:1])[O:3][H:10])([H:12])[H:13])([H:14])[H:15])[H:17],29.0,11.0
8,-0.06951999735264551,AM1BCC,OpenEye,,,C,,9,[H:16][C:7]1([C:6]([C:5]([C:4]([C:9]([C:8]1([H:18])[H:19])([H:20])[H:21])([H:11])[C:2](=[O:1])[O:3][H:10])([H:12])[H:13])([H:14])[H:15])[H:17],29.0,11.0
9,0.4412899904307865,AM1BCC,OpenEye,,,H,,10,[H:16][C:7]1([C:6]([C:5]([C:4]([C:9]([C:8]1([H:18])[H:19])([H:20])[H:21])([H:11])[C:2](=[O:1])[O:3][H:10])([H:12])[H:13])([H:14])[H:15])[H:17],29.0,11.0
10,0.08188000250430334,AM1BCC,OpenEye,,,H,,11,[H:16][C:7]1([C:6]([C:5]([C:4]([C:9]([C:8]1([H:18])[H:19])([H:20])[H:21])([H:11])[C:2](=[O:1])[O:3][H:10])([H:12])[H:13])([H:14])[H:15])[H:17],29.0,11.0
11,0.052429999446585066,AM1BCC,OpenEye,,,H,,12,[H:16][C:7]1([C:6]([C:5]([C:4]([C:9]([C:8]1([H:18])[H:19])([H:20])[H:21])([H:11])[C:2](=[O:1])[O:3][H:10])([H:12])[H:13])([H:14])[H:15])[H:17],29.0,11.0
12,0.052429999446585066,AM1BCC,OpenEye,,,H,,13,[H:16][C:7]1([C:6]([C:5]([C:4]([C:9]([C:8]1([H:18])[H:19])([H:20])[H:21])([H:11])[C:2](=[O:1])[O:3][H:10])([H:12])[H:13])([H:14])[H:15])[H:17],29.0,11.0
13,0.04661999944420088,AM1BCC,OpenEye,,,H,,14,[H:16][C:7]1([C:6]([C:5]([C:4]([C:9]([C:8]1([H:18])[H:19])([H:20])[H:21])([H:11])[C:2](=[O:1])[O:3][H:10])([H:12])[H:13])([H:14])[H:15])[H:17],29.0,11.0
14,0.04661999944420088,AM1BCC,OpenEye,,,H,,15,[H:16][C:7]1([C:6]([C:5]([C:4]([C:9]([C:8]1([H:18])[H:19])([H:20])[H:21])([H:11])[C:2](=[O:1])[O:3][H:10])([H:12])[H:13])([H:14])[H:15])[H:17],29.0,11.0
15,0.040729998832657224,AM1BCC,OpenEye,,,H,,16,[H:16][C:7]1([C:6]([C:5]([C:4]([C:9]([C:8]1([H:18])[H:19])([H:20])[H:21])([H:11])[C:2](=[O:1])[O:3][H:10])([H:12])[H:13])([H:14])[H:15])[H:17],29.0,11.0
16,0.040729998832657224,AM1BCC,OpenEye,,,H,,17,[H:16][C:7]1([C:6]([C:5]([C:4]([C:9]([C:8]1([H:18])[H:19])([H:20])[H:21])([H:11])[C:2](=[O:1])[O:3][H:10])([H:12])[H:13])([H:14])[H:15])[H:17],29.0,11.0
17,0.04661999944420088,AM1BCC,OpenEye,,,H,,18,[H:16][C:7]1([C:6]([C:5]([C:4]([C:9]([C:8]1([H:18])[H:19])([H:20])[H:21])([H:11])[C:2](=[O:1])[O:3][H:10])([H:12])[H:13])([H:14])[H:15])[H:17],29.0,11.0
18,0.04661999944420088,AM1BCC,OpenEye,,,H,,19,[H:16][C:7]1([C:6]([C:5]([C:4]([C:9]([C:8]1([H:18])[H:19])([H:20])[H:21])([H:11])[C:2](=[O:1])[O:3][H:10])([H:12])[H:13])([H:14])[H:15])[H:17],29.0,11.0
19,0.052429999446585066,AM1BCC,OpenEye,,,H,,20,[H:16][C:7]1([C:6]([C:5]([C:4]([C:9]([C:8]1([H:18])[H:19])([H:20])[H:21])([H:11])[C:2](=[O:1])[O:3][H:10])([H:12])[H:13])([H:14])[H:15])[H:17],29.0,11.0
20,0.052429999446585066,AM1BCC,OpenEye,,,H,,21,[H:16][C:7]1([C:6]([C:5]([C:4]([C:9]([C:8]1([H:18])[H:19])([H:20])[H:21])([H:11])[C:2](=[O:1])[O:3][H:10])([H:12])[H:13])([H:14])[H:15])[H:17],29.0,11.0
0,-0.5528571428571429,AM1BCC,AmberTools,,,O,,1,[H:16][C:7]1([C:6]([C:5]([C:4]([C:9]([C:8]1([H:18])[H:19])([H:20])[H:21])([H:11])[C:2](=[O:1])[O:3][H:10])([H:12])[H:13])([H:14])[H:15])[H:17],29.0,11.0
1,0.6342428571428571,AM1BCC,AmberTools,,,C,,2,[H:16][C:7]1([C:6]([C:5]([C:4]([C:9]([C:8]1([H:18])[H:19])([H:20])[H:21])([H:11])[C:2](=[O:1])[O:3][H:10])([H:12])[H:13])([H:14])[H:15])[H:17],29.0,11.0
2,-0.6059571428571429,AM1BCC,AmberTools,,,O,,3,[H:16][C:7]1([C:6]([C:5]([C:4]([C:9]([C:8]1([H:18])[H:19])([H:20])[H:21])([H:11])[C:2](=[O:1])[O:3][H:10])([H:12])[H:13])([H:14])[H:15])[H:17],29.0,11.0
3,-0.10255714285714285,AM1BCC,AmberTools,,,C,,4,[H:16][C:7]1([C:6]([C:5]([C:4]([C:9]([C:8]1([H:18])[H:19])([H:20])[H:21])([H:11])[C:2](=[O:1])[O:3][H:10])([H:12])[H:13])([H:14])[H:15])[H:17],29.0,11.0
4,-0.07025714285714285,AM1BCC,AmberTools,,,C,,5,[H:16][C:7]1([C:6]([C:5]([C:4]([C:9]([C:8]1([H:18])[H:19])([H:20])[H:21])([H:11])[C:2](=[O:1])[O:3][H:10])([H:12])[H:13])([H:14])[H:15])[H:17],29.0,11.0
5,-0.07775714285714284,AM1BCC,AmberTools,,,C,,6,[H:16][C:7]1([C:6]([C:5]([C:4]([C:9]([C:8]1([H:18])[H:19])([H:20])[H:21])([H:11])[C:2](=[O:1])[O:3][H:10])([H:12])[H:13])([H:14])[H:15])[H:17],29.0,11.0
6,-0.07725714285714284,AM1BCC,AmberTools,,,C,,7,[H:16][C:7]1([C:6]([C:5]([C:4]([C:9]([C:8]1([H:18])[H:19])([H:20])[H:21])([H:11])[C:2](=[O:1])[O:3][H:10])([H:12])[H:13])([H:14])[H:15])[H:17],29.0,11.0
7,-0.07775714285714284,AM1BCC,AmberTools,,,C,,8,[H:16][C:7]1([C:6]([C:5]([C:4]([C:9]([C:8]1([H:18])[H:19])([H:20])[H:21])([H:11])[C:2](=[O:1])[O:3][H:10])([H:12])[H:13])([H:14])[H:15])[H:17],29.0,11.0
8,-0.07025714285714285,AM1BCC,AmberTools,,,C,,9,[H:16][C:7]1([C:6]([C:5]([C:4]([C:9]([C:8]1([H:18])[H:19])([H:20])[H:21])([H:11])[C:2](=[O:1])[O:3][H:10])([H:12])[H:13])([H:14])[H:15])[H:17],29.0,11.0
9,0.44214285714285717,AM1BCC,AmberTools,,,H,,10,[H:16][C:7]1([C:6]([C:5]([C:4]([C:9]([C:8]1([H:18])[H:19])([H:20])[H:21])([H:11])[C:2](=[O:1])[O:3][H:10])([H:12])[H:13])([H:14])[H:15])[H:17],29.0,11.0
10,0.08084285714285715,AM1BCC,AmberTools,,,H,,11,[H:16][C:7]1([C:6]([C:5]([C:4]([C:9]([C:8]1([H:18])[H:19])([H:20])[H:21])([H:11])[C:2](=[O:1])[O:3][H:10])([H:12])[H:13])([H:14])[H:15])[H:17],29.0,11.0
11,0.05284285714285714,AM1BCC,AmberTools,,,H,,12,[H:16][C:7]1([C:6]([C:5]([C:4]([C:9]([C:8]1([H:18])[H:19])([H:20])[H:21])([H:11])[C:2](=[O:1])[O:3][H:10])([H:12])[H:13])([H:14])[H:15])[H:17],29.0,11.0
12,0.05284285714285714,AM1BCC,AmberTools,,,H,,13,[H:16][C:7]1([C:6]([C:5]([C:4]([C:9]([C:8]1([H:18])[H:19])([H:20])[H:21])([H:11])[C:2](=[O:1])[O:3][H:10])([H:12])[H:13])([H:14])[H:15])[H:17],29.0,11.0
13,0.046342857142857144,AM1BCC,AmberTools,,,H,,14,[H:16][C:7]1([C:6]([C:5]([C:4]([C:9]([C:8]1([H:18])[H:19])([H:20])[H:21])([H:11])[C:2](=[O:1])[O:3][H:10])([H:12])[H:13])([H:14])[H:15])[H:17],29.0,11.0
14,0.046342857142857144,AM1BCC,AmberTools,,,H,,15,[H:16][C:7]1([C:6]([C:5]([C:4]([C:9]([C:8]1([H:18])[H:19])([H:20])[H:21])([H:11])[C:2](=[O:1])[O:3][H:10])([H:12])[H:13])([H:14])[H:15])[H:17],29.0,11.0
15,0.040342857142857146,AM1BCC,AmberTools,,,H,,16,[H:16][C:7]1([C:6]([C:5]([C:4]([C:9]([C:8]1([H:18])[H:19])([H:20])[H:21])([H:11])[C:2](=[O:1])[O:3][H:10])([H:12])[H:13])([H:14])[H:15])[H:17],29.0,11.0
16,0.040342857142857146,AM1BCC,AmberTools,,,H,,17,[H:16][C:7]1([C:6]([C:5]([C:4]([C:9]([C:8]1([H:18])[H:19])([H:20])[H:21])([H:11])[C:2](=[O:1])[O:3][H:10])([H:12])[H:13])([H:14])[H:15])[H:17],29.0,11.0
17,0.046342857142857144,AM1BCC,AmberTools,,,H,,18,[H:16][C:7]1([C:6]([C:5]([C:4]([C:9]([C:8]1([H:18])[H:19])([H:20])[H:21])([H:11])[C:2](=[O:1])[O:3][H:10])([H:12])[H:13])([H:14])[H:15])[H:17],29.0,11.0
18,0.046342857142857144,AM1BCC,AmberTools,,,H,,19,[H:16][C:7]1([C:6]([C:5]([C:4]([C:9]([C:8]1([H:18])[H:19])([H:20])[H:21])([H:11])[C:2](=[O:1])[O:3][H:10])([H:12])[H:13])([H:14])[H:15])[H:17],29.0,11.0
19,0.05284285714285714,AM1BCC,AmberTools,,,H,,20,[H:16][C:7]1([C:6]([C:5]([C:4]([C:9]([C:8]1([H:18])[H:19])([H:20])[H:21])([H:11])[C:2](=[O:1])[O:3][H:10])([H:12])[H:13])([H:14])[H:15])[H:17],29.0,11.0
20,0.05284285714285714,AM1BCC,AmberTools,,,H,,21,[H:16][C:7]1([C:6]([C:5]([C:4]([C:9]([C:8]1([H:18])[H:19])([H:20])[H:21])([H:11])[C:2](=[O:1])[O:3][H:10])([H:12])[H:13])([H:14])[H:15])[H:17],29.0,11.0
0,-0.5523599989357448,AM1BCC,OpenEye,,,O,,1,[H:16][C:7]1([C:6]([C:5]([C:4]([C:9]([C:8]1([H:18])[H:19])([H:20])[H:21])([H:11])[C:2](=[O:1])[O:3][H:10])([H:12])[H:13])([H:14])[H:15])[H:17],29.0,12.0
1,0.6346499912795567,AM1BCC,OpenEye,,,C,,2,[H:16][C:7]1([C:6]([C:5]([C:4]([C:9]([C:8]1([H:18])[H:19])([H:20])[H:21])([H:11])[C:2](=[O:1])[O:3][H:10])([H:12])[H:13])([H:14])[H:15])[H:17],29.0,12.0
2,-0.6014099724235988,AM1BCC,OpenEye,,,O,,3,[H:16][C:7]1([C:6]([C:5]([C:4]([C:9]([C:8]1([H:18])[H:19])([H:20])[H:21])([H:11])[C:2](=[O:1])[O:3][H:10])([H:12])[H:13])([H:14])[H:15])[H:17],29.0,12.0
3,-0.10766000371603739,AM1BCC,OpenEye,,,C,,4,[H:16][C:7]1([C:6]([C:5]([C:4]([C:9]([C:8]1([H:18])[H:19])([H:20])[H:21])([H:11])[C:2](=[O:1])[O:3][H:10])([H:12])[H:13])([H:14])[H:15])[H:17],29.0,12.0
4,-0.06951999735264551,AM1BCC,OpenEye,,,C,,5,[H:16][C:7]1([C:6]([C:5]([C:4]([C:9]([C:8]1([H:18])[H:19])([H:20])[H:21])([H:11])[C:2](=[O:1])[O:3][H:10])([H:12])[H:13])([H:14])[H:15])[H:17],29.0,12.0
5,-0.07839000296025049,AM1BCC,OpenEye,,,C,,6,[H:16][C:7]1([C:6]([C:5]([C:4]([C:9]([C:8]1([H:18])[H:19])([H:20])[H:21])([H:11])[C:2](=[O:1])[O:3][H:10])([H:12])[H:13])([H:14])[H:15])[H:17],29.0,12.0
6,-0.07823000174193155,AM1BCC,OpenEye,,,C,,7,[H:16][C:7]1([C:6]([C:5]([C:4]([C:9]([C:8]1([H:18])[H:19])([H:20])[H:21])([H:11])[C:2](=[O:1])[O:3][H:10])([H:12])[H:13])([H:14])[H:15])[H:17],29.0,12.0
7,-0.07839000296025049,AM1BCC,OpenEye,,,C,,8,[H:16][C:7]1([C:6]([C:5]([C:4]([C:9]([C:8]1([H:18])[H:19])([H:20])[H:21])([H:11])[C:2](=[O:1])[O:3][H:10])([H:12])[H:13])([H:14])[H:15])[H:17],29.0,12.0
8,-0.06951999735264551,AM1BCC,OpenEye,,,C,,9,[H:16][C:7]1([C:6]([C:5]([C:4]([C:9]([C:8]1([H:18])[H:19])([H:20])[H:21])([H:11])[C:2](=[O:1])[O:3][H:10])([H:12])[H:13])([H:14])[H:15])[H:17],29.0,12.0
9,0.4412899904307865,AM1BCC,OpenEye,,,H,,10,[H:16][C:7]1([C:6]([C:5]([C:4]([C:9]([C:8]1([H:18])[H:19])([H:20])[H:21])([H:11])[C:2](=[O:1])[O:3][H:10])([H:12])[H:13])([H:14])[H:15])[H:17],29.0,12.0
10,0.08188000250430334,AM1BCC,OpenEye,,,H,,11,[H:16][C:7]1([C:6]([C:5]([C:4]([C:9]([C:8]1([H:18])[H:19])([H:20])[H:21])([H:11])[C:2](=[O:1])[O:3][H:10])([H:12])[H:13])([H:14])[H:15])[H:17],29.0,12.0
11,0.052429999446585066,AM1BCC,OpenEye,,,H,,12,[H:16][C:7]1([C:6]([C:5]([C:4]([C:9]([C:8]1([H:18])[H:19])([H:20])[H:21])([H:11])[C:2](=[O:1])[O:3][H:10])([H:12])[H:13])([H:14])[H:15])[H:17],29.0,12.0
12,0.052429999446585066,AM1BCC,OpenEye,,,H,,13,[H:16][C:7]1([C:6]([C:5]([C:4]([C:9]([C:8]1([H:18])[H:19])([H:20])[H:21])([H:11])[C:2](=[O:1])[O:3][H:10])([H:12])[H:13])([H:14])[H:15])[H:17],29.0,12.0
13,0.04661999944420088,AM1BCC,OpenEye,,,H,,14,[H:16][C:7]1([C:6]([C:5]([C:4]([C:9]([C:8]1([H:18])[H:19])([H:20])[H:21])([H:11])[C:2](=[O:1])[O:3][H:10])([H:12])[H:13])([H:14])[H:15])[H:17],29.0,12.0
14,0.04661999944420088,AM1BCC,OpenEye,,,H,,15,[H:16][C:7]1([C:6]([C:5]([C:4]([C:9]([C:8]1([H:18])[H:19])([H:20])[H:21])([H:11])[C:2](=[O:1])[O:3][H:10])([H:12])[H:13])([H:14])[H:15])[H:17],29.0,12.0
15,0.040729998832657224,AM1BCC,OpenEye,,,H,,16,[H:16][C:7]1([C:6]([C:5]([C:4]([C:9]([C:8]1([H:18])[H:19])([H:20])[H:21])([H:11])[C:2](=[O:1])[O:3][H:10])([H:12])[H:13])([H:14])[H:15])[H:17],29.0,12.0
16,0.040729998832657224,AM1BCC,OpenEye,,,H,,17,[H:16][C:7]1([C:6]([C:5]([C:4]([C:9]([C:8]1([H:18])[H:19])([H:20])[H:21])([H:11])[C:2](=[O:1])[O:3][H:10])([H:12])[H:13])([H:14])[H:15])[H:17],29.0,12.0
17,0.04661999944420088,AM1BCC,OpenEye,,,H,,18,[H:16][C:7]1([C:6]([C:5]([C:4]([C:9]([C:8]1([H:18])[H:19])([H:20])[H:21])([H:11])[C:2](=[O:1])[O:3][H:10])([H:12])[H:13])([H:14])[H:15])[H:17],29.0,12.0
18,0.04661999944420088,AM1BCC,OpenEye,,,H,,19,[H:16][C:7]1([C:6]([C:5]([C:4]([C:9]([C:8]1([H:18])[H:19])([H:20])[H:21])([H:11])[C:2](=[O:1])[O:3][H:10])([H:12])[H:13])([H:14])[H:15])[H:17],29.0,12.0
19,0.052429999446585066,AM1BCC,OpenEye,,,H,,20,[H:16][C:7]1([C:6]([C:5]([C:4]([C:9]([C:8]1([H:18])[H:19])([H:20])[H:21])([H:11])[C:2](=[O:1])[O:3][H:10])([H:12])[H:13])([H:14])[H:15])[H:17],29.0,12.0
20,0.052429999446585066,AM1BCC,OpenEye,,,H,,21,[H:16][C:7]1([C:6]([C:5]([C:4]([C:9]([C:8]1([H:18])[H:19])([H:20])[H:21])([H:11])[C:2](=[O:1])[O:3][H:10])([H:12])[H:13])([H:14])[H:15])[H:17],29.0,12.0
0,-0.5528571428571429,AM1BCC,AmberTools,,,O,,1,[H:16][C:7]1([C:6]([C:5]([C:4]([C:9]([C:8]1([H:18])[H:19])([H:20])[H:21])([H:11])[C:2](=[O:1])[O:3][H:10])([H:12])[H:13])([H:14])[H:15])[H:17],29.0,12.0
1,0.6342428571428571,AM1BCC,AmberTools,,,C,,2,[H:16][C:7]1([C:6]([C:5]([C:4]([C:9]([C:8]1([H:18])[H:19])([H:20])[H:21])([H:11])[C:2](=[O:1])[O:3][H:10])([H:12])[H:13])([H:14])[H:15])[H:17],29.0,12.0
2,-0.6059571428571429,AM1BCC,AmberTools,,,O,,3,[H:16][C:7]1([C:6]([C:5]([C:4]([C:9]([C:8]1([H:18])[H:19])([H:20])[H:21])([H:11])[C:2](=[O:1])[O:3][H:10])([H:12])[H:13])([H:14])[H:15])[H:17],29.0,12.0
3,-0.10255714285714285,AM1BCC,AmberTools,,,C,,4,[H:16][C:7]1([C:6]([C:5]([C:4]([C:9]([C:8]1([H:18])[H:19])([H:20])[H:21])([H:11])[C:2](=[O:1])[O:3][H:10])([H:12])[H:13])([H:14])[H:15])[H:17],29.0,12.0
4,-0.07025714285714285,AM1BCC,AmberTools,,,C,,5,[H:16][C:7]1([C:6]([C:5]([C:4]([C:9]([C:8]1([H:18])[H:19])([H:20])[H:21])([H:11])[C:2](=[O:1])[O:3][H:10])([H:12])[H:13])([H:14])[H:15])[H:17],29.0,12.0
5,-0.07775714285714284,AM1BCC,AmberTools,,,C,,6,[H:16][C:7]1([C:6]([C:5]([C:4]([C:9]([C:8]1([H:18])[H:19])([H:20])[H:21])([H:11])[C:2](=[O:1])[O:3][H:10])([H:12])[H:13])([H:14])[H:15])[H:17],29.0,12.0
6,-0.07725714285714284,AM1BCC,AmberTools,,,C,,7,[H:16][C:7]1([C:6]([C:5]([C:4]([C:9]([C:8]1([H:18])[H:19])([H:20])[H:21])([H:11])[C:2](=[O:1])[O:3][H:10])([H:12])[H:13])([H:14])[H:15])[H:17],29.0,12.0
7,-0.07775714285714284,AM1BCC,AmberTools,,,C,,8,[H:16][C:7]1([C:6]([C:5]([C:4]([C:9]([C:8]1([H:18])[H:19])([H:20])[H:21])([H:11])[C:2](=[O:1])[O:3][H:10])([H:12])[H:13])([H:14])[H:15])[H:17],29.0,12.0
8,-0.07025714285714285,AM1BCC,AmberTools,,,C,,9,[H:16][C:7]1([C:6]([C:5]([C:4]([C:9]([C:8]1([H:18])[H:19])([H:20])[H:21])([H:11])[C:2](=[O:1])[O:3][H:10])([H:12])[H:13])([H:14])[H:15])[H:17],29.0,12.0
9,0.44214285714285717,AM1BCC,AmberTools,,,H,,10,[H:16][C:7]1([C:6]([C:5]([C:4]([C:9]([C:8]1([H:18])[H:19])([H:20])[H:21])([H:11])[C:2](=[O:1])[O:3][H:10])([H:12])[H:13])([H:14])[H:15])[H:17],29.0,12.0
10,0.08084285714285715,AM1BCC,AmberTools,,,H,,11,[H:16][C:7]1([C:6]([C:5]([C:4]([C:9]([C:8]1([H:18])[H:19])([H:20])[H:21])([H:11])[C:2](=[O:1])[O:3][H:10])([H:12])[H:13])([H:14])[H:15])[H:17],29.0,12.0
11,0.05284285714285714,AM1BCC,AmberTools,,,H,,12,[H:16][C:7]1([C:6]([C:5]([C:4]([C:9]([C:8]1([H:18])[H:19])([H:20])[H:21])([H:11])[C:2](=[O:1])[O:3][H:10])([H:12])[H:13])([H:14])[H:15])[H:17],29.0,12.0
12,0.05284285714285714,AM1BCC,AmberTools,,,H,,13,[H:16][C:7]1([C:6]([C:5]([C:4]([C:9]([C:8]1([H:18])[H:19])([H:20])[H:21])([H:11])[C:2](=[O:1])[O:3][H:10])([H:12])[H:13])([H:14])[H:15])[H:17],29.0,12.0
13,0.046342857142857144,AM1BCC,AmberTools,,,H,,14,[H:16][C:7]1([C:6]([C:5]([C:4]([C:9]([C:8]1([H:18])[H:19])([H:20])[H:21])([H:11])[C:2](=[O:1])[O:3][H:10])([H:12])[H:13])([H:14])[H:15])[H:17],29.0,12.0
14,0.046342857142857144,AM1BCC,AmberTools,,,H,,15,[H:16][C:7]1([C:6]([C:5]([C:4]([C:9]([C:8]1([H:18])[H:19])([H:20])[H:21])([H:11])[C:2](=[O:1])[O:3][H:10])([H:12])[H:13])([H:14])[H:15])[H:17],29.0,12.0
15,0.040342857142857146,AM1BCC,AmberTools,,,H,,16,[H:16][C:7]1([C:6]([C:5]([C:4]([C:9]([C:8]1([H:18])[H:19])([H:20])[H:21])([H:11])[C:2](=[O:1])[O:3][H:10])([H:12])[H:13])([H:14])[H:15])[H:17],29.0,12.0
16,0.040342857142857146,AM1BCC,AmberTools,,,H,,17,[H:16][C:7]1([C:6]([C:5]([C:4]([C:9]([C:8]1([H:18])[H:19])([H:20])[H:21])([H:11])[C:2](=[O:1])[O:3][H:10])([H:12])[H:13])([H:14])[H:15])[H:17],29.0,12.0
17,0.046342857142857144,AM1BCC,AmberTools,,,H,,18,[H:16][C:7]1([C:6]([C:5]([C:4]([C:9]([C:8]1([H:18])[H:19])([H:20])[H:21])([H:11])[C:2](=[O:1])[O:3][H:10])([H:12])[H:13])([H:14])[H:15])[H:17],29.0,12.0
18,0.046342857142857144,AM1BCC,AmberTools,,,H,,19,[H:16][C:7]1([C:6]([C:5]([C:4]([C:9]([C:8]1([H:18])[H:19])([H:20])[H:21])([H:11])[C:2](=[O:1])[O:3][H:10])([H:12])[H:13])([H:14])[H:15])[H:17],29.0,12.0
19,0.05284285714285714,AM1BCC,AmberTools,,,H,,20,[H:16][C:7]1([C:6]([C:5]([C:4]([C:9]([C:8]1([H:18])[H:19])([H:20])[H:21])([H:11])[C:2](=[O:1])[O:3][H:10])([H:12])[H:13])([H:14])[H:15])[H:17],29.0,12.0
20,0.05284285714285714,AM1BCC,AmberTools,,,H,,21,[H:16][C:7]1([C:6]([C:5]([C:4]([C:9]([C:8]1([H:18])[H:19])([H:20])[H:21])([H:11])[C:2](=[O:1])[O:3][H:10])([H:12])[H:13])([H:14])[H:15])[H:17],29.0,12.0
0,-0.556590022785323,AM1BCC,OpenEye,,,O,,1,[H:16][C:7]1([C:6]([C:5]([C:4]([C:9]([C:8]1([H:18])[H:19])([H:20])[H:21])([H:11])[C:2](=[O:1])[O:3][H:10])([H:12])[H:13])([H:14])[H:15])[H:17],30.0,1.0
1,0.6353800275496074,AM1BCC,OpenEye,,,C,,2,[H:16][C:7]1([C:6]([C:5]([C:4]([C:9]([C:8]1([H:18])[H:19])([H:20])[H:21])([H:11])[C:2](=[O:1])[O:3][H:10])([H:12])[H:13])([H:14])[H:15])[H:17],30.0,1.0
2,-0.6029899737664631,AM1BCC,OpenEye,,,O,,3,[H:16][C:7]1([C:6]([C:5]([C:4]([C:9]([C:8]1([H:18])[H:19])([H:20])[H:21])([H:11])[C:2](=[O:1])[O:3][H:10])([H:12])[H:13])([H:14])[H:15])[H:17],30.0,1.0
3,-0.10013000134910856,AM1BCC,OpenEye,,,C,,4,[H:16][C:7]1([C:6]([C:5]([C:4]([C:9]([C:8]1([H:18])[H:19])([H:20])[H:21])([H:11])[C:2](=[O:1])[O:3][H:10])([H:12])[H:13])([H:14])[H:15])[H:17],30.0,1.0
4,-0.07498999897922788,AM1BCC,OpenEye,,,C,,5,[H:16][C:7]1([C:6]([C:5]([C:4]([C:9]([C:8]1([H:18])[H:19])([H:20])[H:21])([H:11])[C:2](=[O:1])[O:3][H:10])([H:12])[H:13])([H:14])[H:15])[H:17],30.0,1.0
5,-0.07748000536646162,AM1BCC,OpenEye,,,C,,6,[H:16][C:7]1([C:6]([C:5]([C:4]([C:9]([C:8]1([H:18])[H:19])([H:20])[H:21])([H:11])[C:2](=[O:1])[O:3][H:10])([H:12])[H:13])([H:14])[H:15])[H:17],30.0,1.0
6,-0.08507000122751508,AM1BCC,OpenEye,,,C,,7,[H:16][C:7]1([C:6]([C:5]([C:4]([C:9]([C:8]1([H:18])[H:19])([H:20])[H:21])([H:11])[C:2](=[O:1])[O:3][H:10])([H:12])[H:13])([H:14])[H:15])[H:17],30.0,1.0
7,-0.07748000536646162,AM1BCC,OpenEye,,,C,,8,[H:16][C:7]1([C:6]([C:5]([C:4]([C:9]([C:8]1([H:18])[H:19])([H:20])[H:21])([H:11])[C:2](=[O:1])[O:3][H:10])([H:12])[H:13])([H:14])[H:15])[H:17],30.0,1.0
8,-0.07498999897922788,AM1BCC,OpenEye,,,C,,9,[H:16][C:7]1([C:6]([C:5]([C:4]([C:9]([C:8]1([H:18])[H:19])([H:20])[H:21])([H:11])[C:2](=[O:1])[O:3][H:10])([H:12])[H:13])([H:14])[H:15])[H:17],30.0,1.0
9,0.44273999120507923,AM1BCC,OpenEye,,,H,,10,[H:16][C:7]1([C:6]([C:5]([C:4]([C:9]([C:8]1([H:18])[H:19])([H:20])[H:21])([H:11])[C:2](=[O:1])[O:3][H:10])([H:12])[H:13])([H:14])[H:15])[H:17],30.0,1.0
10,0.07907999839101519,AM1BCC,OpenEye,,,H,,11,[H:16][C:7]1([C:6]([C:5]([C:4]([C:9]([C:8]1([H:18])[H:19])([H:20])[H:21])([H:11])[C:2](=[O:1])[O:3][H:10])([H:12])[H:13])([H:14])[H:15])[H:17],30.0,1.0
11,0.05639999892030444,AM1BCC,OpenEye,,,H,,12,[H:16][C:7]1([C:6]([C:5]([C:4]([C:9]([C:8]1([H:18])[H:19])([H:20])[H:21])([H:11])[C:2](=[O:1])[O:3][H:10])([H:12])[H:13])([H:14])[H:15])[H:17],30.0,1.0
12,0.05639999892030444,AM1BCC,OpenEye,,,H,,13,[H:16][C:7]1([C:6]([C:5]([C:4]([C:9]([C:8]1([H:18])[H:19])([H:20])[H:21])([H:11])[C:2](=[O:1])[O:3][H:10])([H:12])[H:13])([H:14])[H:15])[H:17],30.0,1.0
13,0.042269998895270486,AM1BCC,OpenEye,,,H,,14,[H:16][C:7]1([C:6]([C:5]([C:4]([C:9]([C:8]1([H:18])[H:19])([H:20])[H:21])([H:11])[C:2](=[O:1])[O:3][H:10])([H:12])[H:13])([H:14])[H:15])[H:17],30.0,1.0
14,0.042269998895270486,AM1BCC,OpenEye,,,H,,15,[H:16][C:7]1([C:6]([C:5]([C:4]([C:9]([C:8]1([H:18])[H:19])([H:20])[H:21])([H:11])[C:2](=[O:1])[O:3][H:10])([H:12])[H:13])([H:14])[H:15])[H:17],30.0,1.0
15,0.048919999705893655,AM1BCC,OpenEye,,,H,,16,[H:16][C:7]1([C:6]([C:5]([C:4]([C:9]([C:8]1([H:18])[H:19])([H:20])[H:21])([H:11])[C:2](=[O:1])[O:3][H:10])([H:12])[H:13])([H:14])[H:15])[H:17],30.0,1.0
16,0.048919999705893655,AM1BCC,OpenEye,,,H,,17,[H:16][C:7]1([C:6]([C:5]([C:4]([C:9]([C:8]1([H:18])[H:19])([H:20])[H:21])([H:11])[C:2](=[O:1])[O:3][H:10])([H:12])[H:13])([H:14])[H:15])[H:17],30.0,1.0
17,0.042269998895270486,AM1BCC,OpenEye,,,H,,18,[H:16][C:7]1([C:6]([C:5]([C:4]([C:9]([C:8]1([H:18])[H:19])([H:20])[H:21])([H:11])[C:2](=[O:1])[O:3][H:10])([H:12])[H:13])([H:14])[H:15])[H:17],30.0,1.0
18,0.042269998895270486,AM1BCC,OpenEye,,,H,,19,[H:16][C:7]1([C:6]([C:5]([C:4]([C:9]([C:8]1([H:18])[H:19])([H:20])[H:21])([H:11])[C:2](=[O:1])[O:3][H:10])([H:12])[H:13])([H:14])[H:15])[H:17],30.0,1.0
19,0.05639999892030444,AM1BCC,OpenEye,,,H,,20,[H:16][C:7]1([C:6]([C:5]([C:4]([C:9]([C:8]1([H:18])[H:19])([H:20])[H:21])([H:11])[C:2](=[O:1])[O:3][H:10])([H:12])[H:13])([H:14])[H:15])[H:17],30.0,1.0
20,0.05639999892030444,AM1BCC,OpenEye,,,H,,21,[H:16][C:7]1([C:6]([C:5]([C:4]([C:9]([C:8]1([H:18])[H:19])([H:20])[H:21])([H:11])[C:2](=[O:1])[O:3][H:10])([H:12])[H:13])([H:14])[H:15])[H:17],30.0,1.0
0,-0.551,AM1BCC,AmberTools,,,O,,1,[H:16][C:7]1([C:6]([C:5]([C:4]([C:9]([C:8]1([H:18])[H:19])([H:20])[H:21])([H:11])[C:2](=[O:1])[O:3][H:10])([H:12])[H:13])([H:14])[H:15])[H:17],30.0,1.0
1,0.6361,AM1BCC,AmberTools,,,C,,2,[H:16][C:7]1([C:6]([C:5]([C:4]([C:9]([C:8]1([H:18])[H:19])([H:20])[H:21])([H:11])[C:2](=[O:1])[O:3][H:10])([H:12])[H:13])([H:14])[H:15])[H:17],30.0,1.0
2,-0.6111,AM1BCC,AmberTools,,,O,,3,[H:16][C:7]1([C:6]([C:5]([C:4]([C:9]([C:8]1([H:18])[H:19])([H:20])[H:21])([H:11])[C:2](=[O:1])[O:3][H:10])([H:12])[H:13])([H:14])[H:15])[H:17],30.0,1.0
3,-0.1037,AM1BCC,AmberTools,,,C,,4,[H:16][C:7]1([C:6]([C:5]([C:4]([C:9]([C:8]1([H:18])[H:19])([H:20])[H:21])([H:11])[C:2](=[O:1])[O:3][H:10])([H:12])[H:13])([H:14])[H:15])[H:17],30.0,1.0
4,-0.0719,AM1BCC,AmberTools,,,C,,5,[H:16][C:7]1([C:6]([C:5]([C:4]([C:9]([C:8]1([H:18])[H:19])([H:20])[H:21])([H:11])[C:2](=[O:1])[O:3][H:10])([H:12])[H:13])([H:14])[H:15])[H:17],30.0,1.0
5,-0.0784,AM1BCC,AmberTools,,,C,,6,[H:16][C:7]1([C:6]([C:5]([C:4]([C:9]([C:8]1([H:18])[H:19])([H:20])[H:21])([H:11])[C:2](=[O:1])[O:3][H:10])([H:12])[H:13])([H:14])[H:15])[H:17],30.0,1.0
6,-0.0774,AM1BCC,AmberTools,,,C,,7,[H:16][C:7]1([C:6]([C:5]([C:4]([C:9]([C:8]1([H:18])[H:19])([H:20])[H:21])([H:11])[C:2](=[O:1])[O:3][H:10])([H:12])[H:13])([H:14])[H:15])[H:17],30.0,1.0
7,-0.0784,AM1BCC,AmberTools,,,C,,8,[H:16][C:7]1([C:6]([C:5]([C:4]([C:9]([C:8]1([H:18])[H:19])([H:20])[H:21])([H:11])[C:2](=[O:1])[O:3][H:10])([H:12])[H:13])([H:14])[H:15])[H:17],30.0,1.0
8,-0.0719,AM1BCC,AmberTools,,,C,,9,[H:16][C:7]1([C:6]([C:5]([C:4]([C:9]([C:8]1([H:18])[H:19])([H:20])[H:21])([H:11])[C:2](=[O:1])[O:3][H:10])([H:12])[H:13])([H:14])[H:15])[H:17],30.0,1.0
9,0.442,AM1BCC,AmberTools,,,H,,10,[H:16][C:7]1([C:6]([C:5]([C:4]([C:9]([C:8]1([H:18])[H:19])([H:20])[H:21])([H:11])[C:2](=[O:1])[O:3][H:10])([H:12])[H:13])([H:14])[H:15])[H:17],30.0,1.0
10,0.0807,AM1BCC,AmberTools,,,H,,11,[H:16][C:7]1([C:6]([C:5]([C:4]([C:9]([C:8]1([H:18])[H:19])([H:20])[H:21])([H:11])[C:2](=[O:1])[O:3][H:10])([H:12])[H:13])([H:14])[H:15])[H:17],30.0,1.0
11,0.05445,AM1BCC,AmberTools,,,H,,12,[H:16][C:7]1([C:6]([C:5]([C:4]([C:9]([C:8]1([H:18])[H:19])([H:20])[H:21])([H:11])[C:2](=[O:1])[O:3][H:10])([H:12])[H:13])([H:14])[H:15])[H:17],30.0,1.0
12,0.05445,AM1BCC,AmberTools,,,H,,13,[H:16][C:7]1([C:6]([C:5]([C:4]([C:9]([C:8]1([H:18])[H:19])([H:20])[H:21])([H:11])[C:2](=[O:1])[O:3][H:10])([H:12])[H:13])([H:14])[H:15])[H:17],30.0,1.0
13,0.0462,AM1BCC,AmberTools,,,H,,14,[H:16][C:7]1([C:6]([C:5]([C:4]([C:9]([C:8]1([H:18])[H:19])([H:20])[H:21])([H:11])[C:2](=[O:1])[O:3][H:10])([H:12])[H:13])([H:14])[H:15])[H:17],30.0,1.0
14,0.0462,AM1BCC,AmberTools,,,H,,15,[H:16][C:7]1([C:6]([C:5]([C:4]([C:9]([C:8]1([H:18])[H:19])([H:20])[H:21])([H:11])[C:2](=[O:1])[O:3][H:10])([H:12])[H:13])([H:14])[H:15])[H:17],30.0,1.0
15,0.0412,AM1BCC,AmberTools,,,H,,16,[H:16][C:7]1([C:6]([C:5]([C:4]([C:9]([C:8]1([H:18])[H:19])([H:20])[H:21])([H:11])[C:2](=[O:1])[O:3][H:10])([H:12])[H:13])([H:14])[H:15])[H:17],30.0,1.0
16,0.0412,AM1BCC,AmberTools,,,H,,17,[H:16][C:7]1([C:6]([C:5]([C:4]([C:9]([C:8]1([H:18])[H:19])([H:20])[H:21])([H:11])[C:2](=[O:1])[O:3][H:10])([H:12])[H:13])([H:14])[H:15])[H:17],30.0,1.0
17,0.0462,AM1BCC,AmberTools,,,H,,18,[H:16][C:7]1([C:6]([C:5]([C:4]([C:9]([C:8]1([H:18])[H:19])([H:20])[H:21])([H:11])[C:2](=[O:1])[O:3][H:10])([H:12])[H:13])([H:14])[H:15])[H:17],30.0,1.0
18,0.0462,AM1BCC,AmberTools,,,H,,19,[H:16][C:7]1([C:6]([C:5]([C:4]([C:9]([C:8]1([H:18])[H:19])([H:20])[H:21])([H:11])[C:2](=[O:1])[O:3][H:10])([H:12])[H:13])([H:14])[H:15])[H:17],30.0,1.0
19,0.05445,AM1BCC,AmberTools,,,H,,20,[H:16][C:7]1([C:6]([C:5]([C:4]([C:9]([C:8]1([H:18])[H:19])([H:20])[H:21])([H:11])[C:2](=[O:1])[O:3][H:10])([H:12])[H:13])([H:14])[H:15])[H:17],30.0,1.0
20,0.05445,AM1BCC,AmberTools,,,H,,21,[H:16][C:7]1([C:6]([C:5]([C:4]([C:9]([C:8]1([H:18])[H:19])([H:20])[H:21])([H:11])[C:2](=[O:1])[O:3][H:10])([H:12])[H:13])([H:14])[H:15])[H:17],30.0,1.0
0,-0.556590022785323,AM1BCC,OpenEye,,,O,,1,[H:16][C:7]1([C:6]([C:5]([C:4]([C:9]([C:8]1([H:18])[H:19])([H:20])[H:21])([H:11])[C:2](=[O:1])[O:3][H:10])([H:12])[H:13])([H:14])[H:15])[H:17],30.0,2.0
1,0.6353800275496074,AM1BCC,OpenEye,,,C,,2,[H:16][C:7]1([C:6]([C:5]([C:4]([C:9]([C:8]1([H:18])[H:19])([H:20])[H:21])([H:11])[C:2](=[O:1])[O:3][H:10])([H:12])[H:13])([H:14])[H:15])[H:17],30.0,2.0
2,-0.6029899737664631,AM1BCC,OpenEye,,,O,,3,[H:16][C:7]1([C:6]([C:5]([C:4]([C:9]([C:8]1([H:18])[H:19])([H:20])[H:21])([H:11])[C:2](=[O:1])[O:3][H:10])([H:12])[H:13])([H:14])[H:15])[H:17],30.0,2.0
3,-0.10013000134910856,AM1BCC,OpenEye,,,C,,4,[H:16][C:7]1([C:6]([C:5]([C:4]([C:9]([C:8]1([H:18])[H:19])([H:20])[H:21])([H:11])[C:2](=[O:1])[O:3][H:10])([H:12])[H:13])([H:14])[H:15])[H:17],30.0,2.0
4,-0.07498999897922788,AM1BCC,OpenEye,,,C,,5,[H:16][C:7]1([C:6]([C:5]([C:4]([C:9]([C:8]1([H:18])[H:19])([H:20])[H:21])([H:11])[C:2](=[O:1])[O:3][H:10])([H:12])[H:13])([H:14])[H:15])[H:17],30.0,2.0
5,-0.07748000536646162,AM1BCC,OpenEye,,,C,,6,[H:16][C:7]1([C:6]([C:5]([C:4]([C:9]([C:8]1([H:18])[H:19])([H:20])[H:21])([H:11])[C:2](=[O:1])[O:3][H:10])([H:12])[H:13])([H:14])[H:15])[H:17],30.0,2.0
6,-0.08507000122751508,AM1BCC,OpenEye,,,C,,7,[H:16][C:7]1([C:6]([C:5]([C:4]([C:9]([C:8]1([H:18])[H:19])([H:20])[H:21])([H:11])[C:2](=[O:1])[O:3][H:10])([H:12])[H:13])([H:14])[H:15])[H:17],30.0,2.0
7,-0.07748000536646162,AM1BCC,OpenEye,,,C,,8,[H:16][C:7]1([C:6]([C:5]([C:4]([C:9]([C:8]1([H:18])[H:19])([H:20])[H:21])([H:11])[C:2](=[O:1])[O:3][H:10])([H:12])[H:13])([H:14])[H:15])[H:17],30.0,2.0
8,-0.07498999897922788,AM1BCC,OpenEye,,,C,,9,[H:16][C:7]1([C:6]([C:5]([C:4]([C:9]([C:8]1([H:18])[H:19])([H:20])[H:21])([H:11])[C:2](=[O:1])[O:3][H:10])([H:12])[H:13])([H:14])[H:15])[H:17],30.0,2.0
9,0.44273999120507923,AM1BCC,OpenEye,,,H,,10,[H:16][C:7]1([C:6]([C:5]([C:4]([C:9]([C:8]1([H:18])[H:19])([H:20])[H:21])([H:11])[C:2](=[O:1])[O:3][H:10])([H:12])[H:13])([H:14])[H:15])[H:17],30.0,2.0
10,0.07907999839101519,AM1BCC,OpenEye,,,H,,11,[H:16][C:7]1([C:6]([C:5]([C:4]([C:9]([C:8]1([H:18])[H:19])([H:20])[H:21])([H:11])[C:2](=[O:1])[O:3][H:10])([H:12])[H:13])([H:14])[H:15])[H:17],30.0,2.0
11,0.05639999892030444,AM1BCC,OpenEye,,,H,,12,[H:16][C:7]1([C:6]([C:5]([C:4]([C:9]([C:8]1([H:18])[H:19])([H:20])[H:21])([H:11])[C:2](=[O:1])[O:3][H:10])([H:12])[H:13])([H:14])[H:15])[H:17],30.0,2.0
12,0.05639999892030444,AM1BCC,OpenEye,,,H,,13,[H:16][C:7]1([C:6]([C:5]([C:4]([C:9]([C:8]1([H:18])[H:19])([H:20])[H:21])([H:11])[C:2](=[O:1])[O:3][H:10])([H:12])[H:13])([H:14])[H:15])[H:17],30.0,2.0
13,0.042269998895270486,AM1BCC,OpenEye,,,H,,14,[H:16][C:7]1([C:6]([C:5]([C:4]([C:9]([C:8]1([H:18])[H:19])([H:20])[H:21])([H:11])[C:2](=[O:1])[O:3][H:10])([H:12])[H:13])([H:14])[H:15])[H:17],30.0,2.0
14,0.042269998895270486,AM1BCC,OpenEye,,,H,,15,[H:16][C:7]1([C:6]([C:5]([C:4]([C:9]([C:8]1([H:18])[H:19])([H:20])[H:21])([H:11])[C:2](=[O:1])[O:3][H:10])([H:12])[H:13])([H:14])[H:15])[H:17],30.0,2.0
15,0.048919999705893655,AM1BCC,OpenEye,,,H,,16,[H:16][C:7]1([C:6]([C:5]([C:4]([C:9]([C:8]1([H:18])[H:19])([H:20])[H:21])([H:11])[C:2](=[O:1])[O:3][H:10])([H:12])[H:13])([H:14])[H:15])[H:17],30.0,2.0
16,0.048919999705893655,AM1BCC,OpenEye,,,H,,17,[H:16][C:7]1([C:6]([C:5]([C:4]([C:9]([C:8]1([H:18])[H:19])([H:20])[H:21])([H:11])[C:2](=[O:1])[O:3][H:10])([H:12])[H:13])([H:14])[H:15])[H:17],30.0,2.0
17,0.042269998895270486,AM1BCC,OpenEye,,,H,,18,[H:16][C:7]1([C:6]([C:5]([C:4]([C:9]([C:8]1([H:18])[H:19])([H:20])[H:21])([H:11])[C:2](=[O:1])[O:3][H:10])([H:12])[H:13])([H:14])[H:15])[H:17],30.0,2.0
18,0.042269998895270486,AM1BCC,OpenEye,,,H,,19,[H:16][C:7]1([C:6]([C:5]([C:4]([C:9]([C:8]1([H:18])[H:19])([H:20])[H:21])([H:11])[C:2](=[O:1])[O:3][H:10])([H:12])[H:13])([H:14])[H:15])[H:17],30.0,2.0
19,0.05639999892030444,AM1BCC,OpenEye,,,H,,20,[H:16][C:7]1([C:6]([C:5]([C:4]([C:9]([C:8]1([H:18])[H:19])([H:20])[H:21])([H:11])[C:2](=[O:1])[O:3][H:10])([H:12])[H:13])([H:14])[H:15])[H:17],30.0,2.0
20,0.05639999892030444,AM1BCC,OpenEye,,,H,,21,[H:16][C:7]1([C:6]([C:5]([C:4]([C:9]([C:8]1([H:18])[H:19])([H:20])[H:21])([H:11])[C:2](=[O:1])[O:3][H:10])([H:12])[H:13])([H:14])[H:15])[H:17],30.0,2.0
0,-0.551,AM1BCC,AmberTools,,,O,,1,[H:16][C:7]1([C:6]([C:5]([C:4]([C:9]([C:8]1([H:18])[H:19])([H:20])[H:21])([H:11])[C:2](=[O:1])[O:3][H:10])([H:12])[H:13])([H:14])[H:15])[H:17],30.0,2.0
1,0.6361,AM1BCC,AmberTools,,,C,,2,[H:16][C:7]1([C:6]([C:5]([C:4]([C:9]([C:8]1([H:18])[H:19])([H:20])[H:21])([H:11])[C:2](=[O:1])[O:3][H:10])([H:12])[H:13])([H:14])[H:15])[H:17],30.0,2.0
2,-0.6111,AM1BCC,AmberTools,,,O,,3,[H:16][C:7]1([C:6]([C:5]([C:4]([C:9]([C:8]1([H:18])[H:19])([H:20])[H:21])([H:11])[C:2](=[O:1])[O:3][H:10])([H:12])[H:13])([H:14])[H:15])[H:17],30.0,2.0
3,-0.1037,AM1BCC,AmberTools,,,C,,4,[H:16][C:7]1([C:6]([C:5]([C:4]([C:9]([C:8]1([H:18])[H:19])([H:20])[H:21])([H:11])[C:2](=[O:1])[O:3][H:10])([H:12])[H:13])([H:14])[H:15])[H:17],30.0,2.0
4,-0.0719,AM1BCC,AmberTools,,,C,,5,[H:16][C:7]1([C:6]([C:5]([C:4]([C:9]([C:8]1([H:18])[H:19])([H:20])[H:21])([H:11])[C:2](=[O:1])[O:3][H:10])([H:12])[H:13])([H:14])[H:15])[H:17],30.0,2.0
5,-0.0784,AM1BCC,AmberTools,,,C,,6,[H:16][C:7]1([C:6]([C:5]([C:4]([C:9]([C:8]1([H:18])[H:19])([H:20])[H:21])([H:11])[C:2](=[O:1])[O:3][H:10])([H:12])[H:13])([H:14])[H:15])[H:17],30.0,2.0
6,-0.0774,AM1BCC,AmberTools,,,C,,7,[H:16][C:7]1([C:6]([C:5]([C:4]([C:9]([C:8]1([H:18])[H:19])([H:20])[H:21])([H:11])[C:2](=[O:1])[O:3][H:10])([H:12])[H:13])([H:14])[H:15])[H:17],30.0,2.0
7,-0.0784,AM1BCC,AmberTools,,,C,,8,[H:16][C:7]1([C:6]([C:5]([C:4]([C:9]([C:8]1([H:18])[H:19])([H:20])[H:21])([H:11])[C:2](=[O:1])[O:3][H:10])([H:12])[H:13])([H:14])[H:15])[H:17],30.0,2.0
8,-0.0719,AM1BCC,AmberTools,,,C,,9,[H:16][C:7]1([C:6]([C:5]([C:4]([C:9]([C:8]1([H:18])[H:19])([H:20])[H:21])([H:11])[C:2](=[O:1])[O:3][H:10])([H:12])[H:13])([H:14])[H:15])[H:17],30.0,2.0
9,0.442,AM1BCC,AmberTools,,,H,,10,[H:16][C:7]1([C:6]([C:5]([C:4]([C:9]([C:8]1([H:18])[H:19])([H:20])[H:21])([H:11])[C:2](=[O:1])[O:3][H:10])([H:12])[H:13])([H:14])[H:15])[H:17],30.0,2.0
10,0.0807,AM1BCC,AmberTools,,,H,,11,[H:16][C:7]1([C:6]([C:5]([C:4]([C:9]([C:8]1([H:18])[H:19])([H:20])[H:21])([H:11])[C:2](=[O:1])[O:3][H:10])([H:12])[H:13])([H:14])[H:15])[H:17],30.0,2.0
11,0.05445,AM1BCC,AmberTools,,,H,,12,[H:16][C:7]1([C:6]([C:5]([C:4]([C:9]([C:8]1([H:18])[H:19])([H:20])[H:21])([H:11])[C:2](=[O:1])[O:3][H:10])([H:12])[H:13])([H:14])[H:15])[H:17],30.0,2.0
12,0.05445,AM1BCC,AmberTools,,,H,,13,[H:16][C:7]1([C:6]([C:5]([C:4]([C:9]([C:8]1([H:18])[H:19])([H:20])[H:21])([H:11])[C:2](=[O:1])[O:3][H:10])([H:12])[H:13])([H:14])[H:15])[H:17],30.0,2.0
13,0.0462,AM1BCC,AmberTools,,,H,,14,[H:16][C:7]1([C:6]([C:5]([C:4]([C:9]([C:8]1([H:18])[H:19])([H:20])[H:21])([H:11])[C:2](=[O:1])[O:3][H:10])([H:12])[H:13])([H:14])[H:15])[H:17],30.0,2.0
14,0.0462,AM1BCC,AmberTools,,,H,,15,[H:16][C:7]1([C:6]([C:5]([C:4]([C:9]([C:8]1([H:18])[H:19])([H:20])[H:21])([H:11])[C:2](=[O:1])[O:3][H:10])([H:12])[H:13])([H:14])[H:15])[H:17],30.0,2.0
15,0.0412,AM1BCC,AmberTools,,,H,,16,[H:16][C:7]1([C:6]([C:5]([C:4]([C:9]([C:8]1([H:18])[H:19])([H:20])[H:21])([H:11])[C:2](=[O:1])[O:3][H:10])([H:12])[H:13])([H:14])[H:15])[H:17],30.0,2.0
16,0.0412,AM1BCC,AmberTools,,,H,,17,[H:16][C:7]1([C:6]([C:5]([C:4]([C:9]([C:8]1([H:18])[H:19])([H:20])[H:21])([H:11])[C:2](=[O:1])[O:3][H:10])([H:12])[H:13])([H:14])[H:15])[H:17],30.0,2.0
17,0.0462,AM1BCC,AmberTools,,,H,,18,[H:16][C:7]1([C:6]([C:5]([C:4]([C:9]([C:8]1([H:18])[H:19])([H:20])[H:21])([H:11])[C:2](=[O:1])[O:3][H:10])([H:12])[H:13])([H:14])[H:15])[H:17],30.0,2.0
18,0.0462,AM1BCC,AmberTools,,,H,,19,[H:16][C:7]1([C:6]([C:5]([C:4]([C:9]([C:8]1([H:18])[H:19])([H:20])[H:21])([H:11])[C:2](=[O:1])[O:3][H:10])([H:12])[H:13])([H:14])[H:15])[H:17],30.0,2.0
19,0.05445,AM1BCC,AmberTools,,,H,,20,[H:16][C:7]1([C:6]([C:5]([C:4]([C:9]([C:8]1([H:18])[H:19])([H:20])[H:21])([H:11])[C:2](=[O:1])[O:3][H:10])([H:12])[H:13])([H:14])[H:15])[H:17],30.0,2.0
20,0.05445,AM1BCC,AmberTools,,,H,,21,[H:16][C:7]1([C:6]([C:5]([C:4]([C:9]([C:8]1([H:18])[H:19])([H:20])[H:21])([H:11])[C:2](=[O:1])[O:3][H:10])([H:12])[H:13])([H:14])[H:15])[H:17],30.0,2.0
0,-0.556590022785323,AM1BCC,OpenEye,,,O,,1,[H:16][C:7]1([C:6]([C:5]([C:4]([C:9]([C:8]1([H:18])[H:19])([H:20])[H:21])([H:11])[C:2](=[O:1])[O:3][H:10])([H:12])[H:13])([H:14])[H:15])[H:17],30.0,3.0
1,0.6353800275496074,AM1BCC,OpenEye,,,C,,2,[H:16][C:7]1([C:6]([C:5]([C:4]([C:9]([C:8]1([H:18])[H:19])([H:20])[H:21])([H:11])[C:2](=[O:1])[O:3][H:10])([H:12])[H:13])([H:14])[H:15])[H:17],30.0,3.0
2,-0.6029899737664631,AM1BCC,OpenEye,,,O,,3,[H:16][C:7]1([C:6]([C:5]([C:4]([C:9]([C:8]1([H:18])[H:19])([H:20])[H:21])([H:11])[C:2](=[O:1])[O:3][H:10])([H:12])[H:13])([H:14])[H:15])[H:17],30.0,3.0
3,-0.10013000134910856,AM1BCC,OpenEye,,,C,,4,[H:16][C:7]1([C:6]([C:5]([C:4]([C:9]([C:8]1([H:18])[H:19])([H:20])[H:21])([H:11])[C:2](=[O:1])[O:3][H:10])([H:12])[H:13])([H:14])[H:15])[H:17],30.0,3.0
4,-0.07498999897922788,AM1BCC,OpenEye,,,C,,5,[H:16][C:7]1([C:6]([C:5]([C:4]([C:9]([C:8]1([H:18])[H:19])([H:20])[H:21])([H:11])[C:2](=[O:1])[O:3][H:10])([H:12])[H:13])([H:14])[H:15])[H:17],30.0,3.0
5,-0.07748000536646162,AM1BCC,OpenEye,,,C,,6,[H:16][C:7]1([C:6]([C:5]([C:4]([C:9]([C:8]1([H:18])[H:19])([H:20])[H:21])([H:11])[C:2](=[O:1])[O:3][H:10])([H:12])[H:13])([H:14])[H:15])[H:17],30.0,3.0
6,-0.08507000122751508,AM1BCC,OpenEye,,,C,,7,[H:16][C:7]1([C:6]([C:5]([C:4]([C:9]([C:8]1([H:18])[H:19])([H:20])[H:21])([H:11])[C:2](=[O:1])[O:3][H:10])([H:12])[H:13])([H:14])[H:15])[H:17],30.0,3.0
7,-0.07748000536646162,AM1BCC,OpenEye,,,C,,8,[H:16][C:7]1([C:6]([C:5]([C:4]([C:9]([C:8]1([H:18])[H:19])([H:20])[H:21])([H:11])[C:2](=[O:1])[O:3][H:10])([H:12])[H:13])([H:14])[H:15])[H:17],30.0,3.0
8,-0.07498999897922788,AM1BCC,OpenEye,,,C,,9,[H:16][C:7]1([C:6]([C:5]([C:4]([C:9]([C:8]1([H:18])[H:19])([H:20])[H:21])([H:11])[C:2](=[O:1])[O:3][H:10])([H:12])[H:13])([H:14])[H:15])[H:17],30.0,3.0
9,0.44273999120507923,AM1BCC,OpenEye,,,H,,10,[H:16][C:7]1([C:6]([C:5]([C:4]([C:9]([C:8]1([H:18])[H:19])([H:20])[H:21])([H:11])[C:2](=[O:1])[O:3][H:10])([H:12])[H:13])([H:14])[H:15])[H:17],30.0,3.0
10,0.07907999839101519,AM1BCC,OpenEye,,,H,,11,[H:16][C:7]1([C:6]([C:5]([C:4]([C:9]([C:8]1([H:18])[H:19])([H:20])[H:21])([H:11])[C:2](=[O:1])[O:3][H:10])([H:12])[H:13])([H:14])[H:15])[H:17],30.0,3.0
11,0.05639999892030444,AM1BCC,OpenEye,,,H,,12,[H:16][C:7]1([C:6]([C:5]([C:4]([C:9]([C:8]1([H:18])[H:19])([H:20])[H:21])([H:11])[C:2](=[O:1])[O:3][H:10])([H:12])[H:13])([H:14])[H:15])[H:17],30.0,3.0
12,0.05639999892030444,AM1BCC,OpenEye,,,H,,13,[H:16][C:7]1([C:6]([C:5]([C:4]([C:9]([C:8]1([H:18])[H:19])([H:20])[H:21])([H:11])[C:2](=[O:1])[O:3][H:10])([H:12])[H:13])([H:14])[H:15])[H:17],30.0,3.0
13,0.042269998895270486,AM1BCC,OpenEye,,,H,,14,[H:16][C:7]1([C:6]([C:5]([C:4]([C:9]([C:8]1([H:18])[H:19])([H:20])[H:21])([H:11])[C:2](=[O:1])[O:3][H:10])([H:12])[H:13])([H:14])[H:15])[H:17],30.0,3.0
14,0.042269998895270486,AM1BCC,OpenEye,,,H,,15,[H:16][C:7]1([C:6]([C:5]([C:4]([C:9]([C:8]1([H:18])[H:19])([H:20])[H:21])([H:11])[C:2](=[O:1])[O:3][H:10])([H:12])[H:13])([H:14])[H:15])[H:17],30.0,3.0
15,0.048919999705893655,AM1BCC,OpenEye,,,H,,16,[H:16][C:7]1([C:6]([C:5]([C:4]([C:9]([C:8]1([H:18])[H:19])([H:20])[H:21])([H:11])[C:2](=[O:1])[O:3][H:10])([H:12])[H:13])([H:14])[H:15])[H:17],30.0,3.0
16,0.048919999705893655,AM1BCC,OpenEye,,,H,,17,[H:16][C:7]1([C:6]([C:5]([C:4]([C:9]([C:8]1([H:18])[H:19])([H:20])[H:21])([H:11])[C:2](=[O:1])[O:3][H:10])([H:12])[H:13])([H:14])[H:15])[H:17],30.0,3.0
17,0.042269998895270486,AM1BCC,OpenEye,,,H,,18,[H:16][C:7]1([C:6]([C:5]([C:4]([C:9]([C:8]1([H:18])[H:19])([H:20])[H:21])([H:11])[C:2](=[O:1])[O:3][H:10])([H:12])[H:13])([H:14])[H:15])[H:17],30.0,3.0
18,0.042269998895270486,AM1BCC,OpenEye,,,H,,19,[H:16][C:7]1([C:6]([C:5]([C:4]([C:9]([C:8]1([H:18])[H:19])([H:20])[H:21])([H:11])[C:2](=[O:1])[O:3][H:10])([H:12])[H:13])([H:14])[H:15])[H:17],30.0,3.0
19,0.05639999892030444,AM1BCC,OpenEye,,,H,,20,[H:16][C:7]1([C:6]([C:5]([C:4]([C:9]([C:8]1([H:18])[H:19])([H:20])[H:21])([H:11])[C:2](=[O:1])[O:3][H:10])([H:12])[H:13])([H:14])[H:15])[H:17],30.0,3.0
20,0.05639999892030444,AM1BCC,OpenEye,,,H,,21,[H:16][C:7]1([C:6]([C:5]([C:4]([C:9]([C:8]1([H:18])[H:19])([H:20])[H:21])([H:11])[C:2](=[O:1])[O:3][H:10])([H:12])[H:13])([H:14])[H:15])[H:17],30.0,3.0
0,-0.551,AM1BCC,AmberTools,,,O,,1,[H:16][C:7]1([C:6]([C:5]([C:4]([C:9]([C:8]1([H:18])[H:19])([H:20])[H:21])([H:11])[C:2](=[O:1])[O:3][H:10])([H:12])[H:13])([H:14])[H:15])[H:17],30.0,3.0
1,0.6361,AM1BCC,AmberTools,,,C,,2,[H:16][C:7]1([C:6]([C:5]([C:4]([C:9]([C:8]1([H:18])[H:19])([H:20])[H:21])([H:11])[C:2](=[O:1])[O:3][H:10])([H:12])[H:13])([H:14])[H:15])[H:17],30.0,3.0
2,-0.6111,AM1BCC,AmberTools,,,O,,3,[H:16][C:7]1([C:6]([C:5]([C:4]([C:9]([C:8]1([H:18])[H:19])([H:20])[H:21])([H:11])[C:2](=[O:1])[O:3][H:10])([H:12])[H:13])([H:14])[H:15])[H:17],30.0,3.0
3,-0.1037,AM1BCC,AmberTools,,,C,,4,[H:16][C:7]1([C:6]([C:5]([C:4]([C:9]([C:8]1([H:18])[H:19])([H:20])[H:21])([H:11])[C:2](=[O:1])[O:3][H:10])([H:12])[H:13])([H:14])[H:15])[H:17],30.0,3.0
4,-0.0719,AM1BCC,AmberTools,,,C,,5,[H:16][C:7]1([C:6]([C:5]([C:4]([C:9]([C:8]1([H:18])[H:19])([H:20])[H:21])([H:11])[C:2](=[O:1])[O:3][H:10])([H:12])[H:13])([H:14])[H:15])[H:17],30.0,3.0
5,-0.0784,AM1BCC,AmberTools,,,C,,6,[H:16][C:7]1([C:6]([C:5]([C:4]([C:9]([C:8]1([H:18])[H:19])([H:20])[H:21])([H:11])[C:2](=[O:1])[O:3][H:10])([H:12])[H:13])([H:14])[H:15])[H:17],30.0,3.0
6,-0.0774,AM1BCC,AmberTools,,,C,,7,[H:16][C:7]1([C:6]([C:5]([C:4]([C:9]([C:8]1([H:18])[H:19])([H:20])[H:21])([H:11])[C:2](=[O:1])[O:3][H:10])([H:12])[H:13])([H:14])[H:15])[H:17],30.0,3.0
7,-0.0784,AM1BCC,AmberTools,,,C,,8,[H:16][C:7]1([C:6]([C:5]([C:4]([C:9]([C:8]1([H:18])[H:19])([H:20])[H:21])([H:11])[C:2](=[O:1])[O:3][H:10])([H:12])[H:13])([H:14])[H:15])[H:17],30.0,3.0
8,-0.0719,AM1BCC,AmberTools,,,C,,9,[H:16][C:7]1([C:6]([C:5]([C:4]([C:9]([C:8]1([H:18])[H:19])([H:20])[H:21])([H:11])[C:2](=[O:1])[O:3][H:10])([H:12])[H:13])([H:14])[H:15])[H:17],30.0,3.0
9,0.442,AM1BCC,AmberTools,,,H,,10,[H:16][C:7]1([C:6]([C:5]([C:4]([C:9]([C:8]1([H:18])[H:19])([H:20])[H:21])([H:11])[C:2](=[O:1])[O:3][H:10])([H:12])[H:13])([H:14])[H:15])[H:17],30.0,3.0
10,0.0807,AM1BCC,AmberTools,,,H,,11,[H:16][C:7]1([C:6]([C:5]([C:4]([C:9]([C:8]1([H:18])[H:19])([H:20])[H:21])([H:11])[C:2](=[O:1])[O:3][H:10])([H:12])[H:13])([H:14])[H:15])[H:17],30.0,3.0
11,0.05445,AM1BCC,AmberTools,,,H,,12,[H:16][C:7]1([C:6]([C:5]([C:4]([C:9]([C:8]1([H:18])[H:19])([H:20])[H:21])([H:11])[C:2](=[O:1])[O:3][H:10])([H:12])[H:13])([H:14])[H:15])[H:17],30.0,3.0
12,0.05445,AM1BCC,AmberTools,,,H,,13,[H:16][C:7]1([C:6]([C:5]([C:4]([C:9]([C:8]1([H:18])[H:19])([H:20])[H:21])([H:11])[C:2](=[O:1])[O:3][H:10])([H:12])[H:13])([H:14])[H:15])[H:17],30.0,3.0
13,0.0462,AM1BCC,AmberTools,,,H,,14,[H:16][C:7]1([C:6]([C:5]([C:4]([C:9]([C:8]1([H:18])[H:19])([H:20])[H:21])([H:11])[C:2](=[O:1])[O:3][H:10])([H:12])[H:13])([H:14])[H:15])[H:17],30.0,3.0
14,0.0462,AM1BCC,AmberTools,,,H,,15,[H:16][C:7]1([C:6]([C:5]([C:4]([C:9]([C:8]1([H:18])[H:19])([H:20])[H:21])([H:11])[C:2](=[O:1])[O:3][H:10])([H:12])[H:13])([H:14])[H:15])[H:17],30.0,3.0
15,0.0412,AM1BCC,AmberTools,,,H,,16,[H:16][C:7]1([C:6]([C:5]([C:4]([C:9]([C:8]1([H:18])[H:19])([H:20])[H:21])([H:11])[C:2](=[O:1])[O:3][H:10])([H:12])[H:13])([H:14])[H:15])[H:17],30.0,3.0
16,0.0412,AM1BCC,AmberTools,,,H,,17,[H:16][C:7]1([C:6]([C:5]([C:4]([C:9]([C:8]1([H:18])[H:19])([H:20])[H:21])([H:11])[C:2](=[O:1])[O:3][H:10])([H:12])[H:13])([H:14])[H:15])[H:17],30.0,3.0
17,0.0462,AM1BCC,AmberTools,,,H,,18,[H:16][C:7]1([C:6]([C:5]([C:4]([C:9]([C:8]1([H:18])[H:19])([H:20])[H:21])([H:11])[C:2](=[O:1])[O:3][H:10])([H:12])[H:13])([H:14])[H:15])[H:17],30.0,3.0
18,0.0462,AM1BCC,AmberTools,,,H,,19,[H:16][C:7]1([C:6]([C:5]([C:4]([C:9]([C:8]1([H:18])[H:19])([H:20])[H:21])([H:11])[C:2](=[O:1])[O:3][H:10])([H:12])[H:13])([H:14])[H:15])[H:17],30.0,3.0
19,0.05445,AM1BCC,AmberTools,,,H,,20,[H:16][C:7]1([C:6]([C:5]([C:4]([C:9]([C:8]1([H:18])[H:19])([H:20])[H:21])([H:11])[C:2](=[O:1])[O:3][H:10])([H:12])[H:13])([H:14])[H:15])[H:17],30.0,3.0
20,0.05445,AM1BCC,AmberTools,,,H,,21,[H:16][C:7]1([C:6]([C:5]([C:4]([C:9]([C:8]1([H:18])[H:19])([H:20])[H:21])([H:11])[C:2](=[O:1])[O:3][H:10])([H:12])[H:13])([H:14])[H:15])[H:17],30.0,3.0
0,-0.556590022785323,AM1BCC,OpenEye,,,O,,1,[H:16][C:7]1([C:6]([C:5]([C:4]([C:9]([C:8]1([H:18])[H:19])([H:20])[H:21])([H:11])[C:2](=[O:1])[O:3][H:10])([H:12])[H:13])([H:14])[H:15])[H:17],30.0,4.0
1,0.6353800275496074,AM1BCC,OpenEye,,,C,,2,[H:16][C:7]1([C:6]([C:5]([C:4]([C:9]([C:8]1([H:18])[H:19])([H:20])[H:21])([H:11])[C:2](=[O:1])[O:3][H:10])([H:12])[H:13])([H:14])[H:15])[H:17],30.0,4.0
2,-0.6029899737664631,AM1BCC,OpenEye,,,O,,3,[H:16][C:7]1([C:6]([C:5]([C:4]([C:9]([C:8]1([H:18])[H:19])([H:20])[H:21])([H:11])[C:2](=[O:1])[O:3][H:10])([H:12])[H:13])([H:14])[H:15])[H:17],30.0,4.0
3,-0.10013000134910856,AM1BCC,OpenEye,,,C,,4,[H:16][C:7]1([C:6]([C:5]([C:4]([C:9]([C:8]1([H:18])[H:19])([H:20])[H:21])([H:11])[C:2](=[O:1])[O:3][H:10])([H:12])[H:13])([H:14])[H:15])[H:17],30.0,4.0
4,-0.07498999897922788,AM1BCC,OpenEye,,,C,,5,[H:16][C:7]1([C:6]([C:5]([C:4]([C:9]([C:8]1([H:18])[H:19])([H:20])[H:21])([H:11])[C:2](=[O:1])[O:3][H:10])([H:12])[H:13])([H:14])[H:15])[H:17],30.0,4.0
5,-0.07748000536646162,AM1BCC,OpenEye,,,C,,6,[H:16][C:7]1([C:6]([C:5]([C:4]([C:9]([C:8]1([H:18])[H:19])([H:20])[H:21])([H:11])[C:2](=[O:1])[O:3][H:10])([H:12])[H:13])([H:14])[H:15])[H:17],30.0,4.0
6,-0.08507000122751508,AM1BCC,OpenEye,,,C,,7,[H:16][C:7]1([C:6]([C:5]([C:4]([C:9]([C:8]1([H:18])[H:19])([H:20])[H:21])([H:11])[C:2](=[O:1])[O:3][H:10])([H:12])[H:13])([H:14])[H:15])[H:17],30.0,4.0
7,-0.07748000536646162,AM1BCC,OpenEye,,,C,,8,[H:16][C:7]1([C:6]([C:5]([C:4]([C:9]([C:8]1([H:18])[H:19])([H:20])[H:21])([H:11])[C:2](=[O:1])[O:3][H:10])([H:12])[H:13])([H:14])[H:15])[H:17],30.0,4.0
8,-0.07498999897922788,AM1BCC,OpenEye,,,C,,9,[H:16][C:7]1([C:6]([C:5]([C:4]([C:9]([C:8]1([H:18])[H:19])([H:20])[H:21])([H:11])[C:2](=[O:1])[O:3][H:10])([H:12])[H:13])([H:14])[H:15])[H:17],30.0,4.0
9,0.44273999120507923,AM1BCC,OpenEye,,,H,,10,[H:16][C:7]1([C:6]([C:5]([C:4]([C:9]([C:8]1([H:18])[H:19])([H:20])[H:21])([H:11])[C:2](=[O:1])[O:3][H:10])([H:12])[H:13])([H:14])[H:15])[H:17],30.0,4.0
10,0.07907999839101519,AM1BCC,OpenEye,,,H,,11,[H:16][C:7]1([C:6]([C:5]([C:4]([C:9]([C:8]1([H:18])[H:19])([H:20])[H:21])([H:11])[C:2](=[O:1])[O:3][H:10])([H:12])[H:13])([H:14])[H:15])[H:17],30.0,4.0
11,0.05639999892030444,AM1BCC,OpenEye,,,H,,12,[H:16][C:7]1([C:6]([C:5]([C:4]([C:9]([C:8]1([H:18])[H:19])([H:20])[H:21])([H:11])[C:2](=[O:1])[O:3][H:10])([H:12])[H:13])([H:14])[H:15])[H:17],30.0,4.0
12,0.05639999892030444,AM1BCC,OpenEye,,,H,,13,[H:16][C:7]1([C:6]([C:5]([C:4]([C:9]([C:8]1([H:18])[H:19])([H:20])[H:21])([H:11])[C:2](=[O:1])[O:3][H:10])([H:12])[H:13])([H:14])[H:15])[H:17],30.0,4.0
13,0.042269998895270486,AM1BCC,OpenEye,,,H,,14,[H:16][C:7]1([C:6]([C:5]([C:4]([C:9]([C:8]1([H:18])[H:19])([H:20])[H:21])([H:11])[C:2](=[O:1])[O:3][H:10])([H:12])[H:13])([H:14])[H:15])[H:17],30.0,4.0
14,0.042269998895270486,AM1BCC,OpenEye,,,H,,15,[H:16][C:7]1([C:6]([C:5]([C:4]([C:9]([C:8]1([H:18])[H:19])([H:20])[H:21])([H:11])[C:2](=[O:1])[O:3][H:10])([H:12])[H:13])([H:14])[H:15])[H:17],30.0,4.0
15,0.048919999705893655,AM1BCC,OpenEye,,,H,,16,[H:16][C:7]1([C:6]([C:5]([C:4]([C:9]([C:8]1([H:18])[H:19])([H:20])[H:21])([H:11])[C:2](=[O:1])[O:3][H:10])([H:12])[H:13])([H:14])[H:15])[H:17],30.0,4.0
16,0.048919999705893655,AM1BCC,OpenEye,,,H,,17,[H:16][C:7]1([C:6]([C:5]([C:4]([C:9]([C:8]1([H:18])[H:19])([H:20])[H:21])([H:11])[C:2](=[O:1])[O:3][H:10])([H:12])[H:13])([H:14])[H:15])[H:17],30.0,4.0
17,0.042269998895270486,AM1BCC,OpenEye,,,H,,18,[H:16][C:7]1([C:6]([C:5]([C:4]([C:9]([C:8]1([H:18])[H:19])([H:20])[H:21])([H:11])[C:2](=[O:1])[O:3][H:10])([H:12])[H:13])([H:14])[H:15])[H:17],30.0,4.0
18,0.042269998895270486,AM1BCC,OpenEye,,,H,,19,[H:16][C:7]1([C:6]([C:5]([C:4]([C:9]([C:8]1([H:18])[H:19])([H:20])[H:21])([H:11])[C:2](=[O:1])[O:3][H:10])([H:12])[H:13])([H:14])[H:15])[H:17],30.0,4.0
19,0.05639999892030444,AM1BCC,OpenEye,,,H,,20,[H:16][C:7]1([C:6]([C:5]([C:4]([C:9]([C:8]1([H:18])[H:19])([H:20])[H:21])([H:11])[C:2](=[O:1])[O:3][H:10])([H:12])[H:13])([H:14])[H:15])[H:17],30.0,4.0
20,0.05639999892030444,AM1BCC,OpenEye,,,H,,21,[H:16][C:7]1([C:6]([C:5]([C:4]([C:9]([C:8]1([H:18])[H:19])([H:20])[H:21])([H:11])[C:2](=[O:1])[O:3][H:10])([H:12])[H:13])([H:14])[H:15])[H:17],30.0,4.0
0,-0.551,AM1BCC,AmberTools,,,O,,1,[H:16][C:7]1([C:6]([C:5]([C:4]([C:9]([C:8]1([H:18])[H:19])([H:20])[H:21])([H:11])[C:2](=[O:1])[O:3][H:10])([H:12])[H:13])([H:14])[H:15])[H:17],30.0,4.0
1,0.6361,AM1BCC,AmberTools,,,C,,2,[H:16][C:7]1([C:6]([C:5]([C:4]([C:9]([C:8]1([H:18])[H:19])([H:20])[H:21])([H:11])[C:2](=[O:1])[O:3][H:10])([H:12])[H:13])([H:14])[H:15])[H:17],30.0,4.0
2,-0.6111,AM1BCC,AmberTools,,,O,,3,[H:16][C:7]1([C:6]([C:5]([C:4]([C:9]([C:8]1([H:18])[H:19])([H:20])[H:21])([H:11])[C:2](=[O:1])[O:3][H:10])([H:12])[H:13])([H:14])[H:15])[H:17],30.0,4.0
3,-0.1037,AM1BCC,AmberTools,,,C,,4,[H:16][C:7]1([C:6]([C:5]([C:4]([C:9]([C:8]1([H:18])[H:19])([H:20])[H:21])([H:11])[C:2](=[O:1])[O:3][H:10])([H:12])[H:13])([H:14])[H:15])[H:17],30.0,4.0
4,-0.0719,AM1BCC,AmberTools,,,C,,5,[H:16][C:7]1([C:6]([C:5]([C:4]([C:9]([C:8]1([H:18])[H:19])([H:20])[H:21])([H:11])[C:2](=[O:1])[O:3][H:10])([H:12])[H:13])([H:14])[H:15])[H:17],30.0,4.0
5,-0.0784,AM1BCC,AmberTools,,,C,,6,[H:16][C:7]1([C:6]([C:5]([C:4]([C:9]([C:8]1([H:18])[H:19])([H:20])[H:21])([H:11])[C:2](=[O:1])[O:3][H:10])([H:12])[H:13])([H:14])[H:15])[H:17],30.0,4.0
6,-0.0774,AM1BCC,AmberTools,,,C,,7,[H:16][C:7]1([C:6]([C:5]([C:4]([C:9]([C:8]1([H:18])[H:19])([H:20])[H:21])([H:11])[C:2](=[O:1])[O:3][H:10])([H:12])[H:13])([H:14])[H:15])[H:17],30.0,4.0
7,-0.0784,AM1BCC,AmberTools,,,C,,8,[H:16][C:7]1([C:6]([C:5]([C:4]([C:9]([C:8]1([H:18])[H:19])([H:20])[H:21])([H:11])[C:2](=[O:1])[O:3][H:10])([H:12])[H:13])([H:14])[H:15])[H:17],30.0,4.0
8,-0.0719,AM1BCC,AmberTools,,,C,,9,[H:16][C:7]1([C:6]([C:5]([C:4]([C:9]([C:8]1([H:18])[H:19])([H:20])[H:21])([H:11])[C:2](=[O:1])[O:3][H:10])([H:12])[H:13])([H:14])[H:15])[H:17],30.0,4.0
9,0.442,AM1BCC,AmberTools,,,H,,10,[H:16][C:7]1([C:6]([C:5]([C:4]([C:9]([C:8]1([H:18])[H:19])([H:20])[H:21])([H:11])[C:2](=[O:1])[O:3][H:10])([H:12])[H:13])([H:14])[H:15])[H:17],30.0,4.0
10,0.0807,AM1BCC,AmberTools,,,H,,11,[H:16][C:7]1([C:6]([C:5]([C:4]([C:9]([C:8]1([H:18])[H:19])([H:20])[H:21])([H:11])[C:2](=[O:1])[O:3][H:10])([H:12])[H:13])([H:14])[H:15])[H:17],30.0,4.0
11,0.05445,AM1BCC,AmberTools,,,H,,12,[H:16][C:7]1([C:6]([C:5]([C:4]([C:9]([C:8]1([H:18])[H:19])([H:20])[H:21])([H:11])[C:2](=[O:1])[O:3][H:10])([H:12])[H:13])([H:14])[H:15])[H:17],30.0,4.0
12,0.05445,AM1BCC,AmberTools,,,H,,13,[H:16][C:7]1([C:6]([C:5]([C:4]([C:9]([C:8]1([H:18])[H:19])([H:20])[H:21])([H:11])[C:2](=[O:1])[O:3][H:10])([H:12])[H:13])([H:14])[H:15])[H:17],30.0,4.0
13,0.0462,AM1BCC,AmberTools,,,H,,14,[H:16][C:7]1([C:6]([C:5]([C:4]([C:9]([C:8]1([H:18])[H:19])([H:20])[H:21])([H:11])[C:2](=[O:1])[O:3][H:10])([H:12])[H:13])([H:14])[H:15])[H:17],30.0,4.0
14,0.0462,AM1BCC,AmberTools,,,H,,15,[H:16][C:7]1([C:6]([C:5]([C:4]([C:9]([C:8]1([H:18])[H:19])([H:20])[H:21])([H:11])[C:2](=[O:1])[O:3][H:10])([H:12])[H:13])([H:14])[H:15])[H:17],30.0,4.0
15,0.0412,AM1BCC,AmberTools,,,H,,16,[H:16][C:7]1([C:6]([C:5]([C:4]([C:9]([C:8]1([H:18])[H:19])([H:20])[H:21])([H:11])[C:2](=[O:1])[O:3][H:10])([H:12])[H:13])([H:14])[H:15])[H:17],30.0,4.0
16,0.0412,AM1BCC,AmberTools,,,H,,17,[H:16][C:7]1([C:6]([C:5]([C:4]([C:9]([C:8]1([H:18])[H:19])([H:20])[H:21])([H:11])[C:2](=[O:1])[O:3][H:10])([H:12])[H:13])([H:14])[H:15])[H:17],30.0,4.0
17,0.0462,AM1BCC,AmberTools,,,H,,18,[H:16][C:7]1([C:6]([C:5]([C:4]([C:9]([C:8]1([H:18])[H:19])([H:20])[H:21])([H:11])[C:2](=[O:1])[O:3][H:10])([H:12])[H:13])([H:14])[H:15])[H:17],30.0,4.0
18,0.0462,AM1BCC,AmberTools,,,H,,19,[H:16][C:7]1([C:6]([C:5]([C:4]([C:9]([C:8]1([H:18])[H:19])([H:20])[H:21])([H:11])[C:2](=[O:1])[O:3][H:10])([H:12])[H:13])([H:14])[H:15])[H:17],30.0,4.0
19,0.05445,AM1BCC,AmberTools,,,H,,20,[H:16][C:7]1([C:6]([C:5]([C:4]([C:9]([C:8]1([H:18])[H:19])([H:20])[H:21])([H:11])[C:2](=[O:1])[O:3][H:10])([H:12])[H:13])([H:14])[H:15])[H:17],30.0,4.0
20,0.05445,AM1BCC,AmberTools,,,H,,21,[H:16][C:7]1([C:6]([C:5]([C:4]([C:9]([C:8]1([H:18])[H:19])([H:20])[H:21])([H:11])[C:2](=[O:1])[O:3][H:10])([H:12])[H:13])([H:14])[H:15])[H:17],30.0,4.0
0,-0.556590022785323,AM1BCC,OpenEye,,,O,,1,[H:16][C:7]1([C:6]([C:5]([C:4]([C:9]([C:8]1([H:18])[H:19])([H:20])[H:21])([H:11])[C:2](=[O:1])[O:3][H:10])([H:12])[H:13])([H:14])[H:15])[H:17],30.0,5.0
1,0.6353800275496074,AM1BCC,OpenEye,,,C,,2,[H:16][C:7]1([C:6]([C:5]([C:4]([C:9]([C:8]1([H:18])[H:19])([H:20])[H:21])([H:11])[C:2](=[O:1])[O:3][H:10])([H:12])[H:13])([H:14])[H:15])[H:17],30.0,5.0
2,-0.6029899737664631,AM1BCC,OpenEye,,,O,,3,[H:16][C:7]1([C:6]([C:5]([C:4]([C:9]([C:8]1([H:18])[H:19])([H:20])[H:21])([H:11])[C:2](=[O:1])[O:3][H:10])([H:12])[H:13])([H:14])[H:15])[H:17],30.0,5.0
3,-0.10013000134910856,AM1BCC,OpenEye,,,C,,4,[H:16][C:7]1([C:6]([C:5]([C:4]([C:9]([C:8]1([H:18])[H:19])([H:20])[H:21])([H:11])[C:2](=[O:1])[O:3][H:10])([H:12])[H:13])([H:14])[H:15])[H:17],30.0,5.0
4,-0.07498999897922788,AM1BCC,OpenEye,,,C,,5,[H:16][C:7]1([C:6]([C:5]([C:4]([C:9]([C:8]1([H:18])[H:19])([H:20])[H:21])([H:11])[C:2](=[O:1])[O:3][H:10])([H:12])[H:13])([H:14])[H:15])[H:17],30.0,5.0
5,-0.07748000536646162,AM1BCC,OpenEye,,,C,,6,[H:16][C:7]1([C:6]([C:5]([C:4]([C:9]([C:8]1([H:18])[H:19])([H:20])[H:21])([H:11])[C:2](=[O:1])[O:3][H:10])([H:12])[H:13])([H:14])[H:15])[H:17],30.0,5.0
6,-0.08507000122751508,AM1BCC,OpenEye,,,C,,7,[H:16][C:7]1([C:6]([C:5]([C:4]([C:9]([C:8]1([H:18])[H:19])([H:20])[H:21])([H:11])[C:2](=[O:1])[O:3][H:10])([H:12])[H:13])([H:14])[H:15])[H:17],30.0,5.0
7,-0.07748000536646162,AM1BCC,OpenEye,,,C,,8,[H:16][C:7]1([C:6]([C:5]([C:4]([C:9]([C:8]1([H:18])[H:19])([H:20])[H:21])([H:11])[C:2](=[O:1])[O:3][H:10])([H:12])[H:13])([H:14])[H:15])[H:17],30.0,5.0
8,-0.07498999897922788,AM1BCC,OpenEye,,,C,,9,[H:16][C:7]1([C:6]([C:5]([C:4]([C:9]([C:8]1([H:18])[H:19])([H:20])[H:21])([H:11])[C:2](=[O:1])[O:3][H:10])([H:12])[H:13])([H:14])[H:15])[H:17],30.0,5.0
9,0.44273999120507923,AM1BCC,OpenEye,,,H,,10,[H:16][C:7]1([C:6]([C:5]([C:4]([C:9]([C:8]1([H:18])[H:19])([H:20])[H:21])([H:11])[C:2](=[O:1])[O:3][H:10])([H:12])[H:13])([H:14])[H:15])[H:17],30.0,5.0
10,0.07907999839101519,AM1BCC,OpenEye,,,H,,11,[H:16][C:7]1([C:6]([C:5]([C:4]([C:9]([C:8]1([H:18])[H:19])([H:20])[H:21])([H:11])[C:2](=[O:1])[O:3][H:10])([H:12])[H:13])([H:14])[H:15])[H:17],30.0,5.0
11,0.05639999892030444,AM1BCC,OpenEye,,,H,,12,[H:16][C:7]1([C:6]([C:5]([C:4]([C:9]([C:8]1([H:18])[H:19])([H:20])[H:21])([H:11])[C:2](=[O:1])[O:3][H:10])([H:12])[H:13])([H:14])[H:15])[H:17],30.0,5.0
12,0.05639999892030444,AM1BCC,OpenEye,,,H,,13,[H:16][C:7]1([C:6]([C:5]([C:4]([C:9]([C:8]1([H:18])[H:19])([H:20])[H:21])([H:11])[C:2](=[O:1])[O:3][H:10])([H:12])[H:13])([H:14])[H:15])[H:17],30.0,5.0
13,0.042269998895270486,AM1BCC,OpenEye,,,H,,14,[H:16][C:7]1([C:6]([C:5]([C:4]([C:9]([C:8]1([H:18])[H:19])([H:20])[H:21])([H:11])[C:2](=[O:1])[O:3][H:10])([H:12])[H:13])([H:14])[H:15])[H:17],30.0,5.0
14,0.042269998895270486,AM1BCC,OpenEye,,,H,,15,[H:16][C:7]1([C:6]([C:5]([C:4]([C:9]([C:8]1([H:18])[H:19])([H:20])[H:21])([H:11])[C:2](=[O:1])[O:3][H:10])([H:12])[H:13])([H:14])[H:15])[H:17],30.0,5.0
15,0.048919999705893655,AM1BCC,OpenEye,,,H,,16,[H:16][C:7]1([C:6]([C:5]([C:4]([C:9]([C:8]1([H:18])[H:19])([H:20])[H:21])([H:11])[C:2](=[O:1])[O:3][H:10])([H:12])[H:13])([H:14])[H:15])[H:17],30.0,5.0
16,0.048919999705893655,AM1BCC,OpenEye,,,H,,17,[H:16][C:7]1([C:6]([C:5]([C:4]([C:9]([C:8]1([H:18])[H:19])([H:20])[H:21])([H:11])[C:2](=[O:1])[O:3][H:10])([H:12])[H:13])([H:14])[H:15])[H:17],30.0,5.0
17,0.042269998895270486,AM1BCC,OpenEye,,,H,,18,[H:16][C:7]1([C:6]([C:5]([C:4]([C:9]([C:8]1([H:18])[H:19])([H:20])[H:21])([H:11])[C:2](=[O:1])[O:3][H:10])([H:12])[H:13])([H:14])[H:15])[H:17],30.0,5.0
18,0.042269998895270486,AM1BCC,OpenEye,,,H,,19,[H:16][C:7]1([C:6]([C:5]([C:4]([C:9]([C:8]1([H:18])[H:19])([H:20])[H:21])([H:11])[C:2](=[O:1])[O:3][H:10])([H:12])[H:13])([H:14])[H:15])[H:17],30.0,5.0
19,0.05639999892030444,AM1BCC,OpenEye,,,H,,20,[H:16][C:7]1([C:6]([C:5]([C:4]([C:9]([C:8]1([H:18])[H:19])([H:20])[H:21])([H:11])[C:2](=[O:1])[O:3][H:10])([H:12])[H:13])([H:14])[H:15])[H:17],30.0,5.0
20,0.05639999892030444,AM1BCC,OpenEye,,,H,,21,[H:16][C:7]1([C:6]([C:5]([C:4]([C:9]([C:8]1([H:18])[H:19])([H:20])[H:21])([H:11])[C:2](=[O:1])[O:3][H:10])([H:12])[H:13])([H:14])[H:15])[H:17],30.0,5.0
0,-0.551,AM1BCC,AmberTools,,,O,,1,[H:16][C:7]1([C:6]([C:5]([C:4]([C:9]([C:8]1([H:18])[H:19])([H:20])[H:21])([H:11])[C:2](=[O:1])[O:3][H:10])([H:12])[H:13])([H:14])[H:15])[H:17],30.0,5.0
1,0.6361,AM1BCC,AmberTools,,,C,,2,[H:16][C:7]1([C:6]([C:5]([C:4]([C:9]([C:8]1([H:18])[H:19])([H:20])[H:21])([H:11])[C:2](=[O:1])[O:3][H:10])([H:12])[H:13])([H:14])[H:15])[H:17],30.0,5.0
2,-0.6111,AM1BCC,AmberTools,,,O,,3,[H:16][C:7]1([C:6]([C:5]([C:4]([C:9]([C:8]1([H:18])[H:19])([H:20])[H:21])([H:11])[C:2](=[O:1])[O:3][H:10])([H:12])[H:13])([H:14])[H:15])[H:17],30.0,5.0
3,-0.1037,AM1BCC,AmberTools,,,C,,4,[H:16][C:7]1([C:6]([C:5]([C:4]([C:9]([C:8]1([H:18])[H:19])([H:20])[H:21])([H:11])[C:2](=[O:1])[O:3][H:10])([H:12])[H:13])([H:14])[H:15])[H:17],30.0,5.0
4,-0.0719,AM1BCC,AmberTools,,,C,,5,[H:16][C:7]1([C:6]([C:5]([C:4]([C:9]([C:8]1([H:18])[H:19])([H:20])[H:21])([H:11])[C:2](=[O:1])[O:3][H:10])([H:12])[H:13])([H:14])[H:15])[H:17],30.0,5.0
5,-0.0784,AM1BCC,AmberTools,,,C,,6,[H:16][C:7]1([C:6]([C:5]([C:4]([C:9]([C:8]1([H:18])[H:19])([H:20])[H:21])([H:11])[C:2](=[O:1])[O:3][H:10])([H:12])[H:13])([H:14])[H:15])[H:17],30.0,5.0
6,-0.0774,AM1BCC,AmberTools,,,C,,7,[H:16][C:7]1([C:6]([C:5]([C:4]([C:9]([C:8]1([H:18])[H:19])([H:20])[H:21])([H:11])[C:2](=[O:1])[O:3][H:10])([H:12])[H:13])([H:14])[H:15])[H:17],30.0,5.0
7,-0.0784,AM1BCC,AmberTools,,,C,,8,[H:16][C:7]1([C:6]([C:5]([C:4]([C:9]([C:8]1([H:18])[H:19])([H:20])[H:21])([H:11])[C:2](=[O:1])[O:3][H:10])([H:12])[H:13])([H:14])[H:15])[H:17],30.0,5.0
8,-0.0719,AM1BCC,AmberTools,,,C,,9,[H:16][C:7]1([C:6]([C:5]([C:4]([C:9]([C:8]1([H:18])[H:19])([H:20])[H:21])([H:11])[C:2](=[O:1])[O:3][H:10])([H:12])[H:13])([H:14])[H:15])[H:17],30.0,5.0
9,0.442,AM1BCC,AmberTools,,,H,,10,[H:16][C:7]1([C:6]([C:5]([C:4]([C:9]([C:8]1([H:18])[H:19])([H:20])[H:21])([H:11])[C:2](=[O:1])[O:3][H:10])([H:12])[H:13])([H:14])[H:15])[H:17],30.0,5.0
10,0.0807,AM1BCC,AmberTools,,,H,,11,[H:16][C:7]1([C:6]([C:5]([C:4]([C:9]([C:8]1([H:18])[H:19])([H:20])[H:21])([H:11])[C:2](=[O:1])[O:3][H:10])([H:12])[H:13])([H:14])[H:15])[H:17],30.0,5.0
11,0.05445,AM1BCC,AmberTools,,,H,,12,[H:16][C:7]1([C:6]([C:5]([C:4]([C:9]([C:8]1([H:18])[H:19])([H:20])[H:21])([H:11])[C:2](=[O:1])[O:3][H:10])([H:12])[H:13])([H:14])[H:15])[H:17],30.0,5.0
12,0.05445,AM1BCC,AmberTools,,,H,,13,[H:16][C:7]1([C:6]([C:5]([C:4]([C:9]([C:8]1([H:18])[H:19])([H:20])[H:21])([H:11])[C:2](=[O:1])[O:3][H:10])([H:12])[H:13])([H:14])[H:15])[H:17],30.0,5.0
13,0.0462,AM1BCC,AmberTools,,,H,,14,[H:16][C:7]1([C:6]([C:5]([C:4]([C:9]([C:8]1([H:18])[H:19])([H:20])[H:21])([H:11])[C:2](=[O:1])[O:3][H:10])([H:12])[H:13])([H:14])[H:15])[H:17],30.0,5.0
14,0.0462,AM1BCC,AmberTools,,,H,,15,[H:16][C:7]1([C:6]([C:5]([C:4]([C:9]([C:8]1([H:18])[H:19])([H:20])[H:21])([H:11])[C:2](=[O:1])[O:3][H:10])([H:12])[H:13])([H:14])[H:15])[H:17],30.0,5.0
15,0.0412,AM1BCC,AmberTools,,,H,,16,[H:16][C:7]1([C:6]([C:5]([C:4]([C:9]([C:8]1([H:18])[H:19])([H:20])[H:21])([H:11])[C:2](=[O:1])[O:3][H:10])([H:12])[H:13])([H:14])[H:15])[H:17],30.0,5.0
16,0.0412,AM1BCC,AmberTools,,,H,,17,[H:16][C:7]1([C:6]([C:5]([C:4]([C:9]([C:8]1([H:18])[H:19])([H:20])[H:21])([H:11])[C:2](=[O:1])[O:3][H:10])([H:12])[H:13])([H:14])[H:15])[H:17],30.0,5.0
17,0.0462,AM1BCC,AmberTools,,,H,,18,[H:16][C:7]1([C:6]([C:5]([C:4]([C:9]([C:8]1([H:18])[H:19])([H:20])[H:21])([H:11])[C:2](=[O:1])[O:3][H:10])([H:12])[H:13])([H:14])[H:15])[H:17],30.0,5.0
18,0.0462,AM1BCC,AmberTools,,,H,,19,[H:16][C:7]1([C:6]([C:5]([C:4]([C:9]([C:8]1([H:18])[H:19])([H:20])[H:21])([H:11])[C:2](=[O:1])[O:3][H:10])([H:12])[H:13])([H:14])[H:15])[H:17],30.0,5.0
19,0.05445,AM1BCC,AmberTools,,,H,,20,[H:16][C:7]1([C:6]([C:5]([C:4]([C:9]([C:8]1([H:18])[H:19])([H:20])[H:21])([H:11])[C:2](=[O:1])[O:3][H:10])([H:12])[H:13])([H:14])[H:15])[H:17],30.0,5.0
20,0.05445,AM1BCC,AmberTools,,,H,,21,[H:16][C:7]1([C:6]([C:5]([C:4]([C:9]([C:8]1([H:18])[H:19])([H:20])[H:21])([H:11])[C:2](=[O:1])[O:3][H:10])([H:12])[H:13])([H:14])[H:15])[H:17],30.0,5.0
0,-0.556590022785323,AM1BCC,OpenEye,,,O,,1,[H:16][C:7]1([C:6]([C:5]([C:4]([C:9]([C:8]1([H:18])[H:19])([H:20])[H:21])([H:11])[C:2](=[O:1])[O:3][H:10])([H:12])[H:13])([H:14])[H:15])[H:17],30.0,6.0
1,0.6353800275496074,AM1BCC,OpenEye,,,C,,2,[H:16][C:7]1([C:6]([C:5]([C:4]([C:9]([C:8]1([H:18])[H:19])([H:20])[H:21])([H:11])[C:2](=[O:1])[O:3][H:10])([H:12])[H:13])([H:14])[H:15])[H:17],30.0,6.0
2,-0.6029899737664631,AM1BCC,OpenEye,,,O,,3,[H:16][C:7]1([C:6]([C:5]([C:4]([C:9]([C:8]1([H:18])[H:19])([H:20])[H:21])([H:11])[C:2](=[O:1])[O:3][H:10])([H:12])[H:13])([H:14])[H:15])[H:17],30.0,6.0
3,-0.10013000134910856,AM1BCC,OpenEye,,,C,,4,[H:16][C:7]1([C:6]([C:5]([C:4]([C:9]([C:8]1([H:18])[H:19])([H:20])[H:21])([H:11])[C:2](=[O:1])[O:3][H:10])([H:12])[H:13])([H:14])[H:15])[H:17],30.0,6.0
4,-0.07498999897922788,AM1BCC,OpenEye,,,C,,5,[H:16][C:7]1([C:6]([C:5]([C:4]([C:9]([C:8]1([H:18])[H:19])([H:20])[H:21])([H:11])[C:2](=[O:1])[O:3][H:10])([H:12])[H:13])([H:14])[H:15])[H:17],30.0,6.0
5,-0.07748000536646162,AM1BCC,OpenEye,,,C,,6,[H:16][C:7]1([C:6]([C:5]([C:4]([C:9]([C:8]1([H:18])[H:19])([H:20])[H:21])([H:11])[C:2](=[O:1])[O:3][H:10])([H:12])[H:13])([H:14])[H:15])[H:17],30.0,6.0
6,-0.08507000122751508,AM1BCC,OpenEye,,,C,,7,[H:16][C:7]1([C:6]([C:5]([C:4]([C:9]([C:8]1([H:18])[H:19])([H:20])[H:21])([H:11])[C:2](=[O:1])[O:3][H:10])([H:12])[H:13])([H:14])[H:15])[H:17],30.0,6.0
7,-0.07748000536646162,AM1BCC,OpenEye,,,C,,8,[H:16][C:7]1([C:6]([C:5]([C:4]([C:9]([C:8]1([H:18])[H:19])([H:20])[H:21])([H:11])[C:2](=[O:1])[O:3][H:10])([H:12])[H:13])([H:14])[H:15])[H:17],30.0,6.0
8,-0.07498999897922788,AM1BCC,OpenEye,,,C,,9,[H:16][C:7]1([C:6]([C:5]([C:4]([C:9]([C:8]1([H:18])[H:19])([H:20])[H:21])([H:11])[C:2](=[O:1])[O:3][H:10])([H:12])[H:13])([H:14])[H:15])[H:17],30.0,6.0
9,0.44273999120507923,AM1BCC,OpenEye,,,H,,10,[H:16][C:7]1([C:6]([C:5]([C:4]([C:9]([C:8]1([H:18])[H:19])([H:20])[H:21])([H:11])[C:2](=[O:1])[O:3][H:10])([H:12])[H:13])([H:14])[H:15])[H:17],30.0,6.0
10,0.07907999839101519,AM1BCC,OpenEye,,,H,,11,[H:16][C:7]1([C:6]([C:5]([C:4]([C:9]([C:8]1([H:18])[H:19])([H:20])[H:21])([H:11])[C:2](=[O:1])[O:3][H:10])([H:12])[H:13])([H:14])[H:15])[H:17],30.0,6.0
11,0.05639999892030444,AM1BCC,OpenEye,,,H,,12,[H:16][C:7]1([C:6]([C:5]([C:4]([C:9]([C:8]1([H:18])[H:19])([H:20])[H:21])([H:11])[C:2](=[O:1])[O:3][H:10])([H:12])[H:13])([H:14])[H:15])[H:17],30.0,6.0
12,0.05639999892030444,AM1BCC,OpenEye,,,H,,13,[H:16][C:7]1([C:6]([C:5]([C:4]([C:9]([C:8]1([H:18])[H:19])([H:20])[H:21])([H:11])[C:2](=[O:1])[O:3][H:10])([H:12])[H:13])([H:14])[H:15])[H:17],30.0,6.0
13,0.042269998895270486,AM1BCC,OpenEye,,,H,,14,[H:16][C:7]1([C:6]([C:5]([C:4]([C:9]([C:8]1([H:18])[H:19])([H:20])[H:21])([H:11])[C:2](=[O:1])[O:3][H:10])([H:12])[H:13])([H:14])[H:15])[H:17],30.0,6.0
14,0.042269998895270486,AM1BCC,OpenEye,,,H,,15,[H:16][C:7]1([C:6]([C:5]([C:4]([C:9]([C:8]1([H:18])[H:19])([H:20])[H:21])([H:11])[C:2](=[O:1])[O:3][H:10])([H:12])[H:13])([H:14])[H:15])[H:17],30.0,6.0
15,0.048919999705893655,AM1BCC,OpenEye,,,H,,16,[H:16][C:7]1([C:6]([C:5]([C:4]([C:9]([C:8]1([H:18])[H:19])([H:20])[H:21])([H:11])[C:2](=[O:1])[O:3][H:10])([H:12])[H:13])([H:14])[H:15])[H:17],30.0,6.0
16,0.048919999705893655,AM1BCC,OpenEye,,,H,,17,[H:16][C:7]1([C:6]([C:5]([C:4]([C:9]([C:8]1([H:18])[H:19])([H:20])[H:21])([H:11])[C:2](=[O:1])[O:3][H:10])([H:12])[H:13])([H:14])[H:15])[H:17],30.0,6.0
17,0.042269998895270486,AM1BCC,OpenEye,,,H,,18,[H:16][C:7]1([C:6]([C:5]([C:4]([C:9]([C:8]1([H:18])[H:19])([H:20])[H:21])([H:11])[C:2](=[O:1])[O:3][H:10])([H:12])[H:13])([H:14])[H:15])[H:17],30.0,6.0
18,0.042269998895270486,AM1BCC,OpenEye,,,H,,19,[H:16][C:7]1([C:6]([C:5]([C:4]([C:9]([C:8]1([H:18])[H:19])([H:20])[H:21])([H:11])[C:2](=[O:1])[O:3][H:10])([H:12])[H:13])([H:14])[H:15])[H:17],30.0,6.0
19,0.05639999892030444,AM1BCC,OpenEye,,,H,,20,[H:16][C:7]1([C:6]([C:5]([C:4]([C:9]([C:8]1([H:18])[H:19])([H:20])[H:21])([H:11])[C:2](=[O:1])[O:3][H:10])([H:12])[H:13])([H:14])[H:15])[H:17],30.0,6.0
20,0.05639999892030444,AM1BCC,OpenEye,,,H,,21,[H:16][C:7]1([C:6]([C:5]([C:4]([C:9]([C:8]1([H:18])[H:19])([H:20])[H:21])([H:11])[C:2](=[O:1])[O:3][H:10])([H:12])[H:13])([H:14])[H:15])[H:17],30.0,6.0
0,-0.551,AM1BCC,AmberTools,,,O,,1,[H:16][C:7]1([C:6]([C:5]([C:4]([C:9]([C:8]1([H:18])[H:19])([H:20])[H:21])([H:11])[C:2](=[O:1])[O:3][H:10])([H:12])[H:13])([H:14])[H:15])[H:17],30.0,6.0
1,0.6361,AM1BCC,AmberTools,,,C,,2,[H:16][C:7]1([C:6]([C:5]([C:4]([C:9]([C:8]1([H:18])[H:19])([H:20])[H:21])([H:11])[C:2](=[O:1])[O:3][H:10])([H:12])[H:13])([H:14])[H:15])[H:17],30.0,6.0
2,-0.6111,AM1BCC,AmberTools,,,O,,3,[H:16][C:7]1([C:6]([C:5]([C:4]([C:9]([C:8]1([H:18])[H:19])([H:20])[H:21])([H:11])[C:2](=[O:1])[O:3][H:10])([H:12])[H:13])([H:14])[H:15])[H:17],30.0,6.0
3,-0.1037,AM1BCC,AmberTools,,,C,,4,[H:16][C:7]1([C:6]([C:5]([C:4]([C:9]([C:8]1([H:18])[H:19])([H:20])[H:21])([H:11])[C:2](=[O:1])[O:3][H:10])([H:12])[H:13])([H:14])[H:15])[H:17],30.0,6.0
4,-0.0719,AM1BCC,AmberTools,,,C,,5,[H:16][C:7]1([C:6]([C:5]([C:4]([C:9]([C:8]1([H:18])[H:19])([H:20])[H:21])([H:11])[C:2](=[O:1])[O:3][H:10])([H:12])[H:13])([H:14])[H:15])[H:17],30.0,6.0
5,-0.0784,AM1BCC,AmberTools,,,C,,6,[H:16][C:7]1([C:6]([C:5]([C:4]([C:9]([C:8]1([H:18])[H:19])([H:20])[H:21])([H:11])[C:2](=[O:1])[O:3][H:10])([H:12])[H:13])([H:14])[H:15])[H:17],30.0,6.0
6,-0.0774,AM1BCC,AmberTools,,,C,,7,[H:16][C:7]1([C:6]([C:5]([C:4]([C:9]([C:8]1([H:18])[H:19])([H:20])[H:21])([H:11])[C:2](=[O:1])[O:3][H:10])([H:12])[H:13])([H:14])[H:15])[H:17],30.0,6.0
7,-0.0784,AM1BCC,AmberTools,,,C,,8,[H:16][C:7]1([C:6]([C:5]([C:4]([C:9]([C:8]1([H:18])[H:19])([H:20])[H:21])([H:11])[C:2](=[O:1])[O:3][H:10])([H:12])[H:13])([H:14])[H:15])[H:17],30.0,6.0
8,-0.0719,AM1BCC,AmberTools,,,C,,9,[H:16][C:7]1([C:6]([C:5]([C:4]([C:9]([C:8]1([H:18])[H:19])([H:20])[H:21])([H:11])[C:2](=[O:1])[O:3][H:10])([H:12])[H:13])([H:14])[H:15])[H:17],30.0,6.0
9,0.442,AM1BCC,AmberTools,,,H,,10,[H:16][C:7]1([C:6]([C:5]([C:4]([C:9]([C:8]1([H:18])[H:19])([H:20])[H:21])([H:11])[C:2](=[O:1])[O:3][H:10])([H:12])[H:13])([H:14])[H:15])[H:17],30.0,6.0
10,0.0807,AM1BCC,AmberTools,,,H,,11,[H:16][C:7]1([C:6]([C:5]([C:4]([C:9]([C:8]1([H:18])[H:19])([H:20])[H:21])([H:11])[C:2](=[O:1])[O:3][H:10])([H:12])[H:13])([H:14])[H:15])[H:17],30.0,6.0
11,0.05445,AM1BCC,AmberTools,,,H,,12,[H:16][C:7]1([C:6]([C:5]([C:4]([C:9]([C:8]1([H:18])[H:19])([H:20])[H:21])([H:11])[C:2](=[O:1])[O:3][H:10])([H:12])[H:13])([H:14])[H:15])[H:17],30.0,6.0
12,0.05445,AM1BCC,AmberTools,,,H,,13,[H:16][C:7]1([C:6]([C:5]([C:4]([C:9]([C:8]1([H:18])[H:19])([H:20])[H:21])([H:11])[C:2](=[O:1])[O:3][H:10])([H:12])[H:13])([H:14])[H:15])[H:17],30.0,6.0
13,0.0462,AM1BCC,AmberTools,,,H,,14,[H:16][C:7]1([C:6]([C:5]([C:4]([C:9]([C:8]1([H:18])[H:19])([H:20])[H:21])([H:11])[C:2](=[O:1])[O:3][H:10])([H:12])[H:13])([H:14])[H:15])[H:17],30.0,6.0
14,0.0462,AM1BCC,AmberTools,,,H,,15,[H:16][C:7]1([C:6]([C:5]([C:4]([C:9]([C:8]1([H:18])[H:19])([H:20])[H:21])([H:11])[C:2](=[O:1])[O:3][H:10])([H:12])[H:13])([H:14])[H:15])[H:17],30.0,6.0
15,0.0412,AM1BCC,AmberTools,,,H,,16,[H:16][C:7]1([C:6]([C:5]([C:4]([C:9]([C:8]1([H:18])[H:19])([H:20])[H:21])([H:11])[C:2](=[O:1])[O:3][H:10])([H:12])[H:13])([H:14])[H:15])[H:17],30.0,6.0
16,0.0412,AM1BCC,AmberTools,,,H,,17,[H:16][C:7]1([C:6]([C:5]([C:4]([C:9]([C:8]1([H:18])[H:19])([H:20])[H:21])([H:11])[C:2](=[O:1])[O:3][H:10])([H:12])[H:13])([H:14])[H:15])[H:17],30.0,6.0
17,0.0462,AM1BCC,AmberTools,,,H,,18,[H:16][C:7]1([C:6]([C:5]([C:4]([C:9]([C:8]1([H:18])[H:19])([H:20])[H:21])([H:11])[C:2](=[O:1])[O:3][H:10])([H:12])[H:13])([H:14])[H:15])[H:17],30.0,6.0
18,0.0462,AM1BCC,AmberTools,,,H,,19,[H:16][C:7]1([C:6]([C:5]([C:4]([C:9]([C:8]1([H:18])[H:19])([H:20])[H:21])([H:11])[C:2](=[O:1])[O:3][H:10])([H:12])[H:13])([H:14])[H:15])[H:17],30.0,6.0
19,0.05445,AM1BCC,AmberTools,,,H,,20,[H:16][C:7]1([C:6]([C:5]([C:4]([C:9]([C:8]1([H:18])[H:19])([H:20])[H:21])([H:11])[C:2](=[O:1])[O:3][H:10])([H:12])[H:13])([H:14])[H:15])[H:17],30.0,6.0
20,0.05445,AM1BCC,AmberTools,,,H,,21,[H:16][C:7]1([C:6]([C:5]([C:4]([C:9]([C:8]1([H:18])[H:19])([H:20])[H:21])([H:11])[C:2](=[O:1])[O:3][H:10])([H:12])[H:13])([H:14])[H:15])[H:17],30.0,6.0
0,-0.5565900224305335,AM1BCC,OpenEye,,,O,,1,[H:16][C:7]1([C:6]([C:5]([C:4]([C:9]([C:8]1([H:18])[H:19])([H:20])[H:21])([H:11])[C:2](=[O:1])[O:3][H:10])([H:12])[H:13])([H:14])[H:15])[H:17],30.0,7.0
1,0.635380027904397,AM1BCC,OpenEye,,,C,,2,[H:16][C:7]1([C:6]([C:5]([C:4]([C:9]([C:8]1([H:18])[H:19])([H:20])[H:21])([H:11])[C:2](=[O:1])[O:3][H:10])([H:12])[H:13])([H:14])[H:15])[H:17],30.0,7.0
2,-0.6029899734116736,AM1BCC,OpenEye,,,O,,3,[H:16][C:7]1([C:6]([C:5]([C:4]([C:9]([C:8]1([H:18])[H:19])([H:20])[H:21])([H:11])[C:2](=[O:1])[O:3][H:10])([H:12])[H:13])([H:14])[H:15])[H:17],30.0,7.0
3,-0.10013000099431901,AM1BCC,OpenEye,,,C,,4,[H:16][C:7]1([C:6]([C:5]([C:4]([C:9]([C:8]1([H:18])[H:19])([H:20])[H:21])([H:11])[C:2](=[O:1])[O:3][H:10])([H:12])[H:13])([H:14])[H:15])[H:17],30.0,7.0
4,-0.07498999862443834,AM1BCC,OpenEye,,,C,,5,[H:16][C:7]1([C:6]([C:5]([C:4]([C:9]([C:8]1([H:18])[H:19])([H:20])[H:21])([H:11])[C:2](=[O:1])[O:3][H:10])([H:12])[H:13])([H:14])[H:15])[H:17],30.0,7.0
5,-0.07748000501167207,AM1BCC,OpenEye,,,C,,6,[H:16][C:7]1([C:6]([C:5]([C:4]([C:9]([C:8]1([H:18])[H:19])([H:20])[H:21])([H:11])[C:2](=[O:1])[O:3][H:10])([H:12])[H:13])([H:14])[H:15])[H:17],30.0,7.0
6,-0.0850500035144034,AM1BCC,OpenEye,,,C,,7,[H:16][C:7]1([C:6]([C:5]([C:4]([C:9]([C:8]1([H:18])[H:19])([H:20])[H:21])([H:11])[C:2](=[O:1])[O:3][H:10])([H:12])[H:13])([H:14])[H:15])[H:17],30.0,7.0
7,-0.07748000501167207,AM1BCC,OpenEye,,,C,,8,[H:16][C:7]1([C:6]([C:5]([C:4]([C:9]([C:8]1([H:18])[H:19])([H:20])[H:21])([H:11])[C:2](=[O:1])[O:3][H:10])([H:12])[H:13])([H:14])[H:15])[H:17],30.0,7.0
8,-0.07498999862443834,AM1BCC,OpenEye,,,C,,9,[H:16][C:7]1([C:6]([C:5]([C:4]([C:9]([C:8]1([H:18])[H:19])([H:20])[H:21])([H:11])[C:2](=[O:1])[O:3][H:10])([H:12])[H:13])([H:14])[H:15])[H:17],30.0,7.0
9,0.44273999155986876,AM1BCC,OpenEye,,,H,,10,[H:16][C:7]1([C:6]([C:5]([C:4]([C:9]([C:8]1([H:18])[H:19])([H:20])[H:21])([H:11])[C:2](=[O:1])[O:3][H:10])([H:12])[H:13])([H:14])[H:15])[H:17],30.0,7.0
10,0.07907999874580474,AM1BCC,OpenEye,,,H,,11,[H:16][C:7]1([C:6]([C:5]([C:4]([C:9]([C:8]1([H:18])[H:19])([H:20])[H:21])([H:11])[C:2](=[O:1])[O:3][H:10])([H:12])[H:13])([H:14])[H:15])[H:17],30.0,7.0
11,0.05639999927509399,AM1BCC,OpenEye,,,H,,12,[H:16][C:7]1([C:6]([C:5]([C:4]([C:9]([C:8]1([H:18])[H:19])([H:20])[H:21])([H:11])[C:2](=[O:1])[O:3][H:10])([H:12])[H:13])([H:14])[H:15])[H:17],30.0,7.0
12,0.05639999927509399,AM1BCC,OpenEye,,,H,,13,[H:16][C:7]1([C:6]([C:5]([C:4]([C:9]([C:8]1([H:18])[H:19])([H:20])[H:21])([H:11])[C:2](=[O:1])[O:3][H:10])([H:12])[H:13])([H:14])[H:15])[H:17],30.0,7.0
13,0.04226999925006004,AM1BCC,OpenEye,,,H,,14,[H:16][C:7]1([C:6]([C:5]([C:4]([C:9]([C:8]1([H:18])[H:19])([H:20])[H:21])([H:11])[C:2](=[O:1])[O:3][H:10])([H:12])[H:13])([H:14])[H:15])[H:17],30.0,7.0
14,0.04226999925006004,AM1BCC,OpenEye,,,H,,15,[H:16][C:7]1([C:6]([C:5]([C:4]([C:9]([C:8]1([H:18])[H:19])([H:20])[H:21])([H:11])[C:2](=[O:1])[O:3][H:10])([H:12])[H:13])([H:14])[H:15])[H:17],30.0,7.0
15,0.048909997656231836,AM1BCC,OpenEye,,,H,,16,[H:16][C:7]1([C:6]([C:5]([C:4]([C:9]([C:8]1([H:18])[H:19])([H:20])[H:21])([H:11])[C:2](=[O:1])[O:3][H:10])([H:12])[H:13])([H:14])[H:15])[H:17],30.0,7.0
16,0.048909997656231836,AM1BCC,OpenEye,,,H,,17,[H:16][C:7]1([C:6]([C:5]([C:4]([C:9]([C:8]1([H:18])[H:19])([H:20])[H:21])([H:11])[C:2](=[O:1])[O:3][H:10])([H:12])[H:13])([H:14])[H:15])[H:17],30.0,7.0
17,0.04226999925006004,AM1BCC,OpenEye,,,H,,18,[H:16][C:7]1([C:6]([C:5]([C:4]([C:9]([C:8]1([H:18])[H:19])([H:20])[H:21])([H:11])[C:2](=[O:1])[O:3][H:10])([H:12])[H:13])([H:14])[H:15])[H:17],30.0,7.0
18,0.04226999925006004,AM1BCC,OpenEye,,,H,,19,[H:16][C:7]1([C:6]([C:5]([C:4]([C:9]([C:8]1([H:18])[H:19])([H:20])[H:21])([H:11])[C:2](=[O:1])[O:3][H:10])([H:12])[H:13])([H:14])[H:15])[H:17],30.0,7.0
19,0.05639999927509399,AM1BCC,OpenEye,,,H,,20,[H:16][C:7]1([C:6]([C:5]([C:4]([C:9]([C:8]1([H:18])[H:19])([H:20])[H:21])([H:11])[C:2](=[O:1])[O:3][H:10])([H:12])[H:13])([H:14])[H:15])[H:17],30.0,7.0
20,0.05639999927509399,AM1BCC,OpenEye,,,H,,21,[H:16][C:7]1([C:6]([C:5]([C:4]([C:9]([C:8]1([H:18])[H:19])([H:20])[H:21])([H:11])[C:2](=[O:1])[O:3][H:10])([H:12])[H:13])([H:14])[H:15])[H:17],30.0,7.0
0,-0.551,AM1BCC,AmberTools,,,O,,1,[H:16][C:7]1([C:6]([C:5]([C:4]([C:9]([C:8]1([H:18])[H:19])([H:20])[H:21])([H:11])[C:2](=[O:1])[O:3][H:10])([H:12])[H:13])([H:14])[H:15])[H:17],30.0,7.0
1,0.6361,AM1BCC,AmberTools,,,C,,2,[H:16][C:7]1([C:6]([C:5]([C:4]([C:9]([C:8]1([H:18])[H:19])([H:20])[H:21])([H:11])[C:2](=[O:1])[O:3][H:10])([H:12])[H:13])([H:14])[H:15])[H:17],30.0,7.0
2,-0.6111,AM1BCC,AmberTools,,,O,,3,[H:16][C:7]1([C:6]([C:5]([C:4]([C:9]([C:8]1([H:18])[H:19])([H:20])[H:21])([H:11])[C:2](=[O:1])[O:3][H:10])([H:12])[H:13])([H:14])[H:15])[H:17],30.0,7.0
3,-0.1037,AM1BCC,AmberTools,,,C,,4,[H:16][C:7]1([C:6]([C:5]([C:4]([C:9]([C:8]1([H:18])[H:19])([H:20])[H:21])([H:11])[C:2](=[O:1])[O:3][H:10])([H:12])[H:13])([H:14])[H:15])[H:17],30.0,7.0
4,-0.0719,AM1BCC,AmberTools,,,C,,5,[H:16][C:7]1([C:6]([C:5]([C:4]([C:9]([C:8]1([H:18])[H:19])([H:20])[H:21])([H:11])[C:2](=[O:1])[O:3][H:10])([H:12])[H:13])([H:14])[H:15])[H:17],30.0,7.0
5,-0.0784,AM1BCC,AmberTools,,,C,,6,[H:16][C:7]1([C:6]([C:5]([C:4]([C:9]([C:8]1([H:18])[H:19])([H:20])[H:21])([H:11])[C:2](=[O:1])[O:3][H:10])([H:12])[H:13])([H:14])[H:15])[H:17],30.0,7.0
6,-0.0774,AM1BCC,AmberTools,,,C,,7,[H:16][C:7]1([C:6]([C:5]([C:4]([C:9]([C:8]1([H:18])[H:19])([H:20])[H:21])([H:11])[C:2](=[O:1])[O:3][H:10])([H:12])[H:13])([H:14])[H:15])[H:17],30.0,7.0
7,-0.0784,AM1BCC,AmberTools,,,C,,8,[H:16][C:7]1([C:6]([C:5]([C:4]([C:9]([C:8]1([H:18])[H:19])([H:20])[H:21])([H:11])[C:2](=[O:1])[O:3][H:10])([H:12])[H:13])([H:14])[H:15])[H:17],30.0,7.0
8,-0.0719,AM1BCC,AmberTools,,,C,,9,[H:16][C:7]1([C:6]([C:5]([C:4]([C:9]([C:8]1([H:18])[H:19])([H:20])[H:21])([H:11])[C:2](=[O:1])[O:3][H:10])([H:12])[H:13])([H:14])[H:15])[H:17],30.0,7.0
9,0.442,AM1BCC,AmberTools,,,H,,10,[H:16][C:7]1([C:6]([C:5]([C:4]([C:9]([C:8]1([H:18])[H:19])([H:20])[H:21])([H:11])[C:2](=[O:1])[O:3][H:10])([H:12])[H:13])([H:14])[H:15])[H:17],30.0,7.0
10,0.0807,AM1BCC,AmberTools,,,H,,11,[H:16][C:7]1([C:6]([C:5]([C:4]([C:9]([C:8]1([H:18])[H:19])([H:20])[H:21])([H:11])[C:2](=[O:1])[O:3][H:10])([H:12])[H:13])([H:14])[H:15])[H:17],30.0,7.0
11,0.05445,AM1BCC,AmberTools,,,H,,12,[H:16][C:7]1([C:6]([C:5]([C:4]([C:9]([C:8]1([H:18])[H:19])([H:20])[H:21])([H:11])[C:2](=[O:1])[O:3][H:10])([H:12])[H:13])([H:14])[H:15])[H:17],30.0,7.0
12,0.05445,AM1BCC,AmberTools,,,H,,13,[H:16][C:7]1([C:6]([C:5]([C:4]([C:9]([C:8]1([H:18])[H:19])([H:20])[H:21])([H:11])[C:2](=[O:1])[O:3][H:10])([H:12])[H:13])([H:14])[H:15])[H:17],30.0,7.0
13,0.0462,AM1BCC,AmberTools,,,H,,14,[H:16][C:7]1([C:6]([C:5]([C:4]([C:9]([C:8]1([H:18])[H:19])([H:20])[H:21])([H:11])[C:2](=[O:1])[O:3][H:10])([H:12])[H:13])([H:14])[H:15])[H:17],30.0,7.0
14,0.0462,AM1BCC,AmberTools,,,H,,15,[H:16][C:7]1([C:6]([C:5]([C:4]([C:9]([C:8]1([H:18])[H:19])([H:20])[H:21])([H:11])[C:2](=[O:1])[O:3][H:10])([H:12])[H:13])([H:14])[H:15])[H:17],30.0,7.0
15,0.0412,AM1BCC,AmberTools,,,H,,16,[H:16][C:7]1([C:6]([C:5]([C:4]([C:9]([C:8]1([H:18])[H:19])([H:20])[H:21])([H:11])[C:2](=[O:1])[O:3][H:10])([H:12])[H:13])([H:14])[H:15])[H:17],30.0,7.0
16,0.0412,AM1BCC,AmberTools,,,H,,17,[H:16][C:7]1([C:6]([C:5]([C:4]([C:9]([C:8]1([H:18])[H:19])([H:20])[H:21])([H:11])[C:2](=[O:1])[O:3][H:10])([H:12])[H:13])([H:14])[H:15])[H:17],30.0,7.0
17,0.0462,AM1BCC,AmberTools,,,H,,18,[H:16][C:7]1([C:6]([C:5]([C:4]([C:9]([C:8]1([H:18])[H:19])([H:20])[H:21])([H:11])[C:2](=[O:1])[O:3][H:10])([H:12])[H:13])([H:14])[H:15])[H:17],30.0,7.0
18,0.0462,AM1BCC,AmberTools,,,H,,19,[H:16][C:7]1([C:6]([C:5]([C:4]([C:9]([C:8]1([H:18])[H:19])([H:20])[H:21])([H:11])[C:2](=[O:1])[O:3][H:10])([H:12])[H:13])([H:14])[H:15])[H:17],30.0,7.0
19,0.05445,AM1BCC,AmberTools,,,H,,20,[H:16][C:7]1([C:6]([C:5]([C:4]([C:9]([C:8]1([H:18])[H:19])([H:20])[H:21])([H:11])[C:2](=[O:1])[O:3][H:10])([H:12])[H:13])([H:14])[H:15])[H:17],30.0,7.0
20,0.05445,AM1BCC,AmberTools,,,H,,21,[H:16][C:7]1([C:6]([C:5]([C:4]([C:9]([C:8]1([H:18])[H:19])([H:20])[H:21])([H:11])[C:2](=[O:1])[O:3][H:10])([H:12])[H:13])([H:14])[H:15])[H:17],30.0,7.0
0,-0.556590022785323,AM1BCC,OpenEye,,,O,,1,[H:16][C:7]1([C:6]([C:5]([C:4]([C:9]([C:8]1([H:18])[H:19])([H:20])[H:21])([H:11])[C:2](=[O:1])[O:3][H:10])([H:12])[H:13])([H:14])[H:15])[H:17],30.0,8.0
1,0.6353800275496074,AM1BCC,OpenEye,,,C,,2,[H:16][C:7]1([C:6]([C:5]([C:4]([C:9]([C:8]1([H:18])[H:19])([H:20])[H:21])([H:11])[C:2](=[O:1])[O:3][H:10])([H:12])[H:13])([H:14])[H:15])[H:17],30.0,8.0
2,-0.6029899737664631,AM1BCC,OpenEye,,,O,,3,[H:16][C:7]1([C:6]([C:5]([C:4]([C:9]([C:8]1([H:18])[H:19])([H:20])[H:21])([H:11])[C:2](=[O:1])[O:3][H:10])([H:12])[H:13])([H:14])[H:15])[H:17],30.0,8.0
3,-0.10013000134910856,AM1BCC,OpenEye,,,C,,4,[H:16][C:7]1([C:6]([C:5]([C:4]([C:9]([C:8]1([H:18])[H:19])([H:20])[H:21])([H:11])[C:2](=[O:1])[O:3][H:10])([H:12])[H:13])([H:14])[H:15])[H:17],30.0,8.0
4,-0.07498999897922788,AM1BCC,OpenEye,,,C,,5,[H:16][C:7]1([C:6]([C:5]([C:4]([C:9]([C:8]1([H:18])[H:19])([H:20])[H:21])([H:11])[C:2](=[O:1])[O:3][H:10])([H:12])[H:13])([H:14])[H:15])[H:17],30.0,8.0
5,-0.07748000536646162,AM1BCC,OpenEye,,,C,,6,[H:16][C:7]1([C:6]([C:5]([C:4]([C:9]([C:8]1([H:18])[H:19])([H:20])[H:21])([H:11])[C:2](=[O:1])[O:3][H:10])([H:12])[H:13])([H:14])[H:15])[H:17],30.0,8.0
6,-0.08507000122751508,AM1BCC,OpenEye,,,C,,7,[H:16][C:7]1([C:6]([C:5]([C:4]([C:9]([C:8]1([H:18])[H:19])([H:20])[H:21])([H:11])[C:2](=[O:1])[O:3][H:10])([H:12])[H:13])([H:14])[H:15])[H:17],30.0,8.0
7,-0.07748000536646162,AM1BCC,OpenEye,,,C,,8,[H:16][C:7]1([C:6]([C:5]([C:4]([C:9]([C:8]1([H:18])[H:19])([H:20])[H:21])([H:11])[C:2](=[O:1])[O:3][H:10])([H:12])[H:13])([H:14])[H:15])[H:17],30.0,8.0
8,-0.07498999897922788,AM1BCC,OpenEye,,,C,,9,[H:16][C:7]1([C:6]([C:5]([C:4]([C:9]([C:8]1([H:18])[H:19])([H:20])[H:21])([H:11])[C:2](=[O:1])[O:3][H:10])([H:12])[H:13])([H:14])[H:15])[H:17],30.0,8.0
9,0.44273999120507923,AM1BCC,OpenEye,,,H,,10,[H:16][C:7]1([C:6]([C:5]([C:4]([C:9]([C:8]1([H:18])[H:19])([H:20])[H:21])([H:11])[C:2](=[O:1])[O:3][H:10])([H:12])[H:13])([H:14])[H:15])[H:17],30.0,8.0
10,0.07907999839101519,AM1BCC,OpenEye,,,H,,11,[H:16][C:7]1([C:6]([C:5]([C:4]([C:9]([C:8]1([H:18])[H:19])([H:20])[H:21])([H:11])[C:2](=[O:1])[O:3][H:10])([H:12])[H:13])([H:14])[H:15])[H:17],30.0,8.0
11,0.05639999892030444,AM1BCC,OpenEye,,,H,,12,[H:16][C:7]1([C:6]([C:5]([C:4]([C:9]([C:8]1([H:18])[H:19])([H:20])[H:21])([H:11])[C:2](=[O:1])[O:3][H:10])([H:12])[H:13])([H:14])[H:15])[H:17],30.0,8.0
12,0.05639999892030444,AM1BCC,OpenEye,,,H,,13,[H:16][C:7]1([C:6]([C:5]([C:4]([C:9]([C:8]1([H:18])[H:19])([H:20])[H:21])([H:11])[C:2](=[O:1])[O:3][H:10])([H:12])[H:13])([H:14])[H:15])[H:17],30.0,8.0
13,0.042269998895270486,AM1BCC,OpenEye,,,H,,14,[H:16][C:7]1([C:6]([C:5]([C:4]([C:9]([C:8]1([H:18])[H:19])([H:20])[H:21])([H:11])[C:2](=[O:1])[O:3][H:10])([H:12])[H:13])([H:14])[H:15])[H:17],30.0,8.0
14,0.042269998895270486,AM1BCC,OpenEye,,,H,,15,[H:16][C:7]1([C:6]([C:5]([C:4]([C:9]([C:8]1([H:18])[H:19])([H:20])[H:21])([H:11])[C:2](=[O:1])[O:3][H:10])([H:12])[H:13])([H:14])[H:15])[H:17],30.0,8.0
15,0.048919999705893655,AM1BCC,OpenEye,,,H,,16,[H:16][C:7]1([C:6]([C:5]([C:4]([C:9]([C:8]1([H:18])[H:19])([H:20])[H:21])([H:11])[C:2](=[O:1])[O:3][H:10])([H:12])[H:13])([H:14])[H:15])[H:17],30.0,8.0
16,0.048919999705893655,AM1BCC,OpenEye,,,H,,17,[H:16][C:7]1([C:6]([C:5]([C:4]([C:9]([C:8]1([H:18])[H:19])([H:20])[H:21])([H:11])[C:2](=[O:1])[O:3][H:10])([H:12])[H:13])([H:14])[H:15])[H:17],30.0,8.0
17,0.042269998895270486,AM1BCC,OpenEye,,,H,,18,[H:16][C:7]1([C:6]([C:5]([C:4]([C:9]([C:8]1([H:18])[H:19])([H:20])[H:21])([H:11])[C:2](=[O:1])[O:3][H:10])([H:12])[H:13])([H:14])[H:15])[H:17],30.0,8.0
18,0.042269998895270486,AM1BCC,OpenEye,,,H,,19,[H:16][C:7]1([C:6]([C:5]([C:4]([C:9]([C:8]1([H:18])[H:19])([H:20])[H:21])([H:11])[C:2](=[O:1])[O:3][H:10])([H:12])[H:13])([H:14])[H:15])[H:17],30.0,8.0
19,0.05639999892030444,AM1BCC,OpenEye,,,H,,20,[H:16][C:7]1([C:6]([C:5]([C:4]([C:9]([C:8]1([H:18])[H:19])([H:20])[H:21])([H:11])[C:2](=[O:1])[O:3][H:10])([H:12])[H:13])([H:14])[H:15])[H:17],30.0,8.0
20,0.05639999892030444,AM1BCC,OpenEye,,,H,,21,[H:16][C:7]1([C:6]([C:5]([C:4]([C:9]([C:8]1([H:18])[H:19])([H:20])[H:21])([H:11])[C:2](=[O:1])[O:3][H:10])([H:12])[H:13])([H:14])[H:15])[H:17],30.0,8.0
0,-0.551,AM1BCC,AmberTools,,,O,,1,[H:16][C:7]1([C:6]([C:5]([C:4]([C:9]([C:8]1([H:18])[H:19])([H:20])[H:21])([H:11])[C:2](=[O:1])[O:3][H:10])([H:12])[H:13])([H:14])[H:15])[H:17],30.0,8.0
1,0.6361,AM1BCC,AmberTools,,,C,,2,[H:16][C:7]1([C:6]([C:5]([C:4]([C:9]([C:8]1([H:18])[H:19])([H:20])[H:21])([H:11])[C:2](=[O:1])[O:3][H:10])([H:12])[H:13])([H:14])[H:15])[H:17],30.0,8.0
2,-0.6111,AM1BCC,AmberTools,,,O,,3,[H:16][C:7]1([C:6]([C:5]([C:4]([C:9]([C:8]1([H:18])[H:19])([H:20])[H:21])([H:11])[C:2](=[O:1])[O:3][H:10])([H:12])[H:13])([H:14])[H:15])[H:17],30.0,8.0
3,-0.1037,AM1BCC,AmberTools,,,C,,4,[H:16][C:7]1([C:6]([C:5]([C:4]([C:9]([C:8]1([H:18])[H:19])([H:20])[H:21])([H:11])[C:2](=[O:1])[O:3][H:10])([H:12])[H:13])([H:14])[H:15])[H:17],30.0,8.0
4,-0.0719,AM1BCC,AmberTools,,,C,,5,[H:16][C:7]1([C:6]([C:5]([C:4]([C:9]([C:8]1([H:18])[H:19])([H:20])[H:21])([H:11])[C:2](=[O:1])[O:3][H:10])([H:12])[H:13])([H:14])[H:15])[H:17],30.0,8.0
5,-0.0784,AM1BCC,AmberTools,,,C,,6,[H:16][C:7]1([C:6]([C:5]([C:4]([C:9]([C:8]1([H:18])[H:19])([H:20])[H:21])([H:11])[C:2](=[O:1])[O:3][H:10])([H:12])[H:13])([H:14])[H:15])[H:17],30.0,8.0
6,-0.0774,AM1BCC,AmberTools,,,C,,7,[H:16][C:7]1([C:6]([C:5]([C:4]([C:9]([C:8]1([H:18])[H:19])([H:20])[H:21])([H:11])[C:2](=[O:1])[O:3][H:10])([H:12])[H:13])([H:14])[H:15])[H:17],30.0,8.0
7,-0.0784,AM1BCC,AmberTools,,,C,,8,[H:16][C:7]1([C:6]([C:5]([C:4]([C:9]([C:8]1([H:18])[H:19])([H:20])[H:21])([H:11])[C:2](=[O:1])[O:3][H:10])([H:12])[H:13])([H:14])[H:15])[H:17],30.0,8.0
8,-0.0719,AM1BCC,AmberTools,,,C,,9,[H:16][C:7]1([C:6]([C:5]([C:4]([C:9]([C:8]1([H:18])[H:19])([H:20])[H:21])([H:11])[C:2](=[O:1])[O:3][H:10])([H:12])[H:13])([H:14])[H:15])[H:17],30.0,8.0
9,0.442,AM1BCC,AmberTools,,,H,,10,[H:16][C:7]1([C:6]([C:5]([C:4]([C:9]([C:8]1([H:18])[H:19])([H:20])[H:21])([H:11])[C:2](=[O:1])[O:3][H:10])([H:12])[H:13])([H:14])[H:15])[H:17],30.0,8.0
10,0.0807,AM1BCC,AmberTools,,,H,,11,[H:16][C:7]1([C:6]([C:5]([C:4]([C:9]([C:8]1([H:18])[H:19])([H:20])[H:21])([H:11])[C:2](=[O:1])[O:3][H:10])([H:12])[H:13])([H:14])[H:15])[H:17],30.0,8.0
11,0.05445,AM1BCC,AmberTools,,,H,,12,[H:16][C:7]1([C:6]([C:5]([C:4]([C:9]([C:8]1([H:18])[H:19])([H:20])[H:21])([H:11])[C:2](=[O:1])[O:3][H:10])([H:12])[H:13])([H:14])[H:15])[H:17],30.0,8.0
12,0.05445,AM1BCC,AmberTools,,,H,,13,[H:16][C:7]1([C:6]([C:5]([C:4]([C:9]([C:8]1([H:18])[H:19])([H:20])[H:21])([H:11])[C:2](=[O:1])[O:3][H:10])([H:12])[H:13])([H:14])[H:15])[H:17],30.0,8.0
13,0.0462,AM1BCC,AmberTools,,,H,,14,[H:16][C:7]1([C:6]([C:5]([C:4]([C:9]([C:8]1([H:18])[H:19])([H:20])[H:21])([H:11])[C:2](=[O:1])[O:3][H:10])([H:12])[H:13])([H:14])[H:15])[H:17],30.0,8.0
14,0.0462,AM1BCC,AmberTools,,,H,,15,[H:16][C:7]1([C:6]([C:5]([C:4]([C:9]([C:8]1([H:18])[H:19])([H:20])[H:21])([H:11])[C:2](=[O:1])[O:3][H:10])([H:12])[H:13])([H:14])[H:15])[H:17],30.0,8.0
15,0.0412,AM1BCC,AmberTools,,,H,,16,[H:16][C:7]1([C:6]([C:5]([C:4]([C:9]([C:8]1([H:18])[H:19])([H:20])[H:21])([H:11])[C:2](=[O:1])[O:3][H:10])([H:12])[H:13])([H:14])[H:15])[H:17],30.0,8.0
16,0.0412,AM1BCC,AmberTools,,,H,,17,[H:16][C:7]1([C:6]([C:5]([C:4]([C:9]([C:8]1([H:18])[H:19])([H:20])[H:21])([H:11])[C:2](=[O:1])[O:3][H:10])([H:12])[H:13])([H:14])[H:15])[H:17],30.0,8.0
17,0.0462,AM1BCC,AmberTools,,,H,,18,[H:16][C:7]1([C:6]([C:5]([C:4]([C:9]([C:8]1([H:18])[H:19])([H:20])[H:21])([H:11])[C:2](=[O:1])[O:3][H:10])([H:12])[H:13])([H:14])[H:15])[H:17],30.0,8.0
18,0.0462,AM1BCC,AmberTools,,,H,,19,[H:16][C:7]1([C:6]([C:5]([C:4]([C:9]([C:8]1([H:18])[H:19])([H:20])[H:21])([H:11])[C:2](=[O:1])[O:3][H:10])([H:12])[H:13])([H:14])[H:15])[H:17],30.0,8.0
19,0.05445,AM1BCC,AmberTools,,,H,,20,[H:16][C:7]1([C:6]([C:5]([C:4]([C:9]([C:8]1([H:18])[H:19])([H:20])[H:21])([H:11])[C:2](=[O:1])[O:3][H:10])([H:12])[H:13])([H:14])[H:15])[H:17],30.0,8.0
20,0.05445,AM1BCC,AmberTools,,,H,,21,[H:16][C:7]1([C:6]([C:5]([C:4]([C:9]([C:8]1([H:18])[H:19])([H:20])[H:21])([H:11])[C:2](=[O:1])[O:3][H:10])([H:12])[H:13])([H:14])[H:15])[H:17],30.0,8.0
0,-0.556590022785323,AM1BCC,OpenEye,,,O,,1,[H:16][C:7]1([C:6]([C:5]([C:4]([C:9]([C:8]1([H:18])[H:19])([H:20])[H:21])([H:11])[C:2](=[O:1])[O:3][H:10])([H:12])[H:13])([H:14])[H:15])[H:17],30.0,9.0
1,0.6353800275496074,AM1BCC,OpenEye,,,C,,2,[H:16][C:7]1([C:6]([C:5]([C:4]([C:9]([C:8]1([H:18])[H:19])([H:20])[H:21])([H:11])[C:2](=[O:1])[O:3][H:10])([H:12])[H:13])([H:14])[H:15])[H:17],30.0,9.0
2,-0.6029899737664631,AM1BCC,OpenEye,,,O,,3,[H:16][C:7]1([C:6]([C:5]([C:4]([C:9]([C:8]1([H:18])[H:19])([H:20])[H:21])([H:11])[C:2](=[O:1])[O:3][H:10])([H:12])[H:13])([H:14])[H:15])[H:17],30.0,9.0
3,-0.10013000134910856,AM1BCC,OpenEye,,,C,,4,[H:16][C:7]1([C:6]([C:5]([C:4]([C:9]([C:8]1([H:18])[H:19])([H:20])[H:21])([H:11])[C:2](=[O:1])[O:3][H:10])([H:12])[H:13])([H:14])[H:15])[H:17],30.0,9.0
4,-0.07498999897922788,AM1BCC,OpenEye,,,C,,5,[H:16][C:7]1([C:6]([C:5]([C:4]([C:9]([C:8]1([H:18])[H:19])([H:20])[H:21])([H:11])[C:2](=[O:1])[O:3][H:10])([H:12])[H:13])([H:14])[H:15])[H:17],30.0,9.0
5,-0.07748000536646162,AM1BCC,OpenEye,,,C,,6,[H:16][C:7]1([C:6]([C:5]([C:4]([C:9]([C:8]1([H:18])[H:19])([H:20])[H:21])([H:11])[C:2](=[O:1])[O:3][H:10])([H:12])[H:13])([H:14])[H:15])[H:17],30.0,9.0
6,-0.08507000122751508,AM1BCC,OpenEye,,,C,,7,[H:16][C:7]1([C:6]([C:5]([C:4]([C:9]([C:8]1([H:18])[H:19])([H:20])[H:21])([H:11])[C:2](=[O:1])[O:3][H:10])([H:12])[H:13])([H:14])[H:15])[H:17],30.0,9.0
7,-0.07748000536646162,AM1BCC,OpenEye,,,C,,8,[H:16][C:7]1([C:6]([C:5]([C:4]([C:9]([C:8]1([H:18])[H:19])([H:20])[H:21])([H:11])[C:2](=[O:1])[O:3][H:10])([H:12])[H:13])([H:14])[H:15])[H:17],30.0,9.0
8,-0.07498999897922788,AM1BCC,OpenEye,,,C,,9,[H:16][C:7]1([C:6]([C:5]([C:4]([C:9]([C:8]1([H:18])[H:19])([H:20])[H:21])([H:11])[C:2](=[O:1])[O:3][H:10])([H:12])[H:13])([H:14])[H:15])[H:17],30.0,9.0
9,0.44273999120507923,AM1BCC,OpenEye,,,H,,10,[H:16][C:7]1([C:6]([C:5]([C:4]([C:9]([C:8]1([H:18])[H:19])([H:20])[H:21])([H:11])[C:2](=[O:1])[O:3][H:10])([H:12])[H:13])([H:14])[H:15])[H:17],30.0,9.0
10,0.07907999839101519,AM1BCC,OpenEye,,,H,,11,[H:16][C:7]1([C:6]([C:5]([C:4]([C:9]([C:8]1([H:18])[H:19])([H:20])[H:21])([H:11])[C:2](=[O:1])[O:3][H:10])([H:12])[H:13])([H:14])[H:15])[H:17],30.0,9.0
11,0.05639999892030444,AM1BCC,OpenEye,,,H,,12,[H:16][C:7]1([C:6]([C:5]([C:4]([C:9]([C:8]1([H:18])[H:19])([H:20])[H:21])([H:11])[C:2](=[O:1])[O:3][H:10])([H:12])[H:13])([H:14])[H:15])[H:17],30.0,9.0
12,0.05639999892030444,AM1BCC,OpenEye,,,H,,13,[H:16][C:7]1([C:6]([C:5]([C:4]([C:9]([C:8]1([H:18])[H:19])([H:20])[H:21])([H:11])[C:2](=[O:1])[O:3][H:10])([H:12])[H:13])([H:14])[H:15])[H:17],30.0,9.0
13,0.042269998895270486,AM1BCC,OpenEye,,,H,,14,[H:16][C:7]1([C:6]([C:5]([C:4]([C:9]([C:8]1([H:18])[H:19])([H:20])[H:21])([H:11])[C:2](=[O:1])[O:3][H:10])([H:12])[H:13])([H:14])[H:15])[H:17],30.0,9.0
14,0.042269998895270486,AM1BCC,OpenEye,,,H,,15,[H:16][C:7]1([C:6]([C:5]([C:4]([C:9]([C:8]1([H:18])[H:19])([H:20])[H:21])([H:11])[C:2](=[O:1])[O:3][H:10])([H:12])[H:13])([H:14])[H:15])[H:17],30.0,9.0
15,0.048919999705893655,AM1BCC,OpenEye,,,H,,16,[H:16][C:7]1([C:6]([C:5]([C:4]([C:9]([C:8]1([H:18])[H:19])([H:20])[H:21])([H:11])[C:2](=[O:1])[O:3][H:10])([H:12])[H:13])([H:14])[H:15])[H:17],30.0,9.0
16,0.048919999705893655,AM1BCC,OpenEye,,,H,,17,[H:16][C:7]1([C:6]([C:5]([C:4]([C:9]([C:8]1([H:18])[H:19])([H:20])[H:21])([H:11])[C:2](=[O:1])[O:3][H:10])([H:12])[H:13])([H:14])[H:15])[H:17],30.0,9.0
17,0.042269998895270486,AM1BCC,OpenEye,,,H,,18,[H:16][C:7]1([C:6]([C:5]([C:4]([C:9]([C:8]1([H:18])[H:19])([H:20])[H:21])([H:11])[C:2](=[O:1])[O:3][H:10])([H:12])[H:13])([H:14])[H:15])[H:17],30.0,9.0
18,0.042269998895270486,AM1BCC,OpenEye,,,H,,19,[H:16][C:7]1([C:6]([C:5]([C:4]([C:9]([C:8]1([H:18])[H:19])([H:20])[H:21])([H:11])[C:2](=[O:1])[O:3][H:10])([H:12])[H:13])([H:14])[H:15])[H:17],30.0,9.0
19,0.05639999892030444,AM1BCC,OpenEye,,,H,,20,[H:16][C:7]1([C:6]([C:5]([C:4]([C:9]([C:8]1([H:18])[H:19])([H:20])[H:21])([H:11])[C:2](=[O:1])[O:3][H:10])([H:12])[H:13])([H:14])[H:15])[H:17],30.0,9.0
20,0.05639999892030444,AM1BCC,OpenEye,,,H,,21,[H:16][C:7]1([C:6]([C:5]([C:4]([C:9]([C:8]1([H:18])[H:19])([H:20])[H:21])([H:11])[C:2](=[O:1])[O:3][H:10])([H:12])[H:13])([H:14])[H:15])[H:17],30.0,9.0
0,-0.551,AM1BCC,AmberTools,,,O,,1,[H:16][C:7]1([C:6]([C:5]([C:4]([C:9]([C:8]1([H:18])[H:19])([H:20])[H:21])([H:11])[C:2](=[O:1])[O:3][H:10])([H:12])[H:13])([H:14])[H:15])[H:17],30.0,9.0
1,0.6361,AM1BCC,AmberTools,,,C,,2,[H:16][C:7]1([C:6]([C:5]([C:4]([C:9]([C:8]1([H:18])[H:19])([H:20])[H:21])([H:11])[C:2](=[O:1])[O:3][H:10])([H:12])[H:13])([H:14])[H:15])[H:17],30.0,9.0
2,-0.6111,AM1BCC,AmberTools,,,O,,3,[H:16][C:7]1([C:6]([C:5]([C:4]([C:9]([C:8]1([H:18])[H:19])([H:20])[H:21])([H:11])[C:2](=[O:1])[O:3][H:10])([H:12])[H:13])([H:14])[H:15])[H:17],30.0,9.0
3,-0.1037,AM1BCC,AmberTools,,,C,,4,[H:16][C:7]1([C:6]([C:5]([C:4]([C:9]([C:8]1([H:18])[H:19])([H:20])[H:21])([H:11])[C:2](=[O:1])[O:3][H:10])([H:12])[H:13])([H:14])[H:15])[H:17],30.0,9.0
4,-0.0719,AM1BCC,AmberTools,,,C,,5,[H:16][C:7]1([C:6]([C:5]([C:4]([C:9]([C:8]1([H:18])[H:19])([H:20])[H:21])([H:11])[C:2](=[O:1])[O:3][H:10])([H:12])[H:13])([H:14])[H:15])[H:17],30.0,9.0
5,-0.0784,AM1BCC,AmberTools,,,C,,6,[H:16][C:7]1([C:6]([C:5]([C:4]([C:9]([C:8]1([H:18])[H:19])([H:20])[H:21])([H:11])[C:2](=[O:1])[O:3][H:10])([H:12])[H:13])([H:14])[H:15])[H:17],30.0,9.0
6,-0.0774,AM1BCC,AmberTools,,,C,,7,[H:16][C:7]1([C:6]([C:5]([C:4]([C:9]([C:8]1([H:18])[H:19])([H:20])[H:21])([H:11])[C:2](=[O:1])[O:3][H:10])([H:12])[H:13])([H:14])[H:15])[H:17],30.0,9.0
7,-0.0784,AM1BCC,AmberTools,,,C,,8,[H:16][C:7]1([C:6]([C:5]([C:4]([C:9]([C:8]1([H:18])[H:19])([H:20])[H:21])([H:11])[C:2](=[O:1])[O:3][H:10])([H:12])[H:13])([H:14])[H:15])[H:17],30.0,9.0
8,-0.0719,AM1BCC,AmberTools,,,C,,9,[H:16][C:7]1([C:6]([C:5]([C:4]([C:9]([C:8]1([H:18])[H:19])([H:20])[H:21])([H:11])[C:2](=[O:1])[O:3][H:10])([H:12])[H:13])([H:14])[H:15])[H:17],30.0,9.0
9,0.442,AM1BCC,AmberTools,,,H,,10,[H:16][C:7]1([C:6]([C:5]([C:4]([C:9]([C:8]1([H:18])[H:19])([H:20])[H:21])([H:11])[C:2](=[O:1])[O:3][H:10])([H:12])[H:13])([H:14])[H:15])[H:17],30.0,9.0
10,0.0807,AM1BCC,AmberTools,,,H,,11,[H:16][C:7]1([C:6]([C:5]([C:4]([C:9]([C:8]1([H:18])[H:19])([H:20])[H:21])([H:11])[C:2](=[O:1])[O:3][H:10])([H:12])[H:13])([H:14])[H:15])[H:17],30.0,9.0
11,0.05445,AM1BCC,AmberTools,,,H,,12,[H:16][C:7]1([C:6]([C:5]([C:4]([C:9]([C:8]1([H:18])[H:19])([H:20])[H:21])([H:11])[C:2](=[O:1])[O:3][H:10])([H:12])[H:13])([H:14])[H:15])[H:17],30.0,9.0
12,0.05445,AM1BCC,AmberTools,,,H,,13,[H:16][C:7]1([C:6]([C:5]([C:4]([C:9]([C:8]1([H:18])[H:19])([H:20])[H:21])([H:11])[C:2](=[O:1])[O:3][H:10])([H:12])[H:13])([H:14])[H:15])[H:17],30.0,9.0
13,0.0462,AM1BCC,AmberTools,,,H,,14,[H:16][C:7]1([C:6]([C:5]([C:4]([C:9]([C:8]1([H:18])[H:19])([H:20])[H:21])([H:11])[C:2](=[O:1])[O:3][H:10])([H:12])[H:13])([H:14])[H:15])[H:17],30.0,9.0
14,0.0462,AM1BCC,AmberTools,,,H,,15,[H:16][C:7]1([C:6]([C:5]([C:4]([C:9]([C:8]1([H:18])[H:19])([H:20])[H:21])([H:11])[C:2](=[O:1])[O:3][H:10])([H:12])[H:13])([H:14])[H:15])[H:17],30.0,9.0
15,0.0412,AM1BCC,AmberTools,,,H,,16,[H:16][C:7]1([C:6]([C:5]([C:4]([C:9]([C:8]1([H:18])[H:19])([H:20])[H:21])([H:11])[C:2](=[O:1])[O:3][H:10])([H:12])[H:13])([H:14])[H:15])[H:17],30.0,9.0
16,0.0412,AM1BCC,AmberTools,,,H,,17,[H:16][C:7]1([C:6]([C:5]([C:4]([C:9]([C:8]1([H:18])[H:19])([H:20])[H:21])([H:11])[C:2](=[O:1])[O:3][H:10])([H:12])[H:13])([H:14])[H:15])[H:17],30.0,9.0
17,0.0462,AM1BCC,AmberTools,,,H,,18,[H:16][C:7]1([C:6]([C:5]([C:4]([C:9]([C:8]1([H:18])[H:19])([H:20])[H:21])([H:11])[C:2](=[O:1])[O:3][H:10])([H:12])[H:13])([H:14])[H:15])[H:17],30.0,9.0
18,0.0462,AM1BCC,AmberTools,,,H,,19,[H:16][C:7]1([C:6]([C:5]([C:4]([C:9]([C:8]1([H:18])[H:19])([H:20])[H:21])([H:11])[C:2](=[O:1])[O:3][H:10])([H:12])[H:13])([H:14])[H:15])[H:17],30.0,9.0
19,0.05445,AM1BCC,AmberTools,,,H,,20,[H:16][C:7]1([C:6]([C:5]([C:4]([C:9]([C:8]1([H:18])[H:19])([H:20])[H:21])([H:11])[C:2](=[O:1])[O:3][H:10])([H:12])[H:13])([H:14])[H:15])[H:17],30.0,9.0
20,0.05445,AM1BCC,AmberTools,,,H,,21,[H:16][C:7]1([C:6]([C:5]([C:4]([C:9]([C:8]1([H:18])[H:19])([H:20])[H:21])([H:11])[C:2](=[O:1])[O:3][H:10])([H:12])[H:13])([H:14])[H:15])[H:17],30.0,9.0
0,-0.556590022785323,AM1BCC,OpenEye,,,O,,1,[H:16][C:7]1([C:6]([C:5]([C:4]([C:9]([C:8]1([H:18])[H:19])([H:20])[H:21])([H:11])[C:2](=[O:1])[O:3][H:10])([H:12])[H:13])([H:14])[H:15])[H:17],30.0,10.0
1,0.6353800275496074,AM1BCC,OpenEye,,,C,,2,[H:16][C:7]1([C:6]([C:5]([C:4]([C:9]([C:8]1([H:18])[H:19])([H:20])[H:21])([H:11])[C:2](=[O:1])[O:3][H:10])([H:12])[H:13])([H:14])[H:15])[H:17],30.0,10.0
2,-0.6029899737664631,AM1BCC,OpenEye,,,O,,3,[H:16][C:7]1([C:6]([C:5]([C:4]([C:9]([C:8]1([H:18])[H:19])([H:20])[H:21])([H:11])[C:2](=[O:1])[O:3][H:10])([H:12])[H:13])([H:14])[H:15])[H:17],30.0,10.0
3,-0.10013000134910856,AM1BCC,OpenEye,,,C,,4,[H:16][C:7]1([C:6]([C:5]([C:4]([C:9]([C:8]1([H:18])[H:19])([H:20])[H:21])([H:11])[C:2](=[O:1])[O:3][H:10])([H:12])[H:13])([H:14])[H:15])[H:17],30.0,10.0
4,-0.07498999897922788,AM1BCC,OpenEye,,,C,,5,[H:16][C:7]1([C:6]([C:5]([C:4]([C:9]([C:8]1([H:18])[H:19])([H:20])[H:21])([H:11])[C:2](=[O:1])[O:3][H:10])([H:12])[H:13])([H:14])[H:15])[H:17],30.0,10.0
5,-0.07748000536646162,AM1BCC,OpenEye,,,C,,6,[H:16][C:7]1([C:6]([C:5]([C:4]([C:9]([C:8]1([H:18])[H:19])([H:20])[H:21])([H:11])[C:2](=[O:1])[O:3][H:10])([H:12])[H:13])([H:14])[H:15])[H:17],30.0,10.0
6,-0.08507000122751508,AM1BCC,OpenEye,,,C,,7,[H:16][C:7]1([C:6]([C:5]([C:4]([C:9]([C:8]1([H:18])[H:19])([H:20])[H:21])([H:11])[C:2](=[O:1])[O:3][H:10])([H:12])[H:13])([H:14])[H:15])[H:17],30.0,10.0
7,-0.07748000536646162,AM1BCC,OpenEye,,,C,,8,[H:16][C:7]1([C:6]([C:5]([C:4]([C:9]([C:8]1([H:18])[H:19])([H:20])[H:21])([H:11])[C:2](=[O:1])[O:3][H:10])([H:12])[H:13])([H:14])[H:15])[H:17],30.0,10.0
8,-0.07498999897922788,AM1BCC,OpenEye,,,C,,9,[H:16][C:7]1([C:6]([C:5]([C:4]([C:9]([C:8]1([H:18])[H:19])([H:20])[H:21])([H:11])[C:2](=[O:1])[O:3][H:10])([H:12])[H:13])([H:14])[H:15])[H:17],30.0,10.0
9,0.44273999120507923,AM1BCC,OpenEye,,,H,,10,[H:16][C:7]1([C:6]([C:5]([C:4]([C:9]([C:8]1([H:18])[H:19])([H:20])[H:21])([H:11])[C:2](=[O:1])[O:3][H:10])([H:12])[H:13])([H:14])[H:15])[H:17],30.0,10.0
10,0.07907999839101519,AM1BCC,OpenEye,,,H,,11,[H:16][C:7]1([C:6]([C:5]([C:4]([C:9]([C:8]1([H:18])[H:19])([H:20])[H:21])([H:11])[C:2](=[O:1])[O:3][H:10])([H:12])[H:13])([H:14])[H:15])[H:17],30.0,10.0
11,0.05639999892030444,AM1BCC,OpenEye,,,H,,12,[H:16][C:7]1([C:6]([C:5]([C:4]([C:9]([C:8]1([H:18])[H:19])([H:20])[H:21])([H:11])[C:2](=[O:1])[O:3][H:10])([H:12])[H:13])([H:14])[H:15])[H:17],30.0,10.0
12,0.05639999892030444,AM1BCC,OpenEye,,,H,,13,[H:16][C:7]1([C:6]([C:5]([C:4]([C:9]([C:8]1([H:18])[H:19])([H:20])[H:21])([H:11])[C:2](=[O:1])[O:3][H:10])([H:12])[H:13])([H:14])[H:15])[H:17],30.0,10.0
13,0.042269998895270486,AM1BCC,OpenEye,,,H,,14,[H:16][C:7]1([C:6]([C:5]([C:4]([C:9]([C:8]1([H:18])[H:19])([H:20])[H:21])([H:11])[C:2](=[O:1])[O:3][H:10])([H:12])[H:13])([H:14])[H:15])[H:17],30.0,10.0
14,0.042269998895270486,AM1BCC,OpenEye,,,H,,15,[H:16][C:7]1([C:6]([C:5]([C:4]([C:9]([C:8]1([H:18])[H:19])([H:20])[H:21])([H:11])[C:2](=[O:1])[O:3][H:10])([H:12])[H:13])([H:14])[H:15])[H:17],30.0,10.0
15,0.048919999705893655,AM1BCC,OpenEye,,,H,,16,[H:16][C:7]1([C:6]([C:5]([C:4]([C:9]([C:8]1([H:18])[H:19])([H:20])[H:21])([H:11])[C:2](=[O:1])[O:3][H:10])([H:12])[H:13])([H:14])[H:15])[H:17],30.0,10.0
16,0.048919999705893655,AM1BCC,OpenEye,,,H,,17,[H:16][C:7]1([C:6]([C:5]([C:4]([C:9]([C:8]1([H:18])[H:19])([H:20])[H:21])([H:11])[C:2](=[O:1])[O:3][H:10])([H:12])[H:13])([H:14])[H:15])[H:17],30.0,10.0
17,0.042269998895270486,AM1BCC,OpenEye,,,H,,18,[H:16][C:7]1([C:6]([C:5]([C:4]([C:9]([C:8]1([H:18])[H:19])([H:20])[H:21])([H:11])[C:2](=[O:1])[O:3][H:10])([H:12])[H:13])([H:14])[H:15])[H:17],30.0,10.0
18,0.042269998895270486,AM1BCC,OpenEye,,,H,,19,[H:16][C:7]1([C:6]([C:5]([C:4]([C:9]([C:8]1([H:18])[H:19])([H:20])[H:21])([H:11])[C:2](=[O:1])[O:3][H:10])([H:12])[H:13])([H:14])[H:15])[H:17],30.0,10.0
19,0.05639999892030444,AM1BCC,OpenEye,,,H,,20,[H:16][C:7]1([C:6]([C:5]([C:4]([C:9]([C:8]1([H:18])[H:19])([H:20])[H:21])([H:11])[C:2](=[O:1])[O:3][H:10])([H:12])[H:13])([H:14])[H:15])[H:17],30.0,10.0
20,0.05639999892030444,AM1BCC,OpenEye,,,H,,21,[H:16][C:7]1([C:6]([C:5]([C:4]([C:9]([C:8]1([H:18])[H:19])([H:20])[H:21])([H:11])[C:2](=[O:1])[O:3][H:10])([H:12])[H:13])([H:14])[H:15])[H:17],30.0,10.0
0,-0.551,AM1BCC,AmberTools,,,O,,1,[H:16][C:7]1([C:6]([C:5]([C:4]([C:9]([C:8]1([H:18])[H:19])([H:20])[H:21])([H:11])[C:2](=[O:1])[O:3][H:10])([H:12])[H:13])([H:14])[H:15])[H:17],30.0,10.0
1,0.6361,AM1BCC,AmberTools,,,C,,2,[H:16][C:7]1([C:6]([C:5]([C:4]([C:9]([C:8]1([H:18])[H:19])([H:20])[H:21])([H:11])[C:2](=[O:1])[O:3][H:10])([H:12])[H:13])([H:14])[H:15])[H:17],30.0,10.0
2,-0.6111,AM1BCC,AmberTools,,,O,,3,[H:16][C:7]1([C:6]([C:5]([C:4]([C:9]([C:8]1([H:18])[H:19])([H:20])[H:21])([H:11])[C:2](=[O:1])[O:3][H:10])([H:12])[H:13])([H:14])[H:15])[H:17],30.0,10.0
3,-0.1037,AM1BCC,AmberTools,,,C,,4,[H:16][C:7]1([C:6]([C:5]([C:4]([C:9]([C:8]1([H:18])[H:19])([H:20])[H:21])([H:11])[C:2](=[O:1])[O:3][H:10])([H:12])[H:13])([H:14])[H:15])[H:17],30.0,10.0
4,-0.0719,AM1BCC,AmberTools,,,C,,5,[H:16][C:7]1([C:6]([C:5]([C:4]([C:9]([C:8]1([H:18])[H:19])([H:20])[H:21])([H:11])[C:2](=[O:1])[O:3][H:10])([H:12])[H:13])([H:14])[H:15])[H:17],30.0,10.0
5,-0.0784,AM1BCC,AmberTools,,,C,,6,[H:16][C:7]1([C:6]([C:5]([C:4]([C:9]([C:8]1([H:18])[H:19])([H:20])[H:21])([H:11])[C:2](=[O:1])[O:3][H:10])([H:12])[H:13])([H:14])[H:15])[H:17],30.0,10.0
6,-0.0774,AM1BCC,AmberTools,,,C,,7,[H:16][C:7]1([C:6]([C:5]([C:4]([C:9]([C:8]1([H:18])[H:19])([H:20])[H:21])([H:11])[C:2](=[O:1])[O:3][H:10])([H:12])[H:13])([H:14])[H:15])[H:17],30.0,10.0
7,-0.0784,AM1BCC,AmberTools,,,C,,8,[H:16][C:7]1([C:6]([C:5]([C:4]([C:9]([C:8]1([H:18])[H:19])([H:20])[H:21])([H:11])[C:2](=[O:1])[O:3][H:10])([H:12])[H:13])([H:14])[H:15])[H:17],30.0,10.0
8,-0.0719,AM1BCC,AmberTools,,,C,,9,[H:16][C:7]1([C:6]([C:5]([C:4]([C:9]([C:8]1([H:18])[H:19])([H:20])[H:21])([H:11])[C:2](=[O:1])[O:3][H:10])([H:12])[H:13])([H:14])[H:15])[H:17],30.0,10.0
9,0.442,AM1BCC,AmberTools,,,H,,10,[H:16][C:7]1([C:6]([C:5]([C:4]([C:9]([C:8]1([H:18])[H:19])([H:20])[H:21])([H:11])[C:2](=[O:1])[O:3][H:10])([H:12])[H:13])([H:14])[H:15])[H:17],30.0,10.0
10,0.0807,AM1BCC,AmberTools,,,H,,11,[H:16][C:7]1([C:6]([C:5]([C:4]([C:9]([C:8]1([H:18])[H:19])([H:20])[H:21])([H:11])[C:2](=[O:1])[O:3][H:10])([H:12])[H:13])([H:14])[H:15])[H:17],30.0,10.0
11,0.05445,AM1BCC,AmberTools,,,H,,12,[H:16][C:7]1([C:6]([C:5]([C:4]([C:9]([C:8]1([H:18])[H:19])([H:20])[H:21])([H:11])[C:2](=[O:1])[O:3][H:10])([H:12])[H:13])([H:14])[H:15])[H:17],30.0,10.0
12,0.05445,AM1BCC,AmberTools,,,H,,13,[H:16][C:7]1([C:6]([C:5]([C:4]([C:9]([C:8]1([H:18])[H:19])([H:20])[H:21])([H:11])[C:2](=[O:1])[O:3][H:10])([H:12])[H:13])([H:14])[H:15])[H:17],30.0,10.0
13,0.0462,AM1BCC,AmberTools,,,H,,14,[H:16][C:7]1([C:6]([C:5]([C:4]([C:9]([C:8]1([H:18])[H:19])([H:20])[H:21])([H:11])[C:2](=[O:1])[O:3][H:10])([H:12])[H:13])([H:14])[H:15])[H:17],30.0,10.0
14,0.0462,AM1BCC,AmberTools,,,H,,15,[H:16][C:7]1([C:6]([C:5]([C:4]([C:9]([C:8]1([H:18])[H:19])([H:20])[H:21])([H:11])[C:2](=[O:1])[O:3][H:10])([H:12])[H:13])([H:14])[H:15])[H:17],30.0,10.0
15,0.0412,AM1BCC,AmberTools,,,H,,16,[H:16][C:7]1([C:6]([C:5]([C:4]([C:9]([C:8]1([H:18])[H:19])([H:20])[H:21])([H:11])[C:2](=[O:1])[O:3][H:10])([H:12])[H:13])([H:14])[H:15])[H:17],30.0,10.0
16,0.0412,AM1BCC,AmberTools,,,H,,17,[H:16][C:7]1([C:6]([C:5]([C:4]([C:9]([C:8]1([H:18])[H:19])([H:20])[H:21])([H:11])[C:2](=[O:1])[O:3][H:10])([H:12])[H:13])([H:14])[H:15])[H:17],30.0,10.0
17,0.0462,AM1BCC,AmberTools,,,H,,18,[H:16][C:7]1([C:6]([C:5]([C:4]([C:9]([C:8]1([H:18])[H:19])([H:20])[H:21])([H:11])[C:2](=[O:1])[O:3][H:10])([H:12])[H:13])([H:14])[H:15])[H:17],30.0,10.0
18,0.0462,AM1BCC,AmberTools,,,H,,19,[H:16][C:7]1([C:6]([C:5]([C:4]([C:9]([C:8]1([H:18])[H:19])([H:20])[H:21])([H:11])[C:2](=[O:1])[O:3][H:10])([H:12])[H:13])([H:14])[H:15])[H:17],30.0,10.0
19,0.05445,AM1BCC,AmberTools,,,H,,20,[H:16][C:7]1([C:6]([C:5]([C:4]([C:9]([C:8]1([H:18])[H:19])([H:20])[H:21])([H:11])[C:2](=[O:1])[O:3][H:10])([H:12])[H:13])([H:14])[H:15])[H:17],30.0,10.0
20,0.05445,AM1BCC,AmberTools,,,H,,21,[H:16][C:7]1([C:6]([C:5]([C:4]([C:9]([C:8]1([H:18])[H:19])([H:20])[H:21])([H:11])[C:2](=[O:1])[O:3][H:10])([H:12])[H:13])([H:14])[H:15])[H:17],30.0,10.0
0,-0.556590022785323,AM1BCC,OpenEye,,,O,,1,[H:16][C:7]1([C:6]([C:5]([C:4]([C:9]([C:8]1([H:18])[H:19])([H:20])[H:21])([H:11])[C:2](=[O:1])[O:3][H:10])([H:12])[H:13])([H:14])[H:15])[H:17],30.0,11.0
1,0.6353800275496074,AM1BCC,OpenEye,,,C,,2,[H:16][C:7]1([C:6]([C:5]([C:4]([C:9]([C:8]1([H:18])[H:19])([H:20])[H:21])([H:11])[C:2](=[O:1])[O:3][H:10])([H:12])[H:13])([H:14])[H:15])[H:17],30.0,11.0
2,-0.6029899737664631,AM1BCC,OpenEye,,,O,,3,[H:16][C:7]1([C:6]([C:5]([C:4]([C:9]([C:8]1([H:18])[H:19])([H:20])[H:21])([H:11])[C:2](=[O:1])[O:3][H:10])([H:12])[H:13])([H:14])[H:15])[H:17],30.0,11.0
3,-0.10013000134910856,AM1BCC,OpenEye,,,C,,4,[H:16][C:7]1([C:6]([C:5]([C:4]([C:9]([C:8]1([H:18])[H:19])([H:20])[H:21])([H:11])[C:2](=[O:1])[O:3][H:10])([H:12])[H:13])([H:14])[H:15])[H:17],30.0,11.0
4,-0.07498999897922788,AM1BCC,OpenEye,,,C,,5,[H:16][C:7]1([C:6]([C:5]([C:4]([C:9]([C:8]1([H:18])[H:19])([H:20])[H:21])([H:11])[C:2](=[O:1])[O:3][H:10])([H:12])[H:13])([H:14])[H:15])[H:17],30.0,11.0
5,-0.07748000536646162,AM1BCC,OpenEye,,,C,,6,[H:16][C:7]1([C:6]([C:5]([C:4]([C:9]([C:8]1([H:18])[H:19])([H:20])[H:21])([H:11])[C:2](=[O:1])[O:3][H:10])([H:12])[H:13])([H:14])[H:15])[H:17],30.0,11.0
6,-0.08507000122751508,AM1BCC,OpenEye,,,C,,7,[H:16][C:7]1([C:6]([C:5]([C:4]([C:9]([C:8]1([H:18])[H:19])([H:20])[H:21])([H:11])[C:2](=[O:1])[O:3][H:10])([H:12])[H:13])([H:14])[H:15])[H:17],30.0,11.0
7,-0.07748000536646162,AM1BCC,OpenEye,,,C,,8,[H:16][C:7]1([C:6]([C:5]([C:4]([C:9]([C:8]1([H:18])[H:19])([H:20])[H:21])([H:11])[C:2](=[O:1])[O:3][H:10])([H:12])[H:13])([H:14])[H:15])[H:17],30.0,11.0
8,-0.07498999897922788,AM1BCC,OpenEye,,,C,,9,[H:16][C:7]1([C:6]([C:5]([C:4]([C:9]([C:8]1([H:18])[H:19])([H:20])[H:21])([H:11])[C:2](=[O:1])[O:3][H:10])([H:12])[H:13])([H:14])[H:15])[H:17],30.0,11.0
9,0.44273999120507923,AM1BCC,OpenEye,,,H,,10,[H:16][C:7]1([C:6]([C:5]([C:4]([C:9]([C:8]1([H:18])[H:19])([H:20])[H:21])([H:11])[C:2](=[O:1])[O:3][H:10])([H:12])[H:13])([H:14])[H:15])[H:17],30.0,11.0
10,0.07907999839101519,AM1BCC,OpenEye,,,H,,11,[H:16][C:7]1([C:6]([C:5]([C:4]([C:9]([C:8]1([H:18])[H:19])([H:20])[H:21])([H:11])[C:2](=[O:1])[O:3][H:10])([H:12])[H:13])([H:14])[H:15])[H:17],30.0,11.0
11,0.05639999892030444,AM1BCC,OpenEye,,,H,,12,[H:16][C:7]1([C:6]([C:5]([C:4]([C:9]([C:8]1([H:18])[H:19])([H:20])[H:21])([H:11])[C:2](=[O:1])[O:3][H:10])([H:12])[H:13])([H:14])[H:15])[H:17],30.0,11.0
12,0.05639999892030444,AM1BCC,OpenEye,,,H,,13,[H:16][C:7]1([C:6]([C:5]([C:4]([C:9]([C:8]1([H:18])[H:19])([H:20])[H:21])([H:11])[C:2](=[O:1])[O:3][H:10])([H:12])[H:13])([H:14])[H:15])[H:17],30.0,11.0
13,0.042269998895270486,AM1BCC,OpenEye,,,H,,14,[H:16][C:7]1([C:6]([C:5]([C:4]([C:9]([C:8]1([H:18])[H:19])([H:20])[H:21])([H:11])[C:2](=[O:1])[O:3][H:10])([H:12])[H:13])([H:14])[H:15])[H:17],30.0,11.0
14,0.042269998895270486,AM1BCC,OpenEye,,,H,,15,[H:16][C:7]1([C:6]([C:5]([C:4]([C:9]([C:8]1([H:18])[H:19])([H:20])[H:21])([H:11])[C:2](=[O:1])[O:3][H:10])([H:12])[H:13])([H:14])[H:15])[H:17],30.0,11.0
15,0.048919999705893655,AM1BCC,OpenEye,,,H,,16,[H:16][C:7]1([C:6]([C:5]([C:4]([C:9]([C:8]1([H:18])[H:19])([H:20])[H:21])([H:11])[C:2](=[O:1])[O:3][H:10])([H:12])[H:13])([H:14])[H:15])[H:17],30.0,11.0
16,0.048919999705893655,AM1BCC,OpenEye,,,H,,17,[H:16][C:7]1([C:6]([C:5]([C:4]([C:9]([C:8]1([H:18])[H:19])([H:20])[H:21])([H:11])[C:2](=[O:1])[O:3][H:10])([H:12])[H:13])([H:14])[H:15])[H:17],30.0,11.0
17,0.042269998895270486,AM1BCC,OpenEye,,,H,,18,[H:16][C:7]1([C:6]([C:5]([C:4]([C:9]([C:8]1([H:18])[H:19])([H:20])[H:21])([H:11])[C:2](=[O:1])[O:3][H:10])([H:12])[H:13])([H:14])[H:15])[H:17],30.0,11.0
18,0.042269998895270486,AM1BCC,OpenEye,,,H,,19,[H:16][C:7]1([C:6]([C:5]([C:4]([C:9]([C:8]1([H:18])[H:19])([H:20])[H:21])([H:11])[C:2](=[O:1])[O:3][H:10])([H:12])[H:13])([H:14])[H:15])[H:17],30.0,11.0
19,0.05639999892030444,AM1BCC,OpenEye,,,H,,20,[H:16][C:7]1([C:6]([C:5]([C:4]([C:9]([C:8]1([H:18])[H:19])([H:20])[H:21])([H:11])[C:2](=[O:1])[O:3][H:10])([H:12])[H:13])([H:14])[H:15])[H:17],30.0,11.0
20,0.05639999892030444,AM1BCC,OpenEye,,,H,,21,[H:16][C:7]1([C:6]([C:5]([C:4]([C:9]([C:8]1([H:18])[H:19])([H:20])[H:21])([H:11])[C:2](=[O:1])[O:3][H:10])([H:12])[H:13])([H:14])[H:15])[H:17],30.0,11.0
0,-0.551,AM1BCC,AmberTools,,,O,,1,[H:16][C:7]1([C:6]([C:5]([C:4]([C:9]([C:8]1([H:18])[H:19])([H:20])[H:21])([H:11])[C:2](=[O:1])[O:3][H:10])([H:12])[H:13])([H:14])[H:15])[H:17],30.0,11.0
1,0.6361,AM1BCC,AmberTools,,,C,,2,[H:16][C:7]1([C:6]([C:5]([C:4]([C:9]([C:8]1([H:18])[H:19])([H:20])[H:21])([H:11])[C:2](=[O:1])[O:3][H:10])([H:12])[H:13])([H:14])[H:15])[H:17],30.0,11.0
2,-0.6111,AM1BCC,AmberTools,,,O,,3,[H:16][C:7]1([C:6]([C:5]([C:4]([C:9]([C:8]1([H:18])[H:19])([H:20])[H:21])([H:11])[C:2](=[O:1])[O:3][H:10])([H:12])[H:13])([H:14])[H:15])[H:17],30.0,11.0
3,-0.1037,AM1BCC,AmberTools,,,C,,4,[H:16][C:7]1([C:6]([C:5]([C:4]([C:9]([C:8]1([H:18])[H:19])([H:20])[H:21])([H:11])[C:2](=[O:1])[O:3][H:10])([H:12])[H:13])([H:14])[H:15])[H:17],30.0,11.0
4,-0.0719,AM1BCC,AmberTools,,,C,,5,[H:16][C:7]1([C:6]([C:5]([C:4]([C:9]([C:8]1([H:18])[H:19])([H:20])[H:21])([H:11])[C:2](=[O:1])[O:3][H:10])([H:12])[H:13])([H:14])[H:15])[H:17],30.0,11.0
5,-0.0784,AM1BCC,AmberTools,,,C,,6,[H:16][C:7]1([C:6]([C:5]([C:4]([C:9]([C:8]1([H:18])[H:19])([H:20])[H:21])([H:11])[C:2](=[O:1])[O:3][H:10])([H:12])[H:13])([H:14])[H:15])[H:17],30.0,11.0
6,-0.0774,AM1BCC,AmberTools,,,C,,7,[H:16][C:7]1([C:6]([C:5]([C:4]([C:9]([C:8]1([H:18])[H:19])([H:20])[H:21])([H:11])[C:2](=[O:1])[O:3][H:10])([H:12])[H:13])([H:14])[H:15])[H:17],30.0,11.0
7,-0.0784,AM1BCC,AmberTools,,,C,,8,[H:16][C:7]1([C:6]([C:5]([C:4]([C:9]([C:8]1([H:18])[H:19])([H:20])[H:21])([H:11])[C:2](=[O:1])[O:3][H:10])([H:12])[H:13])([H:14])[H:15])[H:17],30.0,11.0
8,-0.0719,AM1BCC,AmberTools,,,C,,9,[H:16][C:7]1([C:6]([C:5]([C:4]([C:9]([C:8]1([H:18])[H:19])([H:20])[H:21])([H:11])[C:2](=[O:1])[O:3][H:10])([H:12])[H:13])([H:14])[H:15])[H:17],30.0,11.0
9,0.442,AM1BCC,AmberTools,,,H,,10,[H:16][C:7]1([C:6]([C:5]([C:4]([C:9]([C:8]1([H:18])[H:19])([H:20])[H:21])([H:11])[C:2](=[O:1])[O:3][H:10])([H:12])[H:13])([H:14])[H:15])[H:17],30.0,11.0
10,0.0807,AM1BCC,AmberTools,,,H,,11,[H:16][C:7]1([C:6]([C:5]([C:4]([C:9]([C:8]1([H:18])[H:19])([H:20])[H:21])([H:11])[C:2](=[O:1])[O:3][H:10])([H:12])[H:13])([H:14])[H:15])[H:17],30.0,11.0
11,0.05445,AM1BCC,AmberTools,,,H,,12,[H:16][C:7]1([C:6]([C:5]([C:4]([C:9]([C:8]1([H:18])[H:19])([H:20])[H:21])([H:11])[C:2](=[O:1])[O:3][H:10])([H:12])[H:13])([H:14])[H:15])[H:17],30.0,11.0
12,0.05445,AM1BCC,AmberTools,,,H,,13,[H:16][C:7]1([C:6]([C:5]([C:4]([C:9]([C:8]1([H:18])[H:19])([H:20])[H:21])([H:11])[C:2](=[O:1])[O:3][H:10])([H:12])[H:13])([H:14])[H:15])[H:17],30.0,11.0
13,0.0462,AM1BCC,AmberTools,,,H,,14,[H:16][C:7]1([C:6]([C:5]([C:4]([C:9]([C:8]1([H:18])[H:19])([H:20])[H:21])([H:11])[C:2](=[O:1])[O:3][H:10])([H:12])[H:13])([H:14])[H:15])[H:17],30.0,11.0
14,0.0462,AM1BCC,AmberTools,,,H,,15,[H:16][C:7]1([C:6]([C:5]([C:4]([C:9]([C:8]1([H:18])[H:19])([H:20])[H:21])([H:11])[C:2](=[O:1])[O:3][H:10])([H:12])[H:13])([H:14])[H:15])[H:17],30.0,11.0
15,0.0412,AM1BCC,AmberTools,,,H,,16,[H:16][C:7]1([C:6]([C:5]([C:4]([C:9]([C:8]1([H:18])[H:19])([H:20])[H:21])([H:11])[C:2](=[O:1])[O:3][H:10])([H:12])[H:13])([H:14])[H:15])[H:17],30.0,11.0
16,0.0412,AM1BCC,AmberTools,,,H,,17,[H:16][C:7]1([C:6]([C:5]([C:4]([C:9]([C:8]1([H:18])[H:19])([H:20])[H:21])([H:11])[C:2](=[O:1])[O:3][H:10])([H:12])[H:13])([H:14])[H:15])[H:17],30.0,11.0
17,0.0462,AM1BCC,AmberTools,,,H,,18,[H:16][C:7]1([C:6]([C:5]([C:4]([C:9]([C:8]1([H:18])[H:19])([H:20])[H:21])([H:11])[C:2](=[O:1])[O:3][H:10])([H:12])[H:13])([H:14])[H:15])[H:17],30.0,11.0
18,0.0462,AM1BCC,AmberTools,,,H,,19,[H:16][C:7]1([C:6]([C:5]([C:4]([C:9]([C:8]1([H:18])[H:19])([H:20])[H:21])([H:11])[C:2](=[O:1])[O:3][H:10])([H:12])[H:13])([H:14])[H:15])[H:17],30.0,11.0
19,0.05445,AM1BCC,AmberTools,,,H,,20,[H:16][C:7]1([C:6]([C:5]([C:4]([C:9]([C:8]1([H:18])[H:19])([H:20])[H:21])([H:11])[C:2](=[O:1])[O:3][H:10])([H:12])[H:13])([H:14])[H:15])[H:17],30.0,11.0
20,0.05445,AM1BCC,AmberTools,,,H,,21,[H:16][C:7]1([C:6]([C:5]([C:4]([C:9]([C:8]1([H:18])[H:19])([H:20])[H:21])([H:11])[C:2](=[O:1])[O:3][H:10])([H:12])[H:13])([H:14])[H:15])[H:17],30.0,11.0
0,-0.5565900224305335,AM1BCC,OpenEye,,,O,,1,[H:16][C:7]1([C:6]([C:5]([C:4]([C:9]([C:8]1([H:18])[H:19])([H:20])[H:21])([H:11])[C:2](=[O:1])[O:3][H:10])([H:12])[H:13])([H:14])[H:15])[H:17],30.0,12.0
1,0.635380027904397,AM1BCC,OpenEye,,,C,,2,[H:16][C:7]1([C:6]([C:5]([C:4]([C:9]([C:8]1([H:18])[H:19])([H:20])[H:21])([H:11])[C:2](=[O:1])[O:3][H:10])([H:12])[H:13])([H:14])[H:15])[H:17],30.0,12.0
2,-0.6029899734116736,AM1BCC,OpenEye,,,O,,3,[H:16][C:7]1([C:6]([C:5]([C:4]([C:9]([C:8]1([H:18])[H:19])([H:20])[H:21])([H:11])[C:2](=[O:1])[O:3][H:10])([H:12])[H:13])([H:14])[H:15])[H:17],30.0,12.0
3,-0.10012000231515794,AM1BCC,OpenEye,,,C,,4,[H:16][C:7]1([C:6]([C:5]([C:4]([C:9]([C:8]1([H:18])[H:19])([H:20])[H:21])([H:11])[C:2](=[O:1])[O:3][H:10])([H:12])[H:13])([H:14])[H:15])[H:17],30.0,12.0
4,-0.07498999862443834,AM1BCC,OpenEye,,,C,,5,[H:16][C:7]1([C:6]([C:5]([C:4]([C:9]([C:8]1([H:18])[H:19])([H:20])[H:21])([H:11])[C:2](=[O:1])[O:3][H:10])([H:12])[H:13])([H:14])[H:15])[H:17],30.0,12.0
5,-0.07748000501167207,AM1BCC,OpenEye,,,C,,6,[H:16][C:7]1([C:6]([C:5]([C:4]([C:9]([C:8]1([H:18])[H:19])([H:20])[H:21])([H:11])[C:2](=[O:1])[O:3][H:10])([H:12])[H:13])([H:14])[H:15])[H:17],30.0,12.0
6,-0.08506000219356447,AM1BCC,OpenEye,,,C,,7,[H:16][C:7]1([C:6]([C:5]([C:4]([C:9]([C:8]1([H:18])[H:19])([H:20])[H:21])([H:11])[C:2](=[O:1])[O:3][H:10])([H:12])[H:13])([H:14])[H:15])[H:17],30.0,12.0
7,-0.07748000501167207,AM1BCC,OpenEye,,,C,,8,[H:16][C:7]1([C:6]([C:5]([C:4]([C:9]([C:8]1([H:18])[H:19])([H:20])[H:21])([H:11])[C:2](=[O:1])[O:3][H:10])([H:12])[H:13])([H:14])[H:15])[H:17],30.0,12.0
8,-0.07498999862443834,AM1BCC,OpenEye,,,C,,9,[H:16][C:7]1([C:6]([C:5]([C:4]([C:9]([C:8]1([H:18])[H:19])([H:20])[H:21])([H:11])[C:2](=[O:1])[O:3][H:10])([H:12])[H:13])([H:14])[H:15])[H:17],30.0,12.0
9,0.44273999155986876,AM1BCC,OpenEye,,,H,,10,[H:16][C:7]1([C:6]([C:5]([C:4]([C:9]([C:8]1([H:18])[H:19])([H:20])[H:21])([H:11])[C:2](=[O:1])[O:3][H:10])([H:12])[H:13])([H:14])[H:15])[H:17],30.0,12.0
10,0.07907999874580474,AM1BCC,OpenEye,,,H,,11,[H:16][C:7]1([C:6]([C:5]([C:4]([C:9]([C:8]1([H:18])[H:19])([H:20])[H:21])([H:11])[C:2](=[O:1])[O:3][H:10])([H:12])[H:13])([H:14])[H:15])[H:17],30.0,12.0
11,0.05639999927509399,AM1BCC,OpenEye,,,H,,12,[H:16][C:7]1([C:6]([C:5]([C:4]([C:9]([C:8]1([H:18])[H:19])([H:20])[H:21])([H:11])[C:2](=[O:1])[O:3][H:10])([H:12])[H:13])([H:14])[H:15])[H:17],30.0,12.0
12,0.05639999927509399,AM1BCC,OpenEye,,,H,,13,[H:16][C:7]1([C:6]([C:5]([C:4]([C:9]([C:8]1([H:18])[H:19])([H:20])[H:21])([H:11])[C:2](=[O:1])[O:3][H:10])([H:12])[H:13])([H:14])[H:15])[H:17],30.0,12.0
13,0.04226999925006004,AM1BCC,OpenEye,,,H,,14,[H:16][C:7]1([C:6]([C:5]([C:4]([C:9]([C:8]1([H:18])[H:19])([H:20])[H:21])([H:11])[C:2](=[O:1])[O:3][H:10])([H:12])[H:13])([H:14])[H:15])[H:17],30.0,12.0
14,0.04226999925006004,AM1BCC,OpenEye,,,H,,15,[H:16][C:7]1([C:6]([C:5]([C:4]([C:9]([C:8]1([H:18])[H:19])([H:20])[H:21])([H:11])[C:2](=[O:1])[O:3][H:10])([H:12])[H:13])([H:14])[H:15])[H:17],30.0,12.0
15,0.048909997656231836,AM1BCC,OpenEye,,,H,,16,[H:16][C:7]1([C:6]([C:5]([C:4]([C:9]([C:8]1([H:18])[H:19])([H:20])[H:21])([H:11])[C:2](=[O:1])[O:3][H:10])([H:12])[H:13])([H:14])[H:15])[H:17],30.0,12.0
16,0.048909997656231836,AM1BCC,OpenEye,,,H,,17,[H:16][C:7]1([C:6]([C:5]([C:4]([C:9]([C:8]1([H:18])[H:19])([H:20])[H:21])([H:11])[C:2](=[O:1])[O:3][H:10])([H:12])[H:13])([H:14])[H:15])[H:17],30.0,12.0
17,0.04226999925006004,AM1BCC,OpenEye,,,H,,18,[H:16][C:7]1([C:6]([C:5]([C:4]([C:9]([C:8]1([H:18])[H:19])([H:20])[H:21])([H:11])[C:2](=[O:1])[O:3][H:10])([H:12])[H:13])([H:14])[H:15])[H:17],30.0,12.0
18,0.04226999925006004,AM1BCC,OpenEye,,,H,,19,[H:16][C:7]1([C:6]([C:5]([C:4]([C:9]([C:8]1([H:18])[H:19])([H:20])[H:21])([H:11])[C:2](=[O:1])[O:3][H:10])([H:12])[H:13])([H:14])[H:15])[H:17],30.0,12.0
19,0.05639999927509399,AM1BCC,OpenEye,,,H,,20,[H:16][C:7]1([C:6]([C:5]([C:4]([C:9]([C:8]1([H:18])[H:19])([H:20])[H:21])([H:11])[C:2](=[O:1])[O:3][H:10])([H:12])[H:13])([H:14])[H:15])[H:17],30.0,12.0
20,0.05639999927509399,AM1BCC,OpenEye,,,H,,21,[H:16][C:7]1([C:6]([C:5]([C:4]([C:9]([C:8]1([H:18])[H:19])([H:20])[H:21])([H:11])[C:2](=[O:1])[O:3][H:10])([H:12])[H:13])([H:14])[H:15])[H:17],30.0,12.0
0,-0.551,AM1BCC,AmberTools,,,O,,1,[H:16][C:7]1([C:6]([C:5]([C:4]([C:9]([C:8]1([H:18])[H:19])([H:20])[H:21])([H:11])[C:2](=[O:1])[O:3][H:10])([H:12])[H:13])([H:14])[H:15])[H:17],30.0,12.0
1,0.6361,AM1BCC,AmberTools,,,C,,2,[H:16][C:7]1([C:6]([C:5]([C:4]([C:9]([C:8]1([H:18])[H:19])([H:20])[H:21])([H:11])[C:2](=[O:1])[O:3][H:10])([H:12])[H:13])([H:14])[H:15])[H:17],30.0,12.0
2,-0.6111,AM1BCC,AmberTools,,,O,,3,[H:16][C:7]1([C:6]([C:5]([C:4]([C:9]([C:8]1([H:18])[H:19])([H:20])[H:21])([H:11])[C:2](=[O:1])[O:3][H:10])([H:12])[H:13])([H:14])[H:15])[H:17],30.0,12.0
3,-0.1037,AM1BCC,AmberTools,,,C,,4,[H:16][C:7]1([C:6]([C:5]([C:4]([C:9]([C:8]1([H:18])[H:19])([H:20])[H:21])([H:11])[C:2](=[O:1])[O:3][H:10])([H:12])[H:13])([H:14])[H:15])[H:17],30.0,12.0
4,-0.0719,AM1BCC,AmberTools,,,C,,5,[H:16][C:7]1([C:6]([C:5]([C:4]([C:9]([C:8]1([H:18])[H:19])([H:20])[H:21])([H:11])[C:2](=[O:1])[O:3][H:10])([H:12])[H:13])([H:14])[H:15])[H:17],30.0,12.0
5,-0.0784,AM1BCC,AmberTools,,,C,,6,[H:16][C:7]1([C:6]([C:5]([C:4]([C:9]([C:8]1([H:18])[H:19])([H:20])[H:21])([H:11])[C:2](=[O:1])[O:3][H:10])([H:12])[H:13])([H:14])[H:15])[H:17],30.0,12.0
6,-0.0774,AM1BCC,AmberTools,,,C,,7,[H:16][C:7]1([C:6]([C:5]([C:4]([C:9]([C:8]1([H:18])[H:19])([H:20])[H:21])([H:11])[C:2](=[O:1])[O:3][H:10])([H:12])[H:13])([H:14])[H:15])[H:17],30.0,12.0
7,-0.0784,AM1BCC,AmberTools,,,C,,8,[H:16][C:7]1([C:6]([C:5]([C:4]([C:9]([C:8]1([H:18])[H:19])([H:20])[H:21])([H:11])[C:2](=[O:1])[O:3][H:10])([H:12])[H:13])([H:14])[H:15])[H:17],30.0,12.0
8,-0.0719,AM1BCC,AmberTools,,,C,,9,[H:16][C:7]1([C:6]([C:5]([C:4]([C:9]([C:8]1([H:18])[H:19])([H:20])[H:21])([H:11])[C:2](=[O:1])[O:3][H:10])([H:12])[H:13])([H:14])[H:15])[H:17],30.0,12.0
9,0.442,AM1BCC,AmberTools,,,H,,10,[H:16][C:7]1([C:6]([C:5]([C:4]([C:9]([C:8]1([H:18])[H:19])([H:20])[H:21])([H:11])[C:2](=[O:1])[O:3][H:10])([H:12])[H:13])([H:14])[H:15])[H:17],30.0,12.0
10,0.0807,AM1BCC,AmberTools,,,H,,11,[H:16][C:7]1([C:6]([C:5]([C:4]([C:9]([C:8]1([H:18])[H:19])([H:20])[H:21])([H:11])[C:2](=[O:1])[O:3][H:10])([H:12])[H:13])([H:14])[H:15])[H:17],30.0,12.0
11,0.05445,AM1BCC,AmberTools,,,H,,12,[H:16][C:7]1([C:6]([C:5]([C:4]([C:9]([C:8]1([H:18])[H:19])([H:20])[H:21])([H:11])[C:2](=[O:1])[O:3][H:10])([H:12])[H:13])([H:14])[H:15])[H:17],30.0,12.0
12,0.05445,AM1BCC,AmberTools,,,H,,13,[H:16][C:7]1([C:6]([C:5]([C:4]([C:9]([C:8]1([H:18])[H:19])([H:20])[H:21])([H:11])[C:2](=[O:1])[O:3][H:10])([H:12])[H:13])([H:14])[H:15])[H:17],30.0,12.0
13,0.0462,AM1BCC,AmberTools,,,H,,14,[H:16][C:7]1([C:6]([C:5]([C:4]([C:9]([C:8]1([H:18])[H:19])([H:20])[H:21])([H:11])[C:2](=[O:1])[O:3][H:10])([H:12])[H:13])([H:14])[H:15])[H:17],30.0,12.0
14,0.0462,AM1BCC,AmberTools,,,H,,15,[H:16][C:7]1([C:6]([C:5]([C:4]([C:9]([C:8]1([H:18])[H:19])([H:20])[H:21])([H:11])[C:2](=[O:1])[O:3][H:10])([H:12])[H:13])([H:14])[H:15])[H:17],30.0,12.0
15,0.0412,AM1BCC,AmberTools,,,H,,16,[H:16][C:7]1([C:6]([C:5]([C:4]([C:9]([C:8]1([H:18])[H:19])([H:20])[H:21])([H:11])[C:2](=[O:1])[O:3][H:10])([H:12])[H:13])([H:14])[H:15])[H:17],30.0,12.0
16,0.0412,AM1BCC,AmberTools,,,H,,17,[H:16][C:7]1([C:6]([C:5]([C:4]([C:9]([C:8]1([H:18])[H:19])([H:20])[H:21])([H:11])[C:2](=[O:1])[O:3][H:10])([H:12])[H:13])([H:14])[H:15])[H:17],30.0,12.0
17,0.0462,AM1BCC,AmberTools,,,H,,18,[H:16][C:7]1([C:6]([C:5]([C:4]([C:9]([C:8]1([H:18])[H:19])([H:20])[H:21])([H:11])[C:2](=[O:1])[O:3][H:10])([H:12])[H:13])([H:14])[H:15])[H:17],30.0,12.0
18,0.0462,AM1BCC,AmberTools,,,H,,19,[H:16][C:7]1([C:6]([C:5]([C:4]([C:9]([C:8]1([H:18])[H:19])([H:20])[H:21])([H:11])[C:2](=[O:1])[O:3][H:10])([H:12])[H:13])([H:14])[H:15])[H:17],30.0,12.0
19,0.05445,AM1BCC,AmberTools,,,H,,20,[H:16][C:7]1([C:6]([C:5]([C:4]([C:9]([C:8]1([H:18])[H:19])([H:20])[H:21])([H:11])[C:2](=[O:1])[O:3][H:10])([H:12])[H:13])([H:14])[H:15])[H:17],30.0,12.0
20,0.05445,AM1BCC,AmberTools,,,H,,21,[H:16][C:7]1([C:6]([C:5]([C:4]([C:9]([C:8]1([H:18])[H:19])([H:20])[H:21])([H:11])[C:2](=[O:1])[O:3][H:10])([H:12])[H:13])([H:14])[H:15])[H:17],30.0,12.0
