{"resp_b": 0.1, "restrained_fit": true, "exclude_hydrogens": true, "convergence_tolerance": 1e-06, "max_iter": 500, "resp_a": 0.0005, "charge_constraints": {"charge_sum_constraints": [], "charge_equivalence_constraints": [], "molecules": [{"qcmol": {"schema_name": "qcschema_molecule", "schema_version": 2, "validated": true, "symbols": ["C", "C", "C", "C", "C", "C", "O", "O", "C", "H", "H", "H", "H", "H", "H", "H", "H", "H", "H", "H", "H", "H", "H"], "geometry": [[0.0, 0.0, 0.0], [2.890774558665636, -2.2469464784662825e-16, -7.68415122652562e-16], [4.094237549110723, 2.6348558581484083, 1.1102230246251565e-16], [3.6174534601439277, 4.166054500838433, -2.407091137995234], [4.988608107495329, 6.723863279169256, -2.349927294018968], [4.475114894153166, 8.264097832733707, -4.691629861818154], [3.2021773397438147, 10.114302921636224, -4.766400954860849], [5.59683675420128, 7.2903211640102175, -6.713275665285793], [5.207539481792054, 8.549713567893498, -9.041697519016745], [-0.7376154559686277, 1.0653111783045532, 1.5929736132814807], [-0.7700308622773108, 0.8226148381607798, -1.7127672355101073], [-0.7256193224134968, -1.913535191603137, 0.14097726027281932], [3.550256395827552, -1.0105702433133255, 1.6623995143256187], [3.576041161497872, -1.0593743108032057, -1.623361022627159], [3.4127480889251984, 3.6923512798743885, 1.6275325441185418], [6.123673617522272, 2.4271032260657517, 0.25610823721171877], [4.248011244846358, 3.0975115768492207, -4.041360747266622], [1.6070253810554185, 4.499394009921007, -2.6482727575154814], [4.373783733629729, 7.834108488531827, -0.745954772465276], [7.011576990455461, 6.423013281440352, -2.199277026311264], [6.252112496873065, 7.486457140477029, -10.432777489658694], [5.904712301069448, 10.466352898204757, -8.945492873187042], [3.2222946241167136, 8.58080595791108, -9.518183850466679]], "name": "C7H14O2", "identifiers": {"molecule_hash": "fb9b31729ad49c67e90ece9d71bd28faeeae217c", "molecular_formula": "C7H14O2"}, "molecular_charge": 0.0, "molecular_multiplicity": 1, "connectivity": [[0, 1, 1.0], [0, 9, 1.0], [0, 10, 1.0], [0, 11, 1.0], [1, 2, 1.0], [1, 12, 1.0], [1, 13, 1.0], [2, 3, 1.0], [2, 14, 1.0], [2, 15, 1.0], [3, 4, 1.0], [3, 16, 1.0], [3, 17, 1.0], [4, 5, 1.0], [4, 18, 1.0], [4, 19, 1.0], [5, 6, 2.0], [5, 7, 1.0], [7, 8, 1.0], [8, 20, 1.0], [8, 21, 1.0], [8, 22, 1.0]], "fix_com": true, "fix_orientation": true, "provenance": {"creator": "QCElemental", "version": "v0.22.0", "routine": "qcelemental.molparse.from_schema"}, "id": "163227"}, "charge": 0, "optimize_geometry": false, "conformers": [], "conformer_generation_options": {"n_conformer_pool": 4000, "n_max_conformers": 0, "rms_tolerance": 0.05, "energy_window": 15, "keep_original_conformer": true}, "stage_1_unrestrained_charges": null, "stage_1_restrained_charges": null, "stage_2_unrestrained_charges": null, "stage_2_restrained_charges": null, "keep_original_orientation": false, "reorientations": [], "translations": [], "rotations": []}], "unconstrained_atoms": [{"index": 0, "molecule": {"qcmol": {"schema_name": "qcschema_molecule", "schema_version": 2, "validated": true, "symbols": ["C", "C", "C", "C", "C", "C", "O", "O", "C", "H", "H", "H", "H", "H", "H", "H", "H", "H", "H", "H", "H", "H", "H"], "geometry": [[0.0, 0.0, 0.0], [2.890774558665636, -2.2469464784662825e-16, -7.68415122652562e-16], [4.094237549110723, 2.6348558581484083, 1.1102230246251565e-16], [3.6174534601439277, 4.166054500838433, -2.407091137995234], [4.988608107495329, 6.723863279169256, -2.349927294018968], [4.475114894153166, 8.264097832733707, -4.691629861818154], [3.2021773397438147, 10.114302921636224, -4.766400954860849], [5.59683675420128, 7.2903211640102175, -6.713275665285793], [5.207539481792054, 8.549713567893498, -9.041697519016745], [-0.7376154559686277, 1.0653111783045532, 1.5929736132814807], [-0.7700308622773108, 0.8226148381607798, -1.7127672355101073], [-0.7256193224134968, -1.913535191603137, 0.14097726027281932], [3.550256395827552, -1.0105702433133255, 1.6623995143256187], [3.576041161497872, -1.0593743108032057, -1.623361022627159], [3.4127480889251984, 3.6923512798743885, 1.6275325441185418], [6.123673617522272, 2.4271032260657517, 0.25610823721171877], [4.248011244846358, 3.0975115768492207, -4.041360747266622], [1.6070253810554185, 4.499394009921007, -2.6482727575154814], [4.373783733629729, 7.834108488531827, -0.745954772465276], [7.011576990455461, 6.423013281440352, -2.199277026311264], [6.252112496873065, 7.486457140477029, -10.432777489658694], [5.904712301069448, 10.466352898204757, -8.945492873187042], [3.2222946241167136, 8.58080595791108, -9.518183850466679]], "name": "C7H14O2", "identifiers": {"molecule_hash": "fb9b31729ad49c67e90ece9d71bd28faeeae217c", "molecular_formula": "C7H14O2"}, "molecular_charge": 0.0, "molecular_multiplicity": 1, "connectivity": [[0, 1, 1.0], [0, 9, 1.0], [0, 10, 1.0], [0, 11, 1.0], [1, 2, 1.0], [1, 12, 1.0], [1, 13, 1.0], [2, 3, 1.0], [2, 14, 1.0], [2, 15, 1.0], [3, 4, 1.0], [3, 16, 1.0], [3, 17, 1.0], [4, 5, 1.0], [4, 18, 1.0], [4, 19, 1.0], [5, 6, 2.0], [5, 7, 1.0], [7, 8, 1.0], [8, 20, 1.0], [8, 21, 1.0], [8, 22, 1.0]], "fix_com": true, "fix_orientation": true, "provenance": {"creator": "QCElemental", "version": "v0.22.0", "routine": "qcelemental.molparse.from_schema"}, "id": "163227"}, "charge": 0, "optimize_geometry": false, "conformers": [], "conformer_generation_options": {"n_conformer_pool": 4000, "n_max_conformers": 0, "rms_tolerance": 0.05, "energy_window": 15, "keep_original_conformer": true}, "stage_1_unrestrained_charges": null, "stage_1_restrained_charges": null, "stage_2_unrestrained_charges": null, "stage_2_restrained_charges": null, "keep_original_orientation": false, "reorientations": [], "translations": [], "rotations": []}}, {"index": 1, "molecule": {"qcmol": {"schema_name": "qcschema_molecule", "schema_version": 2, "validated": true, "symbols": ["C", "C", "C", "C", "C", "C", "O", "O", "C", "H", "H", "H", "H", "H", "H", "H", "H", "H", "H", "H", "H", "H", "H"], "geometry": [[0.0, 0.0, 0.0], [2.890774558665636, -2.2469464784662825e-16, -7.68415122652562e-16], [4.094237549110723, 2.6348558581484083, 1.1102230246251565e-16], [3.6174534601439277, 4.166054500838433, -2.407091137995234], [4.988608107495329, 6.723863279169256, -2.349927294018968], [4.475114894153166, 8.264097832733707, -4.691629861818154], [3.2021773397438147, 10.114302921636224, -4.766400954860849], [5.59683675420128, 7.2903211640102175, -6.713275665285793], [5.207539481792054, 8.549713567893498, -9.041697519016745], [-0.7376154559686277, 1.0653111783045532, 1.5929736132814807], [-0.7700308622773108, 0.8226148381607798, -1.7127672355101073], [-0.7256193224134968, -1.913535191603137, 0.14097726027281932], [3.550256395827552, -1.0105702433133255, 1.6623995143256187], [3.576041161497872, -1.0593743108032057, -1.623361022627159], [3.4127480889251984, 3.6923512798743885, 1.6275325441185418], [6.123673617522272, 2.4271032260657517, 0.25610823721171877], [4.248011244846358, 3.0975115768492207, -4.041360747266622], [1.6070253810554185, 4.499394009921007, -2.6482727575154814], [4.373783733629729, 7.834108488531827, -0.745954772465276], [7.011576990455461, 6.423013281440352, -2.199277026311264], [6.252112496873065, 7.486457140477029, -10.432777489658694], [5.904712301069448, 10.466352898204757, -8.945492873187042], [3.2222946241167136, 8.58080595791108, -9.518183850466679]], "name": "C7H14O2", "identifiers": {"molecule_hash": "fb9b31729ad49c67e90ece9d71bd28faeeae217c", "molecular_formula": "C7H14O2"}, "molecular_charge": 0.0, "molecular_multiplicity": 1, "connectivity": [[0, 1, 1.0], [0, 9, 1.0], [0, 10, 1.0], [0, 11, 1.0], [1, 2, 1.0], [1, 12, 1.0], [1, 13, 1.0], [2, 3, 1.0], [2, 14, 1.0], [2, 15, 1.0], [3, 4, 1.0], [3, 16, 1.0], [3, 17, 1.0], [4, 5, 1.0], [4, 18, 1.0], [4, 19, 1.0], [5, 6, 2.0], [5, 7, 1.0], [7, 8, 1.0], [8, 20, 1.0], [8, 21, 1.0], [8, 22, 1.0]], "fix_com": true, "fix_orientation": true, "provenance": {"creator": "QCElemental", "version": "v0.22.0", "routine": "qcelemental.molparse.from_schema"}, "id": "163227"}, "charge": 0, "optimize_geometry": false, "conformers": [], "conformer_generation_options": {"n_conformer_pool": 4000, "n_max_conformers": 0, "rms_tolerance": 0.05, "energy_window": 15, "keep_original_conformer": true}, "stage_1_unrestrained_charges": null, "stage_1_restrained_charges": null, "stage_2_unrestrained_charges": null, "stage_2_restrained_charges": null, "keep_original_orientation": false, "reorientations": [], "translations": [], "rotations": []}}, {"index": 2, "molecule": {"qcmol": {"schema_name": "qcschema_molecule", "schema_version": 2, "validated": true, "symbols": ["C", "C", "C", "C", "C", "C", "O", "O", "C", "H", "H", "H", "H", "H", "H", "H", "H", "H", "H", "H", "H", "H", "H"], "geometry": [[0.0, 0.0, 0.0], [2.890774558665636, -2.2469464784662825e-16, -7.68415122652562e-16], [4.094237549110723, 2.6348558581484083, 1.1102230246251565e-16], [3.6174534601439277, 4.166054500838433, -2.407091137995234], [4.988608107495329, 6.723863279169256, -2.349927294018968], [4.475114894153166, 8.264097832733707, -4.691629861818154], [3.2021773397438147, 10.114302921636224, -4.766400954860849], [5.59683675420128, 7.2903211640102175, -6.713275665285793], [5.207539481792054, 8.549713567893498, -9.041697519016745], [-0.7376154559686277, 1.0653111783045532, 1.5929736132814807], [-0.7700308622773108, 0.8226148381607798, -1.7127672355101073], [-0.7256193224134968, -1.913535191603137, 0.14097726027281932], [3.550256395827552, -1.0105702433133255, 1.6623995143256187], [3.576041161497872, -1.0593743108032057, -1.623361022627159], [3.4127480889251984, 3.6923512798743885, 1.6275325441185418], [6.123673617522272, 2.4271032260657517, 0.25610823721171877], [4.248011244846358, 3.0975115768492207, -4.041360747266622], [1.6070253810554185, 4.499394009921007, -2.6482727575154814], [4.373783733629729, 7.834108488531827, -0.745954772465276], [7.011576990455461, 6.423013281440352, -2.199277026311264], [6.252112496873065, 7.486457140477029, -10.432777489658694], [5.904712301069448, 10.466352898204757, -8.945492873187042], [3.2222946241167136, 8.58080595791108, -9.518183850466679]], "name": "C7H14O2", "identifiers": {"molecule_hash": "fb9b31729ad49c67e90ece9d71bd28faeeae217c", "molecular_formula": "C7H14O2"}, "molecular_charge": 0.0, "molecular_multiplicity": 1, "connectivity": [[0, 1, 1.0], [0, 9, 1.0], [0, 10, 1.0], [0, 11, 1.0], [1, 2, 1.0], [1, 12, 1.0], [1, 13, 1.0], [2, 3, 1.0], [2, 14, 1.0], [2, 15, 1.0], [3, 4, 1.0], [3, 16, 1.0], [3, 17, 1.0], [4, 5, 1.0], [4, 18, 1.0], [4, 19, 1.0], [5, 6, 2.0], [5, 7, 1.0], [7, 8, 1.0], [8, 20, 1.0], [8, 21, 1.0], [8, 22, 1.0]], "fix_com": true, "fix_orientation": true, "provenance": {"creator": "QCElemental", "version": "v0.22.0", "routine": "qcelemental.molparse.from_schema"}, "id": "163227"}, "charge": 0, "optimize_geometry": false, "conformers": [], "conformer_generation_options": {"n_conformer_pool": 4000, "n_max_conformers": 0, "rms_tolerance": 0.05, "energy_window": 15, "keep_original_conformer": true}, "stage_1_unrestrained_charges": null, "stage_1_restrained_charges": null, "stage_2_unrestrained_charges": null, "stage_2_restrained_charges": null, "keep_original_orientation": false, "reorientations": [], "translations": [], "rotations": []}}, {"index": 3, "molecule": {"qcmol": {"schema_name": "qcschema_molecule", "schema_version": 2, "validated": true, "symbols": ["C", "C", "C", "C", "C", "C", "O", "O", "C", "H", "H", "H", "H", "H", "H", "H", "H", "H", "H", "H", "H", "H", "H"], "geometry": [[0.0, 0.0, 0.0], [2.890774558665636, -2.2469464784662825e-16, -7.68415122652562e-16], [4.094237549110723, 2.6348558581484083, 1.1102230246251565e-16], [3.6174534601439277, 4.166054500838433, -2.407091137995234], [4.988608107495329, 6.723863279169256, -2.349927294018968], [4.475114894153166, 8.264097832733707, -4.691629861818154], [3.2021773397438147, 10.114302921636224, -4.766400954860849], [5.59683675420128, 7.2903211640102175, -6.713275665285793], [5.207539481792054, 8.549713567893498, -9.041697519016745], [-0.7376154559686277, 1.0653111783045532, 1.5929736132814807], [-0.7700308622773108, 0.8226148381607798, -1.7127672355101073], [-0.7256193224134968, -1.913535191603137, 0.14097726027281932], [3.550256395827552, -1.0105702433133255, 1.6623995143256187], [3.576041161497872, -1.0593743108032057, -1.623361022627159], [3.4127480889251984, 3.6923512798743885, 1.6275325441185418], [6.123673617522272, 2.4271032260657517, 0.25610823721171877], [4.248011244846358, 3.0975115768492207, -4.041360747266622], [1.6070253810554185, 4.499394009921007, -2.6482727575154814], [4.373783733629729, 7.834108488531827, -0.745954772465276], [7.011576990455461, 6.423013281440352, -2.199277026311264], [6.252112496873065, 7.486457140477029, -10.432777489658694], [5.904712301069448, 10.466352898204757, -8.945492873187042], [3.2222946241167136, 8.58080595791108, -9.518183850466679]], "name": "C7H14O2", "identifiers": {"molecule_hash": "fb9b31729ad49c67e90ece9d71bd28faeeae217c", "molecular_formula": "C7H14O2"}, "molecular_charge": 0.0, "molecular_multiplicity": 1, "connectivity": [[0, 1, 1.0], [0, 9, 1.0], [0, 10, 1.0], [0, 11, 1.0], [1, 2, 1.0], [1, 12, 1.0], [1, 13, 1.0], [2, 3, 1.0], [2, 14, 1.0], [2, 15, 1.0], [3, 4, 1.0], [3, 16, 1.0], [3, 17, 1.0], [4, 5, 1.0], [4, 18, 1.0], [4, 19, 1.0], [5, 6, 2.0], [5, 7, 1.0], [7, 8, 1.0], [8, 20, 1.0], [8, 21, 1.0], [8, 22, 1.0]], "fix_com": true, "fix_orientation": true, "provenance": {"creator": "QCElemental", "version": "v0.22.0", "routine": "qcelemental.molparse.from_schema"}, "id": "163227"}, "charge": 0, "optimize_geometry": false, "conformers": [], "conformer_generation_options": {"n_conformer_pool": 4000, "n_max_conformers": 0, "rms_tolerance": 0.05, "energy_window": 15, "keep_original_conformer": true}, "stage_1_unrestrained_charges": null, "stage_1_restrained_charges": null, "stage_2_unrestrained_charges": null, "stage_2_restrained_charges": null, "keep_original_orientation": false, "reorientations": [], "translations": [], "rotations": []}}, {"index": 4, "molecule": {"qcmol": {"schema_name": "qcschema_molecule", "schema_version": 2, "validated": true, "symbols": ["C", "C", "C", "C", "C", "C", "O", "O", "C", "H", "H", "H", "H", "H", "H", "H", "H", "H", "H", "H", "H", "H", "H"], "geometry": [[0.0, 0.0, 0.0], [2.890774558665636, -2.2469464784662825e-16, -7.68415122652562e-16], [4.094237549110723, 2.6348558581484083, 1.1102230246251565e-16], [3.6174534601439277, 4.166054500838433, -2.407091137995234], [4.988608107495329, 6.723863279169256, -2.349927294018968], [4.475114894153166, 8.264097832733707, -4.691629861818154], [3.2021773397438147, 10.114302921636224, -4.766400954860849], [5.59683675420128, 7.2903211640102175, -6.713275665285793], [5.207539481792054, 8.549713567893498, -9.041697519016745], [-0.7376154559686277, 1.0653111783045532, 1.5929736132814807], [-0.7700308622773108, 0.8226148381607798, -1.7127672355101073], [-0.7256193224134968, -1.913535191603137, 0.14097726027281932], [3.550256395827552, -1.0105702433133255, 1.6623995143256187], [3.576041161497872, -1.0593743108032057, -1.623361022627159], [3.4127480889251984, 3.6923512798743885, 1.6275325441185418], [6.123673617522272, 2.4271032260657517, 0.25610823721171877], [4.248011244846358, 3.0975115768492207, -4.041360747266622], [1.6070253810554185, 4.499394009921007, -2.6482727575154814], [4.373783733629729, 7.834108488531827, -0.745954772465276], [7.011576990455461, 6.423013281440352, -2.199277026311264], [6.252112496873065, 7.486457140477029, -10.432777489658694], [5.904712301069448, 10.466352898204757, -8.945492873187042], [3.2222946241167136, 8.58080595791108, -9.518183850466679]], "name": "C7H14O2", "identifiers": {"molecule_hash": "fb9b31729ad49c67e90ece9d71bd28faeeae217c", "molecular_formula": "C7H14O2"}, "molecular_charge": 0.0, "molecular_multiplicity": 1, "connectivity": [[0, 1, 1.0], [0, 9, 1.0], [0, 10, 1.0], [0, 11, 1.0], [1, 2, 1.0], [1, 12, 1.0], [1, 13, 1.0], [2, 3, 1.0], [2, 14, 1.0], [2, 15, 1.0], [3, 4, 1.0], [3, 16, 1.0], [3, 17, 1.0], [4, 5, 1.0], [4, 18, 1.0], [4, 19, 1.0], [5, 6, 2.0], [5, 7, 1.0], [7, 8, 1.0], [8, 20, 1.0], [8, 21, 1.0], [8, 22, 1.0]], "fix_com": true, "fix_orientation": true, "provenance": {"creator": "QCElemental", "version": "v0.22.0", "routine": "qcelemental.molparse.from_schema"}, "id": "163227"}, "charge": 0, "optimize_geometry": false, "conformers": [], "conformer_generation_options": {"n_conformer_pool": 4000, "n_max_conformers": 0, "rms_tolerance": 0.05, "energy_window": 15, "keep_original_conformer": true}, "stage_1_unrestrained_charges": null, "stage_1_restrained_charges": null, "stage_2_unrestrained_charges": null, "stage_2_restrained_charges": null, "keep_original_orientation": false, "reorientations": [], "translations": [], "rotations": []}}, {"index": 8, "molecule": {"qcmol": {"schema_name": "qcschema_molecule", "schema_version": 2, "validated": true, "symbols": ["C", "C", "C", "C", "C", "C", "O", "O", "C", "H", "H", "H", "H", "H", "H", "H", "H", "H", "H", "H", "H", "H", "H"], "geometry": [[0.0, 0.0, 0.0], [2.890774558665636, -2.2469464784662825e-16, -7.68415122652562e-16], [4.094237549110723, 2.6348558581484083, 1.1102230246251565e-16], [3.6174534601439277, 4.166054500838433, -2.407091137995234], [4.988608107495329, 6.723863279169256, -2.349927294018968], [4.475114894153166, 8.264097832733707, -4.691629861818154], [3.2021773397438147, 10.114302921636224, -4.766400954860849], [5.59683675420128, 7.2903211640102175, -6.713275665285793], [5.207539481792054, 8.549713567893498, -9.041697519016745], [-0.7376154559686277, 1.0653111783045532, 1.5929736132814807], [-0.7700308622773108, 0.8226148381607798, -1.7127672355101073], [-0.7256193224134968, -1.913535191603137, 0.14097726027281932], [3.550256395827552, -1.0105702433133255, 1.6623995143256187], [3.576041161497872, -1.0593743108032057, -1.623361022627159], [3.4127480889251984, 3.6923512798743885, 1.6275325441185418], [6.123673617522272, 2.4271032260657517, 0.25610823721171877], [4.248011244846358, 3.0975115768492207, -4.041360747266622], [1.6070253810554185, 4.499394009921007, -2.6482727575154814], [4.373783733629729, 7.834108488531827, -0.745954772465276], [7.011576990455461, 6.423013281440352, -2.199277026311264], [6.252112496873065, 7.486457140477029, -10.432777489658694], [5.904712301069448, 10.466352898204757, -8.945492873187042], [3.2222946241167136, 8.58080595791108, -9.518183850466679]], "name": "C7H14O2", "identifiers": {"molecule_hash": "fb9b31729ad49c67e90ece9d71bd28faeeae217c", "molecular_formula": "C7H14O2"}, "molecular_charge": 0.0, "molecular_multiplicity": 1, "connectivity": [[0, 1, 1.0], [0, 9, 1.0], [0, 10, 1.0], [0, 11, 1.0], [1, 2, 1.0], [1, 12, 1.0], [1, 13, 1.0], [2, 3, 1.0], [2, 14, 1.0], [2, 15, 1.0], [3, 4, 1.0], [3, 16, 1.0], [3, 17, 1.0], [4, 5, 1.0], [4, 18, 1.0], [4, 19, 1.0], [5, 6, 2.0], [5, 7, 1.0], [7, 8, 1.0], [8, 20, 1.0], [8, 21, 1.0], [8, 22, 1.0]], "fix_com": true, "fix_orientation": true, "provenance": {"creator": "QCElemental", "version": "v0.22.0", "routine": "qcelemental.molparse.from_schema"}, "id": "163227"}, "charge": 0, "optimize_geometry": false, "conformers": [], "conformer_generation_options": {"n_conformer_pool": 4000, "n_max_conformers": 0, "rms_tolerance": 0.05, "energy_window": 15, "keep_original_conformer": true}, "stage_1_unrestrained_charges": null, "stage_1_restrained_charges": null, "stage_2_unrestrained_charges": null, "stage_2_restrained_charges": null, "keep_original_orientation": false, "reorientations": [], "translations": [], "rotations": []}}]}, "surface_constraints": {"matrix": [[4782.033635609424, 4660.730817075108, 4509.780298374384, 4314.458859809263, 4099.850157714094, 3921.6210012909028, 3845.0942407398734, 3804.4903665449883, 3546.85202487581, 4805.615989934089, 4806.811612070589, 4794.762031444504, 4647.810782164154, 4643.67140393815, 4524.206809076267, 4500.598892289443, 4353.941677061855, 4266.703340987124, 4054.087546733487, 4084.3794361012724, 3522.374696168353, 3442.5023633633796, 3474.874278912837], [4660.730817075108, 4779.494447570391, 4678.795233562161, 4524.587544158577, 4318.985304481554, 4147.974794805258, 4075.7507604595703, 4028.03820401339, 3754.135403461586, 4622.535193036077, 4620.675428626479, 4610.121257172847, 4841.021906903256, 4833.850609348709, 4680.833531728615, 4679.545711995748, 4564.710356312513, 4494.766943226974, 4274.702759640987, 4299.571600558705, 3723.237980333424, 3640.3988359546456, 3684.409345987659], [4509.780298374384, 4678.795233562161, 4802.561902451735, 4693.918236716907, 4539.6181913657565, 4374.087172520062, 4301.285565156087, 4247.131005908034, 3957.287967927775, 4434.530961140397, 4482.860883147075, 4453.06315488691, 4673.666744666582, 4666.015752673418, 4873.851049216174, 4873.605139206569, 4692.483518799938, 4694.283768191798, 4497.458718536905, 4545.861120071124, 3907.481127883145, 3848.1728606982515, 3887.979382856166], [4314.458859809263, 4524.587544158577, 4693.918236716907, 4808.7738149973175, 4696.660124547487, 4542.558287620631, 4461.271170565301, 4434.778260971399, 4131.308074480318, 4204.738551316507, 4286.661583306502, 4267.734587089699, 4516.171133710146, 4522.479146281348, 4695.705969527912, 4695.635124635319, 4879.190201831185, 4879.909626166983, 4686.29750270003, 4691.678812753506, 4043.8859136219817, 4043.938328690043, 4066.1448177015004], [4099.850157714094, 4318.985304481554, 4539.6181913657565, 4696.660124547487, 4807.092170303219, 4690.7871744412905, 4612.560346123062, 4594.63940808992, 4293.659058282189, 3995.6537663412055, 4057.671009438294, 4057.1170683509276, 4299.657887708808, 4304.459607638944, 4548.017217209776, 4551.040886149947, 4699.721800133609, 4699.78493295453, 4867.564125996028, 4874.847125001361, 4207.095190390066, 4202.576403295501, 4231.8068081504], [3921.6210012909028, 4147.974794805258, 4374.087172520062, 4542.558287620631, 4690.7871744412905, 4778.274080371255, 4798.007287793042, 4727.715971778659, 4554.313524182267, 3836.1808282965117, 3873.9698703347804, 3862.8564890078756, 4134.232980524856, 4133.592151533826, 4395.942146204807, 4373.82304345044, 4554.406798117931, 4525.649034004481, 4693.010800902112, 4693.766361660248, 4487.971264782034, 4487.287456614736, 4534.114336401349], [3845.0942407398734, 4075.7507604595703, 4301.285565156087, 4461.271170565301, 4612.560346123062, 4798.007287793042, 4993.757470195011, 4641.372745880374, 4552.934898268973, 3767.9746540283177, 3788.924875301604, 3783.732536757675, 4056.3697775010637, 4071.91971929323, 4337.268146739089, 4294.038397420728, 4440.65124268463, 4467.9798974620635, 4615.345760359075, 4547.726566916217, 4482.894889164987, 4495.686528572666, 4587.549344329222], [3804.4903665449883, 4028.03820401339, 4247.131005908034, 4434.778260971399, 4594.63940808992, 4727.715971778659, 4641.372745880374, 4868.684108128167, 4728.1343905541335, 3727.2603402979307, 3763.3565644698147, 3735.2656019691626, 4028.6208073419216, 4005.554579485951, 4255.595665771741, 4241.454572195188, 4500.265507946427, 4373.3714167789585, 4540.660290071165, 4629.541973391887, 4697.859444229729, 4679.855645051816, 4674.599611391781], [3546.85202487581, 3754.135403461586, 3957.287967927775, 4131.308074480318, 4293.659058282189, 4554.313524182267, 4552.934898268973, 4728.1343905541335, 4807.7557941025025, 3490.2946397101596, 3503.7596566446196, 3473.337190610256, 3756.8917478812955, 3732.243782957073, 3973.356169867633, 3948.3672210225677, 4185.827505491984, 4069.5699878694268, 4213.805968151733, 4275.025620826433, 4829.849810093747, 4812.658822051269, 4814.943006854968], [4805.615989934089, 4622.535193036077, 4434.530961140397, 4204.738551316507, 3995.6537663412055, 3836.1808282965117, 3767.9746540283177, 3727.2603402979307, 3490.2946397101596, 5021.614655674504, 4759.765891637827, 4749.865840866871, 4609.47159842612, 4588.820606960851, 4457.741173185767, 4421.058433494267, 4227.020179527902, 4144.7227793495995, 3938.8270822695936, 3981.4324949041825, 3480.473221983064, 3392.8009840445834, 3411.601481559951], [4806.811612070589, 4620.675428626479, 4482.860883147075, 4286.661583306502, 4057.671009438294, 3873.9698703347804, 3788.924875301604, 3763.3565644698147, 3503.7596566446196, 4759.765891637827, 5026.004465960686, 4753.127995884751, 4576.746532665312, 4573.190370689355, 4500.888859240649, 4480.179748106657, 4349.100202424192, 4228.953734526107, 4005.9354803699193, 4042.0955688679846, 3466.087174179633, 3402.0402435493324, 3441.323799155377], [4794.762031444504, 4610.121257172847, 4453.06315488691, 4267.734587089699, 4057.1170683509276, 3862.8564890078756, 3783.732536757675, 3735.2656019691626, 3473.337190610256, 4749.865840866871, 4753.127995884751, 4997.582974727624, 4566.743620355392, 4580.784598914959, 4464.105079879889, 4435.572538685086, 4304.005736330284, 4229.956837248707, 4027.3953671105455, 4042.8112581421997, 3451.676437451816, 3368.090171367573, 3397.557191492799], [4647.810782164154, 4841.021906903256, 4673.666744666582, 4516.171133710146, 4299.657887708808, 4134.232980524856, 4056.3697775010637, 4028.6208073419216, 3756.8917478812955, 4609.47159842612, 4576.746532665312, 4566.743620355392, 5089.339020038379, 4825.735650908258, 4644.602886736007, 4653.092325188166, 4576.710931354976, 4472.547359414281, 4267.661559557283, 4256.42491011751, 3734.618983904092, 3631.2713747819575, 3691.4618904581225], [4643.67140393815, 4833.850609348709, 4666.015752673418, 4522.479146281348, 4304.459607638944, 4133.592151533826, 4071.91971929323, 4005.554579485951, 3732.243782957073, 4588.820606960851, 4573.190370689355, 4580.784598914959, 4825.735650908258, 5072.477085126913, 4631.19357507546, 4638.847022459336, 4571.659441091998, 4501.195217130651, 4249.810314420957, 4288.259826446574, 3701.571211811946, 3621.0536082032495, 3661.216253953256], [4524.206809076267, 4680.833531728615, 4873.851049216174, 4695.705969527912, 4548.017217209776, 4395.942146204807, 4337.268146739089, 4255.595665771741, 3973.356169867633, 4457.741173185767, 4500.888859240649, 4464.105079879889, 4644.602886736007, 4631.19357507546, 5127.449741710339, 4878.500202132799, 4648.2106931667595, 4679.985707553375, 4492.93132201484, 4560.52113908626, 3936.983001812551, 3863.9126760361655, 3895.853004450458], [4500.598892289443, 4679.545711995748, 4873.605139206569, 4695.635124635319, 4551.040886149947, 4373.82304345044, 4294.038397420728, 4241.454572195188, 3948.3672210225677, 4421.058433494267, 4480.179748106657, 4435.572538685086, 4653.092325188166, 4638.847022459336, 4878.500202132799, 5127.22420158276, 4645.183250334883, 4679.946340705498, 4501.522505975844, 4579.266523148185, 3900.746907588962, 3827.760710678886, 3886.5461799966406], [4353.941677061855, 4564.710356312513, 4692.483518799938, 4879.190201831185, 4699.721800133609, 4554.406798117931, 4440.65124268463, 4500.265507946427, 4185.827505491984, 4227.020179527902, 4349.100202424192, 4304.005736330284, 4576.710931354976, 4571.659441091998, 4648.2106931667595, 4645.183250334883, 5131.168865850017, 4883.400762732509, 4660.829825479437, 4662.738317576123, 4096.147255299696, 4102.529457415529, 4109.960047453142], [4266.703340987124, 4494.766943226974, 4694.283768191798, 4879.909626166983, 4699.78493295453, 4525.649034004481, 4467.9798974620635, 4373.3714167789585, 4069.5699878694268, 4144.7227793495995, 4228.953734526107, 4229.956837248707, 4472.547359414281, 4501.195217130651, 4679.985707553375, 4679.946340705498, 4883.400762732509, 5130.585460555675, 4688.440208607028, 4657.673323755542, 3952.7027355441946, 3999.4421358343047, 4016.3407799072033], [4054.087546733487, 4274.702759640987, 4497.458718536905, 4686.29750270003, 4867.564125996028, 4693.010800902112, 4615.345760359075, 4540.660290071165, 4213.805968151733, 3938.8270822695936, 4005.9354803699193, 4027.3953671105455, 4267.661559557283, 4249.810314420957, 4492.93132201484, 4501.522505975844, 4660.829825479437, 4688.440208607028, 5107.137740908525, 4862.203303705883, 4118.12953231155, 4117.892953704841, 4148.31489358204], [4084.3794361012724, 4299.571600558705, 4545.861120071124, 4691.678812753506, 4874.847125001361, 4693.766361660248, 4547.726566916217, 4629.541973391887, 4275.025620826433, 3981.4324949041825, 4042.0955688679846, 4042.8112581421997, 4256.42491011751, 4288.259826446574, 4560.52113908626, 4579.266523148185, 4662.738317576123, 4657.673323755542, 4862.203303705883, 5125.107527039692, 4185.161378122205, 4172.5381250257315, 4193.495307726508], [3522.374696168353, 3723.237980333424, 3907.481127883145, 4043.8859136219817, 4207.095190390066, 4487.971264782034, 4482.894889164987, 4697.859444229729, 4829.849810093747, 3480.473221983064, 3466.087174179633, 3451.676437451816, 3734.618983904092, 3701.571211811946, 3936.983001812551, 3900.746907588962, 4096.147255299696, 3952.7027355441946, 4118.12953231155, 4185.161378122205, 5043.726027724397, 4760.307345215705, 4763.778696187723], [3442.5023633633796, 3640.3988359546456, 3848.1728606982515, 4043.938328690043, 4202.576403295501, 4487.287456614736, 4495.686528572666, 4679.855645051816, 4812.658822051269, 3392.8009840445834, 3402.0402435493324, 3368.090171367573, 3631.2713747819575, 3621.0536082032495, 3863.9126760361655, 3827.760710678886, 4102.529457415529, 3999.4421358343047, 4117.892953704841, 4172.5381250257315, 4760.307345215705, 5008.8794572507795, 4747.308385626032], [3474.874278912837, 3684.409345987659, 3887.979382856166, 4066.1448177015004, 4231.8068081504, 4534.114336401349, 4587.549344329222, 4674.599611391781, 4814.943006854968, 3411.601481559951, 3441.323799155377, 3397.557191492799, 3691.4618904581225, 3661.216253953256, 3895.853004450458, 3886.5461799966406, 4109.960047453142, 4016.3407799072033, 4148.31489358204, 4193.495307726508, 4763.778696187723, 4747.308385626032, 5018.109061892999], [8.719100995413436, 4.067974862386111, -2.2144098931432428, -9.701166889781343, -23.682426094022464, -57.09749262367211, -114.40825415262496, -23.478976039039754, -14.581453530966407, 8.341763617180822, 11.79077822467079, 9.967827534980575, 6.380519320479662, 1.5173486651087584, -5.001590422102836, 2.149536762917371, -2.8415333171759354, -12.684653890299122, -21.759012810545403, -8.203107652600107, -2.6996246023285972, -7.435746703248023, -22.405290982019018]]}}