{"resp_b": 0.1, "restrained_fit": true, "exclude_hydrogens": true, "convergence_tolerance": 1e-06, "max_iter": 500, "resp_a": 0.0005, "charge_constraints": {"charge_sum_constraints": [], "charge_equivalence_constraints": [], "molecules": [{"qcmol": {"schema_name": "qcschema_molecule", "schema_version": 2, "validated": true, "symbols": ["C", "C", "C", "C", "C", "C", "O", "O", "C", "H", "H", "H", "H", "H", "H", "H", "H", "H", "H", "H", "H", "H", "H"], "geometry": [[0.0, 0.0, 0.0], [2.890774558665636, -2.2469464784662825e-16, -7.68415122652562e-16], [4.094237549110723, 2.6348558581484083, 1.1102230246251565e-16], [3.6174534601439277, 4.166054500838433, -2.407091137995234], [4.988608107495329, 6.723863279169256, -2.349927294018968], [4.475114894153166, 8.264097832733707, -4.691629861818154], [3.2021773397438147, 10.114302921636224, -4.766400954860849], [5.59683675420128, 7.2903211640102175, -6.713275665285793], [5.207539481792054, 8.549713567893498, -9.041697519016745], [-0.7376154559686277, 1.0653111783045532, 1.5929736132814807], [-0.7700308622773108, 0.8226148381607798, -1.7127672355101073], [-0.7256193224134968, -1.913535191603137, 0.14097726027281932], [3.550256395827552, -1.0105702433133255, 1.6623995143256187], [3.576041161497872, -1.0593743108032057, -1.623361022627159], [3.4127480889251984, 3.6923512798743885, 1.6275325441185418], [6.123673617522272, 2.4271032260657517, 0.25610823721171877], [4.248011244846358, 3.0975115768492207, -4.041360747266622], [1.6070253810554185, 4.499394009921007, -2.6482727575154814], [4.373783733629729, 7.834108488531827, -0.745954772465276], [7.011576990455461, 6.423013281440352, -2.199277026311264], [6.252112496873065, 7.486457140477029, -10.432777489658694], [5.904712301069448, 10.466352898204757, -8.945492873187042], [3.2222946241167136, 8.58080595791108, -9.518183850466679]], "name": "C7H14O2", "identifiers": {"molecule_hash": "fb9b31729ad49c67e90ece9d71bd28faeeae217c", "molecular_formula": "C7H14O2"}, "molecular_charge": 0.0, "molecular_multiplicity": 1, "connectivity": [[0, 1, 1.0], [0, 9, 1.0], [0, 10, 1.0], [0, 11, 1.0], [1, 2, 1.0], [1, 12, 1.0], [1, 13, 1.0], [2, 3, 1.0], [2, 14, 1.0], [2, 15, 1.0], [3, 4, 1.0], [3, 16, 1.0], [3, 17, 1.0], [4, 5, 1.0], [4, 18, 1.0], [4, 19, 1.0], [5, 6, 2.0], [5, 7, 1.0], [7, 8, 1.0], [8, 20, 1.0], [8, 21, 1.0], [8, 22, 1.0]], "fix_com": true, "fix_orientation": true, "provenance": {"creator": "QCElemental", "version": "v0.22.0", "routine": "qcelemental.molparse.from_schema"}, "id": "163227"}, "charge": 0, "optimize_geometry": false, "conformers": [], "conformer_generation_options": {"n_conformer_pool": 4000, "n_max_conformers": 0, "rms_tolerance": 0.05, "energy_window": 15, "keep_original_conformer": true}, "stage_1_unrestrained_charges": null, "stage_1_restrained_charges": null, "stage_2_unrestrained_charges": null, "stage_2_restrained_charges": null, "keep_original_orientation": false, "reorientations": [], "translations": [], "rotations": []}], "unconstrained_atoms": [{"index": 0, "molecule": {"qcmol": {"schema_name": "qcschema_molecule", "schema_version": 2, "validated": true, "symbols": ["C", "C", "C", "C", "C", "C", "O", "O", "C", "H", "H", "H", "H", "H", "H", "H", "H", "H", "H", "H", "H", "H", "H"], "geometry": [[0.0, 0.0, 0.0], [2.890774558665636, -2.2469464784662825e-16, -7.68415122652562e-16], [4.094237549110723, 2.6348558581484083, 1.1102230246251565e-16], [3.6174534601439277, 4.166054500838433, -2.407091137995234], [4.988608107495329, 6.723863279169256, -2.349927294018968], [4.475114894153166, 8.264097832733707, -4.691629861818154], [3.2021773397438147, 10.114302921636224, -4.766400954860849], [5.59683675420128, 7.2903211640102175, -6.713275665285793], [5.207539481792054, 8.549713567893498, -9.041697519016745], [-0.7376154559686277, 1.0653111783045532, 1.5929736132814807], [-0.7700308622773108, 0.8226148381607798, -1.7127672355101073], [-0.7256193224134968, -1.913535191603137, 0.14097726027281932], [3.550256395827552, -1.0105702433133255, 1.6623995143256187], [3.576041161497872, -1.0593743108032057, -1.623361022627159], [3.4127480889251984, 3.6923512798743885, 1.6275325441185418], [6.123673617522272, 2.4271032260657517, 0.25610823721171877], [4.248011244846358, 3.0975115768492207, -4.041360747266622], [1.6070253810554185, 4.499394009921007, -2.6482727575154814], [4.373783733629729, 7.834108488531827, -0.745954772465276], [7.011576990455461, 6.423013281440352, -2.199277026311264], [6.252112496873065, 7.486457140477029, -10.432777489658694], [5.904712301069448, 10.466352898204757, -8.945492873187042], [3.2222946241167136, 8.58080595791108, -9.518183850466679]], "name": "C7H14O2", "identifiers": {"molecule_hash": "fb9b31729ad49c67e90ece9d71bd28faeeae217c", "molecular_formula": "C7H14O2"}, "molecular_charge": 0.0, "molecular_multiplicity": 1, "connectivity": [[0, 1, 1.0], [0, 9, 1.0], [0, 10, 1.0], [0, 11, 1.0], [1, 2, 1.0], [1, 12, 1.0], [1, 13, 1.0], [2, 3, 1.0], [2, 14, 1.0], [2, 15, 1.0], [3, 4, 1.0], [3, 16, 1.0], [3, 17, 1.0], [4, 5, 1.0], [4, 18, 1.0], [4, 19, 1.0], [5, 6, 2.0], [5, 7, 1.0], [7, 8, 1.0], [8, 20, 1.0], [8, 21, 1.0], [8, 22, 1.0]], "fix_com": true, "fix_orientation": true, "provenance": {"creator": "QCElemental", "version": "v0.22.0", "routine": "qcelemental.molparse.from_schema"}, "id": "163227"}, "charge": 0, "optimize_geometry": false, "conformers": [], "conformer_generation_options": {"n_conformer_pool": 4000, "n_max_conformers": 0, "rms_tolerance": 0.05, "energy_window": 15, "keep_original_conformer": true}, "stage_1_unrestrained_charges": null, "stage_1_restrained_charges": null, "stage_2_unrestrained_charges": null, "stage_2_restrained_charges": null, "keep_original_orientation": false, "reorientations": [], "translations": [], "rotations": []}}, {"index": 1, "molecule": {"qcmol": {"schema_name": "qcschema_molecule", "schema_version": 2, "validated": true, "symbols": ["C", "C", "C", "C", "C", "C", "O", "O", "C", "H", "H", "H", "H", "H", "H", "H", "H", "H", "H", "H", "H", "H", "H"], "geometry": [[0.0, 0.0, 0.0], [2.890774558665636, -2.2469464784662825e-16, -7.68415122652562e-16], [4.094237549110723, 2.6348558581484083, 1.1102230246251565e-16], [3.6174534601439277, 4.166054500838433, -2.407091137995234], [4.988608107495329, 6.723863279169256, -2.349927294018968], [4.475114894153166, 8.264097832733707, -4.691629861818154], [3.2021773397438147, 10.114302921636224, -4.766400954860849], [5.59683675420128, 7.2903211640102175, -6.713275665285793], [5.207539481792054, 8.549713567893498, -9.041697519016745], [-0.7376154559686277, 1.0653111783045532, 1.5929736132814807], [-0.7700308622773108, 0.8226148381607798, -1.7127672355101073], [-0.7256193224134968, -1.913535191603137, 0.14097726027281932], [3.550256395827552, -1.0105702433133255, 1.6623995143256187], [3.576041161497872, -1.0593743108032057, -1.623361022627159], [3.4127480889251984, 3.6923512798743885, 1.6275325441185418], [6.123673617522272, 2.4271032260657517, 0.25610823721171877], [4.248011244846358, 3.0975115768492207, -4.041360747266622], [1.6070253810554185, 4.499394009921007, -2.6482727575154814], [4.373783733629729, 7.834108488531827, -0.745954772465276], [7.011576990455461, 6.423013281440352, -2.199277026311264], [6.252112496873065, 7.486457140477029, -10.432777489658694], [5.904712301069448, 10.466352898204757, -8.945492873187042], [3.2222946241167136, 8.58080595791108, -9.518183850466679]], "name": "C7H14O2", "identifiers": {"molecule_hash": "fb9b31729ad49c67e90ece9d71bd28faeeae217c", "molecular_formula": "C7H14O2"}, "molecular_charge": 0.0, "molecular_multiplicity": 1, "connectivity": [[0, 1, 1.0], [0, 9, 1.0], [0, 10, 1.0], [0, 11, 1.0], [1, 2, 1.0], [1, 12, 1.0], [1, 13, 1.0], [2, 3, 1.0], [2, 14, 1.0], [2, 15, 1.0], [3, 4, 1.0], [3, 16, 1.0], [3, 17, 1.0], [4, 5, 1.0], [4, 18, 1.0], [4, 19, 1.0], [5, 6, 2.0], [5, 7, 1.0], [7, 8, 1.0], [8, 20, 1.0], [8, 21, 1.0], [8, 22, 1.0]], "fix_com": true, "fix_orientation": true, "provenance": {"creator": "QCElemental", "version": "v0.22.0", "routine": "qcelemental.molparse.from_schema"}, "id": "163227"}, "charge": 0, "optimize_geometry": false, "conformers": [], "conformer_generation_options": {"n_conformer_pool": 4000, "n_max_conformers": 0, "rms_tolerance": 0.05, "energy_window": 15, "keep_original_conformer": true}, "stage_1_unrestrained_charges": null, "stage_1_restrained_charges": null, "stage_2_unrestrained_charges": null, "stage_2_restrained_charges": null, "keep_original_orientation": false, "reorientations": [], "translations": [], "rotations": []}}, {"index": 2, "molecule": {"qcmol": {"schema_name": "qcschema_molecule", "schema_version": 2, "validated": true, "symbols": ["C", "C", "C", "C", "C", "C", "O", "O", "C", "H", "H", "H", "H", "H", "H", "H", "H", "H", "H", "H", "H", "H", "H"], "geometry": [[0.0, 0.0, 0.0], [2.890774558665636, -2.2469464784662825e-16, -7.68415122652562e-16], [4.094237549110723, 2.6348558581484083, 1.1102230246251565e-16], [3.6174534601439277, 4.166054500838433, -2.407091137995234], [4.988608107495329, 6.723863279169256, -2.349927294018968], [4.475114894153166, 8.264097832733707, -4.691629861818154], [3.2021773397438147, 10.114302921636224, -4.766400954860849], [5.59683675420128, 7.2903211640102175, -6.713275665285793], [5.207539481792054, 8.549713567893498, -9.041697519016745], [-0.7376154559686277, 1.0653111783045532, 1.5929736132814807], [-0.7700308622773108, 0.8226148381607798, -1.7127672355101073], [-0.7256193224134968, -1.913535191603137, 0.14097726027281932], [3.550256395827552, -1.0105702433133255, 1.6623995143256187], [3.576041161497872, -1.0593743108032057, -1.623361022627159], [3.4127480889251984, 3.6923512798743885, 1.6275325441185418], [6.123673617522272, 2.4271032260657517, 0.25610823721171877], [4.248011244846358, 3.0975115768492207, -4.041360747266622], [1.6070253810554185, 4.499394009921007, -2.6482727575154814], [4.373783733629729, 7.834108488531827, -0.745954772465276], [7.011576990455461, 6.423013281440352, -2.199277026311264], [6.252112496873065, 7.486457140477029, -10.432777489658694], [5.904712301069448, 10.466352898204757, -8.945492873187042], [3.2222946241167136, 8.58080595791108, -9.518183850466679]], "name": "C7H14O2", "identifiers": {"molecule_hash": "fb9b31729ad49c67e90ece9d71bd28faeeae217c", "molecular_formula": "C7H14O2"}, "molecular_charge": 0.0, "molecular_multiplicity": 1, "connectivity": [[0, 1, 1.0], [0, 9, 1.0], [0, 10, 1.0], [0, 11, 1.0], [1, 2, 1.0], [1, 12, 1.0], [1, 13, 1.0], [2, 3, 1.0], [2, 14, 1.0], [2, 15, 1.0], [3, 4, 1.0], [3, 16, 1.0], [3, 17, 1.0], [4, 5, 1.0], [4, 18, 1.0], [4, 19, 1.0], [5, 6, 2.0], [5, 7, 1.0], [7, 8, 1.0], [8, 20, 1.0], [8, 21, 1.0], [8, 22, 1.0]], "fix_com": true, "fix_orientation": true, "provenance": {"creator": "QCElemental", "version": "v0.22.0", "routine": "qcelemental.molparse.from_schema"}, "id": "163227"}, "charge": 0, "optimize_geometry": false, "conformers": [], "conformer_generation_options": {"n_conformer_pool": 4000, "n_max_conformers": 0, "rms_tolerance": 0.05, "energy_window": 15, "keep_original_conformer": true}, "stage_1_unrestrained_charges": null, "stage_1_restrained_charges": null, "stage_2_unrestrained_charges": null, "stage_2_restrained_charges": null, "keep_original_orientation": false, "reorientations": [], "translations": [], "rotations": []}}, {"index": 3, "molecule": {"qcmol": {"schema_name": "qcschema_molecule", "schema_version": 2, "validated": true, "symbols": ["C", "C", "C", "C", "C", "C", "O", "O", "C", "H", "H", "H", "H", "H", "H", "H", "H", "H", "H", "H", "H", "H", "H"], "geometry": [[0.0, 0.0, 0.0], [2.890774558665636, -2.2469464784662825e-16, -7.68415122652562e-16], [4.094237549110723, 2.6348558581484083, 1.1102230246251565e-16], [3.6174534601439277, 4.166054500838433, -2.407091137995234], [4.988608107495329, 6.723863279169256, -2.349927294018968], [4.475114894153166, 8.264097832733707, -4.691629861818154], [3.2021773397438147, 10.114302921636224, -4.766400954860849], [5.59683675420128, 7.2903211640102175, -6.713275665285793], [5.207539481792054, 8.549713567893498, -9.041697519016745], [-0.7376154559686277, 1.0653111783045532, 1.5929736132814807], [-0.7700308622773108, 0.8226148381607798, -1.7127672355101073], [-0.7256193224134968, -1.913535191603137, 0.14097726027281932], [3.550256395827552, -1.0105702433133255, 1.6623995143256187], [3.576041161497872, -1.0593743108032057, -1.623361022627159], [3.4127480889251984, 3.6923512798743885, 1.6275325441185418], [6.123673617522272, 2.4271032260657517, 0.25610823721171877], [4.248011244846358, 3.0975115768492207, -4.041360747266622], [1.6070253810554185, 4.499394009921007, -2.6482727575154814], [4.373783733629729, 7.834108488531827, -0.745954772465276], [7.011576990455461, 6.423013281440352, -2.199277026311264], [6.252112496873065, 7.486457140477029, -10.432777489658694], [5.904712301069448, 10.466352898204757, -8.945492873187042], [3.2222946241167136, 8.58080595791108, -9.518183850466679]], "name": "C7H14O2", "identifiers": {"molecule_hash": "fb9b31729ad49c67e90ece9d71bd28faeeae217c", "molecular_formula": "C7H14O2"}, "molecular_charge": 0.0, "molecular_multiplicity": 1, "connectivity": [[0, 1, 1.0], [0, 9, 1.0], [0, 10, 1.0], [0, 11, 1.0], [1, 2, 1.0], [1, 12, 1.0], [1, 13, 1.0], [2, 3, 1.0], [2, 14, 1.0], [2, 15, 1.0], [3, 4, 1.0], [3, 16, 1.0], [3, 17, 1.0], [4, 5, 1.0], [4, 18, 1.0], [4, 19, 1.0], [5, 6, 2.0], [5, 7, 1.0], [7, 8, 1.0], [8, 20, 1.0], [8, 21, 1.0], [8, 22, 1.0]], "fix_com": true, "fix_orientation": true, "provenance": {"creator": "QCElemental", "version": "v0.22.0", "routine": "qcelemental.molparse.from_schema"}, "id": "163227"}, "charge": 0, "optimize_geometry": false, "conformers": [], "conformer_generation_options": {"n_conformer_pool": 4000, "n_max_conformers": 0, "rms_tolerance": 0.05, "energy_window": 15, "keep_original_conformer": true}, "stage_1_unrestrained_charges": null, "stage_1_restrained_charges": null, "stage_2_unrestrained_charges": null, "stage_2_restrained_charges": null, "keep_original_orientation": false, "reorientations": [], "translations": [], "rotations": []}}, {"index": 4, "molecule": {"qcmol": {"schema_name": "qcschema_molecule", "schema_version": 2, "validated": true, "symbols": ["C", "C", "C", "C", "C", "C", "O", "O", "C", "H", "H", "H", "H", "H", "H", "H", "H", "H", "H", "H", "H", "H", "H"], "geometry": [[0.0, 0.0, 0.0], [2.890774558665636, -2.2469464784662825e-16, -7.68415122652562e-16], [4.094237549110723, 2.6348558581484083, 1.1102230246251565e-16], [3.6174534601439277, 4.166054500838433, -2.407091137995234], [4.988608107495329, 6.723863279169256, -2.349927294018968], [4.475114894153166, 8.264097832733707, -4.691629861818154], [3.2021773397438147, 10.114302921636224, -4.766400954860849], [5.59683675420128, 7.2903211640102175, -6.713275665285793], [5.207539481792054, 8.549713567893498, -9.041697519016745], [-0.7376154559686277, 1.0653111783045532, 1.5929736132814807], [-0.7700308622773108, 0.8226148381607798, -1.7127672355101073], [-0.7256193224134968, -1.913535191603137, 0.14097726027281932], [3.550256395827552, -1.0105702433133255, 1.6623995143256187], [3.576041161497872, -1.0593743108032057, -1.623361022627159], [3.4127480889251984, 3.6923512798743885, 1.6275325441185418], [6.123673617522272, 2.4271032260657517, 0.25610823721171877], [4.248011244846358, 3.0975115768492207, -4.041360747266622], [1.6070253810554185, 4.499394009921007, -2.6482727575154814], [4.373783733629729, 7.834108488531827, -0.745954772465276], [7.011576990455461, 6.423013281440352, -2.199277026311264], [6.252112496873065, 7.486457140477029, -10.432777489658694], [5.904712301069448, 10.466352898204757, -8.945492873187042], [3.2222946241167136, 8.58080595791108, -9.518183850466679]], "name": "C7H14O2", "identifiers": {"molecule_hash": "fb9b31729ad49c67e90ece9d71bd28faeeae217c", "molecular_formula": "C7H14O2"}, "molecular_charge": 0.0, "molecular_multiplicity": 1, "connectivity": [[0, 1, 1.0], [0, 9, 1.0], [0, 10, 1.0], [0, 11, 1.0], [1, 2, 1.0], [1, 12, 1.0], [1, 13, 1.0], [2, 3, 1.0], [2, 14, 1.0], [2, 15, 1.0], [3, 4, 1.0], [3, 16, 1.0], [3, 17, 1.0], [4, 5, 1.0], [4, 18, 1.0], [4, 19, 1.0], [5, 6, 2.0], [5, 7, 1.0], [7, 8, 1.0], [8, 20, 1.0], [8, 21, 1.0], [8, 22, 1.0]], "fix_com": true, "fix_orientation": true, "provenance": {"creator": "QCElemental", "version": "v0.22.0", "routine": "qcelemental.molparse.from_schema"}, "id": "163227"}, "charge": 0, "optimize_geometry": false, "conformers": [], "conformer_generation_options": {"n_conformer_pool": 4000, "n_max_conformers": 0, "rms_tolerance": 0.05, "energy_window": 15, "keep_original_conformer": true}, "stage_1_unrestrained_charges": null, "stage_1_restrained_charges": null, "stage_2_unrestrained_charges": null, "stage_2_restrained_charges": null, "keep_original_orientation": false, "reorientations": [], "translations": [], "rotations": []}}, {"index": 8, "molecule": {"qcmol": {"schema_name": "qcschema_molecule", "schema_version": 2, "validated": true, "symbols": ["C", "C", "C", "C", "C", "C", "O", "O", "C", "H", "H", "H", "H", "H", "H", "H", "H", "H", "H", "H", "H", "H", "H"], "geometry": [[0.0, 0.0, 0.0], [2.890774558665636, -2.2469464784662825e-16, -7.68415122652562e-16], [4.094237549110723, 2.6348558581484083, 1.1102230246251565e-16], [3.6174534601439277, 4.166054500838433, -2.407091137995234], [4.988608107495329, 6.723863279169256, -2.349927294018968], [4.475114894153166, 8.264097832733707, -4.691629861818154], [3.2021773397438147, 10.114302921636224, -4.766400954860849], [5.59683675420128, 7.2903211640102175, -6.713275665285793], [5.207539481792054, 8.549713567893498, -9.041697519016745], [-0.7376154559686277, 1.0653111783045532, 1.5929736132814807], [-0.7700308622773108, 0.8226148381607798, -1.7127672355101073], [-0.7256193224134968, -1.913535191603137, 0.14097726027281932], [3.550256395827552, -1.0105702433133255, 1.6623995143256187], [3.576041161497872, -1.0593743108032057, -1.623361022627159], [3.4127480889251984, 3.6923512798743885, 1.6275325441185418], [6.123673617522272, 2.4271032260657517, 0.25610823721171877], [4.248011244846358, 3.0975115768492207, -4.041360747266622], [1.6070253810554185, 4.499394009921007, -2.6482727575154814], [4.373783733629729, 7.834108488531827, -0.745954772465276], [7.011576990455461, 6.423013281440352, -2.199277026311264], [6.252112496873065, 7.486457140477029, -10.432777489658694], [5.904712301069448, 10.466352898204757, -8.945492873187042], [3.2222946241167136, 8.58080595791108, -9.518183850466679]], "name": "C7H14O2", "identifiers": {"molecule_hash": "fb9b31729ad49c67e90ece9d71bd28faeeae217c", "molecular_formula": "C7H14O2"}, "molecular_charge": 0.0, "molecular_multiplicity": 1, "connectivity": [[0, 1, 1.0], [0, 9, 1.0], [0, 10, 1.0], [0, 11, 1.0], [1, 2, 1.0], [1, 12, 1.0], [1, 13, 1.0], [2, 3, 1.0], [2, 14, 1.0], [2, 15, 1.0], [3, 4, 1.0], [3, 16, 1.0], [3, 17, 1.0], [4, 5, 1.0], [4, 18, 1.0], [4, 19, 1.0], [5, 6, 2.0], [5, 7, 1.0], [7, 8, 1.0], [8, 20, 1.0], [8, 21, 1.0], [8, 22, 1.0]], "fix_com": true, "fix_orientation": true, "provenance": {"creator": "QCElemental", "version": "v0.22.0", "routine": "qcelemental.molparse.from_schema"}, "id": "163227"}, "charge": 0, "optimize_geometry": false, "conformers": [], "conformer_generation_options": {"n_conformer_pool": 4000, "n_max_conformers": 0, "rms_tolerance": 0.05, "energy_window": 15, "keep_original_conformer": true}, "stage_1_unrestrained_charges": null, "stage_1_restrained_charges": null, "stage_2_unrestrained_charges": null, "stage_2_restrained_charges": null, "keep_original_orientation": false, "reorientations": [], "translations": [], "rotations": []}}]}, "surface_constraints": {"matrix": [[399569657900927.94, 388757768612863.06, 375110494062082.6, 357172642397029.8, 337959050527040.25, 322571100374540.9, 315180964852561.9, 312473814584011.2, 289362240600053.4, 400994499260102.6, 400680534005997.6, 399824176043972.0, 387048316431678.5, 386628688415377.6, 376083553596762.1, 374040944010892.2, 359938810006555.7, 352600786722964.56, 333300397605554.1, 336115044326807.4, 286782740348664.94, 279884257631700.72, 282644973272373.6], [388757768612863.06, 399684395812684.6, 390411234844992.75, 375977233894705.0, 357378463470597.0, 342556376283021.4, 335416309262412.6, 332126786769511.7, 307345809835992.3, 384790646957171.7, 384239999353207.5, 383454601447257.44, 404555673361778.0, 403895352464231.2, 390281641553525.1, 390134586701043.3, 378735800501162.06, 372881063738098.75, 352726907523604.7, 355093774816427.6, 304149091480678.5, 296936261266095.9, 300699116899485.2], [375110494062082.6, 390411234844992.75, 401665212171225.25, 391286490112816.8, 376982555682022.2, 362690361453439.44, 355352858872135.44, 351519949651711.75, 324975888542544.4, 367937098126740.1, 371962782935775.1, 369442905559153.94, 389338010319219.3, 388623457870530.6, 407772765755781.44, 407602103084102.0, 390393550463447.0, 390817801262677.6, 372287493229915.06, 376699675127184.8, 320025210022210.3, 314789364562175.6, 318243245419015.2], [357172642397029.8, 375977233894705.0, 391286490112816.8, 401179931687035.4, 390638753156493.25, 377406788606791.5, 369180631339322.56, 367908132782679.1, 339830442841704.4, 347174295587870.8, 354083125547687.75, 352496860455239.25, 374669225212438.5, 375233041560386.3, 391271191943188.9, 391115707358841.2, 406616693558632.5, 406997090243407.2, 388613763012240.25, 389251955151304.5, 331506075638159.6, 331338684359894.2, 333355861679350.5], [337959050527040.25, 357378463470597.0, 376982555682022.2, 390638753156493.25, 400266404208298.0, 390648353909916.75, 382511984661123.56, 382135530606857.06, 353889246156497.4, 328575075470989.44, 333723003899852.56, 333759111570141.2, 355222032204858.6, 355720568088236.94, 377518428005759.44, 377676331059398.0, 390156244036108.4, 390446067053269.44, 404394533657522.3, 405153754713407.75, 345421976322316.6, 344926969378668.4, 347593298376118.44], [322571100374540.9, 342556376283021.4, 362690361453439.44, 377406788606791.5, 390648353909916.75, 399678422870812.44, 400151818411640.5, 395187297167865.75, 377610706440247.06, 314840891444410.25, 317937935987728.5, 317054743036269.94, 340904580710846.94, 340952801722630.25, 364477403763256.8, 362453716979568.9, 377792272148384.25, 375373220387546.5, 389588799870417.7, 389761180786995.8, 370547764973425.1, 370419351573903.8, 374693415612684.9], [315180964852561.9, 335416309262412.6, 355352858872135.44, 369180631339322.56, 382511984661123.56, 400151818411640.5, 416890100971716.2, 385955562743997.75, 376208256369412.44, 308174236235650.75, 309889069956364.0, 309515396617607.6, 333288072928324.8, 334784278395106.06, 358385498582756.9, 354545040837829.4, 366819038913636.5, 369203874862459.5, 381540741541892.2, 375749464243110.3, 368918278580766.94, 370017228449219.56, 378152373099218.7], [312473814584011.2, 332126786769511.7, 351519949651711.75, 367908132782679.1, 382135530606857.06, 395187297167865.75, 385955562743997.75, 408639059291615.9, 393653214696999.2, 305536372335312.7, 308437793883890.9, 306075867783707.1, 331790762108583.25, 329826837031488.0, 352122873462228.2, 350825272573998.5, 373054347940410.25, 362016418273973.2, 376156582557466.6, 384167116923037.7, 389582758485861.6, 387834378243893.4, 387523995565748.8], [289362240600053.4, 307345809835992.3, 324975888542544.4, 339830442841704.4, 353889246156497.4, 377610706440247.06, 376208256369412.44, 393653214696999.2, 399080011787323.4, 284265192404883.8, 285278000510158.94, 282736855005005.3, 307273466168752.9, 305215673027718.8, 326239942885796.6, 324087962712370.94, 344050248273756.2, 334068528221034.6, 345972477899442.56, 351461203730226.2, 399731490544298.3, 398071767408930.9, 398391299624753.7], [400994499260102.6, 384790646957171.7, 367937098126740.1, 347174295587870.8, 328575075470989.44, 314840891444410.25, 308174236235650.75, 305536372335312.7, 284265192404883.8, 419294564476539.0, 395861335937349.6, 395196549286248.56, 383125919819950.2, 381235817573669.75, 369622534828554.2, 366526809854132.7, 348510822679329.75, 341595317629729.1, 323070886428563.2, 326860961312017.56, 282969657093075.94, 275397334662143.97, 276984254317004.34], [400680534005997.6, 384239999353207.5, 371962782935775.1, 354083125547687.75, 333723003899852.56, 317937935987728.5, 309889069956364.0, 308437793883890.9, 285278000510158.94, 395861335937349.6, 418863806940460.3, 395100843887315.1, 379882239130869.1, 379435342080904.06, 373224859320900.4, 371539890426702.94, 358866297603426.06, 348673317398464.25, 328596808257529.0, 331887906175744.06, 281602184523192.4, 276068671424881.22, 279413839224049.06], [399824176043972.0, 383454601447257.44, 369442905559153.94, 352496860455239.25, 333759111570141.2, 317054743036269.94, 309515396617607.6, 306075867783707.1, 282736855005005.3, 395196549286248.56, 395100843887315.1, 416812874987723.7, 379072247641308.3, 380329062948888.1, 370224746585415.56, 367635995247653.2, 354946936575674.9, 348861703304556.06, 330485468093051.5, 332084077739948.3, 280381552669126.94, 273261799691285.44, 275786761279664.97], [387048316431678.5, 404555673361778.0, 389338010319219.3, 374669225212438.5, 355222032204858.6, 340904580710846.94, 333288072928324.8, 331790762108583.25, 307273466168752.9, 383125919819950.2, 379882239130869.1, 379072247641308.3, 425784033992750.6, 402652424685861.06, 386442119766071.2, 387263343683854.1, 379176932241734.6, 370399709842124.1, 351658961593860.94, 350977724860815.56, 304830968683462.56, 295883324639159.2, 300991238958897.6], [386628688415377.6, 403895352464231.2, 388623457870530.6, 375233041560386.3, 355720568088236.94, 340952801722630.25, 334784278395106.06, 329826837031488.0, 305215673027718.8, 381235817573669.75, 379435342080904.06, 380329062948888.1, 402652424685861.06, 424286840511934.25, 385300900818410.5, 385837018235407.94, 378740853941617.6, 372862579141536.94, 350269561618172.2, 353743923520080.6, 302075584650274.7, 295058457400383.5, 298494133990735.7], [376083553596762.1, 390281641553525.1, 407772765755781.44, 391271191943188.9, 377518428005759.44, 364477403763256.8, 358385498582756.9, 352122873462228.2, 326239942885796.6, 369622534828554.2, 373224859320900.4, 370224746585415.56, 386442119766071.2, 385300900818410.5, 429940858328839.94, 407817963484151.06, 386393666664941.2, 389426912367210.5, 371631779615397.0, 377772015906799.56, 322416846455633.44, 316020868069700.5, 318825087831576.5], [374040944010892.2, 390134586701043.3, 407602103084102.0, 391115707358841.2, 377676331059398.0, 362453716979568.9, 354545040837829.4, 350825272573998.5, 324087962712370.94, 366526809854132.7, 371539890426702.94, 367635995247653.2, 387263343683854.1, 385837018235407.94, 407817963484151.06, 429509370175825.1, 386010509284046.6, 389229057807338.4, 372394227805614.5, 379195946558130.8, 319371433333951.9, 312955330118535.44, 317987739971102.25], [359938810006555.7, 378735800501162.06, 390393550463447.0, 406616693558632.5, 390156244036108.4, 377792272148384.25, 366819038913636.5, 373054347940410.25, 344050248273756.2, 348510822679329.75, 358866297603426.06, 354946936575674.9, 379176932241734.6, 378740853941617.6, 386393666664941.2, 386010509284046.6, 427857122423651.06, 406629126051458.6, 385671617298393.6, 385977459150149.0, 335516108200241.6, 335902000575022.25, 336651843630888.94], [352600786722964.56, 372881063738098.75, 390817801262677.6, 406997090243407.2, 390446067053269.44, 375373220387546.5, 369203874862459.5, 362016418273973.2, 334068528221034.6, 341595317629729.1, 348673317398464.25, 348861703304556.06, 370399709842124.1, 372862579141536.94, 389426912367210.5, 389229057807338.4, 406629126051458.6, 428401238116760.56, 388381758620776.2, 385885250759824.06, 323340892102938.3, 327085743085142.3, 328672446548608.0], [333300397605554.1, 352726907523604.7, 372287493229915.06, 388613763012240.25, 404394533657522.3, 389588799870417.7, 381540741541892.2, 376156582557466.6, 345972477899442.56, 323070886428563.2, 328596808257529.0, 330485468093051.5, 351658961593860.94, 350269561618172.2, 371631779615397.0, 372394227805614.5, 385671617298393.6, 388381758620776.2, 424107846935871.7, 402930850505664.25, 336845598226676.6, 336766070019671.1, 339452371249318.44], [336115044326807.4, 355093774816427.6, 376699675127184.8, 389251955151304.5, 405153754713407.75, 389761180786995.8, 375749464243110.3, 384167116923037.7, 351461203730226.2, 326860961312017.56, 331887906175744.06, 332084077739948.3, 350977724860815.56, 353743923520080.6, 377772015906799.56, 379195946558130.8, 385977459150149.0, 385885250759824.06, 402930850505664.25, 425917351967550.56, 342788468139916.7, 341575222145439.25, 343567021493744.4], [286782740348664.94, 304149091480678.5, 320025210022210.3, 331506075638159.6, 345421976322316.6, 370547764973425.1, 368918278580766.94, 389582758485861.6, 399731490544298.3, 282969657093075.94, 281602184523192.4, 280381552669126.94, 304830968683462.56, 302075584650274.7, 322416846455633.44, 319371433333951.9, 335516108200241.6, 323340892102938.3, 336845598226676.6, 342788468139916.7, 417163637489098.75, 392254773712437.44, 392678813904216.2], [279884257631700.72, 296936261266095.9, 314789364562175.6, 331338684359894.2, 344926969378668.4, 370419351573903.8, 370017228449219.56, 387834378243893.4, 398071767408930.9, 275397334662143.97, 276068671424881.22, 273261799691285.44, 295883324639159.2, 295058457400383.5, 316020868069700.5, 312955330118535.44, 335902000575022.25, 327085743085142.3, 336766070019671.1, 341575222145439.25, 392254773712437.44, 413922052621309.7, 391056615101688.0], [282644973272373.6, 300699116899485.2, 318243245419015.2, 333355861679350.5, 347593298376118.44, 374693415612684.9, 378152373099218.7, 387523995565748.8, 398391299624753.7, 276984254317004.34, 279413839224049.06, 275786761279664.97, 300991238958897.6, 298494133990735.7, 318825087831576.5, 317987739971102.25, 336651843630888.94, 328672446548608.0, 339452371249318.44, 343567021493744.4, 392678813904216.2, 391056615101688.0, 414955827315423.6], [617041626399.5042, 240594220547.6098, -332733856260.4424, -1026568061418.1611, -2294830042727.5537, -5407587470910.577, -10664577052926.613, -2509506573290.816, -1514248765976.6748, 586432074746.5242, 862567932283.4683, 712435462677.6941, 448448368627.8819, 23962534633.39209, -581472359827.7676, 48381979808.54541, -491625445352.55396, -1232218834906.565, -2040085882433.302, -912997912717.3383, -436018342723.6277, -854036438736.8895, -2130708848091.9321]]}}