{"resp_b": 0.1, "restrained_fit": true, "exclude_hydrogens": true, "convergence_tolerance": 1e-06, "max_iter": 500, "resp_a": 0.0005, "charge_constraints": {"charge_sum_constraints": [], "charge_equivalence_constraints": [], "molecules": [{"qcmol": {"schema_name": "qcschema_molecule", "schema_version": 2, "validated": true, "symbols": ["C", "C", "C", "C", "C", "C", "O", "O", "C", "H", "H", "H", "H", "H", "H", "H", "H", "H", "H", "H", "H", "H", "H"], "geometry": [[0.0, 0.0, 0.0], [2.890774558665636, -2.2469464784662825e-16, -7.68415122652562e-16], [4.094237549110723, 2.6348558581484083, 1.1102230246251565e-16], [3.6174534601439277, 4.166054500838433, -2.407091137995234], [4.988608107495329, 6.723863279169256, -2.349927294018968], [4.475114894153166, 8.264097832733707, -4.691629861818154], [3.2021773397438147, 10.114302921636224, -4.766400954860849], [5.59683675420128, 7.2903211640102175, -6.713275665285793], [5.207539481792054, 8.549713567893498, -9.041697519016745], [-0.7376154559686277, 1.0653111783045532, 1.5929736132814807], [-0.7700308622773108, 0.8226148381607798, -1.7127672355101073], [-0.7256193224134968, -1.913535191603137, 0.14097726027281932], [3.550256395827552, -1.0105702433133255, 1.6623995143256187], [3.576041161497872, -1.0593743108032057, -1.623361022627159], [3.4127480889251984, 3.6923512798743885, 1.6275325441185418], [6.123673617522272, 2.4271032260657517, 0.25610823721171877], [4.248011244846358, 3.0975115768492207, -4.041360747266622], [1.6070253810554185, 4.499394009921007, -2.6482727575154814], [4.373783733629729, 7.834108488531827, -0.745954772465276], [7.011576990455461, 6.423013281440352, -2.199277026311264], [6.252112496873065, 7.486457140477029, -10.432777489658694], [5.904712301069448, 10.466352898204757, -8.945492873187042], [3.2222946241167136, 8.58080595791108, -9.518183850466679]], "name": "C7H14O2", "identifiers": {"molecule_hash": "fb9b31729ad49c67e90ece9d71bd28faeeae217c", "molecular_formula": "C7H14O2"}, "molecular_charge": 0.0, "molecular_multiplicity": 1, "connectivity": [[0, 1, 1.0], [0, 9, 1.0], [0, 10, 1.0], [0, 11, 1.0], [1, 2, 1.0], [1, 12, 1.0], [1, 13, 1.0], [2, 3, 1.0], [2, 14, 1.0], [2, 15, 1.0], [3, 4, 1.0], [3, 16, 1.0], [3, 17, 1.0], [4, 5, 1.0], [4, 18, 1.0], [4, 19, 1.0], [5, 6, 2.0], [5, 7, 1.0], [7, 8, 1.0], [8, 20, 1.0], [8, 21, 1.0], [8, 22, 1.0]], "fix_com": true, "fix_orientation": true, "provenance": {"creator": "QCElemental", "version": "v0.22.0", "routine": "qcelemental.molparse.from_schema"}, "id": "163227"}, "charge": 0, "optimize_geometry": false, "conformers": [], "conformer_generation_options": {"n_conformer_pool": 4000, "n_max_conformers": 0, "rms_tolerance": 0.05, "energy_window": 15, "keep_original_conformer": true}, "stage_1_unrestrained_charges": null, "stage_1_restrained_charges": null, "stage_2_unrestrained_charges": null, "stage_2_restrained_charges": null, "keep_original_orientation": false, "reorientations": [], "translations": [], "rotations": []}], "unconstrained_atoms": [{"index": 0, "molecule": {"qcmol": {"schema_name": "qcschema_molecule", "schema_version": 2, "validated": true, "symbols": ["C", "C", "C", "C", "C", "C", "O", "O", "C", "H", "H", "H", "H", "H", "H", "H", "H", "H", "H", "H", "H", "H", "H"], "geometry": [[0.0, 0.0, 0.0], [2.890774558665636, -2.2469464784662825e-16, -7.68415122652562e-16], [4.094237549110723, 2.6348558581484083, 1.1102230246251565e-16], [3.6174534601439277, 4.166054500838433, -2.407091137995234], [4.988608107495329, 6.723863279169256, -2.349927294018968], [4.475114894153166, 8.264097832733707, -4.691629861818154], [3.2021773397438147, 10.114302921636224, -4.766400954860849], [5.59683675420128, 7.2903211640102175, -6.713275665285793], [5.207539481792054, 8.549713567893498, -9.041697519016745], [-0.7376154559686277, 1.0653111783045532, 1.5929736132814807], [-0.7700308622773108, 0.8226148381607798, -1.7127672355101073], [-0.7256193224134968, -1.913535191603137, 0.14097726027281932], [3.550256395827552, -1.0105702433133255, 1.6623995143256187], [3.576041161497872, -1.0593743108032057, -1.623361022627159], [3.4127480889251984, 3.6923512798743885, 1.6275325441185418], [6.123673617522272, 2.4271032260657517, 0.25610823721171877], [4.248011244846358, 3.0975115768492207, -4.041360747266622], [1.6070253810554185, 4.499394009921007, -2.6482727575154814], [4.373783733629729, 7.834108488531827, -0.745954772465276], [7.011576990455461, 6.423013281440352, -2.199277026311264], [6.252112496873065, 7.486457140477029, -10.432777489658694], [5.904712301069448, 10.466352898204757, -8.945492873187042], [3.2222946241167136, 8.58080595791108, -9.518183850466679]], "name": "C7H14O2", "identifiers": {"molecule_hash": "fb9b31729ad49c67e90ece9d71bd28faeeae217c", "molecular_formula": "C7H14O2"}, "molecular_charge": 0.0, "molecular_multiplicity": 1, "connectivity": [[0, 1, 1.0], [0, 9, 1.0], [0, 10, 1.0], [0, 11, 1.0], [1, 2, 1.0], [1, 12, 1.0], [1, 13, 1.0], [2, 3, 1.0], [2, 14, 1.0], [2, 15, 1.0], [3, 4, 1.0], [3, 16, 1.0], [3, 17, 1.0], [4, 5, 1.0], [4, 18, 1.0], [4, 19, 1.0], [5, 6, 2.0], [5, 7, 1.0], [7, 8, 1.0], [8, 20, 1.0], [8, 21, 1.0], [8, 22, 1.0]], "fix_com": true, "fix_orientation": true, "provenance": {"creator": "QCElemental", "version": "v0.22.0", "routine": "qcelemental.molparse.from_schema"}, "id": "163227"}, "charge": 0, "optimize_geometry": false, "conformers": [], "conformer_generation_options": {"n_conformer_pool": 4000, "n_max_conformers": 0, "rms_tolerance": 0.05, "energy_window": 15, "keep_original_conformer": true}, "stage_1_unrestrained_charges": null, "stage_1_restrained_charges": null, "stage_2_unrestrained_charges": null, "stage_2_restrained_charges": null, "keep_original_orientation": false, "reorientations": [], "translations": [], "rotations": []}}, {"index": 1, "molecule": {"qcmol": {"schema_name": "qcschema_molecule", "schema_version": 2, "validated": true, "symbols": ["C", "C", "C", "C", "C", "C", "O", "O", "C", "H", "H", "H", "H", "H", "H", "H", "H", "H", "H", "H", "H", "H", "H"], "geometry": [[0.0, 0.0, 0.0], [2.890774558665636, -2.2469464784662825e-16, -7.68415122652562e-16], [4.094237549110723, 2.6348558581484083, 1.1102230246251565e-16], [3.6174534601439277, 4.166054500838433, -2.407091137995234], [4.988608107495329, 6.723863279169256, -2.349927294018968], [4.475114894153166, 8.264097832733707, -4.691629861818154], [3.2021773397438147, 10.114302921636224, -4.766400954860849], [5.59683675420128, 7.2903211640102175, -6.713275665285793], [5.207539481792054, 8.549713567893498, -9.041697519016745], [-0.7376154559686277, 1.0653111783045532, 1.5929736132814807], [-0.7700308622773108, 0.8226148381607798, -1.7127672355101073], [-0.7256193224134968, -1.913535191603137, 0.14097726027281932], [3.550256395827552, -1.0105702433133255, 1.6623995143256187], [3.576041161497872, -1.0593743108032057, -1.623361022627159], [3.4127480889251984, 3.6923512798743885, 1.6275325441185418], [6.123673617522272, 2.4271032260657517, 0.25610823721171877], [4.248011244846358, 3.0975115768492207, -4.041360747266622], [1.6070253810554185, 4.499394009921007, -2.6482727575154814], [4.373783733629729, 7.834108488531827, -0.745954772465276], [7.011576990455461, 6.423013281440352, -2.199277026311264], [6.252112496873065, 7.486457140477029, -10.432777489658694], [5.904712301069448, 10.466352898204757, -8.945492873187042], [3.2222946241167136, 8.58080595791108, -9.518183850466679]], "name": "C7H14O2", "identifiers": {"molecule_hash": "fb9b31729ad49c67e90ece9d71bd28faeeae217c", "molecular_formula": "C7H14O2"}, "molecular_charge": 0.0, "molecular_multiplicity": 1, "connectivity": [[0, 1, 1.0], [0, 9, 1.0], [0, 10, 1.0], [0, 11, 1.0], [1, 2, 1.0], [1, 12, 1.0], [1, 13, 1.0], [2, 3, 1.0], [2, 14, 1.0], [2, 15, 1.0], [3, 4, 1.0], [3, 16, 1.0], [3, 17, 1.0], [4, 5, 1.0], [4, 18, 1.0], [4, 19, 1.0], [5, 6, 2.0], [5, 7, 1.0], [7, 8, 1.0], [8, 20, 1.0], [8, 21, 1.0], [8, 22, 1.0]], "fix_com": true, "fix_orientation": true, "provenance": {"creator": "QCElemental", "version": "v0.22.0", "routine": "qcelemental.molparse.from_schema"}, "id": "163227"}, "charge": 0, "optimize_geometry": false, "conformers": [], "conformer_generation_options": {"n_conformer_pool": 4000, "n_max_conformers": 0, "rms_tolerance": 0.05, "energy_window": 15, "keep_original_conformer": true}, "stage_1_unrestrained_charges": null, "stage_1_restrained_charges": null, "stage_2_unrestrained_charges": null, "stage_2_restrained_charges": null, "keep_original_orientation": false, "reorientations": [], "translations": [], "rotations": []}}, {"index": 2, "molecule": {"qcmol": {"schema_name": "qcschema_molecule", "schema_version": 2, "validated": true, "symbols": ["C", "C", "C", "C", "C", "C", "O", "O", "C", "H", "H", "H", "H", "H", "H", "H", "H", "H", "H", "H", "H", "H", "H"], "geometry": [[0.0, 0.0, 0.0], [2.890774558665636, -2.2469464784662825e-16, -7.68415122652562e-16], [4.094237549110723, 2.6348558581484083, 1.1102230246251565e-16], [3.6174534601439277, 4.166054500838433, -2.407091137995234], [4.988608107495329, 6.723863279169256, -2.349927294018968], [4.475114894153166, 8.264097832733707, -4.691629861818154], [3.2021773397438147, 10.114302921636224, -4.766400954860849], [5.59683675420128, 7.2903211640102175, -6.713275665285793], [5.207539481792054, 8.549713567893498, -9.041697519016745], [-0.7376154559686277, 1.0653111783045532, 1.5929736132814807], [-0.7700308622773108, 0.8226148381607798, -1.7127672355101073], [-0.7256193224134968, -1.913535191603137, 0.14097726027281932], [3.550256395827552, -1.0105702433133255, 1.6623995143256187], [3.576041161497872, -1.0593743108032057, -1.623361022627159], [3.4127480889251984, 3.6923512798743885, 1.6275325441185418], [6.123673617522272, 2.4271032260657517, 0.25610823721171877], [4.248011244846358, 3.0975115768492207, -4.041360747266622], [1.6070253810554185, 4.499394009921007, -2.6482727575154814], [4.373783733629729, 7.834108488531827, -0.745954772465276], [7.011576990455461, 6.423013281440352, -2.199277026311264], [6.252112496873065, 7.486457140477029, -10.432777489658694], [5.904712301069448, 10.466352898204757, -8.945492873187042], [3.2222946241167136, 8.58080595791108, -9.518183850466679]], "name": "C7H14O2", "identifiers": {"molecule_hash": "fb9b31729ad49c67e90ece9d71bd28faeeae217c", "molecular_formula": "C7H14O2"}, "molecular_charge": 0.0, "molecular_multiplicity": 1, "connectivity": [[0, 1, 1.0], [0, 9, 1.0], [0, 10, 1.0], [0, 11, 1.0], [1, 2, 1.0], [1, 12, 1.0], [1, 13, 1.0], [2, 3, 1.0], [2, 14, 1.0], [2, 15, 1.0], [3, 4, 1.0], [3, 16, 1.0], [3, 17, 1.0], [4, 5, 1.0], [4, 18, 1.0], [4, 19, 1.0], [5, 6, 2.0], [5, 7, 1.0], [7, 8, 1.0], [8, 20, 1.0], [8, 21, 1.0], [8, 22, 1.0]], "fix_com": true, "fix_orientation": true, "provenance": {"creator": "QCElemental", "version": "v0.22.0", "routine": "qcelemental.molparse.from_schema"}, "id": "163227"}, "charge": 0, "optimize_geometry": false, "conformers": [], "conformer_generation_options": {"n_conformer_pool": 4000, "n_max_conformers": 0, "rms_tolerance": 0.05, "energy_window": 15, "keep_original_conformer": true}, "stage_1_unrestrained_charges": null, "stage_1_restrained_charges": null, "stage_2_unrestrained_charges": null, "stage_2_restrained_charges": null, "keep_original_orientation": false, "reorientations": [], "translations": [], "rotations": []}}, {"index": 3, "molecule": {"qcmol": {"schema_name": "qcschema_molecule", "schema_version": 2, "validated": true, "symbols": ["C", "C", "C", "C", "C", "C", "O", "O", "C", "H", "H", "H", "H", "H", "H", "H", "H", "H", "H", "H", "H", "H", "H"], "geometry": [[0.0, 0.0, 0.0], [2.890774558665636, -2.2469464784662825e-16, -7.68415122652562e-16], [4.094237549110723, 2.6348558581484083, 1.1102230246251565e-16], [3.6174534601439277, 4.166054500838433, -2.407091137995234], [4.988608107495329, 6.723863279169256, -2.349927294018968], [4.475114894153166, 8.264097832733707, -4.691629861818154], [3.2021773397438147, 10.114302921636224, -4.766400954860849], [5.59683675420128, 7.2903211640102175, -6.713275665285793], [5.207539481792054, 8.549713567893498, -9.041697519016745], [-0.7376154559686277, 1.0653111783045532, 1.5929736132814807], [-0.7700308622773108, 0.8226148381607798, -1.7127672355101073], [-0.7256193224134968, -1.913535191603137, 0.14097726027281932], [3.550256395827552, -1.0105702433133255, 1.6623995143256187], [3.576041161497872, -1.0593743108032057, -1.623361022627159], [3.4127480889251984, 3.6923512798743885, 1.6275325441185418], [6.123673617522272, 2.4271032260657517, 0.25610823721171877], [4.248011244846358, 3.0975115768492207, -4.041360747266622], [1.6070253810554185, 4.499394009921007, -2.6482727575154814], [4.373783733629729, 7.834108488531827, -0.745954772465276], [7.011576990455461, 6.423013281440352, -2.199277026311264], [6.252112496873065, 7.486457140477029, -10.432777489658694], [5.904712301069448, 10.466352898204757, -8.945492873187042], [3.2222946241167136, 8.58080595791108, -9.518183850466679]], "name": "C7H14O2", "identifiers": {"molecule_hash": "fb9b31729ad49c67e90ece9d71bd28faeeae217c", "molecular_formula": "C7H14O2"}, "molecular_charge": 0.0, "molecular_multiplicity": 1, "connectivity": [[0, 1, 1.0], [0, 9, 1.0], [0, 10, 1.0], [0, 11, 1.0], [1, 2, 1.0], [1, 12, 1.0], [1, 13, 1.0], [2, 3, 1.0], [2, 14, 1.0], [2, 15, 1.0], [3, 4, 1.0], [3, 16, 1.0], [3, 17, 1.0], [4, 5, 1.0], [4, 18, 1.0], [4, 19, 1.0], [5, 6, 2.0], [5, 7, 1.0], [7, 8, 1.0], [8, 20, 1.0], [8, 21, 1.0], [8, 22, 1.0]], "fix_com": true, "fix_orientation": true, "provenance": {"creator": "QCElemental", "version": "v0.22.0", "routine": "qcelemental.molparse.from_schema"}, "id": "163227"}, "charge": 0, "optimize_geometry": false, "conformers": [], "conformer_generation_options": {"n_conformer_pool": 4000, "n_max_conformers": 0, "rms_tolerance": 0.05, "energy_window": 15, "keep_original_conformer": true}, "stage_1_unrestrained_charges": null, "stage_1_restrained_charges": null, "stage_2_unrestrained_charges": null, "stage_2_restrained_charges": null, "keep_original_orientation": false, "reorientations": [], "translations": [], "rotations": []}}, {"index": 4, "molecule": {"qcmol": {"schema_name": "qcschema_molecule", "schema_version": 2, "validated": true, "symbols": ["C", "C", "C", "C", "C", "C", "O", "O", "C", "H", "H", "H", "H", "H", "H", "H", "H", "H", "H", "H", "H", "H", "H"], "geometry": [[0.0, 0.0, 0.0], [2.890774558665636, -2.2469464784662825e-16, -7.68415122652562e-16], [4.094237549110723, 2.6348558581484083, 1.1102230246251565e-16], [3.6174534601439277, 4.166054500838433, -2.407091137995234], [4.988608107495329, 6.723863279169256, -2.349927294018968], [4.475114894153166, 8.264097832733707, -4.691629861818154], [3.2021773397438147, 10.114302921636224, -4.766400954860849], [5.59683675420128, 7.2903211640102175, -6.713275665285793], [5.207539481792054, 8.549713567893498, -9.041697519016745], [-0.7376154559686277, 1.0653111783045532, 1.5929736132814807], [-0.7700308622773108, 0.8226148381607798, -1.7127672355101073], [-0.7256193224134968, -1.913535191603137, 0.14097726027281932], [3.550256395827552, -1.0105702433133255, 1.6623995143256187], [3.576041161497872, -1.0593743108032057, -1.623361022627159], [3.4127480889251984, 3.6923512798743885, 1.6275325441185418], [6.123673617522272, 2.4271032260657517, 0.25610823721171877], [4.248011244846358, 3.0975115768492207, -4.041360747266622], [1.6070253810554185, 4.499394009921007, -2.6482727575154814], [4.373783733629729, 7.834108488531827, -0.745954772465276], [7.011576990455461, 6.423013281440352, -2.199277026311264], [6.252112496873065, 7.486457140477029, -10.432777489658694], [5.904712301069448, 10.466352898204757, -8.945492873187042], [3.2222946241167136, 8.58080595791108, -9.518183850466679]], "name": "C7H14O2", "identifiers": {"molecule_hash": "fb9b31729ad49c67e90ece9d71bd28faeeae217c", "molecular_formula": "C7H14O2"}, "molecular_charge": 0.0, "molecular_multiplicity": 1, "connectivity": [[0, 1, 1.0], [0, 9, 1.0], [0, 10, 1.0], [0, 11, 1.0], [1, 2, 1.0], [1, 12, 1.0], [1, 13, 1.0], [2, 3, 1.0], [2, 14, 1.0], [2, 15, 1.0], [3, 4, 1.0], [3, 16, 1.0], [3, 17, 1.0], [4, 5, 1.0], [4, 18, 1.0], [4, 19, 1.0], [5, 6, 2.0], [5, 7, 1.0], [7, 8, 1.0], [8, 20, 1.0], [8, 21, 1.0], [8, 22, 1.0]], "fix_com": true, "fix_orientation": true, "provenance": {"creator": "QCElemental", "version": "v0.22.0", "routine": "qcelemental.molparse.from_schema"}, "id": "163227"}, "charge": 0, "optimize_geometry": false, "conformers": [], "conformer_generation_options": {"n_conformer_pool": 4000, "n_max_conformers": 0, "rms_tolerance": 0.05, "energy_window": 15, "keep_original_conformer": true}, "stage_1_unrestrained_charges": null, "stage_1_restrained_charges": null, "stage_2_unrestrained_charges": null, "stage_2_restrained_charges": null, "keep_original_orientation": false, "reorientations": [], "translations": [], "rotations": []}}, {"index": 8, "molecule": {"qcmol": {"schema_name": "qcschema_molecule", "schema_version": 2, "validated": true, "symbols": ["C", "C", "C", "C", "C", "C", "O", "O", "C", "H", "H", "H", "H", "H", "H", "H", "H", "H", "H", "H", "H", "H", "H"], "geometry": [[0.0, 0.0, 0.0], [2.890774558665636, -2.2469464784662825e-16, -7.68415122652562e-16], [4.094237549110723, 2.6348558581484083, 1.1102230246251565e-16], [3.6174534601439277, 4.166054500838433, -2.407091137995234], [4.988608107495329, 6.723863279169256, -2.349927294018968], [4.475114894153166, 8.264097832733707, -4.691629861818154], [3.2021773397438147, 10.114302921636224, -4.766400954860849], [5.59683675420128, 7.2903211640102175, -6.713275665285793], [5.207539481792054, 8.549713567893498, -9.041697519016745], [-0.7376154559686277, 1.0653111783045532, 1.5929736132814807], [-0.7700308622773108, 0.8226148381607798, -1.7127672355101073], [-0.7256193224134968, -1.913535191603137, 0.14097726027281932], [3.550256395827552, -1.0105702433133255, 1.6623995143256187], [3.576041161497872, -1.0593743108032057, -1.623361022627159], [3.4127480889251984, 3.6923512798743885, 1.6275325441185418], [6.123673617522272, 2.4271032260657517, 0.25610823721171877], [4.248011244846358, 3.0975115768492207, -4.041360747266622], [1.6070253810554185, 4.499394009921007, -2.6482727575154814], [4.373783733629729, 7.834108488531827, -0.745954772465276], [7.011576990455461, 6.423013281440352, -2.199277026311264], [6.252112496873065, 7.486457140477029, -10.432777489658694], [5.904712301069448, 10.466352898204757, -8.945492873187042], [3.2222946241167136, 8.58080595791108, -9.518183850466679]], "name": "C7H14O2", "identifiers": {"molecule_hash": "fb9b31729ad49c67e90ece9d71bd28faeeae217c", "molecular_formula": "C7H14O2"}, "molecular_charge": 0.0, "molecular_multiplicity": 1, "connectivity": [[0, 1, 1.0], [0, 9, 1.0], [0, 10, 1.0], [0, 11, 1.0], [1, 2, 1.0], [1, 12, 1.0], [1, 13, 1.0], [2, 3, 1.0], [2, 14, 1.0], [2, 15, 1.0], [3, 4, 1.0], [3, 16, 1.0], [3, 17, 1.0], [4, 5, 1.0], [4, 18, 1.0], [4, 19, 1.0], [5, 6, 2.0], [5, 7, 1.0], [7, 8, 1.0], [8, 20, 1.0], [8, 21, 1.0], [8, 22, 1.0]], "fix_com": true, "fix_orientation": true, "provenance": {"creator": "QCElemental", "version": "v0.22.0", "routine": "qcelemental.molparse.from_schema"}, "id": "163227"}, "charge": 0, "optimize_geometry": false, "conformers": [], "conformer_generation_options": {"n_conformer_pool": 4000, "n_max_conformers": 0, "rms_tolerance": 0.05, "energy_window": 15, "keep_original_conformer": true}, "stage_1_unrestrained_charges": null, "stage_1_restrained_charges": null, "stage_2_unrestrained_charges": null, "stage_2_restrained_charges": null, "keep_original_orientation": false, "reorientations": [], "translations": [], "rotations": []}}]}, "surface_constraints": {"matrix": [[392755081618350.2, 382389211666718.6, 369118099202973.1, 351446499409673.2, 332261063040664.56, 316594225546186.8, 310271653141074.0, 305307835338923.0, 282632552207165.44, 394000952998554.25, 393866887236243.6, 393037708680044.9, 380833558128173.7, 380370334846784.4, 370071260515550.75, 368110612747657.3, 354132112006382.1, 347069084793962.56, 327819232366174.6, 330329424532753.7, 279994171872593.62, 272632228346015.44, 276463801194152.6], [382389211666718.6, 393427562130818.75, 384474756132735.06, 370472979038708.2, 351900331192317.1, 336872339064598.25, 331002452278345.75, 325029997271483.7, 300826649818131.1, 378410958051583.3, 377987142158688.8, 377206000653728.4, 398306307136433.9, 397588558505329.75, 384272950325536.5, 384186260893866.06, 373257522254954.1, 367550696488985.1, 347351674339816.44, 349564266691749.75, 297376187716017.6, 290100840714841.94, 294770870190140.56], [369118099202973.1, 384474756132735.06, 395710238316218.9, 385737690357308.5, 371498389764642.94, 356980843641903.94, 349940228918377.2, 345769314943043.25, 319543792186270.2, 361979304841621.75, 365999156092705.8, 363528082337328.06, 383537499954377.25, 382720198535892.44, 401594452895335.8, 401476157101464.44, 384940996979102.4, 385356368862898.3, 367014881617203.1, 371117134191268.3, 314867032982155.0, 308498389042153.44, 313247547450203.94], [351446499409673.2, 370472979038708.2, 385737690357308.5, 395672745349604.75, 385232398604381.9, 372118691400287.06, 363493863298480.94, 363426707634986.2, 335782405077615.7, 341506955832118.6, 348321401841079.4, 346746727041542.2, 369322087181212.9, 369775529747234.8, 385655546413561.4, 385542154629420.1, 401041786533952.06, 401367505487333.94, 383285131145725.06, 383623130804077.7, 328055226406672.94, 325968265289282.6, 329898984216036.25], [332261063040664.56, 351900331192317.1, 371498389764642.94, 385232398604381.9, 394607796269588.7, 385243339367803.0, 377768747179365.4, 376390144093497.56, 349125371034858.44, 322921616513606.9, 328004676621787.25, 328029943595592.2, 349881803871483.75, 350257863671062.6, 371941242279823.56, 372138253695042.56, 384798463880338.3, 385105859242118.0, 398682103368298.9, 399169053301800.94, 340888367941680.0, 340090588829120.75, 342906478766016.5], [316594225546186.8, 336872339064598.25, 356980843641903.94, 372118691400287.06, 385243339367803.0, 394274228871429.25, 395084935514145.06, 389406331307620.6, 372506620926522.0, 308871209514633.3, 311949182061109.6, 311030083302387.5, 335426998689756.94, 335311250496228.8, 358527420735948.06, 356545690948846.56, 372723675226929.44, 370042288095571.4, 384179807854701.4, 384335757417117.56, 365660597002355.9, 365269144149403.75, 369551606394629.0], [310271653141074.0, 331002452278345.75, 349940228918377.2, 363493863298480.94, 377768747179365.4, 395084935514145.06, 411282149113165.0, 381041974503876.25, 371193838517949.56, 303588689078671.5, 304521891222860.6, 304560814769238.2, 329381105286686.3, 330948290662215.4, 352872937422661.94, 348453735228202.4, 362109631662592.2, 361386162447489.5, 375464804649219.8, 373233304136766.6, 364018062744289.75, 364815161721351.3, 372823564756434.7], [305307835338923.0, 325029997271483.7, 345769314943043.25, 363426707634986.2, 376390144093497.56, 389406331307620.6, 381041974503876.25, 401525463405008.4, 387723700907725.4, 297777857381647.1, 301882727893069.5, 298965632294482.25, 324437594416724.56, 322098332895543.25, 346033984447515.44, 345565720341256.0, 367616148386073.1, 360192510187949.44, 372500983768576.8, 375720456411942.44, 383932111472694.4, 381992860757564.75, 381851661079536.4], [282632552207165.44, 300826649818131.1, 319543792186270.2, 335782405077615.7, 349125371034858.44, 372506620926522.0, 371193838517949.56, 387723700907725.4, 393270862860611.06, 276884688946727.06, 279063675052275.78, 276116737000419.0, 300617897967660.8, 298254928334431.56, 320362410716263.8, 318876514265414.5, 339425340376278.25, 331999622027153.94, 342813869638168.44, 345064634693806.9, 394053896791892.56, 392251559358822.6, 392591866183153.9], [394000952998554.25, 378410958051583.3, 361979304841621.75, 341506955832118.6, 322921616513606.9, 308871209514633.3, 303588689078671.5, 297777857381647.1, 276884688946727.06, 411605361396995.56, 389045925009667.4, 388406694498385.25, 376925512266141.7, 375065931861296.5, 363626917382592.4, 360655647153089.56, 342804339628220.06, 336116826273500.1, 317662586517565.6, 321098426924459.3, 275317837135683.0, 267618523574354.72, 270215318218865.7], [393866887236243.6, 377987142158688.8, 365999156092705.8, 348321401841079.4, 328004676621787.25, 311949182061109.6, 304521891222860.6, 301882727893069.5, 279063675052275.78, 389045925009667.4, 411533793676915.56, 388482281711920.0, 373875524722038.6, 373378307196585.25, 367229083044317.7, 365625779768025.7, 352868344609502.7, 343208152644463.6, 323084554389150.3, 326102449875104.4, 275714851307278.7, 269295786937020.34, 273345501722293.78], [393037708680044.9, 377206000653728.4, 363528082337328.06, 346746727041542.2, 328029943595592.2, 311030083302387.5, 304560814769238.2, 298965632294482.25, 276116737000419.0, 388406694498385.25, 388482281711920.0, 409576005236558.25, 373067264911455.8, 374204043515131.56, 364317001390171.75, 361790675787096.1, 349141887312517.5, 343218783065362.25, 325048202347987.8, 326227988083431.7, 273669246312167.0, 265866577074644.2, 270044210849491.72], [380833558128173.7, 398306307136433.9, 383537499954377.25, 369322087181212.9, 349881803871483.75, 335426998689756.94, 329381105286686.3, 324437594416724.56, 300617897967660.8, 376925512266141.7, 373875524722038.6, 373067264911455.8, 419082019419738.75, 396526994562637.44, 380612270197505.06, 381544061796636.94, 373840360935861.6, 365230180597399.3, 346258171979715.94, 345668511769160.9, 297799510194172.25, 289343165964104.4, 294700802793379.0], [380370334846784.4, 397588558505329.75, 382720198535892.44, 369775529747234.8, 350257863671062.6, 335311250496228.8, 330948290662215.4, 322098332895543.25, 298254928334431.56, 375065931861296.5, 373378307196585.25, 374204043515131.56, 396526994562637.44, 417494426258642.6, 379424900910032.2, 379939910205163.25, 373302016453706.25, 367611660504875.44, 344871848856768.75, 348215507472115.9, 294467591399532.9, 287913523460949.94, 292479121154171.9], [370071260515550.75, 384272950325536.5, 401594452895335.8, 385655546413561.4, 371941242279823.56, 358527420735948.06, 352872937422661.94, 346033984447515.44, 320362410716263.8, 363626917382592.4, 367229083044317.7, 364317001390171.75, 380612270197505.06, 379424900910032.2, 423129320857897.8, 401575238239321.0, 380954029631764.7, 384003485949599.1, 366370266030028.4, 372079642323873.1, 316813554254339.44, 308814105993988.94, 313800385336517.1], [368110612747657.3, 384186260893866.06, 401476157101464.44, 385542154629420.1, 372138253695042.56, 356545690948846.56, 348453735228202.4, 345565720341256.0, 318876514265414.5, 360655647153089.56, 365625779768025.7, 361790675787096.1, 381544061796636.94, 379939910205163.25, 401575238239321.0, 422797692328819.94, 380676664295862.4, 383795416322240.3, 367141542281352.8, 373612687871288.25, 314560207361477.7, 307253031012561.2, 312569850473018.06], [354132112006382.1, 373257522254954.1, 384940996979102.4, 401041786533952.06, 384798463880338.3, 372723675226929.44, 362109631662592.2, 367616148386073.1, 339425340376278.25, 342804339628220.06, 352868344609502.7, 349141887312517.5, 373840360935861.6, 373302016453706.25, 380954029631764.7, 380676664295862.4, 421762368464867.8, 401073294443459.06, 380403042135230.8, 380340735237030.7, 331159052153234.06, 329704054289383.44, 333453542527826.5], [347069084793962.56, 367550696488985.1, 385356368862898.3, 401367505487333.94, 385105859242118.0, 370042288095571.4, 361386162447489.5, 360192510187949.44, 331999622027153.94, 336116826273500.1, 343208152644463.6, 343218783065362.25, 365230180597399.3, 367611660504875.44, 384003485949599.1, 383795416322240.3, 401073294443459.06, 422216247787538.9, 383144788948412.9, 380459722538352.6, 322702427255712.6, 322752865013515.44, 326819674709072.6], [327819232366174.6, 347351674339816.44, 367014881617203.1, 383285131145725.06, 398682103368298.9, 384179807854701.4, 375464804649219.8, 372500983768576.8, 342813869638168.44, 317662586517565.6, 323084554389150.3, 325048202347987.8, 346258171979715.94, 344871848856768.75, 366370266030028.4, 367141542281352.8, 380403042135230.8, 383144788948412.9, 417912058964951.44, 397123355148643.56, 334314153060310.56, 333336072914950.94, 335839697578914.5], [330329424532753.7, 349564266691749.75, 371117134191268.3, 383623130804077.7, 399169053301800.94, 384335757417117.56, 373233304136766.6, 375720456411942.44, 345064634693806.9, 321098426924459.3, 326102449875104.4, 326227988083431.7, 345668511769160.9, 348215507472115.9, 372079642323873.1, 373612687871288.25, 380340735237030.7, 380459722538352.6, 397123355148643.56, 419174865689177.06, 335967448016393.7, 336275302254087.1, 337382247130096.3], [279994171872593.62, 297376187716017.6, 314867032982155.0, 328055226406672.94, 340888367941680.0, 365660597002355.9, 364018062744289.75, 383932111472694.4, 394053896791892.56, 275317837135683.0, 275714851307278.7, 273669246312167.0, 297799510194172.25, 294467591399532.9, 316813554254339.44, 314560207361477.7, 331159052153234.06, 322702427255712.6, 334314153060310.56, 335967448016393.7, 411150690898402.56, 386803786483029.06, 387182280243019.2], [272632228346015.44, 290100840714841.94, 308498389042153.44, 325968265289282.6, 340090588829120.75, 365269144149403.75, 364815161721351.3, 381992860757564.75, 392251559358822.6, 267618523574354.72, 269295786937020.34, 265866577074644.2, 289343165964104.4, 287913523460949.94, 308814105993988.94, 307253031012561.2, 329704054289383.44, 322752865013515.44, 333336072914950.94, 336275302254087.1, 386803786483029.06, 407584198262052.4, 385469120894460.4], [276463801194152.6, 294770870190140.56, 313247547450203.94, 329898984216036.25, 342906478766016.5, 369551606394629.0, 372823564756434.7, 381851661079536.4, 392591866183153.9, 270215318218865.7, 273345501722293.78, 270044210849491.72, 294700802793379.0, 292479121154171.9, 313800385336517.1, 312569850473018.06, 333453542527826.5, 326819674709072.6, 335839697578914.5, 337382247130096.3, 387182280243019.2, 385469120894460.4, 408630377448296.7], [50708652577.04775, -573750699436.6008, -802897589521.5172, -1095149032708.6096, -2658387010652.8076, -6649104976130.79, -13389516565120.428, -2804509866479.8916, -2077685886813.2612, -215176668065.97702, 583109223265.6643, 262925069009.0467, -462452122484.0695, -1120849995774.5312, -1316769743617.7017, -175771144748.46646, -541020624199.2182, -777785644556.1794, -1952567218858.536, -1291769101465.2808, -860584312729.9457, -1378886047296.0952, -2992607759266.6606]]}}