{"resp_b": 0.1, "restrained_fit": true, "exclude_hydrogens": true, "convergence_tolerance": 1e-06, "max_iter": 500, "resp_a": 0.0005, "charge_constraints": {"charge_sum_constraints": [], "charge_equivalence_constraints": [], "molecules": [{"qcmol": {"schema_name": "qcschema_molecule", "schema_version": 2, "validated": true, "symbols": ["C", "C", "C", "C", "C", "C", "O", "O", "C", "H", "H", "H", "H", "H", "H", "H", "H", "H", "H", "H", "H", "H", "H"], "geometry": [[0.0, 0.0, 0.0], [2.890774558665636, -2.2469464784662825e-16, -7.68415122652562e-16], [4.094237549110723, 2.6348558581484083, 1.1102230246251565e-16], [3.6174534601439277, 4.166054500838433, -2.407091137995234], [4.988608107495329, 6.723863279169256, -2.349927294018968], [4.475114894153166, 8.264097832733707, -4.691629861818154], [3.2021773397438147, 10.114302921636224, -4.766400954860849], [5.59683675420128, 7.2903211640102175, -6.713275665285793], [5.207539481792054, 8.549713567893498, -9.041697519016745], [-0.7376154559686277, 1.0653111783045532, 1.5929736132814807], [-0.7700308622773108, 0.8226148381607798, -1.7127672355101073], [-0.7256193224134968, -1.913535191603137, 0.14097726027281932], [3.550256395827552, -1.0105702433133255, 1.6623995143256187], [3.576041161497872, -1.0593743108032057, -1.623361022627159], [3.4127480889251984, 3.6923512798743885, 1.6275325441185418], [6.123673617522272, 2.4271032260657517, 0.25610823721171877], [4.248011244846358, 3.0975115768492207, -4.041360747266622], [1.6070253810554185, 4.499394009921007, -2.6482727575154814], [4.373783733629729, 7.834108488531827, -0.745954772465276], [7.011576990455461, 6.423013281440352, -2.199277026311264], [6.252112496873065, 7.486457140477029, -10.432777489658694], [5.904712301069448, 10.466352898204757, -8.945492873187042], [3.2222946241167136, 8.58080595791108, -9.518183850466679]], "name": "C7H14O2", "identifiers": {"molecule_hash": "fb9b31729ad49c67e90ece9d71bd28faeeae217c", "molecular_formula": "C7H14O2"}, "molecular_charge": 0.0, "molecular_multiplicity": 1, "connectivity": [[0, 1, 1.0], [0, 9, 1.0], [0, 10, 1.0], [0, 11, 1.0], [1, 2, 1.0], [1, 12, 1.0], [1, 13, 1.0], [2, 3, 1.0], [2, 14, 1.0], [2, 15, 1.0], [3, 4, 1.0], [3, 16, 1.0], [3, 17, 1.0], [4, 5, 1.0], [4, 18, 1.0], [4, 19, 1.0], [5, 6, 2.0], [5, 7, 1.0], [7, 8, 1.0], [8, 20, 1.0], [8, 21, 1.0], [8, 22, 1.0]], "fix_com": true, "fix_orientation": true, "provenance": {"creator": "QCElemental", "version": "v0.22.0", "routine": "qcelemental.molparse.from_schema"}, "id": "163227"}, "charge": 0, "optimize_geometry": false, "conformers": [], "conformer_generation_options": {"n_conformer_pool": 4000, "n_max_conformers": 0, "rms_tolerance": 0.05, "energy_window": 15, "keep_original_conformer": true}, "stage_1_unrestrained_charges": null, "stage_1_restrained_charges": null, "stage_2_unrestrained_charges": null, "stage_2_restrained_charges": null, "keep_original_orientation": false, "reorientations": [], "translations": [], "rotations": []}], "unconstrained_atoms": [{"index": 0, "molecule": {"qcmol": {"schema_name": "qcschema_molecule", "schema_version": 2, "validated": true, "symbols": ["C", "C", "C", "C", "C", "C", "O", "O", "C", "H", "H", "H", "H", "H", "H", "H", "H", "H", "H", "H", "H", "H", "H"], "geometry": [[0.0, 0.0, 0.0], [2.890774558665636, -2.2469464784662825e-16, -7.68415122652562e-16], [4.094237549110723, 2.6348558581484083, 1.1102230246251565e-16], [3.6174534601439277, 4.166054500838433, -2.407091137995234], [4.988608107495329, 6.723863279169256, -2.349927294018968], [4.475114894153166, 8.264097832733707, -4.691629861818154], [3.2021773397438147, 10.114302921636224, -4.766400954860849], [5.59683675420128, 7.2903211640102175, -6.713275665285793], [5.207539481792054, 8.549713567893498, -9.041697519016745], [-0.7376154559686277, 1.0653111783045532, 1.5929736132814807], [-0.7700308622773108, 0.8226148381607798, -1.7127672355101073], [-0.7256193224134968, -1.913535191603137, 0.14097726027281932], [3.550256395827552, -1.0105702433133255, 1.6623995143256187], [3.576041161497872, -1.0593743108032057, -1.623361022627159], [3.4127480889251984, 3.6923512798743885, 1.6275325441185418], [6.123673617522272, 2.4271032260657517, 0.25610823721171877], [4.248011244846358, 3.0975115768492207, -4.041360747266622], [1.6070253810554185, 4.499394009921007, -2.6482727575154814], [4.373783733629729, 7.834108488531827, -0.745954772465276], [7.011576990455461, 6.423013281440352, -2.199277026311264], [6.252112496873065, 7.486457140477029, -10.432777489658694], [5.904712301069448, 10.466352898204757, -8.945492873187042], [3.2222946241167136, 8.58080595791108, -9.518183850466679]], "name": "C7H14O2", "identifiers": {"molecule_hash": "fb9b31729ad49c67e90ece9d71bd28faeeae217c", "molecular_formula": "C7H14O2"}, "molecular_charge": 0.0, "molecular_multiplicity": 1, "connectivity": [[0, 1, 1.0], [0, 9, 1.0], [0, 10, 1.0], [0, 11, 1.0], [1, 2, 1.0], [1, 12, 1.0], [1, 13, 1.0], [2, 3, 1.0], [2, 14, 1.0], [2, 15, 1.0], [3, 4, 1.0], [3, 16, 1.0], [3, 17, 1.0], [4, 5, 1.0], [4, 18, 1.0], [4, 19, 1.0], [5, 6, 2.0], [5, 7, 1.0], [7, 8, 1.0], [8, 20, 1.0], [8, 21, 1.0], [8, 22, 1.0]], "fix_com": true, "fix_orientation": true, "provenance": {"creator": "QCElemental", "version": "v0.22.0", "routine": "qcelemental.molparse.from_schema"}, "id": "163227"}, "charge": 0, "optimize_geometry": false, "conformers": [], "conformer_generation_options": {"n_conformer_pool": 4000, "n_max_conformers": 0, "rms_tolerance": 0.05, "energy_window": 15, "keep_original_conformer": true}, "stage_1_unrestrained_charges": null, "stage_1_restrained_charges": null, "stage_2_unrestrained_charges": null, "stage_2_restrained_charges": null, "keep_original_orientation": false, "reorientations": [], "translations": [], "rotations": []}}, {"index": 1, "molecule": {"qcmol": {"schema_name": "qcschema_molecule", "schema_version": 2, "validated": true, "symbols": ["C", "C", "C", "C", "C", "C", "O", "O", "C", "H", "H", "H", "H", "H", "H", "H", "H", "H", "H", "H", "H", "H", "H"], "geometry": [[0.0, 0.0, 0.0], [2.890774558665636, -2.2469464784662825e-16, -7.68415122652562e-16], [4.094237549110723, 2.6348558581484083, 1.1102230246251565e-16], [3.6174534601439277, 4.166054500838433, -2.407091137995234], [4.988608107495329, 6.723863279169256, -2.349927294018968], [4.475114894153166, 8.264097832733707, -4.691629861818154], [3.2021773397438147, 10.114302921636224, -4.766400954860849], [5.59683675420128, 7.2903211640102175, -6.713275665285793], [5.207539481792054, 8.549713567893498, -9.041697519016745], [-0.7376154559686277, 1.0653111783045532, 1.5929736132814807], [-0.7700308622773108, 0.8226148381607798, -1.7127672355101073], [-0.7256193224134968, -1.913535191603137, 0.14097726027281932], [3.550256395827552, -1.0105702433133255, 1.6623995143256187], [3.576041161497872, -1.0593743108032057, -1.623361022627159], [3.4127480889251984, 3.6923512798743885, 1.6275325441185418], [6.123673617522272, 2.4271032260657517, 0.25610823721171877], [4.248011244846358, 3.0975115768492207, -4.041360747266622], [1.6070253810554185, 4.499394009921007, -2.6482727575154814], [4.373783733629729, 7.834108488531827, -0.745954772465276], [7.011576990455461, 6.423013281440352, -2.199277026311264], [6.252112496873065, 7.486457140477029, -10.432777489658694], [5.904712301069448, 10.466352898204757, -8.945492873187042], [3.2222946241167136, 8.58080595791108, -9.518183850466679]], "name": "C7H14O2", "identifiers": {"molecule_hash": "fb9b31729ad49c67e90ece9d71bd28faeeae217c", "molecular_formula": "C7H14O2"}, "molecular_charge": 0.0, "molecular_multiplicity": 1, "connectivity": [[0, 1, 1.0], [0, 9, 1.0], [0, 10, 1.0], [0, 11, 1.0], [1, 2, 1.0], [1, 12, 1.0], [1, 13, 1.0], [2, 3, 1.0], [2, 14, 1.0], [2, 15, 1.0], [3, 4, 1.0], [3, 16, 1.0], [3, 17, 1.0], [4, 5, 1.0], [4, 18, 1.0], [4, 19, 1.0], [5, 6, 2.0], [5, 7, 1.0], [7, 8, 1.0], [8, 20, 1.0], [8, 21, 1.0], [8, 22, 1.0]], "fix_com": true, "fix_orientation": true, "provenance": {"creator": "QCElemental", "version": "v0.22.0", "routine": "qcelemental.molparse.from_schema"}, "id": "163227"}, "charge": 0, "optimize_geometry": false, "conformers": [], "conformer_generation_options": {"n_conformer_pool": 4000, "n_max_conformers": 0, "rms_tolerance": 0.05, "energy_window": 15, "keep_original_conformer": true}, "stage_1_unrestrained_charges": null, "stage_1_restrained_charges": null, "stage_2_unrestrained_charges": null, "stage_2_restrained_charges": null, "keep_original_orientation": false, "reorientations": [], "translations": [], "rotations": []}}, {"index": 2, "molecule": {"qcmol": {"schema_name": "qcschema_molecule", "schema_version": 2, "validated": true, "symbols": ["C", "C", "C", "C", "C", "C", "O", "O", "C", "H", "H", "H", "H", "H", "H", "H", "H", "H", "H", "H", "H", "H", "H"], "geometry": [[0.0, 0.0, 0.0], [2.890774558665636, -2.2469464784662825e-16, -7.68415122652562e-16], [4.094237549110723, 2.6348558581484083, 1.1102230246251565e-16], [3.6174534601439277, 4.166054500838433, -2.407091137995234], [4.988608107495329, 6.723863279169256, -2.349927294018968], [4.475114894153166, 8.264097832733707, -4.691629861818154], [3.2021773397438147, 10.114302921636224, -4.766400954860849], [5.59683675420128, 7.2903211640102175, -6.713275665285793], [5.207539481792054, 8.549713567893498, -9.041697519016745], [-0.7376154559686277, 1.0653111783045532, 1.5929736132814807], [-0.7700308622773108, 0.8226148381607798, -1.7127672355101073], [-0.7256193224134968, -1.913535191603137, 0.14097726027281932], [3.550256395827552, -1.0105702433133255, 1.6623995143256187], [3.576041161497872, -1.0593743108032057, -1.623361022627159], [3.4127480889251984, 3.6923512798743885, 1.6275325441185418], [6.123673617522272, 2.4271032260657517, 0.25610823721171877], [4.248011244846358, 3.0975115768492207, -4.041360747266622], [1.6070253810554185, 4.499394009921007, -2.6482727575154814], [4.373783733629729, 7.834108488531827, -0.745954772465276], [7.011576990455461, 6.423013281440352, -2.199277026311264], [6.252112496873065, 7.486457140477029, -10.432777489658694], [5.904712301069448, 10.466352898204757, -8.945492873187042], [3.2222946241167136, 8.58080595791108, -9.518183850466679]], "name": "C7H14O2", "identifiers": {"molecule_hash": "fb9b31729ad49c67e90ece9d71bd28faeeae217c", "molecular_formula": "C7H14O2"}, "molecular_charge": 0.0, "molecular_multiplicity": 1, "connectivity": [[0, 1, 1.0], [0, 9, 1.0], [0, 10, 1.0], [0, 11, 1.0], [1, 2, 1.0], [1, 12, 1.0], [1, 13, 1.0], [2, 3, 1.0], [2, 14, 1.0], [2, 15, 1.0], [3, 4, 1.0], [3, 16, 1.0], [3, 17, 1.0], [4, 5, 1.0], [4, 18, 1.0], [4, 19, 1.0], [5, 6, 2.0], [5, 7, 1.0], [7, 8, 1.0], [8, 20, 1.0], [8, 21, 1.0], [8, 22, 1.0]], "fix_com": true, "fix_orientation": true, "provenance": {"creator": "QCElemental", "version": "v0.22.0", "routine": "qcelemental.molparse.from_schema"}, "id": "163227"}, "charge": 0, "optimize_geometry": false, "conformers": [], "conformer_generation_options": {"n_conformer_pool": 4000, "n_max_conformers": 0, "rms_tolerance": 0.05, "energy_window": 15, "keep_original_conformer": true}, "stage_1_unrestrained_charges": null, "stage_1_restrained_charges": null, "stage_2_unrestrained_charges": null, "stage_2_restrained_charges": null, "keep_original_orientation": false, "reorientations": [], "translations": [], "rotations": []}}, {"index": 3, "molecule": {"qcmol": {"schema_name": "qcschema_molecule", "schema_version": 2, "validated": true, "symbols": ["C", "C", "C", "C", "C", "C", "O", "O", "C", "H", "H", "H", "H", "H", "H", "H", "H", "H", "H", "H", "H", "H", "H"], "geometry": [[0.0, 0.0, 0.0], [2.890774558665636, -2.2469464784662825e-16, -7.68415122652562e-16], [4.094237549110723, 2.6348558581484083, 1.1102230246251565e-16], [3.6174534601439277, 4.166054500838433, -2.407091137995234], [4.988608107495329, 6.723863279169256, -2.349927294018968], [4.475114894153166, 8.264097832733707, -4.691629861818154], [3.2021773397438147, 10.114302921636224, -4.766400954860849], [5.59683675420128, 7.2903211640102175, -6.713275665285793], [5.207539481792054, 8.549713567893498, -9.041697519016745], [-0.7376154559686277, 1.0653111783045532, 1.5929736132814807], [-0.7700308622773108, 0.8226148381607798, -1.7127672355101073], [-0.7256193224134968, -1.913535191603137, 0.14097726027281932], [3.550256395827552, -1.0105702433133255, 1.6623995143256187], [3.576041161497872, -1.0593743108032057, -1.623361022627159], [3.4127480889251984, 3.6923512798743885, 1.6275325441185418], [6.123673617522272, 2.4271032260657517, 0.25610823721171877], [4.248011244846358, 3.0975115768492207, -4.041360747266622], [1.6070253810554185, 4.499394009921007, -2.6482727575154814], [4.373783733629729, 7.834108488531827, -0.745954772465276], [7.011576990455461, 6.423013281440352, -2.199277026311264], [6.252112496873065, 7.486457140477029, -10.432777489658694], [5.904712301069448, 10.466352898204757, -8.945492873187042], [3.2222946241167136, 8.58080595791108, -9.518183850466679]], "name": "C7H14O2", "identifiers": {"molecule_hash": "fb9b31729ad49c67e90ece9d71bd28faeeae217c", "molecular_formula": "C7H14O2"}, "molecular_charge": 0.0, "molecular_multiplicity": 1, "connectivity": [[0, 1, 1.0], [0, 9, 1.0], [0, 10, 1.0], [0, 11, 1.0], [1, 2, 1.0], [1, 12, 1.0], [1, 13, 1.0], [2, 3, 1.0], [2, 14, 1.0], [2, 15, 1.0], [3, 4, 1.0], [3, 16, 1.0], [3, 17, 1.0], [4, 5, 1.0], [4, 18, 1.0], [4, 19, 1.0], [5, 6, 2.0], [5, 7, 1.0], [7, 8, 1.0], [8, 20, 1.0], [8, 21, 1.0], [8, 22, 1.0]], "fix_com": true, "fix_orientation": true, "provenance": {"creator": "QCElemental", "version": "v0.22.0", "routine": "qcelemental.molparse.from_schema"}, "id": "163227"}, "charge": 0, "optimize_geometry": false, "conformers": [], "conformer_generation_options": {"n_conformer_pool": 4000, "n_max_conformers": 0, "rms_tolerance": 0.05, "energy_window": 15, "keep_original_conformer": true}, "stage_1_unrestrained_charges": null, "stage_1_restrained_charges": null, "stage_2_unrestrained_charges": null, "stage_2_restrained_charges": null, "keep_original_orientation": false, "reorientations": [], "translations": [], "rotations": []}}, {"index": 4, "molecule": {"qcmol": {"schema_name": "qcschema_molecule", "schema_version": 2, "validated": true, "symbols": ["C", "C", "C", "C", "C", "C", "O", "O", "C", "H", "H", "H", "H", "H", "H", "H", "H", "H", "H", "H", "H", "H", "H"], "geometry": [[0.0, 0.0, 0.0], [2.890774558665636, -2.2469464784662825e-16, -7.68415122652562e-16], [4.094237549110723, 2.6348558581484083, 1.1102230246251565e-16], [3.6174534601439277, 4.166054500838433, -2.407091137995234], [4.988608107495329, 6.723863279169256, -2.349927294018968], [4.475114894153166, 8.264097832733707, -4.691629861818154], [3.2021773397438147, 10.114302921636224, -4.766400954860849], [5.59683675420128, 7.2903211640102175, -6.713275665285793], [5.207539481792054, 8.549713567893498, -9.041697519016745], [-0.7376154559686277, 1.0653111783045532, 1.5929736132814807], [-0.7700308622773108, 0.8226148381607798, -1.7127672355101073], [-0.7256193224134968, -1.913535191603137, 0.14097726027281932], [3.550256395827552, -1.0105702433133255, 1.6623995143256187], [3.576041161497872, -1.0593743108032057, -1.623361022627159], [3.4127480889251984, 3.6923512798743885, 1.6275325441185418], [6.123673617522272, 2.4271032260657517, 0.25610823721171877], [4.248011244846358, 3.0975115768492207, -4.041360747266622], [1.6070253810554185, 4.499394009921007, -2.6482727575154814], [4.373783733629729, 7.834108488531827, -0.745954772465276], [7.011576990455461, 6.423013281440352, -2.199277026311264], [6.252112496873065, 7.486457140477029, -10.432777489658694], [5.904712301069448, 10.466352898204757, -8.945492873187042], [3.2222946241167136, 8.58080595791108, -9.518183850466679]], "name": "C7H14O2", "identifiers": {"molecule_hash": "fb9b31729ad49c67e90ece9d71bd28faeeae217c", "molecular_formula": "C7H14O2"}, "molecular_charge": 0.0, "molecular_multiplicity": 1, "connectivity": [[0, 1, 1.0], [0, 9, 1.0], [0, 10, 1.0], [0, 11, 1.0], [1, 2, 1.0], [1, 12, 1.0], [1, 13, 1.0], [2, 3, 1.0], [2, 14, 1.0], [2, 15, 1.0], [3, 4, 1.0], [3, 16, 1.0], [3, 17, 1.0], [4, 5, 1.0], [4, 18, 1.0], [4, 19, 1.0], [5, 6, 2.0], [5, 7, 1.0], [7, 8, 1.0], [8, 20, 1.0], [8, 21, 1.0], [8, 22, 1.0]], "fix_com": true, "fix_orientation": true, "provenance": {"creator": "QCElemental", "version": "v0.22.0", "routine": "qcelemental.molparse.from_schema"}, "id": "163227"}, "charge": 0, "optimize_geometry": false, "conformers": [], "conformer_generation_options": {"n_conformer_pool": 4000, "n_max_conformers": 0, "rms_tolerance": 0.05, "energy_window": 15, "keep_original_conformer": true}, "stage_1_unrestrained_charges": null, "stage_1_restrained_charges": null, "stage_2_unrestrained_charges": null, "stage_2_restrained_charges": null, "keep_original_orientation": false, "reorientations": [], "translations": [], "rotations": []}}, {"index": 8, "molecule": {"qcmol": {"schema_name": "qcschema_molecule", "schema_version": 2, "validated": true, "symbols": ["C", "C", "C", "C", "C", "C", "O", "O", "C", "H", "H", "H", "H", "H", "H", "H", "H", "H", "H", "H", "H", "H", "H"], "geometry": [[0.0, 0.0, 0.0], [2.890774558665636, -2.2469464784662825e-16, -7.68415122652562e-16], [4.094237549110723, 2.6348558581484083, 1.1102230246251565e-16], [3.6174534601439277, 4.166054500838433, -2.407091137995234], [4.988608107495329, 6.723863279169256, -2.349927294018968], [4.475114894153166, 8.264097832733707, -4.691629861818154], [3.2021773397438147, 10.114302921636224, -4.766400954860849], [5.59683675420128, 7.2903211640102175, -6.713275665285793], [5.207539481792054, 8.549713567893498, -9.041697519016745], [-0.7376154559686277, 1.0653111783045532, 1.5929736132814807], [-0.7700308622773108, 0.8226148381607798, -1.7127672355101073], [-0.7256193224134968, -1.913535191603137, 0.14097726027281932], [3.550256395827552, -1.0105702433133255, 1.6623995143256187], [3.576041161497872, -1.0593743108032057, -1.623361022627159], [3.4127480889251984, 3.6923512798743885, 1.6275325441185418], [6.123673617522272, 2.4271032260657517, 0.25610823721171877], [4.248011244846358, 3.0975115768492207, -4.041360747266622], [1.6070253810554185, 4.499394009921007, -2.6482727575154814], [4.373783733629729, 7.834108488531827, -0.745954772465276], [7.011576990455461, 6.423013281440352, -2.199277026311264], [6.252112496873065, 7.486457140477029, -10.432777489658694], [5.904712301069448, 10.466352898204757, -8.945492873187042], [3.2222946241167136, 8.58080595791108, -9.518183850466679]], "name": "C7H14O2", "identifiers": {"molecule_hash": "fb9b31729ad49c67e90ece9d71bd28faeeae217c", "molecular_formula": "C7H14O2"}, "molecular_charge": 0.0, "molecular_multiplicity": 1, "connectivity": [[0, 1, 1.0], [0, 9, 1.0], [0, 10, 1.0], [0, 11, 1.0], [1, 2, 1.0], [1, 12, 1.0], [1, 13, 1.0], [2, 3, 1.0], [2, 14, 1.0], [2, 15, 1.0], [3, 4, 1.0], [3, 16, 1.0], [3, 17, 1.0], [4, 5, 1.0], [4, 18, 1.0], [4, 19, 1.0], [5, 6, 2.0], [5, 7, 1.0], [7, 8, 1.0], [8, 20, 1.0], [8, 21, 1.0], [8, 22, 1.0]], "fix_com": true, "fix_orientation": true, "provenance": {"creator": "QCElemental", "version": "v0.22.0", "routine": "qcelemental.molparse.from_schema"}, "id": "163227"}, "charge": 0, "optimize_geometry": false, "conformers": [], "conformer_generation_options": {"n_conformer_pool": 4000, "n_max_conformers": 0, "rms_tolerance": 0.05, "energy_window": 15, "keep_original_conformer": true}, "stage_1_unrestrained_charges": null, "stage_1_restrained_charges": null, "stage_2_unrestrained_charges": null, "stage_2_restrained_charges": null, "keep_original_orientation": false, "reorientations": [], "translations": [], "rotations": []}}]}, "surface_constraints": {"matrix": [[970499899603432.5, 945823168293112.2, 914900930676911.6, 874982795828344.0, 832447907798844.5, 794918468214458.1, 777249321028220.5, 772863718191495.2, 720350060968907.2, 975650999441910.1, 975539863843710.9, 972999200895588.9, 943083419631558.2, 942696145571710.5, 917497242140327.5, 913435911796372.5, 882237198327627.9, 865181599089975.8, 823269887683586.9, 829616970342677.1, 710124336446817.4, 701568499782350.2, 707260779147500.5], [945823168293112.2, 969136705647673.2, 948449778277701.4, 917030100819075.9, 876343916170244.0, 840471105968699.8, 824682090493059.9, 816308834345559.2, 761020214985097.1, 938360110730626.4, 937758481157548.0, 935462290829182.9, 981328531203624.8, 980599104809418.9, 948570843650395.0, 948821523376237.2, 924512118833181.5, 911021302765680.9, 867285087053437.2, 872822621709058.0, 748757292021996.5, 741332522376613.1, 748449292335236.4], [914900930676911.6, 948449778277701.4, 972794963586601.2, 950692879981803.9, 920446063472058.0, 885355420087849.8, 866916911187337.4, 862525976484345.9, 803270109466565.5, 899713402080545.1, 909494337478926.5, 903462228788002.9, 947209272413251.5, 946351166528443.4, 986912653617426.2, 987331534115815.0, 949787175985594.2, 950700278306253.4, 912375357141766.5, 922108664622734.6, 789224350817474.4, 781930833254786.1, 790811599929796.2], [874982795828344.0, 917030100819075.9, 950692879981803.9, 973226627650476.5, 951827830342901.6, 919773607905777.2, 899933739966683.4, 900259949161378.1, 838767794425250.8, 852666609596024.6, 869301712888652.1, 865585676772848.6, 915153806977658.4, 917199989830930.6, 950885412857121.6, 951269607564714.1, 986801303597472.4, 987258426903274.5, 950163208732630.1, 950849188613980.0, 817900633306303.4, 819694886118398.1, 828768652346312.5], [832447907798844.5, 876343916170244.0, 920446063472058.0, 951827830342901.6, 974897836537715.6, 951502488306206.1, 935003319866359.2, 931019918387248.8, 871740523349363.8, 811258750318250.0, 824035325874932.2, 823619283300086.5, 872376864886183.8, 873751473488658.8, 921816741047402.8, 923024566266894.1, 951890665825998.1, 952030554606344.6, 987904066887347.5, 988931051287537.5, 852941792947945.2, 853633350913651.5, 859968117340838.2], [794918468214458.1, 840471105968699.8, 885355420087849.8, 919773607905777.2, 951502488306206.1, 968905003762541.9, 972028106731251.9, 957765123771969.4, 924063539731831.2, 777475451945933.1, 785482648511584.6, 782691838110798.8, 838041969579483.8, 837996964015498.8, 888849977607845.5, 885259532286719.0, 922083715508003.0, 915539665931452.1, 952746521316514.1, 953258953383498.5, 909584274551716.4, 911107533836909.9, 920686224794056.2], [777249321028220.5, 824682090493059.9, 866916911187337.4, 899933739966683.4, 935003319866359.2, 972028106731251.9, 1009982915782364.8, 940279458068204.9, 923625068596244.8, 761214226407589.2, 766052113878788.5, 764202978675638.8, 823378129572043.4, 824917265245069.4, 873975570665288.5, 862326363647938.6, 899226437678344.8, 895687250091258.8, 933546587188145.0, 928088312773706.0, 908671134741335.9, 912786801479890.9, 931554817713968.0], [772863718191495.2, 816308834345559.2, 862525976484345.9, 900259949161378.1, 931019918387248.8, 957765123771969.4, 940279458068204.9, 985084322562676.6, 958336083294361.8, 757500527916107.9, 765269624982099.8, 758555877164163.1, 814071229714463.5, 811456222212113.6, 862275341028992.9, 865142340628422.5, 908734160021115.2, 894069141010732.0, 924967131401969.5, 932817934333232.2, 951143836024797.8, 949339536962839.5, 948104955560180.1], [720350060968907.2, 761020214985097.1, 803270109466565.5, 838767794425250.8, 871740523349363.8, 924063539731831.2, 923625068596244.8, 958336083294361.8, 974803445065157.1, 709088970770440.5, 712212015640982.4, 705127106125517.2, 760234850524828.0, 756271115925010.5, 804613262563287.2, 804111628854239.0, 846115150229314.9, 830618858653546.2, 859310461360804.4, 864990851060735.2, 978267690971007.1, 976548807898818.6, 976862385235848.9], [975650999441910.1, 938360110730626.4, 899713402080545.1, 852666609596024.6, 811258750318250.0, 777475451945933.1, 761214226407589.2, 757500527916107.9, 709088970770440.5, 1020084927803408.6, 966310982274002.4, 964253714799175.0, 935608673502491.0, 931809821426044.8, 904053612242313.4, 897395761580366.5, 856478839997238.6, 840183045868185.0, 799926972134021.9, 808645259908335.0, 701174842875480.2, 692467444423535.0, 694459519021620.6], [975539863843710.9, 937758481157548.0, 909494337478926.5, 869301712888652.1, 824035325874932.2, 785482648511584.6, 766052113878788.5, 765269624982099.8, 712212015640982.4, 966310982274002.4, 1020192026963793.5, 964602836991021.8, 928731638206839.2, 928285228247852.9, 912850612429764.1, 909422050972027.6, 881033700427271.0, 857456858990747.1, 813614905302626.6, 821128410382920.1, 699740369309796.1, 693274476376852.9, 701242096085235.4], [972999200895588.9, 935462290829182.9, 903462228788002.9, 865585676772848.6, 823619283300086.5, 782691838110798.8, 764202978675638.8, 758555877164163.1, 705127106125517.2, 964253714799175.0, 964602836991021.8, 1014228717238287.4, 926412946556476.5, 929736613154791.4, 905424533123462.1, 900368235538694.8, 872284238418956.9, 857866037419793.2, 817743607558633.1, 821021757087348.8, 696212203770632.4, 685427935998675.4, 691249109140067.8], [943083419631558.2, 981328531203624.8, 947209272413251.5, 915153806977658.4, 872376864886183.8, 838041969579483.8, 823378129572043.4, 814071229714463.5, 760234850524828.0, 935608673502491.0, 928731638206839.2, 926412946556476.5, 1031503959871674.4, 978650694049633.0, 941005712290844.5, 943177056662516.6, 926808514342356.1, 906358667461067.2, 865345757456804.0, 864095939463878.0, 747236390132717.1, 740784127656134.8, 749016208198930.6], [942696145571710.5, 980599104809418.9, 946351166528443.4, 917199989830930.6, 873751473488658.8, 837996964015498.8, 824917265245069.4, 811456222212113.6, 756271115925010.5, 931809821426044.8, 928285228247852.9, 929736613154791.4, 978650694049633.0, 1029829890861308.9, 938959647731703.1, 940845853239829.5, 926661516913294.5, 913121061828849.5, 862480629932072.0, 870844035725277.1, 744618146469456.0, 737032019558108.2, 742995133642435.5], [917497242140327.5, 948570843650395.0, 986912653617426.2, 950885412857121.6, 921816741047402.8, 888849977607845.5, 873975570665288.5, 862275341028992.9, 804613262563287.2, 904053612242313.4, 912850612429764.1, 905424533123462.1, 941005712290844.5, 938959647731703.1, 1037975034094624.0, 988072476964939.4, 940455665395979.0, 947931172946407.4, 911256015435513.0, 924896091881677.1, 793624377635486.4, 781674960786003.9, 791744407150794.0], [913435911796372.5, 948821523376237.2, 987331534115815.0, 951269607564714.1, 923024566266894.1, 885259532286719.0, 862326363647938.6, 865142340628422.5, 804111628854239.0, 897395761580366.5, 909422050972027.6, 900368235538694.8, 943177056662516.6, 940845853239829.5, 988072476964939.4, 1038904557786683.2, 940518875194949.5, 947715865395448.9, 913825642746637.9, 929361211049693.9, 791379364225203.4, 781275753519343.0, 790693667664824.5], [882237198327627.9, 924512118833181.5, 949787175985594.2, 986801303597472.4, 951890665825998.1, 922083715508003.0, 899226437678344.8, 908734160021115.2, 846115150229314.9, 856478839997238.6, 881033700427271.0, 872284238418956.9, 926808514342356.1, 926661516913294.5, 940455665395979.0, 940518875194949.5, 1037168936931109.9, 987592237155736.9, 944107645245266.4, 943636424432859.6, 820736309539018.6, 829203842766327.2, 837389711119981.9], [865181599089975.8, 911021302765680.9, 950700278306253.4, 987258426903274.5, 952030554606344.6, 915539665931452.1, 895687250091258.8, 894069141010732.0, 830618858653546.2, 840183045868185.0, 857456858990747.1, 857866037419793.2, 906358667461067.2, 913121061828849.5, 947931172946407.4, 947715865395448.9, 987592237155736.9, 1037407936383974.8, 949983434038716.5, 943448202357686.6, 807250681988734.8, 810809576839256.2, 822516143874632.1], [823269887683586.9, 867285087053437.2, 912375357141766.5, 950163208732630.1, 987904066887347.5, 952746521316514.1, 933546587188145.0, 924967131401969.5, 859310461360804.4, 799926972134021.9, 813614905302626.6, 817743607558633.1, 865345757456804.0, 862480629932072.0, 911256015435513.0, 913825642746637.9, 944107645245266.4, 949983434038716.5, 1037499599413460.0, 987593657043996.4, 839995920767823.6, 841960068884466.2, 842925390771899.6], [829616970342677.1, 872822621709058.0, 922108664622734.6, 950849188613980.0, 988931051287537.5, 953258953383498.5, 928088312773706.0, 932817934333232.2, 864990851060735.2, 808645259908335.0, 821128410382920.1, 821021757087348.8, 864095939463878.0, 870844035725277.1, 924896091881677.1, 929361211049693.9, 943636424432859.6, 943448202357686.6, 987593657043996.4, 1040409684300796.6, 845919067737278.8, 843832648508806.9, 850765884650194.8], [710124336446817.4, 748757292021996.5, 789224350817474.4, 817900633306303.4, 852941792947945.2, 909584274551716.4, 908671134741335.9, 951143836024797.8, 978267690971007.1, 701174842875480.2, 699740369309796.1, 696212203770632.4, 747236390132717.1, 744618146469456.0, 793624377635486.4, 791379364225203.4, 820736309539018.6, 807250681988734.8, 839995920767823.6, 845919067737278.8, 1020752672780243.5, 964823797262022.2, 965636710667583.9], [701568499782350.2, 741332522376613.1, 781930833254786.1, 819694886118398.1, 853633350913651.5, 911107533836909.9, 912786801479890.9, 949339536962839.5, 976548807898818.6, 692467444423535.0, 693274476376852.9, 685427935998675.4, 740784127656134.8, 737032019558108.2, 781674960786003.9, 781275753519343.0, 829203842766327.2, 810809576839256.2, 841960068884466.2, 843832648508806.9, 964823797262022.2, 1017379667993803.0, 963912014798414.9], [707260779147500.5, 748449292335236.4, 790811599929796.2, 828768652346312.5, 859968117340838.2, 920686224794056.2, 931554817713968.0, 948104955560180.1, 976862385235848.9, 694459519021620.6, 701242096085235.4, 691249109140067.8, 749016208198930.6, 742995133642435.5, 791744407150794.0, 790693667664824.5, 837389711119981.9, 822516143874632.1, 842925390771899.6, 850765884650194.8, 965636710667583.9, 963912014798414.9, 1018883719325713.6], [1186846363465.4937, 30402236909.905624, -381060450740.09235, -1343089375766.9788, -3666932641458.759, -9431804587477.354, -19948587254872.008, -2984981712172.1206, -1612016283479.6582, 1246899655119.9463, 1683838035702.536, 1579464573447.2495, -58809130017.98192, -656000656382.4893, -1190815865510.2444, 1040697110470.3253, -888995366631.1353, -1194764285867.8088, -2853387081532.3916, -1546068901464.8162, 355921513952.9234, -327237222741.1669, -3113285316627.567]]}}