{"resp_b": 0.1, "restrained_fit": true, "exclude_hydrogens": true, "convergence_tolerance": 1e-06, "max_iter": 500, "resp_a": 0.0005, "charge_constraints": {"charge_sum_constraints": [], "charge_equivalence_constraints": [], "molecules": [{"qcmol": {"schema_name": "qcschema_molecule", "schema_version": 2, "validated": true, "symbols": ["C", "C", "C", "C", "C", "C", "O", "O", "C", "H", "H", "H", "H", "H", "H", "H", "H", "H", "H", "H", "H", "H", "H"], "geometry": [[0.0, 0.0, 0.0], [2.890774558665636, -2.2469464784662825e-16, -7.68415122652562e-16], [4.094237549110723, 2.6348558581484083, 1.1102230246251565e-16], [3.6174534601439277, 4.166054500838433, -2.407091137995234], [4.988608107495329, 6.723863279169256, -2.349927294018968], [4.475114894153166, 8.264097832733707, -4.691629861818154], [3.2021773397438147, 10.114302921636224, -4.766400954860849], [5.59683675420128, 7.2903211640102175, -6.713275665285793], [5.207539481792054, 8.549713567893498, -9.041697519016745], [-0.7376154559686277, 1.0653111783045532, 1.5929736132814807], [-0.7700308622773108, 0.8226148381607798, -1.7127672355101073], [-0.7256193224134968, -1.913535191603137, 0.14097726027281932], [3.550256395827552, -1.0105702433133255, 1.6623995143256187], [3.576041161497872, -1.0593743108032057, -1.623361022627159], [3.4127480889251984, 3.6923512798743885, 1.6275325441185418], [6.123673617522272, 2.4271032260657517, 0.25610823721171877], [4.248011244846358, 3.0975115768492207, -4.041360747266622], [1.6070253810554185, 4.499394009921007, -2.6482727575154814], [4.373783733629729, 7.834108488531827, -0.745954772465276], [7.011576990455461, 6.423013281440352, -2.199277026311264], [6.252112496873065, 7.486457140477029, -10.432777489658694], [5.904712301069448, 10.466352898204757, -8.945492873187042], [3.2222946241167136, 8.58080595791108, -9.518183850466679]], "name": "C7H14O2", "identifiers": {"molecule_hash": "fb9b31729ad49c67e90ece9d71bd28faeeae217c", "molecular_formula": "C7H14O2"}, "molecular_charge": 0.0, "molecular_multiplicity": 1, "connectivity": [[0, 1, 1.0], [0, 9, 1.0], [0, 10, 1.0], [0, 11, 1.0], [1, 2, 1.0], [1, 12, 1.0], [1, 13, 1.0], [2, 3, 1.0], [2, 14, 1.0], [2, 15, 1.0], [3, 4, 1.0], [3, 16, 1.0], [3, 17, 1.0], [4, 5, 1.0], [4, 18, 1.0], [4, 19, 1.0], [5, 6, 2.0], [5, 7, 1.0], [7, 8, 1.0], [8, 20, 1.0], [8, 21, 1.0], [8, 22, 1.0]], "fix_com": true, "fix_orientation": true, "provenance": {"creator": "QCElemental", "version": "v0.22.0", "routine": "qcelemental.molparse.from_schema"}, "id": "163227"}, "charge": 0, "optimize_geometry": false, "conformers": [], "conformer_generation_options": {"n_conformer_pool": 4000, "n_max_conformers": 0, "rms_tolerance": 0.05, "energy_window": 15, "keep_original_conformer": true}, "stage_1_unrestrained_charges": null, "stage_1_restrained_charges": null, "stage_2_unrestrained_charges": null, "stage_2_restrained_charges": null, "keep_original_orientation": false, "reorientations": [], "translations": [], "rotations": []}], "unconstrained_atoms": [{"index": 0, "molecule": {"qcmol": {"schema_name": "qcschema_molecule", "schema_version": 2, "validated": true, "symbols": ["C", "C", "C", "C", "C", "C", "O", "O", "C", "H", "H", "H", "H", "H", "H", "H", "H", "H", "H", "H", "H", "H", "H"], "geometry": [[0.0, 0.0, 0.0], [2.890774558665636, -2.2469464784662825e-16, -7.68415122652562e-16], [4.094237549110723, 2.6348558581484083, 1.1102230246251565e-16], [3.6174534601439277, 4.166054500838433, -2.407091137995234], [4.988608107495329, 6.723863279169256, -2.349927294018968], [4.475114894153166, 8.264097832733707, -4.691629861818154], [3.2021773397438147, 10.114302921636224, -4.766400954860849], [5.59683675420128, 7.2903211640102175, -6.713275665285793], [5.207539481792054, 8.549713567893498, -9.041697519016745], [-0.7376154559686277, 1.0653111783045532, 1.5929736132814807], [-0.7700308622773108, 0.8226148381607798, -1.7127672355101073], [-0.7256193224134968, -1.913535191603137, 0.14097726027281932], [3.550256395827552, -1.0105702433133255, 1.6623995143256187], [3.576041161497872, -1.0593743108032057, -1.623361022627159], [3.4127480889251984, 3.6923512798743885, 1.6275325441185418], [6.123673617522272, 2.4271032260657517, 0.25610823721171877], [4.248011244846358, 3.0975115768492207, -4.041360747266622], [1.6070253810554185, 4.499394009921007, -2.6482727575154814], [4.373783733629729, 7.834108488531827, -0.745954772465276], [7.011576990455461, 6.423013281440352, -2.199277026311264], [6.252112496873065, 7.486457140477029, -10.432777489658694], [5.904712301069448, 10.466352898204757, -8.945492873187042], [3.2222946241167136, 8.58080595791108, -9.518183850466679]], "name": "C7H14O2", "identifiers": {"molecule_hash": "fb9b31729ad49c67e90ece9d71bd28faeeae217c", "molecular_formula": "C7H14O2"}, "molecular_charge": 0.0, "molecular_multiplicity": 1, "connectivity": [[0, 1, 1.0], [0, 9, 1.0], [0, 10, 1.0], [0, 11, 1.0], [1, 2, 1.0], [1, 12, 1.0], [1, 13, 1.0], [2, 3, 1.0], [2, 14, 1.0], [2, 15, 1.0], [3, 4, 1.0], [3, 16, 1.0], [3, 17, 1.0], [4, 5, 1.0], [4, 18, 1.0], [4, 19, 1.0], [5, 6, 2.0], [5, 7, 1.0], [7, 8, 1.0], [8, 20, 1.0], [8, 21, 1.0], [8, 22, 1.0]], "fix_com": true, "fix_orientation": true, "provenance": {"creator": "QCElemental", "version": "v0.22.0", "routine": "qcelemental.molparse.from_schema"}, "id": "163227"}, "charge": 0, "optimize_geometry": false, "conformers": [], "conformer_generation_options": {"n_conformer_pool": 4000, "n_max_conformers": 0, "rms_tolerance": 0.05, "energy_window": 15, "keep_original_conformer": true}, "stage_1_unrestrained_charges": null, "stage_1_restrained_charges": null, "stage_2_unrestrained_charges": null, "stage_2_restrained_charges": null, "keep_original_orientation": false, "reorientations": [], "translations": [], "rotations": []}}, {"index": 1, "molecule": {"qcmol": {"schema_name": "qcschema_molecule", "schema_version": 2, "validated": true, "symbols": ["C", "C", "C", "C", "C", "C", "O", "O", "C", "H", "H", "H", "H", "H", "H", "H", "H", "H", "H", "H", "H", "H", "H"], "geometry": [[0.0, 0.0, 0.0], [2.890774558665636, -2.2469464784662825e-16, -7.68415122652562e-16], [4.094237549110723, 2.6348558581484083, 1.1102230246251565e-16], [3.6174534601439277, 4.166054500838433, -2.407091137995234], [4.988608107495329, 6.723863279169256, -2.349927294018968], [4.475114894153166, 8.264097832733707, -4.691629861818154], [3.2021773397438147, 10.114302921636224, -4.766400954860849], [5.59683675420128, 7.2903211640102175, -6.713275665285793], [5.207539481792054, 8.549713567893498, -9.041697519016745], [-0.7376154559686277, 1.0653111783045532, 1.5929736132814807], [-0.7700308622773108, 0.8226148381607798, -1.7127672355101073], [-0.7256193224134968, -1.913535191603137, 0.14097726027281932], [3.550256395827552, -1.0105702433133255, 1.6623995143256187], [3.576041161497872, -1.0593743108032057, -1.623361022627159], [3.4127480889251984, 3.6923512798743885, 1.6275325441185418], [6.123673617522272, 2.4271032260657517, 0.25610823721171877], [4.248011244846358, 3.0975115768492207, -4.041360747266622], [1.6070253810554185, 4.499394009921007, -2.6482727575154814], [4.373783733629729, 7.834108488531827, -0.745954772465276], [7.011576990455461, 6.423013281440352, -2.199277026311264], [6.252112496873065, 7.486457140477029, -10.432777489658694], [5.904712301069448, 10.466352898204757, -8.945492873187042], [3.2222946241167136, 8.58080595791108, -9.518183850466679]], "name": "C7H14O2", "identifiers": {"molecule_hash": "fb9b31729ad49c67e90ece9d71bd28faeeae217c", "molecular_formula": "C7H14O2"}, "molecular_charge": 0.0, "molecular_multiplicity": 1, "connectivity": [[0, 1, 1.0], [0, 9, 1.0], [0, 10, 1.0], [0, 11, 1.0], [1, 2, 1.0], [1, 12, 1.0], [1, 13, 1.0], [2, 3, 1.0], [2, 14, 1.0], [2, 15, 1.0], [3, 4, 1.0], [3, 16, 1.0], [3, 17, 1.0], [4, 5, 1.0], [4, 18, 1.0], [4, 19, 1.0], [5, 6, 2.0], [5, 7, 1.0], [7, 8, 1.0], [8, 20, 1.0], [8, 21, 1.0], [8, 22, 1.0]], "fix_com": true, "fix_orientation": true, "provenance": {"creator": "QCElemental", "version": "v0.22.0", "routine": "qcelemental.molparse.from_schema"}, "id": "163227"}, "charge": 0, "optimize_geometry": false, "conformers": [], "conformer_generation_options": {"n_conformer_pool": 4000, "n_max_conformers": 0, "rms_tolerance": 0.05, "energy_window": 15, "keep_original_conformer": true}, "stage_1_unrestrained_charges": null, "stage_1_restrained_charges": null, "stage_2_unrestrained_charges": null, "stage_2_restrained_charges": null, "keep_original_orientation": false, "reorientations": [], "translations": [], "rotations": []}}, {"index": 2, "molecule": {"qcmol": {"schema_name": "qcschema_molecule", "schema_version": 2, "validated": true, "symbols": ["C", "C", "C", "C", "C", "C", "O", "O", "C", "H", "H", "H", "H", "H", "H", "H", "H", "H", "H", "H", "H", "H", "H"], "geometry": [[0.0, 0.0, 0.0], [2.890774558665636, -2.2469464784662825e-16, -7.68415122652562e-16], [4.094237549110723, 2.6348558581484083, 1.1102230246251565e-16], [3.6174534601439277, 4.166054500838433, -2.407091137995234], [4.988608107495329, 6.723863279169256, -2.349927294018968], [4.475114894153166, 8.264097832733707, -4.691629861818154], [3.2021773397438147, 10.114302921636224, -4.766400954860849], [5.59683675420128, 7.2903211640102175, -6.713275665285793], [5.207539481792054, 8.549713567893498, -9.041697519016745], [-0.7376154559686277, 1.0653111783045532, 1.5929736132814807], [-0.7700308622773108, 0.8226148381607798, -1.7127672355101073], [-0.7256193224134968, -1.913535191603137, 0.14097726027281932], [3.550256395827552, -1.0105702433133255, 1.6623995143256187], [3.576041161497872, -1.0593743108032057, -1.623361022627159], [3.4127480889251984, 3.6923512798743885, 1.6275325441185418], [6.123673617522272, 2.4271032260657517, 0.25610823721171877], [4.248011244846358, 3.0975115768492207, -4.041360747266622], [1.6070253810554185, 4.499394009921007, -2.6482727575154814], [4.373783733629729, 7.834108488531827, -0.745954772465276], [7.011576990455461, 6.423013281440352, -2.199277026311264], [6.252112496873065, 7.486457140477029, -10.432777489658694], [5.904712301069448, 10.466352898204757, -8.945492873187042], [3.2222946241167136, 8.58080595791108, -9.518183850466679]], "name": "C7H14O2", "identifiers": {"molecule_hash": "fb9b31729ad49c67e90ece9d71bd28faeeae217c", "molecular_formula": "C7H14O2"}, "molecular_charge": 0.0, "molecular_multiplicity": 1, "connectivity": [[0, 1, 1.0], [0, 9, 1.0], [0, 10, 1.0], [0, 11, 1.0], [1, 2, 1.0], [1, 12, 1.0], [1, 13, 1.0], [2, 3, 1.0], [2, 14, 1.0], [2, 15, 1.0], [3, 4, 1.0], [3, 16, 1.0], [3, 17, 1.0], [4, 5, 1.0], [4, 18, 1.0], [4, 19, 1.0], [5, 6, 2.0], [5, 7, 1.0], [7, 8, 1.0], [8, 20, 1.0], [8, 21, 1.0], [8, 22, 1.0]], "fix_com": true, "fix_orientation": true, "provenance": {"creator": "QCElemental", "version": "v0.22.0", "routine": "qcelemental.molparse.from_schema"}, "id": "163227"}, "charge": 0, "optimize_geometry": false, "conformers": [], "conformer_generation_options": {"n_conformer_pool": 4000, "n_max_conformers": 0, "rms_tolerance": 0.05, "energy_window": 15, "keep_original_conformer": true}, "stage_1_unrestrained_charges": null, "stage_1_restrained_charges": null, "stage_2_unrestrained_charges": null, "stage_2_restrained_charges": null, "keep_original_orientation": false, "reorientations": [], "translations": [], "rotations": []}}, {"index": 3, "molecule": {"qcmol": {"schema_name": "qcschema_molecule", "schema_version": 2, "validated": true, "symbols": ["C", "C", "C", "C", "C", "C", "O", "O", "C", "H", "H", "H", "H", "H", "H", "H", "H", "H", "H", "H", "H", "H", "H"], "geometry": [[0.0, 0.0, 0.0], [2.890774558665636, -2.2469464784662825e-16, -7.68415122652562e-16], [4.094237549110723, 2.6348558581484083, 1.1102230246251565e-16], [3.6174534601439277, 4.166054500838433, -2.407091137995234], [4.988608107495329, 6.723863279169256, -2.349927294018968], [4.475114894153166, 8.264097832733707, -4.691629861818154], [3.2021773397438147, 10.114302921636224, -4.766400954860849], [5.59683675420128, 7.2903211640102175, -6.713275665285793], [5.207539481792054, 8.549713567893498, -9.041697519016745], [-0.7376154559686277, 1.0653111783045532, 1.5929736132814807], [-0.7700308622773108, 0.8226148381607798, -1.7127672355101073], [-0.7256193224134968, -1.913535191603137, 0.14097726027281932], [3.550256395827552, -1.0105702433133255, 1.6623995143256187], [3.576041161497872, -1.0593743108032057, -1.623361022627159], [3.4127480889251984, 3.6923512798743885, 1.6275325441185418], [6.123673617522272, 2.4271032260657517, 0.25610823721171877], [4.248011244846358, 3.0975115768492207, -4.041360747266622], [1.6070253810554185, 4.499394009921007, -2.6482727575154814], [4.373783733629729, 7.834108488531827, -0.745954772465276], [7.011576990455461, 6.423013281440352, -2.199277026311264], [6.252112496873065, 7.486457140477029, -10.432777489658694], [5.904712301069448, 10.466352898204757, -8.945492873187042], [3.2222946241167136, 8.58080595791108, -9.518183850466679]], "name": "C7H14O2", "identifiers": {"molecule_hash": "fb9b31729ad49c67e90ece9d71bd28faeeae217c", "molecular_formula": "C7H14O2"}, "molecular_charge": 0.0, "molecular_multiplicity": 1, "connectivity": [[0, 1, 1.0], [0, 9, 1.0], [0, 10, 1.0], [0, 11, 1.0], [1, 2, 1.0], [1, 12, 1.0], [1, 13, 1.0], [2, 3, 1.0], [2, 14, 1.0], [2, 15, 1.0], [3, 4, 1.0], [3, 16, 1.0], [3, 17, 1.0], [4, 5, 1.0], [4, 18, 1.0], [4, 19, 1.0], [5, 6, 2.0], [5, 7, 1.0], [7, 8, 1.0], [8, 20, 1.0], [8, 21, 1.0], [8, 22, 1.0]], "fix_com": true, "fix_orientation": true, "provenance": {"creator": "QCElemental", "version": "v0.22.0", "routine": "qcelemental.molparse.from_schema"}, "id": "163227"}, "charge": 0, "optimize_geometry": false, "conformers": [], "conformer_generation_options": {"n_conformer_pool": 4000, "n_max_conformers": 0, "rms_tolerance": 0.05, "energy_window": 15, "keep_original_conformer": true}, "stage_1_unrestrained_charges": null, "stage_1_restrained_charges": null, "stage_2_unrestrained_charges": null, "stage_2_restrained_charges": null, "keep_original_orientation": false, "reorientations": [], "translations": [], "rotations": []}}, {"index": 4, "molecule": {"qcmol": {"schema_name": "qcschema_molecule", "schema_version": 2, "validated": true, "symbols": ["C", "C", "C", "C", "C", "C", "O", "O", "C", "H", "H", "H", "H", "H", "H", "H", "H", "H", "H", "H", "H", "H", "H"], "geometry": [[0.0, 0.0, 0.0], [2.890774558665636, -2.2469464784662825e-16, -7.68415122652562e-16], [4.094237549110723, 2.6348558581484083, 1.1102230246251565e-16], [3.6174534601439277, 4.166054500838433, -2.407091137995234], [4.988608107495329, 6.723863279169256, -2.349927294018968], [4.475114894153166, 8.264097832733707, -4.691629861818154], [3.2021773397438147, 10.114302921636224, -4.766400954860849], [5.59683675420128, 7.2903211640102175, -6.713275665285793], [5.207539481792054, 8.549713567893498, -9.041697519016745], [-0.7376154559686277, 1.0653111783045532, 1.5929736132814807], [-0.7700308622773108, 0.8226148381607798, -1.7127672355101073], [-0.7256193224134968, -1.913535191603137, 0.14097726027281932], [3.550256395827552, -1.0105702433133255, 1.6623995143256187], [3.576041161497872, -1.0593743108032057, -1.623361022627159], [3.4127480889251984, 3.6923512798743885, 1.6275325441185418], [6.123673617522272, 2.4271032260657517, 0.25610823721171877], [4.248011244846358, 3.0975115768492207, -4.041360747266622], [1.6070253810554185, 4.499394009921007, -2.6482727575154814], [4.373783733629729, 7.834108488531827, -0.745954772465276], [7.011576990455461, 6.423013281440352, -2.199277026311264], [6.252112496873065, 7.486457140477029, -10.432777489658694], [5.904712301069448, 10.466352898204757, -8.945492873187042], [3.2222946241167136, 8.58080595791108, -9.518183850466679]], "name": "C7H14O2", "identifiers": {"molecule_hash": "fb9b31729ad49c67e90ece9d71bd28faeeae217c", "molecular_formula": "C7H14O2"}, "molecular_charge": 0.0, "molecular_multiplicity": 1, "connectivity": [[0, 1, 1.0], [0, 9, 1.0], [0, 10, 1.0], [0, 11, 1.0], [1, 2, 1.0], [1, 12, 1.0], [1, 13, 1.0], [2, 3, 1.0], [2, 14, 1.0], [2, 15, 1.0], [3, 4, 1.0], [3, 16, 1.0], [3, 17, 1.0], [4, 5, 1.0], [4, 18, 1.0], [4, 19, 1.0], [5, 6, 2.0], [5, 7, 1.0], [7, 8, 1.0], [8, 20, 1.0], [8, 21, 1.0], [8, 22, 1.0]], "fix_com": true, "fix_orientation": true, "provenance": {"creator": "QCElemental", "version": "v0.22.0", "routine": "qcelemental.molparse.from_schema"}, "id": "163227"}, "charge": 0, "optimize_geometry": false, "conformers": [], "conformer_generation_options": {"n_conformer_pool": 4000, "n_max_conformers": 0, "rms_tolerance": 0.05, "energy_window": 15, "keep_original_conformer": true}, "stage_1_unrestrained_charges": null, "stage_1_restrained_charges": null, "stage_2_unrestrained_charges": null, "stage_2_restrained_charges": null, "keep_original_orientation": false, "reorientations": [], "translations": [], "rotations": []}}, {"index": 8, "molecule": {"qcmol": {"schema_name": "qcschema_molecule", "schema_version": 2, "validated": true, "symbols": ["C", "C", "C", "C", "C", "C", "O", "O", "C", "H", "H", "H", "H", "H", "H", "H", "H", "H", "H", "H", "H", "H", "H"], "geometry": [[0.0, 0.0, 0.0], [2.890774558665636, -2.2469464784662825e-16, -7.68415122652562e-16], [4.094237549110723, 2.6348558581484083, 1.1102230246251565e-16], [3.6174534601439277, 4.166054500838433, -2.407091137995234], [4.988608107495329, 6.723863279169256, -2.349927294018968], [4.475114894153166, 8.264097832733707, -4.691629861818154], [3.2021773397438147, 10.114302921636224, -4.766400954860849], [5.59683675420128, 7.2903211640102175, -6.713275665285793], [5.207539481792054, 8.549713567893498, -9.041697519016745], [-0.7376154559686277, 1.0653111783045532, 1.5929736132814807], [-0.7700308622773108, 0.8226148381607798, -1.7127672355101073], [-0.7256193224134968, -1.913535191603137, 0.14097726027281932], [3.550256395827552, -1.0105702433133255, 1.6623995143256187], [3.576041161497872, -1.0593743108032057, -1.623361022627159], [3.4127480889251984, 3.6923512798743885, 1.6275325441185418], [6.123673617522272, 2.4271032260657517, 0.25610823721171877], [4.248011244846358, 3.0975115768492207, -4.041360747266622], [1.6070253810554185, 4.499394009921007, -2.6482727575154814], [4.373783733629729, 7.834108488531827, -0.745954772465276], [7.011576990455461, 6.423013281440352, -2.199277026311264], [6.252112496873065, 7.486457140477029, -10.432777489658694], [5.904712301069448, 10.466352898204757, -8.945492873187042], [3.2222946241167136, 8.58080595791108, -9.518183850466679]], "name": "C7H14O2", "identifiers": {"molecule_hash": "fb9b31729ad49c67e90ece9d71bd28faeeae217c", "molecular_formula": "C7H14O2"}, "molecular_charge": 0.0, "molecular_multiplicity": 1, "connectivity": [[0, 1, 1.0], [0, 9, 1.0], [0, 10, 1.0], [0, 11, 1.0], [1, 2, 1.0], [1, 12, 1.0], [1, 13, 1.0], [2, 3, 1.0], [2, 14, 1.0], [2, 15, 1.0], [3, 4, 1.0], [3, 16, 1.0], [3, 17, 1.0], [4, 5, 1.0], [4, 18, 1.0], [4, 19, 1.0], [5, 6, 2.0], [5, 7, 1.0], [7, 8, 1.0], [8, 20, 1.0], [8, 21, 1.0], [8, 22, 1.0]], "fix_com": true, "fix_orientation": true, "provenance": {"creator": "QCElemental", "version": "v0.22.0", "routine": "qcelemental.molparse.from_schema"}, "id": "163227"}, "charge": 0, "optimize_geometry": false, "conformers": [], "conformer_generation_options": {"n_conformer_pool": 4000, "n_max_conformers": 0, "rms_tolerance": 0.05, "energy_window": 15, "keep_original_conformer": true}, "stage_1_unrestrained_charges": null, "stage_1_restrained_charges": null, "stage_2_unrestrained_charges": null, "stage_2_restrained_charges": null, "keep_original_orientation": false, "reorientations": [], "translations": [], "rotations": []}}]}, "surface_constraints": {"matrix": [[398602233927424.6, 387698689834912.2, 374062047383585.6, 356458390963516.9, 337785486502373.5, 321868260484335.56, 313556996840260.6, 312540759419927.9, 289376384334470.94, 400200128219706.25, 399796509489762.94, 398881004831200.3, 386030891990444.4, 385591863456631.44, 374800712274678.56, 373040718501758.8, 359025285139865.25, 351922659500122.2, 333198412321116.06, 335947771181434.94, 284548621055797.06, 280913436165391.78, 283301995686193.6], [387698689834912.2, 398215147347541.7, 389012405536573.56, 375060295276280.0, 357026135247920.7, 341701821700996.5, 334043353080990.7, 331374021145724.9, 306760633477260.9, 383890366628335.5, 383281930506764.0, 382410245379438.7, 403072264439832.5, 402454971848065.3, 388627865896212.94, 388709675057796.44, 377684667579033.94, 372076259581922.06, 352387514707111.06, 354794056233044.7, 300986202203256.25, 297772933084452.75, 300811824122306.6], [374062047383585.6, 389012405536573.56, 399994810381276.3, 390175204266684.56, 376473993862564.25, 361517615503633.5, 352601106916537.94, 351571411556404.56, 324877321822187.56, 366984734587509.06, 370982549321468.06, 368443854242839.44, 387996935962879.6, 387345304838146.56, 405740723848635.44, 405850951091660.1, 389141735508056.25, 389800951432093.6, 372016037086967.9, 376236664950594.3, 318180605607338.9, 315060603320032.06, 318838320731037.75], [356458390963516.9, 375060295276280.0, 390175204266684.56, 400244430288566.1, 390421522642684.4, 376778302112022.0, 367101452048743.06, 368141954076258.0, 340062522856718.5, 346490927335823.0, 353393908891652.5, 351773766254359.6, 373830900547667.5, 374469300742754.1, 389902857846278.0, 390002314785869.2, 405398269945043.06, 406059404761633.56, 388555545570778.75, 388942964118754.25, 330293972529569.7, 330999584060867.4, 334981268731377.6], [337785486502373.5, 357026135247920.7, 376473993862564.25, 390421522642684.4, 400428127613268.1, 390829035226906.7, 382417259862771.4, 381613111298478.9, 354124772081239.9, 328426047878259.1, 333642480067425.4, 333475536863321.2, 354979419795227.2, 355419549785529.2, 376693039374891.1, 377188868418518.4, 389700144423577.06, 390235239180507.5, 404839503510119.0, 405286220204338.44, 344999418201848.0, 345315023897863.5, 348215947652610.25], [321868260484335.56, 341701821700996.5, 361517615503633.5, 376778302112022.0, 390829035226906.7, 399637746215355.9, 399713833899562.5, 394490577758647.5, 377571607750268.9, 314159306482384.25, 317350665933561.8, 316205271447936.1, 340346719060525.75, 340129598810840.4, 362748816485129.25, 361184268067167.9, 377134610640888.06, 374572349750572.8, 390112430575522.56, 390268462199591.75, 369948265870947.06, 370659004333908.25, 375014193783283.5], [313556996840260.6, 334043353080990.7, 352601106916537.94, 367101452048743.06, 382417259862771.4, 399713833899562.5, 415664078208997.06, 385291603642631.7, 376108393085770.94, 306430595320219.3, 308381556549551.8, 307655676493914.5, 333143497923242.0, 333667926199260.06, 355376962103287.7, 350413267651251.94, 366215369780897.75, 364966444840718.5, 380600135806745.7, 378197698353119.8, 368407557350268.2, 370222517554251.7, 378492078876428.5], [312540759419927.9, 331374021145724.9, 351571411556404.56, 368141954076258.0, 381613111298478.9, 394490577758647.5, 385291603642631.7, 407135758545368.8, 393011434618438.9, 305852870585163.0, 308813660261657.3, 305969557085566.25, 330224195580009.0, 328779749661744.2, 351223779913454.6, 352395543616599.25, 371298731618329.94, 365061457497834.7, 377771856654531.25, 381134934242028.0, 388375854197516.25, 387605751991614.8, 387193217836919.94], [289376384334470.94, 306760633477260.9, 324877321822187.56, 340062522856718.5, 354124772081239.9, 377571607750268.9, 376108393085770.94, 393011434618438.9, 398676414438793.75, 284484849029181.75, 285521942931343.56, 282583150582112.1, 306307287678337.25, 304318854712352.25, 325259758629963.06, 325043047712390.4, 342768537038947.44, 336236908541852.94, 347832308750908.2, 350239195356171.75, 398836925130920.3, 398046235198543.1, 398232432141363.7], [400200128219706.25, 383890366628335.5, 366984734587509.06, 346490927335823.0, 328426047878259.1, 314159306482384.25, 306430595320219.3, 305852870585163.0, 284484849029181.75, 418719763482170.25, 395143360382966.75, 394440281650054.94, 382251599919301.3, 380355423498815.4, 368416208261817.75, 365658231624148.5, 347656426384048.44, 340867142725483.6, 323019875052465.3, 326695587315337.3, 280674245194778.2, 276948227712558.9, 277755070104091.66], [399796509489762.94, 383281930506764.0, 370982549321468.06, 353393908891652.5, 333642480067425.4, 317350665933561.8, 308381556549551.8, 308813660261657.3, 285521942931343.56, 395143360382966.75, 418080728902509.3, 394294218910291.6, 378982832847518.75, 378431166743895.94, 372048952808539.0, 370600315118514.9, 357881518108036.5, 348029460090937.5, 328573662171259.4, 331799238597428.2, 279779813520852.7, 277051072865157.6, 280358003274039.62], [398881004831200.3, 382410245379438.7, 368443854242839.44, 351773766254359.6, 333475536863321.2, 316205271447936.1, 307655676493914.5, 305969557085566.25, 282583150582112.1, 394440281650054.94, 394294218910291.6, 415910569912050.7, 378008216472981.7, 379269795179179.9, 369015738523555.1, 366721275400948.44, 354058249900686.44, 348167183170007.56, 330291147993484.4, 331812949923990.4, 278307997115554.25, 273813432495839.8, 276278606427870.56], [386030891990444.4, 403072264439832.5, 387996935962879.6, 373830900547667.5, 354979419795227.2, 340346719060525.75, 333143497923242.0, 330224195580009.0, 306307287678337.25, 382251599919301.3, 378982832847518.75, 378008216472981.7, 424258779042971.2, 401243355110611.4, 384856472465519.0, 385844052145593.3, 378269396461307.94, 369642859353689.94, 351234754287496.8, 350789244140948.5, 300302394028326.1, 297381132544109.4, 300930384835189.06], [385591863456631.44, 402454971848065.3, 387345304838146.56, 374469300742754.1, 355419549785529.2, 340129598810840.4, 333667926199260.06, 328779749661744.2, 304318854712352.25, 380355423498815.4, 378431166743895.94, 379269795179179.9, 401243355110611.4, 422909467409239.0, 383754294008837.75, 384490569390524.0, 377876754484306.7, 372312380373914.0, 349953740130782.56, 353515858729767.3, 298803987533160.1, 295564059203608.6, 298141426561241.4], [374800712274678.56, 388627865896212.94, 405740723848635.44, 389902857846278.0, 376693039374891.1, 362748816485129.25, 355376962103287.7, 351223779913454.6, 325259758629963.06, 368416208261817.75, 372048952808539.0, 369015738523555.1, 384856472465519.0, 383754294008837.75, 427467090980895.3, 405746014687709.06, 384847640086228.6, 388275058075794.44, 371142608918846.3, 377023040224996.7, 319857595354827.56, 314810195974515.2, 319030710456478.06], [373040718501758.8, 388709675057796.44, 405850951091660.1, 390002314785869.2, 377188868418518.4, 361184268067167.9, 350413267651251.94, 352395543616599.25, 325043047712390.4, 365658231624148.5, 370600315118514.9, 366721275400948.44, 385844052145593.3, 384490569390524.0, 405746014687709.06, 427635859586855.6, 384801343766126.94, 388075377849328.44, 372268711926906.5, 378879972551599.06, 318929748616491.8, 314633759378578.25, 318604961418743.9], [359025285139865.25, 377684667579033.94, 389141735508056.25, 405398269945043.06, 389700144423577.06, 377134610640888.06, 366215369780897.75, 371298731618329.94, 342768537038947.44, 347656426384048.44, 357881518108036.5, 354058249900686.44, 378269396461307.94, 377876754484306.7, 384847640086228.6, 384801343766126.94, 426368215591828.3, 405476645407661.4, 385199933191633.8, 385122239842891.06, 331135618885637.0, 334608337996770.06, 338190267250988.3], [351922659500122.2, 372076259581922.06, 389800951432093.6, 406059404761633.56, 390235239180507.5, 374572349750572.8, 364966444840718.5, 365061457497834.7, 336236908541852.94, 340867142725483.6, 348029460090937.5, 348167183170007.56, 369642859353689.94, 372312380373914.0, 388275058075794.44, 388075377849328.44, 405476645407661.4, 427431052795594.3, 388244767979151.0, 385575547802188.25, 325473594380581.3, 326900165410968.56, 332004437959165.5], [333198412321116.06, 352387514707111.06, 372016037086967.9, 388555545570778.75, 404839503510119.0, 390112430575522.56, 380600135806745.7, 377771856654531.25, 347832308750908.2, 323019875052465.3, 328573662171259.4, 330291147993484.4, 351234754287496.8, 349953740130782.56, 371142608918846.3, 372268711926906.5, 385199933191633.8, 388244767979151.0, 424981124037382.4, 403507027828696.56, 338597453627540.25, 339493096877266.7, 340057424118228.7], [335947771181434.94, 354794056233044.7, 376236664950594.3, 388942964118754.25, 405286220204338.44, 390268462199591.75, 378197698353119.8, 381134934242028.0, 350239195356171.75, 326695587315337.3, 331799238597428.2, 331812949923990.4, 350789244140948.5, 353515858729767.3, 377023040224996.7, 378879972551599.06, 385122239842891.06, 385575547802188.25, 403507027828696.56, 426241513716722.44, 341095301054604.2, 340215850948567.7, 343415182367637.56], [284548621055797.06, 300986202203256.25, 318180605607338.9, 330293972529569.7, 344999418201848.0, 369948265870947.06, 368407557350268.2, 388375854197516.25, 398836925130920.3, 280674245194778.2, 279779813520852.7, 278307997115554.25, 300302394028326.1, 298803987533160.1, 319857595354827.56, 318929748616491.8, 331135618885637.0, 325473594380581.3, 338597453627540.25, 341095301054604.2, 415831640562948.1, 391689486359618.94, 392169066596196.0], [280913436165391.78, 297772933084452.75, 315060603320032.06, 330999584060867.4, 345315023897863.5, 370659004333908.25, 370222517554251.7, 387605751991614.8, 398046235198543.1, 276948227712558.9, 277051072865157.6, 273813432495839.8, 297381132544109.4, 295564059203608.6, 314810195974515.2, 314633759378578.25, 334608337996770.06, 326900165410968.56, 339493096877266.7, 340215850948567.7, 391689486359618.94, 414405204553599.3, 391242630086431.75], [283301995686193.6, 300811824122306.6, 318838320731037.75, 334981268731377.6, 348215947652610.25, 375014193783283.5, 378492078876428.5, 387193217836919.94, 398232432141363.7, 277755070104091.66, 280358003274039.62, 276278606427870.56, 300930384835189.06, 298141426561241.4, 319030710456478.06, 318604961418743.9, 338190267250988.3, 332004437959165.5, 340057424118228.7, 343415182367637.56, 392169066596196.0, 391242630086431.75, 415059110356308.75], [378244025860.1022, -91398138345.2867, -306529903431.47675, -765191279217.9047, -1787624631041.4653, -4437133774476.27, -9209475730717.24, -1678471442004.0488, -900696943153.1266, 408531437898.4874, 569136710731.3314, 534553199711.3908, -108829906431.55632, -370464838293.56213, -650860384779.4443, 293317745732.44073, -616124356364.7012, -701785929253.6305, -1383900592464.2244, -830010876072.8816, -18886611006.84308, -315023136758.90405, -1503341185087.2036]]}}