{"resp_b": 0.1, "restrained_fit": true, "exclude_hydrogens": true, "convergence_tolerance": 1e-06, "max_iter": 500, "resp_a": 0.0005, "charge_constraints": {"charge_sum_constraints": [], "charge_equivalence_constraints": [], "molecules": [{"qcmol": {"schema_name": "qcschema_molecule", "schema_version": 2, "validated": true, "symbols": ["C", "C", "C", "C", "C", "C", "O", "O", "C", "H", "H", "H", "H", "H", "H", "H", "H", "H", "H", "H", "H", "H", "H"], "geometry": [[0.0, 0.0, 0.0], [2.890774558665636, -2.2469464784662825e-16, -7.68415122652562e-16], [4.094237549110723, 2.6348558581484083, 1.1102230246251565e-16], [3.6174534601439277, 4.166054500838433, -2.407091137995234], [4.988608107495329, 6.723863279169256, -2.349927294018968], [4.475114894153166, 8.264097832733707, -4.691629861818154], [3.2021773397438147, 10.114302921636224, -4.766400954860849], [5.59683675420128, 7.2903211640102175, -6.713275665285793], [5.207539481792054, 8.549713567893498, -9.041697519016745], [-0.7376154559686277, 1.0653111783045532, 1.5929736132814807], [-0.7700308622773108, 0.8226148381607798, -1.7127672355101073], [-0.7256193224134968, -1.913535191603137, 0.14097726027281932], [3.550256395827552, -1.0105702433133255, 1.6623995143256187], [3.576041161497872, -1.0593743108032057, -1.623361022627159], [3.4127480889251984, 3.6923512798743885, 1.6275325441185418], [6.123673617522272, 2.4271032260657517, 0.25610823721171877], [4.248011244846358, 3.0975115768492207, -4.041360747266622], [1.6070253810554185, 4.499394009921007, -2.6482727575154814], [4.373783733629729, 7.834108488531827, -0.745954772465276], [7.011576990455461, 6.423013281440352, -2.199277026311264], [6.252112496873065, 7.486457140477029, -10.432777489658694], [5.904712301069448, 10.466352898204757, -8.945492873187042], [3.2222946241167136, 8.58080595791108, -9.518183850466679]], "name": "C7H14O2", "identifiers": {"molecule_hash": "fb9b31729ad49c67e90ece9d71bd28faeeae217c", "molecular_formula": "C7H14O2"}, "molecular_charge": 0.0, "molecular_multiplicity": 1, "connectivity": [[0, 1, 1.0], [0, 9, 1.0], [0, 10, 1.0], [0, 11, 1.0], [1, 2, 1.0], [1, 12, 1.0], [1, 13, 1.0], [2, 3, 1.0], [2, 14, 1.0], [2, 15, 1.0], [3, 4, 1.0], [3, 16, 1.0], [3, 17, 1.0], [4, 5, 1.0], [4, 18, 1.0], [4, 19, 1.0], [5, 6, 2.0], [5, 7, 1.0], [7, 8, 1.0], [8, 20, 1.0], [8, 21, 1.0], [8, 22, 1.0]], "fix_com": true, "fix_orientation": true, "provenance": {"creator": "QCElemental", "version": "v0.22.0", "routine": "qcelemental.molparse.from_schema"}, "id": "163227"}, "charge": 0, "optimize_geometry": false, "conformers": [], "conformer_generation_options": {"n_conformer_pool": 4000, "n_max_conformers": 0, "rms_tolerance": 0.05, "energy_window": 15, "keep_original_conformer": true}, "stage_1_unrestrained_charges": null, "stage_1_restrained_charges": null, "stage_2_unrestrained_charges": null, "stage_2_restrained_charges": null, "keep_original_orientation": false, "reorientations": [], "translations": [], "rotations": []}], "unconstrained_atoms": [{"index": 0, "molecule": {"qcmol": {"schema_name": "qcschema_molecule", "schema_version": 2, "validated": true, "symbols": ["C", "C", "C", "C", "C", "C", "O", "O", "C", "H", "H", "H", "H", "H", "H", "H", "H", "H", "H", "H", "H", "H", "H"], "geometry": [[0.0, 0.0, 0.0], [2.890774558665636, -2.2469464784662825e-16, -7.68415122652562e-16], [4.094237549110723, 2.6348558581484083, 1.1102230246251565e-16], [3.6174534601439277, 4.166054500838433, -2.407091137995234], [4.988608107495329, 6.723863279169256, -2.349927294018968], [4.475114894153166, 8.264097832733707, -4.691629861818154], [3.2021773397438147, 10.114302921636224, -4.766400954860849], [5.59683675420128, 7.2903211640102175, -6.713275665285793], [5.207539481792054, 8.549713567893498, -9.041697519016745], [-0.7376154559686277, 1.0653111783045532, 1.5929736132814807], [-0.7700308622773108, 0.8226148381607798, -1.7127672355101073], [-0.7256193224134968, -1.913535191603137, 0.14097726027281932], [3.550256395827552, -1.0105702433133255, 1.6623995143256187], [3.576041161497872, -1.0593743108032057, -1.623361022627159], [3.4127480889251984, 3.6923512798743885, 1.6275325441185418], [6.123673617522272, 2.4271032260657517, 0.25610823721171877], [4.248011244846358, 3.0975115768492207, -4.041360747266622], [1.6070253810554185, 4.499394009921007, -2.6482727575154814], [4.373783733629729, 7.834108488531827, -0.745954772465276], [7.011576990455461, 6.423013281440352, -2.199277026311264], [6.252112496873065, 7.486457140477029, -10.432777489658694], [5.904712301069448, 10.466352898204757, -8.945492873187042], [3.2222946241167136, 8.58080595791108, -9.518183850466679]], "name": "C7H14O2", "identifiers": {"molecule_hash": "fb9b31729ad49c67e90ece9d71bd28faeeae217c", "molecular_formula": "C7H14O2"}, "molecular_charge": 0.0, "molecular_multiplicity": 1, "connectivity": [[0, 1, 1.0], [0, 9, 1.0], [0, 10, 1.0], [0, 11, 1.0], [1, 2, 1.0], [1, 12, 1.0], [1, 13, 1.0], [2, 3, 1.0], [2, 14, 1.0], [2, 15, 1.0], [3, 4, 1.0], [3, 16, 1.0], [3, 17, 1.0], [4, 5, 1.0], [4, 18, 1.0], [4, 19, 1.0], [5, 6, 2.0], [5, 7, 1.0], [7, 8, 1.0], [8, 20, 1.0], [8, 21, 1.0], [8, 22, 1.0]], "fix_com": true, "fix_orientation": true, "provenance": {"creator": "QCElemental", "version": "v0.22.0", "routine": "qcelemental.molparse.from_schema"}, "id": "163227"}, "charge": 0, "optimize_geometry": false, "conformers": [], "conformer_generation_options": {"n_conformer_pool": 4000, "n_max_conformers": 0, "rms_tolerance": 0.05, "energy_window": 15, "keep_original_conformer": true}, "stage_1_unrestrained_charges": null, "stage_1_restrained_charges": null, "stage_2_unrestrained_charges": null, "stage_2_restrained_charges": null, "keep_original_orientation": false, "reorientations": [], "translations": [], "rotations": []}}, {"index": 1, "molecule": {"qcmol": {"schema_name": "qcschema_molecule", "schema_version": 2, "validated": true, "symbols": ["C", "C", "C", "C", "C", "C", "O", "O", "C", "H", "H", "H", "H", "H", "H", "H", "H", "H", "H", "H", "H", "H", "H"], "geometry": [[0.0, 0.0, 0.0], [2.890774558665636, -2.2469464784662825e-16, -7.68415122652562e-16], [4.094237549110723, 2.6348558581484083, 1.1102230246251565e-16], [3.6174534601439277, 4.166054500838433, -2.407091137995234], [4.988608107495329, 6.723863279169256, -2.349927294018968], [4.475114894153166, 8.264097832733707, -4.691629861818154], [3.2021773397438147, 10.114302921636224, -4.766400954860849], [5.59683675420128, 7.2903211640102175, -6.713275665285793], [5.207539481792054, 8.549713567893498, -9.041697519016745], [-0.7376154559686277, 1.0653111783045532, 1.5929736132814807], [-0.7700308622773108, 0.8226148381607798, -1.7127672355101073], [-0.7256193224134968, -1.913535191603137, 0.14097726027281932], [3.550256395827552, -1.0105702433133255, 1.6623995143256187], [3.576041161497872, -1.0593743108032057, -1.623361022627159], [3.4127480889251984, 3.6923512798743885, 1.6275325441185418], [6.123673617522272, 2.4271032260657517, 0.25610823721171877], [4.248011244846358, 3.0975115768492207, -4.041360747266622], [1.6070253810554185, 4.499394009921007, -2.6482727575154814], [4.373783733629729, 7.834108488531827, -0.745954772465276], [7.011576990455461, 6.423013281440352, -2.199277026311264], [6.252112496873065, 7.486457140477029, -10.432777489658694], [5.904712301069448, 10.466352898204757, -8.945492873187042], [3.2222946241167136, 8.58080595791108, -9.518183850466679]], "name": "C7H14O2", "identifiers": {"molecule_hash": "fb9b31729ad49c67e90ece9d71bd28faeeae217c", "molecular_formula": "C7H14O2"}, "molecular_charge": 0.0, "molecular_multiplicity": 1, "connectivity": [[0, 1, 1.0], [0, 9, 1.0], [0, 10, 1.0], [0, 11, 1.0], [1, 2, 1.0], [1, 12, 1.0], [1, 13, 1.0], [2, 3, 1.0], [2, 14, 1.0], [2, 15, 1.0], [3, 4, 1.0], [3, 16, 1.0], [3, 17, 1.0], [4, 5, 1.0], [4, 18, 1.0], [4, 19, 1.0], [5, 6, 2.0], [5, 7, 1.0], [7, 8, 1.0], [8, 20, 1.0], [8, 21, 1.0], [8, 22, 1.0]], "fix_com": true, "fix_orientation": true, "provenance": {"creator": "QCElemental", "version": "v0.22.0", "routine": "qcelemental.molparse.from_schema"}, "id": "163227"}, "charge": 0, "optimize_geometry": false, "conformers": [], "conformer_generation_options": {"n_conformer_pool": 4000, "n_max_conformers": 0, "rms_tolerance": 0.05, "energy_window": 15, "keep_original_conformer": true}, "stage_1_unrestrained_charges": null, "stage_1_restrained_charges": null, "stage_2_unrestrained_charges": null, "stage_2_restrained_charges": null, "keep_original_orientation": false, "reorientations": [], "translations": [], "rotations": []}}, {"index": 2, "molecule": {"qcmol": {"schema_name": "qcschema_molecule", "schema_version": 2, "validated": true, "symbols": ["C", "C", "C", "C", "C", "C", "O", "O", "C", "H", "H", "H", "H", "H", "H", "H", "H", "H", "H", "H", "H", "H", "H"], "geometry": [[0.0, 0.0, 0.0], [2.890774558665636, -2.2469464784662825e-16, -7.68415122652562e-16], [4.094237549110723, 2.6348558581484083, 1.1102230246251565e-16], [3.6174534601439277, 4.166054500838433, -2.407091137995234], [4.988608107495329, 6.723863279169256, -2.349927294018968], [4.475114894153166, 8.264097832733707, -4.691629861818154], [3.2021773397438147, 10.114302921636224, -4.766400954860849], [5.59683675420128, 7.2903211640102175, -6.713275665285793], [5.207539481792054, 8.549713567893498, -9.041697519016745], [-0.7376154559686277, 1.0653111783045532, 1.5929736132814807], [-0.7700308622773108, 0.8226148381607798, -1.7127672355101073], [-0.7256193224134968, -1.913535191603137, 0.14097726027281932], [3.550256395827552, -1.0105702433133255, 1.6623995143256187], [3.576041161497872, -1.0593743108032057, -1.623361022627159], [3.4127480889251984, 3.6923512798743885, 1.6275325441185418], [6.123673617522272, 2.4271032260657517, 0.25610823721171877], [4.248011244846358, 3.0975115768492207, -4.041360747266622], [1.6070253810554185, 4.499394009921007, -2.6482727575154814], [4.373783733629729, 7.834108488531827, -0.745954772465276], [7.011576990455461, 6.423013281440352, -2.199277026311264], [6.252112496873065, 7.486457140477029, -10.432777489658694], [5.904712301069448, 10.466352898204757, -8.945492873187042], [3.2222946241167136, 8.58080595791108, -9.518183850466679]], "name": "C7H14O2", "identifiers": {"molecule_hash": "fb9b31729ad49c67e90ece9d71bd28faeeae217c", "molecular_formula": "C7H14O2"}, "molecular_charge": 0.0, "molecular_multiplicity": 1, "connectivity": [[0, 1, 1.0], [0, 9, 1.0], [0, 10, 1.0], [0, 11, 1.0], [1, 2, 1.0], [1, 12, 1.0], [1, 13, 1.0], [2, 3, 1.0], [2, 14, 1.0], [2, 15, 1.0], [3, 4, 1.0], [3, 16, 1.0], [3, 17, 1.0], [4, 5, 1.0], [4, 18, 1.0], [4, 19, 1.0], [5, 6, 2.0], [5, 7, 1.0], [7, 8, 1.0], [8, 20, 1.0], [8, 21, 1.0], [8, 22, 1.0]], "fix_com": true, "fix_orientation": true, "provenance": {"creator": "QCElemental", "version": "v0.22.0", "routine": "qcelemental.molparse.from_schema"}, "id": "163227"}, "charge": 0, "optimize_geometry": false, "conformers": [], "conformer_generation_options": {"n_conformer_pool": 4000, "n_max_conformers": 0, "rms_tolerance": 0.05, "energy_window": 15, "keep_original_conformer": true}, "stage_1_unrestrained_charges": null, "stage_1_restrained_charges": null, "stage_2_unrestrained_charges": null, "stage_2_restrained_charges": null, "keep_original_orientation": false, "reorientations": [], "translations": [], "rotations": []}}, {"index": 3, "molecule": {"qcmol": {"schema_name": "qcschema_molecule", "schema_version": 2, "validated": true, "symbols": ["C", "C", "C", "C", "C", "C", "O", "O", "C", "H", "H", "H", "H", "H", "H", "H", "H", "H", "H", "H", "H", "H", "H"], "geometry": [[0.0, 0.0, 0.0], [2.890774558665636, -2.2469464784662825e-16, -7.68415122652562e-16], [4.094237549110723, 2.6348558581484083, 1.1102230246251565e-16], [3.6174534601439277, 4.166054500838433, -2.407091137995234], [4.988608107495329, 6.723863279169256, -2.349927294018968], [4.475114894153166, 8.264097832733707, -4.691629861818154], [3.2021773397438147, 10.114302921636224, -4.766400954860849], [5.59683675420128, 7.2903211640102175, -6.713275665285793], [5.207539481792054, 8.549713567893498, -9.041697519016745], [-0.7376154559686277, 1.0653111783045532, 1.5929736132814807], [-0.7700308622773108, 0.8226148381607798, -1.7127672355101073], [-0.7256193224134968, -1.913535191603137, 0.14097726027281932], [3.550256395827552, -1.0105702433133255, 1.6623995143256187], [3.576041161497872, -1.0593743108032057, -1.623361022627159], [3.4127480889251984, 3.6923512798743885, 1.6275325441185418], [6.123673617522272, 2.4271032260657517, 0.25610823721171877], [4.248011244846358, 3.0975115768492207, -4.041360747266622], [1.6070253810554185, 4.499394009921007, -2.6482727575154814], [4.373783733629729, 7.834108488531827, -0.745954772465276], [7.011576990455461, 6.423013281440352, -2.199277026311264], [6.252112496873065, 7.486457140477029, -10.432777489658694], [5.904712301069448, 10.466352898204757, -8.945492873187042], [3.2222946241167136, 8.58080595791108, -9.518183850466679]], "name": "C7H14O2", "identifiers": {"molecule_hash": "fb9b31729ad49c67e90ece9d71bd28faeeae217c", "molecular_formula": "C7H14O2"}, "molecular_charge": 0.0, "molecular_multiplicity": 1, "connectivity": [[0, 1, 1.0], [0, 9, 1.0], [0, 10, 1.0], [0, 11, 1.0], [1, 2, 1.0], [1, 12, 1.0], [1, 13, 1.0], [2, 3, 1.0], [2, 14, 1.0], [2, 15, 1.0], [3, 4, 1.0], [3, 16, 1.0], [3, 17, 1.0], [4, 5, 1.0], [4, 18, 1.0], [4, 19, 1.0], [5, 6, 2.0], [5, 7, 1.0], [7, 8, 1.0], [8, 20, 1.0], [8, 21, 1.0], [8, 22, 1.0]], "fix_com": true, "fix_orientation": true, "provenance": {"creator": "QCElemental", "version": "v0.22.0", "routine": "qcelemental.molparse.from_schema"}, "id": "163227"}, "charge": 0, "optimize_geometry": false, "conformers": [], "conformer_generation_options": {"n_conformer_pool": 4000, "n_max_conformers": 0, "rms_tolerance": 0.05, "energy_window": 15, "keep_original_conformer": true}, "stage_1_unrestrained_charges": null, "stage_1_restrained_charges": null, "stage_2_unrestrained_charges": null, "stage_2_restrained_charges": null, "keep_original_orientation": false, "reorientations": [], "translations": [], "rotations": []}}, {"index": 4, "molecule": {"qcmol": {"schema_name": "qcschema_molecule", "schema_version": 2, "validated": true, "symbols": ["C", "C", "C", "C", "C", "C", "O", "O", "C", "H", "H", "H", "H", "H", "H", "H", "H", "H", "H", "H", "H", "H", "H"], "geometry": [[0.0, 0.0, 0.0], [2.890774558665636, -2.2469464784662825e-16, -7.68415122652562e-16], [4.094237549110723, 2.6348558581484083, 1.1102230246251565e-16], [3.6174534601439277, 4.166054500838433, -2.407091137995234], [4.988608107495329, 6.723863279169256, -2.349927294018968], [4.475114894153166, 8.264097832733707, -4.691629861818154], [3.2021773397438147, 10.114302921636224, -4.766400954860849], [5.59683675420128, 7.2903211640102175, -6.713275665285793], [5.207539481792054, 8.549713567893498, -9.041697519016745], [-0.7376154559686277, 1.0653111783045532, 1.5929736132814807], [-0.7700308622773108, 0.8226148381607798, -1.7127672355101073], [-0.7256193224134968, -1.913535191603137, 0.14097726027281932], [3.550256395827552, -1.0105702433133255, 1.6623995143256187], [3.576041161497872, -1.0593743108032057, -1.623361022627159], [3.4127480889251984, 3.6923512798743885, 1.6275325441185418], [6.123673617522272, 2.4271032260657517, 0.25610823721171877], [4.248011244846358, 3.0975115768492207, -4.041360747266622], [1.6070253810554185, 4.499394009921007, -2.6482727575154814], [4.373783733629729, 7.834108488531827, -0.745954772465276], [7.011576990455461, 6.423013281440352, -2.199277026311264], [6.252112496873065, 7.486457140477029, -10.432777489658694], [5.904712301069448, 10.466352898204757, -8.945492873187042], [3.2222946241167136, 8.58080595791108, -9.518183850466679]], "name": "C7H14O2", "identifiers": {"molecule_hash": "fb9b31729ad49c67e90ece9d71bd28faeeae217c", "molecular_formula": "C7H14O2"}, "molecular_charge": 0.0, "molecular_multiplicity": 1, "connectivity": [[0, 1, 1.0], [0, 9, 1.0], [0, 10, 1.0], [0, 11, 1.0], [1, 2, 1.0], [1, 12, 1.0], [1, 13, 1.0], [2, 3, 1.0], [2, 14, 1.0], [2, 15, 1.0], [3, 4, 1.0], [3, 16, 1.0], [3, 17, 1.0], [4, 5, 1.0], [4, 18, 1.0], [4, 19, 1.0], [5, 6, 2.0], [5, 7, 1.0], [7, 8, 1.0], [8, 20, 1.0], [8, 21, 1.0], [8, 22, 1.0]], "fix_com": true, "fix_orientation": true, "provenance": {"creator": "QCElemental", "version": "v0.22.0", "routine": "qcelemental.molparse.from_schema"}, "id": "163227"}, "charge": 0, "optimize_geometry": false, "conformers": [], "conformer_generation_options": {"n_conformer_pool": 4000, "n_max_conformers": 0, "rms_tolerance": 0.05, "energy_window": 15, "keep_original_conformer": true}, "stage_1_unrestrained_charges": null, "stage_1_restrained_charges": null, "stage_2_unrestrained_charges": null, "stage_2_restrained_charges": null, "keep_original_orientation": false, "reorientations": [], "translations": [], "rotations": []}}, {"index": 8, "molecule": {"qcmol": {"schema_name": "qcschema_molecule", "schema_version": 2, "validated": true, "symbols": ["C", "C", "C", "C", "C", "C", "O", "O", "C", "H", "H", "H", "H", "H", "H", "H", "H", "H", "H", "H", "H", "H", "H"], "geometry": [[0.0, 0.0, 0.0], [2.890774558665636, -2.2469464784662825e-16, -7.68415122652562e-16], [4.094237549110723, 2.6348558581484083, 1.1102230246251565e-16], [3.6174534601439277, 4.166054500838433, -2.407091137995234], [4.988608107495329, 6.723863279169256, -2.349927294018968], [4.475114894153166, 8.264097832733707, -4.691629861818154], [3.2021773397438147, 10.114302921636224, -4.766400954860849], [5.59683675420128, 7.2903211640102175, -6.713275665285793], [5.207539481792054, 8.549713567893498, -9.041697519016745], [-0.7376154559686277, 1.0653111783045532, 1.5929736132814807], [-0.7700308622773108, 0.8226148381607798, -1.7127672355101073], [-0.7256193224134968, -1.913535191603137, 0.14097726027281932], [3.550256395827552, -1.0105702433133255, 1.6623995143256187], [3.576041161497872, -1.0593743108032057, -1.623361022627159], [3.4127480889251984, 3.6923512798743885, 1.6275325441185418], [6.123673617522272, 2.4271032260657517, 0.25610823721171877], [4.248011244846358, 3.0975115768492207, -4.041360747266622], [1.6070253810554185, 4.499394009921007, -2.6482727575154814], [4.373783733629729, 7.834108488531827, -0.745954772465276], [7.011576990455461, 6.423013281440352, -2.199277026311264], [6.252112496873065, 7.486457140477029, -10.432777489658694], [5.904712301069448, 10.466352898204757, -8.945492873187042], [3.2222946241167136, 8.58080595791108, -9.518183850466679]], "name": "C7H14O2", "identifiers": {"molecule_hash": "fb9b31729ad49c67e90ece9d71bd28faeeae217c", "molecular_formula": "C7H14O2"}, "molecular_charge": 0.0, "molecular_multiplicity": 1, "connectivity": [[0, 1, 1.0], [0, 9, 1.0], [0, 10, 1.0], [0, 11, 1.0], [1, 2, 1.0], [1, 12, 1.0], [1, 13, 1.0], [2, 3, 1.0], [2, 14, 1.0], [2, 15, 1.0], [3, 4, 1.0], [3, 16, 1.0], [3, 17, 1.0], [4, 5, 1.0], [4, 18, 1.0], [4, 19, 1.0], [5, 6, 2.0], [5, 7, 1.0], [7, 8, 1.0], [8, 20, 1.0], [8, 21, 1.0], [8, 22, 1.0]], "fix_com": true, "fix_orientation": true, "provenance": {"creator": "QCElemental", "version": "v0.22.0", "routine": "qcelemental.molparse.from_schema"}, "id": "163227"}, "charge": 0, "optimize_geometry": false, "conformers": [], "conformer_generation_options": {"n_conformer_pool": 4000, "n_max_conformers": 0, "rms_tolerance": 0.05, "energy_window": 15, "keep_original_conformer": true}, "stage_1_unrestrained_charges": null, "stage_1_restrained_charges": null, "stage_2_unrestrained_charges": null, "stage_2_restrained_charges": null, "keep_original_orientation": false, "reorientations": [], "translations": [], "rotations": []}}]}, "surface_constraints": {"matrix": [[1956.4852377638335, 1902.9666236029639, 1836.0329847177106, 1749.627898990777, 1657.9747340450701, 1579.847029616414, 1539.0521288198995, 1534.0643405259818, 1420.3650383244942, 1964.3283239296036, 1962.347176245993, 1957.8535540651164, 1894.780482779934, 1892.6255389806672, 1839.6586650024383, 1831.0197988914176, 1762.2270722797457, 1727.3648035992387, 1635.4599563870038, 1648.9546410588173, 1396.6686816663043, 1378.8257308858463, 1390.549656388778], [1902.9666236029639, 1954.5851997764967, 1909.4147754743028, 1840.9327561448888, 1752.414673056859, 1677.1971991750345, 1639.6064183589906, 1626.504716026587, 1505.69313790173, 1884.2740170826658, 1881.2875587343274, 1877.0090129095738, 1978.425717744156, 1975.395793354008, 1907.5272860354082, 1907.9288605359689, 1853.8141637966528, 1826.285892405103, 1729.6468460662998, 1741.4588576117721, 1477.3501727092407, 1461.5781565979762, 1476.4941671231904], [1836.0329847177106, 1909.4147754743028, 1963.320436354377, 1915.1222707156387, 1847.8717105717492, 1774.4601947882275, 1730.6944681861003, 1725.6407841989264, 1594.6163519450372, 1801.2951241290843, 1820.9175471654314, 1808.4568380157614, 1904.430488671055, 1901.2320273803605, 1991.5234579915123, 1992.064501348618, 1910.0496543802385, 1913.2853327167318, 1825.990569906108, 1846.7068168472397, 1561.7464478825916, 1546.432297971787, 1564.974660177068], [1749.627898990777, 1840.9327561448888, 1915.1222707156387, 1964.5457490071817, 1916.3313207312701, 1849.3654362164907, 1801.8677303333584, 1806.9753070892048, 1669.1511581633372, 1700.7040670613687, 1734.5862265652631, 1726.6340751072632, 1834.8984840506419, 1838.0318372416561, 1913.7854810899594, 1914.2736621223676, 1989.8427035935454, 1993.0877869342548, 1907.17242059706, 1909.0740157810528, 1621.2035727810733, 1624.6668862131241, 1644.2104988485426], [1657.9747340450701, 1752.414673056859, 1847.8717105717492, 1916.3313207312701, 1965.4473900676508, 1918.3315646267795, 1877.0434960358314, 1873.0964378880792, 1738.1736467234812, 1612.0353164698222, 1637.6392631467568, 1636.820030990887, 1742.3687700878909, 1744.5288117343312, 1848.9468554029993, 1851.3804095740131, 1912.7905602823707, 1915.4169932120278, 1987.100035662058, 1989.292676124984, 1693.3831396140301, 1694.9321331705282, 1709.1709741158008], [1579.847029616414, 1677.1971991750345, 1774.4601947882275, 1849.3654362164907, 1918.3315646267795, 1961.56793351714, 1961.9413847255046, 1936.3037451184625, 1853.2592676726938, 1542.0087620696447, 1557.672928772998, 1552.0511613819278, 1670.5460105747443, 1669.4799726919643, 1780.5032234210405, 1772.8238575180617, 1851.114421282632, 1838.5379125974684, 1914.8142213769952, 1915.5800630313845, 1815.8412119959532, 1819.3296011901627, 1840.7065405773346], [1539.0521288198995, 1639.6064183589906, 1730.6944681861003, 1801.8677303333584, 1877.0434960358314, 1961.9413847255046, 2040.230980147164, 1891.1518070231803, 1846.0772509390792, 1504.0732137690243, 1513.6490908110657, 1510.0864877588851, 1635.1897936593307, 1637.7634559747712, 1744.3191520471053, 1719.9556240850973, 1797.5186081747142, 1791.3883427493438, 1868.1245308926864, 1856.3323831504124, 1808.2789106114483, 1817.1870584157298, 1857.7772372850563], [1534.0643405259818, 1626.504716026587, 1725.6407841989264, 1806.9753070892048, 1873.0964378880792, 1936.3037451184625, 1891.1518070231803, 1998.3709163785197, 1929.0435887521292, 1501.2378466480616, 1515.7702621787557, 1501.8106018348667, 1620.8610495997934, 1613.7709403401384, 1723.9343270350605, 1729.6858058025268, 1822.470025560743, 1791.8553753511649, 1854.2420252340487, 1870.7493108486835, 1906.2904569272177, 1902.5105350973952, 1900.4856608448795], [1420.3650383244942, 1505.69313790173, 1594.6163519450372, 1669.1511581633372, 1738.1736467234812, 1853.2592676726938, 1846.0772509390792, 1929.0435887521292, 1956.8493758373857, 1396.3556829444237, 1401.4459238608645, 1387.0214970856364, 1503.4680593582991, 1493.707852788249, 1596.4932829906495, 1595.429694784359, 1682.4333813514013, 1650.373897130086, 1707.287849121568, 1719.1017752196362, 1957.6372219972563, 1953.756217937861, 1954.6701526987194], [1964.3283239296036, 1884.2740170826658, 1801.2951241290843, 1700.7040670613687, 1612.0353164698222, 1542.0087620696447, 1504.0732137690243, 1501.2378466480616, 1396.3556829444237, 2055.229498466243, 1939.5078575221605, 1936.0569065763707, 1876.2302557452472, 1866.9232003210516, 1808.3214877376495, 1794.7840459953368, 1706.4246257458356, 1673.1004152636326, 1585.5000525241946, 1603.5417374267665, 1377.651899939312, 1359.3631381320113, 1363.3233971329037], [1962.347176245993, 1881.2875587343274, 1820.9175471654314, 1734.5862265652631, 1637.6392631467568, 1557.672928772998, 1513.6490908110657, 1515.7702621787557, 1401.4459238608645, 1939.5078575221605, 2052.0927818043024, 1935.3399395781116, 1860.1861278756824, 1857.478260045163, 1826.1517292027174, 1819.0412865441692, 1756.6129619491949, 1708.2555432779234, 1612.759989389911, 1628.5919760902923, 1373.261534936217, 1359.8677261437922, 1376.0993588292713], [1957.8535540651164, 1877.0090129095738, 1808.4568380157614, 1726.6340751072632, 1636.820030990887, 1552.0511613819278, 1510.0864877588851, 1501.8106018348667, 1387.0214970856364, 1936.0569065763707, 1935.3399395781116, 2041.4408701287239, 1855.402296463734, 1861.5945074088208, 1811.2639809264235, 1800.0015467041135, 1737.8470558996653, 1708.9315557992618, 1621.190139768308, 1628.6595701246388, 1366.0375680560692, 1343.9764440836739, 1356.0764202000842], [1894.780482779934, 1978.425717744156, 1904.430488671055, 1834.8984840506419, 1742.3687700878909, 1670.5460105747443, 1635.1897936593307, 1620.8610495997934, 1503.4680593582991, 1876.2302557452472, 1860.1861278756824, 1855.402296463734, 2082.416877442144, 1969.4487555496767, 1889.015845662576, 1893.8633836316737, 1856.6843629325522, 1814.3417916001117, 1723.98887579716, 1721.8018541897509, 1473.9938942497795, 1459.6551424068118, 1477.0762474929288], [1892.6255389806672, 1975.395793354008, 1901.2320273803605, 1838.0318372416561, 1744.5288117343312, 1669.4799726919643, 1637.7634559747712, 1613.7709403401384, 1493.707852788249, 1866.9232003210516, 1857.478260045163, 1861.5945074088208, 1969.4487555496767, 2075.793896562244, 1883.6060117847119, 1887.220016891339, 1854.756898351317, 1827.444730482399, 1717.7007828195883, 1735.1848814269265, 1466.6389311279756, 1450.7360439726635, 1463.3867432741708], [1839.6586650024383, 1907.5272860354082, 1991.5234579915123, 1913.7854810899594, 1848.9468554029993, 1780.5032234210405, 1744.3191520471053, 1723.9343270350605, 1596.4932829906495, 1808.3214877376495, 1826.1517292027174, 1811.2639809264235, 1889.015845662576, 1883.6060117847119, 2098.1643868949395, 1991.5494156579905, 1888.9725017453816, 1905.7958193296854, 1821.70348444744, 1850.5667141309632, 1569.9775148125043, 1545.203025818537, 1565.9187175968639], [1831.0197988914176, 1907.9288605359689, 1992.064501348618, 1914.2736621223676, 1851.3804095740131, 1772.8238575180617, 1719.9556240850973, 1729.6858058025268, 1595.429694784359, 1794.7840459953368, 1819.0412865441692, 1800.0015467041135, 1893.8633836316737, 1887.220016891339, 1991.5494156579905, 2098.99275938508, 1888.7455630995396, 1904.8155907434468, 1827.2306247465906, 1859.6808461756564, 1565.4233906055483, 1544.3371426954416, 1563.8291352366743], [1762.2270722797457, 1853.8141637966528, 1910.0496543802385, 1989.8427035935454, 1912.7905602823707, 1851.114421282632, 1797.5186081747142, 1822.470025560743, 1682.4333813514013, 1706.4246257458356, 1756.6129619491949, 1737.8470558996653, 1856.6843629325522, 1854.756898351317, 1888.9725017453816, 1888.7455630995396, 2092.77088822754, 1990.227416457149, 1890.7018529653271, 1890.3204985412474, 1625.3348030061768, 1642.3800055567924, 1659.9616338202275], [1727.3648035992387, 1826.285892405103, 1913.2853327167318, 1993.0877869342548, 1915.4169932120278, 1838.5379125974684, 1791.3883427493438, 1791.8553753511649, 1650.373897130086, 1673.1004152636326, 1708.2555432779234, 1708.9315557992618, 1814.3417916001117, 1827.444730482399, 1905.7958193296854, 1904.8155907434468, 1990.227416457149, 2097.9876494340456, 1905.646931490014, 1892.5455639793777, 1597.5436169108816, 1604.5457350693232, 1629.5993461691482], [1635.4599563870038, 1729.6468460662998, 1825.990569906108, 1907.17242059706, 1987.100035662058, 1914.8142213769952, 1868.1245308926864, 1854.2420252340487, 1707.287849121568, 1585.5000525241946, 1612.759989389911, 1621.190139768308, 1723.98887579716, 1717.7007828195883, 1821.70348444744, 1827.2306247465906, 1890.7018529653271, 1905.646931490014, 2085.9624563789203, 1980.559752342946, 1661.9598785789085, 1666.3558446703173, 1669.1259480545666], [1648.9546410588173, 1741.4588576117721, 1846.7068168472397, 1909.0740157810528, 1989.292676124984, 1915.5800630313845, 1856.3323831504124, 1870.7493108486835, 1719.1017752196362, 1603.5417374267665, 1628.5919760902923, 1628.6595701246388, 1721.8018541897509, 1735.1848814269265, 1850.5667141309632, 1859.6808461756564, 1890.3204985412474, 1892.5455639793777, 1980.559752342946, 2092.1488975946113, 1674.2202671579494, 1669.9035701497976, 1685.6069513477794], [1396.6686816663043, 1477.3501727092407, 1561.7464478825916, 1621.2035727810733, 1693.3831396140301, 1815.8412119959532, 1808.2789106114483, 1906.2904569272177, 1957.6372219972563, 1377.651899939312, 1373.261534936217, 1366.0375680560692, 1473.9938942497795, 1466.6389311279756, 1569.9775148125043, 1565.4233906055483, 1625.3348030061768, 1597.5436169108816, 1661.9598785789085, 1674.2202671579494, 2041.0534971296283, 1922.5549745732196, 1924.9089497796201], [1378.8257308858463, 1461.5781565979762, 1546.432297971787, 1624.6668862131241, 1694.9321331705282, 1819.3296011901627, 1817.1870584157298, 1902.5105350973952, 1953.756217937861, 1359.3631381320113, 1359.8677261437922, 1343.9764440836739, 1459.6551424068118, 1450.7360439726635, 1545.203025818537, 1544.3371426954416, 1642.3800055567924, 1604.5457350693232, 1666.3558446703173, 1669.9035701497976, 1922.5549745732196, 2034.0519963120323, 1920.3616367061568], [1390.549656388778, 1476.4941671231904, 1564.974660177068, 1644.2104988485426, 1709.1709741158008, 1840.7065405773346, 1857.7772372850563, 1900.4856608448795, 1954.6701526987194, 1363.3233971329037, 1376.0993588292713, 1356.0764202000842, 1477.0762474929288, 1463.3867432741708, 1565.9187175968639, 1563.8291352366743, 1659.9616338202275, 1629.5993461691482, 1669.1259480545666, 1685.6069513477794, 1924.9089497796201, 1920.3616367061568, 2037.2616351627373], [2.3240242187488915, -0.653377102640349, -1.5087254724736323, -3.73560979130067, -9.624280129795272, -26.53822171012566, -55.686724920497014, -9.248996584691534, -6.596104411296815, 2.146508532437214, 3.6572297671962932, 3.4897978361123365, -0.9948566729992576, -2.5449124462310464, -4.097312652903229, 2.4764169138328027, -2.622179085044327, -3.336211769402436, -6.956318382951008, -3.225129225594788, -1.6680158023176792, -3.4697746561734832, -11.10913927551212]]}}