{"resp_b": 0.1, "restrained_fit": true, "exclude_hydrogens": true, "convergence_tolerance": 1e-06, "max_iter": 500, "resp_a": 0.0005, "charge_constraints": {"charge_sum_constraints": [], "charge_equivalence_constraints": [], "molecules": [{"qcmol": {"schema_name": "qcschema_molecule", "schema_version": 2, "validated": true, "symbols": ["C", "C", "C", "C", "C", "C", "O", "O", "C", "H", "H", "H", "H", "H", "H", "H", "H", "H", "H", "H", "H", "H", "H"], "geometry": [[0.0, 0.0, 0.0], [2.890774558665636, -2.2469464784662825e-16, -7.68415122652562e-16], [4.094237549110723, 2.6348558581484083, 1.1102230246251565e-16], [3.6174534601439277, 4.166054500838433, -2.407091137995234], [4.988608107495329, 6.723863279169256, -2.349927294018968], [4.475114894153166, 8.264097832733707, -4.691629861818154], [3.2021773397438147, 10.114302921636224, -4.766400954860849], [5.59683675420128, 7.2903211640102175, -6.713275665285793], [5.207539481792054, 8.549713567893498, -9.041697519016745], [-0.7376154559686277, 1.0653111783045532, 1.5929736132814807], [-0.7700308622773108, 0.8226148381607798, -1.7127672355101073], [-0.7256193224134968, -1.913535191603137, 0.14097726027281932], [3.550256395827552, -1.0105702433133255, 1.6623995143256187], [3.576041161497872, -1.0593743108032057, -1.623361022627159], [3.4127480889251984, 3.6923512798743885, 1.6275325441185418], [6.123673617522272, 2.4271032260657517, 0.25610823721171877], [4.248011244846358, 3.0975115768492207, -4.041360747266622], [1.6070253810554185, 4.499394009921007, -2.6482727575154814], [4.373783733629729, 7.834108488531827, -0.745954772465276], [7.011576990455461, 6.423013281440352, -2.199277026311264], [6.252112496873065, 7.486457140477029, -10.432777489658694], [5.904712301069448, 10.466352898204757, -8.945492873187042], [3.2222946241167136, 8.58080595791108, -9.518183850466679]], "name": "C7H14O2", "identifiers": {"molecule_hash": "fb9b31729ad49c67e90ece9d71bd28faeeae217c", "molecular_formula": "C7H14O2"}, "molecular_charge": 0.0, "molecular_multiplicity": 1, "connectivity": [[0, 1, 1.0], [0, 9, 1.0], [0, 10, 1.0], [0, 11, 1.0], [1, 2, 1.0], [1, 12, 1.0], [1, 13, 1.0], [2, 3, 1.0], [2, 14, 1.0], [2, 15, 1.0], [3, 4, 1.0], [3, 16, 1.0], [3, 17, 1.0], [4, 5, 1.0], [4, 18, 1.0], [4, 19, 1.0], [5, 6, 2.0], [5, 7, 1.0], [7, 8, 1.0], [8, 20, 1.0], [8, 21, 1.0], [8, 22, 1.0]], "fix_com": true, "fix_orientation": true, "provenance": {"creator": "QCElemental", "version": "v0.22.0", "routine": "qcelemental.molparse.from_schema"}, "id": "163227"}, "charge": 0, "optimize_geometry": false, "conformers": [], "conformer_generation_options": {"n_conformer_pool": 4000, "n_max_conformers": 0, "rms_tolerance": 0.05, "energy_window": 15, "keep_original_conformer": true}, "stage_1_unrestrained_charges": null, "stage_1_restrained_charges": null, "stage_2_unrestrained_charges": null, "stage_2_restrained_charges": null, "keep_original_orientation": false, "reorientations": [], "translations": [], "rotations": []}], "unconstrained_atoms": [{"index": 0, "molecule": {"qcmol": {"schema_name": "qcschema_molecule", "schema_version": 2, "validated": true, "symbols": ["C", "C", "C", "C", "C", "C", "O", "O", "C", "H", "H", "H", "H", "H", "H", "H", "H", "H", "H", "H", "H", "H", "H"], "geometry": [[0.0, 0.0, 0.0], [2.890774558665636, -2.2469464784662825e-16, -7.68415122652562e-16], [4.094237549110723, 2.6348558581484083, 1.1102230246251565e-16], [3.6174534601439277, 4.166054500838433, -2.407091137995234], [4.988608107495329, 6.723863279169256, -2.349927294018968], [4.475114894153166, 8.264097832733707, -4.691629861818154], [3.2021773397438147, 10.114302921636224, -4.766400954860849], [5.59683675420128, 7.2903211640102175, -6.713275665285793], [5.207539481792054, 8.549713567893498, -9.041697519016745], [-0.7376154559686277, 1.0653111783045532, 1.5929736132814807], [-0.7700308622773108, 0.8226148381607798, -1.7127672355101073], [-0.7256193224134968, -1.913535191603137, 0.14097726027281932], [3.550256395827552, -1.0105702433133255, 1.6623995143256187], [3.576041161497872, -1.0593743108032057, -1.623361022627159], [3.4127480889251984, 3.6923512798743885, 1.6275325441185418], [6.123673617522272, 2.4271032260657517, 0.25610823721171877], [4.248011244846358, 3.0975115768492207, -4.041360747266622], [1.6070253810554185, 4.499394009921007, -2.6482727575154814], [4.373783733629729, 7.834108488531827, -0.745954772465276], [7.011576990455461, 6.423013281440352, -2.199277026311264], [6.252112496873065, 7.486457140477029, -10.432777489658694], [5.904712301069448, 10.466352898204757, -8.945492873187042], [3.2222946241167136, 8.58080595791108, -9.518183850466679]], "name": "C7H14O2", "identifiers": {"molecule_hash": "fb9b31729ad49c67e90ece9d71bd28faeeae217c", "molecular_formula": "C7H14O2"}, "molecular_charge": 0.0, "molecular_multiplicity": 1, "connectivity": [[0, 1, 1.0], [0, 9, 1.0], [0, 10, 1.0], [0, 11, 1.0], [1, 2, 1.0], [1, 12, 1.0], [1, 13, 1.0], [2, 3, 1.0], [2, 14, 1.0], [2, 15, 1.0], [3, 4, 1.0], [3, 16, 1.0], [3, 17, 1.0], [4, 5, 1.0], [4, 18, 1.0], [4, 19, 1.0], [5, 6, 2.0], [5, 7, 1.0], [7, 8, 1.0], [8, 20, 1.0], [8, 21, 1.0], [8, 22, 1.0]], "fix_com": true, "fix_orientation": true, "provenance": {"creator": "QCElemental", "version": "v0.22.0", "routine": "qcelemental.molparse.from_schema"}, "id": "163227"}, "charge": 0, "optimize_geometry": false, "conformers": [], "conformer_generation_options": {"n_conformer_pool": 4000, "n_max_conformers": 0, "rms_tolerance": 0.05, "energy_window": 15, "keep_original_conformer": true}, "stage_1_unrestrained_charges": null, "stage_1_restrained_charges": null, "stage_2_unrestrained_charges": null, "stage_2_restrained_charges": null, "keep_original_orientation": false, "reorientations": [], "translations": [], "rotations": []}}, {"index": 1, "molecule": {"qcmol": {"schema_name": "qcschema_molecule", "schema_version": 2, "validated": true, "symbols": ["C", "C", "C", "C", "C", "C", "O", "O", "C", "H", "H", "H", "H", "H", "H", "H", "H", "H", "H", "H", "H", "H", "H"], "geometry": [[0.0, 0.0, 0.0], [2.890774558665636, -2.2469464784662825e-16, -7.68415122652562e-16], [4.094237549110723, 2.6348558581484083, 1.1102230246251565e-16], [3.6174534601439277, 4.166054500838433, -2.407091137995234], [4.988608107495329, 6.723863279169256, -2.349927294018968], [4.475114894153166, 8.264097832733707, -4.691629861818154], [3.2021773397438147, 10.114302921636224, -4.766400954860849], [5.59683675420128, 7.2903211640102175, -6.713275665285793], [5.207539481792054, 8.549713567893498, -9.041697519016745], [-0.7376154559686277, 1.0653111783045532, 1.5929736132814807], [-0.7700308622773108, 0.8226148381607798, -1.7127672355101073], [-0.7256193224134968, -1.913535191603137, 0.14097726027281932], [3.550256395827552, -1.0105702433133255, 1.6623995143256187], [3.576041161497872, -1.0593743108032057, -1.623361022627159], [3.4127480889251984, 3.6923512798743885, 1.6275325441185418], [6.123673617522272, 2.4271032260657517, 0.25610823721171877], [4.248011244846358, 3.0975115768492207, -4.041360747266622], [1.6070253810554185, 4.499394009921007, -2.6482727575154814], [4.373783733629729, 7.834108488531827, -0.745954772465276], [7.011576990455461, 6.423013281440352, -2.199277026311264], [6.252112496873065, 7.486457140477029, -10.432777489658694], [5.904712301069448, 10.466352898204757, -8.945492873187042], [3.2222946241167136, 8.58080595791108, -9.518183850466679]], "name": "C7H14O2", "identifiers": {"molecule_hash": "fb9b31729ad49c67e90ece9d71bd28faeeae217c", "molecular_formula": "C7H14O2"}, "molecular_charge": 0.0, "molecular_multiplicity": 1, "connectivity": [[0, 1, 1.0], [0, 9, 1.0], [0, 10, 1.0], [0, 11, 1.0], [1, 2, 1.0], [1, 12, 1.0], [1, 13, 1.0], [2, 3, 1.0], [2, 14, 1.0], [2, 15, 1.0], [3, 4, 1.0], [3, 16, 1.0], [3, 17, 1.0], [4, 5, 1.0], [4, 18, 1.0], [4, 19, 1.0], [5, 6, 2.0], [5, 7, 1.0], [7, 8, 1.0], [8, 20, 1.0], [8, 21, 1.0], [8, 22, 1.0]], "fix_com": true, "fix_orientation": true, "provenance": {"creator": "QCElemental", "version": "v0.22.0", "routine": "qcelemental.molparse.from_schema"}, "id": "163227"}, "charge": 0, "optimize_geometry": false, "conformers": [], "conformer_generation_options": {"n_conformer_pool": 4000, "n_max_conformers": 0, "rms_tolerance": 0.05, "energy_window": 15, "keep_original_conformer": true}, "stage_1_unrestrained_charges": null, "stage_1_restrained_charges": null, "stage_2_unrestrained_charges": null, "stage_2_restrained_charges": null, "keep_original_orientation": false, "reorientations": [], "translations": [], "rotations": []}}, {"index": 2, "molecule": {"qcmol": {"schema_name": "qcschema_molecule", "schema_version": 2, "validated": true, "symbols": ["C", "C", "C", "C", "C", "C", "O", "O", "C", "H", "H", "H", "H", "H", "H", "H", "H", "H", "H", "H", "H", "H", "H"], "geometry": [[0.0, 0.0, 0.0], [2.890774558665636, -2.2469464784662825e-16, -7.68415122652562e-16], [4.094237549110723, 2.6348558581484083, 1.1102230246251565e-16], [3.6174534601439277, 4.166054500838433, -2.407091137995234], [4.988608107495329, 6.723863279169256, -2.349927294018968], [4.475114894153166, 8.264097832733707, -4.691629861818154], [3.2021773397438147, 10.114302921636224, -4.766400954860849], [5.59683675420128, 7.2903211640102175, -6.713275665285793], [5.207539481792054, 8.549713567893498, -9.041697519016745], [-0.7376154559686277, 1.0653111783045532, 1.5929736132814807], [-0.7700308622773108, 0.8226148381607798, -1.7127672355101073], [-0.7256193224134968, -1.913535191603137, 0.14097726027281932], [3.550256395827552, -1.0105702433133255, 1.6623995143256187], [3.576041161497872, -1.0593743108032057, -1.623361022627159], [3.4127480889251984, 3.6923512798743885, 1.6275325441185418], [6.123673617522272, 2.4271032260657517, 0.25610823721171877], [4.248011244846358, 3.0975115768492207, -4.041360747266622], [1.6070253810554185, 4.499394009921007, -2.6482727575154814], [4.373783733629729, 7.834108488531827, -0.745954772465276], [7.011576990455461, 6.423013281440352, -2.199277026311264], [6.252112496873065, 7.486457140477029, -10.432777489658694], [5.904712301069448, 10.466352898204757, -8.945492873187042], [3.2222946241167136, 8.58080595791108, -9.518183850466679]], "name": "C7H14O2", "identifiers": {"molecule_hash": "fb9b31729ad49c67e90ece9d71bd28faeeae217c", "molecular_formula": "C7H14O2"}, "molecular_charge": 0.0, "molecular_multiplicity": 1, "connectivity": [[0, 1, 1.0], [0, 9, 1.0], [0, 10, 1.0], [0, 11, 1.0], [1, 2, 1.0], [1, 12, 1.0], [1, 13, 1.0], [2, 3, 1.0], [2, 14, 1.0], [2, 15, 1.0], [3, 4, 1.0], [3, 16, 1.0], [3, 17, 1.0], [4, 5, 1.0], [4, 18, 1.0], [4, 19, 1.0], [5, 6, 2.0], [5, 7, 1.0], [7, 8, 1.0], [8, 20, 1.0], [8, 21, 1.0], [8, 22, 1.0]], "fix_com": true, "fix_orientation": true, "provenance": {"creator": "QCElemental", "version": "v0.22.0", "routine": "qcelemental.molparse.from_schema"}, "id": "163227"}, "charge": 0, "optimize_geometry": false, "conformers": [], "conformer_generation_options": {"n_conformer_pool": 4000, "n_max_conformers": 0, "rms_tolerance": 0.05, "energy_window": 15, "keep_original_conformer": true}, "stage_1_unrestrained_charges": null, "stage_1_restrained_charges": null, "stage_2_unrestrained_charges": null, "stage_2_restrained_charges": null, "keep_original_orientation": false, "reorientations": [], "translations": [], "rotations": []}}, {"index": 3, "molecule": {"qcmol": {"schema_name": "qcschema_molecule", "schema_version": 2, "validated": true, "symbols": ["C", "C", "C", "C", "C", "C", "O", "O", "C", "H", "H", "H", "H", "H", "H", "H", "H", "H", "H", "H", "H", "H", "H"], "geometry": [[0.0, 0.0, 0.0], [2.890774558665636, -2.2469464784662825e-16, -7.68415122652562e-16], [4.094237549110723, 2.6348558581484083, 1.1102230246251565e-16], [3.6174534601439277, 4.166054500838433, -2.407091137995234], [4.988608107495329, 6.723863279169256, -2.349927294018968], [4.475114894153166, 8.264097832733707, -4.691629861818154], [3.2021773397438147, 10.114302921636224, -4.766400954860849], [5.59683675420128, 7.2903211640102175, -6.713275665285793], [5.207539481792054, 8.549713567893498, -9.041697519016745], [-0.7376154559686277, 1.0653111783045532, 1.5929736132814807], [-0.7700308622773108, 0.8226148381607798, -1.7127672355101073], [-0.7256193224134968, -1.913535191603137, 0.14097726027281932], [3.550256395827552, -1.0105702433133255, 1.6623995143256187], [3.576041161497872, -1.0593743108032057, -1.623361022627159], [3.4127480889251984, 3.6923512798743885, 1.6275325441185418], [6.123673617522272, 2.4271032260657517, 0.25610823721171877], [4.248011244846358, 3.0975115768492207, -4.041360747266622], [1.6070253810554185, 4.499394009921007, -2.6482727575154814], [4.373783733629729, 7.834108488531827, -0.745954772465276], [7.011576990455461, 6.423013281440352, -2.199277026311264], [6.252112496873065, 7.486457140477029, -10.432777489658694], [5.904712301069448, 10.466352898204757, -8.945492873187042], [3.2222946241167136, 8.58080595791108, -9.518183850466679]], "name": "C7H14O2", "identifiers": {"molecule_hash": "fb9b31729ad49c67e90ece9d71bd28faeeae217c", "molecular_formula": "C7H14O2"}, "molecular_charge": 0.0, "molecular_multiplicity": 1, "connectivity": [[0, 1, 1.0], [0, 9, 1.0], [0, 10, 1.0], [0, 11, 1.0], [1, 2, 1.0], [1, 12, 1.0], [1, 13, 1.0], [2, 3, 1.0], [2, 14, 1.0], [2, 15, 1.0], [3, 4, 1.0], [3, 16, 1.0], [3, 17, 1.0], [4, 5, 1.0], [4, 18, 1.0], [4, 19, 1.0], [5, 6, 2.0], [5, 7, 1.0], [7, 8, 1.0], [8, 20, 1.0], [8, 21, 1.0], [8, 22, 1.0]], "fix_com": true, "fix_orientation": true, "provenance": {"creator": "QCElemental", "version": "v0.22.0", "routine": "qcelemental.molparse.from_schema"}, "id": "163227"}, "charge": 0, "optimize_geometry": false, "conformers": [], "conformer_generation_options": {"n_conformer_pool": 4000, "n_max_conformers": 0, "rms_tolerance": 0.05, "energy_window": 15, "keep_original_conformer": true}, "stage_1_unrestrained_charges": null, "stage_1_restrained_charges": null, "stage_2_unrestrained_charges": null, "stage_2_restrained_charges": null, "keep_original_orientation": false, "reorientations": [], "translations": [], "rotations": []}}, {"index": 4, "molecule": {"qcmol": {"schema_name": "qcschema_molecule", "schema_version": 2, "validated": true, "symbols": ["C", "C", "C", "C", "C", "C", "O", "O", "C", "H", "H", "H", "H", "H", "H", "H", "H", "H", "H", "H", "H", "H", "H"], "geometry": [[0.0, 0.0, 0.0], [2.890774558665636, -2.2469464784662825e-16, -7.68415122652562e-16], [4.094237549110723, 2.6348558581484083, 1.1102230246251565e-16], [3.6174534601439277, 4.166054500838433, -2.407091137995234], [4.988608107495329, 6.723863279169256, -2.349927294018968], [4.475114894153166, 8.264097832733707, -4.691629861818154], [3.2021773397438147, 10.114302921636224, -4.766400954860849], [5.59683675420128, 7.2903211640102175, -6.713275665285793], [5.207539481792054, 8.549713567893498, -9.041697519016745], [-0.7376154559686277, 1.0653111783045532, 1.5929736132814807], [-0.7700308622773108, 0.8226148381607798, -1.7127672355101073], [-0.7256193224134968, -1.913535191603137, 0.14097726027281932], [3.550256395827552, -1.0105702433133255, 1.6623995143256187], [3.576041161497872, -1.0593743108032057, -1.623361022627159], [3.4127480889251984, 3.6923512798743885, 1.6275325441185418], [6.123673617522272, 2.4271032260657517, 0.25610823721171877], [4.248011244846358, 3.0975115768492207, -4.041360747266622], [1.6070253810554185, 4.499394009921007, -2.6482727575154814], [4.373783733629729, 7.834108488531827, -0.745954772465276], [7.011576990455461, 6.423013281440352, -2.199277026311264], [6.252112496873065, 7.486457140477029, -10.432777489658694], [5.904712301069448, 10.466352898204757, -8.945492873187042], [3.2222946241167136, 8.58080595791108, -9.518183850466679]], "name": "C7H14O2", "identifiers": {"molecule_hash": "fb9b31729ad49c67e90ece9d71bd28faeeae217c", "molecular_formula": "C7H14O2"}, "molecular_charge": 0.0, "molecular_multiplicity": 1, "connectivity": [[0, 1, 1.0], [0, 9, 1.0], [0, 10, 1.0], [0, 11, 1.0], [1, 2, 1.0], [1, 12, 1.0], [1, 13, 1.0], [2, 3, 1.0], [2, 14, 1.0], [2, 15, 1.0], [3, 4, 1.0], [3, 16, 1.0], [3, 17, 1.0], [4, 5, 1.0], [4, 18, 1.0], [4, 19, 1.0], [5, 6, 2.0], [5, 7, 1.0], [7, 8, 1.0], [8, 20, 1.0], [8, 21, 1.0], [8, 22, 1.0]], "fix_com": true, "fix_orientation": true, "provenance": {"creator": "QCElemental", "version": "v0.22.0", "routine": "qcelemental.molparse.from_schema"}, "id": "163227"}, "charge": 0, "optimize_geometry": false, "conformers": [], "conformer_generation_options": {"n_conformer_pool": 4000, "n_max_conformers": 0, "rms_tolerance": 0.05, "energy_window": 15, "keep_original_conformer": true}, "stage_1_unrestrained_charges": null, "stage_1_restrained_charges": null, "stage_2_unrestrained_charges": null, "stage_2_restrained_charges": null, "keep_original_orientation": false, "reorientations": [], "translations": [], "rotations": []}}, {"index": 8, "molecule": {"qcmol": {"schema_name": "qcschema_molecule", "schema_version": 2, "validated": true, "symbols": ["C", "C", "C", "C", "C", "C", "O", "O", "C", "H", "H", "H", "H", "H", "H", "H", "H", "H", "H", "H", "H", "H", "H"], "geometry": [[0.0, 0.0, 0.0], [2.890774558665636, -2.2469464784662825e-16, -7.68415122652562e-16], [4.094237549110723, 2.6348558581484083, 1.1102230246251565e-16], [3.6174534601439277, 4.166054500838433, -2.407091137995234], [4.988608107495329, 6.723863279169256, -2.349927294018968], [4.475114894153166, 8.264097832733707, -4.691629861818154], [3.2021773397438147, 10.114302921636224, -4.766400954860849], [5.59683675420128, 7.2903211640102175, -6.713275665285793], [5.207539481792054, 8.549713567893498, -9.041697519016745], [-0.7376154559686277, 1.0653111783045532, 1.5929736132814807], [-0.7700308622773108, 0.8226148381607798, -1.7127672355101073], [-0.7256193224134968, -1.913535191603137, 0.14097726027281932], [3.550256395827552, -1.0105702433133255, 1.6623995143256187], [3.576041161497872, -1.0593743108032057, -1.623361022627159], [3.4127480889251984, 3.6923512798743885, 1.6275325441185418], [6.123673617522272, 2.4271032260657517, 0.25610823721171877], [4.248011244846358, 3.0975115768492207, -4.041360747266622], [1.6070253810554185, 4.499394009921007, -2.6482727575154814], [4.373783733629729, 7.834108488531827, -0.745954772465276], [7.011576990455461, 6.423013281440352, -2.199277026311264], [6.252112496873065, 7.486457140477029, -10.432777489658694], [5.904712301069448, 10.466352898204757, -8.945492873187042], [3.2222946241167136, 8.58080595791108, -9.518183850466679]], "name": "C7H14O2", "identifiers": {"molecule_hash": "fb9b31729ad49c67e90ece9d71bd28faeeae217c", "molecular_formula": "C7H14O2"}, "molecular_charge": 0.0, "molecular_multiplicity": 1, "connectivity": [[0, 1, 1.0], [0, 9, 1.0], [0, 10, 1.0], [0, 11, 1.0], [1, 2, 1.0], [1, 12, 1.0], [1, 13, 1.0], [2, 3, 1.0], [2, 14, 1.0], [2, 15, 1.0], [3, 4, 1.0], [3, 16, 1.0], [3, 17, 1.0], [4, 5, 1.0], [4, 18, 1.0], [4, 19, 1.0], [5, 6, 2.0], [5, 7, 1.0], [7, 8, 1.0], [8, 20, 1.0], [8, 21, 1.0], [8, 22, 1.0]], "fix_com": true, "fix_orientation": true, "provenance": {"creator": "QCElemental", "version": "v0.22.0", "routine": "qcelemental.molparse.from_schema"}, "id": "163227"}, "charge": 0, "optimize_geometry": false, "conformers": [], "conformer_generation_options": {"n_conformer_pool": 4000, "n_max_conformers": 0, "rms_tolerance": 0.05, "energy_window": 15, "keep_original_conformer": true}, "stage_1_unrestrained_charges": null, "stage_1_restrained_charges": null, "stage_2_unrestrained_charges": null, "stage_2_restrained_charges": null, "keep_original_orientation": false, "reorientations": [], "translations": [], "rotations": []}}]}, "surface_constraints": {"matrix": [[4763.567723355542, 4642.44522255974, 4490.667550361068, 4294.734984446848, 4085.958871400856, 3901.7503430581755, 3815.023300773984, 3793.4977771708222, 3535.741361016296, 4788.85126951945, 4788.305710771222, 4775.835223625826, 4628.997595709781, 4627.096607033646, 4503.411301365938, 4483.476385842937, 4330.342046864362, 4246.626960027694, 4040.9104134301906, 4072.0637924396115, 3485.549941240646, 3443.55444400021, 3471.4942224180645], [4642.44522255974, 4756.87648200867, 4655.337472941874, 4501.118317733373, 4301.416060461414, 4125.338870509262, 4047.840115381987, 4006.74191239021, 3735.3649816336538, 4605.813874485479, 4602.860804305311, 4591.590270082459, 4816.718460896574, 4813.138071271393, 4655.931646055088, 4657.162110773064, 4537.842859929176, 4471.6246365726265, 4256.952539018821, 4284.132357988225, 3675.174202673743, 3638.730445655237, 3673.662192557667], [4490.667550361068, 4655.337472941874, 4774.83255617246, 4666.347581479671, 4517.885152258683, 4345.647124961062, 4255.143629046981, 4233.592300219855, 3942.7426479516653, 4416.1220047424995, 4464.129705791816, 4434.522220198349, 4649.248647848059, 4645.036678610055, 4844.127302304437, 4846.183310137058, 4661.902107301864, 4666.383955100204, 4478.271506294315, 4526.045808946072, 3873.8009887116364, 3838.0016615408686, 3881.591556679669], [4294.734984446848, 4501.118317733373, 4666.347581479671, 4776.951540526766, 4671.918430311868, 4514.584663295492, 4417.202925866643, 4418.804988681383, 4116.978945316661, 4185.199257732342, 4266.849986205896, 4248.610549549644, 4491.908900297253, 4501.9519424475775, 4667.292581378551, 4669.178350766013, 4843.581059944436, 4845.824766254002, 4663.747860177246, 4667.11489620082, 4014.555365269801, 4023.36202402385, 4067.899476918099], [4085.958871400856, 4301.416060461414, 4517.885152258683, 4671.918430311868, 4785.15446789899, 4670.321623236722, 4589.3376934386415, 4569.785651531339, 4278.820771511034, 3981.9550349306437, 4044.666663921716, 4042.624996419248, 4281.9446267557505, 4288.691031214685, 4524.612926391526, 4530.540987866217, 4672.226898135047, 4672.913503527906, 4848.99380977771, 4854.034588654442, 4186.549882275102, 4189.944045376169, 4221.037480339087], [3901.7503430581755, 4125.338870509262, 4345.647124961062, 4514.584663295492, 4670.321623236722, 4755.73953108486, 4771.068843672193, 4701.06090129159, 4535.641232148533, 3816.133858884953, 3855.4356713642233, 3841.737932815095, 4113.416142797294, 4113.194431102686, 4362.799342162545, 4345.176121552894, 4525.923715578924, 4493.803133962054, 4676.4278323175395, 4678.942985677608, 4464.571917368576, 4472.048245085751, 4519.064104990711], [3815.023300773984, 4047.840115381987, 4255.143629046981, 4417.202925866643, 4589.3376934386415, 4771.068843672193, 4957.364862022723, 4615.23484974024, 4533.489009147012, 3736.317337732705, 3760.0631185751595, 3750.9875539429645, 4041.4402634304756, 4048.9938711139594, 4289.789587685252, 4232.611225334394, 4413.731434192078, 4396.3596018455055, 4582.187859516565, 4555.396399305391, 4460.090037531412, 4480.290471572604, 4572.411060393854], [3793.4977771708222, 4006.74191239021, 4233.592300219855, 4418.804988681383, 4569.785651531339, 4701.06090129159, 4615.23484974024, 4835.153511041807, 4703.863414666829, 3718.0898754023297, 3756.2229259654796, 3723.269960768058, 3995.759167729539, 3982.9231674639154, 4232.361743808319, 4246.434083825952, 4460.399738439984, 4388.418854485624, 4540.076059288649, 4578.610834831779, 4668.561217455869, 4659.705119268975, 4653.645293278285], [3535.741361016296, 3735.3649816336538, 3942.7426479516653, 4116.978945316661, 4278.820771511034, 4535.641232148533, 4533.489009147012, 4703.863414666829, 4784.691236641343, 3480.468015379231, 3495.7966040855003, 3461.021859214286, 3731.510389078104, 3712.054312649309, 3949.3348482967826, 3946.8728868919193, 4153.042722761721, 4076.9815770272185, 4217.809275841247, 4245.690819679552, 4801.695024260558, 4793.258114189526, 4794.797252451469], [4788.85126951945, 4605.813874485479, 4416.1220047424995, 4185.199257732342, 3981.9550349306437, 3816.133858884953, 3736.317337732705, 3718.0898754023297, 3480.468015379231, 5006.949291761557, 4743.007050202898, 4732.909267001926, 4592.308604144193, 4573.662588067088, 4437.425743563029, 4404.745895452625, 4203.91074755266, 4123.925212335666, 3926.335028792938, 3969.1274349647592, 3441.6227179402986, 3398.883368907749, 3408.6611371008325], [4788.305710771222, 4602.860804305311, 4464.129705791816, 4266.849986205896, 4044.666663921716, 3855.4356713642233, 3760.0631185751595, 3756.2229259654796, 3495.7966040855003, 4743.007050202898, 5007.474796716917, 4734.622831743863, 4558.554032394543, 4556.36264867236, 4480.603258477919, 4463.7746147988255, 4324.434651089829, 4208.711085015376, 3993.5202392247334, 4030.3984917880707, 3434.581404947351, 3402.8440698145096, 3441.952071044806], [4775.835223625826, 4591.590270082459, 4434.522220198349, 4248.610549549644, 4042.624996419248, 3841.737932815095, 3750.9875539429645, 3723.269960768058, 3461.021859214286, 4732.909267001926, 4734.622831743863, 4978.204713923347, 4547.172911614451, 4563.486468222367, 4444.154228576872, 4419.3351831563195, 4281.489297738475, 4210.7195136993005, 4013.785636063574, 4029.8756697086837, 3417.2644786890633, 3364.3309673542412, 3392.903400439931], [4628.997595709781, 4816.718460896574, 4649.248647848059, 4491.908900297253, 4281.9446267557505, 4113.416142797294, 4041.4402634304756, 3995.759167729539, 3731.510389078104, 4592.308604144193, 4558.554032394543, 4547.172911614451, 5062.997822585438, 4803.57462246655, 4618.7990781518265, 4629.457123413216, 4549.114739101375, 4448.738527418679, 4247.4340911582585, 4241.298803748133, 3667.709310078458, 3636.038933431903, 3676.445166153556], [4627.096607033646, 4813.138071271393, 4645.036678610055, 4501.9519424475775, 4288.691031214685, 4113.194431102686, 4048.9938711139594, 3982.9231674639154, 3712.054312649309, 4573.662588067088, 4556.36264867236, 4563.486468222367, 4803.57462246655, 5054.7806564893845, 4608.756352627857, 4618.014752260356, 4548.392648608802, 4481.930705876473, 4233.370003256098, 4274.420451225701, 3654.8574251796804, 3617.6216244687007, 3646.890847812209], [4503.411301365938, 4655.931646055088, 4844.127302304437, 4667.292581378551, 4524.612926391526, 4362.799342162545, 4289.789587685252, 4232.361743808319, 3949.3348482967826, 4437.425743563029, 4480.603258477919, 4444.154228576872, 4618.7990781518265, 4608.756352627857, 5094.760099612261, 4849.820097197562, 4616.099275866604, 4652.792479138, 4472.777422547402, 4539.727721646864, 3895.39743182031, 3836.745321831446, 3886.169494697897], [4483.476385842937, 4657.162110773064, 4846.183310137058, 4669.178350766013, 4530.540987866217, 4345.176121552894, 4232.611225334394, 4246.434083825952, 3946.8728868919193, 4404.745895452625, 4463.7746147988255, 4419.3351831563195, 4629.457123413216, 4618.014752260356, 4849.820097197562, 5099.3224652643175, 4616.410207571622, 4651.735369466332, 4485.38963689306, 4561.643267131738, 3884.3782711257336, 3834.786168961909, 3881.012429104444], [4330.342046864362, 4537.842859929176, 4661.902107301864, 4843.581059944436, 4672.226898135047, 4525.923715578924, 4413.731434192078, 4460.399738439984, 4153.042722761721, 4203.91074755266, 4324.434651089829, 4281.489297738475, 4549.114739101375, 4548.392648608802, 4616.099275866604, 4616.410207571622, 5090.803861474234, 4847.463280359415, 4634.024935977182, 4631.71198317943, 4028.4741867663233, 4070.0355381310355, 4110.215250516798], [4246.626960027694, 4471.6246365726265, 4666.383955100204, 4845.824766254002, 4672.913503527906, 4493.803133962054, 4396.3596018455055, 4388.418854485624, 4076.9815770272185, 4123.925212335666, 4208.711085015376, 4210.7195136993005, 4448.738527418679, 4481.930705876473, 4652.792479138, 4651.735369466332, 4847.463280359415, 5091.976879056732, 4662.865257044726, 4630.788272624349, 3962.2820332444417, 3979.7503718185208, 4037.210396689706], [4040.9104134301906, 4256.952539018821, 4478.271506294315, 4663.747860177246, 4848.99380977771, 4676.4278323175395, 4582.187859516565, 4540.076059288649, 4217.809275841247, 3926.335028792938, 3993.5202392247334, 4013.785636063574, 4247.4340911582585, 4233.370003256098, 4472.777422547402, 4485.38963689306, 4634.024935977182, 4662.865257044726, 5092.426794208975, 4847.470175845772, 4123.006620619787, 4132.646963355041, 4137.38552594998], [4072.0637924396115, 4284.132357988225, 4526.045808946072, 4667.11489620082, 4854.034588654442, 4678.942985677608, 4555.396399305391, 4578.610834831779, 4245.690819679552, 3969.1274349647592, 4030.3984917880707, 4029.8756697086837, 4241.298803748133, 4274.420451225701, 4539.727721646864, 4561.643267131738, 4631.71198317943, 4630.788272624349, 4847.470175845772, 5106.710482604057, 4152.079692350072, 4141.838716867799, 4175.869294715892], [3485.549941240646, 3675.174202673743, 3873.8009887116364, 4014.555365269801, 4186.549882275102, 4464.571917368576, 4460.090037531412, 4668.561217455869, 4801.695024260558, 3441.6227179402986, 3434.581404947351, 3417.2644786890633, 3667.709310078458, 3654.8574251796804, 3895.39743182031, 3884.3782711257336, 4028.4741867663233, 3962.2820332444417, 4123.006620619787, 4152.079692350072, 5010.226847708144, 4735.707481029509, 4739.6975596803595], [3443.55444400021, 3638.730445655237, 3838.0016615408686, 4023.36202402385, 4189.944045376169, 4472.048245085751, 4480.290471572604, 4659.705119268975, 4793.258114189526, 3398.883368907749, 3402.8440698145096, 3364.3309673542412, 3636.038933431903, 3617.6216244687007, 3836.745321831446, 3834.786168961909, 4070.0355381310355, 3979.7503718185208, 4132.646963355041, 4141.838716867799, 4735.707481029509, 4993.670868460182, 4731.232091164321], [3471.4942224180645, 3673.662192557667, 3881.591556679669, 4067.899476918099, 4221.037480339087, 4519.064104990711, 4572.411060393854, 4653.645293278285, 4794.797252451469, 3408.6611371008325, 3441.952071044806, 3392.903400439931, 3676.445166153556, 3646.890847812209, 3886.169494697897, 3881.012429104444, 4110.215250516798, 4037.210396689706, 4137.38552594998, 4175.869294715892, 4739.6975596803595, 4731.232091164321, 5001.053287621997], [6.842524459297222, -0.4585576303118598, -1.8985898578043845, -6.500629743321968, -19.784517193681904, -56.84426843997496, -121.39530604836716, -16.76497652981857, -13.003714896751578, 6.34379232048735, 10.240263589715214, 9.77764561017094, -1.554936500413002, -5.086788578562047, -7.94239019747915, 7.564989918581992, -3.3388328348933904, -5.5937757885834705, -14.259788104948738, -5.466987959611531, -2.0124400237225784, -6.1893139991784425, -24.06229758134265]]}}