{"Bond": [[0.0, 0.01857566850367935, 0.016601494194436017, 0.01874929496502624, 0.014407843312799444, 0.031555327969451874, 0.022363369950902157, 0.03133885925766771, 0.03714476947228225, 0.03356914955335315, 0.02814979991919383, 0.08074348558822805, 0.02332341969724235, 0.03892306646863222, 0.022707783956007265, 0.19163102513099822, 0.04208928559968729, 0.16014609031362195, 0.046200386236992186, 0.07197214585580677, 0.015083033916736726, 0.014898687514812934, 0.014898687514205125, 0.015446748116651846, 0.0148986875137055, 0.01523979083177954, 0.015418280980634726, 0.015094201210716127, 0.014900687312258435, 0.014898680829115659, 0.015418280982046157, 0.015092245650106278, 0.015083076817148539, 0.01525859711555916, 0.015443427187325779, 0.015418280981843937, 0.014893637231819978, 0.01523990072824045, 0.01541829065250434, 0.014898687513994808], [0.01857566850367935, 0.0, 0.01683097100932428, 0.019098035512997404, 0.017503620231688395, 0.02867292839825987, 0.015606175290482908, 0.0221981496548257, 0.03936420278859391, 0.02916217174059439, 0.024776189636991224, 0.08502300345097975, 0.020642550451172085, 0.032652499556461205, 0.023377203218031863, 0.18177980593703297, 0.027862287981794732, 0.15906029447531217, 0.0473287619287441, 0.06647273220178553, 0.02016122036991244, 0.019810559936245066, 0.019810559936232493, 0.020895476624817284, 0.019810559936222157, 0.02051132930454541, 0.020834676517403727, 0.020167505967611132, 0.01981368224394165, 0.0198104811444606, 0.020834676517436392, 0.020164258560156096, 0.02016129340574102, 0.02055118399896457, 0.02089000949110012, 0.020834676517431712, 0.019809939041026844, 0.020511369544101512, 0.020834675798412562, 0.019810559936228146], [0.016601494194436017, 0.01683097100932428, 0.0, 0.020795724207685433, 0.011322963298994048, 0.024991923929206024, 0.01891445041216483, 0.023642682020779352, 0.030564353557062607, 0.033166826734258976, 0.021937240180092674, 0.07958824932782531, 0.02900624475794458, 0.03768083156095668, 0.029345332855203358, 0.17750107845138607, 0.038348227880097605, 0.1566004575397614, 0.040566599842174096, 0.07704466453809757, 0.018363866946206647, 0.018482844026137604, 0.018482844026304183, 0.01895795094612106, 0.01848284402644111, 0.01903546120252884, 0.01876990009629886, 0.01822864475174424, 0.018486052316671518, 0.01848275320023098, 0.01876990009591069, 0.018225236645437893, 0.01836389271477788, 0.0191605869258323, 0.018950858124685426, 0.018769900095966307, 0.018580081123411776, 0.01903562982090833, 0.01876999340820224, 0.01848284402636182], [0.01874929496502624, 0.019098035512997404, 0.020795724207685433, 0.0, 0.020708405625866722, 0.026918716250135647, 0.023322098590207743, 0.02410338931018067, 0.03460433668002136, 0.03494735974193864, 0.02812630103489597, 0.0748344034241303, 0.018588615864919555, 0.03223071820562852, 0.028559646689615244, 0.17827078030698826, 0.035889897728851344, 0.15097938109082448, 0.0400048047257674, 0.07221615335852186, 0.021773952753447685, 0.021152349556335694, 0.021152349555896472, 0.02217728113798563, 0.02115234955553543, 0.02153966868565483, 0.02220880408443434, 0.021847277652303012, 0.021155237644974022, 0.021152280852392544, 0.022208804085439543, 0.021844398028766625, 0.02177404225836832, 0.021515402147919246, 0.02217384399224694, 0.022208804085295523, 0.021102971244681315, 0.021539813833249957, 0.02220887512806735, 0.021152349555744493], [0.014407843312799444, 0.017503620231688395, 0.011322963298994048, 0.020708405625866722, 0.0, 0.023217845324020464, 0.021926445754629074, 0.025222158924269232, 0.03551124407736989, 0.029513268330018907, 0.02038092378005992, 0.081704065916081, 0.027945894729164214, 0.03765667596369807, 0.027111133915908137, 0.1874198366762003, 0.03813451548819804, 0.1599015247060091, 0.04349399211694933, 0.07413839320471728, 0.01798559574750123, 0.01767414641890557, 0.017674146418530073, 0.018588668594947823, 0.01767414641822141, 0.018248220335763902, 0.01839823692156458, 0.01784875808100206, 0.01767749480097059, 0.017674077017460488, 0.018398236922432674, 0.01784534006808922, 0.017985621169561, 0.01837779584101915, 0.01858153247507307, 0.018398236922308298, 0.01777490369003514, 0.01824834421744737, 0.018398273320904625, 0.01767414641840014], [0.031555327969451874, 0.02867292839825987, 0.024991923929206024, 0.026918716250135647, 0.023217845324020464, 0.0, 0.029548587731299238, 0.018363084874637683, 0.04191124616498884, 0.03755556278503976, 0.024629388187779683, 0.07764442432044866, 0.03740176320563917, 0.03016643103375065, 0.03443801701443528, 0.17599631852782688, 0.03970357147626049, 0.15577274279278883, 0.042155736009004297, 0.07580406281265384, 0.035718364509483735, 0.03514054312975522, 0.03514054312998775, 0.036142637117933814, 0.03514054313017891, 0.03554494486608211, 0.036003616877025996, 0.03561911222281351, 0.035144336712209616, 0.0351404593447304, 0.03600361687648501, 0.035615255506704, 0.0357184127375732, 0.035638782749675635, 0.036136083820519214, 0.03600361687656252, 0.035215027120088005, 0.03554511495414133, 0.03600368912137812, 0.03514054313006822], [0.022363369950902157, 0.015606175290482908, 0.01891445041216483, 0.023322098590207743, 0.021926445754629074, 0.029548587731299238, 0.0, 0.020738869115501345, 0.04402876011199476, 0.0354241181135931, 0.02205396091984847, 0.08268495288049404, 0.023874679910067583, 0.03420128887285197, 0.02163159781156486, 0.17778682919337938, 0.03260222241062464, 0.16276636913534911, 0.04746327382518704, 0.06358479249447635, 0.022859627454854464, 0.02289164544435741, 0.022891645444219073, 0.023541941293820097, 0.02289164544410536, 0.02353110171383643, 0.023476633277987758, 0.02285634247221115, 0.022894581524675023, 0.022891586073785792, 0.023476633278314254, 0.022853227080171123, 0.02285967339013961, 0.023573461904951805, 0.02353664419606231, 0.023476633278267475, 0.02289746364498589, 0.02353119858080141, 0.02347663597413931, 0.022891645444171205], [0.03133885925766771, 0.0221981496548257, 0.023642682020779352, 0.02410338931018067, 0.025222158924269232, 0.018363084874637683, 0.020738869115501345, 0.0, 0.044541669059012405, 0.035287171951853304, 0.025229403955820556, 0.08069671340033999, 0.03348570311451724, 0.029080982818365388, 0.03298590922208287, 0.17132114106159405, 0.030376828834828652, 0.15568702804437567, 0.04643244170461301, 0.06916441551336558, 0.034102817376556745, 0.03371112586112252, 0.033711125860829756, 0.0347348253554604, 0.0337111258605891, 0.03431198695566548, 0.03460005312599733, 0.03402437573068902, 0.033715318090082116, 0.03371102215024584, 0.03460005312668261, 0.03402003337835981, 0.0341028850809398, 0.03440189332775648, 0.034727526300580694, 0.03460005312658442, 0.03377107284927497, 0.034312120961771296, 0.034600107503898477, 0.033711125860728455], [0.03714476947228225, 0.03936420278859391, 0.030564353557062607, 0.03460433668002136, 0.03551124407736989, 0.04191124616498884, 0.04402876011199476, 0.044541669059012405, 0.0, 0.049496934609058886, 0.043534843674864245, 0.07092407890499307, 0.04339538053100749, 0.052904248225773096, 0.050955331831276124, 0.17724765012461072, 0.057933469950637424, 0.14094464686582153, 0.03335539611804216, 0.10037363824339653, 0.03507974435408895, 0.035385289469764804, 0.035385289469983525, 0.03511591575237803, 0.03538528947016332, 0.03541649307734978, 0.035088610550163386, 0.03505965477979806, 0.035385972876021576, 0.03538523156986828, 0.03508861054963778, 0.03505894510381785, 0.03507976552332811, 0.03543484845620017, 0.03511453913975506, 0.03508861054971308, 0.035400260881570896, 0.03541666147119863, 0.035088768641142985, 0.03538528947005921], [0.03356914955335315, 0.02916217174059439, 0.033166826734258976, 0.03494735974193864, 0.029513268330018907, 0.03755556278503976, 0.0354241181135931, 0.035287171951853304, 0.049496934609058886, 0.0, 0.03780535349115354, 0.10166227778451002, 0.03251960101039145, 0.03594842281405697, 0.03692013799428832, 0.1888667110771877, 0.031192833161947212, 0.15317217098107744, 0.06378796047560534, 0.0724776506741765, 0.03126396701045349, 0.03078053009833801, 0.030780530098290806, 0.031704163249312356, 0.030780530098252004, 0.031199474836226117, 0.03153964239425138, 0.03113846745641054, 0.03078215106417471, 0.03078049700808372, 0.031539642394364326, 0.03113689164091328, 0.03126401610970565, 0.0313123187518259, 0.031699518175911, 0.031539642394348144, 0.030871404929211806, 0.03119935702604625, 0.03153958341243756, 0.030780530098274476], [0.02814979991919383, 0.024776189636991224, 0.021937240180092674, 0.02812630103489597, 0.02038092378005992, 0.024629388187779683, 0.02205396091984847, 0.025229403955820556, 0.043534843674864245, 0.03780535349115354, 0.0, 0.07995397902985224, 0.03263702814184322, 0.04174308268741353, 0.029696665569818835, 0.17502147393395842, 0.03987548040693977, 0.16747930018953097, 0.039202303200981635, 0.0695862937619875, 0.029116728134014714, 0.02872693994325, 0.028726939943497128, 0.029679408516087764, 0.028726939943700267, 0.029262105160000513, 0.029541475207028038, 0.029027192760984515, 0.028728173595954424, 0.028726899512532388, 0.029541475206455624, 0.029025842466236695, 0.02911668340762791, 0.02935658540813416, 0.029675115087487245, 0.02954147520653764, 0.0287918423183672, 0.029262248922450305, 0.029541505330089184, 0.02872693994358264], [0.08074348558822805, 0.08502300345097975, 0.07958824932782531, 0.0748344034241303, 0.081704065916081, 0.07764442432044866, 0.08268495288049404, 0.08069671340033999, 0.07092407890499307, 0.10166227778451002, 0.07995397902985224, 0.0, 0.08427756224191041, 0.08952010907755008, 0.08574164493509333, 0.17198110772834457, 0.10429625845463625, 0.15543602615754396, 0.06227115932822874, 0.11412013112392093, 0.08577762267279955, 0.08583529821152165, 0.08583529821135358, 0.08616783712504068, 0.08583529821121544, 0.08620244597196655, 0.08617287328211616, 0.08581725595073926, 0.08583758160306018, 0.08583525885436899, 0.08617287328251787, 0.08581495050712878, 0.08577768375256334, 0.08619711964051117, 0.08616473919708617, 0.0861728732824603, 0.08580993251455503, 0.08620270573673268, 0.08617299584905104, 0.08583529821129543], [0.02332341969724235, 0.020642550451172085, 0.02900624475794458, 0.018588615864919555, 0.027945894729164214, 0.03740176320563917, 0.023874679910067583, 0.03348570311451724, 0.04339538053100749, 0.03251960101039145, 0.03263702814184322, 0.08427756224191041, 0.0, 0.0342425018427596, 0.024368087732862472, 0.18938593709730273, 0.03356006322409661, 0.15553548909007164, 0.05032717055361407, 0.06472227240810755, 0.02261246631707344, 0.022137724229813537, 0.02213772422978573, 0.02303269097584487, 0.022137724229762873, 0.022538482864858385, 0.02316702795973807, 0.02278948895135079, 0.022138439986988202, 0.022137721946320226, 0.02316702795980532, 0.02278879838377294, 0.022612553981840623, 0.02244330707022025, 0.02303277013716446, 0.023167027959795687, 0.022011826859543376, 0.0225384550882034, 0.02316698737351268, 0.02213772422977611], [0.03892306646863222, 0.032652499556461205, 0.03768083156095668, 0.03223071820562852, 0.03765667596369807, 0.03016643103375065, 0.03420128887285197, 0.029080982818365388, 0.052904248225773096, 0.03594842281405697, 0.04174308268741353, 0.08952010907755008, 0.0342425018427596, 0.0, 0.033537130716182854, 0.1811818333718307, 0.033953795527546383, 0.1450858810025715, 0.061353669972498755, 0.06746274375729545, 0.04007922671956738, 0.039457724950347085, 0.03945772495077986, 0.040634748364135366, 0.0394577249511356, 0.03998804278835738, 0.04059205969945084, 0.04008701665716877, 0.03946116563518127, 0.039457662598524054, 0.04059205969844588, 0.04008360296333766, 0.040079353625337356, 0.040014954422620014, 0.040629654494488424, 0.040592059698589866, 0.039455968300471045, 0.03998808425759401, 0.04059207132723525, 0.03945772495092961], [0.022707783956007265, 0.023377203218031863, 0.029345332855203358, 0.028559646689615244, 0.027111133915908137, 0.03443801701443528, 0.02163159781156486, 0.03298590922208287, 0.050955331831276124, 0.03692013799428832, 0.029696665569818835, 0.08574164493509333, 0.024368087732862472, 0.033537130716182854, 0.0, 0.1875199100580051, 0.03920888943045104, 0.16541620698268836, 0.054362793267012835, 0.058587760224904833, 0.027384770227730518, 0.027025345911081442, 0.02702534591100015, 0.028072982740090603, 0.02702534591093333, 0.027680312565025043, 0.028114399557485018, 0.027487716958758134, 0.027025810870643947, 0.027025349617121896, 0.028114399557675075, 0.027487226973255376, 0.027384807487268785, 0.027650730419708305, 0.028071629404502297, 0.028114399557647846, 0.026953101098426527, 0.027680359659924134, 0.02811435974955998, 0.027025345910972023], [0.19163102513099822, 0.18177980593703297, 0.17750107845138607, 0.17827078030698826, 0.1874198366762003, 0.17599631852782688, 0.17778682919337938, 0.17132114106159405, 0.17724765012461072, 0.1888667110771877, 0.17502147393395842, 0.17198110772834457, 0.18938593709730273, 0.1811818333718307, 0.1875199100580051, 0.0, 0.18150084535422265, 0.22444478159899411, 0.16694833247645569, 0.20466798258571536, 0.18736324974298565, 0.18736854052289725, 0.18736854052362747, 0.1868181476053908, 0.1873685405242277, 0.1868553405097911, 0.18678775063748437, 0.18729087120539709, 0.1873714498194613, 0.18736852346306818, 0.18678775063573133, 0.18728788715001354, 0.18736326067236342, 0.18687494323443798, 0.18681579586430697, 0.1867877506359825, 0.1874221423879071, 0.1868554707610744, 0.18678783485753436, 0.18736854052388013], [0.04208928559968729, 0.027862287981794732, 0.038348227880097605, 0.035889897728851344, 0.03813451548819804, 0.03970357147626049, 0.03260222241062464, 0.030376828834828652, 0.057933469950637424, 0.031192833161947212, 0.03987548040693977, 0.10429625845463625, 0.03356006322409661, 0.033953795527546383, 0.03920888943045104, 0.18150084535422265, 0.0, 0.15696547945250156, 0.06384751502794304, 0.06447281574315378, 0.039679022291703905, 0.03914164032004351, 0.03914164032028825, 0.04023574485043953, 0.039141640320489425, 0.0396719559238089, 0.04020008733851766, 0.03969283074561372, 0.03914360134227152, 0.039141562594231016, 0.04020008733794932, 0.039690701988405505, 0.039679079912341784, 0.039694831019483484, 0.04023211304988476, 0.04020008733803075, 0.03913426590308786, 0.03967188323785386, 0.040200052286791695, 0.039141640320372935], [0.16014609031362195, 0.15906029447531217, 0.1566004575397614, 0.15097938109082448, 0.1599015247060091, 0.15577274279278883, 0.16276636913534911, 0.15568702804437567, 0.14094464686582153, 0.15317217098107744, 0.16747930018953097, 0.15543602615754396, 0.15553548909007164, 0.1450858810025715, 0.16541620698268836, 0.22444478159899411, 0.15696547945250156, 0.0, 0.15740704392452476, 0.19457284980482917, 0.1573040761267711, 0.15717095493501898, 0.15717095493494365, 0.15785582715851712, 0.15717095493488176, 0.15769203407509502, 0.1578328367786878, 0.15732530869511555, 0.15717105687835084, 0.1571708844401451, 0.1578328367788679, 0.15732520189769741, 0.15730416547761386, 0.15770699928920498, 0.1578542954333237, 0.15783283677884208, 0.15715628434650322, 0.15769208558365366, 0.15783295904801709, 0.15717095493491762], [0.046200386236992186, 0.0473287619287441, 0.040566599842174096, 0.0400048047257674, 0.04349399211694933, 0.042155736009004297, 0.04746327382518704, 0.04643244170461301, 0.03335539611804216, 0.06378796047560534, 0.039202303200981635, 0.06227115932822874, 0.05032717055361407, 0.061353669972498755, 0.054362793267012835, 0.16694833247645569, 0.06384751502794304, 0.15740704392452476, 0.0, 0.09940194197883866, 0.046494337067183034, 0.04643515849212527, 0.046435158492286174, 0.04633757135605826, 0.04643515849241844, 0.046284921350200875, 0.04638627504509283, 0.04653323002920561, 0.04643506827792947, 0.04643512174663718, 0.04638627504470906, 0.0465332201038022, 0.046494283542345645, 0.04625199272112141, 0.04633833370468707, 0.04638627504476405, 0.04640809162856131, 0.046285155093565164, 0.04638641229115804, 0.04643515849234185], [0.07197214585580677, 0.06647273220178553, 0.07704466453809757, 0.07221615335852186, 0.07413839320471728, 0.07580406281265384, 0.06358479249447635, 0.06916441551336558, 0.10037363824339653, 0.0724776506741765, 0.0695862937619875, 0.11412013112392093, 0.06472227240810755, 0.06746274375729545, 0.058587760224904833, 0.20466798258571536, 0.06447281574315378, 0.19457284980482917, 0.09940194197883866, 0.0, 0.07602346736004188, 0.07546075010246985, 0.07546075010245887, 0.07668445228750197, 0.07546075010244985, 0.07608807387716432, 0.0766589775770822, 0.07605428570273398, 0.07546277514175811, 0.07546075091274768, 0.07665897757710918, 0.07605222505948979, 0.07602352985416912, 0.07610361113921078, 0.07668084832233106, 0.07665897757710531, 0.07544121441804393, 0.07608804508930819, 0.07665888488510975, 0.07546075010245507], [0.015083033916736726, 0.02016122036991244, 0.018363866946206647, 0.021773952753447685, 0.01798559574750123, 0.035718364509483735, 0.022859627454854464, 0.034102817376556745, 0.03507974435408895, 0.03126396701045349, 0.029116728134014714, 0.08577762267279955, 0.02261246631707344, 0.04007922671956738, 0.027384770227730518, 0.18736324974298565, 0.039679022291703905, 0.1573040761267711, 0.046494337067183034, 0.07602346736004188, 0.0, 0.0014768158670422711, 0.0014768158670661357, 0.001964559180661741, 0.0014768158670857524, 0.0023711746873116175, 0.0018463227289877279, 0.0003636171802167939, 0.0014763523307750727, 0.0014768216509242643, 0.0018463227289877277, 0.000366254298622688, 2.1381464091229732e-07, 0.002439689359439087, 0.0019588975455105476, 0.0018463227289877277, 0.0014542978635676209, 0.00237122348166594, 0.0018463772785686494, 0.0014768158670743934], [0.014898687514812934, 0.019810559936245066, 0.018482844026137604, 0.021152349556335694, 0.01767414641890557, 0.03514054312975522, 0.02289164544435741, 0.03371112586112252, 0.035385289469764804, 0.03078053009833801, 0.02872693994325, 0.08583529821152165, 0.022137724229813537, 0.039457724950347085, 0.027025345911081442, 0.18736854052289725, 0.03914164032004351, 0.15717095493501898, 0.04643515849212527, 0.07546075010246985, 0.0014768158670422711, 0.0, 2.966794373513572e-12, 0.0024576789376390936, 5.405514316756501e-12, 0.001855048243527914, 0.002324102494344785, 0.0014582287313857048, 7.133724466465872e-06, 1.5445566935641887e-07, 0.0023241024943810853, 0.0014584045256516276, 0.0014768113831130191, 0.001974570182819067, 0.0024523640022474837, 0.0023241024943758846, 0.00025681239686946734, 0.0018551156042687501, 0.002324149507027955, 3.993373159416313e-12], [0.014898687514205125, 0.019810559936232493, 0.018482844026304183, 0.021152349555896472, 0.017674146418530073, 0.03514054312998775, 0.022891645444219073, 0.033711125860829756, 0.035385289469983525, 0.030780530098290806, 0.028726939943497128, 0.08583529821135358, 0.02213772422978573, 0.03945772495077986, 0.02702534591100015, 0.18736854052362747, 0.03914164032028825, 0.15717095493494365, 0.046435158492286174, 0.07546075010245887, 0.0014768158670661357, 2.966794373513572e-12, 0.0, 0.0024576789376534337, 2.438719943242929e-12, 0.001855048243527914, 0.002324102494359949, 0.0014582287314098736, 7.1337244664652096e-06, 1.5445566938507593e-07, 0.00232410249439625, 0.0014584045256757934, 0.0014768113831368837, 0.001974570182819067, 0.002452364002261855, 0.002324102494391049, 0.00025681239686946734, 0.0018551156042687501, 0.002324149507043119, 1.0265787859027417e-12], [0.015446748116651846, 0.020895476624817284, 0.01895795094612106, 0.02217728113798563, 0.018588668594947823, 0.036142637117933814, 0.023541941293820097, 0.0347348253554604, 0.03511591575237803, 0.031704163249312356, 0.029679408516087764, 0.08616783712504068, 0.02303269097584487, 0.040634748364135366, 0.028072982740090603, 0.1868181476053908, 0.04023574485043953, 0.15785582715851712, 0.04633757135605826, 0.07668445228750197, 0.001964559180661741, 0.0024576789376390936, 0.0024576789376534337, 0.0, 0.002457678937665221, 0.0014808666649186555, 0.0003976494997495895, 0.001997945913598654, 0.002457491941291036, 0.002457754829058056, 0.0003976494997495895, 0.0019984951834254574, 0.001964486581089867, 0.0014543437968083705, 1.154334124904572e-05, 0.0003976494997495895, 0.0024443670571088903, 0.0014808554911000342, 0.00039759477292650495, 0.002457678937658396], [0.0148986875137055, 0.019810559936222157, 0.01848284402644111, 0.02115234955553543, 0.01767414641822141, 0.03514054313017891, 0.02289164544410536, 0.0337111258605891, 0.03538528947016332, 0.030780530098252004, 0.028726939943700267, 0.08583529821121544, 0.022137724229762873, 0.0394577249511356, 0.02702534591093333, 0.1873685405242277, 0.039141640320489425, 0.15717095493488176, 0.04643515849241844, 0.07546075010244985, 0.0014768158670857524, 5.405514316756501e-12, 2.438719943242929e-12, 0.002457678937665221, 0.0, 0.001855048243527914, 0.0023241024943724143, 0.0014582287314297403, 7.13372446646559e-06, 1.5445566945130633e-07, 0.002324102494408715, 0.0014584045256956577, 0.0014768113831565004, 0.001974570182819067, 0.0024523640022736685, 0.002324102494403514, 0.0002568123968694674, 0.0018551156042687501, 0.002324149507055584, 1.4121411573401872e-12], [0.01523979083177954, 0.02051132930454541, 0.01903546120252884, 0.02153966868565483, 0.018248220335763902, 0.03554494486608211, 0.02353110171383643, 0.03431198695566548, 0.03541649307734978, 0.031199474836226117, 0.029262105160000513, 0.08620244597196655, 0.022538482864858385, 0.03998804278835738, 0.027680312565025043, 0.1868553405097911, 0.0396719559238089, 0.15769203407509502, 0.046284921350200875, 0.07608807387716432, 0.0023711746873116175, 0.001855048243527914, 0.001855048243527914, 0.0014808666649186555, 0.001855048243527914, 0.0, 0.0014591113681367458, 0.0023596581219374585, 0.001855177236344768, 0.001855138842571358, 0.0014591113681945665, 0.0023598202161063354, 0.002371115101700994, 0.00027013624367502794, 0.0014791778937691305, 0.0014591113681862824, 0.0018729300226543143, 3.020409739462511e-07, 0.0014591069538803464, 0.001855048243527914], [0.015418280980634726, 0.020834676517403727, 0.01876990009629886, 0.02220880408443434, 0.01839823692156458, 0.036003616877025996, 0.023476633277987758, 0.03460005312599733, 0.035088610550163386, 0.03153964239425138, 0.029541475207028038, 0.08617287328211616, 0.02316702795973807, 0.04059205969945084, 0.028114399557485018, 0.18678775063748437, 0.04020008733851766, 0.1578328367786878, 0.04638627504509283, 0.0766589775770822, 0.0018463227289877279, 0.002324102494344785, 0.002324102494359949, 0.0003976494997495895, 0.0023241024943724143, 0.0014591113681367458, 0.0, 0.0018096709068710322, 0.0023243251371194255, 0.0023241715560993197, 7.10199921836432e-12, 0.001809724953700709, 0.0018462462068714117, 0.0015053104850673521, 0.00038857939315916436, 6.084474632306654e-12, 0.0023503696424201984, 0.0014591160217444909, 2.133871913369106e-07, 0.002324102494365196], [0.015094201210716127, 0.020167505967611132, 0.01822864475174424, 0.021847277652303012, 0.01784875808100206, 0.03561911222281351, 0.02285634247221115, 0.03402437573068902, 0.03505965477979806, 0.03113846745641054, 0.029027192760984515, 0.08581725595073926, 0.02278948895135079, 0.04008701665716877, 0.027487716958758134, 0.18729087120539709, 0.03969283074561372, 0.15732530869511555, 0.04653323002920561, 0.07605428570273398, 0.0003636171802167939, 0.0014582287313857048, 0.0014582287314098736, 0.001997945913598654, 0.0014582287314297403, 0.0023596581219374585, 0.0018096709068710322, 0.0, 0.0014584057489074292, 0.0014582267183023147, 0.0018096709068710322, 7.180086667015405e-06, 0.00036358703354418237, 0.002465563771155063, 0.001991030674225204, 0.0018096709068710322, 0.0014990423203881166, 0.0023597124449233897, 0.0018097333143337897, 0.0014582287314182365], [0.014900687312258435, 0.01981368224394165, 0.018486052316671518, 0.021155237644974022, 0.01767749480097059, 0.035144336712209616, 0.022894581524675023, 0.033715318090082116, 0.035385972876021576, 0.03078215106417471, 0.028728173595954424, 0.08583758160306018, 0.022138439986988202, 0.03946116563518127, 0.027025810870643947, 0.1873714498194613, 0.03914360134227152, 0.15717105687835084, 0.04643506827792947, 0.07546277514175811, 0.0014763523307750727, 7.133724466465872e-06, 7.1337244664652096e-06, 0.002457491941291036, 7.13372446646559e-06, 0.001855177236344768, 0.0023243251371194255, 0.0014584057489074292, 0.0, 7.203383781050995e-06, 0.0023243251371557233, 0.0014586165897502795, 0.0014763471380244805, 0.001974369659152775, 0.00245220257897576, 0.0023243251371505226, 0.0002541334024652525, 0.0018552443262076907, 0.0023243721579843243, 7.133724466465268e-06], [0.014898680829115659, 0.0198104811444606, 0.01848275320023098, 0.021152280852392544, 0.017674077017460488, 0.0351404593447304, 0.022891586073785792, 0.03371102215024584, 0.03538523156986828, 0.03078049700808372, 0.028726899512532388, 0.08583525885436899, 0.022137721946320226, 0.039457662598524054, 0.027025349617121896, 0.18736852346306818, 0.039141562594231016, 0.1571708844401451, 0.04643512174663718, 0.07546075091274768, 0.0014768216509242643, 1.5445566935641887e-07, 1.5445566938507593e-07, 0.002457754829058056, 1.5445566945130633e-07, 0.001855138842571358, 0.0023241715560993197, 0.0014582267183023147, 7.203383781050995e-06, 0.0, 0.002324171556135619, 0.0014584021475252751, 0.001476817176505918, 0.0019746640314438563, 0.0024524395699815267, 0.0023241715561304185, 0.0002568455970911911, 0.0018552062102959912, 0.0023242185756710025, 1.5445566940826277e-07], [0.015418280982046157, 0.020834676517436392, 0.01876990009591069, 0.022208804085439543, 0.018398236922432674, 0.03600361687648501, 0.023476633278314254, 0.03460005312668261, 0.03508861054963778, 0.031539642394364326, 0.029541475206455624, 0.08617287328251787, 0.02316702795980532, 0.04059205969844588, 0.028114399557675075, 0.18678775063573133, 0.04020008733794932, 0.1578328367788679, 0.04638627504470906, 0.07665897757710918, 0.0018463227289877277, 0.0023241024943810853, 0.00232410249439625, 0.0003976494997495895, 0.002324102494408715, 0.0014591113681945665, 7.10199921836432e-12, 0.0018096709068710322, 0.0023243251371557233, 0.002324171556135619, 0.0, 0.001809724953700709, 0.0018462462068714117, 0.0015053104851233982, 0.0003885793931591642, 1.0175245860576651e-12, 0.0023503696424560933, 0.0014591160218023114, 2.133871911045527e-07, 0.0023241024944014974], [0.015092245650106278, 0.020164258560156096, 0.018225236645437893, 0.021844398028766625, 0.01784534006808922, 0.035615255506704, 0.022853227080171123, 0.03402003337835981, 0.03505894510381785, 0.03113689164091328, 0.029025842466236695, 0.08581495050712878, 0.02278879838377294, 0.04008360296333766, 0.027487226973255376, 0.18728788715001354, 0.039690701988405505, 0.15732520189769741, 0.0465332201038022, 0.07605222505948979, 0.000366254298622688, 0.0014584045256516276, 0.0014584045256757934, 0.0019984951834254574, 0.0014584045256956577, 0.0023598202161063354, 0.001809724953700709, 7.180086667015405e-06, 0.0014586165897502795, 0.0014584021475252751, 0.001809724953700709, 0.0, 0.0003662272192266894, 0.0024659825419297604, 0.0019915491980530943, 0.001809724953700709, 0.0014996841357697037, 0.0023598747592717675, 0.0018097873603739516, 0.0014584045256841552], [0.015083076817148539, 0.02016129340574102, 0.01836389271477788, 0.02177404225836832, 0.017985621169561, 0.0357184127375732, 0.02285967339013961, 0.0341028850809398, 0.03507976552332811, 0.03126401610970565, 0.02911668340762791, 0.08577768375256334, 0.022612553981840623, 0.040079353625337356, 0.027384807487268785, 0.18736326067236342, 0.039679079912341784, 0.15730416547761386, 0.046494283542345645, 0.07602352985416912, 2.1381464091229732e-07, 0.0014768113831130191, 0.0014768113831368837, 0.001964486581089867, 0.0014768113831565004, 0.002371115101700994, 0.0018462462068714117, 0.00036358703354418237, 0.0014763471380244805, 0.001476817176505918, 0.0018462462068714117, 0.0003662272192266894, 0.0, 0.002439631448255631, 0.0019588254172061754, 0.0018462462068714117, 0.001454297872225899, 0.0023711638966996524, 0.0018463007591286496, 0.0014768113831451414], [0.01525859711555916, 0.02055118399896457, 0.0191605869258323, 0.021515402147919246, 0.01837779584101915, 0.035638782749675635, 0.023573461904951805, 0.03440189332775648, 0.03543484845620017, 0.0313123187518259, 0.02935658540813416, 0.08619711964051117, 0.02244330707022025, 0.040014954422620014, 0.027650730419708305, 0.18687494323443798, 0.039694831019483484, 0.15770699928920498, 0.04625199272112141, 0.07610361113921078, 0.002439689359439087, 0.001974570182819067, 0.001974570182819067, 0.0014543437968083705, 0.001974570182819067, 0.00027013624367502794, 0.0015053104850673521, 0.002465563771155063, 0.001974369659152775, 0.0019746640314438563, 0.0015053104851233982, 0.0024659825419297604, 0.002439631448255631, 0.0, 0.0014542978413553923, 0.0015053104851153684, 0.0019589678169426887, 0.00027007900205635243, 0.0015052963808612932, 0.001974570182819067], [0.015443427187325779, 0.02089000949110012, 0.018950858124685426, 0.02217384399224694, 0.01858153247507307, 0.036136083820519214, 0.02353664419606231, 0.034727526300580694, 0.03511453913975506, 0.031699518175911, 0.029675115087487245, 0.08616473919708617, 0.02303277013716446, 0.040629654494488424, 0.028071629404502297, 0.18681579586430697, 0.04023211304988476, 0.1578542954333237, 0.04633833370468707, 0.07668084832233106, 0.0019588975455105476, 0.0024523640022474837, 0.002452364002261855, 1.154334124904572e-05, 0.0024523640022736685, 0.0014791778937691305, 0.00038857939315916436, 0.001991030674225204, 0.00245220257897576, 0.0024524395699815267, 0.0003885793931591642, 0.0019915491980530943, 0.0019588254172061754, 0.0014542978413553923, 0.0, 0.0003885793931591642, 0.002439818584922796, 0.0014791674481093662, 0.0003885247441140466, 0.002452364002266828], [0.015418280981843937, 0.020834676517431712, 0.018769900095966307, 0.022208804085295523, 0.018398236922308298, 0.03600361687656252, 0.023476633278267475, 0.03460005312658442, 0.03508861054971308, 0.031539642394348144, 0.02954147520653764, 0.0861728732824603, 0.023167027959795687, 0.040592059698589866, 0.028114399557647846, 0.1867877506359825, 0.04020008733803075, 0.15783283677884208, 0.04638627504476405, 0.07665897757710531, 0.0018463227289877277, 0.0023241024943758846, 0.002324102494391049, 0.0003976494997495895, 0.002324102494403514, 0.0014591113681862824, 6.084474632306654e-12, 0.0018096709068710322, 0.0023243251371505226, 0.0023241715561304185, 1.0175245860576651e-12, 0.001809724953700709, 0.0018462462068714117, 0.0015053104851153684, 0.0003885793931591642, 0.0, 0.0023503696424509507, 0.0014591160217940272, 2.1338719112333656e-07, 0.0023241024943962962], [0.014893637231819978, 0.019809939041026844, 0.018580081123411776, 0.021102971244681315, 0.01777490369003514, 0.035215027120088005, 0.02289746364498589, 0.03377107284927497, 0.035400260881570896, 0.030871404929211806, 0.0287918423183672, 0.08580993251455503, 0.022011826859543376, 0.039455968300471045, 0.026953101098426527, 0.1874221423879071, 0.03913426590308786, 0.15715628434650322, 0.04640809162856131, 0.07544121441804393, 0.0014542978635676209, 0.00025681239686946734, 0.00025681239686946734, 0.0024443670571088903, 0.0002568123968694674, 0.0018729300226543143, 0.0023503696424201984, 0.0014990423203881166, 0.0002541334024652525, 0.0002568455970911911, 0.0023503696424560933, 0.0014996841357697037, 0.001454297872225899, 0.0019589678169426887, 0.002439818584922796, 0.0023503696424509507, 0.0, 0.001872991834892876, 0.002350412511601454, 0.00025681239686946734], [0.01523990072824045, 0.020511369544101512, 0.01903562982090833, 0.021539813833249957, 0.01824834421744737, 0.03554511495414133, 0.02353119858080141, 0.034312120961771296, 0.03541666147119863, 0.03119935702604625, 0.029262248922450305, 0.08620270573673268, 0.0225384550882034, 0.03998808425759401, 0.027680359659924134, 0.1868554707610744, 0.03967188323785386, 0.15769208558365366, 0.046285155093565164, 0.07608804508930819, 0.00237122348166594, 0.0018551156042687501, 0.0018551156042687501, 0.0014808554911000342, 0.0018551156042687501, 3.020409739462511e-07, 0.0014591160217444909, 0.0023597124449233897, 0.0018552443262076907, 0.0018552062102959912, 0.0014591160218023114, 0.0023598747592717675, 0.0023711638966996524, 0.00027007900205635243, 0.0014791674481093662, 0.0014591160217940272, 0.001872991834892876, 0.0, 0.0014591115730977718, 0.0018551156042687501], [0.01541829065250434, 0.020834675798412562, 0.01876999340820224, 0.02220887512806735, 0.018398273320904625, 0.03600368912137812, 0.02347663597413931, 0.034600107503898477, 0.035088768641142985, 0.03153958341243756, 0.029541505330089184, 0.08617299584905104, 0.02316698737351268, 0.04059207132723525, 0.02811435974955998, 0.18678783485753436, 0.040200052286791695, 0.15783295904801709, 0.04638641229115804, 0.07665888488510975, 0.0018463772785686494, 0.002324149507027955, 0.002324149507043119, 0.00039759477292650495, 0.002324149507055584, 0.0014591069538803464, 2.133871913369106e-07, 0.0018097333143337897, 0.0023243721579843243, 0.0023242185756710025, 2.133871911045527e-07, 0.0018097873603739516, 0.0018463007591286496, 0.0015052963808612932, 0.0003885247441140466, 2.1338719112333656e-07, 0.002350412511601454, 0.0014591115730977718, 0.0, 0.002324149507048366], [0.014898687513994808, 0.019810559936228146, 0.01848284402636182, 0.021152349555744493, 0.01767414641840014, 0.03514054313006822, 0.022891645444171205, 0.033711125860728455, 0.03538528947005921, 0.030780530098274476, 0.02872693994358264, 0.08583529821129543, 0.02213772422977611, 0.03945772495092961, 0.027025345910972023, 0.18736854052388013, 0.039141640320372935, 0.15717095493491762, 0.04643515849234185, 0.07546075010245507, 0.0014768158670743934, 3.993373159416313e-12, 1.0265787859027417e-12, 0.002457678937658396, 1.4121411573401872e-12, 0.001855048243527914, 0.002324102494365196, 0.0014582287314182365, 7.133724466465268e-06, 1.5445566940826277e-07, 0.0023241024944014974, 0.0014584045256841552, 0.0014768113831451414, 0.001974570182819067, 0.002452364002266828, 0.0023241024943962962, 0.00025681239686946734, 0.0018551156042687501, 0.002324149507048366, 0.0]], "Angle": [[0.0, 0.055661519394812654, 0.07265796577220834, 0.07283536742535318, 0.05375917170296411, 0.10650150397657447, 0.0879957137239863, 0.12023662566991122, 0.060586431550041384, 0.07761949803526551, 0.07847785651238863, 0.16198298707248016, 0.07854285222205899, 0.11235009369800983, 0.06813994253344482, 0.3791073395612112, 0.1093834994400056, 0.22938775627148347, 0.08558166023588906, 0.11700785830606661, 0.05947077117597045, 0.059636925574002075, 0.05963692558372061, 0.0599861686885143, 0.059636925555116786, 0.06010420052029557, 0.06006484725182071, 0.059618240413925515, 0.05963904882652323, 0.059636926827854354, 0.06006484724064664, 0.05961624083621693, 0.05947085883907127, 0.06005004539240433, 0.05998364151763738, 0.06006484724128382, 0.05953785896434027, 0.060104064228509425, 0.06006473465940478, 0.05963692559557631], [0.055661519394812654, 0.0, 0.060153681680299796, 0.0529299701231628, 0.05840061951868251, 0.09318068052312777, 0.05916865774528264, 0.09462935907238915, 0.0727810128248894, 0.08432957869858115, 0.06390110631428984, 0.15177647856541557, 0.05496290920740844, 0.09817148335097835, 0.04808423532640851, 0.2962918812616429, 0.07329900555847407, 0.22987124942843282, 0.0674132070937658, 0.10046062342538746, 0.04066874735338106, 0.040783598652424494, 0.040783598653443554, 0.04372260618196727, 0.0407835986504581, 0.04363886203513639, 0.043472131891555583, 0.040690382426321704, 0.04078441279820322, 0.04078356036591116, 0.04347213189032933, 0.0406893171327547, 0.04066880817715139, 0.04380827558381728, 0.04371221521673292, 0.04347213189039854, 0.04077199917041637, 0.043638820646834955, 0.043472144942637146, 0.0407835986546881], [0.07265796577220834, 0.060153681680299796, 0.0, 0.06698841338543572, 0.059587853678912284, 0.07491849357605682, 0.08210577894307644, 0.08020109184065054, 0.06792113195693136, 0.08647984303018319, 0.053870734198593985, 0.15227614199930434, 0.09612518740217756, 0.10502689006453773, 0.07341957362422775, 0.29614414547874046, 0.10823373312734996, 0.21900528726780116, 0.0720399751662329, 0.14266292619539156, 0.05972866242968131, 0.05992328843415113, 0.059923288426836946, 0.06110807988632447, 0.05992328844833594, 0.06120442954066712, 0.061157824975962165, 0.05991768166199279, 0.05992596527360192, 0.05992326936276704, 0.061157824984063275, 0.05991494772886506, 0.05972864145849139, 0.0611687129391841, 0.06110297262827622, 0.06115782498360282, 0.0597959521388923, 0.06120448511770775, 0.06115786033975928, 0.05992328841791147], [0.07283536742535318, 0.0529299701231628, 0.06698841338543572, 0.0, 0.0727357678527709, 0.0875479194596461, 0.07501898488114656, 0.09003807065380101, 0.06809195719582481, 0.09644998077392421, 0.07137756424677622, 0.12793215745763173, 0.05817520530079647, 0.08278299979939502, 0.03902570411235999, 0.30460870773288445, 0.08489863315352066, 0.20826632347984175, 0.06665167083512215, 0.12167907520704707, 0.03564859223534532, 0.03604578719115514, 0.03604578719516618, 0.03809911272494586, 0.03604578718333323, 0.03831074054782876, 0.038165695958453906, 0.03596467440474861, 0.036048664776632676, 0.036045732949186, 0.03816569595392567, 0.035961641441879855, 0.03564862401554824, 0.03826309816081366, 0.03809185539148305, 0.03816569595418529, 0.03583141475648422, 0.038310879839831814, 0.03816577685358761, 0.03604578720005651], [0.05375917170296411, 0.05840061951868251, 0.059587853678912284, 0.0727357678527709, 0.0, 0.08419430195657622, 0.07824432618354105, 0.09231310250352487, 0.07834804382117533, 0.06970927374503717, 0.055854429934904457, 0.16770977427013126, 0.09334754712479874, 0.11195092628651929, 0.08125979781079308, 0.3996564163871723, 0.11047975217636534, 0.24186762393856479, 0.0911473188184666, 0.12109898954339593, 0.07749180859462444, 0.0776372779831273, 0.07763727797843384, 0.079434517341367, 0.07763727799223391, 0.07945482447601131, 0.07951604175860576, 0.07775441984848414, 0.0776405909528572, 0.07763726168158339, 0.07951604176377652, 0.07775111273694599, 0.07749189590353656, 0.07939578251661987, 0.07942846901089345, 0.07951604176348238, 0.07745839294095377, 0.0794547346790081, 0.07951599575853183, 0.07763727797270686], [0.10650150397657447, 0.09318068052312777, 0.07491849357605682, 0.0875479194596461, 0.08419430195657622, 0.0, 0.08086198039401257, 0.04711869036482521, 0.11469256536862979, 0.09951064593913188, 0.060859337173381, 0.15950904571923857, 0.12028172691672091, 0.0782990555178054, 0.09537923228097814, 0.27815475416914953, 0.09599453468660994, 0.222581812225506, 0.09091842592912164, 0.14258346918239076, 0.1045480692350258, 0.10492770427174805, 0.10492770427298372, 0.10691401749877612, 0.10492770426936454, 0.1071438415960311, 0.10710256561401882, 0.10494988484354235, 0.10493237073036817, 0.10492764156603906, 0.10710256561258724, 0.10494515802408494, 0.10454812072907456, 0.10700975061644556, 0.10690728642536455, 0.10710256561266793, 0.10465285954261927, 0.10714390585669903, 0.10710256044382306, 0.10492770427449291], [0.0879957137239863, 0.05916865774528264, 0.08210577894307644, 0.07501898488114656, 0.07824432618354105, 0.08086198039401257, 0.0, 0.07731361395537949, 0.10180671408502424, 0.10494389022845174, 0.07049104346369718, 0.1705945074081387, 0.08358720842481004, 0.08924738614469922, 0.06267679560705279, 0.37804001048285546, 0.06997435049393903, 0.24558029365375197, 0.07353968294853577, 0.112779452693555, 0.07752928661549077, 0.0774737212454671, 0.07747372124943606, 0.07879668688422979, 0.07747372123777732, 0.0786574868225595, 0.07862214177604351, 0.07747391231660847, 0.07747446814910579, 0.07747373538581505, 0.07862214177149687, 0.07747300780240153, 0.0775293113353235, 0.0787763823405132, 0.07879085940247332, 0.07862214177175492, 0.07751461644464847, 0.07865746019688012, 0.07862214386976997, 0.07747372125428012], [0.12023662566991122, 0.09462935907238915, 0.08020109184065054, 0.09003807065380101, 0.09231310250352487, 0.04711869036482521, 0.07731361395537949, 0.0, 0.1132