{"Bond": [[0.0, 0.011393635370781982, 0.011388059636161655, 0.019201467929399755, 0.011988986181477212, 0.01297957729607175, 0.009685245568092344, 0.03448128623693994, 0.011585177202446693, 0.012779540224696078, 0.014690121894110689, 0.009686595452893125, 0.01890633489754732, 0.015643233816194202, 0.01666600508686054, 0.02103383217440224, 0.017078851821760367, 0.01741105729637354, 0.014070953470926021, 0.013428699469097511, 0.03932706126522994, 0.03932700804633797, 0.03416590111783123, 0.03933513408331015, 0.03415570735633188, 0.039228399490523334, 0.03932700804633797, 0.039335107256634055, 0.039335180015840125, 0.03933519863733468, 0.03696099827257843, 0.039326976818148306, 0.034165904385960726, 0.03932699887458799, 0.03933514342681526, 0.036960938927289376, 0.03932712468298108, 0.03696958191234728, 0.03415570387345918, 0.03932703639103132], [0.011393635370781982, 0.0, 0.01017045313015428, 0.010856086072505362, 0.008893282637427655, 0.010798536702189073, 0.009943039006190106, 0.031922024043443506, 0.0055669948037674775, 0.007944158399415101, 0.008706539890875581, 0.013664750460241631, 0.015705122563528646, 0.010906823394698353, 0.014279470781810445, 0.015179251106676152, 0.016763068339893557, 0.01118190782518832, 0.007438330949940607, 0.012852854252208182, 0.02965053307676105, 0.02965044550336936, 0.025153667278848792, 0.029653680411593875, 0.025149602875118013, 0.029691063268760393, 0.02965044550336936, 0.02965365035794639, 0.029653713806395986, 0.029653744868452896, 0.02745040168560441, 0.029650421292908305, 0.02515367217067815, 0.029650435096282474, 0.029653678847218985, 0.02745034113858653, 0.029650574625242055, 0.027453818468723332, 0.025149610574408753, 0.02965048255568304], [0.011388059636161655, 0.01017045313015428, 0.0, 0.014290033222864488, 0.009115400033189327, 0.014275536138355634, 0.009886383247068739, 0.03236942779194581, 0.008140846330097918, 0.009131718472200802, 0.012844600847376823, 0.011104664827380928, 0.018895424920406093, 0.014548235524971913, 0.014249738964036092, 0.0170254683438529, 0.013233872355642516, 0.012887903725732792, 0.00899055518091867, 0.013081635313235158, 0.03385409961212393, 0.0338540496710727, 0.030393620956716674, 0.033848670424845455, 0.03040030956342661, 0.03381178664330825, 0.0338540496710727, 0.03384864373479329, 0.03384871656885243, 0.033848735002595796, 0.031643116465309644, 0.033854004143197135, 0.0303936410810363, 0.03385404226760059, 0.03384868692201109, 0.03164304979808961, 0.03385415989179053, 0.031637298819377234, 0.03040029658601998, 0.033854073680815826], [0.019201467929399755, 0.010856086072505362, 0.014290033222864488, 0.0, 0.009836766928120222, 0.013602932278898765, 0.015953908068137523, 0.02676025544523945, 0.009049748479760329, 0.013629323095201484, 0.012966112836985939, 0.020202163316239398, 0.018541923542428392, 0.0157434787020296, 0.014956295015851684, 0.011111940608853569, 0.01661332331289402, 0.012222106837521274, 0.011714321863443152, 0.01573374209115011, 0.02795874336306775, 0.027958660514704057, 0.02438981295663606, 0.027954698924524932, 0.02439492290746614, 0.02806592805638776, 0.027958660514704057, 0.027954674939647515, 0.02795472788919539, 0.027954755546714144, 0.026036204639548515, 0.02795865258980996, 0.024389809892607944, 0.027958652981244336, 0.027954693283799733, 0.026036155515087037, 0.027958760579949764, 0.02603188016923136, 0.024394935678198556, 0.02795869986258141], [0.011988986181477212, 0.008893282637427655, 0.009115400033189327, 0.009836766928120222, 0.0, 0.009363777564998942, 0.00929046969193817, 0.029578262895466993, 0.0044120720842489485, 0.00947939321173651, 0.011673190453962005, 0.01235489709389556, 0.016078182889025124, 0.014282219537861783, 0.01577153594563288, 0.013122114143956098, 0.011529783756823656, 0.012021726060772106, 0.008126175912549757, 0.01203560877707967, 0.03312826862343971, 0.03312821188877349, 0.025866521148995496, 0.03312868316049527, 0.025865979036057266, 0.03305930618759517, 0.03312821188877349, 0.03312863900330132, 0.03312871188162449, 0.033128729773101044, 0.030618112957441868, 0.03312820247606665, 0.02586651880531713, 0.03312820876147965, 0.03312867276576888, 0.030618069986104085, 0.03312831418102281, 0.030618549312094536, 0.025865979738976766, 0.03312823165137267], [0.01297957729607175, 0.010798536702189073, 0.014275536138355634, 0.013602932278898765, 0.009363777564998942, 0.0, 0.009336712321499081, 0.02729102274461149, 0.00869173136616996, 0.016069967925622975, 0.013713464919618015, 0.013357957092796115, 0.013996244993216903, 0.01735332747980013, 0.01890296163240453, 0.013993082914692635, 0.016252730613164616, 0.01714786310479133, 0.013794167980265452, 0.018296199560716073, 0.0328448509070218, 0.03284475078424372, 0.02754894461443991, 0.032849100814179306, 0.027543346405158427, 0.03273502307594508, 0.03284475078424372, 0.03284906502537665, 0.032849120564149195, 0.03284916274442937, 0.03078803258184925, 0.03284474237231556, 0.027548900741327556, 0.03284471621676754, 0.032849074341015985, 0.030787998850428867, 0.032844875615307766, 0.030792604613970476, 0.027543383165620713, 0.032844773264851086], [0.009685245568092344, 0.009943039006190106, 0.009886383247068739, 0.015953908068137523, 0.00929046969193817, 0.009336712321499081, 0.0, 0.03231305374673573, 0.009252169618507495, 0.012138172937117064, 0.01258747536318576, 0.01089992246835928, 0.01721877825852727, 0.014255179329166085, 0.016677252255290924, 0.017053706624411125, 0.015319741190759165, 0.01369981883654183, 0.011018665937541245, 0.013601988820222287, 0.03373626062906999, 0.03373619365924037, 0.028537418503785068, 0.03374419983327857, 0.028527097236349736, 0.03366924568234142, 0.03373619365924037, 0.03374415780991103, 0.033744231298378745, 0.033744262384806364, 0.03142095084592506, 0.03373616248296528, 0.028537394085500194, 0.033736162089065394, 0.03374418723892602, 0.031420908202050665, 0.03373632075318099, 0.03142948350108571, 0.02852711051601817, 0.033736200576716], [0.03448128623693994, 0.031922024043443506, 0.03236942779194581, 0.02676025544523945, 0.029578262895466993, 0.02729102274461149, 0.03231305374673573, 0.0, 0.029394981181258866, 0.036548821685545275, 0.03655299400162399, 0.03275663762428497, 0.031168121959580675, 0.031136153229748508, 0.028191153500568538, 0.023285643104402728, 0.027541746183955343, 0.03377852525808171, 0.033243966410782644, 0.037199029903637805, 0.04707949303668268, 0.047079424378219055, 0.04754837894560094, 0.04708007735700178, 0.04754772048890131, 0.04707971716516718, 0.047079424378219055, 0.04708006680557453, 0.04708011349095603, 0.04708015049682514, 0.04591188937050218, 0.047079388644061165, 0.04754835609326534, 0.04707937876508414, 0.04708007277053055, 0.04591184379423564, 0.047079497982016556, 0.04591251790581747, 0.04754774311651039, 0.04707943933204604], [0.011585177202446693, 0.0055669948037674775, 0.008140846330097918, 0.009049748479760329, 0.0044120720842489485, 0.00869173136616996, 0.009252169618507495, 0.029394981181258866, 0.0, 0.008815724245555377, 0.010097558450814035, 0.011623901576026158, 0.014836917517925671, 0.012751210859619284, 0.01492452335433337, 0.013229507177036876, 0.013033595492138925, 0.011172250027673287, 0.00655242596880191, 0.013070605879006835, 0.029550798193339996, 0.0295507355548994, 0.02686837619343426, 0.029549171237854433, 0.026870367601042614, 0.02951068124961554, 0.0295507355548994, 0.02954914523624096, 0.02954921608005402, 0.0295492442610664, 0.02739314510669722, 0.02955069497587221, 0.02686837938638724, 0.029550715859501208, 0.029549174101848555, 0.027393075770580252, 0.02955084933497577, 0.027391388293062306, 0.026870373549646966, 0.02955076146683567], [0.012779540224696078, 0.007944158399415101, 0.009131718472200802, 0.013629323095201484, 0.00947939321173651, 0.016069967925622975, 0.012138172937117064, 0.036548821685545275, 0.008815724245555377, 0.0, 0.01025707663811618, 0.014722929650216902, 0.018794707440192453, 0.012644796495551279, 0.01594384003869865, 0.018072523244258686, 0.016017240356311455, 0.011324744664962744, 0.006470182721693234, 0.010175645074261837, 0.022179374910305947, 0.02217930515012715, 0.02024179010521545, 0.02217818532803412, 0.020243251395993322, 0.022214527822651407, 0.02217930515012715, 0.022178182386268473, 0.022178250509585624, 0.022178262905804838, 0.02056500438158619, 0.022179269341545977, 0.02024183455916551, 0.022179303112514183, 0.02217822948216706, 0.020564934048454477, 0.022179412285817005, 0.02056373972519427, 0.020243218338300045, 0.022179354866951505], [0.014690121894110689, 0.008706539890875581, 0.012844600847376823, 0.012966112836985939, 0.011673190453962005, 0.013713464919618015, 0.01258747536318576, 0.03655299400162399, 0.010097558450814035, 0.01025707663811618, 0.0, 0.018129800613092113, 0.016499790424984423, 0.01759794068026167, 0.01731250592125214, 0.01962876169790513, 0.019754804019607653, 0.013162706287130743, 0.010830689950249526, 0.01266100015468747, 0.0318355808374332, 0.03183550404790046, 0.02479258758630255, 0.031831622851154026, 0.024798188871986707, 0.03188502674266096, 0.03183550404790046, 0.03183158657702169, 0.0318316499962061, 0.03183167873298769, 0.02934568932507656, 0.031835497527132585, 0.024792558644004568, 0.03183549006073774, 0.03183160570344639, 0.029345646650047262, 0.03183562786108951, 0.029341405296391412, 0.02479821248952443, 0.0318355328318755], [0.009686595452893125, 0.013664750460241631, 0.011104664827380928, 0.020202163316239398, 0.01235489709389556, 0.013357957092796115, 0.01089992246835928, 0.03275663762428497, 0.011623901576026158, 0.014722929650216902, 0.018129800613092113, 0.0, 0.01711878241196132, 0.01563386646900114, 0.01998077367592168, 0.021266242448858864, 0.013457104574550568, 0.017674310308508762, 0.012670507074300666, 0.018048166790036683, 0.03361772764238065, 0.0336176482564054, 0.030957499629435836, 0.03361921552820964, 0.030955741539755742, 0.03342640340026867, 0.0336176482564054, 0.0336191891783818, 0.03361926424927623, 0.033619291094632346, 0.03180985895830262, 0.0336176092139277, 0.030957524791329297, 0.033617626130751435, 0.03361922847607342, 0.03180979488806634, 0.03361776965550348, 0.03181144625112554, 0.030955728502040866, 0.033617673714065446], [0.01890633489754732, 0.015705122563528646, 0.018895424920406093, 0.018541923542428392, 0.016078182889025124, 0.013996244993216903, 0.01721877825852727, 0.031168121959580675, 0.014836917517925671, 0.018794707440192453, 0.016499790424984423, 0.01711878241196132, 0.0, 0.019166153722082507, 0.02067140538241717, 0.021327913736308622, 0.015455567509376844, 0.021413479208936857, 0.015590587361113933, 0.023059943851590794, 0.03041210523483438, 0.030412017067105973, 0.02954333984349018, 0.030399749011755562, 0.029557276892418265, 0.030351006562299734, 0.030412017067105973, 0.03039973435566244, 0.03039980867398211, 0.030399853716472656, 0.02908862300750979, 0.030411988600121845, 0.02954329002144103, 0.030411931363895243, 0.030399736834082692, 0.029088585526043365, 0.03041211146028019, 0.0290757510693567, 0.02955730438785411, 0.030412019240470288], [0.015643233816194202, 0.010906823394698353, 0.014548235524971913, 0.0157434787020296, 0.014282219537861783, 0.01735332747980013, 0.014255179329166085, 0.031136153229748508, 0.012751210859619284, 0.012644796495551279, 0.01759794068026167, 0.01563386646900114, 0.019166153722082507, 0.0, 0.01289732603388989, 0.018925085632965202, 0.015836333962995903, 0.011569780572573274, 0.010561650351086499, 0.014953199601166532, 0.03232213636000252, 0.03232206088788877, 0.028735498017070912, 0.032334005957074245, 0.02872083960750685, 0.032439571689555524, 0.03232206088788877, 0.032333970246222456, 0.0323340509506828, 0.03233407233642308, 0.03041870791064396, 0.03232203133949996, 0.02873553393118032, 0.03232204727317568, 0.03233401581097598, 0.030418648441890968, 0.03232217719774169, 0.030431324995597406, 0.02872081785161632, 0.03232208357031903], [0.01666600508686054, 0.014279470781810445, 0.014249738964036092, 0.014956295015851684, 0.01577153594563288, 0.01890296163240453, 0.016677252255290924, 0.028191153500568538, 0.01492452335433337, 0.01594384003869865, 0.01731250592125214, 0.01998077367592168, 0.02067140538241717, 0.01289732603388989, 0.0, 0.01894080332727605, 0.01625851502497982, 0.015538519235316343, 0.015691700555684664, 0.01490643957615261, 0.03897862676468844, 0.03897858050402807, 0.03637340545137211, 0.03898154350141822, 0.03636998350621314, 0.03912257554104964, 0.03897858050402807, 0.03898153074303347, 0.03898160512542024, 0.038981621921401796, 0.03701842463432307, 0.038978540751797616, 0.03637340813783336, 0.03897855726969444, 0.03898156609869581, 0.03701836465512713, 0.03897867681419696, 0.037021496959008325, 0.03636997448231802, 0.03897860577137447], [0.02103383217440224, 0.015179251106676152, 0.0170254683438529, 0.011111940608853569, 0.013122114143956098, 0.013993082914692635, 0.017053706624411125, 0.023285643104402728, 0.013229507177036876, 0.018072523244258686, 0.01962876169790513, 0.021266242448858864, 0.021327913736308622, 0.018925085632965202, 0.01894080332727605, 0.0, 0.0182986349357088, 0.019814755152468368, 0.01715721801201701, 0.022085027523674246, 0.03068723679228678, 0.030687189483848416, 0.028587729136471045, 0.03068679747833398, 0.028588249758615136, 0.03069917081030685, 0.030687189483848416, 0.03068677190468172, 0.03068682018125421, 0.030686849128467746, 0.028768785090810108, 0.030687151689643765, 0.028587700781640066, 0.03068716847891996, 0.03068679060190023, 0.028768741719573807, 0.030687268812607388, 0.028768322222282903, 0.02858827197836462, 0.03068720221253896], [0.017078851821760367, 0.016763068339893557, 0.013233872355642516, 0.01661332331289402, 0.011529783756823656, 0.016252730613164616, 0.015319741190759165, 0.027541746183955343, 0.013033595492138925, 0.016017240356311455, 0.019754804019607653, 0.013457104574550568, 0.015455567509376844, 0.015836333962995903, 0.01625851502497982, 0.0182986349357088, 0.0, 0.01738444608272971, 0.012990093903582188, 0.018174846453446518, 0.03307540994600177, 0.03307537189505506, 0.03119596909743703, 0.03306844661757111, 0.031204108097166325, 0.03298572335857469, 0.03307537189505506, 0.03306842302390065, 0.033068513709237544, 0.033068527554825526, 0.03136321552169105, 0.03307533500035868, 0.031195976645010885, 0.0330753317938553, 0.03306846344134389, 0.03136316636526665, 0.0330754441675957, 0.03135586488997141, 0.031204087933294045, 0.03307537312631693], [0.01741105729637354, 0.01118190782518832, 0.012887903725732792, 0.012222106837521274, 0.012021726060772106, 0.01714786310479133, 0.01369981883654183, 0.03377852525808171, 0.011172250027673287, 0.011324744664962744, 0.013162706287130743, 0.017674310308508762, 0.021413479208936857, 0.011569780572573274, 0.015538519235316343, 0.019814755152468368, 0.01738444608272971, 0.0, 0.008411066433432462, 0.010197081007152792, 0.030378254474923073, 0.030378188678917117, 0.02631885130125344, 0.030384820839911765, 0.026310565738660734, 0.030496103918087984, 0.030378188678917117, 0.030384777248791486, 0.030384858167901874, 0.03038487915310215, 0.028128457095713856, 0.030378162132125665, 0.026318886670389396, 0.030378184789935286, 0.03038481812816761, 0.02812839064169395, 0.030378315416095904, 0.028135531986905087, 0.026310552448839012, 0.030378211401950732], [0.014070953470926021, 0.007438330949940607, 0.00899055518091867, 0.011714321863443152, 0.008126175912549757, 0.013794167980265452, 0.011018665937541245, 0.033243966410782644, 0.00655242596880191, 0.006470182721693234, 0.010830689950249526, 0.012670507074300666, 0.015590587361113933, 0.010561650351086499, 0.015691700555684664, 0.01715721801201701, 0.012990093903582188, 0.008411066433432462, 0.0, 0.012182290801234986, 0.028651957006454114, 0.028651902688206814, 0.025221060860326057, 0.02864890955855196, 0.025224915928789053, 0.02867016781454668, 0.028651902688206814, 0.028648868905277788, 0.02864895605865998, 0.028648977926445343, 0.026348473417253382, 0.028651862692017176, 0.02522108425891356, 0.028651886149038325, 0.028648911093004138, 0.026348404398384186, 0.02865201624111504, 0.02634513948368999, 0.025224904434361983, 0.02865191616295314], [0.013428699469097511, 0.012852854252208182, 0.013081635313235158, 0.01573374209115011, 0.01203560877707967, 0.018296199560716073, 0.013601988820222287, 0.037199029903637805, 0.013070605879006835, 0.010175645074261837, 0.01266100015468747, 0.018048166790036683, 0.023059943851590794, 0.014953199601166532, 0.01490643957615261, 0.022085027523674246, 0.018174846453446518, 0.010197081007152792, 0.012182290801234986, 0.0, 0.02706435850688125, 0.027064317036026898, 0.025513115187335397, 0.02707740985647513, 0.02549790849194825, 0.027131690688223395, 0.027064317036026898, 0.02707741174590881, 0.02707748685001636, 0.027077492070341706, 0.025359300148578345, 0.027064282429620574, 0.02551314555622467, 0.027064308502472524, 0.027077452966160306, 0.02535922980152063, 0.027064421612906404, 0.025373225427074403, 0.025497880258213205, 0.02706436051157287], [0.03932706126522994, 0.02965053307676105, 0.03385409961212393, 0.02795874336306775, 0.03312826862343971, 0.0328448509070218, 0.03373626062906999, 0.04707949303668268, 0.029550798193339996, 0.022179374910305947, 0.0318355808374332, 0.03361772764238065, 0.03041210523483438, 0.03232213636000252, 0.03897862676468844, 0.03068723679228678, 0.03307540994600177, 0.030378254474923073, 0.028651957006454114, 0.02706435850688125, 0.0, 2.2854424309186503e-07, 0.0033606723677658593, 7.636115768687674e-05, 0.003359820855726607, 0.0007844052565917988, 2.2854424309186503e-07, 7.635723047600165e-05, 7.636128468536233e-05, 7.636110045663355e-05, 0.003359746184196946, 2.3855451858330734e-07, 0.003360688505650841, 3.1066470032268213e-07, 7.636138772050412e-05, 0.003359761163553368, 1.516426782622877e-07, 0.0033606119469781564, 0.003359816819207297, 2.1302325372773675e-07], [0.03932700804633797, 0.02965044550336936, 0.0338540496710727, 0.027958660514704057, 0.03312821188877349, 0.03284475078424372, 0.03373619365924037, 0.047079424378219055, 0.0295507355548994, 0.02217930515012715, 0.03183550404790046, 0.0336176482564054, 0.030412017067105973, 0.03232206088788877, 0.03897858050402807, 0.030687189483848416, 0.03307537189505506, 0.030378188678917117, 0.028651902688206814, 0.027064317036026898, 2.2854424309186503e-07, 0.0, 0.0033606916704346837, 7.636507542357757e-05, 0.0033598400768791617, 0.0007844056538605558, 0.0, 7.636113373990623e-05, 7.63650647400099e-05, 7.636510351899633e-05, 0.0033597654030385503, 1.4624493499045272e-07, 0.003360707808587078, 2.013112467799747e-07, 7.636518235581947e-05, 0.003359780380855761, 2.0532375965182949e-07, 0.0033606312521212707, 0.0033598360433970747, 1.7475850414141544e-07], [0.03416590111783123, 0.025153667278848792, 0.030393620956716674, 0.02438981295663606, 0.025866521148995496, 0.02754894461443991, 0.028537418503785068, 0.04754837894560094, 0.02686837619343426, 0.02024179010521545, 0.02479258758630255, 0.030957499629435836, 0.02954333984349018, 0.028735498017070912, 0.03637340545137211, 0.028587729136471045, 0.03119596909743703, 0.02631885130125344, 0.025221060860326057, 0.025513115187335397, 0.0033606723677658593, 0.0033606916704346837, 0.0, 0.0033598995062161224, 8.009225702522226e-05, 0.00344939552485186, 0.0033606916704346837, 0.0033598054698958067, 0.0033598783974044914, 0.003359878397878347, 7.636497375581675e-05, 0.0033606981528164818, 2.258543633163998e-07, 0.003360722318994414, 0.003359841351450588, 7.636495442233116e-05, 0.0033607566175871207, 1.2965213591206063e-07, 8.009228928385824e-05, 0.00336066460070034], [0.03933513408331015, 0.029653680411593875, 0.033848670424845455, 0.027954698924524932, 0.03312868316049527, 0.032849100814179306, 0.03374419983327857, 0.04708007735700178, 0.029549171237854433, 0.02217818532803412, 0.031831622851154026, 0.03361921552820964, 0.030399749011755562, 0.032334005957074245, 0.03898154350141822, 0.03068679747833398, 0.03306844661757111, 0.030384820839911765, 0.02864890955855196, 0.02707740985647513, 7.636115768687674e-05, 7.636507542357757e-05, 0.0033598995062161224, 0.0, 0.003360783347472349, 0.000780684537016179, 7.636507542357757e-05, 1.4668840653170957e-07, 1.5067210086017467e-07, 1.5288105629528622e-07, 0.003360708693533971, 7.636507500390523e-05, 0.003359915643444185, 7.636506813447375e-05, 1.6609610370993543e-07, 0.003360723669225606, 7.631449484700025e-05, 0.003359839068339485, 0.0033607793158146387, 7.636110657374332e-05], [0.03415570735633188, 0.025149602875118013, 0.03040030956342661, 0.02439492290746614, 0.025865979036057266, 0.027543346405158427, 0.028527097236349736, 0.04754772048890131, 0.026870367601042614, 0.020243251395993322, 0.024798188871986707, 0.030955741539755742, 0.029557276892418265, 0.02872083960750685, 0.03636998350621314, 0.028588249758615136, 0.031204108097166325, 0.026310565738660734, 0.025224915928789053, 0.02549790849194825, 0.003359820855726607, 0.0033598400768791617, 8.009225702522226e-05, 0.003360783347472349, 0.0, 0.0034502553202390793, 0.0033598400768791617, 0.0033606892460558632, 0.003360762243764714, 0.0033607622439434065, 8.921518678996746e-08, 0.003359846561492711, 8.009233409992773e-05, 0.0033598707313044294, 0.0033607252066282845, 1.5446415492060335e-07, 0.003359906187259923, 7.636500374783968e-05, 1.4299334396143477e-07, 0.003359813088021863], [0.039228399490523334, 0.029691063268760393, 0.03381178664330825, 0.02806592805638776, 0.03305930618759517, 0.03273502307594508, 0.03366924568234142, 0.04707971716516718, 0.02951068124961554, 0.022214527822651407, 0.03188502674266096, 0.03342640340026867, 0.030351006562299734, 0.032439571689555524, 0.03912257554104964, 0.03069917081030685, 0.03298572335857469, 0.030496103918087984, 0.02867016781454668, 0.027131690688223395, 0.0007844052565917988, 0.0007844056538605558, 0.00344939552485186, 0.000780684537016179, 0.0034502553202390793, 0.0, 0.0007844056538605558, 0.0007806845479255595, 0.0007806845433676034, 0.000780684528293501, 0.0034501826034364228, 0.0007844056727028301, 0.0034494112475911744, 0.0007844056840735021, 0.0007806845590815894, 0.0034501971919893635, 0.0007844007088074334, 0.003449336657543229, 0.0034502513901558283, 0.0007844052760012032], [0.03932700804633797, 0.02965044550336936, 0.0338540496710727, 0.027958660514704057, 0.03312821188877349, 0.03284475078424372, 0.03373619365924037, 0.047079424378219055, 0.0295507355548994, 0.02217930515012715, 0.03183550404790046, 0.0336176482564054, 0.030412017067105973, 0.03232206088788877, 0.03897858050402807, 0.030687189483848416, 0.03307537189505506, 0.030378188678917117, 0.028651902688206814, 0.027064317036026898, 2.2854424309186503e-07, 0.0, 0.0033606916704346837, 7.636507542357757e-05, 0.0033598400768791617, 0.0007844056538605558, 0.0, 7.636113373990623e-05, 7.63650647400099e-05, 7.636510351899633e-05, 0.0033597654030385503, 1.4624493499045272e-07, 0.003360707808587078, 2.013112467799747e-07, 7.636518235581947e-05, 0.003359780380855761, 2.0532375965182949e-07, 0.0033606312521212707, 0.0033598360433970747, 1.7475850414141544e-07], [0.039335107256634055, 0.02965365035794639, 0.03384864373479329, 0.027954674939647515, 0.03312863900330132, 0.03284906502537665, 0.03374415780991103, 0.04708006680557453, 0.02954914523624096, 0.022178182386268473, 0.03183158657702169, 0.0336191891783818, 0.03039973435566244, 0.032333970246222456, 0.03898153074303347, 0.03068677190468172, 0.03306842302390065, 0.030384777248791486, 0.028648868905277788, 0.02707741174590881, 7.635723047600165e-05, 7.636113373990623e-05, 0.0033598054698958067, 1.4668840653170957e-07, 0.0033606892460558632, 0.0007806845479255595, 7.636113373990623e-05, 0.0, 1.3811789308305786e-07, 1.5985499208490345e-07, 0.003360614591590507, 7.636118488524174e-05, 0.003359821606832338, 7.636112301010951e-05, 1.1245865091431564e-07, 0.0033606295692912855, 7.631064853679362e-05, 0.0033597450311365065, 0.003360685214922051, 7.63569794647729e-05], [0.039335180015840125, 0.029653713806395986, 0.03384871656885243, 0.02795472788919539, 0.03312871188162449, 0.032849120564149195, 0.033744231298378745, 0.04708011349095603, 0.02954921608005402, 0.022178250509585624, 0.0318316499962061, 0.03361926424927623, 0.03039980867398211, 0.0323340509506828, 0.03898160512542024, 0.03068682018125421, 0.033068513709237544, 0.030384858167901874, 0.02864895605865998, 0.02707748685001636, 7.636128468536233e-05, 7.63650647400099e-05, 0.0033598783974044914, 1.5067210086017467e-07, 0.003360762243764714, 0.0007806845433676034, 7.63650647400099e-05, 1.3811789308305786e-07, 0.0, 1.0416443693178369e-07, 0.003360687589998075, 7.636518623456681e-05, 0.003359894533642251, 7.63651679753037e-05, 1.2684037220178216e-07, 0.0033607025682311693, 7.631455982098269e-05, 0.0033598179605349022, 0.0033607582144500815, 7.63610660670168e-05], [0.03933519863733468, 0.029653744868452896, 0.033848735002595796, 0.027954755546714144, 0.033128729773101044, 0.03284916274442937, 0.033744262384806364, 0.04708015049682514, 0.0295492442610664, 0.022178262905804838, 0.03183167873298769, 0.033619291094632346, 0.030399853716472656, 0.03233407233642308, 0.038981621921401796, 0.030686849128467746, 0.033068527554825526, 0.03038487915310215, 0.028648977926445343, 0.027077492070341706, 7.636110045663355e-05, 7.636510351899633e-05, 0.003359878397878347, 1.5288105629528622e-07, 0.0033607622439434065, 0.000780684528293501, 7.636510351899633e-05, 1.5985499208490345e-07, 1.0416443693178369e-07, 0.0, 0.0033606875909348312, 7.636525407071105e-05, 0.0033598945374355813, 7.636536135007607e-05, 1.9311068337028374e-07, 0.0033607025691123425, 7.63144056154084e-05, 0.003359817961954544, 0.0033607582112742183, 7.636112800733535e-05], [0.03696099827257843, 0.02745040168560441, 0.031643116465309644, 0.026036204639548515, 0.030618112957441868, 0.03078803258184925, 0.03142095084592506, 0.04591188937050218, 0.02739314510669722, 0.02056500438158619, 0.02934568932507656, 0.03180985895830262, 0.02908862300750979, 0.03041870791064396, 0.03701842463432307, 0.028768785090810108, 0.03136321552169105, 0.028128457095713856, 0.026348473417253382, 0.025359300148578345, 0.003359746184196946, 0.0033597654030385503, 7.636497375581675e-05, 0.003360708693533971, 8.921518678996746e-08, 0.0034501826034364228, 0.0033597654030385503, 0.003360614591590507, 0.003360687589998075, 0.0033606875909348312, 0.0, 0.0033597718880243117, 7.636505674407643e-05, 0.00335979605630764, 0.0033606505521176443, 1.368501140571196e-07, 0.0033598315150323793, 7.636493771439325e-05, 1.6351450034848392e-07, 0.0033597384141131506], [0.039326976818148306, 0.029650421292908305, 0.033854004143197135, 0.02795865258980996, 0.03312820247606665, 0.03284474237231556, 0.03373616248296528, 0.047079388644061165, 0.02955069497587221, 0.022179269341545977, 0.031835497527132585, 0.0336176092139277, 0.030411988600121845, 0.03232203133949996, 0.038978540751797616, 0.030687151689643765, 0.03307533500035868, 0.030378162132125665, 0.028651862692017176, 0.027064282429620574, 2.3855451858330734e-07, 1.4624493499045272e-07, 0.0033606981528164818, 7.636507500390523e-05, 0.003359846561492711, 0.0007844056727028301, 1.4624493499045272e-07, 7.636118488524174e-05, 7.636518623456681e-05, 7.636525407071105e-05, 0.0033597718880243117, 0.0, 0.003360714291310629, 2.0596470357910262e-07, 7.636528280561098e-05, 0.0033597868627540293, 2.6780182868486946e-07, 0.003360637733730792, 0.003359842527797192, 2.0009427025809506e-07], [0.034165904385960726, 0.02515367217067815, 0.0303936410810363, 0.024389809892607944, 0.02586651880531713, 0.027548900741327556, 0.028537394085500194, 0.04754835609326534, 0.02686837938638724, 0.02024183455916551, 0.024792558644004568, 0.030957524791329297, 0.02954329002144103, 0.02873553393118032, 0.03637340813783336, 0.028587700781640066, 0.031195976645010885, 0.026318886670389396, 0.02522108425891356, 0.02551314555622467, 0.003360688505650841, 0.003360707808587078, 2.258543633163998e-07, 0.003359915643444185, 8.009233409992773e-05, 0.0034494112475911744, 0.003360707808587078, 0.003359821606832338, 0.003359894533642251, 0.0033598945374355813, 7.636505674407643e-05, 0.003360714291310629, 0.0, 0.003360738447279551, 0.003359857482967129, 7.636528238644931e-05, 0.0033607727550068133, 1.5975180034466427e-07, 8.009270126879296e-05, 0.003360680733141379], [0.03932699887458799, 0.029650435096282474, 0.03385404226760059, 0.027958652981244336, 0.03312820876147965, 0.03284471621676754, 0.033736162089065394, 0.04707937876508414, 0.029550715859501208, 0.022179303112514183, 0.03183549006073774, 0.033617626130751435, 0.030411931363895243, 0.03232204727317568, 0.03897855726969444, 0.03068716847891996, 0.0330753317938553, 0.030378184789935286, 0.028651886149038325, 0.027064308502472524, 3.1066470032268213e-07, 2.013112467799747e-07, 0.003360722318994414, 7.636506813447375e-05, 0.0033598707313044294, 0.0007844056840735021, 2.013112467799747e-07, 7.636112301010951e-05, 7.63651679753037e-05, 7.636536135007607e-05, 0.00335979605630764, 2.0596470357910262e-07, 0.003360738447279551, 0.0, 7.636502218063475e-05, 0.003359811036611524, 2.992595176806431e-07, 0.0033606618945892196, 0.003359866702595127, 1.658794992371378e-07], [0.03933514342681526, 0.029653678847218985, 0.03384868692201109, 0.027954693283799733, 0.03312867276576888, 0.032849074341015985, 0.03374418723892602, 0.04708007277053055, 0.029549174101848555, 0.02217822948216706, 0.03183160570344639, 0.03361922847607342, 0.030399736834082692, 0.03233401581097598, 0.03898156609869581, 0.03068679060190023, 0.03306846344134389, 0.03038481812816761, 0.028648911093004138, 0.027077452966160306, 7.636138772050412e-05, 7.636518235581947e-05, 0.003359841351450588, 1.6609610370993543e-07, 0.0033607252066282845, 0.0007806845590815894, 7.636518235581947e-05, 1.1245865091431564e-07, 1.2684037220178216e-07, 1.9311068337028374e-07, 0.0033606505521176443, 7.636528280561098e-05, 0.003359857482967129, 7.636502218063475e-05, 0.0, 0.003360665531423731, 7.631472057213251e-05, 0.0033597809110104695, 0.003360721179618082, 7.636101457584674e-05], [0.036960938927289376, 0.02745034113858653, 0.03164304979808961, 0.026036155515087037, 0.030618069986104085, 0.030787998850428867, 0.031420908202050665, 0.04591184379423564, 0.027393075770580252, 0.020564934048454477, 0.029345646650047262, 0.03180979488806634, 0.029088585526043365, 0.030418648441890968, 0.03701836465512713, 0.028768741719573807, 0.03136316636526665, 0.02812839064169395, 0.026348404398384186, 0.02535922980152063, 0.003359761163553368, 0.003359780380855761, 7.636495442233116e-05, 0.003360723669225606, 1.5446415492060335e-07, 0.0034501971919893635, 0.003359780380855761, 0.0033606295692912855, 0.0033607025682311693, 0.0033607025691123425, 1.368501140571196e-07, 0.0033597868627540293, 7.636528238644931e-05, 0.003359811036611524, 0.003360665531423731, 0.0, 0.0033598464958924427, 7.63650410292803e-05, 1.7265202383026133e-07, 0.003359753395881942], [0.03932712468298108, 0.029650574625242055, 0.03385415989179053, 0.027958760579949764, 0.03312831418102281, 0.032844875615307766, 0.03373632075318099, 0.047079497982016556, 0.02955084933497577, 0.022179412285817005, 0.03183562786108951, 0.03361776965550348, 0.03041211146028019, 0.03232217719774169, 0.03897867681419696, 0.030687268812607388, 0.0330754441675957, 0.030378315416095904, 0.02865201624111504, 0.027064421612906404, 1.516426782622877e-07, 2.0532375965182949e-07, 0.0033607566175871207, 7.631449484700025e-05, 0.003359906187259923, 0.0007844007088074334, 2.0532375965182949e-07, 7.631064853679362e-05, 7.631455982098269e-05, 7.63144056154084e-05, 0.0033598315150323793, 2.6780182868486946e-07, 0.0033607727550068133, 2.992595176806431e-07, 7.631472057213251e-05, 0.0033598464958924427, 0.0, 0.003360696197644036, 0.003359902151495139, 2.3118213624393511e-07], [0.03696958191234728, 0.027453818468723332, 0.031637298819377234, 0.02603188016923136, 0.030618549312094536, 0.030792604613970476, 0.03142948350108571, 0.04591251790581747, 0.027391388293062306, 0.02056373972519427, 0.029341405296391412, 0.03181144625112554, 0.0290757510693567, 0.030431324995597406, 0.037021496959008325, 0.028768322222282903, 0.03135586488997141, 0.028135531986905087, 0.02634513948368999, 0.025373225427074403, 0.0033606119469781564, 0.0033606312521212707, 1.2965213591206063e-07, 0.003359839068339485, 7.636500374783968e-05, 0.003449336657543229, 0.0033606312521212707, 0.0033597450311365065, 0.0033598179605349022, 0.003359817961954544, 7.636493771439325e-05, 0.003360637733730792, 1.5975180034466427e-07, 0.0033606618945892196, 0.0033597809110104695, 7.63650410292803e-05, 0.003360696197644036, 0.0, 7.636513634956761e-05, 0.003360604177503502], [0.03415570387345918, 0.025149610574408753, 0.03040029658601998, 0.024394935678198556, 0.025865979738976766, 0.027543383165620713, 0.02852711051601817, 0.04754774311651039, 0.026870373549646966, 0.020243218338300045, 0.02479821248952443, 0.030955728502040866, 0.02955730438785411, 0.02872081785161632, 0.03636997448231802, 0.02858827197836462, 0.031204087933294045, 0.026310552448839012, 0.025224904434361983, 0.025497880258213205, 0.003359816819207297, 0.0033598360433970747, 8.009228928385824e-05, 0.0033607793158146387, 1.4299334396143477e-07, 0.0034502513901558283, 0.0033598360433970747, 0.003360685214922051, 0.0033607582144500815, 0.0033607582112742183, 1.6351450034848392e-07, 0.003359842527797192, 8.009270126879296e-05, 0.003359866702595127, 0.003360721179618082, 1.7265202383026133e-07, 0.003359902151495139, 7.636513634956761e-05, 0.0, 0.00335980905625303], [0.03932703639103132, 0.02965048255568304, 0.033854073680815826, 0.02795869986258141, 0.03312823165137267, 0.032844773264851086, 0.033736200576716, 0.04707943933204604, 0.02955076146683567, 0.022179354866951505, 0.0318355328318755, 0.033617673714065446, 0.030412019240470288, 0.03232208357031903, 0.03897860577137447, 0.03068720221253896, 0.03307537312631693, 0.030378211401950732, 0.02865191616295314, 0.02706436051157287, 2.1302325372773675e-07, 1.7475850414141544e-07, 0.00336066460070034, 7.636110657374332e-05, 0.003359813088021863, 0.0007844052760012032, 1.7475850414141544e-07, 7.63569794647729e-05, 7.63610660670168e-05, 7.636112800733535e-05, 0.0033597384141131506, 2.0009427025809506e-07, 0.003360680733141379, 1.658794992371378e-07, 7.636101457584674e-05, 0.003359753395881942, 2.3118213624393511e-07, 0.003360604177503502, 0.00335980905625303, 0.0]], "Angle": [[0.0, 0.04833049885769455, 0.037578022886267125, 0.06511580256772713, 0.05482705856992125, 0.06236441407142323, 0.04854439948724616, 0.128890167414433, 0.05023313086904664, 0.02643717028247997, 0.055830516090181574, 0.041908112159396216, 0.04298024291833691, 0.034228525716494276, 0.06804491399967395, 0.051732273541391004, 0.06922941176710908, 0.052918500964131025, 0.06645318980384787, 0.05463492855009145, 0.09407416775698749, 0.09407408911110429, 0.09533463303535022, 0.09407411487513771, 0.09533462798584859, 0.09407420407422408, 0.09407408911110429, 0.09407413874887269, 0.09407421044254512, 0.09407425240171355, 0.09146589967118438, 0.09407411668847376, 0.0953346002703103, 0.09407408687340901, 0.09407414045233303, 0.09146591133912445, 0.09407420407422408, 0.09146589246425622, 0.09533466471811695, 0.09407412850151926], [0.04833049885769455, 0.0, 0.04607521662271798, 0.06427522443732143, 0.061705374558724616, 0.045162846793617005, 0.030291200300449753, 0.1294469820645602, 0.05624188476343549, 0.04537505445680174, 0.026565108713879123, 0.0488669120366824, 0.04847126658286491, 0.05491315092167945, 0.043585490410092784, 0.07278084806327177, 0.06909503409026373, 0.04999386003893791, 0.036551334046888095, 0.059859787358362095, 0.10424301720487553, 0.10424292841715307, 0.11199952143356295, 0.10424291721288484, 0.11199950570200465, 0.10424300372695232, 0.10424292841715307, 0.10424296006811602, 0.10424293042754483, 0.10424296636194745, 0.10546619480807586, 0.10424291021490525, 0.1119994923433694, 0.10424296369976471, 0.10424290886652841, 0.10546622092128415, 0.10424300372695232, 0.10546617817773593, 0.1119995753491998, 0.10424288945762329], [0.037578022886267125, 0.04607521662271798, 0.0, 0.04823032596899278, 0.035712793462840536, 0.06021411022152582, 0.04390689196202941, 0.12186620620771611, 0.030902303334592814, 0.02897951814418799, 0.04434498956001753, 0.04367324509708899, 0.04889641335792641, 0.03266177308281463, 0.04431497490509386, 0.05434224491432545, 0.051217385687762094, 0.04814174051671043, 0.057517568939198876, 0.02012531090033295, 0.07583676862883132, 0.07583664421738945, 0.08087109160864028, 0.075836670096873, 0.08087110119763743, 0.0758367930265684, 0.07583664421738945, 0.07583672747387935, 0.07583675079146085, 0.07583680778985617, 0.07495375235423957, 0.07583662792375032, 0.08087105648453531, 0.07583663361308786, 0.07583672171667143, 0.07495373405518463, 0.0758367930265684, 0.07495374349362874, 0.08087112435032148, 0.07583672087059076], [0.06511580256772713, 0.06427522443732143, 0.04823032596899278, 0.0, 0.02459868282136468, 0.04911141636254661, 0.04019584819239967, 0.08753358114928322, 0.0455094176833651, 0.06041130448545241, 0.04759714025846934, 0.05124311411021721, 0.04691851854718774, 0.04801777473184501, 0.054755016667958886, 0.05568229077985901, 0.044006742169807114, 0.05346597426904367, 0.06145572026176795, 0.04528523107925264, 0.08324894206550093, 0.08324883744989113, 0.08555862855959939, 0.08324882699515176, 0.08555867834147995, 0.08324891920050918, 0.08324883744989113, 0.08324887801787921, 0.08324883369710855, 0.08324887738853563, 0.08626670601781679, 0.08324877967794705, 0.0855586531390413, 0.08324886299905429, 0.0832488205092039, 0.08626667715746511, 0.08324891920050918, 0.08626666280263029, 0.0855587151685919, 0.08324881395049859], [0.05482705856992125, 0.061705374558724616, 0.035712793462840536, 0.02459868282136468, 0.0, 0.0471405758809195, 0.0435526927736513, 0.08759430359734735, 0.025885724144391716, 0.04589223672930602, 0.049266284295365226, 0.04407001912802269, 0.037753519332811764, 0.0456633762258201, 0.051396633246359284, 0.05277156061105, 0.0313174128195886, 0.06217374430930004, 0.0657370930515244, 0.03013435239832872, 0.08527511435014362, 0.08527502554979001, 0.08264920392186573, 0.08527505988139063, 0.08264922648019302, 0.08527516627424082, 0.08527502554979001, 0.0852750899354816, 0.08527518993849115, 0.08527524390995056, 0.08185853607511395, 0.08527505473866161, 0.08264918105006996, 0.08527501345559256, 0.08527510402897216, 0.0818585301652229, 0.08527516627424082, 0.08185852065369788, 0.08264925459965242, 0.0852750873235056], [0.06236441407142323, 0.045162846793617005, 0.06021411022152582, 0.04911141636254661, 0.0471405758809195, 0.0, 0.02914308655845781, 0.08772909678610469, 0.052087102279051924, 0.05600099339058799, 0.03443140040630335, 0.041975506017647594, 0.02874636189195935, 0.06402970324736418, 0.04986667439144806, 0.06916803045071544, 0.04699748088515358, 0.06965637274735932, 0.05219868977082859, 0.06549779210272395, 0.1076211612930391, 0.10762109585759877, 0.11313666287493694, 0.10762109712892444, 0.11313665835781253, 0.10762118210707496, 0.10762109585759877, 0.10762112066568225, 0.1076211764185313, 0.10762121930160068, 0.10598333260931378, 0.10762112111569626, 0.1131366365650515, 0.10762112528879607, 0.10762109921876513, 0.10598336989518643, 0.10762118210707496, 0.10598331195718591, 0.11313673473408513, 0.10762105554372232], [0.04854439948724616, 0.030291200300449753, 0.04390689196202941, 0.04019584819239967, 0.0435526927736513, 0.02914308655845781, 0.0, 0.10647755439448035, 0.05094886441468174, 0.047343646111973045, 0.015975876942288584, 0.03529499316510583, 0.034125336058172154, 0.04257026394340292, 0.038272051328288176, 0.05949752102764101, 0.052311616194009064, 0.042541480779969235, 0.03918336448058545, 0.05410953564556003, 0.09452098116180449, 0.09452090265427453, 0.10175263223412297, 0.09452089799288847, 0.10175265611378827, 0.0945209919103079, 0.09452090265427453, 0.09452093300562994, 0.09452096255428535, 0.09452100525910509, 0.09420829276867392, 0.09452090888251115, 0.10175263621520292, 0.0945209360308952, 0.09452088737501403, 0.094208