{"Bond": [[0.0, 0.01063645618139613, 0.014844034812903568, 0.01417543920673127, 0.016980569338500496, 0.012721253354246126, 0.02130628377458784, 0.01443295226737359, 0.016097208643389864, 0.020143714874254426, 0.014468947264502673, 0.012934921340678692, 0.01623511311066823, 0.017490377100774158, 0.009704360985591767, 0.01709403544850159, 0.019869496509469783, 0.01986326096908193, 0.018439945014349705, 0.01158113507482794, 0.042067087973846576, 0.041983849720276245, 0.042067087973846576, 0.041983849720276245, 0.042067087973846576, 0.041983849720276245, 0.042067087973846576, 0.041983849720276245, 0.042067087973846576, 0.041983849720276245, 0.042067087973846576, 0.041983849720276245, 0.042067087973846576, 0.041983849720276245, 0.042067087973846576, 0.041983849720276245, 0.042067087973846576, 0.041983849720276245, 0.042067087973846576, 0.041983849720276245], [0.01063645618139613, 0.0, 0.015398649544053582, 0.016964181814177852, 0.017304820668022476, 0.01744513114512406, 0.026323619634390703, 0.017902110423985016, 0.014811578328653392, 0.02383244844175156, 0.012392820796672728, 0.012114295189341573, 0.01747397860180842, 0.016367183455491426, 0.011228342083169501, 0.01868890232823584, 0.01935292344781379, 0.021773382759284497, 0.018853898335664334, 0.013105439310255335, 0.04465834188383346, 0.04461857274869087, 0.04465834188383346, 0.04461857274869087, 0.04465834188383346, 0.04461857274869087, 0.04465834188383346, 0.04461857274869087, 0.04465834188383346, 0.04461857274869087, 0.04465834188383346, 0.04461857274869087, 0.04465834188383346, 0.04461857274869087, 0.04465834188383346, 0.04461857274869087, 0.04465834188383346, 0.04461857274869087, 0.04465834188383346, 0.04461857274869087], [0.014844034812903568, 0.015398649544053582, 0.0, 0.009000760851830767, 0.01648364283906804, 0.013570336546448788, 0.026617004859443696, 0.013493435183945976, 0.015887105265327713, 0.02583014829095481, 0.008100723001952815, 0.018113361961345786, 0.012578496793981825, 0.00962931232998177, 0.018231786388813995, 0.025788094537079004, 0.015907378703665966, 0.02488299268499907, 0.022726195645291748, 0.013923912365354826, 0.04462561488396691, 0.04451198580331969, 0.04462561488396691, 0.04451198580331969, 0.04462561488396691, 0.04451198580331969, 0.04462561488396691, 0.04451198580331969, 0.04462561488396691, 0.04451198580331969, 0.04462561488396691, 0.04451198580331969, 0.04462561488396691, 0.04451198580331969, 0.04462561488396691, 0.04451198580331969, 0.04462561488396691, 0.04451198580331969, 0.04462561488396691, 0.04451198580331969], [0.01417543920673127, 0.016964181814177852, 0.009000760851830767, 0.0, 0.02077663847078449, 0.012678319307806225, 0.027286218170987468, 0.010341656665599809, 0.016551515405821095, 0.025835583921874888, 0.01078842816133567, 0.01830934976213392, 0.009406936549162125, 0.01272526609410165, 0.019348088034895385, 0.024319183716475835, 0.01726101334715148, 0.025802918147250834, 0.02445373842791814, 0.013527473786825443, 0.042980130010515726, 0.042936362976451724, 0.042980130010515726, 0.042936362976451724, 0.042980130010515726, 0.042936362976451724, 0.042980130010515726, 0.042936362976451724, 0.042980130010515726, 0.042936362976451724, 0.042980130010515726, 0.042936362976451724, 0.042980130010515726, 0.042936362976451724, 0.042980130010515726, 0.042936362976451724, 0.042980130010515726, 0.042936362976451724, 0.042980130010515726, 0.042936362976451724], [0.016980569338500496, 0.017304820668022476, 0.01648364283906804, 0.02077663847078449, 0.0, 0.012722455343760814, 0.016451252477254093, 0.016314820300127528, 0.015912570581250278, 0.01564036440209906, 0.016663949924069846, 0.013293518769170818, 0.019664717591555473, 0.01799178009032891, 0.017432241881087256, 0.019472586632917697, 0.02050793375931392, 0.013482442436762556, 0.011821150901661916, 0.014249585900794634, 0.04948489295759553, 0.049371553818256135, 0.04948489295759553, 0.049371553818256135, 0.04948489295759553, 0.049371553818256135, 0.04948489295759553, 0.049371553818256135, 0.04948489295759553, 0.049371553818256135, 0.04948489295759553, 0.049371553818256135, 0.04948489295759553, 0.049371553818256135, 0.04948489295759553, 0.049371553818256135, 0.04948489295759553, 0.049371553818256135, 0.04948489295759553, 0.049371553818256135], [0.012721253354246126, 0.01744513114512406, 0.013570336546448788, 0.012678319307806225, 0.012722455343760814, 0.0, 0.017449019130082045, 0.006479348498156551, 0.015384650468014896, 0.014297553873781557, 0.0147896735386643, 0.012168953865530458, 0.012170189750408268, 0.015704987630161402, 0.017512538129360457, 0.01641891525256784, 0.01984309732093105, 0.014634231750904276, 0.01489410850074588, 0.008987665814042064, 0.04405666650535693, 0.044000839757983475, 0.04405666650535693, 0.044000839757983475, 0.04405666650535693, 0.044000839757983475, 0.04405666650535693, 0.044000839757983475, 0.04405666650535693, 0.044000839757983475, 0.04405666650535693, 0.044000839757983475, 0.04405666650535693, 0.044000839757983475, 0.04405666650535693, 0.044000839757983475, 0.04405666650535693, 0.044000839757983475, 0.04405666650535693, 0.044000839757983475], [0.02130628377458784, 0.026323619634390703, 0.026617004859443696, 0.027286218170987468, 0.016451252477254093, 0.017449019130082045, 0.0, 0.01966745830150881, 0.0240552477890121, 0.013931619265689647, 0.027340998446410737, 0.02081684524479574, 0.025165687018597713, 0.02597671879867489, 0.022099281027621685, 0.023819512170578174, 0.030272421267048603, 0.01692349868049397, 0.019246954923260562, 0.02236788983569538, 0.05437442306229997, 0.05425766388183345, 0.05437442306229997, 0.05425766388183345, 0.05437442306229997, 0.05425766388183345, 0.05437442306229997, 0.05425766388183345, 0.05437442306229997, 0.05425766388183345, 0.05437442306229997, 0.05425766388183345, 0.05437442306229997, 0.05425766388183345, 0.05437442306229997, 0.05425766388183345, 0.05437442306229997, 0.05425766388183345, 0.05437442306229997, 0.05425766388183345], [0.01443295226737359, 0.017902110423985016, 0.013493435183945976, 0.010341656665599809, 0.016314820300127528, 0.006479348498156551, 0.01966745830150881, 0.0, 0.015831512340834818, 0.017207883104186927, 0.014946149214617512, 0.014440668936582145, 0.009045511323893947, 0.014268390980812498, 0.018553732623613556, 0.019224479951319366, 0.020165856282718306, 0.01850652458176049, 0.0185571604958748, 0.011853117805703015, 0.045395737501973794, 0.04537578746980456, 0.045395737501973794, 0.04537578746980456, 0.045395737501973794, 0.04537578746980456, 0.045395737501973794, 0.04537578746980456, 0.045395737501973794, 0.04537578746980456, 0.045395737501973794, 0.04537578746980456, 0.045395737501973794, 0.04537578746980456, 0.045395737501973794, 0.04537578746980456, 0.045395737501973794, 0.04537578746980456, 0.045395737501973794, 0.04537578746980456], [0.016097208643389864, 0.014811578328653392, 0.015887105265327713, 0.016551515405821095, 0.015912570581250278, 0.015384650468014896, 0.0240552477890121, 0.015831512340834818, 0.0, 0.02279021833904917, 0.011887511622988001, 0.010657181659389439, 0.018544040295158666, 0.020059444129815984, 0.018006923743051455, 0.020659939973200613, 0.014675205389284813, 0.018315037839084936, 0.01911959433251735, 0.013192653181049157, 0.051155733902874694, 0.05113711129408917, 0.051155733902874694, 0.05113711129408917, 0.051155733902874694, 0.05113711129408917, 0.051155733902874694, 0.05113711129408917, 0.051155733902874694, 0.05113711129408917, 0.051155733902874694, 0.05113711129408917, 0.051155733902874694, 0.05113711129408917, 0.051155733902874694, 0.05113711129408917, 0.051155733902874694, 0.05113711129408917, 0.051155733902874694, 0.05113711129408917], [0.020143714874254426, 0.02383244844175156, 0.02583014829095481, 0.025835583921874888, 0.01564036440209906, 0.014297553873781557, 0.013931619265689647, 0.017207883104186927, 0.02279021833904917, 0.0, 0.026505871762838164, 0.016296259224111105, 0.02332612308745082, 0.025670723624286573, 0.02146799349845577, 0.012500130486959362, 0.0280057728245467, 0.01003560673844313, 0.009446182674330075, 0.018459709849207827, 0.05021132627310543, 0.05017366590201958, 0.05021132627310543, 0.05017366590201958, 0.05021132627310543, 0.05017366590201958, 0.05021132627310543, 0.05017366590201958, 0.05021132627310543, 0.05017366590201958, 0.05021132627310543, 0.05017366590201958, 0.05021132627310543, 0.05017366590201958, 0.05021132627310543, 0.05017366590201958, 0.05021132627310543, 0.05017366590201958, 0.05021132627310543, 0.05017366590201958], [0.014468947264502673, 0.012392820796672728, 0.008100723001952815, 0.01078842816133567, 0.016663949924069846, 0.0147896735386643, 0.027340998446410737, 0.014946149214617512, 0.011887511622988001, 0.026505871762838164, 0.0, 0.014387833500972759, 0.013644301787643715, 0.014367271659301163, 0.016882006356760255, 0.02409478760624855, 0.015529477829073645, 0.02323566583141172, 0.02262099735134513, 0.012140349768227702, 0.04503237930632677, 0.044974885748908025, 0.04503237930632677, 0.044974885748908025, 0.04503237930632677, 0.044974885748908025, 0.04503237930632677, 0.044974885748908025, 0.04503237930632677, 0.044974885748908025, 0.04503237930632677, 0.044974885748908025, 0.04503237930632677, 0.044974885748908025, 0.04503237930632677, 0.044974885748908025, 0.04503237930632677, 0.044974885748908025, 0.04503237930632677, 0.044974885748908025], [0.012934921340678692, 0.012114295189341573, 0.018113361961345786, 0.01830934976213392, 0.013293518769170818, 0.012168953865530458, 0.02081684524479574, 0.014440668936582145, 0.010657181659389439, 0.016296259224111105, 0.014387833500972759, 0.0, 0.01679364359811892, 0.019999623357573736, 0.015523094247848365, 0.012613297123727683, 0.02074689313968755, 0.011584172107369166, 0.01276715132078825, 0.008102941153987322, 0.04672571157779463, 0.04672618129579118, 0.04672571157779463, 0.04672618129579118, 0.04672571157779463, 0.04672618129579118, 0.04672571157779463, 0.04672618129579118, 0.04672571157779463, 0.04672618129579118, 0.04672571157779463, 0.04672618129579118, 0.04672571157779463, 0.04672618129579118, 0.04672571157779463, 0.04672618129579118, 0.04672571157779463, 0.04672618129579118, 0.04672571157779463, 0.04672618129579118], [0.01623511311066823, 0.01747397860180842, 0.012578496793981825, 0.009406936549162125, 0.019664717591555473, 0.012170189750408268, 0.025165687018597713, 0.009045511323893947, 0.018544040295158666, 0.02332612308745082, 0.013644301787643715, 0.01679364359811892, 0.0, 0.010882185190203366, 0.02123747258143609, 0.022658161112040033, 0.023860481033511786, 0.023852770064864987, 0.022753729661530504, 0.011895494698035861, 0.04460328369960316, 0.044594641938147335, 0.04460328369960316, 0.044594641938147335, 0.04460328369960316, 0.044594641938147335, 0.04460328369960316, 0.044594641938147335, 0.04460328369960316, 0.044594641938147335, 0.04460328369960316, 0.044594641938147335, 0.04460328369960316, 0.044594641938147335, 0.04460328369960316, 0.044594641938147335, 0.04460328369960316, 0.044594641938147335, 0.04460328369960316, 0.044594641938147335], [0.017490377100774158, 0.016367183455491426, 0.00962931232998177, 0.01272526609410165, 0.01799178009032891, 0.015704987630161402, 0.02597671879867489, 0.014268390980812498, 0.020059444129815984, 0.025670723624286573, 0.014367271659301163, 0.019999623357573736, 0.010882185190203366, 0.0, 0.02100878975668041, 0.025401592647225794, 0.022143562409349383, 0.026754098544245097, 0.022723211304078138, 0.015415226557288692, 0.04699169609145889, 0.04690525953879574, 0.04699169609145889, 0.04690525953879574, 0.04699169609145889, 0.04690525953879574, 0.04699169609145889, 0.04690525953879574, 0.04699169609145889, 0.04690525953879574, 0.04699169609145889, 0.04690525953879574, 0.04699169609145889, 0.04690525953879574, 0.04699169609145889, 0.04690525953879574, 0.04699169609145889, 0.04690525953879574, 0.04699169609145889, 0.04690525953879574], [0.009704360985591767, 0.011228342083169501, 0.018231786388813995, 0.019348088034895385, 0.017432241881087256, 0.017512538129360457, 0.022099281027621685, 0.018553732623613556, 0.018006923743051455, 0.02146799349845577, 0.016882006356760255, 0.015523094247848365, 0.02123747258143609, 0.02100878975668041, 0.0, 0.019010011902421516, 0.01985861036263595, 0.021218985122738065, 0.019167153467504326, 0.01784632358284629, 0.04734132504600132, 0.04724818780900619, 0.04734132504600132, 0.04724818780900619, 0.04734132504600132, 0.04724818780900619, 0.04734132504600132, 0.04724818780900619, 0.04734132504600132, 0.04724818780900619, 0.04734132504600132, 0.04724818780900619, 0.04734132504600132, 0.04724818780900619, 0.04734132504600132, 0.04724818780900619, 0.04734132504600132, 0.04724818780900619, 0.04734132504600132, 0.04724818780900619], [0.01709403544850159, 0.01868890232823584, 0.025788094537079004, 0.024319183716475835, 0.019472586632917697, 0.01641891525256784, 0.023819512170578174, 0.019224479951319366, 0.020659939973200613, 0.012500130486959362, 0.02409478760624855, 0.012613297123727683, 0.022658161112040033, 0.025401592647225794, 0.019010011902421516, 0.0, 0.026244710811810026, 0.014409900825429466, 0.01088496963377267, 0.015193305528593026, 0.048127491642768826, 0.04814290662021448, 0.048127491642768826, 0.04814290662021448, 0.048127491642768826, 0.04814290662021448, 0.048127491642768826, 0.04814290662021448, 0.048127491642768826, 0.04814290662021448, 0.048127491642768826, 0.04814290662021448, 0.048127491642768826, 0.04814290662021448, 0.048127491642768826, 0.04814290662021448, 0.048127491642768826, 0.04814290662021448, 0.048127491642768826, 0.04814290662021448], [0.019869496509469783, 0.01935292344781379, 0.015907378703665966, 0.01726101334715148, 0.02050793375931392, 0.01984309732093105, 0.030272421267048603, 0.020165856282718306, 0.014675205389284813, 0.0280057728245467, 0.015529477829073645, 0.02074689313968755, 0.023860481033511786, 0.022143562409349383, 0.01985861036263595, 0.026244710811810026, 0.0, 0.026099258301101772, 0.02351976030291873, 0.020793167885304845, 0.04959822967806742, 0.04952283772519955, 0.04959822967806742, 0.04952283772519955, 0.04959822967806742, 0.04952283772519955, 0.04959822967806742, 0.04952283772519955, 0.04959822967806742, 0.04952283772519955, 0.04959822967806742, 0.04952283772519955, 0.04959822967806742, 0.04952283772519955, 0.04959822967806742, 0.04952283772519955, 0.04959822967806742, 0.04952283772519955, 0.04959822967806742, 0.04952283772519955], [0.01986326096908193, 0.021773382759284497, 0.02488299268499907, 0.025802918147250834, 0.013482442436762556, 0.014634231750904276, 0.01692349868049397, 0.01850652458176049, 0.018315037839084936, 0.01003560673844313, 0.02323566583141172, 0.011584172107369166, 0.023852770064864987, 0.026754098544245097, 0.021218985122738065, 0.014409900825429466, 0.026099258301101772, 0.0, 0.011058501317620833, 0.01593913735374821, 0.04924078727791348, 0.049219858275934315, 0.04924078727791348, 0.049219858275934315, 0.04924078727791348, 0.049219858275934315, 0.04924078727791348, 0.049219858275934315, 0.04924078727791348, 0.049219858275934315, 0.04924078727791348, 0.049219858275934315, 0.04924078727791348, 0.049219858275934315, 0.04924078727791348, 0.049219858275934315, 0.04924078727791348, 0.049219858275934315, 0.04924078727791348, 0.049219858275934315], [0.018439945014349705, 0.018853898335664334, 0.022726195645291748, 0.02445373842791814, 0.011821150901661916, 0.01489410850074588, 0.019246954923260562, 0.0185571604958748, 0.01911959433251735, 0.009446182674330075, 0.02262099735134513, 0.01276715132078825, 0.022753729661530504, 0.022723211304078138, 0.019167153467504326, 0.01088496963377267, 0.02351976030291873, 0.011058501317620833, 0.0, 0.015349382671261295, 0.04995691772394795, 0.04990846264772503, 0.04995691772394795, 0.04990846264772503, 0.04995691772394795, 0.04990846264772503, 0.04995691772394795, 0.04990846264772503, 0.04995691772394795, 0.04990846264772503, 0.04995691772394795, 0.04990846264772503, 0.04995691772394795, 0.04990846264772503, 0.04995691772394795, 0.04990846264772503, 0.04995691772394795, 0.04990846264772503, 0.04995691772394795, 0.04990846264772503], [0.01158113507482794, 0.013105439310255335, 0.013923912365354826, 0.013527473786825443, 0.014249585900794634, 0.008987665814042064, 0.02236788983569538, 0.011853117805703015, 0.013192653181049157, 0.018459709849207827, 0.012140349768227702, 0.008102941153987322, 0.011895494698035861, 0.015415226557288692, 0.01784632358284629, 0.015193305528593026, 0.020793167885304845, 0.01593913735374821, 0.015349382671261295, 0.0, 0.04276831139633404, 0.042745176746236395, 0.04276831139633404, 0.042745176746236395, 0.04276831139633404, 0.042745176746236395, 0.04276831139633404, 0.042745176746236395, 0.04276831139633404, 0.042745176746236395, 0.04276831139633404, 0.042745176746236395, 0.04276831139633404, 0.042745176746236395, 0.04276831139633404, 0.042745176746236395, 0.04276831139633404, 0.042745176746236395, 0.04276831139633404, 0.042745176746236395], [0.042067087973846576, 0.04465834188383346, 0.04462561488396691, 0.042980130010515726, 0.04948489295759553, 0.04405666650535693, 0.05437442306229997, 0.045395737501973794, 0.051155733902874694, 0.05021132627310543, 0.04503237930632677, 0.04672571157779463, 0.04460328369960316, 0.04699169609145889, 0.04734132504600132, 0.048127491642768826, 0.04959822967806742, 0.04924078727791348, 0.04995691772394795, 0.04276831139633404, 0.0, 0.0005248980445375623, 0.0, 0.0005248980445375623, 0.0, 0.0005248980445375623, 0.0, 0.0005248980445375623, 0.0, 0.0005248980445375623, 0.0, 0.0005248980445375623, 0.0, 0.0005248980445375623, 0.0, 0.0005248980445375623, 0.0, 0.0005248980445375623, 0.0, 0.0005248980445375623], [0.041983849720276245, 0.04461857274869087, 0.04451198580331969, 0.042936362976451724, 0.049371553818256135, 0.044000839757983475, 0.05425766388183345, 0.04537578746980456, 0.05113711129408917, 0.05017366590201958, 0.044974885748908025, 0.04672618129579118, 0.044594641938147335, 0.04690525953879574, 0.04724818780900619, 0.04814290662021448, 0.04952283772519955, 0.049219858275934315, 0.04990846264772503, 0.042745176746236395, 0.0005248980445375623, 0.0, 0.0005248980445375623, 0.0, 0.0005248980445375623, 0.0, 0.0005248980445375623, 0.0, 0.0005248980445375623, 0.0, 0.0005248980445375623, 0.0, 0.0005248980445375623, 0.0, 0.0005248980445375623, 0.0, 0.0005248980445375623, 0.0, 0.0005248980445375623, 0.0], [0.042067087973846576, 0.04465834188383346, 0.04462561488396691, 0.042980130010515726, 0.04948489295759553, 0.04405666650535693, 0.05437442306229997, 0.045395737501973794, 0.051155733902874694, 0.05021132627310543, 0.04503237930632677, 0.04672571157779463, 0.04460328369960316, 0.04699169609145889, 0.04734132504600132, 0.048127491642768826, 0.04959822967806742, 0.04924078727791348, 0.04995691772394795, 0.04276831139633404, 0.0, 0.0005248980445375623, 0.0, 0.0005248980445375623, 0.0, 0.0005248980445375623, 0.0, 0.0005248980445375623, 0.0, 0.0005248980445375623, 0.0, 0.0005248980445375623, 0.0, 0.0005248980445375623, 0.0, 0.0005248980445375623, 0.0, 0.0005248980445375623, 0.0, 0.0005248980445375623], [0.041983849720276245, 0.04461857274869087, 0.04451198580331969, 0.042936362976451724, 0.049371553818256135, 0.044000839757983475, 0.05425766388183345, 0.04537578746980456, 0.05113711129408917, 0.05017366590201958, 0.044974885748908025, 0.04672618129579118, 0.044594641938147335, 0.04690525953879574, 0.04724818780900619, 0.04814290662021448, 0.04952283772519955, 0.049219858275934315, 0.04990846264772503, 0.042745176746236395, 0.0005248980445375623, 0.0, 0.0005248980445375623, 0.0, 0.0005248980445375623, 0.0, 0.0005248980445375623, 0.0, 0.0005248980445375623, 0.0, 0.0005248980445375623, 0.0, 0.0005248980445375623, 0.0, 0.0005248980445375623, 0.0, 0.0005248980445375623, 0.0, 0.0005248980445375623, 0.0], [0.042067087973846576, 0.04465834188383346, 0.04462561488396691, 0.042980130010515726, 0.04948489295759553, 0.04405666650535693, 0.05437442306229997, 0.045395737501973794, 0.051155733902874694, 0.05021132627310543, 0.04503237930632677, 0.04672571157779463, 0.04460328369960316, 0.04699169609145889, 0.04734132504600132, 0.048127491642768826, 0.04959822967806742, 0.04924078727791348, 0.04995691772394795, 0.04276831139633404, 0.0, 0.0005248980445375623, 0.0, 0.0005248980445375623, 0.0, 0.0005248980445375623, 0.0, 0.0005248980445375623, 0.0, 0.0005248980445375623, 0.0, 0.0005248980445375623, 0.0, 0.0005248980445375623, 0.0, 0.0005248980445375623, 0.0, 0.0005248980445375623, 0.0, 0.0005248980445375623], [0.041983849720276245, 0.04461857274869087, 0.04451198580331969, 0.042936362976451724, 0.049371553818256135, 0.044000839757983475, 0.05425766388183345, 0.04537578746980456, 0.05113711129408917, 0.05017366590201958, 0.044974885748908025, 0.04672618129579118, 0.044594641938147335, 0.04690525953879574, 0.04724818780900619, 0.04814290662021448, 0.04952283772519955, 0.049219858275934315, 0.04990846264772503, 0.042745176746236395, 0.0005248980445375623, 0.0, 0.0005248980445375623, 0.0, 0.0005248980445375623, 0.0, 0.0005248980445375623, 0.0, 0.0005248980445375623, 0.0, 0.0005248980445375623, 0.0, 0.0005248980445375623, 0.0, 0.0005248980445375623, 0.0, 0.0005248980445375623, 0.0, 0.0005248980445375623, 0.0], [0.042067087973846576, 0.04465834188383346, 0.04462561488396691, 0.042980130010515726, 0.04948489295759553, 0.04405666650535693, 0.05437442306229997, 0.045395737501973794, 0.051155733902874694, 0.05021132627310543, 0.04503237930632677, 0.04672571157779463, 0.04460328369960316, 0.04699169609145889, 0.04734132504600132, 0.048127491642768826, 0.04959822967806742, 0.04924078727791348, 0.04995691772394795, 0.04276831139633404, 0.0, 0.0005248980445375623, 0.0, 0.0005248980445375623, 0.0, 0.0005248980445375623, 0.0, 0.0005248980445375623, 0.0, 0.0005248980445375623, 0.0, 0.0005248980445375623, 0.0, 0.0005248980445375623, 0.0, 0.0005248980445375623, 0.0, 0.0005248980445375623, 0.0, 0.0005248980445375623], [0.041983849720276245, 0.04461857274869087, 0.04451198580331969, 0.042936362976451724, 0.049371553818256135, 0.044000839757983475, 0.05425766388183345, 0.04537578746980456, 0.05113711129408917, 0.05017366590201958, 0.044974885748908025, 0.04672618129579118, 0.044594641938147335, 0.04690525953879574, 0.04724818780900619, 0.04814290662021448, 0.04952283772519955, 0.049219858275934315, 0.04990846264772503, 0.042745176746236395, 0.0005248980445375623, 0.0, 0.0005248980445375623, 0.0, 0.0005248980445375623, 0.0, 0.0005248980445375623, 0.0, 0.0005248980445375623, 0.0, 0.0005248980445375623, 0.0, 0.0005248980445375623, 0.0, 0.0005248980445375623, 0.0, 0.0005248980445375623, 0.0, 0.0005248980445375623, 0.0], [0.042067087973846576, 0.04465834188383346, 0.04462561488396691, 0.042980130010515726, 0.04948489295759553, 0.04405666650535693, 0.05437442306229997, 0.045395737501973794, 0.051155733902874694, 0.05021132627310543, 0.04503237930632677, 0.04672571157779463, 0.04460328369960316, 0.04699169609145889, 0.04734132504600132, 0.048127491642768826, 0.04959822967806742, 0.04924078727791348, 0.04995691772394795, 0.04276831139633404, 0.0, 0.0005248980445375623, 0.0, 0.0005248980445375623, 0.0, 0.0005248980445375623, 0.0, 0.0005248980445375623, 0.0, 0.0005248980445375623, 0.0, 0.0005248980445375623, 0.0, 0.0005248980445375623, 0.0, 0.0005248980445375623, 0.0, 0.0005248980445375623, 0.0, 0.0005248980445375623], [0.041983849720276245, 0.04461857274869087, 0.04451198580331969, 0.042936362976451724, 0.049371553818256135, 0.044000839757983475, 0.05425766388183345, 0.04537578746980456, 0.05113711129408917, 0.05017366590201958, 0.044974885748908025, 0.04672618129579118, 0.044594641938147335, 0.04690525953879574, 0.04724818780900619, 0.04814290662021448, 0.04952283772519955, 0.049219858275934315, 0.04990846264772503, 0.042745176746236395, 0.0005248980445375623, 0.0, 0.0005248980445375623, 0.0, 0.0005248980445375623, 0.0, 0.0005248980445375623, 0.0, 0.0005248980445375623, 0.0, 0.0005248980445375623, 0.0, 0.0005248980445375623, 0.0, 0.0005248980445375623, 0.0, 0.0005248980445375623, 0.0, 0.0005248980445375623, 0.0], [0.042067087973846576, 0.04465834188383346, 0.04462561488396691, 0.042980130010515726, 0.04948489295759553, 0.04405666650535693, 0.05437442306229997, 0.045395737501973794, 0.051155733902874694, 0.05021132627310543, 0.04503237930632677, 0.04672571157779463, 0.04460328369960316, 0.04699169609145889, 0.04734132504600132, 0.048127491642768826, 0.04959822967806742, 0.04924078727791348, 0.04995691772394795, 0.04276831139633404, 0.0, 0.0005248980445375623, 0.0, 0.0005248980445375623, 0.0, 0.0005248980445375623, 0.0, 0.0005248980445375623, 0.0, 0.0005248980445375623, 0.0, 0.0005248980445375623, 0.0, 0.0005248980445375623, 0.0, 0.0005248980445375623, 0.0, 0.0005248980445375623, 0.0, 0.0005248980445375623], [0.041983849720276245, 0.04461857274869087, 0.04451198580331969, 0.042936362976451724, 0.049371553818256135, 0.044000839757983475, 0.05425766388183345, 0.04537578746980456, 0.05113711129408917, 0.05017366590201958, 0.044974885748908025, 0.04672618129579118, 0.044594641938147335, 0.04690525953879574, 0.04724818780900619, 0.04814290662021448, 0.04952283772519955, 0.049219858275934315, 0.04990846264772503, 0.042745176746236395, 0.0005248980445375623, 0.0, 0.0005248980445375623, 0.0, 0.0005248980445375623, 0.0, 0.0005248980445375623, 0.0, 0.0005248980445375623, 0.0, 0.0005248980445375623, 0.0, 0.0005248980445375623, 0.0, 0.0005248980445375623, 0.0, 0.0005248980445375623, 0.0, 0.0005248980445375623, 0.0], [0.042067087973846576, 0.04465834188383346, 0.04462561488396691, 0.042980130010515726, 0.04948489295759553, 0.04405666650535693, 0.05437442306229997, 0.045395737501973794, 0.051155733902874694, 0.05021132627310543, 0.04503237930632677, 0.04672571157779463, 0.04460328369960316, 0.04699169609145889, 0.04734132504600132, 0.048127491642768826, 0.04959822967806742, 0.04924078727791348, 0.04995691772394795, 0.04276831139633404, 0.0, 0.0005248980445375623, 0.0, 0.0005248980445375623, 0.0, 0.0005248980445375623, 0.0, 0.0005248980445375623, 0.0, 0.0005248980445375623, 0.0, 0.0005248980445375623, 0.0, 0.0005248980445375623, 0.0, 0.0005248980445375623, 0.0, 0.0005248980445375623, 0.0, 0.0005248980445375623], [0.041983849720276245, 0.04461857274869087, 0.04451198580331969, 0.042936362976451724, 0.049371553818256135, 0.044000839757983475, 0.05425766388183345, 0.04537578746980456, 0.05113711129408917, 0.05017366590201958, 0.044974885748908025, 0.04672618129579118, 0.044594641938147335, 0.04690525953879574, 0.04724818780900619, 0.04814290662021448, 0.04952283772519955, 0.049219858275934315, 0.04990846264772503, 0.042745176746236395, 0.0005248980445375623, 0.0, 0.0005248980445375623, 0.0, 0.0005248980445375623, 0.0, 0.0005248980445375623, 0.0, 0.0005248980445375623, 0.0, 0.0005248980445375623, 0.0, 0.0005248980445375623, 0.0, 0.0005248980445375623, 0.0, 0.0005248980445375623, 0.0, 0.0005248980445375623, 0.0], [0.042067087973846576, 0.04465834188383346, 0.04462561488396691, 0.042980130010515726, 0.04948489295759553, 0.04405666650535693, 0.05437442306229997, 0.045395737501973794, 0.051155733902874694, 0.05021132627310543, 0.04503237930632677, 0.04672571157779463, 0.04460328369960316, 0.04699169609145889, 0.04734132504600132, 0.048127491642768826, 0.04959822967806742, 0.04924078727791348, 0.04995691772394795, 0.04276831139633404, 0.0, 0.0005248980445375623, 0.0, 0.0005248980445375623, 0.0, 0.0005248980445375623, 0.0, 0.0005248980445375623, 0.0, 0.0005248980445375623, 0.0, 0.0005248980445375623, 0.0, 0.0005248980445375623, 0.0, 0.0005248980445375623, 0.0, 0.0005248980445375623, 0.0, 0.0005248980445375623], [0.041983849720276245, 0.04461857274869087, 0.04451198580331969, 0.042936362976451724, 0.049371553818256135, 0.044000839757983475, 0.05425766388183345, 0.04537578746980456, 0.05113711129408917, 0.05017366590201958, 0.044974885748908025, 0.04672618129579118, 0.044594641938147335, 0.04690525953879574, 0.04724818780900619, 0.04814290662021448, 0.04952283772519955, 0.049219858275934315, 0.04990846264772503, 0.042745176746236395, 0.0005248980445375623, 0.0, 0.0005248980445375623, 0.0, 0.0005248980445375623, 0.0, 0.0005248980445375623, 0.0, 0.0005248980445375623, 0.0, 0.0005248980445375623, 0.0, 0.0005248980445375623, 0.0, 0.0005248980445375623, 0.0, 0.0005248980445375623, 0.0, 0.0005248980445375623, 0.0], [0.042067087973846576, 0.04465834188383346, 0.04462561488396691, 0.042980130010515726, 0.04948489295759553, 0.04405666650535693, 0.05437442306229997, 0.045395737501973794, 0.051155733902874694, 0.05021132627310543, 0.04503237930632677, 0.04672571157779463, 0.04460328369960316, 0.04699169609145889, 0.04734132504600132, 0.048127491642768826, 0.04959822967806742, 0.04924078727791348, 0.04995691772394795, 0.04276831139633404, 0.0, 0.0005248980445375623, 0.0, 0.0005248980445375623, 0.0, 0.0005248980445375623, 0.0, 0.0005248980445375623, 0.0, 0.0005248980445375623, 0.0, 0.0005248980445375623, 0.0, 0.0005248980445375623, 0.0, 0.0005248980445375623, 0.0, 0.0005248980445375623, 0.0, 0.0005248980445375623], [0.041983849720276245, 0.04461857274869087, 0.04451198580331969, 0.042936362976451724, 0.049371553818256135, 0.044000839757983475, 0.05425766388183345, 0.04537578746980456, 0.05113711129408917, 0.05017366590201958, 0.044974885748908025, 0.04672618129579118, 0.044594641938147335, 0.04690525953879574, 0.04724818780900619, 0.04814290662021448, 0.04952283772519955, 0.049219858275934315, 0.04990846264772503, 0.042745176746236395, 0.0005248980445375623, 0.0, 0.0005248980445375623, 0.0, 0.0005248980445375623, 0.0, 0.0005248980445375623, 0.0, 0.0005248980445375623, 0.0, 0.0005248980445375623, 0.0, 0.0005248980445375623, 0.0, 0.0005248980445375623, 0.0, 0.0005248980445375623, 0.0, 0.0005248980445375623, 0.0], [0.042067087973846576, 0.04465834188383346, 0.04462561488396691, 0.042980130010515726, 0.04948489295759553, 0.04405666650535693, 0.05437442306229997, 0.045395737501973794, 0.051155733902874694, 0.05021132627310543, 0.04503237930632677, 0.04672571157779463, 0.04460328369960316, 0.04699169609145889, 0.04734132504600132, 0.048127491642768826, 0.04959822967806742, 0.04924078727791348, 0.04995691772394795, 0.04276831139633404, 0.0, 0.0005248980445375623, 0.0, 0.0005248980445375623, 0.0, 0.0005248980445375623, 0.0, 0.0005248980445375623, 0.0, 0.0005248980445375623, 0.0, 0.0005248980445375623, 0.0, 0.0005248980445375623, 0.0, 0.0005248980445375623, 0.0, 0.0005248980445375623, 0.0, 0.0005248980445375623], [0.041983849720276245, 0.04461857274869087, 0.04451198580331969, 0.042936362976451724, 0.049371553818256135, 0.044000839757983475, 0.05425766388183345, 0.04537578746980456, 0.05113711129408917, 0.05017366590201958, 0.044974885748908025, 0.04672618129579118, 0.044594641938147335, 0.04690525953879574, 0.04724818780900619, 0.04814290662021448, 0.04952283772519955, 0.049219858275934315, 0.04990846264772503, 0.042745176746236395, 0.0005248980445375623, 0.0, 0.0005248980445375623, 0.0, 0.0005248980445375623, 0.0, 0.0005248980445375623, 0.0, 0.0005248980445375623, 0.0, 0.0005248980445375623, 0.0, 0.0005248980445375623, 0.0, 0.0005248980445375623, 0.0, 0.0005248980445375623, 0.0, 0.0005248980445375623, 0.0]], "Angle": [[0.0, 0.019015738413025375, 0.05263094968002586, 0.05901812367043566, 0.05900814456758293, 0.053044015490851935, 0.04193485192380224, 0.04570272147377331, 0.030962329101933465, 0.05067458809699994, 0.05665350070812276, 0.048592618242899184, 0.0529903296988333, 0.06501436809480779, 0.024075763635694546, 0.045704501425056034, 0.0644843002776221, 0.058705430208144664, 0.06251798123194753, 0.054014664567224924, 0.08668240525767304, 0.08668240525767304, 0.08668240525767304, 0.08668240525767304, 0.08668240525767304, 0.08668240525767304, 0.08668240525767304, 0.08668240525767304, 0.08668240525767304, 0.08668240525767304, 0.08668240525767304, 0.08668240525767304, 0.08668240525767304, 0.08668240525767304, 0.08668240525767304, 0.08668240525767304, 0.08668240525767304, 0.08668240525767304, 0.08668240525767304, 0.08668240525767304], [0.019015738413025375, 0.0, 0.05272345871509748, 0.056169314299585604, 0.061123180827630526, 0.0552696365099764, 0.04699182867409734, 0.04281895650784847, 0.04281729455075189, 0.059581147874896705, 0.05629382454167666, 0.05011918265145793, 0.051599410487701405, 0.06009195141892595, 0.038955574823609965, 0.052691765613234555, 0.06894133218701505, 0.057513580601404685, 0.06287026978042252, 0.05496703392748799, 0.08987895610144062, 0.08987895610144062, 0.08987895610144062, 0.08987895610144062, 0.08987895610144062, 0.08987895610144062, 0.08987895610144062, 0.08987895610144062, 0.08987895610144062, 0.08987895610144062, 0.08987895610144062, 0.08987895610144062, 0.08987895610144062, 0.08987895610144062, 0.08987895610144062, 0.08987895610144062, 0.08987895610144062, 0.08987895610144062, 0.08987895610144062, 0.08987895610144062], [0.05263094968002586, 0.05272345871509748, 0.0, 0.01974073853840786, 0.0381296459349585, 0.027621759518816534, 0.03952346557472411, 0.03881268130509554, 0.04428652416059905, 0.05579985166181717, 0.026403203943509104, 0.03947986662092807, 0.010654717284469107, 0.029198467678182488, 0.054660272969073734, 0.05828191910219303, 0.05326581076408846, 0.0524781030649345, 0.05254760852200726, 0.0241643910431232, 0.07392482394800177, 0.07392482394800177, 0.07392482394800177, 0.07392482394800177, 0.07392482394800177, 0.07392482394800177, 0.07392482394800177, 0.07392482394800177, 0.07392482394800177, 0.07392482394800177, 0.07392482394800177, 0.07392482394800177, 0.07392482394800177, 0.07392482394800177, 0.07392482394800177, 0.07392482394800177, 0.07392482394800177, 0.07392482394800177, 0.07392482394800177, 0.07392482394800177], [0.05901812367043566, 0.056169314299585604, 0.01974073853840786, 0.0, 0.04535837967806989, 0.028276499062604484, 0.04411571046137894, 0.0408163572455546, 0.05143368296054665, 0.05970062929698541, 0.03521102820188092, 0.04433109669453807, 0.020143280940265858, 0.025974727086979295, 0.06117611440273959, 0.06058393648792632, 0.050444296006277735, 0.05093379921001354, 0.05550821124296614, 0.021458247771631408, 0.07742668580623945, 0.07742668580623945, 0.07742668580623945, 0.07742668580623945, 0.07742668580623945, 0.07742668580623945, 0.07742668580623945, 0.07742668580623945, 0.07742668580623945, 0.07742668580623945, 0.07742668580623945, 0.07742668580623945, 0.07742668580623945, 0.07742668580623945, 0.07742668580623945, 0.07742668580623945, 0.07742668580623945, 0.07742668580623945, 0.07742668580623945, 0.07742668580623945], [0.05900814456758293, 0.061123180827630526, 0.0381296459349585, 0.04535837967806989, 0.0, 0.03219200854498831, 0.04571328677367703, 0.04961902870757812, 0.055175357081472386, 0.05116402601712997, 0.026391852472039543, 0.01833917688074413, 0.04363443938700977, 0.04806479207033622, 0.059820816024085004, 0.05082700526427841, 0.056814264717189256, 0.036254283848483594, 0.024010184221525677, 0.03631399030932067, 0.07131229777274545, 0.07131229777274545, 0.07131229777274545, 0.07131229777274545, 0.07131229777274545, 0.07131229777274545, 0.07131229777274545, 0.07131229777274545, 0.07131229777274545, 0.07131229777274545, 0.07131229777274545, 0.07131229777274545, 0.07131229777274545, 0.07131229777274545, 0.07131229777274545, 0.07131229777274545, 0.07131229777274545, 0.07131229777274545, 0.07131229777274545, 0.07131229777274545], [0.053044015490851935, 0.0552696365099764, 0.027621759518816534, 0.028276499062604484, 0.03219200854498831, 0.0, 0.028821279261248955, 0.04038826022987863, 0.04589423860158069, 0.038769087502769764, 0.03759564441516926, 0.03416088694752966, 0.028842069611907484, 0.04102742563674899, 0.04969833773134922, 0.041266897665632955, 0.051870214686102666, 0.03151944838569529, 0.03763519198940018, 0.014061458952434741, 0.06806000272552405, 0.06806000272552405, 0.06806000272552405, 0.06806000272552405, 0.06806000272552405, 0.06806000272552405, 0.06806000272552405, 0.06806000272552405, 0.06806000272552405, 0.06806000272552405, 0.06806000272552405, 0.06806000272552405, 0.06806000272552405, 0.06806000272552405, 0.06806000272552405, 0.06806000272552405, 0.06806000272552405, 0.06806000272552405, 0.06806000272552405, 0.06806000272552405], [0.04193485192380224, 0.04699182867409734, 0.03952346557472411, 0.04411571046137894, 0.04571328677367703, 0.028821279261248955, 0.0, 0.026950091158420068, 0.03960861189180789, 0.02481391350189852, 0.049876063728152197, 0.042727769263913896, 0.03693434038181317, 0.05087798337785821, 0.04155284309406535, 0.04308510241997195, 0.06195238495478603, 0.04866010388885852, 0.05129692446170408, 0.03294072939153032, 0.08302688814617354, 0.08302688814617354, 0.08302688814617354, 0.08302688814617354, 0.08302688814617354, 0.08302688814617354, 0.08302688814617354, 0.08302688814617354, 0.08302688814617354, 0.08302688814617354, 0.08302688814617354, 0.08302688814617354, 0.08302688814617354, 0.08302688814617354, 0.08302688814617354, 0.08302688814617354, 0.08302688814617354, 0.08302688814617354, 0.08302688814617354, 0.08302688814617354], [0.04570272147377331, 0.04281895650784847, 0.03881268130509554, 0.0408163572455546, 0.04961902870757812, 0.04038826022987863, 0.026950091158420068, 0.0, 0.04792146134759319, 0.048238732175095715, 0.04549881981086291, 0.04321045312146924, 0.03632896879620958, 0.04136374838690276, 0.05659309151914354, 0.060068539794022, 0.06653255152061692, 0.054956872422940485, 0.055229765393260896, 0.037991357148715925, 0.08798646448728928, 0.08798646448728928, 0.08798646448728928, 0.08798646448728928, 0.08798646448728928, 0.08798646448728928, 0.08798646448728928, 0.08798646448728928, 0.08798646448728928, 0.08798646448728928, 0.08798646448728928, 0.08798646448728928, 0.08798646448728928, 0.08798646448728928, 0.08798646448728928, 0.08798646448728928, 0.08798646448728928, 0.08798646448728928, 0.08798646448728928, 0.08798646448728928], [0.030962329101933465, 0.04281729455075189, 0.04428652416059905, 0.05143368296054665, 0.055175357081472386, 0.04589423860158069, 0.03960861189180789, 0.04792146134759319, 0.0, 0.04863465789018107, 0.0490900415905884, 0.048046567977896484, 0.04728649358939367, 0.06542495580346175, 0.02820894630190658, 0.0503492311580248, 0.06413959253277408, 0.061355853911566866, 0.06551575915037944, 0.04690932297218302, 0.08220173316093933, 0.08220173316093933, 0.08220173316093933, 0.08220173316093933, 0.08220173316093933, 0.08220173316093933, 0.08220173316093933, 0.08220173316093933, 0.08220173316093933, 0.08220173316093933, 0.08220173316093933, 0.08220173316093933, 0.08220173316093933, 0.08220173316093933, 0.08220173316093933, 0.08220173316093933, 0.08220173316093933, 0.08220173316093933, 0.08220173316093933, 0.08220173316093933], [0.05067458809699994, 0.059581147874896705, 0.05579985166181717, 0.05970062929698541, 0.05116402601712997, 0.038769087502769764, 0.02481391350189852, 0.048238732175095715, 0.04863465789018107, 0.0, 0.06308670848180156, 0.05166585778563845, 0.05390794407671998, 0.06675517373843165, 0.04076063762860512, 0.03610403159295325, 0.06378262374773477, 0.051053588065680014, 0.04984615430539122, 0.047446344743583266, 0.09331848552632939, 0.09331848552632939, 0.09331848552632939, 0.09331848552632939, 0.09331848552632939, 0.09331848552632939, 0.09331848552632939, 0.09331848552632939, 0.09331848552632939, 0.09331848552632939, 0.09331848552632939, 0.09331848552632939, 0.09331848552632939, 0.09331848552632939, 0.09331848552632939, 0.09331848552632939, 0.09331848552632939, 0.09331848552632939, 0.09331848552632939, 0.09331848552632939], [0.05665350070812276, 0.05629382454167666, 0.026403203943509104, 0.03521102820188092, 0.026391852472039543, 0.03759564441516926, 0.049876063728152197, 0.04549881981086291, 0.0490900415905884, 0.06308670848180156, 0.0, 0.025680878113134423, 0.03405273023474082, 0.0423919601617286, 0.06141080240353893, 0.06212692311610734, 0.061302833703143184, 0.05020258470862861, 0.04632773056450944, 0.036749748158403706, 0.07430519590673977, 0.07430519590673977, 0.07430519590673977, 0.07430519590673977, 0.07430519590673977, 0.07430519590673977, 0.07430519590673977, 0.07430519590673977, 0.074305195906739