{"Bond": [[0.0, 0.1037915155241954, 0.009281231340508598, 0.032843870734744596, 0.01852213397785217, 0.029317580326776366, 0.014339425094626448, 0.034299839469221396, 0.03375830546697225, 0.01840199660762768, 0.018827743389469874, 0.010442083336034256, 0.010574945780140264, 0.07925348273371316, 0.018174947928814775, 0.017787860196212035, 0.0429134161730886, 0.05407780912261646, 0.018449881107774065, 0.008906292694459162, 0.017495789127697784, 0.017502756758905762, 0.018255500048552368, 0.017498589285295806, 0.017595591140136403, 0.01835168606681474, 0.017590318655653622, 0.018252628670321347, 0.01825545178751738, 0.017497521731053966, 0.018247046022580045, 0.017587183304828394, 0.018347892055126207, 0.018266857546448398, 0.018351148587523538, 0.01825930232917594, 0.01749754835328792, 0.017507924092311788, 0.018262869075423942, 0.01834927270243395], [0.1037915155241954, 0.0, 0.10410572221776881, 0.09353684732659923, 0.09978036183202743, 0.0822510856996732, 0.10503537028465634, 0.1056466688219728, 0.11505577187464142, 0.10041300751644142, 0.096770148446224, 0.10688363064854202, 0.1018169935735582, 0.09157684876757324, 0.10108645882937693, 0.10269663552237612, 0.09734119960724189, 0.1215037296132989, 0.10383212977238611, 0.10321419413235622, 0.10343343920765033, 0.10343662957777557, 0.10351851516519832, 0.10342283368768786, 0.1035223417318422, 0.10360513387805854, 0.10349721963202574, 0.10351872377458915, 0.10351843217455056, 0.10343234860925656, 0.10351519818561183, 0.10351305324561201, 0.10361209301307797, 0.10353092337579733, 0.10360178458974366, 0.10352239382395209, 0.10343226880805785, 0.10346654649588499, 0.10351945464528613, 0.1035869338475563], [0.009281231340508598, 0.10410572221776881, 0.0, 0.03245669142687202, 0.020180088426851095, 0.03133609266976044, 0.014302222798278743, 0.03748917248472742, 0.03578144549130707, 0.02033535680253377, 0.019835830691149914, 0.010627303588480705, 0.01011285756863995, 0.07672049862167217, 0.02150396417273386, 0.021287472226898346, 0.044752247728461106, 0.054216861422372906, 0.021611831434340475, 0.009118508438747883, 0.020429094977606036, 0.02043631477541581, 0.021225841130051524, 0.02044024881621402, 0.02059234302170091, 0.021378593586733004, 0.020595974961071895, 0.021221473354163318, 0.021225864194037738, 0.02043451032223233, 0.02121682906708202, 0.020584463272915698, 0.02137241165398694, 0.021238179790901753, 0.021381529729297476, 0.021229071359086547, 0.020434535959710953, 0.020438886488198804, 0.02122957322220788, 0.02138421618455214], [0.032843870734744596, 0.09353684732659923, 0.03245669142687202, 0.0, 0.03408480727472871, 0.03507388787404595, 0.03830682401727345, 0.05505056741753347, 0.048518288696668646, 0.03362316035851149, 0.033643962193745415, 0.036015676450105095, 0.034928577589404305, 0.06719782570059843, 0.03738248628495795, 0.03691183318262387, 0.04964673830260184, 0.06678790496953405, 0.035726632701200155, 0.03404756764158379, 0.03557165188085389, 0.03558747411607013, 0.03591935063202332, 0.03557230005713155, 0.035960898430221044, 0.03628477979987186, 0.035935769996746074, 0.03590962659799554, 0.03591935837552417, 0.035572176885729424, 0.03590300630683582, 0.03593747627121619, 0.036291933714265645, 0.03594712524141236, 0.03629017900087066, 0.03592643735156987, 0.03557221328061578, 0.03562196906612292, 0.03592217730157475, 0.03627799974296928], [0.01852213397785217, 0.09978036183202743, 0.020180088426851095, 0.03408480727472871, 0.0, 0.022637744546412094, 0.022211559662573356, 0.03129825960988315, 0.03825205354692463, 0.014294935549837844, 0.01275024013369431, 0.019231106313744833, 0.018702165261143322, 0.08088299698412378, 0.018387385373253348, 0.016496101082456603, 0.0407654357213119, 0.049624196052992675, 0.017330932282099813, 0.018590195945214813, 0.019309585226432568, 0.019300016052327326, 0.020938255714021525, 0.01930454363145351, 0.01928858442319278, 0.02093689504322801, 0.019299300129823546, 0.02094102366625906, 0.0209382686864952, 0.019304477571638168, 0.020941888350441876, 0.019300812713350247, 0.020938683560820487, 0.020939521145968507, 0.020935341641215605, 0.020939837345787107, 0.0193045029987503, 0.019294492663674667, 0.020940860782958075, 0.02094103974004967], [0.029317580326776366, 0.0822510856996732, 0.03133609266976044, 0.03507388787404595, 0.022637744546412094, 0.0, 0.030838137254939384, 0.03371060081257954, 0.045749504932000834, 0.021621925684960047, 0.01880520775211485, 0.03258542079384132, 0.028611798639020792, 0.07562902146711988, 0.026078553761635096, 0.025422768651348616, 0.035302693334573754, 0.05206608021344157, 0.02616701783083961, 0.02942733532230839, 0.028300521098389264, 0.028294025077697696, 0.029362107004453263, 0.028285075806723632, 0.02835743956105155, 0.029427142328897357, 0.028346466273907127, 0.029366345216142124, 0.029362109622438848, 0.02829451781512837, 0.0293649183079108, 0.028363984897613673, 0.02943480403546154, 0.02936878034281951, 0.029425425792355103, 0.029363264202174874, 0.028294505913805803, 0.028310799326383255, 0.029363498776747717, 0.029419509719187435], [0.014339425094626448, 0.10503537028465634, 0.014302222798278743, 0.03830682401727345, 0.022211559662573356, 0.030838137254939384, 0.0, 0.03474522313420755, 0.03272412210352299, 0.0212716020499802, 0.021628351957689494, 0.014975634970009475, 0.013778784011604768, 0.08142594496914678, 0.02226122341066494, 0.020503956656230175, 0.042019877759967905, 0.05436394839321412, 0.024597503797437532, 0.013635774345501893, 0.019504834579967007, 0.01950642944896972, 0.020302593525239835, 0.01951087047745058, 0.01961663586307718, 0.02040486627093477, 0.019624569243781628, 0.02030171338499952, 0.020302594368526095, 0.019514474057991945, 0.02029899348887596, 0.019621333392762726, 0.020392647218690666, 0.020304643557679594, 0.02040928642617536, 0.02029882984627832, 0.0195145147307136, 0.019503104853315367, 0.020298940047991404, 0.020412299361400123], [0.034299839469221396, 0.1056466688219728, 0.03748917248472742, 0.05505056741753347, 0.03129825960988315, 0.03371060081257954, 0.03474522313420755, 0.0, 0.04836743285124843, 0.03214866558804438, 0.03256300000969209, 0.03349656785040346, 0.03305169149629538, 0.09415507442629122, 0.02749935452048227, 0.03108871122830282, 0.04617009146263532, 0.047822928692240495, 0.031938126936959556, 0.03516702953211737, 0.033207847718856556, 0.03319529772078335, 0.03437705696514051, 0.03320824426278407, 0.03297192983992109, 0.03416756756489943, 0.03298432129682047, 0.03438517885837675, 0.03437702974064685, 0.033208499807803195, 0.03438512317337978, 0.03298759188176835, 0.03415555825503544, 0.03437016572122448, 0.03416434524673123, 0.03436989171931892, 0.03320852404598191, 0.033178823437712786, 0.03437940154215267, 0.03417148561221999], [0.03375830546697225, 0.11505577187464142, 0.03578144549130707, 0.048518288696668646, 0.03825205354692463, 0.045749504932000834, 0.03272412210352299, 0.04836743285124843, 0.0, 0.03622243968164232, 0.03899216452603595, 0.037187780354918834, 0.03841501535297847, 0.09265635882681389, 0.03782282794240426, 0.03678353577670301, 0.03310709632152406, 0.04877372170052729, 0.03807232682685562, 0.03752362106350232, 0.03577357680032236, 0.035775601696188486, 0.0364225875772285, 0.035776036071124125, 0.03604808280020498, 0.03670312563945449, 0.0360624848909738, 0.0364225090695051, 0.03642259074893427, 0.03576787254089393, 0.036418604313632426, 0.036055699949427825, 0.036702878681954106, 0.03642860014998609, 0.036697065959379195, 0.03642742059656594, 0.035767975274237036, 0.03579222747404091, 0.036438291127099516, 0.036705732013790994], [0.01840199660762768, 0.10041300751644142, 0.02033535680253377, 0.03362316035851149, 0.014294935549837844, 0.021621925684960047, 0.0212716020499802, 0.03214866558804438, 0.03622243968164232, 0.0, 0.011189442234729546, 0.0192695222547334, 0.020190621340089754, 0.08102178150023183, 0.021076738807527237, 0.012213449192304411, 0.04054267414126018, 0.0466206694630764, 0.011015399800186922, 0.017371885787938326, 0.019799653251796417, 0.019789534026802693, 0.020987294538670938, 0.019787251473387613, 0.019802809007780742, 0.02100347980041264, 0.019808180676901613, 0.020990375784081545, 0.020987329024718195, 0.019791165168481194, 0.020993269143747585, 0.01981597424101147, 0.021008257519464817, 0.020985410930735412, 0.021004658076141887, 0.020986696524572454, 0.019791257533552528, 0.01978030792009322, 0.020988699068140014, 0.02100831643905348], [0.018827743389469874, 0.096770148446224, 0.019835830691149914, 0.033643962193745415, 0.01275024013369431, 0.01880520775211485, 0.021628351957689494, 0.03256300000969209, 0.03899216452603595, 0.011189442234729546, 0.0, 0.019664596317626792, 0.018273388313331407, 0.07746630752745515, 0.019790185502015376, 0.015113345244452587, 0.041015359860301165, 0.05039966046611008, 0.013427690347293884, 0.0176419863869756, 0.020190975367298473, 0.020186448085918546, 0.02121356528203546, 0.020183580406832602, 0.020228829568417515, 0.021255688055384237, 0.020224434341866545, 0.02121358889302171, 0.02121362896467706, 0.020190539875654365, 0.02121494851132106, 0.020233846484132022, 0.021253062899956047, 0.021215724460336777, 0.02125320473449929, 0.021210425184008865, 0.020190572287030698, 0.020193906732174534, 0.02121118862560849, 0.021246638636005327], [0.010442083336034256, 0.10688363064854202, 0.010627303588480705, 0.036015676450105095, 0.019231106313744833, 0.03258542079384132, 0.014975634970009475, 0.03349656785040346, 0.037187780354918834, 0.0192695222547334, 0.019664596317626792, 0.0, 0.009570732698474787, 0.0794546971282387, 0.019994530857534852, 0.019408533597863313, 0.04775164406212002, 0.055258132813987816, 0.019378470469531887, 0.007732735380882418, 0.021486029986957002, 0.02148830646826624, 0.022499804794472857, 0.021490554013425808, 0.021496752955949876, 0.022512439389394436, 0.021498918655897203, 0.022497582379470017, 0.022499820885163592, 0.021491234247197042, 0.0224946700162222, 0.021494652218585368, 0.022501122162917647, 0.02250533981449645, 0.02251337667058891, 0.022499049311452666, 0.021491277832675737, 0.021479799111374986, 0.022501044968295008, 0.022512992658884602], [0.010574945780140264, 0.1018169935735582, 0.01011285756863995, 0.034928577589404305, 0.018702165261143322, 0.028611798639020792, 0.013778784011604768, 0.03305169149629538, 0.03841501535297847, 0.020190621340089754, 0.018273388313331407, 0.009570732698474787, 0.0, 0.07559828685881147, 0.019930118580701487, 0.021420757720286086, 0.04593268227473143, 0.05613278009654571, 0.021980215996706264, 0.007411032450167393, 0.021208397676564242, 0.021211113785469696, 0.02217930225838219, 0.02120893381574258, 0.02124439759697003, 0.022213079455952647, 0.02123901137735922, 0.02217775533858837, 0.02217930012741308, 0.02121608118755087, 0.022173900480656622, 0.021241422128757344, 0.022204610849041972, 0.022186792087423905, 0.022214597704983456, 0.022177952632218643, 0.021216114823484306, 0.021211906799713225, 0.02217880530187362, 0.022209953224533174], [0.07925348273371316, 0.09157684876757324, 0.07672049862167217, 0.06719782570059843, 0.08088299698412378, 0.07562902146711988, 0.08142594496914678, 0.09415507442629122, 0.09265635882681389, 0.08102178150023183, 0.07746630752745515, 0.0794546971282387, 0.07559828685881147, 0.0, 0.0808593574948272, 0.085160160926301, 0.09227900125141444, 0.10409248786823742, 0.08325626917603925, 0.07791105951926552, 0.08706135321814991, 0.08707407397621973, 0.08697397131725762, 0.08705607748426149, 0.0874010186556608, 0.08729948332534208, 0.08738010063587208, 0.0869657137055278, 0.08697398201548362, 0.08706623817864835, 0.08696187056113215, 0.08738645702433351, 0.0873006756820249, 0.08699067522746727, 0.08729970923881647, 0.08697968117442659, 0.0870662544930605, 0.08710278226040473, 0.08697335144069109, 0.08728561877596196], [0.018174947928814775, 0.10108645882937693, 0.02150396417273386, 0.03738248628495795, 0.018387385373253348, 0.026078553761635096, 0.02226122341066494, 0.02749935452048227, 0.03782282794240426, 0.021076738807527237, 0.019790185502015376, 0.019994530857534852, 0.019930118580701487, 0.0808593574948272, 0.0, 0.020111371434609386, 0.04239442549692536, 0.047073809829638595, 0.019617004897153307, 0.021932136964870768, 0.019762848796669074, 0.019766904136197635, 0.020020475520938018, 0.019774132714125935, 0.019705874405260334, 0.019965770314812108, 0.019705770248364916, 0.02002160079065889, 0.02002047120302852, 0.01975765222309728, 0.020016537991175185, 0.01969778190509441, 0.019962746490532132, 0.020026462721726052, 0.019962642229795727, 0.020021590573093696, 0.019757658318399367, 0.01977234325950333, 0.020027911614135394, 0.019964709283051225], [0.017787860196212035, 0.10269663552237612, 0.021287472226898346, 0.03691183318262387, 0.016496101082456603, 0.025422768651348616, 0.020503956656230175, 0.03108871122830282, 0.03678353577670301, 0.012213449192304411, 0.015113345244452587, 0.019408533597863313, 0.021420757720286086, 0.085160160926301, 0.020111371434609386, 0.0, 0.04236710638947039, 0.04823902194396328, 0.01126917744696337, 0.01836602886148972, 0.01639973020496238, 0.016394148326551575, 0.017941945304586294, 0.016388830950623774, 0.016369533347718, 0.017926726573349355, 0.016374961802650037, 0.01793896284727614, 0.017941978297080167, 0.016395687847650005, 0.01794240032741351, 0.01638074126286725, 0.017924815343923112, 0.0179371222428647, 0.017925615158704736, 0.017938068614970767, 0.016395697077764018, 0.01637905824762549, 0.017941681471797435, 0.017922227839388957], [0.0429134161730886, 0.09734119960724189, 0.044752247728461106, 0.04964673830260184, 0.0407654357213119, 0.035302693334573754, 0.042019877759967905, 0.04617009146263532, 0.03310709632152406, 0.04054267414126018, 0.041015359860301165, 0.04775164406212002, 0.04593268227473143, 0.09227900125141444, 0.04239442549692536, 0.04236710638947039, 0.0, 0.04875899635397611, 0.04454749361819072, 0.04624531885497419, 0.03987281407102968, 0.039867372304464, 0.041012957080785936, 0.039863880365655684, 0.04014090150255683, 0.04129235660499693, 0.040147196584563394, 0.04101868934444384, 0.041012969618292774, 0.03986506837988731, 0.04101424480526606, 0.040154682803082924, 0.04129934717003202, 0.04102273622114356, 0.04128545795636207, 0.041019000844328836, 0.03986507575460774, 0.03989587589147897, 0.04102691966768393, 0.041291291347116406], [0.05407780912261646, 0.1215037296132989, 0.054216861422372906, 0.06678790496953405, 0.049624196052992675, 0.05206608021344157, 0.05436394839321412, 0.047822928692240495, 0.04877372170052729, 0.0466206694630764, 0.05039966046611008, 0.055258132813987816, 0.05613278009654571, 0.10409248786823742, 0.047073809829638595, 0.04823902194396328, 0.04875899635397611, 0.0, 0.04767013604059849, 0.05608285252286515, 0.05169761326311635, 0.05168935510206239, 0.052082661949523025, 0.05170110746236529, 0.05165537746920504, 0.05205398770719457, 0.051674374198061, 0.05208724932366114, 0.05208275641652774, 0.05168474028890682, 0.05208974574417306, 0.05166411702211886, 0.05206231406719023, 0.052079707045799215, 0.052054688660457156, 0.05208539966890095, 0.05168476980864654, 0.05167845173773672, 0.052094598215985624, 0.05207253504048719], [0.018449881107774065, 0.10383212977238611, 0.021611831434340475, 0.035726632701200155, 0.017330932282099813, 0.02616701783083961, 0.024597503797437532, 0.031938126936959556, 0.03807232682685562, 0.011015399800186922, 0.013427690347293884, 0.019378470469531887, 0.021980215996706264, 0.08325626917603925, 0.019617004897153307, 0.01126917744696337, 0.04454749361819072, 0.04767013604059849, 0.0, 0.019607838737229516, 0.020393049836108283, 0.02038946863411027, 0.021290800097892904, 0.020388300984058236, 0.020375719212171853, 0.021283994808463054, 0.020376659448475005, 0.021289733356263853, 0.021290819247129694, 0.020384794640811336, 0.021291747556822435, 0.020377691092952996, 0.02128427936969688, 0.021292027637797757, 0.02128185389780393, 0.02128988014907417, 0.020384866047845868, 0.02038390706660274, 0.021295903392929035, 0.021281024290385347], [0.008906292694459162, 0.10321419413235622, 0.009118508438747883, 0.03404756764158379, 0.018590195945214813, 0.02942733532230839, 0.013635774345501893, 0.03516702953211737, 0.03752362106350232, 0.017371885787938326, 0.0176419863869756, 0.007732735380882418, 0.007411032450167393, 0.07791105951926552, 0.021932136964870768, 0.01836602886148972, 0.04624531885497419, 0.05608285252286515, 0.019607838737229516, 0.0, 0.020299629513363438, 0.020300892589942027, 0.02136431961963941, 0.02029568690685026, 0.020324949651721092, 0.02138961962651208, 0.02032068440584489, 0.02136214965885595, 0.021364336407221886, 0.020305240995703695, 0.021360019459232663, 0.020324577221222342, 0.02138367341446994, 0.0213691295253426, 0.021392204860207934, 0.021363627986630485, 0.02030527806361063, 0.020294519666280066, 0.021362847012445084, 0.021388167069183506], [0.017495789127697784, 0.10343343920765033, 0.020429094977606036, 0.03557165188085389, 0.019309585226432568, 0.028300521098389264, 0.019504834579967007, 0.033207847718856556, 0.03577357680032236, 0.019799653251796417, 0.020190975367298473, 0.021486029986957002, 0.021208397676564242, 0.08706135321814991, 0.019762848796669074, 0.01639973020496238, 0.03987281407102968, 0.05169761326311635, 0.020393049836108283, 0.020299629513363438, 0.0, 3.659119920973534e-05, 0.0034299784510956233, 5.976867641404353e-05, 0.0006889954388447229, 0.0034981205201091033, 0.0006876835591040615, 0.0034298172036446115, 0.0034299884555463564, 3.270388873593533e-05, 0.003429772370393895, 0.000685704623088579, 0.003497995757910115, 0.0034304578237735494, 0.0034980700919387446, 0.0034299112606240908, 3.270099871752841e-05, 9.287902296984874e-05, 0.0034300131230025842, 0.0034978511285160773], [0.017502756758905762, 0.10343662957777557, 0.02043631477541581, 0.03558747411607013, 0.019300016052327326, 0.028294025077697696, 0.01950642944896972, 0.03319529772078335, 0.035775601696188486, 0.019789534026802693, 0.020186448085918546, 0.02148830646826624, 0.021211113785469696, 0.08707407397621973, 0.019766904136197635, 0.016394148326551575, 0.039867372304464, 0.05168935510206239, 0.02038946863411027, 0.020300892589942027, 3.659119920973534e-05, 0.0, 0.0034436091336283135, 5.00264999690593e-05, 0.0006743470707347105, 0.003508942581140991, 0.0006743839027243145, 0.003443688457474019, 0.0034436189727269726, 3.681195108201922e-05, 0.0034437370876602086, 0.000673682127772259, 0.0035089155551801493, 0.0034438213905215037, 0.003508862765148039, 0.0034435284922166034, 3.681729330539145e-05, 6.837321163209587e-05, 0.003443612176929254, 0.0035088558015719017], [0.018255500048552368, 0.10351851516519832, 0.021225841130051524, 0.03591935063202332, 0.020938255714021525, 0.029362107004453263, 0.020302593525239835, 0.03437705696514051, 0.0364225875772285, 0.020987294538670938, 0.02121356528203546, 0.022499804794472857, 0.02217930225838219, 0.08697397131725762, 0.020020475520938018, 0.017941945304586294, 0.041012957080785936, 0.052082661949523025, 0.021290800097892904, 0.02136431961963941, 0.0034299784510956233, 0.0034436091336283135, 0.0, 0.0034497943193171478, 0.0035292694287788343, 0.0006740898940751625, 0.003514748482123924, 2.7708831947611384e-05, 3.011301893149046e-07, 0.0034317241563610115, 3.3876140545757065e-05, 0.0035022634334594977, 0.0006748183418948522, 3.9442354323574115e-05, 0.0006736505861840674, 2.6736283198058807e-05, 0.0034317183510168643, 0.003460911134024487, 3.455559516283658e-05, 0.0006744952723423682], [0.017498589285295806, 0.10342283368768786, 0.02044024881621402, 0.03557230005713155, 0.01930454363145351, 0.028285075806723632, 0.01951087047745058, 0.03320824426278407, 0.035776036071124125, 0.019787251473387613, 0.020183580406832602, 0.021490554013425808, 0.02120893381574258, 0.08705607748426149, 0.019774132714125935, 0.016388830950623774, 0.039863880365655684, 0.05170110746236529, 0.020388300984058236, 0.02029568690685026, 5.976867641404353e-05, 5.00264999690593e-05, 0.0034497943193171478, 0.0, 0.000690905885687346, 0.003517910304190672, 0.0006881093077380711, 0.0034497890539964848, 0.0034498045782724376, 5.901647318512858e-05, 0.0034498600268852426, 0.0006905062186668109, 0.003518091850826058, 0.00345002872633699, 0.0035178280168695936, 0.00344976270427291, 5.89920144295706e-05, 9.380023720878842e-05, 0.0034496928447733366, 0.0035174215487482345], [0.017595591140136403, 0.1035223417318422, 0.02059234302170091, 0.035960898430221044, 0.01928858442319278, 0.02835743956105155, 0.01961663586307718, 0.03297192983992109, 0.03604808280020498, 0.019802809007780742, 0.020228829568417515, 0.021496752955949876, 0.02124439759697003, 0.0874010186556608, 0.019705874405260334, 0.016369533347718, 0.04014090150255683, 0.05165537746920504, 0.020375719212171853, 0.020324949651721092, 0.0006889954388447229, 0.0006743470707347105, 0.0035292694287788343, 0.000690905885687346, 0.0, 0.0034644635702915736, 6.222539893239966e-05, 0.0035308653043346575, 0.0035292719980416316, 0.0006864508631824772, 0.0035319469874077643, 5.75742578854064e-05, 0.003464619519761964, 0.0035258651134778374, 0.0034643661452791233, 0.0035281365300784146, 0.0006864334372601665, 0.0006375737652974883, 0.0035284326719942243, 0.003464660209832687], [0.01835168606681474, 0.10360513387805854, 0.021378593586733004, 0.03628477979987186, 0.02093689504322801, 0.029427142328897357, 0.02040486627093477, 0.03416756756489943, 0.03670312563945449, 0.02100347980041264, 0.021255688055384237, 0.022512439389394436, 0.022213079455952647, 0.08729948332534208, 0.019965770314812108, 0.017926726573349355, 0.04129235660499693, 0.05205398770719457, 0.021283994808463054, 0.02138961962651208, 0.0034981205201091033, 0.003508942581140991, 0.0006740898940751625, 0.003517910304190672, 0.0034644635702915736, 0.0, 0.0034499658568732973, 0.0006823129848389338, 0.0006740574341133429, 0.003499520009994809, 0.0006880197834133787, 0.0034373294015659557, 3.789086963112127e-05, 0.0006561955083647375, 2.6480755091900546e-05, 0.0006682463286207216, 0.003499511181951334, 0.0035184677759429912, 0.0006691455267706239, 5.75912057424987e-05], [0.017590318655653622, 0.10349721963202574, 0.020595974961071895, 0.035935769996746074, 0.019299300129823546, 0.028346466273907127, 0.019624569243781628, 0.03298432129682047, 0.0360624848909738, 0.019808180676901613, 0.020224434341866545, 0.021498918655897203, 0.02123901137735922, 0.08738010063587208, 0.019705770248364916, 0.016374961802650037, 0.040147196584563394, 0.051674374198061, 0.020376659448475005, 0.02032068440584489, 0.0006876835591040615, 0.0006743839027243145, 0.003514748482123924, 0.0006881093077380711, 6.222539893239966e-05, 0.0034499658568732973, 0.0, 0.0035162181406901975, 0.003514751724411, 0.0006861034409683543, 0.0035172311918026606, 5.722512613645212e-05, 0.0034501558041349066, 0.0035116381506457663, 0.0034498829773159105, 0.0035135279740930864, 0.0006860829095984721, 0.0006413806771638194, 0.003513761384452663, 0.0034494754831232415], [0.018252628670321347, 0.10351872377458915, 0.021221473354163318, 0.03590962659799554, 0.02094102366625906, 0.029366345216142124, 0.02030171338499952, 0.03438517885837675, 0.0364225090695051, 0.020990375784081545, 0.02121358889302171, 0.022497582379470017, 0.02217775533858837, 0.0869657137055278, 0.02002160079065889, 0.01793896284727614, 0.04101868934444384, 0.05208724932366114, 0.021289733356263853, 0.02136214965885595, 0.0034298172036446115, 0.003443688457474019, 2.7708831947611384e-05, 0.0034497890539964848, 0.0035308653043346575, 0.0006823129848389338, 0.0035162181406901975, 0.0, 2.7750657884993726e-05, 0.0034316880453696655, 1.6283703528739602e-05, 0.0035035854523884397, 0.0006827253057093234, 5.6268501400559754e-05, 0.0006821260268410093, 3.900206724198064e-05, 0.0034316822536577564, 0.003461097452887704, 4.1774180474830024e-05, 0.0006820553947052022], [0.01825545178751738, 0.10351843217455056, 0.021225864194037738, 0.03591935837552417, 0.0209382686864952, 0.029362109622438848, 0.020302594368526095, 0.03437702974064685, 0.03642259074893427, 0.020987329024718195, 0.02121362896467706, 0.022499820885163592, 0.02217930012741308, 0.08697398201548362, 0.02002047120302852, 0.017941978297080167, 0.041012969618292774, 0.05208275641652774, 0.021290819247129694, 0.021364336407221886, 0.0034299884555463564, 0.0034436189727269726, 3.011301893149046e-07, 0.0034498045782724376, 0.0035292719980416316, 0.0006740574341133429, 0.003514751724411, 2.7750657884993726e-05, 0.0, 0.0034317335697722014, 3.38925381705615e-05, 0.0035022659615711388, 0.0006747878256484761, 3.9449478137622846e-05, 0.0006736170025110908, 2.6831244273336755e-05, 0.0034317277683964123, 0.00346092051641711, 3.464628720046189e-05, 0.0006744660141006865], [0.017497521731053966, 0.10343234860925656, 0.02043451032223233, 0.035572176885729424, 0.019304477571638168, 0.02829451781512837, 0.019514474057991945, 0.033208499807803195, 0.03576787254089393, 0.019791165168481194, 0.020190539875654365, 0.021491234247197042, 0.02121608118755087, 0.08706623817864835, 0.01975765222309728, 0.016395687847650005, 0.03986506837988731, 0.05168474028890682, 0.020384794640811336, 0.020305240995703695, 3.270388873593533e-05, 3.681195108201922e-05, 0.0034317241563610115, 5.901647318512858e-05, 0.0006864508631824772, 0.003499520009994809, 0.0006861034409683543, 0.0034316880453696655, 0.0034317335697722014, 0.0, 0.003431664873283165, 0.000684086290098319, 0.0034996639657056206, 0.0034321447341179026, 0.003499441542600648, 0.0034318171748998734, 2.6126472256892204e-07, 8.671352792843786e-05, 0.0034319440956049768, 0.0034994560214662816], [0.018247046022580045, 0.10351519818561183, 0.02121682906708202, 0.03590300630683582, 0.020941888350441876, 0.0293649183079108, 0.02029899348887596, 0.03438512317337978, 0.036418604313632426, 0.020993269143747585, 0.02121494851132106, 0.0224946700162222, 0.022173900480656622, 0.08696187056113215, 0.020016537991175185, 0.01794240032741351, 0.04101424480526606, 0.05208974574417306, 0.021291747556822435, 0.021360019459232663, 0.003429772370393895, 0.0034437370876602086, 3.3876140545757065e-05, 0.0034498600268852426, 0.0035319469874077643, 0.0006880197834133787, 0.0035172311918026606, 1.6283703528739602e-05, 3.38925381705615e-05, 0.003431664873283165, 0.0, 0.003504552352266296, 0.0006882317044262773, 6.732167583072766e-05, 0.0006877387706156597, 4.416286398686015e-05, 0.003431659015415058, 0.003461350461769381, 5.054327046513603e-05, 0.000687484135930623], [0.017587183304828394, 0.10351305324561201, 0.020584463272915698, 0.03593747627121619, 0.019300812713350247, 0.028363984897613673, 0.019621333392762726, 0.03298759188176835, 0.036055699949427825, 0.01981597424101147, 0.020233846484132022, 0.021494652218585368, 0.021241422128757344, 0.08738645702433351, 0.01969778190509441, 0.01638074126286725, 0.040154682803082924, 0.05166411702211886, 0.020377691092952996, 0.020324577221222342, 0.000685704623088579, 0.000673682127772259, 0.0035022634334594977, 0.0006905062186668109, 5.75742578854064e-05, 0.0034373294015659557, 5.722512613645212e-05, 0.0035035854523884397, 0.0035022659615711388, 0.000684086290098319, 0.003504552352266296, 0.0, 0.003437400954296033, 0.003499277987365368, 0.003437297063719959, 0.0035011622071837428, 0.0006840675425891066, 0.0006397328672434602, 0.0035015067724722803, 0.003437273409755817], [0.018347892055126207, 0.10361209301307797, 0.02137241165398694, 0.036291933714265645, 0.020938683560820487, 0.02943480403546154, 0.020392647218690666, 0.03415555825503544, 0.036702878681954106, 0.021008257519464817, 0.021253062899956047, 0.022501122162917647, 0.022204610849041972, 0.0873006756820249, 0.019962746490532132, 0.017924815343923112, 0.04129934717003202, 0.05206231406719023, 0.02128427936969688, 0.02138367341446994, 0.003497995757910115, 0.0035089155551801493, 0.0006748183418948522, 0.003518091850826058, 0.003464619519761964, 3.789086963112127e-05, 0.0034501558041349066, 0.0006827253057093234, 0.0006747878256484761, 0.0034996639657056206, 0.0006882317044262773, 0.003437400954296033, 0.0, 0.0006570785689242367, 4.346472203287092e-05, 0.0006679887732049011, 0.003499655353687875, 0.0035185365318382423, 0.000669270292911087, 6.16984377167518e-05], [0.018266857546448398, 0.10353092337579733, 0.021238179790901753, 0.03594712524141236, 0.020939521145968507, 0.02936878034281951, 0.020304643557679594, 0.03437016572122448, 0.03642860014998609, 0.020985410930735412, 0.021215724460336777, 0.02250533981449645, 0.022186792087423905, 0.08699067522746727, 0.020026462721726052, 0.0179371222428647, 0.04102273622114356, 0.052079707045799215, 0.021292027637797757, 0.0213691295253426, 0.0034304578237735494, 0.0034438213905215037, 3.9442354323574115e-05, 0.00345002872633699, 0.0035258651134778374, 0.0006561955083647375, 0.0035116381506457663, 5.6268501400559754e-05, 3.9449478137622846e-05, 0.0034321447341179026, 6.732167583072766e-05, 0.003499277987365368, 0.0006570785689242367, 0.0, 0.0006556558311794393, 4.166218464723309e-05, 0.003432139018829001, 0.0034605772343725538, 4.1389121312434056e-05, 0.0006572675838528551], [0.018351148587523538, 0.10360178458974366, 0.021381529729297476, 0.03629017900087066, 0.020935341641215605, 0.029425425792355103, 0.02040928642617536, 0.03416434524673123, 0.036697065959379195, 0.021004658076141887, 0.02125320473449929, 0.02251337667058891, 0.022214597704983456, 0.08729970923881647, 0.019962642229795727, 0.017925615158704736, 0.04128545795636207, 0.052054688660457156, 0.02128185389780393, 0.021392204860207934, 0.0034980700919387446, 0.003508862765148039, 0.0006736505861840674, 0.0035178280168695936, 0.0034643661452791233, 2.6480755091900546e-05, 0.0034498829773159105, 0.0006821260268410093, 0.0006736170025110908, 0.003499441542600648, 0.0006877387706156597, 0.003437297063719959, 4.346472203287092e-05, 0.0006556558311794393, 0.0, 0.000667844354452062, 0.0034994325036063778, 0.0035185842177944716, 0.0006693396470828608, 4.646295392978981e-05], [0.01825930232917594, 0.10352239382395209, 0.021229071359086547, 0.03592643735156987, 0.020939837345787107, 0.029363264202174874, 0.02029882984627832, 0.03436989171931892, 0.03642742059656594, 0.020986696524572454, 0.021210425184008865, 0.022499049311452666, 0.022177952632218643, 0.08697968117442659, 0.020021590573093696, 0.017938068614970767, 0.041019000844328836, 0.05208539966890095, 0.02128988014907417, 0.021363627986630485, 0.0034299112606240908, 0.0034435284922166034, 2.6736283198058807e-05, 0.00344976270427291, 0.0035281365300784146, 0.0006682463286207216, 0.0035135279740930864, 3.900206724198064e-05, 2.6831244273336755e-05, 0.0034318171748998734, 4.416286398686015e-05, 0.0035011622071837428, 0.0006679887732049011, 4.166218464723309e-05, 0.000667844354452062, 0.0, 0.0034318116289751726, 0.0034608482465380364, 2.6466569838171424e-05, 0.0006679911212531686], [0.01749754835328792, 0.10343226880805785, 0.020434535959710953, 0.03557221328061578, 0.0193045029987503, 0.028294505913805803, 0.0195145147307136, 0.03320852404598191, 0.035767975274237036, 0.019791257533552528, 0.020190572287030698, 0.021491277832675737, 0.021216114823484306, 0.0870662544930605, 0.019757658318399367, 0.016395697077764018, 0.03986507575460774, 0.05168476980864654, 0.020384866047845868, 0.02030527806361063, 3.270099871752841e-05, 3.681729330539145e-05, 0.0034317183510168643, 5.89920144295706e-05, 0.0006864334372601665, 0.003499511181951334, 0.0006860829095984721, 0.0034316822536577564, 0.0034317277683964123, 2.6126472256892204e-07, 0.003431659015415058, 0.0006840675425891066, 0.003499655353687875, 0.003432139018829001, 0.0034994325036063778, 0.0034318116289751726, 0.0, 8.672062960053903e-05, 0.0034319382375332897, 0.0034994465357377656], [0.017507924092311788, 0.10346654649588499, 0.020438886488198804, 0.03562196906612292, 0.019294492663674667, 0.028310799326383255, 0.019503104853315367, 0.033178823437712786, 0.03579222747404091, 0.01978030792009322, 0.020193906732174534, 0.021479799111374986, 0.021211906799713225, 0.08710278226040473, 0.01977234325950333, 0.01637905824762549, 0.03989587589147897, 0.05167845173773672, 0.02038390706660274, 0.020294519666280066, 9.287902296984874e-05, 6.837321163209587e-05, 0.003460911134024487, 9.380023720878842e-05, 0.0006375737652974883, 0.0035184677759429912, 0.0006413806771638194, 0.003461097452887704, 0.00346092051641711, 8.671352792843786e-05, 0.003461350461769381, 0.0006397328672434602, 0.0035185365318382423, 0.0034605772343725538, 0.0035185842177944716, 0.0034608482465380364, 8.672062960053903e-05, 0.0, 0.003460774286109413, 0.0035190418287055912], [0.018262869075423942, 0.10351945464528613, 0.02122957322220788, 0.03592217730157475, 0.020940860782958075, 0.029363498776747717, 0.020298940047991404, 0.03437940154215267, 0.036438291127099516, 0.020988699068140014, 0.02121118862560849, 0.022501044968295008, 0.02217880530187362, 0.08697335144069109, 0.020027911614135394, 0.017941681471797435, 0.04102691966768393, 0.052094598215985624, 0.021295903392929035, 0.021362847012445084, 0.0034300131230025842, 0.003443612176929254, 3.455559516283658e-05, 0.0034496928447733366, 0.0035284326719942243, 0.0006691455267706239, 0.003513761384452663, 4.1774180474830024e-05, 3.464628720046189e-05, 0.0034319440956049768, 5.054327046513603e-05, 0.0035015067724722803, 0.000669270292911087, 4.1389121312434056e-05, 0.0006693396470828608, 2.6466569838171424e-05, 0.0034319382375332897, 0.003460774286109413, 0.0, 0.0006693495406504537], [0.01834927270243395, 0.1035869338475563, 0.02138421618455214, 0.03627799974296928, 0.02094103974004967, 0.029419509719187435, 0.020412299361400123, 0.03417148561221999, 0.036705732013790994, 0.02100831643905348, 0.021246638636005327, 0.022512992658884602, 0.022209953224533174, 0.08728561877596196, 0.019964709283051225, 0.017922227839388957, 0.041291291347116406, 0.05207253504048719, 0.021281024290385347, 0.021388167069183506, 0.0034978511285160773, 0.0035088558015719017, 0.0006744952723423682, 0.0035174215487482345, 0.003464660209832687, 5.75912057424987e-05, 0.0034494754831232415, 0.0006820553947052022, 0.0006744660141006865, 0.0034994560214662816, 0.000687484135930623, 0.003437273409755817, 6.16984377167518e-05, 0.0006572675838528551, 4.646295392978981e-05, 0.0006679911212531686, 0.0034994465357377656, 0.0035190418287055912, 0.0006693495406504537, 0.0]], "Angle": [[0.0, 0.10424656598904886, 0.03606812324127964, 0.06604844590638083, 0.05383297370365861, 0.0634770883582863, 0.0413039079017691, 0.07093917009386119, 0.06593732545230903, 0.04709359165466757, 0.059212164010658895, 0.028412092352257744, 0.03844453558323966, 0.10345907474054358, 0.05618703816554528, 0.06405215840191454, 0.11407888793156168, 0.13736813944412452, 0.057480382207809926, 0.038886921281938304, 0.05994760136430667, 0.05993211419087592, 0.06229794169166479, 0.05994188668237763, 0.05988894821218276, 0.06171273913312011, 0.05993103012684311, 0.06178766506980568, 0.06178198111284371, 0.05992859310769987, 0.06230561183739076, 0.05991628691537476, 0.061762021044602704, 0.06229035097990882, 0.062290292730549125, 0.06180997672186626, 0.059928646855663695, 0.059904773649926434, 0.06178553154058142, 0.06232194995978429], [0.10424656598904886, 0.0, 0.10607182788745928, 0.11192452295351162, 0.10544390531739452, 0.09393766571318052, 0.11107846509658492, 0.09719729854806128, 0.10231033006956247, 0.0943093594712856, 0.08645867244368105, 0.11332924248657388, 0.10090118773346887, 0.12474666827453755, 0.09838953424913777, 0.09492455091909681, 0.12268758854058812, 0.1576316350098936, 0.10583849129882283, 0.118651637285975, 0.12144359047837626, 0.12143497900744032, 0.12177519885603773, 0.12146738188080734, 0.12144819150629277, 0.12175246185988889, 0.12150882356019434, 0.12182316634645272, 0.12182101950013646, 0.12146833132973352, 0.12178327695744054, 0.12145983412567735, 0.12179408965526857, 0.12176793734858886, 0.12176791354967395, 0.12185197089644836, 0.1214683877491128, 0.12142284505428047, 0.12182215742572743, 0.12182430869267717], [0.03606812324127964, 0.10607182788745928, 0.0, 0.06429169838966019, 0.058775832367057, 0.06366946867864108, 0.059287940771641325, 0.07702567668026103, 0.07643764163749561, 0.06034570569032023, 0.07186910429912317, 0.03485315693940727, 0.0378380746718535, 0.11145602910375826, 0.0622838790267172, 0.06543695740286012, 0.1201344133574558, 0.14063887975282055, 0.06091256674377384, 0.05280574790647946, 0.06143201136186345, 0.06142924066852526, 0.06331528804777023, 0.06145668706020304, 0.061380772078600786, 0.06263838894336918, 0.06143523214810278, 0.06274028727373826, 0.06273704791620374, 0.061396467643611785, 0.06331253887500678, 0.06139649605504009, 0.06269431485688372, 0.06331246949325514, 0.06331245701594038, 0.0627612707908812, 0.06139646469924226, 0.06143085888739254, 0.06274061498780206, 0.0633487269087549], [0.06604844590638083, 0.11192452295351162, 0.06429169838966019, 0.0, 0.05928607658068388, 0.05832450279868514, 0.08144660457712793, 0.0766632589691706, 0.09229690753080495, 0.06777354782204993, 0.06947041076396059, 0.05582022112100544, 0.05460026346622044, 0.11927526691680387, 0.06697589168446481, 0.05084858789268732, 0.12168639361381807, 0.1342538128502296, 0.061107020973249444, 0.0676753419413957, 0.07361617003508542, 0.07361563013762076, 0.07358257438142285, 0.07358834859275834, 0.07374038098459286, 0.07411606661281626, 0.07372588649002558, 0.07411927011884621, 0.07411926213334279, 0.07374758153326774, 0.07358478252945322, 0.07373725712404663, 0.07415539368694316, 0.07358788444103179, 0.0735877549212517, 0.07415420120992282, 0.07374755462052485, 0.07361988627687163, 0.07413884111154434, 0.07358854833454553], [0.05383297370365861, 0.10544390531739452, 0.058775832367057, 0.05928607658068388, 0.0, 0.03853148602423469, 0.06683959976160865, 0.06673687081812238, 0.06835954402932473, 0.043116634887827875, 0.05048034915752396, 0.04796114367813899, 0.055117109368232414, 0.12712494772297234, 0.06056788238140518, 0.03366419169796413, 0.10003737528986933, 0.11807694300921104, 0.03624685586369844, 0.055204396715873225, 0.04924701791124249, 0.049236039292601924, 0.05222652403759696, 0.04919241627231944, 0.048964278303893743, 0.0501099714408551, 0.04894354006792077, 0.05009752322434313, 0.05009866820623336, 0.0489660540514183, 0.0522277406978822, 0.048964426231952525, 0.05011809467487714, 0.05223250571027415, 0.05223245714439602, 0.0501240409935373, 0.04896610499212021, 0.04921234743051624, 0.05012151746870865, 0.052229392442384545], [0.0634770883582863, 0.09393766571318052, 0.06366946867864108, 0.05832450279868514, 0.03853148602423469, 0.0, 0.07313364471184405, 0.07887951213066502, 0.07333003374904988, 0.05836697705583361, 0.05570915558451234, 0.06081271386480227, 0.05561941801192039, 0.13366455216232037, 0.06882241555765538, 0.029065857984414176, 0.0877162071027006, 0.11089838824873822, 0.0529957501154104, 0.06992430125471018, 0.06335538733771591, 0.0633413008160361, 0.06631011341080353, 0.06334304688281943, 0.0631161433891525, 0.06451968062859662, 0.06313541964699554, 0.06455118768368069, 0.06455289462141181, 0.06313007950462644, 0.06631387718492254, 0.06311842764826439, 0.06455430089471492, 0.06631611443982724, 0.06631605566072575, 0.06458600491342886, 0.06313007789961425, 0.06335142011198669, 0.06455827775203217, 0.06634076546354846], [0.0413039079017691, 0.11107846509658492, 0.059287940771641325, 0.08144660457712793, 0.06683959976160865, 0.07313364471184405, 0.0, 0.07381766334189595, 0.0569586612206721, 0.06092695266535698, 0.06193845240980011, 0.056687088597190655, 0.0606905577096327, 0.11348657404096792, 0.05770977284298135, 0.07043174321279676, 0.10062816088757645, 0.1395493557389787, 0.07801901455214436, 0.05905380023907518, 0.0675961635866795, 0.06757376036663175, 0.0702480954240113, 0.06757716756485184, 0.0674476873721505, 0.06906084509247554, 0.06746824415249791, 0.06915812229610205, 0.06914975955015329, 0.0674962849956878, 0.07026103636615057, 0.067483012543838, 0.06908887859969302, 0.07023396568342141, 0.07023383693736071, 0.06915606973775121, 0.06749630025294835, 0.06754957587635767, 0.06912771509982463, 0.07024746994891