{"Bond": [[0.0, 0.012705446052882131, 0.016435739794013113, 0.013804252378849208, 0.017021813905956716, 0.024086919762561894, 0.019940086051834102, 0.011834950113884525, 0.0214381590751655, 0.011812631828268161, 0.018400340118507417, 0.03484711915941012, 0.015544178916450857, 0.019842684899964533, 0.0269869092220488, 0.01639168083465411, 0.007198286434795251, 0.018121866630264483, 0.022344645460523456, 0.015654612642676306, 0.030288103823535917, 0.030183017282097466, 0.03018841826376455, 0.030130417588044665, 0.030937468505520278, 0.03018106169795961, 0.03093386263290446, 0.030307268986869702, 0.030124725558311773, 0.030300030970069773, 0.030189902943306854, 0.03024679698828876, 0.03012685399097523, 0.03137179795344256, 0.03082122219355936, 0.03093758259525335, 0.030826834815785555, 0.030933761932191283, 0.030816011644268802, 0.0314835632714729], [0.012705446052882131, 0.0, 0.01667213102909278, 0.015362517459308419, 0.01972141560793723, 0.026187259363715833, 0.020927687481557815, 0.01513088056926369, 0.02256278658516519, 0.015132699399788, 0.021039282337562228, 0.0377542880525159, 0.017057768980728603, 0.024139757430047683, 0.027958171062353255, 0.019222636738680257, 0.012118893012105919, 0.018076194812903137, 0.025133743453981394, 0.015170021391110967, 0.029904319790928537, 0.02977236835711682, 0.029767795174282113, 0.03027764657901197, 0.030692447826975236, 0.029775799608872756, 0.03070185627183069, 0.02991943395787246, 0.03027979497979571, 0.029912239872355164, 0.029775181402835617, 0.030416770791148417, 0.030273651896294555, 0.031185321248697696, 0.03055806127105648, 0.030695305826348558, 0.03055733626595378, 0.03070117090058383, 0.030565598877552842, 0.03132161575480836], [0.016435739794013113, 0.01667213102909278, 0.0, 0.008076996541698077, 0.017491150044255357, 0.024510798954173837, 0.019870112637359175, 0.020015401001033117, 0.021166467191575094, 0.022203626315479806, 0.02297273731526426, 0.028373734969947516, 0.010579981338764186, 0.024055202439803157, 0.022472402069423338, 0.01410340452208034, 0.017137957832608797, 0.012710213117577567, 0.024165374592191233, 0.008297893832580353, 0.02913433808536036, 0.029044689296136843, 0.02905249757128384, 0.028275857885984353, 0.029533026288448703, 0.029048764176044968, 0.029521594143575, 0.02915427699995406, 0.0282701875692888, 0.029148259286871297, 0.029051572826509307, 0.02838183403089602, 0.02827677356869875, 0.029310444812170867, 0.029422922275068205, 0.029534685804234385, 0.029433908492706228, 0.029521236756602162, 0.029418425944352906, 0.029407118961710974], [0.013804252378849208, 0.015362517459308419, 0.008076996541698077, 0.0, 0.01604013629707821, 0.022459344007911997, 0.019046833309701385, 0.016781302594073767, 0.02077445153027825, 0.018659873393600028, 0.02079920026536128, 0.02815227534761828, 0.009349188910370827, 0.02271607694366145, 0.021703623201280376, 0.01338062698344435, 0.014034510542634692, 0.011721125602751497, 0.02244233924091541, 0.009607358565905923, 0.025919438013398226, 0.02575828379770112, 0.02576789468871702, 0.02490318262837982, 0.026415912010589827, 0.025757025339996152, 0.02640164796771237, 0.025938560900149517, 0.024897962396408627, 0.025932557551215363, 0.025765390519563346, 0.02508367278108846, 0.024904546262302627, 0.026097872690807766, 0.026238166578639307, 0.026412855057652885, 0.02624476598652286, 0.026401424223453554, 0.026228379425134594, 0.026266869599978183], [0.017021813905956716, 0.01972141560793723, 0.017491150044255357, 0.01604013629707821, 0.0, 0.023912913600105244, 0.021014577847057653, 0.020717976617445757, 0.023319675595255693, 0.017763210186344247, 0.020794611171231308, 0.0352182171755479, 0.019627728641563747, 0.021382163859964148, 0.02660136276423979, 0.015002442444341494, 0.01839121372134936, 0.016116873934378176, 0.021625049930775846, 0.01736055772185394, 0.02500062627460512, 0.024822892774986866, 0.024820313895901894, 0.023966941525246664, 0.025286192881515193, 0.02481994736266238, 0.025295327533812393, 0.024999829775321825, 0.023966150606769505, 0.024995385510377985, 0.024824952026592993, 0.024149323303911917, 0.023962742037515673, 0.025471459097839166, 0.02512242042591676, 0.02528862639985848, 0.02511481876451375, 0.02529513386994289, 0.025123414270159145, 0.02564399662278176], [0.024086919762561894, 0.026187259363715833, 0.024510798954173837, 0.022459344007911997, 0.023912913600105244, 0.0, 0.016584316716027298, 0.027341620324784415, 0.017601418213202467, 0.024405076134565495, 0.014638071606079259, 0.030603851997723065, 0.023698952294510543, 0.015587723488968348, 0.02449700213698439, 0.021193725587736394, 0.02203641567746369, 0.02444387667203683, 0.013200926428792684, 0.024062376102115878, 0.025052227732053577, 0.024945604089564272, 0.02495050418723846, 0.023671479150442, 0.0252722525163448, 0.024943823350186585, 0.02526419283128004, 0.025055442815887608, 0.02367643705926987, 0.02506071009978939, 0.024946479501829908, 0.023789519898894437, 0.023672996276551034, 0.02522184226832921, 0.025156512137833466, 0.02526350092871858, 0.025160192003849422, 0.025264111006209525, 0.02515076822213523, 0.02533976188524018], [0.019940086051834102, 0.020927687481557815, 0.019870112637359175, 0.019046833309701385, 0.021014577847057653, 0.016584316716027298, 0.0, 0.0216737497298007, 0.009867785433640652, 0.02334822634715669, 0.01462118159314447, 0.025344688739785584, 0.01837555213969035, 0.01427310161752906, 0.01772469518365218, 0.01983969185589739, 0.017991912488830565, 0.020603067596264346, 0.012449228894201003, 0.018631671250741576, 0.02688879932824918, 0.02683094487796061, 0.02682809628038613, 0.02623170219706133, 0.027251077017821368, 0.026837674378937675, 0.02724283325155379, 0.026906520322259327, 0.02623512093732575, 0.026902231274730105, 0.026831624986669196, 0.026311741888093074, 0.026232992799405944, 0.027808763640653794, 0.02716626936316412, 0.027254482342852007, 0.02718233733062704, 0.027244707170373018, 0.027172694165043705, 0.027886153703499658], [0.011834950113884525, 0.01513088056926369, 0.020015401001033117, 0.016781302594073767, 0.020717976617445757, 0.027341620324784415, 0.0216737497298007, 0.0, 0.022935931982684725, 0.016497216517025952, 0.021709667760440286, 0.036557964005327875, 0.019701874686531177, 0.022178280778853518, 0.027984644389992035, 0.019551916807776303, 0.012546580809519184, 0.019358502408092802, 0.02379720877171045, 0.01774047053792376, 0.03372291904583639, 0.03356155540639123, 0.03355874061666778, 0.033104026298137385, 0.0343994005960337, 0.0335564037583619, 0.03439355845131606, 0.03374367594060346, 0.03310120234803413, 0.033737250458824294, 0.03356181843513926, 0.03329160674528781, 0.033101464856214555, 0.03425182631299835, 0.034217464144322036, 0.03439980997625212, 0.03422764653869653, 0.03439579329998148, 0.03421617786836969, 0.03443204681954718], [0.0214381590751655, 0.02256278658516519, 0.021166467191575094, 0.02077445153027825, 0.023319675595255693, 0.017601418213202467, 0.009867785433640652, 0.022935931982684725, 0.0, 0.024469095341252238, 0.014241594834695732, 0.0259605414424229, 0.020471614753095665, 0.013894277199192114, 0.01663870698739707, 0.020778354002344752, 0.019505469157274257, 0.021731253198817857, 0.014418348298585541, 0.020681561095328913, 0.031444789139580084, 0.03136211884428394, 0.03136566259256384, 0.03096796024453181, 0.031738617944035645, 0.031364050582362274, 0.031725799679737515, 0.03145831965079228, 0.030968059889268942, 0.03145479335708111, 0.03136635835719388, 0.031067753251134977, 0.030972144313985196, 0.03260145447261616, 0.0316329983171044, 0.0317366506144502, 0.031646431027767576, 0.03172480340268298, 0.03162873201763429, 0.03269719171529268], [0.011812631828268161, 0.015132699399788, 0.022203626315479806, 0.018659873393600028, 0.017763210186344247, 0.024405076134565495, 0.02334822634715669, 0.016497216517025952, 0.024469095341252238, 0.0, 0.018694198373162368, 0.04124807252718938, 0.022422497768069063, 0.021035370813006066, 0.03203899879392434, 0.019113757289404187, 0.012924513631209616, 0.022105583969307414, 0.02374798571143942, 0.02071371656427482, 0.028784473650144412, 0.028709328055936494, 0.028712339346985534, 0.028734016596902202, 0.02951776453175081, 0.028708372706897772, 0.02951651581754623, 0.028804617195405936, 0.02873221959349182, 0.028797501571313416, 0.028714715581361894, 0.02882088849031027, 0.028728950413895178, 0.02997879461600122, 0.029431024191358058, 0.029518930393192148, 0.029435612238927142, 0.02951627514588854, 0.029429724934966785, 0.03006313361616472], [0.018400340118507417, 0.021039282337562228, 0.02297273731526426, 0.02079920026536128, 0.020794611171231308, 0.014638071606079259, 0.01462118159314447, 0.021709667760440286, 0.014241594834695732, 0.018694198373162368, 0.0, 0.031113997045021064, 0.02192566150131641, 0.012854932595248583, 0.020973665911220876, 0.02205318821086358, 0.01672429469951148, 0.021869708665921785, 0.010901965691338887, 0.022526855637019824, 0.028534526348677137, 0.028509643942279277, 0.028513636243656392, 0.02803014113079989, 0.029035735080311532, 0.02850359695128529, 0.029039403334749865, 0.02853444353206718, 0.028033343105813385, 0.028534698856170933, 0.0285108069425806, 0.028059961140991158, 0.02802956165820614, 0.029725909404223844, 0.029018648244886924, 0.029033704707867272, 0.029013071486327997, 0.029040841393823114, 0.029012627260599794, 0.029757821036912987], [0.03484711915941012, 0.0377542880525159, 0.028373734969947516, 0.02815227534761828, 0.0352182171755479, 0.030603851997723065, 0.025344688739785584, 0.036557964005327875, 0.0259605414424229, 0.04124807252718938, 0.031113997045021064, 0.0, 0.02760670466576969, 0.03100460964830548, 0.017426994553121883, 0.03302760362838198, 0.03256064360888437, 0.029065101224838002, 0.02876694243864501, 0.027649334133709888, 0.04232832682989529, 0.0422489163138089, 0.042246043319081314, 0.04081736378344788, 0.04217583414441106, 0.04224675200329682, 0.04217192085390155, 0.042328379017580214, 0.04082368503014453, 0.04233067478691089, 0.042244056134344114, 0.04090823706487055, 0.0408126231775493, 0.04211088504092274, 0.04208991035905238, 0.04218225462371476, 0.04210388951802226, 0.04217667856930593, 0.04209495290666406, 0.042201890244670984], [0.015544178916450857, 0.017057768980728603, 0.010579981338764186, 0.009349188910370827, 0.019627728641563747, 0.023698952294510543, 0.01837555213969035, 0.019701874686531177, 0.020471614753095665, 0.022422497768069063, 0.02192566150131641, 0.02760670466576969, 0.0, 0.022372042685241355, 0.021232390450950458, 0.013972819265236226, 0.014432412375741072, 0.015610241806943209, 0.022410330039361482, 0.012477601785889966, 0.029071116354407307, 0.028991160692412192, 0.028999337014458296, 0.028383845701632972, 0.029548439079759525, 0.028992845143396565, 0.029538882267404955, 0.029087313164251918, 0.028375508203595537, 0.029083691659506035, 0.0290006026929572, 0.028473365818405375, 0.028382081197812176, 0.029389338301990982, 0.029453840263510705, 0.02954515174115341, 0.029461734505000052, 0.029538524673110363, 0.02944705590641102, 0.02947610749577284], [0.019842684899964533, 0.024139757430047683, 0.024055202439803157, 0.02271607694366145, 0.021382163859964148, 0.015587723488968348, 0.01427310161752906, 0.022178280778853518, 0.013894277199192114, 0.021035370813006066, 0.012854932595248583, 0.03100460964830548, 0.022372042685241355, 0.0, 0.021583904744516588, 0.018894301107987753, 0.01882582508730337, 0.02483068564880207, 0.010177798246326033, 0.02302409773557353, 0.03087137791046967, 0.030860714063751387, 0.030863941381977164, 0.029614234649487713, 0.03123228429395131, 0.030857028216646744, 0.03122764789044997, 0.030881437704419513, 0.029610836142695007, 0.03087945417907297, 0.03086491212731876, 0.02963594353417475, 0.02961225379021051, 0.03122390095328684, 0.031207269122435828, 0.03122780090265018, 0.031213242646645916, 0.031225025739761103, 0.031200885377173967, 0.031248061062045134], [0.0269869092220488, 0.027958171062353255, 0.022472402069423338, 0.021703623201280376, 0.02660136276423979, 0.02449700213698439, 0.01772469518365218, 0.027984644389992035, 0.01663870698739707, 0.03203899879392434, 0.020973665911220876, 0.017426994553121883, 0.021232390450950458, 0.021583904744516588, 0.0, 0.025792070582498685, 0.0244757776492936, 0.021140090605185284, 0.020005168021740623, 0.023333702725420354, 0.03402134381220336, 0.033975348447817334, 0.03397491509452199, 0.032986202430886465, 0.034108390228814234, 0.0339670895683455, 0.034112788948377146, 0.034012619146536124, 0.03298884306812106, 0.034013552391317106, 0.03397402858046586, 0.03303354894400394, 0.03298340860298431, 0.03427184436518632, 0.03407378483845358, 0.03410741676309454, 0.034071686298482964, 0.0341127041941429, 0.034070064795510085, 0.03432090761767778], [0.01639168083465411, 0.019222636738680257, 0.01410340452208034, 0.01338062698344435, 0.015002442444341494, 0.021193725587736394, 0.01983969185589739, 0.019551916807776303, 0.020778354002344752, 0.019113757289404187, 0.02205318821086358, 0.03302760362838198, 0.013972819265236226, 0.018894301107987753, 0.025792070582498685, 0.0, 0.01645595975018568, 0.016946720052673035, 0.021385811893786057, 0.01359843507521226, 0.029221263872541488, 0.029077538758504853, 0.02908236632290926, 0.02749882052314013, 0.02957500074391928, 0.029078549027761795, 0.029567521403340048, 0.029236567220012187, 0.027489270619313767, 0.029232836170999442, 0.029086786941771286, 0.02765585103329135, 0.027496674443081154, 0.028932373883027922, 0.029415084128968292, 0.029566914000721225, 0.029419503773167453, 0.029563180577910093, 0.029408286565382854, 0.02908297567609654], [0.007198286434795251, 0.012118893012105919, 0.017137957832608797, 0.014034510542634692, 0.01839121372134936, 0.02203641567746369, 0.017991912488830565, 0.012546580809519184, 0.019505469157274257, 0.012924513631209616, 0.01672429469951148, 0.03256064360888437, 0.014432412375741072, 0.01882582508730337, 0.0244757776492936, 0.01645595975018568, 0.0, 0.017346384230890587, 0.02040156058978978, 0.015844039953564686, 0.02903188963483755, 0.028934175363062097, 0.028934206480234922, 0.0287624246572228, 0.029662300572107492, 0.028930534390738324, 0.029666050940156306, 0.029047789549275543, 0.028757590458038645, 0.02904397469182184, 0.028939669464179175, 0.028869472103791656, 0.02875279075792693, 0.029981888610199795, 0.02955535230846255, 0.0296637153082398, 0.029561235441736004, 0.029664454268429567, 0.029555529304147763, 0.03008932602955104], [0.018121866630264483, 0.018076194812903137, 0.012710213117577567, 0.011721125602751497, 0.016116873934378176, 0.02444387667203683, 0.020603067596264346, 0.019358502408092802, 0.021731253198817857, 0.022105583969307414, 0.021869708665921785, 0.029065101224838002, 0.015610241806943209, 0.02483068564880207, 0.021140090605185284, 0.016946720052673035, 0.017346384230890587, 0.0, 0.023839898893837752, 0.01483874103107539, 0.026558623531189998, 0.02638526368526175, 0.026383927273750746, 0.02585088378145484, 0.026848741735237863, 0.026377542531090228, 0.026856895226180812, 0.02655762635546854, 0.02584683486706075, 0.026556169481682167, 0.026385397435902964, 0.026024517786016176, 0.025847158103916246, 0.027182029045357756, 0.026686403384180792, 0.026845860280752733, 0.0266763633999095, 0.02685550708147618, 0.026682802489348127, 0.027349471186822974], [0.022344645460523456, 0.025133743453981394, 0.024165374592191233, 0.02244233924091541, 0.021625049930775846, 0.013200926428792684, 0.012449228894201003, 0.02379720877171045, 0.014418348298585541, 0.02374798571143942, 0.010901965691338887, 0.02876694243864501, 0.022410330039361482, 0.010177798246326033, 0.020005168021740623, 0.021385811893786057, 0.02040156058978978, 0.023839898893837752, 0.0, 0.023687462506632694, 0.026811621357571484, 0.026801659553037458, 0.026802855982728534, 0.025538386115295922, 0.027136884042608344, 0.026796748061572114, 0.027136775233132935, 0.026814796325309014, 0.025538424811524785, 0.026816145539132558, 0.026801648760493412, 0.02555807043162494, 0.02553740742725138, 0.02721605776553041, 0.027121625848274336, 0.02713389921192098, 0.0271221037404878, 0.027137678432801446, 0.027117339806012837, 0.027240616143407698], [0.015654612642676306, 0.015170021391110967, 0.008297893832580353, 0.009607358565905923, 0.01736055772185394, 0.024062376102115878, 0.018631671250741576, 0.01774047053792376, 0.020681561095328913, 0.02071371656427482, 0.022526855637019824, 0.027649334133709888, 0.012477601785889966, 0.02302409773557353, 0.023333702725420354, 0.01359843507521226, 0.015844039953564686, 0.01483874103107539, 0.023687462506632694, 0.0, 0.031050883370740016, 0.030904908547344484, 0.030905632124206196, 0.030068705187431627, 0.03151605369454964, 0.030908722175391097, 0.0315088329606197, 0.031071710961653697, 0.030069449376757134, 0.031066722054696034, 0.03090740264009258, 0.03023619406702822, 0.030066976671895812, 0.031297348134812775, 0.03134858366548012, 0.031519343586923605, 0.031358538813967315, 0.031509641029121724, 0.03135152043609907, 0.031456860843548616], [0.030288103823535917, 0.029904319790928537, 0.02913433808536036, 0.025919438013398226, 0.02500062627460512, 0.025052227732053577, 0.02688879932824918, 0.03372291904583639, 0.031444789139580084, 0.028784473650144412, 0.028534526348677137, 0.04232832682989529, 0.029071116354407307, 0.03087137791046967, 0.03402134381220336, 0.029221263872541488, 0.02903188963483755, 0.026558623531189998, 0.026811621357571484, 0.031050883370740016, 0.0, 0.0006743193144906297, 0.0006785847038136551, 0.00656942878749765, 0.0012754443134467231, 0.0006799285713127794, 0.0012795325872497505, 0.00010173177831557497, 0.006569350883990053, 8.505502463920033e-05, 0.0006774391338084418, 0.006527730133912108, 0.006575838235658221, 0.007233720392731427, 0.0014440510962526933, 0.0012726927022763466, 0.0014374135091511627, 0.0012788457783546989, 0.0014437202483328381, 0.0072048921000667804], [0.030183017282097466, 0.02977236835711682, 0.029044689296136843, 0.02575828379770112, 0.024822892774986866, 0.024945604089564272, 0.02683094487796061, 0.03356155540639123, 0.03136211884428394, 0.028709328055936494, 0.028509643942279277, 0.0422489163138089, 0.028991160692412192, 0.030860714063751387, 0.033975348447817334, 0.029077538758504853, 0.028934175363062097, 0.02638526368526175, 0.026801659553037458, 0.030904908547344484, 0.0006743193144906297, 0.0, 6.291740878952638e-05, 0.006528867239119818, 0.001431332004491448, 5.196158457843115e-05, 0.001436873085832197, 0.0006719926389410841, 0.006528994781959797, 0.0006718339301294875, 4.658923542145536e-05, 0.00655545605896704, 0.00653525433674248, 0.007196800420998871, 0.0012693843241540974, 0.0014233742209759422, 0.0012552568568473938, 0.001434677363650795, 0.0012685018811348808, 0.007230926219393921], [0.03018841826376455, 0.029767795174282113, 0.02905249757128384, 0.02576789468871702, 0.024820313895901894, 0.02495050418723846, 0.02682809628038613, 0.03355874061666778, 0.03136566259256384, 0.028712339346985534, 0.028513636243656392, 0.042246043319081314, 0.028999337014458296, 0.030863941381977164, 0.03397491509452199, 0.02908236632290926, 0.028934206480234922, 0.026383927273750746, 0.026802855982728534, 0.030905632124206196, 0.0006785847038136551, 6.291740878952638e-05, 0.0, 0.0065271959518582055, 0.0014270806076255673, 8.365005246112555e-05, 0.0014354422688348076, 0.0006738709276563655, 0.00652759501865946, 0.0006740229136056743, 4.7906930436149796e-05, 0.00655400238620035, 0.0065333292264259536, 0.00719538177954801, 0.001265633591522661, 0.0014206438679712184, 0.0012521380070000326, 0.001433577925565265, 0.001268053557409395, 0.007229708150990539], [0.030130417588044665, 0.03027764657901197, 0.028275857885984353, 0.02490318262837982, 0.023966941525246664, 0.023671479150442, 0.02623170219706133, 0.033104026298137385, 0.03096796024453181, 0.028734016596902202, 0.02803014113079989, 0.04081736378344788, 0.028383845701632972, 0.029614234649487713, 0.032986202430886465, 0.02749882052314013, 0.0287624246572228, 0.02585088378145484, 0.025538386115295922, 0.030068705187431627, 0.00656942878749765, 0.006528867239119818, 0.0065271959518582055, 0.0, 0.006531814134689362, 0.0065274576161280995, 0.006536178775339419, 0.00656134417526937, 5.3008036333044854e-05, 0.006563669912581504, 0.006526895154033202, 0.0006711411272740551, 5.0283740468998034e-05, 0.003032086316641169, 0.0065014131078516705, 0.0065285922570070855, 0.006494034854291501, 0.0065359729880104965, 0.006501591153580583, 0.0031080835437865186], [0.030937468505520278, 0.030692447826975236, 0.029533026288448703, 0.026415912010589827, 0.025286192881515193, 0.0252722525163448, 0.027251077017821368, 0.0343994005960337, 0.031738617944035645, 0.02951776453175081, 0.029035735080311532, 0.04217583414441106, 0.029548439079759525, 0.03123228429395131, 0.034108390228814234, 0.02957500074391928, 0.029662300572107492, 0.026848741735237863, 0.027136884042608344, 0.03151605369454964, 0.0012754443134467231, 0.001431332004491448, 0.0014270806076255673, 0.006531814134689362, 0.0, 0.0014293492220790102, 0.00010591155426752959, 0.0012554503836228552, 0.006532130732308824, 0.00126048794922218, 0.0014271898160865882, 0.0064888731861595566, 0.0065378660797261005, 0.007199514383786998, 0.000685186630188574, 6.495620365735398e-05, 0.0006827710010289755, 0.00010364779750116553, 0.0006897612159239059, 0.007169882056947566], [0.03018106169795961, 0.029775799608872756, 0.029048764176044968, 0.025757025339996152, 0.02481994736266238, 0.024943823350186585, 0.026837674378937675, 0.0335564037583619, 0.031364050582362274, 0.028708372706897772, 0.02850359695128529, 0.04224675200329682, 0.028992845143396565, 0.030857028216646744, 0.0339670895683455, 0.029078549027761795, 0.028930534390738324, 0.026377542531090228, 0.026796748061572114, 0.030908722175391097, 0.0006799285713127794, 5.196158457843115e-05, 8.365005246112555e-05, 0.0065274576161280995, 0.0014293492220790102, 0.0, 0.0014358911853989327, 0.0006731159354560352, 0.006527565021135971, 0.0006740512065576967, 6.311280033713482e-05, 0.006554060723523954, 0.006533850957604558, 0.007195357692053527, 0.001268952650705294, 0.001420193205921699, 0.0012518115531469937, 0.001433702097491183, 0.001266390571632324, 0.007229650487371079], [0.03093386263290446, 0.03070185627183069, 0.029521594143575, 0.02640164796771237, 0.025295327533812393, 0.02526419283128004, 0.02724283325155379, 0.03439355845131606, 0.031725799679737515, 0.02951651581754623, 0.029039403334749865, 0.04217192085390155, 0.029538882267404955, 0.03122764789044997, 0.034112788948377146, 0.029567521403340048, 0.029666050940156306, 0.026856895226180812, 0.027136775233132935, 0.0315088329606197, 0.0012795325872497505, 0.001436873085832197, 0.0014354422688348076, 0.006536178775339419, 0.00010591155426752959, 0.0014358911853989327, 0.0, 0.0012652877959516708, 0.006536311896735888, 0.001269593202798796, 0.0014337069719699046, 0.006493955996201473, 0.006542766495759187, 0.007203572666279873, 0.0006773790023900883, 0.00011747386761192641, 0.0006853480587757055, 3.859349478064825e-05, 0.0006765064879871353, 0.007174240024472112], [0.030307268986869702, 0.02991943395787246, 0.02915427699995406, 0.025938560900149517, 0.024999829775321825, 0.025055442815887608, 0.026906520322259327, 0.03374367594060346, 0.03145831965079228, 0.028804617195405936, 0.02853444353206718, 0.042328379017580214, 0.029087313164251918, 0.030881437704419513, 0.034012619146536124, 0.029236567220012187, 0.029047789549275543, 0.02655762635546854, 0.026814796325309014, 0.031071710961653697, 0.00010173177831557497, 0.0006719926389410841, 0.0006738709276563655, 0.00656134417526937, 0.0012554503836228552, 0.0006731159354560352, 0.0012652877959516708, 0.0, 0.006561567418934696, 3.27325131624382e-05, 0.0006721343953431722, 0.006519320152910279, 0.00656766850268611, 0.007226229840057065, 0.0014330237874333842, 0.00125053275090694, 0.0014194298450237, 0.001264995138074184, 0.001432443811206141, 0.007197535432671128], [0.030124725558311773, 0.03027979497979571, 0.0282701875692888, 0.024897962396408627, 0.023966150606769505, 0.02367643705926987, 0.02623512093732575, 0.03310120234803413, 0.030968059889268942, 0.02873221959349182, 0.028033343105813385, 0.04082368503014453, 0.028375508203595537, 0.029610836142695007, 0.03298884306812106, 0.027489270619313767, 0.028757590458038645, 0.02584683486706075, 0.025538424811524785, 0.030069449376757134, 0.006569350883990053, 0.006528994781959797, 0.00652759501865946, 5.3008036333044854e-05, 0.006532130732308824, 0.006527565021135971, 0.006536311896735888, 0.006561567418934696, 0.0, 0.0065638120514566545, 0.006527321930160209, 0.0006706495354879976, 6.957358434807032e-05, 0.00303221218014931, 0.0065015369439046095, 0.0065287853372355265, 0.006494215995555797, 0.006535901517185075, 0.006501404875689435, 0.0031076670714509868], [0.030300030970069773, 0.029912239872355164, 0.029148259286871297, 0.025932557551215363, 0.024995385510377985, 0.02506071009978939, 0.026902231274730105, 0.033737250458824294, 0.03145479335708111, 0.028797501571313416, 0.028534698856170933, 0.04233067478691089, 0.029083691659506035, 0.03087945417907297, 0.034013552391317106, 0.029232836170999442, 0.02904397469182184, 0.026556169481682167, 0.026816145539132558, 0.031066722054696034, 8.505502463920033e-05, 0.0006718339301294875, 0.0006740229136056743, 0.006563669912581504, 0.00126048794922218, 0.0006740512065576967, 0.001269593202798796, 3.27325131624382e-05, 0.0065638120514566545, 0.0, 0.0006730702854779496, 0.00652167223284649, 0.006570022470842028, 0.007228386456720212, 0.0014367341489391842, 0.001256249183891218, 0.001424409712062395, 0.0012690542883888928, 0.001436235770665211, 0.00719955789067354], [0.030189902943306854, 0.029775181402835617, 0.029051572826509307, 0.025765390519563346, 0.024824952026592993, 0.024946479501829908, 0.026831624986669196, 0.03356181843513926, 0.03136635835719388, 0.028714715581361894, 0.0285108069425806, 0.042244056134344114, 0.0290006026929572, 0.03086491212731876, 0.03397402858046586, 0.029086786941771286, 0.028939669464179175, 0.026385397435902964, 0.026801648760493412, 0.03090740264009258, 0.0006774391338084418, 4.658923542145536e-05, 4.7906930436149796e-05, 0.006526895154033202, 0.0014271898160865882, 6.311280033713482e-05, 0.0014337069719699046, 0.0006721343953431722, 0.006527321930160209, 0.0006730702854779496, 0.0, 0.006553700273957067, 0.006533261698684047, 0.007195090532340023, 0.0012656068655781663, 0.0014196460737981632, 0.001251160594508026, 0.0014323827239999672, 0.0012661397806392198, 0.007229443248662301], [0.03024679698828876, 0.030416770791148417, 0.02838183403089602, 0.02508367278108846, 0.024149323303911917, 0.023789519898894437, 0.026311741888093074, 0.03329160674528781, 0.031067753251134977, 0.02882088849031027, 0.028059961140991158, 0.04090823706487055, 0.028473365818405375, 0.02963594353417475, 0.03303354894400394, 0.02765585103329135, 0.028869472103791656, 0.026024517786016176, 0.02555807043162494, 0.03023619406702822, 0.006527730133912108, 0.00655545605896704, 0.00655400238620035, 0.0006711411272740551, 0.0064888731861595566, 0.006554060723523954, 0.006493955996201473, 0.006519320152910279, 0.0006706495354879976, 0.00652167223284649, 0.006553700273957067, 0.0, 0.0006718025816431131, 0.0031050791615256207, 0.006528401589305568, 0.006486255018040981, 0.006520573915671132, 0.006493905663950474, 0.006528401467702177, 0.0030333475357345375], [0.03012685399097523, 0.030273651896294555, 0.02827677356869875, 0.024904546262302627, 0.023962742037515673, 0.023672996276551034, 0.026232992799405944, 0.033101464856214555, 0.030972144313985196, 0.028728950413895178, 0.02802956165820614, 0.0408126231775493, 0.028382081197812176, 0.02961225379021051, 0.03298340860298431, 0.027496674443081154, 0.02875279075792693, 0.025847158103916246, 0.02553740742725138, 0.030066976671895812, 0.006575838235658221, 0.00653525433674248, 0.0065333292264259536, 5.0283740468998034e-05, 0.0065378660797261005, 0.006533850957604558, 0.006542766495759187, 0.00656766850268611, 6.957358434807032e-05, 0.006570022470842028, 0.006533261698684047, 0.0006718025816431131, 0.0, 0.0030322256970199022, 0.006507670120359927, 0.006534868672725769, 0.006500326524779802, 0.006542442208097156, 0.006508216532591204, 0.0031082205326415143], [0.03137179795344256, 0.031185321248697696, 0.029310444812170867, 0.026097872690807766, 0.025471459097839166, 0.02522184226832921, 0.027808763640653794, 0.03425182631299835, 0.03260145447261616, 0.02997879461600122, 0.029725909404223844, 0.04211088504092274, 0.029389338301990982, 0.03122390095328684, 0.03427184436518632, 0.028932373883027922, 0.029981888610199795, 0.027182029045357756, 0.02721605776553041, 0.031297348134812775, 0.007233720392731427, 0.007196800420998871, 0.00719538177954801, 0.003032086316641169, 0.007199514383786998, 0.007195357692053527, 0.007203572666279873, 0.007226229840057065, 0.00303221218014931, 0.007228386456720212, 0.007195090532340023, 0.0031050791615256207, 0.0030322256970199022, 0.0, 0.007172123829672586, 0.007196481516350892, 0.007165163173180648, 0.007203299779949346, 0.007172077211074159, 0.0006779487418043736], [0.03082122219355936, 0.03055806127105648, 0.029422922275068205, 0.026238166578639307, 0.02512242042591676, 0.025156512137833466, 0.02716626936316412, 0.034217464144322036, 0.0316329983171044, 0.029431024191358058, 0.029018648244886924, 0.04208991035905238, 0.029453840263510705, 0.031207269122435828, 0.03407378483845358, 0.029415084128968292, 0.02955535230846255, 0.026686403384180792, 0.027121625848274336, 0.03134858366548012, 0.0014440510962526933, 0.0012693843241540974, 0.001265633591522661, 0.0065014131078516705, 0.000685186630188574, 0.001268952650705294, 0.0006773790023900883, 0.0014330237874333842, 0.0065015369439046095, 0.0014367341489391842, 0.0012656068655781663, 0.006528401589305568, 0.006507670120359927, 0.007172123829672586, 0.0, 0.0006822501235663139, 0.00012272286661847104, 0.0006734120961925021, 7.94989322740977e-05, 0.00720623714614283], [0.03093758259525335, 0.030695305826348558, 0.029534685804234385, 0.026412855057652885, 0.02528862639985848, 0.02526350092871858, 0.027254482342852007, 0.03439980997625212, 0.0317366506144502, 0.029518930393192148, 0.029033704707867272, 0.04218225462371476, 0.02954515174115341, 0.03122780090265018, 0.03410741676309454, 0.029566914000721225, 0.0296637153082398, 0.026845860280752733, 0.02713389921192098, 0.031519343586923605, 0.0012726927022763466, 0.0014233742209759422, 0.0014206438679712184, 0.0065285922570070855, 6.495620365735398e-05, 0.001420193205921699, 0.00011747386761192641, 0.00125053275090694, 0.0065287853372355265, 0.001256249183891218, 0.0014196460737981632, 0.006486255018040981, 0.006534868672725769, 0.007196481516350892, 0.0006822501235663139, 0.0, 0.0006718452962165044, 0.00011282873231307472, 0.0006811399444740678, 0.0071676789762434275], [0.030826834815785555, 0.03055733626595378, 0.029433908492706228, 0.02624476598652286, 0.02511481876451375, 0.025160192003849422, 0.02718233733062704, 0.03422764653869653, 0.031646431027767576, 0.029435612238927142, 0.029013071486327997, 0.04210388951802226, 0.029461734505000052, 0.031213242646645916, 0.034071686298482964, 0.029419503773167453, 0.029561235441736004, 0.0266763633999095, 0.0271221037404878, 0.031358538813967315, 0.0014374135091511627, 0.0012552568568473938, 0.0012521380070000326, 0.006494034854291501, 0.0006827710010289755, 0.0012518115531469937, 0.0006853480587757055, 0.0014194298450237, 0.006494215995555797, 0.001424409712062395, 0.001251160594508026, 0.006520573915671132, 0.006500326524779802, 0.007165163173180648, 0.00012272286661847104, 0.0006718452962165044, 0.0, 0.0006805391753105228, 0.0001197562611168776, 0.007199516414003019], [0.030933761932191283, 0.03070117090058383, 0.029521236756602162, 0.026401424223453554, 0.02529513386994289, 0.025264111006209525, 0.027244707170373018, 0.03439579329998148, 0.03172480340268298, 0.02951627514588854, 0.029040841393823114, 0.04217667856930593, 0.029538524673110363, 0.031225025739761103, 0.0341127041941429, 0.029563180577910093, 0.029664454268429567, 0.02685550708147618, 0.027137678432801446, 0.031509641029121724, 0.0012788457783546989, 0.001434677363650795, 0.001433577925565265, 0.0065359729880104965, 0.00010364779750116553, 0.001433702097491183, 3.859349478064825e-05, 0.001264995138074184, 0.006535901517185075, 0.0012690542883888928, 0.0014323827239999672, 0.006493905663950474, 0.006542442208097156, 0.007203299779949346, 0.0006734120961925021, 0.00011282873231307472, 0.0006805391753105228, 0.0, 0.0006718638094150835, 0.007174169667537963], [0.030816011644268802, 0.030565598877552842, 0.029418425944352906, 0.026228379425134594, 0.025123414270159145, 0.02515076822213523, 0.027172694165043705, 0.03421617786836969, 0.03162873201763429, 0.029429724934966785, 0.029012627260599794, 0.04209495290666406, 0.02944705590641102, 0.031200885377173967, 0.034070064795510085, 0.029408286565382854, 0.029555529304147763, 0.026682802489348127, 0.027117339806012837, 0.03135152043609907, 0.0014437202483328381, 0.0012685018811348808, 0.001268053557409395, 0.006501591153580583, 0.0006897612159239059, 0.001266390571632324, 0.0006765064879871353, 0.001432443811206141, 0.006501404875689435, 0.001436235770665211, 0.0012661397806392198, 0.006528401467702177, 0.006508216532591204, 0.007172077211074159, 7.94989322740977e-05, 0.0006811399444740678, 0.0001197562611168776, 0.0006718638094150835, 0.0, 0.007206087093197915], [0.0314835632714729, 0.03132161575480836, 0.029407118961710974, 0.026266869599978183, 0.02564399662278176, 0.02533976188524018, 0.027886153703499658, 0.03443204681954718, 0.03269719171529268, 0.03006313361616472, 0.029757821036912987, 0.042201890244670984, 0.02947610749577284, 0.031248061062045134, 0.03432090761767778, 0.02908297567609654, 0.03008932602955104, 0.027349471186822974, 0.027240616143407698, 0.031456860843548616, 0.0072048921000667804, 0.007230926219393921, 0.007229708150990539, 0.0031080835437865186, 0.007169882056947566, 0.007229650487371079, 0.007174240024472112, 0.007197535432671128, 0.0031076670714509868, 0.00719955789067354, 0.007229443248662301, 0.0030333475357345375, 0.0031082205326415143, 0.0006779487418043736, 0.00720623714614283, 0.0071676789762434275, 0.007199516414003019, 0.007174169667537963, 0.007206087093197915, 0.0]], "Angle": [[0.0, 0.036239362788394965, 0.17511535520901603, 0.06643638021373117, 0.10199488809375297, 0.15724916292318566, 0.18105466179368201, 0.05698138634127151, 0.18516509743066625, 0.04428562881761232, 0.17364835187638608, 0.12108360055266428, 0.03329356300190423, 0.17740030041275412, 0.10580522041376583, 0.03853771313068258, 0.026979584069799133, 0.09915013886294795, 0.18710998582728644, 0.17184420790833108, 0.19688291778327202, 0.19691871059295596, 0.19689160616415757, 0.19704866528055984, 0.19707919154341413, 0.19691373071461252, 0.1970324951790325, 0.19688876495404367, 0.1970945328101613, 0.19691417124212746, 0.19686715997174004, 0.19710047408324324, 0.1970846889264677, 0.19476059685086947, 0.197025419827807, 0.19707448087872037, 0.19707756674529892, 0.19704029445809138, 0.19702699861930684, 0.19477987130170046], [0.036239362788394965, 0.0, 0.038255336005585686, 0.12319171178567787, 0.07709120999060091, 0.07518717679988679, 0.06587681762744776, 0.039092292526957825, 0.07434497810348425, 0.033516840670809574, 0.0741861508694636, 0.13979171848001062, 0.16824410386238048, 0.05745214383368005, 0.10755601718450737, 0.16640938077486106, 0.02817572173058727, 0.08764525318663377, 0.07578191943853686, 0.03693110139654148, 0.10599966673739712, 0.10599432574662503, 0.10602199530605164, 0.10595432461700435, 0.10603241968450278, 0.10600089277536442, 0.10599979142051319, 0.10600620970917866, 0.10597174812035891, 0.10600599870404281, 0.10597572893770059, 0.10599488806200241, 0.10600071181364246, 0.10151745627085584, 0.10601996178073506, 0.10602425110512868, 0.10602987720040644, 0.10599440746064567, 0.10599662148585325, 0.10149822484650937], [0.17511535520901603, 0.038255336005585686, 0.0, 0.13679007263885581, 0.08813297743885856, 0.07704071234883553, 0.06638415959044802, 0.14294311113791036, 0.07191267290619632, 0.1761352734102344, 0.07321376179105994, 0.13558456414469094, 0.18313104706989922, 0.055506667678237906, 0.1146458018653109, 0.1716854856048055, 0.040034618669824606, 0.10152853484637432, 0.0682057946278265, 0.026459861628272952, 0.11952049996317726, 0.11948787014900263, 0.11953596942854708, 0.1194726206112892, 0.1193169332353906, 0.11949993718053245, 0.1192942039122481, 0.11951007624053206, 0.11946893536192438, 0.11951141320459599, 0.1194949387579823, 0.11948746759898154, 0.11951188260651054, 0.11530555493657937, 0.11932002327733737, 0.11928944570231804, 0.11928981914287363, 0.11927285753265397, 0.11928634401737462, 0.11529053087379357], [0.06643638021373117, 0.12319171178567787, 0.13679007263885581, 0.0, 0.0716593150596042, 0.1280787123514251, 0.1681192839430026, 0.048139385591852275, 0.17231613783381391, 0.06973594015869224, 0.16122208663595236, 0.10245019845564632, 0.07832683393645305, 0.165755679498533, 0.0882345810087947, 0.06700934183337685, 0.13291385881800097, 0.06530568894499564, 0.17295136827859217, 0.1678800801433012, 0.18453868060317416, 0.18455626082150406, 0.18454255441117784, 0.18468022278054674, 0.18468744718453733, 0.18455639548158048, 0.18464055574682933, 0.18453307511529457, 0.1847302097502382, 0.18456082925846942, 0.184499258538763, 0.18474918495839654, 0.18473435572587849, 0.18219263331023905, 0.18464243378234732, 0.18468278130459886, 0.18468872698130745, 0.18464251568956816, 0.18463507672126211, 0.1821982575629031], [0.10199488809375297, 0.07709120999060091, 0.08813297743885856, 0.0716593150596042, 0.0, 0.09664950049376494, 0.12548340432170463, 0.04723229510545854, 0.13458527198399242, 0.09418821663732371, 0.12631042641057966, 0.10654959499199085, 0.10249429208527022, 0.11950701560605795, 0.07451612963861994, 0.10323024857706596, 0.09032727975016085, 0.05586150186981358, 0.13750072432907304, 0.11143925005860807, 0.13258840513593878, 0.1326081191707849, 0.13263781762057236, 0.13275361541281278, 0.1327685732125326, 0.13262031531480803, 0.1326928564690378, 0.13259390010250743, 0.13277086230317825, 0.13262365181493577, 0.13258279147159321, 0.132794134487449, 0.13281996851435293, 0.12977828707275393, 0.13271405314930323, 0.13272862745297787, 0.13272346232046406, 0.13267209498103763, 0.13267500300774396, 0.12979272401803688], [0.15724916292318566, 0.07518717679988679, 0.07704071234883553, 0.1280787123514251, 0.09664950049376494, 0.0, 0.0776814194782203, 0.11554789611484573, 0.07741500904437026, 0.15295218776203284, 0.06923257962903234, 0.11355177855636353, 0.16458875325316885, 0.07353051570958023, 0.08490319165690287, 0.16233106102706654, 0.07279803644632567, 0.10025987278571627, 0.0845320788051133, 0.0885049563283419, 0.13597671796874805, 0.13600037044577204, 0.13596810418461835, 0.13606738149364542, 0.13600790325169893, 0.13599018396378812, 0.13600176606033818, 0.13598621928831947, 0.13609207493607875, 0.1359935444462973, 0.13597996094303033, 0.13608039396211802, 0.13606210203746116, 0.131613353281229, 0.13598719914616395, 0.13601786663026666, 0.1360204679814318, 0.13601430536584128, 0.13600383376498704, 0.13162571540507417], [0.18105466179368201, 0.06587681762744776, 0.06638415959044802, 0.1681192839430026, 0.12548340432170463, 0.0776814194782203, 0.0, 0.14464305896860719, 0.041465175210385716, 0.17859686642974423, 0.059150141908951855, 0.11946179661743044, 0.1839156397254426, 0.030594862733028864, 0.10010482907001267, 0.17823901156884855, 0.06307751789529352, 0.10964352959987378, 0.052659981227996984, 0.06136727441205348, 0.10765413025949783, 0.107635127843863, 0.10759845084998684, 0.10759710362207611, 0.1074107623283193, 0.10761943123320111, 0.10744612717401257, 0.10761940359797185, 0.10762538510972837, 0.10762411979322208, 0.10760128153357985, 0.10761763442668211, 0.10759003606122337, 0.10327254349465904, 0.10742776856645954, 0.10742724247132839, 0.1074325405078711, 0.10746078946641223, 0.107