{"Bond": [[0.0, 0.010937030409930338, 0.01765743192048324, 0.012378098455945143, 0.017243426296231167, 0.012529390687283624, 0.015027330930515231, 0.0171799823261984, 0.013451797700247367, 0.017563720644373042, 0.010832276167508903, 0.01736107894971336, 0.016694348427884705, 0.012933201348644842, 0.018102137166798444, 0.013788998743389515, 0.0161874839494112, 0.01844718190659833, 0.01583232654520354, 0.011691080162588498, 0.03014553528425498, 0.031594124987444, 0.030901289791716385, 0.03159331714710725, 0.03159236404640196, 0.03014533659618462, 0.03085295694419679, 0.03085445995929546, 0.030851801150559657, 0.03014416083945937, 0.030901182599578445, 0.03159411159176999, 0.031592577402708946, 0.030894258914797055, 0.030901950675999244, 0.030901952903979124, 0.030851865936343693, 0.03089430282222075, 0.03090195655403314, 0.03090080131746165], [0.010937030409930338, 0.0, 0.015807065986577305, 0.011062873888507968, 0.015190045616463161, 0.011424228556602838, 0.014821690014495879, 0.01661956944947829, 0.013035212870898111, 0.01827335907679957, 0.008691819288180991, 0.01565480250734334, 0.016032287121651976, 0.013919475507353776, 0.01658716036746432, 0.009730166430029687, 0.01513927577180403, 0.016584759065790575, 0.015529847118731968, 0.010949515528611908, 0.029992411764629745, 0.029983888809566178, 0.030686986473668795, 0.029984131117505898, 0.029983515247435123, 0.02999464826075834, 0.029271065612544566, 0.029271699069540344, 0.029269822971786624, 0.029990369923137777, 0.03068682306556732, 0.029983876077305367, 0.02998319261733529, 0.03068425457341588, 0.030688102176045885, 0.030687834648524127, 0.029269839872719087, 0.03068427721663959, 0.030688105393933234, 0.03068595829412672], [0.01765743192048324, 0.015807065986577305, 0.0, 0.016483580068320867, 0.02191887965232855, 0.015267074627781565, 0.020558195740699878, 0.022251621713370924, 0.013344018934346422, 0.02152685918563107, 0.01582290998366983, 0.020240840352968345, 0.021129366484421628, 0.01550751042632222, 0.019969611856700972, 0.013666240793555037, 0.019515618375936915, 0.013660271754180216, 0.01903916731711974, 0.015361133903375963, 0.03270669425044554, 0.029169425334668934, 0.03238975017886303, 0.029172976945183463, 0.029172804950589177, 0.032712859466833825, 0.029516093797858557, 0.029516932553859107, 0.029515889095435014, 0.03270276248437438, 0.032389562058024755, 0.02916938360945052, 0.02916843538719406, 0.03239498948828877, 0.03239462116644293, 0.032391790590296475, 0.029515963524887185, 0.03239498907579471, 0.03239452344362706, 0.03238982242637955], [0.012378098455945143, 0.011062873888507968, 0.016483580068320867, 0.0, 0.015686654167998068, 0.012678165070460436, 0.014456441452543942, 0.016230534210622503, 0.015808692456044358, 0.018715807901140146, 0.008957186723663756, 0.016104906392730087, 0.012332623290314986, 0.012349712595974359, 0.013384546169353213, 0.01007501749960988, 0.015373553758500764, 0.015100241384217098, 0.014831913820725968, 0.007776814449143209, 0.03259102435680856, 0.03323427194815829, 0.03298099489033167, 0.03323425514765096, 0.03323407484300737, 0.032597992148052674, 0.0328482013828908, 0.03284782411645242, 0.03284785899558837, 0.03259076063199481, 0.03298080670748577, 0.03323426816811161, 0.03323456212456302, 0.032984612326713965, 0.0329829814986686, 0.03298298937292877, 0.03284783192332781, 0.032984619075500925, 0.03298297644617852, 0.03298038494098184], [0.017243426296231167, 0.015190045616463161, 0.02191887965232855, 0.015686654167998068, 0.0, 0.014848565657373646, 0.012502129840202757, 0.01160909926695082, 0.018018062138391314, 0.01227674053051323, 0.011991455784623503, 0.007076409014563975, 0.017143124403686944, 0.019058710093451503, 0.010969063237338882, 0.0138704610478193, 0.013976564939714477, 0.018121397884775868, 0.010574299572282706, 0.015621046789716037, 0.030652760043590636, 0.03140441450391188, 0.0316217808196345, 0.03140543435200659, 0.03140561959678625, 0.030652693043867703, 0.030429813552537686, 0.030428573945470428, 0.030429462977967576, 0.030654634886822203, 0.03162168912420013, 0.03140444004184664, 0.031405589687333625, 0.03162405128620659, 0.03162091144273213, 0.0316230094432221, 0.030429413839212684, 0.03162407477476476, 0.031620960405742755, 0.03162357997509698], [0.012529390687283624, 0.011424228556602838, 0.015267074627781565, 0.012678165070460436, 0.014848565657373646, 0.0, 0.016016746494843134, 0.01691000978050989, 0.014328549440163008, 0.016418717552123208, 0.009257506964555297, 0.015637102117637105, 0.01290042688159873, 0.01231830969275688, 0.01402542080802079, 0.010174841393651289, 0.017384488971322932, 0.013169759776420667, 0.01559501927806539, 0.009229172053734918, 0.03232951709947001, 0.032588909071131496, 0.03236960220094239, 0.03258792125334007, 0.032587783753071815, 0.032335833704300807, 0.03254811881230124, 0.032549187865204644, 0.03255078650438637, 0.032332701451590444, 0.03236942314468788, 0.032588909765830586, 0.03258777198634012, 0.03237402604975843, 0.03237446051504786, 0.03237269762877798, 0.03255077353564282, 0.03237399627722615, 0.03237449896850679, 0.03237300721454132], [0.015027330930515231, 0.014821690014495879, 0.020558195740699878, 0.014456441452543942, 0.012502129840202757, 0.016016746494843134, 0.0, 0.013604634859376472, 0.018189578404694578, 0.016034935889554854, 0.012907887825658477, 0.015512386656533901, 0.016198636372280837, 0.016604226790293254, 0.014601500648853166, 0.012317382053027034, 0.014275384150602399, 0.019396440217401334, 0.012149779601822041, 0.015447077314331703, 0.0305775193354403, 0.030427130986361003, 0.03099633960134737, 0.03042676729827182, 0.03042664607275748, 0.030581334440901716, 0.03000087986345187, 0.030000856390991936, 0.030002082241038584, 0.030581945618286584, 0.030996192394697995, 0.030427142583133074, 0.0304271245882869, 0.031000428960539644, 0.030998456023021544, 0.03099990417717017, 0.03000203262742464, 0.03100037667212183, 0.030998488620391635, 0.03100047175278603], [0.0171799823261984, 0.01661956944947829, 0.022251621713370924, 0.016230534210622503, 0.01160909926695082, 0.01691000978050989, 0.013604634859376472, 0.0, 0.019077632271594158, 0.014621742076339015, 0.014295849125251024, 0.011030737199847068, 0.02004247878494961, 0.017921568460910517, 0.01342000727291244, 0.016452501709010848, 0.016817082928104198, 0.020749088949321197, 0.01012888681392386, 0.015916451019658995, 0.034026706817274315, 0.034332554804924226, 0.03418974769474699, 0.034331956925395105, 0.03433185394143328, 0.03402643284972278, 0.03418021894920574, 0.034175614047209965, 0.03417600302890103, 0.03402714607379603, 0.03418968128633697, 0.03433260077775507, 0.034337157841648765, 0.0341830779384995, 0.034185649904254024, 0.034187992176080935, 0.034176002644101824, 0.0341831328612519, 0.034185677044840185, 0.0341851955527821], [0.013451797700247367, 0.013035212870898111, 0.013344018934346422, 0.015808692456044358, 0.018018062138391314, 0.014328549440163008, 0.018189578404694578, 0.019077632271594158, 0.0, 0.021287614774585187, 0.013853195236543506, 0.017638246576337238, 0.01949215216984307, 0.014327220409060915, 0.019288106548742485, 0.01403810530169932, 0.01894986019925775, 0.017946872710354743, 0.018372390319096127, 0.014943575209573769, 0.0335414063888301, 0.03174913623579838, 0.03378510313258028, 0.03174895962994893, 0.031747919297220914, 0.0335402511335912, 0.031483750664268444, 0.03148677438595614, 0.0314831515861145, 0.03353929067217829, 0.0337850291963954, 0.031749110608609146, 0.031746017404644174, 0.033779435842205684, 0.03378603353353882, 0.03378635134378977, 0.03148319352550921, 0.03377952902394379, 0.03378599961081124, 0.03378585391573139], [0.017563720644373042, 0.01827335907679957, 0.02152685918563107, 0.018715807901140146, 0.01227674053051323, 0.016418717552123208, 0.016034935889554854, 0.014621742076339015, 0.021287614774585187, 0.0, 0.014698592701700357, 0.011455659157065295, 0.01962024276864576, 0.021458497837818318, 0.01488393559255046, 0.016791309587665323, 0.01444817786386224, 0.01820875048576374, 0.010933515335619188, 0.017162528247026982, 0.029692479767275372, 0.029085586611053708, 0.03074820901774585, 0.029087577867744747, 0.029088254262717626, 0.029692546989701963, 0.027969190043658727, 0.02796702005586584, 0.027969836559010124, 0.029694311002877196, 0.03074816265617772, 0.02908561973610226, 0.02908763853163033, 0.030752573315845622, 0.030748696204730173, 0.030748563952920575, 0.027969916623105624, 0.030752551818516365, 0.030748750242447064, 0.030750103816445818], [0.010832276167508903, 0.008691819288180991, 0.01582290998366983, 0.008957186723663756, 0.011991455784623503, 0.009257506964555297, 0.012907887825658477, 0.014295849125251024, 0.013853195236543506, 0.014698592701700357, 0.0, 0.012319985062561017, 0.013335230600460145, 0.011184986318314003, 0.012707953188714644, 0.008337224380429997, 0.01351395076572215, 0.014064811967044826, 0.012535048087470302, 0.00900662637639961, 0.029228772744317864, 0.029222352331294617, 0.029456590179973693, 0.029223969369949417, 0.029223852483258796, 0.029230697777050032, 0.02898973731797187, 0.02899054502717028, 0.02899062832699366, 0.029228238821301628, 0.029456437946762604, 0.029222347277685082, 0.029221502363223736, 0.029458689599666434, 0.029459505996106822, 0.029458041256965807, 0.028990613188199146, 0.029458707188715363, 0.02945954741454995, 0.029458532833566458], [0.01736107894971336, 0.01565480250734334, 0.020240840352968345, 0.016104906392730087, 0.007076409014563975, 0.015637102117637105, 0.015512386656533901, 0.011030737199847068, 0.017638246576337238, 0.011455659157065295, 0.012319985062561017, 0.0, 0.020037416718347002, 0.019428987189098728, 0.01067825131772811, 0.015281248400775705, 0.014548725977206599, 0.017581621428130304, 0.009862227003406446, 0.01513549378364489, 0.03091900199471929, 0.030603253022532827, 0.03144614032961362, 0.030608578878102123, 0.03060890766234383, 0.030916636416122814, 0.030061249489802388, 0.03005866393382676, 0.030057976785594492, 0.03091492180198759, 0.031446065348262484, 0.0306032607195576, 0.030605768378423565, 0.03144751129066337, 0.031444589980808214, 0.03144551215668054, 0.030057999039606972, 0.03144757215402306, 0.031444580624962123, 0.03144497341646132], [0.016694348427884705, 0.016032287121651976, 0.021129366484421628, 0.012332623290314986, 0.017143124403686944, 0.01290042688159873, 0.016198636372280837, 0.02004247878494961, 0.01949215216984307, 0.01962024276864576, 0.013335230600460145, 0.020037416718347002, 0.0, 0.017252448563048133, 0.017568116983068767, 0.012907082355768741, 0.021007672744234266, 0.019519175456936228, 0.01741093839176881, 0.013118141065049885, 0.033536392211029206, 0.03524639924188639, 0.03438244381049929, 0.03524398327218224, 0.035244160230295925, 0.03354489550115497, 0.034419686997545725, 0.034421763452143816, 0.03442467223245956, 0.03354200464989998, 0.034382308723335274, 0.0352464061193979, 0.03524432237348886, 0.034391441909129315, 0.03438794990740264, 0.03438658074654546, 0.03442459530579885, 0.03439136328508019, 0.03438799085765676, 0.034387624893264024], [0.012933201348644842, 0.013919475507353776, 0.01550751042632222, 0.012349712595974359, 0.019058710093451503, 0.01231830969275688, 0.016604226790293254, 0.017921568460910517, 0.014327220409060915, 0.021458497837818318, 0.011184986318314003, 0.019428987189098728, 0.017252448563048133, 0.0, 0.017369340092884853, 0.012360623532821226, 0.018132437984609017, 0.017762349776915504, 0.01928305324491495, 0.01303375458411238, 0.036273086773995565, 0.03516415967769492, 0.03563182120446061, 0.03516256803459214, 0.03516183256835071, 0.03627658905184014, 0.03581404710311689, 0.035814958866293344, 0.03581406449980111, 0.03627370703568833, 0.035631650921985496, 0.035164150051346356, 0.035163149801010686, 0.03562899955047948, 0.03563396958441321, 0.03563326346726869, 0.035814047734471006, 0.035629035806829676, 0.0356339934283305, 0.03563192023299852], [0.018102137166798444, 0.01658716036746432, 0.019969611856700972, 0.013384546169353213, 0.010969063237338882, 0.01402542080802079, 0.014601500648853166, 0.01342000727291244, 0.019288106548742485, 0.01488393559255046, 0.012707953188714644, 0.01067825131772811, 0.017568116983068767, 0.017369340092884853, 0.0, 0.015089888022997683, 0.016169683264128456, 0.01578133037454012, 0.01353734444086744, 0.012206761905792323, 0.03472168541341675, 0.03490309096721821, 0.035101604116657706, 0.03490677674778293, 0.03490704658426185, 0.03472528607373193, 0.03451998952546866, 0.03451872068732789, 0.03451947449786706, 0.03472121977210843, 0.035101435040017476, 0.034903092837098214, 0.034904296106670465, 0.03510845462876227, 0.03510372312233098, 0.03510397025110298, 0.034519462637706964, 0.03510846485110127, 0.03510372189103274, 0.03510365994544978], [0.013788998743389515, 0.009730166430029687, 0.013666240793555037, 0.01007501749960988, 0.0138704610478193, 0.010174841393651289, 0.012317382053027034, 0.016452501709010848, 0.01403810530169932, 0.016791309587665323, 0.008337224380429997, 0.015281248400775705, 0.012907082355768741, 0.012360623532821226, 0.015089888022997683, 0.0, 0.015235413767614026, 0.014150560722843177, 0.014064941602041895, 0.010792571799281987, 0.02986044315970604, 0.02900936030426106, 0.03002486346302891, 0.02900862961557099, 0.029008634890220323, 0.02986807040802145, 0.02883857400770358, 0.02883936219078392, 0.02884138758833702, 0.02986371479156597, 0.0300246665858797, 0.02900935844640535, 0.029008510737491555, 0.030031842177139258, 0.03002972282474904, 0.030028288591446354, 0.02884133580649689, 0.03003180602595606, 0.030029758932835292, 0.03002823361919133], [0.0161874839494112, 0.01513927577180403, 0.019515618375936915, 0.015373553758500764, 0.013976564939714477, 0.017384488971322932, 0.014275384150602399, 0.016817082928104198, 0.01894986019925775, 0.01444817786386224, 0.01351395076572215, 0.014548725977206599, 0.021007672744234266, 0.018132437984609017, 0.016169683264128456, 0.015235413767614026, 0.0, 0.017685414239493057, 0.013574600716887758, 0.016198769766435812, 0.030462960339783355, 0.028861903030132006, 0.031055317748539132, 0.028861882899703515, 0.0288619057576566, 0.03046680348104677, 0.028229036508333628, 0.028226310853286765, 0.02822678298096097, 0.030464504073264342, 0.031055151621114396, 0.028861934195867845, 0.028864412535469067, 0.03105802513091223, 0.031053076050466605, 0.031056771186557575, 0.028226846360867357, 0.031058017106323364, 0.03105311544913037, 0.031054480724477643], [0.01844718190659833, 0.016584759065790575, 0.013660271754180216, 0.015100241384217098, 0.018121397884775868, 0.013169759776420667, 0.019396440217401334, 0.020749088949321197, 0.017946872710354743, 0.01820875048576374, 0.014064811967044826, 0.017581621428130304, 0.019519175456936228, 0.017762349776915504, 0.01578133037454012, 0.014150560722843177, 0.017685414239493057, 0.0, 0.016878338392332267, 0.014063435143029563, 0.030815983512612107, 0.02942512479326907, 0.03046106181645505, 0.02942521896262423, 0.02942534864948476, 0.030825808195551644, 0.02979248162294064, 0.02979263710211296, 0.02979409702566204, 0.030817158135198443, 0.03046080260371464, 0.029425121592772056, 0.029424850015117007, 0.030470726530594874, 0.030464909834114314, 0.03046451072035897, 0.029794036170323526, 0.030470702901744553, 0.03046487932144688, 0.030462500339727656], [0.01583232654520354, 0.015529847118731968, 0.01903916731711974, 0.014831913820725968, 0.010574299572282706, 0.01559501927806539, 0.012149779601822041, 0.01012888681392386, 0.018372390319096127, 0.010933515335619188, 0.012535048087470302, 0.009862227003406446, 0.01741093839176881, 0.01928305324491495, 0.01353734444086744, 0.014064941602041895, 0.013574600716887758, 0.016878338392332267, 0.0, 0.014376756310085746, 0.027116776150627773, 0.02783371654072371, 0.027555706445895355, 0.027835178448299937, 0.027835500799186688, 0.027119216233990485, 0.02740601507862425, 0.027401931814521278, 0.02740305103706769, 0.027117077820940187, 0.027555609047385476, 0.02783375208025283, 0.0278377147020642, 0.027557052640479366, 0.027553605986031952, 0.027555867084558098, 0.027403085407115328, 0.02755705042872138, 0.02755358923099637, 0.02755360858301189], [0.011691080162588498, 0.010949515528611908, 0.015361133903375963, 0.007776814449143209, 0.015621046789716037, 0.009229172053734918, 0.015447077314331703, 0.015916451019658995, 0.014943575209573769, 0.017162528247026982, 0.00900662637639961, 0.01513549378364489, 0.013118141065049885, 0.01303375458411238, 0.012206761905792323, 0.010792571799281987, 0.016198769766435812, 0.014063435143029563, 0.014376756310085746, 0.0, 0.03146305029913499, 0.03212730643333089, 0.031661858402846806, 0.03212805028216933, 0.03212780646535884, 0.03146972806438172, 0.03193036730283589, 0.031930598560832926, 0.03193034525516455, 0.03146240834132996, 0.031661660730343585, 0.0321272974562894, 0.03212697434465189, 0.031665936138705, 0.03166472968658162, 0.03166437583278773, 0.03193034795928805, 0.031665935109920766, 0.03166472560297386, 0.031662276278654755], [0.03014553528425498, 0.029992411764629745, 0.03270669425044554, 0.03259102435680856, 0.030652760043590636, 0.03232951709947001, 0.0305775193354403, 0.034026706817274315, 0.0335414063888301, 0.029692479767275372, 0.029228772744317864, 0.03091900199471929, 0.033536392211029206, 0.036273086773995565, 0.03472168541341675, 0.02986044315970604, 0.030462960339783355, 0.030815983512612107, 0.027116776150627773, 0.03146305029913499, 0.0, 0.016449170256180014, 0.0072946369940092, 0.01644903754411336, 0.016449125851581155, 4.1854614469043284e-05, 0.014743336220891082, 0.014743290708346658, 0.014743321383079381, 4.228828585623572e-05, 0.0072946784118082236, 0.016449170720330003, 0.016449204923386557, 0.007294684098570305, 0.007294556044741079, 0.007294596539481106, 0.014743316880317206, 0.007294658385279677, 0.007294575293979077, 0.00729458094715647], [0.031594124987444, 0.029983888809566178, 0.029169425334668934, 0.03323427194815829, 0.03140441450391188, 0.032588909071131496, 0.030427130986361003, 0.034332554804924226, 0.03174913623579838, 0.029085586611053708, 0.029222352331294617, 0.030603253022532827, 0.03524639924188639, 0.03516415967769492, 0.03490309096721821, 0.02900936030426106, 0.028861903030132006, 0.02942512479326907, 0.02783371654072371, 0.03212730643333089, 0.016449170256180014, 0.0, 0.014743349490453878, 3.8569303878149155e-05, 4.154098889358751e-05, 0.01644919549456522, 0.007297622474126245, 0.007297665529339649, 0.007297697234038494, 0.01644916849287787, 0.014743354283322482, 2.737859095777759e-07, 2.4632536266531263e-05, 0.014743581683698263, 0.014743381624196396, 0.014743388421009224, 0.007297619193305667, 0.014743470314018993, 0.014743355951507425, 0.014743354782922043], [0.030901289791716385, 0.030686986473668795, 0.03238975017886303, 0.03298099489033167, 0.0316217808196345, 0.03236960220094239, 0.03099633960134737, 0.03418974769474699, 0.03378510313258028, 0.03074820901774585, 0.029456590179973693, 0.03144614032961362, 0.03438244381049929, 0.03563182120446061, 0.035101604116657706, 0.03002486346302891, 0.031055317748539132, 0.03046106181645505, 0.027555706445895355, 0.031661858402846806, 0.0072946369940092, 0.014743349490453878, 0.0, 0.01474333837198838, 0.014743424492874663, 0.007294521961843118, 0.016450506434529052, 0.016450556068708978, 0.016450559466618383, 0.0072945075786898204, 6.2483528117597e-07, 0.01474334922569751, 0.014743328853901066, 6.37946609960978e-05, 3.092055744324873e-05, 2.0290766591994873e-05, 0.016450521830822726, 6.358884979439059e-05, 3.099042497227511e-05, 4.099022752269402e-05], [0.03159331714710725, 0.029984131117505898, 0.029172976945183463, 0.03323425514765096, 0.03140543435200659, 0.03258792125334007, 0.03042676729827182, 0.034331956925395105, 0.03174895962994893, 0.029087577867744747, 0.029223969369949417, 0.030608578878102123, 0.03524398327218224, 0.03516256803459214, 0.03490677674778293, 0.02900862961557099, 0.028861882899703515, 0.02942521896262423, 0.027835178448299937, 0.03212805028216933, 0.01644903754411336, 3.8569303878149155e-05, 0.01474333837198838, 0.0, 5.443481179482486e-06, 0.016449111139803425, 0.007297723239426876, 0.007297729761456205, 0.0072977920725440905, 0.01644911238769289, 0.01474334300037507, 3.8766814640549863e-05, 5.1280765312358574e-05, 0.014743489640905563, 0.01474333316636742, 0.014743378321152422, 0.007297712257890304, 0.014743378014625443, 0.014743307996171564, 0.014743310787192095], [0.03159236404640196, 0.029983515247435123, 0.029172804950589177, 0.03323407484300737, 0.03140561959678625, 0.032587783753071815, 0.03042664607275748, 0.03433185394143328, 0.031747919297220914, 0.029088254262717626, 0.029223852483258796, 0.03060890766234383, 0.035244160230295925, 0.03516183256835071, 0.03490704658426185, 0.029008634890220323, 0.0288619057576566, 0.02942534864948476, 0.027835500799186688, 0.03212780646535884, 0.016449125851581155, 4.154098889358751e-05, 0.014743424492874663, 5.443481179482486e-06, 0.0, 0.01644919764215818, 0.007297774424890536, 0.0072977832224740136, 0.007297835598055701, 0.016449202294311897, 0.014743429112124073, 4.172342685450039e-05, 5.324211855265552e-05, 0.014743557415440856, 0.014743414079214902, 0.014743464031297664, 0.0072977556671230065, 0.014743445857630183, 0.014743388906133302, 0.01474339269969407], [0.03014533659618462, 0.02999464826075834, 0.032712859466833825, 0.032597992148052674, 0.030652693043867703, 0.032335833704300807, 0.030581334440901716, 0.03402643284972278, 0.0335402511335912, 0.029692546989701963, 0.029230697777050032, 0.030916636416122814, 0.03354489550115497, 0.03627658905184014, 0.03472528607373193, 0.02986807040802145, 0.03046680348104677, 0.030825808195551644, 0.027119216233990485, 0.03146972806438172, 4.1854614469043284e-05, 0.01644919549456522, 0.007294521961843118, 0.016449111139803425, 0.01644919764215818, 0.0, 0.014743367742042523, 0.014743351621283287, 0.014743344302438862, 3.870552857022425e-05, 0.007294565801655484, 0.01644919566081469, 0.016449204059821795, 0.0072944586487152675, 0.0072944221091166125, 0.007294439065677407, 0.014743340571934103, 0.007294435094477331, 0.007294441270490341, 0.007294495106644673], [0.03085295694419679, 0.029271065612544566, 0.029516093797858557, 0.0328482013828908, 0.030429813552537686, 0.03254811881230124, 0.03000087986345187, 0.03418021894920574, 0.031483750664268444, 0.027969190043658727, 0.02898973731797187, 0.030061249489802388, 0.034419686997545725, 0.03581404710311689, 0.03451998952546866, 0.02883857400770358, 0.028229036508333628, 0.02979248162294064, 0.02740601507862425, 0.03193036730283589, 0.014743336220891082, 0.007297622474126245, 0.016450506434529052, 0.007297723239426876, 0.007297774424890536, 0.014743367742042523, 0.0, 2.447789938619493e-05, 2.6783885668978807e-05, 0.014743360290790583, 0.01645052957889482, 0.007297621936415387, 0.00729758080757268, 0.01645073836725586, 0.016450550914564273, 0.016450542866657005, 2.6738414247600327e-05, 0.016450628706587284, 0.016450536025717798, 0.016450557870631644], [0.03085445995929546, 0.029271699069540344, 0.029516932553859107, 0.03284782411645242, 0.030428573945470428, 0.032549187865204644, 0.030000856390991936, 0.034175614047209965, 0.03148677438595614, 0.02796702005586584, 0.02899054502717028, 0.03005866393382676, 0.034421763452143816, 0.035814958866293344, 0.03451872068732789, 0.02883936219078392, 0.028226310853286765, 0.02979263710211296, 0.027401931814521278, 0.031930598560832926, 0.014743290708346658, 0.007297665529339649, 0.016450556068708978, 0.007297729761456205, 0.0072977832224740136, 0.014743351621283287, 2.447789938619493e-05, 0.0, 2.1561429415371126e-05, 0.014743321715435792, 0.016450579053593033, 0.0072976655341268175, 0.007297706465589973, 0.01645076105700734, 0.016450576958350106, 0.016450576144920268, 2.146168863419516e-05, 0.01645065113287527, 0.01645056198549887, 0.016450561228303167], [0.030851801150559657, 0.029269822971786624, 0.029515889095435014, 0.03284785899558837, 0.030429462977967576, 0.03255078650438637, 0.030002082241038584, 0.03417600302890103, 0.0314831515861145, 0.027969836559010124, 0.02899062832699366, 0.030057976785594492, 0.03442467223245956, 0.03581406449980111, 0.03451947449786706, 0.02884138758833702, 0.02822678298096097, 0.02979409702566204, 0.02740305103706769, 0.03193034525516455, 0.014743321383079381, 0.007297697234038494, 0.016450559466618383, 0.0072977920725440905, 0.007297835598055701, 0.014743344302438862, 2.6783885668978807e-05, 2.1561429415371126e-05, 0.0, 0.014743311717327486, 0.016450582596705284, 0.0072976967717802675, 0.0072977141574961995, 0.016450723898938518, 0.016450565718596287, 0.016450572339453694, 6.675684794903505e-07, 0.01645061445047606, 0.016450550428274275, 0.01645055204905923], [0.03014416083945937, 0.029990369923137777, 0.03270276248437438, 0.03259076063199481, 0.030654634886822203, 0.032332701451590444, 0.030581945618286584, 0.03402714607379603, 0.03353929067217829, 0.029694311002877196, 0.029228238821301628, 0.03091492180198759, 0.03354200464989998, 0.03627370703568833, 0.03472121977210843, 0.02986371479156597, 0.030464504073264342, 0.030817158135198443, 0.027117077820940187, 0.03146240834132996, 4.228828585623572e-05, 0.01644916849287787, 0.0072945075786898204, 0.01644911238769289, 0.016449202294311897, 3.870552857022425e-05, 0.014743360290790583, 0.014743321715435792, 0.014743311717327486, 0.0, 0.0072945496645075245, 0.01644916847639115, 0.016449196857460643, 0.007294548442619111, 0.007294417798656422, 0.0072944097515646854, 0.014743307992559455, 0.0072945241021898375, 0.007294435184693703, 0.007294391864631197], [0.030901182599578445, 0.03068682306556732, 0.032389562058024755, 0.03298080670748577, 0.03162168912420013, 0.03236942314468788, 0.030996192394697995, 0.03418968128633697, 0.0337850291963954, 0.03074816265617772, 0.029456437946762604, 0.031446065348262484, 0.034382308723335274, 0.035631650921985496, 0.035101435040017476, 0.0300246665858797, 0.031055151621114396, 0.03046080260371464, 0.027555609047385476, 0.031661660730343585, 0.0072946784118082236, 0.014743354283322482, 6.2483528117597e-07, 0.01474334300037507, 0.014743429112124073, 0.007294565801655484, 0.01645052957889482, 0.016450579053593033, 0.016450582596705284, 0.0072945496645075245, 0.0, 0.014743354018664608, 0.014743333818780497, 6.397967577096804e-05, 3.103915783140493e-05, 2.0555275672189437e-05, 0.016450544953487658, 6.377187248535936e-05, 3.110789424453395e-05, 4.0983352747717236e-05], [0.03159411159176999, 0.029983876077305367, 0.02916938360945052, 0.03323426816811161, 0.03140444004184664, 0.032588909765830586, 0.030427142583133074, 0.03433260077775507, 0.031749110608609146, 0.02908561973610226, 0.029222347277685082, 0.0306032607195576, 0.0352464061193979, 0.035164150051346356, 0.034903092837098214, 0.02900935844640535, 0.028861934195867845, 0.029425121592772056, 0.02783375208025283, 0.0321272974562894, 0.016449170720330003, 2.737859095777759e-07, 0.01474334922569751, 3.8766814640549863e-05, 4.172342685450039e-05, 0.01644919566081469, 0.007297621936415387, 0.0072976655341268175, 0.0072976967717802675, 0.01644916847639115, 0.014743354018664608, 0.0, 2.447163182235521e-05, 0.014743581709731158, 0.014743381637631156, 0.014743388210710064, 0.007297618738769738, 0.014743470342014522, 0.01474335596049565, 0.014743354760074346], [0.031592577402708946, 0.02998319261733529, 0.02916843538719406, 0.03323456212456302, 0.031405589687333625, 0.03258777198634012, 0.0304271245882869, 0.034337157841648765, 0.031746017404644174, 0.02908763853163033, 0.029221502363223736, 0.030605768378423565, 0.03524432237348886, 0.035163149801010686, 0.034904296106670465, 0.029008510737491555, 0.028864412535469067, 0.029424850015117007, 0.0278377147020642, 0.03212697434465189, 0.016449204923386557, 2.4632536266531263e-05, 0.014743328853901066, 5.1280765312358574e-05, 5.324211855265552e-05, 0.016449204059821795, 0.00729758080757268, 0.007297706465589973, 0.0072977141574961995, 0.016449196857460643, 0.014743333818780497, 2.447163182235521e-05, 0.0, 0.014743591886605917, 0.014743387335325445, 0.014743386300846602, 0.007297636259803433, 0.014743480814780576, 0.01474336175329901, 0.014743386018163574], [0.030894258914797055, 0.03068425457341588, 0.03239498948828877, 0.032984612326713965, 0.03162405128620659, 0.03237402604975843, 0.031000428960539644, 0.0341830779384995, 0.033779435842205684, 0.030752573315845622, 0.029458689599666434, 0.03144751129066337, 0.034391441909129315, 0.03562899955047948, 0.03510845462876227, 0.030031842177139258, 0.03105802513091223, 0.030470726530594874, 0.027557052640479366, 0.031665936138705, 0.007294684098570305, 0.014743581683698263, 6.37946609960978e-05, 0.014743489640905563, 0.014743557415440856, 0.0072944586487152675, 0.01645073836725586, 0.01645076105700734, 0.016450723898938518, 0.007294548442619111, 6.397967577096804e-05, 0.014743581709731158, 0.014743591886605917, 0.0, 4.64084035337311e-05, 5.385060192966988e-05, 0.016450686064722306, 5.893192442576071e-07, 4.6465578969965134e-05, 4.90169526646981e-05], [0.030901950675999244, 0.030688102176045885, 0.03239462116644293, 0.0329829814986686, 0.03162091144273213, 0.03237446051504786, 0.030998456023021544, 0.034185649904254024, 0.03378603353353882, 0.030748696204730173, 0.029459505996106822, 0.031444589980808214, 0.03438794990740264, 0.03563396958441321, 0.03510372312233098, 0.03002972282474904, 0.031053076050466605, 0.030464909834114314, 0.027553605986031952, 0.03166472968658162, 0.007294556044741079, 0.014743381624196396, 3.092055744324873e-05, 0.01474333316636742, 0.014743414079214902, 0.0072944221091166125, 0.016450550914564273, 0.016450576958350106, 0.016450565718596287, 0.007294417798656422, 3.103915783140493e-05, 0.014743381637631156, 0.014743387335325445, 4.64084035337311e-05, 0.0, 2.4304058544177484e-05, 0.016450527883036057, 4.626402491829395e-05, 5.109596414589036e-07, 2.5352885932888594e-05], [0.030901952903979124, 0.030687834648524127, 0.032391790590296475, 0.03298298937292877, 0.0316230094432221, 0.03237269762877798, 0.03099990417717017, 0.034187992176080935, 0.03378635134378977, 0.030748563952920575, 0.029458041256965807, 0.03144551215668054, 0.03438658074654546, 0.03563326346726869, 0.03510397025110298, 0.030028288591446354, 0.031056771186557575, 0.03046451072035897, 0.027555867084558098, 0.03166437583278773, 0.007294596539481106, 0.014743388421009224, 2.0290766591994873e-05, 0.014743378321152422, 0.014743464031297664, 0.007294439065677407, 0.016450542866657005, 0.016450576144920268, 0.016450572339453694, 0.0072944097515646854, 2.0555275672189437e-05, 0.014743388210710064, 0.014743386300846602, 5.385060192966988e-05, 2.4304058544177484e-05, 0.0, 0.0164505348342378, 5.3666890294953e-05, 2.4299172767628246e-05, 2.74424240774796e-05], [0.030851865936343693, 0.029269839872719087, 0.029515963524887185, 0.03284783192332781, 0.030429413839212684, 0.03255077353564282, 0.03000203262742464, 0.034176002644101824, 0.03148319352550921, 0.027969916623105624, 0.028990613188199146, 0.030057999039606972, 0.03442459530579885, 0.035814047734471006, 0.034519462637706964, 0.02884133580649689, 0.028226846360867357, 0.029794036170323526, 0.027403085407115328, 0.03193034795928805, 0.014743316880317206, 0.007297619193305667, 0.016450521830822726, 0.007297712257890304, 0.0072977556671230065, 0.014743340571934103, 2.6738414247600327e-05, 2.146168863419516e-05, 6.675684794903505e-07, 0.014743307992559455, 0.016450544953487658, 0.007297618738769738, 0.007297636259803433, 0.016450686064722306, 0.016450527883036057, 0.0164505348342378, 0.0, 0.016450576612073914, 0.016450512596449612, 0.01645051424732284], [0.03089430282222075, 0.03068427721663959, 0.03239498907579471, 0.032984619075500925, 0.03162407477476476, 0.03237399627722615, 0.03100037667212183, 0.0341831328612519, 0.03377952902394379, 0.030752551818516365, 0.029458707188715363, 0.03144757215402306, 0.03439136328508019, 0.035629035806829676, 0.03510846485110127, 0.03003180602595606, 0.031058017106323364, 0.030470702901744553, 0.02755705042872138, 0.031665935109920766, 0.007294658385279677, 0.014743470314018993, 6.358884979439059e-05, 0.014743378014625443, 0.014743445857630183, 0.007294435094477331, 0.016450628706587284, 0.01645065113287527, 0.01645061445047606, 0.0072945241021898375, 6.377187248535936e-05, 0.014743470342014522, 0.014743480814780576, 5.893192442576071e-07, 4.626402491829395e-05, 5.3666890294953e-05, 0.016450576612073914, 0.0, 4.632184231259026e-05, 4.878608916235992e-05], [0.03090195655403314, 0.030688105393933234, 0.03239452344362706, 0.03298297644617852, 0.031620960405742755, 0.03237449896850679, 0.030998488620391635, 0.034185677044840185, 0.03378599961081124, 0.030748750242447064, 0.02945954741454995, 0.031444580624962123, 0.03438799085765676, 0.0356339934283305, 0.03510372189103274, 0.030029758932835292, 0.03105311544913037, 0.03046487932144688, 0.02755358923099637, 0.03166472560297386, 0.007294575293979077, 0.014743355951507425, 3.099042497227511e-05, 0.014743307996171564, 0.014743388906133302, 0.007294441270490341, 0.016450536025717798, 0.01645056198549887, 0.016450550428274275, 0.007294435184693703, 3.110789424453395e-05, 0.01474335596049565, 0.01474336175329901, 4.6465578969965134e-05, 5.109596414589036e-07, 2.4299172767628246e-05, 0.016450512596449612, 4.632184231259026e-05, 0.0, 2.5137219315088653e-05], [0.03090080131746165, 0.03068595829412672, 0.03238982242637955, 0.03298038494098184, 0.03162357997509698, 0.03237300721454132, 0.03100047175278603, 0.0341851955527821, 0.03378585391573139, 0.030750103816445818, 0.029458532833566458, 0.03144497341646132, 0.034387624893264024, 0.03563192023299852, 0.03510365994544978, 0.03002823361919133, 0.031054480724477643, 0.030462500339727656, 0.02755360858301189, 0.031662276278654755, 0.00729458094715647, 0.014743354782922043, 4.099022752269402e-05, 0.014743310787192095, 0.01474339269969407, 0.007294495106644673, 0.016450557870631644, 0.016450561228303167, 0.01645055204905923, 0.007294391864631197, 4.0983352747717236e-05, 0.014743354760074346, 0.014743386018163574, 4.90169526646981e-05, 2.5352885932888594e-05, 2.74424240774796e-05, 0.01645051424732284, 4.878608916235992e-05, 2.5137219315088653e-05, 0.0]], "Angle": [[0.0, 0.03192525203326653, 0.04965682888439782, 0.04065611999917762, 0.04952142846957179, 0.030868156118985128, 0.048507896737936866, 0.042481887899100845, 0.04218083828621269, 0.055612419960010435, 0.04274907134008577, 0.043429636870035544, 0.03620277882512348, 0.055636636603929035, 0.05152526666383873, 0.0383176243758788, 0.0449899300249266, 0.03855505546073873, 0.05151938253754379, 0.04088879161878703, 0.07960427220456692, 0.07314006016253312, 0.07831317444564842, 0.0731512295631437, 0.07312704367537, 0.07960405798881567, 0.07444649549620681, 0.07447852439729144, 0.07445009174397754, 0.07959456387408831, 0.0783132594657779, 0.07314002639660411, 0.07310718457903756, 0.07834382757464116, 0.07833086187359237, 0.07829224530918877, 0.07445003545729299, 0.07834367334392703, 0.0783306979171627, 0.07834445409454836], [0.03192525203326653, 0.0, 0.05103206896523882, 0.04009260787997666, 0.05485359406855593, 0.03498832474034115, 0.053379449910861854, 0.05284859102068964, 0.045914677989720855, 0.051650494412725526, 0.03683947899709734, 0.052083881747994276, 0.042306684011217274, 0.0532738718320645, 0.05077878850829829, 0.037705442971897006, 0.05260642043930649, 0.044341784842835574, 0.05485740578476791, 0.04496802149420721, 0.08310331567564638, 0.07702199008921505, 0.08118523058475631, 0.07703631778048067, 0.07702546078091747, 0.08309683030671827, 0.07899979402153712, 0.07901403629985299, 0.07899652377033102, 0.08309565370680289, 0.08118531400154823, 0.07702199419555399, 0.07700717488971968, 0.0812017822633785, 0.08119935172549377, 0.08117378684409, 0.07899640702396839, 0.08120162490352023, 0.0811992051402112, 0.08120511703513703], [0.04965682888439782, 0.05103206896523882, 0.0, 0.04880144037386142, 0.0674810877207308, 0.0553919174427891, 0.06404348872147561, 0.06404996041902347, 0.04975137842572767, 0.059194451874747256, 0.05173597834043413, 0.06561474667548313, 0.069451552156665, 0.06169013728606607, 0.06785039472987701, 0.055660036791208144, 0.07191278311191047, 0.048400386910238395, 0.0660484656603877, 0.06772335464211325, 0.0895049159058279, 0.08610946331700603, 0.088539856687432, 0.08612765034269139, 0.08608399290664255, 0.08950047556072001, 0.08699775596982964, 0.08704095364721107, 0.08698863082444148, 0.08947296586315535, 0.08853996940184161, 0.08610940289559346, 0.08606575735051011, 0.08855534217413123, 0.08855828016007233, 0.08854204823594884, 0.08698847115865188, 0.08855520369187196, 0.08855813071374395, 0.08856799724708166], [0.04065611999917762, 0.04009260787997666, 0.04880144037386142, 0.0, 0.05868865887138113, 0.03903370809907963, 0.059907384281329815, 0.0484227142893529, 0.05251960659918345, 0.045469233834326696, 0.05326133603965944, 0.05378052890833063, 0.047806420292004645, 0.05223706591892529, 0.06566244677477234, 0.04533235144041986, 0.05315867899434996, 0.03320290499502332, 0.052075795274166795, 0.04695779928556195, 0.07504892172073092, 0.07281429535379569, 0.07357244596142837, 0.0728425939317105, 0.07280997545912424, 0.07503344840960544, 0.07422601805615914, 0.07425236531883661, 0.07420912884465988, 0.07501880076449802, 0.07357274201868257, 0.07281428066485301, 0.07278740068655191, 0.07357889894099497, 0.07359179955938369, 0.07358849689140415, 0.07420914341566309, 0.07357871337755179, 0.07359156340243414, 0.07359675402526179], [0.04952142846957179, 0.05485359406855593, 0.0674810877207308, 0.05868865887138113, 0.0, 0.05587281725152074, 0.022269994278735012, 0.03584919303098156, 0.06553668174119233, 0.042568401305720344, 0.05693148005350457, 0.0293926892286383, 0.05987252569706879, 0.07326531621008833, 0.04474375712906128, 0.0648466664430958, 0.040996248455134866, 0.06483375628028752, 0.03583814750011688, 0.06513505343866262, 0.0780207087914834, 0.06823755659317564, 0.0758759245457129, 0.06821875782294391, 0.06821819482277315, 0.07803297938308273, 0.07063703275414167, 0.0706356631320909, 0.07064061495122226, 0.07802605520066942, 0.07587599112262937, 0.06823756244563163, 0.06823882385954645, 0.0758641798101619, 0.07586418308906372, 0.07588619071367604, 0.07064058248353898, 0.07586389308993123, 0.07586407295921008, 0.07586343382386994], [0.030868156118985128, 0.03498832474034115, 0.0553919174427891, 0.03903370809907963, 0.05587281725152074, 0.0, 0.05871480110111594, 0.040588632679502676, 0.05426881933296505, 0.054327994622688974, 0.044897642785052996, 0.0434849568000228, 0.039121212250813754, 0.06334338528021964, 0.05685671052122699, 0.033715174745274704, 0.04795325309886407, 0.02576751197946431, 0.04527522013978592, 0.04661289949860528, 0.07393393469317587, 0.06873829754445146, 0.07286024430955118, 0.06876895693229484, 0.06877009144571317, 0.07391159419054436, 0.06985571047740688, 0.06985079974882384, 0.06984153944218136, 0.07392497479867301, 0.07286035433780005, 0.06873834066292203, 0.06874317689779448, 0.07286670984402223, 0.07287662144918931, 0.07286389105531302, 0.06984143922968687, 0.07286664616103704, 0.07287651571008241, 0.07287568271758123], [0.048507896737936866, 0.053379449910861854, 0.06404348872147561, 0.059907384281329815, 0.022269994278735012, 0.05871480110111594, 0.0, 0.03752046708468257, 0.05774832307373853, 0.0435915776651693, 0.05221072638578901, 0.03483402844979482, 0.05707459747041348, 0.06762047052148953, 0.038058910810550205, 0.06483150761911824, 0.040391774101815214, 0.06634968864011642, 0.04376933654451305, 0.06044057077537644, 0.0789742641689869, 0.06949106706333871, 0.07663815168140525, 0.06947392712495556, 0.06948409057189209, 0.07898489010311538, 0.07209220454989675, 0.07208468813841923, 0.07210167153425526, 0.0789888008922424, 0.07663816864635892, 0.06949108236455924, 0.06949861261372507, 0.07663673914196023, 0.0766289320018692, 0.07663822907830083, 0.07210170989665353, 0.07663649622208082, 0.07662879657605097, 0.07663073499982903], [0.042481887899100845, 0.05284859102068964, 0.06404996041902347, 0.0484227142893529, 0.035849193030