{"Bond": [[0.0, 0.02289038479544105, 0.026522976804821276, 0.024936673507082948, 0.02100377067182275, 0.031035370135436977, 0.018752338217363777, 0.022557566903625786, 0.017423582025362875, 0.033019430057071676, 0.02437936676719863, 0.036933373026866466, 0.029724640406976525, 0.02148195419105128, 0.012450936711621159, 0.030540586153257242, 0.031643502523951816, 0.02480096840239004, 0.022995167234164407, 0.028119615700658015, 0.033356849977685975, 0.033341049027272134, 0.033330215857695064, 0.0333381460289863, 0.03332709338876387, 0.0333398118879947, 0.03332831096541909, 0.03355303241739895, 0.03541703938849851, 0.03542902438360388, 0.03355135494237801, 0.03332663733809726, 0.03332647312145837, 0.03542164982003837, 0.0354207127039324, 0.03542328974640376, 0.03335913323395862, 0.03542714802814465, 0.033345554589939826, 0.035419618130805915], [0.02289038479544105, 0.0, 0.028105921607123833, 0.015143143195276512, 0.01226590365303317, 0.02306842724813451, 0.014294761816629005, 0.014138412317264024, 0.020255888684514344, 0.026613293394606132, 0.014560727123389829, 0.02872543703597133, 0.024822467414878136, 0.025414334813453263, 0.02363495008735039, 0.018777958786236778, 0.022534812165491084, 0.012978943575850143, 0.013454393627253201, 0.021317999473638185, 0.027050762380966743, 0.02703480102187508, 0.026856170355256635, 0.026855649797488373, 0.02684161280454463, 0.02703391940403783, 0.026837414005603525, 0.027213969362008338, 0.028613450843092806, 0.028615407884791385, 0.027212380440494743, 0.026843104876614225, 0.026841264295922394, 0.02860151897371146, 0.028608146360295534, 0.02860652100359031, 0.027052410350134254, 0.028613802054961827, 0.02686172757357389, 0.028603198691168962], [0.026522976804821276, 0.028105921607123833, 0.0, 0.01981971793761783, 0.025190208899840305, 0.02037004265563779, 0.024375999351184358, 0.017591354751629058, 0.025714577711668647, 0.027412754095340903, 0.022737817163888934, 0.02735667416370487, 0.02213902084878933, 0.00990208359013119, 0.018085475671667357, 0.02181627320395973, 0.02027369158884186, 0.02780331900573397, 0.019767192183733174, 0.018735335570825407, 0.03118659845245813, 0.031181590503343116, 0.031092911270062622, 0.0311141674566207, 0.03110445378859889, 0.03117879864899283, 0.031097935145954717, 0.03146881266038426, 0.033019973564399244, 0.03303112345976412, 0.0314704453815521, 0.03110762189220182, 0.031098010137722457, 0.033028203364886266, 0.033039418027832536, 0.033028170298600903, 0.031183045063365618, 0.03303783485119805, 0.03110489142100317, 0.03302701536142156], [0.024936673507082948, 0.015143143195276512, 0.01981971793761783, 0.0, 0.01578457671328357, 0.020086974338980046, 0.016935711506504653, 0.01456271692508245, 0.019778459759191777, 0.024808103275992054, 0.016902331328290745, 0.022433456078945854, 0.02333242907521349, 0.019454188586445997, 0.026872737579116162, 0.012504202601852935, 0.016418874727515083, 0.01572995449151325, 0.014143235947838714, 0.017330692945454664, 0.022442630620014357, 0.02242909158376881, 0.022270209158234106, 0.022287079083260646, 0.022282839274361945, 0.022430827538752574, 0.022269151860259417, 0.022770943587919517, 0.024388090564392575, 0.02439067417961376, 0.02277332755151842, 0.022285450241436553, 0.022270882194846908, 0.02439417740420704, 0.024410086287531385, 0.02439445474335125, 0.022438632638291475, 0.024399918542402622, 0.02227306465903787, 0.02439022727166446], [0.02100377067182275, 0.01226590365303317, 0.025190208899840305, 0.01578457671328357, 0.0, 0.019920910677388468, 0.013987684693154577, 0.015459248902700121, 0.019813906549643844, 0.02642556054376985, 0.01605307297286229, 0.02636361500598811, 0.02441551775234812, 0.023863142306326822, 0.02134874089811012, 0.01876419798062785, 0.022079178773082773, 0.019047824217575657, 0.01262347858048377, 0.019941821285602845, 0.029247849529415337, 0.029224090192010332, 0.02907116911561877, 0.029081443852833087, 0.029073451660583807, 0.029224120924989657, 0.029059453397737106, 0.02939943912364504, 0.03065037337437639, 0.030657716552035592, 0.029398722208058795, 0.029070606624300423, 0.02906043080025555, 0.03064662772537625, 0.03066004156807474, 0.030656312185376376, 0.029255864680766883, 0.030660721142605714, 0.02908124157130697, 0.03064642885960951], [0.031035370135436977, 0.02306842724813451, 0.02037004265563779, 0.020086974338980046, 0.019920910677388468, 0.0, 0.02297080372548091, 0.013775738062689823, 0.029394031462196848, 0.02142029249618241, 0.018579135039359884, 0.022112067114320476, 0.019905270693187017, 0.022751801625998835, 0.02468018927857161, 0.01574390873627359, 0.01574418567579216, 0.023286953792560305, 0.016449798285984658, 0.016629551729332788, 0.025938116188965854, 0.02593992343516783, 0.02575438916685403, 0.025766066863716772, 0.025758000612781003, 0.025939263282194217, 0.02575186919670877, 0.025926343000717337, 0.026882141767513232, 0.026886507602307024, 0.025926517852310708, 0.025759657845143984, 0.02575259274758836, 0.026885535929738014, 0.026889918061311212, 0.026891636410360742, 0.02594697141032265, 0.026895944741034697, 0.02575941571750445, 0.02689092964424323], [0.018752338217363777, 0.014294761816629005, 0.024375999351184358, 0.016935711506504653, 0.013987684693154577, 0.02297080372548091, 0.0, 0.012459841477270256, 0.01985415247484104, 0.026958030678877323, 0.015772660401143283, 0.03060999554576797, 0.021741577173334897, 0.02048294705376371, 0.019823883621430248, 0.020661016477807666, 0.022846425452132526, 0.017113408143446727, 0.0159484244580625, 0.01734472647059529, 0.021271898403533183, 0.02126503269768806, 0.02120687676598409, 0.021219915181678813, 0.021214791078567427, 0.0212586024786114, 0.02119963917970503, 0.021488513187587703, 0.022864794223081516, 0.022874326358233808, 0.021484869221668708, 0.02121217284472094, 0.021200214969268272, 0.022869016571330846, 0.022878646655001063, 0.022874736820026158, 0.02128105930487171, 0.022882304466000734, 0.021222114467930958, 0.02287456690752395], [0.022557566903625786, 0.014138412317264024, 0.017591354751629058, 0.01456271692508245, 0.015459248902700121, 0.013775738062689823, 0.012459841477270256, 0.0, 0.019655540110001556, 0.018276128840423445, 0.01196999136944898, 0.020438612185115404, 0.01616463950485033, 0.018791325507253712, 0.022639925933783334, 0.012140209658421256, 0.014003018465400285, 0.01693079965452545, 0.013915951749136467, 0.011885107332696288, 0.020699036738530848, 0.020689134860259747, 0.02058017494104221, 0.020593806991122426, 0.02057626665183436, 0.020689005563776123, 0.02057089012675497, 0.02100015748134725, 0.022370625894115762, 0.022377199290059806, 0.02100172643178323, 0.020579522420409696, 0.020571846963713974, 0.022368875573773296, 0.02237606311232185, 0.022368700722202345, 0.020694738000108192, 0.02237988703337371, 0.020587866817943976, 0.022373004837931698], [0.017423582025362875, 0.020255888684514344, 0.025714577711668647, 0.019778459759191777, 0.019813906549643844, 0.029394031462196848, 0.01985415247484104, 0.019655540110001556, 0.0, 0.03021135563316305, 0.02290804406744883, 0.033520925672368904, 0.030879824429338447, 0.021402032428102267, 0.02186861324371002, 0.02768920810678069, 0.03032232650447845, 0.021527965512271412, 0.021504239176190487, 0.027991829677948304, 0.0303353307405554, 0.030316623313504876, 0.030251199278128048, 0.030256358259038076, 0.03024239054420167, 0.03031193886453791, 0.03024539111579108, 0.030553726176447697, 0.032333571733775, 0.03234439789438381, 0.030554672799534107, 0.030243526017628287, 0.03024329928795625, 0.032334174817595485, 0.03233329160739758, 0.032333518606956026, 0.030337430128883135, 0.032339445657585425, 0.03026324450185413, 0.03232607368512135], [0.033019430057071676, 0.026613293394606132, 0.027412754095340903, 0.024808103275992054, 0.02642556054376985, 0.02142029249618241, 0.026958030678877323, 0.018276128840423445, 0.03021135563316305, 0.0, 0.016895070724162214, 0.023793849181976138, 0.01867642719037914, 0.02965705277356021, 0.02654364092477735, 0.018585350064660014, 0.022713179354063844, 0.022193726431609027, 0.02246422617854036, 0.02254609896889039, 0.02650448672193587, 0.02651085599686822, 0.026395468144257018, 0.026385570786895015, 0.026364066010590475, 0.026504585705961887, 0.026387487672338887, 0.026705204939732087, 0.02772784557763223, 0.027716386618510253, 0.026706987253578025, 0.026372868395469262, 0.02637634624596775, 0.02772336986722393, 0.0277052642252186, 0.027706473403346532, 0.02649806730851739, 0.02771691663531105, 0.02638323786719618, 0.027725755359950425], [0.02437936676719863, 0.014560727123389829, 0.022737817163888934, 0.016902331328290745, 0.01605307297286229, 0.018579135039359884, 0.015772660401143283, 0.01196999136944898, 0.02290804406744883, 0.016895070724162214, 0.0, 0.025319891607560475, 0.01955636002434309, 0.023775165200321715, 0.024178422617638917, 0.014593569926020913, 0.019706191084452606, 0.016674479515221163, 0.017228659621023185, 0.018199640808921686, 0.022855385991073333, 0.022846441991693393, 0.022688269301963222, 0.02269408179783401, 0.022681099008044003, 0.02284696645915004, 0.022676363512426842, 0.02315645783299093, 0.024437673188481814, 0.024437499922407336, 0.023156858251956583, 0.022680891897024633, 0.022673860841865918, 0.0244337983502414, 0.024440857132601853, 0.024436229837909305, 0.02285656022924009, 0.024440176638102887, 0.022690144693173105, 0.02444086481406919], [0.036933373026866466, 0.02872543703597133, 0.02735667416370487, 0.022433456078945854, 0.02636361500598811, 0.022112067114320476, 0.03060999554576797, 0.020438612185115404, 0.033520925672368904, 0.023793849181976138, 0.025319891607560475, 0.0, 0.021337663077005256, 0.03045595894443716, 0.031089928968468933, 0.018220214189732183, 0.01923974766611617, 0.02429612296446308, 0.019004195669443842, 0.02362348027446665, 0.031441217446733, 0.031433000421853555, 0.03139099949189253, 0.03140978947993366, 0.031394461345125795, 0.03142760453781315, 0.03139013963160307, 0.03191444499358551, 0.03322244421581557, 0.03322402033244567, 0.031916115221763436, 0.03139953263678636, 0.03139152672468871, 0.03323116203282582, 0.0332365701955975, 0.03323490680718214, 0.031441515848109405, 0.03323927622825584, 0.0313937091522357, 0.03322581792422816], [0.029724640406976525, 0.024822467414878136, 0.02213902084878933, 0.02333242907521349, 0.02441551775234812, 0.019905270693187017, 0.021741577173334897, 0.01616463950485033, 0.030879824429338447, 0.01867642719037914, 0.01955636002434309, 0.021337663077005256, 0.0, 0.02520511826032784, 0.023328814046201112, 0.014135687219964181, 0.013553081656320045, 0.02165301936173989, 0.01779687058102228, 0.013693001079738988, 0.022819152396921862, 0.022823328006229854, 0.022801766094441817, 0.022811753326843386, 0.02281170609770078, 0.022821272132839847, 0.02279983812460761, 0.023045397826250726, 0.024315233144593745, 0.02430844282521134, 0.023040996532527253, 0.02280858910094091, 0.02279618617087719, 0.024319564869736025, 0.024330388732697678, 0.024318456718841454, 0.022820700177125165, 0.024328381751974985, 0.022799895883813846, 0.024328074179172172], [0.02148195419105128, 0.025414334813453263, 0.00990208359013119, 0.019454188586445997, 0.023863142306326822, 0.022751801625998835, 0.02048294705376371, 0.018791325507253712, 0.021402032428102267, 0.02965705277356021, 0.023775165200321715, 0.03045595894443716, 0.02520511826032784, 0.0, 0.018964151086690022, 0.023241358879214056, 0.023254699661042058, 0.028581719348723358, 0.021175864804318916, 0.020552827702930546, 0.03198803609597823, 0.03198008719445814, 0.0319113587063194, 0.03193208342478114, 0.031919244746243663, 0.03198042675347914, 0.03191433702951293, 0.032284073991008744, 0.03393874727882702, 0.03395042963476648, 0.032283159379554685, 0.03192466202640736, 0.03191454308539389, 0.033945585467505625, 0.03395482406686929, 0.03393828424661648, 0.03197724992567253, 0.033956066142065026, 0.03192651565315535, 0.03394346019376514], [0.012450936711621159, 0.02363495008735039, 0.018085475671667357, 0.026872737579116162, 0.02134874089811012, 0.02468018927857161, 0.019823883621430248, 0.022639925933783334, 0.02186861324371002, 0.02654364092477735, 0.024178422617638917, 0.031089928968468933, 0.023328814046201112, 0.018964151086690022, 0.0, 0.026137933221917514, 0.02609052509128475, 0.025962897366672406, 0.021360684751125108, 0.023487027102563517, 0.03438871958036538, 0.034378759441516735, 0.03438469002472607, 0.03439427137152358, 0.03439058494780643, 0.03437839038192415, 0.034382561948805096, 0.034662369849337564, 0.036488408577578506, 0.03649474306102987, 0.03465998754814349, 0.03438723573581988, 0.03438054448984742, 0.036493414918512795, 0.03650142286162233, 0.03649792247184306, 0.034392272113463754, 0.03650020139059139, 0.034394982570104385, 0.036498206234037475], [0.030540586153257242, 0.018777958786236778, 0.02181627320395973, 0.012504202601852935, 0.01876419798062785, 0.01574390873627359, 0.020661016477807666, 0.012140209658421256, 0.02768920810678069, 0.018585350064660014, 0.014593569926020913, 0.018220214189732183, 0.014135687219964181, 0.023241358879214056, 0.026137933221917514, 0.0, 0.01106836850947663, 0.017827216998886015, 0.013805814632973224, 0.01380399561547271, 0.022740484599548784, 0.022730049417367417, 0.022531578371063343, 0.02254873972469899, 0.022548003002249805, 0.02273337160458162, 0.022524312784091546, 0.023006004621866808, 0.02423212904271956, 0.024228210047905995, 0.02300266314917784, 0.022544869147147376, 0.022526252626909268, 0.0242353876362624, 0.024256910958848955, 0.024238455470117458, 0.02274101824207886, 0.024248134788818727, 0.02253310086908065, 0.024237977474557453], [0.031643502523951816, 0.022534812165491084, 0.02027369158884186, 0.016418874727515083, 0.022079178773082773, 0.01574418567579216, 0.022846425452132526, 0.014003018465400285, 0.03032232650447845, 0.022713179354063844, 0.019706191084452606, 0.01923974766611617, 0.013553081656320045, 0.023254699661042058, 0.02609052509128475, 0.01106836850947663, 0.0, 0.020270521931441642, 0.013704069313604085, 0.013315524246073494, 0.023520026686213873, 0.023517022384798802, 0.023444296076785894, 0.023460188531561135, 0.023468605331171455, 0.023517568837526186, 0.023445910884836576, 0.023646722233560246, 0.025121300934038894, 0.02511826022648799, 0.023647458571768774, 0.023468298761332076, 0.0234495004686049, 0.025125701228364477, 0.02514922043657243, 0.02513139781710924, 0.02352187590365806, 0.02513676831789451, 0.023440858660729504, 0.02513046130064981], [0.02480096840239004, 0.012978943575850143, 0.02780331900573397, 0.01572995449151325, 0.019047824217575657, 0.023286953792560305, 0.017113408143446727, 0.01693079965452545, 0.021527965512271412, 0.022193726431609027, 0.016674479515221163, 0.02429612296446308, 0.02165301936173989, 0.028581719348723358, 0.025962897366672406, 0.017827216998886015, 0.020270521931441642, 0.0, 0.016926610950614117, 0.02171738829035146, 0.024653180391681326, 0.02464456680381593, 0.024577442646130716, 0.024567046653982627, 0.02455774577914422, 0.024636276041531995, 0.024560985106342654, 0.02496797949699574, 0.026785750233090388, 0.026780051572655502, 0.024967699131456706, 0.024560514835494755, 0.024563706245704187, 0.026778851405176985, 0.026777178574122647, 0.026778795259529576, 0.024653349073679543, 0.026777699735303234, 0.024573619364243734, 0.026774362735492854], [0.022995167234164407, 0.013454393627253201, 0.019767192183733174, 0.014143235947838714, 0.01262347858048377, 0.016449798285984658, 0.0159484244580625, 0.013915951749136467, 0.021504239176190487, 0.02246422617854036, 0.017228659621023185, 0.019004195669443842, 0.01779687058102228, 0.021175864804318916, 0.021360684751125108, 0.013805814632973224, 0.013704069313604085, 0.016926610950614117, 0.0, 0.014932420281880155, 0.0286074588599154, 0.028590449089610323, 0.028486628827939762, 0.028498029835915283, 0.028488765829360798, 0.028588002269065372, 0.028478383160739893, 0.02884013925754346, 0.030396834726364, 0.030402641777278187, 0.028841630390853364, 0.028493130516159402, 0.028481643061063162, 0.03039377005610712, 0.0304071463145987, 0.03039624399366079, 0.028605320706763023, 0.030406372753025213, 0.028493020669390374, 0.03039296918022888], [0.028119615700658015, 0.021317999473638185, 0.018735335570825407, 0.017330692945454664, 0.019941821285602845, 0.016629551729332788, 0.01734472647059529, 0.011885107332696288, 0.027991829677948304, 0.02254609896889039, 0.018199640808921686, 0.02362348027446665, 0.013693001079738988, 0.020552827702930546, 0.023487027102563517, 0.01380399561547271, 0.013315524246073494, 0.02171738829035146, 0.014932420281880155, 0.0, 0.022104806503413194, 0.022097331206647326, 0.02192572209783922, 0.021949069300230307, 0.021943690009293682, 0.022095086207772414, 0.02192474279049383, 0.022224420497931104, 0.02308192535440211, 0.023091084284992947, 0.022224814242157154, 0.021945445837444778, 0.021927892102621152, 0.02308634415155036, 0.023104975494477806, 0.023085248892273102, 0.02210019533032298, 0.023102599332347918, 0.02193631104711222, 0.023089448667689864], [0.033356849977685975, 0.027050762380966743, 0.03118659845245813, 0.022442630620014357, 0.029247849529415337, 0.025938116188965854, 0.021271898403533183, 0.020699036738530848, 0.0303353307405554, 0.02650448672193587, 0.022855385991073333, 0.031441217446733, 0.022819152396921862, 0.03198803609597823, 0.03438871958036538, 0.022740484599548784, 0.023520026686213873, 0.024653180391681326, 0.0286074588599154, 0.022104806503413194, 0.0, 5.476672003051584e-05, 0.0008341113167076456, 0.0008326540172187833, 0.000833585815185065, 5.020778685598728e-05, 0.0008338673081539871, 0.001473647893373068, 0.003450738064250604, 0.003450876255883658, 0.0014736841898276309, 0.0008332778337199676, 0.0008336267194216626, 0.0034530421555689387, 0.0034552558346490577, 0.003452106560032751, 6.518822210954484e-05, 0.003453488872040349, 0.0008333356614784392, 0.0034524232113269976], [0.033341049027272134, 0.02703480102187508, 0.031181590503343116, 0.02242909158376881, 0.029224090192010332, 0.02593992343516783, 0.02126503269768806, 0.020689134860259747, 0.030316623313504876, 0.02651085599686822, 0.022846441991693393, 0.031433000421853555, 0.022823328006229854, 0.03198008719445814, 0.034378759441516735, 0.022730049417367417, 0.023517022384798802, 0.02464456680381593, 0.028590449089610323, 0.022097331206647326, 5.476672003051584e-05, 0.0, 0.0008440094805184469, 0.0008441150416999365, 0.0008450613646798796, 4.216830483488142e-05, 0.0008431926172868635, 0.0014930134762654887, 0.003458652343468983, 0.0034589601178917823, 0.0014931538149561753, 0.0008437717728252193, 0.0008429968697129393, 0.0034609095034923956, 0.00346364555306639, 0.003460314370783208, 8.575311628936098e-05, 0.0034616459024788943, 0.0008438678655689713, 0.003460313414390401], [0.033330215857695064, 0.026856170355256635, 0.031092911270062622, 0.022270209158234106, 0.02907116911561877, 0.02575438916685403, 0.02120687676598409, 0.02058017494104221, 0.030251199278128048, 0.026395468144257018, 0.022688269301963222, 0.03139099949189253, 0.022801766094441817, 0.0319113587063194, 0.03438469002472607, 0.022531578371063343, 0.023444296076785894, 0.024577442646130716, 0.028486628827939762, 0.02192572209783922, 0.0008341113167076456, 0.0008440094805184469, 0.0, 4.549358244534323e-05, 5.352198318880622e-05, 0.0008436222788888014, 4.5633902527135785e-05, 0.0012278074635529775, 0.0033523919677129646, 0.0033529589059407548, 0.0012280057008628679, 5.767260690745645e-05, 4.5514288914719336e-05, 0.003355104929718446, 0.0033576424712275497, 0.0033541243171034524, 0.0008467866027878123, 0.003355779159690286, 3.808923469706047e-05, 0.0033542331132855414], [0.0333381460289863, 0.026855649797488373, 0.0311141674566207, 0.022287079083260646, 0.029081443852833087, 0.025766066863716772, 0.021219915181678813, 0.020593806991122426, 0.030256358259038076, 0.026385570786895015, 0.02269408179783401, 0.03140978947993366, 0.022811753326843386, 0.03193208342478114, 0.03439427137152358, 0.02254873972469899, 0.023460188531561135, 0.024567046653982627, 0.028498029835915283, 0.021949069300230307, 0.0008326540172187833, 0.0008441150416999365, 4.549358244534323e-05, 0.0, 5.271639161192551e-05, 0.0008436909450560626, 4.815401564917932e-05, 0.0012163620800609114, 0.003348645905700362, 0.0033488127653661685, 0.001216395801898276, 4.691168445801399e-05, 4.678681586714579e-05, 0.0033510803173941225, 0.0033535104293368713, 0.0033501772377889814, 0.0008462166833908711, 0.0033515347523755488, 3.288761879789366e-05, 0.003350346802986264], [0.03332709338876387, 0.02684161280454463, 0.03110445378859889, 0.022282839274361945, 0.029073451660583807, 0.025758000612781003, 0.021214791078567427, 0.02057626665183436, 0.03024239054420167, 0.026364066010590475, 0.022681099008044003, 0.031394461345125795, 0.02281170609770078, 0.031919244746243663, 0.03439058494780643, 0.022548003002249805, 0.023468605331171455, 0.02455774577914422, 0.028488765829360798, 0.021943690009293682, 0.000833585815185065, 0.0008450613646798796, 5.352198318880622e-05, 5.271639161192551e-05, 0.0, 0.0008444492812838325, 5.775930318661532e-05, 0.001249368300090152, 0.003360964329196429, 0.0033613694018822648, 0.0012496544545792757, 4.3967473422498775e-05, 5.7230206072099664e-05, 0.003363518729594593, 0.003365498973702761, 0.0033623183772493377, 0.0008452705744658779, 0.003363944874112964, 5.792903338815344e-05, 0.003362681239951157], [0.0333398118879947, 0.02703391940403783, 0.03117879864899283, 0.022430827538752574, 0.029224120924989657, 0.025939263282194217, 0.0212586024786114, 0.020689005563776123, 0.03031193886453791, 0.026504585705961887, 0.02284696645915004, 0.03142760453781315, 0.022821272132839847, 0.03198042675347914, 0.03437839038192415, 0.02273337160458162, 0.023517568837526186, 0.024636276041531995, 0.028588002269065372, 0.022095086207772414, 5.020778685598728e-05, 4.216830483488142e-05, 0.0008436222788888014, 0.0008436909450560626, 0.0008444492812838325, 0.0, 0.0008435862266286833, 0.0014927885939465012, 0.003458501079665615, 0.0034589654513925614, 0.0014930989278546726, 0.000844173250574879, 0.0008434120041709738, 0.0034609772765798784, 0.00346343549652891, 0.003460325456503415, 8.98448383377107e-05, 0.003461579814498783, 0.0008438360719050195, 0.0034602474884813266], [0.03332831096541909, 0.026837414005603525, 0.031097935145954717, 0.022269151860259417, 0.029059453397737106, 0.02575186919670877, 0.02119963917970503, 0.02057089012675497, 0.03024539111579108, 0.026387487672338887, 0.022676363512426842, 0.03139013963160307, 0.02279983812460761, 0.03191433702951293, 0.034382561948805096, 0.022524312784091546, 0.023445910884836576, 0.024560985106342654, 0.028478383160739893, 0.02192474279049383, 0.0008338673081539871, 0.0008431926172868635, 4.5633902527135785e-05, 4.815401564917932e-05, 5.775930318661532e-05, 0.0008435862266286833, 0.0, 0.0012448161731125767, 0.0033589485199332003, 0.003359210804819154, 0.0012447095128432025, 3.751445494994834e-05, 1.8853051981239334e-05, 0.0033612602650713442, 0.0033640665675647823, 0.003360636106213251, 0.0008473373525971482, 0.003362084535242938, 4.9931641228845575e-05, 0.003360658491348059], [0.03355303241739895, 0.027213969362008338, 0.03146881266038426, 0.022770943587919517, 0.02939943912364504, 0.025926343000717337, 0.021488513187587703, 0.02100015748134725, 0.030553726176447697, 0.026705204939732087, 0.02315645783299093, 0.03191444499358551, 0.023045397826250726, 0.032284073991008744, 0.034662369849337564, 0.023006004621866808, 0.023646722233560246, 0.02496797949699574, 0.02884013925754346, 0.022224420497931104, 0.001473647893373068, 0.0014930134762654887, 0.0012278074635529775, 0.0012163620800609114, 0.001249368300090152, 0.0014927885939465012, 0.0012448161731125767, 0.0, 0.0031202978502376435, 0.0031205597770455336, 2.5326874780463857e-05, 0.0012442557521705664, 0.0012448393905409125, 0.003122829018875711, 0.003125272653801648, 0.0031216892162279314, 0.0014939946163875092, 0.00312333505263204, 0.0012200088839064264, 0.0031219741764312785], [0.03541703938849851, 0.028613450843092806, 0.033019973564399244, 0.024388090564392575, 0.03065037337437639, 0.026882141767513232, 0.022864794223081516, 0.022370625894115762, 0.032333571733775, 0.02772784557763223, 0.024437673188481814, 0.03322244421581557, 0.024315233144593745, 0.03393874727882702, 0.036488408577578506, 0.02423212904271956, 0.025121300934038894, 0.026785750233090388, 0.030396834726364, 0.02308192535440211, 0.003450738064250604, 0.003458652343468983, 0.0033523919677129646, 0.003348645905700362, 0.003360964329196429, 0.003458501079665615, 0.0033589485199332003, 0.0031202978502376435, 0.0, 4.199573374757741e-05, 0.003120351604631108, 0.0033591342870839536, 0.003358937035757765, 4.03095309504605e-05, 4.888545641972234e-05, 6.420920452192821e-05, 0.0034595359360762566, 4.464499770245622e-05, 0.0033499294504972803, 3.106227072343392e-05], [0.03542902438360388, 0.028615407884791385, 0.03303112345976412, 0.02439067417961376, 0.030657716552035592, 0.026886507602307024, 0.022874326358233808, 0.022377199290059806, 0.03234439789438381, 0.027716386618510253, 0.024437499922407336, 0.03322402033244567, 0.02430844282521134, 0.03395042963476648, 0.03649474306102987, 0.024228210047905995, 0.02511826022648799, 0.026780051572655502, 0.030402641777278187, 0.023091084284992947, 0.003450876255883658, 0.0034589601178917823, 0.0033529589059407548, 0.0033488127653661685, 0.0033613694018822648, 0.0034589654513925614, 0.003359210804819154, 0.0031205597770455336, 4.199573374757741e-05, 0.0, 0.003120450965604609, 0.003359344648923433, 0.0033591727243839067, 3.8846362253297285e-05, 5.553053125471159e-05, 5.612424889540206e-05, 0.0034595740960433915, 3.3759940142034914e-05, 0.0033501225179991285, 3.815244978376145e-05], [0.03355135494237801, 0.027212380440494743, 0.0314704453815521, 0.02277332755151842, 0.029398722208058795, 0.025926517852310708, 0.021484869221668708, 0.02100172643178323, 0.030554672799534107, 0.026706987253578025, 0.023156858251956583, 0.031916115221763436, 0.023040996532527253, 0.032283159379554685, 0.03465998754814349, 0.02300266314917784, 0.023647458571768774, 0.024967699131456706, 0.028841630390853364, 0.022224814242157154, 0.0014736841898276309, 0.0014931538149561753, 0.0012280057008628679, 0.001216395801898276, 0.0012496544545792757, 0.0014930989278546726, 0.0012447095128432025, 2.5326874780463857e-05, 0.003120351604631108, 0.003120450965604609, 0.0, 0.0012441495825544547, 0.001244730613236895, 0.003122881248809774, 0.0031253626116977064, 0.0031217062799438642, 0.0014940903120457434, 0.0031234323226226194, 0.0012203221492523737, 0.003122072267935199], [0.03332663733809726, 0.026843104876614225, 0.03110762189220182, 0.022285450241436553, 0.029070606624300423, 0.025759657845143984, 0.02121217284472094, 0.020579522420409696, 0.030243526017628287, 0.026372868395469262, 0.022680891897024633, 0.03139953263678636, 0.02280858910094091, 0.03192466202640736, 0.03438723573581988, 0.022544869147147376, 0.023468298761332076, 0.024560514835494755, 0.028493130516159402, 0.021945445837444778, 0.0008332778337199676, 0.0008437717728252193, 5.767260690745645e-05, 4.691168445801399e-05, 4.3967473422498775e-05, 0.000844173250574879, 3.751445494994834e-05, 0.0012442557521705664, 0.0033591342870839536, 0.003359344648923433, 0.0012441495825544547, 0.0, 3.656992669008337e-05, 0.0033614689261064526, 0.0033638595098684524, 0.003360782005920478, 0.0008467624557641427, 0.0033620676241233986, 5.826000497595247e-05, 0.0033608040627471965], [0.03332647312145837, 0.026841264295922394, 0.031098010137722457, 0.022270882194846908, 0.02906043080025555, 0.02575259274758836, 0.021200214969268272, 0.020571846963713974, 0.03024329928795625, 0.02637634624596775, 0.022673860841865918, 0.03139152672468871, 0.02279618617087719, 0.03191454308539389, 0.03438054448984742, 0.022526252626909268, 0.0234495004686049, 0.024563706245704187, 0.028481643061063162, 0.021927892102621152, 0.0008336267194216626, 0.0008429968697129393, 4.5514288914719336e-05, 4.678681586714579e-05, 5.7230206072099664e-05, 0.0008434120041709738, 1.8853051981239334e-05, 0.0012448393905409125, 0.003358937035757765, 0.0033591727243839067, 0.001244730613236895, 3.656992669008337e-05, 0.0, 0.003361302938208771, 0.003364047978005204, 0.003360573148201033, 0.0008470865368587484, 0.003362054427268048, 4.802151894218957e-05, 0.003360680795054702], [0.03542164982003837, 0.02860151897371146, 0.033028203364886266, 0.02439417740420704, 0.03064662772537625, 0.026885535929738014, 0.022869016571330846, 0.022368875573773296, 0.032334174817595485, 0.02772336986722393, 0.0244337983502414, 0.03323116203282582, 0.024319564869736025, 0.033945585467505625, 0.036493414918512795, 0.0242353876362624, 0.025125701228364477, 0.026778851405176985, 0.03039377005610712, 0.02308634415155036, 0.0034530421555689387, 0.0034609095034923956, 0.003355104929718446, 0.0033510803173941225, 0.003363518729594593, 0.0034609772765798784, 0.0033612602650713442, 0.003122829018875711, 4.03095309504605e-05, 3.8846362253297285e-05, 0.003122881248809774, 0.0033614689261064526, 0.003361302938208771, 0.0, 5.4686739182964415e-05, 6.460466347036913e-05, 0.0034618753211280114, 3.6960394656001474e-05, 0.0033523629157736503, 3.36015140170686e-05], [0.0354207127039324, 0.028608146360295534, 0.033039418027832536, 0.024410086287531385, 0.03066004156807474, 0.026889918061311212, 0.022878646655001063, 0.02237606311232185, 0.03233329160739758, 0.0277052642252186, 0.024440857132601853, 0.0332365701955975, 0.024330388732697678, 0.03395482406686929, 0.03650142286162233, 0.024256910958848955, 0.02514922043657243, 0.026777178574122647, 0.0304071463145987, 0.023104975494477806, 0.0034552558346490577, 0.00346364555306639, 0.0033576424712275497, 0.0033535104293368713, 0.003365498973702761, 0.00346343549652891, 0.0033640665675647823, 0.003125272653801648, 4.888545641972234e-05, 5.553053125471159e-05, 0.0031253626116977064, 0.0033638595098684524, 0.003364047978005204, 5.4686739182964415e-05, 0.0, 6.30809910591747e-05, 0.003463900606126906, 4.103974502234488e-05, 0.0033549935093873146, 5.039502290498264e-05], [0.03542328974640376, 0.02860652100359031, 0.033028170298600903, 0.02439445474335125, 0.030656312185376376, 0.026891636410360742, 0.022874736820026158, 0.022368700722202345, 0.032333518606956026, 0.027706473403346532, 0.024436229837909305, 0.03323490680718214, 0.024318456718841454, 0.03393828424661648, 0.03649792247184306, 0.024238455470117458, 0.02513139781710924, 0.026778795259529576, 0.03039624399366079, 0.023085248892273102, 0.003452106560032751, 0.003460314370783208, 0.0033541243171034524, 0.0033501772377889814, 0.0033623183772493377, 0.003460325456503415, 0.003360636106213251, 0.0031216892162279314, 6.420920452192821e-05, 5.612424889540206e-05, 0.0031217062799438642, 0.003360782005920478, 0.003360573148201033, 6.460466347036913e-05, 6.30809910591747e-05, 0.0, 0.003459937266472841, 5.747633912097543e-05, 0.003351290469017267, 5.830358442418492e-05], [0.03335913323395862, 0.027052410350134254, 0.031183045063365618, 0.022438632638291475, 0.029255864680766883, 0.02594697141032265, 0.02128105930487171, 0.020694738000108192, 0.030337430128883135, 0.02649806730851739, 0.02285656022924009, 0.031441515848109405, 0.022820700177125165, 0.03197724992567253, 0.034392272113463754, 0.02274101824207886, 0.02352187590365806, 0.024653349073679543, 0.028605320706763023, 0.02210019533032298, 6.518822210954484e-05, 8.575311628936098e-05, 0.0008467866027878123, 0.0008462166833908711, 0.0008452705744658779, 8.98448383377107e-05, 0.0008473373525971482, 0.0014939946163875092, 0.0034595359360762566, 0.0034595740960433915, 0.0014940903120457434, 0.0008467624557641427, 0.0008470865368587484, 0.0034618753211280114, 0.003463900606126906, 0.003459937266472841, 0.0, 0.003462156686893306, 0.0008456562869438128, 0.003461089690183594], [0.03542714802814465, 0.028613802054961827, 0.03303783485119805, 0.024399918542402622, 0.030660721142605714, 0.026895944741034697, 0.022882304466000734, 0.02237988703337371, 0.032339445657585425, 0.02771691663531105, 0.024440176638102887, 0.03323927622825584, 0.024328381751974985, 0.033956066142065026, 0.03650020139059139, 0.024248134788818727, 0.02513676831789451, 0.026777699735303234, 0.030406372753025213, 0.023102599332347918, 0.003453488872040349, 0.0034616459024788943, 0.003355779159690286, 0.0033515347523755488, 0.003363944874112964, 0.003461579814498783, 0.003362084535242938, 0.00312333505263204, 4.464499770245622e-05, 3.3759940142034914e-05, 0.0031234323226226194, 0.0033620676241233986, 0.003362054427268048, 3.6960394656001474e-05, 4.103974502234488e-05, 5.747633912097543e-05, 0.003462156686893306, 0.0, 0.0033528882908951253, 3.706144845017709e-05], [0.033345554589939826, 0.02686172757357389, 0.03110489142100317, 0.02227306465903787, 0.02908124157130697, 0.02575941571750445, 0.021222114467930958, 0.020587866817943976, 0.03026324450185413, 0.02638323786719618, 0.022690144693173105, 0.0313937091522357, 0.022799895883813846, 0.03192651565315535, 0.034394982570104385, 0.02253310086908065, 0.023440858660729504, 0.024573619364243734, 0.028493020669390374, 0.02193631104711222, 0.0008333356614784392, 0.0008438678655689713, 3.808923469706047e-05, 3.288761879789366e-05, 5.792903338815344e-05, 0.0008438360719050195, 4.9931641228845575e-05, 0.0012200088839064264, 0.0033499294504972803, 0.0033501225179991285, 0.0012203221492523737, 5.826000497595247e-05, 4.802151894218957e-05, 0.0033523629157736503, 0.0033549935093873146, 0.003351290469017267, 0.0008456562869438128, 0.0033528882908951253, 0.0, 0.003351539854652179], [0.035419618130805915, 0.028603198691168962, 0.03302701536142156, 0.02439022727166446, 0.03064642885960951, 0.02689092964424323, 0.02287456690752395, 0.022373004837931698, 0.03232607368512135, 0.027725755359950425, 0.02444086481406919, 0.03322581792422816, 0.024328074179172172, 0.03394346019376514, 0.036498206234037475, 0.024237977474557453, 0.02513046130064981, 0.026774362735492854, 0.03039296918022888, 0.023089448667689864, 0.0034524232113269976, 0.003460313414390401, 0.0033542331132855414, 0.003350346802986264, 0.003362681239951157, 0.0034602474884813266, 0.003360658491348059, 0.0031219741764312785, 3.106227072343392e-05, 3.815244978376145e-05, 0.003122072267935199, 0.0033608040627471965, 0.003360680795054702, 3.36015140170686e-05, 5.039502290498264e-05, 5.830358442418492e-05, 0.003461089690183594, 3.706144845017709e-05, 0.003351539854652179, 0.0]], "Angle": [[0.0, 0.054197595734729945, 0.04960448883499743, 0.05566045813533498, 0.04484146021022161, 0.05658812046574099, 0.047963333381659486, 0.052990969151753525, 0.0386747805632152, 0.05519812172923067, 0.04484731489759322, 0.08106732803709861, 0.04458418807344758, 0.04860079390788718, 0.032501359340856635, 0.05656298596750123, 0.05567322340541969, 0.04784618691503318, 0.05865841886225857, 0.05365446488682547, 0.08355191458572736, 0.08354636312739115, 0.08313505542510287, 0.08311122142645742, 0.0831328575196941, 0.08356014800051915, 0.08312778254134143, 0.08312029122065505, 0.07973136604559435, 0.07972799400999957, 0.08313364435529945, 0.08313567218545759, 0.08311702197674312, 0.07971022671176378, 0.07972360438379252, 0.0797230531907413, 0.08358399798073099, 0.07970251109354043, 0.08311886034745623, 0.07971061682562414], [0.054197595734729945, 0.0, 0.05316453660284595, 0.03708922588991846, 0.03443175447940628, 0.05243800101747045, 0.04709959721905682, 0.03337954053070408, 0.041230052178051174, 0.04606064354881469, 0.027326610943568905, 0.05836917257496146, 0.046215829966931556, 0.04024677356114656, 0.05838636900021405, 0.03135019603679741, 0.04315965296567799, 0.02435167297996736, 0.0414403520221967, 0.04781648883999596, 0.0706839590898236, 0.0706515746285231, 0.0707309757786799, 0.07069722910800814, 0.07065942597699, 0.07067792924776996, 0.07068967986198, 0.0706740682397508, 0.06801102988154654, 0.06799055754246565, 0.07068211741925093, 0.07067651952780879, 0.07066952496609784, 0.06799664401205173, 0.06793234869725889, 0.06798230226437799, 0.0707077512911042, 0.06795950282467134, 0.07070337804267492, 0.06796333396351553], [0.04960448883499743, 0.05316453660284595, 0.0, 0.047393057697870146, 0.04105175258794288, 0.05280777958881129, 0.047288962937586464, 0.04002299469092184, 0.05112166034221814, 0.04875667701479154, 0.05109251436443282, 0.06507062377955429, 0.034732959422402634, 0.032902415976338216, 0.05043034930249094, 0.05058970459545542, 0.03597494226058996, 0.04324495459949815, 0.04051209104611777, 0.030335929479484155, 0.07004519194402947, 0.07002748309840869, 0.06972853872785298, 0.06974918403002985, 0.06978664047243187, 0.07000888867524162, 0.06975241791252774, 0.06977683115135411, 0.06666492630946802, 0.06668784505240705, 0.06977514316396953, 0.06977398636183146, 0.06973730713888987, 0.06666714821835733, 0.06672087295467945, 0.06665050006027534, 0.07003537541841695, 0.06669407307111999, 0.06975240147017858, 0.06668614600730124], [0.05566045813533498, 0.03708922588991846, 0.047393057697870146, 0.0, 0.04265621636358726, 0.06051086016236753, 0.060357868784380896, 0.038883855229905666, 0.04990591658609391, 0.04716570163674281, 0.047401173581679557, 0.05226960526232975, 0.05546056577973215, 0.03283911642276886, 0.061585527762988604, 0.03910344782484413, 0.04488173385274054, 0.037300300672781825, 0.039006797713514695, 0.05748195287925546, 0.09128137194324765, 0.09125713071499286, 0.09136983204644726, 0.0913962347169229, 0.09134858776447081, 0.09127155748663486, 0.09136213546065078, 0.09137403859702907, 0.088060435130245, 0.08807204956102925, 0.09136494554101762, 0.0913580790262907, 0.09137090337262263, 0.0880775170567186, 0.08803327114129583, 0.08807831657021782, 0.09127426799232374, 0.08807711105541342, 0.09139028562461365, 0.08805667612632546], [0.04484146021022161, 0.03443175447940628, 0.04105175258794288, 0.04265621636358726, 0.0, 0.04765184400403722, 0.03532600943349341, 0.035476165910979414, 0.036425455457644286, 0.047044927588485996, 0.04126942925927228, 0.05776739511833645, 0.04512151022945446, 0.04363088660644639, 0.04714426912498875, 0.04182058743342089, 0.03909014507908112, 0.035150540407941556, 0.038846288159022746, 0.040057021174234896, 0.0716553078119106, 0.07163928767230436, 0.07145460125160935, 0.0714338569652297, 0.07141404435468408, 0.07166201679483258, 0.07142933302772904, 0.07141407511672349, 0.06849468555748256, 0.06849241064090733, 0.07142416596224058, 0.07142556913788232, 0.07143209859247332, 0.06847083354127662, 0.06844784621443947, 0.06849225498777532, 0.07168503022003113, 0.06846380114442258, 0.0714425916998299, 0.06844797541543901], [0.05658812046574099, 0.05243800101747045, 0.05280777958881129, 0.06051086016236753, 0.04765184400403722, 0.0, 0.05663062055411006, 0.04325924554301392, 0.040842910126474716, 0.051967605660131436, 0.05087126222208099, 0.07728478229931288, 0.05409419956051388, 0.05736734943214584, 0.055857046174590176, 0.048513146032097526, 0.04815312116892819, 0.04708303759821864, 0.0492931192463647, 0.04534975128010102, 0.07383163804424468, 0.07381184941384213, 0.0729180897406052, 0.07292888267417372, 0.07289355379194834, 0.07385165748114125, 0.07292012373062008, 0.07290457826352177, 0.07003036559243872, 0.07002458798391668, 0.0728988208072427, 0.072915504432991, 0.07291809307890716, 0.07004414398421413, 0.07000018326138514, 0.07005809051209255, 0.07386861344667046, 0.07002438468473318, 0.07291863446630742, 0.07001238021995612], [0.047963333381659486, 0.04709959721905682, 0.047288962937586464, 0.060357868784380896, 0.03532600943349341, 0.05663062055411006, 0.0, 0.04471100932158346, 0.04536335511420276, 0.05736296259131816, 0.04994461594309574, 0.07125925117285102, 0.04063251819659214, 0.05361216816455496, 0.05053624197585596, 0.0542612122617972, 0.04715288623805633, 0.04403542129383424, 0.04315857312586256, 0.03972481255183892, 0.07761436316676235, 0.07765769316305197, 0.07719575918391303, 0.07715537994619058, 0.07720391890248333, 0.07759782142499903, 0.07717273180199434, 0.07716029917660537, 0.07420628042466268, 0.0742212887309863, 0.07718146294858542, 0.077167688185