{"Bond": [[0.0, 0.023052434037184193, 0.022051360589851483, 0.025703036829207673, 0.017802423643024826, 0.018405022550612216, 0.01834067485487935, 0.019094966424528795, 0.02168835748559417, 0.02069566939840517, 0.018763977298163377, 0.016882816272543916, 0.019746072910774768, 0.020613308304124715, 0.017656473077086513, 0.022159592844872695, 0.01798364407300293, 0.02190922512330468, 0.021111315057733095, 0.02014325294186158, 0.024307298384182923, 0.02430732200091945, 0.024696524654372817, 0.024696515641534703, 0.024696519467739087, 0.024307296542984812, 0.024307291365657693, 0.02469650725048285, 0.02430730912938289, 0.02469653311450222, 0.02430726595456805, 0.02430731878471813, 0.024696510651496643, 0.024696525426127637, 0.024307300259974345, 0.024307319605929228, 0.02430730694884906, 0.024696510651496643, 0.024307311013184698, 0.024696501467172907], [0.023052434037184193, 0.0, 0.031685969920129474, 0.023433469514105788, 0.009751226347273437, 0.012097649357281314, 0.01759062708722024, 0.016904397462916138, 0.01526230911160688, 0.013150125913897673, 0.019027807540960173, 0.014321892812662834, 0.016850744470873032, 0.025212316283490587, 0.012956894742349215, 0.019716701783671547, 0.02563236301647558, 0.008733850786456263, 0.017905168178763538, 0.015041214126486943, 0.03118704128152981, 0.03118702433573885, 0.031642521668651266, 0.03164255193802144, 0.03164257432075068, 0.03118702797372766, 0.0311869843189085, 0.031642496386733304, 0.031187024585039327, 0.03164253951170297, 0.031186995199262258, 0.03118704062556758, 0.031642530211099806, 0.031642535538072905, 0.031187036230642978, 0.03118702507651216, 0.031187021113318246, 0.031642530211099806, 0.031187050592993426, 0.03164249537431204], [0.022051360589851483, 0.031685969920129474, 0.0, 0.020409896717327305, 0.027125908059042688, 0.0262825155062739, 0.019157224211097383, 0.01849235020874793, 0.028679617153297178, 0.028351568046313606, 0.026274560089737525, 0.02428780982181007, 0.026110121964461986, 0.019886283168920264, 0.0226172305607337, 0.02299363700488471, 0.028775996468930986, 0.02652342679047436, 0.02827688641662407, 0.02620906119215402, 0.031798728433312114, 0.03179875906462285, 0.032276744401704804, 0.03227676997888171, 0.032276775395879274, 0.03179873366568197, 0.031798674313575394, 0.03227674959397109, 0.031798747475894826, 0.032276778616546375, 0.03179868132890854, 0.03179875379889533, 0.032276755937425454, 0.03227678481598933, 0.03179873493651067, 0.03179875499102113, 0.03179874600838415, 0.032276755937425454, 0.0317987380651614, 0.03227674356701171], [0.025703036829207673, 0.023433469514105788, 0.020409896717327305, 0.0, 0.022518910834602224, 0.018131262631909756, 0.014574450752961746, 0.015846057973890635, 0.021640989978656665, 0.02254980725414735, 0.021343534765006476, 0.019345395357307872, 0.02416630645182155, 0.014010145533681548, 0.015682324424687234, 0.016599694409270838, 0.030640849722256128, 0.019057599101317463, 0.019789579087259455, 0.018663911045992854, 0.03291117353237229, 0.03291117167313543, 0.03343929306712333, 0.03343933891009607, 0.033439350534444606, 0.03291117358862147, 0.03291112233759684, 0.03343928314322013, 0.032911148137627175, 0.03343932147514134, 0.03291112550427654, 0.03291117767452358, 0.03343931892807282, 0.03343933400377287, 0.03291115587920853, 0.032911170698295876, 0.0329111771882377, 0.03343931892807282, 0.03291117176421481, 0.03343928313755995], [0.017802423643024826, 0.009751226347273437, 0.027125908059042688, 0.022518910834602224, 0.0, 0.013492354415377668, 0.015517525730807516, 0.013790250211977972, 0.014166428403873952, 0.008779357508699216, 0.018068085978520165, 0.0158680763548629, 0.01782640501678105, 0.021138709044659944, 0.012042109161587574, 0.016757250117064828, 0.02191210639339193, 0.010216479598087845, 0.019960823554533384, 0.016487539070244826, 0.026377700676616603, 0.026377705437487638, 0.026855406009034685, 0.02685542149629536, 0.02685544134487891, 0.026377697447476815, 0.02637765141736519, 0.026855380666592207, 0.026377693336913925, 0.026855425020415526, 0.026377656976995286, 0.026377711047757154, 0.026855404615518084, 0.026855402824914158, 0.026377704022552084, 0.026377704597536224, 0.026377691211653856, 0.026855404615518084, 0.026377721625252874, 0.02685537623506777], [0.018405022550612216, 0.012097649357281314, 0.0262825155062739, 0.018131262631909756, 0.013492354415377668, 0.0, 0.014773642648471124, 0.015570576683221747, 0.012818595532712234, 0.014535990382097021, 0.014934911706758227, 0.010535156098616908, 0.01406909510773136, 0.020773423398419998, 0.010045029835048803, 0.020738490566902048, 0.021095863020728363, 0.012016420250033851, 0.011173541159382953, 0.010147550774603897, 0.026418243494600743, 0.026418225278470247, 0.026862612738089205, 0.02686265022440711, 0.026862663601944843, 0.026418231594940986, 0.026418194661846656, 0.026862595047475638, 0.026418222758101545, 0.026862637071946294, 0.02641819811795948, 0.026418243502054496, 0.02686263091709816, 0.026862645534599255, 0.02641822873472824, 0.026418225972779954, 0.02641823351339775, 0.02686263091709816, 0.02641824073718339, 0.02686259379363358], [0.01834067485487935, 0.01759062708722024, 0.019157224211097383, 0.014574450752961746, 0.015517525730807516, 0.014773642648471124, 0.0, 0.011720436029532611, 0.018341795983617595, 0.018526592718126067, 0.013329230686836965, 0.011025032276869667, 0.016577762826567713, 0.011461272750603952, 0.00806703683494481, 0.012012064491917204, 0.023723769780409548, 0.014797457211588561, 0.016241210662138173, 0.012627974533819652, 0.030084513578558347, 0.030084522538478632, 0.030587313479034643, 0.03058734926749188, 0.030587366714248686, 0.030084517428204744, 0.030084471534366775, 0.030587309967493623, 0.0300844989497126, 0.030587340507705264, 0.030084468452506438, 0.030084523306555706, 0.03058732817853919, 0.030587347541607888, 0.030084502474960594, 0.030084519976062776, 0.03008451901654264, 0.03058732817853919, 0.030084517497378227, 0.030587303741911504], [0.019094966424528795, 0.016904397462916138, 0.01849235020874793, 0.015846057973890635, 0.013790250211977972, 0.015570576683221747, 0.011720436029532611, 0.0, 0.01880447997970445, 0.017879524663351944, 0.017027224651362124, 0.01486273633586684, 0.017548160860952657, 0.01691310364544775, 0.013920933515761529, 0.01306275364260051, 0.022024288720860742, 0.011603060915672175, 0.021050746323172463, 0.016398423449716242, 0.031146135422481746, 0.031146148004658102, 0.03150391839500147, 0.031503957238903604, 0.031503975856322156, 0.03114613323467839, 0.031146084841330714, 0.031503917528797915, 0.0311461397692316, 0.031503963878940645, 0.03114608820975766, 0.031146154551307207, 0.03150394732910558, 0.03150395523795619, 0.03114613632466362, 0.031146145750937777, 0.031146137424560683, 0.03150394732910558, 0.0311461492913533, 0.031503912666623446], [0.02168835748559417, 0.01526230911160688, 0.028679617153297178, 0.021640989978656665, 0.014166428403873952, 0.012818595532712234, 0.018341795983617595, 0.01880447997970445, 0.0, 0.013426522688421995, 0.016902520565300522, 0.016181353517613576, 0.014647146908051594, 0.02217918594698571, 0.01319267067994356, 0.019755192280299982, 0.023070065617954796, 0.013936967915995664, 0.013569519392361864, 0.011469650074312275, 0.023667423153526, 0.023667439581046106, 0.024334231551682007, 0.024334262045649566, 0.024334274578366896, 0.02366742356802252, 0.023667388226083927, 0.02433421484796554, 0.02366740526234686, 0.024334256695937004, 0.023667382808346113, 0.023667433837233635, 0.024334257370422736, 0.024334256306795216, 0.023667409822760024, 0.023667439038158787, 0.0236674325862528, 0.024334257370422736, 0.02366743415262922, 0.024334211128978503], [0.02069566939840517, 0.013150125913897673, 0.028351568046313606, 0.02254980725414735, 0.008779357508699216, 0.014535990382097021, 0.018526592718126067, 0.017879524663351944, 0.013426522688421995, 0.0, 0.022658798662172117, 0.018816618534546574, 0.02188404582284147, 0.022289769572938448, 0.012807627551166496, 0.02051147384805303, 0.023612128161723957, 0.011386140740334841, 0.020290502983895467, 0.01673799869358593, 0.023018212067897264, 0.023018217584940156, 0.023653177299757872, 0.023653191343230566, 0.023653209240685667, 0.023018210556379152, 0.023018165654320213, 0.023653151507017245, 0.02301820786813888, 0.02365319253701451, 0.023018165774149196, 0.023018221001294806, 0.02365317560895231, 0.023653175656396505, 0.02301821588280692, 0.023018219029830263, 0.023018200089476113, 0.02365317560895231, 0.023018241725484202, 0.02365315197584553], [0.018763977298163377, 0.019027807540960173, 0.026274560089737525, 0.021343534765006476, 0.018068085978520165, 0.014934911706758227, 0.013329230686836965, 0.017027224651362124, 0.016902520565300522, 0.022658798662172117, 0.0, 0.011270621965879513, 0.011120941537738717, 0.018768024439803493, 0.013874176921839565, 0.017052493012077983, 0.022430820574496795, 0.019258034534389103, 0.015650178533660006, 0.013665186935278208, 0.03046485628589397, 0.030464871498244, 0.030725783443782004, 0.03072581390781402, 0.030725829498801153, 0.03046486014795773, 0.03046484197393704, 0.030725779002852505, 0.030464839931209936, 0.03072580923641113, 0.03046482561967886, 0.03046486532554817, 0.030725807998617873, 0.03072581484022413, 0.030464843107624852, 0.030464868543332933, 0.030464872226980196, 0.030725807998617873, 0.03046484109269572, 0.030725770182161053], [0.016882816272543916, 0.014321892812662834, 0.02428780982181007, 0.019345395357307872, 0.0158680763548629, 0.010535156098616908, 0.011025032276869667, 0.01486273633586684, 0.016181353517613576, 0.018816618534546574, 0.011270621965879513, 0.0, 0.011381102229019004, 0.018630033692422335, 0.008847099065474474, 0.017763113802926913, 0.020694853288111364, 0.013601375447273842, 0.010815159721742549, 0.009495094702690577, 0.027986547351610828, 0.027986536875883553, 0.02835618693784947, 0.0283562315560451, 0.02835624996848886, 0.027986537285877973, 0.027986508577168605, 0.028356183915628868, 0.02798653200891352, 0.028356215320152527, 0.027986503729457893, 0.02798654836006221, 0.02835621327455349, 0.02835623551912943, 0.027986531839595073, 0.02798653566446395, 0.027986540720390238, 0.02835621327455349, 0.02798653973452993, 0.02835617975796127], [0.019746072910774768, 0.016850744470873032, 0.026110121964461986, 0.02416630645182155, 0.01782640501678105, 0.01406909510773136, 0.016577762826567713, 0.017548160860952657, 0.014647146908051594, 0.02188404582284147, 0.011120941537738717, 0.011381102229019004, 0.0, 0.024561380874448684, 0.014914658983619114, 0.0208102883431532, 0.022647554519086985, 0.017452965789230175, 0.015145254955889002, 0.013304453480855526, 0.029807785194054644, 0.02980779623412218, 0.030209391691937783, 0.030209422891225215, 0.030209437972615237, 0.029807778611480852, 0.029807741566836653, 0.030209382353112785, 0.02980778301400068, 0.030209418409680423, 0.029807744565063913, 0.029807796732909606, 0.03020941304900672, 0.030209428323686022, 0.02980778049752136, 0.029807793880047274, 0.0298077931133176, 0.03020941304900672, 0.02980777704170437, 0.030209374689488214], [0.020613308304124715, 0.025212316283490587, 0.019886283168920264, 0.014010145533681548, 0.021138709044659944, 0.020773423398419998, 0.011461272750603952, 0.01691310364544775, 0.02217918594698571, 0.022289769572938448, 0.018768024439803493, 0.018630033692422335, 0.024561380874448684, 0.0, 0.014916231962700168, 0.012585685221441467, 0.028013682527722517, 0.021511581317096826, 0.020073130126000288, 0.018929372798837735, 0.028636379756940732, 0.02863639524413705, 0.029070608222343124, 0.029070641552335505, 0.029070654587348806, 0.028636391756514157, 0.028636360717719373, 0.029070607921419706, 0.02863635371098762, 0.02907063317338486, 0.02863634514009766, 0.028636390272826766, 0.029070626586698217, 0.029070637189497088, 0.02863636016297203, 0.028636392159635492, 0.028636395035838924, 0.029070626586698217, 0.02863638323555102, 0.02907060337603087], [0.017656473077086513, 0.012956894742349215, 0.0226172305607337, 0.015682324424687234, 0.012042109161587574, 0.010045029835048803, 0.00806703683494481, 0.013920933515761529, 0.01319267067994356, 0.012807627551166496, 0.013874176921839565, 0.008847099065474474, 0.014914658983619114, 0.014916231962700168, 0.0, 0.014791818399315976, 0.022900734886203523, 0.011322274980326421, 0.012258264539804381, 0.009480747552810516, 0.02535880766114314, 0.025358806160829663, 0.02593618307962312, 0.025936217798920465, 0.025936236179040905, 0.02535880590164511, 0.025358760449551952, 0.02593616914453438, 0.025358788279158283, 0.025936201399929873, 0.025358759289899467, 0.025358810103041685, 0.025936193847110163, 0.025936212759230963, 0.02535879572200885, 0.025358805350145945, 0.025358804129696703, 0.025936193847110163, 0.02535880963395095, 0.025936166022789874], [0.022159592844872695, 0.019716701783671547, 0.02299363700488471, 0.016599694409270838, 0.016757250117064828, 0.020738490566902048, 0.012012064491917204, 0.01306275364260051, 0.019755192280299982, 0.02051147384805303, 0.017052493012077983, 0.017763113802926913, 0.0208102883431532, 0.012585685221441467, 0.014791818399315976, 0.0, 0.02957249693140883, 0.0172113977484193, 0.021641658899708104, 0.01848771117886132, 0.03236792976985203, 0.03236795193430483, 0.03279399994046861, 0.03279402641045521, 0.032794047326798886, 0.03236793619291068, 0.032367898933140314, 0.032793988198817764, 0.032367916039412865, 0.0327940240827173, 0.032367891460121485, 0.03236794535402828, 0.032794016039259175, 0.032794015843352384, 0.03236792322894922, 0.032367949089134075, 0.03236794077245342, 0.032794016039259175, 0.032367939259554133, 0.03279398390293304], [0.01798364407300293, 0.02563236301647558, 0.028775996468930986, 0.030640849722256128, 0.02191210639339193, 0.021095863020728363, 0.023723769780409548, 0.022024288720860742, 0.023070065617954796, 0.023612128161723957, 0.022430820574496795, 0.020694853288111364, 0.022647554519086985, 0.028013682527722517, 0.022900734886203523, 0.02957249693140883, 0.0, 0.02212150474648607, 0.024542436357469378, 0.020855648243975483, 0.02956117274670379, 0.029561194603351635, 0.02987463722737361, 0.029874665600487436, 0.02987466881679946, 0.029561173841826285, 0.02956117279120554, 0.029874659568606618, 0.02956118912748354, 0.029874688777852265, 0.029561142665553354, 0.02956119289162126, 0.029874674060824658, 0.029874685353479022, 0.029561167638790544, 0.029561192427577414, 0.029561180101068934, 0.029874674060824658, 0.02956119392661714, 0.02987464974862382], [0.02190922512330468, 0.008733850786456263, 0.02652342679047436, 0.019057599101317463, 0.010216479598087845, 0.012016420250033851, 0.014797457211588561, 0.011603060915672175, 0.013936967915995664, 0.011386140740334841, 0.019258034534389103, 0.013601375447273842, 0.017452965789230175, 0.021511581317096826, 0.011322274980326421, 0.0172113977484193, 0.02212150474648607, 0.0, 0.017595001283614502, 0.012521645573575189, 0.029621212171023977, 0.0296212077175354, 0.030128844876389237, 0.030128887549582293, 0.030128908568083, 0.02962120330905808, 0.029621156735218517, 0.030128836746448374, 0.02962120631145081, 0.030128882390235395, 0.029621161686953248, 0.02962122019105637, 0.030128872601301315, 0.030128880574885317, 0.029621207483971956, 0.02962120788561231, 0.02962119899943905, 0.030128872601301315, 0.029621231088814676, 0.030128835462751972], [0.021111315057733095, 0.017905168178763538, 0.02827688641662407, 0.019789579087259455, 0.019960823554533384, 0.011173541159382953, 0.016241210662138173, 0.021050746323172463, 0.013569519392361864, 0.020290502983895467, 0.015650178533660006, 0.010815159721742549, 0.015145254955889002, 0.020073130126000288, 0.012258264539804381, 0.021641658899708104, 0.024542436357469378, 0.017595001283614502, 0.0, 0.009416850126800306, 0.026085471667955516, 0.026085448674794915, 0.02662580413897414, 0.026625854318168024, 0.026625865491467858, 0.026085460382714167, 0.026085434427569925, 0.026625794955219044, 0.026085430500005172, 0.02662582449465087, 0.026085431723141816, 0.02608546398884676, 0.026625833113257596, 0.026625854692654865, 0.02608543733016752, 0.0260854484568425, 0.02608546628920622, 0.026625833113257596, 0.0260854609418214, 0.02662579315261683], [0.02014325294186158, 0.015041214126486943, 0.02620906119215402, 0.018663911045992854, 0.016487539070244826, 0.010147550774603897, 0.012627974533819652, 0.016398423449716242, 0.011469650074312275, 0.01673799869358593, 0.013665186935278208, 0.009495094702690577, 0.013304453480855526, 0.018929372798837735, 0.009480747552810516, 0.01848771117886132, 0.020855648243975483, 0.012521645573575189, 0.009416850126800306, 0.0, 0.028119481611967884, 0.028119488039444883, 0.02867183541420601, 0.028671877158982603, 0.02867189192701644, 0.02811948003233245, 0.028119456622790386, 0.02867183601604147, 0.028119467829839588, 0.028671867813856205, 0.02811944014342635, 0.028119490265542092, 0.02867186851229917, 0.028671884926284637, 0.028119462998180987, 0.0281194877255237, 0.02811948730511519, 0.02867186851229917, 0.028119486143662168, 0.028671833010887035], [0.024307298384182923, 0.03118704128152981, 0.031798728433312114, 0.03291117353237229, 0.026377700676616603, 0.026418243494600743, 0.030084513578558347, 0.031146135422481746, 0.023667423153526, 0.023018212067897264, 0.03046485628589397, 0.027986547351610828, 0.029807785194054644, 0.028636379756940732, 0.02535880766114314, 0.03236792976985203, 0.02956117274670379, 0.029621212171023977, 0.026085471667955516, 0.028119481611967884, 0.0, 1.2602238176553932e-07, 0.0012991105396558897, 0.0012990967945361984, 0.0012990846013496132, 5.4538092041454723e-08, 1.4886975895461916e-07, 0.0012990749074320322, 1.0803573093427841e-07, 0.0012990850629950232, 6.662096311302074e-08, 6.47730648375492e-08, 0.0012990730299978508, 0.001299095772671763, 6.902395712707622e-08, 1.2288743687947113e-07, 8.19594597146905e-08, 0.0012990730299978508, 8.25182035440731e-08, 0.0012990749073146163], [0.02430732200091945, 0.03118702433573885, 0.03179875906462285, 0.03291117167313543, 0.026377705437487638, 0.026418225278470247, 0.030084522538478632, 0.031146148004658102, 0.023667439581046106, 0.023018217584940156, 0.030464871498244, 0.027986536875883553, 0.02980779623412218, 0.02863639524413705, 0.025358806160829663, 0.03236795193430483, 0.029561194603351635, 0.0296212077175354, 0.026085448674794915, 0.028119488039444883, 1.2602238176553932e-07, 0.0, 0.0012990861053715234, 0.0012990723655002961, 0.0012990601728104217, 9.010290714919902e-08, 1.3840641615971307e-07, 0.001299050471080613, 1.0343041304165554e-07, 0.0012990606277263, 1.311357609134855e-07, 7.813279256435021e-08, 0.0012990485955633741, 0.0012990713405197447, 1.1009669061278851e-07, 9.761767080621243e-09, 6.631728225615024e-08, 0.0012990485955633741, 1.2370804729458215e-07, 0.00129905047169827], [0.024696524654372817, 0.031642521668651266, 0.032276744401704804, 0.03343929306712333, 0.026855406009034685, 0.026862612738089205, 0.030587313479034643, 0.03150391839500147, 0.024334231551682007, 0.023653177299757872, 0.030725783443782004, 0.02835618693784947, 0.030209391691937783, 0.029070608222343124, 0.02593618307962312, 0.03279399994046861, 0.02987463722737361, 0.030128844876389237, 0.02662580413897414, 0.02867183541420601, 0.0012991105396558897, 0.0012990861053715234, 0.0, 1.1607236799906643e-07, 1.377961096989367e-07, 0.0012991037598416042, 0.001299157315452779, 9.601969672460552e-08, 0.0012991271008129476, 1.041298301511293e-07, 0.0012991515522932323, 0.0012991058638373786, 1.2142531313445424e-07, 1.3454090557394803e-07, 0.0012991206208771595, 0.0012990861049626662, 0.0012991042156717438, 1.2142531313445424e-07, 0.0012990716621375878, 9.094165980203395e-08], [0.024696515641534703, 0.03164255193802144, 0.03227676997888171, 0.03343933891009607, 0.02685542149629536, 0.02686265022440711, 0.03058734926749188, 0.031503957238903604, 0.024334262045649566, 0.023653191343230566, 0.03072581390781402, 0.0283562315560451, 0.030209422891225215, 0.029070641552335505, 0.025936217798920465, 0.03279402641045521, 0.029874665600487436, 0.030128887549582293, 0.026625854318168024, 0.028671877158982603, 0.0012990967945361984, 0.0012990723655002961, 1.1607236799906643e-07, 0.0, 4.166930614905255e-08, 0.0012990900162291492, 0.0012991435760573583, 1.0108315490993618e-07, 0.0012991133592704515, 8.232949917355303e-08, 0.001299137809755569, 0.0012990921206682505, 7.482352715547588e-08, 6.880675278977842e-08, 0.0012991068791718943, 0.001299072365199959, 0.001299090472935184, 7.482352715547588e-08, 0.0012990579182295206, 9.956274549712058e-08], [0.024696519467739087, 0.03164257432075068, 0.032276775395879274, 0.033439350534444606, 0.02685544134487891, 0.026862663601944843, 0.030587366714248686, 0.031503975856322156, 0.024334274578366896, 0.023653209240685667, 0.030725829498801153, 0.02835624996848886, 0.030209437972615237, 0.029070654587348806, 0.025936236179040905, 0.032794047326798886, 0.02987466881679946, 0.030128908568083, 0.026625865491467858, 0.02867189192701644, 0.0012990846013496132, 0.0012990601728104217, 1.377961096989367e-07, 4.166930614905255e-08, 0.0, 0.0012990778232492603, 0.0012991313844359354, 1.207956645328244e-07, 0.0012991011661933577, 9.862971255357145e-08, 0.0012991256174355618, 0.0012990799275827158, 9.129430938178753e-08, 8.970810313873367e-08, 0.0012990946857659486, 0.001299060172510082, 0.0012990782804777373, 9.129430938178753e-08, 0.001299045724919094, 1.1952626763312282e-07], [0.024307296542984812, 0.03118702797372766, 0.03179873366568197, 0.03291117358862147, 0.026377697447476815, 0.026418231594940986, 0.030084517428204744, 0.03114613323467839, 0.02366742356802252, 0.023018210556379152, 0.03046486014795773, 0.027986537285877973, 0.029807778611480852, 0.028636391756514157, 0.02535880590164511, 0.03236793619291068, 0.029561173841826285, 0.02962120330905808, 0.026085460382714167, 0.02811948003233245, 5.4538092041454723e-08, 9.010290714919902e-08, 0.0012991037598416042, 0.0012990900162291492, 0.0012990778232492603, 0.0, 1.284390350454716e-07, 0.0012990681264678395, 1.1164382242506361e-07, 0.001299078283020578, 6.992393311507573e-08, 5.914139425134334e-08, 0.00129906625021467, 0.0012990889938706836, 8.14850825606405e-08, 8.816935370256656e-08, 4.8492943741766175e-08, 0.00129906625021467, 9.008132139266118e-08, 0.0012990681267996977], [0.024307291365657693, 0.0311869843189085, 0.031798674313575394, 0.03291112233759684, 0.02637765141736519, 0.026418194661846656, 0.030084471534366775, 0.031146084841330714, 0.023667388226083927, 0.023018165654320213, 0.03046484197393704, 0.027986508577168605, 0.029807741566836653, 0.028636360717719373, 0.025358760449551952, 0.032367898933140314, 0.02956117279120554, 0.029621156735218517, 0.026085434427569925, 0.028119456622790386, 1.4886975895461916e-07, 1.3840641615971307e-07, 0.001299157315452779, 0.0012991435760573583, 0.0012991313844359354, 1.284390350454716e-07, 0.0, 0.001299121681431327, 1.6404596210920177e-07, 0.0012991318406931705, 1.0722114967309864e-07, 1.4249849901103744e-07, 0.0012991198057454901, 0.0012991425508491708, 1.6609123421115902e-07, 1.3474780193290396e-07, 1.2235372844346376e-07, 0.0012991198057454901, 1.7142562345300712e-07, 0.001299121681222003], [0.02469650725048285, 0.031642496386733304, 0.03227674959397109, 0.03343928314322013, 0.026855380666592207, 0.026862595047475638, 0.030587309967493623, 0.031503917528797915, 0.02433421484796554, 0.023653151507017245, 0.030725779002852505, 0.028356183915628868, 0.030209382353112785, 0.029070607921419706, 0.02593616914453438, 0.032793988198817764, 0.029874659568606618, 0.030128836746448374, 0.026625794955219044, 0.02867183601604147, 0.0012990749074320322, 0.001299050471080613, 9.601969672460552e-08, 1.0108315490993618e-07, 1.207956645328244e-07, 0.0012990681264678395, 0.001299121681431327, 0.0, 0.0012990914668181493, 6.493945005703106e-08, 0.0012991159201538754, 0.0012990702302883557, 7.635247403891438e-08, 8.63652581057025e-08, 0.0012990849895859265, 0.0012990504708818014, 0.0012990685819021118, 7.635247403891438e-08, 0.0012990360286204202, 2.4334741470660464e-08], [0.02430730912938289, 0.031187024585039327, 0.031798747475894826, 0.032911148137627175, 0.026377693336913925, 0.026418222758101545, 0.0300844989497126, 0.0311461397692316, 0.02366740526234686, 0.02301820786813888, 0.030464839931209936, 0.02798653200891352, 0.02980778301400068, 0.02863635371098762, 0.025358788279158283, 0.032367916039412865, 0.02956118912748354, 0.02962120631145081, 0.026085430500005172, 0.028119467829839588, 1.0803573093427841e-07, 1.0343041304165554e-07, 0.0012991271008129476, 0.0012991133592704515, 0.0012991011661933577, 1.1164382242506361e-07, 1.6404596210920177e-07, 0.0012990914668181493, 0.0, 0.0012991016225802694, 1.2436966259123849e-07, 7.231388010823478e-08, 0.0012990895915129103, 0.00129911233378781, 6.275596903893256e-08, 9.952309096753418e-08, 1.1024165024810927e-07, 0.0012990895915129103, 1.1127646009141027e-07, 0.001299091466699717], [0.02469653311450222, 0.03164253951170297, 0.032276778616546375, 0.03343932147514134, 0.026855425020415526, 0.026862637071946294, 0.030587340507705264, 0.031503963878940645, 0.024334256695937004, 0.02365319253701451, 0.03072580923641113, 0.028356215320152527, 0.030209418409680423, 0.02907063317338486, 0.025936201399929873, 0.0327940240827173, 0.029874688777852265, 0.030128882390235395, 0.02662582449465087, 0.028671867813856205, 0.0012990850629950232, 0.0012990606277263, 1.041298301511293e-07, 8.232949917355303e-08, 9.862971255357145e-08, 0.001299078283020578, 0.0012991318406931705, 6.493945005703106e-08, 0.0012991016225802694, 0.0, 0.0012991260773967674, 0.001299080385410889, 5.8310703190612774e-08, 8.416436336951385e-08, 0.0012990951449232395, 0.0012990606275399893, 0.001299078738377905, 5.8310703190612774e-08, 0.001299046183576482, 6.954037733704519e-08], [0.02430726595456805, 0.031186995199262258, 0.03179868132890854, 0.03291112550427654, 0.026377656976995286, 0.02641819811795948, 0.030084468452506438, 0.03114608820975766, 0.023667382808346113, 0.023018165774149196, 0.03046482561967886, 0.027986503729457893, 0.029807744565063913, 0.02863634514009766, 0.025358759289899467, 0.032367891460121485, 0.029561142665553354, 0.029621161686953248, 0.026085431723141816, 0.02811944014342635, 6.662096311302074e-08, 1.311357609134855e-07, 0.0012991515522932323, 0.001299137809755569, 0.0012991256174355618, 6.992393311507573e-08, 1.0722114967309864e-07, 0.0012991159201538754, 1.2436966259123849e-07, 0.0012991260773967674, 0.0, 9.044006679000378e-08, 0.001299114043876389, 0.0012991367876503696, 9.645365722138273e-08, 1.2812025851538034e-07, 8.635668076266418e-08, 0.001299114043876389, 1.1637536250896338e-07, 0.0012991159200783182], [0.02430731878471813, 0.03118704062556758, 0.03179875379889533, 0.03291117767452358, 0.026377711047757154, 0.026418243502054496, 0.030084523306555706, 0.031146154551307207, 0.023667433837233635, 0.023018221001294806, 0.03046486532554817, 0.02798654836006221, 0.029807796732909606, 0.028636390272826766, 0.025358810103041685, 0.03236794535402828, 0.02956119289162126, 0.02962122019105637, 0.02608546398884676, 0.028119490265542092, 6.47730648375492e-08, 7.813279256435021e-08, 0.0012991058638373786, 0.0012990921206682505, 0.0012990799275827158, 5.914139425134334e-08, 1.4249849901103744e-07, 0.0012990702302883557, 7.231388010823478e-08, 0.001299080385410889, 9.044006679000378e-08, 0.0, 0.0012990683535749326, 0.0012990910971179682, 6.225557009374001e-08, 7.558181247881718e-08, 5.812061090359911e-08, 0.0012990683535749326, 7.348253215628604e-08, 0.0012990702304680002], [0.024696510651496643, 0.031642530211099806, 0.032276755937425454, 0.03343931892807282, 0.026855404615518084, 0.02686263091709816, 0.03058732817853919, 0.03150394732910558, 0.024334257370422736, 0.02365317560895231, 0.030725807998617873, 0.02835621327455349, 0.03020941304900672, 0.029070626586698217, 0.025936193847110163, 0.032794016039259175, 0.029874674060824658, 0.030128872601301315, 0.026625833113257596, 0.02867186851229917, 0.0012990730299978508, 0.0012990485955633741, 1.2142531313445424e-07, 7.482352715547588e-08, 9.129430938178753e-08, 0.00129906625021467, 0.0012991198057454901, 7.635247403891438e-08, 0.0012990895915129103, 5.8310703190612774e-08, 0.001299114043876389, 0.0012990683535749326, 0.0, 6.848656883770445e-08, 0.0012990831137320914, 0.001299048595263032, 0.0012990667051859658, 0.0, 0.0012990341521828977, 7.432789769824884e-08], [0.024696525426127637, 0.031642535538072905, 0.03227678481598933, 0.03343933400377287, 0.026855402824914158, 0.026862645534599255, 0.030587347541607888, 0.03150395523795619, 0.024334256306795216, 0.023653175656396505, 0.03072581484022413, 0.02835623551912943, 0.030209428323686022, 0.029070637189497088, 0.025936212759230963, 0.032794015843352384, 0.029874685353479022, 0.030128880574885317, 0.026625854692654865, 0.028671884926284637, 0.001299095772671763, 0.0012990713405197447, 1.3454090557394803e-07, 6.880675278977842e-08, 8.970810313873367e-08, 0.0012990889938706836, 0.0012991425508491708, 8.63652581057025e-08, 0.00129911233378781, 8.416436336951385e-08, 0.0012991367876503696, 0.0012990910971179682, 6.848656883770445e-08, 0.0, 0.001299105856730966, 0.0012990713402194077, 0.001299089449045566, 6.848656883770445e-08, 0.0012990568962150382, 8.45806945587636e-08], [0.024307300259974345, 0.031187036230642978, 0.03179873493651067, 0.03291115587920853, 0.026377704022552084, 0.02641822873472824, 0.030084502474960594, 0.03114613632466362, 0.023667409822760024, 0.02301821588280692, 0.030464843107624852, 0.027986531839595073, 0.02980778049752136, 0.02863636016297203, 0.02535879572200885, 0.03236792322894922, 0.029561167638790544, 0.029621207483971956, 0.02608543733016752, 0.028119462998180987, 6.902395712707622e-08, 1.1009669061278851e-07, 0.0012991206208771595, 0.0012991068791718943, 0.0012990946857659486, 8.14850825606405e-08, 1.6609123421115902e-07, 0.0012990849895859265, 6.275596903893256e-08, 0.0012990951449232395, 9.645365722138273e-08, 6.225557009374001e-08, 0.0012990831137320914, 0.001299105856730966, 0.0, 1.0643437686035787e-07, 9.764830539522958e-08, 0.0012990831137320914, 9.264565361234653e-08, 0.0012990849894674934], [0.024307319605929228, 0.03118702507651216, 0.03179875499102113, 0.032911170698295876, 0.026377704597536224, 0.026418225972779954, 0.030084519976062776, 0.031146145750937777, 0.023667439038158787, 0.023018219029830263, 0.030464868543332933, 0.02798653566446395, 0.029807793880047274, 0.028636392159635492, 0.025358805350145945, 0.032367949089134075, 0.029561192427577414, 0.02962120788561231, 0.0260854484568425, 0.0281194877255237, 1.2288743687947113e-07, 9.761767080621243e-09, 0.0012990861049626662, 0.001299072365199959, 0.001299060172510082, 8.816935370256656e-08, 1.3474780193290396e-07, 0.0012990504708818014, 9.952309096753418e-08, 0.0012990606275399893, 1.2812025851538034e-07, 7.558181247881718e-08, 0.001299048595263032, 0.0012990713402194077, 1.0643437686035787e-07, 0.0, 6.5594891792773e-08, 0.001299048595263032, 1.2046026838424022e-07, 0.001299050471340442], [0.02430730694884906, 0.031187021113318246, 0.03179874600838415, 0.0329111771882377, 0.026377691211653856, 0.02641823351339775, 0.03008451901654264, 0.031146137424560683, 0.0236674325862528, 0.023018200089476113, 0.030464872226980196, 0.027986540720390238, 0.0298077931133176, 0.028636395035838924, 0.025358804129696703, 0.03236794077245342, 0.029561180101068934, 0.02962119899943905, 0.02608546628920622, 0.02811948730511519, 8.19594597146905e-08, 6.631728225615024e-08, 0.0012991042156717438, 0.001299090472935184, 0.0012990782804777373, 4.8492943741766175e-08, 1.2235372844346376e-07, 0.0012990685819021118, 1.1024165024810927e-07, 0.001299078738377905, 8.635668076266418e-08, 5.812061090359911e-08, 0.0012990667051859658, 0.001299089449045566, 9.764830539522958e-08, 6.5594891792773e-08, 0.0, 0.0012990667051859658, 1.1426706821516909e-07, 0.001299068582360746], [0.024696510651496643, 0.031642530211099806, 0.032276755937425454, 0.03343931892807282, 0.026855404615518084, 0.02686263091709816, 0.03058732817853919, 0.03150394732910558, 0.024334257370422736, 0.02365317560895231, 0.030725807998617873, 0.02835621327455349, 0.03020941304900672, 0.029070626586698217, 0.025936193847110163, 0.032794016039259175, 0.029874674060824658, 0.030128872601301315, 0.026625833113257596, 0.02867186851229917, 0.0012990730299978508, 0.0012990485955633741, 1.2142531313445424e-07, 7.482352715547588e-08, 9.129430938178753e-08, 0.00129906625021467, 0.0012991198057454901, 7.635247403891438e-08, 0.0012990895915129103, 5.8310703190612774e-08, 0.001299114043876389, 0.0012990683535749326, 0.0, 6.848656883770445e-08, 0.0012990831137320914, 0.001299048595263032, 0.0012990667051859658, 0.0, 0.0012990341521828977, 7.432789769824884e-08], [0.024307311013184698, 0.031187050592993426, 0.0317987380651614, 0.03291117176421481, 0.026377721625252874, 0.02641824073718339, 0.030084517497378227, 0.0311461492913533, 0.02366743415262922, 0.023018241725484202, 0.03046484109269572, 0.02798653973452993, 0.02980777704170437, 0.02863638323555102, 0.02535880963395095, 0.032367939259554133, 0.02956119392661714, 0.029621231088814676, 0.0260854609418214, 0.028119486143662168, 8.25182035440731e-08, 1.2370804729458215e-07, 0.0012990716621375878, 0.0012990579182295206, 0.001299045724919094, 9.008132139266118e-08, 1.7142562345300712e-07, 0.0012990360286204202, 1.1127646009141027e-07, 0.001299046183576482, 1.1637536250896338e-07, 7.348253215628604e-08, 0.0012990341521828977, 0.0012990568962150382, 9.264565361234653e-08, 1.2046026838424022e-07, 1.1426706821516909e-07, 0.0012990341521828977, 0.0, 0.0012990360285019826], [0.024696501467172907, 0.03164249537431204, 0.03227674356701171, 0.03343928313755995, 0.02685537623506777, 0.02686259379363358, 0.030587303741911504, 0.031503912666623446, 0.024334211128978503, 0.02365315197584553, 0.030725770182161053, 0.02835617975796127, 0.030209374689488214, 0.02907060337603087, 0.025936166022789874, 0.03279398390293304, 0.02987464974862382, 0.030128835462751972, 0.02662579315261683, 0.028671833010887035, 0.0012990749073146163, 0.00129905047169827, 9.094165980203395e-08, 9.956274549712058e-08, 1.1952626763312282e-07, 0.0012990681267996977, 0.001299121681222003, 2.4334741470660464e-08, 0.001299091466699717, 6.954037733704519e-08, 0.0012991159200783182, 0.0012990702304680002, 7.432789769824884e-08, 8.45806945587636e-08, 0.0012990849894674934, 0.001299050471340442, 0.001299068582360746, 7.432789769824884e-08, 0.0012990360285019826, 0.0]], "Angle": [[0.0, 0.07946661344465213, 0.06712132243858956, 0.08323233591079743, 0.06482926980367167, 0.07187506693741366, 0.07403744791941623, 0.0698339335169471, 0.07505763517650774, 0.05585462945376601, 0.06683608134360547, 0.0751184126620309, 0.05647550875978972, 0.06710134894422025, 0.07008622146694037, 0.062295114119588185, 0.07188986166839902, 0.07896814615043449, 0.0719901703262969, 0.07273278275872493, 0.06366507433818075, 0.06366518022679, 0.06082362696742609, 0.060823608166923546, 0.06082354371589141, 0.06366511866133269, 0.06366511031461151, 0.06082367677665787, 0.06366512750918897, 0.060823663163512294, 0.06366515996810683, 0.06366519421039893, 0.06082364256466174, 0.060823570027575616, 0.06366514163178469, 0.06366518104781967, 0.06366510110550448, 0.06082364256466174, 0.06366507777445148, 0.06082367352946618], [0.07946661344465213, 0.0, 0.0806274556748507, 0.06539913797041186, 0.05159066197672679, 0.057306929376891906, 0.055713477788429326, 0.07663011150032745, 0.07731896405949704, 0.06612252621478043, 0.04980843578776178, 0.07962445474335386, 0.04500254262854496, 0.061585617468081943, 0.06248425497306275, 0.05360905897951723, 0.09870551619981514, 0.06135437980057004, 0.04592062528245943, 0.0700566245562912, 0.06606702716181183, 0.06606703146693252, 0.06513691348268667, 0.06513692542874, 0.0651368712872672, 0.06606702916351287, 0.06606705061435822, 0.0651369438456443, 0.0660670260887436, 0.06513691578854632, 0.0660670483336665, 0.0660670484315643, 0.06513688801921753, 0.06513688290355008, 0.0660670446927057, 0.06606703498662986, 0.06606698869108314, 0.06513688801921753, 0.06606702604300557, 0.06513693317164596], [0.06712132243858956, 0.0806274556748507, 0.0, 0.05970282566118601, 0.08420963896492072, 0.0621466925963887, 0.0733196512954323, 0.07925352811687036, 0.07530280908944445, 0.07204323883070647, 0.06846921579385844, 0.05046564368154252, 0.062018625639134045, 0.06586036993230518, 0.047440628020209666, 0.062243868158858434, 0.08295537052500684, 0.07604807165669986, 0.060423853270956174, 0.05926176904079545, 0.046222262652127796, 0.04622227078996968, 0.04582522695401566, 0.045825199788363136, 0.045825188896986, 0.0462222686653652, 0.046222240628907826, 0.04582521626352184, 0.046222284501435985, 0.04582522608801486, 0.04622227001647396, 0.046222284955054024, 0.045825218202709524, 0.04582519711969496, 0.04622230851722728, 0.04622227183127179, 0.046222252948179145, 0.045825218202709524, 0.04622226504732559, 0.045825225029131805], [0.08323233591079743, 0.06539913797041186, 0.05970282566118601, 0.0, 0.06817978708805561, 0.04957774341058204, 0.054824131097281556, 0.06888720752928632, 0.059838417814690084, 0.061568289448924965, 0.04765757183352051, 0.0519748630185701, 0.0648104525289651, 0.04922358907143571, 0.062385366567959954, 0.05125086352031606, 0.07951041129061888, 0.04612324675778126, 0.04537610782601091, 0.050545145478034736, 0.05534183481964438, 0.05534179169175776, 0.05576213876935121, 0.05576217307122684, 0.055762170368553715, 0.055341813939141754, 0.0553418076564342, 0.05576214806243836, 0.055341833343703226, 0.055762143134785946, 0.05534182881901495, 0.05534181150125586, 0.05576214129439569, 0.05576214691793958, 0.05534185068331601, 0.05534179604994017, 0.055341784292008256, 0.05576214129439569, 0.05534184904673395, 0.05576215081821448], [0.06482926980367167, 0.05159066197672679, 0.08420963896492072, 0.06817978708805561, 0.0, 0.05018176457972961, 0.035353897840733575, 0.050849135297311415, 0.06868213230729199, 0.04926005711926693, 0.0562061549467872, 0.06535375230595507, 0.0518622765695359, 0.05070939694527641, 0.0646360610630904, 0.04906760979685485, 0.07258393797266778, 0.057621244699232355, 0.05564039173411387, 0.05583595004572306, 0.06403438298470222, 0.06403439624145808, 0.06310742971975654, 0.06310745347818986, 0.06310742817668967, 0.06403437677685919, 0.06403441378893127, 0.06310746382357008, 0.06403439311382343, 0.06310744552392261, 0.06403439545243568, 0.06403440183889214, 0.06310744015740637, 0.0631074268075605, 0.06403439299361856, 0.06403439701984616, 0.06403434778033489, 0.06310744015740637, 0.06403437259108503, 0.06310745645110669], [0.07187506693741366, 0.057306929376891906, 0.0621466925963887, 0.04957774341058204, 0.05018176457972961, 0.0, 0.039288462667626596, 0.052343812173311056, 0.05041550959510991, 0.04521396584397413, 0.044119128569341665, 0.04299959460924197, 0.051814205710079025, 0.05978242480980643, 0.048575077529736846, 0.05236209695569265, 0.060824848407033186, 0.04106989151123596, 0.030099366670078564, 0.031027817276780018, 0.046216673361475336, 0.046216672479627297, 0.04640167963410936, 0.0464016794809913, 0.04640170773304476, 0.046216663665646245, 0.04621672151379022, 0.0464016984736814, 0.04621667053702392, 0.04640168962648329, 0.04621665343089596, 0.046216656709171966, 0.04640171203987633, 0.04640170348704506, 0.04621666263279599, 0.04621667670477261, 0.04621664684289099, 0.04640171203987633, 0.046216663377097046, 0.04640168538550741], [0.07403744791941623, 0.055713477788429326, 0.0733196512954323, 0.054824131097281556, 0.035353897840733575, 0.039288462667626596, 0.0, 0.03648227123322056, 0.06399146061195699, 0.04559832803680279, 0.05636248083617231, 0.05751428771674251, 0.05063351958345717, 0.05198122984473951, 0.05821630259389644, 0.0543669844981644, 0.06743623849505459, 0.042922528664424406, 0.04913723070390478, 0.04868862179930614, 0.06380267737708728, 0.06380264552139957, 0.06342447806048852, 0.06342449194118095, 0.06342447848735454, 0.06380266681856327, 0.063