{"Bond": [[0.0, 0.02380145077194928, 0.013772350803282684, 0.016453242779511636, 0.017192422226208818, 0.016279940166795907, 0.01914674258626677, 0.019689930285181872, 0.020629960810787308, 0.017419931869112643, 0.044829685380962755, 0.016541327051610575, 0.02453254430090293, 0.01609320415762814, 0.021624113553304847, 0.024077820233634063, 0.018482236919970477, 0.020414677205603443, 0.02293031244347066, 0.016960847681447528, 0.04680065384431367, 0.04884046381186018, 0.045451686014414586, 0.04884053400591986, 0.04884056415515026, 0.0454515966290597, 0.045451686014414586, 0.04884054624826904, 0.04680065812685159, 0.04884046381186018, 0.048840509078456766, 0.045451686014414586, 0.045451618612190096, 0.046800604805473045, 0.04713059068936937, 0.046800607330714075, 0.048840556223518836, 0.045451673346501735, 0.04884054484470129, 0.048840556224399805], [0.02380145077194928, 0.0, 0.017955124036529813, 0.015285622649664952, 0.008554061727169873, 0.022197345397657577, 0.016168258012394687, 0.012835476825788391, 0.021530598952284017, 0.01730148637639129, 0.04256699977642319, 0.013387061615347674, 0.026679498816958126, 0.012312693594880042, 0.02992986028160158, 0.016740940051943036, 0.01678390799027921, 0.014543364209878961, 0.02180348981737371, 0.021201019471035684, 0.04452197554673262, 0.04576126811765181, 0.044837454327751936, 0.045761330548572954, 0.04576135825698512, 0.04483733997573999, 0.044837454327751936, 0.045761362589991555, 0.044521987509477834, 0.04576126811765181, 0.04576132189763935, 0.044837454327751936, 0.04483740213755643, 0.044521922814277255, 0.04435714726822905, 0.04452192497521755, 0.045761371256977955, 0.04483744387388725, 0.04576132225571091, 0.04576135026383328], [0.013772350803282684, 0.017955124036529813, 0.0, 0.016558082614490523, 0.013421172089657252, 0.01953911489047296, 0.020723256268035086, 0.019378753515845983, 0.022723578082739067, 0.01692350368808785, 0.04818174498521249, 0.009737163904970014, 0.030770021540388697, 0.013404369112637309, 0.026264687272061094, 0.020297067252524604, 0.020034259849888273, 0.019003567443445574, 0.025548258875370905, 0.020183265947510836, 0.044560075062481934, 0.04767460152123382, 0.043682121757710426, 0.04767466085652889, 0.04767468988151242, 0.04368202714910905, 0.043682121757710426, 0.04767468603819047, 0.04456007493878137, 0.04767460152123382, 0.047674648296840795, 0.043682121757710426, 0.04368205398759954, 0.04456002423198545, 0.0458875999676477, 0.04456002734891501, 0.04767469804794947, 0.04368210626707589, 0.047674679470973175, 0.04767469172506579], [0.016453242779511636, 0.015285622649664952, 0.016558082614490523, 0.0, 0.012416203180287333, 0.01910243144875306, 0.015100313379319887, 0.013051232394654196, 0.022935984595903108, 0.009603949066989378, 0.04721614916905555, 0.012769114904001589, 0.020650780007652678, 0.013611403595146695, 0.02706962744579527, 0.014808841959868152, 0.013871452382821949, 0.0137612143437328, 0.024560800771629594, 0.01898530440505301, 0.04391816210849224, 0.04427271445207617, 0.04401106192429512, 0.04427278640376668, 0.04427281879691841, 0.044010962094264465, 0.04401106192429512, 0.04427280892522469, 0.04391817942396144, 0.04427271445207617, 0.04427276344042019, 0.04401106192429512, 0.044011002843987825, 0.04391811107812331, 0.04299059742129023, 0.0439181135328419, 0.04427281896348463, 0.04401104999033885, 0.04427279220195119, 0.04427281370938969], [0.017192422226208818, 0.008554061727169873, 0.013421172089657252, 0.012416203180287333, 0.0, 0.019123608720941834, 0.014342204356417252, 0.011391292469158648, 0.019643270506543346, 0.0140170031438692, 0.045030879267588295, 0.010207105957010281, 0.02471918363962627, 0.011422037614094304, 0.027964256551427848, 0.014551645761433092, 0.012733609292054117, 0.012133377765316736, 0.020642455915190504, 0.019740619624503405, 0.04492297176047261, 0.04554644404142802, 0.04338723561919959, 0.045546518528114366, 0.04554654570756229, 0.043387121231255904, 0.04338723561919959, 0.04554654291084633, 0.04492297714597373, 0.04554644404142802, 0.045546498352015796, 0.04338723561919959, 0.043387177992490776, 0.044922916225501014, 0.04402253665628701, 0.04492291902702111, 0.04554655430169661, 0.043387221487305505, 0.04554652093814822, 0.04554654209388665], [0.016279940166795907, 0.022197345397657577, 0.01953911489047296, 0.01910243144875306, 0.019123608720941834, 0.0, 0.012186660267094885, 0.020265206437450934, 0.022849154393714564, 0.01831222842304089, 0.040951019500722274, 0.017028220523172138, 0.01960491289918205, 0.015785598651472083, 0.02714656899999043, 0.022262025201759194, 0.014393387608481798, 0.018895338534278043, 0.02051943333088276, 0.01331930816840226, 0.04336458644464963, 0.042843680467161, 0.04497739831451419, 0.04284372826448621, 0.04284375864430078, 0.044977326434171426, 0.04497739831451419, 0.0428437506180593, 0.0433645904068532, 0.042843680467161, 0.04284370973060866, 0.04497739831451419, 0.04497735531396598, 0.04336454911233897, 0.0420719883156796, 0.04336455111059766, 0.042843758955824804, 0.044977388928232505, 0.042843734921830044, 0.04284375400294527], [0.01914674258626677, 0.016168258012394687, 0.020723256268035086, 0.015100313379319887, 0.014342204356417252, 0.012186660267094885, 0.0, 0.015949621056325046, 0.022925546184775367, 0.016850139953022092, 0.03983894468861166, 0.01662495516562865, 0.01855159236771356, 0.012734391509532181, 0.028606040676857222, 0.018652054119498475, 0.009755756305047596, 0.012085682722529585, 0.020157907622218946, 0.017250249440731405, 0.04437473033715899, 0.044432721027636624, 0.04454030371720725, 0.04443278037634057, 0.044432806381949304, 0.04454020720736102, 0.04454030371720725, 0.044432812024040355, 0.044374729615615, 0.044432721027636624, 0.04443276106480352, 0.04454030371720725, 0.04454026228772081, 0.04437468194414187, 0.04322483950732335, 0.04437468417891807, 0.04443282122463313, 0.044540292870018455, 0.044432782872968354, 0.04443280466380044], [0.019689930285181872, 0.012835476825788391, 0.019378753515845983, 0.013051232394654196, 0.011391292469158648, 0.020265206437450934, 0.015949621056325046, 0.0, 0.01474153892993113, 0.013757075192347153, 0.04159461304393507, 0.014239580410692123, 0.019221190844294255, 0.012354591324409194, 0.025703416381274703, 0.015271823185483733, 0.014582886067913626, 0.014009589962543256, 0.02308756533364213, 0.016168922430326846, 0.04504367005977617, 0.044780874345231536, 0.04575968291390584, 0.044780936166316856, 0.04478097012390752, 0.045759579274236274, 0.04575968291390584, 0.04478096368044354, 0.045043676877640555, 0.044780874345231536, 0.04478092072124361, 0.04575968291390584, 0.04575962203061382, 0.04504361763247666, 0.043729204079196046, 0.045043620316593126, 0.04478097481034008, 0.04575967004171891, 0.04478094571046222, 0.04478097131038629], [0.020629960810787308, 0.021530598952284017, 0.022723578082739067, 0.022935984595903108, 0.019643270506543346, 0.022849154393714564, 0.022925546184775367, 0.01474153892993113, 0.0, 0.024567925622391275, 0.033052862396471004, 0.019082606819628242, 0.0216711389631303, 0.01578669132704885, 0.02121621291990087, 0.027191088149091665, 0.02127967038118318, 0.0199612306115969, 0.02114883667817485, 0.017069091267798132, 0.048668290990621976, 0.05114328493653853, 0.04992550685957153, 0.051143335611346444, 0.051143368298990195, 0.04992541173784224, 0.04992550685957153, 0.05114335442356024, 0.04866829237587221, 0.05114328493653853, 0.051143325376022404, 0.04992550685957153, 0.04992543922501604, 0.04866824360860091, 0.04975544605210676, 0.04866824472840278, 0.05114335881644346, 0.0499255015413418, 0.0511433297220392, 0.05114335389964595], [0.017419931869112643, 0.01730148637639129, 0.01692350368808785, 0.009603949066989378, 0.0140170031438692, 0.01831222842304089, 0.016850139953022092, 0.013757075192347153, 0.024567925622391275, 0.0, 0.04905302819415929, 0.01419980835052231, 0.02263972580037127, 0.015544814224563256, 0.027263429870797842, 0.015316082436724986, 0.014763847327081128, 0.01819523609570893, 0.025416170364351766, 0.01665438763758028, 0.04362808974892335, 0.043030051419041246, 0.04496152128496793, 0.04303011627948503, 0.04303015236295425, 0.04496143242583455, 0.04496152128496793, 0.04303013849078527, 0.04362811541659647, 0.043030051419041246, 0.043030096272453515, 0.04496152128496793, 0.044961469248626096, 0.043628045189769114, 0.04220449284437458, 0.043628048098714615, 0.043030150649242, 0.0449615075331221, 0.043030124190780436, 0.04303014741875989], [0.044829685380962755, 0.04256699977642319, 0.04818174498521249, 0.04721614916905555, 0.045030879267588295, 0.040951019500722274, 0.03983894468861166, 0.04159461304393507, 0.033052862396471004, 0.04905302819415929, 0.0, 0.04656850889811053, 0.04276418061554668, 0.03823584947600399, 0.03854936310850457, 0.05335013977015302, 0.044603596290569036, 0.042865168839548835, 0.03401905417812115, 0.035598759500541845, 0.06469800216359031, 0.06473683843633603, 0.06644205033855874, 0.06473686259493636, 0.06473688745222644, 0.06644196155787543, 0.06644205033855874, 0.06473688821351593, 0.06469797787227348, 0.06473683843633603, 0.064736852820185, 0.06644205033855874, 0.06644199886347195, 0.06469796044978829, 0.06367232990385892, 0.06469796082432884, 0.06473688975661662, 0.0664420485616966, 0.06473685619137426, 0.06473688283341819], [0.016541327051610575, 0.013387061615347674, 0.009737163904970014, 0.012769114904001589, 0.010207105957010281, 0.017028220523172138, 0.01662495516562865, 0.014239580410692123, 0.019082606819628242, 0.01419980835052231, 0.04656850889811053, 0.0, 0.024034409671597607, 0.010253824683163272, 0.02654028432673703, 0.01558437182442101, 0.013626683242380247, 0.011852038512096316, 0.023035769513124842, 0.01837907418741421, 0.04577167665503283, 0.04828682105844002, 0.045275061177791606, 0.04828687898704686, 0.04828690734277904, 0.04527496415171768, 0.045275061177791606, 0.04828691060040333, 0.045771674193624975, 0.04828682105844002, 0.04828686783426395, 0.045275061177791606, 0.045274999856246556, 0.04577162478277951, 0.04661429084690543, 0.04577162774842882, 0.0482869221891499, 0.04527504657090597, 0.04828689638269112, 0.04828691160975097], [0.02453254430090293, 0.026679498816958126, 0.030770021540388697, 0.020650780007652678, 0.02471918363962627, 0.01960491289918205, 0.01855159236771356, 0.019221190844294255, 0.0216711389631303, 0.02263972580037127, 0.04276418061554668, 0.024034409671597607, 0.0, 0.022391794414742615, 0.028400131678190537, 0.025280759121646415, 0.016431940419554786, 0.019171306435446824, 0.025763236293452788, 0.020450088076199153, 0.05414977441578059, 0.05672350796009161, 0.0546296850352207, 0.0567235589197293, 0.05672358537960667, 0.054629599223415266, 0.0546296850352207, 0.05672359426012769, 0.05414976910802404, 0.05672350796009161, 0.05672355154875632, 0.0546296850352207, 0.054629634898021105, 0.0541497263986426, 0.055201650054638396, 0.05414972894887868, 0.05672360429617402, 0.054629672719822546, 0.05672357421295335, 0.056723589707205674], [0.01609320415762814, 0.012312693594880042, 0.013404369112637309, 0.013611403595146695, 0.011422037614094304, 0.015785598651472083, 0.012734391509532181, 0.012354591324409194, 0.01578669132704885, 0.015544814224563256, 0.03823584947600399, 0.010253824683163272, 0.022391794414742615, 0.0, 0.02144136762001817, 0.020385843045304476, 0.014397028603820264, 0.012663320196488933, 0.018515370255605807, 0.013088237592521906, 0.0462431665874101, 0.04617895828753451, 0.04697949584373349, 0.04617900864304688, 0.04617904078059804, 0.04697939241700216, 0.04697949584373349, 0.04617904136968946, 0.046243160053117065, 0.04617895828753451, 0.04617899473670014, 0.04697949584373349, 0.04697943332900201, 0.046243114727944665, 0.04507309706502729, 0.04624311754743249, 0.04617905300886475, 0.046979482322710396, 0.04617902454947762, 0.046179049122047386], [0.021624113553304847, 0.02992986028160158, 0.026264687272061094, 0.02706962744579527, 0.027964256551427848, 0.02714656899999043, 0.028606040676857222, 0.025703416381274703, 0.02121621291990087, 0.027263429870797842, 0.03854936310850457, 0.02654028432673703, 0.028400131678190537, 0.02144136762001817, 0.0, 0.03623166931737064, 0.02971488802967614, 0.029394946592990488, 0.028221151712005517, 0.01943002343097493, 0.06262249077965722, 0.06418490152065415, 0.0632559945442725, 0.06418495890384811, 0.0641849941605993, 0.06325590117025112, 0.0632559945442725, 0.06418497688575037, 0.06262249630096006, 0.06418490152065415, 0.06418494098731488, 0.0632559945442725, 0.06325592409282452, 0.06262244207937112, 0.06279099429878782, 0.06262244436994052, 0.06418498609851048, 0.06325598349656418, 0.06418496802534368, 0.06418498795202521], [0.024077820233634063, 0.016740940051943036, 0.020297067252524604, 0.014808841959868152, 0.014551645761433092, 0.022262025201759194, 0.018652054119498475, 0.015271823185483733, 0.027191088149091665, 0.015316082436724986, 0.05335013977015302, 0.01558437182442101, 0.025280759121646415, 0.020385843045304476, 0.03623166931737064, 0.0, 0.016892635234246594, 0.01628504480737603, 0.03198494392059131, 0.025482481851395282, 0.039734778883535986, 0.040246027140604795, 0.04141732424232212, 0.04024607613241967, 0.04024610659866387, 0.04141723453746848, 0.04141732424232212, 0.040246117844240474, 0.03973479490164396, 0.040246027140604795, 0.04024608186736562, 0.04141732424232212, 0.04141727803276735, 0.039734734588411875, 0.03934746771089941, 0.039734737860385824, 0.040246131161227376, 0.041417308949108736, 0.04024608867369297, 0.04024611288588992], [0.018482236919970477, 0.01678390799027921, 0.020034259849888273, 0.013871452382821949, 0.012733609292054117, 0.014393387608481798, 0.009755756305047596, 0.014582886067913626, 0.02127967038118318, 0.014763847327081128, 0.044603596290569036, 0.013626683242380247, 0.016431940419554786, 0.014397028603820264, 0.02971488802967614, 0.016892635234246594, 0.0, 0.009141944412836396, 0.01958065452326308, 0.01893173021309706, 0.04435946539567945, 0.045382175334134085, 0.04520918691879426, 0.04538222757097264, 0.0453822535429195, 0.04520908734109485, 0.04520918691879426, 0.04538226627536152, 0.04435946214576546, 0.045382175334134085, 0.04538222116769788, 0.04520918691879426, 0.04520914113647313, 0.04435941618296991, 0.044101731717797306, 0.04435941909491114, 0.045382278008983236, 0.04520917299869423, 0.04538223429850798, 0.04538225696084439], [0.020414677205603443, 0.014543364209878961, 0.019003567443445574, 0.0137612143437328, 0.012133377765316736, 0.018895338534278043, 0.012085682722529585, 0.014009589962543256, 0.0199612306115969, 0.01819523609570893, 0.042865168839548835, 0.011852038512096316, 0.019171306435446824, 0.012663320196488933, 0.029394946592990488, 0.01628504480737603, 0.009141944412836396, 0.0, 0.02319667948335706, 0.02207462680400043, 0.04368149338907905, 0.04406717491471652, 0.04492168815632546, 0.0440672292184879, 0.04406725768501328, 0.04492158490300587, 0.04492168815632546, 0.044067262739066845, 0.04368149450228378, 0.04406717491471652, 0.04406721776471039, 0.04492168815632546, 0.044921638506394496, 0.04368144425396655, 0.042981321102866794, 0.04368144602898208, 0.04406726999233884, 0.04492167974731848, 0.044067224011432905, 0.04406725272045238], [0.02293031244347066, 0.02180348981737371, 0.025548258875370905, 0.024560800771629594, 0.020642455915190504, 0.02051943333088276, 0.020157907622218946, 0.02308756533364213, 0.02114883667817485, 0.025416170364351766, 0.03401905417812115, 0.023035769513124842, 0.025763236293452788, 0.018515370255605807, 0.028221151712005517, 0.03198494392059131, 0.01958065452326308, 0.02319667948335706, 0.0, 0.01905434488771748, 0.04707383944492869, 0.04609695993990159, 0.048660308495123705, 0.046097004576625515, 0.046097031304081444, 0.04866019928532438, 0.048660308495123705, 0.04609702970608092, 0.047073833819160395, 0.04609695993990159, 0.04609699336111989, 0.048660308495123705, 0.04866025522882686, 0.0470737929062138, 0.045399032653305915, 0.04707379501440871, 0.046097038581059784, 0.048660298559018884, 0.04609699423509002, 0.046097027905534056], [0.016960847681447528, 0.021201019471035684, 0.020183265947510836, 0.01898530440505301, 0.019740619624503405, 0.01331930816840226, 0.017250249440731405, 0.016168922430326846, 0.017069091267798132, 0.01665438763758028, 0.035598759500541845, 0.01837907418741421, 0.020450088076199153, 0.013088237592521906, 0.01943002343097493, 0.025482481851395282, 0.01893173021309706, 0.02207462680400043, 0.01905434488771748, 0.0, 0.04726303349856121, 0.04863242050304652, 0.04857141298949862, 0.04863246958409442, 0.048632503839309345, 0.048571333120855424, 0.04857141298949862, 0.048632491609387346, 0.0472630424217657, 0.04863242050304652, 0.048632455182532945, 0.04857141298949862, 0.048571356067666806, 0.04726299126691528, 0.04738769079754917, 0.04726299327640408, 0.04863249966003257, 0.04857140346313363, 0.04863247738958806, 0.04863249606876249], [0.04680065384431367, 0.04452197554673262, 0.044560075062481934, 0.04391816210849224, 0.04492297176047261, 0.04336458644464963, 0.04437473033715899, 0.04504367005977617, 0.048668290990621976, 0.04362808974892335, 0.06469800216359031, 0.04577167665503283, 0.05414977441578059, 0.0462431665874101, 0.06262249077965722, 0.039734778883535986, 0.04435946539567945, 0.04368149338907905, 0.04707383944492869, 0.04726303349856121, 0.0, 0.003501036279592291, 1.1278079665473639e-07, 0.003501096060284136, 0.0035010903793946196, 1.274288442886293e-07, 1.1278079665473639e-07, 0.0035011025100592573, 1.566622508045022e-07, 0.003501036279592291, 0.0035010798384330966, 1.1278079665473639e-07, 9.442263713793148e-08, 6.766982710534446e-08, 9.246335899553974e-08, 6.346786227055214e-08, 0.003501102510282591, 1.0500171593707586e-07, 0.003501103309033404, 0.0035010733946773207], [0.04884046381186018, 0.04576126811765181, 0.04767460152123382, 0.04427271445207617, 0.04554644404142802, 0.042843680467161, 0.044432721027636624, 0.044780874345231536, 0.05114328493653853, 0.043030051419041246, 0.06473683843633603, 0.04828682105844002, 0.05672350796009161, 0.04617895828753451, 0.06418490152065415, 0.040246027140604795, 0.045382175334134085, 0.04406717491471652, 0.04609695993990159, 0.04863242050304652, 0.003501036279592291, 0.0, 0.00350107843662622, 1.584143529037637e-07, 1.817869116863461e-07, 0.0035010767836507967, 0.00350107843662622, 1.1973505505468087e-07, 0.0035010327284961443, 0.0, 9.950651221312221e-08, 0.00350107843662622, 0.003501087498697252, 0.0035010532741816614, 0.0035010308127560994, 0.0035010532741927896, 1.3608776511005606e-07, 0.0035010784360287755, 1.6885563105938161e-07, 1.4394325300038085e-07], [0.045451686014414586, 0.044837454327751936, 0.043682121757710426, 0.04401106192429512, 0.04338723561919959, 0.04497739831451419, 0.04454030371720725, 0.04575968291390584, 0.04992550685957153, 0.04496152128496793, 0.06644205033855874, 0.045275061177791606, 0.0546296850352207, 0.04697949584373349, 0.0632559945442725, 0.04141732424232212, 0.04520918691879426, 0.04492168815632546, 0.048660308495123705, 0.04857141298949862, 1.1278079665473639e-07, 0.00350107843662622, 0.0, 0.0035011382165356588, 0.0035011325345730366, 1.5793021776321904e-07, 0.0, 0.003501144665430391, 1.7802589827872576e-07, 0.00350107843662622, 0.0035011219939627093, 0.0, 1.1071390179812523e-07, 1.5533860752577782e-07, 1.340525091711967e-07, 1.5107187326758102e-07, 0.0035011446652084524, 4.285601547965007e-08, 0.003501145464871702, 0.00350111554937931], [0.04884053400591986, 0.045761330548572954, 0.04767466085652889, 0.04427278640376668, 0.045546518528114366, 0.04284372826448621, 0.04443278037634057, 0.044780936166316856, 0.051143335611346444, 0.04303011627948503, 0.06473686259493636, 0.04828687898704686, 0.0567235589197293, 0.04617900864304688, 0.06418495890384811, 0.04024607613241967, 0.04538222757097264, 0.0440672292184879, 0.046097004576625515, 0.04863246958409442, 0.003501096060284136, 1.584143529037637e-07, 0.0035011382165356588, 0.0, 5.203172444083278e-08, 0.0035011365645931285, 0.0035011382165356588, 1.3246020189900212e-07, 0.0035010925048823867, 1.584143529037637e-07, 1.3442251599827478e-07, 0.0035011382165356588, 0.0035011472787282857, 0.00350111305533757, 0.003501090592420397, 0.003501113055500259, 1.626918214969825e-07, 0.0035011382152613695, 1.7549164039347207e-07, 1.567900961426302e-07], [0.04884056415515026, 0.04576135825698512, 0.04767468988151242, 0.04427281879691841, 0.04554654570756229, 0.04284375864430078, 0.044432806381949304, 0.04478097012390752, 0.051143368298990195, 0.04303015236295425, 0.06473688745222644, 0.04828690734277904, 0.05672358537960667, 0.04617904078059804, 0.0641849941605993, 0.04024610659866387, 0.0453822535429195, 0.04406725768501328, 0.046097031304081444, 0.048632503839309345, 0.0035010903793946196, 1.817869116863461e-07, 0.0035011325345730366, 5.203172444083278e-08, 0.0, 0.0035011308831531304, 0.0035011325345730366, 1.5294447774842135e-07, 0.003501086823167501, 1.817869116863461e-07, 1.5777460502296242e-07, 0.0035011325345730366, 0.003501141597735437, 0.003501107374770705, 0.0035010849116197456, 0.003501107374933395, 1.7976355851122595e-07, 0.003501132533298745, 1.838375693249783e-07, 1.5902735618158074e-07], [0.0454515966290597, 0.04483733997573999, 0.04368202714910905, 0.044010962094264465, 0.043387121231255904, 0.044977326434171426, 0.04454020720736102, 0.045759579274236274, 0.04992541173784224, 0.04496143242583455, 0.06644196155787543, 0.04527496415171768, 0.054629599223415266, 0.04697939241700216, 0.06325590117025112, 0.04141723453746848, 0.04520908734109485, 0.04492158490300587, 0.04866019928532438, 0.048571333120855424, 1.274288442886293e-07, 0.0035010767836507967, 1.5793021776321904e-07, 0.0035011365645931285, 0.0035011308831531304, 0.0, 1.5793021776321904e-07, 0.0035011430153370432, 1.7123633028408272e-07, 0.0035010767836507967, 0.003501120342985666, 1.5793021776321904e-07, 1.3901286197832372e-07, 1.0199371029315857e-07, 1.3772062195941963e-07, 1.0037832548674044e-07, 0.0035011430156923224, 1.4833025795335656e-07, 0.003501143812003271, 0.0035011138988771348], [0.045451686014414586, 0.044837454327751936, 0.043682121757710426, 0.04401106192429512, 0.04338723561919959, 0.04497739831451419, 0.04454030371720725, 0.04575968291390584, 0.04992550685957153, 0.04496152128496793, 0.06644205033855874, 0.045275061177791606, 0.0546296850352207, 0.04697949584373349, 0.0632559945442725, 0.04141732424232212, 0.04520918691879426, 0.04492168815632546, 0.048660308495123705, 0.04857141298949862, 1.1278079665473639e-07, 0.00350107843662622, 0.0, 0.0035011382165356588, 0.0035011325345730366, 1.5793021776321904e-07, 0.0, 0.003501144665430391, 1.7802589827872576e-07, 0.00350107843662622, 0.0035011219939627093, 0.0, 1.1071390179812523e-07, 1.5533860752577782e-07, 1.340525091711967e-07, 1.5107187326758102e-07, 0.0035011446652084524, 4.285601547965007e-08, 0.003501145464871702, 0.00350111554937931], [0.04884054624826904, 0.045761362589991555, 0.04767468603819047, 0.04427280892522469, 0.04554654291084633, 0.0428437506180593, 0.044432812024040355, 0.04478096368044354, 0.05114335442356024, 0.04303013849078527, 0.06473688821351593, 0.04828691060040333, 0.05672359426012769, 0.04617904136968946, 0.06418497688575037, 0.040246117844240474, 0.04538226627536152, 0.044067262739066845, 0.04609702970608092, 0.048632491609387346, 0.0035011025100592573, 1.1973505505468087e-07, 0.003501144665430391, 1.3246020189900212e-07, 1.5294447774842135e-07, 0.0035011430153370432, 0.003501144665430391, 0.0, 0.003501098958314503, 1.1973505505468087e-07, 8.49182102665854e-08, 0.003501144665430391, 0.0035011537279307564, 0.0035011195059315436, 0.0035010970429157997, 0.003501119505858591, 3.942180057815733e-08, 0.0035011446652084524, 1.51064412067002e-07, 1.1110996307649694e-07], [0.04680065812685159, 0.044521987509477834, 0.04456007493878137, 0.04391817942396144, 0.04492297714597373, 0.0433645904068532, 0.044374729615615, 0.045043676877640555, 0.04866829237587221, 0.04362811541659647, 0.06469797787227348, 0.045771674193624975, 0.05414976910802404, 0.046243160053117065, 0.06262249630096006, 0.03973479490164396, 0.04435946214576546, 0.04368149450228378, 0.047073833819160395, 0.0472630424217657, 1.566622508045022e-07, 0.0035010327284961443, 1.7802589827872576e-07, 0.0035010925048823867, 0.003501086823167501, 1.7123633028408272e-07, 1.7802589827872576e-07, 0.003501098958314503, 0.0, 0.0035010327284961443, 0.0035010762853498628, 1.7802589827872576e-07, 1.4079077307842774e-07, 1.4908803072548538e-07, 1.0698977679142828e-07, 1.5279755803137834e-07, 0.003501098959521534, 1.501233691349426e-07, 0.003501099759217029, 0.003501069844345128], [0.04884046381186018, 0.04576126811765181, 0.04767460152123382, 0.04427271445207617, 0.04554644404142802, 0.042843680467161, 0.044432721027636624, 0.044780874345231536, 0.05114328493653853, 0.043030051419041246, 0.06473683843633603, 0.04828682105844002, 0.05672350796009161, 0.04617895828753451, 0.06418490152065415, 0.040246027140604795, 0.045382175334134085, 0.04406717491471652, 0.04609695993990159, 0.04863242050304652, 0.003501036279592291, 0.0, 0.00350107843662622, 1.584143529037637e-07, 1.817869116863461e-07, 0.0035010767836507967, 0.00350107843662622, 1.1973505505468087e-07, 0.0035010327284961443, 0.0, 9.950651221312221e-08, 0.00350107843662622, 0.003501087498697252, 0.0035010532741816614, 0.0035010308127560994, 0.0035010532741927896, 1.3608776511005606e-07, 0.0035010784360287755, 1.6885563105938161e-07, 1.4394325300038085e-07], [0.048840509078456766, 0.04576132189763935, 0.047674648296840795, 0.04427276344042019, 0.045546498352015796, 0.04284370973060866, 0.04443276106480352, 0.04478092072124361, 0.051143325376022404, 0.043030096272453515, 0.064736852820185, 0.04828686783426395, 0.05672355154875632, 0.04617899473670014, 0.06418494098731488, 0.04024608186736562, 0.04538222116769788, 0.04406721776471039, 0.04609699336111989, 0.048632455182532945, 0.0035010798384330966, 9.950651221312221e-08, 0.0035011219939627093, 1.3442251599827478e-07, 1.5777460502296242e-07, 0.003501120342985666, 0.0035011219939627093, 8.49182102665854e-08, 0.0035010762853498628, 9.950651221312221e-08, 0.0, 0.0035011219939627093, 0.0035011310562552958, 0.0035010968335063403, 0.0035010743698088136, 0.0035010968334921485, 1.0296945558896554e-07, 0.003501121993478349, 1.875453092190833e-07, 1.507939346615483e-07], [0.045451686014414586, 0.044837454327751936, 0.043682121757710426, 0.04401106192429512, 0.04338723561919959, 0.04497739831451419, 0.04454030371720725, 0.04575968291390584, 0.04992550685957153, 0.04496152128496793, 0.06644205033855874, 0.045275061177791606, 0.0546296850352207, 0.04697949584373349, 0.0632559945442725, 0.04141732424232212, 0.04520918691879426, 0.04492168815632546, 0.048660308495123705, 0.04857141298949862, 1.1278079665473639e-07, 0.00350107843662622, 0.0, 0.0035011382165356588, 0.0035011325345730366, 1.5793021776321904e-07, 0.0, 0.003501144665430391, 1.7802589827872576e-07, 0.00350107843662622, 0.0035011219939627093, 0.0, 1.1071390179812523e-07, 1.5533860752577782e-07, 1.340525091711967e-07, 1.5107187326758102e-07, 0.0035011446652084524, 4.285601547965007e-08, 0.003501145464871702, 0.00350111554937931], [0.045451618612190096, 0.04483740213755643, 0.04368205398759954, 0.044011002843987825, 0.043387177992490776, 0.04497735531396598, 0.04454026228772081, 0.04575962203061382, 0.04992543922501604, 0.044961469248626096, 0.06644199886347195, 0.045274999856246556, 0.054629634898021105, 0.04697943332900201, 0.06325592409282452, 0.04141727803276735, 0.04520914113647313, 0.044921638506394496, 0.04866025522882686, 0.048571356067666806, 9.442263713793148e-08, 0.003501087498697252, 1.1071390179812523e-07, 0.0035011472787282857, 0.003501141597735437, 1.3901286197832372e-07, 1.1071390179812523e-07, 0.0035011537279307564, 1.4079077307842774e-07, 0.003501087498697252, 0.0035011310562552958, 1.1071390179812523e-07, 0.0, 1.0313745595925067e-07, 8.735623808897493e-08, 1.0041879130086208e-07, 0.0035011537281526947, 1.0208295640591974e-07, 0.0035011545288871158, 0.0035011246139879694], [0.046800604805473045, 0.044521922814277255, 0.04456002423198545, 0.04391811107812331, 0.044922916225501014, 0.04336454911233897, 0.04437468194414187, 0.04504361763247666, 0.04866824360860091, 0.043628045189769114, 0.06469796044978829, 0.04577162478277951, 0.0541497263986426, 0.046243114727944665, 0.06262244207937112, 0.039734734588411875, 0.04435941618296991, 0.04368144425396655, 0.0470737929062138, 0.04726299126691528, 6.766982710534446e-08, 0.0035010532741816614, 1.5533860752577782e-07, 0.00350111305533757, 0.003501107374770705, 1.0199371029315857e-07, 1.5533860752577782e-07, 0.0035011195059315436, 1.4908803072548538e-07, 0.0035010532741816614, 0.0035010968335063403, 1.5533860752577782e-07, 1.0313745595925067e-07, 0.0, 9.18637808122182e-08, 9.187706016459718e-09, 0.0035011195065289807, 1.3999310774952494e-07, 0.0035011203048865387, 0.003501090391162084], [0.04713059068936937, 0.04435714726822905, 0.0458875999676477, 0.04299059742129023, 0.04402253665628701, 0.0420719883156796, 0.04322483950732335, 0.043729204079196046, 0.04975544605210676, 0.04220449284437458, 0.06367232990385892, 0.04661429084690543, 0.055201650054638396, 0.04507309706502729, 0.06279099429878782, 0.03934746771089941, 0.044101731717797306, 0.042981321102866794, 0.045399032653305915, 0.04738769079754917, 9.246335899553974e-08, 0.0035010308127560994, 1.340525091711967e-07, 0.003501090592420397, 0.0035010849116197456, 1.3772062195941963e-07, 1.340525091711967e-07, 0.0035010970429157997, 1.0698977679142828e-07, 0.0035010308127560994, 0.0035010743698088136, 1.340525091711967e-07, 8.735623808897493e-08, 9.18637808122182e-08, 0.0, 9.113890371927254e-08, 0.0035010970433789384, 1.213552176874678e-07, 0.003501097843913258, 0.0035010679291282375], [0.046800607330714075, 0.04452192497521755, 0.04456002734891501, 0.0439181135328419, 0.04492291902702111, 0.04336455111059766, 0.04437468417891807, 0.045043620316593126, 0.04866824472840278, 0.043628048098714615, 0.06469796082432884, 0.04577162774842882, 0.05414972894887868, 0.04624311754743249, 0.06262244436994052, 0.039734737860385824, 0.04435941909491114, 0.04368144602898208, 0.04707379501440871, 0.04726299327640408, 6.346786227055214e-08, 0.0035010532741927896, 1.5107187326758102e-07, 0.003501113055500259, 0.003501107374933395, 1.0037832548674044e-07, 1.5107187326758102e-07, 0.003501119505858591, 1.5279755803137834e-07, 0.0035010532741927896, 0.0035010968334921485, 1.5107187326758102e-07, 1.0041879130086208e-07, 9.187706016459718e-09, 9.113890371927254e-08, 0.0, 0.0035011195063566355, 1.3800242404374578e-07, 0.003501120304714193, 0.003501090390989737], [0.048840556223518836, 0.045761371256977955, 0.04767469804794947, 0.04427281896348463, 0.04554655430169661, 0.042843758955824804, 0.04443282122463313, 0.04478097481034008, 0.05114335881644346, 0.043030150649242, 0.06473688975661662, 0.0482869221891499, 0.05672360429617402, 0.04617905300886475, 0.06418498609851048, 0.040246131161227376, 0.045382278008983236, 0.04406726999233884, 0.046097038581059784, 0.04863249966003257, 0.003501102510282591, 1.3608776511005606e-07, 0.0035011446652084524, 1.626918214969825e-07, 1.7976355851122595e-07, 0.0035011430156923224, 0.0035011446652084524, 3.942180057815733e-08, 0.003501098959521534, 1.3608776511005606e-07, 1.0296945558896554e-07, 0.0035011446652084524, 0.0035011537281526947, 0.0035011195065289807, 0.0035010970433789384, 0.0035011195063566355, 0.0, 0.003501144665430391, 1.458299634242736e-07, 1.0388140129030078e-07], [0.045451673346501735, 0.04483744387388725, 0.04368210626707589, 0.04401104999033885, 0.043387221487305505, 0.044977388928232505, 0.044540292870018455, 0.04575967004171891, 0.0499255015413418, 0.0449615075331221, 0.0664420485616966, 0.04527504657090597, 0.054629672719822546, 0.046979482322710396, 0.06325598349656418, 0.041417308949108736, 0.04520917299869423, 0.04492167974731848, 0.048660298559018884, 0.04857140346313363, 1.0500171593707586e-07, 0.0035010784360287755, 4.285601547965007e-08, 0.0035011382152613695, 0.003501132533298745, 1.4833025795335656e-07, 4.285601547965007e-08, 0.0035011446652084524, 1.501233691349426e-07, 0.0035010784360287755, 0.003501121993478349, 4.285601547965007e-08, 1.0208295640591974e-07, 1.3999310774952494e-07, 1.213552176874678e-07, 1.3800242404374578e-07, 0.003501144665430391, 0.0, 0.003501145465093641, 0.0035011155496012503], [0.04884054484470129, 0.04576132225571091, 0.047674679470973175, 0.04427279220195119, 0.04554652093814822, 0.042843734921830044, 0.044432782872968354, 0.04478094571046222, 0.0511433297220392, 0.043030124190780436, 0.06473685619137426, 0.04828689638269112, 0.05672357421295335, 0.04617902454947762, 0.06418496802534368, 0.04024608867369297, 0.04538223429850798, 0.044067224011432905, 0.04609699423509002, 0.04863247738958806, 0.003501103309033404, 1.6885563105938161e-07, 0.003501145464871702, 1.7549164039347207e-07, 1.838375693249783e-07, 0.003501143812003271, 0.003501145464871702, 1.51064412067002e-07, 0.003501099759217029, 1.6885563105938161e-07, 1.875453092190833e-07, 0.003501145464871702, 0.0035011545288871158, 0.0035011203048865387, 0.003501097843913258, 0.003501120304714193, 1.458299634242736e-07, 0.003501145465093641, 0.0, 7.388108058391731e-08], [0.048840556224399805, 0.04576135026383328, 0.04767469172506579, 0.04427281370938969, 0.04554654209388665, 0.04284375400294527, 0.04443280466380044, 0.04478097131038629, 0.05114335389964595, 0.04303014741875989, 0.06473688283341819, 0.04828691160975097, 0.056723589707205674, 0.046179049122047386, 0.06418498795202521, 0.04024611288588992, 0.04538225696084439, 0.04406725272045238, 0.046097027905534056, 0.04863249606876249, 0.0035010733946773207, 1.4394325300038085e-07, 0.00350111554937931, 1.567900961426302e-07, 1.5902735618158074e-07, 0.0035011138988771348, 0.00350111554937931, 1.1110996307649694e-07, 0.003501069844345128, 1.4394325300038085e-07, 1.507939346615483e-07, 0.00350111554937931, 0.0035011246139879694, 0.003501090391162084, 0.0035010679291282375, 0.003501090390989737, 1.0388140129030078e-07, 0.0035011155496012503, 7.388108058391731e-08, 0.0]], "Angle": [[0.0, 0.06830761702841243, 0.043836284814097175, 0.05038404620925789, 0.05427225271349864, 0.04732437719838707, 0.04201550883877689, 0.0648652341192559, 0.07149678345946907, 0.046200051576205, 0.11225198092368309, 0.055711613181055164, 0.08760425135332736, 0.04480855465974962, 0.06426808110265816, 0.06389846640852466, 0.07244790742876098, 0.04839878525198427, 0.07326149959323229, 0.05614672722105618, 0.07601364568417311, 0.07760026701940634, 0.07785720260251239, 0.07657974535461454, 0.07657970262176542, 0.07580570431723213, 0.07785720260251239, 0.07741021840802777, 0.07489645797253887, 0.07760026701940634, 0.07766290440871014, 0.07785720260251239, 0.07580572884078288, 0.07601363488459234, 0.07578050023710345, 0.07601363488459234, 0.07741021840802777, 0.07785720260251239, 0.0774102191918066, 0.07759158325626404], [0.06830761702841243, 0.0, 0.054229565715547254, 0.05385743872004019, 0.05197820620492417, 0.06514910423986088, 0.0692659126920563, 0.04489328049670172, 0.047391999662077695, 0.05397459814592738, 0.08881255439352702, 0.05142378362651978, 0.0945900481092231, 0.0555060789467469, 0.0802391159819499, 0.05582885194215336, 0.05596836126910293, 0.057943991861883384, 0.06731346550569019, 0.05053214776488738, 0.0730060332313928, 0.07108690065136268, 0.07254037971351288, 0.07091163516764726, 0.07091162732655135, 0.0729382996612941, 0.07254037971351288, 0.0710220127064912, 0.07282317356556843, 0.07108690065136268, 0.07113416427514149, 0.07254037971351288, 0.07293832542093281, 0.07300602022193703, 0.07226303874651391, 0.07300602022193703, 0.0710220127064912, 0.07254037971351288, 0.07102197906599467, 0.0712127608844236], [0.043836284814097175, 0.054229565715547254, 0.0, 0.039676264035694644, 0.05007750253899944, 0.04407586153883977, 0.05147101757333946, 0.06425665862314402, 0.07616292296344947, 0.04476642051378434, 0.11958939178928273, 0.040860699555476894, 0.09659557533665551, 0.05401741943291202, 0.08468827801064682, 0.047282124399718455, 0.06600686678225133, 0.055339248478481685, 0.08647895819946762, 0.05604308822718842, 0.0769648340481489, 0.0809540480366162, 0.07775748313267931, 0.07980934339666534, 0.07980930949302421, 0.07640462398481716, 0.07775748313267931, 0.08045726460971729, 0.07567300530346048, 0.0809540480366162, 0.08057070033569354, 0.07775748313267931, 0.0764046478346756, 0.07696482813843958, 0.07817120749377254, 0.07696482813843958, 0.08045726460971729, 0.07775748313267931, 0.08045727196271435, 0.08065954097823694], [0.05038404620925789, 0.05385743872004019, 0.039676264035694644, 0.0, 0.03911733309586727, 0.0496954395906467, 0.042413263176276694, 0.04837045528560094, 0.06816586983916677, 0.029887155734737422, 0.11954326647957568, 0.0365295559854799, 0.08190525994517314, 0.048838591339082554, 0.08043559488679043, 0.030762299482031605, 0.04920305109414763, 0.038636454944585306, 0.08193947700842925, 0.04763568666283294, 0.0747135461665004, 0.07409797134621593, 0.07481822817979056, 0.0731260911896032, 0.07312608494381186, 0.07421487155319573, 0.07481822817979056, 0.07362880233708755, 0.0736804481599991, 0.07409797134621593, 0.07373461737804868, 0.07481822817979056, 0.07421490351789538, 0.07471352690208322, 0.0755193655341046, 0.07471352690208322, 0.07362880233708755, 0.07481822817979056, 0.0736287559769078, 0.07387156797072103], [0.05427225271349864, 0.05197820620492417, 0.05007750253899944, 0.03911733309586727, 0.0, 0.06016820357798952, 0.0381157396386676, 0.045839361647795, 0.06247041777611477, 0.04339777655478482, 0.11100152578682479, 0.032702687616244466, 0.0839174836841255, 0.04831208125144972, 0.08566745204239208, 0.048172534936478766, 0.060541778080205846, 0.044116752197185076, 0.08635866013283099, 0.05264409179422577, 0.060099654137756864, 0.05834734130521749, 0.06152685126775682, 0.05737131009501185, 0.05737129115608859, 0.059764689568267505, 0.06152685126775682, 0.05802538461870029, 0.05908427516468414, 0.05834734130521749, 0.058160696107460164, 0.06152685126775682, 0.05976471369175636, 0.060099618171101786, 0.05918829754436079, 0.060099618171101786, 0.05802538461870029, 0.06152685126775682, 0.058025354313249525, 0.058146645062610504], [0.04732437719838707, 0.06514910423986088, 0.04407586153883977, 0.0496954395906467, 0.06016820357798952, 0.0, 0.04594447094027591, 0.07104932222378771, 0.0751260602161286, 0.04543564273414237, 0.10845948336948515, 0.054805670235227456, 0.08591982477753021, 0.05587382795100821, 0.07199886567582087, 0.06307493623300665, 0.06604038680186984, 0.06290776770422798, 0.07414732103682475, 0.040778311070702254, 0.07189157004936349, 0.07585695382480048, 0.07130180148761985, 0.07494287094123689, 0.07494287615069409, 0.07127986626734358, 0.07130180148761985, 0.07531626845366474, 0.0708569795234293, 0.07585695382480048, 0.0753780713833343, 0.07130180148761985, 0.0712798897794918, 0.07189156930944861, 0.07829943989348724, 0.07189156930944861, 0.07531626845366474, 0.07130180148761985, 0.07531621868487988, 0.07558647227245906], [0.04201550883877689, 0.0692659126920563, 0.05147101757333946, 0.042413263176276694, 0.0381157396386676, 0.04594447094027591, 0.0, 0.059188575767557844, 0.07992935632299386, 0.04204545224552712, 0.11547927466061947, 0.04664412042818147, 0.08293959461063422, 0.05328673602920776, 0.08170959291034487, 0.05530939526383626, 0.06941790635051011, 0.05053154323729291, 0.0907130025489279, 0.05564988368990688, 0.06769412276117502, 0.0656432342649473, 0.06888694087505483, 0.06445680360508213, 0.06445678099416216, 0.06727623534584333, 0.06888694087505483, 0.06524107121665869, 0.06646134466185152, 0.0656432342649473, 0.06543434254891899, 0.06888694087505483, 0.06727625586820048, 0.06769409960947756, 0.06633885145750279, 0.06769409960947756, 0.06524107121665869, 0.06888694087505483, 0.06524104525218422, 0.06546598386662712], [0.0648652341192559, 0.04489328049670172, 0.06425665862314402, 0.04837045528560094, 0.045839361647795, 0.07104932222378771, 0.059188575767557844, 0.0, 0.0431152512926555