{"Bond": [[0.0, 0.42364009382388323, 0.025322173478519092, 0.02613076160994921, 0.02627737193347325, 0.636532847403193, 0.286007297656568, 0.017386410077217845, 0.02304743329065207, 0.015368288198140243, 0.022982907521900277, 0.028239815076811017, 0.028182116183140742, 0.47749088219496194, 0.018040644710148577, 0.01595942407396038, 0.029550630861515888, 0.6028558345041964, 0.0262910445040199, 0.02498302117217497, 0.3471839814859106, 0.3487345384160427, 0.05715549138169314, 0.05713029757727021, 0.34873451262672256, 0.05713035545704751, 0.05713032262599378, 0.34718399407934464, 0.05713035378887437, 0.057155517596777505, 0.05713030110108225, 0.057130267445104875, 0.3613887029534149, 0.05713029104574314, 0.05715549797636802, 0.05715551440344876, 0.057130315904805246, 0.057130308970812935, 0.057155530096578325, 0.05713030062348885], [0.42364009382388323, 0.0, 0.3481149596186155, 0.06590842148314931, 0.5857740202711983, 0.3795552218203632, 0.5841019730517326, 0.6328437960764539, 0.2920137771158346, 0.43499469573348765, 0.6295298090534989, 0.15744119468762793, 0.11595967974313887, 0.07660362804256567, 0.11806308928342793, 0.2577096496219626, 0.6128203477641664, 0.3231192087398899, 0.05698189402153621, 0.3160652647992878, 0.6796271791779751, 0.6802420272352023, 0.6395649871423766, 0.6303980550680999, 0.6802420410663362, 0.6199241659355527, 0.639562407542852, 0.6796270996540245, 0.6395624106276677, 0.6170971988435713, 0.6383795609382584, 0.6199241460447498, 0.6853648111416736, 0.6395624166737194, 0.6323846966353129, 0.639565004559904, 0.6323821316787139, 0.6323821154727491, 0.6395650594347018, 0.6383795654619437], [0.025322173478519092, 0.3481149596186155, 0.0, 0.021275656413032445, 0.039591569243543734, 0.22310521899065658, 0.2806119935549428, 0.02118031594185107, 0.015877178801836526, 0.02409669186212777, 0.02248539701144908, 0.02104127398736115, 0.01883078129922089, 0.4995587075231953, 0.02270854948174817, 0.015698638796973488, 0.027553053451071372, 0.18362674234951115, 0.011890477042165724, 0.02706027455624911, 0.5996819629616773, 0.6012463057766573, 0.05546090671056229, 0.055433886146179966, 0.6012462830818329, 0.055433945631783936, 0.05543391091324155, 0.5996819736746875, 0.05543394173078863, 0.05546093990547166, 0.05543390580394582, 0.0554338689176494, 0.6140076695403724, 0.055433890980694366, 0.055460892366842145, 0.05546091746846183, 0.05543389979702979, 0.05543389703556966, 0.05546095092930189, 0.05543390719131884], [0.02613076160994921, 0.06590842148314931, 0.021275656413032445, 0.0, 0.044813665057151494, 0.36268254275320555, 0.2581640329822746, 0.022876534719359142, 0.023756759979640146, 0.025626941086341178, 0.0220507665411714, 0.027023451046008545, 0.026573286327183546, 0.042902331278895346, 0.020965780242813172, 0.020345068281484118, 0.027475786317855144, 0.3185129676581189, 0.021404308361768393, 0.021570926785882905, 0.15776977078777765, 0.15925337861438, 0.053584062477233074, 0.05355159823408951, 0.15925335609816108, 0.05355166001513759, 0.05355161943267263, 0.15776977936107184, 0.053551650417952686, 0.05358408477772088, 0.053551619817853155, 0.05355157952934711, 0.17141291177619783, 0.05355161165636352, 0.05358403979265738, 0.05358407031928381, 0.053551617617539085, 0.053551614100012294, 0.053584105790998704, 0.05355162135082912], [0.02627737193347325, 0.5857740202711983, 0.039591569243543734, 0.044813665057151494, 0.0, 0.7257938592686911, 0.27615573909641844, 0.03231745669800649, 0.036460026912196394, 0.03040159160819161, 0.03942785035865966, 0.03892816988788421, 0.041965743788999185, 0.49188798273310297, 0.033678627226365644, 0.03097009245683422, 0.0443807354973752, 0.6920653434223895, 0.04110467605650741, 0.04405319457968927, 0.47816350475370395, 0.4797211736035694, 0.06333062544364641, 0.06330253608512015, 0.47972114647398023, 0.06330258022284344, 0.0633025592088034, 0.4781635177137186, 0.06330258002862765, 0.06333068279648937, 0.06330252501872827, 0.06330252314436652, 0.49242995133807194, 0.06330250251344881, 0.06333064201796369, 0.063330662381113, 0.06330254192692392, 0.06330253915645875, 0.06333066993678055, 0.06330253907130166], [0.636532847403193, 0.3795552218203632, 0.22310521899065658, 0.36268254275320555, 0.7257938592686911, 0.0, 0.5613302006031061, 0.6597449143988593, 0.5229434381553173, 0.6196340783782676, 0.6783664447398899, 0.41439887078002996, 0.2601246484337388, 0.501367698616763, 0.25224971521852524, 0.11499951494725512, 0.6557341721021737, 0.0405669454984171, 0.3272108457755092, 0.4577715023365105, 0.7634993274282547, 0.7644320265724021, 0.6219046565761814, 0.6368889550225754, 0.7644320428470662, 0.6445501420041994, 0.6219017544867582, 0.7634993271573668, 0.6219017431929253, 0.6458563464238332, 0.6248580743991423, 0.6445501283104664, 0.7721109481275893, 0.6219017846137248, 0.6346994383259265, 0.6219046607558587, 0.6346966675377508, 0.6346966323482841, 0.6219046154912237, 0.6248580559756218], [0.286007297656568, 0.5841019730517326, 0.2806119935549428, 0.2581640329822746, 0.27615573909641844, 0.5613302006031061, 0.0, 0.30611865237104763, 0.35277568086997224, 0.3992445171016726, 0.27365599763868076, 0.29927939722689384, 0.3852930228247862, 0.2391694149759099, 0.3546909135946667, 0.22510652014192367, 0.2758338637943589, 0.5665503502448119, 0.28613402881400046, 0.417541816962836, 0.4303788927900813, 0.4316080653097926, 0.2632961332476421, 0.27848261072120706, 0.4316080550412725, 0.29070524948958293, 0.2632894622731322, 0.4303788825301335, 0.2632894502690327, 0.293847696985565, 0.26591563704336485, 0.2907052383973502, 0.441704210612528, 0.2632894722834524, 0.2755726166256256, 0.26329613631282117, 0.2755662458985935, 0.275566256853804, 0.2632961404369278, 0.2659156565778987], [0.017386410077217845, 0.6328437960764539, 0.02118031594185107, 0.022876534719359142, 0.03231745669800649, 0.6597449143988593, 0.30611865237104763, 0.0, 0.020658912262712784, 0.010847089307987117, 0.02271558410775694, 0.019774012467829897, 0.021177841089881456, 0.32104886267734273, 0.01765471359525328, 0.013071257979973678, 0.030978236056458414, 0.626013250930787, 0.02334028299929988, 0.027392968423901078, 0.2801091930040179, 0.28165026779552105, 0.055885505442557985, 0.055851289190002616, 0.28165024366541724, 0.05585135897682848, 0.055851305245256326, 0.2801092055634105, 0.055851342735165635, 0.055885551530188794, 0.055851294368819485, 0.05585127066753671, 0.2942322903755783, 0.05585128463769127, 0.05588548716306816, 0.05588552772687128, 0.05585130784265271, 0.055851295907124066, 0.0558855467000039, 0.05585132059802395], [0.02304743329065207, 0.2920137771158346, 0.015877178801836526, 0.023756759979640146, 0.036460026912196394, 0.5229434381553173, 0.35277568086997224, 0.020658912262712784, 0.0, 0.020936912058565873, 0.015845985827542326, 0.023786166654999823, 0.020168810288695656, 0.17962502773120112, 0.01858761635067148, 0.015133510309325837, 0.02135709381706841, 0.48927214868160873, 0.017826786320375963, 0.022708093028841265, 0.620205183207167, 0.6217698765852152, 0.05576166177356054, 0.055729756931906106, 0.6217698528589116, 0.05572982419267284, 0.05572978944735875, 0.6202051949161207, 0.05572981971164417, 0.05576170553725353, 0.055729775868497027, 0.05572974466838867, 0.6345339839472899, 0.0557297549910411, 0.055761657187591636, 0.05576167561862962, 0.055729766819879185, 0.05572977194546406, 0.05576170048740549, 0.055729774848275064], [0.015368288198140243, 0.43499469573348765, 0.02409669186212777, 0.025626941086341178, 0.03040159160819161, 0.6196340783782676, 0.3992445171016726, 0.010847089307987117, 0.020936912058565873, 0.0, 0.02474880896335166, 0.021203720388029305, 0.025182154996937368, 0.36831546000088144, 0.018307058967350614, 0.014112861298748183, 0.031232095753422295, 0.5858815422150315, 0.02707555582305877, 0.027919761602089564, 0.44796221440899175, 0.4495205042068204, 0.057910351374427106, 0.057881211870573594, 0.4495204791562264, 0.05788127713573817, 0.057881238636851094, 0.4479622258588252, 0.05788126862556955, 0.05791039323654531, 0.05788121588881329, 0.05788119116152078, 0.4622344031766084, 0.057881203646467115, 0.05791035015181074, 0.057910378811416315, 0.057881230559084, 0.05788122386140644, 0.057910400262253324, 0.0578812290032644], [0.022982907521900277, 0.6295298090534989, 0.02248539701144908, 0.0220507665411714, 0.03942785035865966, 0.6783664447398899, 0.27365599763868076, 0.02271558410775694, 0.015845985827542326, 0.02474880896335166, 0.0, 0.027422228694794964, 0.02550717163277194, 0.31622866664227683, 0.019323229214515285, 0.020737792936987555, 0.022183794032232133, 0.6245592684142908, 0.022984315659398603, 0.02376011810094964, 0.48946934717808804, 0.4910299591940225, 0.05705136456655443, 0.0570213278889386, 0.49102993727395794, 0.0570213891173964, 0.05702133999195192, 0.4894693584227833, 0.05702137747972502, 0.057051396307344945, 0.05702134294681736, 0.05702131159405767, 0.5037620075691667, 0.05702133232174167, 0.05705135208871854, 0.057051376776906325, 0.05702134286346803, 0.05702134577050612, 0.05705139990707318, 0.057021356331943586], [0.028239815076811017, 0.15744119468762793, 0.02104127398736115, 0.027023451046008545, 0.03892816988788421, 0.41439887078002996, 0.29927939722689384, 0.019774012467829897, 0.023786166654999823, 0.021203720388029305, 0.027422228694794964, 0.0, 0.02225484365968273, 0.08154543080389655, 0.02220363120731368, 0.020834142172111627, 0.03267588640521919, 0.38092626368258126, 0.022143546713622328, 0.03156242007327529, 0.19942924388599081, 0.20094748736844106, 0.05280869895639559, 0.052782506658986546, 0.20094746078526987, 0.052782558341511236, 0.05278252148699723, 0.1994292575051078, 0.052782554211259755, 0.05280873854113032, 0.052782516471766, 0.05278249339857124, 0.21335991952047811, 0.052782500174959265, 0.05280869017976506, 0.05280872152278328, 0.05278251750978581, 0.0527825160441194, 0.05280874618458116, 0.05278252725658589], [0.028182116183140742, 0.11595967974313887, 0.01883078129922089, 0.026573286327183546, 0.041965743788999185, 0.2601246484337388, 0.3852930228247862, 0.021177841089881456, 0.020168810288695656, 0.025182154996937368, 0.02550717163277194, 0.02225484365968273, 0.0, 0.32685651102495855, 0.025372360368540705, 0.022956850654277862, 0.023728755813741915, 0.2270833593625031, 0.01600582043722216, 0.023103204678950225, 0.35602337003811096, 0.3575770315328309, 0.0539345628133612, 0.05390127235115822, 0.357577008425416, 0.05390133892917152, 0.05390130586668823, 0.3560233835279589, 0.053901333386191366, 0.053934588842392134, 0.05390130260068406, 0.053901254793091706, 0.3702553894164623, 0.053901284673628556, 0.05393453378730485, 0.0539345514744269, 0.053901282317601565, 0.0539012723506542, 0.053934572588686884, 0.05390128207677515], [0.47749088219496194, 0.07660362804256567, 0.4995587075231953, 0.042902331278895346, 0.49188798273310297, 0.501367698616763, 0.2391694149759099, 0.32104886267734273, 0.17962502773120112, 0.36831546000088144, 0.31622866664227683, 0.08154543080389655, 0.32685651102495855, 0.0, 0.2887130659197671, 0.45441930993213375, 0.3524342141788796, 0.49925340585647265, 0.10141108171988304, 0.3761411157828353, 0.6784103031115319, 0.6797206565266435, 0.35936977291808714, 0.34264693829730675, 0.679720660401644, 0.3309277932415406, 0.3593653829441624, 0.6784102891879753, 0.3593653862620207, 0.3286629088768011, 0.3565427144574036, 0.33092777554262426, 0.6904427820455507, 0.3593654258215643, 0.3452602395998238, 0.3593697733567326, 0.3452557156169279, 0.3452557182440936, 0.3593697775727065, 0.35654271156653883], [0.018040644710148577, 0.11806308928342793, 0.02270854948174817, 0.020965780242813172, 0.033678627226365644, 0.25224971521852524, 0.3546909135946667, 0.01765471359525328, 0.01858761635067148, 0.018307058967350614, 0.019323229214515285, 0.02220363120731368, 0.025372360368540705, 0.2887130659197671, 0.0, 0.01562525643847651, 0.022727392062830826, 0.2182854718486556, 0.023418300692508363, 0.021644938910937887, 0.3490437356242648, 0.35060125347105187, 0.04653054039334193, 0.046501312389868606, 0.35060123049561875, 0.046501367760861986, 0.04650132957292369, 0.3490437473701102, 0.04650136227025777, 0.04653056913106307, 0.04650132819575189, 0.04650129341166133, 0.36330995340214983, 0.04650131553050661, 0.04653052967883546, 0.046530555825882045, 0.04650132963663963, 0.04650133051445845, 0.046530580019534196, 0.04650133232259708], [0.01595942407396038, 0.2577096496219626, 0.015698638796973488, 0.020345068281484118, 0.03097009245683422, 0.11499951494725512, 0.22510652014192367, 0.013071257979973678, 0.015133510309325837, 0.014112861298748183, 0.020737792936987555, 0.020834142172111627, 0.022956850654277862, 0.45441930993213375, 0.01562525643847651, 0.0, 0.027476048943077962, 0.08216459966894579, 0.020121049166168345, 0.025457347468987583, 0.05892130051297128, 0.059541656380088064, 0.056018632952434096, 0.05598902550581194, 0.05954161623897344, 0.05598908750672782, 0.05598904579115415, 0.05892132068533182, 0.05598907961005294, 0.056018680374250215, 0.05598903371405614, 0.055989009828371045, 0.06579422823197659, 0.055989018159515465, 0.0560186247349205, 0.05601865959460597, 0.055989040853825174, 0.05598903788259712, 0.05601868977852974, 0.055989050575784245], [0.029550630861515888, 0.6128203477641664, 0.027553053451071372, 0.027475786317855144, 0.0443807354973752, 0.6557341721021737, 0.2758338637943589, 0.030978236056458414, 0.02135709381706841, 0.031232095753422295, 0.022183794032232133, 0.03267588640521919, 0.023728755813741915, 0.3524342141788796, 0.022727392062830826, 0.027476048943077962, 0.0, 0.6023961594788442, 0.02623592464607054, 0.014152852404592672, 0.10408322653664771, 0.10543011139998422, 0.05548566062842183, 0.05545500580917884, 0.10543008982298044, 0.055455069991757776, 0.05545503508651864, 0.10408324196300411, 0.05545506468492787, 0.055485671102184386, 0.055455048351591346, 0.05545499326176232, 0.11662561432419791, 0.055455031521027966, 0.05548563139881564, 0.055485641204507566, 0.05545501725537628, 0.05545502212710256, 0.055485679424961507, 0.05545502145215984], [0.6028558345041964, 0.3231192087398899, 0.18362674234951115, 0.3185129676581189, 0.6920653434223895, 0.0405669454984171, 0.5665503502448119, 0.626013250930787, 0.48927214868160873, 0.5858815422150315, 0.6245592684142908, 0.38092626368258126, 0.2270833593625031, 0.49925340585647265, 0.2182854718486556, 0.08216459966894579, 0.6023961594788442, 0.0, 0.29408459484737975, 0.4106095479833711, 0.6922039358489791, 0.6930643903044119, 0.5882012371479128, 0.6032039888748739, 0.6930644091347905, 0.6108741351620816, 0.5881987043815629, 0.6922039341259301, 0.588198693534806, 0.6121814847108845, 0.5911586516628813, 0.6108741228933022, 0.7001682327772872, 0.5881987351583833, 0.6010115076358737, 0.5882012421977022, 0.6010091025537159, 0.6010090680642594, 0.5882011977493586, 0.5911586354389907], [0.0262910445040199, 0.05698189402153621, 0.011890477042165724, 0.021404308361768393, 0.04110467605650741, 0.3272108457755092, 0.28613402881400046, 0.02334028299929988, 0.017826786320375963, 0.02707555582305877, 0.022984315659398603, 0.022143546713622328, 0.01600582043722216, 0.10141108171988304, 0.023418300692508363, 0.020121049166168345, 0.02623592464607054, 0.29408459484737975, 0.0, 0.025530560577715394, 0.3835887879800306, 0.38514309791135515, 0.05698113157625449, 0.056953889819701016, 0.3851430736210881, 0.056953949106041464, 0.05695392102277405, 0.3835888011558836, 0.056953953033010624, 0.05698115351299477, 0.05695391354233218, 0.05695386646827899, 0.39782618648330126, 0.056953895696577966, 0.05698112538903181, 0.056981135682390036, 0.05695390004171107, 0.05695390013813386, 0.056981158664904975, 0.056953894710399126], [0.02498302117217497, 0.3160652647992878, 0.02706027455624911, 0.021570926785882905, 0.04405319457968927, 0.4577715023365105, 0.417541816962836, 0.027392968423901078, 0.022708093028841265, 0.027919761602089564, 0.02376011810094964, 0.03156242007327529, 0.023103204678950225, 0.3761411157828353, 0.021644938910937887, 0.025457347468987583, 0.014152852404592672, 0.4106095479833711, 0.025530560577715394, 0.0, 0.35436264635309234, 0.3559141229655829, 0.05699795342042278, 0.05696687391973602, 0.3559141007234331, 0.05696693919881203, 0.056966910548241614, 0.3543626570107318, 0.056966934516112636, 0.0569979592575618, 0.0569669091702193, 0.0569668510729707, 0.3685753885935841, 0.05696689852284705, 0.05699792759240774, 0.05699793883812143, 0.05696689137869714, 0.05696688493282855, 0.05699797167143222, 0.0569668777517996], [0.3471839814859106, 0.6796271791779751, 0.5996819629616773, 0.15776977078777765, 0.47816350475370395, 0.7634993274282547, 0.4303788927900813, 0.2801091930040179, 0.620205183207167, 0.44796221440899175, 0.48946934717808804, 0.19942924388599081, 0.35602337003811096, 0.6784103031115319, 0.3490437356242648, 0.05892130051297128, 0.10408322653664771, 0.6922039358489791, 0.3835887879800306, 0.35436264635309234, 0.0, 0.00157067390495462, 0.05088114387387511, 0.0075262612100011105, 0.0015706535808400935, 0.016419500064035388, 0.016883265090800903, 1.262099816811117e-07, 0.01460757374735632, 0.008968938658097489, 0.006177953126295645, 0.03634495154513711, 0.014382502435673097, 0.016883254360740948, 0.019203326186886964, 0.03157764870043643, 0.016883254360522182, 0.03647419230115836, 0.03157761072111107, 0.006177856923871111], [0.3487345384160427, 0.6802420272352023, 0.6012463057766573, 0.15925337861438, 0.4797211736035694, 0.7644320265724021, 0.4316080653097926, 0.28165026779552105, 0.6217698765852152, 0.4495205042068204, 0.4910299591940225, 0.20094748736844106, 0.3575770315328309, 0.6797206565266435, 0.35060125347105187, 0.059541656380088064, 0.10543011139998422, 0.6930643903044119, 0.38514309791135515, 0.3559141229655829, 0.00157067390495462, 0.0, 0.052451816571573405, 0.009096935107685781, 1.6930628067515602e-07, 0.017990173961817155, 0.018453938987999113, 0.0015706647559009651, 0.01617824764468721, 0.010539578443235803, 0.007748627023469251, 0.03791562544298332, 0.012811828537877072, 0.018453928258672342, 0.020773992047046233, 0.033148319533502155, 0.01845392825843668, 0.03804486619888835, 0.033148281553864206, 0.007748530822707952], [0.05715549138169314, 0.6395649871423766, 0.05546090671056229, 0.053584062477233074, 0.06333062544364641, 0.6219046565761814, 0.2632961332476421, 0.055885505442557985, 0.05576166177356054, 0.057910351374427106, 0.05705136456655443, 0.05280869895639559, 0.0539345628133612, 0.35936977291808714, 0.04653054039334193, 0.056018632952434096, 0.05548566062842183, 0.5882012371479128, 0.05698113157625449, 0.05699795342042278, 0.05088114387387511, 0.052451816571573405, 0.0, 6.589417859247942e-05, 0.05245179622601376, 6.580811017475236e-05, 6.587014226626691e-05, 0.0508811530331928, 6.585821804358506e-05, 1.6045531532172516e-07, 6.587814680552273e-05, 6.586992339145667e-05, 0.06526363742495027, 6.589124812997843e-05, 1.6933221449173622e-07, 1.3269590288606327e-07, 6.589194875631701e-05, 6.591637615268465e-05, 1.60347027202119e-07, 6.583641565201843e-05], [0.05713029757727021, 0.6303980550680999, 0.055433886146179966, 0.05355159823408951, 0.06330253608512015, 0.6368889550225754, 0.27848261072120706, 0.055851289190002616, 0.055729756931906106, 0.057881211870573594, 0.0570213278889386, 0.052782506658986546, 0.05390127235115822, 0.34264693829730675, 0.046501312389868606, 0.05598902550581194, 0.05545500580917884, 0.6032039888748739, 0.056953889819701016, 0.05696687391973602, 0.0075262612100011105, 0.009096935107685781, 6.589417859247942e-05, 0.0, 0.009096914784672698, 1.1526877605986774e-07, 1.3360012319561805e-07, 0.007526270352293246, 1.0394109777459466e-07, 6.596878798383808e-05, 1.1915901536631203e-07, 9.408485577173565e-08, 0.02190876364451021, 1.2255919645221832e-07, 6.581725731990505e-05, 6.587903553025957e-05, 5.0280119063438763e-08, 8.021404007295101e-08, 6.588496186260437e-05, 1.78997025205032e-07], [0.34873451262672256, 0.6802420410663362, 0.6012462830818329, 0.15925335609816108, 0.47972114647398023, 0.7644320428470662, 0.4316080550412725, 0.28165024366541724, 0.6217698528589116, 0.4495204791562264, 0.49102993727395794, 0.20094746078526987, 0.357577008425416, 0.679720660401644, 0.35060123049561875, 0.05954161623897344, 0.10543008982298044, 0.6930644091347905, 0.3851430736210881, 0.3559141007234331, 0.0015706535808400935, 1.6930628067515602e-07, 0.05245179622601376, 0.009096914784672698, 0.0, 0.017990153638553035, 0.01845391866565442, 0.0015706444385550561, 0.016178227321994646, 0.010539558009653833, 0.007748606699628434, 0.0379156051197438, 0.012811848861565356, 0.018453907934843382, 0.020773971668500434, 0.03314829917525687, 0.018453907935164417, 0.03804484587575887, 0.03314826119545085, 0.007748510497248478], [0.05713035545704751, 0.6199241659355527, 0.055433945631783936, 0.05355166001513759, 0.06330258022284344, 0.6445501420041994, 0.29070524948958293, 0.05585135897682848, 0.05572982419267284, 0.05788127713573817, 0.0570213891173964, 0.052782558341511236, 0.05390133892917152, 0.3309277932415406, 0.046501367760861986, 0.05598908750672782, 0.055455069991757776, 0.6108741351620816, 0.056953949106041464, 0.05696693919881203, 0.016419500064035388, 0.017990173961817155, 6.580811017475236e-05, 1.1526877605986774e-07, 0.017990153638553035, 0.0, 1.5465498577153915e-07, 0.016419509206660642, 8.894906259657405e-08, 6.588275269436149e-05, 1.3980335172301848e-07, 1.4395213834291845e-07, 0.030802002498820803, 1.4481684700792007e-07, 6.573119667604796e-05, 6.579298874523773e-05, 1.110828904350197e-07, 1.3790446354515522e-07, 6.579887759253689e-05, 1.7267294780622554e-07], [0.05713032262599378, 0.639562407542852, 0.05543391091324155, 0.05355161943267263, 0.0633025592088034, 0.6219017544867582, 0.2632894622731322, 0.055851305245256326, 0.05572978944735875, 0.057881238636851094, 0.05702133999195192, 0.05278252148699723, 0.05390130586668823, 0.3593653829441624, 0.04650132957292369, 0.05598904579115415, 0.05545503508651864, 0.5881987043815629, 0.05695392102277405, 0.056966910548241614, 0.016883265090800903, 0.018453938987999113, 6.587014226626691e-05, 1.3360012319561805e-07, 0.01845391866565442, 1.5465498577153915e-07, 0.0, 0.016883274232995245, 9.007330368698274e-08, 6.59448548638362e-05, 1.47920140261413e-07, 1.8793766499895272e-07, 0.031265767525285246, 1.7867326138101646e-07, 6.579305459357932e-05, 6.585505550515913e-05, 1.5066696091333598e-07, 1.5280327732653255e-07, 6.586102847694499e-05, 2.9049071851901024e-07], [0.34718399407934464, 0.6796270996540245, 0.5996819736746875, 0.15776977936107184, 0.4781635177137186, 0.7634993271573668, 0.4303788825301335, 0.2801092055634105, 0.6202051949161207, 0.4479622258588252, 0.4894693584227833, 0.1994292575051078, 0.3560233835279589, 0.6784102891879753, 0.3490437473701102, 0.05892132068533182, 0.10408324196300411, 0.6922039341259301, 0.3835888011558836, 0.3543626570107318, 1.262099816811117e-07, 0.0015706647559009651, 0.0508811530331928, 0.007526270352293246, 0.0015706444385550561, 0.016419509206660642, 0.016883274232995245, 0.0, 0.014607582889592265, 0.008968947894754572, 0.006177962268350263, 0.03634496068778157, 0.014382493292774029, 0.016883263503443505, 0.01920333537322478, 0.03157765786991965, 0.016883263503190273, 0.03647420144376716, 0.03157761989083422, 0.006177866067472795], [0.05713035378887437, 0.6395624106276677, 0.05543394173078863, 0.053551650417952686, 0.06330258002862765, 0.6219017431929253, 0.2632894502690327, 0.055851342735165635, 0.05572981971164417, 0.05788126862556955, 0.05702137747972502, 0.052782554211259755, 0.053901333386191366, 0.3593653862620207, 0.04650136227025777, 0.05598907961005294, 0.05545506468492787, 0.588198693534806, 0.056953953033010624, 0.056966934516112636, 0.01460757374735632, 0.01617824764468721, 6.585821804358506e-05, 1.0394109777459466e-07, 0.016178227321994646, 8.894906259657405e-08, 9.007330368698274e-08, 0.014607582889592265, 0.0, 6.593289728842813e-05, 1.2316927198179826e-07, 1.5989132009786503e-07, 0.028990076182027404, 1.4844950795411143e-07, 6.57811941765634e-05, 6.584310425262861e-05, 1.1499295581487819e-07, 1.1390240263954615e-07, 6.584902900485817e-05, 2.3312080795930436e-07], [0.057155517596777505, 0.6170971988435713, 0.05546093990547166, 0.05358408477772088, 0.06333068279648937, 0.6458563464238332, 0.293847696985565, 0.055885551530188794, 0.05576170553725353, 0.05791039323654531, 0.057051396307344945, 0.05280873854113032, 0.053934588842392134, 0.3286629088768011, 0.04653056913106307, 0.056018680374250215, 0.055485671102184386, 0.6121814847108845, 0.05698115351299477, 0.0569979592575618, 0.008968938658097489, 0.010539578443235803, 1.6045531532172516e-07, 6.596878798383808e-05, 0.010539558009653833, 6.588275269436149e-05, 6.59448548638362e-05, 0.008968947894754572, 6.593289728842813e-05, 0.0, 6.595292245714995e-05, 6.594442566688278e-05, 0.0233512999616931, 6.596606013825146e-05, 2.398494509390834e-07, 1.3215123670076154e-07, 6.596659884230692e-05, 6.599101298561486e-05, 1.5223933911373795e-07, 6.591088837782487e-05], [0.05713030110108225, 0.6383795609382584, 0.05543390580394582, 0.053551619817853155, 0.06330252501872827, 0.6248580743991423, 0.26591563704336485, 0.055851294368819485, 0.055729775868497027, 0.05788121588881329, 0.05702134294681736, 0.052782516471766, 0.05390130260068406, 0.3565427144574036, 0.04650132819575189, 0.05598903371405614, 0.055455048351591346, 0.5911586516628813, 0.05695391354233218, 0.0569669091702193, 0.006177953126295645, 0.007748627023469251, 6.587814680552273e-05, 1.1915901536631203e-07, 0.007748606699628434, 1.3980335172301848e-07, 1.47920140261413e-07, 0.006177962268350263, 1.2316927198179826e-07, 6.595292245714995e-05, 0.0, 1.426336191000623e-07, 0.02056045556024207, 6.610219051939725e-08, 6.580134766498006e-05, 6.586320560271377e-05, 1.2862490055100662e-07, 1.1783252144721426e-07, 6.586905825509549e-05, 2.126891971731401e-07], [0.057130267445104875, 0.6199241460447498, 0.0554338689176494, 0.05355157952934711, 0.06330252314436652, 0.6445501283104664, 0.2907052383973502, 0.05585127066753671, 0.05572974466838867, 0.05788119116152078, 0.05702131159405767, 0.05278249339857124, 0.053901254793091706, 0.33092777554262426, 0.04650129341166133, 0.055989009828371045, 0.05545499326176232, 0.6108741228933022, 0.05695386646827899, 0.0569668510729707, 0.03634495154513711, 0.03791562544298332, 6.586992339145667e-05, 9.408485577173565e-08, 0.0379156051197438, 1.4395213834291845e-07, 1.8793766499895272e-07, 0.03634496068778157, 1.5989132009786503e-07, 6.594442566688278e-05, 1.426336191000623e-07, 0.0, 0.050727453980105607, 1.5750822441221528e-07, 6.579308588679038e-05, 6.585477959856661e-05, 1.259768435016776e-07, 1.2523481764281896e-07, 6.586064866741771e-05, 1.3978355817916268e-07], [0.3613887029534149, 0.6853648111416736, 0.6140076695403724, 0.17141291177619783, 0.49242995133807194, 0.7721109481275893, 0.441704210612528, 0.2942322903755783, 0.6345339839472899, 0.4622344031766084, 0.5037620075691667, 0.21335991952047811, 0.3702553894164623, 0.6904427820455507, 0.36330995340214983, 0.06579422823197659, 0.11662561432419791, 0.7001682327772872, 0.39782618648330126, 0.3685753885935841, 0.014382502435673097, 0.012811828537877072, 0.06526363742495027, 0.02190876364451021, 0.012811848861565356, 0.030802002498820803, 0.031265767525285246, 0.014382493292774029, 0.028990076182027404, 0.0233512999616931, 0.02056045556024207, 0.050727453980105607, 0.0, 0.03126575679556072, 0.03358578299936017, 0.045960130820947256, 0.0312657567954056, 0.05085669473615804, 0.04596009283820446, 0.02056035935710779], [0.05713029104574314, 0.6395624166737194, 0.055433890980694366, 0.05355161165636352, 0.06330250251344881, 0.6219017846137248, 0.2632894722834524, 0.05585128463769127, 0.0557297549910411, 0.057881203646467115, 0.05702133232174167, 0.052782500174959265, 0.053901284673628556, 0.3593654258215643, 0.04650131553050661, 0.055989018159515465, 0.055455031521027966, 0.5881987351583833, 0.056953895696577966, 0.05696689852284705, 0.016883254360740948, 0.018453928258672342, 6.589124812997843e-05, 1.2255919645221832e-07, 0.018453907934843382, 1.4481684700792007e-07, 1.7867326138101646e-07, 0.016883263503443505, 1.4844950795411143e-07, 6.596606013825146e-05, 6.610219051939725e-08, 1.5750822441221528e-07, 0.03126575679556072, 0.0, 6.581451839290658e-05, 6.587631852480757e-05, 1.1177059658953181e-07, 1.285759537176369e-07, 6.588217398134131e-05, 1.9719052945178468e-07], [0.05715549797636802, 0.6323846966353129, 0.055460892366842145, 0.05358403979265738, 0.06333064201796369, 0.6346994383259265, 0.2755726166256256, 0.05588548716306816, 0.055761657187591636, 0.05791035015181074, 0.05705135208871854, 0.05280869017976506, 0.05393453378730485, 0.3452602395998238, 0.04653052967883546, 0.0560186247349205, 0.05548563139881564, 0.6010115076358737, 0.05698112538903181, 0.05699792759240774, 0.019203326186886964, 0.020773992047046233, 1.6933221449173622e-07, 6.581725731990505e-05, 0.020773971668500434, 6.573119667604796e-05, 6.579305459357932e-05, 0.01920333537322478, 6.57811941765634e-05, 2.398494509390834e-07, 6.580134766498006e-05, 6.579308588679038e-05, 0.03358578299936017, 6.581451839290658e-05, 0.0, 1.4426128133595009e-07, 6.58150583571676e-05, 6.583942600217093e-05, 2.0956269272411322e-07, 6.5759744974271e-05], [0.05715551440344876, 0.639565004559904, 0.05546091746846183, 0.05358407031928381, 0.063330662381113, 0.6219046607558587, 0.26329613631282117, 0.05588552772687128, 0.05576167561862962, 0.057910378811416315, 0.057051376776906325, 0.05280872152278328, 0.0539345514744269, 0.3593697733567326, 0.046530555825882045, 0.05601865959460597, 0.055485641204507566, 0.5882012421977022, 0.056981135682390036, 0.05699793883812143, 0.03157764870043643, 0.033148319533502155, 1.3269590288606327e-07, 6.587903553025957e-05, 0.03314829917525687, 6.579298874523773e-05, 6.585505550515913e-05, 0.03157765786991965, 6.584310425262861e-05, 1.3215123670076154e-07, 6.586320560271377e-05, 6.585477959856661e-05, 0.045960130820947256, 6.587631852480757e-05, 1.4426128133595009e-07, 0.0, 6.587680922693441e-05, 6.59012313728282e-05, 1.0753590914341293e-07, 6.582124371319942e-05], [0.057130315904805246, 0.6323821316787139, 0.05543389979702979, 0.053551617617539085, 0.06330254192692392, 0.6346966675377508, 0.2755662458985935, 0.05585130784265271, 0.055729766819879185, 0.057881230559084, 0.05702134286346803, 0.05278251750978581, 0.053901282317601565, 0.3452557156169279, 0.04650132963663963, 0.055989040853825174, 0.05545501725537628, 0.6010091025537159, 0.05695390004171107, 0.05696689137869714, 0.016883254360522182, 0.01845392825843668, 6.589194875631701e-05, 5.0280119063438763e-08, 0.018453907935164417, 1.110828904350197e-07, 1.5066696091333598e-07, 0.016883263503190273, 1.1499295581487819e-07, 6.596659884230692e-05, 1.2862490055100662e-07, 1.259768435016776e-07, 0.0312657567954056, 1.1177059658953181e-07, 6.58150583571676e-05, 6.587680922693441e-05, 0.0, 8.727706122928096e-08, 6.588272064477385e-05, 1.7419269445798598e-07], [0.057130308970812935, 0.6323821154727491, 0.05543389703556966, 0.053551614100012294, 0.06330253915645875, 0.6346966323482841, 0.275566256853804, 0.055851295907124066, 0.05572977194546406, 0.05788122386140644, 0.05702134577050612, 0.0527825160441194, 0.0539012723506542, 0.3452557182440936, 0.04650133051445845, 0.05598903788259712, 0.05545502212710256, 0.6010090680642594, 0.05695390013813386, 0.05696688493282855, 0.03647419230115836, 0.03804486619888835, 6.591637615268465e-05, 8.021404007295101e-08, 0.03804484587575887, 1.3790446354515522e-07, 1.5280327732653255e-07, 0.03647420144376716, 1.1390240263954615e-07, 6.599101298561486e-05, 1.1783252144721426e-07, 1.2523481764281896e-07, 0.05085669473615804, 1.285759537176369e-07, 6.583942600217093e-05, 6.59012313728282e-05, 8.727706122928096e-08, 0.0, 6.590710850953048e-05, 1.908058089093264e-07], [0.057155530096578325, 0.6395650594347018, 0.05546095092930189, 0.053584105790998704, 0.06333066993678055, 0.6219046154912237, 0.2632961404369278, 0.0558855467000039, 0.05576170048740549, 0.057910400262253324, 0.05705139990707318, 0.05280874618458116, 0.053934572588686884, 0.3593697775727065, 0.046530580019534196, 0.05601868977852974, 0.055485679424961507, 0.5882011977493586, 0.056981158664904975, 0.05699797167143222, 0.03157761072111107, 0.033148281553864206, 1.60347027202119e-07, 6.588496186260437e-05, 0.03314826119545085, 6.579887759253689e-05, 6.586102847694499e-05, 0.03157761989083422, 6.584902900485817e-05, 1.5223933911373795e-07, 6.586905825509549e-05, 6.586064866741771e-05, 0.04596009283820446, 6.588217398134131e-05, 2.0956269272411322e-07, 1.0753590914341293e-07, 6.588272064477385e-05, 6.590710850953048e-05, 0.0, 6.582702687159156e-05], [0.05713030062348885, 0.6383795654619437, 0.05543390719131884, 0.05355162135082912, 0.06330253907130166, 0.6248580559756218, 0.2659156565778987, 0.05585132059802395, 0.055729774848275064, 0.0578812290032644, 0.057021356331943586, 0.05278252725658589, 0.05390128207677515, 0.35654271156653883, 0.04650133232259708, 0.055989050575784245, 0.05545502145215984, 0.5911586354389907, 0.056953894710399126, 0.0569668777517996, 0.006177856923871111, 0.007748530822707952, 6.583641565201843e-05, 1.78997025205032e-07, 0.007748510497248478, 1.7267294780622554e-07, 2.9049071851901024e-07, 0.006177866067472795, 2.3312080795930436e-07, 6.591088837782487e-05, 2.126891971731401e-07, 1.3978355817916268e-07, 0.02056035935710779, 1.9719052945178468e-07, 6.5759744974271e-05, 6.582124371319942e-05, 1.7419269445798598e-07, 1.908058089093264e-07, 6.582702687159156e-05, 0.0]], "Angle": [[0.0, 0.29636605241144426, 0.07381137037664427, 0.18203293523051137, 0.06295522832203851, 0.4648320233563386, 0.3188929836687957, 0.05111258372620346, 0.09169982910567068, 0.16444389640871312, 0.055000028799710124, 0.15457764196003793, 0.09014702697208107, 0.3970864051616615, 0.09706550027153342, 0.08006624986810805, 0.07026400440904779, 0.40905254602702223, 0.062251131638677244, 0.0634068003191191, 0.36184844671284794, 0.36186500954842443, 0.06922259256450668, 0.06932475077939504, 0.36186492969617223, 0.06929794368536694, 0.06929790846083633, 0.36184852192023326, 0.06929791132428414, 0.06924949052317805, 0.06932473581817035, 0.06929789784835842, 0.3604464880470769, 0.06929791528192628, 0.06922261937088878, 0.06922262355446201, 0.0692979227127402, 0.06929791067172625, 0.06922260813219384, 0.0693248054557332], [0.29636605241144426, 0.0, 0.30104973917178124, 0.08525054455658321, 0.39631663998314653, 0.40421614226865776, 0.4183806161913365, 0.3845268644687014, 0.2584436254728512, 0.30788503195327127, 0.38525593022898413, 0.1212677556467686, 0.2042091297646582, 0.09796468430648264, 0.16021114011860446, 0.2701125158027651, 0.3974913233362934, 0.37894847606903975, 0.04585814618840196, 0.32472871401783615, 0.5530340984062245, 0.5530670395000573, 0.41321595625483093, 0.3984699279381328, 0.5530670040749543, 0.38976686844318026, 0.41321796817096046, 0.5530341192246486, 0.41321797866793836, 0.385844162467754, 0.41019567945112956, 0.38976684460825534, 0.5525273066009911, 0.41321799155229966, 0.4019576664675285, 0.4132159380424834, 0.4019597515384243, 0.4019597609979657, 0.41321596928658055, 0.4101956737608094], [0.07381137037664427, 0.30104973917178124, 0.0, 0.14779335351398604, 0.11169453260154039, 0.24347411756526205, 0.2989177404105612, 0.06670796504535184, 0.06300431392674755, 0.17322555403391512, 0.06411167806537924, 0.11169842114221888, 0.06293026712816654, 0.39858603066532505, 0.07049685020779276, 0.05448676129921603, 0.08124149075691, 0.11933308817877741, 0.033941385040188725, 0.08417764079830097, 0.34985615216571464, 0.35002822244987897, 0.0773288900758539, 0.07746392591367789, 0.3500281596103891, 0.0773649588585711, 0.07736495705013055, 0.3498562204214177, 0.07736495216774474, 0.07742793568685227, 0.07746392928801421, 0.07736495540485128, 0.35014147408620816, 0.07736496637607275, 0.07732889323828177, 0.07732889912293558, 0.07736495524813716, 0.07736495271586706, 0.07732890349465392, 0.0774639642997536], [0.18203293523051137, 0.08525054455658321, 0.14779335351398604, 0.0, 0.22234626474949507, 0.33036038093617226, 0.31992481023727326, 0.19055875368443978, 0.10265541666386134, 0.2282643671050691, 0.18426886552860966, 0.05632810471020584, 0.12687047562236106, 0.05826172063788338, 0.10324994485426575, 0.10727493519016759, 0.200996528618138, 0.3220845098100789, 0.04708788270426657, 0.1997112835846062, 0.19836295851979913, 0.19840207105332988, 0.1854070666388527, 0.18557515801127242, 0.19840202706414756, 0.1854156681691893, 0.18541566524229622, 0.19836298484482126, 0.18541565961077985, 0.18556657223072304, 0.18557516441913624, 0.18541565957601466, 0.19811173782370392, 0.1854156793778052, 0.18540707185968758, 0.1854070668989257, 0.18541567046195917, 0.1854156753878566, 0.185407071653717, 0.18557518359496503], [0.06295522832203851, 0.39631663998314653, 0.11169453260154039, 0.22234626474949507, 0.0, 0.5132549757921955, 0.3108578066490021, 0.0806476818630199, 0.12841015491398852, 0.17795274763088118, 0.09773162402384614, 0.18691195896649956, 0.13394921113581493, 0.42765579391745046, 0.13456730454315155, 0.12015251384490004, 0.10956508915567205, 0.43837506288060185, 0.09407078392566959, 0.10198140168219887, 0.25056916357889075, 0.2507370148286811, 0.10293364012472309, 0.10290314045443932, 0.25073693294225374, 0.1029233473527375, 0.10292332645859295, 0.2505692428465339, 0.10292332643852559, 0.10291351178240765, 0.10290313038955447, 0.10292333544404153, 0.2508620213398954, 0.10292331132223173, 0.10293366443982069, 0.10293367582904285, 0.10292333270003738, 0.10292332452113344, 0.10293365734191208, 0.1029031968581305], [0.4648320233563386, 0.40421614226865776, 0.24347411756526205, 0.33036038093617226, 0.5132549757921955, 0.0, 0.34409284597122275, 0.3584229968608648, 0.39601077609042507, 0.4483803186748296, 0.37714728588741614, 0.32416329890964235, 0.21099985928457723, 0.463974747396456, 0.18333892596940266, 0.17857219721101084, 0.36201052416173696, 0.1404544300834992, 0.28888642825621796, 0.33799238985232744, 0.41431436935857574, 0.4143575169199858, 0.33176308275232846, 0.33596523112813736, 0.4143574955788401, 0.3361814394181082, 0.33176078894514593, 0.4143143975174985, 0.331760779063055, 0.3377902849472799, 0.33477148341962665, 0.3361814168304458, 0.41377352381903165, 0.3317608136297763, 0.3336084616134982, 0.3317630635301258, 0.33360620672996066, 0.3336062021502329, 0.3317630665588248, 0.33477147333030044], [0.3188929836687957, 0.4183806161913365, 0.2989177404105612, 0.31992481023727326, 0.3108578066490021, 0.34409284597122275, 0.0, 0.3313664011610008, 0.28800952987737216, 0.3691295727153918, 0.32322937834881765, 0.30340923548594945, 0.3426016568998773, 0.3287552990163503, 0.3307692665488649, 0.28948893639416684, 0.3205039191355208, 0.3642907821883469, 0.32326157939656464, 0.36867583832430406, 0.3588892381560885, 0.3588902890260614, 0.3000649376781656, 0.29839570262695125, 0.35889026798050333, 0.29032678323023425, 0.30006208929852457, 0.35888925278982664, 0.30006207289168957, 0.2945053976300963, 0.30396864721371425, 0.29032676897652093, 0.35821762690994996, 0.3000620919054701, 0.2943535384717796, 0.3000649421485876, 0.2943506364956602, 0.29435063384002874, 0.30006494207058093, 0.3039686565080889], [0.05111258372620346, 0.3845268644687014, 0.06670796504535184, 0.19055875368443978, 0.0806476818630199, 0.3584229968608648, 0.3313664011610008, 0.0, 0.10815399537442, 0.16888055497758656, 0.04462468143751274, 0.15988126333281483, 0.08510682233112693, 0.3392348703056256, 0.09974898538101439, 0.10445065007745548, 0.05818842780225984, 0.3434348874160409, 0.05486003108459603, 0.05788160400163976, 0.19946421121603689, 0.19956945369265724, 0.0653348832455912, 0.06535124645156856, 0.19956935789527488, 0.06535699688167411, 0.06535696670792981, 0.19946428635746216, 0.06535696921268765, 0.06532921444878824, 0.06535122363636604, 0.06535696430354214, 0.19911042315310945, 0.06535695678005408, 0.06533491966537991, 0.065334922692548, 0.0653569812136905, 0.06535697774702227, 0.06533492305832429, 0.06535129100192381], [0.091699