{"Bond": [[0.0, 0.024217605192829457, 0.012734689368075532, 0.012657511050940071, 0.015393526020286853, 0.041775423402301184, 0.017757940033268582, 0.011545146617129904, 0.043287724422788436, 0.011752049077167962, 0.014853426065249923, 0.013914463993950854, 0.01103329238379876, 0.016647509494423375, 0.047779978517380535, 0.015064845865563638, 0.016843496917723987, 0.013470206170592861, 0.17550484753459464, 0.03783285087229795, 0.017018573041074937, 0.015151853747431837, 0.015151863843234099, 0.015311219527314176, 0.015151853747125486, 0.015151863843234099, 0.016874014595513097, 0.015312700085530291, 0.017018573041074937, 0.017018569124576322, 0.016874003334279904, 0.015179242708401253, 0.015150383760993459, 0.01687400305996823, 0.017018573041074937, 0.015337904241908201, 0.015151863190881196, 0.017021835855410707, 0.01687729750281027, 0.017021837034714396], [0.024217605192829457, 0.0, 0.026024854197059397, 0.02412645857665751, 0.026393975176963434, 0.04192713688008156, 0.024159499451982865, 0.02107122709469759, 0.05100622288961776, 0.023509957643148133, 0.01901790019976862, 0.02110763629427017, 0.02632853672826575, 0.02431457865851666, 0.036047047517679086, 0.020536740023121683, 0.020317403517891453, 0.02436763514854612, 0.16487006276549698, 0.054221218915909704, 0.03091047197109182, 0.02896380655467193, 0.028963756367572115, 0.029000178417358632, 0.02896380655654232, 0.028963756367572115, 0.030878127707825113, 0.028998355848113846, 0.03091047197109182, 0.030910459682931355, 0.030878094393997867, 0.028965454328382437, 0.02896556102178385, 0.030878142752542807, 0.03091047197109182, 0.029001606573905617, 0.02896375427120246, 0.03091181776042149, 0.03087950572071563, 0.030911858601735707], [0.012734689368075532, 0.026024854197059397, 0.0, 0.01675356804859794, 0.01711734614151729, 0.041587468421455276, 0.013024143707918953, 0.016372252167523624, 0.0421939633764166, 0.013196994476714205, 0.012901571425686834, 0.009332491724024797, 0.01422087785869117, 0.016454395356751392, 0.04798314529131324, 0.01341950652872664, 0.021808856148213276, 0.014004825515763202, 0.1786111302393205, 0.03875972029214732, 0.018137858538689773, 0.01623431428121456, 0.016234313968283814, 0.016391802395724044, 0.01623431428276231, 0.016234313968283814, 0.01799717235626238, 0.016390137573056487, 0.018137858538689773, 0.018137856625247775, 0.01799714161990532, 0.016268970595736853, 0.016235971755375018, 0.017997138330948906, 0.018137858538689773, 0.01642562661145665, 0.01623429120621281, 0.018138502733496858, 0.017997792828793265, 0.018138491733722027], [0.012657511050940071, 0.02412645857665751, 0.01675356804859794, 0.0, 0.012075505110068375, 0.041841151184128254, 0.014327549521768197, 0.013483710972202063, 0.03845003015170638, 0.013574358957513254, 0.016278951422867494, 0.015659179477907632, 0.012533598758490022, 0.012696830447353927, 0.04131699035040053, 0.018660041767567012, 0.016854231651139178, 0.015679382203314846, 0.17371000218801463, 0.035647231963649446, 0.018369709641261295, 0.0165929221598999, 0.01659296921204193, 0.0166354561935919, 0.016592922164935443, 0.01659296921204193, 0.018329404425153357, 0.01663746699395891, 0.018369709641261295, 0.018369707789944588, 0.01832940800832373, 0.016568842084379514, 0.016590944262197715, 0.018329415018831348, 0.018369709641261295, 0.016611758153225967, 0.016592945374666067, 0.018373591750344587, 0.018333328638056933, 0.018373615067252946], [0.015393526020286853, 0.026393975176963434, 0.01711734614151729, 0.012075505110068375, 0.0, 0.03843768732035753, 0.017274106461880972, 0.01632798001622855, 0.03602156372409857, 0.019135682823273156, 0.015930019474959027, 0.01725710272871529, 0.015963523384158844, 0.014988256727125133, 0.04551679339981525, 0.018123753563072262, 0.019568933129724454, 0.014424862463925114, 0.17433442421772308, 0.0377268166127414, 0.019662442904771617, 0.017692831883247915, 0.017692844674551574, 0.01780621904426885, 0.017692831881374826, 0.017692844674551574, 0.019563542154785566, 0.017802168874040722, 0.019662442904771617, 0.01966242646882355, 0.01956353906735203, 0.01766334878959777, 0.017696948639440387, 0.01956355858484603, 0.019662442904771617, 0.017777348932430152, 0.017692850325233447, 0.019661164158684317, 0.019562265235456233, 0.019661156650015183], [0.041775423402301184, 0.04192713688008156, 0.041587468421455276, 0.041841151184128254, 0.03843768732035753, 0.0, 0.03959588559127819, 0.04204148982214362, 0.039582266570620105, 0.04505316428704156, 0.04014280033646515, 0.03968879520660068, 0.042113864949286026, 0.042354438312185, 0.04815219878032397, 0.038572999313592544, 0.04395160628912806, 0.04078085723293269, 0.17836184507360509, 0.05630565736734556, 0.04442295174658763, 0.043148948343198705, 0.04314893193828361, 0.043224385036455676, 0.04314894833996265, 0.04314893193828361, 0.04435494687994366, 0.04321889334161003, 0.04442295174658763, 0.04442293949318783, 0.04435494077946796, 0.04314873864776232, 0.04315440751708445, 0.04435496714937239, 0.04442295174658763, 0.04322412151495867, 0.043148969622556765, 0.04441950117112492, 0.04435147262831736, 0.044419532954432316], [0.017757940033268582, 0.024159499451982865, 0.013024143707918953, 0.014327549521768197, 0.017274106461880972, 0.03959588559127819, 0.0, 0.0163230094548393, 0.03977837538434326, 0.01582605177652611, 0.012681415675576482, 0.011874685955902445, 0.015772068409206353, 0.01204643491928125, 0.04240216778113413, 0.016360623176613232, 0.02279088091014701, 0.016401604414630823, 0.17390373258077285, 0.03833427867412047, 0.0227264533888893, 0.020218388646055237, 0.02021841973251866, 0.020321874416554055, 0.020218388645663683, 0.02021841973251866, 0.02263640269346708, 0.020319199388468594, 0.0227264533888893, 0.02272644782270057, 0.022636383295525895, 0.020204858829671154, 0.020221082342596647, 0.022636396843873884, 0.0227264533888893, 0.020308557117798883, 0.020218386360344346, 0.022727700945115628, 0.022637672432348595, 0.02272771667124424], [0.011545146617129904, 0.02107122709469759, 0.016372252167523624, 0.013483710972202063, 0.01632798001622855, 0.04204148982214362, 0.0163230094548393, 0.0, 0.045751354936474024, 0.011248611182083496, 0.014043567605031382, 0.01327729367115045, 0.008657870711242521, 0.013562882604406166, 0.04438472131987837, 0.014494117674185725, 0.018791914192848654, 0.01614569543034332, 0.1729928769631622, 0.03733795516522077, 0.02218372095624541, 0.02004447611848188, 0.020044476443129563, 0.020113030885785338, 0.02004447611400546, 0.020044476443129563, 0.022127330326257664, 0.0201067387135725, 0.02218372095624541, 0.022183719151178543, 0.02212731306699507, 0.02005362421688006, 0.020050786373235728, 0.02212732339686446, 0.02218372095624541, 0.0201219571888591, 0.020044456981153324, 0.022180998065478148, 0.022124610660506486, 0.02218101104476432], [0.043287724422788436, 0.05100622288961776, 0.0421939633764166, 0.03845003015170638, 0.03602156372409857, 0.039582266570620105, 0.03977837538434326, 0.045751354936474024, 0.0, 0.04609049047151794, 0.045021479954046734, 0.04233815182548798, 0.04249198871181369, 0.04219903359236702, 0.0533878033971985, 0.04642024066964799, 0.04261082539508626, 0.039888452529683475, 0.18773257069924965, 0.04332299596732705, 0.04362617866559812, 0.042656396857376294, 0.04265642165020897, 0.042739571722607776, 0.042656396862286616, 0.04265642165020897, 0.043544459898088125, 0.04273982240247574, 0.04362617866559812, 0.04362616509224659, 0.04354446529107615, 0.04262739456634689, 0.04265618095182545, 0.04354446579706641, 0.04362617866559812, 0.042711161335423485, 0.042656446763528984, 0.04362766839027228, 0.04354591298595802, 0.04362764151254901], [0.011752049077167962, 0.023509957643148133, 0.013196994476714205, 0.013574358957513254, 0.019135682823273156, 0.04505316428704156, 0.01582605177652611, 0.011248611182083496, 0.04609049047151794, 0.0, 0.01609864473075637, 0.011003709073972082, 0.010289548355478014, 0.015411461204723285, 0.043366252325369045, 0.016550111413493374, 0.019718374216169732, 0.01863623537051599, 0.17165023537115776, 0.03661426005179999, 0.021311293008896514, 0.019288237173632972, 0.019288256608769996, 0.019320465298115673, 0.019288237167125733, 0.019288256608769996, 0.02128348071000742, 0.019318932111241385, 0.021311293008896514, 0.021311305412009256, 0.02128346463968555, 0.019320630683026477, 0.019289764144876292, 0.021283451679560708, 0.021311293008896514, 0.019352279037967785, 0.019288219359162407, 0.02131270790178526, 0.02128490412215782, 0.021312730953250023], [0.014853426065249923, 0.01901790019976862, 0.012901571425686834, 0.016278951422867494, 0.015930019474959027, 0.04014280033646515, 0.012681415675576482, 0.014043567605031382, 0.045021479954046734, 0.01609864473075637, 0.0, 0.01266480537384708, 0.01701154637088906, 0.01125385378265749, 0.04595473946423201, 0.01035888728348142, 0.019554236037638516, 0.01208741785397643, 0.1751174370028165, 0.043151138035463055, 0.022480260562166048, 0.019876174832160632, 0.019876165279612446, 0.019970240594595578, 0.01987617483202477, 0.019876165279612446, 0.022402853650192844, 0.019963445104785246, 0.022480260562166048, 0.0224802504384403, 0.02240283875457066, 0.01987269271534352, 0.01988301355120852, 0.022402861140392687, 0.022480260562166048, 0.019966709607148147, 0.0198761628167728, 0.022478021608277048, 0.022400630795909367, 0.022478037966314337], [0.013914463993950854, 0.02110763629427017, 0.009332491724024797, 0.015659179477907632, 0.01725710272871529, 0.03968879520660068, 0.011874685955902445, 0.01327729367115045, 0.04233815182548798, 0.011003709073972082, 0.01266480537384708, 0.0, 0.012688063254228608, 0.014969031458240698, 0.04265432806058492, 0.010202136300155575, 0.018489091586937886, 0.015695787843368364, 0.17421700695939302, 0.04012167255232388, 0.020098636293080153, 0.01805583563260193, 0.018055825600994686, 0.01817204301429036, 0.01805583562516482, 0.018055825600994686, 0.019999896582862595, 0.01816516649476081, 0.020098636293080153, 0.020098634684416705, 0.019999856101584515, 0.01808322701414324, 0.01806269558457431, 0.019999872355442896, 0.020098636293080153, 0.01819879904516224, 0.018055794651654414, 0.020095059972664166, 0.019996293170472246, 0.020095075573242006], [0.01103329238379876, 0.02632853672826575, 0.01422087785869117, 0.012533598758490022, 0.015963523384158844, 0.042113864949286026, 0.015772068409206353, 0.008657870711242521, 0.04249198871181369, 0.010289548355478014, 0.01701154637088906, 0.012688063254228608, 0.0, 0.014272740820934037, 0.045309935703306624, 0.016428484273825178, 0.02065399851770919, 0.015741659492865902, 0.17794738423344866, 0.03166734104592153, 0.019009376235882034, 0.016744148743649857, 0.01674418420466783, 0.016841116661774565, 0.01674414873863579, 0.01674418420466783, 0.01892937073829391, 0.0168345437700767, 0.019009376235882034, 0.019009381688183866, 0.018929356793182448, 0.016761898367964777, 0.01675076990758256, 0.01892934535702462, 0.019009376235882034, 0.01685852589706968, 0.01674414767502571, 0.019006506287286604, 0.018926480369928566, 0.0190065109817314], [0.016647509494423375, 0.02431457865851666, 0.016454395356751392, 0.012696830447353927, 0.014988256727125133, 0.042354438312185, 0.01204643491928125, 0.013562882604406166, 0.04219903359236702, 0.015411461204723285, 0.01125385378265749, 0.014969031458240698, 0.014272740820934037, 0.0, 0.04485154792458442, 0.015258475935075615, 0.022213549288642772, 0.013288000412167033, 0.1727354092711775, 0.036036539824130444, 0.02328667694588751, 0.020896664758338464, 0.020896710793455817, 0.020977291802972628, 0.02089666475123011, 0.020896710793455817, 0.023225281217966198, 0.020964930878995716, 0.02328667694588751, 0.02328667331459647, 0.02322528128603077, 0.020872840257366167, 0.02090912139222734, 0.023225286991991872, 0.02328667694588751, 0.020953847292070803, 0.020896686202093884, 0.023278997961543584, 0.023217618894069512, 0.023279015914882645], [0.047779978517380535, 0.036047047517679086, 0.04798314529131324, 0.04131699035040053, 0.04551679339981525, 0.04815219878032397, 0.04240216778113413, 0.04438472131987837, 0.0533878033971985, 0.043366252325369045, 0.04595473946423201, 0.04265432806058492, 0.045309935703306624, 0.04485154792458442, 0.0, 0.04585535100857327, 0.042248486079758785, 0.04872266428630708, 0.1548283559701681, 0.06273864906406378, 0.04957192379324125, 0.047888113875736486, 0.047888091079087654, 0.04783113073204826, 0.047888113880797174, 0.047888091079087654, 0.049627868113415, 0.04783017785876012, 0.04957192379324125, 0.04957192310235656, 0.049627845182175, 0.0478817639834712, 0.04788898576727354, 0.04962787407285373, 0.04957192379324125, 0.04782473042329282, 0.04788807433072447, 0.04957405790030404, 0.049630022619301876, 0.049574106868694075], [0.015064845865563638, 0.020536740023121683, 0.01341950652872664, 0.018660041767567012, 0.018123753563072262, 0.038572999313592544, 0.016360623176613232, 0.014494117674185725, 0.04642024066964799, 0.016550111413493374, 0.01035888728348142, 0.010202136300155575, 0.016428484273825178, 0.015258475935075615, 0.04585535100857327, 0.0, 0.01994665222694139, 0.014525940713517933, 0.1767486788194116, 0.04483873884944291, 0.021132341809480325, 0.019297066705083854, 0.019297033815133518, 0.019413973324386574, 0.019297066696652376, 0.019297033815133518, 0.021037670955113053, 0.0194002717164601, 0.021132341809480325, 0.021132333445405865, 0.021037637784814576, 0.019318846460843274, 0.01931079310996014, 0.021037668681972942, 0.021132341809480325, 0.019435202134139507, 0.019297025999586943, 0.021122038020882857, 0.02102732444668089, 0.021122058262959285], [0.016843496917723987, 0.020317403517891453, 0.021808856148213276, 0.016854231651139178, 0.019568933129724454, 0.04395160628912806, 0.02279088091014701, 0.018791914192848654, 0.04261082539508626, 0.019718374216169732, 0.019554236037638516, 0.018489091586937886, 0.02065399851770919, 0.022213549288642772, 0.042248486079758785, 0.01994665222694139, 0.0, 0.01886164470379211, 0.1667882717301351, 0.04500313003698998, 0.025179328799712648, 0.023132952479508393, 0.02313294457354629, 0.02322168361471246, 0.02313295249249037, 0.02313294457354629, 0.025095817026381504, 0.023223579520924034, 0.025179328799712648, 0.02517932154546461, 0.025095798015033248, 0.023140258856952565, 0.023131051560382, 0.025095823989497903, 0.025179328799712648, 0.023228755537211584, 0.023132941731447376, 0.025183995768062056, 0.0251005193288041, 0.02518402016040792], [0.013470206170592861, 0.02436763514854612, 0.014004825515763202, 0.015679382203314846, 0.014424862463925114, 0.04078085723293269, 0.016401604414630823, 0.01614569543034332, 0.039888452529683475, 0.01863623537051599, 0.01208741785397643, 0.015695787843368364, 0.015741659492865902, 0.013288000412167033, 0.04872266428630708, 0.014525940713517933, 0.01886164470379211, 0.0, 0.1777166304330287, 0.038270651204598785, 0.020602815984078485, 0.01812279494541179, 0.018122809637776974, 0.018289755083134376, 0.018122794950151688, 0.018122809637776974, 0.020463712600328195, 0.01827976812877183, 0.020602815984078485, 0.020602803976618057, 0.020463703892648344, 0.018118773852152048, 0.01813291790175073, 0.0204637128728664, 0.020602815984078485, 0.018285800526685787, 0.01812281435539017, 0.020597263746273485, 0.020458123381679946, 0.020597257903656692], [0.17550484753459464, 0.16487006276549698, 0.1786111302393205, 0.17371000218801463, 0.17433442421772308, 0.17836184507360509, 0.17390373258077285, 0.1729928769631622, 0.18773257069924965, 0.17165023537115776, 0.1751174370028165, 0.17421700695939302, 0.17794738423344866, 0.1727354092711775, 0.1548283559701681, 0.1767486788194116, 0.1667882717301351, 0.1777166304330287, 0.0, 0.18674958178360113, 0.17640607809574296, 0.17539879792798224, 0.1753988436694926, 0.1753896194261774, 0.17539879793540922, 0.1753988436694926, 0.1764123320405295, 0.17539258976064437, 0.17640607809574296, 0.176406082318932, 0.17641233573629853, 0.17537635526685189, 0.17539581894832673, 0.17641235919834966, 0.17640607809574296, 0.17536725510888576, 0.1753988131197545, 0.17641096759475794, 0.1764173238616078, 0.17641106643758844], [0.03783285087229795, 0.054221218915909704, 0.03875972029214732, 0.035647231963649446, 0.0377268166127414, 0.05630565736734556, 0.03833427867412047, 0.03733795516522077, 0.04332299596732705, 0.03661426005179999, 0.043151138035463055, 0.04012167255232388, 0.03166734104592153, 0.036036539824130444, 0.06273864906406378, 0.04483873884944291, 0.04500313003698998, 0.038270651204598785, 0.18674958178360113, 0.0, 0.03972552937788093, 0.0385185056890351, 0.038518615658077786, 0.038536631233654736, 0.03851850568746566, 0.038518615658077786, 0.039713106514851874, 0.03853129148748823, 0.03972552937788093, 0.03972554940408375, 0.0397131409058539, 0.03851296754916231, 0.03852395454000649, 0.03971307930606024, 0.03972552937788093, 0.03853130526328906, 0.038518589568441716, 0.039722122049463675, 0.039709691938981384, 0.03972211897580956], [0.017018573041074937, 0.03091047197109182, 0.018137858538689773, 0.018369709641261295, 0.019662442904771617, 0.04442295174658763, 0.0227264533888893, 0.02218372095624541, 0.04362617866559812, 0.021311293008896514, 0.022480260562166048, 0.020098636293080153, 0.019009376235882034, 0.02328667694588751, 0.04957192379324125, 0.021132341809480325, 0.025179328799712648, 0.020602815984078485, 0.17640607809574296, 0.03972552937788093, 0.0, 0.004855428491180942, 0.0048554241860270485, 0.0048269623383428795, 0.004855428491347903, 0.0048554241860270485, 0.0004225513192445585, 0.004836927393979132, 0.0, 5.1201804340156945e-08, 0.0004225920926857682, 0.00485627741492982, 0.004845410796147857, 0.00042256337950826253, 0.0, 0.004827871246187134, 0.004855418630337241, 3.125443652005452e-05, 0.0004236346198466898, 3.125413507385943e-05], [0.015151853747431837, 0.02896380655467193, 0.01623431428121456, 0.0165929221598999, 0.017692831883247915, 0.043148948343198705, 0.020218388646055237, 0.02004447611848188, 0.042656396857376294, 0.019288237173632972, 0.019876174832160632, 0.01805583563260193, 0.016744148743649857, 0.020896664758338464, 0.047888113875736486, 0.019297066705083854, 0.023132952479508393, 0.01812279494541179, 0.17539879792798224, 0.0385185056890351, 0.004855428491180942, 0.0, 1.810272293147266e-07, 0.0004238081629044649, 4.7341272186463744e-11, 1.810272293147266e-07, 0.004836999372026927, 0.00042256222981719714, 0.004855428491180942, 0.004855425994807757, 0.004837008563582329, 9.541515141573841e-05, 3.279478771262797e-05, 0.004836994373160516, 0.004855428491180942, 0.0004342560733193102, 1.5089566045656086e-07, 0.004855313138211861, 0.004836885062257799, 0.0048553105812617564], [0.015151863843234099, 0.028963756367572115, 0.016234313968283814, 0.01659296921204193, 0.017692844674551574, 0.04314893193828361, 0.02021841973251866, 0.020044476443129563, 0.04265642165020897, 0.019288256608769996, 0.019876165279612446, 0.018055825600994686, 0.01674418420466783, 0.020896710793455817, 0.047888091079087654, 0.019297033815133518, 0.02313294457354629, 0.018122809637776974, 0.1753988436694926, 0.038518615658077786, 0.0048554241860270485, 1.810272293147266e-07, 0.0, 0.0004237588248076481, 1.8102722312450843e-07, 0.0, 0.004836999374298831, 0.0004225127654498505, 0.0048554241860270485, 0.004855421688941184, 0.004837008564137588, 9.546545670464704e-05, 3.279441543293003e-05, 0.0048369943750741235, 0.0048554241860270485, 0.00043421879337098555, 1.0713912145188495e-07, 0.004855308836457717, 0.004836885064856385, 0.004855306276721462], [0.015311219527314176, 0.029000178417358632, 0.016391802395724044, 0.0166354561935919, 0.01780621904426885, 0.043224385036455676, 0.020321874416554055, 0.020113030885785338, 0.042739571722607776, 0.019320465298115673, 0.019970240594595578, 0.01817204301429036, 0.016841116661774565, 0.020977291802972628, 0.04783113073204826, 0.019413973324386574, 0.02322168361471246, 0.018289755083134376, 0.1753896194261774, 0.038536631233654736, 0.0048269623383428795, 0.0004238081629044649, 0.0004237588248076481, 0.0, 0.00042380816481728197, 0.0004237588248076481, 0.004845413334100126, 3.2765795822762936e-05, 0.0048269623383428795, 0.004826962338817194, 0.004845426045773596, 0.0004342922885550794, 0.00042254773267928406, 0.004845409403886975, 0.0048269623383428795, 9.40321580278365e-05, 0.00042378620621581515, 0.004827040949809961, 0.00484549458996122, 0.004827040944616353], [0.015151853747125486, 0.02896380655654232, 0.01623431428276231, 0.016592922164935443, 0.017692831881374826, 0.04314894833996265, 0.020218388645663683, 0.02004447611400546, 0.042656396862286616, 0.019288237167125733, 0.01987617483202477, 0.01805583562516482, 0.01674414873863579, 0.02089666475123011, 0.047888113880797174, 0.019297066696652376, 0.02313295249249037, 0.018122794950151688, 0.17539879793540922, 0.03851850568746566, 0.004855428491347903, 4.7341272186463744e-11, 1.8102722312450843e-07, 0.00042380816481728197, 0.0, 1.8102722312450843e-07, 0.004836999372194524, 0.00042256222981719985, 0.004855428491347903, 0.004855425994974718, 0.0048370085637499255, 9.541515141572666e-05, 3.2794812432019376e-05, 0.004836994373328114, 0.004855428491347903, 0.0004342560751861062, 1.5089566788287116e-07, 0.004855313138211862, 0.004836885062257799, 0.004855310581261757], [0.015151863843234099, 0.028963756367572115, 0.016234313968283814, 0.01659296921204193, 0.017692844674551574, 0.04314893193828361, 0.02021841973251866, 0.020044476443129563, 0.04265642165020897, 0.019288256608769996, 0.019876165279612446, 0.018055825600994686, 0.01674418420466783, 0.020896710793455817, 0.047888091079087654, 0.019297033815133518, 0.02313294457354629, 0.018122809637776974, 0.1753988436694926, 0.038518615658077786, 0.0048554241860270485, 1.810272293147266e-07, 0.0, 0.0004237588248076481, 1.8102722312450843e-07, 0.0, 0.004836999374298831, 0.0004225127654498505, 0.0048554241860270485, 0.004855421688941184, 0.004837008564137588, 9.546545670464704e-05, 3.279441543293003e-05, 0.0048369943750741235, 0.0048554241860270485, 0.00043421879337098555, 1.0713912145188495e-07, 0.004855308836457717, 0.004836885064856385, 0.004855306276721462], [0.016874014595513097, 0.030878127707825113, 0.01799717235626238, 0.018329404425153357, 0.019563542154785566, 0.04435494687994366, 0.02263640269346708, 0.022127330326257664, 0.043544459898088125, 0.02128348071000742, 0.022402853650192844, 0.019999896582862595, 0.01892937073829391, 0.023225281217966198, 0.049627868113415, 0.021037670955113053, 0.025095817026381504, 0.020463712600328195, 0.1764123320405295, 0.039713106514851874, 0.0004225513192445585, 0.004836999372026927, 0.004836999374298831, 0.004845413334100126, 0.004836999372194524, 0.004836999374298831, 0.0, 0.004855342639465365, 0.0004225513192445585, 0.00042252262589555293, 9.430673729675638e-08, 0.00483786316025046, 0.00482694257127937, 8.82092352070154e-08, 0.0004225513192445585, 0.00484633212489525, 0.004836991382770108, 0.00042379359213772346, 3.125408976413799e-05, 0.0004237642780873978], [0.015312700085530291, 0.028998355848113846, 0.016390137573056487, 0.01663746699395891, 0.017802168874040722, 0.04321889334161003, 0.020319199388468594, 0.0201067387135725, 0.04273982240247574, 0.019318932111241385, 0.019963445104785246, 0.01816516649476081, 0.0168345437700767, 0.020964930878995716, 0.04783017785876012, 0.0194002717164601, 0.023223579520924034, 0.01827976812877183, 0.17539258976064437, 0.03853129148748823, 0.004836927393979132, 0.00042256222981719714, 0.0004225127654498505, 3.2765795822762936e-05, 0.00042256222981719985, 0.0004225127654498505, 0.004855342639465365, 0.0, 0.004836927393979132, 0.00483692739520687, 0.004855355343596029, 0.000433081326680713, 0.00042384090773765385, 0.004855338707040994, 0.004836927393979132, 9.959039781005588e-05, 0.0004225403907147813, 0.0048368039015473895, 0.004855222574044203, 0.004836803899614196], [0.017018573041074937, 0.03091047197109182, 0.018137858538689773, 0.018369709641261295, 0.019662442904771617, 0.04442295174658763, 0.0227264533888893, 0.02218372095624541, 0.04362617866559812, 0.021311293008896514, 0.022480260562166048, 0.020098636293080153, 0.019009376235882034, 0.02328667694588751, 0.04957192379324125, 0.021132341809480325, 0.025179328799712648, 0.020602815984078485, 0.17640607809574296, 0.03972552937788093, 0.0, 0.004855428491180942, 0.0048554241860270485, 0.0048269623383428795, 0.004855428491347903, 0.0048554241860270485, 0.0004225513192445585, 0.004836927393979132, 0.0, 5.1201804340156945e-08, 0.0004225920926857682, 0.00485627741492982, 0.004845410796147857, 0.00042256337950826253, 0.0, 0.004827871246187134, 0.004855418630337241, 3.125443652005452e-05, 0.0004236346198466898, 3.125413507385943e-05], [0.017018569124576322, 0.030910459682931355, 0.018137856625247775, 0.018369707789944588, 0.01966242646882355, 0.04442293949318783, 0.02272644782270057, 0.022183719151178543, 0.04362616509224659, 0.021311305412009256, 0.0224802504384403, 0.020098634684416705, 0.019009381688183866, 0.02328667331459647, 0.04957192310235656, 0.021132333445405865, 0.02517932154546461, 0.020602803976618057, 0.176406082318932, 0.03972554940408375, 5.1201804340156945e-08, 0.004855425994807757, 0.004855421688941184, 0.004826962338817194, 0.004855425994974718, 0.004855421688941184, 0.00042252262589555293, 0.00483692739520687, 5.1201804340156945e-08, 0.0, 0.0004225633969467984, 0.004856274485550706, 0.00484540829368109, 0.0004225346902309322, 5.1201804340156945e-08, 0.004827870817375128, 0.004855416133585198, 3.125462813198565e-05, 0.0004236060068516256, 3.1254202886603604e-05], [0.016874003334279904, 0.030878094393997867, 0.01799714161990532, 0.01832940800832373, 0.01956353906735203, 0.04435494077946796, 0.022636383295525895, 0.02212731306699507, 0.04354446529107615, 0.02128346463968555, 0.02240283875457066, 0.019999856101584515, 0.018929356793182448, 0.02322528128603077, 0.049627845182175, 0.021037637784814576, 0.025095798015033248, 0.020463703892648344, 0.17641233573629853, 0.0397131409058539, 0.0004225920926857682, 0.004837008563582329, 0.004837008564137588, 0.004845426045773596, 0.0048370085637499255, 0.004837008564137588, 9.430673729675638e-08, 0.004855355343596029, 0.0004225920926857682, 0.0004225633969467984, 0.0, 0.0048378729278445555, 0.004826951760527897, 9.44045303807474e-08, 0.0004225920926857682, 0.0048463454025884575, 0.004837000572089818, 0.00042383427843764186, 3.125447350737705e-05, 0.00042380495560851746], [0.015179242708401253, 0.028965454328382437, 0.016268970595736853, 0.016568842084379514, 0.01766334878959777, 0.04314873864776232, 0.020204858829671154, 0.02005362421688006, 0.04262739456634689, 0.019320630683026477, 0.01987269271534352, 0.01808322701414324, 0.016761898367964777, 0.020872840257366167, 0.0478817639834712, 0.019318846460843274, 0.023140258856952565, 0.018118773852152048, 0.17537635526685189, 0.03851296754916231, 0.00485627741492982, 9.541515141573841e-05, 9.546545670464704e-05, 0.0004342922885550794, 9.541515141572666e-05, 9.546545670464704e-05, 0.00483786316025046, 0.000433081326680713, 0.00485627741492982, 0.004856274485550706, 0.0048378729278445555, 0.0, 0.00010094912552531003, 0.004837859369084399, 0.00485627741492982, 0.00042382860239550426, 9.546613409849684e-05, 0.004856160604833051, 0.004837748759768909, 0.004856158105685737], [0.015150383760993459, 0.02896556102178385, 0.016235971755375018, 0.016590944262197715, 0.017696948639440387, 0.04315440751708445, 0.020221082342596647, 0.020050786373235728, 0.04265618095182545, 0.019289764144876292, 0.01988301355120852, 0.01806269558457431, 0.01675076990758256, 0.02090912139222734, 0.04788898576727354, 0.01931079310996014, 0.023131051560382, 0.01813291790175073, 0.17539581894832673, 0.03852395454000649, 0.004845410796147857, 3.279478771262797e-05, 3.279441543293003e-05, 0.00042254773267928406, 3.2794812432019376e-05, 3.279441543293003e-05, 0.00482694257127937, 0.00042384090773765385, 0.004845410796147857, 0.00484540829368109, 0.004826951760527897, 0.00010094912552531003, 0.0, 0.004826937571511815, 0.004845410796147857, 0.0004330404779742412, 3.279206176103601e-05, 0.004845496802449994, 0.004827030369721028, 0.004845494237667322], [0.01687400305996823, 0.030878142752542807, 0.017997138330948906, 0.018329415018831348, 0.01956355858484603, 0.04435496714937239, 0.022636396843873884, 0.02212732339686446, 0.04354446579706641, 0.021283451679560708, 0.022402861140392687, 0.019999872355442896, 0.01892934535702462, 0.023225286991991872, 0.04962787407285373, 0.021037668681972942, 0.025095823989497903, 0.0204637128728664, 0.17641235919834966, 0.03971307930606024, 0.00042256337950826253, 0.004836994373160516, 0.0048369943750741235, 0.004845409403886975, 0.004836994373328114, 0.0048369943750741235, 8.82092352070154e-08, 0.004855338707040994, 0.00042256337950826253, 0.0004225346902309322, 9.44045303807474e-08, 0.004837859369084399, 0.004826937571511815, 0.0, 0.00042256337950826253, 0.004846329384975658, 0.004836986382945724, 0.0004238056421746996, 3.125429799349582e-05, 0.0004237763158457397], [0.017018573041074937, 0.03091047197109182, 0.018137858538689773, 0.018369709641261295, 0.019662442904771617, 0.04442295174658763, 0.0227264533888893, 0.02218372095624541, 0.04362617866559812, 0.021311293008896514, 0.022480260562166048, 0.020098636293080153, 0.019009376235882034, 0.02328667694588751, 0.04957192379324125, 0.021132341809480325, 0.025179328799712648, 0.020602815984078485, 0.17640607809574296, 0.03972552937788093, 0.0, 0.004855428491180942, 0.0048554241860270485, 0.0048269623383428795, 0.004855428491347903, 0.0048554241860270485, 0.0004225513192445585, 0.004836927393979132, 0.0, 5.1201804340156945e-08, 0.0004225920926857682, 0.00485627741492982, 0.004845410796147857, 0.00042256337950826253, 0.0, 0.004827871246187134, 0.004855418630337241, 3.125443652005452e-05, 0.0004236346198466898, 3.125413507385943e-05], [0.015337904241908201, 0.029001606573905617, 0.01642562661145665, 0.016611758153225967, 0.017777348932430152, 0.04322412151495867, 0.020308557117798883, 0.0201219571888591, 0.042711161335423485, 0.019352279037967785, 0.019966709607148147, 0.01819879904516224, 0.01685852589706968, 0.020953847292070803, 0.04782473042329282, 0.019435202134139507, 0.023228755537211584, 0.018285800526685787, 0.17536725510888576, 0.03853130526328906, 0.004827871246187134, 0.0004342560733193102, 0.00043421879337098555, 9.40321580278365e-05, 0.0004342560751861062, 0.00043421879337098555, 0.00484633212489525, 9.959039781005588e-05, 0.004827871246187134, 0.004827870817375128, 0.0048463454025884575, 0.00042382860239550426, 0.0004330404779742412, 0.004846329384975658, 0.004827871246187134, 0.0, 0.00043424566170533754, 0.00482794836596925, 0.004846413250324467, 0.0048279484253021445], [0.015151863190881196, 0.02896375427120246, 0.01623429120621281, 0.016592945374666067, 0.017692850325233447, 0.043148969622556765, 0.020218386360344346, 0.020044456981153324, 0.042656446763528984, 0.019288219359162407, 0.0198761628167728, 0.018055794651654414, 0.01674414767502571, 0.020896686202093884, 0.04788807433072447, 0.019297025999586943, 0.023132941731447376, 0.01812281435539017, 0.1753988131197545, 0.038518589568441716, 0.004855418630337241, 1.5089566045656086e-07, 1.0713912145188495e-07, 0.00042378620621581515, 1.5089566788287116e-07, 1.0713912145188495e-07, 0.004836991382770108, 0.0004225403907147813, 0.004855418630337241, 0.004855416133585198, 0.004837000572089818, 9.546613409849684e-05, 3.279206176103601e-05, 0.004836986382945724, 0.004855418630337241, 0.00043424566170533754, 0.0, 0.0048553032798384806, 0.0048368770735769786, 0.004855300721204276], [0.017021835855410707, 0.03091181776042149, 0.018138502733496858, 0.018373591750344587, 0.019661164158684317, 0.04441950117112492, 0.022727700945115628, 0.022180998065478148, 0.04362766839027228, 0.02131270790178526, 0.022478021608277048, 0.020095059972664166, 0.019006506287286604, 0.023278997961543584, 0.04957405790030404, 0.021122038020882857, 0.025183995768062056, 0.020597263746273485, 0.17641096759475794, 0.039722122049463675, 3.125443652005452e-05, 0.004855313138211861, 0.004855308836457717, 0.004827040949809961, 0.004855313138211862, 0.004855308836457717, 0.00042379359213772346, 0.0048368039015473895, 3.125443652005452e-05, 3.125462813198565e-05, 0.00042383427843764186, 0.004856160604833051, 0.004845496802449994, 0.0004238056421746996, 3.125443652005452e-05, 0.00482794836596925, 0.0048553032798384806, 0.0, 0.00042256839229764116, 1.5213791824183884e-07], [0.01687729750281027, 0.03087950572071563, 0.017997792828793265, 0.018333328638056933, 0.019562265235456233, 0.04435147262831736, 0.022637672432348595, 0.022124610660506486, 0.04354591298595802, 0.02128490412215782, 0.022400630795909367, 0.019996293170472246, 0.018926480369928566, 0.023217618894069512, 0.049630022619301876, 0.02102732444668089, 0.0251005193288041, 0.020458123381679946, 0.1764173238616078, 0.039709691938981384, 0.0004236346198466898, 0.004836885062257799, 0.004836885064856385, 0.00484549458996122, 0.004836885062257799, 0.004836885064856385, 3.125408976413799e-05, 0.004855222574044203, 0.0004236346198466898, 0.0004236060068516256, 3.125447350737705e-05, 0.004837748759768909, 0.004827030369721028, 3.125429799349582e-05, 0.0004236346198466898, 0.004846413250324467, 0.0048368770735769786, 0.00042256839229764116, 0.0, 0.0004225390014216203], [0.017021837034714396, 0.030911858601735707, 0.018138491733722027, 0.018373615067252946, 0.019661156650015183, 0.044419532954432316, 0.02272771667124424, 0.02218101104476432, 0.04362764151254901, 0.021312730953250023, 0.022478037966314337, 0.020095075573242006, 0.0190065109817314, 0.023279015914882645, 0.049574106868694075, 0.021122058262959285, 0.02518402016040792, 0.020597257903656692, 0.17641106643758844, 0.03972211897580956, 3.125413507385943e-05, 0.0048553105812617564, 0.004855306276721462, 0.004827040944616353, 0.004855310581261757, 0.004855306276721462, 0.0004237642780873978, 0.004836803899614196, 3.125413507385943e-05, 3.1254202886603604e-05, 0.00042380495560851746, 0.004856158105685737, 0.004845494237667322, 0.0004237763158457397, 3.125413507385943e-05, 0.0048279484253021445, 0.004855300721204276, 1.5213791824183884e-07, 0.0004225390014216203, 0.0]], "Angle": [[0.0, 0.055950946059409784, 0.04292935186405072, 0.07321456716779681, 0.06130157791356878, 0.0731993347674022, 0.06394888778962386, 0.047377225733630256, 0.11295720501364491, 0.056314966851099324, 0.04669030202718827, 0.03247439463253422, 0.0657983340999032, 0.08219833279855486, 0.11117452820564236, 0.06270697683468461, 0.06086600281248851, 0.04786028865270869, 0.2306089750632955, 0.0638606054078893, 0.057006991310754984, 0.05641824775199407, 0.05641828486510509, 0.05643070730965538, 0.05641824772796762, 0.05641828486510509, 0.056906446776658376, 0.05640681781870877, 0.057006991310754984, 0.05700699972261352, 0.056541780062438, 0.056414147586472646, 0.05596072864275694, 0.056906418169427236, 0.057006991310754984, 0.05690414163662454, 0.05593662579287599, 0.056982976152735225, 0.0565175867773769, 0.05698297180962087], [0.055950946059409784, 0.0, 0.04103893053297592, 0.04560008661212181, 0.05389376164821646, 0.06106018977757765, 0.045353133561161746, 0.05973224887546859, 0.0871118573474629, 0.04831879468205933, 0.034151896510053986, 0.040650838482055904, 0.04252210985850099, 0.048746054709423774, 0.08335837131954846, 0.036522699875716554, 0.06247838377740358, 0.03938114768398368, 0.22963231350102997, 0.06910944129492759, 0.04868692016499179, 0.045822542271262506, 0.045822567985738666, 0.04541662373727638, 0.04582254225904968, 0.045822567985738666, 0.048790805653809145, 0.04538278097544694, 0.04868692016499179, 0.048686932296440416, 0.048860515272909445, 0.045462607043627645, 0.04560267007931958, 0.04879081364717596, 0.04868692016499179, 0.04530906547041255, 0.04556898353113236, 0.04865987065923992, 0.0488335467174777, 0.04865988491552497], [0.04292935186405072, 0.04103893053297592, 0.0, 0.04543730773545339, 0.03207138606601314, 0.06125093046115978, 0.04366555110192146, 0.05397830240518874, 0.08964882200827438, 0.04444444573203592, 0.038518766593511666, 0.024428005875136424, 0.04505972465865732, 0.06420353709932024, 0.08689722104319036, 0.04280265000829811, 0.045638331128307154, 0.05339179331364336, 0.22604495632567967, 0.060833224979922135, 0.049701950824118525, 0.04762168297364056, 0.04762171620008908, 0.04763626048982551, 0.04762168299392605, 0.04762171620008908, 0.04930645996547304, 0.0476752111154084, 0.049701950824118525, 0.04970195775815817, 0.04949071947848577, 0.04723662893413766, 0.047415851423250784, 0.04930644210811548, 0.049701950824118525, 0.04741778920454869, 0.047454977186812866, 0.04974157089059461, 0.04953053426723105, 0.04974157334031021], [0.07321456716779681, 0.04560008661212181, 0.04543730773545339, 0.0, 0.04182546455736651, 0.051824436765541354, 0.044136782149037816, 0.060842665590513816, 0.076444999527984, 0.059428451013988116, 0.04376620748707499, 0.04725251843727739, 0.048235246386961604, 0.05407505617166918, 0.07959941973023915, 0.030270675901735263, 0.06318494567747397, 0.05800854838157156, 0.2311955634634328, 0.0588486644786076, 0.053031080970712095, 0.05093080828660685, 0.05093080564269945, 0.050736014003342135, 0.05093080830358768, 0.05093080564269945, 0.05265065345597069, 0.0507962843181927, 0.053031080970712095, 0.05303108817795397, 0.053345285475308035, 0.050766231477263044, 0.05106432864654772, 0.052650683765489495, 0.053031080970712095, 0.05037427048955735, 0.051124262748487, 0.053091612276663765, 0.053405414296780224, 0.053091638979689916], [0.06130157791356878, 0.05389376164821646, 0.03207138606601314, 0.04182546455736651, 0.0, 0.0694336224429143, 0.051056983053054054, 0.058981915664075506, 0.09209605922642433, 0.05854298963212141, 0.048155258753632975, 0.03765862307708549, 0.05948273364254967, 0.06486586231513103, 0.09807202467946126, 0.04172291572912474, 0.04552853963047459, 0.0650871509793933, 0.2169450955270613, 0.07292691974312085, 0.053249935574286256, 0.04917868191483953, 0.049178690995223096, 0.04978931706214442, 0.04917868194192133, 0.049178690995223096, 0.052084205533897074, 0.049856438510347316, 0.053249935574286256, 0.05324990471524013, 0.052833697526088096, 0.048561711513959056, 0.04934396450443622, 0.05208417466932627, 0.053249935574286256, 0.04894414251701933, 0.04941164184593798, 0.053317719453696816, 0.052902054928304014, 0.05331768813427086], [0.0731993347674022, 0.06106018977757765, 0.06125093046115978, 0.051824436765541354, 0.0694336224429143, 0.0, 0.06902429032016288, 0.07055653881417656, 0.07527005626571355, 0.0759394465827746, 0.06510646366911232, 0.058986406920645426, 0.06561760511565551, 0.08830927546558541, 0.08346632585181595, 0.05788539503493455, 0.07512754858295007, 0.067360923530845, 0.2547825504281984, 0.06368824849469566, 0.07375053879484361, 0.0723927645433716, 0.07239282231681428, 0.07215457394012954, 0.0723927645374412, 0.07239282231681428, 0.073528628994655, 0.07218676458870497, 0.07375053879484361, 0.07375058967450016, 0.0741895039198529, 0.072221718675543, 0.072603139216468, 0.0735286637761493, 0.07375053879484361, 0.07173752184343339, 0.07263516937075044, 0.07378396800878656, 0.07422268789082535, 0.07378400839680362], [0.06394888778962386, 0.045353133561161746, 0.04366555110192146, 0.044136782149037816, 0.051056983053054054, 0.06902429032016288, 0.0, 0.05676637067493243, 0.09389523497079738, 0.056738139539169896, 0.04654664442861323, 0.04285893470241961, 0.05313157407040492, 0.04859091735612081, 0.09236455553674877, 0.03930644526662546, 0.060739704266353604, 0.04827132100025173, 0.23324889923287573, 0.06306532774082903, 0.04110485874985784, 0.04019479556617951, 0.040194815804137335, 0.039697725467757274, 0.04019479558395266, 0.040194815804137335, 0.041064283991155255, 0.03973566883657096, 0.04110485874985784, 0.04110486527987397, 0.041487014033309275, 0.039640006541974866, 0.040093302196023146, 0.041064297840602955, 0.04110485874985784, 0.03919996987521173, 0.04013089094627576, 0.0411421639589743, 0.041523959689428507, 0.041142175818364685], [0.047377225733630256, 0.05973224887546859, 0.05397830240518874, 0.0608