{"Bond": [[0.0, 0.019637997941412397, 0.014334890528766886, 0.024295363762222206, 0.019497001075735362, 0.019085893839682507, 0.023270128191782303, 0.021011601046508413, 0.02068064247099441, 0.01905937088508435, 0.020981383450365636, 0.018058062686179988, 0.018794995495546127, 0.030028611502603584, 0.021589869327948433, 0.020746956384431213, 0.016642798476512854, 0.014005288602120258, 0.02303984561916036, 0.018880969680069516, 0.04705166464189265, 0.04705177465301716, 0.047051683018111856, 0.04705174719766638, 0.04705177465301716, 0.04705174719766638, 0.047051683018111856, 0.047051754285768424, 0.04705176583733525, 0.04705166464189265, 0.04705177465301716, 0.04705173899968202, 0.04705176583733525, 0.04705174719766638, 0.047051754285768424, 0.04705173899968202, 0.04705176356030451, 0.04705166464189265, 0.04705176583733525, 0.047051754285768424], [0.019637997941412397, 0.0, 0.01855004688335472, 0.013993453352563186, 0.028428259441074327, 0.013287216433798939, 0.02894971774445309, 0.03903700146118129, 0.022768572407954393, 0.028335530171993854, 0.009793347880406948, 0.022992684569342635, 0.031799941068370974, 0.03213181871278344, 0.02163113667140763, 0.033276221406682176, 0.022208781853121345, 0.020866903849674625, 0.0344003019499842, 0.02840040216279599, 0.05308527821254644, 0.05308538316535489, 0.0530853027898329, 0.05308536005423114, 0.05308538316535489, 0.05308536005423114, 0.0530853027898329, 0.053085374935491335, 0.05308538612780415, 0.05308527821254644, 0.05308538316535489, 0.053085347966122326, 0.05308538612780415, 0.05308536005423114, 0.053085374935491335, 0.053085347966122326, 0.053085384106209235, 0.05308527821254644, 0.05308538612780415, 0.053085374935491335], [0.014334890528766886, 0.01855004688335472, 0.0, 0.01801418790242595, 0.017253371257161896, 0.009477350072136442, 0.013574488713670296, 0.02056640184336564, 0.012335566047863827, 0.01702364177493742, 0.017055733363381335, 0.009981318332055256, 0.020302745273324943, 0.01907963969118678, 0.012553467910458058, 0.020604272305869472, 0.01339826026450413, 0.01635235300406941, 0.014424664774265914, 0.015268662905524989, 0.04672659738075728, 0.04672670675985747, 0.046726618688502655, 0.0467266769663218, 0.04672670675985747, 0.0467266769663218, 0.046726618688502655, 0.046726676575320855, 0.046726694623636024, 0.04672659738075728, 0.04672670675985747, 0.04672665910210572, 0.046726694623636024, 0.0467266769663218, 0.046726676575320855, 0.04672665910210572, 0.04672668528846971, 0.04672659738075728, 0.046726694623636024, 0.046726676575320855], [0.024295363762222206, 0.013993453352563186, 0.01801418790242595, 0.0, 0.0285476349011387, 0.012632265311240384, 0.01882788896336133, 0.03137343216943879, 0.020631272986361512, 0.02703441805285046, 0.015316100156048089, 0.023495481172065423, 0.030418727302132735, 0.018229484767796816, 0.012356282249060836, 0.032156458638098774, 0.027521543922912582, 0.025615358256696953, 0.023939368266833457, 0.025776645906901558, 0.05269576260719136, 0.05269585776845724, 0.052695773491361994, 0.05269583327828819, 0.05269585776845724, 0.05269583327828819, 0.052695773491361994, 0.05269586151220032, 0.05269587152838464, 0.05269576260719136, 0.05269585776845724, 0.05269582141156071, 0.05269587152838464, 0.05269583327828819, 0.05269586151220032, 0.05269582141156071, 0.0526958714029844, 0.05269576260719136, 0.05269587152838464, 0.05269586151220032], [0.019497001075735362, 0.028428259441074327, 0.017253371257161896, 0.0285476349011387, 0.0, 0.02113033099612335, 0.02584216347498989, 0.019258720290286205, 0.02335365794325008, 0.022001662915769996, 0.0296170937090276, 0.017695118077902104, 0.020309089390794843, 0.030838373146013204, 0.023901086285084125, 0.022109482604649223, 0.01903968923386954, 0.016761495728287022, 0.022028011459787025, 0.020613909626561174, 0.048807118852988746, 0.04880722355689489, 0.048807156160891804, 0.04880719318969004, 0.04880722355689489, 0.04880719318969004, 0.048807156160891804, 0.048807201812692796, 0.04880720257585838, 0.048807118852988746, 0.04880722355689489, 0.048807175062907555, 0.04880720257585838, 0.04880719318969004, 0.048807201812692796, 0.048807175062907555, 0.04880720478668964, 0.048807118852988746, 0.04880720257585838, 0.048807201812692796], [0.019085893839682507, 0.013287216433798939, 0.009477350072136442, 0.012632265311240384, 0.02113033099612335, 0.0, 0.02518032724257502, 0.03480003139887381, 0.01470626783658992, 0.022150079233312484, 0.013403489863765347, 0.013411609205777407, 0.026336024319515372, 0.02857498585568907, 0.015013285161767623, 0.02751895309298466, 0.01534549693934369, 0.017793090333591017, 0.028952239422095186, 0.022072446442626917, 0.054466367946457414, 0.05446648087510219, 0.05446640403866711, 0.0544664543227333, 0.05446648087510219, 0.0544664543227333, 0.05446640403866711, 0.05446645658021421, 0.05446647068124933, 0.054466367946457414, 0.05446648087510219, 0.05446643463970337, 0.05446647068124933, 0.0544664543227333, 0.05446645658021421, 0.05446643463970337, 0.054466463998606, 0.054466367946457414, 0.05446647068124933, 0.05446645658021421], [0.023270128191782303, 0.02894971774445309, 0.013574488713670296, 0.01882788896336133, 0.02584216347498989, 0.02518032724257502, 0.0, 0.024743943362955302, 0.008725765984310267, 0.017459661932778404, 0.01913575688633433, 0.018310583538057958, 0.022377022646009263, 0.01487825257057789, 0.017731846766520742, 0.02412804889743037, 0.018813482644381728, 0.029012232683363174, 0.013956797558051414, 0.017714787757792966, 0.050527171754363526, 0.050527264981832826, 0.05052717154476336, 0.05052723599650447, 0.050527264981832826, 0.05052723599650447, 0.05052717154476336, 0.05052723655731801, 0.050527260495230694, 0.050527171754363526, 0.050527264981832826, 0.050527217820104414, 0.050527260495230694, 0.05052723599650447, 0.05052723655731801, 0.050527217820104414, 0.0505272471313145, 0.050527171754363526, 0.050527260495230694, 0.05052723655731801], [0.021011601046508413, 0.03903700146118129, 0.02056640184336564, 0.03137343216943879, 0.019258720290286205, 0.03480003139887381, 0.024743943362955302, 0.0, 0.0213301554098476, 0.014889481281184076, 0.03394198446758531, 0.021744159724543966, 0.01157309715580494, 0.03179036358755888, 0.02554667365169866, 0.017479461838176533, 0.025024706986884044, 0.030626060421586197, 0.016613622960942945, 0.015858459313876225, 0.04966291166372278, 0.04966299966656032, 0.04966292933401855, 0.049662971670793095, 0.04966299966656032, 0.049662971670793095, 0.04966292933401855, 0.04966299856678626, 0.0496629904732387, 0.04966291166372278, 0.04966299966656032, 0.04966296059824035, 0.0496629904732387, 0.049662971670793095, 0.04966299856678626, 0.04966296059824035, 0.04966300214389806, 0.04966291166372278, 0.0496629904732387, 0.04966299856678626], [0.02068064247099441, 0.022768572407954393, 0.012335566047863827, 0.020631272986361512, 0.02335365794325008, 0.01470626783658992, 0.008725765984310267, 0.0213301554098476, 0.0, 0.012267496822031343, 0.020530033045687474, 0.01901782565846081, 0.017479211698814504, 0.0174046508793838, 0.010367558316788043, 0.017558747962046192, 0.021594137682142772, 0.018187185172955853, 0.010016028539115766, 0.012287814176241942, 0.04834171975048632, 0.048341814959306895, 0.04834172342746249, 0.04834178769657355, 0.048341814959306895, 0.04834178769657355, 0.04834172342746249, 0.048341792222697265, 0.048341810598015796, 0.04834171975048632, 0.048341814959306895, 0.048341768470939316, 0.048341810598015796, 0.04834178769657355, 0.048341792222697265, 0.048341768470939316, 0.04834180239706205, 0.04834171975048632, 0.048341810598015796, 0.048341792222697265], [0.01905937088508435, 0.028335530171993854, 0.01702364177493742, 0.02703441805285046, 0.022001662915769996, 0.022150079233312484, 0.017459661932778404, 0.014889481281184076, 0.012267496822031343, 0.0, 0.02834501647868881, 0.0230982243847695, 0.009686166595608572, 0.024439989079268788, 0.014855731914053056, 0.014441831640641717, 0.023798498214550663, 0.01917728700118942, 0.009694443697293028, 0.012787255590517646, 0.0489071865339114, 0.048907275681530374, 0.04890719290949473, 0.04890724878030706, 0.048907275681530374, 0.04890724878030706, 0.04890719290949473, 0.04890726442155514, 0.048907267475198565, 0.0489071865339114, 0.048907275681530374, 0.04890723843102422, 0.048907267475198565, 0.04890724878030706, 0.04890726442155514, 0.04890723843102422, 0.048907271794673586, 0.0489071865339114, 0.048907267475198565, 0.04890726442155514], [0.020981383450365636, 0.009793347880406948, 0.017055733363381335, 0.015316100156048089, 0.0296170937090276, 0.013403489863765347, 0.01913575688633433, 0.03394198446758531, 0.020530033045687474, 0.02834501647868881, 0.0, 0.021378921954618157, 0.03223991845786228, 0.024682077187887987, 0.02196017183535292, 0.03122258305164591, 0.021663862714402616, 0.020404344999300286, 0.02802038573552787, 0.026177890517074275, 0.048663589943141426, 0.04866369379708804, 0.04866360342539546, 0.048663668735123115, 0.04866369379708804, 0.048663668735123115, 0.04866360342539546, 0.048663679024786945, 0.048663701173573215, 0.048663589943141426, 0.04866369379708804, 0.04866365276842265, 0.048663701173573215, 0.048663668735123115, 0.048663679024786945, 0.04866365276842265, 0.04866369020706865, 0.048663589943141426, 0.048663701173573215, 0.048663679024786945], [0.018058062686179988, 0.022992684569342635, 0.009981318332055256, 0.023495481172065423, 0.017695118077902104, 0.013411609205777407, 0.018310583538057958, 0.021744159724543966, 0.01901782565846081, 0.0230982243847695, 0.021378921954618157, 0.0, 0.025139619361306664, 0.02373408332658242, 0.01931945346854919, 0.02571365155577065, 0.01496668956707122, 0.02005434096577365, 0.019680610138467, 0.02155652034685778, 0.049769017588089964, 0.04976912337952295, 0.049769050231506795, 0.04976909321029801, 0.04976912337952295, 0.04976909321029801, 0.049769050231506795, 0.04976909526511696, 0.04976910180685907, 0.049769017588089964, 0.04976912337952295, 0.04976906544117188, 0.04976910180685907, 0.04976909321029801, 0.04976909526511696, 0.04976906544117188, 0.04976909980739117, 0.049769017588089964, 0.04976910180685907, 0.04976909526511696], [0.018794995495546127, 0.031799941068370974, 0.020302745273324943, 0.030418727302132735, 0.020309089390794843, 0.026336024319515372, 0.022377022646009263, 0.01157309715580494, 0.017479211698814504, 0.009686166595608572, 0.03223991845786228, 0.025139619361306664, 0.0, 0.03004442013586226, 0.020573286108822128, 0.010207743483692005, 0.026422089382275176, 0.019419142587303085, 0.014058682107081359, 0.011496961177858705, 0.05016478323908124, 0.0501648789949642, 0.05016478957022157, 0.05016485238618062, 0.0501648789949642, 0.05016485238618062, 0.05016478957022157, 0.050164863494910394, 0.050164872047335794, 0.05016478323908124, 0.0501648789949642, 0.05016484317976571, 0.050164872047335794, 0.05016485238618062, 0.050164863494910394, 0.05016484317976571, 0.05016487237861205, 0.05016478323908124, 0.050164872047335794, 0.050164863494910394], [0.030028611502603584, 0.03213181871278344, 0.01907963969118678, 0.018229484767796816, 0.030838373146013204, 0.02857498585568907, 0.01487825257057789, 0.03179036358755888, 0.0174046508793838, 0.024439989079268788, 0.024682077187887987, 0.02373408332658242, 0.03004442013586226, 0.0, 0.018501441398096237, 0.03283860732117783, 0.025708438724386218, 0.03669190026161646, 0.018204204737608115, 0.02563424586729572, 0.04877835677370561, 0.04877843808453775, 0.048778357685652536, 0.048778411294505865, 0.04877843808453775, 0.048778411294505865, 0.048778357685652536, 0.048778417486357015, 0.048778433113051606, 0.04877835677370561, 0.04877843808453775, 0.04877839308131555, 0.048778433113051606, 0.048778411294505865, 0.048778417486357015, 0.04877839308131555, 0.04877842639884697, 0.04877835677370561, 0.048778433113051606, 0.048778417486357015], [0.021589869327948433, 0.02163113667140763, 0.012553467910458058, 0.012356282249060836, 0.023901086285084125, 0.015013285161767623, 0.017731846766520742, 0.02554667365169866, 0.010367558316788043, 0.014855731914053056, 0.02196017183535292, 0.01931945346854919, 0.020573286108822128, 0.018501441398096237, 0.0, 0.023302867068633933, 0.02414485479112576, 0.022740685461599387, 0.01669795905056138, 0.017094648818076756, 0.051579548614041994, 0.051579650147915816, 0.05157957281698474, 0.05157962477626688, 0.051579650147915816, 0.05157962477626688, 0.05157957281698474, 0.05157964735587428, 0.05157965099699565, 0.051579548614041994, 0.051579650147915816, 0.05157961027359317, 0.05157965099699565, 0.05157962477626688, 0.05157964735587428, 0.05157961027359317, 0.05157965481886712, 0.051579548614041994, 0.05157965099699565, 0.05157964735587428], [0.020746956384431213, 0.033276221406682176, 0.020604272305869472, 0.032156458638098774, 0.022109482604649223, 0.02751895309298466, 0.02412804889743037, 0.017479461838176533, 0.017558747962046192, 0.014441831640641717, 0.03122258305164591, 0.02571365155577065, 0.010207743483692005, 0.03283860732117783, 0.023302867068633933, 0.0, 0.02669461133939965, 0.01909061839926096, 0.018560553642488865, 0.007152068150103199, 0.04728766489767205, 0.04728777464117528, 0.04728767925517881, 0.04728774875769037, 0.04728777464117528, 0.04728774875769037, 0.04728767925517881, 0.04728774977889766, 0.04728777367623563, 0.04728766489767205, 0.04728777464117528, 0.04728773907539311, 0.04728777367623563, 0.04728774875769037, 0.04728774977889766, 0.04728773907539311, 0.04728776102073048, 0.04728766489767205, 0.04728777367623563, 0.04728774977889766], [0.016642798476512854, 0.022208781853121345, 0.01339826026450413, 0.027521543922912582, 0.01903968923386954, 0.01534549693934369, 0.018813482644381728, 0.025024706986884044, 0.021594137682142772, 0.023798498214550663, 0.021663862714402616, 0.01496668956707122, 0.026422089382275176, 0.025708438724386218, 0.02414485479112576, 0.02669461133939965, 0.0, 0.017072730876862244, 0.02126582534267306, 0.02414908282499279, 0.047639329220523906, 0.04763943778203241, 0.04763934582987528, 0.047639404625299635, 0.04763943778203241, 0.047639404625299635, 0.04763934582987528, 0.0476393748327448, 0.0476394047055238, 0.047639329220523906, 0.04763943778203241, 0.04763938749103744, 0.0476394047055238, 0.047639404625299635, 0.0476393748327448, 0.04763938749103744, 0.04763938365918945, 0.047639329220523906, 0.0476394047055238, 0.0476393748327448], [0.014005288602120258, 0.020866903849674625, 0.01635235300406941, 0.025615358256696953, 0.016761495728287022, 0.017793090333591017, 0.029012232683363174, 0.030626060421586197, 0.018187185172955853, 0.01917728700118942, 0.020404344999300286, 0.02005434096577365, 0.019419142587303085, 0.03669190026161646, 0.022740685461599387, 0.01909061839926096, 0.017072730876862244, 0.0, 0.030840464377675233, 0.018127280685453984, 0.052222203586215564, 0.0522223158723053, 0.05222223674005109, 0.052222290031266945, 0.0522223158723053, 0.052222290031266945, 0.05222223674005109, 0.05222229831187779, 0.052222309897066894, 0.052222203586215564, 0.0522223158723053, 0.052222276845846474, 0.052222309897066894, 0.052222290031266945, 0.05222229831187779, 0.052222276845846474, 0.05222230560966263, 0.052222203586215564, 0.052222309897066894, 0.05222229831187779], [0.02303984561916036, 0.0344003019499842, 0.014424664774265914, 0.023939368266833457, 0.022028011459787025, 0.028952239422095186, 0.013956797558051414, 0.016613622960942945, 0.010016028539115766, 0.009694443697293028, 0.02802038573552787, 0.019680610138467, 0.014058682107081359, 0.018204204737608115, 0.01669795905056138, 0.018560553642488865, 0.02126582534267306, 0.030840464377675233, 0.0, 0.012393719814143514, 0.048206527757580615, 0.0482066204144621, 0.048206534172553925, 0.04820659124522414, 0.0482066204144621, 0.04820659124522414, 0.048206534172553925, 0.0482065939807427, 0.04820660864641997, 0.048206527757580615, 0.0482066204144621, 0.048206577620426704, 0.04820660864641997, 0.04820659124522414, 0.0482065939807427, 0.048206577620426704, 0.04820660245501011, 0.048206527757580615, 0.04820660864641997, 0.0482065939807427], [0.018880969680069516, 0.02840040216279599, 0.015268662905524989, 0.025776645906901558, 0.020613909626561174, 0.022072446442626917, 0.017714787757792966, 0.015858459313876225, 0.012287814176241942, 0.012787255590517646, 0.026177890517074275, 0.02155652034685778, 0.011496961177858705, 0.02563424586729572, 0.017094648818076756, 0.007152068150103199, 0.02414908282499279, 0.018127280685453984, 0.012393719814143514, 0.0, 0.04592851948622325, 0.04592862505934213, 0.045928527204988044, 0.0459285982261383, 0.04592862505934213, 0.0459285982261383, 0.045928527204988044, 0.04592860222857584, 0.045928626714799956, 0.04592851948622325, 0.04592862505934213, 0.04592858603953005, 0.045928626714799956, 0.0459285982261383, 0.04592860222857584, 0.04592858603953005, 0.045928614019124125, 0.04592851948622325, 0.045928626714799956, 0.04592860222857584], [0.04705166464189265, 0.05308527821254644, 0.04672659738075728, 0.05269576260719136, 0.048807118852988746, 0.054466367946457414, 0.050527171754363526, 0.04966291166372278, 0.04834171975048632, 0.0489071865339114, 0.048663589943141426, 0.049769017588089964, 0.05016478323908124, 0.04877835677370561, 0.051579548614041994, 0.04728766489767205, 0.047639329220523906, 0.052222203586215564, 0.048206527757580615, 0.04592851948622325, 0.0, 1.3866431563240351e-07, 1.2149094262300638e-07, 1.172687670401248e-07, 1.3866431563240351e-07, 1.172687670401248e-07, 1.2149094262300638e-07, 1.8654200393423868e-07, 1.6296941642067395e-07, 0.0, 1.3866431563240351e-07, 1.3148338407333064e-07, 1.6296941642067395e-07, 1.172687670401248e-07, 1.8654200393423868e-07, 1.3148338407333064e-07, 1.7914842657211982e-07, 0.0, 1.6296941642067395e-07, 1.8654200393423868e-07], [0.04705177465301716, 0.05308538316535489, 0.04672670675985747, 0.05269585776845724, 0.04880722355689489, 0.05446648087510219, 0.050527264981832826, 0.04966299966656032, 0.048341814959306895, 0.048907275681530374, 0.04866369379708804, 0.04976912337952295, 0.0501648789949642, 0.04877843808453775, 0.051579650147915816, 0.04728777464117528, 0.04763943778203241, 0.0522223158723053, 0.0482066204144621, 0.04592862505934213, 1.3866431563240351e-07, 0.0, 1.6448342770098164e-07, 3.626484311338438e-08, 0.0, 3.626484311338438e-08, 1.6448342770098164e-07, 2.0769573006820903e-07, 1.1430925832131649e-07, 1.3866431563240351e-07, 0.0, 8.980304931086026e-08, 1.1430925832131649e-07, 3.626484311338438e-08, 2.0769573006820903e-07, 8.980304931086026e-08, 1.8747925953865262e-07, 1.3866431563240351e-07, 1.1430925832131649e-07, 2.0769573006820903e-07], [0.047051683018111856, 0.0530853027898329, 0.046726618688502655, 0.052695773491361994, 0.048807156160891804, 0.05446640403866711, 0.05052717154476336, 0.04966292933401855, 0.04834172342746249, 0.04890719290949473, 0.04866360342539546, 0.049769050231506795, 0.05016478957022157, 0.048778357685652536, 0.05157957281698474, 0.04728767925517881, 0.04763934582987528, 0.05222223674005109, 0.048206534172553925, 0.045928527204988044, 1.2149094262300638e-07, 1.6448342770098164e-07, 0.0, 1.4896928465462387e-07, 1.6448342770098164e-07, 1.4896928465462387e-07, 0.0, 1.66787158581171e-07, 2.0213374679038696e-07, 1.2149094262300638e-07, 1.6448342770098164e-07, 1.8553148179240223e-07, 2.0213374679038696e-07, 1.4896928465462387e-07, 1.66787158581171e-07, 1.8553148179240223e-07, 1.770286966610494e-07, 1.2149094262300638e-07, 2.0213374679038696e-07, 1.66787158581171e-07], [0.04705174719766638, 0.05308536005423114, 0.0467266769663218, 0.05269583327828819, 0.04880719318969004, 0.0544664543227333, 0.05052723599650447, 0.049662971670793095, 0.04834178769657355, 0.04890724878030706, 0.048663668735123115, 0.04976909321029801, 0.05016485238618062, 0.048778411294505865, 0.05157962477626688, 0.04728774875769037, 0.047639404625299635, 0.052222290031266945, 0.04820659124522414, 0.0459285982261383, 1.172687670401248e-07, 3.626484311338438e-08, 1.4896928465462387e-07, 0.0, 3.626484311338438e-08, 0.0, 1.4896928465462387e-07, 1.9207614567686705e-07, 1.0187503525735064e-07, 1.172687670401248e-07, 3.626484311338438e-08, 7.527618138891077e-08, 1.0187503525735064e-07, 0.0, 1.9207614567686705e-07, 7.527618138891077e-08, 1.7169305733198694e-07, 1.172687670401248e-07, 1.0187503525735064e-07, 1.9207614567686705e-07], [0.04705177465301716, 0.05308538316535489, 0.04672670675985747, 0.05269585776845724, 0.04880722355689489, 0.05446648087510219, 0.050527264981832826, 0.04966299966656032, 0.048341814959306895, 0.048907275681530374, 0.04866369379708804, 0.04976912337952295, 0.0501648789949642, 0.04877843808453775, 0.051579650147915816, 0.04728777464117528, 0.04763943778203241, 0.0522223158723053, 0.0482066204144621, 0.04592862505934213, 1.3866431563240351e-07, 0.0, 1.6448342770098164e-07, 3.626484311338438e-08, 0.0, 3.626484311338438e-08, 1.6448342770098164e-07, 2.0769573006820903e-07, 1.1430925832131649e-07, 1.3866431563240351e-07, 0.0, 8.980304931086026e-08, 1.1430925832131649e-07, 3.626484311338438e-08, 2.0769573006820903e-07, 8.980304931086026e-08, 1.8747925953865262e-07, 1.3866431563240351e-07, 1.1430925832131649e-07, 2.0769573006820903e-07], [0.04705174719766638, 0.05308536005423114, 0.0467266769663218, 0.05269583327828819, 0.04880719318969004, 0.0544664543227333, 0.05052723599650447, 0.049662971670793095, 0.04834178769657355, 0.04890724878030706, 0.048663668735123115, 0.04976909321029801, 0.05016485238618062, 0.048778411294505865, 0.05157962477626688, 0.04728774875769037, 0.047639404625299635, 0.052222290031266945, 0.04820659124522414, 0.0459285982261383, 1.172687670401248e-07, 3.626484311338438e-08, 1.4896928465462387e-07, 0.0, 3.626484311338438e-08, 0.0, 1.4896928465462387e-07, 1.9207614567686705e-07, 1.0187503525735064e-07, 1.172687670401248e-07, 3.626484311338438e-08, 7.527618138891077e-08, 1.0187503525735064e-07, 0.0, 1.9207614567686705e-07, 7.527618138891077e-08, 1.7169305733198694e-07, 1.172687670401248e-07, 1.0187503525735064e-07, 1.9207614567686705e-07], [0.047051683018111856, 0.0530853027898329, 0.046726618688502655, 0.052695773491361994, 0.048807156160891804, 0.05446640403866711, 0.05052717154476336, 0.04966292933401855, 0.04834172342746249, 0.04890719290949473, 0.04866360342539546, 0.049769050231506795, 0.05016478957022157, 0.048778357685652536, 0.05157957281698474, 0.04728767925517881, 0.04763934582987528, 0.05222223674005109, 0.048206534172553925, 0.045928527204988044, 1.2149094262300638e-07, 1.6448342770098164e-07, 0.0, 1.4896928465462387e-07, 1.6448342770098164e-07, 1.4896928465462387e-07, 0.0, 1.66787158581171e-07, 2.0213374679038696e-07, 1.2149094262300638e-07, 1.6448342770098164e-07, 1.8553148179240223e-07, 2.0213374679038696e-07, 1.4896928465462387e-07, 1.66787158581171e-07, 1.8553148179240223e-07, 1.770286966610494e-07, 1.2149094262300638e-07, 2.0213374679038696e-07, 1.66787158581171e-07], [0.047051754285768424, 0.053085374935491335, 0.046726676575320855, 0.05269586151220032, 0.048807201812692796, 0.05446645658021421, 0.05052723655731801, 0.04966299856678626, 0.048341792222697265, 0.04890726442155514, 0.048663679024786945, 0.04976909526511696, 0.050164863494910394, 0.048778417486357015, 0.05157964735587428, 0.04728774977889766, 0.0476393748327448, 0.05222229831187779, 0.0482065939807427, 0.04592860222857584, 1.8654200393423868e-07, 2.0769573006820903e-07, 1.66787158581171e-07, 1.9207614567686705e-07, 2.0769573006820903e-07, 1.9207614567686705e-07, 1.66787158581171e-07, 0.0, 1.6159041180110575e-07, 1.8654200393423868e-07, 2.0769573006820903e-07, 2.0530044713353374e-07, 1.6159041180110575e-07, 1.9207614567686705e-07, 0.0, 2.0530044713353374e-07, 3.770377144063602e-08, 1.8654200393423868e-07, 1.6159041180110575e-07, 0.0], [0.04705176583733525, 0.05308538612780415, 0.046726694623636024, 0.05269587152838464, 0.04880720257585838, 0.05446647068124933, 0.050527260495230694, 0.0496629904732387, 0.048341810598015796, 0.048907267475198565, 0.048663701173573215, 0.04976910180685907, 0.050164872047335794, 0.048778433113051606, 0.05157965099699565, 0.04728777367623563, 0.0476394047055238, 0.052222309897066894, 0.04820660864641997, 0.045928626714799956, 1.6296941642067395e-07, 1.1430925832131649e-07, 2.0213374679038696e-07, 1.0187503525735064e-07, 1.1430925832131649e-07, 1.0187503525735064e-07, 2.0213374679038696e-07, 1.6159041180110575e-07, 0.0, 1.6296941642067395e-07, 1.1430925832131649e-07, 1.0234696647174935e-07, 0.0, 1.0187503525735064e-07, 1.6159041180110575e-07, 1.0234696647174935e-07, 1.2893113685397657e-07, 1.6296941642067395e-07, 0.0, 1.6159041180110575e-07], [0.04705166464189265, 0.05308527821254644, 0.04672659738075728, 0.05269576260719136, 0.048807118852988746, 0.054466367946457414, 0.050527171754363526, 0.04966291166372278, 0.04834171975048632, 0.0489071865339114, 0.048663589943141426, 0.049769017588089964, 0.05016478323908124, 0.04877835677370561, 0.051579548614041994, 0.04728766489767205, 0.047639329220523906, 0.052222203586215564, 0.048206527757580615, 0.04592851948622325, 0.0, 1.3866431563240351e-07, 1.2149094262300638e-07, 1.172687670401248e-07, 1.3866431563240351e-07, 1.172687670401248e-07, 1.2149094262300638e-07, 1.8654200393423868e-07, 1.6296941642067395e-07, 0.0, 1.3866431563240351e-07, 1.3148338407333064e-07, 1.6296941642067395e-07, 1.172687670401248e-07, 1.8654200393423868e-07, 1.3148338407333064e-07, 1.7914842657211982e-07, 0.0, 1.6296941642067395e-07, 1.8654200393423868e-07], [0.04705177465301716, 0.05308538316535489, 0.04672670675985747, 0.05269585776845724, 0.04880722355689489, 0.05446648087510219, 0.050527264981832826, 0.04966299966656032, 0.048341814959306895, 0.048907275681530374, 0.04866369379708804, 0.04976912337952295, 0.0501648789949642, 0.04877843808453775, 0.051579650147915816, 0.04728777464117528, 0.04763943778203241, 0.0522223158723053, 0.0482066204144621, 0.04592862505934213, 1.3866431563240351e-07, 0.0, 1.6448342770098164e-07, 3.626484311338438e-08, 0.0, 3.626484311338438e-08, 1.6448342770098164e-07, 2.0769573006820903e-07, 1.1430925832131649e-07, 1.3866431563240351e-07, 0.0, 8.980304931086026e-08, 1.1430925832131649e-07, 3.626484311338438e-08, 2.0769573006820903e-07, 8.980304931086026e-08, 1.8747925953865262e-07, 1.3866431563240351e-07, 1.1430925832131649e-07, 2.0769573006820903e-07], [0.04705173899968202, 0.053085347966122326, 0.04672665910210572, 0.05269582141156071, 0.048807175062907555, 0.05446643463970337, 0.050527217820104414, 0.04966296059824035, 0.048341768470939316, 0.04890723843102422, 0.04866365276842265, 0.04976906544117188, 0.05016484317976571, 0.04877839308131555, 0.05157961027359317, 0.04728773907539311, 0.04763938749103744, 0.052222276845846474, 0.048206577620426704, 0.04592858603953005, 1.3148338407333064e-07, 8.980304931086026e-08, 1.8553148179240223e-07, 7.527618138891077e-08, 8.980304931086026e-08, 7.527618138891077e-08, 1.8553148179240223e-07, 2.0530044713353374e-07, 1.0234696647174935e-07, 1.3148338407333064e-07, 8.980304931086026e-08, 0.0, 1.0234696647174935e-07, 7.527618138891077e-08, 2.0530044713353374e-07, 0.0, 1.8090880957074172e-07, 1.3148338407333064e-07, 1.0234696647174935e-07, 2.0530044713353374e-07], [0.04705176583733525, 0.05308538612780415, 0.046726694623636024, 0.05269587152838464, 0.04880720257585838, 0.05446647068124933, 0.050527260495230694, 0.0496629904732387, 0.048341810598015796, 0.048907267475198565, 0.048663701173573215, 0.04976910180685907, 0.050164872047335794, 0.048778433113051606, 0.05157965099699565, 0.04728777367623563, 0.0476394047055238, 0.052222309897066894, 0.04820660864641997, 0.045928626714799956, 1.6296941642067395e-07, 1.1430925832131649e-07, 2.0213374679038696e-07, 1.0187503525735064e-07, 1.1430925832131649e-07, 1.0187503525735064e-07, 2.0213374679038696e-07, 1.6159041180110575e-07, 0.0, 1.6296941642067395e-07, 1.1430925832131649e-07, 1.0234696647174935e-07, 0.0, 1.0187503525735064e-07, 1.6159041180110575e-07, 1.0234696647174935e-07, 1.2893113685397657e-07, 1.6296941642067395e-07, 0.0, 1.6159041180110575e-07], [0.04705174719766638, 0.05308536005423114, 0.0467266769663218, 0.05269583327828819, 0.04880719318969004, 0.0544664543227333, 0.05052723599650447, 0.049662971670793095, 0.04834178769657355, 0.04890724878030706, 0.048663668735123115, 0.04976909321029801, 0.05016485238618062, 0.048778411294505865, 0.05157962477626688, 0.04728774875769037, 0.047639404625299635, 0.052222290031266945, 0.04820659124522414, 0.0459285982261383, 1.172687670401248e-07, 3.626484311338438e-08, 1.4896928465462387e-07, 0.0, 3.626484311338438e-08, 0.0, 1.4896928465462387e-07, 1.9207614567686705e-07, 1.0187503525735064e-07, 1.172687670401248e-07, 3.626484311338438e-08, 7.527618138891077e-08, 1.0187503525735064e-07, 0.0, 1.9207614567686705e-07, 7.527618138891077e-08, 1.7169305733198694e-07, 1.172687670401248e-07, 1.0187503525735064e-07, 1.9207614567686705e-07], [0.047051754285768424, 0.053085374935491335, 0.046726676575320855, 0.05269586151220032, 0.048807201812692796, 0.05446645658021421, 0.05052723655731801, 0.04966299856678626, 0.048341792222697265, 0.04890726442155514, 0.048663679024786945, 0.04976909526511696, 0.050164863494910394, 0.048778417486357015, 0.05157964735587428, 0.04728774977889766, 0.0476393748327448, 0.05222229831187779, 0.0482065939807427, 0.04592860222857584, 1.8654200393423868e-07, 2.0769573006820903e-07, 1.66787158581171e-07, 1.9207614567686705e-07, 2.0769573006820903e-07, 1.9207614567686705e-07, 1.66787158581171e-07, 0.0, 1.6159041180110575e-07, 1.8654200393423868e-07, 2.0769573006820903e-07, 2.0530044713353374e-07, 1.6159041180110575e-07, 1.9207614567686705e-07, 0.0, 2.0530044713353374e-07, 3.770377144063602e-08, 1.8654200393423868e-07, 1.6159041180110575e-07, 0.0], [0.04705173899968202, 0.053085347966122326, 0.04672665910210572, 0.05269582141156071, 0.048807175062907555, 0.05446643463970337, 0.050527217820104414, 0.04966296059824035, 0.048341768470939316, 0.04890723843102422, 0.04866365276842265, 0.04976906544117188, 0.05016484317976571, 0.04877839308131555, 0.05157961027359317, 0.04728773907539311, 0.04763938749103744, 0.052222276845846474, 0.048206577620426704, 0.04592858603953005, 1.3148338407333064e-07, 8.980304931086026e-08, 1.8553148179240223e-07, 7.527618138891077e-08, 8.980304931086026e-08, 7.527618138891077e-08, 1.8553148179240223e-07, 2.0530044713353374e-07, 1.0234696647174935e-07, 1.3148338407333064e-07, 8.980304931086026e-08, 0.0, 1.0234696647174935e-07, 7.527618138891077e-08, 2.0530044713353374e-07, 0.0, 1.8090880957074172e-07, 1.3148338407333064e-07, 1.0234696647174935e-07, 2.0530044713353374e-07], [0.04705176356030451, 0.053085384106209235, 0.04672668528846971, 0.0526958714029844, 0.04880720478668964, 0.054466463998606, 0.0505272471313145, 0.04966300214389806, 0.04834180239706205, 0.048907271794673586, 0.04866369020706865, 0.04976909980739117, 0.05016487237861205, 0.04877842639884697, 0.05157965481886712, 0.04728776102073048, 0.04763938365918945, 0.05222230560966263, 0.04820660245501011, 0.045928614019124125, 1.7914842657211982e-07, 1.8747925953865262e-07, 1.770286966610494e-07, 1.7169305733198694e-07, 1.8747925953865262e-07, 1.7169305733198694e-07, 1.770286966610494e-07, 3.770377144063602e-08, 1.2893113685397657e-07, 1.7914842657211982e-07, 1.8747925953865262e-07, 1.8090880957074172e-07, 1.2893113685397657e-07, 1.7169305733198694e-07, 3.770377144063602e-08, 1.8090880957074172e-07, 0.0, 1.7914842657211982e-07, 1.2893113685397657e-07, 3.770377144063602e-08], [0.04705166464189265, 0.05308527821254644, 0.04672659738075728, 0.05269576260719136, 0.048807118852988746, 0.054466367946457414, 0.050527171754363526, 0.04966291166372278, 0.04834171975048632, 0.0489071865339114, 0.048663589943141426, 0.049769017588089964, 0.05016478323908124, 0.04877835677370561, 0.051579548614041994, 0.04728766489767205, 0.047639329220523906, 0.052222203586215564, 0.048206527757580615, 0.04592851948622325, 0.0, 1.3866431563240351e-07, 1.2149094262300638e-07, 1.172687670401248e-07, 1.3866431563240351e-07, 1.172687670401248e-07, 1.2149094262300638e-07, 1.8654200393423868e-07, 1.6296941642067395e-07, 0.0, 1.3866431563240351e-07, 1.3148338407333064e-07, 1.6296941642067395e-07, 1.172687670401248e-07, 1.8654200393423868e-07, 1.3148338407333064e-07, 1.7914842657211982e-07, 0.0, 1.6296941642067395e-07, 1.8654200393423868e-07], [0.04705176583733525, 0.05308538612780415, 0.046726694623636024, 0.05269587152838464, 0.04880720257585838, 0.05446647068124933, 0.050527260495230694, 0.0496629904732387, 0.048341810598015796, 0.048907267475198565, 0.048663701173573215, 0.04976910180685907, 0.050164872047335794, 0.048778433113051606, 0.05157965099699565, 0.04728777367623563, 0.0476394047055238, 0.052222309897066894, 0.04820660864641997, 0.045928626714799956, 1.6296941642067395e-07, 1.1430925832131649e-07, 2.0213374679038696e-07, 1.0187503525735064e-07, 1.1430925832131649e-07, 1.0187503525735064e-07, 2.0213374679038696e-07, 1.6159041180110575e-07, 0.0, 1.6296941642067395e-07, 1.1430925832131649e-07, 1.0234696647174935e-07, 0.0, 1.0187503525735064e-07, 1.6159041180110575e-07, 1.0234696647174935e-07, 1.2893113685397657e-07, 1.6296941642067395e-07, 0.0, 1.6159041180110575e-07], [0.047051754285768424, 0.053085374935491335, 0.046726676575320855, 0.05269586151220032, 0.048807201812692796, 0.05446645658021421, 0.05052723655731801, 0.04966299856678626, 0.048341792222697265, 0.04890726442155514, 0.048663679024786945, 0.04976909526511696, 0.050164863494910394, 0.048778417486357015, 0.05157964735587428, 0.04728774977889766, 0.0476393748327448, 0.05222229831187779, 0.0482065939807427, 0.04592860222857584, 1.8654200393423868e-07, 2.0769573006820903e-07, 1.66787158581171e-07, 1.9207614567686705e-07, 2.0769573006820903e-07, 1.9207614567686705e-07, 1.66787158581171e-07, 0.0, 1.6159041180110575e-07, 1.8654200393423868e-07, 2.0769573006820903e-07, 2.0530044713353374e-07, 1.6159041180110575e-07, 1.9207614567686705e-07, 0.0, 2.0530044713353374e-07, 3.770377144063602e-08, 1.8654200393423868e-07, 1.6159041180110575e-07, 0.0]], "Angle": [[0.0, 0.04713044849726911, 0.054528701255881724, 0.05273273885445399, 0.03704310437879128, 0.04894043697114941, 0.06011236950090588, 0.04407772582521599, 0.03468216068523554, 0.04334419378826456, 0.050345568427059756, 0.041662641797695806, 0.04313960563282092, 0.058085376130265834, 0.04503178145714172, 0.060339467863603634, 0.04695541422451991, 0.05339964389802933, 0.05858012805014962, 0.06008683684888284, 0.06541502742156317, 0.06541502988191232, 0.06541505767745331, 0.06541500763531996, 0.06541502988191232, 0.06541500763531996, 0.06541505767745331, 0.06541501170262567, 0.06541496718926523, 0.06541502742156317, 0.06541502988191232, 0.06541497039623406, 0.06541496718926523, 0.06541500763531996, 0.06541501170262567, 0.06541497039623406, 0.06541503526975688, 0.06541502742156317, 0.06541496718926523, 0.06541501170262567], [0.04713044849726911, 0.0, 0.06790595875182304, 0.0635650829900151, 0.055590486811054704, 0.039218980735885936, 0.06779951723647959, 0.07863093989453294, 0.057854340480012256, 0.07048516378953364, 0.05410987235540312, 0.059583601866478805, 0.07411449638281367, 0.059788372304309584, 0.05849254583351397, 0.07943658932494513, 0.05269464805513889, 0.058721278565488526, 0.07313906654380488, 0.07830071394932882, 0.07682474001926286, 0.07682476800847414, 0.07682479212622842, 0.07682475125386161, 0.07682476800847414, 0.07682475125386161, 0.07682479212622842, 0.07682472009115167, 0.07682467486575888, 0.07682474001926286, 0.07682476800847414, 0.07682467737884995, 0.07682467486575888, 0.07682475125386161, 0.07682472009115167, 0.07682467737884995, 0.07682473750215979, 0.07682474001926286, 0.07682467486575888, 0.07682472009115167], [0.054528701255881724, 0.06790595875182304, 0.0, 0.046012587080142886, 0.055860829378932504, 0.05878987718395369, 0.04627346128306049, 0.06143239369412001, 0.056873694172426485, 0.061633390313942125, 0.06393335395569898, 0.03639063235785423, 0.06563280476605232, 0.05471133373301619, 0.04302403330765944, 0.06402744591835956, 0.02766202140019523, 0.08257944875639574, 0.05598638615255297, 0.055189436939095046, 0.07375250885615643, 0.07375252067731518, 0.07375254547126427, 0.07375249899563394, 0.07375252067731518, 0.07375249899563394, 0.07375254547126427, 0.07375247541294856, 0.07375241789118664, 0.07375250885615643, 0.07375252067731518, 0.07375239398875633, 0.07375241789118664, 0.07375249899563394, 0.07375247541294856, 0.07375239398875633, 0.07375249511560933, 0.07375250885615643, 0.07375241789118664, 0.07375247541294856], [0.05273273885445399, 0.0635650829900151, 0.046012587080142886, 0.0, 0.06742250028721494, 0.04574290484460614, 0.060089211214491525, 0.07884029430335837, 0.0591741860282492, 0.07982604888770993, 0.03503018946687176, 0.03695245051542114, 0.06544475804831254, 0.055814624524295885, 0.06994394560478237, 0.0729820198479552, 0.03281053804598199, 0.06462246998360519, 0.07170443246119959, 0.06824750483662652, 0.07493924278990646, 0.07493926810965311, 0.07493929758755367, 0.07493925187511173, 0.07493926810965311, 0.07493925187511173, 0.07493929758755367, 0.07493921432950318, 0.07493914525284098, 0.07493924278990646, 0.07493926810965311, 0.07493912931713159, 0.07493914525284098, 0.07493925187511173, 0.07493921432950318, 0.07493912931713159, 0.0749392326694507, 0.07493924278990646, 0.07493914525284098, 0.07493921432950318], [0.03704310437879128, 0.055590486811054704, 0.055860829378932504, 0.06742250028721494, 0.0, 0.05142688130771212, 0.07009016528537905, 0.043766408818823634, 0.05308430750356571, 0.04968551650709111, 0.07253367527820577, 0.06438193198772033, 0.05732226390340552, 0.06886715779147741, 0.044897104128894444, 0.0712501922381417, 0.05227948720200308, 0.0671537531333993, 0.06174379347396369, 0.07462677423190742, 0.08064469409248566, 0.08064470506860683, 0.08064472909638966, 0.08064468297846376, 0.08064470506860683, 0.08064468297846376, 0.08064472909638966, 0.08064469535481, 0.0806446559901379, 0.08064469409248566, 0.08064470506860683, 0.0806446519314054, 0.0806446559901379, 0.08064468297846376, 0.08064469535481, 0.0806446519314054, 0.08064471811828854, 0.08064469409248566, 0.0806446559901379, 0.08064469535481], [0.04894043697114941, 0.039218980735885936, 0.05878987718395369, 0.04574290484460614, 0.05142688130771212, 0.0, 0.0682023055241765, 0.07687653966881736, 0.056147762746783944, 0.07621710115682431, 0.0435810978140535, 0.05895571900102772, 0.07258004424364697, 0.052075541998494956, 0.06596773226934628, 0.0825448398146882, 0.04196512214166201, 0.0652744688588922, 0.0732131178523356, 0.08110121739371207, 0.08142132319700035, 0.08142134237726789, 0.08142136813858236, 0.0814213262306104, 0.08142134237726789, 0.0814213262306104, 0.08142136813858236, 0.0814212930507195, 0.08142123747246108, 0.08142132319700035, 0.08142134237726789, 0.08142123248739792, 0.08142123747246108, 0.0814213262306104, 0.0814212930507195, 0.08142123248739792, 0.08142131613915185, 0.08142132319700035, 0.08142123747246108, 0.0814212930507195], [0.06011236950090588, 0.06779951723647959, 0.04627346128306049, 0.060089211214491525, 0.07009016528537905, 0.0682023055241765, 0.0, 0.06849566398417117, 0.04287582732597236, 0.05451202417095589, 0.0637557527103647, 0.0535265444300495, 0.05323066309606859, 0.04321082244376773, 0.05087354079002398, 0.04679611144417457, 0.04041529256425046, 0.07399963382036437, 0.057351855124158836, 0.04420366712265138, 0.07466642146694566, 0.07466639951824801, 0.0746664137164568, 0.07466637860972873, 0.07466639951824801, 0.07466637860972873, 0.0746664137164568, 0.0746663562566574, 0.07466629859409415, 0.07466642146694566, 0.07466639951824801, 0.07466626988714112, 0.07466629859409415, 0.07466637860972873, 0.0746663562566574, 0.07466626988714112, 0.07466637673029221, 0.07466642146694566, 0.07466629859409415, 0.0746663562566574], [0.04407772582521599, 0.07863093989453294, 0.06143239369412001, 0.07884029430335837, 0.043766408818823634, 0.07687653966881736, 0.06849566398417117, 0.0, 0.04806163309771488, 0.025639025425857442, 0.08262943611295975, 0.06481188166041307, 0.04183140911252678, 0.07708392561232863, 0.04355784477308486, 0.06132287270734256, 0.060607239778800