{"Bond": [[0.0, 0.018690304171364844, 0.014195286336634418, 0.013707941598715063, 0.017190560743608193, 0.015925627660246678, 0.01851928113126263, 0.014143053369346868, 0.00999321933877358, 0.018577618792512823, 0.013071008101090876, 0.010954330468816045, 0.011368930350698282, 0.01260115269733875, 0.01680436310423436, 0.015201142701527894, 0.016716913991977726, 0.014035040027696524, 0.009482841870196738, 0.014465748799273034, 0.029841228901430816, 0.033534423230322075, 0.027393875701325565, 0.03353439013602712, 0.029841274548234972, 0.033534411053936466, 0.029841274548234972, 0.03353442819956644, 0.03353439937921852, 0.029330678376996842, 0.02739383348376105, 0.03353447814309917, 0.027393833422976795, 0.02933064571601122, 0.029330579124567848, 0.029841274548234972, 0.029330616277210984, 0.033534427300861286, 0.03353442050030534, 0.033491026217689866], [0.018690304171364844, 0.0, 0.02239787648000442, 0.019221623696480766, 0.02380048738428476, 0.020098051883810093, 0.024631407017254026, 0.017502122164727237, 0.02152627655407633, 0.016308455581223267, 0.01178118733802591, 0.015624062828673176, 0.013811008710687332, 0.018075671337426068, 0.01326354539625013, 0.017847758468736576, 0.0210302345242703, 0.020165054209586194, 0.017188859342868013, 0.017603499350498944, 0.029785143461940992, 0.03180699089875237, 0.027708412440482222, 0.031806998857743456, 0.029785136281110337, 0.03180701611222336, 0.029785136281110337, 0.031807000865828064, 0.03180698805902502, 0.027933184417916507, 0.02770841355725842, 0.03180704224527372, 0.02770835988287969, 0.027933163387681294, 0.02793312281337706, 0.029785136281110337, 0.0279331169179737, 0.031806990484011435, 0.03180700533506815, 0.03178012206112806], [0.014195286336634418, 0.02239787648000442, 0.0, 0.01647925533404106, 0.02391659489017403, 0.01697861735665849, 0.012149453442344945, 0.014510962990877256, 0.008411874600996017, 0.016735798475585695, 0.016810509599166853, 0.010075674590713958, 0.01373509685360171, 0.016921198499125413, 0.02202771071541753, 0.012815419885116747, 0.01659066161884879, 0.015691213457648998, 0.01830760390769304, 0.011623293828649649, 0.028348876094385893, 0.033237129120950275, 0.026852893805435638, 0.03323710266928502, 0.028348927480464296, 0.03323709403257133, 0.028348927480464296, 0.03323713463254759, 0.03323710509543213, 0.029982453274946502, 0.026852850894352114, 0.03323717074411145, 0.026852894048838945, 0.02998243025448258, 0.029982395864824155, 0.028348927480464296, 0.029982399711983274, 0.03323713539460436, 0.03323711754097881, 0.03323849791520314], [0.013707941598715063, 0.019221623696480766, 0.01647925533404106, 0.0, 0.026238417640047577, 0.01693282876443014, 0.016445526767046328, 0.017209180440045588, 0.011189804223302931, 0.019243080797562536, 0.011589126504624122, 0.015826615204105353, 0.014967485823788401, 0.016281453660900464, 0.015720750223719028, 0.01878356002303353, 0.011446674990508004, 0.01720160449493628, 0.01909591099863633, 0.01850134755215396, 0.03284103613495313, 0.03393169832292843, 0.03217638736318974, 0.03393165650923859, 0.03284104109081632, 0.033931649004864076, 0.03284104109081632, 0.03393167810678067, 0.03393165189023714, 0.03161630203097474, 0.032176350285446416, 0.033931733244759996, 0.032176367662847816, 0.03161626637984897, 0.03161619157335462, 0.03284104109081632, 0.0316162246746928, 0.03393169862548151, 0.03393167792504748, 0.03392074603975145], [0.017190560743608193, 0.02380048738428476, 0.02391659489017403, 0.026238417640047577, 0.0, 0.027141559612815218, 0.024626566244458744, 0.020639121187464096, 0.021490901968086746, 0.023350096298924348, 0.022262097742946445, 0.019008601361477157, 0.01732086362822629, 0.01629095060243941, 0.020243197763997797, 0.023100584180820956, 0.02567734630058294, 0.02376372101582139, 0.017242649174153385, 0.024510152797949422, 0.03669273583571638, 0.03995863513812745, 0.03249207343615682, 0.039958627014673564, 0.03669279747178505, 0.0399586687666028, 0.03669279747178505, 0.03995865121603972, 0.03995864440742444, 0.034139860099158426, 0.032492054887462415, 0.03995869178333985, 0.03249202562160584, 0.03413982396465795, 0.03413978646396412, 0.03669279747178505, 0.03413980400170289, 0.03995864057354405, 0.03995865154814224, 0.039936961249204726], [0.015925627660246678, 0.020098051883810093, 0.01697861735665849, 0.01693282876443014, 0.027141559612815218, 0.0, 0.022712038569944335, 0.011172811447323178, 0.015059522433534069, 0.015281114081546993, 0.016024146201395886, 0.013008491062100093, 0.01995242735221765, 0.017829763198085127, 0.01973686241400733, 0.014612945773779579, 0.01430412402884049, 0.011881793272462528, 0.019563790251143, 0.013108486771690653, 0.029168516370534296, 0.0331853794146961, 0.0272233392786769, 0.033185351954181146, 0.029168539528679965, 0.033185366637317415, 0.029168539528679965, 0.03318539261422272, 0.033185357146848136, 0.02947265124047425, 0.02722332051876402, 0.033185429829229944, 0.02722331229146725, 0.02947262906419243, 0.02947254663069177, 0.029168539528679965, 0.029472567392485403, 0.03318538101438169, 0.03318536765058031, 0.033206986166851596], [0.01851928113126263, 0.024631407017254026, 0.012149453442344945, 0.016445526767046328, 0.024626566244458744, 0.022712038569944335, 0.0, 0.017534896461622228, 0.013096931120796932, 0.019995230587605547, 0.019720000390005647, 0.014644128210941394, 0.015442776660804404, 0.015663865236420174, 0.0214153199724823, 0.014713271135865952, 0.018256730733525867, 0.017937704829671396, 0.021957452423284514, 0.018709551525057988, 0.033086340845125295, 0.035161166952613364, 0.03255731183646922, 0.03516113741989267, 0.03308638726749459, 0.035161136380048794, 0.03308638726749459, 0.03516116031419925, 0.035161144078209645, 0.03292129539625764, 0.03255728103437837, 0.0351612112625506, 0.03255731205984416, 0.03292124774599505, 0.032921219346656275, 0.03308638726749459, 0.03292122545902577, 0.035161173340270906, 0.03516115164962615, 0.035214121947239774], [0.014143053369346868, 0.017502122164727237, 0.014510962990877256, 0.017209180440045588, 0.020639121187464096, 0.011172811447323178, 0.017534896461622228, 0.0, 0.01256613942359673, 0.011960336404625679, 0.01587361369292422, 0.008412511233155208, 0.016023999690004054, 0.014870195951659986, 0.016984981652982723, 0.010605743512924657, 0.017349933449362854, 0.00746252293962742, 0.014068911710735895, 0.011153218133982463, 0.023640050714011575, 0.02560328391087259, 0.02317141012563006, 0.025603266539579596, 0.023640099900453196, 0.02560328196383167, 0.023640099900453196, 0.025603292509688805, 0.025603268076144867, 0.023347183201488833, 0.023171400721573678, 0.025603340549389484, 0.023171384294698984, 0.02334713616403085, 0.023347077917864972, 0.023640099900453196, 0.023347076941915693, 0.025603288692169653, 0.025603273998424624, 0.025634920760856054], [0.00999321933877358, 0.02152627655407633, 0.008411874600996017, 0.011189804223302931, 0.021490901968086746, 0.015059522433534069, 0.013096931120796932, 0.01256613942359673, 0.0, 0.01780108769094816, 0.014625760715584973, 0.010784076875267543, 0.013881656104242971, 0.014439666157892321, 0.019534923611743717, 0.014572712676486379, 0.013488983397461728, 0.013337417800672784, 0.015750860441938616, 0.013992390669215978, 0.030399910275072495, 0.033695325756746525, 0.02628778091048867, 0.03369528562837144, 0.030399945751123154, 0.0336952814095208, 0.030399945751123154, 0.03369531755584719, 0.0336952894807317, 0.027873057322415743, 0.026287734307900885, 0.03369535933041513, 0.026287771968361698, 0.02787302479127565, 0.027872962453445664, 0.030399945751123154, 0.0278729903737831, 0.033695329379340354, 0.033695306420738355, 0.0336897841586414], [0.018577618792512823, 0.016308455581223267, 0.016735798475585695, 0.019243080797562536, 0.023350096298924348, 0.015281114081546993, 0.019995230587605547, 0.011960336404625679, 0.01780108769094816, 0.0, 0.013663286584496769, 0.011208290220890288, 0.014514658638752138, 0.018811903777421538, 0.013029273908023447, 0.015616265982582289, 0.01720974102876829, 0.017342240351179785, 0.018602446924136196, 0.014114042296964545, 0.035167447187608586, 0.04013025296667316, 0.031663637572839846, 0.040130252855629434, 0.035167482286087404, 0.040130253246759506, 0.035167482286087404, 0.040130268653259166, 0.04013024188116135, 0.03510790117342675, 0.03166363202219085, 0.040130302065916224, 0.03166361138263337, 0.0351078748161742, 0.03510783721566883, 0.035167482286087404, 0.03510781403581834, 0.04013025696437412, 0.040130250747100325, 0.04012299343262532], [0.013071008101090876, 0.01178118733802591, 0.016810509599166853, 0.011589126504624122, 0.022262097742946445, 0.016024146201395886, 0.019720000390005647, 0.01587361369292422, 0.014625760715584973, 0.013663286584496769, 0.0, 0.011637540425163346, 0.009747974251357285, 0.014404137656173151, 0.01084732052245589, 0.016478619522874324, 0.011919853387510405, 0.019030354296088032, 0.01635490409056462, 0.01712100813830712, 0.03243066716835892, 0.035856411048808656, 0.031093044079154794, 0.03585639490674521, 0.03243067082151567, 0.035856400467228655, 0.03243067082151567, 0.03585641469259202, 0.0358563877602508, 0.03276736765104253, 0.031093019901642874, 0.035856459760877764, 0.031093004570343596, 0.032767345660158965, 0.032767286414743385, 0.03243067082151567, 0.03276730398840769, 0.03585641163414513, 0.035856411340828884, 0.03581915413406289], [0.010954330468816045, 0.015624062828673176, 0.010075674590713958, 0.015826615204105353, 0.019008601361477157, 0.013008491062100093, 0.014644128210941394, 0.008412511233155208, 0.010784076875267543, 0.011208290220890288, 0.011637540425163346, 0.0, 0.009942962232691366, 0.011606687656297467, 0.0156718266801332, 0.0072614355887432635, 0.015080640981343707, 0.011859934373131155, 0.012849676099623605, 0.01037144014145855, 0.026948080042702306, 0.029338482819171872, 0.025464571569050264, 0.029338464067513316, 0.026948125187587362, 0.02933848049459557, 0.026948125187587362, 0.02933849235742232, 0.029338467869962657, 0.02602634557112938, 0.025464549366485744, 0.029338539301500766, 0.02546454058745131, 0.026026309302413245, 0.02602626453966088, 0.026948125187587362, 0.026026271701857225, 0.029338488267706218, 0.02933847969480068, 0.029340339565311253], [0.011368930350698282, 0.013811008710687332, 0.01373509685360171, 0.014967485823788401, 0.01732086362822629, 0.01995242735221765, 0.015442776660804404, 0.016023999690004054, 0.013881656104242971, 0.014514658638752138, 0.009747974251357285, 0.009942962232691366, 0.0, 0.012194444048851236, 0.01219099229331463, 0.014517557177183818, 0.016619630870378006, 0.018416855996983644, 0.013657794783047903, 0.01498211073386443, 0.02911157025944457, 0.028653178433975312, 0.030621328698609073, 0.02865316616473676, 0.029111610559315274, 0.028653182097556195, 0.029111610559315274, 0.028653177169149825, 0.028653166378896082, 0.029274257032005684, 0.030621301401038078, 0.028653237128856947, 0.030621292549867354, 0.029274222011253626, 0.029274187010652118, 0.029111610559315274, 0.029274195038557403, 0.02865318404352848, 0.02865318846888204, 0.028614943936268178], [0.01260115269733875, 0.018075671337426068, 0.016921198499125413, 0.016281453660900464, 0.01629095060243941, 0.017829763198085127, 0.015663865236420174, 0.014870195951659986, 0.014439666157892321, 0.018811903777421538, 0.014404137656173151, 0.011606687656297467, 0.012194444048851236, 0.0, 0.015486273362636272, 0.012820952136047148, 0.014340610676875894, 0.016029289643750652, 0.017560363008730068, 0.0182004415915441, 0.030395807714826518, 0.035874297778437446, 0.030427711646671303, 0.03587427979213955, 0.030395844682537133, 0.03587432150339231, 0.030395844682537133, 0.035874317612383216, 0.03587430242502431, 0.03414671638227072, 0.030427690171895085, 0.03587436734886503, 0.030427673156663032, 0.03414668168070648, 0.03414662533551376, 0.030395844682537133, 0.03414665724267531, 0.035874301029764986, 0.03587430958101143, 0.035917309320085404], [0.01680436310423436, 0.01326354539625013, 0.02202771071541753, 0.015720750223719028, 0.020243197763997797, 0.01973686241400733, 0.0214153199724823, 0.016984981652982723, 0.019534923611743717, 0.013029273908023447, 0.01084732052245589, 0.0156718266801332, 0.01219099229331463, 0.015486273362636272, 0.0, 0.01983227170431263, 0.016516773263801687, 0.02018587105054106, 0.01794027963024792, 0.019706439816343988, 0.036797464835486016, 0.03831732384280146, 0.03574399957871459, 0.03831731701807188, 0.03679748711899291, 0.03831733431345867, 0.03679748711899291, 0.038317327414993954, 0.038317311861454616, 0.03558098130241161, 0.03574398961626729, 0.038317379017071, 0.03574395604249124, 0.03558094450889489, 0.03558088933117807, 0.03679748711899291, 0.03558089161987733, 0.03831732586561381, 0.03831732847597476, 0.03830012536074287], [0.015201142701527894, 0.017847758468736576, 0.012815419885116747, 0.01878356002303353, 0.023100584180820956, 0.014612945773779579, 0.014713271135865952, 0.010605743512924657, 0.014572712676486379, 0.015616265982582289, 0.016478619522874324, 0.0072614355887432635, 0.014517557177183818, 0.012820952136047148, 0.01983227170431263, 0.0, 0.018498275193821575, 0.010894683181682385, 0.01633080326643182, 0.011637855519874157, 0.02725715376032088, 0.030757798024059042, 0.024727409704262147, 0.030757780288107134, 0.027257196845364366, 0.03075780617936197, 0.027257196845364366, 0.03075781467083049, 0.030757791728995645, 0.0264208032376226, 0.024727395782153903, 0.030757859705878608, 0.024727381804514895, 0.026420762437199402, 0.0264207257046475, 0.027257196845364366, 0.026420733070330008, 0.030757803562524333, 0.03075779494185694, 0.030807862876336713], [0.016716913991977726, 0.0210302345242703, 0.01659066161884879, 0.011446674990508004, 0.02567734630058294, 0.01430412402884049, 0.018256730733525867, 0.017349933449362854, 0.013488983397461728, 0.01720974102876829, 0.011919853387510405, 0.015080640981343707, 0.016619630870378006, 0.014340610676875894, 0.016516773263801687, 0.018498275193821575, 0.0, 0.019755880977606784, 0.023594920342164653, 0.019980725568581176, 0.03368458462021032, 0.036355377348276846, 0.03463947629478811, 0.036355345945922796, 0.03368459293190515, 0.03635535355341292, 0.03368459293190515, 0.036355377668716986, 0.03635535221669799, 0.03569059734836241, 0.034639446526270136, 0.03635542373813804, 0.03463945743567256, 0.035690574039907594, 0.03569049800887596, 0.03368459293190515, 0.035690529595544404, 0.0363553778779926, 0.036355369502577076, 0.0363795998432256], [0.014035040027696524, 0.020165054209586194, 0.015691213457648998, 0.01720160449493628, 0.02376372101582139, 0.011881793272462528, 0.017937704829671396, 0.00746252293962742, 0.013337417800672784, 0.017342240351179785, 0.019030354296088032, 0.011859934373131155, 0.018416855996983644, 0.016029289643750652, 0.02018587105054106, 0.010894683181682385, 0.019755880977606784, 0.0, 0.01457374015176293, 0.010736323759592825, 0.0243642070607591, 0.027386234370874337, 0.022891626146389805, 0.0273862055097831, 0.024364261083607335, 0.02738622675496784, 0.024364261083607335, 0.027386243359519967, 0.027386215358430714, 0.02403418431593203, 0.022891609148714263, 0.027386293852665094, 0.022891601335314468, 0.024034133366908687, 0.024034067992682068, 0.024364261083607335, 0.024034080774264725, 0.027386239336968935, 0.027386220179690966, 0.027432240458963808], [0.009482841870196738, 0.017188859342868013, 0.01830760390769304, 0.01909591099863633, 0.017242649174153385, 0.019563790251143, 0.021957452423284514, 0.014068911710735895, 0.015750860441938616, 0.018602446924136196, 0.01635490409056462, 0.012849676099623605, 0.013657794783047903, 0.017560363008730068, 0.01794027963024792, 0.01633080326643182, 0.023594920342164653, 0.01457374015176293, 0.0, 0.015067993763752174, 0.027573385663114427, 0.03427163881796955, 0.024486573666932708, 0.0342716268237819, 0.02757343915558535, 0.03427164398434248, 0.02757343915558535, 0.034271656058105136, 0.0342716246460679, 0.029714086628607903, 0.02448654633406813, 0.03427169976353565, 0.02448651826193233, 0.02971405205458909, 0.02971400943906347, 0.02757343915558535, 0.029714020147031533, 0.034271643451210636, 0.03427164327763385, 0.03420451232671254], [0.014465748799273034, 0.017603499350498944, 0.011623293828649649, 0.01850134755215396, 0.024510152797949422, 0.013108486771690653, 0.018709551525057988, 0.011153218133982463, 0.013992390669215978, 0.014114042296964545, 0.01712100813830712, 0.01037144014145855, 0.01498211073386443, 0.0182004415915441, 0.019706439816343988, 0.011637855519874157, 0.019980725568581176, 0.010736323759592825, 0.015067993763752174, 0.0, 0.027698828932073, 0.03086480988072592, 0.02351363507881198, 0.0308647951431962, 0.02769888011861638, 0.030864799844419824, 0.02769888011861638, 0.030864820744224187, 0.030864794809576337, 0.024912468842115947, 0.023513612481097984, 0.03086485626153291, 0.0235136155861946, 0.024912443205974275, 0.024912402833858864, 0.02769888011861638, 0.024912388195119352, 0.03086481577829508, 0.030864803032772822, 0.030864087674213975], [0.029841228901430816, 0.029785143461940992, 0.028348876094385893, 0.03284103613495313, 0.03669273583571638, 0.029168516370534296, 0.033086340845125295, 0.023640050714011575, 0.030399910275072495, 0.035167447187608586, 0.03243066716835892, 0.026948080042702306, 0.02911157025944457, 0.030395807714826518, 0.036797464835486016, 0.02725715376032088, 0.03368458462021032, 0.0243642070607591, 0.027573385663114427, 0.027698828932073, 0.0, 0.0035283633333811474, 1.2062477113121088e-07, 0.0035283625214868573, 1.5729540141917565e-07, 0.0035283625230081613, 1.5729540141917565e-07, 0.0035283873494242352, 0.0035283625216958516, 1.4409845033666395e-07, 8.861091077482677e-08, 0.0035283848242194152, 1.0278380717455546e-07, 1.3159583816404112e-07, 1.1688572238179473e-07, 1.5729540141917565e-07, 1.1513898232254476e-07, 0.003528363333571359, 0.0035283625211678504, 0.0035432133337129994], [0.033534423230322075, 0.03180699089875237, 0.033237129120950275, 0.03393169832292843, 0.03995863513812745, 0.0331853794146961, 0.035161166952613364, 0.02560328391087259, 0.033695325756746525, 0.04013025296667316, 0.035856411048808656, 0.029338482819171872, 0.028653178433975312, 0.035874297778437446, 0.03831732384280146, 0.030757798024059042, 0.036355377348276846, 0.027386234370874337, 0.03427163881796955, 0.03086480988072592, 0.0035283633333811474, 0.0, 0.0035283848846271505, 1.104020472058909e-07, 0.0035283633354962797, 1.8835917114664765e-07, 0.0035283633354962797, 9.134055733675922e-08, 1.21947276613446e-07, 0.0035283564834650083, 0.0035283702906707464, 1.1162499006842233e-07, 0.0035283702884425687, 0.0035283624385103025, 0.003528343490460473, 0.0035283633354962797, 0.0035283480775855323, 2.0130642181130467e-08, 8.90585247599951e-08, 0.0003241147187053506], [0.027393875701325565, 0.027708412440482222, 0.026852893805435638, 0.03217638736318974, 0.03249207343615682, 0.0272233392786769, 0.03255731183646922, 0.02317141012563006, 0.02628778091048867, 0.031663637572839846, 0.031093044079154794, 0.025464571569050264, 0.030621328698609073, 0.030427711646671303, 0.03574399957871459, 0.024727409704262147, 0.03463947629478811, 0.022891626146389805, 0.024486573666932708, 0.02351363507881198, 1.2062477113121088e-07, 0.0035283848846271505, 0.0, 0.0035283840732342232, 1.545139538032275e-07, 0.0035283840739784617, 1.545139538032275e-07, 0.003528408899872446, 0.003528384073107002, 1.2033015986170135e-07, 8.57501087123719e-08, 0.003528406373667573, 9.980794089156507e-08, 1.1619822360338082e-07, 1.374475620971288e-07, 1.545139538032275e-07, 9.069689250077295e-08, 0.0035283848846094333, 0.0035283840717821265, 0.003543239832259215], [0.03353439013602712, 0.031806998857743456, 0.03323710266928502, 0.03393165650923859, 0.039958627014673564, 0.033185351954181146, 0.03516113741989267, 0.025603266539579596, 0.03369528562837144, 0.040130252855629434, 0.03585639490674521, 0.029338464067513316, 0.02865316616473676, 0.03587427979213955, 0.03831731701807188, 0.030757780288107134, 0.036355345945922796, 0.0273862055097831, 0.0342716268237819, 0.0308647951431962, 0.0035283625214868573, 1.104020472058909e-07, 0.0035283840732342232, 0.0, 0.0035283625237926487, 1.4672966832944614e-07, 0.0035283625237926487, 9.499747219546695e-08, 9.370510233572531e-08, 0.0035283556722528445, 0.0035283694778062767, 1.4403829256802613e-07, 0.00352836947784211, 0.0035283616266054466, 0.0035283426763129608, 0.0035283625237926487, 0.0035283472665286054, 1.114539957150839e-07, 8.436143870100599e-08, 0.00032411655105857686], [0.029841274548234972, 0.029785136281110337, 0.028348927480464296, 0.03284104109081632, 0.03669279747178505, 0.029168539528679965, 0.03308638726749459, 0.023640099900453196, 0.030399945751123154, 0.035167482286087404, 0.03243067082151567, 0.026948125187587362, 0.029111610559315274, 0.030395844682537133, 0.03679748711899291, 0.027257196845364366, 0.03368459293190515, 0.024364261083607335, 0.02757343915558535, 0.02769888011861638, 1.5729540141917565e-07, 0.0035283633354962797, 1.545139538032275e-07, 0.0035283625237926487, 0.0, 0.0035283625236164217, 0.0, 0.003528387350445351, 0.00352836252267421, 1.8246179089623337e-07, 1.47239199596676e-07, 0.0035283848243051544, 1.440795882279295e-07, 2.0258047455084655e-07, 1.730133168219036e-07, 0.0, 1.9377912924881524e-07, 0.0035283633348846665, 0.003528362522994812, 0.0035432133350423883], [0.033534411053936466, 0.03180701611222336, 0.03323709403257133, 0.033931649004864076, 0.0399586687666028, 0.033185366637317415, 0.035161136380048794, 0.02560328196383167, 0.0336952814095208, 0.040130253246759506, 0.035856400467228655, 0.02933848049459557, 0.028653182097556195, 0.03587432150339231, 0.03831733431345867, 0.03075780617936197, 0.03635535355341292, 0.02738622675496784, 0.03427164398434248, 0.030864799844419824, 0.0035283625230081613, 1.8835917114664765e-07, 0.0035283840739784617, 1.4672966832944614e-07, 0.0035283625236164217, 0.0, 0.0035283625236164217, 1.2925719989391943e-07, 8.923665426178669e-08, 0.003528355673231878, 0.0035283694777375413, 1.435141381547238e-07, 0.0035283694810347246, 0.0035283616283968574, 0.0035283426793639113, 0.0035283625236164217, 0.003528347267306528, 1.8695303226618048e-07, 1.1817049189963229e-07, 0.0003240652145800439], [0.029841274548234972, 0.029785136281110337, 0.028348927480464296, 0.03284104109081632, 0.03669279747178505, 0.029168539528679965, 0.03308638726749459, 0.023640099900453196, 0.030399945751123154, 0.035167482286087404, 0.03243067082151567, 0.026948125187587362, 0.029111610559315274, 0.030395844682537133, 0.03679748711899291, 0.027257196845364366, 0.03368459293190515, 0.024364261083607335, 0.02757343915558535, 0.02769888011861638, 1.5729540141917565e-07, 0.0035283633354962797, 1.545139538032275e-07, 0.0035283625237926487, 0.0, 0.0035283625236164217, 0.0, 0.003528387350445351, 0.00352836252267421, 1.8246179089623337e-07, 1.47239199596676e-07, 0.0035283848243051544, 1.440795882279295e-07, 2.0258047455084655e-07, 1.730133168219036e-07, 0.0, 1.9377912924881524e-07, 0.0035283633348846665, 0.003528362522994812, 0.0035432133350423883], [0.03353442819956644, 0.031807000865828064, 0.03323713463254759, 0.03393167810678067, 0.03995865121603972, 0.03318539261422272, 0.03516116031419925, 0.025603292509688805, 0.03369531755584719, 0.040130268653259166, 0.03585641469259202, 0.02933849235742232, 0.028653177169149825, 0.035874317612383216, 0.038317327414993954, 0.03075781467083049, 0.036355377668716986, 0.027386243359519967, 0.034271656058105136, 0.030864820744224187, 0.0035283873494242352, 9.134055733675922e-08, 0.003528408899872446, 9.499747219546695e-08, 0.003528387350445351, 1.2925719989391943e-07, 0.003528387350445351, 0.0, 7.649964102632708e-08, 0.0035283804991916336, 0.003528394305563509, 8.331513938462837e-08, 0.003528394305188101, 0.0035283864538081426, 0.0035283675055080514, 0.003528387350445351, 0.0035283720932898187, 8.822124097100043e-08, 6.794910557536975e-08, 0.0003240997335210115], [0.03353439937921852, 0.03180698805902502, 0.03323710509543213, 0.03393165189023714, 0.03995864440742444, 0.033185357146848136, 0.035161144078209645, 0.025603268076144867, 0.0336952894807317, 0.04013024188116135, 0.0358563877602508, 0.029338467869962657, 0.028653166378896082, 0.03587430242502431, 0.038317311861454616, 0.030757791728995645, 0.03635535221669799, 0.027386215358430714, 0.0342716246460679, 0.030864794809576337, 0.0035283625216958516, 1.21947276613446e-07, 0.003528384073107002, 9.370510233572531e-08, 0.00352836252267421, 8.923665426178669e-08, 0.00352836252267421, 7.649964102632708e-08, 0.0, 0.003528355672289665, 0.003528369477906216, 1.2050015308002243e-07, 0.003528369478114389, 0.0035283616269459685, 0.003528342677557263, 0.00352836252267421, 0.0035283472657873503, 1.1976392274764443e-07, 6.43774563656972e-08, 0.00032406519652826513], [0.029330678376996842, 0.027933184417916507, 0.029982453274946502, 0.03161630203097474, 0.034139860099158426, 0.02947265124047425, 0.03292129539625764, 0.023347183201488833, 0.027873057322415743, 0.03510790117342675, 0.03276736765104253, 0.02602634557112938, 0.029274257032005684, 0.03414671638227072, 0.03558098130241161, 0.0264208032376226, 0.03569059734836241, 0.02403418431593203, 0.029714086628607903, 0.024912468842115947, 1.4409845033666395e-07, 0.0035283564834650083, 1.2033015986170135e-07, 0.0035283556722528445, 1.8246179089623337e-07, 0.003528355673231878, 1.8246179089623337e-07, 0.0035283804991916336, 0.003528355672289665, 0.0, 1.3128886065190816e-07, 0.003528377972346323, 1.4932056355285607e-07, 9.092914300572562e-08, 1.7102081158674698e-07, 1.8246179089623337e-07, 1.4472264565234764e-07, 0.0035283564836238175, 0.003528355671455006, 0.0035432065104182794], [0.02739383348376105, 0.02770841355725842, 0.026852850894352114, 0.032176350285446416, 0.032492054887462415, 0.02722332051876402, 0.03255728103437837, 0.023171400721573678, 0.026287734307900885, 0.03166363202219085, 0.031093019901642874, 0.025464549366485744, 0.030621301401038078, 0.030427690171895085, 0.03574398961626729, 0.024727395782153903, 0.034639446526270136, 0.022891609148714263, 0.02448654633406813, 0.023513612481097984, 8.861091077482677e-08, 0.0035283702906707464, 8.57501087123719e-08, 0.0035283694778062767, 1.47239199596676e-07, 0.0035283694777375413, 1.47239199596676e-07, 0.003528394305563509, 0.003528369477906216, 1.3128886065190816e-07, 0.0, 0.0035283917798693914, 1.4215629814986905e-07, 1.323166370515326e-07, 1.2341018357067306e-07, 1.47239199596676e-07, 1.2748067743492558e-07, 0.0035283702907281727, 0.0035283694774511033, 0.003543222555603449], [0.03353447814309917, 0.03180704224527372, 0.03323717074411145, 0.033931733244759996, 0.03995869178333985, 0.033185429829229944, 0.0351612112625506, 0.025603340549389484, 0.03369535933041513, 0.040130302065916224, 0.035856459760877764, 0.029338539301500766, 0.028653237128856947, 0.03587436734886503, 0.038317379017071, 0.030757859705878608, 0.03635542373813804, 0.027386293852665094, 0.03427169976353565, 0.03086485626153291, 0.0035283848242194152, 1.1162499006842233e-07, 0.003528406373667573, 1.4403829256802613e-07, 0.0035283848243051544, 1.435141381547238e-07, 0.0035283848243051544, 8.331513938462837e-08, 1.2050015308002243e-07, 0.003528377972346323, 0.0035283917798693914, 0.0, 0.003528391779990138, 0.0035283839285420527, 0.0035283649815034943, 0.0035283848243051544, 0.0035283695680961157, 1.0567695864698677e-07, 9.986973012517877e-08, 0.0003240991411969436], [0.027393833422976795, 0.02770835988287969, 0.026852894048838945, 0.032176367662847816, 0.03249202562160584, 0.02722331229146725, 0.03255731205984416, 0.023171384294698984, 0.026287771968361698, 0.03166361138263337, 0.031093004570343596, 0.02546454058745131, 0.030621292549867354, 0.030427673156663032, 0.03574395604249124, 0.024727381804514895, 0.03463945743567256, 0.022891601335314468, 0.02448651826193233, 0.0235136155861946, 1.0278380717455546e-07, 0.0035283702884425687, 9.980794089156507e-08, 0.00352836947784211, 1.440795882279295e-07, 0.0035283694810347246, 1.440795882279295e-07, 0.003528394305188101, 0.003528369478114389, 1.4932056355285607e-07, 1.4215629814986905e-07, 0.003528391779990138, 0.0, 1.364256307736415e-07, 1.2453202497199172e-07, 1.440795882279295e-07, 1.1243958756825478e-07, 0.003528370288385143, 0.00352836947723883, 0.003543222554842145], [0.02933064571601122, 0.027933163387681294, 0.02998243025448258, 0.03161626637984897, 0.03413982396465795, 0.02947262906419243, 0.03292124774599505, 0.02334713616403085, 0.02787302479127565, 0.0351078748161742, 0.032767345660158965, 0.026026309302413245, 0.029274222011253626, 0.03414668168070648, 0.03558094450889489, 0.026420762437199402, 0.035690574039907594, 0.024034133366908687, 0.02971405205458909, 0.024912443205974275, 1.3159583816404112e-07, 0.0035283624385103025, 1.1619822360338082e-07, 0.0035283616266054466, 2.0258047455084655e-07, 0.0035283616283968574, 2.0258047455084655e-07, 0.0035283864538081426, 0.0035283616269459685, 9.092914300572562e-08, 1.323166370515326e-07, 0.0035283839285420527, 1.364256307736415e-07, 0.0, 1.3737103616020206e-07, 2.0258047455084655e-07, 1.0865153976711365e-07, 0.003528362438859648, 0.003528361625891896, 0.0035432146541465427], [0.029330579124567848, 0.02793312281337706, 0.029982395864824155, 0.03161619157335462, 0.03413978646396412, 0.02947254663069177, 0.032921219346656275, 0.023347077917864972, 0.027872962453445664, 0.03510783721566883, 0.032767286414743385, 0.02602626453966088, 0.029274187010652118, 0.03414662533551376, 0.03558088933117807, 0.0264207257046475, 0.03569049800887596, 0.024034067992682068, 0.02971400943906347, 0.024912402833858864, 1.1688572238179473e-07, 0.003528343490460473, 1.374475620971288e-07, 0.0035283426763129608, 1.730133168219036e-07, 0.0035283426793639113, 1.730133168219036e-07, 0.0035283675055080514, 0.003528342677557263, 1.7102081158674698e-07, 1.2341018357067306e-07, 0.0035283649815034943, 1.2453202497199172e-07, 1.3737103616020206e-07, 0.0, 1.730133168219036e-07, 1.3955226631732447e-07, 0.0035283434904935457, 0.0035283426773214874, 0.0035431960349070536], [0.029841274548234972, 0.029785136281110337, 0.028348927480464296, 0.03284104109081632, 0.03669279747178505, 0.029168539528679965, 0.03308638726749459, 0.023640099900453196, 0.030399945751123154, 0.035167482286087404, 0.03243067082151567, 0.026948125187587362, 0.029111610559315274, 0.030395844682537133, 0.03679748711899291, 0.027257196845364366, 0.03368459293190515, 0.024364261083607335, 0.02757343915558535, 0.02769888011861638, 1.5729540141917565e-07, 0.0035283633354962797, 1.545139538032275e-07, 0.0035283625237926487, 0.0, 0.0035283625236164217, 0.0, 0.003528387350445351, 0.00352836252267421, 1.8246179089623337e-07, 1.47239199596676e-07, 0.0035283848243051544, 1.440795882279295e-07, 2.0258047455084655e-07, 1.730133168219036e-07, 0.0, 1.9377912924881524e-07, 0.0035283633348846665, 0.003528362522994812, 0.0035432133350423883], [0.029330616277210984, 0.0279331169179737, 0.029982399711983274, 0.0316162246746928, 0.03413980400170289, 0.029472567392485403, 0.03292122545902577, 0.023347076941915693, 0.0278729903737831, 0.03510781403581834, 0.03276730398840769, 0.026026271701857225, 0.029274195038557403, 0.03414665724267531, 0.03558089161987733, 0.026420733070330008, 0.035690529595544404, 0.024034080774264725, 0.029714020147031533, 0.024912388195119352, 1.1513898232254476e-07, 0.0035283480775855323, 9.069689250077295e-08, 0.0035283472665286054, 1.9377912924881524e-07, 0.003528347267306528, 1.9377912924881524e-07, 0.0035283720932898187, 0.0035283472657873503, 1.4472264565234764e-07, 1.2748067743492558e-07, 0.0035283695680961157, 1.1243958756825478e-07, 1.0865153976711365e-07, 1.3955226631732447e-07, 1.9377912924881524e-07, 0.0, 0.0035283480778793594, 0.003528347264738246, 0.0035432003539855833], [0.033534427300861286, 0.031806990484011435, 0.03323713539460436, 0.03393169862548151, 0.03995864057354405, 0.03318538101438169, 0.035161173340270906, 0.025603288692169653, 0.033695329379340354, 0.04013025696437412, 0.03585641163414513, 0.029338488267706218, 0.02865318404352848, 0.035874301029764986, 0.03831732586561381, 0.030757803562524333, 0.0363553778779926, 0.027386239336968935, 0.034271643451210636, 0.03086481577829508, 0.003528363333571359, 2.0130642181130467e-08, 0.0035283848846094333, 1.114539957150839e-07, 0.0035283633348846665, 1.8695303226618048e-07, 0.0035283633348846665, 8.822124097100043e-08, 1.1976392274764443e-07, 0.0035283564836238175, 0.0035283702907281727, 1.0567695864698677e-07, 0.003528370288385143, 0.003528362438859648, 0.0035283434904935457, 0.0035283633348846665, 0.0035283480778793594, 0.0, 9.035929374465495e-08, 0.000324114718512477], [0.03353442050030534, 0.03180700533506815, 0.03323711754097881, 0.03393167792504748, 0.03995865154814224, 0.03318536765058031, 0.03516115164962615, 0.025603273998424624, 0.033695306420738355, 0.040130250747100325, 0.035856411340828884, 0.02933847969480068, 0.02865318846888204, 0.03587430958101143, 0.03831732847597476, 0.03075779494185694, 0.036355369502577076, 0.027386220179690966, 0.03427164327763385, 0.030864803032772822, 0.0035283625211678504, 8.90585247599951e-08, 0.0035283840717821265, 8.436143870100599e-08, 0.003528362522994812, 1.1817049189963229e-07, 0.003528362522994812, 6.794910557536975e-08, 6.43774563656972e-08, 0.003528355671455006, 0.0035283694774511033, 9.986973012517877e-08, 0.00352836947723883, 0.003528361625891896, 0.0035283426773214874, 0.003528362522994812, 0.003528347264738246, 9.035929374465495e-08, 0.0, 0.00032411653707259077], [0.033491026217689866, 0.03178012206112806, 0.03323849791520314, 0.03392074603975145, 0.039936961249204726, 0.033206986166851596, 0.035214121947239774, 0.025634920760856054, 0.0336897841586414, 0.04012299343262532, 0.03581915413406289, 0.029340339565311253, 0.028614943936268178, 0.035917309320085404, 0.03830012536074287, 0.030807862876336713, 0.0363795998432256, 0.027432240458963808, 0.03420451232671254, 0.030864087674213975, 0.0035432133337129994, 0.0003241147187053506, 0.003543239832259215, 0.00032411655105857686, 0.0035432133350423883, 0.0003240652145800439, 0.0035432133350423883, 0.0003240997335210115, 0.00032406519652826513, 0.0035432065104182794, 0.003543222555603449, 0.0003240991411969436, 0.003543222554842145, 0.0035432146541465427, 0.0035431960349070536, 0.0035432133350423883, 0.0035432003539855833, 0.000324114718512477, 0.00032411653707259077, 0.0]], "Angle": [[0.0, 0.05284690816501478, 0.05873675188341056, 0.04922178379691766, 0.04610542557226025, 0.043103255811201155, 0.05170144036255923, 0.05001095023953299, 0.035273350900069195, 0.0701162869627414, 0.06314958833201634, 0.06432774652263328, 0.033627411676344865, 0.05801672365316304, 0.05728876496326409, 0.06403413882773291, 0.04345498233591131, 0.05836531859378767, 0.04270899423755562, 0.06077296423937303, 0.08259736091244924, 0.07852246203904079, 0.0825220941794062, 0.07852605923391635, 0.08259735241626176, 0.07852612208537597, 0.08259735241626176, 0.07852221188481899, 0.07852612211184322, 0.0825067743356633, 0.08251841748033495, 0.07851202526860297, 0.08251838620095127, 0.08252209807784754, 0.08252239454898835, 0.08259735241626176, 0.082522102645438, 0.0785224529323448, 0.0785260777440215, 0.07852574995553861], [0.05284690816501478, 0.0, 0.055039763119090694, 0.03030877610600693, 0.06867393717657, 0.04822398804510645, 0.053610697697424436, 0.061047328105991915, 0.034913194472810875, 0.052352314499018796, 0.05887645746991877, 0.06661693507867918, 0.03912283567594515, 0.024951766823820103, 0.05330426085512136, 0.05960287298785638, 0.057057180715608384, 0.06932555918675312, 0.048608608383135125, 0.04761377731845602, 0.10924282144109301, 0.10392137476392364, 0.10904097171453817, 0.10393147588052327, 0.10924278637075016, 0.10393147408063512, 0.10924278637075016, 0.10392063316340393, 0.1039314740845485, 0.10899820891447769, 0.10903086153442236, 0.10389207260813164, 0.1090308469180103, 0.1090409465998333, 0.10904208585741176, 0.10924278637075016, 0.10904095735564986, 0.10392136443912882, 0.10393147861731608, 0.10393046651392075], [0.05873675188341056, 0.055039763119090694, 0.0, 0.06314859796836152, 0.04826562142289632, 0.04332918052709104, 0.037821333693811764, 0.04906456897174421, 0.03227918800841887, 0.02423235910775675, 0.04407789621204776, 0.04515097690398234, 0.04282745519519564, 0.03833505260014185, 0.06748845536484514, 0.045261479914915456, 0.057551072202861694, 0.03723134399051507, 0.03379136038997408, 0.019016546647170764, 0.0980557770594111, 0.09215592171592887, 0.09814455529472267, 0.09215119502371272, 0.09805571247457208, 0.09215119706527362, 0.09805571247457208, 0.09215625234646341, 0.09215119706561278, 0.09816424259888767, 0.09814916787016165, 0.09216972743727975, 0.0981491556192459, 0.09814450182503262, 0.09814398648012687, 0.09805571247457208, 0.09814450853570922, 0.0921559107765219, 0.0921511952608293, 0.09215170788428062], [0.04922178379691766, 0.03030877610600693, 0.06314859796836152, 0.0, 0.07691505195637038, 0.049063936001443986, 0.056524854856651534, 0.047124410082619944, 0.03664852871569494, 0.05828395164922653, 0.0521041814538628, 0.059415728300867214, 0.034273503541794065, 0.04859458523572522, 0.047205967032639205, 0.07466597955561745, 0.051540885042905035, 0.06984225297874444, 0.04242988961994663, 0.05863007736319273, 0.1032762204308605, 0.09994869945336053, 0.10309175333008344, 0.09995774862670312, 0.10327620278044926, 0.09995773691452627, 0.10327620278044926, 0.09994805583519938, 0.09995773690842198, 0.10305283689377318, 0.1030825500750887, 0.09992247161557373, 0.10308254432158964, 0.10309178563374315, 0.10309278520437626, 0.10327620278044926, 0.10309176920524783, 0.09994868996903138, 0.09995774435753281, 0.09995684050787165], [0.04610542557226025, 0.06867393717657, 0.04826562142289632, 0.07691505195637038, 0.0, 0.06571240381828598, 0.04671668558262039, 0.07047633920057222, 0.046763420841600185, 0.06497669533592647, 0.07734666170738917, 0.07191998929804763, 0.05316499092885624, 0.05916682910318427, 0.07916431600725708, 0.06745992926355741, 0.055782976747168374, 0.05882597070580914, 0.054119142859498426, 0.06055930677971216, 0.0930358148592815, 0.09826171238629651, 0.09323691052023265, 0.09825230186806266, 0.09303577449527622, 0.09825236142528022, 0.09303577449527622, 0.09826237567395243, 0.09825236145316978, 0.09328070138109773, 0.09324718861713646, 0.09828899770661965, 0.09324715335727217, 0.09323686580302323, 0.09323560525633393, 0.09303577449527622, 0.09323687938878326, 0.09826170379636423, 0.09825232137288985, 0.09825333222169366], [0.043103255811201155, 0.04822398804510645, 0.04332918052709104, 0.049063936001443986, 0.06571240381828598, 0.0, 0.055615620248254026, 0.040880373616193295, 0.03074993991278626, 0.04928172538117594, 0.0455249176287994, 0.0567050189265763, 0.03217584584984947, 0.044654447086264204, 0.06300571107371443, 0.04330332536958806, 0.05204834001518568, 0.050680185137781664, 0.03881798648296192, 0.0344261374958459, 0.09834813599971377, 0.094340506794279, 0.09819941546656491, 0.09434783432393284, 0.09834809716234462, 0.09434785516491816, 0.09834809716234462, 0.09433993810843201, 0.09434785517148986, 0.0981681259582705, 0.09819198737674913, 0.09431925633130703, 0.09819197090004243, 0.09819937794194766, 0.09820020104976382, 0.09834809716234462, 0.09819939186235585, 0.09434049682958173, 0.09434783891985485, 0.09434712062308376], [0.05170144036255923, 0.053610697697424436, 0.037821333693811764, 0.056524854856651534, 0.04671668558262039, 0.055615620248254026, 0.0, 0.041218439256755196, 0.03731859023586908, 0.050270901758660495, 0.04475852133276682, 0.037687629824371204, 0.05011209814781412, 0.04950405093103767, 0.04863342164274216, 0.05400542178080339, 0.0678959015595947, 0.03280813372179952, 0.025380470795567, 0.04828700928451057, 0.07510764735378346, 0.0716878025085132, 0.07518960345992391, 0.07168343303645718, 0.07510758559292713, 0.07168342953492496, 0.07510758559292713, 0.07168811299368548, 0.07168342953397663, 0.0752080770044437, 0.0751939277781751, 0.07170055727438061, 0.07519391625117232, 0.07518956346137402, 0.07518