{"Bond": [[0.0, 0.007273263342697939, 0.028908995190075622, 0.03004132937798688, 0.008381973111918023, 0.03384442053594809, 0.02733823510756686, 0.010783664587932399, 0.03186450059664017, 0.026973349752734063, 0.008305140795764486, 0.03079544578134933, 0.028133968638567642, 0.028926704079925914, 0.008155611229232449, 0.008238508933688453, 0.03407921914081986, 0.03145470769718783, 0.032585065768873524, 0.011054376193177074, 0.08259594672492182, 0.08407431864922094, 0.08259594672492182, 0.08259594672492182, 0.08407433839535304, 0.08259594672492182, 0.0840743539871706, 0.08259593819093722, 0.08407435691568199, 0.08259594672492182, 0.0840743539871706, 0.08407433839535304, 0.0840743539871706, 0.08259593819093722, 0.08259595775511046, 0.08407431864922094, 0.08259594672492182, 0.0840743539871706, 0.08407433839535304, 0.08259594672492182], [0.007273263342697939, 0.0, 0.031011630458248736, 0.032064820450695475, 0.0065540770720041875, 0.03434684920539839, 0.028208686965390174, 0.01266943382507621, 0.033340546343430824, 0.0283197201280712, 0.007821624903393092, 0.03215606657309372, 0.029641701594037808, 0.031414583893568916, 0.007301078601818872, 0.008088761289701827, 0.035336868771950775, 0.03321576956721982, 0.03350662099213396, 0.012339077408206271, 0.08415814179289088, 0.08586592592337484, 0.08415814179289088, 0.08415814179289088, 0.08586594800591023, 0.08415814179289088, 0.08586596050975824, 0.0841581320976496, 0.0858659655737972, 0.08415814179289088, 0.08586596050975824, 0.08586594800591023, 0.08586596050975824, 0.0841581320976496, 0.08415814421729986, 0.08586592592337484, 0.08415814179289088, 0.08586596050975824, 0.08586594800591023, 0.08415814179289088], [0.028908995190075622, 0.031011630458248736, 0.0, 0.008550250607357833, 0.029329479472047025, 0.012836608998206833, 0.009391819343503515, 0.02750549805058595, 0.009967408590762812, 0.013632869313639495, 0.02703837530761216, 0.009093070863148752, 0.008115546938777425, 0.006769532363380442, 0.027886694100019604, 0.030244494242163987, 0.012511009840437754, 0.008367186163657744, 0.010148515772824922, 0.02847221495875581, 0.07375301963680188, 0.07574978704129318, 0.07375301963680188, 0.07375301963680188, 0.07574979651325194, 0.07375301963680188, 0.07574982707051793, 0.07375301604209153, 0.07574982501281985, 0.07375301963680188, 0.07574982707051793, 0.07574979651325194, 0.07574982707051793, 0.07375301604209153, 0.07375303313301569, 0.07574978704129318, 0.07375301963680188, 0.07574982707051793, 0.07574979651325194, 0.07375301963680188], [0.03004132937798688, 0.032064820450695475, 0.008550250607357833, 0.0, 0.030929378753510567, 0.011035381229007607, 0.011267731022810161, 0.02943169716774579, 0.008284608562740268, 0.012281649741901601, 0.02788728864040698, 0.009474897964856321, 0.007869318505830888, 0.008721445619593211, 0.02854412662977269, 0.03273426651983192, 0.013644454181413612, 0.008238424948735945, 0.010011952799666947, 0.028825508632903875, 0.07323637985394282, 0.07491180317182662, 0.07323637985394282, 0.07323637985394282, 0.07491181631680335, 0.07323637985394282, 0.07491184127971612, 0.07323637629220232, 0.07491184095549706, 0.07323637985394282, 0.07491184127971612, 0.07491181631680335, 0.07491184127971612, 0.07323637629220232, 0.0732363914895561, 0.07491180317182662, 0.07323637985394282, 0.07491184127971612, 0.07491181631680335, 0.07323637985394282], [0.008381973111918023, 0.0065540770720041875, 0.029329479472047025, 0.030929378753510567, 0.0, 0.032578539994786784, 0.027056957046893242, 0.013382540204216411, 0.03180654652940633, 0.02741269053248709, 0.005639729504347518, 0.029943072852877832, 0.028188054008847573, 0.02978881158128732, 0.005254090713338117, 0.01073519077694863, 0.033745784168674575, 0.031330852740783635, 0.0315891672395758, 0.01096534733794872, 0.08334010492500511, 0.08463488274128123, 0.08334010492500511, 0.08334010492500511, 0.0846349024695297, 0.08334010492500511, 0.08463491593058477, 0.08334009661203337, 0.0846349213394712, 0.08334010492500511, 0.08463491593058477, 0.0846349024695297, 0.08463491593058477, 0.08334009661203337, 0.08334010947851211, 0.08463488274128123, 0.08334010492500511, 0.08463491593058477, 0.0846349024695297, 0.08334010492500511], [0.03384442053594809, 0.03434684920539839, 0.012836608998206833, 0.011035381229007607, 0.032578539994786784, 0.0, 0.012834118015839908, 0.033256326999677885, 0.010923520048890176, 0.01364555246349927, 0.02956751378545329, 0.010687824041201274, 0.009289990885828795, 0.01300153195257217, 0.030519300259217244, 0.035719055766132164, 0.012847910850634503, 0.007678454333548197, 0.0046003947579167995, 0.03285016480533258, 0.07222360176723787, 0.07401468001334181, 0.07222360176723787, 0.07222360176723787, 0.07401469049980798, 0.07222360176723787, 0.07401471566431517, 0.07222359887029776, 0.0740147178210046, 0.07222360176723787, 0.07401471566431517, 0.07401469049980798, 0.07401471566431517, 0.07222359887029776, 0.07222360208049185, 0.07401468001334181, 0.07222360176723787, 0.07401471566431517, 0.07401469049980798, 0.07222360176723787], [0.02733823510756686, 0.028208686965390174, 0.009391819343503515, 0.011267731022810161, 0.027056957046893242, 0.012834118015839908, 0.0, 0.023881936706131795, 0.009487150968393884, 0.00803179202097178, 0.02383451917446646, 0.008001774994805363, 0.008374349564956533, 0.00874194473558516, 0.02493139064178886, 0.027826567501714708, 0.010000305636968763, 0.011294502859204166, 0.010922333859772024, 0.026233115689449003, 0.07535477507599216, 0.07772747612128893, 0.07535477507599216, 0.07535477507599216, 0.07772748999231678, 0.07535477507599216, 0.07772751458197025, 0.07535477030638658, 0.07772751484916127, 0.07535477507599216, 0.07772751458197025, 0.07772748999231678, 0.07772751458197025, 0.07535477030638658, 0.07535477733379543, 0.07772747612128893, 0.07535477507599216, 0.07772751458197025, 0.07772748999231678, 0.07535477507599216], [0.010783664587932399, 0.01266943382507621, 0.02750549805058595, 0.02943169716774579, 0.013382540204216411, 0.033256326999677885, 0.023881936706131795, 0.0, 0.029917077147602177, 0.023952331902482825, 0.011426246002201722, 0.028558380686854387, 0.02656365094437422, 0.027353047198265774, 0.01311653555495318, 0.010143443288267575, 0.03151091442702963, 0.030322565339374864, 0.031766959462956344, 0.012662056426735045, 0.08450605894421978, 0.08669750283295218, 0.08450605894421978, 0.08450605894421978, 0.08669752297293801, 0.08450605894421978, 0.08669753851466586, 0.08450605045699561, 0.08669753980937407, 0.08450605894421978, 0.08669753851466586, 0.08669752297293801, 0.08669753851466586, 0.08450605045699561, 0.08450606689133097, 0.08669750283295218, 0.08450605894421978, 0.08669753851466586, 0.08669752297293801, 0.08450605894421978], [0.03186450059664017, 0.033340546343430824, 0.009967408590762812, 0.008284608562740268, 0.03180654652940633, 0.010923520048890176, 0.009487150968393884, 0.029917077147602177, 0.0, 0.011592186323783978, 0.028599615408796266, 0.005895980795960557, 0.007247604807805221, 0.009969348378842585, 0.029497767179966963, 0.03389862931595811, 0.012044943930795972, 0.009126875850935318, 0.00987572026007119, 0.029723663439593203, 0.07221886226537562, 0.07401726846501538, 0.07221886226537562, 0.07221886226537562, 0.07401728162933971, 0.07221886226537562, 0.07401730659041843, 0.07221885896923057, 0.07401730708513139, 0.07221886226537562, 0.07401730659041843, 0.07401728162933971, 0.07401730659041843, 0.07221885896923057, 0.07221886834340843, 0.07401726846501538, 0.07221886226537562, 0.07401730659041843, 0.07401728162933971, 0.07221886226537562], [0.026973349752734063, 0.0283197201280712, 0.013632869313639495, 0.012281649741901601, 0.02741269053248709, 0.01364555246349927, 0.00803179202097178, 0.023952331902482825, 0.011592186323783978, 0.0, 0.02333666416889329, 0.010774311726301175, 0.008617297117674342, 0.010912742744065897, 0.024561523464175918, 0.028841887899251867, 0.012541921633912491, 0.01157967064546421, 0.011926432595695778, 0.026627610204151695, 0.07768407300985501, 0.0798843144410859, 0.07768407300985501, 0.07768407300985501, 0.07988432791116426, 0.07768407300985501, 0.07988435165564797, 0.07768406891285881, 0.07988435227451549, 0.07768407300985501, 0.07988435165564797, 0.07988432791116426, 0.07988435165564797, 0.07768406891285881, 0.0776840758218109, 0.0798843144410859, 0.07768407300985501, 0.07988435165564797, 0.07988432791116426, 0.07768407300985501], [0.008305140795764486, 0.007821624903393092, 0.02703837530761216, 0.02788728864040698, 0.005639729504347518, 0.02956751378545329, 0.02383451917446646, 0.011426246002201722, 0.028599615408796266, 0.02333666416889329, 0.0, 0.027025208442278525, 0.025010729005670987, 0.026735663036996513, 0.003552654167060469, 0.011636409270510175, 0.030561401698683564, 0.028349208144258585, 0.028772238082781787, 0.010468949366466649, 0.08152713435076019, 0.08295123723694654, 0.08152713435076019, 0.08152713435076019, 0.08295125727624118, 0.08152713435076019, 0.08295127010339912, 0.08152712646837988, 0.08295127523223188, 0.08152713435076019, 0.08295127010339912, 0.08295125727624118, 0.08295127010339912, 0.08152712646837988, 0.08152713747721077, 0.08295123723694654, 0.08152713435076019, 0.08295127010339912, 0.08295125727624118, 0.08152713435076019], [0.03079544578134933, 0.03215606657309372, 0.009093070863148752, 0.009474897964856321, 0.029943072852877832, 0.010687824041201274, 0.008001774994805363, 0.028558380686854387, 0.005895980795960557, 0.010774311726301175, 0.027025208442278525, 0.0, 0.0077304390484035585, 0.009317560060629145, 0.02779630187375895, 0.032766430285638845, 0.011060369249236948, 0.009148449656954806, 0.008609387152486995, 0.028766950955581596, 0.07569834697537176, 0.07728457060044487, 0.07569834697537176, 0.07569834697537176, 0.07728458240008926, 0.07569834697537176, 0.07728460779682945, 0.07569834414024629, 0.07728460884513659, 0.07569834697537176, 0.07728460779682945, 0.07728458240008926, 0.07728460779682945, 0.07569834414024629, 0.07569835296182449, 0.07728457060044487, 0.07569834697537176, 0.07728460779682945, 0.07728458240008926, 0.07569834697537176], [0.028133968638567642, 0.029641701594037808, 0.008115546938777425, 0.007869318505830888, 0.028188054008847573, 0.009289990885828795, 0.008374349564956533, 0.02656365094437422, 0.007247604807805221, 0.008617297117674342, 0.025010729005670987, 0.0077304390484035585, 0.0, 0.009243199151097047, 0.0262372407461233, 0.03024511676255951, 0.013223959516192057, 0.0054587199556248205, 0.007884541050379293, 0.027355068267003152, 0.07439279890144768, 0.07636972007847373, 0.07439279890144768, 0.07439279890144768, 0.07636973202745534, 0.07439279890144768, 0.07636975797894176, 0.07439279496147605, 0.0763697580344284, 0.07439279890144768, 0.07636975797894176, 0.07636973202745534, 0.07636975797894176, 0.07439279496147605, 0.07439280658137899, 0.07636972007847373, 0.07439279890144768, 0.07636975797894176, 0.07636973202745534, 0.07439279890144768], [0.028926704079925914, 0.031414583893568916, 0.006769532363380442, 0.008721445619593211, 0.02978881158128732, 0.01300153195257217, 0.00874194473558516, 0.027353047198265774, 0.009969348378842585, 0.010912742744065897, 0.026735663036996513, 0.009317560060629145, 0.009243199151097047, 0.0, 0.027559552053112592, 0.030524930380142885, 0.008384808510200034, 0.008929738056634539, 0.009985221633754954, 0.028590902851217924, 0.07223676143891276, 0.07423914560825091, 0.07223676143891276, 0.07223676143891276, 0.07423915492766701, 0.07223676143891276, 0.07423918485032688, 0.07223675861242923, 0.07423918291375978, 0.07223676143891276, 0.07423918485032688, 0.07423915492766701, 0.07423918485032688, 0.07223675861242923, 0.0722367731047826, 0.07423914560825091, 0.07223676143891276, 0.07423918485032688, 0.07423915492766701, 0.07223676143891276], [0.008155611229232449, 0.007301078601818872, 0.027886694100019604, 0.02854412662977269, 0.005254090713338117, 0.030519300259217244, 0.02493139064178886, 0.01311653555495318, 0.029497767179966963, 0.024561523464175918, 0.003552654167060469, 0.02779630187375895, 0.0262372407461233, 0.027559552053112592, 0.0, 0.01203530806917957, 0.03139508006404935, 0.02958172141075218, 0.029588189148220888, 0.011133846455027378, 0.08244467074239549, 0.08365424593643155, 0.08244467074239549, 0.08244467074239549, 0.08365426621110056, 0.08244467074239549, 0.08365427940832731, 0.08244466288806193, 0.08365428514868506, 0.08244467074239549, 0.08365427940832731, 0.08365426621110056, 0.08365427940832731, 0.08244466288806193, 0.08244467381575125, 0.08365424593643155, 0.08244467074239549, 0.08365427940832731, 0.08365426621110056, 0.08244467074239549], [0.008238508933688453, 0.008088761289701827, 0.030244494242163987, 0.03273426651983192, 0.01073519077694863, 0.035719055766132164, 0.027826567501714708, 0.010143443288267575, 0.03389862931595811, 0.028841887899251867, 0.011636409270510175, 0.032766430285638845, 0.03024511676255951, 0.030524930380142885, 0.01203530806917957, 0.0, 0.034671126503528354, 0.033645435849060996, 0.0343435060156592, 0.01474086149622867, 0.08257265565958, 0.08477578836177443, 0.08257265565958, 0.08257265565958, 0.08477580824338787, 0.08257265565958, 0.08477582524218717, 0.08257264586411323, 0.08477582737657359, 0.08257265565958, 0.08477582524218717, 0.08477580824338787, 0.08477582524218717, 0.08257264586411323, 0.08257266192185979, 0.08477578836177443, 0.08257265565958, 0.08477582524218717, 0.08477580824338787, 0.08257265565958], [0.03407921914081986, 0.035336868771950775, 0.012511009840437754, 0.013644454181413612, 0.033745784168674575, 0.012847910850634503, 0.010000305636968763, 0.03151091442702963, 0.012044943930795972, 0.012541921633912491, 0.030561401698683564, 0.011060369249236948, 0.013223959516192057, 0.008384808510200034, 0.03139508006404935, 0.034671126503528354, 0.0, 0.012133156121411973, 0.010177206798180004, 0.03291946327748068, 0.07248082781084739, 0.07488798725693686, 0.07248082781084739, 0.07248082781084739, 0.07488799613576157, 0.07248082781084739, 0.07488802537228252, 0.07248082550638846, 0.0748880244800418, 0.07248082781084739, 0.07488802537228252, 0.07488799613576157, 0.07488802537228252, 0.07248082550638846, 0.07248082938313312, 0.07488798725693686, 0.07248082781084739, 0.07488802537228252, 0.07488799613576157, 0.07248082781084739], [0.03145470769718783, 0.03321576956721982, 0.008367186163657744, 0.008238424948735945, 0.031330852740783635, 0.007678454333548197, 0.011294502859204166, 0.030322565339374864, 0.009126875850935318, 0.01157967064546421, 0.028349208144258585, 0.009148449656954806, 0.0054587199556248205, 0.008929738056634539, 0.02958172141075218, 0.033645435849060996, 0.012133156121411973, 0.0, 0.005942490734085186, 0.030455827762523358, 0.0731745929052261, 0.07510019800032205, 0.0731745929052261, 0.0731745929052261, 0.07510020684788793, 0.0731745929052261, 0.07510023485660804, 0.07317459028015028, 0.07510023399248672, 0.0731745929052261, 0.07510023485660804, 0.07510020684788793, 0.07510023485660804, 0.07317459028015028, 0.07317460286775683, 0.07510019800032205, 0.0731745929052261, 0.07510023485660804, 0.07510020684788793, 0.0731745929052261], [0.032585065768873524, 0.03350662099213396, 0.010148515772824922, 0.010011952799666947, 0.0315891672395758, 0.0046003947579167995, 0.010922333859772024, 0.031766959462956344, 0.00987572026007119, 0.011926432595695778, 0.028772238082781787, 0.008609387152486995, 0.007884541050379293, 0.009985221633754954, 0.029588189148220888, 0.0343435060156592, 0.010177206798180004, 0.005942490734085186, 0.0, 0.03191668150441712, 0.07372315327053924, 0.07557655394487606, 0.07372315327053924, 0.07372315327053924, 0.07557656277175281, 0.07372315327053924, 0.07557659131256819, 0.0737231507013668, 0.0755765922154896, 0.07372315327053924, 0.07557659131256819, 0.07557656277175281, 0.07557659131256819, 0.0737231507013668, 0.07372315674993403, 0.07557655394487606, 0.07372315327053924, 0.07557659131256819, 0.07557656277175281, 0.07372315327053924], [0.011054376193177074, 0.012339077408206271, 0.02847221495875581, 0.028825508632903875, 0.01096534733794872, 0.03285016480533258, 0.026233115689449003, 0.012662056426735045, 0.029723663439593203, 0.026627610204151695, 0.010468949366466649, 0.028766950955581596, 0.027355068267003152, 0.028590902851217924, 0.011133846455027378, 0.01474086149622867, 0.03291946327748068, 0.030455827762523358, 0.03191668150441712, 0.0, 0.08167827744938584, 0.08303522561014126, 0.08167827744938584, 0.08167827744938584, 0.08303524878833327, 0.08167827744938584, 0.08303525713318131, 0.08167826910908531, 0.0830352613583777, 0.08167827744938584, 0.08303525713318131, 0.08303524878833327, 0.08303525713318131, 0.08167826910908531, 0.08167828652569635, 0.08303522561014126, 0.08167827744938584, 0.08303525713318131, 0.08303524878833327, 0.08167827744938584], [0.08259594672492182, 0.08415814179289088, 0.07375301963680188, 0.07323637985394282, 0.08334010492500511, 0.07222360176723787, 0.07535477507599216, 0.08450605894421978, 0.07221886226537562, 0.07768407300985501, 0.08152713435076019, 0.07569834697537176, 0.07439279890144768, 0.07223676143891276, 0.08244467074239549, 0.08257265565958, 0.07248082781084739, 0.0731745929052261, 0.07372315327053924, 0.08167827744938584, 0.0, 0.010486740825027088, 0.0, 0.0, 0.010486747197592561, 0.0, 0.010486767726039195, 2.7123519890617935e-08, 0.010486749256927063, 0.0, 0.010486767726039195, 0.010486747197592561, 0.010486767726039195, 2.7123519890617935e-08, 1.1677836928507076e-07, 0.010486740825027088, 0.0, 0.010486767726039195, 0.010486747197592561, 0.0], [0.08407431864922094, 0.08586592592337484, 0.07574978704129318, 0.07491180317182662, 0.08463488274128123, 0.07401468001334181, 0.07772747612128893, 0.08669750283295218, 0.07401726846501538, 0.0798843144410859, 0.08295123723694654, 0.07728457060044487, 0.07636972007847373, 0.07423914560825091, 0.08365424593643155, 0.08477578836177443, 0.07488798725693686, 0.07510019800032205, 0.07557655394487606, 0.08303522561014126, 0.010486740825027088, 0.0, 0.010486740825027088, 0.010486740825027088, 6.900513547800015e-08, 0.010486740825027088, 6.368694511580779e-08, 0.010486753362684917, 6.068028533116808e-08, 0.010486740825027088, 6.368694511580779e-08, 6.900513547800015e-08, 6.368694511580779e-08, 0.010486753362684917, 0.010486775159039206, 0.0, 0.010486740825027088, 6.368694511580779e-08, 6.900513547800015e-08, 0.010486740825027088], [0.08259594672492182, 0.08415814179289088, 0.07375301963680188, 0.07323637985394282, 0.08334010492500511, 0.07222360176723787, 0.07535477507599216, 0.08450605894421978, 0.07221886226537562, 0.07768407300985501, 0.08152713435076019, 0.07569834697537176, 0.07439279890144768, 0.07223676143891276, 0.08244467074239549, 0.08257265565958, 0.07248082781084739, 0.0731745929052261, 0.07372315327053924, 0.08167827744938584, 0.0, 0.010486740825027088, 0.0, 0.0, 0.010486747197592561, 0.0, 0.010486767726039195, 2.7123519890617935e-08, 0.010486749256927063, 0.0, 0.010486767726039195, 0.010486747197592561, 0.010486767726039195, 2.7123519890617935e-08, 1.1677836928507076e-07, 0.010486740825027088, 0.0, 0.010486767726039195, 0.010486747197592561, 0.0], [0.08259594672492182, 0.08415814179289088, 0.07375301963680188, 0.07323637985394282, 0.08334010492500511, 0.07222360176723787, 0.07535477507599216, 0.08450605894421978, 0.07221886226537562, 0.07768407300985501, 0.08152713435076019, 0.07569834697537176, 0.07439279890144768, 0.07223676143891276, 0.08244467074239549, 0.08257265565958, 0.07248082781084739, 0.0731745929052261, 0.07372315327053924, 0.08167827744938584, 0.0, 0.010486740825027088, 0.0, 0.0, 0.010486747197592561, 0.0, 0.010486767726039195, 2.7123519890617935e-08, 0.010486749256927063, 0.0, 0.010486767726039195, 0.010486747197592561, 0.010486767726039195, 2.7123519890617935e-08, 1.1677836928507076e-07, 0.010486740825027088, 0.0, 0.010486767726039195, 0.010486747197592561, 0.0], [0.08407433839535304, 0.08586594800591023, 0.07574979651325194, 0.07491181631680335, 0.0846349024695297, 0.07401469049980798, 0.07772748999231678, 0.08669752297293801, 0.07401728162933971, 0.07988432791116426, 0.08295125727624118, 0.07728458240008926, 0.07636973202745534, 0.07423915492766701, 0.08365426621110056, 0.08477580824338787, 0.07488799613576157, 0.07510020684788793, 0.07557656277175281, 0.08303524878833327, 0.010486747197592561, 6.900513547800015e-08, 0.010486747197592561, 0.010486747197592561, 0.0, 0.010486747197592561, 9.739987632958187e-08, 0.010486759735376295, 7.869398239301028e-08, 0.010486747197592561, 9.739987632958187e-08, 0.0, 9.739987632958187e-08, 0.010486759735376295, 0.010486781531879182, 6.900513547800015e-08, 0.010486747197592561, 9.739987632958187e-08, 0.0, 0.010486747197592561], [0.08259594672492182, 0.08415814179289088, 0.07375301963680188, 0.07323637985394282, 0.08334010492500511, 0.07222360176723787, 0.07535477507599216, 0.08450605894421978, 0.07221886226537562, 0.07768407300985501, 0.08152713435076019, 0.07569834697537176, 0.07439279890144768, 0.07223676143891276, 0.08244467074239549, 0.08257265565958, 0.07248082781084739, 0.0731745929052261, 0.07372315327053924, 0.08167827744938584, 0.0, 0.010486740825027088, 0.0, 0.0, 0.010486747197592561, 0.0, 0.010486767726039195, 2.7123519890617935e-08, 0.010486749256927063, 0.0, 0.010486767726039195, 0.010486747197592561, 0.010486767726039195, 2.7123519890617935e-08, 1.1677836928507076e-07, 0.010486740825027088, 0.0, 0.010486767726039195, 0.010486747197592561, 0.0], [0.0840743539871706, 0.08586596050975824, 0.07574982707051793, 0.07491184127971612, 0.08463491593058477, 0.07401471566431517, 0.07772751458197025, 0.08669753851466586, 0.07401730659041843, 0.07988435165564797, 0.08295127010339912, 0.07728460779682945, 0.07636975797894176, 0.07423918485032688, 0.08365427940832731, 0.08477582524218717, 0.07488802537228252, 0.07510023485660804, 0.07557659131256819, 0.08303525713318131, 0.010486767726039195, 6.368694511580779e-08, 0.010486767726039195, 0.010486767726039195, 9.739987632958187e-08, 0.010486767726039195, 0.0, 0.010486780263708228, 4.111044208007882e-08, 0.010486767726039195, 0.0, 9.739987632958187e-08, 0.0, 0.010486780263708228, 0.010486802059889236, 6.368694511580779e-08, 0.010486767726039195, 0.0, 9.739987632958187e-08, 0.010486767726039195], [0.08259593819093722, 0.0841581320976496, 0.07375301604209153, 0.07323637629220232, 0.08334009661203337, 0.07222359887029776, 0.07535477030638658, 0.08450605045699561, 0.07221885896923057, 0.07768406891285881, 0.08152712646837988, 0.07569834414024629, 0.07439279496147605, 0.07223675861242923, 0.08244466288806193, 0.08257264586411323, 0.07248082550638846, 0.07317459028015028, 0.0737231507013668, 0.08167826910908531, 2.7123519890617935e-08, 0.010486753362684917, 2.7123519890617935e-08, 2.7123519890617935e-08, 0.010486759735376295, 2.7123519890617935e-08, 0.010486780263708228, 0.0, 0.010486761794641022, 2.7123519890617935e-08, 0.010486780263708228, 0.010486759735376295, 0.010486780263708228, 0.0, 1.1093763010422163e-07, 0.010486753362684917, 2.7123519890617935e-08, 0.010486780263708228, 0.010486759735376295, 2.7123519890617935e-08], [0.08407435691568199, 0.0858659655737972, 0.07574982501281985, 0.07491184095549706, 0.0846349213394712, 0.0740147178210046, 0.07772751484916127, 0.08669753980937407, 0.07401730708513139, 0.07988435227451549, 0.08295127523223188, 0.07728460884513659, 0.0763697580344284, 0.07423918291375978, 0.08365428514868506, 0.08477582737657359, 0.0748880244800418, 0.07510023399248672, 0.0755765922154896, 0.0830352613583777, 0.010486749256927063, 6.068028533116808e-08, 0.010486749256927063, 0.010486749256927063, 7.869398239301028e-08, 0.010486749256927063, 4.111044208007882e-08, 0.010486761794641022, 0.0, 0.010486749256927063, 4.111044208007882e-08, 7.869398239301028e-08, 4.111044208007882e-08, 0.010486761794641022, 0.010486783591135123, 6.068028533116808e-08, 0.010486749256927063, 4.111044208007882e-08, 7.869398239301028e-08, 0.010486749256927063], [0.08259594672492182, 0.08415814179289088, 0.07375301963680188, 0.07323637985394282, 0.08334010492500511, 0.07222360176723787, 0.07535477507599216, 0.08450605894421978, 0.07221886226537562, 0.07768407300985501, 0.08152713435076019, 0.07569834697537176, 0.07439279890144768, 0.07223676143891276, 0.08244467074239549, 0.08257265565958, 0.07248082781084739, 0.0731745929052261, 0.07372315327053924, 0.08167827744938584, 0.0, 0.010486740825027088, 0.0, 0.0, 0.010486747197592561, 0.0, 0.010486767726039195, 2.7123519890617935e-08, 0.010486749256927063, 0.0, 0.010486767726039195, 0.010486747197592561, 0.010486767726039195, 2.7123519890617935e-08, 1.1677836928507076e-07, 0.010486740825027088, 0.0, 0.010486767726039195, 0.010486747197592561, 0.0], [0.0840743539871706, 0.08586596050975824, 0.07574982707051793, 0.07491184127971612, 0.08463491593058477, 0.07401471566431517, 0.07772751458197025, 0.08669753851466586, 0.07401730659041843, 0.07988435165564797, 0.08295127010339912, 0.07728460779682945, 0.07636975797894176, 0.07423918485032688, 0.08365427940832731, 0.08477582524218717, 0.07488802537228252, 0.07510023485660804, 0.07557659131256819, 0.08303525713318131, 0.010486767726039195, 6.368694511580779e-08, 0.010486767726039195, 0.010486767726039195, 9.739987632958187e-08, 0.010486767726039195, 0.0, 0.010486780263708228, 4.111044208007882e-08, 0.010486767726039195, 0.0, 9.739987632958187e-08, 0.0, 0.010486780263708228, 0.010486802059889236, 6.368694511580779e-08, 0.010486767726039195, 0.0, 9.739987632958187e-08, 0.010486767726039195], [0.08407433839535304, 0.08586594800591023, 0.07574979651325194, 0.07491181631680335, 0.0846349024695297, 0.07401469049980798, 0.07772748999231678, 0.08669752297293801, 0.07401728162933971, 0.07988432791116426, 0.08295125727624118, 0.07728458240008926, 0.07636973202745534, 0.07423915492766701, 0.08365426621110056, 0.08477580824338787, 0.07488799613576157, 0.07510020684788793, 0.07557656277175281, 0.08303524878833327, 0.010486747197592561, 6.900513547800015e-08, 0.010486747197592561, 0.010486747197592561, 0.0, 0.010486747197592561, 9.739987632958187e-08, 0.010486759735376295, 7.869398239301028e-08, 0.010486747197592561, 9.739987632958187e-08, 0.0, 9.739987632958187e-08, 0.010486759735376295, 0.010486781531879182, 6.900513547800015e-08, 0.010486747197592561, 9.739987632958187e-08, 0.0, 0.010486747197592561], [0.0840743539871706, 0.08586596050975824, 0.07574982707051793, 0.07491184127971612, 0.08463491593058477, 0.07401471566431517, 0.07772751458197025, 0.08669753851466586, 0.07401730659041843, 0.07988435165564797, 0.08295127010339912, 0.07728460779682945, 0.07636975797894176, 0.07423918485032688, 0.08365427940832731, 0.08477582524218717, 0.07488802537228252, 0.07510023485660804, 0.07557659131256819, 0.08303525713318131, 0.010486767726039195, 6.368694511580779e-08, 0.010486767726039195, 0.010486767726039195, 9.739987632958187e-08, 0.010486767726039195, 0.0, 0.010486780263708228, 4.111044208007882e-08, 0.010486767726039195, 0.0, 9.739987632958187e-08, 0.0, 0.010486780263708228, 0.010486802059889236, 6.368694511580779e-08, 0.010486767726039195, 0.0, 9.739987632958187e-08, 0.010486767726039195], [0.08259593819093722, 0.0841581320976496, 0.07375301604209153, 0.07323637629220232, 0.08334009661203337, 0.07222359887029776, 0.07535477030638658, 0.08450605045699561, 0.07221885896923057, 0.07768406891285881, 0.08152712646837988, 0.07569834414024629, 0.07439279496147605, 0.07223675861242923, 0.08244466288806193, 0.08257264586411323, 0.07248082550638846, 0.07317459028015028, 0.0737231507013668, 0.08167826910908531, 2.7123519890617935e-08, 0.010486753362684917, 2.7123519890617935e-08, 2.7123519890617935e-08, 0.010486759735376295, 2.7123519890617935e-08, 0.010486780263708228, 0.0, 0.010486761794641022, 2.7123519890617935e-08, 0.010486780263708228, 0.010486759735376295, 0.010486780263708228, 0.0, 1.1093763010422163e-07, 0.010486753362684917, 2.7123519890617935e-08, 0.010486780263708228, 0.010486759735376295, 2.7123519890617935e-08], [0.08259595775511046, 0.08415814421729986, 0.07375303313301569, 0.0732363914895561, 0.08334010947851211, 0.07222360208049185, 0.07535477733379543, 0.08450606689133097, 0.07221886834340843, 0.0776840758218109, 0.08152713747721077, 0.07569835296182449, 0.07439280658137899, 0.0722367731047826, 0.08244467381575125, 0.08257266192185979, 0.07248082938313312, 0.07317460286775683, 0.07372315674993403, 0.08167828652569635, 1.1677836928507076e-07, 0.010486775159039206, 1.1677836928507076e-07, 1.1677836928507076e-07, 0.010486781531879182, 1.1677836928507076e-07, 0.010486802059889236, 1.1093763010422163e-07, 0.010486783591135123, 1.1677836928507076e-07, 0.010486802059889236, 0.010486781531879182, 0.010486802059889236, 1.1093763010422163e-07, 0.0, 0.010486775159039206, 1.1677836928507076e-07, 0.010486802059889236, 0.010486781531879182, 1.1677836928507076e-07], [0.08407431864922094, 0.08586592592337484, 0.07574978704129318, 0.07491180317182662, 0.08463488274128123, 0.07401468001334181, 0.07772747612128893, 0.08669750283295218, 0.07401726846501538, 0.0798843144410859, 0.08295123723694654, 0.07728457060044487, 0.07636972007847373, 0.07423914560825091, 0.08365424593643155, 0.08477578836177443, 0.07488798725693686, 0.07510019800032205, 0.07557655394487606, 0.08303522561014126, 0.010486740825027088, 0.0, 0.010486740825027088, 0.010486740825027088, 6.900513547800015e-08, 0.010486740825027088, 6.368694511580779e-08, 0.010486753362684917, 6.068028533116808e-08, 0.010486740825027088, 6.368694511580779e-08, 6.900513547800015e-08, 6.368694511580779e-08, 0.010486753362684917, 0.010486775159039206, 0.0, 0.010486740825027088, 6.368694511580779e-08, 6.900513547800015e-08, 0.010486740825027088], [0.08259594672492182, 0.08415814179289088, 0.07375301963680188, 0.07323637985394282, 0.08334010492500511, 0.07222360176723787, 0.07535477507599216, 0.08450605894421978, 0.07221886226537562, 0.07768407300985501, 0.08152713435076019, 0.07569834697537176, 0.07439279890144768, 0.07223676143891276, 0.08244467074239549, 0.08257265565958, 0.07248082781084739, 0.0731745929052261, 0.07372315327053924, 0.08167827744938584, 0.0, 0.010486740825027088, 0.0, 0.0, 0.010486747197592561, 0.0, 0.010486767726039195, 2.7123519890617935e-08, 0.010486749256927063, 0.0, 0.010486767726039195, 0.010486747197592561, 0.010486767726039195, 2.7123519890617935e-08, 1.1677836928507076e-07, 0.010486740825027088, 0.0, 0.010486767726039195, 0.010486747197592561, 0.0], [0.0840743539871706, 0.08586596050975824, 0.07574982707051793, 0.07491184127971612, 0.08463491593058477, 0.07401471566431517, 0.07772751458197025, 0.08669753851466586, 0.07401730659041843, 0.07988435165564797, 0.08295127010339912, 0.07728460779682945, 0.07636975797894176, 0.07423918485032688, 0.08365427940832731, 0.08477582524218717, 0.07488802537228252, 0.07510023485660804, 0.07557659131256819, 0.08303525713318131, 0.010486767726039195, 6.368694511580779e-08, 0.010486767726039195, 0.010486767726039195, 9.739987632958187e-08, 0.010486767726039195, 0.0, 0.010486780263708228, 4.111044208007882e-08, 0.010486767726039195, 0.0, 9.739987632958187e-08, 0.0, 0.010486780263708228, 0.010486802059889236, 6.368694511580779e-08, 0.010486767726039195, 0.0, 9.739987632958187e-08, 0.010486767726039195], [0.08407433839535304, 0.08586594800591023, 0.07574979651325194, 0.07491181631680335, 0.0846349024695297, 0.07401469049980798, 0.07772748999231678, 0.08669752297293801, 0.07401728162933971, 0.07988432791116426, 0.08295125727624118, 0.07728458240008926, 0.07636973202745534, 0.07423915492766701, 0.08365426621110056, 0.08477580824338787, 0.07488799613576157, 0.07510020684788793, 0.07557656277175281, 0.08303524878833327, 0.010486747197592561, 6.900513547800015e-08, 0.010486747197592561, 0.010486747197592561, 0.0, 0.010486747197592561, 9.739987632958187e-08, 0.010486759735376295, 7.869398239301028e-08, 0.010486747197592561, 9.739987632958187e-08, 0.0, 9.739987632958187e-08, 0.010486759735376295, 0.010486781531879182, 6.900513547800015e-08, 0.010486747197592561, 9.739987632958187e-08, 0.0, 0.010486747197592561], [0.08259594672492182, 0.08415814179289088, 0.07375301963680188, 0.07323637985394282, 0.08334010492500511, 0.07222360176723787, 0.07535477507599216, 0.08450605894421978, 0.07221886226537562, 0.07768407300985501, 0.08152713435076019, 0.07569834697537176, 0.07439279890144768, 0.07223676143891276, 0.08244467074239549, 0.08257265565958, 0.07248082781084739, 0.0731745929052261, 0.07372315327053924, 0.08167827744938584, 0.0, 0.010486740825027088, 0.0, 0.0, 0.010486747197592561, 0.0, 0.010486767726039195, 2.7123519890617935e-08, 0.010486749256927063, 0.0, 0.010486767726039195, 0.010486747197592561, 0.010486767726039195, 2.7123519890617935e-08, 1.1677836928507076e-07, 0.010486740825027088, 0.0, 0.010486767726039195, 0.010486747197592561, 0.0]], "Angle": [[0.0, 0.023344662475893424, 0.06677161388923564, 0.08278370659039977, 0.012459937607662244, 0.07499371873595513, 0.05334912328851578, 0.032951482701115316, 0.07631855413730165, 0.07948349599240032, 0.06286599288263518, 0.07166502126872802, 0.06997821840403842, 0.061053745981413284, 0.06126519373267497, 0.041315594465604746, 0.07214902069256475, 0.0842225500821981, 0.0831869240376131, 0.040239191512530956, 0.19343613336323387, 0.18922136377703844, 0.19343613336323387, 0.19343613336323387, 0.18922136594868505, 0.19343613336323387, 0.18922140691756356, 0.19343612287740153, 0.1892214292613677, 0.19343613336323387, 0.18922140691756356, 0.18922136594868505, 0.18922140691756356, 0.19343612287740153, 0.1934361472826633, 0.18922136377703844, 0.19343613336323387, 0.18922140691756356, 0.18922136594868505, 0.19343613336323387], [0.023344662475893424, 0.0, 0.06486974608767819, 0.07317489804690552, 0.015172426590421142, 0.0756781147728675, 0.05165989438330395, 0.04156730334735189, 0.06918964478829943, 0.06994590272988127, 0.0491863297033875, 0.06150083329434367, 0.07082906196066217, 0.06234450779051206, 0.047727081310510754, 0.04199798198047896, 0.06427325241080978, 0.07906524393948156, 0.07249198216917126, 0.041998993870754404, 0.18337287682396622, 0.17852180913961108, 0.18337287682396622, 0.18337287682396622, 0.17852181076644216, 0.18337287682396622, 0.17852185272034402, 0.18337286726358967, 0.17852187346046916, 0.18337287682396622, 0.17852185272034402, 0.17852181076644216, 0.17852185272034402, 0.18337286726358967, 0.18337289115968342, 0.17852180913961108, 0.18337287682396622, 0.17852185272034402, 0.17852181076644216, 0.18337287682396622], [0.06677161388923564, 0.06486974608767819, 0.0, 0.03613768955062383, 0.06258720730268816, 0.030353462431225425, 0.02581182573157169, 0.0645131954573678, 0.03861373456079751, 0.05161692607378954, 0.07080142740805069, 0.04084556617206438, 0.03178321157376087, 0.012918375052283035, 0.07288282306879493, 0.06243738097200742, 0.03748271259973203, 0.027682667973563772, 0.04042340594006628, 0.06055198119227239, 0.18391008343138646, 0.1807607075591982, 0.18391008343138646, 0.18391008343138646, 0.18076071609596878, 0.18391008343138646, 0.18076075118760274, 0.18391007906794887, 0.180760775426634, 0.18391008343138646, 0.18076075118760274, 0.18076071609596878, 0.18076075118760274, 0.18391007906794887, 0.18391010717032868, 0.1807607075591982, 0.18391008343138646, 0.18076075118760274, 0.18076071609596878, 0.18391008343138646], [0.08278370659039977, 0.07317489804690552, 0.03613768955062383, 0.0, 0.07750132348935454, 0.03630187278715431, 0.037994184741815935, 0.08891299026825925, 0.018666639500608127, 0.02810522681888823, 0.07288766755833612, 0.02625880924984408, 0.03808552132347974, 0.045037366974150846, 0.0751218225132907, 0.08196501225883629, 0.017488207318933496, 0.032756070445730916, 0.012960244712637964, 0.08271158713203242, 0.15876212821715424, 0.1560076460093407, 0.15876212821715424, 0.15876212821715424, 0.15600765243067358, 0.15876212821715424, 0.15600768914973556, 0.1587621245802872, 0.15600770950247603, 0.15876212821715424, 0.15600768914973556, 0.15600765243067358, 0.15600768914973556, 0.1587621245802872, 0.15876215345354347, 0.1560076460093407, 0.15876212821715424, 0.15600768914973556, 0.15600765243067358, 0.15876212821715424], [0.012459937607662244, 0.015172426590421142, 0.06258720730268816, 0.07750132348935454, 0.0, 0.07386935552281607, 0.05044569243568858, 0.0289806294880818, 0.0721942273286519, 0.07488740474157633, 0.05197922320514824, 0.06775957212661429, 0.06853781001593691, 0.05777350478106493, 0.050553677247352914, 0.03324914766309283, 0.0686547250683672, 0.07815234273402037, 0.07689059523180135, 0.03228756518354207, 0.19067314380293152, 0.18625554296986113, 0.19067314380293152, 0.19067314380293152, 0.18625554613799486, 0.19067314380293152, 0.18625558693773295, 0.19067313451224513, 0.18625560939486077, 0.19067314380293152, 0.18625558693773295, 0.18625554613799486, 0.18625558693773295, 0.19067313451224513, 0.19067315865667783, 0.18625554296986113, 0.19067314380293152, 0.18625558693773295, 0.18625554613799486, 0.19067314380293152], [0.07499371873595513, 0.0756781147728675, 0.030353462431225425, 0.03630187278715431, 0.07386935552281607, 0.0, 0.02641731685724675, 0.08133830688777202, 0.028346040329226944, 0.040901444476799165, 0.08297369340809198, 0.044440042943447534, 0.011540098356046087, 0.03167000538034599, 0.08430225721120044, 0.07820692576161223, 0.03106315373020109, 0.03749152808151562, 0.04011036647499105, 0.07940366340183826, 0.17365339049873288, 0.17234444192066609, 0.17365339049873288, 0.17365339049873288, 0.17234444798631168, 0.17365339049873288, 0.17234448247982603, 0.17365338488071191, 0.17234450496099846, 0.17365339049873288, 0.17234448247982603, 0.17234444798631168, 0.17234448247982603, 0.17365338488071191, 0.17365341539381787, 0.17234444192066609, 0.17365339049873288, 0.17234448247982603, 0.17234444798631168, 0.17365339049873288], [0.05334912328851578, 0.05165989438330395, 0.02581182573157169, 0.037994184741815935, 0.05044569243568858, 0.02641731685724675, 0.0, 0.05972708441959635, 0.0308578901535359, 0.03886845147260387, 0.06268014847439096, 0.03790121829921929, 0.02413732057279775, 0.02408803155257231, 0.06364477997681883, 0.05683139446472924, 0.030432463552612327, 0.04025773537248954, 0.03892066732896923, 0.058607979673175374, 0.1785128675679483, 0.17587363112861648, 0.1785128675679483, 0.1785128675679483, 0.17587363562382574, 0.1785128675679483, 0.17587367383679578, 0.17851286090631904, 0.17587369605146386, 0.1785128675679483, 0.17587367383679578, 0.17587363562382574, 0.17587367383679578, 0.17851286090631904, 0.17851288930263348, 0.17587363112861648, 0.1785128675679483, 0.17587367383679578, 0.17587363562382574, 0.1785128675679483], [0.032951482701115316, 0.04156730334735189, 0.0645131954573678, 0.08891299026825925, 0.0289806294880818, 0.08133830688777202, 0.05972708441959635, 0.0, 0.08503999871053168, 0.08993124187055151, 0.05741137751905383, 0.08369228220294751, 0.07635185002342372, 0.05681603212474028, 0.05705279967598682, 0.021721299978450664, 0.08378631817272916, 0.07929826418972008, 0.08780664927046708, 0.01745564847057509, 0.2073268496881752, 0.202897065681718, 0.2073268496881752, 0.2073268496881752, 0.2028970725657737, 0.2073268496881752, 0.2028971111902709, 0.20732684240838925, 0.20289713672709983, 0.2073268496881752, 0.2028971111902709, 0.2028970725657737, 0.2028971111902709, 0.20732684240838925, 0.20732686540531645, 0.202897065681718, 0.2073268496881752, 0.2028971111902709, 0.2028970725657737, 0.2073268496881752], [0.07631855413730165, 0.06918964478829943, 0.03861373456079751, 0.018666639500608127, 0.0721942273286519, 0.028346040329226944, 0.0308578901535359, 0.08503999871053168, 0.0, 0.016399750644545966, 0.06911758280956512, 0.03334033605710322, 0.02607482062610776, 0.043891736238012985, 0.070595980831716, 0.07730848120669884, 0.015468672616980577, 0.035191738877526246, 0.017550763462117844, 0.07962087680264049, 0.15916134976007595, 0.15756864553385297, 0.15916134976007595, 0.15916134976007595, 0.15756865095137113, 0.15916134976007595, 0.15756868938442764, 0.15916134515175295, 0.15756870944667087, 0.15916134976007595, 0.15756868938442764, 0.15756865095137113, 0.15756868938442764, 0.15916134515175295, 0.1591613746757