{"Bond": [[0.0, 0.012968653287956705, 0.016168811965767284, 0.014727493916655095, 0.013369993615120711, 0.014166209278394059, 0.013338455324943542, 0.014193751759274637, 0.009162656794253887, 0.013365458154212494, 0.009582311771007984, 0.013921340653227128, 0.01125708240468473, 0.02201463004394848, 0.018450535977022946, 0.015055039320380752, 0.011519001652447604, 0.013402592012582685, 0.012659313733851606, 0.019220225455818238, 0.02844861016132174, 0.02844859045941803, 0.031030932633911094, 0.03103093726819544, 0.03103101395248184, 0.031030944298439292, 0.031030914018535142, 0.031030928041663717, 0.031030935498715235, 0.03103091369915841, 0.031031028693078833, 0.02844859045941803, 0.02844868589771803, 0.031030914018535142, 0.03103103723986651, 0.028448417746784617, 0.03103101395248184, 0.03103093944940283, 0.03103103723986651, 0.0284487039677295], [0.012968653287956705, 0.0, 0.02153348827721542, 0.014298282427190705, 0.016879921166896756, 0.011882249642017477, 0.016395217320774137, 0.023889509706027302, 0.017094716332214755, 0.010857389808662769, 0.01380258763314733, 0.015318674157950246, 0.015218411975207343, 0.02645893821042695, 0.01674368132297901, 0.01806747007053766, 0.008774299241328592, 0.017972159400970647, 0.012658277429880092, 0.01869117928955747, 0.0256215320630933, 0.025621564253941496, 0.032041090619219996, 0.03204109383959069, 0.03204114929689514, 0.03204106628282153, 0.03204106325172737, 0.03204107539097644, 0.032041091004396456, 0.03204108743851657, 0.032041184290761776, 0.025621564253941496, 0.02562166148952443, 0.03204106325172737, 0.032041110423881955, 0.025621384236755237, 0.03204114929689514, 0.0320410944380976, 0.032041110423881955, 0.025621675322125267], [0.016168811965767284, 0.02153348827721542, 0.0, 0.013694130964112214, 0.022726086409815563, 0.020077517339578257, 0.02232363334789058, 0.021254503762336088, 0.018029294932549424, 0.024528871756353994, 0.01736576994437537, 0.024710063324239483, 0.020215338477217005, 0.02286273638559791, 0.022232859813985387, 0.024866332077410593, 0.014955206174510889, 0.020990097041536645, 0.02054529114949234, 0.02936306123486673, 0.03357698624601718, 0.03357701785583566, 0.03444517718968092, 0.03444517514410494, 0.03444525540550926, 0.03444518190730543, 0.03444513539603938, 0.0344451675059993, 0.03444515006560188, 0.0344450713881255, 0.034445219111124976, 0.03357701785583566, 0.03357710984500818, 0.03444513539603938, 0.03444519405180384, 0.03357691094130318, 0.03444525540550926, 0.03444517955251204, 0.03444519405180384, 0.03357712634168596], [0.014727493916655095, 0.014298282427190705, 0.013694130964112214, 0.0, 0.014908199889581721, 0.016520949247912836, 0.017546489724773618, 0.023128848582042665, 0.018263112064838185, 0.015991545196761513, 0.013262453884404075, 0.016844282911174867, 0.018795746438407947, 0.019503472141763723, 0.016481064046245445, 0.023597172055324467, 0.011111074106574751, 0.01842549541032863, 0.012097779612072755, 0.02386690012419639, 0.03197281447603678, 0.03197283414083391, 0.0369963256174058, 0.03699633346897671, 0.036996400678338065, 0.03699628209090889, 0.03699628395081928, 0.03699630969480586, 0.036996311942834724, 0.03699632474908414, 0.03699646055787664, 0.03197283414083391, 0.0319729482859842, 0.03699628395081928, 0.036996418510874055, 0.03197272441240853, 0.036996400678338065, 0.0369963291677641, 0.036996418510874055, 0.03197296097010031], [0.013369993615120711, 0.016879921166896756, 0.022726086409815563, 0.014908199889581721, 0.0, 0.021929804663202955, 0.01620277325938696, 0.023231286414514614, 0.017530340520185567, 0.012119221688672003, 0.014075668533721249, 0.008329254005506636, 0.01985287300522515, 0.013826007039121036, 0.02217438396357932, 0.02175052953580928, 0.019199225255868, 0.01796983638040087, 0.010312098469805778, 0.018572427972194872, 0.03669780955620834, 0.03669780183802621, 0.03763782952456273, 0.037637832810005815, 0.03763790941861917, 0.03763781226000896, 0.037637790787303976, 0.03763782014645762, 0.0376378104404324, 0.037637816142728736, 0.037637922358994456, 0.03669780183802621, 0.036697898548508856, 0.037637790787303976, 0.03763792005393737, 0.03669764294565943, 0.03763790941861917, 0.03763783228875337, 0.03763792005393737, 0.03669791255041351], [0.014166209278394059, 0.011882249642017477, 0.020077517339578257, 0.016520949247912836, 0.021929804663202955, 0.0, 0.01594767163561485, 0.019220764773985707, 0.012646678213930002, 0.019348167902011278, 0.01841435962714857, 0.020495903572216048, 0.010253024750441956, 0.03194806118189413, 0.011357569061763854, 0.01897743599884166, 0.008254647460452269, 0.014616633936055869, 0.018806666588040324, 0.027652971171880248, 0.027330258563444176, 0.02733027295535203, 0.026811780027094244, 0.026811789559253237, 0.026811864508419606, 0.02681176750411461, 0.026811759403850877, 0.026811757368313316, 0.026811770921396253, 0.026811683202179862, 0.026811846112824358, 0.02733027295535203, 0.027330383884895088, 0.026811759403850877, 0.026811793618396557, 0.02733012254829439, 0.026811864508419606, 0.026811793477975448, 0.026811793618396557, 0.027330399478925665], [0.013338455324943542, 0.016395217320774137, 0.02232363334789058, 0.017546489724773618, 0.01620277325938696, 0.01594767163561485, 0.0, 0.020748934449246, 0.013656378775060029, 0.018507337127014786, 0.016367049746399694, 0.01692139327111852, 0.014678476912328165, 0.026356613393385003, 0.018316578253723858, 0.01989112053673345, 0.015205591045820482, 0.017148953493442146, 0.01806160196052772, 0.02394510580462864, 0.033167256629493144, 0.03316721710762201, 0.03678791525752336, 0.0367879173762745, 0.036788008896204406, 0.03678792039328771, 0.036787905362814545, 0.03678788637846533, 0.03678792636796689, 0.03678785828925872, 0.03678804290568896, 0.03316721710762201, 0.033167375562328835, 0.036787905362814545, 0.03678804011644164, 0.0331671160609091, 0.036788008896204406, 0.03678792124845199, 0.03678804011644164, 0.0331673815714266], [0.014193751759274637, 0.023889509706027302, 0.021254503762336088, 0.023128848582042665, 0.023231286414514614, 0.019220764773985707, 0.020748934449246, 0.0, 0.01476006333549229, 0.02458217077270194, 0.018935681091675677, 0.022499180266804315, 0.017513471785227275, 0.030613501449144147, 0.02020348541233291, 0.020101221333134814, 0.019720522849056395, 0.016968098761054377, 0.02479456907365055, 0.02995942757499285, 0.029554598245363974, 0.029554522484089733, 0.03281568699218592, 0.03281569921414685, 0.032815755030736395, 0.032815734682160584, 0.032815703094792606, 0.032815688556561334, 0.032815724579777356, 0.03281569828826408, 0.03281578600569621, 0.029554522484089733, 0.02955459368472562, 0.032815703094792606, 0.032815815052568885, 0.029554401974714716, 0.032815755030736395, 0.03281570254974427, 0.032815815052568885, 0.029554612332587406], [0.009162656794253887, 0.017094716332214755, 0.018029294932549424, 0.018263112064838185, 0.017530340520185567, 0.012646678213930002, 0.013656378775060029, 0.01476006333549229, 0.0, 0.020094293254720386, 0.017828151828300384, 0.01895481044124087, 0.009567403698980214, 0.027521088871149808, 0.0174041140003562, 0.018998938876652917, 0.014198398755199819, 0.013853904844370886, 0.017751874053949082, 0.026875721848393545, 0.03389382713760065, 0.03389381104236813, 0.03734547105344706, 0.03734548164894921, 0.037345549654680676, 0.03734546706502894, 0.037345454465353985, 0.037345463332524996, 0.037345478706471126, 0.03734546848176435, 0.037345590403047156, 0.03389381104236813, 0.0338939074891815, 0.037345454465353985, 0.037345590330505704, 0.033893642757262664, 0.037345549654680676, 0.037345480680513216, 0.037345590330505704, 0.03389392608626453], [0.013365458154212494, 0.010857389808662769, 0.024528871756353994, 0.015991545196761513, 0.012119221688672003, 0.019348167902011278, 0.018507337127014786, 0.02458217077270194, 0.020094293254720386, 0.0, 0.010620983533493377, 0.009997318513749923, 0.01861018423170671, 0.02128275662074474, 0.021823134470442842, 0.01891671534421723, 0.015962740405972457, 0.018223555104901364, 0.007986314093857659, 0.013974267040080191, 0.02856802980716897, 0.028568013671941908, 0.031166831043048474, 0.031166836772407194, 0.031166912054503896, 0.031166815901460868, 0.03116679696057484, 0.031166829893770412, 0.031166821020297903, 0.03116686527943294, 0.03116695162548014, 0.028568013671941908, 0.028568106236342504, 0.03116679696057484, 0.03116695828650903, 0.028567841566091098, 0.031166912054503896, 0.03116683547289872, 0.03116695828650903, 0.028568122411231328], [0.009582311771007984, 0.01380258763314733, 0.01736576994437537, 0.013262453884404075, 0.014075668533721249, 0.01841435962714857, 0.016367049746399694, 0.018935681091675677, 0.017828151828300384, 0.010620983533493377, 0.0, 0.01216034148831025, 0.016706316721266552, 0.018367398691911892, 0.02065822643976412, 0.015713497399725107, 0.013043822161174183, 0.0151323380931952, 0.01208747140437186, 0.016723580212875813, 0.026133732987932694, 0.026133701982522742, 0.03546192142134967, 0.035461920598600614, 0.03546199722258602, 0.0354619447416973, 0.035461904161396766, 0.03546191709313488, 0.03546193157797198, 0.03546192055888852, 0.03546202572333625, 0.026133701982522742, 0.026133818459881268, 0.035461904161396766, 0.035462024836368455, 0.02613357656429557, 0.03546199722258602, 0.035461925006928685, 0.035462024836368455, 0.02613383383880699], [0.013921340653227128, 0.015318674157950246, 0.024710063324239483, 0.016844282911174867, 0.008329254005506636, 0.020495903572216048, 0.01692139327111852, 0.022499180266804315, 0.01895481044124087, 0.009997318513749923, 0.01216034148831025, 0.0, 0.018773010257951722, 0.018677516494248633, 0.020532288230747597, 0.017690166997210873, 0.01843003233431236, 0.014155793661371553, 0.01259946490989828, 0.01857652802738156, 0.03289323658551666, 0.03289322063853157, 0.03932982498928787, 0.039329823246342176, 0.03932989689762046, 0.03932984125008911, 0.03932979819981232, 0.03932981783165749, 0.03932982003767614, 0.039329803906911244, 0.039329888886670036, 0.03289322063853157, 0.03289331981782192, 0.03932979819981232, 0.03932986973499399, 0.03289306920220285, 0.03932989689762046, 0.03932982890479815, 0.03932986973499399, 0.03289333495470691], [0.01125708240468473, 0.015218411975207343, 0.020215338477217005, 0.018795746438407947, 0.01985287300522515, 0.010253024750441956, 0.014678476912328165, 0.017513471785227275, 0.009567403698980214, 0.01861018423170671, 0.016706316721266552, 0.018773010257951722, 0.0, 0.028497308622781894, 0.018973017209434718, 0.013320293522597264, 0.012917580764060124, 0.010617706488725414, 0.017275810878786133, 0.025042707597274443, 0.031647827254153056, 0.03164781271995944, 0.03701194379914079, 0.03701195239408278, 0.03701202389648353, 0.03701195317927366, 0.037011943929913464, 0.0370119307308169, 0.0370119673281977, 0.0370119156810476, 0.037012054773331374, 0.03164781271995944, 0.031647927564510854, 0.037011943929913464, 0.03701203074711518, 0.03164764108223026, 0.03701202389648353, 0.03701195589249898, 0.03701203074711518, 0.03164794449032047], [0.02201463004394848, 0.02645893821042695, 0.02286273638559791, 0.019503472141763723, 0.013826007039121036, 0.03194806118189413, 0.026356613393385003, 0.030613501449144147, 0.027521088871149808, 0.02128275662074474, 0.018367398691911892, 0.018677516494248633, 0.028497308622781894, 0.0, 0.032656720552536246, 0.026985234898547067, 0.02669927610050302, 0.02538594396821695, 0.01828870768698536, 0.02354481031118651, 0.042682501406299686, 0.04268251186385034, 0.041856600707353926, 0.04185659522515313, 0.041856680836767655, 0.041856597570796676, 0.04185655173092643, 0.041856592848233926, 0.041856564094411526, 0.04185652482287789, 0.041856640446545794, 0.04268251186385034, 0.04268260329249915, 0.04185655173092643, 0.041856638328539336, 0.04268238263016662, 0.041856680836767655, 0.041856598635754104, 0.041856638328539336, 0.042682616041129], [0.018450535977022946, 0.01674368132297901, 0.022232859813985387, 0.016481064046245445, 0.02217438396357932, 0.011357569061763854, 0.018316578253723858, 0.02020348541233291, 0.0174041140003562, 0.021823134470442842, 0.02065822643976412, 0.020532288230747597, 0.018973017209434718, 0.032656720552536246, 0.0, 0.025594073810144096, 0.01329592345155515, 0.01754086431377448, 0.02185793203600046, 0.03226913073546586, 0.029120786304372228, 0.02912077585299168, 0.029877290811827727, 0.029877301347709544, 0.029877372129271027, 0.029877279366368425, 0.029877254102574274, 0.029877273281483003, 0.02987727202446075, 0.029877244735257713, 0.02987737686375889, 0.02912077585299168, 0.029120882952451924, 0.029877254102574274, 0.029877341695818543, 0.029120692357351298, 0.029877372129271027, 0.029877302816455096, 0.029877341695818543, 0.029120898009145364], [0.015055039320380752, 0.01806747007053766, 0.024866332077410593, 0.023597172055324467, 0.02175052953580928, 0.01897743599884166, 0.01989112053673345, 0.020101221333134814, 0.018998938876652917, 0.01891671534421723, 0.015713497399725107, 0.017690166997210873, 0.013320293522597264, 0.026985234898547067, 0.025594073810144096, 0.0, 0.018483400045426073, 0.013735254122295325, 0.021232002995047364, 0.020748779157988798, 0.029202597125031895, 0.029202582649627058, 0.030613173748249383, 0.03061318136187053, 0.03061324319057794, 0.030613178133383816, 0.030613173559930394, 0.030613156836563717, 0.030613191413060487, 0.030613122560578916, 0.030613242382205447, 0.029202582649627058, 0.029202678402961254, 0.030613173559930394, 0.030613207149364944, 0.02920240700263989, 0.03061324319057794, 0.030613184530322274, 0.030613207149364944, 0.029202691851784396], [0.011519001652447604, 0.008774299241328592, 0.014955206174510889, 0.011111074106574751, 0.019199225255868, 0.008254647460452269, 0.015205591045820482, 0.019720522849056395, 0.014198398755199819, 0.015962740405972457, 0.013043822161174183, 0.01843003233431236, 0.012917580764060124, 0.02669927610050302, 0.01329592345155515, 0.018483400045426073, 0.0, 0.01590688953043808, 0.01522338725754565, 0.023714808678772556, 0.02528229968488794, 0.025282313690201362, 0.031140519941133933, 0.031140531882803475, 0.031140592179821472, 0.031140479732986937, 0.031140489120121663, 0.031140503154188634, 0.0311405197021254, 0.031140530085049807, 0.031140665297396408, 0.025282313690201362, 0.025282430756289765, 0.031140489120121663, 0.031140617131644458, 0.02528218086629612, 0.031140592179821472, 0.031140527079707377, 0.031140617131644458, 0.02528244571435562], [0.013402592012582685, 0.017972159400970647, 0.020990097041536645, 0.01842549541032863, 0.01796983638040087, 0.014616633936055869, 0.017148953493442146, 0.016968098761054377, 0.013853904844370886, 0.018223555104901364, 0.0151323380931952, 0.014155793661371553, 0.010617706488725414, 0.02538594396821695, 0.01754086431377448, 0.013735254122295325, 0.01590688953043808, 0.0, 0.018014270521290093, 0.02681361293296219, 0.032692771444283744, 0.03269274934333539, 0.036393670317949114, 0.03639367973312805, 0.036393760227794024, 0.03639367688409385, 0.03639364721220688, 0.03639366247180269, 0.03639366955939268, 0.03639364376086958, 0.03639377199616829, 0.03269274934333539, 0.032692861314427626, 0.03639364721220688, 0.0363937706148032, 0.03269260750635617, 0.036393760227794024, 0.03639368206038023, 0.0363937706148032, 0.03269288096205517], [0.012659313733851606, 0.012658277429880092, 0.02054529114949234, 0.012097779612072755, 0.010312098469805778, 0.018806666588040324, 0.01806160196052772, 0.02479456907365055, 0.017751874053949082, 0.007986314093857659, 0.01208747140437186, 0.01259946490989828, 0.017275810878786133, 0.01828870768698536, 0.02185793203600046, 0.021232002995047364, 0.01522338725754565, 0.018014270521290093, 0.0, 0.01703194402236208, 0.03317658996175941, 0.03317659460167275, 0.032558833856964745, 0.032558837381540515, 0.032558926410042786, 0.0325588178583839, 0.03255879219938249, 0.032558830206579896, 0.03255880748509189, 0.03255880589751128, 0.03255892723385236, 0.03317659460167275, 0.033176692085316, 0.03255879219938249, 0.03255893577809376, 0.033176422512291665, 0.032558926410042786, 0.03255883813952043, 0.03255893577809376, 0.03317670894415085], [0.019220225455818238, 0.01869117928955747, 0.02936306123486673, 0.02386690012419639, 0.018572427972194872, 0.027652971171880248, 0.02394510580462864, 0.02995942757499285, 0.026875721848393545, 0.013974267040080191, 0.016723580212875813, 0.01857652802738156, 0.025042707597274443, 0.02354481031118651, 0.03226913073546586, 0.020748779157988798, 0.023714808678772556, 0.02681361293296219, 0.01703194402236208, 0.0, 0.030532583059992076, 0.030532610166570752, 0.03594093275240165, 0.03594092269348716, 0.03594097677869801, 0.03594093245499717, 0.035940924747880326, 0.03594092107408881, 0.03594094653932341, 0.03594091782587115, 0.035940989344302815, 0.030532610166570752, 0.030532683972986776, 0.035940924747880326, 0.035940941728303144, 0.03053241742627476, 0.03594097677869801, 0.035940927591328845, 0.035940941728303144, 0.03053268938695118], [0.02844861016132174, 0.0256215320630933, 0.03357698624601718, 0.03197281447603678, 0.03669780955620834, 0.027330258563444176, 0.033167256629493144, 0.029554598245363974, 0.03389382713760065, 0.02856802980716897, 0.026133732987932694, 0.03289323658551666, 0.031647827254153056, 0.042682501406299686, 0.029120786304372228, 0.029202597125031895, 0.02528229968488794, 0.032692771444283744, 0.03317658996175941, 0.030532583059992076, 0.0, 3.0063472286469834e-07, 0.0027258477830082953, 0.0027258452980214163, 0.002725847779997711, 0.0027258705372215416, 0.002725867609200228, 0.0027258477780634665, 0.002725906717547235, 0.00272594760849654, 0.002725947613618268, 3.0063472286469834e-07, 3.303110154707432e-07, 0.002725867609200228, 0.002725883702166089, 3.359154081039397e-07, 0.002725847779997711, 0.0027258477794346696, 0.002725883702166089, 3.1917898152360696e-07], [0.02844859045941803, 0.025621564253941496, 0.03357701785583566, 0.03197283414083391, 0.03669780183802621, 0.02733027295535203, 0.03316721710762201, 0.029554522484089733, 0.03389381104236813, 0.028568013671941908, 0.026133701982522742, 0.03289322063853157, 0.03164781271995944, 0.04268251186385034, 0.02912077585299168, 0.029202582649627058, 0.025282313690201362, 0.03269274934333539, 0.03317659460167275, 0.030532610166570752, 3.0063472286469834e-07, 0.0, 0.0027258431248538746, 0.0027258406429877848, 0.00272584313034094, 0.002725865895243128, 0.002725862960705682, 0.0027258431230115115, 0.0027259020690078135, 0.0027259429668618023, 0.0027259429743491633, 0.0, 2.3103715834640638e-07, 0.002725862960705682, 0.002725879089862037, 3.087427957648198e-07, 0.00272584313034094, 0.0027258431248542137, 0.002725879089862037, 2.2166034626587972e-07], [0.031030932633911094, 0.032041090619219996, 0.03444517718968092, 0.0369963256174058, 0.03763782952456273, 0.026811780027094244, 0.03678791525752336, 0.03281568699218592, 0.03734547105344706, 0.031166831043048474, 0.03546192142134967, 0.03932982498928787, 0.03701194379914079, 0.041856600707353926, 0.029877290811827727, 0.030613173748249383, 0.031140519941133933, 0.036393670317949114, 0.032558833856964745, 0.03594093275240165, 0.0027258477830082953, 0.0027258431248538746, 0.0, 5.5206189201649304e-08, 1.7605639256348093e-07, 2.22571323308312e-07, 1.7246012971321282e-07, 1.0021968149087359e-07, 1.786869404868108e-07, 3.599191114305478e-07, 3.513412551767999e-07, 0.0027258431248538746, 0.0027258484972622924, 1.7246012971321282e-07, 6.241713584870632e-07, 0.0027258477788375426, 1.7605639256348093e-07, 4.8917996697128623e-08, 6.241713584870632e-07, 0.002725848497661104], [0.03103093726819544, 0.03204109383959069, 0.03444517514410494, 0.03699633346897671, 0.037637832810005815, 0.026811789559253237, 0.0367879173762745, 0.03281569921414685, 0.03734548164894921, 0.031166836772407194, 0.035461920598600614, 0.039329823246342176, 0.03701195239408278, 0.04185659522515313, 0.029877301347709544, 0.03061318136187053, 0.031140531882803475, 0.03639367973312805, 0.032558837381540515, 0.03594092269348716, 0.0027258452980214163, 0.0027258406429877848, 5.5206189201649304e-08, 0.0, 1.738277174572414e-07, 2.2531640799234515e-07, 1.5801477854044497e-07, 1.0483642223768664e-07, 1.6078883587764454e-07, 3.3063092842465046e-07, 3.230235439769416e-07, 0.0027258406429877848, 0.0027258460155104164, 1.5801477854044497e-07, 6.00891442519867e-07, 0.0027258452969281498, 1.738277174572414e-07, 2.9625879657112677e-08, 6.00891442519867e-07, 0.0027258460156779447], [0.03103101395248184, 0.03204114929689514, 0.03444525540550926, 0.036996400678338065, 0.03763790941861917, 0.026811864508419606, 0.036788008896204406, 0.032815755030736395, 0.037345549654680676, 0.031166912054503896, 0.03546199722258602, 0.03932989689762046, 0.03701202389648353, 0.041856680836767655, 0.029877372129271027, 0.03061324319057794, 0.031140592179821472, 0.036393760227794024, 0.032558926410042786, 0.03594097677869801, 0.002725847779997711, 0.00272584313034094, 1.7605639256348093e-07, 1.738277174572414e-07, 0.0, 2.430287087441963e-07, 2.6338402815171124e-07, 1.998943267960417e-07, 2.6750265913680243e-07, 4.1710603109633757e-07, 2.8679019485494943e-07, 0.00272584313034094, 0.002725848491995424, 2.6338402815171124e-07, 5.104188980070175e-07, 0.002725847781478506, 0.0, 1.6788478491465842e-07, 5.104188980070175e-07, 0.002725848491750736], [0.031030944298439292, 0.03204106628282153, 0.03444518190730543, 0.03699628209090889, 0.03763781226000896, 0.02681176750411461, 0.03678792039328771, 0.032815734682160584, 0.03734546706502894, 0.031166815901460868, 0.0354619447416973, 0.03932984125008911, 0.03701195317927366, 0.041856597570796676, 0.029877279366368425, 0.030613178133383816, 0.031140479732986937, 0.03639367688409385, 0.0325588178583839, 0.03594093245499717, 0.0027258705372215416, 0.002725865895243128, 2.22571323308312e-07, 2.2531640799234515e-07, 2.430287087441963e-07, 0.0, 2.068547492142713e-07, 1.8880114815454172e-07, 2.2339347064025458e-07, 3.896385931406245e-07, 4.1690063203757904e-07, 0.002725865895243128, 0.002725871267833807, 2.068547492142713e-07, 5.8419306283107e-07, 0.0027258705443208193, 2.430287087441963e-07, 2.0274637710960913e-07, 5.8419306283107e-07, 0.00272587126726805], [0.031030914018535142, 0.03204106325172737, 0.03444513539603938, 0.03699628395081928, 0.037637790787303976, 0.026811759403850877, 0.036787905362814545, 0.032815703094792606, 0.037345454465353985, 0.03116679696057484, 0.035461904161396766, 0.03932979819981232, 0.037011943929913464, 0.04185655173092643, 0.029877254102574274, 0.030613173559930394, 0.031140489120121663, 0.03639364721220688, 0.03255879219938249, 0.035940924747880326, 0.002725867609200228, 0.002725862960705682, 1.7246012971321282e-07, 1.5801477854044497e-07, 2.6338402815171124e-07, 2.068547492142713e-07, 0.0, 2.02333199271676e-07, 4.6799847911438517e-08, 3.4950340078590697e-07, 3.467175981386441e-07, 0.002725862960705682, 0.002725868333529923, 0.0, 6.142708401878583e-07, 0.002725867612553005, 2.6338402815171124e-07, 1.480419244558742e-07, 6.142708401878583e-07, 0.0027258683345600374], [0.031030928041663717, 0.03204107539097644, 0.0344451675059993, 0.03699630969480586, 0.03763782014645762, 0.026811757368313316, 0.03678788637846533, 0.032815688556561334, 0.037345463332524996, 0.031166829893770412, 0.03546191709313488, 0.03932981783165749, 0.0370119307308169, 0.041856592848233926, 0.029877273281483003, 0.030613156836563717, 0.031140503154188634, 0.03639366247180269, 0.032558830206579896, 0.03594092107408881, 0.0027258477780634665, 0.0027258431230115115, 1.0021968149087359e-07, 1.0483642223768664e-07, 1.998943267960417e-07, 1.8880114815454172e-07, 2.02333199271676e-07, 0.0, 2.076661982301179e-07, 3.1138139203581445e-07, 3.7118541206385396e-07, 0.0027258431230115115, 0.0027258484999064373, 2.02333199271676e-07, 6.015428744837568e-07, 0.0027258477788187174, 1.998943267960417e-07, 1.0022891837835314e-07, 6.015428744837568e-07, 0.0027258484992575783], [0.031030935498715235, 0.032041091004396456, 0.03444515006560188, 0.036996311942834724, 0.0376378104404324, 0.026811770921396253, 0.03678792636796689, 0.032815724579777356, 0.037345478706471126, 0.031166821020297903, 0.03546193157797198, 0.03932982003767614, 0.0370119673281977, 0.041856564094411526, 0.02987727202446075, 0.030613191413060487, 0.0311405197021254, 0.03639366955939268, 0.03255880748509189, 0.03594094653932341, 0.002725906717547235, 0.0027259020690078135, 1.786869404868108e-07, 1.6078883587764454e-07, 2.6750265913680243e-07, 2.2339347064025458e-07, 4.6799847911438517e-08, 2.076661982301179e-07, 0.0, 3.25722405615071e-07, 3.227313917451862e-07, 0.0027259020690078135, 0.0027259074420334026, 4.6799847911438517e-08, 6.040340909012107e-07, 0.002725906720899964, 2.6750265913680243e-07, 1.5525120855065072e-07, 6.040340909012107e-07, 0.0027259074430635026], [0.03103091369915841, 0.03204108743851657, 0.0344450713881255, 0.03699632474908414, 0.037637816142728736, 0.026811683202179862, 0.03678785828925872, 0.03281569828826408, 0.03734546848176435, 0.03116686527943294, 0.03546192055888852, 0.039329803906911244, 0.0370119156810476, 0.04185652482287789, 0.029877244735257713, 0.030613122560578916, 0.031140530085049807, 0.03639364376086958, 0.03255880589751128, 0.03594091782587115, 0.00272594760849654, 0.0027259429668618023, 3.599191114305478e-07, 3.3063092842465046e-07, 4.1710603109633757e-07, 3.896385931406245e-07, 3.4950340078590697e-07, 3.1138139203581445e-07, 3.25722405615071e-07, 0.0, 3.569891445148779e-07, 0.0027259429668618023, 0.0027259483522422737, 3.4950340078590697e-07, 5.433523502869182e-07, 0.002725947620315363, 4.1710603109633757e-07, 3.448146434045023e-07, 5.433523502869182e-07, 0.0027259483513659734], [0.031031028693078833, 0.032041184290761776, 0.034445219111124976, 0.03699646055787664, 0.037637922358994456, 0.026811846112824358, 0.03678804290568896, 0.03281578600569621, 0.037345590403047156, 0.03116695162548014, 0.03546202572333625, 0.039329888886670036, 0.037012054773331374, 0.041856640446545794, 0.02987737686375889, 0.030613242382205447, 0.031140665297396408, 0.03639377199616829, 0.03255892723385236, 0.035940989344302815, 0.002725947613618268, 0.0027259429743491633, 3.513412551767999e-07, 3.230235439769416e-07, 2.8679019485494943e-07, 4.1690063203757904e-07, 3.467175981386441e-07, 3.7118541206385396e-07, 3.227313917451862e-07, 3.569891445148779e-07, 0.0, 0.0027259429743491633, 0.0027259483334735597, 3.467175981386441e-07, 3.747301993299943e-07, 0.002725947618271262, 2.8679019485494943e-07, 3.355912970979303e-07, 3.747301993299943e-07, 0.0027259483343279618], [0.02844859045941803, 0.025621564253941496, 0.03357701785583566, 0.03197283414083391, 0.03669780183802621, 0.02733027295535203, 0.03316721710762201, 0.029554522484089733, 0.03389381104236813, 0.028568013671941908, 0.026133701982522742, 0.03289322063853157, 0.03164781271995944, 0.04268251186385034, 0.02912077585299168, 0.029202582649627058, 0.025282313690201362, 0.03269274934333539, 0.03317659460167275, 0.030532610166570752, 3.0063472286469834e-07, 0.0, 0.0027258431248538746, 0.0027258406429877848, 0.00272584313034094, 0.002725865895243128, 0.002725862960705682, 0.0027258431230115115, 0.0027259020690078135, 0.0027259429668618023, 0.0027259429743491633, 0.0, 2.3103715834640638e-07, 0.002725862960705682, 0.002725879089862037, 3.087427957648198e-07, 0.00272584313034094, 0.0027258431248542137, 0.002725879089862037, 2.2166034626587972e-07], [0.02844868589771803, 0.02562166148952443, 0.03357710984500818, 0.0319729482859842, 0.036697898548508856, 0.027330383884895088, 0.033167375562328835, 0.02955459368472562, 0.0338939074891815, 0.028568106236342504, 0.026133818459881268, 0.03289331981782192, 0.031647927564510854, 0.04268260329249915, 0.029120882952451924, 0.029202678402961254, 0.025282430756289765, 0.032692861314427626, 0.033176692085316, 0.030532683972986776, 3.303110154707432e-07, 2.3103715834640638e-07, 0.0027258484972622924, 0.0027258460155104164, 0.002725848491995424, 0.002725871267833807, 0.002725868333529923, 0.0027258484999064373, 0.0027259074420334026, 0.0027259483522422737, 0.0027259483334735597, 2.3103715834640638e-07, 0.0, 0.002725868333529923, 0.0027258844420743828, 3.2422456031275273e-07, 0.002725848491995424, 0.0027258484969520432, 0.0027258844420743828, 4.0761993535353264e-08], [0.031030914018535142, 0.03204106325172737, 0.03444513539603938, 0.03699628395081928, 0.037637790787303976, 0.026811759403850877, 0.036787905362814545, 0.032815703094792606, 0.037345454465353985, 0.03116679696057484, 0.035461904161396766, 0.03932979819981232, 0.037011943929913464, 0.04185655173092643, 0.029877254102574274, 0.030613173559930394, 0.031140489120121663, 0.03639364721220688, 0.03255879219938249, 0.035940924747880326, 0.002725867609200228, 0.002725862960705682, 1.7246012971321282e-07, 1.5801477854044497e-07, 2.6338402815171124e-07, 2.068547492142713e-07, 0.0, 2.02333199271676e-07, 4.6799847911438517e-08, 3.4950340078590697e-07, 3.467175981386441e-07, 0.002725862960705682, 0.002725868333529923, 0.0, 6.142708401878583e-07, 0.002725867612553005, 2.6338402815171124e-07, 1.480419244558742e-07, 6.142708401878583e-07, 0.0027258683345600374], [0.03103103723986651, 0.032041110423881955, 0.03444519405180384, 0.036996418510874055, 0.03763792005393737, 0.026811793618396557, 0.03678804011644164, 0.032815815052568885, 0.037345590330505704, 0.03116695828650903, 0.035462024836368455, 0.03932986973499399, 0.03701203074711518, 0.041856638328539336, 0.029877341695818543, 0.030613207149364944, 0.031140617131644458, 0.0363937706148032, 0.03255893577809376, 0.035940941728303144, 0.002725883702166089, 0.002725879089862037, 6.241713584870632e-07, 6.00891442519867e-07, 5.104188980070175e-07, 5.8419306283107e-07, 6.142708401878583e-07, 6.015428744837568e-07, 6.040340909012107e-07, 5.433523502869182e-07, 3.747301993299943e-07, 0.002725879089862037, 0.0027258844420743828, 6.142708401878583e-07, 0.0, 0.0027258837236829613, 5.104188980070175e-07, 6.066170639834981e-07, 0.0, 0.00272588444111955], [0.028448417746784617, 0.025621384236755237, 0.03357691094130318, 0.03197272441240853, 0.03669764294565943, 0.02733012254829439, 0.0331671160609091, 0.029554401974714716, 0.033893642757262664, 0.028567841566091098, 0.02613357656429557, 0.03289306920220285, 0.03164764108223026, 0.04268238263016662, 0.029120692357351298, 0.02920240700263989, 0.02528218086629612, 0.03269260750635617, 0.033176422512291665, 0.03053241742627476, 3.359154081039397e-07, 3.087427957648198e-07, 0.0027258477788375426, 0.0027258452969281498, 0.002725847781478506, 0.0027258705443208193, 0.002725867612553005, 0.0027258477788187174, 0.002725906720899964, 0.002725947620315363, 0.002725947618271262, 3.087427957648198e-07, 3.2422456031275273e-07, 0.002725867612553005, 0.0027258837236829613, 0.0, 0.002725847781478506, 0.002725847778595953, 0.0027258837236829613, 3.362230787158782e-07], [0.03103101395248184, 0.03204114929689514, 0.03444525540550926, 0.036996400678338065, 0.03763790941861917, 0.026811864508419606, 0.036788008896204406, 0.032815755030736395, 0.037345549654680676, 0.031166912054503896, 0.03546199722258602, 0.03932989689762046, 0.03701202389648353, 0.041856680836767655, 0.029877372129271027, 0.03061324319057794, 0.031140592179821472, 0.036393760227794024, 0.032558926410042786, 0.03594097677869801, 0.002725847779997711, 0.00272584313034094, 1.7605639256348093e-07, 1.738277174572414e-07, 0.0, 2.430287087441963e-07, 2.6338402815171124e-07, 1.998943267960417e-07, 2.6750265913680243e-07, 4.1710603109633757e-07, 2.8679019485494943e-07, 0.00272584313034094, 0.002725848491995424, 2.6338402815171124e-07, 5.104188980070175e-07, 0.002725847781478506, 0.0, 1.6788478491465842e-07, 5.104188980070175e-07, 0.002725848491750736], [0.03103093944940283, 0.0320410944380976, 0.03444517955251204, 0.0369963291677641, 0.03763783228875337, 0.026811793477975448, 0.03678792124845199, 0.03281570254974427, 0.037345480680513216, 0.03116683547289872, 0.035461925006928685, 0.03932982890479815, 0.03701195589249898, 0.041856598635754104, 0.029877302816455096, 0.030613184530322274, 0.031140527079707377, 0.03639368206038023, 0.03255883813952043, 0.035940927591328845, 0.0027258477794346696, 0.0027258431248542137, 4.8917996697128623e-08, 2.9625879657112677e-08, 1.6788478491465842e-07, 2.0274637710960913e-07, 1.480419244558742e-07, 1.0022891837835314e-07, 1.5525120855065072e-07, 3.448146434045023e-07, 3.355912970979303e-07, 0.0027258431248542137, 0.0027258484969520432, 1.480419244558742e-07, 6.066170639834981e-07, 0.002725847778595953, 1.6788478491465842e-07, 0.0, 6.066170639834981e-07, 0.002725848497109141], [0.03103103723986651, 0.032041110423881955, 0.03444519405180384, 0.036996418510874055, 0.03763792005393737, 0.026811793618396557, 0.03678804011644164, 0.032815815052568885, 0.037345590330505704, 0.03116695828650903, 0.035462024836368455, 0.03932986973499399, 0.03701203074711518, 0.041856638328539336, 0.029877341695818543, 0.030613207149364944, 0.031140617131644458, 0.0363937706148032, 0.03255893577809376, 0.035940941728303144, 0.002725883702166089, 0.002725879089862037, 6.241713584870632e-07, 6.00891442519867e-07, 5.104188980070175e-07, 5.8419306283107e-07, 6.142708401878583e-07, 6.015428744837568e-07, 6.040340909012107e-07, 5.433523502869182e-07, 3.747301993299943e-07, 0.002725879089862037, 0.0027258844420743828, 6.142708401878583e-07, 0.0, 0.0027258837236829613, 5.104188980070175e-07, 6.066170639834981e-07, 0.0, 0.00272588444111955], [0.0284487039677295, 0.025621675322125267, 0.03357712634168596, 0.03197296097010031, 0.03669791255041351, 0.027330399478925665, 0.0331673815714266, 0.029554612332587406, 0.03389392608626453, 0.028568122411231328, 0.02613383383880699, 0.03289333495470691, 0.03164794449032047, 0.042682616041129, 0.029120898009145364, 0.029202691851784396, 0.02528244571435562, 0.03269288096205517, 0.03317670894415085, 0.03053268938695118, 3.1917898152360696e-07, 2.2166034626587972e-07, 0.002725848497661104, 0.0027258460156779447, 0.002725848491750736, 0.00272587126726805, 0.0027258683345600374, 0.0027258484992575783, 0.0027259074430635026, 0.0027259483513659734, 0.0027259483343279618, 2.2166034626587972e-07, 4.0761993535353264e-08, 0.0027258683345600374, 0.00272588444111955, 3.362230787158782e-07, 0.002725848491750736, 0.002725848497109141, 0.00272588444111955, 0.0]], "Angle": [[0.0, 0.0494876209351797, 0.07128119890739106, 0.06994011295129889, 0.048212548343581636, 0.06613454763714703, 0.059684933031706945, 0.050995788233761066, 0.031639398361023016, 0.05941446587499207, 0.04681527188467514, 0.04726641393314097, 0.03708955141686083, 0.06498581336523071, 0.06225586083041809, 0.05807870686764343, 0.04870695815869793, 0.04706009507342027, 0.053422829861338283, 0.0640892285942287, 0.05766239928387971, 0.057662425574724355, 0.05655822611500471, 0.05655818429247298, 0.056558207889818725, 0.05655814120502484, 0.0565581777967361, 0.056558203959279386, 0.05655819515483363, 0.05655804704804343, 0.05655812601546868, 0.057662425574724355, 0.05766244667537766, 0.0565581777967361, 0.05655802844884701, 0.0576621197643089, 0.056558207889818725, 0.056558202769220724, 0.05655802844884701, 0.057662441596197454], [0.0494876209351797, 0.0, 0.05247374751316011, 0.04448367714699642, 0.04440270924425759, 0.04135237334991899, 0.05115467944727844, 0.06095339448243224, 0.05272556047408427, 0.03512446230955087, 0.035912114219449204, 0.04798565352659863, 0.05311299972606853, 0.058550153843828, 0.04306468909591488, 0.052556768589491036, 0.026232717918816796, 0.05886366753709905, 0.038501560413693924, 0.04142060583321167, 0.06766584285657251, 0.06766576430785186, 0.06543376447881002, 0.06543374285605125, 0.06543371397437092, 0.06543361970087898, 0.06543378335019724, 0.06543370922441456, 0.06543378773451267, 0.06543371497415812, 0.06543362934015459, 0.06766576430785186, 0.06766580549598933, 0.06543378335019724, 0.06543352403688939, 0.0676657241579205, 0.06543371397437092, 0.06543376191242979, 0.06543352403688939, 0.06766578738508007], [0.07128119890739106, 0.05247374751316011, 0.0, 0.060075025371316045, 0.06938779492489751, 0.042945152983356924, 0.05933062492991624, 0.0720691756424623, 0.0670010616113025, 0.05302642477929108, 0.049840975697215746, 0.0755926109281897, 0.08253759565311251, 0.06268918002719331, 0.06243017589795186, 0.06817766842131164, 0.05450914422037308, 0.062481282899481676, 0.04975491573879034, 0.0680678496746686, 0.08012600013146812, 0.0801259684220342, 0.08061923316807465, 0.0806192264079973, 0.08061919155420154, 0.08061910257840015, 0.08061925031202463, 0.08061918295234424, 0.08061922225112374, 0.08061919273307804, 0.08061919954823617, 0.0801259684220342, 0.08012600946346315, 0.08061925031202463, 0.0806191414588567, 0.08012602557017615, 0.08061919155420154, 0.08061923098476591, 0.0806191414588567, 0.08012599582269135], [0.06994011295129889, 0.04448367714699642, 0.060075025371316045, 0.0, 0.035385779892509246, 0.03549921996147649, 0.05925212117045172, 0.07563358379236897, 0.06921515897905235, 0.032896941800207614, 0.04414685026966965, 0.05571056815153313, 0.06837062439261363, 0.06071442794563414, 0.040905815338509156, 0.06958295187957043, 0.04043767733778141, 0.05979936243905292, 0.05235973756936884, 0.0605822752521125, 0.0895517287978622, 0.08955168552520787, 0.08661617055100712, 0.08661615788269275, 0.0866161223314654, 0.08661603929658174, 0.08661617962793289, 0.0866161335071838, 0.08661617477913526, 0.08661612081048022, 0.08661608406011367, 0.08955168552520787, 0.0895517080185299, 0.08661617962793289, 0.08661600746264488, 0.08955167102720249, 0.0866161223314654, 0.08661617186788217, 0.08661600746264488, 0.08955169089064954], [0.048212548343581636, 0.04440270924425759, 0.06938779492489751, 0.035385779892509246, 0.0, 0.048037687130767164, 0.05602201783455653, 0.06867714302341164, 0.0557697026187979, 0.037379954470508354, 0.03444130565075929, 0.03159035646938626, 0.05132603111151002, 0.059969574349922686, 0.04059904439820905, 0.06951783679673583, 0.043665699276600876, 0.0507943488924312, 0.04688433785022307, 0.07006126218833149, 0.0784797138034632, 0.07847966720266077, 0.07838077850595265, 0.07838076693680969, 0.07838074225332665, 0.07838069331719666, 0.0783807946639657, 0.07838074565678628, 0.07838076919286821, 0.0783807268525797, 0.07838071297352728, 0.07847966720266077, 0.07847968876286705, 0.0783807946639657, 0.07838063159781779, 0.07847954101238074, 0.07838074225332665, 0.07838076979856921, 0.07838063159781779, 0.07847967848428378], [0.06613454763714703, 0.04135237334991899, 0.042945152983356924, 0.03549921996147649, 0.048037687130767164, 0.0, 0.040984091648708094, 0.06241101675052192, 0.0546580049419321, 0.03717304228532462, 0.04324696029111797, 0.05942174148166035, 0.06757178348069692, 0.06764198543029878, 0.03771445000487354, 0.06772657784351804, 0.0373181642673703, 0.05645995983056054, 0.05005716205187693, 0.05646501964780132, 0.08002953431828137, 0.08002946849442166, 0.08489366791855268, 0.08489367058299152, 0.08489361688857769, 0.08489356075453353, 0.08489372474779987, 0.08489362004612697, 0.08489368326722208, 0.08489365987524254, 0.0848936077868963, 0.08002946849442166, 0.08002949873603303, 0.08489372474779987, 0.08489355943570359, 0.08002947854483712, 0.08489361688857769, 0.08489366814228898, 0.08489355943570359, 0.08002948249331496], [0.059684933031706945, 0.05115467944727844, 0.05933062492991624, 0.05925212117045172, 0.05602201783455653, 0.040984091648708094, 0.0, 0.061941010970715346, 0.049619551394356746, 0.04206815028873539, 0.041832386571134916, 0.051898033094174026, 0.06896537355854591, 0.07136621453699382, 0.06303469190614179, 0.07516550768930537, 0.053752253358603, 0.04832035724607646, 0.06171116168391305, 0.06499955940930559, 0.05765873734634027, 0.057658712781468606, 0.056401300947869645, 0.05640131201852595, 0.05640126928117798, 0.05640126527467395, 0.056401315411086506, 0.05640129710331619, 0.056401299661611226, 0.05640134538274759, 0.05640122849592639, 0.057658712781468606, 0.057658705261748495, 0.056401315411086506, 0.05640124274827947, 0.057658731147340714, 0.05640126928117798, 0.05640131620350827, 0.05640124274827947, 0.05765