{"Bond": [[0.0, 0.009309149601651438, 0.010964890057298284, 0.009423789088429129, 0.01644731726478342, 0.009972408401651476, 0.010652877665302221, 0.009918117147454423, 0.01382992973812647, 0.008625269751129901, 0.015072356877792023, 0.005894283860792013, 0.011500299007270292, 0.012191706102253716, 0.012599847107232841, 0.01181853079426626, 0.00830785529710933, 0.012507582596750647, 0.009319228273650303, 0.011074482333682288, 0.03314856988690387, 0.03324553756612632, 0.03322017794193836, 0.033248051769947475, 0.03314851566098829, 0.03314867061655753, 0.033245562289006665, 0.0331484521829133, 0.033176528121315094, 0.033220336525878746, 0.033173088499837, 0.03314784778718105, 0.03317310923750886, 0.033173070492235765, 0.033173137635539564, 0.03322026556584169, 0.03322037348184821, 0.03324802549068974, 0.033245506923301194, 0.03324551118180295], [0.009309149601651438, 0.0, 0.014375905648673304, 0.012138632712514183, 0.01925245645654776, 0.014718943603787223, 0.013694367185780735, 0.01385831624492394, 0.016816605014195397, 0.010755140203595576, 0.01708038410787729, 0.012693037440920178, 0.013443515303162333, 0.01326914477388952, 0.013932032402920945, 0.010017759763952297, 0.012037212905326293, 0.01262967109387915, 0.011046572884845321, 0.012414435692352097, 0.03430014173568781, 0.03410226662423147, 0.03411411066571083, 0.03411486086570493, 0.03430008380906571, 0.03430022511962532, 0.03410228472810743, 0.03430004267930246, 0.03430093657486975, 0.03410284171588761, 0.03428509703346862, 0.034285692114862674, 0.0342851115180439, 0.03428507367363992, 0.03428514139181757, 0.034114186074434436, 0.03410287501432005, 0.03411490237862133, 0.034102230863172676, 0.034102238626388864], [0.010964890057298284, 0.014375905648673304, 0.0, 0.012742739105891554, 0.019682481040601753, 0.010837994732544492, 0.013286559746843528, 0.01052223168492473, 0.01306516262353483, 0.007729637400004925, 0.01251850882624228, 0.010504386718950704, 0.015506055695892819, 0.01436108426621943, 0.011478347496407493, 0.01318260036617473, 0.010242253820344542, 0.015090111032126331, 0.01364762692801425, 0.013460399589080898, 0.03202097449133351, 0.03233961155037683, 0.0322831850500284, 0.032342312398362036, 0.032020950181113124, 0.032020982144736726, 0.03233966531887671, 0.03202096521126758, 0.032080589238467364, 0.032279305748058804, 0.03207860046685992, 0.03201777959232539, 0.03207860056618265, 0.03207856432577319, 0.0320786345597177, 0.03228327467402605, 0.032279322964756, 0.03234244933107251, 0.03233960728425927, 0.03233961798789674], [0.009423789088429129, 0.012138632712514183, 0.012742739105891554, 0.0, 0.015147033956491997, 0.008876231145181799, 0.013232008604475876, 0.009290728722213084, 0.012663637928507492, 0.01072522566972735, 0.01041858074540738, 0.010875074026260704, 0.009893094539710627, 0.00918577144821223, 0.00952075485086569, 0.010051267178031339, 0.0072740896795643085, 0.010394445589514998, 0.011031807801163116, 0.010395790042504344, 0.027349638345330184, 0.0278487034715923, 0.02784944753538827, 0.027854974942960565, 0.02734959057964294, 0.02734977284732655, 0.02784871037256234, 0.027349504804317668, 0.027355340650415377, 0.027846436748599372, 0.027351756416468084, 0.02734946358811336, 0.02735177624327669, 0.027351746468267903, 0.027351797910414095, 0.027849492073495026, 0.027846457012244738, 0.027854909128550494, 0.027848656385652665, 0.027848664749561568], [0.01644731726478342, 0.01925245645654776, 0.019682481040601753, 0.015147033956491997, 0.0, 0.01847559956198409, 0.015233572822914057, 0.012318625102333627, 0.01803809662492541, 0.017937957607639478, 0.021123647123263496, 0.014203830748161245, 0.016803117253606434, 0.01497000228860088, 0.01730471041867675, 0.02001717168773039, 0.019008495814193817, 0.017333494576054962, 0.015677515365721078, 0.015612871402990048, 0.031890157700791094, 0.03211778165684389, 0.03206915800326776, 0.03210791907322735, 0.03189013432365627, 0.031890252605277086, 0.03211780439152521, 0.03189010691392305, 0.031929157291162656, 0.03208152292584406, 0.031939140681254426, 0.03190269127874638, 0.03193916865175415, 0.031939135813532145, 0.03193918333007867, 0.03206919949510307, 0.0320815600529894, 0.03210786032153623, 0.03211776096110426, 0.03211776153602776], [0.009972408401651476, 0.014718943603787223, 0.010837994732544492, 0.008876231145181799, 0.01847559956198409, 0.0, 0.014872074654012971, 0.011107835154951572, 0.013402270113050844, 0.011363370663976037, 0.01058559684188176, 0.011093956076711445, 0.010745210494280939, 0.011759872211996387, 0.012208800722379105, 0.010939731122231752, 0.007234698858361593, 0.01099035266150556, 0.012726605273204504, 0.0123051227696775, 0.03062249560212039, 0.031032605745950962, 0.031012097403367175, 0.031036038668304913, 0.03062245184285538, 0.030622573453387345, 0.031032620699241585, 0.030622444821867253, 0.030646713281865457, 0.0310086802578607, 0.030645134967916605, 0.030620913370958323, 0.030645163866929937, 0.03064512892358466, 0.03064518732357599, 0.0310122055902299, 0.031008701608967553, 0.031036081748227265, 0.031032565214899117, 0.031032574355832745], [0.010652877665302221, 0.013694367185780735, 0.013286559746843528, 0.013232008604475876, 0.015233572822914057, 0.014872074654012971, 0.0, 0.008543156425488583, 0.013838328527073934, 0.008095777676502176, 0.01653149299968294, 0.008184785915343185, 0.014350421708219102, 0.011822348716063667, 0.012687203464111455, 0.016354844538620433, 0.014128374653935655, 0.013930079176159396, 0.011770001518498533, 0.010087954933633006, 0.03476219991355135, 0.03503494682062302, 0.03501422096895349, 0.03503069289184802, 0.03476218857979124, 0.034762179450387225, 0.035034993693519284, 0.03476226542623138, 0.0347787240889798, 0.035015815453948336, 0.03478381037679212, 0.034764538282043844, 0.03478381739549828, 0.03478379585738661, 0.03478384778779486, 0.035014340211859736, 0.03501585703014861, 0.035030853587265105, 0.03503494374615258, 0.03503494408876093], [0.009918117147454423, 0.01385831624492394, 0.01052223168492473, 0.009290728722213084, 0.012318625102333627, 0.011107835154951572, 0.008543156425488583, 0.0, 0.009067562273778843, 0.008730637416290564, 0.012547875331964765, 0.00789332970552515, 0.011670535778162022, 0.009148499964405497, 0.009483994688593051, 0.012774207689947435, 0.010316300550938021, 0.011506235924815783, 0.010313378643966682, 0.00902421999551974, 0.02991897857050882, 0.03006909788398226, 0.030044680679437403, 0.03006302737682797, 0.029918959017167193, 0.02991900509637256, 0.030069133148225773, 0.029919000750005174, 0.0299373538515973, 0.030049503343926736, 0.02994281472093971, 0.029923139190754035, 0.029942833002711867, 0.02994279440501087, 0.029942857863615443, 0.030044761355295845, 0.030049529847040773, 0.03006311550394847, 0.03006907805334479, 0.030069085079812555], [0.01382992973812647, 0.016816605014195397, 0.01306516262353483, 0.012663637928507492, 0.01803809662492541, 0.013402270113050844, 0.013838328527073934, 0.009067562273778843, 0.0, 0.011835033165438623, 0.015060903136170322, 0.012142146208380045, 0.011564766696353413, 0.009949730861393398, 0.012385501805045482, 0.014832369055704613, 0.012755231934685802, 0.013813149168953884, 0.015348939699561016, 0.014485546578568386, 0.031668182085966334, 0.031977461956365694, 0.03202390017584723, 0.03197206177826025, 0.03166816729881698, 0.03166819799400761, 0.03197750016957284, 0.03166817614553469, 0.031615721168895924, 0.032028413431111034, 0.0316228229881598, 0.03167434519507717, 0.03162283312024207, 0.03162278517325986, 0.03162285975342058, 0.032023962637358974, 0.032028425369566314, 0.03197214101133869, 0.03197743903996975, 0.03197744817053594], [0.008625269751129901, 0.010755140203595576, 0.007729637400004925, 0.01072522566972735, 0.017937957607639478, 0.011363370663976037, 0.008095777676502176, 0.008730637416290564, 0.011835033165438623, 0.0, 0.013343094934796124, 0.008120056452672986, 0.013437909082827038, 0.010544297874404774, 0.00992798560588496, 0.011561052628903999, 0.010756452933626624, 0.012046736012528533, 0.009601884854924131, 0.01107066247842476, 0.03362620230080599, 0.03392273449663737, 0.03389881725752201, 0.0339270694346201, 0.03362617814074866, 0.033626211138063335, 0.0339227826841739, 0.033626197957068664, 0.03365468850219187, 0.033893376437507824, 0.033651257229137074, 0.033621656112747055, 0.03365125935175857, 0.0336512246526192, 0.03365128999332113, 0.03389889939014527, 0.033893400058453746, 0.03392719849399987, 0.033922726208414085, 0.03392273140356449], [0.015072356877792023, 0.01708038410787729, 0.01251850882624228, 0.01041858074540738, 0.021123647123263496, 0.01058559684188176, 0.01653149299968294, 0.012547875331964765, 0.015060903136170322, 0.013343094934796124, 0.0, 0.01523672668409132, 0.015893228107278726, 0.01359932625479967, 0.008888789601204929, 0.01412269748231282, 0.009783206972831426, 0.012423763612795832, 0.014662992528497355, 0.012584171053261338, 0.029773885331907054, 0.030128601381220463, 0.030126588147532763, 0.03013450417829892, 0.029773857869231972, 0.029773952333971235, 0.03012860632506039, 0.029773873061819417, 0.029781897423629536, 0.030119428320272566, 0.029777387083432826, 0.029768094285203016, 0.029777399617682217, 0.029777387396059823, 0.029777422947004542, 0.03012666075424599, 0.03011943711849148, 0.03013458009000638, 0.03012855776383686, 0.03012857470950035], [0.005894283860792013, 0.012693037440920178, 0.010504386718950704, 0.010875074026260704, 0.014203830748161245, 0.011093956076711445, 0.008184785915343185, 0.00789332970552515, 0.012142146208380045, 0.008120056452672986, 0.01523672668409132, 0.0, 0.013239882585301597, 0.01151242621746004, 0.012336294874824493, 0.015126820163622115, 0.011212941128606999, 0.012512291749779284, 0.01013232203676374, 0.01146335410066379, 0.03481009249810457, 0.0351209528911557, 0.03508683946295874, 0.03511762744488999, 0.03481005655715699, 0.034810170096616966, 0.03512098815531447, 0.03481001570801984, 0.03484113676947908, 0.03509201829668403, 0.03484558206843402, 0.03481642116840483, 0.034845598456384436, 0.03484556242873797, 0.03484562642890219, 0.03508692150776913, 0.035092051833455234, 0.03511762538379097, 0.03512093150950982, 0.035120935539945906], [0.011500299007270292, 0.013443515303162333, 0.015506055695892819, 0.009893094539710627, 0.016803117253606434, 0.010745210494280939, 0.014350421708219102, 0.011670535778162022, 0.011564766696353413, 0.013437909082827038, 0.015893228107278726, 0.013239882585301597, 0.0, 0.010707164850409014, 0.014057976251170813, 0.01128290065306422, 0.010026227903543431, 0.013093506136607222, 0.015238141878048223, 0.012631280894036387, 0.029137510221634626, 0.02938285114297205, 0.029442000385792182, 0.029383960400402337, 0.029137476899543307, 0.029137542198917458, 0.029382866388370853, 0.02913749729367179, 0.02907879947340487, 0.02943983401699303, 0.029078679698697808, 0.029136279600697736, 0.029078701686360845, 0.02907866885843882, 0.02907872867989185, 0.02944211951590427, 0.029439867257832257, 0.02938404559391216, 0.029382815709988165, 0.029382820110610972], [0.012191706102253716, 0.01326914477388952, 0.01436108426621943, 0.00918577144821223, 0.01497000228860088, 0.011759872211996387, 0.011822348716063667, 0.009148499964405497, 0.009949730861393398, 0.010544297874404774, 0.01359932625479967, 0.01151242621746004, 0.010707164850409014, 0.0, 0.009269124952048478, 0.012074003908435688, 0.012171964719148248, 0.008793438279246347, 0.01036348134224606, 0.009274649974277025, 0.030883228545443515, 0.031260708886970384, 0.031298413836627216, 0.03126427866227845, 0.030883191642964887, 0.03088328667392154, 0.031260730569272976, 0.030883194368696232, 0.030848611994862676, 0.031294704149680316, 0.030847189712038883, 0.030881654436426237, 0.03084721421621507, 0.030847180994227393, 0.03084723626855264, 0.03129850295513049, 0.03129473359304002, 0.031264327386911116, 0.0312606756422425, 0.031260681096689745], [0.012599847107232841, 0.013932032402920945, 0.011478347496407493, 0.00952075485086569, 0.01730471041867675, 0.012208800722379105, 0.012687203464111455, 0.009483994688593051, 0.012385501805045482, 0.00992798560588496, 0.008888789601204929, 0.012336294874824493, 0.014057976251170813, 0.009269124952048478, 0.0, 0.012483621068028243, 0.011147264393271586, 0.009417788034786889, 0.011130271251345993, 0.01010920852659647, 0.030744651554610546, 0.03107591460625996, 0.031079759964416094, 0.031079465305626826, 0.030744632417683573, 0.030744667049595824, 0.031075936538000944, 0.0307446754332023, 0.030744341002921564, 0.031074315979608837, 0.030742115728390477, 0.030740494609958306, 0.03074212267814329, 0.030742106145140512, 0.030742148992676185, 0.031079837998408875, 0.03107433399990888, 0.03107958173466698, 0.031075887190173786, 0.03107590064018882], [0.01181853079426626, 0.010017759763952297, 0.01318260036617473, 0.010051267178031339, 0.02001717168773039, 0.010939731122231752, 0.016354844538620433, 0.012774207689947435, 0.014832369055704613, 0.011561052628903999, 0.01412269748231282, 0.015126820163622115, 0.01128290065306422, 0.012074003908435688, 0.012483621068028243, 0.0, 0.009846379407724643, 0.011468052888858585, 0.012066483002569498, 0.012395647130201795, 0.029183641025935767, 0.029157105536681053, 0.029160983053791053, 0.02917132808802083, 0.029183585605423654, 0.029183697215190218, 0.02915711691135373, 0.029183605071983358, 0.029193964564905306, 0.029145695319738766, 0.029177646355577368, 0.029166271838471584, 0.029177673459064607, 0.02917762495132749, 0.02917769700764495, 0.029161065434818192, 0.029145712297295054, 0.029171428350122545, 0.029157061069027726, 0.02915707353889378], [0.00830785529710933, 0.012037212905326293, 0.010242253820344542, 0.0072740896795643085, 0.019008495814193817, 0.007234698858361593, 0.014128374653935655, 0.010316300550938021, 0.012755231934685802, 0.010756452933626624, 0.009783206972831426, 0.011212941128606999, 0.010026227903543431, 0.012171964719148248, 0.011147264393271586, 0.009846379407724643, 0.0, 0.01293795763910735, 0.012448258055986249, 0.010685467257870292, 0.027803934861463764, 0.027881689164325422, 0.027882694004164335, 0.027887164369418627, 0.027803881205313546, 0.027804032066623033, 0.02788170371721514, 0.027803834841482272, 0.02780842478976772, 0.02787859006023001, 0.027801719097082175, 0.027798619023025557, 0.027801738961856302, 0.027801705648705297, 0.027801767872619863, 0.027882790397897407, 0.027878617757879646, 0.02788717351278387, 0.027881648853839154, 0.027881658365375244], [0.012507582596750647, 0.01262967109387915, 0.015090111032126331, 0.010394445589514998, 0.017333494576054962, 0.01099035266150556, 0.013930079176159396, 0.011506235924815783, 0.013813149168953884, 0.012046736012528533, 0.012423763612795832, 0.012512291749779284, 0.013093506136607222, 0.008793438279246347, 0.009417788034786889, 0.011468052888858585, 0.01293795763910735, 0.0, 0.01144342467670438, 0.011121652277347975, 0.03427072135185378, 0.034645154542688926, 0.03466162277316961, 0.0346499498369382, 0.034270686663332016, 0.03427077608035946, 0.0346451560896157, 0.034270728991707, 0.03425887294326814, 0.03465515381707953, 0.03425611901044658, 0.034266252322480976, 0.034256148097038974, 0.034256120374845045, 0.034256169785326106, 0.03466171610052132, 0.034655172865415675, 0.034650036849632776, 0.03464510118506445, 0.03464511573409086], [0.009319228273650303, 0.011046572884845321, 0.01364762692801425, 0.011031807801163116, 0.015677515365721078, 0.012726605273204504, 0.011770001518498533, 0.010313378643966682, 0.015348939699561016, 0.009601884854924131, 0.014662992528497355, 0.01013232203676374, 0.015238141878048223, 0.01036348134224606, 0.011130271251345993, 0.012066483002569498, 0.012448258055986249, 0.01144342467670438, 0.0, 0.01040059473440173, 0.034465816012384014, 0.034309247085339195, 0.034279375582767356, 0.03431577675711233, 0.034465757788674584, 0.034465932186098135, 0.03430926498443796, 0.034465708792025235, 0.03450205824842252, 0.034275330235454496, 0.03449229754605168, 0.034458581154847914, 0.03449232695732198, 0.03449228442799536, 0.0344923453575993, 0.034279429730051214, 0.034275362969705646, 0.034315738310170804, 0.03430921420883204, 0.034309217990749076], [0.011074482333682288, 0.012414435692352097, 0.013460399589080898, 0.010395790042504344, 0.015612871402990048, 0.0123051227696775, 0.010087954933633006, 0.00902421999551974, 0.014485546578568386, 0.01107066247842476, 0.012584171053261338, 0.01146335410066379, 0.012631280894036387, 0.009274649974277025, 0.01010920852659647, 0.012395647130201795, 0.010685467257870292, 0.011121652277347975, 0.01040059473440173, 0.0, 0.030274271615430077, 0.03042247275946025, 0.030415822225792342, 0.030425490573697835, 0.030274225146989363, 0.030274316142199453, 0.030422487977414817, 0.030274296249315907, 0.030283886041358968, 0.030410538395283352, 0.03028038747628189, 0.030268409134259367, 0.030280420727943274, 0.030280403950123016, 0.03028044773282051, 0.0304159786898315, 0.030410589493799278, 0.03042560222877294, 0.030422440413916025, 0.030422447369002615], [0.03314856988690387, 0.03430014173568781, 0.03202097449133351, 0.027349638345330184, 0.031890157700791094, 0.03062249560212039, 0.03476219991355135, 0.02991897857050882, 0.031668182085966334, 0.03362620230080599, 0.029773885331907054, 0.03481009249810457, 0.029137510221634626, 0.030883228545443515, 0.030744651554610546, 0.029183641025935767, 0.027803934861463764, 0.03427072135185378, 0.034465816012384014, 0.030274271615430077, 0.0, 0.003469894019216733, 0.003452002288248738, 0.003469604054372194, 2.0194972106767655e-07, 6.432317377989666e-07, 0.0034699126517565297, 8.883541955125943e-07, 0.0003489740257740559, 0.0034525196206314605, 0.00035346905695298657, 6.627113915592283e-05, 0.00035347813526991306, 0.0003534683137135114, 0.0003534738566356121, 0.0034520465581442715, 0.003452499582879039, 0.0034696090370438418, 0.0034698960754889563, 0.0034699009367583104], [0.03324553756612632, 0.03410226662423147, 0.03233961155037683, 0.0278487034715923, 0.03211778165684389, 0.031032605745950962, 0.03503494682062302, 0.03006909788398226, 0.031977461956365694, 0.03392273449663737, 0.030128601381220463, 0.0351209528911557, 0.02938285114297205, 0.031260708886970384, 0.03107591460625996, 0.029157105536681053, 0.027881689164325422, 0.034645154542688926, 0.034309247085339195, 0.03042247275946025, 0.003469894019216733, 0.0, 0.000351877665398799, 5.7779534662321026e-05, 0.0034698465218171975, 0.0034699174656045726, 1.7059473976045237e-07, 0.003469867779515418, 0.003452438327069641, 0.0003467081476492865, 0.0034194850038257517, 0.003437022101824499, 0.0034195098275161344, 0.0034194536392189207, 0.0034195022066141104, 0.0003518960592906927, 0.00034670770435090266, 5.760445480910452e-05, 1.6985796578725507e-07, 1.4950741392289653e-07], [0.03322017794193836, 0.03411411066571083, 0.0322831850500284, 0.02784944753538827, 0.03206915800326776, 0.031012097403367175, 0.03501422096895349, 0.030044680679437403, 0.03202390017584723, 0.03389881725752201, 0.030126588147532763, 0.03508683946295874, 0.029442000385792182, 0.031298413836627216, 0.031079759964416094, 0.029160983053791053, 0.027882694004164335, 0.03466162277316961, 0.034279375582767356, 0.030415822225792342, 0.003452002288248738, 0.000351877665398799, 0.0, 0.00034886580215360435, 0.003451954160259826, 0.0034520291052287135, 0.00035192429665124257, 0.0034519763267706035, 0.003469540461570831, 5.758793570855216e-05, 0.003437547478271347, 0.003419976781403702, 0.0034375733378134493, 0.00343751591620575, 0.0034375652521096566, 4.5912671066980913e-07, 5.759545322939851e-05, 0.0003487941561123693, 0.0003519227565593312, 0.000351920192527507], [0.033248051769947475, 0.03411486086570493, 0.032342312398362036, 0.027854974942960565, 0.03210791907322735, 0.031036038668304913, 0.03503069289184802, 0.03006302737682797, 0.03197206177826025, 0.0339270694346201, 0.03013450417829892, 0.03511762744488999, 0.029383960400402337, 0.03126427866227845, 0.031079465305626826, 0.02917132808802083, 0.027887164369418627, 0.0346499498369382, 0.03431577675711233, 0.030425490573697835, 0.003469604054372194, 5.7779534662321026e-05, 0.00034886580215360435, 0.0, 0.0034695583121504983, 0.003469623896385276, 5.782205049203225e-05, 0.0034695836313789847, 0.0034519637608957958, 0.00035196804518518445, 0.003419980938239189, 0.003437563981913697, 0.0034200057296451297, 0.0034199495925393347, 0.003419998138675348, 0.0003488965061847227, 0.000351969498643376, 1.0613021774871836e-06, 5.782455008143883e-05, 5.7817929904242305e-05], [0.03314851566098829, 0.03430008380906571, 0.032020950181113124, 0.02734959057964294, 0.03189013432365627, 0.03062245184285538, 0.03476218857979124, 0.029918959017167193, 0.03166816729881698, 0.03362617814074866, 0.029773857869231972, 0.03481005655715699, 0.029137476899543307, 0.030883191642964887, 0.030744632417683573, 0.029183585605423654, 0.027803881205313546, 0.034270686663332016, 0.034465757788674584, 0.030274225146989363, 2.0194972106767655e-07, 0.0034698465218171975, 0.003451954160259826, 0.0034695583121504983, 0.0, 8.155326430580478e-07, 0.0034698651496667125, 7.481011309460497e-07, 0.00034899551752771036, 0.003452470869415745, 0.0003534687783755463, 6.621702521459882e-05, 0.00035347790926949535, 0.0003534680583589021, 0.000353473623258146, 0.0034519984287390616, 0.003452450834027097, 0.0034695632527336, 0.0034698485722400403, 0.0034698534335541238], [0.03314867061655753, 0.03430022511962532, 0.032020982144736726, 0.02734977284732655, 0.031890252605277086, 0.030622573453387345, 0.034762179450387225, 0.02991900509637256, 0.03166819799400761, 0.033626211138063335, 0.029773952333971235, 0.034810170096616966, 0.029137542198917458, 0.03088328667392154, 0.030744667049595824, 0.029183697215190218, 0.027804032066623033, 0.03427077608035946, 0.034465932186098135, 0.030274316142199453, 6.432317377989666e-07, 0.0034699174656045726, 0.0034520291052287135, 0.003469623896385276, 8.155326430580478e-07, 0.0, 0.0034699361159550735, 1.504460688609291e-06, 0.0003489057195119813, 0.0034525450404109047, 0.0003534386981395275, 6.620522901896854e-05, 0.0003534476596675996, 0.00035343791599774284, 0.0003534434306938697, 0.0034520734179569255, 0.003452525002522818, 0.003469629065572328, 0.0034699195422797646, 0.0034699244033930474], [0.033245562289006665, 0.03410228472810743, 0.03233966531887671, 0.02784871037256234, 0.03211780439152521, 0.031032620699241585, 0.035034993693519284, 0.030069133148225773, 0.03197750016957284, 0.0339227826841739, 0.03012860632506039, 0.03512098815531447, 0.029382866388370853, 0.031260730569272976, 0.031075936538000944, 0.02915711691135373, 0.02788170371721514, 0.0346451560896157, 0.03430926498443796, 0.030422487977414817, 0.0034699126517565297, 1.7059473976045237e-07, 0.00035192429665124257, 5.782205049203225e-05, 0.0034698651496667125, 0.0034699361159550735, 0.0, 0.0034698863978415975, 0.0034524530153918482, 0.00034675270715194554, 0.0034194989938058098, 0.0034370405160742933, 0.0034195238216416885, 0.003419467634460566, 0.0034195161991154546, 0.0003519426604749964, 0.00034675226283325974, 5.764563246620017e-05, 8.053795950395268e-08, 8.293352564490806e-08], [0.0331484521829133, 0.03430004267930246, 0.03202096521126758, 0.027349504804317668, 0.03189010691392305, 0.030622444821867253, 0.03476226542623138, 0.029919000750005174, 0.03166817614553469, 0.033626197957068664, 0.029773873061819417, 0.03481001570801984, 0.02913749729367179, 0.030883194368696232, 0.0307446754332023, 0.029183605071983358, 0.027803834841482272, 0.034270728991707, 0.034465708792025235, 0.030274296249315907, 8.883541955125943e-07, 0.003469867779515418, 0.0034519763267706035, 0.0034695836313789847, 7.481011309460497e-07, 1.504460688609291e-06, 0.0034698863978415975, 0.0, 0.0003490304023665889, 0.0034524952474529707, 0.0003534662903180742, 6.636102854764161e-05, 0.00035347543788386487, 0.00035346548962816924, 0.00035347111495074104, 0.0034520205283468885, 0.0034524752082153265, 0.003469588358799371, 0.0034698698172545184, 0.003469874676896623], [0.033176528121315094, 0.03430093657486975, 0.032080589238467364, 0.027355340650415377, 0.031929157291162656, 0.030646713281865457, 0.0347787240889798, 0.0299373538515973, 0.031615721168895924, 0.03365468850219187, 0.029781897423629536, 0.03484113676947908, 0.02907879947340487, 0.030848611994862676, 0.030744341002921564, 0.029193964564905306, 0.02780842478976772, 0.03425887294326814, 0.03450205824842252, 0.030283886041358968, 0.0003489740257740559, 0.003452438327069641, 0.003469540461570831, 0.0034519637608957958, 0.00034899551752771036, 0.0003489057195119813, 0.0034524530153918482, 0.0003490304023665889, 0.0, 0.0034698907399165115, 6.622052896692248e-05, 0.0003534744889135035, 6.62074009444409e-05, 6.623688188841147e-05, 6.621240945731634e-05, 0.0034695876430302633, 0.0034698708354667382, 0.0034519763318347227, 0.0034524365561884917, 0.003452441593394026], [0.033220336525878746, 0.03410284171588761, 0.032279305748058804, 0.027846436748599372, 0.03208152292584406, 0.0310086802578607, 0.035015815453948336, 0.030049503343926736, 0.032028413431111034, 0.033893376437507824, 0.030119428320272566, 0.03509201829668403, 0.02943983401699303, 0.031294704149680316, 0.031074315979608837, 0.029145695319738766, 0.02787859006023001, 0.03465515381707953, 0.034275330235454496, 0.030410538395283352, 0.0034525196206314605, 0.0003467081476492865, 5.758793570855216e-05, 0.00035196804518518445, 0.003452470869415745, 0.0034525450404109047, 0.00034675270715194554, 0.0034524952474529707, 0.0034698907399165115, 0.0, 0.003437056367708793, 0.0034195264076624684, 0.003437082067100977, 0.0034370249999497266, 0.0034370741414664688, 5.7668871832724846e-05, 1.3320582608681695e-07, 0.0003519528673204025, 0.0003467517142880387, 0.000346751051045533], [0.033173088499837, 0.03428509703346862, 0.03207860046685992, 0.027351756416468084, 0.031939140681254426, 0.030645134967916605, 0.03478381037679212, 0.02994281472093971, 0.0316228229881598, 0.033651257229137074, 0.029777387083432826, 0.03484558206843402, 0.029078679698697808, 0.030847189712038883, 0.030742115728390477, 0.029177646355577368, 0.027801719097082175, 0.03425611901044658, 0.03449229754605168, 0.03028038747628189, 0.00035346905695298657, 0.0034194850038257517, 0.003437547478271347, 0.003419980938239189, 0.0003534687783755463, 0.0003534386981395275, 0.0034194989938058098, 0.0003534662903180742, 6.622052896692248e-05, 0.003437056367708793, 0.0, 0.0003467453536247291, 1.4115072990039866e-07, 1.6865041565441235e-07, 1.259962764055783e-07, 0.0034375934793806785, 0.003437036266808772, 0.0034199905331242413, 0.003419482492240617, 0.0034194876424587656], [0.03314784778718105, 0.034285692114862674, 0.03201777959232539, 0.02734946358811336, 0.03190269127874638, 0.030620913370958323, 0.034764538282043844, 0.029923139190754035, 0.03167434519507717, 0.033621656112747055, 0.029768094285203016, 0.03481642116840483, 0.029136279600697736, 0.030881654436426237, 0.030740494609958306, 0.029166271838471584, 0.027798619023025557, 0.034266252322480976, 0.034458581154847914, 0.030268409134259367, 6.627113915592283e-05, 0.003437022101824499, 0.003419976781403702, 0.003437563981913697, 6.621702521459882e-05, 6.620522901896854e-05, 0.0034370405160742933, 6.636102854764161e-05, 0.0003534744889135035, 0.0034195264076624684, 0.0003467453536247291, 0.0, 0.000346755279143294, 0.0003467437553865523, 0.0003467518779207369, 0.0034200224911144768, 0.00341950625015933, 0.0034375749292997887, 0.003437023998812672, 0.003437029056814541], [0.03317310923750886, 0.0342851115180439, 0.03207860056618265, 0.02735177624327669, 0.03193916865175415, 0.030645163866929937, 0.03478381739549828, 0.029942833002711867, 0.03162283312024207, 0.03365125935175857, 0.029777399617682217, 0.034845598456384436, 0.029078701686360845, 0.03084721421621507, 0.03074212267814329, 0.029177673459064607, 0.027801738961856302, 0.034256148097038974, 0.03449232695732198, 0.030280420727943274, 0.00035347813526991306, 0.0034195098275161344, 0.0034375733378134493, 0.0034200057296451297, 0.00035347790926949535, 0.0003534476596675996, 0.0034195238216416885, 0.00035347543788386487, 6.62074009444409e-05, 0.003437082067100977, 1.4115072990039866e-07, 0.000346755279143294, 0.0, 1.4254001717196517e-07, 6.256157280695563e-08, 0.003437619333734588, 0.0034370619643091325, 0.003420015338851043, 0.0034195073204954713, 0.0034195124704872624], [0.033173070492235765, 0.03428507367363992, 0.03207856432577319, 0.027351746468267903, 0.031939135813532145, 0.03064512892358466, 0.03478379585738661, 0.02994279440501087, 0.03162278517325986, 0.0336512246526192, 0.029777387396059823, 0.03484556242873797, 0.02907866885843882, 0.030847180994227393, 0.030742106145140512, 0.02917762495132749, 0.027801705648705297, 0.034256120374845045, 0.03449228442799536, 0.030280403950123016, 0.0003534683137135114, 0.0034194536392189207, 0.00343751591620575, 0.0034199495925393347, 0.0003534680583589021, 0.00035343791599774284, 0.003419467634460566, 0.00035346548962816924, 6.623688188841147e-05, 0.0034370249999497266, 1.6865041565441235e-07, 0.0003467437553865523, 1.4254001717196517e-07, 0.0, 1.4282673689808718e-07, 0.003437561905470687, 0.003437004895348352, 0.003419959188603659, 0.003419451131097877, 0.0034194562811380776], [0.033173137635539564, 0.03428514139181757, 0.0320786345597177, 0.027351797910414095, 0.03193918333007867, 0.03064518732357599, 0.03478384778779486, 0.029942857863615443, 0.03162285975342058, 0.03365128999332113, 0.029777422947004542, 0.03484562642890219, 0.02907872867989185, 0.03084723626855264, 0.030742148992676185, 0.02917769700764495, 0.027801767872619863, 0.034256169785326106, 0.0344923453575993, 0.03028044773282051, 0.0003534738566356121, 0.0034195022066141104, 0.0034375652521096566, 0.003419998138675348, 0.000353473623258146, 0.0003534434306938697, 0.0034195161991154546, 0.00035347111495074104, 6.621240945731634e-05, 0.0034370741414664688, 1.259962764055783e-07, 0.0003467518779207369, 6.256157280695563e-08, 1.4282673689808718e-07, 0.0, 0.003437611243866905, 0.003437054037888439, 0.0034200077382185654, 0.0034194996984701844, 0.0034195048483485744], [0.03322026556584169, 0.034114186074434436, 0.03228327467402605, 0.027849492073495026, 0.03206919949510307, 0.0310122055902299, 0.035014340211859736, 0.030044761355295845, 0.032023962637358974, 0.03389889939014527, 0.03012666075424599, 0.03508692150776913, 0.02944211951590427, 0.03129850295513049, 0.031079837998408875, 0.029161065434818192, 0.027882790397897407, 0.03466171610052132, 0.034279429730051214, 0.0304159786898315, 0.0034520465581442715, 0.0003518960592906927, 4.5912671066980913e-07, 0.0003488965061847227, 0.0034519984287390616, 0.0034520734179569255, 0.0003519426604749964, 0.0034520205283468885, 0.0034695876430302633, 5.7668871832724846e-05, 0.0034375934793806785, 0.0034200224911144768, 0.003437619333734588, 0.003437561905470687, 0.003437611243866905, 0.0, 5.7675660828242685e-05, 0.00034882401193074943, 0.00035194111693474827, 0.00035193855534458254], [0.03322037348184821, 0.03410287501432005, 0.032279322964756, 0.027846457012244738, 0.0320815600529894, 0.031008701608967553, 0.03501585703014861, 0.030049529847040773, 0.032028425369566314, 0.033893400058453746, 0.03011943711849148, 0.035092051833455234, 0.029439867257832257, 0.03129473359304002, 0.03107433399990888, 0.029145712297295054, 0.027878617757879646, 0.034655172865415675, 0.034275362969705646, 0.030410589493799278, 0.003452499582879039, 0.00034670770435090266, 5.759545322939851e-05, 0.000351969498643376, 0.003452450834027097, 0.003452525002522818, 0.00034675226283325974, 0.0034524752082153265, 0.0034698708354667382, 1.3320582608681695e-07, 0.003437036266808772, 0.00341950625015933, 0.0034370619643091325, 0.003437004895348352, 0.003437054037888439, 5.7675660828242685e-05, 0.0, 0.0003519543031020569, 0.00034675126494310593, 0.00034675061109205093], [0.03324802549068974, 0.03411490237862133, 0.03234244933107251, 0.027854909128550494, 0.03210786032153623, 0.031036081748227265, 0.035030853587265105, 0.03006311550394847, 0.03197214101133869, 0.03392719849399987, 0.03013458009000638, 0.03511762538379097, 0.02938404559391216, 0.031264327386911116, 0.03107958173466698, 0.029171428350122545, 0.02788717351278387, 0.034650036849632776, 0.034315738310170804, 0.03042560222877294, 0.0034696090370438418, 5.760445480910452e-05, 0.0003487941561123693, 1.0613021774871836e-06, 0.0034695632527336, 0.003469629065572328, 5.764563246620017e-05, 0.003469588358799371, 0.0034519763318347227, 0.0003519528673204025, 0.0034199905331242413, 0.0034375749292997887, 0.003420015338851043, 0.003419959188603659, 0.0034200077382185654, 0.00034882401193074943, 0.0003519543031020569, 0.0, 5.764803892897363e-05, 5.764127430547756e-05], [0.033245506923301194, 0.034102230863172676, 0.03233960728425927, 0.027848656385652665, 0.03211776096110426, 0.031032565214899117, 0.03503494374615258, 0.03006907805334479, 0.03197743903996975, 0.033922726208414085, 0.03012855776383686, 0.03512093150950982, 0.029382815709988165, 0.0312606756422425, 0.031075887190173786, 0.029157061069027726, 0.027881648853839154, 0.03464510118506445, 0.03430921420883204, 0.030422440413916025, 0.0034698960754889563, 1.6985796578725507e-07, 0.0003519227565593312, 5.782455008143883e-05, 0.0034698485722400403, 0.0034699195422797646, 8.053795950395268e-08, 0.0034698698172545184, 0.0034524365561884917, 0.0003467517142880387, 0.003419482492240617, 0.003437023998812672, 0.0034195073204954713, 0.003419451131097877, 0.0034194996984701844, 0.00035194111693474827, 0.00034675126494310593, 5.764803892897363e-05, 0.0, 5.3683710387527314e-08], [0.03324551118180295, 0.034102238626388864, 0.03233961798789674, 0.027848664749561568, 0.03211776153602776, 0.031032574355832745, 0.03503494408876093, 0.030069085079812555, 0.03197744817053594, 0.03392273140356449, 0.03012857470950035, 0.035120935539945906, 0.029382820110610972, 0.031260681096689745, 0.03107590064018882, 0.02915707353889378, 0.027881658365375244, 0.03464511573409086, 0.034309217990749076, 0.030422447369002615, 0.0034699009367583104, 1.4950741392289653e-07, 0.000351920192527507, 5.7817929904242305e-05, 0.0034698534335541238, 0.0034699244033930474, 8.293352564490806e-08, 0.003469874676896623, 0.003452441593394026, 0.000346751051045533, 0.0034194876424587656, 0.003437029056814541, 0.0034195124704872624, 0.0034194562811380776, 0.0034195048483485744, 0.00035193855534458254, 0.00034675061109205093, 5.764127430547756e-05, 5.3683710387527314e-08, 0.0]], "Angle": [[0.0, 0.03615507901632011, 0.029845809920404462, 0.047940877763546955, 0.04708751268892631, 0.04953112885243368, 0.051628879309612144, 0.04393456653624955, 0.04694448915881183, 0.03310672557713612, 0.03979396030747488, 0.03525435927736074, 0.04744053151269606, 0.04372617298830958, 0.04732843066993817, 0.035505289758319264, 0.023779059916197175, 0.03680904964602725, 0.03363271452454585, 0.05196104765647189, 0.08552153939819508, 0.08829723779329644, 0.08840169866742652, 0.08801125481908109, 0.08552187215164744, 0.08552038215311115, 0.08829725776906897, 0.08552315052440518, 0.08511441643858014, 0.08819858164086192, 0.08543185433078877, 0.08532990157067195, 0.08543179946059974, 0.08543182760140301, 0.08543177289819323, 0.0884023234009014, 0.08819860776329684, 0.08800857388535283, 0.0882972609076372, 0.08829727546838821], [0.03615507901632011, 0.0, 0.048862425699875776, 0.0453554940883614, 0.06756876554270011, 0.052554636625368176, 0.0480956023843424, 0.049558535230709036, 0.045262675847892835, 0.04763921951033481, 0.048205271929590454, 0.0579321125638323, 0.04371115716502511, 0.04318269652660058, 0.05430714476292218, 0.043794985523871094, 0.04917779219328061, 0.041779221791392394, 0.0333144129716803, 0.04793354190694109, 0.09042581235708719, 0.09090985551618366, 0.09118678180404288, 0.09081260088019097, 0.09042611843392714, 0.09042474764958322, 0.09090988872694657, 0.09042728606151465, 0.09004518446253111, 0.09117021478721102, 0.09014538579051952, 0.09040794294263296, 0.09014533353732038, 0.09014535508313778, 0.09014530687980112, 0.0911873809000158, 0.09117023652587983, 0.09080994245748601, 0.09090990160163273, 0.09090991777785275], [0.029845809920404462, 0.048862425699875776, 0.0, 0.052854223929469105, 0.04066453866131066, 0.04372311280390318, 0.050918825173195764, 0.04627132562631715, 0.04689310605218, 0.036297504247602, 0.03229991992245351, 0.03509555777733761, 0.034079629977571836, 0.05187674334142149, 0.03908461648683213, 0.04218939240086917, 0.018126385668882646, 0.03921792451378467, 0.041068507339378044, 0.053039111750830904, 0.09139497539752928, 0.09484777861449059, 0.09511042454932557, 0.09487768590525861, 0.09139534402729799, 0.09139376530338623, 0.09484777969591303, 0.09139668608523262, 0.09114927814875148, 0.09521887206053763, 0.09114823381223248, 0.09153434854957194, 0.09114817492576836, 0.09114820735138453, 0.09114814328202259, 0.09511107069862518, 0.09521889409071, 0.09487519805625329, 0.09484779713528325, 0.09484781166179243], [0.047940877763546955, 0.0453554940883614, 0.052854223929469105, 0.0, 0.06087835642689356, 0.03808806330097302, 0.043775853379089666, 0.04553320073430371, 0.03413793070928447, 0.0543168225745728, 0.04700961022143711, 0.046814574210551796, 0.05220914786879875, 0.044254028202030435, 0.05170385745548236, 0.0434974046447882, 0.05539113102973283, 0.05455824491982165, 0.050655000522018316, 0.0316481036530469, 0.07294866893966609, 0.07557465429049241, 0.07553006165069151, 0.07565373263445155, 0.0729489828202523, 0.0729476291495484, 0.07557466396335319, 0.07295010238085332, 0.07307428194331017, 0.07569018074624062, 0.07300941528446081, 0.07312899668145803, 0.07300935940722607, 0.0730093817176593, 0.07300932953374994, 0.07553057798200015, 0.07569018816833499, 0.07565252324850893, 0.07557468306121219, 0.0755746948054121], [0.04708751268892631, 0.06756876554270011, 0.04066453866131066, 0.06087835642689356, 0.0, 0.0658743230899051, 0.0515233591349143, 0.05145206574686522, 0.06325567465771749, 0.05155651315387465, 0.053929815557114076, 0.039078525632350924, 0.05422663895342918, 0.056904781139680866, 0.06102249494111536, 0.059949282414243354, 0.039704784992840296, 0.05915461492609209, 0.05355647777393173, 0.05679863441184127, 0.08574191700053747, 0.09046652261500011, 0.09080937951261137, 0.09056723076783653, 0.08574200737552322, 0.08574182933782483, 0.09046650848692571, 0.08574193527064267, 0.08548530354974748, 0.09096298378371237, 0.0854204216705438, 0.0859460727404177, 0.08542035944582291, 0.08542040661102822, 0.0854203321603238, 0.0908095413019778, 0.0909630018785778, 0.09056684142385964, 0.09046651723036372, 0.0904665355795206], [0.04953112885243368, 0.052554636625368176, 0.04372311280390318, 0.03808806330097302, 0.0658743230899051, 0.0, 0.05226845999760697, 0.04429391844575711, 0.03255279774859531, 0.04595781952570893, 0.03231880839406722, 0.04502655670195344, 0.041471389455770745, 0.048927475322225356, 0.030216214952240538, 0.035919725066835745, 0.04581128122522907, 0.04119045463022754, 0.054157567990111594, 0.04349954445055886, 0.0707265566659875, 0.07203925906968744, 0.07219165820995527, 0.07223584180468669, 0.07072702728660124, 0.07072490893797423, 0.0720392691640017, 0.07072896375409868, 0.07076709067933656, 0.07249055410415815, 0.07057350056501271, 0.07103411395148417, 0.07057345729295447, 0.07057346836025465, 0.07057342602027698, 0.07219246833011063, 0.07249057372796, 0.07223303270070384, 0.07203928854339994, 0.07203929717124971], [0.051628879309612144, 0.0480956023843424, 0.050918825173195764, 0.043775853379089666, 0.0515233591349143, 0.05226845999760697, 0.0, 0.03978028255204592, 0.03999091258688569, 0.04292865588883099, 0.03923390383920416, 0.041546521996552996, 0.03947784402854154, 0.030432926045085625, 0.05600541146359893, 0.0586407898398422, 0.05392896705931178, 0.057856713091516, 0.032718511571836896, 0.04636701655653324, 0.07345876027328328, 0.07807981046082983, 0.07848975366403659, 0.07824088055107152, 0.07345902734974416, 0.07345793079323133, 0.07807983371247589, 0.07345994971906507, 0.07319024526590191, 0.07873101946578949, 0