{"Bond": [[0.0, 0.024673812755995523, 0.02296770657973025, 0.01522543265862897, 0.02175547349535457, 0.0258411340970794, 0.020795506540359818, 0.006886335672356928, 0.03269398349769065, 0.0150421376542405, 0.020041302385604202, 0.017115169012130137, 0.017847093434493106, 0.019107959014148933, 0.02248350250699863, 0.015250163234803556, 0.028697313877911662, 0.01536694138422599, 0.02859010519473774, 0.015420157119338827, 0.03162438452304695, 0.032955166779384135, 0.032955166779384135, 0.03295514894107418, 0.03295513839466875, 0.032955153311728505, 0.03295518169643104, 0.028573912085329115, 0.03295513454255855, 0.03295522714506879, 0.032955166779384135, 0.03162438452304695, 0.028573912894972926, 0.03162439971062081, 0.03295512055634343, 0.028573903684101072, 0.032955166779384135, 0.03295513839466875, 0.028573903684101072, 0.032955142988976706], [0.024673812755995523, 0.0, 0.010373748357782432, 0.025699388738460584, 0.02007498869110739, 0.007640612885501042, 0.009985581285760058, 0.02240872267051392, 0.02975786311629417, 0.012908090963066905, 0.02296751052853252, 0.021718124184472616, 0.015370846639660164, 0.01809508258817907, 0.011894210925398427, 0.016907359925941993, 0.009561581994464748, 0.017678421111050016, 0.010001986259061535, 0.015220990245577043, 0.026368613700571076, 0.027688757929461412, 0.027688757929461412, 0.027688716504287097, 0.027688745144856492, 0.0276887565295262, 0.027688769314125863, 0.02571075095512093, 0.027688663395672882, 0.027688774165370703, 0.027688757929461412, 0.026368613700571076, 0.02571067770109177, 0.026368591663163844, 0.027688703719663053, 0.025710654241865968, 0.027688757929461412, 0.027688745144856492, 0.025710654241865968, 0.02768874979113321], [0.02296770657973025, 0.010373748357782432, 0.0, 0.026843050126472534, 0.024177891341509446, 0.011576264839117539, 0.016315883549359336, 0.020562907598325436, 0.036200578177274526, 0.015141543012629788, 0.023971182243638527, 0.024736137248237536, 0.0185469715024862, 0.02197849717176169, 0.009172257581410114, 0.013591523077030956, 0.01650549291326313, 0.015479536910054936, 0.01720601610548219, 0.018128760980423455, 0.021496659555366567, 0.02098397678875655, 0.02098397678875655, 0.02098393042907482, 0.020983980921601093, 0.020983999686197408, 0.020983995553356557, 0.022495452952108322, 0.020983889024947504, 0.02098399956095639, 0.02098397678875655, 0.021496659555366567, 0.022495365901023693, 0.02149664876347299, 0.020983934561928493, 0.022495344392857112, 0.02098397678875655, 0.020983980921601093, 0.022495344392857112, 0.02098399893070013], [0.01522543265862897, 0.025699388738460584, 0.026843050126472534, 0.0, 0.01771310491711873, 0.028038210803810616, 0.02029722979495877, 0.013821896335362257, 0.02792214340616964, 0.016534534731171082, 0.019100998024195126, 0.018730644200611157, 0.01744309764610581, 0.015843953127930608, 0.02771355862992148, 0.021473301488400976, 0.026689254329588307, 0.022818947928526696, 0.025375189961570576, 0.014911288680496359, 0.03573263727510002, 0.03552198257096999, 0.03552198257096999, 0.035521953578474964, 0.035521945684369255, 0.035521956525283616, 0.03552199341187309, 0.03265476839755215, 0.03552191781875937, 0.03552202821451338, 0.03552198257096999, 0.03573263727510002, 0.0326547556512931, 0.03573265559433147, 0.03552191669184413, 0.03265473859689459, 0.03552198257096999, 0.035521945684369255, 0.03265473859689459, 0.03552194531279341], [0.02175547349535457, 0.02007498869110739, 0.024177891341509446, 0.01771310491711873, 0.0, 0.025022444059891957, 0.013124123404650478, 0.018543725781198454, 0.016502363370259312, 0.013411659465766137, 0.027766370382565384, 0.02026297837327701, 0.017207819049995753, 0.008468951974092616, 0.023182611964370898, 0.020484329592900172, 0.022641023418993017, 0.022535927228278976, 0.020993206528740687, 0.010336633038506215, 0.0368814120172809, 0.03839520538308787, 0.03839520538308787, 0.03839518881407481, 0.03839517903484884, 0.038395195607559815, 0.03839522195578747, 0.03378500031918071, 0.03839515234457336, 0.0383952385962175, 0.03839520538308787, 0.0368814120172809, 0.03378496322754888, 0.036881415603147664, 0.03839516246582441, 0.033784954691420385, 0.03839520538308787, 0.03839517903484884, 0.033784954691420385, 0.03839518578630435], [0.0258411340970794, 0.007640612885501042, 0.011576264839117539, 0.028038210803810616, 0.025022444059891957, 0.0, 0.015003908448942681, 0.023678184702983197, 0.033065261477386275, 0.016147966700856164, 0.021415577574039973, 0.02331191406826036, 0.01772486653700412, 0.021899441426360414, 0.011875732835213083, 0.017921220769321337, 0.010857807036916052, 0.016115049880509366, 0.012156856033981995, 0.019756411521141857, 0.025431274635550814, 0.02755550308284473, 0.02755550308284473, 0.02755545475732176, 0.027555491148357238, 0.027555493975852236, 0.027555505910338507, 0.024357343768624674, 0.02755541131364138, 0.027555514077404756, 0.02755550308284473, 0.025431274635550814, 0.024357289256817374, 0.02543123959162735, 0.027555442822813334, 0.02435725737565895, 0.02755550308284473, 0.027555491148357238, 0.02435725737565895, 0.027555486920795177], [0.020795506540359818, 0.009985581285760058, 0.016315883549359336, 0.02029722979495877, 0.013124123404650478, 0.015003908448942681, 0.0, 0.018281064430557246, 0.023249233387835643, 0.008203911888147376, 0.02415751903118411, 0.020011497201150467, 0.01580295560216467, 0.011361954395957352, 0.017214137527265246, 0.017832959870518823, 0.013918126010325289, 0.017661598661856966, 0.014106555970649755, 0.0091980111246961, 0.028863163331542617, 0.03127595544141135, 0.03127595544141135, 0.03127592750057706, 0.03127595361136393, 0.031275968900108794, 0.031275970730155325, 0.0288147748339847, 0.03127589623141396, 0.03127597463591921, 0.03127595544141135, 0.028863163331542617, 0.028814708419593018, 0.028863162467311864, 0.03127592567052801, 0.028814693554346404, 0.03127595544141135, 0.03127595361136393, 0.028814693554346404, 0.03127596425419494], [0.006886335672356928, 0.02240872267051392, 0.020562907598325436, 0.013821896335362257, 0.018543725781198454, 0.023678184702983197, 0.018281064430557246, 0.0, 0.029973098365132102, 0.013259094049337778, 0.020755844980540044, 0.018698198864387106, 0.01705712320706184, 0.015326855297442326, 0.020128933846051057, 0.01311144131430857, 0.02563754835812692, 0.013093900438644881, 0.02553098335533164, 0.013236626342154445, 0.03151014984932174, 0.03472789106257899, 0.03472789106257899, 0.03472786688065293, 0.03472787080747943, 0.03472787966417847, 0.03472789991927286, 0.028267871344314757, 0.03472785448096523, 0.03472794212683523, 0.03472789106257899, 0.03151014984932174, 0.02826787322717763, 0.0315101523123884, 0.03472784662553927, 0.02826785832068572, 0.03472789106257899, 0.03472787080747943, 0.02826785832068572, 0.03472787037237164], [0.03269398349769065, 0.02975786311629417, 0.036200578177274526, 0.02792214340616964, 0.016502363370259312, 0.033065261477386275, 0.023249233387835643, 0.029973098365132102, 0.0, 0.02518537870444585, 0.03719484692586531, 0.028766956769717363, 0.026824668567546863, 0.019708307478856407, 0.03402301809547091, 0.03266405067908793, 0.029818270722527802, 0.0329177830486465, 0.02941356151536878, 0.022564525998975193, 0.04502158863738316, 0.045058381234921716, 0.045058381234921716, 0.04505836218876887, 0.04505837648932692, 0.045058393185492714, 0.04505839793108574, 0.04617311105413324, 0.04505836347772399, 0.04505841254510234, 0.045058381234921716, 0.04502158863738316, 0.046173083793036196, 0.045021591810766995, 0.045058357443172076, 0.046173072845972093, 0.045058381234921716, 0.04505837648932692, 0.046173072845972093, 0.04505838943594435], [0.0150421376542405, 0.012908090963066905, 0.015141543012629788, 0.016534534731171082, 0.013411659465766137, 0.016147966700856164, 0.008203911888147376, 0.013259094049337778, 0.02518537870444585, 0.0, 0.021201748439092588, 0.01581881042222845, 0.01401076480812184, 0.013136155697408782, 0.015568785767328263, 0.013207357248276149, 0.0175721467350476, 0.014096185775277149, 0.018003117369914824, 0.00603582942402107, 0.02689981554083913, 0.02973673562747589, 0.02973673562747589, 0.02973671786126357, 0.02973672098638812, 0.029736740914751876, 0.029736755555829827, 0.024989721661072595, 0.02973668554959875, 0.02973676453347179, 0.02973673562747589, 0.02689981554083913, 0.02498966186265646, 0.02689982851637684, 0.029736703220167054, 0.024989652444400316, 0.02973673562747589, 0.02973672098638812, 0.024989652444400316, 0.029736732925628884], [0.020041302385604202, 0.02296751052853252, 0.023971182243638527, 0.019100998024195126, 0.027766370382565384, 0.021415577574039973, 0.02415751903118411, 0.020755844980540044, 0.03719484692586531, 0.021201748439092588, 0.0, 0.017420074759987823, 0.016364975912296933, 0.02393543249575884, 0.022161624403062043, 0.021167290950661978, 0.022244110342177877, 0.020336563847114946, 0.02155105631438874, 0.02254392074603602, 0.02582032907453304, 0.027132047573608868, 0.027132047573608868, 0.02713199006896942, 0.02713202200862705, 0.027132007295989982, 0.02713203286098566, 0.023545547509482144, 0.02713198852099084, 0.027132104124993853, 0.027132047573608868, 0.02582032907453304, 0.023545606557960813, 0.025820291705050555, 0.027131964503933417, 0.02354556632028319, 0.027132047573608868, 0.02713202200862705, 0.02354556632028319, 0.027131997495562086], [0.017115169012130137, 0.021718124184472616, 0.024736137248237536, 0.018730644200611157, 0.02026297837327701, 0.02331191406826036, 0.020011497201150467, 0.018698198864387106, 0.028766956769717363, 0.01581881042222845, 0.017420074759987823, 0.0, 0.01390833606346478, 0.02081338113639336, 0.02100260961051381, 0.017838508645134057, 0.02386073973839719, 0.020258594697457742, 0.023932132417582897, 0.015025109620203744, 0.026613048269619858, 0.027615541203880344, 0.027615541203880344, 0.02761551546860994, 0.027615533372274674, 0.027615538444397247, 0.027615546276001476, 0.02661481391769987, 0.027615543890422485, 0.027615618496582717, 0.027615541203880344, 0.026613048269619858, 0.026614855234735533, 0.026613016513671584, 0.027615507636996973, 0.026614842294789137, 0.027615541203880344, 0.027615533372274674, 0.026614842294789137, 0.02761553311461787], [0.017847093434493106, 0.015370846639660164, 0.0185469715024862, 0.01744309764610581, 0.017207819049995753, 0.01772486653700412, 0.01580295560216467, 0.01705712320706184, 0.026824668567546863, 0.01401076480812184, 0.016364975912296933, 0.01390833606346478, 0.0, 0.014987440993927374, 0.01714383355904068, 0.014326046170325422, 0.018722296422506328, 0.0176654323727656, 0.01609466096942315, 0.013273689183587976, 0.030294110643033785, 0.02991992672337579, 0.02991992672337579, 0.029919881182759542, 0.029919898628776073, 0.02991990751398386, 0.02991993560857524, 0.02922278350072625, 0.029919860665375202, 0.02991998913864963, 0.02991992672337579, 0.030294110643033785, 0.029222777066732354, 0.030294086318488223, 0.02991985308811706, 0.02922275146901944, 0.02991992672337579, 0.029919898628776073, 0.02922275146901944, 0.029919898620357044], [0.019107959014148933, 0.01809508258817907, 0.02197849717176169, 0.015843953127930608, 0.008468951974092616, 0.021899441426360414, 0.011361954395957352, 0.015326855297442326, 0.019708307478856407, 0.013136155697408782, 0.02393543249575884, 0.02081338113639336, 0.014987440993927374, 0.0, 0.021315230040230834, 0.01891521573385644, 0.020088164081895343, 0.018725012016538287, 0.017894468381926307, 0.01135381565019682, 0.03270671481806189, 0.032606676334898756, 0.032606676334898756, 0.03260664156518837, 0.03260666100522151, 0.032606671156427895, 0.032606686486100364, 0.03274427141110588, 0.03260662047681698, 0.032606715315648654, 0.032606676334898756, 0.03270671481806189, 0.03274424600052452, 0.032706708321199596, 0.032606626235494776, 0.03274422726897379, 0.032606676334898756, 0.03260666100522151, 0.03274422726897379, 0.03260666500045476], [0.02248350250699863, 0.011894210925398427, 0.009172257581410114, 0.02771355862992148, 0.023182611964370898, 0.011875732835213083, 0.017214137527265246, 0.020128933846051057, 0.03402301809547091, 0.015568785767328263, 0.022161624403062043, 0.02100260961051381, 0.01714383355904068, 0.021315230040230834, 0.0, 0.013124642649665235, 0.016665930091303648, 0.013537571523649993, 0.018215755494756493, 0.01817407952901771, 0.02362812633385899, 0.026736880567997123, 0.026736880567997123, 0.026736849478918807, 0.026736858336087126, 0.02673686673064944, 0.026736888962552455, 0.02025866510036381, 0.026736813966006155, 0.02673691338369636, 0.026736880567997123, 0.02362812633385899, 0.020258632049440114, 0.02362809813401706, 0.026736827246982963, 0.020258610138059536, 0.026736880567997123, 0.026736858336087126, 0.020258610138059536, 0.026736856632353295], [0.015250163234803556, 0.016907359925941993, 0.013591523077030956, 0.021473301488400976, 0.020484329592900172, 0.017921220769321337, 0.017832959870518823, 0.01311144131430857, 0.03266405067908793, 0.013207357248276149, 0.021167290950661978, 0.017838508645134057, 0.014326046170325422, 0.01891521573385644, 0.013124642649665235, 0.0, 0.023317243386929528, 0.009548404631927304, 0.021452017670725708, 0.015040484633005502, 0.025590111173005754, 0.02535029812141329, 0.02535029812141329, 0.025350262806210916, 0.02535027280524267, 0.025350282031137927, 0.02535030734729933, 0.02489439332548711, 0.02535024115498875, 0.02535036664823356, 0.02535029812141329, 0.025590111173005754, 0.024894391862626104, 0.02559006764359638, 0.025350237490005027, 0.024894375377821864, 0.02535029812141329, 0.02535027280524267, 0.024894375377821864, 0.025350273703967422], [0.028697313877911662, 0.009561581994464748, 0.01650549291326313, 0.026689254329588307, 0.022641023418993017, 0.010857807036916052, 0.013918126010325289, 0.02563754835812692, 0.029818270722527802, 0.0175721467350476, 0.022244110342177877, 0.02386073973839719, 0.018722296422506328, 0.020088164081895343, 0.016665930091303648, 0.023317243386929528, 0.0, 0.02276143626062697, 0.009344840283790325, 0.018832740941680557, 0.027353071958619236, 0.02948479226813517, 0.02948479226813517, 0.02948474113569112, 0.029484792929258, 0.029484795201318876, 0.029484794540196094, 0.02758839370485541, 0.02948470596586764, 0.02948479549759731, 0.02948479226813517, 0.027353071958619236, 0.027588332358411297, 0.027353056318288767, 0.029484741796815102, 0.027588300226502847, 0.02948479226813517, 0.029484792929258, 0.027588300226502847, 0.02948479123097421], [0.01536694138422599, 0.017678421111050016, 0.015479536910054936, 0.022818947928526696, 0.022535927228278976, 0.016115049880509366, 0.017661598661856966, 0.013093900438644881, 0.0329177830486465, 0.014096185775277149, 0.020336563847114946, 0.020258594697457742, 0.0176654323727656, 0.018725012016538287, 0.013537571523649993, 0.009548404631927304, 0.02276143626062697, 0.0, 0.021728191862298137, 0.017762542245165432, 0.025953734395220175, 0.028408356049800437, 0.028408356049800437, 0.02840832433968149, 0.028408334993543363, 0.028408336656949584, 0.028408357713205424, 0.023334182082085354, 0.02840830818463693, 0.028408400842562267, 0.028408356049800437, 0.025953734395220175, 0.023334192477172905, 0.02595369531412151, 0.02840830328340091, 0.02333417139628045, 0.028408356049800437, 0.028408334993543363, 0.02333417139628045, 0.028408327274783204], [0.02859010519473774, 0.010001986259061535, 0.01720601610548219, 0.025375189961570576, 0.020993206528740687, 0.012156856033981995, 0.014106555970649755, 0.02553098335533164, 0.02941356151536878, 0.018003117369914824, 0.02155105631438874, 0.023932132417582897, 0.01609466096942315, 0.017894468381926307, 0.018215755494756493, 0.021452017670725708, 0.009344840283790325, 0.021728191862298137, 0.0, 0.019308605174793308, 0.030488580452490834, 0.030264240259875418, 0.030264240259875418, 0.03026418235487775, 0.030264210107483296, 0.030264207015568204, 0.030264237167963403, 0.028957174488782864, 0.030264115082256824, 0.030264254393009286, 0.030264240259875418, 0.030488580452490834, 0.02895713207161936, 0.030488537455032955, 0.030264152202427938, 0.02895709743364594, 0.030264240259875418, 0.030264210107483296, 0.02895709743364594, 0.030264197462106176], [0.015420157119338827, 0.015220990245577043, 0.018128760980423455, 0.014911288680496359, 0.010336633038506215, 0.019756411521141857, 0.0091980111246961, 0.013236626342154445, 0.022564525998975193, 0.00603582942402107, 0.02254392074603602, 0.015025109620203744, 0.013273689183587976, 0.01135381565019682, 0.01817407952901771, 0.015040484633005502, 0.018832740941680557, 0.017762542245165432, 0.019308605174793308, 0.0, 0.02980365898353783, 0.0297751354820655, 0.0297751354820655, 0.029775113559092174, 0.029775111685173678, 0.029775132891361092, 0.029775156688235965, 0.028906127951697162, 0.029775076115326222, 0.02977517838259437, 0.0297751354820655, 0.02980365898353783, 0.0289060806576091, 0.02980367016798601, 0.029775089762182832, 0.02890607107175496, 0.0297751354820655, 0.029775111685173678, 0.02890607107175496, 0.029775124656810936], [0.03162438452304695, 0.026368613700571076, 0.021496659555366567, 0.03573263727510002, 0.0368814120172809, 0.025431274635550814, 0.028863163331542617, 0.03151014984932174, 0.04502158863738316, 0.02689981554083913, 0.02582032907453304, 0.026613048269619858, 0.030294110643033785, 0.03270671481806189, 0.02362812633385899, 0.025590111173005754, 0.027353071958619236, 0.025953734395220175, 0.030488580452490834, 0.02980365898353783, 0.0, 0.00012630446449037717, 0.00012630446449037717, 0.0001263045502968533, 0.0001262691499262766, 0.0001262692168157935, 0.00012630453136119188, 2.1941187041490192e-07, 0.00012625445106765508, 0.00012630446351217207, 0.00012630446449037717, 0.0, 1.8764280810217123e-07, 1.955172466052889e-07, 0.00012626923575675077, 2.041611696897347e-07, 0.00012630446449037717, 0.0001262691499262766, 2.041611696897347e-07, 0.00012625439214745797], [0.032955166779384135, 0.027688757929461412, 0.02098397678875655, 0.03552198257096999, 0.03839520538308787, 0.02755550308284473, 0.03127595544141135, 0.03472789106257899, 0.045058381234921716, 0.02973673562747589, 0.027132047573608868, 0.027615541203880344, 0.02991992672337579, 0.032606676334898756, 0.026736880567997123, 0.02535029812141329, 0.02948479226813517, 0.028408356049800437, 0.030264240259875418, 0.0297751354820655, 0.00012630446449037717, 0.0, 0.0, 1.0257074622852477e-07, 1.279852751234131e-07, 1.487649893695295e-07, 7.583397268837017e-08, 0.00012642921589632816, 2.2691462352583207e-07, 1.3101530446411305e-07, 0.0, 0.00012630446449037717, 0.00012642927648499, 0.00012630441540876868, 1.6401520853351428e-07, 0.00012642928353483334, 0.0, 1.279852751234131e-07, 0.00012642928353483334, 1.7206756173492483e-07], [0.032955166779384135, 0.027688757929461412, 0.02098397678875655, 0.03552198257096999, 0.03839520538308787, 0.02755550308284473, 0.03127595544141135, 0.03472789106257899, 0.045058381234921716, 0.02973673562747589, 0.027132047573608868, 0.027615541203880344, 0.02991992672337579, 0.032606676334898756, 0.026736880567997123, 0.02535029812141329, 0.02948479226813517, 0.028408356049800437, 0.030264240259875418, 0.0297751354820655, 0.00012630446449037717, 0.0, 0.0, 1.0257074622852477e-07, 1.279852751234131e-07, 1.487649893695295e-07, 7.583397268837017e-08, 0.00012642921589632816, 2.2691462352583207e-07, 1.3101530446411305e-07, 0.0, 0.00012630446449037717, 0.00012642927648499, 0.00012630441540876868, 1.6401520853351428e-07, 0.00012642928353483334, 0.0, 1.279852751234131e-07, 0.00012642928353483334, 1.7206756173492483e-07], [0.03295514894107418, 0.027688716504287097, 0.02098393042907482, 0.035521953578474964, 0.03839518881407481, 0.02755545475732176, 0.03127592750057706, 0.03472786688065293, 0.04505836218876887, 0.02973671786126357, 0.02713199006896942, 0.02761551546860994, 0.029919881182759542, 0.03260664156518837, 0.026736849478918807, 0.025350262806210916, 0.02948474113569112, 0.02840832433968149, 0.03026418235487775, 0.029775113559092174, 0.0001263045502968533, 1.0257074622852477e-07, 1.0257074622852477e-07, 0.0, 1.6401520853351428e-07, 1.5093683477922945e-07, 8.001060832637547e-08, 0.00012642921847051965, 2.027849386884462e-07, 1.8558964346586403e-07, 1.0257074622852477e-07, 0.0001263045502968533, 0.00012642932411641852, 0.00012630441798550373, 1.279852751234131e-07, 0.00012642928951020962, 1.0257074622852477e-07, 1.6401520853351428e-07, 0.00012642928951020962, 1.739487046012656e-07], [0.03295513839466875, 0.027688745144856492, 0.020983980921601093, 0.035521945684369255, 0.03839517903484884, 0.027555491148357238, 0.03127595361136393, 0.03472787080747943, 0.04505837648932692, 0.02973672098638812, 0.02713202200862705, 0.027615533372274674, 0.029919898628776073, 0.03260666100522151, 0.026736858336087126, 0.02535027280524267, 0.029484792929258, 0.028408334993543363, 0.030264210107483296, 0.029775111685173678, 0.0001262691499262766, 1.279852751234131e-07, 1.279852751234131e-07, 1.6401520853351428e-07, 0.0, 7.583397268837017e-08, 1.487649893695295e-07, 0.00012639389135457455, 1.684819256060095e-07, 1.831535985238619e-07, 1.279852751234131e-07, 0.0001262691499262766, 0.0001263939519601697, 0.0001262691008309411, 1.0257074622852477e-07, 0.0001263939590119833, 1.279852751234131e-07, 0.0, 0.0001263939590119833, 8.064216445161291e-08], [0.032955153311728505, 0.0276887565295262, 0.020983999686197408, 0.035521956525283616, 0.038395195607559815, 0.027555493975852236, 0.031275968900108794, 0.03472787966417847, 0.045058393185492714, 0.029736740914751876, 0.027132007295989982, 0.027615538444397247, 0.02991990751398386, 0.032606671156427895, 0.02673686673064944, 0.025350282031137927, 0.029484795201318876, 0.028408336656949584, 0.030264207015568204, 0.029775132891361092, 0.0001262692168157935, 1.487649893695295e-07, 1.487649893695295e-07, 1.5093683477922945e-07, 7.583397268837017e-08, 0.0, 1.279852751234131e-07, 0.0001263938686050893, 1.7275624046968542e-07, 2.0788120047617505e-07, 1.487649893695295e-07, 0.0001262692168157935, 0.00012639401744758902, 0.00012626907805897276, 8.001060832637547e-08, 0.00012639400456607706, 1.487649893695295e-07, 7.583397268837017e-08, 0.00012639400456607706, 2.742931413179173e-08], [0.03295518169643104, 0.027688769314125863, 0.020983995553356557, 0.03552199341187309, 0.03839522195578747, 0.027555505910338507, 0.031275970730155325, 0.03472789991927286, 0.04505839793108574, 0.029736755555829827, 0.02713203286098566, 0.027615546276001476, 0.02991993560857524, 0.032606686486100364, 0.026736888962552455, 0.02535030734729933, 0.029484794540196094, 0.028408357713205424, 0.030264237167963403, 0.029775156688235965, 0.00012630453136119188, 7.583397268837017e-08, 7.583397268837017e-08, 8.001060832637547e-08, 1.487649893695295e-07, 1.279852751234131e-07, 0.0, 0.00012642919315319917, 2.3010607496365878e-07, 1.638119741136158e-07, 7.583397268837017e-08, 0.00012630453136119188, 0.00012642934195411206, 0.00012630439264316737, 1.5093683477922945e-07, 0.00012642932907619918, 7.583397268837017e-08, 1.487649893695295e-07, 0.00012642932907619918, 1.5445534755294714e-07], [0.028573912085329115, 0.02571075095512093, 0.022495452952108322, 0.03265476839755215, 0.03378500031918071, 0.024357343768624674, 0.0288147748339847, 0.028267871344314757, 0.04617311105413324, 0.024989721661072595, 0.023545547509482144, 0.02661481391769987, 0.02922278350072625, 0.03274427141110588, 0.02025866510036381, 0.02489439332548711, 0.02758839370485541, 0.023334182082085354, 0.028957174488782864, 0.028906127951697162, 2.1941187041490192e-07, 0.00012642921589632816, 0.00012642921589632816, 0.00012642921847051965, 0.00012639389135457455, 0.0001263938686050893, 0.00012642919315319917, 0.0, 0.00012637915713723332, 0.00012642929927723164, 0.00012642921589632816, 2.1941187041490192e-07, 2.124869337824148e-07, 9.95719597017773e-08, 0.00012639389392948548, 2.0308408779084996e-07, 0.00012642921589632816, 0.00012639389135457455, 2.0308408779084996e-07, 0.0001263790420376977], [0.03295513454255855, 0.027688663395672882, 0.020983889024947504, 0.03552191781875937, 0.03839515234457336, 0.02755541131364138, 0.03127589623141396, 0.03472785448096523, 0.04505836347772399, 0.02973668554959875, 0.02713198852099084, 0.027615543890422485, 0.029919860665375202, 0.03260662047681698, 0.026736813966006155, 0.02535024115498875, 0.02948470596586764, 0.02840830818463693, 0.030264115082256824, 0.029775076115326222, 0.00012625445106765508, 2.2691462352583207e-07, 2.2691462352583207e-07, 2.027849386884462e-07, 1.684819256060095e-07, 1.7275624046968542e-07, 2.3010607496365878e-07, 0.00012637915713723332, 0.0, 2.2660265662079196e-07, 2.2691462352583207e-07, 0.00012625445106765508, 0.0001263790999956988, 0.00012625436858764347, 1.3422981876213537e-07, 0.00012637906962800457, 2.2691462352583207e-07, 1.684819256060095e-07, 0.00012637906962800457, 1.705648010214278e-07], [0.03295522714506879, 0.027688774165370703, 0.02098399956095639, 0.03552202821451338, 0.0383952385962175, 0.027555514077404756, 0.03127597463591921, 0.03472794212683523, 0.04505841254510234, 0.02973676453347179, 0.027132104124993853, 0.027615618496582717, 0.02991998913864963, 0.032606715315648654, 0.02673691338369636, 0.02535036664823356, 0.02948479549759731, 0.028408400842562267, 0.030264254393009286, 0.02977517838259437, 0.00012630446351217207, 1.3101530446411305e-07, 1.3101530446411305e-07, 1.8558964346586403e-07, 1.831535985238619e-07, 2.0788120047617505e-07, 1.638119741136158e-07, 0.00012642929927723164, 2.2660265662079196e-07, 0.0, 1.3101530446411305e-07, 0.00012630446351217207, 0.0001264292320535256, 0.0001263044988720602, 2.2544122606613518e-07, 0.00012642924783308747, 1.3101530446411305e-07, 1.831535985238619e-07, 0.00012642924783308747, 2.2514621304987926e-07], [0.032955166779384135, 0.027688757929461412, 0.02098397678875655, 0.03552198257096999, 0.03839520538308787, 0.02755550308284473, 0.03127595544141135, 0.03472789106257899, 0.045058381234921716, 0.02973673562747589, 0.027132047573608868, 0.027615541203880344, 0.02991992672337579, 0.032606676334898756, 0.026736880567997123, 0.02535029812141329, 0.02948479226813517, 0.028408356049800437, 0.030264240259875418, 0.0297751354820655, 0.00012630446449037717, 0.0, 0.0, 1.0257074622852477e-07, 1.279852751234131e-07, 1.487649893695295e-07, 7.583397268837017e-08, 0.00012642921589632816, 2.2691462352583207e-07, 1.3101530446411305e-07, 0.0, 0.00012630446449037717, 0.00012642927648499, 0.00012630441540876868, 1.6401520853351428e-07, 0.00012642928353483334, 0.0, 1.279852751234131e-07, 0.00012642928353483334, 1.7206756173492483e-07], [0.03162438452304695, 0.026368613700571076, 0.021496659555366567, 0.03573263727510002, 0.0368814120172809, 0.025431274635550814, 0.028863163331542617, 0.03151014984932174, 0.04502158863738316, 0.02689981554083913, 0.02582032907453304, 0.026613048269619858, 0.030294110643033785, 0.03270671481806189, 0.02362812633385899, 0.025590111173005754, 0.027353071958619236, 0.025953734395220175, 0.030488580452490834, 0.02980365898353783, 0.0, 0.00012630446449037717, 0.00012630446449037717, 0.0001263045502968533, 0.0001262691499262766, 0.0001262692168157935, 0.00012630453136119188, 2.1941187041490192e-07, 0.00012625445106765508, 0.00012630446351217207, 0.00012630446449037717, 0.0, 1.8764280810217123e-07, 1.955172466052889e-07, 0.00012626923575675077, 2.041611696897347e-07, 0.00012630446449037717, 0.0001262691499262766, 2.041611696897347e-07, 0.00012625439214745797], [0.028573912894972926, 0.02571067770109177, 0.022495365901023693, 0.0326547556512931, 0.03378496322754888, 0.024357289256817374, 0.028814708419593018, 0.02826787322717763, 0.046173083793036196, 0.02498966186265646, 0.023545606557960813, 0.026614855234735533, 0.029222777066732354, 0.03274424600052452, 0.020258632049440114, 0.024894391862626104, 0.027588332358411297, 0.023334192477172905, 0.02895713207161936, 0.0289060806576091, 1.8764280810217123e-07, 0.00012642927648499, 0.00012642927648499, 0.00012642932411641852, 0.0001263939519601697, 0.00012639401744758902, 0.00012642934195411206, 2.124869337824148e-07, 0.0001263790999956988, 0.0001264292320535256, 0.00012642927648499, 1.8764280810217123e-07, 0.0, 2.2574468624167985e-07, 0.00012639399960491022, 5.7774682698529626e-08, 0.00012642927648499, 0.0001263939519601697, 5.7774682698529626e-08, 0.00012637919089765934], [0.03162439971062081, 0.026368591663163844, 0.02149664876347299, 0.03573265559433147, 0.036881415603147664, 0.02543123959162735, 0.028863162467311864, 0.0315101523123884, 0.045021591810766995, 0.02689982851637684, 0.025820291705050555, 0.026613016513671584, 0.030294086318488223, 0.032706708321199596, 0.02362809813401706, 0.02559006764359638, 0.027353056318288767, 0.02595369531412151, 0.030488537455032955, 0.02980367016798601, 1.955172466052889e-07, 0.00012630441540876868, 0.00012630441540876868, 0.00012630441798550373, 0.0001262691008309411, 0.00012626907805897276, 0.00012630439264316737, 9.95719597017773e-08, 0.00012625436858764347, 0.0001263044988720602, 0.00012630441540876868, 1.955172466052889e-07, 2.2574468624167985e-07, 0.0, 0.0001262691034083968, 2.1773457442195169e-07, 0.00012630441540876868, 0.0001262691008309411, 2.1773457442195169e-07, 0.0001262542533743445], [0.03295512055634343, 0.027688703719663053, 0.020983934561928493, 0.03552191669184413, 0.03839516246582441, 0.027555442822813334, 0.03127592567052801, 0.03472784662553927, 0.045058357443172076, 0.029736703220167054, 0.027131964503933417, 0.027615507636996973, 0.02991985308811706, 0.032606626235494776, 0.026736827246982963, 0.025350237490005027, 0.029484741796815102, 0.02840830328340091, 0.030264152202427938, 0.029775089762182832, 0.00012626923575675077, 1.6401520853351428e-07, 1.6401520853351428e-07, 1.279852751234131e-07, 1.0257074622852477e-07, 8.001060832637547e-08, 1.5093683477922945e-07, 0.00012639389392948548, 1.3422981876213537e-07, 2.2544122606613518e-07, 1.6401520853351428e-07, 0.00012626923575675077, 0.00012639399960491022, 0.0001262691034083968, 0.0, 0.00012639396498902958, 1.6401520853351428e-07, 1.0257074622852477e-07, 0.00012639396498902958, 8.45817043957922e-08], [0.028573903684101072, 0.025710654241865968, 0.022495344392857112, 0.03265473859689459, 0.033784954691420385, 0.02435725737565895, 0.028814693554346404, 0.02826785832068572, 0.046173072845972093, 0.024989652444400316, 0.02354556632028319, 0.026614842294789137, 0.02922275146901944, 0.03274422726897379, 0.020258610138059536, 0.024894375377821864, 0.027588300226502847, 0.02333417139628045, 0.02895709743364594, 0.02890607107175496, 2.041611696897347e-07, 0.00012642928353483334, 0.00012642928353483334, 0.00012642928951020962, 0.0001263939590119833, 0.00012639400456607706, 0.00012642932907619918, 2.0308408779084996e-07, 0.00012637906962800457, 0.00012642924783308747, 0.00012642928353483334, 2.041611696897347e-07, 5.7774682698529626e-08, 2.1773457442195169e-07, 0.00012639396498902958, 0.0, 0.00012642928353483334, 0.0001263939590119833, 0.0, 0.00012637917801463616], [0.032955166779384135, 0.027688757929461412, 0.02098397678875655, 0.03552198257096999, 0.03839520538308787, 0.02755550308284473, 0.03127595544141135, 0.03472789106257899, 0.045058381234921716, 0.02973673562747589, 0.027132047573608868, 0.027615541203880344, 0.02991992672337579, 0.032606676334898756, 0.026736880567997123, 0.02535029812141329, 0.02948479226813517, 0.028408356049800437, 0.030264240259875418, 0.0297751354820655, 0.00012630446449037717, 0.0, 0.0, 1.0257074622852477e-07, 1.279852751234131e-07, 1.487649893695295e-07, 7.583397268837017e-08, 0.00012642921589632816, 2.2691462352583207e-07, 1.3101530446411305e-07, 0.0, 0.00012630446449037717, 0.00012642927648499, 0.00012630441540876868, 1.6401520853351428e-07, 0.00012642928353483334, 0.0, 1.279852751234131e-07, 0.00012642928353483334, 1.7206756173492483e-07], [0.03295513839466875, 0.027688745144856492, 0.020983980921601093, 0.035521945684369255, 0.03839517903484884, 0.027555491148357238, 0.03127595361136393, 0.03472787080747943, 0.04505837648932692, 0.02973672098638812, 0.02713202200862705, 0.027615533372274674, 0.029919898628776073, 0.03260666100522151, 0.026736858336087126, 0.02535027280524267, 0.029484792929258, 0.028408334993543363, 0.030264210107483296, 0.029775111685173678, 0.0001262691499262766, 1.279852751234131e-07, 1.279852751234131e-07, 1.6401520853351428e-07, 0.0, 7.583397268837017e-08, 1.487649893695295e-07, 0.00012639389135457455, 1.684819256060095e-07, 1.831535985238619e-07, 1.279852751234131e-07, 0.0001262691499262766, 0.0001263939519601697, 0.0001262691008309411, 1.0257074622852477e-07, 0.0001263939590119833, 1.279852751234131e-07, 0.0, 0.0001263939590119833, 8.064216445161291e-08], [0.028573903684101072, 0.025710654241865968, 0.022495344392857112, 0.03265473859689459, 0.033784954691420385, 0.02435725737565895, 0.028814693554346404, 0.02826785832068572, 0.046173072845972093, 0.024989652444400316, 0.02354556632028319, 0.026614842294789137, 0.02922275146901944, 0.03274422726897379, 0.020258610138059536, 0.024894375377821864, 0.027588300226502847, 0.02333417139628045, 0.02895709743364594, 0.02890607107175496, 2.041611696897347e-07, 0.00012642928353483334, 0.00012642928353483334, 0.00012642928951020962, 0.0001263939590119833, 0.00012639400456607706, 0.00012642932907619918, 2.0308408779084996e-07, 0.00012637906962800457, 0.00012642924783308747, 0.00012642928353483334, 2.041611696897347e-07, 5.7774682698529626e-08, 2.1773457442195169e-07, 0.00012639396498902958, 0.0, 0.00012642928353483334, 0.0001263939590119833, 0.0, 0.00012637917801463616], [0.032955142988976706, 0.02768874979113321, 0.02098399893070013, 0.03552194531279341, 0.03839518578630435, 0.027555486920795177, 0.03127596425419494, 0.03472787037237164, 0.04505838943594435, 0.029736732925628884, 0.027131997495562086, 0.02761553311461787, 0.029919898620357044, 0.03260666500045476, 0.026736856632353295, 0.025350273703967422, 0.02948479123097421, 0.028408327274783204, 0.030264197462106176, 0.029775124656810936, 0.00012625439214745797, 1.7206756173492483e-07, 1.7206756173492483e-07, 1.739487046012656e-07, 8.064216445161291e-08, 2.742931413179173e-08, 1.5445534755294714e-07, 0.0001263790420376977, 1.705648010214278e-07, 2.2514621304987926e-07, 1.7206756173492483e-07, 0.00012625439214745797, 0.00012637919089765934, 0.0001262542533743445, 8.45817043957922e-08, 0.00012637917801463616, 1.7206756173492483e-07, 8.064216445161291e-08, 0.00012637917801463616, 0.0]], "Angle": [[0.0, 0.052963917723101384, 0.06277827654875917, 0.06850669547330604, 0.06654236895169499, 0.061939295715735795, 0.042112245496691444, 0.04012961614007908, 0.07622241187864165, 0.03688765359756336, 0.08279196251812897, 0.03782939346740596, 0.060301874149218976, 0.05125261280773467, 0.0654859957042678, 0.05773534065698327, 0.07324099229036125, 0.05696397416278941, 0.07201348320772712, 0.03462434072359541, 0.07968483898804846, 0.07727328913868724, 0.07727328913868724, 0.07727327731429931, 0.07727329269431386, 0.07727331244745267, 0.07727330889182694, 0.07968484998618464, 0.07727327787291806, 0.07727330183324957, 0.07727328913868724, 0.07968483898804846, 0.07968480653977084, 0.07968484998618464, 0.07727328086992648, 0.07968484376407511, 0.07727328913868724, 0.07727329269431386, 0.07968484376407511, 0.07727330077363588], [0.052963917723101384, 0.0, 0.04229807958840709, 0.06352864355077976, 0.049862464849628634, 0.035962297653097434, 0.0366135354519801, 0.04853031336358292, 0.07271122300504512, 0.04616198303980741, 0.07490799066638455, 0.037631253118508644, 0.04896293453742772, 0.04613989732903019, 0.03682998249004346, 0.054941725386294674, 0.04643191470783481, 0.05723724207493003, 0.058292150731425754, 0.037507752251573795, 0.07846588521051769, 0.07613079864658562, 0.07613079864658562, 0.0761307964649796, 0.07613080243898256, 0.07613081917977796, 0.07613081538738185, 0.07846585533524142, 0.07613078839105739, 0.07613081254285615, 0.07613079864658562, 0.07846588521051769, 0.07846580537278496, 0.07846585533524142, 0.07613080025737665, 0.07846586041644123, 0.07613079864658562, 0.07613080243898256, 0.07846586041644123, 0.07613080672859329], [0.06277827654875917, 0.04229807958840709, 0.0, 0.05861237995506937, 0.07339938446248422, 0.061715999540026066, 0.05406587800124245, 0.05580564540722051, 0.09708035449619597, 0.06628016707762611, 0.05970255443768094, 0.04367944293488657, 0.045306363384035674, 0.07071793903253853, 0.04383340874060449, 0.053512673956730164, 0.04412905182973669, 0.06839253657753355, 0.038601304127665, 0.054699115653841904, 0.060945165147221037, 0.07821655234437394, 0.07821655234437394, 0.07821654547119018, 0.07821652532226009, 0.07821653954374337, 0.07821656656585232, 0.06094519654662282, 0.07821659354291738, 0.0782165464891581, 0.07821655234437394, 0.060945165147221037, 0.060945135802800504, 0.06094519654662282, 0.07821651844907394, 0.06094516809988132, 0.07821655234437394, 0.07821652532226009, 0.06094516809988132, 0.0782166282632905], [0.06850669547330604, 0.06352864355077976, 0.05861237995506937, 0.0, 0.06688441129745379, 0.07070123214788276, 0.07094851215179476, 0.060110570472837556, 0.09708619349708651, 0.07001039324242754, 0.040454655107104706, 0.05796502054636796, 0.030325210162007614, 0.07520408960742098, 0.06280477888941634, 0.055068306553220786, 0.05420692295246484, 0.06821636602723469, 0.06789433538293546, 0.07195300162977722, 0.07242999971234955, 0.07158566810760697, 0.07158566810760697, 0.07158568363129603, 0.07158567676876354, 0.07158568369705445, 0.07158567503589874, 0.07243004297747031, 0.07158563058995329, 0.07158566044878291, 0.07158566810760697, 0.07242999971234955, 0.07242997697741005, 0.07243004297747031, 0.07158569229245071, 0.07243004676020325, 0.07158566810760697, 0.07158567676876354, 0.07243004676020325, 0.07158565526066779], [0.06654236895169499, 0.049862464849628634, 0.07339938446248422, 0.06688441129745379, 0.0, 0.05030560607698622, 0.05227945599483877, 0.06526417880102071, 0.058289916860980166, 0.05197874083939015, 0.08381643755186585, 0.0522853562583543, 0.06339983166662365, 0.049079102537575595, 0.058876848450562486, 0.07328051685195831, 0.06998154480161668, 0.06713660580074408, 0.0737111037072161, 0.053020519034478804, 0.07513073870787917, 0.07650924959841776, 0.07650924959841776, 0.07650926774578651, 0.07650926257907636, 0.0765092700069976, 0.07650925702634027, 0.07513070994523025, 0.07650919592896925, 0.07650923599417121, 0.07650924959841776, 0.07513073870787917, 0.07513063392240374, 0.07513070994523025, 0.07650928072644203, 0.07513071051670052, 0.07650924959841776, 0.07650926257907636, 0.07513071051670052, 0.07650922738873117], [0.061939295715735795, 0.035962297653097434, 0.061715999540026066, 0.07070123214788276, 0.05030560607698622, 0.0, 0.04711341652311619, 0.056521786296682024, 0.06734064439609157, 0.055759539735156946, 0.08322363116113948, 0.037599755191163924, 0.06237049036787187, 0.06276120118262248, 0.03625471122914497, 0.06454935725678505, 0.06756793855434662, 0.05472935639010751, 0.05787384992304945, 0.05305044225272991, 0.07962628333390172, 0.07773506569373674, 0.07773506569373674, 0.07773507249643909, 0.07773507160002688, 0.07773508166586589, 0.0777350757595765, 0.07962619295741849, 0.07773509036781166, 0.07773511114071603, 0.07773506569373674, 0.07962628333390172, 0.07962618271843501, 0.07962619295741849, 0.07773507840272871, 0.07962624658009512, 0.07773506569373674, 0.07773507160002688, 0.07962624658009512, 0.07773506227430396], [0.042112245496691444, 0.0366135354519801, 0.05406587800124245, 0.07094851215179476, 0.05227945599483877, 0.04711341652311619, 0.0, 0.05403824973932464, 0.06251760546316017, 0.03514251617692804, 0.08350548310229225, 0.036950729210619454, 0.05975936678463781, 0.04310585940136216, 0.04948696533357052, 0.06216738318529862, 0.05911309674076704, 0.0600199524400208, 0.06615464346232514, 0.0327972640352564, 0.07817976116378897, 0.07759223965295378, 0.07759223965295378, 0.07759223302524453, 0.07759223024929608, 0.07759224873869817, 0.07759225814235363, 0.07817975384286002, 0.07759222086477788, 0.07759221452838133, 0.07759223965295378, 0.07817976116378897, 0.07817966457077885, 0.07817975384286002, 0.07759