{"Bond": [[0.0, 0.01804447908512027, 0.014993133943968544, 0.011071580288705848, 0.01808780382178515, 0.025312311880395913, 0.010711232742687246, 0.013816538354395043, 0.05131250263537193, 0.01653951522126051, 0.018213531716355733, 0.03623760811317384, 0.016023446622517215, 0.15606968279391586, 0.011826166066765788, 0.01869977440882371, 0.041070911035620536, 0.04918889571603094, 0.018304162470142278, 0.025514788521626128, 0.01726219859903381, 0.018181449204687186, 0.018168728877740008, 0.018164395274469353, 0.017284306464174067, 0.017278214563934385, 0.018164372299201544, 0.01818253851290527, 0.01816977593924916, 0.018156591343217045, 0.01728267632614641, 0.017259761603852043, 0.017258401272724367, 0.01725967555378485, 0.018168453091004965, 0.017259483137106214, 0.01819562724469681, 0.017258803796454874, 0.018196805968370026, 0.018165425340865893], [0.01804447908512027, 0.0, 0.021340786660101956, 0.01767568007904659, 0.019685267002380703, 0.0208377761812059, 0.020525374092913082, 0.020560613813437312, 0.055052312636225224, 0.008727110598002779, 0.01365993769512748, 0.03693301373453208, 0.010509797517046815, 0.16195262707809416, 0.01836449114398115, 0.012408374548293253, 0.04160268556965034, 0.04470677451911405, 0.01156593254322896, 0.03128150114077812, 0.018109709476061324, 0.019352835737778608, 0.01933508831284193, 0.019337626242156538, 0.018128694130139, 0.018137098501941187, 0.019337583944031445, 0.01935440818591567, 0.0193367655659884, 0.01933876921745938, 0.018130565264222336, 0.018110507602218707, 0.018113752133919497, 0.018110459099956205, 0.019343329298144144, 0.01810726600882382, 0.019359066616010806, 0.0181136765055359, 0.019354928188926625, 0.019339230372241688], [0.014993133943968544, 0.021340786660101956, 0.0, 0.014954205374012696, 0.01984506360422723, 0.027390901755077284, 0.015390275487644742, 0.016026999948988287, 0.04733049196497645, 0.0191253337716277, 0.021737463603511524, 0.04023267179257741, 0.022260672063663476, 0.1624856792388816, 0.015350118227859184, 0.024286644228666974, 0.049177308775741294, 0.05550317966593814, 0.021943859526227884, 0.022397028756458225, 0.020181835625531677, 0.021061759464848884, 0.021243154430812886, 0.02122394720032094, 0.019990734221875334, 0.019970272311373004, 0.02122401631046901, 0.021062626026847983, 0.02124407087474355, 0.02123009119248727, 0.019989653797942014, 0.020178755423114512, 0.02016290022095117, 0.020178664394487313, 0.02120468899421329, 0.020171480133067975, 0.02105922280461471, 0.020137858443257505, 0.021064035536599624, 0.02122486660159123], [0.011071580288705848, 0.01767568007904659, 0.014954205374012696, 0.0, 0.01347725784022324, 0.025190588191397023, 0.010114995650328739, 0.012010678032861944, 0.05139523330237641, 0.017423642048330936, 0.01839302495633697, 0.03504563173008266, 0.01600102744734275, 0.16002301063327748, 0.01269694048724147, 0.020883839803685175, 0.04171451888617367, 0.046151713715435014, 0.01825842187950521, 0.02691860374680896, 0.01908263855926634, 0.020258447024402878, 0.020144790675153387, 0.02014211088519418, 0.019208588021629332, 0.019198715444067965, 0.020142086180218816, 0.02025813558607104, 0.020144478465077758, 0.020134443447684353, 0.019207475666413506, 0.019081801214655306, 0.019080931966437394, 0.0190817871262381, 0.020143233878924496, 0.019084602718967062, 0.02026725472442827, 0.019078776071767063, 0.020270418350743037, 0.020141786279330873], [0.01808780382178515, 0.019685267002380703, 0.01984506360422723, 0.01347725784022324, 0.0, 0.02684047660382596, 0.01646193570954506, 0.017386485948052834, 0.057345466757881366, 0.020209099018459208, 0.02092765918883462, 0.03081251592750102, 0.019142959791246236, 0.1638786490624796, 0.01342868500304796, 0.02347881643601221, 0.03758213471331716, 0.04435214664102641, 0.02113027406610848, 0.03441769077500587, 0.02227825432947413, 0.02328811513102137, 0.023059427778523347, 0.023065247381520652, 0.022515529022029808, 0.022513058702874546, 0.023065217981360107, 0.023289845502200614, 0.02306126725524987, 0.02305944085625216, 0.022515797219601584, 0.022284071695889886, 0.022285046707269204, 0.02228411102045586, 0.023077299435185855, 0.0222820004345855, 0.02329429993278581, 0.022293156757993364, 0.023296186917691794, 0.023067045589530884], [0.025312311880395913, 0.0208377761812059, 0.027390901755077284, 0.025190588191397023, 0.02684047660382596, 0.0, 0.0277313202935019, 0.025216582920948874, 0.05524175157930578, 0.023604655195207252, 0.025742845426166228, 0.042454996843827975, 0.024703477921731457, 0.1562188499167954, 0.022602694737918972, 0.023601243453647863, 0.04951368463859072, 0.045595460725275344, 0.02350817705975221, 0.0302851564352193, 0.023178653531009057, 0.023991063501770694, 0.02420306660898369, 0.024196480230915134, 0.022964654078246338, 0.022973700597639094, 0.02419643560789727, 0.02399146837134356, 0.02420366687022794, 0.024196171286069684, 0.022968551649827754, 0.023171763371220636, 0.023172893393681716, 0.02317187665040549, 0.024200232658176175, 0.02318063401985751, 0.024010401529790493, 0.02317260451146764, 0.024008204851195102, 0.024196931939509423], [0.010711232742687246, 0.020525374092913082, 0.015390275487644742, 0.010114995650328739, 0.01646193570954506, 0.0277313202935019, 0.0, 0.010265666133208404, 0.05331221819290055, 0.019197910365471214, 0.021997638973434454, 0.03832855360094204, 0.017645765354591163, 0.1592131209088066, 0.011935553340639829, 0.024094378906952124, 0.04039099718026379, 0.048898034037059224, 0.02088675644653202, 0.028255071836590543, 0.018215347604028407, 0.01905444426326776, 0.01900183990020069, 0.018998677832536358, 0.018276863274275308, 0.018265097339686103, 0.018998684994574685, 0.019053566935706766, 0.019000960436714863, 0.018991590416180596, 0.018271725769788395, 0.018217215353469755, 0.018212725162501553, 0.01821714648309376, 0.018994822311091227, 0.018216965840775215, 0.019058640054673687, 0.018207301837644442, 0.019063479279929418, 0.018997815044828142], [0.013816538354395043, 0.020560613813437312, 0.016026999948988287, 0.012010678032861944, 0.017386485948052834, 0.025216582920948874, 0.010265666133208404, 0.0, 0.05111924992509966, 0.018112785116740925, 0.022041718655613763, 0.03952386539797052, 0.020267808056401763, 0.15565060547098744, 0.013231791654444597, 0.023093055724450706, 0.04418122501214884, 0.048073182108844155, 0.02170882227467633, 0.026993992840702478, 0.018107905186395032, 0.018997893139028818, 0.0189757787978316, 0.018973009238002193, 0.018135498147465953, 0.01812769139536091, 0.018973053109851274, 0.018995381429332818, 0.018973264506612447, 0.018969158682813896, 0.01813433234698996, 0.01811092649251316, 0.018105807489437485, 0.018110887368828776, 0.018968714447907067, 0.018114891819221178, 0.01900012182507338, 0.018101235716342087, 0.019006634131940422, 0.01897046854436697], [0.05131250263537193, 0.055052312636225224, 0.04733049196497645, 0.05139523330237641, 0.057345466757881366, 0.05524175157930578, 0.05331221819290055, 0.05111924992509966, 0.0, 0.054696088221139104, 0.05453251849438454, 0.06457139267702867, 0.05638045067546306, 0.16225221740913315, 0.05535257049832109, 0.05181182207047302, 0.08873290745769387, 0.07995909964710579, 0.05596481243302716, 0.03149012441120268, 0.055840679825634836, 0.055555668003921185, 0.05590742254341094, 0.05589037032893028, 0.055485073579284526, 0.055469574013844274, 0.055890446817340345, 0.0555532367494642, 0.05590498222566605, 0.05590325380689798, 0.055484808560320946, 0.05584073458969608, 0.05582362933653609, 0.05584079629218874, 0.055858876053874046, 0.05583048604169443, 0.055545150680170734, 0.055794708200738334, 0.055545324522255086, 0.05588796777958749], [0.01653951522126051, 0.008727110598002779, 0.0191253337716277, 0.017423642048330936, 0.020209099018459208, 0.023604655195207252, 0.019197910365471214, 0.018112785116740925, 0.054696088221139104, 0.0, 0.014150613648139987, 0.03798073553446936, 0.01183124935147683, 0.1605948049302558, 0.018440241123467337, 0.014906347712441552, 0.04133527393674657, 0.04709274558792214, 0.012817236537910568, 0.030581232256245167, 0.016459975809043726, 0.017699323181214834, 0.017662112965343646, 0.017671370567413414, 0.016495539689931726, 0.01649734320541849, 0.017671388741892013, 0.017700323376483997, 0.017663123127919705, 0.01767640993054509, 0.01649415441179716, 0.016471815595556924, 0.016471192097407664, 0.016471685387857614, 0.017671541559798998, 0.01645830127538162, 0.017693896896429678, 0.016466068256190156, 0.017691512652853583, 0.017672353506598806], [0.018213531716355733, 0.01365993769512748, 0.021737463603511524, 0.01839302495633697, 0.02092765918883462, 0.025742845426166228, 0.021997638973434454, 0.022041718655613763, 0.05453251849438454, 0.014150613648139987, 0.0, 0.03605129939699982, 0.014337208311630684, 0.16105003881209223, 0.01958290988470724, 0.01310819811546153, 0.04420992432488585, 0.04435178286596014, 0.012266601529245278, 0.03115013947299575, 0.019087718968215164, 0.020415926423431957, 0.020341305446946456, 0.020347279004533456, 0.01916667540307367, 0.019169631953717556, 0.0203472547369011, 0.02041767185329906, 0.020343104480858423, 0.02034767897570599, 0.019166535816842637, 0.019094554694900435, 0.019095627440424076, 0.019094600375567556, 0.02035044647447624, 0.01908450894211932, 0.020417339009721702, 0.01909242927246053, 0.020416689193933822, 0.020349096425296434], [0.03623760811317384, 0.03693301373453208, 0.04023267179257741, 0.03504563173008266, 0.03081251592750102, 0.042454996843827975, 0.03832855360094204, 0.03952386539797052, 0.06457139267702867, 0.03798073553446936, 0.03605129939699982, 0.0, 0.03487544501974133, 0.17838352945834382, 0.03661895815496492, 0.034845849991754836, 0.04507445608993299, 0.05419584952452937, 0.03823380883447942, 0.05168415196115831, 0.04152110112644485, 0.04186257794786647, 0.04159974709619665, 0.041608363965089726, 0.041789389322712894, 0.04178777046364953, 0.0416083672228256, 0.041862148077068645, 0.04159937604850259, 0.041596114990335255, 0.04178928468205483, 0.041521900973179274, 0.04152951713760811, 0.041521891801674926, 0.041618633648013874, 0.04152018309196981, 0.04187162367070219, 0.04154052629020044, 0.04187007406885108, 0.041607989718451074], [0.016023446622517215, 0.010509797517046815, 0.022260672063663476, 0.01600102744734275, 0.019142959791246236, 0.024703477921731457, 0.017645765354591163, 0.020267808056401763, 0.05638045067546306, 0.01183124935147683, 0.014337208311630684, 0.03487544501974133, 0.0, 0.16175389252543598, 0.018060865314402975, 0.014680826798471306, 0.03907054704344376, 0.04401118925289886, 0.011994083860302126, 0.03281425289777736, 0.018502759659684898, 0.01919194444717255, 0.019058949653140478, 0.0190653220315714, 0.018636671080018118, 0.018637156808122255, 0.019065269523350123, 0.01919385506323044, 0.019060952340908457, 0.019065443823474706, 0.01863426613016029, 0.01850450733527708, 0.01850956264898523, 0.018504472557750132, 0.019067740279874443, 0.01850201355669265, 0.01918768568474973, 0.0185088850622836, 0.019185896302952553, 0.019067277192392436], [0.15606968279391586, 0.16195262707809416, 0.1624856792388816, 0.16002301063327748, 0.1638786490624796, 0.1562188499167954, 0.1592131209088066, 0.15565060547098744, 0.16225221740913315, 0.1605948049302558, 0.16105003881209223, 0.17838352945834382, 0.16175389252543598, 0.0, 0.15931604255825405, 0.15818910848859663, 0.17077443940819675, 0.1609574639248066, 0.16009989790286364, 0.15257911221034703, 0.1560231437375362, 0.15594206460569177, 0.15609860262691277, 0.15609340880504777, 0.1558697118364767, 0.15588327908250058, 0.15609337602521964, 0.1559423915123125, 0.1560987908709851, 0.15609449487257063, 0.1558761930436607, 0.15601630653610632, 0.15601798488833366, 0.15601641741310532, 0.1561090672055917, 0.15602681911292193, 0.1559571130038575, 0.15603325699777565, 0.15595304410914076, 0.15609357969172016], [0.011826166066765788, 0.01836449114398115, 0.015350118227859184, 0.01269694048724147, 0.01342868500304796, 0.022602694737918972, 0.011935553340639829, 0.013231791654444597, 0.05535257049832109, 0.018440241123467337, 0.01958290988470724, 0.03661895815496492, 0.018060865314402975, 0.15931604255825405, 0.0, 0.02177184259765391, 0.03953862826636217, 0.04481159374170175, 0.018863182480187833, 0.029182012663395457, 0.01599506900818681, 0.01706703189979446, 0.016969803113286573, 0.01696408481692164, 0.016106627309643875, 0.016101517276664246, 0.016964038549795047, 0.01706965609125007, 0.01697259202117816, 0.016954271090851996, 0.016106669535268806, 0.015990308963588006, 0.015989899504344634, 0.01599033276726865, 0.016973541822937865, 0.015994124416676855, 0.01708402392861418, 0.015994052902949724, 0.0170871658250959, 0.016966751077139405], [0.01869977440882371, 0.012408374548293253, 0.024286644228666974, 0.020883839803685175, 0.02347881643601221, 0.023601243453647863, 0.024094378906952124, 0.023093055724450706, 0.05181182207047302, 0.014906347712441552, 0.01310819811546153, 0.034845849991754836, 0.014680826798471306, 0.15818910848859663, 0.02177184259765391, 0.0, 0.04597313391741574, 0.04793070906772819, 0.01584258314154715, 0.03036756676491669, 0.020258518097075278, 0.020880413654165195, 0.020876733638508907, 0.02087376327020023, 0.02026076955384816, 0.020267721460204325, 0.020873722891540197, 0.020882197468711717, 0.0208785144263833, 0.020875863346608268, 0.02026593273685968, 0.020253216689255414, 0.020255850442964025, 0.02025322087195446, 0.020877943714715224, 0.020251199658944945, 0.020884625524137137, 0.020256831868226372, 0.020880612271682756, 0.02087550663713098], [0.041070911035620536, 0.04160268556965034, 0.049177308775741294, 0.04171451888617367, 0.03758213471331716, 0.04951368463859072, 0.04039099718026379, 0.04418122501214884, 0.08873290745769387, 0.04133527393674657, 0.04420992432488585, 0.04507445608993299, 0.03907054704344376, 0.17077443940819675, 0.03953862826636217, 0.04597313391741574, 0.0, 0.050754715791193325, 0.04229840358440012, 0.06472286070296232, 0.04175224138072857, 0.04260390186845786, 0.042118652750748685, 0.042143466259291905, 0.04224925508751529, 0.042260474460790176, 0.04214340240718604, 0.042604212784009304, 0.042118931815658685, 0.042123232805887145, 0.04224535983397278, 0.04175805278406668, 0.04177745678481214, 0.04175795186177109, 0.04217744888279901, 0.04176438914238381, 0.04261712993267092, 0.041810432930286, 0.0426162180649267, 0.04214375161381801], [0.04918889571603094, 0.04470677451911405, 0.05550317966593814, 0.046151713715435014, 0.04435214664102641, 0.045595460725275344, 0.048898034037059224, 0.048073182108844155, 0.07995909964710579, 0.04709274558792214, 0.04435178286596014, 0.05419584952452937, 0.04401118925289886, 0.1609574639248066, 0.04481159374170175, 0.04793070906772819, 0.050754715791193325, 0.0, 0.044781584149755846, 0.06010221617623302, 0.04570149362861535, 0.046011411760111004, 0.04575827758589273, 0.045781051393309985, 0.04596320940117517, 0.045978617429337995, 0.04578092129383298, 0.04601277521036492, 0.04575981172313025, 0.04576603400242608, 0.045958645967285966, 0.04570564450744255, 0.045724152257405094, 0.04570583417183333, 0.04580310941920081, 0.04571460607001788, 0.04602759608553664, 0.04574512316925602, 0.04602930459407263, 0.0457824388861444], [0.018304162470142278, 0.01156593254322896, 0.021943859526227884, 0.01825842187950521, 0.02113027406610848, 0.02350817705975221, 0.02088675644653202, 0.02170882227467633, 0.05596481243302716, 0.012817236537910568, 0.012266601529245278, 0.03823380883447942, 0.011994083860302126, 0.16009989790286364, 0.018863182480187833, 0.01584258314154715, 0.04229840358440012, 0.044781584149755846, 0.0, 0.031688554231402336, 0.01748462024519719, 0.018572554581110155, 0.01853331903095249, 0.018540334056782425, 0.01752742363817785, 0.01753459594928184, 0.0185402959738815, 0.018574893192323347, 0.018535697224474016, 0.018539626078772724, 0.017530038437072185, 0.017487369735882545, 0.01749314409953392, 0.01748739495135997, 0.018548566470504513, 0.01748529781101474, 0.018581080610369855, 0.017495814223882203, 0.018576853466085626, 0.01854271527344562], [0.025514788521626128, 0.03128150114077812, 0.022397028756458225, 0.02691860374680896, 0.03441769077500587, 0.0302851564352193, 0.028255071836590543, 0.026993992840702478, 0.03149012441120268, 0.030581232256245167, 0.03115013947299575, 0.05168415196115831, 0.03281425289777736, 0.15257911221034703, 0.029182012663395457, 0.03036756676491669, 0.06472286070296232, 0.06010221617623302, 0.031688554231402336, 0.0, 0.02989234020292677, 0.030252083829267095, 0.030658733016214343, 0.030638458812873266, 0.02947481884072957, 0.029458796709377035, 0.030638489349696187, 0.030252082376154035, 0.030658735469322275, 0.030650573012141667, 0.029474264098751424, 0.029891581076984565, 0.029872508796729924, 0.029891642036853263, 0.030612420139589678, 0.029880310474916717, 0.03024967950655118, 0.029843049554800875, 0.030250211127644807, 0.0306384502012392], [0.01726219859903381, 0.018109709476061324, 0.020181835625531677, 0.01908263855926634, 0.02227825432947413, 0.023178653531009057, 0.018215347604028407, 0.018107905186395032, 0.055840679825634836, 0.016459975809043726, 0.019087718968215164, 0.04152110112644485, 0.018502759659684898, 0.1560231437375362, 0.01599506900818681, 0.020258518097075278, 0.04175224138072857, 0.04570149362861535, 0.01748462024519719, 0.02989234020292677, 0.0, 0.0035178063180139815, 0.003449417278776442, 0.0034498165423058782, 0.0006898501592585209, 0.0006921515892929717, 0.0034498211275131863, 0.003517742723826372, 0.0034493930923352564, 0.003449825467052646, 0.0006895207093989853, 5.4319681709717565e-05, 5.477794709683975e-05, 5.4348417832097496e-05, 0.0034505224493835973, 3.523275474408191e-05, 0.003517849531660816, 9.073995264701408e-05, 0.003517765801394396, 0.0034498006035348977], [0.018181449204687186, 0.019352835737778608, 0.021061759464848884, 0.020258447024402878, 0.02328811513102137, 0.023991063501770694, 0.01905444426326776, 0.018997893139028818, 0.055555668003921185, 0.017699323181214834, 0.020415926423431957, 0.04186257794786647, 0.01919194444717255, 0.15594206460569177, 0.01706703189979446, 0.020880413654165195, 0.04260390186845786, 0.046011411760111004, 0.018572554581110155, 0.030252083829267095, 0.0035178063180139815, 0.0, 0.0006903227375728423, 0.0006673593877580887, 0.00344419989109807, 0.003457133776384754, 0.0006674049257398626, 1.2951159328377237e-05, 0.0006904904639603838, 0.0006850446347146333, 0.0034525832625684214, 0.0034991481524254855, 0.0035080772834866023, 0.0034991389483294984, 0.0006404745871519069, 0.0035229835316651983, 6.49105960207207e-05, 0.0035191385546426306, 6.191486240202455e-05, 0.000667514174262506], [0.018168728877740008, 0.01933508831284193, 0.021243154430812886, 0.020144790675153387, 0.023059427778523347, 0.02420306660898369, 0.01900183990020069, 0.0189757787978316, 0.05590742254341094, 0.017662112965343646, 0.020341305446946456, 0.04159974709619665, 0.019058949653140478, 0.15609860262691277, 0.016969803113286573, 0.020876733638508907, 0.042118652750748685, 0.04575827758589273, 0.01853331903095249, 0.030658733016214343, 0.003449417278776442, 0.0006903227375728423, 0.0, 5.462211804237892e-05, 0.0035124594008046914, 0.0035252022213425774, 5.4572414283159887e-05, 0.0006904754960923245, 1.299578206295715e-05, 5.649159183451735e-05, 0.003520525279295738, 0.003432055661015132, 0.0034444356951521126, 0.003432041079265123, 9.112555778471118e-05, 0.0034566121991152364, 0.0006908790913487578, 0.0034615656523747243, 0.0006904364736512533, 5.612190155489226e-05], [0.018164395274469353, 0.019337626242156538, 0.02122394720032094, 0.02014211088519418, 0.023065247381520652, 0.024196480230915134, 0.018998677832536358, 0.018973009238002193, 0.05589037032893028, 0.017671370567413414, 0.020347279004533456, 0.041608363965089726, 0.0190653220315714, 0.15609340880504777, 0.01696408481692164, 0.02087376327020023, 0.042143466259291905, 0.045781051393309985, 0.018540334056782425, 0.030638458812873266, 0.0034498165423058782, 0.0006673593877580887, 5.462211804237892e-05, 0.0, 0.003507927751919281, 0.0035204981012204742, 2.755388618058813e-07, 0.0006675145882333724, 5.618068550114636e-05, 3.765376164705058e-05, 0.003516175486714123, 0.0034317834346853015, 0.0034439711946609147, 0.003431768577090022, 5.6845855084794606e-05, 0.0034567240735129128, 0.000667918236362965, 0.003460800889235415, 0.0006675143117771806, 1.2900192450935586e-05], [0.017284306464174067, 0.018128694130139, 0.019990734221875334, 0.019208588021629332, 0.022515529022029808, 0.022964654078246338, 0.018276863274275308, 0.018135498147465953, 0.055485073579284526, 0.016495539689931726, 0.01916667540307367, 0.041789389322712894, 0.018636671080018118, 0.1558697118364767, 0.016106627309643875, 0.02026076955384816, 0.04224925508751529, 0.04596320940117517, 0.01752742363817785, 0.02947481884072957, 0.0006898501592585209, 0.00344419989109807, 0.0035124594008046914, 0.003507927751919281, 0.0, 4.451153378901033e-05, 0.0035079421277150924, 0.003444128856847449, 0.0035124446404259826, 0.0035116198485577047, 2.7667070788455438e-05, 0.0006841273699432666, 0.000666650504445016, 0.00068415582001466, 0.003502626728719522, 0.0006809387798494418, 0.0034442366024726415, 0.0006385189441400819, 0.0034441618154525794, 0.003507918045690409], [0.017278214563934385, 0.018137098501941187, 0.019970272311373004, 0.019198715444067965, 0.022513058702874546, 0.022973700597639094, 0.018265097339686103, 0.01812769139536091, 0.055469574013844274, 0.01649734320541849, 0.019169631953717556, 0.04178777046364953, 0.018637156808122255, 0.15588327908250058, 0.016101517276664246, 0.020267721460204325, 0.042260474460790176, 0.045978617429337995, 0.01753459594928184, 0.029458796709377035, 0.0006921515892929717, 0.003457133776384754, 0.0035252022213425774, 0.0035204981012204742, 4.451153378901033e-05, 0.0, 0.0035205135234237118, 0.0034570626870666795, 0.0035251872121772345, 0.0035243087652882888, 3.877587889849598e-05, 0.0006869286350000479, 0.0006681490401409127, 0.0006869542464675436, 0.00351472638127867, 0.0006822730445507071, 0.003456670399846597, 0.0006370635496066463, 0.0034567378617523545, 0.003520488679689988], [0.018164372299201544, 0.019337583944031445, 0.02122401631046901, 0.020142086180218816, 0.023065217981360107, 0.02419643560789727, 0.018998684994574685, 0.018973053109851274, 0.055890446817340345, 0.017671388741892013, 0.0203472547369011, 0.0416083672228256, 0.019065269523350123, 0.15609337602521964, 0.016964038549795047, 0.020873722891540197, 0.04214340240718604, 0.04578092129383298, 0.0185402959738815, 0.030638489349696187, 0.0034498211275131863, 0.0006674049257398626, 5.4572414283159887e-05, 2.755388618058813e-07, 0.0035079421277150924, 0.0035205135234237118, 0.0, 0.0006675620654406298, 5.615615747434569e-05, 3.758810681377198e-05, 0.0035161900993915716, 0.0034317879312063823, 0.003443976553790754, 0.0034317730800793927, 5.6960975292738026e-05, 0.003456729001837114, 0.0006679723992507459, 0.0034608077649577757, 0.0006675674145107101, 1.3000415853923387e-05], [0.01818253851290527, 0.01935440818591567, 0.021062626026847983, 0.02025813558607104, 0.023289845502200614, 0.02399146837134356, 0.019053566935706766, 0.018995381429332818, 0.0555532367494642, 0.017700323376483997, 0.02041767185329906, 0.041862148077068645, 0.01919385506323044, 0.1559423915123125, 0.01706965609125007, 0.020882197468711717, 0.042604212784009304, 0.04601277521036492, 0.018574893192323347, 0.030252082376154035, 0.003517742723826372, 1.2951159328377237e-05, 0.0006904754960923245, 0.0006675145882333724, 0.003444128856847449, 0.0034570626870666795, 0.0006675620654406298, 0.0, 0.0006903996211004763, 0.0006851935895754588, 0.003452512143533197, 0.0034990838922391103, 0.0035080130617333905, 0.0034990745658307607, 0.0006403716903299388, 0.003522967302371502, 6.359259361248635e-05, 0.0035190736990284442, 6.053814292544783e-05, 0.0006674191700092112], [0.01816977593924916, 0.0193367655659884, 0.02124407087474355, 0.020144478465077758, 0.02306126725524987, 0.02420366687022794, 0.019000960436714863, 0.018973264506612447, 0.05590498222566605, 0.017663123127919705, 0.020343104480858423, 0.04159937604850259, 0.019060952340908457, 0.1560987908709851, 0.01697259202117816, 0.0208785144263833, 0.042118931815658685, 0.04575981172313025, 0.018535697224474016, 0.030658735469322275, 0.0034493930923352564, 0.0006904904639603838, 1.299578206295715e-05, 5.618068550114636e-05, 0.0035124446404259826, 0.0035251872121772345, 5.615615747434569e-05, 0.0006903996211004763, 0.0, 5.795522929770017e-05, 0.0035205102730249136, 0.003432031655903462, 0.0034444120483246715, 0.003432016933544561, 9.023056014021748e-05, 0.0034566368088751118, 0.0006908013798741949, 0.003461542240196442, 0.0006903585009826573, 5.4655561413374134e-05], [0.018156591343217045, 0.01933876921745938, 0.02123009119248727, 0.020134443447684353, 0.02305944085625216, 0.024196171286069684, 0.018991590416180596, 0.018969158682813896, 0.05590325380689798, 0.01767640993054509, 0.02034767897570599, 0.041596114990335255, 0.019065443823474706, 0.15609449487257063, 0.016954271090851996, 0.020875863346608268, 0.042123232805887145, 0.04576603400242608, 0.018539626078772724, 0.030650573012141667, 0.003449825467052646, 0.0006850446347146333, 5.649159183451735e-05, 3.765376164705058e-05, 0.0035116198485577047, 0.0035243087652882888, 3.758810681377198e-05, 0.0006851935895754588, 5.795522929770017e-05, 0.0, 0.003519854212064089, 0.0034316961410940277, 0.0034441539898944404, 0.003431681080892129, 8.556534369233171e-05, 0.0034568237524133035, 0.0006881437766894611, 0.0034613699757902513, 0.0006878640121092168, 3.972741123750856e-05], [0.01728267632614641, 0.018130565264222336, 0.019989653797942014, 0.019207475666413506, 0.022515797219601584, 0.022968551649827754, 0.018271725769788395, 0.01813433234698996, 0.055484808560320946, 0.01649415441179716, 0.019166535816842637, 0.04178928468205483, 0.01863426613016029, 0.1558761930436607, 0.016106669535268806, 0.02026593273685968, 0.04224535983397278, 0.045958645967285966, 0.017530038437072185, 0.029474264098751424, 0.0006895207093989853, 0.0034525832625684214, 0.003520525279295738, 0.003516175486714123, 2.7667070788455438e-05, 3.877587889849598e-05, 0.0035161900993915716, 0.003452512143533197, 0.0035205102730249136, 0.003519854212064089, 0.0, 0.0006849967675659409, 0.0006672862810831623, 0.0006850242121175616, 0.003510689176688599, 0.0006807175590400251, 0.00345240170339802, 0.0006378821961402504, 0.0034524421731160345, 0.0035161660593825013], [0.017259761603852043, 0.018110507602218707, 0.020178755423114512, 0.019081801214655306, 0.022284071695889886, 0.023171763371220636, 0.018217215353469755, 0.01811092649251316, 0.05584073458969608, 0.016471815595556924, 0.019094554694900435, 0.041521900973179274, 0.01850450733527708, 0.15601630653610632, 0.015990308963588006, 0.020253216689255414, 0.04175805278406668, 0.04570564450744255, 0.017487369735882545, 0.029891581076984565, 5.4319681709717565e-05, 0.0034991481524254855, 0.003432055661015132, 0.0034317834346853015, 0.0006841273699432666, 0.0006869286350000479, 0.0034317879312063823, 0.0034990838922391103, 0.003432031655903462, 0.0034316961410940277, 0.0006849967675659409, 0.0, 3.369001728343387e-05, 3.9589190190295633e-07, 0.0034325744752486394, 5.8387113970770526e-05, 0.003499530679021002, 8.66673048216766e-05, 0.0034994510683826253, 0.0034317668185444286], [0.017258401272724367, 0.018113752133919497, 0.02016290022095117, 0.019080931966437394, 0.022285046707269204, 0.023172893393681716, 0.018212725162501553, 0.018105807489437485, 0.05582362933653609, 0.016471192097407664, 0.019095627440424076, 0.04152951713760811, 0.01850956264898523, 0.15601798488833366, 0.015989899504344634, 0.020255850442964025, 0.04177745678481214, 0.045724152257405094, 0.01749314409953392, 0.029872508796729924, 5.477794709683975e-05, 0.0035080772834866023, 0.0034444356951521126, 0.0034439711946609147, 0.000666650504445016, 0.0006681490401409127, 0.003443976553790754, 0.0035080130617333905, 0.0034444120483246715, 0.0034441539898944404, 0.0006672862810831623, 3.369001728343387e-05, 0.0, 3.370390506992395e-05, 0.003444378523510336, 4.8443563415047706e-05, 0.003508120608675962, 5.780075973927383e-05, 0.0035080463686214935, 0.0034439552482552717], [0.01725967555378485, 0.018110459099956205, 0.020178664394487313, 0.0190817871262381, 0.02228411102045586, 0.02317187665040549, 0.01821714648309376, 0.018110887368828776, 0.05584079629218874, 0.016471685387857614, 0.019094600375567556, 0.041521891801674926, 0.018504472557750132, 0.15601641741310532, 0.01599033276726865, 0.02025322087195446, 0.04175795186177109, 0.04570583417183333, 0.01748739495135997, 0.029891642036853263, 5.4348417832097496e-05, 0.0034991389483294984, 0.003432041079265123, 0.003431768577090022, 0.00068415582001466, 0.0006869542464675436, 0.0034317730800793927, 0.0034990745658307607, 0.003432016933544561, 0.003431681080892129, 0.0006850242121175616, 3.9589190190295633e-07, 3.370390506992395e-05, 0.0, 0.003432558989236939, 5.842029646013561e-05, 0.0034995208744534063, 8.665571409325935e-05, 0.0034994417611714946, 0.0034317518231454093], [0.018168453091004965, 0.019343329298144144, 0.02120468899421329, 0.020143233878924496, 0.023077299435185855, 0.024200232658176175, 0.018994822311091227, 0.018968714447907067, 0.055858876053874046, 0.017671541559798998, 0.02035044647447624, 0.041618633648013874, 0.019067740279874443, 0.1561090672055917, 0.016973541822937865, 0.020877943714715224, 0.04217744888279901, 0.04580310941920081, 0.018548566470504513, 0.030612420139589678, 0.0034505224493835973, 0.0006404745871519069, 9.112555778471118e-05, 5.6845855084794606e-05, 0.003502626728719522, 0.00351472638127867, 5.6960975292738026e-05, 0.0006403716903299388, 9.023056014021748e-05, 8.556534369233171e-05, 0.003510689176688599, 0.0034325744752486394, 0.003444378523510336, 0.003432558989236939, 0.0, 0.0034573002872449986, 0.0006369813876156551, 0.003460319559355838, 0.0006376069732100722, 5.5399312653313716e-05], [0.017259483137106214, 0.01810726600882382, 0.020171480133067975, 0.019084602718967062, 0.0222820004345855, 0.02318063401985751, 0.018216965840775215, 0.018114891819221178, 0.05583048604169443, 0.01645830127538162, 0.01908450894211932, 0.04152018309196981, 0.01850201355669265, 0.15602681911292193, 0.015994124416676855, 0.020251199658944945, 0.04176438914238381, 0.04571460607001788, 0.01748529781101474, 0.029880310474916717, 3.523275474408191e-05, 0.0035229835316651983, 0.0034566121991152364, 0.0034567240735129128, 0.0006809387798494418, 0.0006822730445507071, 0.003456729001837114, 0.003522967302371502, 0.0034566368088751118, 0.0034568237524133035, 0.0006807175590400251, 5.8387113970770526e-05, 4.8443563415047706e-05, 5.842029646013561e-05, 0.0034573002872449986, 0.0, 0.0035229919865746103, 7.824723833576963e-05, 0.003522828460474039, 0.0034567568692741506], [0.01819562724469681, 0.019359066616010806, 0.02105922280461471, 0.02026725472442827, 0.02329429993278581, 0.024010401529790493, 0.019058640054673687, 0.01900012182507338, 0.055545150680170734, 0.017693896896429678, 0.020417339009721702, 0.04187162367070219, 0.01918768568474973, 0.1559571130038575, 0.01708402392861418, 0.020884625524137137, 0.04261712993267092, 0.04602759608553664, 0.018581080610369855, 0.03024967950655118, 0.003517849531660816, 6.49105960207207e-05, 0.0006908790913487578, 0.000667918236362965, 0.0034442366024726415, 0.003456670399846597, 0.0006679723992507459, 6.359259361248635e-05, 0.0006908013798741949, 0.0006881437766894611, 0.00345240170339802, 0.003499530679021002, 0.003508120608675962, 0.0034995208744534063, 0.0006369813876156551, 0.0035229919865746103, 0.0, 0.003518488363548933, 2.6480325877384346e-05, 0.000667824856406606], [0.017258803796454874, 0.0181136765055359, 0.020137858443257505, 0.019078776071767063, 0.022293156757993364, 0.02317260451146764, 0.018207301837644442, 0.018101235716342087, 0.055794708200738334, 0.016466068256190156, 0.01909242927246053, 0.04154052629020044, 0.0185088850622836, 0.15603325699777565, 0.015994052902949724, 0.020256831868226372, 0.041810432930286, 0.04574512316925602, 0.017495814223882203, 0.029843049554800875, 9.073995264701408e-05, 0.0035191385546426306, 0.0034615656523747243, 0.003460800889235415, 0.0006385189441400819, 0.0006370635496066463, 0.0034608077649577757, 0.0035190736990284442, 0.003461542240196442, 0.0034613699757902513, 0.0006378821961402504, 8.66673048216766e-05, 5.780075973927383e-05, 8.665571409325935e-05, 0.003460319559355838, 7.824723833576963e-05, 0.003518488363548933, 0.0, 0.0035186043185981924, 0.0034607857288957915], [0.018196805968370026, 0.019354928188926625, 0.021064035536599624, 0.020270418350743037, 0.023296186917691794, 0.024008204851195102, 0.019063479279929418, 0.019006634131940422, 0.055545324522255086, 0.017691512652853583, 0.020416689193933822, 0.04187007406885108, 0.019185896302952553, 0.15595304410914076, 0.0170871658250959, 0.020880612271682756, 0.0426162180649267, 0.04602930459407263, 0.018576853466085626, 0.030250211127644807, 0.003517765801394396, 6.191486240202455e-05, 0.0006904364736512533, 0.0006675143117771806, 0.0034441618154525794, 0.0034567378617523545, 0.0006675674145107101, 6.053814292544783e-05, 0.0006903585009826573, 0.0006878640121092168, 0.0034524421731160345, 0.0034994510683826253, 0.0035080463686214935, 0.0034994417611714946, 0.0006376069732100722, 0.003522828460474039, 2.6480325877384346e-05, 0.0035186043185981924, 0.0, 0.0006674210686311524], [0.018165425340865893, 0.019339230372241688, 0.02122486660159123, 0.020141786279330873, 0.023067045589530884, 0.024196931939509423, 0.018997815044828142, 0.01897046854436697, 0.05588796777958749, 0.017672353506598806, 0.020349096425296434, 0.041607989718451074, 0.019067277192392436, 0.15609357969172016, 0.016966751077139405, 0.02087550663713098, 0.04214375161381801, 0.0457824388861444, 0.01854271527344562, 0.0306384502012392, 0.0034498006035348977, 0.000667514174262506, 5.612190155489226e-05, 1.2900192450935586e-05, 0.003507918045690409, 0.003520488679689988, 1.3000415853923387e-05, 0.0006674191700092112, 5.4655561413374134e-05, 3.972741123750856e-05, 0.0035161660593825013, 0.0034317668185444286, 0.0034439552482552717, 0.0034317518231454093, 5.5399312653313716e-05, 0.0034567568692741506, 0.000667824856406606, 0.0034607857288957915, 0.0006674210686311524, 0.0]], "Angle": [[0.0, 0.06383773383784777, 0.060957337712960157, 0.05469409763301346, 0.05728641704111181, 0.07893107297521905, 0.04919454067288942, 0.0463207741036338, 0.0843927187920479, 0.06257471661459163, 0.06441706405617538, 0.07488998335569003, 0.05258400822031601, 0.23924824621064392, 0.0392945654498775, 0.06647924090035288, 0.047831132095890544, 0.08689168942190975, 0.07457654813469232, 0.04179144414589329, 0.0648642219038262, 0.06777918014160587, 0.06777250186059244, 0.06669447095117137, 0.06497699393214681, 0.06479807029685522, 0.06777679896448983, 0.06781031241378527, 0.0678034450431257, 0.06777925618075015, 0.06483710411323446, 0.06488636282662642, 0.06487158084094277, 0.06488644470355434, 0.0677676421462843, 0.06482844617499348, 0.06771118407325309, 0.06482156535866705, 0.06777715671473875, 0.0678077159826063], [0.06383773383784777, 0.0, 0.07624119124140058, 0.06419656849161093, 0.06396030368322983, 0.05866847507572624, 0.057894408448927855, 0.058825893967681446, 0.09679343075420098, 0.025509964991715196, 0.03441726037366816, 0.0769199139713532, 0.0447790594454799, 0.24654158681340188, 0.06043257525896178, 0.04208151424310415, 0.06476649755485239, 0.0851004911125585, 0.05557857977499456, 0.0728368519792646, 0.05796064188438776, 0.060726707477109565, 0.0607579481905459, 0.05929705088007055, 0.058087435527394, 0.05787530899303787, 0.060730888219519955, 0.06079708743107839, 0.06082822153292287, 0.0607266574360612, 0.057918301190528515, 0.05793204096648815, 0.05793462728604514, 0.05793214968193515, 0.0608253916642965, 0.05788157576706442, 0.060748182694091914, 0.05795395896954179, 0.06080339416338848, 0.0608011238873769], [0.060957337712960157, 0.07624119124140058, 0.0, 0.03759449175980376, 0.054336659232396174, 0.08599896100603405, 0.06101006351046551, 0.045048721035484386, 0.0757321495322119, 0.07870912699720956, 0.07050923868136813, 0.08755671869194324, 0.06289247411296388, 0.26043293643239235, 0.054303106517052294, 0.07578975073639378, 0.05546273474608263, 0.06233751091426084, 0.056785885335061605, 0.04536550359033062, 0.04812183356384568, 0.047735319313021524, 0.047680395502905405, 0.047632983919717486, 0.048116845742663235, 0.04816853539285542, 0.04774698925464601, 0.047728775670663214, 0.04767358887118662, 0.04773540905924421, 0.04816702855849768, 0.04818171421306447, 0.04818673833171776, 0.04818180526480447, 0.0477267271791728, 0.04814824104215316, 0.04768189885318012, 0.04817659775547059, 0.04771272358991601, 0.04774022101520996], [0.05469409763301346, 0.06419656849161093, 0.03759449175980376, 0.0, 0.027656285837325684, 0.07325697022752299, 0.04769619883088556, 0.039320707343271644, 0.08568408647903247, 0.06440634281997011, 0.05461396670605618, 0.07348783195804676, 0.05639535631495615, 0.24690596354572583, 0.04841312706665362, 0.07156634443134378, 0.05529584746483065, 0.06827443435942433, 0.05692318974778113, 0.04669549727165304, 0.05242984427046419, 0.05401533476298352, 0.0540358211180456, 0.05325315477306418, 0.05246386677434885, 0.05242264923931331, 0.054028504254080435, 0.05398992685043164, 0.0540101185403803, 0.054015486811148615, 0.05241255974353566, 0.052419746045077424, 0.05242347823612733, 0.052419977464701464, 0.054016909144697485, 0.05244601888741642, 0.05397317072072996, 0.05243487656769477, 0.05399458694187998, 0.05400272642184233], [0.05728641704111181, 0.06396030368322983, 0.054336659232396174, 0.027656285837325684, 0.0, 0.07668106933627084, 0.04994861365306701, 0.04591695209384888, 0.09948828283878876, 0.06214798613234756, 0.05105822877318896, 0.07303298836232913, 0.050133174807424886, 0.24019326082112336, 0.05059045141129745, 0.07067124273858573, 0.05483802743176425, 0.06458943339387968, 0.06284633710832437, 0.05880520227695711, 0.0663815869020355, 0.06776962588649875, 0.06778679683321394, 0.06755918155095682, 0.06635647545115869, 0.06635098497407244, 0.06778764004968675, 0.06776302000899105, 0.06777994667709726, 0.06776980352615654, 0.06635865490840054, 0.06637770672899501, 0.06638434570856125, 0.06637794948957183, 0.06779692520376124, 0.06638429666549764, 0.06770972068499691, 0.0663959215179153, 0.06776589425082051, 0.06778068512804399], [0.07893107297521905, 0.05866847507572624, 0.08599896100603405, 0.07325697022752299, 0.07668106933627084, 0.0, 0.06543528559091315, 0.06962394861748149, 0.11070331400898059, 0.06399338612894306, 0.06659480237353149, 0.08842746534211086, 0.0734001551904955, 0.2191907957813804, 0.07165736314304562, 0.06543121315318816, 0.06486937061109642, 0.0938559915381249, 0.06603730463602654, 0.08087746158895329, 0.07982304366626942, 0.07882034141079901, 0.07886650274536987, 0.07915881725350081, 0.07967609416997096, 0.07973139857167726, 0.07882282230780581, 0.07883100413260087, 0.07887717636788955, 0.07882024660265152, 0.07977410655532466, 0.07977265823820844, 0.07977918828004157, 0.07977275527083388, 0.07885134865498185, 0.07979984154664421, 0.07877524493590286, 0.07980014766439059, 0.07883803536617524, 0.07883336391980525], [0.04919454067288942, 0.057894408448927855, 0.06101006351046551, 0.04769619883088556, 0.04994861365306701, 0.06543528559091315, 0.0, 0.05020348469438075, 0.09315553504198573, 0.05881136808947503, 0.05678963916113085, 0.07997218360291299, 0.05319430769362258, 0.22721062132019473, 0.03565534987395859, 0.06933894069035193, 0.04346685846560691, 0.08327168156872032, 0.07106716211747534, 0.06006962923526686, 0.06784935564282832, 0.06927664895502, 0.06928490199984357, 0.06868512186546868, 0.06788371774685452, 0.06776353232290043, 0.06928654116098495, 0.06930393783886331, 0.06931185768967012, 0.06927676903635621, 0.06782846928320296, 0.0678488374628499, 0.06785280441405181, 0.06784897135871974, 0.06932198842453408, 0.06781756215609706