{"Bond": [[0.0, 0.013403842969154069, 0.023363775674841346, 0.02186272200821919, 0.02012284413962901, 0.02379990425109699, 0.01809678683308787, 0.026443869046270736, 0.020236016147212276, 0.024876670065183102, 0.025104366774254667, 0.023393475360659246, 0.04089601625818802, 0.017267315485537442, 0.026882705632225203, 0.029724093481388214, 0.034814628012912095, 0.020869088999837453, 0.022166209307660154, 0.028720283114877104, 0.04686930001408487, 0.046869299574149884, 0.04686981038532868, 0.04686938195969569, 0.04686976153773007, 0.04686939249540023, 0.04686932673372589, 0.04686935097840125, 0.046869343596670804, 0.046869343596670804, 0.046869497171337135, 0.046869717420876464, 0.046869405086926004, 0.046869731868142146, 0.046869743860168844, 0.046869760561455864, 0.046869723430190226, 0.04686977375347796, 0.04686943633715854, 0.046869630766780364], [0.013403842969154069, 0.0, 0.0283976500607089, 0.013915238639446444, 0.02497404403297557, 0.015256067124699808, 0.012348016864533587, 0.02776084247375421, 0.012647165976984103, 0.016790516377542225, 0.02517840513857655, 0.02304320771830774, 0.03766071958822771, 0.009746610269751217, 0.026094923538112304, 0.020813071294613024, 0.031972406008652775, 0.014174825643401555, 0.016055496454336418, 0.03557867482316565, 0.04410990786881558, 0.044109906086201627, 0.04411146138814761, 0.04411001818166171, 0.04411141621148374, 0.044109985609083385, 0.04410990391045181, 0.04410997653378786, 0.04410995770607925, 0.04410995770607925, 0.044110121057235344, 0.04411135402398388, 0.04411000923063475, 0.04411140293005003, 0.044111410603867016, 0.04411143466323244, 0.044111371058041825, 0.04411140444919978, 0.044110039365437954, 0.04411032048004632], [0.023363775674841346, 0.0283976500607089, 0.0, 0.02760311980879286, 0.020696144539466523, 0.028837282032822462, 0.028049627886831376, 0.027295501880148853, 0.02884303968478456, 0.03719289783249272, 0.025417746527168408, 0.023359905329274667, 0.03602047922000709, 0.027788950437852154, 0.026901183183515653, 0.028882199810778535, 0.03311775968711537, 0.033168539490833274, 0.03087516529200829, 0.025313291856737228, 0.05006065349883322, 0.05006065078223759, 0.050063092803451927, 0.05006071590988437, 0.05006304551137523, 0.05006069877288253, 0.05006065625985975, 0.05006064428556328, 0.050060684212242204, 0.050060684212242204, 0.050060794640059025, 0.050062973285618116, 0.05006074156983026, 0.050063007954397026, 0.05006304036121684, 0.05006305926924135, 0.05006297470916127, 0.050063024568160426, 0.05006076673972744, 0.050060972535327035], [0.02186272200821919, 0.013915238639446444, 0.02760311980879286, 0.0, 0.02007760192077451, 0.010511990313824191, 0.012912671170662504, 0.0303206149495405, 0.010615126624211232, 0.012192490915838764, 0.014887369101740412, 0.01636065519815802, 0.026373976399372775, 0.014127549466465097, 0.017323942881484554, 0.019590147170156034, 0.021549180391804684, 0.013740488549774017, 0.011255768541900331, 0.02722033105776754, 0.04406898939088555, 0.04406898971728547, 0.044069190141947934, 0.04406910451880463, 0.04406915325966195, 0.04406904433788389, 0.04406896748673222, 0.044069050720181385, 0.04406901783539762, 0.04406901783539762, 0.044069157814601224, 0.044069051920675416, 0.044069080330577576, 0.044069145906216904, 0.04406913357923842, 0.0440691763670328, 0.044069106872242636, 0.044069121722764, 0.04406910228810538, 0.04406938589530456], [0.02012284413962901, 0.02497404403297557, 0.020696144539466523, 0.02007760192077451, 0.0, 0.02612585020532707, 0.023319749034901815, 0.025688129894581364, 0.02565024228505831, 0.03379951640496416, 0.017120248006113743, 0.014962515185105229, 0.0308832574464903, 0.02274374138747065, 0.019826511279682903, 0.026792546847737294, 0.02516677284745306, 0.030985879005108265, 0.02515742775465667, 0.02862121803954294, 0.0534778136530303, 0.0534778137964959, 0.05347829060329073, 0.053477907927420104, 0.05347824461043876, 0.05347786904530605, 0.05347781329439137, 0.053477850930431774, 0.05347785109272233, 0.05347785109272233, 0.05347796511289552, 0.053478172303646744, 0.05347789964494467, 0.05347822934965409, 0.05347824158509034, 0.05347826696100609, 0.05347819415852234, 0.0534782416146475, 0.053477926608751475, 0.05347817236489927], [0.02379990425109699, 0.015256067124699808, 0.028837282032822462, 0.010511990313824191, 0.02612585020532707, 0.0, 0.014212301952893821, 0.03161291362021401, 0.009277166864905885, 0.012166709401377807, 0.01988794425585376, 0.02197776034793186, 0.02903047575529275, 0.016373999649421413, 0.02019373032151599, 0.01855298829945038, 0.025017988571119344, 0.012886195494913115, 0.01373411430672423, 0.029972653031310286, 0.039224856906388085, 0.0392248544666745, 0.03922716403482936, 0.0392249583591633, 0.03922714058647087, 0.03922491073987474, 0.039224812414167004, 0.039224911492614194, 0.03922488179142329, 0.03922488179142329, 0.03922505256647435, 0.039227033012111036, 0.03922494611762376, 0.039227129629299966, 0.0392271253506777, 0.03922716477580524, 0.03922710687513958, 0.03922712931365535, 0.03922495735208577, 0.03922526121023664], [0.01809678683308787, 0.012348016864533587, 0.028049627886831376, 0.012912671170662504, 0.023319749034901815, 0.014212301952893821, 0.0, 0.03336090131838704, 0.011397471818777724, 0.010994469376580933, 0.017876265065589866, 0.01821243789881147, 0.03205341169348565, 0.01421929752697578, 0.019943739358316476, 0.0197869447957675, 0.025729824486890276, 0.009884105313581472, 0.009521639572528273, 0.027161934101597802, 0.037612312366231415, 0.03761231491969321, 0.037610646041143496, 0.03761241741600713, 0.03761059934825749, 0.03761237264092371, 0.03761230595337246, 0.037612363155372586, 0.03761232936872883, 0.03761232936872883, 0.037612461822100755, 0.03761051311143632, 0.03761239480710545, 0.037610582504929796, 0.03761057251968779, 0.037610606987447406, 0.03761055625530838, 0.03761057195684107, 0.03761242413848351, 0.037612672383595475], [0.026443869046270736, 0.02776084247375421, 0.027295501880148853, 0.0303206149495405, 0.025688129894581364, 0.03161291362021401, 0.03336090131838704, 0.0, 0.02820287515350332, 0.035651405444054804, 0.034614891674913384, 0.03361878241255469, 0.044969320214861386, 0.031241229130164687, 0.03833769836892292, 0.04179878812016832, 0.04128691985884459, 0.032244649842362964, 0.0349141336952503, 0.02838084297971422, 0.06401309937910435, 0.06401309479044753, 0.06401685482841525, 0.06401318409239361, 0.06401680487619484, 0.06401317730860921, 0.06401309223472412, 0.0640131356772556, 0.06401314311537742, 0.06401314311537742, 0.06401327526685673, 0.06401673741596085, 0.06401320701718215, 0.06401677579713427, 0.0640167983490549, 0.06401681545172909, 0.06401673745733283, 0.06401678720767255, 0.06401323698336872, 0.06401344048509511], [0.020236016147212276, 0.012647165976984103, 0.02884303968478456, 0.010615126624211232, 0.02565024228505831, 0.009277166864905885, 0.011397471818777724, 0.02820287515350332, 0.0, 0.009599242856776699, 0.02158736095959715, 0.022334440778723548, 0.034124996800303474, 0.015070168252773755, 0.023154926784899846, 0.021897088238346452, 0.02872224522391177, 0.010739038761851734, 0.013048261022933777, 0.029961153031376597, 0.04232044326261685, 0.04232044102501133, 0.04232238769791776, 0.04232054777229439, 0.04232234887676493, 0.04232050190286587, 0.04232041774503337, 0.04232049584368599, 0.04232045539440413, 0.04232045539440413, 0.04232061660135895, 0.04232226103346292, 0.04232053132800312, 0.04232233572388676, 0.042322322993459595, 0.04232236562268723, 0.042322300826652656, 0.042322318489615575, 0.042320554406953856, 0.04232083387087128], [0.024876670065183102, 0.016790516377542225, 0.03719289783249272, 0.012192490915838764, 0.03379951640496416, 0.012166709401377807, 0.010994469376580933, 0.035651405444054804, 0.009599242856776699, 0.0, 0.026996379163160528, 0.028729729511864664, 0.03918256381004657, 0.0189899422330679, 0.029560139657303933, 0.020669510831228654, 0.033400999418718665, 0.011182894016784966, 0.00855582497966425, 0.03734971555582062, 0.039871679230633596, 0.039871680989916745, 0.03987063145361635, 0.03987179456348516, 0.039870604125913645, 0.0398717067794211, 0.039871651646879294, 0.039871726745174266, 0.039871669500485166, 0.039871669500485166, 0.039871828274237575, 0.03987049678837432, 0.0398717459100029, 0.039870598551645736, 0.03987056723741535, 0.03987061897685717, 0.03987056774226965, 0.03987056665337145, 0.03987175938266377, 0.03987207323024252], [0.025104366774254667, 0.02517840513857655, 0.025417746527168408, 0.014887369101740412, 0.017120248006113743, 0.01988794425585376, 0.017876265065589866, 0.034614891674913384, 0.02158736095959715, 0.026996379163160528, 0.0, 0.012032690904032257, 0.02190462059893961, 0.02085486945532076, 0.012808506106123732, 0.01697825700414325, 0.015051104964555771, 0.025319066035728706, 0.01742509755125466, 0.029333173311527207, 0.04471811489688469, 0.04471811664293336, 0.04471741522302604, 0.04471820149383966, 0.044717388087131424, 0.04471816001479881, 0.044718090159614, 0.04471813725455934, 0.044718117086696145, 0.044718117086696145, 0.04471828402316494, 0.0447172630749286, 0.04471819249150334, 0.0447173625516591, 0.044717361359748145, 0.04471740493827482, 0.04471735842143007, 0.04471735314616179, 0.0447182001803153, 0.04471846192609802], [0.023393475360659246, 0.02304320771830774, 0.023359905329274667, 0.01636065519815802, 0.014962515185105229, 0.02197776034793186, 0.01821243789881147, 0.03361878241255469, 0.022334440778723548, 0.028729729511864664, 0.012032690904032257, 0.0, 0.023723193779097335, 0.018537564718347315, 0.011369326759410348, 0.01589865469186416, 0.015609533566033224, 0.02779489757827747, 0.02044381163226895, 0.031348237302499096, 0.04587539243308861, 0.04587539455500322, 0.04587435214969815, 0.04587550173591012, 0.04587430624116694, 0.045875454877070995, 0.045875384429710786, 0.04587545329483074, 0.04587543851613922, 0.04587543851613922, 0.0458755776419556, 0.045874213794691907, 0.04587548446444091, 0.04587429196599692, 0.04587429835100082, 0.04587433104228563, 0.04587425179774948, 0.04587425809107836, 0.04587551306380328, 0.04587578291330127], [0.04089601625818802, 0.03766071958822771, 0.03602047922000709, 0.026373976399372775, 0.0308832574464903, 0.02903047575529275, 0.03205341169348565, 0.044969320214861386, 0.034124996800303474, 0.03918256381004657, 0.02190462059893961, 0.023723193779097335, 0.0, 0.03334642968916379, 0.020234560664047167, 0.024247678796143486, 0.013817469541525386, 0.038424551311211794, 0.03257555696627949, 0.03958804580297994, 0.049192436898040176, 0.04919243589013453, 0.04919381314558642, 0.04919252558630413, 0.049193798994317306, 0.04919247813161539, 0.049192367881767514, 0.049192482593471504, 0.049192470364329575, 0.049192470364329575, 0.049192599751228624, 0.04919366707369498, 0.04919250860401542, 0.04919379810288974, 0.049193799853801436, 0.04919383868786988, 0.04919377589912277, 0.04919376343000573, 0.049192513372708836, 0.04919279004658907], [0.017267315485537442, 0.009746610269751217, 0.027788950437852154, 0.014127549466465097, 0.02274374138747065, 0.016373999649421413, 0.01421929752697578, 0.031241229130164687, 0.015070168252773755, 0.0189899422330679, 0.02085486945532076, 0.018537564718347315, 0.03334642968916379, 0.0, 0.02117072179557908, 0.016593006698851807, 0.02760219645547616, 0.01621167917518751, 0.016929967106160983, 0.03600433209755222, 0.04437039814685095, 0.044370397004298096, 0.044371661771516906, 0.04437050010668252, 0.0443716119979714, 0.04437049273873035, 0.044370391807426524, 0.04437046847752278, 0.044370447917664764, 0.044370447917664764, 0.04437062341606262, 0.04437153577658464, 0.04437050681955388, 0.044371590449728174, 0.04437160185769072, 0.044371632062970345, 0.04437156719026976, 0.04437157951489263, 0.04437053870489145, 0.04437079511015818], [0.026882705632225203, 0.026094923538112304, 0.026901183183515653, 0.017323942881484554, 0.019826511279682903, 0.02019373032151599, 0.019943739358316476, 0.03833769836892292, 0.023154926784899846, 0.029560139657303933, 0.012808506106123732, 0.011369326759410348, 0.020234560664047167, 0.02117072179557908, 0.0, 0.014432132411937094, 0.015345928691843485, 0.029458536904610425, 0.021915999105320903, 0.0341769750122893, 0.04098951146400218, 0.04098951119289481, 0.04099035057591769, 0.04098960886356696, 0.04099031938411091, 0.040989553615179246, 0.04098947948294772, 0.04098956317968669, 0.040989535823979246, 0.040989535823979246, 0.040989667787857516, 0.04099022870966491, 0.0409895836624982, 0.040990317802066537, 0.040990311978794484, 0.040990355260452395, 0.04099027960164336, 0.04099031131023726, 0.040989602086889024, 0.040989897342599176], [0.029724093481388214, 0.020813071294613024, 0.028882199810778535, 0.019590147170156034, 0.026792546847737294, 0.01855298829945038, 0.0197869447957675, 0.04179878812016832, 0.021897088238346452, 0.020669510831228654, 0.01697825700414325, 0.01589865469186416, 0.024247678796143486, 0.016593006698851807, 0.014432132411937094, 0.0, 0.019081325916265646, 0.02258710828676649, 0.019697599065087338, 0.03706019043012106, 0.03803970165406362, 0.038039700749771074, 0.03804091320461824, 0.03803980636700531, 0.03804088016552907, 0.038039749178984075, 0.03803966417592648, 0.03803975104574665, 0.03803972782045527, 0.03803972782045527, 0.03803990301406335, 0.03804076331213733, 0.03803978841096106, 0.03804086227678329, 0.038040868740482625, 0.03804091267613923, 0.0380408196477938, 0.03804082172205127, 0.038039804718654396, 0.03804011168142688], [0.034814628012912095, 0.031972406008652775, 0.03311775968711537, 0.021549180391804684, 0.02516677284745306, 0.025017988571119344, 0.025729824486890276, 0.04128691985884459, 0.02872224522391177, 0.033400999418718665, 0.015051104964555771, 0.015609533566033224, 0.013817469541525386, 0.02760219645547616, 0.015345928691843485, 0.019081325916265646, 0.0, 0.03304952961277296, 0.026137241326093536, 0.03744356192218339, 0.047260390680924615, 0.04726039233042923, 0.047259848697950045, 0.0472604997226396, 0.04725982925371762, 0.04726045648329795, 0.04726034705944636, 0.047260460846659004, 0.04726043682579157, 0.04726043682579157, 0.0472606269000272, 0.04725969609357872, 0.047260481354489, 0.04725982057656537, 0.04725982497829588, 0.047259859767824104, 0.04725981337008789, 0.04725976773983671, 0.04726048760004739, 0.04726078579035965], [0.020869088999837453, 0.014174825643401555, 0.033168539490833274, 0.013740488549774017, 0.030985879005108265, 0.012886195494913115, 0.009884105313581472, 0.032244649842362964, 0.010739038761851734, 0.011182894016784966, 0.025319066035728706, 0.02779489757827747, 0.038424551311211794, 0.01621167917518751, 0.029458536904610425, 0.02258710828676649, 0.03304952961277296, 0.0, 0.01106887502851201, 0.034186892895087986, 0.04106739403859475, 0.04106739503429779, 0.04106694160882785, 0.04106748678147323, 0.041066907985316856, 0.04106745889217455, 0.041067375032446236, 0.041067428583047516, 0.04106740372675446, 0.04106740372675446, 0.04106758218302574, 0.04106680331266555, 0.04106747911633755, 0.041066882447820745, 0.04106687999618131, 0.04106691341487225, 0.041066891757648244, 0.041066873983393024, 0.04106749455126992, 0.041067755074053115], [0.022166209307660154, 0.016055496454336418, 0.03087516529200829, 0.011255768541900331, 0.02515742775465667, 0.01373411430672423, 0.009521639572528273, 0.0349141336952503, 0.013048261022933777, 0.00855582497966425, 0.01742509755125466, 0.02044381163226895, 0.03257555696627949, 0.016929967106160983, 0.021915999105320903, 0.019697599065087338, 0.026137241326093536, 0.01106887502851201, 0.0, 0.029733675314484353, 0.04160845436296294, 0.04160845914213067, 0.04160527071104434, 0.041608556177614726, 0.041605244122788425, 0.04160848283686143, 0.041608434565013015, 0.041608490367490425, 0.041608447359037126, 0.041608447359037126, 0.041608588735503216, 0.04160512866212121, 0.04160851895862716, 0.04160523004393381, 0.04160520580262494, 0.04160525250273559, 0.041605216436518794, 0.04160522904280632, 0.04160853107011027, 0.04160881550057907], [0.028720283114877104, 0.03557867482316565, 0.025313291856737228, 0.02722033105776754, 0.02862121803954294, 0.029972653031310286, 0.027161934101597802, 0.02838084297971422, 0.029961153031376597, 0.03734971555582062, 0.029333173311527207, 0.031348237302499096, 0.03958804580297994, 0.03600433209755222, 0.0341769750122893, 0.03706019043012106, 0.03744356192218339, 0.034186892895087986, 0.029733675314484353, 0.0, 0.04887202857278023, 0.04887203294774476, 0.04886932558027536, 0.0488720872754607, 0.048869280664618125, 0.048872053852757176, 0.04887203151225817, 0.048872010677332996, 0.048872042755464494, 0.048872042755464494, 0.04887206637824745, 0.048869183605872335, 0.04887209486267093, 0.048869251009347664, 0.04886925905845627, 0.0488692788775907, 0.048869224399898596, 0.04886926095865901, 0.048872119053670164, 0.048872251052831155], [0.04686930001408487, 0.04410990786881558, 0.05006065349883322, 0.04406898939088555, 0.0534778136530303, 0.039224856906388085, 0.037612312366231415, 0.06401309937910435, 0.04232044326261685, 0.039871679230633596, 0.04471811489688469, 0.04587539243308861, 0.049192436898040176, 0.04437039814685095, 0.04098951146400218, 0.03803970165406362, 0.047260390680924615, 0.04106739403859475, 0.04160845436296294, 0.04887202857278023, 0.0, 2.9266001224339517e-08, 2.147912732647021e-05, 1.9448891462085752e-07, 2.147847208429622e-05, 2.9704034138722036e-07, 1.7556789673270853e-07, 2.6923233024973503e-07, 2.8143254517722054e-07, 2.8143254517722054e-07, 6.266166867605605e-07, 2.153160726963663e-05, 2.2238336061992708e-07, 2.147767295903759e-05, 2.1516735218733905e-05, 2.152235277877525e-05, 2.143112273347391e-05, 2.1496526929671715e-05, 2.686930825000217e-07, 5.18197019852442e-07], [0.046869299574149884, 0.044109906086201627, 0.05006065078223759, 0.04406898971728547, 0.0534778137964959, 0.0392248544666745, 0.03761231491969321, 0.06401309479044753, 0.04232044102501133, 0.039871680989916745, 0.04471811664293336, 0.04587539455500322, 0.04919243589013453, 0.044370397004298096, 0.04098951119289481, 0.038039700749771074, 0.04726039233042923, 0.04106739503429779, 0.04160845914213067, 0.04887203294774476, 2.9266001224339517e-08, 0.0, 2.1508289742955687e-05, 1.9318686792176686e-07, 2.1507635389231087e-05, 3.010203744765828e-07, 1.6689898337101945e-07, 2.6763697207979194e-07, 2.806747229216284e-07, 2.806747229216284e-07, 6.311913471861933e-07, 2.1560777063594894e-05, 2.2816129206765064e-07, 2.150683736078861e-05, 2.1545892784404196e-05, 2.1551512218041413e-05, 2.146028407297068e-05, 2.1525689775539405e-05, 2.729257475507228e-07, 5.237195776557254e-07], [0.04686981038532868, 0.04411146138814761, 0.050063092803451927, 0.044069190141947934, 0.05347829060329073, 0.03922716403482936, 0.037610646041143496, 0.06401685482841525, 0.04232238769791776, 0.03987063145361635, 0.04471741522302604, 0.04587435214969815, 0.04919381314558642, 0.044371661771516906, 0.04099035057591769, 0.03804091320461824, 0.047259848697950045, 0.04106694160882785, 0.04160527071104434, 0.04886932558027536, 2.147912732647021e-05, 2.1508289742955687e-05, 0.0, 2.150081256964046e-05, 1.3428324857007137e-07, 2.1450913608676775e-05, 2.1545160039906072e-05, 2.1507745867780915e-05, 2.1495543364830794e-05, 2.1495543364830794e-05, 2.1393466626364915e-05, 2.2636184961074372e-07, 2.1444914591264176e-05, 1.8860812351950663e-07, 1.655759303492535e-07, 1.504490758344682e-07, 3.307264035807827e-07, 4.006147335086593e-07, 2.145101148832368e-05, 2.139243971054663e-05], [0.04686938195969569, 0.04411001818166171, 0.05006071590988437, 0.04406910451880463, 0.053477907927420104, 0.0392249583591633, 0.03761241741600713, 0.06401318409239361, 0.04232054777229439, 0.03987179456348516, 0.04471820149383966, 0.04587550173591012, 0.04919252558630413, 0.04437050010668252, 0.04098960886356696, 0.03803980636700531, 0.0472604997226396, 0.04106748678147323, 0.041608556177614726, 0.0488720872754607, 1.9448891462085752e-07, 1.9318686792176686e-07, 2.150081256964046e-05, 0.0, 2.1500591551070644e-05, 3.249566451302228e-07, 2.419231394813521e-07, 2.0293145553953306e-07, 2.5379880305934255e-07, 2.5379880305934255e-07, 5.949489392757867e-07, 2.155375751651877e-05, 2.3006695990172018e-07, 2.1499286958022152e-05, 2.1538405980776513e-05, 2.1543974449316e-05, 2.1453908610329092e-05, 2.151969301621288e-05, 2.408972030150614e-07, 3.744616616282111e-07], [0.04686976153773007, 0.04411141621148374, 0.05006304551137523, 0.04406915325966195, 0.05347824461043876, 0.03922714058647087, 0.03761059934825749, 0.06401680487619484, 0.04232234887676493, 0.039870604125913645, 0.044717388087131424, 0.04587430624116694, 0.049193798994317306, 0.0443716119979714, 0.04099031938411091, 0.03804088016552907, 0.04725982925371762, 0.041066907985316856, 0.041605244122788425, 0.048869280664618125, 2.147847208429622e-05, 2.1507635389231087e-05, 1.3428324857007137e-07, 2.1500591551070644e-05, 0.0, 2.145071737093697e-05, 2.1545055155190444e-05, 2.1507329316447673e-05, 2.1495468713686567e-05, 2.1495468713686567e-05, 2.1392314634689004e-05, 2.3672776729180817e-07, 2.1444671162634363e-05, 1.3016640902599526e-07, 1.4292919794612566e-07, 1.010558422855137e-07, 2.2303352448091614e-07, 3.25725415472034e-07, 2.1451431790513218e-05, 2.1392298457524074e-05], [0.04686939249540023, 0.044109985609083385, 0.05006069877288253, 0.04406904433788389, 0.05347786904530605, 0.03922491073987474, 0.03761237264092371, 0.06401317730860921, 0.04232050190286587, 0.0398717067794211, 0.04471816001479881, 0.045875454877070995, 0.04919247813161539, 0.04437049273873035, 0.040989553615179246, 0.038039749178984075, 0.04726045648329795, 0.04106745889217455, 0.04160848283686143, 0.048872053852757176, 2.9704034138722036e-07, 3.010203744765828e-07, 2.1450913608676775e-05, 3.249566451302228e-07, 2.145071737093697e-05, 0.0, 2.90383570279341e-07, 2.3829889470985225e-07, 2.259515703778069e-07, 2.259515703778069e-07, 4.1352393167229336e-07, 2.150417604096738e-05, 1.334912997180115e-07, 2.1450782941515612e-05, 2.1488676352386876e-05, 2.1495015984999006e-05, 2.14024270749582e-05, 2.1470737778965822e-05, 1.6697967633221283e-07, 5.310165712739895e-07], [0.04686932673372589, 0.04410990391045181, 0.05006065625985975, 0.04406896748673222, 0.05347781329439137, 0.039224812414167004, 0.03761230595337246, 0.06401309223472412, 0.04232041774503337, 0.039871651646879294, 0.044718090159614, 0.045875384429710786, 0.049192367881767514, 0.044370391807426524, 0.04098947948294772, 0.03803966417592648, 0.04726034705944636, 0.041067375032446236, 0.041608434565013015, 0.04887203151225817, 1.7556789673270853e-07, 1.6689898337101945e-07, 2.1545160039906072e-05, 2.419231394813521e-07, 2.1545055155190444e-05, 2.90383570279341e-07, 0.0, 2.90456444559104e-07, 2.67794891908524e-07, 2.67794891908524e-07, 6.298476172366524e-07, 2.159725294126558e-05, 2.3562292856891762e-07, 2.154444539271631e-05, 2.1583081849626445e-05, 2.1589074672161523e-05, 2.1498028050542703e-05, 2.1563738967345736e-05, 2.4603417237929313e-07, 5.669217003709253e-07], [0.04686935097840125, 0.04410997653378786, 0.05006064428556328, 0.044069050720181385, 0.053477850930431774, 0.039224911492614194, 0.037612363155372586, 0.0640131356772556, 0.04232049584368599, 0.039871726745174266, 0.04471813725455934, 0.04587545329483074, 0.049192482593471504, 0.04437046847752278, 0.04098956317968669, 0.03803975104574665, 0.047260460846659004, 0.041067428583047516, 0.041608490367490425, 0.048872010677332996, 2.6923233024973503e-07, 2.6763697207979194e-07, 2.1507745867780915e-05, 2.0293145553953306e-07, 2.1507329316447673e-05, 2.3829889470985225e-07, 2.90456444559104e-07, 0.0, 1.8325154064244916e-07, 1.8325154064244916e-07, 5.0238925620262e-07, 2.156006092233412e-05, 2.1548966915885848e-07, 2.1506099862503067e-05, 2.154487507029149e-05, 2.1550909600245838e-05, 2.1459623273073353e-05, 2.152629366512397e-05, 2.2603785034849563e-07, 4.3712991525538356e-07], [0.046869343596670804, 0.04410995770607925, 0.050060684212242204, 0.04406901783539762, 0.05347785109272233, 0.03922488179142329, 0.03761232936872883, 0.06401314311537742, 0.04232045539440413, 0.039871669500485166, 0.044718117086696145, 0.04587543851613922, 0.049192470364329575, 0.044370447917664764, 0.040989535823979246, 0.03803972782045527, 0.04726043682579157, 0.04106740372675446, 0.041608447359037126, 0.048872042755464494, 2.8143254517722054e-07, 2.806747229216284e-07, 2.1495543364830794e-05, 2.5379880305934255e-07, 2.1495468713686567e-05, 2.259515703778069e-07, 2.67794891908524e-07, 1.8325154064244916e-07, 0.0, 0.0, 5.101456835435241e-07, 2.1548032132585236e-05, 1.9080145817389654e-07, 2.149463030978727e-05, 2.153239163134315e-05, 2.1539083247283343e-05, 2.144809264402046e-05, 2.151473444043839e-05, 1.81500606613231e-07, 4.849886943489846e-07], [0.046869343596670804, 0.04410995770607925, 0.050060684212242204, 0.04406901783539762, 0.05347785109272233, 0.03922488179142329, 0.03761232936872883, 0.06401314311537742, 0.04232045539440413, 0.039871669500485166, 0.044718117086696145, 0.04587543851613922, 0.049192470364329575, 0.044370447917664764, 0.040989535823979246, 0.03803972782045527, 0.04726043682579157, 0.04106740372675446, 0.041608447359037126, 0.048872042755464494, 2.8143254517722054e-07, 2.806747229216284e-07, 2.1495543364830794e-05, 2.5379880305934255e-07, 2.1495468713686567e-05, 2.259515703778069e-07, 2.67794891908524e-07, 1.8325154064244916e-07, 0.0, 0.0, 5.101456835435241e-07, 2.1548032132585236e-05, 1.9080145817389654e-07, 2.149463030978727e-05, 2.153239163134315e-05, 2.1539083247283343e-05, 2.144809264402046e-05, 2.151473444043839e-05, 1.81500606613231e-07, 4.849886943489846e-07], [0.046869497171337135, 0.044110121057235344, 0.050060794640059025, 0.044069157814601224, 0.05347796511289552, 0.03922505256647435, 0.037612461822100755, 0.06401327526685673, 0.04232061660135895, 0.039871828274237575, 0.04471828402316494, 0.0458755776419556, 0.049192599751228624, 0.04437062341606262, 0.040989667787857516, 0.03803990301406335, 0.0472606269000272, 0.04106758218302574, 0.041608588735503216, 0.04887206637824745, 6.266166867605605e-07, 6.311913471861933e-07, 2.1393466626364915e-05, 5.949489392757867e-07, 2.1392314634689004e-05, 4.1352393167229336e-07, 6.298476172366524e-07, 5.0238925620262e-07, 5.101456835435241e-07, 5.101456835435241e-07, 0.0, 2.1447924836679254e-05, 4.481968923818832e-07, 2.1393158343145738e-05, 2.1430196526889736e-05, 2.1436839331298002e-05, 2.134205867756664e-05, 2.1414232685805948e-05, 5.020884317439756e-07, 5.728537805117276e-07], [0.046869717420876464, 0.04411135402398388, 0.050062973285618116, 0.044069051920675416, 0.053478172303646744, 0.039227033012111036, 0.03761051311143632, 0.06401673741596085, 0.04232226103346292, 0.03987049678837432, 0.0447172630749286, 0.045874213794691907, 0.04919366707369498, 0.04437153577658464, 0.04099022870966491, 0.03804076331213733, 0.04725969609357872, 0.04106680331266555, 0.04160512866212121, 0.048869183605872335, 2.153160726963663e-05, 2.1560777063594894e-05, 2.2636184961074372e-07, 2.155375751651877e-05, 2.3672776729180817e-07, 2.150417604096738e-05, 2.159725294126558e-05, 2.156006092233412e-05, 2.1548032132585236e-05, 2.1548032132585236e-05, 2.1447924836679254e-05, 0.0, 2.1498437423496316e-05, 2.0605771364428e-07, 2.101103474736942e-07, 2.335403470768125e-07, 3.605102663434111e-07, 3.3061041632582503e-07, 2.150452446557975e-05, 2.1446839632652506e-05], [0.046869405086926004, 0.04411000923063475, 0.05006074156983026, 0.044069080330577576, 0.05347789964494467, 0.03922494611762376, 0.03761239480710545, 0.06401320701718215, 0.04232053132800312, 0.0398717459100029, 0.04471819249150334, 0.04587548446444091, 0.04919250860401542, 0.04437050681955388, 0.0409895836624982, 0.03803978841096106, 0.047260481354489, 0.04106747911633755, 0.04160851895862716, 0.04887209486267093, 2.2238336061992708e-07, 2.2816129206765064e-07, 2.1444914591264176e-05, 2.3006695990172018e-07, 2.1444671162634363e-05, 1.334912997180115e-07, 2.3562292856891762e-07, 2.1548966915885848e-07, 1.9080145817389654e-07, 1.9080145817389654e-07, 4.481968923818832e-07, 2.1498437423496316e-05, 0.0, 2.1444497182596545e-05, 2.1482675480916974e-05, 2.1488715820517486e-05, 2.139712565627696e-05, 2.1464557401912238e-05, 1.1323224113369107e-07, 4.5236129532451123e-07], [0.046869731868142146, 0.04411140293005003, 0.050063007954397026, 0.044069145906216904, 0.05347822934965409, 0.039227129629299966, 0.037610582504929796, 0.06401677579713427, 0.04232233572388676, 0.039870598551645736, 0.0447173625516591, 0.04587429196599692, 0.04919379810288974, 0.044371590449728174, 0.040990317802066537, 0.03804086227678329, 0.04725982057656537, 0.041066882447820745, 0.04160523004393381, 0.048869251009347664, 2.147767295903759e-05, 2.150683736078861e-05, 1.8860812351950663e-07, 2.1499286958022152e-05, 1.3016640902599526e-07, 2.1450782941515612e-05, 2.154444539271631e-05, 2.1506099862503067e-05, 2.149463030978727e-05, 2.149463030978727e-05, 2.1393158343145738e-05, 2.0605771364428e-07, 2.1444497182596545e-05, 0.0, 1.526368238342398e-07, 9.697055137754595e-08, 2.789028819128857e-07, 3.021104093710837e-07, 2.1451092873298182e-05, 2.1390867143493187e-05], [0.046869743860168844, 0.044111410603867016, 0.05006304036121684, 0.04406913357923842, 0.05347824158509034, 0.0392271253506777, 0.03761057251968779, 0.0640167983490549, 0.042322322993459595, 0.03987056723741535, 0.044717361359748145, 0.04587429835100082, 0.049193799853801436, 0.04437160185769072, 0.040990311978794484, 0.038040868740482625, 0.04725982497829588, 0.04106687999618131, 0.04160520580262494, 0.04886925905845627, 2.1516735218733905e-05, 2.1545892784404196e-05, 1.655759303492535e-07, 2.1538405980776513e-05, 1.4292919794612566e-07, 2.1488676352386876e-05, 2.1583081849626445e-05, 2.154487507029149e-05, 2.153239163134315e-05, 2.153239163134315e-05, 2.1430196526889736e-05, 2.101103474736942e-07, 2.1482675480916974e-05, 1.526368238342398e-07, 0.0, 1.1628576590902396e-07, 2.849009612668089e-07, 3.50736994641658e-07, 2.1489133638490797e-05, 2.1429902195461924e-05], [0.046869760561455864, 0.04411143466323244, 0.05006305926924135, 0.0440691763670328, 0.05347826696100609, 0.03922716477580524, 0.037610606987447406, 0.06401681545172909, 0.04232236562268723, 0.03987061897685717, 0.04471740493827482, 0.04587433104228563, 0.04919383868786988, 0.044371632062970345, 0.040990355260452395, 0.03804091267613923, 0.047259859767824104, 0.04106691341487225, 0.04160525250273559, 0.0488692788775907, 2.152235277877525e-05, 2.1551512218041413e-05, 1.504490758344682e-07, 2.1543974449316e-05, 1.010558422855137e-07, 2.1495015984999006e-05, 2.1589074672161523e-05, 2.1550909600245838e-05, 2.1539083247283343e-05, 2.1539083247283343e-05, 2.1436839331298002e-05, 2.335403470768125e-07, 2.1488715820517486e-05, 9.697055137754595e-08, 1.1628576590902396e-07, 0.0, 2.842334345789979e-07, 3.339256165090017e-07, 2.1495303603427883e-05, 2.143511370697201e-05], [0.046869723430190226, 0.044111371058041825, 0.05006297470916127, 0.044069106872242636, 0.05347819415852234, 0.03922710687513958, 0.03761055625530838, 0.06401673745733283, 0.042322300826652656, 0.03987056774226965, 0.04471735842143007, 0.04587425179774948, 0.04919377589912277, 0.04437156719026976, 0.04099027960164336, 0.0380408196477938, 0.04725981337008789, 0.041066891757648244, 0.041605216436518794, 0.048869224399898596, 2.143112273347391e-05, 2.146028407297068e-05, 3.307264035807827e-07, 2.1453908610329092e-05, 2.2303352448091614e-07, 2.14024270749582e-05, 2.1498028050542703e-05, 2.1459623273073353e-05, 2.144809264402046e-05, 2.144809264402046e-05, 2.134205867756664e-05, 3.605102663434111e-07, 2.139712565627696e-05, 2.789028819128857e-07, 2.849009612668089e-07, 2.842334345789979e-07, 0.0, 3.4398481875048564e-07, 2.140468043996643e-05, 2.134570319021068e-05], [0.04686977375347796, 0.04411140444919978, 0.050063024568160426, 0.044069121722764, 0.0534782416146475, 0.03922712931365535, 0.03761057195684107, 0.06401678720767255, 0.042322318489615575, 0.03987056665337145, 0.04471735314616179, 0.04587425809107836, 0.04919376343000573, 0.04437157951489263, 0.04099031131023726, 0.03804082172205127, 0.04725976773983671, 0.041066873983393024, 0.04160522904280632, 0.04886926095865901, 2.1496526929671715e-05, 2.1525689775539405e-05, 4.006147335086593e-07, 2.151969301621288e-05, 3.25725415472034e-07, 2.1470737778965822e-05, 2.1563738967345736e-05, 2.152629366512397e-05, 2.151473444043839e-05, 2.151473444043839e-05, 2.1414232685805948e-05, 3.3061041632582503e-07, 2.1464557401912238e-05, 3.021104093710837e-07, 3.50736994641658e-07, 3.339256165090017e-07, 3.4398481875048564e-07, 0.0, 2.1471724099599635e-05, 2.1411953808142225e-05], [0.04686943633715854, 0.044110039365437954, 0.05006076673972744, 0.04406910228810538, 0.053477926608751475, 0.03922495735208577, 0.03761242413848351, 0.06401323698336872, 0.042320554406953856, 0.03987175938266377, 0.0447182001803153, 0.04587551306380328, 0.049192513372708836, 0.04437053870489145, 0.040989602086889024, 0.038039804718654396, 0.04726048760004739, 0.04106749455126992, 0.04160853107011027, 0.048872119053670164, 2.686930825000217e-07, 2.729257475507228e-07, 2.145101148832368e-05, 2.408972030150614e-07, 2.1451431790513218e-05, 1.6697967633221283e-07, 2.4603417237929313e-07, 2.2603785034849563e-07, 1.81500606613231e-07, 1.81500606613231e-07, 5.020884317439756e-07, 2.150452446557975e-05, 1.1323224113369107e-07, 2.1451092873298182e-05, 2.1489133638490797e-05, 2.1495303603427883e-05, 2.140468043996643e-05, 2.1471724099599635e-05, 0.0, 4.5624036348634796e-07], [0.046869630766780364, 0.04411032048004632, 0.050060972535327035, 0.04406938589530456, 0.05347817236489927, 0.03922526121023664, 0.037612672383595475, 0.06401344048509511, 0.04232083387087128, 0.03987207323024252, 0.04471846192609802, 0.04587578291330127, 0.04919279004658907, 0.04437079511015818, 0.040989897342599176, 0.03804011168142688, 0.04726078579035965, 0.041067755074053115, 0.04160881550057907, 0.048872251052831155, 5.18197019852442e-07, 5.237195776557254e-07, 2.139243971054663e-05, 3.744616616282111e-07, 2.1392298457524074e-05, 5.310165712739895e-07, 5.669217003709253e-07, 4.3712991525538356e-07, 4.849886943489846e-07, 4.849886943489846e-07, 5.728537805117276e-07, 2.1446839632652506e-05, 4.5236129532451123e-07, 2.1390867143493187e-05, 2.1429902195461924e-05, 2.143511370697201e-05, 2.134570319021068e-05, 2.1411953808142225e-05, 4.5624036348634796e-07, 0.0]], "Angle": [[0.0, 0.07072515150402695, 0.05870401586937851, 0.06305598607339423, 0.0417214082160615, 0.06849146847706847, 0.06597480287891867, 0.07299502956475042, 0.045871516554641306, 0.08644815166563241, 0.06407130377434107, 0.0749548734123153, 0.11303334383682667, 0.060931672658356015, 0.062003196502061445, 0.08784738586899773, 0.10046436544180645, 0.07564044852025857, 0.05387042041092687, 0.08218156183741117, 0.07244423262246741, 0.07244423008905057, 0.07357341494811451, 0.07244430059399255, 0.07353594747886819, 0.07249524200793589, 0.07244399496998928, 0.07244438082174912, 0.07244657977351274, 0.07244657977351274, 0.0724468944137163, 0.07348362540435777, 0.07253550688849127, 0.07357337427979681, 0.0734858600434011, 0.07348588900710634, 0.07348377812277528, 0.0734837280062652, 0.07253542404833255, 0.0724466153741632], [0.07072515150402695, 0.0, 0.07768919454268713, 0.05327091813426627, 0.06543856256712992, 0.06318441392017965, 0.04691968227261885, 0.092319038144864, 0.0553206067623612, 0.05454220410892257, 0.060082956438419884, 0.06339951391941452, 0.08835092206902302, 0.047183217107585655, 0.06064203866164165, 0.06308638549073525, 0.07713893412713042, 0.043306562196812885, 0.05702264124951823, 0.09080554617308043, 0.06675429150139603, 0.06675429028162953, 0.06726845233824419, 0.06675434505854329, 0.06733612831572938, 0.0667246360450846, 0.06675400890628229, 0.06675443703916169, 0.06559815673810229, 0.06559815673810229, 0.06559839259602582, 0.06758155058212677, 0.06643746096527449, 0.06726856728623717, 0.066439790028423, 0.06643983586041087, 0.06758163150537089, 0.06758161453750305, 0.06643734965355333, 0.06559811252004802], [0.05870401586937851, 0.07768919454268713, 0.0, 0.062493468573248855, 0.05437508513242872, 0.07796622216869112, 0.06971427570034708, 0.08234618705051623, 0.06000839727420466, 0.08888681690213959, 0.07022229088341538, 0.06503897086940419, 0.09352508134527687, 0.07030685657480061, 0.06464407604766147, 0.08293235971891186, 0.08753593262141492, 0.07319577972369015, 0.0724948681455798, 0.052633645644972506, 0.061985436622412904, 0.061985436414492334, 0.06175172614249033, 0.0619855558016347, 0.06127827857989582, 0.061666874186161034, 0.06198528262801726, 0.06198558025128381, 0.06157316476966498, 0.06157316476966498, 0.06157346229998217, 0.06153131201087942, 0.06220445667883509, 0.06175175283900589, 0.06111587799991421, 0.06111592659797295, 0.06153140996886063, 0.061531370737332405, 0.06220437700081997, 0.061573305985842826], [0.06305598607339423, 0.05327091813426627, 0.062493468573248855, 0.0, 0.06071914928100954, 0.0409646751915249, 0.046421954849035656, 0.08795759054659788, 0.04026605394302029, 0.04592526843841114, 0.05008361684387431, 0.06536011527990691, 0.08328285269470302, 0.05892301795577754, 0.04915394896315681, 0.059311521341207714, 0.07562380833931522, 0.03826660167698474, 0.048304854844251136, 0.07988363611566478, 0.04642834914315374, 0.04642835101226836, 0.045910536044142726, 0.046428450285280004, 0.04558010647629173, 0.046125597021947316, 0.046428151236246135, 0.046428510621466725, 0.0448707019252727, 0.0448707019252727, 0.04487091859706711, 0.04604923150094902, 0.04629099120177224, 0.04591056508173343, 0.044478260098446146, 0.04447829344924375, 0.04604930233584665, 0.046049251100801034, 0.04629086594684099, 0.04487071515176777], [0.0417214082160615, 0.06543856256712992, 0.05437508513242872, 0.06071914928100954, 0.0, 0.06151764263526288, 0.06060330334620325, 0.06753671524021149, 0.042216876422163166, 0.08658627858416026, 0.051378631676409575, 0.05482418800595728, 0.08588738309211101, 0.058251393505580736, 0.05062976801087305, 0.07111629102732943, 0.07686736028680535, 0.07283063879915454, 0.060332893725196506, 0.07250741205409406, 0.0703928324793247, 0.07039282678997262, 0.0714062629128013, 0.07039291898731252, 0.07149538983855354, 0.07042905136211079, 0.07039257729522928, 0.07039298603353487, 0.07022483438821438, 0.07022483438821438, 0.07022513468101557, 0.0715311170574941, 0.07026613765903893, 0.07140628560462108, 0.07136574911406544, 0.07136579138855405, 0.07153123037281364, 0.07153121894993324, 0.07026603773394002, 0.07022489392857745], [0.06849146847706847, 0.06318441392017965, 0.07796622216869112, 0.0409646751915249, 0.06151764263526288, 0.0, 0.05211983342826332, 0.08196213814735236, 0.042591204354795964, 0.060218355309117184, 0.04860862415098412, 0.07533402329995668, 0.08487618246386561, 0.07164020939437797, 0.0606364597139637, 0.06527566013443634, 0.07910142074105106, 0.05002193960382144, 0.0509341982008374, 0.08055992981946043, 0.0662091455550505, 0.06620914138337375, 0.06786979062097569, 0.06620921148438946, 0.06768988493974626, 0.06604820066209316, 0.06620891389875729, 0.06620927995855572, 0.06449216280780398, 0.06449216280780398, 0.0644923233663724, 0.06805801148099577, 0.06601578831008795, 0.067869836516332, 0.06638885040483375, 0.06638886830493572, 0.06805806251093212, 0.06805806934351376, 0.066015676641476, 0.06449212078250671], [0.06597480287891867, 0.04691968227261885, 0.06971427570034708, 0.046421954849035656, 0.06060330334620325, 0.05211983342826332, 0.0, 0.08193944896881879, 0.03617219164719735, 0.05749840976748578, 0.05698528609586608, 0.06599390194543224, 0.08870455061174452, 0.0570558700854095, 0.05570169181029678, 0.06772552681570854, 0.07656733867323398, 0.05089096700089304, 0.053429334119329944, 0.08039125423132423, 0.05945416961272694, 0.059454171011077195, 0.0592141013265094, 0.05945424423705983, 0.059046408228273776, 0.05931853758607223, 0.05945387784959587, 0.05945432622038745, 0.058812641200562746, 0.058812641200562746, 0.05881286590654038, 0.059249364736898874, 0.0594192170791