{"Bond": [[0.0, 0.03171400927742195, 0.012377152237842543, 0.014832342694306371, 0.020978018934999076, 0.012145201079241948, 0.008184350164535795, 0.019701633332569288, 0.03328499216635891, 0.08907339912227918, 0.011352748224984962, 0.020587529868912872, 0.01121557586579722, 0.012566965431676201, 0.011883342785400416, 0.011932965769433125, 0.013181107669087274, 0.008815724241850155, 0.013013371238639564, 0.12846358577680633, 0.022102270845277803, 0.022111556815904203, 0.020506730122484614, 0.022756937196687296, 0.022211900421221915, 0.022767209897860605, 0.02050804854826638, 0.021845028302634333, 0.021839533587727306, 0.021850332183079142, 0.021846558629473455, 0.020503730975771406, 0.02267259360809907, 0.020503986102756236, 0.02276621714249592, 0.0221939407403692, 0.020502595298992204, 0.022764281480261397, 0.022110102885592522, 0.022117464438224804], [0.03171400927742195, 0.0, 0.03216038151657765, 0.033985795254420574, 0.03748689690370696, 0.03359461842814032, 0.03344336315970483, 0.028399391712738406, 0.018263345210964215, 0.09724568795566621, 0.03556033940427119, 0.030788641873719637, 0.0346300139531317, 0.03521308606659515, 0.03493948217028851, 0.03406173594033709, 0.035318809195554045, 0.03241718769870618, 0.035328849314967894, 0.11203979397752697, 0.03292686307326897, 0.03292048031643419, 0.032801703206282236, 0.03397031957847707, 0.03336805043686591, 0.03395564994303807, 0.03279559659227736, 0.0333511720819869, 0.033385532506601194, 0.03334100892540714, 0.033366268129062675, 0.03278125802300811, 0.03352748327100751, 0.03279368121989382, 0.03396146810460789, 0.03337661703793855, 0.032798973212518755, 0.03396191351201651, 0.03293329653310613, 0.03290818905809514], [0.012377152237842543, 0.03216038151657765, 0.0, 0.01313029855256748, 0.017178022390155142, 0.012337919673979734, 0.010007030112553368, 0.021198637379848426, 0.03234224738902376, 0.0889866450648309, 0.01591900506835916, 0.01837932885346212, 0.013620182765230032, 0.014904469516678473, 0.011424083683480985, 0.012094344530186945, 0.011859870296298602, 0.011565082456044772, 0.01255564341079224, 0.1287961086187939, 0.01691560965450098, 0.016916011343190065, 0.01587113307003787, 0.017251924227200895, 0.01695162109795003, 0.017258184076922263, 0.015865072569370767, 0.017176511092208985, 0.017171494075743508, 0.01717436255678443, 0.01717052708330469, 0.015878148733123695, 0.017230045291511415, 0.015866119242231736, 0.01726672618617852, 0.01694634224271793, 0.015873329244040345, 0.01726878317553232, 0.0169198984600516, 0.016923743538972216], [0.014832342694306371, 0.033985795254420574, 0.01313029855256748, 0.0, 0.018408250090262847, 0.013423803096263714, 0.011844583011584815, 0.019883185774784998, 0.032360766557368, 0.08790178767787588, 0.012179620014646026, 0.018010579984824766, 0.014275879633670501, 0.013787886177863888, 0.013710745940904462, 0.016275784218105188, 0.014903222681252081, 0.011471870372021367, 0.014690411011888031, 0.12517150634512925, 0.015417631004488796, 0.01542223715445965, 0.015500402591539378, 0.01552821899956983, 0.015453826008185439, 0.01552967803500451, 0.015488946380562696, 0.016258672138445108, 0.01627143198604389, 0.01627027091640476, 0.01626183929987513, 0.015484884751644432, 0.015504709107382109, 0.015485501001685288, 0.01553093530484285, 0.015448736620663607, 0.015497554501196163, 0.015539259546949662, 0.015421518790852488, 0.015432651986422768], [0.020978018934999076, 0.03748689690370696, 0.017178022390155142, 0.018408250090262847, 0.0, 0.017758360662786077, 0.019524443486407722, 0.02524769928744888, 0.03428514403334983, 0.09308184564663434, 0.020031568706904947, 0.020605489538136797, 0.01902505073840366, 0.018534287593357006, 0.017162666165542267, 0.019102074965150435, 0.020762241344876822, 0.02045714664837725, 0.015922865430118064, 0.12767428650175688, 0.02261042578929303, 0.02260231423594937, 0.02289809025601876, 0.023592062303623415, 0.02270548794604375, 0.02360604123286483, 0.022904214355999604, 0.02401215074941182, 0.024008704012502994, 0.024008207401022708, 0.024002512008621503, 0.022909200917155384, 0.02350027998241717, 0.022905067153409925, 0.02360233878484206, 0.022696679746031262, 0.02289826133462013, 0.023597871587883724, 0.022595918533983215, 0.022600664439808345], [0.012145201079241948, 0.03359461842814032, 0.012337919673979734, 0.013423803096263714, 0.017758360662786077, 0.0, 0.011589012524338091, 0.020839335435781103, 0.03293398296614432, 0.09094514143834127, 0.01283450596307039, 0.018958706424038404, 0.013099856928488243, 0.013574604736067817, 0.012279425174826997, 0.011634653407880195, 0.010991513743044412, 0.01292319311912517, 0.012233103114082931, 0.12905030250446592, 0.017967883108291553, 0.01796502146609453, 0.018128182973278575, 0.018379506174207978, 0.01800796842700764, 0.018384227062142378, 0.01812258945109207, 0.018746566956374385, 0.01874915984673981, 0.018763943027236687, 0.01875234860114642, 0.018109049549278177, 0.018347340931843144, 0.018120264056715133, 0.018378904524288635, 0.017999375530587825, 0.018122953683002995, 0.01837905701240181, 0.017966380369435268, 0.0179755544209504], [0.008184350164535795, 0.03344336315970483, 0.010007030112553368, 0.011844583011584815, 0.019524443486407722, 0.011589012524338091, 0.0, 0.02203725788477328, 0.03334238124609864, 0.0887178411118949, 0.011647821578313382, 0.021351245996549986, 0.01284961337230089, 0.012694495901751965, 0.009233746895065741, 0.01258790987385199, 0.011513039841613747, 0.009005905418827639, 0.013295326527126011, 0.12920205155488396, 0.02043277663376294, 0.020443044342412266, 0.01911457230033073, 0.020683016421401062, 0.02047408480652899, 0.020689037944723064, 0.01911101560333511, 0.020105632938858812, 0.02010048602513359, 0.02010754678497743, 0.020104528888618897, 0.01911062759428225, 0.020662013204360966, 0.019106995876510352, 0.02068866051344226, 0.020461345986459614, 0.019111045823813875, 0.02068889184764568, 0.020440087843874848, 0.020445596102388497], [0.019701633332569288, 0.028399391712738406, 0.021198637379848426, 0.019883185774784998, 0.02524769928744888, 0.020839335435781103, 0.02203725788477328, 0.0, 0.03085760335407066, 0.08548039990838245, 0.020431771645243003, 0.013666192458447387, 0.018884345871688805, 0.022329902026626713, 0.022307227518584143, 0.02130116912899072, 0.023335566380610708, 0.020121941349808336, 0.022625204101690118, 0.12529669665944526, 0.021921162470801243, 0.021925117140056505, 0.0201107700730111, 0.022481239366811307, 0.02194218073856575, 0.022477138422908702, 0.020127459237783276, 0.02126962551798428, 0.021261814440154642, 0.02127718915264112, 0.02127287109410134, 0.020113438141692978, 0.022449520011955132, 0.020123309688639464, 0.02247368689226508, 0.021938761757714077, 0.020103419389415896, 0.022467202977467668, 0.0219222297884032, 0.021929631606785224], [0.03328499216635891, 0.018263345210964215, 0.03234224738902376, 0.032360766557368, 0.03428514403334983, 0.03293398296614432, 0.03334238124609864, 0.03085760335407066, 0.0, 0.10181650920296777, 0.03639751589814971, 0.032461791513801456, 0.03634838991589203, 0.03669668136980031, 0.035761481475096835, 0.03611967139309334, 0.03571462109996784, 0.0347298989804467, 0.03501911495047862, 0.11056811297125471, 0.03406087238286275, 0.034048780913534804, 0.03413412230923432, 0.034997715701691814, 0.034466470960329926, 0.03498442721430435, 0.03412288667456173, 0.03482844888203546, 0.03486906600456564, 0.034826806599918235, 0.03483665062855871, 0.03411603475391957, 0.03457753744702541, 0.034122159700799445, 0.03498698887650496, 0.03448387595894814, 0.034133619044109366, 0.03499483633527417, 0.03405823338420978, 0.03404816897252003], [0.08907339912227918, 0.09724568795566621, 0.0889866450648309, 0.08790178767787588, 0.09308184564663434, 0.09094514143834127, 0.0887178411118949, 0.08548039990838245, 0.10181650920296777, 0.0, 0.09120167722252535, 0.08447615180839213, 0.08749037741537624, 0.08894270492747398, 0.08687071371424361, 0.0877331847612309, 0.08750558718819787, 0.08563459200837249, 0.09302037110134577, 0.14886018272266166, 0.08672371371647902, 0.0867375800469772, 0.08544148710551437, 0.08669453908975815, 0.08658158861682487, 0.08668188824432396, 0.08545601552099641, 0.08641509705461531, 0.08640558199832318, 0.08642064049220581, 0.08641988751684326, 0.08544744705776335, 0.08683195355718132, 0.0854479558631334, 0.08668016524158033, 0.08658403993060942, 0.08543574618171795, 0.08667722925689056, 0.08673112429441053, 0.08673017191468575], [0.011352748224984962, 0.03556033940427119, 0.01591900506835916, 0.012179620014646026, 0.020031568706904947, 0.01283450596307039, 0.011647821578313382, 0.020431771645243003, 0.03639751589814971, 0.09120167722252535, 0.0, 0.020801087284781968, 0.011488778494205081, 0.009467516924256453, 0.013729481207372588, 0.01646329136563686, 0.01731813899065305, 0.010948811663664267, 0.013205873578218084, 0.12945143155635536, 0.02116049816454492, 0.02116777286588437, 0.020210585510357922, 0.021383915704425074, 0.021191140394239943, 0.02139265947301912, 0.020210806044388758, 0.020680258204316942, 0.02067093658021296, 0.020687546492522173, 0.020680276827982996, 0.020202285627450692, 0.021370530555895214, 0.020206179094056264, 0.02139014523430346, 0.02117256647847511, 0.020204419910558317, 0.021391025990525187, 0.021163201222421005, 0.02117638287437687], [0.020587529868912872, 0.030788641873719637, 0.01837932885346212, 0.018010579984824766, 0.020605489538136797, 0.018958706424038404, 0.021351245996549986, 0.013666192458447387, 0.032461791513801456, 0.08447615180839213, 0.020801087284781968, 0.0, 0.01838759307760241, 0.02053372200843038, 0.018430683685815318, 0.020554084076131615, 0.022307708945499, 0.019364606958628395, 0.0210717355628746, 0.12583226819401172, 0.01987356551093577, 0.019868037734297142, 0.019868723581171793, 0.0201875359698697, 0.019901785505078786, 0.02018435915438862, 0.01986877825779678, 0.020623089769990558, 0.020626542630407044, 0.02061978342520353, 0.020623050783302576, 0.019866657712165902, 0.020145364418873223, 0.019870162350861927, 0.020190696482490153, 0.019906982522342055, 0.0198673589564237, 0.02018635866917491, 0.019873692617813625, 0.019867528089261753], [0.01121557586579722, 0.0346300139531317, 0.013620182765230032, 0.014275879633670501, 0.01902505073840366, 0.013099856928488243, 0.01284961337230089, 0.018884345871688805, 0.03634838991589203, 0.08749037741537624, 0.011488778494205081, 0.01838759307760241, 0.0, 0.01106976008038745, 0.015119079674524047, 0.014774280380489033, 0.013657322548397547, 0.011573684398323271, 0.013793154902378708, 0.1291930934545886, 0.019053499897661804, 0.019064896881005645, 0.017425213029375008, 0.01944595050308441, 0.0190888561511724, 0.019455357643802924, 0.017431510945367906, 0.01873653708520466, 0.01872796633267227, 0.018731153116935295, 0.018731849646211343, 0.017430611706616802, 0.019422248794221685, 0.01742787602310335, 0.019449876335987906, 0.0190757599354641, 0.017421080821541892, 0.019444515395566807, 0.01905592942072401, 0.019059360753882416], [0.012566965431676201, 0.03521308606659515, 0.014904469516678473, 0.013787886177863888, 0.018534287593357006, 0.013574604736067817, 0.012694495901751965, 0.022329902026626713, 0.03669668136980031, 0.08894270492747398, 0.009467516924256453, 0.02053372200843038, 0.01106976008038745, 0.0, 0.014038194336765909, 0.01556596202171315, 0.016673068329632605, 0.010179499289302138, 0.012606713200411535, 0.13095775013951752, 0.019065271999238857, 0.019075344873657623, 0.01910548768094686, 0.019846641033139736, 0.01909710067194452, 0.019857840322590206, 0.019098604711777333, 0.01963846517671467, 0.01963328058703505, 0.019636614561895693, 0.019632771155414806, 0.01910262528264931, 0.01983356422283826, 0.019095592904768022, 0.019857175107772528, 0.019079192068233927, 0.01910415775119003, 0.019859046580873674, 0.01906645076386928, 0.019076603876870747], [0.011883342785400416, 0.03493948217028851, 0.011424083683480985, 0.013710745940904462, 0.017162666165542267, 0.012279425174826997, 0.009233746895065741, 0.022307227518584143, 0.035761481475096835, 0.08687071371424361, 0.013729481207372588, 0.018430683685815318, 0.015119079674524047, 0.014038194336765909, 0.0, 0.011730949243242774, 0.012766284178550259, 0.01069082485783025, 0.012914078183359236, 0.12895632210189192, 0.02133749433284764, 0.021342642866008805, 0.020427520229037613, 0.021666958268641682, 0.02137595788058757, 0.021675964909172812, 0.020422983327372014, 0.021229569588335963, 0.021224068833433148, 0.02123001852974799, 0.021227503877864134, 0.02042732495033389, 0.021652539634635364, 0.02042114522904918, 0.02168127892568729, 0.021361171623105406, 0.020427086421850982, 0.021681757154299104, 0.021344208631927344, 0.021346700337100403], [0.011932965769433125, 0.03406173594033709, 0.012094344530186945, 0.016275784218105188, 0.019102074965150435, 0.011634653407880195, 0.01258790987385199, 0.02130116912899072, 0.03611967139309334, 0.0877331847612309, 0.01646329136563686, 0.020554084076131615, 0.014774280380489033, 0.01556596202171315, 0.011730949243242774, 0.0, 0.01054137457972985, 0.012687498229039328, 0.012914439300814458, 0.130545302844916, 0.019723478080037177, 0.019732038780194253, 0.019704719923844833, 0.02051428614670022, 0.019759792477538143, 0.020527016119665245, 0.01970622840516059, 0.020753124045014466, 0.0207431599840451, 0.02076194896156178, 0.020754921179281776, 0.019699286130466877, 0.020507644592243805, 0.019701825053558403, 0.020524294670149767, 0.01973451545424763, 0.01970146977305034, 0.020516754163165226, 0.019727051223866025, 0.019734143049138803], [0.013181107669087274, 0.035318809195554045, 0.011859870296298602, 0.014903222681252081, 0.020762241344876822, 0.010991513743044412, 0.011513039841613747, 0.023335566380610708, 0.03571462109996784, 0.08750558718819787, 0.01731813899065305, 0.022307708945499, 0.013657322548397547, 0.016673068329632605, 0.012766284178550259, 0.01054137457972985, 0.0, 0.012609195097207544, 0.013182432973926173, 0.1305300027451013, 0.019713681137720488, 0.019721978466217035, 0.01953255413875415, 0.020024868754033483, 0.019743806224005473, 0.02003150327363787, 0.019529405470101156, 0.020661228209393336, 0.020662160912117596, 0.020672728373924792, 0.020665331097824938, 0.019523573717888182, 0.020019209136557532, 0.01952584545813708, 0.020028210742532474, 0.019729780179861166, 0.019529842104212713, 0.020024615448701367, 0.019719680519880857, 0.019725084860497587], [0.008815724241850155, 0.03241718769870618, 0.011565082456044772, 0.011471870372021367, 0.02045714664837725, 0.01292319311912517, 0.009005905418827639, 0.020121941349808336, 0.0347298989804467, 0.08563459200837249, 0.010948811663664267, 0.019364606958628395, 0.011573684398323271, 0.010179499289302138, 0.01069082485783025, 0.012687498229039328, 0.012609195097207544, 0.0, 0.013416928974369902, 0.1279328967260048, 0.01750935844786623, 0.017520505411124473, 0.016622886833802527, 0.018039195227276882, 0.017624217032067013, 0.0180504681465834, 0.016618380461998074, 0.017625521985143472, 0.017619137593781833, 0.017634171977248665, 0.017628491398428803, 0.016616799380333457, 0.017956005409412022, 0.016614696334629114, 0.018054585473785356, 0.0176024348637291, 0.016618526554457204, 0.01805330524754655, 0.01751965958015766, 0.017526950601750624], [0.013013371238639564, 0.035328849314967894, 0.01255564341079224, 0.014690411011888031, 0.015922865430118064, 0.012233103114082931, 0.013295326527126011, 0.022625204101690118, 0.03501911495047862, 0.09302037110134577, 0.013205873578218084, 0.0210717355628746, 0.013793154902378708, 0.012606713200411535, 0.012914078183359236, 0.012914439300814458, 0.013182432973926173, 0.013416928974369902, 0.0, 0.13216725389081918, 0.021627367107290386, 0.021628658022044764, 0.021933109940443066, 0.02257202609282669, 0.021665142001456847, 0.022581536209639267, 0.021925231405163694, 0.02303373041444765, 0.02303249990274347, 0.023039008343921336, 0.023030009260023604, 0.021932367550968973, 0.022552906193977797, 0.021924985916625103, 0.022586810039909835, 0.021650959749265005, 0.021934081162767145, 0.02258874097200908, 0.021628942331441105, 0.021638515898301108], [0.12846358577680633, 0.11203979397752697, 0.1287961086187939, 0.12517150634512925, 0.12767428650175688, 0.12905030250446592, 0.12920205155488396, 0.12529669665944526, 0.11056811297125471, 0.14886018272266166, 0.12945143155635536, 0.12583226819401172, 0.1291930934545886, 0.13095775013951752, 0.12895632210189192, 0.130545302844916, 0.1305300027451013, 0.1279328967260048, 0.13216725389081918, 0.0, 0.12550501392798502, 0.12548950566283337, 0.12386450649084955, 0.12600278079610844, 0.1259814153627636, 0.1259860092745563, 0.12386336595597165, 0.12444730719539877, 0.12449664885880153, 0.12444127732122517, 0.12446486125829861, 0.12384651334525093, 0.1255087461512685, 0.1238617267442833, 0.12598519224099597, 0.12600145051481015, 0.12386225210044846, 0.1259963713747487, 0.1255045440877036, 0.12548164949161214], [0.022102270845277803, 0.03292686307326897, 0.01691560965450098, 0.015417631004488796, 0.02261042578929303, 0.017967883108291553, 0.02043277663376294, 0.021921162470801243, 0.03406087238286275, 0.08672371371647902, 0.02116049816454492, 0.01987356551093577, 0.019053499897661804, 0.019065271999238857, 0.02133749433284764, 0.019723478080037177, 0.019713681137720488, 0.01750935844786623, 0.021627367107290386, 0.12550501392798502, 0.0, 4.714498412061531e-05, 0.006870111071127617, 0.002676313641317056, 0.0006841272870472389, 0.0026762156306811336, 0.006844391868513544, 0.006618801711271299, 0.006641479720192065, 0.0066306077939128, 0.00662531801647301, 0.006835859308246662, 0.0025876573420807575, 0.006844402549443293, 0.0026764001917668496, 0.0006841535087880646, 0.0068702586822046675, 0.0026768221385654227, 3.700975798159285e-05, 6.12054388187103e-05], [0.022111556815904203, 0.03292048031643419, 0.016916011343190065, 0.01542223715445965, 0.02260231423594937, 0.01796502146609453, 0.020443044342412266, 0.021925117140056505, 0.034048780913534804, 0.0867375800469772, 0.02116777286588437, 0.019868037734297142, 0.019064896881005645, 0.019075344873657623, 0.021342642866008805, 0.019732038780194253, 0.019721978466217035, 0.017520505411124473, 0.021628658022044764, 0.12548950566283337, 4.714498412061531e-05, 0.0, 0.006875269775866999, 0.0026849213176925717, 0.0006953039815344902, 0.0026844039872247704, 0.006849601610741032, 0.006625561401016494, 0.006648387980875531, 0.006637452330952075, 0.0066321937612144, 0.0068408994461916645, 0.002593105162877887, 0.006849664066277311, 0.0026845772423000442, 0.0006974956212854318, 0.006875393483902711, 0.002685136745515735, 4.425610021527799e-05, 5.5793795140933564e-05], [0.020506730122484614, 0.032801703206282236, 0.01587113307003787, 0.015500402591539378, 0.02289809025601876, 0.018128182973278575, 0.01911457230033073, 0.0201107700730111, 0.03413412230923432, 0.08544148710551437, 0.020210585510357922, 0.019868723581171793, 0.017425213029375008, 0.01910548768094686, 0.020427520229037613, 0.019704719923844833, 0.01953255413875415, 0.016622886833802527, 0.021933109940443066, 0.12386450649084955, 0.006870111071127617, 0.006875269775866999, 0.0, 0.0071083564072547895, 0.006907748961683124, 0.007106952326594467, 5.946768294343496e-05, 0.0035393470157575593, 0.0035392118350311974, 0.003539600749912618, 0.0035391260715231833, 6.940420079337356e-05, 0.007067643152420965, 5.6524392467249166e-05, 0.007103407740026839, 0.006910663418154833, 2.698245564520359e-05, 0.007106219571885314, 0.006878079093900776, 0.00688061973462994], [0.022756937196687296, 0.03397031957847707, 0.017251924227200895, 0.01552821899956983, 0.023592062303623415, 0.018379506174207978, 0.020683016421401062, 0.022481239366811307, 0.034997715701691814, 0.08669453908975815, 0.021383915704425074, 0.0201875359698697, 0.01944595050308441, 0.019846641033139736, 0.021666958268641682, 0.02051428614670022, 0.020024868754033483, 0.018039195227276882, 0.02257202609282669, 0.12600278079610844, 0.002676313641317056, 0.0026849213176925717, 0.0071083564072547895, 0.0, 0.00259361109215518, 5.158129221308167e-05, 0.00708063230924356, 0.006139452356603363, 0.006158761835072555, 0.006153234661334417, 0.006144871098239589, 0.007072485933591419, 0.0006825723061432798, 0.007080679727685616, 6.79161866809006e-05, 0.002596219749297444, 0.0071085268626957755, 8.1358554563592e-05, 0.002684237608786406, 0.0026930247541187306], [0.022211900421221915, 0.03336805043686591, 0.01695162109795003, 0.015453826008185439, 0.02270548794604375, 0.01800796842700764, 0.02047408480652899, 0.02194218073856575, 0.034466470960329926, 0.08658158861682487, 0.021191140394239943, 0.019901785505078786, 0.0190888561511724, 0.01909710067194452, 0.02137595788058757, 0.019759792477538143, 0.019743806224005473, 0.017624217032067013, 0.021665142001456847, 0.1259814153627636, 0.0006841272870472389, 0.0006953039815344902, 0.006907748961683124, 0.00259361109215518, 0.0, 0.002593047279220826, 0.006883332228946048, 0.006661952941781364, 0.00668001735544389, 0.006674540517491487, 0.00666702984450762, 0.006876146440844917, 0.0026809389605516264, 0.00688339189031357, 0.002593168005053888, 6.473191827911968e-05, 0.006907872499524807, 0.002593692439876343, 0.0006820369695483126, 0.0007048575077535775], [0.022767209897860605, 0.03395564994303807, 0.017258184076922263, 0.01552967803500451, 0.02360604123286483, 0.018384227062142378, 0.020689037944723064, 0.022477138422908702, 0.03498442721430435, 0.08668188824432396, 0.02139265947301912, 0.02018435915438862, 0.019455357643802924, 0.019857840322590206, 0.021675964909172812, 0.020527016119665245, 0.02003150327363787, 0.0180504681465834, 0.022581536209639267, 0.1259860092745563, 0.0026762156306811336, 0.0026844039872247704, 0.007106952326594467, 5.158129221308167e-05, 0.002593047279220826, 0.0, 0.007079203440079748, 0.006137638369972322, 0.006157256837391281, 0.006151401934112435, 0.006143240337840654, 0.007070860807548488, 0.0006817092624460174, 0.007079257494629362, 4.268314825373363e-05, 0.002596692256544743, 0.00710707120596643, 7.106814501087717e-05, 0.002684144986181331, 0.0026923507639949945], [0.02050804854826638, 0.03279559659227736, 0.015865072569370767, 0.015488946380562696, 0.022904214355999604, 0.01812258945109207, 0.01911101560333511, 0.020127459237783276, 0.03412288667456173, 0.08545601552099641, 0.020210806044388758, 0.01986877825779678, 0.017431510945367906, 0.019098604711777333, 0.020422983327372014, 0.01970622840516059, 0.019529405470101156, 0.016618380461998074, 0.021925231405163694, 0.12386336595597165, 0.006844391868513544, 0.006849601610741032, 5.946768294343496e-05, 0.00708063230924356, 0.006883332228946048, 0.007079203440079748, 0.0, 0.0035184638697844275, 0.0035191016919080905, 0.0035186026939496096, 0.003518125748864128, 7.421313229013681e-05, 0.007038711855629991, 1.4892052602338007e-05, 0.007075841587315718, 0.00688637861368611, 7.819913027965638e-05, 0.007078875816728765, 0.006852501360137961, 0.0068550389800068985], [0.021845028302634333, 0.0333511720819869, 0.017176511092208985, 0.016258672138445108, 0.02401215074941182, 0.018746566956374385, 0.020105632938858812, 0.02126962551798428, 0.03482844888203546, 0.08641509705461531, 0.020680258204316942, 0.020623089769990558, 0.01873653708520466, 0.01963846517671467, 0.021229569588335963, 0.020753124045014466, 0.020661228209393336, 0.017625521985143472, 0.02303373041444765, 0.12444730719539877, 0.006618801711271299, 0.006625561401016494, 0.0035393470157575593, 0.006139452356603363, 0.006661952941781364, 0.006137638369972322, 0.0035184638697844275, 0.0, 7.793249133430926e-05, 6.074760491019178e-05, 4.413712409617713e-05, 0.0035109042450763464, 0.006089385726126243, 0.003518430018247974, 0.006133509147790304, 0.006665938418217842, 0.003539382408266355, 0.006136873547982514, 0.00662950095752686, 0.006632669594016727], [0.021839533587727306, 0.033385532506601194, 0.017171494075743508, 0.01627143198604389, 0.024008704012502994, 0.01874915984673981, 0.02010048602513359, 0.021261814440154642, 0.03486906600456564, 0.08640558199832318, 0.02067093658021296, 0.020626542630407044, 0.01872796633267227, 0.01963328058703505, 0.021224068833433148, 0.0207431599840451, 0.020662160912117596, 0.017619137593781833, 0.02303249990274347, 0.12449664885880153, 0.006641479720192065, 0.006648387980875531, 0.0035392118350311974, 0.006158761835072555, 0.00668001735544389, 0.006157256837391281, 0.0035191016919080905, 7.793249133430926e-05, 0.0, 0.00010487223033891207, 7.557544176532179e-05, 0.00351163201830067, 0.006113987792418221, 0.0035190361582279894, 0.006153096464734176, 0.006683620222581283, 0.0035390896416178444, 0.006156159206887207, 0.00665211678715301, 0.006655542526235716], [0.021850332183079142, 0.03334100892540714, 0.01717436255678443, 0.01627027091640476, 0.024008207401022708, 0.018763943027236687, 0.02010754678497743, 0.02127718915264112, 0.034826806599918235, 0.08642064049220581, 0.020687546492522173, 0.02061978342520353, 0.018731153116935295, 0.019636614561895693, 0.02123001852974799, 0.02076194896156178, 0.020672728373924792, 0.017634171977248665, 0.023039008343921336, 0.12444127732122517, 0.0066306077939128, 0.006637452330952075, 0.003539600749912618, 0.006153234661334417, 0.006674540517491487, 0.006151401934112435, 0.0035186026939496096, 6.074760491019178e-05, 0.00010487223033891207, 0.0, 5.575187040565958e-05, 0.0035116175254899973, 0.006102332392340191, 0.0035186057097704045, 0.006147368121775307, 0.006678596682157231, 0.0035398491570710466, 0.006150753426442968, 0.006641333190813545, 0.006644218595250753], [0.021846558629473455, 0.033366268129062675, 0.01717052708330469, 0.01626183929987513, 0.024002512008621503, 0.01875234860114642, 0.020104528888618897, 0.02127287109410134, 0.03483665062855871, 0.08641988751684326, 0.020680276827982996, 0.020623050783302576, 0.018731849646211343, 0.019632771155414806, 0.021227503877864134, 0.020754921179281776, 0.020665331097824938, 0.017628491398428803, 0.023030009260023604, 0.12446486125829861, 0.00662531801647301, 0.0066321937612144, 0.0035391260715231833, 0.006144871098239589, 0.00666702984450762, 0.006143240337840654, 0.003518125748864128, 4.413712409617713e-05, 7.557544176532179e-05, 5.575187040565958e-05, 0.0, 0.0035113330601551614, 0.006096476301211721, 0.003518127881503335, 0.006139186277981632, 0.00667093978752635, 0.003539373488713851, 0.006142607449872746, 0.006635964465828758, 0.006639312527244703], [0.020503730975771406, 0.03278125802300811, 0.015878148733123695, 0.015484884751644432, 0.022909200917155384, 0.018109049549278177, 0.01911062759428225, 0.020113438141692978, 0.03411603475391957, 0.08544744705776335, 0.020202285627450692, 0.019866657712165902, 0.017430611706616802, 0.01910262528264931, 0.02042732495033389, 0.019699286130466877, 0.019523573717888182, 0.016616799380333457, 0.021932367550968973, 0.12384651334525093, 0.006835859308246662, 0.0068408994461916645, 6.940420079337356e-05, 0.007072485933591419, 0.006876146440844917, 0.007070860807548488, 7.421313229013681e-05, 0.0035109042450763464, 0.00351163201830067, 0.0035116175254899973, 0.0035113330601551614, 0.0, 0.007029025919768837, 6.910336401068664e-05, 0.007067205721714456, 0.0068792100522778905, 6.396490745248247e-05, 0.0070700347900579654, 0.0068439063869086, 0.006846286871900794], [0.02267259360809907, 0.03352748327100751, 0.017230045291511415, 0.015504709107382109, 0.02350027998241717, 0.018347340931843144, 0.020662013204360966, 0.022449520011955132, 0.03457753744702541, 0.08683195355718132, 0.021370530555895214, 0.020145364418873223, 0.019422248794221685, 0.01983356422283826, 0.021652539634635364, 0.020507644592243805, 0.020019209136557532, 0.017956005409412022, 0.022552906193977797, 0.1255087461512685, 0.0025876573420807575, 0.002593105162877887, 0.007067643152420965, 0.0006825723061432798, 0.0026809389605516264, 0.0006817092624460174, 0.007038711855629991, 0.006089385726126243, 0.006113987792418221, 0.006102332392340191, 0.006096476301211721, 0.007029025919768837, 0.0, 0.0070387598866843756, 0.000682258034309304, 0.0026842949774184156, 0.007067755029177662, 0.0006839984363785928, 0.0025961374386746804, 0.0025991093079514153], [0.020503986102756236, 0.03279368121989382, 0.015866119242231736, 0.015485501001685288, 0.022905067153409925, 0.018120264056715133, 0.019106995876510352, 0.020123309688639464, 0.034122159700799445, 0.0854479558631334, 0.020206179094056264, 0.019870162350861927, 0.01742787602310335, 0.019095592904768022, 0.02042114522904918, 0.019701825053558403, 0.01952584545813708, 0.016614696334629114, 0.021924985916625103, 0.1238617267442833, 0.006844402549443293, 0.006849664066277311, 5.6524392467249166e-05, 0.007080679727685616, 0.00688339189031357, 0.007079257494629362, 1.4892052602338007e-05, 0.003518430018247974, 0.0035190361582279894, 0.0035186057097704045, 0.003518127881503335, 6.910336401068664e-05, 0.0070387598866843756, 0.0, 0.007075850112033149, 0.006886383086643806, 7.330783356062682e-05, 0.0070788608033537604, 0.006852508504855402, 0.006855068661071085], [0.02276621714249592, 0.03396146810460789, 0.01726672618617852, 0.01553093530484285, 0.02360233878484206, 0.018378904524288635, 0.02068866051344226, 0.02247368689226508, 0.03498698887650496, 0.08668016524158033, 0.02139014523430346, 0.020190696482490153, 0.019449876335987906, 0.019857175107772528, 0.02168127892568729, 0.020524294670149767, 0.020028210742532474, 0.018054585473785356, 0.022586810039909835, 0.12598519224099597, 0.0026764001917668496, 0.0026845772423000442, 0.007103407740026839, 6.79161866809006e-05, 0.002593168005053888, 4.268314825373363e-05, 0.007075841587315718, 0.006133509147790304, 0.006153096464734176, 0.006147368121775307, 0.006139186277981632, 0.007067205721714456, 0.000682258034309304, 0.007075850112033149, 0.0, 0.002596711555178004, 0.007103446936564456, 4.240230604504828e-05, 0.0026840496901767755, 0.002692379334569126], [0.0221939407403692, 0.03337661703793855, 0.01694634224271793, 0.015448736620663607, 0.022696679746031262, 0.017999375530587825, 0.020461345986459614, 0.021938761757714077, 0.03448387595894814, 0.08658403993060942, 0.02117256647847511, 0.019906982522342055, 0.0190757599354641, 0.019079192068233927, 0.021361171623105406, 0.01973451545424763, 0.019729780179861166, 0.0176024348637291, 0.021650959749265005, 0.12600145051481015, 0.0006841535087880646, 0.0006974956212854318, 0.006910663418154833, 0.002596219749297444, 6.473191827911968e-05, 0.002596692256544743, 0.00688637861368611, 0.006665938418217842, 0.006683620222581283, 0.006678596682157231, 0.00667093978752635, 0.0068792100522778905, 0.0026842949774184156, 0.006886383086643806, 0.002596711555178004, 0.0, 0.006910789621918169, 0.002596793478358141, 0.0006822922832762981, 0.0007073085371155237], [0.020502595298992204, 0.032798973212518755, 0.015873329244040345, 0.015497554501196163, 0.02289826133462013, 0.018122953683002995, 0.019111045823813875, 0.020103419389415896, 0.034133619044109366, 0.08543574618171795, 0.020204419910558317, 0.0198673589564237, 0.017421080821541892, 0.01910415775119003, 0.020427086421850982, 0.01970146977305034, 0.019529842104212713, 0.016618526554457204, 0.021934081162767145, 0.12386225210044846, 0.0068702586822046675, 0.006875393483902711, 2.698245564520359e-05, 0.0071085268626957755, 0.006907872499524807, 0.00710707120596643, 7.819913027965638e-05, 0.003539382408266355, 0.0035390896416178444, 0.0035398491570710466, 0.003539373488713851, 6.396490745248247e-05, 0.007067755029177662, 7.330783356062682e-05, 0.007103446936564456, 0.006910789621918169, 0.0, 0.007106165551936982, 0.006878205437127854, 0.006880707639153233], [0.022764281480261397, 0.03396191351201651, 0.01726878317553232, 0.015539259546949662, 0.023597871587883724, 0.01837905701240181, 0.02068889184764568, 0.022467202977467668, 0.03499483633527417, 0.08667722925689056, 0.021391025990525187, 0.02018635866917491, 0.019444515395566807, 0.019859046580873674, 0.021681757154299104, 0.020516754163165226, 0.020024615448701367, 0.01805330524754655, 0.02258874097200908, 0.1259963713747487, 0.0026768221385654227, 0.002685136745515735, 0.007106219571885314, 8.1358554563592e-05, 0.002593692439876343, 7.106814501087717e-05, 0.007078875816728765, 0.006136873547982514, 0.006156159206887207, 0.006150753426442968, 0.006142607449872746, 0.0070700347900579654, 0.0006839984363785928, 0.0070788608033537604, 4.240230604504828e-05, 0.002596793478358141, 0.007106165551936982, 0.0, 0.0026844520960124622, 0.0026925782627197133], [0.022110102885592522, 0.03293329653310613, 0.0169198984600516, 0.015421518790852488, 0.022595918533983215, 0.017966380369435268, 0.020440087843874848, 0.0219222297884032, 0.03405823338420978, 0.08673112429441053, 0.021163201222421005, 0.019873692617813625, 0.01905592942072401, 0.01906645076386928, 0.021344208631927344, 0.019727051223866025, 0.019719680519880857, 0.01751965958015766, 0.021628942331441105, 0.1255045440877036, 3.700975798159285e-05, 4.425610021527799e-05, 0.006878079093900776, 0.002684237608786406, 0.0006820369695483126, 0.002684144986181331, 0.006852501360137961, 0.00662950095752686, 0.00665211678715301, 0.006641333190813545, 0.006635964465828758, 0.0068439063869086, 0.0025961374386746804, 0.006852508504855402, 0.0026840496901767755, 0.0006822922832762981, 0.006878205437127854, 0.0026844520960124622, 0.0, 6.127547124198444e-05], [0.022117464438224804, 0.03290818905809514, 0.016923743538972216, 0.015432651986422768, 0.022600664439808345, 0.0179755544209504, 0.020445596102388497, 0.021929631606785224, 0.03404816897252003, 0.08673017191468575, 0.02117638287437687, 0.019867528089261753, 0.019059360753882416, 0.019076603876870747, 0.021346700337100403, 0.019734143049138803, 0.019725084860497587, 0.017526950601750624, 0.021638515898301108, 0.12548164949161214, 6.12054388187103e-05, 5.5793795140933564e-05, 0.00688061973462994, 0.0026930247541187306, 0.0007048575077535775, 0.0026923507639949945, 0.0068550389800068985, 0.006632669594016727, 0.006655542526235716, 0.006644218595250753, 0.006639312527244703, 0.006846286871900794, 0.0025991093079514153, 0.006855068661071085, 0.002692379334569126, 0.0007073085371155237, 0.006880707639153233, 0.0026925782627197133, 6.127547124198444e-05, 0.0]], "Angle": [[0.0, 0.054115227532305375, 0.03355512637073794, 0.03701830671492206, 0.04922210269066807, 0.057652904940635984, 0.028833939503165484, 0.059315206114219685, 0.0751396634081683, 0.14173450390970782, 0.04472450617948421, 0.07178614774741941, 0.03836031130555484, 0.04780031325156287, 0.04253943784871255, 0.04210694787277656, 0.04530590716866229, 0.028215361040727537, 0.0479742174510447, 0.14841023609696613, 0.057843039521990956, 0.05833895638199863, 0.05738060368623603, 0.05853233104914925, 0.05782495234519793, 0.05955082286124642, 0.057371656264508145, 0.0595599248205344, 0.05954411726547513, 0.05947495957786962, 0.05864675854984657, 0.05741648336389926, 0.0595641448888175, 0.05739467638638967, 0.05955887514343572, 0.05782553224383286, 0.05743521682601932, 0.05950793468350326, 0.057843566660393544, 0.0578352099179535], [0.054115227532305375, 0.0, 0.05929679597911336, 0.052418162117875186, 0.055683549300018155, 0.06902407035638326, 0.056333068674779614, 0.03490129786933996, 0.05415697130960432, 0.14121887302494773, 0.06290306619187404, 0.06488596102903274, 0.05893952946662395, 0.06537588764904258, 0.05840710622466102, 0.060944863585246555, 0.06311146424555153, 0.0521328409876329, 0.06685396331268639, 0.14806540566165913, 0.0631446541516188, 0.063404027912381, 0.06229382786551414, 0.06323249720219662, 0.06314985818211459, 0.0638408892507316, 0.06231661988689527, 0.06382874971607594, 0.06383120109705936, 0.06377597107191957, 0.06328548463747537, 0.06228740604123523, 0.06383276489756261, 0.06229996074283431, 0.06383462478602062, 0.06314946780490438, 0.06228299255028501, 0.06379638023869363, 0.06313574972592789, 0.06314725135875605], [0.03355512637073794, 0.05929679597911336, 0.0, 0.045950337547838505, 0.04867555749382501, 0.05504380144225568, 0.03651964130865626, 0.0625509888360973, 0.07427826253200666, 0.14086945202958207, 0.044465145902943294, 0.06289444905967667, 0.031785616583923114, 0.04767852763555912, 0.037694254234406734, 0.03635752623254649, 0.03962752514017978, 0.03814388676835436, 0.03773832522970317, 0.1488398722801757, 0.056220513889264905, 0.05731578110393755, 0.05551682972320934, 0.05716314561466716, 0.056234377521825536, 0.058847480780085636, 0.05551824158217383, 0.058851187947004995, 0.058875834199202975, 0.058852511312862746, 0.05733947230342245, 0.055570415719368174, 0.058878140899236056, 0.05555126899847203, 0.05886234266284905, 0.05625923820968311, 0.0556941214237214, 0.058851519468284694, 0.05626863074296123, 0.05620203860985834], [0.03701830671492206, 0.052418162117875186, 0.045950337547838505, 0.0, 0.044683600219446326, 0.04115904176524182, 0.039343731020635396, 0.05325036783460648, 0.06226497916044721, 0.13641756007242395, 0.0405103466188717, 0.06531245391690997, 0.03461899417803782, 0.03991594064253546, 0.04348471142200555, 0.048855692293764234, 0.03934585694999636, 0.03265335610614674, 0.04382445638795333, 0.13954687598591164, 0.05216991710079497, 0.05207736557891099, 0.051213525904519004, 0.052428571252610766, 0.05214826588774678, 0.052646154414874385, 0.051204750453746846, 0.05264021757295017, 0.052621093815256544, 0.05261127229471627, 0.05244236309196491, 0.051224933943585356, 0.052651204095601686, 0.05121449108118846, 0.052649755021924295, 0.052127070131826235, 0.051145989235691476, 0.05262950746877751, 0.052147452007957555, 0.05217103269665161], [0.04922210269066807, 0.055683549300018155, 0.04867555749382501, 0.044683600219446326, 0.0, 0.04721409390151394, 0.05467050515474718, 0.06443586315936341, 0.07839978483600382, 0.1488211780060699, 0.04713349300034303, 0.0691918506859216, 0.03903460048743625, 0.06157014806411967, 0.04905006731161833, 0.03860212892994572, 0.058956295104976415, 0.03900129563680568, 0.04975349021486034, 0.15124376129875663, 0.06300106393199, 0.06393966458578218, 0.06214909058803397, 0.0638450102517033, 0.06305194326751255, 0.06514202581594733, 0.06224844467420067, 0.06511449248975965, 0.06507186217405186, 0.06510070503871578, 0.0638099911803271, 0.062131297004729524, 0.06510498724981043, 0.062180001419266585, 0.06511216652911135, 0.06298054432399076, 0.062237209733558556, 0.06507351200979293, 0.06298695490707758, 0.06305217132661718], [0.057652904940635984, 0.06902407035638326, 0.05504380144225568, 0.04115904176524182, 0.04721409390151394, 0.0, 0.0522167498118149, 0.060912245486367304, 0.07088634334526714, 0.14068821138508386, 0.04386559916689082, 0.056488071342432083, 0.04365919337230977, 0.05512558460154969, 0.044482880568260844, 0.04181903818556634, 0.03882370653012628, 0.049877654287036645, 0.04459850628219908, 0.14039722089997483, 0.04493997692895291, 0.04467928804659424, 0.04405415022826894, 0.045716798490173606, 0.0449552287633291, 0.04561087516518575, 0.04410105744652222, 0.04561722493320068, 0.04559890340169559, 0.04562584524965844, 0.04563521112115751, 0.04404576987580597, 0.04558274264553888, 0.04406406821832308, 0.045584266837041726, 0.04494505690126976, 0.043941434210539754, 0.04558694763293549, 0.04492982274377279, 0.04498761062156367], [0.028833939503165484, 0.056333068674779614, 0.03651964130865626, 0.039343731020635396, 0.05467050515474718, 0.0522167498118149, 0.0, 0.06023057067678004, 0.0706330865660221, 0.13894180654601213, 0.04915377774276282, 0.0693701577289374, 0.04303647478962148, 0.05432826268592123, 0.04077223355874779, 0.04455293461913656, 0.0358622132290787, 0.031438064486893354, 0.0467068845936366, 0.15206536768353676, 0.0576818212196697, 0.058464399119481696, 0.05702146902556211, 0.05845152578097374, 0.05766362510115082, 0.0598034977412419, 0.057004282156202894, 0.059837991469089594, 0.059827332161270216, 0.059757727573433665, 0.05857535245468529, 0.05706514135870704, 0.05981171283392875, 0.05703223746110404, 0.05980091157603809, 0.05770164848682601, 0.05714723309236626, 0.059768499894763516, 0.05770440180049081, 0.05768517438368853], [0.059315206114219685, 0.03490129786933