{"Bond": [[0.0, 0.010861216856311503, 0.01780942739065468, 0.015282123310471006, 0.010799625473225646, 0.011534467252067535, 0.015858367601937224, 0.013963353946445151, 0.014967901433025751, 0.008247344171571268, 0.014175293364908468, 0.014516478306184041, 0.014599737750033115, 0.012357855696164762, 0.01353917934594711, 0.014888372325927659, 0.014569018469483372, 0.013387268724504995, 0.017054246717159986, 0.01217766410086864, 0.033368096015329446, 0.03336808784014222, 0.035121120121732685, 0.03404150939983665, 0.0333680792820337, 0.034167975859892986, 0.03512117856424735, 0.034168009322336435, 0.0340415040884092, 0.03336809464353833, 0.03336810457343367, 0.0333680792820337, 0.034168024324202795, 0.0333681100592092, 0.03404153412673361, 0.03404151074449077, 0.034167968670404544, 0.0333681032016429, 0.03416796181297792, 0.035121075324161095], [0.010861216856311503, 0.0, 0.014246327111899207, 0.016878953232669875, 0.012034279955866402, 0.010806898591660638, 0.015513780597932004, 0.008393405415871137, 0.016905244575428687, 0.015291795325283328, 0.014915922118257052, 0.016091846409487787, 0.009641457175295905, 0.010679223257857811, 0.01480925777277221, 0.01587370447777089, 0.013501522619714157, 0.01330501442452581, 0.014937730390440154, 0.011088982653198085, 0.03302790462648868, 0.033027911207394525, 0.03496374478390042, 0.0339035926478294, 0.033027895291059234, 0.03371626877537714, 0.034963814130849605, 0.03371632928529692, 0.03390358903375487, 0.033027903861171624, 0.033027920542819465, 0.033027895291059234, 0.033716337680421246, 0.03302791246152643, 0.0339036234276481, 0.033903593393379235, 0.03371626475209214, 0.03302791977750279, 0.03371626091463597, 0.034963687216957105], [0.01780942739065468, 0.014246327111899207, 0.0, 0.014051048378540567, 0.012404599269363202, 0.01000266847739752, 0.023251790743929662, 0.011166831005155756, 0.016185854407068826, 0.018737201737658145, 0.02234162443116897, 0.01928758276247182, 0.008549783020127261, 0.014126477191887091, 0.01692882755959159, 0.02153765913878202, 0.02082635482061321, 0.01396829454975828, 0.01995152410880223, 0.00983600727647393, 0.03320155821699153, 0.03320156804474908, 0.036056590105271305, 0.03411215326588175, 0.033201545856647, 0.03479099569192855, 0.03605665991420551, 0.03479105408505303, 0.0341121551438792, 0.03320155720369316, 0.03320158040508535, 0.033201545856647, 0.034791064913683806, 0.03320156859076422, 0.03411218542641595, 0.03411215425213095, 0.03479099050241314, 0.03320157939178765, 0.034790985552589415, 0.03605653180784725], [0.015282123310471006, 0.016878953232669875, 0.014051048378540567, 0.0, 0.016812388492721066, 0.011605914760367824, 0.024013983892204552, 0.012097078723331703, 0.013289899945913253, 0.01575483078404899, 0.017417400097381484, 0.01665549974726556, 0.017311267200693557, 0.016565029332055545, 0.01917110267228253, 0.01937050506896834, 0.021669667444880185, 0.017936611554454182, 0.020418559467423037, 0.011899962542869152, 0.03394862556711315, 0.033948607446881135, 0.03227891269174535, 0.03460197678458775, 0.033948610606323336, 0.03125359033722637, 0.03227897096078759, 0.03125362807610983, 0.03460196030104201, 0.03394862434063137, 0.033948622407672345, 0.033948610606323336, 0.031253642994718875, 0.033948638123372996, 0.034602000696395324, 0.03460197798791117, 0.03125358318763494, 0.03394862118119045, 0.03125357636826346, 0.032278864574802], [0.010799625473225646, 0.012034279955866402, 0.012404599269363202, 0.016812388492721066, 0.0, 0.00855968662848273, 0.021193908160050606, 0.014266781465674463, 0.01817248421173257, 0.013899181479314446, 0.020376753952575318, 0.019568244756529206, 0.010291161588328896, 0.009707585141653735, 0.010533266375188508, 0.020608802869333923, 0.018985513238097107, 0.013573235217686603, 0.017002129309774273, 0.009786265471785653, 0.03300690555995216, 0.03300690421981385, 0.03666354086639857, 0.03384854948555089, 0.03300689007046071, 0.035524898930074274, 0.0366635986303952, 0.035524946311745235, 0.0338485454690125, 0.03300690429012758, 0.03300691970929865, 0.03300689007046071, 0.03552495952350328, 0.03300691855993894, 0.033848579642829106, 0.03384855072380124, 0.035524892598473586, 0.03300691843947462, 0.03552488655931234, 0.03666348809269467], [0.011534467252067535, 0.010806898591660638, 0.01000266847739752, 0.011605914760367824, 0.00855968662848273, 0.0, 0.022159989002988087, 0.010892064380643315, 0.01564958849800967, 0.01596428585086402, 0.018560699967158444, 0.019039721733713506, 0.009209904634128407, 0.00855851612079717, 0.013849307054562368, 0.020109664539227145, 0.020528427599110718, 0.014202168825480407, 0.017594630032252687, 0.004949915920249626, 0.030296451780738726, 0.030296442618457778, 0.03122854023490317, 0.031101290782211962, 0.030296437567534446, 0.0300533705351114, 0.031228594700268297, 0.03005341980376127, 0.03110127879212046, 0.03029645061554348, 0.03029645683165969, 0.030296437567534446, 0.030053432957278983, 0.030296463709573545, 0.03110131968445911, 0.03110129191725425, 0.03005336423141709, 0.030296455666464637, 0.0300533582188749, 0.031228485572713665], [0.015858367601937224, 0.015513780597932004, 0.023251790743929662, 0.024013983892204552, 0.021193908160050606, 0.022159989002988087, 0.0, 0.016906720071439334, 0.019286280202480733, 0.015231175040691214, 0.017796745130044016, 0.01206776689378902, 0.019334100622659937, 0.023011344515006936, 0.02265454471366245, 0.01343051105501376, 0.008198290631988283, 0.013326838693081341, 0.02404349754559478, 0.021323814550988918, 0.04250969150133954, 0.04250969930192764, 0.04565213656098153, 0.04321295365726773, 0.04250967777030697, 0.04467611119363809, 0.045652201302434095, 0.0446761508240688, 0.04321295988743018, 0.042509690375673134, 0.042509713032953256, 0.04250967777030697, 0.044676162818165235, 0.0425097030254875, 0.04321297898035645, 0.04321295476461463, 0.04467610544559384, 0.042509711907287424, 0.044676099963035336, 0.04565209125257688], [0.013963353946445151, 0.008393405415871137, 0.011166831005155756, 0.012097078723331703, 0.014266781465674463, 0.010892064380643315, 0.016906720071439334, 0.0, 0.014346142972752378, 0.015963241929592257, 0.015203349146587547, 0.01408113200617911, 0.010247135895462622, 0.013890888577108238, 0.017378690956727363, 0.015376310716744898, 0.01440770202701902, 0.012844292608929058, 0.017648942009368992, 0.010824578409332524, 0.03580278982873619, 0.035802787792680375, 0.03582046463557648, 0.03662450147673734, 0.03580277676255526, 0.03458449477510136, 0.03582053059793311, 0.0345845491658114, 0.03662449461638848, 0.03580278875757378, 0.03580280085885727, 0.03580277676255526, 0.03458456158334973, 0.03580280079489668, 0.03662453074166067, 0.036624502523867, 0.034584488824119866, 0.03580279978769519, 0.03458448314799891, 0.035820407607086664], [0.014967901433025751, 0.016905244575428687, 0.016185854407068826, 0.013289899945913253, 0.01817248421173257, 0.01564958849800967, 0.019286280202480733, 0.014346142972752378, 0.0, 0.015029240361144166, 0.012203736036306452, 0.016469017124634173, 0.017871738336192565, 0.015784983437048834, 0.020185589697265114, 0.011432358732173367, 0.016132062075312436, 0.01366512880621304, 0.018724821855008546, 0.015710549029442564, 0.033961583232216784, 0.033961571137338754, 0.033068537668818884, 0.03448921138224615, 0.03396156630290099, 0.03226869728337565, 0.03306859647823919, 0.03226871935282717, 0.03448920594367412, 0.03396158184435605, 0.03396158806665214, 0.03396156630290099, 0.03226873570960098, 0.03396159744061054, 0.03448923130282463, 0.03448921274887485, 0.03226868944456426, 0.03396158667879161, 0.03226868196780449, 0.03306849941876488], [0.008247344171571268, 0.015291795325283328, 0.018737201737658145, 0.01575483078404899, 0.013899181479314446, 0.01596428585086402, 0.015231175040691214, 0.015963241929592257, 0.015029240361144166, 0.0, 0.01626671350229151, 0.010616721514548505, 0.01798993085857889, 0.01776623608328269, 0.014677895856061768, 0.014036827907344505, 0.013335608160720668, 0.013334830636248294, 0.018165157265130703, 0.015690842983750702, 0.03420236377381027, 0.03420236270866199, 0.03784690079991092, 0.03490465118058918, 0.034202349583826855, 0.0369009934074215, 0.03784696181883264, 0.03690103062459753, 0.034904649410758486, 0.0342023626105189, 0.03420237689863997, 0.034202349583826855, 0.03690104269860955, 0.03420237568315153, 0.03490467663687968, 0.03490465232047489, 0.036900987621075444, 0.03420237573534904, 0.036900982101985585, 0.03784685647169245], [0.014175293364908468, 0.014915922118257052, 0.02234162443116897, 0.017417400097381484, 0.020376753952575318, 0.018560699967158444, 0.017796745130044016, 0.015203349146587547, 0.012203736036306452, 0.01626671350229151, 0.0, 0.01828648741797216, 0.020865975096629834, 0.016797090451905004, 0.019149673638017436, 0.009951826992471978, 0.013926777978755588, 0.016928969841896922, 0.016515957626842003, 0.01866316169721095, 0.03550541646982728, 0.03550539766789598, 0.033574207185436716, 0.03597430318528096, 0.03550539988042095, 0.032845566802613524, 0.03357425986732397, 0.032845584446748205, 0.0359742921381421, 0.03550541510983227, 0.035505414257303344, 0.03550539988042095, 0.032845600909427376, 0.035505430392942065, 0.03597432109959194, 0.03597430452754984, 0.03284555891304964, 0.03550541289730824, 0.03284555138788127, 0.033574172086831035], [0.014516478306184041, 0.016091846409487787, 0.01928758276247182, 0.01665549974726556, 0.019568244756529206, 0.019039721733713506, 0.01206776689378902, 0.01408113200617911, 0.016469017124634173, 0.010616721514548505, 0.01828648741797216, 0.0, 0.018650211760664604, 0.02230794639950278, 0.02162519319090299, 0.015117369304607515, 0.013279738803559472, 0.014784436397103853, 0.022281373581122716, 0.018683168175201333, 0.03901920141492502, 0.03901920855180074, 0.041136804554868026, 0.039805411925737506, 0.03901919285259533, 0.04001958052170778, 0.04113687322794435, 0.04001963441377632, 0.039805410052441016, 0.0390192007129867, 0.03901921711412698, 0.03901919285259533, 0.04001964207766762, 0.03901920860111305, 0.039805439615481004, 0.03980541261381159, 0.040019576848862176, 0.03901921641218894, 0.04001957334565857, 0.041136752909610705], [0.014599737750033115, 0.009641457175295905, 0.008549783020127261, 0.017311267200693557, 0.010291161588328896, 0.009209904634128407, 0.019334100622659937, 0.010247135895462622, 0.017871738336192565, 0.01798993085857889, 0.020865975096629834, 0.018650211760664604, 0.0, 0.012453785864170439, 0.015622259068078232, 0.02049735576191498, 0.018231657985728258, 0.012200867612395444, 0.020203793921959822, 0.009960162932637275, 0.035647264952975204, 0.03564727422579827, 0.037941662581948706, 0.03652927870111351, 0.03564724944466703, 0.036693214925852514, 0.03794172967861559, 0.03669326829807874, 0.03652928400007644, 0.03564726368160818, 0.035647289734095665, 0.03564724944466703, 0.036693282129166074, 0.03564727796875156, 0.0365293101423442, 0.03652927994178284, 0.036693208297444775, 0.03564728846272953, 0.03669320197518443, 0.03794160510838296], [0.012357855696164762, 0.010679223257857811, 0.014126477191887091, 0.016565029332055545, 0.009707585141653735, 0.00855851612079717, 0.023011344515006936, 0.013890888577108238, 0.015784983437048834, 0.01776623608328269, 0.016797090451905004, 0.02230794639950278, 0.012453785864170439, 0.0, 0.014774218277699668, 0.019089097253606864, 0.019785350096788713, 0.016616767752811047, 0.01336955347838098, 0.01066555972157398, 0.029187567550276898, 0.0291875561919983, 0.029699148041640006, 0.029965722239471155, 0.02918755417519654, 0.02854909938850862, 0.029699201923506044, 0.028549147766125275, 0.029965707921657047, 0.029187566453790628, 0.029187569567077735, 0.02918755417519654, 0.028549160319289023, 0.029187578775697196, 0.029965750226968856, 0.029965723307483653, 0.028549093372526174, 0.02918756847059154, 0.02854908763440825, 0.029699094353847703], [0.01353917934594711, 0.01480925777277221, 0.01692882755959159, 0.01917110267228253, 0.010533266375188508, 0.013849307054562368, 0.02265454471366245, 0.017378690956727363, 0.020185589697265114, 0.014677895856061768, 0.019149673638017436, 0.02162519319090299, 0.015622259068078232, 0.014774218277699668, 0.0, 0.020590743694539965, 0.019377050883705442, 0.014429251794957756, 0.01637375967271053, 0.013298030102237676, 0.0295277321870919, 0.029527734419019774, 0.035607647324646, 0.03027832372748328, 0.029527716734737343, 0.03467868716959407, 0.035607702176501846, 0.034678723169797095, 0.030278325497437274, 0.029527730920311565, 0.029527749871365073, 0.029527716734737343, 0.03467873524831691, 0.02952774515591515, 0.030278350970869148, 0.030278324962860415, 0.03467868138108663, 0.0295277486045855, 0.03467867585993573, 0.035607603610347226], [0.014888372325927659, 0.01587370447777089, 0.02153765913878202, 0.01937050506896834, 0.020608802869333923, 0.020109664539227145, 0.01343051105501376, 0.015376310716744898, 0.011432358732173367, 0.014036827907344505, 0.009951826992471978, 0.015117369304607515, 0.02049735576191498, 0.019089097253606864, 0.020590743694539965, 0.0, 0.008764114236686752, 0.013669964916708703, 0.017252046185193624, 0.019740214668123566, 0.034100629609494226, 0.034100623318661115, 0.035331632798074976, 0.03465041992062759, 0.03410061732677379, 0.03454803181779839, 0.03533169823412829, 0.03454806022499896, 0.03465041470393526, 0.034100628602559496, 0.034100635601379395, 0.03410061732677379, 0.03454807135474844, 0.03410063991811792, 0.03465044019572666, 0.03465042091158549, 0.034548026483979595, 0.034100634594444845, 0.034548021396517296, 0.035331595415211796], [0.014569018469483372, 0.013501522619714157, 0.02082635482061321, 0.021669667444880185, 0.018985513238097107, 0.020528427599110718, 0.008198290631988283, 0.01440770202701902, 0.016132062075312436, 0.013335608160720668, 0.013926777978755588, 0.013279738803559472, 0.018231657985728258, 0.019785350096788713, 0.019377050883705442, 0.008764114236686752, 0.0, 0.01257852862585494, 0.01857424963597101, 0.01968392419863742, 0.03922233676458294, 0.03922234382038243, 0.042427889287533535, 0.03991839570420654, 0.03922232318158035, 0.04146910638403521, 0.042427962278429855, 0.04146914506602091, 0.03991840128337814, 0.03922233565105185, 0.03922235740337787, 0.03922232318158035, 0.04146915685988954, 0.03922234816449563, 0.039918420822036046, 0.03991839679832091, 0.04146910073194671, 0.03922235628984736, 0.041469095340912705, 0.04242784460992888], [0.013387268724504995, 0.01330501442452581, 0.01396829454975828, 0.017936611554454182, 0.013573235217686603, 0.014202168825480407, 0.013326838693081341, 0.012844292608929058, 0.01366512880621304, 0.013334830636248294, 0.016928969841896922, 0.014784436397103853, 0.012200867612395444, 0.016616767752811047, 0.014429251794957756, 0.013669964916708703, 0.01257852862585494, 0.0, 0.020524713027500644, 0.01266148334664285, 0.0351920222123024, 0.03519202866510882, 0.03971397978754206, 0.03588279541625319, 0.03519200658455428, 0.03880281848409403, 0.03971404165954032, 0.03880285244043834, 0.03588280279591103, 0.035192020931143715, 0.03519204429284714, 0.03519200658455428, 0.0388028654519892, 0.03519203532832214, 0.03588282059049157, 0.035882796672748477, 0.038802812248444535, 0.03519204301168925, 0.038802806300802205, 0.03971393707150264], [0.017054246717159986, 0.014937730390440154, 0.01995152410880223, 0.020418559467423037, 0.017002129309774273, 0.017594630032252687, 0.02404349754559478, 0.017648942009368992, 0.018724821855008546, 0.018165157265130703, 0.016515957626842003, 0.022281373581122716, 0.020203793921959822, 0.01336955347838098, 0.01637375967271053, 0.017252046185193624, 0.01857424963597101, 0.020524713027500644, 0.0, 0.01885555140959788, 0.03274045573177972, 0.032740434200977164, 0.036037770056602185, 0.033414524811548364, 0.03274043730936559, 0.035126487157807224, 0.036037840253361986, 0.035126517105698155, 0.033414508211284076, 0.03274045422151534, 0.03274045262339304, 0.03274043730936559, 0.035126532869037164, 0.03274047119329422, 0.03341454970887572, 0.03341452629134621, 0.03512647960339291, 0.03274045111312852, 0.03512647239789449, 0.036037727137930714], [0.01217766410086864, 0.011088982653198085, 0.00983600727647393, 0.011899962542869152, 0.009786265471785653, 0.004949915920249626, 0.021323814550988918, 0.010824578409332524, 0.015710549029442564, 0.015690842983750702, 0.01866316169721095, 0.018683168175201333, 0.009960162932637275, 0.01066555972157398, 0.013298030102237676, 0.019740214668123566, 0.01968392419863742, 0.01266148334664285, 0.01885555140959788, 0.0, 0.033079370360444706, 0.033079363834004574, 0.036212047646511265, 0.03380480508449747, 0.03307935157022129, 0.03522253626548183, 0.03621211020476692, 0.03522257041210484, 0.0338048023135356, 0.03307936882002749, 0.033079382624221026, 0.03307935157022129, 0.03522258661229735, 0.033079386130651776, 0.03380483169300203, 0.033804806591858014, 0.03522252850170951, 0.03307938108380438, 0.03522252109652237, 0.036212001328826814], [0.033368096015329446, 0.03302790462648868, 0.03320155821699153, 0.03394862556711315, 0.03300690555995216, 0.030296451780738726, 0.04250969150133954, 0.03580278982873619, 0.033961583232216784, 0.03420236377381027, 0.03550541646982728, 0.03901920141492502, 0.035647264952975204, 0.029187567550276898, 0.0295277321870919, 0.034100629609494226, 0.03922233676458294, 0.0351920222123024, 0.03274045573177972, 0.033079370360444706, 0.0, 1.1209790541765237e-07, 0.02339631385481966, 0.0013884563357857403, 4.334133791090022e-08, 0.02336484279793425, 0.023396349923077625, 0.023364839253085815, 0.0013884696387621107, 3.5531066525989065e-09, 1.0338021487266362e-07, 4.334133791090022e-08, 0.023364839253045885, 3.637531688273898e-08, 0.001388503043612469, 0.001388456335781194, 0.02336484279793325, 1.0344125576385295e-07, 0.0233648427979468, 0.023396308375949942], [0.03336808784014222, 0.033027911207394525, 0.03320156804474908, 0.033948607446881135, 0.03300690421981385, 0.030296442618457778, 0.04250969930192764, 0.035802787792680375, 0.033961571137338754, 0.03420236270866199, 0.03550539766789598, 0.03901920855180074, 0.03564727422579827, 0.0291875561919983, 0.029527734419019774, 0.034100623318661115, 0.03922234382038243, 0.03519202866510882, 0.032740434200977164, 0.033079363834004574, 1.1209790541765237e-07, 0.0, 0.02339626963840751, 0.0013884091406222074, 1.0338021487266362e-07, 0.02336480268856363, 0.023396305706464633, 0.02336479914336057, 0.001388422437616499, 1.1077261472847053e-07, 4.334133791090022e-08, 1.0338021487266362e-07, 0.023364799143394448, 1.3054583056768355e-07, 0.0013884558485597264, 0.0013884091407285767, 0.02336480268852726, 3.978823125830131e-08, 0.02336480268850707, 0.02339626415971369], [0.035121120121732685, 0.03496374478390042, 0.036056590105271305, 0.03227891269174535, 0.03666354086639857, 0.03122854023490317, 0.04565213656098153, 0.03582046463557648, 0.033068537668818884, 0.03784690079991092, 0.033574207185436716, 0.041136804554868026, 0.037941662581948706, 0.029699148041640006, 0.035607647324646, 0.035331632798074976, 0.042427889287533535, 0.03971397978754206, 0.036037770056602185, 0.036212047646511265, 0.02339631385481966, 0.02339626963840751, 0.0, 0.023355078134896755, 0.02339631385485105, 0.0020626735901896373, 1.4821614631472267e-07, 0.0020625507310284698, 0.02335503664631578, 0.023396313854819214, 0.023396269638376127, 0.02339631385485105, 0.002062550730667353, 0.02339631385485529, 0.023355078134932164, 0.023355078134897202, 0.0020626735901346275, 0.023396269638375676, 0.0020626735902464057, 9.232487684302024e-08], [0.03404150939983665, 0.0339035926478294, 0.03411215326588175, 0.03460197678458775, 0.03384854948555089, 0.031101290782211962, 0.04321295365726773, 0.03662450147673734, 0.03448921138224615, 0.03490465118058918, 0.03597430318528096, 0.039805411925737506, 0.03652927870111351, 0.029965722239471155, 0.03027832372748328, 0.03465041992062759, 0.03991839570420654, 0.03588279541625319, 0.033414524811548364, 0.03380480508449747, 0.0013884563357857403, 0.0013884091406222074, 0.023355078134896755, 0.0, 0.0013884563363512888, 0.023446021327330428, 0.02335511331579667, 0.02344601051909693, 9.300138293336311e-08, 0.001388456335781194, 0.0013884091400566396, 0.0013884563363512888, 0.023446010519063167, 0.0013884563363553131, 4.684278033262112e-08, 3.5531066525989065e-09, 0.023446021327326545, 0.0013884091400520934, 0.023446021327337287, 0.023355078135056023], [0.0333680792820337, 0.033027895291059234, 0.033201545856647, 0.033948610606323336, 0.03300689007046071, 0.030296437567534446, 0.04250967777030697, 0.03580277676255526, 0.03396156630290099, 0.034202349583826855, 0.03550539988042095, 0.03901919285259533, 0.03564724944466703, 0.02918755417519654, 0.029527716734737343, 0.03410061732677379, 0.03922232318158035, 0.03519200658455428, 0.03274043730936559, 0.03307935157022129, 4.334133791090022e-08, 1.0338021487266362e-07, 0.02339631385485105, 0.0013884563363512888, 0.0, 0.023364842797994403, 0.023396349923068684, 0.023364839253045618, 0.0013884696394385646, 3.978823125830131e-08, 1.1209790541765237e-07, 0.0, 0.023364839253079497, 7.97166547936392e-08, 0.0013885030442889067, 0.0013884563364576544, 0.023364842797958033, 1.1077261472847053e-07, 0.023364842797937845, 0.02339630837598133], [0.034167975859892986, 0.03371626877537714, 0.03479099569192855, 0.03125359033722637, 0.035524898930074274, 0.0300533705351114, 0.04467611119363809, 0.03458449477510136, 0.03226869728337565, 0.0369009934074215, 0.032845566802613524, 0.04001958052170778, 0.036693214925852514, 0.02854909938850862, 0.03467868716959407, 0.03454803181779839, 0.04146910638403521, 0.03880281848409403, 0.035126487157807224, 0.03522253626548183, 0.02336484279793425, 0.02336480268856363, 0.0020626735901896373, 0.023446021327330428, 0.023364842797994403, 0.0, 0.0020626895826333248, 1.342426497073309e-07, 0.023445981169548023, 0.02336484279793616, 0.023364802688503477, 0.023364842797994403, 1.2369005653699632e-07, 0.02336484279794582, 0.02344602543650409, 0.023446021327328526, 1.90680346736835e-08, 0.02336480268850538, 3.725539415507371e-08, 0.002062581265313027], [0.03512117856424735, 0.034963814130849605, 0.03605665991420551, 0.03227897096078759, 0.0366635986303952, 0.031228594700268297, 0.045652201302434095, 0.03582053059793311, 0.03306859647823919, 0.03784696181883264, 0.03357425986732397, 0.04113687322794435, 0.03794172967861559, 0.029699201923506044, 0.035607702176501846, 0.03533169823412829, 0.042427962278429855, 0.03971404165954032, 0.036037840253361986, 0.03621211020476692, 0.023396349923077625, 0.023396305706464633, 1.4821614631472267e-07, 0.02335511331579667, 0.023396349923068684, 0.0020626895826333248, 0.0, 0.0020625667229008473, 0.02335507182707564, 0.02339634992307387, 0.023396305706473573, 0.023396349923068684, 0.0020625667229597043, 0.0233963499231471, 0.023355113315803398, 0.023355113315800428, 0.0020626895823770614, 0.02339630570646982, 0.0020626895822968795, 1.8288195352025253e-07], [0.034168009322336435, 0.03371632928529692, 0.03479105408505303, 0.03125362807610983, 0.035524946311745235, 0.03005341980376127, 0.0446761508240688, 0.0345845491658114, 0.03226871935282717, 0.03690103062459753, 0.032845584446748205, 0.04001963441377632, 0.03669326829807874, 0.028549147766125275, 0.034678723169797095, 0.03454806022499896, 0.04146914506602091, 0.03880285244043834, 0.035126517105698155, 0.03522257041210484, 0.023364839253085815, 0.02336479914336057, 0.0020625507310284698, 0.02344601051909693, 0.023364839253045618, 1.342426497073309e-07, 0.0020625667229008473, 0.0, 0.023445970361234515, 0.023364839253079497, 0.023364799143400766, 0.023364839253045618, 3.978823125830131e-08, 0.023364839253181606, 0.023446014628035926, 0.023446010519103225, 1.2775592821341898e-07, 0.023364799143394448, 1.240086133746525e-07, 0.0020624584061518735], [0.0340415040884092, 0.03390358903375487, 0.0341121551438792, 0.03460196030104201, 0.0338485454690125, 0.03110127879212046, 0.04321295988743018, 0.03662449461638848, 0.03448920594367412, 0.034904649410758486, 0.0359742921381421, 0.039805410052441016, 0.03652928400007644, 0.029965707921657047, 0.030278325497437274, 0.03465041470393526, 0.03991840128337814, 0.03588280279591103, 0.033414508211284076, 0.0338048023135356, 0.0013884696387621107, 0.001388422437616499, 0.02335503664631578, 9.300138293336311e-08, 0.0013884696394385646, 0.023445981169548023, 0.02335507182707564, 0.023445970361234515, 0.0, 0.001388469638766657, 0.0013884224369400222, 0.0013884696394385646, 0.023445970361194723, 0.0013884696392385935, 9.785618003409863e-08, 9.293348514197291e-08, 0.023445981169547027, 0.0013884224369445685, 0.02344598116956053, 0.023355036646527626], [0.03336809464353833, 0.033027903861171624, 0.03320155720369316, 0.03394862434063137, 0.03300690429012758, 0.03029645061554348, 0.042509690375673134, 0.03580278875757378, 0.03396158184435605, 0.0342023626105189, 0.03550541510983227, 0.0390192007129867, 0.03564726368160818, 0.029187566453790628, 0.029527730920311565, 0.034100628602559496, 0.03922233565105185, 0.035192020931143715, 0.03274045422151534, 0.03307936882002749, 3.5531066525989065e-09, 1.1077261472847053e-07, 0.023396313854819214, 0.001388456335781194, 3.978823125830131e-08, 0.02336484279793616, 0.02339634992307387, 0.023364839253079497, 0.001388469638766657, 0.0, 1.0344125576385295e-07, 3.978823125830131e-08, 0.023364839253045618, 3.992842353533789e-08, 0.001388503043617015, 0.0013884563357857403, 0.02336484279793226, 1.0338021487266362e-07, 0.023364842797943042, 0.0233963083759495], [0.03336810457343367, 0.033027920542819465, 0.03320158040508535, 0.033948622407672345, 0.03300691970929865, 0.03029645683165969, 0.042509713032953256, 0.03580280085885727, 0.03396158806665214, 0.03420237689863997, 0.035505414257303344, 0.03901921711412698, 0.035647289734095665, 0.029187569567077735, 0.029527749871365073, 0.034100635601379395, 0.03922235740337787, 0.03519204429284714, 0.03274045262339304, 0.033079382624221026, 1.0338021487266362e-07, 4.334133791090022e-08, 0.023396269638376127, 0.0013884091400566396, 1.1209790541765237e-07, 0.023364802688503477, 0.023396305706473573, 0.023364799143400766, 0.0013884224369400222, 1.0344125576385295e-07, 0.0, 1.1209790541765237e-07, 0.02336479914336084, 1.0959303128136285e-07, 0.0013884558478832658, 0.0013884091400520934, 0.023364802688502478, 3.5531066525989065e-09, 0.023364802688516026, 0.023396264159682306], [0.0333680792820337, 0.033027895291059234, 0.033201545856647, 0.033948610606323336, 0.03300689007046071, 0.030296437567534446, 0.04250967777030697, 0.03580277676255526, 0.03396156630290099, 0.034202349583826855, 0.03550539988042095, 0.03901919285259533, 0.03564724944466703, 0.02918755417519654, 0.029527716734737343, 0.03410061732677379, 0.03922232318158035, 0.03519200658455428, 0.03274043730936559, 0.03307935157022129, 4.334133791090022e-08, 1.0338021487266362e-07, 0.02339631385485105, 0.0013884563363512888, 0.0, 0.023364842797994403, 0.023396349923068684, 0.023364839253045618, 0.0013884696394385646, 3.978823125830131e-08, 1.1209790541765237e-07, 0.0, 0.023364839253079497, 7.97166547936392e-08, 0.0013885030442889067, 0.0013884563364576544, 0.023364842797958033, 1.1077261472847053e-07, 0.023364842797937845, 0.02339630837598133], [0.034168024324202795, 0.033716337680421246, 0.034791064913683806, 0.031253642994718875, 0.03552495952350328, 0.030053432957278983, 0.044676162818165235, 0.03458456158334973, 0.03226873570960098, 0.03690104269860955, 0.032845600909427376, 0.04001964207766762, 0.036693282129166074, 0.028549160319289023, 0.03467873524831691, 0.03454807135474844, 0.04146915685988954, 0.0388028654519892, 0.035126532869037164, 0.03522258661229735, 0.023364839253045885, 0.023364799143394448, 0.002062550730667353, 0.023446010519063167, 0.023364839253079497, 1.2369005653699632e-07, 0.0020625667229597043, 3.978823125830131e-08, 0.023445970361194723, 0.023364839253045618, 0.02336479914336084, 0.023364839253079497, 0.0, 0.023364839253079733, 0.023446014627996135, 0.023446010519063438, 1.2295155560556405e-07, 0.02336479914336057, 1.2498371795280662e-07, 0.0020624584057907405], [0.0333681100592092, 0.03302791246152643, 0.03320156859076422, 0.033948638123372996, 0.03300691855993894, 0.030296463709573545, 0.0425097030254875, 0.03580280079489668, 0.03396159744061054, 0.03420237568315153, 0.035505430392942065, 0.03901920860111305, 0.03564727796875156, 0.029187578775697196, 0.02952774515591515, 0.03410063991811792, 0.03922234816449563, 0.03519203532832214, 0.03274047119329422, 0.033079386130651776, 3.637531688273898e-08, 1.3054583056768355e-07, 0.02339631385485529, 0.0013884563363553131, 7.97166547936392e-08, 0.02336484279794582, 0.0233963499231471, 0.023364839253181606, 0.0013884696392385935, 3.992842353533789e-08, 1.0959303128136285e-07, 7.97166547936392e-08, 0.023364839253079733, 0.0, 0.0013885030440889403, 0.0013884563362576814, 0.023364842797974506, 1.1082304739148543e-07, 0.02336484279801637, 0.02339630837598557], [0.03404153412673361, 0.0339036234276481, 0.03411218542641595, 0.034602000696395324, 0.033848579642829106, 0.03110131968445911, 0.04321297898035645, 0.03662453074166067, 0.03448923130282463, 0.03490467663687968, 0.03597432109959194, 0.039805439615481004, 0.0365293101423442, 0.029965750226968856, 0.030278350970869148, 0.03465044019572666, 0.039918420822036046, 0.03588282059049157, 0.03341454970887572, 0.03380483169300203, 0.001388503043612469, 0.0013884558485597264, 0.023355078134932164, 4.684278033262112e-08, 0.0013885030442889067, 0.02344602543650409, 0.023355113315803398, 0.023446014628035926, 9.785618003409863e-08, 0.001388503043617015, 0.0013884558478832658, 0.0013885030442889067, 0.023446014627996135, 0.0013885030440889403, 0.0, 4.670783127490992e-08, 0.023446025436503093, 0.001388455847887812, 0.023446025436516593, 0.02335507813527607], [0.03404151074449077, 0.033903593393379235, 0.03411215425213095, 0.03460197798791117, 0.03384855072380124, 0.03110129191725425, 0.04321295476461463, 0.036624502523867, 0.03448921274887485, 0.03490465232047489, 0.03597430452754984, 0.03980541261381159, 0.03652927994178284, 0.029965723307483653, 0.030278324962860415, 0.03465042091158549, 0.03991839679832091, 0.035882796672748477, 0.03341452629134621, 0.033804806591858014, 0.001388456335781194, 0.0013884091407285767, 0.023355078134897202, 3.5531066525989065e-09, 0.0013884563364576544, 0.023446021327328526, 0.023355113315800428, 0.023446010519103225, 9.293348514197291e-08, 0.0013884563357857403, 0.0013884091400520934, 0.0013884563364576544, 0.023446010519063438, 0.0013884563362576814, 4.670783127490992e-08, 0.0, 0.023446021327327534, 0.0013884091400566396, 0.023446021327341034, 0.02335507813505647], [0.034167968670404544, 0.03371626475209214, 0.03479099050241314, 0.03125358318763494, 0.035524892598473586, 0.03005336423141709, 0.04467610544559384, 0.034584488824119866, 0.03226868944456426, 0.036900987621075444, 0.03284555891304964, 0.040019576848862176, 0.036693208297444775, 0.028549093372526174, 0.03467868138108663, 0.034548026483979595, 0.04146910073194671, 0.038802812248444535, 0.03512647960339291, 0.03522252850170951, 0.02336484279793325, 0.02336480268852726, 0.0020626735901346275, 0.023446021327326545, 0.023364842797958033, 1.90680346736835e-08, 0.0020626895823770614, 1.2775592821341898e-07, 0.023445981169547027, 0.02336484279793226, 0.023364802688502478, 0.023364842797958033, 1.2295155560556405e-07, 0.023364842797974506, 0.023446025436503093, 0.023446021327327534, 0.0, 0.023364802688501482, 1.818735948139021e-08, 0.002062581265258015], [0.0333681032016429, 0.03302791977750279, 0.03320157939178765, 0.03394862118119045, 0.03300691843947462, 0.030296455666464637, 0.042509711907287424, 0.03580279978769519, 0.03396158667879161, 0.03420237573534904, 0.03550541289730824, 0.03901921641218894, 0.03564728846272953, 0.02918756847059154, 0.0295277486045855, 0.034100634594444845, 0.03922235628984736, 0.03519204301168925, 0.03274045111312852, 0.03307938108380438, 1.0344125576385295e-07, 3.978823125830131e-08, 0.023396269638375676, 0.0013884091400520934, 1.1077261472847053e-07, 0.02336480268850538, 0.02339630570646982, 0.023364799143394448, 0.0013884224369445685, 1.0338021487266362e-07, 3.5531066525989065e-09, 1.1077261472847053e-07, 0.02336479914336057, 1.1082304739148543e-07, 0.001388455847887812, 0.0013884091400566396, 0.023364802688501482, 0.0, 0.023364802688512265, 0.023396264159681858], [0.03416796181297792, 0.03371626091463597, 0.034790985552589415, 0.03125357636826346, 0.03552488655931234, 0.0300533582188749, 0.044676099963035336, 0.03458448314799891, 0.03226868196780449, 0.036900982101985585, 0.03284555138788127, 0.04001957334565857, 0.03669320197518443, 0.02854908763440825, 0.03467867585993573, 0.034548021396517296, 0.041469095340912705, 0.038802806300802205, 0.03512647239789449, 0.03522252109652237, 0.0233648427979468, 0.02336480268850707, 0.0020626735902464057, 0.023446021327337287, 0.023364842797937845, 3.725539415507371e-08, 0.0020626895822968795, 1.240086133746525e-07, 0.02344598116956053, 0.023364842797943042, 0.023364802688516026, 0.023364842797937845, 1.2498371795280662e-07, 0.02336484279801637, 0.023446025436516593, 0.023446021327341034, 1.818735948139021e-08, 0.023364802688512265, 0.0, 0.002062581265369798], [0.035121075324161095, 0.034963687216957105, 0.03605653180784725, 0.032278864574802, 0.03666348809269467, 0.031228485572713665, 0.04565209125257688, 0.035820407607086664, 0.03306849941876488, 0.03784685647169245, 0.033574172086831035, 0.041136752909610705, 0.03794160510838296, 0.029699094353847703, 0.035607603610347226, 0.035331595415211796, 0.04242784460992888, 0.03971393707150264, 0.036037727137930714, 0.036212001328826814, 0.023396308375949942, 0.02339626415971369, 9.232487684302024e-08, 0.023355078135056023, 0.02339630837598133, 0.002062581265313027, 1.8288195352025253e-07, 0.0020624584061518735, 0.023355036646527626, 0.0233963083759495, 0.023396264159682306, 0.02339630837598133, 0.0020624584057907405, 0.02339630837598557, 0.02335507813527607, 0.02335507813505647, 0.002062581265258015, 0.023396264159681858, 0.002062581265369798, 0.0]], "Angle": [[0.0, 0.018264761143510097, 0.029098285192539333, 0.04453758359646832, 0.023370281725174462, 0.030693588621188605, 0.04197934083943192, 0.05857487589269914, 0.034872835387758344, 0.04894699489434361, 0.06396661773060694, 0.055796387540102764, 0.05195208739221697, 0.05074393624379985, 0.026547676463497427, 0.05269454153288847, 0.047860258581945876, 0.024861867716421897, 0.032827747120095174, 0.04271050342939127, 0.1069055880156083, 0.10690563221352803, 0.12273102854912145, 0.11081004206101548, 0.1069055880156083, 0.11781624834627502, 0.12273099580797514, 0.11781628758729006, 0.11081009885537192, 0.1069055880156083, 0.10690563221352803, 0.1069055880156083, 0.11781628758729006, 0.1069055880156083, 0.11081008337571577, 0.11081004206101548, 0.11781624834627502, 0.10690563221352803, 0.11781624834627502, 0.12273098881524848], [0.018264761143510097, 0.0, 0.03029130641656092, 0.0436509742329371, 0.03782966576602014, 0.03025588920919993, 0.031285988362654685, 0.055703707151706604, 0.03719387870639748, 0.043529583854109356, 0.0632736013990711, 0.045060984619885364, 0.054545035055696016, 0.05240593782244043, 0.03142630321431483, 0.04940631631373766, 0.04500947732483266, 0.01503236232809473, 0.03831829375641534, 0.04075982639858609, 0.10509499574545587, 0.10509503741610918, 0.12098145711263357, 0.10879891659025076, 0.10509499574545587, 0.1163474678968095, 0.12098142366052021, 0.11634750460299594, 0.10879897028445353, 0.10509499574545587, 0.10509503741610918, 0.10509499574545587, 0.11634750460299594, 0.10509499574545587, 0.10879895596463515, 0.10879891659025076, 0.1163474678968095, 0.10509503741610918, 0.1163474678968095, 0.12098141939441973], [0.029098285192539333, 0.03029130641656092, 0.0, 0.02921464928665454, 0.02924177469839706, 0.02051511533585865, 0.047382157532657974, 0.05659210861736705, 0.03192213781439606, 0.033746358552391484, 0.05587719967535144, 0.05106124978586385, 0.048004750543404424, 0.043899366855442754, 0.03196003090790416, 0.04715025258468506, 0.05039705492946792, 0.030516958791687036, 0.028924239870734156, 0.02820356891312066, 0.10084182840723774, 0.10084189912365485, 0.11193406770827047, 0.10425673892042944, 0.10084182840723774, 0.10751957052021097, 0.11193402290284304, 0.10751960503063848, 0.10425681973476744, 0.10084182840723774, 0.10084189912365485, 0.10084182840723774, 0.10751960503063848, 0.10084182840723774, 0.10425677552708695, 0.10425673892042944, 0.10751957052021097, 0.10084189912365485, 0.10751957052021097, 0.11193403138929538], [0.04453758359646832, 0.0436509742329371, 0.02921464928665454, 0.0, 0.0500804273974378, 0.04169789717687947, 0.060218177911926365, 0.059820105300537815, 0.04357721692376795, 0.03113951017493557, 0.048839562507977274, 0.055168830869241695, 0.051274756489555685, 0.05959261784096403, 0.04617069741344599, 0.04949408781487808, 0.049198841077813506, 0.043246928102736976, 0.04798200193947679, 0.03886955237131828, 0.10650559225455937, 0.10650564324553642, 0.12786604204921231, 0.11082166026899744, 0.10650559225455937, 0.12264608763625155, 0.12786599680046787, 0.12264612970432588, 0.11082172487967594, 0.10650559225455937, 0.10650564324553642, 0.10650559225455937, 0.12264612970432588, 0.10650559225455937, 0.11082170561721591, 0.11082166026899744, 0.12264608763625155, 0.10650564324553642, 0.12264608763625155, 0.12786600018324176], [0.023370281725174462, 0.03782966576602014, 0.02924177469839706, 0.0500804273974378, 0.0, 0.03312363994728206, 0.056868490942176816, 0.06356138592047783, 0.0381426852108978, 0.05746020943434371, 0.0725110886291714, 0.06768534638144479, 0.05468674681116198, 0.04746716565520508, 0.03139971047024338, 0.05975013978156098, 0.05867648576784402, 0.0424516713645889, 0.0332970118668471, 0.04362097456411946, 0.10918858973255202, 0.10918864129803452, 0.11780189718245888, 0.11274908930437201, 0.10918858973255202, 0.11305048964569239, 0.11780186496489206, 0.1130505273124852, 0.112749152179605, 0.10918858973255202, 0.10918864129803452, 0.10918858973255202, 0.1130505273124852, 0.10918858973255202, 0.112749127207334, 0.11274908930437201, 0.11305048964569239, 0.10918864129803452, 0.11305048964569239, 0.11780185853993454], [0.030693588621188605, 0.03025588920919993, 0.02051511533585865, 0.04169789717687947, 0.03312363994728206, 0.0, 0.049358983366467844, 0.0700403556338742, 0.046674864625144113, 0.04511332120482676, 0.06897849714758694, 0.06160355113243018, 0.061401721936044144, 0.05713775988038643, 0.03997432196725737, 0.06298193988590003, 0.06553149630830778, 0.033172581631939854, 0.03550930161402694, 0.043584151250610034, 0.1094756523816637, 0.10947571427489446, 0.12139522440721864, 0.11297705038948504, 0.1094756523816637, 0.11685915120147744, 0.12139518753702781, 0.11685918705026174, 0.11297712309313615, 0.1094756523816637, 0.10947571427489446, 0.1094756523816637, 0.11685918705026174, 0.1094756523816637, 0.11297708770639682, 0.11297705038948504, 0.11685915120147744, 0.10947571427489446, 0.11685915120147744, 0.12139518741367718], [0.04197934083943192, 0.031285988362654685, 0.047382157532657974, 0.060218177911926365, 0.056868490942176816, 0.049358983366467844, 0.0, 0.06816911481456692, 0.047853562088384385, 0.055037402792169496, 0.06729162050874936, 0.049807120734736136, 0.07254711099575485, 0.0632710340817033, 0.05563204652448114, 0.05576516084702244, 0.04907478156014642, 0.036303725750516234, 0.042486932479957315, 0.05247207139263965, 0.11135513390172917, 0.11135519132177045, 0.1198568156770678, 0.11466354337189824, 0.11135513390172917, 0.11545267619053025, 0.11985677914961661, 0.11545271083161975, 0.11466361117931644, 0.11135513390172917, 0.11135519132177045, 0.11135513390172917, 0.11545271083161975, 0.11135513390172917, 0.1146635787583125, 0.11466354337189824, 0.11545267619053025, 0.11135519132177045, 0.11545267619053025, 0.11985677961664762], [0.05857487589269914, 0.055703707151706604, 0.05659210861736705, 0.059820105300537815, 0.06356138592047783, 0.0700403556338742, 0.06816911481456692, 0.0, 0.03670403929792748, 0.051576