{"Bond": [[0.0, 0.01334547180488972, 0.022287566723431674, 0.01633457725053348, 0.015016936142597716, 0.014287742048319556, 0.01072181576850178, 0.011510519265065999, 0.018535383445157302, 0.015873060081398434, 0.016643404747536773, 0.018624448544321923, 0.029862778784764538, 0.02053979597049507, 0.014543267667045558, 0.016518533310591547, 0.022866873407703405, 0.02297288718038694, 0.015647753492041356, 0.018927922037878187, 0.037317370476708994, 0.037317409819293205, 0.03281502526666828, 0.03731735764112469, 0.03281497925878661, 0.03731739112960272, 0.032814985598742685, 0.03731739615218191, 0.0328149831288235, 0.03731739615218191, 0.03281502090123422, 0.03281502656940097, 0.03731742086504148, 0.03731735985818194, 0.037317373891879835, 0.03731736435549568, 0.03731739644456292, 0.037317419270186135, 0.03731742549011286, 0.037317392167149556], [0.01334547180488972, 0.0, 0.015761077216428134, 0.018144826251349274, 0.01699151317479652, 0.014893261611100429, 0.012270727262671078, 0.01696732727431872, 0.02261039858571795, 0.012244065451979298, 0.013805066677196632, 0.0190124438749514, 0.030198396215097893, 0.010757363435660167, 0.021007359763428886, 0.014536412377502446, 0.02376386344646079, 0.022361183556826147, 0.011742840932468997, 0.02226782665344441, 0.03806209036420102, 0.03806212731790759, 0.03309763431400354, 0.03806208807539604, 0.03309759680732498, 0.03806210989105053, 0.033097599353242566, 0.038062113711183274, 0.03309759564914122, 0.038062113711183274, 0.033097621965721594, 0.03309762931513613, 0.03806213636040145, 0.038062084820900434, 0.0380621031169039, 0.03806210428420112, 0.03806212364619069, 0.03806214345084806, 0.03806215310819096, 0.03806212161224743], [0.022287566723431674, 0.015761077216428134, 0.0, 0.023241758300799307, 0.02379126143231012, 0.020453125220418214, 0.022917933319794054, 0.022528643614676516, 0.023159280235365554, 0.012418871259994342, 0.01751962744415473, 0.023084978129262516, 0.03119222208973772, 0.010204935629690166, 0.024694776826947346, 0.015408661850336628, 0.025601622895798114, 0.02469919655691013, 0.012987814860985636, 0.027232880451762354, 0.03876117918106358, 0.03876120155858575, 0.039445963794172124, 0.038761181273747065, 0.03944593659324121, 0.03876119428454613, 0.039445932405396476, 0.03876119524274213, 0.03944592978276815, 0.03876119524274213, 0.0394459432944743, 0.03944595148201253, 0.0387612110351564, 0.038761178763113566, 0.038761202518894596, 0.03876117834166963, 0.03876120062866421, 0.03876122972094477, 0.03876123712030878, 0.03876121494801299], [0.01633457725053348, 0.018144826251349274, 0.023241758300799307, 0.0, 0.01731415608514098, 0.01597443237671103, 0.013919348706941908, 0.011497030585052108, 0.01666994043307242, 0.01777341079423786, 0.018027223298507842, 0.010836381804341415, 0.02165114390073885, 0.022781397170513647, 0.010290943844065493, 0.022207315236494222, 0.013768499710017664, 0.01893547875507798, 0.020817004427296493, 0.011695531954268833, 0.03385466312409061, 0.033854687755543796, 0.03168185342973543, 0.033854663901163644, 0.03168181937269283, 0.033854665246927505, 0.03168181070861924, 0.033854658691244946, 0.03168181038092321, 0.033854658691244946, 0.031681824372124884, 0.0316818325686451, 0.03385469510689151, 0.033854663114155636, 0.033854672995646276, 0.033854661627699394, 0.03385466933592715, 0.03385472067116542, 0.033854717704672944, 0.033854689014740126], [0.015016936142597716, 0.01699151317479652, 0.02379126143231012, 0.01731415608514098, 0.0, 0.012462804730500538, 0.010083432320669343, 0.017238893924687335, 0.01906665735799709, 0.01557125367012327, 0.01384919076476108, 0.01670244917029947, 0.022656551298190913, 0.023091772233510548, 0.01914968014705456, 0.02220330126231717, 0.018731087281922427, 0.01778648504326916, 0.01846532877587845, 0.021860752666859117, 0.03371092613042729, 0.0337109589793506, 0.030429400998985664, 0.0337109218544196, 0.030429354943046997, 0.0337109553159683, 0.030429354493713024, 0.03371095644115364, 0.03042934868613015, 0.03371095644115364, 0.030429378674747216, 0.03042938741259576, 0.03371097580121985, 0.03371092911350506, 0.033710943822503864, 0.03371094334924981, 0.03371097634055414, 0.03371099699944439, 0.03371101400012794, 0.033710972268937475], [0.014287742048319556, 0.014893261611100429, 0.020453125220418214, 0.01597443237671103, 0.012462804730500538, 0.0, 0.009929054434365845, 0.012083019900851534, 0.023027771779858368, 0.01681414642415947, 0.013867303863002622, 0.01374620147193007, 0.026735538033365203, 0.01905369014926577, 0.01727938930548789, 0.02172687133197945, 0.020312174503454673, 0.01978767024268298, 0.01707373549730721, 0.024047500834017868, 0.03426912196708377, 0.03426916488362845, 0.027151775535565394, 0.03426912356021932, 0.02715173881826837, 0.034269141705919284, 0.027151739340199862, 0.034269154135077806, 0.027151735370504287, 0.034269154135077806, 0.02715175918793439, 0.027151769873967065, 0.034269171167223035, 0.03426911253080069, 0.034269149152813545, 0.03426912845849962, 0.0342691606897997, 0.034269178030945896, 0.03426918791366848, 0.03426915918108534], [0.01072181576850178, 0.012270727262671078, 0.022917933319794054, 0.013919348706941908, 0.010083432320669343, 0.009929054434365845, 0.0, 0.013360264631710809, 0.02166964231069904, 0.01674770070379553, 0.01565757850373417, 0.013197386266014558, 0.026034732034099284, 0.01942430246332651, 0.01623482241014209, 0.019422207221926308, 0.02039035977075989, 0.02021645139325112, 0.01593268520496915, 0.020778468182916912, 0.029342928306741747, 0.02934295643716471, 0.027010785401773565, 0.02934292009472755, 0.027010737542729785, 0.029342945932302536, 0.02701073635013766, 0.02934293971622383, 0.027010733136559873, 0.02934293971622383, 0.027010766661463285, 0.027010774160389887, 0.029342970239328938, 0.029342927404537977, 0.029342935516336075, 0.02934293483736276, 0.029342950729028112, 0.02934298496659167, 0.029342992650829083, 0.02934296233712003], [0.011510519265065999, 0.01696732727431872, 0.022528643614676516, 0.011497030585052108, 0.017238893924687335, 0.012083019900851534, 0.013360264631710809, 0.0, 0.01713413744126114, 0.01802111012364283, 0.015085823156618102, 0.013212719805019195, 0.02608429813395241, 0.021897457625245337, 0.010271879133157392, 0.021428363022329058, 0.018691804489458112, 0.017856598689310683, 0.019798003102615345, 0.015774230714809514, 0.03218066958691173, 0.03218071548206446, 0.02919410335995738, 0.03218066982278724, 0.029194068929702267, 0.03218068860297434, 0.0291940728554067, 0.032180695942453694, 0.029194070909072656, 0.032180695942453694, 0.029194096704000642, 0.029194103208011378, 0.03218071997843913, 0.03218065852586252, 0.03218068747408997, 0.03218066503146536, 0.03218068997567914, 0.032180719693904236, 0.03218072393082861, 0.032180694614719], [0.018535383445157302, 0.02261039858571795, 0.023159280235365554, 0.01666994043307242, 0.01906665735799709, 0.023027771779858368, 0.02166964231069904, 0.01713413744126114, 0.0, 0.015661645167635668, 0.018177385955873978, 0.02128512188386092, 0.020072939459560415, 0.02575746893360002, 0.014681538049282804, 0.02182431407464651, 0.014949208976440934, 0.016177323812249386, 0.023132193628069016, 0.011681555495021161, 0.04326236720130251, 0.043262399118994266, 0.038710095543989936, 0.04326235842114393, 0.038710056192769085, 0.043262383047783834, 0.038710053064156466, 0.04326239106142998, 0.03871005020180005, 0.04326239106142998, 0.0387100749802779, 0.03871007960099619, 0.043262411569287784, 0.04326236146950691, 0.043262366934286416, 0.04326235866334678, 0.04326239904375929, 0.04326243301494599, 0.043262440026494306, 0.043262385967751754], [0.015873060081398434, 0.012244065451979298, 0.012418871259994342, 0.01777341079423786, 0.01557125367012327, 0.01681414642415947, 0.01674770070379553, 0.01802111012364283, 0.015661645167635668, 0.0, 0.012376929040062079, 0.01914598261362179, 0.02558033371943806, 0.01416575087614428, 0.018584466337572263, 0.014416091619445303, 0.01844790340399252, 0.01830581425192049, 0.012883520878320393, 0.01995280699069614, 0.04046329948499945, 0.04046333169646906, 0.03645675507189182, 0.04046329527173788, 0.03645671472420034, 0.0404633179061683, 0.036456714648918497, 0.04046332660893785, 0.03645671095682113, 0.04046332660893785, 0.036456738779426436, 0.03645674583991764, 0.04046334422397238, 0.040463300805330525, 0.04046331597406088, 0.04046330594246533, 0.04046334293035976, 0.040463357371133414, 0.040463368153696354, 0.04046333813439758], [0.016643404747536773, 0.013805066677196632, 0.01751962744415473, 0.018027223298507842, 0.01384919076476108, 0.013867303863002622, 0.01565757850373417, 0.015085823156618102, 0.018177385955873978, 0.012376929040062079, 0.0, 0.017800054835583053, 0.02676735231637293, 0.01862843884814517, 0.021019678643903146, 0.018417020102672717, 0.020881484212038635, 0.01537672534458763, 0.015073796660337641, 0.02099965831964735, 0.03627103899341314, 0.0362710881687352, 0.03457493193008194, 0.036271048624943715, 0.03457489822414132, 0.036271075259657684, 0.034574905548560644, 0.036271082407700085, 0.03457489999305119, 0.036271082407700085, 0.03457492655587342, 0.0345749342836082, 0.03627109778680134, 0.03627104315562176, 0.03627107460087031, 0.03627106855285334, 0.036271093603922736, 0.03627109888013051, 0.03627111698963592, 0.036271092608058476], [0.018624448544321923, 0.0190124438749514, 0.023084978129262516, 0.010836381804341415, 0.01670244917029947, 0.01374620147193007, 0.013197386266014558, 0.013212719805019195, 0.02128512188386092, 0.01914598261362179, 0.017800054835583053, 0.0, 0.024792642101932067, 0.021550245331713923, 0.01450779362008731, 0.023767499365798108, 0.01872879359114829, 0.017661120798707027, 0.019818610372343243, 0.01923940177613443, 0.028608784239811492, 0.028608816938084824, 0.026256189320727232, 0.028608784662719336, 0.026256152441097413, 0.02860879285326621, 0.0262561464454518, 0.0286087941618739, 0.026256144981822722, 0.0286087941618739, 0.026256168010635145, 0.026256175425164743, 0.02860882825518146, 0.028608783735056962, 0.028608788764164634, 0.0286087890591351, 0.028608801141138323, 0.028608844963072463, 0.028608845953636476, 0.028608810774273713], [0.029862778784764538, 0.030198396215097893, 0.03119222208973772, 0.02165114390073885, 0.022656551298190913, 0.026735538033365203, 0.026034732034099284, 0.02608429813395241, 0.020072939459560415, 0.02558033371943806, 0.02676735231637293, 0.024792642101932067, 0.0, 0.0323037056597595, 0.022183927901422894, 0.03309629818385171, 0.01216669336258779, 0.0179929735841245, 0.033052826566245384, 0.0226868107306887, 0.03570541137459777, 0.03570540689998704, 0.03404755933409828, 0.03570540856434734, 0.03404753141046752, 0.03570540265977176, 0.03404750716931041, 0.03570540162928367, 0.03404750431628731, 0.03570540162928367, 0.03404750293340918, 0.034047507552927764, 0.035705416004146735, 0.035705410325823465, 0.03570541044646211, 0.03570539422952375, 0.03570542250568819, 0.035705485350542895, 0.035705490902410576, 0.03570542685955544], [0.02053979597049507, 0.010757363435660167, 0.010204935629690166, 0.022781397170513647, 0.023091772233510548, 0.01905369014926577, 0.01942430246332651, 0.021897457625245337, 0.02575746893360002, 0.01416575087614428, 0.01862843884814517, 0.021550245331713923, 0.0323037056597595, 0.0, 0.024654232090112468, 0.016003500418594042, 0.02639138127138444, 0.02477812846589687, 0.013144990121993159, 0.027364347813955095, 0.03512418234281816, 0.035124203921575364, 0.0354908799467529, 0.035124180199519836, 0.035490846591065085, 0.03512420039151138, 0.03549084246695219, 0.035124192488373195, 0.035490839738111304, 0.035124192488373195, 0.035490860888610413, 0.03549086802373632, 0.035124215017306185, 0.035124184564045494, 0.03512419831570629, 0.03512418737788529, 0.035124200345007336, 0.03512423300635149, 0.035124240296172345, 0.035124216812072305], [0.014543267667045558, 0.021007359763428886, 0.024694776826947346, 0.010290943844065493, 0.01914968014705456, 0.01727938930548789, 0.01623482241014209, 0.010271879133157392, 0.014681538049282804, 0.018584466337572263, 0.021019678643903146, 0.01450779362008731, 0.022183927901422894, 0.024654232090112468, 0.0, 0.022839555928593658, 0.014460036541700336, 0.019085466347352035, 0.02296323178361494, 0.0134054979170267, 0.036125191735900945, 0.036125224911691775, 0.030657159715703545, 0.03612518191788829, 0.03065711892301141, 0.03612519881420243, 0.030657112057195453, 0.036125200077820316, 0.030657112255901182, 0.036125200077820316, 0.030657138439129785, 0.030657142266139758, 0.03612523164674258, 0.03612518592025392, 0.036125189853394746, 0.036125174031386535, 0.03612520563260379, 0.03612525090729004, 0.03612524754466149, 0.03612520233071081], [0.016518533310591547, 0.014536412377502446, 0.015408661850336628, 0.022207315236494222, 0.02220330126231717, 0.02172687133197945, 0.019422207221926308, 0.021428363022329058, 0.02182431407464651, 0.014416091619445303, 0.018417020102672717, 0.023767499365798108, 0.03309629818385171, 0.016003500418594042, 0.022839555928593658, 0.0, 0.026672406921645853, 0.02620068086143552, 0.008091933024485722, 0.025076156684566326, 0.04204907702763897, 0.04204910278860388, 0.04108630073448154, 0.04204906246449824, 0.04108625663435637, 0.042049092568014645, 0.041086255384677105, 0.04204908521545234, 0.0410862544597064, 0.04204908521545234, 0.04108628978887217, 0.04108629409114046, 0.042049117324978943, 0.042049080252939415, 0.04204907379052287, 0.04204907129966341, 0.04204909383020981, 0.0420491261170081, 0.042049127058495964, 0.042049099528616754], [0.022866873407703405, 0.02376386344646079, 0.025601622895798114, 0.013768499710017664, 0.018731087281922427, 0.020312174503454673, 0.02039035977075989, 0.018691804489458112, 0.014949208976440934, 0.01844790340399252, 0.020881484212038635, 0.01872879359114829, 0.01216669336258779, 0.02639138127138444, 0.014460036541700336, 0.026672406921645853, 0.0, 0.014963305456508447, 0.026480167672577944, 0.01619770593831125, 0.03771149400095998, 0.03771151136867449, 0.033724220817836416, 0.037711491002346796, 0.03372418293346069, 0.03771149707064348, 0.033724167664789875, 0.03771149410850745, 0.03372416633949458, 0.03771149410850745, 0.033724181235583156, 0.033724188036326694, 0.03771152028434789, 0.03771150161244652, 0.037711508106117356, 0.03771148869249571, 0.037711519471629935, 0.03771156120668543, 0.037711562741058226, 0.03771152629172409], [0.02297288718038694, 0.022361183556826147, 0.02469919655691013, 0.01893547875507798, 0.01778648504326916, 0.01978767024268298, 0.02021645139325112, 0.017856598689310683, 0.016177323812249386, 0.01830581425192049, 0.01537672534458763, 0.017661120798707027, 0.0179929735841245, 0.02477812846589687, 0.019085466347352035, 0.02620068086143552, 0.014963305456508447, 0.0, 0.024856495079692294, 0.019604812778243056, 0.030860314464227115, 0.030860352380750477, 0.029055241397207703, 0.030860315960605404, 0.029055204407289415, 0.030860341230872005, 0.02905520356014492, 0.030860349534051555, 0.029055198971051417, 0.030860349534051555, 0.029055227867191946, 0.0290552309759618, 0.03086036473913205, 0.030860324227628032, 0.030860330413709326, 0.03086033035928791, 0.03086036840383225, 0.030860382207472652, 0.030860396696455912, 0.030860354244217774], [0.015647753492041356, 0.011742840932468997, 0.012987814860985636, 0.020817004427296493, 0.01846532877587845, 0.01707373549730721, 0.01593268520496915, 0.019798003102615345, 0.023132193628069016, 0.012883520878320393, 0.015073796660337641, 0.019818610372343243, 0.033052826566245384, 0.013144990121993159, 0.02296323178361494, 0.008091933024485722, 0.026480167672577944, 0.024856495079692294, 0.0, 0.025849403801457862, 0.03853446192342083, 0.03853449262837241, 0.0377216457072078, 0.03853445310455817, 0.037721603607504824, 0.0385344839149007, 0.0377216047805134, 0.038534479012170435, 0.03772160265004473, 0.038534479012170435, 0.0377216358088097, 0.037721642977806794, 0.038534508411206515, 0.03853446595068532, 0.03853447026474351, 0.03853446812704034, 0.03853448875582136, 0.03853451311128421, 0.038534518509302125, 0.03853449666399846], [0.018927922037878187, 0.02226782665344441, 0.027232880451762354, 0.011695531954268833, 0.021860752666859117, 0.024047500834017868, 0.020778468182916912, 0.015774230714809514, 0.011681555495021161, 0.01995280699069614, 0.02099965831964735, 0.01923940177613443, 0.0226868107306887, 0.027364347813955095, 0.0134054979170267, 0.025076156684566326, 0.01619770593831125, 0.019604812778243056, 0.025849403801457862, 0.0, 0.03991571547957357, 0.039915744250865075, 0.037395406148242036, 0.03991571241474637, 0.03739537159133953, 0.03991572257437166, 0.03739536846830836, 0.03991572381963339, 0.037395366902934477, 0.03991572381963339, 0.03739538540008273, 0.03739539049415178, 0.039915752862117015, 0.039915709972275136, 0.03991571550025652, 0.03991571184548255, 0.03991572952509359, 0.03991577283888506, 0.039915774756135, 0.039915732772167305], [0.037317370476708994, 0.03806209036420102, 0.03876117918106358, 0.03385466312409061, 0.03371092613042729, 0.03426912196708377, 0.029342928306741747, 0.03218066958691173, 0.04326236720130251, 0.04046329948499945, 0.03627103899341314, 0.028608784239811492, 0.03570541137459777, 0.03512418234281816, 0.036125191735900945, 0.04204907702763897, 0.03771149400095998, 0.030860314464227115, 0.03853446192342083, 0.03991571547957357, 0.0, 1.1641883060796545e-07, 0.003941224914540228, 8.367959948640197e-08, 0.003941229878487578, 1.1032099209441313e-07, 0.003941229878822047, 1.402939364147927e-07, 0.003941229955796016, 1.402939364147927e-07, 0.003941224907914283, 0.0039412249080775456, 1.1477844337881413e-07, 9.357765805215348e-08, 1.5066752506819802e-07, 1.3864301055623554e-07, 1.5588450795554868e-07, 1.0305404966053958e-07, 1.4474076994421862e-07, 1.4263976662205672e-07], [0.037317409819293205, 0.03806212731790759, 0.03876120155858575, 0.033854687755543796, 0.0337109589793506, 0.03426916488362845, 0.02934295643716471, 0.03218071548206446, 0.043262399118994266, 0.04046333169646906, 0.0362710881687352, 0.028608816938084824, 0.03570540689998704, 0.035124203921575364, 0.036125224911691775, 0.04204910278860388, 0.03771151136867449, 0.030860352380750477, 0.03853449262837241, 0.039915744250865075, 1.1641883060796545e-07, 0.0, 0.003941269103790432, 1.1206001401131503e-07, 0.00394127406796544, 7.89851353063528e-08, 0.003941274067160141, 7.919917867902766e-08, 0.003941274143736708, 7.919917867902766e-08, 0.003941269095341811, 0.003941269095567376, 4.723677153883936e-08, 1.4518057036434731e-07, 1.4384442975935934e-07, 1.1610928224361921e-07, 1.1322748326982215e-07, 1.435418036763511e-07, 1.5554268449725175e-07, 1.4633152499832413e-07], [0.03281502526666828, 0.03309763431400354, 0.039445963794172124, 0.03168185342973543, 0.030429400998985664, 0.027151775535565394, 0.027010785401773565, 0.02919410335995738, 0.038710095543989936, 0.03645675507189182, 0.03457493193008194, 0.026256189320727232, 0.03404755933409828, 0.0354908799467529, 0.030657159715703545, 0.04108630073448154, 0.033724220817836416, 0.029055241397207703, 0.0377216457072078, 0.037395406148242036, 0.003941224914540228, 0.003941269103790432, 0.0, 0.003941215151350297, 7.746095630514152e-08, 0.003941222961014479, 9.446179186930238e-08, 0.003941261797455843, 9.349641981419434e-08, 0.003941261797455843, 9.552043627438226e-08, 9.18679475649202e-08, 0.0039412691028223425, 0.003941195092694072, 0.003941201394045121, 0.003941222962496485, 0.0039412673928142655, 0.003941267947816612, 0.003941267948651991, 0.003941201392205379], [0.03731735764112469, 0.03806208807539604, 0.038761181273747065, 0.033854663901163644, 0.0337109218544196, 0.03426912356021932, 0.02934292009472755, 0.03218066982278724, 0.04326235842114393, 0.04046329527173788, 0.036271048624943715, 0.028608784662719336, 0.03570540856434734, 0.035124180199519836, 0.03612518191788829, 0.04204906246449824, 0.037711491002346796, 0.030860315960605404, 0.03853445310455817, 0.03991571241474637, 8.367959948640197e-08, 1.1206001401131503e-07, 0.003941215151350297, 0.0, 0.003941220114522336, 1.1588852902369891e-07, 0.0039412201146629845, 1.370668094970637e-07, 0.003941220191583589, 1.370668094970637e-07, 0.0039412151447105965, 0.003941215144755573, 1.3285180938123044e-07, 1.226907772385744e-07, 1.0449800295981578e-07, 1.0550110894888045e-07, 1.5517621502865777e-07, 1.252360413920114e-07, 1.4478132349532879e-07, 1.2699636396216701e-07], [0.03281497925878661, 0.03309759680732498, 0.03944593659324121, 0.03168181937269283, 0.030429354943046997, 0.02715173881826837, 0.027010737542729785, 0.029194068929702267, 0.038710056192769085, 0.03645671472420034, 0.03457489822414132, 0.026256152441097413, 0.03404753141046752, 0.035490846591065085, 0.03065711892301141, 0.04108625663435637, 0.03372418293346069, 0.029055204407289415, 0.037721603607504824, 0.03739537159133953, 0.003941229878487578, 0.00394127406796544, 7.746095630514152e-08, 0.003941220114522336, 0.0, 0.003941227925942616, 5.406320718799762e-08, 0.003941266761207199, 5.23581967447794e-08, 0.003941266761207199, 1.2580677887388228e-07, 1.2016621630682216e-07, 0.0039412740676046856, 0.003941200057807991, 0.003941206357634106, 0.003941227926742922, 0.0039412723574403065, 0.00394127291271282, 0.003941272913548198, 0.00394120635698599], [0.03731739112960272, 0.03806210989105053, 0.03876119428454613, 0.033854665246927505, 0.0337109553159683, 0.034269141705919284, 0.029342945932302536, 0.03218068860297434, 0.043262383047783834, 0.0404633179061683, 0.036271075259657684, 0.02860879285326621, 0.03570540265977176, 0.03512420039151138, 0.03612519881420243, 0.042049092568014645, 0.03771149707064348, 0.030860341230872005, 0.0385344839149007, 0.03991572257437166, 1.1032099209441313e-07, 7.89851353063528e-08, 0.003941222961014479, 1.1588852902369891e-07, 0.003941227925942616, 0.0, 0.003941227925332523, 8.667810487975457e-08, 0.0039412280017590215, 8.667810487975457e-08, 0.003941222953115936, 0.003941222953327973, 7.173614455329086e-08, 1.2089917132777373e-07, 1.3383801660377196e-07, 1.0498301966705496e-07, 1.0297757183194166e-07, 1.2483115435634834e-07, 1.2396390315686966e-07, 1.1690634307688081e-07], [0.032814985598742685, 0.033097599353242566, 0.039445932405396476, 0.03168181070861924, 0.030429354493713024, 0.027151739340199862, 0.02701073635013766, 0.0291940728554067, 0.038710053064156466, 0.036456714648918497, 0.034574905548560644, 0.0262561464454518, 0.03404750716931041, 0.03549084246695219, 0.030657112057195453, 0.041086255384677105, 0.033724167664789875, 0.02905520356014492, 0.0377216047805134, 0.03739536846830836, 0.003941229878822047, 0.003941274067160141, 9.446179186930238e-08, 0.0039412201146629845, 5.406320718799762e-08, 0.003941227925332523, 0.0, 0.00394126676017219, 1.593830194157203e-08, 0.00394126676017219, 9.650712601120237e-08, 8.902920476909896e-08, 0.003941274066799386, 0.003941200058014598, 0.003941206357277284, 0.003941227926132829, 0.003941272356476522, 0.003941272913469823, 0.003941272913991225, 0.003941206356629169], [0.03731739615218191, 0.038062113711183274, 0.03876119524274213, 0.033854658691244946, 0.03371095644115364, 0.034269154135077806, 0.02934293971622383, 0.032180695942453694, 0.04326239106142998, 0.04046332660893785, 0.036271082407700085, 0.0286087941618739, 0.03570540162928367, 0.035124192488373195, 0.036125200077820316, 0.04204908521545234, 0.03771149410850745, 0.030860349534051555, 0.038534479012170435, 0.03991572381963339, 1.402939364147927e-07, 7.919917867902766e-08, 0.003941261797455843, 1.370668094970637e-07, 0.003941266761207199, 8.667810487975457e-08, 0.00394126676017219, 0.0, 0.003941266837362221, 0.0, 0.003941261788875108, 0.003941261789042466, 7.935633432868447e-08, 1.765682762722575e-07, 1.5764356882679503e-07, 1.3733872570620355e-07, 9.207963040406127e-08, 1.5820197156810127e-07, 1.4868993122689374e-07, 1.5915028477077824e-07], [0.0328149831288235, 0.03309759564914122, 0.03944592978276815, 0.03168181038092321, 0.03042934868613015, 0.027151735370504287, 0.027010733136559873, 0.029194070909072656, 0.03871005020180005, 0.03645671095682113, 0.03457489999305119, 0.026256144981822722, 0.03404750431628731, 0.035490839738111304, 0.030657112255901182, 0.0410862544597064, 0.03372416633949458, 0.029055198971051417, 0.03772160265004473, 0.037395366902934477, 0.003941229955796016, 0.003941274143736708, 9.349641981419434e-08, 0.003941220191583589, 5.23581967447794e-08, 0.0039412280017590215, 1.593830194157203e-08, 0.003941266837362221, 0.0, 0.003941266837362221, 9.556241816663475e-08, 8.800425953742708e-08, 0.003941274143375954, 0.003941200134374106, 0.003941206434088325, 0.0039412280025593275, 0.003941272433168402, 0.00394127298992844, 0.003941272990683963, 0.00394120643344021], [0.03731739615218191, 0.038062113711183274, 0.03876119524274213, 0.033854658691244946, 0.03371095644115364, 0.034269154135077806, 0.02934293971622383, 0.032180695942453694, 0.04326239106142998, 0.04046332660893785, 0.036271082407700085, 0.0286087941618739, 0.03570540162928367, 0.035124192488373195, 0.036125200077820316, 0.04204908521545234, 0.03771149410850745, 0.030860349534051555, 0.038534479012170435, 0.03991572381963339, 1.402939364147927e-07, 7.919917867902766e-08, 0.003941261797455843, 1.370668094970637e-07, 0.003941266761207199, 8.667810487975457e-08, 0.00394126676017219, 0.0, 0.003941266837362221, 0.0, 0.003941261788875108, 0.003941261789042466, 7.935633432868447e-08, 1.765682762722575e-07, 1.5764356882679503e-07, 1.3733872570620355e-07, 9.207963040406127e-08, 1.5820197156810127e-07, 1.4868993122689374e-07, 1.5915028477077824e-07], [0.03281502090123422, 0.033097621965721594, 0.0394459432944743, 0.031681824372124884, 0.030429378674747216, 0.02715175918793439, 0.027010766661463285, 0.029194096704000642, 0.0387100749802779, 0.036456738779426436, 0.03457492655587342, 0.026256168010635145, 0.03404750293340918, 0.035490860888610413, 0.030657138439129785, 0.04108628978887217, 0.033724181235583156, 0.029055227867191946, 0.0377216358088097, 0.03739538540008273, 0.003941224907914283, 0.003941269095341811, 9.552043627438226e-08, 0.0039412151447105965, 1.2580677887388228e-07, 0.003941222953115936, 9.650712601120237e-08, 0.003941261788875108, 9.556241816663475e-08, 0.003941261788875108, 0.0, 2.6161688711881673e-08, 0.003941269094408359, 0.003941195085733205, 0.003941201386909097, 0.00394122295472809, 0.003941267384417391, 0.0039412679423075645, 0.003941267942937578, 0.003941201385005174], [0.03281502656940097, 0.03309762931513613, 0.03944595148201253, 0.0316818325686451, 0.03042938741259576, 0.027151769873967065, 0.027010774160389887, 0.029194103208011378, 0.03871007960099619, 0.03645674583991764, 0.0345749342836082, 0.026256175425164743, 0.034047507552927764, 0.03549086802373632, 0.030657142266139758, 0.04108629409114046, 0.033724188036326694, 0.0290552309759618, 0.037721642977806794, 0.03739539049415178, 0.0039412249080775456, 0.003941269095567376, 9.18679475649202e-08, 0.003941215144755573, 1.2016621630682216e-07, 0.003941222953327973, 8.902920476909896e-08, 0.003941261789042466, 8.800425953742708e-08, 0.003941261789042466, 2.6161688711881673e-08, 0.0, 0.003941269094599286, 0.003941195085937369, 0.003941201386613355, 0.00394122295480998, 0.0039412673845030805, 0.003941267942497746, 0.003941267943127759, 0.003941201384773614], [0.03731742086504148, 0.03806213636040145, 0.0387612110351564, 0.03385469510689151, 0.03371097580121985, 0.034269171167223035, 0.029342970239328938, 0.03218071997843913, 0.043262411569287784, 0.04046334422397238, 0.03627109778680134, 0.02860882825518146, 0.035705416004146735, 0.035124215017306185, 0.03612523164674258, 0.042049117324978943, 0.03771152028434789, 0.03086036473913205, 0.038534508411206515, 0.039915752862117015, 1.1477844337881413e-07, 4.723677153883936e-08, 0.0039412691028223425, 1.3285180938123044e-07, 0.0039412740676046856, 7.173614455329086e-08, 0.003941274066799386, 7.935633432868447e-08, 0.003941274143375954, 7.935633432868447e-08, 0.003941269094408359, 0.003941269094599286, 0.0, 1.3686138558404435e-07, 1.6147788048223163e-07, 1.2188375796554e-07, 1.006061631961171e-07, 1.3511260621226058e-07, 1.477995049227868e-07, 1.4207599263355855e-07], [0.03731735985818194, 0.038062084820900434, 0.038761178763113566, 0.033854663114155636, 0.03371092911350506, 0.03426911253080069, 0.029342927404537977, 0.03218065852586252, 0.04326236146950691, 0.040463300805330525, 0.03627104315562176, 0.028608783735056962, 0.035705410325823465, 0.035124184564045494, 0.03612518592025392, 0.042049080252939415, 0.03771150161244652, 0.030860324227628032, 0.03853446595068532, 0.039915709972275136, 9.357765805215348e-08, 1.4518057036434731e-07, 0.003941195092694072, 1.226907772385744e-07, 0.003941200057807991, 1.2089917132777373e-07, 0.003941200058014598, 1.765682762722575e-07, 0.003941200134374106, 1.765682762722575e-07, 0.003941195085733205, 0.003941195085937369, 1.3686138558404435e-07, 0.0, 1.4661265895091581e-07, 1.23776703889282e-07, 1.474548190299007e-07, 1.4092205573428586e-07, 1.7402448759520965e-07, 1.0633878135503953e-07], [0.037317373891879835, 0.0380621031169039, 0.038761202518894596, 0.033854672995646276, 0.033710943822503864, 0.034269149152813545, 0.029342935516336075, 0.03218068747408997, 0.043262366934286416, 0.04046331597406088, 0.03627107460087031, 0.028608788764164634, 0.03570541044646211, 0.03512419831570629, 0.036125189853394746, 0.04204907379052287, 0.037711508106117356, 0.030860330413709326, 0.03853447026474351, 0.03991571550025652, 1.5066752506819802e-07, 1.4384442975935934e-07, 0.003941201394045121, 1.0449800295981578e-07, 0.003941206357634106, 1.3383801660377196e-07, 0.003941206357277284, 1.5764356882679503e-07, 0.003941206434088325, 1.5764356882679503e-07, 0.003941201386909097, 0.003941201386613355, 1.6147788048223163e-07, 1.4661265895091581e-07, 0.0, 1.2762946944540406e-07, 1.4895157721511706e-07, 1.8322876659543007e-07, 1.8784503016532066e-07, 8.057902390390502e-08], [0.03731736435549568, 0.03806210428420112, 0.03876117834166963, 0.033854661627699394, 0.03371094334924981, 0.03426912845849962, 0.02934293483736276, 0.03218066503146536, 0.04326235866334678, 0.04046330594246533, 0.03627106855285334, 0.0286087890591351, 0.03570539422952375, 0.03512418737788529, 0.036125174031386535, 0.04204907129966341, 0.03771148869249571, 0.03086033035928791, 0.03853446812704034, 0.03991571184548255, 1.3864301055623554e-07, 1.1610928224361921e-07, 0.003941222962496485, 1.0550110894888045e-07, 0.003941227926742922, 1.0498301966705496e-07, 0.003941227926132829, 1.3733872570620355e-07, 0.0039412280025593275, 1.3733872570620355e-07, 0.00394122295472809, 0.00394122295480998, 1.2188375796554e-07, 1.23776703889282e-07, 1.2762946944540406e-07, 0.0, 1.121768376691926e-07, 1.5928608020075982e-07, 1.586073375782791e-07, 1.063084735892034e-07], [0.03731739644456292, 0.03806212364619069, 0.03876120062866421, 0.03385466933592715, 0.03371097634055414, 0.0342691606897997, 0.029342950729028112, 0.03218068997567914, 0.04326239904375929, 0.04046334293035976, 0.036271093603922736, 0.028608801141138323, 0.03570542250568819, 0.035124200345007336, 0.03612520563260379, 0.04204909383020981, 0.037711519471629935, 0.03086036840383225, 0.03853448875582136, 0.03991572952509359, 1.5588450795554868e-07, 1.1322748326982215e-07, 0.0039412673928142655, 1.5517621502865777e-07, 0.0039412723574403065, 1.0297757183194166e-07, 0.003941272356476522, 9.207963040406127e-08, 0.003941272433168402, 9.207963040406127e-08, 0.003941267384417391, 0.0039412673845030805, 1.006061631961171e-07, 1.474548190299007e-07, 1.4895157721511706e-07, 1.121768376691926e-07, 0.0, 1.659158148662405e-07, 1.579278781524438e-07, 1.2064244076902554e-07], [0.037317419270186135, 0.03806214345084806, 0.03876122972094477, 0.03385472067116542, 0.03371099699944439, 0.034269178030945896, 0.02934298496659167, 0.032180719693904236, 0.04326243301494599, 0.040463357371133414, 0.03627109888013051, 0.028608844963072463, 0.035705485350542895, 0.03512423300635149, 0.03612525090729004, 0.0420491261170081, 0.03771156120668543, 0.030860382207472652, 0.03853451311128421, 0.03991577283888506, 1.0305404966053958e-07, 1.435418036763511e-07, 0.003941267947816612, 1.252360413920114e-07, 0.00394127291271282, 1.2483115435634834e-07, 0.003941272913469823, 1.5820197156810127e-07, 0.00394127298992844, 1.5820197156810127e-07, 0.0039412679423075645, 0.003941267942497746, 1.3511260621226058e-07, 1.4092205573428586e-07, 1.8322876659543007e-07, 1.5928608020075982e-07, 1.659158148662405e-07, 0.0, 6.369392665344165e-08, 1.6586695807237973e-07], [0.03731742549011286, 0.03806215310819096, 0.03876123712030878, 0.033854717704672944, 0.03371101400012794, 0.03426918791366848, 0.029342992650829083, 0.03218072393082861, 0.043262440026494306, 0.040463368153696354, 0.03627111698963592, 0.028608845953636476, 0.035705490902410576, 0.035124240296172345, 0.03612524754466149, 0.042049127058495964, 0.037711562741058226, 0.030860396696455912, 0.038534518509302125, 0.039915774756135, 1.4474076994421862e-07, 1.5554268449725175e-07, 0.003941267948651991, 1.4478132349532879e-07, 0.003941272913548198, 1.2396390315686966e-07, 0.003941272913991225, 1.4868993122689374e-07, 0.003941272990683963, 1.4868993122689374e-07, 0.003941267942937578, 0.003941267943127759, 1.477995049227868e-07, 1.7402448759520965e-07, 1.8784503016532066e-07, 1.586073375782791e-07, 1.579278781524438e-07, 6.369392665344165e-08, 0.0, 1.7095269003415014e-07], [0.037317392167149556, 0.03806212161224743, 0.03876121494801299, 0.033854689014740126, 0.033710972268937475, 0.03426915918108534, 0.02934296233712003, 0.032180694614719, 0.043262385967751754, 0.04046333813439758, 0.036271092608058476, 0.028608810774273713, 0.03570542685955544, 0.035124216812072305, 0.03612520233071081, 0.042049099528616754, 0.03771152629172409, 0.030860354244217774, 0.03853449666399846, 0.039915732772167305, 1.4263976662205672e-07, 1.4633152499832413e-07, 0.003941201392205379, 1.2699636396216701e-07, 0.00394120635698599, 1.1690634307688081e-07, 0.003941206356629169, 1.5915028477077824e-07, 0.00394120643344021, 1.5915028477077824e-07, 0.003941201385005174, 0.003941201384773614, 1.4207599263355855e-07, 1.0633878135503953e-07, 8.057902390390502e-08, 1.063084735892034e-07, 1.2064244076902554e-07, 1.6586695807237973e-07, 1.7095269003415014e-07, 0.0]], "Angle": [[0.0, 0.04042594317131643, 0.04534931761404139, 0.06109387794263505, 0.040692023136591905, 0.037021832197917735, 0.03161837513573745, 0.03799672231911963, 0.06544736979799558, 0.032850648555002575, 0.05570406772352387, 0.048270031745286254, 0.07462915173495424, 0.04787470167315885, 0.052846760465033935, 0.05025914446869555, 0.06265001787887964, 0.049293150592029385, 0.049592784374727444, 0.07455238391007402, 0.06117898514661092, 0.06117899805151601, 0.060802166329435046, 0.06117896515061, 0.060802180595622854, 0.06117897414624231, 0.06080219425366494, 0.061178970262325785, 0.06080218607971551, 0.061178970262325785, 0.06080217056539189, 0.060802190338560325, 0.06117900377901703, 0.06117898050093157, 0.06117901503610675, 0.06117899364389481, 0.061179013632336424, 0.061179003427760885, 0.06117900822276655, 0.061179042515239215], [0.04042594317131643, 0.0, 0.03948518321671742, 0.04726707396444673, 0.055070821308445365, 0.038670184546247835, 0.0394387845816206, 0.040640472784260175, 0.07654816826187548, 0.04541684531580846, 0.050491463684810584, 0.04340284273236131, 0.08837332154597947, 0.034984482663500766, 0.05730173876632361, 0.0449104137731411, 0.07225264890992535, 0.052762815248340436, 0.044126472254316186, 0.06546158577694108, 0.057396594675299575, 0.057396638714222264, 0.05632485744556365, 0.05739661347340648, 0.05632488347591203, 0.05739662524175493, 0.05632490877987492, 0.05739657743367253, 0.0563249054341477, 0.05739657743367253, 0.05632484418893655, 0.05632488593134446, 0.05739664108457777, 0.057396615303337825, 0.057396620171262715, 0.057396638812298256, 0.05739663752013861, 0.05739662481722868, 0.05739663869738696, 0.05739663038289513], [0.04534931761404139, 0.03948518321671742, 0.0, 0.06651882801030086, 0.05278079430005677, 0.05383362083958725, 0.03965718728991764, 0.05590473747094246, 0.06964487548931685, 0.045644892740379216, 0.04840380256879588, 0.04902262044018939, 0.08550025079996518, 0.050896557061143, 0.06163462315248704, 0.05583102924542855, 0.06492497752419998, 0.07237388394222044, 0.05585491941710663, 0.07211468683931747, 0.06968144357802941, 0.06968138095636789, 0.06739191951448265, 0.06968143322962236, 0.06739193816980377, 0.06968142945479279, 0.06739195786339287, 0.06968142392386538, 0.06739195369581805, 0.06968142392386538, 0.0673919137017003, 0.0673919545245803, 0.06968138547057498, 0.06968140860653066, 0.06968145129419566, 0.06968143767586538, 0.06968138940503213, 0.0696813782462734, 0.06968139016249371, 0.06968146078319049], [0.06109387794263505, 0.04726707396444673, 0.06651882801030086, 0.0, 0.058414072603435827, 0.060103426575195434, 0.055201570814497156, 0.04708797147031894, 0.06229591078367636, 0.060091586970429774, 0.07370621850203701, 0.04591367454359597, 0.07242017955150214, 0.049875527788753184, 0.032956577388871984, 0.048867082537032924, 0.06444885779931012, 0.05713924663136554, 0.054414495061489945, 0.05119379398667985, 0.06029013926996521, 0.06029012060773008, 0.061335248966385, 0.0602901412719195, 0.0613352777392006, 0.06029012040189496, 0.06133527393240547, 0.0602901030357592, 0.06133527778888605, 0.0602901030357592, 0.061335232615401705, 0.06133527358872298, 0.060290122473452085, 0.06029014932531614, 0.060290067431181954, 0.06029013335022819, 0.060290105835707195, 0.060290092039698866, 0.060290131081643286, 0.060290076179542594], [0.040692023136591905, 0.055070821308445365, 0.05278079430005677, 0.058414072603435827, 0.0, 0.03909327004541211, 0.034792423221056516, 0.05624690459219789, 0.04988868601015185, 0.048798623707478055, 0.04821416321242438, 0.0502710193957448, 0.05757579266686595, 0.05451953290575826, 0.04326952264415772, 0.057541433794097034, 0.044664631525973664, 0.05521904904649335, 0.0554419849905476, 0.07994591248009038, 0.07125605622289286, 0.07125602056555402, 0.07306364984473165, 0.07125603373688227, 0.07306367173525846, 0.07125603549037289, 0.07306367655359226, 0.07125605743494604, 0.07306366554791609, 0.07125605743494604, 0.07306363547736505, 0.0730636737238868, 0.07125602531972432, 0.07125603673359406, 0.071256048876551, 0.07125605034558334, 0.07125604155029751, 0.07125603107405637, 0.07125604526885172, 0.07125606477915515], [0.037021832197917735, 0.038670184546247835, 0.05383362083958725, 0.060103426575195434, 0.03909327004541211, 0.0, 0.03262097463610921, 0.04742669867528526, 0.06897668765258744, 0.04226696785505512, 0.04460792687347113, 0.04228089508097404, 0.07230066829587284, 0.04895534067720211, 0.05833594401934778, 0.0451287093861511, 0.0605616357454082, 0.04140230522906846, 0.04796394811690533, 0.08271675363445642, 0.06329197748889936, 0.06329202414225096, 0.05939760047479596, 0.06329197399743011, 0.05939761968324702, 0.06329199731205806, 0.05939763232331822, 0.06329198703104555, 0.0593976186340129, 0.06329198703104555, 0.05939758434410544, 0.059397619715882935, 0.06329202719030393, 0.06329198852013418, 0.06329201329492275, 0.0632920097182964, 0.06329204132178899, 0.0632920299279101, 0.06329203016094116, 0.06329202262654698], [0.03161837513573745, 0.0394387845816206, 0.03965718728991764, 0.055201570814497156, 0.034792423221056516, 0.03262097463610921, 0.0, 0.03801433440268687, 0.051126764071620895, 0.02408169939846248, 0.04211416175235281, 0.037748923851091125, 0.059224834701140996, 0.04874739420410763, 0.04746511103358286, 0.05006652892804968, 0.045898918618523535, 0.04607525443318562, 0.05161295957443449, 0.06804742705417305, 0.0564703983116163, 0.0564703260471793, 0.05562927092918652, 0.05647037011613545, 0.05562929161342249, 0.05647037494204829, 0.05562929602833734, 0.056470383392104063, 0.05562927818095363, 0.056470383392104063, 0.05562924908944529, 0.05562928994156693, 0.056470330715906875, 0.05647035939398772, 0.05647039647830839, 0.05647038882792713, 0.056470345685701556, 0.05647033626621262, 0.0564