{"Bond": [[0.0, 0.021998989535625596, 0.03835264041731607, 0.016682685695111832, 0.06245713473281207, 0.03909187584341131, 0.015492814508467982, 0.018075830238039017, 0.017903526376659006, 0.018787985109014763, 0.026543497169482195, 0.0171729303647547, 0.010494279898639153, 0.024103194048721466, 0.013561876843090893, 0.028225752281352212, 0.01652488192413133, 0.020089858728348408, 0.1659531337584596, 0.07274338319456117, 0.029284085385160877, 0.029363226066015786, 0.029256344411475725, 0.02925631833152698, 0.029361983581595877, 0.029362887730180923, 0.029280432698886864, 0.029358252197035, 0.02925554317288922, 0.02940618317989735, 0.029284115583321977, 0.029283295737792772, 0.029362807426880966, 0.029283295737767345, 0.029255591778842766, 0.029404947656760133, 0.029281787957199146, 0.02935781774931041, 0.029285326007299543, 0.02928340484667602], [0.021998989535625596, 0.0, 0.028256331717579925, 0.012475698343731639, 0.06396371378832443, 0.041763674179972975, 0.013888450017527568, 0.015738798145166683, 0.017161603717682147, 0.01803689104604878, 0.025748447758380418, 0.016242827112754196, 0.019403615396213398, 0.013172102122452076, 0.014276509200952818, 0.01861234800648289, 0.018831702066925356, 0.016870365786073933, 0.17597943695961632, 0.07195793918949973, 0.026312819659155808, 0.02638846378490667, 0.026291810262429986, 0.026291769060313247, 0.026390800741105478, 0.02639196584983916, 0.026307951130251948, 0.026382963270742295, 0.0262906815904665, 0.026423291551446217, 0.026312786109352424, 0.02631168626452147, 0.026391916107999364, 0.02631168626455789, 0.02629069999969458, 0.026425615747621728, 0.026305709870150212, 0.02638643182540778, 0.026310485498989653, 0.02631175220705088], [0.03835264041731607, 0.028256331717579925, 0.0, 0.03380556441245108, 0.06706679487091594, 0.05491028629548843, 0.026899138907500175, 0.03121340473163799, 0.036225781884642295, 0.03546903998237136, 0.024172172321717766, 0.038294494519121494, 0.035997044892493626, 0.02194763255826498, 0.032945999171238846, 0.03440116706789515, 0.034870021974103424, 0.03414029993095389, 0.18124338541451396, 0.06832555640146444, 0.047285864417217625, 0.0473843041716051, 0.047288584491649285, 0.04728854640259796, 0.04738490099765221, 0.047387137877649345, 0.047280227089242594, 0.047379888862822045, 0.04728636534130138, 0.047397260507530396, 0.04728585557603162, 0.04728363408969971, 0.04738709955032074, 0.047283634089603274, 0.047286381382679946, 0.04739785469572901, 0.04727974436853037, 0.04738269576177916, 0.047285268821462445, 0.04728371621610428], [0.016682685695111832, 0.012475698343731639, 0.03380556441245108, 0.0, 0.06324505943151629, 0.03712302929633778, 0.01605159884735223, 0.014649499578217276, 0.013858915679944565, 0.01637028894196468, 0.028450565050215187, 0.012718480857000326, 0.01765281266835836, 0.019071026283210078, 0.012501635771644218, 0.020823337311312574, 0.016125884679359617, 0.01467409281827, 0.1739575962068852, 0.07455060729760155, 0.023545981953380167, 0.02359544926679576, 0.02352501186072407, 0.02352498887928184, 0.023595207680457187, 0.0235941220683495, 0.023544085633807485, 0.02359099081871959, 0.023526181006591443, 0.023623490221517995, 0.023545973230236047, 0.023547136116582136, 0.023594101615811082, 0.023547136116737703, 0.023526218366286777, 0.023623249922634555, 0.023544435873993866, 0.023589592601213932, 0.023546223041268233, 0.02354722473657901], [0.06245713473281207, 0.06396371378832443, 0.06706679487091594, 0.06324505943151629, 0.0, 0.06458224874106488, 0.06222491766265985, 0.06128174446409355, 0.06436936216137094, 0.06172376774106835, 0.058717923281273086, 0.062493286813904585, 0.06634914738743565, 0.06394196197884972, 0.061318043784730054, 0.0670132750346612, 0.05906625132295701, 0.05648538932838889, 0.14265518103307143, 0.057301498313861395, 0.0673701364285445, 0.06736874976064659, 0.06737292323754089, 0.06737287945225356, 0.06736863134278688, 0.06736813317918315, 0.06736900808346896, 0.06736720102761497, 0.06737345990376548, 0.06736289177675388, 0.06737017532371573, 0.06737082407459537, 0.06736799335143187, 0.0673708240745458, 0.06737355034975383, 0.0673627738398661, 0.06736921198026025, 0.06736647169859772, 0.06737025435239777, 0.06737083284615449], [0.03909187584341131, 0.041763674179972975, 0.05491028629548843, 0.03712302929633778, 0.06458224874106488, 0.0, 0.04370573708313469, 0.04224227136160698, 0.03620443164572687, 0.039407107918368676, 0.05426192972793867, 0.03481135339810921, 0.042624621267580834, 0.04199601108528428, 0.038713928816650055, 0.048075088664699256, 0.043150344872094334, 0.04018405029247085, 0.15389284175084955, 0.094087587562232, 0.04693423305746817, 0.046928346469450925, 0.04693651459946541, 0.04693652612745415, 0.04693018669921609, 0.04693100927578642, 0.046932564191905835, 0.04692753183807794, 0.04693585519885622, 0.04692516069048302, 0.0469342315097754, 0.046933583889433014, 0.04693094964693679, 0.0469335838897468, 0.04693589581572182, 0.04692699341158918, 0.04693073770719259, 0.046930052325047565, 0.04693240061998904, 0.04693358830923671], [0.015492814508467982, 0.013888450017527568, 0.026899138907500175, 0.01605159884735223, 0.06222491766265985, 0.04370573708313469, 0.0, 0.01417788070134549, 0.018397418158097745, 0.018259407923825906, 0.017254047532590137, 0.0189000970908183, 0.013332367114570774, 0.015114530004181717, 0.013243255672982384, 0.023278002372048332, 0.015969317369906415, 0.015485132844543345, 0.17132117369938096, 0.06972033105561945, 0.030844657346849203, 0.030942946606637226, 0.030830057207844715, 0.030830011158692692, 0.030943121544453844, 0.03094439056490256, 0.03083943002507121, 0.03093718384787049, 0.030828841547535905, 0.030973697004512066, 0.030844663224752645, 0.03084345425043854, 0.030944324018027155, 0.0308434542503996, 0.03082888425552657, 0.030973871043814966, 0.030839390000062784, 0.030938565326955148, 0.030844482578345437, 0.030843563195396904], [0.018075830238039017, 0.015738798145166683, 0.03121340473163799, 0.014649499578217276, 0.06128174446409355, 0.04224227136160698, 0.01417788070134549, 0.0, 0.014316164539099901, 0.01154838821310174, 0.023363696995393524, 0.014730196669844712, 0.015143203888762165, 0.019948612521954415, 0.012537599958974209, 0.020009544793738482, 0.015703081235872742, 0.015966273932132593, 0.17182629052506718, 0.06733089161523022, 0.024200635993206085, 0.024286868272983382, 0.02419646514233866, 0.024196476205822322, 0.02428436443388045, 0.024283851685324858, 0.02419927429523885, 0.02428376703609114, 0.02419709951929738, 0.024303625655509642, 0.02420066336349361, 0.02420124322431625, 0.02428380004057149, 0.02420124322450221, 0.02419714136130326, 0.02430113392152611, 0.024201878563165163, 0.024280655329734686, 0.02420313807408254, 0.024201335586183266], [0.017903526376659006, 0.017161603717682147, 0.036225781884642295, 0.013858915679944565, 0.06436936216137094, 0.03620443164572687, 0.018397418158097745, 0.014316164539099901, 0.0, 0.00999066415359095, 0.02920235394602016, 0.008030912312713424, 0.017346677074797933, 0.021267762043484604, 0.012629276564124107, 0.021795803575647837, 0.019833224664570846, 0.01869031872807586, 0.17163356276195468, 0.07261938640145368, 0.020594347048396147, 0.02063037518265226, 0.020564348154083027, 0.020564356560953203, 0.02063108350577443, 0.020633693869412825, 0.020590042121088135, 0.02062686133982355, 0.020561861087703043, 0.020672321547981997, 0.02059433783131142, 0.020591835334645606, 0.020633640000049604, 0.020591835334549814, 0.02056188637137959, 0.020673025502037833, 0.02058938918572678, 0.020630087197662475, 0.020593640404586055, 0.020591885770745444], [0.018787985109014763, 0.01803689104604878, 0.03546903998237136, 0.01637028894196468, 0.06172376774106835, 0.039407107918368676, 0.018259407923825906, 0.01154838821310174, 0.00999066415359095, 0.0, 0.02850499007746194, 0.01160148939795684, 0.017564041870453802, 0.021169560419361647, 0.012475639639594123, 0.021824233810719372, 0.017831529778578502, 0.019553624489586106, 0.17069329277579548, 0.06847753275129263, 0.02110959538279154, 0.0211520024271273, 0.021101850360719137, 0.0211018874799357, 0.02114852266497803, 0.021150928291313566, 0.021104760040965263, 0.021148760921103942, 0.021099608513462844, 0.021168019756189257, 0.021109604123611535, 0.02110728854018347, 0.02115086111657218, 0.02110728854007783, 0.021099640184651665, 0.021164557051190438, 0.021108308276475196, 0.02114755817353442, 0.021113067101616353, 0.021107368688183383], [0.026543497169482195, 0.025748447758380418, 0.024172172321717766, 0.028450565050215187, 0.058717923281273086, 0.05426192972793867, 0.017254047532590137, 0.023363696995393524, 0.02920235394602016, 0.02850499007746194, 0.0, 0.03027420138108101, 0.02390968802725944, 0.02470934281753148, 0.023735554278294296, 0.03023201313233442, 0.023626919492795526, 0.02466647608006978, 0.1713733763339491, 0.05890472843710487, 0.03915139924589124, 0.03924466410458971, 0.03914433601932157, 0.039144270492506746, 0.03924565075351213, 0.03924738892911343, 0.03914658442363308, 0.03924014338052628, 0.03914260187249207, 0.03926767728900604, 0.03915142838326946, 0.03914971516548566, 0.03924732302263271, 0.03914971516529863, 0.03914263887237328, 0.039268659269961634, 0.03914573654409654, 0.039242827238452974, 0.039150414323240616, 0.03914981288871845], [0.0171729303647547, 0.016242827112754196, 0.038294494519121494, 0.012718480857000326, 0.062493286813904585, 0.03481135339810921, 0.0189000970908183, 0.014730196669844712, 0.008030912312713424, 0.01160148939795684, 0.03027420138108101, 0.0, 0.016814598521124883, 0.022806653527170474, 0.011887535787675806, 0.022178764384728957, 0.017937799057768895, 0.016315793811479108, 0.1688678680144278, 0.07223901663260958, 0.019761669619103365, 0.019757542452811253, 0.019729514410957785, 0.019729512502495536, 0.019759845475679008, 0.019760383135183236, 0.019758877622430296, 0.019753904237603332, 0.019729102377583765, 0.01979239626490425, 0.019761666326074692, 0.019761252611707858, 0.019760313562947246, 0.0197612526118109, 0.01972913196595121, 0.01979468569751182, 0.01975662445772117, 0.01975664200780331, 0.01975937636136656, 0.01976129651752991], [0.010494279898639153, 0.019403615396213398, 0.035997044892493626, 0.01765281266835836, 0.06634914738743565, 0.042624621267580834, 0.013332367114570774, 0.015143203888762165, 0.017346677074797933, 0.017564041870453802, 0.02390968802725944, 0.016814598521124883, 0.0, 0.023239183771433716, 0.012305498689306558, 0.025274589107118252, 0.01436695560768838, 0.019760744216062606, 0.16955128121529084, 0.07249537127907327, 0.028524596660484867, 0.028620633000970827, 0.02851560247291886, 0.028515587091806464, 0.02862020148314596, 0.02862194819074721, 0.028520160952261227, 0.028616349094433564, 0.02851395468981228, 0.028646559676251925, 0.028524630718440927, 0.02852292846125511, 0.028621889610104926, 0.02852292846122405, 0.02851398659131662, 0.02864613033724927, 0.028520689679765527, 0.028617582781691013, 0.028525027828635943, 0.02852304075469381], [0.024103194048721466, 0.013172102122452076, 0.02194763255826498, 0.019071026283210078, 0.06394196197884972, 0.04199601108528428, 0.015114530004181717, 0.019948612521954415, 0.021267762043484604, 0.021169560419361647, 0.02470934281753148, 0.022806653527170474, 0.023239183771433716, 0.0, 0.017842407758432082, 0.02088797756582172, 0.02373691463906986, 0.022722947850301, 0.1750607916836211, 0.07226645140058892, 0.032356439387729224, 0.032432353634497924, 0.03232870198163943, 0.032328679809985855, 0.032433089293169536, 0.03243525015134391, 0.03234999597377785, 0.03242602481611834, 0.032326604289049626, 0.032474934814939314, 0.03235639982102932, 0.032354316341970814, 0.03243517796209029, 0.032354316342039634, 0.03232662766632873, 0.03247566646164395, 0.032349364392148854, 0.03242886969772891, 0.03235570504519014, 0.032354390980464144], [0.013561876843090893, 0.014276509200952818, 0.032945999171238846, 0.012501635771644218, 0.061318043784730054, 0.038713928816650055, 0.013243255672982384, 0.012537599958974209, 0.012629276564124107, 0.012475639639594123, 0.023735554278294296, 0.011887535787675806, 0.012305498689306558, 0.017842407758432082, 0.0, 0.020250955320896852, 0.013364850148267975, 0.017414131438194532, 0.167907234883094, 0.07012302637455936, 0.02352581025005546, 0.0236281656894206, 0.023509059516895667, 0.023509014916036002, 0.02362900656365969, 0.023629646138461035, 0.02352218295999546, 0.023623154446379895, 0.023508516437850294, 0.023662598099191256, 0.023525820716848743, 0.023525263443944826, 0.023629569365634297, 0.023525263444025075, 0.02350853525443805, 0.023663434267169138, 0.02352145183112954, 0.023624545290116625, 0.023524969190623465, 0.023525360816616995], [0.028225752281352212, 0.01861234800648289, 0.03440116706789515, 0.020823337311312574, 0.0670132750346612, 0.048075088664699256, 0.023278002372048332, 0.020009544793738482, 0.021795803575647837, 0.021824233810719372, 0.03023201313233442, 0.022178764384728957, 0.025274589107118252, 0.02088797756582172, 0.020250955320896852, 0.0, 0.024629781689906254, 0.02249082907841382, 0.17767638682136383, 0.06921172986750529, 0.021892676768173025, 0.022073277555938325, 0.02188980382023266, 0.021889798349321605, 0.022073974794845665, 0.02207192109766778, 0.021891157533466293, 0.022067444021751346, 0.021891967292461824, 0.022101629453334427, 0.02189262509514862, 0.021894763777524886, 0.022071833703626503, 0.021894763778129295, 0.021891956751224743, 0.02210232290894878, 0.02189053270648097, 0.022066050228566635, 0.02189197667352382, 0.02189482522414723], [0.01652488192413133, 0.018831702066925356, 0.034870021974103424, 0.016125884679359617, 0.05906625132295701, 0.043150344872094334, 0.015969317369906415, 0.015703081235872742, 0.019833224664570846, 0.017831529778578502, 0.023626919492795526, 0.017937799057768895, 0.01436695560768838, 0.02373691463906986, 0.013364850148267975, 0.024629781689906254, 0.0, 0.016469940515580577, 0.16757907848695217, 0.06758289059625562, 0.027982845288905395, 0.02805510600387616, 0.0279553346858653, 0.027955323229897314, 0.028053121164088524, 0.028053593398284747, 0.027978928253072258, 0.028049616548554857, 0.027954977513151697, 0.028095238070039965, 0.027982861635272194, 0.02798248031071847, 0.028053502067289623, 0.027982480310508175, 0.027955026793464663, 0.028093264287098497, 0.027981029736466965, 0.02804800138942352, 0.027984826859134608, 0.027982587725633574], [0.020089858728348408, 0.016870365786073933, 0.03414029993095389, 0.01467409281827, 0.05648538932838889, 0.04018405029247085, 0.015485132844543345, 0.015966273932132593, 0.01869031872807586, 0.019553624489586106, 0.02466647608006978, 0.016315793811479108, 0.019760744216062606, 0.022722947850301, 0.017414131438194532, 0.02249082907841382, 0.016469940515580577, 0.0, 0.16905863235820223, 0.06864114930074315, 0.024892731577945415, 0.024957269945223452, 0.024905321386585907, 0.02490527890365735, 0.024958461368182562, 0.024957582966094228, 0.024889800428776428, 0.024953248831776537, 0.02490625736889121, 0.024949409019201868, 0.024892751901355363, 0.024893732225740685, 0.02495750923016611, 0.02489373222567712, 0.024906334772097645, 0.024950595874399965, 0.024888728195958887, 0.02495347537099225, 0.024891541963528357, 0.024893813161712765], [0.1659531337584596, 0.17597943695961632, 0.18124338541451396, 0.1739575962068852, 0.14265518103307143, 0.15389284175084955, 0.17132117369938096, 0.17182629052506718, 0.17163356276195468, 0.17069329277579548, 0.1713733763339491, 0.1688678680144278, 0.16955128121529084, 0.1750607916836211, 0.167907234883094, 0.17767638682136383, 0.16757907848695217, 0.16905863235820223, 0.0, 0.17637761216476897, 0.17666048305892484, 0.17675483966943495, 0.1766627988880276, 0.176662753887405, 0.17675652956614715, 0.17675594027357197, 0.17666084747239827, 0.17675325254086632, 0.17666353616116978, 0.1767674626626322, 0.17666052086197198, 0.17666130942939864, 0.17675577308426463, 0.17666130942948244, 0.17666357175312197, 0.17676914542978886, 0.17665919797031598, 0.17675419485544888, 0.17665879925694744, 0.17666132014683728], [0.07274338319456117, 0.07195793918949973, 0.06832555640146444, 0.07455060729760155, 0.057301498313861395, 0.094087587562232, 0.06972033105561945, 0.06733089161523022, 0.07261938640145368, 0.06847753275129263, 0.05890472843710487, 0.07223901663260958, 0.07249537127907327, 0.07226645140058892, 0.07012302637455936, 0.06921172986750529, 0.06758289059625562, 0.06864114930074315, 0.17637761216476897, 0.0, 0.07154844712966522, 0.07157225009876762, 0.07154262235840021, 0.07154258899572183, 0.07157113717911799, 0.07157194228046222, 0.07154648141967695, 0.07157058120616801, 0.071541774313988, 0.07158253955953289, 0.07154848819670714, 0.07154769495638799, 0.07157182872435398, 0.07154769495619337, 0.07154181267849975, 0.0715814314155955, 0.07154765897863186, 0.07157025782532267, 0.07154955578388593, 0.07154771241217872], [0.029284085385160877, 0.026312819659155808, 0.047285864417217625, 0.023545981953380167, 0.0673701364285445, 0.04693423305746817, 0.030844657346849203, 0.024200635993206085, 0.020594347048396147, 0.02110959538279154, 0.03915139924589124, 0.019761669619103365, 0.028524596660484867, 0.032356439387729224, 0.02352581025005546, 0.021892676768173025, 0.027982845288905395, 0.024892731577945415, 0.17666048305892484, 0.07154844712966522, 0.0, 0.00043476722881126596, 0.00019824794326245626, 0.00019820479761732766, 0.00043452837787421456, 0.00043440195439847627, 1.5184901061520534e-05, 0.0004331655959375865, 0.00019868902519326202, 0.0004566805306413287, 1.615805069205768e-07, 1.3215866985969483e-05, 0.00043432778298162374, 1.3215868208057373e-05, 0.00019867206534626396, 0.00045645408989515926, 2.0932574175008363e-05, 0.0004327706574679028, 1.437953006281869e-05, 1.3216041978108246e-05], [0.029363226066015786, 0.02638846378490667, 0.0473843041716051, 0.02359544926679576, 0.06736874976064659, 0.046928346469450925, 0.030942946606637226, 0.024286868272983382, 0.02063037518265226, 0.0211520024271273, 0.03924466410458971, 0.019757542452811253, 0.028620633000970827, 0.032432353634497924, 0.0236281656894206, 0.022073277555938325, 0.02805510600387616, 0.024957269945223452, 0.17675483966943495, 0.07157225009876762, 0.00043476722881126596, 0.0, 0.000390399961774802, 0.0003904884975808395, 1.4439421622677033e-05, 1.955361005896717e-05, 0.00043447612991726325, 1.1214301168690652e-05, 0.00039019758521168733, 0.00020314139933641742, 0.0004347510774163797, 0.00043459898823550327, 1.954185541316773e-05, 0.00043459898823550327, 0.0003902454456163349, 0.00020365181126287175, 0.0004341404556450787, 2.2539977298871677e-05, 0.00043452837772396197, 0.0004345194043672356], [0.029256344411475725, 0.026291810262429986, 0.047288584491649285, 0.02352501186072407, 0.06737292323754089, 0.04693651459946541, 0.030830057207844715, 0.02419646514233866, 0.020564348154083027, 0.021101850360719137, 0.03914433601932157, 0.019729514410957785, 0.02851560247291886, 0.03232870198163943, 0.023509059516895667, 0.02188980382023266, 0.0279553346858653, 0.024905321386585907, 0.1766627988880276, 0.07154262235840021, 0.00019824794326245626, 0.000390399961774802, 0.0, 2.286801836688985e-07, 0.000390127317842982, 0.00038999094411658715, 0.00019806481400675379, 0.0003850689204002595, 1.3216926254812229e-05, 0.0004977921029287726, 0.0001981526203181156, 0.0001986902203999347, 0.000389865210488671, 0.0001986902204812217, 1.3217210360335134e-05, 0.0004975791940562664, 0.000198581851607166, 0.00038464063455478437, 0.00019878171542765205, 0.0001986405437715562], [0.02925631833152698, 0.026291769060313247, 0.04728854640259796, 0.02352498887928184, 0.06737287945225356, 0.04693652612745415, 0.030830011158692692, 0.024196476205822322, 0.020564356560953203, 0.0211018874799357, 0.039144270492506746, 0.019729512502495536, 0.028515587091806464, 0.032328679809985855, 0.023509014916036002, 0.021889798349321605, 0.027955323229897314, 0.02490527890365735, 0.176662753887405, 0.07154258899572183, 0.00019820479761732766, 0.0003904884975808395, 2.286801836688985e-07, 0.0, 0.0003902203897378794, 0.0003900840350605958, 0.00019802093501292392, 0.00038515770927178097, 1.3215666910910853e-05, 0.0004978571551654135, 0.00019810948559362783, 0.00019864717757832136, 0.00038995832513598046, 0.00019864717765962606, 1.321550269962983e-05, 0.000497647767940387, 0.0001985294603087914, 0.00038473409713303997, 0.00019872993687885856, 0.0001985975333243043], [0.029361983581595877, 0.026390800741105478, 0.04738490099765221, 0.023595207680457187, 0.06736863134278688, 0.04693018669921609, 0.030943121544453844, 0.02428436443388045, 0.02063108350577443, 0.02114852266497803, 0.03924565075351213, 0.019759845475679008, 0.02862020148314596, 0.032433089293169536, 0.02362900656365969, 0.022073974794845665, 0.028053121164088524, 0.024958461368182562, 0.17675652956614715, 0.07157113717911799, 0.00043452837787421456, 1.4439421622677033e-05, 0.000390127317842982, 0.0003902203897378794, 0.0, 1.3217302362798296e-05, 0.0004342372052741126, 1.830660230125443e-05, 0.00038992920430241923, 0.0002036518113073198, 0.00043451304680169596, 0.000434359611889372, 1.3216991094711885e-05, 0.000434359611889372, 0.0003899786615458194, 0.00020314139942517073, 0.00043438196192178914, 1.728399261961331e-05, 0.0004347672287233854, 0.0004342828169234968], [0.029362887730180923, 0.02639196584983916, 0.047387137877649345, 0.0235941220683495, 0.06736813317918315, 0.04693100927578642, 0.03094439056490256, 0.024283851685324858, 0.020633693869412825, 0.021150928291313566, 0.03924738892911343, 0.019760383135183236, 0.02862194819074721, 0.03243525015134391, 0.023629646138461035, 0.02207192109766778, 0.028053593398284747, 0.024957582966094228, 0.17675594027357197, 0.07157194228046222, 0.00043440195439847627, 1.955361005896717e-05, 0.00038999094411658715, 0.0003900840350605958, 1.3217302362798296e-05, 0.0, 0.0004345135567957011, 2.2596099105946945e-05, 0.0003902405273515574, 0.00020318537006904728, 0.00043438661270433723, 0.0004346351372615007, 2.593478727716567e-07, 0.00043463513729866056, 0.0003902899216776648, 0.00020267587244443688, 0.0004346572205811744, 1.1213233851817106e-05, 0.0004346399007502624, 0.00043455836350147207], [0.029280432698886864, 0.026307951130251948, 0.047280227089242594, 0.023544085633807485, 0.06736900808346896, 0.046932564191905835, 0.03083943002507121, 0.02419927429523885, 0.020590042121088135, 0.021104760040965263, 0.03914658442363308, 0.019758877622430296, 0.028520160952261227, 0.03234999597377785, 0.02352218295999546, 0.021891157533466293, 0.027978928253072258, 0.024889800428776428, 0.17666084747239827, 0.07154648141967695, 1.5184901061520534e-05, 0.00043447612991726325, 0.00019806481400675379, 0.00019802093501292392, 0.0004342372052741126, 0.0004345135567957011, 0.0, 0.000432738069963749, 0.00019762303223703389, 0.0004570008166800743, 1.5160409908026824e-05, 7.427227889502759e-06, 0.0004344377983373089, 7.427227889502502e-06, 0.00019760772975029034, 0.00045677461655910543, 1.4451926452155856e-05, 0.0004327469899337158, 2.091117498530784e-05, 7.505480794647108e-06], [0.029358252197035, 0.026382963270742295, 0.047379888862822045, 0.02359099081871959, 0.06736720102761497, 0.04692753183807794, 0.03093718384787049, 0.02428376703609114, 0.02062686133982355, 0.021148760921103942, 0.03924014338052628, 0.019753904237603332, 0.028616349094433564, 0.03242602481611834, 0.023623154446379895, 0.022067444021751346, 0.028049616548554857, 0.024953248831776537, 0.17675325254086632, 0.07157058120616801, 0.0004331655959375865, 1.1214301168690652e-05, 0.0003850689204002595, 0.00038515770927178097, 1.830660230125443e-05, 2.2596099105946945e-05, 0.000432738069963749, 0.0, 0.00038486255544130154, 0.0002112696375836677, 0.00043314683731354893, 0.0004329955166414962, 2.2504991383482618e-05, 0.0004329955166414962, 0.0003849115585744896, 0.00021176251435318797, 0.00043240241278048414, 1.9617429532686914e-05, 0.00043292485570707947, 0.0004329169155375583], [0.02925554317288922, 0.0262906815904665, 0.04728636534130138, 0.023526181006591443, 0.06737345990376548, 0.04693585519885622, 0.030828841547535905, 0.02419709951929738, 0.020561861087703043, 0.021099608513462844, 0.03914260187249207, 0.019729102377583765, 0.02851395468981228, 0.032326604289049626, 0.023508516437850294, 0.021891967292461824, 0.027954977513151697, 0.02490625736889121, 0.17666353616116978, 0.071541774313988, 0.00019868902519326202, 0.00039019758521168733, 1.3216926254812229e-05, 1.3215666910910853e-05, 0.00038992920430241923, 0.0003902405273515574, 0.00019762303223703389, 0.00038486255544130154, 0.0, 0.0004979874109467025, 0.00019859396195030273, 0.0001982514041389104, 0.0003901148586175176, 0.0001982514041389104, 1.5051298962147213e-07, 0.0004977780215707652, 0.00019813270278566558, 0.0003848925500061656, 0.00019921303004629098, 0.00019820164361372154], [0.02940618317989735, 0.026423291551446217, 0.047397260507530396, 0.023623490221517995, 0.06736289177675388, 0.04692516069048302, 0.030973697004512066, 0.024303625655509642, 0.020672321547981997, 0.021168019756189257, 0.03926767728900604, 0.01979239626490425, 0.028646559676251925, 0.032474934814939314, 0.023662598099191256, 0.022101629453334427, 0.028095238070039965, 0.024949409019201868, 0.1767674626626322, 0.07158253955953289, 0.0004566805306413287, 0.00020314139933641742, 0.0004977921029287726, 0.0004978571551654135, 0.0002036518113073198, 0.00020318537006904728, 0.0004570008166800743, 0.0002112696375836677, 0.0004979874109467025, 0.0, 0.00045670867892363807, 0.00045690593611999176, 0.00020330141703976462, 0.0004569059361553402, 0.0004980258204088954, 1.4379530062817273e-05, 0.00045667832901597947, 0.00021128218372899074, 0.0004564540898951592, 0.00045684368509317286], [0.029284115583321977, 0.026312786109352424, 0.04728585557603162, 0.023545973230236047, 0.06737017532371573, 0.0469342315097754, 0.030844663224752645, 0.02420066336349361, 0.02059433783131142, 0.021109604123611535, 0.03915142838326946, 0.019761666326074692, 0.028524630718440927, 0.03235639982102932, 0.023525820716848743, 0.02189262509514862, 0.027982861635272194, 0.024892751901355363, 0.17666052086197198, 0.07154848819670714, 1.615805069205768e-07, 0.0004347510774163797, 0.0001981526203181156, 0.00019810948559362783, 0.00043451304680169596, 0.00043438661270433723, 1.5160409908026824e-05, 0.00043314683731354893, 0.00019859396195030273, 0.00045670867892363807, 0.0, 1.321647250438545e-05, 0.0004343124122196676, 1.3216473726416712e-05, 0.00019857696195182124, 0.00045648303815902345, 2.0897270571723223e-05, 0.000432752722789195, 1.4355465354437416e-05, 1.3215832054612668e-05], [0.029283295737792772, 0.02631168626452147, 0.04728363408969971, 0.023547136116582136, 0.06737082407459537, 0.046933583889433014, 0.03084345425043854, 0.02420124322431625, 0.020591835334645606, 0.02110728854018347, 0.03914971516548566, 0.019761252611707858, 0.02852292846125511, 0.032354316341970814, 0.023525263443944826, 0.021894763777524886, 0.02798248031071847, 0.024893732225740685, 0.17666130942939864, 0.07154769495638799, 1.3215866985969483e-05, 0.00043459898823550327, 0.0001986902203999347, 0.00019864717757832136, 0.000434359611889372, 0.0004346351372615007, 7.427227889502759e-06, 0.0004329955166414962, 0.0001982514041389104, 0.00045690593611999176, 1.321647250438545e-05, 0.0, 0.00043456102351454565, 1.999669755379656e-12, 0.00019823435306312663, 0.000456679197148537, 1.6221598635071157e-05, 0.0004330035071759897, 1.9539815739292172e-05, 1.8254285808764725e-07], [0.029362807426880966, 0.026391916107999364, 0.04738709955032074, 0.023594101615811082, 0.06736799335143187, 0.04693094964693679, 0.030944324018027155, 0.02428380004057149, 0.020633640000049604, 0.02115086111657218, 0.03924732302263271, 0.019760313562947246, 0.028621889610104926, 0.03243517796209029, 0.023629569365634297, 0.022071833703626503, 0.028053502067289623, 0.02495750923016611, 0.17675577308426463, 0.07157182872435398, 0.00043432778298162374, 1.954185541316773e-05, 0.000389865210488671, 0.00038995832513598046, 1.3216991094711885e-05, 2.593478727716567e-07, 0.0004344377983373089, 2.2504991383482618e-05, 0.0003901148586175176, 0.00020330141703976462, 0.0004343124122196676, 0.00043456102351454565, 0.0, 0.00043456102355171177, 0.0003901642925787737, 0.00020279331913204934, 0.00043458098486235617, 1.1050277410857951e-05, 0.00043456525281655397, 0.00043448422876833046], [0.029283295737767345, 0.02631168626455789, 0.047283634089603274, 0.023547136116737703, 0.0673708240745458, 0.0469335838897468, 0.0308434542503996, 0.02420124322450221, 0.020591835334549814, 0.02110728854007783, 0.03914971516529863, 0.0197612526118109, 0.02852292846122405, 0.032354316342039634, 0.023525263444025075, 0.021894763778129295, 0.027982480310508175, 0.02489373222567712, 0.17666130942948244, 0.07154769495619337, 1.3215868208057373e-05, 0.00043459898823550327, 0.0001986902204812217, 0.00019864717765962606, 0.000434359611889372, 0.00043463513729866056, 7.427227889502502e-06, 0.0004329955166414962, 0.0001982514041389104, 0.0004569059361553402, 1.3216473726416712e-05, 1.999669755379656e-12, 0.00043456102355171177, 0.0, 0.00019823435306312663, 0.00045667919718390303, 1.6221598635071106e-05, 0.0004330035072132895, 1.9539816565857724e-05, 1.825428580492772e-07], [0.029255591778842766, 0.02629069999969458, 0.047286381382679946, 0.023526218366286777, 0.06737355034975383, 0.04693589581572182, 0.03082888425552657, 0.02419714136130326, 0.02056188637137959, 0.021099640184651665, 0.03914263887237328, 0.01972913196595121, 0.02851398659131662, 0.03232662766632873, 0.02350853525443805, 0.021891956751224743, 0.027955026793464663, 0.024906334772097645, 0.17666357175312197, 0.07154181267849975, 0.00019867206534626396, 0.0003902454456163349, 1.3217210360335134e-05, 1.321550269962983e-05, 0.0003899786615458194, 0.0003902899216776648, 0.00019760772975029034, 0.0003849115585744896, 1.5051298962147213e-07, 0.0004980258204088954, 0.00019857696195182124, 0.00019823435306312663, 0.0003901642925787737, 0.00019823435306312663, 0.0, 0.0004978176672296741, 0.00019811432265346576, 0.00038494313723334627, 0.00019919306574875997, 0.00019818457170019772], [0.029404947656760133, 0.026425615747621728, 0.04739785469572901, 0.023623249922634555, 0.0673627738398661, 0.04692699341158918, 0.030973871043814966, 0.02430113392152611, 0.020673025502037833, 0.021164557051190438, 0.039268659269961634, 0.01979468569751182, 0.02864613033724927, 0.03247566646164395, 0.023663434267169138, 0.02210232290894878, 0.028093264287098497, 0.024950595874399965, 0.17676914542978886, 0.0715814314155955, 0.00045645408989515926, 0.00020365181126287175, 0.0004975791940562664, 0.000497647767940387, 0.00020314139942517073, 0.00020267587244443688, 0.00045677461655910543, 0.00021176251435318797, 0.0004977780215707652, 1.4379530062817273e-05, 0.00045648303815902345, 0.000456679197148537, 0.00020279331913204934, 0.00045667919718390303, 0.0004978176672296741, 0.0, 0.0004569069706242543, 0.00021078831833842631, 0.0004566805306413287, 0.0004566195982310502], [0.029281787957199146, 0.026305709870150212, 0.04727974436853037, 0.023544435873993866, 0.06736921198026025, 0.04693073770719259, 0.030839390000062784, 0.024201878563165163, 0.02058938918572678, 0.021108308276475196, 0.03914573654409654, 0.01975662445772117, 0.028520689679765527, 0.032349364392148854, 0.02352145183112954, 0.02189053270648097, 0.027981029736466965, 0.024888728195958887, 0.17665919797031598, 0.07154765897863186, 2.0932574175008363e-05, 0.0004341404556450787, 0.000198581851607166, 0.0001985294603087914, 0.00043438196192178914, 0.0004346572205811744, 1.4451926452155856e-05, 0.00043240241278048414, 0.00019813270278566558, 0.00045667832901597947, 2.0897270571723223e-05, 1.6221598635071157e-05, 0.00043458098486235617, 1.6221598635071106e-05, 0.00019811432265346576, 0.0004569069706242543, 0.0, 0.0004328955391180126, 1.5142290278131422e-05, 1.6180039547537765e-05], [0.02935781774931041, 0.02638643182540778, 0.04738269576177916, 0.023589592601213932, 0.06736647169859772, 0.046930052325047565, 0.030938565326955148, 0.024280655329734686, 0.020630087197662475, 0.02114755817353442, 0.039242827238452974, 0.01975664200780331, 0.028617582781691013, 0.03242886969772891, 0.023624545290116625, 0.022066050228566635, 0.02804800138942352, 0.02495347537099225, 0.17675419485544888, 0.07157025782532267, 0.0004327706574679028, 2.2539977298871677e-05, 0.00038464063455478437, 0.00038473409713303997, 1.728399261961331e-05, 1.1213233851817106e-05, 0.0004327469899337158, 1.9617429532686914e-05, 0.0003848925500061656, 0.00021128218372899074, 0.000432752722789195, 0.0004330035071759897, 1.1050277410857951e-05, 0.0004330035072132895, 0.00038494313723334627, 0.00021078831833842631, 0.0004328955391180126, 0.0, 0.00043301141783854866, 0.0004329277416234091], [0.029285326007299543, 0.026310485498989653, 0.047285268821462445, 0.023546223041268233, 0.06737025435239777, 0.04693240061998904, 0.030844482578345437, 0.02420313807408254, 0.020593640404586055, 0.021113067101616353, 0.039150414323240616, 0.01975937636136656, 0.028525027828635943, 0.03235570504519014, 0.023524969190623465, 0.02189197667352382, 0.027984826859134608, 0.024891541963528357, 0.17665879925694744, 0.07154955578388593, 1.437953006281869e-05, 0.00043452837772396197, 0.00019878171542765205, 0.00019872993687885856, 0.0004347672287233854, 0.0004346399007502624, 2.091117498530784e-05, 0.00043292485570707947, 0.00019921303004629098, 0.0004564540898951592, 1.4355465354437416e-05, 1.9539815739292172e-05, 0.00043456525281655397, 1.9539816565857724e-05, 0.00019919306574875997, 0.0004566805306413287, 1.5142290278131422e-05, 0.00043301141783854866, 0.0, 1.9477135104332205e-05], [0.02928340484667602, 0.02631175220705088, 0.04728371621610428, 0.02354722473657901, 0.06737083284615449, 0.04693358830923671, 0.030843563195396904, 0.024201335586183266, 0.020591885770745444, 0.021107368688183383, 0.03914981288871845, 0.01976129651752991, 0.02852304075469381, 0.032354390980464144, 0.023525360816616995, 0.02189482522414723, 0.027982587725633574, 0.024893813161712765, 0.17666132014683728, 0.07154771241217872, 1.3216041978108246e-05, 0.0004345194043672356, 0.0001986405437715562, 0.0001985975333243043, 0.0004342828169234968, 0.00043455836350147207, 7.505480794647108e-06, 0.0004329169155375583, 0.00019820164361372154, 0.00045684368509317286, 1.3215832054612668e-05, 1.8254285808764725e-07, 0.00043448422876833046, 1.825428580492772e-07, 0.00019818457170019772, 0.0004566195982310502, 1.6180039547537765e-05, 0.0004329277416234091, 1.9477135104332205e-05, 0.0]], "Angle": [[0.0, 0.06180258432077135, 0.0942103765734698, 0.055908393642347835, 0.08651143339324084, 0.07429570683077542, 0.04922411261012888, 0.045529492317291004, 0.04690695670199369, 0.048761401346336455, 0.051803581797262015, 0.059896119690639335, 0.04540980724641039, 0.07038624223714657, 0.051801170579368075, 0.07855752958374637, 0.0306637779436809, 0.05301885580973098, 0.26229858600617567, 0.0615586818070084, 0.05938070248049567, 0.060018423838400566, 0.059113334131762965, 0.05911331229665789, 0.0600344322708631, 0.05996174391282522, 0.059443099103272654, 0.060014902670744844, 0.059187202200267165, 0.060333681551114474, 0.05938060326594808, 0.05945425353076865, 0.059961543675069215, 0.05945425353737379, 0.059187229082863974, 0.06034963302680846, 0.05945373563427399, 0.059931612807753186, 0.05936449065635345, 0.05945428816808589], [0.06180258432077135, 0.0, 0.06518624283514352, 0.05675522424178972, 0.07185748143804324, 0.07279692998604353, 0.042239128390926396, 0.05090370797285529, 0.06833970280041726, 0.05321383253861633, 0.057876559517897684, 0.05687407196762873, 0.058790606078822784, 0.04318486494386627, 0.056431218831218134, 0.07811171042455509, 0.04900543409398827, 0.036184695217071974, 0.28854644246254385, 0.07810795748823465, 0.054971568556734074, 0.05537344958909468, 0.054880243690310956, 0.05488021306731129, 0.05537575848176213, 0.055399305604657965, 0.054939833937992504, 0.05536293364928265, 0.05485643169102355, 0.0555665757806836, 0.05497145802389523, 0.054947815320689174, 0.055399172167183895, 0.054947815323376996, 0.05485646581659469, 0.05556887091988509, 0.054944567718105825, 0.05538194158515393, 0.05496924848084547, 0.05494783944764432], [0.0942103765734698, 0.06518624283514352, 0.0, 0.08927150164590153, 0.07619470155594435, 0.09288741973465689, 0.07758994981322197, 0.0775761886414519, 0.08872456339312654, 0.08584575922949715, 0.06909012909239683, 0.08444983397676556, 0.08905268169264093, 0.05951401248658323, 0.08176178393691541, 0.10954105874144508, 0.08227987780806914, 0.07952760236210685, 0.28318324049311155, 0.10672845273894777, 0.08898643055192831, 0.08959918446481853, 0.08913327697307076, 0.08913330455228047, 0.08959958395642323, 0.08965137996811723, 0.08893680292528389, 0.0895968545483796, 0.08908123386111906, 0.08960361993269772, 0.08898632453771499, 0.08893431161534666, 0.0896512458128965, 0.08893431161636398, 0.0890812832736174, 0.08960402416990536, 0.08893426493633835, 0.08965125717144165, 0.08898602351011381, 0.08893430835698667], [0.055908393642347835, 0.05675522424178972, 0.08927150164590153, 0.0, 0.08189467880640214, 0.07381347308981226, 0.05325695998210856, 0.039136821026177375, 0.045475396929203916, 0.03785745358811565, 0.0553059280037294, 0.05367501279737492, 0.043680876387050344, 0.06539361093113072, 0.04518755606394871, 0.04375292548484488, 0.044688134352635814, 0.03945505856594409, 0.2786722888522188, 0.0608826548223381, 0.04366651424841423, 0.043788371200602534, 0.04365524106806994, 0.04365524830865943, 0.043777508757970485, 0.043926339264941924, 0.04353687024521652, 0.04377702904442497, 0.04350561774616835, 0.04402050796611146, 0.0436664934465029, 0.04351691404896245, 0.04392626128658611, 0.04351691404237141, 0.043505600497777505, 0.04400970177948357, 0.0435212494894463, 0.043941287479439185, 0.04367740533614418, 0.04351693075397975], [0.08651143339324084, 0.07185748143804324, 0.07619470155594435, 0.08189467880640214, 0.0, 0.07968169586874238, 0.06540715717468777, 0.08510884749763271, 0.09127596080544985, 0.09155465640830283, 0.08169364302548296, 0.08558610417440503, 0.08842436377660208, 0.05277488381498189, 0.07863105291839377, 0.09976805352635937, 0.08134684382032126, 0.0735420189692566, 0.25279339389799804, 0.09779049323641618, 0.07440020717938486, 0.07493050190046698, 0.0745682514823516, 0.07456817587164821, 0.07493695752430812, 0.0750378691749496, 0.0742866129977513, 0.0749397176119642, 0.07446668085160874, 0.07493991499252224, 0.07440011196303592, 0.0742984452749157, 0.0750377969696373, 0.07429844527113959, 0.07446669787035723, 0.0749463603405419, 0.0743019932482484, 0.07502548633116153, 0.0743937145097282, 0.07429846032667173], [0.07429570683077542, 0.07279692998604353, 0.09288741973465689, 0.07381347308981226, 0.07968169586874238, 0.0, 0.07666313411191195, 0.05754755702709283, 0.06317613010262325, 0.06891665235518106, 0.07497204643624518, 0.07267692653010799, 0.061828943024934975, 0.087516600876501, 0.05212253645813049, 0.09586529087299483, 0.07500916698293643, 0.07422975356732138, 0.25292142698980885, 0.09596832187670051, 0.07835136104471249, 0.07856443278001163, 0.07826233721421376, 0.07826228948191824, 0.07857104550822352, 0.0785978661819475, 0.0783158511945106, 0.0785691611238342, 0.07823546691531144, 0.07872632690701407, 0.07835130756386118, 0.07832454282394151, 0.07859777663033202, 0.07832454281455109, 0.07823546092962862, 0.07873291581133054, 0.07832951877656391, 0.0785823259313141, 0.07834474004166497, 0.07832454677176971], [0.04922411261012888, 0.042239128390926396, 0.07758994981322197, 0.05325695998210856, 0.06540715717468777, 0.07666313411191195, 0.0, 0.05427301737689855, 0.06620828173944521, 0.05802246385370706, 0.05578021692287354, 0.05597516782296831, 0.05640326963277453, 0.04405171559328054, 0.05973258514203059, 0.08087637486385162, 0.048079222397291156, 0.0411643155484445, 0.272826997631126, 0.07551065068231583, 0.049401070711051265, 0.05026673929811858, 0.04935291690567529, 0.04935290735923877, 0.050258284504932, 0.0502304