{"Bond": [[0.0, 0.016966277815139846, 0.013134619927543648, 0.019267596351221192, 0.010742512041666655, 0.014868572504822838, 0.011933077725481186, 0.01812655604424612, 0.01385484814817646, 0.01453187905313874, 0.00986100254982512, 0.010266313628787008, 0.012174750509387107, 0.013510369626578232, 0.013488875173658254, 0.005626278754945964, 0.015758978865511593, 0.009539311641411426, 0.014625369920766289, 0.013929674628364752, 0.05017916035106805, 0.050179127442883345, 0.05017913614322948, 0.050182684710629345, 0.05017920979645313, 0.05017916035106805, 0.05017913614322948, 0.05017906882005853, 0.05017912058440255, 0.05017908101676753, 0.05017913614322948, 0.050179127442883345, 0.050179202000445004, 0.05017920979645313, 0.05017919413607106, 0.05017915531054722, 0.05017919413607106, 0.05017907903352991, 0.05017907903352991, 0.050179127442883345], [0.016966277815139846, 0.0, 0.015639479690299097, 0.020718374015866514, 0.018292403321874918, 0.013842332565955896, 0.012338931876542728, 0.020415782166814285, 0.014793159858202431, 0.019592698328522926, 0.01671865358352738, 0.01662887960325104, 0.017389184139156237, 0.013853568121788408, 0.018800130680026377, 0.016220796218185594, 0.014253716814211644, 0.021948505513181126, 0.017380947876623254, 0.010873288710062556, 0.04556353172990341, 0.045563508071632265, 0.04556351615125367, 0.045559496218878316, 0.04556359705760664, 0.04556353172990341, 0.04556351615125367, 0.04556345847069104, 0.045563497645111924, 0.04556343829963822, 0.04556351615125367, 0.045563508071632265, 0.04556357057458646, 0.04556359705760664, 0.045563583301221705, 0.045563535128618604, 0.045563583301221705, 0.04556343738621705, 0.04556343738621705, 0.045563508071632265], [0.013134619927543648, 0.015639479690299097, 0.0, 0.020344235766199602, 0.017339374593833744, 0.008884066256780333, 0.01007629370682541, 0.022571926283602595, 0.015123124044376993, 0.019521004982044916, 0.013527349959678886, 0.013861557750837692, 0.010300507160291465, 0.011099702466072803, 0.016607350788501108, 0.013721555397034237, 0.018694190845953983, 0.01608076947432895, 0.015067633504208748, 0.011518846119327207, 0.04562307153833762, 0.04562305107738246, 0.045623048371112015, 0.045665843584937756, 0.04562314687594859, 0.04562307153833762, 0.045623048371112015, 0.045622990252073586, 0.045623032086318745, 0.04562298042088115, 0.045623048371112015, 0.04562305107738246, 0.045623109815506255, 0.04562314687594859, 0.045623134113096014, 0.045623068676960345, 0.045623134113096014, 0.045622978320883245, 0.045622978320883245, 0.04562305107738246], [0.019267596351221192, 0.020718374015866514, 0.020344235766199602, 0.0, 0.012859138784896576, 0.02036078543672804, 0.014180499315034017, 0.008729721748745279, 0.010574304544693377, 0.008443521285772287, 0.018888730351262577, 0.01281278445560428, 0.017085419479781233, 0.01978741695610246, 0.018004138575847695, 0.018491912877559896, 0.01549504360716617, 0.017931738243167673, 0.024617190388102124, 0.016089494676046527, 0.04305603884985013, 0.04305600545907707, 0.04305601669949207, 0.04306246475661225, 0.04305608953663444, 0.04305603884985013, 0.04305601669949207, 0.043055964975362314, 0.04305600464582271, 0.043055956168127886, 0.04305601669949207, 0.04305600545907707, 0.04305606342684175, 0.04305608953663444, 0.04305609829642947, 0.043056021462682, 0.04305609829642947, 0.04305595526644043, 0.04305595526644043, 0.04305600545907707], [0.010742512041666655, 0.018292403321874918, 0.017339374593833744, 0.012859138784896576, 0.0, 0.01775843145896664, 0.011351599874868402, 0.012958873350595042, 0.009852195286532833, 0.007812910538646552, 0.013831035389161066, 0.008262343257583836, 0.016419335860695276, 0.01614574032272203, 0.017322433406172108, 0.008216614439178167, 0.012549242524701751, 0.013313859419449627, 0.01741935838406626, 0.01644991856084491, 0.048872128380253135, 0.04887208839694181, 0.048872108243260014, 0.04887385287570414, 0.048872170539133106, 0.048872128380253135, 0.048872108243260014, 0.04887204365744686, 0.048872095198568645, 0.04887204541222872, 0.048872108243260014, 0.04887208839694181, 0.04887216453071089, 0.048872170539133106, 0.048872165245760026, 0.048872122182368985, 0.048872165245760026, 0.048872045991312785, 0.048872045991312785, 0.04887208839694181], [0.014868572504822838, 0.013842332565955896, 0.008884066256780333, 0.02036078543672804, 0.01775843145896664, 0.0, 0.010824341714286418, 0.0204880946083303, 0.016332630701978462, 0.018359470410972, 0.010739460674363557, 0.015509559538808736, 0.011039507008372284, 0.00652203222819017, 0.018277161136473364, 0.014706248923007835, 0.016929352856199082, 0.01606600304002677, 0.013626281876498995, 0.012674419507682132, 0.04191784378954674, 0.04191782309072299, 0.041917813934413226, 0.04193859731012258, 0.04191792321090618, 0.04191784378954674, 0.041917813934413226, 0.041917765372279314, 0.04191780240271003, 0.0419177551480035, 0.041917813934413226, 0.04191782309072299, 0.041917885712800876, 0.04191792321090618, 0.041917905458848194, 0.04191784037057914, 0.041917905458848194, 0.0419177553441528, 0.0419177553441528, 0.04191782309072299], [0.011933077725481186, 0.012338931876542728, 0.01007629370682541, 0.014180499315034017, 0.011351599874868402, 0.010824341714286418, 0.0, 0.016240280344621886, 0.008952804755657101, 0.013561438213690337, 0.010583993311492238, 0.008438854491933732, 0.010728340211669683, 0.00966561491348978, 0.01380890381920001, 0.010467966622311281, 0.009642349030183241, 0.015631264935088932, 0.0137889640757556, 0.009115429512243868, 0.0450723054640108, 0.0450722786257236, 0.04507228817147892, 0.04508438069524214, 0.045072370438140934, 0.0450723054640108, 0.04507228817147892, 0.04507222139856019, 0.04507227121732287, 0.04507220942796553, 0.04507228817147892, 0.0450722786257236, 0.04507234728821435, 0.045072370438140934, 0.04507236632645119, 0.04507230055466407, 0.04507236632645119, 0.04507220868143356, 0.04507220868143356, 0.0450722786257236], [0.01812655604424612, 0.020415782166814285, 0.022571926283602595, 0.008729721748745279, 0.012958873350595042, 0.0204880946083303, 0.016240280344621886, 0.0, 0.012939802151522514, 0.0076206269979082145, 0.017467751876622455, 0.015588815196386033, 0.017236868440529813, 0.019504523427530673, 0.01743494214909852, 0.01830348086678662, 0.015280842728403939, 0.016993026924176455, 0.025055451460137837, 0.016889993026153793, 0.043799619674703465, 0.043799587675367166, 0.04379959353972064, 0.043784808530068074, 0.04379966308305286, 0.043799619674703465, 0.04379959353972064, 0.04379954909504942, 0.043799584209177615, 0.04379954715066322, 0.04379959353972064, 0.043799587675367166, 0.04379965165777522, 0.04379966308305286, 0.043799661243262386, 0.04379960250296749, 0.043799661243262386, 0.04379954759141959, 0.04379954759141959, 0.043799587675367166], [0.01385484814817646, 0.014793159858202431, 0.015123124044376993, 0.010574304544693377, 0.009852195286532833, 0.016332630701978462, 0.008952804755657101, 0.012939802151522514, 0.0, 0.011924724208028554, 0.015232598393490275, 0.00969679784207264, 0.014886108642004688, 0.016353973852602753, 0.01735323606086253, 0.012050735821829972, 0.011724010977001422, 0.01634694790643952, 0.020209846800091382, 0.009919950707060789, 0.048526187814408636, 0.04852615804557422, 0.048526166694153265, 0.048545573569435015, 0.04852624478488829, 0.048526187814408636, 0.048526166694153265, 0.04852611146095875, 0.04852615215481136, 0.04852610063686484, 0.048526166694153265, 0.04852615804557422, 0.04852621536911598, 0.04852624478488829, 0.04852624464083432, 0.04852617780640039, 0.04852624464083432, 0.048526099963001106, 0.048526099963001106, 0.04852615804557422], [0.01453187905313874, 0.019592698328522926, 0.019521004982044916, 0.008443521285772287, 0.007812910538646552, 0.018359470410972, 0.013561438213690337, 0.0076206269979082145, 0.011924724208028554, 0.0, 0.015121266339749757, 0.010590586656448776, 0.016014628465072483, 0.016847057242093958, 0.01636461289953882, 0.013931448376977868, 0.014125929414980023, 0.013496273479262053, 0.020161118316046615, 0.017087731072204536, 0.04434392898862415, 0.04434388952015311, 0.04434390409343446, 0.04433117569123794, 0.04434397286578336, 0.04434392898862415, 0.04434390409343446, 0.044343847619701664, 0.04434389353945639, 0.04434385018150535, 0.04434390409343446, 0.04434388952015311, 0.04434396358958382, 0.04434397286578336, 0.04434397006583303, 0.044343916588656614, 0.04434397006583303, 0.04434385027444572, 0.04434385027444572, 0.04434388952015311], [0.00986100254982512, 0.01671865358352738, 0.013527349959678886, 0.018888730351262577, 0.013831035389161066, 0.010739460674363557, 0.010583993311492238, 0.017467751876622455, 0.015232598393490275, 0.015121266339749757, 0.0, 0.011281710897898126, 0.00901574390847003, 0.007589044052375711, 0.013704721951807936, 0.010230652485621378, 0.012482991505476533, 0.011565769472324317, 0.013306322834370091, 0.013546746155532242, 0.04527836574104272, 0.045278336389299616, 0.0452783370048631, 0.04526932532629716, 0.04527842472754529, 0.04527836574104272, 0.0452783370048631, 0.04527827509111607, 0.0452783243075479, 0.0452782849991709, 0.0452783370048631, 0.045278336389299616, 0.04527841008159606, 0.04527842472754529, 0.04527841270863479, 0.045278358911168076, 0.04527841270863479, 0.04527828479371812, 0.04527828479371812, 0.045278336389299616], [0.010266313628787008, 0.01662887960325104, 0.013861557750837692, 0.01281278445560428, 0.008262343257583836, 0.015509559538808736, 0.008438854491933732, 0.015588815196386033, 0.00969679784207264, 0.010590586656448776, 0.011281710897898126, 0.0, 0.012761383997885425, 0.013257752294659026, 0.014063837354395514, 0.008468197699845342, 0.011283773239555305, 0.012486949206632798, 0.014837552363502468, 0.013135155320339702, 0.04734958424669469, 0.04734954686022709, 0.047349562377161404, 0.04734905993458923, 0.04734963752100692, 0.04734958424669469, 0.047349562377161404, 0.04734949257103591, 0.04734954662811678, 0.047349496275811455, 0.047349562377161404, 0.04734954686022709, 0.04734961829472426, 0.04734963752100692, 0.047349637014345296, 0.047349576788818654, 0.047349637014345296, 0.04734949459753808, 0.04734949459753808, 0.04734954686022709], [0.012174750509387107, 0.017389184139156237, 0.010300507160291465, 0.017085419479781233, 0.016419335860695276, 0.011039507008372284, 0.010728340211669683, 0.017236868440529813, 0.014886108642004688, 0.016014628465072483, 0.00901574390847003, 0.012761383997885425, 0.0, 0.009765704688291148, 0.009783657196901762, 0.01459711944216968, 0.015731112506740093, 0.013330098288394801, 0.017477500346449855, 0.010381086539413909, 0.04330935132502767, 0.043309331751340475, 0.04330932336910774, 0.04332304031266161, 0.04330942050350352, 0.04330935132502767, 0.04330932336910774, 0.043309268979965294, 0.043309308800299456, 0.043309269043844675, 0.04330932336910774, 0.043309331751340475, 0.04330939356141928, 0.04330942050350352, 0.04330941132850291, 0.04330934116983288, 0.04330941132850291, 0.04330926702628527, 0.04330926702628527, 0.043309331751340475], [0.013510369626578232, 0.013853568121788408, 0.011099702466072803, 0.01978741695610246, 0.01614574032272203, 0.00652203222819017, 0.00966561491348978, 0.019504523427530673, 0.016353973852602753, 0.016847057242093958, 0.007589044052375711, 0.013257752294659026, 0.009765704688291148, 0.0, 0.015072384275034042, 0.013354109354090482, 0.013090337008581114, 0.016314544810732422, 0.01056483710213382, 0.013111189101800882, 0.04305461675092521, 0.0430545925196679, 0.04305459069152233, 0.04305014927125438, 0.04305469062637142, 0.04305461675092521, 0.04305459069152233, 0.043054534403897886, 0.043054577813022014, 0.04305452566389618, 0.04305459069152233, 0.0430545925196679, 0.04305466561479383, 0.04305469062637142, 0.04305467735024981, 0.043054615400173954, 0.04305467735024981, 0.043054526515109555, 0.043054526515109555, 0.0430545925196679], [0.013488875173658254, 0.018800130680026377, 0.016607350788501108, 0.018004138575847695, 0.017322433406172108, 0.018277161136473364, 0.01380890381920001, 0.01743494214909852, 0.01735323606086253, 0.01636461289953882, 0.013704721951807936, 0.014063837354395514, 0.009783657196901762, 0.015072384275034042, 0.0, 0.016845887489680727, 0.015945167314430003, 0.016758197516130918, 0.01953725481112687, 0.013597829117632224, 0.04566047605479725, 0.04566045394813952, 0.0456604584690408, 0.04564328611168646, 0.045660532494682396, 0.04566047605479725, 0.0456604584690408, 0.04566038917930838, 0.04566043891256142, 0.04566039182387189, 0.0456604584690408, 0.04566045394813952, 0.04566052727967627, 0.045660532494682396, 0.045660525782575546, 0.045660467217950335, 0.045660525782575546, 0.045660388015387625, 0.045660388015387625, 0.04566045394813952], [0.005626278754945964, 0.016220796218185594, 0.013721555397034237, 0.018491912877559896, 0.008216614439178167, 0.014706248923007835, 0.010467966622311281, 0.01830348086678662, 0.012050735821829972, 0.013931448376977868, 0.010230652485621378, 0.008468197699845342, 0.01459711944216968, 0.013354109354090482, 0.016845887489680727, 0.0, 0.013576844260073329, 0.011415678256467186, 0.013240626001434934, 0.014723703665606453, 0.05053781315352052, 0.05053777624040006, 0.0505377906175674, 0.05054295028524523, 0.050537861769339824, 0.05053781315352052, 0.0505377906175674, 0.05053772160898908, 0.05053777575315241, 0.05053772976502479, 0.0505377906175674, 0.05053777624040006, 0.05053785152100414, 0.050537861769339824, 0.050537849895104035, 0.050537809916976026, 0.050537849895104035, 0.05053772909832279, 0.05053772909832279, 0.05053777624040006], [0.015758978865511593, 0.014253716814211644, 0.018694190845953983, 0.01549504360716617, 0.012549242524701751, 0.016929352856199082, 0.009642349030183241, 0.015280842728403939, 0.011724010977001422, 0.014125929414980023, 0.012482991505476533, 0.011283773239555305, 0.015731112506740093, 0.013090337008581114, 0.015945167314430003, 0.013576844260073329, 0.0, 0.01991385644273047, 0.016664205720075372, 0.01365234889448687, 0.047487575320586575, 0.04748754442750901, 0.047487559549641345, 0.04746487161498041, 0.04748763077050501, 0.047487575320586575, 0.047487559549641345, 0.04748749466944857, 0.04748754402001714, 0.04748748235949963, 0.047487559549641345, 0.04748754442750901, 0.04748761825016527, 0.04748763077050501, 0.047487631949820946, 0.047487571461041406, 0.047487631949820946, 0.04748748375994363, 0.04748748375994363, 0.04748754442750901], [0.009539311641411426, 0.021948505513181126, 0.01608076947432895, 0.017931738243167673, 0.013313859419449627, 0.01606600304002677, 0.015631264935088932, 0.016993026924176455, 0.01634694790643952, 0.013496273479262053, 0.011565769472324317, 0.012486949206632798, 0.013330098288394801, 0.016314544810732422, 0.016758197516130918, 0.011415678256467186, 0.01991385644273047, 0.0, 0.01901076402096233, 0.01742475459264303, 0.0464261985789414, 0.04642616208979204, 0.046426164097671065, 0.04643321752513951, 0.046426244706445574, 0.0464261985789414, 0.046426164097671065, 0.04642610292579474, 0.046426153067752766, 0.046426130921768505, 0.046426164097671065, 0.04642616208979204, 0.04642623099670956, 0.046426244706445574, 0.046426230012600704, 0.04642618430532873, 0.046426230012600704, 0.04642612790522385, 0.04642612790522385, 0.04642616208979204], [0.014625369920766289, 0.017380947876623254, 0.015067633504208748, 0.024617190388102124, 0.01741935838406626, 0.013626281876498995, 0.0137889640757556, 0.025055451460137837, 0.020209846800091382, 0.020161118316046615, 0.013306322834370091, 0.014837552363502468, 0.017477500346449855, 0.01056483710213382, 0.01953725481112687, 0.013240626001434934, 0.016664205720075372, 0.01901076402096233, 0.0, 0.01910230902423229, 0.049757985719282805, 0.04975795444096136, 0.04975796410154667, 0.04974129841057658, 0.049758055821693396, 0.049757985719282805, 0.04975796410154667, 0.04975789400233595, 0.04975794974240051, 0.04975788949654208, 0.04975796410154667, 0.04975795444096136, 0.04975803927491807, 0.049758055821693396, 0.049758041010931564, 0.04975798794206036, 0.049758041010931564, 0.049757889477491685, 0.049757889477491685, 0.04975795444096136], [0.013929674628364752, 0.010873288710062556, 0.011518846119327207, 0.016089494676046527, 0.01644991856084491, 0.012674419507682132, 0.009115429512243868, 0.016889993026153793, 0.009919950707060789, 0.017087731072204536, 0.013546746155532242, 0.013135155320339702, 0.010381086539413909, 0.013111189101800882, 0.013597829117632224, 0.014723703665606453, 0.01365234889448687, 0.01742475459264303, 0.01910230902423229, 0.0, 0.04641849967489247, 0.04641848135049512, 0.04641847696423374, 0.04643486991083307, 0.046418570760619365, 0.04641849967489247, 0.04641847696423374, 0.04641842413763543, 0.04641845974972317, 0.046418411126057976, 0.04641847696423374, 0.04641848135049512, 0.04641853370680961, 0.046418570760619365, 0.04641856413229789, 0.04641849112529426, 0.04641856413229789, 0.04641840855473188, 0.04641840855473188, 0.04641848135049512], [0.05017916035106805, 0.04556353172990341, 0.04562307153833762, 0.04305603884985013, 0.048872128380253135, 0.04191784378954674, 0.0450723054640108, 0.043799619674703465, 0.048526187814408636, 0.04434392898862415, 0.04527836574104272, 0.04734958424669469, 0.04330935132502767, 0.04305461675092521, 0.04566047605479725, 0.05053781315352052, 0.047487575320586575, 0.0464261985789414, 0.049757985719282805, 0.04641849967489247, 0.0, 8.451955298057658e-08, 8.553222270340268e-08, 0.0002357033719203684, 1.4815056207073613e-07, 0.0, 8.553222270340268e-08, 1.3206438115218613e-07, 6.794569200215066e-08, 1.2652467885939404e-07, 8.553222270340268e-08, 8.451955298057658e-08, 1.1163011302447798e-07, 1.4815056207073613e-07, 1.6821066279123935e-07, 6.730297264171717e-08, 1.6821066279123935e-07, 1.287457938600544e-07, 1.287457938600544e-07, 8.451955298057658e-08], [0.050179127442883345, 0.045563508071632265, 0.04562305107738246, 0.04305600545907707, 0.04887208839694181, 0.04191782309072299, 0.0450722786257236, 0.043799587675367166, 0.04852615804557422, 0.04434388952015311, 0.045278336389299616, 0.04734954686022709, 0.043309331751340475, 0.0430545925196679, 0.04566045394813952, 0.05053777624040006, 0.04748754442750901, 0.04642616208979204, 0.04975795444096136, 0.04641848135049512, 8.451955298057658e-08, 0.0, 1.1586784739983821e-07, 0.00023568099872309147, 1.332847589594464e-07, 8.451955298057658e-08, 1.1586784739983821e-07, 1.0821335871707417e-07, 1.0161610756853559e-07, 1.4683259216575972e-07, 1.1586784739983821e-07, 0.0, 1.3087865876606024e-07, 1.332847589594464e-07, 1.5911907110525361e-07, 1.1427084858318323e-07, 1.5911907110525361e-07, 1.4952273611364006e-07, 1.4952273611364006e-07, 0.0], [0.05017913614322948, 0.04556351615125367, 0.045623048371112015, 0.04305601669949207, 0.048872108243260014, 0.041917813934413226, 0.04507228817147892, 0.04379959353972064, 0.048526166694153265, 0.04434390409343446, 0.0452783370048631, 0.047349562377161404, 0.04330932336910774, 0.04305459069152233, 0.0456604584690408, 0.0505377906175674, 0.047487559549641345, 0.046426164097671065, 0.04975796410154667, 0.04641847696423374, 8.553222270340268e-08, 1.1586784739983821e-07, 0.0, 0.000235703383155648, 1.9778000910513312e-07, 8.553222270340268e-08, 0.0, 1.4824115392991847e-07, 4.422041978253617e-08, 1.6794934117299603e-07, 0.0, 1.1586784739983821e-07, 1.2207944780835454e-07, 1.9778000910513312e-07, 2.053361543782887e-07, 7.462984187885487e-08, 2.053361543782887e-07, 1.6962890755005838e-07, 1.6962890755005838e-07, 1.1586784739983821e-07], [0.050182684710629345, 0.045559496218878316, 0.045665843584937756, 0.04306246475661225, 0.04887385287570414, 0.04193859731012258, 0.04508438069524214, 0.043784808530068074, 0.048545573569435015, 0.04433117569123794, 0.04526932532629716, 0.04734905993458923, 0.04332304031266161, 0.04305014927125438, 0.04564328611168646, 0.05054295028524523, 0.04746487161498041, 0.04643321752513951, 0.04974129841057658, 0.04643486991083307, 0.0002357033719203684, 0.00023568099872309147, 0.000235703383155648, 0.0, 0.0002356809759205619, 0.0002357033719203684, 0.000235703383155648, 0.00023567314715147427, 0.00023570338402594297, 0.00023570347201286738, 0.000235703383155648, 0.00023568099872309147, 0.00023574642075187654, 0.0002356809759205619, 0.0002356810092097409, 0.00023570337557671215, 0.0002356810092097409, 0.00023570347209779264, 0.00023570347209779264, 0.00023568099872309147], [0.05017920979645313, 0.04556359705760664, 0.04562314687594859, 0.04305608953663444, 0.048872170539133106, 0.04191792321090618, 0.045072370438140934, 0.04379966308305286, 0.04852624478488829, 0.04434397286578336, 0.04527842472754529, 0.04734963752100692, 0.04330942050350352, 0.04305469062637142, 0.045660532494682396, 0.050537861769339824, 0.04748763077050501, 0.046426244706445574, 0.049758055821693396, 0.046418570760619365, 1.4815056207073613e-07, 1.332847589594464e-07, 1.9778000910513312e-07, 0.0002356809759205619, 0.0, 1.4815056207073613e-07, 1.9778000910513312e-07, 2.0098530227936817e-07, 1.8933833108534117e-07, 2.457192581857757e-07, 1.9778000910513312e-07, 1.332847589594464e-07, 1.6139229219383136e-07, 0.0, 8.248255679752332e-08, 1.7451598407849838e-07, 8.248255679752332e-08, 2.4733619293617506e-07, 2.4733619293617506e-07, 1.332847589594464e-07], [0.05017916035106805, 0.04556353172990341, 0.04562307153833762, 0.04305603884985013, 0.048872128380253135, 0.04191784378954674, 0.0450723054640108, 0.043799619674703465, 0.048526187814408636, 0.04434392898862415, 0.04527836574104272, 0.04734958424669469, 0.04330935132502767, 0.04305461675092521, 0.04566047605479725, 0.05053781315352052, 0.047487575320586575, 0.0464261985789414, 0.049757985719282805, 0.04641849967489247, 0.0, 8.451955298057658e-08, 8.553222270340268e-08, 0.0002357033719203684, 1.4815056207073613e-07, 0.0, 8.553222270340268e-08, 1.3206438115218613e-07, 6.794569200215066e-08, 1.2652467885939404e-07, 8.553222270340268e-08, 8.451955298057658e-08, 1.1163011302447798e-07, 1.4815056207073613e-07, 1.6821066279123935e-07, 6.730297264171717e-08, 1.6821066279123935e-07, 1.287457938600544e-07, 1.287457938600544e-07, 8.451955298057658e-08], [0.05017913614322948, 0.04556351615125367, 0.045623048371112015, 0.04305601669949207, 0.048872108243260014, 0.041917813934413226, 0.04507228817147892, 0.04379959353972064, 0.048526166694153265, 0.04434390409343446, 0.0452783370048631, 0.047349562377161404, 0.04330932336910774, 0.04305459069152233, 0.0456604584690408, 0.0505377906175674, 0.047487559549641345, 0.046426164097671065, 0.04975796410154667, 0.04641847696423374, 8.553222270340268e-08, 1.1586784739983821e-07, 0.0, 0.000235703383155648, 1.9778000910513312e-07, 8.553222270340268e-08, 0.0, 1.4824115392991847e-07, 4.422041978253617e-08, 1.6794934117299603e-07, 0.0, 1.1586784739983821e-07, 1.2207944780835454e-07, 1.9778000910513312e-07, 2.053361543782887e-07, 7.462984187885487e-08, 2.053361543782887e-07, 1.6962890755005838e-07, 1.6962890755005838e-07, 1.1586784739983821e-07], [0.05017906882005853, 0.04556345847069104, 0.045622990252073586, 0.043055964975362314, 0.04887204365744686, 0.041917765372279314, 0.04507222139856019, 0.04379954909504942, 0.04852611146095875, 0.044343847619701664, 0.04527827509111607, 0.04734949257103591, 0.043309268979965294, 0.043054534403897886, 0.04566038917930838, 0.05053772160898908, 0.04748749466944857, 0.04642610292579474, 0.04975789400233595, 0.04641842413763543, 1.3206438115218613e-07, 1.0821335871707417e-07, 1.4824115392991847e-07, 0.00023567314715147427, 2.0098530227936817e-07, 1.3206438115218613e-07, 1.4824115392991847e-07, 0.0, 1.1710366560324027e-07, 1.3893496835006446e-07, 1.4824115392991847e-07, 1.0821335871707417e-07, 1.9872645707315685e-07, 2.0098530227936817e-07, 2.131269132413024e-07, 1.4060135369680415e-07, 2.131269132413024e-07, 1.306719324768812e-07, 1.306719324768812e-07, 1.0821335871707417e-07], [0.05017912058440255, 0.045563497645111924, 0.045623032086318745, 0.04305600464582271, 0.048872095198568645, 0.04191780240271003, 0.04507227121732287, 0.043799584209177615, 0.04852615215481136, 0.04434389353945639, 0.0452783243075479, 0.04734954662811678, 0.043309308800299456, 0.043054577813022014, 0.04566043891256142, 0.05053777575315241, 0.04748754402001714, 0.046426153067752766, 0.04975794974240051, 0.04641845974972317, 6.794569200215066e-08, 1.0161610756853559e-07, 4.422041978253617e-08, 0.00023570338402594297, 1.8933833108534117e-07, 6.794569200215066e-08, 4.422041978253617e-08, 1.1710366560324027e-07, 0.0, 1.4020385588187219e-07, 4.422041978253617e-08, 1.0161610756853559e-07, 1.233882474837666e-07, 1.8933833108534117e-07, 1.9896026581156112e-07, 6.883786257112021e-08, 1.9896026581156112e-07, 1.3816705876569115e-07, 1.3816705876569115e-07, 1.0161610756853559e-07], [0.05017908101676753, 0.04556343829963822, 0.04562298042088115, 0.043055956168127886, 0.04887204541222872, 0.0419177551480035, 0.04507220942796553, 0.04379954715066322, 0.04852610063686484, 0.04434385018150535, 0.0452782849991709, 0.047349496275811455, 0.043309269043844675, 0.04305452566389618, 0.04566039182387189, 0.05053772976502479, 0.04748748235949963, 0.046426130921768505, 0.04975788949654208, 0.046418411126057976, 1.2652467885939404e-07, 1.4683259216575972e-07, 1.6794934117299603e-07, 0.00023570347201286738, 2.457192581857757e-07, 1.2652467885939404e-07, 1.6794934117299603e-07, 1.3893496835006446e-07, 1.4020385588187219e-07, 0.0, 1.6794934117299603e-07, 1.4683259216575972e-07, 2.0753951148120918e-07, 2.457192581857757e-07, 2.651583205431863e-07, 1.5311671521868896e-07, 2.651583205431863e-07, 2.38114484268142e-08, 2.38114484268142e-08, 1.4683259216575972e-07], [0.05017913614322948, 0.04556351615125367, 0.045623048371112015, 0.04305601669949207, 0.048872108243260014, 0.041917813934413226, 0.04507228817147892, 0.04379959353972064, 0.048526166694153265, 0.04434390409343446, 0.0452783370048631, 0.047349562377161404, 0.04330932336910774, 0.04305459069152233, 0.0456604584690408, 0.0505377906175674, 0.047487559549641345, 0.046426164097671065, 0.04975796410154667, 0.04641847696423374, 8.553222270340268e-08, 1.1586784739983821e-07, 0.0, 0.000235703383155648, 1.9778000910513312e-07, 8.553222270340268e-08, 0.0, 1.4824115392991847e-07, 4.422041978253617e-08, 1.6794934117299603e-07, 0.0, 1.1586784739983821e-07, 1.2207944780835454e-07, 1.9778000910513312e-07, 2.053361543782887e-07, 7.462984187885487e-08, 2.053361543782887e-07, 1.6962890755005838e-07, 1.6962890755005838e-07, 1.1586784739983821e-07], [0.050179127442883345, 0.045563508071632265, 0.04562305107738246, 0.04305600545907707, 0.04887208839694181, 0.04191782309072299, 0.0450722786257236, 0.043799587675367166, 0.04852615804557422, 0.04434388952015311, 0.045278336389299616, 0.04734954686022709, 0.043309331751340475, 0.0430545925196679, 0.04566045394813952, 0.05053777624040006, 0.04748754442750901, 0.04642616208979204, 0.04975795444096136, 0.04641848135049512, 8.451955298057658e-08, 0.0, 1.1586784739983821e-07, 0.00023568099872309147, 1.332847589594464e-07, 8.451955298057658e-08, 1.1586784739983821e-07, 1.0821335871707417e-07, 1.0161610756853559e-07, 1.4683259216575972e-07, 1.1586784739983821e-07, 0.0, 1.3087865876606024e-07, 1.332847589594464e-07, 1.5911907110525361e-07, 1.1427084858318323e-07, 1.5911907110525361e-07, 1.4952273611364006e-07, 1.4952273611364006e-07, 0.0], [0.050179202000445004, 0.04556357057458646, 0.045623109815506255, 0.04305606342684175, 0.04887216453071089, 0.041917885712800876, 0.04507234728821435, 0.04379965165777522, 0.04852621536911598, 0.04434396358958382, 0.04527841008159606, 0.04734961829472426, 0.04330939356141928, 0.04305466561479383, 0.04566052727967627, 0.05053785152100414, 0.04748761825016527, 0.04642623099670956, 0.04975803927491807, 0.04641853370680961, 1.1163011302447798e-07, 1.3087865876606024e-07, 1.2207944780835454e-07, 0.00023574642075187654, 1.6139229219383136e-07, 1.1163011302447798e-07, 1.2207944780835454e-07, 1.9872645707315685e-07, 1.233882474837666e-07, 2.0753951148120918e-07, 1.2207944780835454e-07, 1.3087865876606024e-07, 0.0, 1.6139229219383136e-07, 1.9684572099604646e-07, 1.1708742008611965e-07, 1.9684572099604646e-07, 2.07635939049066e-07, 2.07635939049066e-07, 1.3087865876606024e-07], [0.05017920979645313, 0.04556359705760664, 0.04562314687594859, 0.04305608953663444, 0.048872170539133106, 0.04191792321090618, 0.045072370438140934, 0.04379966308305286, 0.04852624478488829, 0.04434397286578336, 0.04527842472754529, 0.04734963752100692, 0.04330942050350352, 0.04305469062637142, 0.045660532494682396, 0.050537861769339824, 0.04748763077050501, 0.046426244706445574, 0.049758055821693396, 0.046418570760619365, 1.4815056207073613e-07, 1.332847589594464e-07, 1.9778000910513312e-07, 0.0002356809759205619, 0.0, 1.4815056207073613e-07, 1.9778000910513312e-07, 2.0098530227936817e-07, 1.8933833108534117e-07, 2.457192581857757e-07, 1.9778000910513312e-07, 1.332847589594464e-07, 1.6139229219383136e-07, 0.0, 8.248255679752332e-08, 1.7451598407849838e-07, 8.248255679752332e-08, 2.4733619293617506e-07, 2.4733619293617506e-07, 1.332847589594464e-07], [0.05017919413607106, 0.045563583301221705, 0.045623134113096014, 0.04305609829642947, 0.048872165245760026, 0.041917905458848194, 0.04507236632645119, 0.043799661243262386, 0.04852624464083432, 0.04434397006583303, 0.04527841270863479, 0.047349637014345296, 0.04330941132850291, 0.04305467735024981, 0.045660525782575546, 0.050537849895104035, 0.047487631949820946, 0.046426230012600704, 0.049758041010931564, 0.04641856413229789, 1.6821066279123935e-07, 1.5911907110525361e-07, 2.053361543782887e-07, 0.0002356810092097409, 8.248255679752332e-08, 1.6821066279123935e-07, 2.053361543782887e-07, 2.131269132413024e-07, 1.9896026581156112e-07, 2.651583205431863e-07, 2.053361543782887e-07, 1.5911907110525361e-07, 1.9684572099604646e-07, 8.248255679752332e-08, 0.0, 1.9992386305441715e-07, 0.0, 2.6665740838400885e-07, 2.6665740838400885e-07, 1.5911907110525361e-07], [0.05017915531054722, 0.045563535128618604, 0.045623068676960345, 0.043056021462682, 0.048872122182368985, 0.04191784037057914, 0.04507230055466407, 0.04379960250296749, 0.04852617780640039, 0.044343916588656614, 0.045278358911168076, 0.047349576788818654, 0.04330934116983288, 0.043054615400173954, 0.045660467217950335, 0.050537809916976026, 0.047487571461041406, 0.04642618430532873, 0.04975798794206036, 0.04641849112529426, 6.730297264171717e-08, 1.1427084858318323e-07, 7.462984187885487e-08, 0.00023570337557671215, 1.7451598407849838e-07, 6.730297264171717e-08, 7.462984187885487e-08, 1.4060135369680415e-07, 6.883786257112021e-08, 1.5311671521868896e-07, 7.462984187885487e-08, 1.1427084858318323e-07, 1.1708742008611965e-07, 1.7451598407849838e-07, 1.9992386305441715e-07, 0.0, 1.9992386305441715e-07, 1.512539037617815e-07, 1.512539037617815e-07, 1.1427084858318323e-07], [0.05017919413607106, 0.045563583301221705, 0.045623134113096014, 0.04305609829642947, 0.048872165245760026, 0.041917905458848194, 0.04507236632645119, 0.043799661243262386, 0.04852624464083432, 0.04434397006583303, 0.04527841270863479, 0.047349637014345296, 0.04330941132850291, 0.04305467735024981, 0.045660525782575546, 0.050537849895104035, 0.047487631949820946, 0.046426230012600704, 0.049758041010931564, 0.04641856413229789, 1.6821066279123935e-07, 1.5911907110525361e-07, 2.053361543782887e-07, 0.0002356810092097409, 8.248255679752332e-08, 1.6821066279123935e-07, 2.053361543782887e-07, 2.131269132413024e-07, 1.9896026581156112e-07, 2.651583205431863e-07, 2.053361543782887e-07, 1.5911907110525361e-07, 1.9684572099604646e-07, 8.248255679752332e-08, 0.0, 1.9992386305441715e-07, 0.0, 2.6665740838400885e-07, 2.6665740838400885e-07, 1.5911907110525361e-07], [0.05017907903352991, 0.04556343738621705, 0.045622978320883245, 0.04305595526644043, 0.048872045991312785, 0.0419177553441528, 0.04507220868143356, 0.04379954759141959, 0.048526099963001106, 0.04434385027444572, 0.04527828479371812, 0.04734949459753808, 0.04330926702628527, 0.043054526515109555, 0.045660388015387625, 0.05053772909832279, 0.04748748375994363, 0.04642612790522385, 0.049757889477491685, 0.04641840855473188, 1.287457938600544e-07, 1.4952273611364006e-07, 1.6962890755005838e-07, 0.00023570347209779264, 2.4733619293617506e-07, 1.287457938600544e-07, 1.6962890755005838e-07, 1.306719324768812e-07, 1.3816705876569115e-07, 2.38114484268142e-08, 1.6962890755005838e-07, 1.4952273611364006e-07, 2.07635939049066e-07, 2.4733619293617506e-07, 2.6665740838400885e-07, 1.512539037617815e-07, 2.6665740838400885e-07, 0.0, 0.0, 1.4952273611364006e-07], [0.05017907903352991, 0.04556343738621705, 0.045622978320883245, 0.04305595526644043, 0.048872045991312785, 0.0419177553441528, 0.04507220868143356, 0.04379954759141959, 0.048526099963001106, 0.04434385027444572, 0.04527828479371812, 0.04734949459753808, 0.04330926702628527, 0.043054526515109555, 0.045660388015387625, 0.05053772909832279, 0.04748748375994363, 0.04642612790522385, 0.049757889477491685, 0.04641840855473188, 1.287457938600544e-07, 1.4952273611364006e-07, 1.6962890755005838e-07, 0.00023570347209779264, 2.4733619293617506e-07, 1.287457938600544e-07, 1.6962890755005838e-07, 1.306719324768812e-07, 1.3816705876569115e-07, 2.38114484268142e-08, 1.6962890755005838e-07, 1.4952273611364006e-07, 2.07635939049066e-07, 2.4733619293617506e-07, 2.6665740838400885e-07, 1.512539037617815e-07, 2.6665740838400885e-07, 0.0, 0.0, 1.4952273611364006e-07], [0.050179127442883345, 0.045563508071632265, 0.04562305107738246, 0.04305600545907707, 0.04887208839694181, 0.04191782309072299, 0.0450722786257236, 0.043799587675367166, 0.04852615804557422, 0.04434388952015311, 0.045278336389299616, 0.04734954686022709, 0.043309331751340475, 0.0430545925196679, 0.04566045394813952, 0.05053777624040006, 0.04748754442750901, 0.04642616208979204, 0.04975795444096136, 0.04641848135049512, 8.451955298057658e-08, 0.0, 1.1586784739983821e-07, 0.00023568099872309147, 1.332847589594464e-07, 8.451955298057658e-08, 1.1586784739983821e-07, 1.0821335871707417e-07, 1.0161610756853559e-07, 1.4683259216575972e-07, 1.1586784739983821e-07, 0.0, 1.3087865876606024e-07, 1.332847589594464e-07, 1.5911907110525361e-07, 1.1427084858318323e-07, 1.5911907110525361e-07, 1.4952273611364006e-07, 1.4952273611364006e-07, 0.0]], "Angle": [[0.0, 0.04991103651987989, 0.05860081352780802, 0.06707242485263479, 0.05932614818592456, 0.052144385728975576, 0.04342681630714147, 0.06726542053824, 0.0443528350941103, 0.0459253055991643, 0.04137447855860462, 0.03939851008102582, 0.0473052492451264, 0.056002052271889396, 0.061030106728761184, 0.02423532761932695, 0.05775488465806147, 0.051301981197504364, 0.06144346178749894, 0.04439801359361224, 0.06119010270445913, 0.06090871887990994, 0.061210029742173495, 0.06263258113953159, 0.06090871378998532, 0.06119010270445913, 0.061210029742173495, 0.06127041703329473, 0.06121002728931825, 0.061314035892905974, 0.061210029742173495, 0.06090871887990994, 0.06118830414548058, 0.06090871378998532, 0.06090864290060959, 0.06119012383370044, 0.06090864290060959, 0.061314029888533995, 0.061314029888533995, 0.06090871887990994], [0.04991103651987989, 0.0, 0.05555619794174307, 0.05852010144608704, 0.06657969223702087, 0.047114228639405974, 0.04448237299138251, 0.060321057543064965, 0.043494283426421046, 0.0455277121103083, 0.0511104723135364, 0.048538837481398533, 0.052370337542451864, 0.06119491329105311, 0.06655764367394465, 0.04624382110637185, 0.0552213014788301, 0.05658926693183778, 0.068113620229554, 0.04737634467541061, 0.08268917678074685, 0.0831482444529902, 0.08291075666536946, 0.08469029815056721, 0.083148244228813, 0.08268917678074685, 0.08291075666536946, 0.0828267033686241, 0.08291075861381957, 0.08250703836636179, 0.08291075666536946, 0.0831482444529902, 0.08257279458525685, 0.083148244228813, 0.0831481569926925, 0.08268918928452848, 0.0831481569926925, 0.08250703503742624, 0.08250703503742624, 0.0831482444529902], [0.05860081352780802, 0.05555619794174307, 0.0, 0.07730834610288055, 0.08825769545082747, 0.04985667163637212, 0.051484631777940104, 0.08790710385007577, 0.05863148147053823, 0.07929998626152547, 0.04741669116694156, 0.06621663647116094, 0.0366366225554261, 0.05425076273724924, 0.07378433321210881, 0.06627638398012888, 0.05597799870654313, 0.06665522391081478, 0.06907725415504265, 0.039534063925033086, 0.07415883666615673, 0.07390508532311257, 0.07429821899863326, 0.07856412957527513, 0.07390508123335333, 0.07415883666615673, 0.07429821899863326, 0.07442527711516139, 0.07429820864186773, 0.07452353822317029, 0.07429821899863326, 0.07390508532311257, 0.07402398094640797, 0.07390508123335333, 0.07390501978459232, 0.07415886132054474, 0.07390501978459232, 0.07452353799598589, 0.07452353799598589, 0.07390508532311257], [0.06707242485263479, 0.05852010144608704, 0.07730834610288055, 0.0, 0.03940857185420723, 0.05248237766239486, 0.04483651162111292, 0.029343476683369007, 0.05070472494610632, 0.06082788898702386, 0.06672593926754583, 0.06194922092587791, 0.051497455385452945, 0.05497885046509851, 0.06432210936584572, 0.05738034818364938, 0.0614395392227321, 0.04635645250040204, 0.08536245380734755, 0.06233138090313938, 0.07811433159334873, 0.079371810940853, 0.0783011460705166, 0.07878576920375788, 0.0793718088260603, 0.07811433159334873, 0.0783011460705166, 0.07816867134596583, 0.07830117109102717, 0.07803139670588494, 0.0783011460705166, 0.079371810940853, 0.07791128447313202, 0.0793718088260603, 0.0793717293285993, 0.07811434311978538, 0.0793717293285993, 0.07803139896860134, 0.07803139896860134, 0.079371810940853], [0.05932614818592456, 0.06657969223702087, 0.08825769545082747, 0.03940857185420723, 0.0, 0.06247956029999047, 0.049318277183862766, 0.028387348810510925, 0.059949175027498997, 0.05049836372171655, 0.06313194473210477, 0.0610860615237204, 0.06506723666677443, 0.06197628626158389, 0.05978409094405606, 0.054235558803051795, 0.06979186752835825, 0.054354876688661555, 0.07631953963955766, 0.07085228025136828, 0.07088566026922559, 0.07187848537692354, 0.07099946467333636, 0.06919041246434131, 0.0718784869821313, 0.07088566026922559, 0.07099946467333636, 0.07087818936392479, 0.07099949810490053, 0.07076226777756998, 0.07099946467333636, 0.07187848537692354, 0.07076206228253057, 0.0718784869821313, 0.07187841254108651, 0.07088567598129338, 0.07187841254108651, 0.07076227044532772, 0.07076227044532772, 0.07187848537692354], [0.052144385728975576, 0.047114228639405974, 0.04985667163637212, 0.05248237766239486, 0.06247956029999047, 0.0, 0.02733030292652874, 0.0570583893133285, 0.042025550975230856, 0.053343004273035094, 0.03729835239337908, 0.048854721598488235, 0.034278120262106755, 0.041268888781693124, 0.05308192780596105, 0.0472820686647991, 0.04648152299224236, 0.05481150756040107, 0.06262757819088863, 0.03942163575592377, 0.058981860344590964, 0.05937442381286149, 0.05915198383894495, 0.05983350377525883, 0.05937441876256721, 0.058981860344590964, 0.05915198383894495, 0.05921784426542198, 0.059151984020680504, 0.05933585757942563, 0.05915198383894495, 0.05937442381286149, 0.05876922160157022, 0.05937441876256721, 0.05937434268311991, 0.05898188231875638, 0.05937434268311991, 0.0593358537180184, 0.0593358537180184, 0.05937442381286149], [0.04342681630714147, 0.04448237299138251, 0.051484631777940104, 0.04483651162111292, 0.049318277183862766, 0.02733030292652874, 0.0, 0.04572284797439498, 0.03288453024268111, 0.046655400604104086, 0.03286833568364026, 0.03598502488125959, 0.027558098826912854, 0.03052514795746613, 0.036967580148292864, 0.039771736501091795, 0.03786611659022387, 0.04600933923100486, 0.05367784174889381, 0.029700419023207112, 0.05517324913714843, 0.0557736514216583, 0.05533689939649014, 0.05501626766659735, 0.055773645424149566, 0.05517324913714843, 0.05533689939649014, 0.055339456040590394, 0.05533691910432826, 0.055365592500250305, 0.05533689939649014, 0.0557736514216583, 0.05498485073955195, 0.055773645424149566, 0.055773557124182416, 0.0551732784233404, 0.055773557124182416, 0.05536559468960202, 0.05536559468960202, 0.0557736514216583], [0.06726542053824, 0.060321057543064965