{"Bond": [[0.0, 0.020447387070122596, 0.019842116937838907, 0.01217456969184491, 0.013784092196617583, 0.0222642027465895, 0.025750273242039778, 0.016688680726148687, 0.02117206414476882, 0.024461886223737454, 0.012098652178417367, 0.012578954772496634, 0.013909248552538866, 0.015763374697303476, 0.014651823556168082, 0.014786063338372195, 0.01819961529733162, 0.01948432269120175, 0.02098525308412712, 0.013803477083888793, 0.021145039543933927, 0.021145103116752655, 0.02146219021335658, 0.021462861694955385, 0.02146679364633998, 0.021466771514530317, 0.02146683772307484, 0.021147474899790738, 0.021462975255858285, 0.02146223209972394, 0.021462211123065122, 0.02114037879103137, 0.021462908996150012, 0.02146219021335658, 0.021467477739631664, 0.021462919895816505, 0.021462883823805807, 0.021467502331671166, 0.02114041248372211, 0.02114037840241325], [0.020447387070122596, 0.0, 0.014876808472065642, 0.017747953778940978, 0.018867435116150136, 0.01613518216910872, 0.018534736041204727, 0.02150571195251156, 0.014494710006393395, 0.018623130673211544, 0.022778259947152314, 0.01916058951369267, 0.02231402305235121, 0.021665131464587022, 0.021052305883903492, 0.018048473431385045, 0.013100214675487193, 0.010738850629896348, 0.014209930664585518, 0.018493542052957824, 0.026817150286175248, 0.02681713939316429, 0.027153730511269437, 0.02714300466993043, 0.02715410713973024, 0.02715400043776605, 0.027154032092544782, 0.026812302182511922, 0.027142983244093803, 0.027153719613828904, 0.027153701001723596, 0.026816812626433487, 0.027142955445228396, 0.027153730511269437, 0.02714329739332728, 0.027142876329033852, 0.027142933279151543, 0.0271432281001919, 0.026816836778472204, 0.026816763925412254], [0.019842116937838907, 0.014876808472065642, 0.0, 0.0189122104628371, 0.016951387882662903, 0.012672984667398848, 0.017169513547382158, 0.021213182218061274, 0.01041564803460254, 0.01648700431848628, 0.021520977967378844, 0.021070807306600995, 0.020062623992605624, 0.02078917060563139, 0.018504460918456585, 0.021059235526931487, 0.012156119412359662, 0.011976966331158868, 0.016393107802207145, 0.019793222183397182, 0.0244898268483828, 0.024489784200679175, 0.024938722693002967, 0.02493792905987424, 0.024935455345028522, 0.02493538211602621, 0.024935434583661688, 0.024500669944258292, 0.02493790578658336, 0.024938687268692326, 0.024938602603538248, 0.024493112340179316, 0.024937890874836315, 0.024938722693002967, 0.024934609560523163, 0.02493779286829189, 0.024937902113374974, 0.02493458101281077, 0.024493130118995406, 0.024493065826627466], [0.01217456969184491, 0.017747953778940978, 0.0189122104628371, 0.0, 0.0129621820262662, 0.020541450715575837, 0.02466210115758096, 0.014841246220582076, 0.019152606037909817, 0.02233959980001716, 0.013664843275640211, 0.012474933144125623, 0.011749712968408967, 0.011299230460479821, 0.011904699427040292, 0.010665873426758208, 0.018259790701542985, 0.017174989645093865, 0.019590100717480945, 0.012504832296321966, 0.02297660331076604, 0.02297664240759699, 0.023252379298183357, 0.023258574102456697, 0.023258415171403677, 0.023258297439162863, 0.02325848961307782, 0.022982454556500397, 0.023258595062289028, 0.023252283749626446, 0.023252261910575316, 0.022970462110136553, 0.023258550290680684, 0.023252379298183357, 0.02326464639482453, 0.023258524508259302, 0.02325860673684116, 0.023264659233943837, 0.022970488528588608, 0.02297040809400604], [0.013784092196617583, 0.018867435116150136, 0.016951387882662903, 0.0129621820262662, 0.0, 0.01854271649816957, 0.022480484119028886, 0.016138500118651627, 0.017234207775654948, 0.020601805865924815, 0.013946811182866833, 0.014953843452220329, 0.010252362376800288, 0.014010878897315707, 0.010998841202422066, 0.013545491695685747, 0.01769506630432568, 0.017194094963092845, 0.02084227569225189, 0.015423513024621938, 0.022816182536252297, 0.02281620103517139, 0.02307065093394189, 0.023070956525585863, 0.02307531575789518, 0.0230752100531401, 0.02307528602979378, 0.022817067383042774, 0.023071025917009814, 0.02307063526776683, 0.023070620529017098, 0.02281151086978365, 0.023070977784641983, 0.02307065093394189, 0.023075598465828885, 0.023070974803187854, 0.02307101198321794, 0.02307559960128856, 0.022811576831792264, 0.022811481429468556], [0.0222642027465895, 0.01613518216910872, 0.012672984667398848, 0.020541450715575837, 0.01854271649816957, 0.0, 0.010115862711542415, 0.017032666016924932, 0.014541071965349553, 0.008450740944553779, 0.022907382700637205, 0.022293164816965725, 0.021479679320935193, 0.020947080654695617, 0.01968560734329265, 0.02145005644894058, 0.014383020696296654, 0.013672590384692151, 0.014282052809666816, 0.01847395918904088, 0.02612624473887599, 0.026126175558045417, 0.026668053871616502, 0.02665751960805836, 0.026667863102233253, 0.026667773724811425, 0.026667808483932718, 0.026125655342056815, 0.02665748772596286, 0.02666802472354992, 0.026667967194776727, 0.026126444660505562, 0.02665746376056299, 0.026668053871616502, 0.026657244319476844, 0.026657394985350243, 0.026657517166248916, 0.02665722557690375, 0.02612645325005919, 0.02612633583121152], [0.025750273242039778, 0.018534736041204727, 0.017169513547382158, 0.02466210115758096, 0.022480484119028886, 0.010115862711542415, 0.0, 0.02034688211609393, 0.017626087328884675, 0.012897456727244641, 0.027781881029294138, 0.027175132178895386, 0.024558109715266566, 0.023163307734370645, 0.025082792798177503, 0.025321865623606814, 0.019206602735287497, 0.018236577601456968, 0.016359688019032478, 0.021416952902183144, 0.029901055669491243, 0.02990097665711097, 0.030414347430623167, 0.030403289745342777, 0.030414321900026395, 0.030414270711868967, 0.03041426571724853, 0.029899149131313522, 0.030403248617533036, 0.030414355452359466, 0.030414308371969748, 0.029901068676679327, 0.03040324318075292, 0.030414347430623167, 0.030403176808549752, 0.03040316303288439, 0.03040324951082611, 0.030403134805392525, 0.0299010976498715, 0.02990099623553166], [0.016688680726148687, 0.02150571195251156, 0.021213182218061274, 0.014841246220582076, 0.016138500118651627, 0.017032666016924932, 0.02034688211609393, 0.0, 0.021196653065259093, 0.019029387083290886, 0.01785090918295115, 0.017270724987313538, 0.014172382199269268, 0.014034317745817017, 0.015203044089447608, 0.015373904090853931, 0.022653240085644084, 0.020314645750430734, 0.020900221269364746, 0.01394145831226256, 0.027473188631475888, 0.02747318380021302, 0.02788609246066284, 0.027882022745641603, 0.027890347474241666, 0.027890272104823435, 0.027890426654203247, 0.027472587156254002, 0.027882031039193008, 0.027886054929976537, 0.027886033173991978, 0.027468822505717916, 0.027881988890754338, 0.02788609246066284, 0.02788632762461492, 0.02788200902043969, 0.027882041593817564, 0.027886323865902514, 0.027468858570611387, 0.027468759438964478], [0.02117206414476882, 0.014494710006393395, 0.01041564803460254, 0.019152606037909817, 0.017234207775654948, 0.014541071965349553, 0.017626087328884675, 0.021196653065259093, 0.0, 0.01651240763244698, 0.023590990247477395, 0.021656626909453965, 0.0197400107246207, 0.020035221076105145, 0.019057667477594804, 0.02024271294770298, 0.014175840209016187, 0.011185394993516893, 0.0177575098401089, 0.021224278602200563, 0.02581754654688706, 0.02581751041805761, 0.02601790554067249, 0.02602415082001911, 0.02601848137390652, 0.026018413616266545, 0.026018452559736387, 0.025827312280449596, 0.026024138564248976, 0.02601787992512485, 0.02601780449243592, 0.025816938444774565, 0.026024116693937123, 0.02601790554067249, 0.026024665072831684, 0.02602407778771076, 0.026024089031462815, 0.026024657912272313, 0.02581695989699461, 0.025816873693359506], [0.024461886223737454, 0.018623130673211544, 0.01648700431848628, 0.02233959980001716, 0.020601805865924815, 0.008450740944553779, 0.012897456727244641, 0.019029387083290886, 0.01651240763244698, 0.0, 0.024825572539211905, 0.02456837054922051, 0.02217180987082759, 0.023620908408123212, 0.021772886192167922, 0.0241425363523778, 0.01720292905704701, 0.0160887033582955, 0.017530673622522534, 0.020433121918406547, 0.02683092575756028, 0.026830858273241977, 0.027153173435806272, 0.02714010042171327, 0.027154832835876264, 0.02715472487112582, 0.027154759877626885, 0.026822174713621586, 0.027140050065041332, 0.027153156745342293, 0.0271530763811832, 0.026829254363434668, 0.027140023433259407, 0.027153173435806272, 0.02714165742022338, 0.027139958533306592, 0.027140107905780062, 0.027141640647398938, 0.02682927945831322, 0.02682914279233446], [0.012098652178417367, 0.022778259947152314, 0.021520977967378844, 0.013664843275640211, 0.013946811182866833, 0.022907382700637205, 0.027781881029294138, 0.01785090918295115, 0.023590990247477395, 0.024825572539211905, 0.0, 0.014870810776348336, 0.015246964278383592, 0.01834704218391212, 0.012910850947634559, 0.014040206608110567, 0.019902639528177227, 0.02119956282589026, 0.02253598005864161, 0.016237720996367635, 0.02325669249658542, 0.0232567639821602, 0.02353025716366842, 0.023519436005962225, 0.023533060530993705, 0.02353305199853382, 0.023533115550152583, 0.023248515108849822, 0.023519488485697692, 0.023530187871593295, 0.0235301781211961, 0.023253838171192368, 0.023519445434271063, 0.02353025716366842, 0.023522309337125777, 0.023519500898882637, 0.023519492056006536, 0.023522359311346542, 0.023253862466213773, 0.023253807026001348], [0.012578954772496634, 0.01916058951369267, 0.021070807306600995, 0.012474933144125623, 0.014953843452220329, 0.022293164816965725, 0.027175132178895386, 0.017270724987313538, 0.021656626909453965, 0.02456837054922051, 0.014870810776348336, 0.0, 0.013719280601024841, 0.015009697644478574, 0.014983789871451275, 0.01311409760895079, 0.019472797657819747, 0.018082514096076006, 0.021157529402525563, 0.013612884215965597, 0.024012404495222694, 0.024012456148675754, 0.024424526353718196, 0.024421536054976056, 0.024431372979391842, 0.024431337795735364, 0.024431410281080722, 0.024010398362552712, 0.02442159378310095, 0.024424482235409318, 0.02442448327120309, 0.02400544171867181, 0.024421531848117142, 0.024424526353718196, 0.02442845431164277, 0.0244215707711976, 0.024421527371609606, 0.024428446306716495, 0.024005390149880523, 0.024005368462043267], [0.013909248552538866, 0.02231402305235121, 0.020062623992605624, 0.011749712968408967, 0.010252362376800288, 0.021479679320935193, 0.024558109715266566, 0.014172382199269268, 0.0197400107246207, 0.02217180987082759, 0.015246964278383592, 0.013719280601024841, 0.0, 0.010270273716979183, 0.011685123060562196, 0.014882014012710006, 0.02231331289132325, 0.02080001707791415, 0.024030885331181924, 0.014366361151686671, 0.024978142620627166, 0.024978175951485174, 0.025193649630612096, 0.02519753728709038, 0.025200627078290856, 0.025200566931895364, 0.0252006873889153, 0.024979570711300216, 0.02519757072383551, 0.02519360185039561, 0.025193590785181904, 0.024971070036419806, 0.025197530960630543, 0.025193649630612096, 0.025204564099680273, 0.025197552302968055, 0.025197569182232923, 0.025204570258562646, 0.024971092109490528, 0.024971006675189138], [0.015763374697303476, 0.021665131464587022, 0.02078917060563139, 0.011299230460479821, 0.014010878897315707, 0.020947080654695617, 0.023163307734370645, 0.014034317745817017, 0.020035221076105145, 0.023620908408123212, 0.01834704218391212, 0.015009697644478574, 0.010270273716979183, 0.0, 0.013045453644306973, 0.012828279792401772, 0.02211687471115532, 0.021137766017092424, 0.021989221545047597, 0.01396283321603694, 0.02544319414446624, 0.02544323341431672, 0.025906804292496408, 0.025914621652380142, 0.025915024364397014, 0.02591496737902771, 0.025915103712771302, 0.02545160912334225, 0.025914660976833388, 0.02590675718554278, 0.025906746207457386, 0.02543479215138381, 0.025914639585331228, 0.025906804292496408, 0.025922885007189186, 0.025914632375910705, 0.025914636657538494, 0.025922900087347798, 0.02543480038268164, 0.025434713032072842], [0.014651823556168082, 0.021052305883903492, 0.018504460918456585, 0.011904699427040292, 0.010998841202422066, 0.01968560734329265, 0.025082792798177503, 0.015203044089447608, 0.019057667477594804, 0.021772886192167922, 0.012910850947634559, 0.014983789871451275, 0.011685123060562196, 0.013045453644306973, 0.0, 0.013408244172033314, 0.018184565143343667, 0.018951604477481024, 0.0219202728080126, 0.014316534659410926, 0.023019578904773894, 0.023019617569508554, 0.023411446287429628, 0.02340358674130638, 0.023416628934473566, 0.023416547924843694, 0.02341671634761104, 0.023013947322287676, 0.023403601862127067, 0.023411380075523458, 0.02341133970779632, 0.023014294193796966, 0.02340355046272262, 0.023411446287429628, 0.02340881220154037, 0.023403565865761467, 0.023403661111350012, 0.02340884681580627, 0.023014371608575633, 0.02301423699451472], [0.014786063338372195, 0.018048473431385045, 0.021059235526931487, 0.010665873426758208, 0.013545491695685747, 0.02145005644894058, 0.025321865623606814, 0.015373904090853931, 0.02024271294770298, 0.0241425363523778, 0.014040206608110567, 0.01311409760895079, 0.014882014012710006, 0.012828279792401772, 0.013408244172033314, 0.0, 0.01903031349288564, 0.01701278840192355, 0.01992709834374083, 0.015156748179983378, 0.02425288658258937, 0.024252956797027384, 0.024584349969180887, 0.024580784822532852, 0.024589960578440484, 0.024589872286641747, 0.024590018402134414, 0.024250184234344826, 0.024580815472964864, 0.024584261250549952, 0.024584255040265617, 0.02424718597295943, 0.024580772304132616, 0.024584349969180887, 0.02458645461236852, 0.024580798450237726, 0.024580759820622855, 0.02458644918161284, 0.024247197462265325, 0.024247179009247895], [0.01819961529733162, 0.013100214675487193, 0.012156119412359662, 0.018259790701542985, 0.01769506630432568, 0.014383020696296654, 0.019206602735287497, 0.022653240085644084, 0.014175840209016187, 0.01720292905704701, 0.019902639528177227, 0.019472797657819747, 0.02231331289132325, 0.02211687471115532, 0.018184565143343667, 0.01903031349288564, 0.0, 0.010363112602134582, 0.013496261084732375, 0.017825637647468254, 0.0212731556768701, 0.021273142452687042, 0.021786527113090294, 0.02177554922070411, 0.021789195552074828, 0.021789119066148256, 0.021789151228962127, 0.02126886004147252, 0.021775551350965615, 0.0217865304297218, 0.021786431557747708, 0.02127047668226009, 0.02177550113215528, 0.021786527113090294, 0.02177811959475704, 0.021775411976434116, 0.02177552591204512, 0.021778102113059524, 0.021270487011334275, 0.021270417818996912], [0.01948432269120175, 0.010738850629896348, 0.011976966331158868, 0.017174989645093865, 0.017194094963092845, 0.013672590384692151, 0.018236577601456968, 0.020314645750430734, 0.011185394993516893, 0.0160887033582955, 0.02119956282589026, 0.018082514096076006, 0.02080001707791415, 0.021137766017092424, 0.018951604477481024, 0.01701278840192355, 0.010363112602134582, 0.0, 0.0126024985025381, 0.01835215958526069, 0.023553043266269714, 0.023553006763107363, 0.023870513610014896, 0.023866753438983566, 0.02386897139331123, 0.02386889701576335, 0.02386891756076126, 0.02355692385954552, 0.02386669948762412, 0.023870438686657638, 0.0238703959873899, 0.023554579743214805, 0.023866662745897996, 0.023870513610014896, 0.023865181615633047, 0.023866611408114816, 0.02386669641503607, 0.023865134928506726, 0.02355459741042455, 0.023554563062080543], [0.02098525308412712, 0.014209930664585518, 0.016393107802207145, 0.019590100717480945, 0.02084227569225189, 0.014282052809666816, 0.016359688019032478, 0.020900221269364746, 0.0177575098401089, 0.017530673622522534, 0.02253598005864161, 0.021157529402525563, 0.024030885331181924, 0.021989221545047597, 0.0219202728080126, 0.01992709834374083, 0.013496261084732375, 0.0126024985025381, 0.0, 0.016822245554732333, 0.023488919902403267, 0.023488872768642866, 0.024039311718743784, 0.024030111649804613, 0.02403655416557487, 0.02403652162138581, 0.024036524525259416, 0.023492391517006606, 0.02403005799228724, 0.02403930488239404, 0.024039252624218965, 0.023491714285881152, 0.024030057245929534, 0.024039311718743784, 0.02402728582676759, 0.024029956636832918, 0.024030070160086157, 0.02402723390495796, 0.023491749024524496, 0.023491695492107573], [0.013803477083888793, 0.018493542052957824, 0.019793222183397182, 0.012504832296321966, 0.015423513024621938, 0.01847395918904088, 0.021416952902183144, 0.01394145831226256, 0.021224278602200563, 0.020433121918406547, 0.016237720996367635, 0.013612884215965597, 0.014366361151686671, 0.01396283321603694, 0.014316534659410926, 0.015156748179983378, 0.017825637647468254, 0.01835215958526069, 0.016822245554732333, 0.0, 0.024184033803652277, 0.024184073350042197, 0.024764986854661532, 0.024756454357653352, 0.024771244509752297, 0.024771188595993705, 0.0247712651438092, 0.02417973702210732, 0.024756456673588348, 0.024764981200379035, 0.024764973972915365, 0.02417765773866261, 0.02475643211768794, 0.024764986854661532, 0.024762680040854856, 0.024756376848568754, 0.024756459614978046, 0.024762667149451217, 0.02417769196425914, 0.02417760201941191], [0.021145039543933927, 0.026817150286175248, 0.0244898268483828, 0.02297660331076604, 0.022816182536252297, 0.02612624473887599, 0.029901055669491243, 0.027473188631475888, 0.02581754654688706, 0.02683092575756028, 0.02325669249658542, 0.024012404495222694, 0.024978142620627166, 0.02544319414446624, 0.023019578904773894, 0.02425288658258937, 0.0212731556768701, 0.023553043266269714, 0.023488919902403267, 0.024184033803652277, 0.0, 3.085400467495746e-07, 0.001352044061807489, 0.0013313297908727467, 0.0013516238112116202, 0.0013516560145439456, 0.0013516219142109564, 8.597220192498399e-05, 0.0013313255127495962, 0.0013520589621905657, 0.0013520473469592154, 3.3716654256151053e-05, 0.0013313238436212513, 0.001352044061807489, 0.0013308998316148098, 0.0013312558178227836, 0.0013313132183802243, 0.0013308876801396002, 3.3822840816831886e-05, 3.382287066041798e-05], [0.021145103116752655, 0.02681713939316429, 0.024489784200679175, 0.02297664240759699, 0.02281620103517139, 0.026126175558045417, 0.02990097665711097, 0.02747318380021302, 0.02581751041805761, 0.026830858273241977, 0.0232567639821602, 0.024012456148675754, 0.024978175951485174, 0.02544323341431672, 0.023019617569508554, 0.024252956797027384, 0.021273142452687042, 0.023553006763107363, 0.023488872768642866, 0.024184073350042197, 3.085400467495746e-07, 0.0, 0.0013520459084256523, 0.0013313338534455068, 0.001351623814849165, 0.0013516560022988216, 0.0013516219318689818, 8.603511355117536e-05, 0.0013313295382387077, 0.0013520607851386097, 0.0013520491641385978, 3.379015092679252e-05, 0.0013313278767880393, 0.0013520459084256523, 0.001330902048629309, 0.001331259854346826, 0.0013313172913452102, 0.0013308898948907347, 3.389564955248468e-05, 3.3895578130577516e-05], [0.02146219021335658, 0.027153730511269437, 0.024938722693002967, 0.023252379298183357, 0.02307065093394189, 0.026668053871616502, 0.030414347430623167, 0.02788609246066284, 0.02601790554067249, 0.027153173435806272, 0.02353025716366842, 0.024424526353718196, 0.025193649630612096, 0.025906804292496408, 0.023411446287429628, 0.024584349969180887, 0.021786527113090294, 0.023870513610014896, 0.024039311718743784, 0.024764986854661532, 0.001352044061807489, 0.0013520459084256523, 0.0, 8.229076918030232e-05, 3.381241961056727e-05, 3.372051849835199e-05, 3.388976901684661e-05, 0.0013539308005911866, 8.238580742946585e-05, 4.470171965646258e-07, 5.240869962144112e-07, 0.001351620386626966, 8.235517482664087e-05, 0.0, 8.894861386532479e-05, 8.239856484789989e-05, 8.233570773370696e-05, 8.903583081557168e-05, 0.0013515908518733051, 0.0013516466985322893], [0.021462861694955385, 0.02714300466993043, 0.02493792905987424, 0.023258574102456697, 0.023070956525585863, 0.02665751960805836, 0.030403289745342777, 0.027882022745641603, 0.02602415082001911, 0.02714010042171327, 0.023519436005962225, 0.024421536054976056, 0.02519753728709038, 0.025914621652380142, 0.02340358674130638, 0.024580784822532852, 0.02177554922070411, 0.023866753438983566, 0.024030111649804613, 0.024756454357653352, 0.0013313297908727467, 0.0013313338534455068, 8.229076918030232e-05, 0.0, 8.899799277627035e-05, 8.893473938619862e-05, 8.901452664126628e-05, 0.001328554050045386, 4.0505840305407006e-07, 8.22556866469326e-05, 8.224051264476743e-05, 0.0013308970887277278, 3.7199438559575306e-07, 8.229076918030232e-05, 3.381413002007533e-05, 4.991359173410091e-07, 4.212484575993875e-07, 3.3804612715025916e-05, 0.001330869538893796, 0.0013309247775677726], [0.02146679364633998, 0.02715410713973024, 0.024935455345028522, 0.023258415171403677, 0.02307531575789518, 0.026667863102233253, 0.030414321900026395, 0.027890347474241666, 0.02601848137390652, 0.027154832835876264, 0.023533060530993705, 0.024431372979391842, 0.025200627078290856, 0.025915024364397014, 0.023416628934473566, 0.024589960578440484, 0.021789195552074828, 0.02386897139331123, 0.02403655416557487, 0.024771244509752297, 0.0013516238112116202, 0.001351623814849165, 3.381241961056727e-05, 8.899799277627035e-05, 0.0, 4.478751085097108e-07, 5.199192546288105e-07, 0.001354357091818279, 8.904287030303482e-05, 3.3759918728060506e-05, 3.383011215186945e-05, 0.0013520433667227616, 8.901804406513049e-05, 3.381241961056727e-05, 8.230628306328667e-05, 8.907935989807261e-05, 8.90234702951992e-05, 8.240539653154676e-05, 0.0013520164369583152, 0.0013520723131976247], [0.021466771514530317, 0.02715400043776605, 0.02493538211602621, 0.023258297439162863, 0.0230752100531401, 0.026667773724811425, 0.030414270711868967, 0.027890272104823435, 0.026018413616266545, 0.02715472487112582, 0.02353305199853382, 0.024431337795735364, 0.025200566931895364, 0.02591496737902771, 0.023416547924843694, 0.024589872286641747, 0.021789119066148256, 0.02386889701576335, 0.02403652162138581, 0.024771188595993705, 0.0013516560145439456, 0.0013516560022988216, 3.372051849835199e-05, 8.893473938619862e-05, 4.478751085097108e-07, 0.0, 6.583325456126018e-07, 0.0013543845246009726, 8.897946047237277e-05, 3.3667292783657854e-05, 3.373653597429847e-05, 0.0013520732309451188, 8.895466350188878e-05, 3.372051849835199e-05, 8.227575261480919e-05, 8.90152824937103e-05, 8.896036163446775e-05, 8.237452562419935e-05, 0.001352046312928027, 0.0013521021740402772], [0.02146683772307484, 0.027154032092544782, 0.024935434583661688, 0.02325848961307782, 0.02307528602979378, 0.026667808483932718, 0.03041426571724853, 0.027890426654203247, 0.026018452559736387, 0.027154759877626885, 0.023533115550152583, 0.024431410281080722, 0.0252006873889153, 0.025915103712771302, 0.02341671634761104, 0.024590018402134414, 0.021789151228962127, 0.02386891756076126, 0.024036524525259416, 0.0247712651438092, 0.0013516219142109564, 0.0013516219318689818, 3.388976901684661e-05, 8.901452664126628e-05, 5.199192546288105e-07, 6.583325456126018e-07, 0.0, 0.001354356257619027, 8.90597321178967e-05, 3.3839514173263095e-05, 3.391222309831801e-05, 0.0013520434450390538, 8.903509038519861e-05, 3.388976901684661e-05, 8.229202619273527e-05, 8.909603086774661e-05, 8.903994823656641e-05, 8.239099406967288e-05, 0.0013520165352908717, 0.0013520723637290549], [0.021147474899790738, 0.026812302182511922, 0.024500669944258292, 0.022982454556500397, 0.022817067383042774, 0.026125655342056815, 0.029899149131313522, 0.027472587156254002, 0.025827312280449596, 0.026822174713621586, 0.023248515108849822, 0.024010398362552712, 0.024979570711300216, 0.02545160912334225, 0.023013947322287676, 0.024250184234344826, 0.02126886004147252, 0.02355692385954552, 0.023492391517006606, 0.02417973702210732, 8.597220192498399e-05, 8.603511355117536e-05, 0.0013539308005911866, 0.001328554050045386, 0.001354357091818279, 0.0013543845246009726, 0.001354356257619027, 0.0, 0.0013285468789043674, 0.0013539445989860601, 0.0013539305419348192, 7.90114539471801e-05, 0.0013285468818532902, 0.0013539308005911866, 0.0013289844582554718, 0.0013284758489027378, 0.0013285360754512893, 0.0013289661820973314, 7.904517847578472e-05, 7.90359459149739e-05], [0.021462975255858285, 0.027142983244093803, 0.02493790578658336, 0.023258595062289028, 0.023071025917009814, 0.02665748772596286, 0.030403248617533036, 0.027882031039193008, 0.026024138564248976, 0.027140050065041332, 0.023519488485697692, 0.02442159378310095, 0.02519757072383551, 0.025914660976833388, 0.023403601862127067, 0.024580815472964864, 0.021775551350965615, 0.02386669948762412, 0.02403005799228724, 0.024756456673588348, 0.0013313255127495962, 0.0013313295382387077, 8.238580742946585e-05, 4.0505840305407006e-07, 8.904287030303482e-05, 8.897946047237277e-05, 8.90597321178967e-05, 0.0013285468789043674, 0.0, 8.234951775221623e-05, 8.233461711825343e-05, 0.001330895629643656, 2.4362267381573144e-07, 8.238580742946585e-05, 3.370370128733934e-05, 3.74158670585251e-07, 5.127732627308379e-07, 3.369324474720983e-05, 0.0013308680910871396, 0.0013309233315650538], [0.02146223209972394, 0.027153719613828904, 0.024938687268692326, 0.023252283749626446, 0.02307063526776683, 0.02666802472354992, 0.030414355452359466, 0.027886054929976537, 0.02601787992512485, 0.027153156745342293, 0.023530187871593295, 0.024424482235409318, 0.02519360185039561, 0.02590675718554278, 0.023411380075523458, 0.024584261250549952, 0.0217865304297218, 0.023870438686657638, 0.02403930488239404, 0.024764981200379035, 0.0013520589621905657, 0.0013520607851386097, 4.470171965646258e-07, 8.22556866469326e-05, 3.3759918728060506e-05, 3.3667292783657854e-05, 3.3839514173263095e-05, 0.0013539445989860601, 8.234951775221623e-05, 0.0, 3.659830456552162e-07, 0.0013516365782887123, 8.231925728807223e-05, 4.470171965646258e-07, 8.88965075612313e-05, 8.236280170949691e-05, 8.230089074795286e-05, 8.898403512815905e-05, 0.0013516070147791888, 0.0013516628888263884], [0.021462211123065122, 0.027153701001723596, 0.024938602603538248, 0.023252261910575316, 0.023070620529017098, 0.026667967194776727, 0.030414308371969748, 0.027886033173991978, 0.02601780449243592, 0.0271530763811832, 0.0235301781211961, 0.02442448327120309, 0.025193590785181904, 0.025906746207457386, 0.02341133970779632, 0.024584255040265617, 0.021786431557747708, 0.0238703959873899, 0.024039252624218965, 0.024764973972915365, 0.0013520473469592154, 0.0013520491641385978, 5.240869962144112e-07, 8.224051264476743e-05, 3.383011215186945e-05, 3.373653597429847e-05, 3.391222309831801e-05, 0.0013539305419348192, 8.233461711825343e-05, 3.659830456552162e-07, 0.0, 0.0013516231899305196, 8.230401471331914e-05, 5.240869962144112e-07, 8.890871979981418e-05, 8.23472353049034e-05, 8.228550343942938e-05, 8.89961212599613e-05, 0.001351593634866028, 0.0013516495215645068], [0.02114037879103137, 0.026816812626433487, 0.024493112340179316, 0.022970462110136553, 0.02281151086978365, 0.026126444660505562, 0.029901068676679327, 0.027468822505717916, 0.025816938444774565, 0.026829254363434668, 0.023253838171192368, 0.02400544171867181, 0.024971070036419806, 0.02543479215138381, 0.023014294193796966, 0.02424718597295943, 0.02127047668226009, 0.023554579743214805, 0.023491714285881152, 0.02417765773866261, 3.3716654256151053e-05, 3.379015092679252e-05, 0.001351620386626966, 0.0013308970887277278, 0.0013520433667227616, 0.0013520732309451188, 0.0013520434450390538, 7.90114539471801e-05, 0.001330895629643656, 0.0013516365782887123, 0.0013516231899305196, 0.0, 0.0013308937390602302, 0.001351620386626966, 0.0013313235809397862, 0.0013308242817598019, 0.0013308815714109675, 0.0013313111326526774, 4.2593430252470445e-07, 4.647986376634986e-07], [0.021462908996150012, 0.027142955445228396, 0.024937890874836315, 0.023258550290680684, 0.023070977784641983, 0.02665746376056299, 0.03040324318075292, 0.027881988890754338, 0.026024116693937123, 0.027140023433259407, 0.023519445434271063, 0.024421531848117142, 0.025197530960630543, 0.025914639585331228, 0.02340355046272262, 0.024580772304132616, 0.02177550113215528, 0.023866662745897996, 0.024030057245929534, 0.02475643211768794, 0.0013313238436212513, 0.0013313278767880393, 8.235517482664087e-05, 3.7199438559575306e-07, 8.901804406513049e-05, 8.895466350188878e-05, 8.903509038519861e-05, 0.0013285468818532902, 2.4362267381573144e-07, 8.231925728807223e-05, 8.230401471331914e-05, 0.0013308937390602302, 0.0, 8.235517482664087e-05, 3.371263517084281e-05, 3.8021589682414325e-07, 4.910382335350733e-07, 3.370224224347063e-05, 0.001330866208952763, 0.00133092143884626], [0.02146219021335658, 0.027153730511269437, 0.024938722693002967, 0.023252379298183357, 0.02307065093394189, 0.026668053871616502, 0.030414347430623167, 0.02788609246066284, 0.02601790554067249, 0.027153173435806272, 0.02353025716366842, 0.024424526353718196, 0.025193649630612096, 0.025906804292496408, 0.023411446287429628, 0.024584349969180887, 0.021786527113090294, 0.023870513610014896, 0.024039311718743784, 0.024764986854661532, 0.001352044061807489, 0.0013520459084256523, 0.0, 8.229076918030232e-05, 3.381241961056727e-05, 3.372051849835199e-05, 3.388976901684661e-05, 0.0013539308005911866, 8.238580742946585e-05, 4.470171965646258e-07, 5.240869962144112e-07, 0.001351620386626966, 8.235517482664087e-05, 0.0, 8.894861386532479e-05, 8.239856484789989e-05, 8.233570773370696e-05, 8.903583081557168e-05, 0.0013515908518733051, 0.0013516466985322893], [0.021467477739631664, 0.02714329739332728, 0.024934609560523163, 0.02326464639482453, 0.023075598465828885, 0.026657244319476844, 0.030403176808549752, 0.02788632762461492, 0.026024665072831684, 0.02714165742022338, 0.023522309337125777, 0.02442845431164277, 0.025204564099680273, 0.025922885007189186, 0.02340881220154037, 0.02458645461236852, 0.02177811959475704, 0.023865181615633047, 0.02402728582676759, 0.024762680040854856, 0.0013308998316148098, 0.001330902048629309, 8.894861386532479e-05, 3.381413002007533e-05, 8.230628306328667e-05, 8.227575261480919e-05, 8.229202619273527e-05, 0.0013289844582554718, 3.370370128733934e-05, 8.88965075612313e-05, 8.890871979981418e-05, 0.0013313235809397862, 3.371263517084281e-05, 8.894861386532479e-05, 0.0, 3.3767963829735956e-05, 3.3773162680708406e-05, 3.252829173492404e-07, 0.0013312987110661323, 0.001331353931933498], [0.021462919895816505, 0.027142876329033852, 0.02493779286829189, 0.023258524508259302, 0.023070974803187854, 0.026657394985350243, 0.03040316303288439, 0.02788200902043969, 0.02602407778771076, 0.027139958533306592, 0.023519500898882637, 0.0244215707711976, 0.025197552302968055, 0.025914632375910705, 0.023403565865761467, 0.024580798450237726, 0.021775411976434116, 0.023866611408114816, 0.024029956636832918, 0.024756376848568754, 0.0013312558178227836, 0.001331259854346826, 8.239856484789989e-05, 4.991359173410091e-07, 8.907935989807261e-05, 8.90152824937103e-05, 8.909603086774661e-05, 0.0013284758489027378, 3.74158670585251e-07, 8.236280170949691e-05, 8.23472353049034e-05, 0.0013308242817598019, 3.8021589682414325e-07, 8.239856484789989e-05, 3.3767963829735956e-05, 0.0, 5.800223259846706e-07, 3.375596706625274e-05, 0.0013307967756683553, 0.0013308520090632738], [0.021462883823805807, 0.027142933279151543, 0.024937902113374974, 0.02325860673684116, 0.02307101198321794, 0.026657517166248916, 0.03040324951082611, 0.027882041593817564, 0.026024089031462815, 0.027140107905780062, 0.023519492056006536, 0.024421527371609606, 0.025197569182232923, 0.025914636657538494, 0.023403661111350012, 0.024580759820622855, 0.02177552591204512, 0.02386669641503607, 0.024030070160086157, 0.024756459614978046, 0.0013313132183802243, 0.0013313172913452102, 8.233570773370696e-05, 4.212484575993875e-07, 8.90234702951992e-05, 8.896036163446775e-05, 8.903994823656641e-05, 0.0013285360754512893, 5.127732627308379e-07, 8.230089074795286e-05, 8.228550343942938e-05, 0.0013308815714109675, 4.910382335350733e-07, 8.233570773370696e-05, 3.3773162680708406e-05, 5.800223259846706e-07, 0.0, 3.3761315130241344e-05, 0.0013308540209071393, 0.001330909292641345], [0.021467502331671166, 0.0271432281001919, 0.02493458101281077, 0.023264659233943837, 0.02307559960128856, 0.02665722557690375, 0.030403134805392525, 0.027886323865902514, 0.026024657912272313, 0.027141640647398938, 0.023522359311346542, 0.024428446306716495, 0.025204570258562646, 0.025922900087347798, 0.02340884681580627, 0.02458644918161284, 0.021778102113059524, 0.023865134928506726, 0.02402723390495796, 0.024762667149451217, 0.0013308876801396002, 0.0013308898948907347, 8.903583081557168e-05, 3.3804612715025916e-05, 8.240539653154676e-05, 8.237452562419935e-05, 8.239099406967288e-05, 0.0013289661820973314, 3.369324474720983e-05, 8.898403512815905e-05, 8.89961212599613e-05, 0.0013313111326526774, 3.370224224347063e-05, 8.903583081557168e-05, 3.252829173492404e-07, 3.375596706625274e-05, 3.3761315130241344e-05, 0.0, 0.0013312862762142736, 0.001331341510757561], [0.02114041248372211, 0.026816836778472204, 0.024493130118995406, 0.022970488528588608, 0.022811576831792264, 0.02612645325005919, 0.0299010976498715, 0.027468858570611387, 0.02581695989699461, 0.02682927945831322, 0.023253862466213773, 0.024005390149880523, 0.024971092109490528, 0.02543480038268164, 0.023014371608575633, 0.024247197462265325, 0.021270487011334275, 0.02355459741042455, 0.023491749024524496, 0.02417769196425914, 3.3822840816831886e-05, 3.389564955248468e-05, 0.0013515908518733051, 0.001330869538893796, 0.0013520164369583152, 0.001352046312928027, 0.0013520165352908717, 7.904517847578472e-05, 0.0013308680910871396, 0.0013516070147791888, 0.001351593634866028, 4.2593430252470445e-07, 0.001330866208952763, 0.0013515908518733051, 0.0013312987110661323, 0.0013307967756683553, 0.0013308540209071393, 0.0013312862762142736, 0.0, 3.7374185198633816e-07], [0.02114037840241325, 0.026816763925412254, 0.024493065826627466, 0.02297040809400604, 0.022811481429468556, 0.02612633583121152, 0.02990099623553166, 0.027468759438964478, 0.025816873693359506, 0.02682914279233446, 0.023253807026001348, 0.024005368462043267, 0.024971006675189138, 0.025434713032072842, 0.02301423699451472, 0.024247179009247895, 0.021270417818996912, 0.023554563062080543, 0.023491695492107573, 0.02417760201941191, 3.382287066041798e-05, 3.3895578130577516e-05, 0.0013516466985322893, 0.0013309247775677726, 0.0013520723131976247, 0.0013521021740402772, 0.0013520723637290549, 7.90359459149739e-05, 0.0013309233315650538, 0.0013516628888263884, 0.0013516495215645068, 4.647986376634986e-07, 0.00133092143884626, 0.0013516466985322893, 0.001331353931933498, 0.0013308520090632738, 0.001330909292641345, 0.001331341510757561, 3.7374185198633816e-07, 0.0]], "Angle": [[0.0, 0.05314492437741817, 0.049388896631179825, 0.048795322391261366, 0.049564374080406565, 0.07414369020542588, 0.08469829146716856, 0.06178245181648402, 0.06037470770789335, 0.07647967142764975, 0.04250234159249185, 0.05037052285730458, 0.040583067696859994, 0.03581422502469526, 0.039216504928012826, 0.03420486659412501, 0.0530980808448265, 0.05516909305932752, 0.07348785126395303, 0.03819181411349187, 0.06236578266910082, 0.06236574419155027, 0.06292162277397371, 0.0629103873438919, 0.06287063896570094, 0.06287065017885482, 0.06287062091503261, 0.06241627461594446, 0.0629103746113129, 0.06292166967096575, 0.06292160416180943, 0.06241714036010776, 0.06291039937290165, 0.06292162277397371, 0.0628593700027769, 0.06291059772861061, 0.06291037103670744, 0.0628594219088775, 0.0624171857621655, 0.062417335523374785], [0.05314492437741817, 0.0, 0.04001616561186804, 0.04073337701923425, 0.05901622077708085, 0.058570823197162156, 0.07246154321753732, 0.05968776866654018, 0.045382841894910465, 0.06469270976051843, 0.05188425460109904, 0.047103707126407594, 0.05326638008079891, 0.05128537798133674, 0.05541220013003489, 0.05328107080751582, 0.038528036205251984, 0.04290732876267878, 0.053429100075627546, 0.04850346458758362, 0.06844520042196933, 0.06844516578780244, 0.0684604443435591, 0.06846498976176961, 0.06849693458803267, 0.06849682092572267, 0.0684967290844319, 0.06841568588719897, 0.06846491433840449, 0.0684605649180443, 0.06846043259566839, 0.06840878380135296, 0.06846497492492443, 0.0684604443435591, 0.06850129585191289, 0.06846508133748551, 0.06846493385069648, 0.0685014085014252, 0.06840879601926055, 0.06840894571254053], [0.049388896631179825, 0.04001616561186804, 0.0, 0.05644118467235619, 0.05208858407447258, 0.05564620580470972, 0.07196510723964111, 0.06126222346959883, 0.03704355990649869, 0.062099535202740495, 0.0543409485254339, 0.05899077997232508, 0.04622657441360399, 0.04885926454418953, 0.04798787310637731, 0.05260595049523153, 0.047304221348297856, 0.048013398066564406, 0.06532870764781644, 0.0480090629515532, 0.06299074191998215, 0.06299072172058512, 0.0634202075669979, 0.06340578081284802, 0.0634540832243619, 0.06345404329131775, 0.06345399926113635, 0.06295179713914015, 0.06340565052450084, 0.06342024645383723, 0.063420161630846, 0.06295669378913463, 0.06340571843898152, 0.0634202075669979, 0.06343958541724402, 0.06340579977374536, 0.06340565778582735, 0.06343960967555219, 0.06295663340349156, 0.06295676811838045], [0.048795322391261366, 0.04073337701923425, 0.05644118467235619, 0.0, 0.047967307632835125, 0.07328068537192342, 0.08740142200958216, 0.05485442591438394, 0.05987139012001017, 0.0775949432520691, 0.047114964554626125, 0.027531590019520377, 0.048742497769142225, 0.04778788690263432, 0.054601786047270666, 0.05175144296392714, 0.05823995961948451, 0.05378816888284557, 0.07043422910847155, 0.04065944210888966, 0.07315265997943222, 0.07315259920513399, 0.0729404848275136, 0.07294161515295233, 0.07289523339838072, 0.0728951817980042, 0.07289517365882357, 0.07319578080051314, 0.0729415220611189, 0.0729406199775141, 0.07294047334247097, 0.0731977645259397, 0.07294155155298918, 0.0729404848275136, 0.07289624344383772, 0.07294164942724946, 0.07294157120085491, 0.07289628464652258, 0.0731978601239957, 0.07319798003692357], [0.049564374080406565, 0.05901622077708085, 0.05208858407447258, 0.047967307632835125, 0.0, 0.0636491898488243, 0.07055352228197806, 0.042947667455289336, 0.05345549013930466, 0.06819368464599629, 0.04303894315505453, 0.04883053352674699, 0.027109712698826928, 0.044772761977329385, 0.04494251087840934, 0.03786943536618529, 0.06702701796703434, 0.06179217866229761, 0.06877395775527698, 0.03884016713774872, 0.07319549363356966, 0.07319546759911455, 0.07433851699420647, 0.07432169085657636, 0.07430452903929705, 0.07430456242183207, 0.07430452333016276, 0.07323362427376559, 0.07432160972841152, 0.07433858470112566, 0.07433849535726539, 0.0732299855730589, 0.07432164437183005, 0.07433851699420647, 0.07428768807086565, 0.07432173004844131, 0.07432163427527824, 0.07428772934116201, 0.07323008800732982, 0.07323012291792544], [0.07414369020542588, 0.058570823197162156, 0.05564620580470972, 0.07328068537192342, 0.0636491898488243, 0.0, 0.033398750694649114, 0.057950028282942025, 0.04614695800442089, 0.0281601321633196, 0.06004183347110634, 0.08008733304584097, 0.06114702666900963, 0.07109866506148388, 0.05420879847917833, 0.06913270362020509, 0.06010499910480121, 0.060142800132541634, 0.06299385409054427, 0.0640692264710132, 0.0782734170521618, 0.07827331614705854, 0.07969845963246902, 0.07967364946090881, 0.07976822044714427, 0.07976811991552396, 0.07976811755981614, 0.07820439948463898, 0.07967347334499754, 0.0796984653844129, 0.07969835101946918, 0.07820235581930263, 0.07967354292084981, 0.07969845963246902, 0.0797433386907811, 0.07967368573296059, 0.07967353875039423, 0.07974342474798907, 0.0782022125542576, 0.07820229874169062], [0.08469829146716856, 0.07246154321753732, 0.07196510723964111, 0.08740142200958216, 0.07055352228197806, 0.033398750694649114, 0.0, 0.05998472747105741, 0.06168028324425414, 0.04154589134720466, 0.07141319221657082, 0.09535666146424314, 0.06933008371491926, 0.07581815932336035, 0.06557694860813518, 0.07332320541853125, 0.07365679551020908, 0.07541948193595215, 0.05951115090382233, 0.07569792040112633, 0.08596594897736441, 0.08596588442112743, 0.0879513078284631, 0.08792550165922654, 0.08798903430357857, 0.0879889860