{"Bond": [[0.0, 0.01761422475170021, 0.028589167570749266, 0.01583098812996948, 0.022573455039247774, 0.010041849676142117, 0.02456184009115669, 0.01209123833403436, 0.020967964373281474, 0.012170500094609312, 0.012550599551135777, 0.018675685718582493, 0.015693414521085445, 0.018942615150584846, 0.019297642215548617, 0.012385351309376291, 0.025797216604830645, 0.014075971951782914, 0.01786163674955434, 0.01333684228811033, 0.03633064020440101, 0.03633065967394025, 0.036330643821898594, 0.037678407001548564, 0.036330623850124436, 0.036330644361036564, 0.036335132205611506, 0.03633058644455924, 0.0363350975819433, 0.03768274649078266, 0.03768279525669716, 0.036330643821898594, 0.03633506783566453, 0.037678438573763684, 0.03633061091751604, 0.03633059995792712, 0.03768271556542183, 0.03768278526612638, 0.03767838475848542, 0.03633062002443369], [0.01761422475170021, 0.0, 0.018866991468990492, 0.016889700013272037, 0.014180539091117227, 0.012666265394353556, 0.01668626681012754, 0.015349067281836843, 0.01824991965978548, 0.011780199395639245, 0.013291753007036628, 0.020731423839985386, 0.017890219659171553, 0.015207661105711364, 0.016982855933297403, 0.010667665202817658, 0.016362976745487232, 0.012987024218484602, 0.014129433848564452, 0.012980795911735196, 0.031068012303211223, 0.031068040838128943, 0.03106806963175051, 0.032043848067934165, 0.031068021382353275, 0.031068071090077268, 0.03108579713746349, 0.03106795867457633, 0.031085782436426297, 0.03206108581648221, 0.03206108870127701, 0.03106806963175051, 0.03108575269054582, 0.032043872203464906, 0.031068001455421893, 0.03106800204506543, 0.032061057401166056, 0.03206111539602189, 0.03204378740146202, 0.03106801548762265], [0.028589167570749266, 0.018866991468990492, 0.0, 0.018476171268049624, 0.026490520836272215, 0.02571009737007593, 0.013608922497559113, 0.02435242396033423, 0.016194860515488768, 0.02589344598124153, 0.026604130553025577, 0.03275665053286868, 0.02710940522967831, 0.020127279255049677, 0.016840310414570018, 0.022489878817868778, 0.013386838882730076, 0.02582819744948236, 0.02575913365622863, 0.025559682200623695, 0.03493586809516744, 0.034935895764667976, 0.03493591600051012, 0.03560751050791283, 0.03493586890479785, 0.03493591212875255, 0.03497187326242876, 0.03493582400819512, 0.034971856037589864, 0.035642841475962216, 0.03564283323959873, 0.03493591600051012, 0.03497183417481723, 0.035607540585007126, 0.03493585197239841, 0.03493585857043914, 0.035642813062301465, 0.03564286426189066, 0.03560746677458035, 0.03493586389590098], [0.01583098812996948, 0.016889700013272037, 0.018476171268049624, 0.0, 0.026424252648242066, 0.013678054513909133, 0.018861370682025556, 0.013999839247707483, 0.013485377720748074, 0.019991929587922355, 0.017997359763274275, 0.024351503292462988, 0.021275248988121907, 0.01957339631087779, 0.013462155345475865, 0.014692306704158192, 0.0208990180536965, 0.02127693706387858, 0.02441221005443663, 0.0188142014118278, 0.039236339504787866, 0.039236359796240836, 0.039236369903168214, 0.040425934801337604, 0.03923633369170028, 0.039236348923399, 0.03926806669346548, 0.0392362845673566, 0.039268049078131716, 0.04045674434632106, 0.040456769929334876, 0.039236369903168214, 0.03926801440689211, 0.04042595464953962, 0.039236316106567866, 0.03923631025923526, 0.04045671818783441, 0.04045678383675594, 0.04042589732700702, 0.039236328489714485], [0.022573455039247774, 0.014180539091117227, 0.026490520836272215, 0.026424252648242066, 0.0, 0.018356198675764296, 0.023150422283216534, 0.01951047308036055, 0.02593859796803372, 0.0156405079085378, 0.01460415272014745, 0.018521367285253904, 0.01618989092064349, 0.02036023993450221, 0.025308110297620298, 0.016388609580952496, 0.01911136933309214, 0.013090842818265003, 0.011408845071636007, 0.014166811468640135, 0.026614518730637565, 0.026614521009445696, 0.026614565892617927, 0.02733164422250956, 0.02661451325938761, 0.026614572514034013, 0.026576915697012232, 0.026614462187765142, 0.026576897884685122, 0.02729502935847477, 0.027295041402704237, 0.026614565892617927, 0.026576875510929552, 0.027331654066401603, 0.026614492256194285, 0.026614494655519957, 0.02729502265123409, 0.02729505696043961, 0.027331571380440414, 0.026614507046279698], [0.010041849676142117, 0.012666265394353556, 0.02571009737007593, 0.013678054513909133, 0.018356198675764296, 0.0, 0.023208982556947443, 0.011266351233558446, 0.019191111640219027, 0.010904801507053882, 0.011192105661309496, 0.015638158414236113, 0.015311574737377655, 0.01947394389442381, 0.019517466742696814, 0.007272981217503834, 0.022632689091834298, 0.011955926263465136, 0.01605273212268054, 0.008441278685805098, 0.033185127215838134, 0.03318514393687428, 0.03318513061380953, 0.03449151258451375, 0.03318512096515716, 0.03318512630925991, 0.033206987128889594, 0.033185070723955955, 0.03320697000633808, 0.03451255063941921, 0.03451257934384001, 0.03318513061380953, 0.03320693846839537, 0.03449153066831472, 0.03318511086202722, 0.03318509634656332, 0.03451253143863791, 0.034512579041460135, 0.034491473794930796, 0.033185117976473624], [0.02456184009115669, 0.01668626681012754, 0.013608922497559113, 0.018861370682025556, 0.023150422283216534, 0.023208982556947443, 0.0, 0.019675934486062165, 0.012339451801544147, 0.022529248219323034, 0.020251350553984963, 0.02724277314490907, 0.022357683963166806, 0.0139613617493094, 0.010238260007672688, 0.01901295189001282, 0.011387635900659988, 0.022633011676693814, 0.020977119877232737, 0.024086194015291263, 0.03175845001685539, 0.031758457834912115, 0.031758472596240726, 0.032857443882765944, 0.031758455783666234, 0.03175848866436676, 0.031739093329674596, 0.03175839520490718, 0.031739086103589664, 0.032838724882109066, 0.0328387410399189, 0.031758472596240726, 0.03173905686741603, 0.0328574528484558, 0.031758443014675446, 0.03175842928715993, 0.032838710279264716, 0.032838747694968966, 0.03285738077118818, 0.03175845200637562], [0.01209123833403436, 0.015349067281836843, 0.02435242396033423, 0.013999839247707483, 0.01951047308036055, 0.011266351233558446, 0.019675934486062165, 0.0, 0.018541953165217787, 0.015094665468861047, 0.011263166725019463, 0.01817971470676948, 0.01650038626437742, 0.01644523860436026, 0.016771021921458677, 0.008890022170057878, 0.017889909258091512, 0.013596701327411172, 0.017584211776240553, 0.012867673827595304, 0.03583506956209388, 0.03583507495770056, 0.035835076411592705, 0.037117528343726544, 0.03583504115326897, 0.03583506937862681, 0.03582345044937192, 0.03583499611406861, 0.03582341352953746, 0.037106332778441845, 0.037106373334699426, 0.035835076411592705, 0.03582338127986328, 0.037117550179324124, 0.03583502299748547, 0.03583501483214791, 0.037106315309393886, 0.037106371034910095, 0.03711747721804893, 0.035835035782474524], [0.020967964373281474, 0.01824991965978548, 0.016194860515488768, 0.013485377720748074, 0.02593859796803372, 0.019191111640219027, 0.012339451801544147, 0.018541953165217787, 0.0, 0.021518177264321234, 0.01951968318593756, 0.023199204732519334, 0.02150750596858981, 0.016709179281992437, 0.009294852239464977, 0.016874334682324816, 0.01773932541337479, 0.02152423188046995, 0.021601244110791874, 0.021541794445632933, 0.03492433311770696, 0.034924340098773335, 0.03492434728870555, 0.03620560222774722, 0.034924336158908206, 0.034924343987218595, 0.03493838822344119, 0.0349242737177297, 0.034938388038190694, 0.0362191663843227, 0.0362191814745133, 0.03492434728870555, 0.034938350230083924, 0.036205610072698784, 0.03492432375315991, 0.03492430521166618, 0.03621914634749565, 0.03621919417890144, 0.03620554649833865, 0.034924332489071404], [0.012170500094609312, 0.011780199395639245, 0.02589344598124153, 0.019991929587922355, 0.0156405079085378, 0.010904801507053882, 0.022529248219323034, 0.015094665468861047, 0.021518177264321234, 0.0, 0.01228273773073499, 0.016310728273513344, 0.015944256973753734, 0.01879069039967401, 0.020610024733916925, 0.009628539067019106, 0.022482893398485228, 0.009900655903995635, 0.010469499558477854, 0.010293730666145756, 0.03247183923888026, 0.03247186544607593, 0.03247187412576648, 0.03369007310651652, 0.03247184657516228, 0.03247188143689389, 0.032476364936699684, 0.032471785206760514, 0.03247634727149616, 0.033694421942452195, 0.03369444480736242, 0.03247187412576648, 0.032476317115196385, 0.03369009386362868, 0.03247183154107362, 0.03247182313415593, 0.03369439956844658, 0.03369445266059681, 0.03369002001974612, 0.032471842127817487], [0.012550599551135777, 0.013291753007036628, 0.026604130553025577, 0.017997359763274275, 0.01460415272014745, 0.011192105661309496, 0.020251350553984963, 0.011263166725019463, 0.01951968318593756, 0.01228273773073499, 0.0, 0.012251126411818811, 0.014406307707398692, 0.015185974832825234, 0.018422227081091976, 0.010885298534713799, 0.019730220046799307, 0.012205095386521253, 0.013973522845262053, 0.012507742867253596, 0.02866482284334607, 0.028664823892131316, 0.028664832660527485, 0.030092010791069813, 0.028664819333942562, 0.028664832438623087, 0.0286447655612579, 0.02866475879793462, 0.028644755640733002, 0.03007290750170169, 0.030072948783769544, 0.028664832660527485, 0.028644718684465477, 0.03009201484241555, 0.028664805429398855, 0.028664785499932705, 0.03007289775019778, 0.03007294326071323, 0.030091953976643812, 0.028664815220735558], [0.018675685718582493, 0.020731423839985386, 0.03275665053286868, 0.024351503292462988, 0.018521367285253904, 0.015638158414236113, 0.02724277314490907, 0.01817971470676948, 0.023199204732519334, 0.016310728273513344, 0.012251126411818811, 0.0, 0.019897587745892793, 0.023667291355848774, 0.02554531295710642, 0.015499411119830758, 0.02589113903278082, 0.01594826262657958, 0.016493811734636626, 0.01571282964578584, 0.03454872600236203, 0.034548713794441174, 0.03454875147267412, 0.035935639756601696, 0.03454873171866571, 0.03454873517156045, 0.03453214015912629, 0.034548652587770665, 0.0345321536648375, 0.035919703953969206, 0.03591972585867172, 0.03454875147267412, 0.03453210765818826, 0.03593562308929331, 0.034548713858110376, 0.034548690894518175, 0.03591970519965601, 0.0359197400127334, 0.035935554431061716, 0.034548726435204576], [0.015693414521085445, 0.017890219659171553, 0.02710940522967831, 0.021275248988121907, 0.01618989092064349, 0.015311574737377655, 0.022357683963166806, 0.01650038626437742, 0.02150750596858981, 0.015944256973753734, 0.014406307707398692, 0.019897587745892793, 0.0, 0.019178140612882536, 0.019033224267472677, 0.015890589490227695, 0.020964872915711922, 0.013236467502138924, 0.013461789600707118, 0.013318947950883776, 0.030601844816754237, 0.030601852040396935, 0.030601873168372127, 0.03153773353785019, 0.030601818707746357, 0.03060186656693491, 0.030565034465978514, 0.030601795023793302, 0.030564991253556193, 0.03150203407592852, 0.03150208479257587, 0.030601873168372127, 0.03056496718751862, 0.03153775517836349, 0.03060179680418065, 0.030601798877529403, 0.031502008242454464, 0.031502080111890964, 0.03153770160593464, 0.030601812228293855], [0.018942615150584846, 0.015207661105711364, 0.020127279255049677, 0.01957339631087779, 0.02036023993450221, 0.01947394389442381, 0.0139613617493094, 0.01644523860436026, 0.016709179281992437, 0.01879069039967401, 0.015185974832825234, 0.023667291355848774, 0.019178140612882536, 0.0, 0.015149094326782466, 0.015552717376702791, 0.017135227639380787, 0.015686862574313686, 0.01643582334091172, 0.018480721652317872, 0.028108820386037896, 0.028108836165331986, 0.028108850704086388, 0.029362954584375274, 0.0281088110999048, 0.028108858310055225, 0.02811043767226882, 0.028108756451559382, 0.028110413037655917, 0.029364513689450564, 0.029364535626259437, 0.028108850704086388, 0.02811037680117292, 0.029362988784909852, 0.028108791196261543, 0.02810878319633062, 0.029364471480439372, 0.029364551500499252, 0.029362904697702863, 0.028108805212062656], [0.019297642215548617, 0.016982855933297403, 0.016840310414570018, 0.013462155345475865, 0.025308110297620298, 0.019517466742696814, 0.010238260007672688, 0.016771021921458677, 0.009294852239464977, 0.020610024733916925, 0.018422227081091976, 0.02554531295710642, 0.019033224267472677, 0.015149094326782466, 0.0, 0.017436162232818603, 0.015714770047054294, 0.02123825393830778, 0.02147089409461711, 0.02173946587749034, 0.03438000600637117, 0.034380020117094026, 0.03438002419929765, 0.03558207973373551, 0.034379998440046945, 0.034380026520276254, 0.034373512607407834, 0.034379951346815915, 0.034373489188870225, 0.035575809473537105, 0.035575842719097465, 0.03438002419929765, 0.034373458569204395, 0.0355820983438159, 0.034379983385029796, 0.03437997313672145, 0.03557578444102605, 0.03557584343721865, 0.03558203692723981, 0.03437999398651146], [0.012385351309376291, 0.010667665202817658, 0.022489878817868778, 0.014692306704158192, 0.016388609580952496, 0.007272981217503834, 0.01901295189001282, 0.008890022170057878, 0.016874334682324816, 0.009628539067019106, 0.010885298534713799, 0.015499411119830758, 0.015890589490227695, 0.015552717376702791, 0.017436162232818603, 0.0, 0.018459494776154477, 0.009432064245990416, 0.012477032347350307, 0.008474234151078792, 0.032877630634781156, 0.032877644836695814, 0.032877650867331826, 0.03419345473790536, 0.03287762562559897, 0.03287764849815345, 0.032888269010205286, 0.03287756187869803, 0.03288825264423354, 0.034203689700279476, 0.0342037091249153, 0.032877650867331826, 0.032888216743547596, 0.03419347157389857, 0.032877609893109803, 0.03287759750695057, 0.034203670343684794, 0.03420372039028739, 0.03419339257949446, 0.03287762097165556], [0.025797216604830645, 0.016362976745487232, 0.013386838882730076, 0.0208990180536965, 0.01911136933309214, 0.022632689091834298, 0.011387635900659988, 0.017889909258091512, 0.01773932541337479, 0.022482893398485228, 0.019730220046799307, 0.02589113903278082, 0.020964872915711922, 0.017135227639380787, 0.015714770047054294, 0.018459494776154477, 0.0, 0.02075321047911471, 0.020358162858975862, 0.021158439664219084, 0.029321294365044236, 0.029321296389533298, 0.029321319405155526, 0.03017408500575497, 0.029321274175224787, 0.029321317568190085, 0.02929955817865733, 0.029321227631014052, 0.02929953014007504, 0.030152977097412048, 0.030152992976074062, 0.029321319405155526, 0.02929950630561023, 0.03017409664618589, 0.029321255269247736, 0.029321255281222293, 0.03015297222115851, 0.030153003383379975, 0.030174015986586183, 0.029321268582509386], [0.014075971951782914, 0.012987024218484602, 0.02582819744948236, 0.02127693706387858, 0.013090842818265003, 0.011955926263465136, 0.022633011676693814, 0.013596701327411172, 0.02152423188046995, 0.009900655903995635, 0.012205095386521253, 0.01594826262657958, 0.013236467502138924, 0.015686862574313686, 0.02123825393830778, 0.009432064245990416, 0.02075321047911471, 0.0, 0.007560229040181775, 0.005856809554171801, 0.030019100550539926, 0.030019115521819593, 0.030019121716694325, 0.031118427219697306, 0.030019076751590233, 0.030019125552665768, 0.030019001637674396, 0.030019032475090985, 0.03001896283841571, 0.03111834987908418, 0.031118371695957978, 0.030019121716694325, 0.030018933725344275, 0.03111846355537272, 0.030019057254173333, 0.030019055586777706, 0.031118316573458375, 0.03111838319789971, 0.031118376716380944, 0.030019070983917064], [0.01786163674955434, 0.014129433848564452, 0.02575913365622863, 0.02441221005443663, 0.011408845071636007, 0.01605273212268054, 0.020977119877232737, 0.017584211776240553, 0.021601244110791874, 0.010469499558477854, 0.013973522845262053, 0.016493811734636626, 0.013461789600707118, 0.01643582334091172, 0.02147089409461711, 0.012477032347350307, 0.020358162858975862, 0.007560229040181775, 0.0, 0.011535474952512996, 0.0273278538197187, 0.027327863444818357, 0.027327872265303973, 0.028454418914448287, 0.027327848770829236, 0.027327894901825172, 0.02730174377281378, 0.027327791971318724, 0.02730172210499185, 0.028429337119709745, 0.028429356234512367, 0.027327872265303973, 0.027301694335741696, 0.028454439594758043, 0.027327834403119082, 0.027327823533779223, 0.028429315916464575, 0.02842936107875265, 0.02845435474812182, 0.027327844520609452], [0.01333684228811033, 0.012980795911735196, 0.025559682200623695, 0.0188142014118278, 0.014166811468640135, 0.008441278685805098, 0.024086194015291263, 0.012867673827595304, 0.021541794445632933, 0.010293730666145756, 0.012507742867253596, 0.01571282964578584, 0.013318947950883776, 0.018480721652317872, 0.02173946587749034, 0.008474234151078792, 0.021158439664219084, 0.005856809554171801, 0.011535474952512996, 0.0, 0.029297778379491334, 0.029297795041319227, 0.029297780090953705, 0.030431557214131592, 0.02929775365763759, 0.02929777822116215, 0.029316547608486843, 0.02929771543018134, 0.02931651126027186, 0.03044964582095585, 0.03044967052315516, 0.029297780090953705, 0.02931648500987525, 0.03043158992625991, 0.029297740425310043, 0.029297735210351106, 0.030449620450689302, 0.030449673538252925, 0.03043151932720414, 0.029297749743283637], [0.03633064020440101, 0.031068012303211223, 0.03493586809516744, 0.039236339504787866, 0.026614518730637565, 0.033185127215838134, 0.03175845001685539, 0.03583506956209388, 0.03492433311770696, 0.03247183923888026, 0.02866482284334607, 0.03454872600236203, 0.030601844816754237, 0.028108820386037896, 0.03438000600637117, 0.032877630634781156, 0.029321294365044236, 0.030019100550539926, 0.0273278538197187, 0.029297778379491334, 0.0, 9.960907978669639e-08, 2.0574211033411913e-07, 0.0020209697183824074, 1.5875832140408974e-07, 1.872207551069619e-07, 0.00020320637005896534, 1.0827953975819319e-07, 0.00020323354803124466, 0.002031137982549288, 0.0020311683514332626, 2.0574211033411913e-07, 0.00020322045499635954, 0.002020930513232874, 1.6121562187662463e-07, 1.4205808279476076e-07, 0.00203114383996433, 0.002031163696912564, 0.0020208959882437104, 1.5822678769808768e-07], [0.03633065967394025, 0.031068040838128943, 0.034935895764667976, 0.039236359796240836, 0.026614521009445696, 0.03318514393687428, 0.031758457834912115, 0.03583507495770056, 0.034924340098773335, 0.03247186544607593, 0.028664823892131316, 0.034548713794441174, 0.030601852040396935, 0.028108836165331986, 0.034380020117094026, 0.032877644836695814, 0.029321296389533298, 0.030019115521819593, 0.027327863444818357, 0.029297795041319227, 9.960907978669639e-08, 0.0, 1.8662496889647713e-07, 0.002020981928483974, 1.6550892062821676e-07, 1.6599527471579855e-07, 0.0002031440999495568, 1.1399009662128177e-07, 0.00020317129942764187, 0.00203114390219294, 0.0020311742724638433, 1.8662496889647713e-07, 0.00020315819720350366, 0.002020942720056965, 1.7122678927140834e-07, 1.286203220197892e-07, 0.002031149762961185, 0.0020311696160759674, 0.002020908195846717, 1.6601714091414146e-07], [0.036330643821898594, 0.03106806963175051, 0.03493591600051012, 0.039236369903168214, 0.026614565892617927, 0.03318513061380953, 0.031758472596240726, 0.035835076411592705, 0.03492434728870555, 0.03247187412576648, 0.028664832660527485, 0.03454875147267412, 0.030601873168372127, 0.028108850704086388, 0.03438002419929765, 0.032877650867331826, 0.029321319405155526, 0.030019121716694325, 0.027327872265303973, 0.029297780090953705, 2.0574211033411913e-07, 1.8662496889647713e-07, 0.0, 0.0020209947768508943, 1.5122575314235086e-07, 1.1288455842126301e-07, 0.00020315824697728665, 2.1041260947037228e-07, 0.00020318535147518328, 0.002031158096564578, 0.002031188471483076, 0.0, 0.00020317228525855452, 0.0020209555762483486, 1.9161514166906973e-07, 1.4882646632038853e-07, 0.002031163955324349, 0.0020311838068964804, 0.002020921054645607, 1.6298578294427908e-07], [0.037678407001548564, 0.032043848067934165, 0.03560751050791283, 0.040425934801337604, 0.02733164422250956, 0.03449151258451375, 0.032857443882765944, 0.037117528343726544, 0.03620560222774722, 0.03369007310651652, 0.030092010791069813, 0.035935639756601696, 0.03153773353785019, 0.029362954584375274, 0.03558207973373551, 0.03419345473790536, 0.03017408500575497, 0.031118427219697306, 0.028454418914448287, 0.030431557214131592, 0.0020209697183824074, 0.002020981928483974, 0.0020209947768508943, 0.0, 0.0020209395003388387, 0.002021002826620733, 0.0020311687537139782, 0.002021034959215284, 0.0020311292528919903, 0.0002032190666868795, 0.00020314713601798766, 0.0020209947768508943, 0.0020311829434699526, 1.4574700827768841e-07, 0.0020209395018918335, 0.002020994775978474, 0.00020317054584932063, 0.00020321710069936739, 1.7446856213840807e-07, 0.00202093950069901], [0.036330623850124436, 0.031068021382353275, 0.03493586890479785, 0.03923633369170028, 0.02661451325938761, 0.03318512096515716, 0.031758455783666234, 0.03583504115326897, 0.034924336158908206, 0.03247184657516228, 0.028664819333942562, 0.03454873171866571, 0.030601818707746357, 0.0281088110999048, 0.034379998440046945, 0.03287762562559897, 0.029321274175224787, 0.030019076751590233, 0.027327848770829236, 0.02929775365763759, 1.5875832140408974e-07, 1.6550892062821676e-07, 1.5122575314235086e-07, 0.0020209395003388387, 0.0, 1.481583224213525e-07, 0.00020317129942764187, 1.6069594855545747e-07, 0.00020319836770136906, 0.0020311044092988597, 0.002031134783779211, 1.5122575314235086e-07, 0.00020318530170804, 0.002020900301904867, 4.3879500415090454e-08, 6.77018214993841e-08, 0.0020311102647254478, 0.00203113012377388, 0.0020208657758387797, 1.2980303147020495e-08], [0.036330644361036564, 0.031068071090077268, 0.03493591212875255, 0.039236348923399, 0.026614572514034013, 0.03318512630925991, 0.03175848866436676, 0.03583506937862681, 0.034924343987218595, 0.03247188143689389, 0.028664832438623087, 0.03454873517156045, 0.03060186656693491, 0.028108858310055225, 0.034380026520276254, 0.03287764849815345, 0.029321317568190085, 0.030019125552665768, 0.027327894901825172, 0.02929777822116215, 1.872207551069619e-07, 1.6599527471579855e-07, 1.1288455842126301e-07, 0.002021002826620733, 1.481583224213525e-07, 0.0, 0.0002032071328195881, 1.8865195550998608e-07, 0.00020323425949693644, 0.0020311710002396807, 0.002031201374125155, 1.1288455842126301e-07, 0.00020322117733730588, 0.0020209636233286723, 1.7559902120638355e-07, 1.343844138588995e-07, 0.0020311768597121808, 0.0020311967129437295, 0.0020209291033550843, 1.5549239135576177e-07], [0.036335132205611506, 0.03108579713746349, 0.03497187326242876, 0.03926806669346548, 0.026576915697012232, 0.033206987128889594, 0.031739093329674596, 0.03582345044937192, 0.03493838822344119, 0.032476364936699684, 0.0286447655612579, 0.03453214015912629, 0.030565034465978514, 0.02811043767226882, 0.034373512607407834, 0.032888269010205286, 0.02929955817865733, 0.030019001637674396, 0.02730174377281378, 0.029316547608486843, 0.00020320637005896534, 0.0002031440999495568, 0.00020315824697728665, 0.0020311687537139782, 0.00020317129942764187, 0.0002032071328195881, 0.0, 0.00020318993671512395, 1.6550892062821676e-07, 0.0020209548748748372, 0.002020992634482741, 0.00020315824697728665, 1.3164140442314046e-07, 0.0020311260647768803, 0.00020317130136263985, 0.00020315819246480592, 0.002020965641333233, 0.002020980918911934, 0.002031092019932074, 0.00020317129901299601], [0.03633058644455924, 0.03106795867457633, 0.03493582400819512, 0.0392362845673566, 0.026614462187765142, 0.033185070723955955, 0.03175839520490718, 0.03583499611406861, 0.0349242737177297, 0.032471785206760514, 0.02866475879793462, 0.034548652587770665, 0.030601795023793302, 0.028108756451559382, 0.034379951346815915, 0.03287756187869803, 0.029321227631014052, 0.030019032475090985, 0.027327791971318724, 0.02929771543018134, 1.0827953975819319e-07, 1.1399009662128177e-07, 2.1041260947037228e-07, 0.002021034959215284, 1.6069594855545747e-07, 1.8865195550998608e-07, 0.00020318993671512395, 0.0, 0.00020321710645920268, 0.002031201252861282, 0.0020312316212659307, 2.1041260947037228e-07, 0.0002032039923860875, 0.002020995755136539, 1.5458905952705808e-07, 1.1369658070333845e-07, 0.0020312071107055534, 0.002031226967133577, 0.0020209612261258064, 1.57646876649274e-07], [0.0363350975819433, 0.031085782436426297, 0.034971856037589864, 0.039268049078131716, 0.026576897884685122, 0.03320697000633808, 0.031739086103589664, 0.03582341352953746, 0.034938388038190694, 0.03247634727149616, 0.028644755640733002, 0.0345321536648375, 0.030564991253556193, 0.028110413037655917, 0.034373489188870225, 0.03288825264423354, 0.02929953014007504, 0.03001896283841571, 0.02730172210499185, 0.02931651126027186, 0.00020323354803124466, 0.00020317129942764187, 0.00020318535147518328, 0.0020311292528919903, 0.00020319836770136906, 0.00020323425949693644, 1.6550892062821676e-07, 0.00020321710645920268, 0.0, 0.002020912454060311, 0.0020209502200311245, 0.00020318535147518328, 7.327897895274618e-08, 0.0020310865729043013, 0.0002031983696361093, 0.0002031852969699744, 0.002020923216564275, 0.0020209384987900352, 0.002031052526353951, 0.00020319836728677844], [0.03768274649078266, 0.03206108581648221, 0.035642841475962216, 0.04045674434632106, 0.02729502935847477, 0.03451255063941921, 0.032838724882109066, 0.037106332778441845, 0.0362191663843227, 0.033694421942452195, 0.03007290750170169, 0.035919703953969206, 0.03150203407592852, 0.029364513689450564, 0.035575809473537105, 0.034203689700279476, 0.030152977097412048, 0.03111834987908418, 0.028429337119709745, 0.03044964582095585, 0.002031137982549288, 0.00203114390219294, 0.002031158096564578, 0.0002032190666868795, 0.0020311044092988597, 0.0020311710002396807, 0.0020209548748748372, 0.002031201252861282, 0.002020912454060311, 0.0, 1.335705118779526e-07, 0.002031158096564578, 0.0020209677297165617, 0.00020318228789699874, 0.002031104411421545, 0.0020311580976550554, 1.1127164075657562e-07, 7.77347175494152e-08, 0.00020318538614922657, 0.0020311044098280514], [0.03768279525669716, 0.03206108870127701, 0.03564283323959873, 0.040456769929334876, 0.027295041402704237, 0.03451257934384001, 0.0328387410399189, 0.037106373334699426, 0.0362191814745133, 0.03369444480736242, 0.030072948783769544, 0.03591972585867172, 0.03150208479257587, 0.029364535626259437, 0.035575842719097465, 0.0342037091249153, 0.030152992976074062, 0.031118371695957978, 0.028429356234512367, 0.03044967052315516, 0.0020311683514332626, 0.0020311742724638433, 0.002031188471483076, 0.00020314713601798766, 0.002031134783779211, 0.002031201374125155, 0.002020992634482741, 0.0020312316212659307, 0.0020209502200311245, 1.335705118779526e-07, 0.0, 0.002031188471483076, 0.0020210054937418783, 0.00020311033142876757, 0.0020311347855803477, 0.0020311884714830763, 1.6858715637190415e-07, 1.2560143850845227e-07, 0.00020311339711071225, 0.002031134784213285], [0.036330643821898594, 0.03106806963175051, 0.03493591600051012, 0.039236369903168214, 0.026614565892617927, 0.03318513061380953, 0.031758472596240726, 0.035835076411592705, 0.03492434728870555, 0.03247187412576648, 0.028664832660527485, 0.03454875147267412, 0.030601873168372127, 0.028108850704086388, 0.03438002419929765, 0.032877650867331826, 0.029321319405155526, 0.030019121716694325, 0.027327872265303973, 0.029297780090953705, 2.0574211033411913e-07, 1.8662496889647713e-07, 0.0, 0.0020209947768508943, 1.5122575314235086e-07, 1.1288455842126301e-07, 0.00020315824697728665, 2.1041260947037228e-07, 0.00020318535147518328, 0.002031158096564578, 0.002031188471483076, 0.0, 0.00020317228525855452, 0.0020209555762483486, 1.9161514166906973e-07, 1.4882646632038853e-07, 0.002031163955324349, 0.0020311838068964804, 0.002020921054645607, 1.6298578294427908e-07], [0.03633506783566453, 0.03108575269054582, 0.03497183417481723, 0.03926801440689211, 0.026576875510929552, 0.03320693846839537, 0.03173905686741603, 0.03582338127986328, 0.034938350230083924, 0.032476317115196385, 0.028644718684465477, 0.03453210765818826, 0.03056496718751862, 0.02811037680117292, 0.034373458569204395, 0.032888216743547596, 0.02929950630561023, 0.030018933725344275, 0.027301694335741696, 0.02931648500987525, 0.00020322045499635954, 0.00020315819720350366, 0.00020317228525855452, 0.0020311829434699526, 0.00020318530170804, 0.00020322117733730588, 1.3164140442314046e-07, 0.0002032039923860875, 7.327897895274618e-08, 0.0020209677297165617, 0.0020210054937418783, 0.00020317228525855452, 0.0, 0.002031140261859539, 0.0002031852969699744, 0.00020317220811575014, 0.002020978492347856, 0.0020209937751389287, 0.0020311062145346127, 0.00020318529931945636], [0.037678438573763684, 0.032043872203464906, 0.035607540585007126, 0.04042595464953962, 0.027331654066401603, 0.03449153066831472, 0.0328574528484558, 0.037117550179324124, 0.036205610072698784, 0.03369009386362868, 0.03009201484241555, 0.03593562308929331, 0.03153775517836349, 0.029362988784909852, 0.0355820983438159, 0.03419347157389857, 0.03017409664618589, 0.03111846355537272, 0.028454439594758043, 0.03043158992625991, 0.002020930513232874, 0.002020942720056965, 0.0020209555762483486, 1.4574700827768841e-07, 0.002020900301904867, 0.0020209636233286723, 0.0020311260647768803, 0.002020995755136539, 0.0020310865729043013, 0.00020318228789699874, 0.00020311033142876757, 0.0020209555762483486, 0.002031140261859539, 0.0, 0.0020209003034578916, 0.0020209555753759115, 0.00020313382294794106, 0.00020318032442237939, 1.3431522120635695e-07, 0.002020900302265045], [0.03633061091751604, 0.031068001455421893, 0.03493585197239841, 0.039236316106567866, 0.026614492256194285, 0.03318511086202722, 0.031758443014675446, 0.03583502299748547, 0.03492432375315991, 0.03247183154107362, 0.028664805429398855, 0.034548713858110376, 0.03060179680418065, 0.028108791196261543, 0.034379983385029796, 0.032877609893109803, 0.029321255269247736, 0.030019057254173333, 0.027327834403119082, 0.029297740425310043, 1.6121562187662463e-07, 1.7122678927140834e-07, 1.9161514166906973e-07, 0.0020209395018918335, 4.3879500415090454e-08, 1.7559902120638355e-07, 0.00020317130136263985, 1.5458905952705808e-07, 0.0002031983696361093, 0.002031104411421545, 0.0020311347855803477, 1.9161514166906973e-07, 0.0002031852969699744, 0.0020209003034578916, 0.0, 7.327897895274618e-08, 0.0020311102662050862, 0.002031130127182607, 0.002020865776033318, 3.0899197268069964e-08], [0.03633059995792712, 0.03106800204506543, 0.03493585857043914, 0.03923631025923526, 0.026614494655519957, 0.03318509634656332, 0.03175842928715993, 0.03583501483214791, 0.03492430521166618, 0.03247182313415593, 0.028664785499932705, 0.034548690894518175, 0.030601798877529403, 0.02810878319633062, 0.03437997313672145, 0.03287759750695057, 0.029321255281222293, 0.030019055586777706, 0.027327823533779223, 0.029297735210351106, 1.4205808279476076e-07, 1.286203220197892e-07, 1.4882646632038853e-07, 0.002020994775978474, 6.77018214993841e-08, 1.343844138588995e-07, 0.00020315819246480592, 1.1369658070333845e-07, 0.0002031852969699744, 0.0020311580976550554, 0.0020311884714830763, 1.4882646632038853e-07, 0.00020317220811575014, 0.0020209555753759115, 7.327897895274618e-08, 0.0, 0.0020311639542338754, 0.002031183812348798, 0.0020209210491656015, 6.64458303021786e-08], [0.03768271556542183, 0.032061057401166056, 0.035642813062301465, 0.04045671818783441, 0.02729502265123409, 0.03451253143863791, 0.032838710279264716, 0.037106315309393886, 0.03621914634749565, 0.03369439956844658, 0.03007289775019778, 0.03591970519965601, 0.031502008242454464, 0.029364471480439372, 0.03557578444102605, 0.034203670343684794, 0.03015297222115851, 0.031118316573458375, 0.028429315916464575, 0.030449620450689302, 0.00203114383996433, 0.002031149762961185, 0.002031163955324349, 0.00020317054584932063, 0.0020311102647254478, 0.0020311768597121808, 0.002020965641333233, 0.0020312071107055534, 0.002020923216564275, 1.1127164075657562e-07, 1.6858715637190415e-07, 0.002031163955324349, 0.002020978492347856, 0.00020313382294794106, 0.0020311102662050862, 0.0020311639542338754, 0.0, 1.5038964412460235e-07, 0.00020313690342283763, 0.0020311102650644158], [0.03768278526612638, 0.03206111539602189, 0.03564286426189066, 0.04045678383675594, 0.02729505696043961, 0.034512579041460135, 0.032838747694968966, 0.037106371034910095, 0.03621919417890144, 0.03369445266059681, 0.03007294326071323, 0.0359197400127334, 0.031502080111890964, 0.029364551500499252, 0.03557584343721865, 0.03420372039028739, 0.030153003383379975, 0.03111838319789971, 0.02842936107875265, 0.030449673538252925, 0.002031163696912564, 0.0020311696160759674, 0.0020311838068964804, 0.00020321710069936739, 0.00203113012377388, 0.0020311967129437295, 0.002020980918911934, 0.002031226967133577, 0.0020209384987900352, 7.77347175494152e-08, 1.2560143850845227e-07, 0.0020311838068964804, 0.0020209937751389287, 0.00020318032442237939, 0.002031130127182607, 0.002031183812348798, 1.5038964412460235e-07, 0.0, 0.00020318342433797083, 0.002031130124683506], [0.03767838475848542, 0.03204378740146202, 0.03560746677458035, 0.04042589732700702, 0.027331571380440414, 0.034491473794930796, 0.03285738077118818, 0.03711747721804893, 0.03620554649833865, 0.03369002001974612, 0.030091953976643812, 0.035935554431061716, 0.03153770160593464, 0.029362904697702863, 0.03558203692723981, 0.03419339257949446, 0.030174015986586183, 0.031118376716380944, 0.02845435474812182, 0.03043151932720414, 0.0020208959882437104, 0.002020908195846717, 0.002020921054645607, 1.7446856213840807e-07, 0.0020208657758387797, 0.0020209291033550843, 0.002031092019932074, 0.0020209612261258064, 0.002031052526353951, 0.00020318538614922657, 0.00020311339711071225, 0.002020921054645607, 0.0020311062145346127, 1.3431522120635695e-07, 0.002020865776033318, 0.0020209210491656015, 0.00020313690342283763, 0.00020318342433797083, 0.0, 0.0020208657757970925], [0.03633062002443369, 0.03106801548762265, 0.03493586389590098, 0.039236328489714485, 0.026614507046279698, 0.033185117976473624, 0.03175845200637562, 0.035835035782474524, 0.034924332489071404, 0.032471842127817487, 0.028664815220735558, 0.034548726435204576, 0.030601812228293855, 0.028108805212062656, 0.03437999398651146, 0.03287762097165556, 0.029321268582509386, 0.030019070983917064, 0.027327844520609452, 0.029297749743283637, 1.5822678769808768e-07, 1.6601714091414146e-07, 1.6298578294427908e-07, 0.00202093950069901, 1.2980303147020495e-08, 1.5549239135576177e-07, 0.00020317129901299601, 1.57646876649274e-07, 0.00020319836728677844, 0.0020311044098280514, 0.002031134784213285, 1.6298578294427908e-07, 0.00020318529931945636, 0.002020900302265045, 3.0899197268069964e-08, 6.64458303021786e-08, 0.0020311102650644158, 0.002031130124683506, 0.0020208657757970925, 0.0]], "Angle": [[0.0, 0.08563526441611599, 0.10629398403641416, 0.051361539005123025, 0.10332851984232923, 0.0546614910204523, 0.07340604165332418, 0.05374837899894978, 0.07414687583289982, 0.045055045927107885, 0.0641519000553812, 0.08963664301958653, 0.062000601389934094, 0.06507576989337677, 0.07030755623798247, 0.07126294617753136, 0.11103705047701297, 0.057811825996190065, 0.08813794535809409, 0.05949756925139016, 0.069563415960119, 0.06956352251748828, 0.06956335115199457, 0.0687588208851492, 0.06956336885984561, 0.06956341327413566, 0.06982132339605732, 0.06956342061095279, 0.06982118064217711, 0.06901963856310685, 0.0690197807200189, 0.06956335115199457, 0.06982117604665689, 0.0687588899896825, 0.06956336885984561, 0.06956335115199457, 0.06901958418255945, 0.06901965212748588, 0.06875884218468928, 0.06956336885984561], [0.08563526441611599, 0.0, 0.06600384565561872, 0.06272711107071063, 0.05483475614687769, 0.05644744801963942, 0.04697992567052614, 0.05155606373267832, 0.04301018983568595, 0.05137966845725743, 0.05994214998164667, 0.06316638659840798, 0.0585303417381438, 0.05015328988750348, 0.05283963933072758, 0.058218947980593856, 0.04876455191698133, 0.05279190894745991, 0.04229240409158595, 0.04765178717397021, 0.05307509318413432, 0.053075054904957515, 0.05307508333801478, 0.05344964274803981, 0.05307507221778516, 0.05307508465248743, 0.053185915890107495, 0.053075075852946775, 0.05318593315741968, 0.053559724945541336, 0.05355971653234122, 0.05307508333801478, 0.053185946554683436, 0.053449631025731, 0.05307507221778516, 0.05307508333801478, 0.05355977520808864, 0.05355973155114843, 0.05344961857118979, 0.05307507221778516], [0.10629398403641416, 0.06600384565561872, 0.0, 0.09942616549630759, 0.0647058539518258, 0.08876290517551406, 0.06504411813881249, 0.08131888526231298, 0.07460974469459207, 0.08738865719993036, 0.0905295130374753, 0.09334706336499908, 0.09963921381125261, 0.06204013417784426, 0.09784090323306531, 0.09266294688722095, 0.06202223410043091, 0.07461934592451598, 0.07852847326396377, 0.07574643872940787, 0.07307767575516458, 0.07307772369003944, 0.07307770936241678, 0.074570455774846, 0.073077704795615, 0.07307771654528114, 0.07388091478752946, 0.07307768116288474, 0.07388091503914354, 0.07535774578811989, 0.075357756448144, 0.07307770936241678, 0.07388095028252162, 0.07457045805499858, 0.073077704795615, 0.07307770936241678, 0.07535780211940624, 0.07535777160062397, 0.07457044632047347, 0.073077704795615], [0.051361539005123025, 0.06272711107071063, 0.09942616549630759, 0.0, 0.09281021991099356, 0.045653894021985705, 0.05043933861867178, 0.04293718316193256, 0.06379208243178182, 0.040192721633033654, 0.04719509940977612, 0.07472586535645331, 0.05160319719688229, 0.04475765345957825, 0.057642121957687, 0.0414509226079838, 0.09438222545005885, 0.05887024247068086, 0.07310741192558655, 0.04720486516335358, 0.048832598149267055, 0.04883264296406213, 0.04883252810708553, 0.047760382622466874, 0.048832561974421505, 0.04883256176822911, 0.048999597576695975, 0.048832577356516436, 0.048999532271034645, 0.04793108888788872, 0.04793113732362498, 0.04883252810708553, 0.04899951344852554, 0.04776039381943991, 0.048832561974421505, 0.04883252810708553, 0.047931041308724276, 0.04793107481925572, 0.047760374299772146, 0.048832561974421505], [0.10332851984232923, 0.05483475614687769, 0.0647058539518258, 0.09281021991099356, 0.0, 0.09142629274849076, 0.07632714618742634, 0.07016163173178554, 0.060275749814495, 0.0792534283337655, 0.07684787161719668, 0.05576295261564589, 0.07180518500697783, 0.0685787063446258, 0.08070171872602912, 0.08104451284603607, 0.04778139395536895, 0.06283045042107298, 0.05588778901239222, 0.07445576328996932, 0.06872144508195756, 0.06872147647151314, 0.06872153289811761, 0.07024970663333958, 0.06872151021736142, 0.06872153985132434, 0.0680397770550649, 0.0687214659918536, 0.0680397995916611, 0.06958295489698092, 0.06958292115715928, 0.06872153289811761, 0.06803979963991455, 0.07024969226116498, 0.06872151021736142, 0.06872153289811761, 0.06958298909872648, 0.06958297243533523, 0.0702497100290012, 0.06872151021736142], [0.0546614910204523, 0.05644744801963942, 0.08876290517551406, 0.045653894021985705, 0.09142629274849076, 0.0, 0.04838084611238544, 0.05067818737390085, 0.059622866622097107, 0.038340742335602244, 0.05638200685098947, 0.08175452102935045, 0.0672124372336294, 0.051853545627758214, 0.0695502819730148, 0.05450070481122127, 0.09272292444322398, 0.05871900970316499, 0.07764150544249078, 0.03724454036086909, 0.057485622630203924, 0.05748566743342509, 0.05748556171360956, 0.05846739310727366, 0.05748558876346319, 0.05748558927232984, 0.05838909812473368, 0.05748562326095413, 0.05838905281053788, 0.05935591136316024, 0.059355969399050974, 0.05748556171360956, 0.0583890687528525, 0.05846740036153894, 0.05748558876346319, 0.05748556171360956, 0.0593559132287523, 0.059355907346528465, 0.05846734519464399, 0.05748558876346319], [0.07340604165332418, 0.04697992567052614, 0.06504411813881249, 0.05043933861867178, 0.07632714618742634, 0.04838084611238544, 0.0, 0.0511251458723204, 0.05056274123604579, 0.058127236748622475, 0.0545773544452989, 0.07529181029839457, 0.064689957231635, 0.02937090022183924, 0.06271730510214214, 0.052753259021281966, 0.0716173543757369, 0.05844676268201346, 0.06403055774814281, 0.046095089342640644, 0.03748158013498982, 0.037481558107380276, 0.037481534436112865, 0.038149861591370245, 0.037481542912044495, 0.037481540713629496, 0.03826160319792324, 0.037481570