{"Bond": [[0.0, 0.08452171835681864, 0.08202896837923783, 0.08409978461421419, 0.05584263373994831, 0.0825123667010554, 0.07871918851986205, 0.08673234074674084, 0.0837237843821883, 0.10738067948430162, 0.08115609647228066, 0.08119814489343477, 0.08388599044940526, 0.08226341925128851, 0.06538676908873588, 0.1388051634816665, 0.07858784640702668, 0.08390961894275226, 0.0764171992113132, 0.10407717496495367, 0.081389507334204, 0.08092249821214176, 0.08094291775291651, 0.08091919496506761, 0.08137894314148442, 0.0813616269753461, 0.0809141235508156, 0.08136155872911734, 0.08094145122575576, 0.08092645845752637, 0.08091373287292994, 0.0813664107530125, 0.08136251647147452, 0.08135988973364727, 0.08096601652958549, 0.08137106978086783, 0.08138061093914514, 0.08138074214371437, 0.0809418421503547, 0.0813793874995078], [0.08452171835681864, 0.0, 0.047633887809820905, 0.04905536125263423, 0.06171283144990671, 0.04905268943846607, 0.0452842738204862, 0.039357413727744844, 0.049706476568843264, 0.07928438773521256, 0.04948540594342693, 0.050810417071776186, 0.04788839766816306, 0.04110915483271373, 0.054771299099376225, 0.12676169787653652, 0.04332909439724952, 0.04003697909357214, 0.04021954296403284, 0.079354938640936, 0.04349304387635886, 0.043471671626130026, 0.04348273698881405, 0.04348388877483041, 0.043489017590826747, 0.04348666209058936, 0.04348873478780581, 0.04351206500571026, 0.04346952487706521, 0.04345951035419839, 0.04345815357543798, 0.04348861339874455, 0.04351011021760787, 0.043506661719667473, 0.04348740422507591, 0.04349216447927003, 0.043492168438172114, 0.043492019123535786, 0.04346752416985584, 0.04348708480189229], [0.08202896837923783, 0.047633887809820905, 0.0, 0.013807221627205784, 0.06068378664932161, 0.009466013314245158, 0.015743068198910026, 0.018386302412843787, 0.008743542117343591, 0.08806152553062967, 0.011530130985966617, 0.014319170471588349, 0.014228828954998222, 0.01895611791349555, 0.0368191487127675, 0.1261736794141644, 0.02012334412925123, 0.018087632986652037, 0.02712757143520702, 0.08781878773754646, 0.01726482630818487, 0.017232123158947572, 0.017215840187497514, 0.017212085220708405, 0.01727318489560774, 0.017277210763299515, 0.017210619032640068, 0.017248825144376177, 0.01723392629154409, 0.017239692419852515, 0.017240418545556777, 0.01727440360679987, 0.01724879614204771, 0.017255003871787276, 0.017208250411429597, 0.0172712182182755, 0.01726903061684247, 0.017269148895829697, 0.01723398128227841, 0.017273259043507693], [0.08409978461421419, 0.04905536125263423, 0.013807221627205784, 0.0, 0.060982082561627626, 0.01652846763531259, 0.021128132179611004, 0.017636351659803023, 0.014979666413593794, 0.08903435465940772, 0.011739529167698748, 0.013616482678302538, 0.0128168019959483, 0.021664622884795835, 0.03737103321588547, 0.12797528392739588, 0.019792478542084043, 0.022936664686504876, 0.032569290680397406, 0.08972616681068786, 0.014137313873965059, 0.014127912484666733, 0.014161146464231155, 0.014167531455280182, 0.014145994736777738, 0.014153679555492392, 0.014166132433468667, 0.01418573105356632, 0.014124739302260304, 0.01413250118254744, 0.014135632227732061, 0.014156892271370354, 0.014188185664375505, 0.01418645814539682, 0.014152747003539376, 0.014147791118700535, 0.014144195728462499, 0.014144360515299423, 0.01412738425116643, 0.014148707430144923], [0.05584263373994831, 0.06171283144990671, 0.06068378664932161, 0.060982082561627626, 0.0, 0.0617037969784555, 0.05836855716065523, 0.06365258174549038, 0.0634163666555258, 0.08611951956543355, 0.06044098970890808, 0.0583036724451595, 0.0621961458746877, 0.060102585869565336, 0.04659632248266843, 0.13420567480612244, 0.05990358535031053, 0.05763967343572367, 0.058828012330717765, 0.09842765767221645, 0.057413099635802, 0.05702433667931425, 0.057060714639522545, 0.05703943154958214, 0.057404930748629505, 0.05739005939359216, 0.05703369078080026, 0.05740778689194194, 0.05703945282267934, 0.057029975558526666, 0.057017127891629334, 0.05739195850001013, 0.05740726134536572, 0.05740847088396588, 0.057079207503326415, 0.057396470138517786, 0.05740497779814529, 0.0574051805141933, 0.0570384966834589, 0.05740400438334835], [0.0825123667010554, 0.04905268943846607, 0.009466013314245158, 0.01652846763531259, 0.0617037969784555, 0.0, 0.016194937273130323, 0.020712148818862738, 0.011069984613373933, 0.0884046821605177, 0.012756467972422225, 0.014900659755655571, 0.015426505014013348, 0.02180953134943393, 0.03728679098125568, 0.1283143712905302, 0.020854900562639587, 0.01871358835315936, 0.032711671543338934, 0.08867577422626274, 0.01958632601137914, 0.019613699169423328, 0.019614979012089924, 0.019614001629894087, 0.01959226516656716, 0.019590275476502533, 0.019612768917930873, 0.019588152005354506, 0.01961445505181479, 0.019617563818497885, 0.01961657868274659, 0.019592158155169587, 0.01958869389204607, 0.019590568443409673, 0.019608200617653903, 0.01959050977442681, 0.01958715007646596, 0.019587282243583273, 0.01961486345910531, 0.01959269497134533], [0.07871918851986205, 0.0452842738204862, 0.015743068198910026, 0.021128132179611004, 0.05836855716065523, 0.016194937273130323, 0.0, 0.02047872824698912, 0.018681664409652684, 0.08587896441166304, 0.013950870009991203, 0.01942283741907278, 0.015714788001228, 0.021220999985832024, 0.03501702597152062, 0.12889069678768245, 0.01737382206148558, 0.018289749829672516, 0.029484248007731802, 0.08827616291705016, 0.022646652527698014, 0.022540965231982776, 0.022538279303937144, 0.022534241404468938, 0.022644202014987024, 0.02263726413532867, 0.0225329856057389, 0.022637801973072674, 0.022543020138978843, 0.022536576075802145, 0.02253269321814597, 0.02264189558582809, 0.02263683251137455, 0.022633223307281854, 0.022543496414831728, 0.022643733432435087, 0.022645006722365985, 0.022645084772032406, 0.022541910290439268, 0.022643112365161935], [0.08673234074674084, 0.039357413727744844, 0.018386302412843787, 0.017636351659803023, 0.06365258174549038, 0.020712148818862738, 0.02047872824698912, 0.0, 0.01939612493169331, 0.08521279624346778, 0.01844787948063939, 0.021039279280149266, 0.01722855283662872, 0.01892366270012324, 0.038967878139866116, 0.12681903628832372, 0.02004158214204382, 0.019322577682092248, 0.031140805856096923, 0.08453356109678721, 0.019745538777107576, 0.019875191784759955, 0.019905122070893715, 0.01991712533613455, 0.01974839145088479, 0.019756820837323556, 0.019920305208660248, 0.019800378448379317, 0.019865924740670324, 0.01986987776272122, 0.01987546857399129, 0.01975553039672747, 0.019800724480579946, 0.019797820758340617, 0.019898798861689895, 0.019753285330749694, 0.019750091454886733, 0.019750066964248185, 0.019866493011640764, 0.019749041202308904], [0.0837237843821883, 0.049706476568843264, 0.008743542117343591, 0.014979666413593794, 0.0634163666555258, 0.011069984613373933, 0.018681664409652684, 0.01939612493169331, 0.0, 0.09086009824570074, 0.011457907975468036, 0.014618662869110172, 0.0159976685915044, 0.020575344974334612, 0.03820027006769163, 0.12441957736509818, 0.02310409228532876, 0.020121759902091585, 0.032293906816896985, 0.09091745674369513, 0.02003766204190471, 0.020020871123962745, 0.02004798072407752, 0.020047127116816377, 0.02004484774218408, 0.020046310581206147, 0.020045412904031168, 0.02006501701860206, 0.02002245256318286, 0.020027668053272957, 0.02002844413624211, 0.020049108631186287, 0.02006678614358448, 0.020068261364315453, 0.020041082255864755, 0.020043539007549818, 0.02004149822589648, 0.020041624312233053, 0.02002439746741722, 0.020046793806178406], [0.10738067948430162, 0.07928438773521256, 0.08806152553062967, 0.08903435465940772, 0.08611951956543355, 0.0884046821605177, 0.08587896441166304, 0.08521279624346778, 0.09086009824570074, 0.0, 0.08992087773672187, 0.08861523706981946, 0.08750643506511166, 0.07890580831249927, 0.08779606307542719, 0.13481845182401528, 0.08550528435886569, 0.08521079605161479, 0.08144600425188575, 0.09804174082698902, 0.08332350391304248, 0.08340617828498342, 0.083393655478312, 0.08339892851705068, 0.08331141397739246, 0.08330679096001559, 0.08339867255796955, 0.08331011906129937, 0.08340272716767762, 0.08339745798598394, 0.083396558424161, 0.08330627409524952, 0.0833078792369365, 0.08330314714313186, 0.08340304151518362, 0.08331224176068687, 0.0833162357031103, 0.08331640876602345, 0.08340065024017573, 0.08330916684372507], [0.08115609647228066, 0.04948540594342693, 0.011530130985966617, 0.011739529167698748, 0.06044098970890808, 0.012756467972422225, 0.013950870009991203, 0.01844787948063939, 0.011457907975468036, 0.08992087773672187, 0.0, 0.013004653290301897, 0.010962556279944462, 0.022359237833872992, 0.03631314001275134, 0.12830500473384196, 0.018098413596183267, 0.020516866866561005, 0.03232021563299925, 0.09076245509203777, 0.018324154994017718, 0.018224721061441025, 0.018265444638901892, 0.018265522830819805, 0.018326981772862266, 0.01832523437210035, 0.018263427899659707, 0.01836536081948523, 0.01822625934493092, 0.018226131633317, 0.018224324664788457, 0.018332600503798768, 0.01836715400482617, 0.018363010774793125, 0.018265260226516155, 0.018326871139241176, 0.018327060988060244, 0.018327153449812207, 0.018227954390777366, 0.01832871125232276], [0.08119814489343477, 0.050810417071776186, 0.014319170471588349, 0.013616482678302538, 0.0583036724451595, 0.014900659755655571, 0.01942283741907278, 0.021039279280149266, 0.014618662869110172, 0.08861523706981946, 0.013004653290301897, 0.0, 0.016098217622604202, 0.021284046425670555, 0.03385413604904306, 0.12592842700680182, 0.019725326047558552, 0.02113726356261609, 0.03375643884461873, 0.09095511051549161, 0.01716203058079081, 0.017037342203114668, 0.017091352456345674, 0.017086269561100667, 0.01717112543277069, 0.01717393870038332, 0.01708370730858304, 0.017212707081658386, 0.01704211849336733, 0.01704895598712556, 0.017045963740957206, 0.017173896396390168, 0.01721448737743387, 0.017219963829249205, 0.017085590023324406, 0.017168832212187016, 0.017165159877948095, 0.01716532023150942, 0.017043901252468956, 0.017172944851170095], [0.08388599044940526, 0.04788839766816306, 0.014228828954998222, 0.0128168019959483, 0.0621961458746877, 0.015426505014013348, 0.015714788001228, 0.01722855283662872, 0.0159976685915044, 0.08750643506511166, 0.010962556279944462, 0.016098217622604202, 0.0, 0.02111168346769849, 0.03844493186551265, 0.1271616765100657, 0.01687312391387143, 0.02361501610929064, 0.032537590489607436, 0.0904155575103215, 0.017418134440579897, 0.017499106711624433, 0.01746116048901418, 0.017466306581772242, 0.017415201114217873, 0.017408153336579264, 0.01746583158175367, 0.01738145977098807, 0.01749689775895457, 0.017494365950212563, 0.017494159296152487, 0.01741885897620587, 0.01738242961620819, 0.01737534866456008, 0.01746151779695832, 0.017414412905593635, 0.017418759270268362, 0.017418844478248808, 0.01749792728904407, 0.017416180106675228], [0.08226341925128851, 0.04110915483271373, 0.01895611791349555, 0.021664622884795835, 0.060102585869565336, 0.02180953134943393, 0.021220999985832024, 0.01892366270012324, 0.020575344974334612, 0.07890580831249927, 0.022359237833872992, 0.021284046425670555, 0.02111168346769849, 0.0, 0.03832243164545618, 0.11815644132964048, 0.021741051378845234, 0.020076416262312345, 0.029481765692213755, 0.08642037738811253, 0.018540952075667593, 0.018630932722860986, 0.018632227240647423, 0.018635298502021343, 0.018540008340181557, 0.018534471464989193, 0.01863665455114218, 0.01854348228919932, 0.018628893531951806, 0.018627166287253902, 0.018627359732879996, 0.018536997907584365, 0.018544147192121902, 0.01854027577273017, 0.01863026267183205, 0.01854096745633068, 0.018537202423030367, 0.01853728379503445, 0.018629692314561342, 0.018540789022966034], [0.06538676908873588, 0.054771299099376225, 0.0368191487127675, 0.03737103321588547, 0.04659632248266843, 0.03728679098125568, 0.03501702597152062, 0.038967878139866116, 0.03820027006769163, 0.08779606307542719, 0.03631314001275134, 0.03385413604904306, 0.03844493186551265, 0.03832243164545618, 0.0, 0.1309406754354131, 0.034389551113431734, 0.03811659719333618, 0.04412375702222093, 0.08603627939366351, 0.03668440124649135, 0.036367757998492026, 0.036329680196157496, 0.036320881704039874, 0.03668103733552895, 0.0366774263651661, 0.03631443555445065, 0.03662882754940245, 0.036373455124784244, 0.03638039616215044, 0.03636620869612792, 0.03667334898382909, 0.03662974753874232, 0.03663415377963353, 0.03634153816746757, 0.036673904926368475, 0.036678556256277625, 0.03667889920871467, 0.036374230185433856, 0.03668182116326187], [0.1388051634816665, 0.12676169787653652, 0.1261736794141644, 0.12797528392739588, 0.13420567480612244, 0.1283143712905302, 0.12889069678768245, 0.12681903628832372, 0.12441957736509818, 0.13481845182401528, 0.12830500473384196, 0.12592842700680182, 0.1271616765100657, 0.11815644132964048, 0.1309406754354131, 0.0, 0.133340314942194, 0.12567329138038677, 0.1293809229879027, 0.1699437411197148, 0.12573783224110668, 0.12582246982045076, 0.12585736312530563, 0.12584880712194446, 0.1257368687743641, 0.12571893671076925, 0.12584832116919917, 0.12575066996710377, 0.12582910615227544, 0.1258228922954946, 0.12581790286568542, 0.12572616380328552, 0.12575015537473674, 0.12575115804999396, 0.12585532606680525, 0.1257292620665258, 0.12573315289457918, 0.12573326381647798, 0.12582880948452133, 0.1257362417064908], [0.07858784640702668, 0.04332909439724952, 0.02012334412925123, 0.019792478542084043, 0.05990358535031053, 0.020854900562639587, 0.01737382206148558, 0.02004158214204382, 0.02310409228532876, 0.08550528435886569, 0.018098413596183267, 0.019725326047558552, 0.01687312391387143, 0.021741051378845234, 0.034389551113431734, 0.133340314942194, 0.0, 0.02435048301341433, 0.028333518066204145, 0.08128148646179764, 0.018340165203566135, 0.018199062913887957, 0.018138293558368664, 0.01814268593391272, 0.018337411676656416, 0.018340862576824962, 0.018144432271878758, 0.01829010766873908, 0.01819681549262766, 0.018194878309556375, 0.01819231707431317, 0.01834237597394297, 0.01829164875210937, 0.018286262796428043, 0.018145149565766294, 0.018341722033024643, 0.01834008078945319, 0.018340003168334142, 0.018198025764051686, 0.018338844431752092], [0.08390961894275226, 0.04003697909357214, 0.018087632986652037, 0.022936664686504876, 0.05763967343572367, 0.01871358835315936, 0.018289749829672516, 0.019322577682092248, 0.020121759902091585, 0.08521079605161479, 0.020516866866561005, 0.02113726356261609, 0.02361501610929064, 0.020076416262312345, 0.03811659719333618, 0.12567329138038677, 0.02435048301341433, 0.0, 0.030923154643756376, 0.09065041480839112, 0.02339279852850813, 0.02338981094047886, 0.023422978735946495, 0.023421815267230646, 0.023400418343208176, 0.023400901350331536, 0.023423638704694674, 0.02343504894194548, 0.023389086761832534, 0.02338806878169662, 0.023387706261461742, 0.023401326538868988, 0.02343415883354895, 0.023436149417821725, 0.023415580987426035, 0.02340201700627276, 0.023395668286249505, 0.02339567293109659, 0.02338813640451146, 0.023399524498079027], [0.0764171992113132, 0.04021954296403284, 0.02712757143520702, 0.032569290680397406, 0.058828012330717765, 0.032711671543338934, 0.029484248007731802, 0.031140805856096923, 0.032293906816896985, 0.08144600425188575, 0.03232021563299925, 0.03375643884461873, 0.032537590489607436, 0.029481765692213755, 0.04412375702222093, 0.1293809229879027, 0.028333518066204145, 0.030923154643756376, 0.0, 0.07442329759842865, 0.02899150459748974, 0.028830052340176975, 0.028803506934719964, 0.02879628603686038, 0.02898779940575644, 0.028988591996412537, 0.028797361669270504, 0.028957769308244473, 0.028833457240492768, 0.0288268797006657, 0.028825559797201427, 0.028985387516656302, 0.028955735043626703, 0.028957557400441432, 0.028811620554235563, 0.028987745793203738, 0.028992031495840575, 0.028991968631481943, 0.028831440725144136, 0.028985858405624215], [0.10407717496495367, 0.079354938640936, 0.08781878773754646, 0.08972616681068786, 0.09842765767221645, 0.08867577422626274, 0.08827616291705016, 0.08453356109678721, 0.09091745674369513, 0.09804174082698902, 0.09076245509203777, 0.09095511051549161, 0.0904155575103215, 0.08642037738811253, 0.08603627939366351, 0.1699437411197148, 0.08128148646179764, 0.09065041480839112, 0.07442329759842865, 0.0, 0.08547481226366742, 0.08541506859035365, 0.08542951723154847, 0.08543144962136086, 0.0854710344334945, 0.08547889741790124, 0.08543208636493366, 0.08549408838616503, 0.08541136790740815, 0.08541911393540152, 0.08541548098450759, 0.08546757413583059, 0.08549329787037134, 0.0854994599417511, 0.08543496810889697, 0.08547055539164955, 0.08547205928627845, 0.08547206662933829, 0.08541054968992567, 0.08547035231467429], [0.081389507334204, 0.04349304387635886, 0.01726482630818487, 0.014137313873965059, 0.057413099635802, 0.01958632601137914, 0.022646652527698014, 0.019745538777107576, 0.02003766204190471, 0.08332350391304248, 0.018324154994017718, 0.01716203058079081, 0.017418134440579897, 0.018540952075667593, 0.03668440124649135, 0.12573783224110668, 0.018340165203566135, 0.02339279852850813, 0.02899150459748974, 0.08547481226366742, 0.0, 0.0006145562465708931, 0.000650031490211486, 0.0006708960241522292, 3.160113648649261e-05, 6.520978778671156e-05, 0.0006755260814298156, 0.00028315992206374654, 0.000596941498656949, 0.0006102332566516624, 0.0006187520399158291, 5.010724219145416e-05, 0.00028328820626316814, 0.0002854308265603227, 0.0006340256378170125, 4.0627984915592574e-05, 1.88444092574546e-05, 1.8599872814766208e-05, 0.0005972295744156638, 3.287811948549867e-05], [0.08092249821214176, 0.043471671626130026, 0.017232123158947572, 0.014127912484666733, 0.05702433667931425, 0.019613699169423328, 0.022540965231982776, 0.019875191784759955, 0.020020871123962745, 0.08340617828498342, 0.018224721061441025, 0.017037342203114668, 0.017499106711624433, 0.018630932722860986, 0.036367757998492026, 0.12582246982045076, 0.018199062913887957, 0.02338981094047886, 0.028830052340176975, 0.08541506859035365, 0.0006145562465708931, 0.0, 0.00028303377387279167, 0.0002799431161878555, 0.0006137396320999753, 0.0006141725949200923, 0.0002796846800655728, 0.0006734162358008303, 2.919844025395573e-05, 3.6864434684084075e-05, 4.5638373538887815e-05, 0.0006131715374981316, 0.0006735404244496297, 0.0006742718722261931, 0.00028736827748316744, 0.0006131697686725118, 0.0006137389103095637, 0.0006138531380999222, 3.0217590820499098e-05, 0.0006137426872782456], [0.08094291775291651, 0.04348273698881405, 0.017215840187497514, 0.014161146464231155, 0.057060714639522545, 0.019614979012089924, 0.022538279303937144, 0.019905122070893715, 0.02004798072407752, 0.083393655478312, 0.018265444638901892, 0.017091352456345674, 0.01746116048901418, 0.018632227240647423, 0.036329680196157496, 0.12585736312530563, 0.018138293558368664, 0.023422978735946495, 0.028803506934719964, 0.08542951723154847, 0.000650031490211486, 0.00028303377387279167, 0.0, 3.958063413636698e-05, 0.0006494772025901315, 0.0006510213233111869, 4.530167185149146e-05, 0.0005869352692784267, 0.0002802245137230588, 0.00028270046401741606, 0.0002851291914145698, 0.0006502082808158909, 0.0005870773137325803, 0.000587128730988381, 3.576588885753955e-05, 0.0006498083565536636, 0.0006497572828076968, 0.0006498542645684406, 0.0002803655706280354, 0.0006494964963887227], [0.08091919496506761, 0.04348388877483041, 0.017212085220708405, 0.014167531455280182, 0.05703943154958214, 0.019614001629894087, 0.022534241404468938, 0.01991712533613455, 0.020047127116816377, 0.08339892851705068, 0.018265522830819805, 0.017086269561100667, 0.017466306581772242, 0.018635298502021343, 0.036320881704039874, 0.12584880712194446, 0.01814268593391272, 0.023421815267230646, 0.02879628603686038, 0.08543144962136086, 0.0006708960241522292, 0.0002799431161878555, 3.958063413636698e-05, 0.0, 0.0006703590576531888, 0.0006708356247658623, 1.1950380681173637e-05, 0.000608305100505977, 0.0002809859531033593, 0.0002814193702426468, 0.0002829259126677682, 0.0006699552676387629, 0.0006083184506961141, 0.0006091728837792864, 6.011461663205685e-05, 0.000670011552862431, 0.0006702997123325591, 0.0006703951946448782, 0.00028082643217826136, 0.0006702510913143589], [0.08137894314148442, 0.043489017590826747, 0.01727318489560774, 0.014145994736777738, 0.057404930748629505, 0.01959226516656716, 0.022644202014987024, 0.01974839145088479, 0.02004484774218408, 0.08331141397739246, 0.018326981772862266, 0.01717112543277069, 0.017415201114217873, 0.018540008340181557, 0.03668103733552895, 0.1257368687743641, 0.018337411676656416, 0.023400418343208176, 0.02898779940575644, 0.0854710344334945, 3.160113648649261e-05, 0.0006137396320999753, 0.0006494772025901315, 0.0006703590576531888, 0.0, 4.6973130001888295e-05, 0.0006747875262443036, 0.00028136138412964665, 0.0005962568771080703, 0.0006087674571607758, 0.0006173285057018271, 2.9743317721796453e-05, 0.00028149581616644133, 0.00028175608998481016, 0.000635020556309503, 2.0006872679432222e-05, 2.3601009564340273e-05, 2.3657699358430468e-05, 0.0005965523177821171, 8.799201161490631e-06], [0.0813616269753461, 0.04348666209058936, 0.017277210763299515, 0.014153679555492392, 0.05739005939359216, 0.019590275476502533, 0.02263726413532867, 0.019756820837323556, 0.020046310581206147, 0.08330679096001559, 0.01832523437210035, 0.01717393870038332, 0.017408153336579264, 0.018534471464989193, 0.0366774263651661, 0.12571893671076925, 0.018340862576824962, 0.023400901350331536, 0.028988591996412537, 0.08547889741790124, 6.520978778671156e-05, 0.0006141725949200923, 0.0006510213233111869, 0.0006708356247658623, 4.6973130001888295e-05, 0.0, 0.0006751789002484121, 0.0002828230113093441, 0.0005975132904917882, 0.0006081612746806598, 0.0006153602564533469, 4.162610467208273e-05, 0.0002829870898316342, 0.00028078575777953067, 0.0006374284485626037, 4.147668184758631e-05, 5.130422734077024e-05, 5.1257202679019436e-05, 0.00059779504091809, 4.750269641624661e-05], [0.0809141235508156, 0.04348873478780581, 0.017210619032640068, 0.014166132433468667, 0.05703369078080026, 0.019612768917930873, 0.0225329856057389, 0.019920305208660248, 0.020045412904031168, 0.08339867255796955, 0.018263427899659707, 0.01708370730858304, 0.01746583158175367, 0.01863665455114218, 0.03631443555445065, 0.12584832116919917, 0.018144432271878758, 0.023423638704694674, 0.028797361669270504, 0.08543208636493366, 0.0006755260814298156, 0.0002796846800655728, 4.530167185149146e-05, 1.1950380681173637e-05, 0.0006747875262443036, 0.0006751789002484121, 0.0, 0.0006130669597295865, 0.00028122310071949073, 0.00028184683376137243, 0.00028310945024111536, 0.0006741571198632668, 0.0006130794407410245, 0.0006140073097671997, 6.732566733168955e-05, 0.0006742673723262784, 0.000674782678798589, 0.0006748877292063, 0.00028106973590702, 0.0006746783544449745], [0.08136155872911734, 0.04351206500571026, 0.017248825144376177, 0.01418573105356632, 0.05740778689194194, 0.019588152005354506, 0.022637801973072674, 0.019800378448379317, 0.02006501701860206, 0.08331011906129937, 0.01836536081948523, 0.017212707081658386, 0.01738145977098807, 0.01854348228919932, 0.03662882754940245, 0.12575066996710377, 0.01829010766873908, 0.02343504894194548, 0.028957769308244473, 0.08549408838616503, 0.00028315992206374654, 0.0006734162358008303, 0.0005869352692784267, 0.000608305100505977, 0.00028136138412964665, 0.0002828230113093441, 0.0006130669597295865, 0.0, 0.0006586222459616996, 0.0006696035407383457, 0.0006772506358263642, 0.00028050872945819264, 8.89180651464566e-06, 3.2604035274333525e-05, 0.0005709214934029244, 0.0002804544405833098, 0.00028156817623376976, 0.00028156510249262735, 0.0006588834526233255, 0.00028147556991237993], [0.08094145122575576, 0.04346952487706521, 0.01723392629154409, 0.014124739302260304, 0.05703945282267934, 0.01961445505181479, 0.022543020138978843, 0.019865924740670324, 0.02002245256318286, 0.08340272716767762, 0.01822625934493092, 0.01704211849336733, 0.01749689775895457, 0.018628893531951806, 0.036373455124784244, 0.12582910615227544, 0.01819681549262766, 0.023389086761832534, 0.028833457240492768, 0.08541136790740815, 0.000596941498656949, 2.919844025395573e-05, 0.0002802245137230588, 0.0002809859531033593, 0.0005962568771080703, 0.0005975132904917882, 0.00028122310071949073, 0.0006586222459616996, 0.0, 3.864914571542642e-05, 4.943464396368224e-05, 0.0005964280746711704, 0.0006587459438120674, 0.0006591596855696569, 0.00028325375911227463, 0.0005961436783275308, 0.0005964069105921628, 0.0005965214282780095, 8.526812843136872e-06, 0.0005962706973573703], [0.08092645845752637, 0.04345951035419839, 0.017239692419852515, 0.01413250118254744, 0.057029975558526666, 0.019617563818497885, 0.022536576075802145, 0.01986987776272122, 0.020027668053272957, 0.08339745798598394, 0.018226131633317, 0.01704895598712556, 0.017494365950212563, 0.018627166287253902, 0.03638039616215044, 0.1258228922954946, 0.018194878309556375, 0.02338806878169662, 0.0288268797006657, 0.08541911393540152, 0.0006102332566516624, 3.6864434684084075e-05, 0.00028270046401741606, 0.0002814193702426468, 0.0006087674571607758, 0.0006081612746806598, 0.00028184683376137243, 0.0006696035407383457, 3.864914571542642e-05, 0.0, 2.7585112637525816e-05, 0.0006087600784046111, 0.000669617117712185, 0.0006688168477907349, 0.00028811618135996425, 0.000608842470646325, 0.0006093428122418551, 0.0006094450768556768, 3.748141879917227e-05, 0.0006086464165792501], [0.08091373287292994, 0.04345815357543798, 0.017240418545556777, 0.014135632227732061, 0.057017127891629334, 0.01961657868274659, 0.02253269321814597, 0.01987546857399129, 0.02002844413624211, 0.083396558424161, 0.018224324664788457, 0.017045963740957206, 0.017494159296152487, 0.018627359732879996, 0.03636620869612792, 0.12581790286568542, 0.01819231707431317, 0.023387706261461742, 0.028825559797201427, 0.08541548098450759, 0.0006187520399158291, 4.5638373538887815e-05, 0.0002851291914145698, 0.0002829259126677682, 0.0006173285057018271, 0.0006153602564533469, 0.00028310945024111536, 0.0006772506358263642, 4.943464396368224e-05, 2.7585112637525816e-05, 0.0, 0.0006168716094901441, 0.0006772752514045117, 0.0006763988614625363, 0.00029090373976402805, 0.0006169602578617149, 0.0006175059511350525, 0.0006176084256433068, 4.842389622417675e-05, 0.0006172001787313188], [0.0813664107530125, 0.04348861339874455, 0.01727440360679987, 0.014156892271370354, 0.05739195850001013, 0.019592158155169587, 0.02264189558582809, 0.01975553039672747, 0.020049108631186287, 0.08330627409524952, 0.018332600503798768, 0.017173896396390168, 0.01741885897620587, 0.018536997907584365, 0.03667334898382909, 0.12572616380328552, 0.01834237597394297, 0.023401326538868988, 0.028985387516656302, 0.08546757413583059, 5.010724219145416e-05, 0.0006131715374981316, 0.0006502082808158909, 0.0006699552676387629, 2.9743317721796453e-05, 4.162610467208273e-05, 0.0006741571198632668, 0.00028050872945819264, 0.0005964280746711704, 0.0006087600784046111, 0.0006168716094901441, 0.0, 0.00028039186747843257, 0.0002818799992500097, 0.000636259618892846, 1.7908640581717287e-05, 3.518808218492223e-05, 3.537957791056616e-05, 0.0005965928117804194, 2.814023332053873e-05], [0.08136251647147452, 0.04351011021760787, 0.01724879614204771, 0.014188185664375505, 0.05740726134536572, 0.01958869389204607, 0.02263683251137455, 0.019800724480579946, 0.02006678614358448, 0.0833078792369365, 0.01836715400482617, 0.01721448737743387, 0.01738242961620819, 0.018544147192121902, 0.03662974753874232, 0.12575015537473674, 0.01829164875210937, 0.02343415883354895, 0.028955735043626703, 0.08549329787037134, 0.00028328820626316814, 0.0006735404244496297, 0.0005870773137325803, 0.0006083184506961141, 0.00028149581616644133, 0.0002829870898316342, 0.0006130794407410245, 8.89180651464566e-06, 0.0006587459438120674, 0.000669617117712185, 0.0006772752514045117, 0.00028039186747843257, 0.0, 3.375506027993743e-05, 0.000571063518689954, 0.000280594122026504, 0.00028171479755253434, 0.0002817154076569745, 0.0006588931906053246, 0.0002813343049542277], [0.08135988973364727, 0.043506661719667473, 0.017255003871787276, 0.01418645814539682, 0.05740847088396588, 0.019590568443409673, 0.022633223307281854, 0.019797820758340617, 0.020068261364315453, 0.08330314714313186, 0.018363010774793125, 0.017219963829249205, 0.01737534866456008, 0.01854027577273017, 0.03663415377963353, 0.12575115804999396, 0.018286262796428043, 0.023436149417821725, 0.028957557400441432, 0.0854994599417511, 0.0002854308265603227, 0.0006742718722261931, 0.000587128730988381, 0.0006091728837792864, 0.00028175608998481016, 0.00028078575777953067, 0.0006140073097671997, 3.2604035274333525e-05, 0.0006591596855696569, 0.0006688168477907349, 0.0006763988614625363, 0.0002818799992500097, 3.375506027993743e-05, 0.0, 0.0005720571344774176, 0.000281867165983855, 0.000283354721273817, 0.00028334550755489883, 0.0006594180076496581, 0.00028185880412471534], [0.08096601652958549, 0.04348740422507591, 0.017208250411429597, 0.014152747003539376, 0.057079207503326415, 0.019608200617653903, 0.022543496414831728, 0.019898798861689895, 0.020041082255864755, 0.08340304151518362, 0.018265260226516155, 0.017085590023324406, 0.01746151779695832, 0.01863026267183205, 0.03634153816746757, 0.12585532606680525, 0.018145149565766294, 0.023415580987426035, 0.028811620554235563, 0.08543496810889697, 0.0006340256378170125, 0.00028736827748316744, 3.576588885753955e-05, 6.011461663205685e-05, 0.000635020556309503, 0.0006374284485626037, 6.732566733168955e-05, 0.0005709214934029244, 0.00028325375911227463, 0.00028811618135996425, 0.00029090373976402805, 0.000636259618892846, 0.000571063518689954, 0.0005720571344774176, 0.0, 0.0006355523535462874, 0.0006343699617158526, 0.0006344572774717811, 0.00028339555325345084, 0.0006350465485767655], [0.08137106978086783, 0.04349216447927003, 0.0172712182182755, 0.014147791118700535, 0.057396470138517786, 0.01959050977442681, 0.022643733432435087, 0.019753285330749694, 0.020043539007549818, 0.08331224176068687, 0.018326871139241176, 0.017168832212187016, 0.017414412905593635, 0.01854096745633068, 0.036673904926368475, 0.1257292620665258, 0.018341722033024643, 0.02340201700627276, 0.028987745793203738, 0.08547055539164955, 4.0627984915592574e-05, 0.0006131697686725118, 0.0006498083565536636, 0.000670011552862431, 2.0006872679432222e-05, 4.147668184758631e-05, 0.0006742673723262784, 0.0002804544405833098, 0.0005961436783275308, 0.000608842470646325, 0.0006169602578617149, 1.7908640581717287e-05, 0.000280594122026504, 0.000281867165983855, 0.0006355523535462874, 0.0, 2.8449554853674296e-05, 2.8605174573566965e-05, 0.0005964368947591308, 2.1602581673379474e-05], [0.08138061093914514, 0.043492168438172114, 0.01726903061684247, 0.014144195728462499, 0.05740497779814529, 0.01958715007646596, 0.022645006722365985, 0.019750091454886733, 0.02004149822589648, 0.0833162357031103, 0.018327060988060244, 0.017165159877948095, 0.017418759270268362, 0.018537202423030367, 0.036678556256277625, 0.12573315289457918, 0.01834008078945319, 0.023395668286249505, 0.028992031495840575, 0.08547205928627845, 1.88444092574546e-05, 0.0006137389103095637, 0.0006497572828076968, 0.0006702997123325591, 2.3601009564340273e-05, 5.130422734077024e-05, 0.000674782678798589, 0.00028156817623376976, 0.0005964069105921628, 0.0006093428122418551, 0.0006175059511350525, 3.518808218492223e-05, 0.00028171479755253434, 0.000283354721273817, 0.0006343699617158526, 2.8449554853674296e-05, 0.0, 7.385500371338498e-07, 0.0005966932487208174, 2.5085792055758598e-05], [0.08138074214371437, 0.043492019123535786, 0.017269148895829697, 0.014144360515299423, 0.0574051805141933, 0.019587282243583273, 0.022645084772032406, 0.019750066964248185, 0.020041624312233053, 0.08331640876602345, 0.018327153449812207, 0.01716532023150942, 0.017418844478248808, 0.01853728379503445, 0.03667889920871467, 0.12573326381647798, 0.018340003168334142, 0.02339567293109659, 0.028991968631481943, 0.08547206662933829, 1.8599872814766208e-05, 0.0006138531380999222, 0.0006498542645684406, 0.0006703951946448782, 2.3657699358430468e-05, 5.1257202679019436e-05, 0.0006748877292063, 0.00028156510249262735, 0.0005965214282780095, 0.0006094450768556768, 0.0006176084256433068, 3.537957791056616e-05, 0.0002817154076569745, 0.00028334550755489883, 0.0006344572774717811, 2.8605174573566965e-05, 7.385500371338498e-07, 0.0, 0.000596808924731819, 2.5178344910974827e-05], [0.0809418421503547, 0.04346752416985584, 0.01723398128227841, 0.01412738425116643, 0.0570384966834589, 0.01961486345910531, 0.022541910290439268, 0.019866493011640764, 0.02002439746741722, 0.08340065024017573, 0.018227954390777366, 0.017043901252468956, 0.01749792728904407, 0.018629692314561342, 0.036374230185433856, 0.12582880948452133, 0.018198025764051686, 0.02338813640451146, 0.028831440725144136, 0.08541054968992567, 0.0005972295744156638, 3.0217590820499098e-05, 0.0002803655706280354, 0.00028082643217826136, 0.0005965523177821171, 0.00059779504091809, 0.00028106973590702, 0.0006588834526233255, 8.526812843136872e-06, 3.748141879917227e-05, 4.842389622417675e-05, 0.0005965928117804194, 0.0006588931906053246, 0.0006594180076496581, 0.00028339555325345084, 0.0005964368947591308, 0.0005966932487208174, 0.000596808924731819, 0.0, 0.0005964406003141411], [0.0813793874995078, 0.04348708480189229, 0.017273259043507693, 0.014148707430144923, 0.05740400438334835, 0.01959269497134533, 0.022643112365161935, 0.019749041202308904, 0.020046793806178406, 0.08330916684372507, 0.01832871125232276, 0.017172944851170095, 0.017416180106675228, 0.018540789022966034, 0.03668182116326187, 0.1257362417064908, 0.018338844431752092, 0.023399524498079027, 0.028985858405624215, 0.08547035231467429, 3.287811948549867e-05, 0.0006137426872782456, 0.0006494964963887227, 0.0006702510913143589, 8.799201161490631e-06, 4.750269641624661e-05, 0.0006746783544449745, 0.00028147556991237993, 0.0005962706973573703, 0.0006086464165792501, 0.0006172001787313188, 2.814023332053873e-05, 0.0002813343049542277, 0.00028185880412471534, 0.0006350465485767655, 2.1602581673379474e-05, 2.5085792055758598e-05, 2.5178344910974827e-05, 0.0005964406003141411, 0.0]], "Angle": [[0.0, 0.11300864605740213, 0.07245097410166469, 0.08344529602879727, 0.1084015703504435, 0.08177308610498603, 0.06337955817893409, 0.0671339440131785, 0.08119328091151591, 0.12828407665740427, 0.07722758427843242, 0.06882409578279326, 0.06880949282612404, 0.062642846902926, 0.06305140483467825, 0.14871643683818067, 0.052413366337672275, 0.08256143721363716, 0.09116973498702746, 0.21776345502207428, 0.07796243153420833, 0.07794669139752748, 0.07705651122891911, 0.07480478507807926, 0.07793690714833613, 0.07794180860597585, 0.07480855767156087, 0.07706230674017102, 0.07795657167786836, 0.07572168302703379, 0.07571057638653121, 0.07571808921819585, 0.07480507252579555, 0.07707256379973199, 0.07708220036468985, 0.07794058560329756, 0.07785870583521051, 0.0778589535259297, 0.07572515572650168, 0.07570496701609748], [0.11300864605740213, 0.0, 0.11403713509994413, 0.10954852449618284, 0.11293696513313761, 0.10697971444584507, 0.10776893737889338, 0.10042617490772249, 0.11361359852076615, 0.13472856686173224, 0.1150280862268254, 0.11208713825774076, 0.11110425205334301, 0.0957068287206027, 0.12267772493393996, 0.17939287815210775, 0.09720339578455112, 0.09046853619671437, 0.08487479691957144, 0.2223993963420893, 0.10842639159712229, 0.10844730506464706, 0.10854646979991596, 0.10859221333475841, 0.10844021417647927, 0.10842315670127886, 0.10859461902979245, 0.10855108264940772, 0.10844077600272578, 0.10847603899475561, 0.10846412904478919, 0.10848500818885815, 0.10859231158317419, 0.10854101036123293, 0.10853265038783619, 0.10844383912777703, 0.10844080442429258, 0.10844091458041229, 0.10848172812569276, 0.10848128412700865], [0.07245097410166469, 0.11403713509994413, 0.0, 0.047754049408558666, 0.11441730281983266, 0.04728378846740274, 0.05853534288454464, 0.06170893694388916, 0.04747706391645999, 0.15304757202529745, 0.052096332321460125, 0.048246367109500074, 0.04812674126840558, 0.0660042799074385, 0.07275792234680457, 0.14786560177861718, 0.05794502931634018, 0.07022329661926506, 0.082083333525895, 0.21608297134653823, 0.047913982145328535, 0.04794495769229189, 0.04616213713506122, 0.044690725626120704, 0.047916835801236096, 0.04792542147741462, 0.04469900418907523, 0.0461832702668257, 0.04794898485009958, 0.046495436669022165, 0.046489033237723305, 0.04651705589176529, 0.044690889342266414, 0.04617768640453688, 0.04615900670921469, 0.04792961263986304, 0.047853834501616975, 0.0478540002412184, 0.04651307876363435, 0.04647986162938691], [0.08344529602879727, 0.10954852449618284, 0.047754049408558666, 0.0, 0.10339541978435969, 0.048023227549648356, 0.05776056311554821, 0.06358559699844181, 0.045003448434033644, 0.14640445850058753, 0.04167036373677813, 0.043824485432520245, 0.05377485496640941, 0.056027180061796834, 0.06822476108202011, 0.1421605667613936, 0.07074266892425386, 0.05352069296889106, 0.0763744055831058, 0.2169577338773131, 0.05374414640020209, 0.05375570613133525, 0.05429070188390734, 0.054440318412645114, 0.05374415832043487, 0.0537704259076606, 0.05443948133038385, 0.054302896771667726, 0.05375964288350535, 0.053902006972051275, 0.05390938130910467, 0.05389942859718616, 0.054440394545987106, 0.05430977730190699, 0.054290499422396554, 0.053751781519147154, 0.053685825514435924, 0.05368607253120361, 0.05389834436941962, 0.05388274542442912], [0.1084015703504435, 0.11293696513313761, 0.11441730281983266, 0.10339541978435969, 0.0, 0.11246733744051615, 0.1068222172116239, 0.11068395449590916, 0.10506877165156628, 0.13434549619395056, 0.10857153499297155, 0.09469080976764216, 0.11124371234241774, 0.10271534411954099, 0.10989557466094542, 0.13736317921198404, 0.10492137075737734, 0.09839221323733596, 0.11269086858561575, 0.23869582321935856, 0.12938063188128, 0.12939116951439714, 0.1302932715060203, 0.13025192874281516, 0.12937627156160442, 0.12938099541657083, 0.13025856977512396, 0.13030132917118195, 0.1293983893606605, 0.12934008083626852, 0.12933133220656326, 0.12934729578195966, 0.1302521655530915, 0.13030670003427156, 0.13029742006318815, 0.12938133143123515, 0.12933605196637307, 0.1293362104426669, 0.12934852839207894, 0.12932641903088474], [0.08177308610498603, 0.10697971444584507, 0.04728378846740274, 0.048023227549648356, 0.11246733744051615, 0.0, 0.057969597177121815, 0.06618522942066278, 0.04591843094638005, 0.1473264205309068, 0.056914462910660275, 0.04073328663787925, 0.04355059699427258, 0.056074834514263275, 0.07849710682344294, 0.1412860120449466, 0.06989003573289843, 0.05740411285093448, 0.0875993189883172, 0.2301161231440151, 0.05379115820211694, 0.053795701369803044, 0.05492664939236142, 0.05345840852574598, 0.05379283416153186, 0.053759162270464934, 0.053453510512268675, 0.05493424239577058, 0.05379788278570093, 0.05225976485308286, 0.05225028553584381, 0.052287275349812604, 0.053458433491885275, 0.05490287547628407, 0.05492522337402592, 0.05379560700834243, 0.053738853646349186, 0.05373918000248501, 0.052289828599552564, 0.05228451936160137], [0.06337955817893409, 0.10776893737889338, 0.05853534288454464, 0.05776056311554821, 0.1068222172116239, 0.057969597177121815, 0.0, 0.049062400432327985, 0.05413810238644288, 0.14371177593285775, 0.05209982520809035, 0.04937863943575222, 0.042095370808033945, 0.0531062139320897, 0.07186121509280609, 0.14157099430189546, 0.05951445501601167, 0.05259945536559364, 0.07248718418764144, 0.22271744842756372, 0.053518238906562376, 0.05348082928233997, 0.05176264059528745, 0.052093127145218444, 0.053488918894816204, 0.05349003733618938, 0.052091876346060835, 0.05175533762423858, 0.05349381068907922, 0.05381924445257726, 0.0538172041917409, 0.053810333854997096, 0.05209333731490621, 0.05176632202521636, 0.05179295899939665, 0.05348320146917523, 0.053449595505550104, 0.05344963143