{"Bond": [[0.0, 0.02010600929325526, 0.011703285338397606, 0.02870998136026076, 0.012660179992769567, 0.026258240679424377, 0.024680143217077566, 0.02180929307416861, 0.027121282301897084, 0.015160507903500297, 0.010134814756882552, 0.032542037009735, 0.01332263908290214, 0.021042134009067324, 0.014127636893565033, 0.008267282525388485, 0.01822868913481383, 0.009313232872998406, 0.014901980366282734, 0.010912061487916092, 0.03332417178524959, 0.0332059930089043, 0.03326271071579573, 0.03321281054022941, 0.03326271305248871, 0.03351199075317565, 0.03362235498551754, 0.033561411242260177, 0.03315113445496192, 0.03362234734769774, 0.033269576123065164, 0.033317353238857116, 0.033212854482868905, 0.03321282258635519, 0.033568203036513984, 0.03331735382170698, 0.0333173370456949, 0.033622322328004065, 0.033457624211000146, 0.03362234677011313], [0.02010600929325526, 0.0, 0.022876332539629916, 0.01969975428979928, 0.011068720493040782, 0.017044361128586587, 0.022410980105401955, 0.018781627661738826, 0.01975533874192178, 0.019508440704182815, 0.020487254202338392, 0.02031829244964025, 0.018808898343619068, 0.01972640036224322, 0.01848008626915524, 0.0166715220821543, 0.016898229298335104, 0.01792464335206559, 0.013255684289712816, 0.01884043840488979, 0.03002658431229797, 0.030040551839314537, 0.02993801942741563, 0.0300576158325094, 0.02993802213261734, 0.03060777206987893, 0.030577280642097283, 0.03049030529151633, 0.029969139938008694, 0.03057729142540161, 0.029955201274241543, 0.030009480290639632, 0.03005765567780132, 0.03005763283560298, 0.030507162204063822, 0.030009481408081087, 0.03000946653307211, 0.03057727075137108, 0.03053767707585127, 0.03057729033213518], [0.011703285338397606, 0.022876332539629916, 0.0, 0.03233084757808425, 0.0149935051459703, 0.030395834481512885, 0.02637530828029019, 0.02387391510035801, 0.031028759218153377, 0.017721148204913374, 0.012052490851433548, 0.035922514829775966, 0.008852580018371477, 0.024861420996594268, 0.015028775551120446, 0.008577969075611298, 0.019836216679787938, 0.010382252454659808, 0.016159036300190395, 0.01348817316592163, 0.03637604264519494, 0.03637938148571021, 0.036275215893147805, 0.03640041090505487, 0.03627521901677513, 0.035896193296357966, 0.03587147005699828, 0.03576918780607681, 0.036299641348201774, 0.03587146530276825, 0.03629637986549344, 0.03635496990460667, 0.03640046575793576, 0.03640042723648528, 0.03579063589884029, 0.036354971044402655, 0.0363549497335561, 0.035871433708026534, 0.03581536300801465, 0.03587146414704644], [0.02870998136026076, 0.01969975428979928, 0.03233084757808425, 0.0, 0.02040354738537581, 0.01094636668030982, 0.0259783516262045, 0.024064885687534808, 0.017115223968645985, 0.028857385306343117, 0.03031357775824917, 0.018710600117294706, 0.02821527653180826, 0.021290727828990563, 0.027024934297317872, 0.026793023739271154, 0.02220440737509989, 0.026482177855133036, 0.022046543896728475, 0.023800761537028075, 0.03162937688761139, 0.03164296073098178, 0.03162616496037519, 0.03158719202528953, 0.03162616836347435, 0.031276111953220706, 0.03131872185215738, 0.03131547192381721, 0.03158396801876407, 0.03131872089454012, 0.031570383349009946, 0.03168507674672374, 0.03158719988966435, 0.03158719059254212, 0.031259122373084626, 0.03168507649177211, 0.03168505440111922, 0.03131871765241397, 0.031216406999807583, 0.0313187211510012], [0.012660179992769567, 0.011068720493040782, 0.0149935051459703, 0.02040354738537581, 0.0, 0.018492596854446205, 0.021462492118720852, 0.016907476546098303, 0.01884456995382325, 0.012256678058980678, 0.012636499067878932, 0.022796819314590724, 0.014525245608521664, 0.015210808703514286, 0.014546554781077907, 0.011389464753364062, 0.015914426960624794, 0.011722113441691927, 0.011356317903317847, 0.012331703057154114, 0.029976107259747965, 0.029968439225705013, 0.029889659133515937, 0.029991243114273838, 0.02988966209853457, 0.03086600069803143, 0.030851283977266903, 0.030767272652644857, 0.029904829682262955, 0.03085128523119419, 0.029912580983594908, 0.029953273152036986, 0.029991284622174774, 0.0299912574703391, 0.03078952910105257, 0.029953273585979073, 0.029953254387851038, 0.03085126268248, 0.03080423524830528, 0.030851284808716187], [0.026258240679424377, 0.017044361128586587, 0.030395834481512885, 0.01094636668030982, 0.018492596854446205, 0.0, 0.025947043483446494, 0.02584459994369968, 0.01872644115512045, 0.02778608708435462, 0.02796386409102525, 0.018279283642922663, 0.02548796649255666, 0.020382826254474143, 0.024474147024534057, 0.024194034625965866, 0.02324323756128063, 0.024001719672517154, 0.022059850589048892, 0.02287651076186918, 0.03121406098449308, 0.03129290944785056, 0.031196931040336426, 0.031237414582950422, 0.031196933736837594, 0.031126749873968566, 0.031103318862122396, 0.031086117491391795, 0.031220287618767162, 0.031103315090982464, 0.031141284557671713, 0.03126959736738605, 0.031237426449492244, 0.03123741071537897, 0.031030260881976367, 0.03126959855556289, 0.03126957699340181, 0.03110330911476364, 0.031053717557379536, 0.03110331389742317], [0.024680143217077566, 0.022410980105401955, 0.02637530828029019, 0.0259783516262045, 0.021462492118720852, 0.025947043483446494, 0.0, 0.021464656246589452, 0.022182862518453878, 0.024321255498533253, 0.02749907490317491, 0.02640712517500371, 0.02635727829741404, 0.022307738395669064, 0.02560930508638851, 0.022996957197452223, 0.024200941590372, 0.025068174015211334, 0.020610786027461386, 0.02661673957288819, 0.032877793907117876, 0.03274379112488842, 0.03273920418338017, 0.03276944690591504, 0.032739207030883274, 0.033874620860772725, 0.03397944183076812, 0.03384533159412147, 0.0326303771902003, 0.033979436471089135, 0.032764914823468716, 0.03285220934740777, 0.032769490245758724, 0.03276945154318156, 0.0338701920734351, 0.032852212540595095, 0.03285218420118897, 0.03397941434340748, 0.033764974943727315, 0.03397943338499145], [0.02180929307416861, 0.018781627661738826, 0.02387391510035801, 0.024064885687534808, 0.016907476546098303, 0.02584459994369968, 0.021464656246589452, 0.0, 0.02166203039439666, 0.0189581981843147, 0.02351144621271602, 0.02629431170071657, 0.024317830021671906, 0.019502658965970407, 0.01842475030449588, 0.02115425814281569, 0.01947310517835107, 0.022668396161191217, 0.015555544692931503, 0.018741436397479477, 0.03407952375603063, 0.03394380798473363, 0.034012721311604495, 0.03397309696841492, 0.03401272397700773, 0.03473444316219029, 0.03483852470050059, 0.034773172070510776, 0.03390608706000602, 0.03483853341417232, 0.034042010284039255, 0.03405030316550497, 0.0339731363821103, 0.03397311870523967, 0.03480180601424398, 0.03405030250869219, 0.034050293064763634, 0.03483851207680995, 0.03469757964704613, 0.034838534057286014], [0.027121282301897084, 0.01975533874192178, 0.031028759218153377, 0.017115223968645985, 0.01884456995382325, 0.01872644115512045, 0.022182862518453878, 0.02166203039439666, 0.0, 0.02722769358430808, 0.029068773522308033, 0.018015009403122978, 0.027602016316879998, 0.01638145981352985, 0.026963718851754182, 0.025115119768734873, 0.021609856250338722, 0.025173594104009725, 0.02052899678016813, 0.024199632511460026, 0.033153238180181246, 0.033068744789239525, 0.03308823452501541, 0.033097273800175825, 0.033088237438673465, 0.034006938430038464, 0.034061414161302206, 0.03399813406437134, 0.0330321457699538, 0.03406141767440056, 0.03311675795873617, 0.033124772345830306, 0.033097282785734816, 0.03309727705722179, 0.034025889428588814, 0.03312477138610087, 0.0331247518408413, 0.0340614116351399, 0.033971331440447845, 0.0340614186098948], [0.015160507903500297, 0.019508440704182815, 0.017721148204913374, 0.028857385306343117, 0.012256678058980678, 0.02778608708435462, 0.024321255498533253, 0.0189581981843147, 0.02722769358430808, 0.0, 0.014007615491354097, 0.02777295274893064, 0.020889559926548396, 0.018761943237270724, 0.01687875201098321, 0.015861342768140607, 0.021470175254138305, 0.01725435935325512, 0.01754522007162888, 0.015698516466348778, 0.03201872435357463, 0.03191799984753684, 0.03195814432947206, 0.03197266695956559, 0.03195814473029209, 0.032722236377867385, 0.03276721829878677, 0.032708007180238634, 0.0319120053358469, 0.03276721818250865, 0.032012811030103, 0.03196409706665913, 0.03197271607701849, 0.031972690821033024, 0.032761411849983525, 0.03196409697798736, 0.03196409669900801, 0.03276718950135228, 0.03271640090507524, 0.03276721826773026], [0.010134814756882552, 0.020487254202338392, 0.012052490851433548, 0.03031357775824917, 0.012636499067878932, 0.02796386409102525, 0.02749907490317491, 0.02351144621271602, 0.029068773522308033, 0.014007615491354097, 0.0, 0.03322955564845061, 0.012718716105578209, 0.02195646928995972, 0.014471497159540842, 0.01017244500933404, 0.017677842418695414, 0.010064433030343281, 0.01566961199906432, 0.012138413612557885, 0.03224970372562436, 0.03224913276185953, 0.032221555568784505, 0.0322523494061094, 0.03222155643374773, 0.03231019629544266, 0.032307544077320755, 0.03227942391669288, 0.03222420626271349, 0.03230753476071515, 0.03222483812832567, 0.032246451229373106, 0.03225239506761978, 0.032252364415204654, 0.03228268660895, 0.032246451690633005, 0.03224644420135705, 0.032307509483727584, 0.03228531614806389, 0.03230753429963175], [0.032542037009735, 0.02031829244964025, 0.035922514829775966, 0.018710600117294706, 0.022796819314590724, 0.018279283642922663, 0.02640712517500371, 0.02629431170071657, 0.018015009403122978, 0.02777295274893064, 0.03322955564845061, 0.0, 0.032846728015494785, 0.02137916644485737, 0.03145416267783199, 0.030024592256645184, 0.028827945723449287, 0.0312782295475252, 0.026538093268020087, 0.029750862252601474, 0.031718373094637854, 0.03162323402354079, 0.03158748349227156, 0.03172344425115449, 0.03158748462099159, 0.032294275238022085, 0.032289284291840775, 0.03216071135819369, 0.0315925633078426, 0.03228929802725042, 0.031687815669247055, 0.031618155642684456, 0.031723454774828526, 0.03172345328411319, 0.03225926461044004, 0.03161815615382385, 0.03161814879747209, 0.03228928712403967, 0.032264234097550484, 0.03228929753055225], [0.01332263908290214, 0.018808898343619068, 0.008852580018371477, 0.02821527653180826, 0.014525245608521664, 0.02548796649255666, 0.02635727829741404, 0.024317830021671906, 0.027602016316879998, 0.020889559926548396, 0.012718716105578209, 0.032846728015494785, 0.0, 0.0234919057419995, 0.014854164180054539, 0.00903968397999009, 0.01789929543491627, 0.008988147687416476, 0.01570798318981802, 0.013581704210473604, 0.03377079021323613, 0.033848627138343274, 0.03371937303297172, 0.0338255220073632, 0.03371937632390066, 0.0331088401345215, 0.03305291647573756, 0.033000355230181994, 0.033774180068606406, 0.03305291162696317, 0.03369624068269275, 0.03379391136707164, 0.03382556437363121, 0.033825532603579705, 0.032976701079776675, 0.03379391206397575, 0.0337938896744427, 0.033052888133854194, 0.033032706806565094, 0.03305291091700809], [0.021042134009067324, 0.01972640036224322, 0.024861420996594268, 0.021290727828990563, 0.015210808703514286, 0.020382826254474143, 0.022307738395669064, 0.019502658965970407, 0.01638145981352985, 0.018761943237270724, 0.02195646928995972, 0.02137916644485737, 0.0234919057419995, 0.0, 0.019539239878581825, 0.020356409204512975, 0.02253873593272167, 0.02009370706363769, 0.019259955839212688, 0.018907736617137846, 0.033652823888349774, 0.03364014075646389, 0.033579723073618305, 0.03369367518463208, 0.033579724671527776, 0.032973196475173695, 0.03293145140203673, 0.03285672373771103, 0.03362065283931897, 0.03293144892408079, 0.03363338061889349, 0.03359922299473203, 0.03369369781465889, 0.033693683646326904, 0.03291155555353869, 0.03359922243596256, 0.03359920904711592, 0.03293143277619159, 0.032953303543159104, 0.032931449494414324], [0.014127636893565033, 0.01848008626915524, 0.015028775551120446, 0.027024934297317872, 0.014546554781077907, 0.024474147024534057, 0.02560930508638851, 0.01842475030449588, 0.026963718851754182, 0.01687875201098321, 0.014471497159540842, 0.03145416267783199, 0.014854164180054539, 0.019539239878581825, 0.0, 0.014199835375514294, 0.018172921572276405, 0.012888212950720268, 0.015110650727423337, 0.010432471916238369, 0.03331705257195542, 0.03343232260215579, 0.03331464177665119, 0.033392345765108834, 0.03331464393014937, 0.03266445536917019, 0.03258746777502102, 0.03258498913652994, 0.03338994646816444, 0.032587463503270825, 0.033274590438318985, 0.0333570855454628, 0.03339238869283967, 0.03339236101093634, 0.03254401809792662, 0.03335708566124252, 0.03335707341826129, 0.03258744003387852, 0.03262107433336931, 0.03258746338721216], [0.008267282525388485, 0.0166715220821543, 0.008577969075611298, 0.026793023739271154, 0.011389464753364062, 0.024194034625965866, 0.022996957197452223, 0.02115425814281569, 0.025115119768734873, 0.015861342768140607, 0.01017244500933404, 0.030024592256645184, 0.00903968397999009, 0.020356409204512975, 0.014199835375514294, 0.0, 0.01589369173438762, 0.008786307875668467, 0.012250605800184198, 0.011747316036301247, 0.03314864753125934, 0.03305205820584139, 0.033058707959875366, 0.03307057370719421, 0.033058710596565684, 0.03270996571338248, 0.03278888869606276, 0.03269793092948955, 0.032980411852440585, 0.03278888515128028, 0.03307728407008295, 0.03313015147011963, 0.033070621338612986, 0.03307058743745851, 0.03271669789082744, 0.033130152654216066, 0.033130132699456, 0.03278885730115994, 0.032637551690616246, 0.0327888839572654], [0.01822868913481383, 0.016898229298335104, 0.019836216679787938, 0.02220440737509989, 0.015914426960624794, 0.02324323756128063, 0.024200941590372, 0.01947310517835107, 0.021609856250338722, 0.021470175254138305, 0.017677842418695414, 0.028827945723449287, 0.01789929543491627, 0.02253873593272167, 0.018172921572276405, 0.01589369173438762, 0.0, 0.01680883784049857, 0.009073876177234444, 0.016516591709399304, 0.03151497685253483, 0.031501694372792786, 0.031502932120759115, 0.03146644680114744, 0.03150293420465863, 0.03165539837276035, 0.03170362925481708, 0.031691645461228456, 0.031454388704797505, 0.03170362586464655, 0.031467743455893316, 0.03155014172209465, 0.03146648494126486, 0.03146645911434397, 0.031656646793836576, 0.03155014215877343, 0.0315501289032477, 0.03170360915163746, 0.03160831329897069, 0.0317036254291792], [0.009313232872998406, 0.01792464335206559, 0.010382252454659808, 0.026482177855133036, 0.011722113441691927, 0.024001719672517154, 0.025068174015211334, 0.022668396161191217, 0.025173594104009725, 0.01725435935325512, 0.010064433030343281, 0.0312782295475252, 0.008988147687416476, 0.02009370706363769, 0.012888212950720268, 0.008786307875668467, 0.01680883784049857, 0.0, 0.013952068459092389, 0.009912266713384292, 0.031694587825940465, 0.0317667514729936, 0.03163438320179416, 0.03176211375029408, 0.031634386332040174, 0.03183977166784615, 0.031772409261806835, 0.03171232265058057, 0.031702025576680684, 0.031772401692194155, 0.03162978192746814, 0.03169921872955249, 0.031762154190575646, 0.031762123240376444, 0.03170771859486284, 0.031699219066152105, 0.03169919647879265, 0.031772378379522716, 0.03177517753356485, 0.03177240135724984], [0.014901980366282734, 0.013255684289712816, 0.016159036300190395, 0.022046543896728475, 0.011356317903317847, 0.022059850589048892, 0.020610786027461386, 0.015555544692931503, 0.02052899678016813, 0.01754522007162888, 0.01566961199906432, 0.026538093268020087, 0.01570798318981802, 0.019259955839212688, 0.015110650727423337, 0.012250605800184198, 0.009073876177234444, 0.013952068459092389, 0.0, 0.013380380148589572, 0.030602314966791385, 0.03056127383370294, 0.03052547228027037, 0.03056977584266663, 0.030525475377085668, 0.03117709362292927, 0.031208985386926732, 0.031133624194798714, 0.03049284859478084, 0.031208988708200724, 0.030534048805675937, 0.030593797831191538, 0.030569820491056, 0.03056979276108568, 0.03114201540251888, 0.030593798388806524, 0.03059377976147262, 0.031208965525010183, 0.03111000784257324, 0.0312089881635106], [0.010912061487916092, 0.01884043840488979, 0.01348817316592163, 0.023800761537028075, 0.012331703057154114, 0.02287651076186918, 0.02661673957288819, 0.018741436397479477, 0.024199632511460026, 0.015698516466348778, 0.012138413612557885, 0.029750862252601474, 0.013581704210473604, 0.018907736617137846, 0.010432471916238369, 0.011747316036301247, 0.016516591709399304, 0.009912266713384292, 0.013380380148589572, 0.0, 0.03162642916112137, 0.031616291854957554, 0.03161346367739377, 0.03159184831349402, 0.031613466487506646, 0.03200062084541165, 0.03203475534959565, 0.0320219374249432, 0.03157886712729514, 0.032034749652540266, 0.0315890722474975, 0.03165082569522793, 0.03159188386342456, 0.03159186069994398, 0.031997839504379656, 0.031650824881977326, 0.03165080851779878, 0.032034728648677416, 0.0319636362009906, 0.03203475045730778], [0.03332417178524959, 0.03002658431229797, 0.03637604264519494, 0.03162937688761139, 0.029976107259747965, 0.03121406098449308, 0.032877793907117876, 0.03407952375603063, 0.033153238180181246, 0.03201872435357463, 0.03224970372562436, 0.031718373094637854, 0.03377079021323613, 0.033652823888349774, 0.03331705257195542, 0.03314864753125934, 0.03151497685253483, 0.031694587825940465, 0.030602314966791385, 0.03162642916112137, 0.0, 0.0010526092096567374, 0.0004695198706345722, 0.0009759903341215432, 0.00046951582475250354, 0.008126357436060853, 0.008067535391716962, 0.008081189835130273, 0.0010830653228342203, 0.00806753510401195, 0.00025502235690363527, 0.0003942191181155081, 0.0009759907203642155, 0.0009759903346591003, 0.008071564845228446, 0.0003942191185501081, 0.0003942133086804908, 0.008067534816070313, 0.008130361408767524, 0.00806753510399071], [0.0332059930089043, 0.030040551839314537, 0.03637938148571021, 0.03164296073098178, 0.029968439225705013, 0.03129290944785056, 0.03274379112488842, 0.03394380798473363, 0.033068744789239525, 0.03191799984753684, 0.03224913276185953, 0.03162323402354079, 0.033848627138343274, 0.03364014075646389, 0.03343232260215579, 0.03305205820584139, 0.031501694372792786, 0.0317667514729936, 0.03056127383370294, 0.031616291854957554, 0.0010526092096567374, 0.0, 0.0010087880553557617, 0.00039424187688266634, 0.001008786171493731, 0.008077166208947337, 0.008135917208425889, 0.008130365656814948, 0.00025512834787154, 0.008135918641779346, 0.0010830975560626147, 0.0009759909068235906, 0.0003942666663350674, 0.0003942724770573902, 0.008139917901074694, 0.000975990906316961, 0.0009759907205254568, 0.008135916950237925, 0.008081198021265248, 0.008135918641840186], [0.03326271071579573, 0.02993801942741563, 0.036275215893147805, 0.03162616496037519, 0.029889659133515937, 0.031196931040336426, 0.03273920418338017, 0.034012721311604495, 0.03308823452501541, 0.03195814432947206, 0.032221555568784505, 0.03158748349227156, 0.03371937303297172, 0.033579723073618305, 0.03331464177665119, 0.033058707959875366, 0.031502932120759115, 0.03163438320179416, 0.03052547228027037, 0.03161346367739377, 0.0004695198706345722, 0.0010087880553557617, 0.0, 0.0010830676720062077, 1.0300268044727225e-08, 0.008139916879809833, 0.008081190245726594, 0.00806753940110738, 0.0009759907130621984, 0.008081191786720012, 0.0003942476735148136, 0.0002550839612312705, 0.0010830881724295, 0.0010830773535280083, 0.008077164707108482, 0.0002550901568038504, 0.0002550298027187287, 0.008081189340822107, 0.00813591886452658, 0.00808119159115351], [0.03321281054022941, 0.0300576158325094, 0.03640041090505487, 0.03158719202528953, 0.029991243114273838, 0.031237414582950422, 0.03276944690591504, 0.03397309696841492, 0.033097273800175825, 0.03197266695956559, 0.0322523494061094, 0.03172344425115449, 0.0338255220073632, 0.03369367518463208, 0.033392345765108834, 0.03307057370719421, 0.03146644680114744, 0.03176211375029408, 0.03056977584266663, 0.03159184831349402, 0.0009759903341215432, 0.00039424187688266634, 0.0010830676720062077, 0.0, 0.0010830659175238646, 0.008067537612516195, 0.008126359662392798, 0.008139917200097753, 0.0004695765849578243, 0.008126359331179007, 0.001008773854443188, 0.0010525989711831008, 9.412625693875693e-08, 5.742709679897229e-08, 0.008130361810343694, 0.0010525989711408297, 0.0010525966235022347, 0.008126359022616016, 0.00807157274052543, 0.008126359331184482], [0.03326271305248871, 0.02993802213261734, 0.03627521901677513, 0.03162616836347435, 0.02988966209853457, 0.031196933736837594, 0.032739207030883274, 0.03401272397700773, 0.033088237438673465, 0.03195814473029209, 0.03222155643374773, 0.03158748462099159, 0.03371937632390066, 0.033579724671527776, 0.03331464393014937, 0.033058710596565684, 0.03150293420465863, 0.031634386332040174, 0.030525475377085668, 0.031613466487506646, 0.00046951582475250354, 0.001008786171493731, 1.0300268044727225e-08, 0.0010830659175238646, 0.0, 0.008139916646325176, 0.008081190010606336, 0.008067539401102414, 0.0009759907130211327, 0.008081191551578756, 0.0003942476733802592, 0.0002550765117085573, 0.0010830864178010887, 0.0010830755990572421, 0.008077164707101916, 0.00025508270747951004, 0.0002550223540144509, 0.008081189105695327, 0.008135918864567522, 0.008081191356011697], [0.03351199075317565, 0.03060777206987893, 0.035896193296357966, 0.031276111953220706, 0.03086600069803143, 0.031126749873968566, 0.033874620860772725, 0.03473444316219029, 0.034006938430038464, 0.032722236377867385, 0.03231019629544266, 0.032294275238022085, 0.0331088401345215, 0.032973196475173695, 0.03266445536917019, 0.03270996571338248, 0.03165539837276035, 0.03183977166784615, 0.03117709362292927, 0.03200062084541165, 0.008126357436060853, 0.008077166208947337, 0.008139916879809833, 0.008067537612516195, 0.008139916646325176, 0.0, 0.000975991285140465, 0.001083101169474555, 0.008081197074715704, 0.0009759909041838524, 0.008130364953095416, 0.008135917159071396, 0.008067537899680281, 0.008067537612292272, 0.0010087880034109942, 0.008135917159014426, 0.00813591465361401, 0.0009759907182167109, 0.00025519076722267995, 0.0009759909046592835], [0.03362235498551754, 0.030577280642097283, 0.03587147005699828, 0.03131872185215738, 0.030851283977266903, 0.031103318862122396, 0.03397944183076812, 0.03483852470050059, 0.034061414161302206, 0.03276721829878677, 0.032307544077320755, 0.032289284291840775, 0.03305291647573756, 0.03293145140203673, 0.03258746777502102, 0.03278888869606276, 0.03170362925481708, 0.031772409261806835, 0.031208985386926732, 0.03203475534959565, 0.008067535391716962, 0.008135917208425889, 0.008081190245726594, 0.008126359662392798, 0.008081190010606336, 0.000975991285140465, 0.0, 0.00046957081630780054, 0.008139917198052835, 6.293912318869714e-08, 0.00807157031713991, 0.008077163217493516, 0.008126359993896753, 0.0081263596625319, 0.00025508106522790803, 0.008077163217469804, 0.008077160716484018, 6.890330361501322e-08, 0.0010087871662689757, 6.591976022654631e-08], [0.033561411242260177, 0.03049030529151633, 0.03576918780607681, 0.03131547192381721, 0.030767272652644857, 0.031086117491391795, 0.03384533159412147, 0.034773172070510776, 0.03399813406437134, 0.032708007180238634, 0.03227942391669288, 0.03216071135819369, 0.033000355230181994, 0.03285672373771103, 0.03258498913652994, 0.03269793092948955, 0.031691645461228456, 0.03171232265058057, 0.031133624194798714, 0.0320219374249432, 0.008081189835130273, 0.008130365656814948, 0.00806753940110738, 0.008139917200097753, 0.008067539401102414, 0.001083101169474555, 0.00046957081630780054, 0.0, 0.008126363500020427, 0.0004696022795045806, 0.008077169667382263, 0.0080715708008682, 0.00813992021281823, 0.008139918488256645, 0.00039428407914621075, 0.008071570996664008, 0.008071566870063026, 0.0004695651307626268, 0.0010526218990002643, 0.0004695989141343067], [0.03315113445496192, 0.029969139938008694, 0.036299641348201774, 0.03158396801876407, 0.029904829682262955, 0.031220287618767162, 0.0326303771902003, 0.03390608706000602, 0.0330321457699538, 0.0319120053358469, 0.03222420626271349, 0.0315925633078426, 0.033774180068606406, 0.03362065283931897, 0.03338994646816444, 0.032980411852440585, 0.031454388704797505, 0.031702025576680684, 0.03049284859478084, 0.03157886712729514, 0.0010830653228342203, 0.00025512834787154, 0.0009759907130621984, 0.0004695765849578243, 0.0009759907130211327, 0.008081197074715704, 0.008139917198052835, 0.008126363500020427, 0.0, 0.008139918682408471, 0.0010526242465892354, 0.001008772063942961, 0.0004696230737713582, 0.0004695989141339338, 0.008135920955268355, 0.001008773630578844, 0.0010087581870855769, 0.008139916231383252, 0.008077170349686351, 0.008139918488256665], [0.03362234734769774, 0.03057729142540161, 0.03587146530276825, 0.03131872089454012, 0.03085128523119419, 0.031103315090982464, 0.033979436471089135, 0.03483853341417232, 0.03406141767440056, 0.03276721818250865, 0.03230753476071515, 0.03228929802725042, 0.03305291162696317, 0.03293144892408079, 0.032587463503270825, 0.03278888515128028, 0.03170362586464655, 0.031772401692194155, 0.031208988708200724, 0.032034749652540266, 0.00806753510401195, 0.008135918641779346, 0.008081191786720012, 0.008126359331179007, 0.008081191551578756, 0.0009759909041838524, 6.293912318869714e-08, 0.0004696022795045806, 0.008139918682408471, 0.0, 0.008071570081469952, 0.008077164707107424, 0.008126359662530105, 0.008126359330987046, 0.00025508270747951004, 0.008077164707101916, 0.008077162206055881, 5.420121862655378e-08, 0.0010087872138210107, 9.433342968700436e-09], [0.033269576123065164, 0.029955201274241543, 0.03629637986549344, 0.031570383349009946, 0.029912580983594908, 0.031141284557671713, 0.032764914823468716, 0.034042010284039255, 0.03311675795873617, 0.032012811030103, 0.03222483812832567, 0.031687815669247055, 0.03369624068269275, 0.03363338061889349, 0.033274590438318985, 0.03307728407008295, 0.031467743455893316, 0.03162978192746814, 0.030534048805675937, 0.0315890722474975, 0.00025502235690363527, 0.0010830975560626147, 0.0003942476735148136, 0.001008773854443188, 0.0003942476733802592, 0.008130364953095416, 0.00807157031713991, 0.008077169667382263, 0.0010526242465892354, 0.008071570081469952, 0.0, 0.0004695692225765702, 0.0010087861691619843, 0.0010087722861823645, 0.008067538434518039, 0.0004695725882340502, 0.0004695349305356069, 0.008071569027737372, 0.008126362472373748, 0.008071569885669774], [0.033317353238857116, 0.030009480290639632, 0.03635496990460667, 0.03168507674672374, 0.029953273152036986, 0.03126959736738605, 0.03285220934740777, 0.03405030316550497, 0.033124772345830306, 0.03196409706665913, 0.032246451229373106, 0.031618155642684456, 0.03379391136707164, 0.03359922299473203, 0.0333570855454628, 0.03313015147011963, 0.03155014172209465, 0.03169921872955249, 0.030593797831191538, 0.03165082569522793, 0.0003942191181155081, 0.0009759909068235906, 0.0002550839612312705, 0.0010525989711831008, 0.0002550765117085573, 0.008135917159071396, 0.008077163217493516, 0.0080715708008682, 0.001008772063942961, 0.008077164707107424, 0.0004695692225765702, 0.0, 0.001052608616167733, 0.001052610434324022, 0.008081191356011697, 9.433394254648338e-09, 6.66469596733973e-08, 0.008077163025793577, 0.008139918127370112, 0.008077164707101916], [0.033212854482868905, 0.03005765567780132, 0.03640046575793576, 0.03158719988966435, 0.029991284622174774, 0.031237426449492244, 0.032769490245758724, 0.0339731363821103, 0.033097282785734816, 0.03197271607701849, 0.03225239506761978, 0.031723454774828526, 0.03382556437363121, 0.03369369781465889, 0.03339238869283967, 0.033070621338612986, 0.03146648494126486, 0.031762154190575646, 0.030569820491056, 0.03159188386342456, 0.0009759907203642155, 0.0003942666663350674, 0.0010830881724295, 9.412625693875693e-08, 0.0010830864178010887, 0.008067537899680281, 0.008126359993896753, 0.00813992021281823, 0.0004696230737713582, 0.008126359662530105, 0.0010087861691619843, 0.001052608616167733, 0.0, 7.286064118715296e-08, 0.008130363623810437, 0.0010526086156979802, 0.0010526062694600892, 0.008126359354541961, 0.008071574521412684, 0.008126359662591015], [0.03321282258635519, 0.03005763283560298, 0.03640042723648528, 0.03158719059254212, 0.0299912574703391, 0.03123741071537897, 0.03276945154318156, 0.03397311870523967, 0.03309727705722179, 0.031972690821033024, 0.032252364415204654, 0.03172345328411319, 0.033825532603579705, 0.033693683646326904, 0.03339236101093634, 0.03307058743745851, 0.03146645911434397, 0.031762123240376444, 0.03056979276108568, 0.03159186069994398, 0.0009759903346591003, 0.0003942724770573902, 0.0010830773535280083, 5.742709679897229e-08, 0.0010830755990572421, 0.008067537612292272, 0.0081263596625319, 0.008139918488256645, 0.0004695989141339338, 0.008126359330987046, 0.0010087722861823645, 0.001052610434324022, 7.286064118715296e-08, 0.0, 0.008130361615762034, 0.0010526104343662886, 0.0010526080855761915, 0.008126359022680888, 0.008071572544401466, 0.00812635933098157], [0.033568203036513984, 0.030507162204063822, 0.03579063589884029, 0.031259122373084626, 0.03078952910105257, 0.031030260881976367, 0.0338701920734351, 0.03480180601424398, 0.034025889428588814, 0.032761411849983525, 0.03228268660895, 0.03225926461044004, 0.032976701079776675, 0.03291155555353869, 0.03254401809792662, 0.03271669789082744, 0.031656646793836576, 0.03170771859486284, 0.03114201540251888, 0.031997839504379656, 0.008071564845228446, 0.008139917901074694, 0.008077164707108482, 0.008130361810343694, 0.008077164707101916, 0.0010087880034109942, 0.00025508106522790803, 0.00039428407914621075, 0.008135920955268355, 0.00025508270747951004, 0.008067538434518039, 0.008081191356011697, 0.008130363623810437, 0.008130361615762034, 0.0, 0.008081191551578756, 0.00808118714665117, 0.00025505846263576445, 0.000975990333858496, 0.0002550765117085554], [0.03331735382170698, 0.030009481408081087, 0.036354971044402655, 0.03168507649177211, 0.029953273585979073, 0.03126959855556289, 0.032852212540595095, 0.03405030250869219, 0.03312477138610087, 0.03196409697798736, 0.032246451690633005, 0.03161815615382385, 0.03379391206397575, 0.03359922243596256, 0.03335708566124252, 0.033130152654216066, 0.03155014215877343, 0.031699219066152105, 0.030593798388806524, 0.031650824881977326, 0.0003942191185501081, 0.000975990906316961, 0.0002550901568038504, 0.0010525989711408297, 0.00025508270747951004, 0.008135917159014426, 0.008077163217469804, 0.008071570996664008, 0.001008773630578844, 0.008077164707101916, 0.0004695725882340502, 9.433394254648338e-09, 0.0010526086156979802, 0.0010526104343662886, 0.008081191551578756, 0.0, 6.916988125254454e-08, 0.008077163025814477, 0.008139918321568665, 0.008077164707107424], [0.0333173370456949, 0.03000946653307211, 0.0363549497335561, 0.03168505440111922, 0.029953254387851038, 0.03126957699340181, 0.03285218420118897, 0.034050293064763634, 0.0331247518408413, 0.03196409669900801, 0.03224644420135705, 0.03161814879747209, 0.0337938896744427, 0.03359920904711592, 0.03335707341826129, 0.033130132699456, 0.0315501289032477, 0.03169919647879265, 0.03059377976147262, 0.03165080851779878, 0.0003942133086804908, 0.0009759907205254568, 0.0002550298027187287, 0.0010525966235022347, 0.0002550223540144509, 0.00813591465361401, 0.008077160716484018, 0.008071566870063026, 0.0010087581870855769, 0.008077162206055881, 0.0004695349305356069, 6.66469596733973e-08, 0.0010526062694600892, 0.0010526080855761915, 0.00808118714665117, 6.916988125254454e-08, 0.0, 0.008077160524667532, 0.008139913925186548, 0.008077162206034667], [0.033622322328004065, 0.03057727075137108, 0.035871433708026534, 0.03131871765241397, 0.03085126268248, 0.03110330911476364, 0.03397941434340748, 0.03483851207680995, 0.0340614116351399, 0.03276718950135228, 0.032307509483727584, 0.03228928712403967, 0.033052888133854194, 0.03293143277619159, 0.03258744003387852, 0.03278885730115994, 0.03170360915163746, 0.031772378379522716, 0.031208965525010183, 0.032034728648677416, 0.008067534816070313, 0.008135916950237925, 0.008081189340822107, 0.008126359022616016, 0.008081189105695327, 0.0009759907182167109, 6.890330361501322e-08, 0.0004695651307626268, 0.008139916231383252, 5.420121862655378e-08, 0.008071569027737372, 0.008077163025793577, 0.008126359354541961, 0.008126359022680888, 0.00025505846263576445, 0.008077163025814477, 0.008077160524667532, 0.0, 0.001008780898632173, 5.099127006050887e-08], [0.033457624211000146, 0.03053767707585127, 0.03581536300801465, 0.031216406999807583, 0.03080423524830528, 0.031053717557379536, 0.033764974943727315, 0.03469757964704613, 0.033971331440447845, 0.03271640090507524, 0.03228531614806389, 0.032264234097550484, 0.033032706806565094, 0.032953303543159104, 0.03262107433336931, 0.032637551690616246, 0.03160831329897069, 0.03177517753356485, 0.03111000784257324, 0.0319636362009906, 0.008130361408767524, 0.008081198021265248, 0.00813591886452658, 0.00807157274052543, 0.008135918864567522, 0.00025519076722267995, 0.0010087871662689757, 0.0010526218990002643, 0.008077170349686351, 0.0010087872138210107, 0.008126362472373748, 0.008139918127370112, 0.008071574521412684, 0.008071572544401466, 0.000975990333858496, 0.008139918321568665, 0.008139913925186548, 0.001008780898632173, 0.0, 0.0010087856468297904], [0.03362234677011313, 0.03057729033213518, 0.03587146414704644, 0.0313187211510012, 0.030851284808716187, 0.03110331389742317, 0.03397943338499145, 0.034838534057286014, 0.0340614186098948, 0.03276721826773026, 0.03230753429963175, 0.03228929753055225, 0.03305291091700809, 0.032931449494414324, 0.03258746338721216, 0.0327888839572654, 0.0317036254291792, 0.03177240135724984, 0.0312089881635106, 0.03203475045730778, 0.00806753510399071, 0.008135918641840186, 0.00808119159115351, 0.008126359331184482, 0.008081191356011697, 0.0009759909046592835, 6.591976022654631e-08, 0.0004695989141343067, 0.008139918488256665, 9.433342968700436e-09, 0.008071569885669774, 0.008077164707101916, 0.008126359662591015, 0.00812635933098157, 0.0002550765117085554, 0.008077164707107424, 0.008077162206034667, 5.099127006050887e-08, 0.0010087856468297904, 0.0]], "Angle": [[0.0, 0.0439338664070452, 0.04286182098038527, 0.11097983196248125, 0.0380842337792483, 0.08112600797663547, 0.060509749617069154, 0.07717738301131748, 0.06568116319818659, 0.04296800011895401, 0.03407151240349788, 0.10603749625391615, 0.04276042495931948, 0.10398344457426073, 0.10952542379038245, 0.03562823545109511, 0.0492188643300405, 0.0366139077464882, 0.04019202570853844, 0.041883381726306054, 0.1363924070108826, 0.13507514548272406, 0.13547524027124805, 0.13600611270774857, 0.13547524025140148, 0.10057639641191146, 0.10109816373212646, 0.09985733183343139, 0.13508631704408838, 0.10109814901484664, 0.13640349389238346, 0.13546408118358966, 0.136006127872719, 0.13600611311826327, 0.101113101638887, 0.13546408059839035, 0.1354640830894132, 0.10109814231470318, 0.10059140827044591, 0.10109814981592727], [0.0439338664070452, 0.0, 0.06097812732871597, 0.08044634220077063, 0.02798056593146289, 0.07432131391538678, 0.047857062145505294, 0.07104768138330417, 0.041549446590207956, 0.03752340612936897, 0.050874946878618814, 0.0754031981778963, 0.04740414588610538, 0.08504202197688052, 0.10327932412934533, 0.04146704167301737, 0.0374337148605089, 0.04432436005847817, 0.03004131678030325, 0.04187042711358112, 0.11068800786410109, 0.1115651849647153, 0.11091838783773661, 0.11133822248666204, 0.11091838772834332, 0.08486301878538273, 0.08400813616468233, 0.084311440500366, 0.11156725769011908, 0.08400813025601303, 0.1106901093060721, 0.11091629274360063, 0.11133823347688254, 0.1113382225547413, 0.0840108962285524, 0.11091629276279366, 0.11091629300650294, 0.0840081278153401, 0.0848657455552338, 0.08400813023526149], [0.04286182098038527, 0.06097812732871597, 0.0, 0.11791002448066824, 0.050609200021447635, 0.12294318096094167, 0.07735231246390781, 0.12536225471729479, 0.09164837367170717, 0.05185532018220541, 0.034153015708655754, 0.12004637919904558, 0.02190237484726725, 0.118401024179391, 0.11876438143746046, 0.03686146029979508, 0.04523825758503097, 0.03904787713178317, 0.046086141215452105, 0.027961721668586084, 0.14282469578373624, 0.14449014951204464, 0.14355780095330622, 0.14378804260557046, 0.14355780032469978, 0.10370388975181367, 0.10236400557662809, 0.10338440620421067, 0.14451626367594778, 0.10236398712090157, 0.1428511320693409, 0.14353149753699582, 0.14378806463750204, 0.14378804368035997, 0.10240086595312388, 0.14353149670161192, 0.143531496265892, 0.10236398424195214, 0.10374026665905131, 0.10236398832367877], [0.11097983196248125, 0.08044634220077063, 0.11791002448066824, 0.0, 0.08858250327748576, 0.03313290037231682, 0.09171325393448289, 0.057575620929316854, 0.06827266904748477, 0.09879235784126982, 0.11306104265058173, 0.0540845151399009, 0.10429228366663876, 0.06224032055268567, 0.06641080893750549, 0.09808925722629594, 0.08943148821785046, 0.10616316027754231, 0.09406800385984897, 0.1051837396427746, 0.07911456203452756, 0.07838927051646674, 0.08008917808997573, 0.07742875399534936, 0.08008917834665438, 0.09711810068828966, 0.09846738810407453, 0.09925215386763248, 0.07842434245282377, 0.09846737772845789, 0.07914929094939192, 0.08005484848457611, 0.07742875351160201, 0.07742875400257186, 0.0984952920068399, 0.08005484630831762, 0.08005484453550876, 0.09846738358252984, 0.09714638989361014, 0.09846737950673745], [0.0380842337792483, 0.02798056593146289, 0.050609200021447635, 0.08858250327748576, 0.0, 0.06664627360832413, 0.048240467567887524, 0.07266304954688586, 0.04811720588709832, 0.030823506280210078, 0.037664785327459906, 0.08829167994316833, 0.04061025762816692, 0.08856333953665733, 0.09983422265757622, 0.03130526952166449, 0.03323889888013674, 0.03445463093096879, 0.024083311951125598, 0.038939210145103605, 0.11944366670853608, 0.11966914649879952, 0.11980221937587815, 0.11932404861744625, 0.11980221925252744, 0.08805540958826388, 0.08821743789084485, 0.0887022991710938, 0.11968296104225436, 0.088217428779194, 0.1194575144653842, 0.11978841136871168, 0.11932405855271865, 0.11932404892499364, 0.08823617812320332, 0.11978841074349872, 0.11978841077741975, 0.08821743045753158, 0.08807418315856143, 0.08821742965267558], [0.08112600797663547, 0.07432131391538678, 0.12294318096094167, 0.03313290037231682, 0.06664627360832413, 0.0, 0.0891141133083068, 0.05319526619346525, 0.07790051639569875, 0.0777829663327686, 0.11484289546394413, 0.056006934816208026, 0.11038483061631787, 0.048400388255695925, 0.052020810946698186, 0.10471720762064549, 0.06932608956222973, 0.10790746604031426, 0.0671419764053691, 0.07732099664883488, 0.08524057393345161, 0.08584914921493846, 0.08575241961854504, 0.08530141362761208, 0.08575242004501178, 0.11458147033670034, 0.114536180526465, 0.11491761977237928, 0.08581290321698377, 0.11453617788814272, 0.08520405227636896, 0.08578869640060229, 0.08530140474234882, 0.08530140976606021, 0.11450900779617318, 0.08578869810374999, 0.0857886973492097, 0.11453617725797517, 0.11455430676158285, 0.11453617662577781], [0.060509749617069154, 0.047857062145505294, 0.07735231246390781, 0.09171325393448289, 0.048240467567887524, 0.0891141133083068, 0.0, 0.08470597913736422, 0.0526396358369563, 0.045600127891217535, 0.06421088335485343, 0.08610385051366597, 0.06953979791767267, 0.09321953960879015, 0.10376979726240797, 0.06231494489259988, 0.06206969254344215, 0.06025245946998444, 0.050867991789190305, 0.06315139666093018, 0.11317654573500406, 0.1131700170094184, 0.11300051209164087, 0.11336378647810488, 0.11300051406335372, 0.08369519067338413, 0.08344140351087619, 0.08320247024798479, 0.11318803694063027, 0.08344139957990082, 0.11319458584340938, 0.1129824528632804, 0.11336379754211058, 0.11336379119213819, 0.08346585745300555, 0.11298244988523409, 0.1129824534358284, 0.08344139758543964, 0.08371956529135458, 0.08344140361611177], [0.07717738301131748, 0.07104768138330417, 0.12536225471729479, 0.057575620929316854, 0.07266304954688586, 0.05319526619346525, 0.08470597913736422, 0.0, 0.07473435359608589, 0.06514647555863377, 0.11289256836036465, 0.0537954