{"Bond": [[0.0, 0.020520395101651472, 0.02056333637615357, 0.020366458500889, 0.016672142864583052, 0.024993105376283336, 0.018082218183160168, 0.030089360698144357, 0.020300114011281616, 0.02017450192491909, 0.017304605463355823, 0.0201162596577292, 0.013595456958144469, 0.019891448931087265, 0.013672188537460451, 0.014315971454072433, 0.020380360152239894, 0.01721079549051097, 0.017868915435365024, 0.02016490900114665, 0.059673115164777656, 0.05966444506840308, 0.05966507321436549, 0.059664353271317194, 0.059656354102334296, 0.05967319925493854, 0.05967311983637073, 0.059656345142724575, 0.05965624251456529, 0.059664446935775946, 0.05967312347029707, 0.05965637619375906, 0.05966448140885959, 0.05967319661111688, 0.05967316543261716, 0.0596649912228255, 0.05965637645710811, 0.05967312347029707, 0.059673115393182784, 0.059664380407796494], [0.020520395101651472, 0.0, 0.019418477706828988, 0.023615798354737694, 0.0153723935673706, 0.018362397629653363, 0.01923977373644035, 0.0241701223560089, 0.018896923456331854, 0.021291289831473142, 0.02128338431399519, 0.023250467882331764, 0.016487742467828817, 0.021730229111345364, 0.02150000717128451, 0.02072335980592194, 0.01873717985628043, 0.02002726643742659, 0.020485177804505945, 0.020694861941659145, 0.05405617473658243, 0.05406210057760098, 0.05372138524715202, 0.05406200213481601, 0.05372731372470068, 0.05405626861222511, 0.05405617015383517, 0.05372730859963075, 0.05372719578244305, 0.05406210480203523, 0.05405617332864015, 0.053727337751478255, 0.05406215159558118, 0.054056266807036485, 0.054056231389894266, 0.053721309188548366, 0.053727337768821305, 0.05405617332864015, 0.054056167235235375, 0.054062052106722096], [0.02056333637615357, 0.019418477706828988, 0.0, 0.01643331167541727, 0.016245852606012395, 0.021802778622313123, 0.019407092524883846, 0.02115503729717256, 0.01913897941669697, 0.021866048532251357, 0.0107475552420041, 0.019967293357391055, 0.01194850539484788, 0.01879978374346543, 0.023521691041515393, 0.014608673693675507, 0.010322860393002358, 0.018752898924915277, 0.022316076601838403, 0.017956827353588813, 0.06084063154813678, 0.06079023099753393, 0.06086856251401762, 0.06079013543499717, 0.060818156668842716, 0.060840713994543674, 0.060840621051296055, 0.06081813785340535, 0.06081804481596033, 0.06079023555114332, 0.06084062360578335, 0.06081817543045536, 0.06079027742887941, 0.06084071014399718, 0.0608406830161168, 0.06086848812943777, 0.0608181755634078, 0.06084062360578335, 0.06084062455157129, 0.060790182445083475], [0.020366458500889, 0.023615798354737694, 0.01643331167541727, 0.0, 0.0191268619124265, 0.025443263479493664, 0.024322992876703024, 0.023589644216770636, 0.019689419342470437, 0.02240147604675505, 0.016181154879546196, 0.01764658456893559, 0.015085086310598354, 0.022537067319866287, 0.02195742103011573, 0.01186181283720965, 0.016014592029991087, 0.015702115510304374, 0.025027230071621387, 0.018048585830904594, 0.06231453844608274, 0.062214439984548224, 0.06205280777892877, 0.06221435604325521, 0.0619522425088736, 0.062314612774616536, 0.0623145291324373, 0.06195222552813866, 0.06195214933061571, 0.06221444650996045, 0.06231453370098581, 0.061952271933726474, 0.06221448871288962, 0.062314610956124915, 0.062314576024899516, 0.06205272693101519, 0.06195227211429262, 0.06231453370098581, 0.06231453248929661, 0.06221439011574243], [0.016672142864583052, 0.0153723935673706, 0.016245852606012395, 0.0191268619124265, 0.0, 0.02612042402567844, 0.01649384681259535, 0.02833751873706435, 0.016377303294683666, 0.016092353232853147, 0.013578582745269388, 0.01955118212154462, 0.014876444323494206, 0.019435765743217794, 0.019895190449652645, 0.016921269217419228, 0.013449276865690392, 0.013929591723648872, 0.01826680456839554, 0.014511511193589842, 0.055316529358145, 0.05523412612845693, 0.05539074011735235, 0.05523404493308326, 0.05530842155911297, 0.0553166087620003, 0.05531652123785917, 0.05530841243663163, 0.05530830396192057, 0.055234129632588023, 0.05531652307039153, 0.05530844959458195, 0.05523418210748415, 0.055316612286912814, 0.05531657478116861, 0.05539065586712381, 0.055308449543933345, 0.05531652307039153, 0.055316522677236434, 0.05523407796220443], [0.024993105376283336, 0.018362397629653363, 0.021802778622313123, 0.025443263479493664, 0.02612042402567844, 0.0, 0.026787623275539997, 0.016680009070705628, 0.02776075668264645, 0.03102026303999859, 0.0239500243095772, 0.025130846323075735, 0.019922821058782705, 0.02231249604463058, 0.027629293643961845, 0.02370614478169113, 0.02617957912134489, 0.027681654288766407, 0.02428881914325779, 0.027442644437396586, 0.05589502946125999, 0.055798682154216746, 0.05581910072744743, 0.05579857469640814, 0.055722572557923025, 0.05589511796875731, 0.05589502225265393, 0.055722558551936925, 0.05572247048219902, 0.05579868661624467, 0.05589502591799336, 0.05572259677764903, 0.05579872487185099, 0.05589511839941504, 0.055895087473048694, 0.055819034712621785, 0.055722597150880016, 0.05589502591799336, 0.05589502642106811, 0.05579863763153859], [0.018082218183160168, 0.01923977373644035, 0.019407092524883846, 0.024322992876703024, 0.01649384681259535, 0.026787623275539997, 0.0, 0.03310502396299994, 0.015133993064569546, 0.01339701630496136, 0.020440354758757398, 0.02008349097090957, 0.019188514582268657, 0.011763212722963164, 0.013281122223465502, 0.016188036380866532, 0.01605872620857446, 0.013959700199578207, 0.013417152507188647, 0.013348068554666982, 0.05698833906221235, 0.05688906990139005, 0.05696889240143265, 0.05688898191091116, 0.056869564401701225, 0.05698840818817924, 0.05698832674497618, 0.05686954723375909, 0.056869446412253215, 0.056889071331429175, 0.05698832745567276, 0.0568695827879184, 0.056889110445966104, 0.05698841472418723, 0.05698837958687504, 0.05696881222537178, 0.05686958289649055, 0.05698832745567276, 0.05698833765494365, 0.05688901651490212], [0.030089360698144357, 0.0241701223560089, 0.02115503729717256, 0.023589644216770636, 0.02833751873706435, 0.016680009070705628, 0.03310502396299994, 0.0, 0.028045705200262432, 0.03463052135118571, 0.02475525154110446, 0.025042465740189448, 0.02236974586489223, 0.02942258551611038, 0.03331636861589288, 0.02592148225234697, 0.02752378090459775, 0.029617628360864078, 0.030959902860168222, 0.031283816879072016, 0.06332659897139578, 0.06326462942607303, 0.06338956341971276, 0.06326452653189055, 0.06332761366047099, 0.06332668799446776, 0.06332658851254518, 0.06332758990319645, 0.06332751032608226, 0.0632646357051365, 0.06332659332240242, 0.0633276365764854, 0.06326467612908984, 0.06332668771119251, 0.06332665613305057, 0.06338949455673525, 0.06332763678324678, 0.06332659332240242, 0.06332659796559378, 0.06326458630293987], [0.020300114011281616, 0.018896923456331854, 0.01913897941669697, 0.019689419342470437, 0.016377303294683666, 0.02776075668264645, 0.015133993064569546, 0.028045705200262432, 0.0, 0.01593129822438551, 0.020251356877320985, 0.01360935485581833, 0.020625369592415742, 0.01889891017797558, 0.01605275712766099, 0.01634587117611411, 0.01713887029680316, 0.014432209124349978, 0.01924879859093132, 0.01499486860895658, 0.06284451866891042, 0.06275589991052644, 0.06270526669681964, 0.06275581036179463, 0.06261641681468534, 0.06284459829619063, 0.0628445065224284, 0.06261640110444675, 0.06261629982920881, 0.06275590327708755, 0.06284450930493306, 0.06261644425516605, 0.06275595350182439, 0.06284460636679744, 0.06284456401705113, 0.06270517764073871, 0.06261644439380111, 0.06284450930493306, 0.06284451544708262, 0.0627558434298848], [0.02017450192491909, 0.021291289831473142, 0.021866048532251357, 0.02240147604675505, 0.016092353232853147, 0.03102026303999859, 0.01339701630496136, 0.03463052135118571, 0.01593129822438551, 0.0, 0.022896862300252424, 0.021774569041739345, 0.022222317156574987, 0.019186823353433035, 0.01735171859817745, 0.01681190137253765, 0.0150638172383837, 0.011753550567755271, 0.016905125094133555, 0.013308044324400218, 0.058608541391314904, 0.05857115568483848, 0.058625024779817424, 0.05857106870336759, 0.05858760841730677, 0.05860862613205245, 0.058608537246475356, 0.05858759179302018, 0.05858749792240247, 0.05857115799771367, 0.05860853635772713, 0.05858763462826643, 0.05857119885342853, 0.058608625364646845, 0.058608585927491866, 0.05862493299408679, 0.05858763462623324, 0.05860853635772713, 0.05860853739274404, 0.058571103417680605], [0.017304605463355823, 0.02128338431399519, 0.0107475552420041, 0.016181154879546196, 0.013578582745269388, 0.0239500243095772, 0.020440354758757398, 0.02475525154110446, 0.020251356877320985, 0.022896862300252424, 0.0, 0.018112361168191222, 0.011493755438222224, 0.017985205963443607, 0.021250703832983813, 0.015070105833257073, 0.013274059398747422, 0.017937084353366453, 0.0219784268367124, 0.016139459165198444, 0.05648162275378247, 0.056378925434696595, 0.05655967575569625, 0.05637883560963375, 0.05645708796937664, 0.05648169814457408, 0.05648161099159244, 0.05645707488607057, 0.05645697813829314, 0.056378929339775764, 0.056481614770092406, 0.056457111688135275, 0.056378974842950916, 0.05648169936524239, 0.05648166866194236, 0.056559597563997505, 0.05645711190936678, 0.056481614770092406, 0.056481616505485846, 0.056378871447422145], [0.0201162596577292, 0.023250467882331764, 0.019967293357391055, 0.01764658456893559, 0.01955118212154462, 0.025130846323075735, 0.02008349097090957, 0.025042465740189448, 0.01360935485581833, 0.021774569041739345, 0.018112361168191222, 0.0, 0.020641399230752658, 0.01858966398405457, 0.018260585008828024, 0.01453298658987228, 0.02150289650730091, 0.01844626253071265, 0.02395974820661089, 0.01586326064353532, 0.059961394900225326, 0.05982904926910223, 0.06005366799335058, 0.05982895810881266, 0.059921482385499505, 0.05996147107895596, 0.0599613878822921, 0.0599214668396929, 0.05992137421739947, 0.05982905469377496, 0.05996139107857279, 0.0599215141374, 0.05982909920814726, 0.059961483328923926, 0.059961442683681115, 0.06005357901427311, 0.059921514479100706, 0.05996139107857279, 0.05996139265652519, 0.05982899275945345], [0.013595456958144469, 0.016487742467828817, 0.01194850539484788, 0.015085086310598354, 0.014876444323494206, 0.019922821058782705, 0.019188514582268657, 0.02236974586489223, 0.020625369592415742, 0.022222317156574987, 0.011493755438222224, 0.020641399230752658, 0.0, 0.018761733151608104, 0.018670107111286548, 0.012264665939953442, 0.013861208655890413, 0.01573983978423572, 0.01987727525355965, 0.01902640069844473, 0.05682225182909064, 0.05679237137869926, 0.05661586435205551, 0.0567922775120985, 0.0565858372859812, 0.05682233218049445, 0.056822245550762776, 0.05658582290919801, 0.056585728904155724, 0.05679237564649007, 0.05682225047942146, 0.05658585485315179, 0.056792410883530584, 0.05682232660513847, 0.05682229982596436, 0.056615791346869275, 0.056585854970711995, 0.05682225047942146, 0.056822248710315736, 0.05679231563129859], [0.019891448931087265, 0.021730229111345364, 0.01879978374346543, 0.022537067319866287, 0.019435765743217794, 0.02231249604463058, 0.011763212722963164, 0.02942258551611038, 0.01889891017797558, 0.019186823353433035, 0.017985205963443607, 0.01858966398405457, 0.018761733151608104, 0.0, 0.01680090456261468, 0.01737021976548438, 0.017948771433872118, 0.016049775748373442, 0.014588528038240447, 0.01520958828430257, 0.0559107868671501, 0.055685094378275825, 0.05590705526756445, 0.05568499983586998, 0.05568131182349773, 0.0559108478602907, 0.05591076344353299, 0.05568129518027902, 0.0556812036775757, 0.05568509640744808, 0.05591076504579533, 0.05568133535665625, 0.055685134963843023, 0.05591086121480693, 0.0559108219697332, 0.05590697768209988, 0.0556813356185087, 0.05591076504579533, 0.055910786052991684, 0.055685044089998345], [0.013672188537460451, 0.02150000717128451, 0.023521691041515393, 0.02195742103011573, 0.019895190449652645, 0.027629293643961845, 0.013281122223465502, 0.03331636861589288, 0.01605275712766099, 0.01735171859817745, 0.021250703832983813, 0.018260585008828024, 0.018670107111286548, 0.01680090456261468, 0.0, 0.014204359509261757, 0.019989489484364676, 0.014031075918958327, 0.016272907823269154, 0.015021398553322782, 0.056294558653950416, 0.056258929413153365, 0.05604413488409424, 0.05625884068187177, 0.05600830512947487, 0.05629463096340174, 0.05629455369723653, 0.056008289059317026, 0.05600819498204386, 0.05625893081847431, 0.056294557730249814, 0.056008325118279585, 0.056258965237837986, 0.056294633429000464, 0.056294597065429726, 0.05604405112902623, 0.056008325437255514, 0.056294557730249814, 0.05629456095844188, 0.05625886215503588], [0.014315971454072433, 0.02072335980592194, 0.014608673693675507, 0.01186181283720965, 0.016921269217419228, 0.02370614478169113, 0.016188036380866532, 0.02592148225234697, 0.01634587117611411, 0.01681190137253765, 0.015070105833257073, 0.01453298658987228, 0.012264665939953442, 0.01737021976548438, 0.014204359509261757, 0.0, 0.013674641950669609, 0.01213275999708559, 0.019463665747402725, 0.013212033943286784, 0.058478685824591134, 0.05843414661265634, 0.058369531235427236, 0.05843405653683906, 0.05832486289678513, 0.05847876657752544, 0.05847868463906188, 0.05832484304338372, 0.058324759718812284, 0.058434151355280226, 0.05847868782483561, 0.05832488549146929, 0.05843418624712434, 0.05847876311338495, 0.05847873300897303, 0.05836944760728643, 0.058324885721683074, 0.05847868782483561, 0.05847868305299854, 0.05843408828441874], [0.020380360152239894, 0.01873717985628043, 0.010322860393002358, 0.016014592029991087, 0.013449276865690392, 0.02617957912134489, 0.01605872620857446, 0.02752378090459775, 0.01713887029680316, 0.0150638172383837, 0.013274059398747422, 0.02150289650730091, 0.013861208655890413, 0.017948771433872118, 0.019989489484364676, 0.013674641950669609, 0.0, 0.012805586526157181, 0.019151385684566296, 0.012435559911739549, 0.0575338523832127, 0.0574908313412451, 0.05739502863365258, 0.05749074251203612, 0.05735187497103215, 0.05753393220161959, 0.05753383960811758, 0.057351855979152294, 0.057351765856257765, 0.05749083507024899, 0.05753384151655671, 0.05735189520719686, 0.05749087872596119, 0.057533926540662784, 0.057533895296612896, 0.05739494910117376, 0.05735189523873453, 0.05753384151655671, 0.05753384464789019, 0.057490781995193266], [0.01721079549051097, 0.02002726643742659, 0.018752898924915277, 0.015702115510304374, 0.013929591723648872, 0.027681654288766407, 0.013959700199578207, 0.029617628360864078, 0.014432209124349978, 0.011753550567755271, 0.017937084353366453, 0.01844626253071265, 0.01573983978423572, 0.016049775748373442, 0.014031075918958327, 0.01213275999708559, 0.012805586526157181, 0.0, 0.014852432024684373, 0.012536895489071604, 0.057005822647656704, 0.05689248371808572, 0.05683016670201665, 0.05689240030078657, 0.05671643779576696, 0.05700589341340291, 0.05700580797217372, 0.05671641700895854, 0.05671633155670082, 0.05689248689219217, 0.05700581065169556, 0.056716462057230625, 0.05689252698955041, 0.05700589658010601, 0.05700585688484112, 0.0568300801369716, 0.05671646204726541, 0.05700581065169556, 0.05700582242935837, 0.05689242944866025], [0.017868915435365024, 0.020485177804505945, 0.022316076601838403, 0.025027230071621387, 0.01826680456839554, 0.02428881914325779, 0.013417152507188647, 0.030959902860168222, 0.01924879859093132, 0.016905125094133555, 0.0219784268367124, 0.02395974820661089, 0.01987727525355965, 0.014588528038240447, 0.016272907823269154, 0.019463665747402725, 0.019151385684566296, 0.014852432024684373, 0.0, 0.018823306178024756, 0.05676150315465353, 0.05661460302333881, 0.056860050042114973, 0.056614514281299703, 0.05671336572589489, 0.05676157735367063, 0.056761487432978965, 0.05671334286499182, 0.05671325164022491, 0.056614601883776344, 0.05676148860069798, 0.0567133874464025, 0.05661464548076741, 0.05676158242523728, 0.05676154278315124, 0.05685996770778281, 0.056713387580800155, 0.05676148860069798, 0.05676150701617739, 0.056614548331306094], [0.02016490900114665, 0.020694861941659145, 0.017956827353588813, 0.018048585830904594, 0.014511511193589842, 0.027442644437396586, 0.013348068554666982, 0.031283816879072016, 0.01499486860895658, 0.013308044324400218, 0.016139459165198444, 0.01586326064353532, 0.01902640069844473, 0.01520958828430257, 0.015021398553322782, 0.013212033943286784, 0.012435559911739549, 0.012536895489071604, 0.018823306178024756, 0.0, 0.05290046046421937, 0.052799933403304834, 0.0528679644491366, 0.052799850821486694, 0.05276734566003467, 0.052900531949289106, 0.05290044937626804, 0.05276732830185395, 0.05276723807014312, 0.05279993723993639, 0.05290045066345551, 0.05276737340799899, 0.05279998423371511, 0.05290053618627948, 0.052900497738223286, 0.05286787754223282, 0.05276737361656293, 0.05290045066345551, 0.052900453805205264, 0.052799881736634295], [0.059673115164777656, 0.05405617473658243, 0.06084063154813678, 0.06231453844608274, 0.055316529358145, 0.05589502946125999, 0.05698833906221235, 0.06332659897139578, 0.06284451866891042, 0.058608541391314904, 0.05648162275378247, 0.059961394900225326, 0.05682225182909064, 0.0559107868671501, 0.056294558653950416, 0.058478685824591134, 0.0575338523832127, 0.057005822647656704, 0.05676150315465353, 0.05290046046421937, 0.0, 0.0010343136666236053, 0.0031178438067961827, 0.0010342883479389005, 0.0032849537219302215, 1.685527192682754e-07, 1.1134777867676256e-07, 0.003284915065935005, 0.0032849085141731737, 0.0010343136665036112, 1.0904113843132564e-07, 0.0032849396303087784, 0.001034270600812434, 1.4541566857054792e-07, 1.3305075478593932e-07, 0.003117830786950162, 0.0032849397235089057, 1.0904113843132564e-07, 5.498243980718651e-08, 0.001034288351036141], [0.05966444506840308, 0.05406210057760098, 0.06079023099753393, 0.062214439984548224, 0.05523412612845693, 0.055798682154216746, 0.05688906990139005, 0.06326462942607303, 0.06275589991052644, 0.05857115568483848, 0.056378925434696595, 0.05982904926910223, 0.05679237137869926, 0.055685094378275825, 0.056258929413153365, 0.05843414661265634, 0.0574908313412451, 0.05689248371808572, 0.05661460302333881, 0.052799933403304834, 0.0010343136666236053, 0.0, 0.0032849379113283578, 1.4399780759339905e-07, 0.0031178760375124457, 0.0010342348231265244, 0.0010342348279858164, 0.003117836760337243, 0.0031178358911409213, 2.188884206608563e-08, 0.0010342348273873678, 0.0031178745623951275, 1.1059691207829249e-07, 0.0010343035051554805, 0.001034262363406056, 0.003284920491748804, 0.0031178746605638363, 0.0010342348273873678, 0.0010343136672981731, 1.0711022198940373e-07], [0.05966507321436549, 0.05372138524715202, 0.06086856251401762, 0.06205280777892877, 0.05539074011735235, 0.05581910072744743, 0.05696889240143265, 0.06338956341971276, 0.06270526669681964, 0.058625024779817424, 0.05655967575569625, 0.06005366799335058, 0.05661586435205551, 0.05590705526756445, 0.05604413488409424, 0.058369531235427236, 0.05739502863365258, 0.05683016670201665, 0.056860050042114973, 0.0528679644491366, 0.0031178438067961827, 0.0032849379113283578, 0.0, 0.0032849196827823618, 0.001034326989001628, 0.0031178364484408137, 0.003117822190409591, 0.00103432261830525, 0.0010343044366952733, 0.003284943923741556, 0.0031178352473676075, 0.0010342866773275072, 0.0032849285479003465, 0.003117824570116432, 0.0031178205230389822, 1.205904446034377e-07, 0.0010342866773275072, 0.0031178352473676075, 0.0031178251634299786, 0.0032849121878095622], [0.059664353271317194, 0.05406200213481601, 0.06079013543499717, 0.06221435604325521, 0.05523404493308326, 0.05579857469640814, 0.05688898191091116, 0.06326452653189055, 0.06275581036179463, 0.05857106870336759, 0.05637883560963375, 0.05982895810881266, 0.0567922775120985, 0.05568499983586998, 0.05625884068187177, 0.05843405653683906, 0.05749074251203612, 0.05689240030078657, 0.056614514281299703, 0.052799850821486694, 0.0010342883479389005, 1.4399780759339905e-07, 0.0032849196827823618, 0.0, 0.0031178652300713158, 0.0010342095195766685, 0.00103420950901041, 0.003117825952786642, 0.0031178250798702513, 1.4703852153848037e-07, 0.0010342095086029951, 0.0031178637553079427, 1.812862997636679e-07, 0.0010342782011979273, 0.001034237056249844, 0.0032849022605788663, 0.003117863853502353, 0.0010342095086029951, 0.0010342883484573276, 1.2130657525085168e-07], [0.059656354102334296, 0.05372731372470068, 0.060818156668842716, 0.0619522425088736, 0.05530842155911297, 0.055722572557923025, 0.056869564401701225, 0.06332761366047099, 0.06261641681468534, 0.05858760841730677, 0.05645708796937664, 0.059921482385499505, 0.0565858372859812, 0.05568131182349773, 0.05600830512947487, 0.05832486289678513, 0.05735187497103215, 0.05671643779576696, 0.05671336572589489, 0.05276734566003467, 0.0032849537219302215, 0.0031178760375124457, 0.001034326989001628, 0.0031178652300713158, 0.0, 0.0032849219150845417, 0.003284908382505879, 9.86854616909013e-08, 1.4736402552126406e-07, 0.0031178823722546817, 0.0032849207752651778, 8.336666724915438e-08, 0.003117880460260245, 0.0032849322660906772, 0.0032849154707014117, 0.0010343109068262594, 8.37121886541711e-08, 0.0032849207752651778, 0.0032849360266008674, 0.003117857332152345], [0.05967319925493854, 0.05405626861222511, 0.060840713994543674, 0.062314612774616536, 0.0553166087620003, 0.05589511796875731, 0.05698840818817924, 0.06332668799446776, 0.06284459829619063, 0.05860862613205245, 0.05648169814457408, 0.05996147107895596, 0.05682233218049445, 0.0559108478602907, 0.05629463096340174, 0.05847876657752544, 0.05753393220161959, 0.05700589341340291, 0.05676157735367063, 0.052900531949289106, 1.685527192682754e-07, 0.0010342348231265244, 0.0031178364484408137, 0.0010342095195766685, 0.0032849219150845417, 0.0, 1.3918070630064574e-07, 0.0032848832582822625, 0.0032848767103889577, 0.001034234822771509, 1.40864270030195e-07, 0.0032849078222774615, 0.0010341917506787497, 8.636715990520204e-08, 7.348765452854482e-08, 0.0031178234325995504, 0.0032849079154660963, 1.40864270030195e-07, 1.888586563901271e-07, 0.001034209514705257], [0.05967311983637073, 0.05405617015383517, 0.060840621051296055, 0.0623145291324373, 0.05531652123785917, 0.05589502225265393, 0.05698832674497618, 0.06332658851254518, 0.0628445065224284, 0.058608537246475356, 0.05648161099159244, 0.0599613878822921, 0.056822245550762776, 0.05591076344353299, 0.05629455369723653, 0.05847868463906188, 0.05753383960811758, 0.05700580797217372, 0.056761487432978965, 0.05290044937626804, 1.1134777867676256e-07, 0.0010342348279858164, 0.003117822190409591, 0.00103420950901041, 0.003284908382505879, 1.3918070630064574e-07, 0.0, 0.003284869725345569, 0.0032848631741664914, 0.0010342348276308013, 2.1713442030067035e-08, 0.003284894290778132, 0.0010341917619683912, 1.5422804730639822e-07, 1.106470590593086e-07, 0.003117809171101757, 0.003284894383967151, 2.1713442030067035e-08, 1.297318503143321e-07, 0.001034209513660911], [0.059656345142724575, 0.05372730859963075, 0.06081813785340535, 0.06195222552813866, 0.05530841243663163, 0.055722558551936925, 0.05686954723375909, 0.06332758990319645, 0.06261640110444675, 0.05858759179302018, 0.05645707488607057, 0.0599214668396929, 0.05658582290919801, 0.05568129518027902, 0.056008289059317026, 0.05832484304338372, 0.057351855979152294, 0.05671641700895854, 0.05671334286499182, 0.05276732830185395, 0.003284915065935005, 0.003117836760337243, 0.00103432261830525, 0.003117825952786642, 9.86854616909013e-08, 0.0032848832582822625, 0.003284869725345569, 0.0, 1.6388869589819066e-07, 0.00311784309502395, 0.0032848821181910427, 1.0005600704569551e-07, 0.0031178411824586507, 0.0032848936091181957, 0.003284876813720826, 0.0010343065359246805, 1.002462503441734e-07, 0.0032848821181910427, 0.003284897371429381, 0.003117818054718966], [0.05965624251456529, 0.05372719578244305, 0.06081804481596033, 0.06195214933061571, 0.05530830396192057, 0.05572247048219902, 0.056869446412253215, 0.06332751032608226, 0.06261629982920881, 0.05858749792240247, 0.05645697813829314, 0.05992137421739947, 0.056585728904155724, 0.0556812036775757, 0.05600819498204386, 0.058324759718812284, 0.057351765856257765, 0.05671633155670082, 0.05671325164022491, 0.05276723807014312, 0.0032849085141731737, 0.0031178358911409213, 0.0010343044366952733, 0.0031178250798702513, 1.4736402552126406e-07, 0.0032848767103889577, 0.0032848631741664914, 1.6388869589819066e-07, 0.0, 0.0031178422257857885, 0.003284875567044136, 1.6829365173771733e-07, 0.0031178403157266755, 0.003284887061837874, 0.003284870265175821, 0.0010342883456379197, 1.6835168694325613e-07, 0.003284875567044136, 0.0032848908188880515, 0.0031178171833303615], [0.059664446935775946, 0.05406210480203523, 0.06079023555114332, 0.06221444650996045, 0.055234129632588023, 0.05579868661624467, 0.056889071331429175, 0.0632646357051365, 0.06275590327708755, 0.05857115799771367, 0.056378929339775764, 0.05982905469377496, 0.05679237564649007, 0.05568509640744808, 0.05625893081847431, 0.058434151355280226, 0.05749083507024899, 0.05689248689219217, 0.056614601883776344, 0.05279993723993639, 0.0010343136665036112, 2.188884206608563e-08, 0.003284943923741556, 1.4703852153848037e-07, 0.0031178823722546817, 0.001034234822771509, 0.0010342348276308013, 0.00311784309502395, 0.0031178422257857885, 0.0, 0.0010342348269421354, 0.0031178808969666715, 1.0840920419530585e-07, 0.001034303504800489, 0.0010342623630510504, 0.0032849265042198565, 0.0031178809951368375, 0.0010342348269421354, 0.0010343136677259729, 1.0409618465291568e-07], [0.05967312347029707, 0.05405617332864015, 0.06084062360578335, 0.06231453370098581, 0.05531652307039153, 0.05589502591799336, 0.05698832745567276, 0.06332659332240242, 0.06284450930493306, 0.05860853635772713, 0.056481614770092406, 0.05996139107857279, 0.05682225047942146, 0.05591076504579533, 0.056294557730249814, 0.05847868782483561, 0.05753384151655671, 0.05700581065169556, 0.05676148860069798, 0.05290045066345551, 1.0904113843132564e-07, 0.0010342348273873678, 0.0031178352473676075, 0.0010342095086029951, 0.0032849207752651778, 1.40864270030195e-07, 2.1713442030067035e-08, 0.0032848821181910427, 0.003284875567044136, 0.0010342348269421354, 0.0, 0.0032849066836535003, 0.0010341917612796967, 1.5574904218240857e-07, 1.1275746202920322e-07, 0.0031178222279902037, 0.0032849067768399467, 0.0, 1.2644227400131383e-07, 0.0010342095139411638], [0.05965637619375906, 0.053727337751478255, 0.06081817543045536, 0.061952271933726474, 0.05530844959458195, 0.05572259677764903, 0.0568695827879184, 0.0633276365764854, 0.06261644425516605, 0.05858763462826643, 0.056457111688135275, 0.0599215141374, 0.05658585485315179, 0.05568133535665625, 0.056008325118279585, 0.05832488549146929, 0.05735189520719686, 0.056716462057230625, 0.0567133874464025, 0.05276737340799899, 0.0032849396303087784, 0.0031178745623951275, 0.0010342866773275072, 0.0031178637553079427, 8.336666724915438e-08, 0.0032849078222774615, 0.003284894290778132, 1.0005600704569551e-07, 1.6829365173771733e-07, 0.0031178808969666715, 0.0032849066836535003, 0.0, 0.0031178789830773232, 0.0032849181724634714, 0.0032849013784599546, 0.0010342706006021352, 1.8518186488286358e-09, 0.0032849066836535003, 0.0032849219354936757, 0.0031178558570259538], [0.05966448140885959, 0.05406215159558118, 0.06079027742887941, 0.06221448871288962, 0.05523418210748415, 0.05579872487185099, 0.056889110445966104, 0.06326467612908984, 0.06275595350182439, 0.05857119885342853, 0.056378974842950916, 0.05982909920814726, 0.056792410883530584, 0.055685134963843023, 0.056258965237837986, 0.05843418624712434, 0.05749087872596119, 0.05689252698955041, 0.05661464548076741, 0.05279998423371511, 0.001034270600812434, 1.1059691207829249e-07, 0.0032849285479003465, 1.812862997636679e-07, 0.003117880460260245, 0.0010341917506787497, 0.0010341917619683912, 0.0031178411824586507, 0.0031178403157266755, 1.0840920419530585e-07, 0.0010341917612796967, 0.0031178789830773232, 0.0, 0.0010342604325149739, 0.0010342192940115949, 0.003284911130153976, 0.00311787908124755, 0.0010341917612796967, 0.0010342706044495031, 1.4906933027049272e-07], [0.05967319661111688, 0.054056266807036485, 0.06084071014399718, 0.062314610956124915, 0.055316612286912814, 0.05589511839941504, 0.05698841472418723, 0.06332668771119251, 0.06284460636679744, 0.058608625364646845, 0.05648169936524239, 0.059961483328923926, 0.05682232660513847, 0.05591086121480693, 0.056294633429000464, 0.05847876311338495, 0.057533926540662784, 0.05700589658010601, 0.05676158242523728, 0.05290053618627948, 1.4541566857054792e-07, 0.0010343035051554805, 0.003117824570116432, 0.0010342782011979273, 0.0032849322660906772, 8.636715990520204e-08, 1.5422804730639822e-07, 0.0032848936091181957, 0.003284887061837874, 0.001034303504800489, 1.5574904218240857e-07, 0.0032849181724634714, 0.0010342604325149739, 0.0, 8.036200614615265e-08, 0.0031178115545901983, 0.003284918265651813, 1.5574904218240857e-07, 1.6381547698650533e-07, 0.0010342781966538384], [0.05967316543261716, 0.054056231389894266, 0.0608406830161168, 0.062314576024899516, 0.05531657478116861, 0.055895087473048694, 0.05698837958687504, 0.06332665613305057, 0.06284456401705113, 0.058608585927491866, 0.05648166866194236, 0.059961442683681115, 0.05682229982596436, 0.0559108219697332, 0.056294597065429726, 0.05847873300897303, 0.057533895296612896, 0.05700585688484112, 0.05676154278315124, 0.052900497738223286, 1.3305075478593932e-07, 0.001034262363406056, 0.0031178205230389822, 0.001034237056249844, 0.0032849154707014117, 7.348765452854482e-08, 1.106470590593086e-07, 0.003284876813720826, 0.003284870265175821, 0.0010342623630510504, 1.1275746202920322e-07, 0.0032849013784599546, 0.0010342192940115949, 8.036200614615265e-08, 0.0, 0.0031178075056417973, 0.0032849014716487723, 1.1275746202920322e-07, 1.5411883650424093e-07, 0.0010342370531468848], [0.0596649912228255, 0.053721309188548366, 0.06086848812943777, 0.06205272693101519, 0.05539065586712381, 0.055819034712621785, 0.05696881222537178, 0.06338949455673525, 0.06270517764073871, 0.05862493299408679, 0.056559597563997505, 0.06005357901427311, 0.056615791346869275, 0.05590697768209988, 0.05604405112902623, 0.05836944760728643, 0.05739494910117376, 0.0568300801369716, 0.05685996770778281, 0.05286787754223282, 0.003117830786950162, 0.003284920491748804, 1.205904446034377e-07, 0.0032849022605788663, 0.0010343109068262594, 0.0031178234325995504, 0.003117809171101757, 0.0010343065359246805, 0.0010342883456379197, 0.0032849265042198565, 0.0031178222279902037, 0.0010342706006021352, 0.003284911130153976, 0.0031178115545901983, 0.0031178075056417973, 0.0, 0.001034270600622128, 0.0031178222279902037, 0.0031178121433478824, 0.0032848947657727265], [0.05965637645710811, 0.053727337768821305, 0.0608181755634078, 0.06195227211429262, 0.055308449543933345, 0.055722597150880016, 0.05686958289649055, 0.06332763678324678, 0.06261644439380111, 0.05858763462623324, 0.05645711190936678, 0.059921514479100706, 0.056585854970711995, 0.0556813356185087, 0.056008325437255514, 0.058324885721683074, 0.05735189523873453, 0.05671646204726541, 0.056713387580800155, 0.05276737361656293, 0.0032849397235089057, 0.0031178746605638363, 0.0010342866773275072, 0.003117863853502353, 8.37121886541711e-08, 0.0032849079154660963, 0.003284894383967151, 1.002462503441734e-07, 1.6835168694325613e-07, 0.0031178809951368375, 0.0032849067768399467, 1.8518186488286358e-09, 0.00311787908124755, 0.003284918265651813, 0.0032849014716487723, 0.001034270600622128, 0.0, 0.0032849067768399467, 0.003284922028694305, 0.0031178559552206123], [0.05967312347029707, 0.05405617332864015, 0.06084062360578335, 0.06231453370098581, 0.05531652307039153, 0.05589502591799336, 0.05698832745567276, 0.06332659332240242, 0.06284450930493306, 0.05860853635772713, 0.056481614770092406, 0.05996139107857279, 0.05682225047942146, 0.05591076504579533, 0.056294557730249814, 0.05847868782483561, 0.05753384151655671, 0.05700581065169556, 0.05676148860069798, 0.05290045066345551, 1.0904113843132564e-07, 0.0010342348273873678, 0.0031178352473676075, 0.0010342095086029951, 0.0032849207752651778, 1.40864270030195e-07, 2.1713442030067035e-08, 0.0032848821181910427, 0.003284875567044136, 0.0010342348269421354, 0.0, 0.0032849066836535003, 0.0010341917612796967, 1.5574904218240857e-07, 1.1275746202920322e-07, 0.0031178222279902037, 0.0032849067768399467, 0.0, 1.2644227400131383e-07, 0.0010342095139411638], [0.059673115393182784, 0.054056167235235375, 0.06084062455157129, 0.06231453248929661, 0.055316522677236434, 0.05589502642106811, 0.05698833765494365, 0.06332659796559378, 0.06284451544708262, 0.05860853739274404, 0.056481616505485846, 0.05996139265652519, 0.056822248710315736, 0.055910786052991684, 0.05629456095844188, 0.05847868305299854, 0.05753384464789019, 0.05700582242935837, 0.05676150701617739, 0.052900453805205264, 5.498243980718651e-08, 0.0010343136672981731, 0.0031178251634299786, 0.0010342883484573276, 0.0032849360266008674, 1.888586563901271e-07, 1.297318503143321e-07, 0.003284897371429381, 0.0032848908188880515, 0.0010343136677259729, 1.2644227400131383e-07, 0.0032849219354936757, 0.0010342706044495031, 1.6381547698650533e-07, 1.5411883650424093e-07, 0.0031178121433478824, 0.003284922028694305, 1.2644227400131383e-07, 0.0, 0.0010342883529826526], [0.059664380407796494, 0.054062052106722096, 0.060790182445083475, 0.06221439011574243, 0.05523407796220443, 0.05579863763153859, 0.05688901651490212, 0.06326458630293987, 0.0627558434298848, 0.058571103417680605, 0.056378871447422145, 0.05982899275945345, 0.05679231563129859, 0.055685044089998345, 0.05625886215503588, 0.05843408828441874, 0.057490781995193266, 0.05689242944866025, 0.056614548331306094, 0.052799881736634295, 0.001034288351036141, 1.0711022198940373e-07, 0.0032849121878095622, 1.2130657525085168e-07, 0.003117857332152345, 0.001034209514705257, 0.001034209513660911, 0.003117818054718966, 0.0031178171833303615, 1.0409618465291568e-07, 0.0010342095139411638, 0.0031178558570259538, 1.4906933027049272e-07, 0.0010342781966538384, 0.0010342370531468848, 0.0032848947657727265, 0.0031178559552206123, 0.0010342095139411638, 0.0010342883529826526, 0.0]], "Angle": [[0.0, 0.052735001428202546, 0.07141958227389603, 0.07603803895827276, 0.08253318186481837, 0.08633760989166543, 0.06788212239745554, 0.0948186404367618, 0.08298099075539479, 0.09167917960012155, 0.07743826357659245, 0.06495455649664686, 0.044998055927347076, 0.0843185460422805, 0.06102393965211911, 0.06987552163503541, 0.07486274626698672, 0.06409120167774532, 0.06695963802933504, 0.0786476858119197, 0.10985231137043379, 0.10985242312572806, 0.10939783005426498, 0.1098522973857775, 0.1093978474398937, 0.10985233040729414, 0.10985232178024867, 0.10939793709320127, 0.10939781176931541, 0.10985242931662205, 0.10985230426879806, 0.10939788365412827, 0.10985234053039537, 0.10985235657899102, 0.10985230754424813, 0.10939780978033338, 0.10939788465786876, 0.10985230426879806, 0.10985229071300832, 0.10985239481394174], [0.052735001428202546, 0.0, 0.06344358071161323, 0.06751084520844298, 0.06225209399435715, 0.07745120235816091, 0.05233660207191601, 0.087370254311483, 0.062268434934017854, 0.07035097651473918, 0.06341559606675953, 0.04933064812182554, 0.05445919104726318, 0.06142363899133491, 0.050984809295325326, 0.06631571023310569, 0.05569313393410739, 0.03771378540239916, 0.04390356023546618, 0.05135025444311478, 0.10433905888711001, 0.10433915345420355, 0.09532500289450334, 0.1043390400466916, 0.09532502203739501, 0.10433907300280588, 0.10433906406911593, 0.09532511478738799, 0.09532498000759336, 0.10433915110869806, 0.10433904539684703, 0.09532505615398826, 0.10433907916067663, 0.10433909978384992, 0.10433905765103205, 0.09532498010576064, 0.09532505668867672, 0.10433904539684703, 0.10433903363176783, 0.10433912674420573], [0.07141958227389603, 0.06344358071161323, 0.0, 0.05223723143770339, 0.04568884115346978, 0.045944034254532105, 0.05858223761563245, 0.050259740904123655, 0.074459802809497, 0.07829928736433736, 0.04593580443649071, 0.05471410720882703, 0.05033773780437752, 0.06089483082733085, 0.07058914893969996, 0.07127457745783623, 0.059977720766759855, 0.0674973328716168, 0.0664366791561561, 0.06625985674267486, 0.09156991667172905, 0.09157002508618578, 0.09714410955795981, 0.09156989689313248, 0.09714412313315282, 0.0915699258659759, 0.09156990079387944, 0.09714421405149647, 0.0971441001238707, 0.09157001475997344, 0.09156989551207083, 0.09714415440686541, 0.09156991816980044, 0.09156994314867836, 0.09156988876984824, 0.09714410137588823, 0.09714415399438801, 0.09156989551207083, 0.09156988510486717, 0.09157000288470388], [0.07603803895827276, 0.06751084520844298, 0.05223723143770339, 0.0, 0.05811488698624081, 0.06443664784045036, 0.07782369254974128, 0.06383977743141916, 0.07572373017177834, 0.10278803542746845, 0.04362866296141978, 0.059526798609755634, 0.054106086832172676, 0.0915575977693843, 0.06205121282474317, 0.06788737554965485, 0.043456867973042, 0.07040397147845215, 0.07917889874079174, 0.07144279318674619, 0.09605983446581133, 0.0960599430147113, 0.089398713268828, 0.09605982296026869, 0.0893987240383635, 0.09605983388636319, 0.09605982223749825, 0.08939881215010916, 0.08939869912728907, 0.09605993288464222, 0.09605983255633062, 0.08939875294506734, 0.0960598504346508, 0.09605983768762145, 0.09605980879191939, 0.089398702809903, 0.08939875146545992, 0.09605983255633062, 0.09605981862566884, 0.09605989827100977], [0.08253318186481837, 0.06225209399435715, 0.04568884115346978, 0.05811488698624081, 0.0, 0.07083832125613575, 0.06042786456473095, 0.05681328146742984, 0.08039415538050847, 0.09132414966853664, 0.03811259207420965, 0.06128155395348559, 0.0588394225720484, 0.07496267462188942, 0.0723600626195826, 0.07863774800836536, 0.06350347666215546, 0.0672249246114738, 0.08016460921019272, 0.06917100517039282, 0.09062855952000984, 0.0906286668965282, 0.08684365934395705, 0.09062853267889667, 0.08684369009058948, 0.09062856970438499, 0.09062854041969687, 0.08684377325109226, 0.08684365607027683, 0.09062865780987238, 0.09062853532262488, 0.08684371781110564, 0.09062857299296995, 0.09062858304663458, 0.09062854582483654, 0.08684365870782822, 0.08684371726810228, 0.09062853532262488, 0.0906285263905552, 0.09062864434984119], [0.08633760989166543, 0.07745120235816091, 0.045944034254532105, 0.06443664784045036, 0.07083832125613575, 0.0, 0.08690638569747493, 0.04648637067099346, 0.0953500316728248, 0.09954930410090718, 0.0668917876705289, 0.07457212553659387, 0.05912472154902785, 0.07718542735919681, 0.08433459724581804, 0.09770295433835373, 0.07908543728042276, 0.08809954357582986, 0.0767023210916596, 0.09705340587080304, 0.08918848846811016, 0.08918861392946063, 0.1002369614392503, 0.08918848011140446, 0.1002369897167609, 0.08918849117941272, 0.08918846739164839, 0.10023708179956863, 0.10023695704260648, 0.08918860418419303, 0.08918847844306453, 0.10023701615971292, 0.08918850726091604, 0.08918852216529706, 0.08918846720273647, 0.10023695926434682, 0.10023701512155185, 0.08918847844306453, 0.08918847364761413, 0.08918858751640536], [0.06788212239745554, 0.05233660207191601, 0.05858223761563245, 0.07782369254974128, 0.06042786456473095, 0.08690638569747493, 0.0, 0.08991376308977972, 0.05593507296733077, 0.058253571296468735, 0.07544734466978456, 0.04801594177770583, 0.06705002254576924, 0.049388005151931015, 0.06455003964057754, 0.06768036336219406, 0.06411693267633313, 0.0552609417077887, 0.04972580315392089, 0.04767389286218013, 0.08945705579539802, 0.08945712941265681, 0.09736674015138375, 0.08945703076995172, 0.09736672743744919, 0.0894570743709832, 0.08945705395147538, 0.09736680266100739, 0.09736672794794735, 0.08945712727957904, 0.08945703412681834, 0.09736675051875712, 0.08945706918937296, 0.08945708753804843, 0.08945704015699195, 0.09736672868670634, 0.09736675097864393, 0.08945703412681834, 0.08945701483816557, 0.08945710464741792], [0.0948186404367618, 0.087370254311483, 0.050259740904123655, 0.06383977743141916, 0.05681328146742984, 0.04648637067099346, 0.089913763