{"Bond": [[0.0, 0.01359590201905339, 0.037910896993747084, 0.015289279093639996, 0.006946733017953919, 0.0157900351823388, 0.011784265992729834, 0.009566686300258698, 0.015850375380727096, 0.01702575142251786, 0.016702596566006724, 0.010247738958602988, 0.01420317955478104, 0.01152510733328056, 0.020369661077641786, 0.009766198451497536, 0.009659939909319896, 0.020595620763017145, 0.011629207910080663, 0.03224324042656763, 0.04465133934427521, 0.044655163568562965, 0.04465126042153049, 0.04465134445823718, 0.04465128862778777, 0.04465139086441655, 0.044655130423517306, 0.044651294238615434, 0.04465139086441655, 0.04465128319980817, 0.04465522997605406, 0.04465516607391639, 0.04465517539520792, 0.04465523410466948, 0.04465516607391639, 0.044655180771586284, 0.04465516607391639, 0.0446512543050203, 0.04465147053573319, 0.04465139086441655], [0.01359590201905339, 0.0, 0.045878709805161726, 0.020011478887408417, 0.013917307517069625, 0.018290133194511986, 0.014062572497507714, 0.012316291569299354, 0.024320214412609214, 0.015448197303084553, 0.01866096381288384, 0.011673067839462276, 0.015386813900210117, 0.01580701508443305, 0.021765018345850977, 0.01314206931911818, 0.016055451437501627, 0.021972522565913904, 0.013330472211890997, 0.040017165144433334, 0.04740549189848722, 0.047416229696294485, 0.04740540904622195, 0.047405496399976946, 0.047405442820477435, 0.047405545307154344, 0.04741616753278296, 0.04740544760381626, 0.047405545307154344, 0.047405416737184645, 0.047416295452210176, 0.04741622013089062, 0.04741624306021097, 0.04741629200289178, 0.04741622013089062, 0.04741623817397888, 0.04741622013089062, 0.04740540030013129, 0.04740562225481308, 0.047405545307154344], [0.037910896993747084, 0.045878709805161726, 0.0, 0.03483336425131002, 0.03675403787985133, 0.037083994431160255, 0.03818000433014717, 0.0375129995833862, 0.02629323809155761, 0.04365238157439107, 0.031237194540290447, 0.036249697506195395, 0.040047440416937745, 0.03517767585393978, 0.03544629215946423, 0.03440575381929222, 0.036300005333918486, 0.03317529345725203, 0.03947754500919614, 0.015050706849521985, 0.06475608116536662, 0.06477255481038303, 0.06475601780530457, 0.06475606992268577, 0.06475606859174003, 0.06475611194446709, 0.06477250435852898, 0.06475604047545583, 0.06475611194446709, 0.06475603098740396, 0.0647725627052496, 0.06477254211219323, 0.06477255392994684, 0.0647725662199876, 0.06477254211219323, 0.06477250767081381, 0.06477254211219323, 0.06475603906943667, 0.06475615280335358, 0.06475611194446709], [0.015289279093639996, 0.020011478887408417, 0.03483336425131002, 0.0, 0.014858216980454243, 0.018405058199971923, 0.015609454508412706, 0.014044950585075999, 0.01881793299575435, 0.013032420652429266, 0.015660659047305944, 0.015110286468890488, 0.010725465498275922, 0.010418631259483486, 0.010150419868625409, 0.011122496400889357, 0.011932113723291303, 0.012125092862709578, 0.01698486596546884, 0.02867742205412746, 0.04541193790284009, 0.04539038768734892, 0.045411857163094725, 0.04541193203635232, 0.04541189628345156, 0.04541198513303653, 0.04539033954989549, 0.04541188422394935, 0.04541198513303653, 0.045411878863824216, 0.045390447900430474, 0.04539037742451967, 0.045390395313886354, 0.045390443984093934, 0.04539037742451967, 0.04539038993098944, 0.04539037742451967, 0.045411861606485256, 0.04541205300258903, 0.04541198513303653], [0.006946733017953919, 0.013917307517069625, 0.03675403787985133, 0.014858216980454243, 0.0, 0.016570049176614667, 0.010760681392102187, 0.008758645681768422, 0.013665655400054969, 0.018307303888005395, 0.01635938454624057, 0.010701963021589914, 0.016687628633139644, 0.008694952947124301, 0.021203771863255293, 0.00974568669787621, 0.011188772115760732, 0.01997244997037335, 0.010447660557307515, 0.03181355037779307, 0.045631712656177804, 0.045655795882752835, 0.04563163043771728, 0.045631715888381094, 0.04563166016164939, 0.04563176473193291, 0.04565576031127355, 0.04563166543124301, 0.04563176473193291, 0.045631653700170534, 0.04565587178955042, 0.04565579747966298, 0.04565580987288223, 0.045655871269793515, 0.04565579747966298, 0.04565582016885236, 0.04565579747966298, 0.04563162540351458, 0.045631840437865306, 0.04563176473193291], [0.0157900351823388, 0.018290133194511986, 0.037083994431160255, 0.018405058199971923, 0.016570049176614667, 0.0, 0.012418891406872927, 0.01780452892830004, 0.01691825215536211, 0.022650424013236272, 0.013625151956638049, 0.01516425225116749, 0.018531009969744255, 0.017093278862332764, 0.018515324022109238, 0.014749489174511389, 0.009776193221705747, 0.016565501719911578, 0.017769122976698467, 0.030788812508362674, 0.048673560995819286, 0.04864373125227561, 0.04867347686975143, 0.04867354346709362, 0.04867353557624911, 0.048673604758485055, 0.04864365346794139, 0.04867349899069587, 0.048673604758485055, 0.048673492524088785, 0.04864377444271351, 0.048643701474513266, 0.04864373146583636, 0.04864376291856436, 0.048643701474513266, 0.048643703279909384, 0.048643701474513266, 0.04867349708357263, 0.04867365667410202, 0.048673604758485055], [0.011784265992729834, 0.014062572497507714, 0.03818000433014717, 0.015609454508412706, 0.010760681392102187, 0.012418891406872927, 0.0, 0.011816200492627398, 0.01571722416576679, 0.020209620987494875, 0.01670078639663348, 0.008447218472821124, 0.015503214857501271, 0.009129157126362746, 0.019533616372607893, 0.012138896196982444, 0.010979238901897816, 0.01729250046613306, 0.012972015681548576, 0.031741306605765296, 0.051709569583182936, 0.05171760742072583, 0.05170948620253492, 0.05170955845686571, 0.05170953244421046, 0.05170961855420878, 0.05171755261603042, 0.051709506781689944, 0.05170961855420878, 0.05170950930024901, 0.0517176783368992, 0.051717590835745696, 0.05171761631682786, 0.05171766587637297, 0.051717590835745696, 0.05171761384941065, 0.051717590835745696, 0.051709497049294624, 0.05170968358080175, 0.05170961855420878], [0.009566686300258698, 0.012316291569299354, 0.0375129995833862, 0.014044950585075999, 0.008758645681768422, 0.01780452892830004, 0.011816200492627398, 0.0, 0.016964416701153763, 0.014149897296446334, 0.01779074995452484, 0.009456007044330705, 0.014167349911670136, 0.011108430164340787, 0.01813065800116752, 0.009278617874036492, 0.013347347198319096, 0.01679282975200359, 0.00800617665323398, 0.03281764141685031, 0.04480817052992085, 0.04484893243090786, 0.04480808965492006, 0.04480817122656337, 0.044808131444366635, 0.04480822151042918, 0.044848880459992725, 0.04480812244268117, 0.04480822151042918, 0.0448081052753077, 0.04484898755423017, 0.04484892579316653, 0.04484894282145808, 0.04484898766619723, 0.04484892579316653, 0.04484892875078421, 0.04484892579316653, 0.04480809258358054, 0.04480829574887575, 0.04480822151042918], [0.015850375380727096, 0.024320214412609214, 0.02629323809155761, 0.01881793299575435, 0.013665655400054969, 0.01691825215536211, 0.01571722416576679, 0.016964416701153763, 0.0, 0.02604125352400978, 0.017001867454899643, 0.016707037674928087, 0.023672799836025497, 0.015009737369672756, 0.023863212289324108, 0.015777771091918257, 0.014671072712690384, 0.018609200874161565, 0.018229965747084263, 0.021749465437474004, 0.05059762014703996, 0.05062422215695574, 0.05059754320412225, 0.05059761200948943, 0.05059758479834189, 0.05059766389250397, 0.050624181926636154, 0.050597567254717694, 0.05059766389250397, 0.05059756767445938, 0.05062428000012312, 0.05062421576786243, 0.050624231127992095, 0.05062427574306705, 0.05062421576786243, 0.050624223036572734, 0.05062421576786243, 0.05059755360486013, 0.050597722111536333, 0.05059766389250397], [0.01702575142251786, 0.015448197303084553, 0.04365238157439107, 0.013032420652429266, 0.018307303888005395, 0.022650424013236272, 0.020209620987494875, 0.014149897296446334, 0.02604125352400978, 0.0, 0.02021784300619185, 0.017441356036440772, 0.011416834409286293, 0.017111836113455046, 0.014954116986977658, 0.013891305264873234, 0.016726217523264662, 0.0166208741589449, 0.017547802828521704, 0.037197381746047496, 0.04083199920174849, 0.04082178306953517, 0.04083192134262687, 0.040832004819562694, 0.04083195070800037, 0.0408320500819705, 0.04082172965200958, 0.04083195777318492, 0.0408320500819705, 0.04083193003949888, 0.04082184060508378, 0.04082177774231334, 0.04082179591097716, 0.04082184179072758, 0.04082177774231334, 0.04082178733755486, 0.04082177774231334, 0.04083191052984039, 0.040832128924503996, 0.0408320500819705], [0.016702596566006724, 0.01866096381288384, 0.031237194540290447, 0.015660659047305944, 0.01635938454624057, 0.013625151956638049, 0.01670078639663348, 0.01779074995452484, 0.017001867454899643, 0.02021784300619185, 0.0, 0.013776112627829948, 0.016012269189526265, 0.014660710810916988, 0.014739679500733469, 0.010400693112195537, 0.013257916553707453, 0.015850917346729974, 0.01973953326464328, 0.02558243663064756, 0.04998319318160194, 0.04995203628471386, 0.04998311156938422, 0.049983186832797566, 0.04998315702968103, 0.04998323787230569, 0.049951961523749394, 0.04998314623267922, 0.04998323787230569, 0.049983117660790444, 0.04995207739365337, 0.049952016068062016, 0.04995204160413145, 0.04995207273277384, 0.049952016068062016, 0.04995201400594448, 0.049952016068062016, 0.04998311563808863, 0.04998329774090009, 0.04998323787230569], [0.010247738958602988, 0.011673067839462276, 0.036249697506195395, 0.015110286468890488, 0.010701963021589914, 0.01516425225116749, 0.008447218472821124, 0.009456007044330705, 0.016707037674928087, 0.017441356036440772, 0.013776112627829948, 0.0, 0.012060278030135232, 0.0093411592332924, 0.017557319866107115, 0.009053557855434222, 0.012168913883824753, 0.01732005246362046, 0.010878256449239574, 0.031211431992349166, 0.051915391362994626, 0.0519235137921229, 0.0519153096408448, 0.05191539171892536, 0.051915349245859034, 0.05191544202011508, 0.051923458243625424, 0.051915343556367524, 0.05191544202011508, 0.05191532372445685, 0.05192356885044845, 0.051923504998064536, 0.051923523391463014, 0.05192356852386055, 0.051923504998064536, 0.05192351017107942, 0.051923504998064536, 0.05191530966874579, 0.051915516542179144, 0.05191544202011508], [0.01420317955478104, 0.015386813900210117, 0.040047440416937745, 0.010725465498275922, 0.016687628633139644, 0.018531009969744255, 0.015503214857501271, 0.014167349911670136, 0.023672799836025497, 0.011416834409286293, 0.016012269189526265, 0.012060278030135232, 0.0, 0.012976100618905759, 0.01087872832170081, 0.011979510241364906, 0.013817983469827476, 0.01678113708891676, 0.016623338461711996, 0.033793367294966375, 0.04757215107628256, 0.047535465198192114, 0.04757207177124203, 0.0475721509225006, 0.047572108978694294, 0.04757220007198611, 0.04753540812339937, 0.04757210367910218, 0.04757220007198611, 0.04757208452454126, 0.04753551488304809, 0.047535453532783156, 0.04753547216854765, 0.04753551525556898, 0.047535453532783156, 0.04753545777512019, 0.047535453532783156, 0.04757206991187873, 0.047572276352361054, 0.04757220007198611], [0.01152510733328056, 0.01580701508443305, 0.03517767585393978, 0.010418631259483486, 0.008694952947124301, 0.017093278862332764, 0.009129157126362746, 0.011108430164340787, 0.015009737369672756, 0.017111836113455046, 0.014660710810916988, 0.0093411592332924, 0.012976100618905759, 0.0, 0.01692749721940413, 0.00966934449829315, 0.011918673401133168, 0.01633532165230824, 0.013966544773482125, 0.02895693522939539, 0.04973552117553081, 0.049741007103307214, 0.04973543944984448, 0.04973551681014392, 0.04973547405147087, 0.049735570929217036, 0.04974096416999515, 0.04973546589056403, 0.049735570929217036, 0.04973546233092321, 0.04974108492514812, 0.04974100025743763, 0.04974102018132342, 0.049741076454979834, 0.04974100025743763, 0.04974102777652717, 0.04974100025743763, 0.049735439689699054, 0.04973564199380676, 0.049735570929217036], [0.020369661077641786, 0.021765018345850977, 0.03544629215946423, 0.010150419868625409, 0.021203771863255293, 0.018515324022109238, 0.019533616372607893, 0.01813065800116752, 0.023863212289324108, 0.014954116986977658, 0.014739679500733469, 0.017557319866107115, 0.01087872832170081, 0.01692749721940413, 0.0, 0.014172015687313416, 0.01629025673315351, 0.011698314225180625, 0.021106877814758482, 0.029550063041312014, 0.04711474703123833, 0.04707174867412329, 0.04711466718059498, 0.047114733603238264, 0.04711472448591906, 0.047114789314444176, 0.04707166621045422, 0.04711469239957279, 0.047114789314444176, 0.04711467460315834, 0.04707177541712102, 0.04707171902738856, 0.047071747710782125, 0.0470717689829068, 0.04707171902738856, 0.04707170590364175, 0.04707171902738856, 0.04711468354166681, 0.0471148465569648, 0.047114789314444176], [0.009766198451497536, 0.01314206931911818, 0.03440575381929222, 0.011122496400889357, 0.00974568669787621, 0.014749489174511389, 0.012138896196982444, 0.009278617874036492, 0.015777771091918257, 0.013891305264873234, 0.010400693112195537, 0.009053557855434222, 0.011979510241364906, 0.00966934449829315, 0.014172015687313416, 0.0, 0.009636039599746418, 0.014542245726356356, 0.013512826637847414, 0.028414171793426486, 0.04590165615062045, 0.045901951307249715, 0.04590157453657772, 0.04590165426928884, 0.04590161436154981, 0.045901705350128, 0.04590189332835704, 0.04590160746832926, 0.045901705350128, 0.04590158819618299, 0.04590200752156565, 0.04590194026211134, 0.0459019606817572, 0.04590200476833902, 0.04590194026211134, 0.045901948262620444, 0.04590194026211134, 0.04590157529929644, 0.04590177500119941, 0.045901705350128], [0.009659939909319896, 0.016055451437501627, 0.036300005333918486, 0.011932113723291303, 0.011188772115760732, 0.009776193221705747, 0.010979238901897816, 0.013347347198319096, 0.014671072712690384, 0.016726217523264662, 0.013257916553707453, 0.012168913883824753, 0.013817983469827476, 0.011918673401133168, 0.01629025673315351, 0.009636039599746418, 0.0, 0.014856406711500103, 0.013834063777340162, 0.029942360212941426, 0.045721357832507255, 0.04569549324276378, 0.04572127491106592, 0.04572135369520341, 0.04572131316422144, 0.04572140667974314, 0.045695445138601506, 0.045721305307112, 0.04572140667974314, 0.04572129776504311, 0.04569555386069228, 0.04569548428565544, 0.04569550032448222, 0.04569555257385703, 0.04569548428565544, 0.04569549679547572, 0.04569548428565544, 0.04572127791090369, 0.045721474813040335, 0.04572140667974314], [0.020595620763017145, 0.021972522565913904, 0.03317529345725203, 0.012125092862709578, 0.01997244997037335, 0.016565501719911578, 0.01729250046613306, 0.01679282975200359, 0.018609200874161565, 0.0166208741589449, 0.015850917346729974, 0.01732005246362046, 0.01678113708891676, 0.01633532165230824, 0.011698314225180625, 0.014542245726356356, 0.014856406711500103, 0.0, 0.01943022766413913, 0.026657504139850453, 0.04827275900900044, 0.0482687654443609, 0.04827267921114263, 0.04827274124123607, 0.048272737866334646, 0.048272800876069936, 0.04826868868485342, 0.04827269846745508, 0.048272800876069936, 0.04827269108537638, 0.048268804680665786, 0.04826873735976921, 0.04826876870285591, 0.04826879226868346, 0.04826873735976921, 0.04826873294666695, 0.04826873735976921, 0.04827269933525981, 0.048272851636631184, 0.048272800876069936], [0.011629207910080663, 0.013330472211890997, 0.03947754500919614, 0.01698486596546884, 0.010447660557307515, 0.017769122976698467, 0.012972015681548576, 0.00800617665323398, 0.018229965747084263, 0.017547802828521704, 0.01973953326464328, 0.010878256449239574, 0.016623338461711996, 0.013966544773482125, 0.021106877814758482, 0.013512826637847414, 0.013834063777340162, 0.01943022766413913, 0.0, 0.03670519939177841, 0.04746045267600278, 0.04749396507862532, 0.04746036872186742, 0.04746046236756495, 0.047460405099385844, 0.047460506372538735, 0.04749391830154547, 0.04746041504080415, 0.047460506372538735, 0.04746038459444372, 0.04749401328231184, 0.047493967017767605, 0.04749397411001447, 0.04749402511431593, 0.047493967017767605, 0.04749396058641776, 0.047493967017767605, 0.04746036472928855, 0.047460586516419524, 0.047460506372538735], [0.03224324042656763, 0.040017165144433334, 0.015050706849521985, 0.02867742205412746, 0.03181355037779307, 0.030788812508362674, 0.031741306605765296, 0.03281764141685031, 0.021749465437474004, 0.037197381746047496, 0.02558243663064756, 0.031211431992349166, 0.033793367294966375, 0.02895693522939539, 0.029550063041312014, 0.028414171793426486, 0.029942360212941426, 0.026657504139850453, 0.03670519939177841, 0.0, 0.059388980137481354, 0.059386870346936946, 0.05938891760371425, 0.05938895606135251, 0.05938896935847062, 0.059389009811011056, 0.05938681846924276, 0.05938892048020611, 0.059389009811011056, 0.05938893606195631, 0.059386906221624486, 0.05938684710666464, 0.05938687346423097, 0.059386890287965774, 0.05938684710666464, 0.05938684437133735, 0.05938684710666464, 0.05938894336262754, 0.05938904533490832, 0.059389009811011056], [0.04465133934427521, 0.04740549189848722, 0.06475608116536662, 0.04541193790284009, 0.045631712656177804, 0.048673560995819286, 0.051709569583182936, 0.04480817052992085, 0.05059762014703996, 0.04083199920174849, 0.04998319318160194, 0.051915391362994626, 0.04757215107628256, 0.04973552117553081, 0.04711474703123833, 0.04590165615062045, 0.045721357832507255, 0.04827275900900044, 0.04746045267600278, 0.059388980137481354, 0.0, 0.0002849202524617328, 9.261636107965627e-08, 1.0886320632525685e-07, 1.3908537229454602e-07, 6.195409111133295e-08, 0.0002849367178142901, 1.302480180371783e-07, 6.195409111133295e-08, 1.1797985536041994e-07, 0.00028493665408693393, 0.00028493672221443464, 0.0002849367177150237, 0.00028493167750563464, 0.00028493672221443464, 0.00028493167981677003, 0.00028493672221443464, 1.5371975474509649e-07, 1.8218403753819816e-07, 6.195409111133295e-08], [0.044655163568562965, 0.047416229696294485, 0.06477255481038303, 0.04539038768734892, 0.045655795882752835, 0.04864373125227561, 0.05171760742072583, 0.04484893243090786, 0.05062422215695574, 0.04082178306953517, 0.04995203628471386, 0.0519235137921229, 0.047535465198192114, 0.049741007103307214, 0.04707174867412329, 0.045901951307249715, 0.04569549324276378, 0.0482687654443609, 0.04749396507862532, 0.059386870346936946, 0.0002849202524617328, 0.0, 0.0002849152700492659, 0.0002849153288954204, 0.0002849036808856217, 0.00028491531920974577, 1.9749161972326068e-07, 0.00028492027181095507, 0.00028491531920974577, 0.0002849153283155791, 2.0999853014791627e-07, 1.322119323781541e-07, 5.6877454111478634e-08, 1.9386194595858799e-07, 1.322119323781541e-07, 2.479849751232914e-07, 1.322119323781541e-07, 0.00028490370065522604, 0.00028491543065866124, 0.00028491531920974577], [0.04465126042153049, 0.04740540904622195, 0.06475601780530457, 0.045411857163094725, 0.04563163043771728, 0.04867347686975143, 0.05170948620253492, 0.04480808965492006, 0.05059754320412225, 0.04083192134262687, 0.04998311156938422, 0.0519153096408448, 0.04757207177124203, 0.04973543944984448, 0.04711466718059498, 0.04590157453657772, 0.04572127491106592, 0.04827267921114263, 0.04746036872186742, 0.05938891760371425, 9.261636107965627e-08, 0.0002849152700492659, 0.0, 1.4022993971029935e-07, 1.4242772140958395e-07, 1.468316531151378e-07, 0.0002849317090762046, 1.3047764398816162e-07, 1.468316531151378e-07, 8.539563306854872e-08, 0.0002849316872313808, 0.0002849317329116437, 0.0002849317358681972, 0.0002849267097755796, 0.0002849317329116437, 0.0002849266919449336, 0.0002849317329116437, 1.2850320923953513e-07, 2.476388300892456e-07, 1.468316531151378e-07], [0.04465134445823718, 0.047405496399976946, 0.06475606992268577, 0.04541193203635232, 0.045631715888381094, 0.04867354346709362, 0.05170955845686571, 0.04480817122656337, 0.05059761200948943, 0.040832004819562694, 0.049983186832797566, 0.05191539171892536, 0.0475721509225006, 0.04973551681014392, 0.047114733603238264, 0.04590165426928884, 0.04572135369520341, 0.04827274124123607, 0.04746046236756495, 0.05938895606135251, 1.0886320632525685e-07, 0.0002849153288954204, 1.4022993971029935e-07, 0.0, 2.3233497000268617e-07, 9.717105678086825e-08, 0.0002849317538897305, 6.221976677826595e-08, 9.717105678086825e-08, 1.650162560986473e-07, 0.000284931733650331, 0.0002849317542388663, 0.0002849317856026079, 0.00028492671791640565, 0.0002849317542388663, 0.0002849267264528182, 0.0002849317542388663, 2.445114076132532e-07, 1.349704386289104e-07, 9.717105678086825e-08], [0.04465128862778777, 0.047405442820477435, 0.06475606859174003, 0.04541189628345156, 0.04563166016164939, 0.04867353557624911, 0.05170953244421046, 0.044808131444366635, 0.05059758479834189, 0.04083195070800037, 0.04998315702968103, 0.051915349245859034, 0.047572108978694294, 0.04973547405147087, 0.04711472448591906, 0.04590161436154981, 0.04572131316422144, 0.048272737866334646, 0.047460405099385844, 0.05938896935847062, 1.3908537229454602e-07, 0.0002849036808856217, 1.4242772140958395e-07, 2.3233497000268617e-07, 0.0, 1.882788888608413e-07, 0.00028492020437901537, 2.2771811793937037e-07, 1.882788888608413e-07, 1.8076714238983268e-07, 0.0002849201411793968, 0.0002849202032014066, 0.00028492016721586727, 0.0002849151910454062, 0.0002849202032014066, 0.0002849151977279451, 0.0002849202032014066, 5.965150013110037e-08, 3.0496571058847885e-07, 1.882788888608413e-07], [0.04465139086441655, 0.047405545307154344, 0.06475611194446709, 0.04541198513303653, 0.04563176473193291, 0.048673604758485055, 0.05170961855420878, 0.04480822151042918, 0.05059766389250397, 0.0408320500819705, 0.04998323787230569, 0.05191544202011508, 0.04757220007198611, 0.049735570929217036, 0.047114789314444176, 0.045901705350128, 0.04572140667974314, 0.048272800876069936, 0.047460506372538735, 0.059389009811011056, 6.195409111133295e-08, 0.00028491531920974577, 1.468316531151378e-07, 9.717105678086825e-08, 1.882788888608413e-07, 0.0, 0.00028493178168198475, 1.4253898758221885e-07, 0.0, 1.56872274751676e-07, 0.00028493170257970593, 0.0002849317783561039, 0.000284931779382312, 0.0002849267177777037, 0.0002849317783561039, 0.00028492672977840715, 0.0002849317783561039, 2.0942792452484928e-07, 1.2586217815938074e-07, 0.0], [0.044655130423517306, 0.04741616753278296, 0.06477250435852898, 0.04539033954989549, 0.04565576031127355, 0.04864365346794139, 0.05171755261603042, 0.044848880459992725, 0.050624181926636154, 0.04082172965200958, 0.049951961523749394, 0.051923458243625424, 0.04753540812339937, 0.04974096416999515, 0.04707166621045422, 0.04590189332835704, 0.045695445138601506, 0.04826868868485342, 0.04749391830154547, 0.05938681846924276, 0.0002849367178142901, 1.9749161972326068e-07, 0.0002849317090762046, 0.0002849317538897305, 0.00028492020437901537, 0.00028493178168198475, 0.0, 0.0002849367013661517, 0.00028493178168198475, 0.00028493173164009637, 2.140368015942607e-07, 1.0936935051707333e-07, 1.714528320045916e-07, 1.488969394222167e-07, 1.0936935051707333e-07, 1.589077432670466e-07, 1.0936935051707333e-07, 0.00028492019487787846, 0.000284931860246184, 0.00028493178168198475], [0.044651294238615434, 0.04740544760381626, 0.06475604047545583, 0.04541188422394935, 0.04563166543124301, 0.04867349899069587, 0.051709506781689944, 0.04480812244268117, 0.050597567254717694, 0.04083195777318492, 0.04998314623267922, 0.051915343556367524, 0.04757210367910218, 0.04973546589056403, 0.04711469239957279, 0.04590160746832926, 0.045721305307112, 0.04827269846745508, 0.04746041504080415, 0.05938892048020611, 1.302480180371783e-07, 0.00028492027181095507, 1.3047764398816162e-07, 6.221976677826595e-08, 2.2771811793937037e-07, 1.4253898758221885e-07, 0.0002849367013661517, 0.0, 1.4253898758221885e-07, 1.7669760305329698e-07, 0.00028493670939661205, 0.0002849366986463225, 0.00028493673371182606, 0.00028493168737605515, 0.0002849366986463225, 0.0002849316946389636, 0.0002849366986463225, 2.3761159229841257e-07, 1.9339661631519258e-07, 1.4253898758221885e-07], [0.04465139086441655, 0.047405545307154344, 0.06475611194446709, 0.04541198513303653, 0.04563176473193291, 0.048673604758485055, 0.05170961855420878, 0.04480822151042918, 0.05059766389250397, 0.0408320500819705, 0.04998323787230569, 0.05191544202011508, 0.04757220007198611, 0.049735570929217036, 0.047114789314444176, 0.045901705350128, 0.04572140667974314, 0.048272800876069936, 0.047460506372538735, 0.059389009811011056, 6.195409111133295e-08, 0.00028491531920974577, 1.468316531151378e-07, 9.717105678086825e-08, 1.882788888608413e-07, 0.0, 0.00028493178168198475, 1.4253898758221885e-07, 0.0, 1.56872274751676e-07, 0.00028493170257970593, 0.0002849317783561039, 0.000284931779382312, 0.0002849267177777037, 0.0002849317783561039, 0.00028492672977840715, 0.0002849317783561039, 2.0942792452484928e-07, 1.2586217815938074e-07, 0.0], [0.04465128319980817, 0.047405416737184645, 0.06475603098740396, 0.045411878863824216, 0.045631653700170534, 0.048673492524088785, 0.05170950930024901, 0.0448081052753077, 0.05059756767445938, 0.04083193003949888, 0.049983117660790444, 0.05191532372445685, 0.04757208452454126, 0.04973546233092321, 0.04711467460315834, 0.04590158819618299, 0.04572129776504311, 0.04827269108537638, 0.04746038459444372, 0.05938893606195631, 1.1797985536041994e-07, 0.0002849153283155791, 8.539563306854872e-08, 1.650162560986473e-07, 1.8076714238983268e-07, 1.56872274751676e-07, 0.00028493173164009637, 1.7669760305329698e-07, 1.56872274751676e-07, 0.0, 0.0002849317047841182, 0.0002849317799319872, 0.000284931789509812, 0.00028492673253207755, 0.0002849317799319872, 0.00028492670474193404, 0.0002849317799319872, 1.5223359170852936e-07, 2.4650926041073355e-07, 1.56872274751676e-07], [0.04465522997605406, 0.047416295452210176, 0.0647725627052496, 0.045390447900430474, 0.04565587178955042, 0.04864377444271351, 0.0517176783368992, 0.04484898755423017, 0.05062428000012312, 0.04082184060508378, 0.04995207739365337, 0.05192356885044845, 0.04753551488304809, 0.04974108492514812, 0.04707177541712102, 0.04590200752156565, 0.04569555386069228, 0.048268804680665786, 0.04749401328231184, 0.059386906221624486, 0.00028493665408693393, 2.0999853014791627e-07, 0.0002849316872313808, 0.000284931733650331, 0.0002849201411793968, 0.00028493170257970593, 2.140368015942607e-07, 0.00028493670939661205, 0.00028493170257970593, 0.0002849317047841182, 0.0, 2.1781576731687923e-07, 1.6862012867825965e-07, 1.1644619362115195e-07, 2.1781576731687923e-07, 1.1315080815668117e-07, 2.1781576731687923e-07, 0.0002849201472250918, 0.0002849317887266826, 0.00028493170257970593], [0.04465516607391639, 0.04741622013089062, 0.06477254211219323, 0.04539037742451967, 0.04565579747966298, 0.048643701474513266, 0.051717590835745696, 0.04484892579316653, 0.05062421576786243, 0.04082177774231334, 0.049952016068062016, 0.051923504998064536, 0.047535453532783156, 0.04974100025743763, 0.04707171902738856, 0.04590194026211134, 0.04569548428565544, 0.04826873735976921, 0.047493967017767605, 0.05938684710666464, 0.00028493672221443464, 1.322119323781541e-07, 0.0002849317329116437, 0.0002849317542388663, 0.0002849202032014066, 0.0002849317783561039, 1.0936935051707333e-07, 0.0002849366986463225, 0.0002849317783561039, 0.0002849317799319872, 2.1781576731687923e-07, 0.0, 1.088869994810001e-07, 1.3657400541587159e-07, 0.0, 1.970650051728514e-07, 0.0, 0.00028492021554835654, 0.00028493184994141053, 0.0002849317783561039], [0.04465517539520792, 0.04741624306021097, 0.06477255392994684, 0.045390395313886354, 0.04565580987288223, 0.04864373146583636, 0.05171761631682786, 0.04484894282145808, 0.050624231127992095, 0.04082179591097716, 0.04995204160413145, 0.051923523391463014, 0.04753547216854765, 0.04974102018132342, 0.047071747710782125, 0.0459019606817572, 0.04569550032448222, 0.04826876870285591, 0.04749397411001447, 0.05938687346423097, 0.0002849367177150237, 5.6877454111478634e-08, 0.0002849317358681972, 0.0002849317856026079, 0.00028492016721586727, 0.000284931779382312, 1.714528320045916e-07, 0.00028493673371182606, 0.000284931779382312, 0.000284931789509812, 1.6862012867825965e-07, 1.088869994810001e-07, 0.0, 1.4946170139468656e-07, 1.088869994810001e-07, 2.012944313302111e-07, 1.088869994810001e-07, 0.0002849201847504127, 0.0002849318784823161, 0.000284931779382312], [0.04465523410466948, 0.04741629200289178, 0.0647725662199876, 0.045390443984093934, 0.045655871269793515, 0.04864376291856436, 0.05171766587637297, 0.04484898766619723, 0.05062427574306705, 0.04082184179072758, 0.04995207273277384, 0.05192356852386055, 0.04753551525556898, 0.049741076454979834, 0.0470717689829068, 0.04590200476833902, 0.04569555257385703, 0.04826879226868346, 0.04749402511431593, 0.059386890287965774, 0.00028493167750563464, 1.9386194595858799e-07, 0.0002849267097755796, 0.00028492671791640565, 0.0002849151910454062, 0.0002849267177777037, 1.488969394222167e-07, 0.00028493168737605515, 0.0002849267177777037, 0.00028492673253207755, 1.1644619362115195e-07, 1.3657400541587159e-07, 1.4946170139468656e-07, 0.0, 1.3657400541587159e-07, 1.0080106284166872e-07, 1.3657400541587159e-07, 0.00028491520154712426, 0.0002849267724877782, 0.0002849267177777037], [0.04465516607391639, 0.04741622013089062, 0.06477254211219323, 0.04539037742451967, 0.04565579747966298, 0.048643701474513266, 0.051717590835745696, 0.04484892579316653, 0.05062421576786243, 0.04082177774231334, 0.049952016068062016, 0.051923504998064536, 0.047535453532783156, 0.04974100025743763, 0.04707171902738856, 0.04590194026211134, 0.04569548428565544, 0.04826873735976921, 0.047493967017767605, 0.05938684710666464, 0.00028493672221443464, 1.322119323781541e-07, 0.0002849317329116437, 0.0002849317542388663, 0.0002849202032014066, 0.0002849317783561039, 1.0936935051707333e-07, 0.0002849366986463225, 0.0002849317783561039, 0.0002849317799319872, 2.1781576731687923e-07, 0.0, 1.088869994810001e-07, 1.3657400541587159e-07, 0.0, 1.970650051728514e-07, 0.0, 0.00028492021554835654, 0.00028493184994141053, 0.0002849317783561039], [0.044655180771586284, 0.04741623817397888, 0.06477250767081381, 0.04539038993098944, 0.04565582016885236, 0.048643703279909384, 0.05171761384941065, 0.04484892875078421, 0.050624223036572734, 0.04082178733755486, 0.04995201400594448, 0.05192351017107942, 0.04753545777512019, 0.04974102777652717, 0.04707170590364175, 0.045901948262620444, 0.04569549679547572, 0.04826873294666695, 0.04749396058641776, 0.05938684437133735, 0.00028493167981677003, 2.479849751232914e-07, 0.0002849266919449336, 0.0002849267264528182, 0.0002849151977279451, 0.00028492672977840715, 1.589077432670466e-07, 0.0002849316946389636, 0.00028492672977840715, 0.00028492670474193404, 1.1315080815668117e-07, 1.970650051728514e-07, 2.012944313302111e-07, 1.0080106284166872e-07, 1.970650051728514e-07, 0.0, 1.970650051728514e-07, 0.0002849151911074118, 0.0002849267995602963, 0.00028492672977840715], [0.04465516607391639, 0.04741622013089062, 0.06477254211219323, 0.04539037742451967, 0.04565579747966298, 0.048643701474513266, 0.051717590835745696, 0.04484892579316653, 0.05062421576786243, 0.04082177774231334, 0.049952016068062016, 0.051923504998064536, 0.047535453532783156, 0.04974100025743763, 0.04707171902738856, 0.04590194026211134, 0.04569548428565544, 0.04826873735976921, 0.047493967017767605, 0.05938684710666464, 0.00028493672221443464, 1.322119323781541e-07, 0.0002849317329116437, 0.0002849317542388663, 0.0002849202032014066, 0.0002849317783561039, 1.0936935051707333e-07, 0.0002849366986463225, 0.0002849317783561039, 0.0002849317799319872, 2.1781576731687923e-07, 0.0, 1.088869994810001e-07, 1.3657400541587159e-07, 0.0, 1.970650051728514e-07, 0.0, 0.00028492021554835654, 0.00028493184994141053, 0.0002849317783561039], [0.0446512543050203, 0.04740540030013129, 0.06475603906943667, 0.045411861606485256, 0.04563162540351458, 0.04867349708357263, 0.051709497049294624, 0.04480809258358054, 0.05059755360486013, 0.04083191052984039, 0.04998311563808863, 0.05191530966874579, 0.04757206991187873, 0.049735439689699054, 0.04711468354166681, 0.04590157529929644, 0.04572127791090369, 0.04827269933525981, 0.04746036472928855, 0.05938894336262754, 1.5371975474509649e-07, 0.00028490370065522604, 1.2850320923953513e-07, 2.445114076132532e-07, 5.965150013110037e-08, 2.0942792452484928e-07, 0.00028492019487787846, 2.3761159229841257e-07, 2.0942792452484928e-07, 1.5223359170852936e-07, 0.0002849201472250918, 0.00028492021554835654, 0.0002849201847504127, 0.00028491520154712426, 0.00028492021554835654, 0.0002849151911074118, 0.00028492021554835654, 0.0, 3.2661711802190223e-07, 2.0942792452484928e-07], [0.04465147053573319, 0.04740562225481308, 0.06475615280335358, 0.04541205300258903, 0.045631840437865306, 0.04867365667410202, 0.05170968358080175, 0.04480829574887575, 0.050597722111536333, 0.040832128924503996, 0.04998329774090009, 0.051915516542179144, 0.047572276352361054, 0.04973564199380676, 0.0471148465569648, 0.04590177500119941, 0.045721474813040335, 0.048272851636631184, 0.047460586516419524, 0.05938904533490832, 1.8218403753819816e-07, 0.00028491543065866124, 2.476388300892456e-07, 1.349704386289104e-07, 3.0496571058847885e-07, 1.2586217815938074e-07, 0.000284931860246184, 1.9339661631519258e-07, 1.2586217815938074e-07, 2.4650926041073355e-07, 0.0002849317887266826, 0.00028493184994141053, 0.0002849318784823161, 0.0002849267724877782, 0.00028493184994141053, 0.0002849267995602963, 0.00028493184994141053, 3.2661711802190223e-07, 0.0, 1.2586217815938074e-07], [0.04465139086441655, 0.047405545307154344, 0.06475611194446709, 0.04541198513303653, 0.04563176473193291, 0.048673604758485055, 0.05170961855420878, 0.04480822151042918, 0.05059766389250397, 0.0408320500819705, 0.04998323787230569, 0.05191544202011508, 0.04757220007198611, 0.049735570929217036, 0.047114789314444176, 0.045901705350128, 0.04572140667974314, 0.048272800876069936, 0.047460506372538735, 0.059389009811011056, 6.195409111133295e-08, 0.00028491531920974577, 1.468316531151378e-07, 9.717105678086825e-08, 1.882788888608413e-07, 0.0, 0.00028493178168198475, 1.4253898758221885e-07, 0.0, 1.56872274751676e-07, 0.00028493170257970593, 0.0002849317783561039, 0.000284931779382312, 0.0002849267177777037, 0.0002849317783561039, 0.00028492672977840715, 0.0002849317783561039, 2.0942792452484928e-07, 1.2586217815938074e-07, 0.0]], "Angle": [[0.0, 0.04125834586902654, 0.11034226891992877, 0.04852300375470171, 0.02908355160431856, 0.03510273873815322, 0.044992248589133685, 0.05646197133733947, 0.056880206947896986, 0.047017937985617465, 0.0473763013949969, 0.04034796463910398, 0.055990701798033185, 0.04971163062243928, 0.04941042271817864, 0.041856399064423795, 0.044112964007271785, 0.044070132885131355, 0.04224504301247413, 0.08187334729928028, 0.06769992335453794, 0.06758985192900334, 0.06769995805421329, 0.06770003431705661, 0.06769987482695346, 0.06769996399366618, 0.06758981739236673, 0.06769996917759566, 0.06769996399366618, 0.06769989013444701, 0.06758980025159127, 0.06758998120162367, 0.06758983185018123, 0.06758991377924926, 0.06758998120162367, 0.06758987804215529, 0.06758998120162367, 0.0676999128987342, 0.06770005430812188, 0.06769996399366618], [0.04125834586902654, 0.0, 0.12655810804432985, 0.06609106041029308, 0.05381983858175273, 0.06345130324989162, 0.06007341331593196, 0.061255753862378005, 0.07412417271767609, 0.05249858702414464, 0.056805671701438555, 0.049321717151345895, 0.0491464551420876, 0.061933566968362413, 0.06257879862312714, 0.06495007758992627, 0.06366385235490019, 0.06490222787078158, 0.04610854241750409, 0.1068683429660377, 0.07300301695707455, 0.07323354743824205, 0.07300304422780227, 0.07300309642823204, 0.0730029932254783, 0.07300304579987175, 0.07323352770711035, 0.0730030565124991, 0.07300304579987175, 0.07300299292710734, 0.07323352406221817, 0.07323367390161507, 0.0732335434197603, 0.07323360320992373, 0.07323367390161507, 0.07323356879779545, 0.07323367390161507, 0.07300302795679671, 0.07300311306029926, 0.07300304579987175], [0.11034226891992877, 0.12655810804432985, 0.0, 0.0845087996425123, 0.10699723758529005, 0.0926595013139923, 0.100919223245526, 0.10619110294821063, 0.07656233527133197, 0.12078665449051865, 0.11151047416940592, 0.12054106222118406, 0.11809006087218371, 0.088619304018632, 0.10440792156883773, 0.09838280056815171, 0.08857300383318246, 0.09920458507174953, 0.11223235215404288, 0.055714897954291596, 0.11573621409213336, 0.11599790574654438, 0.1157362361380636, 0.11573629158796074, 0.11573613618512044, 0.11573623573401992, 0.11599794972875221, 0.1157362586943162, 0.11573623573401992, 0.11573618561710895, 0.11599786336660275, 0.11599806147316649, 0.1159978788079041, 0.11599803927402545, 0.11599806147316649, 0.11599797550183517, 0.11599806147316649, 0.11573618396305628, 0.11573631763150648, 0.11573623573401992], [0.04852300375470171, 0.06609106041029308, 0.0845087996425123, 0.0, 0.05611926819378891, 0.04790381908327664, 0.0482702680463621, 0.04807841860049238, 0.0602844531969199, 0.05438999775211434, 0.04547485603899701, 0.0591253329086861, 0.055137718165505445, 0.038711461564394464, 0.045418641863230365, 0.044245408905885554, 0.04604738498629928, 0.03917968469757611, 0.056931163629343425, 0.0627196544045346, 0.06334852577808803, 0.06330888903030711, 0.06334856160668953, 0.06334863661870478, 0.06334843482525106, 0.0633485658566027, 0.06330890849934065, 0.06334859173449194, 0.0633485658566027, 0.06334849490216775, 0.06330885181999364, 0.06330906441430785, 0.06330888095999478, 0.06330901212637549, 0.06330906441430785, 0.06330896406271631, 0.06330906441430785, 0.06334847918718596, 0.06334866006350688, 0.0633485658566027], [0.02908355160431856, 0.05381983858175273, 0.10699723758529005, 0.05611926819378891, 0.0, 0.03821413710709188, 0.039990551321449935, 0.056462965978589234, 0.04780464285462023, 0.06023518788874259, 0.05406005048467184, 0.05054368214770063, 0.07104647622190077, 0.05109814317049626, 0.0642306035314076, 0.03669650516224302, 0.04785779536116258, 0.05016089050788763, 0.0521664743573574, 0.0822479388003217, 0.07282511888459305, 0.07296084017928954, 0.07282514802305286, 0.07282521728751584, 0.07282507004153774, 0.07282515043248713, 0.07296081974311402, 0.07282514343122827, 0.07282515043248713, 0.07282508786394967, 0.07296078932934585, 0.0729609599716146, 0.07296081926190451, 0.07296090431678094, 0.0729609599716146, 0.07296087121005133, 0.0729609599716146, 0.07282510354340532, 0.07282523431718163, 0.07282515043248713], [0.03510273873815322, 0.06345130324989162, 0.0926595013139923, 0.04790381908327664, 0.03821413710709188, 0.0, 0.04276032132652106, 0.0620772313950182, 0.049319019573376664, 0.05441921431655551, 0.04588077970330017, 0.05542366206787008, 0.0663749331049108, 0.05392896128203759, 0.05324956672127048, 0.04567384865975802, 0.033946212536860906, 0.04400113488633017, 0.051720280412541814, 0.06450208540580472, 0.0755563161382277, 0.0752990579113169, 0.07555634810698728, 0.07555643549080347, 0.07555624058994354, 0.07555635517980448, 0.07529903284522745, 0.07555633925219145, 0.07555635517980448, 0.07555627778534067, 0.07529899503687454, 0.07529916991388777, 0.07529903234346495, 0.07529913127118383, 0.07529916991388777, 0.07529909702182637, 0.07529916991388777, 0.07555627531210275, 0.07555645711768004, 0.07555635517980448], [0.044992248589133685, 0.06007341331593196, 0.100919223245526, 0.0482702680463621, 0.039990551321449935, 0.04276032132652106, 0.0, 0.03638460435491274, 0.055466373735386966, 0.061483204452196315, 0.03821256765747414, 0.04186003993828024, 0.06334017356359828, 0.04183357082977453, 0.06339414844394142, 0.03882285920375201, 0.04232534838002506, 0.04628542026804671, 0.053456106458067476, 0.07524025640230839, 0.06550148415143632, 0.06571352230415427, 0.06550150866262922, 0.06550159210303871, 0.06550142255120604, 0.06550150350288574, 0.06571351625246072, 0.0655015066459614, 0.06550150350288574, 0.0655014441797366, 0.06571347439564244, 0.06571362641111225, 0.06571351154728416, 0.06571358127086246, 0.06571362641111225, 0.06571355724611426, 0.06571362641111225, 0.06550144514130707, 0.06550161246652383, 0.06550150350288574], [0.05646197133733947, 0.061255753862378005, 0.