{"Bond": [[0.0, 0.016808788124956658, 0.023997583246380343, 0.014367029067800909, 0.012014616278210159, 0.01707908575559844, 0.014329545690502384, 0.013037487394366432, 0.015804277771725647, 0.024570208562196525, 0.015192155415548058, 0.02032033716655531, 0.00970973086387447, 0.012733426202214864, 0.015815679891273134, 0.01932828858646707, 0.014493160239229788, 0.011881634128966562, 0.016203152108406546, 0.016002885423126955, 0.026691343641071043, 0.026370134590939908, 0.02637008016873452, 0.027765276939385557, 0.026691356227939722, 0.02714277874474408, 0.026370161925104454, 0.026350486032482533, 0.026370045536171546, 0.02637008016873452, 0.02637005727619035, 0.026370122744967993, 0.026204400699295596, 0.026370145958208968, 0.027142768353011857, 0.026370114605441673, 0.026370092847471906, 0.026691276923897, 0.026350532253698582, 0.02637011404996543], [0.016808788124956658, 0.0, 0.018245199934727716, 0.013913718426558006, 0.02045321091336312, 0.017943964718616444, 0.020045198937272576, 0.015095254512894757, 0.015306234294711235, 0.018076246040282535, 0.02106703392114311, 0.021020135297095704, 0.013880670094128985, 0.018925469723168227, 0.018861221910269187, 0.021058508425605957, 0.012850580531729312, 0.014973796299601173, 0.018607100592330256, 0.008779822286517218, 0.035875539860410394, 0.03490598695219555, 0.034905942415537475, 0.036051799212926436, 0.035875546787053125, 0.03475856964941936, 0.03490605076929544, 0.034888856326019804, 0.03490591716005368, 0.034905942415537475, 0.03490592452042568, 0.03490600927152979, 0.034712468748188646, 0.034906057048192225, 0.034758516215757304, 0.034905987479754486, 0.03490597248063653, 0.03587545710720153, 0.034888884872165335, 0.03490598216453747], [0.023997583246380343, 0.018245199934727716, 0.0, 0.013476131575228862, 0.022494949204551147, 0.01756642052120223, 0.020215632462593527, 0.01344367111165787, 0.018501569241603226, 0.01943710640902994, 0.015808460906116453, 0.02127630808265737, 0.018694082210813256, 0.019478773196010223, 0.014997410089093841, 0.017453633164899156, 0.014383363161187655, 0.016296522584301823, 0.013137711251207114, 0.015535981370485948, 0.028046889599958658, 0.02688169144449203, 0.02688164360877865, 0.028698431878918577, 0.028046880216158556, 0.02724836308425133, 0.026881743842711022, 0.026893463024802312, 0.026881639892669614, 0.02688164360877865, 0.026881629083567334, 0.02688169062794837, 0.026762597929487857, 0.0268817558143965, 0.027248303789754885, 0.026881674995571498, 0.026881694751053824, 0.02804680924304444, 0.026893492872425016, 0.026881666378085284], [0.014367029067800909, 0.013913718426558006, 0.013476131575228862, 0.0, 0.017845138795107816, 0.014587442807785593, 0.017246586097613443, 0.011648982873705856, 0.015549850772756281, 0.018943829180261423, 0.010813923855440888, 0.017897789358483292, 0.01246654461438239, 0.012504037131970777, 0.013624721356073783, 0.014205995359603409, 0.008443742813698666, 0.010487776753083627, 0.014022329352793366, 0.013683317005390931, 0.030205726059759155, 0.030378585101565853, 0.03037851270070677, 0.03073122302946379, 0.030205726700893488, 0.030621990236343738, 0.030378622674468777, 0.030386837767927874, 0.03037849998538018, 0.03037851270070677, 0.030378492440841003, 0.03037856958315335, 0.030152989251322197, 0.03037860732132088, 0.030621958855253394, 0.03037856045953616, 0.030378559668117942, 0.030205652978721638, 0.03038686695647311, 0.0303785582617282], [0.012014616278210159, 0.02045321091336312, 0.022494949204551147, 0.017845138795107816, 0.0, 0.015118947556872566, 0.012670831411990295, 0.012363868868146758, 0.01504089766543609, 0.02429396205954683, 0.016850409343007286, 0.02169357029524908, 0.014123397412615337, 0.013395021484960528, 0.01687357540135858, 0.01846990947031088, 0.013774082611048703, 0.011160950288049589, 0.014944574071278999, 0.0157725000546885, 0.025097671076931744, 0.027669138267207034, 0.02766909035855635, 0.022208645980013174, 0.025097677072649923, 0.025150620462319574, 0.02766920996792912, 0.02766296753730637, 0.02766905238877863, 0.02766909035855635, 0.027669083385981806, 0.027669172384353822, 0.027278711366956147, 0.027669197107021565, 0.02515059860006263, 0.02766917388028802, 0.02766911254761189, 0.025097564533772168, 0.02766298881877937, 0.02766918195941629], [0.01707908575559844, 0.017943964718616444, 0.01756642052120223, 0.014587442807785593, 0.015118947556872566, 0.0, 0.01945651873865742, 0.0128337962613158, 0.018684537269516143, 0.015571192388640116, 0.013834472814328052, 0.014173481213917379, 0.015821117763513283, 0.019497834774570705, 0.01362171490731039, 0.016274145438862846, 0.014827415655137042, 0.008609960881664176, 0.013768552623057468, 0.011867893785523883, 0.025629375369086563, 0.024634997070596115, 0.024635001813013417, 0.026167590948263365, 0.0256293868939822, 0.024892730885198437, 0.02463506917706415, 0.024638279188062103, 0.024634989085429396, 0.024635001813013417, 0.024634996769940156, 0.02463505058827069, 0.02449933452101953, 0.0246350900922434, 0.024892716689902117, 0.024635036231797695, 0.024635062990124246, 0.02562930977140793, 0.02463826915582653, 0.02463507014692343], [0.014329545690502384, 0.020045198937272576, 0.020215632462593527, 0.017246586097613443, 0.012670831411990295, 0.01945651873865742, 0.0, 0.012445980594358365, 0.01948792115868785, 0.02798505773367563, 0.01791369054472118, 0.022133434946972095, 0.01586990409790487, 0.01421070609199797, 0.016392626294086995, 0.02064145628315207, 0.017034697342172726, 0.01628835380596264, 0.01226439198578573, 0.018376026372241974, 0.025331492469930193, 0.026616513133955366, 0.02661645387777577, 0.02432205287683935, 0.02533149402719234, 0.025524597346017475, 0.02661658203300147, 0.02660398160238779, 0.02661642562766203, 0.02661645387777577, 0.02661643263875876, 0.02661651655095176, 0.026298670555088655, 0.02661655184561188, 0.025524554687387478, 0.026616521890764508, 0.026616468216695048, 0.025331403210118043, 0.026604053983420323, 0.02661649533509024], [0.013037487394366432, 0.015095254512894757, 0.01344367111165787, 0.011648982873705856, 0.012363868868146758, 0.0128337962613158, 0.012445980594358365, 0.0, 0.014084042968266616, 0.0186546001452325, 0.011236476595077729, 0.015583716878021051, 0.008319973772991663, 0.012860957927706713, 0.011542189818693016, 0.015821092407099856, 0.011122008038922195, 0.009347388438345497, 0.007869187609130295, 0.01040673819091547, 0.023787297931383056, 0.024712781273739742, 0.024712718437164473, 0.022378528991596754, 0.02378729507862844, 0.023221126167317443, 0.024712852349874425, 0.02471605241635993, 0.024712700380116245, 0.024712718437164473, 0.024712702675170107, 0.02471278238339025, 0.024389576380445616, 0.02471282767246489, 0.02322108581395127, 0.024712789286208455, 0.024712757176905607, 0.0237872181204183, 0.024716087598958148, 0.024712776124423196], [0.015804277771725647, 0.015306234294711235, 0.018501569241603226, 0.015549850772756281, 0.01504089766543609, 0.018684537269516143, 0.01948792115868785, 0.014084042968266616, 0.0, 0.019704724573999608, 0.01683640759476608, 0.024395684927521113, 0.01189937019353472, 0.014337403432677894, 0.014438733743564556, 0.01770761911762102, 0.009682177311136776, 0.012524158158071527, 0.015639216598899032, 0.01304359017201727, 0.033100955593179174, 0.03622423517521032, 0.03622414623921404, 0.029512595807318992, 0.033100954147462176, 0.033183796596362336, 0.03622428745374258, 0.03619608070195595, 0.03622413515172955, 0.03622414623921404, 0.0362241382550305, 0.03622423108825836, 0.03583981978459931, 0.03622426258099564, 0.03318375646211884, 0.03622422831900319, 0.0362241920022752, 0.03310086162695649, 0.03619610550852529, 0.03622422785319188], [0.024570208562196525, 0.018076246040282535, 0.01943710640902994, 0.018943829180261423, 0.02429396205954683, 0.015571192388640116, 0.02798505773367563, 0.0186546001452325, 0.019704724573999608, 0.0, 0.02025144472945044, 0.015125117562688768, 0.017890768460503723, 0.024526114909529457, 0.020301964465131526, 0.02095681960992119, 0.017836905926295693, 0.01724193463603056, 0.020031758610429894, 0.013214939617620531, 0.03714627766088232, 0.03784492311585701, 0.03784488894618358, 0.03607309390398117, 0.03714626906932155, 0.036647066786228866, 0.03784499025152106, 0.03784156666021236, 0.03784486511264904, 0.03784488894618358, 0.037844888659654276, 0.03784493959202037, 0.03755852372877087, 0.0378449726050161, 0.036647052341165845, 0.03784495128906841, 0.037844935062223535, 0.03714619987512671, 0.03784155438229968, 0.03784497114009955], [0.015192155415548058, 0.02106703392114311, 0.015808460906116453, 0.010813923855440888, 0.016850409343007286, 0.013834472814328052, 0.01791369054472118, 0.011236476595077729, 0.01683640759476608, 0.02025144472945044, 0.0, 0.016198634541295453, 0.012373395322150186, 0.013218094584480602, 0.00894349794686223, 0.012058350323742402, 0.01391079110513011, 0.0103556996306515, 0.010617410188137612, 0.01698737143266853, 0.025949863743799352, 0.028256978231005665, 0.028256886165326567, 0.024035133356674607, 0.0259498624456957, 0.026504277875277357, 0.02825702680744586, 0.028266609589463615, 0.02825691336732414, 0.028256886165326567, 0.028256872639148237, 0.02825694101574454, 0.027895153793898675, 0.028256975065762344, 0.02650426796088071, 0.028256962833311097, 0.02825697302379672, 0.025949821780800755, 0.028266647966637647, 0.02825695904639105], [0.02032033716655531, 0.021020135297095704, 0.02127630808265737, 0.017897789358483292, 0.02169357029524908, 0.014173481213917379, 0.022133434946972095, 0.015583716878021051, 0.024395684927521113, 0.015125117562688768, 0.016198634541295453, 0.0, 0.015856808494235146, 0.021111725237577438, 0.018708382173381714, 0.018441515185258626, 0.02033664288441536, 0.016194739865337014, 0.01668763123319881, 0.016037111591745846, 0.03366320584735426, 0.03324090631883505, 0.03324089723554994, 0.03147729364690403, 0.03366320163913639, 0.030882690955428928, 0.033241002878033915, 0.033263835841334986, 0.03324089903047533, 0.03324089723554994, 0.03324088989085376, 0.03324091839809107, 0.032962956796542923, 0.03324097579012422, 0.03088269810036906, 0.033240962426215784, 0.03324096364942709, 0.03366316026850503, 0.03326387214285147, 0.033240963696520125], [0.00970973086387447, 0.013880670094128985, 0.018694082210813256, 0.01246654461438239, 0.014123397412615337, 0.015821117763513283, 0.01586990409790487, 0.008319973772991663, 0.01189937019353472, 0.017890768460503723, 0.012373395322150186, 0.015856808494235146, 0.0, 0.012032214106674433, 0.012930314216482238, 0.01651211793295042, 0.011676314840274753, 0.010465595975965612, 0.012223307861483112, 0.011058780263066472, 0.029275182811295476, 0.030011731884158267, 0.030011667709819896, 0.027469310000194196, 0.029275180811849155, 0.028144833462238603, 0.030011796280395003, 0.03000000884455589, 0.03001165654481637, 0.030011667709819896, 0.030011652319105343, 0.030011716968177074, 0.0296963685596408, 0.03001176605030207, 0.02814481495089667, 0.030011737593807396, 0.03001171216549733, 0.029275113035583156, 0.030000058978564316, 0.03001172627604214], [0.012733426202214864, 0.018925469723168227, 0.019478773196010223, 0.012504037131970777, 0.013395021484960528, 0.019497834774570705, 0.01421070609199797, 0.012860957927706713, 0.014337403432677894, 0.024526114909529457, 0.013218094584480602, 0.021111725237577438, 0.012032214106674433, 0.0, 0.016286166969648463, 0.011820538103440874, 0.010689462879213836, 0.011896718190592726, 0.015596547172967264, 0.016826442412410766, 0.03243726433619788, 0.03423427588142422, 0.03423419492065164, 0.028505225419240627, 0.03243726393287928, 0.03066678687716419, 0.03423433879931029, 0.03425216942570167, 0.03423419117663112, 0.03423419492065164, 0.034234179312433666, 0.03423425993419347, 0.03386249524288965, 0.03423431038969682, 0.030666760753008795, 0.03423427681409964, 0.03423424501259094, 0.0324371812979932, 0.034252234136157814, 0.03423426191868736], [0.015815679891273134, 0.018861221910269187, 0.014997410089093841, 0.013624721356073783, 0.01687357540135858, 0.01362171490731039, 0.016392626294086995, 0.011542189818693016, 0.014438733743564556, 0.020301964465131526, 0.00894349794686223, 0.018708382173381714, 0.012930314216482238, 0.016286166969648463, 0.0, 0.015156395722927938, 0.015043633322957908, 0.011303314245943339, 0.00705343605538697, 0.015185945292909012, 0.025248999308271916, 0.025806082433728332, 0.025805999249502245, 0.02390936019175684, 0.025249003735011766, 0.024336457697057265, 0.025806141397673284, 0.02577397959164149, 0.025806037927611436, 0.025805999249502245, 0.025805985671111677, 0.025806058863248466, 0.025500154660837514, 0.025806101806780855, 0.02433642800071342, 0.02580606723471732, 0.025806095801473167, 0.025248956360242165, 0.025774031514433714, 0.025806061847297713], [0.01932828858646707, 0.021058508425605957, 0.017453633164899156, 0.014205995359603409, 0.01846990947031088, 0.016274145438862846, 0.02064145628315207, 0.015821092407099856, 0.01770761911762102, 0.02095681960992119, 0.012058350323742402, 0.018441515185258626, 0.01651211793295042, 0.011820538103440874, 0.015156395722927938, 0.0, 0.01383756272247678, 0.011093434015228333, 0.01650245061720667, 0.016561038888413603, 0.032324812635134294, 0.035860543398314876, 0.03586044477983708, 0.030106129314982022, 0.032324817447942605, 0.034007962706706564, 0.035860587261572784, 0.03589358808308421, 0.03586045228857036, 0.03586044477983708, 0.03586043652106607, 0.03586052160116074, 0.03549255171572192, 0.03586053798649259, 0.0340079331620283, 0.035860521361195864, 0.035860507415726106, 0.0323247474875091, 0.03589361302549858, 0.0358605244880494], [0.014493160239229788, 0.012850580531729312, 0.014383363161187655, 0.008443742813698666, 0.013774082611048703, 0.014827415655137042, 0.017034697342172726, 0.011122008038922195, 0.009682177311136776, 0.017836905926295693, 0.01391079110513011, 0.02033664288441536, 0.011676314840274753, 0.010689462879213836, 0.015043633322957908, 0.01383756272247678, 0.0, 0.008727086602481402, 0.014743626457350821, 0.010785830761632626, 0.029121553826665657, 0.02858913479920561, 0.028589079090690996, 0.02985945160341679, 0.02912155197785606, 0.029017252299182946, 0.02858916987343666, 0.02859241737414816, 0.028589032535236546, 0.028589079090690996, 0.028589065098508087, 0.028589140011145788, 0.028406697686235615, 0.02858918080688839, 0.02901721703091021, 0.028589119307110757, 0.02858909509324866, 0.029121443864334757, 0.02859243640253352, 0.02858912930422369], [0.011881634128966562, 0.014973796299601173, 0.016296522584301823, 0.010487776753083627, 0.011160950288049589, 0.008609960881664176, 0.01628835380596264, 0.009347388438345497, 0.012524158158071527, 0.01724193463603056, 0.0103556996306515, 0.016194739865337014, 0.010465595975965612, 0.011896718190592726, 0.011303314245943339, 0.011093434015228333, 0.008727086602481402, 0.0, 0.012262792029724206, 0.009685908377182464, 0.026483953752152355, 0.027168172299710646, 0.02716811028828475, 0.025812616310555248, 0.026483963809490804, 0.026325973084210405, 0.02716822799346119, 0.02717522062428207, 0.027168098324284344, 0.02716811028828475, 0.027168099705065174, 0.027168185572948055, 0.026880066575828664, 0.027168214625309006, 0.026325944237684265, 0.027168172798851233, 0.027168163881460726, 0.026483876327042376, 0.02717523326750608, 0.027168186758305683], [0.016203152108406546, 0.018607100592330256, 0.013137711251207114, 0.014022329352793366, 0.014944574071278999, 0.013768552623057468, 0.01226439198578573, 0.007869187609130295, 0.015639216598899032, 0.020031758610429894, 0.010617410188137612, 0.01668763123319881, 0.012223307861483112, 0.015596547172967264, 0.00705343605538697, 0.01650245061720667, 0.014743626457350821, 0.012262792029724206, 0.0, 0.014191681065702951, 0.025700000322063078, 0.03074640850237014, 0.030746318477111546, 0.021708436774536342, 0.02569999509592435, 0.02782484887062937, 0.030746474870029752, 0.03072917398306593, 0.03074632949355478, 0.030746318477111546, 0.03074630794011766, 0.030746392074609007, 0.030310223277187374, 0.03074641314952721, 0.02782481163077154, 0.030746409081980938, 0.030746380317993, 0.02569993999328653, 0.030729207971005694, 0.03074639395491325], [0.016002885423126955, 0.008779822286517218, 0.015535981370485948, 0.013683317005390931, 0.0157725000546885, 0.011867893785523883, 0.018376026372241974, 0.01040673819091547, 0.01304359017201727, 0.013214939617620531, 0.01698737143266853, 0.016037111591745846, 0.011058780263066472, 0.016826442412410766, 0.015185945292909012, 0.016561038888413603, 0.010785830761632626, 0.009685908377182464, 0.014191681065702951, 0.0, 0.02990783466168804, 0.03048840264122075, 0.030488347111854896, 0.03031082216659316, 0.029907839089505117, 0.030636258068892027, 0.030488453940504465, 0.03048320822854713, 0.030488304722584153, 0.030488347111854896, 0.030488337392568347, 0.03048842190134362, 0.030244216469986932, 0.030488439092287156, 0.030636211221221635, 0.030488398123968117, 0.030488361994081448, 0.029907744610497253, 0.030483204761336195, 0.03048840699315547], [0.026691343641071043, 0.035875539860410394, 0.028046889599958658, 0.030205726059759155, 0.025097671076931744, 0.025629375369086563, 0.025331492469930193, 0.023787297931383056, 0.033100955593179174, 0.03714627766088232, 0.025949863743799352, 0.03366320584735426, 0.029275182811295476, 0.03243726433619788, 0.025248999308271916, 0.032324812635134294, 0.029121553826665657, 0.026483953752152355, 0.025700000322063078, 0.02990783466168804, 0.0, 0.0005724396927879624, 0.000572361215339612, 1.7312131790531473e-07, 7.095233199372723e-08, 2.16392925975387e-07, 0.0005725245041567572, 0.0005999329511765157, 0.000572413496063244, 0.000572361215339612, 0.0005723612187489797, 0.0005724507508077847, 1.593696981821764e-07, 0.0005724641713038344, 1.7940267664715665e-07, 0.0005724828153167824, 0.0005724463925155817, 1.9099043602634234e-07, 0.0005999363057728174, 0.0005724625582997209], [0.026370134590939908, 0.03490598695219555, 0.02688169144449203, 0.030378585101565853, 0.027669138267207034, 0.024634997070596115, 0.026616513133955366, 0.024712781273739742, 0.03622423517521032, 0.03784492311585701, 0.028256978231005665, 0.03324090631883505, 0.030011731884158267, 0.03423427588142422, 0.025806082433728332, 0.035860543398314876, 0.02858913479920561, 0.027168172299710646, 0.03074640850237014, 0.03048840264122075, 0.0005724396927879624, 0.0, 2.2016779217706933e-07, 0.0005724314519910681, 0.0005724372840719913, 0.0005723968322467194, 1.9717452508987458e-07, 0.00017924577310845293, 2.8163613845598615e-07, 2.2016779217706933e-07, 2.4393380252166776e-07, 2.0601112741843188e-07, 0.0005723371698547602, 3.089499771105246e-07, 0.0005723743503587876, 2.3156503988631606e-07, 3.1585817051222396e-07, 0.00057243837199524, 0.0001792201582277547, 2.751652877654556e-07], [0.02637008016873452, 0.034905942415537475, 0.02688164360877865, 0.03037851270070677, 0.02766909035855635, 0.024635001813013417, 0.02661645387777577, 0.024712718437164473, 0.03622414623921404, 0.03784488894618358, 0.028256886165326567, 0.03324089723554994, 0.030011667709819896, 0.03423419492065164, 0.025805999249502245, 0.03586044477983708, 0.028589079090690996, 0.02716811028828475, 0.030746318477111546, 0.030488347111854896, 0.000572361215339612, 2.2016779217706933e-07, 0.0, 0.000572353025098004, 0.0005723588106488779, 0.0005723183843978807, 2.0619233522480648e-07, 0.00017924577084363862, 2.2346308082887994e-07, 0.0, 4.94331876801537e-08, 1.7310049849751734e-07, 0.0005722587201770617, 2.1812428940084748e-07, 0.0005722958709095804, 1.2637513178008814e-07, 2.4170606130341177e-07, 0.0005723599083406368, 0.0001792201642080411, 1.4961627648919255e-07], [0.027765276939385557, 0.036051799212926436, 0.028698431878918577, 0.03073122302946379, 0.022208645980013174, 0.026167590948263365, 0.02432205287683935, 0.022378528991596754, 0.029512595807318992, 0.03607309390398117, 0.024035133356674607, 0.03147729364690403, 0.027469310000194196, 0.028505225419240627, 0.02390936019175684, 0.030106129314982022, 0.02985945160341679, 0.025812616310555248, 0.021708436774536342, 0.03031082216659316, 1.7312131790531473e-07, 0.0005724314519910681, 0.000572353025098004, 0.0, 1.735089360199826e-07, 2.48254036559694e-07, 0.0005725162904947636, 0.0005999195198012909, 0.0005724052925383449, 0.000572353025098004, 0.00057235303870515, 0.0005724425534102518, 1.509094805974223e-07, 0.0005724559857494127, 2.748509453742573e-07, 0.0005724746284016314, 0.0005724382056091755, 2.0344732413491725e-07, 0.0005999228572803299, 0.0005724543928812018], [0.026691356227939722, 0.035875546787053125, 0.028046880216158556, 0.030205726700893488, 0.025097677072649923, 0.0256293868939822, 0.02533149402719234, 0.02378729507862844, 0.033100954147462176, 0.03714626906932155, 0.0259498624456957, 0.03366320163913639, 0.029275180811849155, 0.03243726393287928, 0.025249003735011766, 0.032324817447942605, 0.02912155197785606, 0.026483963809490804, 0.02569999509592435, 0.029907839089505117, 7.095233199372723e-08, 0.0005724372840719913, 0.0005723588106488779, 1.735089360199826e-07, 0.0, 2.0636210396937633e-07, 0.0005725220946625786, 0.0005999306456157579, 0.0005724110812173151, 0.0005723588106488779, 0.0005723588154080376, 0.0005724483347986899, 1.6313784707894634e-07, 0.0005724617605645471, 1.8648148725302672e-07, 0.0005724804106062365, 0.0005724439786733539, 1.7367795195368708e-07, 0.0005999340035536543, 0.0005724601519827097], [0.02714277874474408, 0.03475856964941936, 0.02724836308425133, 0.030621990236343738, 0.025150620462319574, 0.024892730885198437, 0.025524597346017475, 0.023221126167317443, 0.033183796596362336, 0.036647066786228866, 0.026504277875277357, 0.030882690955428928, 0.028144833462238603, 0.03066678687716419, 0.024336457697057265, 0.034007962706706564, 0.029017252299182946, 0.026325973084210405, 0.02782484887062937, 0.030636258068892027, 2.16392925975387e-07, 0.0005723968322467194, 0.0005723183843978807, 2.48254036559694e-07, 2.0636210396937633e-07, 0.0, 0.0005724816844225882, 0.0005998861602850782, 0.0005723707082863931, 0.0005723183843978807, 0.0005723183871063471, 0.0005724078844574683, 2.0411979496788853e-07, 0.0005724213662683709, 1.5181015953936485e-07, 0.0005724399948110172, 0.0005724036132329465, 2.9710098246879456e-07, 0.0005998895717193612, 0.0005724197252645263], [0.026370161925104454, 0.03490605076929544, 0.026881743842711022, 0.030378622674468777, 0.02766920996792912, 0.02463506917706415, 0.02661658203300147, 0.024712852349874425, 0.03622428745374258, 0.03784499025152106, 0.02825702680744586, 0.033241002878033915, 0.030011796280395003, 0.03423433879931029, 0.025806141397673284, 0.035860587261572784, 0.02858916987343666, 0.02716822799346119, 0.030746474870029752, 0.030488453940504465, 0.0005725245041567572, 1.9717452508987458e-07, 2.0619233522480648e-07, 0.0005725162904947636, 0.0005725220946625786, 0.0005724816844225882, 0.0, 0.00017924572402183564, 2.1206752701931285e-07, 2.0619233522480648e-07, 2.2993460696543087e-07, 1.80232704312109e-07, 0.0005724220031470094, 1.7342477837404506e-07, 0.000572459187233043, 1.280275181498469e-07, 2.151080880539616e-07, 0.0005725231873204487, 0.00017922003044926516, 2.1506688760901978e-07], [0.026350486032482533, 0.034888856326019804, 0.026893463024802312, 0.030386837767927874, 0.02766296753730637, 0.024638279188062103, 0.02660398160238779, 0.02471605241635993, 0.03619608070195595, 0.03784156666021236, 0.028266609589463615, 0.033263835841334986, 0.03000000884455589, 0.03425216942570167, 0.02577397959164149, 0.03589358808308421, 0.02859241737414816, 0.02717522062428207, 0.03072917398306593, 0.03048320822854713, 0.0005999329511765157, 0.00017924577310845293, 0.00017924577084363862, 0.0005999195198012909, 0.0005999306456157579, 0.0005998861602850782, 0.00017924572402183564, 0.0, 0.00017926463112223748, 0.00017924577084363862, 0.00017924576542003938, 0.0001792447456654633, 0.0005998295206068411, 0.00017924482934458753, 0.0005998649640956458, 0.000179245708696467, 0.00017926458747314855, 0.0005999317053042031, 2.1482784636372473e-07, 0.00017924567007524667], [0.026370045536171546, 0.03490591716005368, 0.026881639892669614, 0.03037849998538018, 0.02766905238877863, 0.024634989085429396, 0.02661642562766203, 0.024712700380116245, 0.03622413515172955, 0.03784486511264904, 0.02825691336732414, 0.03324089903047533, 0.03001165654481637, 0.03423419117663112, 0.025806037927611436, 0.03586045228857036, 0.028589032535236546, 0.027168098324284344, 0.03074632949355478, 0.030488304722584153, 0.000572413496063244, 2.8163613845598615e-07, 2.2346308082887994e-07, 0.0005724052925383449, 0.0005724110812173151, 0.0005723707082863931, 2.1206752701931285e-07, 0.00017926463112223748, 0.0, 2.2346308082887994e-07, 2.397897034939194e-07, 2.7342114484746757e-07, 0.0005723109987155429, 2.4539816551863756e-07, 0.0005723481870119562, 2.1482698266091414e-07, 9.284729207291539e-08, 0.0005724121359463978, 0.00017923892452779855, 2.6233152228689907e-07], [0.02637008016873452, 0.034905942415537475, 0.02688164360877865, 0.03037851270070677, 0.02766909035855635, 0.024635001813013417, 0.02661645387777577, 0.024712718437164473, 0.03622414623921404, 0.03784488894618358, 0.028256886165326567, 0.03324089723554994, 0.030011667709819896, 0.03423419492065164, 0.025805999249502245, 0.03586044477983708, 0.028589079090690996, 0.02716811028828475, 0.030746318477111546, 0.030488347111854896, 0.000572361215339612, 2.2016779217706933e-07, 0.0, 0.000572353025098004, 0.0005723588106488779, 0.0005723183843978807, 2.0619233522480648e-07, 0.00017924577084363862, 2.2346308082887994e-07, 0.0, 4.94331876801537e-08, 1.7310049849751734e-07, 0.0005722587201770617, 2.1812428940084748e-07, 0.0005722958709095804, 1.2637513178008814e-07, 2.4170606130341177e-07, 0.0005723599083406368, 0.0001792201642080411, 1.4961627648919255e-07], [0.02637005727619035, 0.03490592452042568, 0.026881629083567334, 0.030378492440841003, 0.027669083385981806, 0.024634996769940156, 0.02661643263875876, 0.024712702675170107, 0.0362241382550305, 0.037844888659654276, 0.028256872639148237, 0.03324088989085376, 0.030011652319105343, 0.034234179312433666, 0.025805985671111677, 0.03586043652106607, 0.028589065098508087, 0.027168099705065174, 0.03074630794011766, 0.030488337392568347, 0.0005723612187489797, 2.4393380252166776e-07, 4.94331876801537e-08, 0.00057235303870515, 0.0005723588154080376, 0.0005723183871063471, 2.2993460696543087e-07, 0.00017924576542003938, 2.397897034939194e-07, 4.94331876801537e-08, 0.0, 1.8368499466129572e-07, 0.0005722587242074996, 2.3485821425173923e-07, 0.0005722958694147225, 1.3569935142312192e-07, 2.527245812625179e-07, 0.0005723599149478023, 0.0001792201898116977, 1.2990978485250217e-07], [0.026370122744967993, 0.03490600927152979, 0.02688169062794837, 0.03037856958315335, 0.027669172384353822, 0.02463505058827069, 0.02661651655095176, 0.02471278238339025, 0.03622423108825836, 0.03784493959202037, 0.02825694101574454, 0.03324091839809107, 0.030011716968177074, 0.03423425993419347, 0.025806058863248466, 0.03586052160116074, 0.028589140011145788, 0.027168185572948055, 0.030746392074609007, 0.03048842190134362, 0.0005724507508077847, 2.0601112741843188e-07, 1.7310049849751734e-07, 0.0005724425534102518, 0.0005724483347986899, 0.0005724078844574683, 1.80232704312109e-07, 0.0001792447456654633, 2.7342114484746757e-07, 1.7310049849751734e-07, 1.8368499466129572e-07, 0.0, 0.0005723482506421497, 1.9309703358317317e-07, 0.000572385403727314, 1.635696428816075e-07, 2.8007466826736895e-07, 0.0005724494498329577, 0.00017921921892904305, 1.7275820151085614e-07], [0.026204400699295596, 0.034712468748188646, 0.026762597929487857, 0.030152989251322197, 0.027278711366956147, 0.02449933452101953, 0.026298670555088655, 0.024389576380445616, 0.03583981978459931, 0.03755852372877087, 0.027895153793898675, 0.032962956796542923, 0.0296963685596408, 0.03386249524288965, 0.025500154660837514, 0.03549255171572192, 0.028406697686235615, 0.026880066575828664, 0.030310223277187374, 0.030244216469986932, 1.593696981821764e-07, 0.0005723371698547602, 0.0005722587201770617, 1.509094805974223e-07, 1.6313784707894634e-07, 2.0411979496788853e-07, 0.0005724220031470094, 0.0005998295206068411, 0.0005723109987155429, 0.0005722587201770617, 0.0005722587242074996, 0.0005723482506421497, 0.0, 0.000572361693566538, 1.9239505192811557e-07, 0.0005723803236082341, 0.0005723439099702044, 1.981702981774713e-07, 0.0005998328794675442, 0.0005723600737133708], [0.026370145958208968, 0.034906057048192225, 0.0268817558143965, 0.03037860732132088, 0.027669197107021565, 0.0246350900922434, 0.02661655184561188, 0.02471282767246489, 0.03622426258099564, 0.0378449726050161, 0.028256975065762344, 0.03324097579012422, 0.03001176605030207, 0.03423431038969682, 0.025806101806780855, 0.03586053798649259, 0.02858918080688839, 0.027168214625309006, 0.03074641314952721, 0.030488439092287156, 0.0005724641713038344, 3.089499771105246e-07, 2.1812428940084748e-07, 0.0005724559857494127, 0.0005724617605645471, 0.0005724213662683709, 1.7342477837404506e-07, 0.00017924482934458753, 2.4539816551863756e-07, 2.1812428940084748e-07, 2.3485821425173923e-07, 1.9309703358317317e-07, 0.000572361693566538, 0.0, 0.000572398864106496, 1.697674804202524e-07, 2.208768266188817e-07, 0.0005724628781185367, 0.00017921915246925455, 2.1617466785633424e-07], [0.027142768353011857, 0.034758516215757304, 0.027248303789754885, 0.030621958855253394, 0.02515059860006263, 0.024892716689902117, 0.025524554687387478, 0.02322108581395127, 0.03318375646211884, 0.036647052341165845, 0.02650426796088071, 0.03088269810036906, 0.02814481495089667, 0.030666760753008795, 0.02433642800071342, 0.0340079331620283, 0.02901721703091021, 0.026325944237684265, 0.02782481163077154, 0.030636211221221635, 1.7940267664715665e-07, 0.0005723743503587876, 0.0005722958709095804, 2.748509453742573e-07, 1.8648148725302672e-07, 1.5181015953936485e-07, 0.000572459187233043, 0.0005998649640956458, 0.0005723481870119562, 0.0005722958709095804, 0.0005722958694147225, 0.000572385403727314, 1.9239505192811557e-07, 0.000572398864106496, 0.0, 0.0005724174775852546, 0.0005723810831870212, 2.608504988288071e-07, 0.000599868359718932, 0.000572397200928585], [0.026370114605441673, 0.034905987479754486, 0.026881674995571498, 0.03037856045953616, 0.02766917388028802, 0.024635036231797695, 0.026616521890764508, 0.024712789286208455, 0.03622422831900319, 0.03784495128906841, 0.028256962833311097, 0.033240962426215784, 0.030011737593807396, 0.03423427681409964, 0.02580606723471732, 0.035860521361195864, 0.028589119307110757, 0.027168172798851233, 0.030746409081980938, 0.030488398123968117, 0.0005724828153167824, 2.3156503988631606e-07, 1.2637513178008814e-07, 0.0005724746284016314, 0.0005724804106062365, 0.0005724399948110172, 1.280275181498469e-07, 0.000179245708696467, 2.1482698266091414e-07, 1.2637513178008814e-07, 1.3569935142312192e-07, 1.635696428816075e-07, 0.0005723803236082341, 1.697674804202524e-07, 0.0005724174775852546, 0.0, 2.1060570095182093e-07, 0.0005724815083759466, 0.00017922007254308857, 1.1315472489463723e-07], [0.026370092847471906, 0.03490597248063653, 0.026881694751053824, 0.030378559668117942, 0.02766911254761189, 0.024635062990124246, 0.026616468216695048, 0.024712757176905607, 0.0362241920022752, 0.037844935062223535, 0.02825697302379672, 0.03324096364942709, 0.03001171216549733, 0.03423424501259094, 0.025806095801473167, 0.035860507415726106, 0.02858909509324866, 0.027168163881460726, 0.030746380317993, 0.030488361994081448, 0.0005724463925155817, 3.1585817051222396e-07, 2.4170606130341177e-07, 0.0005724382056091755, 0.0005724439786733539, 0.0005724036132329465, 2.151080880539616e-07, 0.00017926458747314855, 9.284729207291539e-08, 2.4170606130341177e-07, 2.527245812625179e-07, 2.8007466826736895e-07, 0.0005723439099702044, 2.208768266188817e-07, 0.0005723810831870212, 2.1060570095182093e-07, 0.0, 0.0005724450447320747, 0.00017923889227722996, 2.3836485125539138e-07], [0.026691276923897, 0.03587545710720153, 0.02804680924304444, 0.030205652978721638, 0.025097564533772168, 0.02562930977140793, 0.025331403210118043, 0.0237872181204183, 0.03310086162695649, 0.03714619987512671, 0.025949821780800755, 0.03366316026850503, 0.029275113035583156, 0.0324371812979932, 0.025248956360242165, 0.0323247474875091, 0.029121443864334757, 0.026483876327042376, 0.02569993999328653, 0.029907744610497253, 1.9099043602634234e-07, 0.00057243837199524, 0.0005723599083406368, 2.0344732413491725e-07, 1.7367795195368708e-07, 2.9710098246879456e-07, 0.0005725231873204487, 0.0005999317053042031, 0.0005724121359463978, 0.0005723599083406368, 0.0005723599149478023, 0.0005724494498329577, 1.981702981774713e-07, 0.0005724628781185367, 2.608504988288071e-07, 0.0005724815083759466, 0.0005724450447320747, 0.0, 0.0005999350551510004, 0.0005724612610088134], [0.026350532253698582, 0.034888884872165335, 0.026893492872425016, 0.03038686695647311, 0.02766298881877937, 0.02463826915582653, 0.026604053983420323, 0.024716087598958148, 0.03619610550852529, 0.03784155438229968, 0.028266647966637647, 0.03326387214285147, 0.030000058978564316, 0.034252234136157814, 0.025774031514433714, 0.03589361302549858, 0.02859243640253352, 0.02717523326750608, 0.030729207971005694, 0.030483204761336195, 0.0005999363057728174, 0.0001792201582277547, 0.0001792201642080411, 0.0005999228572803299, 0.0005999340035536543, 0.0005998895717193612, 0.00017922003044926516, 2.1482784636372473e-07, 0.00017923892452779855, 0.0001792201642080411, 0.0001792201898116977, 0.00017921921892904305, 0.0005998328794675442, 0.00017921915246925455, 0.000599868359718932, 0.00017922007254308857, 0.00017923889227722996, 0.0005999350551510004, 0.0, 0.00017922012712985328], [0.02637011404996543, 0.03490598216453747, 0.026881666378085284, 0.0303785582617282, 0.02766918195941629, 0.02463507014692343, 0.02661649533509024, 0.024712776124423196, 0.03622422785319188, 0.03784497114009955, 0.02825695904639105, 0.033240963696520125, 0.03001172627604214, 0.03423426191868736, 0.025806061847297713, 0.0358605244880494, 0.02858912930422369, 0.027168186758305683, 0.03074639395491325, 0.03048840699315547, 0.0005724625582997209, 2.751652877654556e-07, 1.4961627648919255e-07, 0.0005724543928812018, 0.0005724601519827097, 0.0005724197252645263, 2.1506688760901978e-07, 0.00017924567007524667, 2.6233152228689907e-07, 1.4961627648919255e-07, 1.2990978485250217e-07, 1.7275820151085614e-07, 0.0005723600737133708, 2.1617466785633424e-07, 0.000572397200928585, 1.1315472489463723e-07, 2.3836485125539138e-07, 0.0005724612610088134, 0.00017922012712985328, 0.0]], "Angle": [[0.0, 0.09039976194420656, 0.10826618137028234, 0.07740876426174131, 0.07598223941929347, 0.07119974658664335, 0.040313729275972966, 0.09240868498037445, 0.07273730381448772, 0.1095378616001635, 0.08205485593317673, 0.09473463438147647, 0.07026792402211718, 0.03417362769751029, 0.05336332264356164, 0.07695203218537937, 0.07103153499127052, 0.06935178759986264, 0.0822600098479461, 0.08740861702781984, 0.02971769373732424, 0.06174773929586605, 0.061747698105861705, 0.029666089379240083, 0.02971772315688641, 0.02975059796723343, 0.06198903925860994, 0.06160124456424203, 0.06176880475473514, 0.061747698105861705, 0.061747703362522346, 0.06178220632948589, 0.06327603203434728, 0.06178229075846063, 0.02966615459510525, 0.06174759231167107, 0.061768796161123525, 0.029717663796063092, 0.061989024646868264, 0.06174758647510502], [0.09039976194420656, 0.0, 0.0853975767696908, 0.04552578022921344, 0.06376929826772017, 0.0594774176700625, 0.093025916248606, 0.07288296203132268, 0.056566590925153495, 0.05609921916532477, 0.062323592208063376, 0.045498355943161504, 0.05720920067252823, 0.07366664964078702, 0.05689659605694102, 0.05758782384417572, 0.05659406506037459, 0.02861924690722167, 0.06068094847184953, 0.0388672281352263, 0.08673510190167522, 0.09002644359534287, 0.09002643965754069, 0.08671205775263821, 0.08673514684253163, 0.08674984839145732, 0.09024019028726905, 0.08989414290741564, 0.09004530534314939, 0.09002643965754069, 0.090026449265897, 0.09005737640114511, 0.09089883279004098, 0.09005746023352182, 0.08671216789603592, 0.09002638620046369, 0.09004536914381193, 0.08673506223655938, 0.0902401721693424, 0.0900264290406773], [0.10826618137028234, 0.0853975767696908, 0.0, 0.0618249531403987, 0.06426658327285342, 0.06688374090166323, 0.08913808982357595, 0.024368554422908105, 0.06730267668949114, 0.049062844549717745, 0.07495320639855532, 0.07937821261308615, 0.07348802986084173, 0.08029092036264447, 0.06120412760623467, 0.06642379390560081, 0.05986012851694287, 0.0781814696871264, 0.03742121963131187, 0.08327244995514618, 0.11207126405478543, 0.12147345809937143, 0.12147344961725717, 0.11205970592146736, 0.11207126140560522, 0.11207864846242706, 0.12157827219891369, 0.1214111355343351, 0.12148247273928156, 0.12147344961725717, 0.12147343778317062, 0.12148824861051546, 0.12233226327021302, 0.12148827283658448, 0.11205975702140525, 0.12147338817526541, 0.12148248314380299, 0.11207123210320967, 0.12157827677775204, 0.12147342109968835], [0.07740876426174131, 0.04552578022921344, 0.0618249531403987, 0.0, 0.03576267341764819, 0.061693974321404034, 0.0698390443036353, 0.05042349597639004, 0.04004666022519004, 0.04346679875370814, 0.06526635288832455, 0.03139224259940173, 0.029130091142766993, 0.05056371118342052, 0.029572504765191073, 0.053662917986619575, 0.025661096675478116, 0.04082951609456677, 0.033963391434503054, 0.045061807396017194, 0.08180562526330216, 0.08613078061259538, 0.0861307704798483, 0.08177728282822341, 0.08180564535651422, 0.08182366191680507, 0.08638842276278949, 0.08596964090908067, 0.08615368787989457, 0.0861307704798483, 0.08613076906417019, 0.08616830097308044, 0.08708157159052125, 0.08616835650355585, 0.08177735270047694, 0.08613071416180411, 0.08615373568377255, 0.0818055697492298, 0.0863884127634753, 0.08613075438656337], [0.07598223941929347, 0.06376929826772017, 0.06426658327285342, 0.03576267341764819, 0.0, 0.06940443062603731, 0.0670355300966089, 0.0567773161033681, 0.05226613418604252, 0.05046766183519253, 0.0791629243734099, 0.04594022199263232, 0.030200990346006477, 0.04289968298664529, 0.040570245652194636, 0.06370091609928283, 0.02013874030981354, 0.04779885362650278, 0.02903457995698382, 0.06958044934887084, 0.08931052375949679, 0.08621533392890796, 0.0862153833457736, 0.08929041273152409, 0.0893105445452355, 0.08932332640910971, 0.08641652646775827, 0.08609208392467146, 0.08623318342825083, 0.0862153833457736, 0.08621537994781732, 0.08624457985678517, 0.08601998288451526, 0.08624458677067436, 0.08929050518232641, 0.08621541688575089, 0.08623324526248628, 0.08931047745948983, 0.08641654799874003, 0.08621547515391559], [0.07119974658664335, 0.0594774176700625, 0.06688374090166323, 0.061693974321404034, 0.06940443062603731, 0.0, 0.061792241138448036, 0.057517310760595866, 0.055521708198825494, 0.07538469820698232, 0.03231996726529003, 0.08341297452391411, 0.07516650248122723, 0.059928868110183955, 0.04537783880933854, 0.028636799318633603, 0.05677318964753737, 0.05241140644977852, 0.052678011372624386, 0.0629009875219127, 0.061726801140332646, 0.08491948200809628, 0.08491945306465688, 0.061749160488903436, 0.06172680959058652, 0.06171279182298703, 0.08477703295903247, 0.0850243277464635, 0.08490538599299838, 0.08491945306465688, 0.08491944626097102, 0.08489656017353137, 0.0858482676369889, 0.08489659937430223, 0.06174923847505624, 0.08491936571863494, 0.08490538432329228, 0.06172678904730063, 0.08477702767928587, 0.08491938970420816], [0.040313729275972966, 0.093025916248606, 0.08913808982357595, 0.0698390443036353, 0.0670355300966089, 0.061792241138448036, 0.0, 0.07678982592387473, 0.057724926053502844, 0.10263210121204129, 0.06552149544229474, 0.096302960054746, 0.07175275004901308, 0.03670813478667361, 0.04701649768306192, 0.057203254365400164, 0.05964675494201462, 0.07620005127596223, 0.06720198345169369, 0.08149581461861212, 0.04580392984474964, 0.04312242463637716, 0.043122444776691186, 0.04580467669703368, 0.045803866