{"Bond": [[0.0, 0.5491768915749252, 0.5383432253331889, 0.5796635349452856, 0.5435374801329579, 0.23076611016119145, 0.5458883950826451, 0.01527860595556016, 0.5778045182747781, 0.5501174358150301, 0.5372264096807461, 0.5783724623157429, 0.5365217364983792, 0.014311629859437267, 0.5805015304451562, 0.5505347859657692, 0.5375991024271897, 0.5794600776173392, 0.232628491958964, 0.5336678636390295, 0.2982686398841775, 0.2981335887349981, 0.2985980104022827, 0.28857406378055833, 0.298606413260263, 0.28844761618119774, 0.28845068246387945, 0.29740823617328, 0.2884369809571404, 0.29741618808420517, 0.2987346846112797, 0.2884711360608853, 0.28844608011440126, 0.29812905520319, 0.2886068234095284, 0.29857684718683175, 0.2975444936285064, 0.29741077742589034, 0.28847196453354423, 0.2981298321725485], [0.5491768915749252, 0.0, 0.021295327046455217, 0.09804976436248039, 0.016579320922749993, 0.5713858829994529, 0.015084698136956851, 0.5772801499214789, 0.09180080350320895, 0.020946039617284685, 0.01854468211251194, 0.09247219456527853, 0.0175084288830575, 0.5853037605238159, 0.0965130987235257, 0.016332784430460694, 0.01465942541233386, 0.09701765641021957, 0.550249581237828, 0.02046060337724761, 0.2694155295891641, 0.2694943927454581, 0.2619706809485562, 0.26754249131128405, 0.26217912551210654, 0.2668391987501369, 0.2671421283116157, 0.262340460626636, 0.2668959987693424, 0.26195759387070044, 0.2623469286351101, 0.2671038284864317, 0.2597966801089407, 0.2619459002871013, 0.2671337427367186, 0.2690879551352441, 0.26933411915849653, 0.26912051983732416, 0.2592459666827248, 0.2622868966593397], [0.5383432253331889, 0.021295327046455217, 0.0, 0.2475749341922315, 0.01659526000393025, 0.6022343558090731, 0.026921120131189646, 0.5663348442010815, 0.24183409965976324, 0.020376129806327872, 0.015918717493507102, 0.24209111683612208, 0.016275748647958537, 0.564519529262437, 0.24623838881947727, 0.02580660832907012, 0.016375109941904845, 0.24664123699635515, 0.5827821299188898, 0.015039574742527475, 0.3468167117630629, 0.34679554299449145, 0.34155877628225, 0.34433617735167876, 0.3417063903241757, 0.3437607847564383, 0.3439770717942506, 0.34137878145093625, 0.3437994911412925, 0.341117280400554, 0.3419001423322037, 0.3439507705809342, 0.33881322753230625, 0.34151156601438626, 0.344050207007884, 0.34652042555912055, 0.34635972885377375, 0.3461331253919553, 0.33843345759499716, 0.34174855632662465], [0.5796635349452856, 0.09804976436248039, 0.2475749341922315, 0.0, 0.1805161717552649, 0.5535570114689293, 0.19396766770850385, 0.6079470069693486, 0.020676833788171256, 0.1833702581376661, 0.2449065632825071, 0.010623717065297914, 0.2356106425057287, 0.5874863924529372, 0.009755254545080898, 0.17584970720244736, 0.23751458138336007, 0.012534446574575022, 0.5320309211393479, 0.23531985525415564, 0.25447562332482976, 0.2546137424501445, 0.24720068604857193, 0.2512726878344561, 0.24740455538682168, 0.2506359635978806, 0.2509367971968603, 0.24786588328631148, 0.2506908924551357, 0.2474863992117134, 0.24750686104292152, 0.25090384589636866, 0.24362234037364175, 0.24718151590864323, 0.2508690341234263, 0.25422009683737556, 0.2546836122724011, 0.25453349377244994, 0.24307760407042778, 0.24751626776942975], [0.5435374801329579, 0.016579320922749993, 0.01659526000393025, 0.1805161717552649, 0.0, 0.5834766441435872, 0.021181426780661778, 0.5716438944998298, 0.17209191511690586, 0.01964579678859283, 0.018420777151866186, 0.17498715697646014, 0.016947171344845555, 0.5795283151257348, 0.17910794018299372, 0.02124530318318134, 0.016534520677230644, 0.17937302143890213, 0.5630491436299876, 0.017646643943760226, 0.28422476510505207, 0.2842454627939359, 0.2772409443047782, 0.28395991560655787, 0.27743167927934587, 0.28326278212186395, 0.2835405951250347, 0.277424677935282, 0.28331660165713424, 0.27707793601479974, 0.2776382623834936, 0.2835007011869702, 0.27684864234621315, 0.27734094807820686, 0.2835816138564261, 0.2837401123291676, 0.28388212788533584, 0.28363552624466254, 0.2763449150328112, 0.2776522211501934], [0.23076611016119145, 0.5713858829994529, 0.6022343558090731, 0.5535570114689293, 0.5834766441435872, 0.0, 0.5898208129873438, 0.24254688053372866, 0.5537518350735795, 0.5902054063048168, 0.5988941873997075, 0.5635448597609042, 0.5948601298607723, 0.15491760675780866, 0.5548902879480743, 0.5985143533091279, 0.5965082022014179, 0.5538420464739218, 0.016391833993207035, 0.5936283824667614, 0.207276322324494, 0.2072712695824195, 0.2080663429806605, 0.19125426314293376, 0.20807438473686182, 0.19127526885898974, 0.1912754196625355, 0.20720289500491337, 0.19125673627681838, 0.2072038939557119, 0.20806904786859634, 0.19131592256196656, 0.19127366205277455, 0.20727110628625844, 0.1913095084688898, 0.20807321318501415, 0.2071995449640613, 0.207194656841231, 0.19131613246608958, 0.20727099416301717], [0.5458883950826451, 0.015084698136956851, 0.026921120131189646, 0.19396766770850385, 0.021181426780661778, 0.5898208129873438, 0.0, 0.5739502836127846, 0.1869189065355114, 0.026357574987875398, 0.01942699556241945, 0.18858213194200624, 0.01999952877482501, 0.5819939030976431, 0.1931858736916314, 0.015212826283066467, 0.02119489538398904, 0.19317697253998017, 0.5699084889227232, 0.021573045325957965, 0.30131605222775215, 0.30132938411487364, 0.2946295635693189, 0.3005240727367676, 0.2948126044919819, 0.2998500649532955, 0.30011649361774667, 0.29477287156048926, 0.29990065892349876, 0.29444184375733085, 0.2950165791971153, 0.30007917905188536, 0.2937123698180461, 0.29472532783614824, 0.300163469225616, 0.30084420196793515, 0.30095558121110044, 0.30071288650205263, 0.2932321283270203, 0.2950229743645677], [0.01527860595556016, 0.5772801499214789, 0.5663348442010815, 0.6079470069693486, 0.5716438944998298, 0.24254688053372866, 0.5739502836127846, 0.0, 0.6061194027696375, 0.5780845565093911, 0.5651843240886836, 0.6166270762628692, 0.5645719949839778, 0.018655601064127753, 0.6088144135408731, 0.5883688156603639, 0.5656584653079555, 0.6078331262886554, 0.24064140535383166, 0.561669391748185, 0.31705186760846504, 0.3169156543750559, 0.31735241584445206, 0.3069047887842965, 0.31736170862444396, 0.30677779080080536, 0.306781272689211, 0.31618694212748366, 0.30676633836817024, 0.31619527420884436, 0.31749043890541295, 0.3068023904288786, 0.3067761470071966, 0.31691113189749115, 0.3069390294542211, 0.31733145859288303, 0.31632427184544426, 0.3161897389648895, 0.30680304251097695, 0.316912010041569], [0.5778045182747781, 0.09180080350320895, 0.24183409965976324, 0.020676833788171256, 0.17209191511690586, 0.5537518350735795, 0.1869189065355114, 0.6061194027696375, 0.0, 0.1749753584041412, 0.2359420845703962, 0.01872962918264514, 0.22683581266696798, 0.5767692294042426, 0.015351976290472698, 0.16843672918191913, 0.22833264085815427, 0.02112647639953016, 0.5320452174122083, 0.23014334414994375, 0.24068560090411556, 0.24082041957966477, 0.2331820575694305, 0.23821204651980318, 0.23339201158684855, 0.237552304702701, 0.23786059547993701, 0.23389103741369133, 0.23760969324426923, 0.23350136650640493, 0.23350423444138252, 0.2378239261844389, 0.23036688063250352, 0.23318842633473294, 0.23779610694536474, 0.24038926454367238, 0.24089862763147965, 0.24073653965348316, 0.22980610292596865, 0.23353272917336587], [0.5501174358150301, 0.020946039617284685, 0.020376129806327872, 0.1833702581376661, 0.01964579678859283, 0.5902054063048168, 0.026357574987875398, 0.5780845565093911, 0.1749753584041412, 0.0, 0.020142974268180028, 0.17753563249910745, 0.022380408091718214, 0.5861179121874943, 0.1817388183120202, 0.020542489171295395, 0.024293320065992417, 0.1820788101104208, 0.569696196524146, 0.024079569334808187, 0.2942840042608594, 0.2943075763591118, 0.2873354970672689, 0.2939003515368343, 0.2875271552092164, 0.2932053634449026, 0.2934832287522803, 0.2874336962042563, 0.29325882897341676, 0.2870859972699701, 0.2877315577005642, 0.293443396412289, 0.28678850735847167, 0.2873835983646121, 0.29352197233544713, 0.29385320355269606, 0.29390621836968484, 0.2936610250731499, 0.28628440469351657, 0.28769623958768814], [0.5372264096807461, 0.01854468211251194, 0.015918717493507102, 0.2449065632825071, 0.018420777151866186, 0.5988941873997075, 0.01942699556241945, 0.5651843240886836, 0.2359420845703962, 0.020142974268180028, 0.0, 0.23921897956024496, 0.010455414267635897, 0.5730716839248402, 0.24371459705882342, 0.020082763640008206, 0.015246799259044317, 0.24381231070780787, 0.5795231978415317, 0.013246026409171451, 0.337334645661202, 0.33731578313063526, 0.3317923502725843, 0.3356542924279591, 0.33194791369927357, 0.33504953547186894, 0.33527775914730623, 0.331597450373231, 0.33509151969398526, 0.3313209773218033, 0.3321495951266316, 0.3352475425944339, 0.3298316061524926, 0.3317329918746795, 0.3353499989941214, 0.3370343520891197, 0.33685779562070656, 0.3366215996370893, 0.32942796113329287, 0.3319837473224364], [0.5783724623157429, 0.09247219456527853, 0.24209111683612208, 0.010623717065297914, 0.17498715697646014, 0.5635448597609042, 0.18858213194200624, 0.6166270762628692, 0.01872962918264514, 0.17753563249910745, 0.23921897956024496, 0.0, 0.2300706708214907, 0.58687083114032, 0.010899008716271877, 0.17300938193840684, 0.23200195386985434, 0.014478497351101498, 0.5328666323173645, 0.22998125389329854, 0.25711648878084037, 0.2572541052148063, 0.2496542345918002, 0.2540954346134592, 0.24986468005075788, 0.2534354399495006, 0.253745144297052, 0.2502868484914912, 0.2534921799209078, 0.24989584795898748, 0.24997490422435192, 0.2537099590254313, 0.24622390676797976, 0.24960163727992055, 0.2536799041236116, 0.25687941954504423, 0.25731128527227654, 0.2571514731723904, 0.24566273942345826, 0.24994662693485778], [0.5365217364983792, 0.0175084288830575, 0.016275748647958537, 0.2356106425057287, 0.016947171344845555, 0.5948601298607723, 0.01999952877482501, 0.5645719949839778, 0.22683581266696798, 0.022380408091718214, 0.010455414267635897, 0.2300706708214907, 0.0, 0.5722952711161113, 0.2343980519078076, 0.02253088718158702, 0.011981162684723443, 0.23466498444138625, 0.575308091206366, 0.011442473902075789, 0.33885954905464816, 0.33884593262428164, 0.3333600578496014, 0.3364153182579118, 0.3335140450649176, 0.3358214416712041, 0.3360477589165292, 0.33321001232279585, 0.3358620290141036, 0.3329361455826528, 0.333708392633959, 0.3360200523268131, 0.33063962309438005, 0.3333168172668478, 0.3361154852166029, 0.33855327766185905, 0.3384139107599093, 0.33818544052497385, 0.3302409993499667, 0.3335650117010511], [0.014311629859437267, 0.5853037605238159, 0.564519529262437, 0.5874863924529372, 0.5795283151257348, 0.15491760675780866, 0.5819939030976431, 0.018655601064127753, 0.5767692294042426, 0.5861179121874943, 0.5730716839248402, 0.58687083114032, 0.5722952711161113, 0.0, 0.5884949022288981, 0.5866814153792631, 0.5735364809589463, 0.5874666765826912, 0.15674961709732693, 0.559943122819672, 0.25486324812065214, 0.2547555418911568, 0.255351474078651, 0.24254858195041862, 0.25536028306852815, 0.24245325707990595, 0.24245523078203096, 0.25415548811227384, 0.2424389754695486, 0.25416280995104706, 0.25546026606057903, 0.24248335151555772, 0.2424512411540083, 0.2547516410252441, 0.24259062953833602, 0.2553372118478682, 0.25426235203610603, 0.2541559979677451, 0.24248407062144056, 0.25475246458372547], [0.5805015304451562, 0.0965130987235257, 0.24623838881947727, 0.009755254545080898, 0.17910794018299372, 0.5548902879480743, 0.1931858736916314, 0.6088144135408731, 0.015351976290472698, 0.1817388183120202, 0.24371459705882342, 0.010899008716271877, 0.2343980519078076, 0.5884949022288981, 0.0, 0.17468533571006745, 0.23621002513875602, 0.011387791038638878, 0.5332743282402069, 0.2342524591688624, 0.24799470043185914, 0.24813737820926934, 0.2404200267301922, 0.2454021666602465, 0.2406311252338672, 0.24474338694610503, 0.24505387569888304, 0.2411418638478717, 0.24480114729002184, 0.24074846409695136, 0.24073832332447717, 0.24501799123039747, 0.2374956905558436, 0.24043605815153665, 0.24498309719490594, 0.24769459512278547, 0.2482067487496897, 0.2480505220288078, 0.23693026889271956, 0.24078341435848857], [0.5505347859657692, 0.016332784430460694, 0.02580660832907012, 0.17584970720244736, 0.02124530318318134, 0.5985143533091279, 0.015212826283066467, 0.5883688156603639, 0.16843672918191913, 0.020542489171295395, 0.020082763640008206, 0.17300938193840684, 0.02253088718158702, 0.5866814153792631, 0.17468533571006745, 0.0, 0.023303665658137775, 0.1747882960364584, 0.5685273991955914, 0.023165889888960955, 0.30133096573663853, 0.3013580964106829, 0.2942871104229996, 0.30042406880343564, 0.29448157255761415, 0.29972298698908145, 0.3000052093230388, 0.29444993637834715, 0.29977658649515554, 0.2940965008216995, 0.29468548307596626, 0.2999666790611446, 0.2932111402877033, 0.2943413220751595, 0.30004282942646265, 0.30089327601923904, 0.30100348819378214, 0.3007591955804122, 0.292701015567937, 0.29465812305152084], [0.5375991024271897, 0.01465942541233386, 0.016375109941904845, 0.23751458138336007, 0.016534520677230644, 0.5965082022014179, 0.02119489538398904, 0.5656584653079555, 0.22833264085815427, 0.024293320065992417, 0.015246799259044317, 0.23200195386985434, 0.011981162684723443, 0.5735364809589463, 0.23621002513875602, 0.023303665658137775, 0.0, 0.23641364810901483, 0.5770177843995414, 0.01245886349195478, 0.333240944047382, 0.33322584795450855, 0.327538529375992, 0.331367564011946, 0.32769594452437734, 0.3307589820743935, 0.33099014872693044, 0.3274648767879212, 0.33080149801874625, 0.3271843595628318, 0.3278963219286649, 0.3309599876392946, 0.32546498824033254, 0.3275653414968021, 0.33105919321937793, 0.3328558054050808, 0.3327939400368159, 0.3325587028487625, 0.32505577372452843, 0.32781945510015925], [0.5794600776173392, 0.09701765641021957, 0.24664123699635515, 0.012534446574575022, 0.17937302143890213, 0.5538420464739218, 0.19317697253998017, 0.6078331262886554, 0.02112647639953016, 0.1820788101104208, 0.24381231070780787, 0.014478497351101498, 0.23466498444138625, 0.5874666765826912, 0.011387791038638878, 0.1747882960364584, 0.23641364810901483, 0.0, 0.5322724189944362, 0.23443765682569837, 0.27718236908402705, 0.2773084067002421, 0.270665569562079, 0.27261170849711935, 0.2708526395195579, 0.2720255912426579, 0.27230352796499735, 0.2710963886366038, 0.2720748979537769, 0.2707487551685379, 0.27094597101324996, 0.2722774086837405, 0.26556559584922673, 0.2704866203468706, 0.27224483084523476, 0.27710400595580553, 0.2773564761860788, 0.2772170672783003, 0.2650692945718611, 0.2707930487370033], [0.232628491958964, 0.550249581237828, 0.5827821299188898, 0.5320309211393479, 0.5630491436299876, 0.016391833993207035, 0.5699084889227232, 0.24064140535383166, 0.5320452174122083, 0.569696196524146, 0.5795231978415317, 0.5328666323173645, 0.575308091206366, 0.15674961709732693, 0.5332743282402069, 0.5685273991955914, 0.5770177843995414, 0.5322724189944362, 0.0, 0.5741548099268037, 0.18928804304443828, 0.18928645222746338, 0.19008372621306338, 0.17354679296414938, 0.19009116368122533, 0.17357157734662726, 0.17357103913065497, 0.1891911499853413, 0.173553303894415, 0.18919217540585592, 0.19008317020522375, 0.17361182420746682, 0.17357008516374572, 0.18928662193472645, 0.1736019851217863, 0.19009130429793714, 0.18918383791875454, 0.18918359823298125, 0.17361219004466633, 0.18928656786801], [0.5336678636390295, 0.02046060337724761, 0.015039574742527475, 0.23531985525415564, 0.017646643943760226, 0.5936283824667614, 0.021573045325957965, 0.561669391748185, 0.23014334414994375, 0.024079569334808187, 0.013246026409171451, 0.22998125389329854, 0.011442473902075789, 0.559943122819672, 0.2342524591688624, 0.023165889888960955, 0.01245886349195478, 0.23443765682569837, 0.5741548099268037, 0.0, 0.33546466004818104, 0.33544633387368233, 0.3301334827184388, 0.33282819362564386, 0.3302817397363136, 0.3322509993322775, 0.3324693558754824, 0.33000986198211485, 0.33228998272766375, 0.3297469825315065, 0.330473507809826, 0.3324431114758713, 0.32726001664584764, 0.3301308493670523, 0.3325400393467208, 0.3351251065773284, 0.33501841813731476, 0.33479307133534203, 0.3268769845945982, 0.33036920248657436], [0.2982686398841775, 0.2694155295891641, 0.3468167117630629, 0.25447562332482976, 0.28422476510505207, 0.207276322324494, 0.30131605222775215, 0.31705186760846504, 0.24068560090411556, 0.2942840042608594, 0.337334645661202, 0.25711648878084037, 0.33885954905464816, 0.25486324812065214, 0.24799470043185914, 0.30133096573663853, 0.333240944047382, 0.27718236908402705, 0.18928804304443828, 0.33546466004818104, 0.0, 0.00018609741707001901, 0.006710580501665773, 0.018116281605752033, 0.006703833623418253, 0.01808812890684511, 0.018088098166174318, 0.0016438572424947086, 0.0181093726432925, 0.0016345033850906237, 0.006683216357275073, 0.01804119636227148, 0.01808957275565072, 0.00019216413963939077, 0.01805546585512499, 0.006705003553395341, 0.001525001765367074, 0.0016327936433183138, 0.018041240243556116, 0.00019220219721676705], [0.2981335887349981, 0.2694943927454581, 0.34679554299449145, 0.2546137424501445, 0.2842454627939359, 0.2072712695824195, 0.30132938411487364, 0.3169156543750559, 0.24082041957966477, 0.2943075763591118, 0.33731578313063526, 0.2572541052148063, 0.33884593262428164, 0.2547555418911568, 0.24813737820926934, 0.3013580964106829, 0.33322584795450855, 0.2773084067002421, 0.18928645222746338, 0.33544633387368233, 0.00018609741707001901, 0.0, 0.006706455626352975, 0.01811674052641076, 0.0066997892646473494, 0.01808667153906934, 0.01808667636489555, 0.0015270460651622493, 0.01810793586794236, 0.0015180474620381332, 0.006684245772512179, 0.018039742900810323, 0.018088121286219574, 3.3832709938675085e-05, 0.018055929179976914, 0.006699907028246874, 0.0014233323365088935, 0.0015166473868845516, 0.018039798702200186, 2.508198669988049e-05], [0.2985980104022827, 0.2619706809485562, 0.34155877628225, 0.24720068604857193, 0.2772409443047782, 0.2080663429806605, 0.2946295635693189, 0.31735241584445206, 0.2331820575694305, 0.2873354970672689, 0.3317923502725843, 0.2496542345918002, 0.3333600578496014, 0.255351474078651, 0.2404200267301922, 0.2942871104229996, 0.327538529375992, 0.270665569562079, 0.19008372621306338, 0.3301334827184388, 0.006710580501665773, 0.006706455626352975, 0.0, 0.017744611124408748, 3.083284046325323e-05, 0.017715421304863137, 0.017715412758261953, 0.006798216442224445, 0.01773522480715533, 0.006795684415121457, 0.00019470729165349293, 0.017671620326198845, 0.017716726240397572, 0.00670564044376398, 0.017686903702196104, 4.812007200998754e-05, 0.00677744040158044, 0.006795853399812087, 0.017671664920258498, 0.006705244440387719], [0.28857406378055833, 0.26754249131128405, 0.34433617735167876, 0.2512726878344561, 0.28395991560655787, 0.19125426314293376, 0.3005240727367676, 0.3069047887842965, 0.23821204651980318, 0.2939003515368343, 0.3356542924279591, 0.2540954346134592, 0.3364153182579118, 0.24254858195041862, 0.2454021666602465, 0.30042406880343564, 0.331367564011946, 0.27261170849711935, 0.17354679296414938, 0.33282819362564386, 0.018116281605752033, 0.01811674052641076, 0.017744611124408748, 0.0, 0.017751776205550705, 0.00019135417539517264, 0.0001879437286762056, 0.018169827615521182, 0.00018948234237672838, 0.01816880314718192, 0.01774044082968304, 0.00020641332299075414, 0.0001924529820780705, 0.01811628667802996, 7.826764923938105e-05, 0.01775221788827553, 0.018151690711815556, 0.018160634039212694, 0.00020512857732373329, 0.018116320266957666], [0.298606413260263, 0.26217912551210654, 0.3417063903241757, 0.24740455538682168, 0.27743167927934587, 0.20807438473686182, 0.2948126044919819, 0.31736170862444396, 0.23339201158684855, 0.2875271552092164, 0.33194791369927357, 0.24986468005075788, 0.3335140450649176, 0.25536028306852815, 0.2406311252338672, 0.29448157255761415, 0.32769594452437734, 0.2708526395195579, 0.19009116368122533, 0.3302817397363136, 0.006703833623418253, 0.0066997892646473494, 3.083284046325323e-05, 0.017751776205550705, 0.0, 0.0177226264787354, 0.017722612793853374, 0.006792368712452204, 0.01774244671860349, 0.0067897801378553994, 0.0001890660196897625, 0.01767883217179175, 0.01772395250214557, 0.006699032302937361, 0.017694025760499364, 4.462832598670756e-05, 0.006771439016026204, 0.006790020753947361, 0.01767887623818895, 0.006698604980404551], [0.28844761618119774, 0.2668391987501369, 0.3437607847564383, 0.2506359635978806, 0.28326278212186395, 0.19127526885898974, 0.2998500649532955, 0.30677779080080536, 0.237552304702701, 0.2932053634449026, 0.33504953547186894, 0.2534354399495006, 0.3358214416712041, 0.24245325707990595, 0.24474338694610503, 0.29972298698908145, 0.3307589820743935, 0.2720255912426579, 0.17357157734662726, 0.3322509993322775, 0.01808812890684511, 0.01808667153906934, 0.017715421304863137, 0.00019135417539517264, 0.0177226264787354, 0.0, 2.199123515161463e-05, 0.018130544783289137, 3.4549290487423684e-05, 0.01812960351806282, 0.017713245248918458, 6.551252876228314e-05, 3.624524523507601e-05, 0.01808616030786837, 0.0001965123373054948, 0.01772265220348618, 0.01811436883950554, 0.018121451489250085, 6.221619704251715e-05, 0.018086187788703936], [0.28845068246387945, 0.2671421283116157, 0.3439770717942506, 0.2509367971968603, 0.2835405951250347, 0.1912754196625355, 0.30011649361774667, 0.306781272689211, 0.23786059547993701, 0.2934832287522803, 0.33527775914730623, 0.253745144297052, 0.3360477589165292, 0.24245523078203096, 0.24505387569888304, 0.3000052093230388, 0.33099014872693044, 0.27230352796499735, 0.17357103913065497, 0.3324693558754824, 0.018088098166174318, 0.01808667636489555, 0.017715412758261953, 0.0001879437286762056, 0.017722612793853374, 2.199123515161463e-05, 0.0, 0.018130764350393843, 4.0949461451568373e-05, 0.01812982438546679, 0.01771320839579823, 6.303360050231364e-05, 3.1585284545592726e-05, 0.018086158216082334, 0.00019314985853387612, 0.01772266931794367, 0.01811454202570624, 0.018121650946532283, 6.589849588670621e-05, 0.018086184362610905], [0.29740823617328, 0.262340460626636, 0.34137878145093625, 0.24786588328631148, 0.277424677935282, 0.20720289500491337, 0.29477287156048926, 0.31618694212748366, 0.23389103741369133, 0.2874336962042563, 0.331597450373231, 0.2502868484914912, 0.33321001232279585, 0.25415548811227384, 0.2411418638478717, 0.29444993637834715, 0.3274648767879212, 0.2710963886366038, 0.1891911499853413, 0.33000986198211485, 0.0016438572424947086, 0.0015270460651622493, 0.006798216442224445, 0.018169827615521182, 0.006792368712452204, 0.018130544783289137, 0.018130764350393843, 0.0, 0.01815176072820502, 4.1710808051571813e-05, 0.006801150294590914, 0.018083578232910232, 0.01813188661272198, 0.0015221936119878907, 0.018109140382078528, 0.006787120410119589, 0.00019873285385168754, 5.003017626804156e-05, 0.018083674379436865, 0.0015224929187725507], [0.2884369809571404, 0.2668959987693424, 0.3437994911412925, 0.2506908924551357, 0.28331660165713424, 0.19125673627681838, 0.29990065892349876, 0.30676633836817024, 0.23760969324426923, 0.29325882897341676, 0.33509151969398526, 0.2534921799209078, 0.3358620290141036, 0.2424389754695486, 0.24480114729002184, 0.29977658649515554, 0.33080149801874625, 0.2720748979537769, 0.173553303894415, 0.33228998272766375, 0.0181093726432925, 0.01810793586794236, 0.01773522480715533, 0.00018948234237672838, 0.01774244671860349, 3.4549290487423684e-05, 4.0949461451568373e-05, 0.01815176072820502, 0.0, 0.018150830096812006, 0.017733063221684463, 8.343794881510764e-05, 4.251403377325679e-05, 0.01810741432052211, 0.00020058559949488533, 0.017742472124684317, 0.018135569170741005, 0.018142700504740452, 8.088172354686951e-05, 0.018107457861461545], [0.29741618808420517, 0.26195759387070044, 0.341117280400554, 0.2474863992117134, 0.27707793601479974, 0.2072038939557119, 0.29444184375733085, 0.31619527420884436, 0.23350136650640493, 0.2870859972699701, 0.3313209773218033, 0.24989584795898748, 0.3329361455826528, 0.25416280995104706, 0.24074846409695136, 0.2940965008216995, 0.3271843595628318, 0.2707487551685379, 0.18919217540585592, 0.3297469825315065, 0.0016345033850906237, 0.0015180474620381332, 0.006795684415121457, 0.01816880314718192, 0.0067897801378553994, 0.01812960351806282, 0.01812982438546679, 4.1710808051571813e-05, 0.018150830096812006, 0.0, 0.0067984728695353585, 0.01808272169101793, 0.018130998790550624, 0.0015134202471718196, 0.0181081365467204, 0.006784589109164944, 0.00018456073994866788, 5.41941817552505e-05, 0.018082814470839842, 0.0015134726280441328], [0.2987346846112797, 0.2623469286351101, 0.3419001423322037, 0.24750686104292152, 0.2776382623834936, 0.20806904786859634, 0.2950165791971153, 0.31749043890541295, 0.23350423444138252, 0.2877315577005642, 0.3321495951266316, 0.24997490422435192, 0.333708392633959, 0.25546026606057903, 0.24073832332447717, 0.29468548307596626, 0.3278963219286649, 0.27094597101324996, 0.19008317020522375, 0.330473507809826, 0.006683216357275073, 0.006684245772512179, 0.00019470729165349293, 0.01774044082968304, 0.0001890660196897625, 0.017713245248918458, 0.01771320839579823, 0.006801150294590914, 0.017733063221684463, 0.0067984728695353585, 0.0, 0.017669378315702484, 0.01771454954905858, 0.006683662728933917, 0.017682642837539637, 0.00022679735922068712, 0.006775205425214727, 0.006798580909743333, 0.017669397116623808, 0.006683245522799779], [0.2884711360608853, 0.2671038284864317, 0.3439507705809342, 0.25090384589636866, 0.2835007011869702, 0.19131592256196656, 0.30007917905188536, 0.3068023904288786, 0.2378239261844389, 0.293443396412289, 0.3352475425944339, 0.2537099590254313, 0.3360200523268131, 0.24248335151555772, 0.24501799123039747, 0.2999666790611446, 0.3309599876392946, 0.2722774086837405, 0.17361182420746682, 0.3324431114758713, 0.01804119636227148, 0.018039742900810323, 0.017671620326198845, 0.00020641332299075414, 0.01767883217179175, 6.551252876228314e-05, 6.303360050231364e-05, 0.018083578232910232, 8.343794881510764e-05, 0.01808272169101793, 0.017669378315702484, 0.0, 5.5330915772524944e-05, 0.01803921165481716, 0.00019493027332625877, 0.017678870924499313, 0.018067466016453655, 0.01807449850836327, 2.0125072626710023e-05, 0.018039252344318052], [0.28844608011440126, 0.2597966801089407, 0.33881322753230625, 0.24362234037364175, 0.27684864234621315, 0.19127366205277455, 0.2937123698180461, 0.3067761470071966, 0.23036688063250352, 0.28678850735847167, 0.3298316061524926, 0.24622390676797976, 0.33063962309438005, 0.2424512411540083, 0.2374956905558436, 0.2932111402877033, 0.32546498824033254, 0.26556559584922673, 0.17357008516374572, 0.32726001664584764, 0.01808957275565072, 0.018088121286219574, 0.017716726240397572, 0.0001924529820780705, 0.01772395250214557, 3.624524523507601e-05, 3.1585284545592726e-05, 0.01813188661272198, 4.251403377325679e-05, 0.018130998790550624, 0.01771454954905858, 5.5330915772524944e-05, 0.0, 0.01808757434615551, 0.00019722107918436637, 0.017723990938228094, 0.018115754038378333, 0.01812279951149204, 5.884246910492737e-05, 0.01808762484966651], [0.29812905520319, 0.2619459002871013, 0.34151156601438626, 0.24718151590864323, 0.27734094807820686, 0.20727110628625844, 0.29472532783614824, 0.31691113189749115, 0.23318842633473294, 0.2873835983646121, 0.3317329918746795, 0.24960163727992055, 0.3333168172668478, 0.2547516410252441, 0.24043605815153665, 0.2943413220751595, 0.3275653414968021, 0.2704866203468706, 0.18928662193472645, 0.3301308493670523, 0.00019216413963939077, 3.3832709938675085e-05, 0.00670564044376398, 0.01811628667802996, 0.006699032302937361, 0.01808616030786837, 0.018086158216082334, 0.0015221936119878907, 0.01810741432052211, 0.0015134202471718196, 0.006683662728933917, 0.01803921165481716, 0.01808757434615551, 0.0, 0.018055478890457506, 0.00669913551631664, 0.001419113348743469, 0.0015116242410373897, 0.0180392769195775, 2.6525497239860514e-05], [0.2886068234095284, 0.2671337427367186, 0.344050207007884, 0.2508690341234263, 0.2835816138564261, 0.1913095084688898, 0.300163469225616, 0.3069390294542211, 0.23779610694536474, 0.29352197233544713, 0.3353499989941214, 0.2536799041236116, 0.3361154852166029, 0.24259062953833602, 0.24498309719490594, 0.30004282942646265, 0.33105919321937793, 0.27224483084523476, 0.1736019851217863, 0.3325400393467208, 0.01805546585512499, 0.018055929179976914, 0.017686903702196104, 7.826764923938105e-05, 0.017694025760499364, 0.0001965123373054948, 0.00019314985853387612, 0.018109140382078528, 0.00020058559949488533, 0.0181081365467204, 0.017682642837539637, 0.00019493027332625877, 0.00019722107918436637, 0.018055478890457506, 0.0, 0.01769446896425603, 0.01809098607130815, 0.01809995411625556, 0.0001935914054374021, 0.01805550721386207], [0.29857684718683175, 0.2690879551352441, 0.34652042555912055, 0.25422009683737556, 0.2837401123291676, 0.20807321318501415, 0.30084420196793515, 0.31733145859288303, 0.24038926454367238, 0.29385320355269606, 0.3370343520891197, 0.25687941954504423, 0.33855327766185905, 0.2553372118478682, 0.24769459512278547, 0.30089327601923904, 0.3328558054050808, 0.27710400595580553, 0.19009130429793714, 0.3351251065773284, 0.006705003553395341, 0.006699907028246874, 4.812007200998754e-05, 0.01775221788827553, 4.462832598670756e-05, 0.01772265220348618, 0.01772266931794367, 0.006787120410119589, 0.017742472124684317, 0.006784589109164944, 0.00022679735922068712, 0.017678870924499313, 0.017723990938228094, 0.00669913551631664, 0.01769446896425603, 0.0, 0.006767295386604838, 0.0067848824996368726, 0.017678901661638227, 0.006698706529339516], [0.2975444936285064, 0.26933411915849653, 0.34635972885377375, 0.2546836122724011, 0.28388212788533584, 0.2071995449640613, 0.30095558121110044, 0.31632427184544426, 0.24089862763147965, 0.29390621836968484, 0.33685779562070656, 0.25731128527227654, 0.3384139107599093, 0.25426235203610603, 0.2482067487496897, 0.30100348819378214, 0.3327939400368159, 0.2773564761860788, 0.18918383791875454, 0.33501841813731476, 0.001525001765367074, 0.0014233323365088935, 0.00677744040158044, 0.018151690711815556, 0.006771439016026204, 0.01811436883950554, 0.01811454202570624, 0.00019873285385168754, 0.018135569170741005, 0.00018456073994866788, 0.006775205425214727, 0.018067466016453655, 0.018115754038378333, 0.001419113348743469, 0.01809098607130815, 0.006767295386604838, 0.0, 0.00019294074777835503, 0.018067556294696203, 0.0014191901258002932], [0.29741077742589034, 0.26912051983732416, 0.3461331253919553, 0.25453349377244994, 0.28363552624466254, 0.207194656841231, 0.30071288650205263, 0.3161897389648895, 0.24073653965348316, 0.2936610250731499, 0.3366215996370893, 0.2571514731723904, 0.33818544052497385, 0.2541559979677451, 0.2480505220288078, 0.3007591955804122, 0.3325587028487625, 0.2772170672783003, 0.18918359823298125, 0.33479307133534203, 0.0016327936433183138, 0.0015166473868845516, 0.006795853399812087, 0.018160634039212694, 0.006790020753947361, 0.018121451489250085, 0.018121650946532283, 5.003017626804156e-05, 0.018142700504740452, 5.41941817552505e-05, 0.006798580909743333, 0.01807449850836327, 0.01812279951149204, 0.0015116242410373897, 0.01809995411625556, 0.0067848824996368726, 0.00019294074777835503, 0.0, 0.018074609761127822, 0.001511889705523561], [0.28847196453354423, 0.2592459666827248, 0.33843345759499716, 0.24307760407042778, 0.2763449150328112, 0.19131613246608958, 0.2932321283270203, 0.30680304251097695, 0.22980610292596865, 0.28628440469351657, 0.32942796113329287, 0.24566273942345826, 0.3302409993499667, 0.24248407062144056, 0.23693026889271956, 0.292701015567937, 0.32505577372452843, 0.2650692945718611, 0.17361219004466633, 0.3268769845945982, 0.018041240243556116, 0.018039798702200186, 0.017671664920258498, 0.00020512857732373329, 0.01767887623818895, 6.221619704251715e-05, 6.589849588670621e-05, 0.018083674379436865, 8.088172354686951e-05, 0.018082814470839842, 0.017669397116623808, 2.0125072626710023e-05, 5.884246910492737e-05, 0.0180392769195775, 0.0001935914054374021, 0.017678901661638227, 0.018067556294696203, 0.018074609761127822, 0.0, 0.018039321792811376], [0.2981298321725485, 0.2622868966593397, 0.34174855632662465, 0.24751626776942975, 0.2776522211501934, 0.20727099416301717, 0.2950229743645677, 0.316912010041569, 0.23353272917336587, 0.28769623958768814, 0.3319837473224364, 0.24994662693485778, 0.3335650117010511, 0.25475246458372547, 0.24078341435848857, 0.29465812305152084, 0.32781945510015925, 0.2707930487370033, 0.18928656786801, 0.33036920248657436, 0.00019220219721676705, 2.508198669988049e-05, 0.006705244440387719, 0.018116320266957666, 0.006698604980404551, 0.018086187788703936, 0.018086184362610905, 0.0015224929187725507, 0.018107457861461545, 0.0015134726280441328, 0.006683245522799779, 0.018039252344318052, 0.01808762484966651, 2.6525497239860514e-05, 0.01805550721386207, 0.006698706529339516, 0.0014191901258002932, 0.001511889705523561, 0.018039321792811376, 0.0]], "Angle": [[0.0, 0.24546945687884958, 0.2623099819659331, 0.4418540066455999, 0.22731849692383313, 0.38335930732753926, 0.22983031074183102, 0.03446902907952429, 0.43843556822124746, 0.23654595466353773, 0.23333569054630648, 0.4345852206127616, 0.24088375355578645, 0.0762856407588881, 0.43787873452456294, 0.23924241227818727, 0.2294820506510148, 0.4494841192366137, 0.39245106991477907, 0.2408521078045977, 0.4301982277184342, 0.43003976546316397, 0.4334390853591028, 0.4283506724346673, 0.43334922518098173, 0.42854384501006104, 0.428420714831496, 0.43235721684188644, 0.42843737643938345, 0.43253164272873185, 0.43336329349769404, 0.4284724282166983, 0.43135287713527376, 0.43340230290888676, 0.4284955560563383, 0.4302438528152714, 0.42925980533416647, 0.4293485892787402, 0.43162812603205797, 0.4332522499301809], [0.24546945687884958, 0.0, 0.11802650971958374, 0.20574320511339567, 0.0718156596195515, 0.2887745202365265, 0.07223523620071329, 0.2724186296831366, 0.20658650770865103, 0.06679623763742315, 0.10895897748431224, 0.20116944817507004, 0.11600764175914205, 0.26648498688001826, 0.20663199843450783, 0.060513418630352915, 0.11373203126199115, 0.20500008145232235, 0.28670518264018585, 0.10989804327672202, 0.35039193857195877, 0.35036374514309804, 0.34931096976401527, 0.34676455493738173, 0.3494160352068405, 0.34632782998340994, 0.3465476746947515, 0.3491831700347543, 0.3463583549766571, 0.34876089883439526, 0.3497391771238845, 0.3464203915897734, 0.34527839183990655, 0.3488245135152261, 0.34649487558509157, 0.35079248285889075, 0.3502351357344808, 0.3501465618018556, 0.344895952850186, 0.34907920168102224], [0.2623099819659331, 0.11802650971958374, 0.0, 0.36817281047935635, 0.08589596438567859, 0.4383222940047605, 0.08246825245327373, 0.2698626076186572, 0.3693819476857104, 0.08852759063726166, 0.049676460356041424, 0.35859378937399505, 0.04819266113704769, 0.27941472890196034, 0.36575045342105933, 0.09603713730728315, 0.05289902439922571, 0.3651184398808772, 0.4431310884082426, 0.04884453214294789, 0.4861647163553994, 0.48610395868382444, 0.4853700878406682, 0.48308638926634306, 0.48544309127103413, 0.4827371665614397, 0.4828974002898079, 0.485114411852909, 0.4827549855929487, 0.48480181092803876, 0.48572438345786717, 0.4827988276923841, 0.4821951878572249, 0.48520925713020546, 0.48288637970772963, 0.48622421460542875, 0.48568615018926387, 0.485590523101302, 0.4819161819417548, 0.48539570735737997], [0.4418540066455999, 0.20574320511339567, 0.36817281047935635, 0.0, 0.2600701459669971, 0.25893455901273527, 0.2727089182592408, 0.4308038551633674, 0.031163670380480103, 0.25948283159293384, 0.3718944496731309, 0.024622932972850283, 0.3732978855134356, 0.32299361540596977, 0.025110262177824604, 0.24625231593252603, 0.37274984244150783, 0.04222502318992704, 0.25926139095050893, 0.3648146251081373, 0.3310372651094636, 0.3310897178676419, 0.33394361006361517, 0.32886858961845417, 0.3340294127453067, 0.3284377227164066, 0.3287139451883309, 0.33396257014657943, 0.3284805454666151, 0.3334939745176994, 0.3344092976913361, 0.3285436419764212, 0.33120432968572955, 0.3331279936607225, 0.32858998659770083, 0.3318151969598763, 0.3313201481166901, 0.33127769252116784, 0.3306983145632115, 0.3334625934949592], [0.22731849692383313, 0.0718156596195515, 0.08589596438567859, 0.2600701459669971, 0.0, 0.32407271667473714, 0.03364065800503343, 0.24146163806973572, 0.27147570881302735, 0.030798078783790473, 0.06648785282318753, 0.2712670209012915, 0.08276011818571272, 0.24026377679387304, 0.2741580733801981, 0.04638769877082829, 0.07015651194752157, 0.2831126843068818, 0.3235148082857533, 0.07813581264417509, 0.3635839229242705, 0.3635345623943261, 0.36297884343283315, 0.36047107637293263, 0.3630517087108205, 0.3600845314364913, 0.3602706523536784, 0.3628761293852804, 0.3601121934372255, 0.36252054621807894, 0.36336539229704423, 0.36016274742225834, 0.3597097849696598, 0.36279834198622835, 0.36024958287234643, 0.3636854811732863, 0.36324494488330084, 0.3631355076974684, 0.3593897736287613, 0.3630144214793595], [0.38335930732753926, 0.2887745202365265, 0.4383222940047605, 0.25893455901273527, 0.32407271667473714, 0.0, 0.33367232129691765, 0.3947485598496116, 0.26513542111461075, 0.3173823332032478, 0.42925395828282403, 0.2784583034710329, 0.4322167003652915, 0.21812364491157418, 0.263697177672321, 0.32547947842151953, 0.4267792117913948, 0.2786032035749473, 0.04655743028159772, 0.43294670867180424, 0.24015279970806908, 0.239941427716285, 0.24796757672415154, 0.23711696594885495, 0.24778953430875686, 0.2376483678824286, 0.23739553153850232, 0.24634655384204063, 0.23741415272422728, 0.246694919344271, 0.2476891657104073, 0.23748143227804536, 0.24358665550926928, 0.24696391019931194, 0.23742913554792885, 0.2413339717932182, 0.23973907740159542, 0.24005053289747652, 0.24413578099418207, 0.24666875665758456], [0.22983031074183102, 0.07223523620071329, 0.08246825245327373, 0.2727089182592408, 0.03364065800503343, 0.33367232129691765, 0.0, 0.24441515117083804, 0.28722181965878546, 0.047559087884918, 0.060115261964126004, 0.28547018160782955, 0.07908016644540135, 0.24719957191572833, 0.2900022932548128, 0.045217412266941155, 0.06741142120152778, 0.2975304319420396, 0.3440820093566261, 0.07121712864661828, 0.3801984603075728, 0.3801483181827226, 0.379206365484693, 0.3772395596464186, 0.3792882478456762, 0.37684811846682165, 0.3770308806802059, 0.3790687812413047, 0.37687701546044067, 0.3787233625997511, 0.37958785230165193, 0.3769262950589529, 0.37607129609156514, 0.3789778693157302, 0.37702205741289685, 0.380333196100419, 0.3798747524339309, 0.3797672855295683, 0.3757487206912455, 0.37919050369828267], [0.03446902907952429, 0.2724186296831366, 0.2698626076186572, 0.4308038551633674, 0.24146163806973572, 0.3947485598496116, 0.24441515117083804, 0.0, 0.45070421503583674, 0.25071343249233663, 0.24706655247477322, 0.4679147861143323, 0.2545338392086317, 0.07670388874847199, 0.45016343818082843, 0.2659165688727574, 0.2441841724024759, 0.460425969584472, 0.39765515886910924, 0.25393186814189306, 0.46618514423215063, 0.46600362693005015, 0.4698074431307361, 0.4641530331967263, 0.46971501783404035, 0.4643631035687412, 0.46422846212582203, 0.4686244169207421, 0.4642463414957383, 0.4688074868602987, 0.46973688968621613, 0.46428317111410133, 0.46745699845904515, 0.46969798366868976, 0.46430979156328694, 0.4663005230281976, 0.4652102704542304, 0.46531266988490266, 0.4677623743978212, 0.46953272579116234], [0.43843556822124746, 0.20658650770865103, 0.3693819476857104, 0.031163670380480103, 0.27147570881302735, 0.26513542111461075, 0.28722181965878546, 0.45070421503583674, 0.0, 0.2525037932287506, 0.36589106923789244, 0.037523817274046634, 0.36671860416038526, 0.3137809202999555, 0.03309405837657713, 0.24310158885713012, 0.36584320953833344, 0.05629298988509452, 0.25913919419631565, 0.36629186400641073, 0.3154233468275374, 0.31547649071536377, 0.3183823632860333, 0.31349502803498586, 0.31846776872038746, 0.3130718807463323, 0.3133420772895299, 0.3183380095634298, 0.3131169773302203, 0.3178