{"Bond": [[0.0, 0.014981774326560095, 0.010998977217823199, 0.01582206996090329, 0.01801291110477757, 0.012574421588694354, 0.016444737711368316, 0.01446226685600655, 0.01508081923236963, 0.024080144769028457, 0.013916385217147102, 0.014311026501692166, 0.015364008193174437, 0.019743574078150226, 0.011274555053949585, 0.018804149684314028, 0.015018130783113943, 0.009036681045819894, 0.014629437825723403, 0.013363720673896557, 0.022738391642560182, 0.022738391642560182, 0.022738391642560182, 0.022738430397945413, 0.022738430397945413, 0.022738430397945413, 0.022738391642560182, 0.022738391642560182, 0.022738430397945413, 0.022738391642560182, 0.022738430397945413, 0.022738391642560182, 0.022738391642560182, 0.022738391642560182, 0.022738391642560182, 0.022738430397945413, 0.022738391642560182, 0.022738391642560182, 0.022738430397945413, 0.022738391642560182], [0.014981774326560095, 0.0, 0.01429400245664041, 0.007936758017825783, 0.014688268199760253, 0.01690849639044379, 0.014488165052908683, 0.013295325047003337, 0.016737392414858904, 0.016534593595250384, 0.00959116535550662, 0.01480067397612655, 0.011957658730979807, 0.009533718195841019, 0.018032870343763066, 0.00905101341856893, 0.009979412814930925, 0.015795676195677406, 0.013187015785364638, 0.019698771812025107, 0.02235213992755792, 0.02235213992755792, 0.02235213992755792, 0.02235212505698904, 0.02235212505698904, 0.02235212505698904, 0.02235213992755792, 0.02235213992755792, 0.02235212505698904, 0.02235213992755792, 0.02235212505698904, 0.02235213992755792, 0.02235213992755792, 0.02235213992755792, 0.02235213992755792, 0.02235212505698904, 0.02235213992755792, 0.02235213992755792, 0.02235212505698904, 0.02235213992755792], [0.010998977217823199, 0.01429400245664041, 0.0, 0.011135532512368823, 0.01819169635304794, 0.016411336672608308, 0.012100593784293652, 0.00691446518848529, 0.011552282229455344, 0.017044503015545977, 0.009982134806419993, 0.014392449657882578, 0.015110551697327385, 0.014792448818766747, 0.009904827248446556, 0.013522430336374833, 0.01675444235069117, 0.01452246841031335, 0.013826780376923664, 0.014948405082590405, 0.0203195447289872, 0.0203195447289872, 0.0203195447289872, 0.020319556804231916, 0.020319556804231916, 0.020319556804231916, 0.0203195447289872, 0.0203195447289872, 0.020319556804231916, 0.0203195447289872, 0.020319556804231916, 0.0203195447289872, 0.0203195447289872, 0.0203195447289872, 0.0203195447289872, 0.020319556804231916, 0.0203195447289872, 0.0203195447289872, 0.020319556804231916, 0.0203195447289872], [0.01582206996090329, 0.007936758017825783, 0.011135532512368823, 0.0, 0.017987013971161456, 0.01941624783094214, 0.013694128852316868, 0.009322711596608541, 0.01435072895994328, 0.01477775128450906, 0.008982632060218387, 0.01404862024254772, 0.016051542441147284, 0.010311473057246305, 0.014616336061076539, 0.00751764663247743, 0.013786541498034051, 0.016641629809500003, 0.015507363043307144, 0.019708407577265497, 0.019052992277059755, 0.019052992277059755, 0.019052992277059755, 0.019052969562907564, 0.019052969562907564, 0.019052969562907564, 0.019052992277059755, 0.019052992277059755, 0.019052969562907564, 0.019052992277059755, 0.019052969562907564, 0.019052992277059755, 0.019052992277059755, 0.019052992277059755, 0.019052992277059755, 0.019052969562907564, 0.019052992277059755, 0.019052992277059755, 0.019052969562907564, 0.019052992277059755], [0.01801291110477757, 0.014688268199760253, 0.01819169635304794, 0.017987013971161456, 0.0, 0.010344008478446404, 0.014623605796685786, 0.015241955577877194, 0.019329412074301788, 0.021221064396226175, 0.01689554233640239, 0.011854635411808196, 0.011631058871919894, 0.014273333326046661, 0.022706700301598316, 0.019766645956869396, 0.008007163649821675, 0.013547641876688473, 0.006581277272511603, 0.016668865722292762, 0.022237023874670133, 0.022237023874670133, 0.022237023874670133, 0.022237031666042042, 0.022237031666042042, 0.022237031666042042, 0.022237023874670133, 0.022237023874670133, 0.022237031666042042, 0.022237023874670133, 0.022237031666042042, 0.022237023874670133, 0.022237023874670133, 0.022237023874670133, 0.022237023874670133, 0.022237031666042042, 0.022237023874670133, 0.022237023874670133, 0.022237031666042042, 0.022237023874670133], [0.012574421588694354, 0.01690849639044379, 0.016411336672608308, 0.01941624783094214, 0.010344008478446404, 0.0, 0.013580437806474431, 0.016197569819514927, 0.015340592943492246, 0.02373920972613365, 0.016979051695648378, 0.012906034559624536, 0.01588879974534114, 0.017947404399803975, 0.01986964526626162, 0.022280396452036687, 0.011145742067852772, 0.007095493139333908, 0.008859467896827816, 0.013829129434624329, 0.02507584570839358, 0.02507584570839358, 0.02507584570839358, 0.025075878378538065, 0.025075878378538065, 0.025075878378538065, 0.02507584570839358, 0.02507584570839358, 0.025075878378538065, 0.02507584570839358, 0.025075878378538065, 0.02507584570839358, 0.02507584570839358, 0.02507584570839358, 0.02507584570839358, 0.025075878378538065, 0.02507584570839358, 0.02507584570839358, 0.025075878378538065, 0.02507584570839358], [0.016444737711368316, 0.014488165052908683, 0.012100593784293652, 0.013694128852316868, 0.014623605796685786, 0.013580437806474431, 0.0, 0.012324069035954259, 0.006499921888122121, 0.017918594083642162, 0.014971277756492785, 0.01651202140310769, 0.017015323593670733, 0.012543167939199915, 0.017572214627746587, 0.014448617956777965, 0.013583345613504407, 0.014648072527972924, 0.012787475345850785, 0.017262668977725014, 0.026569611488280947, 0.026569611488280947, 0.026569611488280947, 0.0265696130912986, 0.0265696130912986, 0.0265696130912986, 0.026569611488280947, 0.026569611488280947, 0.0265696130912986, 0.026569611488280947, 0.0265696130912986, 0.026569611488280947, 0.026569611488280947, 0.026569611488280947, 0.026569611488280947, 0.0265696130912986, 0.026569611488280947, 0.026569611488280947, 0.0265696130912986, 0.026569611488280947], [0.01446226685600655, 0.013295325047003337, 0.00691446518848529, 0.009322711596608541, 0.015241955577877194, 0.016197569819514927, 0.012324069035954259, 0.0, 0.01347249843385073, 0.013647004498495045, 0.009786035247971902, 0.010066176886048602, 0.014366435210189751, 0.012279715948651553, 0.01263243715322624, 0.013762155952584364, 0.014257907025766483, 0.014591352382473045, 0.011143780899995664, 0.01450694862878825, 0.016100346433953163, 0.016100346433953163, 0.016100346433953163, 0.01610034303866312, 0.01610034303866312, 0.01610034303866312, 0.016100346433953163, 0.016100346433953163, 0.01610034303866312, 0.016100346433953163, 0.01610034303866312, 0.016100346433953163, 0.016100346433953163, 0.016100346433953163, 0.016100346433953163, 0.01610034303866312, 0.016100346433953163, 0.016100346433953163, 0.01610034303866312, 0.016100346433953163], [0.01508081923236963, 0.016737392414858904, 0.011552282229455344, 0.01435072895994328, 0.019329412074301788, 0.015340592943492246, 0.006499921888122121, 0.01347249843385073, 0.0, 0.019862316851268835, 0.01619733870178882, 0.017778297973813924, 0.020519631616352212, 0.01658151707403886, 0.014780069158115366, 0.016493396276384274, 0.016647893135140226, 0.014417806235970727, 0.016367572290932008, 0.017047321190955207, 0.02752619704602834, 0.02752619704602834, 0.02752619704602834, 0.02752620697462365, 0.02752620697462365, 0.02752620697462365, 0.02752619704602834, 0.02752619704602834, 0.02752620697462365, 0.02752619704602834, 0.02752620697462365, 0.02752619704602834, 0.02752619704602834, 0.02752619704602834, 0.02752619704602834, 0.02752620697462365, 0.02752619704602834, 0.02752619704602834, 0.02752620697462365, 0.02752619704602834], [0.024080144769028457, 0.016534593595250384, 0.017044503015545977, 0.01477775128450906, 0.021221064396226175, 0.02373920972613365, 0.017918594083642162, 0.013647004498495045, 0.019862316851268835, 0.0, 0.01456787941486731, 0.019563947312685064, 0.01925653616753672, 0.0131282139869584, 0.02248312998487891, 0.01696552490417627, 0.02007772435967674, 0.02457754957829348, 0.016835726696431824, 0.02246440165932005, 0.025337246992003203, 0.025337246992003203, 0.025337246992003203, 0.025337212041318793, 0.025337212041318793, 0.025337212041318793, 0.025337246992003203, 0.025337246992003203, 0.025337212041318793, 0.025337246992003203, 0.025337212041318793, 0.025337246992003203, 0.025337246992003203, 0.025337246992003203, 0.025337246992003203, 0.025337212041318793, 0.025337246992003203, 0.025337246992003203, 0.025337212041318793, 0.025337246992003203], [0.013916385217147102, 0.00959116535550662, 0.009982134806419993, 0.008982632060218387, 0.01689554233640239, 0.016979051695648378, 0.014971277756492785, 0.009786035247971902, 0.01619733870178882, 0.01456787941486731, 0.0, 0.014804816437795888, 0.014973356006675594, 0.009092168064869722, 0.017179408817262227, 0.011211070486714747, 0.015430038424086738, 0.01574198414033298, 0.01298456279206885, 0.02020565690768824, 0.01949186592748377, 0.01949186592748377, 0.01949186592748377, 0.0194918578218204, 0.0194918578218204, 0.0194918578218204, 0.01949186592748377, 0.01949186592748377, 0.0194918578218204, 0.01949186592748377, 0.0194918578218204, 0.01949186592748377, 0.01949186592748377, 0.01949186592748377, 0.01949186592748377, 0.0194918578218204, 0.01949186592748377, 0.01949186592748377, 0.0194918578218204, 0.01949186592748377], [0.014311026501692166, 0.01480067397612655, 0.014392449657882578, 0.01404862024254772, 0.011854635411808196, 0.012906034559624536, 0.01651202140310769, 0.010066176886048602, 0.017778297973813924, 0.019563947312685064, 0.014804816437795888, 0.0, 0.014580402019473452, 0.016707263371267312, 0.015484649921966045, 0.019696617763809713, 0.010154748183484844, 0.010431083997729343, 0.009690002757874567, 0.011949831028113478, 0.014114024977647481, 0.014114024977647481, 0.014114024977647481, 0.014114045948549639, 0.014114045948549639, 0.014114045948549639, 0.014114024977647481, 0.014114024977647481, 0.014114045948549639, 0.014114024977647481, 0.014114045948549639, 0.014114024977647481, 0.014114024977647481, 0.014114024977647481, 0.014114024977647481, 0.014114045948549639, 0.014114024977647481, 0.014114024977647481, 0.014114045948549639, 0.014114024977647481], [0.015364008193174437, 0.011957658730979807, 0.015110551697327385, 0.016051542441147284, 0.011631058871919894, 0.01588879974534114, 0.017015323593670733, 0.014366435210189751, 0.020519631616352212, 0.01925653616753672, 0.014973356006675594, 0.014580402019473452, 0.0, 0.015542570228962388, 0.018499623979035595, 0.016379252760131077, 0.011335666830774126, 0.017150188524313697, 0.010345216762248984, 0.01518614905102106, 0.0227841173674414, 0.0227841173674414, 0.0227841173674414, 0.02278412044753584, 0.02278412044753584, 0.02278412044753584, 0.0227841173674414, 0.0227841173674414, 0.02278412044753584, 0.0227841173674414, 0.02278412044753584, 0.0227841173674414, 0.0227841173674414, 0.0227841173674414, 0.0227841173674414, 0.02278412044753584, 0.0227841173674414, 0.0227841173674414, 0.02278412044753584, 0.0227841173674414], [0.019743574078150226, 0.009533718195841019, 0.014792448818766747, 0.010311473057246305, 0.014273333326046661, 0.017947404399803975, 0.012543167939199915, 0.012279715948651553, 0.01658151707403886, 0.0131282139869584, 0.009092168064869722, 0.016707263371267312, 0.015542570228962388, 0.0, 0.022187707776924772, 0.009991762358580885, 0.013959138274620114, 0.01864513704657839, 0.012766032935040963, 0.022904048921662864, 0.022745177994475962, 0.022745177994475962, 0.022745177994475962, 0.02274515075988537, 0.02274515075988537, 0.02274515075988537, 0.022745177994475962, 0.022745177994475962, 0.02274515075988537, 0.022745177994475962, 0.02274515075988537, 0.022745177994475962, 0.022745177994475962, 0.022745177994475962, 0.022745177994475962, 0.02274515075988537, 0.022745177994475962, 0.022745177994475962, 0.02274515075988537, 0.022745177994475962], [0.011274555053949585, 0.018032870343763066, 0.009904827248446556, 0.014616336061076539, 0.022706700301598316, 0.01986964526626162, 0.017572214627746587, 0.01263243715322624, 0.014780069158115366, 0.02248312998487891, 0.017179408817262227, 0.015484649921966045, 0.018499623979035595, 0.022187707776924772, 0.0, 0.018661248636623773, 0.018797295777954203, 0.015768729447469047, 0.01894130606911891, 0.012778881599363636, 0.021488627668035123, 0.021488627668035123, 0.021488627668035123, 0.021488652931614904, 0.021488652931614904, 0.021488652931614904, 0.021488627668035123, 0.021488627668035123, 0.021488652931614904, 0.021488627668035123, 0.021488652931614904, 0.021488627668035123, 0.021488627668035123, 0.021488627668035123, 0.021488627668035123, 0.021488652931614904, 0.021488627668035123, 0.021488627668035123, 0.021488652931614904, 0.021488627668035123], [0.018804149684314028, 0.00905101341856893, 0.013522430336374833, 0.00751764663247743, 0.019766645956869396, 0.022280396452036687, 0.014448617956777965, 0.013762155952584364, 0.016493396276384274, 0.01696552490417627, 0.011211070486714747, 0.019696617763809713, 0.016379252760131077, 0.009991762358580885, 0.018661248636623773, 0.0, 0.01675145905969861, 0.020787622194542575, 0.01831948092668011, 0.023926071334807522, 0.02394784343917124, 0.02394784343917124, 0.02394784343917124, 0.02394781624497482, 0.02394781624497482, 0.02394781624497482, 0.02394784343917124, 0.02394784343917124, 0.02394781624497482, 0.02394784343917124, 0.02394781624497482, 0.02394784343917124, 0.02394784343917124, 0.02394784343917124, 0.02394784343917124, 0.02394781624497482, 0.02394784343917124, 0.02394784343917124, 0.02394781624497482, 0.02394784343917124], [0.015018130783113943, 0.009979412814930925, 0.01675444235069117, 0.013786541498034051, 0.008007163649821675, 0.011145742067852772, 0.013583345613504407, 0.014257907025766483, 0.016647893135140226, 0.02007772435967674, 0.015430038424086738, 0.010154748183484844, 0.011335666830774126, 0.013959138274620114, 0.018797295777954203, 0.01675145905969861, 0.0, 0.011339182829436696, 0.008953175259651006, 0.0147762304366441, 0.022054940171792044, 0.022054940171792044, 0.022054940171792044, 0.022054944457625875, 0.022054944457625875, 0.022054944457625875, 0.022054940171792044, 0.022054940171792044, 0.022054944457625875, 0.022054940171792044, 0.022054944457625875, 0.022054940171792044, 0.022054940171792044, 0.022054940171792044, 0.022054940171792044, 0.022054944457625875, 0.022054940171792044, 0.022054940171792044, 0.022054944457625875, 0.022054940171792044], [0.009036681045819894, 0.015795676195677406, 0.01452246841031335, 0.016641629809500003, 0.013547641876688473, 0.007095493139333908, 0.014648072527972924, 0.014591352382473045, 0.014417806235970727, 0.02457754957829348, 0.01574198414033298, 0.010431083997729343, 0.017150188524313697, 0.01864513704657839, 0.015768729447469047, 0.020787622194542575, 0.011339182829436696, 0.0, 0.011890256762810575, 0.01337424333111069, 0.021349507724845895, 0.021349507724845895, 0.021349507724845895, 0.021349547530225128, 0.021349547530225128, 0.021349547530225128, 0.021349507724845895, 0.021349507724845895, 0.021349547530225128, 0.021349507724845895, 0.021349547530225128, 0.021349507724845895, 0.021349507724845895, 0.021349507724845895, 0.021349507724845895, 0.021349547530225128, 0.021349507724845895, 0.021349507724845895, 0.021349547530225128, 0.021349507724845895], [0.014629437825723403, 0.013187015785364638, 0.013826780376923664, 0.015507363043307144, 0.006581277272511603, 0.008859467896827816, 0.012787475345850785, 0.011143780899995664, 0.016367572290932008, 0.016835726696431824, 0.01298456279206885, 0.009690002757874567, 0.010345216762248984, 0.012766032935040963, 0.01894130606911891, 0.01831948092668011, 0.008953175259651006, 0.011890256762810575, 0.0, 0.013091760229285076, 0.020994514216000265, 0.020994514216000265, 0.020994514216000265, 0.020994524929057658, 0.020994524929057658, 0.020994524929057658, 0.020994514216000265, 0.020994514216000265, 0.020994524929057658, 0.020994514216000265, 0.020994524929057658, 0.020994514216000265, 0.020994514216000265, 0.020994514216000265, 0.020994514216000265, 0.020994524929057658, 0.020994514216000265, 0.020994514216000265, 0.020994524929057658, 0.020994514216000265], [0.013363720673896557, 0.019698771812025107, 0.014948405082590405, 0.019708407577265497, 0.016668865722292762, 0.013829129434624329, 0.017262668977725014, 0.01450694862878825, 0.017047321190955207, 0.02246440165932005, 0.02020565690768824, 0.011949831028113478, 0.01518614905102106, 0.022904048921662864, 0.012778881599363636, 0.023926071334807522, 0.0147762304366441, 0.01337424333111069, 0.013091760229285076, 0.0, 0.023403794718714954, 0.023403794718714954, 0.023403794718714954, 0.023403829128418843, 0.023403829128418843, 0.023403829128418843, 0.023403794718714954, 0.023403794718714954, 0.023403829128418843, 0.023403794718714954, 0.023403829128418843, 0.023403794718714954, 0.023403794718714954, 0.023403794718714954, 0.023403794718714954, 0.023403829128418843, 0.023403794718714954, 0.023403794718714954, 0.023403829128418843, 0.023403794718714954], [0.022738391642560182, 0.02235213992755792, 0.0203195447289872, 0.019052992277059755, 0.022237023874670133, 0.02507584570839358, 0.026569611488280947, 0.016100346433953163, 0.02752619704602834, 0.025337246992003203, 0.01949186592748377, 0.014114024977647481, 0.0227841173674414, 0.022745177994475962, 0.021488627668035123, 0.02394784343917124, 0.022054940171792044, 0.021349507724845895, 0.020994514216000265, 0.023403794718714954, 0.0, 0.0, 0.0, 8.65682980227577e-08, 8.65682980227577e-08, 8.65682980227577e-08, 0.0, 0.0, 8.65682980227577e-08, 0.0, 8.65682980227577e-08, 0.0, 0.0, 0.0, 0.0, 8.65682980227577e-08, 0.0, 0.0, 8.65682980227577e-08, 0.0], [0.022738391642560182, 0.02235213992755792, 0.0203195447289872, 0.019052992277059755, 0.022237023874670133, 0.02507584570839358, 0.026569611488280947, 0.016100346433953163, 0.02752619704602834, 0.025337246992003203, 0.01949186592748377, 0.014114024977647481, 0.0227841173674414, 0.022745177994475962, 0.021488627668035123, 0.02394784343917124, 0.022054940171792044, 0.021349507724845895, 0.020994514216000265, 0.023403794718714954, 0.0, 0.0, 0.0, 8.65682980227577e-08, 8.65682980227577e-08, 8.65682980227577e-08, 0.0, 0.0, 8.65682980227577e-08, 0.0, 8.65682980227577e-08, 0.0, 0.0, 0.0, 0.0, 8.65682980227577e-08, 0.0, 0.0, 8.65682980227577e-08, 0.0], [0.022738391642560182, 0.02235213992755792, 0.0203195447289872, 0.019052992277059755, 0.022237023874670133, 0.02507584570839358, 0.026569611488280947, 0.016100346433953163, 0.02752619704602834, 0.025337246992003203, 0.01949186592748377, 0.014114024977647481, 0.0227841173674414, 0.022745177994475962, 0.021488627668035123, 0.02394784343917124, 0.022054940171792044, 0.021349507724845895, 0.020994514216000265, 0.023403794718714954, 0.0, 0.0, 0.0, 8.65682980227577e-08, 8.65682980227577e-08, 8.65682980227577e-08, 0.0, 0.0, 8.65682980227577e-08, 0.0, 8.65682980227577e-08, 0.0, 0.0, 0.0, 0.0, 8.65682980227577e-08, 0.0, 0.0, 8.65682980227577e-08, 0.0], [0.022738430397945413, 0.02235212505698904, 0.020319556804231916, 0.019052969562907564, 0.022237031666042042, 0.025075878378538065, 0.0265696130912986, 0.01610034303866312, 0.02752620697462365, 0.025337212041318793, 0.0194918578218204, 0.014114045948549639, 0.02278412044753584, 0.02274515075988537, 0.021488652931614904, 0.02394781624497482, 0.022054944457625875, 0.021349547530225128, 0.020994524929057658, 0.023403829128418843, 8.65682980227577e-08, 8.65682980227577e-08, 8.65682980227577e-08, 0.0, 0.0, 0.0, 8.65682980227577e-08, 8.65682980227577e-08, 0.0, 8.65682980227577e-08, 0.0, 8.65682980227577e-08, 8.65682980227577e-08, 8.65682980227577e-08, 8.65682980227577e-08, 0.0, 8.65682980227577e-08, 8.65682980227577e-08, 0.0, 8.65682980227577e-08], [0.022738430397945413, 0.02235212505698904, 0.020319556804231916, 0.019052969562907564, 0.022237031666042042, 0.025075878378538065, 0.0265696130912986, 0.01610034303866312, 0.02752620697462365, 0.025337212041318793, 0.0194918578218204, 0.014114045948549639, 0.02278412044753584, 0.02274515075988537, 0.021488652931614904, 0.02394781624497482, 0.022054944457625875, 0.021349547530225128, 0.020994524929057658, 0.023403829128418843, 8.65682980227577e-08, 8.65682980227577e-08, 8.65682980227577e-08, 0.0, 0.0, 0.0, 8.65682980227577e-08, 8.65682980227577e-08, 0.0, 8.65682980227577e-08, 0.0, 8.65682980227577e-08, 8.65682980227577e-08, 8.65682980227577e-08, 8.65682980227577e-08, 0.0, 8.65682980227577e-08, 8.65682980227577e-08, 0.0, 8.65682980227577e-08], [0.022738430397945413, 0.02235212505698904, 0.020319556804231916, 0.019052969562907564, 0.022237031666042042, 0.025075878378538065, 0.0265696130912986, 0.01610034303866312, 0.02752620697462365, 0.025337212041318793, 0.0194918578218204, 0.014114045948549639, 0.02278412044753584, 0.02274515075988537, 0.021488652931614904, 0.02394781624497482, 0.022054944457625875, 0.021349547530225128, 0.020994524929057658, 0.023403829128418843, 8.65682980227577e-08, 8.65682980227577e-08, 8.65682980227577e-08, 0.0, 0.0, 0.0, 8.65682980227577e-08, 8.65682980227577e-08, 0.0, 8.65682980227577e-08, 0.0, 8.65682980227577e-08, 8.65682980227577e-08, 8.65682980227577e-08, 8.65682980227577e-08, 0.0, 8.65682980227577e-08, 8.65682980227577e-08, 0.0, 8.65682980227577e-08], [0.022738391642560182, 0.02235213992755792, 0.0203195447289872, 0.019052992277059755, 0.022237023874670133, 0.02507584570839358, 0.026569611488280947, 0.016100346433953163, 0.02752619704602834, 0.025337246992003203, 0.01949186592748377, 0.014114024977647481, 0.0227841173674414, 0.022745177994475962, 0.021488627668035123, 0.02394784343917124, 0.022054940171792044, 0.021349507724845895, 0.020994514216000265, 0.023403794718714954, 0.0, 0.0, 0.0, 8.65682980227577e-08, 8.65682980227577e-08, 8.65682980227577e-08, 0.0, 0.0, 8.65682980227577e-08, 0.0, 8.65682980227577e-08, 0.0, 0.0, 0.0, 0.0, 8.65682980227577e-08, 0.0, 0.0, 8.65682980227577e-08, 0.0], [0.022738391642560182, 0.02235213992755792, 0.0203195447289872, 0.019052992277059755, 0.022237023874670133, 0.02507584570839358, 0.026569611488280947, 0.016100346433953163, 0.02752619704602834, 0.025337246992003203, 0.01949186592748377, 0.014114024977647481, 0.0227841173674414, 0.022745177994475962, 0.021488627668035123, 0.02394784343917124, 0.022054940171792044, 0.021349507724845895, 0.020994514216000265, 0.023403794718714954, 0.0, 0.0, 0.0, 8.65682980227577e-08, 8.65682980227577e-08, 8.65682980227577e-08, 0.0, 0.0, 8.65682980227577e-08, 0.0, 8.65682980227577e-08, 0.0, 0.0, 0.0, 0.0, 8.65682980227577e-08, 0.0, 0.0, 8.65682980227577e-08, 0.0], [0.022738430397945413, 0.02235212505698904, 0.020319556804231916, 0.019052969562907564, 0.022237031666042042, 0.025075878378538065, 0.0265696130912986, 0.01610034303866312, 0.02752620697462365, 0.025337212041318793, 0.0194918578218204, 0.014114045948549639, 0.02278412044753584, 0.02274515075988537, 0.021488652931614904, 0.02394781624497482, 0.022054944457625875, 0.021349547530225128, 0.020994524929057658, 0.023403829128418843, 8.65682980227577e-08, 8.65682980227577e-08, 8.65682980227577e-08, 0.0, 0.0, 0.0, 8.65682980227577e-08, 8.65682980227577e-08, 0.0, 8.65682980227577e-08, 0.0, 8.65682980227577e-08, 8.65682980227577e-08, 8.65682980227577e-08, 8.65682980227577e-08, 0.0, 8.65682980227577e-08, 8.65682980227577e-08, 0.0, 8.65682980227577e-08], [0.022738391642560182, 0.02235213992755792, 0.0203195447289872, 0.019052992277059755, 0.022237023874670133, 0.02507584570839358, 0.026569611488280947, 0.016100346433953163, 0.02752619704602834, 0.025337246992003203, 0.01949186592748377, 0.014114024977647481, 0.0227841173674414, 0.022745177994475962, 0.021488627668035123, 0.02394784343917124, 0.022054940171792044, 0.021349507724845895, 0.020994514216000265, 0.023403794718714954, 0.0, 0.0, 0.0, 8.65682980227577e-08, 8.65682980227577e-08, 8.65682980227577e-08, 0.0, 0.0, 8.65682980227577e-08, 0.0, 8.65682980227577e-08, 0.0, 0.0, 0.0, 0.0, 8.65682980227577e-08, 0.0, 0.0, 8.65682980227577e-08, 0.0], [0.022738430397945413, 0.02235212505698904, 0.020319556804231916, 0.019052969562907564, 0.022237031666042042, 0.025075878378538065, 0.0265696130912986, 0.01610034303866312, 0.02752620697462365, 0.025337212041318793, 0.0194918578218204, 0.014114045948549639, 0.02278412044753584, 0.02274515075988537, 0.021488652931614904, 0.02394781624497482, 0.022054944457625875, 0.021349547530225128, 0.020994524929057658, 0.023403829128418843, 8.65682980227577e-08, 8.65682980227577e-08, 8.65682980227577e-08, 0.0, 0.0, 0.0, 8.65682980227577e-08, 8.65682980227577e-08, 0.0, 8.65682980227577e-08, 0.0, 8.65682980227577e-08, 8.65682980227577e-08, 8.65682980227577e-08, 8.65682980227577e-08, 0.0, 8.65682980227577e-08, 8.65682980227577e-08, 0.0, 8.65682980227577e-08], [0.022738391642560182, 0.02235213992755792, 0.0203195447289872, 0.019052992277059755, 0.022237023874670133, 0.02507584570839358, 0.026569611488280947, 0.016100346433953163, 0.02752619704602834, 0.025337246992003203, 0.01949186592748377, 0.014114024977647481, 0.0227841173674414, 0.022745177994475962, 0.021488627668035123, 0.02394784343917124, 0.022054940171792044, 0.021349507724845895, 0.020994514216000265, 0.023403794718714954, 0.0, 0.0, 0.0, 8.65682980227577e-08, 8.65682980227577e-08, 8.65682980227577e-08, 0.0, 0.0, 8.65682980227577e-08, 0.0, 8.65682980227577e-08, 0.0, 0.0, 0.0, 0.0, 8.65682980227577e-08, 0.0, 0.0, 8.65682980227577e-08, 0.0], [0.022738391642560182, 0.02235213992755792, 0.0203195447289872, 0.019052992277059755, 0.022237023874670133, 0.02507584570839358, 0.026569611488280947, 0.016100346433953163, 0.02752619704602834, 0.025337246992003203, 0.01949186592748377, 0.014114024977647481, 0.0227841173674414, 0.022745177994475962, 0.021488627668035123, 0.02394784343917124, 0.022054940171792044, 0.021349507724845895, 0.020994514216000265, 0.023403794718714954, 0.0, 0.0, 0.0, 8.65682980227577e-08, 8.65682980227577e-08, 8.65682980227577e-08, 0.0, 0.0, 8.65682980227577e-08, 0.0, 8.65682980227577e-08, 0.0, 0.0, 0.0, 0.0, 8.65682980227577e-08, 0.0, 0.0, 8.65682980227577e-08, 0.0], [0.022738391642560182, 0.02235213992755792, 0.0203195447289872, 0.019052992277059755, 0.022237023874670133, 0.02507584570839358, 0.026569611488280947, 0.016100346433953163, 0.02752619704602834, 0.025337246992003203, 0.01949186592748377, 0.014114024977647481, 0.0227841173674414, 0.022745177994475962, 0.021488627668035123, 0.02394784343917124, 0.022054940171792044, 0.021349507724845895, 0.020994514216000265, 0.023403794718714954, 0.0, 0.0, 0.0, 8.65682980227577e-08, 8.65682980227577e-08, 8.65682980227577e-08, 0.0, 0.0, 8.65682980227577e-08, 0.0, 8.65682980227577e-08, 0.0, 0.0, 0.0, 0.0, 8.65682980227577e-08, 0.0, 0.0, 8.65682980227577e-08, 0.0], [0.022738391642560182, 0.02235213992755792, 0.0203195447289872, 0.019052992277059755, 0.022237023874670133, 0.02507584570839358, 0.026569611488280947, 0.016100346433953163, 0.02752619704602834, 0.025337246992003203, 0.01949186592748377, 0.014114024977647481, 0.0227841173674414, 0.022745177994475962, 0.021488627668035123, 0.02394784343917124, 0.022054940171792044, 0.021349507724845895, 0.020994514216000265, 0.023403794718714954, 0.0, 0.0, 0.0, 8.65682980227577e-08, 8.65682980227577e-08, 8.65682980227577e-08, 0.0, 0.0, 8.65682980227577e-08, 0.0, 8.65682980227577e-08, 0.0, 0.0, 0.0, 0.0, 8.65682980227577e-08, 0.0, 0.0, 8.65682980227577e-08, 0.0], [0.022738430397945413, 0.02235212505698904, 0.020319556804231916, 0.019052969562907564, 0.022237031666042042, 0.025075878378538065, 0.0265696130912986, 0.01610034303866312, 0.02752620697462365, 0.025337212041318793, 0.0194918578218204, 0.014114045948549639, 0.02278412044753584, 0.02274515075988537, 0.021488652931614904, 0.02394781624497482, 0.022054944457625875, 0.021349547530225128, 0.020994524929057658, 0.023403829128418843, 8.65682980227577e-08, 8.65682980227577e-08, 8.65682980227577e-08, 0.0, 0.0, 0.0, 8.65682980227577e-08, 8.65682980227577e-08, 0.0, 8.65682980227577e-08, 0.0, 8.65682980227577e-08, 8.65682980227577e-08, 8.65682980227577e-08, 8.65682980227577e-08, 0.0, 8.65682980227577e-08, 8.65682980227577e-08, 0.0, 8.65682980227577e-08], [0.022738391642560182, 0.02235213992755792, 0.0203195447289872, 0.019052992277059755, 0.022237023874670133, 0.02507584570839358, 0.026569611488280947, 0.016100346433953163, 0.02752619704602834, 0.025337246992003203, 0.01949186592748377, 0.014114024977647481, 0.0227841173674414, 0.022745177994475962, 0.021488627668035123, 0.02394784343917124, 0.022054940171792044, 0.021349507724845895, 0.020994514216000265, 0.023403794718714954, 0.0, 0.0, 0.0, 8.65682980227577e-08, 8.65682980227577e-08, 8.65682980227577e-08, 0.0, 0.0, 8.65682980227577e-08, 0.0, 8.65682980227577e-08, 0.0, 0.0, 0.0, 0.0, 8.65682980227577e-08, 0.0, 0.0, 8.65682980227577e-08, 0.0], [0.022738391642560182, 0.02235213992755792, 0.0203195447289872, 0.019052992277059755, 0.022237023874670133, 0.02507584570839358, 0.026569611488280947, 0.016100346433953163, 0.02752619704602834, 0.025337246992003203, 0.01949186592748377, 0.014114024977647481, 0.0227841173674414, 0.022745177994475962, 0.021488627668035123, 0.02394784343917124, 0.022054940171792044, 0.021349507724845895, 0.020994514216000265, 0.023403794718714954, 0.0, 0.0, 0.0, 8.65682980227577e-08, 8.65682980227577e-08, 8.65682980227577e-08, 0.0, 0.0, 8.65682980227577e-08, 0.0, 8.65682980227577e-08, 0.0, 0.0, 0.0, 0.0, 8.65682980227577e-08, 0.0, 0.0, 8.65682980227577e-08, 0.0], [0.022738430397945413, 0.02235212505698904, 0.020319556804231916, 0.019052969562907564, 0.022237031666042042, 0.025075878378538065, 0.0265696130912986, 0.01610034303866312, 0.02752620697462365, 0.025337212041318793, 0.0194918578218204, 0.014114045948549639, 0.02278412044753584, 0.02274515075988537, 0.021488652931614904, 0.02394781624497482, 0.022054944457625875, 0.021349547530225128, 0.020994524929057658, 0.023403829128418843, 8.65682980227577e-08, 8.65682980227577e-08, 8.65682980227577e-08, 0.0, 0.0, 0.0, 8.65682980227577e-08, 8.65682980227577e-08, 0.0, 8.65682980227577e-08, 0.0, 8.65682980227577e-08, 8.65682980227577e-08, 8.65682980227577e-08, 8.65682980227577e-08, 0.0, 8.65682980227577e-08, 8.65682980227577e-08, 0.0, 8.65682980227577e-08], [0.022738391642560182, 0.02235213992755792, 0.0203195447289872, 0.019052992277059755, 0.022237023874670133, 0.02507584570839358, 0.026569611488280947, 0.016100346433953163, 0.02752619704602834, 0.025337246992003203, 0.01949186592748377, 0.014114024977647481, 0.0227841173674414, 0.022745177994475962, 0.021488627668035123, 0.02394784343917124, 0.022054940171792044, 0.021349507724845895, 0.020994514216000265, 0.023403794718714954, 0.0, 0.0, 0.0, 8.65682980227577e-08, 8.65682980227577e-08, 8.65682980227577e-08, 0.0, 0.0, 8.65682980227577e-08, 0.0, 8.65682980227577e-08, 0.0, 0.0, 0.0, 0.0, 8.65682980227577e-08, 0.0, 0.0, 8.65682980227577e-08, 0.0]], "Angle": [[0.0, 0.05696011630049845, 0.053062847407771334, 0.06446684093442477, 0.0635806705946678, 0.022923069642487144, 0.04409985567128696, 0.047316242207142, 0.04237599623556167, 0.06124417623237796, 0.04154239602393571, 0.0458827245131095, 0.04678487683886426, 0.07610821986281242, 0.04908235125214485, 0.06974215827459199, 0.06079260400224998, 0.06277223264479938, 0.04411032142363659, 0.039353670831909486, 0.049425232855515776, 0.049425232855515776, 0.049425232855515776, 0.04942522250427329, 0.04942522250427329, 0.04942522250427329, 0.049425232855515776, 0.049425232855515776, 0.04942522250427329, 0.049425232855515776, 0.04942522250427329, 0.049425232855515776, 0.049425232855515776, 0.049425232855515776, 0.049425232855515776, 0.04942522250427329, 0.049425232855515776, 0.049425232855515776, 0.04942522250427329, 0.049425232855515776], [0.05696011630049845, 0.0, 0.04293238290376153, 0.04518519858863016, 0.047226709433700484, 0.05929068376555349, 0.058938539427520274, 0.05371076303223103, 0.06917026486441344, 0.04690153821860567, 0.023357736903298378, 0.051729513497087015, 0.03696739550645192, 0.0333045904288027, 0.0628171508310053, 0.018652824194623333, 0.042178767125189344, 0.045772390279858605, 0.029972615333729177, 0.06725531031254177, 0.05965277214378495, 0.05965277214378495, 0.05965277214378495, 0.059652761961500565, 0.059652761961500565, 0.059652761961500565, 0.05965277214378495, 0.05965277214378495, 0.059652761961500565, 0.05965277214378495, 0.059652761961500565, 0.05965277214378495, 0.05965277214378495, 0.05965277214378495, 0.05965277214378495, 0.059652761961500565, 0.05965277214378495, 0.05965277214378495, 0.059652761961500565, 0.05965277214378495], [0.053062847407771334, 0.04293238290376153, 0.0, 0.046302833085377984, 0.07031687076855742, 0.05296814727390554, 0.05107442140456935, 0.057209831546061296, 0.05441979919365243, 0.06600974854068824, 0.043295275282423676, 0.06402570530501477, 0.05018540441052056, 0.05442864286313575, 0.03518604845060052, 0.04500181699218225, 0.06600072313597871, 0.057875090207966974, 0.04895135119615876, 0.06372688919819447, 0.055716443540031295, 0.055716443540031295, 0.055716443540031295, 0.055716441574384996, 0.055716441574384996, 0.055716441574384996, 0.055716443540031295, 0.055716443540031295, 0.055716441574384996, 0.055716443540031295, 0.055716441574384996, 0.055716443540031295, 0.055716443540031295, 0.055716443540031295, 0.055716443540031295, 0.055716441574384996, 0.055716443540031295, 0.055716443540031295, 0.055716441574384996, 0.055716443540031295], [0.06446684093442477, 0.04518519858863016, 0.046302833085377984, 0.0, 0.06544454386180602, 0.06633275172563673, 0.05615593503655457, 0.04244324101845598, 0.06293687744984557, 0.05077435025932619, 0.047762016103869064, 0.05068536249698101, 0.05036257322487923, 0.037126437327330813, 0.0663038001728225, 0.044406885553144676, 0.05549590130366154, 0.06944264869319915, 0.06147987957899364, 0.0815285862611351, 0.04012934241541438, 0.04012934241541438, 0.04012934241541438, 0.04012933941049436, 0.04012933941049436, 0.04012933941049436, 0.04012934241541438, 0.04012934241541438, 0.04012933941049436, 0.04012934241541438, 0.04012933941049436, 0.04012934241541438, 0.04012934241541438, 0.04012934241541438, 0.04012934241541438, 0.04012933941049436, 0.04012934241541438, 0.04012934241541438, 0.04012933941049436, 0.04012934241541438], [0.0635806705946678, 0.047226709433700484, 0.07031687076855742, 0.06544454386180602, 0.0, 0.06445448621937142, 0.07776846507045046, 0.06784236816991915, 0.08641101813956417, 0.06514372550377273, 0.0501935142839417, 0.06075830554780423, 0.05493990097064101, 0.057194918646505874, 0.07779770573095543, 0.05023873866553115, 0.013329639509077298, 0.03056679172905612, 0.037714800128862934, 0.07492811379004076, 0.07041658777968798, 0.07041658777968798, 0.07041658777968798, 0.0704165700912881, 0.0704165700912881, 0.0704165700912881, 0.07041658777968798, 0.07041658777968798, 0.0704165700912881, 0.07041658777968798, 0.0704165700912881, 0.07041658777968798, 0.07041658777968798, 0.07041658777968798, 0.07041658777968798, 0.0704165700912881, 0.07041658777968798, 0.07041658777968798, 0.0704165700912881, 0.07041658777968798], [0.022923069642487144, 0.05929068376555349, 0.05296814727390554, 0.06633275172563673, 0.06445448621937142, 0.0, 0.03870661011331791, 0.042164977345627706, 0.035648912279114646, 0.05562246345068996, 0.04896195493099547, 0.04855591000637239, 0.04701639260998681, 0.07547198380958993, 0.039465127698744815, 0.06870531074747276, 0.06131850236571036, 0.06013198717304334, 0.04765408627617094, 0.03282139371177629, 0.06301737062961679, 0.06301737062961679, 0.06301737062961679, 0.06301735839654837, 0.06301735839654837, 0.06301735839654837, 0.06301737062961679, 0.06301737062961679, 0.06301735839654837, 0.06301737062961679, 0.06301735839654837, 0.06301737062961679, 0.06301737062961679, 0.06301737062961679, 0.06301737062961679, 0.06301735839654837, 0.06301737062961679, 0.06301737062961679, 0.06301735839654837, 0.06301737062961679], [0.04409985567128696, 0.058938539427520274, 0.05107442140456935, 0.05615593503655457, 0.07776846507045046, 0.03870661011331791, 0.0, 0.029621608429525045, 0.017218423154655438, 0.05093674479948663, 0.04629367127262414, 0.04302622769078403, 0.04341484790461813, 0.06311312138621063, 0.04183092146449231, 0.06666997795927918, 0.06900377263088874, 0.07305547282783528, 0.05530543412948102, 0.05216877582752453, 0.057386191775902866, 0.057386191775902866, 0.057386191775902866, 0.05738617864290617, 0.05738617864290617, 0.05738617864290617, 0.057386191775902866, 0.057386191775902866, 0.05738617864290617, 0.057386191775902866, 0.05738617864290617, 0.057386191775902866, 0.057386191775902866, 0.057386191775902866, 0.057386191775902866, 0.05738617864290617, 0.057386191775902866, 0.057386191775902866, 0.05738617864290617, 0.057386191775902866], [0.047316242207142, 0.05371076303223103, 0.057209831546061296, 0.04244324101845598, 0.06784236816991915, 0.042164977345627706, 0.029621608429525045, 0.0, 0.03444965636704658, 0.03193978412016486, 0.04738510203843917, 0.035520228386407525, 0.04695753169244745, 0.05337837876901315, 0.054988924218822295, 0.06080550175643545, 0.057928112119437596, 0.07308759339868473, 0.057067915174124205, 0.06073081220391263, 0.053096909242655345, 0.053096909242655345, 0.053096909242655345, 0.05309689589318868, 0.05309689589318868, 0.05309689589318868, 0.053096909242655345, 0.053096909242655345, 0.05309689589318868, 0.053096909242655345, 0.05309689589318868, 0.053096909242655345, 0.053096909242655345, 0.053096909242655345, 0.053096909242655345, 0.05309689589318868, 0.053096909242655345, 0.053096909242655345, 0.05309689589318868, 0.053096909242655345], [0.04237599623556167, 0.06917026486441344, 0.05441979919365243, 0.06293687744984557, 0.08641101813956417, 0.035648912279114646, 0.017218423154655438, 0.03444965636704658, 0.0, 0.05737223020196822, 0.05670604879539997, 0.05039091438476315, 0.055122210590442824, 0.0749049254083988, 0.039005488081010044, 0.0772259256405823, 0.07884422724036283, 0.08182601776202325, 0.06492015547181734, 0.05030094695744008, 0.06135120537924383, 0.06135120537924383, 0.06135120537924383, 0.061351196494518645, 0.061351196494518645, 0.061351196494518645, 0.06135120537924383, 0.06135120537924383, 0.061351196494518645, 0.06135120537924383, 0.061351196494518645, 0.06135120537924383, 0.06135120537924383, 0.06135120537924383, 0.06135120537924383, 0.061351196494518645, 0.06135120537924383, 0.06135120537924383, 0.061351196494518645, 0.06135120537924383], [0.06124417623237796, 0.04690153821860567, 0.06600974854068824, 0.05077435025932619, 0.06514372550377273, 0.05562246345068996, 0.05093674479948663, 0.03193978412016486, 0.05737223020196822, 0.0, 0.04789787767338497, 0.036282040496109905, 0.04961115797313313, 0.0454105662401788, 0.06760078282251979, 0.05129238463044446, 0.05645248751886247, 0.07127685706195032, 0.05883086097684757, 0.061792978967407146, 0.07028657856178154, 0.07028657856178154, 0.07028657856178154, 0.0702865690720953, 0.0702865690720953, 0.0702865690720953, 0.07028657856178154, 0.07028657856178154, 0.0702865690720953, 0.07028657856178154, 0.0702865690720953, 0.07028657856178154, 0.07028657856178154, 0.07028657856178154, 0.07028657856178154, 0.0702865690720953, 0.07028657856178154, 0.07028657856178154, 0.0702865690720953, 0.07028657856178154], [0.04154239602393571, 0.023357736903298378, 0.043295275282423676, 0.047762016103869064, 0.0501935142839417, 0.04896195493099547, 0.04629367127262414, 0.04738510203843917, 0.05670604879539997, 0.04789787767338497, 0.0, 0.03748112308681942, 0.026201717048692095, 0.043538402336693226, 0.05686817629459672, 0.036987879616103225, 0.04400895749361339, 0.04775705850350143, 0.02512089511644604, 0.05436261495878185, 0.04743670037142416, 0.04743670037142416, 0.04743670037142416, 0.04743668838247812, 0.04743668838247812, 0.04743668838247812, 0.04743670037142416, 0.04743670037142416, 0.04743668838247812, 0.04743670037142416, 0.04743668838247812, 0.04743670037142416, 0.04743670037142416, 0.04743670037142416, 0.04743670037142416, 0.04743668838247812, 0.04743670037142416, 0.04743670037142416, 0.04743668838247812, 0.04743670037142416], [0.0458827245131095, 0.0517295134970