{"Bond": [[0.0, 0.010096900412548609, 0.018209344135635207, 0.01860737114946254, 0.01107454769451303, 0.01373098729928783, 0.016711431480958792, 0.017435607154768187, 0.01255509781666016, 0.012689550967887913, 0.013815367359058483, 0.016613609061197875, 0.016720988049455477, 0.018105708347493917, 0.01715560861133478, 0.012899832048832143, 0.014737314615953408, 0.011776275517666713, 0.0188830786104498, 0.020937396810959973, 0.02955444964332795, 0.02928284057109706, 0.02928284410907436, 0.029554357587794962, 0.02955439416972545, 0.02928284410907436, 0.029554357587794962, 0.02928284410907436, 0.02928285830399253, 0.029554357587794962, 0.02928284410907436, 0.02928285830399253, 0.02955443369793091, 0.02955439416972545, 0.02928280294234491, 0.029554417673134947, 0.02928284410907436, 0.02928284057109706, 0.029554357587794962, 0.02955443369793091], [0.010096900412548609, 0.0, 0.020694512576208718, 0.01731731987492674, 0.014156555024609373, 0.014684549064771069, 0.013580151069096928, 0.016209925288438138, 0.012002806024355878, 0.0069777230552097265, 0.014949570637525004, 0.01481761368883552, 0.01951996877527103, 0.01659811696701733, 0.02032260716919624, 0.009945167208054165, 0.015174975797349444, 0.012823133177060351, 0.019911142827186975, 0.01641225460519874, 0.028128078736667634, 0.02789436586280014, 0.027894354216335862, 0.02812799191602658, 0.028128019084781325, 0.027894354216335862, 0.02812799191602658, 0.027894354216335862, 0.02789438274205657, 0.02812799191602658, 0.027894354216335862, 0.02789438274205657, 0.028128071979398466, 0.028128019084781325, 0.027894340166162906, 0.02812805187742769, 0.027894354216335862, 0.02789436586280014, 0.02812799191602658, 0.028128071979398466], [0.018209344135635207, 0.020694512576208718, 0.0, 0.014314002122196962, 0.021080275771878227, 0.019858527851495025, 0.02249563878353486, 0.02447690030637137, 0.014474601638843197, 0.016363179393004953, 0.02252716361685066, 0.016439834873277305, 0.02559184890506966, 0.014258573484258609, 0.016793485008425778, 0.018394288505746332, 0.010354456282685059, 0.020716523967033072, 0.016613907905570536, 0.02460675340584888, 0.0330290285691477, 0.032786386975652754, 0.032786388091431376, 0.033028941650139414, 0.03302894155189273, 0.032786388091431376, 0.033028941650139414, 0.032786388091431376, 0.03278639896027849, 0.033028941650139414, 0.032786388091431376, 0.03278639896027849, 0.03302899126720098, 0.03302894155189273, 0.03278633991475777, 0.03302898745861851, 0.032786388091431376, 0.032786386975652754, 0.033028941650139414, 0.03302899126720098], [0.01860737114946254, 0.01731731987492674, 0.014314002122196962, 0.0, 0.022961754078369364, 0.01917623575927481, 0.016043595623922317, 0.019312511786314778, 0.010518285325726146, 0.013733850459446367, 0.01936042625945045, 0.017738943790427574, 0.020729178169742193, 0.00667364844874455, 0.014675215173248992, 0.014899300098542716, 0.01579284741584681, 0.01773856012650646, 0.01643191294998087, 0.023023134685960137, 0.03066468635784264, 0.03035221172621952, 0.03035219486543227, 0.03066459277288688, 0.030664578065858025, 0.03035219486543227, 0.03066459277288688, 0.03035219486543227, 0.030352227958600802, 0.03066459277288688, 0.03035219486543227, 0.030352227958600802, 0.030664666504188066, 0.030664578065858025, 0.030352174581514475, 0.030664639591125215, 0.03035219486543227, 0.03035221172621952, 0.03066459277288688, 0.030664666504188066], [0.01107454769451303, 0.014156555024609373, 0.021080275771878227, 0.022961754078369364, 0.0, 0.01569551938656033, 0.022515581395364675, 0.01838697360364734, 0.01563406674547487, 0.016165522045486998, 0.013202303957726782, 0.016701505814228704, 0.019147783460681946, 0.020762463340441503, 0.02444297512383314, 0.012338812146438767, 0.015214796024766846, 0.012152038513687062, 0.022085470152369942, 0.022552275996371864, 0.03254713980235464, 0.03227892812396585, 0.03227891128787624, 0.03254706214856644, 0.032547089832106704, 0.03227891128787624, 0.03254706214856644, 0.03227891128787624, 0.03227893698074755, 0.03254706214856644, 0.03227891128787624, 0.03227893698074755, 0.03254714283807634, 0.032547089832106704, 0.03227890705584947, 0.03254710989913962, 0.03227891128787624, 0.03227892812396585, 0.03254706214856644, 0.03254714283807634], [0.01373098729928783, 0.014684549064771069, 0.019858527851495025, 0.01917623575927481, 0.01569551938656033, 0.0, 0.016821422023652065, 0.00955329920868468, 0.015325063969027015, 0.012878227343029276, 0.014409315418282038, 0.021905426395370287, 0.018621027470116222, 0.016780343970380036, 0.018078235196489142, 0.015003029118576804, 0.013389419534831583, 0.015451065763537946, 0.014543911588346904, 0.015933494474373446, 0.02718401977646734, 0.026930733579774265, 0.026930700125465338, 0.027183952488116718, 0.02718391483942311, 0.026930700125465338, 0.027183952488116718, 0.026930700125465338, 0.026930746725853705, 0.027183952488116718, 0.026930700125465338, 0.026930746725853705, 0.02718401739042684, 0.02718391483942311, 0.02693071169185577, 0.02718398843458718, 0.026930700125465338, 0.026930733579774265, 0.027183952488116718, 0.02718401739042684], [0.016711431480958792, 0.013580151069096928, 0.02249563878353486, 0.016043595623922317, 0.022515581395364675, 0.016821422023652065, 0.0, 0.01609519340010892, 0.011504439328100344, 0.012984148373359842, 0.022715285895914115, 0.020708562494042612, 0.025006411245250246, 0.01627417028729399, 0.019061709317586068, 0.015364118042331402, 0.018653251518564697, 0.020526631592950925, 0.018011771482489617, 0.01377558636100292, 0.021840737112698502, 0.02150938344019614, 0.021509354632967378, 0.021840653124442163, 0.021840651364606344, 0.021509354632967378, 0.021840653124442163, 0.021509354632967378, 0.021509400465684884, 0.021840653124442163, 0.021509354632967378, 0.021509400465684884, 0.021840746418427665, 0.021840651364606344, 0.021509359064656702, 0.021840706087397826, 0.021509354632967378, 0.02150938344019614, 0.021840653124442163, 0.021840746418427665], [0.017435607154768187, 0.016209925288438138, 0.02447690030637137, 0.019312511786314778, 0.01838697360364734, 0.00955329920868468, 0.01609519340010892, 0.0, 0.01620369328908836, 0.015159783693680989, 0.015643079689827755, 0.024245809233495282, 0.017930615691632467, 0.01654128644284279, 0.01894916311209975, 0.014382016438697917, 0.018024627012064795, 0.016698794802426097, 0.01784297209577678, 0.0175407313018347, 0.02498702889860146, 0.024702909727874547, 0.024702864032019007, 0.02498697195215873, 0.024986919271883786, 0.024702864032019007, 0.02498697195215873, 0.024702864032019007, 0.024702925359471592, 0.02498697195215873, 0.024702864032019007, 0.024702925359471592, 0.024987047253303384, 0.024986919271883786, 0.02470290324001729, 0.02498699779128926, 0.024702864032019007, 0.024702909727874547, 0.02498697195215873, 0.024987047253303384], [0.01255509781666016, 0.012002806024355878, 0.014474601638843197, 0.010518285325726146, 0.01563406674547487, 0.015325063969027015, 0.011504439328100344, 0.01620369328908836, 0.0, 0.010339971921499012, 0.01720798312132232, 0.012874084860597605, 0.019929591542950802, 0.009495966101652797, 0.016752218707897306, 0.008945482434949316, 0.011971961763705503, 0.013962405016856754, 0.014052018546820949, 0.0181005930012291, 0.02773716828563946, 0.02738831308473083, 0.027388289138922987, 0.02773707880267076, 0.0277370860020593, 0.027388289138922987, 0.02773707880267076, 0.027388289138922987, 0.027388324557647246, 0.02773707880267076, 0.027388289138922987, 0.027388324557647246, 0.027737168854363968, 0.0277370860020593, 0.027388281751120323, 0.027737130074192193, 0.027388289138922987, 0.02738831308473083, 0.02773707880267076, 0.027737168854363968], [0.012689550967887913, 0.0069777230552097265, 0.016363179393004953, 0.013733850459446367, 0.016165522045486998, 0.012878227343029276, 0.012984148373359842, 0.015159783693680989, 0.010339971921499012, 0.0, 0.01655652353018341, 0.013874818090745382, 0.021109713955583014, 0.013102023245792757, 0.017372780040783898, 0.009196985123619692, 0.010599099431817437, 0.015292919686723827, 0.01678905343363014, 0.014145903080020169, 0.026644378936320524, 0.02642303227972704, 0.026423019010964475, 0.026644292735963568, 0.026644295974593397, 0.026423019010964475, 0.026644292735963568, 0.026423019010964475, 0.0264230534056851, 0.026644292735963568, 0.026423019010964475, 0.0264230534056851, 0.02664436586918465, 0.026644295974593397, 0.026423007427513672, 0.026644347050734065, 0.026423019010964475, 0.02642303227972704, 0.026644292735963568, 0.02664436586918465], [0.013815367359058483, 0.014949570637525004, 0.02252716361685066, 0.01936042625945045, 0.013202303957726782, 0.014409315418282038, 0.022715285895914115, 0.015643079689827755, 0.01720798312132232, 0.01655652353018341, 0.0, 0.021962664819436737, 0.012190339176109035, 0.016949455190889272, 0.022156132555775084, 0.013998005310814349, 0.018305958509708706, 0.009183486648257069, 0.02125889843193424, 0.02568618924548649, 0.03370415776318689, 0.033419278023732395, 0.033419253418081406, 0.033704077726857906, 0.033704081121936916, 0.033419253418081406, 0.033704077726857906, 0.033419253418081406, 0.03341928425338533, 0.033704077726857906, 0.033419253418081406, 0.03341928425338533, 0.033704152088952354, 0.033704081121936916, 0.033419248392224266, 0.03370412331885359, 0.033419253418081406, 0.033419278023732395, 0.033704077726857906, 0.033704152088952354], [0.016613609061197875, 0.01481761368883552, 0.016439834873277305, 0.017738943790427574, 0.016701505814228704, 0.021905426395370287, 0.020708562494042612, 0.024245809233495282, 0.012874084860597605, 0.013874818090745382, 0.021962664819436737, 0.0, 0.024148095701526807, 0.017871829973917064, 0.02356468715592472, 0.01400282666704673, 0.013700564410330263, 0.01738665377038184, 0.02271964764470467, 0.022100967923939813, 0.03507903954417269, 0.034831843290215395, 0.03483182734834517, 0.035078957406807124, 0.03507898060471231, 0.03483182734834517, 0.035078957406807124, 0.03483182734834517, 0.03483184878870672, 0.035078957406807124, 0.03483182734834517, 0.03483184878870672, 0.03507902747309853, 0.03507898060471231, 0.03483180858536824, 0.035079011793129646, 0.03483182734834517, 0.034831843290215395, 0.035078957406807124, 0.03507902747309853], [0.016720988049455477, 0.01951996877527103, 0.02559184890506966, 0.020729178169742193, 0.019147783460681946, 0.018621027470116222, 0.025006411245250246, 0.017930615691632467, 0.019929591542950802, 0.021109713955583014, 0.012190339176109035, 0.024148095701526807, 0.0, 0.019428870195211837, 0.01973878314866729, 0.01902307777297816, 0.02346831122337389, 0.011662326556055794, 0.022108142847212398, 0.03077223565784163, 0.03907312068923226, 0.03876532090018774, 0.0387653022992135, 0.039073042555706185, 0.03907303543693776, 0.0387653022992135, 0.039073042555706185, 0.0387653022992135, 0.03876533568707512, 0.039073042555706185, 0.0387653022992135, 0.03876533568707512, 0.03907311734614336, 0.03907303543693776, 0.03876529025158431, 0.03907308702032475, 0.0387653022992135, 0.03876532090018774, 0.039073042555706185, 0.03907311734614336], [0.018105708347493917, 0.01659811696701733, 0.014258573484258609, 0.00667364844874455, 0.020762463340441503, 0.016780343970380036, 0.01627417028729399, 0.01654128644284279, 0.009495966101652797, 0.013102023245792757, 0.016949455190889272, 0.017871829973917064, 0.019428870195211837, 0.0, 0.01589862151527595, 0.012827475698102336, 0.013952181303721606, 0.015669490576346222, 0.013556831742057204, 0.022163594917002878, 0.02993093167898868, 0.02960692460372187, 0.029606894514679814, 0.029930850785157993, 0.02993082660345883, 0.029606894514679814, 0.029930850785157993, 0.029606894514679814, 0.029606931950735535, 0.029930850785157993, 0.029606894514679814, 0.029606931950735535, 0.02993092213409649, 0.02993082660345883, 0.029606889059116594, 0.029930891014199754, 0.029606894514679814, 0.02960692460372187, 0.029930850785157993, 0.02993092213409649], [0.01715560861133478, 0.02032260716919624, 0.016793485008425778, 0.014675215173248992, 0.02444297512383314, 0.018078235196489142, 0.019061709317586068, 0.01894916311209975, 0.016752218707897306, 0.017372780040783898, 0.022156132555775084, 0.02356468715592472, 0.01973878314866729, 0.01589862151527595, 0.0, 0.019572953129101452, 0.018300424405959602, 0.02112748697863731, 0.016709999793185003, 0.025633074072291265, 0.029925545416268785, 0.029676528493390267, 0.029676547558404574, 0.02992545892516935, 0.029925445512468646, 0.029676547558404574, 0.02992545892516935, 0.029676547558404574, 0.029676565800979025, 0.02992545892516935, 0.029676547558404574, 0.029676565800979025, 0.029925513954065164, 0.029925445512468646, 0.029676491146966882, 0.029925503516082832, 0.029676547558404574, 0.029676528493390267, 0.02992545892516935, 0.029925513954065164], [0.012899832048832143, 0.009945167208054165, 0.018394288505746332, 0.014899300098542716, 0.012338812146438767, 0.015003029118576804, 0.015364118042331402, 0.014382016438697917, 0.008945482434949316, 0.009196985123619692, 0.013998005310814349, 0.01400282666704673, 0.01902307777297816, 0.012827475698102336, 0.019572953129101452, 0.0, 0.012193238779828208, 0.013937523817889062, 0.018687674814179333, 0.018751861588051155, 0.027299789650963125, 0.026998363021099467, 0.026998341342111813, 0.027299706936142896, 0.027299725095637918, 0.026998341342111813, 0.027299706936142896, 0.026998341342111813, 0.02699837885487645, 0.027299706936142896, 0.026998341342111813, 0.02699837885487645, 0.027299799553719653, 0.027299725095637918, 0.02699834526964764, 0.027299758014418446, 0.026998341342111813, 0.026998363021099467, 0.027299706936142896, 0.027299799553719653], [0.014737314615953408, 0.015174975797349444, 0.010354456282685059, 0.01579284741584681, 0.015214796024766846, 0.013389419534831583, 0.018653251518564697, 0.018024627012064795, 0.011971961763705503, 0.010599099431817437, 0.018305958509708706, 0.013700564410330263, 0.02346831122337389, 0.013952181303721606, 0.018300424405959602, 0.012193238779828208, 0.0, 0.01789970002569734, 0.016719273641102653, 0.017442043171518175, 0.027840473847112718, 0.027612337371899016, 0.027612320180651437, 0.027840398219210846, 0.027840392254221916, 0.027612320180651437, 0.027840398219210846, 0.027612320180651437, 0.027612343877627364, 0.027840398219210846, 0.027612320180651437, 0.027612343877627364, 0.027840453360992688, 0.027840392254221916, 0.02761230083066641, 0.027840442449449103, 0.027612320180651437, 0.027612337371899016, 0.027840398219210846, 0.027840453360992688], [0.011776275517666713, 0.012823133177060351, 0.020716523967033072, 0.01773856012650646, 0.012152038513687062, 0.015451065763537946, 0.020526631592950925, 0.016698794802426097, 0.013962405016856754, 0.015292919686723827, 0.009183486648257069, 0.01738665377038184, 0.011662326556055794, 0.015669490576346222, 0.02112748697863731, 0.013937523817889062, 0.01789970002569734, 0.0, 0.018711971730163004, 0.024232204792816393, 0.03528594215673532, 0.034987430190042676, 0.03498740518775437, 0.035285859054993304, 0.03528586259113279, 0.03498740518775437, 0.035285859054993304, 0.03498740518775437, 0.034987436646790104, 0.035285859054993304, 0.03498740518775437, 0.034987436646790104, 0.03528593582738369, 0.03528586259113279, 0.034987398230178594, 0.03528590672656673, 0.03498740518775437, 0.034987430190042676, 0.035285859054993304, 0.03528593582738369], [0.0188830786104498, 0.019911142827186975, 0.016613907905570536, 0.01643191294998087, 0.022085470152369942, 0.014543911588346904, 0.018011771482489617, 0.01784297209577678, 0.014052018546820949, 0.01678905343363014, 0.02125889843193424, 0.02271964764470467, 0.022108142847212398, 0.013556831742057204, 0.016709999793185003, 0.018687674814179333, 0.016719273641102653, 0.018711971730163004, 0.0, 0.02199586482822216, 0.03282540688295279, 0.032509236067598056, 0.03250921005947997, 0.03282533341000671, 0.032825296054419965, 0.03250921005947997, 0.03282533341000671, 0.03250921005947997, 0.032509256487259275, 0.03282533341000671, 0.03250921005947997, 0.032509256487259275, 0.032825407869860594, 0.032825296054419965, 0.032509213307562915, 0.032825368203049723, 0.03250921005947997, 0.032509236067598056, 0.03282533341000671, 0.032825407869860594], [0.020937396810959973, 0.01641225460519874, 0.02460675340584888, 0.023023134685960137, 0.022552275996371864, 0.015933494474373446, 0.01377558636100292, 0.0175407313018347, 0.0181005930012291, 0.014145903080020169, 0.02568618924548649, 0.022100967923939813, 0.03077223565784163, 0.022163594917002878, 0.025633074072291265, 0.018751861588051155, 0.017442043171518175, 0.024232204792816393, 0.02199586482822216, 0.0, 0.021378914477789227, 0.021227216115730793, 0.021227169102969432, 0.02137885937371317, 0.021378822265987557, 0.021227169102969432, 0.02137885937371317, 0.021227169102969432, 0.021227224384346786, 0.02137885937371317, 0.021227169102969432, 0.021227224384346786, 0.021378919702150778, 0.021378822265987557, 0.0212272113070364, 0.021378893431655898, 0.021227169102969432, 0.021227216115730793, 0.02137885937371317, 0.021378919702150778], [0.02955444964332795, 0.028128078736667634, 0.0330290285691477, 0.03066468635784264, 0.03254713980235464, 0.02718401977646734, 0.021840737112698502, 0.02498702889860146, 0.02773716828563946, 0.026644378936320524, 0.03370415776318689, 0.03507903954417269, 0.03907312068923226, 0.02993093167898868, 0.029925545416268785, 0.027299789650963125, 0.027840473847112718, 0.03528594215673532, 0.03282540688295279, 0.021378914477789227, 0.0, 0.0004811630362106468, 0.00048121285676289534, 1.208872239858953e-07, 1.691325497298606e-07, 0.00048121285676289534, 1.208872239858953e-07, 0.00048121285676289534, 0.0004811671574608037, 1.208872239858953e-07, 0.00048121285676289534, 0.0004811671574608037, 1.160901079175028e-07, 1.691325497298606e-07, 0.0004811784160086289, 7.265514366762208e-08, 0.00048121285676289534, 0.0004811630362106468, 1.208872239858953e-07, 1.160901079175028e-07], [0.02928284057109706, 0.02789436586280014, 0.032786386975652754, 0.03035221172621952, 0.03227892812396585, 0.026930733579774265, 0.02150938344019614, 0.024702909727874547, 0.02738831308473083, 0.02642303227972704, 0.033419278023732395, 0.034831843290215395, 0.03876532090018774, 0.02960692460372187, 0.029676528493390267, 0.026998363021099467, 0.027612337371899016, 0.034987430190042676, 0.032509236067598056, 0.021227216115730793, 0.0004811630362106468, 0.0, 1.2796428855088332e-07, 0.0004811031635931374, 0.00048110340964264525, 1.2796428855088332e-07, 0.0004811031635931374, 1.2796428855088332e-07, 9.780217824550996e-08, 0.0004811031635931374, 1.2796428855088332e-07, 9.780217824550996e-08, 0.00048121072043354657, 0.00048110340964264525, 1.0019387261509679e-07, 0.0004811300751775026, 1.2796428855088332e-07, 0.0, 0.0004811031635931374, 0.00048121072043354657], [0.02928284410907436, 0.027894354216335862, 0.032786388091431376, 0.03035219486543227, 0.03227891128787624, 0.026930700125465338, 0.021509354632967378, 0.024702864032019007, 0.027388289138922987, 0.026423019010964475, 0.033419253418081406, 0.03483182734834517, 0.0387653022992135, 0.029606894514679814, 0.029676547558404574, 0.026998341342111813, 0.027612320180651437, 0.03498740518775437, 0.03250921005947997, 0.021227169102969432, 0.00048121285676289534, 1.2796428855088332e-07, 0.0, 0.0004811530006226237, 0.00048115321938879343, 0.0, 0.0004811530006226237, 0.0, 1.0390321635461477e-07, 0.0004811530006226237, 0.0, 1.0390321635461477e-07, 0.0004812605522193373, 0.00048115321938879343, 1.6840181378811814e-07, 0.000481179901724142, 0.0, 1.2796428855088332e-07, 0.0004811530006226237, 0.0004812605522193373], [0.029554357587794962, 0.02812799191602658, 0.033028941650139414, 0.03066459277288688, 0.03254706214856644, 0.027183952488116718, 0.021840653124442163, 0.02498697195215873, 0.02773707880267076, 0.026644292735963568, 0.033704077726857906, 0.035078957406807124, 0.039073042555706185, 0.029930850785157993, 0.02992545892516935, 0.027299706936142896, 0.027840398219210846, 0.035285859054993304, 0.03282533341000671, 0.02137885937371317, 1.208872239858953e-07, 0.0004811031635931374, 0.0004811530006226237, 0.0, 1.7209305227074925e-07, 0.0004811530006226237, 0.0, 0.0004811530006226237, 0.0004811072964880031, 0.0, 0.0004811530006226237, 0.0004811072964880031, 1.4002962135403713e-07, 1.7209305227074925e-07, 0.0004811185388775598, 7.991247606481231e-08, 0.0004811530006226237, 0.0004811031635931374, 0.0, 1.4002962135403713e-07], [0.02955439416972545, 0.028128019084781325, 0.03302894155189273, 0.030664578065858025, 0.032547089832106704, 0.02718391483942311, 0.021840651364606344, 0.024986919271883786, 0.0277370860020593, 0.026644295974593397, 0.033704081121936916, 0.03507898060471231, 0.03907303543693776, 0.02993082660345883, 0.029925445512468646, 0.027299725095637918, 0.027840392254221916, 0.03528586259113279, 0.032825296054419965, 0.021378822265987557, 1.691325497298606e-07, 0.00048110340964264525, 0.00048115321938879343, 1.7209305227074925e-07, 0.0, 0.00048115321938879343, 1.7209305227074925e-07, 0.00048115321938879343, 0.00048110753786793974, 1.7209305227074925e-07, 0.00048115321938879343, 0.00048110753786793974, 1.9537963943551333e-07, 0.0, 0.0004811187910705199, 1.335828327200702e-07, 0.00048115321938879343, 0.00048110340964264525, 1.7209305227074925e-07, 1.9537963943551333e-07], [0.02928284410907436, 0.027894354216335862, 0.032786388091431376, 0.03035219486543227, 0.03227891128787624, 0.026930700125465338, 0.021509354632967378, 0.024702864032019007, 0.027388289138922987, 0.026423019010964475, 0.033419253418081406, 0.03483182734834517, 0.0387653022992135, 0.029606894514679814, 0.029676547558404574, 0.026998341342111813, 0.027612320180651437, 0.03498740518775437, 0.03250921005947997, 0.021227169102969432, 0.00048121285676289534, 1.2796428855088332e-07, 0.0, 0.0004811530006226237, 0.00048115321938879343, 0.0, 0.0004811530006226237, 0.0, 1.0390321635461477e-07, 0.0004811530006226237, 0.0, 1.0390321635461477e-07, 0.0004812605522193373, 0.00048115321938879343, 1.6840181378811814e-07, 0.000481179901724142, 0.0, 1.2796428855088332e-07, 0.0004811530006226237, 0.0004812605522193373], [0.029554357587794962, 0.02812799191602658, 0.033028941650139414, 0.03066459277288688, 0.03254706214856644, 0.027183952488116718, 0.021840653124442163, 0.02498697195215873, 0.02773707880267076, 0.026644292735963568, 0.033704077726857906, 0.035078957406807124, 0.039073042555706185, 0.029930850785157993, 0.02992545892516935, 0.027299706936142896, 0.027840398219210846, 0.035285859054993304, 0.03282533341000671, 0.02137885937371317, 1.208872239858953e-07, 0.0004811031635931374, 0.0004811530006226237, 0.0, 1.7209305227074925e-07, 0.0004811530006226237, 0.0, 0.0004811530006226237, 0.0004811072964880031, 0.0, 0.0004811530006226237, 0.0004811072964880031, 1.4002962135403713e-07, 1.7209305227074925e-07, 0.0004811185388775598, 7.991247606481231e-08, 0.0004811530006226237, 0.0004811031635931374, 0.0, 1.4002962135403713e-07], [0.02928284410907436, 0.027894354216335862, 0.032786388091431376, 0.03035219486543227, 0.03227891128787624, 0.026930700125465338, 0.021509354632967378, 0.024702864032019007, 0.027388289138922987, 0.026423019010964475, 0.033419253418081406, 0.03483182734834517, 0.0387653022992135, 0.029606894514679814, 0.029676547558404574, 0.026998341342111813, 0.027612320180651437, 0.03498740518775437, 0.03250921005947997, 0.021227169102969432, 0.00048121285676289534, 1.2796428855088332e-07, 0.0, 0.0004811530006226237, 0.00048115321938879343, 0.0, 0.0004811530006226237, 0.0, 1.0390321635461477e-07, 0.0004811530006226237, 0.0, 1.0390321635461477e-07, 0.0004812605522193373, 0.00048115321938879343, 1.6840181378811814e-07, 0.000481179901724142, 0.0, 1.2796428855088332e-07, 0.0004811530006226237, 0.0004812605522193373], [0.02928285830399253, 0.02789438274205657, 0.03278639896027849, 0.030352227958600802, 0.03227893698074755, 0.026930746725853705, 0.021509400465684884, 0.024702925359471592, 0.027388324557647246, 0.0264230534056851, 0.03341928425338533, 0.03483184878870672, 0.03876533568707512, 0.029606931950735535, 0.029676565800979025, 0.02699837885487645, 0.027612343877627364, 0.034987436646790104, 0.032509256487259275, 0.021227224384346786, 0.0004811671574608037, 9.780217824550996e-08, 1.0390321635461477e-07, 0.0004811072964880031, 0.00048110753786793974, 1.0390321635461477e-07, 0.0004811072964880031, 1.0390321635461477e-07, 0.0, 0.0004811072964880031, 1.0390321635461477e-07, 0.0, 0.0004812148409296512, 0.00048110753786793974, 9.868968043819031e-08, 0.0004811342035705307, 1.0390321635461477e-07, 9.780217824550996e-08, 0.0004811072964880031, 0.0004812148409296512], [0.029554357587794962, 0.02812799191602658, 0.033028941650139414, 0.03066459277288688, 0.03254706214856644, 0.027183952488116718, 0.021840653124442163, 0.02498697195215873, 0.02773707880267076, 0.026644292735963568, 0.033704077726857906, 0.035078957406807124, 0.039073042555706185, 0.029930850785157993, 0.02992545892516935, 0.027299706936142896, 0.027840398219210846, 0.035285859054993304, 0.03282533341000671, 0.02137885937371317, 1.208872239858953e-07, 0.0004811031635931374, 0.0004811530006226237, 0.0, 1.7209305227074925e-07, 0.0004811530006226237, 0.0, 0.0004811530006226237, 0.0004811072964880031, 0.0, 0.0004811530006226237, 0.0004811072964880031, 1.4002962135403713e-07, 1.7209305227074925e-07, 0.0004811185388775598, 7.991247606481231e-08, 0.0004811530006226237, 0.0004811031635931374, 0.0, 1.4002962135403713e-07], [0.02928284410907436, 0.027894354216335862, 0.032786388091431376, 0.03035219486543227, 0.03227891128787624, 0.026930700125465338, 0.021509354632967378, 0.024702864032019007, 0.027388289138922987, 0.026423019010964475, 0.033419253418081406, 0.03483182734834517, 0.0387653022992135, 0.029606894514679814, 0.029676547558404574, 0.026998341342111813, 0.027612320180651437, 0.03498740518775437, 0.03250921005947997, 0.021227169102969432, 0.00048121285676289534, 1.2796428855088332e-07, 0.0, 0.0004811530006226237, 0.00048115321938879343, 0.0, 0.0004811530006226237, 0.0, 1.0390321635461477e-07, 0.0004811530006226237, 0.0, 1.0390321635461477e-07, 0.0004812605522193373, 0.00048115321938879343, 1.6840181378811814e-07, 0.000481179901724142, 0.0, 1.2796428855088332e-07, 0.0004811530006226237, 0.0004812605522193373], [0.02928285830399253, 0.02789438274205657, 0.03278639896027849, 0.030352227958600802, 0.03227893698074755, 0.026930746725853705, 0.021509400465684884, 0.024702925359471592, 0.027388324557647246, 0.0264230534056851, 0.03341928425338533, 0.03483184878870672, 0.03876533568707512, 0.029606931950735535, 0.029676565800979025, 0.02699837885487645, 0.027612343877627364, 0.034987436646790104, 0.032509256487259275, 0.021227224384346786, 0.0004811671574608037, 9.780217824550996e-08, 1.0390321635461477e-07, 0.0004811072964880031, 0.00048110753786793974, 1.0390321635461477e-07, 0.0004811072964880031, 1.0390321635461477e-07, 0.0, 0.0004811072964880031, 1.0390321635461477e-07, 0.0, 0.0004812148409296512, 0.00048110753786793974, 9.868968043819031e-08, 0.0004811342035705307, 1.0390321635461477e-07, 9.780217824550996e-08, 0.0004811072964880031, 0.0004812148409296512], [0.02955443369793091, 0.028128071979398466, 0.03302899126720098, 0.030664666504188066, 0.03254714283807634, 0.02718401739042684, 0.021840746418427665, 0.024987047253303384, 0.027737168854363968, 0.02664436586918465, 0.033704152088952354, 0.03507902747309853, 0.03907311734614336, 0.02993092213409649, 0.029925513954065164, 0.027299799553719653, 0.027840453360992688, 0.03528593582738369, 0.032825407869860594, 0.021378919702150778, 1.160901079175028e-07, 0.00048121072043354657, 0.0004812605522193373, 1.4002962135403713e-07, 1.9537963943551333e-07, 0.0004812605522193373, 1.4002962135403713e-07, 0.0004812605522193373, 0.0004812148409296512, 1.4002962135403713e-07, 0.0004812605522193373, 0.0004812148409296512, 0.0, 1.9537963943551333e-07, 0.0004812260827046878, 1.2259712412648991e-07, 0.0004812605522193373, 0.00048121072043354657, 1.4002962135403713e-07, 0.0], [0.02955439416972545, 0.028128019084781325, 0.03302894155189273, 0.030664578065858025, 0.032547089832106704, 0.02718391483942311, 0.021840651364606344, 0.024986919271883786, 0.0277370860020593, 0.026644295974593397, 0.033704081121936916, 0.03507898060471231, 0.03907303543693776, 0.02993082660345883, 0.029925445512468646, 0.027299725095637918, 0.027840392254221916, 0.03528586259113279, 0.032825296054419965, 0.021378822265987557, 1.691325497298606e-07, 0.00048110340964264525, 0.00048115321938879343, 1.7209305227074925e-07, 0.0, 0.00048115321938879343, 1.7209305227074925e-07, 0.00048115321938879343, 0.00048110753786793974, 1.7209305227074925e-07, 0.00048115321938879343, 0.00048110753786793974, 1.9537963943551333e-07, 0.0, 0.0004811187910705199, 1.335828327200702e-07, 0.00048115321938879343, 0.00048110340964264525, 1.7209305227074925e-07, 1.9537963943551333e-07], [0.02928280294234491, 0.027894340166162906, 0.03278633991475777, 0.030352174581514475, 0.03227890705584947, 0.02693071169185577, 0.021509359064656702, 0.02470290324001729, 0.027388281751120323, 0.026423007427513672, 0.033419248392224266, 0.03483180858536824, 0.03876529025158431, 0.029606889059116594, 0.029676491146966882, 0.02699834526964764, 0.02761230083066641, 0.034987398230178594, 0.032509213307562915, 0.0212272113070364, 0.0004811784160086289, 1.0019387261509679e-07, 1.6840181378811814e-07, 0.0004811185388775598, 0.0004811187910705199, 1.6840181378811814e-07, 0.0004811185388775598, 1.6840181378811814e-07, 9.868968043819031e-08, 0.0004811185388775598, 1.6840181378811814e-07, 9.868968043819031e-08, 0.0004812260827046878, 0.0004811187910705199, 0.0, 0.0004811454562775624, 1.6840181378811814e-07, 1.0019387261509679e-07, 0.0004811185388775598, 0.0004812260827046878], [0.029554417673134947, 0.02812805187742769, 0.03302898745861851, 0.030664639591125215, 0.03254710989913962, 0.02718398843458718, 0.021840706087397826, 0.02498699779128926, 0.027737130074192193, 0.026644347050734065, 0.03370412331885359, 0.035079011793129646, 0.03907308702032475, 0.029930891014199754, 0.029925503516082832, 0.027299758014418446, 0.027840442449449103, 0.03528590672656673, 0.032825368203049723, 0.021378893431655898, 7.265514366762208e-08, 0.0004811300751775026, 0.000481179901724142, 7.991247606481231e-08, 1.335828327200702e-07, 0.000481179901724142, 7.991247606481231e-08, 0.000481179901724142, 0.0004811342035705307, 7.991247606481231e-08, 0.000481179901724142, 0.0004811342035705307, 1.2259712412648991e-07, 1.335828327200702e-07, 0.0004811454562775624, 0.0, 0.000481179901724142, 0.0004811300751775026, 7.991247606481231e-08, 1.2259712412648991e-07], [0.02928284410907436, 0.027894354216335862, 0.032786388091431376, 0.03035219486543227, 0.03227891128787624, 0.026930700125465338, 0.021509354632967378, 0.024702864032019007, 0.027388289138922987, 0.026423019010964475, 0.033419253418081406, 0.03483182734834517, 0.0387653022992135, 0.029606894514679814, 0.029676547558404574, 0.026998341342111813, 0.027612320180651437, 0.03498740518775437, 0.03250921005947997, 0.021227169102969432, 0.00048121285676289534, 1.2796428855088332e-07, 0.0, 0.0004811530006226237, 0.00048115321938879343, 0.0, 0.0004811530006226237, 0.0, 1.0390321635461477e-07, 0.0004811530006226237, 0.0, 1.0390321635461477e-07, 0.0004812605522193373, 0.00048115321938879343, 1.6840181378811814e-07, 0.000481179901724142, 0.0, 1.2796428855088332e-07, 0.0004811530006226237, 0.0004812605522193373], [0.02928284057109706, 0.02789436586280014, 0.032786386975652754, 0.03035221172621952, 0.03227892812396585, 0.026930733579774265, 0.02150938344019614, 0.024702909727874547, 0.02738831308473083, 0.02642303227972704, 0.033419278023732395, 0.034831843290215395, 0.03876532090018774, 0.02960692460372187, 0.029676528493390267, 0.026998363021099467, 0.027612337371899016, 0.034987430190042676, 0.032509236067598056, 0.021227216115730793, 0.0004811630362106468, 0.0, 1.2796428855088332e-07, 0.0004811031635931374, 0.00048110340964264525, 1.2796428855088332e-07, 0.0004811031635931374, 1.2796428855088332e-07, 9.780217824550996e-08, 0.0004811031635931374, 1.2796428855088332e-07, 9.780217824550996e-08, 0.00048121072043354657, 0.00048110340964264525, 1.0019387261509679e-07, 0.0004811300751775026, 1.2796428855088332e-07, 0.0, 0.0004811031635931374, 0.00048121072043354657], [0.029554357587794962, 0.02812799191602658, 0.033028941650139414, 0.03066459277288688, 0.03254706214856644, 0.027183952488116718, 0.021840653124442163, 0.02498697195215873, 0.02773707880267076, 0.026644292735963568, 0.033704077726857906, 0.035078957406807124, 0.039073042555706185, 0.029930850785157993, 0.02992545892516935, 0.027299706936142896, 0.027840398219210846, 0.035285859054993304, 0.03282533341000671, 0.02137885937371317, 1.208872239858953e-07, 0.0004811031635931374, 0.0004811530006226237, 0.0, 1.7209305227074925e-07, 0.0004811530006226237, 0.0, 0.0004811530006226237, 0.0004811072964880031, 0.0, 0.0004811530006226237, 0.0004811072964880031, 1.4002962135403713e-07, 1.7209305227074925e-07, 0.0004811185388775598, 7.991247606481231e-08, 0.0004811530006226237, 0.0004811031635931374, 0.0, 1.4002962135403713e-07], [0.02955443369793091, 0.028128071979398466, 0.03302899126720098, 0.030664666504188066, 0.03254714283807634, 0.02718401739042684, 0.021840746418427665, 0.024987047253303384, 0.027737168854363968, 0.02664436586918465, 0.033704152088952354, 0.03507902747309853, 0.03907311734614336, 0.02993092213409649, 0.029925513954065164, 0.027299799553719653, 0.027840453360992688, 0.03528593582738369, 0.032825407869860594, 0.021378919702150778, 1.160901079175028e-07, 0.00048121072043354657, 0.0004812605522193373, 1.4002962135403713e-07, 1.9537963943551333e-07, 0.0004812605522193373, 1.4002962135403713e-07, 0.0004812605522193373, 0.0004812148409296512, 1.4002962135403713e-07, 0.0004812605522193373, 0.0004812148409296512, 0.0, 1.9537963943551333e-07, 0.0004812260827046878, 1.2259712412648991e-07, 0.0004812605522193373, 0.00048121072043354657, 1.4002962135403713e-07, 0.0]], "Angle": [[0.0, 0.04906470583734713, 0.06502929184414512, 0.05089673511028887, 0.05559802047918616, 0.050366815307609926, 0.06327967938157492, 0.054915044859951856, 0.041358110359661984, 0.04795563126791975, 0.047625570357109084, 0.05076300733220523, 0.07003466174495089, 0.07255296196113609, 0.06588009834710637, 0.04936452331027517, 0.05155859397423315, 0.06162096901703972, 0.08206497875544534, 0.06261028063880276, 0.04036151223339254, 0.04056737003620862, 0.040567388012553315, 0.04036162106092334, 0.040361653715632065, 0.040567388012553315, 0.04036162106092334, 0.040567388012553315, 0.04056734220323415, 0.04036162106092334, 0.040567388012553315, 0.04056734220323415, 0.04036156115304062, 0.040361653715632065, 0.04056739098799606, 0.04036158882495566, 0.040567388012553315, 0.04056737003620862, 0.04036162106092334, 0.04036156115304062], [0.04906470583734713, 0.0, 0.07222246006719156, 0.05484955479903559, 0.0584957567073714, 0.06757320771486709, 0.0638250503624823, 0.06790214251134659, 0.04831961110867651, 0.04702084386772544, 0.053311263376626165, 0.055515399899939234, 0.065724485096329, 0.057642458229030025, 0.07624902141087322, 0.05346841975559502, 0.041834439760774667, 0.04395712980143306, 0.07694319449099474, 0.0635011053426361, 0.048780651009654556, 0.048341054326955804, 0.04834100619542353, 0.04878065465299063, 0.048780633752687055, 0.04834100619542353, 0.04878065465299063, 0.04834100619542353, 0.048341041719685104, 0.04878065465299063, 0.04834100619542353, 0.048341041719685104, 0.04878061874254076, 0.048780633752687055, 0.0483410313344015, 0.0487806493363213, 0.04834100619542353, 0.048341054326955804, 0.04878065465299063, 0.04878061874254076], [0.06502929184414512, 0.07222246006719156, 0.0, 0.04475631314345053, 0.07074821364266144, 0.06749974480367171, 0.053251613578504164, 0.07097437908270299, 0.06827228519955178, 0.04667574120759192, 0.062390773263074906, 0.04111908721612069, 0.07295518243237684, 0.04499376832079576, 0.03715593154232545, 0.05029274438568281, 0.059221006506763534, 0.0677192666114259, 0.057566867668991814, 0.07578964706178487, 0.06649963297231685, 0.0666386985091818, 0.06663876051439765, 0.06649965440328277, 0.06649969777177882, 0.06663876051439765, 0.06649965440328277, 0.06663876051439765, 0.066638704312975, 0.06649965440328277, 0.06663876051439765, 0.066638704312975, 0.06649960752755187, 0.06649969777177882, 0.06663868377426822, 0.06649966912981191, 0.06663876051439765, 0.0666386985091818, 0.06649965440328277, 0.06649960752755187], [0.05089673511028887, 0.05484955479903559, 0.04475631314345053, 0.0, 0.07263384510491752, 0.061971112002339054, 0.041579027129901774, 0.0580969833637148, 0.05447372615872797, 0.02547119533406899, 0.06158087997775983, 0.03846738154495839, 0.056714526895686394, 0.047263688760467104, 0.04937306985031936, 0.052311780799482746, 0.054842371192166714, 0.054746024472777474, 0.059537602991964665, 0.06736387908536268, 0.05180069667766327, 0.05172702984676187, 0.05172706681164225, 0.05180070053253287, 0.0518007169387593, 0.05172706681164225, 0.05180070053253287, 0.05172706681164225, 0.051727042340288715, 0.05180070053253287, 0.05172706681164225, 0.051727042340288715, 0.05180065458294863, 0.0518007169387593, 0.05172701851075593, 0.05180071853946888, 0.05172706681164225, 0.05172702984676187, 0.05180070053253287, 0.05180065458294863], [0.05559802047918616, 0.0584957567073714, 0.07074821364266144, 0.07263384510491752, 0.0, 0.06942011164420114, 0.07715274974249664, 0.07480774422061615, 0.05654581453408808, 0.07541623588472782, 0.04063223772935479, 0.059847251171628625, 0.06360851371756937, 0.060702223918507006, 0.0669617806846505, 0.053718161307788746, 0.048290046118674386, 0.05125570673226742, 0.07273236045369143, 0.0901695077693719, 0.06138254016325378, 0.06104952031833246, 0.06104948735378814, 0.061382576091028984, 0.06138258083084778, 0.06104948735378814, 0.061382576091028984, 0.06104948735378814, 0.061049480954520986, 0.061382576091028984, 0.06104948735378814, 0.061049480954520986, 0.061382565518362964, 0.06138258083084778, 0.06104951841400363, 0.06138255208341665, 0.06104948735378814, 0.06104952031833246, 0.061382576091028984, 0.061382565518362964], [0.050366815307609926, 0.06757320771486709, 0.06749974480367171, 0.061971112002339054, 0.06942011164420114, 0.0, 0.039314469299613145, 0.03929338725398657, 0.05678370088268279, 0.06556731565974167, 0.05531853833214245, 0.06475078229928372, 0.08342883281410494, 0.07992425233158468, 0.06693825791107362, 0.07659193985883712, 0.07304401462199928, 0.08404942634715637, 0.07659023715283513, 0.05257275355868341, 0.04980965547354902, 0.04942655409882768, 0.04942655671224848, 0.04980982673504917, 0.04980974245631407, 0.04942655671224848, 0.04980982673504917, 0.04942655671224848, 0.049426501460781744, 0.04980982673504917, 0.04942655671224848, 0.049426501460781744, 0.04980967972788209, 0.04980974245631407, 0.049426566264916136, 0.049809751324517273, 0.04942655671224848, 0.04942655409882768, 0.04980982673504917, 0.04980967972788209], [0.06327967938157492, 0.0638250503624823, 0.053251613578504164, 0.041579027129901774, 0.07715274974249664, 0.039314469299613145, 0.0, 0.05074142011441106, 0.06379315243933541, 0.04882026073891477, 0.06161013407906185, 0.05674617914399012, 0.07480158920231228, 0.05987733153092074, 0.055180136649888155, 0.07084336808893552, 0.06713197469230635, 0.07458876773452466, 0.05968294655252501, 0.05717906496118648, 0.05865359242403143, 0.058290875443319935, 0.05829089137309214, 0.058653684936814374, 0.05865361949012089, 0.05829089137309214, 0.058653684936814374, 0.05829089137309214, 0.05829085668436523, 0.058653684936814374, 0.05829089137309214, 0.05829085668436523, 0.05865356470064857, 0.05865361949012089, 0.0582908658684333, 0.05865364638759079, 0.05829089137309214, 0.058290875443319935, 0.058653684936814374, 0.05865356470064857], [0.054915044859951856, 0.06790214251134659, 0.07097437908270299, 0.0580969833637148, 0.07480774422061615, 0.03929338725398657, 0.05074142011441106, 0.0, 0.05784904235035421, 0.062048417136323294, 0.06318322061600097, 0.056