{"resp_b": 0.1, "restrained_fit": true, "exclude_hydrogens": true, "convergence_tolerance": 1e-06, "max_iter": 500, "resp_a": 0.0005, "charge_constraints": {"charge_sum_constraints": [], "charge_equivalence_constraints": [], "molecules": [{"qcmol": {"schema_name": "qcschema_molecule", "schema_version": 2, "validated": true, "symbols": ["C", "C", "C", "C", "C", "O", "H", "H", "H", "H", "H", "H", "H", "H", "H", "H"], "geometry": [[0.0, 0.0, 0.0], [2.887322908531095, 1.6448504281582455e-16, 9.006161127179557e-16], [3.9778428024765295, 2.6899879352666383, 1.0824674490095276e-15], [6.8392882612777735, 2.7646836623254636, 0.18059302911245073], [8.34254786112699, 1.5828272574859157, -1.9516959964125336], [7.875877366445504, 3.706433107669754, 1.9481317963500213], [-0.7345287599484996, -1.9145105063301506, -0.0016355037422605828], [-0.7405929602814999, 0.9580392270041392, -1.6572191413511377], [-0.7384819567397706, 0.9550695256549379, 1.658615483354311], [3.5709098187115167, -1.0075150651841127, 1.6545161228665906], [3.5633550044508686, -1.0333682113785376, -1.6399219466083312], [3.4025762470954724, 3.6548371992087776, -1.7233387985908817], [3.2450623360054336, 3.7528003693619674, 1.588798829002909], [8.283635818006195, -0.4629256403955795, -1.7934714389297988], [10.288962264544317, 2.1918437088553944, -1.8276443631168835], [7.568352387978008, 2.0806866505883983, -3.7841359971465036]], "name": "C5H10O", "identifiers": {"molecule_hash": "7ea623cbdc628e7836df526af71cf02b67df54de", "molecular_formula": "C5H10O"}, "molecular_charge": 0.0, "molecular_multiplicity": 1, "connectivity": [[0, 1, 1.0], [0, 6, 1.0], [0, 7, 1.0], [0, 8, 1.0], [1, 2, 1.0], [1, 9, 1.0], [1, 10, 1.0], [2, 3, 1.0], [2, 11, 1.0], [2, 12, 1.0], [3, 4, 1.0], [3, 5, 2.0], [4, 13, 1.0], [4, 14, 1.0], [4, 15, 1.0]], "fix_com": true, "fix_orientation": true, "provenance": {"creator": "QCElemental", "version": "v0.22.0", "routine": "qcelemental.molparse.from_schema"}, "id": "95387"}, "charge": 0, "optimize_geometry": false, "conformers": [], "conformer_generation_options": {"n_conformer_pool": 4000, "n_max_conformers": 0, "rms_tolerance": 0.05, "energy_window": 15, "keep_original_conformer": true}, "stage_1_unrestrained_charges": null, "stage_1_restrained_charges": null, "stage_2_unrestrained_charges": null, "stage_2_restrained_charges": null, "keep_original_orientation": false, "reorientations": [], "translations": [], "rotations": []}], "unconstrained_atoms": [{"index": 0, "molecule": {"qcmol": {"schema_name": "qcschema_molecule", "schema_version": 2, "validated": true, "symbols": ["C", "C", "C", "C", "C", "O", "H", "H", "H", "H", "H", "H", "H", "H", "H", "H"], "geometry": [[0.0, 0.0, 0.0], [2.887322908531095, 1.6448504281582455e-16, 9.006161127179557e-16], [3.9778428024765295, 2.6899879352666383, 1.0824674490095276e-15], [6.8392882612777735, 2.7646836623254636, 0.18059302911245073], [8.34254786112699, 1.5828272574859157, -1.9516959964125336], [7.875877366445504, 3.706433107669754, 1.9481317963500213], [-0.7345287599484996, -1.9145105063301506, -0.0016355037422605828], [-0.7405929602814999, 0.9580392270041392, -1.6572191413511377], [-0.7384819567397706, 0.9550695256549379, 1.658615483354311], [3.5709098187115167, -1.0075150651841127, 1.6545161228665906], [3.5633550044508686, -1.0333682113785376, -1.6399219466083312], [3.4025762470954724, 3.6548371992087776, -1.7233387985908817], [3.2450623360054336, 3.7528003693619674, 1.588798829002909], [8.283635818006195, -0.4629256403955795, -1.7934714389297988], [10.288962264544317, 2.1918437088553944, -1.8276443631168835], [7.568352387978008, 2.0806866505883983, -3.7841359971465036]], "name": "C5H10O", "identifiers": {"molecule_hash": "7ea623cbdc628e7836df526af71cf02b67df54de", "molecular_formula": "C5H10O"}, "molecular_charge": 0.0, "molecular_multiplicity": 1, "connectivity": [[0, 1, 1.0], [0, 6, 1.0], [0, 7, 1.0], [0, 8, 1.0], [1, 2, 1.0], [1, 9, 1.0], [1, 10, 1.0], [2, 3, 1.0], [2, 11, 1.0], [2, 12, 1.0], [3, 4, 1.0], [3, 5, 2.0], [4, 13, 1.0], [4, 14, 1.0], [4, 15, 1.0]], "fix_com": true, "fix_orientation": true, "provenance": {"creator": "QCElemental", "version": "v0.22.0", "routine": "qcelemental.molparse.from_schema"}, "id": "95387"}, "charge": 0, "optimize_geometry": false, "conformers": [], "conformer_generation_options": {"n_conformer_pool": 4000, "n_max_conformers": 0, "rms_tolerance": 0.05, "energy_window": 15, "keep_original_conformer": true}, "stage_1_unrestrained_charges": null, "stage_1_restrained_charges": null, "stage_2_unrestrained_charges": null, "stage_2_restrained_charges": null, "keep_original_orientation": false, "reorientations": [], "translations": [], "rotations": []}}, {"index": 1, "molecule": {"qcmol": {"schema_name": "qcschema_molecule", "schema_version": 2, "validated": true, "symbols": ["C", "C", "C", "C", "C", "O", "H", "H", "H", "H", "H", "H", "H", "H", "H", "H"], "geometry": [[0.0, 0.0, 0.0], [2.887322908531095, 1.6448504281582455e-16, 9.006161127179557e-16], [3.9778428024765295, 2.6899879352666383, 1.0824674490095276e-15], [6.8392882612777735, 2.7646836623254636, 0.18059302911245073], [8.34254786112699, 1.5828272574859157, -1.9516959964125336], [7.875877366445504, 3.706433107669754, 1.9481317963500213], [-0.7345287599484996, -1.9145105063301506, -0.0016355037422605828], [-0.7405929602814999, 0.9580392270041392, -1.6572191413511377], [-0.7384819567397706, 0.9550695256549379, 1.658615483354311], [3.5709098187115167, -1.0075150651841127, 1.6545161228665906], [3.5633550044508686, -1.0333682113785376, -1.6399219466083312], [3.4025762470954724, 3.6548371992087776, -1.7233387985908817], [3.2450623360054336, 3.7528003693619674, 1.588798829002909], [8.283635818006195, -0.4629256403955795, -1.7934714389297988], [10.288962264544317, 2.1918437088553944, -1.8276443631168835], [7.568352387978008, 2.0806866505883983, -3.7841359971465036]], "name": "C5H10O", "identifiers": {"molecule_hash": "7ea623cbdc628e7836df526af71cf02b67df54de", "molecular_formula": "C5H10O"}, "molecular_charge": 0.0, "molecular_multiplicity": 1, "connectivity": [[0, 1, 1.0], [0, 6, 1.0], [0, 7, 1.0], [0, 8, 1.0], [1, 2, 1.0], [1, 9, 1.0], [1, 10, 1.0], [2, 3, 1.0], [2, 11, 1.0], [2, 12, 1.0], [3, 4, 1.0], [3, 5, 2.0], [4, 13, 1.0], [4, 14, 1.0], [4, 15, 1.0]], "fix_com": true, "fix_orientation": true, "provenance": {"creator": "QCElemental", "version": "v0.22.0", "routine": "qcelemental.molparse.from_schema"}, "id": "95387"}, "charge": 0, "optimize_geometry": false, "conformers": [], "conformer_generation_options": {"n_conformer_pool": 4000, "n_max_conformers": 0, "rms_tolerance": 0.05, "energy_window": 15, "keep_original_conformer": true}, "stage_1_unrestrained_charges": null, "stage_1_restrained_charges": null, "stage_2_unrestrained_charges": null, "stage_2_restrained_charges": null, "keep_original_orientation": false, "reorientations": [], "translations": [], "rotations": []}}, {"index": 2, "molecule": {"qcmol": {"schema_name": "qcschema_molecule", "schema_version": 2, "validated": true, "symbols": ["C", "C", "C", "C", "C", "O", "H", "H", "H", "H", "H", "H", "H", "H", "H", "H"], "geometry": [[0.0, 0.0, 0.0], [2.887322908531095, 1.6448504281582455e-16, 9.006161127179557e-16], [3.9778428024765295, 2.6899879352666383, 1.0824674490095276e-15], [6.8392882612777735, 2.7646836623254636, 0.18059302911245073], [8.34254786112699, 1.5828272574859157, -1.9516959964125336], [7.875877366445504, 3.706433107669754, 1.9481317963500213], [-0.7345287599484996, -1.9145105063301506, -0.0016355037422605828], [-0.7405929602814999, 0.9580392270041392, -1.6572191413511377], [-0.7384819567397706, 0.9550695256549379, 1.658615483354311], [3.5709098187115167, -1.0075150651841127, 1.6545161228665906], [3.5633550044508686, -1.0333682113785376, -1.6399219466083312], [3.4025762470954724, 3.6548371992087776, -1.7233387985908817], [3.2450623360054336, 3.7528003693619674, 1.588798829002909], [8.283635818006195, -0.4629256403955795, -1.7934714389297988], [10.288962264544317, 2.1918437088553944, -1.8276443631168835], [7.568352387978008, 2.0806866505883983, -3.7841359971465036]], "name": "C5H10O", "identifiers": {"molecule_hash": "7ea623cbdc628e7836df526af71cf02b67df54de", "molecular_formula": "C5H10O"}, "molecular_charge": 0.0, "molecular_multiplicity": 1, "connectivity": [[0, 1, 1.0], [0, 6, 1.0], [0, 7, 1.0], [0, 8, 1.0], [1, 2, 1.0], [1, 9, 1.0], [1, 10, 1.0], [2, 3, 1.0], [2, 11, 1.0], [2, 12, 1.0], [3, 4, 1.0], [3, 5, 2.0], [4, 13, 1.0], [4, 14, 1.0], [4, 15, 1.0]], "fix_com": true, "fix_orientation": true, "provenance": {"creator": "QCElemental", "version": "v0.22.0", "routine": "qcelemental.molparse.from_schema"}, "id": "95387"}, "charge": 0, "optimize_geometry": false, "conformers": [], "conformer_generation_options": {"n_conformer_pool": 4000, "n_max_conformers": 0, "rms_tolerance": 0.05, "energy_window": 15, "keep_original_conformer": true}, "stage_1_unrestrained_charges": null, "stage_1_restrained_charges": null, "stage_2_unrestrained_charges": null, "stage_2_restrained_charges": null, "keep_original_orientation": false, "reorientations": [], "translations": [], "rotations": []}}, {"index": 4, "molecule": {"qcmol": {"schema_name": "qcschema_molecule", "schema_version": 2, "validated": true, "symbols": ["C", "C", "C", "C", "C", "O", "H", "H", "H", "H", "H", "H", "H", "H", "H", "H"], "geometry": [[0.0, 0.0, 0.0], [2.887322908531095, 1.6448504281582455e-16, 9.006161127179557e-16], [3.9778428024765295, 2.6899879352666383, 1.0824674490095276e-15], [6.8392882612777735, 2.7646836623254636, 0.18059302911245073], [8.34254786112699, 1.5828272574859157, -1.9516959964125336], [7.875877366445504, 3.706433107669754, 1.9481317963500213], [-0.7345287599484996, -1.9145105063301506, -0.0016355037422605828], [-0.7405929602814999, 0.9580392270041392, -1.6572191413511377], [-0.7384819567397706, 0.9550695256549379, 1.658615483354311], [3.5709098187115167, -1.0075150651841127, 1.6545161228665906], [3.5633550044508686, -1.0333682113785376, -1.6399219466083312], [3.4025762470954724, 3.6548371992087776, -1.7233387985908817], [3.2450623360054336, 3.7528003693619674, 1.588798829002909], [8.283635818006195, -0.4629256403955795, -1.7934714389297988], [10.288962264544317, 2.1918437088553944, -1.8276443631168835], [7.568352387978008, 2.0806866505883983, -3.7841359971465036]], "name": "C5H10O", "identifiers": {"molecule_hash": "7ea623cbdc628e7836df526af71cf02b67df54de", "molecular_formula": "C5H10O"}, "molecular_charge": 0.0, "molecular_multiplicity": 1, "connectivity": [[0, 1, 1.0], [0, 6, 1.0], [0, 7, 1.0], [0, 8, 1.0], [1, 2, 1.0], [1, 9, 1.0], [1, 10, 1.0], [2, 3, 1.0], [2, 11, 1.0], [2, 12, 1.0], [3, 4, 1.0], [3, 5, 2.0], [4, 13, 1.0], [4, 14, 1.0], [4, 15, 1.0]], "fix_com": true, "fix_orientation": true, "provenance": {"creator": "QCElemental", "version": "v0.22.0", "routine": "qcelemental.molparse.from_schema"}, "id": "95387"}, "charge": 0, "optimize_geometry": false, "conformers": [], "conformer_generation_options": {"n_conformer_pool": 4000, "n_max_conformers": 0, "rms_tolerance": 0.05, "energy_window": 15, "keep_original_conformer": true}, "stage_1_unrestrained_charges": null, "stage_1_restrained_charges": null, "stage_2_unrestrained_charges": null, "stage_2_restrained_charges": null, "keep_original_orientation": false, "reorientations": [], "translations": [], "rotations": []}}]}, "surface_constraints": {"matrix": [[373790938841305.2, 361613766789065.6, 348134999697443.06, 334360135861831.0, 318137645264458.4, 330994868649113.56, 376007415679096.2, 376017088803492.25, 376468541823912.44, 360292640028579.4, 360296328791509.44, 345816545209959.25, 347472991530109.2, 319363193525113.44, 309653959127710.94, 312669769487677.6], [361613766789065.6, 369477166825685.3, 360077143809987.56, 346081677981496.94, 331361637505971.2, 341383921659590.25, 358588795821425.7, 358700949013249.94, 359016299682823.75, 374257448010594.9, 374340247106196.75, 360149351483770.75, 360178691275390.2, 331216581040584.1, 325063450520906.5, 325910709626093.3], [348134999697443.06, 360077143809987.56, 369580555591852.5, 359389690251241.4, 347523459573251.7, 353766312012734.4, 343210852243336.25, 343435134758723.44, 346786391192495.25, 359237608659379.4, 359511998107572.4, 375597610555659.6, 375727653535118.25, 344960476704677.25, 344140874568463.25, 343044907947443.9], [334360135861831.0, 346081677981496.94, 359389690251241.4, 367141795714689.0, 361018264495025.25, 369423535440336.1, 330815173593699.56, 329803429095848.75, 332012640263162.1, 344640981904736.5, 343805648832757.4, 360148359246235.06, 360287264859677.2, 359279324847278.7, 358287252286186.5, 358573571507655.56], [318137645264458.4, 331361637505971.2, 347523459573251.7, 361018264495025.25, 373584386418554.3, 354850555161188.56, 314158411455023.7, 312001423728590.6, 316686568082239.1, 332273339769321.56, 326193840048360.25, 348331547070472.3, 347217773786802.25, 376544060113596.9, 375714893581268.56, 375879888162798.56], [330994868649113.56, 341383921659590.25, 353766312012734.4, 369423535440336.1, 354850555161188.56, 386068948857097.25, 328950392150044.7, 327826883411402.9, 326863685331405.4, 337950714453524.94, 340802684758469.6, 350461913267218.0, 351865799639996.75, 350516587122254.5, 349712788694536.25, 350984645947703.75], [376007415679096.2, 358588795821425.7, 343210852243336.25, 330815173593699.56, 314158411455023.7, 328950392150044.7, 393727517462024.2, 372732129777962.06, 373213448230167.25, 357379496855557.25, 354746753506771.5, 337325703097084.2, 343703872565902.5, 315576030219127.06, 305635188002791.5, 308308430885616.3], [376017088803492.25, 358700949013249.94, 343435134758723.44, 329803429095848.75, 312001423728590.6, 327826883411402.9, 372732129777962.06, 393817456303324.0, 373028073078323.8, 352293967664870.5, 359989765902861.8, 342121072161885.6, 340349030508190.0, 312742498053791.6, 301712040543195.06, 307686140283944.2], [376468541823912.44, 359016299682823.75, 346786391192495.25, 332012640263162.1, 316686568082239.1, 326863685331405.4, 373213448230167.25, 373028073078323.8, 394842766324195.0, 357679753502729.9, 352553015879536.2, 345359357096986.56, 346824639003016.75, 319115707722674.4, 308474666649773.1, 310392286475230.06], [360292640028579.4, 374257448010594.9, 359237608659379.4, 344640981904736.5, 332273339769321.56, 337950714453524.94, 357379496855557.25, 352293967664870.5, 357679753502729.9, 394096519251535.06, 373594200213800.94, 355485355501738.94, 359154635387323.06, 332703215764395.56, 328128138653226.0, 326015304484688.06], [360296328791509.44, 374340247106196.75, 359511998107572.4, 343805648832757.4, 326193840048360.25, 340802684758469.6, 354746753506771.5, 359989765902861.8, 352553015879536.2, 373594200213800.94, 394177830797060.94, 360595810642196.4, 355502337104696.06, 326124922469060.4, 317601115812176.3, 320931373343793.5], [345816545209959.25, 360149351483770.75, 375597610555659.6, 360148359246235.06, 348331547070472.3, 350461913267218.0, 337325703097084.2, 342121072161885.6, 345359357096986.56, 355485355501738.94, 360595810642196.4, 396754261190220.8, 375875149695823.75, 346969013064794.1, 345910065558960.5, 341626935965561.7], [347472991530109.2, 360178691275390.2, 375727653535118.25, 360287264859677.2, 347217773786802.25, 351865799639996.75, 343703872565902.5, 340349030508190.0, 346824639003016.75, 359154635387323.06, 355502337104696.06, 375875149695823.75, 397016898666463.94, 340760780941707.2, 345231956809068.6, 344394092346366.06], [319363193525113.44, 331216581040584.1, 344960476704677.25, 359279324847278.7, 376544060113596.9, 350516587122254.5, 315576030219127.06, 312742498053791.6, 319115707722674.4, 332703215764395.56, 326124922469060.4, 346969013064794.1, 340760780941707.2, 395313370981497.44, 372950103340392.4, 373112397121028.94], [309653959127710.94, 325063450520906.5, 344140874568463.25, 358287252286186.5, 375714893581268.56, 349712788694536.25, 305635188002791.5, 301712040543195.06, 308474666649773.1, 328128138653226.0, 317601115812176.3, 345910065558960.5, 345231956809068.6, 372950103340392.4, 393361389616005.9, 372042289644265.06], [312669769487677.6, 325910709626093.3, 343044907947443.9, 358573571507655.56, 375879888162798.56, 350984645947703.75, 308308430885616.3, 307686140283944.2, 310392286475230.06, 326015304484688.06, 320931373343793.5, 341626935965561.7, 344394092346366.06, 373112397121028.94, 372042289644265.06, 393827976956706.75], [2534391025414.5615, 3139336475010.4556, 2994569597013.417, -1384834113693.1946, 2815295610560.5205, -8714858556547.861, 1812617739086.637, 1960546174023.7712, 3372105886841.571, 4189287948920.0884, 2581884339908.053, 4969316689423.15, 4354957590989.2686, 4281801230234.5923, 3966648702767.3623, 3583888066623.3877]]}}