{"resp_b": 0.1, "restrained_fit": true, "exclude_hydrogens": true, "convergence_tolerance": 1e-06, "max_iter": 500, "resp_a": 0.0005, "charge_constraints": {"charge_sum_constraints": [], "charge_equivalence_constraints": [], "molecules": [{"qcmol": {"schema_name": "qcschema_molecule", "schema_version": 2, "validated": true, "symbols": ["C", "C", "C", "C", "C", "O", "H", "H", "H", "H", "H", "H", "H", "H", "H", "H"], "geometry": [[0.0, 0.0, 0.0], [2.887322908531095, 1.6448504281582455e-16, 9.006161127179557e-16], [3.9778428024765295, 2.6899879352666383, 1.0824674490095276e-15], [6.8392882612777735, 2.7646836623254636, 0.18059302911245073], [8.34254786112699, 1.5828272574859157, -1.9516959964125336], [7.875877366445504, 3.706433107669754, 1.9481317963500213], [-0.7345287599484996, -1.9145105063301506, -0.0016355037422605828], [-0.7405929602814999, 0.9580392270041392, -1.6572191413511377], [-0.7384819567397706, 0.9550695256549379, 1.658615483354311], [3.5709098187115167, -1.0075150651841127, 1.6545161228665906], [3.5633550044508686, -1.0333682113785376, -1.6399219466083312], [3.4025762470954724, 3.6548371992087776, -1.7233387985908817], [3.2450623360054336, 3.7528003693619674, 1.588798829002909], [8.283635818006195, -0.4629256403955795, -1.7934714389297988], [10.288962264544317, 2.1918437088553944, -1.8276443631168835], [7.568352387978008, 2.0806866505883983, -3.7841359971465036]], "name": "C5H10O", "identifiers": {"molecule_hash": "7ea623cbdc628e7836df526af71cf02b67df54de", "molecular_formula": "C5H10O"}, "molecular_charge": 0.0, "molecular_multiplicity": 1, "connectivity": [[0, 1, 1.0], [0, 6, 1.0], [0, 7, 1.0], [0, 8, 1.0], [1, 2, 1.0], [1, 9, 1.0], [1, 10, 1.0], [2, 3, 1.0], [2, 11, 1.0], [2, 12, 1.0], [3, 4, 1.0], [3, 5, 2.0], [4, 13, 1.0], [4, 14, 1.0], [4, 15, 1.0]], "fix_com": true, "fix_orientation": true, "provenance": {"creator": "QCElemental", "version": "v0.22.0", "routine": "qcelemental.molparse.from_schema"}, "id": "95387"}, "charge": 0, "optimize_geometry": false, "conformers": [], "conformer_generation_options": {"n_conformer_pool": 4000, "n_max_conformers": 0, "rms_tolerance": 0.05, "energy_window": 15, "keep_original_conformer": true}, "stage_1_unrestrained_charges": null, "stage_1_restrained_charges": null, "stage_2_unrestrained_charges": null, "stage_2_restrained_charges": null, "keep_original_orientation": false, "reorientations": [], "translations": [], "rotations": []}], "unconstrained_atoms": [{"index": 0, "molecule": {"qcmol": {"schema_name": "qcschema_molecule", "schema_version": 2, "validated": true, "symbols": ["C", "C", "C", "C", "C", "O", "H", "H", "H", "H", "H", "H", "H", "H", "H", "H"], "geometry": [[0.0, 0.0, 0.0], [2.887322908531095, 1.6448504281582455e-16, 9.006161127179557e-16], [3.9778428024765295, 2.6899879352666383, 1.0824674490095276e-15], [6.8392882612777735, 2.7646836623254636, 0.18059302911245073], [8.34254786112699, 1.5828272574859157, -1.9516959964125336], [7.875877366445504, 3.706433107669754, 1.9481317963500213], [-0.7345287599484996, -1.9145105063301506, -0.0016355037422605828], [-0.7405929602814999, 0.9580392270041392, -1.6572191413511377], [-0.7384819567397706, 0.9550695256549379, 1.658615483354311], [3.5709098187115167, -1.0075150651841127, 1.6545161228665906], [3.5633550044508686, -1.0333682113785376, -1.6399219466083312], [3.4025762470954724, 3.6548371992087776, -1.7233387985908817], [3.2450623360054336, 3.7528003693619674, 1.588798829002909], [8.283635818006195, -0.4629256403955795, -1.7934714389297988], [10.288962264544317, 2.1918437088553944, -1.8276443631168835], [7.568352387978008, 2.0806866505883983, -3.7841359971465036]], "name": "C5H10O", "identifiers": {"molecule_hash": "7ea623cbdc628e7836df526af71cf02b67df54de", "molecular_formula": "C5H10O"}, "molecular_charge": 0.0, "molecular_multiplicity": 1, "connectivity": [[0, 1, 1.0], [0, 6, 1.0], [0, 7, 1.0], [0, 8, 1.0], [1, 2, 1.0], [1, 9, 1.0], [1, 10, 1.0], [2, 3, 1.0], [2, 11, 1.0], [2, 12, 1.0], [3, 4, 1.0], [3, 5, 2.0], [4, 13, 1.0], [4, 14, 1.0], [4, 15, 1.0]], "fix_com": true, "fix_orientation": true, "provenance": {"creator": "QCElemental", "version": "v0.22.0", "routine": "qcelemental.molparse.from_schema"}, "id": "95387"}, "charge": 0, "optimize_geometry": false, "conformers": [], "conformer_generation_options": {"n_conformer_pool": 4000, "n_max_conformers": 0, "rms_tolerance": 0.05, "energy_window": 15, "keep_original_conformer": true}, "stage_1_unrestrained_charges": null, "stage_1_restrained_charges": null, "stage_2_unrestrained_charges": null, "stage_2_restrained_charges": null, "keep_original_orientation": false, "reorientations": [], "translations": [], "rotations": []}}, {"index": 1, "molecule": {"qcmol": {"schema_name": "qcschema_molecule", "schema_version": 2, "validated": true, "symbols": ["C", "C", "C", "C", "C", "O", "H", "H", "H", "H", "H", "H", "H", "H", "H", "H"], "geometry": [[0.0, 0.0, 0.0], [2.887322908531095, 1.6448504281582455e-16, 9.006161127179557e-16], [3.9778428024765295, 2.6899879352666383, 1.0824674490095276e-15], [6.8392882612777735, 2.7646836623254636, 0.18059302911245073], [8.34254786112699, 1.5828272574859157, -1.9516959964125336], [7.875877366445504, 3.706433107669754, 1.9481317963500213], [-0.7345287599484996, -1.9145105063301506, -0.0016355037422605828], [-0.7405929602814999, 0.9580392270041392, -1.6572191413511377], [-0.7384819567397706, 0.9550695256549379, 1.658615483354311], [3.5709098187115167, -1.0075150651841127, 1.6545161228665906], [3.5633550044508686, -1.0333682113785376, -1.6399219466083312], [3.4025762470954724, 3.6548371992087776, -1.7233387985908817], [3.2450623360054336, 3.7528003693619674, 1.588798829002909], [8.283635818006195, -0.4629256403955795, -1.7934714389297988], [10.288962264544317, 2.1918437088553944, -1.8276443631168835], [7.568352387978008, 2.0806866505883983, -3.7841359971465036]], "name": "C5H10O", "identifiers": {"molecule_hash": "7ea623cbdc628e7836df526af71cf02b67df54de", "molecular_formula": "C5H10O"}, "molecular_charge": 0.0, "molecular_multiplicity": 1, "connectivity": [[0, 1, 1.0], [0, 6, 1.0], [0, 7, 1.0], [0, 8, 1.0], [1, 2, 1.0], [1, 9, 1.0], [1, 10, 1.0], [2, 3, 1.0], [2, 11, 1.0], [2, 12, 1.0], [3, 4, 1.0], [3, 5, 2.0], [4, 13, 1.0], [4, 14, 1.0], [4, 15, 1.0]], "fix_com": true, "fix_orientation": true, "provenance": {"creator": "QCElemental", "version": "v0.22.0", "routine": "qcelemental.molparse.from_schema"}, "id": "95387"}, "charge": 0, "optimize_geometry": false, "conformers": [], "conformer_generation_options": {"n_conformer_pool": 4000, "n_max_conformers": 0, "rms_tolerance": 0.05, "energy_window": 15, "keep_original_conformer": true}, "stage_1_unrestrained_charges": null, "stage_1_restrained_charges": null, "stage_2_unrestrained_charges": null, "stage_2_restrained_charges": null, "keep_original_orientation": false, "reorientations": [], "translations": [], "rotations": []}}, {"index": 2, "molecule": {"qcmol": {"schema_name": "qcschema_molecule", "schema_version": 2, "validated": true, "symbols": ["C", "C", "C", "C", "C", "O", "H", "H", "H", "H", "H", "H", "H", "H", "H", "H"], "geometry": [[0.0, 0.0, 0.0], [2.887322908531095, 1.6448504281582455e-16, 9.006161127179557e-16], [3.9778428024765295, 2.6899879352666383, 1.0824674490095276e-15], [6.8392882612777735, 2.7646836623254636, 0.18059302911245073], [8.34254786112699, 1.5828272574859157, -1.9516959964125336], [7.875877366445504, 3.706433107669754, 1.9481317963500213], [-0.7345287599484996, -1.9145105063301506, -0.0016355037422605828], [-0.7405929602814999, 0.9580392270041392, -1.6572191413511377], [-0.7384819567397706, 0.9550695256549379, 1.658615483354311], [3.5709098187115167, -1.0075150651841127, 1.6545161228665906], [3.5633550044508686, -1.0333682113785376, -1.6399219466083312], [3.4025762470954724, 3.6548371992087776, -1.7233387985908817], [3.2450623360054336, 3.7528003693619674, 1.588798829002909], [8.283635818006195, -0.4629256403955795, -1.7934714389297988], [10.288962264544317, 2.1918437088553944, -1.8276443631168835], [7.568352387978008, 2.0806866505883983, -3.7841359971465036]], "name": "C5H10O", "identifiers": {"molecule_hash": "7ea623cbdc628e7836df526af71cf02b67df54de", "molecular_formula": "C5H10O"}, "molecular_charge": 0.0, "molecular_multiplicity": 1, "connectivity": [[0, 1, 1.0], [0, 6, 1.0], [0, 7, 1.0], [0, 8, 1.0], [1, 2, 1.0], [1, 9, 1.0], [1, 10, 1.0], [2, 3, 1.0], [2, 11, 1.0], [2, 12, 1.0], [3, 4, 1.0], [3, 5, 2.0], [4, 13, 1.0], [4, 14, 1.0], [4, 15, 1.0]], "fix_com": true, "fix_orientation": true, "provenance": {"creator": "QCElemental", "version": "v0.22.0", "routine": "qcelemental.molparse.from_schema"}, "id": "95387"}, "charge": 0, "optimize_geometry": false, "conformers": [], "conformer_generation_options": {"n_conformer_pool": 4000, "n_max_conformers": 0, "rms_tolerance": 0.05, "energy_window": 15, "keep_original_conformer": true}, "stage_1_unrestrained_charges": null, "stage_1_restrained_charges": null, "stage_2_unrestrained_charges": null, "stage_2_restrained_charges": null, "keep_original_orientation": false, "reorientations": [], "translations": [], "rotations": []}}, {"index": 4, "molecule": {"qcmol": {"schema_name": "qcschema_molecule", "schema_version": 2, "validated": true, "symbols": ["C", "C", "C", "C", "C", "O", "H", "H", "H", "H", "H", "H", "H", "H", "H", "H"], "geometry": [[0.0, 0.0, 0.0], [2.887322908531095, 1.6448504281582455e-16, 9.006161127179557e-16], [3.9778428024765295, 2.6899879352666383, 1.0824674490095276e-15], [6.8392882612777735, 2.7646836623254636, 0.18059302911245073], [8.34254786112699, 1.5828272574859157, -1.9516959964125336], [7.875877366445504, 3.706433107669754, 1.9481317963500213], [-0.7345287599484996, -1.9145105063301506, -0.0016355037422605828], [-0.7405929602814999, 0.9580392270041392, -1.6572191413511377], [-0.7384819567397706, 0.9550695256549379, 1.658615483354311], [3.5709098187115167, -1.0075150651841127, 1.6545161228665906], [3.5633550044508686, -1.0333682113785376, -1.6399219466083312], [3.4025762470954724, 3.6548371992087776, -1.7233387985908817], [3.2450623360054336, 3.7528003693619674, 1.588798829002909], [8.283635818006195, -0.4629256403955795, -1.7934714389297988], [10.288962264544317, 2.1918437088553944, -1.8276443631168835], [7.568352387978008, 2.0806866505883983, -3.7841359971465036]], "name": "C5H10O", "identifiers": {"molecule_hash": "7ea623cbdc628e7836df526af71cf02b67df54de", "molecular_formula": "C5H10O"}, "molecular_charge": 0.0, "molecular_multiplicity": 1, "connectivity": [[0, 1, 1.0], [0, 6, 1.0], [0, 7, 1.0], [0, 8, 1.0], [1, 2, 1.0], [1, 9, 1.0], [1, 10, 1.0], [2, 3, 1.0], [2, 11, 1.0], [2, 12, 1.0], [3, 4, 1.0], [3, 5, 2.0], [4, 13, 1.0], [4, 14, 1.0], [4, 15, 1.0]], "fix_com": true, "fix_orientation": true, "provenance": {"creator": "QCElemental", "version": "v0.22.0", "routine": "qcelemental.molparse.from_schema"}, "id": "95387"}, "charge": 0, "optimize_geometry": false, "conformers": [], "conformer_generation_options": {"n_conformer_pool": 4000, "n_max_conformers": 0, "rms_tolerance": 0.05, "energy_window": 15, "keep_original_conformer": true}, "stage_1_unrestrained_charges": null, "stage_1_restrained_charges": null, "stage_2_unrestrained_charges": null, "stage_2_restrained_charges": null, "keep_original_orientation": false, "reorientations": [], "translations": [], "rotations": []}}]}, "surface_constraints": {"matrix": [[1842.590091688287, 1778.9735405667695, 1704.8333321615298, 1631.8657040125174, 1544.1447233777374, 1610.4716534819042, 1849.7263227786564, 1849.455115331262, 1852.9055534424724, 1770.2218740621104, 1770.516827671072, 1689.3523035029882, 1697.954540371104, 1547.161823863408, 1498.031571911352, 1512.8570723238067], [1778.9735405667695, 1823.192156739148, 1770.1387693796098, 1695.8147533478552, 1614.7141010905582, 1667.3061045343843, 1758.8915812661232, 1759.4344494893437, 1761.942145382444, 1846.632285598963, 1847.2071657800343, 1766.4211526991014, 1766.8678734755035, 1610.5454674753742, 1578.9503412760102, 1582.8553166572076], [1704.8333321615298, 1770.1387693796098, 1819.4935666131576, 1766.1666934940315, 1698.4402285074452, 1732.310293060412, 1675.8882825677183, 1676.5452255757784, 1694.962524871792, 1764.1605144696075, 1765.3475127290815, 1846.4456937690313, 1847.8387266051543, 1680.7715634034846, 1677.0201791318784, 1670.6009328063924], [1631.8657040125174, 1695.8147533478552, 1766.1666934940315, 1810.5259648425747, 1771.5446642351005, 1818.3260743701564, 1610.7562222094637, 1604.8422725336945, 1617.082194303176, 1686.7143990012364, 1682.1068426751644, 1765.2709284413993, 1766.8761170575024, 1756.745694598939, 1752.225352243388, 1752.9593628576097], [1544.1447233777374, 1614.7141010905582, 1698.4402285074452, 1771.5446642351005, 1833.8290290802274, 1734.572293049277, 1521.5336468903743, 1509.7913567423057, 1534.396499684069, 1618.334204514406, 1586.5828167045497, 1698.536520809403, 1693.7944747132258, 1843.532786016446, 1840.0608046894858, 1840.2364685174934], [1610.4716534819042, 1667.3061045343843, 1732.310293060412, 1818.3260743701564, 1734.572293049277, 1903.7925547512248, 1597.1885401360014, 1590.7547324810635, 1586.7214209741485, 1648.0069224409451, 1662.5382943949746, 1710.4451087456732, 1718.3189082289302, 1706.8250163475248, 1702.8095553855765, 1708.773901342479], [1849.7263227786564, 1758.8915812661232, 1675.8882825677183, 1610.7562222094637, 1521.5336468903743, 1597.1885401360014, 1937.5218834863604, 1827.9087823521613, 1831.4275527022535, 1750.701064937454, 1737.3459929363653, 1642.6420709557785, 1675.0064123845336, 1525.6821775802941, 1475.5360445569145, 1488.4574968558616], [1849.455115331262, 1759.4344494893437, 1676.5452255757784, 1604.8422725336945, 1509.7913567423057, 1590.7547324810635, 1827.9087823521613, 1937.2966823999745, 1830.0180112827088, 1724.40321421777, 1764.8432397503911, 1666.4084412195639, 1657.4572113398915, 1510.5899530948614, 1454.9440684926956, 1484.660095305048], [1852.9055534424724, 1761.942145382444, 1694.962524871792, 1617.082194303176, 1534.396499684069, 1586.7214209741485, 1831.4275527022535, 1830.0180112827088, 1945.1412344188623, 1753.4745787451584, 1726.8324658934005, 1684.2219278600119, 1691.9238840968278, 1543.2995344531048, 1490.0007294764785, 1499.2311320892202], [1770.2218740621104, 1846.632285598963, 1764.1605144696075, 1686.7143990012364, 1618.334204514406, 1648.0069224409451, 1750.701064937454, 1724.40321421777, 1753.4745787451584, 1948.3400681421726, 1841.660275519234, 1740.7719813700428, 1760.2672843276923, 1617.4268219951007, 1593.4486545984448, 1582.68608776086], [1770.516827671072, 1847.2071657800343, 1765.3475127290815, 1682.1068426751644, 1586.5828167045497, 1662.5382943949746, 1737.3459929363653, 1764.8432397503911, 1726.8324658934005, 1841.660275519234, 1949.092645211122, 1767.0734066872149, 1740.6610470722565, 1583.1843733995192, 1539.4327778762224, 1555.936489287184], [1689.3523035029882, 1766.4211526991014, 1846.4456937690313, 1765.2709284413993, 1698.536520809403, 1710.4451087456732, 1642.6420709557785, 1666.4084412195639, 1684.2219278600119, 1740.7719813700428, 1767.0734066872149, 1951.070419055919, 1845.0161766512085, 1687.3261301962605, 1682.2711680801563, 1659.7603158889651], [1697.954540371104, 1766.8678734755035, 1847.8387266051543, 1766.8761170575024, 1693.7944747132258, 1718.3189082289302, 1675.0064123845336, 1657.4572113398915, 1691.9238840968278, 1760.2672843276923, 1740.6610470722565, 1845.0161766512085, 1953.9427769995452, 1656.4985322209232, 1680.0951516611583, 1674.627482119807], [1547.161823863408, 1610.5454674753742, 1680.7715634034846, 1756.745694598939, 1843.532786016446, 1706.8250163475248, 1525.6821775802941, 1510.5899530948614, 1543.2995344531048, 1617.4268219951007, 1583.1843733995192, 1687.3261301962605, 1656.4985322209232, 1935.2615218713406, 1820.27039138436, 1820.6510564289842], [1498.031571911352, 1578.9503412760102, 1677.0201791318784, 1752.225352243388, 1840.0608046894858, 1702.8095553855765, 1475.5360445569145, 1454.9440684926956, 1490.0007294764785, 1593.4486545984448, 1539.4327778762224, 1682.2711680801563, 1680.0951516611583, 1820.27039138436, 1926.6238675716083, 1815.6948825569946], [1512.8570723238067, 1582.8553166572076, 1670.6009328063924, 1752.9593628576097, 1840.2364685174934, 1708.773901342479, 1488.4574968558616, 1484.660095305048, 1499.2311320892202, 1582.68608776086, 1555.936489287184, 1659.7603158889651, 1674.627482119807, 1820.6510564289842, 1815.6948825569946, 1927.7057602198652], [14.92279570008183, 20.05361686716152, 19.88894075949736, -10.793367710199082, 19.05300058161884, -61.95050121664401, 9.493201529706193, 10.38143022614299, 20.775653938571715, 27.75158235464374, 15.806164691212933, 33.93763240164038, 29.527582104380226, 28.899933693084343, 27.31624796394504, 24.20144204912557]]}}