{"resp_b": 0.1, "restrained_fit": true, "exclude_hydrogens": true, "convergence_tolerance": 1e-06, "max_iter": 500, "resp_a": 0.0005, "charge_constraints": {"charge_sum_constraints": [], "charge_equivalence_constraints": [], "molecules": [{"qcmol": {"schema_name": "qcschema_molecule", "schema_version": 2, "validated": true, "symbols": ["C", "C", "C", "C", "C", "O", "H", "H", "H", "H", "H", "H", "H", "H", "H", "H"], "geometry": [[0.0, 0.0, 0.0], [2.887322908531095, 1.6448504281582455e-16, 9.006161127179557e-16], [3.9778428024765295, 2.6899879352666383, 1.0824674490095276e-15], [6.8392882612777735, 2.7646836623254636, 0.18059302911245073], [8.34254786112699, 1.5828272574859157, -1.9516959964125336], [7.875877366445504, 3.706433107669754, 1.9481317963500213], [-0.7345287599484996, -1.9145105063301506, -0.0016355037422605828], [-0.7405929602814999, 0.9580392270041392, -1.6572191413511377], [-0.7384819567397706, 0.9550695256549379, 1.658615483354311], [3.5709098187115167, -1.0075150651841127, 1.6545161228665906], [3.5633550044508686, -1.0333682113785376, -1.6399219466083312], [3.4025762470954724, 3.6548371992087776, -1.7233387985908817], [3.2450623360054336, 3.7528003693619674, 1.588798829002909], [8.283635818006195, -0.4629256403955795, -1.7934714389297988], [10.288962264544317, 2.1918437088553944, -1.8276443631168835], [7.568352387978008, 2.0806866505883983, -3.7841359971465036]], "name": "C5H10O", "identifiers": {"molecule_hash": "7ea623cbdc628e7836df526af71cf02b67df54de", "molecular_formula": "C5H10O"}, "molecular_charge": 0.0, "molecular_multiplicity": 1, "connectivity": [[0, 1, 1.0], [0, 6, 1.0], [0, 7, 1.0], [0, 8, 1.0], [1, 2, 1.0], [1, 9, 1.0], [1, 10, 1.0], [2, 3, 1.0], [2, 11, 1.0], [2, 12, 1.0], [3, 4, 1.0], [3, 5, 2.0], [4, 13, 1.0], [4, 14, 1.0], [4, 15, 1.0]], "fix_com": true, "fix_orientation": true, "provenance": {"creator": "QCElemental", "version": "v0.22.0", "routine": "qcelemental.molparse.from_schema"}, "id": "95387"}, "charge": 0, "optimize_geometry": false, "conformers": [], "conformer_generation_options": {"n_conformer_pool": 4000, "n_max_conformers": 0, "rms_tolerance": 0.05, "energy_window": 15, "keep_original_conformer": true}, "stage_1_unrestrained_charges": null, "stage_1_restrained_charges": null, "stage_2_unrestrained_charges": null, "stage_2_restrained_charges": null, "keep_original_orientation": false, "reorientations": [], "translations": [], "rotations": []}], "unconstrained_atoms": [{"index": 0, "molecule": {"qcmol": {"schema_name": "qcschema_molecule", "schema_version": 2, "validated": true, "symbols": ["C", "C", "C", "C", "C", "O", "H", "H", "H", "H", "H", "H", "H", "H", "H", "H"], "geometry": [[0.0, 0.0, 0.0], [2.887322908531095, 1.6448504281582455e-16, 9.006161127179557e-16], [3.9778428024765295, 2.6899879352666383, 1.0824674490095276e-15], [6.8392882612777735, 2.7646836623254636, 0.18059302911245073], [8.34254786112699, 1.5828272574859157, -1.9516959964125336], [7.875877366445504, 3.706433107669754, 1.9481317963500213], [-0.7345287599484996, -1.9145105063301506, -0.0016355037422605828], [-0.7405929602814999, 0.9580392270041392, -1.6572191413511377], [-0.7384819567397706, 0.9550695256549379, 1.658615483354311], [3.5709098187115167, -1.0075150651841127, 1.6545161228665906], [3.5633550044508686, -1.0333682113785376, -1.6399219466083312], [3.4025762470954724, 3.6548371992087776, -1.7233387985908817], [3.2450623360054336, 3.7528003693619674, 1.588798829002909], [8.283635818006195, -0.4629256403955795, -1.7934714389297988], [10.288962264544317, 2.1918437088553944, -1.8276443631168835], [7.568352387978008, 2.0806866505883983, -3.7841359971465036]], "name": "C5H10O", "identifiers": {"molecule_hash": "7ea623cbdc628e7836df526af71cf02b67df54de", "molecular_formula": "C5H10O"}, "molecular_charge": 0.0, "molecular_multiplicity": 1, "connectivity": [[0, 1, 1.0], [0, 6, 1.0], [0, 7, 1.0], [0, 8, 1.0], [1, 2, 1.0], [1, 9, 1.0], [1, 10, 1.0], [2, 3, 1.0], [2, 11, 1.0], [2, 12, 1.0], [3, 4, 1.0], [3, 5, 2.0], [4, 13, 1.0], [4, 14, 1.0], [4, 15, 1.0]], "fix_com": true, "fix_orientation": true, "provenance": {"creator": "QCElemental", "version": "v0.22.0", "routine": "qcelemental.molparse.from_schema"}, "id": "95387"}, "charge": 0, "optimize_geometry": false, "conformers": [], "conformer_generation_options": {"n_conformer_pool": 4000, "n_max_conformers": 0, "rms_tolerance": 0.05, "energy_window": 15, "keep_original_conformer": true}, "stage_1_unrestrained_charges": null, "stage_1_restrained_charges": null, "stage_2_unrestrained_charges": null, "stage_2_restrained_charges": null, "keep_original_orientation": false, "reorientations": [], "translations": [], "rotations": []}}, {"index": 1, "molecule": {"qcmol": {"schema_name": "qcschema_molecule", "schema_version": 2, "validated": true, "symbols": ["C", "C", "C", "C", "C", "O", "H", "H", "H", "H", "H", "H", "H", "H", "H", "H"], "geometry": [[0.0, 0.0, 0.0], [2.887322908531095, 1.6448504281582455e-16, 9.006161127179557e-16], [3.9778428024765295, 2.6899879352666383, 1.0824674490095276e-15], [6.8392882612777735, 2.7646836623254636, 0.18059302911245073], [8.34254786112699, 1.5828272574859157, -1.9516959964125336], [7.875877366445504, 3.706433107669754, 1.9481317963500213], [-0.7345287599484996, -1.9145105063301506, -0.0016355037422605828], [-0.7405929602814999, 0.9580392270041392, -1.6572191413511377], [-0.7384819567397706, 0.9550695256549379, 1.658615483354311], [3.5709098187115167, -1.0075150651841127, 1.6545161228665906], [3.5633550044508686, -1.0333682113785376, -1.6399219466083312], [3.4025762470954724, 3.6548371992087776, -1.7233387985908817], [3.2450623360054336, 3.7528003693619674, 1.588798829002909], [8.283635818006195, -0.4629256403955795, -1.7934714389297988], [10.288962264544317, 2.1918437088553944, -1.8276443631168835], [7.568352387978008, 2.0806866505883983, -3.7841359971465036]], "name": "C5H10O", "identifiers": {"molecule_hash": "7ea623cbdc628e7836df526af71cf02b67df54de", "molecular_formula": "C5H10O"}, "molecular_charge": 0.0, "molecular_multiplicity": 1, "connectivity": [[0, 1, 1.0], [0, 6, 1.0], [0, 7, 1.0], [0, 8, 1.0], [1, 2, 1.0], [1, 9, 1.0], [1, 10, 1.0], [2, 3, 1.0], [2, 11, 1.0], [2, 12, 1.0], [3, 4, 1.0], [3, 5, 2.0], [4, 13, 1.0], [4, 14, 1.0], [4, 15, 1.0]], "fix_com": true, "fix_orientation": true, "provenance": {"creator": "QCElemental", "version": "v0.22.0", "routine": "qcelemental.molparse.from_schema"}, "id": "95387"}, "charge": 0, "optimize_geometry": false, "conformers": [], "conformer_generation_options": {"n_conformer_pool": 4000, "n_max_conformers": 0, "rms_tolerance": 0.05, "energy_window": 15, "keep_original_conformer": true}, "stage_1_unrestrained_charges": null, "stage_1_restrained_charges": null, "stage_2_unrestrained_charges": null, "stage_2_restrained_charges": null, "keep_original_orientation": false, "reorientations": [], "translations": [], "rotations": []}}, {"index": 2, "molecule": {"qcmol": {"schema_name": "qcschema_molecule", "schema_version": 2, "validated": true, "symbols": ["C", "C", "C", "C", "C", "O", "H", "H", "H", "H", "H", "H", "H", "H", "H", "H"], "geometry": [[0.0, 0.0, 0.0], [2.887322908531095, 1.6448504281582455e-16, 9.006161127179557e-16], [3.9778428024765295, 2.6899879352666383, 1.0824674490095276e-15], [6.8392882612777735, 2.7646836623254636, 0.18059302911245073], [8.34254786112699, 1.5828272574859157, -1.9516959964125336], [7.875877366445504, 3.706433107669754, 1.9481317963500213], [-0.7345287599484996, -1.9145105063301506, -0.0016355037422605828], [-0.7405929602814999, 0.9580392270041392, -1.6572191413511377], [-0.7384819567397706, 0.9550695256549379, 1.658615483354311], [3.5709098187115167, -1.0075150651841127, 1.6545161228665906], [3.5633550044508686, -1.0333682113785376, -1.6399219466083312], [3.4025762470954724, 3.6548371992087776, -1.7233387985908817], [3.2450623360054336, 3.7528003693619674, 1.588798829002909], [8.283635818006195, -0.4629256403955795, -1.7934714389297988], [10.288962264544317, 2.1918437088553944, -1.8276443631168835], [7.568352387978008, 2.0806866505883983, -3.7841359971465036]], "name": "C5H10O", "identifiers": {"molecule_hash": "7ea623cbdc628e7836df526af71cf02b67df54de", "molecular_formula": "C5H10O"}, "molecular_charge": 0.0, "molecular_multiplicity": 1, "connectivity": [[0, 1, 1.0], [0, 6, 1.0], [0, 7, 1.0], [0, 8, 1.0], [1, 2, 1.0], [1, 9, 1.0], [1, 10, 1.0], [2, 3, 1.0], [2, 11, 1.0], [2, 12, 1.0], [3, 4, 1.0], [3, 5, 2.0], [4, 13, 1.0], [4, 14, 1.0], [4, 15, 1.0]], "fix_com": true, "fix_orientation": true, "provenance": {"creator": "QCElemental", "version": "v0.22.0", "routine": "qcelemental.molparse.from_schema"}, "id": "95387"}, "charge": 0, "optimize_geometry": false, "conformers": [], "conformer_generation_options": {"n_conformer_pool": 4000, "n_max_conformers": 0, "rms_tolerance": 0.05, "energy_window": 15, "keep_original_conformer": true}, "stage_1_unrestrained_charges": null, "stage_1_restrained_charges": null, "stage_2_unrestrained_charges": null, "stage_2_restrained_charges": null, "keep_original_orientation": false, "reorientations": [], "translations": [], "rotations": []}}, {"index": 4, "molecule": {"qcmol": {"schema_name": "qcschema_molecule", "schema_version": 2, "validated": true, "symbols": ["C", "C", "C", "C", "C", "O", "H", "H", "H", "H", "H", "H", "H", "H", "H", "H"], "geometry": [[0.0, 0.0, 0.0], [2.887322908531095, 1.6448504281582455e-16, 9.006161127179557e-16], [3.9778428024765295, 2.6899879352666383, 1.0824674490095276e-15], [6.8392882612777735, 2.7646836623254636, 0.18059302911245073], [8.34254786112699, 1.5828272574859157, -1.9516959964125336], [7.875877366445504, 3.706433107669754, 1.9481317963500213], [-0.7345287599484996, -1.9145105063301506, -0.0016355037422605828], [-0.7405929602814999, 0.9580392270041392, -1.6572191413511377], [-0.7384819567397706, 0.9550695256549379, 1.658615483354311], [3.5709098187115167, -1.0075150651841127, 1.6545161228665906], [3.5633550044508686, -1.0333682113785376, -1.6399219466083312], [3.4025762470954724, 3.6548371992087776, -1.7233387985908817], [3.2450623360054336, 3.7528003693619674, 1.588798829002909], [8.283635818006195, -0.4629256403955795, -1.7934714389297988], [10.288962264544317, 2.1918437088553944, -1.8276443631168835], [7.568352387978008, 2.0806866505883983, -3.7841359971465036]], "name": "C5H10O", "identifiers": {"molecule_hash": "7ea623cbdc628e7836df526af71cf02b67df54de", "molecular_formula": "C5H10O"}, "molecular_charge": 0.0, "molecular_multiplicity": 1, "connectivity": [[0, 1, 1.0], [0, 6, 1.0], [0, 7, 1.0], [0, 8, 1.0], [1, 2, 1.0], [1, 9, 1.0], [1, 10, 1.0], [2, 3, 1.0], [2, 11, 1.0], [2, 12, 1.0], [3, 4, 1.0], [3, 5, 2.0], [4, 13, 1.0], [4, 14, 1.0], [4, 15, 1.0]], "fix_com": true, "fix_orientation": true, "provenance": {"creator": "QCElemental", "version": "v0.22.0", "routine": "qcelemental.molparse.from_schema"}, "id": "95387"}, "charge": 0, "optimize_geometry": false, "conformers": [], "conformer_generation_options": {"n_conformer_pool": 4000, "n_max_conformers": 0, "rms_tolerance": 0.05, "energy_window": 15, "keep_original_conformer": true}, "stage_1_unrestrained_charges": null, "stage_1_restrained_charges": null, "stage_2_unrestrained_charges": null, "stage_2_restrained_charges": null, "keep_original_orientation": false, "reorientations": [], "translations": [], "rotations": []}}]}, "surface_constraints": {"matrix": [[151153222813684.72, 146084093606138.53, 139969011830820.08, 133933459388419.72, 125667746572043.05, 132966223915361.28, 151780052366910.78, 151550863600504.3, 151949975097310.72, 145483746454993.22, 145334580588820.75, 138722290009312.75, 139396185273707.34, 125483960953650.39, 121047395414420.17, 123444943828605.84], [146084093606138.53, 149812685055868.47, 145465112214888.2, 139406479537298.1, 131864756848103.67, 137713057498082.4, 144498513291383.56, 144353499985538.4, 144658077707121.66, 151830345157716.53, 151662496215508.2, 145123358812010.4, 145133261625674.97, 131542345657529.39, 127826991225883.69, 129576594240849.12], [139969011830820.08, 145465112214888.2, 149470779048646.75, 145133443990329.8, 139579152595226.34, 142340472248857.53, 137622248065918.34, 137526521042115.08, 139111408291365.0, 145084798705441.22, 145000876689321.53, 151627575851535.0, 151698461359076.3, 138375556538276.36, 137351214121245.95, 137383902538814.31], [133933459388419.72, 139406479537298.1, 145133443990329.8, 148758380022894.16, 145546572589716.22, 149321560581171.53, 132197673466070.92, 131520331856342.12, 132689740030061.42, 138814464175411.38, 138185322069317.6, 144991952472657.16, 145129818872072.1, 144253725259575.47, 143899151833799.06, 144075214421264.12], [125667746572043.05, 131864756848103.67, 139579152595226.34, 145546572589716.22, 150590308776579.28, 142519631426858.8, 123595853426343.78, 122607857260120.19, 124984540431641.77, 131682875628040.89, 129658761682539.88, 140270209685990.27, 139126626837838.73, 151357896492217.2, 150910819947400.72, 151154676094387.16], [132966223915361.28, 137713057498082.4, 142340472248857.53, 149321560581171.53, 142519631426858.8, 156027527887043.88, 132024377803330.9, 131258905394144.78, 130841387944239.9, 136743721872725.45, 137091214501500.84, 139937923239554.61, 141198487747447.94, 139913278292151.89, 140207914681460.5, 140476160636292.9], [151780052366910.78, 144498513291383.56, 137622248065918.34, 132197673466070.92, 123595853426343.78, 132024377803330.9, 158954725127602.44, 149835185262833.94, 150244560615549.4, 143973227826249.0, 142682677254214.56, 134929635886446.5, 137554600116530.58, 123329701062554.19, 119182022084143.47, 121027365280470.17], [151550863600504.3, 144353499985538.4, 137526521042115.08, 131520331856342.12, 122607857260120.19, 131258905394144.78, 149835185262833.94, 158505142324684.9, 149947875113432.44, 141609789992914.9, 144768040188274.53, 136737635474578.69, 135994604660943.03, 122197024143860.39, 117364483984164.66, 120879485453586.61], [151949975097310.72, 144658077707121.66, 139111408291365.0, 132689740030061.42, 124984540431641.77, 130841387944239.9, 150244560615549.4, 149947875113432.44, 159382078720627.53, 144078677562174.75, 141769553974875.56, 138268624800509.78, 138840593828781.33, 125164726030623.98, 120455671579958.14, 122662720404064.38], [145483746454993.22, 151830345157716.53, 145084798705441.22, 138814464175411.38, 131682875628040.89, 136743721872725.45, 143973227826249.0, 141609789992914.9, 144078677562174.75, 160234707903311.94, 151281286032658.3, 143071169194461.22, 144702463524337.62, 131844610224925.39, 127962954131009.89, 128993179731021.83], [145334580588820.75, 151662496215508.2, 145000876689321.53, 138185322069317.6, 129658761682539.88, 137091214501500.84, 142682677254214.56, 144768040188274.53, 141769553974875.56, 151281286032658.3, 159832750156838.72, 145154776466871.44, 142924554685450.44, 129394734425022.19, 124656301412331.36, 127696794032153.2], [138722290009312.75, 145123358812010.4, 151627575851535.0, 144991952472657.16, 140270209685990.27, 139937923239554.61, 134929635886446.5, 136737635474578.69, 138268624800509.78, 143071169194461.22, 145154776466871.44, 160079204031506.2, 151472738504273.34, 139811231294758.97, 138339887018855.23, 137587172153796.12], [139396185273707.34, 145133261625674.97, 151698461359076.3, 145129818872072.1, 139126626837838.73, 141198487747447.94, 137554600116530.58, 135994604660943.03, 138840593828781.33, 144702463524337.62, 142924554685450.44, 151472738504273.34, 160202097942070.25, 136511783431926.27, 137894750475294.94, 137095519443412.53], [125483960953650.39, 131542345657529.39, 138375556538276.36, 144253725259575.47, 151357896492217.2, 139913278292151.89, 123329701062554.19, 122197024143860.39, 125164726030623.98, 131844610224925.39, 129394734425022.19, 139811231294758.97, 136511783431926.27, 158765821022233.75, 149263207582324.53, 149534195989691.3], [121047395414420.17, 127826991225883.69, 137351214121245.95, 143899151833799.06, 150910819947400.72, 140207914681460.5, 119182022084143.47, 117364483984164.66, 120455671579958.14, 127962954131009.89, 124656301412331.36, 138339887018855.23, 137894750475294.94, 149263207582324.53, 157756801290008.72, 148974076397527.5], [123444943828605.84, 129576594240849.12, 137383902538814.31, 144075214421264.12, 151154676094387.16, 140476160636292.9, 121027365280470.17, 120879485453586.61, 122662720404064.38, 128993179731021.83, 127696794032153.2, 137587172153796.12, 137095519443412.53, 149534195989691.3, 148974076397527.5, 158296143394773.66], [561489183683.749, 1058508971831.5188, 1588613752982.8696, -850893283387.2899, 1574819205410.4949, -4981512012522.181, 21724931997.62135, 102133005614.51062, 1164094667576.4182, 1361298068750.7773, 746264492225.507, 3113109193558.6797, 2371198329785.6763, 2541512267457.5967, 2022176219685.6877, 1986569791637.453]]}}