{"resp_b": 0.1, "restrained_fit": true, "exclude_hydrogens": true, "convergence_tolerance": 1e-06, "max_iter": 500, "resp_a": 0.0005, "charge_constraints": {"charge_sum_constraints": [], "charge_equivalence_constraints": [], "molecules": [{"qcmol": {"schema_name": "qcschema_molecule", "schema_version": 2, "validated": true, "symbols": ["C", "C", "C", "C", "C", "O", "H", "H", "H", "H", "H", "H", "H", "H", "H", "H"], "geometry": [[0.0, 0.0, 0.0], [2.887322908531095, 1.6448504281582455e-16, 9.006161127179557e-16], [3.9778428024765295, 2.6899879352666383, 1.0824674490095276e-15], [6.8392882612777735, 2.7646836623254636, 0.18059302911245073], [8.34254786112699, 1.5828272574859157, -1.9516959964125336], [7.875877366445504, 3.706433107669754, 1.9481317963500213], [-0.7345287599484996, -1.9145105063301506, -0.0016355037422605828], [-0.7405929602814999, 0.9580392270041392, -1.6572191413511377], [-0.7384819567397706, 0.9550695256549379, 1.658615483354311], [3.5709098187115167, -1.0075150651841127, 1.6545161228665906], [3.5633550044508686, -1.0333682113785376, -1.6399219466083312], [3.4025762470954724, 3.6548371992087776, -1.7233387985908817], [3.2450623360054336, 3.7528003693619674, 1.588798829002909], [8.283635818006195, -0.4629256403955795, -1.7934714389297988], [10.288962264544317, 2.1918437088553944, -1.8276443631168835], [7.568352387978008, 2.0806866505883983, -3.7841359971465036]], "name": "C5H10O", "identifiers": {"molecule_hash": "7ea623cbdc628e7836df526af71cf02b67df54de", "molecular_formula": "C5H10O"}, "molecular_charge": 0.0, "molecular_multiplicity": 1, "connectivity": [[0, 1, 1.0], [0, 6, 1.0], [0, 7, 1.0], [0, 8, 1.0], [1, 2, 1.0], [1, 9, 1.0], [1, 10, 1.0], [2, 3, 1.0], [2, 11, 1.0], [2, 12, 1.0], [3, 4, 1.0], [3, 5, 2.0], [4, 13, 1.0], [4, 14, 1.0], [4, 15, 1.0]], "fix_com": true, "fix_orientation": true, "provenance": {"creator": "QCElemental", "version": "v0.22.0", "routine": "qcelemental.molparse.from_schema"}, "id": "95387"}, "charge": 0, "optimize_geometry": false, "conformers": [], "conformer_generation_options": {"n_conformer_pool": 4000, "n_max_conformers": 0, "rms_tolerance": 0.05, "energy_window": 15, "keep_original_conformer": true}, "stage_1_unrestrained_charges": null, "stage_1_restrained_charges": null, "stage_2_unrestrained_charges": null, "stage_2_restrained_charges": null, "keep_original_orientation": false, "reorientations": [], "translations": [], "rotations": []}], "unconstrained_atoms": [{"index": 0, "molecule": {"qcmol": {"schema_name": "qcschema_molecule", "schema_version": 2, "validated": true, "symbols": ["C", "C", "C", "C", "C", "O", "H", "H", "H", "H", "H", "H", "H", "H", "H", "H"], "geometry": [[0.0, 0.0, 0.0], [2.887322908531095, 1.6448504281582455e-16, 9.006161127179557e-16], [3.9778428024765295, 2.6899879352666383, 1.0824674490095276e-15], [6.8392882612777735, 2.7646836623254636, 0.18059302911245073], [8.34254786112699, 1.5828272574859157, -1.9516959964125336], [7.875877366445504, 3.706433107669754, 1.9481317963500213], [-0.7345287599484996, -1.9145105063301506, -0.0016355037422605828], [-0.7405929602814999, 0.9580392270041392, -1.6572191413511377], [-0.7384819567397706, 0.9550695256549379, 1.658615483354311], [3.5709098187115167, -1.0075150651841127, 1.6545161228665906], [3.5633550044508686, -1.0333682113785376, -1.6399219466083312], [3.4025762470954724, 3.6548371992087776, -1.7233387985908817], [3.2450623360054336, 3.7528003693619674, 1.588798829002909], [8.283635818006195, -0.4629256403955795, -1.7934714389297988], [10.288962264544317, 2.1918437088553944, -1.8276443631168835], [7.568352387978008, 2.0806866505883983, -3.7841359971465036]], "name": "C5H10O", "identifiers": {"molecule_hash": "7ea623cbdc628e7836df526af71cf02b67df54de", "molecular_formula": "C5H10O"}, "molecular_charge": 0.0, "molecular_multiplicity": 1, "connectivity": [[0, 1, 1.0], [0, 6, 1.0], [0, 7, 1.0], [0, 8, 1.0], [1, 2, 1.0], [1, 9, 1.0], [1, 10, 1.0], [2, 3, 1.0], [2, 11, 1.0], [2, 12, 1.0], [3, 4, 1.0], [3, 5, 2.0], [4, 13, 1.0], [4, 14, 1.0], [4, 15, 1.0]], "fix_com": true, "fix_orientation": true, "provenance": {"creator": "QCElemental", "version": "v0.22.0", "routine": "qcelemental.molparse.from_schema"}, "id": "95387"}, "charge": 0, "optimize_geometry": false, "conformers": [], "conformer_generation_options": {"n_conformer_pool": 4000, "n_max_conformers": 0, "rms_tolerance": 0.05, "energy_window": 15, "keep_original_conformer": true}, "stage_1_unrestrained_charges": null, "stage_1_restrained_charges": null, "stage_2_unrestrained_charges": null, "stage_2_restrained_charges": null, "keep_original_orientation": false, "reorientations": [], "translations": [], "rotations": []}}, {"index": 1, "molecule": {"qcmol": {"schema_name": "qcschema_molecule", "schema_version": 2, "validated": true, "symbols": ["C", "C", "C", "C", "C", "O", "H", "H", "H", "H", "H", "H", "H", "H", "H", "H"], "geometry": [[0.0, 0.0, 0.0], [2.887322908531095, 1.6448504281582455e-16, 9.006161127179557e-16], [3.9778428024765295, 2.6899879352666383, 1.0824674490095276e-15], [6.8392882612777735, 2.7646836623254636, 0.18059302911245073], [8.34254786112699, 1.5828272574859157, -1.9516959964125336], [7.875877366445504, 3.706433107669754, 1.9481317963500213], [-0.7345287599484996, -1.9145105063301506, -0.0016355037422605828], [-0.7405929602814999, 0.9580392270041392, -1.6572191413511377], [-0.7384819567397706, 0.9550695256549379, 1.658615483354311], [3.5709098187115167, -1.0075150651841127, 1.6545161228665906], [3.5633550044508686, -1.0333682113785376, -1.6399219466083312], [3.4025762470954724, 3.6548371992087776, -1.7233387985908817], [3.2450623360054336, 3.7528003693619674, 1.588798829002909], [8.283635818006195, -0.4629256403955795, -1.7934714389297988], [10.288962264544317, 2.1918437088553944, -1.8276443631168835], [7.568352387978008, 2.0806866505883983, -3.7841359971465036]], "name": "C5H10O", "identifiers": {"molecule_hash": "7ea623cbdc628e7836df526af71cf02b67df54de", "molecular_formula": "C5H10O"}, "molecular_charge": 0.0, "molecular_multiplicity": 1, "connectivity": [[0, 1, 1.0], [0, 6, 1.0], [0, 7, 1.0], [0, 8, 1.0], [1, 2, 1.0], [1, 9, 1.0], [1, 10, 1.0], [2, 3, 1.0], [2, 11, 1.0], [2, 12, 1.0], [3, 4, 1.0], [3, 5, 2.0], [4, 13, 1.0], [4, 14, 1.0], [4, 15, 1.0]], "fix_com": true, "fix_orientation": true, "provenance": {"creator": "QCElemental", "version": "v0.22.0", "routine": "qcelemental.molparse.from_schema"}, "id": "95387"}, "charge": 0, "optimize_geometry": false, "conformers": [], "conformer_generation_options": {"n_conformer_pool": 4000, "n_max_conformers": 0, "rms_tolerance": 0.05, "energy_window": 15, "keep_original_conformer": true}, "stage_1_unrestrained_charges": null, "stage_1_restrained_charges": null, "stage_2_unrestrained_charges": null, "stage_2_restrained_charges": null, "keep_original_orientation": false, "reorientations": [], "translations": [], "rotations": []}}, {"index": 2, "molecule": {"qcmol": {"schema_name": "qcschema_molecule", "schema_version": 2, "validated": true, "symbols": ["C", "C", "C", "C", "C", "O", "H", "H", "H", "H", "H", "H", "H", "H", "H", "H"], "geometry": [[0.0, 0.0, 0.0], [2.887322908531095, 1.6448504281582455e-16, 9.006161127179557e-16], [3.9778428024765295, 2.6899879352666383, 1.0824674490095276e-15], [6.8392882612777735, 2.7646836623254636, 0.18059302911245073], [8.34254786112699, 1.5828272574859157, -1.9516959964125336], [7.875877366445504, 3.706433107669754, 1.9481317963500213], [-0.7345287599484996, -1.9145105063301506, -0.0016355037422605828], [-0.7405929602814999, 0.9580392270041392, -1.6572191413511377], [-0.7384819567397706, 0.9550695256549379, 1.658615483354311], [3.5709098187115167, -1.0075150651841127, 1.6545161228665906], [3.5633550044508686, -1.0333682113785376, -1.6399219466083312], [3.4025762470954724, 3.6548371992087776, -1.7233387985908817], [3.2450623360054336, 3.7528003693619674, 1.588798829002909], [8.283635818006195, -0.4629256403955795, -1.7934714389297988], [10.288962264544317, 2.1918437088553944, -1.8276443631168835], [7.568352387978008, 2.0806866505883983, -3.7841359971465036]], "name": "C5H10O", "identifiers": {"molecule_hash": "7ea623cbdc628e7836df526af71cf02b67df54de", "molecular_formula": "C5H10O"}, "molecular_charge": 0.0, "molecular_multiplicity": 1, "connectivity": [[0, 1, 1.0], [0, 6, 1.0], [0, 7, 1.0], [0, 8, 1.0], [1, 2, 1.0], [1, 9, 1.0], [1, 10, 1.0], [2, 3, 1.0], [2, 11, 1.0], [2, 12, 1.0], [3, 4, 1.0], [3, 5, 2.0], [4, 13, 1.0], [4, 14, 1.0], [4, 15, 1.0]], "fix_com": true, "fix_orientation": true, "provenance": {"creator": "QCElemental", "version": "v0.22.0", "routine": "qcelemental.molparse.from_schema"}, "id": "95387"}, "charge": 0, "optimize_geometry": false, "conformers": [], "conformer_generation_options": {"n_conformer_pool": 4000, "n_max_conformers": 0, "rms_tolerance": 0.05, "energy_window": 15, "keep_original_conformer": true}, "stage_1_unrestrained_charges": null, "stage_1_restrained_charges": null, "stage_2_unrestrained_charges": null, "stage_2_restrained_charges": null, "keep_original_orientation": false, "reorientations": [], "translations": [], "rotations": []}}, {"index": 4, "molecule": {"qcmol": {"schema_name": "qcschema_molecule", "schema_version": 2, "validated": true, "symbols": ["C", "C", "C", "C", "C", "O", "H", "H", "H", "H", "H", "H", "H", "H", "H", "H"], "geometry": [[0.0, 0.0, 0.0], [2.887322908531095, 1.6448504281582455e-16, 9.006161127179557e-16], [3.9778428024765295, 2.6899879352666383, 1.0824674490095276e-15], [6.8392882612777735, 2.7646836623254636, 0.18059302911245073], [8.34254786112699, 1.5828272574859157, -1.9516959964125336], [7.875877366445504, 3.706433107669754, 1.9481317963500213], [-0.7345287599484996, -1.9145105063301506, -0.0016355037422605828], [-0.7405929602814999, 0.9580392270041392, -1.6572191413511377], [-0.7384819567397706, 0.9550695256549379, 1.658615483354311], [3.5709098187115167, -1.0075150651841127, 1.6545161228665906], [3.5633550044508686, -1.0333682113785376, -1.6399219466083312], [3.4025762470954724, 3.6548371992087776, -1.7233387985908817], [3.2450623360054336, 3.7528003693619674, 1.588798829002909], [8.283635818006195, -0.4629256403955795, -1.7934714389297988], [10.288962264544317, 2.1918437088553944, -1.8276443631168835], [7.568352387978008, 2.0806866505883983, -3.7841359971465036]], "name": "C5H10O", "identifiers": {"molecule_hash": "7ea623cbdc628e7836df526af71cf02b67df54de", "molecular_formula": "C5H10O"}, "molecular_charge": 0.0, "molecular_multiplicity": 1, "connectivity": [[0, 1, 1.0], [0, 6, 1.0], [0, 7, 1.0], [0, 8, 1.0], [1, 2, 1.0], [1, 9, 1.0], [1, 10, 1.0], [2, 3, 1.0], [2, 11, 1.0], [2, 12, 1.0], [3, 4, 1.0], [3, 5, 2.0], [4, 13, 1.0], [4, 14, 1.0], [4, 15, 1.0]], "fix_com": true, "fix_orientation": true, "provenance": {"creator": "QCElemental", "version": "v0.22.0", "routine": "qcelemental.molparse.from_schema"}, "id": "95387"}, "charge": 0, "optimize_geometry": false, "conformers": [], "conformer_generation_options": {"n_conformer_pool": 4000, "n_max_conformers": 0, "rms_tolerance": 0.05, "energy_window": 15, "keep_original_conformer": true}, "stage_1_unrestrained_charges": null, "stage_1_restrained_charges": null, "stage_2_unrestrained_charges": null, "stage_2_restrained_charges": null, "keep_original_orientation": false, "reorientations": [], "translations": [], "rotations": []}}]}, "surface_constraints": {"matrix": [[152792557253656.78, 147657489224350.06, 141489394695952.44, 135235832117289.2, 128158754424280.25, 133168772420013.77, 153479480266840.5, 153191990140427.75, 153595809549713.47, 146948320624518.3, 147010279556067.22, 140265079612689.55, 140956686295036.0, 129023563149812.25, 123094051798651.56, 126293640648777.11], [147657489224350.06, 151324417854236.62, 146965551669730.75, 140861841249333.5, 134000853318606.06, 138445189507300.17, 146090832774083.0, 145876355383415.22, 146181017783479.8, 153256117894925.47, 153373680571590.9, 146632766950580.94, 146572690921281.25, 134629260050604.62, 129425447044227.06, 131870449364385.9], [141489394695952.44, 146965551669730.75, 150992987767654.56, 146660111728295.03, 140863022240612.7, 143834160643032.78, 139186540090010.66, 138939697155679.84, 140608890494798.4, 146489192955621.72, 146641736887369.0, 153227967665793.3, 153222867639581.66, 140222029462939.86, 138097794896806.12, 138579254305284.44], [135235832117289.2, 140861841249333.5, 146660111728295.03, 150312599261112.94, 146925099493509.1, 150826148364026.9, 133593876531151.05, 132607935905217.9, 133921912885022.58, 140260074322833.0, 139881119990912.86, 146600861383065.12, 146664324174320.38, 145605150358591.56, 145400502812007.38, 145265166655078.7], [128158754424280.25, 134000853318606.06, 140863022240612.7, 146925099493509.1, 151846577528855.22, 143825681943587.97, 126342738441238.39, 125297881871685.28, 127203985806708.94, 133702504670286.48, 132345890270173.98, 141030905965910.72, 140208440310935.6, 152635026351636.1, 152333106662093.38, 152252443787698.8], [133168772420013.77, 138445189507300.17, 143834160643032.78, 150826148364026.9, 143825681943587.97, 157626135996269.7, 132214138789987.39, 130926025400430.77, 131165679044208.92, 137646621045165.33, 137793368572287.1, 142017543064232.22, 142794601383456.78, 140659797515765.56, 142119027923698.97, 141529483281698.12], [153479480266840.5, 146090832774083.0, 139186540090010.66, 133593876531151.05, 126342738441238.39, 132214138789987.39, 160862571406352.6, 151509201074220.16, 151908013510182.84, 145419588705654.2, 144352090771359.94, 136453193670647.53, 139178423595631.75, 127233258307427.08, 121434674173207.75, 124161133066402.38], [153191990140427.75, 145876355383415.22, 138939697155679.84, 132607935905217.9, 125297881871685.28, 130926025400430.77, 151509201074220.16, 160297678387424.44, 151550701301132.5, 142995589726550.2, 146385312989768.6, 138157751044954.98, 137507172384479.45, 125944603249476.61, 119836688592045.9, 124031071359558.78], [153595809549713.47, 146181017783479.8, 140608890494798.4, 133921912885022.58, 127203985806708.94, 131165679044208.92, 151908013510182.84, 151550701301132.5, 161225104686556.75, 145479791410943.2, 143283123114137.5, 139866988992228.4, 140389664559704.0, 128353890019801.08, 122130098291074.61, 125285821178000.02], [146948320624518.3, 153256117894925.47, 146489192955621.72, 140260074322833.0, 133702504670286.48, 137646621045165.33, 145419588705654.2, 142995589726550.2, 145479791410943.2, 161715985212019.44, 152906836804353.4, 144494314610268.22, 145910346558609.12, 134923918628955.16, 129231414141213.45, 131190562835045.12], [147010279556067.22, 153373680571590.9, 146641736887369.0, 139881119990912.86, 132345890270173.98, 137793368572287.1, 144352090771359.94, 146385312989768.6, 143283123114137.5, 152906836804353.4, 161941259255986.72, 146676697890736.53, 144432509681718.78, 133156124514333.9, 126861330858313.58, 130550784318854.14], [140265079612689.55, 146632766950580.94, 153227967665793.3, 146600861383065.12, 141030905965910.72, 142017543064232.22, 136453193670647.53, 138157751044954.98, 139866988992228.4, 144494314610268.22, 146676697890736.53, 161932605170193.8, 153006607478385.47, 141224588842235.03, 138200334922797.45, 138177417467644.4], [140956686295036.0, 146572690921281.25, 153222867639581.66, 146664324174320.38, 140208440310935.6, 142794601383456.78, 139178423595631.75, 137507172384479.45, 140389664559704.0, 145910346558609.12, 144432509681718.78, 153006607478385.47, 161941266859388.47, 138106302833986.11, 138352876302929.0, 138067267861041.61], [129023563149812.25, 134629260050604.62, 140222029462939.86, 145605150358591.56, 152635026351636.1, 140659797515765.56, 127233258307427.08, 125944603249476.61, 128353890019801.08, 134923918628955.16, 133156124514333.9, 141224588842235.03, 138106302833986.11, 160232056108782.44, 150710811968305.1, 150645552817215.2], [123094051798651.56, 129425447044227.06, 138097794896806.12, 145400502812007.38, 152333106662093.38, 142119027923698.97, 121434674173207.75, 119836688592045.9, 122130098291074.61, 129231414141213.45, 126861330858313.58, 138200334922797.45, 138352876302929.0, 150710811968305.1, 159422652470581.3, 150138828093405.03], [126293640648777.11, 131870449364385.9, 138579254305284.44, 145265166655078.7, 152252443787698.8, 141529483281698.12, 124161133066402.38, 124031071359558.78, 125285821178000.02, 131190562835045.12, 130550784318854.14, 138177417467644.4, 138067267861041.61, 150645552817215.2, 150138828093405.03, 159382817539651.53], [1162744213550.9026, 1358825221429.3704, 1377918298572.6924, -762987839642.5745, 1429126617405.453, -4444342579614.337, 762837726762.2092, 959155470153.6511, 1574993366229.4346, 1532707459304.8271, 1251983990548.2107, 2414462704652.634, 2002260561032.161, 2633529389718.8745, 1517450429559.2307, 1861456852425.4868]]}}