{"resp_b": 0.1, "restrained_fit": true, "exclude_hydrogens": true, "convergence_tolerance": 1e-06, "max_iter": 500, "resp_a": 0.0005, "charge_constraints": {"charge_sum_constraints": [], "charge_equivalence_constraints": [], "molecules": [{"qcmol": {"schema_name": "qcschema_molecule", "schema_version": 2, "validated": true, "symbols": ["C", "C", "C", "C", "C", "O", "H", "H", "H", "H", "H", "H", "H", "H", "H", "H"], "geometry": [[0.0, 0.0, 0.0], [2.887322908531095, 1.6448504281582455e-16, 9.006161127179557e-16], [3.9778428024765295, 2.6899879352666383, 1.0824674490095276e-15], [6.8392882612777735, 2.7646836623254636, 0.18059302911245073], [8.34254786112699, 1.5828272574859157, -1.9516959964125336], [7.875877366445504, 3.706433107669754, 1.9481317963500213], [-0.7345287599484996, -1.9145105063301506, -0.0016355037422605828], [-0.7405929602814999, 0.9580392270041392, -1.6572191413511377], [-0.7384819567397706, 0.9550695256549379, 1.658615483354311], [3.5709098187115167, -1.0075150651841127, 1.6545161228665906], [3.5633550044508686, -1.0333682113785376, -1.6399219466083312], [3.4025762470954724, 3.6548371992087776, -1.7233387985908817], [3.2450623360054336, 3.7528003693619674, 1.588798829002909], [8.283635818006195, -0.4629256403955795, -1.7934714389297988], [10.288962264544317, 2.1918437088553944, -1.8276443631168835], [7.568352387978008, 2.0806866505883983, -3.7841359971465036]], "name": "C5H10O", "identifiers": {"molecule_hash": "7ea623cbdc628e7836df526af71cf02b67df54de", "molecular_formula": "C5H10O"}, "molecular_charge": 0.0, "molecular_multiplicity": 1, "connectivity": [[0, 1, 1.0], [0, 6, 1.0], [0, 7, 1.0], [0, 8, 1.0], [1, 2, 1.0], [1, 9, 1.0], [1, 10, 1.0], [2, 3, 1.0], [2, 11, 1.0], [2, 12, 1.0], [3, 4, 1.0], [3, 5, 2.0], [4, 13, 1.0], [4, 14, 1.0], [4, 15, 1.0]], "fix_com": true, "fix_orientation": true, "provenance": {"creator": "QCElemental", "version": "v0.22.0", "routine": "qcelemental.molparse.from_schema"}, "id": "95387"}, "charge": 0, "optimize_geometry": false, "conformers": [], "conformer_generation_options": {"n_conformer_pool": 4000, "n_max_conformers": 0, "rms_tolerance": 0.05, "energy_window": 15, "keep_original_conformer": true}, "stage_1_unrestrained_charges": null, "stage_1_restrained_charges": null, "stage_2_unrestrained_charges": null, "stage_2_restrained_charges": null, "keep_original_orientation": false, "reorientations": [], "translations": [], "rotations": []}], "unconstrained_atoms": [{"index": 0, "molecule": {"qcmol": {"schema_name": "qcschema_molecule", "schema_version": 2, "validated": true, "symbols": ["C", "C", "C", "C", "C", "O", "H", "H", "H", "H", "H", "H", "H", "H", "H", "H"], "geometry": [[0.0, 0.0, 0.0], [2.887322908531095, 1.6448504281582455e-16, 9.006161127179557e-16], [3.9778428024765295, 2.6899879352666383, 1.0824674490095276e-15], [6.8392882612777735, 2.7646836623254636, 0.18059302911245073], [8.34254786112699, 1.5828272574859157, -1.9516959964125336], [7.875877366445504, 3.706433107669754, 1.9481317963500213], [-0.7345287599484996, -1.9145105063301506, -0.0016355037422605828], [-0.7405929602814999, 0.9580392270041392, -1.6572191413511377], [-0.7384819567397706, 0.9550695256549379, 1.658615483354311], [3.5709098187115167, -1.0075150651841127, 1.6545161228665906], [3.5633550044508686, -1.0333682113785376, -1.6399219466083312], [3.4025762470954724, 3.6548371992087776, -1.7233387985908817], [3.2450623360054336, 3.7528003693619674, 1.588798829002909], [8.283635818006195, -0.4629256403955795, -1.7934714389297988], [10.288962264544317, 2.1918437088553944, -1.8276443631168835], [7.568352387978008, 2.0806866505883983, -3.7841359971465036]], "name": "C5H10O", "identifiers": {"molecule_hash": "7ea623cbdc628e7836df526af71cf02b67df54de", "molecular_formula": "C5H10O"}, "molecular_charge": 0.0, "molecular_multiplicity": 1, "connectivity": [[0, 1, 1.0], [0, 6, 1.0], [0, 7, 1.0], [0, 8, 1.0], [1, 2, 1.0], [1, 9, 1.0], [1, 10, 1.0], [2, 3, 1.0], [2, 11, 1.0], [2, 12, 1.0], [3, 4, 1.0], [3, 5, 2.0], [4, 13, 1.0], [4, 14, 1.0], [4, 15, 1.0]], "fix_com": true, "fix_orientation": true, "provenance": {"creator": "QCElemental", "version": "v0.22.0", "routine": "qcelemental.molparse.from_schema"}, "id": "95387"}, "charge": 0, "optimize_geometry": false, "conformers": [], "conformer_generation_options": {"n_conformer_pool": 4000, "n_max_conformers": 0, "rms_tolerance": 0.05, "energy_window": 15, "keep_original_conformer": true}, "stage_1_unrestrained_charges": null, "stage_1_restrained_charges": null, "stage_2_unrestrained_charges": null, "stage_2_restrained_charges": null, "keep_original_orientation": false, "reorientations": [], "translations": [], "rotations": []}}, {"index": 1, "molecule": {"qcmol": {"schema_name": "qcschema_molecule", "schema_version": 2, "validated": true, "symbols": ["C", "C", "C", "C", "C", "O", "H", "H", "H", "H", "H", "H", "H", "H", "H", "H"], "geometry": [[0.0, 0.0, 0.0], [2.887322908531095, 1.6448504281582455e-16, 9.006161127179557e-16], [3.9778428024765295, 2.6899879352666383, 1.0824674490095276e-15], [6.8392882612777735, 2.7646836623254636, 0.18059302911245073], [8.34254786112699, 1.5828272574859157, -1.9516959964125336], [7.875877366445504, 3.706433107669754, 1.9481317963500213], [-0.7345287599484996, -1.9145105063301506, -0.0016355037422605828], [-0.7405929602814999, 0.9580392270041392, -1.6572191413511377], [-0.7384819567397706, 0.9550695256549379, 1.658615483354311], [3.5709098187115167, -1.0075150651841127, 1.6545161228665906], [3.5633550044508686, -1.0333682113785376, -1.6399219466083312], [3.4025762470954724, 3.6548371992087776, -1.7233387985908817], [3.2450623360054336, 3.7528003693619674, 1.588798829002909], [8.283635818006195, -0.4629256403955795, -1.7934714389297988], [10.288962264544317, 2.1918437088553944, -1.8276443631168835], [7.568352387978008, 2.0806866505883983, -3.7841359971465036]], "name": "C5H10O", "identifiers": {"molecule_hash": "7ea623cbdc628e7836df526af71cf02b67df54de", "molecular_formula": "C5H10O"}, "molecular_charge": 0.0, "molecular_multiplicity": 1, "connectivity": [[0, 1, 1.0], [0, 6, 1.0], [0, 7, 1.0], [0, 8, 1.0], [1, 2, 1.0], [1, 9, 1.0], [1, 10, 1.0], [2, 3, 1.0], [2, 11, 1.0], [2, 12, 1.0], [3, 4, 1.0], [3, 5, 2.0], [4, 13, 1.0], [4, 14, 1.0], [4, 15, 1.0]], "fix_com": true, "fix_orientation": true, "provenance": {"creator": "QCElemental", "version": "v0.22.0", "routine": "qcelemental.molparse.from_schema"}, "id": "95387"}, "charge": 0, "optimize_geometry": false, "conformers": [], "conformer_generation_options": {"n_conformer_pool": 4000, "n_max_conformers": 0, "rms_tolerance": 0.05, "energy_window": 15, "keep_original_conformer": true}, "stage_1_unrestrained_charges": null, "stage_1_restrained_charges": null, "stage_2_unrestrained_charges": null, "stage_2_restrained_charges": null, "keep_original_orientation": false, "reorientations": [], "translations": [], "rotations": []}}, {"index": 2, "molecule": {"qcmol": {"schema_name": "qcschema_molecule", "schema_version": 2, "validated": true, "symbols": ["C", "C", "C", "C", "C", "O", "H", "H", "H", "H", "H", "H", "H", "H", "H", "H"], "geometry": [[0.0, 0.0, 0.0], [2.887322908531095, 1.6448504281582455e-16, 9.006161127179557e-16], [3.9778428024765295, 2.6899879352666383, 1.0824674490095276e-15], [6.8392882612777735, 2.7646836623254636, 0.18059302911245073], [8.34254786112699, 1.5828272574859157, -1.9516959964125336], [7.875877366445504, 3.706433107669754, 1.9481317963500213], [-0.7345287599484996, -1.9145105063301506, -0.0016355037422605828], [-0.7405929602814999, 0.9580392270041392, -1.6572191413511377], [-0.7384819567397706, 0.9550695256549379, 1.658615483354311], [3.5709098187115167, -1.0075150651841127, 1.6545161228665906], [3.5633550044508686, -1.0333682113785376, -1.6399219466083312], [3.4025762470954724, 3.6548371992087776, -1.7233387985908817], [3.2450623360054336, 3.7528003693619674, 1.588798829002909], [8.283635818006195, -0.4629256403955795, -1.7934714389297988], [10.288962264544317, 2.1918437088553944, -1.8276443631168835], [7.568352387978008, 2.0806866505883983, -3.7841359971465036]], "name": "C5H10O", "identifiers": {"molecule_hash": "7ea623cbdc628e7836df526af71cf02b67df54de", "molecular_formula": "C5H10O"}, "molecular_charge": 0.0, "molecular_multiplicity": 1, "connectivity": [[0, 1, 1.0], [0, 6, 1.0], [0, 7, 1.0], [0, 8, 1.0], [1, 2, 1.0], [1, 9, 1.0], [1, 10, 1.0], [2, 3, 1.0], [2, 11, 1.0], [2, 12, 1.0], [3, 4, 1.0], [3, 5, 2.0], [4, 13, 1.0], [4, 14, 1.0], [4, 15, 1.0]], "fix_com": true, "fix_orientation": true, "provenance": {"creator": "QCElemental", "version": "v0.22.0", "routine": "qcelemental.molparse.from_schema"}, "id": "95387"}, "charge": 0, "optimize_geometry": false, "conformers": [], "conformer_generation_options": {"n_conformer_pool": 4000, "n_max_conformers": 0, "rms_tolerance": 0.05, "energy_window": 15, "keep_original_conformer": true}, "stage_1_unrestrained_charges": null, "stage_1_restrained_charges": null, "stage_2_unrestrained_charges": null, "stage_2_restrained_charges": null, "keep_original_orientation": false, "reorientations": [], "translations": [], "rotations": []}}, {"index": 4, "molecule": {"qcmol": {"schema_name": "qcschema_molecule", "schema_version": 2, "validated": true, "symbols": ["C", "C", "C", "C", "C", "O", "H", "H", "H", "H", "H", "H", "H", "H", "H", "H"], "geometry": [[0.0, 0.0, 0.0], [2.887322908531095, 1.6448504281582455e-16, 9.006161127179557e-16], [3.9778428024765295, 2.6899879352666383, 1.0824674490095276e-15], [6.8392882612777735, 2.7646836623254636, 0.18059302911245073], [8.34254786112699, 1.5828272574859157, -1.9516959964125336], [7.875877366445504, 3.706433107669754, 1.9481317963500213], [-0.7345287599484996, -1.9145105063301506, -0.0016355037422605828], [-0.7405929602814999, 0.9580392270041392, -1.6572191413511377], [-0.7384819567397706, 0.9550695256549379, 1.658615483354311], [3.5709098187115167, -1.0075150651841127, 1.6545161228665906], [3.5633550044508686, -1.0333682113785376, -1.6399219466083312], [3.4025762470954724, 3.6548371992087776, -1.7233387985908817], [3.2450623360054336, 3.7528003693619674, 1.588798829002909], [8.283635818006195, -0.4629256403955795, -1.7934714389297988], [10.288962264544317, 2.1918437088553944, -1.8276443631168835], [7.568352387978008, 2.0806866505883983, -3.7841359971465036]], "name": "C5H10O", "identifiers": {"molecule_hash": "7ea623cbdc628e7836df526af71cf02b67df54de", "molecular_formula": "C5H10O"}, "molecular_charge": 0.0, "molecular_multiplicity": 1, "connectivity": [[0, 1, 1.0], [0, 6, 1.0], [0, 7, 1.0], [0, 8, 1.0], [1, 2, 1.0], [1, 9, 1.0], [1, 10, 1.0], [2, 3, 1.0], [2, 11, 1.0], [2, 12, 1.0], [3, 4, 1.0], [3, 5, 2.0], [4, 13, 1.0], [4, 14, 1.0], [4, 15, 1.0]], "fix_com": true, "fix_orientation": true, "provenance": {"creator": "QCElemental", "version": "v0.22.0", "routine": "qcelemental.molparse.from_schema"}, "id": "95387"}, "charge": 0, "optimize_geometry": false, "conformers": [], "conformer_generation_options": {"n_conformer_pool": 4000, "n_max_conformers": 0, "rms_tolerance": 0.05, "energy_window": 15, "keep_original_conformer": true}, "stage_1_unrestrained_charges": null, "stage_1_restrained_charges": null, "stage_2_unrestrained_charges": null, "stage_2_restrained_charges": null, "keep_original_orientation": false, "reorientations": [], "translations": [], "rotations": []}}]}, "surface_constraints": {"matrix": [[152785552767263.62, 147650720247290.7, 141482908842707.25, 135229633155292.9, 128152875284502.19, 133162671976701.88, 153472444197511.78, 153184967209960.7, 153588768293913.72, 146941584052556.53, 147003539943193.75, 140258650802868.8, 140950223816122.47, 129017641256474.77, 123088406891998.56, 126287844322875.4], [147650720247290.7, 151317480883966.1, 146958814825552.12, 140855384278215.28, 133994706836455.1, 138438846611289.48, 146084135569714.84, 145869668012797.47, 146174316466899.22, 153249092329507.75, 153366649262653.2, 146626045343342.44, 146565972147973.84, 134623081095973.78, 129419512958939.92, 131864398225114.44], [141482908842707.25, 146958814825552.12, 150986066394399.88, 146653388900420.4, 140856565451851.25, 143827566943873.78, 139180159553764.84, 138933326808526.38, 140602446555769.73, 146482477963025.44, 146635014547459.6, 153220943880360.2, 153215844139356.7, 140215601062372.06, 138091467227458.34, 138572900505408.78], [135229633155292.9, 140855384278215.28, 146653388900420.4, 150305708932444.66, 146918364540866.8, 150819234235999.75, 133587751955495.45, 132601856155709.45, 133915776348028.89, 140253644254632.97, 139874708418821.92, 146594141182806.28, 146657601220154.78, 145598475750065.25, 145393837554142.97, 145258507740634.84], [128152875284502.19, 133994706836455.1, 140856565451851.25, 146918364540866.8, 151839616682738.0, 143819088884082.7, 126336940936238.33, 125292132385532.89, 127198153202586.05, 133696369837205.39, 132339819008285.19, 141024444140635.28, 140202014839759.64, 152628029070254.03, 152326123378934.06, 152245464136717.25], [133162671976701.88, 138438846611289.48, 143827566943873.78, 150819234235999.75, 143819088884082.7, 157618910088855.03, 132208081663511.62, 130920026697777.42, 131159672291151.23, 137640314806801.19, 137787057553134.0, 142011030184182.6, 142788054429635.6, 140653350142557.78, 142112510788503.97, 141522996915761.78], [153472444197511.78, 146084135569714.84, 139180159553764.84, 133587751955495.45, 126336940936238.33, 132208081663511.62, 160855196807230.38, 151502255048342.1, 151901049573747.5, 145412921549713.75, 144345473767274.16, 136446938905117.11, 139172043210812.34, 127227415667921.44, 121429103492148.94, 124155433887466.17], [153184967209960.7, 145869668012797.47, 138933326808526.38, 132601856155709.45, 125292132385532.89, 130920026697777.42, 151502255048342.1, 160290329588300.75, 151543753685868.9, 142989035445360.53, 146378602071229.03, 138151417041663.5, 137500866130962.58, 125938821766570.67, 119831190828630.6, 124025376977559.08], [153588768293913.72, 146174316466899.22, 140602446555769.73, 133915776348028.89, 127198153202586.05, 131159672291151.23, 151901049573747.5, 151543753685868.9, 161217713806305.6, 145473121561359.38, 143276553593320.16, 139860581464764.69, 140383228587570.86, 128348002497743.62, 122124500769389.81, 125280072844817.12], [146941584052556.53, 153249092329507.75, 146482477963025.44, 140253644254632.97, 133696369837205.39, 137640314806801.19, 145412921549713.75, 142989035445360.53, 145473121561359.38, 161708571792305.47, 152899826751086.16, 144487690966848.9, 145903658813589.12, 134917723217120.97, 129225488042630.7, 131184539714544.58], [147003539943193.75, 153366649262653.2, 146635014547459.6, 139874708418821.92, 132339819008285.19, 137787057553134.0, 144345473767274.16, 146378602071229.03, 143276553593320.16, 152899826751086.16, 161933834838152.97, 146669973119115.88, 144425888943070.03, 133150010957796.36, 126855513392958.23, 130544794085757.23], [140258650802868.8, 146626045343342.44, 153220943880360.2, 146594141182806.28, 141024444140635.28, 142011030184182.6, 136446938905117.11, 138151417041663.5, 139860581464764.69, 144487690966848.9, 146669973119115.88, 161925182556988.56, 152999594053574.56, 141218117922793.53, 138194005411503.89, 138171085658665.23], [140950223816122.47, 146565972147973.84, 153215844139356.7, 146657601220154.78, 140202014839759.64, 142788054429635.6, 139172043210812.34, 137500866130962.58, 140383228587570.86, 145903658813589.12, 144425888943070.03, 152999594053574.56, 161933843764258.25, 138099973650068.44, 138346539598969.73, 138060937458899.88], [129017641256474.77, 134623081095973.78, 140215601062372.06, 145598475750065.25, 152628029070254.03, 140653350142557.78, 127227415667921.44, 125938821766570.67, 128348002497743.62, 134917723217120.97, 133150010957796.36, 141218117922793.53, 138099973650068.44, 160224710416869.7, 150703902667643.9, 150638646358644.56], [123088406891998.56, 129419512958939.92, 138091467227458.34, 145393837554142.97, 152326123378934.06, 142112510788503.97, 121429103492148.94, 119831190828630.6, 122124500769389.81, 129225488042630.7, 126855513392958.23, 138194005411503.89, 138346539598969.73, 150703902667643.9, 159415344372200.5, 150131945222142.03], [126287844322875.4, 131864398225114.44, 138572900505408.78, 145258507740634.84, 152245464136717.25, 141522996915761.78, 124155433887466.17, 124025376977559.08, 125280072844817.12, 131184539714544.58, 130544794085757.23, 138171085658665.23, 138060937458899.88, 150638646358644.56, 150131945222142.03, 159375510775729.97], [1035169747822.2207, 1154213795267.477, 1122838262887.0972, -499947901945.57166, 1168855759000.4333, -3366595189415.635, 748939385707.3079, 906411593461.4115, 1329791440522.7148, 1281908973185.6572, 1086483139724.7662, 1876246795320.6216, 1586563654742.7722, 2074820771191.079, 1233870043888.8977, 1514655618242.197]]}}