{"resp_b": 0.1, "restrained_fit": true, "exclude_hydrogens": true, "convergence_tolerance": 1e-06, "max_iter": 500, "resp_a": 0.0005, "charge_constraints": {"charge_sum_constraints": [], "charge_equivalence_constraints": [], "molecules": [{"qcmol": {"schema_name": "qcschema_molecule", "schema_version": 2, "validated": true, "symbols": ["C", "C", "C", "C", "C", "C", "C", "C", "O", "H", "H", "H", "H", "H", "H", "H", "H", "H", "H", "H", "H", "H", "H", "H", "H"], "geometry": [[0.0, 0.0, 0.0], [2.8908624759378707, -1.9645474252530986e-16, -1.0348594453174519e-16], [4.094479081984712, 2.6351208236631996, 4.440892098500626e-16], [3.617937309449367, 4.177852903798503, -2.4007953080327473], [4.989898971028642, 6.722330303750788, -2.3791418812342946], [4.48934112825437, 8.281149725735272, -4.778247438031677], [5.839521322649297, 10.810305069931264, -4.657580668509094], [8.362277743839135, 11.021851680497928, -5.985250114052279], [4.94952200466091, 12.545148750326604, -3.524379277844859], [-0.7692558626139165, 0.8214409528559151, -1.7137792046354023], [-0.7372140509047344, 1.0675380323433912, 1.5917490589923151], [-0.7269306298650343, -1.913046165953829, 0.14314798246641292], [3.5746416544302777, -1.0594379640242184, -1.624399718622585], [3.5494070601738277, -1.013107654945831, 1.6614343536363676], [3.416295743112336, 3.6899019610200448, 1.6308094244708047], [6.1238702212214005, 2.4250328999610034, 0.2564473115074274], [1.6057402275740829, 4.511592775161283, -2.6374718987615466], [4.224238017822401, 3.0898502058524393, -4.038944179439757], [7.010932289747798, 6.403379598887913, -2.168171961722158], [4.39482764310774, 7.8208752701520545, -0.7514005005147282], [5.085730108715982, 7.224962647491493, -6.4347869446109485], [2.4817893816389587, 8.65578977037633, -4.94657670931713], [8.083829912796176, 10.895703144450694, -8.016253044640452], [9.602023807261286, 9.47728027627466, -5.447333460698731], [9.242521242360583, 12.808982798293764, -5.532407431460799]], "name": "C8H16O", "identifiers": {"molecule_hash": "87f3ec2cfc75682d263ebe37761f68e21605b14d", "molecular_formula": "C8H16O"}, "molecular_charge": 0.0, "molecular_multiplicity": 1, "connectivity": [[0, 1, 1.0], [0, 9, 1.0], [0, 10, 1.0], [0, 11, 1.0], [1, 2, 1.0], [1, 12, 1.0], [1, 13, 1.0], [2, 3, 1.0], [2, 14, 1.0], [2, 15, 1.0], [3, 4, 1.0], [3, 16, 1.0], [3, 17, 1.0], [4, 5, 1.0], [4, 18, 1.0], [4, 19, 1.0], [5, 6, 1.0], [5, 20, 1.0], [5, 21, 1.0], [6, 7, 1.0], [6, 8, 2.0], [7, 22, 1.0], [7, 23, 1.0], [7, 24, 1.0]], "fix_com": true, "fix_orientation": true, "provenance": {"creator": "QCElemental", "version": "v0.22.0", "routine": "qcelemental.molparse.from_schema"}, "id": "164685"}, "charge": 0, "optimize_geometry": false, "conformers": [], "conformer_generation_options": {"n_conformer_pool": 4000, "n_max_conformers": 0, "rms_tolerance": 0.05, "energy_window": 15, "keep_original_conformer": true}, "stage_1_unrestrained_charges": null, "stage_1_restrained_charges": null, "stage_2_unrestrained_charges": null, "stage_2_restrained_charges": null, "keep_original_orientation": false, "reorientations": [], "translations": [], "rotations": []}], "unconstrained_atoms": [{"index": 0, "molecule": {"qcmol": {"schema_name": "qcschema_molecule", "schema_version": 2, "validated": true, "symbols": ["C", "C", "C", "C", "C", "C", "C", "C", "O", "H", "H", "H", "H", "H", "H", "H", "H", "H", "H", "H", "H", "H", "H", "H", "H"], "geometry": [[0.0, 0.0, 0.0], [2.8908624759378707, -1.9645474252530986e-16, -1.0348594453174519e-16], [4.094479081984712, 2.6351208236631996, 4.440892098500626e-16], [3.617937309449367, 4.177852903798503, -2.4007953080327473], [4.989898971028642, 6.722330303750788, -2.3791418812342946], [4.48934112825437, 8.281149725735272, -4.778247438031677], [5.839521322649297, 10.810305069931264, -4.657580668509094], [8.362277743839135, 11.021851680497928, -5.985250114052279], [4.94952200466091, 12.545148750326604, -3.524379277844859], [-0.7692558626139165, 0.8214409528559151, -1.7137792046354023], [-0.7372140509047344, 1.0675380323433912, 1.5917490589923151], [-0.7269306298650343, -1.913046165953829, 0.14314798246641292], [3.5746416544302777, -1.0594379640242184, -1.624399718622585], [3.5494070601738277, -1.013107654945831, 1.6614343536363676], [3.416295743112336, 3.6899019610200448, 1.6308094244708047], [6.1238702212214005, 2.4250328999610034, 0.2564473115074274], [1.6057402275740829, 4.511592775161283, -2.6374718987615466], [4.224238017822401, 3.0898502058524393, -4.038944179439757], [7.010932289747798, 6.403379598887913, -2.168171961722158], [4.39482764310774, 7.8208752701520545, -0.7514005005147282], [5.085730108715982, 7.224962647491493, -6.4347869446109485], [2.4817893816389587, 8.65578977037633, -4.94657670931713], [8.083829912796176, 10.895703144450694, -8.016253044640452], [9.602023807261286, 9.47728027627466, -5.447333460698731], [9.242521242360583, 12.808982798293764, -5.532407431460799]], "name": "C8H16O", "identifiers": {"molecule_hash": "87f3ec2cfc75682d263ebe37761f68e21605b14d", "molecular_formula": "C8H16O"}, "molecular_charge": 0.0, "molecular_multiplicity": 1, "connectivity": [[0, 1, 1.0], [0, 9, 1.0], [0, 10, 1.0], [0, 11, 1.0], [1, 2, 1.0], [1, 12, 1.0], [1, 13, 1.0], [2, 3, 1.0], [2, 14, 1.0], [2, 15, 1.0], [3, 4, 1.0], [3, 16, 1.0], [3, 17, 1.0], [4, 5, 1.0], [4, 18, 1.0], [4, 19, 1.0], [5, 6, 1.0], [5, 20, 1.0], [5, 21, 1.0], [6, 7, 1.0], [6, 8, 2.0], [7, 22, 1.0], [7, 23, 1.0], [7, 24, 1.0]], "fix_com": true, "fix_orientation": true, "provenance": {"creator": "QCElemental", "version": "v0.22.0", "routine": "qcelemental.molparse.from_schema"}, "id": "164685"}, "charge": 0, "optimize_geometry": false, "conformers": [], "conformer_generation_options": {"n_conformer_pool": 4000, "n_max_conformers": 0, "rms_tolerance": 0.05, "energy_window": 15, "keep_original_conformer": true}, "stage_1_unrestrained_charges": null, "stage_1_restrained_charges": null, "stage_2_unrestrained_charges": null, "stage_2_restrained_charges": null, "keep_original_orientation": false, "reorientations": [], "translations": [], "rotations": []}}, {"index": 1, "molecule": {"qcmol": {"schema_name": "qcschema_molecule", "schema_version": 2, "validated": true, "symbols": ["C", "C", "C", "C", "C", "C", "C", "C", "O", "H", "H", "H", "H", "H", "H", "H", "H", "H", "H", "H", "H", "H", "H", "H", "H"], "geometry": [[0.0, 0.0, 0.0], [2.8908624759378707, -1.9645474252530986e-16, -1.0348594453174519e-16], [4.094479081984712, 2.6351208236631996, 4.440892098500626e-16], [3.617937309449367, 4.177852903798503, -2.4007953080327473], [4.989898971028642, 6.722330303750788, -2.3791418812342946], [4.48934112825437, 8.281149725735272, -4.778247438031677], [5.839521322649297, 10.810305069931264, -4.657580668509094], [8.362277743839135, 11.021851680497928, -5.985250114052279], [4.94952200466091, 12.545148750326604, -3.524379277844859], [-0.7692558626139165, 0.8214409528559151, -1.7137792046354023], [-0.7372140509047344, 1.0675380323433912, 1.5917490589923151], [-0.7269306298650343, -1.913046165953829, 0.14314798246641292], [3.5746416544302777, -1.0594379640242184, -1.624399718622585], [3.5494070601738277, -1.013107654945831, 1.6614343536363676], [3.416295743112336, 3.6899019610200448, 1.6308094244708047], [6.1238702212214005, 2.4250328999610034, 0.2564473115074274], [1.6057402275740829, 4.511592775161283, -2.6374718987615466], [4.224238017822401, 3.0898502058524393, -4.038944179439757], [7.010932289747798, 6.403379598887913, -2.168171961722158], [4.39482764310774, 7.8208752701520545, -0.7514005005147282], [5.085730108715982, 7.224962647491493, -6.4347869446109485], [2.4817893816389587, 8.65578977037633, -4.94657670931713], [8.083829912796176, 10.895703144450694, -8.016253044640452], [9.602023807261286, 9.47728027627466, -5.447333460698731], [9.242521242360583, 12.808982798293764, -5.532407431460799]], "name": "C8H16O", "identifiers": {"molecule_hash": "87f3ec2cfc75682d263ebe37761f68e21605b14d", "molecular_formula": "C8H16O"}, "molecular_charge": 0.0, "molecular_multiplicity": 1, "connectivity": [[0, 1, 1.0], [0, 9, 1.0], [0, 10, 1.0], [0, 11, 1.0], [1, 2, 1.0], [1, 12, 1.0], [1, 13, 1.0], [2, 3, 1.0], [2, 14, 1.0], [2, 15, 1.0], [3, 4, 1.0], [3, 16, 1.0], [3, 17, 1.0], [4, 5, 1.0], [4, 18, 1.0], [4, 19, 1.0], [5, 6, 1.0], [5, 20, 1.0], [5, 21, 1.0], [6, 7, 1.0], [6, 8, 2.0], [7, 22, 1.0], [7, 23, 1.0], [7, 24, 1.0]], "fix_com": true, "fix_orientation": true, "provenance": {"creator": "QCElemental", "version": "v0.22.0", "routine": "qcelemental.molparse.from_schema"}, "id": "164685"}, "charge": 0, "optimize_geometry": false, "conformers": [], "conformer_generation_options": {"n_conformer_pool": 4000, "n_max_conformers": 0, "rms_tolerance": 0.05, "energy_window": 15, "keep_original_conformer": true}, "stage_1_unrestrained_charges": null, "stage_1_restrained_charges": null, "stage_2_unrestrained_charges": null, "stage_2_restrained_charges": null, "keep_original_orientation": false, "reorientations": [], "translations": [], "rotations": []}}, {"index": 2, "molecule": {"qcmol": {"schema_name": "qcschema_molecule", "schema_version": 2, "validated": true, "symbols": ["C", "C", "C", "C", "C", "C", "C", "C", "O", "H", "H", "H", "H", "H", "H", "H", "H", "H", "H", "H", "H", "H", "H", "H", "H"], "geometry": [[0.0, 0.0, 0.0], [2.8908624759378707, -1.9645474252530986e-16, -1.0348594453174519e-16], [4.094479081984712, 2.6351208236631996, 4.440892098500626e-16], [3.617937309449367, 4.177852903798503, -2.4007953080327473], [4.989898971028642, 6.722330303750788, -2.3791418812342946], [4.48934112825437, 8.281149725735272, -4.778247438031677], [5.839521322649297, 10.810305069931264, -4.657580668509094], [8.362277743839135, 11.021851680497928, -5.985250114052279], [4.94952200466091, 12.545148750326604, -3.524379277844859], [-0.7692558626139165, 0.8214409528559151, -1.7137792046354023], [-0.7372140509047344, 1.0675380323433912, 1.5917490589923151], [-0.7269306298650343, -1.913046165953829, 0.14314798246641292], [3.5746416544302777, -1.0594379640242184, -1.624399718622585], [3.5494070601738277, -1.013107654945831, 1.6614343536363676], [3.416295743112336, 3.6899019610200448, 1.6308094244708047], [6.1238702212214005, 2.4250328999610034, 0.2564473115074274], [1.6057402275740829, 4.511592775161283, -2.6374718987615466], [4.224238017822401, 3.0898502058524393, -4.038944179439757], [7.010932289747798, 6.403379598887913, -2.168171961722158], [4.39482764310774, 7.8208752701520545, -0.7514005005147282], [5.085730108715982, 7.224962647491493, -6.4347869446109485], [2.4817893816389587, 8.65578977037633, -4.94657670931713], [8.083829912796176, 10.895703144450694, -8.016253044640452], [9.602023807261286, 9.47728027627466, -5.447333460698731], [9.242521242360583, 12.808982798293764, -5.532407431460799]], "name": "C8H16O", "identifiers": {"molecule_hash": "87f3ec2cfc75682d263ebe37761f68e21605b14d", "molecular_formula": "C8H16O"}, "molecular_charge": 0.0, "molecular_multiplicity": 1, "connectivity": [[0, 1, 1.0], [0, 9, 1.0], [0, 10, 1.0], [0, 11, 1.0], [1, 2, 1.0], [1, 12, 1.0], [1, 13, 1.0], [2, 3, 1.0], [2, 14, 1.0], [2, 15, 1.0], [3, 4, 1.0], [3, 16, 1.0], [3, 17, 1.0], [4, 5, 1.0], [4, 18, 1.0], [4, 19, 1.0], [5, 6, 1.0], [5, 20, 1.0], [5, 21, 1.0], [6, 7, 1.0], [6, 8, 2.0], [7, 22, 1.0], [7, 23, 1.0], [7, 24, 1.0]], "fix_com": true, "fix_orientation": true, "provenance": {"creator": "QCElemental", "version": "v0.22.0", "routine": "qcelemental.molparse.from_schema"}, "id": "164685"}, "charge": 0, "optimize_geometry": false, "conformers": [], "conformer_generation_options": {"n_conformer_pool": 4000, "n_max_conformers": 0, "rms_tolerance": 0.05, "energy_window": 15, "keep_original_conformer": true}, "stage_1_unrestrained_charges": null, "stage_1_restrained_charges": null, "stage_2_unrestrained_charges": null, "stage_2_restrained_charges": null, "keep_original_orientation": false, "reorientations": [], "translations": [], "rotations": []}}, {"index": 3, "molecule": {"qcmol": {"schema_name": "qcschema_molecule", "schema_version": 2, "validated": true, "symbols": ["C", "C", "C", "C", "C", "C", "C", "C", "O", "H", "H", "H", "H", "H", "H", "H", "H", "H", "H", "H", "H", "H", "H", "H", "H"], "geometry": [[0.0, 0.0, 0.0], [2.8908624759378707, -1.9645474252530986e-16, -1.0348594453174519e-16], [4.094479081984712, 2.6351208236631996, 4.440892098500626e-16], [3.617937309449367, 4.177852903798503, -2.4007953080327473], [4.989898971028642, 6.722330303750788, -2.3791418812342946], [4.48934112825437, 8.281149725735272, -4.778247438031677], [5.839521322649297, 10.810305069931264, -4.657580668509094], [8.362277743839135, 11.021851680497928, -5.985250114052279], [4.94952200466091, 12.545148750326604, -3.524379277844859], [-0.7692558626139165, 0.8214409528559151, -1.7137792046354023], [-0.7372140509047344, 1.0675380323433912, 1.5917490589923151], [-0.7269306298650343, -1.913046165953829, 0.14314798246641292], [3.5746416544302777, -1.0594379640242184, -1.624399718622585], [3.5494070601738277, -1.013107654945831, 1.6614343536363676], [3.416295743112336, 3.6899019610200448, 1.6308094244708047], [6.1238702212214005, 2.4250328999610034, 0.2564473115074274], [1.6057402275740829, 4.511592775161283, -2.6374718987615466], [4.224238017822401, 3.0898502058524393, -4.038944179439757], [7.010932289747798, 6.403379598887913, -2.168171961722158], [4.39482764310774, 7.8208752701520545, -0.7514005005147282], [5.085730108715982, 7.224962647491493, -6.4347869446109485], [2.4817893816389587, 8.65578977037633, -4.94657670931713], [8.083829912796176, 10.895703144450694, -8.016253044640452], [9.602023807261286, 9.47728027627466, -5.447333460698731], [9.242521242360583, 12.808982798293764, -5.532407431460799]], "name": "C8H16O", "identifiers": {"molecule_hash": "87f3ec2cfc75682d263ebe37761f68e21605b14d", "molecular_formula": "C8H16O"}, "molecular_charge": 0.0, "molecular_multiplicity": 1, "connectivity": [[0, 1, 1.0], [0, 9, 1.0], [0, 10, 1.0], [0, 11, 1.0], [1, 2, 1.0], [1, 12, 1.0], [1, 13, 1.0], [2, 3, 1.0], [2, 14, 1.0], [2, 15, 1.0], [3, 4, 1.0], [3, 16, 1.0], [3, 17, 1.0], [4, 5, 1.0], [4, 18, 1.0], [4, 19, 1.0], [5, 6, 1.0], [5, 20, 1.0], [5, 21, 1.0], [6, 7, 1.0], [6, 8, 2.0], [7, 22, 1.0], [7, 23, 1.0], [7, 24, 1.0]], "fix_com": true, "fix_orientation": true, "provenance": {"creator": "QCElemental", "version": "v0.22.0", "routine": "qcelemental.molparse.from_schema"}, "id": "164685"}, "charge": 0, "optimize_geometry": false, "conformers": [], "conformer_generation_options": {"n_conformer_pool": 4000, "n_max_conformers": 0, "rms_tolerance": 0.05, "energy_window": 15, "keep_original_conformer": true}, "stage_1_unrestrained_charges": null, "stage_1_restrained_charges": null, "stage_2_unrestrained_charges": null, "stage_2_restrained_charges": null, "keep_original_orientation": false, "reorientations": [], "translations": [], "rotations": []}}, {"index": 4, "molecule": {"qcmol": {"schema_name": "qcschema_molecule", "schema_version": 2, "validated": true, "symbols": ["C", "C", "C", "C", "C", "C", "C", "C", "O", "H", "H", "H", "H", "H", "H", "H", "H", "H", "H", "H", "H", "H", "H", "H", "H"], "geometry": [[0.0, 0.0, 0.0], [2.8908624759378707, -1.9645474252530986e-16, -1.0348594453174519e-16], [4.094479081984712, 2.6351208236631996, 4.440892098500626e-16], [3.617937309449367, 4.177852903798503, -2.4007953080327473], [4.989898971028642, 6.722330303750788, -2.3791418812342946], [4.48934112825437, 8.281149725735272, -4.778247438031677], [5.839521322649297, 10.810305069931264, -4.657580668509094], [8.362277743839135, 11.021851680497928, -5.985250114052279], [4.94952200466091, 12.545148750326604, -3.524379277844859], [-0.7692558626139165, 0.8214409528559151, -1.7137792046354023], [-0.7372140509047344, 1.0675380323433912, 1.5917490589923151], [-0.7269306298650343, -1.913046165953829, 0.14314798246641292], [3.5746416544302777, -1.0594379640242184, -1.624399718622585], [3.5494070601738277, -1.013107654945831, 1.6614343536363676], [3.416295743112336, 3.6899019610200448, 1.6308094244708047], [6.1238702212214005, 2.4250328999610034, 0.2564473115074274], [1.6057402275740829, 4.511592775161283, -2.6374718987615466], [4.224238017822401, 3.0898502058524393, -4.038944179439757], [7.010932289747798, 6.403379598887913, -2.168171961722158], [4.39482764310774, 7.8208752701520545, -0.7514005005147282], [5.085730108715982, 7.224962647491493, -6.4347869446109485], [2.4817893816389587, 8.65578977037633, -4.94657670931713], [8.083829912796176, 10.895703144450694, -8.016253044640452], [9.602023807261286, 9.47728027627466, -5.447333460698731], [9.242521242360583, 12.808982798293764, -5.532407431460799]], "name": "C8H16O", "identifiers": {"molecule_hash": "87f3ec2cfc75682d263ebe37761f68e21605b14d", "molecular_formula": "C8H16O"}, "molecular_charge": 0.0, "molecular_multiplicity": 1, "connectivity": [[0, 1, 1.0], [0, 9, 1.0], [0, 10, 1.0], [0, 11, 1.0], [1, 2, 1.0], [1, 12, 1.0], [1, 13, 1.0], [2, 3, 1.0], [2, 14, 1.0], [2, 15, 1.0], [3, 4, 1.0], [3, 16, 1.0], [3, 17, 1.0], [4, 5, 1.0], [4, 18, 1.0], [4, 19, 1.0], [5, 6, 1.0], [5, 20, 1.0], [5, 21, 1.0], [6, 7, 1.0], [6, 8, 2.0], [7, 22, 1.0], [7, 23, 1.0], [7, 24, 1.0]], "fix_com": true, "fix_orientation": true, "provenance": {"creator": "QCElemental", "version": "v0.22.0", "routine": "qcelemental.molparse.from_schema"}, "id": "164685"}, "charge": 0, "optimize_geometry": false, "conformers": [], "conformer_generation_options": {"n_conformer_pool": 4000, "n_max_conformers": 0, "rms_tolerance": 0.05, "energy_window": 15, "keep_original_conformer": true}, "stage_1_unrestrained_charges": null, "stage_1_restrained_charges": null, "stage_2_unrestrained_charges": null, "stage_2_restrained_charges": null, "keep_original_orientation": false, "reorientations": [], "translations": [], "rotations": []}}, {"index": 5, "molecule": {"qcmol": {"schema_name": "qcschema_molecule", "schema_version": 2, "validated": true, "symbols": ["C", "C", "C", "C", "C", "C", "C", "C", "O", "H", "H", "H", "H", "H", "H", "H", "H", "H", "H", "H", "H", "H", "H", "H", "H"], "geometry": [[0.0, 0.0, 0.0], [2.8908624759378707, -1.9645474252530986e-16, -1.0348594453174519e-16], [4.094479081984712, 2.6351208236631996, 4.440892098500626e-16], [3.617937309449367, 4.177852903798503, -2.4007953080327473], [4.989898971028642, 6.722330303750788, -2.3791418812342946], [4.48934112825437, 8.281149725735272, -4.778247438031677], [5.839521322649297, 10.810305069931264, -4.657580668509094], [8.362277743839135, 11.021851680497928, -5.985250114052279], [4.94952200466091, 12.545148750326604, -3.524379277844859], [-0.7692558626139165, 0.8214409528559151, -1.7137792046354023], [-0.7372140509047344, 1.0675380323433912, 1.5917490589923151], [-0.7269306298650343, -1.913046165953829, 0.14314798246641292], [3.5746416544302777, -1.0594379640242184, -1.624399718622585], [3.5494070601738277, -1.013107654945831, 1.6614343536363676], [3.416295743112336, 3.6899019610200448, 1.6308094244708047], [6.1238702212214005, 2.4250328999610034, 0.2564473115074274], [1.6057402275740829, 4.511592775161283, -2.6374718987615466], [4.224238017822401, 3.0898502058524393, -4.038944179439757], [7.010932289747798, 6.403379598887913, -2.168171961722158], [4.39482764310774, 7.8208752701520545, -0.7514005005147282], [5.085730108715982, 7.224962647491493, -6.4347869446109485], [2.4817893816389587, 8.65578977037633, -4.94657670931713], [8.083829912796176, 10.895703144450694, -8.016253044640452], [9.602023807261286, 9.47728027627466, -5.447333460698731], [9.242521242360583, 12.808982798293764, -5.532407431460799]], "name": "C8H16O", "identifiers": {"molecule_hash": "87f3ec2cfc75682d263ebe37761f68e21605b14d", "molecular_formula": "C8H16O"}, "molecular_charge": 0.0, "molecular_multiplicity": 1, "connectivity": [[0, 1, 1.0], [0, 9, 1.0], [0, 10, 1.0], [0, 11, 1.0], [1, 2, 1.0], [1, 12, 1.0], [1, 13, 1.0], [2, 3, 1.0], [2, 14, 1.0], [2, 15, 1.0], [3, 4, 1.0], [3, 16, 1.0], [3, 17, 1.0], [4, 5, 1.0], [4, 18, 1.0], [4, 19, 1.0], [5, 6, 1.0], [5, 20, 1.0], [5, 21, 1.0], [6, 7, 1.0], [6, 8, 2.0], [7, 22, 1.0], [7, 23, 1.0], [7, 24, 1.0]], "fix_com": true, "fix_orientation": true, "provenance": {"creator": "QCElemental", "version": "v0.22.0", "routine": "qcelemental.molparse.from_schema"}, "id": "164685"}, "charge": 0, "optimize_geometry": false, "conformers": [], "conformer_generation_options": {"n_conformer_pool": 4000, "n_max_conformers": 0, "rms_tolerance": 0.05, "energy_window": 15, "keep_original_conformer": true}, "stage_1_unrestrained_charges": null, "stage_1_restrained_charges": null, "stage_2_unrestrained_charges": null, "stage_2_restrained_charges": null, "keep_original_orientation": false, "reorientations": [], "translations": [], "rotations": []}}, {"index": 7, "molecule": {"qcmol": {"schema_name": "qcschema_molecule", "schema_version": 2, "validated": true, "symbols": ["C", "C", "C", "C", "C", "C", "C", "C", "O", "H", "H", "H", "H", "H", "H", "H", "H", "H", "H", "H", "H", "H", "H", "H", "H"], "geometry": [[0.0, 0.0, 0.0], [2.8908624759378707, -1.9645474252530986e-16, -1.0348594453174519e-16], [4.094479081984712, 2.6351208236631996, 4.440892098500626e-16], [3.617937309449367, 4.177852903798503, -2.4007953080327473], [4.989898971028642, 6.722330303750788, -2.3791418812342946], [4.48934112825437, 8.281149725735272, -4.778247438031677], [5.839521322649297, 10.810305069931264, -4.657580668509094], [8.362277743839135, 11.021851680497928, -5.985250114052279], [4.94952200466091, 12.545148750326604, -3.524379277844859], [-0.7692558626139165, 0.8214409528559151, -1.7137792046354023], [-0.7372140509047344, 1.0675380323433912, 1.5917490589923151], [-0.7269306298650343, -1.913046165953829, 0.14314798246641292], [3.5746416544302777, -1.0594379640242184, -1.624399718622585], [3.5494070601738277, -1.013107654945831, 1.6614343536363676], [3.416295743112336, 3.6899019610200448, 1.6308094244708047], [6.1238702212214005, 2.4250328999610034, 0.2564473115074274], [1.6057402275740829, 4.511592775161283, -2.6374718987615466], [4.224238017822401, 3.0898502058524393, -4.038944179439757], [7.010932289747798, 6.403379598887913, -2.168171961722158], [4.39482764310774, 7.8208752701520545, -0.7514005005147282], [5.085730108715982, 7.224962647491493, -6.4347869446109485], [2.4817893816389587, 8.65578977037633, -4.94657670931713], [8.083829912796176, 10.895703144450694, -8.016253044640452], [9.602023807261286, 9.47728027627466, -5.447333460698731], [9.242521242360583, 12.808982798293764, -5.532407431460799]], "name": "C8H16O", "identifiers": {"molecule_hash": "87f3ec2cfc75682d263ebe37761f68e21605b14d", "molecular_formula": "C8H16O"}, "molecular_charge": 0.0, "molecular_multiplicity": 1, "connectivity": [[0, 1, 1.0], [0, 9, 1.0], [0, 10, 1.0], [0, 11, 1.0], [1, 2, 1.0], [1, 12, 1.0], [1, 13, 1.0], [2, 3, 1.0], [2, 14, 1.0], [2, 15, 1.0], [3, 4, 1.0], [3, 16, 1.0], [3, 17, 1.0], [4, 5, 1.0], [4, 18, 1.0], [4, 19, 1.0], [5, 6, 1.0], [5, 20, 1.0], [5, 21, 1.0], [6, 7, 1.0], [6, 8, 2.0], [7, 22, 1.0], [7, 23, 1.0], [7, 24, 1.0]], "fix_com": true, "fix_orientation": true, "provenance": {"creator": "QCElemental", "version": "v0.22.0", "routine": "qcelemental.molparse.from_schema"}, "id": "164685"}, "charge": 0, "optimize_geometry": false, "conformers": [], "conformer_generation_options": {"n_conformer_pool": 4000, "n_max_conformers": 0, "rms_tolerance": 0.05, "energy_window": 15, "keep_original_conformer": true}, "stage_1_unrestrained_charges": null, "stage_1_restrained_charges": null, "stage_2_unrestrained_charges": null, "stage_2_restrained_charges": null, "keep_original_orientation": false, "reorientations": [], "translations": [], "rotations": []}}]}, "surface_constraints": {"matrix": [[1966.3477434784756, 1902.4829468128637, 1829.466674533928, 1780.8983743846798, 1696.6133202606427, 1616.3413338119026, 1551.6090505960226, 1505.1999952833585, 1512.1791921956196, 1971.769330375255, 1977.490183331865, 1976.4337103975074, 1896.201867042932, 1891.5529375748515, 1826.8350970854465, 1796.3102971305884, 1792.9115727208596, 1784.0077592725738, 1696.413683661513, 1683.6695758662484, 1585.072526745669, 1622.7945445369583, 1505.3047797379688, 1496.7288510994001, 1472.4655410145288], [1902.4829468128637, 1947.3650090013102, 1897.2388282896763, 1827.4373950661509, 1758.4084884048511, 1679.704777660463, 1595.6962865903345, 1542.0807888558138, 1548.5489807487234, 1882.2230484553347, 1885.2230093718188, 1884.3818084295085, 1973.487760534199, 1968.2698371890692, 1899.0556315227127, 1892.8655603585796, 1820.3984538684651, 1820.7788811254468, 1757.3075081796514, 1754.797976866019, 1656.8470834658553, 1693.1961830263092, 1536.3599559430197, 1531.3831294692648, 1511.8129465537586], [1829.466674533928, 1897.2388282896763, 1948.1418765438054, 1901.36191586965, 1833.4984539878133, 1758.800249643683, 1669.7360877923727, 1601.0549713344633, 1628.4002399308804, 1784.7199066968117, 1819.946773698177, 1816.7474471903763, 1893.901532992489, 1889.9665607647576, 1978.5361868245127, 1973.6795102222416, 1902.2674309727722, 1900.167840869631, 1818.702916546534, 1839.1148134955565, 1735.198010847498, 1778.1908187387005, 1591.6871389715538, 1587.195979299145, 1565.419672301299], [1780.8983743846798, 1827.4373950661509, 1901.36191586965, 1953.1088513376023, 1905.1160488887188, 1834.760433999508, 1753.4946731774041, 1677.6908310450974, 1719.910333314281, 1734.0014121985057, 1769.8595573266336, 1788.9594984203518, 1820.9085660273925, 1792.290313519135, 1902.3782838808804, 1898.8166629561426, 1984.3179578283005, 1981.4217422029146, 1904.4085104882713, 1905.2073035609378, 1821.9684939490476, 1837.9731504051852, 1657.4220185526694, 1662.6176853837478, 1647.6861219314535], [1696.6133202606427, 1758.4084884048511, 1833.4984539878133, 1905.1160488887188, 1953.8197881241167, 1901.75161639812, 1830.5163642266093, 1763.297332766248, 1791.6473145985801, 1649.1400055903175, 1671.899679051717, 1709.1491818036748, 1756.0078778910533, 1733.8029518640046, 1826.0573531249654, 1827.8709536772471, 1906.9006385280748, 1904.1477175943705, 1983.6479301969002, 1983.2429247619716, 1900.5459503031752, 1896.2166636701363, 1745.0017664257186, 1749.7202147270923, 1733.7645816007387], [1616.3413338119026, 1679.704777660463, 1758.800249643683, 1834.760433999508, 1901.75161639812, 1947.5066788262168, 1894.2302710876431, 1827.9356714038145, 1859.2248621186473, 1573.9188731708089, 1588.057078354301, 1627.8391218580753, 1669.967942811952, 1663.1335330754346, 1772.535768516974, 1734.601340488586, 1841.5275975130826, 1821.1901946608514, 1903.1269676577538, 1900.7477483920875, 1976.3362001292542, 1972.4840614852392, 1797.5499686796652, 1815.1001734678923, 1806.5039721088988], [1551.6090505960226, 1595.6962865903345, 1669.7360877923727, 1753.4946731774041, 1830.5163642266093, 1894.2302710876431, 1936.5212940927395, 1898.6967344890793, 1942.1323417695753, 1513.942607766167, 1524.5967846817775, 1572.6849110570747, 1582.4879918672889, 1572.071014398396, 1689.3205683727108, 1630.8714523286053, 1754.3344070697285, 1747.7931450376127, 1837.090909884539, 1822.52713656551, 1894.1017267077357, 1891.771193298466, 1884.1540439901078, 1882.0174221638144, 1878.7091807794336], [1505.1999952833585, 1542.0807888558138, 1601.0549713344633, 1677.6908310450974, 1763.297332766248, 1827.9356714038145, 1898.6967344890793, 1963.1346430860763, 1858.406518688479, 1475.3836762647834, 1472.8376568954845, 1529.6201808615135, 1529.6503685484274, 1525.111084404238, 1618.3145460785056, 1558.0284471847024, 1667.7081640133215, 1671.0512828007209, 1759.6358074822715, 1773.0360059901784, 1811.8384333213298, 1825.8232843301982, 1972.9294699459576, 1972.2109518564232, 1968.4724525880301], [1512.1791921956196, 1548.5489807487234, 1628.4002399308804, 1719.910333314281, 1791.6473145985801, 1859.2248621186473, 1942.1323417695753, 1858.406518688479, 2025.3258129682124, 1472.9539551468765, 1493.3127696809672, 1533.4120278759983, 1532.437156127921, 1517.1754292735486, 1652.7768839204423, 1585.098063264184, 1725.5635421025067, 1721.3671489482026, 1808.0501075620812, 1767.1483072840308, 1850.4035815880884, 1838.6504628240189, 1842.1386759725872, 1823.8644715277362, 1824.4159254677386], [1971.769330375255, 1882.2230484553347, 1784.7199066968117, 1734.0014121985057, 1649.1400055903175, 1573.9188731708089, 1513.942607766167, 1475.3836762647834, 1472.9539551468765, 2056.050029463294, 1952.561001655282, 1954.098673006545, 1889.1208480431585, 1859.6210812055822, 1773.295362919006, 1746.3868774136895, 1749.000081665368, 1733.375406988206, 1644.2024912043796, 1637.3468465994802, 1540.6274680572026, 1583.0760556746106, 1480.144262122327, 1466.925700686415, 1444.5173106771385], [1977.490183331865, 1885.2230093718188, 1819.946773698177, 1769.8595573266336, 1671.899679051717, 1588.057078354301, 1524.5967846817775, 1472.8376568954845, 1493.3127696809672, 1952.561001655282, 2071.5757333443635, 1959.6302884531058, 1864.335728632676, 1860.2553470122155, 1827.114905301722, 1782.7181439921014, 1786.599406784104, 1778.5055688627378, 1672.8332688664755, 1650.8851607840722, 1556.6995910898195, 1591.18445501712, 1470.6108973678606, 1464.53182471477, 1438.5326712772678], [1976.4337103975074, 1884.3818084295085, 1816.7474471903763, 1788.9594984203518, 1709.1491818036748, 1627.8391218580753, 1572.6849110570747, 1529.6201808615135, 1533.4120278759983, 1954.098673006545, 1959.6302884531058, 2067.3700927324403, 1853.1869529000787, 1873.4964361811985, 1810.1442959398742, 1773.9509659984515, 1807.4710460390268, 1797.5175872958275, 1712.584858790163, 1696.2064988590544, 1593.3295541754644, 1629.3491804604553, 1531.6885823635864, 1522.9369621230805, 1494.8397819335148], [1896.201867042932, 1973.487760534199, 1893.901532992489, 1820.9085660273925, 1756.0078778910533, 1669.967942811952, 1582.4879918672889, 1529.6503685484274, 1532.437156127921, 1889.1208480431585, 1864.335728632676, 1853.1869529000787, 2078.1121410897927, 1966.1420961150613, 1875.288542002806, 1888.5122780857655, 1809.931224983762, 1812.3153485615305, 1765.3015115775738, 1751.38972585763, 1653.5111035708564, 1674.402346929251, 1524.6050613556965, 1514.782566852065, 1503.7870431231315], [1891.5529375748515, 1968.2698371890692, 1889.9665607647576, 1792.290313519135, 1733.8029518640046, 1663.1335330754346, 1572.071014398396, 1525.111084404238, 1517.1754292735486, 1859.6210812055822, 1860.2553470122155, 1873.4964361811985, 1966.1420961150613, 2065.9750864572306, 1892.2270492590576, 1886.9394161771827, 1767.6629919201364, 1775.536865893146, 1732.0726018873645, 1732.2628673373981, 1641.5735716838324, 1687.5358974410838, 1517.8000379890939, 1519.5773314071632, 1496.565802261163], [1826.8350970854465, 1899.0556315227127, 1978.5361868245127, 1902.3782838808804, 1826.0573531249654, 1772.535768516974, 1689.3205683727108, 1618.3145460785056, 1652.7768839204423, 1773.295362919006, 1827.114905301722, 1810.1442959398742, 1875.288542002806, 1892.2270492590576, 2085.6296987706073, 1975.1484281774442, 1905.8097154197503, 1882.4758960363754, 1793.8230823664692, 1826.2270801276925, 1743.7503263875042, 1808.7055679671885, 1612.909936834586, 1605.6538919454351, 1575.4375333158916], [1796.3102971305884, 1892.8655603585796, 1973.6795102222416, 1898.8166629561426, 1827.8709536772471, 1734.601340488586, 1630.8714523286053, 1558.0284471847024, 1585.098063264184, 1746.3868774136895, 1782.7181439921014, 1773.9509659984515, 1888.5122780857655, 1886.9394161771827, 1975.1484281774442, 2075.0335791377306, 1879.2774095086177, 1896.9622300370838, 1809.5630310926285, 1849.6942671634185, 1707.6666022416582, 1755.4080405518591, 1549.5663134720726, 1541.466194511559, 1522.0768274350748], [1792.9115727208596, 1820.3984538684651, 1902.2674309727722, 1984.3179578283005, 1906.9006385280748, 1841.5275975130826, 1754.3344070697285, 1667.7081640133215, 1725.5635421025067, 1749.000081665368, 1786.599406784104, 1807.4710460390268, 1809.931224983762, 1767.6629919201364, 1905.8097154197503, 1879.2774095086177, 2089.6365780896012, 1987.027625751985, 1897.4334667667322, 1887.377237976583, 1831.4640013938954, 1849.6605025528029, 1642.8128804167197, 1645.0312061372356, 1642.4492657525711], [1784.0077592725738, 1820.7788811254468, 1900.167840869631, 1981.4217422029146, 1904.1477175943705, 1821.1901946608514, 1747.7931450376127, 1671.0512828007209, 1721.3671489482026, 1733.375406988206, 1778.5055688627378, 1797.5175872958275, 1812.3153485615305, 1775.536865893146, 1882.4758960363754, 1896.9622300370838, 1987.027625751985, 2083.985522179958, 1900.2804693149237, 1894.4231638005233, 1806.791790588276, 1811.4929135116627, 1645.3736345987286, 1660.5902579911192, 1641.050691278862], [1696.413683661513, 1757.3075081796514, 1818.702916546534, 1904.4085104882713, 1983.6479301969002, 1903.1269676577538, 1837.090909884539, 1759.6358074822715, 1808.0501075620812, 1644.2024912043796, 1672.8332688664755, 1712.584858790163, 1765.3015115775738, 1732.0726018873645, 1793.8230823664692, 1809.5630310926285, 1897.4334667667322, 1900.2804693149237, 2087.9602708178554, 1986.4393174243155, 1912.9351715543482, 1858.6134475415124, 1745.8865197095924, 1737.186962324844, 1727.4251765869349], [1683.6695758662484, 1754.797976866019, 1839.1148134955565, 1905.2073035609378, 1983.2429247619716, 1900.7477483920875, 1822.52713656551, 1773.0360059901784, 1767.1483072840308, 1637.3468465994802, 1650.8851607840722, 1696.2064988590544, 1751.38972585763, 1732.2628673373981, 1826.2270801276925, 1849.6942671634185, 1887.377237976583, 1894.4231638005233, 1986.4393174243155, 2087.460842069328, 1874.1299170570012, 1902.816793242472, 1761.0670044526255, 1768.5993989523508, 1741.7796738331285], [1585.072526745669, 1656.8470834658553, 1735.198010847498, 1821.9684939490476, 1900.5459503031752, 1976.3362001292542, 1894.1017267077357, 1811.8384333213298, 1850.4035815880884, 1540.6274680572026, 1556.6995910898195, 1593.3295541754644, 1653.5111035708564, 1641.5735716838324, 1743.7503263875042, 1707.6666022416582, 1831.4640013938954, 1806.791790588276, 1912.9351715543482, 1874.1299170570012, 2080.6376754512717, 1972.9090926584004, 1768.873221228475, 1787.171064295309, 1803.9542208940343], [1622.7945445369583, 1693.1961830263092, 1778.1908187387005, 1837.9731504051852, 1896.2166636701363, 1972.4840614852392, 1891.771193298466, 1825.8232843301982, 1838.6504628240189, 1583.0760556746106, 1591.18445501712, 1629.3491804604553, 1674.402346929251, 1687.5358974410838, 1808.7055679671885, 1755.4080405518591, 1849.6605025528029, 1811.4929135116627, 1858.6134475415124, 1902.816793242472, 1972.9090926584004, 2072.7919708185977, 1787.6409831784974, 1828.781528870131, 1797.742227714071], [1505.3047797379688, 1536.3599559430197, 1591.6871389715538, 1657.4220185526694, 1745.0017664257186, 1797.5499686796652, 1884.1540439901078, 1972.9294699459576, 1842.1386759725872, 1480.144262122327, 1470.6108973678606, 1531.6885823635864, 1524.6050613556965, 1517.8000379890939, 1612.909936834586, 1549.5663134720726, 1642.8128804167197, 1645.3736345987286, 1745.8865197095924, 1761.0670044526255, 1768.873221228475, 1787.6409831784974, 2063.79733345963, 1951.6911788972875, 1948.7762938353421], [1496.7288510994001, 1531.3831294692648, 1587.195979299145, 1662.6176853837478, 1749.7202147270923, 1815.1001734678923, 1882.0174221638144, 1972.2109518564232, 1823.8644715277362, 1466.925700686415, 1464.53182471477, 1522.9369621230805, 1514.782566852065, 1519.5773314071632, 1605.6538919454351, 1541.466194511559, 1645.0312061372356, 1660.5902579911192, 1737.186962324844, 1768.5993989523508, 1787.171064295309, 1828.781528870131, 1951.6911788972875, 2062.9153675728307, 1947.6179737139717], [1472.4655410145288, 1511.8129465537586, 1565.419672301299, 1647.6861219314535, 1733.7645816007387, 1806.5039721088988, 1878.7091807794336, 1968.4724525880301, 1824.4159254677386, 1444.5173106771385, 1438.5326712772678, 1494.8397819335148, 1503.7870431231315, 1496.565802261163, 1575.4375333158916, 1522.0768274350748, 1642.4492657525711, 1641.050691278862, 1727.4251765869349, 1741.7796738331285, 1803.9542208940343, 1797.742227714071, 1948.7762938353421, 1947.6179737139717, 2054.932329518368], [26.764874879164662, 31.390038918986846, 28.720557798125963, 23.515927542996604, 23.148497082527143, 16.7370721565699, -6.7755055672427975, 15.70037224232217, -46.341717704517116, 26.80979462882756, 23.54158715034375, 26.24700446566744, 33.06582052412369, 35.00868352986663, 26.2604926134177, 32.12677313093139, 21.705692822962185, 20.52931030722737, 18.906428526243406, 31.627791755922622, 20.83697515211976, 25.397336601868908, 17.219761656648426, 24.991646534007067, 22.633368364169993]]}}