{"resp_b": 0.1, "restrained_fit": true, "exclude_hydrogens": true, "convergence_tolerance": 1e-06, "max_iter": 500, "resp_a": 0.0005, "charge_constraints": {"charge_sum_constraints": [], "charge_equivalence_constraints": [], "molecules": [{"qcmol": {"schema_name": "qcschema_molecule", "schema_version": 2, "validated": true, "symbols": ["C", "C", "C", "C", "C", "C", "C", "C", "O", "H", "H", "H", "H", "H", "H", "H", "H", "H", "H", "H", "H", "H", "H", "H", "H"], "geometry": [[0.0, 0.0, 0.0], [2.8908624759378707, -1.9645474252530986e-16, -1.0348594453174519e-16], [4.094479081984712, 2.6351208236631996, 4.440892098500626e-16], [3.617937309449367, 4.177852903798503, -2.4007953080327473], [4.989898971028642, 6.722330303750788, -2.3791418812342946], [4.48934112825437, 8.281149725735272, -4.778247438031677], [5.839521322649297, 10.810305069931264, -4.657580668509094], [8.362277743839135, 11.021851680497928, -5.985250114052279], [4.94952200466091, 12.545148750326604, -3.524379277844859], [-0.7692558626139165, 0.8214409528559151, -1.7137792046354023], [-0.7372140509047344, 1.0675380323433912, 1.5917490589923151], [-0.7269306298650343, -1.913046165953829, 0.14314798246641292], [3.5746416544302777, -1.0594379640242184, -1.624399718622585], [3.5494070601738277, -1.013107654945831, 1.6614343536363676], [3.416295743112336, 3.6899019610200448, 1.6308094244708047], [6.1238702212214005, 2.4250328999610034, 0.2564473115074274], [1.6057402275740829, 4.511592775161283, -2.6374718987615466], [4.224238017822401, 3.0898502058524393, -4.038944179439757], [7.010932289747798, 6.403379598887913, -2.168171961722158], [4.39482764310774, 7.8208752701520545, -0.7514005005147282], [5.085730108715982, 7.224962647491493, -6.4347869446109485], [2.4817893816389587, 8.65578977037633, -4.94657670931713], [8.083829912796176, 10.895703144450694, -8.016253044640452], [9.602023807261286, 9.47728027627466, -5.447333460698731], [9.242521242360583, 12.808982798293764, -5.532407431460799]], "name": "C8H16O", "identifiers": {"molecule_hash": "87f3ec2cfc75682d263ebe37761f68e21605b14d", "molecular_formula": "C8H16O"}, "molecular_charge": 0.0, "molecular_multiplicity": 1, "connectivity": [[0, 1, 1.0], [0, 9, 1.0], [0, 10, 1.0], [0, 11, 1.0], [1, 2, 1.0], [1, 12, 1.0], [1, 13, 1.0], [2, 3, 1.0], [2, 14, 1.0], [2, 15, 1.0], [3, 4, 1.0], [3, 16, 1.0], [3, 17, 1.0], [4, 5, 1.0], [4, 18, 1.0], [4, 19, 1.0], [5, 6, 1.0], [5, 20, 1.0], [5, 21, 1.0], [6, 7, 1.0], [6, 8, 2.0], [7, 22, 1.0], [7, 23, 1.0], [7, 24, 1.0]], "fix_com": true, "fix_orientation": true, "provenance": {"creator": "QCElemental", "version": "v0.22.0", "routine": "qcelemental.molparse.from_schema"}, "id": "164685"}, "charge": 0, "optimize_geometry": false, "conformers": [], "conformer_generation_options": {"n_conformer_pool": 4000, "n_max_conformers": 0, "rms_tolerance": 0.05, "energy_window": 15, "keep_original_conformer": true}, "stage_1_unrestrained_charges": null, "stage_1_restrained_charges": null, "stage_2_unrestrained_charges": null, "stage_2_restrained_charges": null, "keep_original_orientation": false, "reorientations": [], "translations": [], "rotations": []}], "unconstrained_atoms": [{"index": 0, "molecule": {"qcmol": {"schema_name": "qcschema_molecule", "schema_version": 2, "validated": true, "symbols": ["C", "C", "C", "C", "C", "C", "C", "C", "O", "H", "H", "H", "H", "H", "H", "H", "H", "H", "H", "H", "H", "H", "H", "H", "H"], "geometry": [[0.0, 0.0, 0.0], [2.8908624759378707, -1.9645474252530986e-16, -1.0348594453174519e-16], [4.094479081984712, 2.6351208236631996, 4.440892098500626e-16], [3.617937309449367, 4.177852903798503, -2.4007953080327473], [4.989898971028642, 6.722330303750788, -2.3791418812342946], [4.48934112825437, 8.281149725735272, -4.778247438031677], [5.839521322649297, 10.810305069931264, -4.657580668509094], [8.362277743839135, 11.021851680497928, -5.985250114052279], [4.94952200466091, 12.545148750326604, -3.524379277844859], [-0.7692558626139165, 0.8214409528559151, -1.7137792046354023], [-0.7372140509047344, 1.0675380323433912, 1.5917490589923151], [-0.7269306298650343, -1.913046165953829, 0.14314798246641292], [3.5746416544302777, -1.0594379640242184, -1.624399718622585], [3.5494070601738277, -1.013107654945831, 1.6614343536363676], [3.416295743112336, 3.6899019610200448, 1.6308094244708047], [6.1238702212214005, 2.4250328999610034, 0.2564473115074274], [1.6057402275740829, 4.511592775161283, -2.6374718987615466], [4.224238017822401, 3.0898502058524393, -4.038944179439757], [7.010932289747798, 6.403379598887913, -2.168171961722158], [4.39482764310774, 7.8208752701520545, -0.7514005005147282], [5.085730108715982, 7.224962647491493, -6.4347869446109485], [2.4817893816389587, 8.65578977037633, -4.94657670931713], [8.083829912796176, 10.895703144450694, -8.016253044640452], [9.602023807261286, 9.47728027627466, -5.447333460698731], [9.242521242360583, 12.808982798293764, -5.532407431460799]], "name": "C8H16O", "identifiers": {"molecule_hash": "87f3ec2cfc75682d263ebe37761f68e21605b14d", "molecular_formula": "C8H16O"}, "molecular_charge": 0.0, "molecular_multiplicity": 1, "connectivity": [[0, 1, 1.0], [0, 9, 1.0], [0, 10, 1.0], [0, 11, 1.0], [1, 2, 1.0], [1, 12, 1.0], [1, 13, 1.0], [2, 3, 1.0], [2, 14, 1.0], [2, 15, 1.0], [3, 4, 1.0], [3, 16, 1.0], [3, 17, 1.0], [4, 5, 1.0], [4, 18, 1.0], [4, 19, 1.0], [5, 6, 1.0], [5, 20, 1.0], [5, 21, 1.0], [6, 7, 1.0], [6, 8, 2.0], [7, 22, 1.0], [7, 23, 1.0], [7, 24, 1.0]], "fix_com": true, "fix_orientation": true, "provenance": {"creator": "QCElemental", "version": "v0.22.0", "routine": "qcelemental.molparse.from_schema"}, "id": "164685"}, "charge": 0, "optimize_geometry": false, "conformers": [], "conformer_generation_options": {"n_conformer_pool": 4000, "n_max_conformers": 0, "rms_tolerance": 0.05, "energy_window": 15, "keep_original_conformer": true}, "stage_1_unrestrained_charges": null, "stage_1_restrained_charges": null, "stage_2_unrestrained_charges": null, "stage_2_restrained_charges": null, "keep_original_orientation": false, "reorientations": [], "translations": [], "rotations": []}}, {"index": 1, "molecule": {"qcmol": {"schema_name": "qcschema_molecule", "schema_version": 2, "validated": true, "symbols": ["C", "C", "C", "C", "C", "C", "C", "C", "O", "H", "H", "H", "H", "H", "H", "H", "H", "H", "H", "H", "H", "H", "H", "H", "H"], "geometry": [[0.0, 0.0, 0.0], [2.8908624759378707, -1.9645474252530986e-16, -1.0348594453174519e-16], [4.094479081984712, 2.6351208236631996, 4.440892098500626e-16], [3.617937309449367, 4.177852903798503, -2.4007953080327473], [4.989898971028642, 6.722330303750788, -2.3791418812342946], [4.48934112825437, 8.281149725735272, -4.778247438031677], [5.839521322649297, 10.810305069931264, -4.657580668509094], [8.362277743839135, 11.021851680497928, -5.985250114052279], [4.94952200466091, 12.545148750326604, -3.524379277844859], [-0.7692558626139165, 0.8214409528559151, -1.7137792046354023], [-0.7372140509047344, 1.0675380323433912, 1.5917490589923151], [-0.7269306298650343, -1.913046165953829, 0.14314798246641292], [3.5746416544302777, -1.0594379640242184, -1.624399718622585], [3.5494070601738277, -1.013107654945831, 1.6614343536363676], [3.416295743112336, 3.6899019610200448, 1.6308094244708047], [6.1238702212214005, 2.4250328999610034, 0.2564473115074274], [1.6057402275740829, 4.511592775161283, -2.6374718987615466], [4.224238017822401, 3.0898502058524393, -4.038944179439757], [7.010932289747798, 6.403379598887913, -2.168171961722158], [4.39482764310774, 7.8208752701520545, -0.7514005005147282], [5.085730108715982, 7.224962647491493, -6.4347869446109485], [2.4817893816389587, 8.65578977037633, -4.94657670931713], [8.083829912796176, 10.895703144450694, -8.016253044640452], [9.602023807261286, 9.47728027627466, -5.447333460698731], [9.242521242360583, 12.808982798293764, -5.532407431460799]], "name": "C8H16O", "identifiers": {"molecule_hash": "87f3ec2cfc75682d263ebe37761f68e21605b14d", "molecular_formula": "C8H16O"}, "molecular_charge": 0.0, "molecular_multiplicity": 1, "connectivity": [[0, 1, 1.0], [0, 9, 1.0], [0, 10, 1.0], [0, 11, 1.0], [1, 2, 1.0], [1, 12, 1.0], [1, 13, 1.0], [2, 3, 1.0], [2, 14, 1.0], [2, 15, 1.0], [3, 4, 1.0], [3, 16, 1.0], [3, 17, 1.0], [4, 5, 1.0], [4, 18, 1.0], [4, 19, 1.0], [5, 6, 1.0], [5, 20, 1.0], [5, 21, 1.0], [6, 7, 1.0], [6, 8, 2.0], [7, 22, 1.0], [7, 23, 1.0], [7, 24, 1.0]], "fix_com": true, "fix_orientation": true, "provenance": {"creator": "QCElemental", "version": "v0.22.0", "routine": "qcelemental.molparse.from_schema"}, "id": "164685"}, "charge": 0, "optimize_geometry": false, "conformers": [], "conformer_generation_options": {"n_conformer_pool": 4000, "n_max_conformers": 0, "rms_tolerance": 0.05, "energy_window": 15, "keep_original_conformer": true}, "stage_1_unrestrained_charges": null, "stage_1_restrained_charges": null, "stage_2_unrestrained_charges": null, "stage_2_restrained_charges": null, "keep_original_orientation": false, "reorientations": [], "translations": [], "rotations": []}}, {"index": 2, "molecule": {"qcmol": {"schema_name": "qcschema_molecule", "schema_version": 2, "validated": true, "symbols": ["C", "C", "C", "C", "C", "C", "C", "C", "O", "H", "H", "H", "H", "H", "H", "H", "H", "H", "H", "H", "H", "H", "H", "H", "H"], "geometry": [[0.0, 0.0, 0.0], [2.8908624759378707, -1.9645474252530986e-16, -1.0348594453174519e-16], [4.094479081984712, 2.6351208236631996, 4.440892098500626e-16], [3.617937309449367, 4.177852903798503, -2.4007953080327473], [4.989898971028642, 6.722330303750788, -2.3791418812342946], [4.48934112825437, 8.281149725735272, -4.778247438031677], [5.839521322649297, 10.810305069931264, -4.657580668509094], [8.362277743839135, 11.021851680497928, -5.985250114052279], [4.94952200466091, 12.545148750326604, -3.524379277844859], [-0.7692558626139165, 0.8214409528559151, -1.7137792046354023], [-0.7372140509047344, 1.0675380323433912, 1.5917490589923151], [-0.7269306298650343, -1.913046165953829, 0.14314798246641292], [3.5746416544302777, -1.0594379640242184, -1.624399718622585], [3.5494070601738277, -1.013107654945831, 1.6614343536363676], [3.416295743112336, 3.6899019610200448, 1.6308094244708047], [6.1238702212214005, 2.4250328999610034, 0.2564473115074274], [1.6057402275740829, 4.511592775161283, -2.6374718987615466], [4.224238017822401, 3.0898502058524393, -4.038944179439757], [7.010932289747798, 6.403379598887913, -2.168171961722158], [4.39482764310774, 7.8208752701520545, -0.7514005005147282], [5.085730108715982, 7.224962647491493, -6.4347869446109485], [2.4817893816389587, 8.65578977037633, -4.94657670931713], [8.083829912796176, 10.895703144450694, -8.016253044640452], [9.602023807261286, 9.47728027627466, -5.447333460698731], [9.242521242360583, 12.808982798293764, -5.532407431460799]], "name": "C8H16O", "identifiers": {"molecule_hash": "87f3ec2cfc75682d263ebe37761f68e21605b14d", "molecular_formula": "C8H16O"}, "molecular_charge": 0.0, "molecular_multiplicity": 1, "connectivity": [[0, 1, 1.0], [0, 9, 1.0], [0, 10, 1.0], [0, 11, 1.0], [1, 2, 1.0], [1, 12, 1.0], [1, 13, 1.0], [2, 3, 1.0], [2, 14, 1.0], [2, 15, 1.0], [3, 4, 1.0], [3, 16, 1.0], [3, 17, 1.0], [4, 5, 1.0], [4, 18, 1.0], [4, 19, 1.0], [5, 6, 1.0], [5, 20, 1.0], [5, 21, 1.0], [6, 7, 1.0], [6, 8, 2.0], [7, 22, 1.0], [7, 23, 1.0], [7, 24, 1.0]], "fix_com": true, "fix_orientation": true, "provenance": {"creator": "QCElemental", "version": "v0.22.0", "routine": "qcelemental.molparse.from_schema"}, "id": "164685"}, "charge": 0, "optimize_geometry": false, "conformers": [], "conformer_generation_options": {"n_conformer_pool": 4000, "n_max_conformers": 0, "rms_tolerance": 0.05, "energy_window": 15, "keep_original_conformer": true}, "stage_1_unrestrained_charges": null, "stage_1_restrained_charges": null, "stage_2_unrestrained_charges": null, "stage_2_restrained_charges": null, "keep_original_orientation": false, "reorientations": [], "translations": [], "rotations": []}}, {"index": 3, "molecule": {"qcmol": {"schema_name": "qcschema_molecule", "schema_version": 2, "validated": true, "symbols": ["C", "C", "C", "C", "C", "C", "C", "C", "O", "H", "H", "H", "H", "H", "H", "H", "H", "H", "H", "H", "H", "H", "H", "H", "H"], "geometry": [[0.0, 0.0, 0.0], [2.8908624759378707, -1.9645474252530986e-16, -1.0348594453174519e-16], [4.094479081984712, 2.6351208236631996, 4.440892098500626e-16], [3.617937309449367, 4.177852903798503, -2.4007953080327473], [4.989898971028642, 6.722330303750788, -2.3791418812342946], [4.48934112825437, 8.281149725735272, -4.778247438031677], [5.839521322649297, 10.810305069931264, -4.657580668509094], [8.362277743839135, 11.021851680497928, -5.985250114052279], [4.94952200466091, 12.545148750326604, -3.524379277844859], [-0.7692558626139165, 0.8214409528559151, -1.7137792046354023], [-0.7372140509047344, 1.0675380323433912, 1.5917490589923151], [-0.7269306298650343, -1.913046165953829, 0.14314798246641292], [3.5746416544302777, -1.0594379640242184, -1.624399718622585], [3.5494070601738277, -1.013107654945831, 1.6614343536363676], [3.416295743112336, 3.6899019610200448, 1.6308094244708047], [6.1238702212214005, 2.4250328999610034, 0.2564473115074274], [1.6057402275740829, 4.511592775161283, -2.6374718987615466], [4.224238017822401, 3.0898502058524393, -4.038944179439757], [7.010932289747798, 6.403379598887913, -2.168171961722158], [4.39482764310774, 7.8208752701520545, -0.7514005005147282], [5.085730108715982, 7.224962647491493, -6.4347869446109485], [2.4817893816389587, 8.65578977037633, -4.94657670931713], [8.083829912796176, 10.895703144450694, -8.016253044640452], [9.602023807261286, 9.47728027627466, -5.447333460698731], [9.242521242360583, 12.808982798293764, -5.532407431460799]], "name": "C8H16O", "identifiers": {"molecule_hash": "87f3ec2cfc75682d263ebe37761f68e21605b14d", "molecular_formula": "C8H16O"}, "molecular_charge": 0.0, "molecular_multiplicity": 1, "connectivity": [[0, 1, 1.0], [0, 9, 1.0], [0, 10, 1.0], [0, 11, 1.0], [1, 2, 1.0], [1, 12, 1.0], [1, 13, 1.0], [2, 3, 1.0], [2, 14, 1.0], [2, 15, 1.0], [3, 4, 1.0], [3, 16, 1.0], [3, 17, 1.0], [4, 5, 1.0], [4, 18, 1.0], [4, 19, 1.0], [5, 6, 1.0], [5, 20, 1.0], [5, 21, 1.0], [6, 7, 1.0], [6, 8, 2.0], [7, 22, 1.0], [7, 23, 1.0], [7, 24, 1.0]], "fix_com": true, "fix_orientation": true, "provenance": {"creator": "QCElemental", "version": "v0.22.0", "routine": "qcelemental.molparse.from_schema"}, "id": "164685"}, "charge": 0, "optimize_geometry": false, "conformers": [], "conformer_generation_options": {"n_conformer_pool": 4000, "n_max_conformers": 0, "rms_tolerance": 0.05, "energy_window": 15, "keep_original_conformer": true}, "stage_1_unrestrained_charges": null, "stage_1_restrained_charges": null, "stage_2_unrestrained_charges": null, "stage_2_restrained_charges": null, "keep_original_orientation": false, "reorientations": [], "translations": [], "rotations": []}}, {"index": 4, "molecule": {"qcmol": {"schema_name": "qcschema_molecule", "schema_version": 2, "validated": true, "symbols": ["C", "C", "C", "C", "C", "C", "C", "C", "O", "H", "H", "H", "H", "H", "H", "H", "H", "H", "H", "H", "H", "H", "H", "H", "H"], "geometry": [[0.0, 0.0, 0.0], [2.8908624759378707, -1.9645474252530986e-16, -1.0348594453174519e-16], [4.094479081984712, 2.6351208236631996, 4.440892098500626e-16], [3.617937309449367, 4.177852903798503, -2.4007953080327473], [4.989898971028642, 6.722330303750788, -2.3791418812342946], [4.48934112825437, 8.281149725735272, -4.778247438031677], [5.839521322649297, 10.810305069931264, -4.657580668509094], [8.362277743839135, 11.021851680497928, -5.985250114052279], [4.94952200466091, 12.545148750326604, -3.524379277844859], [-0.7692558626139165, 0.8214409528559151, -1.7137792046354023], [-0.7372140509047344, 1.0675380323433912, 1.5917490589923151], [-0.7269306298650343, -1.913046165953829, 0.14314798246641292], [3.5746416544302777, -1.0594379640242184, -1.624399718622585], [3.5494070601738277, -1.013107654945831, 1.6614343536363676], [3.416295743112336, 3.6899019610200448, 1.6308094244708047], [6.1238702212214005, 2.4250328999610034, 0.2564473115074274], [1.6057402275740829, 4.511592775161283, -2.6374718987615466], [4.224238017822401, 3.0898502058524393, -4.038944179439757], [7.010932289747798, 6.403379598887913, -2.168171961722158], [4.39482764310774, 7.8208752701520545, -0.7514005005147282], [5.085730108715982, 7.224962647491493, -6.4347869446109485], [2.4817893816389587, 8.65578977037633, -4.94657670931713], [8.083829912796176, 10.895703144450694, -8.016253044640452], [9.602023807261286, 9.47728027627466, -5.447333460698731], [9.242521242360583, 12.808982798293764, -5.532407431460799]], "name": "C8H16O", "identifiers": {"molecule_hash": "87f3ec2cfc75682d263ebe37761f68e21605b14d", "molecular_formula": "C8H16O"}, "molecular_charge": 0.0, "molecular_multiplicity": 1, "connectivity": [[0, 1, 1.0], [0, 9, 1.0], [0, 10, 1.0], [0, 11, 1.0], [1, 2, 1.0], [1, 12, 1.0], [1, 13, 1.0], [2, 3, 1.0], [2, 14, 1.0], [2, 15, 1.0], [3, 4, 1.0], [3, 16, 1.0], [3, 17, 1.0], [4, 5, 1.0], [4, 18, 1.0], [4, 19, 1.0], [5, 6, 1.0], [5, 20, 1.0], [5, 21, 1.0], [6, 7, 1.0], [6, 8, 2.0], [7, 22, 1.0], [7, 23, 1.0], [7, 24, 1.0]], "fix_com": true, "fix_orientation": true, "provenance": {"creator": "QCElemental", "version": "v0.22.0", "routine": "qcelemental.molparse.from_schema"}, "id": "164685"}, "charge": 0, "optimize_geometry": false, "conformers": [], "conformer_generation_options": {"n_conformer_pool": 4000, "n_max_conformers": 0, "rms_tolerance": 0.05, "energy_window": 15, "keep_original_conformer": true}, "stage_1_unrestrained_charges": null, "stage_1_restrained_charges": null, "stage_2_unrestrained_charges": null, "stage_2_restrained_charges": null, "keep_original_orientation": false, "reorientations": [], "translations": [], "rotations": []}}, {"index": 5, "molecule": {"qcmol": {"schema_name": "qcschema_molecule", "schema_version": 2, "validated": true, "symbols": ["C", "C", "C", "C", "C", "C", "C", "C", "O", "H", "H", "H", "H", "H", "H", "H", "H", "H", "H", "H", "H", "H", "H", "H", "H"], "geometry": [[0.0, 0.0, 0.0], [2.8908624759378707, -1.9645474252530986e-16, -1.0348594453174519e-16], [4.094479081984712, 2.6351208236631996, 4.440892098500626e-16], [3.617937309449367, 4.177852903798503, -2.4007953080327473], [4.989898971028642, 6.722330303750788, -2.3791418812342946], [4.48934112825437, 8.281149725735272, -4.778247438031677], [5.839521322649297, 10.810305069931264, -4.657580668509094], [8.362277743839135, 11.021851680497928, -5.985250114052279], [4.94952200466091, 12.545148750326604, -3.524379277844859], [-0.7692558626139165, 0.8214409528559151, -1.7137792046354023], [-0.7372140509047344, 1.0675380323433912, 1.5917490589923151], [-0.7269306298650343, -1.913046165953829, 0.14314798246641292], [3.5746416544302777, -1.0594379640242184, -1.624399718622585], [3.5494070601738277, -1.013107654945831, 1.6614343536363676], [3.416295743112336, 3.6899019610200448, 1.6308094244708047], [6.1238702212214005, 2.4250328999610034, 0.2564473115074274], [1.6057402275740829, 4.511592775161283, -2.6374718987615466], [4.224238017822401, 3.0898502058524393, -4.038944179439757], [7.010932289747798, 6.403379598887913, -2.168171961722158], [4.39482764310774, 7.8208752701520545, -0.7514005005147282], [5.085730108715982, 7.224962647491493, -6.4347869446109485], [2.4817893816389587, 8.65578977037633, -4.94657670931713], [8.083829912796176, 10.895703144450694, -8.016253044640452], [9.602023807261286, 9.47728027627466, -5.447333460698731], [9.242521242360583, 12.808982798293764, -5.532407431460799]], "name": "C8H16O", "identifiers": {"molecule_hash": "87f3ec2cfc75682d263ebe37761f68e21605b14d", "molecular_formula": "C8H16O"}, "molecular_charge": 0.0, "molecular_multiplicity": 1, "connectivity": [[0, 1, 1.0], [0, 9, 1.0], [0, 10, 1.0], [0, 11, 1.0], [1, 2, 1.0], [1, 12, 1.0], [1, 13, 1.0], [2, 3, 1.0], [2, 14, 1.0], [2, 15, 1.0], [3, 4, 1.0], [3, 16, 1.0], [3, 17, 1.0], [4, 5, 1.0], [4, 18, 1.0], [4, 19, 1.0], [5, 6, 1.0], [5, 20, 1.0], [5, 21, 1.0], [6, 7, 1.0], [6, 8, 2.0], [7, 22, 1.0], [7, 23, 1.0], [7, 24, 1.0]], "fix_com": true, "fix_orientation": true, "provenance": {"creator": "QCElemental", "version": "v0.22.0", "routine": "qcelemental.molparse.from_schema"}, "id": "164685"}, "charge": 0, "optimize_geometry": false, "conformers": [], "conformer_generation_options": {"n_conformer_pool": 4000, "n_max_conformers": 0, "rms_tolerance": 0.05, "energy_window": 15, "keep_original_conformer": true}, "stage_1_unrestrained_charges": null, "stage_1_restrained_charges": null, "stage_2_unrestrained_charges": null, "stage_2_restrained_charges": null, "keep_original_orientation": false, "reorientations": [], "translations": [], "rotations": []}}, {"index": 7, "molecule": {"qcmol": {"schema_name": "qcschema_molecule", "schema_version": 2, "validated": true, "symbols": ["C", "C", "C", "C", "C", "C", "C", "C", "O", "H", "H", "H", "H", "H", "H", "H", "H", "H", "H", "H", "H", "H", "H", "H", "H"], "geometry": [[0.0, 0.0, 0.0], [2.8908624759378707, -1.9645474252530986e-16, -1.0348594453174519e-16], [4.094479081984712, 2.6351208236631996, 4.440892098500626e-16], [3.617937309449367, 4.177852903798503, -2.4007953080327473], [4.989898971028642, 6.722330303750788, -2.3791418812342946], [4.48934112825437, 8.281149725735272, -4.778247438031677], [5.839521322649297, 10.810305069931264, -4.657580668509094], [8.362277743839135, 11.021851680497928, -5.985250114052279], [4.94952200466091, 12.545148750326604, -3.524379277844859], [-0.7692558626139165, 0.8214409528559151, -1.7137792046354023], [-0.7372140509047344, 1.0675380323433912, 1.5917490589923151], [-0.7269306298650343, -1.913046165953829, 0.14314798246641292], [3.5746416544302777, -1.0594379640242184, -1.624399718622585], [3.5494070601738277, -1.013107654945831, 1.6614343536363676], [3.416295743112336, 3.6899019610200448, 1.6308094244708047], [6.1238702212214005, 2.4250328999610034, 0.2564473115074274], [1.6057402275740829, 4.511592775161283, -2.6374718987615466], [4.224238017822401, 3.0898502058524393, -4.038944179439757], [7.010932289747798, 6.403379598887913, -2.168171961722158], [4.39482764310774, 7.8208752701520545, -0.7514005005147282], [5.085730108715982, 7.224962647491493, -6.4347869446109485], [2.4817893816389587, 8.65578977037633, -4.94657670931713], [8.083829912796176, 10.895703144450694, -8.016253044640452], [9.602023807261286, 9.47728027627466, -5.447333460698731], [9.242521242360583, 12.808982798293764, -5.532407431460799]], "name": "C8H16O", "identifiers": {"molecule_hash": "87f3ec2cfc75682d263ebe37761f68e21605b14d", "molecular_formula": "C8H16O"}, "molecular_charge": 0.0, "molecular_multiplicity": 1, "connectivity": [[0, 1, 1.0], [0, 9, 1.0], [0, 10, 1.0], [0, 11, 1.0], [1, 2, 1.0], [1, 12, 1.0], [1, 13, 1.0], [2, 3, 1.0], [2, 14, 1.0], [2, 15, 1.0], [3, 4, 1.0], [3, 16, 1.0], [3, 17, 1.0], [4, 5, 1.0], [4, 18, 1.0], [4, 19, 1.0], [5, 6, 1.0], [5, 20, 1.0], [5, 21, 1.0], [6, 7, 1.0], [6, 8, 2.0], [7, 22, 1.0], [7, 23, 1.0], [7, 24, 1.0]], "fix_com": true, "fix_orientation": true, "provenance": {"creator": "QCElemental", "version": "v0.22.0", "routine": "qcelemental.molparse.from_schema"}, "id": "164685"}, "charge": 0, "optimize_geometry": false, "conformers": [], "conformer_generation_options": {"n_conformer_pool": 4000, "n_max_conformers": 0, "rms_tolerance": 0.05, "energy_window": 15, "keep_original_conformer": true}, "stage_1_unrestrained_charges": null, "stage_1_restrained_charges": null, "stage_2_unrestrained_charges": null, "stage_2_restrained_charges": null, "keep_original_orientation": false, "reorientations": [], "translations": [], "rotations": []}}]}, "surface_constraints": {"matrix": [[805721223249942.5, 781187824442015.9, 753869180147122.6, 735771573656584.1, 702514365452528.0, 670317311603803.6, 643396384525818.5, 615748852206761.8, 635484484014373.1, 809901171342202.4, 810208239221003.1, 812206807618036.1, 779744187468945.6, 777780424258558.8, 753530033197293.5, 741671033166394.1, 740962966875610.0, 738315552898389.0, 702708677489183.4, 698144905572499.9, 658352103110630.9, 674522029550105.9, 612547905943541.9, 614606451646682.5, 597640953665670.4], [781187824442015.9, 797842206936583.6, 779648611064321.8, 754142350356002.2, 727861139100918.1, 696322721899372.6, 662261505479798.5, 633915233225893.1, 650255011757064.9, 775213020461741.5, 774914391168881.4, 776480192302928.8, 808806114423801.9, 806696092177859.6, 780842300702985.0, 778731383900658.5, 751791487198876.5, 752908606523624.1, 728307294520421.6, 727452415813417.0, 688226093639512.9, 702541546309330.5, 628466872148069.1, 633572191469515.0, 616830000301389.0], [753869180147122.6, 779648611064321.8, 799349283794735.4, 782593663191780.5, 757706647317728.2, 728447046414021.0, 693067731688086.5, 659232919305061.9, 684014980465952.9, 738272662805089.4, 750226976829219.0, 750539599932954.9, 779382216224008.4, 777764238833093.0, 811528123102341.6, 809980292499977.9, 783050979168130.1, 783430261585715.8, 753200937387282.0, 760912163649834.4, 720388935397948.8, 737015374125686.4, 651481652975463.1, 657815688595786.9, 641291442037295.8], [735771573656584.1, 754142350356002.2, 782593663191780.5, 803204108889969.8, 785948279435259.6, 759486269496934.2, 728183472260871.6, 692872119549952.1, 721937962394850.9, 719233992448435.5, 731002338829512.1, 740142705174019.1, 752609778908675.2, 741481989091850.5, 783420134313583.1, 782206296950282.8, 815272371292102.6, 815563442741350.0, 786863520157251.2, 786631898788890.9, 755450493112998.4, 762177119653484.6, 682415585358329.9, 689876908718033.4, 677731253053355.1], [702514365452528.0, 727861139100918.1, 757706647317728.2, 785948279435259.6, 804808258547238.6, 785465549994060.0, 758930062106289.2, 728965433078825.2, 749905923275792.0, 685280460690498.2, 692384635015274.2, 707930876568022.1, 727711771497186.9, 719281443325638.9, 755299842147870.8, 756351093397584.4, 786787495616932.5, 787180770299702.1, 817047472093893.6, 816969897066714.9, 785759764727276.0, 784733191684518.4, 719408911489755.6, 726024258721273.5, 716446667686471.4], [670317311603803.6, 696322721899372.6, 728447046414021.0, 759486269496934.2, 785465549994060.0, 803059889281838.1, 782772981915471.5, 758326540624616.4, 771934542394769.5, 654579608377327.9, 658867548850239.6, 675423134354881.8, 693240048218020.8, 690207400237328.1, 734094920016180.6, 719506480143694.0, 762793784725183.6, 755706582439845.9, 786636474173028.8, 786083656526443.1, 814905489365167.1, 814503396921718.5, 748866937798970.9, 754854591862550.0, 749733257171000.9], [643396384525818.5, 662261505479798.5, 693067731688086.5, 728183472260871.6, 758930062106289.2, 782772981915471.5, 798076579601270.0, 784977261862392.5, 802718453372137.5, 629462104633256.2, 632492956875103.0, 651760818409389.2, 657787050623035.4, 653030364085989.9, 700472141584264.4, 678504741259846.2, 728885216699041.2, 727601198249884.8, 762204948572024.5, 757493298129178.0, 783173724415637.2, 783896049131384.6, 781278117018628.8, 781519218076575.8, 777430156045816.4], [615748852206761.8, 633915233225893.1, 659232919305061.9, 692872119549952.1, 728965433078825.2, 758326540624616.4, 784977261862392.5, 809562402091137.8, 772386914600605.1, 604095627651874.5, 602285019203430.8, 625126175396574.9, 630854331179700.0, 627417621292511.2, 664112796129922.9, 643937959168297.5, 688203249032470.6, 692511896851714.5, 730454962081697.2, 729878550029687.2, 757778523360887.2, 757229500607848.1, 815325732201343.8, 815794656441492.4, 811390186325572.2], [635484484014373.1, 650255011757064.9, 684014980465952.9, 721937962394850.9, 749905923275792.0, 771934542394769.5, 802718453372137.5, 772386914600605.1, 835627438529150.5, 621254258114060.0, 627999356450649.0, 643873396962917.6, 643729518977146.8, 637461199517157.6, 694411185952547.2, 667103810204383.5, 725206318383202.6, 723792923968784.6, 755366654087615.4, 745311981054996.5, 764829377051075.9, 767701680890609.4, 767020519561245.5, 762858148295775.5, 759581889243155.5], [809901171342202.4, 775213020461741.5, 738272662805089.4, 719233992448435.5, 685280460690498.2, 654579608377327.9, 629462104633256.2, 604095627651874.5, 621254258114060.0, 844789108975645.0, 802882433102495.5, 805648372245468.2, 778867757686554.0, 767064059483088.2, 734467754898238.5, 723795582251807.0, 725346254921669.9, 720686718070800.6, 683673216479053.4, 681124803802308.0, 641657260732219.4, 659568309515114.5, 602986324385464.4, 602775701133329.4, 585766509913647.5], [810208239221003.1, 774914391168881.4, 750226976829219.0, 731002338829512.1, 692384635015274.2, 658867548850239.6, 632492956875103.0, 602285019203430.8, 627999356450649.0, 802882433102495.5, 846388189012151.4, 805793978677348.4, 768018232183457.6, 766170663664084.8, 753798438582493.0, 736654636393317.5, 737762400435845.8, 735670113187603.5, 692983118151590.4, 684825372878575.8, 646718371357469.6, 661890218469019.4, 598055324857186.5, 600513464109921.5, 584133066821372.0], [812206807618036.1, 776480192302928.8, 750539599932954.9, 740142705174019.1, 707930876568022.1, 675423134354881.8, 651760818409389.2, 625126175396574.9, 643873396962917.6, 805648372245468.2, 805793978677348.4, 850062401042664.1, 765176338017228.6, 773161417096839.1, 748579881760180.8, 734252622580170.4, 748426439626781.9, 744442422707520.9, 709091600136996.4, 703489252285212.5, 661915151300493.0, 678451943180062.2, 622543574763536.2, 624337932051474.4, 606496118418384.0], [779744187468945.6, 808806114423801.9, 779382216224008.4, 752609778908675.2, 727711771497186.9, 693240048218020.8, 657787050623035.4, 630854331179700.0, 643729518977146.8, 778867757686554.0, 768018232183457.6, 765176338017228.6, 849938384679712.8, 806874697102328.2, 772707691088142.0, 778079089299968.6, 748698025802672.2, 750740749401464.8, 732488045164641.5, 726517785872001.8, 687923243543709.5, 695520306804542.8, 626680419894633.9, 629840929472445.4, 614316761220570.2], [777780424258558.8, 806696092177859.6, 777764238833093.0, 741481989091850.5, 719281443325638.9, 690207400237328.1, 653030364085989.9, 627417621292511.2, 637461199517157.6, 767064059483088.2, 766170663664084.8, 773161417096839.1, 806874697102328.2, 845256027205124.8, 778948607624471.8, 777457789432016.1, 732282858501093.2, 736104891737208.2, 719313224157476.6, 720286783448553.6, 682509017973423.8, 700469158520845.2, 620795802812863.9, 629424028067605.2, 611306171287636.1], [753530033197293.5, 780842300702985.0, 811528123102341.6, 783420134313583.1, 755299842147870.8, 734094920016180.6, 700472141584264.4, 664112796129922.9, 694411185952547.2, 734467754898238.5, 753798438582493.0, 748579881760180.8, 772707691088142.0, 778948607624471.8, 853110541276152.1, 811274111964847.1, 784595349744045.9, 777089076475698.9, 743653280389797.2, 756652564079125.2, 723853419705503.4, 749706436517211.4, 656157714095940.0, 663053107838235.6, 644196987636052.9], [741671033166394.1, 778731383900658.5, 809980292499977.9, 782206296950282.8, 756351093397584.4, 719506480143694.0, 678504741259846.2, 643937959168297.5, 667103810204383.5, 723795582251807.0, 736654636393317.5, 734252622580170.4, 778079089299968.6, 777457789432016.1, 811274111964847.1, 850117300342450.2, 774793226485526.0, 782559158570918.5, 750889316340633.0, 765974098612502.8, 710667100961598.1, 727793904100186.1, 636393216612888.0, 642336641709054.9, 625655296460480.5], [740962966875610.0, 751791487198876.5, 783050979168130.1, 815272371292102.6, 786787495616932.5, 762793784725183.6, 728885216699041.2, 688203249032470.6, 725206318383202.6, 725346254921669.9, 737762400435845.8, 748426439626781.9, 748698025802672.2, 732282858501093.2, 784595349744045.9, 774793226485526.0, 856030040069767.2, 817779697257781.0, 783828919150944.4, 780088144525490.8, 759834512384197.9, 768094890450161.0, 676395432015036.0, 679923621093363.9, 676039234165699.0], [738315552898389.0, 752908606523624.1, 783430261585715.8, 815563442741350.0, 787180770299702.1, 755706582439845.9, 727601198249884.8, 692511896851714.5, 723792923968784.6, 720686718070800.6, 735670113187603.5, 744442422707520.9, 750740749401464.8, 736104891737208.2, 777089076475698.9, 782559158570918.5, 817779697257781.0, 856628820488536.6, 787468135760288.6, 783499941268427.9, 750897538285664.8, 753040194594669.4, 680510819249164.0, 693051623997669.4, 675072867150302.6], [702708677489183.4, 728307294520421.6, 753200937387282.0, 786863520157251.2, 817047472093893.6, 786636474173028.8, 762204948572024.5, 730454962081697.2, 755366654087615.4, 683673216479053.4, 692983118151590.4, 709091600136996.4, 732488045164641.5, 719313224157476.6, 743653280389797.2, 750889316340633.0, 783828919150944.4, 787468135760288.6, 858078862319213.9, 818787063414782.2, 791024250338655.6, 770980812217145.0, 721350278434198.2, 727497914622398.8, 716335606863429.4], [698144905572499.9, 727452415813417.0, 760912163649834.4, 786631898788890.9, 816969897066714.9, 786083656526443.1, 757493298129178.0, 729878550029687.2, 745311981054996.5, 681124803802308.0, 684825372878575.8, 703489252285212.5, 726517785872001.8, 720286783448553.6, 756652564079125.2, 765974098612502.8, 780088144525490.8, 783499941268427.9, 818787063414782.2, 858383662097126.8, 776627631782487.6, 787664971920613.2, 720694137671149.6, 727098649471663.9, 718732910034282.2], [658352103110630.9, 688226093639512.9, 720388935397948.8, 755450493112998.4, 785759764727276.0, 814905489365167.1, 783173724415637.2, 757778523360887.2, 764829377051075.9, 641657260732219.4, 646718371357469.6, 661915151300493.0, 687923243543709.5, 682509017973423.8, 723853419705503.4, 710667100961598.1, 759834512384197.9, 750897538285664.8, 791024250338655.6, 776627631782487.6, 856094360369423.9, 815421776245786.4, 746206559716748.0, 751276126607006.4, 753741684565100.5], [674522029550105.9, 702541546309330.5, 737015374125686.4, 762177119653484.6, 784733191684518.4, 814503396921718.5, 783896049131384.6, 757229500607848.1, 767701680890609.4, 659568309515114.5, 661890218469019.4, 678451943180062.2, 695520306804542.8, 700469158520845.2, 749706436517211.4, 727793904100186.1, 768094890450161.0, 753040194594669.4, 770980812217145.0, 787664971920613.2, 815421776245786.4, 854999093348003.6, 745900466726659.9, 756309013761167.8, 746748335689853.6], [612547905943541.9, 628466872148069.1, 651481652975463.1, 682415585358329.9, 719408911489755.6, 748866937798970.9, 781278117018628.8, 815325732201343.8, 767020519561245.5, 602986324385464.4, 598055324857186.5, 622543574763536.2, 626680419894633.9, 620795802812863.9, 656157714095940.0, 636393216612888.0, 676395432015036.0, 680510819249164.0, 721350278434198.2, 720694137671149.6, 746206559716748.0, 745900466726659.9, 852913120147734.8, 809567714423597.9, 805323748618581.6], [614606451646682.5, 633572191469515.0, 657815688595786.9, 689876908718033.4, 726024258721273.5, 754854591862550.0, 781519218076575.8, 815794656441492.4, 762858148295775.5, 602775701133329.4, 600513464109921.5, 624337932051474.4, 629840929472445.4, 629424028067605.2, 663053107838235.6, 642336641709054.9, 679923621093363.9, 693051623997669.4, 727497914622398.8, 727098649471663.9, 751276126607006.4, 756309013761167.8, 809567714423597.9, 853786282630719.4, 805865862437112.5], [597640953665670.4, 616830000301389.0, 641291442037295.8, 677731253053355.1, 716446667686471.4, 749733257171000.9, 777430156045816.4, 811390186325572.2, 759581889243155.5, 585766509913647.5, 584133066821372.0, 606496118418384.0, 614316761220570.2, 611306171287636.1, 644196987636052.9, 625655296460480.5, 676039234165699.0, 675072867150302.6, 716335606863429.4, 718732910034282.2, 753741684565100.5, 746748335689853.6, 805323748618581.6, 805865862437112.5, 844707265765195.8], [7634753001620.923, 10678925412039.31, 8605535664602.826, 6229210868412.275, 7283038533608.431, 7093996446327.076, -4264113828097.3228, 7027263896032.124, -23223182634126.74, 7619472567417.599, 5512377751905.978, 7520118998855.491, 12152863620914.312, 13143526820354.57, 6543829255206.016, 10500665414697.137, 4748770353208.5625, 4543904860502.293, 6051002676732.618, 9573914076225.002, 11955836554417.865, 10629262972972.744, 8208127117596.653, 11328039368647.191, 10439755917659.123]]}}