{"resp_b": 0.1, "restrained_fit": true, "exclude_hydrogens": true, "convergence_tolerance": 1e-06, "max_iter": 500, "resp_a": 0.0005, "charge_constraints": {"charge_sum_constraints": [], "charge_equivalence_constraints": [], "molecules": [{"qcmol": {"schema_name": "qcschema_molecule", "schema_version": 2, "validated": true, "symbols": ["C", "C", "C", "C", "C", "C", "C", "C", "O", "H", "H", "H", "H", "H", "H", "H", "H", "H", "H", "H", "H", "H", "H", "H", "H"], "geometry": [[0.0, 0.0, 0.0], [2.8908624759378707, -1.9645474252530986e-16, -1.0348594453174519e-16], [4.094479081984712, 2.6351208236631996, 4.440892098500626e-16], [3.617937309449367, 4.177852903798503, -2.4007953080327473], [4.989898971028642, 6.722330303750788, -2.3791418812342946], [4.48934112825437, 8.281149725735272, -4.778247438031677], [5.839521322649297, 10.810305069931264, -4.657580668509094], [8.362277743839135, 11.021851680497928, -5.985250114052279], [4.94952200466091, 12.545148750326604, -3.524379277844859], [-0.7692558626139165, 0.8214409528559151, -1.7137792046354023], [-0.7372140509047344, 1.0675380323433912, 1.5917490589923151], [-0.7269306298650343, -1.913046165953829, 0.14314798246641292], [3.5746416544302777, -1.0594379640242184, -1.624399718622585], [3.5494070601738277, -1.013107654945831, 1.6614343536363676], [3.416295743112336, 3.6899019610200448, 1.6308094244708047], [6.1238702212214005, 2.4250328999610034, 0.2564473115074274], [1.6057402275740829, 4.511592775161283, -2.6374718987615466], [4.224238017822401, 3.0898502058524393, -4.038944179439757], [7.010932289747798, 6.403379598887913, -2.168171961722158], [4.39482764310774, 7.8208752701520545, -0.7514005005147282], [5.085730108715982, 7.224962647491493, -6.4347869446109485], [2.4817893816389587, 8.65578977037633, -4.94657670931713], [8.083829912796176, 10.895703144450694, -8.016253044640452], [9.602023807261286, 9.47728027627466, -5.447333460698731], [9.242521242360583, 12.808982798293764, -5.532407431460799]], "name": "C8H16O", "identifiers": {"molecule_hash": "87f3ec2cfc75682d263ebe37761f68e21605b14d", "molecular_formula": "C8H16O"}, "molecular_charge": 0.0, "molecular_multiplicity": 1, "connectivity": [[0, 1, 1.0], [0, 9, 1.0], [0, 10, 1.0], [0, 11, 1.0], [1, 2, 1.0], [1, 12, 1.0], [1, 13, 1.0], [2, 3, 1.0], [2, 14, 1.0], [2, 15, 1.0], [3, 4, 1.0], [3, 16, 1.0], [3, 17, 1.0], [4, 5, 1.0], [4, 18, 1.0], [4, 19, 1.0], [5, 6, 1.0], [5, 20, 1.0], [5, 21, 1.0], [6, 7, 1.0], [6, 8, 2.0], [7, 22, 1.0], [7, 23, 1.0], [7, 24, 1.0]], "fix_com": true, "fix_orientation": true, "provenance": {"creator": "QCElemental", "version": "v0.22.0", "routine": "qcelemental.molparse.from_schema"}, "id": "164685"}, "charge": 0, "optimize_geometry": false, "conformers": [], "conformer_generation_options": {"n_conformer_pool": 4000, "n_max_conformers": 0, "rms_tolerance": 0.05, "energy_window": 15, "keep_original_conformer": true}, "stage_1_unrestrained_charges": null, "stage_1_restrained_charges": null, "stage_2_unrestrained_charges": null, "stage_2_restrained_charges": null, "keep_original_orientation": false, "reorientations": [], "translations": [], "rotations": []}], "unconstrained_atoms": [{"index": 0, "molecule": {"qcmol": {"schema_name": "qcschema_molecule", "schema_version": 2, "validated": true, "symbols": ["C", "C", "C", "C", "C", "C", "C", "C", "O", "H", "H", "H", "H", "H", "H", "H", "H", "H", "H", "H", "H", "H", "H", "H", "H"], "geometry": [[0.0, 0.0, 0.0], [2.8908624759378707, -1.9645474252530986e-16, -1.0348594453174519e-16], [4.094479081984712, 2.6351208236631996, 4.440892098500626e-16], [3.617937309449367, 4.177852903798503, -2.4007953080327473], [4.989898971028642, 6.722330303750788, -2.3791418812342946], [4.48934112825437, 8.281149725735272, -4.778247438031677], [5.839521322649297, 10.810305069931264, -4.657580668509094], [8.362277743839135, 11.021851680497928, -5.985250114052279], [4.94952200466091, 12.545148750326604, -3.524379277844859], [-0.7692558626139165, 0.8214409528559151, -1.7137792046354023], [-0.7372140509047344, 1.0675380323433912, 1.5917490589923151], [-0.7269306298650343, -1.913046165953829, 0.14314798246641292], [3.5746416544302777, -1.0594379640242184, -1.624399718622585], [3.5494070601738277, -1.013107654945831, 1.6614343536363676], [3.416295743112336, 3.6899019610200448, 1.6308094244708047], [6.1238702212214005, 2.4250328999610034, 0.2564473115074274], [1.6057402275740829, 4.511592775161283, -2.6374718987615466], [4.224238017822401, 3.0898502058524393, -4.038944179439757], [7.010932289747798, 6.403379598887913, -2.168171961722158], [4.39482764310774, 7.8208752701520545, -0.7514005005147282], [5.085730108715982, 7.224962647491493, -6.4347869446109485], [2.4817893816389587, 8.65578977037633, -4.94657670931713], [8.083829912796176, 10.895703144450694, -8.016253044640452], [9.602023807261286, 9.47728027627466, -5.447333460698731], [9.242521242360583, 12.808982798293764, -5.532407431460799]], "name": "C8H16O", "identifiers": {"molecule_hash": "87f3ec2cfc75682d263ebe37761f68e21605b14d", "molecular_formula": "C8H16O"}, "molecular_charge": 0.0, "molecular_multiplicity": 1, "connectivity": [[0, 1, 1.0], [0, 9, 1.0], [0, 10, 1.0], [0, 11, 1.0], [1, 2, 1.0], [1, 12, 1.0], [1, 13, 1.0], [2, 3, 1.0], [2, 14, 1.0], [2, 15, 1.0], [3, 4, 1.0], [3, 16, 1.0], [3, 17, 1.0], [4, 5, 1.0], [4, 18, 1.0], [4, 19, 1.0], [5, 6, 1.0], [5, 20, 1.0], [5, 21, 1.0], [6, 7, 1.0], [6, 8, 2.0], [7, 22, 1.0], [7, 23, 1.0], [7, 24, 1.0]], "fix_com": true, "fix_orientation": true, "provenance": {"creator": "QCElemental", "version": "v0.22.0", "routine": "qcelemental.molparse.from_schema"}, "id": "164685"}, "charge": 0, "optimize_geometry": false, "conformers": [], "conformer_generation_options": {"n_conformer_pool": 4000, "n_max_conformers": 0, "rms_tolerance": 0.05, "energy_window": 15, "keep_original_conformer": true}, "stage_1_unrestrained_charges": null, "stage_1_restrained_charges": null, "stage_2_unrestrained_charges": null, "stage_2_restrained_charges": null, "keep_original_orientation": false, "reorientations": [], "translations": [], "rotations": []}}, {"index": 1, "molecule": {"qcmol": {"schema_name": "qcschema_molecule", "schema_version": 2, "validated": true, "symbols": ["C", "C", "C", "C", "C", "C", "C", "C", "O", "H", "H", "H", "H", "H", "H", "H", "H", "H", "H", "H", "H", "H", "H", "H", "H"], "geometry": [[0.0, 0.0, 0.0], [2.8908624759378707, -1.9645474252530986e-16, -1.0348594453174519e-16], [4.094479081984712, 2.6351208236631996, 4.440892098500626e-16], [3.617937309449367, 4.177852903798503, -2.4007953080327473], [4.989898971028642, 6.722330303750788, -2.3791418812342946], [4.48934112825437, 8.281149725735272, -4.778247438031677], [5.839521322649297, 10.810305069931264, -4.657580668509094], [8.362277743839135, 11.021851680497928, -5.985250114052279], [4.94952200466091, 12.545148750326604, -3.524379277844859], [-0.7692558626139165, 0.8214409528559151, -1.7137792046354023], [-0.7372140509047344, 1.0675380323433912, 1.5917490589923151], [-0.7269306298650343, -1.913046165953829, 0.14314798246641292], [3.5746416544302777, -1.0594379640242184, -1.624399718622585], [3.5494070601738277, -1.013107654945831, 1.6614343536363676], [3.416295743112336, 3.6899019610200448, 1.6308094244708047], [6.1238702212214005, 2.4250328999610034, 0.2564473115074274], [1.6057402275740829, 4.511592775161283, -2.6374718987615466], [4.224238017822401, 3.0898502058524393, -4.038944179439757], [7.010932289747798, 6.403379598887913, -2.168171961722158], [4.39482764310774, 7.8208752701520545, -0.7514005005147282], [5.085730108715982, 7.224962647491493, -6.4347869446109485], [2.4817893816389587, 8.65578977037633, -4.94657670931713], [8.083829912796176, 10.895703144450694, -8.016253044640452], [9.602023807261286, 9.47728027627466, -5.447333460698731], [9.242521242360583, 12.808982798293764, -5.532407431460799]], "name": "C8H16O", "identifiers": {"molecule_hash": "87f3ec2cfc75682d263ebe37761f68e21605b14d", "molecular_formula": "C8H16O"}, "molecular_charge": 0.0, "molecular_multiplicity": 1, "connectivity": [[0, 1, 1.0], [0, 9, 1.0], [0, 10, 1.0], [0, 11, 1.0], [1, 2, 1.0], [1, 12, 1.0], [1, 13, 1.0], [2, 3, 1.0], [2, 14, 1.0], [2, 15, 1.0], [3, 4, 1.0], [3, 16, 1.0], [3, 17, 1.0], [4, 5, 1.0], [4, 18, 1.0], [4, 19, 1.0], [5, 6, 1.0], [5, 20, 1.0], [5, 21, 1.0], [6, 7, 1.0], [6, 8, 2.0], [7, 22, 1.0], [7, 23, 1.0], [7, 24, 1.0]], "fix_com": true, "fix_orientation": true, "provenance": {"creator": "QCElemental", "version": "v0.22.0", "routine": "qcelemental.molparse.from_schema"}, "id": "164685"}, "charge": 0, "optimize_geometry": false, "conformers": [], "conformer_generation_options": {"n_conformer_pool": 4000, "n_max_conformers": 0, "rms_tolerance": 0.05, "energy_window": 15, "keep_original_conformer": true}, "stage_1_unrestrained_charges": null, "stage_1_restrained_charges": null, "stage_2_unrestrained_charges": null, "stage_2_restrained_charges": null, "keep_original_orientation": false, "reorientations": [], "translations": [], "rotations": []}}, {"index": 2, "molecule": {"qcmol": {"schema_name": "qcschema_molecule", "schema_version": 2, "validated": true, "symbols": ["C", "C", "C", "C", "C", "C", "C", "C", "O", "H", "H", "H", "H", "H", "H", "H", "H", "H", "H", "H", "H", "H", "H", "H", "H"], "geometry": [[0.0, 0.0, 0.0], [2.8908624759378707, -1.9645474252530986e-16, -1.0348594453174519e-16], [4.094479081984712, 2.6351208236631996, 4.440892098500626e-16], [3.617937309449367, 4.177852903798503, -2.4007953080327473], [4.989898971028642, 6.722330303750788, -2.3791418812342946], [4.48934112825437, 8.281149725735272, -4.778247438031677], [5.839521322649297, 10.810305069931264, -4.657580668509094], [8.362277743839135, 11.021851680497928, -5.985250114052279], [4.94952200466091, 12.545148750326604, -3.524379277844859], [-0.7692558626139165, 0.8214409528559151, -1.7137792046354023], [-0.7372140509047344, 1.0675380323433912, 1.5917490589923151], [-0.7269306298650343, -1.913046165953829, 0.14314798246641292], [3.5746416544302777, -1.0594379640242184, -1.624399718622585], [3.5494070601738277, -1.013107654945831, 1.6614343536363676], [3.416295743112336, 3.6899019610200448, 1.6308094244708047], [6.1238702212214005, 2.4250328999610034, 0.2564473115074274], [1.6057402275740829, 4.511592775161283, -2.6374718987615466], [4.224238017822401, 3.0898502058524393, -4.038944179439757], [7.010932289747798, 6.403379598887913, -2.168171961722158], [4.39482764310774, 7.8208752701520545, -0.7514005005147282], [5.085730108715982, 7.224962647491493, -6.4347869446109485], [2.4817893816389587, 8.65578977037633, -4.94657670931713], [8.083829912796176, 10.895703144450694, -8.016253044640452], [9.602023807261286, 9.47728027627466, -5.447333460698731], [9.242521242360583, 12.808982798293764, -5.532407431460799]], "name": "C8H16O", "identifiers": {"molecule_hash": "87f3ec2cfc75682d263ebe37761f68e21605b14d", "molecular_formula": "C8H16O"}, "molecular_charge": 0.0, "molecular_multiplicity": 1, "connectivity": [[0, 1, 1.0], [0, 9, 1.0], [0, 10, 1.0], [0, 11, 1.0], [1, 2, 1.0], [1, 12, 1.0], [1, 13, 1.0], [2, 3, 1.0], [2, 14, 1.0], [2, 15, 1.0], [3, 4, 1.0], [3, 16, 1.0], [3, 17, 1.0], [4, 5, 1.0], [4, 18, 1.0], [4, 19, 1.0], [5, 6, 1.0], [5, 20, 1.0], [5, 21, 1.0], [6, 7, 1.0], [6, 8, 2.0], [7, 22, 1.0], [7, 23, 1.0], [7, 24, 1.0]], "fix_com": true, "fix_orientation": true, "provenance": {"creator": "QCElemental", "version": "v0.22.0", "routine": "qcelemental.molparse.from_schema"}, "id": "164685"}, "charge": 0, "optimize_geometry": false, "conformers": [], "conformer_generation_options": {"n_conformer_pool": 4000, "n_max_conformers": 0, "rms_tolerance": 0.05, "energy_window": 15, "keep_original_conformer": true}, "stage_1_unrestrained_charges": null, "stage_1_restrained_charges": null, "stage_2_unrestrained_charges": null, "stage_2_restrained_charges": null, "keep_original_orientation": false, "reorientations": [], "translations": [], "rotations": []}}, {"index": 3, "molecule": {"qcmol": {"schema_name": "qcschema_molecule", "schema_version": 2, "validated": true, "symbols": ["C", "C", "C", "C", "C", "C", "C", "C", "O", "H", "H", "H", "H", "H", "H", "H", "H", "H", "H", "H", "H", "H", "H", "H", "H"], "geometry": [[0.0, 0.0, 0.0], [2.8908624759378707, -1.9645474252530986e-16, -1.0348594453174519e-16], [4.094479081984712, 2.6351208236631996, 4.440892098500626e-16], [3.617937309449367, 4.177852903798503, -2.4007953080327473], [4.989898971028642, 6.722330303750788, -2.3791418812342946], [4.48934112825437, 8.281149725735272, -4.778247438031677], [5.839521322649297, 10.810305069931264, -4.657580668509094], [8.362277743839135, 11.021851680497928, -5.985250114052279], [4.94952200466091, 12.545148750326604, -3.524379277844859], [-0.7692558626139165, 0.8214409528559151, -1.7137792046354023], [-0.7372140509047344, 1.0675380323433912, 1.5917490589923151], [-0.7269306298650343, -1.913046165953829, 0.14314798246641292], [3.5746416544302777, -1.0594379640242184, -1.624399718622585], [3.5494070601738277, -1.013107654945831, 1.6614343536363676], [3.416295743112336, 3.6899019610200448, 1.6308094244708047], [6.1238702212214005, 2.4250328999610034, 0.2564473115074274], [1.6057402275740829, 4.511592775161283, -2.6374718987615466], [4.224238017822401, 3.0898502058524393, -4.038944179439757], [7.010932289747798, 6.403379598887913, -2.168171961722158], [4.39482764310774, 7.8208752701520545, -0.7514005005147282], [5.085730108715982, 7.224962647491493, -6.4347869446109485], [2.4817893816389587, 8.65578977037633, -4.94657670931713], [8.083829912796176, 10.895703144450694, -8.016253044640452], [9.602023807261286, 9.47728027627466, -5.447333460698731], [9.242521242360583, 12.808982798293764, -5.532407431460799]], "name": "C8H16O", "identifiers": {"molecule_hash": "87f3ec2cfc75682d263ebe37761f68e21605b14d", "molecular_formula": "C8H16O"}, "molecular_charge": 0.0, "molecular_multiplicity": 1, "connectivity": [[0, 1, 1.0], [0, 9, 1.0], [0, 10, 1.0], [0, 11, 1.0], [1, 2, 1.0], [1, 12, 1.0], [1, 13, 1.0], [2, 3, 1.0], [2, 14, 1.0], [2, 15, 1.0], [3, 4, 1.0], [3, 16, 1.0], [3, 17, 1.0], [4, 5, 1.0], [4, 18, 1.0], [4, 19, 1.0], [5, 6, 1.0], [5, 20, 1.0], [5, 21, 1.0], [6, 7, 1.0], [6, 8, 2.0], [7, 22, 1.0], [7, 23, 1.0], [7, 24, 1.0]], "fix_com": true, "fix_orientation": true, "provenance": {"creator": "QCElemental", "version": "v0.22.0", "routine": "qcelemental.molparse.from_schema"}, "id": "164685"}, "charge": 0, "optimize_geometry": false, "conformers": [], "conformer_generation_options": {"n_conformer_pool": 4000, "n_max_conformers": 0, "rms_tolerance": 0.05, "energy_window": 15, "keep_original_conformer": true}, "stage_1_unrestrained_charges": null, "stage_1_restrained_charges": null, "stage_2_unrestrained_charges": null, "stage_2_restrained_charges": null, "keep_original_orientation": false, "reorientations": [], "translations": [], "rotations": []}}, {"index": 4, "molecule": {"qcmol": {"schema_name": "qcschema_molecule", "schema_version": 2, "validated": true, "symbols": ["C", "C", "C", "C", "C", "C", "C", "C", "O", "H", "H", "H", "H", "H", "H", "H", "H", "H", "H", "H", "H", "H", "H", "H", "H"], "geometry": [[0.0, 0.0, 0.0], [2.8908624759378707, -1.9645474252530986e-16, -1.0348594453174519e-16], [4.094479081984712, 2.6351208236631996, 4.440892098500626e-16], [3.617937309449367, 4.177852903798503, -2.4007953080327473], [4.989898971028642, 6.722330303750788, -2.3791418812342946], [4.48934112825437, 8.281149725735272, -4.778247438031677], [5.839521322649297, 10.810305069931264, -4.657580668509094], [8.362277743839135, 11.021851680497928, -5.985250114052279], [4.94952200466091, 12.545148750326604, -3.524379277844859], [-0.7692558626139165, 0.8214409528559151, -1.7137792046354023], [-0.7372140509047344, 1.0675380323433912, 1.5917490589923151], [-0.7269306298650343, -1.913046165953829, 0.14314798246641292], [3.5746416544302777, -1.0594379640242184, -1.624399718622585], [3.5494070601738277, -1.013107654945831, 1.6614343536363676], [3.416295743112336, 3.6899019610200448, 1.6308094244708047], [6.1238702212214005, 2.4250328999610034, 0.2564473115074274], [1.6057402275740829, 4.511592775161283, -2.6374718987615466], [4.224238017822401, 3.0898502058524393, -4.038944179439757], [7.010932289747798, 6.403379598887913, -2.168171961722158], [4.39482764310774, 7.8208752701520545, -0.7514005005147282], [5.085730108715982, 7.224962647491493, -6.4347869446109485], [2.4817893816389587, 8.65578977037633, -4.94657670931713], [8.083829912796176, 10.895703144450694, -8.016253044640452], [9.602023807261286, 9.47728027627466, -5.447333460698731], [9.242521242360583, 12.808982798293764, -5.532407431460799]], "name": "C8H16O", "identifiers": {"molecule_hash": "87f3ec2cfc75682d263ebe37761f68e21605b14d", "molecular_formula": "C8H16O"}, "molecular_charge": 0.0, "molecular_multiplicity": 1, "connectivity": [[0, 1, 1.0], [0, 9, 1.0], [0, 10, 1.0], [0, 11, 1.0], [1, 2, 1.0], [1, 12, 1.0], [1, 13, 1.0], [2, 3, 1.0], [2, 14, 1.0], [2, 15, 1.0], [3, 4, 1.0], [3, 16, 1.0], [3, 17, 1.0], [4, 5, 1.0], [4, 18, 1.0], [4, 19, 1.0], [5, 6, 1.0], [5, 20, 1.0], [5, 21, 1.0], [6, 7, 1.0], [6, 8, 2.0], [7, 22, 1.0], [7, 23, 1.0], [7, 24, 1.0]], "fix_com": true, "fix_orientation": true, "provenance": {"creator": "QCElemental", "version": "v0.22.0", "routine": "qcelemental.molparse.from_schema"}, "id": "164685"}, "charge": 0, "optimize_geometry": false, "conformers": [], "conformer_generation_options": {"n_conformer_pool": 4000, "n_max_conformers": 0, "rms_tolerance": 0.05, "energy_window": 15, "keep_original_conformer": true}, "stage_1_unrestrained_charges": null, "stage_1_restrained_charges": null, "stage_2_unrestrained_charges": null, "stage_2_restrained_charges": null, "keep_original_orientation": false, "reorientations": [], "translations": [], "rotations": []}}, {"index": 5, "molecule": {"qcmol": {"schema_name": "qcschema_molecule", "schema_version": 2, "validated": true, "symbols": ["C", "C", "C", "C", "C", "C", "C", "C", "O", "H", "H", "H", "H", "H", "H", "H", "H", "H", "H", "H", "H", "H", "H", "H", "H"], "geometry": [[0.0, 0.0, 0.0], [2.8908624759378707, -1.9645474252530986e-16, -1.0348594453174519e-16], [4.094479081984712, 2.6351208236631996, 4.440892098500626e-16], [3.617937309449367, 4.177852903798503, -2.4007953080327473], [4.989898971028642, 6.722330303750788, -2.3791418812342946], [4.48934112825437, 8.281149725735272, -4.778247438031677], [5.839521322649297, 10.810305069931264, -4.657580668509094], [8.362277743839135, 11.021851680497928, -5.985250114052279], [4.94952200466091, 12.545148750326604, -3.524379277844859], [-0.7692558626139165, 0.8214409528559151, -1.7137792046354023], [-0.7372140509047344, 1.0675380323433912, 1.5917490589923151], [-0.7269306298650343, -1.913046165953829, 0.14314798246641292], [3.5746416544302777, -1.0594379640242184, -1.624399718622585], [3.5494070601738277, -1.013107654945831, 1.6614343536363676], [3.416295743112336, 3.6899019610200448, 1.6308094244708047], [6.1238702212214005, 2.4250328999610034, 0.2564473115074274], [1.6057402275740829, 4.511592775161283, -2.6374718987615466], [4.224238017822401, 3.0898502058524393, -4.038944179439757], [7.010932289747798, 6.403379598887913, -2.168171961722158], [4.39482764310774, 7.8208752701520545, -0.7514005005147282], [5.085730108715982, 7.224962647491493, -6.4347869446109485], [2.4817893816389587, 8.65578977037633, -4.94657670931713], [8.083829912796176, 10.895703144450694, -8.016253044640452], [9.602023807261286, 9.47728027627466, -5.447333460698731], [9.242521242360583, 12.808982798293764, -5.532407431460799]], "name": "C8H16O", "identifiers": {"molecule_hash": "87f3ec2cfc75682d263ebe37761f68e21605b14d", "molecular_formula": "C8H16O"}, "molecular_charge": 0.0, "molecular_multiplicity": 1, "connectivity": [[0, 1, 1.0], [0, 9, 1.0], [0, 10, 1.0], [0, 11, 1.0], [1, 2, 1.0], [1, 12, 1.0], [1, 13, 1.0], [2, 3, 1.0], [2, 14, 1.0], [2, 15, 1.0], [3, 4, 1.0], [3, 16, 1.0], [3, 17, 1.0], [4, 5, 1.0], [4, 18, 1.0], [4, 19, 1.0], [5, 6, 1.0], [5, 20, 1.0], [5, 21, 1.0], [6, 7, 1.0], [6, 8, 2.0], [7, 22, 1.0], [7, 23, 1.0], [7, 24, 1.0]], "fix_com": true, "fix_orientation": true, "provenance": {"creator": "QCElemental", "version": "v0.22.0", "routine": "qcelemental.molparse.from_schema"}, "id": "164685"}, "charge": 0, "optimize_geometry": false, "conformers": [], "conformer_generation_options": {"n_conformer_pool": 4000, "n_max_conformers": 0, "rms_tolerance": 0.05, "energy_window": 15, "keep_original_conformer": true}, "stage_1_unrestrained_charges": null, "stage_1_restrained_charges": null, "stage_2_unrestrained_charges": null, "stage_2_restrained_charges": null, "keep_original_orientation": false, "reorientations": [], "translations": [], "rotations": []}}, {"index": 7, "molecule": {"qcmol": {"schema_name": "qcschema_molecule", "schema_version": 2, "validated": true, "symbols": ["C", "C", "C", "C", "C", "C", "C", "C", "O", "H", "H", "H", "H", "H", "H", "H", "H", "H", "H", "H", "H", "H", "H", "H", "H"], "geometry": [[0.0, 0.0, 0.0], [2.8908624759378707, -1.9645474252530986e-16, -1.0348594453174519e-16], [4.094479081984712, 2.6351208236631996, 4.440892098500626e-16], [3.617937309449367, 4.177852903798503, -2.4007953080327473], [4.989898971028642, 6.722330303750788, -2.3791418812342946], [4.48934112825437, 8.281149725735272, -4.778247438031677], [5.839521322649297, 10.810305069931264, -4.657580668509094], [8.362277743839135, 11.021851680497928, -5.985250114052279], [4.94952200466091, 12.545148750326604, -3.524379277844859], [-0.7692558626139165, 0.8214409528559151, -1.7137792046354023], [-0.7372140509047344, 1.0675380323433912, 1.5917490589923151], [-0.7269306298650343, -1.913046165953829, 0.14314798246641292], [3.5746416544302777, -1.0594379640242184, -1.624399718622585], [3.5494070601738277, -1.013107654945831, 1.6614343536363676], [3.416295743112336, 3.6899019610200448, 1.6308094244708047], [6.1238702212214005, 2.4250328999610034, 0.2564473115074274], [1.6057402275740829, 4.511592775161283, -2.6374718987615466], [4.224238017822401, 3.0898502058524393, -4.038944179439757], [7.010932289747798, 6.403379598887913, -2.168171961722158], [4.39482764310774, 7.8208752701520545, -0.7514005005147282], [5.085730108715982, 7.224962647491493, -6.4347869446109485], [2.4817893816389587, 8.65578977037633, -4.94657670931713], [8.083829912796176, 10.895703144450694, -8.016253044640452], [9.602023807261286, 9.47728027627466, -5.447333460698731], [9.242521242360583, 12.808982798293764, -5.532407431460799]], "name": "C8H16O", "identifiers": {"molecule_hash": "87f3ec2cfc75682d263ebe37761f68e21605b14d", "molecular_formula": "C8H16O"}, "molecular_charge": 0.0, "molecular_multiplicity": 1, "connectivity": [[0, 1, 1.0], [0, 9, 1.0], [0, 10, 1.0], [0, 11, 1.0], [1, 2, 1.0], [1, 12, 1.0], [1, 13, 1.0], [2, 3, 1.0], [2, 14, 1.0], [2, 15, 1.0], [3, 4, 1.0], [3, 16, 1.0], [3, 17, 1.0], [4, 5, 1.0], [4, 18, 1.0], [4, 19, 1.0], [5, 6, 1.0], [5, 20, 1.0], [5, 21, 1.0], [6, 7, 1.0], [6, 8, 2.0], [7, 22, 1.0], [7, 23, 1.0], [7, 24, 1.0]], "fix_com": true, "fix_orientation": true, "provenance": {"creator": "QCElemental", "version": "v0.22.0", "routine": "qcelemental.molparse.from_schema"}, "id": "164685"}, "charge": 0, "optimize_geometry": false, "conformers": [], "conformer_generation_options": {"n_conformer_pool": 4000, "n_max_conformers": 0, "rms_tolerance": 0.05, "energy_window": 15, "keep_original_conformer": true}, "stage_1_unrestrained_charges": null, "stage_1_restrained_charges": null, "stage_2_unrestrained_charges": null, "stage_2_restrained_charges": null, "keep_original_orientation": false, "reorientations": [], "translations": [], "rotations": []}}]}, "surface_constraints": {"matrix": [[4792.526036830943, 4646.598276507857, 4484.103581007276, 4376.456992794284, 4178.6394829305, 3987.1281314697026, 3826.9996678868515, 3662.549140997089, 3779.93876941983, 4817.388962261731, 4819.215320606196, 4831.103156075984, 4638.011314676681, 4626.330731124979, 4482.086273560336, 4411.547372628706, 4407.336275155367, 4391.588479493012, 4179.795252839544, 4152.649274149327, 3915.9575006828854, 4012.1385364612224, 3643.5101694566297, 3655.7534340850566, 3554.841341327605], [4646.598276507857, 4745.660357447357, 4637.442551505627, 4485.728182220457, 4329.404768464065, 4141.810970979331, 3939.2110945704057, 3770.6041878375404, 3867.795198963154, 4611.059536514937, 4609.283152518707, 4618.59676837438, 4810.87497869647, 4798.324371887678, 4644.542746248579, 4631.986809551861, 4471.74502369215, 4478.38935671423, 4332.058445993924, 4326.9736967863555, 4093.6511805491955, 4178.801485574232, 3738.1972635254583, 3768.5630121382496, 3668.979409585308], [4484.103581007276, 4637.442551505627, 4754.624394779262, 4654.959921295644, 4506.928889687442, 4332.889525626832, 4122.449563288955, 3921.19608635047, 4068.6030598814627, 4391.333636475534, 4462.439153809391, 4464.299159471303, 4635.858031653326, 4626.234092263498, 4827.06556655824, 4817.858927938097, 4657.680105453104, 4659.936222314012, 4480.12837794394, 4525.995536419074, 4284.958891800636, 4383.854846272746, 3875.0911683686336, 3912.7655051306233, 3814.478251905627], [4376.456992794284, 4485.728182220457, 4654.959921295644, 4777.553261450129, 4674.913476783429, 4517.5143152796345, 4331.3221452272655, 4121.286140358298, 4294.173454908292, 4278.089415387421, 4348.088558933357, 4402.457840805341, 4476.611758030218, 4410.423175987723, 4659.875886999713, 4652.655856813378, 4849.336740855673, 4851.068134944904, 4680.3574620972595, 4678.979745310504, 4493.5087594236065, 4533.519681958908, 4059.0899010184107, 4103.469697282447, 4031.2266493028483], [4178.6394829305, 4329.404768464065, 4506.928889687442, 4674.913476783429, 4787.094883397064, 4672.042228050859, 4514.206061923942, 4335.973096444029, 4460.529402195808, 4076.1301214744726, 4118.3861278527465, 4210.858368807479, 4328.51573573184, 4278.372455726356, 4492.612567817616, 4498.865872250595, 4679.905264322558, 4682.244540719779, 4859.895217545688, 4859.43376331527, 4673.79230518761, 4667.686077074315, 4279.130101368709, 4318.478069461387, 4261.510389425678], [3987.1281314697026, 4141.810970979331, 4332.889525626832, 4517.5143152796345, 4672.042228050859, 4776.6955400660645, 4656.026695886788, 4510.616499175038, 4591.558422806696, 3893.5184080396843, 3919.0230782311523, 4017.4989928066634, 4123.474269609739, 4105.437154761038, 4366.4834038882, 4279.709867171296, 4537.1876750308975, 4495.0322917285175, 4679.00708153371, 4675.718818386023, 4847.154633749819, 4844.762875841595, 4454.349948734239, 4489.964465570447, 4459.502917912568], [3826.9996678868515, 3939.2110945704057, 4122.449563288955, 4331.3221452272655, 4514.206061923942, 4656.026695886788, 4747.054421883619, 4669.138264126506, 4774.664896993957, 3744.116959082749, 3762.1442863064185, 3876.7531966569586, 3912.5958564456155, 3884.3038533584045, 4166.491600246811, 4035.8269492459794, 4335.49627217341, 4327.859027955546, 4533.685342130187, 4505.659751441145, 4658.410430548099, 4662.7068166938825, 4647.1354505988065, 4648.569350089586, 4624.247215211138], [3662.549140997089, 3770.6041878375404, 3921.19608635047, 4121.286140358298, 4335.973096444029, 4510.616499175038, 4669.138264126506, 4815.3737366741125, 4594.249425979602, 3593.234538531204, 3582.4641702849735, 3718.3274651118813, 3752.396873357011, 3731.956261933183, 3950.2218033949243, 3830.219568904551, 4093.5153096738945, 4119.14371504712, 4344.832606605582, 4341.404518318904, 4507.356554579956, 4504.0914371449735, 4849.654863201113, 4852.443832832606, 4826.245666889874], [3779.93876941983, 3867.795198963154, 4068.6030598814627, 4294.173454908292, 4460.529402195808, 4591.558422806696, 4774.664896993957, 4594.249425979602, 4970.411518919379, 3695.295662207784, 3735.4158430754114, 3829.8378918625194, 3828.9801724465547, 3791.696700375171, 4130.440807270849, 3968.013193818314, 4313.614098762173, 4305.207554098226, 4493.010448513931, 4433.203358904438, 4549.296382681995, 4566.380628787803, 4562.329468418809, 4537.5714794462665, 4518.083429358329], [4817.388962261731, 4611.059536514937, 4391.333636475534, 4278.089415387421, 4076.1301214744726, 3893.5184080396843, 3744.116959082749, 3593.234538531204, 3695.295662207784, 5024.906656263535, 4775.640607293728, 4792.092936740921, 4632.798286609271, 4562.588735418658, 4368.701350719068, 4305.22225879316, 4314.446019398351, 4286.7300099420345, 4066.5699849879884, 4051.4116388551233, 3816.6545932407175, 3923.1920635506694, 3586.636966810178, 3585.382878927403, 3484.2109366186187], [4819.215320606196, 4609.283152518707, 4462.439153809391, 4348.088558933357, 4118.3861278527465, 3919.0230782311523, 3762.1442863064185, 3582.4641702849735, 3735.4158430754114, 4775.640607293728, 5034.417936984931, 4792.958891868536, 4568.264152125041, 4557.274441043016, 4483.682836738185, 4381.708976338839, 4388.298341115979, 4375.852576559809, 4121.945985085193, 4073.4225152815175, 3846.758165497564, 3937.0025171345274, 3557.3060802019445, 3571.9262943714766, 3474.494224356031], [4831.103156075984, 4618.59676837438, 4464.299159471303, 4402.457840805341, 4210.858368807479, 4017.4989928066634, 3876.7531966569586, 3718.3274651118813, 3829.8378918625194, 4792.092936740921, 4792.958891868536, 5056.272801361811, 4551.359849088983, 4598.856335633996, 4452.642485905027, 4367.421856780058, 4451.731131346822, 4428.032673584184, 4217.762531138085, 4184.43886415459, 3937.1517173658367, 4035.5149370117647, 3702.9664860938606, 3713.6383338600826, 3607.5137950415315], [4638.011314676681, 4810.87497869647, 4635.858031653326, 4476.611758030218, 4328.51573573184, 4123.474269609739, 3912.5958564456155, 3752.396873357011, 3828.9801724465547, 4632.798286609271, 4568.264152125041, 4551.359849088983, 5055.534567113485, 4799.386762912402, 4596.157257271543, 4628.107291791442, 4453.344071351389, 4465.494033020399, 4356.92527147048, 4321.413964360072, 4091.8491348655384, 4137.03782587783, 3727.5705439018043, 3746.3682578013613, 3654.0296748546666], [4626.330731124979, 4798.324371887678, 4626.234092263498, 4410.423175987723, 4278.372455726356, 4105.437154761038, 3884.3038533584045, 3731.956261933183, 3791.696700375171, 4562.588735418658, 4557.274441043016, 4598.856335633996, 4799.386762912402, 5027.68348937951, 4633.278739293105, 4624.411127676237, 4355.705733522235, 4378.439029035191, 4278.561431147396, 4284.352574335644, 4059.6462654185225, 4166.4756376850355, 3692.5694507721587, 3743.889818186105, 3636.123714483284], [4482.086273560336, 4644.542746248579, 4827.06556655824, 4659.875886999713, 4492.612567817616, 4366.4834038882, 4166.491600246811, 3950.2218033949243, 4130.440807270849, 4368.701350719068, 4483.682836738185, 4452.642485905027, 4596.157257271543, 4633.278739293105, 5074.402699564067, 4825.554704668298, 4666.866063111756, 4622.2186271668215, 4423.33748953455, 4500.658231658088, 4305.565814155948, 4459.342269582658, 3902.9045788633475, 3943.917944643147, 3831.7603260354163], [4411.547372628706, 4631.986809551861, 4817.858927938097, 4652.655856813378, 4498.865872250595, 4279.709867171296, 4035.8269492459794, 3830.219568904551, 3968.013193818314, 4305.22225879316, 4381.708976338839, 4367.421856780058, 4628.107291791442, 4624.411127676237, 4825.554704668298, 5056.5986419908495, 4608.562161135954, 4654.754766771678, 4466.37853427271, 4556.104552929368, 4227.1322718421425, 4329.004255284648, 3785.343070338045, 3820.6938925330846, 3721.4724146921712], [4407.336275155367, 4471.74502369215, 4657.680105453104, 4849.336740855673, 4679.905264322558, 4537.1876750308975, 4335.49627217341, 4093.5153096738945, 4313.614098762173, 4314.446019398351, 4388.298341115979, 4451.731131346822, 4453.344071351389, 4355.705733522235, 4666.866063111756, 4608.562161135954, 5091.768177073337, 4864.250734405554, 4662.307483506576, 4640.056738201959, 4519.585144346509, 4568.719020432503, 4023.281524895108, 4044.266674520503, 4021.1623540622318], [4391.588479493012, 4478.38935671423, 4659.936222314012, 4851.068134944904, 4682.244540719779, 4495.0322917285175, 4327.859027955546, 4119.14371504712, 4305.207554098226, 4286.7300099420345, 4375.852576559809, 4428.032673584184, 4465.494033020399, 4378.439029035191, 4622.2186271668215, 4654.754766771678, 4864.250734405554, 5095.329932153391, 4683.953712932576, 4660.35070945288, 4466.426952278371, 4479.172177114154, 4047.760321019855, 4122.353497327302, 4015.414424773601], [4179.795252839544, 4332.058445993924, 4480.12837794394, 4680.3574620972595, 4859.895217545688, 4679.00708153371, 4533.685342130187, 4344.832606605582, 4493.010448513931, 4066.5699849879884, 4121.945985085193, 4217.762531138085, 4356.92527147048, 4278.561431147396, 4423.33748953455, 4466.37853427271, 4662.307483506576, 4683.953712932576, 5103.954815969447, 4870.242536352661, 4705.106113645231, 4585.885552411465, 4290.677133596272, 4327.243100502155, 4260.849354854781], [4152.649274149327, 4326.9736967863555, 4525.995536419074, 4678.979745310504, 4859.43376331527, 4675.718818386023, 4505.659751441145, 4341.404518318904, 4433.203358904438, 4051.4116388551233, 4073.4225152815175, 4184.43886415459, 4321.413964360072, 4284.352574335644, 4500.658231658088, 4556.104552929368, 4640.056738201959, 4660.35070945288, 4870.242536352661, 5105.767724497719, 4619.473630215825, 4685.124592536754, 4286.77483390286, 4324.868757468301, 4275.109633858833], [3915.9575006828854, 4093.6511805491955, 4284.958891800636, 4493.5087594236065, 4673.79230518761, 4847.154633749819, 4658.410430548099, 4507.356554579956, 4549.296382681995, 3816.6545932407175, 3846.758165497564, 3937.1517173658367, 4091.8491348655384, 4059.6462654185225, 4305.565814155948, 4227.1322718421425, 4519.585144346509, 4466.426952278371, 4705.106113645231, 4619.473630215825, 5092.150952486644, 4850.2255923186485, 4438.5254133791395, 4468.678859586716, 4483.345222242112], [4012.1385364612224, 4178.801485574232, 4383.854846272746, 4533.519681958908, 4667.686077074315, 4844.762875841595, 4662.7068166938825, 4504.0914371449735, 4566.380628787803, 3923.1920635506694, 3937.0025171345274, 4035.5149370117647, 4137.03782587783, 4166.4756376850355, 4459.342269582658, 4329.004255284648, 4568.719020432503, 4479.172177114154, 4585.885552411465, 4685.124592536754, 4850.2255923186485, 5085.636040601196, 4436.705370905926, 4498.61580214596, 4441.748624681985], [3643.5101694566297, 3738.1972635254583, 3875.0911683686336, 4059.0899010184107, 4279.130101368709, 4454.349948734239, 4647.1354505988065, 4849.654863201113, 4562.329468418809, 3586.636966810178, 3557.3060802019445, 3702.9664860938606, 3727.5705439018043, 3692.5694507721587, 3902.9045788633475, 3785.343070338045, 4023.281524895108, 4047.760321019855, 4290.677133596272, 4286.77483390286, 4438.5254133791395, 4436.705370905926, 5073.229299816285, 4815.4053748507295, 4790.161940907887], [3655.7534340850566, 3768.5630121382496, 3912.7655051306233, 4103.469697282447, 4318.478069461387, 4489.964465570447, 4648.569350089586, 4852.443832832606, 4537.5714794462665, 3585.382878927403, 3571.9262943714766, 3713.6383338600826, 3746.3682578013613, 3743.889818186105, 3943.917944643147, 3820.6938925330846, 4044.266674520503, 4122.353497327302, 4327.243100502155, 4324.868757468301, 4468.678859586716, 4498.61580214596, 4815.4053748507295, 5078.422436203611, 4793.386228163417], [3554.841341327605, 3668.979409585308, 3814.478251905627, 4031.2266493028483, 4261.510389425678, 4459.502917912568, 4624.247215211138, 4826.245666889874, 4518.083429358329, 3484.2109366186187, 3474.494224356031, 3607.5137950415315, 3654.0296748546666, 3636.123714483284, 3831.7603260354163, 3721.4724146921712, 4021.1623540622318, 4015.414424773601, 4260.849354854781, 4275.109633858833, 4483.345222242112, 4441.748624681985, 4790.161940907887, 4793.386228163417, 5024.419683821882], [39.54901400862489, 52.41761177941322, 43.80869845390886, 32.782826001428205, 36.021274181987785, 33.84167322445908, -19.2095018932738, 33.06571236985869, -108.70797759623422, 39.37488323957133, 30.782189686802308, 39.085529550575785, 58.50612455453809, 62.67804835485944, 35.1096382468864, 52.56981341727907, 26.386901009678688, 25.834575471505158, 30.359657556706107, 46.39944044329885, 55.988804671906884, 49.915465251957784, 38.86503553749164, 53.104016532256864, 48.713165483689494]]}}