{"resp_b": 0.1, "restrained_fit": true, "exclude_hydrogens": true, "convergence_tolerance": 1e-06, "max_iter": 500, "resp_a": 0.0005, "charge_constraints": {"charge_sum_constraints": [], "charge_equivalence_constraints": [], "molecules": [{"qcmol": {"schema_name": "qcschema_molecule", "schema_version": 2, "validated": true, "symbols": ["C", "C", "C", "C", "C", "C", "C", "C", "O", "H", "H", "H", "H", "H", "H", "H", "H", "H", "H", "H", "H", "H", "H", "H", "H"], "geometry": [[0.0, 0.0, 0.0], [2.8908624759378707, -1.9645474252530986e-16, -1.0348594453174519e-16], [4.094479081984712, 2.6351208236631996, 4.440892098500626e-16], [3.617937309449367, 4.177852903798503, -2.4007953080327473], [4.989898971028642, 6.722330303750788, -2.3791418812342946], [4.48934112825437, 8.281149725735272, -4.778247438031677], [5.839521322649297, 10.810305069931264, -4.657580668509094], [8.362277743839135, 11.021851680497928, -5.985250114052279], [4.94952200466091, 12.545148750326604, -3.524379277844859], [-0.7692558626139165, 0.8214409528559151, -1.7137792046354023], [-0.7372140509047344, 1.0675380323433912, 1.5917490589923151], [-0.7269306298650343, -1.913046165953829, 0.14314798246641292], [3.5746416544302777, -1.0594379640242184, -1.624399718622585], [3.5494070601738277, -1.013107654945831, 1.6614343536363676], [3.416295743112336, 3.6899019610200448, 1.6308094244708047], [6.1238702212214005, 2.4250328999610034, 0.2564473115074274], [1.6057402275740829, 4.511592775161283, -2.6374718987615466], [4.224238017822401, 3.0898502058524393, -4.038944179439757], [7.010932289747798, 6.403379598887913, -2.168171961722158], [4.39482764310774, 7.8208752701520545, -0.7514005005147282], [5.085730108715982, 7.224962647491493, -6.4347869446109485], [2.4817893816389587, 8.65578977037633, -4.94657670931713], [8.083829912796176, 10.895703144450694, -8.016253044640452], [9.602023807261286, 9.47728027627466, -5.447333460698731], [9.242521242360583, 12.808982798293764, -5.532407431460799]], "name": "C8H16O", "identifiers": {"molecule_hash": "87f3ec2cfc75682d263ebe37761f68e21605b14d", "molecular_formula": "C8H16O"}, "molecular_charge": 0.0, "molecular_multiplicity": 1, "connectivity": [[0, 1, 1.0], [0, 9, 1.0], [0, 10, 1.0], [0, 11, 1.0], [1, 2, 1.0], [1, 12, 1.0], [1, 13, 1.0], [2, 3, 1.0], [2, 14, 1.0], [2, 15, 1.0], [3, 4, 1.0], [3, 16, 1.0], [3, 17, 1.0], [4, 5, 1.0], [4, 18, 1.0], [4, 19, 1.0], [5, 6, 1.0], [5, 20, 1.0], [5, 21, 1.0], [6, 7, 1.0], [6, 8, 2.0], [7, 22, 1.0], [7, 23, 1.0], [7, 24, 1.0]], "fix_com": true, "fix_orientation": true, "provenance": {"creator": "QCElemental", "version": "v0.22.0", "routine": "qcelemental.molparse.from_schema"}, "id": "164685"}, "charge": 0, "optimize_geometry": false, "conformers": [], "conformer_generation_options": {"n_conformer_pool": 4000, "n_max_conformers": 0, "rms_tolerance": 0.05, "energy_window": 15, "keep_original_conformer": true}, "stage_1_unrestrained_charges": null, "stage_1_restrained_charges": null, "stage_2_unrestrained_charges": null, "stage_2_restrained_charges": null, "keep_original_orientation": false, "reorientations": [], "translations": [], "rotations": []}], "unconstrained_atoms": [{"index": 0, "molecule": {"qcmol": {"schema_name": "qcschema_molecule", "schema_version": 2, "validated": true, "symbols": ["C", "C", "C", "C", "C", "C", "C", "C", "O", "H", "H", "H", "H", "H", "H", "H", "H", "H", "H", "H", "H", "H", "H", "H", "H"], "geometry": [[0.0, 0.0, 0.0], [2.8908624759378707, -1.9645474252530986e-16, -1.0348594453174519e-16], [4.094479081984712, 2.6351208236631996, 4.440892098500626e-16], [3.617937309449367, 4.177852903798503, -2.4007953080327473], [4.989898971028642, 6.722330303750788, -2.3791418812342946], [4.48934112825437, 8.281149725735272, -4.778247438031677], [5.839521322649297, 10.810305069931264, -4.657580668509094], [8.362277743839135, 11.021851680497928, -5.985250114052279], [4.94952200466091, 12.545148750326604, -3.524379277844859], [-0.7692558626139165, 0.8214409528559151, -1.7137792046354023], [-0.7372140509047344, 1.0675380323433912, 1.5917490589923151], [-0.7269306298650343, -1.913046165953829, 0.14314798246641292], [3.5746416544302777, -1.0594379640242184, -1.624399718622585], [3.5494070601738277, -1.013107654945831, 1.6614343536363676], [3.416295743112336, 3.6899019610200448, 1.6308094244708047], [6.1238702212214005, 2.4250328999610034, 0.2564473115074274], [1.6057402275740829, 4.511592775161283, -2.6374718987615466], [4.224238017822401, 3.0898502058524393, -4.038944179439757], [7.010932289747798, 6.403379598887913, -2.168171961722158], [4.39482764310774, 7.8208752701520545, -0.7514005005147282], [5.085730108715982, 7.224962647491493, -6.4347869446109485], [2.4817893816389587, 8.65578977037633, -4.94657670931713], [8.083829912796176, 10.895703144450694, -8.016253044640452], [9.602023807261286, 9.47728027627466, -5.447333460698731], [9.242521242360583, 12.808982798293764, -5.532407431460799]], "name": "C8H16O", "identifiers": {"molecule_hash": "87f3ec2cfc75682d263ebe37761f68e21605b14d", "molecular_formula": "C8H16O"}, "molecular_charge": 0.0, "molecular_multiplicity": 1, "connectivity": [[0, 1, 1.0], [0, 9, 1.0], [0, 10, 1.0], [0, 11, 1.0], [1, 2, 1.0], [1, 12, 1.0], [1, 13, 1.0], [2, 3, 1.0], [2, 14, 1.0], [2, 15, 1.0], [3, 4, 1.0], [3, 16, 1.0], [3, 17, 1.0], [4, 5, 1.0], [4, 18, 1.0], [4, 19, 1.0], [5, 6, 1.0], [5, 20, 1.0], [5, 21, 1.0], [6, 7, 1.0], [6, 8, 2.0], [7, 22, 1.0], [7, 23, 1.0], [7, 24, 1.0]], "fix_com": true, "fix_orientation": true, "provenance": {"creator": "QCElemental", "version": "v0.22.0", "routine": "qcelemental.molparse.from_schema"}, "id": "164685"}, "charge": 0, "optimize_geometry": false, "conformers": [], "conformer_generation_options": {"n_conformer_pool": 4000, "n_max_conformers": 0, "rms_tolerance": 0.05, "energy_window": 15, "keep_original_conformer": true}, "stage_1_unrestrained_charges": null, "stage_1_restrained_charges": null, "stage_2_unrestrained_charges": null, "stage_2_restrained_charges": null, "keep_original_orientation": false, "reorientations": [], "translations": [], "rotations": []}}, {"index": 1, "molecule": {"qcmol": {"schema_name": "qcschema_molecule", "schema_version": 2, "validated": true, "symbols": ["C", "C", "C", "C", "C", "C", "C", "C", "O", "H", "H", "H", "H", "H", "H", "H", "H", "H", "H", "H", "H", "H", "H", "H", "H"], "geometry": [[0.0, 0.0, 0.0], [2.8908624759378707, -1.9645474252530986e-16, -1.0348594453174519e-16], [4.094479081984712, 2.6351208236631996, 4.440892098500626e-16], [3.617937309449367, 4.177852903798503, -2.4007953080327473], [4.989898971028642, 6.722330303750788, -2.3791418812342946], [4.48934112825437, 8.281149725735272, -4.778247438031677], [5.839521322649297, 10.810305069931264, -4.657580668509094], [8.362277743839135, 11.021851680497928, -5.985250114052279], [4.94952200466091, 12.545148750326604, -3.524379277844859], [-0.7692558626139165, 0.8214409528559151, -1.7137792046354023], [-0.7372140509047344, 1.0675380323433912, 1.5917490589923151], [-0.7269306298650343, -1.913046165953829, 0.14314798246641292], [3.5746416544302777, -1.0594379640242184, -1.624399718622585], [3.5494070601738277, -1.013107654945831, 1.6614343536363676], [3.416295743112336, 3.6899019610200448, 1.6308094244708047], [6.1238702212214005, 2.4250328999610034, 0.2564473115074274], [1.6057402275740829, 4.511592775161283, -2.6374718987615466], [4.224238017822401, 3.0898502058524393, -4.038944179439757], [7.010932289747798, 6.403379598887913, -2.168171961722158], [4.39482764310774, 7.8208752701520545, -0.7514005005147282], [5.085730108715982, 7.224962647491493, -6.4347869446109485], [2.4817893816389587, 8.65578977037633, -4.94657670931713], [8.083829912796176, 10.895703144450694, -8.016253044640452], [9.602023807261286, 9.47728027627466, -5.447333460698731], [9.242521242360583, 12.808982798293764, -5.532407431460799]], "name": "C8H16O", "identifiers": {"molecule_hash": "87f3ec2cfc75682d263ebe37761f68e21605b14d", "molecular_formula": "C8H16O"}, "molecular_charge": 0.0, "molecular_multiplicity": 1, "connectivity": [[0, 1, 1.0], [0, 9, 1.0], [0, 10, 1.0], [0, 11, 1.0], [1, 2, 1.0], [1, 12, 1.0], [1, 13, 1.0], [2, 3, 1.0], [2, 14, 1.0], [2, 15, 1.0], [3, 4, 1.0], [3, 16, 1.0], [3, 17, 1.0], [4, 5, 1.0], [4, 18, 1.0], [4, 19, 1.0], [5, 6, 1.0], [5, 20, 1.0], [5, 21, 1.0], [6, 7, 1.0], [6, 8, 2.0], [7, 22, 1.0], [7, 23, 1.0], [7, 24, 1.0]], "fix_com": true, "fix_orientation": true, "provenance": {"creator": "QCElemental", "version": "v0.22.0", "routine": "qcelemental.molparse.from_schema"}, "id": "164685"}, "charge": 0, "optimize_geometry": false, "conformers": [], "conformer_generation_options": {"n_conformer_pool": 4000, "n_max_conformers": 0, "rms_tolerance": 0.05, "energy_window": 15, "keep_original_conformer": true}, "stage_1_unrestrained_charges": null, "stage_1_restrained_charges": null, "stage_2_unrestrained_charges": null, "stage_2_restrained_charges": null, "keep_original_orientation": false, "reorientations": [], "translations": [], "rotations": []}}, {"index": 2, "molecule": {"qcmol": {"schema_name": "qcschema_molecule", "schema_version": 2, "validated": true, "symbols": ["C", "C", "C", "C", "C", "C", "C", "C", "O", "H", "H", "H", "H", "H", "H", "H", "H", "H", "H", "H", "H", "H", "H", "H", "H"], "geometry": [[0.0, 0.0, 0.0], [2.8908624759378707, -1.9645474252530986e-16, -1.0348594453174519e-16], [4.094479081984712, 2.6351208236631996, 4.440892098500626e-16], [3.617937309449367, 4.177852903798503, -2.4007953080327473], [4.989898971028642, 6.722330303750788, -2.3791418812342946], [4.48934112825437, 8.281149725735272, -4.778247438031677], [5.839521322649297, 10.810305069931264, -4.657580668509094], [8.362277743839135, 11.021851680497928, -5.985250114052279], [4.94952200466091, 12.545148750326604, -3.524379277844859], [-0.7692558626139165, 0.8214409528559151, -1.7137792046354023], [-0.7372140509047344, 1.0675380323433912, 1.5917490589923151], [-0.7269306298650343, -1.913046165953829, 0.14314798246641292], [3.5746416544302777, -1.0594379640242184, -1.624399718622585], [3.5494070601738277, -1.013107654945831, 1.6614343536363676], [3.416295743112336, 3.6899019610200448, 1.6308094244708047], [6.1238702212214005, 2.4250328999610034, 0.2564473115074274], [1.6057402275740829, 4.511592775161283, -2.6374718987615466], [4.224238017822401, 3.0898502058524393, -4.038944179439757], [7.010932289747798, 6.403379598887913, -2.168171961722158], [4.39482764310774, 7.8208752701520545, -0.7514005005147282], [5.085730108715982, 7.224962647491493, -6.4347869446109485], [2.4817893816389587, 8.65578977037633, -4.94657670931713], [8.083829912796176, 10.895703144450694, -8.016253044640452], [9.602023807261286, 9.47728027627466, -5.447333460698731], [9.242521242360583, 12.808982798293764, -5.532407431460799]], "name": "C8H16O", "identifiers": {"molecule_hash": "87f3ec2cfc75682d263ebe37761f68e21605b14d", "molecular_formula": "C8H16O"}, "molecular_charge": 0.0, "molecular_multiplicity": 1, "connectivity": [[0, 1, 1.0], [0, 9, 1.0], [0, 10, 1.0], [0, 11, 1.0], [1, 2, 1.0], [1, 12, 1.0], [1, 13, 1.0], [2, 3, 1.0], [2, 14, 1.0], [2, 15, 1.0], [3, 4, 1.0], [3, 16, 1.0], [3, 17, 1.0], [4, 5, 1.0], [4, 18, 1.0], [4, 19, 1.0], [5, 6, 1.0], [5, 20, 1.0], [5, 21, 1.0], [6, 7, 1.0], [6, 8, 2.0], [7, 22, 1.0], [7, 23, 1.0], [7, 24, 1.0]], "fix_com": true, "fix_orientation": true, "provenance": {"creator": "QCElemental", "version": "v0.22.0", "routine": "qcelemental.molparse.from_schema"}, "id": "164685"}, "charge": 0, "optimize_geometry": false, "conformers": [], "conformer_generation_options": {"n_conformer_pool": 4000, "n_max_conformers": 0, "rms_tolerance": 0.05, "energy_window": 15, "keep_original_conformer": true}, "stage_1_unrestrained_charges": null, "stage_1_restrained_charges": null, "stage_2_unrestrained_charges": null, "stage_2_restrained_charges": null, "keep_original_orientation": false, "reorientations": [], "translations": [], "rotations": []}}, {"index": 3, "molecule": {"qcmol": {"schema_name": "qcschema_molecule", "schema_version": 2, "validated": true, "symbols": ["C", "C", "C", "C", "C", "C", "C", "C", "O", "H", "H", "H", "H", "H", "H", "H", "H", "H", "H", "H", "H", "H", "H", "H", "H"], "geometry": [[0.0, 0.0, 0.0], [2.8908624759378707, -1.9645474252530986e-16, -1.0348594453174519e-16], [4.094479081984712, 2.6351208236631996, 4.440892098500626e-16], [3.617937309449367, 4.177852903798503, -2.4007953080327473], [4.989898971028642, 6.722330303750788, -2.3791418812342946], [4.48934112825437, 8.281149725735272, -4.778247438031677], [5.839521322649297, 10.810305069931264, -4.657580668509094], [8.362277743839135, 11.021851680497928, -5.985250114052279], [4.94952200466091, 12.545148750326604, -3.524379277844859], [-0.7692558626139165, 0.8214409528559151, -1.7137792046354023], [-0.7372140509047344, 1.0675380323433912, 1.5917490589923151], [-0.7269306298650343, -1.913046165953829, 0.14314798246641292], [3.5746416544302777, -1.0594379640242184, -1.624399718622585], [3.5494070601738277, -1.013107654945831, 1.6614343536363676], [3.416295743112336, 3.6899019610200448, 1.6308094244708047], [6.1238702212214005, 2.4250328999610034, 0.2564473115074274], [1.6057402275740829, 4.511592775161283, -2.6374718987615466], [4.224238017822401, 3.0898502058524393, -4.038944179439757], [7.010932289747798, 6.403379598887913, -2.168171961722158], [4.39482764310774, 7.8208752701520545, -0.7514005005147282], [5.085730108715982, 7.224962647491493, -6.4347869446109485], [2.4817893816389587, 8.65578977037633, -4.94657670931713], [8.083829912796176, 10.895703144450694, -8.016253044640452], [9.602023807261286, 9.47728027627466, -5.447333460698731], [9.242521242360583, 12.808982798293764, -5.532407431460799]], "name": "C8H16O", "identifiers": {"molecule_hash": "87f3ec2cfc75682d263ebe37761f68e21605b14d", "molecular_formula": "C8H16O"}, "molecular_charge": 0.0, "molecular_multiplicity": 1, "connectivity": [[0, 1, 1.0], [0, 9, 1.0], [0, 10, 1.0], [0, 11, 1.0], [1, 2, 1.0], [1, 12, 1.0], [1, 13, 1.0], [2, 3, 1.0], [2, 14, 1.0], [2, 15, 1.0], [3, 4, 1.0], [3, 16, 1.0], [3, 17, 1.0], [4, 5, 1.0], [4, 18, 1.0], [4, 19, 1.0], [5, 6, 1.0], [5, 20, 1.0], [5, 21, 1.0], [6, 7, 1.0], [6, 8, 2.0], [7, 22, 1.0], [7, 23, 1.0], [7, 24, 1.0]], "fix_com": true, "fix_orientation": true, "provenance": {"creator": "QCElemental", "version": "v0.22.0", "routine": "qcelemental.molparse.from_schema"}, "id": "164685"}, "charge": 0, "optimize_geometry": false, "conformers": [], "conformer_generation_options": {"n_conformer_pool": 4000, "n_max_conformers": 0, "rms_tolerance": 0.05, "energy_window": 15, "keep_original_conformer": true}, "stage_1_unrestrained_charges": null, "stage_1_restrained_charges": null, "stage_2_unrestrained_charges": null, "stage_2_restrained_charges": null, "keep_original_orientation": false, "reorientations": [], "translations": [], "rotations": []}}, {"index": 4, "molecule": {"qcmol": {"schema_name": "qcschema_molecule", "schema_version": 2, "validated": true, "symbols": ["C", "C", "C", "C", "C", "C", "C", "C", "O", "H", "H", "H", "H", "H", "H", "H", "H", "H", "H", "H", "H", "H", "H", "H", "H"], "geometry": [[0.0, 0.0, 0.0], [2.8908624759378707, -1.9645474252530986e-16, -1.0348594453174519e-16], [4.094479081984712, 2.6351208236631996, 4.440892098500626e-16], [3.617937309449367, 4.177852903798503, -2.4007953080327473], [4.989898971028642, 6.722330303750788, -2.3791418812342946], [4.48934112825437, 8.281149725735272, -4.778247438031677], [5.839521322649297, 10.810305069931264, -4.657580668509094], [8.362277743839135, 11.021851680497928, -5.985250114052279], [4.94952200466091, 12.545148750326604, -3.524379277844859], [-0.7692558626139165, 0.8214409528559151, -1.7137792046354023], [-0.7372140509047344, 1.0675380323433912, 1.5917490589923151], [-0.7269306298650343, -1.913046165953829, 0.14314798246641292], [3.5746416544302777, -1.0594379640242184, -1.624399718622585], [3.5494070601738277, -1.013107654945831, 1.6614343536363676], [3.416295743112336, 3.6899019610200448, 1.6308094244708047], [6.1238702212214005, 2.4250328999610034, 0.2564473115074274], [1.6057402275740829, 4.511592775161283, -2.6374718987615466], [4.224238017822401, 3.0898502058524393, -4.038944179439757], [7.010932289747798, 6.403379598887913, -2.168171961722158], [4.39482764310774, 7.8208752701520545, -0.7514005005147282], [5.085730108715982, 7.224962647491493, -6.4347869446109485], [2.4817893816389587, 8.65578977037633, -4.94657670931713], [8.083829912796176, 10.895703144450694, -8.016253044640452], [9.602023807261286, 9.47728027627466, -5.447333460698731], [9.242521242360583, 12.808982798293764, -5.532407431460799]], "name": "C8H16O", "identifiers": {"molecule_hash": "87f3ec2cfc75682d263ebe37761f68e21605b14d", "molecular_formula": "C8H16O"}, "molecular_charge": 0.0, "molecular_multiplicity": 1, "connectivity": [[0, 1, 1.0], [0, 9, 1.0], [0, 10, 1.0], [0, 11, 1.0], [1, 2, 1.0], [1, 12, 1.0], [1, 13, 1.0], [2, 3, 1.0], [2, 14, 1.0], [2, 15, 1.0], [3, 4, 1.0], [3, 16, 1.0], [3, 17, 1.0], [4, 5, 1.0], [4, 18, 1.0], [4, 19, 1.0], [5, 6, 1.0], [5, 20, 1.0], [5, 21, 1.0], [6, 7, 1.0], [6, 8, 2.0], [7, 22, 1.0], [7, 23, 1.0], [7, 24, 1.0]], "fix_com": true, "fix_orientation": true, "provenance": {"creator": "QCElemental", "version": "v0.22.0", "routine": "qcelemental.molparse.from_schema"}, "id": "164685"}, "charge": 0, "optimize_geometry": false, "conformers": [], "conformer_generation_options": {"n_conformer_pool": 4000, "n_max_conformers": 0, "rms_tolerance": 0.05, "energy_window": 15, "keep_original_conformer": true}, "stage_1_unrestrained_charges": null, "stage_1_restrained_charges": null, "stage_2_unrestrained_charges": null, "stage_2_restrained_charges": null, "keep_original_orientation": false, "reorientations": [], "translations": [], "rotations": []}}, {"index": 5, "molecule": {"qcmol": {"schema_name": "qcschema_molecule", "schema_version": 2, "validated": true, "symbols": ["C", "C", "C", "C", "C", "C", "C", "C", "O", "H", "H", "H", "H", "H", "H", "H", "H", "H", "H", "H", "H", "H", "H", "H", "H"], "geometry": [[0.0, 0.0, 0.0], [2.8908624759378707, -1.9645474252530986e-16, -1.0348594453174519e-16], [4.094479081984712, 2.6351208236631996, 4.440892098500626e-16], [3.617937309449367, 4.177852903798503, -2.4007953080327473], [4.989898971028642, 6.722330303750788, -2.3791418812342946], [4.48934112825437, 8.281149725735272, -4.778247438031677], [5.839521322649297, 10.810305069931264, -4.657580668509094], [8.362277743839135, 11.021851680497928, -5.985250114052279], [4.94952200466091, 12.545148750326604, -3.524379277844859], [-0.7692558626139165, 0.8214409528559151, -1.7137792046354023], [-0.7372140509047344, 1.0675380323433912, 1.5917490589923151], [-0.7269306298650343, -1.913046165953829, 0.14314798246641292], [3.5746416544302777, -1.0594379640242184, -1.624399718622585], [3.5494070601738277, -1.013107654945831, 1.6614343536363676], [3.416295743112336, 3.6899019610200448, 1.6308094244708047], [6.1238702212214005, 2.4250328999610034, 0.2564473115074274], [1.6057402275740829, 4.511592775161283, -2.6374718987615466], [4.224238017822401, 3.0898502058524393, -4.038944179439757], [7.010932289747798, 6.403379598887913, -2.168171961722158], [4.39482764310774, 7.8208752701520545, -0.7514005005147282], [5.085730108715982, 7.224962647491493, -6.4347869446109485], [2.4817893816389587, 8.65578977037633, -4.94657670931713], [8.083829912796176, 10.895703144450694, -8.016253044640452], [9.602023807261286, 9.47728027627466, -5.447333460698731], [9.242521242360583, 12.808982798293764, -5.532407431460799]], "name": "C8H16O", "identifiers": {"molecule_hash": "87f3ec2cfc75682d263ebe37761f68e21605b14d", "molecular_formula": "C8H16O"}, "molecular_charge": 0.0, "molecular_multiplicity": 1, "connectivity": [[0, 1, 1.0], [0, 9, 1.0], [0, 10, 1.0], [0, 11, 1.0], [1, 2, 1.0], [1, 12, 1.0], [1, 13, 1.0], [2, 3, 1.0], [2, 14, 1.0], [2, 15, 1.0], [3, 4, 1.0], [3, 16, 1.0], [3, 17, 1.0], [4, 5, 1.0], [4, 18, 1.0], [4, 19, 1.0], [5, 6, 1.0], [5, 20, 1.0], [5, 21, 1.0], [6, 7, 1.0], [6, 8, 2.0], [7, 22, 1.0], [7, 23, 1.0], [7, 24, 1.0]], "fix_com": true, "fix_orientation": true, "provenance": {"creator": "QCElemental", "version": "v0.22.0", "routine": "qcelemental.molparse.from_schema"}, "id": "164685"}, "charge": 0, "optimize_geometry": false, "conformers": [], "conformer_generation_options": {"n_conformer_pool": 4000, "n_max_conformers": 0, "rms_tolerance": 0.05, "energy_window": 15, "keep_original_conformer": true}, "stage_1_unrestrained_charges": null, "stage_1_restrained_charges": null, "stage_2_unrestrained_charges": null, "stage_2_restrained_charges": null, "keep_original_orientation": false, "reorientations": [], "translations": [], "rotations": []}}, {"index": 7, "molecule": {"qcmol": {"schema_name": "qcschema_molecule", "schema_version": 2, "validated": true, "symbols": ["C", "C", "C", "C", "C", "C", "C", "C", "O", "H", "H", "H", "H", "H", "H", "H", "H", "H", "H", "H", "H", "H", "H", "H", "H"], "geometry": [[0.0, 0.0, 0.0], [2.8908624759378707, -1.9645474252530986e-16, -1.0348594453174519e-16], [4.094479081984712, 2.6351208236631996, 4.440892098500626e-16], [3.617937309449367, 4.177852903798503, -2.4007953080327473], [4.989898971028642, 6.722330303750788, -2.3791418812342946], [4.48934112825437, 8.281149725735272, -4.778247438031677], [5.839521322649297, 10.810305069931264, -4.657580668509094], [8.362277743839135, 11.021851680497928, -5.985250114052279], [4.94952200466091, 12.545148750326604, -3.524379277844859], [-0.7692558626139165, 0.8214409528559151, -1.7137792046354023], [-0.7372140509047344, 1.0675380323433912, 1.5917490589923151], [-0.7269306298650343, -1.913046165953829, 0.14314798246641292], [3.5746416544302777, -1.0594379640242184, -1.624399718622585], [3.5494070601738277, -1.013107654945831, 1.6614343536363676], [3.416295743112336, 3.6899019610200448, 1.6308094244708047], [6.1238702212214005, 2.4250328999610034, 0.2564473115074274], [1.6057402275740829, 4.511592775161283, -2.6374718987615466], [4.224238017822401, 3.0898502058524393, -4.038944179439757], [7.010932289747798, 6.403379598887913, -2.168171961722158], [4.39482764310774, 7.8208752701520545, -0.7514005005147282], [5.085730108715982, 7.224962647491493, -6.4347869446109485], [2.4817893816389587, 8.65578977037633, -4.94657670931713], [8.083829912796176, 10.895703144450694, -8.016253044640452], [9.602023807261286, 9.47728027627466, -5.447333460698731], [9.242521242360583, 12.808982798293764, -5.532407431460799]], "name": "C8H16O", "identifiers": {"molecule_hash": "87f3ec2cfc75682d263ebe37761f68e21605b14d", "molecular_formula": "C8H16O"}, "molecular_charge": 0.0, "molecular_multiplicity": 1, "connectivity": [[0, 1, 1.0], [0, 9, 1.0], [0, 10, 1.0], [0, 11, 1.0], [1, 2, 1.0], [1, 12, 1.0], [1, 13, 1.0], [2, 3, 1.0], [2, 14, 1.0], [2, 15, 1.0], [3, 4, 1.0], [3, 16, 1.0], [3, 17, 1.0], [4, 5, 1.0], [4, 18, 1.0], [4, 19, 1.0], [5, 6, 1.0], [5, 20, 1.0], [5, 21, 1.0], [6, 7, 1.0], [6, 8, 2.0], [7, 22, 1.0], [7, 23, 1.0], [7, 24, 1.0]], "fix_com": true, "fix_orientation": true, "provenance": {"creator": "QCElemental", "version": "v0.22.0", "routine": "qcelemental.molparse.from_schema"}, "id": "164685"}, "charge": 0, "optimize_geometry": false, "conformers": [], "conformer_generation_options": {"n_conformer_pool": 4000, "n_max_conformers": 0, "rms_tolerance": 0.05, "energy_window": 15, "keep_original_conformer": true}, "stage_1_unrestrained_charges": null, "stage_1_restrained_charges": null, "stage_2_unrestrained_charges": null, "stage_2_restrained_charges": null, "keep_original_orientation": false, "reorientations": [], "translations": [], "rotations": []}}]}, "surface_constraints": {"matrix": [[805688493427727.0, 781156084414670.4, 753838550868497.4, 735741684668954.9, 702485815608709.4, 670290092069408.0, 643370281007532.4, 615723865270775.5, 635458721405313.9, 809868268759400.1, 810175332263447.0, 812173818431998.5, 779712501951853.2, 777748820477464.1, 753499431015251.1, 741640882680987.1, 740932896985041.9, 738285545147818.8, 702680111363258.1, 698116515028457.4, 658325356117040.4, 674494650778360.1, 612523072795059.0, 614581477912812.5, 597616706373244.1], [781156084414670.4, 797809783754390.6, 779616927928714.0, 754111702699229.2, 727831548609214.0, 696294423922260.9, 662234608157511.6, 633889475656708.1, 650228623766043.6, 775181520964943.8, 774882911105251.9, 776448646821612.4, 808773242284591.1, 806663306785494.5, 780810569921589.2, 778699738869106.0, 751760947427417.2, 752878006466714.0, 728277681839123.9, 727422829654560.0, 688198113863223.6, 702513001486990.2, 628441360252938.5, 633546414533777.6, 616804937100286.6], [753838550868497.4, 779616927928714.0, 799316799560603.1, 782561858463160.0, 757675849922400.1, 728417444454902.2, 693039587467705.9, 659206143281973.9, 683987223917979.8, 738242664654908.0, 750196498338703.0, 750509111958256.5, 779350541030162.9, 777732630186547.0, 811495144995383.0, 809947376286903.9, 783019155937522.0, 783398426840622.2, 753170324921337.9, 760881226499390.9, 720359650536035.2, 736985423649639.6, 651455217771535.5, 657788940787045.0, 641265393475405.6], [735741684668954.9, 754111702699229.2, 782561858463160.0, 803171465471401.8, 785916333147353.6, 759455397855932.0, 728153896492494.9, 692843978806808.1, 721908657441728.9, 719204773346221.0, 730972645130142.1, 740112649462884.0, 752579188623073.1, 741451851041867.9, 783388296833201.6, 782174507769605.1, 815239238192740.9, 815530300930020.9, 786831535298683.8, 786599924730192.1, 755419768560679.9, 762146137253403.8, 682387890198989.0, 689848864683429.9, 677703731016293.1], [702485815608709.4, 727831548609214.0, 757675849922400.1, 785916333147353.6, 804775542769794.1, 785433621486271.0, 758899213251587.2, 728935803212562.4, 749875445075309.2, 685252603836633.5, 692356504007115.2, 707902115829949.2, 727682173796673.0, 719252201590197.1, 755269142078836.0, 756320358134436.0, 786755517178816.0, 787148776243310.2, 817014257787393.0, 816936686303217.0, 785727823836620.4, 784701295036031.1, 719379680916839.1, 725994728715021.6, 716417555707955.1], [670290092069408.0, 696294423922260.9, 728417444454902.2, 759455397855932.0, 785433621486271.0, 803027247758544.5, 782741167417283.0, 758295721946156.1, 771903171853529.5, 654553020260857.2, 658840803993707.5, 675395722389005.1, 693211854884805.6, 690179352330474.1, 734065090413401.6, 719477247299418.6, 762762771222575.0, 755675868744564.9, 786604497710098.8, 786051702474557.6, 814872365647400.8, 814470292437025.1, 748836523983287.9, 754823901983516.6, 749702780762279.8], [643370281007532.4, 662234608157511.6, 693039587467705.9, 728153896492494.9, 758899213251587.2, 782741167417283.0, 798044147011164.5, 784945363749792.5, 802685836228095.5, 629436555609563.9, 632467312037803.5, 651734391876775.0, 657760312554053.1, 653003837611056.1, 700443704734623.5, 678477188250956.9, 728855618522460.6, 727571655779244.4, 762173956672864.4, 757462496230188.9, 783141892995667.8, 783864190845931.1, 781246376139752.4, 781487454673016.2, 777398564810160.5], [615723865270775.5, 633889475656708.1, 659206143281973.9, 692843978806808.1, 728935803212562.4, 758295721946156.1, 784945363749792.5, 809529505962485.5, 772355532144763.8, 604071101557852.1, 602260592709958.8, 625100831168986.0, 630828671010387.1, 627392119622138.2, 664085829010711.5, 643911804786667.8, 688175310172123.8, 692483778531920.2, 730425256830025.4, 729848876565319.5, 757747725704634.4, 757198729811453.4, 815292608933737.8, 815761500078737.8, 811357216418392.5], [635458721405313.9, 650228623766043.6, 683987223917979.8, 721908657441728.9, 749875445075309.2, 771903171853529.5, 802685836228095.5, 772355532144763.8, 835593488434897.6, 621229060688509.2, 627973919609204.6, 643847304581857.9, 643703376588890.4, 637435326703701.8, 694383019870157.1, 667076736224841.2, 725176888790786.4, 723763557865590.6, 755335943070424.8, 745281667806163.9, 764798294328282.4, 767670483358430.6, 766989349205398.9, 762827153287263.2, 759551034114445.6], [809868268759400.1, 775181520964943.8, 738242664654908.0, 719204773346221.0, 685252603836633.5, 654553020260857.2, 629436555609563.9, 604071101557852.1, 621229060688509.2, 844754785790413.0, 802849820222934.6, 805615646683306.1, 778836105083832.5, 767032890128008.9, 734437916025445.9, 723766163583387.9, 725316818615402.4, 720657427984427.5, 683645414751834.9, 681097096489824.0, 641631186498837.8, 659541530307550.5, 602961866698410.0, 602751194354617.1, 585742733626896.1], [810175332263447.0, 774882911105251.9, 750196498338703.0, 730972645130142.1, 692356504007115.2, 658840803993707.5, 632467312037803.5, 602260592709958.8, 627973919609204.6, 802849820222934.6, 846353817389799.5, 805761255719978.5, 767987027820777.1, 766139538738822.4, 753767838847698.2, 736624681216066.1, 737732461421942.8, 735640208795830.5, 692954955417194.2, 684797531637271.0, 646692101975901.2, 661863362884630.5, 598031090964029.0, 600489079746495.5, 584109379620238.2], [812173818431998.5, 776448646821612.4, 750509111958256.5, 740112649462884.0, 707902115829949.2, 675395722389005.1, 651734391876775.0, 625100831168986.0, 643847304581857.9, 805615646683306.1, 805761255719978.5, 850027878092732.0, 765145247931590.0, 773130001111421.8, 748549493215612.1, 734222770756854.0, 748396090316280.2, 744412168962285.2, 709062781536944.5, 703460650207696.6, 661888274207061.8, 678424422847338.6, 622518362365603.6, 624312584657451.1, 606471538291527.0], [779712501951853.2, 808773242284591.1, 779350541030162.9, 752579188623073.1, 727682173796673.0, 693211854884805.6, 657760312554053.1, 630828671010387.1, 643703376588890.4, 778836105083832.5, 767987027820777.1, 765145247931590.0, 849903837808731.5, 806841901032559.5, 772676276721161.6, 778047481352129.9, 748667601098486.8, 750710244073123.1, 732458245812136.4, 726488227734563.5, 687895254599517.2, 695492023952620.6, 626654950977458.1, 629815278143687.1, 614291772082373.1], [777748820477464.1, 806663306785494.5, 777732630186547.0, 741451851041867.9, 719252201590197.1, 690179352330474.1, 653003837611056.1, 627392119622138.2, 637435326703701.8, 767032890128008.9, 766139538738822.4, 773130001111421.8, 806841901032559.5, 845221672097058.4, 778916951864313.4, 777426196602102.8, 732253105897073.4, 736074964282280.6, 719283980123808.5, 720257488223433.0, 682481275861341.9, 700440701655249.8, 620770596290917.6, 629398407624002.1, 611281323776930.6], [753499431015251.1, 780810569921589.2, 811495144995383.0, 783388296833201.6, 755269142078836.0, 734065090413401.6, 700443704734623.5, 664085829010711.5, 694383019870157.1, 734437916025445.9, 753767838847698.2, 748549493215612.1, 772676276721161.6, 778916951864313.4, 853075874742647.0, 811241144328349.2, 784563457311217.2, 777057508665376.2, 743623056133677.5, 756621795967623.0, 723823994189191.5, 749675970035966.4, 656131103473527.5, 663026153423043.4, 644170821557922.1], [741640882680987.1, 778699738869106.0, 809947376286903.9, 782174507769605.1, 756320358134436.0, 719477247299418.6, 678477188250956.9, 643911804786667.8, 667076736224841.2, 723766163583387.9, 736624681216066.1, 734222770756854.0, 778047481352129.9, 777426196602102.8, 811241144328349.2, 850082752397740.8, 774761734825965.5, 782527356320023.9, 750858811242912.4, 765942962310343.2, 710638224013499.5, 727764331564429.8, 636367392480288.5, 642310524149901.9, 625629884915314.2], [740932896985041.9, 751760947427417.2, 783019155937522.0, 815239238192740.9, 786755517178816.0, 762762771222575.0, 728855618522460.6, 688175310172123.8, 725176888790786.4, 725316818615402.4, 737732461421942.8, 748396090316280.2, 748667601098486.8, 732253105897073.4, 784563457311217.2, 774761734825965.5, 855995249666340.0, 817746467137316.1, 783797063122124.2, 780056443889558.6, 759803586310113.8, 768063658364138.4, 676367996984377.0, 679895995035500.1, 676011792080178.1], [738285545147818.8, 752878006466714.0, 783398426840622.2, 815530300930020.9, 787148776243310.2, 755675868744564.9, 727571655779244.4, 692483778531920.2, 723763557865590.6, 720657427984427.5, 735640208795830.5, 744412168962285.2, 750710244073123.1, 736074964282280.6, 777057508665376.2, 782527356320023.9, 817746467137316.1, 856594013873231.5, 787436122160607.0, 783468100092768.1, 750867002244274.4, 753009585655881.8, 680483207355480.0, 693023457796893.0, 675045462174347.6], [702680111363258.1, 728277681839123.9, 753170324921337.9, 786831535298683.8, 817014257787393.0, 786604497710098.8, 762173956672864.4, 730425256830025.4, 755335943070424.8, 683645414751834.9, 692954955417194.2, 709062781536944.5, 732458245812136.4, 719283980123808.5, 743623056133677.5, 750858811242912.4, 783797063122124.2, 787436122160607.0, 858043979301574.9, 818753777412867.8, 790992094301984.5, 770949483088665.4, 721320943301331.6, 727468313814271.4, 716306488229866.9], [698116515028457.4, 727422829654560.0, 760881226499390.9, 786599924730192.1, 816936686303217.0, 786051702474557.6, 757462496230188.9, 729848876565319.5, 745281667806163.9, 681097096489824.0, 684797531637271.0, 703460650207696.6, 726488227734563.5, 720257488223433.0, 756621795967623.0, 765942962310343.2, 780056443889558.6, 783468100092768.1, 818753777412867.8, 858348766508245.9, 776596077117742.6, 787632949600965.5, 720664843645632.2, 727069065098446.8, 718703711310158.1], [658325356117040.4, 688198113863223.6, 720359650536035.2, 755419768560679.9, 785727823836620.4, 814872365647400.8, 783141892995667.8, 757747725704634.4, 764798294328282.4, 641631186498837.8, 646692101975901.2, 661888274207061.8, 687895254599517.2, 682481275861341.9, 723823994189191.5, 710638224013499.5, 759803586310113.8, 750867002244274.4, 790992094301984.5, 776596077117742.6, 856059560734267.9, 815388634564602.5, 746176255644208.4, 751245589461722.9, 753711031871682.6], [674494650778360.1, 702513001486990.2, 736985423649639.6, 762146137253403.8, 784701295036031.1, 814470292437025.1, 783864190845931.1, 757198729811453.4, 767670483358430.6, 659541530307550.5, 661863362884630.5, 678424422847338.6, 695492023952620.6, 700440701655249.8, 749675970035966.4, 727764331564429.8, 768063658364138.4, 753009585655881.8, 770949483088665.4, 787632949600965.5, 815388634564602.5, 854964344348592.8, 745870189904299.1, 756278261809336.0, 746717978172299.1], [612523072795059.0, 628441360252938.5, 651455217771535.5, 682387890198989.0, 719379680916839.1, 748836523983287.9, 781246376139752.4, 815292608933737.8, 766989349205398.9, 602961866698410.0, 598031090964029.0, 622518362365603.6, 626654950977458.1, 620770596290917.6, 656131103473527.5, 636367392480288.5, 676367996984377.0, 680483207355480.0, 721320943301331.6, 720664843645632.2, 746176255644208.4, 745870189904299.1, 852878478002210.9, 809534817895868.1, 805291032502868.9], [614581477912812.5, 633546414533777.6, 657788940787045.0, 689848864683429.9, 725994728715021.6, 754823901983516.6, 781487454673016.2, 815761500078737.8, 762827153287263.2, 602751194354617.1, 600489079746495.5, 624312584657451.1, 629815278143687.1, 629398407624002.1, 663026153423043.4, 642310524149901.9, 679895995035500.1, 693023457796893.0, 727468313814271.4, 727069065098446.8, 751245589461722.9, 756278261809336.0, 809534817895868.1, 853751574668215.5, 805833109851600.9], [597616706373244.1, 616804937100286.6, 641265393475405.6, 677703731016293.1, 716417555707955.1, 749702780762279.8, 777398564810160.5, 811357216418392.5, 759551034114445.6, 585742733626896.1, 584109379620238.2, 606471538291527.0, 614291772082373.1, 611281323776930.6, 644170821557922.1, 625629884915314.2, 676011792080178.1, 675045462174347.6, 716306488229866.9, 718703711310158.1, 753711031871682.6, 746717978172299.1, 805291032502868.9, 805833109851600.9, 844672941784820.5], [6648721963578.655, 8812117005437.71, 7364857126121.647, 5511260521818.62, 6055662526479.556, 5689246884823.537, -3229375207345.703, 5558795234439.602, -18275281358271.86, 6619442946397.097, 5174897077270.189, 6570805711725.915, 9835678879715.775, 10537030596830.896, 5902438108094.528, 8837720336025.734, 4436019063636.318, 4343184344849.911, 5103876454398.355, 7800339018326.746, 9412501040480.16, 8391452326993.51, 6533733917571.459, 8927532985580.291, 8189321897399.523]]}}