{"resp_b": 0.1, "restrained_fit": true, "exclude_hydrogens": true, "convergence_tolerance": 1e-06, "max_iter": 500, "resp_a": 0.001, "charge_constraints": {"charge_sum_constraints": [{"atoms": [{"index": 0, "molecule": {"qcmol": {"schema_name": "qcschema_molecule", "schema_version": 2, "validated": true, "symbols": ["C", "C", "C", "C", "S", "H", "H", "H", "H", "H", "H", "H", "H", "H", "H"], "geometry": [[0.0, 0.0, -0.0], [2.8881002452986793, -4.766102990647233e-16, 4.653782139424386e-16], [4.004512906950504, 2.669043237437341, -2.220446049250313e-16], [6.889495143262108, 2.6461053107102837, 0.015153117930862825], [8.342913930443082, 5.7702855346129835, -0.09133644509200245], [-0.740957156134899, 0.9573086331267473, 1.6576249567041526], [-0.7403441374982864, 0.9578759505919714, -1.6572572044109055], [-0.7398087682475256, -1.9129195628917242, 4.789684910633252e-05], [3.570540668084356, -1.0289591506283682, 1.6435060410478224], [3.5698185622302248, -1.0232239107877021, -1.6473804324126646], [3.347062835471931, 3.701856368118129, -1.6467392426431857], [3.321443073772707, 3.6944383476861473, 1.6452150605036726], [7.605575982609201, 1.6361995405524983, 1.644623318190934], [7.604873004657486, 1.688636412804975, -1.6479510681179221], [7.475879706166882, 6.626933339153158, 2.101261491388341]], "name": "C4H10S", "identifiers": {"molecule_hash": "b741b21d75a337453cf4e81fbfeef721e75ca8cd", "molecular_formula": "C4H10S"}, "molecular_charge": 0.0, "molecular_multiplicity": 1, "connectivity": [[0, 1, 1.0], [0, 5, 1.0], [0, 6, 1.0], [0, 7, 1.0], [1, 2, 1.0], [1, 8, 1.0], [1, 9, 1.0], [2, 3, 1.0], [2, 10, 1.0], [2, 11, 1.0], [3, 4, 1.0], [3, 12, 1.0], [3, 13, 1.0], [4, 14, 1.0]], "fix_com": true, "fix_orientation": true, "provenance": {"creator": "QCElemental", "version": "v0.22.0", "routine": "qcelemental.molparse.from_schema"}, "id": "15624"}, "charge": 0, "optimize_geometry": false, "conformers": [], "conformer_generation_options": {"n_conformer_pool": 4000, "n_max_conformers": 0, "rms_tolerance": 0.05, "energy_window": 15, "keep_original_conformer": true}, "stage_1_unrestrained_charges": null, "stage_1_restrained_charges": null, "stage_2_unrestrained_charges": null, "stage_2_restrained_charges": null, "keep_original_orientation": false, "reorientations": [], "translations": [], "rotations": []}}], "charge": -0.32081658660236856}, {"atoms": [{"index": 1, "molecule": {"qcmol": {"schema_name": "qcschema_molecule", "schema_version": 2, "validated": true, "symbols": ["C", "C", "C", "C", "S", "H", "H", "H", "H", "H", "H", "H", "H", "H", "H"], "geometry": [[0.0, 0.0, -0.0], [2.8881002452986793, -4.766102990647233e-16, 4.653782139424386e-16], [4.004512906950504, 2.669043237437341, -2.220446049250313e-16], [6.889495143262108, 2.6461053107102837, 0.015153117930862825], [8.342913930443082, 5.7702855346129835, -0.09133644509200245], [-0.740957156134899, 0.9573086331267473, 1.6576249567041526], [-0.7403441374982864, 0.9578759505919714, -1.6572572044109055], [-0.7398087682475256, -1.9129195628917242, 4.789684910633252e-05], [3.570540668084356, -1.0289591506283682, 1.6435060410478224], [3.5698185622302248, -1.0232239107877021, -1.6473804324126646], [3.347062835471931, 3.701856368118129, -1.6467392426431857], [3.321443073772707, 3.6944383476861473, 1.6452150605036726], [7.605575982609201, 1.6361995405524983, 1.644623318190934], [7.604873004657486, 1.688636412804975, -1.6479510681179221], [7.475879706166882, 6.626933339153158, 2.101261491388341]], "name": "C4H10S", "identifiers": {"molecule_hash": "b741b21d75a337453cf4e81fbfeef721e75ca8cd", "molecular_formula": "C4H10S"}, "molecular_charge": 0.0, "molecular_multiplicity": 1, "connectivity": [[0, 1, 1.0], [0, 5, 1.0], [0, 6, 1.0], [0, 7, 1.0], [1, 2, 1.0], [1, 8, 1.0], [1, 9, 1.0], [2, 3, 1.0], [2, 10, 1.0], [2, 11, 1.0], [3, 4, 1.0], [3, 12, 1.0], [3, 13, 1.0], [4, 14, 1.0]], "fix_com": true, "fix_orientation": true, "provenance": {"creator": "QCElemental", "version": "v0.22.0", "routine": "qcelemental.molparse.from_schema"}, "id": "15624"}, "charge": 0, "optimize_geometry": false, "conformers": [], "conformer_generation_options": {"n_conformer_pool": 4000, "n_max_conformers": 0, "rms_tolerance": 0.05, "energy_window": 15, "keep_original_conformer": true}, "stage_1_unrestrained_charges": null, "stage_1_restrained_charges": null, "stage_2_unrestrained_charges": null, "stage_2_restrained_charges": null, "keep_original_orientation": false, "reorientations": [], "translations": [], "rotations": []}}], "charge": 0.2131005937802592}, {"atoms": [{"index": 2, "molecule": {"qcmol": {"schema_name": "qcschema_molecule", "schema_version": 2, "validated": true, "symbols": ["C", "C", "C", "C", "S", "H", "H", "H", "H", "H", "H", "H", "H", "H", "H"], "geometry": [[0.0, 0.0, -0.0], [2.8881002452986793, -4.766102990647233e-16, 4.653782139424386e-16], [4.004512906950504, 2.669043237437341, -2.220446049250313e-16], [6.889495143262108, 2.6461053107102837, 0.015153117930862825], [8.342913930443082, 5.7702855346129835, -0.09133644509200245], [-0.740957156134899, 0.9573086331267473, 1.6576249567041526], [-0.7403441374982864, 0.9578759505919714, -1.6572572044109055], [-0.7398087682475256, -1.9129195628917242, 4.789684910633252e-05], [3.570540668084356, -1.0289591506283682, 1.6435060410478224], [3.5698185622302248, -1.0232239107877021, -1.6473804324126646], [3.347062835471931, 3.701856368118129, -1.6467392426431857], [3.321443073772707, 3.6944383476861473, 1.6452150605036726], [7.605575982609201, 1.6361995405524983, 1.644623318190934], [7.604873004657486, 1.688636412804975, -1.6479510681179221], [7.475879706166882, 6.626933339153158, 2.101261491388341]], "name": "C4H10S", "identifiers": {"molecule_hash": "b741b21d75a337453cf4e81fbfeef721e75ca8cd", "molecular_formula": "C4H10S"}, "molecular_charge": 0.0, "molecular_multiplicity": 1, "connectivity": [[0, 1, 1.0], [0, 5, 1.0], [0, 6, 1.0], [0, 7, 1.0], [1, 2, 1.0], [1, 8, 1.0], [1, 9, 1.0], [2, 3, 1.0], [2, 10, 1.0], [2, 11, 1.0], [3, 4, 1.0], [3, 12, 1.0], [3, 13, 1.0], [4, 14, 1.0]], "fix_com": true, "fix_orientation": true, "provenance": {"creator": "QCElemental", "version": "v0.22.0", "routine": "qcelemental.molparse.from_schema"}, "id": "15624"}, "charge": 0, "optimize_geometry": false, "conformers": [], "conformer_generation_options": {"n_conformer_pool": 4000, "n_max_conformers": 0, "rms_tolerance": 0.05, "energy_window": 15, "keep_original_conformer": true}, "stage_1_unrestrained_charges": null, "stage_1_restrained_charges": null, "stage_2_unrestrained_charges": null, "stage_2_restrained_charges": null, "keep_original_orientation": false, "reorientations": [], "translations": [], "rotations": []}}], "charge": 0.06451074590184172}, {"atoms": [{"index": 3, "molecule": {"qcmol": {"schema_name": "qcschema_molecule", "schema_version": 2, "validated": true, "symbols": ["C", "C", "C", "C", "S", "H", "H", "H", "H", "H", "H", "H", "H", "H", "H"], "geometry": [[0.0, 0.0, -0.0], [2.8881002452986793, -4.766102990647233e-16, 4.653782139424386e-16], [4.004512906950504, 2.669043237437341, -2.220446049250313e-16], [6.889495143262108, 2.6461053107102837, 0.015153117930862825], [8.342913930443082, 5.7702855346129835, -0.09133644509200245], [-0.740957156134899, 0.9573086331267473, 1.6576249567041526], [-0.7403441374982864, 0.9578759505919714, -1.6572572044109055], [-0.7398087682475256, -1.9129195628917242, 4.789684910633252e-05], [3.570540668084356, -1.0289591506283682, 1.6435060410478224], [3.5698185622302248, -1.0232239107877021, -1.6473804324126646], [3.347062835471931, 3.701856368118129, -1.6467392426431857], [3.321443073772707, 3.6944383476861473, 1.6452150605036726], [7.605575982609201, 1.6361995405524983, 1.644623318190934], [7.604873004657486, 1.688636412804975, -1.6479510681179221], [7.475879706166882, 6.626933339153158, 2.101261491388341]], "name": "C4H10S", "identifiers": {"molecule_hash": "b741b21d75a337453cf4e81fbfeef721e75ca8cd", "molecular_formula": "C4H10S"}, "molecular_charge": 0.0, "molecular_multiplicity": 1, "connectivity": [[0, 1, 1.0], [0, 5, 1.0], [0, 6, 1.0], [0, 7, 1.0], [1, 2, 1.0], [1, 8, 1.0], [1, 9, 1.0], [2, 3, 1.0], [2, 10, 1.0], [2, 11, 1.0], [3, 4, 1.0], [3, 12, 1.0], [3, 13, 1.0], [4, 14, 1.0]], "fix_com": true, "fix_orientation": true, "provenance": {"creator": "QCElemental", "version": "v0.22.0", "routine": "qcelemental.molparse.from_schema"}, "id": "15624"}, "charge": 0, "optimize_geometry": false, "conformers": [], "conformer_generation_options": {"n_conformer_pool": 4000, "n_max_conformers": 0, "rms_tolerance": 0.05, "energy_window": 15, "keep_original_conformer": true}, "stage_1_unrestrained_charges": null, "stage_1_restrained_charges": null, "stage_2_unrestrained_charges": null, "stage_2_restrained_charges": null, "keep_original_orientation": false, "reorientations": [], "translations": [], "rotations": []}}], "charge": -0.09708262145518916}, {"atoms": [{"index": 4, "molecule": {"qcmol": {"schema_name": "qcschema_molecule", "schema_version": 2, "validated": true, "symbols": ["C", "C", "C", "C", "S", "H", "H", "H", "H", "H", "H", "H", "H", "H", "H"], "geometry": [[0.0, 0.0, -0.0], [2.8881002452986793, -4.766102990647233e-16, 4.653782139424386e-16], [4.004512906950504, 2.669043237437341, -2.220446049250313e-16], [6.889495143262108, 2.6461053107102837, 0.015153117930862825], [8.342913930443082, 5.7702855346129835, -0.09133644509200245], [-0.740957156134899, 0.9573086331267473, 1.6576249567041526], [-0.7403441374982864, 0.9578759505919714, -1.6572572044109055], [-0.7398087682475256, -1.9129195628917242, 4.789684910633252e-05], [3.570540668084356, -1.0289591506283682, 1.6435060410478224], [3.5698185622302248, -1.0232239107877021, -1.6473804324126646], [3.347062835471931, 3.701856368118129, -1.6467392426431857], [3.321443073772707, 3.6944383476861473, 1.6452150605036726], [7.605575982609201, 1.6361995405524983, 1.644623318190934], [7.604873004657486, 1.688636412804975, -1.6479510681179221], [7.475879706166882, 6.626933339153158, 2.101261491388341]], "name": "C4H10S", "identifiers": {"molecule_hash": "b741b21d75a337453cf4e81fbfeef721e75ca8cd", "molecular_formula": "C4H10S"}, "molecular_charge": 0.0, "molecular_multiplicity": 1, "connectivity": [[0, 1, 1.0], [0, 5, 1.0], [0, 6, 1.0], [0, 7, 1.0], [1, 2, 1.0], [1, 8, 1.0], [1, 9, 1.0], [2, 3, 1.0], [2, 10, 1.0], [2, 11, 1.0], [3, 4, 1.0], [3, 12, 1.0], [3, 13, 1.0], [4, 14, 1.0]], "fix_com": true, "fix_orientation": true, "provenance": {"creator": "QCElemental", "version": "v0.22.0", "routine": "qcelemental.molparse.from_schema"}, "id": "15624"}, "charge": 0, "optimize_geometry": false, "conformers": [], "conformer_generation_options": {"n_conformer_pool": 4000, "n_max_conformers": 0, "rms_tolerance": 0.05, "energy_window": 15, "keep_original_conformer": true}, "stage_1_unrestrained_charges": null, "stage_1_restrained_charges": null, "stage_2_unrestrained_charges": null, "stage_2_restrained_charges": null, "keep_original_orientation": false, "reorientations": [], "translations": [], "rotations": []}}], "charge": -0.3937045175500568}, {"atoms": [{"index": 5, "molecule": {"qcmol": {"schema_name": "qcschema_molecule", "schema_version": 2, "validated": true, "symbols": ["C", "C", "C", "C", "S", "H", "H", "H", "H", "H", "H", "H", "H", "H", "H"], "geometry": [[0.0, 0.0, -0.0], [2.8881002452986793, -4.766102990647233e-16, 4.653782139424386e-16], [4.004512906950504, 2.669043237437341, -2.220446049250313e-16], [6.889495143262108, 2.6461053107102837, 0.015153117930862825], [8.342913930443082, 5.7702855346129835, -0.09133644509200245], [-0.740957156134899, 0.9573086331267473, 1.6576249567041526], [-0.7403441374982864, 0.9578759505919714, -1.6572572044109055], [-0.7398087682475256, -1.9129195628917242, 4.789684910633252e-05], [3.570540668084356, -1.0289591506283682, 1.6435060410478224], [3.5698185622302248, -1.0232239107877021, -1.6473804324126646], [3.347062835471931, 3.701856368118129, -1.6467392426431857], [3.321443073772707, 3.6944383476861473, 1.6452150605036726], [7.605575982609201, 1.6361995405524983, 1.644623318190934], [7.604873004657486, 1.688636412804975, -1.6479510681179221], [7.475879706166882, 6.626933339153158, 2.101261491388341]], "name": "C4H10S", "identifiers": {"molecule_hash": "b741b21d75a337453cf4e81fbfeef721e75ca8cd", "molecular_formula": "C4H10S"}, "molecular_charge": 0.0, "molecular_multiplicity": 1, "connectivity": [[0, 1, 1.0], [0, 5, 1.0], [0, 6, 1.0], [0, 7, 1.0], [1, 2, 1.0], [1, 8, 1.0], [1, 9, 1.0], [2, 3, 1.0], [2, 10, 1.0], [2, 11, 1.0], [3, 4, 1.0], [3, 12, 1.0], [3, 13, 1.0], [4, 14, 1.0]], "fix_com": true, "fix_orientation": true, "provenance": {"creator": "QCElemental", "version": "v0.22.0", "routine": "qcelemental.molparse.from_schema"}, "id": "15624"}, "charge": 0, "optimize_geometry": false, "conformers": [], "conformer_generation_options": {"n_conformer_pool": 4000, "n_max_conformers": 0, "rms_tolerance": 0.05, "energy_window": 15, "keep_original_conformer": true}, "stage_1_unrestrained_charges": null, "stage_1_restrained_charges": null, "stage_2_unrestrained_charges": null, "stage_2_restrained_charges": null, "keep_original_orientation": false, "reorientations": [], "translations": [], "rotations": []}}], "charge": 0.06861566364242092}, {"atoms": [{"index": 6, "molecule": {"qcmol": {"schema_name": "qcschema_molecule", "schema_version": 2, "validated": true, "symbols": ["C", "C", "C", "C", "S", "H", "H", "H", "H", "H", "H", "H", "H", "H", "H"], "geometry": [[0.0, 0.0, -0.0], [2.8881002452986793, -4.766102990647233e-16, 4.653782139424386e-16], [4.004512906950504, 2.669043237437341, -2.220446049250313e-16], [6.889495143262108, 2.6461053107102837, 0.015153117930862825], [8.342913930443082, 5.7702855346129835, -0.09133644509200245], [-0.740957156134899, 0.9573086331267473, 1.6576249567041526], [-0.7403441374982864, 0.9578759505919714, -1.6572572044109055], [-0.7398087682475256, -1.9129195628917242, 4.789684910633252e-05], [3.570540668084356, -1.0289591506283682, 1.6435060410478224], [3.5698185622302248, -1.0232239107877021, -1.6473804324126646], [3.347062835471931, 3.701856368118129, -1.6467392426431857], [3.321443073772707, 3.6944383476861473, 1.6452150605036726], [7.605575982609201, 1.6361995405524983, 1.644623318190934], [7.604873004657486, 1.688636412804975, -1.6479510681179221], [7.475879706166882, 6.626933339153158, 2.101261491388341]], "name": "C4H10S", "identifiers": {"molecule_hash": "b741b21d75a337453cf4e81fbfeef721e75ca8cd", "molecular_formula": "C4H10S"}, "molecular_charge": 0.0, "molecular_multiplicity": 1, "connectivity": [[0, 1, 1.0], [0, 5, 1.0], [0, 6, 1.0], [0, 7, 1.0], [1, 2, 1.0], [1, 8, 1.0], [1, 9, 1.0], [2, 3, 1.0], [2, 10, 1.0], [2, 11, 1.0], [3, 4, 1.0], [3, 12, 1.0], [3, 13, 1.0], [4, 14, 1.0]], "fix_com": true, "fix_orientation": true, "provenance": {"creator": "QCElemental", "version": "v0.22.0", "routine": "qcelemental.molparse.from_schema"}, "id": "15624"}, "charge": 0, "optimize_geometry": false, "conformers": [], "conformer_generation_options": {"n_conformer_pool": 4000, "n_max_conformers": 0, "rms_tolerance": 0.05, "energy_window": 15, "keep_original_conformer": true}, "stage_1_unrestrained_charges": null, "stage_1_restrained_charges": null, "stage_2_unrestrained_charges": null, "stage_2_restrained_charges": null, "keep_original_orientation": false, "reorientations": [], "translations": [], "rotations": []}}], "charge": 0.07238912928382106}, {"atoms": [{"index": 7, "molecule": {"qcmol": {"schema_name": "qcschema_molecule", "schema_version": 2, "validated": true, "symbols": ["C", "C", "C", "C", "S", "H", "H", "H", "H", "H", "H", "H", "H", "H", "H"], "geometry": [[0.0, 0.0, -0.0], [2.8881002452986793, -4.766102990647233e-16, 4.653782139424386e-16], [4.004512906950504, 2.669043237437341, -2.220446049250313e-16], [6.889495143262108, 2.6461053107102837, 0.015153117930862825], [8.342913930443082, 5.7702855346129835, -0.09133644509200245], [-0.740957156134899, 0.9573086331267473, 1.6576249567041526], [-0.7403441374982864, 0.9578759505919714, -1.6572572044109055], [-0.7398087682475256, -1.9129195628917242, 4.789684910633252e-05], [3.570540668084356, -1.0289591506283682, 1.6435060410478224], [3.5698185622302248, -1.0232239107877021, -1.6473804324126646], [3.347062835471931, 3.701856368118129, -1.6467392426431857], [3.321443073772707, 3.6944383476861473, 1.6452150605036726], [7.605575982609201, 1.6361995405524983, 1.644623318190934], [7.604873004657486, 1.688636412804975, -1.6479510681179221], [7.475879706166882, 6.626933339153158, 2.101261491388341]], "name": "C4H10S", "identifiers": {"molecule_hash": "b741b21d75a337453cf4e81fbfeef721e75ca8cd", "molecular_formula": "C4H10S"}, "molecular_charge": 0.0, "molecular_multiplicity": 1, "connectivity": [[0, 1, 1.0], [0, 5, 1.0], [0, 6, 1.0], [0, 7, 1.0], [1, 2, 1.0], [1, 8, 1.0], [1, 9, 1.0], [2, 3, 1.0], [2, 10, 1.0], [2, 11, 1.0], [3, 4, 1.0], [3, 12, 1.0], [3, 13, 1.0], [4, 14, 1.0]], "fix_com": true, "fix_orientation": true, "provenance": {"creator": "QCElemental", "version": "v0.22.0", "routine": "qcelemental.molparse.from_schema"}, "id": "15624"}, "charge": 0, "optimize_geometry": false, "conformers": [], "conformer_generation_options": {"n_conformer_pool": 4000, "n_max_conformers": 0, "rms_tolerance": 0.05, "energy_window": 15, "keep_original_conformer": true}, "stage_1_unrestrained_charges": null, "stage_1_restrained_charges": null, "stage_2_unrestrained_charges": null, "stage_2_restrained_charges": null, "keep_original_orientation": false, "reorientations": [], "translations": [], "rotations": []}}], "charge": 0.07611099912393278}, {"atoms": [{"index": 8, "molecule": {"qcmol": {"schema_name": "qcschema_molecule", "schema_version": 2, "validated": true, "symbols": ["C", "C", "C", "C", "S", "H", "H", "H", "H", "H", "H", "H", "H", "H", "H"], "geometry": [[0.0, 0.0, -0.0], [2.8881002452986793, -4.766102990647233e-16, 4.653782139424386e-16], [4.004512906950504, 2.669043237437341, -2.220446049250313e-16], [6.889495143262108, 2.6461053107102837, 0.015153117930862825], [8.342913930443082, 5.7702855346129835, -0.09133644509200245], [-0.740957156134899, 0.9573086331267473, 1.6576249567041526], [-0.7403441374982864, 0.9578759505919714, -1.6572572044109055], [-0.7398087682475256, -1.9129195628917242, 4.789684910633252e-05], [3.570540668084356, -1.0289591506283682, 1.6435060410478224], [3.5698185622302248, -1.0232239107877021, -1.6473804324126646], [3.347062835471931, 3.701856368118129, -1.6467392426431857], [3.321443073772707, 3.6944383476861473, 1.6452150605036726], [7.605575982609201, 1.6361995405524983, 1.644623318190934], [7.604873004657486, 1.688636412804975, -1.6479510681179221], [7.475879706166882, 6.626933339153158, 2.101261491388341]], "name": "C4H10S", "identifiers": {"molecule_hash": "b741b21d75a337453cf4e81fbfeef721e75ca8cd", "molecular_formula": "C4H10S"}, "molecular_charge": 0.0, "molecular_multiplicity": 1, "connectivity": [[0, 1, 1.0], [0, 5, 1.0], [0, 6, 1.0], [0, 7, 1.0], [1, 2, 1.0], [1, 8, 1.0], [1, 9, 1.0], [2, 3, 1.0], [2, 10, 1.0], [2, 11, 1.0], [3, 4, 1.0], [3, 12, 1.0], [3, 13, 1.0], [4, 14, 1.0]], "fix_com": true, "fix_orientation": true, "provenance": {"creator": "QCElemental", "version": "v0.22.0", "routine": "qcelemental.molparse.from_schema"}, "id": "15624"}, "charge": 0, "optimize_geometry": false, "conformers": [], "conformer_generation_options": {"n_conformer_pool": 4000, "n_max_conformers": 0, "rms_tolerance": 0.05, "energy_window": 15, "keep_original_conformer": true}, "stage_1_unrestrained_charges": null, "stage_1_restrained_charges": null, "stage_2_unrestrained_charges": null, "stage_2_restrained_charges": null, "keep_original_orientation": false, "reorientations": [], "translations": [], "rotations": []}}], "charge": -0.03579795555357323}, {"atoms": [{"index": 9, "molecule": {"qcmol": {"schema_name": "qcschema_molecule", "schema_version": 2, "validated": true, "symbols": ["C", "C", "C", "C", "S", "H", "H", "H", "H", "H", "H", "H", "H", "H", "H"], "geometry": [[0.0, 0.0, -0.0], [2.8881002452986793, -4.766102990647233e-16, 4.653782139424386e-16], [4.004512906950504, 2.669043237437341, -2.220446049250313e-16], [6.889495143262108, 2.6461053107102837, 0.015153117930862825], [8.342913930443082, 5.7702855346129835, -0.09133644509200245], [-0.740957156134899, 0.9573086331267473, 1.6576249567041526], [-0.7403441374982864, 0.9578759505919714, -1.6572572044109055], [-0.7398087682475256, -1.9129195628917242, 4.789684910633252e-05], [3.570540668084356, -1.0289591506283682, 1.6435060410478224], [3.5698185622302248, -1.0232239107877021, -1.6473804324126646], [3.347062835471931, 3.701856368118129, -1.6467392426431857], [3.321443073772707, 3.6944383476861473, 1.6452150605036726], [7.605575982609201, 1.6361995405524983, 1.644623318190934], [7.604873004657486, 1.688636412804975, -1.6479510681179221], [7.475879706166882, 6.626933339153158, 2.101261491388341]], "name": "C4H10S", "identifiers": {"molecule_hash": "b741b21d75a337453cf4e81fbfeef721e75ca8cd", "molecular_formula": "C4H10S"}, "molecular_charge": 0.0, "molecular_multiplicity": 1, "connectivity": [[0, 1, 1.0], [0, 5, 1.0], [0, 6, 1.0], [0, 7, 1.0], [1, 2, 1.0], [1, 8, 1.0], [1, 9, 1.0], [2, 3, 1.0], [2, 10, 1.0], [2, 11, 1.0], [3, 4, 1.0], [3, 12, 1.0], [3, 13, 1.0], [4, 14, 1.0]], "fix_com": true, "fix_orientation": true, "provenance": {"creator": "QCElemental", "version": "v0.22.0", "routine": "qcelemental.molparse.from_schema"}, "id": "15624"}, "charge": 0, "optimize_geometry": false, "conformers": [], "conformer_generation_options": {"n_conformer_pool": 4000, "n_max_conformers": 0, "rms_tolerance": 0.05, "energy_window": 15, "keep_original_conformer": true}, "stage_1_unrestrained_charges": null, "stage_1_restrained_charges": null, "stage_2_unrestrained_charges": null, "stage_2_restrained_charges": null, "keep_original_orientation": false, "reorientations": [], "translations": [], "rotations": []}}], "charge": -0.0345166687795615}, {"atoms": [{"index": 10, "molecule": {"qcmol": {"schema_name": "qcschema_molecule", "schema_version": 2, "validated": true, "symbols": ["C", "C", "C", "C", "S", "H", "H", "H", "H", "H", "H", "H", "H", "H", "H"], "geometry": [[0.0, 0.0, -0.0], [2.8881002452986793, -4.766102990647233e-16, 4.653782139424386e-16], [4.004512906950504, 2.669043237437341, -2.220446049250313e-16], [6.889495143262108, 2.6461053107102837, 0.015153117930862825], [8.342913930443082, 5.7702855346129835, -0.09133644509200245], [-0.740957156134899, 0.9573086331267473, 1.6576249567041526], [-0.7403441374982864, 0.9578759505919714, -1.6572572044109055], [-0.7398087682475256, -1.9129195628917242, 4.789684910633252e-05], [3.570540668084356, -1.0289591506283682, 1.6435060410478224], [3.5698185622302248, -1.0232239107877021, -1.6473804324126646], [3.347062835471931, 3.701856368118129, -1.6467392426431857], [3.321443073772707, 3.6944383476861473, 1.6452150605036726], [7.605575982609201, 1.6361995405524983, 1.644623318190934], [7.604873004657486, 1.688636412804975, -1.6479510681179221], [7.475879706166882, 6.626933339153158, 2.101261491388341]], "name": "C4H10S", "identifiers": {"molecule_hash": "b741b21d75a337453cf4e81fbfeef721e75ca8cd", "molecular_formula": "C4H10S"}, "molecular_charge": 0.0, "molecular_multiplicity": 1, "connectivity": [[0, 1, 1.0], [0, 5, 1.0], [0, 6, 1.0], [0, 7, 1.0], [1, 2, 1.0], [1, 8, 1.0], [1, 9, 1.0], [2, 3, 1.0], [2, 10, 1.0], [2, 11, 1.0], [3, 4, 1.0], [3, 12, 1.0], [3, 13, 1.0], [4, 14, 1.0]], "fix_com": true, "fix_orientation": true, "provenance": {"creator": "QCElemental", "version": "v0.22.0", "routine": "qcelemental.molparse.from_schema"}, "id": "15624"}, "charge": 0, "optimize_geometry": false, "conformers": [], "conformer_generation_options": {"n_conformer_pool": 4000, "n_max_conformers": 0, "rms_tolerance": 0.05, "energy_window": 15, "keep_original_conformer": true}, "stage_1_unrestrained_charges": null, "stage_1_restrained_charges": null, "stage_2_unrestrained_charges": null, "stage_2_restrained_charges": null, "keep_original_orientation": false, "reorientations": [], "translations": [], "rotations": []}}], "charge": -0.005600863213679049}, {"atoms": [{"index": 11, "molecule": {"qcmol": {"schema_name": "qcschema_molecule", "schema_version": 2, "validated": true, "symbols": ["C", "C", "C", "C", "S", "H", "H", "H", "H", "H", "H", "H", "H", "H", "H"], "geometry": [[0.0, 0.0, -0.0], [2.8881002452986793, -4.766102990647233e-16, 4.653782139424386e-16], [4.004512906950504, 2.669043237437341, -2.220446049250313e-16], [6.889495143262108, 2.6461053107102837, 0.015153117930862825], [8.342913930443082, 5.7702855346129835, -0.09133644509200245], [-0.740957156134899, 0.9573086331267473, 1.6576249567041526], [-0.7403441374982864, 0.9578759505919714, -1.6572572044109055], [-0.7398087682475256, -1.9129195628917242, 4.789684910633252e-05], [3.570540668084356, -1.0289591506283682, 1.6435060410478224], [3.5698185622302248, -1.0232239107877021, -1.6473804324126646], [3.347062835471931, 3.701856368118129, -1.6467392426431857], [3.321443073772707, 3.6944383476861473, 1.6452150605036726], [7.605575982609201, 1.6361995405524983, 1.644623318190934], [7.604873004657486, 1.688636412804975, -1.6479510681179221], [7.475879706166882, 6.626933339153158, 2.101261491388341]], "name": "C4H10S", "identifiers": {"molecule_hash": "b741b21d75a337453cf4e81fbfeef721e75ca8cd", "molecular_formula": "C4H10S"}, "molecular_charge": 0.0, "molecular_multiplicity": 1, "connectivity": [[0, 1, 1.0], [0, 5, 1.0], [0, 6, 1.0], [0, 7, 1.0], [1, 2, 1.0], [1, 8, 1.0], [1, 9, 1.0], [2, 3, 1.0], [2, 10, 1.0], [2, 11, 1.0], [3, 4, 1.0], [3, 12, 1.0], [3, 13, 1.0], [4, 14, 1.0]], "fix_com": true, "fix_orientation": true, "provenance": {"creator": "QCElemental", "version": "v0.22.0", "routine": "qcelemental.molparse.from_schema"}, "id": "15624"}, "charge": 0, "optimize_geometry": false, "conformers": [], "conformer_generation_options": {"n_conformer_pool": 4000, "n_max_conformers": 0, "rms_tolerance": 0.05, "energy_window": 15, "keep_original_conformer": true}, "stage_1_unrestrained_charges": null, "stage_1_restrained_charges": null, "stage_2_unrestrained_charges": null, "stage_2_restrained_charges": null, "keep_original_orientation": false, "reorientations": [], "translations": [], "rotations": []}}], "charge": -0.0024075693951290805}, {"atoms": [{"index": 12, "molecule": {"qcmol": {"schema_name": "qcschema_molecule", "schema_version": 2, "validated": true, "symbols": ["C", "C", "C", "C", "S", "H", "H", "H", "H", "H", "H", "H", "H", "H", "H"], "geometry": [[0.0, 0.0, -0.0], [2.8881002452986793, -4.766102990647233e-16, 4.653782139424386e-16], [4.004512906950504, 2.669043237437341, -2.220446049250313e-16], [6.889495143262108, 2.6461053107102837, 0.015153117930862825], [8.342913930443082, 5.7702855346129835, -0.09133644509200245], [-0.740957156134899, 0.9573086331267473, 1.6576249567041526], [-0.7403441374982864, 0.9578759505919714, -1.6572572044109055], [-0.7398087682475256, -1.9129195628917242, 4.789684910633252e-05], [3.570540668084356, -1.0289591506283682, 1.6435060410478224], [3.5698185622302248, -1.0232239107877021, -1.6473804324126646], [3.347062835471931, 3.701856368118129, -1.6467392426431857], [3.321443073772707, 3.6944383476861473, 1.6452150605036726], [7.605575982609201, 1.6361995405524983, 1.644623318190934], [7.604873004657486, 1.688636412804975, -1.6479510681179221], [7.475879706166882, 6.626933339153158, 2.101261491388341]], "name": "C4H10S", "identifiers": {"molecule_hash": "b741b21d75a337453cf4e81fbfeef721e75ca8cd", "molecular_formula": "C4H10S"}, "molecular_charge": 0.0, "molecular_multiplicity": 1, "connectivity": [[0, 1, 1.0], [0, 5, 1.0], [0, 6, 1.0], [0, 7, 1.0], [1, 2, 1.0], [1, 8, 1.0], [1, 9, 1.0], [2, 3, 1.0], [2, 10, 1.0], [2, 11, 1.0], [3, 4, 1.0], [3, 12, 1.0], [3, 13, 1.0], [4, 14, 1.0]], "fix_com": true, "fix_orientation": true, "provenance": {"creator": "QCElemental", "version": "v0.22.0", "routine": "qcelemental.molparse.from_schema"}, "id": "15624"}, "charge": 0, "optimize_geometry": false, "conformers": [], "conformer_generation_options": {"n_conformer_pool": 4000, "n_max_conformers": 0, "rms_tolerance": 0.05, "energy_window": 15, "keep_original_conformer": true}, "stage_1_unrestrained_charges": null, "stage_1_restrained_charges": null, "stage_2_unrestrained_charges": null, "stage_2_restrained_charges": null, "keep_original_orientation": false, "reorientations": [], "translations": [], "rotations": []}}], "charge": 0.09367980908297034}, {"atoms": [{"index": 13, "molecule": {"qcmol": {"schema_name": "qcschema_molecule", "schema_version": 2, "validated": true, "symbols": ["C", "C", "C", "C", "S", "H", "H", "H", "H", "H", "H", "H", "H", "H", "H"], "geometry": [[0.0, 0.0, -0.0], [2.8881002452986793, -4.766102990647233e-16, 4.653782139424386e-16], [4.004512906950504, 2.669043237437341, -2.220446049250313e-16], [6.889495143262108, 2.6461053107102837, 0.015153117930862825], [8.342913930443082, 5.7702855346129835, -0.09133644509200245], [-0.740957156134899, 0.9573086331267473, 1.6576249567041526], [-0.7403441374982864, 0.9578759505919714, -1.6572572044109055], [-0.7398087682475256, -1.9129195628917242, 4.789684910633252e-05], [3.570540668084356, -1.0289591506283682, 1.6435060410478224], [3.5698185622302248, -1.0232239107877021, -1.6473804324126646], [3.347062835471931, 3.701856368118129, -1.6467392426431857], [3.321443073772707, 3.6944383476861473, 1.6452150605036726], [7.605575982609201, 1.6361995405524983, 1.644623318190934], [7.604873004657486, 1.688636412804975, -1.6479510681179221], [7.475879706166882, 6.626933339153158, 2.101261491388341]], "name": "C4H10S", "identifiers": {"molecule_hash": "b741b21d75a337453cf4e81fbfeef721e75ca8cd", "molecular_formula": "C4H10S"}, "molecular_charge": 0.0, "molecular_multiplicity": 1, "connectivity": [[0, 1, 1.0], [0, 5, 1.0], [0, 6, 1.0], [0, 7, 1.0], [1, 2, 1.0], [1, 8, 1.0], [1, 9, 1.0], [2, 3, 1.0], [2, 10, 1.0], [2, 11, 1.0], [3, 4, 1.0], [3, 12, 1.0], [3, 13, 1.0], [4, 14, 1.0]], "fix_com": true, "fix_orientation": true, "provenance": {"creator": "QCElemental", "version": "v0.22.0", "routine": "qcelemental.molparse.from_schema"}, "id": "15624"}, "charge": 0, "optimize_geometry": false, "conformers": [], "conformer_generation_options": {"n_conformer_pool": 4000, "n_max_conformers": 0, "rms_tolerance": 0.05, "energy_window": 15, "keep_original_conformer": true}, "stage_1_unrestrained_charges": null, "stage_1_restrained_charges": null, "stage_2_unrestrained_charges": null, "stage_2_restrained_charges": null, "keep_original_orientation": false, "reorientations": [], "translations": [], "rotations": []}}], "charge": 0.10145750286758065}, {"atoms": [{"index": 14, "molecule": {"qcmol": {"schema_name": "qcschema_molecule", "schema_version": 2, "validated": true, "symbols": ["C", "C", "C", "C", "S", "H", "H", "H", "H", "H", "H", "H", "H", "H", "H"], "geometry": [[0.0, 0.0, -0.0], [2.8881002452986793, -4.766102990647233e-16, 4.653782139424386e-16], [4.004512906950504, 2.669043237437341, -2.220446049250313e-16], [6.889495143262108, 2.6461053107102837, 0.015153117930862825], [8.342913930443082, 5.7702855346129835, -0.09133644509200245], [-0.740957156134899, 0.9573086331267473, 1.6576249567041526], [-0.7403441374982864, 0.9578759505919714, -1.6572572044109055], [-0.7398087682475256, -1.9129195628917242, 4.789684910633252e-05], [3.570540668084356, -1.0289591506283682, 1.6435060410478224], [3.5698185622302248, -1.0232239107877021, -1.6473804324126646], [3.347062835471931, 3.701856368118129, -1.6467392426431857], [3.321443073772707, 3.6944383476861473, 1.6452150605036726], [7.605575982609201, 1.6361995405524983, 1.644623318190934], [7.604873004657486, 1.688636412804975, -1.6479510681179221], [7.475879706166882, 6.626933339153158, 2.101261491388341]], "name": "C4H10S", "identifiers": {"molecule_hash": "b741b21d75a337453cf4e81fbfeef721e75ca8cd", "molecular_formula": "C4H10S"}, "molecular_charge": 0.0, "molecular_multiplicity": 1, "connectivity": [[0, 1, 1.0], [0, 5, 1.0], [0, 6, 1.0], [0, 7, 1.0], [1, 2, 1.0], [1, 8, 1.0], [1, 9, 1.0], [2, 3, 1.0], [2, 10, 1.0], [2, 11, 1.0], [3, 4, 1.0], [3, 12, 1.0], [3, 13, 1.0], [4, 14, 1.0]], "fix_com": true, "fix_orientation": true, "provenance": {"creator": "QCElemental", "version": "v0.22.0", "routine": "qcelemental.molparse.from_schema"}, "id": "15624"}, "charge": 0, "optimize_geometry": false, "conformers": [], "conformer_generation_options": {"n_conformer_pool": 4000, "n_max_conformers": 0, "rms_tolerance": 0.05, "energy_window": 15, "keep_original_conformer": true}, "stage_1_unrestrained_charges": null, "stage_1_restrained_charges": null, "stage_2_unrestrained_charges": null, "stage_2_restrained_charges": null, "keep_original_orientation": false, "reorientations": [], "translations": [], "rotations": []}}], "charge": 0.2029706726615636}], "charge_equivalence_constraints": [], "molecules": [{"qcmol": {"schema_name": "qcschema_molecule", "schema_version": 2, "validated": true, "symbols": ["C", "C", "C", "C", "S", "H", "H", "H", "H", "H", "H", "H", "H", "H", "H"], "geometry": [[0.0, 0.0, -0.0], [2.8881002452986793, -4.766102990647233e-16, 4.653782139424386e-16], [4.004512906950504, 2.669043237437341, -2.220446049250313e-16], [6.889495143262108, 2.6461053107102837, 0.015153117930862825], [8.342913930443082, 5.7702855346129835, -0.09133644509200245], [-0.740957156134899, 0.9573086331267473, 1.6576249567041526], [-0.7403441374982864, 0.9578759505919714, -1.6572572044109055], [-0.7398087682475256, -1.9129195628917242, 4.789684910633252e-05], [3.570540668084356, -1.0289591506283682, 1.6435060410478224], [3.5698185622302248, -1.0232239107877021, -1.6473804324126646], [3.347062835471931, 3.701856368118129, -1.6467392426431857], [3.321443073772707, 3.6944383476861473, 1.6452150605036726], [7.605575982609201, 1.6361995405524983, 1.644623318190934], [7.604873004657486, 1.688636412804975, -1.6479510681179221], [7.475879706166882, 6.626933339153158, 2.101261491388341]], "name": "C4H10S", "identifiers": {"molecule_hash": "b741b21d75a337453cf4e81fbfeef721e75ca8cd", "molecular_formula": "C4H10S"}, "molecular_charge": 0.0, "molecular_multiplicity": 1, "connectivity": [[0, 1, 1.0], [0, 5, 1.0], [0, 6, 1.0], [0, 7, 1.0], [1, 2, 1.0], [1, 8, 1.0], [1, 9, 1.0], [2, 3, 1.0], [2, 10, 1.0], [2, 11, 1.0], [3, 4, 1.0], [3, 12, 1.0], [3, 13, 1.0], [4, 14, 1.0]], "fix_com": true, "fix_orientation": true, "provenance": {"creator": "QCElemental", "version": "v0.22.0", "routine": "qcelemental.molparse.from_schema"}, "id": "15624"}, "charge": 0, "optimize_geometry": false, "conformers": [], "conformer_generation_options": {"n_conformer_pool": 4000, "n_max_conformers": 0, "rms_tolerance": 0.05, "energy_window": 15, "keep_original_conformer": true}, "stage_1_unrestrained_charges": null, "stage_1_restrained_charges": null, "stage_2_unrestrained_charges": null, "stage_2_restrained_charges": null, "keep_original_orientation": false, "reorientations": [], "translations": [], "rotations": []}], "unconstrained_atoms": []}, "surface_constraints": {"matrix": [[641848368847229.4, 620271085060866.6, 593082564060251.2, 560347980191868.56, 517754988904674.7, 643808834255259.4, 644495534810070.4, 644541462938311.8, 616949253760288.2, 618341594791881.6, 590588587963480.2, 594028980719191.1, 556147177049317.7, 558469045101611.94, 521844167060700.25], [620271085060866.6, 635577284722802.1, 615655753946739.2, 587046261352755.5, 547554624543324.06, 612818192727846.6, 613989549631941.9, 613308540345755.8, 642797978583704.8, 645205646177195.8, 615220764051879.6, 615527716775494.1, 584562959562926.1, 583347473763657.8, 549035612617678.6], [593082564060251.2, 615655753946739.2, 630699429917201.8, 609092166955127.9, 570409292376549.5, 584851004681463.9, 578372456747281.2, 591650421694201.6, 612514149492840.1, 615449762220987.4, 640756643736775.1, 641261085503128.6, 608088629874925.6, 607193213789276.0, 574482540481215.2], [560347980191868.56, 587046261352755.5, 609092166955127.9, 620915275044506.4, 589574137116167.0, 555216394560324.3, 543771756937539.2, 556080950932767.94, 587133575996251.1, 583422020130218.1, 609267265021242.8, 609940345121438.0, 630655362919736.9, 629701362271527.1, 588420170218525.4], [517754988904674.7, 547554624543324.06, 570409292376549.5, 589574137116167.0, 604471441894615.0, 512088677778531.8, 504193945123128.9, 509584031009008.8, 554963707721415.94, 540060455825512.1, 569243435654981.5, 568962827442739.8, 588427683166952.0, 587957791102139.5, 607215773175470.8], [643808834255259.4, 612818192727846.6, 584851004681463.9, 555216394560324.3, 512088677778531.8, 674002014350173.8, 636414029836915.4, 636590979123464.1, 605129820455930.6, 609098165057588.4, 575992862230062.4, 589332051127586.9, 553432315091773.6, 553952341365895.8, 517148944828966.7], [644495534810070.4, 613989549631941.9, 578372456747281.2, 543771756937539.2, 504193945123128.9, 636414029836915.4, 675060618224077.0, 636755077753172.8, 610967202627472.8, 612122066220991.9, 575294742507107.5, 576070080863172.9, 536863938881066.7, 541481236395624.2, 509852141516497.1], [644541462938311.8, 613308540345755.8, 591650421694201.6, 556080950932767.94, 509584031009008.8, 636590979123464.1, 636755077753172.8, 676218621215407.4, 605720234734674.9, 603835844745272.4, 594792180657001.6, 593033880819704.8, 551280153897507.6, 555740033113250.7, 512644107183333.4], [616949253760288.2, 642797978583704.8, 612514149492840.1, 587133575996251.1, 554963707721415.94, 605129820455930.6, 610967202627472.8, 605720234734674.9, 677134072663645.0, 642459913108462.4, 605546351963760.1, 607980930761106.5, 585693848738047.8, 579835707090608.1, 555012988649007.44], [618341594791881.6, 645205646177195.8, 615449762220987.4, 583422020130218.1, 540060455825512.1, 609098165057588.4, 612122066220991.9, 603835844745272.4, 642459913108462.4, 681915548447201.0, 614929703365029.4, 610234808889632.5, 580412822684708.4, 580754672743102.1, 538917651381459.0], [590588587963480.2, 615220764051879.6, 640756643736775.1, 609267265021242.8, 569243435654981.5, 575992862230062.4, 575294742507107.5, 594792180657001.6, 605546351963760.1, 614929703365029.4, 677748160350787.2, 640874868524342.2, 598976553862212.6, 609508782494841.2, 571955255012508.2], [594028980719191.1, 615527716775494.1, 641261085503128.6, 609940345121438.0, 568962827442739.8, 589332051127586.9, 576070080863172.9, 593033880819704.8, 607980930761106.5, 610234808889632.5, 640874868524342.2, 678911879803706.8, 610941611838319.8, 599070984676583.5, 580180047538391.9], [556147177049317.7, 584562959562926.1, 608088629874925.6, 630655362919736.9, 588427683166952.0, 553432315091773.6, 536863938881066.7, 551280153897507.6, 585693848738047.8, 580412822684708.4, 598976553862212.6, 610941611838319.8, 666398817193346.6, 629431473025383.1, 584440806121860.0], [558469045101611.94, 583347473763657.8, 607193213789276.0, 629701362271527.1, 587957791102139.5, 553952341365895.8, 541481236395624.2, 555740033113250.7, 579835707090608.1, 580754672743102.1, 609508782494841.2, 599070984676583.5, 629431473025383.1, 664526113514753.2, 580318660138165.8], [521844167060700.25, 549035612617678.6, 574482540481215.2, 588420170218525.4, 607215773175470.8, 517148944828966.7, 509852141516497.1, 512644107183333.4, 555012988649007.44, 538917651381459.0, 571955255012508.2, 580180047538391.9, 584440806121860.0, 580318660138165.8, 648043955863892.2], [12681850934930.432, 11948914750454.71, 11807058057104.734, 8372245830093.652, -2464978890447.505, 12713941236954.924, 12199593905155.38, 13509700652800.799, 10002177121556.63, 12851252225716.25, 11943273302229.576, 13741329523841.535, 10367908274825.805, 9721561113646.752, 3956671651377.851]]}}