{"resp_b": 0.1, "restrained_fit": true, "exclude_hydrogens": true, "convergence_tolerance": 1e-06, "max_iter": 500, "resp_a": 0.001, "charge_constraints": {"charge_sum_constraints": [{"atoms": [{"index": 0, "molecule": {"qcmol": {"schema_name": "qcschema_molecule", "schema_version": 2, "validated": true, "symbols": ["C", "C", "C", "C", "S", "H", "H", "H", "H", "H", "H", "H", "H", "H", "H"], "geometry": [[0.0, 0.0, -0.0], [2.8881002452986793, -4.766102990647233e-16, 4.653782139424386e-16], [4.004512906950504, 2.669043237437341, -2.220446049250313e-16], [6.889495143262108, 2.6461053107102837, 0.015153117930862825], [8.342913930443082, 5.7702855346129835, -0.09133644509200245], [-0.740957156134899, 0.9573086331267473, 1.6576249567041526], [-0.7403441374982864, 0.9578759505919714, -1.6572572044109055], [-0.7398087682475256, -1.9129195628917242, 4.789684910633252e-05], [3.570540668084356, -1.0289591506283682, 1.6435060410478224], [3.5698185622302248, -1.0232239107877021, -1.6473804324126646], [3.347062835471931, 3.701856368118129, -1.6467392426431857], [3.321443073772707, 3.6944383476861473, 1.6452150605036726], [7.605575982609201, 1.6361995405524983, 1.644623318190934], [7.604873004657486, 1.688636412804975, -1.6479510681179221], [7.475879706166882, 6.626933339153158, 2.101261491388341]], "name": "C4H10S", "identifiers": {"molecule_hash": "b741b21d75a337453cf4e81fbfeef721e75ca8cd", "molecular_formula": "C4H10S"}, "molecular_charge": 0.0, "molecular_multiplicity": 1, "connectivity": [[0, 1, 1.0], [0, 5, 1.0], [0, 6, 1.0], [0, 7, 1.0], [1, 2, 1.0], [1, 8, 1.0], [1, 9, 1.0], [2, 3, 1.0], [2, 10, 1.0], [2, 11, 1.0], [3, 4, 1.0], [3, 12, 1.0], [3, 13, 1.0], [4, 14, 1.0]], "fix_com": true, "fix_orientation": true, "provenance": {"creator": "QCElemental", "version": "v0.22.0", "routine": "qcelemental.molparse.from_schema"}, "id": "15624"}, "charge": 0, "optimize_geometry": false, "conformers": [], "conformer_generation_options": {"n_conformer_pool": 4000, "n_max_conformers": 0, "rms_tolerance": 0.05, "energy_window": 15, "keep_original_conformer": true}, "stage_1_unrestrained_charges": null, "stage_1_restrained_charges": null, "stage_2_unrestrained_charges": null, "stage_2_restrained_charges": null, "keep_original_orientation": false, "reorientations": [], "translations": [], "rotations": []}}], "charge": -0.3617089151739731}, {"atoms": [{"index": 1, "molecule": {"qcmol": {"schema_name": "qcschema_molecule", "schema_version": 2, "validated": true, "symbols": ["C", "C", "C", "C", "S", "H", "H", "H", "H", "H", "H", "H", "H", "H", "H"], "geometry": [[0.0, 0.0, -0.0], [2.8881002452986793, -4.766102990647233e-16, 4.653782139424386e-16], [4.004512906950504, 2.669043237437341, -2.220446049250313e-16], [6.889495143262108, 2.6461053107102837, 0.015153117930862825], [8.342913930443082, 5.7702855346129835, -0.09133644509200245], [-0.740957156134899, 0.9573086331267473, 1.6576249567041526], [-0.7403441374982864, 0.9578759505919714, -1.6572572044109055], [-0.7398087682475256, -1.9129195628917242, 4.789684910633252e-05], [3.570540668084356, -1.0289591506283682, 1.6435060410478224], [3.5698185622302248, -1.0232239107877021, -1.6473804324126646], [3.347062835471931, 3.701856368118129, -1.6467392426431857], [3.321443073772707, 3.6944383476861473, 1.6452150605036726], [7.605575982609201, 1.6361995405524983, 1.644623318190934], [7.604873004657486, 1.688636412804975, -1.6479510681179221], [7.475879706166882, 6.626933339153158, 2.101261491388341]], "name": "C4H10S", "identifiers": {"molecule_hash": "b741b21d75a337453cf4e81fbfeef721e75ca8cd", "molecular_formula": "C4H10S"}, "molecular_charge": 0.0, "molecular_multiplicity": 1, "connectivity": [[0, 1, 1.0], [0, 5, 1.0], [0, 6, 1.0], [0, 7, 1.0], [1, 2, 1.0], [1, 8, 1.0], [1, 9, 1.0], [2, 3, 1.0], [2, 10, 1.0], [2, 11, 1.0], [3, 4, 1.0], [3, 12, 1.0], [3, 13, 1.0], [4, 14, 1.0]], "fix_com": true, "fix_orientation": true, "provenance": {"creator": "QCElemental", "version": "v0.22.0", "routine": "qcelemental.molparse.from_schema"}, "id": "15624"}, "charge": 0, "optimize_geometry": false, "conformers": [], "conformer_generation_options": {"n_conformer_pool": 4000, "n_max_conformers": 0, "rms_tolerance": 0.05, "energy_window": 15, "keep_original_conformer": true}, "stage_1_unrestrained_charges": null, "stage_1_restrained_charges": null, "stage_2_unrestrained_charges": null, "stage_2_restrained_charges": null, "keep_original_orientation": false, "reorientations": [], "translations": [], "rotations": []}}], "charge": 0.2454293006784172}, {"atoms": [{"index": 2, "molecule": {"qcmol": {"schema_name": "qcschema_molecule", "schema_version": 2, "validated": true, "symbols": ["C", "C", "C", "C", "S", "H", "H", "H", "H", "H", "H", "H", "H", "H", "H"], "geometry": [[0.0, 0.0, -0.0], [2.8881002452986793, -4.766102990647233e-16, 4.653782139424386e-16], [4.004512906950504, 2.669043237437341, -2.220446049250313e-16], [6.889495143262108, 2.6461053107102837, 0.015153117930862825], [8.342913930443082, 5.7702855346129835, -0.09133644509200245], [-0.740957156134899, 0.9573086331267473, 1.6576249567041526], [-0.7403441374982864, 0.9578759505919714, -1.6572572044109055], [-0.7398087682475256, -1.9129195628917242, 4.789684910633252e-05], [3.570540668084356, -1.0289591506283682, 1.6435060410478224], [3.5698185622302248, -1.0232239107877021, -1.6473804324126646], [3.347062835471931, 3.701856368118129, -1.6467392426431857], [3.321443073772707, 3.6944383476861473, 1.6452150605036726], [7.605575982609201, 1.6361995405524983, 1.644623318190934], [7.604873004657486, 1.688636412804975, -1.6479510681179221], [7.475879706166882, 6.626933339153158, 2.101261491388341]], "name": "C4H10S", "identifiers": {"molecule_hash": "b741b21d75a337453cf4e81fbfeef721e75ca8cd", "molecular_formula": "C4H10S"}, "molecular_charge": 0.0, "molecular_multiplicity": 1, "connectivity": [[0, 1, 1.0], [0, 5, 1.0], [0, 6, 1.0], [0, 7, 1.0], [1, 2, 1.0], [1, 8, 1.0], [1, 9, 1.0], [2, 3, 1.0], [2, 10, 1.0], [2, 11, 1.0], [3, 4, 1.0], [3, 12, 1.0], [3, 13, 1.0], [4, 14, 1.0]], "fix_com": true, "fix_orientation": true, "provenance": {"creator": "QCElemental", "version": "v0.22.0", "routine": "qcelemental.molparse.from_schema"}, "id": "15624"}, "charge": 0, "optimize_geometry": false, "conformers": [], "conformer_generation_options": {"n_conformer_pool": 4000, "n_max_conformers": 0, "rms_tolerance": 0.05, "energy_window": 15, "keep_original_conformer": true}, "stage_1_unrestrained_charges": null, "stage_1_restrained_charges": null, "stage_2_unrestrained_charges": null, "stage_2_restrained_charges": null, "keep_original_orientation": false, "reorientations": [], "translations": [], "rotations": []}}], "charge": 0.0881693510218454}, {"atoms": [{"index": 3, "molecule": {"qcmol": {"schema_name": "qcschema_molecule", "schema_version": 2, "validated": true, "symbols": ["C", "C", "C", "C", "S", "H", "H", "H", "H", "H", "H", "H", "H", "H", "H"], "geometry": [[0.0, 0.0, -0.0], [2.8881002452986793, -4.766102990647233e-16, 4.653782139424386e-16], [4.004512906950504, 2.669043237437341, -2.220446049250313e-16], [6.889495143262108, 2.6461053107102837, 0.015153117930862825], [8.342913930443082, 5.7702855346129835, -0.09133644509200245], [-0.740957156134899, 0.9573086331267473, 1.6576249567041526], [-0.7403441374982864, 0.9578759505919714, -1.6572572044109055], [-0.7398087682475256, -1.9129195628917242, 4.789684910633252e-05], [3.570540668084356, -1.0289591506283682, 1.6435060410478224], [3.5698185622302248, -1.0232239107877021, -1.6473804324126646], [3.347062835471931, 3.701856368118129, -1.6467392426431857], [3.321443073772707, 3.6944383476861473, 1.6452150605036726], [7.605575982609201, 1.6361995405524983, 1.644623318190934], [7.604873004657486, 1.688636412804975, -1.6479510681179221], [7.475879706166882, 6.626933339153158, 2.101261491388341]], "name": "C4H10S", "identifiers": {"molecule_hash": "b741b21d75a337453cf4e81fbfeef721e75ca8cd", "molecular_formula": "C4H10S"}, "molecular_charge": 0.0, "molecular_multiplicity": 1, "connectivity": [[0, 1, 1.0], [0, 5, 1.0], [0, 6, 1.0], [0, 7, 1.0], [1, 2, 1.0], [1, 8, 1.0], [1, 9, 1.0], [2, 3, 1.0], [2, 10, 1.0], [2, 11, 1.0], [3, 4, 1.0], [3, 12, 1.0], [3, 13, 1.0], [4, 14, 1.0]], "fix_com": true, "fix_orientation": true, "provenance": {"creator": "QCElemental", "version": "v0.22.0", "routine": "qcelemental.molparse.from_schema"}, "id": "15624"}, "charge": 0, "optimize_geometry": false, "conformers": [], "conformer_generation_options": {"n_conformer_pool": 4000, "n_max_conformers": 0, "rms_tolerance": 0.05, "energy_window": 15, "keep_original_conformer": true}, "stage_1_unrestrained_charges": null, "stage_1_restrained_charges": null, "stage_2_unrestrained_charges": null, "stage_2_restrained_charges": null, "keep_original_orientation": false, "reorientations": [], "translations": [], "rotations": []}}], "charge": -0.13270479604249905}, {"atoms": [{"index": 4, "molecule": {"qcmol": {"schema_name": "qcschema_molecule", "schema_version": 2, "validated": true, "symbols": ["C", "C", "C", "C", "S", "H", "H", "H", "H", "H", "H", "H", "H", "H", "H"], "geometry": [[0.0, 0.0, -0.0], [2.8881002452986793, -4.766102990647233e-16, 4.653782139424386e-16], [4.004512906950504, 2.669043237437341, -2.220446049250313e-16], [6.889495143262108, 2.6461053107102837, 0.015153117930862825], [8.342913930443082, 5.7702855346129835, -0.09133644509200245], [-0.740957156134899, 0.9573086331267473, 1.6576249567041526], [-0.7403441374982864, 0.9578759505919714, -1.6572572044109055], [-0.7398087682475256, -1.9129195628917242, 4.789684910633252e-05], [3.570540668084356, -1.0289591506283682, 1.6435060410478224], [3.5698185622302248, -1.0232239107877021, -1.6473804324126646], [3.347062835471931, 3.701856368118129, -1.6467392426431857], [3.321443073772707, 3.6944383476861473, 1.6452150605036726], [7.605575982609201, 1.6361995405524983, 1.644623318190934], [7.604873004657486, 1.688636412804975, -1.6479510681179221], [7.475879706166882, 6.626933339153158, 2.101261491388341]], "name": "C4H10S", "identifiers": {"molecule_hash": "b741b21d75a337453cf4e81fbfeef721e75ca8cd", "molecular_formula": "C4H10S"}, "molecular_charge": 0.0, "molecular_multiplicity": 1, "connectivity": [[0, 1, 1.0], [0, 5, 1.0], [0, 6, 1.0], [0, 7, 1.0], [1, 2, 1.0], [1, 8, 1.0], [1, 9, 1.0], [2, 3, 1.0], [2, 10, 1.0], [2, 11, 1.0], [3, 4, 1.0], [3, 12, 1.0], [3, 13, 1.0], [4, 14, 1.0]], "fix_com": true, "fix_orientation": true, "provenance": {"creator": "QCElemental", "version": "v0.22.0", "routine": "qcelemental.molparse.from_schema"}, "id": "15624"}, "charge": 0, "optimize_geometry": false, "conformers": [], "conformer_generation_options": {"n_conformer_pool": 4000, "n_max_conformers": 0, "rms_tolerance": 0.05, "energy_window": 15, "keep_original_conformer": true}, "stage_1_unrestrained_charges": null, "stage_1_restrained_charges": null, "stage_2_unrestrained_charges": null, "stage_2_restrained_charges": null, "keep_original_orientation": false, "reorientations": [], "translations": [], "rotations": []}}], "charge": -0.3921561286436017}, {"atoms": [{"index": 5, "molecule": {"qcmol": {"schema_name": "qcschema_molecule", "schema_version": 2, "validated": true, "symbols": ["C", "C", "C", "C", "S", "H", "H", "H", "H", "H", "H", "H", "H", "H", "H"], "geometry": [[0.0, 0.0, -0.0], [2.8881002452986793, -4.766102990647233e-16, 4.653782139424386e-16], [4.004512906950504, 2.669043237437341, -2.220446049250313e-16], [6.889495143262108, 2.6461053107102837, 0.015153117930862825], [8.342913930443082, 5.7702855346129835, -0.09133644509200245], [-0.740957156134899, 0.9573086331267473, 1.6576249567041526], [-0.7403441374982864, 0.9578759505919714, -1.6572572044109055], [-0.7398087682475256, -1.9129195628917242, 4.789684910633252e-05], [3.570540668084356, -1.0289591506283682, 1.6435060410478224], [3.5698185622302248, -1.0232239107877021, -1.6473804324126646], [3.347062835471931, 3.701856368118129, -1.6467392426431857], [3.321443073772707, 3.6944383476861473, 1.6452150605036726], [7.605575982609201, 1.6361995405524983, 1.644623318190934], [7.604873004657486, 1.688636412804975, -1.6479510681179221], [7.475879706166882, 6.626933339153158, 2.101261491388341]], "name": "C4H10S", "identifiers": {"molecule_hash": "b741b21d75a337453cf4e81fbfeef721e75ca8cd", "molecular_formula": "C4H10S"}, "molecular_charge": 0.0, "molecular_multiplicity": 1, "connectivity": [[0, 1, 1.0], [0, 5, 1.0], [0, 6, 1.0], [0, 7, 1.0], [1, 2, 1.0], [1, 8, 1.0], [1, 9, 1.0], [2, 3, 1.0], [2, 10, 1.0], [2, 11, 1.0], [3, 4, 1.0], [3, 12, 1.0], [3, 13, 1.0], [4, 14, 1.0]], "fix_com": true, "fix_orientation": true, "provenance": {"creator": "QCElemental", "version": "v0.22.0", "routine": "qcelemental.molparse.from_schema"}, "id": "15624"}, "charge": 0, "optimize_geometry": false, "conformers": [], "conformer_generation_options": {"n_conformer_pool": 4000, "n_max_conformers": 0, "rms_tolerance": 0.05, "energy_window": 15, "keep_original_conformer": true}, "stage_1_unrestrained_charges": null, "stage_1_restrained_charges": null, "stage_2_unrestrained_charges": null, "stage_2_restrained_charges": null, "keep_original_orientation": false, "reorientations": [], "translations": [], "rotations": []}}], "charge": 0.07713092472931884}, {"atoms": [{"index": 6, "molecule": {"qcmol": {"schema_name": "qcschema_molecule", "schema_version": 2, "validated": true, "symbols": ["C", "C", "C", "C", "S", "H", "H", "H", "H", "H", "H", "H", "H", "H", "H"], "geometry": [[0.0, 0.0, -0.0], [2.8881002452986793, -4.766102990647233e-16, 4.653782139424386e-16], [4.004512906950504, 2.669043237437341, -2.220446049250313e-16], [6.889495143262108, 2.6461053107102837, 0.015153117930862825], [8.342913930443082, 5.7702855346129835, -0.09133644509200245], [-0.740957156134899, 0.9573086331267473, 1.6576249567041526], [-0.7403441374982864, 0.9578759505919714, -1.6572572044109055], [-0.7398087682475256, -1.9129195628917242, 4.789684910633252e-05], [3.570540668084356, -1.0289591506283682, 1.6435060410478224], [3.5698185622302248, -1.0232239107877021, -1.6473804324126646], [3.347062835471931, 3.701856368118129, -1.6467392426431857], [3.321443073772707, 3.6944383476861473, 1.6452150605036726], [7.605575982609201, 1.6361995405524983, 1.644623318190934], [7.604873004657486, 1.688636412804975, -1.6479510681179221], [7.475879706166882, 6.626933339153158, 2.101261491388341]], "name": "C4H10S", "identifiers": {"molecule_hash": "b741b21d75a337453cf4e81fbfeef721e75ca8cd", "molecular_formula": "C4H10S"}, "molecular_charge": 0.0, "molecular_multiplicity": 1, "connectivity": [[0, 1, 1.0], [0, 5, 1.0], [0, 6, 1.0], [0, 7, 1.0], [1, 2, 1.0], [1, 8, 1.0], [1, 9, 1.0], [2, 3, 1.0], [2, 10, 1.0], [2, 11, 1.0], [3, 4, 1.0], [3, 12, 1.0], [3, 13, 1.0], [4, 14, 1.0]], "fix_com": true, "fix_orientation": true, "provenance": {"creator": "QCElemental", "version": "v0.22.0", "routine": "qcelemental.molparse.from_schema"}, "id": "15624"}, "charge": 0, "optimize_geometry": false, "conformers": [], "conformer_generation_options": {"n_conformer_pool": 4000, "n_max_conformers": 0, "rms_tolerance": 0.05, "energy_window": 15, "keep_original_conformer": true}, "stage_1_unrestrained_charges": null, "stage_1_restrained_charges": null, "stage_2_unrestrained_charges": null, "stage_2_restrained_charges": null, "keep_original_orientation": false, "reorientations": [], "translations": [], "rotations": []}}], "charge": 0.08097793542521137}, {"atoms": [{"index": 7, "molecule": {"qcmol": {"schema_name": "qcschema_molecule", "schema_version": 2, "validated": true, "symbols": ["C", "C", "C", "C", "S", "H", "H", "H", "H", "H", "H", "H", "H", "H", "H"], "geometry": [[0.0, 0.0, -0.0], [2.8881002452986793, -4.766102990647233e-16, 4.653782139424386e-16], [4.004512906950504, 2.669043237437341, -2.220446049250313e-16], [6.889495143262108, 2.6461053107102837, 0.015153117930862825], [8.342913930443082, 5.7702855346129835, -0.09133644509200245], [-0.740957156134899, 0.9573086331267473, 1.6576249567041526], [-0.7403441374982864, 0.9578759505919714, -1.6572572044109055], [-0.7398087682475256, -1.9129195628917242, 4.789684910633252e-05], [3.570540668084356, -1.0289591506283682, 1.6435060410478224], [3.5698185622302248, -1.0232239107877021, -1.6473804324126646], [3.347062835471931, 3.701856368118129, -1.6467392426431857], [3.321443073772707, 3.6944383476861473, 1.6452150605036726], [7.605575982609201, 1.6361995405524983, 1.644623318190934], [7.604873004657486, 1.688636412804975, -1.6479510681179221], [7.475879706166882, 6.626933339153158, 2.101261491388341]], "name": "C4H10S", "identifiers": {"molecule_hash": "b741b21d75a337453cf4e81fbfeef721e75ca8cd", "molecular_formula": "C4H10S"}, "molecular_charge": 0.0, "molecular_multiplicity": 1, "connectivity": [[0, 1, 1.0], [0, 5, 1.0], [0, 6, 1.0], [0, 7, 1.0], [1, 2, 1.0], [1, 8, 1.0], [1, 9, 1.0], [2, 3, 1.0], [2, 10, 1.0], [2, 11, 1.0], [3, 4, 1.0], [3, 12, 1.0], [3, 13, 1.0], [4, 14, 1.0]], "fix_com": true, "fix_orientation": true, "provenance": {"creator": "QCElemental", "version": "v0.22.0", "routine": "qcelemental.molparse.from_schema"}, "id": "15624"}, "charge": 0, "optimize_geometry": false, "conformers": [], "conformer_generation_options": {"n_conformer_pool": 4000, "n_max_conformers": 0, "rms_tolerance": 0.05, "energy_window": 15, "keep_original_conformer": true}, "stage_1_unrestrained_charges": null, "stage_1_restrained_charges": null, "stage_2_unrestrained_charges": null, "stage_2_restrained_charges": null, "keep_original_orientation": false, "reorientations": [], "translations": [], "rotations": []}}], "charge": 0.08455311565336154}, {"atoms": [{"index": 8, "molecule": {"qcmol": {"schema_name": "qcschema_molecule", "schema_version": 2, "validated": true, "symbols": ["C", "C", "C", "C", "S", "H", "H", "H", "H", "H", "H", "H", "H", "H", "H"], "geometry": [[0.0, 0.0, -0.0], [2.8881002452986793, -4.766102990647233e-16, 4.653782139424386e-16], [4.004512906950504, 2.669043237437341, -2.220446049250313e-16], [6.889495143262108, 2.6461053107102837, 0.015153117930862825], [8.342913930443082, 5.7702855346129835, -0.09133644509200245], [-0.740957156134899, 0.9573086331267473, 1.6576249567041526], [-0.7403441374982864, 0.9578759505919714, -1.6572572044109055], [-0.7398087682475256, -1.9129195628917242, 4.789684910633252e-05], [3.570540668084356, -1.0289591506283682, 1.6435060410478224], [3.5698185622302248, -1.0232239107877021, -1.6473804324126646], [3.347062835471931, 3.701856368118129, -1.6467392426431857], [3.321443073772707, 3.6944383476861473, 1.6452150605036726], [7.605575982609201, 1.6361995405524983, 1.644623318190934], [7.604873004657486, 1.688636412804975, -1.6479510681179221], [7.475879706166882, 6.626933339153158, 2.101261491388341]], "name": "C4H10S", "identifiers": {"molecule_hash": "b741b21d75a337453cf4e81fbfeef721e75ca8cd", "molecular_formula": "C4H10S"}, "molecular_charge": 0.0, "molecular_multiplicity": 1, "connectivity": [[0, 1, 1.0], [0, 5, 1.0], [0, 6, 1.0], [0, 7, 1.0], [1, 2, 1.0], [1, 8, 1.0], [1, 9, 1.0], [2, 3, 1.0], [2, 10, 1.0], [2, 11, 1.0], [3, 4, 1.0], [3, 12, 1.0], [3, 13, 1.0], [4, 14, 1.0]], "fix_com": true, "fix_orientation": true, "provenance": {"creator": "QCElemental", "version": "v0.22.0", "routine": "qcelemental.molparse.from_schema"}, "id": "15624"}, "charge": 0, "optimize_geometry": false, "conformers": [], "conformer_generation_options": {"n_conformer_pool": 4000, "n_max_conformers": 0, "rms_tolerance": 0.05, "energy_window": 15, "keep_original_conformer": true}, "stage_1_unrestrained_charges": null, "stage_1_restrained_charges": null, "stage_2_unrestrained_charges": null, "stage_2_restrained_charges": null, "keep_original_orientation": false, "reorientations": [], "translations": [], "rotations": []}}], "charge": -0.042831165052080435}, {"atoms": [{"index": 9, "molecule": {"qcmol": {"schema_name": "qcschema_molecule", "schema_version": 2, "validated": true, "symbols": ["C", "C", "C", "C", "S", "H", "H", "H", "H", "H", "H", "H", "H", "H", "H"], "geometry": [[0.0, 0.0, -0.0], [2.8881002452986793, -4.766102990647233e-16, 4.653782139424386e-16], [4.004512906950504, 2.669043237437341, -2.220446049250313e-16], [6.889495143262108, 2.6461053107102837, 0.015153117930862825], [8.342913930443082, 5.7702855346129835, -0.09133644509200245], [-0.740957156134899, 0.9573086331267473, 1.6576249567041526], [-0.7403441374982864, 0.9578759505919714, -1.6572572044109055], [-0.7398087682475256, -1.9129195628917242, 4.789684910633252e-05], [3.570540668084356, -1.0289591506283682, 1.6435060410478224], [3.5698185622302248, -1.0232239107877021, -1.6473804324126646], [3.347062835471931, 3.701856368118129, -1.6467392426431857], [3.321443073772707, 3.6944383476861473, 1.6452150605036726], [7.605575982609201, 1.6361995405524983, 1.644623318190934], [7.604873004657486, 1.688636412804975, -1.6479510681179221], [7.475879706166882, 6.626933339153158, 2.101261491388341]], "name": "C4H10S", "identifiers": {"molecule_hash": "b741b21d75a337453cf4e81fbfeef721e75ca8cd", "molecular_formula": "C4H10S"}, "molecular_charge": 0.0, "molecular_multiplicity": 1, "connectivity": [[0, 1, 1.0], [0, 5, 1.0], [0, 6, 1.0], [0, 7, 1.0], [1, 2, 1.0], [1, 8, 1.0], [1, 9, 1.0], [2, 3, 1.0], [2, 10, 1.0], [2, 11, 1.0], [3, 4, 1.0], [3, 12, 1.0], [3, 13, 1.0], [4, 14, 1.0]], "fix_com": true, "fix_orientation": true, "provenance": {"creator": "QCElemental", "version": "v0.22.0", "routine": "qcelemental.molparse.from_schema"}, "id": "15624"}, "charge": 0, "optimize_geometry": false, "conformers": [], "conformer_generation_options": {"n_conformer_pool": 4000, "n_max_conformers": 0, "rms_tolerance": 0.05, "energy_window": 15, "keep_original_conformer": true}, "stage_1_unrestrained_charges": null, "stage_1_restrained_charges": null, "stage_2_unrestrained_charges": null, "stage_2_restrained_charges": null, "keep_original_orientation": false, "reorientations": [], "translations": [], "rotations": []}}], "charge": -0.042475227564779026}, {"atoms": [{"index": 10, "molecule": {"qcmol": {"schema_name": "qcschema_molecule", "schema_version": 2, "validated": true, "symbols": ["C", "C", "C", "C", "S", "H", "H", "H", "H", "H", "H", "H", "H", "H", "H"], "geometry": [[0.0, 0.0, -0.0], [2.8881002452986793, -4.766102990647233e-16, 4.653782139424386e-16], [4.004512906950504, 2.669043237437341, -2.220446049250313e-16], [6.889495143262108, 2.6461053107102837, 0.015153117930862825], [8.342913930443082, 5.7702855346129835, -0.09133644509200245], [-0.740957156134899, 0.9573086331267473, 1.6576249567041526], [-0.7403441374982864, 0.9578759505919714, -1.6572572044109055], [-0.7398087682475256, -1.9129195628917242, 4.789684910633252e-05], [3.570540668084356, -1.0289591506283682, 1.6435060410478224], [3.5698185622302248, -1.0232239107877021, -1.6473804324126646], [3.347062835471931, 3.701856368118129, -1.6467392426431857], [3.321443073772707, 3.6944383476861473, 1.6452150605036726], [7.605575982609201, 1.6361995405524983, 1.644623318190934], [7.604873004657486, 1.688636412804975, -1.6479510681179221], [7.475879706166882, 6.626933339153158, 2.101261491388341]], "name": "C4H10S", "identifiers": {"molecule_hash": "b741b21d75a337453cf4e81fbfeef721e75ca8cd", "molecular_formula": "C4H10S"}, "molecular_charge": 0.0, "molecular_multiplicity": 1, "connectivity": [[0, 1, 1.0], [0, 5, 1.0], [0, 6, 1.0], [0, 7, 1.0], [1, 2, 1.0], [1, 8, 1.0], [1, 9, 1.0], [2, 3, 1.0], [2, 10, 1.0], [2, 11, 1.0], [3, 4, 1.0], [3, 12, 1.0], [3, 13, 1.0], [4, 14, 1.0]], "fix_com": true, "fix_orientation": true, "provenance": {"creator": "QCElemental", "version": "v0.22.0", "routine": "qcelemental.molparse.from_schema"}, "id": "15624"}, "charge": 0, "optimize_geometry": false, "conformers": [], "conformer_generation_options": {"n_conformer_pool": 4000, "n_max_conformers": 0, "rms_tolerance": 0.05, "energy_window": 15, "keep_original_conformer": true}, "stage_1_unrestrained_charges": null, "stage_1_restrained_charges": null, "stage_2_unrestrained_charges": null, "stage_2_restrained_charges": null, "keep_original_orientation": false, "reorientations": [], "translations": [], "rotations": []}}], "charge": -0.011222795344073264}, {"atoms": [{"index": 11, "molecule": {"qcmol": {"schema_name": "qcschema_molecule", "schema_version": 2, "validated": true, "symbols": ["C", "C", "C", "C", "S", "H", "H", "H", "H", "H", "H", "H", "H", "H", "H"], "geometry": [[0.0, 0.0, -0.0], [2.8881002452986793, -4.766102990647233e-16, 4.653782139424386e-16], [4.004512906950504, 2.669043237437341, -2.220446049250313e-16], [6.889495143262108, 2.6461053107102837, 0.015153117930862825], [8.342913930443082, 5.7702855346129835, -0.09133644509200245], [-0.740957156134899, 0.9573086331267473, 1.6576249567041526], [-0.7403441374982864, 0.9578759505919714, -1.6572572044109055], [-0.7398087682475256, -1.9129195628917242, 4.789684910633252e-05], [3.570540668084356, -1.0289591506283682, 1.6435060410478224], [3.5698185622302248, -1.0232239107877021, -1.6473804324126646], [3.347062835471931, 3.701856368118129, -1.6467392426431857], [3.321443073772707, 3.6944383476861473, 1.6452150605036726], [7.605575982609201, 1.6361995405524983, 1.644623318190934], [7.604873004657486, 1.688636412804975, -1.6479510681179221], [7.475879706166882, 6.626933339153158, 2.101261491388341]], "name": "C4H10S", "identifiers": {"molecule_hash": "b741b21d75a337453cf4e81fbfeef721e75ca8cd", "molecular_formula": "C4H10S"}, "molecular_charge": 0.0, "molecular_multiplicity": 1, "connectivity": [[0, 1, 1.0], [0, 5, 1.0], [0, 6, 1.0], [0, 7, 1.0], [1, 2, 1.0], [1, 8, 1.0], [1, 9, 1.0], [2, 3, 1.0], [2, 10, 1.0], [2, 11, 1.0], [3, 4, 1.0], [3, 12, 1.0], [3, 13, 1.0], [4, 14, 1.0]], "fix_com": true, "fix_orientation": true, "provenance": {"creator": "QCElemental", "version": "v0.22.0", "routine": "qcelemental.molparse.from_schema"}, "id": "15624"}, "charge": 0, "optimize_geometry": false, "conformers": [], "conformer_generation_options": {"n_conformer_pool": 4000, "n_max_conformers": 0, "rms_tolerance": 0.05, "energy_window": 15, "keep_original_conformer": true}, "stage_1_unrestrained_charges": null, "stage_1_restrained_charges": null, "stage_2_unrestrained_charges": null, "stage_2_restrained_charges": null, "keep_original_orientation": false, "reorientations": [], "translations": [], "rotations": []}}], "charge": -0.008244156336915894}, {"atoms": [{"index": 12, "molecule": {"qcmol": {"schema_name": "qcschema_molecule", "schema_version": 2, "validated": true, "symbols": ["C", "C", "C", "C", "S", "H", "H", "H", "H", "H", "H", "H", "H", "H", "H"], "geometry": [[0.0, 0.0, -0.0], [2.8881002452986793, -4.766102990647233e-16, 4.653782139424386e-16], [4.004512906950504, 2.669043237437341, -2.220446049250313e-16], [6.889495143262108, 2.6461053107102837, 0.015153117930862825], [8.342913930443082, 5.7702855346129835, -0.09133644509200245], [-0.740957156134899, 0.9573086331267473, 1.6576249567041526], [-0.7403441374982864, 0.9578759505919714, -1.6572572044109055], [-0.7398087682475256, -1.9129195628917242, 4.789684910633252e-05], [3.570540668084356, -1.0289591506283682, 1.6435060410478224], [3.5698185622302248, -1.0232239107877021, -1.6473804324126646], [3.347062835471931, 3.701856368118129, -1.6467392426431857], [3.321443073772707, 3.6944383476861473, 1.6452150605036726], [7.605575982609201, 1.6361995405524983, 1.644623318190934], [7.604873004657486, 1.688636412804975, -1.6479510681179221], [7.475879706166882, 6.626933339153158, 2.101261491388341]], "name": "C4H10S", "identifiers": {"molecule_hash": "b741b21d75a337453cf4e81fbfeef721e75ca8cd", "molecular_formula": "C4H10S"}, "molecular_charge": 0.0, "molecular_multiplicity": 1, "connectivity": [[0, 1, 1.0], [0, 5, 1.0], [0, 6, 1.0], [0, 7, 1.0], [1, 2, 1.0], [1, 8, 1.0], [1, 9, 1.0], [2, 3, 1.0], [2, 10, 1.0], [2, 11, 1.0], [3, 4, 1.0], [3, 12, 1.0], [3, 13, 1.0], [4, 14, 1.0]], "fix_com": true, "fix_orientation": true, "provenance": {"creator": "QCElemental", "version": "v0.22.0", "routine": "qcelemental.molparse.from_schema"}, "id": "15624"}, "charge": 0, "optimize_geometry": false, "conformers": [], "conformer_generation_options": {"n_conformer_pool": 4000, "n_max_conformers": 0, "rms_tolerance": 0.05, "energy_window": 15, "keep_original_conformer": true}, "stage_1_unrestrained_charges": null, "stage_1_restrained_charges": null, "stage_2_unrestrained_charges": null, "stage_2_restrained_charges": null, "keep_original_orientation": false, "reorientations": [], "translations": [], "rotations": []}}], "charge": 0.10296420027117444}, {"atoms": [{"index": 13, "molecule": {"qcmol": {"schema_name": "qcschema_molecule", "schema_version": 2, "validated": true, "symbols": ["C", "C", "C", "C", "S", "H", "H", "H", "H", "H", "H", "H", "H", "H", "H"], "geometry": [[0.0, 0.0, -0.0], [2.8881002452986793, -4.766102990647233e-16, 4.653782139424386e-16], [4.004512906950504, 2.669043237437341, -2.220446049250313e-16], [6.889495143262108, 2.6461053107102837, 0.015153117930862825], [8.342913930443082, 5.7702855346129835, -0.09133644509200245], [-0.740957156134899, 0.9573086331267473, 1.6576249567041526], [-0.7403441374982864, 0.9578759505919714, -1.6572572044109055], [-0.7398087682475256, -1.9129195628917242, 4.789684910633252e-05], [3.570540668084356, -1.0289591506283682, 1.6435060410478224], [3.5698185622302248, -1.0232239107877021, -1.6473804324126646], [3.347062835471931, 3.701856368118129, -1.6467392426431857], [3.321443073772707, 3.6944383476861473, 1.6452150605036726], [7.605575982609201, 1.6361995405524983, 1.644623318190934], [7.604873004657486, 1.688636412804975, -1.6479510681179221], [7.475879706166882, 6.626933339153158, 2.101261491388341]], "name": "C4H10S", "identifiers": {"molecule_hash": "b741b21d75a337453cf4e81fbfeef721e75ca8cd", "molecular_formula": "C4H10S"}, "molecular_charge": 0.0, "molecular_multiplicity": 1, "connectivity": [[0, 1, 1.0], [0, 5, 1.0], [0, 6, 1.0], [0, 7, 1.0], [1, 2, 1.0], [1, 8, 1.0], [1, 9, 1.0], [2, 3, 1.0], [2, 10, 1.0], [2, 11, 1.0], [3, 4, 1.0], [3, 12, 1.0], [3, 13, 1.0], [4, 14, 1.0]], "fix_com": true, "fix_orientation": true, "provenance": {"creator": "QCElemental", "version": "v0.22.0", "routine": "qcelemental.molparse.from_schema"}, "id": "15624"}, "charge": 0, "optimize_geometry": false, "conformers": [], "conformer_generation_options": {"n_conformer_pool": 4000, "n_max_conformers": 0, "rms_tolerance": 0.05, "energy_window": 15, "keep_original_conformer": true}, "stage_1_unrestrained_charges": null, "stage_1_restrained_charges": null, "stage_2_unrestrained_charges": null, "stage_2_restrained_charges": null, "keep_original_orientation": false, "reorientations": [], "translations": [], "rotations": []}}], "charge": 0.11037585992377875}, {"atoms": [{"index": 14, "molecule": {"qcmol": {"schema_name": "qcschema_molecule", "schema_version": 2, "validated": true, "symbols": ["C", "C", "C", "C", "S", "H", "H", "H", "H", "H", "H", "H", "H", "H", "H"], "geometry": [[0.0, 0.0, -0.0], [2.8881002452986793, -4.766102990647233e-16, 4.653782139424386e-16], [4.004512906950504, 2.669043237437341, -2.220446049250313e-16], [6.889495143262108, 2.6461053107102837, 0.015153117930862825], [8.342913930443082, 5.7702855346129835, -0.09133644509200245], [-0.740957156134899, 0.9573086331267473, 1.6576249567041526], [-0.7403441374982864, 0.9578759505919714, -1.6572572044109055], [-0.7398087682475256, -1.9129195628917242, 4.789684910633252e-05], [3.570540668084356, -1.0289591506283682, 1.6435060410478224], [3.5698185622302248, -1.0232239107877021, -1.6473804324126646], [3.347062835471931, 3.701856368118129, -1.6467392426431857], [3.321443073772707, 3.6944383476861473, 1.6452150605036726], [7.605575982609201, 1.6361995405524983, 1.644623318190934], [7.604873004657486, 1.688636412804975, -1.6479510681179221], [7.475879706166882, 6.626933339153158, 2.101261491388341]], "name": "C4H10S", "identifiers": {"molecule_hash": "b741b21d75a337453cf4e81fbfeef721e75ca8cd", "molecular_formula": "C4H10S"}, "molecular_charge": 0.0, "molecular_multiplicity": 1, "connectivity": [[0, 1, 1.0], [0, 5, 1.0], [0, 6, 1.0], [0, 7, 1.0], [1, 2, 1.0], [1, 8, 1.0], [1, 9, 1.0], [2, 3, 1.0], [2, 10, 1.0], [2, 11, 1.0], [3, 4, 1.0], [3, 12, 1.0], [3, 13, 1.0], [4, 14, 1.0]], "fix_com": true, "fix_orientation": true, "provenance": {"creator": "QCElemental", "version": "v0.22.0", "routine": "qcelemental.molparse.from_schema"}, "id": "15624"}, "charge": 0, "optimize_geometry": false, "conformers": [], "conformer_generation_options": {"n_conformer_pool": 4000, "n_max_conformers": 0, "rms_tolerance": 0.05, "energy_window": 15, "keep_original_conformer": true}, "stage_1_unrestrained_charges": null, "stage_1_restrained_charges": null, "stage_2_unrestrained_charges": null, "stage_2_restrained_charges": null, "keep_original_orientation": false, "reorientations": [], "translations": [], "rotations": []}}], "charge": 0.20439865913677444}], "charge_equivalence_constraints": [], "molecules": [{"qcmol": {"schema_name": "qcschema_molecule", "schema_version": 2, "validated": true, "symbols": ["C", "C", "C", "C", "S", "H", "H", "H", "H", "H", "H", "H", "H", "H", "H"], "geometry": [[0.0, 0.0, -0.0], [2.8881002452986793, -4.766102990647233e-16, 4.653782139424386e-16], [4.004512906950504, 2.669043237437341, -2.220446049250313e-16], [6.889495143262108, 2.6461053107102837, 0.015153117930862825], [8.342913930443082, 5.7702855346129835, -0.09133644509200245], [-0.740957156134899, 0.9573086331267473, 1.6576249567041526], [-0.7403441374982864, 0.9578759505919714, -1.6572572044109055], [-0.7398087682475256, -1.9129195628917242, 4.789684910633252e-05], [3.570540668084356, -1.0289591506283682, 1.6435060410478224], [3.5698185622302248, -1.0232239107877021, -1.6473804324126646], [3.347062835471931, 3.701856368118129, -1.6467392426431857], [3.321443073772707, 3.6944383476861473, 1.6452150605036726], [7.605575982609201, 1.6361995405524983, 1.644623318190934], [7.604873004657486, 1.688636412804975, -1.6479510681179221], [7.475879706166882, 6.626933339153158, 2.101261491388341]], "name": "C4H10S", "identifiers": {"molecule_hash": "b741b21d75a337453cf4e81fbfeef721e75ca8cd", "molecular_formula": "C4H10S"}, "molecular_charge": 0.0, "molecular_multiplicity": 1, "connectivity": [[0, 1, 1.0], [0, 5, 1.0], [0, 6, 1.0], [0, 7, 1.0], [1, 2, 1.0], [1, 8, 1.0], [1, 9, 1.0], [2, 3, 1.0], [2, 10, 1.0], [2, 11, 1.0], [3, 4, 1.0], [3, 12, 1.0], [3, 13, 1.0], [4, 14, 1.0]], "fix_com": true, "fix_orientation": true, "provenance": {"creator": "QCElemental", "version": "v0.22.0", "routine": "qcelemental.molparse.from_schema"}, "id": "15624"}, "charge": 0, "optimize_geometry": false, "conformers": [], "conformer_generation_options": {"n_conformer_pool": 4000, "n_max_conformers": 0, "rms_tolerance": 0.05, "energy_window": 15, "keep_original_conformer": true}, "stage_1_unrestrained_charges": null, "stage_1_restrained_charges": null, "stage_2_unrestrained_charges": null, "stage_2_restrained_charges": null, "keep_original_orientation": false, "reorientations": [], "translations": [], "rotations": []}], "unconstrained_atoms": []}, "surface_constraints": {"matrix": [[1571512981341885.0, 1524343457955406.8, 1467315987523326.8, 1398801111809884.8, 1311841195025024.5, 1580530856197047.2, 1579205833321229.2, 1580778817529241.0, 1519464221759208.8, 1519827072748729.0, 1462688878869902.0, 1470719422718995.5, 1388829606073685.0, 1395537358537292.8, 1322003533313642.5], [1524343457955406.8, 1560320317445073.0, 1520779834650394.8, 1463147397376602.8, 1386079543606339.0, 1511026063488699.5, 1511180918794532.0, 1511129563702424.2, 1579827703626348.0, 1582182217605553.5, 1520991507333522.5, 1521660166400155.0, 1457212237599243.5, 1455784853846782.0, 1389857099823430.0], [1467315987523326.8, 1520779834650394.8, 1560461001623072.5, 1519625456958556.2, 1446863429021630.0, 1451452026140458.0, 1433993380808352.2, 1465964779270273.5, 1516379436545957.8, 1519758643441098.8, 1584910081119100.5, 1586007958200038.5, 1516724587942836.0, 1516261525536224.5, 1457103346624313.8], [1398801111809884.8, 1463147397376602.8, 1519625456958556.2, 1557174361614778.0, 1504000693060641.0, 1389458130064608.8, 1360226374025275.0, 1390046595361418.5, 1466267341825752.8, 1453724913787090.0, 1520627736680530.0, 1521738821968058.8, 1579354528183312.5, 1578858816709456.5, 1501042232244150.8], [1311841195025024.5, 1386079543606339.0, 1446863429021630.0, 1504000693060641.0, 1563262403348855.5, 1300522713118087.2, 1279129344998002.5, 1292705139538816.0, 1406740870815226.8, 1366537258067044.8, 1444156335272238.0, 1442875263395770.8, 1499945097011123.0, 1500187767711984.5, 1569317215631356.2], [1580530856197047.2, 1511026063488699.5, 1451452026140458.0, 1389458130064608.8, 1300522713118087.2, 1655581788555997.2, 1565087373723518.0, 1566467630142078.5, 1495812819344062.5, 1501875374619115.8, 1431507908869256.5, 1463346067326732.5, 1384854405412394.5, 1387698030104344.2, 1313211819747834.2], [1579205833321229.2, 1511180918794532.0, 1433993380808352.2, 1360226374025275.0, 1279129344998002.5, 1565087373723518.0, 1651709027730250.5, 1564479972580912.0, 1506917378710299.2, 1506918479120151.8, 1427929119428800.5, 1429605186733580.0, 1343835315489095.5, 1355842446502480.5, 1293136048152216.0], [1580778817529241.0, 1511129563702424.2, 1465964779270273.5, 1390046595361418.5, 1292705139538816.0, 1566467630142078.5, 1564479972580912.0, 1657341061178289.0, 1496013000750912.8, 1489209790542031.5, 1474678526875125.8, 1470279208590075.5, 1378766262389304.8, 1390218731595143.8, 1300244050152191.0], [1519464221759208.8, 1579827703626348.0, 1516379436545957.8, 1466267341825752.8, 1406740870815226.8, 1495812819344062.5, 1506917378710299.2, 1496013000750912.8, 1662644776251135.0, 1578616735013295.2, 1500989038357948.0, 1506765519172979.2, 1462824042249404.2, 1450344921262911.8, 1406902296930236.5], [1519827072748729.0, 1582182217605553.5, 1519758643441098.8, 1453724913787090.0, 1366537258067044.8, 1501875374619115.8, 1506918479120151.8, 1489209790542031.5, 1578616735013295.2, 1667416666090553.5, 1519901426394623.8, 1508608054852287.2, 1446684372513313.0, 1448941712451736.8, 1363776607143211.8], [1462688878869902.0, 1520991507333522.5, 1584910081119100.5, 1520627736680530.0, 1444156335272238.0, 1431507908869256.5, 1427929119428800.5, 1474678526875125.8, 1500989038357948.0, 1519901426394623.8, 1672950759978386.2, 1586064592258664.0, 1495672034659858.2, 1522158978859169.8, 1451269017461996.0], [1470719422718995.5, 1521660166400155.0, 1586007958200038.5, 1521738821968058.8, 1442875263395770.8, 1463346067326732.5, 1429605186733580.0, 1470279208590075.5, 1506765519172979.2, 1508608054852287.2, 1586064592258664.0, 1675797493344650.0, 1523392762312243.0, 1496944841252839.5, 1470826752328034.8], [1388829606073685.0, 1457212237599243.5, 1516724587942836.0, 1579354528183312.5, 1499945097011123.0, 1384854405412394.5, 1343835315489095.5, 1378766262389304.8, 1462824042249404.2, 1446684372513313.0, 1495672034659858.2, 1523392762312243.0, 1663819453776813.0, 1577182240510255.8, 1489640764251704.2], [1395537358537292.8, 1455784853846782.0, 1516261525536224.5, 1578858816709456.5, 1500187767711984.5, 1387698030104344.2, 1355842446502480.5, 1390218731595143.8, 1450344921262911.8, 1448941712451736.8, 1522158978859169.8, 1496944841252839.5, 1577182240510255.8, 1663050542390479.8, 1481438922386765.0], [1322003533313642.5, 1389857099823430.0, 1457103346624313.8, 1501042232244150.8, 1569317215631356.2, 1313211819747834.2, 1293136048152216.0, 1300244050152191.0, 1406902296930236.5, 1363776607143211.8, 1451269017461996.0, 1470826752328034.8, 1489640764251704.2, 1481438922386765.0, 1670950495381067.8], [27508212428862.273, 24954607106481.223, 24049256676072.812, 15064002720059.281, -11795724884797.217, 27807705748606.3, 26706318617363.87, 29760119097630.023, 20218823368634.45, 27254646477972.105, 24521866928895.83, 28988838060631.57, 19863508562276.56, 18416917817941.11, 4570395018868.739]]}}