{"resp_b": 0.1, "restrained_fit": true, "exclude_hydrogens": true, "convergence_tolerance": 1e-06, "max_iter": 500, "resp_a": 0.001, "charge_constraints": {"charge_sum_constraints": [{"atoms": [{"index": 0, "molecule": {"qcmol": {"schema_name": "qcschema_molecule", "schema_version": 2, "validated": true, "symbols": ["C", "C", "C", "C", "S", "H", "H", "H", "H", "H", "H", "H", "H", "H", "H"], "geometry": [[0.0, 0.0, -0.0], [2.8881002452986793, -4.766102990647233e-16, 4.653782139424386e-16], [4.004512906950504, 2.669043237437341, -2.220446049250313e-16], [6.889495143262108, 2.6461053107102837, 0.015153117930862825], [8.342913930443082, 5.7702855346129835, -0.09133644509200245], [-0.740957156134899, 0.9573086331267473, 1.6576249567041526], [-0.7403441374982864, 0.9578759505919714, -1.6572572044109055], [-0.7398087682475256, -1.9129195628917242, 4.789684910633252e-05], [3.570540668084356, -1.0289591506283682, 1.6435060410478224], [3.5698185622302248, -1.0232239107877021, -1.6473804324126646], [3.347062835471931, 3.701856368118129, -1.6467392426431857], [3.321443073772707, 3.6944383476861473, 1.6452150605036726], [7.605575982609201, 1.6361995405524983, 1.644623318190934], [7.604873004657486, 1.688636412804975, -1.6479510681179221], [7.475879706166882, 6.626933339153158, 2.101261491388341]], "name": "C4H10S", "identifiers": {"molecule_hash": "b741b21d75a337453cf4e81fbfeef721e75ca8cd", "molecular_formula": "C4H10S"}, "molecular_charge": 0.0, "molecular_multiplicity": 1, "connectivity": [[0, 1, 1.0], [0, 5, 1.0], [0, 6, 1.0], [0, 7, 1.0], [1, 2, 1.0], [1, 8, 1.0], [1, 9, 1.0], [2, 3, 1.0], [2, 10, 1.0], [2, 11, 1.0], [3, 4, 1.0], [3, 12, 1.0], [3, 13, 1.0], [4, 14, 1.0]], "fix_com": true, "fix_orientation": true, "provenance": {"creator": "QCElemental", "version": "v0.22.0", "routine": "qcelemental.molparse.from_schema"}, "id": "15624"}, "charge": 0, "optimize_geometry": false, "conformers": [], "conformer_generation_options": {"n_conformer_pool": 4000, "n_max_conformers": 0, "rms_tolerance": 0.05, "energy_window": 15, "keep_original_conformer": true}, "stage_1_unrestrained_charges": null, "stage_1_restrained_charges": null, "stage_2_unrestrained_charges": null, "stage_2_restrained_charges": null, "keep_original_orientation": false, "reorientations": [], "translations": [], "rotations": []}}], "charge": -0.3208164556408637}, {"atoms": [{"index": 1, "molecule": {"qcmol": {"schema_name": "qcschema_molecule", "schema_version": 2, "validated": true, "symbols": ["C", "C", "C", "C", "S", "H", "H", "H", "H", "H", "H", "H", "H", "H", "H"], "geometry": [[0.0, 0.0, -0.0], [2.8881002452986793, -4.766102990647233e-16, 4.653782139424386e-16], [4.004512906950504, 2.669043237437341, -2.220446049250313e-16], [6.889495143262108, 2.6461053107102837, 0.015153117930862825], [8.342913930443082, 5.7702855346129835, -0.09133644509200245], [-0.740957156134899, 0.9573086331267473, 1.6576249567041526], [-0.7403441374982864, 0.9578759505919714, -1.6572572044109055], [-0.7398087682475256, -1.9129195628917242, 4.789684910633252e-05], [3.570540668084356, -1.0289591506283682, 1.6435060410478224], [3.5698185622302248, -1.0232239107877021, -1.6473804324126646], [3.347062835471931, 3.701856368118129, -1.6467392426431857], [3.321443073772707, 3.6944383476861473, 1.6452150605036726], [7.605575982609201, 1.6361995405524983, 1.644623318190934], [7.604873004657486, 1.688636412804975, -1.6479510681179221], [7.475879706166882, 6.626933339153158, 2.101261491388341]], "name": "C4H10S", "identifiers": {"molecule_hash": "b741b21d75a337453cf4e81fbfeef721e75ca8cd", "molecular_formula": "C4H10S"}, "molecular_charge": 0.0, "molecular_multiplicity": 1, "connectivity": [[0, 1, 1.0], [0, 5, 1.0], [0, 6, 1.0], [0, 7, 1.0], [1, 2, 1.0], [1, 8, 1.0], [1, 9, 1.0], [2, 3, 1.0], [2, 10, 1.0], [2, 11, 1.0], [3, 4, 1.0], [3, 12, 1.0], [3, 13, 1.0], [4, 14, 1.0]], "fix_com": true, "fix_orientation": true, "provenance": {"creator": "QCElemental", "version": "v0.22.0", "routine": "qcelemental.molparse.from_schema"}, "id": "15624"}, "charge": 0, "optimize_geometry": false, "conformers": [], "conformer_generation_options": {"n_conformer_pool": 4000, "n_max_conformers": 0, "rms_tolerance": 0.05, "energy_window": 15, "keep_original_conformer": true}, "stage_1_unrestrained_charges": null, "stage_1_restrained_charges": null, "stage_2_unrestrained_charges": null, "stage_2_restrained_charges": null, "keep_original_orientation": false, "reorientations": [], "translations": [], "rotations": []}}], "charge": 0.213100491969846}, {"atoms": [{"index": 2, "molecule": {"qcmol": {"schema_name": "qcschema_molecule", "schema_version": 2, "validated": true, "symbols": ["C", "C", "C", "C", "S", "H", "H", "H", "H", "H", "H", "H", "H", "H", "H"], "geometry": [[0.0, 0.0, -0.0], [2.8881002452986793, -4.766102990647233e-16, 4.653782139424386e-16], [4.004512906950504, 2.669043237437341, -2.220446049250313e-16], [6.889495143262108, 2.6461053107102837, 0.015153117930862825], [8.342913930443082, 5.7702855346129835, -0.09133644509200245], [-0.740957156134899, 0.9573086331267473, 1.6576249567041526], [-0.7403441374982864, 0.9578759505919714, -1.6572572044109055], [-0.7398087682475256, -1.9129195628917242, 4.789684910633252e-05], [3.570540668084356, -1.0289591506283682, 1.6435060410478224], [3.5698185622302248, -1.0232239107877021, -1.6473804324126646], [3.347062835471931, 3.701856368118129, -1.6467392426431857], [3.321443073772707, 3.6944383476861473, 1.6452150605036726], [7.605575982609201, 1.6361995405524983, 1.644623318190934], [7.604873004657486, 1.688636412804975, -1.6479510681179221], [7.475879706166882, 6.626933339153158, 2.101261491388341]], "name": "C4H10S", "identifiers": {"molecule_hash": "b741b21d75a337453cf4e81fbfeef721e75ca8cd", "molecular_formula": "C4H10S"}, "molecular_charge": 0.0, "molecular_multiplicity": 1, "connectivity": [[0, 1, 1.0], [0, 5, 1.0], [0, 6, 1.0], [0, 7, 1.0], [1, 2, 1.0], [1, 8, 1.0], [1, 9, 1.0], [2, 3, 1.0], [2, 10, 1.0], [2, 11, 1.0], [3, 4, 1.0], [3, 12, 1.0], [3, 13, 1.0], [4, 14, 1.0]], "fix_com": true, "fix_orientation": true, "provenance": {"creator": "QCElemental", "version": "v0.22.0", "routine": "qcelemental.molparse.from_schema"}, "id": "15624"}, "charge": 0, "optimize_geometry": false, "conformers": [], "conformer_generation_options": {"n_conformer_pool": 4000, "n_max_conformers": 0, "rms_tolerance": 0.05, "energy_window": 15, "keep_original_conformer": true}, "stage_1_unrestrained_charges": null, "stage_1_restrained_charges": null, "stage_2_unrestrained_charges": null, "stage_2_restrained_charges": null, "keep_original_orientation": false, "reorientations": [], "translations": [], "rotations": []}}], "charge": 0.0645106438451635}, {"atoms": [{"index": 3, "molecule": {"qcmol": {"schema_name": "qcschema_molecule", "schema_version": 2, "validated": true, "symbols": ["C", "C", "C", "C", "S", "H", "H", "H", "H", "H", "H", "H", "H", "H", "H"], "geometry": [[0.0, 0.0, -0.0], [2.8881002452986793, -4.766102990647233e-16, 4.653782139424386e-16], [4.004512906950504, 2.669043237437341, -2.220446049250313e-16], [6.889495143262108, 2.6461053107102837, 0.015153117930862825], [8.342913930443082, 5.7702855346129835, -0.09133644509200245], [-0.740957156134899, 0.9573086331267473, 1.6576249567041526], [-0.7403441374982864, 0.9578759505919714, -1.6572572044109055], [-0.7398087682475256, -1.9129195628917242, 4.789684910633252e-05], [3.570540668084356, -1.0289591506283682, 1.6435060410478224], [3.5698185622302248, -1.0232239107877021, -1.6473804324126646], [3.347062835471931, 3.701856368118129, -1.6467392426431857], [3.321443073772707, 3.6944383476861473, 1.6452150605036726], [7.605575982609201, 1.6361995405524983, 1.644623318190934], [7.604873004657486, 1.688636412804975, -1.6479510681179221], [7.475879706166882, 6.626933339153158, 2.101261491388341]], "name": "C4H10S", "identifiers": {"molecule_hash": "b741b21d75a337453cf4e81fbfeef721e75ca8cd", "molecular_formula": "C4H10S"}, "molecular_charge": 0.0, "molecular_multiplicity": 1, "connectivity": [[0, 1, 1.0], [0, 5, 1.0], [0, 6, 1.0], [0, 7, 1.0], [1, 2, 1.0], [1, 8, 1.0], [1, 9, 1.0], [2, 3, 1.0], [2, 10, 1.0], [2, 11, 1.0], [3, 4, 1.0], [3, 12, 1.0], [3, 13, 1.0], [4, 14, 1.0]], "fix_com": true, "fix_orientation": true, "provenance": {"creator": "QCElemental", "version": "v0.22.0", "routine": "qcelemental.molparse.from_schema"}, "id": "15624"}, "charge": 0, "optimize_geometry": false, "conformers": [], "conformer_generation_options": {"n_conformer_pool": 4000, "n_max_conformers": 0, "rms_tolerance": 0.05, "energy_window": 15, "keep_original_conformer": true}, "stage_1_unrestrained_charges": null, "stage_1_restrained_charges": null, "stage_2_unrestrained_charges": null, "stage_2_restrained_charges": null, "keep_original_orientation": false, "reorientations": [], "translations": [], "rotations": []}}], "charge": -0.09708263817118537}, {"atoms": [{"index": 4, "molecule": {"qcmol": {"schema_name": "qcschema_molecule", "schema_version": 2, "validated": true, "symbols": ["C", "C", "C", "C", "S", "H", "H", "H", "H", "H", "H", "H", "H", "H", "H"], "geometry": [[0.0, 0.0, -0.0], [2.8881002452986793, -4.766102990647233e-16, 4.653782139424386e-16], [4.004512906950504, 2.669043237437341, -2.220446049250313e-16], [6.889495143262108, 2.6461053107102837, 0.015153117930862825], [8.342913930443082, 5.7702855346129835, -0.09133644509200245], [-0.740957156134899, 0.9573086331267473, 1.6576249567041526], [-0.7403441374982864, 0.9578759505919714, -1.6572572044109055], [-0.7398087682475256, -1.9129195628917242, 4.789684910633252e-05], [3.570540668084356, -1.0289591506283682, 1.6435060410478224], [3.5698185622302248, -1.0232239107877021, -1.6473804324126646], [3.347062835471931, 3.701856368118129, -1.6467392426431857], [3.321443073772707, 3.6944383476861473, 1.6452150605036726], [7.605575982609201, 1.6361995405524983, 1.644623318190934], [7.604873004657486, 1.688636412804975, -1.6479510681179221], [7.475879706166882, 6.626933339153158, 2.101261491388341]], "name": "C4H10S", "identifiers": {"molecule_hash": "b741b21d75a337453cf4e81fbfeef721e75ca8cd", "molecular_formula": "C4H10S"}, "molecular_charge": 0.0, "molecular_multiplicity": 1, "connectivity": [[0, 1, 1.0], [0, 5, 1.0], [0, 6, 1.0], [0, 7, 1.0], [1, 2, 1.0], [1, 8, 1.0], [1, 9, 1.0], [2, 3, 1.0], [2, 10, 1.0], [2, 11, 1.0], [3, 4, 1.0], [3, 12, 1.0], [3, 13, 1.0], [4, 14, 1.0]], "fix_com": true, "fix_orientation": true, "provenance": {"creator": "QCElemental", "version": "v0.22.0", "routine": "qcelemental.molparse.from_schema"}, "id": "15624"}, "charge": 0, "optimize_geometry": false, "conformers": [], "conformer_generation_options": {"n_conformer_pool": 4000, "n_max_conformers": 0, "rms_tolerance": 0.05, "energy_window": 15, "keep_original_conformer": true}, "stage_1_unrestrained_charges": null, "stage_1_restrained_charges": null, "stage_2_unrestrained_charges": null, "stage_2_restrained_charges": null, "keep_original_orientation": false, "reorientations": [], "translations": [], "rotations": []}}], "charge": -0.39370450598231416}, {"atoms": [{"index": 5, "molecule": {"qcmol": {"schema_name": "qcschema_molecule", "schema_version": 2, "validated": true, "symbols": ["C", "C", "C", "C", "S", "H", "H", "H", "H", "H", "H", "H", "H", "H", "H"], "geometry": [[0.0, 0.0, -0.0], [2.8881002452986793, -4.766102990647233e-16, 4.653782139424386e-16], [4.004512906950504, 2.669043237437341, -2.220446049250313e-16], [6.889495143262108, 2.6461053107102837, 0.015153117930862825], [8.342913930443082, 5.7702855346129835, -0.09133644509200245], [-0.740957156134899, 0.9573086331267473, 1.6576249567041526], [-0.7403441374982864, 0.9578759505919714, -1.6572572044109055], [-0.7398087682475256, -1.9129195628917242, 4.789684910633252e-05], [3.570540668084356, -1.0289591506283682, 1.6435060410478224], [3.5698185622302248, -1.0232239107877021, -1.6473804324126646], [3.347062835471931, 3.701856368118129, -1.6467392426431857], [3.321443073772707, 3.6944383476861473, 1.6452150605036726], [7.605575982609201, 1.6361995405524983, 1.644623318190934], [7.604873004657486, 1.688636412804975, -1.6479510681179221], [7.475879706166882, 6.626933339153158, 2.101261491388341]], "name": "C4H10S", "identifiers": {"molecule_hash": "b741b21d75a337453cf4e81fbfeef721e75ca8cd", "molecular_formula": "C4H10S"}, "molecular_charge": 0.0, "molecular_multiplicity": 1, "connectivity": [[0, 1, 1.0], [0, 5, 1.0], [0, 6, 1.0], [0, 7, 1.0], [1, 2, 1.0], [1, 8, 1.0], [1, 9, 1.0], [2, 3, 1.0], [2, 10, 1.0], [2, 11, 1.0], [3, 4, 1.0], [3, 12, 1.0], [3, 13, 1.0], [4, 14, 1.0]], "fix_com": true, "fix_orientation": true, "provenance": {"creator": "QCElemental", "version": "v0.22.0", "routine": "qcelemental.molparse.from_schema"}, "id": "15624"}, "charge": 0, "optimize_geometry": false, "conformers": [], "conformer_generation_options": {"n_conformer_pool": 4000, "n_max_conformers": 0, "rms_tolerance": 0.05, "energy_window": 15, "keep_original_conformer": true}, "stage_1_unrestrained_charges": null, "stage_1_restrained_charges": null, "stage_2_unrestrained_charges": null, "stage_2_restrained_charges": null, "keep_original_orientation": false, "reorientations": [], "translations": [], "rotations": []}}], "charge": 0.06861562461240495}, {"atoms": [{"index": 6, "molecule": {"qcmol": {"schema_name": "qcschema_molecule", "schema_version": 2, "validated": true, "symbols": ["C", "C", "C", "C", "S", "H", "H", "H", "H", "H", "H", "H", "H", "H", "H"], "geometry": [[0.0, 0.0, -0.0], [2.8881002452986793, -4.766102990647233e-16, 4.653782139424386e-16], [4.004512906950504, 2.669043237437341, -2.220446049250313e-16], [6.889495143262108, 2.6461053107102837, 0.015153117930862825], [8.342913930443082, 5.7702855346129835, -0.09133644509200245], [-0.740957156134899, 0.9573086331267473, 1.6576249567041526], [-0.7403441374982864, 0.9578759505919714, -1.6572572044109055], [-0.7398087682475256, -1.9129195628917242, 4.789684910633252e-05], [3.570540668084356, -1.0289591506283682, 1.6435060410478224], [3.5698185622302248, -1.0232239107877021, -1.6473804324126646], [3.347062835471931, 3.701856368118129, -1.6467392426431857], [3.321443073772707, 3.6944383476861473, 1.6452150605036726], [7.605575982609201, 1.6361995405524983, 1.644623318190934], [7.604873004657486, 1.688636412804975, -1.6479510681179221], [7.475879706166882, 6.626933339153158, 2.101261491388341]], "name": "C4H10S", "identifiers": {"molecule_hash": "b741b21d75a337453cf4e81fbfeef721e75ca8cd", "molecular_formula": "C4H10S"}, "molecular_charge": 0.0, "molecular_multiplicity": 1, "connectivity": [[0, 1, 1.0], [0, 5, 1.0], [0, 6, 1.0], [0, 7, 1.0], [1, 2, 1.0], [1, 8, 1.0], [1, 9, 1.0], [2, 3, 1.0], [2, 10, 1.0], [2, 11, 1.0], [3, 4, 1.0], [3, 12, 1.0], [3, 13, 1.0], [4, 14, 1.0]], "fix_com": true, "fix_orientation": true, "provenance": {"creator": "QCElemental", "version": "v0.22.0", "routine": "qcelemental.molparse.from_schema"}, "id": "15624"}, "charge": 0, "optimize_geometry": false, "conformers": [], "conformer_generation_options": {"n_conformer_pool": 4000, "n_max_conformers": 0, "rms_tolerance": 0.05, "energy_window": 15, "keep_original_conformer": true}, "stage_1_unrestrained_charges": null, "stage_1_restrained_charges": null, "stage_2_unrestrained_charges": null, "stage_2_restrained_charges": null, "keep_original_orientation": false, "reorientations": [], "translations": [], "rotations": []}}], "charge": 0.07238910342415385}, {"atoms": [{"index": 7, "molecule": {"qcmol": {"schema_name": "qcschema_molecule", "schema_version": 2, "validated": true, "symbols": ["C", "C", "C", "C", "S", "H", "H", "H", "H", "H", "H", "H", "H", "H", "H"], "geometry": [[0.0, 0.0, -0.0], [2.8881002452986793, -4.766102990647233e-16, 4.653782139424386e-16], [4.004512906950504, 2.669043237437341, -2.220446049250313e-16], [6.889495143262108, 2.6461053107102837, 0.015153117930862825], [8.342913930443082, 5.7702855346129835, -0.09133644509200245], [-0.740957156134899, 0.9573086331267473, 1.6576249567041526], [-0.7403441374982864, 0.9578759505919714, -1.6572572044109055], [-0.7398087682475256, -1.9129195628917242, 4.789684910633252e-05], [3.570540668084356, -1.0289591506283682, 1.6435060410478224], [3.5698185622302248, -1.0232239107877021, -1.6473804324126646], [3.347062835471931, 3.701856368118129, -1.6467392426431857], [3.321443073772707, 3.6944383476861473, 1.6452150605036726], [7.605575982609201, 1.6361995405524983, 1.644623318190934], [7.604873004657486, 1.688636412804975, -1.6479510681179221], [7.475879706166882, 6.626933339153158, 2.101261491388341]], "name": "C4H10S", "identifiers": {"molecule_hash": "b741b21d75a337453cf4e81fbfeef721e75ca8cd", "molecular_formula": "C4H10S"}, "molecular_charge": 0.0, "molecular_multiplicity": 1, "connectivity": [[0, 1, 1.0], [0, 5, 1.0], [0, 6, 1.0], [0, 7, 1.0], [1, 2, 1.0], [1, 8, 1.0], [1, 9, 1.0], [2, 3, 1.0], [2, 10, 1.0], [2, 11, 1.0], [3, 4, 1.0], [3, 12, 1.0], [3, 13, 1.0], [4, 14, 1.0]], "fix_com": true, "fix_orientation": true, "provenance": {"creator": "QCElemental", "version": "v0.22.0", "routine": "qcelemental.molparse.from_schema"}, "id": "15624"}, "charge": 0, "optimize_geometry": false, "conformers": [], "conformer_generation_options": {"n_conformer_pool": 4000, "n_max_conformers": 0, "rms_tolerance": 0.05, "energy_window": 15, "keep_original_conformer": true}, "stage_1_unrestrained_charges": null, "stage_1_restrained_charges": null, "stage_2_unrestrained_charges": null, "stage_2_restrained_charges": null, "keep_original_orientation": false, "reorientations": [], "translations": [], "rotations": []}}], "charge": 0.07611097454143102}, {"atoms": [{"index": 8, "molecule": {"qcmol": {"schema_name": "qcschema_molecule", "schema_version": 2, "validated": true, "symbols": ["C", "C", "C", "C", "S", "H", "H", "H", "H", "H", "H", "H", "H", "H", "H"], "geometry": [[0.0, 0.0, -0.0], [2.8881002452986793, -4.766102990647233e-16, 4.653782139424386e-16], [4.004512906950504, 2.669043237437341, -2.220446049250313e-16], [6.889495143262108, 2.6461053107102837, 0.015153117930862825], [8.342913930443082, 5.7702855346129835, -0.09133644509200245], [-0.740957156134899, 0.9573086331267473, 1.6576249567041526], [-0.7403441374982864, 0.9578759505919714, -1.6572572044109055], [-0.7398087682475256, -1.9129195628917242, 4.789684910633252e-05], [3.570540668084356, -1.0289591506283682, 1.6435060410478224], [3.5698185622302248, -1.0232239107877021, -1.6473804324126646], [3.347062835471931, 3.701856368118129, -1.6467392426431857], [3.321443073772707, 3.6944383476861473, 1.6452150605036726], [7.605575982609201, 1.6361995405524983, 1.644623318190934], [7.604873004657486, 1.688636412804975, -1.6479510681179221], [7.475879706166882, 6.626933339153158, 2.101261491388341]], "name": "C4H10S", "identifiers": {"molecule_hash": "b741b21d75a337453cf4e81fbfeef721e75ca8cd", "molecular_formula": "C4H10S"}, "molecular_charge": 0.0, "molecular_multiplicity": 1, "connectivity": [[0, 1, 1.0], [0, 5, 1.0], [0, 6, 1.0], [0, 7, 1.0], [1, 2, 1.0], [1, 8, 1.0], [1, 9, 1.0], [2, 3, 1.0], [2, 10, 1.0], [2, 11, 1.0], [3, 4, 1.0], [3, 12, 1.0], [3, 13, 1.0], [4, 14, 1.0]], "fix_com": true, "fix_orientation": true, "provenance": {"creator": "QCElemental", "version": "v0.22.0", "routine": "qcelemental.molparse.from_schema"}, "id": "15624"}, "charge": 0, "optimize_geometry": false, "conformers": [], "conformer_generation_options": {"n_conformer_pool": 4000, "n_max_conformers": 0, "rms_tolerance": 0.05, "energy_window": 15, "keep_original_conformer": true}, "stage_1_unrestrained_charges": null, "stage_1_restrained_charges": null, "stage_2_unrestrained_charges": null, "stage_2_restrained_charges": null, "keep_original_orientation": false, "reorientations": [], "translations": [], "rotations": []}}], "charge": -0.03579792237494515}, {"atoms": [{"index": 9, "molecule": {"qcmol": {"schema_name": "qcschema_molecule", "schema_version": 2, "validated": true, "symbols": ["C", "C", "C", "C", "S", "H", "H", "H", "H", "H", "H", "H", "H", "H", "H"], "geometry": [[0.0, 0.0, -0.0], [2.8881002452986793, -4.766102990647233e-16, 4.653782139424386e-16], [4.004512906950504, 2.669043237437341, -2.220446049250313e-16], [6.889495143262108, 2.6461053107102837, 0.015153117930862825], [8.342913930443082, 5.7702855346129835, -0.09133644509200245], [-0.740957156134899, 0.9573086331267473, 1.6576249567041526], [-0.7403441374982864, 0.9578759505919714, -1.6572572044109055], [-0.7398087682475256, -1.9129195628917242, 4.789684910633252e-05], [3.570540668084356, -1.0289591506283682, 1.6435060410478224], [3.5698185622302248, -1.0232239107877021, -1.6473804324126646], [3.347062835471931, 3.701856368118129, -1.6467392426431857], [3.321443073772707, 3.6944383476861473, 1.6452150605036726], [7.605575982609201, 1.6361995405524983, 1.644623318190934], [7.604873004657486, 1.688636412804975, -1.6479510681179221], [7.475879706166882, 6.626933339153158, 2.101261491388341]], "name": "C4H10S", "identifiers": {"molecule_hash": "b741b21d75a337453cf4e81fbfeef721e75ca8cd", "molecular_formula": "C4H10S"}, "molecular_charge": 0.0, "molecular_multiplicity": 1, "connectivity": [[0, 1, 1.0], [0, 5, 1.0], [0, 6, 1.0], [0, 7, 1.0], [1, 2, 1.0], [1, 8, 1.0], [1, 9, 1.0], [2, 3, 1.0], [2, 10, 1.0], [2, 11, 1.0], [3, 4, 1.0], [3, 12, 1.0], [3, 13, 1.0], [4, 14, 1.0]], "fix_com": true, "fix_orientation": true, "provenance": {"creator": "QCElemental", "version": "v0.22.0", "routine": "qcelemental.molparse.from_schema"}, "id": "15624"}, "charge": 0, "optimize_geometry": false, "conformers": [], "conformer_generation_options": {"n_conformer_pool": 4000, "n_max_conformers": 0, "rms_tolerance": 0.05, "energy_window": 15, "keep_original_conformer": true}, "stage_1_unrestrained_charges": null, "stage_1_restrained_charges": null, "stage_2_unrestrained_charges": null, "stage_2_restrained_charges": null, "keep_original_orientation": false, "reorientations": [], "translations": [], "rotations": []}}], "charge": -0.03451663032380836}, {"atoms": [{"index": 10, "molecule": {"qcmol": {"schema_name": "qcschema_molecule", "schema_version": 2, "validated": true, "symbols": ["C", "C", "C", "C", "S", "H", "H", "H", "H", "H", "H", "H", "H", "H", "H"], "geometry": [[0.0, 0.0, -0.0], [2.8881002452986793, -4.766102990647233e-16, 4.653782139424386e-16], [4.004512906950504, 2.669043237437341, -2.220446049250313e-16], [6.889495143262108, 2.6461053107102837, 0.015153117930862825], [8.342913930443082, 5.7702855346129835, -0.09133644509200245], [-0.740957156134899, 0.9573086331267473, 1.6576249567041526], [-0.7403441374982864, 0.9578759505919714, -1.6572572044109055], [-0.7398087682475256, -1.9129195628917242, 4.789684910633252e-05], [3.570540668084356, -1.0289591506283682, 1.6435060410478224], [3.5698185622302248, -1.0232239107877021, -1.6473804324126646], [3.347062835471931, 3.701856368118129, -1.6467392426431857], [3.321443073772707, 3.6944383476861473, 1.6452150605036726], [7.605575982609201, 1.6361995405524983, 1.644623318190934], [7.604873004657486, 1.688636412804975, -1.6479510681179221], [7.475879706166882, 6.626933339153158, 2.101261491388341]], "name": "C4H10S", "identifiers": {"molecule_hash": "b741b21d75a337453cf4e81fbfeef721e75ca8cd", "molecular_formula": "C4H10S"}, "molecular_charge": 0.0, "molecular_multiplicity": 1, "connectivity": [[0, 1, 1.0], [0, 5, 1.0], [0, 6, 1.0], [0, 7, 1.0], [1, 2, 1.0], [1, 8, 1.0], [1, 9, 1.0], [2, 3, 1.0], [2, 10, 1.0], [2, 11, 1.0], [3, 4, 1.0], [3, 12, 1.0], [3, 13, 1.0], [4, 14, 1.0]], "fix_com": true, "fix_orientation": true, "provenance": {"creator": "QCElemental", "version": "v0.22.0", "routine": "qcelemental.molparse.from_schema"}, "id": "15624"}, "charge": 0, "optimize_geometry": false, "conformers": [], "conformer_generation_options": {"n_conformer_pool": 4000, "n_max_conformers": 0, "rms_tolerance": 0.05, "energy_window": 15, "keep_original_conformer": true}, "stage_1_unrestrained_charges": null, "stage_1_restrained_charges": null, "stage_2_unrestrained_charges": null, "stage_2_restrained_charges": null, "keep_original_orientation": false, "reorientations": [], "translations": [], "rotations": []}}], "charge": -0.005600824725619515}, {"atoms": [{"index": 11, "molecule": {"qcmol": {"schema_name": "qcschema_molecule", "schema_version": 2, "validated": true, "symbols": ["C", "C", "C", "C", "S", "H", "H", "H", "H", "H", "H", "H", "H", "H", "H"], "geometry": [[0.0, 0.0, -0.0], [2.8881002452986793, -4.766102990647233e-16, 4.653782139424386e-16], [4.004512906950504, 2.669043237437341, -2.220446049250313e-16], [6.889495143262108, 2.6461053107102837, 0.015153117930862825], [8.342913930443082, 5.7702855346129835, -0.09133644509200245], [-0.740957156134899, 0.9573086331267473, 1.6576249567041526], [-0.7403441374982864, 0.9578759505919714, -1.6572572044109055], [-0.7398087682475256, -1.9129195628917242, 4.789684910633252e-05], [3.570540668084356, -1.0289591506283682, 1.6435060410478224], [3.5698185622302248, -1.0232239107877021, -1.6473804324126646], [3.347062835471931, 3.701856368118129, -1.6467392426431857], [3.321443073772707, 3.6944383476861473, 1.6452150605036726], [7.605575982609201, 1.6361995405524983, 1.644623318190934], [7.604873004657486, 1.688636412804975, -1.6479510681179221], [7.475879706166882, 6.626933339153158, 2.101261491388341]], "name": "C4H10S", "identifiers": {"molecule_hash": "b741b21d75a337453cf4e81fbfeef721e75ca8cd", "molecular_formula": "C4H10S"}, "molecular_charge": 0.0, "molecular_multiplicity": 1, "connectivity": [[0, 1, 1.0], [0, 5, 1.0], [0, 6, 1.0], [0, 7, 1.0], [1, 2, 1.0], [1, 8, 1.0], [1, 9, 1.0], [2, 3, 1.0], [2, 10, 1.0], [2, 11, 1.0], [3, 4, 1.0], [3, 12, 1.0], [3, 13, 1.0], [4, 14, 1.0]], "fix_com": true, "fix_orientation": true, "provenance": {"creator": "QCElemental", "version": "v0.22.0", "routine": "qcelemental.molparse.from_schema"}, "id": "15624"}, "charge": 0, "optimize_geometry": false, "conformers": [], "conformer_generation_options": {"n_conformer_pool": 4000, "n_max_conformers": 0, "rms_tolerance": 0.05, "energy_window": 15, "keep_original_conformer": true}, "stage_1_unrestrained_charges": null, "stage_1_restrained_charges": null, "stage_2_unrestrained_charges": null, "stage_2_restrained_charges": null, "keep_original_orientation": false, "reorientations": [], "translations": [], "rotations": []}}], "charge": -0.002407539326979083}, {"atoms": [{"index": 12, "molecule": {"qcmol": {"schema_name": "qcschema_molecule", "schema_version": 2, "validated": true, "symbols": ["C", "C", "C", "C", "S", "H", "H", "H", "H", "H", "H", "H", "H", "H", "H"], "geometry": [[0.0, 0.0, -0.0], [2.8881002452986793, -4.766102990647233e-16, 4.653782139424386e-16], [4.004512906950504, 2.669043237437341, -2.220446049250313e-16], [6.889495143262108, 2.6461053107102837, 0.015153117930862825], [8.342913930443082, 5.7702855346129835, -0.09133644509200245], [-0.740957156134899, 0.9573086331267473, 1.6576249567041526], [-0.7403441374982864, 0.9578759505919714, -1.6572572044109055], [-0.7398087682475256, -1.9129195628917242, 4.789684910633252e-05], [3.570540668084356, -1.0289591506283682, 1.6435060410478224], [3.5698185622302248, -1.0232239107877021, -1.6473804324126646], [3.347062835471931, 3.701856368118129, -1.6467392426431857], [3.321443073772707, 3.6944383476861473, 1.6452150605036726], [7.605575982609201, 1.6361995405524983, 1.644623318190934], [7.604873004657486, 1.688636412804975, -1.6479510681179221], [7.475879706166882, 6.626933339153158, 2.101261491388341]], "name": "C4H10S", "identifiers": {"molecule_hash": "b741b21d75a337453cf4e81fbfeef721e75ca8cd", "molecular_formula": "C4H10S"}, "molecular_charge": 0.0, "molecular_multiplicity": 1, "connectivity": [[0, 1, 1.0], [0, 5, 1.0], [0, 6, 1.0], [0, 7, 1.0], [1, 2, 1.0], [1, 8, 1.0], [1, 9, 1.0], [2, 3, 1.0], [2, 10, 1.0], [2, 11, 1.0], [3, 4, 1.0], [3, 12, 1.0], [3, 13, 1.0], [4, 14, 1.0]], "fix_com": true, "fix_orientation": true, "provenance": {"creator": "QCElemental", "version": "v0.22.0", "routine": "qcelemental.molparse.from_schema"}, "id": "15624"}, "charge": 0, "optimize_geometry": false, "conformers": [], "conformer_generation_options": {"n_conformer_pool": 4000, "n_max_conformers": 0, "rms_tolerance": 0.05, "energy_window": 15, "keep_original_conformer": true}, "stage_1_unrestrained_charges": null, "stage_1_restrained_charges": null, "stage_2_unrestrained_charges": null, "stage_2_restrained_charges": null, "keep_original_orientation": false, "reorientations": [], "translations": [], "rotations": []}}], "charge": 0.09367984997308122}, {"atoms": [{"index": 13, "molecule": {"qcmol": {"schema_name": "qcschema_molecule", "schema_version": 2, "validated": true, "symbols": ["C", "C", "C", "C", "S", "H", "H", "H", "H", "H", "H", "H", "H", "H", "H"], "geometry": [[0.0, 0.0, -0.0], [2.8881002452986793, -4.766102990647233e-16, 4.653782139424386e-16], [4.004512906950504, 2.669043237437341, -2.220446049250313e-16], [6.889495143262108, 2.6461053107102837, 0.015153117930862825], [8.342913930443082, 5.7702855346129835, -0.09133644509200245], [-0.740957156134899, 0.9573086331267473, 1.6576249567041526], [-0.7403441374982864, 0.9578759505919714, -1.6572572044109055], [-0.7398087682475256, -1.9129195628917242, 4.789684910633252e-05], [3.570540668084356, -1.0289591506283682, 1.6435060410478224], [3.5698185622302248, -1.0232239107877021, -1.6473804324126646], [3.347062835471931, 3.701856368118129, -1.6467392426431857], [3.321443073772707, 3.6944383476861473, 1.6452150605036726], [7.605575982609201, 1.6361995405524983, 1.644623318190934], [7.604873004657486, 1.688636412804975, -1.6479510681179221], [7.475879706166882, 6.626933339153158, 2.101261491388341]], "name": "C4H10S", "identifiers": {"molecule_hash": "b741b21d75a337453cf4e81fbfeef721e75ca8cd", "molecular_formula": "C4H10S"}, "molecular_charge": 0.0, "molecular_multiplicity": 1, "connectivity": [[0, 1, 1.0], [0, 5, 1.0], [0, 6, 1.0], [0, 7, 1.0], [1, 2, 1.0], [1, 8, 1.0], [1, 9, 1.0], [2, 3, 1.0], [2, 10, 1.0], [2, 11, 1.0], [3, 4, 1.0], [3, 12, 1.0], [3, 13, 1.0], [4, 14, 1.0]], "fix_com": true, "fix_orientation": true, "provenance": {"creator": "QCElemental", "version": "v0.22.0", "routine": "qcelemental.molparse.from_schema"}, "id": "15624"}, "charge": 0, "optimize_geometry": false, "conformers": [], "conformer_generation_options": {"n_conformer_pool": 4000, "n_max_conformers": 0, "rms_tolerance": 0.05, "energy_window": 15, "keep_original_conformer": true}, "stage_1_unrestrained_charges": null, "stage_1_restrained_charges": null, "stage_2_unrestrained_charges": null, "stage_2_restrained_charges": null, "keep_original_orientation": false, "reorientations": [], "translations": [], "rotations": []}}], "charge": 0.10145749603695403}, {"atoms": [{"index": 14, "molecule": {"qcmol": {"schema_name": "qcschema_molecule", "schema_version": 2, "validated": true, "symbols": ["C", "C", "C", "C", "S", "H", "H", "H", "H", "H", "H", "H", "H", "H", "H"], "geometry": [[0.0, 0.0, -0.0], [2.8881002452986793, -4.766102990647233e-16, 4.653782139424386e-16], [4.004512906950504, 2.669043237437341, -2.220446049250313e-16], [6.889495143262108, 2.6461053107102837, 0.015153117930862825], [8.342913930443082, 5.7702855346129835, -0.09133644509200245], [-0.740957156134899, 0.9573086331267473, 1.6576249567041526], [-0.7403441374982864, 0.9578759505919714, -1.6572572044109055], [-0.7398087682475256, -1.9129195628917242, 4.789684910633252e-05], [3.570540668084356, -1.0289591506283682, 1.6435060410478224], [3.5698185622302248, -1.0232239107877021, -1.6473804324126646], [3.347062835471931, 3.701856368118129, -1.6467392426431857], [3.321443073772707, 3.6944383476861473, 1.6452150605036726], [7.605575982609201, 1.6361995405524983, 1.644623318190934], [7.604873004657486, 1.688636412804975, -1.6479510681179221], [7.475879706166882, 6.626933339153158, 2.101261491388341]], "name": "C4H10S", "identifiers": {"molecule_hash": "b741b21d75a337453cf4e81fbfeef721e75ca8cd", "molecular_formula": "C4H10S"}, "molecular_charge": 0.0, "molecular_multiplicity": 1, "connectivity": [[0, 1, 1.0], [0, 5, 1.0], [0, 6, 1.0], [0, 7, 1.0], [1, 2, 1.0], [1, 8, 1.0], [1, 9, 1.0], [2, 3, 1.0], [2, 10, 1.0], [2, 11, 1.0], [3, 4, 1.0], [3, 12, 1.0], [3, 13, 1.0], [4, 14, 1.0]], "fix_com": true, "fix_orientation": true, "provenance": {"creator": "QCElemental", "version": "v0.22.0", "routine": "qcelemental.molparse.from_schema"}, "id": "15624"}, "charge": 0, "optimize_geometry": false, "conformers": [], "conformer_generation_options": {"n_conformer_pool": 4000, "n_max_conformers": 0, "rms_tolerance": 0.05, "energy_window": 15, "keep_original_conformer": true}, "stage_1_unrestrained_charges": null, "stage_1_restrained_charges": null, "stage_2_unrestrained_charges": null, "stage_2_restrained_charges": null, "keep_original_orientation": false, "reorientations": [], "translations": [], "rotations": []}}], "charge": 0.20297066563670582}], "charge_equivalence_constraints": [], "molecules": [{"qcmol": {"schema_name": "qcschema_molecule", "schema_version": 2, "validated": true, "symbols": ["C", "C", "C", "C", "S", "H", "H", "H", "H", "H", "H", "H", "H", "H", "H"], "geometry": [[0.0, 0.0, -0.0], [2.8881002452986793, -4.766102990647233e-16, 4.653782139424386e-16], [4.004512906950504, 2.669043237437341, -2.220446049250313e-16], [6.889495143262108, 2.6461053107102837, 0.015153117930862825], [8.342913930443082, 5.7702855346129835, -0.09133644509200245], [-0.740957156134899, 0.9573086331267473, 1.6576249567041526], [-0.7403441374982864, 0.9578759505919714, -1.6572572044109055], [-0.7398087682475256, -1.9129195628917242, 4.789684910633252e-05], [3.570540668084356, -1.0289591506283682, 1.6435060410478224], [3.5698185622302248, -1.0232239107877021, -1.6473804324126646], [3.347062835471931, 3.701856368118129, -1.6467392426431857], [3.321443073772707, 3.6944383476861473, 1.6452150605036726], [7.605575982609201, 1.6361995405524983, 1.644623318190934], [7.604873004657486, 1.688636412804975, -1.6479510681179221], [7.475879706166882, 6.626933339153158, 2.101261491388341]], "name": "C4H10S", "identifiers": {"molecule_hash": "b741b21d75a337453cf4e81fbfeef721e75ca8cd", "molecular_formula": "C4H10S"}, "molecular_charge": 0.0, "molecular_multiplicity": 1, "connectivity": [[0, 1, 1.0], [0, 5, 1.0], [0, 6, 1.0], [0, 7, 1.0], [1, 2, 1.0], [1, 8, 1.0], [1, 9, 1.0], [2, 3, 1.0], [2, 10, 1.0], [2, 11, 1.0], [3, 4, 1.0], [3, 12, 1.0], [3, 13, 1.0], [4, 14, 1.0]], "fix_com": true, "fix_orientation": true, "provenance": {"creator": "QCElemental", "version": "v0.22.0", "routine": "qcelemental.molparse.from_schema"}, "id": "15624"}, "charge": 0, "optimize_geometry": false, "conformers": [], "conformer_generation_options": {"n_conformer_pool": 4000, "n_max_conformers": 0, "rms_tolerance": 0.05, "energy_window": 15, "keep_original_conformer": true}, "stage_1_unrestrained_charges": null, "stage_1_restrained_charges": null, "stage_2_unrestrained_charges": null, "stage_2_restrained_charges": null, "keep_original_orientation": false, "reorientations": [], "translations": [], "rotations": []}], "unconstrained_atoms": []}, "surface_constraints": {"matrix": [[1846.6229160452945, 1784.5442128661625, 1706.321766513719, 1612.1431714904768, 1489.6014606129115, 1852.2632499662263, 1854.2389238591331, 1854.3710674343156, 1774.9871728019436, 1778.9929964831024, 1699.1464631637787, 1709.0446100052302, 1600.0572900360974, 1606.737479658659, 1501.3661691812952], [1784.5442128661625, 1828.5807435183583, 1771.2657182542164, 1688.955088041435, 1575.3361168592178, 1763.1019457703849, 1766.4719968845998, 1764.5127110267797, 1849.354961283141, 1856.2819212016873, 1770.0142408558163, 1770.8973490452547, 1681.810508873637, 1678.3135569701283, 1579.5969442235953], [1706.321766513719, 1771.2657182542164, 1814.5469634249014, 1752.3820270009514, 1641.0898924834323, 1682.6392345294585, 1664.0001978908012, 1702.2014763098505, 1762.2271986174833, 1770.6730793063525, 1843.481966399105, 1844.9332569659596, 1749.494815498971, 1746.91866825278, 1652.8087558102782], [1612.1431714904768, 1688.955088041435, 1752.3820270009514, 1786.3975828427972, 1696.2279107379775, 1597.3794360779505, 1564.4527278960327, 1599.8667914527725, 1689.2062715154905, 1678.5279589446016, 1752.885797865464, 1754.8222638704449, 1814.4202001207025, 1811.67550680076, 1692.9079013960422], [1489.6014606129115, 1575.3361168592178, 1641.0898924834323, 1696.2279107379775, 1739.08805047185, 1473.29930069892, 1450.5858009413873, 1466.093312003211, 1596.6523342909197, 1553.7750551874108, 1637.7356530255613, 1636.9283785588907, 1692.929520691955, 1691.5776238912665, 1746.9835971321907], [1852.2632499662263, 1763.1019457703849, 1682.6392345294585, 1597.3794360779505, 1473.29930069892, 1939.130206864209, 1830.9881189419666, 1831.4972136474287, 1740.9822124255134, 1752.399274668112, 1657.1539813632803, 1695.531292310745, 1592.2465669355463, 1593.742816048648, 1487.8578645613227], [1854.2389238591331, 1766.4719968845998, 1664.0001978908012, 1564.4527278960327, 1450.5858009413873, 1830.9881189419666, 1942.1758715314525, 1831.9693372147772, 1757.7766149738577, 1761.099163438836, 1655.1454313816064, 1657.3761377079516, 1544.5786616899484, 1557.8628986105066, 1466.8646238037945], [1854.3710674343156, 1764.5127110267797, 1702.2014763098505, 1599.8667914527725, 1466.093312003211, 1831.4972136474287, 1831.9693372147772, 1945.5075099493426, 1742.680810901583, 1737.2594167659581, 1711.2403948354868, 1706.18174054336, 1586.0547064824755, 1598.8860293824205, 1474.8972841325176], [1774.9871728019436, 1849.354961283141, 1762.2271986174833, 1689.2062715154905, 1596.6523342909197, 1740.9822124255134, 1757.7766149738577, 1742.680810901583, 1948.141246590205, 1848.3823393132461, 1742.1805832495222, 1749.1849640025716, 1685.0640905319133, 1668.2100209197079, 1596.7940779636565], [1778.9929964831024, 1856.2819212016873, 1770.6730793063525, 1678.5279589446016, 1553.7750551874108, 1752.399274668112, 1761.099163438836, 1737.2594167659581, 1848.3823393132461, 1961.897750108031, 1769.1768853381777, 1755.6694681289114, 1669.870331556922, 1670.853912768198, 1550.487120122174], [1699.1464631637787, 1770.0142408558163, 1843.481966399105, 1752.885797865464, 1637.7356530255613, 1657.1539813632803, 1655.1454313816064, 1711.2403948354868, 1742.1805832495222, 1769.1768853381777, 1949.908011513963, 1843.8220994471128, 1723.2790645397852, 1753.5806378901389, 1645.5376283002777], [1709.0446100052302, 1770.8973490452547, 1844.9332569659596, 1754.8222638704449, 1636.9283785588907, 1695.531292310745, 1657.3761377079516, 1706.18174054336, 1749.1849640025716, 1755.6694681289114, 1843.8220994471128, 1953.256064300148, 1757.7029329822224, 1723.5506903622984, 1669.2007161837337], [1600.0572900360974, 1681.810508873637, 1749.494815498971, 1814.4202001207025, 1692.929520691955, 1592.2465669355463, 1544.5786616899484, 1586.0547064824755, 1685.0640905319133, 1669.870331556922, 1723.2790645397852, 1757.7029329822224, 1917.255519315737, 1810.8990290992822, 1681.4590975713522], [1606.737479658659, 1678.3135569701283, 1746.91866825278, 1811.67550680076, 1691.5776238912665, 1593.742816048648, 1557.8628986105066, 1598.8860293824205, 1668.2100209197079, 1670.853912768198, 1753.5806378901389, 1723.5506903622984, 1810.8990290992822, 1911.8676873028114, 1669.5995897692521], [1501.3661691812952, 1579.5969442235953, 1652.8087558102782, 1692.9079013960422, 1746.9835971321907, 1487.8578645613227, 1466.8646238037945, 1474.8972841325176, 1596.7940779636565, 1550.487120122174, 1645.5376283002777, 1669.2007161837337, 1681.4590975713522, 1669.5995897692521, 1864.4478773860137], [36.48617826456303, 34.37748635640748, 33.96935934531708, 24.08727418259043, -7.091846173366693, 36.57849974390781, 35.09870500353927, 38.867943245278106, 28.776640846860012, 36.97354719472968, 34.361263301401586, 39.534325164772476, 29.828870786530373, 27.9693142614738, 11.38349297646033]]}}