{"resp_b": 0.1, "restrained_fit": true, "exclude_hydrogens": true, "convergence_tolerance": 1e-06, "max_iter": 500, "resp_a": 0.0005, "charge_constraints": {"charge_sum_constraints": [], "charge_equivalence_constraints": [], "molecules": [{"qcmol": {"schema_name": "qcschema_molecule", "schema_version": 2, "validated": true, "symbols": ["C", "C", "C", "C", "S", "H", "H", "H", "H", "H", "H", "H", "H", "H", "H"], "geometry": [[0.0, 0.0, -0.0], [2.8881002452986793, -4.766102990647233e-16, 4.653782139424386e-16], [4.004512906950504, 2.669043237437341, -2.220446049250313e-16], [6.889495143262108, 2.6461053107102837, 0.015153117930862825], [8.342913930443082, 5.7702855346129835, -0.09133644509200245], [-0.740957156134899, 0.9573086331267473, 1.6576249567041526], [-0.7403441374982864, 0.9578759505919714, -1.6572572044109055], [-0.7398087682475256, -1.9129195628917242, 4.789684910633252e-05], [3.570540668084356, -1.0289591506283682, 1.6435060410478224], [3.5698185622302248, -1.0232239107877021, -1.6473804324126646], [3.347062835471931, 3.701856368118129, -1.6467392426431857], [3.321443073772707, 3.6944383476861473, 1.6452150605036726], [7.605575982609201, 1.6361995405524983, 1.644623318190934], [7.604873004657486, 1.688636412804975, -1.6479510681179221], [7.475879706166882, 6.626933339153158, 2.101261491388341]], "name": "C4H10S", "identifiers": {"molecule_hash": "b741b21d75a337453cf4e81fbfeef721e75ca8cd", "molecular_formula": "C4H10S"}, "molecular_charge": 0.0, "molecular_multiplicity": 1, "connectivity": [[0, 1, 1.0], [0, 5, 1.0], [0, 6, 1.0], [0, 7, 1.0], [1, 2, 1.0], [1, 8, 1.0], [1, 9, 1.0], [2, 3, 1.0], [2, 10, 1.0], [2, 11, 1.0], [3, 4, 1.0], [3, 12, 1.0], [3, 13, 1.0], [4, 14, 1.0]], "fix_com": true, "fix_orientation": true, "provenance": {"creator": "QCElemental", "version": "v0.22.0", "routine": "qcelemental.molparse.from_schema"}, "id": "15624"}, "charge": 0, "optimize_geometry": false, "conformers": [], "conformer_generation_options": {"n_conformer_pool": 4000, "n_max_conformers": 0, "rms_tolerance": 0.05, "energy_window": 15, "keep_original_conformer": true}, "stage_1_unrestrained_charges": null, "stage_1_restrained_charges": null, "stage_2_unrestrained_charges": null, "stage_2_restrained_charges": null, "keep_original_orientation": false, "reorientations": [], "translations": [], "rotations": []}], "unconstrained_atoms": [{"index": 0, "molecule": {"qcmol": {"schema_name": "qcschema_molecule", "schema_version": 2, "validated": true, "symbols": ["C", "C", "C", "C", "S", "H", "H", "H", "H", "H", "H", "H", "H", "H", "H"], "geometry": [[0.0, 0.0, -0.0], [2.8881002452986793, -4.766102990647233e-16, 4.653782139424386e-16], [4.004512906950504, 2.669043237437341, -2.220446049250313e-16], [6.889495143262108, 2.6461053107102837, 0.015153117930862825], [8.342913930443082, 5.7702855346129835, -0.09133644509200245], [-0.740957156134899, 0.9573086331267473, 1.6576249567041526], [-0.7403441374982864, 0.9578759505919714, -1.6572572044109055], [-0.7398087682475256, -1.9129195628917242, 4.789684910633252e-05], [3.570540668084356, -1.0289591506283682, 1.6435060410478224], [3.5698185622302248, -1.0232239107877021, -1.6473804324126646], [3.347062835471931, 3.701856368118129, -1.6467392426431857], [3.321443073772707, 3.6944383476861473, 1.6452150605036726], [7.605575982609201, 1.6361995405524983, 1.644623318190934], [7.604873004657486, 1.688636412804975, -1.6479510681179221], [7.475879706166882, 6.626933339153158, 2.101261491388341]], "name": "C4H10S", "identifiers": {"molecule_hash": "b741b21d75a337453cf4e81fbfeef721e75ca8cd", "molecular_formula": "C4H10S"}, "molecular_charge": 0.0, "molecular_multiplicity": 1, "connectivity": [[0, 1, 1.0], [0, 5, 1.0], [0, 6, 1.0], [0, 7, 1.0], [1, 2, 1.0], [1, 8, 1.0], [1, 9, 1.0], [2, 3, 1.0], [2, 10, 1.0], [2, 11, 1.0], [3, 4, 1.0], [3, 12, 1.0], [3, 13, 1.0], [4, 14, 1.0]], "fix_com": true, "fix_orientation": true, "provenance": {"creator": "QCElemental", "version": "v0.22.0", "routine": "qcelemental.molparse.from_schema"}, "id": "15624"}, "charge": 0, "optimize_geometry": false, "conformers": [], "conformer_generation_options": {"n_conformer_pool": 4000, "n_max_conformers": 0, "rms_tolerance": 0.05, "energy_window": 15, "keep_original_conformer": true}, "stage_1_unrestrained_charges": null, "stage_1_restrained_charges": null, "stage_2_unrestrained_charges": null, "stage_2_restrained_charges": null, "keep_original_orientation": false, "reorientations": [], "translations": [], "rotations": []}}, {"index": 1, "molecule": {"qcmol": {"schema_name": "qcschema_molecule", "schema_version": 2, "validated": true, "symbols": ["C", "C", "C", "C", "S", "H", "H", "H", "H", "H", "H", "H", "H", "H", "H"], "geometry": [[0.0, 0.0, -0.0], [2.8881002452986793, -4.766102990647233e-16, 4.653782139424386e-16], [4.004512906950504, 2.669043237437341, -2.220446049250313e-16], [6.889495143262108, 2.6461053107102837, 0.015153117930862825], [8.342913930443082, 5.7702855346129835, -0.09133644509200245], [-0.740957156134899, 0.9573086331267473, 1.6576249567041526], [-0.7403441374982864, 0.9578759505919714, -1.6572572044109055], [-0.7398087682475256, -1.9129195628917242, 4.789684910633252e-05], [3.570540668084356, -1.0289591506283682, 1.6435060410478224], [3.5698185622302248, -1.0232239107877021, -1.6473804324126646], [3.347062835471931, 3.701856368118129, -1.6467392426431857], [3.321443073772707, 3.6944383476861473, 1.6452150605036726], [7.605575982609201, 1.6361995405524983, 1.644623318190934], [7.604873004657486, 1.688636412804975, -1.6479510681179221], [7.475879706166882, 6.626933339153158, 2.101261491388341]], "name": "C4H10S", "identifiers": {"molecule_hash": "b741b21d75a337453cf4e81fbfeef721e75ca8cd", "molecular_formula": "C4H10S"}, "molecular_charge": 0.0, "molecular_multiplicity": 1, "connectivity": [[0, 1, 1.0], [0, 5, 1.0], [0, 6, 1.0], [0, 7, 1.0], [1, 2, 1.0], [1, 8, 1.0], [1, 9, 1.0], [2, 3, 1.0], [2, 10, 1.0], [2, 11, 1.0], [3, 4, 1.0], [3, 12, 1.0], [3, 13, 1.0], [4, 14, 1.0]], "fix_com": true, "fix_orientation": true, "provenance": {"creator": "QCElemental", "version": "v0.22.0", "routine": "qcelemental.molparse.from_schema"}, "id": "15624"}, "charge": 0, "optimize_geometry": false, "conformers": [], "conformer_generation_options": {"n_conformer_pool": 4000, "n_max_conformers": 0, "rms_tolerance": 0.05, "energy_window": 15, "keep_original_conformer": true}, "stage_1_unrestrained_charges": null, "stage_1_restrained_charges": null, "stage_2_unrestrained_charges": null, "stage_2_restrained_charges": null, "keep_original_orientation": false, "reorientations": [], "translations": [], "rotations": []}}, {"index": 2, "molecule": {"qcmol": {"schema_name": "qcschema_molecule", "schema_version": 2, "validated": true, "symbols": ["C", "C", "C", "C", "S", "H", "H", "H", "H", "H", "H", "H", "H", "H", "H"], "geometry": [[0.0, 0.0, -0.0], [2.8881002452986793, -4.766102990647233e-16, 4.653782139424386e-16], [4.004512906950504, 2.669043237437341, -2.220446049250313e-16], [6.889495143262108, 2.6461053107102837, 0.015153117930862825], [8.342913930443082, 5.7702855346129835, -0.09133644509200245], [-0.740957156134899, 0.9573086331267473, 1.6576249567041526], [-0.7403441374982864, 0.9578759505919714, -1.6572572044109055], [-0.7398087682475256, -1.9129195628917242, 4.789684910633252e-05], [3.570540668084356, -1.0289591506283682, 1.6435060410478224], [3.5698185622302248, -1.0232239107877021, -1.6473804324126646], [3.347062835471931, 3.701856368118129, -1.6467392426431857], [3.321443073772707, 3.6944383476861473, 1.6452150605036726], [7.605575982609201, 1.6361995405524983, 1.644623318190934], [7.604873004657486, 1.688636412804975, -1.6479510681179221], [7.475879706166882, 6.626933339153158, 2.101261491388341]], "name": "C4H10S", "identifiers": {"molecule_hash": "b741b21d75a337453cf4e81fbfeef721e75ca8cd", "molecular_formula": "C4H10S"}, "molecular_charge": 0.0, "molecular_multiplicity": 1, "connectivity": [[0, 1, 1.0], [0, 5, 1.0], [0, 6, 1.0], [0, 7, 1.0], [1, 2, 1.0], [1, 8, 1.0], [1, 9, 1.0], [2, 3, 1.0], [2, 10, 1.0], [2, 11, 1.0], [3, 4, 1.0], [3, 12, 1.0], [3, 13, 1.0], [4, 14, 1.0]], "fix_com": true, "fix_orientation": true, "provenance": {"creator": "QCElemental", "version": "v0.22.0", "routine": "qcelemental.molparse.from_schema"}, "id": "15624"}, "charge": 0, "optimize_geometry": false, "conformers": [], "conformer_generation_options": {"n_conformer_pool": 4000, "n_max_conformers": 0, "rms_tolerance": 0.05, "energy_window": 15, "keep_original_conformer": true}, "stage_1_unrestrained_charges": null, "stage_1_restrained_charges": null, "stage_2_unrestrained_charges": null, "stage_2_restrained_charges": null, "keep_original_orientation": false, "reorientations": [], "translations": [], "rotations": []}}, {"index": 3, "molecule": {"qcmol": {"schema_name": "qcschema_molecule", "schema_version": 2, "validated": true, "symbols": ["C", "C", "C", "C", "S", "H", "H", "H", "H", "H", "H", "H", "H", "H", "H"], "geometry": [[0.0, 0.0, -0.0], [2.8881002452986793, -4.766102990647233e-16, 4.653782139424386e-16], [4.004512906950504, 2.669043237437341, -2.220446049250313e-16], [6.889495143262108, 2.6461053107102837, 0.015153117930862825], [8.342913930443082, 5.7702855346129835, -0.09133644509200245], [-0.740957156134899, 0.9573086331267473, 1.6576249567041526], [-0.7403441374982864, 0.9578759505919714, -1.6572572044109055], [-0.7398087682475256, -1.9129195628917242, 4.789684910633252e-05], [3.570540668084356, -1.0289591506283682, 1.6435060410478224], [3.5698185622302248, -1.0232239107877021, -1.6473804324126646], [3.347062835471931, 3.701856368118129, -1.6467392426431857], [3.321443073772707, 3.6944383476861473, 1.6452150605036726], [7.605575982609201, 1.6361995405524983, 1.644623318190934], [7.604873004657486, 1.688636412804975, -1.6479510681179221], [7.475879706166882, 6.626933339153158, 2.101261491388341]], "name": "C4H10S", "identifiers": {"molecule_hash": "b741b21d75a337453cf4e81fbfeef721e75ca8cd", "molecular_formula": "C4H10S"}, "molecular_charge": 0.0, "molecular_multiplicity": 1, "connectivity": [[0, 1, 1.0], [0, 5, 1.0], [0, 6, 1.0], [0, 7, 1.0], [1, 2, 1.0], [1, 8, 1.0], [1, 9, 1.0], [2, 3, 1.0], [2, 10, 1.0], [2, 11, 1.0], [3, 4, 1.0], [3, 12, 1.0], [3, 13, 1.0], [4, 14, 1.0]], "fix_com": true, "fix_orientation": true, "provenance": {"creator": "QCElemental", "version": "v0.22.0", "routine": "qcelemental.molparse.from_schema"}, "id": "15624"}, "charge": 0, "optimize_geometry": false, "conformers": [], "conformer_generation_options": {"n_conformer_pool": 4000, "n_max_conformers": 0, "rms_tolerance": 0.05, "energy_window": 15, "keep_original_conformer": true}, "stage_1_unrestrained_charges": null, "stage_1_restrained_charges": null, "stage_2_unrestrained_charges": null, "stage_2_restrained_charges": null, "keep_original_orientation": false, "reorientations": [], "translations": [], "rotations": []}}]}, "surface_constraints": {"matrix": [[1562884874807565.5, 1516772800499534.5, 1459966919744706.5, 1390944172954744.8, 1302234606599493.2, 1571881642523362.0, 1570426642112301.8, 1571685998946359.0, 1512736761224912.2, 1512545830907235.0, 1455620961208800.5, 1463506713838933.0, 1381719448114268.5, 1387979870286927.8, 1309127814707656.0], [1516772800499534.5, 1553187771334576.0, 1513814908516572.8, 1456720179640419.8, 1379014931759140.2, 1503717581376522.0, 1503867321716494.8, 1503360477991057.5, 1573148821692093.5, 1574844263688654.2, 1513777912435989.8, 1514687541252211.5, 1451430572987307.5, 1449667594595732.0, 1379828685681161.5], [1459966919744706.5, 1513814908516572.8, 1553049293287400.0, 1512799695034746.5, 1441124972370049.0, 1444227749780622.5, 1427100485623132.8, 1458118883231001.5, 1509935265180124.0, 1513015897428105.5, 1576809215360809.2, 1578274478351513.2, 1510226319208259.2, 1509309119799550.5, 1448784720066515.2], [1390944172954744.8, 1456720179640419.8, 1512799695034746.5, 1550371019151473.8, 1498508330224567.0, 1381388366904479.0, 1352649212677961.5, 1381311362612353.0, 1460647673959697.8, 1447507467658721.5, 1513475905439283.2, 1514917261085661.5, 1572376918255343.8, 1571374821836564.8, 1495003815022857.2], [1302234606599493.2, 1379014931759140.2, 1441124972370049.0, 1498508330224567.0, 1556647036086028.2, 1290001621566315.2, 1269347870005032.0, 1282627194647450.8, 1399551514912483.0, 1359975580538965.8, 1438253624399319.2, 1437944021175710.0, 1494681059085637.5, 1494422690870856.8, 1563738158402812.5], [1571881642523362.0, 1503717581376522.0, 1444227749780622.5, 1381388366904479.0, 1290001621566315.2, 1645721094770365.2, 1556672292390890.2, 1557691811934111.2, 1489651361431419.8, 1494847688622063.5, 1425173368516684.2, 1455703996800233.5, 1376978924677348.2, 1380596774149352.8, 1299592865462598.2], [1570426642112301.8, 1503867321716494.8, 1427100485623132.8, 1352649212677961.5, 1269347870005032.0, 1556672292390890.2, 1641466010710052.8, 1555763527391066.2, 1500480850722630.8, 1500140970704087.0, 1421307710527167.5, 1423146373773789.5, 1336974854167736.5, 1348737443182153.0, 1279727994042609.0], [1571685998946359.0, 1503360477991057.5, 1458118883231001.5, 1381311362612353.0, 1282627194647450.8, 1557691811934111.2, 1555763527391066.2, 1646416980637462.0, 1489260929027532.8, 1482232509831372.0, 1466882912794524.5, 1462853241886380.0, 1371427629596611.0, 1380811348720256.5, 1286827189819217.2], [1512736761224912.2, 1573148821692093.5, 1509935265180124.0, 1460647673959697.8, 1399551514912483.0, 1489651361431419.8, 1500480850722630.8, 1489260929027532.8, 1655184337751232.2, 1572099021412819.2, 1494430193926221.0, 1500115329769140.5, 1457563265437299.5, 1445675845608791.0, 1396996970953120.5], [1512545830907235.0, 1574844263688654.2, 1513015897428105.5, 1447507467658721.5, 1359975580538965.8, 1494847688622063.5, 1500140970704087.0, 1482232509831372.0, 1572099021412819.2, 1658710956119297.5, 1512956528545234.5, 1502481378354295.0, 1441452194727344.0, 1442587527880762.5, 1354106389735607.0], [1455620961208800.5, 1513777912435989.8, 1576809215360809.2, 1513475905439283.2, 1438253624399319.2, 1425173368516684.2, 1421307710527167.5, 1466882912794524.5, 1494430193926221.0, 1512956528545234.5, 1662751837318689.2, 1578225780346680.8, 1490016190211975.0, 1514268922233995.0, 1442163405499868.5], [1463506713838933.0, 1514687541252211.5, 1578274478351513.2, 1514917261085661.5, 1437944021175710.0, 1455703996800233.5, 1423146373773789.5, 1462853241886380.0, 1500115329769140.5, 1502481378354295.0, 1578225780346680.8, 1666360033044195.8, 1516131229165965.0, 1490867572011530.5, 1462497617639179.8], [1381719448114268.5, 1451430572987307.5, 1510226319208259.2, 1572376918255343.8, 1494681059085637.5, 1376978924677348.2, 1336974854167736.5, 1371427629596611.0, 1457563265437299.5, 1441452194727344.0, 1490016190211975.0, 1516131229165965.0, 1655431522049213.0, 1570175627676409.2, 1484215537046903.2], [1387979870286927.8, 1449667594595732.0, 1509309119799550.5, 1571374821836564.8, 1494422690870856.8, 1380596774149352.8, 1348737443182153.0, 1380811348720256.5, 1445675845608791.0, 1442587527880762.5, 1514268922233995.0, 1490867572011530.5, 1570175627676409.2, 1653516371106833.5, 1475956326843601.2], [1309127814707656.0, 1379828685681161.5, 1448784720066515.2, 1495003815022857.2, 1563738158402812.5, 1299592865462598.2, 1279727994042609.0, 1286827189819217.2, 1396996970953120.5, 1354106389735607.0, 1442163405499868.5, 1462497617639179.8, 1484215537046903.2, 1475956326843601.2, 1663553475115152.5], [22529416750064.09, 19957930018314.652, 18623895845639.92, 11706125467851.86, -9979031757629.457, 23021122377957.832, 22161813358760.1, 24228426424653.566, 16437056320057.287, 21647361287710.09, 18717113526661.875, 22166035853097.562, 15724777923203.412, 14773942439442.514, 3163806208871.491]]}}