{"resp_b": 0.1, "restrained_fit": true, "exclude_hydrogens": true, "convergence_tolerance": 1e-06, "max_iter": 500, "resp_a": 0.001, "charge_constraints": {"charge_sum_constraints": [{"atoms": [{"index": 0, "molecule": {"qcmol": {"schema_name": "qcschema_molecule", "schema_version": 2, "validated": true, "symbols": ["C", "C", "C", "C", "S", "H", "H", "H", "H", "H", "H", "H", "H", "H", "H"], "geometry": [[0.0, 0.0, -0.0], [2.8881002452986793, -4.766102990647233e-16, 4.653782139424386e-16], [4.004512906950504, 2.669043237437341, -2.220446049250313e-16], [6.889495143262108, 2.6461053107102837, 0.015153117930862825], [8.342913930443082, 5.7702855346129835, -0.09133644509200245], [-0.740957156134899, 0.9573086331267473, 1.6576249567041526], [-0.7403441374982864, 0.9578759505919714, -1.6572572044109055], [-0.7398087682475256, -1.9129195628917242, 4.789684910633252e-05], [3.570540668084356, -1.0289591506283682, 1.6435060410478224], [3.5698185622302248, -1.0232239107877021, -1.6473804324126646], [3.347062835471931, 3.701856368118129, -1.6467392426431857], [3.321443073772707, 3.6944383476861473, 1.6452150605036726], [7.605575982609201, 1.6361995405524983, 1.644623318190934], [7.604873004657486, 1.688636412804975, -1.6479510681179221], [7.475879706166882, 6.626933339153158, 2.101261491388341]], "name": "C4H10S", "identifiers": {"molecule_hash": "b741b21d75a337453cf4e81fbfeef721e75ca8cd", "molecular_formula": "C4H10S"}, "molecular_charge": 0.0, "molecular_multiplicity": 1, "connectivity": [[0, 1, 1.0], [0, 5, 1.0], [0, 6, 1.0], [0, 7, 1.0], [1, 2, 1.0], [1, 8, 1.0], [1, 9, 1.0], [2, 3, 1.0], [2, 10, 1.0], [2, 11, 1.0], [3, 4, 1.0], [3, 12, 1.0], [3, 13, 1.0], [4, 14, 1.0]], "fix_com": true, "fix_orientation": true, "provenance": {"creator": "QCElemental", "version": "v0.22.0", "routine": "qcelemental.molparse.from_schema"}, "id": "15624"}, "charge": 0, "optimize_geometry": false, "conformers": [], "conformer_generation_options": {"n_conformer_pool": 4000, "n_max_conformers": 0, "rms_tolerance": 0.05, "energy_window": 15, "keep_original_conformer": true}, "stage_1_unrestrained_charges": null, "stage_1_restrained_charges": null, "stage_2_unrestrained_charges": null, "stage_2_restrained_charges": null, "keep_original_orientation": false, "reorientations": [], "translations": [], "rotations": []}}], "charge": -0.32716955116024493}, {"atoms": [{"index": 1, "molecule": {"qcmol": {"schema_name": "qcschema_molecule", "schema_version": 2, "validated": true, "symbols": ["C", "C", "C", "C", "S", "H", "H", "H", "H", "H", "H", "H", "H", "H", "H"], "geometry": [[0.0, 0.0, -0.0], [2.8881002452986793, -4.766102990647233e-16, 4.653782139424386e-16], [4.004512906950504, 2.669043237437341, -2.220446049250313e-16], [6.889495143262108, 2.6461053107102837, 0.015153117930862825], [8.342913930443082, 5.7702855346129835, -0.09133644509200245], [-0.740957156134899, 0.9573086331267473, 1.6576249567041526], [-0.7403441374982864, 0.9578759505919714, -1.6572572044109055], [-0.7398087682475256, -1.9129195628917242, 4.789684910633252e-05], [3.570540668084356, -1.0289591506283682, 1.6435060410478224], [3.5698185622302248, -1.0232239107877021, -1.6473804324126646], [3.347062835471931, 3.701856368118129, -1.6467392426431857], [3.321443073772707, 3.6944383476861473, 1.6452150605036726], [7.605575982609201, 1.6361995405524983, 1.644623318190934], [7.604873004657486, 1.688636412804975, -1.6479510681179221], [7.475879706166882, 6.626933339153158, 2.101261491388341]], "name": "C4H10S", "identifiers": {"molecule_hash": "b741b21d75a337453cf4e81fbfeef721e75ca8cd", "molecular_formula": "C4H10S"}, "molecular_charge": 0.0, "molecular_multiplicity": 1, "connectivity": [[0, 1, 1.0], [0, 5, 1.0], [0, 6, 1.0], [0, 7, 1.0], [1, 2, 1.0], [1, 8, 1.0], [1, 9, 1.0], [2, 3, 1.0], [2, 10, 1.0], [2, 11, 1.0], [3, 4, 1.0], [3, 12, 1.0], [3, 13, 1.0], [4, 14, 1.0]], "fix_com": true, "fix_orientation": true, "provenance": {"creator": "QCElemental", "version": "v0.22.0", "routine": "qcelemental.molparse.from_schema"}, "id": "15624"}, "charge": 0, "optimize_geometry": false, "conformers": [], "conformer_generation_options": {"n_conformer_pool": 4000, "n_max_conformers": 0, "rms_tolerance": 0.05, "energy_window": 15, "keep_original_conformer": true}, "stage_1_unrestrained_charges": null, "stage_1_restrained_charges": null, "stage_2_unrestrained_charges": null, "stage_2_restrained_charges": null, "keep_original_orientation": false, "reorientations": [], "translations": [], "rotations": []}}], "charge": 0.21395108921927986}, {"atoms": [{"index": 2, "molecule": {"qcmol": {"schema_name": "qcschema_molecule", "schema_version": 2, "validated": true, "symbols": ["C", "C", "C", "C", "S", "H", "H", "H", "H", "H", "H", "H", "H", "H", "H"], "geometry": [[0.0, 0.0, -0.0], [2.8881002452986793, -4.766102990647233e-16, 4.653782139424386e-16], [4.004512906950504, 2.669043237437341, -2.220446049250313e-16], [6.889495143262108, 2.6461053107102837, 0.015153117930862825], [8.342913930443082, 5.7702855346129835, -0.09133644509200245], [-0.740957156134899, 0.9573086331267473, 1.6576249567041526], [-0.7403441374982864, 0.9578759505919714, -1.6572572044109055], [-0.7398087682475256, -1.9129195628917242, 4.789684910633252e-05], [3.570540668084356, -1.0289591506283682, 1.6435060410478224], [3.5698185622302248, -1.0232239107877021, -1.6473804324126646], [3.347062835471931, 3.701856368118129, -1.6467392426431857], [3.321443073772707, 3.6944383476861473, 1.6452150605036726], [7.605575982609201, 1.6361995405524983, 1.644623318190934], [7.604873004657486, 1.688636412804975, -1.6479510681179221], [7.475879706166882, 6.626933339153158, 2.101261491388341]], "name": "C4H10S", "identifiers": {"molecule_hash": "b741b21d75a337453cf4e81fbfeef721e75ca8cd", "molecular_formula": "C4H10S"}, "molecular_charge": 0.0, "molecular_multiplicity": 1, "connectivity": [[0, 1, 1.0], [0, 5, 1.0], [0, 6, 1.0], [0, 7, 1.0], [1, 2, 1.0], [1, 8, 1.0], [1, 9, 1.0], [2, 3, 1.0], [2, 10, 1.0], [2, 11, 1.0], [3, 4, 1.0], [3, 12, 1.0], [3, 13, 1.0], [4, 14, 1.0]], "fix_com": true, "fix_orientation": true, "provenance": {"creator": "QCElemental", "version": "v0.22.0", "routine": "qcelemental.molparse.from_schema"}, "id": "15624"}, "charge": 0, "optimize_geometry": false, "conformers": [], "conformer_generation_options": {"n_conformer_pool": 4000, "n_max_conformers": 0, "rms_tolerance": 0.05, "energy_window": 15, "keep_original_conformer": true}, "stage_1_unrestrained_charges": null, "stage_1_restrained_charges": null, "stage_2_unrestrained_charges": null, "stage_2_restrained_charges": null, "keep_original_orientation": false, "reorientations": [], "translations": [], "rotations": []}}], "charge": 0.08202137585749596}, {"atoms": [{"index": 3, "molecule": {"qcmol": {"schema_name": "qcschema_molecule", "schema_version": 2, "validated": true, "symbols": ["C", "C", "C", "C", "S", "H", "H", "H", "H", "H", "H", "H", "H", "H", "H"], "geometry": [[0.0, 0.0, -0.0], [2.8881002452986793, -4.766102990647233e-16, 4.653782139424386e-16], [4.004512906950504, 2.669043237437341, -2.220446049250313e-16], [6.889495143262108, 2.6461053107102837, 0.015153117930862825], [8.342913930443082, 5.7702855346129835, -0.09133644509200245], [-0.740957156134899, 0.9573086331267473, 1.6576249567041526], [-0.7403441374982864, 0.9578759505919714, -1.6572572044109055], [-0.7398087682475256, -1.9129195628917242, 4.789684910633252e-05], [3.570540668084356, -1.0289591506283682, 1.6435060410478224], [3.5698185622302248, -1.0232239107877021, -1.6473804324126646], [3.347062835471931, 3.701856368118129, -1.6467392426431857], [3.321443073772707, 3.6944383476861473, 1.6452150605036726], [7.605575982609201, 1.6361995405524983, 1.644623318190934], [7.604873004657486, 1.688636412804975, -1.6479510681179221], [7.475879706166882, 6.626933339153158, 2.101261491388341]], "name": "C4H10S", "identifiers": {"molecule_hash": "b741b21d75a337453cf4e81fbfeef721e75ca8cd", "molecular_formula": "C4H10S"}, "molecular_charge": 0.0, "molecular_multiplicity": 1, "connectivity": [[0, 1, 1.0], [0, 5, 1.0], [0, 6, 1.0], [0, 7, 1.0], [1, 2, 1.0], [1, 8, 1.0], [1, 9, 1.0], [2, 3, 1.0], [2, 10, 1.0], [2, 11, 1.0], [3, 4, 1.0], [3, 12, 1.0], [3, 13, 1.0], [4, 14, 1.0]], "fix_com": true, "fix_orientation": true, "provenance": {"creator": "QCElemental", "version": "v0.22.0", "routine": "qcelemental.molparse.from_schema"}, "id": "15624"}, "charge": 0, "optimize_geometry": false, "conformers": [], "conformer_generation_options": {"n_conformer_pool": 4000, "n_max_conformers": 0, "rms_tolerance": 0.05, "energy_window": 15, "keep_original_conformer": true}, "stage_1_unrestrained_charges": null, "stage_1_restrained_charges": null, "stage_2_unrestrained_charges": null, "stage_2_restrained_charges": null, "keep_original_orientation": false, "reorientations": [], "translations": [], "rotations": []}}], "charge": -0.10138153504370767}, {"atoms": [{"index": 4, "molecule": {"qcmol": {"schema_name": "qcschema_molecule", "schema_version": 2, "validated": true, "symbols": ["C", "C", "C", "C", "S", "H", "H", "H", "H", "H", "H", "H", "H", "H", "H"], "geometry": [[0.0, 0.0, -0.0], [2.8881002452986793, -4.766102990647233e-16, 4.653782139424386e-16], [4.004512906950504, 2.669043237437341, -2.220446049250313e-16], [6.889495143262108, 2.6461053107102837, 0.015153117930862825], [8.342913930443082, 5.7702855346129835, -0.09133644509200245], [-0.740957156134899, 0.9573086331267473, 1.6576249567041526], [-0.7403441374982864, 0.9578759505919714, -1.6572572044109055], [-0.7398087682475256, -1.9129195628917242, 4.789684910633252e-05], [3.570540668084356, -1.0289591506283682, 1.6435060410478224], [3.5698185622302248, -1.0232239107877021, -1.6473804324126646], [3.347062835471931, 3.701856368118129, -1.6467392426431857], [3.321443073772707, 3.6944383476861473, 1.6452150605036726], [7.605575982609201, 1.6361995405524983, 1.644623318190934], [7.604873004657486, 1.688636412804975, -1.6479510681179221], [7.475879706166882, 6.626933339153158, 2.101261491388341]], "name": "C4H10S", "identifiers": {"molecule_hash": "b741b21d75a337453cf4e81fbfeef721e75ca8cd", "molecular_formula": "C4H10S"}, "molecular_charge": 0.0, "molecular_multiplicity": 1, "connectivity": [[0, 1, 1.0], [0, 5, 1.0], [0, 6, 1.0], [0, 7, 1.0], [1, 2, 1.0], [1, 8, 1.0], [1, 9, 1.0], [2, 3, 1.0], [2, 10, 1.0], [2, 11, 1.0], [3, 4, 1.0], [3, 12, 1.0], [3, 13, 1.0], [4, 14, 1.0]], "fix_com": true, "fix_orientation": true, "provenance": {"creator": "QCElemental", "version": "v0.22.0", "routine": "qcelemental.molparse.from_schema"}, "id": "15624"}, "charge": 0, "optimize_geometry": false, "conformers": [], "conformer_generation_options": {"n_conformer_pool": 4000, "n_max_conformers": 0, "rms_tolerance": 0.05, "energy_window": 15, "keep_original_conformer": true}, "stage_1_unrestrained_charges": null, "stage_1_restrained_charges": null, "stage_2_unrestrained_charges": null, "stage_2_restrained_charges": null, "keep_original_orientation": false, "reorientations": [], "translations": [], "rotations": []}}], "charge": -0.4166485733741423}, {"atoms": [{"index": 5, "molecule": {"qcmol": {"schema_name": "qcschema_molecule", "schema_version": 2, "validated": true, "symbols": ["C", "C", "C", "C", "S", "H", "H", "H", "H", "H", "H", "H", "H", "H", "H"], "geometry": [[0.0, 0.0, -0.0], [2.8881002452986793, -4.766102990647233e-16, 4.653782139424386e-16], [4.004512906950504, 2.669043237437341, -2.220446049250313e-16], [6.889495143262108, 2.6461053107102837, 0.015153117930862825], [8.342913930443082, 5.7702855346129835, -0.09133644509200245], [-0.740957156134899, 0.9573086331267473, 1.6576249567041526], [-0.7403441374982864, 0.9578759505919714, -1.6572572044109055], [-0.7398087682475256, -1.9129195628917242, 4.789684910633252e-05], [3.570540668084356, -1.0289591506283682, 1.6435060410478224], [3.5698185622302248, -1.0232239107877021, -1.6473804324126646], [3.347062835471931, 3.701856368118129, -1.6467392426431857], [3.321443073772707, 3.6944383476861473, 1.6452150605036726], [7.605575982609201, 1.6361995405524983, 1.644623318190934], [7.604873004657486, 1.688636412804975, -1.6479510681179221], [7.475879706166882, 6.626933339153158, 2.101261491388341]], "name": "C4H10S", "identifiers": {"molecule_hash": "b741b21d75a337453cf4e81fbfeef721e75ca8cd", "molecular_formula": "C4H10S"}, "molecular_charge": 0.0, "molecular_multiplicity": 1, "connectivity": [[0, 1, 1.0], [0, 5, 1.0], [0, 6, 1.0], [0, 7, 1.0], [1, 2, 1.0], [1, 8, 1.0], [1, 9, 1.0], [2, 3, 1.0], [2, 10, 1.0], [2, 11, 1.0], [3, 4, 1.0], [3, 12, 1.0], [3, 13, 1.0], [4, 14, 1.0]], "fix_com": true, "fix_orientation": true, "provenance": {"creator": "QCElemental", "version": "v0.22.0", "routine": "qcelemental.molparse.from_schema"}, "id": "15624"}, "charge": 0, "optimize_geometry": false, "conformers": [], "conformer_generation_options": {"n_conformer_pool": 4000, "n_max_conformers": 0, "rms_tolerance": 0.05, "energy_window": 15, "keep_original_conformer": true}, "stage_1_unrestrained_charges": null, "stage_1_restrained_charges": null, "stage_2_unrestrained_charges": null, "stage_2_restrained_charges": null, "keep_original_orientation": false, "reorientations": [], "translations": [], "rotations": []}}], "charge": 0.07056367317568968}, {"atoms": [{"index": 6, "molecule": {"qcmol": {"schema_name": "qcschema_molecule", "schema_version": 2, "validated": true, "symbols": ["C", "C", "C", "C", "S", "H", "H", "H", "H", "H", "H", "H", "H", "H", "H"], "geometry": [[0.0, 0.0, -0.0], [2.8881002452986793, -4.766102990647233e-16, 4.653782139424386e-16], [4.004512906950504, 2.669043237437341, -2.220446049250313e-16], [6.889495143262108, 2.6461053107102837, 0.015153117930862825], [8.342913930443082, 5.7702855346129835, -0.09133644509200245], [-0.740957156134899, 0.9573086331267473, 1.6576249567041526], [-0.7403441374982864, 0.9578759505919714, -1.6572572044109055], [-0.7398087682475256, -1.9129195628917242, 4.789684910633252e-05], [3.570540668084356, -1.0289591506283682, 1.6435060410478224], [3.5698185622302248, -1.0232239107877021, -1.6473804324126646], [3.347062835471931, 3.701856368118129, -1.6467392426431857], [3.321443073772707, 3.6944383476861473, 1.6452150605036726], [7.605575982609201, 1.6361995405524983, 1.644623318190934], [7.604873004657486, 1.688636412804975, -1.6479510681179221], [7.475879706166882, 6.626933339153158, 2.101261491388341]], "name": "C4H10S", "identifiers": {"molecule_hash": "b741b21d75a337453cf4e81fbfeef721e75ca8cd", "molecular_formula": "C4H10S"}, "molecular_charge": 0.0, "molecular_multiplicity": 1, "connectivity": [[0, 1, 1.0], [0, 5, 1.0], [0, 6, 1.0], [0, 7, 1.0], [1, 2, 1.0], [1, 8, 1.0], [1, 9, 1.0], [2, 3, 1.0], [2, 10, 1.0], [2, 11, 1.0], [3, 4, 1.0], [3, 12, 1.0], [3, 13, 1.0], [4, 14, 1.0]], "fix_com": true, "fix_orientation": true, "provenance": {"creator": "QCElemental", "version": "v0.22.0", "routine": "qcelemental.molparse.from_schema"}, "id": "15624"}, "charge": 0, "optimize_geometry": false, "conformers": [], "conformer_generation_options": {"n_conformer_pool": 4000, "n_max_conformers": 0, "rms_tolerance": 0.05, "energy_window": 15, "keep_original_conformer": true}, "stage_1_unrestrained_charges": null, "stage_1_restrained_charges": null, "stage_2_unrestrained_charges": null, "stage_2_restrained_charges": null, "keep_original_orientation": false, "reorientations": [], "translations": [], "rotations": []}}], "charge": 0.07465137310381507}, {"atoms": [{"index": 7, "molecule": {"qcmol": {"schema_name": "qcschema_molecule", "schema_version": 2, "validated": true, "symbols": ["C", "C", "C", "C", "S", "H", "H", "H", "H", "H", "H", "H", "H", "H", "H"], "geometry": [[0.0, 0.0, -0.0], [2.8881002452986793, -4.766102990647233e-16, 4.653782139424386e-16], [4.004512906950504, 2.669043237437341, -2.220446049250313e-16], [6.889495143262108, 2.6461053107102837, 0.015153117930862825], [8.342913930443082, 5.7702855346129835, -0.09133644509200245], [-0.740957156134899, 0.9573086331267473, 1.6576249567041526], [-0.7403441374982864, 0.9578759505919714, -1.6572572044109055], [-0.7398087682475256, -1.9129195628917242, 4.789684910633252e-05], [3.570540668084356, -1.0289591506283682, 1.6435060410478224], [3.5698185622302248, -1.0232239107877021, -1.6473804324126646], [3.347062835471931, 3.701856368118129, -1.6467392426431857], [3.321443073772707, 3.6944383476861473, 1.6452150605036726], [7.605575982609201, 1.6361995405524983, 1.644623318190934], [7.604873004657486, 1.688636412804975, -1.6479510681179221], [7.475879706166882, 6.626933339153158, 2.101261491388341]], "name": "C4H10S", "identifiers": {"molecule_hash": "b741b21d75a337453cf4e81fbfeef721e75ca8cd", "molecular_formula": "C4H10S"}, "molecular_charge": 0.0, "molecular_multiplicity": 1, "connectivity": [[0, 1, 1.0], [0, 5, 1.0], [0, 6, 1.0], [0, 7, 1.0], [1, 2, 1.0], [1, 8, 1.0], [1, 9, 1.0], [2, 3, 1.0], [2, 10, 1.0], [2, 11, 1.0], [3, 4, 1.0], [3, 12, 1.0], [3, 13, 1.0], [4, 14, 1.0]], "fix_com": true, "fix_orientation": true, "provenance": {"creator": "QCElemental", "version": "v0.22.0", "routine": "qcelemental.molparse.from_schema"}, "id": "15624"}, "charge": 0, "optimize_geometry": false, "conformers": [], "conformer_generation_options": {"n_conformer_pool": 4000, "n_max_conformers": 0, "rms_tolerance": 0.05, "energy_window": 15, "keep_original_conformer": true}, "stage_1_unrestrained_charges": null, "stage_1_restrained_charges": null, "stage_2_unrestrained_charges": null, "stage_2_restrained_charges": null, "keep_original_orientation": false, "reorientations": [], "translations": [], "rotations": []}}], "charge": 0.07891337423964238}, {"atoms": [{"index": 8, "molecule": {"qcmol": {"schema_name": "qcschema_molecule", "schema_version": 2, "validated": true, "symbols": ["C", "C", "C", "C", "S", "H", "H", "H", "H", "H", "H", "H", "H", "H", "H"], "geometry": [[0.0, 0.0, -0.0], [2.8881002452986793, -4.766102990647233e-16, 4.653782139424386e-16], [4.004512906950504, 2.669043237437341, -2.220446049250313e-16], [6.889495143262108, 2.6461053107102837, 0.015153117930862825], [8.342913930443082, 5.7702855346129835, -0.09133644509200245], [-0.740957156134899, 0.9573086331267473, 1.6576249567041526], [-0.7403441374982864, 0.9578759505919714, -1.6572572044109055], [-0.7398087682475256, -1.9129195628917242, 4.789684910633252e-05], [3.570540668084356, -1.0289591506283682, 1.6435060410478224], [3.5698185622302248, -1.0232239107877021, -1.6473804324126646], [3.347062835471931, 3.701856368118129, -1.6467392426431857], [3.321443073772707, 3.6944383476861473, 1.6452150605036726], [7.605575982609201, 1.6361995405524983, 1.644623318190934], [7.604873004657486, 1.688636412804975, -1.6479510681179221], [7.475879706166882, 6.626933339153158, 2.101261491388341]], "name": "C4H10S", "identifiers": {"molecule_hash": "b741b21d75a337453cf4e81fbfeef721e75ca8cd", "molecular_formula": "C4H10S"}, "molecular_charge": 0.0, "molecular_multiplicity": 1, "connectivity": [[0, 1, 1.0], [0, 5, 1.0], [0, 6, 1.0], [0, 7, 1.0], [1, 2, 1.0], [1, 8, 1.0], [1, 9, 1.0], [2, 3, 1.0], [2, 10, 1.0], [2, 11, 1.0], [3, 4, 1.0], [3, 12, 1.0], [3, 13, 1.0], [4, 14, 1.0]], "fix_com": true, "fix_orientation": true, "provenance": {"creator": "QCElemental", "version": "v0.22.0", "routine": "qcelemental.molparse.from_schema"}, "id": "15624"}, "charge": 0, "optimize_geometry": false, "conformers": [], "conformer_generation_options": {"n_conformer_pool": 4000, "n_max_conformers": 0, "rms_tolerance": 0.05, "energy_window": 15, "keep_original_conformer": true}, "stage_1_unrestrained_charges": null, "stage_1_restrained_charges": null, "stage_2_unrestrained_charges": null, "stage_2_restrained_charges": null, "keep_original_orientation": false, "reorientations": [], "translations": [], "rotations": []}}], "charge": -0.03791113983835333}, {"atoms": [{"index": 9, "molecule": {"qcmol": {"schema_name": "qcschema_molecule", "schema_version": 2, "validated": true, "symbols": ["C", "C", "C", "C", "S", "H", "H", "H", "H", "H", "H", "H", "H", "H", "H"], "geometry": [[0.0, 0.0, -0.0], [2.8881002452986793, -4.766102990647233e-16, 4.653782139424386e-16], [4.004512906950504, 2.669043237437341, -2.220446049250313e-16], [6.889495143262108, 2.6461053107102837, 0.015153117930862825], [8.342913930443082, 5.7702855346129835, -0.09133644509200245], [-0.740957156134899, 0.9573086331267473, 1.6576249567041526], [-0.7403441374982864, 0.9578759505919714, -1.6572572044109055], [-0.7398087682475256, -1.9129195628917242, 4.789684910633252e-05], [3.570540668084356, -1.0289591506283682, 1.6435060410478224], [3.5698185622302248, -1.0232239107877021, -1.6473804324126646], [3.347062835471931, 3.701856368118129, -1.6467392426431857], [3.321443073772707, 3.6944383476861473, 1.6452150605036726], [7.605575982609201, 1.6361995405524983, 1.644623318190934], [7.604873004657486, 1.688636412804975, -1.6479510681179221], [7.475879706166882, 6.626933339153158, 2.101261491388341]], "name": "C4H10S", "identifiers": {"molecule_hash": "b741b21d75a337453cf4e81fbfeef721e75ca8cd", "molecular_formula": "C4H10S"}, "molecular_charge": 0.0, "molecular_multiplicity": 1, "connectivity": [[0, 1, 1.0], [0, 5, 1.0], [0, 6, 1.0], [0, 7, 1.0], [1, 2, 1.0], [1, 8, 1.0], [1, 9, 1.0], [2, 3, 1.0], [2, 10, 1.0], [2, 11, 1.0], [3, 4, 1.0], [3, 12, 1.0], [3, 13, 1.0], [4, 14, 1.0]], "fix_com": true, "fix_orientation": true, "provenance": {"creator": "QCElemental", "version": "v0.22.0", "routine": "qcelemental.molparse.from_schema"}, "id": "15624"}, "charge": 0, "optimize_geometry": false, "conformers": [], "conformer_generation_options": {"n_conformer_pool": 4000, "n_max_conformers": 0, "rms_tolerance": 0.05, "energy_window": 15, "keep_original_conformer": true}, "stage_1_unrestrained_charges": null, "stage_1_restrained_charges": null, "stage_2_unrestrained_charges": null, "stage_2_restrained_charges": null, "keep_original_orientation": false, "reorientations": [], "translations": [], "rotations": []}}], "charge": -0.037915245918761296}, {"atoms": [{"index": 10, "molecule": {"qcmol": {"schema_name": "qcschema_molecule", "schema_version": 2, "validated": true, "symbols": ["C", "C", "C", "C", "S", "H", "H", "H", "H", "H", "H", "H", "H", "H", "H"], "geometry": [[0.0, 0.0, -0.0], [2.8881002452986793, -4.766102990647233e-16, 4.653782139424386e-16], [4.004512906950504, 2.669043237437341, -2.220446049250313e-16], [6.889495143262108, 2.6461053107102837, 0.015153117930862825], [8.342913930443082, 5.7702855346129835, -0.09133644509200245], [-0.740957156134899, 0.9573086331267473, 1.6576249567041526], [-0.7403441374982864, 0.9578759505919714, -1.6572572044109055], [-0.7398087682475256, -1.9129195628917242, 4.789684910633252e-05], [3.570540668084356, -1.0289591506283682, 1.6435060410478224], [3.5698185622302248, -1.0232239107877021, -1.6473804324126646], [3.347062835471931, 3.701856368118129, -1.6467392426431857], [3.321443073772707, 3.6944383476861473, 1.6452150605036726], [7.605575982609201, 1.6361995405524983, 1.644623318190934], [7.604873004657486, 1.688636412804975, -1.6479510681179221], [7.475879706166882, 6.626933339153158, 2.101261491388341]], "name": "C4H10S", "identifiers": {"molecule_hash": "b741b21d75a337453cf4e81fbfeef721e75ca8cd", "molecular_formula": "C4H10S"}, "molecular_charge": 0.0, "molecular_multiplicity": 1, "connectivity": [[0, 1, 1.0], [0, 5, 1.0], [0, 6, 1.0], [0, 7, 1.0], [1, 2, 1.0], [1, 8, 1.0], [1, 9, 1.0], [2, 3, 1.0], [2, 10, 1.0], [2, 11, 1.0], [3, 4, 1.0], [3, 12, 1.0], [3, 13, 1.0], [4, 14, 1.0]], "fix_com": true, "fix_orientation": true, "provenance": {"creator": "QCElemental", "version": "v0.22.0", "routine": "qcelemental.molparse.from_schema"}, "id": "15624"}, "charge": 0, "optimize_geometry": false, "conformers": [], "conformer_generation_options": {"n_conformer_pool": 4000, "n_max_conformers": 0, "rms_tolerance": 0.05, "energy_window": 15, "keep_original_conformer": true}, "stage_1_unrestrained_charges": null, "stage_1_restrained_charges": null, "stage_2_unrestrained_charges": null, "stage_2_restrained_charges": null, "keep_original_orientation": false, "reorientations": [], "translations": [], "rotations": []}}], "charge": -0.012198634554165604}, {"atoms": [{"index": 11, "molecule": {"qcmol": {"schema_name": "qcschema_molecule", "schema_version": 2, "validated": true, "symbols": ["C", "C", "C", "C", "S", "H", "H", "H", "H", "H", "H", "H", "H", "H", "H"], "geometry": [[0.0, 0.0, -0.0], [2.8881002452986793, -4.766102990647233e-16, 4.653782139424386e-16], [4.004512906950504, 2.669043237437341, -2.220446049250313e-16], [6.889495143262108, 2.6461053107102837, 0.015153117930862825], [8.342913930443082, 5.7702855346129835, -0.09133644509200245], [-0.740957156134899, 0.9573086331267473, 1.6576249567041526], [-0.7403441374982864, 0.9578759505919714, -1.6572572044109055], [-0.7398087682475256, -1.9129195628917242, 4.789684910633252e-05], [3.570540668084356, -1.0289591506283682, 1.6435060410478224], [3.5698185622302248, -1.0232239107877021, -1.6473804324126646], [3.347062835471931, 3.701856368118129, -1.6467392426431857], [3.321443073772707, 3.6944383476861473, 1.6452150605036726], [7.605575982609201, 1.6361995405524983, 1.644623318190934], [7.604873004657486, 1.688636412804975, -1.6479510681179221], [7.475879706166882, 6.626933339153158, 2.101261491388341]], "name": "C4H10S", "identifiers": {"molecule_hash": "b741b21d75a337453cf4e81fbfeef721e75ca8cd", "molecular_formula": "C4H10S"}, "molecular_charge": 0.0, "molecular_multiplicity": 1, "connectivity": [[0, 1, 1.0], [0, 5, 1.0], [0, 6, 1.0], [0, 7, 1.0], [1, 2, 1.0], [1, 8, 1.0], [1, 9, 1.0], [2, 3, 1.0], [2, 10, 1.0], [2, 11, 1.0], [3, 4, 1.0], [3, 12, 1.0], [3, 13, 1.0], [4, 14, 1.0]], "fix_com": true, "fix_orientation": true, "provenance": {"creator": "QCElemental", "version": "v0.22.0", "routine": "qcelemental.molparse.from_schema"}, "id": "15624"}, "charge": 0, "optimize_geometry": false, "conformers": [], "conformer_generation_options": {"n_conformer_pool": 4000, "n_max_conformers": 0, "rms_tolerance": 0.05, "energy_window": 15, "keep_original_conformer": true}, "stage_1_unrestrained_charges": null, "stage_1_restrained_charges": null, "stage_2_unrestrained_charges": null, "stage_2_restrained_charges": null, "keep_original_orientation": false, "reorientations": [], "translations": [], "rotations": []}}], "charge": -0.007169630387977388}, {"atoms": [{"index": 12, "molecule": {"qcmol": {"schema_name": "qcschema_molecule", "schema_version": 2, "validated": true, "symbols": ["C", "C", "C", "C", "S", "H", "H", "H", "H", "H", "H", "H", "H", "H", "H"], "geometry": [[0.0, 0.0, -0.0], [2.8881002452986793, -4.766102990647233e-16, 4.653782139424386e-16], [4.004512906950504, 2.669043237437341, -2.220446049250313e-16], [6.889495143262108, 2.6461053107102837, 0.015153117930862825], [8.342913930443082, 5.7702855346129835, -0.09133644509200245], [-0.740957156134899, 0.9573086331267473, 1.6576249567041526], [-0.7403441374982864, 0.9578759505919714, -1.6572572044109055], [-0.7398087682475256, -1.9129195628917242, 4.789684910633252e-05], [3.570540668084356, -1.0289591506283682, 1.6435060410478224], [3.5698185622302248, -1.0232239107877021, -1.6473804324126646], [3.347062835471931, 3.701856368118129, -1.6467392426431857], [3.321443073772707, 3.6944383476861473, 1.6452150605036726], [7.605575982609201, 1.6361995405524983, 1.644623318190934], [7.604873004657486, 1.688636412804975, -1.6479510681179221], [7.475879706166882, 6.626933339153158, 2.101261491388341]], "name": "C4H10S", "identifiers": {"molecule_hash": "b741b21d75a337453cf4e81fbfeef721e75ca8cd", "molecular_formula": "C4H10S"}, "molecular_charge": 0.0, "molecular_multiplicity": 1, "connectivity": [[0, 1, 1.0], [0, 5, 1.0], [0, 6, 1.0], [0, 7, 1.0], [1, 2, 1.0], [1, 8, 1.0], [1, 9, 1.0], [2, 3, 1.0], [2, 10, 1.0], [2, 11, 1.0], [3, 4, 1.0], [3, 12, 1.0], [3, 13, 1.0], [4, 14, 1.0]], "fix_com": true, "fix_orientation": true, "provenance": {"creator": "QCElemental", "version": "v0.22.0", "routine": "qcelemental.molparse.from_schema"}, "id": "15624"}, "charge": 0, "optimize_geometry": false, "conformers": [], "conformer_generation_options": {"n_conformer_pool": 4000, "n_max_conformers": 0, "rms_tolerance": 0.05, "energy_window": 15, "keep_original_conformer": true}, "stage_1_unrestrained_charges": null, "stage_1_restrained_charges": null, "stage_2_unrestrained_charges": null, "stage_2_restrained_charges": null, "keep_original_orientation": false, "reorientations": [], "translations": [], "rotations": []}}], "charge": 0.09723865926405105}, {"atoms": [{"index": 13, "molecule": {"qcmol": {"schema_name": "qcschema_molecule", "schema_version": 2, "validated": true, "symbols": ["C", "C", "C", "C", "S", "H", "H", "H", "H", "H", "H", "H", "H", "H", "H"], "geometry": [[0.0, 0.0, -0.0], [2.8881002452986793, -4.766102990647233e-16, 4.653782139424386e-16], [4.004512906950504, 2.669043237437341, -2.220446049250313e-16], [6.889495143262108, 2.6461053107102837, 0.015153117930862825], [8.342913930443082, 5.7702855346129835, -0.09133644509200245], [-0.740957156134899, 0.9573086331267473, 1.6576249567041526], [-0.7403441374982864, 0.9578759505919714, -1.6572572044109055], [-0.7398087682475256, -1.9129195628917242, 4.789684910633252e-05], [3.570540668084356, -1.0289591506283682, 1.6435060410478224], [3.5698185622302248, -1.0232239107877021, -1.6473804324126646], [3.347062835471931, 3.701856368118129, -1.6467392426431857], [3.321443073772707, 3.6944383476861473, 1.6452150605036726], [7.605575982609201, 1.6361995405524983, 1.644623318190934], [7.604873004657486, 1.688636412804975, -1.6479510681179221], [7.475879706166882, 6.626933339153158, 2.101261491388341]], "name": "C4H10S", "identifiers": {"molecule_hash": "b741b21d75a337453cf4e81fbfeef721e75ca8cd", "molecular_formula": "C4H10S"}, "molecular_charge": 0.0, "molecular_multiplicity": 1, "connectivity": [[0, 1, 1.0], [0, 5, 1.0], [0, 6, 1.0], [0, 7, 1.0], [1, 2, 1.0], [1, 8, 1.0], [1, 9, 1.0], [2, 3, 1.0], [2, 10, 1.0], [2, 11, 1.0], [3, 4, 1.0], [3, 12, 1.0], [3, 13, 1.0], [4, 14, 1.0]], "fix_com": true, "fix_orientation": true, "provenance": {"creator": "QCElemental", "version": "v0.22.0", "routine": "qcelemental.molparse.from_schema"}, "id": "15624"}, "charge": 0, "optimize_geometry": false, "conformers": [], "conformer_generation_options": {"n_conformer_pool": 4000, "n_max_conformers": 0, "rms_tolerance": 0.05, "energy_window": 15, "keep_original_conformer": true}, "stage_1_unrestrained_charges": null, "stage_1_restrained_charges": null, "stage_2_unrestrained_charges": null, "stage_2_restrained_charges": null, "keep_original_orientation": false, "reorientations": [], "translations": [], "rotations": []}}], "charge": 0.10905690142673613}, {"atoms": [{"index": 14, "molecule": {"qcmol": {"schema_name": "qcschema_molecule", "schema_version": 2, "validated": true, "symbols": ["C", "C", "C", "C", "S", "H", "H", "H", "H", "H", "H", "H", "H", "H", "H"], "geometry": [[0.0, 0.0, -0.0], [2.8881002452986793, -4.766102990647233e-16, 4.653782139424386e-16], [4.004512906950504, 2.669043237437341, -2.220446049250313e-16], [6.889495143262108, 2.6461053107102837, 0.015153117930862825], [8.342913930443082, 5.7702855346129835, -0.09133644509200245], [-0.740957156134899, 0.9573086331267473, 1.6576249567041526], [-0.7403441374982864, 0.9578759505919714, -1.6572572044109055], [-0.7398087682475256, -1.9129195628917242, 4.789684910633252e-05], [3.570540668084356, -1.0289591506283682, 1.6435060410478224], [3.5698185622302248, -1.0232239107877021, -1.6473804324126646], [3.347062835471931, 3.701856368118129, -1.6467392426431857], [3.321443073772707, 3.6944383476861473, 1.6452150605036726], [7.605575982609201, 1.6361995405524983, 1.644623318190934], [7.604873004657486, 1.688636412804975, -1.6479510681179221], [7.475879706166882, 6.626933339153158, 2.101261491388341]], "name": "C4H10S", "identifiers": {"molecule_hash": "b741b21d75a337453cf4e81fbfeef721e75ca8cd", "molecular_formula": "C4H10S"}, "molecular_charge": 0.0, "molecular_multiplicity": 1, "connectivity": [[0, 1, 1.0], [0, 5, 1.0], [0, 6, 1.0], [0, 7, 1.0], [1, 2, 1.0], [1, 8, 1.0], [1, 9, 1.0], [2, 3, 1.0], [2, 10, 1.0], [2, 11, 1.0], [3, 4, 1.0], [3, 12, 1.0], [3, 13, 1.0], [4, 14, 1.0]], "fix_com": true, "fix_orientation": true, "provenance": {"creator": "QCElemental", "version": "v0.22.0", "routine": "qcelemental.molparse.from_schema"}, "id": "15624"}, "charge": 0, "optimize_geometry": false, "conformers": [], "conformer_generation_options": {"n_conformer_pool": 4000, "n_max_conformers": 0, "rms_tolerance": 0.05, "energy_window": 15, "keep_original_conformer": true}, "stage_1_unrestrained_charges": null, "stage_1_restrained_charges": null, "stage_2_unrestrained_charges": null, "stage_2_restrained_charges": null, "keep_original_orientation": false, "reorientations": [], "translations": [], "rotations": []}}], "charge": 0.2159374922252699}], "charge_equivalence_constraints": [], "molecules": [{"qcmol": {"schema_name": "qcschema_molecule", "schema_version": 2, "validated": true, "symbols": ["C", "C", "C", "C", "S", "H", "H", "H", "H", "H", "H", "H", "H", "H", "H"], "geometry": [[0.0, 0.0, -0.0], [2.8881002452986793, -4.766102990647233e-16, 4.653782139424386e-16], [4.004512906950504, 2.669043237437341, -2.220446049250313e-16], [6.889495143262108, 2.6461053107102837, 0.015153117930862825], [8.342913930443082, 5.7702855346129835, -0.09133644509200245], [-0.740957156134899, 0.9573086331267473, 1.6576249567041526], [-0.7403441374982864, 0.9578759505919714, -1.6572572044109055], [-0.7398087682475256, -1.9129195628917242, 4.789684910633252e-05], [3.570540668084356, -1.0289591506283682, 1.6435060410478224], [3.5698185622302248, -1.0232239107877021, -1.6473804324126646], [3.347062835471931, 3.701856368118129, -1.6467392426431857], [3.321443073772707, 3.6944383476861473, 1.6452150605036726], [7.605575982609201, 1.6361995405524983, 1.644623318190934], [7.604873004657486, 1.688636412804975, -1.6479510681179221], [7.475879706166882, 6.626933339153158, 2.101261491388341]], "name": "C4H10S", "identifiers": {"molecule_hash": "b741b21d75a337453cf4e81fbfeef721e75ca8cd", "molecular_formula": "C4H10S"}, "molecular_charge": 0.0, "molecular_multiplicity": 1, "connectivity": [[0, 1, 1.0], [0, 5, 1.0], [0, 6, 1.0], [0, 7, 1.0], [1, 2, 1.0], [1, 8, 1.0], [1, 9, 1.0], [2, 3, 1.0], [2, 10, 1.0], [2, 11, 1.0], [3, 4, 1.0], [3, 12, 1.0], [3, 13, 1.0], [4, 14, 1.0]], "fix_com": true, "fix_orientation": true, "provenance": {"creator": "QCElemental", "version": "v0.22.0", "routine": "qcelemental.molparse.from_schema"}, "id": "15624"}, "charge": 0, "optimize_geometry": false, "conformers": [], "conformer_generation_options": {"n_conformer_pool": 4000, "n_max_conformers": 0, "rms_tolerance": 0.05, "energy_window": 15, "keep_original_conformer": true}, "stage_1_unrestrained_charges": null, "stage_1_restrained_charges": null, "stage_2_unrestrained_charges": null, "stage_2_restrained_charges": null, "keep_original_orientation": false, "reorientations": [], "translations": [], "rotations": []}], "unconstrained_atoms": []}, "surface_constraints": {"matrix": [[1562912444016557.2, 1516799555849780.8, 1459992669545985.5, 1390968698156146.5, 1302257582944802.0, 1571909364538560.0, 1570454349217081.2, 1571713723898287.5, 1512763445502495.5, 1512572514654848.8, 1455646629268202.0, 1463532535413924.2, 1381743823421889.8, 1388004313081051.2, 1309150936326639.8], [1516799555849780.8, 1553215166732681.0, 1513841605353407.8, 1456745869478112.2, 1379039276632942.8, 1503744103003761.2, 1503893853001208.5, 1503386996909073.8, 1573176570677875.2, 1574872041922680.5, 1513804609238906.0, 1514714250689002.0, 1451456183709133.0, 1449693127135561.8, 1379853062777482.5], [1459992669545985.5, 1513841605353407.8, 1553076679092757.2, 1512826372196765.2, 1441150388475393.8, 1444253177410461.0, 1427125684477803.0, 1458144616841668.5, 1509961895979703.2, 1513042579542410.2, 1576837020482149.5, 1578302307045302.0, 1510252948914862.5, 1509335735915968.0, 1448810289584384.0], [1390968698156146.5, 1456745869478112.2, 1512826372196765.2, 1550398359243320.5, 1498534761174068.2, 1381412682754111.2, 1352673091941154.8, 1381335724431518.2, 1460673431096518.2, 1447533004049212.5, 1513502593678605.2, 1514943976213453.8, 1572404644530040.2, 1571402531822041.0, 1495030184803460.0], [1302257582944802.0, 1379039276632942.8, 1441150388475393.8, 1498534761174068.2, 1556674498970949.8, 1290024340379699.5, 1269370298250726.2, 1282649823444546.2, 1399576201819834.8, 1359999640083689.5, 1438279005699083.5, 1437969343561987.5, 1494707424363177.0, 1494449046747627.8, 1563765748335197.0], [1571909364538560.0, 1503744103003761.2, 1444253177410461.0, 1381412682754111.2, 1290024340379699.5, 1645750110915634.8, 1556699750877346.2, 1557719283902781.8, 1489677645869429.5, 1494874082790458.5, 1425198456688268.2, 1455729603589672.2, 1377003181221636.2, 1380621045168139.8, 1299615753041048.5], [1570454349217081.2, 1503893853001208.5, 1427125684477803.0, 1352673091941154.8, 1269370298250726.2, 1556699750877346.2, 1641494977687464.8, 1555790976289353.8, 1500507304000564.2, 1500167434940291.5, 1421332821846950.2, 1423171508755700.8, 1336998463322860.8, 1348761227587139.8, 1279750650715026.8], [1571713723898287.5, 1503386996909073.8, 1458144616841668.5, 1381335724431518.2, 1282649823444546.2, 1557719283902781.8, 1555790976289353.8, 1646446025443091.0, 1489287205793915.2, 1482258638649267.2, 1466908771056716.5, 1462879112711151.8, 1371451830197321.5, 1380835669509864.5, 1286849922307255.5], [1512763445502495.5, 1573176570677875.2, 1509961895979703.2, 1460673431096518.2, 1399576201819834.8, 1489677645869429.5, 1500507304000564.2, 1489287205793915.2, 1655213535222849.0, 1572126753190956.5, 1494456544530092.5, 1500141795855710.8, 1457589005692679.8, 1445701292050715.2, 1397021621553225.2], [1512572514654848.8, 1574872041922680.5, 1513042579542410.2, 1447533004049212.5, 1359999640083689.5, 1494874082790458.5, 1500167434940291.5, 1482258638649267.2, 1572126753190956.5, 1658740213291188.2, 1512983222900446.8, 1502507849745381.8, 1441477627141452.0, 1442612933471845.8, 1354130367127023.2], [1455646629268202.0, 1513804609238906.0, 1576837020482149.5, 1513502593678605.2, 1438279005699083.5, 1425198456688268.2, 1421332821846950.2, 1466908771056716.5, 1494456544530092.5, 1512983222900446.8, 1662781158514464.2, 1578253609036008.5, 1490042456177536.0, 1514295616854814.8, 1442188904179002.8], [1463532535413924.2, 1514714250689002.0, 1578302307045302.0, 1514943976213453.8, 1437969343561987.5, 1455729603589672.2, 1423171508755700.8, 1462879112711151.8, 1500141795855710.8, 1502507849745381.8, 1578253609036008.5, 1666389411614204.2, 1516157955472273.0, 1490893901717356.5, 1462523372978882.5], [1381743823421889.8, 1451456183709133.0, 1510252948914862.5, 1572404644530040.2, 1494707424363177.0, 1377003181221636.2, 1336998463322860.8, 1371451830197321.5, 1457589005692679.8, 1441477627141452.0, 1490042456177536.0, 1516157955472273.0, 1655460711862001.0, 1570203314996208.5, 1484241672584937.8], [1388004313081051.2, 1449693127135561.8, 1509335735915968.0, 1571402531822041.0, 1494449046747627.8, 1380621045168139.8, 1348761227587139.8, 1380835669509864.5, 1445701292050715.2, 1442612933471845.8, 1514295616854814.8, 1490893901717356.5, 1570203314996208.5, 1653545527409650.2, 1475982386957508.8], [1309150936326639.8, 1379853062777482.5, 1448810289584384.0, 1495030184803460.0, 1563765748335197.0, 1299615753041048.5, 1279750650715026.8, 1286849922307255.5, 1397021621553225.2, 1354130367127023.2, 1442188904179002.8, 1462523372978882.5, 1484241672584937.8, 1475982386957508.8, 1663582829133822.0], [26992463914096.406, 23501563251424.676, 22446350034290.5, 14112306490422.965, -12789598448613.912, 27758281104999.395, 26290030870087.664, 29347801733697.44, 18664502658756.203, 25408468405575.266, 22539463279604.875, 27189938998579.83, 19129800222201.4, 18020423663420.28, 3559690507392.5264]]}}