{"resp_b": 0.1, "restrained_fit": true, "exclude_hydrogens": true, "convergence_tolerance": 1e-06, "max_iter": 500, "resp_a": 0.0005, "charge_constraints": {"charge_sum_constraints": [], "charge_equivalence_constraints": [], "molecules": [{"qcmol": {"schema_name": "qcschema_molecule", "schema_version": 2, "validated": true, "symbols": ["C", "C", "C", "C", "S", "H", "H", "H", "H", "H", "H", "H", "H", "H", "H"], "geometry": [[0.0, 0.0, -0.0], [2.8881002452986793, -4.766102990647233e-16, 4.653782139424386e-16], [4.004512906950504, 2.669043237437341, -2.220446049250313e-16], [6.889495143262108, 2.6461053107102837, 0.015153117930862825], [8.342913930443082, 5.7702855346129835, -0.09133644509200245], [-0.740957156134899, 0.9573086331267473, 1.6576249567041526], [-0.7403441374982864, 0.9578759505919714, -1.6572572044109055], [-0.7398087682475256, -1.9129195628917242, 4.789684910633252e-05], [3.570540668084356, -1.0289591506283682, 1.6435060410478224], [3.5698185622302248, -1.0232239107877021, -1.6473804324126646], [3.347062835471931, 3.701856368118129, -1.6467392426431857], [3.321443073772707, 3.6944383476861473, 1.6452150605036726], [7.605575982609201, 1.6361995405524983, 1.644623318190934], [7.604873004657486, 1.688636412804975, -1.6479510681179221], [7.475879706166882, 6.626933339153158, 2.101261491388341]], "name": "C4H10S", "identifiers": {"molecule_hash": "b741b21d75a337453cf4e81fbfeef721e75ca8cd", "molecular_formula": "C4H10S"}, "molecular_charge": 0.0, "molecular_multiplicity": 1, "connectivity": [[0, 1, 1.0], [0, 5, 1.0], [0, 6, 1.0], [0, 7, 1.0], [1, 2, 1.0], [1, 8, 1.0], [1, 9, 1.0], [2, 3, 1.0], [2, 10, 1.0], [2, 11, 1.0], [3, 4, 1.0], [3, 12, 1.0], [3, 13, 1.0], [4, 14, 1.0]], "fix_com": true, "fix_orientation": true, "provenance": {"creator": "QCElemental", "version": "v0.22.0", "routine": "qcelemental.molparse.from_schema"}, "id": "15624"}, "charge": 0, "optimize_geometry": false, "conformers": [], "conformer_generation_options": {"n_conformer_pool": 4000, "n_max_conformers": 0, "rms_tolerance": 0.05, "energy_window": 15, "keep_original_conformer": true}, "stage_1_unrestrained_charges": null, "stage_1_restrained_charges": null, "stage_2_unrestrained_charges": null, "stage_2_restrained_charges": null, "keep_original_orientation": false, "reorientations": [], "translations": [], "rotations": []}], "unconstrained_atoms": [{"index": 0, "molecule": {"qcmol": {"schema_name": "qcschema_molecule", "schema_version": 2, "validated": true, "symbols": ["C", "C", "C", "C", "S", "H", "H", "H", "H", "H", "H", "H", "H", "H", "H"], "geometry": [[0.0, 0.0, -0.0], [2.8881002452986793, -4.766102990647233e-16, 4.653782139424386e-16], [4.004512906950504, 2.669043237437341, -2.220446049250313e-16], [6.889495143262108, 2.6461053107102837, 0.015153117930862825], [8.342913930443082, 5.7702855346129835, -0.09133644509200245], [-0.740957156134899, 0.9573086331267473, 1.6576249567041526], [-0.7403441374982864, 0.9578759505919714, -1.6572572044109055], [-0.7398087682475256, -1.9129195628917242, 4.789684910633252e-05], [3.570540668084356, -1.0289591506283682, 1.6435060410478224], [3.5698185622302248, -1.0232239107877021, -1.6473804324126646], [3.347062835471931, 3.701856368118129, -1.6467392426431857], [3.321443073772707, 3.6944383476861473, 1.6452150605036726], [7.605575982609201, 1.6361995405524983, 1.644623318190934], [7.604873004657486, 1.688636412804975, -1.6479510681179221], [7.475879706166882, 6.626933339153158, 2.101261491388341]], "name": "C4H10S", "identifiers": {"molecule_hash": "b741b21d75a337453cf4e81fbfeef721e75ca8cd", "molecular_formula": "C4H10S"}, "molecular_charge": 0.0, "molecular_multiplicity": 1, "connectivity": [[0, 1, 1.0], [0, 5, 1.0], [0, 6, 1.0], [0, 7, 1.0], [1, 2, 1.0], [1, 8, 1.0], [1, 9, 1.0], [2, 3, 1.0], [2, 10, 1.0], [2, 11, 1.0], [3, 4, 1.0], [3, 12, 1.0], [3, 13, 1.0], [4, 14, 1.0]], "fix_com": true, "fix_orientation": true, "provenance": {"creator": "QCElemental", "version": "v0.22.0", "routine": "qcelemental.molparse.from_schema"}, "id": "15624"}, "charge": 0, "optimize_geometry": false, "conformers": [], "conformer_generation_options": {"n_conformer_pool": 4000, "n_max_conformers": 0, "rms_tolerance": 0.05, "energy_window": 15, "keep_original_conformer": true}, "stage_1_unrestrained_charges": null, "stage_1_restrained_charges": null, "stage_2_unrestrained_charges": null, "stage_2_restrained_charges": null, "keep_original_orientation": false, "reorientations": [], "translations": [], "rotations": []}}, {"index": 1, "molecule": {"qcmol": {"schema_name": "qcschema_molecule", "schema_version": 2, "validated": true, "symbols": ["C", "C", "C", "C", "S", "H", "H", "H", "H", "H", "H", "H", "H", "H", "H"], "geometry": [[0.0, 0.0, -0.0], [2.8881002452986793, -4.766102990647233e-16, 4.653782139424386e-16], [4.004512906950504, 2.669043237437341, -2.220446049250313e-16], [6.889495143262108, 2.6461053107102837, 0.015153117930862825], [8.342913930443082, 5.7702855346129835, -0.09133644509200245], [-0.740957156134899, 0.9573086331267473, 1.6576249567041526], [-0.7403441374982864, 0.9578759505919714, -1.6572572044109055], [-0.7398087682475256, -1.9129195628917242, 4.789684910633252e-05], [3.570540668084356, -1.0289591506283682, 1.6435060410478224], [3.5698185622302248, -1.0232239107877021, -1.6473804324126646], [3.347062835471931, 3.701856368118129, -1.6467392426431857], [3.321443073772707, 3.6944383476861473, 1.6452150605036726], [7.605575982609201, 1.6361995405524983, 1.644623318190934], [7.604873004657486, 1.688636412804975, -1.6479510681179221], [7.475879706166882, 6.626933339153158, 2.101261491388341]], "name": "C4H10S", "identifiers": {"molecule_hash": "b741b21d75a337453cf4e81fbfeef721e75ca8cd", "molecular_formula": "C4H10S"}, "molecular_charge": 0.0, "molecular_multiplicity": 1, "connectivity": [[0, 1, 1.0], [0, 5, 1.0], [0, 6, 1.0], [0, 7, 1.0], [1, 2, 1.0], [1, 8, 1.0], [1, 9, 1.0], [2, 3, 1.0], [2, 10, 1.0], [2, 11, 1.0], [3, 4, 1.0], [3, 12, 1.0], [3, 13, 1.0], [4, 14, 1.0]], "fix_com": true, "fix_orientation": true, "provenance": {"creator": "QCElemental", "version": "v0.22.0", "routine": "qcelemental.molparse.from_schema"}, "id": "15624"}, "charge": 0, "optimize_geometry": false, "conformers": [], "conformer_generation_options": {"n_conformer_pool": 4000, "n_max_conformers": 0, "rms_tolerance": 0.05, "energy_window": 15, "keep_original_conformer": true}, "stage_1_unrestrained_charges": null, "stage_1_restrained_charges": null, "stage_2_unrestrained_charges": null, "stage_2_restrained_charges": null, "keep_original_orientation": false, "reorientations": [], "translations": [], "rotations": []}}, {"index": 2, "molecule": {"qcmol": {"schema_name": "qcschema_molecule", "schema_version": 2, "validated": true, "symbols": ["C", "C", "C", "C", "S", "H", "H", "H", "H", "H", "H", "H", "H", "H", "H"], "geometry": [[0.0, 0.0, -0.0], [2.8881002452986793, -4.766102990647233e-16, 4.653782139424386e-16], [4.004512906950504, 2.669043237437341, -2.220446049250313e-16], [6.889495143262108, 2.6461053107102837, 0.015153117930862825], [8.342913930443082, 5.7702855346129835, -0.09133644509200245], [-0.740957156134899, 0.9573086331267473, 1.6576249567041526], [-0.7403441374982864, 0.9578759505919714, -1.6572572044109055], [-0.7398087682475256, -1.9129195628917242, 4.789684910633252e-05], [3.570540668084356, -1.0289591506283682, 1.6435060410478224], [3.5698185622302248, -1.0232239107877021, -1.6473804324126646], [3.347062835471931, 3.701856368118129, -1.6467392426431857], [3.321443073772707, 3.6944383476861473, 1.6452150605036726], [7.605575982609201, 1.6361995405524983, 1.644623318190934], [7.604873004657486, 1.688636412804975, -1.6479510681179221], [7.475879706166882, 6.626933339153158, 2.101261491388341]], "name": "C4H10S", "identifiers": {"molecule_hash": "b741b21d75a337453cf4e81fbfeef721e75ca8cd", "molecular_formula": "C4H10S"}, "molecular_charge": 0.0, "molecular_multiplicity": 1, "connectivity": [[0, 1, 1.0], [0, 5, 1.0], [0, 6, 1.0], [0, 7, 1.0], [1, 2, 1.0], [1, 8, 1.0], [1, 9, 1.0], [2, 3, 1.0], [2, 10, 1.0], [2, 11, 1.0], [3, 4, 1.0], [3, 12, 1.0], [3, 13, 1.0], [4, 14, 1.0]], "fix_com": true, "fix_orientation": true, "provenance": {"creator": "QCElemental", "version": "v0.22.0", "routine": "qcelemental.molparse.from_schema"}, "id": "15624"}, "charge": 0, "optimize_geometry": false, "conformers": [], "conformer_generation_options": {"n_conformer_pool": 4000, "n_max_conformers": 0, "rms_tolerance": 0.05, "energy_window": 15, "keep_original_conformer": true}, "stage_1_unrestrained_charges": null, "stage_1_restrained_charges": null, "stage_2_unrestrained_charges": null, "stage_2_restrained_charges": null, "keep_original_orientation": false, "reorientations": [], "translations": [], "rotations": []}}, {"index": 3, "molecule": {"qcmol": {"schema_name": "qcschema_molecule", "schema_version": 2, "validated": true, "symbols": ["C", "C", "C", "C", "S", "H", "H", "H", "H", "H", "H", "H", "H", "H", "H"], "geometry": [[0.0, 0.0, -0.0], [2.8881002452986793, -4.766102990647233e-16, 4.653782139424386e-16], [4.004512906950504, 2.669043237437341, -2.220446049250313e-16], [6.889495143262108, 2.6461053107102837, 0.015153117930862825], [8.342913930443082, 5.7702855346129835, -0.09133644509200245], [-0.740957156134899, 0.9573086331267473, 1.6576249567041526], [-0.7403441374982864, 0.9578759505919714, -1.6572572044109055], [-0.7398087682475256, -1.9129195628917242, 4.789684910633252e-05], [3.570540668084356, -1.0289591506283682, 1.6435060410478224], [3.5698185622302248, -1.0232239107877021, -1.6473804324126646], [3.347062835471931, 3.701856368118129, -1.6467392426431857], [3.321443073772707, 3.6944383476861473, 1.6452150605036726], [7.605575982609201, 1.6361995405524983, 1.644623318190934], [7.604873004657486, 1.688636412804975, -1.6479510681179221], [7.475879706166882, 6.626933339153158, 2.101261491388341]], "name": "C4H10S", "identifiers": {"molecule_hash": "b741b21d75a337453cf4e81fbfeef721e75ca8cd", "molecular_formula": "C4H10S"}, "molecular_charge": 0.0, "molecular_multiplicity": 1, "connectivity": [[0, 1, 1.0], [0, 5, 1.0], [0, 6, 1.0], [0, 7, 1.0], [1, 2, 1.0], [1, 8, 1.0], [1, 9, 1.0], [2, 3, 1.0], [2, 10, 1.0], [2, 11, 1.0], [3, 4, 1.0], [3, 12, 1.0], [3, 13, 1.0], [4, 14, 1.0]], "fix_com": true, "fix_orientation": true, "provenance": {"creator": "QCElemental", "version": "v0.22.0", "routine": "qcelemental.molparse.from_schema"}, "id": "15624"}, "charge": 0, "optimize_geometry": false, "conformers": [], "conformer_generation_options": {"n_conformer_pool": 4000, "n_max_conformers": 0, "rms_tolerance": 0.05, "energy_window": 15, "keep_original_conformer": true}, "stage_1_unrestrained_charges": null, "stage_1_restrained_charges": null, "stage_2_unrestrained_charges": null, "stage_2_restrained_charges": null, "keep_original_orientation": false, "reorientations": [], "translations": [], "rotations": []}}]}, "surface_constraints": {"matrix": [[638403247829298.6, 616735812098882.2, 589692048450042.4, 556569136120360.9, 513333625106584.6, 640580237206214.9, 640692450893689.6, 641331535825954.6, 613567853146703.5, 614591501122857.5, 587424671667263.6, 590716749960059.0, 552479952861992.8, 554918629910002.6, 516072685379175.0], [616735812098882.2, 631569287324617.0, 611833401861211.6, 583363907924570.0, 543686442291933.3, 609636780453727.4, 610305491480202.0, 610150612909010.5, 638730964565145.4, 640690708566906.0, 611409508312000.9, 611711205187124.2, 580992150222651.5, 579952408779867.1, 543964197139976.9], [589692048450042.4, 611833401861211.6, 626744973561886.6, 605192936359925.8, 567063921041958.8, 581724968123937.0, 574937862636251.4, 588445990625356.6, 608680028953828.9, 611362508914647.9, 636643145571265.2, 637190207362554.0, 604093805527902.2, 603417043076993.4, 570058265759691.9], [556569136120360.9, 583363907924570.0, 605192936359925.8, 616754256458381.9, 586184563982019.9, 551548761074174.25, 539926809652520.7, 552256237833784.7, 583620639375306.5, 579571536350269.1, 605344593959949.0, 606040475785731.9, 626120288096876.6, 625391167179867.9, 584756593845187.1], [513333625106584.6, 543686442291933.3, 567063921041958.8, 586184563982019.9, 600795351792301.6, 507528083310531.75, 499559747095070.25, 505238556757742.3, 550884359529794.94, 536150799508702.7, 565934514709087.4, 565914276717800.5, 584914161743433.9, 584607907466759.9, 603873688004152.2], [640580237206214.9, 609636780453727.4, 581724968123937.0, 551548761074174.25, 507528083310531.75, 670624121123075.6, 632955556694999.1, 633624167101966.4, 602248342330746.0, 605709155128487.4, 573289234168482.6, 586096862861210.6, 549614530460916.5, 550763865063418.2, 511353945285674.1], [640692450893689.6, 610305491480202.0, 574937862636251.4, 539926809652520.7, 499559747095070.25, 632955556694999.1, 670397001802477.0, 633409818878274.9, 607484576630437.2, 608346359985149.1, 572094610990051.2, 572819778000338.9, 533138078303624.6, 537935221067117.8, 503712992023736.56], [641331535825954.6, 610150612909010.5, 588445990625356.6, 552256237833784.7, 505238556757742.3, 633624167101966.4, 633409818878274.9, 672707121276311.5, 602773571123704.5, 600711200890723.8, 591737079027253.9, 589995074787521.4, 547815922023994.3, 551720242779880.56, 506895741712077.6], [613567853146703.5, 638730964565145.4, 608680028953828.9, 583620639375306.5, 550884359529794.94, 602248342330746.0, 607484576630437.2, 602773571123704.5, 672473268311143.6, 638020658000129.5, 601781002201976.0, 604051413830196.4, 582215362986196.1, 576883278684627.9, 549850972008630.06], [614591501122857.5, 640690708566906.0, 611362508914647.9, 579571536350269.1, 536150799508702.7, 605709155128487.4, 608346359985149.1, 600711200890723.8, 638020658000129.5, 676331339992147.5, 610857188398545.4, 606410039033126.9, 576857318266588.0, 577031103091546.9, 533775092126019.1], [587424671667263.6, 611409508312000.9, 636643145571265.2, 605344593959949.0, 565934514709087.4, 573289234168482.6, 572094610990051.2, 591737079027253.9, 601781002201976.0, 610857188398545.4, 672898560615990.9, 636904919121972.0, 595429281645769.5, 605458721125030.2, 567279449838513.6], [590716749960059.0, 611711205187124.2, 637190207362554.0, 606040475785731.9, 565914276717800.5, 586096862861210.6, 572819778000338.9, 589995074787521.4, 604051413830196.4, 606410039033126.9, 636904919121972.0, 674174016997448.2, 606629136088486.6, 595670209218813.0, 575761961885011.4], [552479952861992.8, 580992150222651.5, 604093805527902.2, 626120288096876.6, 584914161743433.9, 549614530460916.5, 533138078303624.6, 547815922023994.3, 582215362986196.1, 576857318266588.0, 595429281645769.5, 606629136088486.6, 660903795630534.5, 625000370438754.8, 580815097033244.6], [554918629910002.6, 579952408779867.1, 603417043076993.4, 625391167179867.9, 584607907466759.9, 550763865063418.2, 537935221067117.8, 551720242779880.56, 576883278684627.9, 577031103091546.9, 605458721125030.2, 595670209218813.0, 625000370438754.8, 659465886448034.1, 577019286078714.1], [516072685379175.0, 543964197139976.9, 570058265759691.9, 584756593845187.1, 603873688004152.2, 511353945285674.1, 503712992023736.56, 506895741712077.6, 549850972008630.06, 533775092126019.1, 567279449838513.6, 575761961885011.4, 580815097033244.6, 577019286078714.1, 643836407469434.8], [12478530611529.434, 11369774461171.037, 11157083414234.092, 7969469163263.467, -2874346818343.217, 12701229414479.285, 12016654093660.613, 13356838809507.342, 9393544966290.518, 12109134436407.307, 11124237067803.988, 13025843538971.477, 10040040094646.14, 9533379627741.258, 3532028649876.7563]]}}