{"resp_b": 0.1, "restrained_fit": true, "exclude_hydrogens": true, "convergence_tolerance": 1e-06, "max_iter": 500, "resp_a": 0.0005, "charge_constraints": {"charge_sum_constraints": [], "charge_equivalence_constraints": [], "molecules": [{"qcmol": {"schema_name": "qcschema_molecule", "schema_version": 2, "validated": true, "symbols": ["C", "C", "C", "C", "S", "H", "H", "H", "H", "H", "H", "H", "H", "H", "H"], "geometry": [[0.0, 0.0, -0.0], [2.8881002452986793, -4.766102990647233e-16, 4.653782139424386e-16], [4.004512906950504, 2.669043237437341, -2.220446049250313e-16], [6.889495143262108, 2.6461053107102837, 0.015153117930862825], [8.342913930443082, 5.7702855346129835, -0.09133644509200245], [-0.740957156134899, 0.9573086331267473, 1.6576249567041526], [-0.7403441374982864, 0.9578759505919714, -1.6572572044109055], [-0.7398087682475256, -1.9129195628917242, 4.789684910633252e-05], [3.570540668084356, -1.0289591506283682, 1.6435060410478224], [3.5698185622302248, -1.0232239107877021, -1.6473804324126646], [3.347062835471931, 3.701856368118129, -1.6467392426431857], [3.321443073772707, 3.6944383476861473, 1.6452150605036726], [7.605575982609201, 1.6361995405524983, 1.644623318190934], [7.604873004657486, 1.688636412804975, -1.6479510681179221], [7.475879706166882, 6.626933339153158, 2.101261491388341]], "name": "C4H10S", "identifiers": {"molecule_hash": "b741b21d75a337453cf4e81fbfeef721e75ca8cd", "molecular_formula": "C4H10S"}, "molecular_charge": 0.0, "molecular_multiplicity": 1, "connectivity": [[0, 1, 1.0], [0, 5, 1.0], [0, 6, 1.0], [0, 7, 1.0], [1, 2, 1.0], [1, 8, 1.0], [1, 9, 1.0], [2, 3, 1.0], [2, 10, 1.0], [2, 11, 1.0], [3, 4, 1.0], [3, 12, 1.0], [3, 13, 1.0], [4, 14, 1.0]], "fix_com": true, "fix_orientation": true, "provenance": {"creator": "QCElemental", "version": "v0.22.0", "routine": "qcelemental.molparse.from_schema"}, "id": "15624"}, "charge": 0, "optimize_geometry": false, "conformers": [], "conformer_generation_options": {"n_conformer_pool": 4000, "n_max_conformers": 0, "rms_tolerance": 0.05, "energy_window": 15, "keep_original_conformer": true}, "stage_1_unrestrained_charges": null, "stage_1_restrained_charges": null, "stage_2_unrestrained_charges": null, "stage_2_restrained_charges": null, "keep_original_orientation": false, "reorientations": [], "translations": [], "rotations": []}], "unconstrained_atoms": [{"index": 0, "molecule": {"qcmol": {"schema_name": "qcschema_molecule", "schema_version": 2, "validated": true, "symbols": ["C", "C", "C", "C", "S", "H", "H", "H", "H", "H", "H", "H", "H", "H", "H"], "geometry": [[0.0, 0.0, -0.0], [2.8881002452986793, -4.766102990647233e-16, 4.653782139424386e-16], [4.004512906950504, 2.669043237437341, -2.220446049250313e-16], [6.889495143262108, 2.6461053107102837, 0.015153117930862825], [8.342913930443082, 5.7702855346129835, -0.09133644509200245], [-0.740957156134899, 0.9573086331267473, 1.6576249567041526], [-0.7403441374982864, 0.9578759505919714, -1.6572572044109055], [-0.7398087682475256, -1.9129195628917242, 4.789684910633252e-05], [3.570540668084356, -1.0289591506283682, 1.6435060410478224], [3.5698185622302248, -1.0232239107877021, -1.6473804324126646], [3.347062835471931, 3.701856368118129, -1.6467392426431857], [3.321443073772707, 3.6944383476861473, 1.6452150605036726], [7.605575982609201, 1.6361995405524983, 1.644623318190934], [7.604873004657486, 1.688636412804975, -1.6479510681179221], [7.475879706166882, 6.626933339153158, 2.101261491388341]], "name": "C4H10S", "identifiers": {"molecule_hash": "b741b21d75a337453cf4e81fbfeef721e75ca8cd", "molecular_formula": "C4H10S"}, "molecular_charge": 0.0, "molecular_multiplicity": 1, "connectivity": [[0, 1, 1.0], [0, 5, 1.0], [0, 6, 1.0], [0, 7, 1.0], [1, 2, 1.0], [1, 8, 1.0], [1, 9, 1.0], [2, 3, 1.0], [2, 10, 1.0], [2, 11, 1.0], [3, 4, 1.0], [3, 12, 1.0], [3, 13, 1.0], [4, 14, 1.0]], "fix_com": true, "fix_orientation": true, "provenance": {"creator": "QCElemental", "version": "v0.22.0", "routine": "qcelemental.molparse.from_schema"}, "id": "15624"}, "charge": 0, "optimize_geometry": false, "conformers": [], "conformer_generation_options": {"n_conformer_pool": 4000, "n_max_conformers": 0, "rms_tolerance": 0.05, "energy_window": 15, "keep_original_conformer": true}, "stage_1_unrestrained_charges": null, "stage_1_restrained_charges": null, "stage_2_unrestrained_charges": null, "stage_2_restrained_charges": null, "keep_original_orientation": false, "reorientations": [], "translations": [], "rotations": []}}, {"index": 1, "molecule": {"qcmol": {"schema_name": "qcschema_molecule", "schema_version": 2, "validated": true, "symbols": ["C", "C", "C", "C", "S", "H", "H", "H", "H", "H", "H", "H", "H", "H", "H"], "geometry": [[0.0, 0.0, -0.0], [2.8881002452986793, -4.766102990647233e-16, 4.653782139424386e-16], [4.004512906950504, 2.669043237437341, -2.220446049250313e-16], [6.889495143262108, 2.6461053107102837, 0.015153117930862825], [8.342913930443082, 5.7702855346129835, -0.09133644509200245], [-0.740957156134899, 0.9573086331267473, 1.6576249567041526], [-0.7403441374982864, 0.9578759505919714, -1.6572572044109055], [-0.7398087682475256, -1.9129195628917242, 4.789684910633252e-05], [3.570540668084356, -1.0289591506283682, 1.6435060410478224], [3.5698185622302248, -1.0232239107877021, -1.6473804324126646], [3.347062835471931, 3.701856368118129, -1.6467392426431857], [3.321443073772707, 3.6944383476861473, 1.6452150605036726], [7.605575982609201, 1.6361995405524983, 1.644623318190934], [7.604873004657486, 1.688636412804975, -1.6479510681179221], [7.475879706166882, 6.626933339153158, 2.101261491388341]], "name": "C4H10S", "identifiers": {"molecule_hash": "b741b21d75a337453cf4e81fbfeef721e75ca8cd", "molecular_formula": "C4H10S"}, "molecular_charge": 0.0, "molecular_multiplicity": 1, "connectivity": [[0, 1, 1.0], [0, 5, 1.0], [0, 6, 1.0], [0, 7, 1.0], [1, 2, 1.0], [1, 8, 1.0], [1, 9, 1.0], [2, 3, 1.0], [2, 10, 1.0], [2, 11, 1.0], [3, 4, 1.0], [3, 12, 1.0], [3, 13, 1.0], [4, 14, 1.0]], "fix_com": true, "fix_orientation": true, "provenance": {"creator": "QCElemental", "version": "v0.22.0", "routine": "qcelemental.molparse.from_schema"}, "id": "15624"}, "charge": 0, "optimize_geometry": false, "conformers": [], "conformer_generation_options": {"n_conformer_pool": 4000, "n_max_conformers": 0, "rms_tolerance": 0.05, "energy_window": 15, "keep_original_conformer": true}, "stage_1_unrestrained_charges": null, "stage_1_restrained_charges": null, "stage_2_unrestrained_charges": null, "stage_2_restrained_charges": null, "keep_original_orientation": false, "reorientations": [], "translations": [], "rotations": []}}, {"index": 2, "molecule": {"qcmol": {"schema_name": "qcschema_molecule", "schema_version": 2, "validated": true, "symbols": ["C", "C", "C", "C", "S", "H", "H", "H", "H", "H", "H", "H", "H", "H", "H"], "geometry": [[0.0, 0.0, -0.0], [2.8881002452986793, -4.766102990647233e-16, 4.653782139424386e-16], [4.004512906950504, 2.669043237437341, -2.220446049250313e-16], [6.889495143262108, 2.6461053107102837, 0.015153117930862825], [8.342913930443082, 5.7702855346129835, -0.09133644509200245], [-0.740957156134899, 0.9573086331267473, 1.6576249567041526], [-0.7403441374982864, 0.9578759505919714, -1.6572572044109055], [-0.7398087682475256, -1.9129195628917242, 4.789684910633252e-05], [3.570540668084356, -1.0289591506283682, 1.6435060410478224], [3.5698185622302248, -1.0232239107877021, -1.6473804324126646], [3.347062835471931, 3.701856368118129, -1.6467392426431857], [3.321443073772707, 3.6944383476861473, 1.6452150605036726], [7.605575982609201, 1.6361995405524983, 1.644623318190934], [7.604873004657486, 1.688636412804975, -1.6479510681179221], [7.475879706166882, 6.626933339153158, 2.101261491388341]], "name": "C4H10S", "identifiers": {"molecule_hash": "b741b21d75a337453cf4e81fbfeef721e75ca8cd", "molecular_formula": "C4H10S"}, "molecular_charge": 0.0, "molecular_multiplicity": 1, "connectivity": [[0, 1, 1.0], [0, 5, 1.0], [0, 6, 1.0], [0, 7, 1.0], [1, 2, 1.0], [1, 8, 1.0], [1, 9, 1.0], [2, 3, 1.0], [2, 10, 1.0], [2, 11, 1.0], [3, 4, 1.0], [3, 12, 1.0], [3, 13, 1.0], [4, 14, 1.0]], "fix_com": true, "fix_orientation": true, "provenance": {"creator": "QCElemental", "version": "v0.22.0", "routine": "qcelemental.molparse.from_schema"}, "id": "15624"}, "charge": 0, "optimize_geometry": false, "conformers": [], "conformer_generation_options": {"n_conformer_pool": 4000, "n_max_conformers": 0, "rms_tolerance": 0.05, "energy_window": 15, "keep_original_conformer": true}, "stage_1_unrestrained_charges": null, "stage_1_restrained_charges": null, "stage_2_unrestrained_charges": null, "stage_2_restrained_charges": null, "keep_original_orientation": false, "reorientations": [], "translations": [], "rotations": []}}, {"index": 3, "molecule": {"qcmol": {"schema_name": "qcschema_molecule", "schema_version": 2, "validated": true, "symbols": ["C", "C", "C", "C", "S", "H", "H", "H", "H", "H", "H", "H", "H", "H", "H"], "geometry": [[0.0, 0.0, -0.0], [2.8881002452986793, -4.766102990647233e-16, 4.653782139424386e-16], [4.004512906950504, 2.669043237437341, -2.220446049250313e-16], [6.889495143262108, 2.6461053107102837, 0.015153117930862825], [8.342913930443082, 5.7702855346129835, -0.09133644509200245], [-0.740957156134899, 0.9573086331267473, 1.6576249567041526], [-0.7403441374982864, 0.9578759505919714, -1.6572572044109055], [-0.7398087682475256, -1.9129195628917242, 4.789684910633252e-05], [3.570540668084356, -1.0289591506283682, 1.6435060410478224], [3.5698185622302248, -1.0232239107877021, -1.6473804324126646], [3.347062835471931, 3.701856368118129, -1.6467392426431857], [3.321443073772707, 3.6944383476861473, 1.6452150605036726], [7.605575982609201, 1.6361995405524983, 1.644623318190934], [7.604873004657486, 1.688636412804975, -1.6479510681179221], [7.475879706166882, 6.626933339153158, 2.101261491388341]], "name": "C4H10S", "identifiers": {"molecule_hash": "b741b21d75a337453cf4e81fbfeef721e75ca8cd", "molecular_formula": "C4H10S"}, "molecular_charge": 0.0, "molecular_multiplicity": 1, "connectivity": [[0, 1, 1.0], [0, 5, 1.0], [0, 6, 1.0], [0, 7, 1.0], [1, 2, 1.0], [1, 8, 1.0], [1, 9, 1.0], [2, 3, 1.0], [2, 10, 1.0], [2, 11, 1.0], [3, 4, 1.0], [3, 12, 1.0], [3, 13, 1.0], [4, 14, 1.0]], "fix_com": true, "fix_orientation": true, "provenance": {"creator": "QCElemental", "version": "v0.22.0", "routine": "qcelemental.molparse.from_schema"}, "id": "15624"}, "charge": 0, "optimize_geometry": false, "conformers": [], "conformer_generation_options": {"n_conformer_pool": 4000, "n_max_conformers": 0, "rms_tolerance": 0.05, "energy_window": 15, "keep_original_conformer": true}, "stage_1_unrestrained_charges": null, "stage_1_restrained_charges": null, "stage_2_unrestrained_charges": null, "stage_2_restrained_charges": null, "keep_original_orientation": false, "reorientations": [], "translations": [], "rotations": []}}]}, "surface_constraints": {"matrix": [[1569000037628828.5, 1522115624992815.0, 1465231249527310.0, 1397586541792551.8, 1314168451681890.2, 1577643440760516.8, 1577383941840253.5, 1578407948444812.0, 1517253209268351.0, 1517781516565759.0, 1460525268314700.0, 1468211623204903.0, 1387442075110295.2, 1393636034514312.8, 1324976339933274.0], [1522115624992815.0, 1557133329306716.8, 1517845877607487.5, 1460739004168184.2, 1386145293335323.8, 1508536905235644.0, 1509467449011645.0, 1509112719252920.8, 1576559915920031.2, 1579140814620876.8, 1518194982757549.8, 1518584817723117.2, 1454919308804888.2, 1452927214859171.8, 1390458724897091.5], [1465231249527310.0, 1517845877607487.5, 1556659286990912.0, 1516453880427140.5, 1445406285245103.8, 1449081847377859.0, 1432491406729273.5, 1463904390043842.8, 1513666918978811.8, 1517168761437845.5, 1581170694169336.0, 1581914154392470.5, 1513938340466652.0, 1512858271335521.2, 1455679914385817.0], [1397586541792551.8, 1460739004168184.2, 1516453880427140.5, 1553539490623200.0, 1502378744798742.0, 1388206320129688.8, 1359626997329975.8, 1388695729193483.8, 1463948450196315.5, 1451666510112061.2, 1517639246752129.8, 1518613690530493.2, 1576066014690569.8, 1574697819801331.5, 1499798964911843.2], [1314168451681890.2, 1386145293335323.8, 1445406285245103.8, 1502378744798742.0, 1561173165324708.5, 1303124910648139.5, 1282131640307168.5, 1295244917658753.0, 1406973987888862.0, 1366721025362455.8, 1442633804465348.5, 1441022025563926.8, 1498697415742487.8, 1498358205415642.8, 1567330383697893.2], [1577643440760516.8, 1508536905235644.0, 1449081847377859.0, 1388206320129688.8, 1303124910648139.5, 1652288486347037.8, 1562997188586216.0, 1563862179495453.0, 1493377093603187.0, 1499476799726852.2, 1428653418728578.2, 1460660951918393.5, 1384150322244449.0, 1385159932943518.5, 1316315509988194.5], [1577383941840253.5, 1509467449011645.0, 1432491406729273.5, 1359626997329975.8, 1282131640307168.5, 1562997188586216.0, 1650748902648778.8, 1562851728839873.0, 1505040272044967.2, 1505237097291254.5, 1426250068252407.0, 1427668954001805.2, 1342804240829973.5, 1354591903150724.5, 1297054062678688.8], [1578407948444812.0, 1509112719252920.8, 1463904390043842.8, 1388695729193483.8, 1295244917658753.0, 1563862179495453.0, 1562851728839873.0, 1655158313099747.0, 1493925923487171.5, 1487199573360815.5, 1472880101653019.2, 1467581567173172.5, 1376489558156656.0, 1388619585076334.5, 1303487650312746.2], [1517253209268351.0, 1576559915920031.2, 1513666918978811.8, 1463948450196315.5, 1406973987888862.0, 1493377093603187.0, 1505040272044967.2, 1493925923487171.5, 1659483921361970.0, 1575689736490015.5, 1498453611933845.2, 1503953066621649.5, 1460562217084758.5, 1447487639241561.8, 1407782665647555.0], [1517781516565759.0, 1579140814620876.8, 1517168761437845.5, 1451666510112061.2, 1366721025362455.8, 1499476799726852.2, 1505237097291254.5, 1487199573360815.5, 1575689736490015.5, 1664514663478353.5, 1517316365715198.5, 1505860018645784.8, 1444929484959212.5, 1446533712988505.2, 1364468598726324.5], [1460525268314700.0, 1518194982757549.8, 1581170694169336.0, 1517639246752129.8, 1442633804465348.5, 1428653418728578.2, 1426250068252407.0, 1472880101653019.2, 1498453611933845.2, 1517316365715198.5, 1669573683707131.5, 1582040550638222.0, 1492645626182776.5, 1519339506493989.2, 1449696160626916.8], [1468211623204903.0, 1518584817723117.2, 1581914154392470.5, 1518613690530493.2, 1441022025563926.8, 1460660951918393.5, 1427668954001805.2, 1467581567173172.5, 1503953066621649.5, 1505860018645784.8, 1582040550638222.0, 1671487410147231.2, 1520980634798799.0, 1493335160232000.5, 1468727589239812.0], [1387442075110295.2, 1454919308804888.2, 1513938340466652.0, 1576066014690569.8, 1498697415742487.8, 1384150322244449.0, 1342804240829973.5, 1376489558156656.0, 1460562217084758.5, 1444929484959212.5, 1492645626182776.5, 1520980634798799.0, 1661188703810210.0, 1573692682351688.0, 1488664124407756.2], [1393636034514312.8, 1452927214859171.8, 1512858271335521.2, 1574697819801331.5, 1498358205415642.8, 1385159932943518.5, 1354591903150724.5, 1388619585076334.5, 1447487639241561.8, 1446533712988505.2, 1519339506493989.2, 1493335160232000.5, 1573692682351688.0, 1658423310898309.2, 1479737084959260.5], [1324976339933274.0, 1390458724897091.5, 1455679914385817.0, 1499798964911843.2, 1567330383697893.2, 1316315509988194.5, 1297054062678688.8, 1303487650312746.2, 1407782665647555.0, 1364468598726324.5, 1449696160626916.8, 1468727589239812.0, 1488664124407756.2, 1479737084959260.5, 1668424281048650.2], [17808342365298.652, 15906803374317.473, 14947146629546.738, 9211880688164.174, -8640705648654.69, 18016034004561.48, 17595084929248.66, 19233298991101.715, 12853753426789.828, 17474908359549.21, 14968294468573.842, 18076791227889.96, 12562789960115.2, 11732823819390.64, 2859599245590.51]]}}