{"resp_b": 0.1, "restrained_fit": true, "exclude_hydrogens": true, "convergence_tolerance": 1e-06, "max_iter": 500, "resp_a": 0.0005, "charge_constraints": {"charge_sum_constraints": [], "charge_equivalence_constraints": [], "molecules": [{"qcmol": {"schema_name": "qcschema_molecule", "schema_version": 2, "validated": true, "symbols": ["C", "C", "C", "C", "O", "C", "C", "C", "C", "H", "H", "H", "H", "H", "H", "H", "H", "H", "H", "H", "H", "H", "H", "H", "H", "H", "H"], "geometry": [[0.0, 0.0, 0.0], [2.8892864362882738, 2.7657836635369675e-16, 2.5279378989791225e-16], [4.1378186977334765, 2.615112356067632, 2.220446049250313e-16], [3.7954842021424637, 4.182073479056673, 2.3894644648319963], [1.3676915936045453, 5.219821094532545, 2.4773006666911597], [0.9122792468058618, 6.738575033622842, 4.589160411080137], [-1.6899069351159053, 7.935001171663312, 4.376551183773209], [-3.862916537091143, 6.030312524073736, 4.371732982425332], [-6.452638539489467, 7.302056861176398, 4.238561732995123], [-0.7155548549526833, -1.91715232445699, -0.16233994213450276], [-0.7551736624383167, 0.8212015118883144, 1.7133097265978945], [-0.7352396971063824, 1.0816078277517012, -1.5817851973894406], [3.549526624854778, -1.011749395965197, -1.662574953911509], [3.5728639237820827, -1.0669796027057672, 1.6205737629846366], [3.465467849964116, 3.7217241827963576, -1.5939610208480202], [6.159385724802535, 2.3576042257675525, -0.27277167887915743], [4.134627094152416, 3.0245143436992166, 4.060922476205693], [5.185116671941444, 5.701849614423788, 2.413669911865636], [1.0457844177948612, 5.612524903831299, 6.310200079760245], [2.3471095118216265, 8.211117320493173, 4.7114909487926635], [-1.917708008588284, 9.238669532508993, 5.951674688625257], [-1.7501012295905196, 9.06065276404475, 2.6596007805055217], [-3.638684540694102, 4.756702014772704, 2.782639371141865], [-3.7570847327866304, 4.875267477550119, 6.070531407399706], [-7.961672289926313, 5.9122401850155475, 4.23093257778653], [-6.635974679267423, 8.430430179189784, 2.533214679279961], [-6.756976468311357, 8.54584815332456, 5.843989496960248]], "name": "C8H18O", "identifiers": {"molecule_hash": "64ce81c08c62e5446c05492cf71f20c1a46bf548", "molecular_formula": "C8H18O"}, "molecular_charge": 0.0, "molecular_multiplicity": 1, "connectivity": [[0, 1, 1.0], [0, 9, 1.0], [0, 10, 1.0], [0, 11, 1.0], [1, 2, 1.0], [1, 12, 1.0], [1, 13, 1.0], [2, 3, 1.0], [2, 14, 1.0], [2, 15, 1.0], [3, 4, 1.0], [3, 16, 1.0], [3, 17, 1.0], [4, 5, 1.0], [5, 6, 1.0], [5, 18, 1.0], [5, 19, 1.0], [6, 7, 1.0], [6, 20, 1.0], [6, 21, 1.0], [7, 8, 1.0], [7, 22, 1.0], [7, 23, 1.0], [8, 24, 1.0], [8, 25, 1.0], [8, 26, 1.0]], "fix_com": true, "fix_orientation": true, "provenance": {"creator": "QCElemental", "version": "v0.22.0", "routine": "qcelemental.molparse.from_schema"}, "id": "99497"}, "charge": 0, "optimize_geometry": false, "conformers": [], "conformer_generation_options": {"n_conformer_pool": 4000, "n_max_conformers": 0, "rms_tolerance": 0.05, "energy_window": 15, "keep_original_conformer": true}, "stage_1_unrestrained_charges": null, "stage_1_restrained_charges": null, "stage_2_unrestrained_charges": null, "stage_2_restrained_charges": null, "keep_original_orientation": false, "reorientations": [], "translations": [], "rotations": []}], "unconstrained_atoms": [{"index": 0, "molecule": {"qcmol": {"schema_name": "qcschema_molecule", "schema_version": 2, "validated": true, "symbols": ["C", "C", "C", "C", "O", "C", "C", "C", "C", "H", "H", "H", "H", "H", "H", "H", "H", "H", "H", "H", "H", "H", "H", "H", "H", "H", "H"], "geometry": [[0.0, 0.0, 0.0], [2.8892864362882738, 2.7657836635369675e-16, 2.5279378989791225e-16], [4.1378186977334765, 2.615112356067632, 2.220446049250313e-16], [3.7954842021424637, 4.182073479056673, 2.3894644648319963], [1.3676915936045453, 5.219821094532545, 2.4773006666911597], [0.9122792468058618, 6.738575033622842, 4.589160411080137], [-1.6899069351159053, 7.935001171663312, 4.376551183773209], [-3.862916537091143, 6.030312524073736, 4.371732982425332], [-6.452638539489467, 7.302056861176398, 4.238561732995123], [-0.7155548549526833, -1.91715232445699, -0.16233994213450276], [-0.7551736624383167, 0.8212015118883144, 1.7133097265978945], [-0.7352396971063824, 1.0816078277517012, -1.5817851973894406], [3.549526624854778, -1.011749395965197, -1.662574953911509], [3.5728639237820827, -1.0669796027057672, 1.6205737629846366], [3.465467849964116, 3.7217241827963576, -1.5939610208480202], [6.159385724802535, 2.3576042257675525, -0.27277167887915743], [4.134627094152416, 3.0245143436992166, 4.060922476205693], [5.185116671941444, 5.701849614423788, 2.413669911865636], [1.0457844177948612, 5.612524903831299, 6.310200079760245], [2.3471095118216265, 8.211117320493173, 4.7114909487926635], [-1.917708008588284, 9.238669532508993, 5.951674688625257], [-1.7501012295905196, 9.06065276404475, 2.6596007805055217], [-3.638684540694102, 4.756702014772704, 2.782639371141865], [-3.7570847327866304, 4.875267477550119, 6.070531407399706], [-7.961672289926313, 5.9122401850155475, 4.23093257778653], [-6.635974679267423, 8.430430179189784, 2.533214679279961], [-6.756976468311357, 8.54584815332456, 5.843989496960248]], "name": "C8H18O", "identifiers": {"molecule_hash": "64ce81c08c62e5446c05492cf71f20c1a46bf548", "molecular_formula": "C8H18O"}, "molecular_charge": 0.0, "molecular_multiplicity": 1, "connectivity": [[0, 1, 1.0], [0, 9, 1.0], [0, 10, 1.0], [0, 11, 1.0], [1, 2, 1.0], [1, 12, 1.0], [1, 13, 1.0], [2, 3, 1.0], [2, 14, 1.0], [2, 15, 1.0], [3, 4, 1.0], [3, 16, 1.0], [3, 17, 1.0], [4, 5, 1.0], [5, 6, 1.0], [5, 18, 1.0], [5, 19, 1.0], [6, 7, 1.0], [6, 20, 1.0], [6, 21, 1.0], [7, 8, 1.0], [7, 22, 1.0], [7, 23, 1.0], [8, 24, 1.0], [8, 25, 1.0], [8, 26, 1.0]], "fix_com": true, "fix_orientation": true, "provenance": {"creator": "QCElemental", "version": "v0.22.0", "routine": "qcelemental.molparse.from_schema"}, "id": "99497"}, "charge": 0, "optimize_geometry": false, "conformers": [], "conformer_generation_options": {"n_conformer_pool": 4000, "n_max_conformers": 0, "rms_tolerance": 0.05, "energy_window": 15, "keep_original_conformer": true}, "stage_1_unrestrained_charges": null, "stage_1_restrained_charges": null, "stage_2_unrestrained_charges": null, "stage_2_restrained_charges": null, "keep_original_orientation": false, "reorientations": [], "translations": [], "rotations": []}}, {"index": 1, "molecule": {"qcmol": {"schema_name": "qcschema_molecule", "schema_version": 2, "validated": true, "symbols": ["C", "C", "C", "C", "O", "C", "C", "C", "C", "H", "H", "H", "H", "H", "H", "H", "H", "H", "H", "H", "H", "H", "H", "H", "H", "H", "H"], "geometry": [[0.0, 0.0, 0.0], [2.8892864362882738, 2.7657836635369675e-16, 2.5279378989791225e-16], [4.1378186977334765, 2.615112356067632, 2.220446049250313e-16], [3.7954842021424637, 4.182073479056673, 2.3894644648319963], [1.3676915936045453, 5.219821094532545, 2.4773006666911597], [0.9122792468058618, 6.738575033622842, 4.589160411080137], [-1.6899069351159053, 7.935001171663312, 4.376551183773209], [-3.862916537091143, 6.030312524073736, 4.371732982425332], [-6.452638539489467, 7.302056861176398, 4.238561732995123], [-0.7155548549526833, -1.91715232445699, -0.16233994213450276], [-0.7551736624383167, 0.8212015118883144, 1.7133097265978945], [-0.7352396971063824, 1.0816078277517012, -1.5817851973894406], [3.549526624854778, -1.011749395965197, -1.662574953911509], [3.5728639237820827, -1.0669796027057672, 1.6205737629846366], [3.465467849964116, 3.7217241827963576, -1.5939610208480202], [6.159385724802535, 2.3576042257675525, -0.27277167887915743], [4.134627094152416, 3.0245143436992166, 4.060922476205693], [5.185116671941444, 5.701849614423788, 2.413669911865636], [1.0457844177948612, 5.612524903831299, 6.310200079760245], [2.3471095118216265, 8.211117320493173, 4.7114909487926635], [-1.917708008588284, 9.238669532508993, 5.951674688625257], [-1.7501012295905196, 9.06065276404475, 2.6596007805055217], [-3.638684540694102, 4.756702014772704, 2.782639371141865], [-3.7570847327866304, 4.875267477550119, 6.070531407399706], [-7.961672289926313, 5.9122401850155475, 4.23093257778653], [-6.635974679267423, 8.430430179189784, 2.533214679279961], [-6.756976468311357, 8.54584815332456, 5.843989496960248]], "name": "C8H18O", "identifiers": {"molecule_hash": "64ce81c08c62e5446c05492cf71f20c1a46bf548", "molecular_formula": "C8H18O"}, "molecular_charge": 0.0, "molecular_multiplicity": 1, "connectivity": [[0, 1, 1.0], [0, 9, 1.0], [0, 10, 1.0], [0, 11, 1.0], [1, 2, 1.0], [1, 12, 1.0], [1, 13, 1.0], [2, 3, 1.0], [2, 14, 1.0], [2, 15, 1.0], [3, 4, 1.0], [3, 16, 1.0], [3, 17, 1.0], [4, 5, 1.0], [5, 6, 1.0], [5, 18, 1.0], [5, 19, 1.0], [6, 7, 1.0], [6, 20, 1.0], [6, 21, 1.0], [7, 8, 1.0], [7, 22, 1.0], [7, 23, 1.0], [8, 24, 1.0], [8, 25, 1.0], [8, 26, 1.0]], "fix_com": true, "fix_orientation": true, "provenance": {"creator": "QCElemental", "version": "v0.22.0", "routine": "qcelemental.molparse.from_schema"}, "id": "99497"}, "charge": 0, "optimize_geometry": false, "conformers": [], "conformer_generation_options": {"n_conformer_pool": 4000, "n_max_conformers": 0, "rms_tolerance": 0.05, "energy_window": 15, "keep_original_conformer": true}, "stage_1_unrestrained_charges": null, "stage_1_restrained_charges": null, "stage_2_unrestrained_charges": null, "stage_2_restrained_charges": null, "keep_original_orientation": false, "reorientations": [], "translations": [], "rotations": []}}, {"index": 2, "molecule": {"qcmol": {"schema_name": "qcschema_molecule", "schema_version": 2, "validated": true, "symbols": ["C", "C", "C", "C", "O", "C", "C", "C", "C", "H", "H", "H", "H", "H", "H", "H", "H", "H", "H", "H", "H", "H", "H", "H", "H", "H", "H"], "geometry": [[0.0, 0.0, 0.0], [2.8892864362882738, 2.7657836635369675e-16, 2.5279378989791225e-16], [4.1378186977334765, 2.615112356067632, 2.220446049250313e-16], [3.7954842021424637, 4.182073479056673, 2.3894644648319963], [1.3676915936045453, 5.219821094532545, 2.4773006666911597], [0.9122792468058618, 6.738575033622842, 4.589160411080137], [-1.6899069351159053, 7.935001171663312, 4.376551183773209], [-3.862916537091143, 6.030312524073736, 4.371732982425332], [-6.452638539489467, 7.302056861176398, 4.238561732995123], [-0.7155548549526833, -1.91715232445699, -0.16233994213450276], [-0.7551736624383167, 0.8212015118883144, 1.7133097265978945], [-0.7352396971063824, 1.0816078277517012, -1.5817851973894406], [3.549526624854778, -1.011749395965197, -1.662574953911509], [3.5728639237820827, -1.0669796027057672, 1.6205737629846366], [3.465467849964116, 3.7217241827963576, -1.5939610208480202], [6.159385724802535, 2.3576042257675525, -0.27277167887915743], [4.134627094152416, 3.0245143436992166, 4.060922476205693], [5.185116671941444, 5.701849614423788, 2.413669911865636], [1.0457844177948612, 5.612524903831299, 6.310200079760245], [2.3471095118216265, 8.211117320493173, 4.7114909487926635], [-1.917708008588284, 9.238669532508993, 5.951674688625257], [-1.7501012295905196, 9.06065276404475, 2.6596007805055217], [-3.638684540694102, 4.756702014772704, 2.782639371141865], [-3.7570847327866304, 4.875267477550119, 6.070531407399706], [-7.961672289926313, 5.9122401850155475, 4.23093257778653], [-6.635974679267423, 8.430430179189784, 2.533214679279961], [-6.756976468311357, 8.54584815332456, 5.843989496960248]], "name": "C8H18O", "identifiers": {"molecule_hash": "64ce81c08c62e5446c05492cf71f20c1a46bf548", "molecular_formula": "C8H18O"}, "molecular_charge": 0.0, "molecular_multiplicity": 1, "connectivity": [[0, 1, 1.0], [0, 9, 1.0], [0, 10, 1.0], [0, 11, 1.0], [1, 2, 1.0], [1, 12, 1.0], [1, 13, 1.0], [2, 3, 1.0], [2, 14, 1.0], [2, 15, 1.0], [3, 4, 1.0], [3, 16, 1.0], [3, 17, 1.0], [4, 5, 1.0], [5, 6, 1.0], [5, 18, 1.0], [5, 19, 1.0], [6, 7, 1.0], [6, 20, 1.0], [6, 21, 1.0], [7, 8, 1.0], [7, 22, 1.0], [7, 23, 1.0], [8, 24, 1.0], [8, 25, 1.0], [8, 26, 1.0]], "fix_com": true, "fix_orientation": true, "provenance": {"creator": "QCElemental", "version": "v0.22.0", "routine": "qcelemental.molparse.from_schema"}, "id": "99497"}, "charge": 0, "optimize_geometry": false, "conformers": [], "conformer_generation_options": {"n_conformer_pool": 4000, "n_max_conformers": 0, "rms_tolerance": 0.05, "energy_window": 15, "keep_original_conformer": true}, "stage_1_unrestrained_charges": null, "stage_1_restrained_charges": null, "stage_2_unrestrained_charges": null, "stage_2_restrained_charges": null, "keep_original_orientation": false, "reorientations": [], "translations": [], "rotations": []}}, {"index": 3, "molecule": {"qcmol": {"schema_name": "qcschema_molecule", "schema_version": 2, "validated": true, "symbols": ["C", "C", "C", "C", "O", "C", "C", "C", "C", "H", "H", "H", "H", "H", "H", "H", "H", "H", "H", "H", "H", "H", "H", "H", "H", "H", "H"], "geometry": [[0.0, 0.0, 0.0], [2.8892864362882738, 2.7657836635369675e-16, 2.5279378989791225e-16], [4.1378186977334765, 2.615112356067632, 2.220446049250313e-16], [3.7954842021424637, 4.182073479056673, 2.3894644648319963], [1.3676915936045453, 5.219821094532545, 2.4773006666911597], [0.9122792468058618, 6.738575033622842, 4.589160411080137], [-1.6899069351159053, 7.935001171663312, 4.376551183773209], [-3.862916537091143, 6.030312524073736, 4.371732982425332], [-6.452638539489467, 7.302056861176398, 4.238561732995123], [-0.7155548549526833, -1.91715232445699, -0.16233994213450276], [-0.7551736624383167, 0.8212015118883144, 1.7133097265978945], [-0.7352396971063824, 1.0816078277517012, -1.5817851973894406], [3.549526624854778, -1.011749395965197, -1.662574953911509], [3.5728639237820827, -1.0669796027057672, 1.6205737629846366], [3.465467849964116, 3.7217241827963576, -1.5939610208480202], [6.159385724802535, 2.3576042257675525, -0.27277167887915743], [4.134627094152416, 3.0245143436992166, 4.060922476205693], [5.185116671941444, 5.701849614423788, 2.413669911865636], [1.0457844177948612, 5.612524903831299, 6.310200079760245], [2.3471095118216265, 8.211117320493173, 4.7114909487926635], [-1.917708008588284, 9.238669532508993, 5.951674688625257], [-1.7501012295905196, 9.06065276404475, 2.6596007805055217], [-3.638684540694102, 4.756702014772704, 2.782639371141865], [-3.7570847327866304, 4.875267477550119, 6.070531407399706], [-7.961672289926313, 5.9122401850155475, 4.23093257778653], [-6.635974679267423, 8.430430179189784, 2.533214679279961], [-6.756976468311357, 8.54584815332456, 5.843989496960248]], "name": "C8H18O", "identifiers": {"molecule_hash": "64ce81c08c62e5446c05492cf71f20c1a46bf548", "molecular_formula": "C8H18O"}, "molecular_charge": 0.0, "molecular_multiplicity": 1, "connectivity": [[0, 1, 1.0], [0, 9, 1.0], [0, 10, 1.0], [0, 11, 1.0], [1, 2, 1.0], [1, 12, 1.0], [1, 13, 1.0], [2, 3, 1.0], [2, 14, 1.0], [2, 15, 1.0], [3, 4, 1.0], [3, 16, 1.0], [3, 17, 1.0], [4, 5, 1.0], [5, 6, 1.0], [5, 18, 1.0], [5, 19, 1.0], [6, 7, 1.0], [6, 20, 1.0], [6, 21, 1.0], [7, 8, 1.0], [7, 22, 1.0], [7, 23, 1.0], [8, 24, 1.0], [8, 25, 1.0], [8, 26, 1.0]], "fix_com": true, "fix_orientation": true, "provenance": {"creator": "QCElemental", "version": "v0.22.0", "routine": "qcelemental.molparse.from_schema"}, "id": "99497"}, "charge": 0, "optimize_geometry": false, "conformers": [], "conformer_generation_options": {"n_conformer_pool": 4000, "n_max_conformers": 0, "rms_tolerance": 0.05, "energy_window": 15, "keep_original_conformer": true}, "stage_1_unrestrained_charges": null, "stage_1_restrained_charges": null, "stage_2_unrestrained_charges": null, "stage_2_restrained_charges": null, "keep_original_orientation": false, "reorientations": [], "translations": [], "rotations": []}}, {"index": 5, "molecule": {"qcmol": {"schema_name": "qcschema_molecule", "schema_version": 2, "validated": true, "symbols": ["C", "C", "C", "C", "O", "C", "C", "C", "C", "H", "H", "H", "H", "H", "H", "H", "H", "H", "H", "H", "H", "H", "H", "H", "H", "H", "H"], "geometry": [[0.0, 0.0, 0.0], [2.8892864362882738, 2.7657836635369675e-16, 2.5279378989791225e-16], [4.1378186977334765, 2.615112356067632, 2.220446049250313e-16], [3.7954842021424637, 4.182073479056673, 2.3894644648319963], [1.3676915936045453, 5.219821094532545, 2.4773006666911597], [0.9122792468058618, 6.738575033622842, 4.589160411080137], [-1.6899069351159053, 7.935001171663312, 4.376551183773209], [-3.862916537091143, 6.030312524073736, 4.371732982425332], [-6.452638539489467, 7.302056861176398, 4.238561732995123], [-0.7155548549526833, -1.91715232445699, -0.16233994213450276], [-0.7551736624383167, 0.8212015118883144, 1.7133097265978945], [-0.7352396971063824, 1.0816078277517012, -1.5817851973894406], [3.549526624854778, -1.011749395965197, -1.662574953911509], [3.5728639237820827, -1.0669796027057672, 1.6205737629846366], [3.465467849964116, 3.7217241827963576, -1.5939610208480202], [6.159385724802535, 2.3576042257675525, -0.27277167887915743], [4.134627094152416, 3.0245143436992166, 4.060922476205693], [5.185116671941444, 5.701849614423788, 2.413669911865636], [1.0457844177948612, 5.612524903831299, 6.310200079760245], [2.3471095118216265, 8.211117320493173, 4.7114909487926635], [-1.917708008588284, 9.238669532508993, 5.951674688625257], [-1.7501012295905196, 9.06065276404475, 2.6596007805055217], [-3.638684540694102, 4.756702014772704, 2.782639371141865], [-3.7570847327866304, 4.875267477550119, 6.070531407399706], [-7.961672289926313, 5.9122401850155475, 4.23093257778653], [-6.635974679267423, 8.430430179189784, 2.533214679279961], [-6.756976468311357, 8.54584815332456, 5.843989496960248]], "name": "C8H18O", "identifiers": {"molecule_hash": "64ce81c08c62e5446c05492cf71f20c1a46bf548", "molecular_formula": "C8H18O"}, "molecular_charge": 0.0, "molecular_multiplicity": 1, "connectivity": [[0, 1, 1.0], [0, 9, 1.0], [0, 10, 1.0], [0, 11, 1.0], [1, 2, 1.0], [1, 12, 1.0], [1, 13, 1.0], [2, 3, 1.0], [2, 14, 1.0], [2, 15, 1.0], [3, 4, 1.0], [3, 16, 1.0], [3, 17, 1.0], [4, 5, 1.0], [5, 6, 1.0], [5, 18, 1.0], [5, 19, 1.0], [6, 7, 1.0], [6, 20, 1.0], [6, 21, 1.0], [7, 8, 1.0], [7, 22, 1.0], [7, 23, 1.0], [8, 24, 1.0], [8, 25, 1.0], [8, 26, 1.0]], "fix_com": true, "fix_orientation": true, "provenance": {"creator": "QCElemental", "version": "v0.22.0", "routine": "qcelemental.molparse.from_schema"}, "id": "99497"}, "charge": 0, "optimize_geometry": false, "conformers": [], "conformer_generation_options": {"n_conformer_pool": 4000, "n_max_conformers": 0, "rms_tolerance": 0.05, "energy_window": 15, "keep_original_conformer": true}, "stage_1_unrestrained_charges": null, "stage_1_restrained_charges": null, "stage_2_unrestrained_charges": null, "stage_2_restrained_charges": null, "keep_original_orientation": false, "reorientations": [], "translations": [], "rotations": []}}, {"index": 6, "molecule": {"qcmol": {"schema_name": "qcschema_molecule", "schema_version": 2, "validated": true, "symbols": ["C", "C", "C", "C", "O", "C", "C", "C", "C", "H", "H", "H", "H", "H", "H", "H", "H", "H", "H", "H", "H", "H", "H", "H", "H", "H", "H"], "geometry": [[0.0, 0.0, 0.0], [2.8892864362882738, 2.7657836635369675e-16, 2.5279378989791225e-16], [4.1378186977334765, 2.615112356067632, 2.220446049250313e-16], [3.7954842021424637, 4.182073479056673, 2.3894644648319963], [1.3676915936045453, 5.219821094532545, 2.4773006666911597], [0.9122792468058618, 6.738575033622842, 4.589160411080137], [-1.6899069351159053, 7.935001171663312, 4.376551183773209], [-3.862916537091143, 6.030312524073736, 4.371732982425332], [-6.452638539489467, 7.302056861176398, 4.238561732995123], [-0.7155548549526833, -1.91715232445699, -0.16233994213450276], [-0.7551736624383167, 0.8212015118883144, 1.7133097265978945], [-0.7352396971063824, 1.0816078277517012, -1.5817851973894406], [3.549526624854778, -1.011749395965197, -1.662574953911509], [3.5728639237820827, -1.0669796027057672, 1.6205737629846366], [3.465467849964116, 3.7217241827963576, -1.5939610208480202], [6.159385724802535, 2.3576042257675525, -0.27277167887915743], [4.134627094152416, 3.0245143436992166, 4.060922476205693], [5.185116671941444, 5.701849614423788, 2.413669911865636], [1.0457844177948612, 5.612524903831299, 6.310200079760245], [2.3471095118216265, 8.211117320493173, 4.7114909487926635], [-1.917708008588284, 9.238669532508993, 5.951674688625257], [-1.7501012295905196, 9.06065276404475, 2.6596007805055217], [-3.638684540694102, 4.756702014772704, 2.782639371141865], [-3.7570847327866304, 4.875267477550119, 6.070531407399706], [-7.961672289926313, 5.9122401850155475, 4.23093257778653], [-6.635974679267423, 8.430430179189784, 2.533214679279961], [-6.756976468311357, 8.54584815332456, 5.843989496960248]], "name": "C8H18O", "identifiers": {"molecule_hash": "64ce81c08c62e5446c05492cf71f20c1a46bf548", "molecular_formula": "C8H18O"}, "molecular_charge": 0.0, "molecular_multiplicity": 1, "connectivity": [[0, 1, 1.0], [0, 9, 1.0], [0, 10, 1.0], [0, 11, 1.0], [1, 2, 1.0], [1, 12, 1.0], [1, 13, 1.0], [2, 3, 1.0], [2, 14, 1.0], [2, 15, 1.0], [3, 4, 1.0], [3, 16, 1.0], [3, 17, 1.0], [4, 5, 1.0], [5, 6, 1.0], [5, 18, 1.0], [5, 19, 1.0], [6, 7, 1.0], [6, 20, 1.0], [6, 21, 1.0], [7, 8, 1.0], [7, 22, 1.0], [7, 23, 1.0], [8, 24, 1.0], [8, 25, 1.0], [8, 26, 1.0]], "fix_com": true, "fix_orientation": true, "provenance": {"creator": "QCElemental", "version": "v0.22.0", "routine": "qcelemental.molparse.from_schema"}, "id": "99497"}, "charge": 0, "optimize_geometry": false, "conformers": [], "conformer_generation_options": {"n_conformer_pool": 4000, "n_max_conformers": 0, "rms_tolerance": 0.05, "energy_window": 15, "keep_original_conformer": true}, "stage_1_unrestrained_charges": null, "stage_1_restrained_charges": null, "stage_2_unrestrained_charges": null, "stage_2_restrained_charges": null, "keep_original_orientation": false, "reorientations": [], "translations": [], "rotations": []}}, {"index": 7, "molecule": {"qcmol": {"schema_name": "qcschema_molecule", "schema_version": 2, "validated": true, "symbols": ["C", "C", "C", "C", "O", "C", "C", "C", "C", "H", "H", "H", "H", "H", "H", "H", "H", "H", "H", "H", "H", "H", "H", "H", "H", "H", "H"], "geometry": [[0.0, 0.0, 0.0], [2.8892864362882738, 2.7657836635369675e-16, 2.5279378989791225e-16], [4.1378186977334765, 2.615112356067632, 2.220446049250313e-16], [3.7954842021424637, 4.182073479056673, 2.3894644648319963], [1.3676915936045453, 5.219821094532545, 2.4773006666911597], [0.9122792468058618, 6.738575033622842, 4.589160411080137], [-1.6899069351159053, 7.935001171663312, 4.376551183773209], [-3.862916537091143, 6.030312524073736, 4.371732982425332], [-6.452638539489467, 7.302056861176398, 4.238561732995123], [-0.7155548549526833, -1.91715232445699, -0.16233994213450276], [-0.7551736624383167, 0.8212015118883144, 1.7133097265978945], [-0.7352396971063824, 1.0816078277517012, -1.5817851973894406], [3.549526624854778, -1.011749395965197, -1.662574953911509], [3.5728639237820827, -1.0669796027057672, 1.6205737629846366], [3.465467849964116, 3.7217241827963576, -1.5939610208480202], [6.159385724802535, 2.3576042257675525, -0.27277167887915743], [4.134627094152416, 3.0245143436992166, 4.060922476205693], [5.185116671941444, 5.701849614423788, 2.413669911865636], [1.0457844177948612, 5.612524903831299, 6.310200079760245], [2.3471095118216265, 8.211117320493173, 4.7114909487926635], [-1.917708008588284, 9.238669532508993, 5.951674688625257], [-1.7501012295905196, 9.06065276404475, 2.6596007805055217], [-3.638684540694102, 4.756702014772704, 2.782639371141865], [-3.7570847327866304, 4.875267477550119, 6.070531407399706], [-7.961672289926313, 5.9122401850155475, 4.23093257778653], [-6.635974679267423, 8.430430179189784, 2.533214679279961], [-6.756976468311357, 8.54584815332456, 5.843989496960248]], "name": "C8H18O", "identifiers": {"molecule_hash": "64ce81c08c62e5446c05492cf71f20c1a46bf548", "molecular_formula": "C8H18O"}, "molecular_charge": 0.0, "molecular_multiplicity": 1, "connectivity": [[0, 1, 1.0], [0, 9, 1.0], [0, 10, 1.0], [0, 11, 1.0], [1, 2, 1.0], [1, 12, 1.0], [1, 13, 1.0], [2, 3, 1.0], [2, 14, 1.0], [2, 15, 1.0], [3, 4, 1.0], [3, 16, 1.0], [3, 17, 1.0], [4, 5, 1.0], [5, 6, 1.0], [5, 18, 1.0], [5, 19, 1.0], [6, 7, 1.0], [6, 20, 1.0], [6, 21, 1.0], [7, 8, 1.0], [7, 22, 1.0], [7, 23, 1.0], [8, 24, 1.0], [8, 25, 1.0], [8, 26, 1.0]], "fix_com": true, "fix_orientation": true, "provenance": {"creator": "QCElemental", "version": "v0.22.0", "routine": "qcelemental.molparse.from_schema"}, "id": "99497"}, "charge": 0, "optimize_geometry": false, "conformers": [], "conformer_generation_options": {"n_conformer_pool": 4000, "n_max_conformers": 0, "rms_tolerance": 0.05, "energy_window": 15, "keep_original_conformer": true}, "stage_1_unrestrained_charges": null, "stage_1_restrained_charges": null, "stage_2_unrestrained_charges": null, "stage_2_restrained_charges": null, "keep_original_orientation": false, "reorientations": [], "translations": [], "rotations": []}}, {"index": 8, "molecule": {"qcmol": {"schema_name": "qcschema_molecule", "schema_version": 2, "validated": true, "symbols": ["C", "C", "C", "C", "O", "C", "C", "C", "C", "H", "H", "H", "H", "H", "H", "H", "H", "H", "H", "H", "H", "H", "H", "H", "H", "H", "H"], "geometry": [[0.0, 0.0, 0.0], [2.8892864362882738, 2.7657836635369675e-16, 2.5279378989791225e-16], [4.1378186977334765, 2.615112356067632, 2.220446049250313e-16], [3.7954842021424637, 4.182073479056673, 2.3894644648319963], [1.3676915936045453, 5.219821094532545, 2.4773006666911597], [0.9122792468058618, 6.738575033622842, 4.589160411080137], [-1.6899069351159053, 7.935001171663312, 4.376551183773209], [-3.862916537091143, 6.030312524073736, 4.371732982425332], [-6.452638539489467, 7.302056861176398, 4.238561732995123], [-0.7155548549526833, -1.91715232445699, -0.16233994213450276], [-0.7551736624383167, 0.8212015118883144, 1.7133097265978945], [-0.7352396971063824, 1.0816078277517012, -1.5817851973894406], [3.549526624854778, -1.011749395965197, -1.662574953911509], [3.5728639237820827, -1.0669796027057672, 1.6205737629846366], [3.465467849964116, 3.7217241827963576, -1.5939610208480202], [6.159385724802535, 2.3576042257675525, -0.27277167887915743], [4.134627094152416, 3.0245143436992166, 4.060922476205693], [5.185116671941444, 5.701849614423788, 2.413669911865636], [1.0457844177948612, 5.612524903831299, 6.310200079760245], [2.3471095118216265, 8.211117320493173, 4.7114909487926635], [-1.917708008588284, 9.238669532508993, 5.951674688625257], [-1.7501012295905196, 9.06065276404475, 2.6596007805055217], [-3.638684540694102, 4.756702014772704, 2.782639371141865], [-3.7570847327866304, 4.875267477550119, 6.070531407399706], [-7.961672289926313, 5.9122401850155475, 4.23093257778653], [-6.635974679267423, 8.430430179189784, 2.533214679279961], [-6.756976468311357, 8.54584815332456, 5.843989496960248]], "name": "C8H18O", "identifiers": {"molecule_hash": "64ce81c08c62e5446c05492cf71f20c1a46bf548", "molecular_formula": "C8H18O"}, "molecular_charge": 0.0, "molecular_multiplicity": 1, "connectivity": [[0, 1, 1.0], [0, 9, 1.0], [0, 10, 1.0], [0, 11, 1.0], [1, 2, 1.0], [1, 12, 1.0], [1, 13, 1.0], [2, 3, 1.0], [2, 14, 1.0], [2, 15, 1.0], [3, 4, 1.0], [3, 16, 1.0], [3, 17, 1.0], [4, 5, 1.0], [5, 6, 1.0], [5, 18, 1.0], [5, 19, 1.0], [6, 7, 1.0], [6, 20, 1.0], [6, 21, 1.0], [7, 8, 1.0], [7, 22, 1.0], [7, 23, 1.0], [8, 24, 1.0], [8, 25, 1.0], [8, 26, 1.0]], "fix_com": true, "fix_orientation": true, "provenance": {"creator": "QCElemental", "version": "v0.22.0", "routine": "qcelemental.molparse.from_schema"}, "id": "99497"}, "charge": 0, "optimize_geometry": false, "conformers": [], "conformer_generation_options": {"n_conformer_pool": 4000, "n_max_conformers": 0, "rms_tolerance": 0.05, "energy_window": 15, "keep_original_conformer": true}, "stage_1_unrestrained_charges": null, "stage_1_restrained_charges": null, "stage_2_unrestrained_charges": null, "stage_2_restrained_charges": null, "keep_original_orientation": false, "reorientations": [], "translations": [], "rotations": []}}]}, "surface_constraints": {"matrix": [[1999.5944377325038, 1937.1221982422662, 1863.5140002671064, 1819.432357120683, 1767.9506686743432, 1659.1008932996558, 1578.6565177292748, 1553.2030300491083, 1534.7419343611905, 2006.0123223117478, 2002.6613949344799, 2014.3321807762686, 1928.862570701435, 1928.8513164270291, 1856.3311181527329, 1829.2449273441425, 1853.0856600807872, 1780.6536744475084, 1661.94376201149, 1620.321317270425, 1555.5530979473226, 1546.0928346502035, 1545.9533961819006, 1541.0010834677857, 1542.16981610085, 1531.4549652586288, 1505.538519760402], [1937.1221982422662, 1984.419171695944, 1934.7457207616449, 1870.4301173176382, 1825.0459580535119, 1723.7526596274117, 1632.8933929333277, 1597.4470607322596, 1559.727328838311, 1917.2096601929904, 1911.7357388232497, 1923.890645526846, 2008.1401303826754, 2008.3751597153698, 1932.014657353323, 1928.243340920547, 1870.5959859078278, 1843.913462057664, 1729.5016515685022, 1694.9889399115546, 1609.3621575910872, 1599.735489883885, 1595.2030401885002, 1587.8414948607804, 1561.384895597825, 1547.221175290667, 1530.8731026842745], [1863.5140002671064, 1934.7457207616449, 1988.8990032669767, 1947.084883341929, 1903.5192885223387, 1805.8959719169638, 1703.508392086661, 1651.9833197903456, 1605.2868557353775, 1809.3166662628232, 1853.2811369817966, 1856.9973773089143, 1929.2450126013143, 1929.7522112776674, 2016.9066814034686, 2012.7851880282756, 1939.1156497534243, 1938.687194523115, 1808.1569306121817, 1791.3903602309035, 1679.1317923312506, 1673.7501122531771, 1651.5367297393075, 1634.3793240767443, 1604.1786899790807, 1589.8770345159826, 1575.736930685659], [1819.432357120683, 1870.4301173176382, 1947.084883341929, 2004.6617847664206, 1976.6701153514, 1900.9755520187014, 1789.8867419342337, 1728.2835754678274, 1682.304556693008, 1773.4965973908845, 1814.1216175295333, 1815.862911656853, 1854.433254884915, 1846.351011332646, 1946.7740313161798, 1942.932798984731, 2028.8623432989214, 2025.3411325593202, 1905.0688228023432, 1905.5466665576528, 1765.3795013701374, 1760.3752048372367, 1721.774955457323, 1707.0061231368952, 1686.0037111919748, 1664.6556647404457, 1650.3368233300573], [1767.9506686743432, 1825.0459580535119, 1903.5192885223387, 1976.6701153514, 2035.2877277740447, 1969.8560928628094, 1898.7107740060637, 1845.9098733112194, 1788.860238831498, 1725.169453173741, 1741.6276177247962, 1778.9575826353725, 1814.808570210113, 1801.6507025926128, 1898.0057137145425, 1896.3226497629369, 1975.8713016754755, 1965.4353330114084, 1961.516231235115, 1960.871501235742, 1892.0961752406276, 1868.1890812438162, 1844.6487284173652, 1832.7426232348103, 1784.1130759977875, 1769.2585957630204, 1756.4189049914787], [1659.1008932996558, 1723.7526596274117, 1805.8959719169638, 1900.9755520187014, 1969.8560928628094, 1996.4558560410276, 1940.6323325099822, 1866.911536413811, 1800.150749675727, 1621.5319194512908, 1633.357321147395, 1661.296027680169, 1716.310403753443, 1703.5703323440187, 1803.8340486723503, 1785.9521606869812, 1890.157724528517, 1910.5819598496018, 2018.4783483293422, 2017.399097384094, 1941.937958882495, 1930.1577711440955, 1862.1706622706897, 1848.96062503376, 1783.7349168124256, 1767.5448670863482, 1783.922504442741], [1578.6565177292748, 1632.8933929333277, 1703.508392086661, 1789.8867419342337, 1898.7107740060637, 1940.6323325099822, 1981.0318042393678, 1929.144483663805, 1861.4762442466556, 1545.6988591943534, 1544.469592694593, 1593.4338540941549, 1624.51150938424, 1616.7425279493243, 1702.5856540230739, 1680.8381700569487, 1763.8832347596335, 1781.1873936356933, 1933.7757620151926, 1931.780565219423, 2010.112798618789, 1997.8877521895683, 1926.6695637441437, 1921.4406897919553, 1829.4755681071174, 1831.731243252602, 1854.8706370747695], [1553.2030300491083, 1597.4470607322596, 1651.9833197903456, 1728.2835754678274, 1845.9098733112194, 1866.911536413811, 1929.144483663805, 1982.1658640003616, 1938.3643509793749, 1528.0922267340277, 1516.1638375372868, 1570.4882034766028, 1589.970174882557, 1586.0965527214692, 1646.7632318547446, 1628.5814322720819, 1703.1279163207623, 1705.9229022823224, 1850.1596696436445, 1839.1431972852338, 1925.9787804633456, 1915.9334879571788, 2009.0815534888895, 2003.291997746668, 1925.720472788728, 1917.2751445948713, 1915.8210645666604], [1534.7419343611905, 1559.727328838311, 1605.2868557353775, 1682.304556693008, 1788.860238831498, 1800.150749675727, 1861.4762442466556, 1938.3643509793749, 2003.0474100218003, 1517.5348159537805, 1499.0920893847035, 1558.0346416010016, 1549.4198187230704, 1542.3113500580582, 1598.2525856925197, 1577.5048310316463, 1669.3104577816116, 1657.657534311426, 1777.0900128140536, 1773.3369395835787, 1853.4564390763694, 1837.0091292485029, 1933.0858724412321, 1927.9532750937155, 2017.6441812704195, 2008.7589921679998, 2008.4604662527838], [2006.0123223117478, 1917.2096601929904, 1809.3166662628232, 1773.4965973908845, 1725.169453173741, 1621.5319194512908, 1545.6988591943534, 1528.0922267340277, 1517.5348159537805, 2091.1357245757963, 1980.00253556473, 1992.6351819151441, 1918.2059922269352, 1909.450576523209, 1787.3421671711496, 1761.420273153423, 1812.7920009885768, 1733.2456185941332, 1626.7668194586608, 1581.1440984941112, 1524.8236868574436, 1508.9717110217046, 1519.980308963469, 1517.0920261710055, 1526.299829081956, 1514.7878270718356, 1492.3576556993821], [2002.6613949344799, 1911.7357388232497, 1853.2811369817966, 1814.1216175295333, 1741.6276177247962, 1633.357321147395, 1544.469592694593, 1516.1638375372868, 1499.0920893847035, 1980.00253556473, 2088.388134859828, 1988.5433313842864, 1889.2088884244638, 1883.0422756511916, 1847.8362752781795, 1822.7325872476997, 1865.2092641021977, 1779.0210479922594, 1640.7226704784784, 1597.563997613584, 1517.498870183239, 1512.7089443776702, 1504.5320925908866, 1504.8649334538454, 1507.7076388227706, 1496.686134605783, 1469.9680282575405], [2014.3321807762686, 1923.890645526846, 1856.9973773089143, 1815.862911656853, 1778.9575826353725, 1661.296027680169, 1593.4338540941549, 1570.4882034766028, 1558.0346416010016, 1992.6351819151441, 1988.5433313842864, 2110.5593178657914, 1895.1123002508741, 1909.6188468433559, 1859.7612171825606, 1814.6975985513711, 1851.331519280919, 1766.0057335582912, 1656.1122704662769, 1614.3779694668076, 1572.0530759136955, 1565.6957413329862, 1564.6490261108756, 1553.7455233670273, 1567.2423116574882, 1560.6464051003343, 1525.111681904886], [1928.862570701435, 2008.1401303826754, 1929.2450126013143, 1854.433254884915, 1814.808570210113, 1716.310403753443, 1624.51150938424, 1589.970174882557, 1549.4198187230704, 1918.2059922269352, 1889.2088884244638, 1895.1123002508741, 2110.640265323289, 2002.8912467493249, 1913.0428175981997, 1921.7085795591518, 1836.0771472658134, 1835.1038044742754, 1725.3141201351568, 1687.155466875278, 1603.6650855809355, 1587.7876759835578, 1591.0122558450473, 1580.766816673707, 1550.0977944442666, 1533.688617051509, 1522.1779329887438], [1928.8513164270291, 2008.3751597153698, 1929.7522112776674, 1846.351011332646, 1801.6507025926128, 1703.5703323440187, 1616.7425279493243, 1586.0965527214692, 1542.3113500580582, 1909.450576523209, 1883.0422756511916, 1909.6188468433559, 2002.8912467493249, 2110.868172944706, 1919.0022065317642, 1923.8134325697572, 1842.1645580565637, 1811.03112450344, 1710.230041587306, 1673.0945209795218, 1591.7786902376156, 1584.2545169685043, 1583.984207962225, 1585.1976710983079, 1541.9217965887162, 1528.4533859199792, 1512.3229312504104], [1856.3311181527329, 1932.014657353323, 2016.9066814034686, 1946.7740313161798, 1898.0057137145425, 1803.8340486723503, 1702.5856540230739, 1646.7632318547446, 1598.2525856925197, 1787.3421671711496, 1847.8362752781795, 1859.7612171825606, 1913.0428175981997, 1919.0022065317642, 2123.3124537799767, 2010.0051684334387, 1921.2302483661697, 1936.9952444652467, 1808.4627031625257, 1789.1404020653445, 1679.8154851125653, 1675.3909219894751, 1649.579374532602, 1623.7112830752508, 1593.6108314369224, 1585.9708072884341, 1567.430705844759], [1829.2449273441425, 1928.243340920547, 2012.7851880282756, 1942.932798984731, 1896.3226497629369, 1785.9521606869812, 1680.8381700569487, 1628.5814322720819, 1577.5048310316463, 1761.420273153423, 1822.7325872476997, 1814.6975985513711, 1921.7085795591518, 1923.8134325697572, 2010.0051684334387, 2114.243546519891, 1920.7052155961824, 1928.5694007891307, 1781.8945563040827, 1771.201191493645, 1654.3731159516858, 1652.0619950766845, 1630.4117262128705, 1612.6394914653147, 1574.2397981501101, 1558.1180903481345, 1551.6870575672046], [1853.0856600807872, 1870.5959859078278, 1939.1156497534243, 2028.8623432989214, 1975.8713016754755, 1890.157724528517, 1763.8832347596335, 1703.1279163207623, 1669.3104577816116, 1812.7920009885768, 1865.2092641021977, 1851.331519280919, 1836.0771472658134, 1842.1645580565637, 1921.2302483661697, 1920.7052155961824, 2129.3289095581217, 2021.1427683661125, 1911.258759360002, 1883.6075852120473, 1736.090760730193, 1726.8140214484781, 1686.1024780613636, 1683.856246003089, 1681.9331031356871, 1651.871870156836, 1639.3291499841573], [1780.6536744475084, 1843.913462057664, 1938.687194523115, 2025.3411325593202, 1965.4353330114084, 1910.5819598496018, 1781.1873936356933, 1705.9229022823224, 1657.657534311426, 1733.2456185941332, 1779.0210479922594, 1766.0057335582912, 1835.1038044742754, 1811.03112450344, 1936.9952444652467, 1928.5694007891307, 2021.1427683661125, 2123.7572502772177, 1908.107915640315, 1951.2279023478093, 1747.1150681253725, 1761.3710075739925, 1700.8359842535272, 1674.5885115312917, 1661.689036378958, 1640.4987883978347, 1622.9810367115629], [1661.94376201149, 1729.5016515685022, 1808.1569306121817, 1905.0688228023432, 1961.516231235115, 2018.4783483293422, 1933.7757620151926, 1850.1596696436445, 1777.0900128140536, 1626.7668194586608, 1640.7226704784784, 1656.1122704662769, 1725.3141201351568, 1710.230041587306, 1808.4627031625257, 1781.8945563040827, 1911.258759360002, 1908.107915640315, 2117.795866634701, 2010.7504354096925, 1926.8446517217114, 1917.9022093877688, 1843.3825343582841, 1833.1747567538616, 1762.298640097564, 1728.5857875118909, 1771.6274273589047], [1620.321317270425, 1694.9889399115546, 1791.3903602309035, 1905.5466665576528, 1960.871501235742, 2017.399097384094, 1931.780565219423, 1839.1431972852338, 1773.3369395835787, 1581.1440984941112, 1597.563997613584, 1614.3779694668076, 1687.155466875278, 1673.0945209795218, 1789.1404020653445, 1771.201191493645, 1883.6075852120473, 1951.2279023478093, 2010.7504354096925, 2115.092758394389, 1925.3802727870152, 1921.5958655656323, 1832.2506501715532, 1810.1760037482677, 1757.5325718093545, 1744.6415708024765, 1753.4438914013595], [1555.5530979473226, 1609.3621575910872, 1679.1317923312506, 1765.3795013701374, 1892.0961752406276, 1941.937958882495, 2010.112798618789, 1925.9787804633456, 1853.4564390763694, 1524.8236868574436, 1517.498870183239, 1572.0530759136955, 1603.6650855809355, 1591.7786902376156, 1679.8154851125653, 1654.3731159516858, 1736.090760730193, 1747.1150681253725, 1926.8446517217114, 1925.3802727870152, 2117.4068056970414, 1996.9056436026008, 1910.1581619978626, 1909.5809087080263, 1811.8349839272746, 1821.2743550743332, 1855.7221459702082], [1546.0928346502035, 1599.735489883885, 1673.7501122531771, 1760.3752048372367, 1868.1890812438162, 1930.1577711440955, 1997.8877521895683, 1915.9334879571788, 1837.0091292485029, 1508.9717110217046, 1512.7089443776702, 1565.6957413329862, 1587.7876759835578, 1584.2545169685043, 1675.3909219894751, 1652.0619950766845, 1726.8140214484781, 1761.3710075739925, 1917.9022093877688, 1921.5958655656323, 1996.9056436026008, 2091.7015244902054, 1904.8462247066927, 1903.0087570247413, 1789.1725336288982, 1807.1295629622214, 1839.6772884322409], [1545.9533961819006, 1595.2030401885002, 1651.5367297393075, 1721.774955457323, 1844.6487284173652, 1862.1706622706897, 1926.6695637441437, 2009.0815534888895, 1933.0858724412321, 1519.980308963469, 1504.5320925908866, 1564.6490261108756, 1591.0122558450473, 1583.98