{"resp_b": 0.1, "restrained_fit": true, "exclude_hydrogens": true, "convergence_tolerance": 1e-06, "max_iter": 500, "resp_a": 0.0005, "charge_constraints": {"charge_sum_constraints": [], "charge_equivalence_constraints": [], "molecules": [{"qcmol": {"schema_name": "qcschema_molecule", "schema_version": 2, "validated": true, "symbols": ["C", "C", "C", "C", "C", "O", "H", "H", "H", "H", "H", "H", "H", "H", "H", "H"], "geometry": [[0.0, 0.0, 0.0], [2.887351517119917, 2.0466709900819086e-16, -8.611146938639848e-17], [4.007658052671186, 2.664444011350862, 4.440892098500626e-16], [6.907140209536713, 2.6584420463269427, -0.015617974665718015], [7.976602337832574, 5.2953560114118154, 0.0891244056324354], [9.39729648854843, 6.158258948143338, -1.4208176520485378], [-0.7410065427607062, 0.9567954272847687, -1.6576564794582818], [-0.7382770732878298, -1.9133186859082696, -0.0006688580884743889], [-0.742269286014665, 0.9561983214592609, 1.6578164960798454], [3.5721151420699515, -1.0226008875701211, -1.645265825102106], [3.572918734532861, -1.0237245052746409, 1.6453382165355188], [3.3229742600214536, 3.693579389313139, -1.6420342903198408], [3.3308362641183917, 3.6857214444624464, 1.652244687984276], [7.642922427097445, 1.7330079905172078, -1.6877515093105395], [7.595848811488925, 1.6361791595468382, 1.633241318038661], [7.34840129457525, 6.438934773314712, 1.6990997497958196]], "name": "C5H10O", "identifiers": {"molecule_hash": "e4a6036431021ec90abfc26407bfd0933541ae01", "molecular_formula": "C5H10O"}, "molecular_charge": 0.0, "molecular_multiplicity": 1, "connectivity": [[0, 1, 1.0], [0, 6, 1.0], [0, 7, 1.0], [0, 8, 1.0], [1, 2, 1.0], [1, 9, 1.0], [1, 10, 1.0], [2, 3, 1.0], [2, 11, 1.0], [2, 12, 1.0], [3, 4, 1.0], [3, 13, 1.0], [3, 14, 1.0], [4, 5, 2.0], [4, 15, 1.0]], "fix_com": true, "fix_orientation": true, "provenance": {"creator": "QCElemental", "version": "v0.22.0", "routine": "qcelemental.molparse.from_schema"}, "id": "49774"}, "charge": 0, "optimize_geometry": false, "conformers": [], "conformer_generation_options": {"n_conformer_pool": 4000, "n_max_conformers": 0, "rms_tolerance": 0.05, "energy_window": 15, "keep_original_conformer": true}, "stage_1_unrestrained_charges": null, "stage_1_restrained_charges": null, "stage_2_unrestrained_charges": null, "stage_2_restrained_charges": null, "keep_original_orientation": false, "reorientations": [], "translations": [], "rotations": []}], "unconstrained_atoms": [{"index": 0, "molecule": {"qcmol": {"schema_name": "qcschema_molecule", "schema_version": 2, "validated": true, "symbols": ["C", "C", "C", "C", "C", "O", "H", "H", "H", "H", "H", "H", "H", "H", "H", "H"], "geometry": [[0.0, 0.0, 0.0], [2.887351517119917, 2.0466709900819086e-16, -8.611146938639848e-17], [4.007658052671186, 2.664444011350862, 4.440892098500626e-16], [6.907140209536713, 2.6584420463269427, -0.015617974665718015], [7.976602337832574, 5.2953560114118154, 0.0891244056324354], [9.39729648854843, 6.158258948143338, -1.4208176520485378], [-0.7410065427607062, 0.9567954272847687, -1.6576564794582818], [-0.7382770732878298, -1.9133186859082696, -0.0006688580884743889], [-0.742269286014665, 0.9561983214592609, 1.6578164960798454], [3.5721151420699515, -1.0226008875701211, -1.645265825102106], [3.572918734532861, -1.0237245052746409, 1.6453382165355188], [3.3229742600214536, 3.693579389313139, -1.6420342903198408], [3.3308362641183917, 3.6857214444624464, 1.652244687984276], [7.642922427097445, 1.7330079905172078, -1.6877515093105395], [7.595848811488925, 1.6361791595468382, 1.633241318038661], [7.34840129457525, 6.438934773314712, 1.6990997497958196]], "name": "C5H10O", "identifiers": {"molecule_hash": "e4a6036431021ec90abfc26407bfd0933541ae01", "molecular_formula": "C5H10O"}, "molecular_charge": 0.0, "molecular_multiplicity": 1, "connectivity": [[0, 1, 1.0], [0, 6, 1.0], [0, 7, 1.0], [0, 8, 1.0], [1, 2, 1.0], [1, 9, 1.0], [1, 10, 1.0], [2, 3, 1.0], [2, 11, 1.0], [2, 12, 1.0], [3, 4, 1.0], [3, 13, 1.0], [3, 14, 1.0], [4, 5, 2.0], [4, 15, 1.0]], "fix_com": true, "fix_orientation": true, "provenance": {"creator": "QCElemental", "version": "v0.22.0", "routine": "qcelemental.molparse.from_schema"}, "id": "49774"}, "charge": 0, "optimize_geometry": false, "conformers": [], "conformer_generation_options": {"n_conformer_pool": 4000, "n_max_conformers": 0, "rms_tolerance": 0.05, "energy_window": 15, "keep_original_conformer": true}, "stage_1_unrestrained_charges": null, "stage_1_restrained_charges": null, "stage_2_unrestrained_charges": null, "stage_2_restrained_charges": null, "keep_original_orientation": false, "reorientations": [], "translations": [], "rotations": []}}, {"index": 1, "molecule": {"qcmol": {"schema_name": "qcschema_molecule", "schema_version": 2, "validated": true, "symbols": ["C", "C", "C", "C", "C", "O", "H", "H", "H", "H", "H", "H", "H", "H", "H", "H"], "geometry": [[0.0, 0.0, 0.0], [2.887351517119917, 2.0466709900819086e-16, -8.611146938639848e-17], [4.007658052671186, 2.664444011350862, 4.440892098500626e-16], [6.907140209536713, 2.6584420463269427, -0.015617974665718015], [7.976602337832574, 5.2953560114118154, 0.0891244056324354], [9.39729648854843, 6.158258948143338, -1.4208176520485378], [-0.7410065427607062, 0.9567954272847687, -1.6576564794582818], [-0.7382770732878298, -1.9133186859082696, -0.0006688580884743889], [-0.742269286014665, 0.9561983214592609, 1.6578164960798454], [3.5721151420699515, -1.0226008875701211, -1.645265825102106], [3.572918734532861, -1.0237245052746409, 1.6453382165355188], [3.3229742600214536, 3.693579389313139, -1.6420342903198408], [3.3308362641183917, 3.6857214444624464, 1.652244687984276], [7.642922427097445, 1.7330079905172078, -1.6877515093105395], [7.595848811488925, 1.6361791595468382, 1.633241318038661], [7.34840129457525, 6.438934773314712, 1.6990997497958196]], "name": "C5H10O", "identifiers": {"molecule_hash": "e4a6036431021ec90abfc26407bfd0933541ae01", "molecular_formula": "C5H10O"}, "molecular_charge": 0.0, "molecular_multiplicity": 1, "connectivity": [[0, 1, 1.0], [0, 6, 1.0], [0, 7, 1.0], [0, 8, 1.0], [1, 2, 1.0], [1, 9, 1.0], [1, 10, 1.0], [2, 3, 1.0], [2, 11, 1.0], [2, 12, 1.0], [3, 4, 1.0], [3, 13, 1.0], [3, 14, 1.0], [4, 5, 2.0], [4, 15, 1.0]], "fix_com": true, "fix_orientation": true, "provenance": {"creator": "QCElemental", "version": "v0.22.0", "routine": "qcelemental.molparse.from_schema"}, "id": "49774"}, "charge": 0, "optimize_geometry": false, "conformers": [], "conformer_generation_options": {"n_conformer_pool": 4000, "n_max_conformers": 0, "rms_tolerance": 0.05, "energy_window": 15, "keep_original_conformer": true}, "stage_1_unrestrained_charges": null, "stage_1_restrained_charges": null, "stage_2_unrestrained_charges": null, "stage_2_restrained_charges": null, "keep_original_orientation": false, "reorientations": [], "translations": [], "rotations": []}}, {"index": 2, "molecule": {"qcmol": {"schema_name": "qcschema_molecule", "schema_version": 2, "validated": true, "symbols": ["C", "C", "C", "C", "C", "O", "H", "H", "H", "H", "H", "H", "H", "H", "H", "H"], "geometry": [[0.0, 0.0, 0.0], [2.887351517119917, 2.0466709900819086e-16, -8.611146938639848e-17], [4.007658052671186, 2.664444011350862, 4.440892098500626e-16], [6.907140209536713, 2.6584420463269427, -0.015617974665718015], [7.976602337832574, 5.2953560114118154, 0.0891244056324354], [9.39729648854843, 6.158258948143338, -1.4208176520485378], [-0.7410065427607062, 0.9567954272847687, -1.6576564794582818], [-0.7382770732878298, -1.9133186859082696, -0.0006688580884743889], [-0.742269286014665, 0.9561983214592609, 1.6578164960798454], [3.5721151420699515, -1.0226008875701211, -1.645265825102106], [3.572918734532861, -1.0237245052746409, 1.6453382165355188], [3.3229742600214536, 3.693579389313139, -1.6420342903198408], [3.3308362641183917, 3.6857214444624464, 1.652244687984276], [7.642922427097445, 1.7330079905172078, -1.6877515093105395], [7.595848811488925, 1.6361791595468382, 1.633241318038661], [7.34840129457525, 6.438934773314712, 1.6990997497958196]], "name": "C5H10O", "identifiers": {"molecule_hash": "e4a6036431021ec90abfc26407bfd0933541ae01", "molecular_formula": "C5H10O"}, "molecular_charge": 0.0, "molecular_multiplicity": 1, "connectivity": [[0, 1, 1.0], [0, 6, 1.0], [0, 7, 1.0], [0, 8, 1.0], [1, 2, 1.0], [1, 9, 1.0], [1, 10, 1.0], [2, 3, 1.0], [2, 11, 1.0], [2, 12, 1.0], [3, 4, 1.0], [3, 13, 1.0], [3, 14, 1.0], [4, 5, 2.0], [4, 15, 1.0]], "fix_com": true, "fix_orientation": true, "provenance": {"creator": "QCElemental", "version": "v0.22.0", "routine": "qcelemental.molparse.from_schema"}, "id": "49774"}, "charge": 0, "optimize_geometry": false, "conformers": [], "conformer_generation_options": {"n_conformer_pool": 4000, "n_max_conformers": 0, "rms_tolerance": 0.05, "energy_window": 15, "keep_original_conformer": true}, "stage_1_unrestrained_charges": null, "stage_1_restrained_charges": null, "stage_2_unrestrained_charges": null, "stage_2_restrained_charges": null, "keep_original_orientation": false, "reorientations": [], "translations": [], "rotations": []}}, {"index": 3, "molecule": {"qcmol": {"schema_name": "qcschema_molecule", "schema_version": 2, "validated": true, "symbols": ["C", "C", "C", "C", "C", "O", "H", "H", "H", "H", "H", "H", "H", "H", "H", "H"], "geometry": [[0.0, 0.0, 0.0], [2.887351517119917, 2.0466709900819086e-16, -8.611146938639848e-17], [4.007658052671186, 2.664444011350862, 4.440892098500626e-16], [6.907140209536713, 2.6584420463269427, -0.015617974665718015], [7.976602337832574, 5.2953560114118154, 0.0891244056324354], [9.39729648854843, 6.158258948143338, -1.4208176520485378], [-0.7410065427607062, 0.9567954272847687, -1.6576564794582818], [-0.7382770732878298, -1.9133186859082696, -0.0006688580884743889], [-0.742269286014665, 0.9561983214592609, 1.6578164960798454], [3.5721151420699515, -1.0226008875701211, -1.645265825102106], [3.572918734532861, -1.0237245052746409, 1.6453382165355188], [3.3229742600214536, 3.693579389313139, -1.6420342903198408], [3.3308362641183917, 3.6857214444624464, 1.652244687984276], [7.642922427097445, 1.7330079905172078, -1.6877515093105395], [7.595848811488925, 1.6361791595468382, 1.633241318038661], [7.34840129457525, 6.438934773314712, 1.6990997497958196]], "name": "C5H10O", "identifiers": {"molecule_hash": "e4a6036431021ec90abfc26407bfd0933541ae01", "molecular_formula": "C5H10O"}, "molecular_charge": 0.0, "molecular_multiplicity": 1, "connectivity": [[0, 1, 1.0], [0, 6, 1.0], [0, 7, 1.0], [0, 8, 1.0], [1, 2, 1.0], [1, 9, 1.0], [1, 10, 1.0], [2, 3, 1.0], [2, 11, 1.0], [2, 12, 1.0], [3, 4, 1.0], [3, 13, 1.0], [3, 14, 1.0], [4, 5, 2.0], [4, 15, 1.0]], "fix_com": true, "fix_orientation": true, "provenance": {"creator": "QCElemental", "version": "v0.22.0", "routine": "qcelemental.molparse.from_schema"}, "id": "49774"}, "charge": 0, "optimize_geometry": false, "conformers": [], "conformer_generation_options": {"n_conformer_pool": 4000, "n_max_conformers": 0, "rms_tolerance": 0.05, "energy_window": 15, "keep_original_conformer": true}, "stage_1_unrestrained_charges": null, "stage_1_restrained_charges": null, "stage_2_unrestrained_charges": null, "stage_2_restrained_charges": null, "keep_original_orientation": false, "reorientations": [], "translations": [], "rotations": []}}]}, "surface_constraints": {"matrix": [[373770445040188.2, 362398835188837.3, 348631952933025.9, 334052099187872.25, 317953612951618.8, 306262296727532.0, 376432341549362.8, 375749263111907.8, 375511202334557.5, 361512700041833.0, 361192856908657.0, 349178956950582.0, 346204613039859.94, 333361073417305.94, 333208828296219.5, 314707868891029.44], [362398835188837.3, 370922356619115.8, 361420353748317.7, 347919220563015.2, 334647482447122.4, 323926761266599.4, 359693114815744.3, 359138802230542.25, 359053013052589.9, 375817695509378.6, 376047450379772.0, 361562256158361.25, 361364644568661.75, 346150816241392.5, 346372613448461.0, 331866481052878.06], [348631952933025.9, 361420353748317.7, 370924865333182.2, 361485825459033.7, 349433873434403.94, 338597890598580.44, 348571538839360.7, 343232583257952.3, 342139066664950.5, 360427593502504.9, 361280110123716.2, 376974542831911.9, 376550300556969.1, 360537029081310.56, 360824338033598.8, 347189510528148.9], [334052099187872.25, 347919220563015.2, 361485825459033.7, 371099670540287.56, 362824081585676.8, 354467688641662.75, 332973527568740.6, 330367061189116.44, 326417807596960.7, 350557628127847.0, 342529039497771.7, 361858465939566.75, 361428617016184.25, 376051142006523.56, 376333841817171.56, 359874148247681.8], [317953612951618.8, 334647482447122.4, 349433873434403.94, 362824081585676.8, 373475877289689.44, 372330395987668.7, 318410557510070.8, 312995627742523.2, 308074443422607.94, 340407298889972.7, 328022048249304.44, 348944932906892.94, 348788501163339.0, 362253513707035.6, 362494627933277.1, 377216792479954.75], [306262296727532.0, 323926761266599.4, 338597890598580.44, 354467688641662.75, 372330395987668.7, 386272840388644.9, 306233750595059.3, 301870159049387.8, 295675910788257.56, 331909455577260.0, 316213790845224.75, 336630858517878.06, 337677113025944.4, 352193827723794.5, 352436367885567.1, 367683213785621.2], [376432341549362.8, 359693114815744.3, 348571538839360.7, 332973527568740.6, 318410557510070.8, 306233750595059.3, 395003580418153.8, 372933838600963.75, 372507113313083.25, 355064915172210.0, 355796570013419.2, 353778713068904.44, 344081012009821.8, 332179142984416.3, 330471120094093.0, 316420237498730.9], [375749263111907.8, 359138802230542.25, 343232583257952.3, 330367061189116.44, 312995627742523.2, 301870159049387.8, 372933838600963.75, 393356344200949.44, 371882135271530.9, 359885454069042.25, 354105406212473.75, 341840386740406.94, 339956146124967.9, 329958698502324.75, 331590060965051.7, 308597152639336.06], [375511202334557.5, 359053013052589.9, 342139066664950.5, 326417807596960.7, 308074443422607.94, 295675910788257.56, 372507113313083.25, 371882135271530.9, 392877453085485.9, 355511645143492.0, 359161915234547.06, 340184409810875.0, 341019921803130.7, 326477169088163.2, 325833911550519.25, 304358234281197.44], [361512700041833.0, 375817695509378.6, 360427593502504.9, 350557628127847.0, 340407298889972.7, 331909455577260.0, 355064915172210.0, 359885454069042.25, 355511645143492.0, 395942091103867.94, 375426798089630.44, 355448626369797.3, 357686198814226.1, 350814551722541.6, 346800841737294.0, 337501172075940.9], [361192856908657.0, 376047450379772.0, 361280110123716.2, 342529039497771.7, 328022048249304.44, 316213790845224.75, 355796570013419.2, 354105406212473.75, 359161915234547.06, 375426798089630.44, 396180700915890.1, 361316479043389.0, 361335397700260.06, 337245071980901.44, 342000065023938.6, 325463568175016.06], [349178956950582.0, 361562256158361.25, 376974542831911.9, 361858465939566.75, 348944932906892.94, 336630858517878.06, 353778713068904.44, 341840386740406.94, 340184409810875.0, 355448626369797.3, 361316479043389.0, 398286982677061.9, 376807018961332.1, 357047006292322.56, 361179517857303.06, 347407910232443.4], [346204613039859.94, 361364644568661.75, 376550300556969.1, 361428617016184.25, 348788501163339.0, 337677113025944.4, 344081012009821.8, 339956146124967.9, 341019921803130.7, 357686198814226.1, 361335397700260.06, 376807018961332.1, 397288005104779.6, 360303251167675.7, 356799819049297.8, 346663168166871.7], [333361073417305.94, 346150816241392.5, 360537029081310.56, 376051142006523.56, 362253513707035.6, 352193827723794.5, 332179142984416.3, 329958698502324.75, 326477169088163.2, 350814551722541.6, 337245071980901.44, 357047006292322.56, 360303251167675.7, 395969060457281.1, 375555845077909.4, 356844134703408.06], [333208828296219.5, 346372613448461.0, 360824338033598.8, 376333841817171.56, 362494627933277.1, 352436367885567.1, 330471120094093.0, 331590060965051.7, 325833911550519.25, 346800841737294.0, 342000065023938.6, 361179517857303.06, 356799819049297.8, 375555845077909.4, 396533735083820.44, 356987963877213.75], [314707868891029.44, 331866481052878.06, 347189510528148.9, 359874148247681.8, 377216792479954.75, 367683213785621.2, 316420237498730.9, 308597152639336.06, 304358234281197.44, 337501172075940.9, 325463568175016.06, 347407910232443.4, 346663168166871.7, 356844134703408.06, 356987963877213.75, 396738074825354.1], [9154853302017.104, 8433797315038.507, 8000203618360.603, 5496203281547.241, -621002850720.2177, -9735533641150.955, 9255601257125.227, 8903656974219.37, 9816188731381.326, 6863692712908.735, 9478727149646.158, 9048835827793.217, 8350422433703.415, 6814935385043.543, 6831023008619.108, 3340311931897.552]]}}