{"resp_b": 0.1, "restrained_fit": true, "exclude_hydrogens": true, "convergence_tolerance": 1e-06, "max_iter": 500, "resp_a": 0.0005, "charge_constraints": {"charge_sum_constraints": [], "charge_equivalence_constraints": [], "molecules": [{"qcmol": {"schema_name": "qcschema_molecule", "schema_version": 2, "validated": true, "symbols": ["C", "C", "C", "C", "C", "O", "H", "H", "H", "H", "H", "H", "H", "H", "H", "H"], "geometry": [[0.0, 0.0, 0.0], [2.887351517119917, 2.0466709900819086e-16, -8.611146938639848e-17], [4.007658052671186, 2.664444011350862, 4.440892098500626e-16], [6.907140209536713, 2.6584420463269427, -0.015617974665718015], [7.976602337832574, 5.2953560114118154, 0.0891244056324354], [9.39729648854843, 6.158258948143338, -1.4208176520485378], [-0.7410065427607062, 0.9567954272847687, -1.6576564794582818], [-0.7382770732878298, -1.9133186859082696, -0.0006688580884743889], [-0.742269286014665, 0.9561983214592609, 1.6578164960798454], [3.5721151420699515, -1.0226008875701211, -1.645265825102106], [3.572918734532861, -1.0237245052746409, 1.6453382165355188], [3.3229742600214536, 3.693579389313139, -1.6420342903198408], [3.3308362641183917, 3.6857214444624464, 1.652244687984276], [7.642922427097445, 1.7330079905172078, -1.6877515093105395], [7.595848811488925, 1.6361791595468382, 1.633241318038661], [7.34840129457525, 6.438934773314712, 1.6990997497958196]], "name": "C5H10O", "identifiers": {"molecule_hash": "e4a6036431021ec90abfc26407bfd0933541ae01", "molecular_formula": "C5H10O"}, "molecular_charge": 0.0, "molecular_multiplicity": 1, "connectivity": [[0, 1, 1.0], [0, 6, 1.0], [0, 7, 1.0], [0, 8, 1.0], [1, 2, 1.0], [1, 9, 1.0], [1, 10, 1.0], [2, 3, 1.0], [2, 11, 1.0], [2, 12, 1.0], [3, 4, 1.0], [3, 13, 1.0], [3, 14, 1.0], [4, 5, 2.0], [4, 15, 1.0]], "fix_com": true, "fix_orientation": true, "provenance": {"creator": "QCElemental", "version": "v0.22.0", "routine": "qcelemental.molparse.from_schema"}, "id": "49774"}, "charge": 0, "optimize_geometry": false, "conformers": [], "conformer_generation_options": {"n_conformer_pool": 4000, "n_max_conformers": 0, "rms_tolerance": 0.05, "energy_window": 15, "keep_original_conformer": true}, "stage_1_unrestrained_charges": null, "stage_1_restrained_charges": null, "stage_2_unrestrained_charges": null, "stage_2_restrained_charges": null, "keep_original_orientation": false, "reorientations": [], "translations": [], "rotations": []}], "unconstrained_atoms": [{"index": 0, "molecule": {"qcmol": {"schema_name": "qcschema_molecule", "schema_version": 2, "validated": true, "symbols": ["C", "C", "C", "C", "C", "O", "H", "H", "H", "H", "H", "H", "H", "H", "H", "H"], "geometry": [[0.0, 0.0, 0.0], [2.887351517119917, 2.0466709900819086e-16, -8.611146938639848e-17], [4.007658052671186, 2.664444011350862, 4.440892098500626e-16], [6.907140209536713, 2.6584420463269427, -0.015617974665718015], [7.976602337832574, 5.2953560114118154, 0.0891244056324354], [9.39729648854843, 6.158258948143338, -1.4208176520485378], [-0.7410065427607062, 0.9567954272847687, -1.6576564794582818], [-0.7382770732878298, -1.9133186859082696, -0.0006688580884743889], [-0.742269286014665, 0.9561983214592609, 1.6578164960798454], [3.5721151420699515, -1.0226008875701211, -1.645265825102106], [3.572918734532861, -1.0237245052746409, 1.6453382165355188], [3.3229742600214536, 3.693579389313139, -1.6420342903198408], [3.3308362641183917, 3.6857214444624464, 1.652244687984276], [7.642922427097445, 1.7330079905172078, -1.6877515093105395], [7.595848811488925, 1.6361791595468382, 1.633241318038661], [7.34840129457525, 6.438934773314712, 1.6990997497958196]], "name": "C5H10O", "identifiers": {"molecule_hash": "e4a6036431021ec90abfc26407bfd0933541ae01", "molecular_formula": "C5H10O"}, "molecular_charge": 0.0, "molecular_multiplicity": 1, "connectivity": [[0, 1, 1.0], [0, 6, 1.0], [0, 7, 1.0], [0, 8, 1.0], [1, 2, 1.0], [1, 9, 1.0], [1, 10, 1.0], [2, 3, 1.0], [2, 11, 1.0], [2, 12, 1.0], [3, 4, 1.0], [3, 13, 1.0], [3, 14, 1.0], [4, 5, 2.0], [4, 15, 1.0]], "fix_com": true, "fix_orientation": true, "provenance": {"creator": "QCElemental", "version": "v0.22.0", "routine": "qcelemental.molparse.from_schema"}, "id": "49774"}, "charge": 0, "optimize_geometry": false, "conformers": [], "conformer_generation_options": {"n_conformer_pool": 4000, "n_max_conformers": 0, "rms_tolerance": 0.05, "energy_window": 15, "keep_original_conformer": true}, "stage_1_unrestrained_charges": null, "stage_1_restrained_charges": null, "stage_2_unrestrained_charges": null, "stage_2_restrained_charges": null, "keep_original_orientation": false, "reorientations": [], "translations": [], "rotations": []}}, {"index": 1, "molecule": {"qcmol": {"schema_name": "qcschema_molecule", "schema_version": 2, "validated": true, "symbols": ["C", "C", "C", "C", "C", "O", "H", "H", "H", "H", "H", "H", "H", "H", "H", "H"], "geometry": [[0.0, 0.0, 0.0], [2.887351517119917, 2.0466709900819086e-16, -8.611146938639848e-17], [4.007658052671186, 2.664444011350862, 4.440892098500626e-16], [6.907140209536713, 2.6584420463269427, -0.015617974665718015], [7.976602337832574, 5.2953560114118154, 0.0891244056324354], [9.39729648854843, 6.158258948143338, -1.4208176520485378], [-0.7410065427607062, 0.9567954272847687, -1.6576564794582818], [-0.7382770732878298, -1.9133186859082696, -0.0006688580884743889], [-0.742269286014665, 0.9561983214592609, 1.6578164960798454], [3.5721151420699515, -1.0226008875701211, -1.645265825102106], [3.572918734532861, -1.0237245052746409, 1.6453382165355188], [3.3229742600214536, 3.693579389313139, -1.6420342903198408], [3.3308362641183917, 3.6857214444624464, 1.652244687984276], [7.642922427097445, 1.7330079905172078, -1.6877515093105395], [7.595848811488925, 1.6361791595468382, 1.633241318038661], [7.34840129457525, 6.438934773314712, 1.6990997497958196]], "name": "C5H10O", "identifiers": {"molecule_hash": "e4a6036431021ec90abfc26407bfd0933541ae01", "molecular_formula": "C5H10O"}, "molecular_charge": 0.0, "molecular_multiplicity": 1, "connectivity": [[0, 1, 1.0], [0, 6, 1.0], [0, 7, 1.0], [0, 8, 1.0], [1, 2, 1.0], [1, 9, 1.0], [1, 10, 1.0], [2, 3, 1.0], [2, 11, 1.0], [2, 12, 1.0], [3, 4, 1.0], [3, 13, 1.0], [3, 14, 1.0], [4, 5, 2.0], [4, 15, 1.0]], "fix_com": true, "fix_orientation": true, "provenance": {"creator": "QCElemental", "version": "v0.22.0", "routine": "qcelemental.molparse.from_schema"}, "id": "49774"}, "charge": 0, "optimize_geometry": false, "conformers": [], "conformer_generation_options": {"n_conformer_pool": 4000, "n_max_conformers": 0, "rms_tolerance": 0.05, "energy_window": 15, "keep_original_conformer": true}, "stage_1_unrestrained_charges": null, "stage_1_restrained_charges": null, "stage_2_unrestrained_charges": null, "stage_2_restrained_charges": null, "keep_original_orientation": false, "reorientations": [], "translations": [], "rotations": []}}, {"index": 2, "molecule": {"qcmol": {"schema_name": "qcschema_molecule", "schema_version": 2, "validated": true, "symbols": ["C", "C", "C", "C", "C", "O", "H", "H", "H", "H", "H", "H", "H", "H", "H", "H"], "geometry": [[0.0, 0.0, 0.0], [2.887351517119917, 2.0466709900819086e-16, -8.611146938639848e-17], [4.007658052671186, 2.664444011350862, 4.440892098500626e-16], [6.907140209536713, 2.6584420463269427, -0.015617974665718015], [7.976602337832574, 5.2953560114118154, 0.0891244056324354], [9.39729648854843, 6.158258948143338, -1.4208176520485378], [-0.7410065427607062, 0.9567954272847687, -1.6576564794582818], [-0.7382770732878298, -1.9133186859082696, -0.0006688580884743889], [-0.742269286014665, 0.9561983214592609, 1.6578164960798454], [3.5721151420699515, -1.0226008875701211, -1.645265825102106], [3.572918734532861, -1.0237245052746409, 1.6453382165355188], [3.3229742600214536, 3.693579389313139, -1.6420342903198408], [3.3308362641183917, 3.6857214444624464, 1.652244687984276], [7.642922427097445, 1.7330079905172078, -1.6877515093105395], [7.595848811488925, 1.6361791595468382, 1.633241318038661], [7.34840129457525, 6.438934773314712, 1.6990997497958196]], "name": "C5H10O", "identifiers": {"molecule_hash": "e4a6036431021ec90abfc26407bfd0933541ae01", "molecular_formula": "C5H10O"}, "molecular_charge": 0.0, "molecular_multiplicity": 1, "connectivity": [[0, 1, 1.0], [0, 6, 1.0], [0, 7, 1.0], [0, 8, 1.0], [1, 2, 1.0], [1, 9, 1.0], [1, 10, 1.0], [2, 3, 1.0], [2, 11, 1.0], [2, 12, 1.0], [3, 4, 1.0], [3, 13, 1.0], [3, 14, 1.0], [4, 5, 2.0], [4, 15, 1.0]], "fix_com": true, "fix_orientation": true, "provenance": {"creator": "QCElemental", "version": "v0.22.0", "routine": "qcelemental.molparse.from_schema"}, "id": "49774"}, "charge": 0, "optimize_geometry": false, "conformers": [], "conformer_generation_options": {"n_conformer_pool": 4000, "n_max_conformers": 0, "rms_tolerance": 0.05, "energy_window": 15, "keep_original_conformer": true}, "stage_1_unrestrained_charges": null, "stage_1_restrained_charges": null, "stage_2_unrestrained_charges": null, "stage_2_restrained_charges": null, "keep_original_orientation": false, "reorientations": [], "translations": [], "rotations": []}}, {"index": 3, "molecule": {"qcmol": {"schema_name": "qcschema_molecule", "schema_version": 2, "validated": true, "symbols": ["C", "C", "C", "C", "C", "O", "H", "H", "H", "H", "H", "H", "H", "H", "H", "H"], "geometry": [[0.0, 0.0, 0.0], [2.887351517119917, 2.0466709900819086e-16, -8.611146938639848e-17], [4.007658052671186, 2.664444011350862, 4.440892098500626e-16], [6.907140209536713, 2.6584420463269427, -0.015617974665718015], [7.976602337832574, 5.2953560114118154, 0.0891244056324354], [9.39729648854843, 6.158258948143338, -1.4208176520485378], [-0.7410065427607062, 0.9567954272847687, -1.6576564794582818], [-0.7382770732878298, -1.9133186859082696, -0.0006688580884743889], [-0.742269286014665, 0.9561983214592609, 1.6578164960798454], [3.5721151420699515, -1.0226008875701211, -1.645265825102106], [3.572918734532861, -1.0237245052746409, 1.6453382165355188], [3.3229742600214536, 3.693579389313139, -1.6420342903198408], [3.3308362641183917, 3.6857214444624464, 1.652244687984276], [7.642922427097445, 1.7330079905172078, -1.6877515093105395], [7.595848811488925, 1.6361791595468382, 1.633241318038661], [7.34840129457525, 6.438934773314712, 1.6990997497958196]], "name": "C5H10O", "identifiers": {"molecule_hash": "e4a6036431021ec90abfc26407bfd0933541ae01", "molecular_formula": "C5H10O"}, "molecular_charge": 0.0, "molecular_multiplicity": 1, "connectivity": [[0, 1, 1.0], [0, 6, 1.0], [0, 7, 1.0], [0, 8, 1.0], [1, 2, 1.0], [1, 9, 1.0], [1, 10, 1.0], [2, 3, 1.0], [2, 11, 1.0], [2, 12, 1.0], [3, 4, 1.0], [3, 13, 1.0], [3, 14, 1.0], [4, 5, 2.0], [4, 15, 1.0]], "fix_com": true, "fix_orientation": true, "provenance": {"creator": "QCElemental", "version": "v0.22.0", "routine": "qcelemental.molparse.from_schema"}, "id": "49774"}, "charge": 0, "optimize_geometry": false, "conformers": [], "conformer_generation_options": {"n_conformer_pool": 4000, "n_max_conformers": 0, "rms_tolerance": 0.05, "energy_window": 15, "keep_original_conformer": true}, "stage_1_unrestrained_charges": null, "stage_1_restrained_charges": null, "stage_2_unrestrained_charges": null, "stage_2_restrained_charges": null, "keep_original_orientation": false, "reorientations": [], "translations": [], "rotations": []}}]}, "surface_constraints": {"matrix": [[373751002824141.6, 362379982154194.44, 348613817205337.56, 334034738908487.1, 317937074295349.8, 306246376036847.06, 376412762572807.3, 375729721554406.6, 375491667264650.5, 361493891956006.5, 361174065185297.7, 349160793131061.06, 346186590323269.25, 333343760282342.56, 333191525086472.0, 314691477062032.2], [362379982154194.44, 370903058942573.9, 361401552317357.4, 347901122859730.2, 334630061981685.5, 323909898415583.7, 359674403800455.2, 359120121613650.9, 359034332425778.75, 375798141956448.8, 376027884891391.44, 361543448107949.7, 361345846098929.4, 346132822023065.2, 346354597202964.1, 331849195585272.1], [348613817205337.56, 361401552317357.4, 370905570824901.25, 361467023334815.3, 349415699546433.7, 338580280268154.3, 348553412905009.06, 343214738927591.56, 342121253568305.0, 360408842732782.0, 361261315553376.06, 376954934608492.7, 376530712653282.75, 360518276411372.94, 360805570995047.9, 347171452376053.1], [334034738908487.1, 347901122859730.2, 361467023334815.3, 371080370578537.56, 362805212689537.94, 354449254666927.06, 332956232442358.75, 330349913376789.75, 326400827415864.25, 350539392714614.5, 342511207507587.3, 361839645316689.75, 361409816478003.1, 376031585129775.0, 376314270800348.94, 359855431004162.2], [317937074295349.8, 334630061981685.5, 349415699546433.7, 362805212689537.94, 373456453685387.4, 372311032050176.25, 318394002941979.0, 312979365820642.75, 308058402567101.25, 340389570500914.75, 328004957852690.4, 348926787983254.7, 348770369693969.6, 362234675126617.4, 362475777489438.06, 377197172187382.25], [306246376036847.06, 323909898415583.7, 338580280268154.3, 354449254666927.06, 372311032050176.25, 386252751724553.7, 306217843922794.4, 301854487449614.8, 295660524756936.25, 331892164280942.6, 316197311366388.0, 336613358888665.56, 337659554425550.75, 352175506860321.6, 352418046970006.06, 367664089174017.0], [376412762572807.3, 359674403800455.2, 348553412905009.06, 332956232442358.75, 318394002941979.0, 306217843922794.4, 394983037446085.7, 372914445423127.44, 372487736145313.25, 355046432561644.75, 355778066470105.44, 353760320144841.94, 344063104240829.4, 332161893609151.7, 330453976843038.75, 316403758232966.94], [375729721554406.6, 359120121613650.9, 343214738927591.56, 330349913376789.75, 312979365820642.75, 301854487449614.8, 372914445423127.44, 393335890491058.3, 371862792925678.94, 359866733950943.75, 354086978311974.94, 341822615637445.2, 339938455094669.9, 329941587795166.2, 331572866924066.1, 308581094018582.44], [375491667264650.5, 359034332425778.75, 342121253568305.0, 326400827415864.25, 308058402567101.25, 295660524756936.25, 372487736145313.25, 371862792925678.94, 392857011022904.44, 355493158342625.94, 359143228852686.3, 340166694412930.8, 341002150606050.06, 326460198490690.7, 325816971151810.9, 304342366140693.8], [361493891956006.5, 375798141956448.8, 360408842732782.0, 350539392714614.5, 340389570500914.75, 331892164280942.6, 355046432561644.75, 359866733950943.75, 355493158342625.94, 395921489576166.25, 375407263309372.75, 355430127178400.5, 357667598501043.44, 350796323081268.56, 346782801058088.4, 337483585984665.5], [361174065185297.7, 376027884891391.44, 361261315553376.06, 342511207507587.3, 328004957852690.4, 316197311366388.0, 355778066470105.44, 354086978311974.94, 359143228852686.3, 375407263309372.75, 396160086639434.3, 361297691662297.2, 361316604772480.75, 337227525414652.9, 341982253126400.9, 325446605016004.94], [349160793131061.06, 361543448107949.7, 376954934608492.7, 361839645316689.75, 348926787983254.7, 336613358888665.56, 353760320144841.94, 341822615637445.2, 340166694412930.8, 355430127178400.5, 361297691662297.2, 398266266904797.2, 376787418779086.4, 357028423566258.2, 361160742988962.0, 347389839200144.6], [346186590323269.25, 361345846098929.4, 376530712653282.75, 361409816478003.1, 348770369693969.6, 337659554425550.75, 344063104240829.4, 339938455094669.9, 341002150606050.06, 357667598501043.44, 361316604772480.75, 376787418779086.4, 397267337300872.4, 360284511353615.6, 356781249722341.1, 346645159304524.44], [333343760282342.56, 346132822023065.2, 360518276411372.94, 376031585129775.0, 362234675126617.4, 352175506860321.6, 332161893609151.7, 329941587795166.2, 326460198490690.7, 350796323081268.56, 337227525414652.9, 357028423566258.2, 360284511353615.6, 395948468869542.2, 375536315497270.1, 356825581734755.8], [333191525086472.0, 346354597202964.1, 360805570995047.9, 376314270800348.94, 362475777489438.06, 352418046970006.06, 330453976843038.75, 331572866924066.1, 325816971151810.9, 346782801058088.4, 341982253126400.9, 361160742988962.0, 356781249722341.1, 375536315497270.1, 396513114129464.0, 356969391777623.1], [314691477062032.2, 331849195585272.1, 347171452376053.1, 359855431004162.2, 377197172187382.25, 367664089174017.0, 316403758232966.94, 308581094018582.44, 304342366140693.8, 337483585984665.5, 325446605016004.94, 347389839200144.6, 346645159304524.44, 356825581734755.8, 356969391777623.1, 396717437341116.8], [7835156237707.406, 7234893550166.605, 6723166172489.937, 4582522872215.9, -425045408423.5847, -7716416824076.636, 7886800913441.359, 7677043853555.645, 8378838267847.261, 6076241613183.208, 8075771044911.729, 7495225245173.543, 7054533257182.647, 5621897164389.487, 5618798107800.216, 2568660554330.017]]}}