{"resp_b": 0.1, "restrained_fit": true, "exclude_hydrogens": true, "convergence_tolerance": 1e-06, "max_iter": 500, "resp_a": 0.0005, "charge_constraints": {"charge_sum_constraints": [], "charge_equivalence_constraints": [], "molecules": [{"qcmol": {"schema_name": "qcschema_molecule", "schema_version": 2, "validated": true, "symbols": ["C", "C", "C", "C", "C", "O", "H", "H", "H", "H", "H", "H", "H", "H", "H", "H"], "geometry": [[0.0, 0.0, 0.0], [2.887351517119917, 2.0466709900819086e-16, -8.611146938639848e-17], [4.007658052671186, 2.664444011350862, 4.440892098500626e-16], [6.907140209536713, 2.6584420463269427, -0.015617974665718015], [7.976602337832574, 5.2953560114118154, 0.0891244056324354], [9.39729648854843, 6.158258948143338, -1.4208176520485378], [-0.7410065427607062, 0.9567954272847687, -1.6576564794582818], [-0.7382770732878298, -1.9133186859082696, -0.0006688580884743889], [-0.742269286014665, 0.9561983214592609, 1.6578164960798454], [3.5721151420699515, -1.0226008875701211, -1.645265825102106], [3.572918734532861, -1.0237245052746409, 1.6453382165355188], [3.3229742600214536, 3.693579389313139, -1.6420342903198408], [3.3308362641183917, 3.6857214444624464, 1.652244687984276], [7.642922427097445, 1.7330079905172078, -1.6877515093105395], [7.595848811488925, 1.6361791595468382, 1.633241318038661], [7.34840129457525, 6.438934773314712, 1.6990997497958196]], "name": "C5H10O", "identifiers": {"molecule_hash": "e4a6036431021ec90abfc26407bfd0933541ae01", "molecular_formula": "C5H10O"}, "molecular_charge": 0.0, "molecular_multiplicity": 1, "connectivity": [[0, 1, 1.0], [0, 6, 1.0], [0, 7, 1.0], [0, 8, 1.0], [1, 2, 1.0], [1, 9, 1.0], [1, 10, 1.0], [2, 3, 1.0], [2, 11, 1.0], [2, 12, 1.0], [3, 4, 1.0], [3, 13, 1.0], [3, 14, 1.0], [4, 5, 2.0], [4, 15, 1.0]], "fix_com": true, "fix_orientation": true, "provenance": {"creator": "QCElemental", "version": "v0.22.0", "routine": "qcelemental.molparse.from_schema"}, "id": "49774"}, "charge": 0, "optimize_geometry": false, "conformers": [], "conformer_generation_options": {"n_conformer_pool": 4000, "n_max_conformers": 0, "rms_tolerance": 0.05, "energy_window": 15, "keep_original_conformer": true}, "stage_1_unrestrained_charges": null, "stage_1_restrained_charges": null, "stage_2_unrestrained_charges": null, "stage_2_restrained_charges": null, "keep_original_orientation": false, "reorientations": [], "translations": [], "rotations": []}], "unconstrained_atoms": [{"index": 0, "molecule": {"qcmol": {"schema_name": "qcschema_molecule", "schema_version": 2, "validated": true, "symbols": ["C", "C", "C", "C", "C", "O", "H", "H", "H", "H", "H", "H", "H", "H", "H", "H"], "geometry": [[0.0, 0.0, 0.0], [2.887351517119917, 2.0466709900819086e-16, -8.611146938639848e-17], [4.007658052671186, 2.664444011350862, 4.440892098500626e-16], [6.907140209536713, 2.6584420463269427, -0.015617974665718015], [7.976602337832574, 5.2953560114118154, 0.0891244056324354], [9.39729648854843, 6.158258948143338, -1.4208176520485378], [-0.7410065427607062, 0.9567954272847687, -1.6576564794582818], [-0.7382770732878298, -1.9133186859082696, -0.0006688580884743889], [-0.742269286014665, 0.9561983214592609, 1.6578164960798454], [3.5721151420699515, -1.0226008875701211, -1.645265825102106], [3.572918734532861, -1.0237245052746409, 1.6453382165355188], [3.3229742600214536, 3.693579389313139, -1.6420342903198408], [3.3308362641183917, 3.6857214444624464, 1.652244687984276], [7.642922427097445, 1.7330079905172078, -1.6877515093105395], [7.595848811488925, 1.6361791595468382, 1.633241318038661], [7.34840129457525, 6.438934773314712, 1.6990997497958196]], "name": "C5H10O", "identifiers": {"molecule_hash": "e4a6036431021ec90abfc26407bfd0933541ae01", "molecular_formula": "C5H10O"}, "molecular_charge": 0.0, "molecular_multiplicity": 1, "connectivity": [[0, 1, 1.0], [0, 6, 1.0], [0, 7, 1.0], [0, 8, 1.0], [1, 2, 1.0], [1, 9, 1.0], [1, 10, 1.0], [2, 3, 1.0], [2, 11, 1.0], [2, 12, 1.0], [3, 4, 1.0], [3, 13, 1.0], [3, 14, 1.0], [4, 5, 2.0], [4, 15, 1.0]], "fix_com": true, "fix_orientation": true, "provenance": {"creator": "QCElemental", "version": "v0.22.0", "routine": "qcelemental.molparse.from_schema"}, "id": "49774"}, "charge": 0, "optimize_geometry": false, "conformers": [], "conformer_generation_options": {"n_conformer_pool": 4000, "n_max_conformers": 0, "rms_tolerance": 0.05, "energy_window": 15, "keep_original_conformer": true}, "stage_1_unrestrained_charges": null, "stage_1_restrained_charges": null, "stage_2_unrestrained_charges": null, "stage_2_restrained_charges": null, "keep_original_orientation": false, "reorientations": [], "translations": [], "rotations": []}}, {"index": 1, "molecule": {"qcmol": {"schema_name": "qcschema_molecule", "schema_version": 2, "validated": true, "symbols": ["C", "C", "C", "C", "C", "O", "H", "H", "H", "H", "H", "H", "H", "H", "H", "H"], "geometry": [[0.0, 0.0, 0.0], [2.887351517119917, 2.0466709900819086e-16, -8.611146938639848e-17], [4.007658052671186, 2.664444011350862, 4.440892098500626e-16], [6.907140209536713, 2.6584420463269427, -0.015617974665718015], [7.976602337832574, 5.2953560114118154, 0.0891244056324354], [9.39729648854843, 6.158258948143338, -1.4208176520485378], [-0.7410065427607062, 0.9567954272847687, -1.6576564794582818], [-0.7382770732878298, -1.9133186859082696, -0.0006688580884743889], [-0.742269286014665, 0.9561983214592609, 1.6578164960798454], [3.5721151420699515, -1.0226008875701211, -1.645265825102106], [3.572918734532861, -1.0237245052746409, 1.6453382165355188], [3.3229742600214536, 3.693579389313139, -1.6420342903198408], [3.3308362641183917, 3.6857214444624464, 1.652244687984276], [7.642922427097445, 1.7330079905172078, -1.6877515093105395], [7.595848811488925, 1.6361791595468382, 1.633241318038661], [7.34840129457525, 6.438934773314712, 1.6990997497958196]], "name": "C5H10O", "identifiers": {"molecule_hash": "e4a6036431021ec90abfc26407bfd0933541ae01", "molecular_formula": "C5H10O"}, "molecular_charge": 0.0, "molecular_multiplicity": 1, "connectivity": [[0, 1, 1.0], [0, 6, 1.0], [0, 7, 1.0], [0, 8, 1.0], [1, 2, 1.0], [1, 9, 1.0], [1, 10, 1.0], [2, 3, 1.0], [2, 11, 1.0], [2, 12, 1.0], [3, 4, 1.0], [3, 13, 1.0], [3, 14, 1.0], [4, 5, 2.0], [4, 15, 1.0]], "fix_com": true, "fix_orientation": true, "provenance": {"creator": "QCElemental", "version": "v0.22.0", "routine": "qcelemental.molparse.from_schema"}, "id": "49774"}, "charge": 0, "optimize_geometry": false, "conformers": [], "conformer_generation_options": {"n_conformer_pool": 4000, "n_max_conformers": 0, "rms_tolerance": 0.05, "energy_window": 15, "keep_original_conformer": true}, "stage_1_unrestrained_charges": null, "stage_1_restrained_charges": null, "stage_2_unrestrained_charges": null, "stage_2_restrained_charges": null, "keep_original_orientation": false, "reorientations": [], "translations": [], "rotations": []}}, {"index": 2, "molecule": {"qcmol": {"schema_name": "qcschema_molecule", "schema_version": 2, "validated": true, "symbols": ["C", "C", "C", "C", "C", "O", "H", "H", "H", "H", "H", "H", "H", "H", "H", "H"], "geometry": [[0.0, 0.0, 0.0], [2.887351517119917, 2.0466709900819086e-16, -8.611146938639848e-17], [4.007658052671186, 2.664444011350862, 4.440892098500626e-16], [6.907140209536713, 2.6584420463269427, -0.015617974665718015], [7.976602337832574, 5.2953560114118154, 0.0891244056324354], [9.39729648854843, 6.158258948143338, -1.4208176520485378], [-0.7410065427607062, 0.9567954272847687, -1.6576564794582818], [-0.7382770732878298, -1.9133186859082696, -0.0006688580884743889], [-0.742269286014665, 0.9561983214592609, 1.6578164960798454], [3.5721151420699515, -1.0226008875701211, -1.645265825102106], [3.572918734532861, -1.0237245052746409, 1.6453382165355188], [3.3229742600214536, 3.693579389313139, -1.6420342903198408], [3.3308362641183917, 3.6857214444624464, 1.652244687984276], [7.642922427097445, 1.7330079905172078, -1.6877515093105395], [7.595848811488925, 1.6361791595468382, 1.633241318038661], [7.34840129457525, 6.438934773314712, 1.6990997497958196]], "name": "C5H10O", "identifiers": {"molecule_hash": "e4a6036431021ec90abfc26407bfd0933541ae01", "molecular_formula": "C5H10O"}, "molecular_charge": 0.0, "molecular_multiplicity": 1, "connectivity": [[0, 1, 1.0], [0, 6, 1.0], [0, 7, 1.0], [0, 8, 1.0], [1, 2, 1.0], [1, 9, 1.0], [1, 10, 1.0], [2, 3, 1.0], [2, 11, 1.0], [2, 12, 1.0], [3, 4, 1.0], [3, 13, 1.0], [3, 14, 1.0], [4, 5, 2.0], [4, 15, 1.0]], "fix_com": true, "fix_orientation": true, "provenance": {"creator": "QCElemental", "version": "v0.22.0", "routine": "qcelemental.molparse.from_schema"}, "id": "49774"}, "charge": 0, "optimize_geometry": false, "conformers": [], "conformer_generation_options": {"n_conformer_pool": 4000, "n_max_conformers": 0, "rms_tolerance": 0.05, "energy_window": 15, "keep_original_conformer": true}, "stage_1_unrestrained_charges": null, "stage_1_restrained_charges": null, "stage_2_unrestrained_charges": null, "stage_2_restrained_charges": null, "keep_original_orientation": false, "reorientations": [], "translations": [], "rotations": []}}, {"index": 3, "molecule": {"qcmol": {"schema_name": "qcschema_molecule", "schema_version": 2, "validated": true, "symbols": ["C", "C", "C", "C", "C", "O", "H", "H", "H", "H", "H", "H", "H", "H", "H", "H"], "geometry": [[0.0, 0.0, 0.0], [2.887351517119917, 2.0466709900819086e-16, -8.611146938639848e-17], [4.007658052671186, 2.664444011350862, 4.440892098500626e-16], [6.907140209536713, 2.6584420463269427, -0.015617974665718015], [7.976602337832574, 5.2953560114118154, 0.0891244056324354], [9.39729648854843, 6.158258948143338, -1.4208176520485378], [-0.7410065427607062, 0.9567954272847687, -1.6576564794582818], [-0.7382770732878298, -1.9133186859082696, -0.0006688580884743889], [-0.742269286014665, 0.9561983214592609, 1.6578164960798454], [3.5721151420699515, -1.0226008875701211, -1.645265825102106], [3.572918734532861, -1.0237245052746409, 1.6453382165355188], [3.3229742600214536, 3.693579389313139, -1.6420342903198408], [3.3308362641183917, 3.6857214444624464, 1.652244687984276], [7.642922427097445, 1.7330079905172078, -1.6877515093105395], [7.595848811488925, 1.6361791595468382, 1.633241318038661], [7.34840129457525, 6.438934773314712, 1.6990997497958196]], "name": "C5H10O", "identifiers": {"molecule_hash": "e4a6036431021ec90abfc26407bfd0933541ae01", "molecular_formula": "C5H10O"}, "molecular_charge": 0.0, "molecular_multiplicity": 1, "connectivity": [[0, 1, 1.0], [0, 6, 1.0], [0, 7, 1.0], [0, 8, 1.0], [1, 2, 1.0], [1, 9, 1.0], [1, 10, 1.0], [2, 3, 1.0], [2, 11, 1.0], [2, 12, 1.0], [3, 4, 1.0], [3, 13, 1.0], [3, 14, 1.0], [4, 5, 2.0], [4, 15, 1.0]], "fix_com": true, "fix_orientation": true, "provenance": {"creator": "QCElemental", "version": "v0.22.0", "routine": "qcelemental.molparse.from_schema"}, "id": "49774"}, "charge": 0, "optimize_geometry": false, "conformers": [], "conformer_generation_options": {"n_conformer_pool": 4000, "n_max_conformers": 0, "rms_tolerance": 0.05, "energy_window": 15, "keep_original_conformer": true}, "stage_1_unrestrained_charges": null, "stage_1_restrained_charges": null, "stage_2_unrestrained_charges": null, "stage_2_restrained_charges": null, "keep_original_orientation": false, "reorientations": [], "translations": [], "rotations": []}}]}, "surface_constraints": {"matrix": [[153586815444774.84, 148685616933839.66, 142383195370977.12, 135747104108656.9, 128654218485286.6, 123187313514710.55, 154395380949893.44, 154029181299515.62, 153950724142267.53, 148209134213954.38, 147999819670507.28, 142372127607138.1, 141139230716145.22, 135197107273781.7, 135029272495908.19, 127059882490451.98], [148685616933839.66, 152702638417890.22, 148227966182362.94, 142055359047642.34, 136134350977071.58, 130977015199393.08, 147158673031996.38, 146889478641967.22, 146864307875907.28, 154797929295433.06, 154759591974005.25, 147987803907080.03, 147959456753131.06, 141009069747298.88, 140992035589330.56, 134669588268241.33], [142383195370977.12, 148227966182362.94, 152316302917982.75, 147935278118045.16, 142504034503258.53, 137216930123492.69, 142068961443253.22, 139726799147054.02, 139264417875512.03, 147731984368085.1, 147984678278556.34, 154659944457642.66, 154532568650478.94, 147227199070319.62, 147206142026846.47, 141178642274960.66], [135747104108656.9, 142055359047642.34, 147935278118045.16, 152025183917580.5, 148291721299921.12, 143967290973091.4, 135028745939984.88, 133855004429627.52, 132206538306669.67, 143144501105294.25, 139596776063434.25, 147832393526027.8, 147700652424719.3, 153832983675173.1, 153804279661813.12, 146597877917575.53], [128654218485286.6, 136134350977071.58, 142504034503258.53, 148291721299921.12, 153100875188467.34, 151894921298599.22, 128622898988502.16, 126255548779212.19, 124211514536314.34, 138600938507125.56, 133166125679488.67, 142051961356572.22, 141980822956377.7, 147659030901922.7, 147626871999000.3, 154216517486505.78], [123187313514710.55, 130977015199393.08, 137216930123492.69, 143967290973091.4, 151894921298599.22, 157491070687843.12, 122976840898861.47, 121062385652347.28, 118515003869855.45, 134381205129377.44, 127573680222981.4, 136152022875063.62, 136622970641477.81, 142608296971412.2, 142578994866900.12, 149328946535986.66], [154395380949893.44, 147158673031996.38, 142068961443253.22, 135028745939984.88, 128622898988502.16, 122976840898861.47, 162096438454947.1, 152469704068650.38, 152305105225567.88, 145063622515578.8, 145335049700841.9, 144037164661761.84, 139972550314627.16, 134434898170714.9, 133628182571213.78, 127551906002401.38], [154029181299515.62, 146889478641967.22, 139726799147054.02, 133855004429627.52, 126255548779212.19, 121062385652347.28, 152469704068650.38, 161210948483619.62, 151958094153681.22, 147136810606735.75, 144557329392895.94, 138909673107294.48, 138159534875769.81, 133449762723952.06, 134009422517343.33, 124219715022589.6], [153950724142267.53, 146864307875907.28, 139264417875512.03, 132206538306669.67, 124211514536314.34, 118515003869855.45, 152305105225567.88, 151958094153681.22, 161056537595187.22, 145237350431734.97, 146773804477939.2, 138227827331536.8, 138580434423037.27, 131987923760404.08, 131640233921944.64, 122452092148266.16], [148209134213954.38, 154797929295433.06, 147731984368085.1, 143144501105294.25, 138600938507125.56, 134381205129377.44, 145063622515578.8, 147136810606735.75, 145237350431734.97, 163547510763915.53, 154426141035088.22, 145271396444112.7, 146316706468125.16, 142930781332289.94, 141124731918008.06, 137077610155396.58], [147999819670507.28, 154759591974005.25, 147984678278556.34, 139596776063434.25, 133166125679488.67, 127573680222981.4, 145335049700841.9, 144557329392895.94, 146773804477939.2, 154426141035088.22, 163283281322303.84, 147711469253763.62, 147736733718810.47, 137084578780195.89, 139000452071218.58, 131832365944258.97], [142372127607138.1, 147987803907080.03, 154659944457642.66, 147832393526027.8, 142051961356572.22, 136152022875063.62, 144037164661761.84, 138909673107294.48, 138227827331536.8, 145271396444112.7, 147711469253763.62, 163560401092603.44, 154372472255064.16, 145479368701806.84, 147120000477983.88, 141044133580319.8], [141139230716145.22, 147959456753131.06, 154532568650478.94, 147700652424719.3, 141980822956377.7, 136622970641477.81, 139972550314627.16, 138159534875769.81, 138580434423037.27, 146316706468125.16, 147736733718810.47, 154372472255064.16, 163230085694685.78, 146961192855118.34, 145293659393657.03, 140683322412867.2], [135197107273781.7, 141009069747298.88, 147227199070319.62, 153832983675173.1, 147659030901922.7, 142608296971412.2, 134434898170714.9, 133449762723952.06, 131987923760404.08, 142930781332289.94, 137084578780195.89, 145479368701806.84, 146961192855118.34, 162075078979503.34, 153141520568448.25, 144968235244767.9], [135029272495908.19, 140992035589330.56, 147206142026846.47, 153804279661813.12, 147626871999000.3, 142578994866900.12, 133628182571213.78, 134009422517343.33, 131640233921944.64, 141124731918008.06, 139000452071218.58, 147120000477983.88, 145293659393657.03, 153141520568448.25, 162012354383946.25, 144904748407160.22], [127059882490451.98, 134669588268241.33, 141178642274960.66, 146597877917575.53, 154216517486505.78, 149328946535986.66, 127551906002401.38, 124219715022589.6, 122452092148266.16, 137077610155396.58, 131832365944258.97, 141044133580319.8, 140683322412867.2, 144968235244767.9, 144904748407160.22, 162182162862190.6], [4083293188827.4263, 3843922708641.8545, 3699223032320.9634, 2670464559252.5825, 21888082513.186768, -4032733490700.869, 4105378416877.7476, 3955281578796.9395, 4318255821565.098, 3181062893242.7305, 4272511530345.194, 4134277194084.7, 3826342620064.2773, 3235830440573.291, 3241179030660.1206, 1771533035937.7593]]}}