{"resp_b": 0.1, "restrained_fit": true, "exclude_hydrogens": true, "convergence_tolerance": 1e-06, "max_iter": 500, "resp_a": 0.0005, "charge_constraints": {"charge_sum_constraints": [], "charge_equivalence_constraints": [], "molecules": [{"qcmol": {"schema_name": "qcschema_molecule", "schema_version": 2, "validated": true, "symbols": ["C", "C", "C", "C", "C", "O", "H", "H", "H", "H", "H", "H", "H", "H", "H", "H"], "geometry": [[0.0, 0.0, 0.0], [2.887351517119917, 2.0466709900819086e-16, -8.611146938639848e-17], [4.007658052671186, 2.664444011350862, 4.440892098500626e-16], [6.907140209536713, 2.6584420463269427, -0.015617974665718015], [7.976602337832574, 5.2953560114118154, 0.0891244056324354], [9.39729648854843, 6.158258948143338, -1.4208176520485378], [-0.7410065427607062, 0.9567954272847687, -1.6576564794582818], [-0.7382770732878298, -1.9133186859082696, -0.0006688580884743889], [-0.742269286014665, 0.9561983214592609, 1.6578164960798454], [3.5721151420699515, -1.0226008875701211, -1.645265825102106], [3.572918734532861, -1.0237245052746409, 1.6453382165355188], [3.3229742600214536, 3.693579389313139, -1.6420342903198408], [3.3308362641183917, 3.6857214444624464, 1.652244687984276], [7.642922427097445, 1.7330079905172078, -1.6877515093105395], [7.595848811488925, 1.6361791595468382, 1.633241318038661], [7.34840129457525, 6.438934773314712, 1.6990997497958196]], "name": "C5H10O", "identifiers": {"molecule_hash": "e4a6036431021ec90abfc26407bfd0933541ae01", "molecular_formula": "C5H10O"}, "molecular_charge": 0.0, "molecular_multiplicity": 1, "connectivity": [[0, 1, 1.0], [0, 6, 1.0], [0, 7, 1.0], [0, 8, 1.0], [1, 2, 1.0], [1, 9, 1.0], [1, 10, 1.0], [2, 3, 1.0], [2, 11, 1.0], [2, 12, 1.0], [3, 4, 1.0], [3, 13, 1.0], [3, 14, 1.0], [4, 5, 2.0], [4, 15, 1.0]], "fix_com": true, "fix_orientation": true, "provenance": {"creator": "QCElemental", "version": "v0.22.0", "routine": "qcelemental.molparse.from_schema"}, "id": "49774"}, "charge": 0, "optimize_geometry": false, "conformers": [], "conformer_generation_options": {"n_conformer_pool": 4000, "n_max_conformers": 0, "rms_tolerance": 0.05, "energy_window": 15, "keep_original_conformer": true}, "stage_1_unrestrained_charges": null, "stage_1_restrained_charges": null, "stage_2_unrestrained_charges": null, "stage_2_restrained_charges": null, "keep_original_orientation": false, "reorientations": [], "translations": [], "rotations": []}], "unconstrained_atoms": [{"index": 0, "molecule": {"qcmol": {"schema_name": "qcschema_molecule", "schema_version": 2, "validated": true, "symbols": ["C", "C", "C", "C", "C", "O", "H", "H", "H", "H", "H", "H", "H", "H", "H", "H"], "geometry": [[0.0, 0.0, 0.0], [2.887351517119917, 2.0466709900819086e-16, -8.611146938639848e-17], [4.007658052671186, 2.664444011350862, 4.440892098500626e-16], [6.907140209536713, 2.6584420463269427, -0.015617974665718015], [7.976602337832574, 5.2953560114118154, 0.0891244056324354], [9.39729648854843, 6.158258948143338, -1.4208176520485378], [-0.7410065427607062, 0.9567954272847687, -1.6576564794582818], [-0.7382770732878298, -1.9133186859082696, -0.0006688580884743889], [-0.742269286014665, 0.9561983214592609, 1.6578164960798454], [3.5721151420699515, -1.0226008875701211, -1.645265825102106], [3.572918734532861, -1.0237245052746409, 1.6453382165355188], [3.3229742600214536, 3.693579389313139, -1.6420342903198408], [3.3308362641183917, 3.6857214444624464, 1.652244687984276], [7.642922427097445, 1.7330079905172078, -1.6877515093105395], [7.595848811488925, 1.6361791595468382, 1.633241318038661], [7.34840129457525, 6.438934773314712, 1.6990997497958196]], "name": "C5H10O", "identifiers": {"molecule_hash": "e4a6036431021ec90abfc26407bfd0933541ae01", "molecular_formula": "C5H10O"}, "molecular_charge": 0.0, "molecular_multiplicity": 1, "connectivity": [[0, 1, 1.0], [0, 6, 1.0], [0, 7, 1.0], [0, 8, 1.0], [1, 2, 1.0], [1, 9, 1.0], [1, 10, 1.0], [2, 3, 1.0], [2, 11, 1.0], [2, 12, 1.0], [3, 4, 1.0], [3, 13, 1.0], [3, 14, 1.0], [4, 5, 2.0], [4, 15, 1.0]], "fix_com": true, "fix_orientation": true, "provenance": {"creator": "QCElemental", "version": "v0.22.0", "routine": "qcelemental.molparse.from_schema"}, "id": "49774"}, "charge": 0, "optimize_geometry": false, "conformers": [], "conformer_generation_options": {"n_conformer_pool": 4000, "n_max_conformers": 0, "rms_tolerance": 0.05, "energy_window": 15, "keep_original_conformer": true}, "stage_1_unrestrained_charges": null, "stage_1_restrained_charges": null, "stage_2_unrestrained_charges": null, "stage_2_restrained_charges": null, "keep_original_orientation": false, "reorientations": [], "translations": [], "rotations": []}}, {"index": 1, "molecule": {"qcmol": {"schema_name": "qcschema_molecule", "schema_version": 2, "validated": true, "symbols": ["C", "C", "C", "C", "C", "O", "H", "H", "H", "H", "H", "H", "H", "H", "H", "H"], "geometry": [[0.0, 0.0, 0.0], [2.887351517119917, 2.0466709900819086e-16, -8.611146938639848e-17], [4.007658052671186, 2.664444011350862, 4.440892098500626e-16], [6.907140209536713, 2.6584420463269427, -0.015617974665718015], [7.976602337832574, 5.2953560114118154, 0.0891244056324354], [9.39729648854843, 6.158258948143338, -1.4208176520485378], [-0.7410065427607062, 0.9567954272847687, -1.6576564794582818], [-0.7382770732878298, -1.9133186859082696, -0.0006688580884743889], [-0.742269286014665, 0.9561983214592609, 1.6578164960798454], [3.5721151420699515, -1.0226008875701211, -1.645265825102106], [3.572918734532861, -1.0237245052746409, 1.6453382165355188], [3.3229742600214536, 3.693579389313139, -1.6420342903198408], [3.3308362641183917, 3.6857214444624464, 1.652244687984276], [7.642922427097445, 1.7330079905172078, -1.6877515093105395], [7.595848811488925, 1.6361791595468382, 1.633241318038661], [7.34840129457525, 6.438934773314712, 1.6990997497958196]], "name": "C5H10O", "identifiers": {"molecule_hash": "e4a6036431021ec90abfc26407bfd0933541ae01", "molecular_formula": "C5H10O"}, "molecular_charge": 0.0, "molecular_multiplicity": 1, "connectivity": [[0, 1, 1.0], [0, 6, 1.0], [0, 7, 1.0], [0, 8, 1.0], [1, 2, 1.0], [1, 9, 1.0], [1, 10, 1.0], [2, 3, 1.0], [2, 11, 1.0], [2, 12, 1.0], [3, 4, 1.0], [3, 13, 1.0], [3, 14, 1.0], [4, 5, 2.0], [4, 15, 1.0]], "fix_com": true, "fix_orientation": true, "provenance": {"creator": "QCElemental", "version": "v0.22.0", "routine": "qcelemental.molparse.from_schema"}, "id": "49774"}, "charge": 0, "optimize_geometry": false, "conformers": [], "conformer_generation_options": {"n_conformer_pool": 4000, "n_max_conformers": 0, "rms_tolerance": 0.05, "energy_window": 15, "keep_original_conformer": true}, "stage_1_unrestrained_charges": null, "stage_1_restrained_charges": null, "stage_2_unrestrained_charges": null, "stage_2_restrained_charges": null, "keep_original_orientation": false, "reorientations": [], "translations": [], "rotations": []}}, {"index": 2, "molecule": {"qcmol": {"schema_name": "qcschema_molecule", "schema_version": 2, "validated": true, "symbols": ["C", "C", "C", "C", "C", "O", "H", "H", "H", "H", "H", "H", "H", "H", "H", "H"], "geometry": [[0.0, 0.0, 0.0], [2.887351517119917, 2.0466709900819086e-16, -8.611146938639848e-17], [4.007658052671186, 2.664444011350862, 4.440892098500626e-16], [6.907140209536713, 2.6584420463269427, -0.015617974665718015], [7.976602337832574, 5.2953560114118154, 0.0891244056324354], [9.39729648854843, 6.158258948143338, -1.4208176520485378], [-0.7410065427607062, 0.9567954272847687, -1.6576564794582818], [-0.7382770732878298, -1.9133186859082696, -0.0006688580884743889], [-0.742269286014665, 0.9561983214592609, 1.6578164960798454], [3.5721151420699515, -1.0226008875701211, -1.645265825102106], [3.572918734532861, -1.0237245052746409, 1.6453382165355188], [3.3229742600214536, 3.693579389313139, -1.6420342903198408], [3.3308362641183917, 3.6857214444624464, 1.652244687984276], [7.642922427097445, 1.7330079905172078, -1.6877515093105395], [7.595848811488925, 1.6361791595468382, 1.633241318038661], [7.34840129457525, 6.438934773314712, 1.6990997497958196]], "name": "C5H10O", "identifiers": {"molecule_hash": "e4a6036431021ec90abfc26407bfd0933541ae01", "molecular_formula": "C5H10O"}, "molecular_charge": 0.0, "molecular_multiplicity": 1, "connectivity": [[0, 1, 1.0], [0, 6, 1.0], [0, 7, 1.0], [0, 8, 1.0], [1, 2, 1.0], [1, 9, 1.0], [1, 10, 1.0], [2, 3, 1.0], [2, 11, 1.0], [2, 12, 1.0], [3, 4, 1.0], [3, 13, 1.0], [3, 14, 1.0], [4, 5, 2.0], [4, 15, 1.0]], "fix_com": true, "fix_orientation": true, "provenance": {"creator": "QCElemental", "version": "v0.22.0", "routine": "qcelemental.molparse.from_schema"}, "id": "49774"}, "charge": 0, "optimize_geometry": false, "conformers": [], "conformer_generation_options": {"n_conformer_pool": 4000, "n_max_conformers": 0, "rms_tolerance": 0.05, "energy_window": 15, "keep_original_conformer": true}, "stage_1_unrestrained_charges": null, "stage_1_restrained_charges": null, "stage_2_unrestrained_charges": null, "stage_2_restrained_charges": null, "keep_original_orientation": false, "reorientations": [], "translations": [], "rotations": []}}, {"index": 3, "molecule": {"qcmol": {"schema_name": "qcschema_molecule", "schema_version": 2, "validated": true, "symbols": ["C", "C", "C", "C", "C", "O", "H", "H", "H", "H", "H", "H", "H", "H", "H", "H"], "geometry": [[0.0, 0.0, 0.0], [2.887351517119917, 2.0466709900819086e-16, -8.611146938639848e-17], [4.007658052671186, 2.664444011350862, 4.440892098500626e-16], [6.907140209536713, 2.6584420463269427, -0.015617974665718015], [7.976602337832574, 5.2953560114118154, 0.0891244056324354], [9.39729648854843, 6.158258948143338, -1.4208176520485378], [-0.7410065427607062, 0.9567954272847687, -1.6576564794582818], [-0.7382770732878298, -1.9133186859082696, -0.0006688580884743889], [-0.742269286014665, 0.9561983214592609, 1.6578164960798454], [3.5721151420699515, -1.0226008875701211, -1.645265825102106], [3.572918734532861, -1.0237245052746409, 1.6453382165355188], [3.3229742600214536, 3.693579389313139, -1.6420342903198408], [3.3308362641183917, 3.6857214444624464, 1.652244687984276], [7.642922427097445, 1.7330079905172078, -1.6877515093105395], [7.595848811488925, 1.6361791595468382, 1.633241318038661], [7.34840129457525, 6.438934773314712, 1.6990997497958196]], "name": "C5H10O", "identifiers": {"molecule_hash": "e4a6036431021ec90abfc26407bfd0933541ae01", "molecular_formula": "C5H10O"}, "molecular_charge": 0.0, "molecular_multiplicity": 1, "connectivity": [[0, 1, 1.0], [0, 6, 1.0], [0, 7, 1.0], [0, 8, 1.0], [1, 2, 1.0], [1, 9, 1.0], [1, 10, 1.0], [2, 3, 1.0], [2, 11, 1.0], [2, 12, 1.0], [3, 4, 1.0], [3, 13, 1.0], [3, 14, 1.0], [4, 5, 2.0], [4, 15, 1.0]], "fix_com": true, "fix_orientation": true, "provenance": {"creator": "QCElemental", "version": "v0.22.0", "routine": "qcelemental.molparse.from_schema"}, "id": "49774"}, "charge": 0, "optimize_geometry": false, "conformers": [], "conformer_generation_options": {"n_conformer_pool": 4000, "n_max_conformers": 0, "rms_tolerance": 0.05, "energy_window": 15, "keep_original_conformer": true}, "stage_1_unrestrained_charges": null, "stage_1_restrained_charges": null, "stage_2_unrestrained_charges": null, "stage_2_restrained_charges": null, "keep_original_orientation": false, "reorientations": [], "translations": [], "rotations": []}}]}, "surface_constraints": {"matrix": [[368757305031734.1, 357602739233919.06, 343987791001438.9, 329462807534586.4, 313046270645520.44, 302009482012446.56, 371405465593020.2, 370722053754006.1, 370405854794161.44, 356826430946098.25, 356458136792402.6, 344563626093622.3, 341592801973418.8, 328818100505390.0, 328728664099782.44, 309084283401274.9], [357602739233919.06, 366025247624140.75, 356605372314009.8, 343421296137619.2, 329988615601568.44, 319362399186906.9, 354984962615665.0, 354453799073607.5, 354309304117451.44, 370896362765418.3, 371053419388760.0, 356609493458916.06, 356538328998863.4, 341803581927245.6, 341971825460822.2, 327219547348121.06], [343987791001438.9, 356605372314009.8, 365866147115350.25, 356758373903400.5, 344763412390028.8, 333907915501192.5, 343903112246319.06, 338724331612636.8, 337618063330351.2, 355680488423663.9, 356480596259488.56, 371609949546517.9, 371339861186427.5, 355936223118797.56, 356100042613934.06, 342823335566583.8], [329462807534586.4, 343421296137619.2, 356758373903400.5, 366325521512521.8, 358174106686830.3, 350260040626816.5, 328324910128071.7, 325762861302712.1, 321907921359642.5, 346134314322992.44, 338158204128820.0, 356957036743742.56, 356682351029924.6, 371297474593456.0, 371437389700695.4, 355093548483757.06], [313046270645520.44, 329988615601568.44, 344763412390028.8, 358174106686830.3, 368678701402414.94, 367634959167767.1, 313296803588148.0, 308045845085140.6, 303328974085961.5, 335707532757495.94, 323537713575973.75, 344233360099555.4, 344059580397016.1, 357747701488276.25, 357891915946763.94, 372234470347237.75], [302009482012446.56, 319362399186906.9, 333907915501192.5, 350260040626816.5, 367634959167767.1, 380901304952432.06, 301847774732189.8, 297565023504690.0, 291936578301735.56, 327019842005304.44, 311684498367889.1, 331203337012933.56, 333221413395260.4, 349210201061621.1, 348121230143192.25, 363166014211271.3], [371405465593020.2, 354984962615665.0, 343903112246319.06, 328324910128071.7, 313296803588148.0, 301847774732189.8, 389529733119489.8, 368009003848307.6, 367543998948783.3, 350561622623326.7, 351245129148469.44, 349032373993671.5, 339473210082607.56, 327639330787720.8, 325879951441477.2, 310286735780978.06], [370722053754006.1, 354453799073607.5, 338724331612636.8, 325762861302712.1, 308045845085140.6, 297565023504690.0, 368009003848307.6, 387899498029269.7, 366910040790955.4, 355280138954718.5, 349587015544345.6, 337520283443264.56, 335434915876689.56, 325172302590359.0, 327242437731935.25, 302986354051026.6], [370405854794161.44, 354309304117451.44, 337618063330351.2, 321907921359642.5, 303328974085961.5, 291936578301735.56, 367543998948783.3, 366910040790955.4, 387232921677881.6, 350978144155728.6, 354487777653104.25, 335746682126052.1, 336576613812218.3, 322080200520407.7, 321323857281320.94, 298641094416441.25], [356826430946098.25, 370896362765418.3, 355680488423663.9, 346134314322992.44, 335707532757495.94, 327019842005304.44, 350561622623326.7, 355280138954718.5, 350978144155728.6, 390558155619322.0, 370564910952586.3, 350687567014970.7, 352874910857560.4, 346502933665934.6, 342652844263680.94, 332942150555249.9], [356458136792402.6, 371053419388760.0, 356480596259488.56, 338158204128820.0, 323537713575973.75, 311684498367889.1, 351245129148469.44, 349587015544345.6, 354487777653104.25, 370564910952586.3, 390696131779329.3, 356306830728283.7, 356688466422552.75, 333156761632280.56, 337583155855833.94, 321288173493340.6], [344563626093622.3, 356609493458916.06, 371609949546517.9, 356957036743742.56, 344233360099555.4, 331203337012933.56, 349032373993671.5, 337520283443264.56, 335746682126052.1, 350687567014970.7, 356306830728283.7, 392129106040983.2, 371525680860908.0, 352407536017313.8, 356144334329152.56, 343986913610199.94], [341592801973418.8, 356538328998863.4, 371339861186427.5, 356682351029924.6, 344059580397016.1, 333221413395260.4, 339473210082607.56, 335434915876689.56, 336576613812218.3, 352874910857560.4, 356688466422552.75, 371525680860908.0, 391457414343976.3, 355626472578005.9, 352229057123682.7, 341822718020845.4], [328818100505390.0, 341803581927245.6, 355936223118797.56, 371297474593456.0, 357747701488276.25, 349210201061621.1, 327639330787720.8, 325172302590359.0, 322080200520407.7, 346502933665934.6, 333156761632280.56, 352407536017313.8, 355626472578005.9, 390823784268766.4, 370897240813691.0, 351274229403926.6], [328728664099782.44, 341971825460822.2, 356100042613934.06, 371437389700695.4, 357891915946763.94, 348121230143192.25, 325879951441477.2, 327242437731935.25, 321323857281320.94, 342652844263680.94, 337583155855833.94, 356144334329152.56, 352229057123682.7, 370897240813691.0, 391107395610225.6, 352618873332875.8], [309084283401274.9, 327219547348121.06, 342823335566583.8, 355093548483757.06, 372234470347237.75, 363166014211271.3, 310286735780978.06, 302986354051026.6, 298641094416441.25, 332942150555249.9, 321288173493340.6, 343986913610199.94, 341822718020845.4, 351274229403926.6, 352618873332875.8, 390941486511623.44], [7371945254027.989, 6957687312954.372, 6596043251591.389, 4438327630403.325, -293887545075.1869, -7601207360043.994, 7447894278229.264, 7194669263477.827, 7766310640292.956, 5907570845315.409, 7768076498583.242, 7644210487152.733, 6766117270510.997, 5020096851310.293, 5555847433047.734, 2899359285222.059]]}}