{"resp_b": 0.1, "restrained_fit": true, "exclude_hydrogens": true, "convergence_tolerance": 1e-06, "max_iter": 500, "resp_a": 0.0005, "charge_constraints": {"charge_sum_constraints": [], "charge_equivalence_constraints": [], "molecules": [{"qcmol": {"schema_name": "qcschema_molecule", "schema_version": 2, "validated": true, "symbols": ["C", "C", "C", "C", "C", "O", "H", "H", "H", "H", "H", "H", "H", "H", "H", "H"], "geometry": [[0.0, 0.0, 0.0], [2.887351517119917, 2.0466709900819086e-16, -8.611146938639848e-17], [4.007658052671186, 2.664444011350862, 4.440892098500626e-16], [6.907140209536713, 2.6584420463269427, -0.015617974665718015], [7.976602337832574, 5.2953560114118154, 0.0891244056324354], [9.39729648854843, 6.158258948143338, -1.4208176520485378], [-0.7410065427607062, 0.9567954272847687, -1.6576564794582818], [-0.7382770732878298, -1.9133186859082696, -0.0006688580884743889], [-0.742269286014665, 0.9561983214592609, 1.6578164960798454], [3.5721151420699515, -1.0226008875701211, -1.645265825102106], [3.572918734532861, -1.0237245052746409, 1.6453382165355188], [3.3229742600214536, 3.693579389313139, -1.6420342903198408], [3.3308362641183917, 3.6857214444624464, 1.652244687984276], [7.642922427097445, 1.7330079905172078, -1.6877515093105395], [7.595848811488925, 1.6361791595468382, 1.633241318038661], [7.34840129457525, 6.438934773314712, 1.6990997497958196]], "name": "C5H10O", "identifiers": {"molecule_hash": "e4a6036431021ec90abfc26407bfd0933541ae01", "molecular_formula": "C5H10O"}, "molecular_charge": 0.0, "molecular_multiplicity": 1, "connectivity": [[0, 1, 1.0], [0, 6, 1.0], [0, 7, 1.0], [0, 8, 1.0], [1, 2, 1.0], [1, 9, 1.0], [1, 10, 1.0], [2, 3, 1.0], [2, 11, 1.0], [2, 12, 1.0], [3, 4, 1.0], [3, 13, 1.0], [3, 14, 1.0], [4, 5, 2.0], [4, 15, 1.0]], "fix_com": true, "fix_orientation": true, "provenance": {"creator": "QCElemental", "version": "v0.22.0", "routine": "qcelemental.molparse.from_schema"}, "id": "49774"}, "charge": 0, "optimize_geometry": false, "conformers": [], "conformer_generation_options": {"n_conformer_pool": 4000, "n_max_conformers": 0, "rms_tolerance": 0.05, "energy_window": 15, "keep_original_conformer": true}, "stage_1_unrestrained_charges": null, "stage_1_restrained_charges": null, "stage_2_unrestrained_charges": null, "stage_2_restrained_charges": null, "keep_original_orientation": false, "reorientations": [], "translations": [], "rotations": []}], "unconstrained_atoms": [{"index": 0, "molecule": {"qcmol": {"schema_name": "qcschema_molecule", "schema_version": 2, "validated": true, "symbols": ["C", "C", "C", "C", "C", "O", "H", "H", "H", "H", "H", "H", "H", "H", "H", "H"], "geometry": [[0.0, 0.0, 0.0], [2.887351517119917, 2.0466709900819086e-16, -8.611146938639848e-17], [4.007658052671186, 2.664444011350862, 4.440892098500626e-16], [6.907140209536713, 2.6584420463269427, -0.015617974665718015], [7.976602337832574, 5.2953560114118154, 0.0891244056324354], [9.39729648854843, 6.158258948143338, -1.4208176520485378], [-0.7410065427607062, 0.9567954272847687, -1.6576564794582818], [-0.7382770732878298, -1.9133186859082696, -0.0006688580884743889], [-0.742269286014665, 0.9561983214592609, 1.6578164960798454], [3.5721151420699515, -1.0226008875701211, -1.645265825102106], [3.572918734532861, -1.0237245052746409, 1.6453382165355188], [3.3229742600214536, 3.693579389313139, -1.6420342903198408], [3.3308362641183917, 3.6857214444624464, 1.652244687984276], [7.642922427097445, 1.7330079905172078, -1.6877515093105395], [7.595848811488925, 1.6361791595468382, 1.633241318038661], [7.34840129457525, 6.438934773314712, 1.6990997497958196]], "name": "C5H10O", "identifiers": {"molecule_hash": "e4a6036431021ec90abfc26407bfd0933541ae01", "molecular_formula": "C5H10O"}, "molecular_charge": 0.0, "molecular_multiplicity": 1, "connectivity": [[0, 1, 1.0], [0, 6, 1.0], [0, 7, 1.0], [0, 8, 1.0], [1, 2, 1.0], [1, 9, 1.0], [1, 10, 1.0], [2, 3, 1.0], [2, 11, 1.0], [2, 12, 1.0], [3, 4, 1.0], [3, 13, 1.0], [3, 14, 1.0], [4, 5, 2.0], [4, 15, 1.0]], "fix_com": true, "fix_orientation": true, "provenance": {"creator": "QCElemental", "version": "v0.22.0", "routine": "qcelemental.molparse.from_schema"}, "id": "49774"}, "charge": 0, "optimize_geometry": false, "conformers": [], "conformer_generation_options": {"n_conformer_pool": 4000, "n_max_conformers": 0, "rms_tolerance": 0.05, "energy_window": 15, "keep_original_conformer": true}, "stage_1_unrestrained_charges": null, "stage_1_restrained_charges": null, "stage_2_unrestrained_charges": null, "stage_2_restrained_charges": null, "keep_original_orientation": false, "reorientations": [], "translations": [], "rotations": []}}, {"index": 1, "molecule": {"qcmol": {"schema_name": "qcschema_molecule", "schema_version": 2, "validated": true, "symbols": ["C", "C", "C", "C", "C", "O", "H", "H", "H", "H", "H", "H", "H", "H", "H", "H"], "geometry": [[0.0, 0.0, 0.0], [2.887351517119917, 2.0466709900819086e-16, -8.611146938639848e-17], [4.007658052671186, 2.664444011350862, 4.440892098500626e-16], [6.907140209536713, 2.6584420463269427, -0.015617974665718015], [7.976602337832574, 5.2953560114118154, 0.0891244056324354], [9.39729648854843, 6.158258948143338, -1.4208176520485378], [-0.7410065427607062, 0.9567954272847687, -1.6576564794582818], [-0.7382770732878298, -1.9133186859082696, -0.0006688580884743889], [-0.742269286014665, 0.9561983214592609, 1.6578164960798454], [3.5721151420699515, -1.0226008875701211, -1.645265825102106], [3.572918734532861, -1.0237245052746409, 1.6453382165355188], [3.3229742600214536, 3.693579389313139, -1.6420342903198408], [3.3308362641183917, 3.6857214444624464, 1.652244687984276], [7.642922427097445, 1.7330079905172078, -1.6877515093105395], [7.595848811488925, 1.6361791595468382, 1.633241318038661], [7.34840129457525, 6.438934773314712, 1.6990997497958196]], "name": "C5H10O", "identifiers": {"molecule_hash": "e4a6036431021ec90abfc26407bfd0933541ae01", "molecular_formula": "C5H10O"}, "molecular_charge": 0.0, "molecular_multiplicity": 1, "connectivity": [[0, 1, 1.0], [0, 6, 1.0], [0, 7, 1.0], [0, 8, 1.0], [1, 2, 1.0], [1, 9, 1.0], [1, 10, 1.0], [2, 3, 1.0], [2, 11, 1.0], [2, 12, 1.0], [3, 4, 1.0], [3, 13, 1.0], [3, 14, 1.0], [4, 5, 2.0], [4, 15, 1.0]], "fix_com": true, "fix_orientation": true, "provenance": {"creator": "QCElemental", "version": "v0.22.0", "routine": "qcelemental.molparse.from_schema"}, "id": "49774"}, "charge": 0, "optimize_geometry": false, "conformers": [], "conformer_generation_options": {"n_conformer_pool": 4000, "n_max_conformers": 0, "rms_tolerance": 0.05, "energy_window": 15, "keep_original_conformer": true}, "stage_1_unrestrained_charges": null, "stage_1_restrained_charges": null, "stage_2_unrestrained_charges": null, "stage_2_restrained_charges": null, "keep_original_orientation": false, "reorientations": [], "translations": [], "rotations": []}}, {"index": 2, "molecule": {"qcmol": {"schema_name": "qcschema_molecule", "schema_version": 2, "validated": true, "symbols": ["C", "C", "C", "C", "C", "O", "H", "H", "H", "H", "H", "H", "H", "H", "H", "H"], "geometry": [[0.0, 0.0, 0.0], [2.887351517119917, 2.0466709900819086e-16, -8.611146938639848e-17], [4.007658052671186, 2.664444011350862, 4.440892098500626e-16], [6.907140209536713, 2.6584420463269427, -0.015617974665718015], [7.976602337832574, 5.2953560114118154, 0.0891244056324354], [9.39729648854843, 6.158258948143338, -1.4208176520485378], [-0.7410065427607062, 0.9567954272847687, -1.6576564794582818], [-0.7382770732878298, -1.9133186859082696, -0.0006688580884743889], [-0.742269286014665, 0.9561983214592609, 1.6578164960798454], [3.5721151420699515, -1.0226008875701211, -1.645265825102106], [3.572918734532861, -1.0237245052746409, 1.6453382165355188], [3.3229742600214536, 3.693579389313139, -1.6420342903198408], [3.3308362641183917, 3.6857214444624464, 1.652244687984276], [7.642922427097445, 1.7330079905172078, -1.6877515093105395], [7.595848811488925, 1.6361791595468382, 1.633241318038661], [7.34840129457525, 6.438934773314712, 1.6990997497958196]], "name": "C5H10O", "identifiers": {"molecule_hash": "e4a6036431021ec90abfc26407bfd0933541ae01", "molecular_formula": "C5H10O"}, "molecular_charge": 0.0, "molecular_multiplicity": 1, "connectivity": [[0, 1, 1.0], [0, 6, 1.0], [0, 7, 1.0], [0, 8, 1.0], [1, 2, 1.0], [1, 9, 1.0], [1, 10, 1.0], [2, 3, 1.0], [2, 11, 1.0], [2, 12, 1.0], [3, 4, 1.0], [3, 13, 1.0], [3, 14, 1.0], [4, 5, 2.0], [4, 15, 1.0]], "fix_com": true, "fix_orientation": true, "provenance": {"creator": "QCElemental", "version": "v0.22.0", "routine": "qcelemental.molparse.from_schema"}, "id": "49774"}, "charge": 0, "optimize_geometry": false, "conformers": [], "conformer_generation_options": {"n_conformer_pool": 4000, "n_max_conformers": 0, "rms_tolerance": 0.05, "energy_window": 15, "keep_original_conformer": true}, "stage_1_unrestrained_charges": null, "stage_1_restrained_charges": null, "stage_2_unrestrained_charges": null, "stage_2_restrained_charges": null, "keep_original_orientation": false, "reorientations": [], "translations": [], "rotations": []}}, {"index": 3, "molecule": {"qcmol": {"schema_name": "qcschema_molecule", "schema_version": 2, "validated": true, "symbols": ["C", "C", "C", "C", "C", "O", "H", "H", "H", "H", "H", "H", "H", "H", "H", "H"], "geometry": [[0.0, 0.0, 0.0], [2.887351517119917, 2.0466709900819086e-16, -8.611146938639848e-17], [4.007658052671186, 2.664444011350862, 4.440892098500626e-16], [6.907140209536713, 2.6584420463269427, -0.015617974665718015], [7.976602337832574, 5.2953560114118154, 0.0891244056324354], [9.39729648854843, 6.158258948143338, -1.4208176520485378], [-0.7410065427607062, 0.9567954272847687, -1.6576564794582818], [-0.7382770732878298, -1.9133186859082696, -0.0006688580884743889], [-0.742269286014665, 0.9561983214592609, 1.6578164960798454], [3.5721151420699515, -1.0226008875701211, -1.645265825102106], [3.572918734532861, -1.0237245052746409, 1.6453382165355188], [3.3229742600214536, 3.693579389313139, -1.6420342903198408], [3.3308362641183917, 3.6857214444624464, 1.652244687984276], [7.642922427097445, 1.7330079905172078, -1.6877515093105395], [7.595848811488925, 1.6361791595468382, 1.633241318038661], [7.34840129457525, 6.438934773314712, 1.6990997497958196]], "name": "C5H10O", "identifiers": {"molecule_hash": "e4a6036431021ec90abfc26407bfd0933541ae01", "molecular_formula": "C5H10O"}, "molecular_charge": 0.0, "molecular_multiplicity": 1, "connectivity": [[0, 1, 1.0], [0, 6, 1.0], [0, 7, 1.0], [0, 8, 1.0], [1, 2, 1.0], [1, 9, 1.0], [1, 10, 1.0], [2, 3, 1.0], [2, 11, 1.0], [2, 12, 1.0], [3, 4, 1.0], [3, 13, 1.0], [3, 14, 1.0], [4, 5, 2.0], [4, 15, 1.0]], "fix_com": true, "fix_orientation": true, "provenance": {"creator": "QCElemental", "version": "v0.22.0", "routine": "qcelemental.molparse.from_schema"}, "id": "49774"}, "charge": 0, "optimize_geometry": false, "conformers": [], "conformer_generation_options": {"n_conformer_pool": 4000, "n_max_conformers": 0, "rms_tolerance": 0.05, "energy_window": 15, "keep_original_conformer": true}, "stage_1_unrestrained_charges": null, "stage_1_restrained_charges": null, "stage_2_unrestrained_charges": null, "stage_2_restrained_charges": null, "keep_original_orientation": false, "reorientations": [], "translations": [], "rotations": []}}]}, "surface_constraints": {"matrix": [[368782342746443.56, 357627014753503.06, 344011147147484.2, 329485237001874.8, 313067508634773.0, 302029921647018.7, 371430685049052.9, 370747211925211.9, 370431022977362.6, 356850651499656.3, 356482328479952.75, 344586923855280.94, 341616046931101.8, 328840588286600.94, 328751048473971.56, 309105244676853.3], [357627014753503.06, 366050094780201.9, 356629587708371.7, 343444627469638.75, 330010959534467.9, 319383952619835.75, 355009062310983.0, 354477852073131.1, 354333367727546.2, 370921540031728.06, 371078601212174.94, 356633708024646.8, 356562537703818.5, 341826829947449.75, 341995102704067.25, 327241717952621.4], [344011147147484.2, 356629587708371.7, 365890995109498.3, 356782614259748.25, 344786841081723.94, 333930543533529.8, 343926481897567.2, 338747250471524.75, 337641051006576.25, 355704642162962.94, 356504798578026.25, 371635180276134.75, 371365081536646.3, 355960408927040.94, 356124242250675.0, 342846686946051.6], [329485237001874.8, 343444627469638.75, 356782614259748.25, 366350424391547.8, 358198456704092.94, 350283849951373.7, 328347253731761.8, 325784922491405.0, 321929999467914.56, 346157835989435.4, 338181125824139.3, 356981280693478.25, 356706585361843.8, 371322720495558.75, 371462646605737.2, 355117675771738.06], [313067508634773.0, 330010959534467.9, 344786841081723.94, 358198456704092.94, 368703760477612.8, 367659939073218.06, 313318058071336.3, 308066618945699.9, 303349710964428.94, 335730208687275.5, 323559577912556.0, 344256784689034.5, 344082986773531.25, 357772031783459.1, 357916250647430.2, 372259761642715.5], [302029921647018.7, 319383952619835.75, 333930543533529.8, 350283849951373.7, 367659939073218.06, 380927175783143.8, 301868195493383.06, 297585032956876.06, 291956517857788.7, 327041848897787.3, 311705478493477.8, 331225809374905.1, 333243988236227.7, 349233971995957.44, 348144935790515.25, 363190682746370.5], [371430685049052.9, 355009062310983.0, 343926481897567.2, 328347253731761.8, 313318058071336.3, 301868195493383.06, 389556186403511.56, 368033976950281.9, 367568976411753.25, 350585366719745.4, 351269005827537.56, 349055931335537.4, 339496427407170.7, 327661747045142.2, 325902085212402.1, 310307789291263.6], [370747211925211.9, 354477852073131.1, 338747250471524.75, 325784922491405.0, 308066618945699.9, 297585032956876.06, 368033976950281.9, 387925804213614.94, 366934961483014.94, 355304253263509.6, 349610788827000.1, 337543031984829.44, 335457637919048.6, 325194408522154.5, 327264599916574.44, 303006782152042.0], [370431022977362.6, 354333367727546.2, 337641051006576.25, 321929999467914.56, 303349710964428.94, 291956517857788.7, 367568976411753.25, 366934961483014.94, 387259252931480.25, 351002023367735.94, 354511754109148.8, 335769435322776.4, 336599545149134.94, 322102448627204.94, 321345921889912.9, 298661472366347.7], [356850651499656.3, 370921540031728.06, 355704642162962.94, 346157835989435.4, 335730208687275.5, 327041848897787.3, 350585366719745.4, 355304253263509.6, 351002023367735.94, 390584669983947.25, 370590056484334.25, 350711442147952.5, 352898805668097.9, 346526465246631.7, 342676270423137.75, 332964623371183.0], [356482328479952.75, 371078601212174.94, 356504798578026.25, 338181125824139.3, 323559577912556.0, 311705478493477.8, 351269005827537.56, 349610788827000.1, 354511754109148.8, 370590056484334.25, 390722640988647.9, 356331047387346.06, 356712697558236.8, 333179365677891.75, 337606045160667.6, 321309924185955.9], [344586923855280.94, 356633708024646.8, 371635180276134.75, 356981280693478.25, 344256784689034.5, 331225809374905.1, 349055931335537.4, 337543031984829.44, 335769435322776.4, 350711442147952.5, 356331047387346.06, 392155718640866.3, 371550908255603.75, 352431421729408.6, 356168539716062.7, 344010408892068.9], [341616046931101.8, 356562537703818.5, 371365081536646.3, 356706585361843.8, 344082986773531.25, 333243988236227.7, 339496427407170.7, 335457637919048.6, 336599545149134.94, 352898805668097.9, 356712697558236.8, 371550908255603.75, 391484004449460.2, 355650662988837.2, 352252941981728.4, 341846077892136.25], [328840588286600.94, 341826829947449.75, 355960408927040.94, 371322720495558.75, 357772031783459.1, 349233971995957.44, 327661747045142.2, 325194408522154.5, 322102448627204.94, 346526465246631.7, 333179365677891.75, 352431421729408.6, 355650662988837.2, 390850361499797.8, 370922469032675.25, 351298082133333.3], [328751048473971.56, 341995102704067.25, 356124242250675.0, 371462646605737.2, 357916250647430.2, 348144935790515.25, 325902085212402.1, 327264599916574.44, 321345921889912.9, 342676270423137.75, 337606045160667.6, 356168539716062.7, 352252941981728.4, 370922469032675.25, 391133999716763.7, 352642795799075.94], [309105244676853.3, 327241717952621.4, 342846686946051.6, 355117675771738.06, 372259761642715.5, 363190682746370.5, 310307789291263.6, 303006782152042.0, 298661472366347.7, 332964623371183.0, 321309924185955.9, 344010408892068.9, 341846077892136.25, 351298082133333.3, 352642795799075.94, 390968041487594.7], [9035848651147.707, 8238945148687.215, 7956963386087.287, 5813184934187.546, -122127916184.65146, -9113751957450.076, 9126910896534.363, 8591411153750.725, 9962563249911.857, 6865774025659.819, 8935324776035.242, 8980593975569.871, 8120920191784.311, 7054633176938.158, 7186736031767.706, 3801555196121.1904]]}}