{"resp_b": 0.1, "restrained_fit": true, "exclude_hydrogens": true, "convergence_tolerance": 1e-06, "max_iter": 500, "resp_a": 0.0005, "charge_constraints": {"charge_sum_constraints": [], "charge_equivalence_constraints": [], "molecules": [{"qcmol": {"schema_name": "qcschema_molecule", "schema_version": 2, "validated": true, "symbols": ["C", "C", "C", "C", "C", "O", "H", "H", "H", "H", "H", "H", "H", "H", "H", "H"], "geometry": [[0.0, 0.0, 0.0], [2.887351517119917, 2.0466709900819086e-16, -8.611146938639848e-17], [4.007658052671186, 2.664444011350862, 4.440892098500626e-16], [6.907140209536713, 2.6584420463269427, -0.015617974665718015], [7.976602337832574, 5.2953560114118154, 0.0891244056324354], [9.39729648854843, 6.158258948143338, -1.4208176520485378], [-0.7410065427607062, 0.9567954272847687, -1.6576564794582818], [-0.7382770732878298, -1.9133186859082696, -0.0006688580884743889], [-0.742269286014665, 0.9561983214592609, 1.6578164960798454], [3.5721151420699515, -1.0226008875701211, -1.645265825102106], [3.572918734532861, -1.0237245052746409, 1.6453382165355188], [3.3229742600214536, 3.693579389313139, -1.6420342903198408], [3.3308362641183917, 3.6857214444624464, 1.652244687984276], [7.642922427097445, 1.7330079905172078, -1.6877515093105395], [7.595848811488925, 1.6361791595468382, 1.633241318038661], [7.34840129457525, 6.438934773314712, 1.6990997497958196]], "name": "C5H10O", "identifiers": {"molecule_hash": "e4a6036431021ec90abfc26407bfd0933541ae01", "molecular_formula": "C5H10O"}, "molecular_charge": 0.0, "molecular_multiplicity": 1, "connectivity": [[0, 1, 1.0], [0, 6, 1.0], [0, 7, 1.0], [0, 8, 1.0], [1, 2, 1.0], [1, 9, 1.0], [1, 10, 1.0], [2, 3, 1.0], [2, 11, 1.0], [2, 12, 1.0], [3, 4, 1.0], [3, 13, 1.0], [3, 14, 1.0], [4, 5, 2.0], [4, 15, 1.0]], "fix_com": true, "fix_orientation": true, "provenance": {"creator": "QCElemental", "version": "v0.22.0", "routine": "qcelemental.molparse.from_schema"}, "id": "49774"}, "charge": 0, "optimize_geometry": false, "conformers": [], "conformer_generation_options": {"n_conformer_pool": 4000, "n_max_conformers": 0, "rms_tolerance": 0.05, "energy_window": 15, "keep_original_conformer": true}, "stage_1_unrestrained_charges": null, "stage_1_restrained_charges": null, "stage_2_unrestrained_charges": null, "stage_2_restrained_charges": null, "keep_original_orientation": false, "reorientations": [], "translations": [], "rotations": []}], "unconstrained_atoms": [{"index": 0, "molecule": {"qcmol": {"schema_name": "qcschema_molecule", "schema_version": 2, "validated": true, "symbols": ["C", "C", "C", "C", "C", "O", "H", "H", "H", "H", "H", "H", "H", "H", "H", "H"], "geometry": [[0.0, 0.0, 0.0], [2.887351517119917, 2.0466709900819086e-16, -8.611146938639848e-17], [4.007658052671186, 2.664444011350862, 4.440892098500626e-16], [6.907140209536713, 2.6584420463269427, -0.015617974665718015], [7.976602337832574, 5.2953560114118154, 0.0891244056324354], [9.39729648854843, 6.158258948143338, -1.4208176520485378], [-0.7410065427607062, 0.9567954272847687, -1.6576564794582818], [-0.7382770732878298, -1.9133186859082696, -0.0006688580884743889], [-0.742269286014665, 0.9561983214592609, 1.6578164960798454], [3.5721151420699515, -1.0226008875701211, -1.645265825102106], [3.572918734532861, -1.0237245052746409, 1.6453382165355188], [3.3229742600214536, 3.693579389313139, -1.6420342903198408], [3.3308362641183917, 3.6857214444624464, 1.652244687984276], [7.642922427097445, 1.7330079905172078, -1.6877515093105395], [7.595848811488925, 1.6361791595468382, 1.633241318038661], [7.34840129457525, 6.438934773314712, 1.6990997497958196]], "name": "C5H10O", "identifiers": {"molecule_hash": "e4a6036431021ec90abfc26407bfd0933541ae01", "molecular_formula": "C5H10O"}, "molecular_charge": 0.0, "molecular_multiplicity": 1, "connectivity": [[0, 1, 1.0], [0, 6, 1.0], [0, 7, 1.0], [0, 8, 1.0], [1, 2, 1.0], [1, 9, 1.0], [1, 10, 1.0], [2, 3, 1.0], [2, 11, 1.0], [2, 12, 1.0], [3, 4, 1.0], [3, 13, 1.0], [3, 14, 1.0], [4, 5, 2.0], [4, 15, 1.0]], "fix_com": true, "fix_orientation": true, "provenance": {"creator": "QCElemental", "version": "v0.22.0", "routine": "qcelemental.molparse.from_schema"}, "id": "49774"}, "charge": 0, "optimize_geometry": false, "conformers": [], "conformer_generation_options": {"n_conformer_pool": 4000, "n_max_conformers": 0, "rms_tolerance": 0.05, "energy_window": 15, "keep_original_conformer": true}, "stage_1_unrestrained_charges": null, "stage_1_restrained_charges": null, "stage_2_unrestrained_charges": null, "stage_2_restrained_charges": null, "keep_original_orientation": false, "reorientations": [], "translations": [], "rotations": []}}, {"index": 1, "molecule": {"qcmol": {"schema_name": "qcschema_molecule", "schema_version": 2, "validated": true, "symbols": ["C", "C", "C", "C", "C", "O", "H", "H", "H", "H", "H", "H", "H", "H", "H", "H"], "geometry": [[0.0, 0.0, 0.0], [2.887351517119917, 2.0466709900819086e-16, -8.611146938639848e-17], [4.007658052671186, 2.664444011350862, 4.440892098500626e-16], [6.907140209536713, 2.6584420463269427, -0.015617974665718015], [7.976602337832574, 5.2953560114118154, 0.0891244056324354], [9.39729648854843, 6.158258948143338, -1.4208176520485378], [-0.7410065427607062, 0.9567954272847687, -1.6576564794582818], [-0.7382770732878298, -1.9133186859082696, -0.0006688580884743889], [-0.742269286014665, 0.9561983214592609, 1.6578164960798454], [3.5721151420699515, -1.0226008875701211, -1.645265825102106], [3.572918734532861, -1.0237245052746409, 1.6453382165355188], [3.3229742600214536, 3.693579389313139, -1.6420342903198408], [3.3308362641183917, 3.6857214444624464, 1.652244687984276], [7.642922427097445, 1.7330079905172078, -1.6877515093105395], [7.595848811488925, 1.6361791595468382, 1.633241318038661], [7.34840129457525, 6.438934773314712, 1.6990997497958196]], "name": "C5H10O", "identifiers": {"molecule_hash": "e4a6036431021ec90abfc26407bfd0933541ae01", "molecular_formula": "C5H10O"}, "molecular_charge": 0.0, "molecular_multiplicity": 1, "connectivity": [[0, 1, 1.0], [0, 6, 1.0], [0, 7, 1.0], [0, 8, 1.0], [1, 2, 1.0], [1, 9, 1.0], [1, 10, 1.0], [2, 3, 1.0], [2, 11, 1.0], [2, 12, 1.0], [3, 4, 1.0], [3, 13, 1.0], [3, 14, 1.0], [4, 5, 2.0], [4, 15, 1.0]], "fix_com": true, "fix_orientation": true, "provenance": {"creator": "QCElemental", "version": "v0.22.0", "routine": "qcelemental.molparse.from_schema"}, "id": "49774"}, "charge": 0, "optimize_geometry": false, "conformers": [], "conformer_generation_options": {"n_conformer_pool": 4000, "n_max_conformers": 0, "rms_tolerance": 0.05, "energy_window": 15, "keep_original_conformer": true}, "stage_1_unrestrained_charges": null, "stage_1_restrained_charges": null, "stage_2_unrestrained_charges": null, "stage_2_restrained_charges": null, "keep_original_orientation": false, "reorientations": [], "translations": [], "rotations": []}}, {"index": 2, "molecule": {"qcmol": {"schema_name": "qcschema_molecule", "schema_version": 2, "validated": true, "symbols": ["C", "C", "C", "C", "C", "O", "H", "H", "H", "H", "H", "H", "H", "H", "H", "H"], "geometry": [[0.0, 0.0, 0.0], [2.887351517119917, 2.0466709900819086e-16, -8.611146938639848e-17], [4.007658052671186, 2.664444011350862, 4.440892098500626e-16], [6.907140209536713, 2.6584420463269427, -0.015617974665718015], [7.976602337832574, 5.2953560114118154, 0.0891244056324354], [9.39729648854843, 6.158258948143338, -1.4208176520485378], [-0.7410065427607062, 0.9567954272847687, -1.6576564794582818], [-0.7382770732878298, -1.9133186859082696, -0.0006688580884743889], [-0.742269286014665, 0.9561983214592609, 1.6578164960798454], [3.5721151420699515, -1.0226008875701211, -1.645265825102106], [3.572918734532861, -1.0237245052746409, 1.6453382165355188], [3.3229742600214536, 3.693579389313139, -1.6420342903198408], [3.3308362641183917, 3.6857214444624464, 1.652244687984276], [7.642922427097445, 1.7330079905172078, -1.6877515093105395], [7.595848811488925, 1.6361791595468382, 1.633241318038661], [7.34840129457525, 6.438934773314712, 1.6990997497958196]], "name": "C5H10O", "identifiers": {"molecule_hash": "e4a6036431021ec90abfc26407bfd0933541ae01", "molecular_formula": "C5H10O"}, "molecular_charge": 0.0, "molecular_multiplicity": 1, "connectivity": [[0, 1, 1.0], [0, 6, 1.0], [0, 7, 1.0], [0, 8, 1.0], [1, 2, 1.0], [1, 9, 1.0], [1, 10, 1.0], [2, 3, 1.0], [2, 11, 1.0], [2, 12, 1.0], [3, 4, 1.0], [3, 13, 1.0], [3, 14, 1.0], [4, 5, 2.0], [4, 15, 1.0]], "fix_com": true, "fix_orientation": true, "provenance": {"creator": "QCElemental", "version": "v0.22.0", "routine": "qcelemental.molparse.from_schema"}, "id": "49774"}, "charge": 0, "optimize_geometry": false, "conformers": [], "conformer_generation_options": {"n_conformer_pool": 4000, "n_max_conformers": 0, "rms_tolerance": 0.05, "energy_window": 15, "keep_original_conformer": true}, "stage_1_unrestrained_charges": null, "stage_1_restrained_charges": null, "stage_2_unrestrained_charges": null, "stage_2_restrained_charges": null, "keep_original_orientation": false, "reorientations": [], "translations": [], "rotations": []}}, {"index": 3, "molecule": {"qcmol": {"schema_name": "qcschema_molecule", "schema_version": 2, "validated": true, "symbols": ["C", "C", "C", "C", "C", "O", "H", "H", "H", "H", "H", "H", "H", "H", "H", "H"], "geometry": [[0.0, 0.0, 0.0], [2.887351517119917, 2.0466709900819086e-16, -8.611146938639848e-17], [4.007658052671186, 2.664444011350862, 4.440892098500626e-16], [6.907140209536713, 2.6584420463269427, -0.015617974665718015], [7.976602337832574, 5.2953560114118154, 0.0891244056324354], [9.39729648854843, 6.158258948143338, -1.4208176520485378], [-0.7410065427607062, 0.9567954272847687, -1.6576564794582818], [-0.7382770732878298, -1.9133186859082696, -0.0006688580884743889], [-0.742269286014665, 0.9561983214592609, 1.6578164960798454], [3.5721151420699515, -1.0226008875701211, -1.645265825102106], [3.572918734532861, -1.0237245052746409, 1.6453382165355188], [3.3229742600214536, 3.693579389313139, -1.6420342903198408], [3.3308362641183917, 3.6857214444624464, 1.652244687984276], [7.642922427097445, 1.7330079905172078, -1.6877515093105395], [7.595848811488925, 1.6361791595468382, 1.633241318038661], [7.34840129457525, 6.438934773314712, 1.6990997497958196]], "name": "C5H10O", "identifiers": {"molecule_hash": "e4a6036431021ec90abfc26407bfd0933541ae01", "molecular_formula": "C5H10O"}, "molecular_charge": 0.0, "molecular_multiplicity": 1, "connectivity": [[0, 1, 1.0], [0, 6, 1.0], [0, 7, 1.0], [0, 8, 1.0], [1, 2, 1.0], [1, 9, 1.0], [1, 10, 1.0], [2, 3, 1.0], [2, 11, 1.0], [2, 12, 1.0], [3, 4, 1.0], [3, 13, 1.0], [3, 14, 1.0], [4, 5, 2.0], [4, 15, 1.0]], "fix_com": true, "fix_orientation": true, "provenance": {"creator": "QCElemental", "version": "v0.22.0", "routine": "qcelemental.molparse.from_schema"}, "id": "49774"}, "charge": 0, "optimize_geometry": false, "conformers": [], "conformer_generation_options": {"n_conformer_pool": 4000, "n_max_conformers": 0, "rms_tolerance": 0.05, "energy_window": 15, "keep_original_conformer": true}, "stage_1_unrestrained_charges": null, "stage_1_restrained_charges": null, "stage_2_unrestrained_charges": null, "stage_2_restrained_charges": null, "keep_original_orientation": false, "reorientations": [], "translations": [], "rotations": []}}]}, "surface_constraints": {"matrix": [[153471735065027.56, 148544171807905.56, 142336191018859.8, 135786703026369.48, 128745610470262.14, 123285252254500.77, 154302722473567.38, 153961272331011.28, 153862760022808.66, 148008274647391.62, 147849577475571.75, 142426697003525.3, 141030477826931.8, 135211436437230.86, 135071404315194.77, 127333710173883.14], [148544171807905.56, 152426829197098.4, 148050480083489.84, 141967694341776.6, 135932985459094.83, 130668847604760.03, 147035680889220.7, 146788961407145.03, 146743028472777.97, 154459453527430.72, 154483969144301.84, 147861209525059.75, 147779770331342.84, 140956383709216.6, 140956400296203.94, 134588296478385.84], [142336191018859.8, 148050480083489.84, 152140257004901.3, 147849849971340.2, 142397330812761.6, 136856634782621.8, 141999259739567.47, 139729628108011.03, 139251305510352.75, 147521971060208.06, 147801161048802.4, 154537255602626.75, 154330144953263.1, 147104884800887.22, 147130821743967.78, 141304869301562.62], [135786703026369.48, 141967694341776.6, 147849849971340.2, 151905319649823.94, 148192549908261.4, 143862771080566.94, 135022518582536.17, 133862902119513.34, 132377326503683.89, 142987848315113.75, 139547579674680.47, 147792708909117.28, 147595231954355.7, 153682381280858.2, 153728717100206.66, 146453400472026.34], [128745610470262.14, 135932985459094.83, 142397330812761.6, 148192549908261.4, 152936880147810.4, 151663485078715.38, 128754882422921.69, 126375377861733.7, 124392030940400.17, 138215965996914.14, 132925944813472.1, 142021157469105.7, 141884863172418.66, 147575308635999.84, 147610665165294.78, 153999928629753.2], [123285252254500.77, 130668847604760.03, 136856634782621.8, 143862771080566.94, 151663485078715.38, 157050401140471.53, 122990805045597.58, 121364322339556.0, 118744554180058.38, 134011066106531.9, 127145881989402.47, 135622573981921.19, 136248277699308.73, 142770760781006.16, 142622039978212.9, 149087743394728.2], [154302722473567.38, 147035680889220.7, 141999259739567.47, 135022518582536.17, 128754882422921.69, 122990805045597.58, 162019336746655.78, 152445462553819.38, 152251398818281.4, 144860454834546.97, 145220252376928.9, 144160191080261.44, 139771124239403.66, 134339006170654.22, 133571871246363.27, 128127582466475.56], [153961272331011.28, 146788961407145.03, 139729628108011.03, 133862902119513.34, 126375377861733.7, 121364322339556.0, 152445462553819.38, 161195428012195.28, 151916976491239.3, 146935025070896.72, 144462337270991.25, 139047058042893.11, 138115878695982.56, 133308721441743.05, 134075837929364.56, 124343967832686.98], [153862760022808.66, 146743028472777.97, 139251305510352.75, 132377326503683.89, 124392030940400.17, 118744554180058.38, 152251398818281.4, 151916976491239.3, 161016608436113.9, 145089050170904.94, 146568224239176.03, 138233787948257.12, 138505820679175.66, 132285185091557.28, 131786752635119.88, 122741265800711.78], [148008274647391.62, 154459453527430.72, 147521971060208.06, 142987848315113.75, 138215965996914.14, 134011066106531.9, 144860454834546.97, 146935025070896.72, 145089050170904.94, 163155078011477.9, 154130766476775.47, 145128167887453.03, 146107556739762.84, 142808376224689.2, 141139362920990.8, 136569141442056.34], [147849577475571.75, 154483969144301.84, 147801161048802.4, 139547579674680.47, 132925944813472.1, 127145881989402.47, 145220252376928.9, 144462337270991.25, 146568224239176.03, 154130766476775.47, 163006927141232.34, 147476727434695.62, 147600920389710.75, 137174100985806.7, 138948337295117.55, 131809432391941.2], [142426697003525.3, 147861209525059.75, 154537255602626.75, 147792708909117.28, 142021157469105.7, 135622573981921.19, 144160191080261.44, 139047058042893.11, 138233787948257.12, 145128167887453.03, 147476727434695.62, 163514557327656.03, 154247606571473.1, 145358466517154.66, 147006218831819.75, 141498913404834.1], [141030477826931.8, 147779770331342.84, 154330144953263.1, 147595231954355.7, 141884863172418.66, 136248277699308.73, 139771124239403.66, 138115878695982.56, 138505820679175.66, 146107556739762.84, 147600920389710.75, 154247606571473.1, 163021942561014.97, 146773901722670.12, 145175507707183.28, 140873699328634.0], [135211436437230.86, 140956383709216.6, 147104884800887.22, 153682381280858.2, 147575308635999.84, 142770760781006.16, 134339006170654.22, 133308721441743.05, 132285185091557.28, 142808376224689.2, 137174100985806.7, 145358466517154.66, 146773901722670.12, 161938980029344.78, 153061663792675.78, 144585944850017.62], [135071404315194.77, 140956400296203.94, 147130821743967.78, 153728717100206.66, 147610665165294.78, 142622039978212.9, 133571871246363.27, 134075837929364.56, 131786752635119.88, 141139362920990.8, 138948337295117.55, 147006218831819.75, 145175507707183.28, 153061663792675.78, 162004970964911.44, 144816658524263.03], [127333710173883.14, 134588296478385.84, 141304869301562.62, 146453400472026.34, 153999928629753.2, 149087743394728.2, 128127582466475.56, 124343967832686.98, 122741265800711.78, 136569141442056.34, 131809432391941.2, 141498913404834.1, 140873699328634.0, 144585944850017.62, 144816658524263.03, 161922925107084.4], [3027520355974.1196, 2867890679729.5967, 2735436787737.891, 1924718258711.088, 47310624295.03581, -2721363629111.726, 3063438023980.9653, 2908792255317.768, 3196319514303.105, 2417580673498.058, 3185315773013.9307, 3074208125445.09, 2832895763689.3555, 2247706449376.543, 2300094061669.8335, 1137313385589.897]]}}