{"resp_b": 0.1, "restrained_fit": true, "exclude_hydrogens": true, "convergence_tolerance": 1e-06, "max_iter": 500, "resp_a": 0.0005, "charge_constraints": {"charge_sum_constraints": [], "charge_equivalence_constraints": [], "molecules": [{"qcmol": {"schema_name": "qcschema_molecule", "schema_version": 2, "validated": true, "symbols": ["C", "C", "C", "C", "C", "O", "H", "H", "H", "H", "H", "H", "H", "H", "H", "H"], "geometry": [[0.0, 0.0, 0.0], [2.887351517119917, 2.0466709900819086e-16, -8.611146938639848e-17], [4.007658052671186, 2.664444011350862, 4.440892098500626e-16], [6.907140209536713, 2.6584420463269427, -0.015617974665718015], [7.976602337832574, 5.2953560114118154, 0.0891244056324354], [9.39729648854843, 6.158258948143338, -1.4208176520485378], [-0.7410065427607062, 0.9567954272847687, -1.6576564794582818], [-0.7382770732878298, -1.9133186859082696, -0.0006688580884743889], [-0.742269286014665, 0.9561983214592609, 1.6578164960798454], [3.5721151420699515, -1.0226008875701211, -1.645265825102106], [3.572918734532861, -1.0237245052746409, 1.6453382165355188], [3.3229742600214536, 3.693579389313139, -1.6420342903198408], [3.3308362641183917, 3.6857214444624464, 1.652244687984276], [7.642922427097445, 1.7330079905172078, -1.6877515093105395], [7.595848811488925, 1.6361791595468382, 1.633241318038661], [7.34840129457525, 6.438934773314712, 1.6990997497958196]], "name": "C5H10O", "identifiers": {"molecule_hash": "e4a6036431021ec90abfc26407bfd0933541ae01", "molecular_formula": "C5H10O"}, "molecular_charge": 0.0, "molecular_multiplicity": 1, "connectivity": [[0, 1, 1.0], [0, 6, 1.0], [0, 7, 1.0], [0, 8, 1.0], [1, 2, 1.0], [1, 9, 1.0], [1, 10, 1.0], [2, 3, 1.0], [2, 11, 1.0], [2, 12, 1.0], [3, 4, 1.0], [3, 13, 1.0], [3, 14, 1.0], [4, 5, 2.0], [4, 15, 1.0]], "fix_com": true, "fix_orientation": true, "provenance": {"creator": "QCElemental", "version": "v0.22.0", "routine": "qcelemental.molparse.from_schema"}, "id": "49774"}, "charge": 0, "optimize_geometry": false, "conformers": [], "conformer_generation_options": {"n_conformer_pool": 4000, "n_max_conformers": 0, "rms_tolerance": 0.05, "energy_window": 15, "keep_original_conformer": true}, "stage_1_unrestrained_charges": null, "stage_1_restrained_charges": null, "stage_2_unrestrained_charges": null, "stage_2_restrained_charges": null, "keep_original_orientation": false, "reorientations": [], "translations": [], "rotations": []}], "unconstrained_atoms": [{"index": 0, "molecule": {"qcmol": {"schema_name": "qcschema_molecule", "schema_version": 2, "validated": true, "symbols": ["C", "C", "C", "C", "C", "O", "H", "H", "H", "H", "H", "H", "H", "H", "H", "H"], "geometry": [[0.0, 0.0, 0.0], [2.887351517119917, 2.0466709900819086e-16, -8.611146938639848e-17], [4.007658052671186, 2.664444011350862, 4.440892098500626e-16], [6.907140209536713, 2.6584420463269427, -0.015617974665718015], [7.976602337832574, 5.2953560114118154, 0.0891244056324354], [9.39729648854843, 6.158258948143338, -1.4208176520485378], [-0.7410065427607062, 0.9567954272847687, -1.6576564794582818], [-0.7382770732878298, -1.9133186859082696, -0.0006688580884743889], [-0.742269286014665, 0.9561983214592609, 1.6578164960798454], [3.5721151420699515, -1.0226008875701211, -1.645265825102106], [3.572918734532861, -1.0237245052746409, 1.6453382165355188], [3.3229742600214536, 3.693579389313139, -1.6420342903198408], [3.3308362641183917, 3.6857214444624464, 1.652244687984276], [7.642922427097445, 1.7330079905172078, -1.6877515093105395], [7.595848811488925, 1.6361791595468382, 1.633241318038661], [7.34840129457525, 6.438934773314712, 1.6990997497958196]], "name": "C5H10O", "identifiers": {"molecule_hash": "e4a6036431021ec90abfc26407bfd0933541ae01", "molecular_formula": "C5H10O"}, "molecular_charge": 0.0, "molecular_multiplicity": 1, "connectivity": [[0, 1, 1.0], [0, 6, 1.0], [0, 7, 1.0], [0, 8, 1.0], [1, 2, 1.0], [1, 9, 1.0], [1, 10, 1.0], [2, 3, 1.0], [2, 11, 1.0], [2, 12, 1.0], [3, 4, 1.0], [3, 13, 1.0], [3, 14, 1.0], [4, 5, 2.0], [4, 15, 1.0]], "fix_com": true, "fix_orientation": true, "provenance": {"creator": "QCElemental", "version": "v0.22.0", "routine": "qcelemental.molparse.from_schema"}, "id": "49774"}, "charge": 0, "optimize_geometry": false, "conformers": [], "conformer_generation_options": {"n_conformer_pool": 4000, "n_max_conformers": 0, "rms_tolerance": 0.05, "energy_window": 15, "keep_original_conformer": true}, "stage_1_unrestrained_charges": null, "stage_1_restrained_charges": null, "stage_2_unrestrained_charges": null, "stage_2_restrained_charges": null, "keep_original_orientation": false, "reorientations": [], "translations": [], "rotations": []}}, {"index": 1, "molecule": {"qcmol": {"schema_name": "qcschema_molecule", "schema_version": 2, "validated": true, "symbols": ["C", "C", "C", "C", "C", "O", "H", "H", "H", "H", "H", "H", "H", "H", "H", "H"], "geometry": [[0.0, 0.0, 0.0], [2.887351517119917, 2.0466709900819086e-16, -8.611146938639848e-17], [4.007658052671186, 2.664444011350862, 4.440892098500626e-16], [6.907140209536713, 2.6584420463269427, -0.015617974665718015], [7.976602337832574, 5.2953560114118154, 0.0891244056324354], [9.39729648854843, 6.158258948143338, -1.4208176520485378], [-0.7410065427607062, 0.9567954272847687, -1.6576564794582818], [-0.7382770732878298, -1.9133186859082696, -0.0006688580884743889], [-0.742269286014665, 0.9561983214592609, 1.6578164960798454], [3.5721151420699515, -1.0226008875701211, -1.645265825102106], [3.572918734532861, -1.0237245052746409, 1.6453382165355188], [3.3229742600214536, 3.693579389313139, -1.6420342903198408], [3.3308362641183917, 3.6857214444624464, 1.652244687984276], [7.642922427097445, 1.7330079905172078, -1.6877515093105395], [7.595848811488925, 1.6361791595468382, 1.633241318038661], [7.34840129457525, 6.438934773314712, 1.6990997497958196]], "name": "C5H10O", "identifiers": {"molecule_hash": "e4a6036431021ec90abfc26407bfd0933541ae01", "molecular_formula": "C5H10O"}, "molecular_charge": 0.0, "molecular_multiplicity": 1, "connectivity": [[0, 1, 1.0], [0, 6, 1.0], [0, 7, 1.0], [0, 8, 1.0], [1, 2, 1.0], [1, 9, 1.0], [1, 10, 1.0], [2, 3, 1.0], [2, 11, 1.0], [2, 12, 1.0], [3, 4, 1.0], [3, 13, 1.0], [3, 14, 1.0], [4, 5, 2.0], [4, 15, 1.0]], "fix_com": true, "fix_orientation": true, "provenance": {"creator": "QCElemental", "version": "v0.22.0", "routine": "qcelemental.molparse.from_schema"}, "id": "49774"}, "charge": 0, "optimize_geometry": false, "conformers": [], "conformer_generation_options": {"n_conformer_pool": 4000, "n_max_conformers": 0, "rms_tolerance": 0.05, "energy_window": 15, "keep_original_conformer": true}, "stage_1_unrestrained_charges": null, "stage_1_restrained_charges": null, "stage_2_unrestrained_charges": null, "stage_2_restrained_charges": null, "keep_original_orientation": false, "reorientations": [], "translations": [], "rotations": []}}, {"index": 2, "molecule": {"qcmol": {"schema_name": "qcschema_molecule", "schema_version": 2, "validated": true, "symbols": ["C", "C", "C", "C", "C", "O", "H", "H", "H", "H", "H", "H", "H", "H", "H", "H"], "geometry": [[0.0, 0.0, 0.0], [2.887351517119917, 2.0466709900819086e-16, -8.611146938639848e-17], [4.007658052671186, 2.664444011350862, 4.440892098500626e-16], [6.907140209536713, 2.6584420463269427, -0.015617974665718015], [7.976602337832574, 5.2953560114118154, 0.0891244056324354], [9.39729648854843, 6.158258948143338, -1.4208176520485378], [-0.7410065427607062, 0.9567954272847687, -1.6576564794582818], [-0.7382770732878298, -1.9133186859082696, -0.0006688580884743889], [-0.742269286014665, 0.9561983214592609, 1.6578164960798454], [3.5721151420699515, -1.0226008875701211, -1.645265825102106], [3.572918734532861, -1.0237245052746409, 1.6453382165355188], [3.3229742600214536, 3.693579389313139, -1.6420342903198408], [3.3308362641183917, 3.6857214444624464, 1.652244687984276], [7.642922427097445, 1.7330079905172078, -1.6877515093105395], [7.595848811488925, 1.6361791595468382, 1.633241318038661], [7.34840129457525, 6.438934773314712, 1.6990997497958196]], "name": "C5H10O", "identifiers": {"molecule_hash": "e4a6036431021ec90abfc26407bfd0933541ae01", "molecular_formula": "C5H10O"}, "molecular_charge": 0.0, "molecular_multiplicity": 1, "connectivity": [[0, 1, 1.0], [0, 6, 1.0], [0, 7, 1.0], [0, 8, 1.0], [1, 2, 1.0], [1, 9, 1.0], [1, 10, 1.0], [2, 3, 1.0], [2, 11, 1.0], [2, 12, 1.0], [3, 4, 1.0], [3, 13, 1.0], [3, 14, 1.0], [4, 5, 2.0], [4, 15, 1.0]], "fix_com": true, "fix_orientation": true, "provenance": {"creator": "QCElemental", "version": "v0.22.0", "routine": "qcelemental.molparse.from_schema"}, "id": "49774"}, "charge": 0, "optimize_geometry": false, "conformers": [], "conformer_generation_options": {"n_conformer_pool": 4000, "n_max_conformers": 0, "rms_tolerance": 0.05, "energy_window": 15, "keep_original_conformer": true}, "stage_1_unrestrained_charges": null, "stage_1_restrained_charges": null, "stage_2_unrestrained_charges": null, "stage_2_restrained_charges": null, "keep_original_orientation": false, "reorientations": [], "translations": [], "rotations": []}}, {"index": 3, "molecule": {"qcmol": {"schema_name": "qcschema_molecule", "schema_version": 2, "validated": true, "symbols": ["C", "C", "C", "C", "C", "O", "H", "H", "H", "H", "H", "H", "H", "H", "H", "H"], "geometry": [[0.0, 0.0, 0.0], [2.887351517119917, 2.0466709900819086e-16, -8.611146938639848e-17], [4.007658052671186, 2.664444011350862, 4.440892098500626e-16], [6.907140209536713, 2.6584420463269427, -0.015617974665718015], [7.976602337832574, 5.2953560114118154, 0.0891244056324354], [9.39729648854843, 6.158258948143338, -1.4208176520485378], [-0.7410065427607062, 0.9567954272847687, -1.6576564794582818], [-0.7382770732878298, -1.9133186859082696, -0.0006688580884743889], [-0.742269286014665, 0.9561983214592609, 1.6578164960798454], [3.5721151420699515, -1.0226008875701211, -1.645265825102106], [3.572918734532861, -1.0237245052746409, 1.6453382165355188], [3.3229742600214536, 3.693579389313139, -1.6420342903198408], [3.3308362641183917, 3.6857214444624464, 1.652244687984276], [7.642922427097445, 1.7330079905172078, -1.6877515093105395], [7.595848811488925, 1.6361791595468382, 1.633241318038661], [7.34840129457525, 6.438934773314712, 1.6990997497958196]], "name": "C5H10O", "identifiers": {"molecule_hash": "e4a6036431021ec90abfc26407bfd0933541ae01", "molecular_formula": "C5H10O"}, "molecular_charge": 0.0, "molecular_multiplicity": 1, "connectivity": [[0, 1, 1.0], [0, 6, 1.0], [0, 7, 1.0], [0, 8, 1.0], [1, 2, 1.0], [1, 9, 1.0], [1, 10, 1.0], [2, 3, 1.0], [2, 11, 1.0], [2, 12, 1.0], [3, 4, 1.0], [3, 13, 1.0], [3, 14, 1.0], [4, 5, 2.0], [4, 15, 1.0]], "fix_com": true, "fix_orientation": true, "provenance": {"creator": "QCElemental", "version": "v0.22.0", "routine": "qcelemental.molparse.from_schema"}, "id": "49774"}, "charge": 0, "optimize_geometry": false, "conformers": [], "conformer_generation_options": {"n_conformer_pool": 4000, "n_max_conformers": 0, "rms_tolerance": 0.05, "energy_window": 15, "keep_original_conformer": true}, "stage_1_unrestrained_charges": null, "stage_1_restrained_charges": null, "stage_2_unrestrained_charges": null, "stage_2_restrained_charges": null, "keep_original_orientation": false, "reorientations": [], "translations": [], "rotations": []}}]}, "surface_constraints": {"matrix": [[1847.7703370160614, 1788.4434056729538, 1713.7005155143231, 1634.8460870201848, 1550.072657746009, 1484.3305516453993, 1857.7752944350214, 1853.664263715152, 1852.4782167408428, 1781.9913016303788, 1780.0806251502177, 1714.7901465437183, 1697.9799002854493, 1627.9199815128754, 1626.2342066344486, 1533.0741099380182], [1788.4434056729538, 1835.1898605024542, 1782.499480720462, 1709.2638913478643, 1636.6071219024313, 1573.2274874511484, 1770.2814975862887, 1767.3109955519483, 1766.7579869149179, 1859.662271686962, 1859.9574255893801, 1780.2207002556872, 1779.2402124529194, 1697.0880072084651, 1697.0880655604922, 1620.4177541713354], [1713.7005155143231, 1782.499480720462, 1831.7396358251162, 1780.0839561797945, 1714.4366931274312, 1647.727517511905, 1709.643832176757, 1682.3179616887764, 1676.559229093277, 1776.1363409474548, 1779.4977238693484, 1860.5990317997191, 1858.105494744274, 1771.1147457084724, 1771.426974691751, 1701.283924762043], [1634.8460870201848, 1709.2638913478643, 1780.0839561797945, 1828.9110416488693, 1784.2100158687667, 1732.0803035874935, 1625.645270205312, 1611.684037703704, 1593.7980100687141, 1721.5463463269293, 1680.126028308752, 1779.395982605888, 1777.0184346113224, 1850.3065501789476, 1850.8643723823307, 1763.270988597583], [1550.072657746009, 1636.6071219024313, 1714.4366931274312, 1784.2100158687667, 1841.3308534517794, 1825.9994075301254, 1550.1842286729259, 1521.53566357625, 1497.6564311151324, 1664.0936114254973, 1600.402893869294, 1709.9077745340692, 1708.2666095181196, 1776.778563168731, 1777.2042098244635, 1854.1297659571605], [1484.3305516453993, 1573.2274874511484, 1647.727517511905, 1732.0803035874935, 1825.9994075301254, 1890.8568097202524, 1480.7854769190358, 1461.2030330209097, 1429.6614212561974, 1613.4668685919394, 1530.8116508502294, 1632.8698678298365, 1640.402835494381, 1718.9328525335095, 1717.1422073354524, 1794.9879900273563], [1857.7752944350214, 1770.2814975862887, 1709.643832176757, 1625.645270205312, 1550.1842286729259, 1480.7854769190358, 1950.6818757120625, 1835.4142360428882, 1833.0777528793435, 1744.0921798837892, 1748.4242037802403, 1735.6609195942108, 1682.8174849189902, 1617.41573966848, 1608.1799277719917, 1542.6321372220439], [1853.664263715152, 1767.3109955519483, 1682.3179616887764, 1611.684037703704, 1521.53566357625, 1461.2030330209097, 1835.4142360428882, 1940.7620917940953, 1829.0513615028474, 1769.0696637007493, 1739.2988132373646, 1674.0998196281528, 1662.8885712917315, 1605.01178732555, 1614.2480658526306, 1497.0783651405195], [1852.4782167408428, 1766.7579869149179, 1676.559229093277, 1593.7980100687141, 1497.6564311151324, 1429.6614212561974, 1833.0777528793435, 1829.0513615028474, 1938.6092072016793, 1746.8443075778705, 1764.6533415411573, 1664.308591218925, 1667.5836073301095, 1592.6887353542281, 1586.687813757198, 1477.7819543434146], [1781.9913016303788, 1859.662271686962, 1776.1363409474548, 1721.5463463269293, 1664.0936114254973, 1613.4668685919394, 1744.0921798837892, 1769.0696637007493, 1746.8443075778705, 1964.3559419846956, 1855.704932242587, 1747.3154003295679, 1759.1070960001448, 1719.3857467036562, 1699.2909111346667, 1644.266631132179], [1780.0806251502177, 1859.9574255893801, 1779.4977238693484, 1680.126028308752, 1600.402893869294, 1530.8116508502294, 1748.4242037802403, 1739.2988132373646, 1764.6533415411573, 1855.704932242587, 1962.5721945000248, 1775.5916585499665, 1777.0869665048263, 1651.5499326566253, 1672.9110138137194, 1586.9607848796416], [1714.7901465437183, 1780.2207002556872, 1860.5990317997191, 1779.395982605888, 1709.9077745340692, 1632.8698678298365, 1735.6609195942108, 1674.0998196281528, 1664.308591218925, 1747.3154003295679, 1775.5916585499665, 1968.684029952828, 1857.111730313828, 1750.0880261728516, 1769.9268271487588, 1703.6203139754546], [1697.9799002854493, 1779.2402124529194, 1858.105494744274, 1777.0184346113224, 1708.2666095181196, 1640.402835494381, 1682.8174849189902, 1662.8885712917315, 1667.5836073301095, 1759.1070960001448, 1777.0869665048263, 1857.111730313828, 1962.753102100485, 1767.129913166765, 1747.8853739469873, 1696.092678716756], [1627.9199815128754, 1697.0880072084651, 1771.1147457084724, 1850.3065501789476, 1776.778563168731, 1718.9328525335095, 1617.41573966848, 1605.01178732555, 1592.6887353542281, 1719.3857467036562, 1651.5499326566253, 1750.0880261728516, 1767.129913166765, 1949.7144517359204, 1842.8331971025723, 1740.7870496950488], [1626.2342066344486, 1697.0880655604922, 1771.426974691751, 1850.8643723823307, 1777.2042098244635, 1717.1422073354524, 1608.1799277719917, 1614.2480658526306, 1586.687813757198, 1699.2909111346667, 1672.9110138137194, 1769.9268271487588, 1747.8853739469873, 1842.8331971025723, 1950.5088536992707, 1743.5648099949033], [1533.0741099380182, 1620.4177541713354, 1701.283924762043, 1763.270988597583, 1854.1297659571605, 1794.9879900273563, 1542.6321372220439, 1497.0783651405195, 1477.7819543434146, 1644.266631132179, 1586.9607848796416, 1703.6203139754546, 1696.092678716756, 1740.7870496950488, 1743.5648099949033, 1949.5211544193996], [36.450937638130306, 34.52902140922166, 32.9342339432971, 23.173239636683928, 0.5696034470004366, -32.76470925496506, 36.883350026767104, 35.02148298377776, 38.48326776701958, 29.10742933376315, 38.350746977986304, 37.012946079530224, 34.107664653428756, 27.061910540257156, 27.69266026752478, 13.693031203981993]]}}