{"resp_b": 0.1, "restrained_fit": true, "exclude_hydrogens": true, "convergence_tolerance": 1e-06, "max_iter": 500, "resp_a": 0.0005, "charge_constraints": {"charge_sum_constraints": [], "charge_equivalence_constraints": [], "molecules": [{"qcmol": {"schema_name": "qcschema_molecule", "schema_version": 2, "validated": true, "symbols": ["C", "C", "C", "C", "C", "O", "H", "H", "H", "H", "H", "H", "H", "H", "H", "H"], "geometry": [[0.0, 0.0, 0.0], [2.887351517119917, 2.0466709900819086e-16, -8.611146938639848e-17], [4.007658052671186, 2.664444011350862, 4.440892098500626e-16], [6.907140209536713, 2.6584420463269427, -0.015617974665718015], [7.976602337832574, 5.2953560114118154, 0.0891244056324354], [9.39729648854843, 6.158258948143338, -1.4208176520485378], [-0.7410065427607062, 0.9567954272847687, -1.6576564794582818], [-0.7382770732878298, -1.9133186859082696, -0.0006688580884743889], [-0.742269286014665, 0.9561983214592609, 1.6578164960798454], [3.5721151420699515, -1.0226008875701211, -1.645265825102106], [3.572918734532861, -1.0237245052746409, 1.6453382165355188], [3.3229742600214536, 3.693579389313139, -1.6420342903198408], [3.3308362641183917, 3.6857214444624464, 1.652244687984276], [7.642922427097445, 1.7330079905172078, -1.6877515093105395], [7.595848811488925, 1.6361791595468382, 1.633241318038661], [7.34840129457525, 6.438934773314712, 1.6990997497958196]], "name": "C5H10O", "identifiers": {"molecule_hash": "e4a6036431021ec90abfc26407bfd0933541ae01", "molecular_formula": "C5H10O"}, "molecular_charge": 0.0, "molecular_multiplicity": 1, "connectivity": [[0, 1, 1.0], [0, 6, 1.0], [0, 7, 1.0], [0, 8, 1.0], [1, 2, 1.0], [1, 9, 1.0], [1, 10, 1.0], [2, 3, 1.0], [2, 11, 1.0], [2, 12, 1.0], [3, 4, 1.0], [3, 13, 1.0], [3, 14, 1.0], [4, 5, 2.0], [4, 15, 1.0]], "fix_com": true, "fix_orientation": true, "provenance": {"creator": "QCElemental", "version": "v0.22.0", "routine": "qcelemental.molparse.from_schema"}, "id": "49774"}, "charge": 0, "optimize_geometry": false, "conformers": [], "conformer_generation_options": {"n_conformer_pool": 4000, "n_max_conformers": 0, "rms_tolerance": 0.05, "energy_window": 15, "keep_original_conformer": true}, "stage_1_unrestrained_charges": null, "stage_1_restrained_charges": null, "stage_2_unrestrained_charges": null, "stage_2_restrained_charges": null, "keep_original_orientation": false, "reorientations": [], "translations": [], "rotations": []}], "unconstrained_atoms": [{"index": 0, "molecule": {"qcmol": {"schema_name": "qcschema_molecule", "schema_version": 2, "validated": true, "symbols": ["C", "C", "C", "C", "C", "O", "H", "H", "H", "H", "H", "H", "H", "H", "H", "H"], "geometry": [[0.0, 0.0, 0.0], [2.887351517119917, 2.0466709900819086e-16, -8.611146938639848e-17], [4.007658052671186, 2.664444011350862, 4.440892098500626e-16], [6.907140209536713, 2.6584420463269427, -0.015617974665718015], [7.976602337832574, 5.2953560114118154, 0.0891244056324354], [9.39729648854843, 6.158258948143338, -1.4208176520485378], [-0.7410065427607062, 0.9567954272847687, -1.6576564794582818], [-0.7382770732878298, -1.9133186859082696, -0.0006688580884743889], [-0.742269286014665, 0.9561983214592609, 1.6578164960798454], [3.5721151420699515, -1.0226008875701211, -1.645265825102106], [3.572918734532861, -1.0237245052746409, 1.6453382165355188], [3.3229742600214536, 3.693579389313139, -1.6420342903198408], [3.3308362641183917, 3.6857214444624464, 1.652244687984276], [7.642922427097445, 1.7330079905172078, -1.6877515093105395], [7.595848811488925, 1.6361791595468382, 1.633241318038661], [7.34840129457525, 6.438934773314712, 1.6990997497958196]], "name": "C5H10O", "identifiers": {"molecule_hash": "e4a6036431021ec90abfc26407bfd0933541ae01", "molecular_formula": "C5H10O"}, "molecular_charge": 0.0, "molecular_multiplicity": 1, "connectivity": [[0, 1, 1.0], [0, 6, 1.0], [0, 7, 1.0], [0, 8, 1.0], [1, 2, 1.0], [1, 9, 1.0], [1, 10, 1.0], [2, 3, 1.0], [2, 11, 1.0], [2, 12, 1.0], [3, 4, 1.0], [3, 13, 1.0], [3, 14, 1.0], [4, 5, 2.0], [4, 15, 1.0]], "fix_com": true, "fix_orientation": true, "provenance": {"creator": "QCElemental", "version": "v0.22.0", "routine": "qcelemental.molparse.from_schema"}, "id": "49774"}, "charge": 0, "optimize_geometry": false, "conformers": [], "conformer_generation_options": {"n_conformer_pool": 4000, "n_max_conformers": 0, "rms_tolerance": 0.05, "energy_window": 15, "keep_original_conformer": true}, "stage_1_unrestrained_charges": null, "stage_1_restrained_charges": null, "stage_2_unrestrained_charges": null, "stage_2_restrained_charges": null, "keep_original_orientation": false, "reorientations": [], "translations": [], "rotations": []}}, {"index": 1, "molecule": {"qcmol": {"schema_name": "qcschema_molecule", "schema_version": 2, "validated": true, "symbols": ["C", "C", "C", "C", "C", "O", "H", "H", "H", "H", "H", "H", "H", "H", "H", "H"], "geometry": [[0.0, 0.0, 0.0], [2.887351517119917, 2.0466709900819086e-16, -8.611146938639848e-17], [4.007658052671186, 2.664444011350862, 4.440892098500626e-16], [6.907140209536713, 2.6584420463269427, -0.015617974665718015], [7.976602337832574, 5.2953560114118154, 0.0891244056324354], [9.39729648854843, 6.158258948143338, -1.4208176520485378], [-0.7410065427607062, 0.9567954272847687, -1.6576564794582818], [-0.7382770732878298, -1.9133186859082696, -0.0006688580884743889], [-0.742269286014665, 0.9561983214592609, 1.6578164960798454], [3.5721151420699515, -1.0226008875701211, -1.645265825102106], [3.572918734532861, -1.0237245052746409, 1.6453382165355188], [3.3229742600214536, 3.693579389313139, -1.6420342903198408], [3.3308362641183917, 3.6857214444624464, 1.652244687984276], [7.642922427097445, 1.7330079905172078, -1.6877515093105395], [7.595848811488925, 1.6361791595468382, 1.633241318038661], [7.34840129457525, 6.438934773314712, 1.6990997497958196]], "name": "C5H10O", "identifiers": {"molecule_hash": "e4a6036431021ec90abfc26407bfd0933541ae01", "molecular_formula": "C5H10O"}, "molecular_charge": 0.0, "molecular_multiplicity": 1, "connectivity": [[0, 1, 1.0], [0, 6, 1.0], [0, 7, 1.0], [0, 8, 1.0], [1, 2, 1.0], [1, 9, 1.0], [1, 10, 1.0], [2, 3, 1.0], [2, 11, 1.0], [2, 12, 1.0], [3, 4, 1.0], [3, 13, 1.0], [3, 14, 1.0], [4, 5, 2.0], [4, 15, 1.0]], "fix_com": true, "fix_orientation": true, "provenance": {"creator": "QCElemental", "version": "v0.22.0", "routine": "qcelemental.molparse.from_schema"}, "id": "49774"}, "charge": 0, "optimize_geometry": false, "conformers": [], "conformer_generation_options": {"n_conformer_pool": 4000, "n_max_conformers": 0, "rms_tolerance": 0.05, "energy_window": 15, "keep_original_conformer": true}, "stage_1_unrestrained_charges": null, "stage_1_restrained_charges": null, "stage_2_unrestrained_charges": null, "stage_2_restrained_charges": null, "keep_original_orientation": false, "reorientations": [], "translations": [], "rotations": []}}, {"index": 2, "molecule": {"qcmol": {"schema_name": "qcschema_molecule", "schema_version": 2, "validated": true, "symbols": ["C", "C", "C", "C", "C", "O", "H", "H", "H", "H", "H", "H", "H", "H", "H", "H"], "geometry": [[0.0, 0.0, 0.0], [2.887351517119917, 2.0466709900819086e-16, -8.611146938639848e-17], [4.007658052671186, 2.664444011350862, 4.440892098500626e-16], [6.907140209536713, 2.6584420463269427, -0.015617974665718015], [7.976602337832574, 5.2953560114118154, 0.0891244056324354], [9.39729648854843, 6.158258948143338, -1.4208176520485378], [-0.7410065427607062, 0.9567954272847687, -1.6576564794582818], [-0.7382770732878298, -1.9133186859082696, -0.0006688580884743889], [-0.742269286014665, 0.9561983214592609, 1.6578164960798454], [3.5721151420699515, -1.0226008875701211, -1.645265825102106], [3.572918734532861, -1.0237245052746409, 1.6453382165355188], [3.3229742600214536, 3.693579389313139, -1.6420342903198408], [3.3308362641183917, 3.6857214444624464, 1.652244687984276], [7.642922427097445, 1.7330079905172078, -1.6877515093105395], [7.595848811488925, 1.6361791595468382, 1.633241318038661], [7.34840129457525, 6.438934773314712, 1.6990997497958196]], "name": "C5H10O", "identifiers": {"molecule_hash": "e4a6036431021ec90abfc26407bfd0933541ae01", "molecular_formula": "C5H10O"}, "molecular_charge": 0.0, "molecular_multiplicity": 1, "connectivity": [[0, 1, 1.0], [0, 6, 1.0], [0, 7, 1.0], [0, 8, 1.0], [1, 2, 1.0], [1, 9, 1.0], [1, 10, 1.0], [2, 3, 1.0], [2, 11, 1.0], [2, 12, 1.0], [3, 4, 1.0], [3, 13, 1.0], [3, 14, 1.0], [4, 5, 2.0], [4, 15, 1.0]], "fix_com": true, "fix_orientation": true, "provenance": {"creator": "QCElemental", "version": "v0.22.0", "routine": "qcelemental.molparse.from_schema"}, "id": "49774"}, "charge": 0, "optimize_geometry": false, "conformers": [], "conformer_generation_options": {"n_conformer_pool": 4000, "n_max_conformers": 0, "rms_tolerance": 0.05, "energy_window": 15, "keep_original_conformer": true}, "stage_1_unrestrained_charges": null, "stage_1_restrained_charges": null, "stage_2_unrestrained_charges": null, "stage_2_restrained_charges": null, "keep_original_orientation": false, "reorientations": [], "translations": [], "rotations": []}}, {"index": 3, "molecule": {"qcmol": {"schema_name": "qcschema_molecule", "schema_version": 2, "validated": true, "symbols": ["C", "C", "C", "C", "C", "O", "H", "H", "H", "H", "H", "H", "H", "H", "H", "H"], "geometry": [[0.0, 0.0, 0.0], [2.887351517119917, 2.0466709900819086e-16, -8.611146938639848e-17], [4.007658052671186, 2.664444011350862, 4.440892098500626e-16], [6.907140209536713, 2.6584420463269427, -0.015617974665718015], [7.976602337832574, 5.2953560114118154, 0.0891244056324354], [9.39729648854843, 6.158258948143338, -1.4208176520485378], [-0.7410065427607062, 0.9567954272847687, -1.6576564794582818], [-0.7382770732878298, -1.9133186859082696, -0.0006688580884743889], [-0.742269286014665, 0.9561983214592609, 1.6578164960798454], [3.5721151420699515, -1.0226008875701211, -1.645265825102106], [3.572918734532861, -1.0237245052746409, 1.6453382165355188], [3.3229742600214536, 3.693579389313139, -1.6420342903198408], [3.3308362641183917, 3.6857214444624464, 1.652244687984276], [7.642922427097445, 1.7330079905172078, -1.6877515093105395], [7.595848811488925, 1.6361791595468382, 1.633241318038661], [7.34840129457525, 6.438934773314712, 1.6990997497958196]], "name": "C5H10O", "identifiers": {"molecule_hash": "e4a6036431021ec90abfc26407bfd0933541ae01", "molecular_formula": "C5H10O"}, "molecular_charge": 0.0, "molecular_multiplicity": 1, "connectivity": [[0, 1, 1.0], [0, 6, 1.0], [0, 7, 1.0], [0, 8, 1.0], [1, 2, 1.0], [1, 9, 1.0], [1, 10, 1.0], [2, 3, 1.0], [2, 11, 1.0], [2, 12, 1.0], [3, 4, 1.0], [3, 13, 1.0], [3, 14, 1.0], [4, 5, 2.0], [4, 15, 1.0]], "fix_com": true, "fix_orientation": true, "provenance": {"creator": "QCElemental", "version": "v0.22.0", "routine": "qcelemental.molparse.from_schema"}, "id": "49774"}, "charge": 0, "optimize_geometry": false, "conformers": [], "conformer_generation_options": {"n_conformer_pool": 4000, "n_max_conformers": 0, "rms_tolerance": 0.05, "energy_window": 15, "keep_original_conformer": true}, "stage_1_unrestrained_charges": null, "stage_1_restrained_charges": null, "stage_2_unrestrained_charges": null, "stage_2_restrained_charges": null, "keep_original_orientation": false, "reorientations": [], "translations": [], "rotations": []}}]}, "surface_constraints": {"matrix": [[373298904618103.25, 361975779666113.56, 348333888619164.9, 334004263505379.4, 318204206299205.3, 306517605849190.8, 375803705733940.4, 375391832503797.75, 375198283300175.6, 361004361306204.7, 360797180836969.4, 348933065392684.1, 345821899509871.7, 333247253292923.94, 333102676432054.94, 315565898737200.8], [361975779666113.56, 370258668962723.75, 360909079115247.8, 347650341649907.8, 334284566360590.4, 323301522783332.9, 359155302887727.1, 358822330426686.56, 358759576645470.94, 375043909941817.06, 375399491552763.7, 360953094131256.94, 360945828644850.25, 345990471938513.7, 346137919009683.5, 331983353661230.3], [348333888619164.9, 360909079115247.8, 370295174782711.9, 361126301890813.3, 349181050324442.44, 337808130043359.4, 348060452309710.56, 343091407085706.56, 341983719653403.25, 359924936852881.56, 360788970701054.75, 376185272068725.25, 375971807265866.3, 360138375372147.94, 360431597741210.5, 347632071317396.44], [334004263505379.4, 347650341649907.8, 361126301890813.3, 370703700845239.94, 362656286644061.7, 354333267779365.4, 332673788596122.7, 330304215163632.3, 326717252684751.5, 350198692999564.5, 342381800071942.5, 361367641087868.2, 361155091785802.2, 375603182529550.75, 375972788484746.56, 359804606634041.2], [318204206299205.3, 334284566360590.4, 349181050324442.44, 362656286644061.7, 373360231627158.4, 372103715737864.75, 318621082467849.44, 313380349596541.06, 308561677373814.06, 339682868895759.94, 327600082084614.56, 348645987379629.2, 348633874073969.94, 362152438849004.7, 362450986100781.7, 377191146755241.25], [306517605849190.8, 323301522783332.9, 337808130043359.4, 354333267779365.4, 372103715737864.75, 385641697627687.8, 306144084845624.4, 302671686426005.7, 296279861216545.5, 331178521392976.7, 315318890031157.6, 335240208985440.25, 336946484672021.2, 352688798473193.44, 352581043248711.1, 367581002476372.7], [375803705733940.4, 359155302887727.1, 348060452309710.56, 332673788596122.7, 318621082467849.44, 306144084845624.4, 394176252673241.5, 372471109306782.94, 372061097933109.7, 354391559796375.5, 355375737246953.3, 353544363222578.75, 343304967131895.6, 331659157095520.5, 329997583947219.3, 317852253571752.4], [375391832503797.75, 358822330426686.56, 343091407085706.56, 330304215163632.3, 313380349596541.06, 302671686426005.7, 372471109306782.94, 393138358002496.9, 371678299628313.1, 359433637099135.56, 353783810496161.1, 341807149760996.94, 339798218983753.3, 329540254569862.6, 331603102264610.25, 309187354291964.7], [375198283300175.6, 358759576645470.94, 341983719653403.25, 326717252684751.5, 308561677373814.06, 296279861216545.5, 372061097933109.7, 371678299628313.1, 392769853533032.06, 355179256760312.1, 358747788418638.56, 339934713279296.3, 340739894605119.6, 327043930735464.44, 326015039010140.4, 305256627159278.9], [361004361306204.7, 375043909941817.06, 359924936852881.56, 350198692999564.5, 339682868895759.94, 331178521392976.7, 354391559796375.5, 359433637099135.56, 355179256760312.1, 395076692444869.2, 374710960133080.9, 354872889421657.0, 357336318120300.0, 350570965959199.94, 346739127655563.25, 336717635987579.06], [360797180836969.4, 375399491552763.7, 360788970701054.75, 342381800071942.5, 327600082084614.56, 315318890031157.6, 355375737246953.3, 353783810496161.1, 358747788418638.56, 374710960133080.9, 395565929322033.94, 360536573874051.5, 361012091091757.7, 337464440888078.1, 341743946844532.6, 325763451099542.5], [348933065392684.1, 360953094131256.94, 376185272068725.25, 361367641087868.2, 348645987379629.2, 335240208985440.25, 353544363222578.75, 341807149760996.94, 339934713279296.3, 354872889421657.0, 360536573874051.5, 397341727969655.5, 376104008911944.3, 356444804293140.3, 360474600114154.4, 348381586496306.0], [345821899509871.7, 360945828644850.25, 375971807265866.3, 361155091785802.2, 348633874073969.94, 336946484672021.2, 343304967131895.6, 339798218983753.3, 340739894605119.6, 357336318120300.0, 361012091091757.7, 376104008911944.3, 396816707713746.0, 359888555160377.4, 356469965418008.06, 347264306045684.0], [333247253292923.94, 345990471938513.7, 360138375372147.94, 375603182529550.75, 362152438849004.7, 352688798473193.44, 331659157095520.5, 329540254569862.6, 327043930735464.44, 350570965959199.94, 337464440888078.1, 356444804293140.3, 359888555160377.4, 395506215764192.3, 375228960493844.7, 356279743932301.44], [333102676432054.94, 346137919009683.5, 360431597741210.5, 375972788484746.56, 362450986100781.7, 352581043248711.1, 329997583947219.3, 331603102264610.25, 326015039010140.4, 346739127655563.25, 341743946844532.6, 360474600114154.4, 356469965418008.06, 375228960493844.7, 396222048609346.6, 356970308561091.1], [315565898737200.8, 331983353661230.3, 347632071317396.44, 359804606634041.2, 377191146755241.25, 367581002476372.7, 317852253571752.4, 309187354291964.7, 305256627159278.9, 336717635987579.06, 325763451099542.5, 348381586496306.0, 347264306045684.0, 356279743932301.44, 356970308561091.1, 396902174535823.2], [6796913325227.91, 6310527744741.573, 5905221044598.39, 3929757184655.2915, -421217049562.0642, -6629070777161.712, 6917333346865.837, 6557013000214.916, 7271076916995.457, 5251738346312.427, 7095330020750.566, 6711594477338.264, 6167791339696.59, 4695031060946.54, 4813141712632.634, 2057368919794.3132]]}}