{"resp_b": 0.1, "restrained_fit": true, "exclude_hydrogens": true, "convergence_tolerance": 1e-06, "max_iter": 500, "resp_a": 0.0005, "charge_constraints": {"charge_sum_constraints": [], "charge_equivalence_constraints": [], "molecules": [{"qcmol": {"schema_name": "qcschema_molecule", "schema_version": 2, "validated": true, "symbols": ["C", "C", "C", "C", "O", "O", "C", "H", "H", "H", "H", "H", "H", "H", "H", "H", "H"], "geometry": [[0.0, -0.0, 0.0], [2.886604926410534, -1.3369907420742797e-16, 4.781669064643044e-16], [3.9727859252775, 2.6911592887111286, 4.440892098500626e-16], [6.821669845173736, 2.7016519230312177, 0.0710537067616055], [8.066441640714336, 3.345400823733355, 1.8273654516711708], [7.8110892038562785, 1.8672902772429099, -2.077825190913884], [10.480506336905673, 1.7458727268569192, -2.218912623920898], [-0.7315143646516782, -1.9156232473038568, 0.003306934301742559], [-0.7432188571685407, 0.957785363807248, 1.6556588252667865], [-0.7408907068385919, 0.9509013456345214, -1.661239221651587], [3.5821664825515223, -1.0105157293661935, -1.6420202214416402], [3.573037466352083, -1.0037816623616644, 1.6549099808472219], [3.31972705949424, 3.7307329692853584, 1.635998553042794], [3.3611358401076195, 3.68169370837622, -1.6888111495322913], [11.218374353968047, 0.4877857788434473, -0.7899738026240714], [10.909240035656019, 1.0316686776371176, -4.079738003458763], [11.296672309181892, 3.6003203202666834, -1.9667681818123834]], "name": "C5H10O2", "identifiers": {"molecule_hash": "c341809c51d0079a12113413d11c6bc35c027631", "molecular_formula": "C5H10O2"}, "molecular_charge": 0.0, "molecular_multiplicity": 1, "connectivity": [[0, 1, 1.0], [0, 7, 1.0], [0, 8, 1.0], [0, 9, 1.0], [1, 2, 1.0], [1, 10, 1.0], [1, 11, 1.0], [2, 3, 1.0], [2, 12, 1.0], [2, 13, 1.0], [3, 4, 2.0], [3, 5, 1.0], [5, 6, 1.0], [6, 14, 1.0], [6, 15, 1.0], [6, 16, 1.0]], "fix_com": true, "fix_orientation": true, "provenance": {"creator": "QCElemental", "version": "v0.22.0", "routine": "qcelemental.molparse.from_schema"}, "id": "120624"}, "charge": 0, "optimize_geometry": false, "conformers": [], "conformer_generation_options": {"n_conformer_pool": 4000, "n_max_conformers": 0, "rms_tolerance": 0.05, "energy_window": 15, "keep_original_conformer": true}, "stage_1_unrestrained_charges": null, "stage_1_restrained_charges": null, "stage_2_unrestrained_charges": null, "stage_2_restrained_charges": null, "keep_original_orientation": false, "reorientations": [], "translations": [], "rotations": []}], "unconstrained_atoms": [{"index": 0, "molecule": {"qcmol": {"schema_name": "qcschema_molecule", "schema_version": 2, "validated": true, "symbols": ["C", "C", "C", "C", "O", "O", "C", "H", "H", "H", "H", "H", "H", "H", "H", "H", "H"], "geometry": [[0.0, -0.0, 0.0], [2.886604926410534, -1.3369907420742797e-16, 4.781669064643044e-16], [3.9727859252775, 2.6911592887111286, 4.440892098500626e-16], [6.821669845173736, 2.7016519230312177, 0.0710537067616055], [8.066441640714336, 3.345400823733355, 1.8273654516711708], [7.8110892038562785, 1.8672902772429099, -2.077825190913884], [10.480506336905673, 1.7458727268569192, -2.218912623920898], [-0.7315143646516782, -1.9156232473038568, 0.003306934301742559], [-0.7432188571685407, 0.957785363807248, 1.6556588252667865], [-0.7408907068385919, 0.9509013456345214, -1.661239221651587], [3.5821664825515223, -1.0105157293661935, -1.6420202214416402], [3.573037466352083, -1.0037816623616644, 1.6549099808472219], [3.31972705949424, 3.7307329692853584, 1.635998553042794], [3.3611358401076195, 3.68169370837622, -1.6888111495322913], [11.218374353968047, 0.4877857788434473, -0.7899738026240714], [10.909240035656019, 1.0316686776371176, -4.079738003458763], [11.296672309181892, 3.6003203202666834, -1.9667681818123834]], "name": "C5H10O2", "identifiers": {"molecule_hash": "c341809c51d0079a12113413d11c6bc35c027631", "molecular_formula": "C5H10O2"}, "molecular_charge": 0.0, "molecular_multiplicity": 1, "connectivity": [[0, 1, 1.0], [0, 7, 1.0], [0, 8, 1.0], [0, 9, 1.0], [1, 2, 1.0], [1, 10, 1.0], [1, 11, 1.0], [2, 3, 1.0], [2, 12, 1.0], [2, 13, 1.0], [3, 4, 2.0], [3, 5, 1.0], [5, 6, 1.0], [6, 14, 1.0], [6, 15, 1.0], [6, 16, 1.0]], "fix_com": true, "fix_orientation": true, "provenance": {"creator": "QCElemental", "version": "v0.22.0", "routine": "qcelemental.molparse.from_schema"}, "id": "120624"}, "charge": 0, "optimize_geometry": false, "conformers": [], "conformer_generation_options": {"n_conformer_pool": 4000, "n_max_conformers": 0, "rms_tolerance": 0.05, "energy_window": 15, "keep_original_conformer": true}, "stage_1_unrestrained_charges": null, "stage_1_restrained_charges": null, "stage_2_unrestrained_charges": null, "stage_2_restrained_charges": null, "keep_original_orientation": false, "reorientations": [], "translations": [], "rotations": []}}, {"index": 1, "molecule": {"qcmol": {"schema_name": "qcschema_molecule", "schema_version": 2, "validated": true, "symbols": ["C", "C", "C", "C", "O", "O", "C", "H", "H", "H", "H", "H", "H", "H", "H", "H", "H"], "geometry": [[0.0, -0.0, 0.0], [2.886604926410534, -1.3369907420742797e-16, 4.781669064643044e-16], [3.9727859252775, 2.6911592887111286, 4.440892098500626e-16], [6.821669845173736, 2.7016519230312177, 0.0710537067616055], [8.066441640714336, 3.345400823733355, 1.8273654516711708], [7.8110892038562785, 1.8672902772429099, -2.077825190913884], [10.480506336905673, 1.7458727268569192, -2.218912623920898], [-0.7315143646516782, -1.9156232473038568, 0.003306934301742559], [-0.7432188571685407, 0.957785363807248, 1.6556588252667865], [-0.7408907068385919, 0.9509013456345214, -1.661239221651587], [3.5821664825515223, -1.0105157293661935, -1.6420202214416402], [3.573037466352083, -1.0037816623616644, 1.6549099808472219], [3.31972705949424, 3.7307329692853584, 1.635998553042794], [3.3611358401076195, 3.68169370837622, -1.6888111495322913], [11.218374353968047, 0.4877857788434473, -0.7899738026240714], [10.909240035656019, 1.0316686776371176, -4.079738003458763], [11.296672309181892, 3.6003203202666834, -1.9667681818123834]], "name": "C5H10O2", "identifiers": {"molecule_hash": "c341809c51d0079a12113413d11c6bc35c027631", "molecular_formula": "C5H10O2"}, "molecular_charge": 0.0, "molecular_multiplicity": 1, "connectivity": [[0, 1, 1.0], [0, 7, 1.0], [0, 8, 1.0], [0, 9, 1.0], [1, 2, 1.0], [1, 10, 1.0], [1, 11, 1.0], [2, 3, 1.0], [2, 12, 1.0], [2, 13, 1.0], [3, 4, 2.0], [3, 5, 1.0], [5, 6, 1.0], [6, 14, 1.0], [6, 15, 1.0], [6, 16, 1.0]], "fix_com": true, "fix_orientation": true, "provenance": {"creator": "QCElemental", "version": "v0.22.0", "routine": "qcelemental.molparse.from_schema"}, "id": "120624"}, "charge": 0, "optimize_geometry": false, "conformers": [], "conformer_generation_options": {"n_conformer_pool": 4000, "n_max_conformers": 0, "rms_tolerance": 0.05, "energy_window": 15, "keep_original_conformer": true}, "stage_1_unrestrained_charges": null, "stage_1_restrained_charges": null, "stage_2_unrestrained_charges": null, "stage_2_restrained_charges": null, "keep_original_orientation": false, "reorientations": [], "translations": [], "rotations": []}}, {"index": 2, "molecule": {"qcmol": {"schema_name": "qcschema_molecule", "schema_version": 2, "validated": true, "symbols": ["C", "C", "C", "C", "O", "O", "C", "H", "H", "H", "H", "H", "H", "H", "H", "H", "H"], "geometry": [[0.0, -0.0, 0.0], [2.886604926410534, -1.3369907420742797e-16, 4.781669064643044e-16], [3.9727859252775, 2.6911592887111286, 4.440892098500626e-16], [6.821669845173736, 2.7016519230312177, 0.0710537067616055], [8.066441640714336, 3.345400823733355, 1.8273654516711708], [7.8110892038562785, 1.8672902772429099, -2.077825190913884], [10.480506336905673, 1.7458727268569192, -2.218912623920898], [-0.7315143646516782, -1.9156232473038568, 0.003306934301742559], [-0.7432188571685407, 0.957785363807248, 1.6556588252667865], [-0.7408907068385919, 0.9509013456345214, -1.661239221651587], [3.5821664825515223, -1.0105157293661935, -1.6420202214416402], [3.573037466352083, -1.0037816623616644, 1.6549099808472219], [3.31972705949424, 3.7307329692853584, 1.635998553042794], [3.3611358401076195, 3.68169370837622, -1.6888111495322913], [11.218374353968047, 0.4877857788434473, -0.7899738026240714], [10.909240035656019, 1.0316686776371176, -4.079738003458763], [11.296672309181892, 3.6003203202666834, -1.9667681818123834]], "name": "C5H10O2", "identifiers": {"molecule_hash": "c341809c51d0079a12113413d11c6bc35c027631", "molecular_formula": "C5H10O2"}, "molecular_charge": 0.0, "molecular_multiplicity": 1, "connectivity": [[0, 1, 1.0], [0, 7, 1.0], [0, 8, 1.0], [0, 9, 1.0], [1, 2, 1.0], [1, 10, 1.0], [1, 11, 1.0], [2, 3, 1.0], [2, 12, 1.0], [2, 13, 1.0], [3, 4, 2.0], [3, 5, 1.0], [5, 6, 1.0], [6, 14, 1.0], [6, 15, 1.0], [6, 16, 1.0]], "fix_com": true, "fix_orientation": true, "provenance": {"creator": "QCElemental", "version": "v0.22.0", "routine": "qcelemental.molparse.from_schema"}, "id": "120624"}, "charge": 0, "optimize_geometry": false, "conformers": [], "conformer_generation_options": {"n_conformer_pool": 4000, "n_max_conformers": 0, "rms_tolerance": 0.05, "energy_window": 15, "keep_original_conformer": true}, "stage_1_unrestrained_charges": null, "stage_1_restrained_charges": null, "stage_2_unrestrained_charges": null, "stage_2_restrained_charges": null, "keep_original_orientation": false, "reorientations": [], "translations": [], "rotations": []}}, {"index": 6, "molecule": {"qcmol": {"schema_name": "qcschema_molecule", "schema_version": 2, "validated": true, "symbols": ["C", "C", "C", "C", "O", "O", "C", "H", "H", "H", "H", "H", "H", "H", "H", "H", "H"], "geometry": [[0.0, -0.0, 0.0], [2.886604926410534, -1.3369907420742797e-16, 4.781669064643044e-16], [3.9727859252775, 2.6911592887111286, 4.440892098500626e-16], [6.821669845173736, 2.7016519230312177, 0.0710537067616055], [8.066441640714336, 3.345400823733355, 1.8273654516711708], [7.8110892038562785, 1.8672902772429099, -2.077825190913884], [10.480506336905673, 1.7458727268569192, -2.218912623920898], [-0.7315143646516782, -1.9156232473038568, 0.003306934301742559], [-0.7432188571685407, 0.957785363807248, 1.6556588252667865], [-0.7408907068385919, 0.9509013456345214, -1.661239221651587], [3.5821664825515223, -1.0105157293661935, -1.6420202214416402], [3.573037466352083, -1.0037816623616644, 1.6549099808472219], [3.31972705949424, 3.7307329692853584, 1.635998553042794], [3.3611358401076195, 3.68169370837622, -1.6888111495322913], [11.218374353968047, 0.4877857788434473, -0.7899738026240714], [10.909240035656019, 1.0316686776371176, -4.079738003458763], [11.296672309181892, 3.6003203202666834, -1.9667681818123834]], "name": "C5H10O2", "identifiers": {"molecule_hash": "c341809c51d0079a12113413d11c6bc35c027631", "molecular_formula": "C5H10O2"}, "molecular_charge": 0.0, "molecular_multiplicity": 1, "connectivity": [[0, 1, 1.0], [0, 7, 1.0], [0, 8, 1.0], [0, 9, 1.0], [1, 2, 1.0], [1, 10, 1.0], [1, 11, 1.0], [2, 3, 1.0], [2, 12, 1.0], [2, 13, 1.0], [3, 4, 2.0], [3, 5, 1.0], [5, 6, 1.0], [6, 14, 1.0], [6, 15, 1.0], [6, 16, 1.0]], "fix_com": true, "fix_orientation": true, "provenance": {"creator": "QCElemental", "version": "v0.22.0", "routine": "qcelemental.molparse.from_schema"}, "id": "120624"}, "charge": 0, "optimize_geometry": false, "conformers": [], "conformer_generation_options": {"n_conformer_pool": 4000, "n_max_conformers": 0, "rms_tolerance": 0.05, "energy_window": 15, "keep_original_conformer": true}, "stage_1_unrestrained_charges": null, "stage_1_restrained_charges": null, "stage_2_unrestrained_charges": null, "stage_2_restrained_charges": null, "keep_original_orientation": false, "reorientations": [], "translations": [], "rotations": []}}]}, "surface_constraints": {"matrix": [[255779277607575.1, 247918226216413.53, 238178974463773.28, 227361066772769.9, 222644194753421.28, 218482821062706.34, 200788320172752.03, 256435580286546.0, 256725521411087.6, 256625082279066.25, 247057887214917.12, 246469693765603.6, 237447755838870.3, 236472921320932.12, 197503907279024.1, 198089894348010.1, 192297136774127.9], [247918226216413.53, 254807148409148.5, 247902477987960.72, 238978186755093.9, 234491140859443.12, 230846910584569.5, 212437445523941.28, 244935441366474.12, 245073138526440.16, 245070557608954.94, 258417202064730.53, 257823272951588.38, 246715412103461.25, 246807251670339.7, 210025688869609.78, 207652338281420.3, 204397039350434.6], [238178974463773.28, 247902477987960.72, 255250791887612.47, 248856343076713.2, 243255679191390.84, 242908833791663.3, 224104307301304.12, 232791836337557.9, 236285597352214.53, 235328091987850.0, 247456117668131.7, 246972176348932.1, 258409434517235.03, 258453985708712.8, 219600704446860.44, 218290761801090.03, 218697922946247.47], [227361066772769.9, 238978186755093.9, 248856343076713.2, 255138167221900.5, 255367557269018.06, 251868177156345.38, 240221116259344.4, 223607148000700.06, 225302020221560.4, 222255389495242.16, 239133275888976.97, 237819181462946.97, 248354967628918.4, 248311149016534.62, 237225034256464.22, 235360083888249.16, 236716324020697.2], [222644194753421.28, 234491140859443.12, 243255679191390.84, 255367557269018.06, 266481447799986.03, 245723594163049.06, 239380020826372.12, 220011833444532.22, 221440385211459.5, 215677434323577.2, 233709771805768.84, 235398769686089.22, 241223132427766.78, 239349246569431.97, 237922411067175.1, 234389911896167.44, 238257926089958.4], [218482821062706.34, 230846910584569.5, 242908833791663.3, 251868177156345.38, 245723594163049.06, 260473797211738.84, 250573872081306.28, 214649046738133.94, 215457674333433.78, 214018419892067.03, 232749117291894.38, 227275899846117.72, 241322719390294.4, 243513794258239.9, 247529220725128.47, 247681768900157.44, 245967896539219.9], [200788320172752.03, 212437445523941.28, 224104307301304.12, 240221116259344.4, 239380020826372.12, 250573872081306.28, 254347862718917.22, 198319029715243.34, 198187197946561.03, 195601939233411.66, 213921863581125.22, 209311153038956.6, 220628043266169.47, 222118425986425.97, 254692765443467.28, 254512262364837.56, 253299236839609.12], [256435580286546.0, 244935441366474.12, 232791836337557.9, 223607148000700.06, 220011833444532.22, 214649046738133.94, 198319029715243.34, 268145284328185.06, 253494741429081.97, 253250570557478.53, 243201217951527.12, 243690136459026.44, 231431283325173.0, 229039972324822.8, 195853609523541.1, 196026873125789.47, 189517590448030.3], [256725521411087.6, 245073138526440.16, 236285597352214.53, 225302020221560.4, 221440385211459.5, 215457674333433.78, 198187197946561.03, 253494741429081.97, 268958851623827.03, 253493010436253.97, 243442124801858.38, 240845994368210.0, 237049244294645.06, 233824604974355.44, 194029761378158.66, 196471860277225.06, 189948568134555.1], [256625082279066.25, 245070557608954.94, 235328091987850.0, 222255389495242.16, 215677434323577.2, 214018419892067.03, 195601939233411.66, 253250570557478.53, 253493010436253.97, 268715617533832.0, 242337045601542.0, 242679695644708.47, 234030145007956.53, 236034426532213.53, 191899088614013.0, 193196916677487.28, 186924012851822.72], [247057887214917.12, 258417202064730.53, 247456117668131.7, 239133275888976.97, 233709771805768.84, 232749117291894.38, 213921863581125.22, 243201217951527.12, 243442124801858.38, 242337045601542.0, 272979744641148.03, 257273679461251.94, 243333419836071.0, 245574963481082.06, 212066541409695.72, 209181399435597.22, 204923595266898.94], [246469693765603.6, 257823272951588.38, 246972176348932.1, 237819181462946.97, 235398769686089.22, 227275899846117.72, 209311153038956.6, 243690136459026.44, 240845994368210.0, 242679695644708.47, 257273679461251.94, 271685421595215.97, 244967287303407.25, 243862121708131.38, 208510182497913.38, 203495250828448.72, 201018301236300.88], [237447755838870.3, 246715412103461.25, 258409434517235.03, 248354967628918.4, 241223132427766.78, 241322719390294.4, 220628043266169.47, 231431283325173.0, 237049244294645.06, 234030145007956.53, 243333419836071.0, 244967287303407.25, 272258932782275.28, 257376737332974.44, 213897271553125.47, 214331796589213.6, 216815824861341.38], [236472921320932.12, 246807251670339.7, 258453985708712.8, 248311149016534.62, 239349246569431.97, 243513794258239.9, 222118425986425.97, 229039972324822.8, 233824604974355.44, 236034426532213.53, 245574963481082.06, 243862121708131.38, 257376737332974.44, 272323174732333.7, 217304950329629.1, 215387909256840.62, 216365750523963.38], [197503907279024.1, 210025688869609.78, 219600704446860.44, 237225034256464.22, 237922411067175.1, 247529220725128.47, 254692765443467.28, 195853609523541.1, 194029761378158.66, 191899088614013.0, 212066541409695.72, 208510182497913.38, 213897271553125.47, 217304950329629.1, 266292381572463.56, 250589590099472.72, 249484684349427.06], [198089894348010.1, 207652338281420.3, 218290761801090.03, 235360083888249.16, 234389911896167.44, 247681768900157.44, 254512262364837.56, 196026873125789.47, 196471860277225.06, 193196916677487.28, 209181399435597.22, 203495250828448.72, 214331796589213.6, 215387909256840.62, 250589590099472.72, 265762194333015.78, 249228593072193.4], [192297136774127.9, 204397039350434.6, 218697922946247.47, 236716324020697.2, 238257926089958.4, 245967896539219.9, 253299236839609.12, 189517590448030.3, 189948568134555.1, 186924012851822.72, 204923595266898.94, 201018301236300.88, 216815824861341.38, 216365750523963.38, 249484684349427.06, 249228593072193.4, 263617867716720.22], [-592790077502.3652, -1270635329518.1326, -1683027645450.2417, -4341105581786.5312, -8769245793953.574, -1807564816497.4165, -1285101078092.0413, -862542189130.3878, -847477263883.4905, 435169447158.2133, -1038832174332.9166, -1883522239306.3103, -1027180949000.0271, -431289986993.0984, -1090610011139.1606, -451824979428.3162, -1634368546130.664]]}}