{"resp_b": 0.1, "restrained_fit": true, "exclude_hydrogens": true, "convergence_tolerance": 1e-06, "max_iter": 500, "resp_a": 0.0005, "charge_constraints": {"charge_sum_constraints": [], "charge_equivalence_constraints": [], "molecules": [{"qcmol": {"schema_name": "qcschema_molecule", "schema_version": 2, "validated": true, "symbols": ["C", "C", "C", "C", "O", "O", "C", "H", "H", "H", "H", "H", "H", "H", "H", "H", "H"], "geometry": [[0.0, -0.0, 0.0], [2.886604926410534, -1.3369907420742797e-16, 4.781669064643044e-16], [3.9727859252775, 2.6911592887111286, 4.440892098500626e-16], [6.821669845173736, 2.7016519230312177, 0.0710537067616055], [8.066441640714336, 3.345400823733355, 1.8273654516711708], [7.8110892038562785, 1.8672902772429099, -2.077825190913884], [10.480506336905673, 1.7458727268569192, -2.218912623920898], [-0.7315143646516782, -1.9156232473038568, 0.003306934301742559], [-0.7432188571685407, 0.957785363807248, 1.6556588252667865], [-0.7408907068385919, 0.9509013456345214, -1.661239221651587], [3.5821664825515223, -1.0105157293661935, -1.6420202214416402], [3.573037466352083, -1.0037816623616644, 1.6549099808472219], [3.31972705949424, 3.7307329692853584, 1.635998553042794], [3.3611358401076195, 3.68169370837622, -1.6888111495322913], [11.218374353968047, 0.4877857788434473, -0.7899738026240714], [10.909240035656019, 1.0316686776371176, -4.079738003458763], [11.296672309181892, 3.6003203202666834, -1.9667681818123834]], "name": "C5H10O2", "identifiers": {"molecule_hash": "c341809c51d0079a12113413d11c6bc35c027631", "molecular_formula": "C5H10O2"}, "molecular_charge": 0.0, "molecular_multiplicity": 1, "connectivity": [[0, 1, 1.0], [0, 7, 1.0], [0, 8, 1.0], [0, 9, 1.0], [1, 2, 1.0], [1, 10, 1.0], [1, 11, 1.0], [2, 3, 1.0], [2, 12, 1.0], [2, 13, 1.0], [3, 4, 2.0], [3, 5, 1.0], [5, 6, 1.0], [6, 14, 1.0], [6, 15, 1.0], [6, 16, 1.0]], "fix_com": true, "fix_orientation": true, "provenance": {"creator": "QCElemental", "version": "v0.22.0", "routine": "qcelemental.molparse.from_schema"}, "id": "120624"}, "charge": 0, "optimize_geometry": false, "conformers": [], "conformer_generation_options": {"n_conformer_pool": 4000, "n_max_conformers": 0, "rms_tolerance": 0.05, "energy_window": 15, "keep_original_conformer": true}, "stage_1_unrestrained_charges": null, "stage_1_restrained_charges": null, "stage_2_unrestrained_charges": null, "stage_2_restrained_charges": null, "keep_original_orientation": false, "reorientations": [], "translations": [], "rotations": []}], "unconstrained_atoms": [{"index": 0, "molecule": {"qcmol": {"schema_name": "qcschema_molecule", "schema_version": 2, "validated": true, "symbols": ["C", "C", "C", "C", "O", "O", "C", "H", "H", "H", "H", "H", "H", "H", "H", "H", "H"], "geometry": [[0.0, -0.0, 0.0], [2.886604926410534, -1.3369907420742797e-16, 4.781669064643044e-16], [3.9727859252775, 2.6911592887111286, 4.440892098500626e-16], [6.821669845173736, 2.7016519230312177, 0.0710537067616055], [8.066441640714336, 3.345400823733355, 1.8273654516711708], [7.8110892038562785, 1.8672902772429099, -2.077825190913884], [10.480506336905673, 1.7458727268569192, -2.218912623920898], [-0.7315143646516782, -1.9156232473038568, 0.003306934301742559], [-0.7432188571685407, 0.957785363807248, 1.6556588252667865], [-0.7408907068385919, 0.9509013456345214, -1.661239221651587], [3.5821664825515223, -1.0105157293661935, -1.6420202214416402], [3.573037466352083, -1.0037816623616644, 1.6549099808472219], [3.31972705949424, 3.7307329692853584, 1.635998553042794], [3.3611358401076195, 3.68169370837622, -1.6888111495322913], [11.218374353968047, 0.4877857788434473, -0.7899738026240714], [10.909240035656019, 1.0316686776371176, -4.079738003458763], [11.296672309181892, 3.6003203202666834, -1.9667681818123834]], "name": "C5H10O2", "identifiers": {"molecule_hash": "c341809c51d0079a12113413d11c6bc35c027631", "molecular_formula": "C5H10O2"}, "molecular_charge": 0.0, "molecular_multiplicity": 1, "connectivity": [[0, 1, 1.0], [0, 7, 1.0], [0, 8, 1.0], [0, 9, 1.0], [1, 2, 1.0], [1, 10, 1.0], [1, 11, 1.0], [2, 3, 1.0], [2, 12, 1.0], [2, 13, 1.0], [3, 4, 2.0], [3, 5, 1.0], [5, 6, 1.0], [6, 14, 1.0], [6, 15, 1.0], [6, 16, 1.0]], "fix_com": true, "fix_orientation": true, "provenance": {"creator": "QCElemental", "version": "v0.22.0", "routine": "qcelemental.molparse.from_schema"}, "id": "120624"}, "charge": 0, "optimize_geometry": false, "conformers": [], "conformer_generation_options": {"n_conformer_pool": 4000, "n_max_conformers": 0, "rms_tolerance": 0.05, "energy_window": 15, "keep_original_conformer": true}, "stage_1_unrestrained_charges": null, "stage_1_restrained_charges": null, "stage_2_unrestrained_charges": null, "stage_2_restrained_charges": null, "keep_original_orientation": false, "reorientations": [], "translations": [], "rotations": []}}, {"index": 1, "molecule": {"qcmol": {"schema_name": "qcschema_molecule", "schema_version": 2, "validated": true, "symbols": ["C", "C", "C", "C", "O", "O", "C", "H", "H", "H", "H", "H", "H", "H", "H", "H", "H"], "geometry": [[0.0, -0.0, 0.0], [2.886604926410534, -1.3369907420742797e-16, 4.781669064643044e-16], [3.9727859252775, 2.6911592887111286, 4.440892098500626e-16], [6.821669845173736, 2.7016519230312177, 0.0710537067616055], [8.066441640714336, 3.345400823733355, 1.8273654516711708], [7.8110892038562785, 1.8672902772429099, -2.077825190913884], [10.480506336905673, 1.7458727268569192, -2.218912623920898], [-0.7315143646516782, -1.9156232473038568, 0.003306934301742559], [-0.7432188571685407, 0.957785363807248, 1.6556588252667865], [-0.7408907068385919, 0.9509013456345214, -1.661239221651587], [3.5821664825515223, -1.0105157293661935, -1.6420202214416402], [3.573037466352083, -1.0037816623616644, 1.6549099808472219], [3.31972705949424, 3.7307329692853584, 1.635998553042794], [3.3611358401076195, 3.68169370837622, -1.6888111495322913], [11.218374353968047, 0.4877857788434473, -0.7899738026240714], [10.909240035656019, 1.0316686776371176, -4.079738003458763], [11.296672309181892, 3.6003203202666834, -1.9667681818123834]], "name": "C5H10O2", "identifiers": {"molecule_hash": "c341809c51d0079a12113413d11c6bc35c027631", "molecular_formula": "C5H10O2"}, "molecular_charge": 0.0, "molecular_multiplicity": 1, "connectivity": [[0, 1, 1.0], [0, 7, 1.0], [0, 8, 1.0], [0, 9, 1.0], [1, 2, 1.0], [1, 10, 1.0], [1, 11, 1.0], [2, 3, 1.0], [2, 12, 1.0], [2, 13, 1.0], [3, 4, 2.0], [3, 5, 1.0], [5, 6, 1.0], [6, 14, 1.0], [6, 15, 1.0], [6, 16, 1.0]], "fix_com": true, "fix_orientation": true, "provenance": {"creator": "QCElemental", "version": "v0.22.0", "routine": "qcelemental.molparse.from_schema"}, "id": "120624"}, "charge": 0, "optimize_geometry": false, "conformers": [], "conformer_generation_options": {"n_conformer_pool": 4000, "n_max_conformers": 0, "rms_tolerance": 0.05, "energy_window": 15, "keep_original_conformer": true}, "stage_1_unrestrained_charges": null, "stage_1_restrained_charges": null, "stage_2_unrestrained_charges": null, "stage_2_restrained_charges": null, "keep_original_orientation": false, "reorientations": [], "translations": [], "rotations": []}}, {"index": 2, "molecule": {"qcmol": {"schema_name": "qcschema_molecule", "schema_version": 2, "validated": true, "symbols": ["C", "C", "C", "C", "O", "O", "C", "H", "H", "H", "H", "H", "H", "H", "H", "H", "H"], "geometry": [[0.0, -0.0, 0.0], [2.886604926410534, -1.3369907420742797e-16, 4.781669064643044e-16], [3.9727859252775, 2.6911592887111286, 4.440892098500626e-16], [6.821669845173736, 2.7016519230312177, 0.0710537067616055], [8.066441640714336, 3.345400823733355, 1.8273654516711708], [7.8110892038562785, 1.8672902772429099, -2.077825190913884], [10.480506336905673, 1.7458727268569192, -2.218912623920898], [-0.7315143646516782, -1.9156232473038568, 0.003306934301742559], [-0.7432188571685407, 0.957785363807248, 1.6556588252667865], [-0.7408907068385919, 0.9509013456345214, -1.661239221651587], [3.5821664825515223, -1.0105157293661935, -1.6420202214416402], [3.573037466352083, -1.0037816623616644, 1.6549099808472219], [3.31972705949424, 3.7307329692853584, 1.635998553042794], [3.3611358401076195, 3.68169370837622, -1.6888111495322913], [11.218374353968047, 0.4877857788434473, -0.7899738026240714], [10.909240035656019, 1.0316686776371176, -4.079738003458763], [11.296672309181892, 3.6003203202666834, -1.9667681818123834]], "name": "C5H10O2", "identifiers": {"molecule_hash": "c341809c51d0079a12113413d11c6bc35c027631", "molecular_formula": "C5H10O2"}, "molecular_charge": 0.0, "molecular_multiplicity": 1, "connectivity": [[0, 1, 1.0], [0, 7, 1.0], [0, 8, 1.0], [0, 9, 1.0], [1, 2, 1.0], [1, 10, 1.0], [1, 11, 1.0], [2, 3, 1.0], [2, 12, 1.0], [2, 13, 1.0], [3, 4, 2.0], [3, 5, 1.0], [5, 6, 1.0], [6, 14, 1.0], [6, 15, 1.0], [6, 16, 1.0]], "fix_com": true, "fix_orientation": true, "provenance": {"creator": "QCElemental", "version": "v0.22.0", "routine": "qcelemental.molparse.from_schema"}, "id": "120624"}, "charge": 0, "optimize_geometry": false, "conformers": [], "conformer_generation_options": {"n_conformer_pool": 4000, "n_max_conformers": 0, "rms_tolerance": 0.05, "energy_window": 15, "keep_original_conformer": true}, "stage_1_unrestrained_charges": null, "stage_1_restrained_charges": null, "stage_2_unrestrained_charges": null, "stage_2_restrained_charges": null, "keep_original_orientation": false, "reorientations": [], "translations": [], "rotations": []}}, {"index": 6, "molecule": {"qcmol": {"schema_name": "qcschema_molecule", "schema_version": 2, "validated": true, "symbols": ["C", "C", "C", "C", "O", "O", "C", "H", "H", "H", "H", "H", "H", "H", "H", "H", "H"], "geometry": [[0.0, -0.0, 0.0], [2.886604926410534, -1.3369907420742797e-16, 4.781669064643044e-16], [3.9727859252775, 2.6911592887111286, 4.440892098500626e-16], [6.821669845173736, 2.7016519230312177, 0.0710537067616055], [8.066441640714336, 3.345400823733355, 1.8273654516711708], [7.8110892038562785, 1.8672902772429099, -2.077825190913884], [10.480506336905673, 1.7458727268569192, -2.218912623920898], [-0.7315143646516782, -1.9156232473038568, 0.003306934301742559], [-0.7432188571685407, 0.957785363807248, 1.6556588252667865], [-0.7408907068385919, 0.9509013456345214, -1.661239221651587], [3.5821664825515223, -1.0105157293661935, -1.6420202214416402], [3.573037466352083, -1.0037816623616644, 1.6549099808472219], [3.31972705949424, 3.7307329692853584, 1.635998553042794], [3.3611358401076195, 3.68169370837622, -1.6888111495322913], [11.218374353968047, 0.4877857788434473, -0.7899738026240714], [10.909240035656019, 1.0316686776371176, -4.079738003458763], [11.296672309181892, 3.6003203202666834, -1.9667681818123834]], "name": "C5H10O2", "identifiers": {"molecule_hash": "c341809c51d0079a12113413d11c6bc35c027631", "molecular_formula": "C5H10O2"}, "molecular_charge": 0.0, "molecular_multiplicity": 1, "connectivity": [[0, 1, 1.0], [0, 7, 1.0], [0, 8, 1.0], [0, 9, 1.0], [1, 2, 1.0], [1, 10, 1.0], [1, 11, 1.0], [2, 3, 1.0], [2, 12, 1.0], [2, 13, 1.0], [3, 4, 2.0], [3, 5, 1.0], [5, 6, 1.0], [6, 14, 1.0], [6, 15, 1.0], [6, 16, 1.0]], "fix_com": true, "fix_orientation": true, "provenance": {"creator": "QCElemental", "version": "v0.22.0", "routine": "qcelemental.molparse.from_schema"}, "id": "120624"}, "charge": 0, "optimize_geometry": false, "conformers": [], "conformer_generation_options": {"n_conformer_pool": 4000, "n_max_conformers": 0, "rms_tolerance": 0.05, "energy_window": 15, "keep_original_conformer": true}, "stage_1_unrestrained_charges": null, "stage_1_restrained_charges": null, "stage_2_unrestrained_charges": null, "stage_2_restrained_charges": null, "keep_original_orientation": false, "reorientations": [], "translations": [], "rotations": []}}]}, "surface_constraints": {"matrix": [[623240720285853.2, 605099407705327.6, 583619888759983.0, 558677136745799.8, 549071743682961.0, 538786052195464.3, 499742963768414.4, 626410391942116.6, 626924928543875.2, 626308624434125.8, 603605996656027.0, 602538310834448.5, 583351796263092.6, 580994425765705.6, 493118596927673.75, 494692691347070.2, 480839028835236.9], [605099407705327.6, 619731027359104.8, 604802834868000.8, 584120598916139.2, 575112223165814.9, 566325417535692.9, 526292697757981.4, 599764549675671.2, 599994758937801.2, 599703382819893.9, 628410648005386.1, 627326941469577.6, 603722501638229.4, 603842885627059.1, 521924922290001.8, 516522735919767.6, 508821364152123.4], [583619888759983.0, 604802834868000.8, 621285099656587.0, 606025470296658.9, 594798010065295.1, 593407525728712.5, 553248740130492.06, 572468517611490.2, 580452412139098.0, 578086746642247.2, 604235220887820.8, 603423523007286.1, 630271872602819.6, 630262912655588.8, 544141598788175.6, 541348349711245.0, 542423600324055.75], [558677136745799.8, 584120598916139.2, 606025470296658.9, 618692504712689.9, 620888822157024.8, 612236023204350.6, 589437093837067.9, 551111743911341.75, 554985827938326.9, 547787457587161.25, 584928666531747.9, 582182726487751.9, 606700867831644.8, 606478376581260.5, 584326614252223.9, 580349879463964.1, 583461353761567.2], [549071743682961.0, 575112223165814.9, 594798010065295.1, 620888822157024.8, 646949976328409.8, 600325560921467.6, 589268236640290.6, 544072218023455.44, 547349561439350.94, 533656545710396.9, 573671935061796.4, 577805089983110.4, 591840625730653.1, 587430120524443.8, 587590428161760.4, 579742822005177.6, 588698879772789.1], [538786052195464.3, 566325417535692.9, 593407525728712.5, 612236023204350.6, 600325560921467.6, 631559500977694.1, 613227913655815.2, 530815560379686.2, 532639671697296.8, 529275306010437.9, 571138625323688.1, 558816679470851.44, 591488543674566.9, 596370887085714.9, 608375869228968.5, 609036547601959.1, 605028105807524.2], [499742963768414.4, 526292697757981.4, 553248740130492.06, 589437093837067.9, 589268236640290.6, 613227913655815.2, 624905296861814.8, 494772999332753.75, 494327876157849.75, 488108194072585.75, 530155339027750.94, 519503668508112.7, 546489354557775.3, 549859808567197.56, 627722292671466.5, 627710179920619.4, 624690927768161.8], [626410391942116.6, 599764549675671.2, 572468517611490.2, 551111743911341.75, 544072218023455.44, 530815560379686.2, 494772999332753.75, 655129381411691.1, 621173172964020.2, 620191871277367.6, 596235114291710.0, 597629088210707.0, 570660904770064.9, 564878049554980.5, 490126388734173.06, 490598960790626.0, 475022368248337.25], [626924928543875.2, 599994758937801.2, 580452412139098.0, 554985827938326.9, 547349561439350.94, 532639671697296.8, 494327876157849.75, 621173172964020.2, 656739756066051.0, 620505499509045.6, 596649383098122.9, 590962780149553.4, 583648329064087.1, 575963975110943.0, 485492290484657.4, 491600913249146.2, 475925462978066.5], [626308624434125.8, 599703382819893.9, 578086746642247.2, 547787457587161.25, 533656545710396.9, 529275306010437.9, 488108194072585.75, 620191871277367.6, 620505499509045.6, 655416838296405.1, 593812549643601.2, 594895544933708.4, 576362626298624.5, 581097263741727.0, 480343397860675.5, 483668399333885.4, 468544725769442.0], [603605996656027.0, 628410648005386.1, 604235220887820.8, 584928666531747.9, 573671935061796.4, 571138625323688.1, 530155339027750.94, 596235114291710.0, 596649383098122.9, 593812549643601.2, 662348383371483.5, 626575049014857.2, 596288535044644.1, 601428643144841.0, 527194420773296.25, 520509560588011.1, 510330758526924.06], [602538310834448.5, 627326941469577.6, 603423523007286.1, 582182726487751.9, 577805089983110.4, 558816679470851.44, 519503668508112.7, 597629088210707.0, 590962780149553.4, 594895544933708.4, 626575049014857.2, 659875356032208.2, 600407400956343.0, 597760782042886.0, 518887598729955.8, 507178567521586.7, 501283860472211.8], [583351796263092.6, 603722501638229.4, 630271872602819.6, 606700867831644.8, 591840625730653.1, 591488543674566.9, 546489354557775.3, 570660904770064.9, 583648329064087.1, 576362626298624.5, 596288535044644.1, 600407400956343.0, 664273390024420.6, 629234147308561.6, 531846609301756.94, 533284533063213.25, 539346389264095.94], [580994425765705.6, 603842885627059.1, 630262912655588.8, 606478376581260.5, 587430120524443.8, 596370887085714.9, 549859808567197.56, 564878049554980.5, 575963975110943.0, 581097263741727.0, 601428643144841.0, 597760782042886.0, 629234147308561.6, 664192807672043.6, 539928810471126.8, 535548836611869.2, 538160258957970.75], [493118596927673.75, 521924922290001.8, 544141598788175.6, 584326614252223.9, 587590428161760.4, 608375869228968.5, 627722292671466.5, 490126388734173.06, 485492290484657.4, 480343397860675.5, 527194420773296.25, 518887598729955.8, 531846609301756.94, 539928810471126.8, 656617140193099.9, 620523745772316.2, 617786550453588.1], [494692691347070.2, 516522735919767.6, 541348349711245.0, 580349879463964.1, 579742822005177.6, 609036547601959.1, 627710179920619.4, 490598960790626.0, 491600913249146.2, 483668399333885.4, 520509560588011.1, 507178567521586.7, 533284533063213.25, 535548836611869.2, 620523745772316.2, 656301351741632.2, 617569722573511.6], [480839028835236.9, 508821364152123.4, 542423600324055.75, 583461353761567.2, 588698879772789.1, 605028105807524.2, 624690927768161.8, 475022368248337.25, 475925462978066.5, 468544725769442.0, 510330758526924.06, 501283860472211.8, 539346389264095.94, 538160258957970.75, 617786550453588.1, 617569722573511.6, 650773599755172.9], [-826319784526.6782, -2062028955013.7983, -2961968437454.8457, -7470422181805.891, -15164551383732.197, -3061628037699.562, -1863083731636.3623, -1167251856447.016, -1282852947914.9543, 973352699184.1172, -1596520802456.1802, -3125298034513.955, -1882085185828.415, -881140057205.4419, -1378594568397.709, -240811394140.59357, -2450083009033.4]]}}