{"resp_b": 0.1, "restrained_fit": true, "exclude_hydrogens": true, "convergence_tolerance": 1e-06, "max_iter": 500, "resp_a": 0.0005, "charge_constraints": {"charge_sum_constraints": [], "charge_equivalence_constraints": [], "molecules": [{"qcmol": {"schema_name": "qcschema_molecule", "schema_version": 2, "validated": true, "symbols": ["C", "C", "C", "C", "O", "O", "C", "H", "H", "H", "H", "H", "H", "H", "H", "H", "H"], "geometry": [[0.0, -0.0, 0.0], [2.886604926410534, -1.3369907420742797e-16, 4.781669064643044e-16], [3.9727859252775, 2.6911592887111286, 4.440892098500626e-16], [6.821669845173736, 2.7016519230312177, 0.0710537067616055], [8.066441640714336, 3.345400823733355, 1.8273654516711708], [7.8110892038562785, 1.8672902772429099, -2.077825190913884], [10.480506336905673, 1.7458727268569192, -2.218912623920898], [-0.7315143646516782, -1.9156232473038568, 0.003306934301742559], [-0.7432188571685407, 0.957785363807248, 1.6556588252667865], [-0.7408907068385919, 0.9509013456345214, -1.661239221651587], [3.5821664825515223, -1.0105157293661935, -1.6420202214416402], [3.573037466352083, -1.0037816623616644, 1.6549099808472219], [3.31972705949424, 3.7307329692853584, 1.635998553042794], [3.3611358401076195, 3.68169370837622, -1.6888111495322913], [11.218374353968047, 0.4877857788434473, -0.7899738026240714], [10.909240035656019, 1.0316686776371176, -4.079738003458763], [11.296672309181892, 3.6003203202666834, -1.9667681818123834]], "name": "C5H10O2", "identifiers": {"molecule_hash": "c341809c51d0079a12113413d11c6bc35c027631", "molecular_formula": "C5H10O2"}, "molecular_charge": 0.0, "molecular_multiplicity": 1, "connectivity": [[0, 1, 1.0], [0, 7, 1.0], [0, 8, 1.0], [0, 9, 1.0], [1, 2, 1.0], [1, 10, 1.0], [1, 11, 1.0], [2, 3, 1.0], [2, 12, 1.0], [2, 13, 1.0], [3, 4, 2.0], [3, 5, 1.0], [5, 6, 1.0], [6, 14, 1.0], [6, 15, 1.0], [6, 16, 1.0]], "fix_com": true, "fix_orientation": true, "provenance": {"creator": "QCElemental", "version": "v0.22.0", "routine": "qcelemental.molparse.from_schema"}, "id": "120624"}, "charge": 0, "optimize_geometry": false, "conformers": [], "conformer_generation_options": {"n_conformer_pool": 4000, "n_max_conformers": 0, "rms_tolerance": 0.05, "energy_window": 15, "keep_original_conformer": true}, "stage_1_unrestrained_charges": null, "stage_1_restrained_charges": null, "stage_2_unrestrained_charges": null, "stage_2_restrained_charges": null, "keep_original_orientation": false, "reorientations": [], "translations": [], "rotations": []}], "unconstrained_atoms": [{"index": 0, "molecule": {"qcmol": {"schema_name": "qcschema_molecule", "schema_version": 2, "validated": true, "symbols": ["C", "C", "C", "C", "O", "O", "C", "H", "H", "H", "H", "H", "H", "H", "H", "H", "H"], "geometry": [[0.0, -0.0, 0.0], [2.886604926410534, -1.3369907420742797e-16, 4.781669064643044e-16], [3.9727859252775, 2.6911592887111286, 4.440892098500626e-16], [6.821669845173736, 2.7016519230312177, 0.0710537067616055], [8.066441640714336, 3.345400823733355, 1.8273654516711708], [7.8110892038562785, 1.8672902772429099, -2.077825190913884], [10.480506336905673, 1.7458727268569192, -2.218912623920898], [-0.7315143646516782, -1.9156232473038568, 0.003306934301742559], [-0.7432188571685407, 0.957785363807248, 1.6556588252667865], [-0.7408907068385919, 0.9509013456345214, -1.661239221651587], [3.5821664825515223, -1.0105157293661935, -1.6420202214416402], [3.573037466352083, -1.0037816623616644, 1.6549099808472219], [3.31972705949424, 3.7307329692853584, 1.635998553042794], [3.3611358401076195, 3.68169370837622, -1.6888111495322913], [11.218374353968047, 0.4877857788434473, -0.7899738026240714], [10.909240035656019, 1.0316686776371176, -4.079738003458763], [11.296672309181892, 3.6003203202666834, -1.9667681818123834]], "name": "C5H10O2", "identifiers": {"molecule_hash": "c341809c51d0079a12113413d11c6bc35c027631", "molecular_formula": "C5H10O2"}, "molecular_charge": 0.0, "molecular_multiplicity": 1, "connectivity": [[0, 1, 1.0], [0, 7, 1.0], [0, 8, 1.0], [0, 9, 1.0], [1, 2, 1.0], [1, 10, 1.0], [1, 11, 1.0], [2, 3, 1.0], [2, 12, 1.0], [2, 13, 1.0], [3, 4, 2.0], [3, 5, 1.0], [5, 6, 1.0], [6, 14, 1.0], [6, 15, 1.0], [6, 16, 1.0]], "fix_com": true, "fix_orientation": true, "provenance": {"creator": "QCElemental", "version": "v0.22.0", "routine": "qcelemental.molparse.from_schema"}, "id": "120624"}, "charge": 0, "optimize_geometry": false, "conformers": [], "conformer_generation_options": {"n_conformer_pool": 4000, "n_max_conformers": 0, "rms_tolerance": 0.05, "energy_window": 15, "keep_original_conformer": true}, "stage_1_unrestrained_charges": null, "stage_1_restrained_charges": null, "stage_2_unrestrained_charges": null, "stage_2_restrained_charges": null, "keep_original_orientation": false, "reorientations": [], "translations": [], "rotations": []}}, {"index": 1, "molecule": {"qcmol": {"schema_name": "qcschema_molecule", "schema_version": 2, "validated": true, "symbols": ["C", "C", "C", "C", "O", "O", "C", "H", "H", "H", "H", "H", "H", "H", "H", "H", "H"], "geometry": [[0.0, -0.0, 0.0], [2.886604926410534, -1.3369907420742797e-16, 4.781669064643044e-16], [3.9727859252775, 2.6911592887111286, 4.440892098500626e-16], [6.821669845173736, 2.7016519230312177, 0.0710537067616055], [8.066441640714336, 3.345400823733355, 1.8273654516711708], [7.8110892038562785, 1.8672902772429099, -2.077825190913884], [10.480506336905673, 1.7458727268569192, -2.218912623920898], [-0.7315143646516782, -1.9156232473038568, 0.003306934301742559], [-0.7432188571685407, 0.957785363807248, 1.6556588252667865], [-0.7408907068385919, 0.9509013456345214, -1.661239221651587], [3.5821664825515223, -1.0105157293661935, -1.6420202214416402], [3.573037466352083, -1.0037816623616644, 1.6549099808472219], [3.31972705949424, 3.7307329692853584, 1.635998553042794], [3.3611358401076195, 3.68169370837622, -1.6888111495322913], [11.218374353968047, 0.4877857788434473, -0.7899738026240714], [10.909240035656019, 1.0316686776371176, -4.079738003458763], [11.296672309181892, 3.6003203202666834, -1.9667681818123834]], "name": "C5H10O2", "identifiers": {"molecule_hash": "c341809c51d0079a12113413d11c6bc35c027631", "molecular_formula": "C5H10O2"}, "molecular_charge": 0.0, "molecular_multiplicity": 1, "connectivity": [[0, 1, 1.0], [0, 7, 1.0], [0, 8, 1.0], [0, 9, 1.0], [1, 2, 1.0], [1, 10, 1.0], [1, 11, 1.0], [2, 3, 1.0], [2, 12, 1.0], [2, 13, 1.0], [3, 4, 2.0], [3, 5, 1.0], [5, 6, 1.0], [6, 14, 1.0], [6, 15, 1.0], [6, 16, 1.0]], "fix_com": true, "fix_orientation": true, "provenance": {"creator": "QCElemental", "version": "v0.22.0", "routine": "qcelemental.molparse.from_schema"}, "id": "120624"}, "charge": 0, "optimize_geometry": false, "conformers": [], "conformer_generation_options": {"n_conformer_pool": 4000, "n_max_conformers": 0, "rms_tolerance": 0.05, "energy_window": 15, "keep_original_conformer": true}, "stage_1_unrestrained_charges": null, "stage_1_restrained_charges": null, "stage_2_unrestrained_charges": null, "stage_2_restrained_charges": null, "keep_original_orientation": false, "reorientations": [], "translations": [], "rotations": []}}, {"index": 2, "molecule": {"qcmol": {"schema_name": "qcschema_molecule", "schema_version": 2, "validated": true, "symbols": ["C", "C", "C", "C", "O", "O", "C", "H", "H", "H", "H", "H", "H", "H", "H", "H", "H"], "geometry": [[0.0, -0.0, 0.0], [2.886604926410534, -1.3369907420742797e-16, 4.781669064643044e-16], [3.9727859252775, 2.6911592887111286, 4.440892098500626e-16], [6.821669845173736, 2.7016519230312177, 0.0710537067616055], [8.066441640714336, 3.345400823733355, 1.8273654516711708], [7.8110892038562785, 1.8672902772429099, -2.077825190913884], [10.480506336905673, 1.7458727268569192, -2.218912623920898], [-0.7315143646516782, -1.9156232473038568, 0.003306934301742559], [-0.7432188571685407, 0.957785363807248, 1.6556588252667865], [-0.7408907068385919, 0.9509013456345214, -1.661239221651587], [3.5821664825515223, -1.0105157293661935, -1.6420202214416402], [3.573037466352083, -1.0037816623616644, 1.6549099808472219], [3.31972705949424, 3.7307329692853584, 1.635998553042794], [3.3611358401076195, 3.68169370837622, -1.6888111495322913], [11.218374353968047, 0.4877857788434473, -0.7899738026240714], [10.909240035656019, 1.0316686776371176, -4.079738003458763], [11.296672309181892, 3.6003203202666834, -1.9667681818123834]], "name": "C5H10O2", "identifiers": {"molecule_hash": "c341809c51d0079a12113413d11c6bc35c027631", "molecular_formula": "C5H10O2"}, "molecular_charge": 0.0, "molecular_multiplicity": 1, "connectivity": [[0, 1, 1.0], [0, 7, 1.0], [0, 8, 1.0], [0, 9, 1.0], [1, 2, 1.0], [1, 10, 1.0], [1, 11, 1.0], [2, 3, 1.0], [2, 12, 1.0], [2, 13, 1.0], [3, 4, 2.0], [3, 5, 1.0], [5, 6, 1.0], [6, 14, 1.0], [6, 15, 1.0], [6, 16, 1.0]], "fix_com": true, "fix_orientation": true, "provenance": {"creator": "QCElemental", "version": "v0.22.0", "routine": "qcelemental.molparse.from_schema"}, "id": "120624"}, "charge": 0, "optimize_geometry": false, "conformers": [], "conformer_generation_options": {"n_conformer_pool": 4000, "n_max_conformers": 0, "rms_tolerance": 0.05, "energy_window": 15, "keep_original_conformer": true}, "stage_1_unrestrained_charges": null, "stage_1_restrained_charges": null, "stage_2_unrestrained_charges": null, "stage_2_restrained_charges": null, "keep_original_orientation": false, "reorientations": [], "translations": [], "rotations": []}}, {"index": 6, "molecule": {"qcmol": {"schema_name": "qcschema_molecule", "schema_version": 2, "validated": true, "symbols": ["C", "C", "C", "C", "O", "O", "C", "H", "H", "H", "H", "H", "H", "H", "H", "H", "H"], "geometry": [[0.0, -0.0, 0.0], [2.886604926410534, -1.3369907420742797e-16, 4.781669064643044e-16], [3.9727859252775, 2.6911592887111286, 4.440892098500626e-16], [6.821669845173736, 2.7016519230312177, 0.0710537067616055], [8.066441640714336, 3.345400823733355, 1.8273654516711708], [7.8110892038562785, 1.8672902772429099, -2.077825190913884], [10.480506336905673, 1.7458727268569192, -2.218912623920898], [-0.7315143646516782, -1.9156232473038568, 0.003306934301742559], [-0.7432188571685407, 0.957785363807248, 1.6556588252667865], [-0.7408907068385919, 0.9509013456345214, -1.661239221651587], [3.5821664825515223, -1.0105157293661935, -1.6420202214416402], [3.573037466352083, -1.0037816623616644, 1.6549099808472219], [3.31972705949424, 3.7307329692853584, 1.635998553042794], [3.3611358401076195, 3.68169370837622, -1.6888111495322913], [11.218374353968047, 0.4877857788434473, -0.7899738026240714], [10.909240035656019, 1.0316686776371176, -4.079738003458763], [11.296672309181892, 3.6003203202666834, -1.9667681818123834]], "name": "C5H10O2", "identifiers": {"molecule_hash": "c341809c51d0079a12113413d11c6bc35c027631", "molecular_formula": "C5H10O2"}, "molecular_charge": 0.0, "molecular_multiplicity": 1, "connectivity": [[0, 1, 1.0], [0, 7, 1.0], [0, 8, 1.0], [0, 9, 1.0], [1, 2, 1.0], [1, 10, 1.0], [1, 11, 1.0], [2, 3, 1.0], [2, 12, 1.0], [2, 13, 1.0], [3, 4, 2.0], [3, 5, 1.0], [5, 6, 1.0], [6, 14, 1.0], [6, 15, 1.0], [6, 16, 1.0]], "fix_com": true, "fix_orientation": true, "provenance": {"creator": "QCElemental", "version": "v0.22.0", "routine": "qcelemental.molparse.from_schema"}, "id": "120624"}, "charge": 0, "optimize_geometry": false, "conformers": [], "conformer_generation_options": {"n_conformer_pool": 4000, "n_max_conformers": 0, "rms_tolerance": 0.05, "energy_window": 15, "keep_original_conformer": true}, "stage_1_unrestrained_charges": null, "stage_1_restrained_charges": null, "stage_2_unrestrained_charges": null, "stage_2_restrained_charges": null, "keep_original_orientation": false, "reorientations": [], "translations": [], "rotations": []}}]}, "surface_constraints": {"matrix": [[255768352214960.8, 247907635369879.28, 238168800001429.4, 227351357734319.62, 222634691406832.94, 218473488693569.72, 200779744885062.38, 256424626554417.2, 256714556170358.8, 256614121709914.4, 247047332570490.16, 246459164443000.9, 237437612509387.12, 236462817353696.9, 197495468603209.25, 198081439498483.12, 192288923563071.25], [247907635369879.28, 254796262197527.75, 247891887262574.0, 238967977564293.4, 234481126960475.62, 230837045193894.5, 212428367677455.16, 244924977827862.53, 245062669818851.38, 245060089153349.62, 258406161158500.16, 257812257387317.66, 246704872666070.25, 246796707550875.4, 210016711665424.16, 207643468604602.6, 204388304513008.88], [238168800001429.4, 247891887262574.0, 255239887626617.22, 248845712459938.1, 243245287631140.9, 242898458632279.2, 224094735432160.6, 232781888495759.97, 236275503146750.16, 235318044552850.4, 247445545697774.7, 246961624835630.53, 258398395878635.16, 258442944359805.8, 219591324386819.97, 218281440731639.75, 218688580267284.66], [227351357734319.62, 238967977564293.4, 248845712459938.1, 255127269055320.06, 255356649282848.16, 251857420036099.47, 240210856869656.03, 223597595568709.34, 225292401883536.72, 222245902604374.16, 239123056203722.4, 237809022102138.44, 248344358719028.34, 248300541649042.25, 237214902303515.94, 235350035945218.4, 236706211319390.06], [222634691406832.94, 234481126960475.62, 243245287631140.9, 255356649282848.16, 266470065496517.1, 245713099451773.7, 239369797751496.28, 220002440182686.3, 221430936910266.62, 215668230611369.03, 233699787475765.34, 235388719265286.4, 241212822836997.84, 239339023732494.22, 237912250194587.75, 234379908637092.06, 238247744899899.97], [218473488693569.72, 230837045193894.5, 242898458632279.2, 251857420036099.47, 245713099451773.7, 260462673481905.16, 250563171174932.47, 214639872823137.72, 215448475376424.53, 214009282989017.4, 232739164249340.2, 227266185732534.72, 241312418903306.78, 243503390666406.06, 247518648712963.47, 247671192125097.97, 245957392958911.66], [200779744885062.38, 212428367677455.16, 224094735432160.6, 240210856869656.03, 239369797751496.28, 250563171174932.47, 254337001131308.6, 198310554796759.34, 198178738737727.97, 195593589186195.22, 213912715759613.56, 209302208293247.3, 220618624774123.78, 222108937316741.28, 254681888163692.66, 254501394967843.4, 253288420188604.56], [256424626554417.2, 244924977827862.53, 232781888495759.97, 223597595568709.34, 220002440182686.3, 214639872823137.72, 198310554796759.34, 268133829851632.66, 253483913934868.6, 253239753675148.38, 243190831721404.78, 243679724882170.28, 231421390555024.6, 229030183307628.8, 195845235679265.53, 196018502046095.9, 189509490885394.72], [256714556170358.8, 245062669818851.38, 236275503146750.16, 225292401883536.72, 221430936910266.62, 215448475376424.53, 198178738737727.97, 253483913934868.6, 268947364148839.94, 253482184333248.47, 243431723267980.4, 240835708973552.28, 237039116554585.38, 233814610818554.6, 194021476252892.2, 196463480958003.62, 189940458994040.06], [256614121709914.4, 245060089153349.62, 235318044552850.4, 222245902604374.16, 215668230611369.03, 214009282989017.4, 195593589186195.22, 253239753675148.38, 253482184333248.47, 268704141786141.62, 242326691463090.16, 242669326931259.7, 234020156180063.6, 236024346883701.1, 191890892439051.53, 193188673329461.56, 186916033883040.16], [247047332570490.16, 258406161158500.16, 247445545697774.7, 239123056203722.4, 233699787475765.34, 232739164249340.2, 213912715759613.56, 243190831721404.78, 243431723267980.4, 242326691463090.16, 272968080954901.6, 257262686921904.4, 243323030484489.62, 245564468772753.5, 212057469459770.6, 209172457337510.7, 204914832978657.3], [246459164443000.9, 257812257387317.66, 246961624835630.53, 237809022102138.44, 235388719265286.4, 227266185732534.72, 209302208293247.3, 243679724882170.28, 240835708973552.28, 242669326931259.7, 257262686921904.4, 271673813304282.0, 244956816620660.9, 243851707696574.1, 208501270524247.06, 203486558346539.66, 201009709772044.25], [237437612509387.12, 246704872666070.25, 258398395878635.16, 248344358719028.34, 241212822836997.84, 241312418903306.78, 220618624774123.78, 231421390555024.6, 237039116554585.38, 234020156180063.6, 243323030484489.62, 244956816620660.9, 272247303039164.28, 257365742632425.38, 213888139086063.6, 214322649440847.44, 216806567140169.5], [236462817353696.9, 246796707550875.4, 258442944359805.8, 248300541649042.25, 239339023732494.22, 243503390666406.06, 222108937316741.28, 229030183307628.8, 233814610818554.6, 236024346883701.1, 245564468772753.5, 243851707696574.1, 257365742632425.38, 272311540573029.6, 217295669319258.88, 215378708407723.88, 216356505959813.5], [197495468603209.25, 210016711665424.16, 219591324386819.97, 237214902303515.94, 237912250194587.75, 247518648712963.47, 254681888163692.66, 195845235679265.53, 194021476252892.2, 191890892439051.53, 212057469459770.6, 208501270524247.06, 213888139086063.6, 217295669319258.88, 266281008164971.75, 250578889408930.44, 249474029451893.44], [198081439498483.12, 207643468604602.6, 218281440731639.75, 235350035945218.4, 234379908637092.06, 247671192125097.97, 254501394967843.4, 196018502046095.9, 196463480958003.62, 193188673329461.56, 209172457337510.7, 203486558346539.66, 214322649440847.44, 215378708407723.88, 250578889408930.44, 265750848004684.3, 249217951418093.3], [192288923563071.25, 204388304513008.88, 218688580267284.66, 236706211319390.06, 238247744899899.97, 245957392958911.66, 253288420188604.56, 189509490885394.72, 189940458994040.06, 186916033883040.16, 204914832978657.3, 201009709772044.25, 216806567140169.5, 216356505959813.5, 249474029451893.44, 249217951418093.3, 263606610434518.0], [-477588888131.8272, -1056128429060.9243, -1486944117871.1682, -3550688978707.986, -7047972832649.338, -1656180674267.7825, -987122080325.0688, -623750480752.3834, -663264298048.3485, 297202407842.8518, -876542768697.7151, -1504751745213.269, -989237155604.3783, -563755621033.7969, -752848625257.7649, -266729717552.0898, -1192657450767.7844]]}}