{"resp_b": 0.1, "restrained_fit": true, "exclude_hydrogens": true, "convergence_tolerance": 1e-06, "max_iter": 500, "resp_a": 0.0005, "charge_constraints": {"charge_sum_constraints": [], "charge_equivalence_constraints": [], "molecules": [{"qcmol": {"schema_name": "qcschema_molecule", "schema_version": 2, "validated": true, "symbols": ["C", "C", "C", "C", "O", "O", "C", "H", "H", "H", "H", "H", "H", "H", "H", "H", "H"], "geometry": [[0.0, -0.0, 0.0], [2.886604926410534, -1.3369907420742797e-16, 4.781669064643044e-16], [3.9727859252775, 2.6911592887111286, 4.440892098500626e-16], [6.821669845173736, 2.7016519230312177, 0.0710537067616055], [8.066441640714336, 3.345400823733355, 1.8273654516711708], [7.8110892038562785, 1.8672902772429099, -2.077825190913884], [10.480506336905673, 1.7458727268569192, -2.218912623920898], [-0.7315143646516782, -1.9156232473038568, 0.003306934301742559], [-0.7432188571685407, 0.957785363807248, 1.6556588252667865], [-0.7408907068385919, 0.9509013456345214, -1.661239221651587], [3.5821664825515223, -1.0105157293661935, -1.6420202214416402], [3.573037466352083, -1.0037816623616644, 1.6549099808472219], [3.31972705949424, 3.7307329692853584, 1.635998553042794], [3.3611358401076195, 3.68169370837622, -1.6888111495322913], [11.218374353968047, 0.4877857788434473, -0.7899738026240714], [10.909240035656019, 1.0316686776371176, -4.079738003458763], [11.296672309181892, 3.6003203202666834, -1.9667681818123834]], "name": "C5H10O2", "identifiers": {"molecule_hash": "c341809c51d0079a12113413d11c6bc35c027631", "molecular_formula": "C5H10O2"}, "molecular_charge": 0.0, "molecular_multiplicity": 1, "connectivity": [[0, 1, 1.0], [0, 7, 1.0], [0, 8, 1.0], [0, 9, 1.0], [1, 2, 1.0], [1, 10, 1.0], [1, 11, 1.0], [2, 3, 1.0], [2, 12, 1.0], [2, 13, 1.0], [3, 4, 2.0], [3, 5, 1.0], [5, 6, 1.0], [6, 14, 1.0], [6, 15, 1.0], [6, 16, 1.0]], "fix_com": true, "fix_orientation": true, "provenance": {"creator": "QCElemental", "version": "v0.22.0", "routine": "qcelemental.molparse.from_schema"}, "id": "120624"}, "charge": 0, "optimize_geometry": false, "conformers": [], "conformer_generation_options": {"n_conformer_pool": 4000, "n_max_conformers": 0, "rms_tolerance": 0.05, "energy_window": 15, "keep_original_conformer": true}, "stage_1_unrestrained_charges": null, "stage_1_restrained_charges": null, "stage_2_unrestrained_charges": null, "stage_2_restrained_charges": null, "keep_original_orientation": false, "reorientations": [], "translations": [], "rotations": []}], "unconstrained_atoms": [{"index": 0, "molecule": {"qcmol": {"schema_name": "qcschema_molecule", "schema_version": 2, "validated": true, "symbols": ["C", "C", "C", "C", "O", "O", "C", "H", "H", "H", "H", "H", "H", "H", "H", "H", "H"], "geometry": [[0.0, -0.0, 0.0], [2.886604926410534, -1.3369907420742797e-16, 4.781669064643044e-16], [3.9727859252775, 2.6911592887111286, 4.440892098500626e-16], [6.821669845173736, 2.7016519230312177, 0.0710537067616055], [8.066441640714336, 3.345400823733355, 1.8273654516711708], [7.8110892038562785, 1.8672902772429099, -2.077825190913884], [10.480506336905673, 1.7458727268569192, -2.218912623920898], [-0.7315143646516782, -1.9156232473038568, 0.003306934301742559], [-0.7432188571685407, 0.957785363807248, 1.6556588252667865], [-0.7408907068385919, 0.9509013456345214, -1.661239221651587], [3.5821664825515223, -1.0105157293661935, -1.6420202214416402], [3.573037466352083, -1.0037816623616644, 1.6549099808472219], [3.31972705949424, 3.7307329692853584, 1.635998553042794], [3.3611358401076195, 3.68169370837622, -1.6888111495322913], [11.218374353968047, 0.4877857788434473, -0.7899738026240714], [10.909240035656019, 1.0316686776371176, -4.079738003458763], [11.296672309181892, 3.6003203202666834, -1.9667681818123834]], "name": "C5H10O2", "identifiers": {"molecule_hash": "c341809c51d0079a12113413d11c6bc35c027631", "molecular_formula": "C5H10O2"}, "molecular_charge": 0.0, "molecular_multiplicity": 1, "connectivity": [[0, 1, 1.0], [0, 7, 1.0], [0, 8, 1.0], [0, 9, 1.0], [1, 2, 1.0], [1, 10, 1.0], [1, 11, 1.0], [2, 3, 1.0], [2, 12, 1.0], [2, 13, 1.0], [3, 4, 2.0], [3, 5, 1.0], [5, 6, 1.0], [6, 14, 1.0], [6, 15, 1.0], [6, 16, 1.0]], "fix_com": true, "fix_orientation": true, "provenance": {"creator": "QCElemental", "version": "v0.22.0", "routine": "qcelemental.molparse.from_schema"}, "id": "120624"}, "charge": 0, "optimize_geometry": false, "conformers": [], "conformer_generation_options": {"n_conformer_pool": 4000, "n_max_conformers": 0, "rms_tolerance": 0.05, "energy_window": 15, "keep_original_conformer": true}, "stage_1_unrestrained_charges": null, "stage_1_restrained_charges": null, "stage_2_unrestrained_charges": null, "stage_2_restrained_charges": null, "keep_original_orientation": false, "reorientations": [], "translations": [], "rotations": []}}, {"index": 1, "molecule": {"qcmol": {"schema_name": "qcschema_molecule", "schema_version": 2, "validated": true, "symbols": ["C", "C", "C", "C", "O", "O", "C", "H", "H", "H", "H", "H", "H", "H", "H", "H", "H"], "geometry": [[0.0, -0.0, 0.0], [2.886604926410534, -1.3369907420742797e-16, 4.781669064643044e-16], [3.9727859252775, 2.6911592887111286, 4.440892098500626e-16], [6.821669845173736, 2.7016519230312177, 0.0710537067616055], [8.066441640714336, 3.345400823733355, 1.8273654516711708], [7.8110892038562785, 1.8672902772429099, -2.077825190913884], [10.480506336905673, 1.7458727268569192, -2.218912623920898], [-0.7315143646516782, -1.9156232473038568, 0.003306934301742559], [-0.7432188571685407, 0.957785363807248, 1.6556588252667865], [-0.7408907068385919, 0.9509013456345214, -1.661239221651587], [3.5821664825515223, -1.0105157293661935, -1.6420202214416402], [3.573037466352083, -1.0037816623616644, 1.6549099808472219], [3.31972705949424, 3.7307329692853584, 1.635998553042794], [3.3611358401076195, 3.68169370837622, -1.6888111495322913], [11.218374353968047, 0.4877857788434473, -0.7899738026240714], [10.909240035656019, 1.0316686776371176, -4.079738003458763], [11.296672309181892, 3.6003203202666834, -1.9667681818123834]], "name": "C5H10O2", "identifiers": {"molecule_hash": "c341809c51d0079a12113413d11c6bc35c027631", "molecular_formula": "C5H10O2"}, "molecular_charge": 0.0, "molecular_multiplicity": 1, "connectivity": [[0, 1, 1.0], [0, 7, 1.0], [0, 8, 1.0], [0, 9, 1.0], [1, 2, 1.0], [1, 10, 1.0], [1, 11, 1.0], [2, 3, 1.0], [2, 12, 1.0], [2, 13, 1.0], [3, 4, 2.0], [3, 5, 1.0], [5, 6, 1.0], [6, 14, 1.0], [6, 15, 1.0], [6, 16, 1.0]], "fix_com": true, "fix_orientation": true, "provenance": {"creator": "QCElemental", "version": "v0.22.0", "routine": "qcelemental.molparse.from_schema"}, "id": "120624"}, "charge": 0, "optimize_geometry": false, "conformers": [], "conformer_generation_options": {"n_conformer_pool": 4000, "n_max_conformers": 0, "rms_tolerance": 0.05, "energy_window": 15, "keep_original_conformer": true}, "stage_1_unrestrained_charges": null, "stage_1_restrained_charges": null, "stage_2_unrestrained_charges": null, "stage_2_restrained_charges": null, "keep_original_orientation": false, "reorientations": [], "translations": [], "rotations": []}}, {"index": 2, "molecule": {"qcmol": {"schema_name": "qcschema_molecule", "schema_version": 2, "validated": true, "symbols": ["C", "C", "C", "C", "O", "O", "C", "H", "H", "H", "H", "H", "H", "H", "H", "H", "H"], "geometry": [[0.0, -0.0, 0.0], [2.886604926410534, -1.3369907420742797e-16, 4.781669064643044e-16], [3.9727859252775, 2.6911592887111286, 4.440892098500626e-16], [6.821669845173736, 2.7016519230312177, 0.0710537067616055], [8.066441640714336, 3.345400823733355, 1.8273654516711708], [7.8110892038562785, 1.8672902772429099, -2.077825190913884], [10.480506336905673, 1.7458727268569192, -2.218912623920898], [-0.7315143646516782, -1.9156232473038568, 0.003306934301742559], [-0.7432188571685407, 0.957785363807248, 1.6556588252667865], [-0.7408907068385919, 0.9509013456345214, -1.661239221651587], [3.5821664825515223, -1.0105157293661935, -1.6420202214416402], [3.573037466352083, -1.0037816623616644, 1.6549099808472219], [3.31972705949424, 3.7307329692853584, 1.635998553042794], [3.3611358401076195, 3.68169370837622, -1.6888111495322913], [11.218374353968047, 0.4877857788434473, -0.7899738026240714], [10.909240035656019, 1.0316686776371176, -4.079738003458763], [11.296672309181892, 3.6003203202666834, -1.9667681818123834]], "name": "C5H10O2", "identifiers": {"molecule_hash": "c341809c51d0079a12113413d11c6bc35c027631", "molecular_formula": "C5H10O2"}, "molecular_charge": 0.0, "molecular_multiplicity": 1, "connectivity": [[0, 1, 1.0], [0, 7, 1.0], [0, 8, 1.0], [0, 9, 1.0], [1, 2, 1.0], [1, 10, 1.0], [1, 11, 1.0], [2, 3, 1.0], [2, 12, 1.0], [2, 13, 1.0], [3, 4, 2.0], [3, 5, 1.0], [5, 6, 1.0], [6, 14, 1.0], [6, 15, 1.0], [6, 16, 1.0]], "fix_com": true, "fix_orientation": true, "provenance": {"creator": "QCElemental", "version": "v0.22.0", "routine": "qcelemental.molparse.from_schema"}, "id": "120624"}, "charge": 0, "optimize_geometry": false, "conformers": [], "conformer_generation_options": {"n_conformer_pool": 4000, "n_max_conformers": 0, "rms_tolerance": 0.05, "energy_window": 15, "keep_original_conformer": true}, "stage_1_unrestrained_charges": null, "stage_1_restrained_charges": null, "stage_2_unrestrained_charges": null, "stage_2_restrained_charges": null, "keep_original_orientation": false, "reorientations": [], "translations": [], "rotations": []}}, {"index": 6, "molecule": {"qcmol": {"schema_name": "qcschema_molecule", "schema_version": 2, "validated": true, "symbols": ["C", "C", "C", "C", "O", "O", "C", "H", "H", "H", "H", "H", "H", "H", "H", "H", "H"], "geometry": [[0.0, -0.0, 0.0], [2.886604926410534, -1.3369907420742797e-16, 4.781669064643044e-16], [3.9727859252775, 2.6911592887111286, 4.440892098500626e-16], [6.821669845173736, 2.7016519230312177, 0.0710537067616055], [8.066441640714336, 3.345400823733355, 1.8273654516711708], [7.8110892038562785, 1.8672902772429099, -2.077825190913884], [10.480506336905673, 1.7458727268569192, -2.218912623920898], [-0.7315143646516782, -1.9156232473038568, 0.003306934301742559], [-0.7432188571685407, 0.957785363807248, 1.6556588252667865], [-0.7408907068385919, 0.9509013456345214, -1.661239221651587], [3.5821664825515223, -1.0105157293661935, -1.6420202214416402], [3.573037466352083, -1.0037816623616644, 1.6549099808472219], [3.31972705949424, 3.7307329692853584, 1.635998553042794], [3.3611358401076195, 3.68169370837622, -1.6888111495322913], [11.218374353968047, 0.4877857788434473, -0.7899738026240714], [10.909240035656019, 1.0316686776371176, -4.079738003458763], [11.296672309181892, 3.6003203202666834, -1.9667681818123834]], "name": "C5H10O2", "identifiers": {"molecule_hash": "c341809c51d0079a12113413d11c6bc35c027631", "molecular_formula": "C5H10O2"}, "molecular_charge": 0.0, "molecular_multiplicity": 1, "connectivity": [[0, 1, 1.0], [0, 7, 1.0], [0, 8, 1.0], [0, 9, 1.0], [1, 2, 1.0], [1, 10, 1.0], [1, 11, 1.0], [2, 3, 1.0], [2, 12, 1.0], [2, 13, 1.0], [3, 4, 2.0], [3, 5, 1.0], [5, 6, 1.0], [6, 14, 1.0], [6, 15, 1.0], [6, 16, 1.0]], "fix_com": true, "fix_orientation": true, "provenance": {"creator": "QCElemental", "version": "v0.22.0", "routine": "qcelemental.molparse.from_schema"}, "id": "120624"}, "charge": 0, "optimize_geometry": false, "conformers": [], "conformer_generation_options": {"n_conformer_pool": 4000, "n_max_conformers": 0, "rms_tolerance": 0.05, "energy_window": 15, "keep_original_conformer": true}, "stage_1_unrestrained_charges": null, "stage_1_restrained_charges": null, "stage_2_unrestrained_charges": null, "stage_2_restrained_charges": null, "keep_original_orientation": false, "reorientations": [], "translations": [], "rotations": []}}]}, "surface_constraints": {"matrix": [[1892.7071671695685, 1834.5372112967707, 1762.4690120234475, 1682.4190122456375, 1647.5152466015184, 1616.7220779911243, 1485.7868861822615, 1897.5636511992577, 1899.7091598770703, 1898.9659240394287, 1828.1709050996956, 1823.8184047294444, 1757.058177663027, 1749.84460263106, 1461.4830077156123, 1465.8191573717218, 1422.9540961862908], [1834.5372112967707, 1885.5136295697444, 1834.4206728144904, 1768.3829937592006, 1735.179880770433, 1708.213469187006, 1571.987708675832, 1812.465295336467, 1813.4842310203248, 1813.4651254754222, 1912.2271904071288, 1907.8322452160696, 1825.636664885599, 1826.3162516270922, 1554.1412899535835, 1536.5790194774418, 1512.4905618438322], [1762.4690120234475, 1834.4206728144904, 1888.796485393933, 1841.4790491665772, 1800.0354397637013, 1797.468869555823, 1658.3197503531435, 1722.6054131809872, 1748.4584992075843, 1741.3731412222028, 1831.1177141322923, 1827.5366528829036, 1912.169709605797, 1912.4993722014995, 1624.9941449786647, 1615.3008568618989, 1618.3137669662879], [1682.4190122456375, 1768.3829937592006, 1841.4790491665772, 1887.9630846981502, 1889.6605177756344, 1863.76592604393, 1777.5803877051442, 1654.6408535393298, 1667.1825868147068, 1644.6381851301676, 1769.5306093362522, 1759.8066332915616, 1837.76898923793, 1837.4447379493085, 1755.4100880769759, 1741.6098639134543, 1751.6457479389733], [1647.5152466015184, 1735.179880770433, 1800.0354397637013, 1889.6605177756344, 1971.900723424758, 1818.2974401320898, 1771.3564764601927, 1628.0363540220455, 1638.6073671364663, 1595.9628488297224, 1729.3978855760895, 1741.8961508326029, 1784.995062535454, 1771.128768477781, 1760.570522474579, 1734.4307999753273, 1763.053251683675], [1616.7220779911243, 1708.213469187006, 1797.468869555823, 1863.76592604393, 1818.2974401320898, 1927.4455210228114, 1854.1883802365733, 1588.3530019453776, 1594.3367483807008, 1583.6865309553423, 1722.2893832017562, 1681.7888156310908, 1785.7320012596351, 1801.9454026180551, 1831.6586679709296, 1832.787493461949, 1820.1052310866667], [1485.7868861822615, 1571.987708675832, 1658.3197503531435, 1777.5803877051442, 1771.3564764601927, 1854.1883802365733, 1882.1150362300334, 1467.5146753745046, 1466.5392332751965, 1447.408860831639, 1582.9720723535083, 1548.8538754527744, 1632.5962099713915, 1643.6246657470806, 1884.6672370378697, 1883.33155699416, 1874.3554489478129], [1897.5636511992577, 1812.465295336467, 1722.6054131809872, 1654.6408535393298, 1628.0363540220455, 1588.3530019453776, 1467.5146753745046, 1984.212733457046, 1875.8021361477322, 1873.9953180563239, 1799.6324632146511, 1803.2503331748246, 1712.5376342574207, 1694.842481299509, 1449.2711564498443, 1450.5532455179623, 1402.386060754289], [1899.7091598770703, 1813.4842310203248, 1748.4584992075843, 1667.1825868147068, 1638.6073671364663, 1594.3367483807008, 1466.5392332751965, 1875.8021361477322, 1990.2329686958362, 1875.7893298500562, 1801.4150969785846, 1782.204332304407, 1754.109335304923, 1730.2477182137127, 1435.775177904639, 1453.8461341629122, 1405.5752755604942], [1898.9659240394287, 1813.4651254754222, 1741.3731412222028, 1644.6381851301676, 1595.9628488297224, 1583.6865309553423, 1447.408860831639, 1873.9953180563239, 1875.7893298500562, 1988.4330718732422, 1793.2377724497846, 1795.7733048751616, 1731.7686584044911, 1746.599826829283, 1420.008636947472, 1429.6122429200464, 1383.19422734416], [1828.1709050996956, 1912.2271904071288, 1831.1177141322923, 1769.5306093362522, 1729.3978855760895, 1722.2893832017562, 1582.9720723535083, 1799.6324632146511, 1801.4150969785846, 1793.2377724497846, 2019.9866215422226, 1903.7653846209066, 1800.610724567867, 1817.1976075392772, 1569.2431517202353, 1547.8937314527063, 1516.3869487554728], [1823.8184047294444, 1907.8322452160696, 1827.5366528829036, 1759.8066332915616, 1741.8961508326029, 1681.7888156310908, 1548.8538754527744, 1803.2503331748246, 1782.204332304407, 1795.7733048751616, 1903.7653846209066, 2010.408915800836, 1812.700923379529, 1804.5229839544834, 1542.9268995431864, 1505.817540764933, 1487.4886972519519], [1757.058177663027, 1825.636664885599, 1912.169709605797, 1837.76898923793, 1784.995062535454, 1785.7320012596351, 1632.5962099713915, 1712.5376342574207, 1754.109335304923, 1731.7686584044911, 1800.610724567867, 1812.700923379529, 2014.6527786753493, 1904.5279866169083, 1582.7900628805273, 1586.0054556752443, 1604.386675731021], [1749.84460263106, 1826.3162516270922, 1912.4993722014995, 1837.4447379493085, 1771.128768477781, 1801.9454026180551, 1643.6246657470806, 1694.842481299509, 1730.2477182137127, 1746.599826829283, 1817.1976075392772, 1804.5229839544834, 1904.5279866169083, 2015.128141505751, 1608.0060747646553, 1593.8203853770465, 1601.0562265154147], [1461.4830077156123, 1554.1412899535835, 1624.9941449786647, 1755.4100880769759, 1760.570522474579, 1831.6586679709296, 1884.6672370378697, 1449.2711564498443, 1435.775177904639, 1420.008636947472, 1569.2431517202353, 1542.9268995431864, 1582.7900628805273, 1608.0060747646553, 1970.501699787813, 1854.3046956798507, 1846.1286491515714], [1465.8191573717218, 1536.5790194774418, 1615.3008568618989, 1741.6098639134543, 1734.4307999753273, 1832.787493461949, 1883.33155699416, 1450.5532455179623, 1453.8461341629122, 1429.6122429200464, 1547.8937314527063, 1505.817540764933, 1586.0054556752443, 1593.8203853770465, 1854.3046956798507, 1966.5784373806864, 1844.233632533263], [1422.9540961862908, 1512.4905618438322, 1618.3137669662879, 1751.6457479389733, 1763.053251683675, 1820.1052310866667, 1874.3554489478129, 1402.386060754289, 1405.5752755604942, 1383.19422734416, 1516.3869487554728, 1487.4886972519519, 1604.386675731021, 1601.0562265154147, 1846.1286491515714, 1844.233632533263, 1950.7109193837364], [-4.386504283543634, -9.402398952021576, -12.454014119173012, -32.12317265457893, -64.89038028492239, -13.375559932303613, -9.509449810997998, -6.38260544469868, -6.271129160527955, 3.220152875630291, -7.687093641326889, -13.937626797004908, -7.600900819100376, -3.1914536594573977, -8.07026430111516, -3.3433934491034076, -12.093951765785944]]}}