{"resp_b": 0.1, "restrained_fit": true, "exclude_hydrogens": true, "convergence_tolerance": 1e-06, "max_iter": 500, "resp_a": 0.0005, "charge_constraints": {"charge_sum_constraints": [], "charge_equivalence_constraints": [], "molecules": [{"qcmol": {"schema_name": "qcschema_molecule", "schema_version": 2, "validated": true, "symbols": ["C", "C", "C", "C", "O", "O", "C", "H", "H", "H", "H", "H", "H", "H", "H", "H", "H"], "geometry": [[0.0, -0.0, 0.0], [2.886604926410534, -1.3369907420742797e-16, 4.781669064643044e-16], [3.9727859252775, 2.6911592887111286, 4.440892098500626e-16], [6.821669845173736, 2.7016519230312177, 0.0710537067616055], [8.066441640714336, 3.345400823733355, 1.8273654516711708], [7.8110892038562785, 1.8672902772429099, -2.077825190913884], [10.480506336905673, 1.7458727268569192, -2.218912623920898], [-0.7315143646516782, -1.9156232473038568, 0.003306934301742559], [-0.7432188571685407, 0.957785363807248, 1.6556588252667865], [-0.7408907068385919, 0.9509013456345214, -1.661239221651587], [3.5821664825515223, -1.0105157293661935, -1.6420202214416402], [3.573037466352083, -1.0037816623616644, 1.6549099808472219], [3.31972705949424, 3.7307329692853584, 1.635998553042794], [3.3611358401076195, 3.68169370837622, -1.6888111495322913], [11.218374353968047, 0.4877857788434473, -0.7899738026240714], [10.909240035656019, 1.0316686776371176, -4.079738003458763], [11.296672309181892, 3.6003203202666834, -1.9667681818123834]], "name": "C5H10O2", "identifiers": {"molecule_hash": "c341809c51d0079a12113413d11c6bc35c027631", "molecular_formula": "C5H10O2"}, "molecular_charge": 0.0, "molecular_multiplicity": 1, "connectivity": [[0, 1, 1.0], [0, 7, 1.0], [0, 8, 1.0], [0, 9, 1.0], [1, 2, 1.0], [1, 10, 1.0], [1, 11, 1.0], [2, 3, 1.0], [2, 12, 1.0], [2, 13, 1.0], [3, 4, 2.0], [3, 5, 1.0], [5, 6, 1.0], [6, 14, 1.0], [6, 15, 1.0], [6, 16, 1.0]], "fix_com": true, "fix_orientation": true, "provenance": {"creator": "QCElemental", "version": "v0.22.0", "routine": "qcelemental.molparse.from_schema"}, "id": "120624"}, "charge": 0, "optimize_geometry": false, "conformers": [], "conformer_generation_options": {"n_conformer_pool": 4000, "n_max_conformers": 0, "rms_tolerance": 0.05, "energy_window": 15, "keep_original_conformer": true}, "stage_1_unrestrained_charges": null, "stage_1_restrained_charges": null, "stage_2_unrestrained_charges": null, "stage_2_restrained_charges": null, "keep_original_orientation": false, "reorientations": [], "translations": [], "rotations": []}], "unconstrained_atoms": [{"index": 0, "molecule": {"qcmol": {"schema_name": "qcschema_molecule", "schema_version": 2, "validated": true, "symbols": ["C", "C", "C", "C", "O", "O", "C", "H", "H", "H", "H", "H", "H", "H", "H", "H", "H"], "geometry": [[0.0, -0.0, 0.0], [2.886604926410534, -1.3369907420742797e-16, 4.781669064643044e-16], [3.9727859252775, 2.6911592887111286, 4.440892098500626e-16], [6.821669845173736, 2.7016519230312177, 0.0710537067616055], [8.066441640714336, 3.345400823733355, 1.8273654516711708], [7.8110892038562785, 1.8672902772429099, -2.077825190913884], [10.480506336905673, 1.7458727268569192, -2.218912623920898], [-0.7315143646516782, -1.9156232473038568, 0.003306934301742559], [-0.7432188571685407, 0.957785363807248, 1.6556588252667865], [-0.7408907068385919, 0.9509013456345214, -1.661239221651587], [3.5821664825515223, -1.0105157293661935, -1.6420202214416402], [3.573037466352083, -1.0037816623616644, 1.6549099808472219], [3.31972705949424, 3.7307329692853584, 1.635998553042794], [3.3611358401076195, 3.68169370837622, -1.6888111495322913], [11.218374353968047, 0.4877857788434473, -0.7899738026240714], [10.909240035656019, 1.0316686776371176, -4.079738003458763], [11.296672309181892, 3.6003203202666834, -1.9667681818123834]], "name": "C5H10O2", "identifiers": {"molecule_hash": "c341809c51d0079a12113413d11c6bc35c027631", "molecular_formula": "C5H10O2"}, "molecular_charge": 0.0, "molecular_multiplicity": 1, "connectivity": [[0, 1, 1.0], [0, 7, 1.0], [0, 8, 1.0], [0, 9, 1.0], [1, 2, 1.0], [1, 10, 1.0], [1, 11, 1.0], [2, 3, 1.0], [2, 12, 1.0], [2, 13, 1.0], [3, 4, 2.0], [3, 5, 1.0], [5, 6, 1.0], [6, 14, 1.0], [6, 15, 1.0], [6, 16, 1.0]], "fix_com": true, "fix_orientation": true, "provenance": {"creator": "QCElemental", "version": "v0.22.0", "routine": "qcelemental.molparse.from_schema"}, "id": "120624"}, "charge": 0, "optimize_geometry": false, "conformers": [], "conformer_generation_options": {"n_conformer_pool": 4000, "n_max_conformers": 0, "rms_tolerance": 0.05, "energy_window": 15, "keep_original_conformer": true}, "stage_1_unrestrained_charges": null, "stage_1_restrained_charges": null, "stage_2_unrestrained_charges": null, "stage_2_restrained_charges": null, "keep_original_orientation": false, "reorientations": [], "translations": [], "rotations": []}}, {"index": 1, "molecule": {"qcmol": {"schema_name": "qcschema_molecule", "schema_version": 2, "validated": true, "symbols": ["C", "C", "C", "C", "O", "O", "C", "H", "H", "H", "H", "H", "H", "H", "H", "H", "H"], "geometry": [[0.0, -0.0, 0.0], [2.886604926410534, -1.3369907420742797e-16, 4.781669064643044e-16], [3.9727859252775, 2.6911592887111286, 4.440892098500626e-16], [6.821669845173736, 2.7016519230312177, 0.0710537067616055], [8.066441640714336, 3.345400823733355, 1.8273654516711708], [7.8110892038562785, 1.8672902772429099, -2.077825190913884], [10.480506336905673, 1.7458727268569192, -2.218912623920898], [-0.7315143646516782, -1.9156232473038568, 0.003306934301742559], [-0.7432188571685407, 0.957785363807248, 1.6556588252667865], [-0.7408907068385919, 0.9509013456345214, -1.661239221651587], [3.5821664825515223, -1.0105157293661935, -1.6420202214416402], [3.573037466352083, -1.0037816623616644, 1.6549099808472219], [3.31972705949424, 3.7307329692853584, 1.635998553042794], [3.3611358401076195, 3.68169370837622, -1.6888111495322913], [11.218374353968047, 0.4877857788434473, -0.7899738026240714], [10.909240035656019, 1.0316686776371176, -4.079738003458763], [11.296672309181892, 3.6003203202666834, -1.9667681818123834]], "name": "C5H10O2", "identifiers": {"molecule_hash": "c341809c51d0079a12113413d11c6bc35c027631", "molecular_formula": "C5H10O2"}, "molecular_charge": 0.0, "molecular_multiplicity": 1, "connectivity": [[0, 1, 1.0], [0, 7, 1.0], [0, 8, 1.0], [0, 9, 1.0], [1, 2, 1.0], [1, 10, 1.0], [1, 11, 1.0], [2, 3, 1.0], [2, 12, 1.0], [2, 13, 1.0], [3, 4, 2.0], [3, 5, 1.0], [5, 6, 1.0], [6, 14, 1.0], [6, 15, 1.0], [6, 16, 1.0]], "fix_com": true, "fix_orientation": true, "provenance": {"creator": "QCElemental", "version": "v0.22.0", "routine": "qcelemental.molparse.from_schema"}, "id": "120624"}, "charge": 0, "optimize_geometry": false, "conformers": [], "conformer_generation_options": {"n_conformer_pool": 4000, "n_max_conformers": 0, "rms_tolerance": 0.05, "energy_window": 15, "keep_original_conformer": true}, "stage_1_unrestrained_charges": null, "stage_1_restrained_charges": null, "stage_2_unrestrained_charges": null, "stage_2_restrained_charges": null, "keep_original_orientation": false, "reorientations": [], "translations": [], "rotations": []}}, {"index": 2, "molecule": {"qcmol": {"schema_name": "qcschema_molecule", "schema_version": 2, "validated": true, "symbols": ["C", "C", "C", "C", "O", "O", "C", "H", "H", "H", "H", "H", "H", "H", "H", "H", "H"], "geometry": [[0.0, -0.0, 0.0], [2.886604926410534, -1.3369907420742797e-16, 4.781669064643044e-16], [3.9727859252775, 2.6911592887111286, 4.440892098500626e-16], [6.821669845173736, 2.7016519230312177, 0.0710537067616055], [8.066441640714336, 3.345400823733355, 1.8273654516711708], [7.8110892038562785, 1.8672902772429099, -2.077825190913884], [10.480506336905673, 1.7458727268569192, -2.218912623920898], [-0.7315143646516782, -1.9156232473038568, 0.003306934301742559], [-0.7432188571685407, 0.957785363807248, 1.6556588252667865], [-0.7408907068385919, 0.9509013456345214, -1.661239221651587], [3.5821664825515223, -1.0105157293661935, -1.6420202214416402], [3.573037466352083, -1.0037816623616644, 1.6549099808472219], [3.31972705949424, 3.7307329692853584, 1.635998553042794], [3.3611358401076195, 3.68169370837622, -1.6888111495322913], [11.218374353968047, 0.4877857788434473, -0.7899738026240714], [10.909240035656019, 1.0316686776371176, -4.079738003458763], [11.296672309181892, 3.6003203202666834, -1.9667681818123834]], "name": "C5H10O2", "identifiers": {"molecule_hash": "c341809c51d0079a12113413d11c6bc35c027631", "molecular_formula": "C5H10O2"}, "molecular_charge": 0.0, "molecular_multiplicity": 1, "connectivity": [[0, 1, 1.0], [0, 7, 1.0], [0, 8, 1.0], [0, 9, 1.0], [1, 2, 1.0], [1, 10, 1.0], [1, 11, 1.0], [2, 3, 1.0], [2, 12, 1.0], [2, 13, 1.0], [3, 4, 2.0], [3, 5, 1.0], [5, 6, 1.0], [6, 14, 1.0], [6, 15, 1.0], [6, 16, 1.0]], "fix_com": true, "fix_orientation": true, "provenance": {"creator": "QCElemental", "version": "v0.22.0", "routine": "qcelemental.molparse.from_schema"}, "id": "120624"}, "charge": 0, "optimize_geometry": false, "conformers": [], "conformer_generation_options": {"n_conformer_pool": 4000, "n_max_conformers": 0, "rms_tolerance": 0.05, "energy_window": 15, "keep_original_conformer": true}, "stage_1_unrestrained_charges": null, "stage_1_restrained_charges": null, "stage_2_unrestrained_charges": null, "stage_2_restrained_charges": null, "keep_original_orientation": false, "reorientations": [], "translations": [], "rotations": []}}, {"index": 6, "molecule": {"qcmol": {"schema_name": "qcschema_molecule", "schema_version": 2, "validated": true, "symbols": ["C", "C", "C", "C", "O", "O", "C", "H", "H", "H", "H", "H", "H", "H", "H", "H", "H"], "geometry": [[0.0, -0.0, 0.0], [2.886604926410534, -1.3369907420742797e-16, 4.781669064643044e-16], [3.9727859252775, 2.6911592887111286, 4.440892098500626e-16], [6.821669845173736, 2.7016519230312177, 0.0710537067616055], [8.066441640714336, 3.345400823733355, 1.8273654516711708], [7.8110892038562785, 1.8672902772429099, -2.077825190913884], [10.480506336905673, 1.7458727268569192, -2.218912623920898], [-0.7315143646516782, -1.9156232473038568, 0.003306934301742559], [-0.7432188571685407, 0.957785363807248, 1.6556588252667865], [-0.7408907068385919, 0.9509013456345214, -1.661239221651587], [3.5821664825515223, -1.0105157293661935, -1.6420202214416402], [3.573037466352083, -1.0037816623616644, 1.6549099808472219], [3.31972705949424, 3.7307329692853584, 1.635998553042794], [3.3611358401076195, 3.68169370837622, -1.6888111495322913], [11.218374353968047, 0.4877857788434473, -0.7899738026240714], [10.909240035656019, 1.0316686776371176, -4.079738003458763], [11.296672309181892, 3.6003203202666834, -1.9667681818123834]], "name": "C5H10O2", "identifiers": {"molecule_hash": "c341809c51d0079a12113413d11c6bc35c027631", "molecular_formula": "C5H10O2"}, "molecular_charge": 0.0, "molecular_multiplicity": 1, "connectivity": [[0, 1, 1.0], [0, 7, 1.0], [0, 8, 1.0], [0, 9, 1.0], [1, 2, 1.0], [1, 10, 1.0], [1, 11, 1.0], [2, 3, 1.0], [2, 12, 1.0], [2, 13, 1.0], [3, 4, 2.0], [3, 5, 1.0], [5, 6, 1.0], [6, 14, 1.0], [6, 15, 1.0], [6, 16, 1.0]], "fix_com": true, "fix_orientation": true, "provenance": {"creator": "QCElemental", "version": "v0.22.0", "routine": "qcelemental.molparse.from_schema"}, "id": "120624"}, "charge": 0, "optimize_geometry": false, "conformers": [], "conformer_generation_options": {"n_conformer_pool": 4000, "n_max_conformers": 0, "rms_tolerance": 0.05, "energy_window": 15, "keep_original_conformer": true}, "stage_1_unrestrained_charges": null, "stage_1_restrained_charges": null, "stage_2_unrestrained_charges": null, "stage_2_restrained_charges": null, "keep_original_orientation": false, "reorientations": [], "translations": [], "rotations": []}}]}, "surface_constraints": {"matrix": [[1880.7016159751006, 1822.8871512834094, 1747.5228491986504, 1667.09172574542, 1626.924397181678, 1611.0181280992867, 1480.3182605163283, 1888.2702248963064, 1885.9883485649393, 1885.9253635387834, 1816.7149444090853, 1815.0856833997761, 1741.6365177418388, 1733.9194897405, 1449.2582990616204, 1470.2263839439506, 1413.122376656504], [1822.8871512834094, 1873.1272720035045, 1818.7744051197542, 1753.2220382605324, 1709.0430375317842, 1709.4403284639068, 1573.5952078391235, 1803.7110518755703, 1800.741872055079, 1801.3844025399887, 1898.8110695662947, 1898.0548418046333, 1809.4329751733057, 1809.434615310117, 1546.9411768200227, 1552.8115233845333, 1506.7796886518604], [1747.5228491986504, 1818.7744051197542, 1868.9868445830532, 1822.7077541250837, 1784.5267219526247, 1778.4368237082942, 1644.8085396409256, 1710.6508128529754, 1732.1749588616278, 1726.0197982423988, 1814.7247850702465, 1814.9579211744044, 1891.5113630614119, 1890.7803987080704, 1610.8577407694327, 1609.3828598591886, 1599.9951382834772], [1667.09172574542, 1753.2220382605324, 1822.7077541250837, 1868.7746701624642, 1872.1631614939488, 1844.1580078430954, 1761.8770913508674, 1641.7605547974863, 1650.4057162953088, 1628.6055749184547, 1753.5697861830974, 1747.2901513853353, 1818.9929984820847, 1817.620542521695, 1739.5912744183465, 1736.0413809200518, 1727.8780731717172], [1626.924397181678, 1709.0430375317842, 1784.5267219526247, 1872.1631614939488, 1951.8424417621382, 1802.5232411898833, 1755.4028690500443, 1606.631979408192, 1622.3617942876604, 1575.9493696824954, 1700.0535276211426, 1706.05842091707, 1778.7331624770268, 1757.2007984314992, 1743.6711300246777, 1734.1234725779925, 1731.6553043520325], [1611.0181280992867, 1709.4403284639068, 1778.4368237082942, 1844.1580078430954, 1802.5232411898833, 1903.696142253823, 1836.8022290537854, 1588.158085958141, 1580.4333304313684, 1576.1694104979629, 1727.3903368933256, 1697.6495592900771, 1756.7918295525023, 1779.2372721722543, 1815.1759096435778, 1818.8016074794066, 1802.8317078881503], [1480.3182605163283, 1573.5952078391235, 1644.8085396409256, 1761.8770913508674, 1755.4028690500443, 1836.8022290537854, 1865.5841691960213, 1465.48769385061, 1454.2450518634598, 1440.4215643930402, 1588.2159474066925, 1561.7974179904822, 1612.2450886537242, 1628.1395096617766, 1868.4282607781483, 1870.6514504307913, 1855.8152995450994], [1888.2702248963064, 1803.7110518755703, 1710.6508128529754, 1641.7605547974863, 1606.631979408192, 1588.158085958141, 1465.48769385061, 1976.4037948828982, 1864.952112253559, 1864.1235256307432, 1791.0941905347045, 1797.3035477399753, 1699.8989784488165, 1682.3750515267054, 1439.017861613468, 1459.110022035577, 1395.510615946814], [1885.9883485649393, 1800.741872055079, 1732.1749588616278, 1650.4057162953088, 1622.3617942876604, 1580.4333304313684, 1454.2450518634598, 1864.952112253559, 1973.4776681809983, 1861.573132660848, 1789.3096043868654, 1772.7871205172937, 1737.3943027919163, 1712.778423859867, 1419.6424393251918, 1449.556753036864, 1388.807788104073], [1885.9253635387834, 1801.3844025399887, 1726.0197982423988, 1628.6055749184547, 1575.9493696824954, 1576.1694104979629, 1440.4215643930402, 1864.1235256307432, 1861.573132660848, 1972.7686774905017, 1781.982573231314, 1786.8291358116628, 1716.211241454529, 1730.2393470852946, 1406.2822440926468, 1430.038396701719, 1374.5792693037858], [1816.7149444090853, 1898.8110695662947, 1814.7247850702465, 1753.5697861830974, 1700.0535276211426, 1727.3903368933256, 1588.2159474066925, 1791.0941905347045, 1789.3096043868654, 1781.982573231314, 2003.4193585836515, 1893.5303375281464, 1784.3644801989783, 1800.1643505877498, 1560.1502034498378, 1575.7214430330146, 1511.6378021310613], [1815.0856833997761, 1898.0548418046333, 1814.9579211744044, 1747.2901513853353, 1706.05842091707, 1697.6495592900771, 1561.7974179904822, 1797.3035477399753, 1772.7871205172937, 1786.8291358116628, 1893.5303375281464, 2001.7335234279467, 1799.4251486787575, 1790.8052717231599, 1545.4877024879754, 1533.7379041409083, 1491.871742256515], [1741.6365177418388, 1809.4329751733057, 1891.5113630614119, 1818.9929984820847, 1778.7331624770268, 1756.7918295525023, 1612.2450886537242, 1699.8989784488165, 1737.3943027919163, 1716.211241454529, 1784.3644801989783, 1799.4251486787575, 1991.2112221847467, 1882.4545027255042, 1568.9096418133731, 1571.3921229981538, 1575.812335902825], [1733.9194897405, 1809.434615310117, 1890.7803987080704, 1817.620542521695, 1757.2007984314992, 1779.2372721722543, 1628.1395096617766, 1682.3750515267054, 1712.778423859867, 1730.2393470852946, 1800.1643505877498, 1790.8052717231599, 1882.4545027255042, 1989.9540602025304, 1591.1025849673324, 1580.1537831442536, 1588.2426030615438], [1449.2582990616204, 1546.9411768200227, 1610.8577407694327, 1739.5912744183465, 1743.6711300246777, 1815.1759096435778, 1868.4282607781483, 1439.017861613468, 1419.6424393251918, 1406.2822440926468, 1560.1502034498378, 1545.4877024879754, 1568.9096418133731, 1591.1025849673324, 1952.4459344576042, 1842.8705767306215, 1828.6875123126315], [1470.2263839439506, 1552.8115233845333, 1609.3828598591886, 1736.0413809200518, 1734.1234725779925, 1818.8016074794066, 1870.6514504307913, 1459.110022035577, 1449.556753036864, 1430.038396701719, 1575.7214430330146, 1533.7379041409083, 1571.3921229981538, 1580.1537831442536, 1842.8705767306215, 1956.3217897636657, 1830.541730787463], [1413.122376656504, 1506.7796886518604, 1599.9951382834772, 1727.8780731717172, 1731.6553043520325, 1802.8317078881503, 1855.8152995450994, 1395.510615946814, 1388.807788104073, 1374.5792693037858, 1511.6378021310613, 1491.871742256515, 1575.812335902825, 1588.2426030615438, 1828.6875123126315, 1830.541730787463, 1927.2008159474676], [-2.4155520876596133, -5.177526380974972, -12.552944347421109, -32.47739645018752, -66.07711315738766, -13.36312812580586, -9.849395132861629, -3.4583174517852493, -6.6455992501827135, 4.988623678914902, -2.90022505497283, -5.094609486088442, -10.722223281134301, -3.6279318595586694, -8.85751999774944, -6.302248216230899, -9.429914619668903]]}}