{"resp_b": 0.1, "restrained_fit": true, "exclude_hydrogens": true, "convergence_tolerance": 1e-06, "max_iter": 500, "resp_a": 0.0005, "charge_constraints": {"charge_sum_constraints": [], "charge_equivalence_constraints": [], "molecules": [{"qcmol": {"schema_name": "qcschema_molecule", "schema_version": 2, "validated": true, "symbols": ["C", "C", "C", "C", "O", "O", "C", "H", "H", "H", "H", "H", "H", "H", "H", "H", "H"], "geometry": [[0.0, -0.0, 0.0], [2.886604926410534, -1.3369907420742797e-16, 4.781669064643044e-16], [3.9727859252775, 2.6911592887111286, 4.440892098500626e-16], [6.821669845173736, 2.7016519230312177, 0.0710537067616055], [8.066441640714336, 3.345400823733355, 1.8273654516711708], [7.8110892038562785, 1.8672902772429099, -2.077825190913884], [10.480506336905673, 1.7458727268569192, -2.218912623920898], [-0.7315143646516782, -1.9156232473038568, 0.003306934301742559], [-0.7432188571685407, 0.957785363807248, 1.6556588252667865], [-0.7408907068385919, 0.9509013456345214, -1.661239221651587], [3.5821664825515223, -1.0105157293661935, -1.6420202214416402], [3.573037466352083, -1.0037816623616644, 1.6549099808472219], [3.31972705949424, 3.7307329692853584, 1.635998553042794], [3.3611358401076195, 3.68169370837622, -1.6888111495322913], [11.218374353968047, 0.4877857788434473, -0.7899738026240714], [10.909240035656019, 1.0316686776371176, -4.079738003458763], [11.296672309181892, 3.6003203202666834, -1.9667681818123834]], "name": "C5H10O2", "identifiers": {"molecule_hash": "c341809c51d0079a12113413d11c6bc35c027631", "molecular_formula": "C5H10O2"}, "molecular_charge": 0.0, "molecular_multiplicity": 1, "connectivity": [[0, 1, 1.0], [0, 7, 1.0], [0, 8, 1.0], [0, 9, 1.0], [1, 2, 1.0], [1, 10, 1.0], [1, 11, 1.0], [2, 3, 1.0], [2, 12, 1.0], [2, 13, 1.0], [3, 4, 2.0], [3, 5, 1.0], [5, 6, 1.0], [6, 14, 1.0], [6, 15, 1.0], [6, 16, 1.0]], "fix_com": true, "fix_orientation": true, "provenance": {"creator": "QCElemental", "version": "v0.22.0", "routine": "qcelemental.molparse.from_schema"}, "id": "120624"}, "charge": 0, "optimize_geometry": false, "conformers": [], "conformer_generation_options": {"n_conformer_pool": 4000, "n_max_conformers": 0, "rms_tolerance": 0.05, "energy_window": 15, "keep_original_conformer": true}, "stage_1_unrestrained_charges": null, "stage_1_restrained_charges": null, "stage_2_unrestrained_charges": null, "stage_2_restrained_charges": null, "keep_original_orientation": false, "reorientations": [], "translations": [], "rotations": []}], "unconstrained_atoms": [{"index": 0, "molecule": {"qcmol": {"schema_name": "qcschema_molecule", "schema_version": 2, "validated": true, "symbols": ["C", "C", "C", "C", "O", "O", "C", "H", "H", "H", "H", "H", "H", "H", "H", "H", "H"], "geometry": [[0.0, -0.0, 0.0], [2.886604926410534, -1.3369907420742797e-16, 4.781669064643044e-16], [3.9727859252775, 2.6911592887111286, 4.440892098500626e-16], [6.821669845173736, 2.7016519230312177, 0.0710537067616055], [8.066441640714336, 3.345400823733355, 1.8273654516711708], [7.8110892038562785, 1.8672902772429099, -2.077825190913884], [10.480506336905673, 1.7458727268569192, -2.218912623920898], [-0.7315143646516782, -1.9156232473038568, 0.003306934301742559], [-0.7432188571685407, 0.957785363807248, 1.6556588252667865], [-0.7408907068385919, 0.9509013456345214, -1.661239221651587], [3.5821664825515223, -1.0105157293661935, -1.6420202214416402], [3.573037466352083, -1.0037816623616644, 1.6549099808472219], [3.31972705949424, 3.7307329692853584, 1.635998553042794], [3.3611358401076195, 3.68169370837622, -1.6888111495322913], [11.218374353968047, 0.4877857788434473, -0.7899738026240714], [10.909240035656019, 1.0316686776371176, -4.079738003458763], [11.296672309181892, 3.6003203202666834, -1.9667681818123834]], "name": "C5H10O2", "identifiers": {"molecule_hash": "c341809c51d0079a12113413d11c6bc35c027631", "molecular_formula": "C5H10O2"}, "molecular_charge": 0.0, "molecular_multiplicity": 1, "connectivity": [[0, 1, 1.0], [0, 7, 1.0], [0, 8, 1.0], [0, 9, 1.0], [1, 2, 1.0], [1, 10, 1.0], [1, 11, 1.0], [2, 3, 1.0], [2, 12, 1.0], [2, 13, 1.0], [3, 4, 2.0], [3, 5, 1.0], [5, 6, 1.0], [6, 14, 1.0], [6, 15, 1.0], [6, 16, 1.0]], "fix_com": true, "fix_orientation": true, "provenance": {"creator": "QCElemental", "version": "v0.22.0", "routine": "qcelemental.molparse.from_schema"}, "id": "120624"}, "charge": 0, "optimize_geometry": false, "conformers": [], "conformer_generation_options": {"n_conformer_pool": 4000, "n_max_conformers": 0, "rms_tolerance": 0.05, "energy_window": 15, "keep_original_conformer": true}, "stage_1_unrestrained_charges": null, "stage_1_restrained_charges": null, "stage_2_unrestrained_charges": null, "stage_2_restrained_charges": null, "keep_original_orientation": false, "reorientations": [], "translations": [], "rotations": []}}, {"index": 1, "molecule": {"qcmol": {"schema_name": "qcschema_molecule", "schema_version": 2, "validated": true, "symbols": ["C", "C", "C", "C", "O", "O", "C", "H", "H", "H", "H", "H", "H", "H", "H", "H", "H"], "geometry": [[0.0, -0.0, 0.0], [2.886604926410534, -1.3369907420742797e-16, 4.781669064643044e-16], [3.9727859252775, 2.6911592887111286, 4.440892098500626e-16], [6.821669845173736, 2.7016519230312177, 0.0710537067616055], [8.066441640714336, 3.345400823733355, 1.8273654516711708], [7.8110892038562785, 1.8672902772429099, -2.077825190913884], [10.480506336905673, 1.7458727268569192, -2.218912623920898], [-0.7315143646516782, -1.9156232473038568, 0.003306934301742559], [-0.7432188571685407, 0.957785363807248, 1.6556588252667865], [-0.7408907068385919, 0.9509013456345214, -1.661239221651587], [3.5821664825515223, -1.0105157293661935, -1.6420202214416402], [3.573037466352083, -1.0037816623616644, 1.6549099808472219], [3.31972705949424, 3.7307329692853584, 1.635998553042794], [3.3611358401076195, 3.68169370837622, -1.6888111495322913], [11.218374353968047, 0.4877857788434473, -0.7899738026240714], [10.909240035656019, 1.0316686776371176, -4.079738003458763], [11.296672309181892, 3.6003203202666834, -1.9667681818123834]], "name": "C5H10O2", "identifiers": {"molecule_hash": "c341809c51d0079a12113413d11c6bc35c027631", "molecular_formula": "C5H10O2"}, "molecular_charge": 0.0, "molecular_multiplicity": 1, "connectivity": [[0, 1, 1.0], [0, 7, 1.0], [0, 8, 1.0], [0, 9, 1.0], [1, 2, 1.0], [1, 10, 1.0], [1, 11, 1.0], [2, 3, 1.0], [2, 12, 1.0], [2, 13, 1.0], [3, 4, 2.0], [3, 5, 1.0], [5, 6, 1.0], [6, 14, 1.0], [6, 15, 1.0], [6, 16, 1.0]], "fix_com": true, "fix_orientation": true, "provenance": {"creator": "QCElemental", "version": "v0.22.0", "routine": "qcelemental.molparse.from_schema"}, "id": "120624"}, "charge": 0, "optimize_geometry": false, "conformers": [], "conformer_generation_options": {"n_conformer_pool": 4000, "n_max_conformers": 0, "rms_tolerance": 0.05, "energy_window": 15, "keep_original_conformer": true}, "stage_1_unrestrained_charges": null, "stage_1_restrained_charges": null, "stage_2_unrestrained_charges": null, "stage_2_restrained_charges": null, "keep_original_orientation": false, "reorientations": [], "translations": [], "rotations": []}}, {"index": 2, "molecule": {"qcmol": {"schema_name": "qcschema_molecule", "schema_version": 2, "validated": true, "symbols": ["C", "C", "C", "C", "O", "O", "C", "H", "H", "H", "H", "H", "H", "H", "H", "H", "H"], "geometry": [[0.0, -0.0, 0.0], [2.886604926410534, -1.3369907420742797e-16, 4.781669064643044e-16], [3.9727859252775, 2.6911592887111286, 4.440892098500626e-16], [6.821669845173736, 2.7016519230312177, 0.0710537067616055], [8.066441640714336, 3.345400823733355, 1.8273654516711708], [7.8110892038562785, 1.8672902772429099, -2.077825190913884], [10.480506336905673, 1.7458727268569192, -2.218912623920898], [-0.7315143646516782, -1.9156232473038568, 0.003306934301742559], [-0.7432188571685407, 0.957785363807248, 1.6556588252667865], [-0.7408907068385919, 0.9509013456345214, -1.661239221651587], [3.5821664825515223, -1.0105157293661935, -1.6420202214416402], [3.573037466352083, -1.0037816623616644, 1.6549099808472219], [3.31972705949424, 3.7307329692853584, 1.635998553042794], [3.3611358401076195, 3.68169370837622, -1.6888111495322913], [11.218374353968047, 0.4877857788434473, -0.7899738026240714], [10.909240035656019, 1.0316686776371176, -4.079738003458763], [11.296672309181892, 3.6003203202666834, -1.9667681818123834]], "name": "C5H10O2", "identifiers": {"molecule_hash": "c341809c51d0079a12113413d11c6bc35c027631", "molecular_formula": "C5H10O2"}, "molecular_charge": 0.0, "molecular_multiplicity": 1, "connectivity": [[0, 1, 1.0], [0, 7, 1.0], [0, 8, 1.0], [0, 9, 1.0], [1, 2, 1.0], [1, 10, 1.0], [1, 11, 1.0], [2, 3, 1.0], [2, 12, 1.0], [2, 13, 1.0], [3, 4, 2.0], [3, 5, 1.0], [5, 6, 1.0], [6, 14, 1.0], [6, 15, 1.0], [6, 16, 1.0]], "fix_com": true, "fix_orientation": true, "provenance": {"creator": "QCElemental", "version": "v0.22.0", "routine": "qcelemental.molparse.from_schema"}, "id": "120624"}, "charge": 0, "optimize_geometry": false, "conformers": [], "conformer_generation_options": {"n_conformer_pool": 4000, "n_max_conformers": 0, "rms_tolerance": 0.05, "energy_window": 15, "keep_original_conformer": true}, "stage_1_unrestrained_charges": null, "stage_1_restrained_charges": null, "stage_2_unrestrained_charges": null, "stage_2_restrained_charges": null, "keep_original_orientation": false, "reorientations": [], "translations": [], "rotations": []}}, {"index": 6, "molecule": {"qcmol": {"schema_name": "qcschema_molecule", "schema_version": 2, "validated": true, "symbols": ["C", "C", "C", "C", "O", "O", "C", "H", "H", "H", "H", "H", "H", "H", "H", "H", "H"], "geometry": [[0.0, -0.0, 0.0], [2.886604926410534, -1.3369907420742797e-16, 4.781669064643044e-16], [3.9727859252775, 2.6911592887111286, 4.440892098500626e-16], [6.821669845173736, 2.7016519230312177, 0.0710537067616055], [8.066441640714336, 3.345400823733355, 1.8273654516711708], [7.8110892038562785, 1.8672902772429099, -2.077825190913884], [10.480506336905673, 1.7458727268569192, -2.218912623920898], [-0.7315143646516782, -1.9156232473038568, 0.003306934301742559], [-0.7432188571685407, 0.957785363807248, 1.6556588252667865], [-0.7408907068385919, 0.9509013456345214, -1.661239221651587], [3.5821664825515223, -1.0105157293661935, -1.6420202214416402], [3.573037466352083, -1.0037816623616644, 1.6549099808472219], [3.31972705949424, 3.7307329692853584, 1.635998553042794], [3.3611358401076195, 3.68169370837622, -1.6888111495322913], [11.218374353968047, 0.4877857788434473, -0.7899738026240714], [10.909240035656019, 1.0316686776371176, -4.079738003458763], [11.296672309181892, 3.6003203202666834, -1.9667681818123834]], "name": "C5H10O2", "identifiers": {"molecule_hash": "c341809c51d0079a12113413d11c6bc35c027631", "molecular_formula": "C5H10O2"}, "molecular_charge": 0.0, "molecular_multiplicity": 1, "connectivity": [[0, 1, 1.0], [0, 7, 1.0], [0, 8, 1.0], [0, 9, 1.0], [1, 2, 1.0], [1, 10, 1.0], [1, 11, 1.0], [2, 3, 1.0], [2, 12, 1.0], [2, 13, 1.0], [3, 4, 2.0], [3, 5, 1.0], [5, 6, 1.0], [6, 14, 1.0], [6, 15, 1.0], [6, 16, 1.0]], "fix_com": true, "fix_orientation": true, "provenance": {"creator": "QCElemental", "version": "v0.22.0", "routine": "qcelemental.molparse.from_schema"}, "id": "120624"}, "charge": 0, "optimize_geometry": false, "conformers": [], "conformer_generation_options": {"n_conformer_pool": 4000, "n_max_conformers": 0, "rms_tolerance": 0.05, "energy_window": 15, "keep_original_conformer": true}, "stage_1_unrestrained_charges": null, "stage_1_restrained_charges": null, "stage_2_unrestrained_charges": null, "stage_2_restrained_charges": null, "keep_original_orientation": false, "reorientations": [], "translations": [], "rotations": []}}]}, "surface_constraints": {"matrix": [[614102813838531.2, 596552310117498.9, 574987037851443.9, 550150985053351.44, 538806124665515.0, 533548957562063.5, 494660978721125.5, 617433138536126.5, 617462112205556.5, 617021911504983.9, 595277986372867.5, 594622847332815.6, 574610446251742.6, 572392028041988.0, 485545855548862.56, 492498246155611.6, 474917195468720.3], [596552310117498.9, 611251483503117.8, 596174894058930.1, 575837562445510.8, 563343676403470.0, 563397829535467.6, 523558130317598.06, 591573685665759.0, 591310729631980.8, 591208768993625.5, 619746121743632.5, 619307938395875.5, 594909319926026.6, 595189995281304.1, 516032462760909.4, 518158776115169.4, 504378002795376.56], [574987037851443.9, 596174894058930.1, 612067325696808.2, 597318477767534.4, 586894968451192.5, 584944329192926.0, 546337699482500.25, 564300636317711.0, 571585941951739.6, 569451337154232.9, 595576772719715.6, 595410842389867.6, 620681859959568.0, 620745416871075.6, 536650324997429.1, 536402795603817.1, 534527500391391.75], [550150985053351.44, 575837562445510.8, 597318477767534.4, 610002560183819.5, 612393240574734.9, 603744530038842.2, 581836807267133.1, 542896636091562.1, 546159210857191.3, 539214036933411.3, 576549572409684.1, 574407973305248.8, 597941586747397.0, 597797231740069.8, 576156220843734.2, 575343965282547.5, 573963265420931.5], [538806124665515.0, 563343676403470.0, 586894968451192.5, 612393240574734.9, 637241707175905.5, 592693471264731.0, 581247028540167.4, 533075246430250.2, 538562827515127.8, 523790703179310.8, 561032862673065.5, 562741977158477.25, 586834050248391.0, 580376532610433.5, 578746380239601.6, 576048093799499.5, 576441162609909.9], [533548957562063.5, 563397829535467.6, 584944329192926.0, 603744530038842.2, 592693471264731.0, 622075375155282.6, 605205094795217.6, 526899911963474.3, 524991209707747.25, 523628223146690.44, 569565902103529.1, 560153746058532.56, 579856050430513.0, 587140140274235.0, 599919543965958.9, 601455627607381.8, 597695265663772.6], [494660978721125.5, 523558130317598.06, 546337699482500.25, 581836807267133.1, 581247028540167.4, 605205094795217.6, 616502976822778.4, 490406860144694.2, 487202189760255.75, 482734612435000.06, 528658512422076.5, 520133609825247.25, 537407364610103.1, 542692144337585.94, 618607486030535.4, 619809256805718.2, 616283558200704.2], [617433138536126.5, 591573685665759.0, 564300636317711.0, 542896636091562.1, 533075246430250.2, 526899911963474.3, 490406860144694.2, 645566101561621.6, 612072854493159.6, 611358332928525.0, 588335372929752.0, 590034978011939.9, 562348388772198.5, 556926831840047.44, 482759976670394.3, 489421443487277.75, 469665819914615.0], [617462112205556.5, 591310729631980.8, 571585941951739.6, 546159210857191.3, 538562827515127.8, 524991209707747.25, 487202189760255.75, 612072854493159.6, 646195419359525.2, 611192165625244.8, 588278823398021.4, 583087908047199.9, 574673065158719.1, 567073227493156.0, 476831780418662.44, 486712841945510.56, 467881184264972.6], [617021911504983.9, 591208768993625.5, 569451337154232.9, 539214036933411.3, 523790703179310.8, 523628223146690.44, 482734612435000.06, 611358332928525.0, 611192165625244.8, 645183514608100.6, 585759870437273.0, 587132609885889.2, 567706594761732.0, 572401703839838.9, 472511129090837.8, 480398537296884.7, 463186089362430.25], [595277986372867.5, 619746121743632.5, 595576772719715.6, 576549572409684.1, 561032862673065.5, 569565902103529.1, 528658512422076.5, 588335372929752.0, 588278823398021.4, 585759870437273.0, 652598550366660.2, 618656170934171.0, 587733125095002.9, 592926104705189.4, 520709717054897.06, 525981945863569.75, 506286225663403.0], [594622847332815.6, 619307938395875.5, 595410842389867.6, 574407973305248.8, 562741977158477.25, 560153746058532.56, 520133609825247.25, 590034978011939.9, 583087908047199.9, 587132609885889.2, 618656170934171.0, 651681004421771.4, 592147543592826.1, 589807684422219.8, 515878456227790.2, 512369784761804.4, 499851056191031.5], [574610446251742.6, 594909319926026.6, 620681859959568.0, 597941586747397.0, 586834050248391.0, 579856050430513.0, 537407364610103.1, 562348388772198.5, 574673065158719.1, 567706594761732.0, 587733125095002.9, 592147543592826.1, 653496122265160.8, 619574172335297.8, 524522292691678.44, 525591954173724.9, 528108480753886.6], [572392028041988.0, 595189995281304.1, 620745416871075.6, 597797231740069.8, 580376532610433.5, 587140140274235.0, 542692144337585.94, 556926831840047.44, 567073227493156.0, 572401703839838.9, 592926104705189.4, 589807684422219.8, 619574172335297.8, 653669949449818.2, 531958416868932.56, 528511485454806.25, 532327537851454.56], [485545855548862.56, 516032462760909.4, 536650324997429.1, 576156220843734.2, 578746380239601.6, 599919543965958.9, 618607486030535.4, 482759976670394.3, 476831780418662.44, 472511129090837.8, 520709717054897.06, 515878456227790.2, 524522292691678.44, 531958416868932.56, 645963020901173.0, 612328134325437.4, 608958901294200.8], [492498246155611.6, 518158776115169.4, 536402795603817.1, 575343965282547.5, 576048093799499.5, 601455627607381.8, 619809256805718.2, 489421443487277.75, 486712841945510.56, 480398537296884.7, 525981945863569.75, 512369784761804.4, 525591954173724.9, 528511485454806.25, 612328134325437.4, 648249014695838.8, 610021005326289.5], [474917195468720.3, 504378002795376.56, 534527500391391.75, 573963265420931.5, 576441162609909.9, 597695265663772.6, 616283558200704.2, 469665819914615.0, 467881184264972.6, 463186089362430.25, 506286225663403.0, 499851056191031.5, 528108480753886.6, 532327537851454.56, 608958901294200.8, 610021005326289.5, 641259583435338.9], [-487479510873.06366, -1241563365921.2053, -3174118510455.163, -7818512815974.843, -15905363740795.191, -3096678970948.229, -1996920791576.5308, -634083056185.1963, -1468596287016.177, 1297417482398.4607, -666580801924.0182, -1203132908016.1467, -2851810570414.205, -1080890824343.9352, -1651559976340.2122, -948596681758.7322, -1910005597156.8281]]}}