{"resp_b": 0.1, "restrained_fit": true, "exclude_hydrogens": true, "convergence_tolerance": 1e-06, "max_iter": 500, "resp_a": 0.0005, "charge_constraints": {"charge_sum_constraints": [], "charge_equivalence_constraints": [], "molecules": [{"qcmol": {"schema_name": "qcschema_molecule", "schema_version": 2, "validated": true, "symbols": ["C", "C", "C", "C", "O", "O", "C", "H", "H", "H", "H", "H", "H", "H", "H", "H", "H"], "geometry": [[0.0, -0.0, 0.0], [2.886604926410534, -1.3369907420742797e-16, 4.781669064643044e-16], [3.9727859252775, 2.6911592887111286, 4.440892098500626e-16], [6.821669845173736, 2.7016519230312177, 0.0710537067616055], [8.066441640714336, 3.345400823733355, 1.8273654516711708], [7.8110892038562785, 1.8672902772429099, -2.077825190913884], [10.480506336905673, 1.7458727268569192, -2.218912623920898], [-0.7315143646516782, -1.9156232473038568, 0.003306934301742559], [-0.7432188571685407, 0.957785363807248, 1.6556588252667865], [-0.7408907068385919, 0.9509013456345214, -1.661239221651587], [3.5821664825515223, -1.0105157293661935, -1.6420202214416402], [3.573037466352083, -1.0037816623616644, 1.6549099808472219], [3.31972705949424, 3.7307329692853584, 1.635998553042794], [3.3611358401076195, 3.68169370837622, -1.6888111495322913], [11.218374353968047, 0.4877857788434473, -0.7899738026240714], [10.909240035656019, 1.0316686776371176, -4.079738003458763], [11.296672309181892, 3.6003203202666834, -1.9667681818123834]], "name": "C5H10O2", "identifiers": {"molecule_hash": "c341809c51d0079a12113413d11c6bc35c027631", "molecular_formula": "C5H10O2"}, "molecular_charge": 0.0, "molecular_multiplicity": 1, "connectivity": [[0, 1, 1.0], [0, 7, 1.0], [0, 8, 1.0], [0, 9, 1.0], [1, 2, 1.0], [1, 10, 1.0], [1, 11, 1.0], [2, 3, 1.0], [2, 12, 1.0], [2, 13, 1.0], [3, 4, 2.0], [3, 5, 1.0], [5, 6, 1.0], [6, 14, 1.0], [6, 15, 1.0], [6, 16, 1.0]], "fix_com": true, "fix_orientation": true, "provenance": {"creator": "QCElemental", "version": "v0.22.0", "routine": "qcelemental.molparse.from_schema"}, "id": "120624"}, "charge": 0, "optimize_geometry": false, "conformers": [], "conformer_generation_options": {"n_conformer_pool": 4000, "n_max_conformers": 0, "rms_tolerance": 0.05, "energy_window": 15, "keep_original_conformer": true}, "stage_1_unrestrained_charges": null, "stage_1_restrained_charges": null, "stage_2_unrestrained_charges": null, "stage_2_restrained_charges": null, "keep_original_orientation": false, "reorientations": [], "translations": [], "rotations": []}], "unconstrained_atoms": [{"index": 0, "molecule": {"qcmol": {"schema_name": "qcschema_molecule", "schema_version": 2, "validated": true, "symbols": ["C", "C", "C", "C", "O", "O", "C", "H", "H", "H", "H", "H", "H", "H", "H", "H", "H"], "geometry": [[0.0, -0.0, 0.0], [2.886604926410534, -1.3369907420742797e-16, 4.781669064643044e-16], [3.9727859252775, 2.6911592887111286, 4.440892098500626e-16], [6.821669845173736, 2.7016519230312177, 0.0710537067616055], [8.066441640714336, 3.345400823733355, 1.8273654516711708], [7.8110892038562785, 1.8672902772429099, -2.077825190913884], [10.480506336905673, 1.7458727268569192, -2.218912623920898], [-0.7315143646516782, -1.9156232473038568, 0.003306934301742559], [-0.7432188571685407, 0.957785363807248, 1.6556588252667865], [-0.7408907068385919, 0.9509013456345214, -1.661239221651587], [3.5821664825515223, -1.0105157293661935, -1.6420202214416402], [3.573037466352083, -1.0037816623616644, 1.6549099808472219], [3.31972705949424, 3.7307329692853584, 1.635998553042794], [3.3611358401076195, 3.68169370837622, -1.6888111495322913], [11.218374353968047, 0.4877857788434473, -0.7899738026240714], [10.909240035656019, 1.0316686776371176, -4.079738003458763], [11.296672309181892, 3.6003203202666834, -1.9667681818123834]], "name": "C5H10O2", "identifiers": {"molecule_hash": "c341809c51d0079a12113413d11c6bc35c027631", "molecular_formula": "C5H10O2"}, "molecular_charge": 0.0, "molecular_multiplicity": 1, "connectivity": [[0, 1, 1.0], [0, 7, 1.0], [0, 8, 1.0], [0, 9, 1.0], [1, 2, 1.0], [1, 10, 1.0], [1, 11, 1.0], [2, 3, 1.0], [2, 12, 1.0], [2, 13, 1.0], [3, 4, 2.0], [3, 5, 1.0], [5, 6, 1.0], [6, 14, 1.0], [6, 15, 1.0], [6, 16, 1.0]], "fix_com": true, "fix_orientation": true, "provenance": {"creator": "QCElemental", "version": "v0.22.0", "routine": "qcelemental.molparse.from_schema"}, "id": "120624"}, "charge": 0, "optimize_geometry": false, "conformers": [], "conformer_generation_options": {"n_conformer_pool": 4000, "n_max_conformers": 0, "rms_tolerance": 0.05, "energy_window": 15, "keep_original_conformer": true}, "stage_1_unrestrained_charges": null, "stage_1_restrained_charges": null, "stage_2_unrestrained_charges": null, "stage_2_restrained_charges": null, "keep_original_orientation": false, "reorientations": [], "translations": [], "rotations": []}}, {"index": 1, "molecule": {"qcmol": {"schema_name": "qcschema_molecule", "schema_version": 2, "validated": true, "symbols": ["C", "C", "C", "C", "O", "O", "C", "H", "H", "H", "H", "H", "H", "H", "H", "H", "H"], "geometry": [[0.0, -0.0, 0.0], [2.886604926410534, -1.3369907420742797e-16, 4.781669064643044e-16], [3.9727859252775, 2.6911592887111286, 4.440892098500626e-16], [6.821669845173736, 2.7016519230312177, 0.0710537067616055], [8.066441640714336, 3.345400823733355, 1.8273654516711708], [7.8110892038562785, 1.8672902772429099, -2.077825190913884], [10.480506336905673, 1.7458727268569192, -2.218912623920898], [-0.7315143646516782, -1.9156232473038568, 0.003306934301742559], [-0.7432188571685407, 0.957785363807248, 1.6556588252667865], [-0.7408907068385919, 0.9509013456345214, -1.661239221651587], [3.5821664825515223, -1.0105157293661935, -1.6420202214416402], [3.573037466352083, -1.0037816623616644, 1.6549099808472219], [3.31972705949424, 3.7307329692853584, 1.635998553042794], [3.3611358401076195, 3.68169370837622, -1.6888111495322913], [11.218374353968047, 0.4877857788434473, -0.7899738026240714], [10.909240035656019, 1.0316686776371176, -4.079738003458763], [11.296672309181892, 3.6003203202666834, -1.9667681818123834]], "name": "C5H10O2", "identifiers": {"molecule_hash": "c341809c51d0079a12113413d11c6bc35c027631", "molecular_formula": "C5H10O2"}, "molecular_charge": 0.0, "molecular_multiplicity": 1, "connectivity": [[0, 1, 1.0], [0, 7, 1.0], [0, 8, 1.0], [0, 9, 1.0], [1, 2, 1.0], [1, 10, 1.0], [1, 11, 1.0], [2, 3, 1.0], [2, 12, 1.0], [2, 13, 1.0], [3, 4, 2.0], [3, 5, 1.0], [5, 6, 1.0], [6, 14, 1.0], [6, 15, 1.0], [6, 16, 1.0]], "fix_com": true, "fix_orientation": true, "provenance": {"creator": "QCElemental", "version": "v0.22.0", "routine": "qcelemental.molparse.from_schema"}, "id": "120624"}, "charge": 0, "optimize_geometry": false, "conformers": [], "conformer_generation_options": {"n_conformer_pool": 4000, "n_max_conformers": 0, "rms_tolerance": 0.05, "energy_window": 15, "keep_original_conformer": true}, "stage_1_unrestrained_charges": null, "stage_1_restrained_charges": null, "stage_2_unrestrained_charges": null, "stage_2_restrained_charges": null, "keep_original_orientation": false, "reorientations": [], "translations": [], "rotations": []}}, {"index": 2, "molecule": {"qcmol": {"schema_name": "qcschema_molecule", "schema_version": 2, "validated": true, "symbols": ["C", "C", "C", "C", "O", "O", "C", "H", "H", "H", "H", "H", "H", "H", "H", "H", "H"], "geometry": [[0.0, -0.0, 0.0], [2.886604926410534, -1.3369907420742797e-16, 4.781669064643044e-16], [3.9727859252775, 2.6911592887111286, 4.440892098500626e-16], [6.821669845173736, 2.7016519230312177, 0.0710537067616055], [8.066441640714336, 3.345400823733355, 1.8273654516711708], [7.8110892038562785, 1.8672902772429099, -2.077825190913884], [10.480506336905673, 1.7458727268569192, -2.218912623920898], [-0.7315143646516782, -1.9156232473038568, 0.003306934301742559], [-0.7432188571685407, 0.957785363807248, 1.6556588252667865], [-0.7408907068385919, 0.9509013456345214, -1.661239221651587], [3.5821664825515223, -1.0105157293661935, -1.6420202214416402], [3.573037466352083, -1.0037816623616644, 1.6549099808472219], [3.31972705949424, 3.7307329692853584, 1.635998553042794], [3.3611358401076195, 3.68169370837622, -1.6888111495322913], [11.218374353968047, 0.4877857788434473, -0.7899738026240714], [10.909240035656019, 1.0316686776371176, -4.079738003458763], [11.296672309181892, 3.6003203202666834, -1.9667681818123834]], "name": "C5H10O2", "identifiers": {"molecule_hash": "c341809c51d0079a12113413d11c6bc35c027631", "molecular_formula": "C5H10O2"}, "molecular_charge": 0.0, "molecular_multiplicity": 1, "connectivity": [[0, 1, 1.0], [0, 7, 1.0], [0, 8, 1.0], [0, 9, 1.0], [1, 2, 1.0], [1, 10, 1.0], [1, 11, 1.0], [2, 3, 1.0], [2, 12, 1.0], [2, 13, 1.0], [3, 4, 2.0], [3, 5, 1.0], [5, 6, 1.0], [6, 14, 1.0], [6, 15, 1.0], [6, 16, 1.0]], "fix_com": true, "fix_orientation": true, "provenance": {"creator": "QCElemental", "version": "v0.22.0", "routine": "qcelemental.molparse.from_schema"}, "id": "120624"}, "charge": 0, "optimize_geometry": false, "conformers": [], "conformer_generation_options": {"n_conformer_pool": 4000, "n_max_conformers": 0, "rms_tolerance": 0.05, "energy_window": 15, "keep_original_conformer": true}, "stage_1_unrestrained_charges": null, "stage_1_restrained_charges": null, "stage_2_unrestrained_charges": null, "stage_2_restrained_charges": null, "keep_original_orientation": false, "reorientations": [], "translations": [], "rotations": []}}, {"index": 6, "molecule": {"qcmol": {"schema_name": "qcschema_molecule", "schema_version": 2, "validated": true, "symbols": ["C", "C", "C", "C", "O", "O", "C", "H", "H", "H", "H", "H", "H", "H", "H", "H", "H"], "geometry": [[0.0, -0.0, 0.0], [2.886604926410534, -1.3369907420742797e-16, 4.781669064643044e-16], [3.9727859252775, 2.6911592887111286, 4.440892098500626e-16], [6.821669845173736, 2.7016519230312177, 0.0710537067616055], [8.066441640714336, 3.345400823733355, 1.8273654516711708], [7.8110892038562785, 1.8672902772429099, -2.077825190913884], [10.480506336905673, 1.7458727268569192, -2.218912623920898], [-0.7315143646516782, -1.9156232473038568, 0.003306934301742559], [-0.7432188571685407, 0.957785363807248, 1.6556588252667865], [-0.7408907068385919, 0.9509013456345214, -1.661239221651587], [3.5821664825515223, -1.0105157293661935, -1.6420202214416402], [3.573037466352083, -1.0037816623616644, 1.6549099808472219], [3.31972705949424, 3.7307329692853584, 1.635998553042794], [3.3611358401076195, 3.68169370837622, -1.6888111495322913], [11.218374353968047, 0.4877857788434473, -0.7899738026240714], [10.909240035656019, 1.0316686776371176, -4.079738003458763], [11.296672309181892, 3.6003203202666834, -1.9667681818123834]], "name": "C5H10O2", "identifiers": {"molecule_hash": "c341809c51d0079a12113413d11c6bc35c027631", "molecular_formula": "C5H10O2"}, "molecular_charge": 0.0, "molecular_multiplicity": 1, "connectivity": [[0, 1, 1.0], [0, 7, 1.0], [0, 8, 1.0], [0, 9, 1.0], [1, 2, 1.0], [1, 10, 1.0], [1, 11, 1.0], [2, 3, 1.0], [2, 12, 1.0], [2, 13, 1.0], [3, 4, 2.0], [3, 5, 1.0], [5, 6, 1.0], [6, 14, 1.0], [6, 15, 1.0], [6, 16, 1.0]], "fix_com": true, "fix_orientation": true, "provenance": {"creator": "QCElemental", "version": "v0.22.0", "routine": "qcelemental.molparse.from_schema"}, "id": "120624"}, "charge": 0, "optimize_geometry": false, "conformers": [], "conformer_generation_options": {"n_conformer_pool": 4000, "n_max_conformers": 0, "rms_tolerance": 0.05, "energy_window": 15, "keep_original_conformer": true}, "stage_1_unrestrained_charges": null, "stage_1_restrained_charges": null, "stage_2_unrestrained_charges": null, "stage_2_restrained_charges": null, "keep_original_orientation": false, "reorientations": [], "translations": [], "rotations": []}}]}, "surface_constraints": {"matrix": [[4602.077836279042, 4470.554589870349, 4308.944717821752, 4122.823757482205, 4037.805427314263, 3998.4085969377693, 3706.982658989545, 4627.035256256703, 4627.252400373555, 4623.953492792533, 4461.004837506412, 4456.095220435728, 4306.122545323313, 4289.497692444013, 3638.6741204471637, 3690.7751359850854, 3559.023009209954], [4470.554589870349, 4580.709970529976, 4467.726195843082, 4315.318526677454, 4221.689338484793, 4222.095609549796, 3923.537454644492, 4433.244861780644, 4431.274279643264, 4430.51015611726, 4644.368681157065, 4641.084930183963, 4458.241993936408, 4460.345376056381, 3867.1402399563417, 3883.074728359789, 3779.801849872436], [4308.944717821752, 4467.726195843082, 4586.823833530614, 4476.296181869271, 4398.182584995598, 4383.5644855062765, 4094.2469884147067, 4228.86093834217, 4283.457164758956, 4267.460103575078, 4463.2438924368, 4462.000407341321, 4651.381022714382, 4651.857318247749, 4021.6499353955046, 4019.7949164595566, 4005.7415955222577], [4122.823757482205, 4315.318526677454, 4476.296181869271, 4571.350522742108, 4589.26627428611, 4524.452941806223, 4360.276810857683, 4068.4597981248826, 4092.9096212994114, 4040.862297595341, 4320.654330938912, 4304.605156447658, 4480.965746283368, 4479.883949976874, 4317.70655543937, 4311.619462715844, 4301.272722962582], [4037.805427314263, 4221.689338484793, 4398.182584995598, 4589.26627428611, 4775.480350475772, 4441.636483281173, 4355.857023879474, 3994.8583351290495, 4035.9823054376084, 3925.2800181970892, 4204.37201683957, 4217.180073430065, 4397.726197676987, 4349.33356448676, 4337.117137326575, 4316.896102029238, 4319.842186013882], [3998.4085969377693, 4222.095609549796, 4383.5644855062765, 4524.452941806223, 4441.636483281173, 4661.824059004817, 4535.398451290368, 3948.5808065267497, 3934.277092887398, 3924.0625719680324, 4268.3192353822515, 4197.784513928054, 4345.432819956281, 4400.019782993633, 4495.788633513101, 4507.300022904519, 4479.119867025472], [3706.982658989545, 3923.537454644492, 4094.2469884147067, 4360.276810857683, 4355.857023879474, 4535.398451290368, 4620.064637081263, 3675.1024462632977, 3651.0867099451434, 3617.6064823875404, 3961.759786123307, 3897.874131369033, 4027.3230466937866, 4066.927181230715, 4635.8358141595745, 4644.841860028597, 4618.420303483508], [4627.035256256703, 4433.244861780644, 4228.86093834217, 4068.4597981248826, 3994.8583351290495, 3948.5808065267497, 3675.1024462632977, 4837.86329450378, 4586.865392963016, 4581.510731940368, 4408.977039570212, 4421.713811394296, 4214.230739629989, 4173.601690478547, 3617.796904468819, 3667.717733628931, 3519.669333464932], [4627.252400373555, 4431.274279643264, 4283.457164758956, 4092.9096212994114, 4035.9823054376084, 3934.277092887398, 3651.0867099451434, 4586.865392963016, 4842.57944203099, 4580.265486941796, 4408.553218792845, 4369.652410249732, 4306.592110397374, 4249.638964158984, 3573.3710472891507, 3647.4194956666306, 3506.295372883067], [4623.953492792533, 4430.51015611726, 4267.460103575078, 4040.862297595341, 3925.2800181970892, 3924.0625719680324, 3617.6064823875404, 4581.510731940368, 4580.265486941796, 4834.996116891087, 4389.6761724427915, 4399.963623597359, 4254.385026522245, 4289.569939379238, 3540.991930750644, 3600.0999294015674, 3471.110108008892], [4461.004837506412, 4644.368681157065, 4463.2438924368, 4320.654330938912, 4204.37201683957, 4268.3192353822515, 3961.759786123307, 4408.977039570212, 4408.553218792845, 4389.6761724427915, 4890.564327049952, 4636.200607452373, 4404.463679664174, 4443.379843776662, 3902.1917118636543, 3941.7015738147443, 3794.102123829097], [4456.095220435728, 4641.084930183963, 4462.000407341321, 4304.605156447658, 4217.180073430065, 4197.784513928054, 3897.874131369033, 4421.713811394296, 4369.652410249732, 4399.963623597359, 4636.200607452373, 4883.688226059992, 4437.545302009146, 4420.010449300831, 3865.9860432915466, 3839.6921090018914, 3745.8769832174], [4306.122545323313, 4458.241993936408, 4651.381022714382, 4480.965746283368, 4397.726197676987, 4345.432819956281, 4027.3230466937866, 4214.230739629989, 4306.592110397374, 4254.385026522245, 4404.463679664174, 4437.545302009146, 4897.290627402619, 4643.080011459665, 3930.762444487115, 3938.7785782234982, 3957.637396000918], [4289.497692444013, 4460.345376056381, 4651.857318247749, 4479.883949976874, 4349.33356448676, 4400.019782993633, 4066.927181230715, 4173.601690478547, 4249.638964158984, 4289.569939379238, 4443.379843776662, 4420.010449300831, 4643.080011459665, 4898.593287296807, 3986.4888016089953, 3960.6574187836095, 3989.2550808033634], [3638.6741204471637, 3867.1402399563417, 4021.6499353955046, 4317.70655543937, 4337.117137326575, 4495.788633513101, 4635.8358141595745, 3617.796904468819, 3573.3710472891507, 3540.991930750644, 3902.1917118636543, 3865.9860432915466, 3930.762444487115, 3986.4888016089953, 4840.837816855793, 4588.778441927983, 4563.529445870564], [3690.7751359850854, 3883.074728359789, 4019.7949164595566, 4311.619462715844, 4316.896102029238, 4507.300022904519, 4644.841860028597, 3667.717733628931, 3647.4194956666306, 3600.0999294015674, 3941.7015738147443, 3839.6921090018914, 3938.7785782234982, 3960.6574187836095, 4588.778441927983, 4857.9690046597925, 4571.488828645327], [3559.023009209954, 3779.801849872436, 4005.7415955222577, 4301.272722962582, 4319.842186013882, 4479.119867025472, 4618.420303483508, 3519.669333464932, 3506.295372883067, 3471.110108008892, 3794.102123829097, 3745.8769832174, 3957.637396000918, 3989.2550808033634, 4563.529445870564, 4571.488828645327, 4805.590279838413], [-3.653128030566746, -9.304202718186884, -23.786810547534103, -58.59183924152901, -119.19459341977542, -23.206472242608438, -14.964900154672979, -4.751770757675013, -11.005598304934852, 9.722845626750006, -4.995258587766357, -9.016173632536443, -21.371477567890423, -8.100205725224086, -12.376756552784455, -7.1087415197068795, -14.313605873390232]]}}