{"resp_b": 0.1, "restrained_fit": true, "exclude_hydrogens": true, "convergence_tolerance": 1e-06, "max_iter": 500, "resp_a": 0.0005, "charge_constraints": {"charge_sum_constraints": [], "charge_equivalence_constraints": [], "molecules": [{"qcmol": {"schema_name": "qcschema_molecule", "schema_version": 2, "validated": true, "symbols": ["C", "C", "C", "C", "O", "O", "C", "H", "H", "H", "H", "H", "H", "H", "H", "H", "H"], "geometry": [[0.0, -0.0, 0.0], [2.886604926410534, -1.3369907420742797e-16, 4.781669064643044e-16], [3.9727859252775, 2.6911592887111286, 4.440892098500626e-16], [6.821669845173736, 2.7016519230312177, 0.0710537067616055], [8.066441640714336, 3.345400823733355, 1.8273654516711708], [7.8110892038562785, 1.8672902772429099, -2.077825190913884], [10.480506336905673, 1.7458727268569192, -2.218912623920898], [-0.7315143646516782, -1.9156232473038568, 0.003306934301742559], [-0.7432188571685407, 0.957785363807248, 1.6556588252667865], [-0.7408907068385919, 0.9509013456345214, -1.661239221651587], [3.5821664825515223, -1.0105157293661935, -1.6420202214416402], [3.573037466352083, -1.0037816623616644, 1.6549099808472219], [3.31972705949424, 3.7307329692853584, 1.635998553042794], [3.3611358401076195, 3.68169370837622, -1.6888111495322913], [11.218374353968047, 0.4877857788434473, -0.7899738026240714], [10.909240035656019, 1.0316686776371176, -4.079738003458763], [11.296672309181892, 3.6003203202666834, -1.9667681818123834]], "name": "C5H10O2", "identifiers": {"molecule_hash": "c341809c51d0079a12113413d11c6bc35c027631", "molecular_formula": "C5H10O2"}, "molecular_charge": 0.0, "molecular_multiplicity": 1, "connectivity": [[0, 1, 1.0], [0, 7, 1.0], [0, 8, 1.0], [0, 9, 1.0], [1, 2, 1.0], [1, 10, 1.0], [1, 11, 1.0], [2, 3, 1.0], [2, 12, 1.0], [2, 13, 1.0], [3, 4, 2.0], [3, 5, 1.0], [5, 6, 1.0], [6, 14, 1.0], [6, 15, 1.0], [6, 16, 1.0]], "fix_com": true, "fix_orientation": true, "provenance": {"creator": "QCElemental", "version": "v0.22.0", "routine": "qcelemental.molparse.from_schema"}, "id": "120624"}, "charge": 0, "optimize_geometry": false, "conformers": [], "conformer_generation_options": {"n_conformer_pool": 4000, "n_max_conformers": 0, "rms_tolerance": 0.05, "energy_window": 15, "keep_original_conformer": true}, "stage_1_unrestrained_charges": null, "stage_1_restrained_charges": null, "stage_2_unrestrained_charges": null, "stage_2_restrained_charges": null, "keep_original_orientation": false, "reorientations": [], "translations": [], "rotations": []}], "unconstrained_atoms": [{"index": 0, "molecule": {"qcmol": {"schema_name": "qcschema_molecule", "schema_version": 2, "validated": true, "symbols": ["C", "C", "C", "C", "O", "O", "C", "H", "H", "H", "H", "H", "H", "H", "H", "H", "H"], "geometry": [[0.0, -0.0, 0.0], [2.886604926410534, -1.3369907420742797e-16, 4.781669064643044e-16], [3.9727859252775, 2.6911592887111286, 4.440892098500626e-16], [6.821669845173736, 2.7016519230312177, 0.0710537067616055], [8.066441640714336, 3.345400823733355, 1.8273654516711708], [7.8110892038562785, 1.8672902772429099, -2.077825190913884], [10.480506336905673, 1.7458727268569192, -2.218912623920898], [-0.7315143646516782, -1.9156232473038568, 0.003306934301742559], [-0.7432188571685407, 0.957785363807248, 1.6556588252667865], [-0.7408907068385919, 0.9509013456345214, -1.661239221651587], [3.5821664825515223, -1.0105157293661935, -1.6420202214416402], [3.573037466352083, -1.0037816623616644, 1.6549099808472219], [3.31972705949424, 3.7307329692853584, 1.635998553042794], [3.3611358401076195, 3.68169370837622, -1.6888111495322913], [11.218374353968047, 0.4877857788434473, -0.7899738026240714], [10.909240035656019, 1.0316686776371176, -4.079738003458763], [11.296672309181892, 3.6003203202666834, -1.9667681818123834]], "name": "C5H10O2", "identifiers": {"molecule_hash": "c341809c51d0079a12113413d11c6bc35c027631", "molecular_formula": "C5H10O2"}, "molecular_charge": 0.0, "molecular_multiplicity": 1, "connectivity": [[0, 1, 1.0], [0, 7, 1.0], [0, 8, 1.0], [0, 9, 1.0], [1, 2, 1.0], [1, 10, 1.0], [1, 11, 1.0], [2, 3, 1.0], [2, 12, 1.0], [2, 13, 1.0], [3, 4, 2.0], [3, 5, 1.0], [5, 6, 1.0], [6, 14, 1.0], [6, 15, 1.0], [6, 16, 1.0]], "fix_com": true, "fix_orientation": true, "provenance": {"creator": "QCElemental", "version": "v0.22.0", "routine": "qcelemental.molparse.from_schema"}, "id": "120624"}, "charge": 0, "optimize_geometry": false, "conformers": [], "conformer_generation_options": {"n_conformer_pool": 4000, "n_max_conformers": 0, "rms_tolerance": 0.05, "energy_window": 15, "keep_original_conformer": true}, "stage_1_unrestrained_charges": null, "stage_1_restrained_charges": null, "stage_2_unrestrained_charges": null, "stage_2_restrained_charges": null, "keep_original_orientation": false, "reorientations": [], "translations": [], "rotations": []}}, {"index": 1, "molecule": {"qcmol": {"schema_name": "qcschema_molecule", "schema_version": 2, "validated": true, "symbols": ["C", "C", "C", "C", "O", "O", "C", "H", "H", "H", "H", "H", "H", "H", "H", "H", "H"], "geometry": [[0.0, -0.0, 0.0], [2.886604926410534, -1.3369907420742797e-16, 4.781669064643044e-16], [3.9727859252775, 2.6911592887111286, 4.440892098500626e-16], [6.821669845173736, 2.7016519230312177, 0.0710537067616055], [8.066441640714336, 3.345400823733355, 1.8273654516711708], [7.8110892038562785, 1.8672902772429099, -2.077825190913884], [10.480506336905673, 1.7458727268569192, -2.218912623920898], [-0.7315143646516782, -1.9156232473038568, 0.003306934301742559], [-0.7432188571685407, 0.957785363807248, 1.6556588252667865], [-0.7408907068385919, 0.9509013456345214, -1.661239221651587], [3.5821664825515223, -1.0105157293661935, -1.6420202214416402], [3.573037466352083, -1.0037816623616644, 1.6549099808472219], [3.31972705949424, 3.7307329692853584, 1.635998553042794], [3.3611358401076195, 3.68169370837622, -1.6888111495322913], [11.218374353968047, 0.4877857788434473, -0.7899738026240714], [10.909240035656019, 1.0316686776371176, -4.079738003458763], [11.296672309181892, 3.6003203202666834, -1.9667681818123834]], "name": "C5H10O2", "identifiers": {"molecule_hash": "c341809c51d0079a12113413d11c6bc35c027631", "molecular_formula": "C5H10O2"}, "molecular_charge": 0.0, "molecular_multiplicity": 1, "connectivity": [[0, 1, 1.0], [0, 7, 1.0], [0, 8, 1.0], [0, 9, 1.0], [1, 2, 1.0], [1, 10, 1.0], [1, 11, 1.0], [2, 3, 1.0], [2, 12, 1.0], [2, 13, 1.0], [3, 4, 2.0], [3, 5, 1.0], [5, 6, 1.0], [6, 14, 1.0], [6, 15, 1.0], [6, 16, 1.0]], "fix_com": true, "fix_orientation": true, "provenance": {"creator": "QCElemental", "version": "v0.22.0", "routine": "qcelemental.molparse.from_schema"}, "id": "120624"}, "charge": 0, "optimize_geometry": false, "conformers": [], "conformer_generation_options": {"n_conformer_pool": 4000, "n_max_conformers": 0, "rms_tolerance": 0.05, "energy_window": 15, "keep_original_conformer": true}, "stage_1_unrestrained_charges": null, "stage_1_restrained_charges": null, "stage_2_unrestrained_charges": null, "stage_2_restrained_charges": null, "keep_original_orientation": false, "reorientations": [], "translations": [], "rotations": []}}, {"index": 2, "molecule": {"qcmol": {"schema_name": "qcschema_molecule", "schema_version": 2, "validated": true, "symbols": ["C", "C", "C", "C", "O", "O", "C", "H", "H", "H", "H", "H", "H", "H", "H", "H", "H"], "geometry": [[0.0, -0.0, 0.0], [2.886604926410534, -1.3369907420742797e-16, 4.781669064643044e-16], [3.9727859252775, 2.6911592887111286, 4.440892098500626e-16], [6.821669845173736, 2.7016519230312177, 0.0710537067616055], [8.066441640714336, 3.345400823733355, 1.8273654516711708], [7.8110892038562785, 1.8672902772429099, -2.077825190913884], [10.480506336905673, 1.7458727268569192, -2.218912623920898], [-0.7315143646516782, -1.9156232473038568, 0.003306934301742559], [-0.7432188571685407, 0.957785363807248, 1.6556588252667865], [-0.7408907068385919, 0.9509013456345214, -1.661239221651587], [3.5821664825515223, -1.0105157293661935, -1.6420202214416402], [3.573037466352083, -1.0037816623616644, 1.6549099808472219], [3.31972705949424, 3.7307329692853584, 1.635998553042794], [3.3611358401076195, 3.68169370837622, -1.6888111495322913], [11.218374353968047, 0.4877857788434473, -0.7899738026240714], [10.909240035656019, 1.0316686776371176, -4.079738003458763], [11.296672309181892, 3.6003203202666834, -1.9667681818123834]], "name": "C5H10O2", "identifiers": {"molecule_hash": "c341809c51d0079a12113413d11c6bc35c027631", "molecular_formula": "C5H10O2"}, "molecular_charge": 0.0, "molecular_multiplicity": 1, "connectivity": [[0, 1, 1.0], [0, 7, 1.0], [0, 8, 1.0], [0, 9, 1.0], [1, 2, 1.0], [1, 10, 1.0], [1, 11, 1.0], [2, 3, 1.0], [2, 12, 1.0], [2, 13, 1.0], [3, 4, 2.0], [3, 5, 1.0], [5, 6, 1.0], [6, 14, 1.0], [6, 15, 1.0], [6, 16, 1.0]], "fix_com": true, "fix_orientation": true, "provenance": {"creator": "QCElemental", "version": "v0.22.0", "routine": "qcelemental.molparse.from_schema"}, "id": "120624"}, "charge": 0, "optimize_geometry": false, "conformers": [], "conformer_generation_options": {"n_conformer_pool": 4000, "n_max_conformers": 0, "rms_tolerance": 0.05, "energy_window": 15, "keep_original_conformer": true}, "stage_1_unrestrained_charges": null, "stage_1_restrained_charges": null, "stage_2_unrestrained_charges": null, "stage_2_restrained_charges": null, "keep_original_orientation": false, "reorientations": [], "translations": [], "rotations": []}}, {"index": 6, "molecule": {"qcmol": {"schema_name": "qcschema_molecule", "schema_version": 2, "validated": true, "symbols": ["C", "C", "C", "C", "O", "O", "C", "H", "H", "H", "H", "H", "H", "H", "H", "H", "H"], "geometry": [[0.0, -0.0, 0.0], [2.886604926410534, -1.3369907420742797e-16, 4.781669064643044e-16], [3.9727859252775, 2.6911592887111286, 4.440892098500626e-16], [6.821669845173736, 2.7016519230312177, 0.0710537067616055], [8.066441640714336, 3.345400823733355, 1.8273654516711708], [7.8110892038562785, 1.8672902772429099, -2.077825190913884], [10.480506336905673, 1.7458727268569192, -2.218912623920898], [-0.7315143646516782, -1.9156232473038568, 0.003306934301742559], [-0.7432188571685407, 0.957785363807248, 1.6556588252667865], [-0.7408907068385919, 0.9509013456345214, -1.661239221651587], [3.5821664825515223, -1.0105157293661935, -1.6420202214416402], [3.573037466352083, -1.0037816623616644, 1.6549099808472219], [3.31972705949424, 3.7307329692853584, 1.635998553042794], [3.3611358401076195, 3.68169370837622, -1.6888111495322913], [11.218374353968047, 0.4877857788434473, -0.7899738026240714], [10.909240035656019, 1.0316686776371176, -4.079738003458763], [11.296672309181892, 3.6003203202666834, -1.9667681818123834]], "name": "C5H10O2", "identifiers": {"molecule_hash": "c341809c51d0079a12113413d11c6bc35c027631", "molecular_formula": "C5H10O2"}, "molecular_charge": 0.0, "molecular_multiplicity": 1, "connectivity": [[0, 1, 1.0], [0, 7, 1.0], [0, 8, 1.0], [0, 9, 1.0], [1, 2, 1.0], [1, 10, 1.0], [1, 11, 1.0], [2, 3, 1.0], [2, 12, 1.0], [2, 13, 1.0], [3, 4, 2.0], [3, 5, 1.0], [5, 6, 1.0], [6, 14, 1.0], [6, 15, 1.0], [6, 16, 1.0]], "fix_com": true, "fix_orientation": true, "provenance": {"creator": "QCElemental", "version": "v0.22.0", "routine": "qcelemental.molparse.from_schema"}, "id": "120624"}, "charge": 0, "optimize_geometry": false, "conformers": [], "conformer_generation_options": {"n_conformer_pool": 4000, "n_max_conformers": 0, "rms_tolerance": 0.05, "energy_window": 15, "keep_original_conformer": true}, "stage_1_unrestrained_charges": null, "stage_1_restrained_charges": null, "stage_2_unrestrained_charges": null, "stage_2_restrained_charges": null, "keep_original_orientation": false, "reorientations": [], "translations": [], "rotations": []}}]}, "surface_constraints": {"matrix": [[250973064280491.78, 243257925992663.47, 233200825125076.84, 222467574916912.62, 217107395656528.22, 214984736593227.28, 197543296997804.9, 251983069167613.44, 251678558650445.06, 251670156107052.97, 242434265681654.3, 242216846778898.66, 232415313299825.4, 231385504414653.12, 193398450462293.0, 196196576854792.7, 188576239428528.56], [243257925992663.47, 249962295092111.66, 242709097109893.84, 233961362611159.06, 228065841825818.4, 228118829718396.7, 209990774020626.97, 240698942523783.28, 240302714915566.9, 240388459786029.56, 253389707497765.72, 253288791579680.8, 241462516262655.62, 241462735176923.66, 206433884592163.53, 207217268720276.72, 201074474627720.1], [233200825125076.84, 242709097109893.84, 249409773955322.0, 243233991370971.25, 238138864880143.53, 237326190492802.6, 219493960080081.97, 228280387317591.16, 231152688651741.53, 230331324950648.03, 242168688836067.6, 242199799836294.84, 252415592768610.53, 252318048382977.1, 214963343080670.56, 214766531657278.97, 213513763111877.5], [222467574916912.62, 233961362611159.06, 243233991370971.25, 249381461507201.62, 249833643384348.53, 246096453513675.5, 235116350407574.9, 219087223400026.66, 220240876275357.12, 217331737672406.34, 234007765949610.16, 233169771567886.34, 242738270444619.56, 242555121465190.9, 232142384270626.3, 231668673495958.84, 230579291870575.72], [217107395656528.22, 228065841825818.4, 238138864880143.53, 249833643384348.53, 260466565419575.28, 240540438924272.97, 234252388632538.22, 214399447724188.72, 216498526260565.66, 210304957410073.3, 226866228352795.0, 227667557188401.8, 237365725005976.4, 234492314376717.47, 232686826835895.4, 231412744157197.47, 231083343586284.66], [214984736593227.28, 228118829718396.7, 237326190492802.6, 246096453513675.5, 240540438924272.97, 254041608490402.03, 245114846812144.1, 211934148320386.62, 210903293783012.1, 210334304631326.94, 230514182503586.7, 226545387804789.06, 234437753953215.62, 237433011206067.56, 242228888950939.78, 242712725728411.88, 240581599644894.88], [197543296997804.9, 209990774020626.97, 219493960080081.97, 235116350407574.9, 234252388632538.22, 245114846812144.1, 248955694885392.6, 195564212932918.84, 194063912635050.34, 192219228436244.38, 211941849399450.97, 208416395842871.84, 215148490601378.62, 217269539408945.2, 249335228076547.97, 249631906523751.6, 247652072508207.44], [251983069167613.44, 240698942523783.28, 228280387317591.16, 219087223400026.66, 214399447724188.72, 211934148320386.62, 195564212932918.84, 263744187055452.84, 248871346937097.03, 248760777475780.5, 239015261529082.12, 239843881252083.0, 226845596119939.1, 224507086464204.3, 192031902437375.66, 194713139162033.4, 186226015873396.03], [251678558650445.06, 240302714915566.9, 231152688651741.53, 220240876275357.12, 216498526260565.66, 210903293783012.1, 194063912635050.34, 248871346937097.03, 263353700153468.3, 248420434320326.78, 238777118681903.75, 236572260878149.97, 231849182269137.22, 228564284611494.53, 189446313244842.97, 193438282112357.1, 185331535879690.5], [251670156107052.97, 240388459786029.56, 230331324950648.03, 217331737672406.34, 210304957410073.3, 210334304631326.94, 192219228436244.38, 248760777475780.5, 248420434320326.78, 263259094504533.25, 237799355724815.1, 238446100944893.3, 229022407814480.94, 230894412543622.97, 187663450501275.75, 190833637268185.44, 183432802420671.2], [242434265681654.3, 253389707497765.72, 242168688836067.6, 234007765949610.16, 226866228352795.0, 230514182503586.7, 211941849399450.97, 239015261529082.12, 238777118681903.75, 237799355724815.1, 267349317848306.47, 252685011579537.28, 238117211727408.75, 240225651983948.66, 208196570274244.53, 210274505080316.0, 201722765822608.84], [242216846778898.66, 253288791579680.8, 242199799836294.84, 233169771567886.34, 227667557188401.8, 226545387804789.06, 208416395842871.84, 239843881252083.0, 236572260878149.97, 238446100944893.3, 252685011579537.28, 267124349107033.88, 240127008123222.12, 238976711548706.56, 206239921290917.47, 204671956772026.28, 199085055067736.12], [232415313299825.4, 241462516262655.62, 252415592768610.53, 242738270444619.56, 237365725005976.4, 234437753953215.62, 215148490601378.62, 226845596119939.1, 231849182269137.22, 229022407814480.94, 238117211727408.75, 240127008123222.12, 265720191684915.7, 251206987602884.3, 209365526334438.16, 209696804955110.2, 210286663555247.4], [231385504414653.12, 241462735176923.66, 252318048382977.1, 242555121465190.9, 234492314376717.47, 237433011206067.56, 217269539408945.2, 224507086464204.3, 228564284611494.53, 230894412543622.97, 240225651983948.66, 238976711548706.56, 251206987602884.3, 265552428168788.16, 212327089095202.72, 210866018818864.66, 211945429518556.4], [193398450462293.0, 206433884592163.53, 214963343080670.56, 232142384270626.3, 232686826835895.4, 242228888950939.78, 249335228076547.97, 192031902437375.66, 189446313244842.97, 187663450501275.75, 208196570274244.53, 206239921290917.47, 209365526334438.16, 212327089095202.72, 260547092627628.5, 245924645133461.78, 244031962856971.72], [196196576854792.7, 207217268720276.72, 214766531657278.97, 231668673495958.84, 231412744157197.47, 242712725728411.88, 249631906523751.6, 194713139162033.4, 193438282112357.1, 190833637268185.44, 210274505080316.0, 204671956772026.28, 209696804955110.2, 210866018818864.66, 245924645133461.78, 261064315791262.3, 244279403692428.3], [188576239428528.56, 201074474627720.1, 213513763111877.5, 230579291870575.72, 231083343586284.66, 240581599644894.88, 247652072508207.44, 186226015873396.03, 185331535879690.5, 183432802420671.2, 201722765822608.84, 199085055067736.12, 210286663555247.4, 211945429518556.4, 244031962856971.72, 244279403692428.3, 257178219009263.44], [-322351964379.041, -690928050374.8251, -1675146465489.6086, -4333995026708.6626, -8817759742312.182, -1783263164818.622, -1314367726875.2283, -461505564830.30994, -886838313139.934, 665711110645.6356, -387032635289.1897, -679864672328.5775, -1430839619351.8813, -484133879557.5915, -1182005154487.1008, -841016885994.6045, -1258386266381.6694]]}}