{"resp_b": 0.1, "restrained_fit": true, "exclude_hydrogens": true, "convergence_tolerance": 1e-06, "max_iter": 500, "resp_a": 0.0005, "charge_constraints": {"charge_sum_constraints": [], "charge_equivalence_constraints": [], "molecules": [{"qcmol": {"schema_name": "qcschema_molecule", "schema_version": 2, "validated": true, "symbols": ["C", "C", "C", "C", "O", "O", "C", "H", "H", "H", "H", "H", "H", "H", "H", "H", "H"], "geometry": [[0.0, -0.0, 0.0], [2.886604926410534, -1.3369907420742797e-16, 4.781669064643044e-16], [3.9727859252775, 2.6911592887111286, 4.440892098500626e-16], [6.821669845173736, 2.7016519230312177, 0.0710537067616055], [8.066441640714336, 3.345400823733355, 1.8273654516711708], [7.8110892038562785, 1.8672902772429099, -2.077825190913884], [10.480506336905673, 1.7458727268569192, -2.218912623920898], [-0.7315143646516782, -1.9156232473038568, 0.003306934301742559], [-0.7432188571685407, 0.957785363807248, 1.6556588252667865], [-0.7408907068385919, 0.9509013456345214, -1.661239221651587], [3.5821664825515223, -1.0105157293661935, -1.6420202214416402], [3.573037466352083, -1.0037816623616644, 1.6549099808472219], [3.31972705949424, 3.7307329692853584, 1.635998553042794], [3.3611358401076195, 3.68169370837622, -1.6888111495322913], [11.218374353968047, 0.4877857788434473, -0.7899738026240714], [10.909240035656019, 1.0316686776371176, -4.079738003458763], [11.296672309181892, 3.6003203202666834, -1.9667681818123834]], "name": "C5H10O2", "identifiers": {"molecule_hash": "c341809c51d0079a12113413d11c6bc35c027631", "molecular_formula": "C5H10O2"}, "molecular_charge": 0.0, "molecular_multiplicity": 1, "connectivity": [[0, 1, 1.0], [0, 7, 1.0], [0, 8, 1.0], [0, 9, 1.0], [1, 2, 1.0], [1, 10, 1.0], [1, 11, 1.0], [2, 3, 1.0], [2, 12, 1.0], [2, 13, 1.0], [3, 4, 2.0], [3, 5, 1.0], [5, 6, 1.0], [6, 14, 1.0], [6, 15, 1.0], [6, 16, 1.0]], "fix_com": true, "fix_orientation": true, "provenance": {"creator": "QCElemental", "version": "v0.22.0", "routine": "qcelemental.molparse.from_schema"}, "id": "120624"}, "charge": 0, "optimize_geometry": false, "conformers": [], "conformer_generation_options": {"n_conformer_pool": 4000, "n_max_conformers": 0, "rms_tolerance": 0.05, "energy_window": 15, "keep_original_conformer": true}, "stage_1_unrestrained_charges": null, "stage_1_restrained_charges": null, "stage_2_unrestrained_charges": null, "stage_2_restrained_charges": null, "keep_original_orientation": false, "reorientations": [], "translations": [], "rotations": []}], "unconstrained_atoms": [{"index": 0, "molecule": {"qcmol": {"schema_name": "qcschema_molecule", "schema_version": 2, "validated": true, "symbols": ["C", "C", "C", "C", "O", "O", "C", "H", "H", "H", "H", "H", "H", "H", "H", "H", "H"], "geometry": [[0.0, -0.0, 0.0], [2.886604926410534, -1.3369907420742797e-16, 4.781669064643044e-16], [3.9727859252775, 2.6911592887111286, 4.440892098500626e-16], [6.821669845173736, 2.7016519230312177, 0.0710537067616055], [8.066441640714336, 3.345400823733355, 1.8273654516711708], [7.8110892038562785, 1.8672902772429099, -2.077825190913884], [10.480506336905673, 1.7458727268569192, -2.218912623920898], [-0.7315143646516782, -1.9156232473038568, 0.003306934301742559], [-0.7432188571685407, 0.957785363807248, 1.6556588252667865], [-0.7408907068385919, 0.9509013456345214, -1.661239221651587], [3.5821664825515223, -1.0105157293661935, -1.6420202214416402], [3.573037466352083, -1.0037816623616644, 1.6549099808472219], [3.31972705949424, 3.7307329692853584, 1.635998553042794], [3.3611358401076195, 3.68169370837622, -1.6888111495322913], [11.218374353968047, 0.4877857788434473, -0.7899738026240714], [10.909240035656019, 1.0316686776371176, -4.079738003458763], [11.296672309181892, 3.6003203202666834, -1.9667681818123834]], "name": "C5H10O2", "identifiers": {"molecule_hash": "c341809c51d0079a12113413d11c6bc35c027631", "molecular_formula": "C5H10O2"}, "molecular_charge": 0.0, "molecular_multiplicity": 1, "connectivity": [[0, 1, 1.0], [0, 7, 1.0], [0, 8, 1.0], [0, 9, 1.0], [1, 2, 1.0], [1, 10, 1.0], [1, 11, 1.0], [2, 3, 1.0], [2, 12, 1.0], [2, 13, 1.0], [3, 4, 2.0], [3, 5, 1.0], [5, 6, 1.0], [6, 14, 1.0], [6, 15, 1.0], [6, 16, 1.0]], "fix_com": true, "fix_orientation": true, "provenance": {"creator": "QCElemental", "version": "v0.22.0", "routine": "qcelemental.molparse.from_schema"}, "id": "120624"}, "charge": 0, "optimize_geometry": false, "conformers": [], "conformer_generation_options": {"n_conformer_pool": 4000, "n_max_conformers": 0, "rms_tolerance": 0.05, "energy_window": 15, "keep_original_conformer": true}, "stage_1_unrestrained_charges": null, "stage_1_restrained_charges": null, "stage_2_unrestrained_charges": null, "stage_2_restrained_charges": null, "keep_original_orientation": false, "reorientations": [], "translations": [], "rotations": []}}, {"index": 1, "molecule": {"qcmol": {"schema_name": "qcschema_molecule", "schema_version": 2, "validated": true, "symbols": ["C", "C", "C", "C", "O", "O", "C", "H", "H", "H", "H", "H", "H", "H", "H", "H", "H"], "geometry": [[0.0, -0.0, 0.0], [2.886604926410534, -1.3369907420742797e-16, 4.781669064643044e-16], [3.9727859252775, 2.6911592887111286, 4.440892098500626e-16], [6.821669845173736, 2.7016519230312177, 0.0710537067616055], [8.066441640714336, 3.345400823733355, 1.8273654516711708], [7.8110892038562785, 1.8672902772429099, -2.077825190913884], [10.480506336905673, 1.7458727268569192, -2.218912623920898], [-0.7315143646516782, -1.9156232473038568, 0.003306934301742559], [-0.7432188571685407, 0.957785363807248, 1.6556588252667865], [-0.7408907068385919, 0.9509013456345214, -1.661239221651587], [3.5821664825515223, -1.0105157293661935, -1.6420202214416402], [3.573037466352083, -1.0037816623616644, 1.6549099808472219], [3.31972705949424, 3.7307329692853584, 1.635998553042794], [3.3611358401076195, 3.68169370837622, -1.6888111495322913], [11.218374353968047, 0.4877857788434473, -0.7899738026240714], [10.909240035656019, 1.0316686776371176, -4.079738003458763], [11.296672309181892, 3.6003203202666834, -1.9667681818123834]], "name": "C5H10O2", "identifiers": {"molecule_hash": "c341809c51d0079a12113413d11c6bc35c027631", "molecular_formula": "C5H10O2"}, "molecular_charge": 0.0, "molecular_multiplicity": 1, "connectivity": [[0, 1, 1.0], [0, 7, 1.0], [0, 8, 1.0], [0, 9, 1.0], [1, 2, 1.0], [1, 10, 1.0], [1, 11, 1.0], [2, 3, 1.0], [2, 12, 1.0], [2, 13, 1.0], [3, 4, 2.0], [3, 5, 1.0], [5, 6, 1.0], [6, 14, 1.0], [6, 15, 1.0], [6, 16, 1.0]], "fix_com": true, "fix_orientation": true, "provenance": {"creator": "QCElemental", "version": "v0.22.0", "routine": "qcelemental.molparse.from_schema"}, "id": "120624"}, "charge": 0, "optimize_geometry": false, "conformers": [], "conformer_generation_options": {"n_conformer_pool": 4000, "n_max_conformers": 0, "rms_tolerance": 0.05, "energy_window": 15, "keep_original_conformer": true}, "stage_1_unrestrained_charges": null, "stage_1_restrained_charges": null, "stage_2_unrestrained_charges": null, "stage_2_restrained_charges": null, "keep_original_orientation": false, "reorientations": [], "translations": [], "rotations": []}}, {"index": 2, "molecule": {"qcmol": {"schema_name": "qcschema_molecule", "schema_version": 2, "validated": true, "symbols": ["C", "C", "C", "C", "O", "O", "C", "H", "H", "H", "H", "H", "H", "H", "H", "H", "H"], "geometry": [[0.0, -0.0, 0.0], [2.886604926410534, -1.3369907420742797e-16, 4.781669064643044e-16], [3.9727859252775, 2.6911592887111286, 4.440892098500626e-16], [6.821669845173736, 2.7016519230312177, 0.0710537067616055], [8.066441640714336, 3.345400823733355, 1.8273654516711708], [7.8110892038562785, 1.8672902772429099, -2.077825190913884], [10.480506336905673, 1.7458727268569192, -2.218912623920898], [-0.7315143646516782, -1.9156232473038568, 0.003306934301742559], [-0.7432188571685407, 0.957785363807248, 1.6556588252667865], [-0.7408907068385919, 0.9509013456345214, -1.661239221651587], [3.5821664825515223, -1.0105157293661935, -1.6420202214416402], [3.573037466352083, -1.0037816623616644, 1.6549099808472219], [3.31972705949424, 3.7307329692853584, 1.635998553042794], [3.3611358401076195, 3.68169370837622, -1.6888111495322913], [11.218374353968047, 0.4877857788434473, -0.7899738026240714], [10.909240035656019, 1.0316686776371176, -4.079738003458763], [11.296672309181892, 3.6003203202666834, -1.9667681818123834]], "name": "C5H10O2", "identifiers": {"molecule_hash": "c341809c51d0079a12113413d11c6bc35c027631", "molecular_formula": "C5H10O2"}, "molecular_charge": 0.0, "molecular_multiplicity": 1, "connectivity": [[0, 1, 1.0], [0, 7, 1.0], [0, 8, 1.0], [0, 9, 1.0], [1, 2, 1.0], [1, 10, 1.0], [1, 11, 1.0], [2, 3, 1.0], [2, 12, 1.0], [2, 13, 1.0], [3, 4, 2.0], [3, 5, 1.0], [5, 6, 1.0], [6, 14, 1.0], [6, 15, 1.0], [6, 16, 1.0]], "fix_com": true, "fix_orientation": true, "provenance": {"creator": "QCElemental", "version": "v0.22.0", "routine": "qcelemental.molparse.from_schema"}, "id": "120624"}, "charge": 0, "optimize_geometry": false, "conformers": [], "conformer_generation_options": {"n_conformer_pool": 4000, "n_max_conformers": 0, "rms_tolerance": 0.05, "energy_window": 15, "keep_original_conformer": true}, "stage_1_unrestrained_charges": null, "stage_1_restrained_charges": null, "stage_2_unrestrained_charges": null, "stage_2_restrained_charges": null, "keep_original_orientation": false, "reorientations": [], "translations": [], "rotations": []}}, {"index": 6, "molecule": {"qcmol": {"schema_name": "qcschema_molecule", "schema_version": 2, "validated": true, "symbols": ["C", "C", "C", "C", "O", "O", "C", "H", "H", "H", "H", "H", "H", "H", "H", "H", "H"], "geometry": [[0.0, -0.0, 0.0], [2.886604926410534, -1.3369907420742797e-16, 4.781669064643044e-16], [3.9727859252775, 2.6911592887111286, 4.440892098500626e-16], [6.821669845173736, 2.7016519230312177, 0.0710537067616055], [8.066441640714336, 3.345400823733355, 1.8273654516711708], [7.8110892038562785, 1.8672902772429099, -2.077825190913884], [10.480506336905673, 1.7458727268569192, -2.218912623920898], [-0.7315143646516782, -1.9156232473038568, 0.003306934301742559], [-0.7432188571685407, 0.957785363807248, 1.6556588252667865], [-0.7408907068385919, 0.9509013456345214, -1.661239221651587], [3.5821664825515223, -1.0105157293661935, -1.6420202214416402], [3.573037466352083, -1.0037816623616644, 1.6549099808472219], [3.31972705949424, 3.7307329692853584, 1.635998553042794], [3.3611358401076195, 3.68169370837622, -1.6888111495322913], [11.218374353968047, 0.4877857788434473, -0.7899738026240714], [10.909240035656019, 1.0316686776371176, -4.079738003458763], [11.296672309181892, 3.6003203202666834, -1.9667681818123834]], "name": "C5H10O2", "identifiers": {"molecule_hash": "c341809c51d0079a12113413d11c6bc35c027631", "molecular_formula": "C5H10O2"}, "molecular_charge": 0.0, "molecular_multiplicity": 1, "connectivity": [[0, 1, 1.0], [0, 7, 1.0], [0, 8, 1.0], [0, 9, 1.0], [1, 2, 1.0], [1, 10, 1.0], [1, 11, 1.0], [2, 3, 1.0], [2, 12, 1.0], [2, 13, 1.0], [3, 4, 2.0], [3, 5, 1.0], [5, 6, 1.0], [6, 14, 1.0], [6, 15, 1.0], [6, 16, 1.0]], "fix_com": true, "fix_orientation": true, "provenance": {"creator": "QCElemental", "version": "v0.22.0", "routine": "qcelemental.molparse.from_schema"}, "id": "120624"}, "charge": 0, "optimize_geometry": false, "conformers": [], "conformer_generation_options": {"n_conformer_pool": 4000, "n_max_conformers": 0, "rms_tolerance": 0.05, "energy_window": 15, "keep_original_conformer": true}, "stage_1_unrestrained_charges": null, "stage_1_restrained_charges": null, "stage_2_unrestrained_charges": null, "stage_2_restrained_charges": null, "keep_original_orientation": false, "reorientations": [], "translations": [], "rotations": []}}]}, "surface_constraints": {"matrix": [[255022097305151.28, 247212039684310.84, 237406690505420.56, 226334320192131.84, 219490855664868.72, 219826348488520.16, 201985616947966.94, 255828663810829.78, 255738975636678.78, 255918879389982.03, 246176768540896.06, 246061129760607.5, 236616702937562.3, 235636402811385.44, 197535592055414.53, 199838065012075.62, 193611479366446.2], [247212039684310.84, 253876346407998.47, 246948847263648.8, 237893698250879.06, 231287848449060.8, 232084520995161.47, 213707799917441.47, 244380701740282.97, 244200866563335.06, 244422484684059.1, 257192931324148.84, 257212807646469.44, 245718412711769.22, 245779845552925.28, 210122326014633.38, 210360485203803.88, 205007662996742.47], [237406690505420.56, 246948847263648.8, 254030652621528.78, 247804617015348.94, 242174685664873.5, 241583299915306.7, 223754206561430.75, 232206764159956.84, 235356342806713.8, 234557598270149.94, 246268169279646.72, 246331121868974.8, 257221506823117.97, 257182257928440.4, 218509087871115.53, 219300753115562.0, 217971391620507.5], [226334320192131.84, 237893698250879.06, 247804617015348.94, 254016001596362.25, 254086349144525.1, 250498054482889.16, 239733732175495.5, 222655503142692.38, 224165316840195.78, 221169538476186.25, 237847608797865.7, 236984761518553.06, 247462643828028.44, 247403771441054.25, 235806992980752.62, 236957880048033.84, 235447805162645.7], [219490855664868.72, 231287848449060.8, 242174685664873.5, 254086349144525.1, 264658490172596.6, 244499527158950.6, 238885643677225.22, 216502191008931.44, 218429099673057.2, 212593889964363.5, 230253221426783.12, 231194547245738.47, 240979706645794.4, 239535786578698.38, 235686646260785.72, 237724240956767.78, 236157826130062.53], [219826348488520.16, 232084520995161.47, 241583299915306.7, 250498054482889.16, 244499527158950.6, 258695481289625.22, 249831282245547.0, 216723990986003.62, 216258569262562.84, 215143072094052.1, 234623001714065.72, 229766760580950.25, 239432419437893.22, 240958140728303.16, 246886790561365.6, 247028449848687.94, 245473138345555.0], [201985616947966.94, 213707799917441.47, 223754206561430.75, 239733732175495.5, 238885643677225.22, 249831282245547.0, 254156740712860.97, 200012965751539.5, 198998478347209.62, 196551293847925.47, 215654530032199.78, 211495785439026.22, 219937700396150.25, 221008011052353.06, 254427078623976.72, 254734151027792.34, 253143212716625.2], [255828663810829.78, 244380701740282.97, 232206764159956.84, 222655503142692.38, 216502191008931.44, 216723990986003.62, 200012965751539.5, 267680046654546.2, 252688801453558.4, 252686677262117.1, 242480454128782.2, 243407056104221.53, 230739707154651.4, 228406293605448.22, 196135862107480.34, 198101907799644.53, 191572594134675.34], [255738975636678.78, 244200866563335.06, 235356342806713.8, 224165316840195.78, 218429099673057.2, 216258569262562.84, 198998478347209.62, 252688801453558.4, 267701873827973.22, 252585694107761.28, 242406801482921.9, 240250200097895.9, 236119114810499.34, 232824846469948.56, 193895526878646.34, 197612588142744.47, 190978559704916.8], [255918879389982.03, 244422484684059.1, 234557598270149.94, 221169538476186.25, 212593889964363.5, 215143072094052.1, 196551293847925.47, 252686677262117.1, 252585694107761.28, 268072704465929.0, 241524585691796.2, 242290017328498.03, 233199995135373.66, 235218072777896.66, 191653011366750.84, 194471400998192.7, 188230461076297.06], [246176768540896.06, 257192931324148.84, 246268169279646.72, 237847608797865.7, 230253221426783.12, 234623001714065.72, 215654530032199.78, 242480454128782.2, 242406801482921.9, 241524585691796.2, 271340032966217.4, 256479277618297.62, 242132169744496.8, 244312142470314.66, 211977851890736.44, 212793792652274.97, 206096434227677.97], [246061129760607.5, 257212807646469.44, 246331121868974.8, 236984761518553.06, 231194547245738.47, 229766760580950.25, 211495785439026.22, 243407056104221.53, 240250200097895.9, 242290017328498.03, 256479277618297.62, 271398726147907.2, 244120754548272.3, 243048810363416.06, 209949752742047.97, 207467954411062.94, 201518793874186.78], [236616702937562.3, 245718412711769.22, 257221506823117.97, 247462643828028.44, 240979706645794.4, 239432419437893.22, 219937700396150.25, 230739707154651.4, 236119114810499.34, 233199995135373.66, 242132169744496.8, 244120754548272.3, 271160306024613.66, 256237353843562.75, 214005782468010.3, 214482606925752.3, 214838723958077.3], [235636402811385.44, 245779845552925.28, 257182257928440.4, 247403771441054.25, 239535786578698.38, 240958140728303.16, 221008011052353.06, 228406293605448.22, 232824846469948.56, 235218072777896.66, 244312142470314.66, 243048810363416.06, 256237353843562.75, 271071399360536.78, 214233165936195.9, 215585335596299.7, 216395239131873.03], [197535592055414.53, 210122326014633.38, 218509087871115.53, 235806992980752.62, 235686646260785.72, 246886790561365.6, 254427078623976.72, 196135862107480.34, 193895526878646.34, 191653011366750.84, 211977851890736.44, 209949752742047.97, 214005782468010.3, 214233165936195.9, 265951637184289.22, 250706349651599.34, 249209541838484.8], [199838065012075.62, 210360485203803.88, 219300753115562.0, 236957880048033.84, 237724240956767.78, 247028449848687.94, 254734151027792.34, 198101907799644.53, 197612588142744.47, 194471400998192.7, 212793792652274.97, 207467954411062.94, 214482606925752.3, 215585335596299.7, 250706349651599.34, 266610321485129.44, 249621459325239.9], [193611479366446.2, 205007662996742.47, 217971391620507.5, 235447805162645.7, 236157826130062.53, 245473138345555.0, 253143212716625.2, 191572594134675.34, 190978559704916.8, 188230461076297.06, 206096434227677.97, 201518793874186.78, 214838723958077.3, 216395239131873.03, 249209541838484.8, 249621459325239.9, 263342634155715.56], [35365326979.7267, -429919806665.4521, -1104448198576.4026, -2901353474252.0083, -6092552997863.166, -1078260253818.0865, -570895318769.1013, -58772122368.034805, -147458194587.44632, 693745395758.3376, -390352018627.88104, -529415838036.63245, -827792372809.7113, -442347714610.1575, -174860261269.1407, -452724774987.20984, -513579085183.0207]]}}