{"resp_b": 0.1, "restrained_fit": true, "exclude_hydrogens": true, "convergence_tolerance": 1e-06, "max_iter": 500, "resp_a": 0.0005, "charge_constraints": {"charge_sum_constraints": [], "charge_equivalence_constraints": [], "molecules": [{"qcmol": {"schema_name": "qcschema_molecule", "schema_version": 2, "validated": true, "symbols": ["C", "C", "C", "C", "O", "O", "C", "H", "H", "H", "H", "H", "H", "H", "H", "H", "H"], "geometry": [[0.0, -0.0, 0.0], [2.886604926410534, -1.3369907420742797e-16, 4.781669064643044e-16], [3.9727859252775, 2.6911592887111286, 4.440892098500626e-16], [6.821669845173736, 2.7016519230312177, 0.0710537067616055], [8.066441640714336, 3.345400823733355, 1.8273654516711708], [7.8110892038562785, 1.8672902772429099, -2.077825190913884], [10.480506336905673, 1.7458727268569192, -2.218912623920898], [-0.7315143646516782, -1.9156232473038568, 0.003306934301742559], [-0.7432188571685407, 0.957785363807248, 1.6556588252667865], [-0.7408907068385919, 0.9509013456345214, -1.661239221651587], [3.5821664825515223, -1.0105157293661935, -1.6420202214416402], [3.573037466352083, -1.0037816623616644, 1.6549099808472219], [3.31972705949424, 3.7307329692853584, 1.635998553042794], [3.3611358401076195, 3.68169370837622, -1.6888111495322913], [11.218374353968047, 0.4877857788434473, -0.7899738026240714], [10.909240035656019, 1.0316686776371176, -4.079738003458763], [11.296672309181892, 3.6003203202666834, -1.9667681818123834]], "name": "C5H10O2", "identifiers": {"molecule_hash": "c341809c51d0079a12113413d11c6bc35c027631", "molecular_formula": "C5H10O2"}, "molecular_charge": 0.0, "molecular_multiplicity": 1, "connectivity": [[0, 1, 1.0], [0, 7, 1.0], [0, 8, 1.0], [0, 9, 1.0], [1, 2, 1.0], [1, 10, 1.0], [1, 11, 1.0], [2, 3, 1.0], [2, 12, 1.0], [2, 13, 1.0], [3, 4, 2.0], [3, 5, 1.0], [5, 6, 1.0], [6, 14, 1.0], [6, 15, 1.0], [6, 16, 1.0]], "fix_com": true, "fix_orientation": true, "provenance": {"creator": "QCElemental", "version": "v0.22.0", "routine": "qcelemental.molparse.from_schema"}, "id": "120624"}, "charge": 0, "optimize_geometry": false, "conformers": [], "conformer_generation_options": {"n_conformer_pool": 4000, "n_max_conformers": 0, "rms_tolerance": 0.05, "energy_window": 15, "keep_original_conformer": true}, "stage_1_unrestrained_charges": null, "stage_1_restrained_charges": null, "stage_2_unrestrained_charges": null, "stage_2_restrained_charges": null, "keep_original_orientation": false, "reorientations": [], "translations": [], "rotations": []}], "unconstrained_atoms": [{"index": 0, "molecule": {"qcmol": {"schema_name": "qcschema_molecule", "schema_version": 2, "validated": true, "symbols": ["C", "C", "C", "C", "O", "O", "C", "H", "H", "H", "H", "H", "H", "H", "H", "H", "H"], "geometry": [[0.0, -0.0, 0.0], [2.886604926410534, -1.3369907420742797e-16, 4.781669064643044e-16], [3.9727859252775, 2.6911592887111286, 4.440892098500626e-16], [6.821669845173736, 2.7016519230312177, 0.0710537067616055], [8.066441640714336, 3.345400823733355, 1.8273654516711708], [7.8110892038562785, 1.8672902772429099, -2.077825190913884], [10.480506336905673, 1.7458727268569192, -2.218912623920898], [-0.7315143646516782, -1.9156232473038568, 0.003306934301742559], [-0.7432188571685407, 0.957785363807248, 1.6556588252667865], [-0.7408907068385919, 0.9509013456345214, -1.661239221651587], [3.5821664825515223, -1.0105157293661935, -1.6420202214416402], [3.573037466352083, -1.0037816623616644, 1.6549099808472219], [3.31972705949424, 3.7307329692853584, 1.635998553042794], [3.3611358401076195, 3.68169370837622, -1.6888111495322913], [11.218374353968047, 0.4877857788434473, -0.7899738026240714], [10.909240035656019, 1.0316686776371176, -4.079738003458763], [11.296672309181892, 3.6003203202666834, -1.9667681818123834]], "name": "C5H10O2", "identifiers": {"molecule_hash": "c341809c51d0079a12113413d11c6bc35c027631", "molecular_formula": "C5H10O2"}, "molecular_charge": 0.0, "molecular_multiplicity": 1, "connectivity": [[0, 1, 1.0], [0, 7, 1.0], [0, 8, 1.0], [0, 9, 1.0], [1, 2, 1.0], [1, 10, 1.0], [1, 11, 1.0], [2, 3, 1.0], [2, 12, 1.0], [2, 13, 1.0], [3, 4, 2.0], [3, 5, 1.0], [5, 6, 1.0], [6, 14, 1.0], [6, 15, 1.0], [6, 16, 1.0]], "fix_com": true, "fix_orientation": true, "provenance": {"creator": "QCElemental", "version": "v0.22.0", "routine": "qcelemental.molparse.from_schema"}, "id": "120624"}, "charge": 0, "optimize_geometry": false, "conformers": [], "conformer_generation_options": {"n_conformer_pool": 4000, "n_max_conformers": 0, "rms_tolerance": 0.05, "energy_window": 15, "keep_original_conformer": true}, "stage_1_unrestrained_charges": null, "stage_1_restrained_charges": null, "stage_2_unrestrained_charges": null, "stage_2_restrained_charges": null, "keep_original_orientation": false, "reorientations": [], "translations": [], "rotations": []}}, {"index": 1, "molecule": {"qcmol": {"schema_name": "qcschema_molecule", "schema_version": 2, "validated": true, "symbols": ["C", "C", "C", "C", "O", "O", "C", "H", "H", "H", "H", "H", "H", "H", "H", "H", "H"], "geometry": [[0.0, -0.0, 0.0], [2.886604926410534, -1.3369907420742797e-16, 4.781669064643044e-16], [3.9727859252775, 2.6911592887111286, 4.440892098500626e-16], [6.821669845173736, 2.7016519230312177, 0.0710537067616055], [8.066441640714336, 3.345400823733355, 1.8273654516711708], [7.8110892038562785, 1.8672902772429099, -2.077825190913884], [10.480506336905673, 1.7458727268569192, -2.218912623920898], [-0.7315143646516782, -1.9156232473038568, 0.003306934301742559], [-0.7432188571685407, 0.957785363807248, 1.6556588252667865], [-0.7408907068385919, 0.9509013456345214, -1.661239221651587], [3.5821664825515223, -1.0105157293661935, -1.6420202214416402], [3.573037466352083, -1.0037816623616644, 1.6549099808472219], [3.31972705949424, 3.7307329692853584, 1.635998553042794], [3.3611358401076195, 3.68169370837622, -1.6888111495322913], [11.218374353968047, 0.4877857788434473, -0.7899738026240714], [10.909240035656019, 1.0316686776371176, -4.079738003458763], [11.296672309181892, 3.6003203202666834, -1.9667681818123834]], "name": "C5H10O2", "identifiers": {"molecule_hash": "c341809c51d0079a12113413d11c6bc35c027631", "molecular_formula": "C5H10O2"}, "molecular_charge": 0.0, "molecular_multiplicity": 1, "connectivity": [[0, 1, 1.0], [0, 7, 1.0], [0, 8, 1.0], [0, 9, 1.0], [1, 2, 1.0], [1, 10, 1.0], [1, 11, 1.0], [2, 3, 1.0], [2, 12, 1.0], [2, 13, 1.0], [3, 4, 2.0], [3, 5, 1.0], [5, 6, 1.0], [6, 14, 1.0], [6, 15, 1.0], [6, 16, 1.0]], "fix_com": true, "fix_orientation": true, "provenance": {"creator": "QCElemental", "version": "v0.22.0", "routine": "qcelemental.molparse.from_schema"}, "id": "120624"}, "charge": 0, "optimize_geometry": false, "conformers": [], "conformer_generation_options": {"n_conformer_pool": 4000, "n_max_conformers": 0, "rms_tolerance": 0.05, "energy_window": 15, "keep_original_conformer": true}, "stage_1_unrestrained_charges": null, "stage_1_restrained_charges": null, "stage_2_unrestrained_charges": null, "stage_2_restrained_charges": null, "keep_original_orientation": false, "reorientations": [], "translations": [], "rotations": []}}, {"index": 2, "molecule": {"qcmol": {"schema_name": "qcschema_molecule", "schema_version": 2, "validated": true, "symbols": ["C", "C", "C", "C", "O", "O", "C", "H", "H", "H", "H", "H", "H", "H", "H", "H", "H"], "geometry": [[0.0, -0.0, 0.0], [2.886604926410534, -1.3369907420742797e-16, 4.781669064643044e-16], [3.9727859252775, 2.6911592887111286, 4.440892098500626e-16], [6.821669845173736, 2.7016519230312177, 0.0710537067616055], [8.066441640714336, 3.345400823733355, 1.8273654516711708], [7.8110892038562785, 1.8672902772429099, -2.077825190913884], [10.480506336905673, 1.7458727268569192, -2.218912623920898], [-0.7315143646516782, -1.9156232473038568, 0.003306934301742559], [-0.7432188571685407, 0.957785363807248, 1.6556588252667865], [-0.7408907068385919, 0.9509013456345214, -1.661239221651587], [3.5821664825515223, -1.0105157293661935, -1.6420202214416402], [3.573037466352083, -1.0037816623616644, 1.6549099808472219], [3.31972705949424, 3.7307329692853584, 1.635998553042794], [3.3611358401076195, 3.68169370837622, -1.6888111495322913], [11.218374353968047, 0.4877857788434473, -0.7899738026240714], [10.909240035656019, 1.0316686776371176, -4.079738003458763], [11.296672309181892, 3.6003203202666834, -1.9667681818123834]], "name": "C5H10O2", "identifiers": {"molecule_hash": "c341809c51d0079a12113413d11c6bc35c027631", "molecular_formula": "C5H10O2"}, "molecular_charge": 0.0, "molecular_multiplicity": 1, "connectivity": [[0, 1, 1.0], [0, 7, 1.0], [0, 8, 1.0], [0, 9, 1.0], [1, 2, 1.0], [1, 10, 1.0], [1, 11, 1.0], [2, 3, 1.0], [2, 12, 1.0], [2, 13, 1.0], [3, 4, 2.0], [3, 5, 1.0], [5, 6, 1.0], [6, 14, 1.0], [6, 15, 1.0], [6, 16, 1.0]], "fix_com": true, "fix_orientation": true, "provenance": {"creator": "QCElemental", "version": "v0.22.0", "routine": "qcelemental.molparse.from_schema"}, "id": "120624"}, "charge": 0, "optimize_geometry": false, "conformers": [], "conformer_generation_options": {"n_conformer_pool": 4000, "n_max_conformers": 0, "rms_tolerance": 0.05, "energy_window": 15, "keep_original_conformer": true}, "stage_1_unrestrained_charges": null, "stage_1_restrained_charges": null, "stage_2_unrestrained_charges": null, "stage_2_restrained_charges": null, "keep_original_orientation": false, "reorientations": [], "translations": [], "rotations": []}}, {"index": 6, "molecule": {"qcmol": {"schema_name": "qcschema_molecule", "schema_version": 2, "validated": true, "symbols": ["C", "C", "C", "C", "O", "O", "C", "H", "H", "H", "H", "H", "H", "H", "H", "H", "H"], "geometry": [[0.0, -0.0, 0.0], [2.886604926410534, -1.3369907420742797e-16, 4.781669064643044e-16], [3.9727859252775, 2.6911592887111286, 4.440892098500626e-16], [6.821669845173736, 2.7016519230312177, 0.0710537067616055], [8.066441640714336, 3.345400823733355, 1.8273654516711708], [7.8110892038562785, 1.8672902772429099, -2.077825190913884], [10.480506336905673, 1.7458727268569192, -2.218912623920898], [-0.7315143646516782, -1.9156232473038568, 0.003306934301742559], [-0.7432188571685407, 0.957785363807248, 1.6556588252667865], [-0.7408907068385919, 0.9509013456345214, -1.661239221651587], [3.5821664825515223, -1.0105157293661935, -1.6420202214416402], [3.573037466352083, -1.0037816623616644, 1.6549099808472219], [3.31972705949424, 3.7307329692853584, 1.635998553042794], [3.3611358401076195, 3.68169370837622, -1.6888111495322913], [11.218374353968047, 0.4877857788434473, -0.7899738026240714], [10.909240035656019, 1.0316686776371176, -4.079738003458763], [11.296672309181892, 3.6003203202666834, -1.9667681818123834]], "name": "C5H10O2", "identifiers": {"molecule_hash": "c341809c51d0079a12113413d11c6bc35c027631", "molecular_formula": "C5H10O2"}, "molecular_charge": 0.0, "molecular_multiplicity": 1, "connectivity": [[0, 1, 1.0], [0, 7, 1.0], [0, 8, 1.0], [0, 9, 1.0], [1, 2, 1.0], [1, 10, 1.0], [1, 11, 1.0], [2, 3, 1.0], [2, 12, 1.0], [2, 13, 1.0], [3, 4, 2.0], [3, 5, 1.0], [5, 6, 1.0], [6, 14, 1.0], [6, 15, 1.0], [6, 16, 1.0]], "fix_com": true, "fix_orientation": true, "provenance": {"creator": "QCElemental", "version": "v0.22.0", "routine": "qcelemental.molparse.from_schema"}, "id": "120624"}, "charge": 0, "optimize_geometry": false, "conformers": [], "conformer_generation_options": {"n_conformer_pool": 4000, "n_max_conformers": 0, "rms_tolerance": 0.05, "energy_window": 15, "keep_original_conformer": true}, "stage_1_unrestrained_charges": null, "stage_1_restrained_charges": null, "stage_2_unrestrained_charges": null, "stage_2_restrained_charges": null, "keep_original_orientation": false, "reorientations": [], "translations": [], "rotations": []}}]}, "surface_constraints": {"matrix": [[4604.2028839287495, 4475.231438234859, 4314.788190751294, 4122.499632627798, 4012.385367203266, 4016.1055972013696, 3721.0724220973675, 4625.781558787765, 4627.5997325685885, 4627.998181976187, 4463.624537882371, 4462.627550789439, 4311.343017411322, 4295.752293252525, 3651.114300744443, 3690.138933838191, 3584.7833769325607], [4475.231438234859, 4584.581038617234, 4473.42230440877, 4314.873721863234, 4210.2583450958155, 4221.669874160066, 3922.4477527686236, 4434.065863570583, 4434.298941888414, 4436.288861026927, 4645.902406898589, 4648.017640785531, 4464.1272089127415, 4466.480533606882, 3868.9525364131246, 3871.9531448180596, 3783.471900448523], [4314.788190751294, 4473.42230440877, 4591.846790302627, 4478.536798092146, 4392.788497789329, 4379.718211697007, 4094.4939063589845, 4231.270779943218, 4288.507653247067, 4273.55614087583, 4467.225432545956, 4470.003238003448, 4658.310813791676, 4659.345845889953, 4013.1096230715043, 4025.3801387257718, 4010.350027858494], [4122.499632627798, 4314.873721863234, 4478.536798092146, 4568.899105801058, 4580.273214366584, 4517.084921113187, 4357.929173792132, 4063.7357007167166, 4092.6140506611678, 4040.8560690775757, 4319.545123844719, 4306.1500806185095, 4485.663567179104, 4486.236059977374, 4302.693398451463, 4320.573610089752, 4303.783996404002], [4012.385367203266, 4210.2583450958155, 4392.788497789329, 4580.273214366584, 4762.291613660689, 4428.915510480499, 4354.075849702096, 3964.7736460053843, 4001.158700809557, 3899.3395110028114, 4196.967256059574, 4214.877978288675, 4384.714684402632, 4361.608421709707, 4310.311112413209, 4343.571002591014, 4325.733813043077], [4016.1055972013696, 4221.669874160066, 4379.718211697007, 4517.084921113187, 4428.915510480499, 4654.4347126721805, 4530.1963681235065, 3966.3425401737877, 3960.7239512299534, 3942.291335492804, 4270.5576373526565, 4188.121513401764, 4355.027989655376, 4382.435029897982, 4493.785655107461, 4494.857714628497, 4477.29530242451], [3721.0724220973675, 3922.4477527686236, 4094.4939063589845, 4357.929173792132, 4354.075849702096, 4530.1963681235065, 4618.515915161727, 3689.4427875080164, 3673.5933985887764, 3631.2504327940983, 3961.3367301054286, 3888.9550411755595, 4038.107521735454, 4058.020157817028, 4635.892958039738, 4639.295732552251, 4621.58851372531], [4625.781558787765, 4434.065863570583, 4231.270779943218, 4063.7357007167166, 3964.7736460053843, 3966.3425401737877, 3689.4427875080164, 4835.540710924456, 4583.916912432974, 4581.316581639298, 4407.832505570137, 4424.18820540572, 4215.7381566489785, 4175.722924318672, 3630.1959497990197, 3662.6004240701636, 3550.429659305514], [4627.5997325685885, 4434.298941888414, 4288.507653247067, 4092.6140506611678, 4001.158700809557, 3960.7239512299534, 3673.5933985887764, 4583.916912432974, 4843.617116987195, 4581.430656792973, 4409.160405905198, 4372.9580020479725, 4311.801830149506, 4255.918035623223, 3590.881011976951, 3655.5371540756814, 3543.3268626468903], [4627.998181976187, 4436.288861026927, 4273.55614087583, 4040.8560690775757, 3899.3395110028114, 3942.291335492804, 3631.2504327940983, 4581.316581639298, 4581.430656792973, 4844.670283506482, 4392.311083827605, 4406.432557466013, 4259.185019166942, 4296.324800266197, 3552.2365798979536, 3600.733344839328, 3494.5303935706715], [4463.624537882371, 4645.902406898589, 4467.225432545956, 4319.545123844719, 4196.967256059574, 4270.5576373526565, 3961.3367301054286, 4407.832505570137, 4409.160405905198, 4392.311083827605, 4892.94386427975, 4640.038380707243, 4407.573307168516, 4446.66616533165, 3906.2253417084526, 3920.199172766561, 3806.770340689115], [4462.627550789439, 4648.017640785531, 4470.003238003448, 4306.1500806185095, 4214.877978288675, 4188.121513401764, 3888.9550411755595, 4424.18820540572, 4372.9580020479725, 4406.432557466013, 4640.038380707243, 4898.31814599289, 4443.691608765086, 4426.104956022453, 3871.237621811645, 3826.1228861194477, 3726.1006710475585], [4311.343017411322, 4464.1272089127415, 4658.310813791676, 4485.663567179104, 4384.714684402632, 4355.027989655376, 4038.107521735454, 4215.7381566489785, 4311.801830149506, 4259.185019166942, 4407.573307168516, 4443.691608765086, 4910.464873088031, 4653.458282368228, 3942.6628829678025, 3950.5383286646947, 3965.137025498577], [4295.752293252525, 4466.480533606882, 4659.345845889953, 4486.236059977374, 4361.608421709707, 4382.435029897982, 4058.020157817028, 4175.722924318672, 4255.918035623223, 4296.324800266197, 4446.66616533165, 4426.104956022453, 4653.458282368228, 4913.054032620717, 3948.8214674965325, 3970.0680877180557, 3993.948207751399], [3651.114300744443, 3868.9525364131246, 4013.1096230715043, 4302.693398451463, 4310.311112413209, 4493.785655107461, 4635.892958039738, 3630.1959497990197, 3590.881011976951, 3552.2365798979536, 3906.2253417084526, 3871.237621811645, 3942.6628829678025, 3948.8214674965325, 4845.626636005175, 4583.482675523532, 4565.943614778119], [3690.138933838191, 3871.9531448180596, 4025.3801387257718, 4320.573610089752, 4343.571002591014, 4494.857714628497, 4639.295732552251, 3662.6004240701636, 3655.5371540756814, 3600.733344839328, 3920.199172766561, 3826.1228861194477, 3950.5383286646947, 3970.0680877180557, 4583.482675523532, 4853.598974783552, 4570.134656866647], [3584.7833769325607, 3783.471900448523, 4010.350027858494, 4303.783996404002, 4325.733813043077, 4477.29530242451, 4621.58851372531, 3550.429659305514, 3543.3268626468903, 3494.5303935706715, 3806.770340689115, 3726.1006710475585, 3965.137025498577, 3993.948207751399, 4565.943614778119, 4570.134656866647, 4818.195953903953], [3.177751817292434, -4.124171762838427, -15.199226652795618, -44.325783896362374, -96.4059283214025, -13.129924932776364, -6.917911821560578, 1.5998737316209732, -0.15153800699446734, 14.499864118075056, -2.870683183038784, -5.985982807928216, -10.941743599417887, -4.230852305435643, -0.45806612596467283, -5.482155334608216, -6.5328280661417235]]}}