{"resp_b": 0.1, "restrained_fit": true, "exclude_hydrogens": true, "convergence_tolerance": 1e-06, "max_iter": 500, "resp_a": 0.0005, "charge_constraints": {"charge_sum_constraints": [], "charge_equivalence_constraints": [], "molecules": [{"qcmol": {"schema_name": "qcschema_molecule", "schema_version": 2, "validated": true, "symbols": ["C", "C", "C", "C", "O", "O", "C", "H", "H", "H", "H", "H", "H", "H", "H", "H", "H"], "geometry": [[0.0, -0.0, 0.0], [2.886604926410534, -1.3369907420742797e-16, 4.781669064643044e-16], [3.9727859252775, 2.6911592887111286, 4.440892098500626e-16], [6.821669845173736, 2.7016519230312177, 0.0710537067616055], [8.066441640714336, 3.345400823733355, 1.8273654516711708], [7.8110892038562785, 1.8672902772429099, -2.077825190913884], [10.480506336905673, 1.7458727268569192, -2.218912623920898], [-0.7315143646516782, -1.9156232473038568, 0.003306934301742559], [-0.7432188571685407, 0.957785363807248, 1.6556588252667865], [-0.7408907068385919, 0.9509013456345214, -1.661239221651587], [3.5821664825515223, -1.0105157293661935, -1.6420202214416402], [3.573037466352083, -1.0037816623616644, 1.6549099808472219], [3.31972705949424, 3.7307329692853584, 1.635998553042794], [3.3611358401076195, 3.68169370837622, -1.6888111495322913], [11.218374353968047, 0.4877857788434473, -0.7899738026240714], [10.909240035656019, 1.0316686776371176, -4.079738003458763], [11.296672309181892, 3.6003203202666834, -1.9667681818123834]], "name": "C5H10O2", "identifiers": {"molecule_hash": "c341809c51d0079a12113413d11c6bc35c027631", "molecular_formula": "C5H10O2"}, "molecular_charge": 0.0, "molecular_multiplicity": 1, "connectivity": [[0, 1, 1.0], [0, 7, 1.0], [0, 8, 1.0], [0, 9, 1.0], [1, 2, 1.0], [1, 10, 1.0], [1, 11, 1.0], [2, 3, 1.0], [2, 12, 1.0], [2, 13, 1.0], [3, 4, 2.0], [3, 5, 1.0], [5, 6, 1.0], [6, 14, 1.0], [6, 15, 1.0], [6, 16, 1.0]], "fix_com": true, "fix_orientation": true, "provenance": {"creator": "QCElemental", "version": "v0.22.0", "routine": "qcelemental.molparse.from_schema"}, "id": "120624"}, "charge": 0, "optimize_geometry": false, "conformers": [], "conformer_generation_options": {"n_conformer_pool": 4000, "n_max_conformers": 0, "rms_tolerance": 0.05, "energy_window": 15, "keep_original_conformer": true}, "stage_1_unrestrained_charges": null, "stage_1_restrained_charges": null, "stage_2_unrestrained_charges": null, "stage_2_restrained_charges": null, "keep_original_orientation": false, "reorientations": [], "translations": [], "rotations": []}], "unconstrained_atoms": [{"index": 0, "molecule": {"qcmol": {"schema_name": "qcschema_molecule", "schema_version": 2, "validated": true, "symbols": ["C", "C", "C", "C", "O", "O", "C", "H", "H", "H", "H", "H", "H", "H", "H", "H", "H"], "geometry": [[0.0, -0.0, 0.0], [2.886604926410534, -1.3369907420742797e-16, 4.781669064643044e-16], [3.9727859252775, 2.6911592887111286, 4.440892098500626e-16], [6.821669845173736, 2.7016519230312177, 0.0710537067616055], [8.066441640714336, 3.345400823733355, 1.8273654516711708], [7.8110892038562785, 1.8672902772429099, -2.077825190913884], [10.480506336905673, 1.7458727268569192, -2.218912623920898], [-0.7315143646516782, -1.9156232473038568, 0.003306934301742559], [-0.7432188571685407, 0.957785363807248, 1.6556588252667865], [-0.7408907068385919, 0.9509013456345214, -1.661239221651587], [3.5821664825515223, -1.0105157293661935, -1.6420202214416402], [3.573037466352083, -1.0037816623616644, 1.6549099808472219], [3.31972705949424, 3.7307329692853584, 1.635998553042794], [3.3611358401076195, 3.68169370837622, -1.6888111495322913], [11.218374353968047, 0.4877857788434473, -0.7899738026240714], [10.909240035656019, 1.0316686776371176, -4.079738003458763], [11.296672309181892, 3.6003203202666834, -1.9667681818123834]], "name": "C5H10O2", "identifiers": {"molecule_hash": "c341809c51d0079a12113413d11c6bc35c027631", "molecular_formula": "C5H10O2"}, "molecular_charge": 0.0, "molecular_multiplicity": 1, "connectivity": [[0, 1, 1.0], [0, 7, 1.0], [0, 8, 1.0], [0, 9, 1.0], [1, 2, 1.0], [1, 10, 1.0], [1, 11, 1.0], [2, 3, 1.0], [2, 12, 1.0], [2, 13, 1.0], [3, 4, 2.0], [3, 5, 1.0], [5, 6, 1.0], [6, 14, 1.0], [6, 15, 1.0], [6, 16, 1.0]], "fix_com": true, "fix_orientation": true, "provenance": {"creator": "QCElemental", "version": "v0.22.0", "routine": "qcelemental.molparse.from_schema"}, "id": "120624"}, "charge": 0, "optimize_geometry": false, "conformers": [], "conformer_generation_options": {"n_conformer_pool": 4000, "n_max_conformers": 0, "rms_tolerance": 0.05, "energy_window": 15, "keep_original_conformer": true}, "stage_1_unrestrained_charges": null, "stage_1_restrained_charges": null, "stage_2_unrestrained_charges": null, "stage_2_restrained_charges": null, "keep_original_orientation": false, "reorientations": [], "translations": [], "rotations": []}}, {"index": 1, "molecule": {"qcmol": {"schema_name": "qcschema_molecule", "schema_version": 2, "validated": true, "symbols": ["C", "C", "C", "C", "O", "O", "C", "H", "H", "H", "H", "H", "H", "H", "H", "H", "H"], "geometry": [[0.0, -0.0, 0.0], [2.886604926410534, -1.3369907420742797e-16, 4.781669064643044e-16], [3.9727859252775, 2.6911592887111286, 4.440892098500626e-16], [6.821669845173736, 2.7016519230312177, 0.0710537067616055], [8.066441640714336, 3.345400823733355, 1.8273654516711708], [7.8110892038562785, 1.8672902772429099, -2.077825190913884], [10.480506336905673, 1.7458727268569192, -2.218912623920898], [-0.7315143646516782, -1.9156232473038568, 0.003306934301742559], [-0.7432188571685407, 0.957785363807248, 1.6556588252667865], [-0.7408907068385919, 0.9509013456345214, -1.661239221651587], [3.5821664825515223, -1.0105157293661935, -1.6420202214416402], [3.573037466352083, -1.0037816623616644, 1.6549099808472219], [3.31972705949424, 3.7307329692853584, 1.635998553042794], [3.3611358401076195, 3.68169370837622, -1.6888111495322913], [11.218374353968047, 0.4877857788434473, -0.7899738026240714], [10.909240035656019, 1.0316686776371176, -4.079738003458763], [11.296672309181892, 3.6003203202666834, -1.9667681818123834]], "name": "C5H10O2", "identifiers": {"molecule_hash": "c341809c51d0079a12113413d11c6bc35c027631", "molecular_formula": "C5H10O2"}, "molecular_charge": 0.0, "molecular_multiplicity": 1, "connectivity": [[0, 1, 1.0], [0, 7, 1.0], [0, 8, 1.0], [0, 9, 1.0], [1, 2, 1.0], [1, 10, 1.0], [1, 11, 1.0], [2, 3, 1.0], [2, 12, 1.0], [2, 13, 1.0], [3, 4, 2.0], [3, 5, 1.0], [5, 6, 1.0], [6, 14, 1.0], [6, 15, 1.0], [6, 16, 1.0]], "fix_com": true, "fix_orientation": true, "provenance": {"creator": "QCElemental", "version": "v0.22.0", "routine": "qcelemental.molparse.from_schema"}, "id": "120624"}, "charge": 0, "optimize_geometry": false, "conformers": [], "conformer_generation_options": {"n_conformer_pool": 4000, "n_max_conformers": 0, "rms_tolerance": 0.05, "energy_window": 15, "keep_original_conformer": true}, "stage_1_unrestrained_charges": null, "stage_1_restrained_charges": null, "stage_2_unrestrained_charges": null, "stage_2_restrained_charges": null, "keep_original_orientation": false, "reorientations": [], "translations": [], "rotations": []}}, {"index": 2, "molecule": {"qcmol": {"schema_name": "qcschema_molecule", "schema_version": 2, "validated": true, "symbols": ["C", "C", "C", "C", "O", "O", "C", "H", "H", "H", "H", "H", "H", "H", "H", "H", "H"], "geometry": [[0.0, -0.0, 0.0], [2.886604926410534, -1.3369907420742797e-16, 4.781669064643044e-16], [3.9727859252775, 2.6911592887111286, 4.440892098500626e-16], [6.821669845173736, 2.7016519230312177, 0.0710537067616055], [8.066441640714336, 3.345400823733355, 1.8273654516711708], [7.8110892038562785, 1.8672902772429099, -2.077825190913884], [10.480506336905673, 1.7458727268569192, -2.218912623920898], [-0.7315143646516782, -1.9156232473038568, 0.003306934301742559], [-0.7432188571685407, 0.957785363807248, 1.6556588252667865], [-0.7408907068385919, 0.9509013456345214, -1.661239221651587], [3.5821664825515223, -1.0105157293661935, -1.6420202214416402], [3.573037466352083, -1.0037816623616644, 1.6549099808472219], [3.31972705949424, 3.7307329692853584, 1.635998553042794], [3.3611358401076195, 3.68169370837622, -1.6888111495322913], [11.218374353968047, 0.4877857788434473, -0.7899738026240714], [10.909240035656019, 1.0316686776371176, -4.079738003458763], [11.296672309181892, 3.6003203202666834, -1.9667681818123834]], "name": "C5H10O2", "identifiers": {"molecule_hash": "c341809c51d0079a12113413d11c6bc35c027631", "molecular_formula": "C5H10O2"}, "molecular_charge": 0.0, "molecular_multiplicity": 1, "connectivity": [[0, 1, 1.0], [0, 7, 1.0], [0, 8, 1.0], [0, 9, 1.0], [1, 2, 1.0], [1, 10, 1.0], [1, 11, 1.0], [2, 3, 1.0], [2, 12, 1.0], [2, 13, 1.0], [3, 4, 2.0], [3, 5, 1.0], [5, 6, 1.0], [6, 14, 1.0], [6, 15, 1.0], [6, 16, 1.0]], "fix_com": true, "fix_orientation": true, "provenance": {"creator": "QCElemental", "version": "v0.22.0", "routine": "qcelemental.molparse.from_schema"}, "id": "120624"}, "charge": 0, "optimize_geometry": false, "conformers": [], "conformer_generation_options": {"n_conformer_pool": 4000, "n_max_conformers": 0, "rms_tolerance": 0.05, "energy_window": 15, "keep_original_conformer": true}, "stage_1_unrestrained_charges": null, "stage_1_restrained_charges": null, "stage_2_unrestrained_charges": null, "stage_2_restrained_charges": null, "keep_original_orientation": false, "reorientations": [], "translations": [], "rotations": []}}, {"index": 6, "molecule": {"qcmol": {"schema_name": "qcschema_molecule", "schema_version": 2, "validated": true, "symbols": ["C", "C", "C", "C", "O", "O", "C", "H", "H", "H", "H", "H", "H", "H", "H", "H", "H"], "geometry": [[0.0, -0.0, 0.0], [2.886604926410534, -1.3369907420742797e-16, 4.781669064643044e-16], [3.9727859252775, 2.6911592887111286, 4.440892098500626e-16], [6.821669845173736, 2.7016519230312177, 0.0710537067616055], [8.066441640714336, 3.345400823733355, 1.8273654516711708], [7.8110892038562785, 1.8672902772429099, -2.077825190913884], [10.480506336905673, 1.7458727268569192, -2.218912623920898], [-0.7315143646516782, -1.9156232473038568, 0.003306934301742559], [-0.7432188571685407, 0.957785363807248, 1.6556588252667865], [-0.7408907068385919, 0.9509013456345214, -1.661239221651587], [3.5821664825515223, -1.0105157293661935, -1.6420202214416402], [3.573037466352083, -1.0037816623616644, 1.6549099808472219], [3.31972705949424, 3.7307329692853584, 1.635998553042794], [3.3611358401076195, 3.68169370837622, -1.6888111495322913], [11.218374353968047, 0.4877857788434473, -0.7899738026240714], [10.909240035656019, 1.0316686776371176, -4.079738003458763], [11.296672309181892, 3.6003203202666834, -1.9667681818123834]], "name": "C5H10O2", "identifiers": {"molecule_hash": "c341809c51d0079a12113413d11c6bc35c027631", "molecular_formula": "C5H10O2"}, "molecular_charge": 0.0, "molecular_multiplicity": 1, "connectivity": [[0, 1, 1.0], [0, 7, 1.0], [0, 8, 1.0], [0, 9, 1.0], [1, 2, 1.0], [1, 10, 1.0], [1, 11, 1.0], [2, 3, 1.0], [2, 12, 1.0], [2, 13, 1.0], [3, 4, 2.0], [3, 5, 1.0], [5, 6, 1.0], [6, 14, 1.0], [6, 15, 1.0], [6, 16, 1.0]], "fix_com": true, "fix_orientation": true, "provenance": {"creator": "QCElemental", "version": "v0.22.0", "routine": "qcelemental.molparse.from_schema"}, "id": "120624"}, "charge": 0, "optimize_geometry": false, "conformers": [], "conformer_generation_options": {"n_conformer_pool": 4000, "n_max_conformers": 0, "rms_tolerance": 0.05, "energy_window": 15, "keep_original_conformer": true}, "stage_1_unrestrained_charges": null, "stage_1_restrained_charges": null, "stage_2_unrestrained_charges": null, "stage_2_restrained_charges": null, "keep_original_orientation": false, "reorientations": [], "translations": [], "rotations": []}}]}, "surface_constraints": {"matrix": [[1883.2793819101548, 1825.60391381065, 1753.1936551340455, 1671.42671285974, 1620.8891475545963, 1623.3670127171351, 1491.6172871467902, 1889.2356919915037, 1888.573365001891, 1889.9019009385142, 1817.9586853154276, 1817.104716072989, 1747.3598002754777, 1740.1204916670472, 1458.754914564319, 1475.7580182391766, 1429.7762409450972], [1825.60391381065, 1874.8182859844505, 1823.6602834342643, 1756.7900878082776, 1708.0072509801994, 1713.8908465480952, 1578.1829647765278, 1804.6951382405996, 1803.3670936419749, 1805.0036868681286, 1899.3105087121917, 1899.4572915344274, 1814.5738051578971, 1815.027473270887, 1551.705094039697, 1553.4637421962939, 1513.9344783529743], [1753.1936551340455, 1823.6602834342643, 1875.957768388685, 1829.979927066178, 1788.4041855304154, 1784.0369271442923, 1652.3732051348088, 1714.7933924638978, 1738.0523934097314, 1732.1536851515125, 1818.633639456266, 1819.0985316281278, 1899.521488032777, 1899.2316422019003, 1613.6392157272962, 1619.4854181671406, 1609.6685178265259], [1671.42671285974, 1756.7900878082776, 1829.979927066178, 1875.849560945391, 1876.3690593507445, 1849.8703305502975, 1770.3783085271607, 1644.2594890257876, 1655.4091654249287, 1633.2859318864646, 1756.4497542408449, 1750.077811377735, 1827.454534612405, 1827.0197731747426, 1741.3802448601266, 1749.879187007774, 1738.7278276497198], [1620.8891475545963, 1708.0072509801994, 1788.4041855304154, 1876.3690593507445, 1954.4418718974734, 1805.5725877883997, 1764.1153576892048, 1598.8185106506403, 1613.0483436026113, 1569.9566407566085, 1700.366710331238, 1707.3182252441552, 1779.5796328562596, 1768.9165765241305, 1740.491490469574, 1755.5384880320566, 1743.9712427397635], [1623.3670127171351, 1713.8908465480952, 1784.0369271442923, 1849.8703305502975, 1805.5725877883997, 1910.4064465126226, 1844.9464039308145, 1600.4568392639062, 1597.0198173720057, 1588.7820022135543, 1732.6371037531053, 1696.7747524503918, 1768.1530588175285, 1779.4201994177054, 1823.2020207580413, 1824.2481394737952, 1812.7625132142548], [1491.6172871467902, 1578.1829647765278, 1652.3732051348088, 1770.3783085271607, 1764.1153576892048, 1844.9464039308145, 1876.8889250336913, 1477.0497307681915, 1469.5579710929944, 1451.4859915279224, 1592.55925059836, 1561.8477737454307, 1624.1891067011782, 1632.0931324974176, 1878.885310772444, 1881.1529586992679, 1869.4042633653294], [1889.2356919915037, 1804.6951382405996, 1714.7933924638978, 1644.2594890257876, 1598.8185106506403, 1600.4568392639062, 1477.0497307681915, 1976.7554249930772, 1866.0485336173836, 1866.0328359357306, 1790.6622409476004, 1797.5050195213148, 1703.9595413391871, 1686.7277875653006, 1448.418260030408, 1462.9369066271113, 1414.7195561566361], [1888.573365001891, 1803.3670936419749, 1738.0523934097314, 1655.4091654249287, 1613.0483436026113, 1597.0198173720057, 1469.5579710929944, 1866.0485336173836, 1976.9166181451485, 1865.2870983991816, 1790.1183401251767, 1774.192273134161, 1743.6853467426945, 1719.357930882954, 1431.873864059587, 1459.32339772429, 1410.3327614445263], [1889.9019009385142, 1805.0036868681286, 1732.1536851515125, 1633.2859318864646, 1569.9566407566085, 1588.7820022135543, 1451.4859915279224, 1866.0328359357306, 1865.2870983991816, 1979.6550814684028, 1783.6034060890813, 1789.2559550078297, 1722.1280938739314, 1737.0311016252663, 1415.3133577331268, 1436.1263660520178, 1390.0385908569492], [1817.9586853154276, 1899.3105087121917, 1818.633639456266, 1756.4497542408449, 1700.366710331238, 1732.6371037531053, 1592.55925059836, 1790.6622409476004, 1790.1183401251767, 1783.6034060890813, 2003.7835981907267, 1894.040350640508, 1788.0901795552954, 1804.1888700880695, 1565.4078490174973, 1571.4333148619103, 1521.9748965965252], [1817.104716072989, 1899.4572915344274, 1819.0985316281278, 1750.077811377735, 1707.3182252441552, 1696.7747524503918, 1561.8477737454307, 1797.5050195213148, 1774.192273134161, 1789.2559550078297, 1894.040350640508, 2004.2170369264188, 1802.7755102034575, 1794.8593748896672, 1550.4307239588022, 1532.1030782461398, 1488.17000415509], [1747.3598002754777, 1814.5738051578971, 1899.521488032777, 1827.454534612405, 1779.5796328562596, 1768.1530588175285, 1624.1891067011782, 1703.9595413391871, 1743.6853467426945, 1722.1280938739314, 1788.0901795552954, 1802.7755102034575, 2002.456302339532, 1892.2537367375, 1580.3832602898137, 1583.9044851484518, 1586.5343881939511], [1740.1204916670472, 1815.027473270887, 1899.2316422019003, 1827.0197731747426, 1768.9165765241305, 1779.4201994177054, 1632.0931324974176, 1686.7277875653006, 1719.357930882954, 1737.0311016252663, 1804.1888700880695, 1794.8593748896672, 1892.2537367375, 2001.7997434786578, 1582.0624478263535, 1592.0478573344146, 1598.028982196257], [1458.754914564319, 1551.705094039697, 1613.6392157272962, 1741.3802448601266, 1740.491490469574, 1823.2020207580413, 1878.885310772444, 1448.418260030408, 1431.873864059587, 1415.3133577331268, 1565.4078490174973, 1550.4307239588022, 1580.3832602898137, 1582.0624478263535, 1963.9915188382274, 1851.4085729173266, 1840.3550157753825], [1475.7580182391766, 1553.4637421962939, 1619.4854181671406, 1749.879187007774, 1755.5384880320566, 1824.2481394737952, 1881.1529586992679, 1462.9369066271113, 1459.32339772429, 1436.1263660520178, 1571.4333148619103, 1532.1030782461398, 1583.9044851484518, 1592.0478573344146, 1851.4085729173266, 1968.8557194066111, 1843.396920055392], [1429.7762409450972, 1513.9344783529743, 1609.6685178265259, 1738.7278276497198, 1743.9712427397635, 1812.7625132142548, 1869.4042633653294, 1414.7195561566361, 1410.3327614445263, 1390.0385908569492, 1521.9748965965252, 1488.17000415509, 1586.5343881939511, 1598.028982196257, 1840.3550157753825, 1843.396920055392, 1944.724655505627], [0.45050906203483965, -3.5876261068964195, -9.311160111525641, -26.38101420063374, -55.566940813694444, -9.152220604590116, -6.361860787682537, -0.8077595502819311, -1.5690446703909733, 6.953324143050212, -3.0335535023572615, -4.768370934996739, -6.415411255479178, -2.8557996560369956, -3.2216404362208917, -6.0556794484498875, -6.115506334769569]]}}