{"resp_b": 0.1, "restrained_fit": true, "exclude_hydrogens": true, "convergence_tolerance": 1e-06, "max_iter": 500, "resp_a": 0.0005, "charge_constraints": {"charge_sum_constraints": [], "charge_equivalence_constraints": [], "molecules": [{"qcmol": {"schema_name": "qcschema_molecule", "schema_version": 2, "validated": true, "symbols": ["C", "C", "C", "C", "O", "O", "C", "H", "H", "H", "H", "H", "H", "H", "H", "H", "H"], "geometry": [[0.0, -0.0, 0.0], [2.886604926410534, -1.3369907420742797e-16, 4.781669064643044e-16], [3.9727859252775, 2.6911592887111286, 4.440892098500626e-16], [6.821669845173736, 2.7016519230312177, 0.0710537067616055], [8.066441640714336, 3.345400823733355, 1.8273654516711708], [7.8110892038562785, 1.8672902772429099, -2.077825190913884], [10.480506336905673, 1.7458727268569192, -2.218912623920898], [-0.7315143646516782, -1.9156232473038568, 0.003306934301742559], [-0.7432188571685407, 0.957785363807248, 1.6556588252667865], [-0.7408907068385919, 0.9509013456345214, -1.661239221651587], [3.5821664825515223, -1.0105157293661935, -1.6420202214416402], [3.573037466352083, -1.0037816623616644, 1.6549099808472219], [3.31972705949424, 3.7307329692853584, 1.635998553042794], [3.3611358401076195, 3.68169370837622, -1.6888111495322913], [11.218374353968047, 0.4877857788434473, -0.7899738026240714], [10.909240035656019, 1.0316686776371176, -4.079738003458763], [11.296672309181892, 3.6003203202666834, -1.9667681818123834]], "name": "C5H10O2", "identifiers": {"molecule_hash": "c341809c51d0079a12113413d11c6bc35c027631", "molecular_formula": "C5H10O2"}, "molecular_charge": 0.0, "molecular_multiplicity": 1, "connectivity": [[0, 1, 1.0], [0, 7, 1.0], [0, 8, 1.0], [0, 9, 1.0], [1, 2, 1.0], [1, 10, 1.0], [1, 11, 1.0], [2, 3, 1.0], [2, 12, 1.0], [2, 13, 1.0], [3, 4, 2.0], [3, 5, 1.0], [5, 6, 1.0], [6, 14, 1.0], [6, 15, 1.0], [6, 16, 1.0]], "fix_com": true, "fix_orientation": true, "provenance": {"creator": "QCElemental", "version": "v0.22.0", "routine": "qcelemental.molparse.from_schema"}, "id": "120624"}, "charge": 0, "optimize_geometry": false, "conformers": [], "conformer_generation_options": {"n_conformer_pool": 4000, "n_max_conformers": 0, "rms_tolerance": 0.05, "energy_window": 15, "keep_original_conformer": true}, "stage_1_unrestrained_charges": null, "stage_1_restrained_charges": null, "stage_2_unrestrained_charges": null, "stage_2_restrained_charges": null, "keep_original_orientation": false, "reorientations": [], "translations": [], "rotations": []}], "unconstrained_atoms": [{"index": 0, "molecule": {"qcmol": {"schema_name": "qcschema_molecule", "schema_version": 2, "validated": true, "symbols": ["C", "C", "C", "C", "O", "O", "C", "H", "H", "H", "H", "H", "H", "H", "H", "H", "H"], "geometry": [[0.0, -0.0, 0.0], [2.886604926410534, -1.3369907420742797e-16, 4.781669064643044e-16], [3.9727859252775, 2.6911592887111286, 4.440892098500626e-16], [6.821669845173736, 2.7016519230312177, 0.0710537067616055], [8.066441640714336, 3.345400823733355, 1.8273654516711708], [7.8110892038562785, 1.8672902772429099, -2.077825190913884], [10.480506336905673, 1.7458727268569192, -2.218912623920898], [-0.7315143646516782, -1.9156232473038568, 0.003306934301742559], [-0.7432188571685407, 0.957785363807248, 1.6556588252667865], [-0.7408907068385919, 0.9509013456345214, -1.661239221651587], [3.5821664825515223, -1.0105157293661935, -1.6420202214416402], [3.573037466352083, -1.0037816623616644, 1.6549099808472219], [3.31972705949424, 3.7307329692853584, 1.635998553042794], [3.3611358401076195, 3.68169370837622, -1.6888111495322913], [11.218374353968047, 0.4877857788434473, -0.7899738026240714], [10.909240035656019, 1.0316686776371176, -4.079738003458763], [11.296672309181892, 3.6003203202666834, -1.9667681818123834]], "name": "C5H10O2", "identifiers": {"molecule_hash": "c341809c51d0079a12113413d11c6bc35c027631", "molecular_formula": "C5H10O2"}, "molecular_charge": 0.0, "molecular_multiplicity": 1, "connectivity": [[0, 1, 1.0], [0, 7, 1.0], [0, 8, 1.0], [0, 9, 1.0], [1, 2, 1.0], [1, 10, 1.0], [1, 11, 1.0], [2, 3, 1.0], [2, 12, 1.0], [2, 13, 1.0], [3, 4, 2.0], [3, 5, 1.0], [5, 6, 1.0], [6, 14, 1.0], [6, 15, 1.0], [6, 16, 1.0]], "fix_com": true, "fix_orientation": true, "provenance": {"creator": "QCElemental", "version": "v0.22.0", "routine": "qcelemental.molparse.from_schema"}, "id": "120624"}, "charge": 0, "optimize_geometry": false, "conformers": [], "conformer_generation_options": {"n_conformer_pool": 4000, "n_max_conformers": 0, "rms_tolerance": 0.05, "energy_window": 15, "keep_original_conformer": true}, "stage_1_unrestrained_charges": null, "stage_1_restrained_charges": null, "stage_2_unrestrained_charges": null, "stage_2_restrained_charges": null, "keep_original_orientation": false, "reorientations": [], "translations": [], "rotations": []}}, {"index": 1, "molecule": {"qcmol": {"schema_name": "qcschema_molecule", "schema_version": 2, "validated": true, "symbols": ["C", "C", "C", "C", "O", "O", "C", "H", "H", "H", "H", "H", "H", "H", "H", "H", "H"], "geometry": [[0.0, -0.0, 0.0], [2.886604926410534, -1.3369907420742797e-16, 4.781669064643044e-16], [3.9727859252775, 2.6911592887111286, 4.440892098500626e-16], [6.821669845173736, 2.7016519230312177, 0.0710537067616055], [8.066441640714336, 3.345400823733355, 1.8273654516711708], [7.8110892038562785, 1.8672902772429099, -2.077825190913884], [10.480506336905673, 1.7458727268569192, -2.218912623920898], [-0.7315143646516782, -1.9156232473038568, 0.003306934301742559], [-0.7432188571685407, 0.957785363807248, 1.6556588252667865], [-0.7408907068385919, 0.9509013456345214, -1.661239221651587], [3.5821664825515223, -1.0105157293661935, -1.6420202214416402], [3.573037466352083, -1.0037816623616644, 1.6549099808472219], [3.31972705949424, 3.7307329692853584, 1.635998553042794], [3.3611358401076195, 3.68169370837622, -1.6888111495322913], [11.218374353968047, 0.4877857788434473, -0.7899738026240714], [10.909240035656019, 1.0316686776371176, -4.079738003458763], [11.296672309181892, 3.6003203202666834, -1.9667681818123834]], "name": "C5H10O2", "identifiers": {"molecule_hash": "c341809c51d0079a12113413d11c6bc35c027631", "molecular_formula": "C5H10O2"}, "molecular_charge": 0.0, "molecular_multiplicity": 1, "connectivity": [[0, 1, 1.0], [0, 7, 1.0], [0, 8, 1.0], [0, 9, 1.0], [1, 2, 1.0], [1, 10, 1.0], [1, 11, 1.0], [2, 3, 1.0], [2, 12, 1.0], [2, 13, 1.0], [3, 4, 2.0], [3, 5, 1.0], [5, 6, 1.0], [6, 14, 1.0], [6, 15, 1.0], [6, 16, 1.0]], "fix_com": true, "fix_orientation": true, "provenance": {"creator": "QCElemental", "version": "v0.22.0", "routine": "qcelemental.molparse.from_schema"}, "id": "120624"}, "charge": 0, "optimize_geometry": false, "conformers": [], "conformer_generation_options": {"n_conformer_pool": 4000, "n_max_conformers": 0, "rms_tolerance": 0.05, "energy_window": 15, "keep_original_conformer": true}, "stage_1_unrestrained_charges": null, "stage_1_restrained_charges": null, "stage_2_unrestrained_charges": null, "stage_2_restrained_charges": null, "keep_original_orientation": false, "reorientations": [], "translations": [], "rotations": []}}, {"index": 2, "molecule": {"qcmol": {"schema_name": "qcschema_molecule", "schema_version": 2, "validated": true, "symbols": ["C", "C", "C", "C", "O", "O", "C", "H", "H", "H", "H", "H", "H", "H", "H", "H", "H"], "geometry": [[0.0, -0.0, 0.0], [2.886604926410534, -1.3369907420742797e-16, 4.781669064643044e-16], [3.9727859252775, 2.6911592887111286, 4.440892098500626e-16], [6.821669845173736, 2.7016519230312177, 0.0710537067616055], [8.066441640714336, 3.345400823733355, 1.8273654516711708], [7.8110892038562785, 1.8672902772429099, -2.077825190913884], [10.480506336905673, 1.7458727268569192, -2.218912623920898], [-0.7315143646516782, -1.9156232473038568, 0.003306934301742559], [-0.7432188571685407, 0.957785363807248, 1.6556588252667865], [-0.7408907068385919, 0.9509013456345214, -1.661239221651587], [3.5821664825515223, -1.0105157293661935, -1.6420202214416402], [3.573037466352083, -1.0037816623616644, 1.6549099808472219], [3.31972705949424, 3.7307329692853584, 1.635998553042794], [3.3611358401076195, 3.68169370837622, -1.6888111495322913], [11.218374353968047, 0.4877857788434473, -0.7899738026240714], [10.909240035656019, 1.0316686776371176, -4.079738003458763], [11.296672309181892, 3.6003203202666834, -1.9667681818123834]], "name": "C5H10O2", "identifiers": {"molecule_hash": "c341809c51d0079a12113413d11c6bc35c027631", "molecular_formula": "C5H10O2"}, "molecular_charge": 0.0, "molecular_multiplicity": 1, "connectivity": [[0, 1, 1.0], [0, 7, 1.0], [0, 8, 1.0], [0, 9, 1.0], [1, 2, 1.0], [1, 10, 1.0], [1, 11, 1.0], [2, 3, 1.0], [2, 12, 1.0], [2, 13, 1.0], [3, 4, 2.0], [3, 5, 1.0], [5, 6, 1.0], [6, 14, 1.0], [6, 15, 1.0], [6, 16, 1.0]], "fix_com": true, "fix_orientation": true, "provenance": {"creator": "QCElemental", "version": "v0.22.0", "routine": "qcelemental.molparse.from_schema"}, "id": "120624"}, "charge": 0, "optimize_geometry": false, "conformers": [], "conformer_generation_options": {"n_conformer_pool": 4000, "n_max_conformers": 0, "rms_tolerance": 0.05, "energy_window": 15, "keep_original_conformer": true}, "stage_1_unrestrained_charges": null, "stage_1_restrained_charges": null, "stage_2_unrestrained_charges": null, "stage_2_restrained_charges": null, "keep_original_orientation": false, "reorientations": [], "translations": [], "rotations": []}}, {"index": 6, "molecule": {"qcmol": {"schema_name": "qcschema_molecule", "schema_version": 2, "validated": true, "symbols": ["C", "C", "C", "C", "O", "O", "C", "H", "H", "H", "H", "H", "H", "H", "H", "H", "H"], "geometry": [[0.0, -0.0, 0.0], [2.886604926410534, -1.3369907420742797e-16, 4.781669064643044e-16], [3.9727859252775, 2.6911592887111286, 4.440892098500626e-16], [6.821669845173736, 2.7016519230312177, 0.0710537067616055], [8.066441640714336, 3.345400823733355, 1.8273654516711708], [7.8110892038562785, 1.8672902772429099, -2.077825190913884], [10.480506336905673, 1.7458727268569192, -2.218912623920898], [-0.7315143646516782, -1.9156232473038568, 0.003306934301742559], [-0.7432188571685407, 0.957785363807248, 1.6556588252667865], [-0.7408907068385919, 0.9509013456345214, -1.661239221651587], [3.5821664825515223, -1.0105157293661935, -1.6420202214416402], [3.573037466352083, -1.0037816623616644, 1.6549099808472219], [3.31972705949424, 3.7307329692853584, 1.635998553042794], [3.3611358401076195, 3.68169370837622, -1.6888111495322913], [11.218374353968047, 0.4877857788434473, -0.7899738026240714], [10.909240035656019, 1.0316686776371176, -4.079738003458763], [11.296672309181892, 3.6003203202666834, -1.9667681818123834]], "name": "C5H10O2", "identifiers": {"molecule_hash": "c341809c51d0079a12113413d11c6bc35c027631", "molecular_formula": "C5H10O2"}, "molecular_charge": 0.0, "molecular_multiplicity": 1, "connectivity": [[0, 1, 1.0], [0, 7, 1.0], [0, 8, 1.0], [0, 9, 1.0], [1, 2, 1.0], [1, 10, 1.0], [1, 11, 1.0], [2, 3, 1.0], [2, 12, 1.0], [2, 13, 1.0], [3, 4, 2.0], [3, 5, 1.0], [5, 6, 1.0], [6, 14, 1.0], [6, 15, 1.0], [6, 16, 1.0]], "fix_com": true, "fix_orientation": true, "provenance": {"creator": "QCElemental", "version": "v0.22.0", "routine": "qcelemental.molparse.from_schema"}, "id": "120624"}, "charge": 0, "optimize_geometry": false, "conformers": [], "conformer_generation_options": {"n_conformer_pool": 4000, "n_max_conformers": 0, "rms_tolerance": 0.05, "energy_window": 15, "keep_original_conformer": true}, "stage_1_unrestrained_charges": null, "stage_1_restrained_charges": null, "stage_2_unrestrained_charges": null, "stage_2_restrained_charges": null, "keep_original_orientation": false, "reorientations": [], "translations": [], "rotations": []}}]}, "surface_constraints": {"matrix": [[623472792170154.2, 606008270336747.5, 584282038657287.2, 558243518862193.2, 543332571637345.2, 543836242273189.2, 503884678572718.6, 626394843863046.4, 626641048723254.4, 626695008256673.0, 604436532500392.6, 604301526826699.8, 583815508557506.5, 581704313566812.8, 494411368620775.56, 499695884622160.7, 485429248304795.44], [606008270336747.5, 620815717584092.5, 605763292121554.9, 584293621760287.9, 570127299615091.5, 571672472712154.9, 531153665783606.3, 600433882193446.9, 600465443994311.1, 600734908894733.6, 629119477489852.0, 629405907977579.4, 604504609176356.5, 604823280752966.2, 523909663548794.4, 524316018699362.25, 512334408188854.1], [584282038657287.2, 605763292121554.9, 621799610982830.9, 606455870220027.2, 594844360889912.0, 593074469838477.4, 554451145169794.1, 572972628083412.6, 580723263938265.8, 578698674172620.5, 604924148459941.8, 605300300162074.4, 630799761508191.9, 630939918518297.0, 543430585695865.0, 545092201337103.4, 543056881181521.7], [558243518862193.2, 584293621760287.9, 606455870220027.2, 618692178650115.6, 620232389424891.2, 611675822788559.8, 590123927429722.2, 550286072858799.5, 554196584303149.8, 547187869250667.75, 584926186406474.2, 583112315914065.8, 607420934157842.9, 607498457191863.4, 582644238499701.8, 585065493880798.9, 582791893112418.0], [543332571637345.2, 570127299615091.5, 594844360889912.0, 620232389424891.2, 644880201345230.6, 599736463426816.6, 589602136262887.5, 536885298902757.8, 541812319960320.06, 528024600507301.1, 568327521248792.0, 570752867058877.5, 593751027069315.1, 590622130573821.6, 583675787404529.0, 588179688465664.0, 585764176372386.8], [543836242273189.2, 571672472712154.9, 593074469838477.4, 611675822788559.8, 599736463426816.6, 630274884053684.2, 613451286540011.1, 537097629537726.6, 536336790782120.44, 533840799530777.75, 578292501574719.1, 567129549741698.8, 589731107852363.6, 593442386584342.4, 608520768373219.8, 608665939060746.2, 606287755767559.4], [503884678572718.6, 531153665783606.3, 554451145169794.1, 590123927429722.2, 589602136262887.5, 613451286540011.1, 625410973886026.5, 499601583387030.06, 497455357481736.0, 491721561454022.75, 536419728848764.75, 526618280287540.44, 546815674764900.9, 549512111249061.1, 627764063288160.4, 628224849382441.2, 625827048489293.6], [626394843863046.4, 600433882193446.9, 572972628083412.6, 550286072858799.5, 536885298902757.8, 537097629537726.6, 499601583387030.06, 654799136437723.9, 620725791230569.5, 620373673591524.0, 596881524848600.1, 599096300573761.8, 570869288305160.6, 565450681213946.0, 491578726029874.6, 495966787363026.6, 480777276031982.25], [626641048723254.4, 600465443994311.1, 580723263938265.8, 554196584303149.8, 541812319960320.06, 536336790782120.44, 497455357481736.0, 620725791230569.5, 655892789569762.2, 620389120420857.0, 597061337575580.6, 592159050139120.5, 583877599841306.9, 576310161075888.9, 486254950639794.5, 495010321187903.1, 479815454410883.6], [626695008256673.0, 600734908894733.6, 578698674172620.5, 547187869250667.75, 528024600507301.1, 533840799530777.75, 491721561454022.75, 620373673591524.0, 620389120420857.0, 656035414482054.6, 594779698371620.4, 596691936521299.4, 576752627929236.6, 581781877209137.9, 481021974375618.75, 487589155336854.1, 473207768166730.1], [604436532500392.6, 629119477489852.0, 604924148459941.8, 584926186406474.2, 568327521248792.0, 578292501574719.1, 536419728848764.75, 596881524848600.1, 597061337575580.6, 594779698371620.4, 662572308130766.5, 628325403631709.1, 596846443774874.6, 602140126993081.2, 528956877012387.06, 530849147078117.25, 515489309054054.7], [604301526826699.8, 629405907977579.4, 605300300162074.4, 583112315914065.8, 570752867058877.5, 567129549741698.8, 526618280287540.44, 599096300573761.8, 592159050139120.5, 596691936521299.4, 628325403631709.1, 663300056411731.9, 601737332134199.2, 599355878791045.0, 524219081001339.3, 518109964094375.44, 504565542737132.7], [583815508557506.5, 604504609176356.5, 630799761508191.9, 607420934157842.9, 593751027069315.1, 589731107852363.6, 546815674764900.9, 570869288305160.6, 583877599841306.9, 576752627929236.6, 596846443774874.6, 601737332134199.2, 664944913347991.9, 630142663979210.8, 533891149524372.2, 534957596586986.4, 536934448292605.56], [581704313566812.8, 604823280752966.2, 630939918518297.0, 607498457191863.4, 590622130573821.6, 593442386584342.4, 549512111249061.1, 565450681213946.0, 576310161075888.9, 581781877209137.9, 602140126993081.2, 599355878791045.0, 630142663979210.8, 665295519664765.1, 534725102634681.7, 537602203046832.06, 540835851333044.7], [494411368620775.56, 523909663548794.4, 543430585695865.0, 582644238499701.8, 583675787404529.0, 608520768373219.8, 627764063288160.4, 491578726029874.6, 486254950639794.5, 481021974375618.75, 528956877012387.06, 524219081001339.3, 533891149524372.2, 534725102634681.7, 656164903654472.1, 620666988304087.6, 618291954684102.6], [499695884622160.7, 524316018699362.25, 545092201337103.4, 585065493880798.9, 588179688465664.0, 608665939060746.2, 628224849382441.2, 495966787363026.6, 495010321187903.1, 487589155336854.1, 530849147078117.25, 518109964094375.44, 534957596586986.4, 537602203046832.06, 620666988304087.6, 657244477650910.9, 618859484634165.5], [485429248304795.44, 512334408188854.1, 543056881181521.7, 582791893112418.0, 585764176372386.8, 606287755767559.4, 625827048489293.6, 480777276031982.25, 479815454410883.6, 473207768166730.1, 515489309054054.7, 504565542737132.7, 536934448292605.56, 540835851333044.7, 618291954684102.6, 618859484634165.5, 652450417569787.4], [430296764887.1761, -558483170708.3147, -2058186273282.0325, -6002324503372.409, -13054695304068.674, -1777975295717.375, -936782122197.011, 216627198459.16803, -20537572381.572823, 1963471523758.6697, -388748416978.52216, -810601057216.354, -1481657413496.1501, -572913067804.5464, -62030262215.55682, -742368716044.5176, -884627459915.7194]]}}