{"resp_b": 0.1, "restrained_fit": true, "exclude_hydrogens": true, "convergence_tolerance": 1e-06, "max_iter": 500, "resp_a": 0.0005, "charge_constraints": {"charge_sum_constraints": [], "charge_equivalence_constraints": [], "molecules": [{"qcmol": {"schema_name": "qcschema_molecule", "schema_version": 2, "validated": true, "symbols": ["C", "C", "C", "C", "C", "O", "O", "C", "H", "H", "H", "H", "H", "H", "H", "H", "H", "H", "H", "H"], "geometry": [[0.0, 0.0, 0.0], [2.8900176904246697, -7.441423262657219e-16, -7.662722083664776e-16], [4.0920255728359685, 2.636877069727225, 2.220446049250313e-16], [3.4208754175078884, 4.299550773737778, -2.287474521303695], [4.1256429865614574, 3.1008491852848596, -4.775993641234939], [2.6625301810387625, 2.4224507121502477, -6.341744997800619], [6.609553318293708, 2.862400796818046, -5.028544656201001], [7.4990572782769185, 1.7305266389592155, -7.28445018742086], [-0.7218356539351259, -1.9094432188886943, 0.19854588111328514], [-0.7572024329086383, 0.7638607907794509, -1.7440042682704948], [-0.7413277133076418, 1.1119356181015205, 1.5599067198013175], [3.5675630998919328, -1.0719763502421444, -1.6173204337894984], [3.5646308471048385, -0.998651457480741, 1.6632059076569186], [6.130891610744722, 2.4467990111151976, 0.09978485908568646], [3.511249284815019, 3.6436362938192186, 1.6934683976300993], [1.4193662586323257, 4.7030260509884245, -2.3547407491190766], [4.425555800585136, 6.080889226438595, -2.1345718221695154], [9.531876145744032, 1.7040466128534182, -7.131592539273593], [6.777604415321461, -0.17090416458203705, -7.466660193617976], [6.925208020080101, 2.824793113745137, -8.909840256933464]], "name": "C6H12O2", "identifiers": {"molecule_hash": "f01c1b7834876010f4016a89e8f432aba410ed1a", "molecular_formula": "C6H12O2"}, "molecular_charge": 0.0, "molecular_multiplicity": 1, "connectivity": [[0, 1, 1.0], [0, 8, 1.0], [0, 9, 1.0], [0, 10, 1.0], [1, 2, 1.0], [1, 11, 1.0], [1, 12, 1.0], [2, 3, 1.0], [2, 13, 1.0], [2, 14, 1.0], [3, 4, 1.0], [3, 15, 1.0], [3, 16, 1.0], [4, 5, 2.0], [4, 6, 1.0], [6, 7, 1.0], [7, 17, 1.0], [7, 18, 1.0], [7, 19, 1.0]], "fix_com": true, "fix_orientation": true, "provenance": {"creator": "QCElemental", "version": "v0.22.0", "routine": "qcelemental.molparse.from_schema"}, "id": "144128"}, "charge": 0, "optimize_geometry": false, "conformers": [], "conformer_generation_options": {"n_conformer_pool": 4000, "n_max_conformers": 0, "rms_tolerance": 0.05, "energy_window": 15, "keep_original_conformer": true}, "stage_1_unrestrained_charges": null, "stage_1_restrained_charges": null, "stage_2_unrestrained_charges": null, "stage_2_restrained_charges": null, "keep_original_orientation": false, "reorientations": [], "translations": [], "rotations": []}], "unconstrained_atoms": [{"index": 0, "molecule": {"qcmol": {"schema_name": "qcschema_molecule", "schema_version": 2, "validated": true, "symbols": ["C", "C", "C", "C", "C", "O", "O", "C", "H", "H", "H", "H", "H", "H", "H", "H", "H", "H", "H", "H"], "geometry": [[0.0, 0.0, 0.0], [2.8900176904246697, -7.441423262657219e-16, -7.662722083664776e-16], [4.0920255728359685, 2.636877069727225, 2.220446049250313e-16], [3.4208754175078884, 4.299550773737778, -2.287474521303695], [4.1256429865614574, 3.1008491852848596, -4.775993641234939], [2.6625301810387625, 2.4224507121502477, -6.341744997800619], [6.609553318293708, 2.862400796818046, -5.028544656201001], [7.4990572782769185, 1.7305266389592155, -7.28445018742086], [-0.7218356539351259, -1.9094432188886943, 0.19854588111328514], [-0.7572024329086383, 0.7638607907794509, -1.7440042682704948], [-0.7413277133076418, 1.1119356181015205, 1.5599067198013175], [3.5675630998919328, -1.0719763502421444, -1.6173204337894984], [3.5646308471048385, -0.998651457480741, 1.6632059076569186], [6.130891610744722, 2.4467990111151976, 0.09978485908568646], [3.511249284815019, 3.6436362938192186, 1.6934683976300993], [1.4193662586323257, 4.7030260509884245, -2.3547407491190766], [4.425555800585136, 6.080889226438595, -2.1345718221695154], [9.531876145744032, 1.7040466128534182, -7.131592539273593], [6.777604415321461, -0.17090416458203705, -7.466660193617976], [6.925208020080101, 2.824793113745137, -8.909840256933464]], "name": "C6H12O2", "identifiers": {"molecule_hash": "f01c1b7834876010f4016a89e8f432aba410ed1a", "molecular_formula": "C6H12O2"}, "molecular_charge": 0.0, "molecular_multiplicity": 1, "connectivity": [[0, 1, 1.0], [0, 8, 1.0], [0, 9, 1.0], [0, 10, 1.0], [1, 2, 1.0], [1, 11, 1.0], [1, 12, 1.0], [2, 3, 1.0], [2, 13, 1.0], [2, 14, 1.0], [3, 4, 1.0], [3, 15, 1.0], [3, 16, 1.0], [4, 5, 2.0], [4, 6, 1.0], [6, 7, 1.0], [7, 17, 1.0], [7, 18, 1.0], [7, 19, 1.0]], "fix_com": true, "fix_orientation": true, "provenance": {"creator": "QCElemental", "version": "v0.22.0", "routine": "qcelemental.molparse.from_schema"}, "id": "144128"}, "charge": 0, "optimize_geometry": false, "conformers": [], "conformer_generation_options": {"n_conformer_pool": 4000, "n_max_conformers": 0, "rms_tolerance": 0.05, "energy_window": 15, "keep_original_conformer": true}, "stage_1_unrestrained_charges": null, "stage_1_restrained_charges": null, "stage_2_unrestrained_charges": null, "stage_2_restrained_charges": null, "keep_original_orientation": false, "reorientations": [], "translations": [], "rotations": []}}, {"index": 1, "molecule": {"qcmol": {"schema_name": "qcschema_molecule", "schema_version": 2, "validated": true, "symbols": ["C", "C", "C", "C", "C", "O", "O", "C", "H", "H", "H", "H", "H", "H", "H", "H", "H", "H", "H", "H"], "geometry": [[0.0, 0.0, 0.0], [2.8900176904246697, -7.441423262657219e-16, -7.662722083664776e-16], [4.0920255728359685, 2.636877069727225, 2.220446049250313e-16], [3.4208754175078884, 4.299550773737778, -2.287474521303695], [4.1256429865614574, 3.1008491852848596, -4.775993641234939], [2.6625301810387625, 2.4224507121502477, -6.341744997800619], [6.609553318293708, 2.862400796818046, -5.028544656201001], [7.4990572782769185, 1.7305266389592155, -7.28445018742086], [-0.7218356539351259, -1.9094432188886943, 0.19854588111328514], [-0.7572024329086383, 0.7638607907794509, -1.7440042682704948], [-0.7413277133076418, 1.1119356181015205, 1.5599067198013175], [3.5675630998919328, -1.0719763502421444, -1.6173204337894984], [3.5646308471048385, -0.998651457480741, 1.6632059076569186], [6.130891610744722, 2.4467990111151976, 0.09978485908568646], [3.511249284815019, 3.6436362938192186, 1.6934683976300993], [1.4193662586323257, 4.7030260509884245, -2.3547407491190766], [4.425555800585136, 6.080889226438595, -2.1345718221695154], [9.531876145744032, 1.7040466128534182, -7.131592539273593], [6.777604415321461, -0.17090416458203705, -7.466660193617976], [6.925208020080101, 2.824793113745137, -8.909840256933464]], "name": "C6H12O2", "identifiers": {"molecule_hash": "f01c1b7834876010f4016a89e8f432aba410ed1a", "molecular_formula": "C6H12O2"}, "molecular_charge": 0.0, "molecular_multiplicity": 1, "connectivity": [[0, 1, 1.0], [0, 8, 1.0], [0, 9, 1.0], [0, 10, 1.0], [1, 2, 1.0], [1, 11, 1.0], [1, 12, 1.0], [2, 3, 1.0], [2, 13, 1.0], [2, 14, 1.0], [3, 4, 1.0], [3, 15, 1.0], [3, 16, 1.0], [4, 5, 2.0], [4, 6, 1.0], [6, 7, 1.0], [7, 17, 1.0], [7, 18, 1.0], [7, 19, 1.0]], "fix_com": true, "fix_orientation": true, "provenance": {"creator": "QCElemental", "version": "v0.22.0", "routine": "qcelemental.molparse.from_schema"}, "id": "144128"}, "charge": 0, "optimize_geometry": false, "conformers": [], "conformer_generation_options": {"n_conformer_pool": 4000, "n_max_conformers": 0, "rms_tolerance": 0.05, "energy_window": 15, "keep_original_conformer": true}, "stage_1_unrestrained_charges": null, "stage_1_restrained_charges": null, "stage_2_unrestrained_charges": null, "stage_2_restrained_charges": null, "keep_original_orientation": false, "reorientations": [], "translations": [], "rotations": []}}, {"index": 2, "molecule": {"qcmol": {"schema_name": "qcschema_molecule", "schema_version": 2, "validated": true, "symbols": ["C", "C", "C", "C", "C", "O", "O", "C", "H", "H", "H", "H", "H", "H", "H", "H", "H", "H", "H", "H"], "geometry": [[0.0, 0.0, 0.0], [2.8900176904246697, -7.441423262657219e-16, -7.662722083664776e-16], [4.0920255728359685, 2.636877069727225, 2.220446049250313e-16], [3.4208754175078884, 4.299550773737778, -2.287474521303695], [4.1256429865614574, 3.1008491852848596, -4.775993641234939], [2.6625301810387625, 2.4224507121502477, -6.341744997800619], [6.609553318293708, 2.862400796818046, -5.028544656201001], [7.4990572782769185, 1.7305266389592155, -7.28445018742086], [-0.7218356539351259, -1.9094432188886943, 0.19854588111328514], [-0.7572024329086383, 0.7638607907794509, -1.7440042682704948], [-0.7413277133076418, 1.1119356181015205, 1.5599067198013175], [3.5675630998919328, -1.0719763502421444, -1.6173204337894984], [3.5646308471048385, -0.998651457480741, 1.6632059076569186], [6.130891610744722, 2.4467990111151976, 0.09978485908568646], [3.511249284815019, 3.6436362938192186, 1.6934683976300993], [1.4193662586323257, 4.7030260509884245, -2.3547407491190766], [4.425555800585136, 6.080889226438595, -2.1345718221695154], [9.531876145744032, 1.7040466128534182, -7.131592539273593], [6.777604415321461, -0.17090416458203705, -7.466660193617976], [6.925208020080101, 2.824793113745137, -8.909840256933464]], "name": "C6H12O2", "identifiers": {"molecule_hash": "f01c1b7834876010f4016a89e8f432aba410ed1a", "molecular_formula": "C6H12O2"}, "molecular_charge": 0.0, "molecular_multiplicity": 1, "connectivity": [[0, 1, 1.0], [0, 8, 1.0], [0, 9, 1.0], [0, 10, 1.0], [1, 2, 1.0], [1, 11, 1.0], [1, 12, 1.0], [2, 3, 1.0], [2, 13, 1.0], [2, 14, 1.0], [3, 4, 1.0], [3, 15, 1.0], [3, 16, 1.0], [4, 5, 2.0], [4, 6, 1.0], [6, 7, 1.0], [7, 17, 1.0], [7, 18, 1.0], [7, 19, 1.0]], "fix_com": true, "fix_orientation": true, "provenance": {"creator": "QCElemental", "version": "v0.22.0", "routine": "qcelemental.molparse.from_schema"}, "id": "144128"}, "charge": 0, "optimize_geometry": false, "conformers": [], "conformer_generation_options": {"n_conformer_pool": 4000, "n_max_conformers": 0, "rms_tolerance": 0.05, "energy_window": 15, "keep_original_conformer": true}, "stage_1_unrestrained_charges": null, "stage_1_restrained_charges": null, "stage_2_unrestrained_charges": null, "stage_2_restrained_charges": null, "keep_original_orientation": false, "reorientations": [], "translations": [], "rotations": []}}, {"index": 3, "molecule": {"qcmol": {"schema_name": "qcschema_molecule", "schema_version": 2, "validated": true, "symbols": ["C", "C", "C", "C", "C", "O", "O", "C", "H", "H", "H", "H", "H", "H", "H", "H", "H", "H", "H", "H"], "geometry": [[0.0, 0.0, 0.0], [2.8900176904246697, -7.441423262657219e-16, -7.662722083664776e-16], [4.0920255728359685, 2.636877069727225, 2.220446049250313e-16], [3.4208754175078884, 4.299550773737778, -2.287474521303695], [4.1256429865614574, 3.1008491852848596, -4.775993641234939], [2.6625301810387625, 2.4224507121502477, -6.341744997800619], [6.609553318293708, 2.862400796818046, -5.028544656201001], [7.4990572782769185, 1.7305266389592155, -7.28445018742086], [-0.7218356539351259, -1.9094432188886943, 0.19854588111328514], [-0.7572024329086383, 0.7638607907794509, -1.7440042682704948], [-0.7413277133076418, 1.1119356181015205, 1.5599067198013175], [3.5675630998919328, -1.0719763502421444, -1.6173204337894984], [3.5646308471048385, -0.998651457480741, 1.6632059076569186], [6.130891610744722, 2.4467990111151976, 0.09978485908568646], [3.511249284815019, 3.6436362938192186, 1.6934683976300993], [1.4193662586323257, 4.7030260509884245, -2.3547407491190766], [4.425555800585136, 6.080889226438595, -2.1345718221695154], [9.531876145744032, 1.7040466128534182, -7.131592539273593], [6.777604415321461, -0.17090416458203705, -7.466660193617976], [6.925208020080101, 2.824793113745137, -8.909840256933464]], "name": "C6H12O2", "identifiers": {"molecule_hash": "f01c1b7834876010f4016a89e8f432aba410ed1a", "molecular_formula": "C6H12O2"}, "molecular_charge": 0.0, "molecular_multiplicity": 1, "connectivity": [[0, 1, 1.0], [0, 8, 1.0], [0, 9, 1.0], [0, 10, 1.0], [1, 2, 1.0], [1, 11, 1.0], [1, 12, 1.0], [2, 3, 1.0], [2, 13, 1.0], [2, 14, 1.0], [3, 4, 1.0], [3, 15, 1.0], [3, 16, 1.0], [4, 5, 2.0], [4, 6, 1.0], [6, 7, 1.0], [7, 17, 1.0], [7, 18, 1.0], [7, 19, 1.0]], "fix_com": true, "fix_orientation": true, "provenance": {"creator": "QCElemental", "version": "v0.22.0", "routine": "qcelemental.molparse.from_schema"}, "id": "144128"}, "charge": 0, "optimize_geometry": false, "conformers": [], "conformer_generation_options": {"n_conformer_pool": 4000, "n_max_conformers": 0, "rms_tolerance": 0.05, "energy_window": 15, "keep_original_conformer": true}, "stage_1_unrestrained_charges": null, "stage_1_restrained_charges": null, "stage_2_unrestrained_charges": null, "stage_2_restrained_charges": null, "keep_original_orientation": false, "reorientations": [], "translations": [], "rotations": []}}, {"index": 7, "molecule": {"qcmol": {"schema_name": "qcschema_molecule", "schema_version": 2, "validated": true, "symbols": ["C", "C", "C", "C", "C", "O", "O", "C", "H", "H", "H", "H", "H", "H", "H", "H", "H", "H", "H", "H"], "geometry": [[0.0, 0.0, 0.0], [2.8900176904246697, -7.441423262657219e-16, -7.662722083664776e-16], [4.0920255728359685, 2.636877069727225, 2.220446049250313e-16], [3.4208754175078884, 4.299550773737778, -2.287474521303695], [4.1256429865614574, 3.1008491852848596, -4.775993641234939], [2.6625301810387625, 2.4224507121502477, -6.341744997800619], [6.609553318293708, 2.862400796818046, -5.028544656201001], [7.4990572782769185, 1.7305266389592155, -7.28445018742086], [-0.7218356539351259, -1.9094432188886943, 0.19854588111328514], [-0.7572024329086383, 0.7638607907794509, -1.7440042682704948], [-0.7413277133076418, 1.1119356181015205, 1.5599067198013175], [3.5675630998919328, -1.0719763502421444, -1.6173204337894984], [3.5646308471048385, -0.998651457480741, 1.6632059076569186], [6.130891610744722, 2.4467990111151976, 0.09978485908568646], [3.511249284815019, 3.6436362938192186, 1.6934683976300993], [1.4193662586323257, 4.7030260509884245, -2.3547407491190766], [4.425555800585136, 6.080889226438595, -2.1345718221695154], [9.531876145744032, 1.7040466128534182, -7.131592539273593], [6.777604415321461, -0.17090416458203705, -7.466660193617976], [6.925208020080101, 2.824793113745137, -8.909840256933464]], "name": "C6H12O2", "identifiers": {"molecule_hash": "f01c1b7834876010f4016a89e8f432aba410ed1a", "molecular_formula": "C6H12O2"}, "molecular_charge": 0.0, "molecular_multiplicity": 1, "connectivity": [[0, 1, 1.0], [0, 8, 1.0], [0, 9, 1.0], [0, 10, 1.0], [1, 2, 1.0], [1, 11, 1.0], [1, 12, 1.0], [2, 3, 1.0], [2, 13, 1.0], [2, 14, 1.0], [3, 4, 1.0], [3, 15, 1.0], [3, 16, 1.0], [4, 5, 2.0], [4, 6, 1.0], [6, 7, 1.0], [7, 17, 1.0], [7, 18, 1.0], [7, 19, 1.0]], "fix_com": true, "fix_orientation": true, "provenance": {"creator": "QCElemental", "version": "v0.22.0", "routine": "qcelemental.molparse.from_schema"}, "id": "144128"}, "charge": 0, "optimize_geometry": false, "conformers": [], "conformer_generation_options": {"n_conformer_pool": 4000, "n_max_conformers": 0, "rms_tolerance": 0.05, "energy_window": 15, "keep_original_conformer": true}, "stage_1_unrestrained_charges": null, "stage_1_restrained_charges": null, "stage_2_unrestrained_charges": null, "stage_2_restrained_charges": null, "keep_original_orientation": false, "reorientations": [], "translations": [], "rotations": []}}]}, "surface_constraints": {"matrix": [[785589558921369.1, 762432955089319.1, 734387165688030.0, 705061361193646.0, 685537703161662.9, 678513016651634.2, 667425497704035.5, 627815585304316.2, 789953542245245.4, 791326896056581.8, 788692534141131.5, 761431331608174.9, 759736491514208.5, 732363968029504.1, 732549403780716.9, 692904335661816.6, 704170946816801.4, 614160039487219.9, 616667508247292.5, 621152563721376.9], [762432955089319.1, 779821553096795.2, 760690117653917.0, 733727111400475.6, 708446075984023.9, 697148973275349.5, 690391958720247.5, 645512749982938.4, 756215197021724.2, 757093436968277.9, 755298164979612.8, 790577445740495.0, 789809713444358.1, 760836752147982.4, 760725654749611.8, 725679497671536.2, 734410115819434.8, 631363276939094.2, 631943931959582.4, 637876987279176.0], [734387165688030.0, 760690117653917.0, 780092595130332.5, 760992634135769.6, 735237272278747.9, 722080470612868.1, 719407991239899.0, 671101720623209.0, 723712784190682.9, 737571114957031.9, 717728803702720.5, 760082960043671.8, 759664554645091.6, 792400952006532.8, 791823357525359.6, 760545474426181.6, 759885584364792.0, 658655902879234.5, 658448421551444.5, 658182995166203.6], [705061361193646.0, 733727111400475.6, 760992634135769.6, 780024974863964.5, 760949085537776.1, 748796783619764.5, 746852523138049.1, 699210205676444.5, 697173659487172.9, 706710091236313.8, 686125673647528.6, 731089208702297.4, 732015034064245.1, 762184366532526.0, 761225386096866.2, 791392438117148.5, 791206253380731.8, 681936011801369.6, 688120346022970.4, 689798792787448.8], [685537703161662.9, 708446075984023.9, 735237272278747.9, 760949085537776.1, 776268324405200.9, 780595842030429.9, 769999293229267.9, 743880076748344.4, 680069785229106.6, 689004666985380.5, 667147429338533.8, 710560256670361.5, 698566638359405.5, 729547933324535.2, 738124239727450.9, 762088835571164.9, 761882252710345.0, 728065692643932.4, 738686458869523.6, 741653590481396.5], [678513016651634.2, 697148973275349.5, 722080470612868.1, 748796783619764.5, 780595842030429.9, 814270551882176.1, 756598172042570.5, 744618610523208.4, 671653325010434.2, 685160467524560.2, 661751521055852.1, 701641999906991.5, 682979762457373.1, 710369779356538.9, 728736652319763.9, 745235994138511.2, 743612597146867.6, 723003343750683.8, 746077971992729.1, 751654036720136.4], [667425497704035.5, 690391958720247.5, 719407991239899.0, 746852523138049.1, 769999293229267.9, 756598172042570.5, 795567462241550.4, 774733980432225.6, 665604993781077.1, 669323974420229.2, 647344788063518.2, 692567239974744.8, 679100490323867.6, 716429304347903.9, 720276612249137.5, 744156394143090.0, 746811895740433.4, 770670454319849.8, 766813140766875.0, 766916461694807.1], [627815585304316.2, 645512749982938.4, 671101720623209.0, 699210205676444.5, 743880076748344.4, 744618610523208.4, 774733980432225.6, 790567383027970.2, 626789396402467.0, 631306774493165.9, 609760701807334.2, 650739276796953.2, 630682946009073.6, 664295415396435.2, 672619002770081.1, 690173536648507.2, 692149629345938.9, 794009489637282.4, 792347345599301.5, 793196550664127.2], [789953542245245.4, 756215197021724.2, 723712784190682.9, 697173659487172.9, 680069785229106.6, 671653325010434.2, 665604993781077.1, 626789396402467.0, 825138884077695.8, 784589769735198.1, 782438710731658.0, 753042491424683.2, 751419681891822.9, 723765410186042.8, 714582242907457.0, 682725898667262.1, 698760928726721.0, 613033427553572.5, 617050623542255.6, 619386283539956.2], [791326896056581.8, 757093436968277.9, 737571114957031.9, 706710091236313.8, 689004666985380.5, 685160467524560.2, 669323974420229.2, 631306774493165.9, 784589769735198.1, 829552893294644.1, 782969631435475.9, 750996673933920.0, 743530510817243.2, 736203830425066.9, 742060554871061.0, 693612782562058.6, 704754833124871.6, 618925742811686.1, 620458222467905.5, 624088042665040.5], [788692534141131.5, 755298164979612.8, 717728803702720.5, 686125673647528.6, 667147429338533.8, 661751521055852.1, 647344788063518.2, 609760701807334.2, 782438710731658.0, 782969631435475.9, 822457521538785.2, 751853548417465.5, 755139008668752.2, 711440302265735.5, 715588891859408.0, 674211102319949.6, 682888037370820.2, 595661625232230.5, 598617886647058.6, 605140582782478.8], [761431331608174.9, 790577445740495.0, 760082960043671.8, 731089208702297.4, 710560256670361.5, 701641999906991.5, 692567239974744.8, 650739276796953.2, 753042491424683.2, 750996673933920.0, 751853548417465.5, 832042763091463.0, 789073530933155.1, 752446344537923.0, 760526896049254.8, 716235701181092.6, 733485791762739.6, 635134327567357.2, 636088916871837.9, 647595285018318.5], [759736491514208.5, 789809713444358.1, 759664554645091.6, 732015034064245.1, 698566638359405.5, 682979762457373.1, 679100490323867.6, 630682946009073.6, 751419681891822.9, 743530510817243.2, 755139008668752.2, 789073530933155.1, 830636387221043.2, 759385146269604.0, 751344670542962.2, 728932277206471.1, 733360921398439.6, 616570705930721.9, 615858619109480.8, 622128876458433.6], [732363968029504.1, 760836752147982.4, 792400952006532.8, 762184366532526.0, 729547933324535.2, 710369779356538.9, 716429304347903.9, 664295415396435.2, 723765410186042.8, 736203830425066.9, 711440302265735.5, 752446344537923.0, 759385146269604.0, 835038413467318.5, 792628142491001.5, 761412675424648.6, 757912477710535.2, 652543879273705.0, 653629146764334.4, 646149462695972.6], [732549403780716.9, 760725654749611.8, 791823357525359.6, 761225386096866.2, 738124239727450.9, 728736652319763.9, 720276612249137.5, 672619002770081.1, 714582242907457.0, 742060554871061.0, 715588891859408.0, 760526896049254.8, 751344670542962.2, 792628142491001.5, 834018544980500.0, 758012613916125.4, 751830591042752.0, 664308704198183.8, 657583930191222.5, 658147953050307.9], [692904335661816.6, 725679497671536.2, 760545474426181.6, 791392438117148.5, 762088835571164.9, 745235994138511.2, 744156394143090.0, 690173536648507.2, 682725898667262.1, 693612782562058.6, 674211102319949.6, 716235701181092.6, 728932277206471.1, 761412675424648.6, 758012613916125.4, 832639092941280.9, 790396533437146.4, 670216073540771.2, 679857596598180.2, 678449620098526.4], [704170946816801.4, 734410115819434.8, 759885584364792.0, 791206253380731.8, 761882252710345.0, 743612597146867.6, 746811895740433.4, 692149629345938.9, 698760928726721.0, 704754833124871.6, 682888037370820.2, 733485791762739.6, 733360921398439.6, 757912477710535.2, 751830591042752.0, 790396533437146.4, 832511525066230.8, 672612828301412.9, 678065670713704.6, 683416193992689.9], [614160039487219.9, 631363276939094.2, 658655902879234.5, 681936011801369.6, 728065692643932.4, 723003343750683.8, 770670454319849.8, 794009489637282.4, 613033427553572.5, 618925742811686.1, 595661625232230.5, 635134327567357.2, 616570705930721.9, 652543879273705.0, 664308704198183.8, 670216073540771.2, 672612828301412.9, 828907697043306.2, 783143585190514.5, 784161528141012.9], [616667508247292.5, 631943931959582.4, 658448421551444.5, 688120346022970.4, 738686458869523.6, 746077971992729.1, 766813140766875.0, 792347345599301.5, 617050623542255.6, 620458222467905.5, 598617886647058.6, 636088916871837.9, 615858619109480.8, 653629146764334.4, 657583930191222.5, 679857596598180.2, 678065670713704.6, 783143585190514.5, 826708981746509.5, 783069958692306.0], [621152563721376.9, 637876987279176.0, 658182995166203.6, 689798792787448.8, 741653590481396.5, 751654036720136.4, 766916461694807.1, 793196550664127.2, 619386283539956.2, 624088042665040.5, 605140582782478.8, 647595285018318.5, 622128876458433.6, 646149462695972.6, 658147953050307.9, 678449620098526.4, 683416193992689.9, 784161528141012.9, 783069958692306.0, 828869629339410.1], [-2371731427700.8755, -818728108491.3114, -1763119379661.6313, -4649521414578.708, -11930148698605.826, -24055064324534.664, -4633918818528.408, -3691123997221.297, -2159785958348.557, -3751645729522.111, -2385778025677.358, -1315701660285.2134, 1740143922240.3618, 1237075567089.905, -3464378919359.6567, -2839136184682.3486, -2713574345919.36, 864511792158.2332, -4620938864922.887, -5761237033116.254]]}}