{"resp_b": 0.1, "restrained_fit": true, "exclude_hydrogens": true, "convergence_tolerance": 1e-06, "max_iter": 500, "resp_a": 0.0005, "charge_constraints": {"charge_sum_constraints": [], "charge_equivalence_constraints": [], "molecules": [{"qcmol": {"schema_name": "qcschema_molecule", "schema_version": 2, "validated": true, "symbols": ["C", "C", "C", "C", "C", "O", "O", "C", "H", "H", "H", "H", "H", "H", "H", "H", "H", "H", "H", "H"], "geometry": [[0.0, 0.0, 0.0], [2.8900176904246697, -7.441423262657219e-16, -7.662722083664776e-16], [4.0920255728359685, 2.636877069727225, 2.220446049250313e-16], [3.4208754175078884, 4.299550773737778, -2.287474521303695], [4.1256429865614574, 3.1008491852848596, -4.775993641234939], [2.6625301810387625, 2.4224507121502477, -6.341744997800619], [6.609553318293708, 2.862400796818046, -5.028544656201001], [7.4990572782769185, 1.7305266389592155, -7.28445018742086], [-0.7218356539351259, -1.9094432188886943, 0.19854588111328514], [-0.7572024329086383, 0.7638607907794509, -1.7440042682704948], [-0.7413277133076418, 1.1119356181015205, 1.5599067198013175], [3.5675630998919328, -1.0719763502421444, -1.6173204337894984], [3.5646308471048385, -0.998651457480741, 1.6632059076569186], [6.130891610744722, 2.4467990111151976, 0.09978485908568646], [3.511249284815019, 3.6436362938192186, 1.6934683976300993], [1.4193662586323257, 4.7030260509884245, -2.3547407491190766], [4.425555800585136, 6.080889226438595, -2.1345718221695154], [9.531876145744032, 1.7040466128534182, -7.131592539273593], [6.777604415321461, -0.17090416458203705, -7.466660193617976], [6.925208020080101, 2.824793113745137, -8.909840256933464]], "name": "C6H12O2", "identifiers": {"molecule_hash": "f01c1b7834876010f4016a89e8f432aba410ed1a", "molecular_formula": "C6H12O2"}, "molecular_charge": 0.0, "molecular_multiplicity": 1, "connectivity": [[0, 1, 1.0], [0, 8, 1.0], [0, 9, 1.0], [0, 10, 1.0], [1, 2, 1.0], [1, 11, 1.0], [1, 12, 1.0], [2, 3, 1.0], [2, 13, 1.0], [2, 14, 1.0], [3, 4, 1.0], [3, 15, 1.0], [3, 16, 1.0], [4, 5, 2.0], [4, 6, 1.0], [6, 7, 1.0], [7, 17, 1.0], [7, 18, 1.0], [7, 19, 1.0]], "fix_com": true, "fix_orientation": true, "provenance": {"creator": "QCElemental", "version": "v0.22.0", "routine": "qcelemental.molparse.from_schema"}, "id": "144128"}, "charge": 0, "optimize_geometry": false, "conformers": [], "conformer_generation_options": {"n_conformer_pool": 4000, "n_max_conformers": 0, "rms_tolerance": 0.05, "energy_window": 15, "keep_original_conformer": true}, "stage_1_unrestrained_charges": null, "stage_1_restrained_charges": null, "stage_2_unrestrained_charges": null, "stage_2_restrained_charges": null, "keep_original_orientation": false, "reorientations": [], "translations": [], "rotations": []}], "unconstrained_atoms": [{"index": 0, "molecule": {"qcmol": {"schema_name": "qcschema_molecule", "schema_version": 2, "validated": true, "symbols": ["C", "C", "C", "C", "C", "O", "O", "C", "H", "H", "H", "H", "H", "H", "H", "H", "H", "H", "H", "H"], "geometry": [[0.0, 0.0, 0.0], [2.8900176904246697, -7.441423262657219e-16, -7.662722083664776e-16], [4.0920255728359685, 2.636877069727225, 2.220446049250313e-16], [3.4208754175078884, 4.299550773737778, -2.287474521303695], [4.1256429865614574, 3.1008491852848596, -4.775993641234939], [2.6625301810387625, 2.4224507121502477, -6.341744997800619], [6.609553318293708, 2.862400796818046, -5.028544656201001], [7.4990572782769185, 1.7305266389592155, -7.28445018742086], [-0.7218356539351259, -1.9094432188886943, 0.19854588111328514], [-0.7572024329086383, 0.7638607907794509, -1.7440042682704948], [-0.7413277133076418, 1.1119356181015205, 1.5599067198013175], [3.5675630998919328, -1.0719763502421444, -1.6173204337894984], [3.5646308471048385, -0.998651457480741, 1.6632059076569186], [6.130891610744722, 2.4467990111151976, 0.09978485908568646], [3.511249284815019, 3.6436362938192186, 1.6934683976300993], [1.4193662586323257, 4.7030260509884245, -2.3547407491190766], [4.425555800585136, 6.080889226438595, -2.1345718221695154], [9.531876145744032, 1.7040466128534182, -7.131592539273593], [6.777604415321461, -0.17090416458203705, -7.466660193617976], [6.925208020080101, 2.824793113745137, -8.909840256933464]], "name": "C6H12O2", "identifiers": {"molecule_hash": "f01c1b7834876010f4016a89e8f432aba410ed1a", "molecular_formula": "C6H12O2"}, "molecular_charge": 0.0, "molecular_multiplicity": 1, "connectivity": [[0, 1, 1.0], [0, 8, 1.0], [0, 9, 1.0], [0, 10, 1.0], [1, 2, 1.0], [1, 11, 1.0], [1, 12, 1.0], [2, 3, 1.0], [2, 13, 1.0], [2, 14, 1.0], [3, 4, 1.0], [3, 15, 1.0], [3, 16, 1.0], [4, 5, 2.0], [4, 6, 1.0], [6, 7, 1.0], [7, 17, 1.0], [7, 18, 1.0], [7, 19, 1.0]], "fix_com": true, "fix_orientation": true, "provenance": {"creator": "QCElemental", "version": "v0.22.0", "routine": "qcelemental.molparse.from_schema"}, "id": "144128"}, "charge": 0, "optimize_geometry": false, "conformers": [], "conformer_generation_options": {"n_conformer_pool": 4000, "n_max_conformers": 0, "rms_tolerance": 0.05, "energy_window": 15, "keep_original_conformer": true}, "stage_1_unrestrained_charges": null, "stage_1_restrained_charges": null, "stage_2_unrestrained_charges": null, "stage_2_restrained_charges": null, "keep_original_orientation": false, "reorientations": [], "translations": [], "rotations": []}}, {"index": 1, "molecule": {"qcmol": {"schema_name": "qcschema_molecule", "schema_version": 2, "validated": true, "symbols": ["C", "C", "C", "C", "C", "O", "O", "C", "H", "H", "H", "H", "H", "H", "H", "H", "H", "H", "H", "H"], "geometry": [[0.0, 0.0, 0.0], [2.8900176904246697, -7.441423262657219e-16, -7.662722083664776e-16], [4.0920255728359685, 2.636877069727225, 2.220446049250313e-16], [3.4208754175078884, 4.299550773737778, -2.287474521303695], [4.1256429865614574, 3.1008491852848596, -4.775993641234939], [2.6625301810387625, 2.4224507121502477, -6.341744997800619], [6.609553318293708, 2.862400796818046, -5.028544656201001], [7.4990572782769185, 1.7305266389592155, -7.28445018742086], [-0.7218356539351259, -1.9094432188886943, 0.19854588111328514], [-0.7572024329086383, 0.7638607907794509, -1.7440042682704948], [-0.7413277133076418, 1.1119356181015205, 1.5599067198013175], [3.5675630998919328, -1.0719763502421444, -1.6173204337894984], [3.5646308471048385, -0.998651457480741, 1.6632059076569186], [6.130891610744722, 2.4467990111151976, 0.09978485908568646], [3.511249284815019, 3.6436362938192186, 1.6934683976300993], [1.4193662586323257, 4.7030260509884245, -2.3547407491190766], [4.425555800585136, 6.080889226438595, -2.1345718221695154], [9.531876145744032, 1.7040466128534182, -7.131592539273593], [6.777604415321461, -0.17090416458203705, -7.466660193617976], [6.925208020080101, 2.824793113745137, -8.909840256933464]], "name": "C6H12O2", "identifiers": {"molecule_hash": "f01c1b7834876010f4016a89e8f432aba410ed1a", "molecular_formula": "C6H12O2"}, "molecular_charge": 0.0, "molecular_multiplicity": 1, "connectivity": [[0, 1, 1.0], [0, 8, 1.0], [0, 9, 1.0], [0, 10, 1.0], [1, 2, 1.0], [1, 11, 1.0], [1, 12, 1.0], [2, 3, 1.0], [2, 13, 1.0], [2, 14, 1.0], [3, 4, 1.0], [3, 15, 1.0], [3, 16, 1.0], [4, 5, 2.0], [4, 6, 1.0], [6, 7, 1.0], [7, 17, 1.0], [7, 18, 1.0], [7, 19, 1.0]], "fix_com": true, "fix_orientation": true, "provenance": {"creator": "QCElemental", "version": "v0.22.0", "routine": "qcelemental.molparse.from_schema"}, "id": "144128"}, "charge": 0, "optimize_geometry": false, "conformers": [], "conformer_generation_options": {"n_conformer_pool": 4000, "n_max_conformers": 0, "rms_tolerance": 0.05, "energy_window": 15, "keep_original_conformer": true}, "stage_1_unrestrained_charges": null, "stage_1_restrained_charges": null, "stage_2_unrestrained_charges": null, "stage_2_restrained_charges": null, "keep_original_orientation": false, "reorientations": [], "translations": [], "rotations": []}}, {"index": 2, "molecule": {"qcmol": {"schema_name": "qcschema_molecule", "schema_version": 2, "validated": true, "symbols": ["C", "C", "C", "C", "C", "O", "O", "C", "H", "H", "H", "H", "H", "H", "H", "H", "H", "H", "H", "H"], "geometry": [[0.0, 0.0, 0.0], [2.8900176904246697, -7.441423262657219e-16, -7.662722083664776e-16], [4.0920255728359685, 2.636877069727225, 2.220446049250313e-16], [3.4208754175078884, 4.299550773737778, -2.287474521303695], [4.1256429865614574, 3.1008491852848596, -4.775993641234939], [2.6625301810387625, 2.4224507121502477, -6.341744997800619], [6.609553318293708, 2.862400796818046, -5.028544656201001], [7.4990572782769185, 1.7305266389592155, -7.28445018742086], [-0.7218356539351259, -1.9094432188886943, 0.19854588111328514], [-0.7572024329086383, 0.7638607907794509, -1.7440042682704948], [-0.7413277133076418, 1.1119356181015205, 1.5599067198013175], [3.5675630998919328, -1.0719763502421444, -1.6173204337894984], [3.5646308471048385, -0.998651457480741, 1.6632059076569186], [6.130891610744722, 2.4467990111151976, 0.09978485908568646], [3.511249284815019, 3.6436362938192186, 1.6934683976300993], [1.4193662586323257, 4.7030260509884245, -2.3547407491190766], [4.425555800585136, 6.080889226438595, -2.1345718221695154], [9.531876145744032, 1.7040466128534182, -7.131592539273593], [6.777604415321461, -0.17090416458203705, -7.466660193617976], [6.925208020080101, 2.824793113745137, -8.909840256933464]], "name": "C6H12O2", "identifiers": {"molecule_hash": "f01c1b7834876010f4016a89e8f432aba410ed1a", "molecular_formula": "C6H12O2"}, "molecular_charge": 0.0, "molecular_multiplicity": 1, "connectivity": [[0, 1, 1.0], [0, 8, 1.0], [0, 9, 1.0], [0, 10, 1.0], [1, 2, 1.0], [1, 11, 1.0], [1, 12, 1.0], [2, 3, 1.0], [2, 13, 1.0], [2, 14, 1.0], [3, 4, 1.0], [3, 15, 1.0], [3, 16, 1.0], [4, 5, 2.0], [4, 6, 1.0], [6, 7, 1.0], [7, 17, 1.0], [7, 18, 1.0], [7, 19, 1.0]], "fix_com": true, "fix_orientation": true, "provenance": {"creator": "QCElemental", "version": "v0.22.0", "routine": "qcelemental.molparse.from_schema"}, "id": "144128"}, "charge": 0, "optimize_geometry": false, "conformers": [], "conformer_generation_options": {"n_conformer_pool": 4000, "n_max_conformers": 0, "rms_tolerance": 0.05, "energy_window": 15, "keep_original_conformer": true}, "stage_1_unrestrained_charges": null, "stage_1_restrained_charges": null, "stage_2_unrestrained_charges": null, "stage_2_restrained_charges": null, "keep_original_orientation": false, "reorientations": [], "translations": [], "rotations": []}}, {"index": 3, "molecule": {"qcmol": {"schema_name": "qcschema_molecule", "schema_version": 2, "validated": true, "symbols": ["C", "C", "C", "C", "C", "O", "O", "C", "H", "H", "H", "H", "H", "H", "H", "H", "H", "H", "H", "H"], "geometry": [[0.0, 0.0, 0.0], [2.8900176904246697, -7.441423262657219e-16, -7.662722083664776e-16], [4.0920255728359685, 2.636877069727225, 2.220446049250313e-16], [3.4208754175078884, 4.299550773737778, -2.287474521303695], [4.1256429865614574, 3.1008491852848596, -4.775993641234939], [2.6625301810387625, 2.4224507121502477, -6.341744997800619], [6.609553318293708, 2.862400796818046, -5.028544656201001], [7.4990572782769185, 1.7305266389592155, -7.28445018742086], [-0.7218356539351259, -1.9094432188886943, 0.19854588111328514], [-0.7572024329086383, 0.7638607907794509, -1.7440042682704948], [-0.7413277133076418, 1.1119356181015205, 1.5599067198013175], [3.5675630998919328, -1.0719763502421444, -1.6173204337894984], [3.5646308471048385, -0.998651457480741, 1.6632059076569186], [6.130891610744722, 2.4467990111151976, 0.09978485908568646], [3.511249284815019, 3.6436362938192186, 1.6934683976300993], [1.4193662586323257, 4.7030260509884245, -2.3547407491190766], [4.425555800585136, 6.080889226438595, -2.1345718221695154], [9.531876145744032, 1.7040466128534182, -7.131592539273593], [6.777604415321461, -0.17090416458203705, -7.466660193617976], [6.925208020080101, 2.824793113745137, -8.909840256933464]], "name": "C6H12O2", "identifiers": {"molecule_hash": "f01c1b7834876010f4016a89e8f432aba410ed1a", "molecular_formula": "C6H12O2"}, "molecular_charge": 0.0, "molecular_multiplicity": 1, "connectivity": [[0, 1, 1.0], [0, 8, 1.0], [0, 9, 1.0], [0, 10, 1.0], [1, 2, 1.0], [1, 11, 1.0], [1, 12, 1.0], [2, 3, 1.0], [2, 13, 1.0], [2, 14, 1.0], [3, 4, 1.0], [3, 15, 1.0], [3, 16, 1.0], [4, 5, 2.0], [4, 6, 1.0], [6, 7, 1.0], [7, 17, 1.0], [7, 18, 1.0], [7, 19, 1.0]], "fix_com": true, "fix_orientation": true, "provenance": {"creator": "QCElemental", "version": "v0.22.0", "routine": "qcelemental.molparse.from_schema"}, "id": "144128"}, "charge": 0, "optimize_geometry": false, "conformers": [], "conformer_generation_options": {"n_conformer_pool": 4000, "n_max_conformers": 0, "rms_tolerance": 0.05, "energy_window": 15, "keep_original_conformer": true}, "stage_1_unrestrained_charges": null, "stage_1_restrained_charges": null, "stage_2_unrestrained_charges": null, "stage_2_restrained_charges": null, "keep_original_orientation": false, "reorientations": [], "translations": [], "rotations": []}}, {"index": 7, "molecule": {"qcmol": {"schema_name": "qcschema_molecule", "schema_version": 2, "validated": true, "symbols": ["C", "C", "C", "C", "C", "O", "O", "C", "H", "H", "H", "H", "H", "H", "H", "H", "H", "H", "H", "H"], "geometry": [[0.0, 0.0, 0.0], [2.8900176904246697, -7.441423262657219e-16, -7.662722083664776e-16], [4.0920255728359685, 2.636877069727225, 2.220446049250313e-16], [3.4208754175078884, 4.299550773737778, -2.287474521303695], [4.1256429865614574, 3.1008491852848596, -4.775993641234939], [2.6625301810387625, 2.4224507121502477, -6.341744997800619], [6.609553318293708, 2.862400796818046, -5.028544656201001], [7.4990572782769185, 1.7305266389592155, -7.28445018742086], [-0.7218356539351259, -1.9094432188886943, 0.19854588111328514], [-0.7572024329086383, 0.7638607907794509, -1.7440042682704948], [-0.7413277133076418, 1.1119356181015205, 1.5599067198013175], [3.5675630998919328, -1.0719763502421444, -1.6173204337894984], [3.5646308471048385, -0.998651457480741, 1.6632059076569186], [6.130891610744722, 2.4467990111151976, 0.09978485908568646], [3.511249284815019, 3.6436362938192186, 1.6934683976300993], [1.4193662586323257, 4.7030260509884245, -2.3547407491190766], [4.425555800585136, 6.080889226438595, -2.1345718221695154], [9.531876145744032, 1.7040466128534182, -7.131592539273593], [6.777604415321461, -0.17090416458203705, -7.466660193617976], [6.925208020080101, 2.824793113745137, -8.909840256933464]], "name": "C6H12O2", "identifiers": {"molecule_hash": "f01c1b7834876010f4016a89e8f432aba410ed1a", "molecular_formula": "C6H12O2"}, "molecular_charge": 0.0, "molecular_multiplicity": 1, "connectivity": [[0, 1, 1.0], [0, 8, 1.0], [0, 9, 1.0], [0, 10, 1.0], [1, 2, 1.0], [1, 11, 1.0], [1, 12, 1.0], [2, 3, 1.0], [2, 13, 1.0], [2, 14, 1.0], [3, 4, 1.0], [3, 15, 1.0], [3, 16, 1.0], [4, 5, 2.0], [4, 6, 1.0], [6, 7, 1.0], [7, 17, 1.0], [7, 18, 1.0], [7, 19, 1.0]], "fix_com": true, "fix_orientation": true, "provenance": {"creator": "QCElemental", "version": "v0.22.0", "routine": "qcelemental.molparse.from_schema"}, "id": "144128"}, "charge": 0, "optimize_geometry": false, "conformers": [], "conformer_generation_options": {"n_conformer_pool": 4000, "n_max_conformers": 0, "rms_tolerance": 0.05, "energy_window": 15, "keep_original_conformer": true}, "stage_1_unrestrained_charges": null, "stage_1_restrained_charges": null, "stage_2_unrestrained_charges": null, "stage_2_restrained_charges": null, "keep_original_orientation": false, "reorientations": [], "translations": [], "rotations": []}}]}, "surface_constraints": {"matrix": [[1925.2317963900352, 1865.1989788846993, 1789.7881157126794, 1710.8961187845089, 1661.2714152997196, 1639.3754729110537, 1614.3492567791986, 1507.7264225860138, 1932.3664867304121, 1935.2246570306593, 1930.048891899926, 1860.3829262314953, 1856.3932601789336, 1783.0109572853491, 1782.2430557960774, 1675.7129590510035, 1704.8850121766902, 1469.9379158540046, 1477.0067675919606, 1486.9891925486522], [1865.1989788846993, 1913.4366180553047, 1860.761075201306, 1787.2900055312286, 1722.5041777084605, 1689.3521272998278, 1675.016570843657, 1553.8731226868872, 1845.1813839024564, 1846.5284578897658, 1843.6975783578878, 1939.68477317328, 1937.462915855051, 1859.2684048406393, 1857.6620155744617, 1761.7913986441602, 1784.8484440832406, 1514.0185060668966, 1516.888657913999, 1530.5057712012756], [1789.7881157126794, 1860.761075201306, 1911.5895485262006, 1858.7917127618935, 1792.5094801393182, 1753.8442637961834, 1750.4719920046407, 1618.8692731990423, 1759.0209272786492, 1794.0841605085827, 1744.2360990151628, 1857.133759250433, 1856.070905463311, 1942.0296334445907, 1938.8946656789715, 1852.5208776708146, 1851.1456969262538, 1582.7762039531988, 1583.619526269792, 1581.3816511819848], [1710.8961187845089, 1787.2900055312286, 1858.7917127618935, 1907.9677168758076, 1859.8214723958058, 1822.7928696515978, 1821.866552687776, 1689.9390433950073, 1688.2546916959807, 1711.6383216500597, 1660.1819169288249, 1778.9721758607652, 1780.7684273055704, 1860.310556792769, 1856.3761353696714, 1932.1230436150051, 1931.5963955993095, 1640.9564614229598, 1657.993498275682, 1660.287155958819], [1661.2714152997196, 1722.5041777084605, 1792.5094801393182, 1859.8214723958058, 1904.5606989737398, 1910.5192670577494, 1886.8722737931291, 1808.226633051287, 1645.4631232735117, 1666.85764243695, 1612.0090802912225, 1727.1299277250494, 1695.0622430232133, 1776.1457210107862, 1797.1231128728873, 1857.09616976732, 1856.421077572958, 1761.120398521509, 1790.4552519840986, 1795.4895964340806], [1639.3754729110537, 1689.3521272998278, 1753.8442637961834, 1822.7928696515978, 1910.5192670577494, 1996.3013817865185, 1845.3215581861514, 1804.9597562262686, 1620.2292567460538, 1653.0500991631163, 1594.4983537054932, 1700.2891007020944, 1651.2923739345665, 1722.221017201115, 1768.3191501643273, 1808.0704125227992, 1803.7688328978866, 1743.4606530788965, 1804.714929115347, 1816.529573208895], [1614.3492567791986, 1675.016570843657, 1750.4719920046407, 1821.866552687776, 1886.8722737931291, 1845.3215581861514, 1956.4056410044052, 1889.982842358788, 1608.294723565806, 1616.400168732696, 1561.0144012248425, 1679.8715428232929, 1643.9955875226715, 1741.3274435647709, 1749.9771814157664, 1809.3962153083771, 1816.3307370161144, 1872.1265954236583, 1864.4011143896396, 1861.1420559765827], [1507.7264225860138, 1553.8731226868872, 1618.8692731990423, 1689.9390433950073, 1808.226633051287, 1804.9597562262686, 1889.982842358788, 1923.5100691350906, 1504.0231931462397, 1514.227138445139, 1460.315842559422, 1566.5907525453629, 1514.8745360906994, 1600.572866376656, 1620.3209184255745, 1662.4343233685534, 1667.5703300977373, 1925.4956868613408, 1923.8952211867331, 1921.7747658887997], [1932.3664867304121, 1845.1813839024564, 1759.0209272786492, 1688.2546916959807, 1645.4631232735117, 1620.2292567460538, 1608.294723565806, 1504.0231931462397, 2019.4592461612203, 1913.8773677212453, 1909.0568235254864, 1834.9513328468697, 1830.9821297721483, 1757.3946685853068, 1733.1765576281803, 1647.4261640108368, 1688.8374029796307, 1466.31791314807, 1476.8922004344715, 1481.2168919783135], [1935.2246570306593, 1846.5284578897658, 1794.0841605085827, 1711.6383216500597, 1666.85764243695, 1653.0500991631163, 1616.400168732696, 1514.227138445139, 1913.8773677212453, 2029.0037605943098, 1910.5051398846108, 1828.6819603650956, 1810.0830291500556, 1789.3997430730974, 1802.4931430284482, 1674.3426945398019, 1703.0036707987488, 1479.7659822947287, 1484.3232717928825, 1492.1394302812082], [1930.048891899926, 1843.6975783578878, 1744.2360990151628, 1660.1819169288249, 1612.0090802912225, 1594.4983537054932, 1561.0144012248425, 1460.315842559422, 1909.0568235254864, 1910.5051398846108, 2014.1912022652916, 1832.468987129753, 1841.598838532813, 1726.6307560827377, 1736.3015112999387, 1626.2557242190578, 1648.4214656884892, 1421.795107289389, 1429.7559536192862, 1445.1548508181963], [1860.3829262314953, 1939.68477317328, 1857.133759250433, 1778.9721758607652, 1727.1299277250494, 1700.2891007020944, 1679.8715428232929, 1566.5907525453629, 1834.9513328468697, 1828.6819603650956, 1832.468987129753, 2045.743610535857, 1933.7107986756735, 1835.3671732320988, 1854.941005604765, 1736.2927206964453, 1780.7006901406473, 1522.7535275464331, 1526.915663115966, 1554.6435762012568], [1856.3932601789336, 1937.462915855051, 1856.070905463311, 1780.7684273055704, 1695.0622430232133, 1651.2923739345665, 1643.9955875226715, 1514.8745360906994, 1830.9821297721483, 1810.0830291500556, 1841.598838532813, 1933.7107986756735, 2040.6250970292522, 1853.5677782610687, 1831.7404032711268, 1767.7438964252435, 1780.2727470736927, 1475.4745272128116, 1475.2301621662107, 1489.5658451052866], [1783.0109572853491, 1859.2684048406393, 1942.0296334445907, 1860.310556792769, 1776.1457210107862, 1722.221017201115, 1741.3274435647709, 1600.572866376656, 1757.3946685853068, 1789.3997430730974, 1726.6307560827377, 1835.3671732320988, 1853.5677782610687, 2050.1942160332133, 1939.7791663480052, 1853.4576601625452, 1844.6097143329227, 1566.527772733286, 1570.5042026242147, 1550.1492052688084], [1782.2430557960774, 1857.6620155744617, 1938.8946656789715, 1856.3761353696714, 1797.1231128728873, 1768.3191501643273, 1749.9771814157664, 1620.3209184255745, 1733.1765576281803, 1802.4931430284482, 1736.3015112999387, 1854.941005604765, 1831.7404032711268, 1939.7791663480052, 2044.1254223758199, 1843.0333616503626, 1827.785186005403, 1594.5471564516724, 1579.1950638928097, 1579.1540033135198], [1675.7129590510035, 1761.7913986441602, 1852.5208776708146, 1932.1230436150051, 1857.09616976732, 1808.0704125227992, 1809.3962153083771, 1662.4343233685534, 1647.4261640108368, 1674.3426945398019, 1626.2557242190578, 1736.2927206964453, 1767.7438964252435, 1853.4576601625452, 1843.0333616503626, 2032.4158691355433, 1924.984697512378, 1607.3736292597864, 1632.8207464403233, 1627.2811440870703], [1704.8850121766902, 1784.8484440832406, 1851.1456969262538, 1931.5963955993095, 1856.421077572958, 1803.7688328978866, 1816.3307370161144, 1667.5703300977373, 1688.8374029796307, 1703.0036707987488, 1648.4214656884892, 1780.7006901406473, 1780.2727470736927, 1844.6097143329227, 1827.785186005403, 1924.984697512378, 2031.9126190127236, 1613.5529753024077, 1628.3744395753708, 1640.0433561980542], [1469.9379158540046, 1514.0185060668966, 1582.7762039531988, 1640.9564614229598, 1761.120398521509, 1743.4606530788965, 1872.1265954236583, 1925.4956868613408, 1466.31791314807, 1479.7659822947287, 1421.795107289389, 1522.7535275464331, 1475.4745272128116, 1566.527772733286, 1594.5471564516724, 1607.3736292597864, 1613.5529753024077, 2007.9237661114062, 1893.8502601801758, 1891.8556717419244], [1477.0067675919606, 1516.888657913999, 1583.619526269792, 1657.993498275682, 1790.4552519840986, 1804.714929115347, 1864.4011143896396, 1923.8952211867331, 1476.8922004344715, 1484.3232717928825, 1429.7559536192862, 1526.915663115966, 1475.2301621662107, 1570.5042026242147, 1579.1950638928097, 1632.8207464403233, 1628.3744395753708, 1893.8502601801758, 2008.3177948692828, 1891.5963257745043], [1486.9891925486522, 1530.5057712012756, 1581.3816511819848, 1660.287155958819, 1795.4895964340806, 1816.529573208895, 1861.1420559765827, 1921.7747658887997, 1481.2168919783135, 1492.1394302812082, 1445.1548508181963, 1554.6435762012568, 1489.5658451052866, 1550.1492052688084, 1579.1540033135198, 1627.2811440870703, 1640.0433561980542, 1891.8556717419244, 1891.5963257745043, 2005.522052019732], [-6.898027440371583, -2.8973357604528767, -5.488536190147266, -13.154075755697553, -33.07041942529753, -65.74927448699275, -14.379686480993739, -10.797067238923619, -6.487373205907879, -10.39279703044084, -6.851419527665548, -4.316793229111626, 3.8013965881144247, 2.2835804410666403, -9.922149596031282, -8.113894257688989, -7.851759553661028, 1.0340211797195182, -12.876842847242, -15.855811214412611]]}}