{"resp_b": 0.1, "restrained_fit": true, "exclude_hydrogens": true, "convergence_tolerance": 1e-06, "max_iter": 500, "resp_a": 0.0005, "charge_constraints": {"charge_sum_constraints": [], "charge_equivalence_constraints": [], "molecules": [{"qcmol": {"schema_name": "qcschema_molecule", "schema_version": 2, "validated": true, "symbols": ["C", "C", "C", "C", "C", "O", "O", "C", "H", "H", "H", "H", "H", "H", "H", "H", "H", "H", "H", "H"], "geometry": [[0.0, 0.0, 0.0], [2.8900176904246697, -7.441423262657219e-16, -7.662722083664776e-16], [4.0920255728359685, 2.636877069727225, 2.220446049250313e-16], [3.4208754175078884, 4.299550773737778, -2.287474521303695], [4.1256429865614574, 3.1008491852848596, -4.775993641234939], [2.6625301810387625, 2.4224507121502477, -6.341744997800619], [6.609553318293708, 2.862400796818046, -5.028544656201001], [7.4990572782769185, 1.7305266389592155, -7.28445018742086], [-0.7218356539351259, -1.9094432188886943, 0.19854588111328514], [-0.7572024329086383, 0.7638607907794509, -1.7440042682704948], [-0.7413277133076418, 1.1119356181015205, 1.5599067198013175], [3.5675630998919328, -1.0719763502421444, -1.6173204337894984], [3.5646308471048385, -0.998651457480741, 1.6632059076569186], [6.130891610744722, 2.4467990111151976, 0.09978485908568646], [3.511249284815019, 3.6436362938192186, 1.6934683976300993], [1.4193662586323257, 4.7030260509884245, -2.3547407491190766], [4.425555800585136, 6.080889226438595, -2.1345718221695154], [9.531876145744032, 1.7040466128534182, -7.131592539273593], [6.777604415321461, -0.17090416458203705, -7.466660193617976], [6.925208020080101, 2.824793113745137, -8.909840256933464]], "name": "C6H12O2", "identifiers": {"molecule_hash": "f01c1b7834876010f4016a89e8f432aba410ed1a", "molecular_formula": "C6H12O2"}, "molecular_charge": 0.0, "molecular_multiplicity": 1, "connectivity": [[0, 1, 1.0], [0, 8, 1.0], [0, 9, 1.0], [0, 10, 1.0], [1, 2, 1.0], [1, 11, 1.0], [1, 12, 1.0], [2, 3, 1.0], [2, 13, 1.0], [2, 14, 1.0], [3, 4, 1.0], [3, 15, 1.0], [3, 16, 1.0], [4, 5, 2.0], [4, 6, 1.0], [6, 7, 1.0], [7, 17, 1.0], [7, 18, 1.0], [7, 19, 1.0]], "fix_com": true, "fix_orientation": true, "provenance": {"creator": "QCElemental", "version": "v0.22.0", "routine": "qcelemental.molparse.from_schema"}, "id": "144128"}, "charge": 0, "optimize_geometry": false, "conformers": [], "conformer_generation_options": {"n_conformer_pool": 4000, "n_max_conformers": 0, "rms_tolerance": 0.05, "energy_window": 15, "keep_original_conformer": true}, "stage_1_unrestrained_charges": null, "stage_1_restrained_charges": null, "stage_2_unrestrained_charges": null, "stage_2_restrained_charges": null, "keep_original_orientation": false, "reorientations": [], "translations": [], "rotations": []}], "unconstrained_atoms": [{"index": 0, "molecule": {"qcmol": {"schema_name": "qcschema_molecule", "schema_version": 2, "validated": true, "symbols": ["C", "C", "C", "C", "C", "O", "O", "C", "H", "H", "H", "H", "H", "H", "H", "H", "H", "H", "H", "H"], "geometry": [[0.0, 0.0, 0.0], [2.8900176904246697, -7.441423262657219e-16, -7.662722083664776e-16], [4.0920255728359685, 2.636877069727225, 2.220446049250313e-16], [3.4208754175078884, 4.299550773737778, -2.287474521303695], [4.1256429865614574, 3.1008491852848596, -4.775993641234939], [2.6625301810387625, 2.4224507121502477, -6.341744997800619], [6.609553318293708, 2.862400796818046, -5.028544656201001], [7.4990572782769185, 1.7305266389592155, -7.28445018742086], [-0.7218356539351259, -1.9094432188886943, 0.19854588111328514], [-0.7572024329086383, 0.7638607907794509, -1.7440042682704948], [-0.7413277133076418, 1.1119356181015205, 1.5599067198013175], [3.5675630998919328, -1.0719763502421444, -1.6173204337894984], [3.5646308471048385, -0.998651457480741, 1.6632059076569186], [6.130891610744722, 2.4467990111151976, 0.09978485908568646], [3.511249284815019, 3.6436362938192186, 1.6934683976300993], [1.4193662586323257, 4.7030260509884245, -2.3547407491190766], [4.425555800585136, 6.080889226438595, -2.1345718221695154], [9.531876145744032, 1.7040466128534182, -7.131592539273593], [6.777604415321461, -0.17090416458203705, -7.466660193617976], [6.925208020080101, 2.824793113745137, -8.909840256933464]], "name": "C6H12O2", "identifiers": {"molecule_hash": "f01c1b7834876010f4016a89e8f432aba410ed1a", "molecular_formula": "C6H12O2"}, "molecular_charge": 0.0, "molecular_multiplicity": 1, "connectivity": [[0, 1, 1.0], [0, 8, 1.0], [0, 9, 1.0], [0, 10, 1.0], [1, 2, 1.0], [1, 11, 1.0], [1, 12, 1.0], [2, 3, 1.0], [2, 13, 1.0], [2, 14, 1.0], [3, 4, 1.0], [3, 15, 1.0], [3, 16, 1.0], [4, 5, 2.0], [4, 6, 1.0], [6, 7, 1.0], [7, 17, 1.0], [7, 18, 1.0], [7, 19, 1.0]], "fix_com": true, "fix_orientation": true, "provenance": {"creator": "QCElemental", "version": "v0.22.0", "routine": "qcelemental.molparse.from_schema"}, "id": "144128"}, "charge": 0, "optimize_geometry": false, "conformers": [], "conformer_generation_options": {"n_conformer_pool": 4000, "n_max_conformers": 0, "rms_tolerance": 0.05, "energy_window": 15, "keep_original_conformer": true}, "stage_1_unrestrained_charges": null, "stage_1_restrained_charges": null, "stage_2_unrestrained_charges": null, "stage_2_restrained_charges": null, "keep_original_orientation": false, "reorientations": [], "translations": [], "rotations": []}}, {"index": 1, "molecule": {"qcmol": {"schema_name": "qcschema_molecule", "schema_version": 2, "validated": true, "symbols": ["C", "C", "C", "C", "C", "O", "O", "C", "H", "H", "H", "H", "H", "H", "H", "H", "H", "H", "H", "H"], "geometry": [[0.0, 0.0, 0.0], [2.8900176904246697, -7.441423262657219e-16, -7.662722083664776e-16], [4.0920255728359685, 2.636877069727225, 2.220446049250313e-16], [3.4208754175078884, 4.299550773737778, -2.287474521303695], [4.1256429865614574, 3.1008491852848596, -4.775993641234939], [2.6625301810387625, 2.4224507121502477, -6.341744997800619], [6.609553318293708, 2.862400796818046, -5.028544656201001], [7.4990572782769185, 1.7305266389592155, -7.28445018742086], [-0.7218356539351259, -1.9094432188886943, 0.19854588111328514], [-0.7572024329086383, 0.7638607907794509, -1.7440042682704948], [-0.7413277133076418, 1.1119356181015205, 1.5599067198013175], [3.5675630998919328, -1.0719763502421444, -1.6173204337894984], [3.5646308471048385, -0.998651457480741, 1.6632059076569186], [6.130891610744722, 2.4467990111151976, 0.09978485908568646], [3.511249284815019, 3.6436362938192186, 1.6934683976300993], [1.4193662586323257, 4.7030260509884245, -2.3547407491190766], [4.425555800585136, 6.080889226438595, -2.1345718221695154], [9.531876145744032, 1.7040466128534182, -7.131592539273593], [6.777604415321461, -0.17090416458203705, -7.466660193617976], [6.925208020080101, 2.824793113745137, -8.909840256933464]], "name": "C6H12O2", "identifiers": {"molecule_hash": "f01c1b7834876010f4016a89e8f432aba410ed1a", "molecular_formula": "C6H12O2"}, "molecular_charge": 0.0, "molecular_multiplicity": 1, "connectivity": [[0, 1, 1.0], [0, 8, 1.0], [0, 9, 1.0], [0, 10, 1.0], [1, 2, 1.0], [1, 11, 1.0], [1, 12, 1.0], [2, 3, 1.0], [2, 13, 1.0], [2, 14, 1.0], [3, 4, 1.0], [3, 15, 1.0], [3, 16, 1.0], [4, 5, 2.0], [4, 6, 1.0], [6, 7, 1.0], [7, 17, 1.0], [7, 18, 1.0], [7, 19, 1.0]], "fix_com": true, "fix_orientation": true, "provenance": {"creator": "QCElemental", "version": "v0.22.0", "routine": "qcelemental.molparse.from_schema"}, "id": "144128"}, "charge": 0, "optimize_geometry": false, "conformers": [], "conformer_generation_options": {"n_conformer_pool": 4000, "n_max_conformers": 0, "rms_tolerance": 0.05, "energy_window": 15, "keep_original_conformer": true}, "stage_1_unrestrained_charges": null, "stage_1_restrained_charges": null, "stage_2_unrestrained_charges": null, "stage_2_restrained_charges": null, "keep_original_orientation": false, "reorientations": [], "translations": [], "rotations": []}}, {"index": 2, "molecule": {"qcmol": {"schema_name": "qcschema_molecule", "schema_version": 2, "validated": true, "symbols": ["C", "C", "C", "C", "C", "O", "O", "C", "H", "H", "H", "H", "H", "H", "H", "H", "H", "H", "H", "H"], "geometry": [[0.0, 0.0, 0.0], [2.8900176904246697, -7.441423262657219e-16, -7.662722083664776e-16], [4.0920255728359685, 2.636877069727225, 2.220446049250313e-16], [3.4208754175078884, 4.299550773737778, -2.287474521303695], [4.1256429865614574, 3.1008491852848596, -4.775993641234939], [2.6625301810387625, 2.4224507121502477, -6.341744997800619], [6.609553318293708, 2.862400796818046, -5.028544656201001], [7.4990572782769185, 1.7305266389592155, -7.28445018742086], [-0.7218356539351259, -1.9094432188886943, 0.19854588111328514], [-0.7572024329086383, 0.7638607907794509, -1.7440042682704948], [-0.7413277133076418, 1.1119356181015205, 1.5599067198013175], [3.5675630998919328, -1.0719763502421444, -1.6173204337894984], [3.5646308471048385, -0.998651457480741, 1.6632059076569186], [6.130891610744722, 2.4467990111151976, 0.09978485908568646], [3.511249284815019, 3.6436362938192186, 1.6934683976300993], [1.4193662586323257, 4.7030260509884245, -2.3547407491190766], [4.425555800585136, 6.080889226438595, -2.1345718221695154], [9.531876145744032, 1.7040466128534182, -7.131592539273593], [6.777604415321461, -0.17090416458203705, -7.466660193617976], [6.925208020080101, 2.824793113745137, -8.909840256933464]], "name": "C6H12O2", "identifiers": {"molecule_hash": "f01c1b7834876010f4016a89e8f432aba410ed1a", "molecular_formula": "C6H12O2"}, "molecular_charge": 0.0, "molecular_multiplicity": 1, "connectivity": [[0, 1, 1.0], [0, 8, 1.0], [0, 9, 1.0], [0, 10, 1.0], [1, 2, 1.0], [1, 11, 1.0], [1, 12, 1.0], [2, 3, 1.0], [2, 13, 1.0], [2, 14, 1.0], [3, 4, 1.0], [3, 15, 1.0], [3, 16, 1.0], [4, 5, 2.0], [4, 6, 1.0], [6, 7, 1.0], [7, 17, 1.0], [7, 18, 1.0], [7, 19, 1.0]], "fix_com": true, "fix_orientation": true, "provenance": {"creator": "QCElemental", "version": "v0.22.0", "routine": "qcelemental.molparse.from_schema"}, "id": "144128"}, "charge": 0, "optimize_geometry": false, "conformers": [], "conformer_generation_options": {"n_conformer_pool": 4000, "n_max_conformers": 0, "rms_tolerance": 0.05, "energy_window": 15, "keep_original_conformer": true}, "stage_1_unrestrained_charges": null, "stage_1_restrained_charges": null, "stage_2_unrestrained_charges": null, "stage_2_restrained_charges": null, "keep_original_orientation": false, "reorientations": [], "translations": [], "rotations": []}}, {"index": 3, "molecule": {"qcmol": {"schema_name": "qcschema_molecule", "schema_version": 2, "validated": true, "symbols": ["C", "C", "C", "C", "C", "O", "O", "C", "H", "H", "H", "H", "H", "H", "H", "H", "H", "H", "H", "H"], "geometry": [[0.0, 0.0, 0.0], [2.8900176904246697, -7.441423262657219e-16, -7.662722083664776e-16], [4.0920255728359685, 2.636877069727225, 2.220446049250313e-16], [3.4208754175078884, 4.299550773737778, -2.287474521303695], [4.1256429865614574, 3.1008491852848596, -4.775993641234939], [2.6625301810387625, 2.4224507121502477, -6.341744997800619], [6.609553318293708, 2.862400796818046, -5.028544656201001], [7.4990572782769185, 1.7305266389592155, -7.28445018742086], [-0.7218356539351259, -1.9094432188886943, 0.19854588111328514], [-0.7572024329086383, 0.7638607907794509, -1.7440042682704948], [-0.7413277133076418, 1.1119356181015205, 1.5599067198013175], [3.5675630998919328, -1.0719763502421444, -1.6173204337894984], [3.5646308471048385, -0.998651457480741, 1.6632059076569186], [6.130891610744722, 2.4467990111151976, 0.09978485908568646], [3.511249284815019, 3.6436362938192186, 1.6934683976300993], [1.4193662586323257, 4.7030260509884245, -2.3547407491190766], [4.425555800585136, 6.080889226438595, -2.1345718221695154], [9.531876145744032, 1.7040466128534182, -7.131592539273593], [6.777604415321461, -0.17090416458203705, -7.466660193617976], [6.925208020080101, 2.824793113745137, -8.909840256933464]], "name": "C6H12O2", "identifiers": {"molecule_hash": "f01c1b7834876010f4016a89e8f432aba410ed1a", "molecular_formula": "C6H12O2"}, "molecular_charge": 0.0, "molecular_multiplicity": 1, "connectivity": [[0, 1, 1.0], [0, 8, 1.0], [0, 9, 1.0], [0, 10, 1.0], [1, 2, 1.0], [1, 11, 1.0], [1, 12, 1.0], [2, 3, 1.0], [2, 13, 1.0], [2, 14, 1.0], [3, 4, 1.0], [3, 15, 1.0], [3, 16, 1.0], [4, 5, 2.0], [4, 6, 1.0], [6, 7, 1.0], [7, 17, 1.0], [7, 18, 1.0], [7, 19, 1.0]], "fix_com": true, "fix_orientation": true, "provenance": {"creator": "QCElemental", "version": "v0.22.0", "routine": "qcelemental.molparse.from_schema"}, "id": "144128"}, "charge": 0, "optimize_geometry": false, "conformers": [], "conformer_generation_options": {"n_conformer_pool": 4000, "n_max_conformers": 0, "rms_tolerance": 0.05, "energy_window": 15, "keep_original_conformer": true}, "stage_1_unrestrained_charges": null, "stage_1_restrained_charges": null, "stage_2_unrestrained_charges": null, "stage_2_restrained_charges": null, "keep_original_orientation": false, "reorientations": [], "translations": [], "rotations": []}}, {"index": 7, "molecule": {"qcmol": {"schema_name": "qcschema_molecule", "schema_version": 2, "validated": true, "symbols": ["C", "C", "C", "C", "C", "O", "O", "C", "H", "H", "H", "H", "H", "H", "H", "H", "H", "H", "H", "H"], "geometry": [[0.0, 0.0, 0.0], [2.8900176904246697, -7.441423262657219e-16, -7.662722083664776e-16], [4.0920255728359685, 2.636877069727225, 2.220446049250313e-16], [3.4208754175078884, 4.299550773737778, -2.287474521303695], [4.1256429865614574, 3.1008491852848596, -4.775993641234939], [2.6625301810387625, 2.4224507121502477, -6.341744997800619], [6.609553318293708, 2.862400796818046, -5.028544656201001], [7.4990572782769185, 1.7305266389592155, -7.28445018742086], [-0.7218356539351259, -1.9094432188886943, 0.19854588111328514], [-0.7572024329086383, 0.7638607907794509, -1.7440042682704948], [-0.7413277133076418, 1.1119356181015205, 1.5599067198013175], [3.5675630998919328, -1.0719763502421444, -1.6173204337894984], [3.5646308471048385, -0.998651457480741, 1.6632059076569186], [6.130891610744722, 2.4467990111151976, 0.09978485908568646], [3.511249284815019, 3.6436362938192186, 1.6934683976300993], [1.4193662586323257, 4.7030260509884245, -2.3547407491190766], [4.425555800585136, 6.080889226438595, -2.1345718221695154], [9.531876145744032, 1.7040466128534182, -7.131592539273593], [6.777604415321461, -0.17090416458203705, -7.466660193617976], [6.925208020080101, 2.824793113745137, -8.909840256933464]], "name": "C6H12O2", "identifiers": {"molecule_hash": "f01c1b7834876010f4016a89e8f432aba410ed1a", "molecular_formula": "C6H12O2"}, "molecular_charge": 0.0, "molecular_multiplicity": 1, "connectivity": [[0, 1, 1.0], [0, 8, 1.0], [0, 9, 1.0], [0, 10, 1.0], [1, 2, 1.0], [1, 11, 1.0], [1, 12, 1.0], [2, 3, 1.0], [2, 13, 1.0], [2, 14, 1.0], [3, 4, 1.0], [3, 15, 1.0], [3, 16, 1.0], [4, 5, 2.0], [4, 6, 1.0], [6, 7, 1.0], [7, 17, 1.0], [7, 18, 1.0], [7, 19, 1.0]], "fix_com": true, "fix_orientation": true, "provenance": {"creator": "QCElemental", "version": "v0.22.0", "routine": "qcelemental.molparse.from_schema"}, "id": "144128"}, "charge": 0, "optimize_geometry": false, "conformers": [], "conformer_generation_options": {"n_conformer_pool": 4000, "n_max_conformers": 0, "rms_tolerance": 0.05, "energy_window": 15, "keep_original_conformer": true}, "stage_1_unrestrained_charges": null, "stage_1_restrained_charges": null, "stage_2_unrestrained_charges": null, "stage_2_restrained_charges": null, "keep_original_orientation": false, "reorientations": [], "translations": [], "rotations": []}}]}, "surface_constraints": {"matrix": [[318794462221483.94, 308720554578116.75, 296235207292473.75, 283048586748496.9, 274341971027438.12, 270358596006074.8, 266667824910859.25, 248309435185321.34, 320080921671005.7, 320547844773423.2, 319546801321450.7, 308044931611191.44, 307027346998885.56, 294971203495607.25, 295152861477124.6, 277183646166970.12, 282223101232235.2, 241417128133578.25, 243451004991375.84, 244443923187256.22], [308720554578116.75, 316543863958189.2, 307802681174942.2, 295663718660644.9, 284624872217343.75, 279003994359123.5, 276843685669534.6, 256448051715295.9, 305522828035910.5, 305739861325249.06, 305191624190139.25, 321050352953145.5, 320182782325988.0, 307336804011375.7, 307482005576537.44, 291417590027040.25, 295418326154620.0, 249324351449842.22, 250623053581495.88, 252209904336212.62], [296235207292473.75, 307802681174942.2, 316100715360037.0, 307448528014418.75, 296528736697479.56, 289484461644634.6, 290535714793744.1, 268578690105522.53, 291283055149237.8, 297003574078105.4, 288722202458193.4, 307394577006402.44, 306729836643653.06, 320745396130041.25, 320806723233887.75, 306272958329099.1, 306241963985731.9, 262194052755696.0, 262985218396262.84, 262004364466130.72], [283048586748496.9, 295663718660644.9, 307448528014418.75, 315569475933129.1, 307812154549148.9, 301969633291223.0, 301524955055270.06, 279978475273261.8, 279436057232108.03, 283177943924742.0, 274628198789769.75, 294444563058854.3, 294332739712395.3, 307342895138735.1, 307265247237955.75, 319371819318883.4, 319560866545898.9, 271744197304820.12, 274632299173062.2, 275023934068649.72], [274341971027438.12, 284624872217343.75, 296528736697479.56, 307812154549148.9, 315444585492091.2, 316554983624862.94, 312506354323186.4, 299574048455389.25, 271783543109133.66, 275342495672435.06, 266040230646247.6, 285461490278129.25, 279762858593422.44, 293459377182911.75, 297574615936301.9, 307224962236463.1, 307411845794320.9, 291620209317869.4, 296559351703001.0, 297400532971232.4], [270358596006074.8, 279003994359123.5, 289484461644634.6, 301969633291223.0, 316554983624862.94, 330338743027398.94, 306027506085442.8, 298893077890245.6, 267236695148176.97, 272521517836309.16, 262816810535826.66, 281039606944609.16, 272758195213386.16, 283700386657438.25, 291264805657671.94, 299455604682429.25, 299616775577905.2, 288506367255854.3, 298652118982586.44, 300577122932291.4], [266667824910859.25, 276843685669534.6, 290535714793744.1, 301524955055270.06, 312506354323186.4, 306027506085442.8, 323440793076249.8, 312854893991402.6, 265553477201521.9, 267188161466253.12, 257682751282416.3, 277359420356607.72, 271083924612583.28, 289425663892713.5, 291407640714955.44, 299437193592310.56, 300137445250381.8, 309679580646597.8, 308678168050399.2, 308254055521825.9], [248309435185321.34, 256448051715295.9, 268578690105522.53, 279978475273261.8, 299574048455389.25, 298893077890245.6, 312854893991402.6, 318037471048911.44, 247452390361049.88, 249506717872038.44, 240204797251072.03, 258179450972161.9, 249563418745252.44, 265898898791446.34, 269630536817354.4, 275539009210399.28, 276111311171046.0, 318047528946177.06, 318073715756600.75, 317826016445781.8], [320080921671005.7, 305522828035910.5, 291283055149237.8, 279436057232108.03, 271783543109133.66, 267236695148176.97, 265553477201521.9, 247452390361049.88, 334605439859875.4, 317138826541773.6, 316144578477456.0, 303931727976165.4, 302949449533864.6, 290878219921490.7, 287157255863654.2, 272647512767348.88, 279779647017242.84, 240662317276141.38, 243135123268645.88, 243141900533882.38], [320547844773423.2, 305739861325249.06, 297003574078105.4, 283177943924742.0, 275342495672435.06, 272521517836309.16, 267188161466253.12, 249506717872038.44, 317138826541773.6, 336036616526123.0, 316452242486345.7, 302909228094130.25, 299532926556627.94, 296087039111015.1, 298507659697335.2, 276905393887767.03, 281823340780350.56, 243143012603820.44, 244665235377242.53, 245483411753938.0], [319546801321450.7, 305191624190139.25, 288722202458193.4, 274628198789769.75, 266040230646247.6, 262816810535826.66, 257682751282416.3, 240204797251072.03, 316144578477456.0, 316452242486345.7, 333326339511046.9, 303481402871363.25, 304660046757392.0, 285699180451799.8, 287603997480188.8, 268994798079771.97, 272881843690228.7, 233040016320451.28, 235483525741487.0, 237259459851742.66], [308044931611191.44, 321050352953145.5, 307394577006402.44, 294444563058854.3, 285461490278129.25, 281039606944609.16, 277359420356607.72, 258179450972161.9, 303931727976165.4, 302909228094130.25, 303481402871363.25, 338640582178829.06, 319777881629595.5, 303632833732412.6, 307223166042723.06, 287362146454474.4, 294860675355087.75, 250389410360687.25, 252031601915062.5, 255683865189783.47], [307027346998885.56, 320182782325988.0, 306729836643653.06, 294332739712395.3, 279762858593422.44, 272758195213386.16, 271083924612583.28, 249563418745252.44, 302949449533864.6, 299532926556627.94, 304660046757392.0, 319777881629595.5, 336741251756111.06, 306153783261874.3, 302946295034915.56, 292238864772738.1, 294472635327587.1, 242530644203644.6, 243278222119350.84, 245153025061884.2], [294971203495607.25, 307336804011375.7, 320745396130041.25, 307342895138735.1, 293459377182911.75, 283700386657438.25, 289425663892713.5, 265898898791446.34, 290878219921490.7, 296087039111015.1, 285699180451799.8, 303632833732412.6, 306153783261874.3, 337988891108033.56, 320687552845815.25, 306188558077665.6, 304819266968532.25, 259616732156475.06, 261188445184796.47, 257371791792689.06], [295152861477124.6, 307482005576537.44, 320806723233887.75, 307265247237955.75, 297574615936301.9, 291264805657671.94, 291407640714955.44, 269630536817354.4, 287157255863654.2, 298507659697335.2, 287603997480188.8, 307223166042723.06, 302946295034915.56, 320687552845815.25, 338211926156048.7, 304789414658710.3, 302540534314144.94, 265137248726598.9, 263208237976106.06, 261994578787241.1], [277183646166970.12, 291417590027040.25, 306272958329099.1, 319371819318883.4, 307224962236463.1, 299455604682429.25, 299437193592310.56, 275539009210399.28, 272647512767348.88, 276905393887767.03, 268994798079771.97, 287362146454474.4, 292238864772738.1, 306188558077665.6, 304789414658710.3, 335586044898104.4, 318442255469148.7, 266368942408832.25, 270204816032857.75, 270056718033705.38], [282223101232235.2, 295418326154620.0, 306241963985731.9, 319560866545898.9, 307411845794320.9, 299616775577905.2, 300137445250381.8, 276111311171046.0, 279779647017242.84, 281823340780350.56, 272881843690228.7, 294860675355087.75, 294472635327587.1, 304819266968532.25, 302540534314144.94, 318442255469148.7, 336047043574229.1, 267221990133192.12, 269658203180769.28, 271400967980434.25], [241417128133578.25, 249324351449842.22, 262194052755696.0, 271744197304820.12, 291620209317869.4, 288506367255854.3, 309679580646597.8, 318047528946177.06, 240662317276141.38, 243143012603820.44, 233040016320451.28, 250389410360687.25, 242530644203644.6, 259616732156475.06, 265137248726598.9, 266368942408832.25, 267221990133192.12, 331149290927203.8, 312907123580567.8, 312656176172815.75], [243451004991375.84, 250623053581495.88, 262985218396262.84, 274632299173062.2, 296559351703001.0, 298652118982586.44, 308678168050399.2, 318073715756600.75, 243135123268645.88, 244665235377242.53, 235483525741487.0, 252031601915062.5, 243278222119350.84, 261188445184796.47, 263208237976106.06, 270204816032857.75, 269658203180769.28, 312907123580567.8, 331809762221552.8, 312888783325919.1], [244443923187256.22, 252209904336212.62, 262004364466130.72, 275023934068649.72, 297400532971232.4, 300577122932291.4, 308254055521825.9, 317826016445781.8, 243141900533882.38, 245483411753938.0, 237259459851742.66, 255683865189783.47, 245153025061884.2, 257371791792689.06, 261994578787241.1, 270056718033705.38, 271400967980434.25, 312656176172815.75, 312888783325919.1, 331518340650962.5], [-1376338891496.6318, -737651370148.9121, -887636024747.0059, -2276215785363.7314, -5644859720423.677, -11193619286876.639, -2526283145971.1904, -1991755183011.153, -1275477306116.2524, -1911850153333.367, -1435232703681.718, -1077076906839.5302, 268395582016.36215, 385427510359.0404, -1276407114278.3418, -1334418719401.1448, -1541618333807.4934, -99254791568.36472, -2297086417941.82, -2806249940998.5728]]}}