{"resp_b": 0.1, "restrained_fit": true, "exclude_hydrogens": true, "convergence_tolerance": 1e-06, "max_iter": 500, "resp_a": 0.0005, "charge_constraints": {"charge_sum_constraints": [], "charge_equivalence_constraints": [], "molecules": [{"qcmol": {"schema_name": "qcschema_molecule", "schema_version": 2, "validated": true, "symbols": ["C", "C", "C", "C", "C", "O", "O", "C", "H", "H", "H", "H", "H", "H", "H", "H", "H", "H", "H", "H"], "geometry": [[0.0, 0.0, 0.0], [2.8900176904246697, -7.441423262657219e-16, -7.662722083664776e-16], [4.0920255728359685, 2.636877069727225, 2.220446049250313e-16], [3.4208754175078884, 4.299550773737778, -2.287474521303695], [4.1256429865614574, 3.1008491852848596, -4.775993641234939], [2.6625301810387625, 2.4224507121502477, -6.341744997800619], [6.609553318293708, 2.862400796818046, -5.028544656201001], [7.4990572782769185, 1.7305266389592155, -7.28445018742086], [-0.7218356539351259, -1.9094432188886943, 0.19854588111328514], [-0.7572024329086383, 0.7638607907794509, -1.7440042682704948], [-0.7413277133076418, 1.1119356181015205, 1.5599067198013175], [3.5675630998919328, -1.0719763502421444, -1.6173204337894984], [3.5646308471048385, -0.998651457480741, 1.6632059076569186], [6.130891610744722, 2.4467990111151976, 0.09978485908568646], [3.511249284815019, 3.6436362938192186, 1.6934683976300993], [1.4193662586323257, 4.7030260509884245, -2.3547407491190766], [4.425555800585136, 6.080889226438595, -2.1345718221695154], [9.531876145744032, 1.7040466128534182, -7.131592539273593], [6.777604415321461, -0.17090416458203705, -7.466660193617976], [6.925208020080101, 2.824793113745137, -8.909840256933464]], "name": "C6H12O2", "identifiers": {"molecule_hash": "f01c1b7834876010f4016a89e8f432aba410ed1a", "molecular_formula": "C6H12O2"}, "molecular_charge": 0.0, "molecular_multiplicity": 1, "connectivity": [[0, 1, 1.0], [0, 8, 1.0], [0, 9, 1.0], [0, 10, 1.0], [1, 2, 1.0], [1, 11, 1.0], [1, 12, 1.0], [2, 3, 1.0], [2, 13, 1.0], [2, 14, 1.0], [3, 4, 1.0], [3, 15, 1.0], [3, 16, 1.0], [4, 5, 2.0], [4, 6, 1.0], [6, 7, 1.0], [7, 17, 1.0], [7, 18, 1.0], [7, 19, 1.0]], "fix_com": true, "fix_orientation": true, "provenance": {"creator": "QCElemental", "version": "v0.22.0", "routine": "qcelemental.molparse.from_schema"}, "id": "144128"}, "charge": 0, "optimize_geometry": false, "conformers": [], "conformer_generation_options": {"n_conformer_pool": 4000, "n_max_conformers": 0, "rms_tolerance": 0.05, "energy_window": 15, "keep_original_conformer": true}, "stage_1_unrestrained_charges": null, "stage_1_restrained_charges": null, "stage_2_unrestrained_charges": null, "stage_2_restrained_charges": null, "keep_original_orientation": false, "reorientations": [], "translations": [], "rotations": []}], "unconstrained_atoms": [{"index": 0, "molecule": {"qcmol": {"schema_name": "qcschema_molecule", "schema_version": 2, "validated": true, "symbols": ["C", "C", "C", "C", "C", "O", "O", "C", "H", "H", "H", "H", "H", "H", "H", "H", "H", "H", "H", "H"], "geometry": [[0.0, 0.0, 0.0], [2.8900176904246697, -7.441423262657219e-16, -7.662722083664776e-16], [4.0920255728359685, 2.636877069727225, 2.220446049250313e-16], [3.4208754175078884, 4.299550773737778, -2.287474521303695], [4.1256429865614574, 3.1008491852848596, -4.775993641234939], [2.6625301810387625, 2.4224507121502477, -6.341744997800619], [6.609553318293708, 2.862400796818046, -5.028544656201001], [7.4990572782769185, 1.7305266389592155, -7.28445018742086], [-0.7218356539351259, -1.9094432188886943, 0.19854588111328514], [-0.7572024329086383, 0.7638607907794509, -1.7440042682704948], [-0.7413277133076418, 1.1119356181015205, 1.5599067198013175], [3.5675630998919328, -1.0719763502421444, -1.6173204337894984], [3.5646308471048385, -0.998651457480741, 1.6632059076569186], [6.130891610744722, 2.4467990111151976, 0.09978485908568646], [3.511249284815019, 3.6436362938192186, 1.6934683976300993], [1.4193662586323257, 4.7030260509884245, -2.3547407491190766], [4.425555800585136, 6.080889226438595, -2.1345718221695154], [9.531876145744032, 1.7040466128534182, -7.131592539273593], [6.777604415321461, -0.17090416458203705, -7.466660193617976], [6.925208020080101, 2.824793113745137, -8.909840256933464]], "name": "C6H12O2", "identifiers": {"molecule_hash": "f01c1b7834876010f4016a89e8f432aba410ed1a", "molecular_formula": "C6H12O2"}, "molecular_charge": 0.0, "molecular_multiplicity": 1, "connectivity": [[0, 1, 1.0], [0, 8, 1.0], [0, 9, 1.0], [0, 10, 1.0], [1, 2, 1.0], [1, 11, 1.0], [1, 12, 1.0], [2, 3, 1.0], [2, 13, 1.0], [2, 14, 1.0], [3, 4, 1.0], [3, 15, 1.0], [3, 16, 1.0], [4, 5, 2.0], [4, 6, 1.0], [6, 7, 1.0], [7, 17, 1.0], [7, 18, 1.0], [7, 19, 1.0]], "fix_com": true, "fix_orientation": true, "provenance": {"creator": "QCElemental", "version": "v0.22.0", "routine": "qcelemental.molparse.from_schema"}, "id": "144128"}, "charge": 0, "optimize_geometry": false, "conformers": [], "conformer_generation_options": {"n_conformer_pool": 4000, "n_max_conformers": 0, "rms_tolerance": 0.05, "energy_window": 15, "keep_original_conformer": true}, "stage_1_unrestrained_charges": null, "stage_1_restrained_charges": null, "stage_2_unrestrained_charges": null, "stage_2_restrained_charges": null, "keep_original_orientation": false, "reorientations": [], "translations": [], "rotations": []}}, {"index": 1, "molecule": {"qcmol": {"schema_name": "qcschema_molecule", "schema_version": 2, "validated": true, "symbols": ["C", "C", "C", "C", "C", "O", "O", "C", "H", "H", "H", "H", "H", "H", "H", "H", "H", "H", "H", "H"], "geometry": [[0.0, 0.0, 0.0], [2.8900176904246697, -7.441423262657219e-16, -7.662722083664776e-16], [4.0920255728359685, 2.636877069727225, 2.220446049250313e-16], [3.4208754175078884, 4.299550773737778, -2.287474521303695], [4.1256429865614574, 3.1008491852848596, -4.775993641234939], [2.6625301810387625, 2.4224507121502477, -6.341744997800619], [6.609553318293708, 2.862400796818046, -5.028544656201001], [7.4990572782769185, 1.7305266389592155, -7.28445018742086], [-0.7218356539351259, -1.9094432188886943, 0.19854588111328514], [-0.7572024329086383, 0.7638607907794509, -1.7440042682704948], [-0.7413277133076418, 1.1119356181015205, 1.5599067198013175], [3.5675630998919328, -1.0719763502421444, -1.6173204337894984], [3.5646308471048385, -0.998651457480741, 1.6632059076569186], [6.130891610744722, 2.4467990111151976, 0.09978485908568646], [3.511249284815019, 3.6436362938192186, 1.6934683976300993], [1.4193662586323257, 4.7030260509884245, -2.3547407491190766], [4.425555800585136, 6.080889226438595, -2.1345718221695154], [9.531876145744032, 1.7040466128534182, -7.131592539273593], [6.777604415321461, -0.17090416458203705, -7.466660193617976], [6.925208020080101, 2.824793113745137, -8.909840256933464]], "name": "C6H12O2", "identifiers": {"molecule_hash": "f01c1b7834876010f4016a89e8f432aba410ed1a", "molecular_formula": "C6H12O2"}, "molecular_charge": 0.0, "molecular_multiplicity": 1, "connectivity": [[0, 1, 1.0], [0, 8, 1.0], [0, 9, 1.0], [0, 10, 1.0], [1, 2, 1.0], [1, 11, 1.0], [1, 12, 1.0], [2, 3, 1.0], [2, 13, 1.0], [2, 14, 1.0], [3, 4, 1.0], [3, 15, 1.0], [3, 16, 1.0], [4, 5, 2.0], [4, 6, 1.0], [6, 7, 1.0], [7, 17, 1.0], [7, 18, 1.0], [7, 19, 1.0]], "fix_com": true, "fix_orientation": true, "provenance": {"creator": "QCElemental", "version": "v0.22.0", "routine": "qcelemental.molparse.from_schema"}, "id": "144128"}, "charge": 0, "optimize_geometry": false, "conformers": [], "conformer_generation_options": {"n_conformer_pool": 4000, "n_max_conformers": 0, "rms_tolerance": 0.05, "energy_window": 15, "keep_original_conformer": true}, "stage_1_unrestrained_charges": null, "stage_1_restrained_charges": null, "stage_2_unrestrained_charges": null, "stage_2_restrained_charges": null, "keep_original_orientation": false, "reorientations": [], "translations": [], "rotations": []}}, {"index": 2, "molecule": {"qcmol": {"schema_name": "qcschema_molecule", "schema_version": 2, "validated": true, "symbols": ["C", "C", "C", "C", "C", "O", "O", "C", "H", "H", "H", "H", "H", "H", "H", "H", "H", "H", "H", "H"], "geometry": [[0.0, 0.0, 0.0], [2.8900176904246697, -7.441423262657219e-16, -7.662722083664776e-16], [4.0920255728359685, 2.636877069727225, 2.220446049250313e-16], [3.4208754175078884, 4.299550773737778, -2.287474521303695], [4.1256429865614574, 3.1008491852848596, -4.775993641234939], [2.6625301810387625, 2.4224507121502477, -6.341744997800619], [6.609553318293708, 2.862400796818046, -5.028544656201001], [7.4990572782769185, 1.7305266389592155, -7.28445018742086], [-0.7218356539351259, -1.9094432188886943, 0.19854588111328514], [-0.7572024329086383, 0.7638607907794509, -1.7440042682704948], [-0.7413277133076418, 1.1119356181015205, 1.5599067198013175], [3.5675630998919328, -1.0719763502421444, -1.6173204337894984], [3.5646308471048385, -0.998651457480741, 1.6632059076569186], [6.130891610744722, 2.4467990111151976, 0.09978485908568646], [3.511249284815019, 3.6436362938192186, 1.6934683976300993], [1.4193662586323257, 4.7030260509884245, -2.3547407491190766], [4.425555800585136, 6.080889226438595, -2.1345718221695154], [9.531876145744032, 1.7040466128534182, -7.131592539273593], [6.777604415321461, -0.17090416458203705, -7.466660193617976], [6.925208020080101, 2.824793113745137, -8.909840256933464]], "name": "C6H12O2", "identifiers": {"molecule_hash": "f01c1b7834876010f4016a89e8f432aba410ed1a", "molecular_formula": "C6H12O2"}, "molecular_charge": 0.0, "molecular_multiplicity": 1, "connectivity": [[0, 1, 1.0], [0, 8, 1.0], [0, 9, 1.0], [0, 10, 1.0], [1, 2, 1.0], [1, 11, 1.0], [1, 12, 1.0], [2, 3, 1.0], [2, 13, 1.0], [2, 14, 1.0], [3, 4, 1.0], [3, 15, 1.0], [3, 16, 1.0], [4, 5, 2.0], [4, 6, 1.0], [6, 7, 1.0], [7, 17, 1.0], [7, 18, 1.0], [7, 19, 1.0]], "fix_com": true, "fix_orientation": true, "provenance": {"creator": "QCElemental", "version": "v0.22.0", "routine": "qcelemental.molparse.from_schema"}, "id": "144128"}, "charge": 0, "optimize_geometry": false, "conformers": [], "conformer_generation_options": {"n_conformer_pool": 4000, "n_max_conformers": 0, "rms_tolerance": 0.05, "energy_window": 15, "keep_original_conformer": true}, "stage_1_unrestrained_charges": null, "stage_1_restrained_charges": null, "stage_2_unrestrained_charges": null, "stage_2_restrained_charges": null, "keep_original_orientation": false, "reorientations": [], "translations": [], "rotations": []}}, {"index": 3, "molecule": {"qcmol": {"schema_name": "qcschema_molecule", "schema_version": 2, "validated": true, "symbols": ["C", "C", "C", "C", "C", "O", "O", "C", "H", "H", "H", "H", "H", "H", "H", "H", "H", "H", "H", "H"], "geometry": [[0.0, 0.0, 0.0], [2.8900176904246697, -7.441423262657219e-16, -7.662722083664776e-16], [4.0920255728359685, 2.636877069727225, 2.220446049250313e-16], [3.4208754175078884, 4.299550773737778, -2.287474521303695], [4.1256429865614574, 3.1008491852848596, -4.775993641234939], [2.6625301810387625, 2.4224507121502477, -6.341744997800619], [6.609553318293708, 2.862400796818046, -5.028544656201001], [7.4990572782769185, 1.7305266389592155, -7.28445018742086], [-0.7218356539351259, -1.9094432188886943, 0.19854588111328514], [-0.7572024329086383, 0.7638607907794509, -1.7440042682704948], [-0.7413277133076418, 1.1119356181015205, 1.5599067198013175], [3.5675630998919328, -1.0719763502421444, -1.6173204337894984], [3.5646308471048385, -0.998651457480741, 1.6632059076569186], [6.130891610744722, 2.4467990111151976, 0.09978485908568646], [3.511249284815019, 3.6436362938192186, 1.6934683976300993], [1.4193662586323257, 4.7030260509884245, -2.3547407491190766], [4.425555800585136, 6.080889226438595, -2.1345718221695154], [9.531876145744032, 1.7040466128534182, -7.131592539273593], [6.777604415321461, -0.17090416458203705, -7.466660193617976], [6.925208020080101, 2.824793113745137, -8.909840256933464]], "name": "C6H12O2", "identifiers": {"molecule_hash": "f01c1b7834876010f4016a89e8f432aba410ed1a", "molecular_formula": "C6H12O2"}, "molecular_charge": 0.0, "molecular_multiplicity": 1, "connectivity": [[0, 1, 1.0], [0, 8, 1.0], [0, 9, 1.0], [0, 10, 1.0], [1, 2, 1.0], [1, 11, 1.0], [1, 12, 1.0], [2, 3, 1.0], [2, 13, 1.0], [2, 14, 1.0], [3, 4, 1.0], [3, 15, 1.0], [3, 16, 1.0], [4, 5, 2.0], [4, 6, 1.0], [6, 7, 1.0], [7, 17, 1.0], [7, 18, 1.0], [7, 19, 1.0]], "fix_com": true, "fix_orientation": true, "provenance": {"creator": "QCElemental", "version": "v0.22.0", "routine": "qcelemental.molparse.from_schema"}, "id": "144128"}, "charge": 0, "optimize_geometry": false, "conformers": [], "conformer_generation_options": {"n_conformer_pool": 4000, "n_max_conformers": 0, "rms_tolerance": 0.05, "energy_window": 15, "keep_original_conformer": true}, "stage_1_unrestrained_charges": null, "stage_1_restrained_charges": null, "stage_2_unrestrained_charges": null, "stage_2_restrained_charges": null, "keep_original_orientation": false, "reorientations": [], "translations": [], "rotations": []}}, {"index": 7, "molecule": {"qcmol": {"schema_name": "qcschema_molecule", "schema_version": 2, "validated": true, "symbols": ["C", "C", "C", "C", "C", "O", "O", "C", "H", "H", "H", "H", "H", "H", "H", "H", "H", "H", "H", "H"], "geometry": [[0.0, 0.0, 0.0], [2.8900176904246697, -7.441423262657219e-16, -7.662722083664776e-16], [4.0920255728359685, 2.636877069727225, 2.220446049250313e-16], [3.4208754175078884, 4.299550773737778, -2.287474521303695], [4.1256429865614574, 3.1008491852848596, -4.775993641234939], [2.6625301810387625, 2.4224507121502477, -6.341744997800619], [6.609553318293708, 2.862400796818046, -5.028544656201001], [7.4990572782769185, 1.7305266389592155, -7.28445018742086], [-0.7218356539351259, -1.9094432188886943, 0.19854588111328514], [-0.7572024329086383, 0.7638607907794509, -1.7440042682704948], [-0.7413277133076418, 1.1119356181015205, 1.5599067198013175], [3.5675630998919328, -1.0719763502421444, -1.6173204337894984], [3.5646308471048385, -0.998651457480741, 1.6632059076569186], [6.130891610744722, 2.4467990111151976, 0.09978485908568646], [3.511249284815019, 3.6436362938192186, 1.6934683976300993], [1.4193662586323257, 4.7030260509884245, -2.3547407491190766], [4.425555800585136, 6.080889226438595, -2.1345718221695154], [9.531876145744032, 1.7040466128534182, -7.131592539273593], [6.777604415321461, -0.17090416458203705, -7.466660193617976], [6.925208020080101, 2.824793113745137, -8.909840256933464]], "name": "C6H12O2", "identifiers": {"molecule_hash": "f01c1b7834876010f4016a89e8f432aba410ed1a", "molecular_formula": "C6H12O2"}, "molecular_charge": 0.0, "molecular_multiplicity": 1, "connectivity": [[0, 1, 1.0], [0, 8, 1.0], [0, 9, 1.0], [0, 10, 1.0], [1, 2, 1.0], [1, 11, 1.0], [1, 12, 1.0], [2, 3, 1.0], [2, 13, 1.0], [2, 14, 1.0], [3, 4, 1.0], [3, 15, 1.0], [3, 16, 1.0], [4, 5, 2.0], [4, 6, 1.0], [6, 7, 1.0], [7, 17, 1.0], [7, 18, 1.0], [7, 19, 1.0]], "fix_com": true, "fix_orientation": true, "provenance": {"creator": "QCElemental", "version": "v0.22.0", "routine": "qcelemental.molparse.from_schema"}, "id": "144128"}, "charge": 0, "optimize_geometry": false, "conformers": [], "conformer_generation_options": {"n_conformer_pool": 4000, "n_max_conformers": 0, "rms_tolerance": 0.05, "energy_window": 15, "keep_original_conformer": true}, "stage_1_unrestrained_charges": null, "stage_1_restrained_charges": null, "stage_2_unrestrained_charges": null, "stage_2_restrained_charges": null, "keep_original_orientation": false, "reorientations": [], "translations": [], "rotations": []}}]}, "surface_constraints": {"matrix": [[4693.444313515602, 4555.773707393096, 4388.1456051977175, 4211.927435489346, 4086.963108203953, 4037.6881747637544, 3980.6651812210694, 3733.0680639066613, 4722.110261054489, 4727.067688580866, 4710.903997809435, 4549.92320060521, 4539.935702639319, 4375.30035788615, 4377.4019713537755, 4139.923846049864, 4209.042889161606, 3642.9825111083774, 3670.6384644504788, 3685.2912558693242], [4555.773707393096, 4659.999844503197, 4545.4340609667315, 4384.943756721899, 4228.164194912479, 4156.380434751121, 4121.64117955399, 3847.2165032192643, 4521.127155135935, 4523.469580523915, 4513.199675390608, 4724.1750151397655, 4719.098223845394, 4544.779813066222, 4546.088708654445, 4337.80774973498, 4390.740050831935, 3755.430711336242, 3771.1477301048017, 3794.5948350037675], [4388.1456051977175, 4545.4340609667315, 4659.917398645769, 4547.396239158144, 4392.6629383102345, 4302.398864173374, 4311.607414486873, 4019.088517219213, 4327.029711482118, 4405.66046372463, 4289.056704046254, 4542.11824301428, 4539.399652266415, 4729.966424218856, 4729.858608852706, 4544.526383219691, 4541.006722874803, 3939.3847063121075, 3947.718871180568, 3935.0002427356967], [4211.927435489346, 4384.943756721899, 4547.396239158144, 4661.686926882976, 4549.05886755453, 4477.117968136231, 4464.874720352569, 4182.013222831801, 4167.616050666647, 4219.88597510342, 4098.37432250149, 4369.2983658539515, 4374.688297389704, 4551.909510766234, 4548.943079578712, 4729.063358199648, 4728.467223628699, 4077.3805235712116, 4115.523992728699, 4123.177304062227], [4086.963108203953, 4228.164194912479, 4392.6629383102345, 4549.05886755453, 4641.346394813835, 4665.274707080507, 4603.521869295592, 4446.316552857539, 4056.2606502664617, 4106.434953494542, 3974.8756680795864, 4240.005027329961, 4168.135624058428, 4356.0389458269265, 4410.992256330387, 4556.364585608519, 4556.140465548632, 4350.248887362221, 4415.074934577465, 4429.695695422093], [4037.6881747637544, 4156.380434751121, 4302.398864173374, 4477.117968136231, 4665.274707080507, 4857.444166747608, 4525.855636446416, 4446.1679168139, 3998.243245199903, 4073.796931334653, 3935.958968512846, 4184.9342199563425, 4075.849039324177, 4226.711020535595, 4331.247745133053, 4457.225343510239, 4456.676022162342, 4315.263796787704, 4452.3889206235335, 4482.721266436101], [3980.6651812210694, 4121.64117955399, 4311.607414486873, 4464.874720352569, 4603.521869295592, 4525.855636446416, 4747.466729913327, 4626.191561175112, 3970.0759738923202, 3992.096754773595, 3858.2646789732926, 4128.847484597047, 4048.6225591988537, 4301.872611862147, 4327.074750194323, 4450.657841724025, 4457.446886712454, 4598.720804539634, 4581.551900065539, 4579.21108360465], [3733.0680639066613, 3847.2165032192643, 4019.088517219213, 4182.013222831801, 4446.316552857539, 4446.1679168139, 4626.191561175112, 4714.350655645812, 3725.283230424698, 3753.6775845220322, 3621.203495031697, 3871.806814279136, 3755.2315647294936, 3985.4614763490245, 4037.1038131612754, 4131.679362885069, 4137.002268132735, 4730.931417218475, 4726.482284081974, 4727.9417407485325], [4722.110261054489, 4521.127155135935, 4327.029711482118, 4167.616050666647, 4056.2606502664617, 3998.243245199903, 3970.0759738923202, 3725.283230424698, 4935.002020044825, 4689.71249172305, 4675.854628046943, 4502.098183360775, 4492.595066105157, 4326.230378352894, 4272.654834916787, 4081.7356406207573, 4180.847777132937, 3635.9949603534747, 3670.086536876186, 3671.704411212838], [4727.067688580866, 4523.469580523915, 4405.66046372463, 4219.88597510342, 4106.434953494542, 4073.796931334653, 3992.096754773595, 3753.6775845220322, 4689.71249172305, 4952.285513997085, 4677.061531656499, 4487.8233109065495, 4443.662810060732, 4396.524143685516, 4431.831359804403, 4141.937586752329, 4209.426134415135, 3671.0233191067005, 3691.560300730329, 3703.655909305103], [4710.903997809435, 4513.199675390608, 4289.056704046254, 4098.37432250149, 3974.8756680795864, 3935.958968512846, 3858.2646789732926, 3621.203495031697, 4675.854628046943, 4677.061531656499, 4909.556679831918, 4493.178635206297, 4512.999539446835, 4251.579892057305, 4276.931885401766, 4027.9549540716757, 4082.03457407732, 3526.2441110566374, 3560.6615543404437, 3585.2641572967286], [4549.92320060521, 4724.1750151397655, 4542.11824301428, 4369.2983658539515, 4240.005027329961, 4184.9342199563425, 4128.847484597047, 3871.806814279136, 4502.098183360775, 4487.8233109065495, 4493.178635206297, 4969.748367006016, 4715.279728655955, 4495.391101188994, 4545.632731607317, 4281.587170403895, 4384.978548122755, 3771.238830482242, 3791.1343957133245, 3843.8154026261877], [4539.935702639319, 4719.098223845394, 4539.399652266415, 4374.688297389704, 4168.135624058428, 4075.849039324177, 4048.6225591988537, 3755.2315647294936, 4492.595066105157, 4443.662810060732, 4512.999539446835, 4715.279728655955, 4960.162998214699, 4537.341281811347, 4490.812189914997, 4358.184448485571, 4384.939173812322, 3663.4949322047537, 3671.1036613575534, 3699.3627258240635], [4375.30035788615, 4544.779813066222, 4729.966424218856, 4551.909510766234, 4356.0389458269265, 4226.711020535595, 4301.872611862147, 3985.4614763490245, 4326.230378352894, 4396.524143685516, 4251.579892057305, 4495.391101188994, 4537.341281811347, 4977.0798395238235, 4732.987462427261, 4548.982862443354, 4526.528256450683, 3906.3910866709266, 3926.0780649857975, 3873.09443576323], [4377.4019713537755, 4546.088708654445, 4729.858608852706, 4548.943079578712, 4410.992256330387, 4331.247745133053, 4327.074750194323, 4037.1038131612754, 4272.654834916787, 4431.831359804403, 4276.931885401766, 4545.632731607317, 4490.812189914997, 4732.987462427261, 4978.780106988875, 4527.521244045162, 4492.90135278719, 3984.9003721617355, 3953.959539902595, 3937.3640561548777], [4139.923846049864, 4337.80774973498, 4544.526383219691, 4729.063358199648, 4556.364585608519, 4457.225343510239, 4450.657841724025, 4131.679362885069, 4081.7356406207573, 4141.937586752329, 4027.9549540716757, 4281.587170403895, 4358.184448485571, 4548.982862443354, 4527.521244045162, 4973.105108605364, 4724.725215881555, 4011.9618294173392, 4064.181236987568, 4064.523287470955], [4209.042889161606, 4390.740050831935, 4541.006722874803, 4728.467223628699, 4556.140465548632, 4456.676022162342, 4457.446886712454, 4137.002268132735, 4180.847777132937, 4209.426134415135, 4082.03457407732, 4384.978548122755, 4384.939173812322, 4526.528256450683, 4492.90135278719, 4724.725215881555, 4972.3678399096825, 4021.263428984158, 4053.9824117308585, 4080.833029611247], [3642.9825111083774, 3755.430711336242, 3939.3847063121075, 4077.3805235712116, 4350.248887362221, 4315.263796787704, 4598.720804539634, 4730.931417218475, 3635.9949603534747, 3671.0233191067005, 3526.2441110566374, 3771.238830482242, 3663.4949322047537, 3906.3910866709266, 3984.9003721617355, 4011.9618294173392, 4021.263428984158, 4931.482652726585, 4669.713670452044, 4672.178930076383], [3670.6384644504788, 3771.1477301048017, 3947.718871180568, 4115.523992728699, 4415.074934577465, 4452.3889206235335, 4581.551900065539, 4726.482284081974, 3670.086536876186, 3691.560300730329, 3560.6615543404437, 3791.1343957133245, 3671.1036613575534, 3926.0780649857975, 3953.959539902595, 4064.181236987568, 4053.9824117308585, 4669.713670452044, 4929.3450386682725, 4670.328338963076], [3685.2912558693242, 3794.5948350037675, 3935.0002427356967, 4123.177304062227, 4429.695695422093, 4482.721266436101, 4579.21108360465, 4727.9417407485325, 3671.704411212838, 3703.655909305103, 3585.2641572967286, 3843.8154026261877, 3699.3627258240635, 3873.09443576323, 3937.3640561548777, 4064.523287470955, 4080.833029611247, 4672.178930076383, 4670.328338963076, 4934.281109484878], [-13.90189660410361, -8.056809571283942, -10.526725323964726, -26.380170743404882, -60.763290735461815, -120.6050225119592, -25.672591657812323, -17.09423766268054, -12.821654802985604, -19.17298077804829, -14.172696974778418, -11.107031313463299, 2.3737891344421556, 2.860831013012946, -14.37326456993962, -16.646743224579865, -19.632081350976442, 4.90917432637061, -19.50402684170179, -25.45556701017168]]}}