{"resp_b": 0.1, "restrained_fit": true, "exclude_hydrogens": true, "convergence_tolerance": 1e-06, "max_iter": 500, "resp_a": 0.0005, "charge_constraints": {"charge_sum_constraints": [], "charge_equivalence_constraints": [], "molecules": [{"qcmol": {"schema_name": "qcschema_molecule", "schema_version": 2, "validated": true, "symbols": ["C", "C", "C", "C", "C", "O", "O", "C", "H", "H", "H", "H", "H", "H", "H", "H", "H", "H", "H", "H"], "geometry": [[0.0, 0.0, 0.0], [2.8900176904246697, -7.441423262657219e-16, -7.662722083664776e-16], [4.0920255728359685, 2.636877069727225, 2.220446049250313e-16], [3.4208754175078884, 4.299550773737778, -2.287474521303695], [4.1256429865614574, 3.1008491852848596, -4.775993641234939], [2.6625301810387625, 2.4224507121502477, -6.341744997800619], [6.609553318293708, 2.862400796818046, -5.028544656201001], [7.4990572782769185, 1.7305266389592155, -7.28445018742086], [-0.7218356539351259, -1.9094432188886943, 0.19854588111328514], [-0.7572024329086383, 0.7638607907794509, -1.7440042682704948], [-0.7413277133076418, 1.1119356181015205, 1.5599067198013175], [3.5675630998919328, -1.0719763502421444, -1.6173204337894984], [3.5646308471048385, -0.998651457480741, 1.6632059076569186], [6.130891610744722, 2.4467990111151976, 0.09978485908568646], [3.511249284815019, 3.6436362938192186, 1.6934683976300993], [1.4193662586323257, 4.7030260509884245, -2.3547407491190766], [4.425555800585136, 6.080889226438595, -2.1345718221695154], [9.531876145744032, 1.7040466128534182, -7.131592539273593], [6.777604415321461, -0.17090416458203705, -7.466660193617976], [6.925208020080101, 2.824793113745137, -8.909840256933464]], "name": "C6H12O2", "identifiers": {"molecule_hash": "f01c1b7834876010f4016a89e8f432aba410ed1a", "molecular_formula": "C6H12O2"}, "molecular_charge": 0.0, "molecular_multiplicity": 1, "connectivity": [[0, 1, 1.0], [0, 8, 1.0], [0, 9, 1.0], [0, 10, 1.0], [1, 2, 1.0], [1, 11, 1.0], [1, 12, 1.0], [2, 3, 1.0], [2, 13, 1.0], [2, 14, 1.0], [3, 4, 1.0], [3, 15, 1.0], [3, 16, 1.0], [4, 5, 2.0], [4, 6, 1.0], [6, 7, 1.0], [7, 17, 1.0], [7, 18, 1.0], [7, 19, 1.0]], "fix_com": true, "fix_orientation": true, "provenance": {"creator": "QCElemental", "version": "v0.22.0", "routine": "qcelemental.molparse.from_schema"}, "id": "144128"}, "charge": 0, "optimize_geometry": false, "conformers": [], "conformer_generation_options": {"n_conformer_pool": 4000, "n_max_conformers": 0, "rms_tolerance": 0.05, "energy_window": 15, "keep_original_conformer": true}, "stage_1_unrestrained_charges": null, "stage_1_restrained_charges": null, "stage_2_unrestrained_charges": null, "stage_2_restrained_charges": null, "keep_original_orientation": false, "reorientations": [], "translations": [], "rotations": []}], "unconstrained_atoms": [{"index": 0, "molecule": {"qcmol": {"schema_name": "qcschema_molecule", "schema_version": 2, "validated": true, "symbols": ["C", "C", "C", "C", "C", "O", "O", "C", "H", "H", "H", "H", "H", "H", "H", "H", "H", "H", "H", "H"], "geometry": [[0.0, 0.0, 0.0], [2.8900176904246697, -7.441423262657219e-16, -7.662722083664776e-16], [4.0920255728359685, 2.636877069727225, 2.220446049250313e-16], [3.4208754175078884, 4.299550773737778, -2.287474521303695], [4.1256429865614574, 3.1008491852848596, -4.775993641234939], [2.6625301810387625, 2.4224507121502477, -6.341744997800619], [6.609553318293708, 2.862400796818046, -5.028544656201001], [7.4990572782769185, 1.7305266389592155, -7.28445018742086], [-0.7218356539351259, -1.9094432188886943, 0.19854588111328514], [-0.7572024329086383, 0.7638607907794509, -1.7440042682704948], [-0.7413277133076418, 1.1119356181015205, 1.5599067198013175], [3.5675630998919328, -1.0719763502421444, -1.6173204337894984], [3.5646308471048385, -0.998651457480741, 1.6632059076569186], [6.130891610744722, 2.4467990111151976, 0.09978485908568646], [3.511249284815019, 3.6436362938192186, 1.6934683976300993], [1.4193662586323257, 4.7030260509884245, -2.3547407491190766], [4.425555800585136, 6.080889226438595, -2.1345718221695154], [9.531876145744032, 1.7040466128534182, -7.131592539273593], [6.777604415321461, -0.17090416458203705, -7.466660193617976], [6.925208020080101, 2.824793113745137, -8.909840256933464]], "name": "C6H12O2", "identifiers": {"molecule_hash": "f01c1b7834876010f4016a89e8f432aba410ed1a", "molecular_formula": "C6H12O2"}, "molecular_charge": 0.0, "molecular_multiplicity": 1, "connectivity": [[0, 1, 1.0], [0, 8, 1.0], [0, 9, 1.0], [0, 10, 1.0], [1, 2, 1.0], [1, 11, 1.0], [1, 12, 1.0], [2, 3, 1.0], [2, 13, 1.0], [2, 14, 1.0], [3, 4, 1.0], [3, 15, 1.0], [3, 16, 1.0], [4, 5, 2.0], [4, 6, 1.0], [6, 7, 1.0], [7, 17, 1.0], [7, 18, 1.0], [7, 19, 1.0]], "fix_com": true, "fix_orientation": true, "provenance": {"creator": "QCElemental", "version": "v0.22.0", "routine": "qcelemental.molparse.from_schema"}, "id": "144128"}, "charge": 0, "optimize_geometry": false, "conformers": [], "conformer_generation_options": {"n_conformer_pool": 4000, "n_max_conformers": 0, "rms_tolerance": 0.05, "energy_window": 15, "keep_original_conformer": true}, "stage_1_unrestrained_charges": null, "stage_1_restrained_charges": null, "stage_2_unrestrained_charges": null, "stage_2_restrained_charges": null, "keep_original_orientation": false, "reorientations": [], "translations": [], "rotations": []}}, {"index": 1, "molecule": {"qcmol": {"schema_name": "qcschema_molecule", "schema_version": 2, "validated": true, "symbols": ["C", "C", "C", "C", "C", "O", "O", "C", "H", "H", "H", "H", "H", "H", "H", "H", "H", "H", "H", "H"], "geometry": [[0.0, 0.0, 0.0], [2.8900176904246697, -7.441423262657219e-16, -7.662722083664776e-16], [4.0920255728359685, 2.636877069727225, 2.220446049250313e-16], [3.4208754175078884, 4.299550773737778, -2.287474521303695], [4.1256429865614574, 3.1008491852848596, -4.775993641234939], [2.6625301810387625, 2.4224507121502477, -6.341744997800619], [6.609553318293708, 2.862400796818046, -5.028544656201001], [7.4990572782769185, 1.7305266389592155, -7.28445018742086], [-0.7218356539351259, -1.9094432188886943, 0.19854588111328514], [-0.7572024329086383, 0.7638607907794509, -1.7440042682704948], [-0.7413277133076418, 1.1119356181015205, 1.5599067198013175], [3.5675630998919328, -1.0719763502421444, -1.6173204337894984], [3.5646308471048385, -0.998651457480741, 1.6632059076569186], [6.130891610744722, 2.4467990111151976, 0.09978485908568646], [3.511249284815019, 3.6436362938192186, 1.6934683976300993], [1.4193662586323257, 4.7030260509884245, -2.3547407491190766], [4.425555800585136, 6.080889226438595, -2.1345718221695154], [9.531876145744032, 1.7040466128534182, -7.131592539273593], [6.777604415321461, -0.17090416458203705, -7.466660193617976], [6.925208020080101, 2.824793113745137, -8.909840256933464]], "name": "C6H12O2", "identifiers": {"molecule_hash": "f01c1b7834876010f4016a89e8f432aba410ed1a", "molecular_formula": "C6H12O2"}, "molecular_charge": 0.0, "molecular_multiplicity": 1, "connectivity": [[0, 1, 1.0], [0, 8, 1.0], [0, 9, 1.0], [0, 10, 1.0], [1, 2, 1.0], [1, 11, 1.0], [1, 12, 1.0], [2, 3, 1.0], [2, 13, 1.0], [2, 14, 1.0], [3, 4, 1.0], [3, 15, 1.0], [3, 16, 1.0], [4, 5, 2.0], [4, 6, 1.0], [6, 7, 1.0], [7, 17, 1.0], [7, 18, 1.0], [7, 19, 1.0]], "fix_com": true, "fix_orientation": true, "provenance": {"creator": "QCElemental", "version": "v0.22.0", "routine": "qcelemental.molparse.from_schema"}, "id": "144128"}, "charge": 0, "optimize_geometry": false, "conformers": [], "conformer_generation_options": {"n_conformer_pool": 4000, "n_max_conformers": 0, "rms_tolerance": 0.05, "energy_window": 15, "keep_original_conformer": true}, "stage_1_unrestrained_charges": null, "stage_1_restrained_charges": null, "stage_2_unrestrained_charges": null, "stage_2_restrained_charges": null, "keep_original_orientation": false, "reorientations": [], "translations": [], "rotations": []}}, {"index": 2, "molecule": {"qcmol": {"schema_name": "qcschema_molecule", "schema_version": 2, "validated": true, "symbols": ["C", "C", "C", "C", "C", "O", "O", "C", "H", "H", "H", "H", "H", "H", "H", "H", "H", "H", "H", "H"], "geometry": [[0.0, 0.0, 0.0], [2.8900176904246697, -7.441423262657219e-16, -7.662722083664776e-16], [4.0920255728359685, 2.636877069727225, 2.220446049250313e-16], [3.4208754175078884, 4.299550773737778, -2.287474521303695], [4.1256429865614574, 3.1008491852848596, -4.775993641234939], [2.6625301810387625, 2.4224507121502477, -6.341744997800619], [6.609553318293708, 2.862400796818046, -5.028544656201001], [7.4990572782769185, 1.7305266389592155, -7.28445018742086], [-0.7218356539351259, -1.9094432188886943, 0.19854588111328514], [-0.7572024329086383, 0.7638607907794509, -1.7440042682704948], [-0.7413277133076418, 1.1119356181015205, 1.5599067198013175], [3.5675630998919328, -1.0719763502421444, -1.6173204337894984], [3.5646308471048385, -0.998651457480741, 1.6632059076569186], [6.130891610744722, 2.4467990111151976, 0.09978485908568646], [3.511249284815019, 3.6436362938192186, 1.6934683976300993], [1.4193662586323257, 4.7030260509884245, -2.3547407491190766], [4.425555800585136, 6.080889226438595, -2.1345718221695154], [9.531876145744032, 1.7040466128534182, -7.131592539273593], [6.777604415321461, -0.17090416458203705, -7.466660193617976], [6.925208020080101, 2.824793113745137, -8.909840256933464]], "name": "C6H12O2", "identifiers": {"molecule_hash": "f01c1b7834876010f4016a89e8f432aba410ed1a", "molecular_formula": "C6H12O2"}, "molecular_charge": 0.0, "molecular_multiplicity": 1, "connectivity": [[0, 1, 1.0], [0, 8, 1.0], [0, 9, 1.0], [0, 10, 1.0], [1, 2, 1.0], [1, 11, 1.0], [1, 12, 1.0], [2, 3, 1.0], [2, 13, 1.0], [2, 14, 1.0], [3, 4, 1.0], [3, 15, 1.0], [3, 16, 1.0], [4, 5, 2.0], [4, 6, 1.0], [6, 7, 1.0], [7, 17, 1.0], [7, 18, 1.0], [7, 19, 1.0]], "fix_com": true, "fix_orientation": true, "provenance": {"creator": "QCElemental", "version": "v0.22.0", "routine": "qcelemental.molparse.from_schema"}, "id": "144128"}, "charge": 0, "optimize_geometry": false, "conformers": [], "conformer_generation_options": {"n_conformer_pool": 4000, "n_max_conformers": 0, "rms_tolerance": 0.05, "energy_window": 15, "keep_original_conformer": true}, "stage_1_unrestrained_charges": null, "stage_1_restrained_charges": null, "stage_2_unrestrained_charges": null, "stage_2_restrained_charges": null, "keep_original_orientation": false, "reorientations": [], "translations": [], "rotations": []}}, {"index": 3, "molecule": {"qcmol": {"schema_name": "qcschema_molecule", "schema_version": 2, "validated": true, "symbols": ["C", "C", "C", "C", "C", "O", "O", "C", "H", "H", "H", "H", "H", "H", "H", "H", "H", "H", "H", "H"], "geometry": [[0.0, 0.0, 0.0], [2.8900176904246697, -7.441423262657219e-16, -7.662722083664776e-16], [4.0920255728359685, 2.636877069727225, 2.220446049250313e-16], [3.4208754175078884, 4.299550773737778, -2.287474521303695], [4.1256429865614574, 3.1008491852848596, -4.775993641234939], [2.6625301810387625, 2.4224507121502477, -6.341744997800619], [6.609553318293708, 2.862400796818046, -5.028544656201001], [7.4990572782769185, 1.7305266389592155, -7.28445018742086], [-0.7218356539351259, -1.9094432188886943, 0.19854588111328514], [-0.7572024329086383, 0.7638607907794509, -1.7440042682704948], [-0.7413277133076418, 1.1119356181015205, 1.5599067198013175], [3.5675630998919328, -1.0719763502421444, -1.6173204337894984], [3.5646308471048385, -0.998651457480741, 1.6632059076569186], [6.130891610744722, 2.4467990111151976, 0.09978485908568646], [3.511249284815019, 3.6436362938192186, 1.6934683976300993], [1.4193662586323257, 4.7030260509884245, -2.3547407491190766], [4.425555800585136, 6.080889226438595, -2.1345718221695154], [9.531876145744032, 1.7040466128534182, -7.131592539273593], [6.777604415321461, -0.17090416458203705, -7.466660193617976], [6.925208020080101, 2.824793113745137, -8.909840256933464]], "name": "C6H12O2", "identifiers": {"molecule_hash": "f01c1b7834876010f4016a89e8f432aba410ed1a", "molecular_formula": "C6H12O2"}, "molecular_charge": 0.0, "molecular_multiplicity": 1, "connectivity": [[0, 1, 1.0], [0, 8, 1.0], [0, 9, 1.0], [0, 10, 1.0], [1, 2, 1.0], [1, 11, 1.0], [1, 12, 1.0], [2, 3, 1.0], [2, 13, 1.0], [2, 14, 1.0], [3, 4, 1.0], [3, 15, 1.0], [3, 16, 1.0], [4, 5, 2.0], [4, 6, 1.0], [6, 7, 1.0], [7, 17, 1.0], [7, 18, 1.0], [7, 19, 1.0]], "fix_com": true, "fix_orientation": true, "provenance": {"creator": "QCElemental", "version": "v0.22.0", "routine": "qcelemental.molparse.from_schema"}, "id": "144128"}, "charge": 0, "optimize_geometry": false, "conformers": [], "conformer_generation_options": {"n_conformer_pool": 4000, "n_max_conformers": 0, "rms_tolerance": 0.05, "energy_window": 15, "keep_original_conformer": true}, "stage_1_unrestrained_charges": null, "stage_1_restrained_charges": null, "stage_2_unrestrained_charges": null, "stage_2_restrained_charges": null, "keep_original_orientation": false, "reorientations": [], "translations": [], "rotations": []}}, {"index": 7, "molecule": {"qcmol": {"schema_name": "qcschema_molecule", "schema_version": 2, "validated": true, "symbols": ["C", "C", "C", "C", "C", "O", "O", "C", "H", "H", "H", "H", "H", "H", "H", "H", "H", "H", "H", "H"], "geometry": [[0.0, 0.0, 0.0], [2.8900176904246697, -7.441423262657219e-16, -7.662722083664776e-16], [4.0920255728359685, 2.636877069727225, 2.220446049250313e-16], [3.4208754175078884, 4.299550773737778, -2.287474521303695], [4.1256429865614574, 3.1008491852848596, -4.775993641234939], [2.6625301810387625, 2.4224507121502477, -6.341744997800619], [6.609553318293708, 2.862400796818046, -5.028544656201001], [7.4990572782769185, 1.7305266389592155, -7.28445018742086], [-0.7218356539351259, -1.9094432188886943, 0.19854588111328514], [-0.7572024329086383, 0.7638607907794509, -1.7440042682704948], [-0.7413277133076418, 1.1119356181015205, 1.5599067198013175], [3.5675630998919328, -1.0719763502421444, -1.6173204337894984], [3.5646308471048385, -0.998651457480741, 1.6632059076569186], [6.130891610744722, 2.4467990111151976, 0.09978485908568646], [3.511249284815019, 3.6436362938192186, 1.6934683976300993], [1.4193662586323257, 4.7030260509884245, -2.3547407491190766], [4.425555800585136, 6.080889226438595, -2.1345718221695154], [9.531876145744032, 1.7040466128534182, -7.131592539273593], [6.777604415321461, -0.17090416458203705, -7.466660193617976], [6.925208020080101, 2.824793113745137, -8.909840256933464]], "name": "C6H12O2", "identifiers": {"molecule_hash": "f01c1b7834876010f4016a89e8f432aba410ed1a", "molecular_formula": "C6H12O2"}, "molecular_charge": 0.0, "molecular_multiplicity": 1, "connectivity": [[0, 1, 1.0], [0, 8, 1.0], [0, 9, 1.0], [0, 10, 1.0], [1, 2, 1.0], [1, 11, 1.0], [1, 12, 1.0], [2, 3, 1.0], [2, 13, 1.0], [2, 14, 1.0], [3, 4, 1.0], [3, 15, 1.0], [3, 16, 1.0], [4, 5, 2.0], [4, 6, 1.0], [6, 7, 1.0], [7, 17, 1.0], [7, 18, 1.0], [7, 19, 1.0]], "fix_com": true, "fix_orientation": true, "provenance": {"creator": "QCElemental", "version": "v0.22.0", "routine": "qcelemental.molparse.from_schema"}, "id": "144128"}, "charge": 0, "optimize_geometry": false, "conformers": [], "conformer_generation_options": {"n_conformer_pool": 4000, "n_max_conformers": 0, "rms_tolerance": 0.05, "energy_window": 15, "keep_original_conformer": true}, "stage_1_unrestrained_charges": null, "stage_1_restrained_charges": null, "stage_2_unrestrained_charges": null, "stage_2_restrained_charges": null, "keep_original_orientation": false, "reorientations": [], "translations": [], "rotations": []}}]}, "surface_constraints": {"matrix": [[318782124744656.7, 308708603260487.9, 296223733450796.44, 283037634900880.8, 274331375614320.6, 270348171607590.7, 266657521343329.44, 248299853573642.66, 320068535277239.2, 320535440309855.44, 319534437389273.9, 308033008898721.8, 307015461620722.4, 294959766487914.2, 295141428022177.5, 277172921878507.4, 282212174058255.4, 241407804626211.44, 243441606245792.84, 244434512127371.97], [308708603260487.9, 316531606723546.8, 307790757552790.25, 295652263695505.4, 284613860310249.6, 278993210834820.0, 276832974931040.9, 256438139814108.44, 305511001668450.56, 305728026074950.8, 305179811585647.75, 321037923588187.1, 320170384667616.9, 307324896905439.25, 307470093840291.9, 291406296333266.25, 295406872098407.3, 249314709101668.72, 250613363968689.8, 252200171858559.9], [296223733450796.44, 307790757552790.25, 316088466019693.6, 307436614220063.25, 296517246123787.25, 289473247814055.9, 290524456711878.56, 268568286449371.16, 291271768135275.3, 296992071562904.1, 288711026704302.06, 307382671810990.25, 306717955651660.94, 320732965042926.1, 320794290620380.1, 306261091107824.06, 306230097901718.9, 262183890991772.7, 262975027693418.8, 261994227712718.44], [283037634900880.8, 295652263695505.4, 307436614220063.25, 315557248568558.44, 307800229592670.2, 301957937882447.8, 301513275220086.06, 279967634008484.84, 279425242841903.72, 283166989130797.7, 274617584915946.28, 294433151555011.75, 294321331865152.25, 307330984606328.5, 307253339659612.06, 319359445887681.44, 319548484861140.75, 271733670152039.7, 274621667766181.94, 275013289699915.78], [274331375614320.6, 284613860310249.6, 296517246123787.25, 307800229592670.2, 315432367995552.75, 316542726907906.06, 312494252410968.8, 299562451866614.06, 271773045881674.47, 275331861912656.8, 266029971521783.5, 285450449284280.44, 279752030636076.88, 293447993218387.44, 297563081194512.06, 307213061600966.9, 307399936642251.0, 291608913229845.3, 296547877379644.44, 297389025853853.6], [270348171607590.7, 278993210834820.0, 289473247814055.9, 301957937882447.8, 316542726907906.06, 330325956570567.8, 306015658746379.75, 298881511111726.5, 267226393995152.7, 272511006005217.47, 262806697968938.06, 281028745456665.22, 272747650800216.88, 283689386572904.75, 291253511731781.7, 299444016241622.44, 299605162522157.1, 288495188211074.94, 298640573794956.06, 300565496279228.75], [266657521343329.44, 276832974931040.9, 290524456711878.56, 301513275220086.06, 312494252410968.8, 306015658746379.75, 323428268980003.7, 312842784185606.2, 265543211778943.6, 267177843728497.78, 257672805855048.25, 277348700541171.62, 271073428866319.34, 289414425536831.3, 291396355735052.4, 299425586234585.9, 300125829902812.56, 309667593914974.4, 308666217419143.06, 308242129418434.56], [248299853573642.66, 256438139814108.44, 268568286449371.16, 279967634008484.84, 299562451866614.06, 298881511111726.5, 312842784185606.2, 318025164318675.56, 247442837985849.4, 249497095046354.72, 240195540847656.47, 258169483571543.4, 249553766015440.66, 265888574353003.22, 269620095857926.47, 275528333962687.1, 276100627224465.38, 318035220434140.25, 318061406078214.1, 317813723471703.9], [320068535277239.2, 305511001668450.56, 291271768135275.3, 279425242841903.72, 271773045881674.47, 267226393995152.7, 265543211778943.6, 247442837985849.4, 334592490862898.75, 317126554904960.3, 316132347880093.44, 303919972422230.7, 302937721639241.3, 290866930079378.06, 287146127487351.1, 272636960504293.94, 279768813337699.2, 240653017958339.1, 243125733396099.9, 243132537172903.6], [320535440309855.44, 305728026074950.8, 296992071562904.1, 283166989130797.7, 275331861912656.8, 272511006005217.47, 267177843728497.78, 249497095046354.72, 317126554904960.3, 336023613670109.7, 316439999181786.7, 302897501187522.6, 299521335011454.56, 296075565238391.9, 298496091449846.5, 276894685151394.53, 281812430261452.4, 243133629082606.47, 244655792395752.94, 245473965591247.25], [319534437389273.9, 305179811585647.75, 288711026704302.06, 274617584915946.28, 266029971521783.5, 262806697968938.06, 257672805855048.25, 240195540847656.47, 316132347880093.44, 316439999181786.7, 333313444619026.3, 303469655802622.5, 304648253435070.25, 285688103851439.9, 287592868439302.75, 268984403370582.94, 272871290322188.72, 233031026453284.8, 235474447010367.2, 237250340986819.97], [308033008898721.8, 321037923588187.1, 307382671810990.25, 294433151555011.75, 285450449284280.44, 281028745456665.22, 277348700541171.62, 258169483571543.4, 303919972422230.7, 302897501187522.6, 303469655802622.5, 338627474114296.2, 319765501714870.25, 303621080896569.4, 307211264149564.5, 287351006094881.06, 294849229380341.25, 250379738887331.25, 252021869918114.44, 255674008794648.5], [307015461620722.4, 320170384667616.9, 306717955651660.94, 294321331865152.25, 279752030636076.88, 272747650800216.88, 271073428866319.34, 249553766015440.66, 302937721639241.3, 299521335011454.56, 304648253435070.25, 319765501714870.25, 336728213145740.56, 306141924048559.75, 302934563842117.1, 292227528718881.6, 294461215699947.4, 242521258043542.78, 243268810590629.22, 245143557119944.78], [294959766487914.2, 307324896905439.25, 320732965042926.1, 307330984606328.5, 293447993218387.44, 283689386572904.75, 289414425536831.3, 265888574353003.22, 290866930079378.06, 296075565238391.9, 285688103851439.9, 303621080896569.4, 306141924048559.75, 337975789372682.1, 320675122838970.94, 306176691082269.8, 304807466967110.7, 259606645295321.22, 261178297754836.9, 257361811895319.2], [295141428022177.5, 307470093840291.9, 320794290620380.1, 307253339659612.06, 297563081194512.06, 291253511731781.7, 291396355735052.4, 269620095857926.47, 287146127487351.1, 298496091449846.5, 287592868439302.75, 307211264149564.5, 302934563842117.1, 320675122838970.94, 338198818161018.2, 304777609514426.0, 302528807566085.6, 265126977342032.2, 263198039059645.94, 261984445752587.03], [277172921878507.4, 291406296333266.25, 306261091107824.06, 319359445887681.44, 307213061600966.9, 299444016241622.44, 299425586234585.9, 275528333962687.1, 272636960504293.94, 276894685151394.53, 268984403370582.94, 287351006094881.06, 292227528718881.6, 306176691082269.8, 304777609514426.0, 335573044159591.9, 318429918500036.0, 266358616873338.0, 270194353738835.72, 270046258701446.4], [282212174058255.4, 295406872098407.3, 306230097901718.9, 319548484861140.75, 307399936642251.0, 299605162522157.1, 300125829902812.56, 276100627224465.38, 279768813337699.2, 281812430261452.4, 272871290322188.72, 294849229380341.25, 294461215699947.4, 304807466967110.7, 302528807566085.6, 318429918500036.0, 336034023158001.75, 267211648377499.78, 269647772190331.16, 271390466300859.28], [241407804626211.44, 249314709101668.72, 262183890991772.7, 271733670152039.7, 291608913229845.3, 288495188211074.94, 309667593914974.4, 318035220434140.25, 240653017958339.1, 243133629082606.47, 233031026453284.8, 250379738887331.25, 242521258043542.78, 259606645295321.22, 265126977342032.2, 266358616873338.0, 267211648377499.78, 331136473499880.25, 312895012323583.56, 312644081331940.5], [243441606245792.84, 250613363968689.8, 262975027693418.8, 274621667766181.94, 296547877379644.44, 298640573794956.06, 308666217419143.06, 318061406078214.1, 243125733396099.9, 244655792395752.94, 235474447010367.2, 252021869918114.44, 243268810590629.22, 261178297754836.9, 263198039059645.94, 270194353738835.72, 269647772190331.16, 312895012323583.56, 331796920372574.75, 312876679805726.2], [244434512127371.97, 252200171858559.9, 261994227712718.44, 275013289699915.78, 297389025853853.6, 300565496279228.75, 308242129418434.56, 317813723471703.9, 243132537172903.6, 245473965591247.25, 237250340986819.97, 255674008794648.5, 245143557119944.78, 257361811895319.2, 261984445752587.03, 270046258701446.4, 271390466300859.28, 312644081331940.5, 312876679805726.2, 331505523825808.56], [-1210248288663.4128, -791971430764.1793, -1006010599765.8872, -2170644776766.7346, -4807908670937.13, -9312983139835.74, -2338739133208.352, -1557767242829.1172, -1150850156412.4001, -1589884033424.3872, -1208459512613.7974, -1018298097017.275, -24753250200.288948, -58922795017.992065, -1282438634805.902, -1413901165331.3342, -1640098635416.764, 30840022785.434185, -1691462773026.1697, -2099067926580.9468]]}}