{"resp_b": 0.1, "restrained_fit": true, "exclude_hydrogens": true, "convergence_tolerance": 1e-06, "max_iter": 500, "resp_a": 0.0005, "charge_constraints": {"charge_sum_constraints": [], "charge_equivalence_constraints": [], "molecules": [{"qcmol": {"schema_name": "qcschema_molecule", "schema_version": 2, "validated": true, "symbols": ["C", "C", "C", "C", "C", "O", "O", "C", "H", "H", "H", "H", "H", "H", "H", "H", "H", "H", "H", "H"], "geometry": [[0.0, 0.0, 0.0], [2.8900176904246697, -7.441423262657219e-16, -7.662722083664776e-16], [4.0920255728359685, 2.636877069727225, 2.220446049250313e-16], [3.4208754175078884, 4.299550773737778, -2.287474521303695], [4.1256429865614574, 3.1008491852848596, -4.775993641234939], [2.6625301810387625, 2.4224507121502477, -6.341744997800619], [6.609553318293708, 2.862400796818046, -5.028544656201001], [7.4990572782769185, 1.7305266389592155, -7.28445018742086], [-0.7218356539351259, -1.9094432188886943, 0.19854588111328514], [-0.7572024329086383, 0.7638607907794509, -1.7440042682704948], [-0.7413277133076418, 1.1119356181015205, 1.5599067198013175], [3.5675630998919328, -1.0719763502421444, -1.6173204337894984], [3.5646308471048385, -0.998651457480741, 1.6632059076569186], [6.130891610744722, 2.4467990111151976, 0.09978485908568646], [3.511249284815019, 3.6436362938192186, 1.6934683976300993], [1.4193662586323257, 4.7030260509884245, -2.3547407491190766], [4.425555800585136, 6.080889226438595, -2.1345718221695154], [9.531876145744032, 1.7040466128534182, -7.131592539273593], [6.777604415321461, -0.17090416458203705, -7.466660193617976], [6.925208020080101, 2.824793113745137, -8.909840256933464]], "name": "C6H12O2", "identifiers": {"molecule_hash": "f01c1b7834876010f4016a89e8f432aba410ed1a", "molecular_formula": "C6H12O2"}, "molecular_charge": 0.0, "molecular_multiplicity": 1, "connectivity": [[0, 1, 1.0], [0, 8, 1.0], [0, 9, 1.0], [0, 10, 1.0], [1, 2, 1.0], [1, 11, 1.0], [1, 12, 1.0], [2, 3, 1.0], [2, 13, 1.0], [2, 14, 1.0], [3, 4, 1.0], [3, 15, 1.0], [3, 16, 1.0], [4, 5, 2.0], [4, 6, 1.0], [6, 7, 1.0], [7, 17, 1.0], [7, 18, 1.0], [7, 19, 1.0]], "fix_com": true, "fix_orientation": true, "provenance": {"creator": "QCElemental", "version": "v0.22.0", "routine": "qcelemental.molparse.from_schema"}, "id": "144128"}, "charge": 0, "optimize_geometry": false, "conformers": [], "conformer_generation_options": {"n_conformer_pool": 4000, "n_max_conformers": 0, "rms_tolerance": 0.05, "energy_window": 15, "keep_original_conformer": true}, "stage_1_unrestrained_charges": null, "stage_1_restrained_charges": null, "stage_2_unrestrained_charges": null, "stage_2_restrained_charges": null, "keep_original_orientation": false, "reorientations": [], "translations": [], "rotations": []}], "unconstrained_atoms": [{"index": 0, "molecule": {"qcmol": {"schema_name": "qcschema_molecule", "schema_version": 2, "validated": true, "symbols": ["C", "C", "C", "C", "C", "O", "O", "C", "H", "H", "H", "H", "H", "H", "H", "H", "H", "H", "H", "H"], "geometry": [[0.0, 0.0, 0.0], [2.8900176904246697, -7.441423262657219e-16, -7.662722083664776e-16], [4.0920255728359685, 2.636877069727225, 2.220446049250313e-16], [3.4208754175078884, 4.299550773737778, -2.287474521303695], [4.1256429865614574, 3.1008491852848596, -4.775993641234939], [2.6625301810387625, 2.4224507121502477, -6.341744997800619], [6.609553318293708, 2.862400796818046, -5.028544656201001], [7.4990572782769185, 1.7305266389592155, -7.28445018742086], [-0.7218356539351259, -1.9094432188886943, 0.19854588111328514], [-0.7572024329086383, 0.7638607907794509, -1.7440042682704948], [-0.7413277133076418, 1.1119356181015205, 1.5599067198013175], [3.5675630998919328, -1.0719763502421444, -1.6173204337894984], [3.5646308471048385, -0.998651457480741, 1.6632059076569186], [6.130891610744722, 2.4467990111151976, 0.09978485908568646], [3.511249284815019, 3.6436362938192186, 1.6934683976300993], [1.4193662586323257, 4.7030260509884245, -2.3547407491190766], [4.425555800585136, 6.080889226438595, -2.1345718221695154], [9.531876145744032, 1.7040466128534182, -7.131592539273593], [6.777604415321461, -0.17090416458203705, -7.466660193617976], [6.925208020080101, 2.824793113745137, -8.909840256933464]], "name": "C6H12O2", "identifiers": {"molecule_hash": "f01c1b7834876010f4016a89e8f432aba410ed1a", "molecular_formula": "C6H12O2"}, "molecular_charge": 0.0, "molecular_multiplicity": 1, "connectivity": [[0, 1, 1.0], [0, 8, 1.0], [0, 9, 1.0], [0, 10, 1.0], [1, 2, 1.0], [1, 11, 1.0], [1, 12, 1.0], [2, 3, 1.0], [2, 13, 1.0], [2, 14, 1.0], [3, 4, 1.0], [3, 15, 1.0], [3, 16, 1.0], [4, 5, 2.0], [4, 6, 1.0], [6, 7, 1.0], [7, 17, 1.0], [7, 18, 1.0], [7, 19, 1.0]], "fix_com": true, "fix_orientation": true, "provenance": {"creator": "QCElemental", "version": "v0.22.0", "routine": "qcelemental.molparse.from_schema"}, "id": "144128"}, "charge": 0, "optimize_geometry": false, "conformers": [], "conformer_generation_options": {"n_conformer_pool": 4000, "n_max_conformers": 0, "rms_tolerance": 0.05, "energy_window": 15, "keep_original_conformer": true}, "stage_1_unrestrained_charges": null, "stage_1_restrained_charges": null, "stage_2_unrestrained_charges": null, "stage_2_restrained_charges": null, "keep_original_orientation": false, "reorientations": [], "translations": [], "rotations": []}}, {"index": 1, "molecule": {"qcmol": {"schema_name": "qcschema_molecule", "schema_version": 2, "validated": true, "symbols": ["C", "C", "C", "C", "C", "O", "O", "C", "H", "H", "H", "H", "H", "H", "H", "H", "H", "H", "H", "H"], "geometry": [[0.0, 0.0, 0.0], [2.8900176904246697, -7.441423262657219e-16, -7.662722083664776e-16], [4.0920255728359685, 2.636877069727225, 2.220446049250313e-16], [3.4208754175078884, 4.299550773737778, -2.287474521303695], [4.1256429865614574, 3.1008491852848596, -4.775993641234939], [2.6625301810387625, 2.4224507121502477, -6.341744997800619], [6.609553318293708, 2.862400796818046, -5.028544656201001], [7.4990572782769185, 1.7305266389592155, -7.28445018742086], [-0.7218356539351259, -1.9094432188886943, 0.19854588111328514], [-0.7572024329086383, 0.7638607907794509, -1.7440042682704948], [-0.7413277133076418, 1.1119356181015205, 1.5599067198013175], [3.5675630998919328, -1.0719763502421444, -1.6173204337894984], [3.5646308471048385, -0.998651457480741, 1.6632059076569186], [6.130891610744722, 2.4467990111151976, 0.09978485908568646], [3.511249284815019, 3.6436362938192186, 1.6934683976300993], [1.4193662586323257, 4.7030260509884245, -2.3547407491190766], [4.425555800585136, 6.080889226438595, -2.1345718221695154], [9.531876145744032, 1.7040466128534182, -7.131592539273593], [6.777604415321461, -0.17090416458203705, -7.466660193617976], [6.925208020080101, 2.824793113745137, -8.909840256933464]], "name": "C6H12O2", "identifiers": {"molecule_hash": "f01c1b7834876010f4016a89e8f432aba410ed1a", "molecular_formula": "C6H12O2"}, "molecular_charge": 0.0, "molecular_multiplicity": 1, "connectivity": [[0, 1, 1.0], [0, 8, 1.0], [0, 9, 1.0], [0, 10, 1.0], [1, 2, 1.0], [1, 11, 1.0], [1, 12, 1.0], [2, 3, 1.0], [2, 13, 1.0], [2, 14, 1.0], [3, 4, 1.0], [3, 15, 1.0], [3, 16, 1.0], [4, 5, 2.0], [4, 6, 1.0], [6, 7, 1.0], [7, 17, 1.0], [7, 18, 1.0], [7, 19, 1.0]], "fix_com": true, "fix_orientation": true, "provenance": {"creator": "QCElemental", "version": "v0.22.0", "routine": "qcelemental.molparse.from_schema"}, "id": "144128"}, "charge": 0, "optimize_geometry": false, "conformers": [], "conformer_generation_options": {"n_conformer_pool": 4000, "n_max_conformers": 0, "rms_tolerance": 0.05, "energy_window": 15, "keep_original_conformer": true}, "stage_1_unrestrained_charges": null, "stage_1_restrained_charges": null, "stage_2_unrestrained_charges": null, "stage_2_restrained_charges": null, "keep_original_orientation": false, "reorientations": [], "translations": [], "rotations": []}}, {"index": 2, "molecule": {"qcmol": {"schema_name": "qcschema_molecule", "schema_version": 2, "validated": true, "symbols": ["C", "C", "C", "C", "C", "O", "O", "C", "H", "H", "H", "H", "H", "H", "H", "H", "H", "H", "H", "H"], "geometry": [[0.0, 0.0, 0.0], [2.8900176904246697, -7.441423262657219e-16, -7.662722083664776e-16], [4.0920255728359685, 2.636877069727225, 2.220446049250313e-16], [3.4208754175078884, 4.299550773737778, -2.287474521303695], [4.1256429865614574, 3.1008491852848596, -4.775993641234939], [2.6625301810387625, 2.4224507121502477, -6.341744997800619], [6.609553318293708, 2.862400796818046, -5.028544656201001], [7.4990572782769185, 1.7305266389592155, -7.28445018742086], [-0.7218356539351259, -1.9094432188886943, 0.19854588111328514], [-0.7572024329086383, 0.7638607907794509, -1.7440042682704948], [-0.7413277133076418, 1.1119356181015205, 1.5599067198013175], [3.5675630998919328, -1.0719763502421444, -1.6173204337894984], [3.5646308471048385, -0.998651457480741, 1.6632059076569186], [6.130891610744722, 2.4467990111151976, 0.09978485908568646], [3.511249284815019, 3.6436362938192186, 1.6934683976300993], [1.4193662586323257, 4.7030260509884245, -2.3547407491190766], [4.425555800585136, 6.080889226438595, -2.1345718221695154], [9.531876145744032, 1.7040466128534182, -7.131592539273593], [6.777604415321461, -0.17090416458203705, -7.466660193617976], [6.925208020080101, 2.824793113745137, -8.909840256933464]], "name": "C6H12O2", "identifiers": {"molecule_hash": "f01c1b7834876010f4016a89e8f432aba410ed1a", "molecular_formula": "C6H12O2"}, "molecular_charge": 0.0, "molecular_multiplicity": 1, "connectivity": [[0, 1, 1.0], [0, 8, 1.0], [0, 9, 1.0], [0, 10, 1.0], [1, 2, 1.0], [1, 11, 1.0], [1, 12, 1.0], [2, 3, 1.0], [2, 13, 1.0], [2, 14, 1.0], [3, 4, 1.0], [3, 15, 1.0], [3, 16, 1.0], [4, 5, 2.0], [4, 6, 1.0], [6, 7, 1.0], [7, 17, 1.0], [7, 18, 1.0], [7, 19, 1.0]], "fix_com": true, "fix_orientation": true, "provenance": {"creator": "QCElemental", "version": "v0.22.0", "routine": "qcelemental.molparse.from_schema"}, "id": "144128"}, "charge": 0, "optimize_geometry": false, "conformers": [], "conformer_generation_options": {"n_conformer_pool": 4000, "n_max_conformers": 0, "rms_tolerance": 0.05, "energy_window": 15, "keep_original_conformer": true}, "stage_1_unrestrained_charges": null, "stage_1_restrained_charges": null, "stage_2_unrestrained_charges": null, "stage_2_restrained_charges": null, "keep_original_orientation": false, "reorientations": [], "translations": [], "rotations": []}}, {"index": 3, "molecule": {"qcmol": {"schema_name": "qcschema_molecule", "schema_version": 2, "validated": true, "symbols": ["C", "C", "C", "C", "C", "O", "O", "C", "H", "H", "H", "H", "H", "H", "H", "H", "H", "H", "H", "H"], "geometry": [[0.0, 0.0, 0.0], [2.8900176904246697, -7.441423262657219e-16, -7.662722083664776e-16], [4.0920255728359685, 2.636877069727225, 2.220446049250313e-16], [3.4208754175078884, 4.299550773737778, -2.287474521303695], [4.1256429865614574, 3.1008491852848596, -4.775993641234939], [2.6625301810387625, 2.4224507121502477, -6.341744997800619], [6.609553318293708, 2.862400796818046, -5.028544656201001], [7.4990572782769185, 1.7305266389592155, -7.28445018742086], [-0.7218356539351259, -1.9094432188886943, 0.19854588111328514], [-0.7572024329086383, 0.7638607907794509, -1.7440042682704948], [-0.7413277133076418, 1.1119356181015205, 1.5599067198013175], [3.5675630998919328, -1.0719763502421444, -1.6173204337894984], [3.5646308471048385, -0.998651457480741, 1.6632059076569186], [6.130891610744722, 2.4467990111151976, 0.09978485908568646], [3.511249284815019, 3.6436362938192186, 1.6934683976300993], [1.4193662586323257, 4.7030260509884245, -2.3547407491190766], [4.425555800585136, 6.080889226438595, -2.1345718221695154], [9.531876145744032, 1.7040466128534182, -7.131592539273593], [6.777604415321461, -0.17090416458203705, -7.466660193617976], [6.925208020080101, 2.824793113745137, -8.909840256933464]], "name": "C6H12O2", "identifiers": {"molecule_hash": "f01c1b7834876010f4016a89e8f432aba410ed1a", "molecular_formula": "C6H12O2"}, "molecular_charge": 0.0, "molecular_multiplicity": 1, "connectivity": [[0, 1, 1.0], [0, 8, 1.0], [0, 9, 1.0], [0, 10, 1.0], [1, 2, 1.0], [1, 11, 1.0], [1, 12, 1.0], [2, 3, 1.0], [2, 13, 1.0], [2, 14, 1.0], [3, 4, 1.0], [3, 15, 1.0], [3, 16, 1.0], [4, 5, 2.0], [4, 6, 1.0], [6, 7, 1.0], [7, 17, 1.0], [7, 18, 1.0], [7, 19, 1.0]], "fix_com": true, "fix_orientation": true, "provenance": {"creator": "QCElemental", "version": "v0.22.0", "routine": "qcelemental.molparse.from_schema"}, "id": "144128"}, "charge": 0, "optimize_geometry": false, "conformers": [], "conformer_generation_options": {"n_conformer_pool": 4000, "n_max_conformers": 0, "rms_tolerance": 0.05, "energy_window": 15, "keep_original_conformer": true}, "stage_1_unrestrained_charges": null, "stage_1_restrained_charges": null, "stage_2_unrestrained_charges": null, "stage_2_restrained_charges": null, "keep_original_orientation": false, "reorientations": [], "translations": [], "rotations": []}}, {"index": 7, "molecule": {"qcmol": {"schema_name": "qcschema_molecule", "schema_version": 2, "validated": true, "symbols": ["C", "C", "C", "C", "C", "O", "O", "C", "H", "H", "H", "H", "H", "H", "H", "H", "H", "H", "H", "H"], "geometry": [[0.0, 0.0, 0.0], [2.8900176904246697, -7.441423262657219e-16, -7.662722083664776e-16], [4.0920255728359685, 2.636877069727225, 2.220446049250313e-16], [3.4208754175078884, 4.299550773737778, -2.287474521303695], [4.1256429865614574, 3.1008491852848596, -4.775993641234939], [2.6625301810387625, 2.4224507121502477, -6.341744997800619], [6.609553318293708, 2.862400796818046, -5.028544656201001], [7.4990572782769185, 1.7305266389592155, -7.28445018742086], [-0.7218356539351259, -1.9094432188886943, 0.19854588111328514], [-0.7572024329086383, 0.7638607907794509, -1.7440042682704948], [-0.7413277133076418, 1.1119356181015205, 1.5599067198013175], [3.5675630998919328, -1.0719763502421444, -1.6173204337894984], [3.5646308471048385, -0.998651457480741, 1.6632059076569186], [6.130891610744722, 2.4467990111151976, 0.09978485908568646], [3.511249284815019, 3.6436362938192186, 1.6934683976300993], [1.4193662586323257, 4.7030260509884245, -2.3547407491190766], [4.425555800585136, 6.080889226438595, -2.1345718221695154], [9.531876145744032, 1.7040466128534182, -7.131592539273593], [6.777604415321461, -0.17090416458203705, -7.466660193617976], [6.925208020080101, 2.824793113745137, -8.909840256933464]], "name": "C6H12O2", "identifiers": {"molecule_hash": "f01c1b7834876010f4016a89e8f432aba410ed1a", "molecular_formula": "C6H12O2"}, "molecular_charge": 0.0, "molecular_multiplicity": 1, "connectivity": [[0, 1, 1.0], [0, 8, 1.0], [0, 9, 1.0], [0, 10, 1.0], [1, 2, 1.0], [1, 11, 1.0], [1, 12, 1.0], [2, 3, 1.0], [2, 13, 1.0], [2, 14, 1.0], [3, 4, 1.0], [3, 15, 1.0], [3, 16, 1.0], [4, 5, 2.0], [4, 6, 1.0], [6, 7, 1.0], [7, 17, 1.0], [7, 18, 1.0], [7, 19, 1.0]], "fix_com": true, "fix_orientation": true, "provenance": {"creator": "QCElemental", "version": "v0.22.0", "routine": "qcelemental.molparse.from_schema"}, "id": "144128"}, "charge": 0, "optimize_geometry": false, "conformers": [], "conformer_generation_options": {"n_conformer_pool": 4000, "n_max_conformers": 0, "rms_tolerance": 0.05, "energy_window": 15, "keep_original_conformer": true}, "stage_1_unrestrained_charges": null, "stage_1_restrained_charges": null, "stage_2_unrestrained_charges": null, "stage_2_restrained_charges": null, "keep_original_orientation": false, "reorientations": [], "translations": [], "rotations": []}}]}, "surface_constraints": {"matrix": [[1927.8921550396096, 1866.9706545647887, 1791.4661138339302, 1711.7210214084353, 1659.0685468640688, 1634.9794727120498, 1612.6596032614677, 1501.6384032859546, 1935.6719938067963, 1938.49567715997, 1932.4419133424408, 1862.8848712924446, 1856.7310777744337, 1783.8219134740584, 1784.920604878323, 1676.2531325562575, 1706.728891134297, 1459.957545370518, 1472.2572710446757, 1478.2620766619264], [1866.9706545647887, 1914.2816177400061, 1861.4197338678694, 1788.0099991174902, 1721.2533398779983, 1687.261473197852, 1674.197096225356, 1550.85572909352, 1847.6326186806805, 1848.9451071067292, 1845.629664988031, 1941.5343750106329, 1936.2877775154043, 1858.6023513429166, 1859.4804613489443, 1762.331781290199, 1786.5258863017089, 1507.7755640016578, 1515.6293573125442, 1525.225831939746], [1791.4661138339302, 1861.4197338678694, 1911.6015803294588, 1859.2779570116131, 1793.2411319029736, 1750.6413002415952, 1756.9987082501762, 1624.2148718046517, 1761.5182821839262, 1796.1128053384377, 1746.0316384157366, 1858.9517739825233, 1854.931775273554, 1939.6900049344013, 1940.0608923436812, 1852.168779540696, 1851.98134949634, 1585.6041447142136, 1590.3886182993917, 1584.457072916154], [1711.7210214084353, 1788.0099991174902, 1859.2779570116131, 1908.3889624689423, 1861.4770213396241, 1826.1447387212818, 1823.4555734439607, 1693.154491086245, 1689.8745605776094, 1712.503375022897, 1660.79927556215, 1780.6370816254646, 1779.960885864862, 1858.6391319578272, 1858.1695674869914, 1931.3834463534945, 1932.5266915073194, 1643.358142528311, 1660.8238178175209, 1663.1921986665454], [1659.0685468640688, 1721.2533398779983, 1793.2411319029736, 1861.4770213396241, 1907.633769732763, 1914.3488897814987, 1889.8650291207996, 1811.6576966746545, 1643.5967496010928, 1665.1192949710692, 1608.8643260938877, 1726.312571007666, 1691.8504938999322, 1774.6792606048602, 1799.5659517574345, 1857.9260385996536, 1859.0561889177313, 1763.5572763856933, 1793.4265452986197, 1798.5134905010648], [1634.9794727120498, 1687.261473197852, 1750.6413002415952, 1826.1447387212818, 1914.3488897814987, 1997.7054685544026, 1850.6845943308597, 1807.5396039862774, 1616.100113742349, 1648.0597757324065, 1589.3710686069044, 1699.571457671985, 1649.4903192491952, 1715.6624037910542, 1761.407637061248, 1810.9414703343164, 1811.9158248211552, 1744.726491253959, 1806.0825473184705, 1817.7237477611584], [1612.6596032614677, 1674.197096225356, 1756.9987082501762, 1823.4555734439607, 1889.8650291207996, 1850.6845943308597, 1955.9904936792836, 1891.972924089881, 1605.9207958907589, 1615.8064837186025, 1558.3229138530683, 1677.315905961543, 1639.3650894318855, 1750.285505149214, 1762.271690218739, 1810.8297916187275, 1815.0648701159619, 1872.7704121163904, 1866.71438341502, 1864.1496564671395], [1501.6384032859546, 1550.85572909352, 1624.2148718046517, 1693.154491086245, 1811.6576966746545, 1807.5396039862774, 1891.972924089881, 1923.314341600973, 1496.4556237530737, 1508.8790983547506, 1452.626110884317, 1561.3261744048652, 1509.2211416709847, 1608.0087510040987, 1630.5758632433613, 1666.30695060025, 1669.768160414436, 1923.3751773542692, 1923.5335189316313, 1922.0356266587387], [1935.6719938067963, 1847.6326186806805, 1761.5182821839262, 1689.8745605776094, 1643.5967496010928, 1616.100113742349, 1605.9207958907589, 1496.4556237530737, 2023.508254648324, 1917.879873509421, 1911.8672177051394, 1838.010610262512, 1832.0701832066136, 1759.0697836124211, 1736.5676617044014, 1648.8212082261875, 1691.952382869355, 1455.3930094019795, 1470.347153796476, 1470.388318199444], [1938.49567715997, 1848.9451071067292, 1796.1128053384377, 1712.503375022897, 1665.1192949710692, 1648.0597757324065, 1615.8064837186025, 1508.8790983547506, 1917.879873509421, 2032.1632177153035, 1913.7277740575075, 1831.826998810857, 1811.4090192742137, 1790.569913872361, 1805.2085557098478, 1674.5705022671043, 1704.3113994228245, 1470.3949409504842, 1479.60043648193, 1484.548539013873], [1932.4419133424408, 1845.629664988031, 1746.0316384157366, 1660.79927556215, 1608.8643260938877, 1589.3710686069044, 1558.3229138530683, 1452.626110884317, 1911.8672177051394, 1913.7277740575075, 2015.7729310629002, 1835.2871463020588, 1842.4150475114857, 1727.7498089643498, 1739.2692586401486, 1626.7316132686117, 1650.2382745919563, 1409.2974631706702, 1424.074427338775, 1434.8145274230835], [1862.8848712924446, 1941.5343750106329, 1858.9517739825233, 1780.6370816254646, 1726.312571007666, 1699.571457671985, 1677.315905961543, 1561.3261744048652, 1838.010610262512, 1831.826998810857, 1835.2871463020588, 2047.9103331376793, 1933.8391642460558, 1836.2030393718717, 1857.9151020646373, 1737.8065832314915, 1783.153281560521, 1514.216377536303, 1524.1473891570906, 1546.2342723543134], [1856.7310777744337, 1936.2877775154043, 1854.931775273554, 1779.960885864862, 1691.8504938999322, 1649.4903192491952, 1639.3650894318855, 1509.2211416709847, 1832.0701832066136, 1811.4090192742137, 1842.4150475114857, 1933.8391642460558, 2036.4242135456177, 1851.44806077074, 1832.051147377634, 1767.2982749057446, 1780.8067367776364, 1466.69084642256, 1471.2117735770364, 1482.5495769354459], [1783.8219134740584, 1858.6023513429166, 1939.6900049344013, 1858.6391319578272, 1774.6792606048602, 1715.6624037910542, 1750.285505149214, 1608.0087510040987, 1759.0697836124211, 1790.569913872361, 1727.7498089643498, 1836.2030393718717, 1851.44806077074, 2043.9690501948903, 1939.3401884439513, 1851.6582960276703, 1843.3777757941207, 1570.0176761955997, 1579.5224962275952, 1556.4416596478038], [1784.920604878323, 1859.4804613489443, 1940.0608923436812, 1858.1695674869914, 1799.5659517574345, 1761.407637061248, 1762.271690218739, 1630.5758632433613, 1736.5676617044014, 1805.2085557098478, 1739.2692586401486, 1857.9151020646373, 1832.051147377634, 1939.3401884439513, 2045.3178800418802, 1843.1971796671014, 1829.5971474657606, 1603.4030101266826, 1591.7372560183383, 1584.3978932249606], [1676.2531325562575, 1762.331781290199, 1852.168779540696, 1931.3834463534945, 1857.9260385996536, 1810.9414703343164, 1810.8297916187275, 1666.30695060025, 1648.8212082261875, 1674.5705022671043, 1626.7316132686117, 1737.8065832314915, 1767.2982749057446, 1851.6582960276703, 1843.1971796671014, 2029.4380967815541, 1925.7619755164699, 1610.851432573387, 1634.0487584807818, 1633.1531705604352], [1706.728891134297, 1786.5258863017089, 1851.98134949634, 1932.5266915073194, 1859.0561889177313, 1811.9158248211552, 1815.0648701159619, 1669.768160414436, 1691.952382869355, 1704.3113994228245, 1650.2382745919563, 1783.153281560521, 1780.8067367776364, 1843.3777757941207, 1829.5971474657606, 1925.7619755164699, 2032.2259493478364, 1616.0104943507072, 1630.7434055730323, 1641.2825567802402], [1459.957545370518, 1507.7755640016578, 1585.6041447142136, 1643.358142528311, 1763.5572763856933, 1744.726491253959, 1872.7704121163904, 1923.3751773542692, 1455.3930094019795, 1470.3949409504842, 1409.2974631706702, 1514.216377536303, 1466.69084642256, 1570.0176761955997, 1603.4030101266826, 1610.851432573387, 1616.0104943507072, 2002.6073813233688, 1892.2888424666244, 1890.7713043498236], [1472.2572710446757, 1515.6293573125442, 1590.3886182993917, 1660.8238178175209, 1793.4265452986197, 1806.0825473184705, 1866.71438341502, 1923.5335189316313, 1470.347153796476, 1479.60043648193, 1424.074427338775, 1524.1473891570906, 1471.2117735770364, 1579.5224962275952, 1591.7372560183383, 1634.0487584807818, 1630.7434055730323, 1892.2888424666244, 2006.6015143136674, 1892.177963697419], [1478.2620766619264, 1525.225831939746, 1584.457072916154, 1663.1921986665454, 1798.5134905010648, 1817.7237477611584, 1864.1496564671395, 1922.0356266587387, 1470.388318199444, 1484.548539013873, 1434.8145274230835, 1546.2342723543134, 1482.5495769354459, 1556.4416596478038, 1584.3978932249606, 1633.1531705604352, 1641.2825567802402, 1890.7713043498236, 1892.177963697419, 2004.839259801623], [-8.323425585857862, -4.460940300481589, -5.367932579713692, -13.76529689501202, -34.136990541283026, -67.69281300263287, -15.27756996674883, -12.045044794711306, -7.713481335642959, -11.561919748707878, -8.679596124720577, -6.513552406987189, 1.6230571742435989, 2.330837396182563, -7.718962471083653, -8.069883224577907, -9.322807203904945, -0.6002383222050561, -13.891550226369993, -16.970642364900574]]}}