{"resp_b": 0.1, "restrained_fit": true, "exclude_hydrogens": true, "convergence_tolerance": 1e-06, "max_iter": 500, "resp_a": 0.0005, "charge_constraints": {"charge_sum_constraints": [], "charge_equivalence_constraints": [], "molecules": [{"qcmol": {"schema_name": "qcschema_molecule", "schema_version": 2, "validated": true, "symbols": ["C", "C", "C", "C", "C", "O", "O", "C", "H", "H", "H", "H", "H", "H", "H", "H", "H", "H", "H", "H"], "geometry": [[0.0, 0.0, 0.0], [2.8900176904246697, -7.441423262657219e-16, -7.662722083664776e-16], [4.0920255728359685, 2.636877069727225, 2.220446049250313e-16], [3.4208754175078884, 4.299550773737778, -2.287474521303695], [4.1256429865614574, 3.1008491852848596, -4.775993641234939], [2.6625301810387625, 2.4224507121502477, -6.341744997800619], [6.609553318293708, 2.862400796818046, -5.028544656201001], [7.4990572782769185, 1.7305266389592155, -7.28445018742086], [-0.7218356539351259, -1.9094432188886943, 0.19854588111328514], [-0.7572024329086383, 0.7638607907794509, -1.7440042682704948], [-0.7413277133076418, 1.1119356181015205, 1.5599067198013175], [3.5675630998919328, -1.0719763502421444, -1.6173204337894984], [3.5646308471048385, -0.998651457480741, 1.6632059076569186], [6.130891610744722, 2.4467990111151976, 0.09978485908568646], [3.511249284815019, 3.6436362938192186, 1.6934683976300993], [1.4193662586323257, 4.7030260509884245, -2.3547407491190766], [4.425555800585136, 6.080889226438595, -2.1345718221695154], [9.531876145744032, 1.7040466128534182, -7.131592539273593], [6.777604415321461, -0.17090416458203705, -7.466660193617976], [6.925208020080101, 2.824793113745137, -8.909840256933464]], "name": "C6H12O2", "identifiers": {"molecule_hash": "f01c1b7834876010f4016a89e8f432aba410ed1a", "molecular_formula": "C6H12O2"}, "molecular_charge": 0.0, "molecular_multiplicity": 1, "connectivity": [[0, 1, 1.0], [0, 8, 1.0], [0, 9, 1.0], [0, 10, 1.0], [1, 2, 1.0], [1, 11, 1.0], [1, 12, 1.0], [2, 3, 1.0], [2, 13, 1.0], [2, 14, 1.0], [3, 4, 1.0], [3, 15, 1.0], [3, 16, 1.0], [4, 5, 2.0], [4, 6, 1.0], [6, 7, 1.0], [7, 17, 1.0], [7, 18, 1.0], [7, 19, 1.0]], "fix_com": true, "fix_orientation": true, "provenance": {"creator": "QCElemental", "version": "v0.22.0", "routine": "qcelemental.molparse.from_schema"}, "id": "144128"}, "charge": 0, "optimize_geometry": false, "conformers": [], "conformer_generation_options": {"n_conformer_pool": 4000, "n_max_conformers": 0, "rms_tolerance": 0.05, "energy_window": 15, "keep_original_conformer": true}, "stage_1_unrestrained_charges": null, "stage_1_restrained_charges": null, "stage_2_unrestrained_charges": null, "stage_2_restrained_charges": null, "keep_original_orientation": false, "reorientations": [], "translations": [], "rotations": []}], "unconstrained_atoms": [{"index": 0, "molecule": {"qcmol": {"schema_name": "qcschema_molecule", "schema_version": 2, "validated": true, "symbols": ["C", "C", "C", "C", "C", "O", "O", "C", "H", "H", "H", "H", "H", "H", "H", "H", "H", "H", "H", "H"], "geometry": [[0.0, 0.0, 0.0], [2.8900176904246697, -7.441423262657219e-16, -7.662722083664776e-16], [4.0920255728359685, 2.636877069727225, 2.220446049250313e-16], [3.4208754175078884, 4.299550773737778, -2.287474521303695], [4.1256429865614574, 3.1008491852848596, -4.775993641234939], [2.6625301810387625, 2.4224507121502477, -6.341744997800619], [6.609553318293708, 2.862400796818046, -5.028544656201001], [7.4990572782769185, 1.7305266389592155, -7.28445018742086], [-0.7218356539351259, -1.9094432188886943, 0.19854588111328514], [-0.7572024329086383, 0.7638607907794509, -1.7440042682704948], [-0.7413277133076418, 1.1119356181015205, 1.5599067198013175], [3.5675630998919328, -1.0719763502421444, -1.6173204337894984], [3.5646308471048385, -0.998651457480741, 1.6632059076569186], [6.130891610744722, 2.4467990111151976, 0.09978485908568646], [3.511249284815019, 3.6436362938192186, 1.6934683976300993], [1.4193662586323257, 4.7030260509884245, -2.3547407491190766], [4.425555800585136, 6.080889226438595, -2.1345718221695154], [9.531876145744032, 1.7040466128534182, -7.131592539273593], [6.777604415321461, -0.17090416458203705, -7.466660193617976], [6.925208020080101, 2.824793113745137, -8.909840256933464]], "name": "C6H12O2", "identifiers": {"molecule_hash": "f01c1b7834876010f4016a89e8f432aba410ed1a", "molecular_formula": "C6H12O2"}, "molecular_charge": 0.0, "molecular_multiplicity": 1, "connectivity": [[0, 1, 1.0], [0, 8, 1.0], [0, 9, 1.0], [0, 10, 1.0], [1, 2, 1.0], [1, 11, 1.0], [1, 12, 1.0], [2, 3, 1.0], [2, 13, 1.0], [2, 14, 1.0], [3, 4, 1.0], [3, 15, 1.0], [3, 16, 1.0], [4, 5, 2.0], [4, 6, 1.0], [6, 7, 1.0], [7, 17, 1.0], [7, 18, 1.0], [7, 19, 1.0]], "fix_com": true, "fix_orientation": true, "provenance": {"creator": "QCElemental", "version": "v0.22.0", "routine": "qcelemental.molparse.from_schema"}, "id": "144128"}, "charge": 0, "optimize_geometry": false, "conformers": [], "conformer_generation_options": {"n_conformer_pool": 4000, "n_max_conformers": 0, "rms_tolerance": 0.05, "energy_window": 15, "keep_original_conformer": true}, "stage_1_unrestrained_charges": null, "stage_1_restrained_charges": null, "stage_2_unrestrained_charges": null, "stage_2_restrained_charges": null, "keep_original_orientation": false, "reorientations": [], "translations": [], "rotations": []}}, {"index": 1, "molecule": {"qcmol": {"schema_name": "qcschema_molecule", "schema_version": 2, "validated": true, "symbols": ["C", "C", "C", "C", "C", "O", "O", "C", "H", "H", "H", "H", "H", "H", "H", "H", "H", "H", "H", "H"], "geometry": [[0.0, 0.0, 0.0], [2.8900176904246697, -7.441423262657219e-16, -7.662722083664776e-16], [4.0920255728359685, 2.636877069727225, 2.220446049250313e-16], [3.4208754175078884, 4.299550773737778, -2.287474521303695], [4.1256429865614574, 3.1008491852848596, -4.775993641234939], [2.6625301810387625, 2.4224507121502477, -6.341744997800619], [6.609553318293708, 2.862400796818046, -5.028544656201001], [7.4990572782769185, 1.7305266389592155, -7.28445018742086], [-0.7218356539351259, -1.9094432188886943, 0.19854588111328514], [-0.7572024329086383, 0.7638607907794509, -1.7440042682704948], [-0.7413277133076418, 1.1119356181015205, 1.5599067198013175], [3.5675630998919328, -1.0719763502421444, -1.6173204337894984], [3.5646308471048385, -0.998651457480741, 1.6632059076569186], [6.130891610744722, 2.4467990111151976, 0.09978485908568646], [3.511249284815019, 3.6436362938192186, 1.6934683976300993], [1.4193662586323257, 4.7030260509884245, -2.3547407491190766], [4.425555800585136, 6.080889226438595, -2.1345718221695154], [9.531876145744032, 1.7040466128534182, -7.131592539273593], [6.777604415321461, -0.17090416458203705, -7.466660193617976], [6.925208020080101, 2.824793113745137, -8.909840256933464]], "name": "C6H12O2", "identifiers": {"molecule_hash": "f01c1b7834876010f4016a89e8f432aba410ed1a", "molecular_formula": "C6H12O2"}, "molecular_charge": 0.0, "molecular_multiplicity": 1, "connectivity": [[0, 1, 1.0], [0, 8, 1.0], [0, 9, 1.0], [0, 10, 1.0], [1, 2, 1.0], [1, 11, 1.0], [1, 12, 1.0], [2, 3, 1.0], [2, 13, 1.0], [2, 14, 1.0], [3, 4, 1.0], [3, 15, 1.0], [3, 16, 1.0], [4, 5, 2.0], [4, 6, 1.0], [6, 7, 1.0], [7, 17, 1.0], [7, 18, 1.0], [7, 19, 1.0]], "fix_com": true, "fix_orientation": true, "provenance": {"creator": "QCElemental", "version": "v0.22.0", "routine": "qcelemental.molparse.from_schema"}, "id": "144128"}, "charge": 0, "optimize_geometry": false, "conformers": [], "conformer_generation_options": {"n_conformer_pool": 4000, "n_max_conformers": 0, "rms_tolerance": 0.05, "energy_window": 15, "keep_original_conformer": true}, "stage_1_unrestrained_charges": null, "stage_1_restrained_charges": null, "stage_2_unrestrained_charges": null, "stage_2_restrained_charges": null, "keep_original_orientation": false, "reorientations": [], "translations": [], "rotations": []}}, {"index": 2, "molecule": {"qcmol": {"schema_name": "qcschema_molecule", "schema_version": 2, "validated": true, "symbols": ["C", "C", "C", "C", "C", "O", "O", "C", "H", "H", "H", "H", "H", "H", "H", "H", "H", "H", "H", "H"], "geometry": [[0.0, 0.0, 0.0], [2.8900176904246697, -7.441423262657219e-16, -7.662722083664776e-16], [4.0920255728359685, 2.636877069727225, 2.220446049250313e-16], [3.4208754175078884, 4.299550773737778, -2.287474521303695], [4.1256429865614574, 3.1008491852848596, -4.775993641234939], [2.6625301810387625, 2.4224507121502477, -6.341744997800619], [6.609553318293708, 2.862400796818046, -5.028544656201001], [7.4990572782769185, 1.7305266389592155, -7.28445018742086], [-0.7218356539351259, -1.9094432188886943, 0.19854588111328514], [-0.7572024329086383, 0.7638607907794509, -1.7440042682704948], [-0.7413277133076418, 1.1119356181015205, 1.5599067198013175], [3.5675630998919328, -1.0719763502421444, -1.6173204337894984], [3.5646308471048385, -0.998651457480741, 1.6632059076569186], [6.130891610744722, 2.4467990111151976, 0.09978485908568646], [3.511249284815019, 3.6436362938192186, 1.6934683976300993], [1.4193662586323257, 4.7030260509884245, -2.3547407491190766], [4.425555800585136, 6.080889226438595, -2.1345718221695154], [9.531876145744032, 1.7040466128534182, -7.131592539273593], [6.777604415321461, -0.17090416458203705, -7.466660193617976], [6.925208020080101, 2.824793113745137, -8.909840256933464]], "name": "C6H12O2", "identifiers": {"molecule_hash": "f01c1b7834876010f4016a89e8f432aba410ed1a", "molecular_formula": "C6H12O2"}, "molecular_charge": 0.0, "molecular_multiplicity": 1, "connectivity": [[0, 1, 1.0], [0, 8, 1.0], [0, 9, 1.0], [0, 10, 1.0], [1, 2, 1.0], [1, 11, 1.0], [1, 12, 1.0], [2, 3, 1.0], [2, 13, 1.0], [2, 14, 1.0], [3, 4, 1.0], [3, 15, 1.0], [3, 16, 1.0], [4, 5, 2.0], [4, 6, 1.0], [6, 7, 1.0], [7, 17, 1.0], [7, 18, 1.0], [7, 19, 1.0]], "fix_com": true, "fix_orientation": true, "provenance": {"creator": "QCElemental", "version": "v0.22.0", "routine": "qcelemental.molparse.from_schema"}, "id": "144128"}, "charge": 0, "optimize_geometry": false, "conformers": [], "conformer_generation_options": {"n_conformer_pool": 4000, "n_max_conformers": 0, "rms_tolerance": 0.05, "energy_window": 15, "keep_original_conformer": true}, "stage_1_unrestrained_charges": null, "stage_1_restrained_charges": null, "stage_2_unrestrained_charges": null, "stage_2_restrained_charges": null, "keep_original_orientation": false, "reorientations": [], "translations": [], "rotations": []}}, {"index": 3, "molecule": {"qcmol": {"schema_name": "qcschema_molecule", "schema_version": 2, "validated": true, "symbols": ["C", "C", "C", "C", "C", "O", "O", "C", "H", "H", "H", "H", "H", "H", "H", "H", "H", "H", "H", "H"], "geometry": [[0.0, 0.0, 0.0], [2.8900176904246697, -7.441423262657219e-16, -7.662722083664776e-16], [4.0920255728359685, 2.636877069727225, 2.220446049250313e-16], [3.4208754175078884, 4.299550773737778, -2.287474521303695], [4.1256429865614574, 3.1008491852848596, -4.775993641234939], [2.6625301810387625, 2.4224507121502477, -6.341744997800619], [6.609553318293708, 2.862400796818046, -5.028544656201001], [7.4990572782769185, 1.7305266389592155, -7.28445018742086], [-0.7218356539351259, -1.9094432188886943, 0.19854588111328514], [-0.7572024329086383, 0.7638607907794509, -1.7440042682704948], [-0.7413277133076418, 1.1119356181015205, 1.5599067198013175], [3.5675630998919328, -1.0719763502421444, -1.6173204337894984], [3.5646308471048385, -0.998651457480741, 1.6632059076569186], [6.130891610744722, 2.4467990111151976, 0.09978485908568646], [3.511249284815019, 3.6436362938192186, 1.6934683976300993], [1.4193662586323257, 4.7030260509884245, -2.3547407491190766], [4.425555800585136, 6.080889226438595, -2.1345718221695154], [9.531876145744032, 1.7040466128534182, -7.131592539273593], [6.777604415321461, -0.17090416458203705, -7.466660193617976], [6.925208020080101, 2.824793113745137, -8.909840256933464]], "name": "C6H12O2", "identifiers": {"molecule_hash": "f01c1b7834876010f4016a89e8f432aba410ed1a", "molecular_formula": "C6H12O2"}, "molecular_charge": 0.0, "molecular_multiplicity": 1, "connectivity": [[0, 1, 1.0], [0, 8, 1.0], [0, 9, 1.0], [0, 10, 1.0], [1, 2, 1.0], [1, 11, 1.0], [1, 12, 1.0], [2, 3, 1.0], [2, 13, 1.0], [2, 14, 1.0], [3, 4, 1.0], [3, 15, 1.0], [3, 16, 1.0], [4, 5, 2.0], [4, 6, 1.0], [6, 7, 1.0], [7, 17, 1.0], [7, 18, 1.0], [7, 19, 1.0]], "fix_com": true, "fix_orientation": true, "provenance": {"creator": "QCElemental", "version": "v0.22.0", "routine": "qcelemental.molparse.from_schema"}, "id": "144128"}, "charge": 0, "optimize_geometry": false, "conformers": [], "conformer_generation_options": {"n_conformer_pool": 4000, "n_max_conformers": 0, "rms_tolerance": 0.05, "energy_window": 15, "keep_original_conformer": true}, "stage_1_unrestrained_charges": null, "stage_1_restrained_charges": null, "stage_2_unrestrained_charges": null, "stage_2_restrained_charges": null, "keep_original_orientation": false, "reorientations": [], "translations": [], "rotations": []}}, {"index": 7, "molecule": {"qcmol": {"schema_name": "qcschema_molecule", "schema_version": 2, "validated": true, "symbols": ["C", "C", "C", "C", "C", "O", "O", "C", "H", "H", "H", "H", "H", "H", "H", "H", "H", "H", "H", "H"], "geometry": [[0.0, 0.0, 0.0], [2.8900176904246697, -7.441423262657219e-16, -7.662722083664776e-16], [4.0920255728359685, 2.636877069727225, 2.220446049250313e-16], [3.4208754175078884, 4.299550773737778, -2.287474521303695], [4.1256429865614574, 3.1008491852848596, -4.775993641234939], [2.6625301810387625, 2.4224507121502477, -6.341744997800619], [6.609553318293708, 2.862400796818046, -5.028544656201001], [7.4990572782769185, 1.7305266389592155, -7.28445018742086], [-0.7218356539351259, -1.9094432188886943, 0.19854588111328514], [-0.7572024329086383, 0.7638607907794509, -1.7440042682704948], [-0.7413277133076418, 1.1119356181015205, 1.5599067198013175], [3.5675630998919328, -1.0719763502421444, -1.6173204337894984], [3.5646308471048385, -0.998651457480741, 1.6632059076569186], [6.130891610744722, 2.4467990111151976, 0.09978485908568646], [3.511249284815019, 3.6436362938192186, 1.6934683976300993], [1.4193662586323257, 4.7030260509884245, -2.3547407491190766], [4.425555800585136, 6.080889226438595, -2.1345718221695154], [9.531876145744032, 1.7040466128534182, -7.131592539273593], [6.777604415321461, -0.17090416458203705, -7.466660193617976], [6.925208020080101, 2.824793113745137, -8.909840256933464]], "name": "C6H12O2", "identifiers": {"molecule_hash": "f01c1b7834876010f4016a89e8f432aba410ed1a", "molecular_formula": "C6H12O2"}, "molecular_charge": 0.0, "molecular_multiplicity": 1, "connectivity": [[0, 1, 1.0], [0, 8, 1.0], [0, 9, 1.0], [0, 10, 1.0], [1, 2, 1.0], [1, 11, 1.0], [1, 12, 1.0], [2, 3, 1.0], [2, 13, 1.0], [2, 14, 1.0], [3, 4, 1.0], [3, 15, 1.0], [3, 16, 1.0], [4, 5, 2.0], [4, 6, 1.0], [6, 7, 1.0], [7, 17, 1.0], [7, 18, 1.0], [7, 19, 1.0]], "fix_com": true, "fix_orientation": true, "provenance": {"creator": "QCElemental", "version": "v0.22.0", "routine": "qcelemental.molparse.from_schema"}, "id": "144128"}, "charge": 0, "optimize_geometry": false, "conformers": [], "conformer_generation_options": {"n_conformer_pool": 4000, "n_max_conformers": 0, "rms_tolerance": 0.05, "energy_window": 15, "keep_original_conformer": true}, "stage_1_unrestrained_charges": null, "stage_1_restrained_charges": null, "stage_2_unrestrained_charges": null, "stage_2_restrained_charges": null, "keep_original_orientation": false, "reorientations": [], "translations": [], "rotations": []}}]}, "surface_constraints": {"matrix": [[776073576119185.6, 753309399195085.5, 725591657710133.9, 696453431966898.8, 675790174505636.5, 667642405584769.0, 658213504047405.2, 617272619672271.5, 780813551081473.6, 781633278717340.8, 778960579921306.0, 752342004831254.4, 750690542099664.2, 723467709512843.9, 723815196876865.2, 684547439131402.6, 695976466615977.8, 602376712941874.5, 606949719513705.2, 609372588313355.9], [753309399195085.5, 770543489685680.2, 751599737083752.8, 725062238635794.5, 699138294013805.9, 687268649298362.1, 681524410055200.9, 636147532532663.4, 747580485386729.4, 747967814336104.0, 746269667313073.1, 781155027153469.9, 780315565665714.4, 751491555173175.8, 751707985179488.5, 717268162058187.5, 726020695948204.5, 620970482318483.6, 623569354051982.2, 627446408862158.8], [725591657710133.9, 751599737083752.8, 770529869420646.2, 751924192141747.0, 726338623348068.5, 711413212954468.2, 712935862439691.4, 664567064515463.5, 715485955719025.6, 728487774984298.4, 709207057667003.9, 751051454458724.8, 750601930385010.2, 782112665274020.6, 782094837187904.5, 751449651189668.1, 750867662811237.2, 651387806858345.1, 652765908555979.1, 650662843551825.2], [696453431966898.8, 725062238635794.5, 751924192141747.0, 770822457579003.0, 752199099529280.5, 740303470004339.6, 738279016878717.0, 691507093650854.6, 689126376601296.9, 697769374145154.0, 677677115644439.2, 722475276609488.1, 723366496121533.0, 752670474614759.2, 752179966912220.4, 781963327027759.8, 781864754714266.2, 674205787503382.5, 680512913887533.6, 681778419924588.9], [675790174505636.5, 699138294013805.9, 726338623348068.5, 752199099529280.5, 767459082615710.6, 771415684006893.9, 761204686240565.6, 735210348163248.0, 670713378777348.6, 679009847209462.9, 657256213768371.5, 701096279414527.6, 689212431886690.5, 720282750963383.1, 729369445574581.0, 753407113041738.0, 753370056906898.8, 719325290711633.1, 730044451095305.0, 732462053749739.5], [667642405584769.0, 687268649298362.1, 711413212954468.2, 740303470004339.6, 771415684006893.9, 803191410111230.1, 748362357848705.6, 735185763288518.4, 661120022184605.0, 673613018029925.9, 650821206072502.1, 691990199755015.8, 673952570687294.2, 698898007394298.8, 716183501490320.9, 737014124835749.8, 736923371289838.4, 713540402208873.9, 736214401458488.6, 741229979634630.1], [658213504047405.2, 681524410055200.9, 712935862439691.4, 738279016878717.0, 761204686240565.6, 748362357848705.6, 785006345460299.8, 764953153784747.0, 656462480265327.9, 660103692598492.6, 637974258262910.2, 682716041870813.5, 669450631810229.9, 711326218188675.1, 715493421249501.2, 735928260406029.6, 737050758992077.5, 760410782159034.8, 757571866007964.0, 757184800395216.0], [617272619672271.5, 636147532532663.4, 664567064515463.5, 691507093650854.6, 735210348163248.0, 735185763288518.4, 764953153784747.0, 779530479919466.6, 615985306842170.9, 620680395735002.8, 598775517122430.9, 640213670502077.4, 620937616440231.5, 659006772210764.0, 667545947495444.4, 683184285776439.1, 684064378240495.0, 782272144758908.2, 781536476332820.8, 781777798485752.8], [780813551081473.6, 747580485386729.4, 715485955719025.6, 689126376601296.9, 670713378777348.6, 661120022184605.0, 656462480265327.9, 615985306842170.9, 816015761758787.6, 775456479632786.1, 773165050856215.4, 744433984084534.2, 742862651872887.9, 715353846217958.6, 706494950139834.5, 674925818642216.1, 691314270131403.9, 601221234583574.2, 606858385344210.2, 607125898863591.8], [781633278717340.8, 747967814336104.0, 728487774984298.4, 697769374145154.0, 679009847209462.9, 673613018029925.9, 660103692598492.6, 620680395735002.8, 775456479632786.1, 818873637508066.1, 773364624182867.9, 742073610117406.5, 734771554157714.6, 726977115501805.6, 732815233827192.4, 684880393782593.0, 696039825372299.2, 607013271860846.1, 610409139205624.1, 612409162093379.0], [778960579921306.0, 746269667313073.1, 709207057667003.9, 677677115644439.2, 657256213768371.5, 650821206072502.1, 637974258262910.2, 598775517122430.9, 773165050856215.4, 773364624182867.9, 811808338982324.0, 742959151640470.2, 746236545375471.5, 703010225213051.9, 707202231748339.1, 666033078950972.8, 674975281209491.0, 583073710912172.6, 588764750720528.4, 592832835517187.6], [752342004831254.4, 781155027153469.9, 751051454458724.8, 722475276609488.1, 701096279414527.6, 691990199755015.8, 682716041870813.5, 640213670502077.4, 744433984084534.2, 742073610117406.5, 742959151640470.2, 821761240763657.8, 779684169834217.9, 743324932266657.4, 751632605675227.0, 707971978061581.2, 725068078767077.2, 623584453587501.9, 626874265501278.1, 635585243408431.1], [750690542099664.2, 780315565665714.4, 750601930385010.2, 723366496121533.0, 689212431886690.5, 673952570687294.2, 669450631810229.9, 620937616440231.5, 742862651872887.9, 734771554157714.6, 746236545375471.5, 779684169834217.9, 820176273715507.4, 750261594017720.5, 742567819415576.2, 720637526293289.4, 725061553594319.4, 605768695703564.1, 607026830443557.0, 611699568591784.5], [723467709512843.9, 751491555173175.8, 782112665274020.6, 752670474614759.2, 720282750963383.1, 698898007394298.8, 711326218188675.1, 659006772210764.0, 715353846217958.6, 726977115501805.6, 703010225213051.9, 743324932266657.4, 750261594017720.5, 822973535649571.6, 782612201927706.1, 752186561757845.9, 748473589598289.5, 645932265025310.1, 649187570520170.4, 640426568956806.5], [723815196876865.2, 751707985179488.5, 782094837187904.5, 752179966912220.4, 729369445574581.0, 716183501490320.9, 715493421249501.2, 667545947495444.4, 706494950139834.5, 732815233827192.4, 707202231748339.1, 751632605675227.0, 742567819415576.2, 782612201927706.1, 823254678405814.5, 748637796470869.5, 742913304747316.5, 658913934965029.4, 653797844641210.0, 651053714744875.1], [684547439131402.6, 717268162058187.5, 751449651189668.1, 781963327027759.8, 753407113041738.0, 737014124835749.8, 735928260406029.6, 683184285776439.1, 674925818642216.1, 684880393782593.0, 666033078950972.8, 707971978061581.2, 720637526293289.4, 752186561757845.9, 748637796470869.5, 822316282595689.9, 781245998966373.6, 663388675509651.8, 672023284911888.5, 672079828597012.9], [695976466615977.8, 726020695948204.5, 750867662811237.2, 781864754714266.2, 753370056906898.8, 736923371289838.4, 737050758992077.5, 684064378240495.0, 691314270131403.9, 696039825372299.2, 674975281209491.0, 725068078767077.2, 725061553594319.4, 748473589598289.5, 742913304747316.5, 781245998966373.6, 822194373441704.2, 664926640509297.8, 670336804073422.5, 674776668085548.2], [602376712941874.5, 620970482318483.6, 651387806858345.1, 674205787503382.5, 719325290711633.1, 713540402208873.9, 760410782159034.8, 782272144758908.2, 601221234583574.2, 607013271860846.1, 583073710912172.6, 623584453587501.9, 605768695703564.1, 645932265025310.1, 658913934965029.4, 663388675509651.8, 664926640509297.8, 815433817964618.2, 772149626741009.6, 772557260905993.0], [606949719513705.2, 623569354051982.2, 652765908555979.1, 680512913887533.6, 730044451095305.0, 736214401458488.6, 757571866007964.0, 781536476332820.8, 606858385344210.2, 610409139205624.1, 588764750720528.4, 626874265501278.1, 607026830443557.0, 649187570520170.4, 653797844641210.0, 672023284911888.5, 670336804073422.5, 772149626741009.6, 815080372856545.9, 772251268302971.5], [609372588313355.9, 627446408862158.8, 650662843551825.2, 681778419924588.9, 732462053749739.5, 741229979634630.1, 757184800395216.0, 781777798485752.8, 607125898863591.8, 612409162093379.0, 592832835517187.6, 635585243408431.1, 611699568591784.5, 640426568956806.5, 651053714744875.1, 672079828597012.9, 674776668085548.2, 772557260905993.0, 772251268302971.5, 815896561322441.9], [-2298702467683.3945, -1332212186898.1472, -1740621697493.9297, -4362030014953.6865, -10047371171923.564, -19942361817462.707, -4245030235279.466, -2826576692608.1777, -2120080616159.1355, -3170282729397.9863, -2343480368954.2095, -1836586877523.3862, 392519803375.6349, 473051991815.4112, -2376665650136.6143, -2752570946838.247, -3246224895280.553, 811746998618.2915, -3225037946380.373, -4209149473546.0894]]}}