{"resp_b": 0.1, "restrained_fit": true, "exclude_hydrogens": true, "convergence_tolerance": 1e-06, "max_iter": 500, "resp_a": 0.0005, "charge_constraints": {"charge_sum_constraints": [], "charge_equivalence_constraints": [], "molecules": [{"qcmol": {"schema_name": "qcschema_molecule", "schema_version": 2, "validated": true, "symbols": ["C", "C", "C", "C", "C", "O", "O", "C", "H", "H", "H", "H", "H", "H", "H", "H", "H", "H", "H", "H"], "geometry": [[0.0, 0.0, 0.0], [2.8900176904246697, -7.441423262657219e-16, -7.662722083664776e-16], [4.0920255728359685, 2.636877069727225, 2.220446049250313e-16], [3.4208754175078884, 4.299550773737778, -2.287474521303695], [4.1256429865614574, 3.1008491852848596, -4.775993641234939], [2.6625301810387625, 2.4224507121502477, -6.341744997800619], [6.609553318293708, 2.862400796818046, -5.028544656201001], [7.4990572782769185, 1.7305266389592155, -7.28445018742086], [-0.7218356539351259, -1.9094432188886943, 0.19854588111328514], [-0.7572024329086383, 0.7638607907794509, -1.7440042682704948], [-0.7413277133076418, 1.1119356181015205, 1.5599067198013175], [3.5675630998919328, -1.0719763502421444, -1.6173204337894984], [3.5646308471048385, -0.998651457480741, 1.6632059076569186], [6.130891610744722, 2.4467990111151976, 0.09978485908568646], [3.511249284815019, 3.6436362938192186, 1.6934683976300993], [1.4193662586323257, 4.7030260509884245, -2.3547407491190766], [4.425555800585136, 6.080889226438595, -2.1345718221695154], [9.531876145744032, 1.7040466128534182, -7.131592539273593], [6.777604415321461, -0.17090416458203705, -7.466660193617976], [6.925208020080101, 2.824793113745137, -8.909840256933464]], "name": "C6H12O2", "identifiers": {"molecule_hash": "f01c1b7834876010f4016a89e8f432aba410ed1a", "molecular_formula": "C6H12O2"}, "molecular_charge": 0.0, "molecular_multiplicity": 1, "connectivity": [[0, 1, 1.0], [0, 8, 1.0], [0, 9, 1.0], [0, 10, 1.0], [1, 2, 1.0], [1, 11, 1.0], [1, 12, 1.0], [2, 3, 1.0], [2, 13, 1.0], [2, 14, 1.0], [3, 4, 1.0], [3, 15, 1.0], [3, 16, 1.0], [4, 5, 2.0], [4, 6, 1.0], [6, 7, 1.0], [7, 17, 1.0], [7, 18, 1.0], [7, 19, 1.0]], "fix_com": true, "fix_orientation": true, "provenance": {"creator": "QCElemental", "version": "v0.22.0", "routine": "qcelemental.molparse.from_schema"}, "id": "144128"}, "charge": 0, "optimize_geometry": false, "conformers": [], "conformer_generation_options": {"n_conformer_pool": 4000, "n_max_conformers": 0, "rms_tolerance": 0.05, "energy_window": 15, "keep_original_conformer": true}, "stage_1_unrestrained_charges": null, "stage_1_restrained_charges": null, "stage_2_unrestrained_charges": null, "stage_2_restrained_charges": null, "keep_original_orientation": false, "reorientations": [], "translations": [], "rotations": []}], "unconstrained_atoms": [{"index": 0, "molecule": {"qcmol": {"schema_name": "qcschema_molecule", "schema_version": 2, "validated": true, "symbols": ["C", "C", "C", "C", "C", "O", "O", "C", "H", "H", "H", "H", "H", "H", "H", "H", "H", "H", "H", "H"], "geometry": [[0.0, 0.0, 0.0], [2.8900176904246697, -7.441423262657219e-16, -7.662722083664776e-16], [4.0920255728359685, 2.636877069727225, 2.220446049250313e-16], [3.4208754175078884, 4.299550773737778, -2.287474521303695], [4.1256429865614574, 3.1008491852848596, -4.775993641234939], [2.6625301810387625, 2.4224507121502477, -6.341744997800619], [6.609553318293708, 2.862400796818046, -5.028544656201001], [7.4990572782769185, 1.7305266389592155, -7.28445018742086], [-0.7218356539351259, -1.9094432188886943, 0.19854588111328514], [-0.7572024329086383, 0.7638607907794509, -1.7440042682704948], [-0.7413277133076418, 1.1119356181015205, 1.5599067198013175], [3.5675630998919328, -1.0719763502421444, -1.6173204337894984], [3.5646308471048385, -0.998651457480741, 1.6632059076569186], [6.130891610744722, 2.4467990111151976, 0.09978485908568646], [3.511249284815019, 3.6436362938192186, 1.6934683976300993], [1.4193662586323257, 4.7030260509884245, -2.3547407491190766], [4.425555800585136, 6.080889226438595, -2.1345718221695154], [9.531876145744032, 1.7040466128534182, -7.131592539273593], [6.777604415321461, -0.17090416458203705, -7.466660193617976], [6.925208020080101, 2.824793113745137, -8.909840256933464]], "name": "C6H12O2", "identifiers": {"molecule_hash": "f01c1b7834876010f4016a89e8f432aba410ed1a", "molecular_formula": "C6H12O2"}, "molecular_charge": 0.0, "molecular_multiplicity": 1, "connectivity": [[0, 1, 1.0], [0, 8, 1.0], [0, 9, 1.0], [0, 10, 1.0], [1, 2, 1.0], [1, 11, 1.0], [1, 12, 1.0], [2, 3, 1.0], [2, 13, 1.0], [2, 14, 1.0], [3, 4, 1.0], [3, 15, 1.0], [3, 16, 1.0], [4, 5, 2.0], [4, 6, 1.0], [6, 7, 1.0], [7, 17, 1.0], [7, 18, 1.0], [7, 19, 1.0]], "fix_com": true, "fix_orientation": true, "provenance": {"creator": "QCElemental", "version": "v0.22.0", "routine": "qcelemental.molparse.from_schema"}, "id": "144128"}, "charge": 0, "optimize_geometry": false, "conformers": [], "conformer_generation_options": {"n_conformer_pool": 4000, "n_max_conformers": 0, "rms_tolerance": 0.05, "energy_window": 15, "keep_original_conformer": true}, "stage_1_unrestrained_charges": null, "stage_1_restrained_charges": null, "stage_2_unrestrained_charges": null, "stage_2_restrained_charges": null, "keep_original_orientation": false, "reorientations": [], "translations": [], "rotations": []}}, {"index": 1, "molecule": {"qcmol": {"schema_name": "qcschema_molecule", "schema_version": 2, "validated": true, "symbols": ["C", "C", "C", "C", "C", "O", "O", "C", "H", "H", "H", "H", "H", "H", "H", "H", "H", "H", "H", "H"], "geometry": [[0.0, 0.0, 0.0], [2.8900176904246697, -7.441423262657219e-16, -7.662722083664776e-16], [4.0920255728359685, 2.636877069727225, 2.220446049250313e-16], [3.4208754175078884, 4.299550773737778, -2.287474521303695], [4.1256429865614574, 3.1008491852848596, -4.775993641234939], [2.6625301810387625, 2.4224507121502477, -6.341744997800619], [6.609553318293708, 2.862400796818046, -5.028544656201001], [7.4990572782769185, 1.7305266389592155, -7.28445018742086], [-0.7218356539351259, -1.9094432188886943, 0.19854588111328514], [-0.7572024329086383, 0.7638607907794509, -1.7440042682704948], [-0.7413277133076418, 1.1119356181015205, 1.5599067198013175], [3.5675630998919328, -1.0719763502421444, -1.6173204337894984], [3.5646308471048385, -0.998651457480741, 1.6632059076569186], [6.130891610744722, 2.4467990111151976, 0.09978485908568646], [3.511249284815019, 3.6436362938192186, 1.6934683976300993], [1.4193662586323257, 4.7030260509884245, -2.3547407491190766], [4.425555800585136, 6.080889226438595, -2.1345718221695154], [9.531876145744032, 1.7040466128534182, -7.131592539273593], [6.777604415321461, -0.17090416458203705, -7.466660193617976], [6.925208020080101, 2.824793113745137, -8.909840256933464]], "name": "C6H12O2", "identifiers": {"molecule_hash": "f01c1b7834876010f4016a89e8f432aba410ed1a", "molecular_formula": "C6H12O2"}, "molecular_charge": 0.0, "molecular_multiplicity": 1, "connectivity": [[0, 1, 1.0], [0, 8, 1.0], [0, 9, 1.0], [0, 10, 1.0], [1, 2, 1.0], [1, 11, 1.0], [1, 12, 1.0], [2, 3, 1.0], [2, 13, 1.0], [2, 14, 1.0], [3, 4, 1.0], [3, 15, 1.0], [3, 16, 1.0], [4, 5, 2.0], [4, 6, 1.0], [6, 7, 1.0], [7, 17, 1.0], [7, 18, 1.0], [7, 19, 1.0]], "fix_com": true, "fix_orientation": true, "provenance": {"creator": "QCElemental", "version": "v0.22.0", "routine": "qcelemental.molparse.from_schema"}, "id": "144128"}, "charge": 0, "optimize_geometry": false, "conformers": [], "conformer_generation_options": {"n_conformer_pool": 4000, "n_max_conformers": 0, "rms_tolerance": 0.05, "energy_window": 15, "keep_original_conformer": true}, "stage_1_unrestrained_charges": null, "stage_1_restrained_charges": null, "stage_2_unrestrained_charges": null, "stage_2_restrained_charges": null, "keep_original_orientation": false, "reorientations": [], "translations": [], "rotations": []}}, {"index": 2, "molecule": {"qcmol": {"schema_name": "qcschema_molecule", "schema_version": 2, "validated": true, "symbols": ["C", "C", "C", "C", "C", "O", "O", "C", "H", "H", "H", "H", "H", "H", "H", "H", "H", "H", "H", "H"], "geometry": [[0.0, 0.0, 0.0], [2.8900176904246697, -7.441423262657219e-16, -7.662722083664776e-16], [4.0920255728359685, 2.636877069727225, 2.220446049250313e-16], [3.4208754175078884, 4.299550773737778, -2.287474521303695], [4.1256429865614574, 3.1008491852848596, -4.775993641234939], [2.6625301810387625, 2.4224507121502477, -6.341744997800619], [6.609553318293708, 2.862400796818046, -5.028544656201001], [7.4990572782769185, 1.7305266389592155, -7.28445018742086], [-0.7218356539351259, -1.9094432188886943, 0.19854588111328514], [-0.7572024329086383, 0.7638607907794509, -1.7440042682704948], [-0.7413277133076418, 1.1119356181015205, 1.5599067198013175], [3.5675630998919328, -1.0719763502421444, -1.6173204337894984], [3.5646308471048385, -0.998651457480741, 1.6632059076569186], [6.130891610744722, 2.4467990111151976, 0.09978485908568646], [3.511249284815019, 3.6436362938192186, 1.6934683976300993], [1.4193662586323257, 4.7030260509884245, -2.3547407491190766], [4.425555800585136, 6.080889226438595, -2.1345718221695154], [9.531876145744032, 1.7040466128534182, -7.131592539273593], [6.777604415321461, -0.17090416458203705, -7.466660193617976], [6.925208020080101, 2.824793113745137, -8.909840256933464]], "name": "C6H12O2", "identifiers": {"molecule_hash": "f01c1b7834876010f4016a89e8f432aba410ed1a", "molecular_formula": "C6H12O2"}, "molecular_charge": 0.0, "molecular_multiplicity": 1, "connectivity": [[0, 1, 1.0], [0, 8, 1.0], [0, 9, 1.0], [0, 10, 1.0], [1, 2, 1.0], [1, 11, 1.0], [1, 12, 1.0], [2, 3, 1.0], [2, 13, 1.0], [2, 14, 1.0], [3, 4, 1.0], [3, 15, 1.0], [3, 16, 1.0], [4, 5, 2.0], [4, 6, 1.0], [6, 7, 1.0], [7, 17, 1.0], [7, 18, 1.0], [7, 19, 1.0]], "fix_com": true, "fix_orientation": true, "provenance": {"creator": "QCElemental", "version": "v0.22.0", "routine": "qcelemental.molparse.from_schema"}, "id": "144128"}, "charge": 0, "optimize_geometry": false, "conformers": [], "conformer_generation_options": {"n_conformer_pool": 4000, "n_max_conformers": 0, "rms_tolerance": 0.05, "energy_window": 15, "keep_original_conformer": true}, "stage_1_unrestrained_charges": null, "stage_1_restrained_charges": null, "stage_2_unrestrained_charges": null, "stage_2_restrained_charges": null, "keep_original_orientation": false, "reorientations": [], "translations": [], "rotations": []}}, {"index": 3, "molecule": {"qcmol": {"schema_name": "qcschema_molecule", "schema_version": 2, "validated": true, "symbols": ["C", "C", "C", "C", "C", "O", "O", "C", "H", "H", "H", "H", "H", "H", "H", "H", "H", "H", "H", "H"], "geometry": [[0.0, 0.0, 0.0], [2.8900176904246697, -7.441423262657219e-16, -7.662722083664776e-16], [4.0920255728359685, 2.636877069727225, 2.220446049250313e-16], [3.4208754175078884, 4.299550773737778, -2.287474521303695], [4.1256429865614574, 3.1008491852848596, -4.775993641234939], [2.6625301810387625, 2.4224507121502477, -6.341744997800619], [6.609553318293708, 2.862400796818046, -5.028544656201001], [7.4990572782769185, 1.7305266389592155, -7.28445018742086], [-0.7218356539351259, -1.9094432188886943, 0.19854588111328514], [-0.7572024329086383, 0.7638607907794509, -1.7440042682704948], [-0.7413277133076418, 1.1119356181015205, 1.5599067198013175], [3.5675630998919328, -1.0719763502421444, -1.6173204337894984], [3.5646308471048385, -0.998651457480741, 1.6632059076569186], [6.130891610744722, 2.4467990111151976, 0.09978485908568646], [3.511249284815019, 3.6436362938192186, 1.6934683976300993], [1.4193662586323257, 4.7030260509884245, -2.3547407491190766], [4.425555800585136, 6.080889226438595, -2.1345718221695154], [9.531876145744032, 1.7040466128534182, -7.131592539273593], [6.777604415321461, -0.17090416458203705, -7.466660193617976], [6.925208020080101, 2.824793113745137, -8.909840256933464]], "name": "C6H12O2", "identifiers": {"molecule_hash": "f01c1b7834876010f4016a89e8f432aba410ed1a", "molecular_formula": "C6H12O2"}, "molecular_charge": 0.0, "molecular_multiplicity": 1, "connectivity": [[0, 1, 1.0], [0, 8, 1.0], [0, 9, 1.0], [0, 10, 1.0], [1, 2, 1.0], [1, 11, 1.0], [1, 12, 1.0], [2, 3, 1.0], [2, 13, 1.0], [2, 14, 1.0], [3, 4, 1.0], [3, 15, 1.0], [3, 16, 1.0], [4, 5, 2.0], [4, 6, 1.0], [6, 7, 1.0], [7, 17, 1.0], [7, 18, 1.0], [7, 19, 1.0]], "fix_com": true, "fix_orientation": true, "provenance": {"creator": "QCElemental", "version": "v0.22.0", "routine": "qcelemental.molparse.from_schema"}, "id": "144128"}, "charge": 0, "optimize_geometry": false, "conformers": [], "conformer_generation_options": {"n_conformer_pool": 4000, "n_max_conformers": 0, "rms_tolerance": 0.05, "energy_window": 15, "keep_original_conformer": true}, "stage_1_unrestrained_charges": null, "stage_1_restrained_charges": null, "stage_2_unrestrained_charges": null, "stage_2_restrained_charges": null, "keep_original_orientation": false, "reorientations": [], "translations": [], "rotations": []}}, {"index": 7, "molecule": {"qcmol": {"schema_name": "qcschema_molecule", "schema_version": 2, "validated": true, "symbols": ["C", "C", "C", "C", "C", "O", "O", "C", "H", "H", "H", "H", "H", "H", "H", "H", "H", "H", "H", "H"], "geometry": [[0.0, 0.0, 0.0], [2.8900176904246697, -7.441423262657219e-16, -7.662722083664776e-16], [4.0920255728359685, 2.636877069727225, 2.220446049250313e-16], [3.4208754175078884, 4.299550773737778, -2.287474521303695], [4.1256429865614574, 3.1008491852848596, -4.775993641234939], [2.6625301810387625, 2.4224507121502477, -6.341744997800619], [6.609553318293708, 2.862400796818046, -5.028544656201001], [7.4990572782769185, 1.7305266389592155, -7.28445018742086], [-0.7218356539351259, -1.9094432188886943, 0.19854588111328514], [-0.7572024329086383, 0.7638607907794509, -1.7440042682704948], [-0.7413277133076418, 1.1119356181015205, 1.5599067198013175], [3.5675630998919328, -1.0719763502421444, -1.6173204337894984], [3.5646308471048385, -0.998651457480741, 1.6632059076569186], [6.130891610744722, 2.4467990111151976, 0.09978485908568646], [3.511249284815019, 3.6436362938192186, 1.6934683976300993], [1.4193662586323257, 4.7030260509884245, -2.3547407491190766], [4.425555800585136, 6.080889226438595, -2.1345718221695154], [9.531876145744032, 1.7040466128534182, -7.131592539273593], [6.777604415321461, -0.17090416458203705, -7.466660193617976], [6.925208020080101, 2.824793113745137, -8.909840256933464]], "name": "C6H12O2", "identifiers": {"molecule_hash": "f01c1b7834876010f4016a89e8f432aba410ed1a", "molecular_formula": "C6H12O2"}, "molecular_charge": 0.0, "molecular_multiplicity": 1, "connectivity": [[0, 1, 1.0], [0, 8, 1.0], [0, 9, 1.0], [0, 10, 1.0], [1, 2, 1.0], [1, 11, 1.0], [1, 12, 1.0], [2, 3, 1.0], [2, 13, 1.0], [2, 14, 1.0], [3, 4, 1.0], [3, 15, 1.0], [3, 16, 1.0], [4, 5, 2.0], [4, 6, 1.0], [6, 7, 1.0], [7, 17, 1.0], [7, 18, 1.0], [7, 19, 1.0]], "fix_com": true, "fix_orientation": true, "provenance": {"creator": "QCElemental", "version": "v0.22.0", "routine": "qcelemental.molparse.from_schema"}, "id": "144128"}, "charge": 0, "optimize_geometry": false, "conformers": [], "conformer_generation_options": {"n_conformer_pool": 4000, "n_max_conformers": 0, "rms_tolerance": 0.05, "energy_window": 15, "keep_original_conformer": true}, "stage_1_unrestrained_charges": null, "stage_1_restrained_charges": null, "stage_2_unrestrained_charges": null, "stage_2_restrained_charges": null, "keep_original_orientation": false, "reorientations": [], "translations": [], "rotations": []}}]}, "surface_constraints": {"matrix": [[1919.6195195250218, 1860.581344626585, 1786.3541542599114, 1709.5090694692833, 1657.3955822231428, 1632.1372693777714, 1613.6573638398877, 1504.3571817234472, 1927.027929874478, 1929.2819303087203, 1924.9426995872284, 1855.5113249647318, 1852.1524016666417, 1778.9024805672407, 1779.030578680458, 1675.6845428924228, 1703.530023567078, 1461.6920438140962, 1473.150921120143, 1484.803502087685], [1860.581344626585, 1908.9707323158982, 1857.3684570825287, 1784.7079521653966, 1717.4079107827774, 1678.261535400389, 1674.6388354850537, 1551.0815286173697, 1840.5969022201177, 1841.6460562095067, 1839.3543466886472, 1934.9963735470785, 1933.674260036605, 1855.2377119257353, 1854.9118492601688, 1760.4218213776721, 1781.8675840462888, 1502.1074943001488, 1516.5358311549503, 1530.3038088999986], [1786.3541542599114, 1857.3684570825287, 1907.8030637332467, 1856.2067589568971, 1788.9471411010786, 1739.607405267099, 1756.496615607193, 1622.5286329124797, 1755.6562823700597, 1790.2161661998362, 1741.2590464999346, 1853.7080524633354, 1853.538422727571, 1937.1073949508452, 1935.44157603998, 1850.3173626073578, 1847.5458562287583, 1574.8019368466094, 1590.2554983434336, 1589.080453826602], [1709.5090694692833, 1784.7079521653966, 1856.2067589568971, 1904.9423854495378, 1857.2322647763924, 1817.219416079777, 1819.3866702065632, 1689.2014404659717, 1686.5626908358986, 1710.7756927469004, 1659.6950189518566, 1775.7330835370485, 1778.4990424853697, 1856.746556910696, 1854.3913064089654, 1929.562492814038, 1928.1645117948683, 1636.911215879376, 1655.8948445764056, 1662.3263820758675], [1657.3955822231428, 1717.4079107827774, 1788.9471411010786, 1857.2322647763924, 1901.1850383931198, 1903.2391751667774, 1883.9036975393901, 1805.9182872109038, 1640.9814416849863, 1664.913260350617, 1608.5001227608977, 1720.6131809370986, 1689.837443909565, 1772.388724585424, 1793.9738875011396, 1855.8621910461145, 1854.2027263356078, 1756.4623051217275, 1786.3145422218208, 1795.9761590932744], [1632.1372693777714, 1678.261535400389, 1739.607405267099, 1817.219416079777, 1903.2391751667774, 1982.9003232739615, 1840.408221778248, 1800.6769175354345, 1615.522568529199, 1647.1039233792658, 1587.4479782586468, 1688.5777539991795, 1640.7627554790447, 1712.0499499298312, 1741.7652231238833, 1801.0141150538639, 1808.50915431438, 1737.670770989569, 1799.090820506898, 1815.4032792843566], [1613.6573638398877, 1674.6388354850537, 1756.496615607193, 1819.3866702065632, 1883.9036975393901, 1840.408221778248, 1952.48539754171, 1886.3226029812356, 1602.5514389115879, 1619.6596984218036, 1561.482860324966, 1677.0772007206465, 1641.9346179078912, 1744.0703145043083, 1771.076492576967, 1811.8122286641342, 1803.0929961244956, 1865.8945743597965, 1858.2396511646211, 1860.3632507752388], [1504.3571817234472, 1551.0815286173697, 1622.5286329124797, 1689.2014404659717, 1805.9182872109038, 1800.6769175354345, 1886.3226029812356, 1916.4880802611992, 1496.0092724563374, 1515.4008371517593, 1457.1396401076543, 1560.9601552696085, 1510.7904715320751, 1601.8690844037471, 1635.368651101255, 1666.248162612213, 1659.948790381063, 1915.939172504301, 1914.0326781945494, 1917.7987967968375], [1927.027929874478, 1840.5969022201177, 1755.6562823700597, 1686.5626908358986, 1640.9814416849863, 1615.522568529199, 1602.5514389115879, 1496.0092724563374, 2014.7512829702782, 1908.770022311853, 1903.9250249700444, 1829.7541470003978, 1826.7518575720844, 1753.0529608135062, 1730.5838514667205, 1647.5281983091343, 1687.0036162812585, 1453.9084853978522, 1465.0575675751895, 1477.5476054626452], [1929.2819303087203, 1841.6460562095067, 1790.2161661998362, 1710.7756927469004, 1664.913260350617, 1647.1039233792658, 1619.6596984218036, 1515.4008371517593, 1908.770022311853, 2022.1188474672267, 1905.3619016706355, 1823.8050316922327, 1805.085747757992, 1784.9809195124722, 1798.3483654340987, 1673.5730153571567, 1702.532943417887, 1480.1467188925556, 1484.3657221999079, 1491.3744322275934], [1924.9426995872284, 1839.3543466886472, 1741.2590464999346, 1659.6950189518566, 1608.5001227608977, 1587.4479782586468, 1561.482860324966, 1457.1396401076543, 1903.9250249700444, 1905.3619016706355, 2009.8974898572665, 1827.5832753263232, 1837.424780710064, 1723.0874389028356, 1733.0961474055177, 1627.8989422953985, 1648.078061620031, 1412.029089841792, 1428.2094434645658, 1442.272609050793], [1855.5113249647318, 1934.9963735470785, 1853.7080524633354, 1775.7330835370485, 1720.6131809370986, 1688.5777539991795, 1677.0772007206465, 1560.9601552696085, 1829.7541470003978, 1823.8050316922327, 1827.5832753263232, 2040.799312018003, 1930.1204809436585, 1831.1611933211054, 1852.695350737457, 1733.8783343691857, 1776.9634564463486, 1507.2292164689197, 1525.2582267871767, 1550.874901014272], [1852.1524016666417, 1933.674260036605, 1853.538422727571, 1778.4990424853697, 1689.837443909565, 1640.7627554790447, 1641.9346179078912, 1510.7904715320751, 1826.7518575720844, 1805.085747757992, 1837.424780710064, 1930.1204809436585, 2037.712145926834, 1850.5661973437393, 1829.583845959832, 1767.590654256035, 1777.9447392922896, 1461.0039178433133, 1474.0542393563571, 1489.1012867260972], [1778.9024805672407, 1855.2377119257353, 1937.1073949508452, 1856.746556910696, 1772.388724585424, 1712.0499499298312, 1744.0703145043083, 1601.8690844037471, 1753.0529608135062, 1784.9809195124722, 1723.0874389028356, 1831.1611933211054, 1850.5661973437393, 2044.0085828828437, 1935.3590564889894, 1850.337706873839, 1839.067885893548, 1552.1016272765428, 1571.533808066592, 1563.4118323073242], [1779.030578680458, 1854.9118492601688, 1935.44157603998, 1854.3913064089654, 1793.9738875011396, 1741.7652231238833, 1771.076492576967, 1635.368651101255, 1730.5838514667205, 1798.3483654340987, 1733.0961474055177, 1852.695350737457, 1829.583845959832, 1935.3590564889894, 2041.3056891053948, 1840.338530939037, 1824.273291927413, 1594.8215384341206, 1604.0671843439623, 1591.7027217328387], [1675.6845428924228, 1760.4218213776721, 1850.3173626073578, 1929.562492814038, 1855.8621910461145, 1801.0141150538639, 1811.8122286641342, 1666.248162612213, 1647.5281983091343, 1673.5730153571567, 1627.8989422953985, 1733.8783343691857, 1767.590654256035, 1850.337706873839, 1840.338530939037, 2031.239391293004, 1922.5211675086023, 1607.7880865475777, 1633.57539702337, 1635.008474723053], [1703.530023567078, 1781.8675840462888, 1847.5458562287583, 1928.1645117948683, 1854.2027263356078, 1808.50915431438, 1803.0929961244956, 1659.948790381063, 1687.0036162812585, 1702.532943417887, 1648.078061620031, 1776.9634564463486, 1777.9447392922896, 1839.067885893548, 1824.273291927413, 1922.5211675086023, 2028.4070952752395, 1608.75794616131, 1617.6967180011518, 1633.0673749897562], [1461.6920438140962, 1502.1074943001488, 1574.8019368466094, 1636.911215879376, 1756.4623051217275, 1737.670770989569, 1865.8945743597965, 1915.939172504301, 1453.9084853978522, 1480.1467188925556, 1412.029089841792, 1507.2292164689197, 1461.0039178433133, 1552.1016272765428, 1594.8215384341206, 1607.7880865475777, 1608.75794616131, 1996.3099442486043, 1881.316114893901, 1885.2923798177821], [1473.150921120143, 1516.5358311549503, 1590.2554983434336, 1655.8948445764056, 1786.3145422218208, 1799.090820506898, 1858.2396511646211, 1914.0326781945494, 1465.0575675751895, 1484.3657221999079, 1428.2094434645658, 1525.2582267871767, 1474.0542393563571, 1571.533808066592, 1604.0671843439623, 1633.57539702337, 1617.6967180011518, 1881.316114893901, 1995.7487281080837, 1885.6203476272988], [1484.803502087685, 1530.3038088999986, 1589.080453826602, 1662.3263820758675, 1795.9761590932744, 1815.4032792843566, 1860.3632507752388, 1917.7987967968375, 1477.5476054626452, 1491.3744322275934, 1442.272609050793, 1550.874901014272, 1489.1012867260972, 1563.4118323073242, 1591.7027217328387, 1635.008474723053, 1633.0673749897562, 1885.2923798177821, 1885.6203476272988, 2004.5189966736896], [-6.945399938860067, -2.562387850014253, -2.9669901284770934, -9.97758013130528, -26.414074419871596, -54.30139820228873, -10.187236246255456, -7.399044863118888, -6.989022317492652, -9.839308617261462, -7.3618877185030245, -4.139192237168038, 3.0291984997439014, 1.6820073923530203, -3.482629057855499, -3.8799714950172897, -8.430760620388376, 2.180921286075154, -8.956517776012069, -11.821106976077049]]}}