{"resp_b": 0.1, "restrained_fit": true, "exclude_hydrogens": true, "convergence_tolerance": 1e-06, "max_iter": 500, "resp_a": 0.0005, "charge_constraints": {"charge_sum_constraints": [], "charge_equivalence_constraints": [], "molecules": [{"qcmol": {"schema_name": "qcschema_molecule", "schema_version": 2, "validated": true, "symbols": ["C", "C", "C", "C", "C", "O", "O", "C", "H", "H", "H", "H", "H", "H", "H", "H", "H", "H", "H", "H"], "geometry": [[0.0, 0.0, 0.0], [2.8900176904246697, -7.441423262657219e-16, -7.662722083664776e-16], [4.0920255728359685, 2.636877069727225, 2.220446049250313e-16], [3.4208754175078884, 4.299550773737778, -2.287474521303695], [4.1256429865614574, 3.1008491852848596, -4.775993641234939], [2.6625301810387625, 2.4224507121502477, -6.341744997800619], [6.609553318293708, 2.862400796818046, -5.028544656201001], [7.4990572782769185, 1.7305266389592155, -7.28445018742086], [-0.7218356539351259, -1.9094432188886943, 0.19854588111328514], [-0.7572024329086383, 0.7638607907794509, -1.7440042682704948], [-0.7413277133076418, 1.1119356181015205, 1.5599067198013175], [3.5675630998919328, -1.0719763502421444, -1.6173204337894984], [3.5646308471048385, -0.998651457480741, 1.6632059076569186], [6.130891610744722, 2.4467990111151976, 0.09978485908568646], [3.511249284815019, 3.6436362938192186, 1.6934683976300993], [1.4193662586323257, 4.7030260509884245, -2.3547407491190766], [4.425555800585136, 6.080889226438595, -2.1345718221695154], [9.531876145744032, 1.7040466128534182, -7.131592539273593], [6.777604415321461, -0.17090416458203705, -7.466660193617976], [6.925208020080101, 2.824793113745137, -8.909840256933464]], "name": "C6H12O2", "identifiers": {"molecule_hash": "f01c1b7834876010f4016a89e8f432aba410ed1a", "molecular_formula": "C6H12O2"}, "molecular_charge": 0.0, "molecular_multiplicity": 1, "connectivity": [[0, 1, 1.0], [0, 8, 1.0], [0, 9, 1.0], [0, 10, 1.0], [1, 2, 1.0], [1, 11, 1.0], [1, 12, 1.0], [2, 3, 1.0], [2, 13, 1.0], [2, 14, 1.0], [3, 4, 1.0], [3, 15, 1.0], [3, 16, 1.0], [4, 5, 2.0], [4, 6, 1.0], [6, 7, 1.0], [7, 17, 1.0], [7, 18, 1.0], [7, 19, 1.0]], "fix_com": true, "fix_orientation": true, "provenance": {"creator": "QCElemental", "version": "v0.22.0", "routine": "qcelemental.molparse.from_schema"}, "id": "144128"}, "charge": 0, "optimize_geometry": false, "conformers": [], "conformer_generation_options": {"n_conformer_pool": 4000, "n_max_conformers": 0, "rms_tolerance": 0.05, "energy_window": 15, "keep_original_conformer": true}, "stage_1_unrestrained_charges": null, "stage_1_restrained_charges": null, "stage_2_unrestrained_charges": null, "stage_2_restrained_charges": null, "keep_original_orientation": false, "reorientations": [], "translations": [], "rotations": []}], "unconstrained_atoms": [{"index": 0, "molecule": {"qcmol": {"schema_name": "qcschema_molecule", "schema_version": 2, "validated": true, "symbols": ["C", "C", "C", "C", "C", "O", "O", "C", "H", "H", "H", "H", "H", "H", "H", "H", "H", "H", "H", "H"], "geometry": [[0.0, 0.0, 0.0], [2.8900176904246697, -7.441423262657219e-16, -7.662722083664776e-16], [4.0920255728359685, 2.636877069727225, 2.220446049250313e-16], [3.4208754175078884, 4.299550773737778, -2.287474521303695], [4.1256429865614574, 3.1008491852848596, -4.775993641234939], [2.6625301810387625, 2.4224507121502477, -6.341744997800619], [6.609553318293708, 2.862400796818046, -5.028544656201001], [7.4990572782769185, 1.7305266389592155, -7.28445018742086], [-0.7218356539351259, -1.9094432188886943, 0.19854588111328514], [-0.7572024329086383, 0.7638607907794509, -1.7440042682704948], [-0.7413277133076418, 1.1119356181015205, 1.5599067198013175], [3.5675630998919328, -1.0719763502421444, -1.6173204337894984], [3.5646308471048385, -0.998651457480741, 1.6632059076569186], [6.130891610744722, 2.4467990111151976, 0.09978485908568646], [3.511249284815019, 3.6436362938192186, 1.6934683976300993], [1.4193662586323257, 4.7030260509884245, -2.3547407491190766], [4.425555800585136, 6.080889226438595, -2.1345718221695154], [9.531876145744032, 1.7040466128534182, -7.131592539273593], [6.777604415321461, -0.17090416458203705, -7.466660193617976], [6.925208020080101, 2.824793113745137, -8.909840256933464]], "name": "C6H12O2", "identifiers": {"molecule_hash": "f01c1b7834876010f4016a89e8f432aba410ed1a", "molecular_formula": "C6H12O2"}, "molecular_charge": 0.0, "molecular_multiplicity": 1, "connectivity": [[0, 1, 1.0], [0, 8, 1.0], [0, 9, 1.0], [0, 10, 1.0], [1, 2, 1.0], [1, 11, 1.0], [1, 12, 1.0], [2, 3, 1.0], [2, 13, 1.0], [2, 14, 1.0], [3, 4, 1.0], [3, 15, 1.0], [3, 16, 1.0], [4, 5, 2.0], [4, 6, 1.0], [6, 7, 1.0], [7, 17, 1.0], [7, 18, 1.0], [7, 19, 1.0]], "fix_com": true, "fix_orientation": true, "provenance": {"creator": "QCElemental", "version": "v0.22.0", "routine": "qcelemental.molparse.from_schema"}, "id": "144128"}, "charge": 0, "optimize_geometry": false, "conformers": [], "conformer_generation_options": {"n_conformer_pool": 4000, "n_max_conformers": 0, "rms_tolerance": 0.05, "energy_window": 15, "keep_original_conformer": true}, "stage_1_unrestrained_charges": null, "stage_1_restrained_charges": null, "stage_2_unrestrained_charges": null, "stage_2_restrained_charges": null, "keep_original_orientation": false, "reorientations": [], "translations": [], "rotations": []}}, {"index": 1, "molecule": {"qcmol": {"schema_name": "qcschema_molecule", "schema_version": 2, "validated": true, "symbols": ["C", "C", "C", "C", "C", "O", "O", "C", "H", "H", "H", "H", "H", "H", "H", "H", "H", "H", "H", "H"], "geometry": [[0.0, 0.0, 0.0], [2.8900176904246697, -7.441423262657219e-16, -7.662722083664776e-16], [4.0920255728359685, 2.636877069727225, 2.220446049250313e-16], [3.4208754175078884, 4.299550773737778, -2.287474521303695], [4.1256429865614574, 3.1008491852848596, -4.775993641234939], [2.6625301810387625, 2.4224507121502477, -6.341744997800619], [6.609553318293708, 2.862400796818046, -5.028544656201001], [7.4990572782769185, 1.7305266389592155, -7.28445018742086], [-0.7218356539351259, -1.9094432188886943, 0.19854588111328514], [-0.7572024329086383, 0.7638607907794509, -1.7440042682704948], [-0.7413277133076418, 1.1119356181015205, 1.5599067198013175], [3.5675630998919328, -1.0719763502421444, -1.6173204337894984], [3.5646308471048385, -0.998651457480741, 1.6632059076569186], [6.130891610744722, 2.4467990111151976, 0.09978485908568646], [3.511249284815019, 3.6436362938192186, 1.6934683976300993], [1.4193662586323257, 4.7030260509884245, -2.3547407491190766], [4.425555800585136, 6.080889226438595, -2.1345718221695154], [9.531876145744032, 1.7040466128534182, -7.131592539273593], [6.777604415321461, -0.17090416458203705, -7.466660193617976], [6.925208020080101, 2.824793113745137, -8.909840256933464]], "name": "C6H12O2", "identifiers": {"molecule_hash": "f01c1b7834876010f4016a89e8f432aba410ed1a", "molecular_formula": "C6H12O2"}, "molecular_charge": 0.0, "molecular_multiplicity": 1, "connectivity": [[0, 1, 1.0], [0, 8, 1.0], [0, 9, 1.0], [0, 10, 1.0], [1, 2, 1.0], [1, 11, 1.0], [1, 12, 1.0], [2, 3, 1.0], [2, 13, 1.0], [2, 14, 1.0], [3, 4, 1.0], [3, 15, 1.0], [3, 16, 1.0], [4, 5, 2.0], [4, 6, 1.0], [6, 7, 1.0], [7, 17, 1.0], [7, 18, 1.0], [7, 19, 1.0]], "fix_com": true, "fix_orientation": true, "provenance": {"creator": "QCElemental", "version": "v0.22.0", "routine": "qcelemental.molparse.from_schema"}, "id": "144128"}, "charge": 0, "optimize_geometry": false, "conformers": [], "conformer_generation_options": {"n_conformer_pool": 4000, "n_max_conformers": 0, "rms_tolerance": 0.05, "energy_window": 15, "keep_original_conformer": true}, "stage_1_unrestrained_charges": null, "stage_1_restrained_charges": null, "stage_2_unrestrained_charges": null, "stage_2_restrained_charges": null, "keep_original_orientation": false, "reorientations": [], "translations": [], "rotations": []}}, {"index": 2, "molecule": {"qcmol": {"schema_name": "qcschema_molecule", "schema_version": 2, "validated": true, "symbols": ["C", "C", "C", "C", "C", "O", "O", "C", "H", "H", "H", "H", "H", "H", "H", "H", "H", "H", "H", "H"], "geometry": [[0.0, 0.0, 0.0], [2.8900176904246697, -7.441423262657219e-16, -7.662722083664776e-16], [4.0920255728359685, 2.636877069727225, 2.220446049250313e-16], [3.4208754175078884, 4.299550773737778, -2.287474521303695], [4.1256429865614574, 3.1008491852848596, -4.775993641234939], [2.6625301810387625, 2.4224507121502477, -6.341744997800619], [6.609553318293708, 2.862400796818046, -5.028544656201001], [7.4990572782769185, 1.7305266389592155, -7.28445018742086], [-0.7218356539351259, -1.9094432188886943, 0.19854588111328514], [-0.7572024329086383, 0.7638607907794509, -1.7440042682704948], [-0.7413277133076418, 1.1119356181015205, 1.5599067198013175], [3.5675630998919328, -1.0719763502421444, -1.6173204337894984], [3.5646308471048385, -0.998651457480741, 1.6632059076569186], [6.130891610744722, 2.4467990111151976, 0.09978485908568646], [3.511249284815019, 3.6436362938192186, 1.6934683976300993], [1.4193662586323257, 4.7030260509884245, -2.3547407491190766], [4.425555800585136, 6.080889226438595, -2.1345718221695154], [9.531876145744032, 1.7040466128534182, -7.131592539273593], [6.777604415321461, -0.17090416458203705, -7.466660193617976], [6.925208020080101, 2.824793113745137, -8.909840256933464]], "name": "C6H12O2", "identifiers": {"molecule_hash": "f01c1b7834876010f4016a89e8f432aba410ed1a", "molecular_formula": "C6H12O2"}, "molecular_charge": 0.0, "molecular_multiplicity": 1, "connectivity": [[0, 1, 1.0], [0, 8, 1.0], [0, 9, 1.0], [0, 10, 1.0], [1, 2, 1.0], [1, 11, 1.0], [1, 12, 1.0], [2, 3, 1.0], [2, 13, 1.0], [2, 14, 1.0], [3, 4, 1.0], [3, 15, 1.0], [3, 16, 1.0], [4, 5, 2.0], [4, 6, 1.0], [6, 7, 1.0], [7, 17, 1.0], [7, 18, 1.0], [7, 19, 1.0]], "fix_com": true, "fix_orientation": true, "provenance": {"creator": "QCElemental", "version": "v0.22.0", "routine": "qcelemental.molparse.from_schema"}, "id": "144128"}, "charge": 0, "optimize_geometry": false, "conformers": [], "conformer_generation_options": {"n_conformer_pool": 4000, "n_max_conformers": 0, "rms_tolerance": 0.05, "energy_window": 15, "keep_original_conformer": true}, "stage_1_unrestrained_charges": null, "stage_1_restrained_charges": null, "stage_2_unrestrained_charges": null, "stage_2_restrained_charges": null, "keep_original_orientation": false, "reorientations": [], "translations": [], "rotations": []}}, {"index": 3, "molecule": {"qcmol": {"schema_name": "qcschema_molecule", "schema_version": 2, "validated": true, "symbols": ["C", "C", "C", "C", "C", "O", "O", "C", "H", "H", "H", "H", "H", "H", "H", "H", "H", "H", "H", "H"], "geometry": [[0.0, 0.0, 0.0], [2.8900176904246697, -7.441423262657219e-16, -7.662722083664776e-16], [4.0920255728359685, 2.636877069727225, 2.220446049250313e-16], [3.4208754175078884, 4.299550773737778, -2.287474521303695], [4.1256429865614574, 3.1008491852848596, -4.775993641234939], [2.6625301810387625, 2.4224507121502477, -6.341744997800619], [6.609553318293708, 2.862400796818046, -5.028544656201001], [7.4990572782769185, 1.7305266389592155, -7.28445018742086], [-0.7218356539351259, -1.9094432188886943, 0.19854588111328514], [-0.7572024329086383, 0.7638607907794509, -1.7440042682704948], [-0.7413277133076418, 1.1119356181015205, 1.5599067198013175], [3.5675630998919328, -1.0719763502421444, -1.6173204337894984], [3.5646308471048385, -0.998651457480741, 1.6632059076569186], [6.130891610744722, 2.4467990111151976, 0.09978485908568646], [3.511249284815019, 3.6436362938192186, 1.6934683976300993], [1.4193662586323257, 4.7030260509884245, -2.3547407491190766], [4.425555800585136, 6.080889226438595, -2.1345718221695154], [9.531876145744032, 1.7040466128534182, -7.131592539273593], [6.777604415321461, -0.17090416458203705, -7.466660193617976], [6.925208020080101, 2.824793113745137, -8.909840256933464]], "name": "C6H12O2", "identifiers": {"molecule_hash": "f01c1b7834876010f4016a89e8f432aba410ed1a", "molecular_formula": "C6H12O2"}, "molecular_charge": 0.0, "molecular_multiplicity": 1, "connectivity": [[0, 1, 1.0], [0, 8, 1.0], [0, 9, 1.0], [0, 10, 1.0], [1, 2, 1.0], [1, 11, 1.0], [1, 12, 1.0], [2, 3, 1.0], [2, 13, 1.0], [2, 14, 1.0], [3, 4, 1.0], [3, 15, 1.0], [3, 16, 1.0], [4, 5, 2.0], [4, 6, 1.0], [6, 7, 1.0], [7, 17, 1.0], [7, 18, 1.0], [7, 19, 1.0]], "fix_com": true, "fix_orientation": true, "provenance": {"creator": "QCElemental", "version": "v0.22.0", "routine": "qcelemental.molparse.from_schema"}, "id": "144128"}, "charge": 0, "optimize_geometry": false, "conformers": [], "conformer_generation_options": {"n_conformer_pool": 4000, "n_max_conformers": 0, "rms_tolerance": 0.05, "energy_window": 15, "keep_original_conformer": true}, "stage_1_unrestrained_charges": null, "stage_1_restrained_charges": null, "stage_2_unrestrained_charges": null, "stage_2_restrained_charges": null, "keep_original_orientation": false, "reorientations": [], "translations": [], "rotations": []}}, {"index": 7, "molecule": {"qcmol": {"schema_name": "qcschema_molecule", "schema_version": 2, "validated": true, "symbols": ["C", "C", "C", "C", "C", "O", "O", "C", "H", "H", "H", "H", "H", "H", "H", "H", "H", "H", "H", "H"], "geometry": [[0.0, 0.0, 0.0], [2.8900176904246697, -7.441423262657219e-16, -7.662722083664776e-16], [4.0920255728359685, 2.636877069727225, 2.220446049250313e-16], [3.4208754175078884, 4.299550773737778, -2.287474521303695], [4.1256429865614574, 3.1008491852848596, -4.775993641234939], [2.6625301810387625, 2.4224507121502477, -6.341744997800619], [6.609553318293708, 2.862400796818046, -5.028544656201001], [7.4990572782769185, 1.7305266389592155, -7.28445018742086], [-0.7218356539351259, -1.9094432188886943, 0.19854588111328514], [-0.7572024329086383, 0.7638607907794509, -1.7440042682704948], [-0.7413277133076418, 1.1119356181015205, 1.5599067198013175], [3.5675630998919328, -1.0719763502421444, -1.6173204337894984], [3.5646308471048385, -0.998651457480741, 1.6632059076569186], [6.130891610744722, 2.4467990111151976, 0.09978485908568646], [3.511249284815019, 3.6436362938192186, 1.6934683976300993], [1.4193662586323257, 4.7030260509884245, -2.3547407491190766], [4.425555800585136, 6.080889226438595, -2.1345718221695154], [9.531876145744032, 1.7040466128534182, -7.131592539273593], [6.777604415321461, -0.17090416458203705, -7.466660193617976], [6.925208020080101, 2.824793113745137, -8.909840256933464]], "name": "C6H12O2", "identifiers": {"molecule_hash": "f01c1b7834876010f4016a89e8f432aba410ed1a", "molecular_formula": "C6H12O2"}, "molecular_charge": 0.0, "molecular_multiplicity": 1, "connectivity": [[0, 1, 1.0], [0, 8, 1.0], [0, 9, 1.0], [0, 10, 1.0], [1, 2, 1.0], [1, 11, 1.0], [1, 12, 1.0], [2, 3, 1.0], [2, 13, 1.0], [2, 14, 1.0], [3, 4, 1.0], [3, 15, 1.0], [3, 16, 1.0], [4, 5, 2.0], [4, 6, 1.0], [6, 7, 1.0], [7, 17, 1.0], [7, 18, 1.0], [7, 19, 1.0]], "fix_com": true, "fix_orientation": true, "provenance": {"creator": "QCElemental", "version": "v0.22.0", "routine": "qcelemental.molparse.from_schema"}, "id": "144128"}, "charge": 0, "optimize_geometry": false, "conformers": [], "conformer_generation_options": {"n_conformer_pool": 4000, "n_max_conformers": 0, "rms_tolerance": 0.05, "energy_window": 15, "keep_original_conformer": true}, "stage_1_unrestrained_charges": null, "stage_1_restrained_charges": null, "stage_2_unrestrained_charges": null, "stage_2_restrained_charges": null, "keep_original_orientation": false, "reorientations": [], "translations": [], "rotations": []}}]}, "surface_constraints": {"matrix": [[322188396008703.2, 312279449594314.1, 299821188822466.0, 286923490492674.0, 278176755256748.97, 273937354790303.28, 270835782765894.16, 252490849609121.4, 323431815819511.7, 323810135193749.75, 323081830685465.75, 311428492738073.06, 310864733819841.2, 298570523445245.1, 298592019282659.06, 281246364319859.47, 285919974178486.7, 245329977909816.84, 247253171891185.12, 249208945055988.06], [312279449594314.1, 320401111430066.25, 311740206877033.56, 299544898527376.06, 288249248643384.7, 281678899009154.5, 281070907353142.4, 260333059758938.84, 308925261017896.7, 309101359189105.2, 308716711008516.7, 324769242244600.25, 324547339005995.5, 311382579919469.3, 311327886933860.06, 295468712219570.7, 299068198910724.1, 252113291235751.06, 254534892343836.72, 256845723314401.22], [299821188822466.0, 311740206877033.56, 320205142121183.6, 311545238863105.6, 300256400145268.9, 291975227112254.56, 294809905433974.0, 272324747423413.6, 294668868745462.1, 300469391594883.3, 292252427002237.94, 311125840923463.94, 311097367305847.4, 325123571091015.7, 324843978536814.56, 310556763631496.6, 310091592185693.94, 264314320475358.94, 266908025347903.44, 266710806056672.1], [286923490492674.0, 299544898527376.06, 311545238863105.6, 319725015132557.5, 311717359856678.0, 305001606975047.1, 305365360069882.4, 283515099409204.6, 283072168000910.25, 287136059997643.8, 278562702758105.38, 298038555964300.5, 298502834046846.6, 311635835682525.56, 311240528687113.8, 323857245541379.44, 323622608459339.7, 274738731017747.62, 277924918284216.7, 279004392575105.53], [278176755256748.97, 288249248643384.7, 300256400145268.9, 311717359856678.0, 319094378179958.8, 319439135304139.5, 316193876979690.4, 303104818296738.56, 275421788539207.34, 279438506495080.8, 269970156575865.78, 288787195693322.1, 283621863308378.44, 297477236030209.6, 301100107491472.1, 311487406317043.8, 311208881981596.56, 294804152435527.94, 299814515579365.25, 301436128988059.0], [273937354790303.28, 281678899009154.5, 291975227112254.56, 305001606975047.1, 319439135304139.5, 332809430276432.25, 308893600232455.7, 302225099335734.6, 271148708108637.88, 276449337918168.34, 266436724832138.22, 283410340349467.6, 275385149784244.94, 287349991492413.75, 292337435698355.3, 302281703870136.0, 303539685870388.7, 291650188954229.5, 301958865112948.75, 304696759432299.7], [270835782765894.16, 281070907353142.4, 294809905433974.0, 305365360069882.4, 316193876979690.4, 308893600232455.7, 327704607165459.2, 316599854719422.7, 268971756508163.66, 271843206303873.0, 262078833342149.5, 281480127436188.75, 275581871627802.22, 292724271633406.0, 297256997909294.94, 304094077688332.75, 302630627104911.1, 313171220917117.7, 311886413637112.0, 312242842307828.94], [252490849609121.4, 260333059758938.84, 272324747423413.6, 283515099409204.6, 303104818296738.56, 302225099335734.6, 316599854719422.7, 321662811850759.6, 251089722697090.56, 254344410521241.38, 244565880259250.62, 261991043149118.8, 253570648275881.66, 268857249751834.66, 274479833497696.4, 279662635960929.88, 278605339253479.16, 321570686385698.44, 321250689824607.6, 321882799206646.56], [323431815819511.7, 308925261017896.7, 294668868745462.1, 283072168000910.25, 275421788539207.34, 271148708108637.88, 268971756508163.66, 251089722697090.56, 338155276405363.06, 320367414208045.94, 319554224005643.44, 307105387829673.6, 306601523738846.9, 294231966524453.06, 290460733367584.8, 276520605630045.3, 283146178180344.25, 244023577055966.06, 245894759500750.06, 247991102804788.16], [323810135193749.75, 309101359189105.2, 300469391594883.3, 287136059997643.8, 279438506495080.8, 276449337918168.34, 271843206303873.0, 254344410521241.38, 320367414208045.94, 339391861867093.2, 319795398590393.94, 306106922092825.94, 302965080521307.44, 299590722751037.2, 301834343340005.7, 280891934554484.94, 285752594274566.7, 248427408594597.5, 249135460485832.88, 250311798749120.75], [323081830685465.75, 308716711008516.7, 292252427002237.94, 278562702758105.38, 269970156575865.78, 266436724832138.22, 262078833342149.5, 244565880259250.62, 319554224005643.44, 319795398590393.94, 337340611813540.1, 306741070812470.8, 308392837515255.6, 289202538814682.94, 290882374803572.25, 273226027058441.44, 276612915917764.72, 236994568820239.62, 239710224659766.53, 242070578854009.34], [311428492738073.06, 324769242244600.25, 311125840923463.94, 298038555964300.5, 288787195693322.1, 283410340349467.6, 281480127436188.75, 261991043149118.8, 307105387829673.6, 306106922092825.94, 306741070812470.8, 342527170942494.6, 323950867976831.06, 307341561698641.2, 310955883247502.2, 291013657740948.1, 298245105902152.2, 252972879502487.2, 255998802429354.22, 260298330782476.53], [310864733819841.2, 324547339005995.5, 311097367305847.4, 298502834046846.6, 283621863308378.44, 275385149784244.94, 275581871627802.22, 253570648275881.66, 306601523738846.9, 302965080521307.44, 308392837515255.6, 323950867976831.06, 342009026173582.56, 310598501872802.94, 307076800194751.94, 296671974961281.0, 298409848348745.44, 245214501606875.72, 247404820816776.3, 249930336407883.03], [298570523445245.1, 311382579919469.3, 325123571091015.7, 311635835682525.56, 297477236030209.6, 287349991492413.75, 292724271633406.0, 268857249751834.66, 294231966524453.06, 299590722751037.2, 289202538814682.94, 307341561698641.2, 310598501872802.94, 343065834980458.6, 324830128496690.56, 310560196830044.3, 308668628890949.25, 260504296649158.44, 263765776433667.84, 262402595088042.1], [298592019282659.06, 311327886933860.06, 324843978536814.56, 311240528687113.8, 301100107491472.1, 292337435698355.3, 297256997909294.94, 274479833497696.4, 290460733367584.8, 301834343340005.7, 290882374803572.25, 310955883247502.2, 307076800194751.94, 324830128496690.56, 342612178487557.1, 308881900382241.7, 306185519180082.8, 267674422407212.1, 269226215298434.9, 267150938377297.7], [281246364319859.47, 295468712219570.7, 310556763631496.6, 323857245541379.44, 311487406317043.8, 302281703870136.0, 304094077688332.75, 279662635960929.88, 276520605630045.3, 280891934554484.94, 273226027058441.44, 291013657740948.1, 296671974961281.0, 310560196830044.3, 308881900382241.7, 340922668707073.3, 322675428717040.0, 269850719868259.6, 274178842075720.28, 274419365934609.66], [285919974178486.7, 299068198910724.1, 310091592185693.94, 323622608459339.7, 311208881981596.56, 303539685870388.7, 302630627104911.1, 278605339253479.16, 283146178180344.25, 285752594274566.7, 276612915917764.72, 298245105902152.2, 298409848348745.44, 308668628890949.25, 306185519180082.8, 322675428717040.0, 340447296772827.9, 270013490507015.25, 271513746520097.34, 274093573619760.94], [245329977909816.84, 252113291235751.06, 264314320475358.94, 274738731017747.62, 294804152435527.94, 291650188954229.5, 313171220917117.7, 321570686385698.44, 244023577055966.06, 248427408594597.5, 236994568820239.62, 252972879502487.2, 245214501606875.72, 260504296649158.44, 267674422407212.1, 269850719868259.6, 270013490507015.25, 335060098031022.44, 315759554891037.1, 316426934742603.1], [247253171891185.12, 254534892343836.72, 266908025347903.44, 277924918284216.7, 299814515579365.25, 301958865112948.75, 311886413637112.0, 321250689824607.6, 245894759500750.06, 249135460485832.88, 239710224659766.53, 255998802429354.22, 247404820816776.3, 263765776433667.84, 269226215298434.9, 274178842075720.28, 271513746520097.34, 315759554891037.1, 334965878536319.75, 316481969288662.75], [249208945055988.06, 256845723314401.22, 266710806056672.1, 279004392575105.53, 301436128988059.0, 304696759432299.7, 312242842307828.94, 321882799206646.56, 247991102804788.16, 250311798749120.75, 242070578854009.34, 260298330782476.53, 249930336407883.03, 262402595088042.1, 267150938377297.7, 274419365934609.66, 274093573619760.94, 316426934742603.1, 316481969288662.75, 336437889102634.56], [-1165697558451.5095, -430061815065.1783, -497979165799.82886, -1674633380748.2703, -4433331495898.512, -9113934414460.393, -1709821656681.9329, -1241852827436.0051, -1173011623564.196, -1651409088148.3906, -1235603739253.8127, -694710493997.424, 508427378856.146, 282306881187.72473, -584532406526.5189, -651207856620.913, -1415017979425.5974, 366043339010.55304, -1503256208014.049, -1984050595120.7395]]}}