{"resp_b": 0.1, "restrained_fit": true, "exclude_hydrogens": true, "convergence_tolerance": 1e-06, "max_iter": 500, "resp_a": 0.0005, "charge_constraints": {"charge_sum_constraints": [], "charge_equivalence_constraints": [], "molecules": [{"qcmol": {"schema_name": "qcschema_molecule", "schema_version": 2, "validated": true, "symbols": ["C", "C", "C", "C", "C", "O", "O", "C", "H", "H", "H", "H", "H", "H", "H", "H", "H", "H", "H", "H"], "geometry": [[0.0, 0.0, 0.0], [2.8900176904246697, -7.441423262657219e-16, -7.662722083664776e-16], [4.0920255728359685, 2.636877069727225, 2.220446049250313e-16], [3.4208754175078884, 4.299550773737778, -2.287474521303695], [4.1256429865614574, 3.1008491852848596, -4.775993641234939], [2.6625301810387625, 2.4224507121502477, -6.341744997800619], [6.609553318293708, 2.862400796818046, -5.028544656201001], [7.4990572782769185, 1.7305266389592155, -7.28445018742086], [-0.7218356539351259, -1.9094432188886943, 0.19854588111328514], [-0.7572024329086383, 0.7638607907794509, -1.7440042682704948], [-0.7413277133076418, 1.1119356181015205, 1.5599067198013175], [3.5675630998919328, -1.0719763502421444, -1.6173204337894984], [3.5646308471048385, -0.998651457480741, 1.6632059076569186], [6.130891610744722, 2.4467990111151976, 0.09978485908568646], [3.511249284815019, 3.6436362938192186, 1.6934683976300993], [1.4193662586323257, 4.7030260509884245, -2.3547407491190766], [4.425555800585136, 6.080889226438595, -2.1345718221695154], [9.531876145744032, 1.7040466128534182, -7.131592539273593], [6.777604415321461, -0.17090416458203705, -7.466660193617976], [6.925208020080101, 2.824793113745137, -8.909840256933464]], "name": "C6H12O2", "identifiers": {"molecule_hash": "f01c1b7834876010f4016a89e8f432aba410ed1a", "molecular_formula": "C6H12O2"}, "molecular_charge": 0.0, "molecular_multiplicity": 1, "connectivity": [[0, 1, 1.0], [0, 8, 1.0], [0, 9, 1.0], [0, 10, 1.0], [1, 2, 1.0], [1, 11, 1.0], [1, 12, 1.0], [2, 3, 1.0], [2, 13, 1.0], [2, 14, 1.0], [3, 4, 1.0], [3, 15, 1.0], [3, 16, 1.0], [4, 5, 2.0], [4, 6, 1.0], [6, 7, 1.0], [7, 17, 1.0], [7, 18, 1.0], [7, 19, 1.0]], "fix_com": true, "fix_orientation": true, "provenance": {"creator": "QCElemental", "version": "v0.22.0", "routine": "qcelemental.molparse.from_schema"}, "id": "144128"}, "charge": 0, "optimize_geometry": false, "conformers": [], "conformer_generation_options": {"n_conformer_pool": 4000, "n_max_conformers": 0, "rms_tolerance": 0.05, "energy_window": 15, "keep_original_conformer": true}, "stage_1_unrestrained_charges": null, "stage_1_restrained_charges": null, "stage_2_unrestrained_charges": null, "stage_2_restrained_charges": null, "keep_original_orientation": false, "reorientations": [], "translations": [], "rotations": []}], "unconstrained_atoms": [{"index": 0, "molecule": {"qcmol": {"schema_name": "qcschema_molecule", "schema_version": 2, "validated": true, "symbols": ["C", "C", "C", "C", "C", "O", "O", "C", "H", "H", "H", "H", "H", "H", "H", "H", "H", "H", "H", "H"], "geometry": [[0.0, 0.0, 0.0], [2.8900176904246697, -7.441423262657219e-16, -7.662722083664776e-16], [4.0920255728359685, 2.636877069727225, 2.220446049250313e-16], [3.4208754175078884, 4.299550773737778, -2.287474521303695], [4.1256429865614574, 3.1008491852848596, -4.775993641234939], [2.6625301810387625, 2.4224507121502477, -6.341744997800619], [6.609553318293708, 2.862400796818046, -5.028544656201001], [7.4990572782769185, 1.7305266389592155, -7.28445018742086], [-0.7218356539351259, -1.9094432188886943, 0.19854588111328514], [-0.7572024329086383, 0.7638607907794509, -1.7440042682704948], [-0.7413277133076418, 1.1119356181015205, 1.5599067198013175], [3.5675630998919328, -1.0719763502421444, -1.6173204337894984], [3.5646308471048385, -0.998651457480741, 1.6632059076569186], [6.130891610744722, 2.4467990111151976, 0.09978485908568646], [3.511249284815019, 3.6436362938192186, 1.6934683976300993], [1.4193662586323257, 4.7030260509884245, -2.3547407491190766], [4.425555800585136, 6.080889226438595, -2.1345718221695154], [9.531876145744032, 1.7040466128534182, -7.131592539273593], [6.777604415321461, -0.17090416458203705, -7.466660193617976], [6.925208020080101, 2.824793113745137, -8.909840256933464]], "name": "C6H12O2", "identifiers": {"molecule_hash": "f01c1b7834876010f4016a89e8f432aba410ed1a", "molecular_formula": "C6H12O2"}, "molecular_charge": 0.0, "molecular_multiplicity": 1, "connectivity": [[0, 1, 1.0], [0, 8, 1.0], [0, 9, 1.0], [0, 10, 1.0], [1, 2, 1.0], [1, 11, 1.0], [1, 12, 1.0], [2, 3, 1.0], [2, 13, 1.0], [2, 14, 1.0], [3, 4, 1.0], [3, 15, 1.0], [3, 16, 1.0], [4, 5, 2.0], [4, 6, 1.0], [6, 7, 1.0], [7, 17, 1.0], [7, 18, 1.0], [7, 19, 1.0]], "fix_com": true, "fix_orientation": true, "provenance": {"creator": "QCElemental", "version": "v0.22.0", "routine": "qcelemental.molparse.from_schema"}, "id": "144128"}, "charge": 0, "optimize_geometry": false, "conformers": [], "conformer_generation_options": {"n_conformer_pool": 4000, "n_max_conformers": 0, "rms_tolerance": 0.05, "energy_window": 15, "keep_original_conformer": true}, "stage_1_unrestrained_charges": null, "stage_1_restrained_charges": null, "stage_2_unrestrained_charges": null, "stage_2_restrained_charges": null, "keep_original_orientation": false, "reorientations": [], "translations": [], "rotations": []}}, {"index": 1, "molecule": {"qcmol": {"schema_name": "qcschema_molecule", "schema_version": 2, "validated": true, "symbols": ["C", "C", "C", "C", "C", "O", "O", "C", "H", "H", "H", "H", "H", "H", "H", "H", "H", "H", "H", "H"], "geometry": [[0.0, 0.0, 0.0], [2.8900176904246697, -7.441423262657219e-16, -7.662722083664776e-16], [4.0920255728359685, 2.636877069727225, 2.220446049250313e-16], [3.4208754175078884, 4.299550773737778, -2.287474521303695], [4.1256429865614574, 3.1008491852848596, -4.775993641234939], [2.6625301810387625, 2.4224507121502477, -6.341744997800619], [6.609553318293708, 2.862400796818046, -5.028544656201001], [7.4990572782769185, 1.7305266389592155, -7.28445018742086], [-0.7218356539351259, -1.9094432188886943, 0.19854588111328514], [-0.7572024329086383, 0.7638607907794509, -1.7440042682704948], [-0.7413277133076418, 1.1119356181015205, 1.5599067198013175], [3.5675630998919328, -1.0719763502421444, -1.6173204337894984], [3.5646308471048385, -0.998651457480741, 1.6632059076569186], [6.130891610744722, 2.4467990111151976, 0.09978485908568646], [3.511249284815019, 3.6436362938192186, 1.6934683976300993], [1.4193662586323257, 4.7030260509884245, -2.3547407491190766], [4.425555800585136, 6.080889226438595, -2.1345718221695154], [9.531876145744032, 1.7040466128534182, -7.131592539273593], [6.777604415321461, -0.17090416458203705, -7.466660193617976], [6.925208020080101, 2.824793113745137, -8.909840256933464]], "name": "C6H12O2", "identifiers": {"molecule_hash": "f01c1b7834876010f4016a89e8f432aba410ed1a", "molecular_formula": "C6H12O2"}, "molecular_charge": 0.0, "molecular_multiplicity": 1, "connectivity": [[0, 1, 1.0], [0, 8, 1.0], [0, 9, 1.0], [0, 10, 1.0], [1, 2, 1.0], [1, 11, 1.0], [1, 12, 1.0], [2, 3, 1.0], [2, 13, 1.0], [2, 14, 1.0], [3, 4, 1.0], [3, 15, 1.0], [3, 16, 1.0], [4, 5, 2.0], [4, 6, 1.0], [6, 7, 1.0], [7, 17, 1.0], [7, 18, 1.0], [7, 19, 1.0]], "fix_com": true, "fix_orientation": true, "provenance": {"creator": "QCElemental", "version": "v0.22.0", "routine": "qcelemental.molparse.from_schema"}, "id": "144128"}, "charge": 0, "optimize_geometry": false, "conformers": [], "conformer_generation_options": {"n_conformer_pool": 4000, "n_max_conformers": 0, "rms_tolerance": 0.05, "energy_window": 15, "keep_original_conformer": true}, "stage_1_unrestrained_charges": null, "stage_1_restrained_charges": null, "stage_2_unrestrained_charges": null, "stage_2_restrained_charges": null, "keep_original_orientation": false, "reorientations": [], "translations": [], "rotations": []}}, {"index": 2, "molecule": {"qcmol": {"schema_name": "qcschema_molecule", "schema_version": 2, "validated": true, "symbols": ["C", "C", "C", "C", "C", "O", "O", "C", "H", "H", "H", "H", "H", "H", "H", "H", "H", "H", "H", "H"], "geometry": [[0.0, 0.0, 0.0], [2.8900176904246697, -7.441423262657219e-16, -7.662722083664776e-16], [4.0920255728359685, 2.636877069727225, 2.220446049250313e-16], [3.4208754175078884, 4.299550773737778, -2.287474521303695], [4.1256429865614574, 3.1008491852848596, -4.775993641234939], [2.6625301810387625, 2.4224507121502477, -6.341744997800619], [6.609553318293708, 2.862400796818046, -5.028544656201001], [7.4990572782769185, 1.7305266389592155, -7.28445018742086], [-0.7218356539351259, -1.9094432188886943, 0.19854588111328514], [-0.7572024329086383, 0.7638607907794509, -1.7440042682704948], [-0.7413277133076418, 1.1119356181015205, 1.5599067198013175], [3.5675630998919328, -1.0719763502421444, -1.6173204337894984], [3.5646308471048385, -0.998651457480741, 1.6632059076569186], [6.130891610744722, 2.4467990111151976, 0.09978485908568646], [3.511249284815019, 3.6436362938192186, 1.6934683976300993], [1.4193662586323257, 4.7030260509884245, -2.3547407491190766], [4.425555800585136, 6.080889226438595, -2.1345718221695154], [9.531876145744032, 1.7040466128534182, -7.131592539273593], [6.777604415321461, -0.17090416458203705, -7.466660193617976], [6.925208020080101, 2.824793113745137, -8.909840256933464]], "name": "C6H12O2", "identifiers": {"molecule_hash": "f01c1b7834876010f4016a89e8f432aba410ed1a", "molecular_formula": "C6H12O2"}, "molecular_charge": 0.0, "molecular_multiplicity": 1, "connectivity": [[0, 1, 1.0], [0, 8, 1.0], [0, 9, 1.0], [0, 10, 1.0], [1, 2, 1.0], [1, 11, 1.0], [1, 12, 1.0], [2, 3, 1.0], [2, 13, 1.0], [2, 14, 1.0], [3, 4, 1.0], [3, 15, 1.0], [3, 16, 1.0], [4, 5, 2.0], [4, 6, 1.0], [6, 7, 1.0], [7, 17, 1.0], [7, 18, 1.0], [7, 19, 1.0]], "fix_com": true, "fix_orientation": true, "provenance": {"creator": "QCElemental", "version": "v0.22.0", "routine": "qcelemental.molparse.from_schema"}, "id": "144128"}, "charge": 0, "optimize_geometry": false, "conformers": [], "conformer_generation_options": {"n_conformer_pool": 4000, "n_max_conformers": 0, "rms_tolerance": 0.05, "energy_window": 15, "keep_original_conformer": true}, "stage_1_unrestrained_charges": null, "stage_1_restrained_charges": null, "stage_2_unrestrained_charges": null, "stage_2_restrained_charges": null, "keep_original_orientation": false, "reorientations": [], "translations": [], "rotations": []}}, {"index": 3, "molecule": {"qcmol": {"schema_name": "qcschema_molecule", "schema_version": 2, "validated": true, "symbols": ["C", "C", "C", "C", "C", "O", "O", "C", "H", "H", "H", "H", "H", "H", "H", "H", "H", "H", "H", "H"], "geometry": [[0.0, 0.0, 0.0], [2.8900176904246697, -7.441423262657219e-16, -7.662722083664776e-16], [4.0920255728359685, 2.636877069727225, 2.220446049250313e-16], [3.4208754175078884, 4.299550773737778, -2.287474521303695], [4.1256429865614574, 3.1008491852848596, -4.775993641234939], [2.6625301810387625, 2.4224507121502477, -6.341744997800619], [6.609553318293708, 2.862400796818046, -5.028544656201001], [7.4990572782769185, 1.7305266389592155, -7.28445018742086], [-0.7218356539351259, -1.9094432188886943, 0.19854588111328514], [-0.7572024329086383, 0.7638607907794509, -1.7440042682704948], [-0.7413277133076418, 1.1119356181015205, 1.5599067198013175], [3.5675630998919328, -1.0719763502421444, -1.6173204337894984], [3.5646308471048385, -0.998651457480741, 1.6632059076569186], [6.130891610744722, 2.4467990111151976, 0.09978485908568646], [3.511249284815019, 3.6436362938192186, 1.6934683976300993], [1.4193662586323257, 4.7030260509884245, -2.3547407491190766], [4.425555800585136, 6.080889226438595, -2.1345718221695154], [9.531876145744032, 1.7040466128534182, -7.131592539273593], [6.777604415321461, -0.17090416458203705, -7.466660193617976], [6.925208020080101, 2.824793113745137, -8.909840256933464]], "name": "C6H12O2", "identifiers": {"molecule_hash": "f01c1b7834876010f4016a89e8f432aba410ed1a", "molecular_formula": "C6H12O2"}, "molecular_charge": 0.0, "molecular_multiplicity": 1, "connectivity": [[0, 1, 1.0], [0, 8, 1.0], [0, 9, 1.0], [0, 10, 1.0], [1, 2, 1.0], [1, 11, 1.0], [1, 12, 1.0], [2, 3, 1.0], [2, 13, 1.0], [2, 14, 1.0], [3, 4, 1.0], [3, 15, 1.0], [3, 16, 1.0], [4, 5, 2.0], [4, 6, 1.0], [6, 7, 1.0], [7, 17, 1.0], [7, 18, 1.0], [7, 19, 1.0]], "fix_com": true, "fix_orientation": true, "provenance": {"creator": "QCElemental", "version": "v0.22.0", "routine": "qcelemental.molparse.from_schema"}, "id": "144128"}, "charge": 0, "optimize_geometry": false, "conformers": [], "conformer_generation_options": {"n_conformer_pool": 4000, "n_max_conformers": 0, "rms_tolerance": 0.05, "energy_window": 15, "keep_original_conformer": true}, "stage_1_unrestrained_charges": null, "stage_1_restrained_charges": null, "stage_2_unrestrained_charges": null, "stage_2_restrained_charges": null, "keep_original_orientation": false, "reorientations": [], "translations": [], "rotations": []}}, {"index": 7, "molecule": {"qcmol": {"schema_name": "qcschema_molecule", "schema_version": 2, "validated": true, "symbols": ["C", "C", "C", "C", "C", "O", "O", "C", "H", "H", "H", "H", "H", "H", "H", "H", "H", "H", "H", "H"], "geometry": [[0.0, 0.0, 0.0], [2.8900176904246697, -7.441423262657219e-16, -7.662722083664776e-16], [4.0920255728359685, 2.636877069727225, 2.220446049250313e-16], [3.4208754175078884, 4.299550773737778, -2.287474521303695], [4.1256429865614574, 3.1008491852848596, -4.775993641234939], [2.6625301810387625, 2.4224507121502477, -6.341744997800619], [6.609553318293708, 2.862400796818046, -5.028544656201001], [7.4990572782769185, 1.7305266389592155, -7.28445018742086], [-0.7218356539351259, -1.9094432188886943, 0.19854588111328514], [-0.7572024329086383, 0.7638607907794509, -1.7440042682704948], [-0.7413277133076418, 1.1119356181015205, 1.5599067198013175], [3.5675630998919328, -1.0719763502421444, -1.6173204337894984], [3.5646308471048385, -0.998651457480741, 1.6632059076569186], [6.130891610744722, 2.4467990111151976, 0.09978485908568646], [3.511249284815019, 3.6436362938192186, 1.6934683976300993], [1.4193662586323257, 4.7030260509884245, -2.3547407491190766], [4.425555800585136, 6.080889226438595, -2.1345718221695154], [9.531876145744032, 1.7040466128534182, -7.131592539273593], [6.777604415321461, -0.17090416458203705, -7.466660193617976], [6.925208020080101, 2.824793113745137, -8.909840256933464]], "name": "C6H12O2", "identifiers": {"molecule_hash": "f01c1b7834876010f4016a89e8f432aba410ed1a", "molecular_formula": "C6H12O2"}, "molecular_charge": 0.0, "molecular_multiplicity": 1, "connectivity": [[0, 1, 1.0], [0, 8, 1.0], [0, 9, 1.0], [0, 10, 1.0], [1, 2, 1.0], [1, 11, 1.0], [1, 12, 1.0], [2, 3, 1.0], [2, 13, 1.0], [2, 14, 1.0], [3, 4, 1.0], [3, 15, 1.0], [3, 16, 1.0], [4, 5, 2.0], [4, 6, 1.0], [6, 7, 1.0], [7, 17, 1.0], [7, 18, 1.0], [7, 19, 1.0]], "fix_com": true, "fix_orientation": true, "provenance": {"creator": "QCElemental", "version": "v0.22.0", "routine": "qcelemental.molparse.from_schema"}, "id": "144128"}, "charge": 0, "optimize_geometry": false, "conformers": [], "conformer_generation_options": {"n_conformer_pool": 4000, "n_max_conformers": 0, "rms_tolerance": 0.05, "energy_window": 15, "keep_original_conformer": true}, "stage_1_unrestrained_charges": null, "stage_1_restrained_charges": null, "stage_2_unrestrained_charges": null, "stage_2_restrained_charges": null, "keep_original_orientation": false, "reorientations": [], "translations": [], "rotations": []}}]}, "surface_constraints": {"matrix": [[322180560043698.9, 312271851811830.0, 299813882993844.4, 286916527732406.25, 278170034198037.97, 273930801856076.06, 270829193042189.7, 252484731134149.84, 323423952842240.1, 323802254803113.25, 323073981330677.0, 311420923603257.9, 310857174623138.75, 298563229556922.5, 298584731922401.8, 281239550974611.56, 285913031578683.9, 245323997454455.34, 247247214710549.56, 249202926379782.25], [312271851811830.0, 320393315655956.44, 311732612843242.94, 299537592461501.7, 288242255252338.6, 281672113290026.25, 281064067565271.0, 260326752937698.16, 308917748392672.0, 309093833761435.75, 308709206939610.0, 324761346947754.06, 324539448198705.3, 311374996525152.5, 311320304827819.4, 295461497019727.56, 299060887315396.7, 252107160480888.8, 254528756316626.3, 256839515875092.3], [299813882993844.4, 311732612843242.94, 320197335429118.5, 311537638044086.94, 300249076162816.7, 291968124749061.2, 294802704306133.06, 272318106384859.1, 294661679195197.7, 300462065162968.4, 292245323653736.7, 311118266905025.44, 311089796925304.3, 325115645517351.4, 324836061002358.5, 310549187747474.94, 310084030003559.44, 264307860951646.97, 266901530241494.1, 266704312130695.47], [286916527732406.25, 299537592461501.7, 311537638044086.94, 319717213070228.2, 311709753312885.44, 304994171605312.4, 305357914204188.94, 283508192474676.2, 283065306391121.1, 287129102046303.3, 278555956251631.3, 298031300960382.6, 298495517597216.94, 311628234395780.7, 311232938862217.6, 323849344143562.9, 323614713981965.94, 274732024671946.28, 277918163198590.03, 278997599955919.84], [278170034198037.97, 288242255252338.6, 300249076162816.7, 311709753312885.44, 319086594677410.4, 319431352723201.0, 316186169971202.1, 303097438561329.25, 275415155442363.22, 279431754584453.84, 269963637572723.7, 288780233213929.06, 283614949163608.2, 297469973850332.4, 301092743455164.3, 311479805868334.9, 311201288889813.7, 294796955703108.56, 299807238346187.2, 301428794909022.7], [273930801856076.06, 281672113290026.25, 291968124749061.2, 304994171605312.4, 319431352723201.0, 332801333298011.4, 308886080059930.56, 302217751498403.1, 271142258773680.7, 276442724708227.53, 266430352134703.3, 283403567647272.06, 275378478076449.56, 287342989775326.8, 292330295548643.94, 302274341281261.1, 303532269826622.2, 291643063493006.4, 301951561409151.6, 304689357880146.3], [270829193042189.7, 281064067565271.0, 294802704306133.06, 305357914204188.94, 316186169971202.1, 308886080059930.56, 327696622240172.25, 316592146535445.6, 268965226461026.06, 271836584023514.5, 262072455284928.44, 281473329179845.44, 275575138072556.47, 292717116267952.6, 297249713316306.0, 304086655638867.75, 302623267976368.75, 313163594579890.56, 311878825075932.25, 312235243715086.75], [252484731134149.84, 260326752937698.16, 272318106384859.1, 283508192474676.2, 303097438561329.25, 302217751498403.1, 316592146535445.6, 321654988143603.2, 251083657746407.56, 254338234665800.4, 244559948339466.03, 261984757785548.66, 253564480290709.8, 268850684732596.97, 274473108895540.3, 279655816506097.06, 278598564735434.78, 321562860442682.56, 321242884264603.6, 321874974074198.6], [323423952842240.1, 308917748392672.0, 294661679195197.7, 283065306391121.1, 275415155442363.22, 271142258773680.7, 268965226461026.06, 251083657746407.56, 338147055245910.6, 320359622705037.6, 319546464118288.7, 307097947558997.25, 306594063228433.6, 294224744556297.06, 290453637391132.06, 276513912782462.8, 283139313536873.25, 244017643954131.34, 245888863952695.8, 247985130664560.1], [323802254803113.25, 309093833761435.75, 300462065162968.4, 287129102046303.3, 279431754584453.84, 276442724708227.53, 271836584023514.5, 254338234665800.4, 320359622705037.6, 339383596078702.94, 319787623575506.9, 306099470500934.5, 302957715754688.5, 299583418519774.56, 301826940580903.1, 280885155080960.7, 285745668584798.44, 248421332975585.44, 249129445757871.94, 250305745339328.53], [323073981330677.0, 308709206939610.0, 292245323653736.7, 278555956251631.3, 269963637572723.7, 266430352134703.3, 262072455284928.44, 244559948339466.03, 319546464118288.7, 319787623575506.9, 337332424720206.25, 306733611041065.4, 308385344913708.7, 289195482397611.25, 290875312902950.1, 273219422135627.53, 276606215158590.6, 236988788029952.72, 239704437023060.75, 242064728755700.94], [311420923603257.9, 324761346947754.06, 311118266905025.44, 298031300960382.6, 288780233213929.06, 283403567647272.06, 281473329179845.44, 261984757785548.66, 307097947558997.25, 306099470500934.5, 306733611041065.4, 342518851465852.7, 323942999158115.9, 307334090601939.1, 310948296989465.3, 291006565857414.44, 298237811300916.6, 252966785490694.6, 255992702357039.62, 260292102226119.6], [310857174623138.75, 324539448198705.3, 311089796925304.3, 298495517597216.94, 283614949163608.2, 275378478076449.56, 275575138072556.47, 253564480290709.8, 306594063228433.6, 302957715754688.5, 308385344913708.7, 323942999158115.9, 342000712883449.7, 310590954679114.44, 307069358136014.6, 296664671009602.94, 298402509521691.06, 245208519792039.34, 247398830333758.75, 249924267918732.4], [298563229556922.5, 311374996525152.5, 325115645517351.4, 311628234395780.7, 297469973850332.4, 287342989775326.8, 292717116267952.6, 268850684732596.97, 294224744556297.06, 299583418519774.56, 289195482397611.25, 307334090601939.1, 310590954679114.44, 343057473044417.6, 324822210539456.56, 310552611291442.5, 308661120943666.06, 260497928088099.06, 263759350965033.72, 262396187208802.88], [298584731922401.8, 311320304827819.4, 324836061002358.5, 311232938862217.6, 301092743455164.3, 292330295548643.94, 297249713316306.0, 274473108895540.3, 290453637391132.06, 301826940580903.1, 290875312902950.1, 310948296989465.3, 307069358136014.6, 324822210539456.56, 342603829995677.9, 308874388111754.6, 306178056223420.0, 267667851524910.7, 269219616201852.62, 267144413711530.97], [281239550974611.56, 295461497019727.56, 310549187747474.94, 323849344143562.9, 311479805868334.9, 302274341281261.1, 304086655638867.75, 279655816506097.06, 276513912782462.8, 280885155080960.7, 273219422135627.53, 291006565857414.44, 296664671009602.94, 310552611291442.5, 308874388111754.6, 340914349895794.75, 322667559754330.6, 269844128400702.3, 274172168910378.78, 274412680046795.25], [285913031578683.9, 299060887315396.7, 310084030003559.44, 323614713981965.94, 311201288889813.7, 303532269826622.2, 302623267976368.75, 278598564735434.78, 283139313536873.25, 285745668584798.44, 276606215158590.6, 298237811300916.6, 298402509521691.06, 308661120943666.06, 306178056223420.0, 322667559754330.6, 340438993021569.3, 270006913410888.16, 271507160402977.03, 274086906937309.25], [245323997454455.34, 252107160480888.8, 264307860951646.97, 274732024671946.28, 294796955703108.56, 291643063493006.4, 313163594579890.56, 321562860442682.56, 244017643954131.34, 248421332975585.44, 236988788029952.72, 252966785490694.6, 245208519792039.34, 260497928088099.06, 267667851524910.7, 269844128400702.3, 270006913410888.16, 335051937954818.06, 315751878132687.6, 316419236946585.25], [247247214710549.56, 254528756316626.3, 266901530241494.1, 277918163198590.03, 299807238346187.2, 301951561409151.6, 311878825075932.25, 321242884264603.6, 245888863952695.8, 249129445757871.94, 239704437023060.75, 255992702357039.62, 247398830333758.75, 263759350965033.72, 269219616201852.62, 274172168910378.78, 271507160402977.03, 315751878132687.6, 334957750010488.44, 316474284102792.9], [249202926379782.25, 256839515875092.3, 266704312130695.47, 278997599955919.84, 301428794909022.7, 304689357880146.3, 312235243715086.75, 321874974074198.6, 247985130664560.1, 250305745339328.53, 242064728755700.94, 260292102226119.6, 249924267918732.4, 262396187208802.88, 267144413711530.97, 274412680046795.25, 274086906937309.25, 316419236946585.25, 316474284102792.9, 336429714543867.25], [-1068741536910.557, -510002564409.05194, -583603380510.5894, -1581875916338.7373, -3766671615063.172, -7619874763825.573, -1571380321872.751, -924310577167.7041, -1117338814917.9927, -1439606985279.635, -1069248732609.6849, -709966034455.6307, 230907845971.21082, 30379971163.245697, -617247824120.0776, -757824013387.7993, -1418582917808.4036, 458290644813.28754, -1070348211088.4858, -1444046045609.682]]}}