{"resp_b": 0.1, "restrained_fit": true, "exclude_hydrogens": true, "convergence_tolerance": 1e-06, "max_iter": 500, "resp_a": 0.0005, "charge_constraints": {"charge_sum_constraints": [], "charge_equivalence_constraints": [], "molecules": [{"qcmol": {"schema_name": "qcschema_molecule", "schema_version": 2, "validated": true, "symbols": ["C", "C", "C", "C", "C", "H", "H", "H", "H", "H", "H", "H", "H", "H", "H", "H", "H"], "geometry": [[0.0, -0.0, 0.0], [2.890674649985379, -1.8160629882378753e-15, 2.336109371194328e-16], [4.08806026933316, 2.6403767930349953, -2.7755575615628914e-16], [3.5024173880596807, 4.30880888571016, 2.297532874159979], [4.440413376152073, 3.2442449024728237, 4.816024964189623], [-0.7287894998718392, -1.9106690202262986, -0.16647729490989605], [-0.7390119072904824, 1.0889218975171824, -1.5766397798560077], [-0.7674124624775986, 0.8013372694522224, 1.7246336191756932], [3.5506542115635513, -0.9968688343996109, -1.6711422539240144], [3.5732945056148417, -1.0827596545619922, 1.6058030780637087], [3.485257417098567, 3.632558466054168, -1.6978817041673755], [6.128446841854378, 2.4318567449919564, -0.15464510549004834], [1.4828322083560523, 4.661369896755177, 2.4152361653826238], [4.376008708192929, 6.143009513571427, 1.9899896571057756], [4.114042342700902, 4.580057983227325, 6.338715259760434], [6.455782627643205, 2.855074394133695, 4.749049848144655], [3.485283331480553, 1.4995138562247599, 5.315110555676345]], "name": "C5H12", "identifiers": {"molecule_hash": "7dc9bc8161b452297fb23f639d7b86909eacefa1", "molecular_formula": "C5H12"}, "molecular_charge": 0.0, "molecular_multiplicity": 1, "connectivity": [[0, 1, 1.0], [0, 5, 1.0], [0, 6, 1.0], [0, 7, 1.0], [1, 2, 1.0], [1, 8, 1.0], [1, 9, 1.0], [2, 3, 1.0], [2, 10, 1.0], [2, 11, 1.0], [3, 4, 1.0], [3, 12, 1.0], [3, 13, 1.0], [4, 14, 1.0], [4, 15, 1.0], [4, 16, 1.0]], "fix_com": true, "fix_orientation": true, "provenance": {"creator": "QCElemental", "version": "v0.22.0", "routine": "qcelemental.molparse.from_schema"}, "id": "15579"}, "charge": 0, "optimize_geometry": false, "conformers": [], "conformer_generation_options": {"n_conformer_pool": 4000, "n_max_conformers": 0, "rms_tolerance": 0.05, "energy_window": 15, "keep_original_conformer": true}, "stage_1_unrestrained_charges": null, "stage_1_restrained_charges": null, "stage_2_unrestrained_charges": null, "stage_2_restrained_charges": null, "keep_original_orientation": false, "reorientations": [], "translations": [], "rotations": []}], "unconstrained_atoms": [{"index": 0, "molecule": {"qcmol": {"schema_name": "qcschema_molecule", "schema_version": 2, "validated": true, "symbols": ["C", "C", "C", "C", "C", "H", "H", "H", "H", "H", "H", "H", "H", "H", "H", "H", "H"], "geometry": [[0.0, -0.0, 0.0], [2.890674649985379, -1.8160629882378753e-15, 2.336109371194328e-16], [4.08806026933316, 2.6403767930349953, -2.7755575615628914e-16], [3.5024173880596807, 4.30880888571016, 2.297532874159979], [4.440413376152073, 3.2442449024728237, 4.816024964189623], [-0.7287894998718392, -1.9106690202262986, -0.16647729490989605], [-0.7390119072904824, 1.0889218975171824, -1.5766397798560077], [-0.7674124624775986, 0.8013372694522224, 1.7246336191756932], [3.5506542115635513, -0.9968688343996109, -1.6711422539240144], [3.5732945056148417, -1.0827596545619922, 1.6058030780637087], [3.485257417098567, 3.632558466054168, -1.6978817041673755], [6.128446841854378, 2.4318567449919564, -0.15464510549004834], [1.4828322083560523, 4.661369896755177, 2.4152361653826238], [4.376008708192929, 6.143009513571427, 1.9899896571057756], [4.114042342700902, 4.580057983227325, 6.338715259760434], [6.455782627643205, 2.855074394133695, 4.749049848144655], [3.485283331480553, 1.4995138562247599, 5.315110555676345]], "name": "C5H12", "identifiers": {"molecule_hash": "7dc9bc8161b452297fb23f639d7b86909eacefa1", "molecular_formula": "C5H12"}, "molecular_charge": 0.0, "molecular_multiplicity": 1, "connectivity": [[0, 1, 1.0], [0, 5, 1.0], [0, 6, 1.0], [0, 7, 1.0], [1, 2, 1.0], [1, 8, 1.0], [1, 9, 1.0], [2, 3, 1.0], [2, 10, 1.0], [2, 11, 1.0], [3, 4, 1.0], [3, 12, 1.0], [3, 13, 1.0], [4, 14, 1.0], [4, 15, 1.0], [4, 16, 1.0]], "fix_com": true, "fix_orientation": true, "provenance": {"creator": "QCElemental", "version": "v0.22.0", "routine": "qcelemental.molparse.from_schema"}, "id": "15579"}, "charge": 0, "optimize_geometry": false, "conformers": [], "conformer_generation_options": {"n_conformer_pool": 4000, "n_max_conformers": 0, "rms_tolerance": 0.05, "energy_window": 15, "keep_original_conformer": true}, "stage_1_unrestrained_charges": null, "stage_1_restrained_charges": null, "stage_2_unrestrained_charges": null, "stage_2_restrained_charges": null, "keep_original_orientation": false, "reorientations": [], "translations": [], "rotations": []}}, {"index": 1, "molecule": {"qcmol": {"schema_name": "qcschema_molecule", "schema_version": 2, "validated": true, "symbols": ["C", "C", "C", "C", "C", "H", "H", "H", "H", "H", "H", "H", "H", "H", "H", "H", "H"], "geometry": [[0.0, -0.0, 0.0], [2.890674649985379, -1.8160629882378753e-15, 2.336109371194328e-16], [4.08806026933316, 2.6403767930349953, -2.7755575615628914e-16], [3.5024173880596807, 4.30880888571016, 2.297532874159979], [4.440413376152073, 3.2442449024728237, 4.816024964189623], [-0.7287894998718392, -1.9106690202262986, -0.16647729490989605], [-0.7390119072904824, 1.0889218975171824, -1.5766397798560077], [-0.7674124624775986, 0.8013372694522224, 1.7246336191756932], [3.5506542115635513, -0.9968688343996109, -1.6711422539240144], [3.5732945056148417, -1.0827596545619922, 1.6058030780637087], [3.485257417098567, 3.632558466054168, -1.6978817041673755], [6.128446841854378, 2.4318567449919564, -0.15464510549004834], [1.4828322083560523, 4.661369896755177, 2.4152361653826238], [4.376008708192929, 6.143009513571427, 1.9899896571057756], [4.114042342700902, 4.580057983227325, 6.338715259760434], [6.455782627643205, 2.855074394133695, 4.749049848144655], [3.485283331480553, 1.4995138562247599, 5.315110555676345]], "name": "C5H12", "identifiers": {"molecule_hash": "7dc9bc8161b452297fb23f639d7b86909eacefa1", "molecular_formula": "C5H12"}, "molecular_charge": 0.0, "molecular_multiplicity": 1, "connectivity": [[0, 1, 1.0], [0, 5, 1.0], [0, 6, 1.0], [0, 7, 1.0], [1, 2, 1.0], [1, 8, 1.0], [1, 9, 1.0], [2, 3, 1.0], [2, 10, 1.0], [2, 11, 1.0], [3, 4, 1.0], [3, 12, 1.0], [3, 13, 1.0], [4, 14, 1.0], [4, 15, 1.0], [4, 16, 1.0]], "fix_com": true, "fix_orientation": true, "provenance": {"creator": "QCElemental", "version": "v0.22.0", "routine": "qcelemental.molparse.from_schema"}, "id": "15579"}, "charge": 0, "optimize_geometry": false, "conformers": [], "conformer_generation_options": {"n_conformer_pool": 4000, "n_max_conformers": 0, "rms_tolerance": 0.05, "energy_window": 15, "keep_original_conformer": true}, "stage_1_unrestrained_charges": null, "stage_1_restrained_charges": null, "stage_2_unrestrained_charges": null, "stage_2_restrained_charges": null, "keep_original_orientation": false, "reorientations": [], "translations": [], "rotations": []}}, {"index": 2, "molecule": {"qcmol": {"schema_name": "qcschema_molecule", "schema_version": 2, "validated": true, "symbols": ["C", "C", "C", "C", "C", "H", "H", "H", "H", "H", "H", "H", "H", "H", "H", "H", "H"], "geometry": [[0.0, -0.0, 0.0], [2.890674649985379, -1.8160629882378753e-15, 2.336109371194328e-16], [4.08806026933316, 2.6403767930349953, -2.7755575615628914e-16], [3.5024173880596807, 4.30880888571016, 2.297532874159979], [4.440413376152073, 3.2442449024728237, 4.816024964189623], [-0.7287894998718392, -1.9106690202262986, -0.16647729490989605], [-0.7390119072904824, 1.0889218975171824, -1.5766397798560077], [-0.7674124624775986, 0.8013372694522224, 1.7246336191756932], [3.5506542115635513, -0.9968688343996109, -1.6711422539240144], [3.5732945056148417, -1.0827596545619922, 1.6058030780637087], [3.485257417098567, 3.632558466054168, -1.6978817041673755], [6.128446841854378, 2.4318567449919564, -0.15464510549004834], [1.4828322083560523, 4.661369896755177, 2.4152361653826238], [4.376008708192929, 6.143009513571427, 1.9899896571057756], [4.114042342700902, 4.580057983227325, 6.338715259760434], [6.455782627643205, 2.855074394133695, 4.749049848144655], [3.485283331480553, 1.4995138562247599, 5.315110555676345]], "name": "C5H12", "identifiers": {"molecule_hash": "7dc9bc8161b452297fb23f639d7b86909eacefa1", "molecular_formula": "C5H12"}, "molecular_charge": 0.0, "molecular_multiplicity": 1, "connectivity": [[0, 1, 1.0], [0, 5, 1.0], [0, 6, 1.0], [0, 7, 1.0], [1, 2, 1.0], [1, 8, 1.0], [1, 9, 1.0], [2, 3, 1.0], [2, 10, 1.0], [2, 11, 1.0], [3, 4, 1.0], [3, 12, 1.0], [3, 13, 1.0], [4, 14, 1.0], [4, 15, 1.0], [4, 16, 1.0]], "fix_com": true, "fix_orientation": true, "provenance": {"creator": "QCElemental", "version": "v0.22.0", "routine": "qcelemental.molparse.from_schema"}, "id": "15579"}, "charge": 0, "optimize_geometry": false, "conformers": [], "conformer_generation_options": {"n_conformer_pool": 4000, "n_max_conformers": 0, "rms_tolerance": 0.05, "energy_window": 15, "keep_original_conformer": true}, "stage_1_unrestrained_charges": null, "stage_1_restrained_charges": null, "stage_2_unrestrained_charges": null, "stage_2_restrained_charges": null, "keep_original_orientation": false, "reorientations": [], "translations": [], "rotations": []}}, {"index": 3, "molecule": {"qcmol": {"schema_name": "qcschema_molecule", "schema_version": 2, "validated": true, "symbols": ["C", "C", "C", "C", "C", "H", "H", "H", "H", "H", "H", "H", "H", "H", "H", "H", "H"], "geometry": [[0.0, -0.0, 0.0], [2.890674649985379, -1.8160629882378753e-15, 2.336109371194328e-16], [4.08806026933316, 2.6403767930349953, -2.7755575615628914e-16], [3.5024173880596807, 4.30880888571016, 2.297532874159979], [4.440413376152073, 3.2442449024728237, 4.816024964189623], [-0.7287894998718392, -1.9106690202262986, -0.16647729490989605], [-0.7390119072904824, 1.0889218975171824, -1.5766397798560077], [-0.7674124624775986, 0.8013372694522224, 1.7246336191756932], [3.5506542115635513, -0.9968688343996109, -1.6711422539240144], [3.5732945056148417, -1.0827596545619922, 1.6058030780637087], [3.485257417098567, 3.632558466054168, -1.6978817041673755], [6.128446841854378, 2.4318567449919564, -0.15464510549004834], [1.4828322083560523, 4.661369896755177, 2.4152361653826238], [4.376008708192929, 6.143009513571427, 1.9899896571057756], [4.114042342700902, 4.580057983227325, 6.338715259760434], [6.455782627643205, 2.855074394133695, 4.749049848144655], [3.485283331480553, 1.4995138562247599, 5.315110555676345]], "name": "C5H12", "identifiers": {"molecule_hash": "7dc9bc8161b452297fb23f639d7b86909eacefa1", "molecular_formula": "C5H12"}, "molecular_charge": 0.0, "molecular_multiplicity": 1, "connectivity": [[0, 1, 1.0], [0, 5, 1.0], [0, 6, 1.0], [0, 7, 1.0], [1, 2, 1.0], [1, 8, 1.0], [1, 9, 1.0], [2, 3, 1.0], [2, 10, 1.0], [2, 11, 1.0], [3, 4, 1.0], [3, 12, 1.0], [3, 13, 1.0], [4, 14, 1.0], [4, 15, 1.0], [4, 16, 1.0]], "fix_com": true, "fix_orientation": true, "provenance": {"creator": "QCElemental", "version": "v0.22.0", "routine": "qcelemental.molparse.from_schema"}, "id": "15579"}, "charge": 0, "optimize_geometry": false, "conformers": [], "conformer_generation_options": {"n_conformer_pool": 4000, "n_max_conformers": 0, "rms_tolerance": 0.05, "energy_window": 15, "keep_original_conformer": true}, "stage_1_unrestrained_charges": null, "stage_1_restrained_charges": null, "stage_2_unrestrained_charges": null, "stage_2_restrained_charges": null, "keep_original_orientation": false, "reorientations": [], "translations": [], "rotations": []}}, {"index": 4, "molecule": {"qcmol": {"schema_name": "qcschema_molecule", "schema_version": 2, "validated": true, "symbols": ["C", "C", "C", "C", "C", "H", "H", "H", "H", "H", "H", "H", "H", "H", "H", "H", "H"], "geometry": [[0.0, -0.0, 0.0], [2.890674649985379, -1.8160629882378753e-15, 2.336109371194328e-16], [4.08806026933316, 2.6403767930349953, -2.7755575615628914e-16], [3.5024173880596807, 4.30880888571016, 2.297532874159979], [4.440413376152073, 3.2442449024728237, 4.816024964189623], [-0.7287894998718392, -1.9106690202262986, -0.16647729490989605], [-0.7390119072904824, 1.0889218975171824, -1.5766397798560077], [-0.7674124624775986, 0.8013372694522224, 1.7246336191756932], [3.5506542115635513, -0.9968688343996109, -1.6711422539240144], [3.5732945056148417, -1.0827596545619922, 1.6058030780637087], [3.485257417098567, 3.632558466054168, -1.6978817041673755], [6.128446841854378, 2.4318567449919564, -0.15464510549004834], [1.4828322083560523, 4.661369896755177, 2.4152361653826238], [4.376008708192929, 6.143009513571427, 1.9899896571057756], [4.114042342700902, 4.580057983227325, 6.338715259760434], [6.455782627643205, 2.855074394133695, 4.749049848144655], [3.485283331480553, 1.4995138562247599, 5.315110555676345]], "name": "C5H12", "identifiers": {"molecule_hash": "7dc9bc8161b452297fb23f639d7b86909eacefa1", "molecular_formula": "C5H12"}, "molecular_charge": 0.0, "molecular_multiplicity": 1, "connectivity": [[0, 1, 1.0], [0, 5, 1.0], [0, 6, 1.0], [0, 7, 1.0], [1, 2, 1.0], [1, 8, 1.0], [1, 9, 1.0], [2, 3, 1.0], [2, 10, 1.0], [2, 11, 1.0], [3, 4, 1.0], [3, 12, 1.0], [3, 13, 1.0], [4, 14, 1.0], [4, 15, 1.0], [4, 16, 1.0]], "fix_com": true, "fix_orientation": true, "provenance": {"creator": "QCElemental", "version": "v0.22.0", "routine": "qcelemental.molparse.from_schema"}, "id": "15579"}, "charge": 0, "optimize_geometry": false, "conformers": [], "conformer_generation_options": {"n_conformer_pool": 4000, "n_max_conformers": 0, "rms_tolerance": 0.05, "energy_window": 15, "keep_original_conformer": true}, "stage_1_unrestrained_charges": null, "stage_1_restrained_charges": null, "stage_2_unrestrained_charges": null, "stage_2_restrained_charges": null, "keep_original_orientation": false, "reorientations": [], "translations": [], "rotations": []}}]}, "surface_constraints": {"matrix": [[196016358767194.75, 189886456541840.94, 182528511863112.03, 174533410082498.78, 166369947697756.03, 197174609994502.97, 197211381790613.38, 197182686801993.6, 189314984528970.4, 189319824630927.0, 182795885722163.6, 181386547497827.7, 174441695680326.2, 173512439899612.8, 164384946459699.7, 163616715039006.5, 164066532348606.8], [189886456541840.94, 194354479955252.78, 189310563558055.0, 181883808964388.78, 174181952873963.28, 188292515445613.97, 188264907467985.03, 188262490534385.0, 197032210080879.38, 196932386832121.72, 189379755694164.44, 189432311268977.6, 182140450952281.25, 180356608919544.16, 171230916089533.97, 171108811640178.22, 173451764039322.94], [182528511863112.03, 189310563558055.0, 194303394618569.94, 189139606550464.16, 182335124005297.1, 179804043705189.97, 180714931657654.94, 180817342108264.2, 189055277334797.44, 188917755364239.72, 197403859199596.0, 197427298080842.6, 188825098101187.72, 188828641851154.53, 178760027184063.25, 179888010744263.0, 182078493886422.4], [174533410082498.78, 181883808964388.78, 189139606550464.16, 194090563186925.7, 189608028582621.38, 172364414907484.4, 172614024448399.66, 172158632333227.56, 181324661370124.22, 180884370676282.66, 189163869363647.56, 189243440811826.84, 196792992111533.5, 196726840807385.28, 187923082619036.9, 188079966677145.44, 187967709273753.28], [166369947697756.03, 174181952873963.28, 182335124005297.1, 189608028582621.38, 195759961190701.3, 165125128558272.84, 163426415195106.75, 163835726598647.28, 172327916897716.44, 174419772044243.2, 182871661104799.97, 181148852024130.0, 189103675857662.38, 189047738881899.7, 196833857614265.7, 196991182123666.4, 196976865750196.56], [197174609994502.97, 188292515445613.97, 179804043705189.97, 172364414907484.4, 165125128558272.84, 206548692276379.06, 195490369934716.56, 195381364758590.03, 187095601367453.78, 187205440581472.75, 179687729008642.94, 177837302210008.5, 172251198198497.38, 171056221969561.84, 163138357434868.53, 163131257674704.94, 162699606599658.25], [197211381790613.38, 188264907467985.03, 180714931657654.94, 172614024448399.66, 163426415195106.75, 195490369934716.56, 206732540521350.3, 195385940386565.7, 187044596650243.44, 186326990628685.03, 179701122312395.75, 180826557270231.5, 172766930729730.16, 172192171627470.25, 162555490216821.8, 160051037184874.97, 159894433389724.3], [197182686801993.6, 188262490534385.0, 180817342108264.2, 172158632333227.56, 163835726598647.28, 195381364758590.03, 195385940386565.7, 206741594181630.8, 186277620520642.72, 186980764226593.75, 182859388441125.75, 178385555613742.62, 171636605792329.75, 171270851538683.94, 161515030105656.2, 161132461543839.94, 161729870549401.5], [189314984528970.4, 197032210080879.38, 189055277334797.44, 181324661370124.22, 172327916897716.44, 187095601367453.78, 187044596650243.44, 186277620520642.72, 207781336019453.1, 196655470886735.44, 187766647207995.75, 188343047069841.8, 183425620509952.16, 178829565771667.84, 169119112370576.38, 168114230033420.22, 172082614115615.22], [189319824630927.0, 196932386832121.72, 188917755364239.72, 180884370676282.66, 174419772044243.2, 187205440581472.75, 186326990628685.03, 186980764226593.75, 196655470886735.44, 207539804524248.22, 187621620990392.53, 188491027402303.7, 179975012003586.9, 179095940043612.9, 171459262118853.78, 171771078143932.38, 174295614844151.4], [182795885722163.6, 189379755694164.44, 197403859199596.0, 189163869363647.56, 182871661104799.97, 179687729008642.94, 179701122312395.75, 182859388441125.75, 187766647207995.75, 187621620990392.53, 208669269334970.1, 197465406607718.38, 186909802978040.44, 187799629879988.6, 177769815659822.44, 181411618789060.6, 183498418957162.38], [181386547497827.7, 189432311268977.6, 197427298080842.6, 189243440811826.84, 181148852024130.0, 177837302210008.5, 180826557270231.5, 178385555613742.62, 188343047069841.8, 188491027402303.7, 197465406607718.38, 208601773236228.94, 187855757403981.88, 188609299814587.56, 177309154429367.75, 177614939958696.1, 181364907009805.16], [174441695680326.2, 182140450952281.25, 188825098101187.72, 196792992111533.5, 189103675857662.38, 172251198198497.38, 172766930729730.16, 171636605792329.75, 183425620509952.16, 179975012003586.9, 186909802978040.44, 187855757403981.88, 207542203432436.2, 196538190502193.97, 187448196797499.5, 185638739756340.1, 186708650127494.88], [173512439899612.8, 180356608919544.16, 188828641851154.53, 196726840807385.28, 189047738881899.7, 171056221969561.84, 172192171627470.25, 171270851538683.94, 178829565771667.84, 179095940043612.9, 187799629879988.6, 188609299814587.56, 196538190502193.97, 207319721225736.0, 186846359488240.1, 188080108690837.0, 184734783446074.5], [164384946459699.7, 171230916089533.97, 178760027184063.25, 187923082619036.9, 196833857614265.7, 163138357434868.53, 162555490216821.8, 161515030105656.2, 169119112370576.38, 171459262118853.78, 177769815659822.44, 177309154429367.75, 187448196797499.5, 186846359488240.1, 206023990775070.25, 195153461421816.03, 195184229039518.78], [163616715039006.5, 171108811640178.22, 179888010744263.0, 188079966677145.44, 196991182123666.4, 163131257674704.94, 160051037184874.97, 161132461543839.94, 168114230033420.22, 171771078143932.38, 181411618789060.6, 177614939958696.1, 185638739756340.1, 188080108690837.0, 195153461421816.03, 206504556403858.78, 195222618044372.28], [164066532348606.8, 173451764039322.94, 182078493886422.4, 187967709273753.28, 196976865750196.56, 162699606599658.25, 159894433389724.3, 161729870549401.5, 172082614115615.22, 174295614844151.4, 183498418957162.38, 181364907009805.16, 186708650127494.88, 184734783446074.5, 195184229039518.78, 195222618044372.28, 206597562525312.03], [596563353689.8632, 768112949156.1976, 786764613171.5016, 724682993691.9705, 518572215162.355, 544832476798.22876, 574798067731.0946, 564461724386.7211, 817589092651.4105, 793061396897.8187, 808463197910.1879, 810499740125.5863, 772388139841.8999, 748184574750.0387, 455802364544.1604, 474762900521.0476, 492517508480.15546]]}}