{"resp_b": 0.1, "restrained_fit": true, "exclude_hydrogens": true, "convergence_tolerance": 1e-06, "max_iter": 500, "resp_a": 0.0005, "charge_constraints": {"charge_sum_constraints": [], "charge_equivalence_constraints": [], "molecules": [{"qcmol": {"schema_name": "qcschema_molecule", "schema_version": 2, "validated": true, "symbols": ["C", "C", "C", "C", "C", "H", "H", "H", "H", "H", "H", "H", "H", "H", "H", "H", "H"], "geometry": [[0.0, -0.0, 0.0], [2.890674649985379, -1.8160629882378753e-15, 2.336109371194328e-16], [4.08806026933316, 2.6403767930349953, -2.7755575615628914e-16], [3.5024173880596807, 4.30880888571016, 2.297532874159979], [4.440413376152073, 3.2442449024728237, 4.816024964189623], [-0.7287894998718392, -1.9106690202262986, -0.16647729490989605], [-0.7390119072904824, 1.0889218975171824, -1.5766397798560077], [-0.7674124624775986, 0.8013372694522224, 1.7246336191756932], [3.5506542115635513, -0.9968688343996109, -1.6711422539240144], [3.5732945056148417, -1.0827596545619922, 1.6058030780637087], [3.485257417098567, 3.632558466054168, -1.6978817041673755], [6.128446841854378, 2.4318567449919564, -0.15464510549004834], [1.4828322083560523, 4.661369896755177, 2.4152361653826238], [4.376008708192929, 6.143009513571427, 1.9899896571057756], [4.114042342700902, 4.580057983227325, 6.338715259760434], [6.455782627643205, 2.855074394133695, 4.749049848144655], [3.485283331480553, 1.4995138562247599, 5.315110555676345]], "name": "C5H12", "identifiers": {"molecule_hash": "7dc9bc8161b452297fb23f639d7b86909eacefa1", "molecular_formula": "C5H12"}, "molecular_charge": 0.0, "molecular_multiplicity": 1, "connectivity": [[0, 1, 1.0], [0, 5, 1.0], [0, 6, 1.0], [0, 7, 1.0], [1, 2, 1.0], [1, 8, 1.0], [1, 9, 1.0], [2, 3, 1.0], [2, 10, 1.0], [2, 11, 1.0], [3, 4, 1.0], [3, 12, 1.0], [3, 13, 1.0], [4, 14, 1.0], [4, 15, 1.0], [4, 16, 1.0]], "fix_com": true, "fix_orientation": true, "provenance": {"creator": "QCElemental", "version": "v0.22.0", "routine": "qcelemental.molparse.from_schema"}, "id": "15579"}, "charge": 0, "optimize_geometry": false, "conformers": [], "conformer_generation_options": {"n_conformer_pool": 4000, "n_max_conformers": 0, "rms_tolerance": 0.05, "energy_window": 15, "keep_original_conformer": true}, "stage_1_unrestrained_charges": null, "stage_1_restrained_charges": null, "stage_2_unrestrained_charges": null, "stage_2_restrained_charges": null, "keep_original_orientation": false, "reorientations": [], "translations": [], "rotations": []}], "unconstrained_atoms": [{"index": 0, "molecule": {"qcmol": {"schema_name": "qcschema_molecule", "schema_version": 2, "validated": true, "symbols": ["C", "C", "C", "C", "C", "H", "H", "H", "H", "H", "H", "H", "H", "H", "H", "H", "H"], "geometry": [[0.0, -0.0, 0.0], [2.890674649985379, -1.8160629882378753e-15, 2.336109371194328e-16], [4.08806026933316, 2.6403767930349953, -2.7755575615628914e-16], [3.5024173880596807, 4.30880888571016, 2.297532874159979], [4.440413376152073, 3.2442449024728237, 4.816024964189623], [-0.7287894998718392, -1.9106690202262986, -0.16647729490989605], [-0.7390119072904824, 1.0889218975171824, -1.5766397798560077], [-0.7674124624775986, 0.8013372694522224, 1.7246336191756932], [3.5506542115635513, -0.9968688343996109, -1.6711422539240144], [3.5732945056148417, -1.0827596545619922, 1.6058030780637087], [3.485257417098567, 3.632558466054168, -1.6978817041673755], [6.128446841854378, 2.4318567449919564, -0.15464510549004834], [1.4828322083560523, 4.661369896755177, 2.4152361653826238], [4.376008708192929, 6.143009513571427, 1.9899896571057756], [4.114042342700902, 4.580057983227325, 6.338715259760434], [6.455782627643205, 2.855074394133695, 4.749049848144655], [3.485283331480553, 1.4995138562247599, 5.315110555676345]], "name": "C5H12", "identifiers": {"molecule_hash": "7dc9bc8161b452297fb23f639d7b86909eacefa1", "molecular_formula": "C5H12"}, "molecular_charge": 0.0, "molecular_multiplicity": 1, "connectivity": [[0, 1, 1.0], [0, 5, 1.0], [0, 6, 1.0], [0, 7, 1.0], [1, 2, 1.0], [1, 8, 1.0], [1, 9, 1.0], [2, 3, 1.0], [2, 10, 1.0], [2, 11, 1.0], [3, 4, 1.0], [3, 12, 1.0], [3, 13, 1.0], [4, 14, 1.0], [4, 15, 1.0], [4, 16, 1.0]], "fix_com": true, "fix_orientation": true, "provenance": {"creator": "QCElemental", "version": "v0.22.0", "routine": "qcelemental.molparse.from_schema"}, "id": "15579"}, "charge": 0, "optimize_geometry": false, "conformers": [], "conformer_generation_options": {"n_conformer_pool": 4000, "n_max_conformers": 0, "rms_tolerance": 0.05, "energy_window": 15, "keep_original_conformer": true}, "stage_1_unrestrained_charges": null, "stage_1_restrained_charges": null, "stage_2_unrestrained_charges": null, "stage_2_restrained_charges": null, "keep_original_orientation": false, "reorientations": [], "translations": [], "rotations": []}}, {"index": 1, "molecule": {"qcmol": {"schema_name": "qcschema_molecule", "schema_version": 2, "validated": true, "symbols": ["C", "C", "C", "C", "C", "H", "H", "H", "H", "H", "H", "H", "H", "H", "H", "H", "H"], "geometry": [[0.0, -0.0, 0.0], [2.890674649985379, -1.8160629882378753e-15, 2.336109371194328e-16], [4.08806026933316, 2.6403767930349953, -2.7755575615628914e-16], [3.5024173880596807, 4.30880888571016, 2.297532874159979], [4.440413376152073, 3.2442449024728237, 4.816024964189623], [-0.7287894998718392, -1.9106690202262986, -0.16647729490989605], [-0.7390119072904824, 1.0889218975171824, -1.5766397798560077], [-0.7674124624775986, 0.8013372694522224, 1.7246336191756932], [3.5506542115635513, -0.9968688343996109, -1.6711422539240144], [3.5732945056148417, -1.0827596545619922, 1.6058030780637087], [3.485257417098567, 3.632558466054168, -1.6978817041673755], [6.128446841854378, 2.4318567449919564, -0.15464510549004834], [1.4828322083560523, 4.661369896755177, 2.4152361653826238], [4.376008708192929, 6.143009513571427, 1.9899896571057756], [4.114042342700902, 4.580057983227325, 6.338715259760434], [6.455782627643205, 2.855074394133695, 4.749049848144655], [3.485283331480553, 1.4995138562247599, 5.315110555676345]], "name": "C5H12", "identifiers": {"molecule_hash": "7dc9bc8161b452297fb23f639d7b86909eacefa1", "molecular_formula": "C5H12"}, "molecular_charge": 0.0, "molecular_multiplicity": 1, "connectivity": [[0, 1, 1.0], [0, 5, 1.0], [0, 6, 1.0], [0, 7, 1.0], [1, 2, 1.0], [1, 8, 1.0], [1, 9, 1.0], [2, 3, 1.0], [2, 10, 1.0], [2, 11, 1.0], [3, 4, 1.0], [3, 12, 1.0], [3, 13, 1.0], [4, 14, 1.0], [4, 15, 1.0], [4, 16, 1.0]], "fix_com": true, "fix_orientation": true, "provenance": {"creator": "QCElemental", "version": "v0.22.0", "routine": "qcelemental.molparse.from_schema"}, "id": "15579"}, "charge": 0, "optimize_geometry": false, "conformers": [], "conformer_generation_options": {"n_conformer_pool": 4000, "n_max_conformers": 0, "rms_tolerance": 0.05, "energy_window": 15, "keep_original_conformer": true}, "stage_1_unrestrained_charges": null, "stage_1_restrained_charges": null, "stage_2_unrestrained_charges": null, "stage_2_restrained_charges": null, "keep_original_orientation": false, "reorientations": [], "translations": [], "rotations": []}}, {"index": 2, "molecule": {"qcmol": {"schema_name": "qcschema_molecule", "schema_version": 2, "validated": true, "symbols": ["C", "C", "C", "C", "C", "H", "H", "H", "H", "H", "H", "H", "H", "H", "H", "H", "H"], "geometry": [[0.0, -0.0, 0.0], [2.890674649985379, -1.8160629882378753e-15, 2.336109371194328e-16], [4.08806026933316, 2.6403767930349953, -2.7755575615628914e-16], [3.5024173880596807, 4.30880888571016, 2.297532874159979], [4.440413376152073, 3.2442449024728237, 4.816024964189623], [-0.7287894998718392, -1.9106690202262986, -0.16647729490989605], [-0.7390119072904824, 1.0889218975171824, -1.5766397798560077], [-0.7674124624775986, 0.8013372694522224, 1.7246336191756932], [3.5506542115635513, -0.9968688343996109, -1.6711422539240144], [3.5732945056148417, -1.0827596545619922, 1.6058030780637087], [3.485257417098567, 3.632558466054168, -1.6978817041673755], [6.128446841854378, 2.4318567449919564, -0.15464510549004834], [1.4828322083560523, 4.661369896755177, 2.4152361653826238], [4.376008708192929, 6.143009513571427, 1.9899896571057756], [4.114042342700902, 4.580057983227325, 6.338715259760434], [6.455782627643205, 2.855074394133695, 4.749049848144655], [3.485283331480553, 1.4995138562247599, 5.315110555676345]], "name": "C5H12", "identifiers": {"molecule_hash": "7dc9bc8161b452297fb23f639d7b86909eacefa1", "molecular_formula": "C5H12"}, "molecular_charge": 0.0, "molecular_multiplicity": 1, "connectivity": [[0, 1, 1.0], [0, 5, 1.0], [0, 6, 1.0], [0, 7, 1.0], [1, 2, 1.0], [1, 8, 1.0], [1, 9, 1.0], [2, 3, 1.0], [2, 10, 1.0], [2, 11, 1.0], [3, 4, 1.0], [3, 12, 1.0], [3, 13, 1.0], [4, 14, 1.0], [4, 15, 1.0], [4, 16, 1.0]], "fix_com": true, "fix_orientation": true, "provenance": {"creator": "QCElemental", "version": "v0.22.0", "routine": "qcelemental.molparse.from_schema"}, "id": "15579"}, "charge": 0, "optimize_geometry": false, "conformers": [], "conformer_generation_options": {"n_conformer_pool": 4000, "n_max_conformers": 0, "rms_tolerance": 0.05, "energy_window": 15, "keep_original_conformer": true}, "stage_1_unrestrained_charges": null, "stage_1_restrained_charges": null, "stage_2_unrestrained_charges": null, "stage_2_restrained_charges": null, "keep_original_orientation": false, "reorientations": [], "translations": [], "rotations": []}}, {"index": 3, "molecule": {"qcmol": {"schema_name": "qcschema_molecule", "schema_version": 2, "validated": true, "symbols": ["C", "C", "C", "C", "C", "H", "H", "H", "H", "H", "H", "H", "H", "H", "H", "H", "H"], "geometry": [[0.0, -0.0, 0.0], [2.890674649985379, -1.8160629882378753e-15, 2.336109371194328e-16], [4.08806026933316, 2.6403767930349953, -2.7755575615628914e-16], [3.5024173880596807, 4.30880888571016, 2.297532874159979], [4.440413376152073, 3.2442449024728237, 4.816024964189623], [-0.7287894998718392, -1.9106690202262986, -0.16647729490989605], [-0.7390119072904824, 1.0889218975171824, -1.5766397798560077], [-0.7674124624775986, 0.8013372694522224, 1.7246336191756932], [3.5506542115635513, -0.9968688343996109, -1.6711422539240144], [3.5732945056148417, -1.0827596545619922, 1.6058030780637087], [3.485257417098567, 3.632558466054168, -1.6978817041673755], [6.128446841854378, 2.4318567449919564, -0.15464510549004834], [1.4828322083560523, 4.661369896755177, 2.4152361653826238], [4.376008708192929, 6.143009513571427, 1.9899896571057756], [4.114042342700902, 4.580057983227325, 6.338715259760434], [6.455782627643205, 2.855074394133695, 4.749049848144655], [3.485283331480553, 1.4995138562247599, 5.315110555676345]], "name": "C5H12", "identifiers": {"molecule_hash": "7dc9bc8161b452297fb23f639d7b86909eacefa1", "molecular_formula": "C5H12"}, "molecular_charge": 0.0, "molecular_multiplicity": 1, "connectivity": [[0, 1, 1.0], [0, 5, 1.0], [0, 6, 1.0], [0, 7, 1.0], [1, 2, 1.0], [1, 8, 1.0], [1, 9, 1.0], [2, 3, 1.0], [2, 10, 1.0], [2, 11, 1.0], [3, 4, 1.0], [3, 12, 1.0], [3, 13, 1.0], [4, 14, 1.0], [4, 15, 1.0], [4, 16, 1.0]], "fix_com": true, "fix_orientation": true, "provenance": {"creator": "QCElemental", "version": "v0.22.0", "routine": "qcelemental.molparse.from_schema"}, "id": "15579"}, "charge": 0, "optimize_geometry": false, "conformers": [], "conformer_generation_options": {"n_conformer_pool": 4000, "n_max_conformers": 0, "rms_tolerance": 0.05, "energy_window": 15, "keep_original_conformer": true}, "stage_1_unrestrained_charges": null, "stage_1_restrained_charges": null, "stage_2_unrestrained_charges": null, "stage_2_restrained_charges": null, "keep_original_orientation": false, "reorientations": [], "translations": [], "rotations": []}}, {"index": 4, "molecule": {"qcmol": {"schema_name": "qcschema_molecule", "schema_version": 2, "validated": true, "symbols": ["C", "C", "C", "C", "C", "H", "H", "H", "H", "H", "H", "H", "H", "H", "H", "H", "H"], "geometry": [[0.0, -0.0, 0.0], [2.890674649985379, -1.8160629882378753e-15, 2.336109371194328e-16], [4.08806026933316, 2.6403767930349953, -2.7755575615628914e-16], [3.5024173880596807, 4.30880888571016, 2.297532874159979], [4.440413376152073, 3.2442449024728237, 4.816024964189623], [-0.7287894998718392, -1.9106690202262986, -0.16647729490989605], [-0.7390119072904824, 1.0889218975171824, -1.5766397798560077], [-0.7674124624775986, 0.8013372694522224, 1.7246336191756932], [3.5506542115635513, -0.9968688343996109, -1.6711422539240144], [3.5732945056148417, -1.0827596545619922, 1.6058030780637087], [3.485257417098567, 3.632558466054168, -1.6978817041673755], [6.128446841854378, 2.4318567449919564, -0.15464510549004834], [1.4828322083560523, 4.661369896755177, 2.4152361653826238], [4.376008708192929, 6.143009513571427, 1.9899896571057756], [4.114042342700902, 4.580057983227325, 6.338715259760434], [6.455782627643205, 2.855074394133695, 4.749049848144655], [3.485283331480553, 1.4995138562247599, 5.315110555676345]], "name": "C5H12", "identifiers": {"molecule_hash": "7dc9bc8161b452297fb23f639d7b86909eacefa1", "molecular_formula": "C5H12"}, "molecular_charge": 0.0, "molecular_multiplicity": 1, "connectivity": [[0, 1, 1.0], [0, 5, 1.0], [0, 6, 1.0], [0, 7, 1.0], [1, 2, 1.0], [1, 8, 1.0], [1, 9, 1.0], [2, 3, 1.0], [2, 10, 1.0], [2, 11, 1.0], [3, 4, 1.0], [3, 12, 1.0], [3, 13, 1.0], [4, 14, 1.0], [4, 15, 1.0], [4, 16, 1.0]], "fix_com": true, "fix_orientation": true, "provenance": {"creator": "QCElemental", "version": "v0.22.0", "routine": "qcelemental.molparse.from_schema"}, "id": "15579"}, "charge": 0, "optimize_geometry": false, "conformers": [], "conformer_generation_options": {"n_conformer_pool": 4000, "n_max_conformers": 0, "rms_tolerance": 0.05, "energy_window": 15, "keep_original_conformer": true}, "stage_1_unrestrained_charges": null, "stage_1_restrained_charges": null, "stage_2_unrestrained_charges": null, "stage_2_restrained_charges": null, "keep_original_orientation": false, "reorientations": [], "translations": [], "rotations": []}}]}, "surface_constraints": {"matrix": [[193341026522492.9, 187351046063273.25, 180131908658560.94, 172141349108518.62, 163848761529450.1, 194514551643535.75, 194482378608365.66, 194463808006864.97, 186813013718641.84, 186813842246200.66, 180446033131605.9, 179029958874592.34, 172068189656527.3, 171146635875614.53, 161838383675556.5, 161053506299361.1, 161540767504058.2], [187351046063273.25, 191777047058352.44, 186842817204736.53, 179554529901950.72, 171833634598000.66, 185834282407775.56, 185750599321811.12, 185749571397813.12, 194411713022589.6, 194302108809886.0, 186905981089889.53, 186957061545397.8, 179833113642472.38, 178072129029476.16, 168917646835285.53, 168761263851081.22, 171073650217544.34], [180131908658560.94, 186842817204736.53, 191778986517002.84, 186733738114043.56, 180036015042340.12, 177484796957352.62, 178324460778396.78, 178435455372561.47, 186609817713421.1, 186454443026672.16, 194814542682440.44, 194820289909495.03, 186437202880638.6, 186408021151749.53, 176533005784247.53, 177623612992581.97, 179783910399815.38], [172141349108518.62, 179554529901950.72, 186733738114043.56, 191633759594689.97, 187225791696024.9, 170005391335899.47, 170195661027543.4, 169737674459427.0, 179036035694705.53, 178602193489996.22, 186754180183692.28, 186830920768814.66, 194295172629586.7, 194190013488967.22, 185590547187736.03, 185728648814392.5, 185632854765667.5], [163848761529450.1, 171833634598000.66, 180036015042340.12, 187225791696024.9, 193258095881315.12, 162573327177706.22, 160873346965848.6, 161270813020995.2, 170031154075613.12, 172088841561915.03, 180585752986636.5, 178918929986666.72, 186755541982164.97, 186676934007067.12, 194308855520449.28, 194445402494055.8, 194459579700713.97], [194514551643535.75, 185834282407775.56, 177484796957352.62, 170005391335899.47, 162573327177706.22, 203687605540832.8, 192845301298200.4, 192753305198131.47, 184710060961743.66, 184783010513388.94, 177432550356714.1, 175560065372606.38, 169905774280804.16, 168738168421767.28, 160586454422111.34, 160467758085689.44, 160133755082593.2], [194482378608365.66, 185750599321811.12, 178324460778396.78, 170195661027543.4, 160873346965848.6, 192845301298200.4, 203709650980640.78, 192694631270991.97, 184587654257186.16, 183900436278230.94, 177388160336183.06, 178459118570774.0, 170283604088469.1, 169860504253405.34, 159903998549311.88, 157512228330397.94, 157360923820684.72], [194463808006864.97, 185749571397813.12, 178435455372561.47, 169737674459427.0, 161270813020995.2, 192753305198131.47, 192694631270991.97, 203740853827738.03, 183837229323113.7, 184535476538989.16, 180503771248426.06, 176090344677223.34, 169320205584609.66, 168773682559813.16, 158911332875387.06, 158503717594834.53, 159186211058011.2], [186813013718641.84, 194411713022589.6, 186609817713421.1, 179036035694705.53, 170031154075613.12, 184710060961743.66, 184587654257186.16, 183837229323113.7, 204891956130010.38, 194063752306844.38, 185349006378829.28, 185929014764943.97, 181085461853618.1, 176652450447958.22, 166878535855176.03, 165873220912216.7, 169698104820525.47], [186813842246200.66, 194302108809886.0, 186454443026672.16, 178602193489996.22, 172088841561915.03, 184783010513388.94, 183900436278230.94, 184535476538989.16, 194063752306844.38, 204625677318957.22, 185164800471588.0, 186034025440529.75, 177775117651264.16, 176838388760347.47, 169150099030778.06, 169398699494333.56, 171946336937559.0], [180446033131605.9, 186905981089889.53, 194814542682440.44, 186754180183692.28, 180585752986636.5, 177432550356714.1, 177388160336183.06, 180503771248426.06, 185349006378829.28, 185164800471588.0, 205771274679077.03, 194905597296789.06, 184565733756844.16, 185400635344663.72, 175589560598701.25, 179150509350236.7, 181191488934837.44], [179029958874592.34, 186957061545397.8, 194820289909495.03, 186830920768814.66, 178918929986666.72, 175560065372606.38, 178459118570774.0, 176090344677223.34, 185929014764943.97, 186034025440529.75, 194905597296789.06, 205665861831303.22, 185490987264974.78, 186182130039748.8, 175153176631002.94, 175454203767540.66, 179154884313770.03], [172068189656527.3, 179833113642472.38, 186437202880638.6, 194295172629586.7, 186755541982164.97, 169905774280804.16, 170283604088469.1, 169320205584609.66, 181085461853618.1, 177775117651264.16, 184565733756844.16, 185490987264974.78, 204786287728817.97, 194032503584193.34, 185155264851851.53, 183369454964152.75, 184454613727798.12], [171146635875614.53, 178072129029476.16, 186408021151749.53, 194190013488967.22, 186676934007067.12, 168738168421767.28, 169860504253405.34, 168773682559813.16, 176652450447958.22, 176838388760347.47, 185400635344663.72, 186182130039748.8, 194032503584193.34, 204480588098401.62, 184554964219515.75, 185760065879023.4, 182471221655900.97], [161838383675556.5, 168917646835285.53, 176533005784247.53, 185590547187736.03, 194308855520449.28, 160586454422111.34, 159903998549311.88, 158911332875387.06, 166878535855176.03, 169150099030778.06, 175589560598701.25, 175153176631002.94, 185155264851851.53, 184554964219515.75, 203278044061305.88, 192650563880954.8, 192706048801806.72], [161053506299361.1, 168761263851081.22, 177623612992581.97, 185728648814392.5, 194445402494055.8, 160467758085689.44, 157512228330397.94, 158503717594834.53, 165873220912216.7, 169398699494333.56, 179150509350236.7, 175454203767540.66, 183369454964152.75, 185760065879023.4, 192650563880954.8, 203698446869784.66, 192728805161372.62], [161540767504058.2, 171073650217544.34, 179783910399815.38, 185632854765667.5, 194459579700713.97, 160133755082593.2, 157360923820684.72, 159186211058011.2, 169698104820525.47, 171946336937559.0, 181191488934837.44, 179154884313770.03, 184454613727798.12, 182471221655900.97, 192706048801806.72, 192728805161372.62, 203841833912593.03], [345522773673.6686, 446180202900.3984, 466655478909.02203, 444162112744.47656, 337040287783.70874, 324096947375.66125, 332377045744.61896, 327121682851.18164, 464934235206.0865, 458743965045.81995, 480565490118.00836, 477826331547.50104, 467847104083.48334, 455858256483.7463, 305701766319.59937, 319572475395.5435, 326458285341.92975]]}}