{"resp_b": 0.1, "restrained_fit": true, "exclude_hydrogens": true, "convergence_tolerance": 1e-06, "max_iter": 500, "resp_a": 0.0005, "charge_constraints": {"charge_sum_constraints": [], "charge_equivalence_constraints": [], "molecules": [{"qcmol": {"schema_name": "qcschema_molecule", "schema_version": 2, "validated": true, "symbols": ["C", "C", "C", "C", "C", "H", "H", "H", "H", "H", "H", "H", "H", "H", "H", "H", "H"], "geometry": [[0.0, -0.0, 0.0], [2.890674649985379, -1.8160629882378753e-15, 2.336109371194328e-16], [4.08806026933316, 2.6403767930349953, -2.7755575615628914e-16], [3.5024173880596807, 4.30880888571016, 2.297532874159979], [4.440413376152073, 3.2442449024728237, 4.816024964189623], [-0.7287894998718392, -1.9106690202262986, -0.16647729490989605], [-0.7390119072904824, 1.0889218975171824, -1.5766397798560077], [-0.7674124624775986, 0.8013372694522224, 1.7246336191756932], [3.5506542115635513, -0.9968688343996109, -1.6711422539240144], [3.5732945056148417, -1.0827596545619922, 1.6058030780637087], [3.485257417098567, 3.632558466054168, -1.6978817041673755], [6.128446841854378, 2.4318567449919564, -0.15464510549004834], [1.4828322083560523, 4.661369896755177, 2.4152361653826238], [4.376008708192929, 6.143009513571427, 1.9899896571057756], [4.114042342700902, 4.580057983227325, 6.338715259760434], [6.455782627643205, 2.855074394133695, 4.749049848144655], [3.485283331480553, 1.4995138562247599, 5.315110555676345]], "name": "C5H12", "identifiers": {"molecule_hash": "7dc9bc8161b452297fb23f639d7b86909eacefa1", "molecular_formula": "C5H12"}, "molecular_charge": 0.0, "molecular_multiplicity": 1, "connectivity": [[0, 1, 1.0], [0, 5, 1.0], [0, 6, 1.0], [0, 7, 1.0], [1, 2, 1.0], [1, 8, 1.0], [1, 9, 1.0], [2, 3, 1.0], [2, 10, 1.0], [2, 11, 1.0], [3, 4, 1.0], [3, 12, 1.0], [3, 13, 1.0], [4, 14, 1.0], [4, 15, 1.0], [4, 16, 1.0]], "fix_com": true, "fix_orientation": true, "provenance": {"creator": "QCElemental", "version": "v0.22.0", "routine": "qcelemental.molparse.from_schema"}, "id": "15579"}, "charge": 0, "optimize_geometry": false, "conformers": [], "conformer_generation_options": {"n_conformer_pool": 4000, "n_max_conformers": 0, "rms_tolerance": 0.05, "energy_window": 15, "keep_original_conformer": true}, "stage_1_unrestrained_charges": null, "stage_1_restrained_charges": null, "stage_2_unrestrained_charges": null, "stage_2_restrained_charges": null, "keep_original_orientation": false, "reorientations": [], "translations": [], "rotations": []}], "unconstrained_atoms": [{"index": 0, "molecule": {"qcmol": {"schema_name": "qcschema_molecule", "schema_version": 2, "validated": true, "symbols": ["C", "C", "C", "C", "C", "H", "H", "H", "H", "H", "H", "H", "H", "H", "H", "H", "H"], "geometry": [[0.0, -0.0, 0.0], [2.890674649985379, -1.8160629882378753e-15, 2.336109371194328e-16], [4.08806026933316, 2.6403767930349953, -2.7755575615628914e-16], [3.5024173880596807, 4.30880888571016, 2.297532874159979], [4.440413376152073, 3.2442449024728237, 4.816024964189623], [-0.7287894998718392, -1.9106690202262986, -0.16647729490989605], [-0.7390119072904824, 1.0889218975171824, -1.5766397798560077], [-0.7674124624775986, 0.8013372694522224, 1.7246336191756932], [3.5506542115635513, -0.9968688343996109, -1.6711422539240144], [3.5732945056148417, -1.0827596545619922, 1.6058030780637087], [3.485257417098567, 3.632558466054168, -1.6978817041673755], [6.128446841854378, 2.4318567449919564, -0.15464510549004834], [1.4828322083560523, 4.661369896755177, 2.4152361653826238], [4.376008708192929, 6.143009513571427, 1.9899896571057756], [4.114042342700902, 4.580057983227325, 6.338715259760434], [6.455782627643205, 2.855074394133695, 4.749049848144655], [3.485283331480553, 1.4995138562247599, 5.315110555676345]], "name": "C5H12", "identifiers": {"molecule_hash": "7dc9bc8161b452297fb23f639d7b86909eacefa1", "molecular_formula": "C5H12"}, "molecular_charge": 0.0, "molecular_multiplicity": 1, "connectivity": [[0, 1, 1.0], [0, 5, 1.0], [0, 6, 1.0], [0, 7, 1.0], [1, 2, 1.0], [1, 8, 1.0], [1, 9, 1.0], [2, 3, 1.0], [2, 10, 1.0], [2, 11, 1.0], [3, 4, 1.0], [3, 12, 1.0], [3, 13, 1.0], [4, 14, 1.0], [4, 15, 1.0], [4, 16, 1.0]], "fix_com": true, "fix_orientation": true, "provenance": {"creator": "QCElemental", "version": "v0.22.0", "routine": "qcelemental.molparse.from_schema"}, "id": "15579"}, "charge": 0, "optimize_geometry": false, "conformers": [], "conformer_generation_options": {"n_conformer_pool": 4000, "n_max_conformers": 0, "rms_tolerance": 0.05, "energy_window": 15, "keep_original_conformer": true}, "stage_1_unrestrained_charges": null, "stage_1_restrained_charges": null, "stage_2_unrestrained_charges": null, "stage_2_restrained_charges": null, "keep_original_orientation": false, "reorientations": [], "translations": [], "rotations": []}}, {"index": 1, "molecule": {"qcmol": {"schema_name": "qcschema_molecule", "schema_version": 2, "validated": true, "symbols": ["C", "C", "C", "C", "C", "H", "H", "H", "H", "H", "H", "H", "H", "H", "H", "H", "H"], "geometry": [[0.0, -0.0, 0.0], [2.890674649985379, -1.8160629882378753e-15, 2.336109371194328e-16], [4.08806026933316, 2.6403767930349953, -2.7755575615628914e-16], [3.5024173880596807, 4.30880888571016, 2.297532874159979], [4.440413376152073, 3.2442449024728237, 4.816024964189623], [-0.7287894998718392, -1.9106690202262986, -0.16647729490989605], [-0.7390119072904824, 1.0889218975171824, -1.5766397798560077], [-0.7674124624775986, 0.8013372694522224, 1.7246336191756932], [3.5506542115635513, -0.9968688343996109, -1.6711422539240144], [3.5732945056148417, -1.0827596545619922, 1.6058030780637087], [3.485257417098567, 3.632558466054168, -1.6978817041673755], [6.128446841854378, 2.4318567449919564, -0.15464510549004834], [1.4828322083560523, 4.661369896755177, 2.4152361653826238], [4.376008708192929, 6.143009513571427, 1.9899896571057756], [4.114042342700902, 4.580057983227325, 6.338715259760434], [6.455782627643205, 2.855074394133695, 4.749049848144655], [3.485283331480553, 1.4995138562247599, 5.315110555676345]], "name": "C5H12", "identifiers": {"molecule_hash": "7dc9bc8161b452297fb23f639d7b86909eacefa1", "molecular_formula": "C5H12"}, "molecular_charge": 0.0, "molecular_multiplicity": 1, "connectivity": [[0, 1, 1.0], [0, 5, 1.0], [0, 6, 1.0], [0, 7, 1.0], [1, 2, 1.0], [1, 8, 1.0], [1, 9, 1.0], [2, 3, 1.0], [2, 10, 1.0], [2, 11, 1.0], [3, 4, 1.0], [3, 12, 1.0], [3, 13, 1.0], [4, 14, 1.0], [4, 15, 1.0], [4, 16, 1.0]], "fix_com": true, "fix_orientation": true, "provenance": {"creator": "QCElemental", "version": "v0.22.0", "routine": "qcelemental.molparse.from_schema"}, "id": "15579"}, "charge": 0, "optimize_geometry": false, "conformers": [], "conformer_generation_options": {"n_conformer_pool": 4000, "n_max_conformers": 0, "rms_tolerance": 0.05, "energy_window": 15, "keep_original_conformer": true}, "stage_1_unrestrained_charges": null, "stage_1_restrained_charges": null, "stage_2_unrestrained_charges": null, "stage_2_restrained_charges": null, "keep_original_orientation": false, "reorientations": [], "translations": [], "rotations": []}}, {"index": 2, "molecule": {"qcmol": {"schema_name": "qcschema_molecule", "schema_version": 2, "validated": true, "symbols": ["C", "C", "C", "C", "C", "H", "H", "H", "H", "H", "H", "H", "H", "H", "H", "H", "H"], "geometry": [[0.0, -0.0, 0.0], [2.890674649985379, -1.8160629882378753e-15, 2.336109371194328e-16], [4.08806026933316, 2.6403767930349953, -2.7755575615628914e-16], [3.5024173880596807, 4.30880888571016, 2.297532874159979], [4.440413376152073, 3.2442449024728237, 4.816024964189623], [-0.7287894998718392, -1.9106690202262986, -0.16647729490989605], [-0.7390119072904824, 1.0889218975171824, -1.5766397798560077], [-0.7674124624775986, 0.8013372694522224, 1.7246336191756932], [3.5506542115635513, -0.9968688343996109, -1.6711422539240144], [3.5732945056148417, -1.0827596545619922, 1.6058030780637087], [3.485257417098567, 3.632558466054168, -1.6978817041673755], [6.128446841854378, 2.4318567449919564, -0.15464510549004834], [1.4828322083560523, 4.661369896755177, 2.4152361653826238], [4.376008708192929, 6.143009513571427, 1.9899896571057756], [4.114042342700902, 4.580057983227325, 6.338715259760434], [6.455782627643205, 2.855074394133695, 4.749049848144655], [3.485283331480553, 1.4995138562247599, 5.315110555676345]], "name": "C5H12", "identifiers": {"molecule_hash": "7dc9bc8161b452297fb23f639d7b86909eacefa1", "molecular_formula": "C5H12"}, "molecular_charge": 0.0, "molecular_multiplicity": 1, "connectivity": [[0, 1, 1.0], [0, 5, 1.0], [0, 6, 1.0], [0, 7, 1.0], [1, 2, 1.0], [1, 8, 1.0], [1, 9, 1.0], [2, 3, 1.0], [2, 10, 1.0], [2, 11, 1.0], [3, 4, 1.0], [3, 12, 1.0], [3, 13, 1.0], [4, 14, 1.0], [4, 15, 1.0], [4, 16, 1.0]], "fix_com": true, "fix_orientation": true, "provenance": {"creator": "QCElemental", "version": "v0.22.0", "routine": "qcelemental.molparse.from_schema"}, "id": "15579"}, "charge": 0, "optimize_geometry": false, "conformers": [], "conformer_generation_options": {"n_conformer_pool": 4000, "n_max_conformers": 0, "rms_tolerance": 0.05, "energy_window": 15, "keep_original_conformer": true}, "stage_1_unrestrained_charges": null, "stage_1_restrained_charges": null, "stage_2_unrestrained_charges": null, "stage_2_restrained_charges": null, "keep_original_orientation": false, "reorientations": [], "translations": [], "rotations": []}}, {"index": 3, "molecule": {"qcmol": {"schema_name": "qcschema_molecule", "schema_version": 2, "validated": true, "symbols": ["C", "C", "C", "C", "C", "H", "H", "H", "H", "H", "H", "H", "H", "H", "H", "H", "H"], "geometry": [[0.0, -0.0, 0.0], [2.890674649985379, -1.8160629882378753e-15, 2.336109371194328e-16], [4.08806026933316, 2.6403767930349953, -2.7755575615628914e-16], [3.5024173880596807, 4.30880888571016, 2.297532874159979], [4.440413376152073, 3.2442449024728237, 4.816024964189623], [-0.7287894998718392, -1.9106690202262986, -0.16647729490989605], [-0.7390119072904824, 1.0889218975171824, -1.5766397798560077], [-0.7674124624775986, 0.8013372694522224, 1.7246336191756932], [3.5506542115635513, -0.9968688343996109, -1.6711422539240144], [3.5732945056148417, -1.0827596545619922, 1.6058030780637087], [3.485257417098567, 3.632558466054168, -1.6978817041673755], [6.128446841854378, 2.4318567449919564, -0.15464510549004834], [1.4828322083560523, 4.661369896755177, 2.4152361653826238], [4.376008708192929, 6.143009513571427, 1.9899896571057756], [4.114042342700902, 4.580057983227325, 6.338715259760434], [6.455782627643205, 2.855074394133695, 4.749049848144655], [3.485283331480553, 1.4995138562247599, 5.315110555676345]], "name": "C5H12", "identifiers": {"molecule_hash": "7dc9bc8161b452297fb23f639d7b86909eacefa1", "molecular_formula": "C5H12"}, "molecular_charge": 0.0, "molecular_multiplicity": 1, "connectivity": [[0, 1, 1.0], [0, 5, 1.0], [0, 6, 1.0], [0, 7, 1.0], [1, 2, 1.0], [1, 8, 1.0], [1, 9, 1.0], [2, 3, 1.0], [2, 10, 1.0], [2, 11, 1.0], [3, 4, 1.0], [3, 12, 1.0], [3, 13, 1.0], [4, 14, 1.0], [4, 15, 1.0], [4, 16, 1.0]], "fix_com": true, "fix_orientation": true, "provenance": {"creator": "QCElemental", "version": "v0.22.0", "routine": "qcelemental.molparse.from_schema"}, "id": "15579"}, "charge": 0, "optimize_geometry": false, "conformers": [], "conformer_generation_options": {"n_conformer_pool": 4000, "n_max_conformers": 0, "rms_tolerance": 0.05, "energy_window": 15, "keep_original_conformer": true}, "stage_1_unrestrained_charges": null, "stage_1_restrained_charges": null, "stage_2_unrestrained_charges": null, "stage_2_restrained_charges": null, "keep_original_orientation": false, "reorientations": [], "translations": [], "rotations": []}}, {"index": 4, "molecule": {"qcmol": {"schema_name": "qcschema_molecule", "schema_version": 2, "validated": true, "symbols": ["C", "C", "C", "C", "C", "H", "H", "H", "H", "H", "H", "H", "H", "H", "H", "H", "H"], "geometry": [[0.0, -0.0, 0.0], [2.890674649985379, -1.8160629882378753e-15, 2.336109371194328e-16], [4.08806026933316, 2.6403767930349953, -2.7755575615628914e-16], [3.5024173880596807, 4.30880888571016, 2.297532874159979], [4.440413376152073, 3.2442449024728237, 4.816024964189623], [-0.7287894998718392, -1.9106690202262986, -0.16647729490989605], [-0.7390119072904824, 1.0889218975171824, -1.5766397798560077], [-0.7674124624775986, 0.8013372694522224, 1.7246336191756932], [3.5506542115635513, -0.9968688343996109, -1.6711422539240144], [3.5732945056148417, -1.0827596545619922, 1.6058030780637087], [3.485257417098567, 3.632558466054168, -1.6978817041673755], [6.128446841854378, 2.4318567449919564, -0.15464510549004834], [1.4828322083560523, 4.661369896755177, 2.4152361653826238], [4.376008708192929, 6.143009513571427, 1.9899896571057756], [4.114042342700902, 4.580057983227325, 6.338715259760434], [6.455782627643205, 2.855074394133695, 4.749049848144655], [3.485283331480553, 1.4995138562247599, 5.315110555676345]], "name": "C5H12", "identifiers": {"molecule_hash": "7dc9bc8161b452297fb23f639d7b86909eacefa1", "molecular_formula": "C5H12"}, "molecular_charge": 0.0, "molecular_multiplicity": 1, "connectivity": [[0, 1, 1.0], [0, 5, 1.0], [0, 6, 1.0], [0, 7, 1.0], [1, 2, 1.0], [1, 8, 1.0], [1, 9, 1.0], [2, 3, 1.0], [2, 10, 1.0], [2, 11, 1.0], [3, 4, 1.0], [3, 12, 1.0], [3, 13, 1.0], [4, 14, 1.0], [4, 15, 1.0], [4, 16, 1.0]], "fix_com": true, "fix_orientation": true, "provenance": {"creator": "QCElemental", "version": "v0.22.0", "routine": "qcelemental.molparse.from_schema"}, "id": "15579"}, "charge": 0, "optimize_geometry": false, "conformers": [], "conformer_generation_options": {"n_conformer_pool": 4000, "n_max_conformers": 0, "rms_tolerance": 0.05, "energy_window": 15, "keep_original_conformer": true}, "stage_1_unrestrained_charges": null, "stage_1_restrained_charges": null, "stage_2_unrestrained_charges": null, "stage_2_restrained_charges": null, "keep_original_orientation": false, "reorientations": [], "translations": [], "rotations": []}}]}, "surface_constraints": {"matrix": [[79893044875462.7, 77329201263510.84, 74088749359919.3, 70555186800342.27, 66876146330341.53, 80201582339120.75, 80195428853462.23, 80170705923893.47, 77006438860679.11, 77003635294955.92, 74101083901707.95, 73488359737240.9, 70450425772313.16, 70008017918991.44, 65892146613768.93, 65581320065230.47, 65787141705207.27], [77329201263510.84, 79429531976469.78, 77175200046188.31, 73928414232198.62, 70449717703482.23, 76481465387195.88, 76451229043203.12, 76433999975831.6, 80488892449924.75, 80443521085287.05, 77058775043728.03, 77083970768032.22, 73968390709986.2, 73152670508824.52, 69054558841888.07, 69014279012734.805, 69993806241379.73], [74088749359919.3, 77175200046188.31, 79334363893324.23, 77083988821345.58, 74012706445087.81, 72781895396078.75, 73150177547118.95, 73187013395270.72, 76987779760937.64, 76921066568488.52, 80503221358791.14, 80508322329366.3, 76878899956285.7, 76800735501196.55, 72337395214107.58, 72830839323116.66, 73743986242545.16], [70555186800342.27, 73928414232198.62, 77083988821345.58, 79260190119436.33, 77177925992229.98, 69489017408043.04, 69585362817859.77, 69380273257987.0, 73631531580127.55, 73434074881378.34, 76948489637081.81, 76992250245793.27, 80339139843581.56, 80221181939732.83, 76283579752939.42, 76358419108799.73, 76304069365484.47], [66876146330341.53, 70449717703482.23, 74012706445087.81, 77177925992229.98, 79779448096129.89, 66204091145776.78, 65485823896461.96, 65659009594904.33, 69608064932912.14, 70500863516792.66, 74130227557935.06, 73390073311306.34, 76879464483863.56, 76783279156385.1, 80045537044518.62, 80127347776208.48, 80097347254457.2], [80201582339120.75, 76481465387195.88, 72781895396078.75, 69489017408043.04, 66204091145776.78, 83964100811390.77, 79284726668046.19, 79228107646271.58, 75906331822029.17, 75950651696707.84, 72647889883068.38, 71844375945251.98, 69375567434136.805, 68830978624132.03, 65240703061825.1, 65203930613988.53, 65069853738085.266], [80195428853462.23, 76451229043203.12, 73150177547118.95, 69585362817859.77, 65485823896461.96, 79284726668046.19, 83990634095953.73, 79211627480889.6, 75880205020935.92, 75553193351300.81, 72630395898641.3, 73085367468854.33, 69570925041638.75, 69314230298978.35, 64944334081056.555, 63965221247751.42, 63902340867674.76], [80170705923893.47, 76433999975831.6, 73187013395270.72, 69380273257987.0, 65659009594904.33, 79228107646271.58, 79211627480889.6, 83975687376662.81, 75518770008951.5, 75828923525854.34, 73955236486610.84, 72061969911771.08, 69119260947933.305, 68868766186549.0, 64543367461142.46, 64387970791248.92, 64673412076944.414], [77006438860679.11, 80488892449924.75, 76987779760937.64, 73631531580127.55, 69608064932912.14, 75906331822029.17, 75880205020935.92, 75518770008951.5, 84935744444009.6, 80239037891448.89, 76294052058236.12, 76568503960016.61, 74426409005282.89, 72479612605288.6, 68131541941395.06, 67705051861964.91, 69344062411909.22], [77003635294955.92, 80443521085287.05, 76921066568488.52, 73434074881378.34, 70500863516792.66, 75950651696707.84, 75553193351300.81, 75828923525854.34, 80239037891448.89, 84830188701742.38, 76240055915895.89, 76595074169581.23, 72993996393684.73, 72531212514049.11, 69089777306452.0, 69252649527993.23, 70309370987869.49], [74101083901707.95, 77058775043728.03, 80503221358791.14, 76948489637081.81, 74130227557935.06, 72647889883068.38, 72630395898641.3, 73955236486610.84, 76294052058236.12, 76240055915895.89, 85083110801064.89, 80386611808926.39, 75918653661787.98, 76239192437058.28, 71824976237102.77, 73382576035784.56, 74220536138479.69], [73488359737240.9, 77083970768032.22, 80508322329366.3, 76992250245793.27, 73390073311306.34, 71844375945251.98, 73085367468854.33, 72061969911771.08, 76568503960016.61, 76595074169581.23, 80386611808926.39, 85027032440986.39, 76370991798156.22, 76571761348462.94, 71618361227042.02, 71758086315283.16, 73329991087879.02], [70450425772313.16, 73968390709986.2, 76878899956285.7, 80339139843581.56, 76879464483863.56, 69375567434136.805, 69570925041638.75, 69119260947933.305, 74426409005282.89, 72993996393684.73, 75918653661787.98, 76370991798156.22, 84797192753350.52, 80077638863264.52, 76014099771608.38, 75233637497810.36, 75714412084908.4], [70008017918991.44, 73152670508824.52, 76800735501196.55, 80221181939732.83, 76783279156385.1, 68830978624132.03, 69314230298978.35, 68868766186549.0, 72479612605288.6, 72531212514049.11, 76239192437058.28, 76571761348462.94, 80077638863264.52, 84502443863435.1, 75676629807762.6, 76225988636231.27, 74800005301029.95], [65892146613768.93, 69054558841888.07, 72337395214107.58, 76283579752939.42, 80045537044518.62, 65240703061825.1, 64944334081056.555, 64543367461142.46, 68131541941395.06, 69089777306452.0, 71824976237102.77, 71618361227042.02, 76014099771608.38, 75676629807762.6, 83726065497165.62, 79161214937113.66, 79151170970419.19], [65581320065230.47, 69014279012734.805, 72830839323116.66, 76358419108799.73, 80127347776208.48, 65203930613988.53, 63965221247751.42, 64387970791248.92, 67705051861964.91, 69252649527993.23, 73382576035784.56, 71758086315283.16, 75233637497810.36, 76225988636231.27, 79161214937113.66, 83970801640008.81, 79173064158802.28], [65787141705207.27, 69993806241379.73, 73743986242545.16, 76304069365484.47, 80097347254457.2, 65069853738085.266, 63902340867674.76, 64673412076944.414, 69344062411909.22, 70309370987869.49, 74220536138479.69, 73329991087879.02, 75714412084908.4, 74800005301029.95, 79151170970419.19, 79173064158802.28, 83950015099602.44], [81670284021.53235, 128444304873.28156, 137344930777.07776, 127568010000.5643, 78369922972.58617, 72076064657.82458, 76364508281.19226, 74462730798.87503, 137641685743.51807, 134375769905.90309, 143687016970.61224, 142595683599.37827, 138045926080.00363, 133323129816.85025, 64955244155.41479, 71856802837.6954, 73727634567.35843]]}}