{"resp_b": 0.1, "restrained_fit": true, "exclude_hydrogens": true, "convergence_tolerance": 1e-06, "max_iter": 500, "resp_a": 0.0005, "charge_constraints": {"charge_sum_constraints": [], "charge_equivalence_constraints": [], "molecules": [{"qcmol": {"schema_name": "qcschema_molecule", "schema_version": 2, "validated": true, "symbols": ["C", "C", "C", "C", "C", "H", "H", "H", "H", "H", "H", "H", "H", "H", "H", "H", "H"], "geometry": [[0.0, -0.0, 0.0], [2.890674649985379, -1.8160629882378753e-15, 2.336109371194328e-16], [4.08806026933316, 2.6403767930349953, -2.7755575615628914e-16], [3.5024173880596807, 4.30880888571016, 2.297532874159979], [4.440413376152073, 3.2442449024728237, 4.816024964189623], [-0.7287894998718392, -1.9106690202262986, -0.16647729490989605], [-0.7390119072904824, 1.0889218975171824, -1.5766397798560077], [-0.7674124624775986, 0.8013372694522224, 1.7246336191756932], [3.5506542115635513, -0.9968688343996109, -1.6711422539240144], [3.5732945056148417, -1.0827596545619922, 1.6058030780637087], [3.485257417098567, 3.632558466054168, -1.6978817041673755], [6.128446841854378, 2.4318567449919564, -0.15464510549004834], [1.4828322083560523, 4.661369896755177, 2.4152361653826238], [4.376008708192929, 6.143009513571427, 1.9899896571057756], [4.114042342700902, 4.580057983227325, 6.338715259760434], [6.455782627643205, 2.855074394133695, 4.749049848144655], [3.485283331480553, 1.4995138562247599, 5.315110555676345]], "name": "C5H12", "identifiers": {"molecule_hash": "7dc9bc8161b452297fb23f639d7b86909eacefa1", "molecular_formula": "C5H12"}, "molecular_charge": 0.0, "molecular_multiplicity": 1, "connectivity": [[0, 1, 1.0], [0, 5, 1.0], [0, 6, 1.0], [0, 7, 1.0], [1, 2, 1.0], [1, 8, 1.0], [1, 9, 1.0], [2, 3, 1.0], [2, 10, 1.0], [2, 11, 1.0], [3, 4, 1.0], [3, 12, 1.0], [3, 13, 1.0], [4, 14, 1.0], [4, 15, 1.0], [4, 16, 1.0]], "fix_com": true, "fix_orientation": true, "provenance": {"creator": "QCElemental", "version": "v0.22.0", "routine": "qcelemental.molparse.from_schema"}, "id": "15579"}, "charge": 0, "optimize_geometry": false, "conformers": [], "conformer_generation_options": {"n_conformer_pool": 4000, "n_max_conformers": 0, "rms_tolerance": 0.05, "energy_window": 15, "keep_original_conformer": true}, "stage_1_unrestrained_charges": null, "stage_1_restrained_charges": null, "stage_2_unrestrained_charges": null, "stage_2_restrained_charges": null, "keep_original_orientation": false, "reorientations": [], "translations": [], "rotations": []}], "unconstrained_atoms": [{"index": 0, "molecule": {"qcmol": {"schema_name": "qcschema_molecule", "schema_version": 2, "validated": true, "symbols": ["C", "C", "C", "C", "C", "H", "H", "H", "H", "H", "H", "H", "H", "H", "H", "H", "H"], "geometry": [[0.0, -0.0, 0.0], [2.890674649985379, -1.8160629882378753e-15, 2.336109371194328e-16], [4.08806026933316, 2.6403767930349953, -2.7755575615628914e-16], [3.5024173880596807, 4.30880888571016, 2.297532874159979], [4.440413376152073, 3.2442449024728237, 4.816024964189623], [-0.7287894998718392, -1.9106690202262986, -0.16647729490989605], [-0.7390119072904824, 1.0889218975171824, -1.5766397798560077], [-0.7674124624775986, 0.8013372694522224, 1.7246336191756932], [3.5506542115635513, -0.9968688343996109, -1.6711422539240144], [3.5732945056148417, -1.0827596545619922, 1.6058030780637087], [3.485257417098567, 3.632558466054168, -1.6978817041673755], [6.128446841854378, 2.4318567449919564, -0.15464510549004834], [1.4828322083560523, 4.661369896755177, 2.4152361653826238], [4.376008708192929, 6.143009513571427, 1.9899896571057756], [4.114042342700902, 4.580057983227325, 6.338715259760434], [6.455782627643205, 2.855074394133695, 4.749049848144655], [3.485283331480553, 1.4995138562247599, 5.315110555676345]], "name": "C5H12", "identifiers": {"molecule_hash": "7dc9bc8161b452297fb23f639d7b86909eacefa1", "molecular_formula": "C5H12"}, "molecular_charge": 0.0, "molecular_multiplicity": 1, "connectivity": [[0, 1, 1.0], [0, 5, 1.0], [0, 6, 1.0], [0, 7, 1.0], [1, 2, 1.0], [1, 8, 1.0], [1, 9, 1.0], [2, 3, 1.0], [2, 10, 1.0], [2, 11, 1.0], [3, 4, 1.0], [3, 12, 1.0], [3, 13, 1.0], [4, 14, 1.0], [4, 15, 1.0], [4, 16, 1.0]], "fix_com": true, "fix_orientation": true, "provenance": {"creator": "QCElemental", "version": "v0.22.0", "routine": "qcelemental.molparse.from_schema"}, "id": "15579"}, "charge": 0, "optimize_geometry": false, "conformers": [], "conformer_generation_options": {"n_conformer_pool": 4000, "n_max_conformers": 0, "rms_tolerance": 0.05, "energy_window": 15, "keep_original_conformer": true}, "stage_1_unrestrained_charges": null, "stage_1_restrained_charges": null, "stage_2_unrestrained_charges": null, "stage_2_restrained_charges": null, "keep_original_orientation": false, "reorientations": [], "translations": [], "rotations": []}}, {"index": 1, "molecule": {"qcmol": {"schema_name": "qcschema_molecule", "schema_version": 2, "validated": true, "symbols": ["C", "C", "C", "C", "C", "H", "H", "H", "H", "H", "H", "H", "H", "H", "H", "H", "H"], "geometry": [[0.0, -0.0, 0.0], [2.890674649985379, -1.8160629882378753e-15, 2.336109371194328e-16], [4.08806026933316, 2.6403767930349953, -2.7755575615628914e-16], [3.5024173880596807, 4.30880888571016, 2.297532874159979], [4.440413376152073, 3.2442449024728237, 4.816024964189623], [-0.7287894998718392, -1.9106690202262986, -0.16647729490989605], [-0.7390119072904824, 1.0889218975171824, -1.5766397798560077], [-0.7674124624775986, 0.8013372694522224, 1.7246336191756932], [3.5506542115635513, -0.9968688343996109, -1.6711422539240144], [3.5732945056148417, -1.0827596545619922, 1.6058030780637087], [3.485257417098567, 3.632558466054168, -1.6978817041673755], [6.128446841854378, 2.4318567449919564, -0.15464510549004834], [1.4828322083560523, 4.661369896755177, 2.4152361653826238], [4.376008708192929, 6.143009513571427, 1.9899896571057756], [4.114042342700902, 4.580057983227325, 6.338715259760434], [6.455782627643205, 2.855074394133695, 4.749049848144655], [3.485283331480553, 1.4995138562247599, 5.315110555676345]], "name": "C5H12", "identifiers": {"molecule_hash": "7dc9bc8161b452297fb23f639d7b86909eacefa1", "molecular_formula": "C5H12"}, "molecular_charge": 0.0, "molecular_multiplicity": 1, "connectivity": [[0, 1, 1.0], [0, 5, 1.0], [0, 6, 1.0], [0, 7, 1.0], [1, 2, 1.0], [1, 8, 1.0], [1, 9, 1.0], [2, 3, 1.0], [2, 10, 1.0], [2, 11, 1.0], [3, 4, 1.0], [3, 12, 1.0], [3, 13, 1.0], [4, 14, 1.0], [4, 15, 1.0], [4, 16, 1.0]], "fix_com": true, "fix_orientation": true, "provenance": {"creator": "QCElemental", "version": "v0.22.0", "routine": "qcelemental.molparse.from_schema"}, "id": "15579"}, "charge": 0, "optimize_geometry": false, "conformers": [], "conformer_generation_options": {"n_conformer_pool": 4000, "n_max_conformers": 0, "rms_tolerance": 0.05, "energy_window": 15, "keep_original_conformer": true}, "stage_1_unrestrained_charges": null, "stage_1_restrained_charges": null, "stage_2_unrestrained_charges": null, "stage_2_restrained_charges": null, "keep_original_orientation": false, "reorientations": [], "translations": [], "rotations": []}}, {"index": 2, "molecule": {"qcmol": {"schema_name": "qcschema_molecule", "schema_version": 2, "validated": true, "symbols": ["C", "C", "C", "C", "C", "H", "H", "H", "H", "H", "H", "H", "H", "H", "H", "H", "H"], "geometry": [[0.0, -0.0, 0.0], [2.890674649985379, -1.8160629882378753e-15, 2.336109371194328e-16], [4.08806026933316, 2.6403767930349953, -2.7755575615628914e-16], [3.5024173880596807, 4.30880888571016, 2.297532874159979], [4.440413376152073, 3.2442449024728237, 4.816024964189623], [-0.7287894998718392, -1.9106690202262986, -0.16647729490989605], [-0.7390119072904824, 1.0889218975171824, -1.5766397798560077], [-0.7674124624775986, 0.8013372694522224, 1.7246336191756932], [3.5506542115635513, -0.9968688343996109, -1.6711422539240144], [3.5732945056148417, -1.0827596545619922, 1.6058030780637087], [3.485257417098567, 3.632558466054168, -1.6978817041673755], [6.128446841854378, 2.4318567449919564, -0.15464510549004834], [1.4828322083560523, 4.661369896755177, 2.4152361653826238], [4.376008708192929, 6.143009513571427, 1.9899896571057756], [4.114042342700902, 4.580057983227325, 6.338715259760434], [6.455782627643205, 2.855074394133695, 4.749049848144655], [3.485283331480553, 1.4995138562247599, 5.315110555676345]], "name": "C5H12", "identifiers": {"molecule_hash": "7dc9bc8161b452297fb23f639d7b86909eacefa1", "molecular_formula": "C5H12"}, "molecular_charge": 0.0, "molecular_multiplicity": 1, "connectivity": [[0, 1, 1.0], [0, 5, 1.0], [0, 6, 1.0], [0, 7, 1.0], [1, 2, 1.0], [1, 8, 1.0], [1, 9, 1.0], [2, 3, 1.0], [2, 10, 1.0], [2, 11, 1.0], [3, 4, 1.0], [3, 12, 1.0], [3, 13, 1.0], [4, 14, 1.0], [4, 15, 1.0], [4, 16, 1.0]], "fix_com": true, "fix_orientation": true, "provenance": {"creator": "QCElemental", "version": "v0.22.0", "routine": "qcelemental.molparse.from_schema"}, "id": "15579"}, "charge": 0, "optimize_geometry": false, "conformers": [], "conformer_generation_options": {"n_conformer_pool": 4000, "n_max_conformers": 0, "rms_tolerance": 0.05, "energy_window": 15, "keep_original_conformer": true}, "stage_1_unrestrained_charges": null, "stage_1_restrained_charges": null, "stage_2_unrestrained_charges": null, "stage_2_restrained_charges": null, "keep_original_orientation": false, "reorientations": [], "translations": [], "rotations": []}}, {"index": 3, "molecule": {"qcmol": {"schema_name": "qcschema_molecule", "schema_version": 2, "validated": true, "symbols": ["C", "C", "C", "C", "C", "H", "H", "H", "H", "H", "H", "H", "H", "H", "H", "H", "H"], "geometry": [[0.0, -0.0, 0.0], [2.890674649985379, -1.8160629882378753e-15, 2.336109371194328e-16], [4.08806026933316, 2.6403767930349953, -2.7755575615628914e-16], [3.5024173880596807, 4.30880888571016, 2.297532874159979], [4.440413376152073, 3.2442449024728237, 4.816024964189623], [-0.7287894998718392, -1.9106690202262986, -0.16647729490989605], [-0.7390119072904824, 1.0889218975171824, -1.5766397798560077], [-0.7674124624775986, 0.8013372694522224, 1.7246336191756932], [3.5506542115635513, -0.9968688343996109, -1.6711422539240144], [3.5732945056148417, -1.0827596545619922, 1.6058030780637087], [3.485257417098567, 3.632558466054168, -1.6978817041673755], [6.128446841854378, 2.4318567449919564, -0.15464510549004834], [1.4828322083560523, 4.661369896755177, 2.4152361653826238], [4.376008708192929, 6.143009513571427, 1.9899896571057756], [4.114042342700902, 4.580057983227325, 6.338715259760434], [6.455782627643205, 2.855074394133695, 4.749049848144655], [3.485283331480553, 1.4995138562247599, 5.315110555676345]], "name": "C5H12", "identifiers": {"molecule_hash": "7dc9bc8161b452297fb23f639d7b86909eacefa1", "molecular_formula": "C5H12"}, "molecular_charge": 0.0, "molecular_multiplicity": 1, "connectivity": [[0, 1, 1.0], [0, 5, 1.0], [0, 6, 1.0], [0, 7, 1.0], [1, 2, 1.0], [1, 8, 1.0], [1, 9, 1.0], [2, 3, 1.0], [2, 10, 1.0], [2, 11, 1.0], [3, 4, 1.0], [3, 12, 1.0], [3, 13, 1.0], [4, 14, 1.0], [4, 15, 1.0], [4, 16, 1.0]], "fix_com": true, "fix_orientation": true, "provenance": {"creator": "QCElemental", "version": "v0.22.0", "routine": "qcelemental.molparse.from_schema"}, "id": "15579"}, "charge": 0, "optimize_geometry": false, "conformers": [], "conformer_generation_options": {"n_conformer_pool": 4000, "n_max_conformers": 0, "rms_tolerance": 0.05, "energy_window": 15, "keep_original_conformer": true}, "stage_1_unrestrained_charges": null, "stage_1_restrained_charges": null, "stage_2_unrestrained_charges": null, "stage_2_restrained_charges": null, "keep_original_orientation": false, "reorientations": [], "translations": [], "rotations": []}}, {"index": 4, "molecule": {"qcmol": {"schema_name": "qcschema_molecule", "schema_version": 2, "validated": true, "symbols": ["C", "C", "C", "C", "C", "H", "H", "H", "H", "H", "H", "H", "H", "H", "H", "H", "H"], "geometry": [[0.0, -0.0, 0.0], [2.890674649985379, -1.8160629882378753e-15, 2.336109371194328e-16], [4.08806026933316, 2.6403767930349953, -2.7755575615628914e-16], [3.5024173880596807, 4.30880888571016, 2.297532874159979], [4.440413376152073, 3.2442449024728237, 4.816024964189623], [-0.7287894998718392, -1.9106690202262986, -0.16647729490989605], [-0.7390119072904824, 1.0889218975171824, -1.5766397798560077], [-0.7674124624775986, 0.8013372694522224, 1.7246336191756932], [3.5506542115635513, -0.9968688343996109, -1.6711422539240144], [3.5732945056148417, -1.0827596545619922, 1.6058030780637087], [3.485257417098567, 3.632558466054168, -1.6978817041673755], [6.128446841854378, 2.4318567449919564, -0.15464510549004834], [1.4828322083560523, 4.661369896755177, 2.4152361653826238], [4.376008708192929, 6.143009513571427, 1.9899896571057756], [4.114042342700902, 4.580057983227325, 6.338715259760434], [6.455782627643205, 2.855074394133695, 4.749049848144655], [3.485283331480553, 1.4995138562247599, 5.315110555676345]], "name": "C5H12", "identifiers": {"molecule_hash": "7dc9bc8161b452297fb23f639d7b86909eacefa1", "molecular_formula": "C5H12"}, "molecular_charge": 0.0, "molecular_multiplicity": 1, "connectivity": [[0, 1, 1.0], [0, 5, 1.0], [0, 6, 1.0], [0, 7, 1.0], [1, 2, 1.0], [1, 8, 1.0], [1, 9, 1.0], [2, 3, 1.0], [2, 10, 1.0], [2, 11, 1.0], [3, 4, 1.0], [3, 12, 1.0], [3, 13, 1.0], [4, 14, 1.0], [4, 15, 1.0], [4, 16, 1.0]], "fix_com": true, "fix_orientation": true, "provenance": {"creator": "QCElemental", "version": "v0.22.0", "routine": "qcelemental.molparse.from_schema"}, "id": "15579"}, "charge": 0, "optimize_geometry": false, "conformers": [], "conformer_generation_options": {"n_conformer_pool": 4000, "n_max_conformers": 0, "rms_tolerance": 0.05, "energy_window": 15, "keep_original_conformer": true}, "stage_1_unrestrained_charges": null, "stage_1_restrained_charges": null, "stage_2_unrestrained_charges": null, "stage_2_restrained_charges": null, "keep_original_orientation": false, "reorientations": [], "translations": [], "rotations": []}}]}, "surface_constraints": {"matrix": [[4452.64470400046, 4314.346523756515, 4147.59082813835, 3968.6902574735477, 3788.1036907840885, 4478.7132440440455, 4480.2013940184015, 4480.19083719965, 4301.901471035009, 4301.936849494548, 4153.22075036957, 4120.8998388513, 3966.9520937938596, 3944.7988146512093, 3743.9202105975196, 3726.94717016735, 3735.851922697448], [4314.346523756515, 4413.491058133302, 4299.602279439418, 4132.709885115858, 3960.7643497397903, 4277.795119770065, 4277.792746463439, 4278.360089207758, 4474.7988951165125, 4472.193550319511, 4301.43727586023, 4302.058587706078, 4138.992160433119, 4098.0049421841195, 3894.138588689192, 3891.25665090916, 3944.5488542127355], [4147.59082813835, 4299.602279439418, 4410.729810760364, 4295.291404588464, 4143.71703720865, 4085.599972965158, 4106.60942330641, 4109.050222538422, 4294.822813472827, 4291.335530674065, 4481.201588746594, 4481.0045562492305, 4288.309928728007, 4288.413903667496, 4063.2531491459463, 4088.573981279871, 4137.8857260481345], [3968.6902574735477, 4132.709885115858, 4295.291404588464, 4406.485547800473, 4307.853001698815, 3919.5692504101576, 3925.243764875174, 3915.5188290280835, 4120.765027521609, 4110.161259627914, 4296.199572951196, 4297.406011497031, 4467.419516777081, 4466.079396833193, 4269.881977201446, 4274.08774827042, 4270.872641598357], [3788.1036907840885, 3960.7643497397903, 4143.71703720865, 4307.853001698815, 4447.449041524812, 3760.0641381104406, 3721.9693700745743, 3731.921411651287, 3918.641429074292, 3965.539311935009, 4156.410516076406, 4116.071842693705, 4296.001459126289, 4295.059733510676, 4472.32361562533, 4476.632043105631, 4475.217804375972], [4478.7132440440455, 4277.795119770065, 4085.599972965158, 3919.5692504101576, 3760.0641381104406, 4691.72673723249, 4441.325014126324, 4439.19940036584, 4250.944578012209, 4253.156976238755, 4081.9315412087685, 4040.5234178112873, 3918.005562013417, 3888.551819993976, 3715.033829426008, 3716.825611194363, 3705.458306172992], [4480.2013940184015, 4277.792746463439, 4106.60942330641, 3925.243764875174, 3721.9693700745743, 4441.325014126324, 4697.313040485848, 4439.837086889103, 4249.90849918108, 4234.111053576005, 4083.724794797343, 4107.798783849089, 3929.1503713686025, 3914.6545904562113, 3703.3838603201657, 3646.6573982690925, 3641.679810638953], [4480.19083719965, 4278.360089207758, 4109.050222538422, 3915.5188290280835, 3731.921411651287, 4439.19940036584, 4439.837086889103, 4699.033193574851, 4233.542259333227, 4249.350660373739, 4154.611831375059, 4052.803858623566, 3903.1173541581547, 3895.2167491252417, 3681.3400743240754, 3672.2595984882255, 3683.0013276960103], [4301.901471035009, 4474.7988951165125, 4294.822813472827, 4120.765027521609, 3918.641429074292, 4250.944578012209, 4249.90849918108, 4233.542259333227, 4720.261795740373, 4466.5068932615995, 4265.54229595131, 4278.330559280374, 4170.05148281907, 4063.8703816569237, 3845.8141346120597, 3822.63197103541, 3913.371071326944], [4301.936849494548, 4472.193550319511, 4291.335530674065, 4110.161259627914, 3965.539311935009, 4253.156976238755, 4234.111053576005, 4249.350660373739, 4466.5068932615995, 4714.111431389094, 4262.124624221355, 4281.553764796194, 4089.541465061154, 4069.7956891904632, 3898.261301353661, 3905.0509763493988, 3964.0229771788213], [4153.22075036957, 4301.43727586023, 4481.201588746594, 4296.199572951196, 4156.410516076406, 4081.9315412087685, 4083.724794797343, 4154.611831375059, 4265.54229595131, 4262.124624221355, 4738.008050465537, 4482.144016271254, 4245.149818684489, 4264.562737580166, 4041.8474787226032, 4123.526406451468, 4170.6021203906985], [4120.8998388513, 4302.058587706078, 4481.0045562492305, 4297.406011497031, 4116.071842693705, 4040.5234178112873, 4107.798783849089, 4052.803858623566, 4278.330559280374, 4281.553764796194, 4482.144016271254, 4734.486335338705, 4265.326429687431, 4284.029823071149, 4029.1808146110475, 4036.1730621485067, 4120.865481353815], [3966.9520937938596, 4138.992160433119, 4288.309928728007, 4467.419516777081, 4296.001459126289, 3918.005562013417, 3929.1503713686025, 3903.1173541581547, 4170.05148281907, 4089.541465061154, 4245.149818684489, 4265.326429687431, 4711.692766341749, 4461.864494778274, 4258.389941053512, 4217.8594475180835, 4241.5133580905585], [3944.7988146512093, 4098.0049421841195, 4288.413903667496, 4466.079396833193, 4295.059733510676, 3888.551819993976, 3914.6545904562113, 3895.2167491252417, 4063.8703816569237, 4069.7956891904632, 4264.562737580166, 4284.029823071149, 4461.864494778274, 4706.757748878869, 4244.944125149661, 4273.826825671306, 4196.972534441513], [3743.9202105975196, 3894.138588689192, 4063.2531491459463, 4269.881977201446, 4472.32361562533, 3715.033829426008, 3703.3838603201657, 3681.3400743240754, 3845.8141346120597, 3898.261301353661, 4041.8474787226032, 4029.1808146110475, 4258.389941053512, 4244.944125149661, 4682.12178150458, 4435.406972514284, 4435.277451691383], [3726.94717016735, 3891.25665090916, 4088.573981279871, 4274.08774827042, 4476.632043105631, 3716.825611194363, 3646.6573982690925, 3672.2595984882255, 3822.63197103541, 3905.0509763493988, 4123.526406451468, 4036.1730621485067, 4217.8594475180835, 4273.826825671306, 4435.406972514284, 4694.656415383568, 4436.648397676511], [3735.851922697448, 3944.5488542127355, 4137.8857260481345, 4270.872641598357, 4475.217804375972, 3705.458306172992, 3641.679810638953, 3683.0013276960103, 3913.371071326944, 3964.0229771788213, 4170.6021203906985, 4120.865481353815, 4241.5133580905585, 4196.972534441513, 4435.277451691383, 4436.648397676511, 4694.435853193712], [11.695566289625118, 12.946399120578734, 12.24109629713571, 12.339417827610834, 9.974041507147811, 11.322230802654428, 12.244757640079238, 11.074462422748287, 13.599595224673932, 13.2060274154634, 11.357453622558404, 12.235650175988685, 12.658121025943151, 13.403223072013523, 9.715647341443061, 9.732217138658738, 9.12598861537998]]}}