{"resp_b": 0.1, "restrained_fit": true, "exclude_hydrogens": true, "convergence_tolerance": 1e-06, "max_iter": 500, "resp_a": 0.0005, "charge_constraints": {"charge_sum_constraints": [], "charge_equivalence_constraints": [], "molecules": [{"qcmol": {"schema_name": "qcschema_molecule", "schema_version": 2, "validated": true, "symbols": ["C", "C", "C", "C", "C", "H", "H", "H", "H", "H", "H", "H", "H", "H", "H", "H", "H"], "geometry": [[0.0, -0.0, 0.0], [2.890674649985379, -1.8160629882378753e-15, 2.336109371194328e-16], [4.08806026933316, 2.6403767930349953, -2.7755575615628914e-16], [3.5024173880596807, 4.30880888571016, 2.297532874159979], [4.440413376152073, 3.2442449024728237, 4.816024964189623], [-0.7287894998718392, -1.9106690202262986, -0.16647729490989605], [-0.7390119072904824, 1.0889218975171824, -1.5766397798560077], [-0.7674124624775986, 0.8013372694522224, 1.7246336191756932], [3.5506542115635513, -0.9968688343996109, -1.6711422539240144], [3.5732945056148417, -1.0827596545619922, 1.6058030780637087], [3.485257417098567, 3.632558466054168, -1.6978817041673755], [6.128446841854378, 2.4318567449919564, -0.15464510549004834], [1.4828322083560523, 4.661369896755177, 2.4152361653826238], [4.376008708192929, 6.143009513571427, 1.9899896571057756], [4.114042342700902, 4.580057983227325, 6.338715259760434], [6.455782627643205, 2.855074394133695, 4.749049848144655], [3.485283331480553, 1.4995138562247599, 5.315110555676345]], "name": "C5H12", "identifiers": {"molecule_hash": "7dc9bc8161b452297fb23f639d7b86909eacefa1", "molecular_formula": "C5H12"}, "molecular_charge": 0.0, "molecular_multiplicity": 1, "connectivity": [[0, 1, 1.0], [0, 5, 1.0], [0, 6, 1.0], [0, 7, 1.0], [1, 2, 1.0], [1, 8, 1.0], [1, 9, 1.0], [2, 3, 1.0], [2, 10, 1.0], [2, 11, 1.0], [3, 4, 1.0], [3, 12, 1.0], [3, 13, 1.0], [4, 14, 1.0], [4, 15, 1.0], [4, 16, 1.0]], "fix_com": true, "fix_orientation": true, "provenance": {"creator": "QCElemental", "version": "v0.22.0", "routine": "qcelemental.molparse.from_schema"}, "id": "15579"}, "charge": 0, "optimize_geometry": false, "conformers": [], "conformer_generation_options": {"n_conformer_pool": 4000, "n_max_conformers": 0, "rms_tolerance": 0.05, "energy_window": 15, "keep_original_conformer": true}, "stage_1_unrestrained_charges": null, "stage_1_restrained_charges": null, "stage_2_unrestrained_charges": null, "stage_2_restrained_charges": null, "keep_original_orientation": false, "reorientations": [], "translations": [], "rotations": []}], "unconstrained_atoms": [{"index": 0, "molecule": {"qcmol": {"schema_name": "qcschema_molecule", "schema_version": 2, "validated": true, "symbols": ["C", "C", "C", "C", "C", "H", "H", "H", "H", "H", "H", "H", "H", "H", "H", "H", "H"], "geometry": [[0.0, -0.0, 0.0], [2.890674649985379, -1.8160629882378753e-15, 2.336109371194328e-16], [4.08806026933316, 2.6403767930349953, -2.7755575615628914e-16], [3.5024173880596807, 4.30880888571016, 2.297532874159979], [4.440413376152073, 3.2442449024728237, 4.816024964189623], [-0.7287894998718392, -1.9106690202262986, -0.16647729490989605], [-0.7390119072904824, 1.0889218975171824, -1.5766397798560077], [-0.7674124624775986, 0.8013372694522224, 1.7246336191756932], [3.5506542115635513, -0.9968688343996109, -1.6711422539240144], [3.5732945056148417, -1.0827596545619922, 1.6058030780637087], [3.485257417098567, 3.632558466054168, -1.6978817041673755], [6.128446841854378, 2.4318567449919564, -0.15464510549004834], [1.4828322083560523, 4.661369896755177, 2.4152361653826238], [4.376008708192929, 6.143009513571427, 1.9899896571057756], [4.114042342700902, 4.580057983227325, 6.338715259760434], [6.455782627643205, 2.855074394133695, 4.749049848144655], [3.485283331480553, 1.4995138562247599, 5.315110555676345]], "name": "C5H12", "identifiers": {"molecule_hash": "7dc9bc8161b452297fb23f639d7b86909eacefa1", "molecular_formula": "C5H12"}, "molecular_charge": 0.0, "molecular_multiplicity": 1, "connectivity": [[0, 1, 1.0], [0, 5, 1.0], [0, 6, 1.0], [0, 7, 1.0], [1, 2, 1.0], [1, 8, 1.0], [1, 9, 1.0], [2, 3, 1.0], [2, 10, 1.0], [2, 11, 1.0], [3, 4, 1.0], [3, 12, 1.0], [3, 13, 1.0], [4, 14, 1.0], [4, 15, 1.0], [4, 16, 1.0]], "fix_com": true, "fix_orientation": true, "provenance": {"creator": "QCElemental", "version": "v0.22.0", "routine": "qcelemental.molparse.from_schema"}, "id": "15579"}, "charge": 0, "optimize_geometry": false, "conformers": [], "conformer_generation_options": {"n_conformer_pool": 4000, "n_max_conformers": 0, "rms_tolerance": 0.05, "energy_window": 15, "keep_original_conformer": true}, "stage_1_unrestrained_charges": null, "stage_1_restrained_charges": null, "stage_2_unrestrained_charges": null, "stage_2_restrained_charges": null, "keep_original_orientation": false, "reorientations": [], "translations": [], "rotations": []}}, {"index": 1, "molecule": {"qcmol": {"schema_name": "qcschema_molecule", "schema_version": 2, "validated": true, "symbols": ["C", "C", "C", "C", "C", "H", "H", "H", "H", "H", "H", "H", "H", "H", "H", "H", "H"], "geometry": [[0.0, -0.0, 0.0], [2.890674649985379, -1.8160629882378753e-15, 2.336109371194328e-16], [4.08806026933316, 2.6403767930349953, -2.7755575615628914e-16], [3.5024173880596807, 4.30880888571016, 2.297532874159979], [4.440413376152073, 3.2442449024728237, 4.816024964189623], [-0.7287894998718392, -1.9106690202262986, -0.16647729490989605], [-0.7390119072904824, 1.0889218975171824, -1.5766397798560077], [-0.7674124624775986, 0.8013372694522224, 1.7246336191756932], [3.5506542115635513, -0.9968688343996109, -1.6711422539240144], [3.5732945056148417, -1.0827596545619922, 1.6058030780637087], [3.485257417098567, 3.632558466054168, -1.6978817041673755], [6.128446841854378, 2.4318567449919564, -0.15464510549004834], [1.4828322083560523, 4.661369896755177, 2.4152361653826238], [4.376008708192929, 6.143009513571427, 1.9899896571057756], [4.114042342700902, 4.580057983227325, 6.338715259760434], [6.455782627643205, 2.855074394133695, 4.749049848144655], [3.485283331480553, 1.4995138562247599, 5.315110555676345]], "name": "C5H12", "identifiers": {"molecule_hash": "7dc9bc8161b452297fb23f639d7b86909eacefa1", "molecular_formula": "C5H12"}, "molecular_charge": 0.0, "molecular_multiplicity": 1, "connectivity": [[0, 1, 1.0], [0, 5, 1.0], [0, 6, 1.0], [0, 7, 1.0], [1, 2, 1.0], [1, 8, 1.0], [1, 9, 1.0], [2, 3, 1.0], [2, 10, 1.0], [2, 11, 1.0], [3, 4, 1.0], [3, 12, 1.0], [3, 13, 1.0], [4, 14, 1.0], [4, 15, 1.0], [4, 16, 1.0]], "fix_com": true, "fix_orientation": true, "provenance": {"creator": "QCElemental", "version": "v0.22.0", "routine": "qcelemental.molparse.from_schema"}, "id": "15579"}, "charge": 0, "optimize_geometry": false, "conformers": [], "conformer_generation_options": {"n_conformer_pool": 4000, "n_max_conformers": 0, "rms_tolerance": 0.05, "energy_window": 15, "keep_original_conformer": true}, "stage_1_unrestrained_charges": null, "stage_1_restrained_charges": null, "stage_2_unrestrained_charges": null, "stage_2_restrained_charges": null, "keep_original_orientation": false, "reorientations": [], "translations": [], "rotations": []}}, {"index": 2, "molecule": {"qcmol": {"schema_name": "qcschema_molecule", "schema_version": 2, "validated": true, "symbols": ["C", "C", "C", "C", "C", "H", "H", "H", "H", "H", "H", "H", "H", "H", "H", "H", "H"], "geometry": [[0.0, -0.0, 0.0], [2.890674649985379, -1.8160629882378753e-15, 2.336109371194328e-16], [4.08806026933316, 2.6403767930349953, -2.7755575615628914e-16], [3.5024173880596807, 4.30880888571016, 2.297532874159979], [4.440413376152073, 3.2442449024728237, 4.816024964189623], [-0.7287894998718392, -1.9106690202262986, -0.16647729490989605], [-0.7390119072904824, 1.0889218975171824, -1.5766397798560077], [-0.7674124624775986, 0.8013372694522224, 1.7246336191756932], [3.5506542115635513, -0.9968688343996109, -1.6711422539240144], [3.5732945056148417, -1.0827596545619922, 1.6058030780637087], [3.485257417098567, 3.632558466054168, -1.6978817041673755], [6.128446841854378, 2.4318567449919564, -0.15464510549004834], [1.4828322083560523, 4.661369896755177, 2.4152361653826238], [4.376008708192929, 6.143009513571427, 1.9899896571057756], [4.114042342700902, 4.580057983227325, 6.338715259760434], [6.455782627643205, 2.855074394133695, 4.749049848144655], [3.485283331480553, 1.4995138562247599, 5.315110555676345]], "name": "C5H12", "identifiers": {"molecule_hash": "7dc9bc8161b452297fb23f639d7b86909eacefa1", "molecular_formula": "C5H12"}, "molecular_charge": 0.0, "molecular_multiplicity": 1, "connectivity": [[0, 1, 1.0], [0, 5, 1.0], [0, 6, 1.0], [0, 7, 1.0], [1, 2, 1.0], [1, 8, 1.0], [1, 9, 1.0], [2, 3, 1.0], [2, 10, 1.0], [2, 11, 1.0], [3, 4, 1.0], [3, 12, 1.0], [3, 13, 1.0], [4, 14, 1.0], [4, 15, 1.0], [4, 16, 1.0]], "fix_com": true, "fix_orientation": true, "provenance": {"creator": "QCElemental", "version": "v0.22.0", "routine": "qcelemental.molparse.from_schema"}, "id": "15579"}, "charge": 0, "optimize_geometry": false, "conformers": [], "conformer_generation_options": {"n_conformer_pool": 4000, "n_max_conformers": 0, "rms_tolerance": 0.05, "energy_window": 15, "keep_original_conformer": true}, "stage_1_unrestrained_charges": null, "stage_1_restrained_charges": null, "stage_2_unrestrained_charges": null, "stage_2_restrained_charges": null, "keep_original_orientation": false, "reorientations": [], "translations": [], "rotations": []}}, {"index": 3, "molecule": {"qcmol": {"schema_name": "qcschema_molecule", "schema_version": 2, "validated": true, "symbols": ["C", "C", "C", "C", "C", "H", "H", "H", "H", "H", "H", "H", "H", "H", "H", "H", "H"], "geometry": [[0.0, -0.0, 0.0], [2.890674649985379, -1.8160629882378753e-15, 2.336109371194328e-16], [4.08806026933316, 2.6403767930349953, -2.7755575615628914e-16], [3.5024173880596807, 4.30880888571016, 2.297532874159979], [4.440413376152073, 3.2442449024728237, 4.816024964189623], [-0.7287894998718392, -1.9106690202262986, -0.16647729490989605], [-0.7390119072904824, 1.0889218975171824, -1.5766397798560077], [-0.7674124624775986, 0.8013372694522224, 1.7246336191756932], [3.5506542115635513, -0.9968688343996109, -1.6711422539240144], [3.5732945056148417, -1.0827596545619922, 1.6058030780637087], [3.485257417098567, 3.632558466054168, -1.6978817041673755], [6.128446841854378, 2.4318567449919564, -0.15464510549004834], [1.4828322083560523, 4.661369896755177, 2.4152361653826238], [4.376008708192929, 6.143009513571427, 1.9899896571057756], [4.114042342700902, 4.580057983227325, 6.338715259760434], [6.455782627643205, 2.855074394133695, 4.749049848144655], [3.485283331480553, 1.4995138562247599, 5.315110555676345]], "name": "C5H12", "identifiers": {"molecule_hash": "7dc9bc8161b452297fb23f639d7b86909eacefa1", "molecular_formula": "C5H12"}, "molecular_charge": 0.0, "molecular_multiplicity": 1, "connectivity": [[0, 1, 1.0], [0, 5, 1.0], [0, 6, 1.0], [0, 7, 1.0], [1, 2, 1.0], [1, 8, 1.0], [1, 9, 1.0], [2, 3, 1.0], [2, 10, 1.0], [2, 11, 1.0], [3, 4, 1.0], [3, 12, 1.0], [3, 13, 1.0], [4, 14, 1.0], [4, 15, 1.0], [4, 16, 1.0]], "fix_com": true, "fix_orientation": true, "provenance": {"creator": "QCElemental", "version": "v0.22.0", "routine": "qcelemental.molparse.from_schema"}, "id": "15579"}, "charge": 0, "optimize_geometry": false, "conformers": [], "conformer_generation_options": {"n_conformer_pool": 4000, "n_max_conformers": 0, "rms_tolerance": 0.05, "energy_window": 15, "keep_original_conformer": true}, "stage_1_unrestrained_charges": null, "stage_1_restrained_charges": null, "stage_2_unrestrained_charges": null, "stage_2_restrained_charges": null, "keep_original_orientation": false, "reorientations": [], "translations": [], "rotations": []}}, {"index": 4, "molecule": {"qcmol": {"schema_name": "qcschema_molecule", "schema_version": 2, "validated": true, "symbols": ["C", "C", "C", "C", "C", "H", "H", "H", "H", "H", "H", "H", "H", "H", "H", "H", "H"], "geometry": [[0.0, -0.0, 0.0], [2.890674649985379, -1.8160629882378753e-15, 2.336109371194328e-16], [4.08806026933316, 2.6403767930349953, -2.7755575615628914e-16], [3.5024173880596807, 4.30880888571016, 2.297532874159979], [4.440413376152073, 3.2442449024728237, 4.816024964189623], [-0.7287894998718392, -1.9106690202262986, -0.16647729490989605], [-0.7390119072904824, 1.0889218975171824, -1.5766397798560077], [-0.7674124624775986, 0.8013372694522224, 1.7246336191756932], [3.5506542115635513, -0.9968688343996109, -1.6711422539240144], [3.5732945056148417, -1.0827596545619922, 1.6058030780637087], [3.485257417098567, 3.632558466054168, -1.6978817041673755], [6.128446841854378, 2.4318567449919564, -0.15464510549004834], [1.4828322083560523, 4.661369896755177, 2.4152361653826238], [4.376008708192929, 6.143009513571427, 1.9899896571057756], [4.114042342700902, 4.580057983227325, 6.338715259760434], [6.455782627643205, 2.855074394133695, 4.749049848144655], [3.485283331480553, 1.4995138562247599, 5.315110555676345]], "name": "C5H12", "identifiers": {"molecule_hash": "7dc9bc8161b452297fb23f639d7b86909eacefa1", "molecular_formula": "C5H12"}, "molecular_charge": 0.0, "molecular_multiplicity": 1, "connectivity": [[0, 1, 1.0], [0, 5, 1.0], [0, 6, 1.0], [0, 7, 1.0], [1, 2, 1.0], [1, 8, 1.0], [1, 9, 1.0], [2, 3, 1.0], [2, 10, 1.0], [2, 11, 1.0], [3, 4, 1.0], [3, 12, 1.0], [3, 13, 1.0], [4, 14, 1.0], [4, 15, 1.0], [4, 16, 1.0]], "fix_com": true, "fix_orientation": true, "provenance": {"creator": "QCElemental", "version": "v0.22.0", "routine": "qcelemental.molparse.from_schema"}, "id": "15579"}, "charge": 0, "optimize_geometry": false, "conformers": [], "conformer_generation_options": {"n_conformer_pool": 4000, "n_max_conformers": 0, "rms_tolerance": 0.05, "energy_window": 15, "keep_original_conformer": true}, "stage_1_unrestrained_charges": null, "stage_1_restrained_charges": null, "stage_2_unrestrained_charges": null, "stage_2_restrained_charges": null, "keep_original_orientation": false, "reorientations": [], "translations": [], "rotations": []}}]}, "surface_constraints": {"matrix": [[1844.1777995724974, 1785.7652438143757, 1711.168959582485, 1632.8772628603078, 1552.4920804483686, 1851.3985805005327, 1851.3991096154045, 1850.5713821533213, 1778.8684751337362, 1778.5539085869568, 1710.4402340795666, 1696.8059255467556, 1630.9970411196955, 1620.3438989868837, 1530.5439572074488, 1523.8365004435202, 1527.766471228526], [1785.7652438143757, 1834.0669819449054, 1781.9417656688536, 1708.4913538473024, 1630.8968004141252, 1765.8946593183853, 1765.3227075307807, 1764.7587899247346, 1859.6717616654228, 1858.2792491361085, 1778.9832486975342, 1779.6572492107148, 1710.0020350741302, 1690.7100956359934, 1598.8925899624599, 1598.0576518032824, 1621.071471690271], [1711.168959582485, 1781.9417656688536, 1830.692550913398, 1780.0666387231545, 1710.7067094103872, 1680.9938971172153, 1689.6409767558246, 1689.974653054518, 1778.6254909266106, 1776.750268480268, 1857.6518232935719, 1857.8724866413977, 1775.8134237119887, 1774.1097964112214, 1672.1726115539004, 1683.4074024165407, 1704.596983545388], [1632.8772628603078, 1708.4913538473024, 1780.0666387231545, 1830.8360502162125, 1784.207218387516, 1608.578456969877, 1610.9708489119623, 1606.1467343907896, 1702.3056936430187, 1697.1741591321952, 1776.7488665176706, 1777.6120062287189, 1856.254573795536, 1853.8140320566154, 1763.41353189614, 1765.2429405837386, 1763.8624007693763], [1552.4920804483686, 1630.8968004141252, 1710.7067094103872, 1784.207218387516, 1844.8794887034817, 1537.588204833513, 1521.299171778213, 1525.2765123713161, 1611.705426083841, 1632.0219658826843, 1713.0742372879665, 1695.4333345738253, 1777.3473896935548, 1775.315302696252, 1851.2633909927995, 1853.2901344038978, 1852.3707972895133], [1851.3985805005327, 1765.8946593183853, 1680.9938971172153, 1608.578456969877, 1537.588204833513, 1939.4710152166906, 1830.311619608657, 1828.7595287971544, 1752.826500939594, 1753.517078519161, 1676.584464199127, 1659.0913510084974, 1606.8379386977847, 1593.179619350922, 1515.3582461001822, 1516.633716091559, 1512.0966590226192], [1851.3991096154045, 1765.3227075307807, 1689.6409767558246, 1610.9708489119623, 1521.299171778213, 1830.311619608657, 1940.471719832775, 1828.5567982351834, 1752.0500310502944, 1744.50836890411, 1676.8241254717009, 1687.3863060417655, 1611.8792407213748, 1604.158598706785, 1510.33343626175, 1486.8745107781322, 1484.9862704105963], [1850.5713821533213, 1764.7587899247346, 1689.974653054518, 1606.1467343907896, 1525.2765123713161, 1828.7595287971544, 1828.5567982351834, 1939.5390805512957, 1743.8254963161355, 1750.6619608949222, 1706.4777159331861, 1663.2007984987536, 1599.5636011730035, 1595.6154384992856, 1500.9950784995217, 1497.5902043155374, 1502.1138312849303], [1778.8684751337362, 1859.6717616654228, 1778.6254909266106, 1702.3056936430187, 1611.705426083841, 1752.826500939594, 1752.0500310502944, 1743.8254963161355, 1965.0600369943581, 1854.5347802239357, 1762.0013021248492, 1768.4425011713906, 1722.1867183144964, 1675.2471897708256, 1577.4815720796003, 1567.3513799684983, 1606.810742325045], [1778.5539085869568, 1858.2792491361085, 1776.750268480268, 1697.1741591321952, 1632.0219658826843, 1753.517078519161, 1744.50836890411, 1750.6619608949222, 1854.5347802239357, 1962.0524689245017, 1760.7088819151513, 1768.9794995362047, 1687.042046032775, 1676.6349795286326, 1599.6183905581572, 1603.543018215081, 1628.6376378610746], [1710.4402340795666, 1778.9832486975342, 1857.6518232935719, 1776.7488665176706, 1713.0742372879665, 1676.584464199127, 1676.8241254717009, 1706.4777159331861, 1762.0013021248492, 1760.7088819151513, 1964.7491937876828, 1854.9809947327672, 1753.1385032245018, 1760.5060038198267, 1660.1215370410237, 1695.7740185606808, 1715.3663619361894], [1696.8059255467556, 1779.6572492107148, 1857.8724866413977, 1777.6120062287189, 1695.4333345738253, 1659.0913510084974, 1687.3863060417655, 1663.2007984987536, 1768.4425011713906, 1768.9794995362047, 1854.9809947327672, 1963.4928706777382, 1763.195301636107, 1768.6553734678494, 1654.5782783600985, 1657.5511439816967, 1693.945827578657], [1630.9970411196955, 1710.0020350741302, 1775.8134237119887, 1856.254573795536, 1777.3473896935548, 1606.8379386977847, 1611.8792407213748, 1599.5636011730035, 1722.1867183144964, 1687.042046032775, 1753.1385032245018, 1763.195301636107, 1961.2200109561113, 1850.8755042126074, 1757.0577104517135, 1738.8088490247073, 1749.7041763334469], [1620.3438989868837, 1690.7100956359934, 1774.1097964112214, 1853.8140320566154, 1775.315302696252, 1593.179619350922, 1604.158598706785, 1595.6154384992856, 1675.2471897708256, 1676.6349795286326, 1760.5060038198267, 1768.6553734678494, 1850.8755042126074, 1955.0353769802925, 1749.1206477114715, 1762.0830933828477, 1728.8205644770562], [1530.5439572074488, 1598.8925899624599, 1672.1726115539004, 1763.41353189614, 1851.2633909927995, 1515.3582461001822, 1510.33343626175, 1500.9950784995217, 1577.4815720796003, 1599.6183905581572, 1660.1215370410237, 1654.5782783600985, 1757.0577104517135, 1749.1206477114715, 1937.8002516613878, 1830.7062328133766, 1830.663128325154], [1523.8365004435202, 1598.0576518032824, 1683.4074024165407, 1765.2429405837386, 1853.2901344038978, 1516.633716091559, 1486.8745107781322, 1497.5902043155374, 1567.3513799684983, 1603.543018215081, 1695.7740185606808, 1657.5511439816967, 1738.8088490247073, 1762.0830933828477, 1830.7062328133766, 1943.807836728815, 1831.3240447440883], [1527.766471228526, 1621.071471690271, 1704.596983545388, 1763.8624007693763, 1852.3707972895133, 1512.0966590226192, 1484.9862704105963, 1502.1138312849303, 1606.810742325045, 1628.6376378610746, 1715.3663619361894, 1693.945827578657, 1749.7041763334469, 1728.8205644770562, 1830.663128325154, 1831.3240447440883, 1942.7897945140046], [2.8363294813076787, 3.5953956512404823, 3.6176020652344887, 3.557162927722579, 2.710151343873421, 2.711125161853155, 2.782491145291068, 2.7093150666624926, 3.7938807160482497, 3.7485402546138653, 3.6297396944760507, 3.649917050973514, 3.793949146230852, 3.7073480073962872, 2.519093168389999, 2.620210962604518, 2.6121499849664263]]}}