{"resp_b": 0.1, "restrained_fit": true, "exclude_hydrogens": true, "convergence_tolerance": 1e-06, "max_iter": 500, "resp_a": 0.0005, "charge_constraints": {"charge_sum_constraints": [], "charge_equivalence_constraints": [], "molecules": [{"qcmol": {"schema_name": "qcschema_molecule", "schema_version": 2, "validated": true, "symbols": ["C", "C", "C", "C", "C", "C", "C", "H", "H", "H", "H", "H", "H", "H", "H", "H", "H", "H", "H", "H", "H", "H", "H"], "geometry": [[0.0, 0.0, -0.0], [2.888826008120614, -3.4189518986636975e-16, 9.45428851876576e-16], [4.0025832036420095, 2.6702127425283644, -4.440892098500626e-16], [6.891427465196084, 2.7816992662257425, 0.21925545649762934], [8.389943336198545, 1.531464887846334, -1.9288398738276813], [7.912820636905778, 2.573738901270769, -4.591766526246426], [8.593918364497783, 5.363496288817993, -4.9227685932902325], [-0.7446917048936355, -1.9117834188150926, -0.007266917882915669], [-0.7417226564126185, 0.9539586652129537, 1.6596377498840316], [-0.7403594772163357, 0.964422516832043, -1.6545410547675705], [3.5573490780508914, -1.0426609499619424, -1.6376426825568333], [3.570305375693694, -1.0197100534663774, 1.6509663245527164], [3.205166663721135, 3.7125289694653043, 1.583502991351323], [3.3835988948922706, 3.661661996448207, -1.6909254467255819], [7.449051408473277, 1.8892560590714278, 1.986321374199349], [7.45699364725275, 4.749047333147483, 0.3863671294961333], [8.013345631192216, -0.48739365735557827, -1.9390976544259613], [10.392689584195594, 1.7244740477942897, -1.501485124812406], [9.021451964893531, 1.4622355919410748, -5.917619136662722], [5.94940413139668, 2.284686926202354, -5.121129573768965], [7.407307865705027, 6.58404456578841, -3.779456365150142], [10.546163195981071, 5.714986393983234, -4.39087054600834], [8.367152388316933, 5.942239227075998, -6.878090402225772]], "name": "C7H16", "identifiers": {"molecule_hash": "899af4b66be0056d6e3b7843ff9229bbf17c9b52", "molecular_formula": "C7H16"}, "molecular_charge": 0.0, "molecular_multiplicity": 1, "connectivity": [[0, 1, 1.0], [0, 7, 1.0], [0, 8, 1.0], [0, 9, 1.0], [1, 2, 1.0], [1, 10, 1.0], [1, 11, 1.0], [2, 3, 1.0], [2, 12, 1.0], [2, 13, 1.0], [3, 4, 1.0], [3, 14, 1.0], [3, 15, 1.0], [4, 5, 1.0], [4, 16, 1.0], [4, 17, 1.0], [5, 6, 1.0], [5, 18, 1.0], [5, 19, 1.0], [6, 20, 1.0], [6, 21, 1.0], [6, 22, 1.0]], "fix_com": true, "fix_orientation": true, "provenance": {"creator": "QCElemental", "version": "v0.22.0", "routine": "qcelemental.molparse.from_schema"}, "id": "49556"}, "charge": 0, "optimize_geometry": false, "conformers": [], "conformer_generation_options": {"n_conformer_pool": 4000, "n_max_conformers": 0, "rms_tolerance": 0.05, "energy_window": 15, "keep_original_conformer": true}, "stage_1_unrestrained_charges": null, "stage_1_restrained_charges": null, "stage_2_unrestrained_charges": null, "stage_2_restrained_charges": null, "keep_original_orientation": false, "reorientations": [], "translations": [], "rotations": []}], "unconstrained_atoms": [{"index": 0, "molecule": {"qcmol": {"schema_name": "qcschema_molecule", "schema_version": 2, "validated": true, "symbols": ["C", "C", "C", "C", "C", "C", "C", "H", "H", "H", "H", "H", "H", "H", "H", "H", "H", "H", "H", "H", "H", "H", "H"], "geometry": [[0.0, 0.0, -0.0], [2.888826008120614, -3.4189518986636975e-16, 9.45428851876576e-16], [4.0025832036420095, 2.6702127425283644, -4.440892098500626e-16], [6.891427465196084, 2.7816992662257425, 0.21925545649762934], [8.389943336198545, 1.531464887846334, -1.9288398738276813], [7.912820636905778, 2.573738901270769, -4.591766526246426], [8.593918364497783, 5.363496288817993, -4.9227685932902325], [-0.7446917048936355, -1.9117834188150926, -0.007266917882915669], [-0.7417226564126185, 0.9539586652129537, 1.6596377498840316], [-0.7403594772163357, 0.964422516832043, -1.6545410547675705], [3.5573490780508914, -1.0426609499619424, -1.6376426825568333], [3.570305375693694, -1.0197100534663774, 1.6509663245527164], [3.205166663721135, 3.7125289694653043, 1.583502991351323], [3.3835988948922706, 3.661661996448207, -1.6909254467255819], [7.449051408473277, 1.8892560590714278, 1.986321374199349], [7.45699364725275, 4.749047333147483, 0.3863671294961333], [8.013345631192216, -0.48739365735557827, -1.9390976544259613], [10.392689584195594, 1.7244740477942897, -1.501485124812406], [9.021451964893531, 1.4622355919410748, -5.917619136662722], [5.94940413139668, 2.284686926202354, -5.121129573768965], [7.407307865705027, 6.58404456578841, -3.779456365150142], [10.546163195981071, 5.714986393983234, -4.39087054600834], [8.367152388316933, 5.942239227075998, -6.878090402225772]], "name": "C7H16", "identifiers": {"molecule_hash": "899af4b66be0056d6e3b7843ff9229bbf17c9b52", "molecular_formula": "C7H16"}, "molecular_charge": 0.0, "molecular_multiplicity": 1, "connectivity": [[0, 1, 1.0], [0, 7, 1.0], [0, 8, 1.0], [0, 9, 1.0], [1, 2, 1.0], [1, 10, 1.0], [1, 11, 1.0], [2, 3, 1.0], [2, 12, 1.0], [2, 13, 1.0], [3, 4, 1.0], [3, 14, 1.0], [3, 15, 1.0], [4, 5, 1.0], [4, 16, 1.0], [4, 17, 1.0], [5, 6, 1.0], [5, 18, 1.0], [5, 19, 1.0], [6, 20, 1.0], [6, 21, 1.0], [6, 22, 1.0]], "fix_com": true, "fix_orientation": true, "provenance": {"creator": "QCElemental", "version": "v0.22.0", "routine": "qcelemental.molparse.from_schema"}, "id": "49556"}, "charge": 0, "optimize_geometry": false, "conformers": [], "conformer_generation_options": {"n_conformer_pool": 4000, "n_max_conformers": 0, "rms_tolerance": 0.05, "energy_window": 15, "keep_original_conformer": true}, "stage_1_unrestrained_charges": null, "stage_1_restrained_charges": null, "stage_2_unrestrained_charges": null, "stage_2_restrained_charges": null, "keep_original_orientation": false, "reorientations": [], "translations": [], "rotations": []}}, {"index": 1, "molecule": {"qcmol": {"schema_name": "qcschema_molecule", "schema_version": 2, "validated": true, "symbols": ["C", "C", "C", "C", "C", "C", "C", "H", "H", "H", "H", "H", "H", "H", "H", "H", "H", "H", "H", "H", "H", "H", "H"], "geometry": [[0.0, 0.0, -0.0], [2.888826008120614, -3.4189518986636975e-16, 9.45428851876576e-16], [4.0025832036420095, 2.6702127425283644, -4.440892098500626e-16], [6.891427465196084, 2.7816992662257425, 0.21925545649762934], [8.389943336198545, 1.531464887846334, -1.9288398738276813], [7.912820636905778, 2.573738901270769, -4.591766526246426], [8.593918364497783, 5.363496288817993, -4.9227685932902325], [-0.7446917048936355, -1.9117834188150926, -0.007266917882915669], [-0.7417226564126185, 0.9539586652129537, 1.6596377498840316], [-0.7403594772163357, 0.964422516832043, -1.6545410547675705], [3.5573490780508914, -1.0426609499619424, -1.6376426825568333], [3.570305375693694, -1.0197100534663774, 1.6509663245527164], [3.205166663721135, 3.7125289694653043, 1.583502991351323], [3.3835988948922706, 3.661661996448207, -1.6909254467255819], [7.449051408473277, 1.8892560590714278, 1.986321374199349], [7.45699364725275, 4.749047333147483, 0.3863671294961333], [8.013345631192216, -0.48739365735557827, -1.9390976544259613], [10.392689584195594, 1.7244740477942897, -1.501485124812406], [9.021451964893531, 1.4622355919410748, -5.917619136662722], [5.94940413139668, 2.284686926202354, -5.121129573768965], [7.407307865705027, 6.58404456578841, -3.779456365150142], [10.546163195981071, 5.714986393983234, -4.39087054600834], [8.367152388316933, 5.942239227075998, -6.878090402225772]], "name": "C7H16", "identifiers": {"molecule_hash": "899af4b66be0056d6e3b7843ff9229bbf17c9b52", "molecular_formula": "C7H16"}, "molecular_charge": 0.0, "molecular_multiplicity": 1, "connectivity": [[0, 1, 1.0], [0, 7, 1.0], [0, 8, 1.0], [0, 9, 1.0], [1, 2, 1.0], [1, 10, 1.0], [1, 11, 1.0], [2, 3, 1.0], [2, 12, 1.0], [2, 13, 1.0], [3, 4, 1.0], [3, 14, 1.0], [3, 15, 1.0], [4, 5, 1.0], [4, 16, 1.0], [4, 17, 1.0], [5, 6, 1.0], [5, 18, 1.0], [5, 19, 1.0], [6, 20, 1.0], [6, 21, 1.0], [6, 22, 1.0]], "fix_com": true, "fix_orientation": true, "provenance": {"creator": "QCElemental", "version": "v0.22.0", "routine": "qcelemental.molparse.from_schema"}, "id": "49556"}, "charge": 0, "optimize_geometry": false, "conformers": [], "conformer_generation_options": {"n_conformer_pool": 4000, "n_max_conformers": 0, "rms_tolerance": 0.05, "energy_window": 15, "keep_original_conformer": true}, "stage_1_unrestrained_charges": null, "stage_1_restrained_charges": null, "stage_2_unrestrained_charges": null, "stage_2_restrained_charges": null, "keep_original_orientation": false, "reorientations": [], "translations": [], "rotations": []}}, {"index": 2, "molecule": {"qcmol": {"schema_name": "qcschema_molecule", "schema_version": 2, "validated": true, "symbols": ["C", "C", "C", "C", "C", "C", "C", "H", "H", "H", "H", "H", "H", "H", "H", "H", "H", "H", "H", "H", "H", "H", "H"], "geometry": [[0.0, 0.0, -0.0], [2.888826008120614, -3.4189518986636975e-16, 9.45428851876576e-16], [4.0025832036420095, 2.6702127425283644, -4.440892098500626e-16], [6.891427465196084, 2.7816992662257425, 0.21925545649762934], [8.389943336198545, 1.531464887846334, -1.9288398738276813], [7.912820636905778, 2.573738901270769, -4.591766526246426], [8.593918364497783, 5.363496288817993, -4.9227685932902325], [-0.7446917048936355, -1.9117834188150926, -0.007266917882915669], [-0.7417226564126185, 0.9539586652129537, 1.6596377498840316], [-0.7403594772163357, 0.964422516832043, -1.6545410547675705], [3.5573490780508914, -1.0426609499619424, -1.6376426825568333], [3.570305375693694, -1.0197100534663774, 1.6509663245527164], [3.205166663721135, 3.7125289694653043, 1.583502991351323], [3.3835988948922706, 3.661661996448207, -1.6909254467255819], [7.449051408473277, 1.8892560590714278, 1.986321374199349], [7.45699364725275, 4.749047333147483, 0.3863671294961333], [8.013345631192216, -0.48739365735557827, -1.9390976544259613], [10.392689584195594, 1.7244740477942897, -1.501485124812406], [9.021451964893531, 1.4622355919410748, -5.917619136662722], [5.94940413139668, 2.284686926202354, -5.121129573768965], [7.407307865705027, 6.58404456578841, -3.779456365150142], [10.546163195981071, 5.714986393983234, -4.39087054600834], [8.367152388316933, 5.942239227075998, -6.878090402225772]], "name": "C7H16", "identifiers": {"molecule_hash": "899af4b66be0056d6e3b7843ff9229bbf17c9b52", "molecular_formula": "C7H16"}, "molecular_charge": 0.0, "molecular_multiplicity": 1, "connectivity": [[0, 1, 1.0], [0, 7, 1.0], [0, 8, 1.0], [0, 9, 1.0], [1, 2, 1.0], [1, 10, 1.0], [1, 11, 1.0], [2, 3, 1.0], [2, 12, 1.0], [2, 13, 1.0], [3, 4, 1.0], [3, 14, 1.0], [3, 15, 1.0], [4, 5, 1.0], [4, 16, 1.0], [4, 17, 1.0], [5, 6, 1.0], [5, 18, 1.0], [5, 19, 1.0], [6, 20, 1.0], [6, 21, 1.0], [6, 22, 1.0]], "fix_com": true, "fix_orientation": true, "provenance": {"creator": "QCElemental", "version": "v0.22.0", "routine": "qcelemental.molparse.from_schema"}, "id": "49556"}, "charge": 0, "optimize_geometry": false, "conformers": [], "conformer_generation_options": {"n_conformer_pool": 4000, "n_max_conformers": 0, "rms_tolerance": 0.05, "energy_window": 15, "keep_original_conformer": true}, "stage_1_unrestrained_charges": null, "stage_1_restrained_charges": null, "stage_2_unrestrained_charges": null, "stage_2_restrained_charges": null, "keep_original_orientation": false, "reorientations": [], "translations": [], "rotations": []}}, {"index": 3, "molecule": {"qcmol": {"schema_name": "qcschema_molecule", "schema_version": 2, "validated": true, "symbols": ["C", "C", "C", "C", "C", "C", "C", "H", "H", "H", "H", "H", "H", "H", "H", "H", "H", "H", "H", "H", "H", "H", "H"], "geometry": [[0.0, 0.0, -0.0], [2.888826008120614, -3.4189518986636975e-16, 9.45428851876576e-16], [4.0025832036420095, 2.6702127425283644, -4.440892098500626e-16], [6.891427465196084, 2.7816992662257425, 0.21925545649762934], [8.389943336198545, 1.531464887846334, -1.9288398738276813], [7.912820636905778, 2.573738901270769, -4.591766526246426], [8.593918364497783, 5.363496288817993, -4.9227685932902325], [-0.7446917048936355, -1.9117834188150926, -0.007266917882915669], [-0.7417226564126185, 0.9539586652129537, 1.6596377498840316], [-0.7403594772163357, 0.964422516832043, -1.6545410547675705], [3.5573490780508914, -1.0426609499619424, -1.6376426825568333], [3.570305375693694, -1.0197100534663774, 1.6509663245527164], [3.205166663721135, 3.7125289694653043, 1.583502991351323], [3.3835988948922706, 3.661661996448207, -1.6909254467255819], [7.449051408473277, 1.8892560590714278, 1.986321374199349], [7.45699364725275, 4.749047333147483, 0.3863671294961333], [8.013345631192216, -0.48739365735557827, -1.9390976544259613], [10.392689584195594, 1.7244740477942897, -1.501485124812406], [9.021451964893531, 1.4622355919410748, -5.917619136662722], [5.94940413139668, 2.284686926202354, -5.121129573768965], [7.407307865705027, 6.58404456578841, -3.779456365150142], [10.546163195981071, 5.714986393983234, -4.39087054600834], [8.367152388316933, 5.942239227075998, -6.878090402225772]], "name": "C7H16", "identifiers": {"molecule_hash": "899af4b66be0056d6e3b7843ff9229bbf17c9b52", "molecular_formula": "C7H16"}, "molecular_charge": 0.0, "molecular_multiplicity": 1, "connectivity": [[0, 1, 1.0], [0, 7, 1.0], [0, 8, 1.0], [0, 9, 1.0], [1, 2, 1.0], [1, 10, 1.0], [1, 11, 1.0], [2, 3, 1.0], [2, 12, 1.0], [2, 13, 1.0], [3, 4, 1.0], [3, 14, 1.0], [3, 15, 1.0], [4, 5, 1.0], [4, 16, 1.0], [4, 17, 1.0], [5, 6, 1.0], [5, 18, 1.0], [5, 19, 1.0], [6, 20, 1.0], [6, 21, 1.0], [6, 22, 1.0]], "fix_com": true, "fix_orientation": true, "provenance": {"creator": "QCElemental", "version": "v0.22.0", "routine": "qcelemental.molparse.from_schema"}, "id": "49556"}, "charge": 0, "optimize_geometry": false, "conformers": [], "conformer_generation_options": {"n_conformer_pool": 4000, "n_max_conformers": 0, "rms_tolerance": 0.05, "energy_window": 15, "keep_original_conformer": true}, "stage_1_unrestrained_charges": null, "stage_1_restrained_charges": null, "stage_2_unrestrained_charges": null, "stage_2_restrained_charges": null, "keep_original_orientation": false, "reorientations": [], "translations": [], "rotations": []}}, {"index": 4, "molecule": {"qcmol": {"schema_name": "qcschema_molecule", "schema_version": 2, "validated": true, "symbols": ["C", "C", "C", "C", "C", "C", "C", "H", "H", "H", "H", "H", "H", "H", "H", "H", "H", "H", "H", "H", "H", "H", "H"], "geometry": [[0.0, 0.0, -0.0], [2.888826008120614, -3.4189518986636975e-16, 9.45428851876576e-16], [4.0025832036420095, 2.6702127425283644, -4.440892098500626e-16], [6.891427465196084, 2.7816992662257425, 0.21925545649762934], [8.389943336198545, 1.531464887846334, -1.9288398738276813], [7.912820636905778, 2.573738901270769, -4.591766526246426], [8.593918364497783, 5.363496288817993, -4.9227685932902325], [-0.7446917048936355, -1.9117834188150926, -0.007266917882915669], [-0.7417226564126185, 0.9539586652129537, 1.6596377498840316], [-0.7403594772163357, 0.964422516832043, -1.6545410547675705], [3.5573490780508914, -1.0426609499619424, -1.6376426825568333], [3.570305375693694, -1.0197100534663774, 1.6509663245527164], [3.205166663721135, 3.7125289694653043, 1.583502991351323], [3.3835988948922706, 3.661661996448207, -1.6909254467255819], [7.449051408473277, 1.8892560590714278, 1.986321374199349], [7.45699364725275, 4.749047333147483, 0.3863671294961333], [8.013345631192216, -0.48739365735557827, -1.9390976544259613], [10.392689584195594, 1.7244740477942897, -1.501485124812406], [9.021451964893531, 1.4622355919410748, -5.917619136662722], [5.94940413139668, 2.284686926202354, -5.121129573768965], [7.407307865705027, 6.58404456578841, -3.779456365150142], [10.546163195981071, 5.714986393983234, -4.39087054600834], [8.367152388316933, 5.942239227075998, -6.878090402225772]], "name": "C7H16", "identifiers": {"molecule_hash": "899af4b66be0056d6e3b7843ff9229bbf17c9b52", "molecular_formula": "C7H16"}, "molecular_charge": 0.0, "molecular_multiplicity": 1, "connectivity": [[0, 1, 1.0], [0, 7, 1.0], [0, 8, 1.0], [0, 9, 1.0], [1, 2, 1.0], [1, 10, 1.0], [1, 11, 1.0], [2, 3, 1.0], [2, 12, 1.0], [2, 13, 1.0], [3, 4, 1.0], [3, 14, 1.0], [3, 15, 1.0], [4, 5, 1.0], [4, 16, 1.0], [4, 17, 1.0], [5, 6, 1.0], [5, 18, 1.0], [5, 19, 1.0], [6, 20, 1.0], [6, 21, 1.0], [6, 22, 1.0]], "fix_com": true, "fix_orientation": true, "provenance": {"creator": "QCElemental", "version": "v0.22.0", "routine": "qcelemental.molparse.from_schema"}, "id": "49556"}, "charge": 0, "optimize_geometry": false, "conformers": [], "conformer_generation_options": {"n_conformer_pool": 4000, "n_max_conformers": 0, "rms_tolerance": 0.05, "energy_window": 15, "keep_original_conformer": true}, "stage_1_unrestrained_charges": null, "stage_1_restrained_charges": null, "stage_2_unrestrained_charges": null, "stage_2_restrained_charges": null, "keep_original_orientation": false, "reorientations": [], "translations": [], "rotations": []}}, {"index": 5, "molecule": {"qcmol": {"schema_name": "qcschema_molecule", "schema_version": 2, "validated": true, "symbols": ["C", "C", "C", "C", "C", "C", "C", "H", "H", "H", "H", "H", "H", "H", "H", "H", "H", "H", "H", "H", "H", "H", "H"], "geometry": [[0.0, 0.0, -0.0], [2.888826008120614, -3.4189518986636975e-16, 9.45428851876576e-16], [4.0025832036420095, 2.6702127425283644, -4.440892098500626e-16], [6.891427465196084, 2.7816992662257425, 0.21925545649762934], [8.389943336198545, 1.531464887846334, -1.9288398738276813], [7.912820636905778, 2.573738901270769, -4.591766526246426], [8.593918364497783, 5.363496288817993, -4.9227685932902325], [-0.7446917048936355, -1.9117834188150926, -0.007266917882915669], [-0.7417226564126185, 0.9539586652129537, 1.6596377498840316], [-0.7403594772163357, 0.964422516832043, -1.6545410547675705], [3.5573490780508914, -1.0426609499619424, -1.6376426825568333], [3.570305375693694, -1.0197100534663774, 1.6509663245527164], [3.205166663721135, 3.7125289694653043, 1.583502991351323], [3.3835988948922706, 3.661661996448207, -1.6909254467255819], [7.449051408473277, 1.8892560590714278, 1.986321374199349], [7.45699364725275, 4.749047333147483, 0.3863671294961333], [8.013345631192216, -0.48739365735557827, -1.9390976544259613], [10.392689584195594, 1.7244740477942897, -1.501485124812406], [9.021451964893531, 1.4622355919410748, -5.917619136662722], [5.94940413139668, 2.284686926202354, -5.121129573768965], [7.407307865705027, 6.58404456578841, -3.779456365150142], [10.546163195981071, 5.714986393983234, -4.39087054600834], [8.367152388316933, 5.942239227075998, -6.878090402225772]], "name": "C7H16", "identifiers": {"molecule_hash": "899af4b66be0056d6e3b7843ff9229bbf17c9b52", "molecular_formula": "C7H16"}, "molecular_charge": 0.0, "molecular_multiplicity": 1, "connectivity": [[0, 1, 1.0], [0, 7, 1.0], [0, 8, 1.0], [0, 9, 1.0], [1, 2, 1.0], [1, 10, 1.0], [1, 11, 1.0], [2, 3, 1.0], [2, 12, 1.0], [2, 13, 1.0], [3, 4, 1.0], [3, 14, 1.0], [3, 15, 1.0], [4, 5, 1.0], [4, 16, 1.0], [4, 17, 1.0], [5, 6, 1.0], [5, 18, 1.0], [5, 19, 1.0], [6, 20, 1.0], [6, 21, 1.0], [6, 22, 1.0]], "fix_com": true, "fix_orientation": true, "provenance": {"creator": "QCElemental", "version": "v0.22.0", "routine": "qcelemental.molparse.from_schema"}, "id": "49556"}, "charge": 0, "optimize_geometry": false, "conformers": [], "conformer_generation_options": {"n_conformer_pool": 4000, "n_max_conformers": 0, "rms_tolerance": 0.05, "energy_window": 15, "keep_original_conformer": true}, "stage_1_unrestrained_charges": null, "stage_1_restrained_charges": null, "stage_2_unrestrained_charges": null, "stage_2_restrained_charges": null, "keep_original_orientation": false, "reorientations": [], "translations": [], "rotations": []}}, {"index": 6, "molecule": {"qcmol": {"schema_name": "qcschema_molecule", "schema_version": 2, "validated": true, "symbols": ["C", "C", "C", "C", "C", "C", "C", "H", "H", "H", "H", "H", "H", "H", "H", "H", "H", "H", "H", "H", "H", "H", "H"], "geometry": [[0.0, 0.0, -0.0], [2.888826008120614, -3.4189518986636975e-16, 9.45428851876576e-16], [4.0025832036420095, 2.6702127425283644, -4.440892098500626e-16], [6.891427465196084, 2.7816992662257425, 0.21925545649762934], [8.389943336198545, 1.531464887846334, -1.9288398738276813], [7.912820636905778, 2.573738901270769, -4.591766526246426], [8.593918364497783, 5.363496288817993, -4.9227685932902325], [-0.7446917048936355, -1.9117834188150926, -0.007266917882915669], [-0.7417226564126185, 0.9539586652129537, 1.6596377498840316], [-0.7403594772163357, 0.964422516832043, -1.6545410547675705], [3.5573490780508914, -1.0426609499619424, -1.6376426825568333], [3.570305375693694, -1.0197100534663774, 1.6509663245527164], [3.205166663721135, 3.7125289694653043, 1.583502991351323], [3.3835988948922706, 3.661661996448207, -1.6909254467255819], [7.449051408473277, 1.8892560590714278, 1.986321374199349], [7.45699364725275, 4.749047333147483, 0.3863671294961333], [8.013345631192216, -0.48739365735557827, -1.9390976544259613], [10.392689584195594, 1.7244740477942897, -1.501485124812406], [9.021451964893531, 1.4622355919410748, -5.917619136662722], [5.94940413139668, 2.284686926202354, -5.121129573768965], [7.407307865705027, 6.58404456578841, -3.779456365150142], [10.546163195981071, 5.714986393983234, -4.39087054600834], [8.367152388316933, 5.942239227075998, -6.878090402225772]], "name": "C7H16", "identifiers": {"molecule_hash": "899af4b66be0056d6e3b7843ff9229bbf17c9b52", "molecular_formula": "C7H16"}, "molecular_charge": 0.0, "molecular_multiplicity": 1, "connectivity": [[0, 1, 1.0], [0, 7, 1.0], [0, 8, 1.0], [0, 9, 1.0], [1, 2, 1.0], [1, 10, 1.0], [1, 11, 1.0], [2, 3, 1.0], [2, 12, 1.0], [2, 13, 1.0], [3, 4, 1.0], [3, 14, 1.0], [3, 15, 1.0], [4, 5, 1.0], [4, 16, 1.0], [4, 17, 1.0], [5, 6, 1.0], [5, 18, 1.0], [5, 19, 1.0], [6, 20, 1.0], [6, 21, 1.0], [6, 22, 1.0]], "fix_com": true, "fix_orientation": true, "provenance": {"creator": "QCElemental", "version": "v0.22.0", "routine": "qcelemental.molparse.from_schema"}, "id": "49556"}, "charge": 0, "optimize_geometry": false, "conformers": [], "conformer_generation_options": {"n_conformer_pool": 4000, "n_max_conformers": 0, "rms_tolerance": 0.05, "energy_window": 15, "keep_original_conformer": true}, "stage_1_unrestrained_charges": null, "stage_1_restrained_charges": null, "stage_2_unrestrained_charges": null, "stage_2_restrained_charges": null, "keep_original_orientation": false, "reorientations": [], "translations": [], "rotations": []}}]}, "surface_constraints": {"matrix": [[1929.3764898717036, 1873.7343880701233, 1800.7353482125234, 1706.9390653053804, 1614.5852474317178, 1534.7035362476304, 1473.4812012574982, 1936.0438037582305, 1934.413165411932, 1932.527281007414, 1867.1660235613672, 1865.7169130606667, 1816.9147900673756, 1786.3465562013082, 1697.8711887888146, 1702.379077430372, 1604.0706592912463, 1603.6385201911608, 1520.83922518506, 1522.5051525299618, 1454.0598996341896, 1477.3705409630625, 1432.5735640274568], [1873.7343880701233, 1923.2868852110435, 1871.1094988015495, 1800.1520353521196, 1721.1511973005408, 1644.4912563137093, 1577.9388788322776, 1853.077492551842, 1852.5546755682624, 1850.0817922140093, 1947.3772536149615, 1947.8028397480484, 1867.439453098862, 1870.0241463148895, 1802.502607056755, 1786.5131561083347, 1719.8510992888775, 1706.7526545522278, 1634.783721848434, 1632.0703396128808, 1564.1823539886047, 1573.186635446904, 1534.8103515355247], [1800.7353482125234, 1871.1094988015495, 1919.7821905177873, 1869.7929621366225, 1796.495509167625, 1724.8146439100453, 1647.1805990286794, 1787.7516857561395, 1762.0544917460925, 1776.5979962375754, 1865.4376603503565, 1866.2932335625587, 1948.332364458148, 1946.7003228236756, 1868.3291937018207, 1868.7598979389727, 1780.1446112448834, 1795.1092681737264, 1713.155021887402, 1725.0108101700653, 1624.7117170385384, 1641.911658719961, 1603.574861527396], [1706.9390653053804, 1800.1520353521196, 1869.7929621366225, 1916.9411400642139, 1865.2342117567525, 1788.5610205360454, 1719.8736537689363, 1686.7066180889149, 1674.0398219673143, 1671.641572825247, 1797.4281145693963, 1800.2965701547068, 1869.75045219645, 1866.8195151776806, 1945.3480582178877, 1944.0606710931017, 1863.0319874637669, 1867.448286326166, 1775.4163006250699, 1776.629034998384, 1694.4985973705186, 1721.702698703732, 1677.006373757036], [1614.5852474317178, 1721.1511973005408, 1796.495509167625, 1865.2342117567525, 1912.8133018809215, 1858.4390152680016, 1787.8788167969117, 1595.9360234961043, 1577.704771261247, 1574.2075465156213, 1731.0996050217557, 1719.0571385124088, 1794.2537707239592, 1787.8519314379403, 1864.1175803511835, 1863.2530330710188, 1939.3658248745833, 1944.828336289199, 1855.5418713279942, 1850.233788567918, 1755.3838724376512, 1775.694294167027, 1762.306139017158], [1534.7035362476304, 1644.4912563137093, 1724.8146439100453, 1788.5610205360454, 1858.4390152680016, 1905.732151358541, 1857.8989352852282, 1515.0293715471062, 1497.7405790363548, 1494.728168685625, 1663.3322772988142, 1634.7257816319116, 1713.3804435430177, 1735.366886035437, 1776.2561463156103, 1779.837148456609, 1855.1532350163059, 1860.4400077858006, 1932.0573554771495, 1926.5826044098803, 1835.198625072111, 1840.6081570024564, 1839.3099642389705], [1473.4812012574982, 1577.9388788322776, 1647.1805990286794, 1719.8736537689363, 1787.8788167969117, 1857.8989352852282, 1917.8065267829857, 1455.3482467972356, 1447.9390790561254, 1425.7959456017165, 1593.0482848006448, 1577.5439334328178, 1629.6105433344426, 1649.8222975524272, 1707.3275887135667, 1722.141885718562, 1789.2707980925568, 1768.9542218723197, 1851.9460771087456, 1847.5193091018104, 1922.5647045195353, 1928.5067489415972, 1925.6692886400447], [1936.0438037582305, 1853.077492551842, 1787.7516857561395, 1686.7066180889149, 1595.9360234961043, 1515.0293715471062, 1455.3482467972356, 2026.7691372156717, 1911.3270745516602, 1909.3900989860747, 1819.4056236292417, 1845.4101228788622, 1820.3560221004298, 1768.4539973572755, 1663.1330103617433, 1690.4986857730505, 1581.5161341732933, 1590.4795013168227, 1502.569867731688, 1500.3577683005167, 1428.4677219589798, 1463.953868141425, 1418.7631741280302], [1934.413165411932, 1852.5546755682624, 1762.0544917460925, 1674.0398219673143, 1577.704771261247, 1497.7405790363548, 1447.9390790561254, 1911.3270745516602, 2021.423499070249, 1907.7874821675405, 1847.3291501906522, 1838.7316671575154, 1772.610186643167, 1737.2554704436407, 1672.5658697797624, 1670.2827061124315, 1570.259163654434, 1561.3661589142582, 1477.5570456310616, 1482.575043585994, 1433.5198583506954, 1457.0862998006442, 1405.507884564164], [1932.527281007414, 1850.0817922140093, 1776.5979962375754, 1671.641572825247, 1574.2075465156213, 1494.728168685625, 1425.7959456017165, 1909.3900989860747, 1907.7874821675405, 2018.5474271781552, 1844.4265896556235, 1821.5427840899392, 1795.4949529105686, 1769.4603971276092, 1662.026363139838, 1665.7020319553835, 1558.4847973393573, 1565.5048105723556, 1483.297701095979, 1487.8907657556106, 1405.1052851233726, 1425.8910317842854, 1384.6756366386771], [1867.1660235613672, 1947.3772536149615, 1865.4376603503565, 1797.4281145693963, 1731.0996050217557, 1663.3322772988142, 1593.0482848006448, 1819.4056236292417, 1847.3291501906522, 1844.4265896556235, 2049.288190476231, 1943.3674610200117, 1827.3381790246851, 1872.8024499121334, 1803.0572003863767, 1771.8254639586523, 1739.4690471586555, 1709.345802843215, 1664.0619735832258, 1649.2668087508548, 1577.619115621315, 1584.579109113433, 1551.7200769406445], [1865.7169130606667, 1947.8028397480484, 1866.2932335625587, 1800.2965701547068, 1719.0571385124088, 1634.7257816319116, 1577.5439334328178, 1845.4101228788622, 1838.7316671575154, 1821.5427840899392, 1943.3674610200117, 2051.493544859029, 1854.0868043125033, 1845.526019080215, 1811.492226695908, 1782.9178320684339, 1727.8897452344286, 1699.8780439618677, 1618.9175907326762, 1615.0389955310168, 1577.4548400769065, 1569.5998109863574, 1532.011585972036], [1816.9147900673756, 1867.439453098862, 1948.332364458148, 1869.75045219645, 1794.2537707239592, 1713.3804435430177, 1629.6105433344426, 1820.3560221004298, 1772.610186643167, 1795.4949529105686, 1827.3381790246851, 1854.0868043125033, 2055.419267224541, 1947.1192208462041, 1848.497836547436, 1866.5540285528534, 1766.2801310963152, 1810.218083827003, 1692.5753658272188, 1721.0510653227432, 1598.3931460612941, 1626.9885683462892, 1587.931654493783], [1786.3465562013082, 1870.0241463148895, 1946.7003228236756, 1866.8195151776806, 1787.8519314379403, 1735.366886035437, 1649.8222975524272, 1768.4539973572755, 1737.2554704436407, 1769.4603971276092, 1872.8024499121334, 1845.526019080215, 1947.1192208462041, 2049.125243263174, 1856.9041625217278, 1855.49898030884, 1761.014078438678, 1777.2849246296662, 1731.8109280488634, 1748.577748253639, 1631.4327163087044, 1636.659392988594, 1603.6392109342503], [1697.8711887888146, 1802.502607056755, 1868.3291937018207, 1945.3480582178877, 1864.1175803511835, 1776.2561463156103, 1707.3275887135667, 1663.1330103617433, 1672.5658697797624, 1662.026363139838, 1803.0572003863767, 1811.492226695908, 1848.497836547436, 1856.9041625217278, 2050.298628260837, 1944.9043419575562, 1861.8760005277188, 1851.7628627755414, 1758.9579693906737, 1761.1684409465763, 1686.902506548508, 1711.9038909948022, 1656.900866993986], [1702.379077430372, 1786.5131561083347, 1868.7598979389727, 1944.0606710931017, 1863.2530330710188, 1779.837148456609, 1722.141885718562, 1690.4986857730505, 1670.2827061124315, 1665.7020319553835, 1771.8254639586523, 1782.9178320684339, 1866.5540285528534, 1855.49898030884, 1944.9043419575562, 2045.8325270402772, 1850.066064555455, 1858.3922400064434, 1762.5924135639946, 1758.1847125047593, 1695.4466939595254, 1738.3543909300367, 1674.986929410283], [1604.0706592912463, 1719.8510992888775, 1780.1446112448834, 1863.0319874637669, 1939.3658248745833, 1855.1532350163059, 1789.2707980925568, 1581.5161341732933, 1570.259163654434, 1558.4847973393573, 1739.4690471586555, 1727.8897452344286, 1766.2801310963152, 1761.014078438678, 1861.8760005277188, 1850.066064555455, 2042.896677707138, 1942.5594450052258, 1838.8966884235579, 1831.9035034508852, 1760.608764520123, 1765.7723537628376, 1774.4289288602806], [1603.6385201911608, 1706.7526545522278, 1795.1092681737264, 1867.448286326166, 1944.828336289199, 1860.4400077858006, 1768.9542218723197, 1590.4795013168227, 1561.3661589142582, 1565.5048105723556, 1709.345802843215, 1699.8780439618677, 1810.218083827003, 1777.2849246296662, 1851.7628627755414, 1858.3922400064434, 1942.5594450052258, 2054.4405054982053, 1855.935248559506, 1847.2475484593815, 1720.7566639040251, 1759.5835237976503, 1742.6629945772968], [1520.83922518506, 1634.783721848434, 1713.155021887402, 1775.4163006250699, 1855.5418713279942, 1932.0573554771495, 1851.9460771087456, 1502.569867731688, 1477.5570456310616, 1483.297701095979, 1664.0619735832258, 1618.9175907326762, 1692.5753658272188, 1731.8109280488634, 1758.9579693906737, 1762.5924135639946, 1838.8966884235579, 1855.935248559506, 2036.185090568879, 1924.9474274106115, 1817.015264675521, 1821.3892925954394, 1832.5754003566014], [1522.5051525299618, 1632.0703396128808, 1725.0108101700653, 1776.629034998384, 1850.233788567918, 1926.5826044098803, 1847.5193091018104, 1500.3577683005167, 1482.575043585994, 1487.8907657556106, 1649.2668087508548, 1615.0389955310168, 1721.0510653227432, 1748.577748253639, 1761.1684409465763, 1758.1847125047593, 1831.9035034508852, 1847.2475484593815, 1924.9474274106115, 2024.5359712264087, 1825.5170311870454, 1818.3399064559803, 1815.1074376842514], [1454.0598996341896, 1564.1823539886047, 1624.7117170385384, 1694.4985973705186, 1755.3838724376512, 1835.198625072111, 1922.5647045195353, 1428.4677219589798, 1433.5198583506954, 1405.1052851233726, 1577.619115621315, 1577.4548400769065, 1598.3931460612941, 1631.4327163087044, 1686.902506548508, 1695.4466939595254, 1760.608764520123, 1720.7566639040251, 1817.015264675521, 1825.5170311870454, 2007.695821412343, 1905.8865125600316, 1901.2514809135605], [1477.3705409630625, 1573.186635446904, 1641.911658719961, 1721.702698703732, 1775.694294167027, 1840.6081570024564, 1928.5067489415972, 1463.953868141425, 1457.0862998006442, 1425.8910317842854, 1584.579109113433, 1569.5998109863574, 1626.9885683462892, 1636.659392988594, 1711.9038909948022, 1738.3543909300367, 1765.7723537628376, 1759.5835237976503, 1821.3892925954394, 1818.3399064559803, 1905.8865125600316, 2020.4784216794374, 1907.0556011744536], [1432.5735640274568, 1534.8103515355247, 1603.574861527396, 1677.006373757036, 1762.306139017158, 1839.3099642389705, 1925.6692886400447, 1418.7631741280302, 1405.507884564164, 1384.6756366386771, 1551.7200769406445, 1532.011585972036, 1587.931654493783, 1603.6392109342503, 1656.900866993986, 1674.986929410283, 1774.4289288602806, 1742.6629945772968, 1832.5754003566014, 1815.1074376842514, 1901.2514809135605, 1907.0556011744536, 2014.357055246289], [4.166034391231792, 6.2852537632983685, 6.9454013378773345, 7.074711335726661, 6.843705323062753, 6.36705165087839, 4.570711156981934, 3.9532916699405343, 3.6839216738021707, 3.6392029858007287, 6.767702900839764, 6.532682426132247, 7.066240364376971, 7.122513438223646, 7.287073546055148, 7.0150117547093185, 6.82394029609431, 6.992271906521872, 6.768347296509921, 6.648635599873453, 4.213538549501068, 4.307131667866523, 4.182854006683414]]}}