{"resp_b": 0.1, "restrained_fit": true, "exclude_hydrogens": true, "convergence_tolerance": 1e-06, "max_iter": 500, "resp_a": 0.0005, "charge_constraints": {"charge_sum_constraints": [], "charge_equivalence_constraints": [], "molecules": [{"qcmol": {"schema_name": "qcschema_molecule", "schema_version": 2, "validated": true, "symbols": ["C", "C", "C", "C", "C", "C", "C", "H", "H", "H", "H", "H", "H", "H", "H", "H", "H", "H", "H", "H", "H", "H", "H"], "geometry": [[0.0, 0.0, -0.0], [2.888826008120614, -3.4189518986636975e-16, 9.45428851876576e-16], [4.0025832036420095, 2.6702127425283644, -4.440892098500626e-16], [6.891427465196084, 2.7816992662257425, 0.21925545649762934], [8.389943336198545, 1.531464887846334, -1.9288398738276813], [7.912820636905778, 2.573738901270769, -4.591766526246426], [8.593918364497783, 5.363496288817993, -4.9227685932902325], [-0.7446917048936355, -1.9117834188150926, -0.007266917882915669], [-0.7417226564126185, 0.9539586652129537, 1.6596377498840316], [-0.7403594772163357, 0.964422516832043, -1.6545410547675705], [3.5573490780508914, -1.0426609499619424, -1.6376426825568333], [3.570305375693694, -1.0197100534663774, 1.6509663245527164], [3.205166663721135, 3.7125289694653043, 1.583502991351323], [3.3835988948922706, 3.661661996448207, -1.6909254467255819], [7.449051408473277, 1.8892560590714278, 1.986321374199349], [7.45699364725275, 4.749047333147483, 0.3863671294961333], [8.013345631192216, -0.48739365735557827, -1.9390976544259613], [10.392689584195594, 1.7244740477942897, -1.501485124812406], [9.021451964893531, 1.4622355919410748, -5.917619136662722], [5.94940413139668, 2.284686926202354, -5.121129573768965], [7.407307865705027, 6.58404456578841, -3.779456365150142], [10.546163195981071, 5.714986393983234, -4.39087054600834], [8.367152388316933, 5.942239227075998, -6.878090402225772]], "name": "C7H16", "identifiers": {"molecule_hash": "899af4b66be0056d6e3b7843ff9229bbf17c9b52", "molecular_formula": "C7H16"}, "molecular_charge": 0.0, "molecular_multiplicity": 1, "connectivity": [[0, 1, 1.0], [0, 7, 1.0], [0, 8, 1.0], [0, 9, 1.0], [1, 2, 1.0], [1, 10, 1.0], [1, 11, 1.0], [2, 3, 1.0], [2, 12, 1.0], [2, 13, 1.0], [3, 4, 1.0], [3, 14, 1.0], [3, 15, 1.0], [4, 5, 1.0], [4, 16, 1.0], [4, 17, 1.0], [5, 6, 1.0], [5, 18, 1.0], [5, 19, 1.0], [6, 20, 1.0], [6, 21, 1.0], [6, 22, 1.0]], "fix_com": true, "fix_orientation": true, "provenance": {"creator": "QCElemental", "version": "v0.22.0", "routine": "qcelemental.molparse.from_schema"}, "id": "49556"}, "charge": 0, "optimize_geometry": false, "conformers": [], "conformer_generation_options": {"n_conformer_pool": 4000, "n_max_conformers": 0, "rms_tolerance": 0.05, "energy_window": 15, "keep_original_conformer": true}, "stage_1_unrestrained_charges": null, "stage_1_restrained_charges": null, "stage_2_unrestrained_charges": null, "stage_2_restrained_charges": null, "keep_original_orientation": false, "reorientations": [], "translations": [], "rotations": []}], "unconstrained_atoms": [{"index": 0, "molecule": {"qcmol": {"schema_name": "qcschema_molecule", "schema_version": 2, "validated": true, "symbols": ["C", "C", "C", "C", "C", "C", "C", "H", "H", "H", "H", "H", "H", "H", "H", "H", "H", "H", "H", "H", "H", "H", "H"], "geometry": [[0.0, 0.0, -0.0], [2.888826008120614, -3.4189518986636975e-16, 9.45428851876576e-16], [4.0025832036420095, 2.6702127425283644, -4.440892098500626e-16], [6.891427465196084, 2.7816992662257425, 0.21925545649762934], [8.389943336198545, 1.531464887846334, -1.9288398738276813], [7.912820636905778, 2.573738901270769, -4.591766526246426], [8.593918364497783, 5.363496288817993, -4.9227685932902325], [-0.7446917048936355, -1.9117834188150926, -0.007266917882915669], [-0.7417226564126185, 0.9539586652129537, 1.6596377498840316], [-0.7403594772163357, 0.964422516832043, -1.6545410547675705], [3.5573490780508914, -1.0426609499619424, -1.6376426825568333], [3.570305375693694, -1.0197100534663774, 1.6509663245527164], [3.205166663721135, 3.7125289694653043, 1.583502991351323], [3.3835988948922706, 3.661661996448207, -1.6909254467255819], [7.449051408473277, 1.8892560590714278, 1.986321374199349], [7.45699364725275, 4.749047333147483, 0.3863671294961333], [8.013345631192216, -0.48739365735557827, -1.9390976544259613], [10.392689584195594, 1.7244740477942897, -1.501485124812406], [9.021451964893531, 1.4622355919410748, -5.917619136662722], [5.94940413139668, 2.284686926202354, -5.121129573768965], [7.407307865705027, 6.58404456578841, -3.779456365150142], [10.546163195981071, 5.714986393983234, -4.39087054600834], [8.367152388316933, 5.942239227075998, -6.878090402225772]], "name": "C7H16", "identifiers": {"molecule_hash": "899af4b66be0056d6e3b7843ff9229bbf17c9b52", "molecular_formula": "C7H16"}, "molecular_charge": 0.0, "molecular_multiplicity": 1, "connectivity": [[0, 1, 1.0], [0, 7, 1.0], [0, 8, 1.0], [0, 9, 1.0], [1, 2, 1.0], [1, 10, 1.0], [1, 11, 1.0], [2, 3, 1.0], [2, 12, 1.0], [2, 13, 1.0], [3, 4, 1.0], [3, 14, 1.0], [3, 15, 1.0], [4, 5, 1.0], [4, 16, 1.0], [4, 17, 1.0], [5, 6, 1.0], [5, 18, 1.0], [5, 19, 1.0], [6, 20, 1.0], [6, 21, 1.0], [6, 22, 1.0]], "fix_com": true, "fix_orientation": true, "provenance": {"creator": "QCElemental", "version": "v0.22.0", "routine": "qcelemental.molparse.from_schema"}, "id": "49556"}, "charge": 0, "optimize_geometry": false, "conformers": [], "conformer_generation_options": {"n_conformer_pool": 4000, "n_max_conformers": 0, "rms_tolerance": 0.05, "energy_window": 15, "keep_original_conformer": true}, "stage_1_unrestrained_charges": null, "stage_1_restrained_charges": null, "stage_2_unrestrained_charges": null, "stage_2_restrained_charges": null, "keep_original_orientation": false, "reorientations": [], "translations": [], "rotations": []}}, {"index": 1, "molecule": {"qcmol": {"schema_name": "qcschema_molecule", "schema_version": 2, "validated": true, "symbols": ["C", "C", "C", "C", "C", "C", "C", "H", "H", "H", "H", "H", "H", "H", "H", "H", "H", "H", "H", "H", "H", "H", "H"], "geometry": [[0.0, 0.0, -0.0], [2.888826008120614, -3.4189518986636975e-16, 9.45428851876576e-16], [4.0025832036420095, 2.6702127425283644, -4.440892098500626e-16], [6.891427465196084, 2.7816992662257425, 0.21925545649762934], [8.389943336198545, 1.531464887846334, -1.9288398738276813], [7.912820636905778, 2.573738901270769, -4.591766526246426], [8.593918364497783, 5.363496288817993, -4.9227685932902325], [-0.7446917048936355, -1.9117834188150926, -0.007266917882915669], [-0.7417226564126185, 0.9539586652129537, 1.6596377498840316], [-0.7403594772163357, 0.964422516832043, -1.6545410547675705], [3.5573490780508914, -1.0426609499619424, -1.6376426825568333], [3.570305375693694, -1.0197100534663774, 1.6509663245527164], [3.205166663721135, 3.7125289694653043, 1.583502991351323], [3.3835988948922706, 3.661661996448207, -1.6909254467255819], [7.449051408473277, 1.8892560590714278, 1.986321374199349], [7.45699364725275, 4.749047333147483, 0.3863671294961333], [8.013345631192216, -0.48739365735557827, -1.9390976544259613], [10.392689584195594, 1.7244740477942897, -1.501485124812406], [9.021451964893531, 1.4622355919410748, -5.917619136662722], [5.94940413139668, 2.284686926202354, -5.121129573768965], [7.407307865705027, 6.58404456578841, -3.779456365150142], [10.546163195981071, 5.714986393983234, -4.39087054600834], [8.367152388316933, 5.942239227075998, -6.878090402225772]], "name": "C7H16", "identifiers": {"molecule_hash": "899af4b66be0056d6e3b7843ff9229bbf17c9b52", "molecular_formula": "C7H16"}, "molecular_charge": 0.0, "molecular_multiplicity": 1, "connectivity": [[0, 1, 1.0], [0, 7, 1.0], [0, 8, 1.0], [0, 9, 1.0], [1, 2, 1.0], [1, 10, 1.0], [1, 11, 1.0], [2, 3, 1.0], [2, 12, 1.0], [2, 13, 1.0], [3, 4, 1.0], [3, 14, 1.0], [3, 15, 1.0], [4, 5, 1.0], [4, 16, 1.0], [4, 17, 1.0], [5, 6, 1.0], [5, 18, 1.0], [5, 19, 1.0], [6, 20, 1.0], [6, 21, 1.0], [6, 22, 1.0]], "fix_com": true, "fix_orientation": true, "provenance": {"creator": "QCElemental", "version": "v0.22.0", "routine": "qcelemental.molparse.from_schema"}, "id": "49556"}, "charge": 0, "optimize_geometry": false, "conformers": [], "conformer_generation_options": {"n_conformer_pool": 4000, "n_max_conformers": 0, "rms_tolerance": 0.05, "energy_window": 15, "keep_original_conformer": true}, "stage_1_unrestrained_charges": null, "stage_1_restrained_charges": null, "stage_2_unrestrained_charges": null, "stage_2_restrained_charges": null, "keep_original_orientation": false, "reorientations": [], "translations": [], "rotations": []}}, {"index": 2, "molecule": {"qcmol": {"schema_name": "qcschema_molecule", "schema_version": 2, "validated": true, "symbols": ["C", "C", "C", "C", "C", "C", "C", "H", "H", "H", "H", "H", "H", "H", "H", "H", "H", "H", "H", "H", "H", "H", "H"], "geometry": [[0.0, 0.0, -0.0], [2.888826008120614, -3.4189518986636975e-16, 9.45428851876576e-16], [4.0025832036420095, 2.6702127425283644, -4.440892098500626e-16], [6.891427465196084, 2.7816992662257425, 0.21925545649762934], [8.389943336198545, 1.531464887846334, -1.9288398738276813], [7.912820636905778, 2.573738901270769, -4.591766526246426], [8.593918364497783, 5.363496288817993, -4.9227685932902325], [-0.7446917048936355, -1.9117834188150926, -0.007266917882915669], [-0.7417226564126185, 0.9539586652129537, 1.6596377498840316], [-0.7403594772163357, 0.964422516832043, -1.6545410547675705], [3.5573490780508914, -1.0426609499619424, -1.6376426825568333], [3.570305375693694, -1.0197100534663774, 1.6509663245527164], [3.205166663721135, 3.7125289694653043, 1.583502991351323], [3.3835988948922706, 3.661661996448207, -1.6909254467255819], [7.449051408473277, 1.8892560590714278, 1.986321374199349], [7.45699364725275, 4.749047333147483, 0.3863671294961333], [8.013345631192216, -0.48739365735557827, -1.9390976544259613], [10.392689584195594, 1.7244740477942897, -1.501485124812406], [9.021451964893531, 1.4622355919410748, -5.917619136662722], [5.94940413139668, 2.284686926202354, -5.121129573768965], [7.407307865705027, 6.58404456578841, -3.779456365150142], [10.546163195981071, 5.714986393983234, -4.39087054600834], [8.367152388316933, 5.942239227075998, -6.878090402225772]], "name": "C7H16", "identifiers": {"molecule_hash": "899af4b66be0056d6e3b7843ff9229bbf17c9b52", "molecular_formula": "C7H16"}, "molecular_charge": 0.0, "molecular_multiplicity": 1, "connectivity": [[0, 1, 1.0], [0, 7, 1.0], [0, 8, 1.0], [0, 9, 1.0], [1, 2, 1.0], [1, 10, 1.0], [1, 11, 1.0], [2, 3, 1.0], [2, 12, 1.0], [2, 13, 1.0], [3, 4, 1.0], [3, 14, 1.0], [3, 15, 1.0], [4, 5, 1.0], [4, 16, 1.0], [4, 17, 1.0], [5, 6, 1.0], [5, 18, 1.0], [5, 19, 1.0], [6, 20, 1.0], [6, 21, 1.0], [6, 22, 1.0]], "fix_com": true, "fix_orientation": true, "provenance": {"creator": "QCElemental", "version": "v0.22.0", "routine": "qcelemental.molparse.from_schema"}, "id": "49556"}, "charge": 0, "optimize_geometry": false, "conformers": [], "conformer_generation_options": {"n_conformer_pool": 4000, "n_max_conformers": 0, "rms_tolerance": 0.05, "energy_window": 15, "keep_original_conformer": true}, "stage_1_unrestrained_charges": null, "stage_1_restrained_charges": null, "stage_2_unrestrained_charges": null, "stage_2_restrained_charges": null, "keep_original_orientation": false, "reorientations": [], "translations": [], "rotations": []}}, {"index": 3, "molecule": {"qcmol": {"schema_name": "qcschema_molecule", "schema_version": 2, "validated": true, "symbols": ["C", "C", "C", "C", "C", "C", "C", "H", "H", "H", "H", "H", "H", "H", "H", "H", "H", "H", "H", "H", "H", "H", "H"], "geometry": [[0.0, 0.0, -0.0], [2.888826008120614, -3.4189518986636975e-16, 9.45428851876576e-16], [4.0025832036420095, 2.6702127425283644, -4.440892098500626e-16], [6.891427465196084, 2.7816992662257425, 0.21925545649762934], [8.389943336198545, 1.531464887846334, -1.9288398738276813], [7.912820636905778, 2.573738901270769, -4.591766526246426], [8.593918364497783, 5.363496288817993, -4.9227685932902325], [-0.7446917048936355, -1.9117834188150926, -0.007266917882915669], [-0.7417226564126185, 0.9539586652129537, 1.6596377498840316], [-0.7403594772163357, 0.964422516832043, -1.6545410547675705], [3.5573490780508914, -1.0426609499619424, -1.6376426825568333], [3.570305375693694, -1.0197100534663774, 1.6509663245527164], [3.205166663721135, 3.7125289694653043, 1.583502991351323], [3.3835988948922706, 3.661661996448207, -1.6909254467255819], [7.449051408473277, 1.8892560590714278, 1.986321374199349], [7.45699364725275, 4.749047333147483, 0.3863671294961333], [8.013345631192216, -0.48739365735557827, -1.9390976544259613], [10.392689584195594, 1.7244740477942897, -1.501485124812406], [9.021451964893531, 1.4622355919410748, -5.917619136662722], [5.94940413139668, 2.284686926202354, -5.121129573768965], [7.407307865705027, 6.58404456578841, -3.779456365150142], [10.546163195981071, 5.714986393983234, -4.39087054600834], [8.367152388316933, 5.942239227075998, -6.878090402225772]], "name": "C7H16", "identifiers": {"molecule_hash": "899af4b66be0056d6e3b7843ff9229bbf17c9b52", "molecular_formula": "C7H16"}, "molecular_charge": 0.0, "molecular_multiplicity": 1, "connectivity": [[0, 1, 1.0], [0, 7, 1.0], [0, 8, 1.0], [0, 9, 1.0], [1, 2, 1.0], [1, 10, 1.0], [1, 11, 1.0], [2, 3, 1.0], [2, 12, 1.0], [2, 13, 1.0], [3, 4, 1.0], [3, 14, 1.0], [3, 15, 1.0], [4, 5, 1.0], [4, 16, 1.0], [4, 17, 1.0], [5, 6, 1.0], [5, 18, 1.0], [5, 19, 1.0], [6, 20, 1.0], [6, 21, 1.0], [6, 22, 1.0]], "fix_com": true, "fix_orientation": true, "provenance": {"creator": "QCElemental", "version": "v0.22.0", "routine": "qcelemental.molparse.from_schema"}, "id": "49556"}, "charge": 0, "optimize_geometry": false, "conformers": [], "conformer_generation_options": {"n_conformer_pool": 4000, "n_max_conformers": 0, "rms_tolerance": 0.05, "energy_window": 15, "keep_original_conformer": true}, "stage_1_unrestrained_charges": null, "stage_1_restrained_charges": null, "stage_2_unrestrained_charges": null, "stage_2_restrained_charges": null, "keep_original_orientation": false, "reorientations": [], "translations": [], "rotations": []}}, {"index": 4, "molecule": {"qcmol": {"schema_name": "qcschema_molecule", "schema_version": 2, "validated": true, "symbols": ["C", "C", "C", "C", "C", "C", "C", "H", "H", "H", "H", "H", "H", "H", "H", "H", "H", "H", "H", "H", "H", "H", "H"], "geometry": [[0.0, 0.0, -0.0], [2.888826008120614, -3.4189518986636975e-16, 9.45428851876576e-16], [4.0025832036420095, 2.6702127425283644, -4.440892098500626e-16], [6.891427465196084, 2.7816992662257425, 0.21925545649762934], [8.389943336198545, 1.531464887846334, -1.9288398738276813], [7.912820636905778, 2.573738901270769, -4.591766526246426], [8.593918364497783, 5.363496288817993, -4.9227685932902325], [-0.7446917048936355, -1.9117834188150926, -0.007266917882915669], [-0.7417226564126185, 0.9539586652129537, 1.6596377498840316], [-0.7403594772163357, 0.964422516832043, -1.6545410547675705], [3.5573490780508914, -1.0426609499619424, -1.6376426825568333], [3.570305375693694, -1.0197100534663774, 1.6509663245527164], [3.205166663721135, 3.7125289694653043, 1.583502991351323], [3.3835988948922706, 3.661661996448207, -1.6909254467255819], [7.449051408473277, 1.8892560590714278, 1.986321374199349], [7.45699364725275, 4.749047333147483, 0.3863671294961333], [8.013345631192216, -0.48739365735557827, -1.9390976544259613], [10.392689584195594, 1.7244740477942897, -1.501485124812406], [9.021451964893531, 1.4622355919410748, -5.917619136662722], [5.94940413139668, 2.284686926202354, -5.121129573768965], [7.407307865705027, 6.58404456578841, -3.779456365150142], [10.546163195981071, 5.714986393983234, -4.39087054600834], [8.367152388316933, 5.942239227075998, -6.878090402225772]], "name": "C7H16", "identifiers": {"molecule_hash": "899af4b66be0056d6e3b7843ff9229bbf17c9b52", "molecular_formula": "C7H16"}, "molecular_charge": 0.0, "molecular_multiplicity": 1, "connectivity": [[0, 1, 1.0], [0, 7, 1.0], [0, 8, 1.0], [0, 9, 1.0], [1, 2, 1.0], [1, 10, 1.0], [1, 11, 1.0], [2, 3, 1.0], [2, 12, 1.0], [2, 13, 1.0], [3, 4, 1.0], [3, 14, 1.0], [3, 15, 1.0], [4, 5, 1.0], [4, 16, 1.0], [4, 17, 1.0], [5, 6, 1.0], [5, 18, 1.0], [5, 19, 1.0], [6, 20, 1.0], [6, 21, 1.0], [6, 22, 1.0]], "fix_com": true, "fix_orientation": true, "provenance": {"creator": "QCElemental", "version": "v0.22.0", "routine": "qcelemental.molparse.from_schema"}, "id": "49556"}, "charge": 0, "optimize_geometry": false, "conformers": [], "conformer_generation_options": {"n_conformer_pool": 4000, "n_max_conformers": 0, "rms_tolerance": 0.05, "energy_window": 15, "keep_original_conformer": true}, "stage_1_unrestrained_charges": null, "stage_1_restrained_charges": null, "stage_2_unrestrained_charges": null, "stage_2_restrained_charges": null, "keep_original_orientation": false, "reorientations": [], "translations": [], "rotations": []}}, {"index": 5, "molecule": {"qcmol": {"schema_name": "qcschema_molecule", "schema_version": 2, "validated": true, "symbols": ["C", "C", "C", "C", "C", "C", "C", "H", "H", "H", "H", "H", "H", "H", "H", "H", "H", "H", "H", "H", "H", "H", "H"], "geometry": [[0.0, 0.0, -0.0], [2.888826008120614, -3.4189518986636975e-16, 9.45428851876576e-16], [4.0025832036420095, 2.6702127425283644, -4.440892098500626e-16], [6.891427465196084, 2.7816992662257425, 0.21925545649762934], [8.389943336198545, 1.531464887846334, -1.9288398738276813], [7.912820636905778, 2.573738901270769, -4.591766526246426], [8.593918364497783, 5.363496288817993, -4.9227685932902325], [-0.7446917048936355, -1.9117834188150926, -0.007266917882915669], [-0.7417226564126185, 0.9539586652129537, 1.6596377498840316], [-0.7403594772163357, 0.964422516832043, -1.6545410547675705], [3.5573490780508914, -1.0426609499619424, -1.6376426825568333], [3.570305375693694, -1.0197100534663774, 1.6509663245527164], [3.205166663721135, 3.7125289694653043, 1.583502991351323], [3.3835988948922706, 3.661661996448207, -1.6909254467255819], [7.449051408473277, 1.8892560590714278, 1.986321374199349], [7.45699364725275, 4.749047333147483, 0.3863671294961333], [8.013345631192216, -0.48739365735557827, -1.9390976544259613], [10.392689584195594, 1.7244740477942897, -1.501485124812406], [9.021451964893531, 1.4622355919410748, -5.917619136662722], [5.94940413139668, 2.284686926202354, -5.121129573768965], [7.407307865705027, 6.58404456578841, -3.779456365150142], [10.546163195981071, 5.714986393983234, -4.39087054600834], [8.367152388316933, 5.942239227075998, -6.878090402225772]], "name": "C7H16", "identifiers": {"molecule_hash": "899af4b66be0056d6e3b7843ff9229bbf17c9b52", "molecular_formula": "C7H16"}, "molecular_charge": 0.0, "molecular_multiplicity": 1, "connectivity": [[0, 1, 1.0], [0, 7, 1.0], [0, 8, 1.0], [0, 9, 1.0], [1, 2, 1.0], [1, 10, 1.0], [1, 11, 1.0], [2, 3, 1.0], [2, 12, 1.0], [2, 13, 1.0], [3, 4, 1.0], [3, 14, 1.0], [3, 15, 1.0], [4, 5, 1.0], [4, 16, 1.0], [4, 17, 1.0], [5, 6, 1.0], [5, 18, 1.0], [5, 19, 1.0], [6, 20, 1.0], [6, 21, 1.0], [6, 22, 1.0]], "fix_com": true, "fix_orientation": true, "provenance": {"creator": "QCElemental", "version": "v0.22.0", "routine": "qcelemental.molparse.from_schema"}, "id": "49556"}, "charge": 0, "optimize_geometry": false, "conformers": [], "conformer_generation_options": {"n_conformer_pool": 4000, "n_max_conformers": 0, "rms_tolerance": 0.05, "energy_window": 15, "keep_original_conformer": true}, "stage_1_unrestrained_charges": null, "stage_1_restrained_charges": null, "stage_2_unrestrained_charges": null, "stage_2_restrained_charges": null, "keep_original_orientation": false, "reorientations": [], "translations": [], "rotations": []}}, {"index": 6, "molecule": {"qcmol": {"schema_name": "qcschema_molecule", "schema_version": 2, "validated": true, "symbols": ["C", "C", "C", "C", "C", "C", "C", "H", "H", "H", "H", "H", "H", "H", "H", "H", "H", "H", "H", "H", "H", "H", "H"], "geometry": [[0.0, 0.0, -0.0], [2.888826008120614, -3.4189518986636975e-16, 9.45428851876576e-16], [4.0025832036420095, 2.6702127425283644, -4.440892098500626e-16], [6.891427465196084, 2.7816992662257425, 0.21925545649762934], [8.389943336198545, 1.531464887846334, -1.9288398738276813], [7.912820636905778, 2.573738901270769, -4.591766526246426], [8.593918364497783, 5.363496288817993, -4.9227685932902325], [-0.7446917048936355, -1.9117834188150926, -0.007266917882915669], [-0.7417226564126185, 0.9539586652129537, 1.6596377498840316], [-0.7403594772163357, 0.964422516832043, -1.6545410547675705], [3.5573490780508914, -1.0426609499619424, -1.6376426825568333], [3.570305375693694, -1.0197100534663774, 1.6509663245527164], [3.205166663721135, 3.7125289694653043, 1.583502991351323], [3.3835988948922706, 3.661661996448207, -1.6909254467255819], [7.449051408473277, 1.8892560590714278, 1.986321374199349], [7.45699364725275, 4.749047333147483, 0.3863671294961333], [8.013345631192216, -0.48739365735557827, -1.9390976544259613], [10.392689584195594, 1.7244740477942897, -1.501485124812406], [9.021451964893531, 1.4622355919410748, -5.917619136662722], [5.94940413139668, 2.284686926202354, -5.121129573768965], [7.407307865705027, 6.58404456578841, -3.779456365150142], [10.546163195981071, 5.714986393983234, -4.39087054600834], [8.367152388316933, 5.942239227075998, -6.878090402225772]], "name": "C7H16", "identifiers": {"molecule_hash": "899af4b66be0056d6e3b7843ff9229bbf17c9b52", "molecular_formula": "C7H16"}, "molecular_charge": 0.0, "molecular_multiplicity": 1, "connectivity": [[0, 1, 1.0], [0, 7, 1.0], [0, 8, 1.0], [0, 9, 1.0], [1, 2, 1.0], [1, 10, 1.0], [1, 11, 1.0], [2, 3, 1.0], [2, 12, 1.0], [2, 13, 1.0], [3, 4, 1.0], [3, 14, 1.0], [3, 15, 1.0], [4, 5, 1.0], [4, 16, 1.0], [4, 17, 1.0], [5, 6, 1.0], [5, 18, 1.0], [5, 19, 1.0], [6, 20, 1.0], [6, 21, 1.0], [6, 22, 1.0]], "fix_com": true, "fix_orientation": true, "provenance": {"creator": "QCElemental", "version": "v0.22.0", "routine": "qcelemental.molparse.from_schema"}, "id": "49556"}, "charge": 0, "optimize_geometry": false, "conformers": [], "conformer_generation_options": {"n_conformer_pool": 4000, "n_max_conformers": 0, "rms_tolerance": 0.05, "energy_window": 15, "keep_original_conformer": true}, "stage_1_unrestrained_charges": null, "stage_1_restrained_charges": null, "stage_2_unrestrained_charges": null, "stage_2_restrained_charges": null, "keep_original_orientation": false, "reorientations": [], "translations": [], "rotations": []}}]}, "surface_constraints": {"matrix": [[400607721509305.8, 389744581833058.0, 375682416269322.44, 357249769521517.6, 338788839265714.2, 323005072127259.5, 311125162205652.44, 402795876084067.5, 402543414601236.56, 401920652376033.2, 389081752972585.75, 388524909386128.4, 379339677082014.44, 373362474915994.0, 355826167133635.0, 356844953830019.4, 336878896955131.2, 336683313911624.6, 320457721718349.1, 320785327465388.06, 307599581497006.9, 312202496394200.5, 303295616997284.25], [389744581833058.0, 399047717413993.94, 389099274003763.56, 375209829860848.56, 359516406093825.9, 344607389262795.56, 331801739943808.25, 386497788949484.2, 386440484031664.0, 385713086996224.8, 404415058333841.94, 404200472772929.7, 388864039307153.6, 389469861582372.25, 376147973911789.5, 373029214003004.3, 359433856794276.06, 356744140986175.4, 342981845040574.75, 342454971574126.0, 329550046317261.6, 331142186425674.5, 323637245603329.8], [375682416269322.44, 389099274003763.56, 398512510707053.2, 388646799735862.0, 374268574638131.3, 360425338198209.1, 345543788614983.25, 373807868513290.44, 368771070454259.94, 371441234880315.25, 388587235562646.1, 388455116362012.5, 404639690500519.9, 404437008972760.75, 388774220292177.8, 388967391784133.4, 371355064778907.25, 374115773865636.75, 358451082500420.3, 360862452471377.6, 341645992365777.56, 344817637916700.25, 337361846787649.94], [357249769521517.6, 375209829860848.56, 388646799735862.0, 397667918454305.7, 387454583698644.7, 372700876843227.8, 359729478234624.2, 353784980927882.25, 351357640991525.0, 350686822863651.3, 375178459001031.0, 375523013920966.06, 388997868293615.6, 388605538137400.5, 403753615989692.2, 403647825360625.25, 387442456742572.4, 387995232794756.44, 370536889132284.2, 370732292278799.56, 355366692430299.1, 360496133599601.6, 351804558554376.56], [338788839265714.2, 359516406093825.9, 374268574638131.3, 387454583698644.7, 396263634767648.8, 385903905633429.8, 372834922198879.75, 335579277209738.94, 331985350293340.94, 331061566698549.5, 361878749443693.9, 359297625155843.25, 374233885079758.4, 373071235468020.2, 387726274531609.4, 387701239272143.5, 401945151560475.94, 402607671426222.3, 385691784993500.94, 384832707274336.0, 367214094508663.7, 370979350022392.3, 368457030232727.25], [323005072127259.5, 344607389262795.56, 360425338198209.1, 372700876843227.8, 385903905633429.8, 395058903370301.25, 386541905232192.9, 319493005600263.4, 316082943628932.56, 315254096582996.25, 348779380056299.4, 342819768683020.75, 358499940309072.5, 362981777789843.5, 370664941328805.25, 371532493588596.06, 385744781117927.44, 386349965685898.25, 400542530317920.5, 399744845182854.0, 383052255048399.94, 383833001147076.44, 383654720854644.75], [311125162205652.44, 331801739943808.25, 345543788614983.25, 359729478234624.2, 372834922198879.75, 386541905232192.9, 398756456438425.7, 307864208351956.4, 306495161289967.44, 301715676301153.4, 335204393955285.9, 331860617023357.6, 342299679277967.3, 346492912571528.9, 357506187525346.2, 360681019988692.2, 373541072661555.94, 369193970355763.75, 385670501443156.3, 385104831895106.5, 400766634695523.25, 401585606627809.9, 401169367657879.1], [402795876084067.5, 386497788949484.2, 373807868513290.44, 353784980927882.25, 335579277209738.94, 319493005600263.4, 307864208351956.4, 421659112856777.8, 398819314788663.8, 398206192453641.3, 380414620750816.4, 385305053442710.8, 380759076016233.7, 370507955551669.6, 349396436240244.2, 355011977434872.2, 332859150824680.1, 334612510502506.75, 317198437530015.44, 316747985772353.9, 302771649668731.06, 309895183549703.25, 300895413752819.1], [402543414601236.56, 386440484031664.0, 368771070454259.94, 351357640991525.0, 331985350293340.94, 316082943628932.56, 306495161289967.44, 398819314788663.8, 420773420732299.2, 397983685759369.5, 385984792626660.4, 384067598418657.5, 371298738520581.06, 364270556698977.56, 351413509739255.8, 351115438249526.44, 330692354191801.56, 328750157052210.5, 312190282359712.9, 313224059539817.3, 303969209369255.4, 308678182241784.56, 298294070263345.2], [401920652376033.2, 385713086996224.8, 371441234880315.25, 350686822863651.3, 331061566698549.5, 315254096582996.25, 301715676301153.4, 398206192453641.3, 397983685759369.5, 419701780148054.56, 385195191558646.6, 380373037339983.06, 375642278424642.2, 370533733362480.7, 349125492831797.3, 350003100725106.25, 328081015902670.5, 329367874225110.3, 313193492140059.8, 314087605315247.06, 297888090555951.75, 302003374957512.9, 293773794518221.3], [389081752972585.75, 404415058333841.94, 388587235562646.1, 375178459001031.0, 361878749443693.9, 348779380056299.4, 335204393955285.9, 380414620750816.4, 385984792626660.4, 385195191558646.6, 425308233714304.1, 403892938758464.7, 381533294686202.2, 390560009937122.0, 376816281464618.75, 370565902851281.25, 363667413977342.6, 357576699051772.5, 349305382630525.3, 346303465296810.06, 332596757456617.7, 333802036268545.56, 327412045940772.5], [388524909386128.4, 404200472772929.7, 388455116362012.5, 375523013920966.06, 359297625155843.25, 342819768683020.75, 331860617023357.6, 385305053442710.8, 384067598418657.5, 380373037339983.06, 403892938758464.7, 425156145177796.44, 386415452590433.94, 384953022727634.6, 378268983294942.5, 372607398337344.44, 361193419519251.06, 355562467469467.94, 339931501645018.06, 339211098197797.0, 332411813172235.75, 330510232614142.6, 323184329945471.9], [379339677082014.44, 388864039307153.6, 404639690500519.9, 388997868293615.6, 374233885079758.4, 358499940309072.5, 342299679277967.3, 380759076016233.7, 371298738520581.06, 375642278424642.2, 381533294686202.2, 386415452590433.94, 426469992668010.1, 405060646285131.2, 385075374505949.1, 388814505603623.6, 369008062480054.0, 377589472213330.75, 354646589633427.7, 360470946685085.2, 336592829886480.9, 342076987149082.5, 334461167559927.06], [373362474915994.0, 389469861582372.25, 404437008972760.75, 388605538137400.5, 373071235468020.2, 362981777789843.5, 346492912571528.9, 370507955551669.6, 364270556698977.56, 370533733362480.7, 390560009937122.0, 384953022727634.6, 405060646285131.2, 425435869798784.7, 387007149957231.9, 386833636785951.9, 368069324062597.75, 371072318775769.2, 362604211620713.75, 366042032123708.56, 343429438447740.75, 344156543643351.0, 337773437550460.9], [355826167133635.0, 376147973911789.5, 388774220292177.8, 403753615989692.2, 387726274531609.4, 370664941328805.25, 357506187525346.2, 349396436240244.2, 351413509739255.8, 349125492831797.3, 376816281464618.75, 378268983294942.5, 385075374505949.1, 387007149957231.9, 425193888662426.06, 404212735728475.2, 387721690729935.25, 385389911771876.56, 367720709961878.7, 367995941890804.6, 354092023171310.0, 358751349277383.06, 348024063380579.25], [356844953830019.4, 373029214003004.3, 388967391784133.4, 403647825360625.25, 387701239272143.5, 371532493588596.06, 360681019988692.2, 355011977434872.2, 351115438249526.44, 350003100725106.25, 370565902851281.25, 372607398337344.44, 388814505603623.6, 386833636785951.9, 404212735728475.2, 424634302828719.06, 385521638563287.5, 386815564830292.7, 368564853279753.5, 367566059733614.06, 356020662490451.25, 364341145756112.25, 351871605271749.8], [336878896955131.2, 359433856794276.06, 371355064778907.25, 387442456742572.4, 401945151560475.94, 385744781117927.44, 373541072661555.94, 332859150824680.1, 330692354191801.56, 328081015902670.5, 363667413977342.6, 361193419519251.06, 369008062480054.0, 368069324062597.75, 387721690729935.25, 385521638563287.5, 422898545817110.6, 402634026791446.4, 382819428878636.2, 381737870832308.3, 368659836485731.4, 369404020397271.8, 371300079690135.0], [336683313911624.6, 356744140986175.4, 374115773865636.75, 387995232794756.44, 402607671426222.3, 386349965685898.25, 369193970355763.75, 334612510502506.75, 328750157052210.5, 329367874225110.3, 357576699051772.5, 355562467469467.94, 377589472213330.75, 371072318775769.2, 385389911771876.56, 386815564830292.7, 402634026791446.4, 424339340175824.3, 385782828951028.0, 384270733669649.0, 360374037994243.6, 367914314985017.25, 364640832075964.06], [320457721718349.1, 342981845040574.75, 358451082500420.3, 370536889132284.2, 385691784993500.94, 400542530317920.5, 385670501443156.3, 317198437530015.44, 312190282359712.9, 313193492140059.8, 349305382630525.3, 339931501645018.06, 354646589633427.7, 362604211620713.75, 367720709961878.7, 368564853279753.5, 382819428878636.2, 385782828951028.0, 421504512059831.4, 399676570579796.6, 379655335812942.4, 380379958251748.44, 382598762456763.3], [320785327465388.06, 342454971574126.0, 360862452471377.6, 370732292278799.56, 384832707274336.0, 399744845182854.0, 385104831895106.5, 316747985772353.9, 313224059539817.3, 314087605315247.06, 346303465296810.06, 339211098197797.0, 360470946685085.2, 366042032123708.56, 367995941890804.6, 367566059733614.06, 381737870832308.3, 384270733669649.0, 399676570579796.6, 419804922517853.06, 381771672360772.75, 379952457932009.06, 379436578091655.5], [307599581497006.9, 329550046317261.6, 341645992365777.56, 355366692430299.1, 367214094508663.7, 383052255048399.94, 400766634695523.25, 302771649668731.06, 303969209369255.4, 297888090555951.75, 332596757456617.7, 332411813172235.75, 336592829886480.9, 343429438447740.75, 354092023171310.0, 356020662490451.25, 368659836485731.4, 360374037994243.6, 379655335812942.4, 381771672360772.75, 418827388282399.1, 398134236551307.56, 397384820344729.8], [312202496394200.5, 331142186425674.5, 344817637916700.25, 360496133599601.6, 370979350022392.3, 383833001147076.44, 401585606627809.9, 309895183549703.25, 308678182241784.56, 302003374957512.9, 333802036268545.56, 330510232614142.6, 342076987149082.5, 344156543643351.0, 358751349277383.06, 364341145756112.25, 369404020397271.8, 367914314985017.25, 380379958251748.44, 379952457932009.06, 398134236551307.56, 420448338651232.5, 398251221640697.9], [303295616997284.25, 323637245603329.8, 337361846787649.94, 351804558554376.56, 368457030232727.25, 383654720854644.75, 401169367657879.1, 300895413752819.1, 298294070263345.2, 293773794518221.3, 327412045940772.5, 323184329945471.9, 334461167559927.06, 337773437550460.9, 348024063380579.25, 351871605271749.8, 371300079690135.0, 364640832075964.06, 382598762456763.3, 379436578091655.5, 397384820344729.8, 398251221640697.9, 419673079719444.9], [1341813641584.519, 1809139165937.7537, 1931908979493.3477, 1927103068990.1772, 1852220439578.364, 1725066897672.807, 1312117757870.5298, 1294830999998.3162, 1219385921975.6384, 1208465990286.961, 1937146525492.8652, 1866087878288.392, 1954669553580.525, 1974733322715.7812, 1976452698845.741, 1899641800070.8535, 1838731927200.5522, 1884848612910.5825, 1823623988997.1843, 1780585097429.3367, 1236490288990.239, 1241739774699.6472, 1196711487747.9219]]}}