{"resp_b": 0.1, "restrained_fit": true, "exclude_hydrogens": true, "convergence_tolerance": 1e-06, "max_iter": 500, "resp_a": 0.0005, "charge_constraints": {"charge_sum_constraints": [], "charge_equivalence_constraints": [], "molecules": [{"qcmol": {"schema_name": "qcschema_molecule", "schema_version": 2, "validated": true, "symbols": ["C", "C", "C", "C", "C", "C", "C", "H", "H", "H", "H", "H", "H", "H", "H", "H", "H", "H", "H", "H", "H", "H", "H"], "geometry": [[0.0, 0.0, -0.0], [2.888826008120614, -3.4189518986636975e-16, 9.45428851876576e-16], [4.0025832036420095, 2.6702127425283644, -4.440892098500626e-16], [6.891427465196084, 2.7816992662257425, 0.21925545649762934], [8.389943336198545, 1.531464887846334, -1.9288398738276813], [7.912820636905778, 2.573738901270769, -4.591766526246426], [8.593918364497783, 5.363496288817993, -4.9227685932902325], [-0.7446917048936355, -1.9117834188150926, -0.007266917882915669], [-0.7417226564126185, 0.9539586652129537, 1.6596377498840316], [-0.7403594772163357, 0.964422516832043, -1.6545410547675705], [3.5573490780508914, -1.0426609499619424, -1.6376426825568333], [3.570305375693694, -1.0197100534663774, 1.6509663245527164], [3.205166663721135, 3.7125289694653043, 1.583502991351323], [3.3835988948922706, 3.661661996448207, -1.6909254467255819], [7.449051408473277, 1.8892560590714278, 1.986321374199349], [7.45699364725275, 4.749047333147483, 0.3863671294961333], [8.013345631192216, -0.48739365735557827, -1.9390976544259613], [10.392689584195594, 1.7244740477942897, -1.501485124812406], [9.021451964893531, 1.4622355919410748, -5.917619136662722], [5.94940413139668, 2.284686926202354, -5.121129573768965], [7.407307865705027, 6.58404456578841, -3.779456365150142], [10.546163195981071, 5.714986393983234, -4.39087054600834], [8.367152388316933, 5.942239227075998, -6.878090402225772]], "name": "C7H16", "identifiers": {"molecule_hash": "899af4b66be0056d6e3b7843ff9229bbf17c9b52", "molecular_formula": "C7H16"}, "molecular_charge": 0.0, "molecular_multiplicity": 1, "connectivity": [[0, 1, 1.0], [0, 7, 1.0], [0, 8, 1.0], [0, 9, 1.0], [1, 2, 1.0], [1, 10, 1.0], [1, 11, 1.0], [2, 3, 1.0], [2, 12, 1.0], [2, 13, 1.0], [3, 4, 1.0], [3, 14, 1.0], [3, 15, 1.0], [4, 5, 1.0], [4, 16, 1.0], [4, 17, 1.0], [5, 6, 1.0], [5, 18, 1.0], [5, 19, 1.0], [6, 20, 1.0], [6, 21, 1.0], [6, 22, 1.0]], "fix_com": true, "fix_orientation": true, "provenance": {"creator": "QCElemental", "version": "v0.22.0", "routine": "qcelemental.molparse.from_schema"}, "id": "49556"}, "charge": 0, "optimize_geometry": false, "conformers": [], "conformer_generation_options": {"n_conformer_pool": 4000, "n_max_conformers": 0, "rms_tolerance": 0.05, "energy_window": 15, "keep_original_conformer": true}, "stage_1_unrestrained_charges": null, "stage_1_restrained_charges": null, "stage_2_unrestrained_charges": null, "stage_2_restrained_charges": null, "keep_original_orientation": false, "reorientations": [], "translations": [], "rotations": []}], "unconstrained_atoms": [{"index": 0, "molecule": {"qcmol": {"schema_name": "qcschema_molecule", "schema_version": 2, "validated": true, "symbols": ["C", "C", "C", "C", "C", "C", "C", "H", "H", "H", "H", "H", "H", "H", "H", "H", "H", "H", "H", "H", "H", "H", "H"], "geometry": [[0.0, 0.0, -0.0], [2.888826008120614, -3.4189518986636975e-16, 9.45428851876576e-16], [4.0025832036420095, 2.6702127425283644, -4.440892098500626e-16], [6.891427465196084, 2.7816992662257425, 0.21925545649762934], [8.389943336198545, 1.531464887846334, -1.9288398738276813], [7.912820636905778, 2.573738901270769, -4.591766526246426], [8.593918364497783, 5.363496288817993, -4.9227685932902325], [-0.7446917048936355, -1.9117834188150926, -0.007266917882915669], [-0.7417226564126185, 0.9539586652129537, 1.6596377498840316], [-0.7403594772163357, 0.964422516832043, -1.6545410547675705], [3.5573490780508914, -1.0426609499619424, -1.6376426825568333], [3.570305375693694, -1.0197100534663774, 1.6509663245527164], [3.205166663721135, 3.7125289694653043, 1.583502991351323], [3.3835988948922706, 3.661661996448207, -1.6909254467255819], [7.449051408473277, 1.8892560590714278, 1.986321374199349], [7.45699364725275, 4.749047333147483, 0.3863671294961333], [8.013345631192216, -0.48739365735557827, -1.9390976544259613], [10.392689584195594, 1.7244740477942897, -1.501485124812406], [9.021451964893531, 1.4622355919410748, -5.917619136662722], [5.94940413139668, 2.284686926202354, -5.121129573768965], [7.407307865705027, 6.58404456578841, -3.779456365150142], [10.546163195981071, 5.714986393983234, -4.39087054600834], [8.367152388316933, 5.942239227075998, -6.878090402225772]], "name": "C7H16", "identifiers": {"molecule_hash": "899af4b66be0056d6e3b7843ff9229bbf17c9b52", "molecular_formula": "C7H16"}, "molecular_charge": 0.0, "molecular_multiplicity": 1, "connectivity": [[0, 1, 1.0], [0, 7, 1.0], [0, 8, 1.0], [0, 9, 1.0], [1, 2, 1.0], [1, 10, 1.0], [1, 11, 1.0], [2, 3, 1.0], [2, 12, 1.0], [2, 13, 1.0], [3, 4, 1.0], [3, 14, 1.0], [3, 15, 1.0], [4, 5, 1.0], [4, 16, 1.0], [4, 17, 1.0], [5, 6, 1.0], [5, 18, 1.0], [5, 19, 1.0], [6, 20, 1.0], [6, 21, 1.0], [6, 22, 1.0]], "fix_com": true, "fix_orientation": true, "provenance": {"creator": "QCElemental", "version": "v0.22.0", "routine": "qcelemental.molparse.from_schema"}, "id": "49556"}, "charge": 0, "optimize_geometry": false, "conformers": [], "conformer_generation_options": {"n_conformer_pool": 4000, "n_max_conformers": 0, "rms_tolerance": 0.05, "energy_window": 15, "keep_original_conformer": true}, "stage_1_unrestrained_charges": null, "stage_1_restrained_charges": null, "stage_2_unrestrained_charges": null, "stage_2_restrained_charges": null, "keep_original_orientation": false, "reorientations": [], "translations": [], "rotations": []}}, {"index": 1, "molecule": {"qcmol": {"schema_name": "qcschema_molecule", "schema_version": 2, "validated": true, "symbols": ["C", "C", "C", "C", "C", "C", "C", "H", "H", "H", "H", "H", "H", "H", "H", "H", "H", "H", "H", "H", "H", "H", "H"], "geometry": [[0.0, 0.0, -0.0], [2.888826008120614, -3.4189518986636975e-16, 9.45428851876576e-16], [4.0025832036420095, 2.6702127425283644, -4.440892098500626e-16], [6.891427465196084, 2.7816992662257425, 0.21925545649762934], [8.389943336198545, 1.531464887846334, -1.9288398738276813], [7.912820636905778, 2.573738901270769, -4.591766526246426], [8.593918364497783, 5.363496288817993, -4.9227685932902325], [-0.7446917048936355, -1.9117834188150926, -0.007266917882915669], [-0.7417226564126185, 0.9539586652129537, 1.6596377498840316], [-0.7403594772163357, 0.964422516832043, -1.6545410547675705], [3.5573490780508914, -1.0426609499619424, -1.6376426825568333], [3.570305375693694, -1.0197100534663774, 1.6509663245527164], [3.205166663721135, 3.7125289694653043, 1.583502991351323], [3.3835988948922706, 3.661661996448207, -1.6909254467255819], [7.449051408473277, 1.8892560590714278, 1.986321374199349], [7.45699364725275, 4.749047333147483, 0.3863671294961333], [8.013345631192216, -0.48739365735557827, -1.9390976544259613], [10.392689584195594, 1.7244740477942897, -1.501485124812406], [9.021451964893531, 1.4622355919410748, -5.917619136662722], [5.94940413139668, 2.284686926202354, -5.121129573768965], [7.407307865705027, 6.58404456578841, -3.779456365150142], [10.546163195981071, 5.714986393983234, -4.39087054600834], [8.367152388316933, 5.942239227075998, -6.878090402225772]], "name": "C7H16", "identifiers": {"molecule_hash": "899af4b66be0056d6e3b7843ff9229bbf17c9b52", "molecular_formula": "C7H16"}, "molecular_charge": 0.0, "molecular_multiplicity": 1, "connectivity": [[0, 1, 1.0], [0, 7, 1.0], [0, 8, 1.0], [0, 9, 1.0], [1, 2, 1.0], [1, 10, 1.0], [1, 11, 1.0], [2, 3, 1.0], [2, 12, 1.0], [2, 13, 1.0], [3, 4, 1.0], [3, 14, 1.0], [3, 15, 1.0], [4, 5, 1.0], [4, 16, 1.0], [4, 17, 1.0], [5, 6, 1.0], [5, 18, 1.0], [5, 19, 1.0], [6, 20, 1.0], [6, 21, 1.0], [6, 22, 1.0]], "fix_com": true, "fix_orientation": true, "provenance": {"creator": "QCElemental", "version": "v0.22.0", "routine": "qcelemental.molparse.from_schema"}, "id": "49556"}, "charge": 0, "optimize_geometry": false, "conformers": [], "conformer_generation_options": {"n_conformer_pool": 4000, "n_max_conformers": 0, "rms_tolerance": 0.05, "energy_window": 15, "keep_original_conformer": true}, "stage_1_unrestrained_charges": null, "stage_1_restrained_charges": null, "stage_2_unrestrained_charges": null, "stage_2_restrained_charges": null, "keep_original_orientation": false, "reorientations": [], "translations": [], "rotations": []}}, {"index": 2, "molecule": {"qcmol": {"schema_name": "qcschema_molecule", "schema_version": 2, "validated": true, "symbols": ["C", "C", "C", "C", "C", "C", "C", "H", "H", "H", "H", "H", "H", "H", "H", "H", "H", "H", "H", "H", "H", "H", "H"], "geometry": [[0.0, 0.0, -0.0], [2.888826008120614, -3.4189518986636975e-16, 9.45428851876576e-16], [4.0025832036420095, 2.6702127425283644, -4.440892098500626e-16], [6.891427465196084, 2.7816992662257425, 0.21925545649762934], [8.389943336198545, 1.531464887846334, -1.9288398738276813], [7.912820636905778, 2.573738901270769, -4.591766526246426], [8.593918364497783, 5.363496288817993, -4.9227685932902325], [-0.7446917048936355, -1.9117834188150926, -0.007266917882915669], [-0.7417226564126185, 0.9539586652129537, 1.6596377498840316], [-0.7403594772163357, 0.964422516832043, -1.6545410547675705], [3.5573490780508914, -1.0426609499619424, -1.6376426825568333], [3.570305375693694, -1.0197100534663774, 1.6509663245527164], [3.205166663721135, 3.7125289694653043, 1.583502991351323], [3.3835988948922706, 3.661661996448207, -1.6909254467255819], [7.449051408473277, 1.8892560590714278, 1.986321374199349], [7.45699364725275, 4.749047333147483, 0.3863671294961333], [8.013345631192216, -0.48739365735557827, -1.9390976544259613], [10.392689584195594, 1.7244740477942897, -1.501485124812406], [9.021451964893531, 1.4622355919410748, -5.917619136662722], [5.94940413139668, 2.284686926202354, -5.121129573768965], [7.407307865705027, 6.58404456578841, -3.779456365150142], [10.546163195981071, 5.714986393983234, -4.39087054600834], [8.367152388316933, 5.942239227075998, -6.878090402225772]], "name": "C7H16", "identifiers": {"molecule_hash": "899af4b66be0056d6e3b7843ff9229bbf17c9b52", "molecular_formula": "C7H16"}, "molecular_charge": 0.0, "molecular_multiplicity": 1, "connectivity": [[0, 1, 1.0], [0, 7, 1.0], [0, 8, 1.0], [0, 9, 1.0], [1, 2, 1.0], [1, 10, 1.0], [1, 11, 1.0], [2, 3, 1.0], [2, 12, 1.0], [2, 13, 1.0], [3, 4, 1.0], [3, 14, 1.0], [3, 15, 1.0], [4, 5, 1.0], [4, 16, 1.0], [4, 17, 1.0], [5, 6, 1.0], [5, 18, 1.0], [5, 19, 1.0], [6, 20, 1.0], [6, 21, 1.0], [6, 22, 1.0]], "fix_com": true, "fix_orientation": true, "provenance": {"creator": "QCElemental", "version": "v0.22.0", "routine": "qcelemental.molparse.from_schema"}, "id": "49556"}, "charge": 0, "optimize_geometry": false, "conformers": [], "conformer_generation_options": {"n_conformer_pool": 4000, "n_max_conformers": 0, "rms_tolerance": 0.05, "energy_window": 15, "keep_original_conformer": true}, "stage_1_unrestrained_charges": null, "stage_1_restrained_charges": null, "stage_2_unrestrained_charges": null, "stage_2_restrained_charges": null, "keep_original_orientation": false, "reorientations": [], "translations": [], "rotations": []}}, {"index": 3, "molecule": {"qcmol": {"schema_name": "qcschema_molecule", "schema_version": 2, "validated": true, "symbols": ["C", "C", "C", "C", "C", "C", "C", "H", "H", "H", "H", "H", "H", "H", "H", "H", "H", "H", "H", "H", "H", "H", "H"], "geometry": [[0.0, 0.0, -0.0], [2.888826008120614, -3.4189518986636975e-16, 9.45428851876576e-16], [4.0025832036420095, 2.6702127425283644, -4.440892098500626e-16], [6.891427465196084, 2.7816992662257425, 0.21925545649762934], [8.389943336198545, 1.531464887846334, -1.9288398738276813], [7.912820636905778, 2.573738901270769, -4.591766526246426], [8.593918364497783, 5.363496288817993, -4.9227685932902325], [-0.7446917048936355, -1.9117834188150926, -0.007266917882915669], [-0.7417226564126185, 0.9539586652129537, 1.6596377498840316], [-0.7403594772163357, 0.964422516832043, -1.6545410547675705], [3.5573490780508914, -1.0426609499619424, -1.6376426825568333], [3.570305375693694, -1.0197100534663774, 1.6509663245527164], [3.205166663721135, 3.7125289694653043, 1.583502991351323], [3.3835988948922706, 3.661661996448207, -1.6909254467255819], [7.449051408473277, 1.8892560590714278, 1.986321374199349], [7.45699364725275, 4.749047333147483, 0.3863671294961333], [8.013345631192216, -0.48739365735557827, -1.9390976544259613], [10.392689584195594, 1.7244740477942897, -1.501485124812406], [9.021451964893531, 1.4622355919410748, -5.917619136662722], [5.94940413139668, 2.284686926202354, -5.121129573768965], [7.407307865705027, 6.58404456578841, -3.779456365150142], [10.546163195981071, 5.714986393983234, -4.39087054600834], [8.367152388316933, 5.942239227075998, -6.878090402225772]], "name": "C7H16", "identifiers": {"molecule_hash": "899af4b66be0056d6e3b7843ff9229bbf17c9b52", "molecular_formula": "C7H16"}, "molecular_charge": 0.0, "molecular_multiplicity": 1, "connectivity": [[0, 1, 1.0], [0, 7, 1.0], [0, 8, 1.0], [0, 9, 1.0], [1, 2, 1.0], [1, 10, 1.0], [1, 11, 1.0], [2, 3, 1.0], [2, 12, 1.0], [2, 13, 1.0], [3, 4, 1.0], [3, 14, 1.0], [3, 15, 1.0], [4, 5, 1.0], [4, 16, 1.0], [4, 17, 1.0], [5, 6, 1.0], [5, 18, 1.0], [5, 19, 1.0], [6, 20, 1.0], [6, 21, 1.0], [6, 22, 1.0]], "fix_com": true, "fix_orientation": true, "provenance": {"creator": "QCElemental", "version": "v0.22.0", "routine": "qcelemental.molparse.from_schema"}, "id": "49556"}, "charge": 0, "optimize_geometry": false, "conformers": [], "conformer_generation_options": {"n_conformer_pool": 4000, "n_max_conformers": 0, "rms_tolerance": 0.05, "energy_window": 15, "keep_original_conformer": true}, "stage_1_unrestrained_charges": null, "stage_1_restrained_charges": null, "stage_2_unrestrained_charges": null, "stage_2_restrained_charges": null, "keep_original_orientation": false, "reorientations": [], "translations": [], "rotations": []}}, {"index": 4, "molecule": {"qcmol": {"schema_name": "qcschema_molecule", "schema_version": 2, "validated": true, "symbols": ["C", "C", "C", "C", "C", "C", "C", "H", "H", "H", "H", "H", "H", "H", "H", "H", "H", "H", "H", "H", "H", "H", "H"], "geometry": [[0.0, 0.0, -0.0], [2.888826008120614, -3.4189518986636975e-16, 9.45428851876576e-16], [4.0025832036420095, 2.6702127425283644, -4.440892098500626e-16], [6.891427465196084, 2.7816992662257425, 0.21925545649762934], [8.389943336198545, 1.531464887846334, -1.9288398738276813], [7.912820636905778, 2.573738901270769, -4.591766526246426], [8.593918364497783, 5.363496288817993, -4.9227685932902325], [-0.7446917048936355, -1.9117834188150926, -0.007266917882915669], [-0.7417226564126185, 0.9539586652129537, 1.6596377498840316], [-0.7403594772163357, 0.964422516832043, -1.6545410547675705], [3.5573490780508914, -1.0426609499619424, -1.6376426825568333], [3.570305375693694, -1.0197100534663774, 1.6509663245527164], [3.205166663721135, 3.7125289694653043, 1.583502991351323], [3.3835988948922706, 3.661661996448207, -1.6909254467255819], [7.449051408473277, 1.8892560590714278, 1.986321374199349], [7.45699364725275, 4.749047333147483, 0.3863671294961333], [8.013345631192216, -0.48739365735557827, -1.9390976544259613], [10.392689584195594, 1.7244740477942897, -1.501485124812406], [9.021451964893531, 1.4622355919410748, -5.917619136662722], [5.94940413139668, 2.284686926202354, -5.121129573768965], [7.407307865705027, 6.58404456578841, -3.779456365150142], [10.546163195981071, 5.714986393983234, -4.39087054600834], [8.367152388316933, 5.942239227075998, -6.878090402225772]], "name": "C7H16", "identifiers": {"molecule_hash": "899af4b66be0056d6e3b7843ff9229bbf17c9b52", "molecular_formula": "C7H16"}, "molecular_charge": 0.0, "molecular_multiplicity": 1, "connectivity": [[0, 1, 1.0], [0, 7, 1.0], [0, 8, 1.0], [0, 9, 1.0], [1, 2, 1.0], [1, 10, 1.0], [1, 11, 1.0], [2, 3, 1.0], [2, 12, 1.0], [2, 13, 1.0], [3, 4, 1.0], [3, 14, 1.0], [3, 15, 1.0], [4, 5, 1.0], [4, 16, 1.0], [4, 17, 1.0], [5, 6, 1.0], [5, 18, 1.0], [5, 19, 1.0], [6, 20, 1.0], [6, 21, 1.0], [6, 22, 1.0]], "fix_com": true, "fix_orientation": true, "provenance": {"creator": "QCElemental", "version": "v0.22.0", "routine": "qcelemental.molparse.from_schema"}, "id": "49556"}, "charge": 0, "optimize_geometry": false, "conformers": [], "conformer_generation_options": {"n_conformer_pool": 4000, "n_max_conformers": 0, "rms_tolerance": 0.05, "energy_window": 15, "keep_original_conformer": true}, "stage_1_unrestrained_charges": null, "stage_1_restrained_charges": null, "stage_2_unrestrained_charges": null, "stage_2_restrained_charges": null, "keep_original_orientation": false, "reorientations": [], "translations": [], "rotations": []}}, {"index": 5, "molecule": {"qcmol": {"schema_name": "qcschema_molecule", "schema_version": 2, "validated": true, "symbols": ["C", "C", "C", "C", "C", "C", "C", "H", "H", "H", "H", "H", "H", "H", "H", "H", "H", "H", "H", "H", "H", "H", "H"], "geometry": [[0.0, 0.0, -0.0], [2.888826008120614, -3.4189518986636975e-16, 9.45428851876576e-16], [4.0025832036420095, 2.6702127425283644, -4.440892098500626e-16], [6.891427465196084, 2.7816992662257425, 0.21925545649762934], [8.389943336198545, 1.531464887846334, -1.9288398738276813], [7.912820636905778, 2.573738901270769, -4.591766526246426], [8.593918364497783, 5.363496288817993, -4.9227685932902325], [-0.7446917048936355, -1.9117834188150926, -0.007266917882915669], [-0.7417226564126185, 0.9539586652129537, 1.6596377498840316], [-0.7403594772163357, 0.964422516832043, -1.6545410547675705], [3.5573490780508914, -1.0426609499619424, -1.6376426825568333], [3.570305375693694, -1.0197100534663774, 1.6509663245527164], [3.205166663721135, 3.7125289694653043, 1.583502991351323], [3.3835988948922706, 3.661661996448207, -1.6909254467255819], [7.449051408473277, 1.8892560590714278, 1.986321374199349], [7.45699364725275, 4.749047333147483, 0.3863671294961333], [8.013345631192216, -0.48739365735557827, -1.9390976544259613], [10.392689584195594, 1.7244740477942897, -1.501485124812406], [9.021451964893531, 1.4622355919410748, -5.917619136662722], [5.94940413139668, 2.284686926202354, -5.121129573768965], [7.407307865705027, 6.58404456578841, -3.779456365150142], [10.546163195981071, 5.714986393983234, -4.39087054600834], [8.367152388316933, 5.942239227075998, -6.878090402225772]], "name": "C7H16", "identifiers": {"molecule_hash": "899af4b66be0056d6e3b7843ff9229bbf17c9b52", "molecular_formula": "C7H16"}, "molecular_charge": 0.0, "molecular_multiplicity": 1, "connectivity": [[0, 1, 1.0], [0, 7, 1.0], [0, 8, 1.0], [0, 9, 1.0], [1, 2, 1.0], [1, 10, 1.0], [1, 11, 1.0], [2, 3, 1.0], [2, 12, 1.0], [2, 13, 1.0], [3, 4, 1.0], [3, 14, 1.0], [3, 15, 1.0], [4, 5, 1.0], [4, 16, 1.0], [4, 17, 1.0], [5, 6, 1.0], [5, 18, 1.0], [5, 19, 1.0], [6, 20, 1.0], [6, 21, 1.0], [6, 22, 1.0]], "fix_com": true, "fix_orientation": true, "provenance": {"creator": "QCElemental", "version": "v0.22.0", "routine": "qcelemental.molparse.from_schema"}, "id": "49556"}, "charge": 0, "optimize_geometry": false, "conformers": [], "conformer_generation_options": {"n_conformer_pool": 4000, "n_max_conformers": 0, "rms_tolerance": 0.05, "energy_window": 15, "keep_original_conformer": true}, "stage_1_unrestrained_charges": null, "stage_1_restrained_charges": null, "stage_2_unrestrained_charges": null, "stage_2_restrained_charges": null, "keep_original_orientation": false, "reorientations": [], "translations": [], "rotations": []}}, {"index": 6, "molecule": {"qcmol": {"schema_name": "qcschema_molecule", "schema_version": 2, "validated": true, "symbols": ["C", "C", "C", "C", "C", "C", "C", "H", "H", "H", "H", "H", "H", "H", "H", "H", "H", "H", "H", "H", "H", "H", "H"], "geometry": [[0.0, 0.0, -0.0], [2.888826008120614, -3.4189518986636975e-16, 9.45428851876576e-16], [4.0025832036420095, 2.6702127425283644, -4.440892098500626e-16], [6.891427465196084, 2.7816992662257425, 0.21925545649762934], [8.389943336198545, 1.531464887846334, -1.9288398738276813], [7.912820636905778, 2.573738901270769, -4.591766526246426], [8.593918364497783, 5.363496288817993, -4.9227685932902325], [-0.7446917048936355, -1.9117834188150926, -0.007266917882915669], [-0.7417226564126185, 0.9539586652129537, 1.6596377498840316], [-0.7403594772163357, 0.964422516832043, -1.6545410547675705], [3.5573490780508914, -1.0426609499619424, -1.6376426825568333], [3.570305375693694, -1.0197100534663774, 1.6509663245527164], [3.205166663721135, 3.7125289694653043, 1.583502991351323], [3.3835988948922706, 3.661661996448207, -1.6909254467255819], [7.449051408473277, 1.8892560590714278, 1.986321374199349], [7.45699364725275, 4.749047333147483, 0.3863671294961333], [8.013345631192216, -0.48739365735557827, -1.9390976544259613], [10.392689584195594, 1.7244740477942897, -1.501485124812406], [9.021451964893531, 1.4622355919410748, -5.917619136662722], [5.94940413139668, 2.284686926202354, -5.121129573768965], [7.407307865705027, 6.58404456578841, -3.779456365150142], [10.546163195981071, 5.714986393983234, -4.39087054600834], [8.367152388316933, 5.942239227075998, -6.878090402225772]], "name": "C7H16", "identifiers": {"molecule_hash": "899af4b66be0056d6e3b7843ff9229bbf17c9b52", "molecular_formula": "C7H16"}, "molecular_charge": 0.0, "molecular_multiplicity": 1, "connectivity": [[0, 1, 1.0], [0, 7, 1.0], [0, 8, 1.0], [0, 9, 1.0], [1, 2, 1.0], [1, 10, 1.0], [1, 11, 1.0], [2, 3, 1.0], [2, 12, 1.0], [2, 13, 1.0], [3, 4, 1.0], [3, 14, 1.0], [3, 15, 1.0], [4, 5, 1.0], [4, 16, 1.0], [4, 17, 1.0], [5, 6, 1.0], [5, 18, 1.0], [5, 19, 1.0], [6, 20, 1.0], [6, 21, 1.0], [6, 22, 1.0]], "fix_com": true, "fix_orientation": true, "provenance": {"creator": "QCElemental", "version": "v0.22.0", "routine": "qcelemental.molparse.from_schema"}, "id": "49556"}, "charge": 0, "optimize_geometry": false, "conformers": [], "conformer_generation_options": {"n_conformer_pool": 4000, "n_max_conformers": 0, "rms_tolerance": 0.05, "energy_window": 15, "keep_original_conformer": true}, "stage_1_unrestrained_charges": null, "stage_1_restrained_charges": null, "stage_2_unrestrained_charges": null, "stage_2_restrained_charges": null, "keep_original_orientation": false, "reorientations": [], "translations": [], "rotations": []}}]}, "surface_constraints": {"matrix": [[4673.0194294278535, 4546.302728665684, 4382.26997239141, 4167.2562086798025, 3951.912656930698, 3767.798220823473, 3629.2217640265662, 4698.543880475662, 4695.598961633096, 4688.33456332457, 4538.57092176863, 4532.075469438511, 4424.931279733343, 4355.208387844204, 4150.650267941916, 4162.533860139977, 3929.633411760292, 3927.3517644682206, 3738.083533668896, 3741.9054257282814, 3588.0970483690307, 3641.789026720032, 3537.8910532487544], [4546.302728665684, 4654.822090576178, 4538.77518920646, 4376.75719631025, 4193.696082971955, 4019.785411561534, 3870.410347587102, 4508.429456053497, 4507.761032314245, 4499.276073287512, 4717.431167156654, 4714.928067321208, 4536.031192064395, 4543.098097242814, 4387.700719687773, 4351.320460933694, 4192.733056797114, 4161.357806198015, 4000.8234319948087, 3994.6779690778585, 3844.1453620748716, 3862.7170198941476, 3775.1725376340964], [4382.26997239141, 4538.77518920646, 4648.5789239515625, 4533.497086566168, 4365.7775398117365, 4204.298809515654, 4030.708487647412, 4360.403888866218, 4301.650084107632, 4332.79744172028, 4532.8023358696155, 4531.261176156084, 4720.051359362296, 4717.687257848674, 4534.983421149044, 4537.236757039315, 4331.791847553852, 4363.9950393005265, 4181.269454427427, 4209.397571454611, 3985.2417399074484, 4022.2381801604947, 3935.2673643412954], [4167.2562086798025, 4376.75719631025, 4533.497086566168, 4638.726842368195, 4519.590042904934, 4347.4906196687, 4196.181650752492, 4126.840167514446, 4098.525329385418, 4090.7006757256454, 4376.391275233885, 4380.410459338937, 4537.5921734298745, 4533.015885144893, 4709.715435155987, 4708.4814376958575, 4519.448569350165, 4525.896633102943, 4322.248163925417, 4324.527277773901, 4145.290821926698, 4205.124394274134, 4103.7388125850275], [3951.912656930698, 4193.696082971955, 4365.7775398117365, 4519.590042904934, 4622.34607347647, 4501.5016650183425, 4349.054292472193, 3914.4737167940093, 3872.5510242269074, 3861.775463923984, 4221.252306324559, 4191.144138021789, 4365.373181176752, 4351.810525566129, 4522.759262177178, 4522.467274976616, 4688.6199536137065, 4696.3481578798655, 4499.027301859682, 4489.006374803017, 4283.488548718856, 4327.409269576045, 4297.9868708522445], [3767.798220823473, 4019.785411561534, 4204.298809515654, 4347.4906196687, 4501.5016650183425, 4608.29316288818, 4508.943926882848, 3726.830594331273, 3687.0527331518147, 3677.384524254274, 4068.4508010522486, 3998.9333852343925, 4181.8399533526535, 4234.118663851408, 4323.741759919467, 4333.861477416111, 4499.645475030407, 4506.7048921348305, 4672.258704280927, 4662.9539039143565, 4468.237830141204, 4477.345054664666, 4475.265415492794], [3629.2217640265662, 3870.410347587102, 4030.708487647412, 4196.181650752492, 4349.054292472193, 4508.943926882848, 4651.424623321927, 3591.1834174325413, 3575.2135692777897, 3519.46171362386, 3910.101503129075, 3871.0976120795194, 3992.867047166339, 4041.779298987574, 4170.247554387502, 4207.280703150673, 4357.291584129294, 4306.582934184588, 4498.779139707019, 4492.180765202317, 4674.873081381969, 4684.426183289227, 4679.570807479365], [4698.543880475662, 4508.429456053497, 4360.403888866218, 4126.840167514446, 3914.4737167940093, 3726.830594331273, 3591.1834174325413, 4918.5802838178, 4652.157991121067, 4645.006042752119, 4437.4700453456035, 4494.516538288489, 4441.488600922581, 4321.911212603998, 4075.6486546245687, 4141.152674723234, 3882.743791412881, 3903.196237026461, 3700.064547240859, 3694.810475117658, 3531.780190715128, 3614.874750598225, 3509.8932716921827], [4695.598961633096, 4507.761032314245, 4301.650084107632, 4098.525329385418, 3872.5510242269074, 3687.0527331518147, 3575.2135692777897, 4652.157991121067, 4908.24880858866, 4642.4105299181265, 4502.4455277877305, 4480.081909863111, 4331.134787473546, 4249.152398878356, 4099.177195228017, 4095.6997122024736, 3857.46844291704, 3834.8126926118093, 3641.6451847916846, 3653.704562050332, 3545.749422886027, 3600.678468490993, 3479.5487915233975], [4688.33456332457, 4499.276073287512, 4332.79744172028, 4090.7006757256454, 3861.775463923984, 3677.384524254274, 3519.46171362386, 4645.006042752119, 4642.4105299181265, 4895.7483573488535, 4493.2350930812945, 4436.985056987336, 4381.801911335205, 4322.211755987215, 4072.4880964023287, 4082.7249912332886, 3827.007693749646, 3842.018595033412, 3653.34772054884, 3663.777746904917, 3474.814013080119, 3522.8180697160797, 3426.820608404261], [4538.57092176863, 4717.431167156654, 4532.8023358696155, 4376.391275233885, 4221.252306324559, 4068.4508010522486, 3910.101503129075, 4437.4700453456035, 4502.4455277877305, 4493.2350930812945, 4961.146366063423, 4711.340735540636, 4450.519518897352, 4555.814249137617, 4395.496655281653, 4322.586259393229, 4242.116608963723, 4171.069369681614, 4074.5861372232343, 4039.569952511608, 3879.6845424480525, 3893.743565868866, 3819.2045535568222], [4532.075469438511, 4714.928067321208, 4531.261176156084, 4380.410459338937, 4191.144138021789, 3998.9333852343925, 3871.0976120795194, 4494.516538288489, 4480.081909863111, 4436.985056987336, 4711.340735540636, 4959.372294567645, 4507.468637420989, 4490.410078883412, 4412.44197515913, 4346.400038629178, 4213.258204866312, 4147.573750444439, 3965.2418685880634, 3956.839032338765, 3877.5280625306455, 3855.3458065558793, 3769.8898461754957], [4424.931279733343, 4536.031192064395, 4720.051359362296, 4537.5921734298745, 4365.373181176752, 4181.8399533526535, 3992.867047166339, 4441.488600922581, 4331.134787473546, 4381.801911335205, 4450.519518897352, 4507.468637420989, 4974.697979464535, 4724.961836786464, 4491.836613689408, 4535.453330985507, 4304.414698347109, 4404.515475386208, 4136.891502609888, 4204.83132790416, 3926.2978305199163, 3990.2695931623234, 3901.432018968659], [4355.208387844204, 4543.098097242814, 4717.687257848674, 4533.015885144893, 4351.810525566129, 4234.118663851408, 4041.779298987574, 4321.911212603998, 4249.152398878356, 4322.211755987215, 4555.814249137617, 4490.410078883412, 4724.961836786464, 4962.635391535332, 4514.371104349288, 4512.347167617763, 4293.4639880397035, 4328.49341094708, 4229.714358028323, 4269.815695238986, 4006.0447652171993, 4014.52608667381, 3940.0679508308435], [4150.650267941916, 4387.700719687773, 4534.983421149044, 4709.715435155987, 4522.759262177178, 4323.741759919467, 4170.247554387502, 4075.6486546245687, 4099.177195228017, 4072.4880964023287, 4395.496655281653, 4412.44197515913, 4491.836613689408, 4514.371104349288, 4959.812469940827, 4715.071010663936, 4522.705937213259, 4495.5058765141475, 4289.397798941961, 4292.608092682194, 4130.422412759213, 4184.771928010537, 4059.640255066148], [4162.533860139977, 4351.320460933694, 4537.236757039315, 4708.4814376958575, 4522.467274976616, 4333.861477416111, 4207.280703150673, 4141.152674723234, 4095.6997122024736, 4082.7249912332886, 4322.586259393229, 4346.400038629178, 4535.453330985507, 4512.347167617763, 4715.071010663936, 4953.285052123406, 4497.042528227748, 4512.136295033305, 4299.244791965534, 4287.59349979401, 4152.9185739494405, 4249.975055457736, 4104.520501081573], [3929.633411760292, 4192.733056797114, 4331.791847553852, 4519.448569350165, 4688.6199536137065, 4499.645475030407, 4357.291584129294, 3882.743791412881, 3857.46844291704, 3827.007693749646, 4242.116608963723, 4213.258204866312, 4304.414698347109, 4293.4639880397035, 4522.705937213259, 4497.042528227748, 4933.037628705975, 4696.655561718272, 4465.521667837112, 4452.905508005561, 4300.35305351161, 4309.033550116457, 4331.1507893136295], [3927.3517644682206, 4161.357806198015, 4363.9950393005265, 4525.896633102943, 4696.3481578798655, 4506.7048921348305, 4306.582934184588, 3903.196237026461, 3834.8126926118093, 3842.018595033412, 4171.069369681614, 4147.573750444439, 4404.515475386208, 4328.49341094708, 4495.5058765141475, 4512.136295033305, 4696.655561718272, 4949.844271251517, 4500.089311463411, 4482.451350614741, 4203.700232793985, 4291.655791362059, 4253.471134320261], [3738.083533668896, 4000.8234319948087, 4181.269454427427, 4322.248163925417, 4499.027301859682, 4672.258704280927, 4498.779139707019, 3700.064547240859, 3641.6451847916846, 3653.34772054884, 4074.5861372232343, 3965.2418685880634, 4136.891502609888, 4229.714358028323, 4289.397798941961, 4299.244791965534, 4465.521667837112, 4500.089311463411, 4916.776550763288, 4662.15748914236, 4428.613129533424, 4437.0660535272, 4462.94788582232], [3741.9054257282814, 3994.6779690778585, 4209.397571454611, 4324.527277773901, 4489.006374803017, 4662.9539039143565, 4492.180765202317, 3694.810475117658, 3653.704562050332, 3663.777746904917, 4039.569952511608, 3956.839032338765, 4204.83132790416, 4269.815695238986, 4292.608092682194, 4287.59349979401, 4452.905508005561, 4482.451350614741, 4662.15748914236, 4896.951238716409, 4453.300165297977, 4432.079195148134, 4426.061556337752], [3588.0970483690307, 3844.1453620748716, 3985.2417399074484, 4145.290821926698, 4283.488548718856, 4468.237830141204, 4674.873081381969, 3531.780190715128, 3545.749422886027, 3474.814013080119, 3879.6845424480525, 3877.5280625306455, 3926.2978305199163, 4006.0447652171993, 4130.422412759213, 4152.9185739494405, 4300.35305351161, 4203.700232793985, 4428.613129533424, 4453.300165297977, 4885.548690266246, 4644.16665592226, 4635.42481106578], [3641.789026720032, 3862.7170198941476, 4022.2381801604947, 4205.124394274134, 4327.409269576045, 4477.345054664666, 4684.426183289227, 3614.874750598225, 3600.678468490993, 3522.8180697160797, 3893.743565868866, 3855.3458065558793, 3990.2695931623234, 4014.52608667381, 4184.771928010537, 4249.975055457736, 4309.033550116457, 4291.655791362059, 4437.0660535272, 4432.079195148134, 4644.16665592226, 4904.456631007302, 4645.531169051788], [3537.8910532487544, 3775.1725376340964, 3935.2673643412954, 4103.7388125850275, 4297.9868708522445, 4475.265415492794, 4679.570807479365, 3509.8932716921827, 3479.5487915233975, 3426.820608404261, 3819.2045535568222, 3769.8898461754957, 3901.432018968659, 3940.0679508308435, 4059.640255066148, 4104.520501081573, 4331.1507893136295, 4253.471134320261, 4462.94788582232, 4426.061556337752, 4635.42481106578, 4645.531169051788, 4895.413358534281], [15.652013856645482, 21.103282954674313, 22.535372944604113, 22.47931107499679, 21.605817770988075, 20.122596615725868, 15.305621544502154, 15.10396872544522, 14.22391331156252, 14.096541569306359, 22.59646404231581, 21.767579570014455, 22.800874528333345, 23.0349111023632, 23.054965365967576, 22.15898044842255, 21.448475009352443, 21.98641978764031, 21.272244586721882, 20.770209265215996, 14.423447069136673, 14.484674170395483, 13.959424937445766]]}}