{"resp_b": 0.1, "restrained_fit": true, "exclude_hydrogens": true, "convergence_tolerance": 1e-06, "max_iter": 500, "resp_a": 0.0005, "charge_constraints": {"charge_sum_constraints": [], "charge_equivalence_constraints": [], "molecules": [{"qcmol": {"schema_name": "qcschema_molecule", "schema_version": 2, "validated": true, "symbols": ["C", "C", "C", "C", "C", "C", "C", "H", "H", "H", "H", "H", "H", "H", "H", "H", "H", "H", "H", "H", "H", "H", "H"], "geometry": [[0.0, 0.0, -0.0], [2.888826008120614, -3.4189518986636975e-16, 9.45428851876576e-16], [4.0025832036420095, 2.6702127425283644, -4.440892098500626e-16], [6.891427465196084, 2.7816992662257425, 0.21925545649762934], [8.389943336198545, 1.531464887846334, -1.9288398738276813], [7.912820636905778, 2.573738901270769, -4.591766526246426], [8.593918364497783, 5.363496288817993, -4.9227685932902325], [-0.7446917048936355, -1.9117834188150926, -0.007266917882915669], [-0.7417226564126185, 0.9539586652129537, 1.6596377498840316], [-0.7403594772163357, 0.964422516832043, -1.6545410547675705], [3.5573490780508914, -1.0426609499619424, -1.6376426825568333], [3.570305375693694, -1.0197100534663774, 1.6509663245527164], [3.205166663721135, 3.7125289694653043, 1.583502991351323], [3.3835988948922706, 3.661661996448207, -1.6909254467255819], [7.449051408473277, 1.8892560590714278, 1.986321374199349], [7.45699364725275, 4.749047333147483, 0.3863671294961333], [8.013345631192216, -0.48739365735557827, -1.9390976544259613], [10.392689584195594, 1.7244740477942897, -1.501485124812406], [9.021451964893531, 1.4622355919410748, -5.917619136662722], [5.94940413139668, 2.284686926202354, -5.121129573768965], [7.407307865705027, 6.58404456578841, -3.779456365150142], [10.546163195981071, 5.714986393983234, -4.39087054600834], [8.367152388316933, 5.942239227075998, -6.878090402225772]], "name": "C7H16", "identifiers": {"molecule_hash": "899af4b66be0056d6e3b7843ff9229bbf17c9b52", "molecular_formula": "C7H16"}, "molecular_charge": 0.0, "molecular_multiplicity": 1, "connectivity": [[0, 1, 1.0], [0, 7, 1.0], [0, 8, 1.0], [0, 9, 1.0], [1, 2, 1.0], [1, 10, 1.0], [1, 11, 1.0], [2, 3, 1.0], [2, 12, 1.0], [2, 13, 1.0], [3, 4, 1.0], [3, 14, 1.0], [3, 15, 1.0], [4, 5, 1.0], [4, 16, 1.0], [4, 17, 1.0], [5, 6, 1.0], [5, 18, 1.0], [5, 19, 1.0], [6, 20, 1.0], [6, 21, 1.0], [6, 22, 1.0]], "fix_com": true, "fix_orientation": true, "provenance": {"creator": "QCElemental", "version": "v0.22.0", "routine": "qcelemental.molparse.from_schema"}, "id": "49556"}, "charge": 0, "optimize_geometry": false, "conformers": [], "conformer_generation_options": {"n_conformer_pool": 4000, "n_max_conformers": 0, "rms_tolerance": 0.05, "energy_window": 15, "keep_original_conformer": true}, "stage_1_unrestrained_charges": null, "stage_1_restrained_charges": null, "stage_2_unrestrained_charges": null, "stage_2_restrained_charges": null, "keep_original_orientation": false, "reorientations": [], "translations": [], "rotations": []}], "unconstrained_atoms": [{"index": 0, "molecule": {"qcmol": {"schema_name": "qcschema_molecule", "schema_version": 2, "validated": true, "symbols": ["C", "C", "C", "C", "C", "C", "C", "H", "H", "H", "H", "H", "H", "H", "H", "H", "H", "H", "H", "H", "H", "H", "H"], "geometry": [[0.0, 0.0, -0.0], [2.888826008120614, -3.4189518986636975e-16, 9.45428851876576e-16], [4.0025832036420095, 2.6702127425283644, -4.440892098500626e-16], [6.891427465196084, 2.7816992662257425, 0.21925545649762934], [8.389943336198545, 1.531464887846334, -1.9288398738276813], [7.912820636905778, 2.573738901270769, -4.591766526246426], [8.593918364497783, 5.363496288817993, -4.9227685932902325], [-0.7446917048936355, -1.9117834188150926, -0.007266917882915669], [-0.7417226564126185, 0.9539586652129537, 1.6596377498840316], [-0.7403594772163357, 0.964422516832043, -1.6545410547675705], [3.5573490780508914, -1.0426609499619424, -1.6376426825568333], [3.570305375693694, -1.0197100534663774, 1.6509663245527164], [3.205166663721135, 3.7125289694653043, 1.583502991351323], [3.3835988948922706, 3.661661996448207, -1.6909254467255819], [7.449051408473277, 1.8892560590714278, 1.986321374199349], [7.45699364725275, 4.749047333147483, 0.3863671294961333], [8.013345631192216, -0.48739365735557827, -1.9390976544259613], [10.392689584195594, 1.7244740477942897, -1.501485124812406], [9.021451964893531, 1.4622355919410748, -5.917619136662722], [5.94940413139668, 2.284686926202354, -5.121129573768965], [7.407307865705027, 6.58404456578841, -3.779456365150142], [10.546163195981071, 5.714986393983234, -4.39087054600834], [8.367152388316933, 5.942239227075998, -6.878090402225772]], "name": "C7H16", "identifiers": {"molecule_hash": "899af4b66be0056d6e3b7843ff9229bbf17c9b52", "molecular_formula": "C7H16"}, "molecular_charge": 0.0, "molecular_multiplicity": 1, "connectivity": [[0, 1, 1.0], [0, 7, 1.0], [0, 8, 1.0], [0, 9, 1.0], [1, 2, 1.0], [1, 10, 1.0], [1, 11, 1.0], [2, 3, 1.0], [2, 12, 1.0], [2, 13, 1.0], [3, 4, 1.0], [3, 14, 1.0], [3, 15, 1.0], [4, 5, 1.0], [4, 16, 1.0], [4, 17, 1.0], [5, 6, 1.0], [5, 18, 1.0], [5, 19, 1.0], [6, 20, 1.0], [6, 21, 1.0], [6, 22, 1.0]], "fix_com": true, "fix_orientation": true, "provenance": {"creator": "QCElemental", "version": "v0.22.0", "routine": "qcelemental.molparse.from_schema"}, "id": "49556"}, "charge": 0, "optimize_geometry": false, "conformers": [], "conformer_generation_options": {"n_conformer_pool": 4000, "n_max_conformers": 0, "rms_tolerance": 0.05, "energy_window": 15, "keep_original_conformer": true}, "stage_1_unrestrained_charges": null, "stage_1_restrained_charges": null, "stage_2_unrestrained_charges": null, "stage_2_restrained_charges": null, "keep_original_orientation": false, "reorientations": [], "translations": [], "rotations": []}}, {"index": 1, "molecule": {"qcmol": {"schema_name": "qcschema_molecule", "schema_version": 2, "validated": true, "symbols": ["C", "C", "C", "C", "C", "C", "C", "H", "H", "H", "H", "H", "H", "H", "H", "H", "H", "H", "H", "H", "H", "H", "H"], "geometry": [[0.0, 0.0, -0.0], [2.888826008120614, -3.4189518986636975e-16, 9.45428851876576e-16], [4.0025832036420095, 2.6702127425283644, -4.440892098500626e-16], [6.891427465196084, 2.7816992662257425, 0.21925545649762934], [8.389943336198545, 1.531464887846334, -1.9288398738276813], [7.912820636905778, 2.573738901270769, -4.591766526246426], [8.593918364497783, 5.363496288817993, -4.9227685932902325], [-0.7446917048936355, -1.9117834188150926, -0.007266917882915669], [-0.7417226564126185, 0.9539586652129537, 1.6596377498840316], [-0.7403594772163357, 0.964422516832043, -1.6545410547675705], [3.5573490780508914, -1.0426609499619424, -1.6376426825568333], [3.570305375693694, -1.0197100534663774, 1.6509663245527164], [3.205166663721135, 3.7125289694653043, 1.583502991351323], [3.3835988948922706, 3.661661996448207, -1.6909254467255819], [7.449051408473277, 1.8892560590714278, 1.986321374199349], [7.45699364725275, 4.749047333147483, 0.3863671294961333], [8.013345631192216, -0.48739365735557827, -1.9390976544259613], [10.392689584195594, 1.7244740477942897, -1.501485124812406], [9.021451964893531, 1.4622355919410748, -5.917619136662722], [5.94940413139668, 2.284686926202354, -5.121129573768965], [7.407307865705027, 6.58404456578841, -3.779456365150142], [10.546163195981071, 5.714986393983234, -4.39087054600834], [8.367152388316933, 5.942239227075998, -6.878090402225772]], "name": "C7H16", "identifiers": {"molecule_hash": "899af4b66be0056d6e3b7843ff9229bbf17c9b52", "molecular_formula": "C7H16"}, "molecular_charge": 0.0, "molecular_multiplicity": 1, "connectivity": [[0, 1, 1.0], [0, 7, 1.0], [0, 8, 1.0], [0, 9, 1.0], [1, 2, 1.0], [1, 10, 1.0], [1, 11, 1.0], [2, 3, 1.0], [2, 12, 1.0], [2, 13, 1.0], [3, 4, 1.0], [3, 14, 1.0], [3, 15, 1.0], [4, 5, 1.0], [4, 16, 1.0], [4, 17, 1.0], [5, 6, 1.0], [5, 18, 1.0], [5, 19, 1.0], [6, 20, 1.0], [6, 21, 1.0], [6, 22, 1.0]], "fix_com": true, "fix_orientation": true, "provenance": {"creator": "QCElemental", "version": "v0.22.0", "routine": "qcelemental.molparse.from_schema"}, "id": "49556"}, "charge": 0, "optimize_geometry": false, "conformers": [], "conformer_generation_options": {"n_conformer_pool": 4000, "n_max_conformers": 0, "rms_tolerance": 0.05, "energy_window": 15, "keep_original_conformer": true}, "stage_1_unrestrained_charges": null, "stage_1_restrained_charges": null, "stage_2_unrestrained_charges": null, "stage_2_restrained_charges": null, "keep_original_orientation": false, "reorientations": [], "translations": [], "rotations": []}}, {"index": 2, "molecule": {"qcmol": {"schema_name": "qcschema_molecule", "schema_version": 2, "validated": true, "symbols": ["C", "C", "C", "C", "C", "C", "C", "H", "H", "H", "H", "H", "H", "H", "H", "H", "H", "H", "H", "H", "H", "H", "H"], "geometry": [[0.0, 0.0, -0.0], [2.888826008120614, -3.4189518986636975e-16, 9.45428851876576e-16], [4.0025832036420095, 2.6702127425283644, -4.440892098500626e-16], [6.891427465196084, 2.7816992662257425, 0.21925545649762934], [8.389943336198545, 1.531464887846334, -1.9288398738276813], [7.912820636905778, 2.573738901270769, -4.591766526246426], [8.593918364497783, 5.363496288817993, -4.9227685932902325], [-0.7446917048936355, -1.9117834188150926, -0.007266917882915669], [-0.7417226564126185, 0.9539586652129537, 1.6596377498840316], [-0.7403594772163357, 0.964422516832043, -1.6545410547675705], [3.5573490780508914, -1.0426609499619424, -1.6376426825568333], [3.570305375693694, -1.0197100534663774, 1.6509663245527164], [3.205166663721135, 3.7125289694653043, 1.583502991351323], [3.3835988948922706, 3.661661996448207, -1.6909254467255819], [7.449051408473277, 1.8892560590714278, 1.986321374199349], [7.45699364725275, 4.749047333147483, 0.3863671294961333], [8.013345631192216, -0.48739365735557827, -1.9390976544259613], [10.392689584195594, 1.7244740477942897, -1.501485124812406], [9.021451964893531, 1.4622355919410748, -5.917619136662722], [5.94940413139668, 2.284686926202354, -5.121129573768965], [7.407307865705027, 6.58404456578841, -3.779456365150142], [10.546163195981071, 5.714986393983234, -4.39087054600834], [8.367152388316933, 5.942239227075998, -6.878090402225772]], "name": "C7H16", "identifiers": {"molecule_hash": "899af4b66be0056d6e3b7843ff9229bbf17c9b52", "molecular_formula": "C7H16"}, "molecular_charge": 0.0, "molecular_multiplicity": 1, "connectivity": [[0, 1, 1.0], [0, 7, 1.0], [0, 8, 1.0], [0, 9, 1.0], [1, 2, 1.0], [1, 10, 1.0], [1, 11, 1.0], [2, 3, 1.0], [2, 12, 1.0], [2, 13, 1.0], [3, 4, 1.0], [3, 14, 1.0], [3, 15, 1.0], [4, 5, 1.0], [4, 16, 1.0], [4, 17, 1.0], [5, 6, 1.0], [5, 18, 1.0], [5, 19, 1.0], [6, 20, 1.0], [6, 21, 1.0], [6, 22, 1.0]], "fix_com": true, "fix_orientation": true, "provenance": {"creator": "QCElemental", "version": "v0.22.0", "routine": "qcelemental.molparse.from_schema"}, "id": "49556"}, "charge": 0, "optimize_geometry": false, "conformers": [], "conformer_generation_options": {"n_conformer_pool": 4000, "n_max_conformers": 0, "rms_tolerance": 0.05, "energy_window": 15, "keep_original_conformer": true}, "stage_1_unrestrained_charges": null, "stage_1_restrained_charges": null, "stage_2_unrestrained_charges": null, "stage_2_restrained_charges": null, "keep_original_orientation": false, "reorientations": [], "translations": [], "rotations": []}}, {"index": 3, "molecule": {"qcmol": {"schema_name": "qcschema_molecule", "schema_version": 2, "validated": true, "symbols": ["C", "C", "C", "C", "C", "C", "C", "H", "H", "H", "H", "H", "H", "H", "H", "H", "H", "H", "H", "H", "H", "H", "H"], "geometry": [[0.0, 0.0, -0.0], [2.888826008120614, -3.4189518986636975e-16, 9.45428851876576e-16], [4.0025832036420095, 2.6702127425283644, -4.440892098500626e-16], [6.891427465196084, 2.7816992662257425, 0.21925545649762934], [8.389943336198545, 1.531464887846334, -1.9288398738276813], [7.912820636905778, 2.573738901270769, -4.591766526246426], [8.593918364497783, 5.363496288817993, -4.9227685932902325], [-0.7446917048936355, -1.9117834188150926, -0.007266917882915669], [-0.7417226564126185, 0.9539586652129537, 1.6596377498840316], [-0.7403594772163357, 0.964422516832043, -1.6545410547675705], [3.5573490780508914, -1.0426609499619424, -1.6376426825568333], [3.570305375693694, -1.0197100534663774, 1.6509663245527164], [3.205166663721135, 3.7125289694653043, 1.583502991351323], [3.3835988948922706, 3.661661996448207, -1.6909254467255819], [7.449051408473277, 1.8892560590714278, 1.986321374199349], [7.45699364725275, 4.749047333147483, 0.3863671294961333], [8.013345631192216, -0.48739365735557827, -1.9390976544259613], [10.392689584195594, 1.7244740477942897, -1.501485124812406], [9.021451964893531, 1.4622355919410748, -5.917619136662722], [5.94940413139668, 2.284686926202354, -5.121129573768965], [7.407307865705027, 6.58404456578841, -3.779456365150142], [10.546163195981071, 5.714986393983234, -4.39087054600834], [8.367152388316933, 5.942239227075998, -6.878090402225772]], "name": "C7H16", "identifiers": {"molecule_hash": "899af4b66be0056d6e3b7843ff9229bbf17c9b52", "molecular_formula": "C7H16"}, "molecular_charge": 0.0, "molecular_multiplicity": 1, "connectivity": [[0, 1, 1.0], [0, 7, 1.0], [0, 8, 1.0], [0, 9, 1.0], [1, 2, 1.0], [1, 10, 1.0], [1, 11, 1.0], [2, 3, 1.0], [2, 12, 1.0], [2, 13, 1.0], [3, 4, 1.0], [3, 14, 1.0], [3, 15, 1.0], [4, 5, 1.0], [4, 16, 1.0], [4, 17, 1.0], [5, 6, 1.0], [5, 18, 1.0], [5, 19, 1.0], [6, 20, 1.0], [6, 21, 1.0], [6, 22, 1.0]], "fix_com": true, "fix_orientation": true, "provenance": {"creator": "QCElemental", "version": "v0.22.0", "routine": "qcelemental.molparse.from_schema"}, "id": "49556"}, "charge": 0, "optimize_geometry": false, "conformers": [], "conformer_generation_options": {"n_conformer_pool": 4000, "n_max_conformers": 0, "rms_tolerance": 0.05, "energy_window": 15, "keep_original_conformer": true}, "stage_1_unrestrained_charges": null, "stage_1_restrained_charges": null, "stage_2_unrestrained_charges": null, "stage_2_restrained_charges": null, "keep_original_orientation": false, "reorientations": [], "translations": [], "rotations": []}}, {"index": 4, "molecule": {"qcmol": {"schema_name": "qcschema_molecule", "schema_version": 2, "validated": true, "symbols": ["C", "C", "C", "C", "C", "C", "C", "H", "H", "H", "H", "H", "H", "H", "H", "H", "H", "H", "H", "H", "H", "H", "H"], "geometry": [[0.0, 0.0, -0.0], [2.888826008120614, -3.4189518986636975e-16, 9.45428851876576e-16], [4.0025832036420095, 2.6702127425283644, -4.440892098500626e-16], [6.891427465196084, 2.7816992662257425, 0.21925545649762934], [8.389943336198545, 1.531464887846334, -1.9288398738276813], [7.912820636905778, 2.573738901270769, -4.591766526246426], [8.593918364497783, 5.363496288817993, -4.9227685932902325], [-0.7446917048936355, -1.9117834188150926, -0.007266917882915669], [-0.7417226564126185, 0.9539586652129537, 1.6596377498840316], [-0.7403594772163357, 0.964422516832043, -1.6545410547675705], [3.5573490780508914, -1.0426609499619424, -1.6376426825568333], [3.570305375693694, -1.0197100534663774, 1.6509663245527164], [3.205166663721135, 3.7125289694653043, 1.583502991351323], [3.3835988948922706, 3.661661996448207, -1.6909254467255819], [7.449051408473277, 1.8892560590714278, 1.986321374199349], [7.45699364725275, 4.749047333147483, 0.3863671294961333], [8.013345631192216, -0.48739365735557827, -1.9390976544259613], [10.392689584195594, 1.7244740477942897, -1.501485124812406], [9.021451964893531, 1.4622355919410748, -5.917619136662722], [5.94940413139668, 2.284686926202354, -5.121129573768965], [7.407307865705027, 6.58404456578841, -3.779456365150142], [10.546163195981071, 5.714986393983234, -4.39087054600834], [8.367152388316933, 5.942239227075998, -6.878090402225772]], "name": "C7H16", "identifiers": {"molecule_hash": "899af4b66be0056d6e3b7843ff9229bbf17c9b52", "molecular_formula": "C7H16"}, "molecular_charge": 0.0, "molecular_multiplicity": 1, "connectivity": [[0, 1, 1.0], [0, 7, 1.0], [0, 8, 1.0], [0, 9, 1.0], [1, 2, 1.0], [1, 10, 1.0], [1, 11, 1.0], [2, 3, 1.0], [2, 12, 1.0], [2, 13, 1.0], [3, 4, 1.0], [3, 14, 1.0], [3, 15, 1.0], [4, 5, 1.0], [4, 16, 1.0], [4, 17, 1.0], [5, 6, 1.0], [5, 18, 1.0], [5, 19, 1.0], [6, 20, 1.0], [6, 21, 1.0], [6, 22, 1.0]], "fix_com": true, "fix_orientation": true, "provenance": {"creator": "QCElemental", "version": "v0.22.0", "routine": "qcelemental.molparse.from_schema"}, "id": "49556"}, "charge": 0, "optimize_geometry": false, "conformers": [], "conformer_generation_options": {"n_conformer_pool": 4000, "n_max_conformers": 0, "rms_tolerance": 0.05, "energy_window": 15, "keep_original_conformer": true}, "stage_1_unrestrained_charges": null, "stage_1_restrained_charges": null, "stage_2_unrestrained_charges": null, "stage_2_restrained_charges": null, "keep_original_orientation": false, "reorientations": [], "translations": [], "rotations": []}}, {"index": 5, "molecule": {"qcmol": {"schema_name": "qcschema_molecule", "schema_version": 2, "validated": true, "symbols": ["C", "C", "C", "C", "C", "C", "C", "H", "H", "H", "H", "H", "H", "H", "H", "H", "H", "H", "H", "H", "H", "H", "H"], "geometry": [[0.0, 0.0, -0.0], [2.888826008120614, -3.4189518986636975e-16, 9.45428851876576e-16], [4.0025832036420095, 2.6702127425283644, -4.440892098500626e-16], [6.891427465196084, 2.7816992662257425, 0.21925545649762934], [8.389943336198545, 1.531464887846334, -1.9288398738276813], [7.912820636905778, 2.573738901270769, -4.591766526246426], [8.593918364497783, 5.363496288817993, -4.9227685932902325], [-0.7446917048936355, -1.9117834188150926, -0.007266917882915669], [-0.7417226564126185, 0.9539586652129537, 1.6596377498840316], [-0.7403594772163357, 0.964422516832043, -1.6545410547675705], [3.5573490780508914, -1.0426609499619424, -1.6376426825568333], [3.570305375693694, -1.0197100534663774, 1.6509663245527164], [3.205166663721135, 3.7125289694653043, 1.583502991351323], [3.3835988948922706, 3.661661996448207, -1.6909254467255819], [7.449051408473277, 1.8892560590714278, 1.986321374199349], [7.45699364725275, 4.749047333147483, 0.3863671294961333], [8.013345631192216, -0.48739365735557827, -1.9390976544259613], [10.392689584195594, 1.7244740477942897, -1.501485124812406], [9.021451964893531, 1.4622355919410748, -5.917619136662722], [5.94940413139668, 2.284686926202354, -5.121129573768965], [7.407307865705027, 6.58404456578841, -3.779456365150142], [10.546163195981071, 5.714986393983234, -4.39087054600834], [8.367152388316933, 5.942239227075998, -6.878090402225772]], "name": "C7H16", "identifiers": {"molecule_hash": "899af4b66be0056d6e3b7843ff9229bbf17c9b52", "molecular_formula": "C7H16"}, "molecular_charge": 0.0, "molecular_multiplicity": 1, "connectivity": [[0, 1, 1.0], [0, 7, 1.0], [0, 8, 1.0], [0, 9, 1.0], [1, 2, 1.0], [1, 10, 1.0], [1, 11, 1.0], [2, 3, 1.0], [2, 12, 1.0], [2, 13, 1.0], [3, 4, 1.0], [3, 14, 1.0], [3, 15, 1.0], [4, 5, 1.0], [4, 16, 1.0], [4, 17, 1.0], [5, 6, 1.0], [5, 18, 1.0], [5, 19, 1.0], [6, 20, 1.0], [6, 21, 1.0], [6, 22, 1.0]], "fix_com": true, "fix_orientation": true, "provenance": {"creator": "QCElemental", "version": "v0.22.0", "routine": "qcelemental.molparse.from_schema"}, "id": "49556"}, "charge": 0, "optimize_geometry": false, "conformers": [], "conformer_generation_options": {"n_conformer_pool": 4000, "n_max_conformers": 0, "rms_tolerance": 0.05, "energy_window": 15, "keep_original_conformer": true}, "stage_1_unrestrained_charges": null, "stage_1_restrained_charges": null, "stage_2_unrestrained_charges": null, "stage_2_restrained_charges": null, "keep_original_orientation": false, "reorientations": [], "translations": [], "rotations": []}}, {"index": 6, "molecule": {"qcmol": {"schema_name": "qcschema_molecule", "schema_version": 2, "validated": true, "symbols": ["C", "C", "C", "C", "C", "C", "C", "H", "H", "H", "H", "H", "H", "H", "H", "H", "H", "H", "H", "H", "H", "H", "H"], "geometry": [[0.0, 0.0, -0.0], [2.888826008120614, -3.4189518986636975e-16, 9.45428851876576e-16], [4.0025832036420095, 2.6702127425283644, -4.440892098500626e-16], [6.891427465196084, 2.7816992662257425, 0.21925545649762934], [8.389943336198545, 1.531464887846334, -1.9288398738276813], [7.912820636905778, 2.573738901270769, -4.591766526246426], [8.593918364497783, 5.363496288817993, -4.9227685932902325], [-0.7446917048936355, -1.9117834188150926, -0.007266917882915669], [-0.7417226564126185, 0.9539586652129537, 1.6596377498840316], [-0.7403594772163357, 0.964422516832043, -1.6545410547675705], [3.5573490780508914, -1.0426609499619424, -1.6376426825568333], [3.570305375693694, -1.0197100534663774, 1.6509663245527164], [3.205166663721135, 3.7125289694653043, 1.583502991351323], [3.3835988948922706, 3.661661996448207, -1.6909254467255819], [7.449051408473277, 1.8892560590714278, 1.986321374199349], [7.45699364725275, 4.749047333147483, 0.3863671294961333], [8.013345631192216, -0.48739365735557827, -1.9390976544259613], [10.392689584195594, 1.7244740477942897, -1.501485124812406], [9.021451964893531, 1.4622355919410748, -5.917619136662722], [5.94940413139668, 2.284686926202354, -5.121129573768965], [7.407307865705027, 6.58404456578841, -3.779456365150142], [10.546163195981071, 5.714986393983234, -4.39087054600834], [8.367152388316933, 5.942239227075998, -6.878090402225772]], "name": "C7H16", "identifiers": {"molecule_hash": "899af4b66be0056d6e3b7843ff9229bbf17c9b52", "molecular_formula": "C7H16"}, "molecular_charge": 0.0, "molecular_multiplicity": 1, "connectivity": [[0, 1, 1.0], [0, 7, 1.0], [0, 8, 1.0], [0, 9, 1.0], [1, 2, 1.0], [1, 10, 1.0], [1, 11, 1.0], [2, 3, 1.0], [2, 12, 1.0], [2, 13, 1.0], [3, 4, 1.0], [3, 14, 1.0], [3, 15, 1.0], [4, 5, 1.0], [4, 16, 1.0], [4, 17, 1.0], [5, 6, 1.0], [5, 18, 1.0], [5, 19, 1.0], [6, 20, 1.0], [6, 21, 1.0], [6, 22, 1.0]], "fix_com": true, "fix_orientation": true, "provenance": {"creator": "QCElemental", "version": "v0.22.0", "routine": "qcelemental.molparse.from_schema"}, "id": "49556"}, "charge": 0, "optimize_geometry": false, "conformers": [], "conformer_generation_options": {"n_conformer_pool": 4000, "n_max_conformers": 0, "rms_tolerance": 0.05, "energy_window": 15, "keep_original_conformer": true}, "stage_1_unrestrained_charges": null, "stage_1_restrained_charges": null, "stage_2_unrestrained_charges": null, "stage_2_restrained_charges": null, "keep_original_orientation": false, "reorientations": [], "translations": [], "rotations": []}}]}, "surface_constraints": {"matrix": [[394629947467025.44, 384269499150893.6, 370663044568217.06, 352342440978784.9, 334006221557865.2, 316590360968590.56, 303576745092245.1, 396826462573992.8, 396207674733019.06, 395981992205517.06, 383541391234560.7, 383213428062857.8, 374487683753661.56, 368318502397081.94, 350917506451653.6, 351969648174818.0, 332835341165139.44, 332538361791354.8, 312971199746276.1, 314920985545796.1, 301307010225074.2, 303191780244607.2, 295110297833144.3], [384269499150893.6, 393783990943692.7, 384194187698047.56, 370484007792671.8, 354822348739411.6, 338487486749193.1, 324604265707788.8, 381184436232681.25, 380725609945341.7, 380351633158565.44, 398906798632745.56, 398995094782882.0, 384103831750978.5, 384441845722994.44, 371434104643556.7, 368420724299378.25, 355108841407113.2, 352748332758970.6, 335995235927652.44, 336778320568373.56, 323148942894130.25, 322961194886184.1, 315860553870232.3], [370663044568217.06, 384194187698047.56, 393550170884992.94, 383760193242852.25, 369829447665500.2, 355193221071915.75, 340457319873232.8, 368883587555434.9, 363580128851648.06, 366504398580896.44, 383570874794849.2, 383724320584887.2, 399602800462511.1, 399263400777830.1, 383682490812137.5, 384054877066448.6, 367629339032728.4, 369813659069664.6, 352084980564726.2, 355782616378488.4, 337728795164691.8, 339460497570619.94, 331624657691136.2], [352342440978784.9, 370484007792671.8, 383760193242852.25, 392549029988534.3, 382670582804251.1, 368096903822733.7, 355503804571146.0, 348900667104602.9, 346261612153122.9, 345908358368359.1, 370359262594695.1, 370987252210894.4, 384123033991508.75, 383669774798009.7, 398320438787264.6, 398411769194250.75, 382784164509318.7, 383102278880254.56, 365611596757203.5, 366020703278794.9, 351677828494095.25, 356428908391776.1, 347229654475910.9], [334006221557865.2, 354822348739411.6, 369829447665500.2, 382670582804251.1, 391485660133653.0, 381254479400795.94, 368286778926575.7, 330979494620256.75, 326870946093905.8, 326465534638103.1, 356698275990930.2, 354751167489730.4, 370099871631022.56, 368606923009603.6, 382735864601444.5, 382880897659135.7, 397190589407508.0, 397601244940752.1, 380964363421566.9, 380150027389534.7, 363046564276749.8, 366454440446969.3, 363672629163509.8], [316590360968590.56, 338487486749193.1, 355193221071915.75, 368096903822733.7, 381254479400795.94, 390152073288940.0, 381666755241850.9, 312924047209363.3, 309258437405486.5, 309345468933369.75, 342344662875818.8, 336427795683046.8, 353234394271357.25, 357856128493697.44, 366192845628997.7, 367369768960626.56, 381297241262448.94, 381632887583616.2, 395412477685956.9, 394676695043023.1, 378540152125997.44, 379033846746751.0, 378527466683180.44], [303576745092245.1, 324604265707788.8, 340457319873232.8, 355503804571146.0, 368286778926575.7, 381666755241850.9, 393551265657361.6, 300179162649501.7, 297986499042092.2, 295173607554499.9, 327640184421550.6, 323565312700034.06, 337767961982216.56, 341759610223540.3, 352961725993699.6, 357692806977751.2, 368974523818209.94, 364576384226744.2, 380703149011936.06, 380218572529289.2, 395829168524294.6, 396335391280097.2, 395536678300464.4], [396826462573992.8, 381184436232681.25, 368883587555434.9, 348900667104602.9, 330979494620256.75, 312924047209363.3, 300179162649501.7, 415176655298337.44, 392643359335230.56, 392426910663972.9, 375143173528357.5, 380223839223750.5, 375994410955771.0, 365531380570645.3, 344617598452467.2, 349877918934440.7, 329533310486093.0, 330514870850069.8, 309146621538366.7, 310815327739023.44, 297130274894691.8, 300242861926380.56, 292272224289091.9], [396207674733019.06, 380725609945341.7, 363580128851648.06, 346261612153122.9, 326870946093905.8, 309258437405486.5, 297986499042092.2, 392643359335230.56, 413589407894231.5, 391905133858132.56, 380275670826890.3, 378511422043244.6, 366285126041217.5, 359156336083872.8, 346337775354242.3, 346131365823971.56, 326059080596538.7, 324536373887343.4, 304578419669997.0, 307085482929058.06, 296314720658241.75, 298448598996803.8, 289341492194485.9], [395981992205517.06, 380351633158565.44, 366504398580896.44, 345908358368359.1, 326465534638103.1, 309345468933369.75, 295173607554499.9, 392426910663972.9, 391905133858132.56, 413330352554125.3, 379832510915001.7, 375266768642920.0, 370813471956676.25, 365569555229222.8, 344235631233799.75, 345360325430591.7, 324181335542320.9, 325229550297079.75, 306240971997902.0, 308575645324093.94, 292573368252935.2, 294389603714522.44, 286658310959972.0], [383541391234560.7, 398906798632745.56, 383570874794849.2, 370359262594695.1, 356698275990930.2, 342344662875818.8, 327640184421550.6, 375143173528357.5, 380275670826890.3, 379832510915001.7, 419206665645796.2, 398501437099098.9, 376737713078642.2, 385486329309454.2, 372110036192088.75, 366073379950785.2, 358064165715143.6, 353402682889624.1, 342295131620348.25, 340248736757133.44, 325404957895231.25, 325482721408120.9, 319478328415338.5], [383213428062857.8, 398995094782882.0, 383724320584887.2, 370987252210894.4, 354751167489730.4, 336427795683046.8, 323565312700034.06, 380223839223750.5, 378511422043244.6, 375266768642920.0, 398501437099098.9, 419679820925409.25, 381943679711175.9, 380106700628126.8, 373817785186880.7, 368131264617285.9, 357151476029338.25, 351911289038239.5, 332787110428390.75, 333493412058323.6, 324484193887682.44, 320973400886176.2, 314278380345442.06], [374487683753661.56, 384103831750978.5, 399602800462511.1, 384123033991508.75, 370099871631022.56, 353234394271357.25, 337767961982216.56, 375994410955771.0, 366285126041217.5, 370813471956676.25, 376737713078642.2, 381943679711175.9, 420873467688203.1, 399944363103353.1, 380148301354017.25, 383699596639032.9, 366408581688107.8, 373260492731894.56, 347415743871759.1, 355477772547379.9, 334314446211691.0, 337106891608920.8, 328904680715848.2], [368318502397081.94, 384441845722994.44, 399263400777830.1, 383669774798009.7, 368606923009603.6, 357856128493697.44, 341759610223540.3, 365531380570645.3, 359156336083872.8, 365569555229222.8, 385486329309454.2, 380106700628126.8, 399944363103353.1, 419682344806179.9, 381758770214243.8, 382090326725025.0, 364172460553698.9, 366759242771489.0, 356412113017436.0, 360874885623450.5, 339592850485175.6, 339537661548871.44, 332502764535071.4], [350917506451653.6, 371434104643556.7, 383682490812137.5, 398320438787264.6, 382735864601444.5, 366192845628997.7, 352961725993699.6, 344617598452467.2, 346337775354242.3, 344235631233799.75, 372110036192088.75, 373817785186880.7, 380148301354017.25, 381758770214243.8, 418926800236878.8, 398946785445979.5, 382171380257809.6, 380810562950590.8, 363505425358240.4, 363444322577069.7, 349809233822874.44, 354163033519119.56, 343261118580760.1], [351969648174818.0, 368420724299378.25, 384054877066448.6, 398411769194250.75, 382880897659135.7, 367369768960626.56, 357692806977751.2, 349877918934440.7, 346131365823971.56, 345360325430591.7, 366073379950785.2, 368131264617285.9, 383699596639032.9, 382090326725025.0, 398946785445979.5, 418822960575882.94, 381156877234674.44, 381291330773772.94, 364033511190494.44, 362984461396075.44, 353361854634370.1, 362152615143173.56, 348594207525499.6], [332835341165139.44, 355108841407113.2, 367629339032728.4, 382784164509318.7, 397190589407508.0, 381297241262448.94, 368974523818209.94, 329533310486093.0, 326059080596538.7, 324181335542320.9, 358064165715143.6, 357151476029338.25, 366408581688107.8, 364172460553698.9, 382171380257809.6, 381156877234674.44, 417728869784022.4, 397820586671378.06, 378207283944065.94, 377717578624723.3, 364527691953937.75, 364600516321372.0, 366505022425623.1], [332538361791354.8, 352748332758970.6, 369813659069664.6, 383102278880254.56, 397601244940752.1, 381632887583616.2, 364576384226744.2, 330514870850069.8, 324536373887343.4, 325229550297079.75, 353402682889624.1, 351911289038239.5, 373260492731894.56, 366759242771489.0, 380810562950590.8, 381291330773772.94, 397820586671378.06, 418671007747042.4, 381446561293423.25, 379277119041309.3, 355886154421351.4, 363449416932731.44, 359914686748545.56], [312971199746276.1, 335995235927652.44, 352084980564726.2, 365611596757203.5, 380964363421566.9, 395412477685956.9, 380703149011936.06, 309146621538366.7, 304578419669997.0, 306240971997902.0, 342295131620348.25, 332787110428390.75, 347415743871759.1, 356412113017436.0, 363505425358240.4, 364033511190494.44, 378207283944065.94, 381446561293423.25, 415780116921186.1, 394495047581920.1, 375051495512329.0, 375617977592520.7, 377437406762986.94], [314920985545796.1, 336778320568373.56, 355782616378488.4, 366020703278794.9, 380150027389534.7, 394676695043023.1, 380218572529289.2, 310815327739023.44, 307085482929058.06, 308575645324093.94, 340248736757133.44, 333493412058323.6, 355477772547379.9, 360874885623450.5, 363444322577069.7, 362984461396075.44, 377717578624723.3, 379277119041309.3, 394495047581920.1, 414195525825930.06, 377283888668703.6, 375143424695906.0, 374441807289685.1], [301307010225074.2, 323148942894130.25, 337728795164691.8, 351677828494095.25, 363046564276749.8, 378540152125997.44, 395829168524294.6, 297130274894691.8, 296314720658241.75, 292573368252935.2, 325404957895231.25, 324484193887682.44, 334314446211691.0, 339592850485175.6, 349809233822874.44, 353361854634370.1, 364527691953937.75, 355886154421351.4, 375051495512329.0, 377283888668703.6, 413831507533923.06, 393213919300258.8, 392138287624051.9], [303191780244607.2, 322961194886184.1, 339460497570619.94, 356428908391776.1, 366454440446969.3, 379033846746751.0, 396335391280097.2, 300242861926380.56, 298448598996803.8, 294389603714522.44, 325482721408120.9, 320973400886176.2, 337106891608920.8, 339537661548871.44, 354163033519119.56, 362152615143173.56, 364600516321372.0, 363449416932731.44, 375617977592520.7, 375143424695906.0, 393213919300258.8, 414877452761214.1, 392663065570062.56], [295110297833144.3, 315860553870232.3, 331624657691136.2, 347229654475910.9, 363672629163509.8, 378527466683180.44, 395536678300464.4, 292272224289091.9, 289341492194485.9, 286658310959972.0, 319478328415338.5, 314278380345442.06, 328904680715848.2, 332502764535071.4, 343261118580760.1, 348594207525499.6, 366505022425623.1, 359914686748545.56, 377437406762986.94, 374441807289685.1, 392138287624051.9, 392663065570062.56, 413220441766253.44], [811176295619.4531, 1108517405847.538, 1197941056432.5017, 1208858697393.2805, 1165292320671.0942, 1090392541826.1389, 854535454448.1625, 790212568445.6583, 744200490379.2345, 721919346106.9309, 1172519143872.065, 1145156235557.7532, 1208429253283.251, 1226054143996.0684, 1227641883251.5845, 1216090816508.2039, 1177031376193.7903, 1167133037493.5066, 1131099306099.0781, 1119407577093.015, 821970135299.4681, 824730790221.2609, 783936041017.7175]]}}