{"resp_b": 0.1, "restrained_fit": true, "exclude_hydrogens": true, "convergence_tolerance": 1e-06, "max_iter": 500, "resp_a": 0.0005, "charge_constraints": {"charge_sum_constraints": [], "charge_equivalence_constraints": [], "molecules": [{"qcmol": {"schema_name": "qcschema_molecule", "schema_version": 2, "validated": true, "symbols": ["C", "C", "C", "C", "C", "C", "C", "H", "H", "H", "H", "H", "H", "H", "H", "H", "H", "H", "H", "H", "H", "H", "H"], "geometry": [[0.0, 0.0, -0.0], [2.888826008120614, -3.4189518986636975e-16, 9.45428851876576e-16], [4.0025832036420095, 2.6702127425283644, -4.440892098500626e-16], [6.891427465196084, 2.7816992662257425, 0.21925545649762934], [8.389943336198545, 1.531464887846334, -1.9288398738276813], [7.912820636905778, 2.573738901270769, -4.591766526246426], [8.593918364497783, 5.363496288817993, -4.9227685932902325], [-0.7446917048936355, -1.9117834188150926, -0.007266917882915669], [-0.7417226564126185, 0.9539586652129537, 1.6596377498840316], [-0.7403594772163357, 0.964422516832043, -1.6545410547675705], [3.5573490780508914, -1.0426609499619424, -1.6376426825568333], [3.570305375693694, -1.0197100534663774, 1.6509663245527164], [3.205166663721135, 3.7125289694653043, 1.583502991351323], [3.3835988948922706, 3.661661996448207, -1.6909254467255819], [7.449051408473277, 1.8892560590714278, 1.986321374199349], [7.45699364725275, 4.749047333147483, 0.3863671294961333], [8.013345631192216, -0.48739365735557827, -1.9390976544259613], [10.392689584195594, 1.7244740477942897, -1.501485124812406], [9.021451964893531, 1.4622355919410748, -5.917619136662722], [5.94940413139668, 2.284686926202354, -5.121129573768965], [7.407307865705027, 6.58404456578841, -3.779456365150142], [10.546163195981071, 5.714986393983234, -4.39087054600834], [8.367152388316933, 5.942239227075998, -6.878090402225772]], "name": "C7H16", "identifiers": {"molecule_hash": "899af4b66be0056d6e3b7843ff9229bbf17c9b52", "molecular_formula": "C7H16"}, "molecular_charge": 0.0, "molecular_multiplicity": 1, "connectivity": [[0, 1, 1.0], [0, 7, 1.0], [0, 8, 1.0], [0, 9, 1.0], [1, 2, 1.0], [1, 10, 1.0], [1, 11, 1.0], [2, 3, 1.0], [2, 12, 1.0], [2, 13, 1.0], [3, 4, 1.0], [3, 14, 1.0], [3, 15, 1.0], [4, 5, 1.0], [4, 16, 1.0], [4, 17, 1.0], [5, 6, 1.0], [5, 18, 1.0], [5, 19, 1.0], [6, 20, 1.0], [6, 21, 1.0], [6, 22, 1.0]], "fix_com": true, "fix_orientation": true, "provenance": {"creator": "QCElemental", "version": "v0.22.0", "routine": "qcelemental.molparse.from_schema"}, "id": "49556"}, "charge": 0, "optimize_geometry": false, "conformers": [], "conformer_generation_options": {"n_conformer_pool": 4000, "n_max_conformers": 0, "rms_tolerance": 0.05, "energy_window": 15, "keep_original_conformer": true}, "stage_1_unrestrained_charges": null, "stage_1_restrained_charges": null, "stage_2_unrestrained_charges": null, "stage_2_restrained_charges": null, "keep_original_orientation": false, "reorientations": [], "translations": [], "rotations": []}], "unconstrained_atoms": [{"index": 0, "molecule": {"qcmol": {"schema_name": "qcschema_molecule", "schema_version": 2, "validated": true, "symbols": ["C", "C", "C", "C", "C", "C", "C", "H", "H", "H", "H", "H", "H", "H", "H", "H", "H", "H", "H", "H", "H", "H", "H"], "geometry": [[0.0, 0.0, -0.0], [2.888826008120614, -3.4189518986636975e-16, 9.45428851876576e-16], [4.0025832036420095, 2.6702127425283644, -4.440892098500626e-16], [6.891427465196084, 2.7816992662257425, 0.21925545649762934], [8.389943336198545, 1.531464887846334, -1.9288398738276813], [7.912820636905778, 2.573738901270769, -4.591766526246426], [8.593918364497783, 5.363496288817993, -4.9227685932902325], [-0.7446917048936355, -1.9117834188150926, -0.007266917882915669], [-0.7417226564126185, 0.9539586652129537, 1.6596377498840316], [-0.7403594772163357, 0.964422516832043, -1.6545410547675705], [3.5573490780508914, -1.0426609499619424, -1.6376426825568333], [3.570305375693694, -1.0197100534663774, 1.6509663245527164], [3.205166663721135, 3.7125289694653043, 1.583502991351323], [3.3835988948922706, 3.661661996448207, -1.6909254467255819], [7.449051408473277, 1.8892560590714278, 1.986321374199349], [7.45699364725275, 4.749047333147483, 0.3863671294961333], [8.013345631192216, -0.48739365735557827, -1.9390976544259613], [10.392689584195594, 1.7244740477942897, -1.501485124812406], [9.021451964893531, 1.4622355919410748, -5.917619136662722], [5.94940413139668, 2.284686926202354, -5.121129573768965], [7.407307865705027, 6.58404456578841, -3.779456365150142], [10.546163195981071, 5.714986393983234, -4.39087054600834], [8.367152388316933, 5.942239227075998, -6.878090402225772]], "name": "C7H16", "identifiers": {"molecule_hash": "899af4b66be0056d6e3b7843ff9229bbf17c9b52", "molecular_formula": "C7H16"}, "molecular_charge": 0.0, "molecular_multiplicity": 1, "connectivity": [[0, 1, 1.0], [0, 7, 1.0], [0, 8, 1.0], [0, 9, 1.0], [1, 2, 1.0], [1, 10, 1.0], [1, 11, 1.0], [2, 3, 1.0], [2, 12, 1.0], [2, 13, 1.0], [3, 4, 1.0], [3, 14, 1.0], [3, 15, 1.0], [4, 5, 1.0], [4, 16, 1.0], [4, 17, 1.0], [5, 6, 1.0], [5, 18, 1.0], [5, 19, 1.0], [6, 20, 1.0], [6, 21, 1.0], [6, 22, 1.0]], "fix_com": true, "fix_orientation": true, "provenance": {"creator": "QCElemental", "version": "v0.22.0", "routine": "qcelemental.molparse.from_schema"}, "id": "49556"}, "charge": 0, "optimize_geometry": false, "conformers": [], "conformer_generation_options": {"n_conformer_pool": 4000, "n_max_conformers": 0, "rms_tolerance": 0.05, "energy_window": 15, "keep_original_conformer": true}, "stage_1_unrestrained_charges": null, "stage_1_restrained_charges": null, "stage_2_unrestrained_charges": null, "stage_2_restrained_charges": null, "keep_original_orientation": false, "reorientations": [], "translations": [], "rotations": []}}, {"index": 1, "molecule": {"qcmol": {"schema_name": "qcschema_molecule", "schema_version": 2, "validated": true, "symbols": ["C", "C", "C", "C", "C", "C", "C", "H", "H", "H", "H", "H", "H", "H", "H", "H", "H", "H", "H", "H", "H", "H", "H"], "geometry": [[0.0, 0.0, -0.0], [2.888826008120614, -3.4189518986636975e-16, 9.45428851876576e-16], [4.0025832036420095, 2.6702127425283644, -4.440892098500626e-16], [6.891427465196084, 2.7816992662257425, 0.21925545649762934], [8.389943336198545, 1.531464887846334, -1.9288398738276813], [7.912820636905778, 2.573738901270769, -4.591766526246426], [8.593918364497783, 5.363496288817993, -4.9227685932902325], [-0.7446917048936355, -1.9117834188150926, -0.007266917882915669], [-0.7417226564126185, 0.9539586652129537, 1.6596377498840316], [-0.7403594772163357, 0.964422516832043, -1.6545410547675705], [3.5573490780508914, -1.0426609499619424, -1.6376426825568333], [3.570305375693694, -1.0197100534663774, 1.6509663245527164], [3.205166663721135, 3.7125289694653043, 1.583502991351323], [3.3835988948922706, 3.661661996448207, -1.6909254467255819], [7.449051408473277, 1.8892560590714278, 1.986321374199349], [7.45699364725275, 4.749047333147483, 0.3863671294961333], [8.013345631192216, -0.48739365735557827, -1.9390976544259613], [10.392689584195594, 1.7244740477942897, -1.501485124812406], [9.021451964893531, 1.4622355919410748, -5.917619136662722], [5.94940413139668, 2.284686926202354, -5.121129573768965], [7.407307865705027, 6.58404456578841, -3.779456365150142], [10.546163195981071, 5.714986393983234, -4.39087054600834], [8.367152388316933, 5.942239227075998, -6.878090402225772]], "name": "C7H16", "identifiers": {"molecule_hash": "899af4b66be0056d6e3b7843ff9229bbf17c9b52", "molecular_formula": "C7H16"}, "molecular_charge": 0.0, "molecular_multiplicity": 1, "connectivity": [[0, 1, 1.0], [0, 7, 1.0], [0, 8, 1.0], [0, 9, 1.0], [1, 2, 1.0], [1, 10, 1.0], [1, 11, 1.0], [2, 3, 1.0], [2, 12, 1.0], [2, 13, 1.0], [3, 4, 1.0], [3, 14, 1.0], [3, 15, 1.0], [4, 5, 1.0], [4, 16, 1.0], [4, 17, 1.0], [5, 6, 1.0], [5, 18, 1.0], [5, 19, 1.0], [6, 20, 1.0], [6, 21, 1.0], [6, 22, 1.0]], "fix_com": true, "fix_orientation": true, "provenance": {"creator": "QCElemental", "version": "v0.22.0", "routine": "qcelemental.molparse.from_schema"}, "id": "49556"}, "charge": 0, "optimize_geometry": false, "conformers": [], "conformer_generation_options": {"n_conformer_pool": 4000, "n_max_conformers": 0, "rms_tolerance": 0.05, "energy_window": 15, "keep_original_conformer": true}, "stage_1_unrestrained_charges": null, "stage_1_restrained_charges": null, "stage_2_unrestrained_charges": null, "stage_2_restrained_charges": null, "keep_original_orientation": false, "reorientations": [], "translations": [], "rotations": []}}, {"index": 2, "molecule": {"qcmol": {"schema_name": "qcschema_molecule", "schema_version": 2, "validated": true, "symbols": ["C", "C", "C", "C", "C", "C", "C", "H", "H", "H", "H", "H", "H", "H", "H", "H", "H", "H", "H", "H", "H", "H", "H"], "geometry": [[0.0, 0.0, -0.0], [2.888826008120614, -3.4189518986636975e-16, 9.45428851876576e-16], [4.0025832036420095, 2.6702127425283644, -4.440892098500626e-16], [6.891427465196084, 2.7816992662257425, 0.21925545649762934], [8.389943336198545, 1.531464887846334, -1.9288398738276813], [7.912820636905778, 2.573738901270769, -4.591766526246426], [8.593918364497783, 5.363496288817993, -4.9227685932902325], [-0.7446917048936355, -1.9117834188150926, -0.007266917882915669], [-0.7417226564126185, 0.9539586652129537, 1.6596377498840316], [-0.7403594772163357, 0.964422516832043, -1.6545410547675705], [3.5573490780508914, -1.0426609499619424, -1.6376426825568333], [3.570305375693694, -1.0197100534663774, 1.6509663245527164], [3.205166663721135, 3.7125289694653043, 1.583502991351323], [3.3835988948922706, 3.661661996448207, -1.6909254467255819], [7.449051408473277, 1.8892560590714278, 1.986321374199349], [7.45699364725275, 4.749047333147483, 0.3863671294961333], [8.013345631192216, -0.48739365735557827, -1.9390976544259613], [10.392689584195594, 1.7244740477942897, -1.501485124812406], [9.021451964893531, 1.4622355919410748, -5.917619136662722], [5.94940413139668, 2.284686926202354, -5.121129573768965], [7.407307865705027, 6.58404456578841, -3.779456365150142], [10.546163195981071, 5.714986393983234, -4.39087054600834], [8.367152388316933, 5.942239227075998, -6.878090402225772]], "name": "C7H16", "identifiers": {"molecule_hash": "899af4b66be0056d6e3b7843ff9229bbf17c9b52", "molecular_formula": "C7H16"}, "molecular_charge": 0.0, "molecular_multiplicity": 1, "connectivity": [[0, 1, 1.0], [0, 7, 1.0], [0, 8, 1.0], [0, 9, 1.0], [1, 2, 1.0], [1, 10, 1.0], [1, 11, 1.0], [2, 3, 1.0], [2, 12, 1.0], [2, 13, 1.0], [3, 4, 1.0], [3, 14, 1.0], [3, 15, 1.0], [4, 5, 1.0], [4, 16, 1.0], [4, 17, 1.0], [5, 6, 1.0], [5, 18, 1.0], [5, 19, 1.0], [6, 20, 1.0], [6, 21, 1.0], [6, 22, 1.0]], "fix_com": true, "fix_orientation": true, "provenance": {"creator": "QCElemental", "version": "v0.22.0", "routine": "qcelemental.molparse.from_schema"}, "id": "49556"}, "charge": 0, "optimize_geometry": false, "conformers": [], "conformer_generation_options": {"n_conformer_pool": 4000, "n_max_conformers": 0, "rms_tolerance": 0.05, "energy_window": 15, "keep_original_conformer": true}, "stage_1_unrestrained_charges": null, "stage_1_restrained_charges": null, "stage_2_unrestrained_charges": null, "stage_2_restrained_charges": null, "keep_original_orientation": false, "reorientations": [], "translations": [], "rotations": []}}, {"index": 3, "molecule": {"qcmol": {"schema_name": "qcschema_molecule", "schema_version": 2, "validated": true, "symbols": ["C", "C", "C", "C", "C", "C", "C", "H", "H", "H", "H", "H", "H", "H", "H", "H", "H", "H", "H", "H", "H", "H", "H"], "geometry": [[0.0, 0.0, -0.0], [2.888826008120614, -3.4189518986636975e-16, 9.45428851876576e-16], [4.0025832036420095, 2.6702127425283644, -4.440892098500626e-16], [6.891427465196084, 2.7816992662257425, 0.21925545649762934], [8.389943336198545, 1.531464887846334, -1.9288398738276813], [7.912820636905778, 2.573738901270769, -4.591766526246426], [8.593918364497783, 5.363496288817993, -4.9227685932902325], [-0.7446917048936355, -1.9117834188150926, -0.007266917882915669], [-0.7417226564126185, 0.9539586652129537, 1.6596377498840316], [-0.7403594772163357, 0.964422516832043, -1.6545410547675705], [3.5573490780508914, -1.0426609499619424, -1.6376426825568333], [3.570305375693694, -1.0197100534663774, 1.6509663245527164], [3.205166663721135, 3.7125289694653043, 1.583502991351323], [3.3835988948922706, 3.661661996448207, -1.6909254467255819], [7.449051408473277, 1.8892560590714278, 1.986321374199349], [7.45699364725275, 4.749047333147483, 0.3863671294961333], [8.013345631192216, -0.48739365735557827, -1.9390976544259613], [10.392689584195594, 1.7244740477942897, -1.501485124812406], [9.021451964893531, 1.4622355919410748, -5.917619136662722], [5.94940413139668, 2.284686926202354, -5.121129573768965], [7.407307865705027, 6.58404456578841, -3.779456365150142], [10.546163195981071, 5.714986393983234, -4.39087054600834], [8.367152388316933, 5.942239227075998, -6.878090402225772]], "name": "C7H16", "identifiers": {"molecule_hash": "899af4b66be0056d6e3b7843ff9229bbf17c9b52", "molecular_formula": "C7H16"}, "molecular_charge": 0.0, "molecular_multiplicity": 1, "connectivity": [[0, 1, 1.0], [0, 7, 1.0], [0, 8, 1.0], [0, 9, 1.0], [1, 2, 1.0], [1, 10, 1.0], [1, 11, 1.0], [2, 3, 1.0], [2, 12, 1.0], [2, 13, 1.0], [3, 4, 1.0], [3, 14, 1.0], [3, 15, 1.0], [4, 5, 1.0], [4, 16, 1.0], [4, 17, 1.0], [5, 6, 1.0], [5, 18, 1.0], [5, 19, 1.0], [6, 20, 1.0], [6, 21, 1.0], [6, 22, 1.0]], "fix_com": true, "fix_orientation": true, "provenance": {"creator": "QCElemental", "version": "v0.22.0", "routine": "qcelemental.molparse.from_schema"}, "id": "49556"}, "charge": 0, "optimize_geometry": false, "conformers": [], "conformer_generation_options": {"n_conformer_pool": 4000, "n_max_conformers": 0, "rms_tolerance": 0.05, "energy_window": 15, "keep_original_conformer": true}, "stage_1_unrestrained_charges": null, "stage_1_restrained_charges": null, "stage_2_unrestrained_charges": null, "stage_2_restrained_charges": null, "keep_original_orientation": false, "reorientations": [], "translations": [], "rotations": []}}, {"index": 4, "molecule": {"qcmol": {"schema_name": "qcschema_molecule", "schema_version": 2, "validated": true, "symbols": ["C", "C", "C", "C", "C", "C", "C", "H", "H", "H", "H", "H", "H", "H", "H", "H", "H", "H", "H", "H", "H", "H", "H"], "geometry": [[0.0, 0.0, -0.0], [2.888826008120614, -3.4189518986636975e-16, 9.45428851876576e-16], [4.0025832036420095, 2.6702127425283644, -4.440892098500626e-16], [6.891427465196084, 2.7816992662257425, 0.21925545649762934], [8.389943336198545, 1.531464887846334, -1.9288398738276813], [7.912820636905778, 2.573738901270769, -4.591766526246426], [8.593918364497783, 5.363496288817993, -4.9227685932902325], [-0.7446917048936355, -1.9117834188150926, -0.007266917882915669], [-0.7417226564126185, 0.9539586652129537, 1.6596377498840316], [-0.7403594772163357, 0.964422516832043, -1.6545410547675705], [3.5573490780508914, -1.0426609499619424, -1.6376426825568333], [3.570305375693694, -1.0197100534663774, 1.6509663245527164], [3.205166663721135, 3.7125289694653043, 1.583502991351323], [3.3835988948922706, 3.661661996448207, -1.6909254467255819], [7.449051408473277, 1.8892560590714278, 1.986321374199349], [7.45699364725275, 4.749047333147483, 0.3863671294961333], [8.013345631192216, -0.48739365735557827, -1.9390976544259613], [10.392689584195594, 1.7244740477942897, -1.501485124812406], [9.021451964893531, 1.4622355919410748, -5.917619136662722], [5.94940413139668, 2.284686926202354, -5.121129573768965], [7.407307865705027, 6.58404456578841, -3.779456365150142], [10.546163195981071, 5.714986393983234, -4.39087054600834], [8.367152388316933, 5.942239227075998, -6.878090402225772]], "name": "C7H16", "identifiers": {"molecule_hash": "899af4b66be0056d6e3b7843ff9229bbf17c9b52", "molecular_formula": "C7H16"}, "molecular_charge": 0.0, "molecular_multiplicity": 1, "connectivity": [[0, 1, 1.0], [0, 7, 1.0], [0, 8, 1.0], [0, 9, 1.0], [1, 2, 1.0], [1, 10, 1.0], [1, 11, 1.0], [2, 3, 1.0], [2, 12, 1.0], [2, 13, 1.0], [3, 4, 1.0], [3, 14, 1.0], [3, 15, 1.0], [4, 5, 1.0], [4, 16, 1.0], [4, 17, 1.0], [5, 6, 1.0], [5, 18, 1.0], [5, 19, 1.0], [6, 20, 1.0], [6, 21, 1.0], [6, 22, 1.0]], "fix_com": true, "fix_orientation": true, "provenance": {"creator": "QCElemental", "version": "v0.22.0", "routine": "qcelemental.molparse.from_schema"}, "id": "49556"}, "charge": 0, "optimize_geometry": false, "conformers": [], "conformer_generation_options": {"n_conformer_pool": 4000, "n_max_conformers": 0, "rms_tolerance": 0.05, "energy_window": 15, "keep_original_conformer": true}, "stage_1_unrestrained_charges": null, "stage_1_restrained_charges": null, "stage_2_unrestrained_charges": null, "stage_2_restrained_charges": null, "keep_original_orientation": false, "reorientations": [], "translations": [], "rotations": []}}, {"index": 5, "molecule": {"qcmol": {"schema_name": "qcschema_molecule", "schema_version": 2, "validated": true, "symbols": ["C", "C", "C", "C", "C", "C", "C", "H", "H", "H", "H", "H", "H", "H", "H", "H", "H", "H", "H", "H", "H", "H", "H"], "geometry": [[0.0, 0.0, -0.0], [2.888826008120614, -3.4189518986636975e-16, 9.45428851876576e-16], [4.0025832036420095, 2.6702127425283644, -4.440892098500626e-16], [6.891427465196084, 2.7816992662257425, 0.21925545649762934], [8.389943336198545, 1.531464887846334, -1.9288398738276813], [7.912820636905778, 2.573738901270769, -4.591766526246426], [8.593918364497783, 5.363496288817993, -4.9227685932902325], [-0.7446917048936355, -1.9117834188150926, -0.007266917882915669], [-0.7417226564126185, 0.9539586652129537, 1.6596377498840316], [-0.7403594772163357, 0.964422516832043, -1.6545410547675705], [3.5573490780508914, -1.0426609499619424, -1.6376426825568333], [3.570305375693694, -1.0197100534663774, 1.6509663245527164], [3.205166663721135, 3.7125289694653043, 1.583502991351323], [3.3835988948922706, 3.661661996448207, -1.6909254467255819], [7.449051408473277, 1.8892560590714278, 1.986321374199349], [7.45699364725275, 4.749047333147483, 0.3863671294961333], [8.013345631192216, -0.48739365735557827, -1.9390976544259613], [10.392689584195594, 1.7244740477942897, -1.501485124812406], [9.021451964893531, 1.4622355919410748, -5.917619136662722], [5.94940413139668, 2.284686926202354, -5.121129573768965], [7.407307865705027, 6.58404456578841, -3.779456365150142], [10.546163195981071, 5.714986393983234, -4.39087054600834], [8.367152388316933, 5.942239227075998, -6.878090402225772]], "name": "C7H16", "identifiers": {"molecule_hash": "899af4b66be0056d6e3b7843ff9229bbf17c9b52", "molecular_formula": "C7H16"}, "molecular_charge": 0.0, "molecular_multiplicity": 1, "connectivity": [[0, 1, 1.0], [0, 7, 1.0], [0, 8, 1.0], [0, 9, 1.0], [1, 2, 1.0], [1, 10, 1.0], [1, 11, 1.0], [2, 3, 1.0], [2, 12, 1.0], [2, 13, 1.0], [3, 4, 1.0], [3, 14, 1.0], [3, 15, 1.0], [4, 5, 1.0], [4, 16, 1.0], [4, 17, 1.0], [5, 6, 1.0], [5, 18, 1.0], [5, 19, 1.0], [6, 20, 1.0], [6, 21, 1.0], [6, 22, 1.0]], "fix_com": true, "fix_orientation": true, "provenance": {"creator": "QCElemental", "version": "v0.22.0", "routine": "qcelemental.molparse.from_schema"}, "id": "49556"}, "charge": 0, "optimize_geometry": false, "conformers": [], "conformer_generation_options": {"n_conformer_pool": 4000, "n_max_conformers": 0, "rms_tolerance": 0.05, "energy_window": 15, "keep_original_conformer": true}, "stage_1_unrestrained_charges": null, "stage_1_restrained_charges": null, "stage_2_unrestrained_charges": null, "stage_2_restrained_charges": null, "keep_original_orientation": false, "reorientations": [], "translations": [], "rotations": []}}, {"index": 6, "molecule": {"qcmol": {"schema_name": "qcschema_molecule", "schema_version": 2, "validated": true, "symbols": ["C", "C", "C", "C", "C", "C", "C", "H", "H", "H", "H", "H", "H", "H", "H", "H", "H", "H", "H", "H", "H", "H", "H"], "geometry": [[0.0, 0.0, -0.0], [2.888826008120614, -3.4189518986636975e-16, 9.45428851876576e-16], [4.0025832036420095, 2.6702127425283644, -4.440892098500626e-16], [6.891427465196084, 2.7816992662257425, 0.21925545649762934], [8.389943336198545, 1.531464887846334, -1.9288398738276813], [7.912820636905778, 2.573738901270769, -4.591766526246426], [8.593918364497783, 5.363496288817993, -4.9227685932902325], [-0.7446917048936355, -1.9117834188150926, -0.007266917882915669], [-0.7417226564126185, 0.9539586652129537, 1.6596377498840316], [-0.7403594772163357, 0.964422516832043, -1.6545410547675705], [3.5573490780508914, -1.0426609499619424, -1.6376426825568333], [3.570305375693694, -1.0197100534663774, 1.6509663245527164], [3.205166663721135, 3.7125289694653043, 1.583502991351323], [3.3835988948922706, 3.661661996448207, -1.6909254467255819], [7.449051408473277, 1.8892560590714278, 1.986321374199349], [7.45699364725275, 4.749047333147483, 0.3863671294961333], [8.013345631192216, -0.48739365735557827, -1.9390976544259613], [10.392689584195594, 1.7244740477942897, -1.501485124812406], [9.021451964893531, 1.4622355919410748, -5.917619136662722], [5.94940413139668, 2.284686926202354, -5.121129573768965], [7.407307865705027, 6.58404456578841, -3.779456365150142], [10.546163195981071, 5.714986393983234, -4.39087054600834], [8.367152388316933, 5.942239227075998, -6.878090402225772]], "name": "C7H16", "identifiers": {"molecule_hash": "899af4b66be0056d6e3b7843ff9229bbf17c9b52", "molecular_formula": "C7H16"}, "molecular_charge": 0.0, "molecular_multiplicity": 1, "connectivity": [[0, 1, 1.0], [0, 7, 1.0], [0, 8, 1.0], [0, 9, 1.0], [1, 2, 1.0], [1, 10, 1.0], [1, 11, 1.0], [2, 3, 1.0], [2, 12, 1.0], [2, 13, 1.0], [3, 4, 1.0], [3, 14, 1.0], [3, 15, 1.0], [4, 5, 1.0], [4, 16, 1.0], [4, 17, 1.0], [5, 6, 1.0], [5, 18, 1.0], [5, 19, 1.0], [6, 20, 1.0], [6, 21, 1.0], [6, 22, 1.0]], "fix_com": true, "fix_orientation": true, "provenance": {"creator": "QCElemental", "version": "v0.22.0", "routine": "qcelemental.molparse.from_schema"}, "id": "49556"}, "charge": 0, "optimize_geometry": false, "conformers": [], "conformer_generation_options": {"n_conformer_pool": 4000, "n_max_conformers": 0, "rms_tolerance": 0.05, "energy_window": 15, "keep_original_conformer": true}, "stage_1_unrestrained_charges": null, "stage_1_restrained_charges": null, "stage_2_unrestrained_charges": null, "stage_2_restrained_charges": null, "keep_original_orientation": false, "reorientations": [], "translations": [], "rotations": []}}]}, "surface_constraints": {"matrix": [[1927.057489365888, 1873.7507807242669, 1802.5659826237538, 1706.8542906903285, 1613.2402900447219, 1524.3876301727562, 1455.904923639217, 1934.845024525874, 1930.0372895711432, 1929.7503868096883, 1866.316458974586, 1866.8615088385684, 1820.329161411376, 1788.310739675989, 1697.322731369098, 1702.1264247948561, 1605.7680351915349, 1605.0681832218515, 1504.9375918660796, 1515.5311854988715, 1442.7452833804957, 1451.5918077343697, 1411.5410623464948], [1873.7507807242669, 1925.7659391424286, 1875.1834163641759, 1802.8403856805414, 1722.026508873747, 1637.3221947884983, 1563.5519605502357, 1854.376019523616, 1850.700064475678, 1849.706708738989, 1948.4578546471944, 1951.4319327072578, 1872.6967891488728, 1873.8971537526018, 1804.9777963276124, 1789.308412183065, 1721.8495876607767, 1710.663807985143, 1622.992909834718, 1627.8221420065092, 1554.010910757802, 1552.7867402792558, 1517.0750536543012], [1802.5659826237538, 1875.1834163641759, 1925.0161364167934, 1873.3918816323535, 1800.1279557252049, 1723.6749296742453, 1644.8222082221382, 1790.4261910442344, 1762.0691837954441, 1778.0122145475345, 1868.2705236471102, 1871.5781902156903, 1954.1371883671877, 1951.7775351109547, 1870.4925602153235, 1872.242299766571, 1786.4665712121296, 1798.8471767279304, 1705.9838601390888, 1725.4569771641568, 1628.2754992568823, 1637.3163118180955, 1597.290328600505], [1706.8542906903285, 1802.8403856805414, 1873.3918816323535, 1918.65297578292, 1866.7350098937782, 1790.344061582077, 1721.7481196278688, 1686.938691101021, 1672.1410637714139, 1671.3532841945894, 1798.9403358502775, 1804.3592535745931, 1873.8755049716365, 1870.7531324680936, 1945.4619061034984, 1945.5905266333634, 1864.525059996046, 1867.6921662039579, 1775.2566393057975, 1778.590706761907, 1699.0987934442173, 1723.5314931484806, 1676.5217654733988], [1613.2402900447219, 1722.026508873747, 1800.1279557252049, 1866.7350098937782, 1914.1071749083492, 1860.2246228775969, 1788.5232819412488, 1595.6971522522526, 1573.9190881129018, 1572.9496168069156, 1729.0981251436397, 1720.9630517479115, 1799.701316854759, 1791.75503773666, 1864.2068728067595, 1864.40479922729, 1940.7479792629988, 1944.5989252049992, 1856.5068941972863, 1852.9021630251536, 1758.0379344984776, 1775.427194764472, 1761.3919942870664], [1524.3876301727562, 1637.3221947884983, 1723.6749296742453, 1790.344061582077, 1860.2246228775969, 1906.9468550017211, 1857.8989109412596, 1504.162245339217, 1484.6960007846033, 1486.1194364502735, 1654.4075109956677, 1626.2443460367208, 1712.0885775743516, 1735.54487990991, 1778.078439765223, 1783.7030615561855, 1857.7962416486346, 1861.2930159513992, 1931.7855938788002, 1928.5496598737393, 1837.353039002669, 1839.9961641643436, 1837.6883745086666], [1455.904923639217, 1563.5519605502357, 1644.8222082221382, 1721.7481196278688, 1788.5232819412488, 1857.8989109412596, 1915.7905026129597, 1437.2139969830428, 1425.262176121645, 1412.4295408663781, 1576.7199880798562, 1557.7052966181946, 1629.904746973909, 1649.983947231156, 1707.0939315356645, 1729.9834341519295, 1789.6639118873684, 1768.6808691350966, 1850.72935413568, 1848.7569680914391, 1922.6156371947866, 1925.4069470681397, 1921.5208068809552], [1934.845024525874, 1854.376019523616, 1790.4261910442344, 1686.938691101021, 1595.6971522522526, 1504.162245339217, 1437.2139969830428, 2025.314811017326, 1908.4440240285367, 1908.0312682484482, 1820.1610747122895, 1847.9681686448355, 1824.6213499415594, 1771.1530149428193, 1663.2348976992769, 1689.2746606164585, 1586.8973213969946, 1592.3965227255212, 1484.2034491309414, 1493.1901160513776, 1420.2651159728487, 1435.1721024925332, 1395.7590502600062], [1930.0372895711432, 1850.700064475678, 1762.0691837954441, 1672.1410637714139, 1573.9190881129018, 1484.6960007846033, 1425.262176121645, 1908.4440240285367, 2013.7457558529595, 1903.6449722723148, 1844.906425268788, 1838.038765806096, 1774.2885647422622, 1737.672699743672, 1670.3886607071975, 1668.576591472022, 1568.3606453504376, 1561.5697603168437, 1460.216434441278, 1473.479524542178, 1415.1912396679102, 1425.0615127911462, 1380.406345184383], [1929.7503868096883, 1849.706708738989, 1778.0122145475345, 1671.3532841945894, 1572.9496168069156, 1486.1194364502735, 1412.4295408663781, 1908.0312682484482, 1903.6449722723148, 2014.1146060308586, 1843.4650108616615, 1822.4449483271783, 1798.2701168194399, 1771.084918283205, 1660.737264273875, 1665.7827683893531, 1560.0229387929544, 1566.165457869963, 1469.2978165948211, 1481.8649030614283, 1397.8174197019832, 1406.342689509313, 1368.1235450264476], [1866.316458974586, 1948.4578546471944, 1868.2705236471102, 1798.9403358502775, 1729.0981251436397, 1654.4075109956677, 1576.7199880798562, 1820.1610747122895, 1844.906425268788, 1843.4650108616615, 2048.618044393442, 1945.2776958639504, 1831.16438194061, 1876.0002593005406, 1804.812334813186, 1774.2612565399668, 1734.6243526982707, 1711.8660706475112, 1652.1846344537444, 1642.963639064917, 1563.4032558707145, 1563.392332400369, 1533.1217932958832], [1866.8615088385684, 1951.4319327072578, 1871.5781902156903, 1804.3592535745931, 1720.9630517479115, 1626.2443460367208, 1557.7052966181946, 1847.9681686448355, 1838.038765806096, 1822.4449483271783, 1945.2776958639504, 2056.0002057762485, 1860.9796291092032, 1850.2211396036635, 1815.9922721392732, 1786.6647093042538, 1731.6732107989912, 1705.8145286501372, 1606.187290978582, 1610.5991090315008, 1560.000612256992, 1542.264431828541, 1508.631118059442], [1820.329161411376, 1872.6967891488728, 1954.1371883671877, 1873.8755049716365, 1799.701316854759, 1712.0885775743516, 1629.904746973909, 1824.6213499415594, 1774.2885647422622, 1798.2701168194399, 1831.16438194061, 1860.9796291092032, 2060.8209060562504, 1952.7717502805465, 1851.7596106579244, 1869.5386018383915, 1778.507379803762, 1814.2584907784205, 1680.947813043085, 1722.022085993047, 1609.7733748533299, 1624.3146055385125, 1582.4339609742053], [1788.310739675989, 1873.8971537526018, 1951.7775351109547, 1870.7531324680936, 1791.75503773666, 1735.54487990991, 1649.983947231156, 1771.1530149428193, 1737.672699743672, 1771.084918283205, 1876.0002593005406, 1850.2211396036635, 1952.7717502805465, 2053.543343962205, 1858.6574677834783, 1860.4636654392477, 1766.5639524013152, 1781.2020617032892, 1726.4304707362585, 1749.5166346481942, 1636.2470752231875, 1636.517727808883, 1600.3129389296269], [1697.322731369098, 1804.9777963276124, 1870.4925602153235, 1945.4619061034984, 1864.2068728067595, 1778.078439765223, 1707.0939315356645, 1663.2348976992769, 1670.3886607071975, 1660.737264273875, 1804.812334813186, 1815.9922721392732, 1851.7596106579244, 1858.6574677834783, 2047.3189772075898, 1945.8183128622911, 1858.6380654668878, 1853.0253689411984, 1761.5557597998868, 1763.2010736833313, 1688.1504622722418, 1710.5571562254108, 1655.0180322223605], [1702.1264247948561, 1789.308412183065, 1872.242299766571, 1945.5905266333634, 1864.40479922729, 1783.7030615561855, 1729.9834341519295, 1689.2746606164585, 1668.576591472022, 1665.7827683893531, 1774.2612565399668, 1786.6647093042538, 1869.5386018383915, 1860.4636654392477, 1945.8183128622911, 2046.0647371986465, 1852.6028586944478, 1855.1461555586882, 1764.4868103570047, 1760.539432587785, 1704.758324092073, 1749.5724071539678, 1680.6168135916944], [1605.7680351915349, 1721.8495876607767, 1786.4665712121296, 1864.525059996046, 1940.7479792629988, 1857.7962416486346, 1789.6639118873684, 1586.8973213969946, 1568.3606453504376, 1560.0229387929544, 1734.6243526982707, 1731.6732107989912, 1778.507379803762, 1766.5639524013152, 1858.6380654668878, 1852.6028586944478, 2043.1752074050414, 1942.867679191931, 1839.8260859598881, 1837.8809472914677, 1763.4178957830177, 1763.6674736446032, 1773.4107840982617], [1605.0681832218515, 1710.663807985143, 1798.8471767279304, 1867.6921662039579, 1944.5989252049992, 1861.2930159513992, 1768.6808691350966, 1592.3965227255212, 1561.5697603168437, 1566.165457869963, 1711.8660706475112, 1705.8145286501372, 1814.2584907784205, 1781.2020617032892, 1853.0253689411984, 1855.1461555586882, 1942.867679191931, 2051.4862051375535, 1858.4394543078656, 1847.535212664788, 1721.0386631587562, 1759.2011413335356, 1741.539370347202], [1504.9375918660796, 1622.992909834718, 1705.9838601390888, 1775.2566393057975, 1856.5068941972863, 1931.7855938788002, 1850.72935413568, 1484.2034491309414, 1460.216434441278, 1469.2978165948211, 1652.1846344537444, 1606.187290978582, 1680.947813043085, 1726.4304707362585, 1761.5557597998868, 1764.4868103570047, 1839.8260859598881, 1858.4394543078656, 2033.8467264457627, 1925.305595334028, 1817.5226612994902, 1820.490774640408, 1830.0120625634345], [1515.5311854988715, 1627.8221420065092, 1725.4569771641568, 1778.590706761907, 1852.9021630251536, 1928.5496598737393, 1848.7569680914391, 1493.1901160513776, 1473.479524542178, 1481.8649030614283, 1642.963639064917, 1610.5991090315008, 1722.022085993047, 1749.5166346481942, 1763.2010736833313, 1760.539432587785, 1837.8809472914677, 1847.535212664788, 1925.305595334028, 2026.573030920538, 1829.2751801663526, 1818.6107406354295, 1815.2376232509205], [1442.7452833804957, 1554.010910757802, 1628.2754992568823, 1699.0987934442173, 1758.0379344984776, 1837.353039002669, 1922.6156371947866, 1420.2651159728487, 1415.1912396679102, 1397.8174197019832, 1563.4032558707145, 1560.000612256992, 1609.7733748533299, 1636.2470752231875, 1688.1504622722418, 1704.758324092073, 1763.4178957830177, 1721.0386631587562, 1817.5226612994902, 1829.2751801663526, 2009.4431145047283, 1904.504237914962, 1899.4855312618117], [1451.5918077343697, 1552.7867402792558, 1637.3163118180955, 1723.5314931484806, 1775.427194764472, 1839.9961641643436, 1925.4069470681397, 1435.1721024925332, 1425.0615127911462, 1406.342689509313, 1563.392332400369, 1542.264431828541, 1624.3146055385125, 1636.517727808883, 1710.5571562254108, 1749.5724071539678, 1763.6674736446032, 1759.2011413335356, 1820.490774640408, 1818.6107406354295, 1904.504237914962, 2015.9404260478605, 1901.9949100479018], [1411.5410623464948, 1517.0750536543012, 1597.290328600505, 1676.5217654733988, 1761.3919942870664, 1837.6883745086666, 1921.5208068809552, 1395.7590502600062, 1380.406345184383, 1368.1235450264476, 1533.1217932958832, 1508.631118059442, 1582.4339609742053, 1600.3129389296269, 1655.0180322223605, 1680.6168135916944, 1773.4107840982617, 1741.539370347202, 1830.0120625634345, 1815.2376232509205, 1899.4855312618117, 1901.9949100479018, 2007.0313751161773], [3.1054539925762037, 4.999228234280515, 5.465823757133431, 5.50242869304874, 5.130536969340042, 4.627650858860307, 3.1763451687214523, 2.9388825613273837, 2.7208513028914565, 2.5477666123801224, 5.412062061176087, 5.293353980450383, 5.458479753534942, 5.638330033064292, 5.7137559321768645, 5.467724457978754, 5.169485869798181, 5.096747518755012, 4.910454611779025, 4.735690545797891, 3.065863743082532, 2.978013908145365, 2.692931435649265]]}}