{"resp_b": 0.1, "restrained_fit": true, "exclude_hydrogens": true, "convergence_tolerance": 1e-06, "max_iter": 500, "resp_a": 0.0005, "charge_constraints": {"charge_sum_constraints": [], "charge_equivalence_constraints": [], "molecules": [{"qcmol": {"schema_name": "qcschema_molecule", "schema_version": 2, "validated": true, "symbols": ["C", "C", "C", "C", "C", "C", "C", "H", "H", "H", "H", "H", "H", "H", "H", "H", "H", "H", "H", "H", "H", "H", "H"], "geometry": [[0.0, 0.0, -0.0], [2.888826008120614, -3.4189518986636975e-16, 9.45428851876576e-16], [4.0025832036420095, 2.6702127425283644, -4.440892098500626e-16], [6.891427465196084, 2.7816992662257425, 0.21925545649762934], [8.389943336198545, 1.531464887846334, -1.9288398738276813], [7.912820636905778, 2.573738901270769, -4.591766526246426], [8.593918364497783, 5.363496288817993, -4.9227685932902325], [-0.7446917048936355, -1.9117834188150926, -0.007266917882915669], [-0.7417226564126185, 0.9539586652129537, 1.6596377498840316], [-0.7403594772163357, 0.964422516832043, -1.6545410547675705], [3.5573490780508914, -1.0426609499619424, -1.6376426825568333], [3.570305375693694, -1.0197100534663774, 1.6509663245527164], [3.205166663721135, 3.7125289694653043, 1.583502991351323], [3.3835988948922706, 3.661661996448207, -1.6909254467255819], [7.449051408473277, 1.8892560590714278, 1.986321374199349], [7.45699364725275, 4.749047333147483, 0.3863671294961333], [8.013345631192216, -0.48739365735557827, -1.9390976544259613], [10.392689584195594, 1.7244740477942897, -1.501485124812406], [9.021451964893531, 1.4622355919410748, -5.917619136662722], [5.94940413139668, 2.284686926202354, -5.121129573768965], [7.407307865705027, 6.58404456578841, -3.779456365150142], [10.546163195981071, 5.714986393983234, -4.39087054600834], [8.367152388316933, 5.942239227075998, -6.878090402225772]], "name": "C7H16", "identifiers": {"molecule_hash": "899af4b66be0056d6e3b7843ff9229bbf17c9b52", "molecular_formula": "C7H16"}, "molecular_charge": 0.0, "molecular_multiplicity": 1, "connectivity": [[0, 1, 1.0], [0, 7, 1.0], [0, 8, 1.0], [0, 9, 1.0], [1, 2, 1.0], [1, 10, 1.0], [1, 11, 1.0], [2, 3, 1.0], [2, 12, 1.0], [2, 13, 1.0], [3, 4, 1.0], [3, 14, 1.0], [3, 15, 1.0], [4, 5, 1.0], [4, 16, 1.0], [4, 17, 1.0], [5, 6, 1.0], [5, 18, 1.0], [5, 19, 1.0], [6, 20, 1.0], [6, 21, 1.0], [6, 22, 1.0]], "fix_com": true, "fix_orientation": true, "provenance": {"creator": "QCElemental", "version": "v0.22.0", "routine": "qcelemental.molparse.from_schema"}, "id": "49556"}, "charge": 0, "optimize_geometry": false, "conformers": [], "conformer_generation_options": {"n_conformer_pool": 4000, "n_max_conformers": 0, "rms_tolerance": 0.05, "energy_window": 15, "keep_original_conformer": true}, "stage_1_unrestrained_charges": null, "stage_1_restrained_charges": null, "stage_2_unrestrained_charges": null, "stage_2_restrained_charges": null, "keep_original_orientation": false, "reorientations": [], "translations": [], "rotations": []}], "unconstrained_atoms": [{"index": 0, "molecule": {"qcmol": {"schema_name": "qcschema_molecule", "schema_version": 2, "validated": true, "symbols": ["C", "C", "C", "C", "C", "C", "C", "H", "H", "H", "H", "H", "H", "H", "H", "H", "H", "H", "H", "H", "H", "H", "H"], "geometry": [[0.0, 0.0, -0.0], [2.888826008120614, -3.4189518986636975e-16, 9.45428851876576e-16], [4.0025832036420095, 2.6702127425283644, -4.440892098500626e-16], [6.891427465196084, 2.7816992662257425, 0.21925545649762934], [8.389943336198545, 1.531464887846334, -1.9288398738276813], [7.912820636905778, 2.573738901270769, -4.591766526246426], [8.593918364497783, 5.363496288817993, -4.9227685932902325], [-0.7446917048936355, -1.9117834188150926, -0.007266917882915669], [-0.7417226564126185, 0.9539586652129537, 1.6596377498840316], [-0.7403594772163357, 0.964422516832043, -1.6545410547675705], [3.5573490780508914, -1.0426609499619424, -1.6376426825568333], [3.570305375693694, -1.0197100534663774, 1.6509663245527164], [3.205166663721135, 3.7125289694653043, 1.583502991351323], [3.3835988948922706, 3.661661996448207, -1.6909254467255819], [7.449051408473277, 1.8892560590714278, 1.986321374199349], [7.45699364725275, 4.749047333147483, 0.3863671294961333], [8.013345631192216, -0.48739365735557827, -1.9390976544259613], [10.392689584195594, 1.7244740477942897, -1.501485124812406], [9.021451964893531, 1.4622355919410748, -5.917619136662722], [5.94940413139668, 2.284686926202354, -5.121129573768965], [7.407307865705027, 6.58404456578841, -3.779456365150142], [10.546163195981071, 5.714986393983234, -4.39087054600834], [8.367152388316933, 5.942239227075998, -6.878090402225772]], "name": "C7H16", "identifiers": {"molecule_hash": "899af4b66be0056d6e3b7843ff9229bbf17c9b52", "molecular_formula": "C7H16"}, "molecular_charge": 0.0, "molecular_multiplicity": 1, "connectivity": [[0, 1, 1.0], [0, 7, 1.0], [0, 8, 1.0], [0, 9, 1.0], [1, 2, 1.0], [1, 10, 1.0], [1, 11, 1.0], [2, 3, 1.0], [2, 12, 1.0], [2, 13, 1.0], [3, 4, 1.0], [3, 14, 1.0], [3, 15, 1.0], [4, 5, 1.0], [4, 16, 1.0], [4, 17, 1.0], [5, 6, 1.0], [5, 18, 1.0], [5, 19, 1.0], [6, 20, 1.0], [6, 21, 1.0], [6, 22, 1.0]], "fix_com": true, "fix_orientation": true, "provenance": {"creator": "QCElemental", "version": "v0.22.0", "routine": "qcelemental.molparse.from_schema"}, "id": "49556"}, "charge": 0, "optimize_geometry": false, "conformers": [], "conformer_generation_options": {"n_conformer_pool": 4000, "n_max_conformers": 0, "rms_tolerance": 0.05, "energy_window": 15, "keep_original_conformer": true}, "stage_1_unrestrained_charges": null, "stage_1_restrained_charges": null, "stage_2_unrestrained_charges": null, "stage_2_restrained_charges": null, "keep_original_orientation": false, "reorientations": [], "translations": [], "rotations": []}}, {"index": 1, "molecule": {"qcmol": {"schema_name": "qcschema_molecule", "schema_version": 2, "validated": true, "symbols": ["C", "C", "C", "C", "C", "C", "C", "H", "H", "H", "H", "H", "H", "H", "H", "H", "H", "H", "H", "H", "H", "H", "H"], "geometry": [[0.0, 0.0, -0.0], [2.888826008120614, -3.4189518986636975e-16, 9.45428851876576e-16], [4.0025832036420095, 2.6702127425283644, -4.440892098500626e-16], [6.891427465196084, 2.7816992662257425, 0.21925545649762934], [8.389943336198545, 1.531464887846334, -1.9288398738276813], [7.912820636905778, 2.573738901270769, -4.591766526246426], [8.593918364497783, 5.363496288817993, -4.9227685932902325], [-0.7446917048936355, -1.9117834188150926, -0.007266917882915669], [-0.7417226564126185, 0.9539586652129537, 1.6596377498840316], [-0.7403594772163357, 0.964422516832043, -1.6545410547675705], [3.5573490780508914, -1.0426609499619424, -1.6376426825568333], [3.570305375693694, -1.0197100534663774, 1.6509663245527164], [3.205166663721135, 3.7125289694653043, 1.583502991351323], [3.3835988948922706, 3.661661996448207, -1.6909254467255819], [7.449051408473277, 1.8892560590714278, 1.986321374199349], [7.45699364725275, 4.749047333147483, 0.3863671294961333], [8.013345631192216, -0.48739365735557827, -1.9390976544259613], [10.392689584195594, 1.7244740477942897, -1.501485124812406], [9.021451964893531, 1.4622355919410748, -5.917619136662722], [5.94940413139668, 2.284686926202354, -5.121129573768965], [7.407307865705027, 6.58404456578841, -3.779456365150142], [10.546163195981071, 5.714986393983234, -4.39087054600834], [8.367152388316933, 5.942239227075998, -6.878090402225772]], "name": "C7H16", "identifiers": {"molecule_hash": "899af4b66be0056d6e3b7843ff9229bbf17c9b52", "molecular_formula": "C7H16"}, "molecular_charge": 0.0, "molecular_multiplicity": 1, "connectivity": [[0, 1, 1.0], [0, 7, 1.0], [0, 8, 1.0], [0, 9, 1.0], [1, 2, 1.0], [1, 10, 1.0], [1, 11, 1.0], [2, 3, 1.0], [2, 12, 1.0], [2, 13, 1.0], [3, 4, 1.0], [3, 14, 1.0], [3, 15, 1.0], [4, 5, 1.0], [4, 16, 1.0], [4, 17, 1.0], [5, 6, 1.0], [5, 18, 1.0], [5, 19, 1.0], [6, 20, 1.0], [6, 21, 1.0], [6, 22, 1.0]], "fix_com": true, "fix_orientation": true, "provenance": {"creator": "QCElemental", "version": "v0.22.0", "routine": "qcelemental.molparse.from_schema"}, "id": "49556"}, "charge": 0, "optimize_geometry": false, "conformers": [], "conformer_generation_options": {"n_conformer_pool": 4000, "n_max_conformers": 0, "rms_tolerance": 0.05, "energy_window": 15, "keep_original_conformer": true}, "stage_1_unrestrained_charges": null, "stage_1_restrained_charges": null, "stage_2_unrestrained_charges": null, "stage_2_restrained_charges": null, "keep_original_orientation": false, "reorientations": [], "translations": [], "rotations": []}}, {"index": 2, "molecule": {"qcmol": {"schema_name": "qcschema_molecule", "schema_version": 2, "validated": true, "symbols": ["C", "C", "C", "C", "C", "C", "C", "H", "H", "H", "H", "H", "H", "H", "H", "H", "H", "H", "H", "H", "H", "H", "H"], "geometry": [[0.0, 0.0, -0.0], [2.888826008120614, -3.4189518986636975e-16, 9.45428851876576e-16], [4.0025832036420095, 2.6702127425283644, -4.440892098500626e-16], [6.891427465196084, 2.7816992662257425, 0.21925545649762934], [8.389943336198545, 1.531464887846334, -1.9288398738276813], [7.912820636905778, 2.573738901270769, -4.591766526246426], [8.593918364497783, 5.363496288817993, -4.9227685932902325], [-0.7446917048936355, -1.9117834188150926, -0.007266917882915669], [-0.7417226564126185, 0.9539586652129537, 1.6596377498840316], [-0.7403594772163357, 0.964422516832043, -1.6545410547675705], [3.5573490780508914, -1.0426609499619424, -1.6376426825568333], [3.570305375693694, -1.0197100534663774, 1.6509663245527164], [3.205166663721135, 3.7125289694653043, 1.583502991351323], [3.3835988948922706, 3.661661996448207, -1.6909254467255819], [7.449051408473277, 1.8892560590714278, 1.986321374199349], [7.45699364725275, 4.749047333147483, 0.3863671294961333], [8.013345631192216, -0.48739365735557827, -1.9390976544259613], [10.392689584195594, 1.7244740477942897, -1.501485124812406], [9.021451964893531, 1.4622355919410748, -5.917619136662722], [5.94940413139668, 2.284686926202354, -5.121129573768965], [7.407307865705027, 6.58404456578841, -3.779456365150142], [10.546163195981071, 5.714986393983234, -4.39087054600834], [8.367152388316933, 5.942239227075998, -6.878090402225772]], "name": "C7H16", "identifiers": {"molecule_hash": "899af4b66be0056d6e3b7843ff9229bbf17c9b52", "molecular_formula": "C7H16"}, "molecular_charge": 0.0, "molecular_multiplicity": 1, "connectivity": [[0, 1, 1.0], [0, 7, 1.0], [0, 8, 1.0], [0, 9, 1.0], [1, 2, 1.0], [1, 10, 1.0], [1, 11, 1.0], [2, 3, 1.0], [2, 12, 1.0], [2, 13, 1.0], [3, 4, 1.0], [3, 14, 1.0], [3, 15, 1.0], [4, 5, 1.0], [4, 16, 1.0], [4, 17, 1.0], [5, 6, 1.0], [5, 18, 1.0], [5, 19, 1.0], [6, 20, 1.0], [6, 21, 1.0], [6, 22, 1.0]], "fix_com": true, "fix_orientation": true, "provenance": {"creator": "QCElemental", "version": "v0.22.0", "routine": "qcelemental.molparse.from_schema"}, "id": "49556"}, "charge": 0, "optimize_geometry": false, "conformers": [], "conformer_generation_options": {"n_conformer_pool": 4000, "n_max_conformers": 0, "rms_tolerance": 0.05, "energy_window": 15, "keep_original_conformer": true}, "stage_1_unrestrained_charges": null, "stage_1_restrained_charges": null, "stage_2_unrestrained_charges": null, "stage_2_restrained_charges": null, "keep_original_orientation": false, "reorientations": [], "translations": [], "rotations": []}}, {"index": 3, "molecule": {"qcmol": {"schema_name": "qcschema_molecule", "schema_version": 2, "validated": true, "symbols": ["C", "C", "C", "C", "C", "C", "C", "H", "H", "H", "H", "H", "H", "H", "H", "H", "H", "H", "H", "H", "H", "H", "H"], "geometry": [[0.0, 0.0, -0.0], [2.888826008120614, -3.4189518986636975e-16, 9.45428851876576e-16], [4.0025832036420095, 2.6702127425283644, -4.440892098500626e-16], [6.891427465196084, 2.7816992662257425, 0.21925545649762934], [8.389943336198545, 1.531464887846334, -1.9288398738276813], [7.912820636905778, 2.573738901270769, -4.591766526246426], [8.593918364497783, 5.363496288817993, -4.9227685932902325], [-0.7446917048936355, -1.9117834188150926, -0.007266917882915669], [-0.7417226564126185, 0.9539586652129537, 1.6596377498840316], [-0.7403594772163357, 0.964422516832043, -1.6545410547675705], [3.5573490780508914, -1.0426609499619424, -1.6376426825568333], [3.570305375693694, -1.0197100534663774, 1.6509663245527164], [3.205166663721135, 3.7125289694653043, 1.583502991351323], [3.3835988948922706, 3.661661996448207, -1.6909254467255819], [7.449051408473277, 1.8892560590714278, 1.986321374199349], [7.45699364725275, 4.749047333147483, 0.3863671294961333], [8.013345631192216, -0.48739365735557827, -1.9390976544259613], [10.392689584195594, 1.7244740477942897, -1.501485124812406], [9.021451964893531, 1.4622355919410748, -5.917619136662722], [5.94940413139668, 2.284686926202354, -5.121129573768965], [7.407307865705027, 6.58404456578841, -3.779456365150142], [10.546163195981071, 5.714986393983234, -4.39087054600834], [8.367152388316933, 5.942239227075998, -6.878090402225772]], "name": "C7H16", "identifiers": {"molecule_hash": "899af4b66be0056d6e3b7843ff9229bbf17c9b52", "molecular_formula": "C7H16"}, "molecular_charge": 0.0, "molecular_multiplicity": 1, "connectivity": [[0, 1, 1.0], [0, 7, 1.0], [0, 8, 1.0], [0, 9, 1.0], [1, 2, 1.0], [1, 10, 1.0], [1, 11, 1.0], [2, 3, 1.0], [2, 12, 1.0], [2, 13, 1.0], [3, 4, 1.0], [3, 14, 1.0], [3, 15, 1.0], [4, 5, 1.0], [4, 16, 1.0], [4, 17, 1.0], [5, 6, 1.0], [5, 18, 1.0], [5, 19, 1.0], [6, 20, 1.0], [6, 21, 1.0], [6, 22, 1.0]], "fix_com": true, "fix_orientation": true, "provenance": {"creator": "QCElemental", "version": "v0.22.0", "routine": "qcelemental.molparse.from_schema"}, "id": "49556"}, "charge": 0, "optimize_geometry": false, "conformers": [], "conformer_generation_options": {"n_conformer_pool": 4000, "n_max_conformers": 0, "rms_tolerance": 0.05, "energy_window": 15, "keep_original_conformer": true}, "stage_1_unrestrained_charges": null, "stage_1_restrained_charges": null, "stage_2_unrestrained_charges": null, "stage_2_restrained_charges": null, "keep_original_orientation": false, "reorientations": [], "translations": [], "rotations": []}}, {"index": 4, "molecule": {"qcmol": {"schema_name": "qcschema_molecule", "schema_version": 2, "validated": true, "symbols": ["C", "C", "C", "C", "C", "C", "C", "H", "H", "H", "H", "H", "H", "H", "H", "H", "H", "H", "H", "H", "H", "H", "H"], "geometry": [[0.0, 0.0, -0.0], [2.888826008120614, -3.4189518986636975e-16, 9.45428851876576e-16], [4.0025832036420095, 2.6702127425283644, -4.440892098500626e-16], [6.891427465196084, 2.7816992662257425, 0.21925545649762934], [8.389943336198545, 1.531464887846334, -1.9288398738276813], [7.912820636905778, 2.573738901270769, -4.591766526246426], [8.593918364497783, 5.363496288817993, -4.9227685932902325], [-0.7446917048936355, -1.9117834188150926, -0.007266917882915669], [-0.7417226564126185, 0.9539586652129537, 1.6596377498840316], [-0.7403594772163357, 0.964422516832043, -1.6545410547675705], [3.5573490780508914, -1.0426609499619424, -1.6376426825568333], [3.570305375693694, -1.0197100534663774, 1.6509663245527164], [3.205166663721135, 3.7125289694653043, 1.583502991351323], [3.3835988948922706, 3.661661996448207, -1.6909254467255819], [7.449051408473277, 1.8892560590714278, 1.986321374199349], [7.45699364725275, 4.749047333147483, 0.3863671294961333], [8.013345631192216, -0.48739365735557827, -1.9390976544259613], [10.392689584195594, 1.7244740477942897, -1.501485124812406], [9.021451964893531, 1.4622355919410748, -5.917619136662722], [5.94940413139668, 2.284686926202354, -5.121129573768965], [7.407307865705027, 6.58404456578841, -3.779456365150142], [10.546163195981071, 5.714986393983234, -4.39087054600834], [8.367152388316933, 5.942239227075998, -6.878090402225772]], "name": "C7H16", "identifiers": {"molecule_hash": "899af4b66be0056d6e3b7843ff9229bbf17c9b52", "molecular_formula": "C7H16"}, "molecular_charge": 0.0, "molecular_multiplicity": 1, "connectivity": [[0, 1, 1.0], [0, 7, 1.0], [0, 8, 1.0], [0, 9, 1.0], [1, 2, 1.0], [1, 10, 1.0], [1, 11, 1.0], [2, 3, 1.0], [2, 12, 1.0], [2, 13, 1.0], [3, 4, 1.0], [3, 14, 1.0], [3, 15, 1.0], [4, 5, 1.0], [4, 16, 1.0], [4, 17, 1.0], [5, 6, 1.0], [5, 18, 1.0], [5, 19, 1.0], [6, 20, 1.0], [6, 21, 1.0], [6, 22, 1.0]], "fix_com": true, "fix_orientation": true, "provenance": {"creator": "QCElemental", "version": "v0.22.0", "routine": "qcelemental.molparse.from_schema"}, "id": "49556"}, "charge": 0, "optimize_geometry": false, "conformers": [], "conformer_generation_options": {"n_conformer_pool": 4000, "n_max_conformers": 0, "rms_tolerance": 0.05, "energy_window": 15, "keep_original_conformer": true}, "stage_1_unrestrained_charges": null, "stage_1_restrained_charges": null, "stage_2_unrestrained_charges": null, "stage_2_restrained_charges": null, "keep_original_orientation": false, "reorientations": [], "translations": [], "rotations": []}}, {"index": 5, "molecule": {"qcmol": {"schema_name": "qcschema_molecule", "schema_version": 2, "validated": true, "symbols": ["C", "C", "C", "C", "C", "C", "C", "H", "H", "H", "H", "H", "H", "H", "H", "H", "H", "H", "H", "H", "H", "H", "H"], "geometry": [[0.0, 0.0, -0.0], [2.888826008120614, -3.4189518986636975e-16, 9.45428851876576e-16], [4.0025832036420095, 2.6702127425283644, -4.440892098500626e-16], [6.891427465196084, 2.7816992662257425, 0.21925545649762934], [8.389943336198545, 1.531464887846334, -1.9288398738276813], [7.912820636905778, 2.573738901270769, -4.591766526246426], [8.593918364497783, 5.363496288817993, -4.9227685932902325], [-0.7446917048936355, -1.9117834188150926, -0.007266917882915669], [-0.7417226564126185, 0.9539586652129537, 1.6596377498840316], [-0.7403594772163357, 0.964422516832043, -1.6545410547675705], [3.5573490780508914, -1.0426609499619424, -1.6376426825568333], [3.570305375693694, -1.0197100534663774, 1.6509663245527164], [3.205166663721135, 3.7125289694653043, 1.583502991351323], [3.3835988948922706, 3.661661996448207, -1.6909254467255819], [7.449051408473277, 1.8892560590714278, 1.986321374199349], [7.45699364725275, 4.749047333147483, 0.3863671294961333], [8.013345631192216, -0.48739365735557827, -1.9390976544259613], [10.392689584195594, 1.7244740477942897, -1.501485124812406], [9.021451964893531, 1.4622355919410748, -5.917619136662722], [5.94940413139668, 2.284686926202354, -5.121129573768965], [7.407307865705027, 6.58404456578841, -3.779456365150142], [10.546163195981071, 5.714986393983234, -4.39087054600834], [8.367152388316933, 5.942239227075998, -6.878090402225772]], "name": "C7H16", "identifiers": {"molecule_hash": "899af4b66be0056d6e3b7843ff9229bbf17c9b52", "molecular_formula": "C7H16"}, "molecular_charge": 0.0, "molecular_multiplicity": 1, "connectivity": [[0, 1, 1.0], [0, 7, 1.0], [0, 8, 1.0], [0, 9, 1.0], [1, 2, 1.0], [1, 10, 1.0], [1, 11, 1.0], [2, 3, 1.0], [2, 12, 1.0], [2, 13, 1.0], [3, 4, 1.0], [3, 14, 1.0], [3, 15, 1.0], [4, 5, 1.0], [4, 16, 1.0], [4, 17, 1.0], [5, 6, 1.0], [5, 18, 1.0], [5, 19, 1.0], [6, 20, 1.0], [6, 21, 1.0], [6, 22, 1.0]], "fix_com": true, "fix_orientation": true, "provenance": {"creator": "QCElemental", "version": "v0.22.0", "routine": "qcelemental.molparse.from_schema"}, "id": "49556"}, "charge": 0, "optimize_geometry": false, "conformers": [], "conformer_generation_options": {"n_conformer_pool": 4000, "n_max_conformers": 0, "rms_tolerance": 0.05, "energy_window": 15, "keep_original_conformer": true}, "stage_1_unrestrained_charges": null, "stage_1_restrained_charges": null, "stage_2_unrestrained_charges": null, "stage_2_restrained_charges": null, "keep_original_orientation": false, "reorientations": [], "translations": [], "rotations": []}}, {"index": 6, "molecule": {"qcmol": {"schema_name": "qcschema_molecule", "schema_version": 2, "validated": true, "symbols": ["C", "C", "C", "C", "C", "C", "C", "H", "H", "H", "H", "H", "H", "H", "H", "H", "H", "H", "H", "H", "H", "H", "H"], "geometry": [[0.0, 0.0, -0.0], [2.888826008120614, -3.4189518986636975e-16, 9.45428851876576e-16], [4.0025832036420095, 2.6702127425283644, -4.440892098500626e-16], [6.891427465196084, 2.7816992662257425, 0.21925545649762934], [8.389943336198545, 1.531464887846334, -1.9288398738276813], [7.912820636905778, 2.573738901270769, -4.591766526246426], [8.593918364497783, 5.363496288817993, -4.9227685932902325], [-0.7446917048936355, -1.9117834188150926, -0.007266917882915669], [-0.7417226564126185, 0.9539586652129537, 1.6596377498840316], [-0.7403594772163357, 0.964422516832043, -1.6545410547675705], [3.5573490780508914, -1.0426609499619424, -1.6376426825568333], [3.570305375693694, -1.0197100534663774, 1.6509663245527164], [3.205166663721135, 3.7125289694653043, 1.583502991351323], [3.3835988948922706, 3.661661996448207, -1.6909254467255819], [7.449051408473277, 1.8892560590714278, 1.986321374199349], [7.45699364725275, 4.749047333147483, 0.3863671294961333], [8.013345631192216, -0.48739365735557827, -1.9390976544259613], [10.392689584195594, 1.7244740477942897, -1.501485124812406], [9.021451964893531, 1.4622355919410748, -5.917619136662722], [5.94940413139668, 2.284686926202354, -5.121129573768965], [7.407307865705027, 6.58404456578841, -3.779456365150142], [10.546163195981071, 5.714986393983234, -4.39087054600834], [8.367152388316933, 5.942239227075998, -6.878090402225772]], "name": "C7H16", "identifiers": {"molecule_hash": "899af4b66be0056d6e3b7843ff9229bbf17c9b52", "molecular_formula": "C7H16"}, "molecular_charge": 0.0, "molecular_multiplicity": 1, "connectivity": [[0, 1, 1.0], [0, 7, 1.0], [0, 8, 1.0], [0, 9, 1.0], [1, 2, 1.0], [1, 10, 1.0], [1, 11, 1.0], [2, 3, 1.0], [2, 12, 1.0], [2, 13, 1.0], [3, 4, 1.0], [3, 14, 1.0], [3, 15, 1.0], [4, 5, 1.0], [4, 16, 1.0], [4, 17, 1.0], [5, 6, 1.0], [5, 18, 1.0], [5, 19, 1.0], [6, 20, 1.0], [6, 21, 1.0], [6, 22, 1.0]], "fix_com": true, "fix_orientation": true, "provenance": {"creator": "QCElemental", "version": "v0.22.0", "routine": "qcelemental.molparse.from_schema"}, "id": "49556"}, "charge": 0, "optimize_geometry": false, "conformers": [], "conformer_generation_options": {"n_conformer_pool": 4000, "n_max_conformers": 0, "rms_tolerance": 0.05, "energy_window": 15, "keep_original_conformer": true}, "stage_1_unrestrained_charges": null, "stage_1_restrained_charges": null, "stage_2_unrestrained_charges": null, "stage_2_restrained_charges": null, "keep_original_orientation": false, "reorientations": [], "translations": [], "rotations": []}}]}, "surface_constraints": {"matrix": [[1927.5310366457732, 1871.6328021692088, 1798.9304481677525, 1705.4855282544934, 1613.531907202195, 1534.1676230267828, 1473.9732276899895, 1934.2155639594541, 1932.218368283895, 1931.735081972325, 1865.1534843314957, 1863.167345339175, 1815.5135658848767, 1784.5363273231956, 1695.6062389106498, 1701.6553675521623, 1603.301410839015, 1602.387833855805, 1520.4553626364664, 1521.8222725348844, 1454.501500191734, 1478.196898852258, 1433.1421402760143], [1871.6328021692088, 1919.1644068592152, 1867.2593416572888, 1796.8104464374128, 1718.061842994635, 1642.2163859427428, 1577.4167741933954, 1851.1120177731354, 1850.217242391664, 1848.90451966163, 1943.269247276947, 1943.1046940946003, 1863.9397020211272, 1866.1522747586448, 1798.2751549403386, 1784.471381728342, 1717.1965576227726, 1703.133599698715, 1632.292080464108, 1629.792467289113, 1563.5593659440472, 1573.4064322924687, 1534.5136454057235], [1798.9304481677525, 1867.2593416572888, 1914.597861935759, 1865.1960017867973, 1792.0892253487245, 1720.786692612981, 1645.2519928382512, 1785.9210834577616, 1760.2725846507635, 1775.5529323296644, 1861.8358713056618, 1862.1170578773877, 1943.249198268446, 1941.2707682523774, 1863.3610040175201, 1865.2325687833718, 1776.5317172094474, 1790.1917793690975, 1708.9077864372427, 1720.6997021090724, 1622.9649418168606, 1640.575311103341, 1601.940530323421], [1705.4855282544934, 1796.8104464374128, 1865.1960017867973, 1911.645016969279, 1859.8406077475993, 1783.366262949548, 1715.99607963264, 1684.8553285183386, 1672.4342034968522, 1671.0399584694076, 1794.167640347433, 1796.9583399656326, 1865.287035535738, 1862.2168110326156, 1939.4859664383482, 1939.9143165113187, 1858.4593546154258, 1861.5888489587635, 1770.0556134970134, 1771.421336423656, 1690.4541940560632, 1718.4229975230328, 1673.358156014707], [1613.531907202195, 1718.061842994635, 1792.0892253487245, 1859.8406077475993, 1905.9025386053659, 1851.5147830866817, 1782.6561705386216, 1594.5248344026331, 1576.5278500940983, 1573.8506616825982, 1727.834597289446, 1716.2251087013062, 1790.267382834501, 1783.2216900320254, 1858.339485121345, 1858.9226253050535, 1933.262893573357, 1937.295866207142, 1848.613910867681, 1842.9495542362777, 1750.156221203896, 1770.9503276830183, 1757.5389774157175], [1534.1676230267828, 1642.2163859427428, 1720.786692612981, 1783.366262949548, 1851.5147830866817, 1897.0061793933173, 1850.872567198912, 1514.5031555541439, 1496.8345521639462, 1494.5281016223173, 1661.7114532208616, 1632.4940442704958, 1709.9999280196287, 1730.799477461572, 1770.5945293508128, 1775.6630761475608, 1849.2748561852327, 1853.0996730573572, 1922.9663452458612, 1917.274741768284, 1828.2303567108477, 1834.1064308273858, 1832.912156971087], [1473.9732276899895, 1577.4167741933954, 1645.2519928382512, 1715.99607963264, 1782.6561705386216, 1850.872567198912, 1910.3077855696404, 1455.525165895814, 1447.7751376683577, 1426.793674700882, 1593.7008416551312, 1576.8941910981905, 1627.9860942569999, 1648.2759941550512, 1702.5885266893713, 1718.8048262991522, 1785.0118710302343, 1763.4237169529683, 1844.7038441468553, 1840.1737653677462, 1914.8954823306874, 1921.4287372235212, 1918.8096330694625], [1934.2155639594541, 1851.1120177731354, 1785.9210834577616, 1684.8553285183386, 1594.5248344026331, 1514.5031555541439, 1455.525165895814, 2025.1275287940744, 1909.0943634667296, 1908.7456442055131, 1817.4255467492235, 1842.9305679501683, 1819.0985740909712, 1766.8688975848913, 1660.591835980771, 1688.8480130207547, 1580.2151604898315, 1588.788883367439, 1502.3823768974733, 1499.9890534064689, 1428.5057202690336, 1464.289431688507, 1419.0556334051987], [1932.218368283895, 1850.217242391664, 1760.2725846507635, 1672.4342034968522, 1576.5278500940983, 1496.8345521639462, 1447.7751376683577, 1909.0943634667296, 2019.0661865998145, 1906.7301519936518, 1845.0876830759498, 1835.6788715418093, 1771.46547998345, 1735.2664949591958, 1669.9082074523226, 1669.545920837533, 1569.2522988043374, 1560.238598010752, 1476.798027938541, 1481.4138684990317, 1433.1188559561588, 1457.5227717713838, 1405.3044338602251], [1931.735081972325, 1848.90451966163, 1775.5529323296644, 1671.0399584694076, 1573.8506616825982, 1494.5281016223173, 1426.793674700882, 1908.7456442055131, 1906.7301519936518, 2019.0293021666237, 1843.0044836826833, 1819.882948980819, 1794.81959980116, 1768.3164547250883, 1660.6259419899359, 1665.9753078941287, 1558.4202139618965, 1565.0752956883036, 1483.2319982482243, 1487.2625718217826, 1406.3169925481845, 1426.957565007427, 1385.7451254670589], [1865.1534843314957, 1943.269247276947, 1861.8358713056618, 1794.167640347433, 1727.834597289446, 1661.7114532208616, 1593.7008416551312, 1817.4255467492235, 1845.0876830759498, 1843.0044836826833, 2045.3243640500805, 1938.9895065333367, 1823.895214135424, 1869.3720402454023, 1798.8352346053482, 1770.021305713873, 1736.3699807869325, 1704.9966718808387, 1662.314667589441, 1647.8465753715668, 1578.6107410380794, 1585.9298225831653, 1552.4541125589333], [1863.167345339175, 1943.1046940946003, 1862.1170578773877, 1796.9583399656326, 1716.2251087013062, 1632.4940442704958, 1576.8941910981905, 1842.9305679501683, 1835.6788715418093, 1819.882948980819, 1938.9895065333367, 2046.2937597711764, 1849.933491736369, 1841.1783886606072, 1807.1616387570605, 1781.1303466455836, 1725.889523361323, 1696.546548927168, 1616.186402681872, 1612.8357988901992, 1576.1182262602056, 1570.1037529751634, 1531.8015366734342], [1815.5135658848767, 1863.9397020211272, 1943.249198268446, 1865.287035535738, 1790.267382834501, 1709.9999280196287, 1627.9860942569999, 1819.0985740909712, 1771.46547998345, 1794.81959980116, 1823.895214135424, 1849.933491736369, 2050.5777111426723, 1941.993360562745, 1843.8012814550123, 1862.4993484936458, 1762.968262569332, 1805.923193577066, 1689.6558704338834, 1717.1759707662875, 1596.7983526446133, 1625.5707665290868, 1586.7905896671423], [1784.5363273231956, 1866.1522747586448, 1941.2707682523774, 1862.2168110326156, 1783.2216900320254, 1730.799477461572, 1648.2759941550512, 1766.8688975848913, 1735.2664949591958, 1768.3164547250883, 1869.3720402454023, 1841.1783886606072, 1941.993360562745, 2043.5206344913445, 1852.0415163778187, 1852.0650543687825, 1757.2588824082627, 1772.0469056322443, 1726.3390139587775, 1743.7819080657573, 1630.7289259569097, 1635.7210643618296, 1602.3396708179641], [1695.6062389106498, 1798.2751549403386, 1863.3610040175201, 1939.4859664383482, 1858.339485121345, 1770.5945293508128, 1702.5885266893713, 1660.591835980771, 1669.9082074523226, 1660.6259419899359, 1798.8352346053482, 1807.1616387570605, 1843.8012814550123, 1852.0415163778187, 2043.7989830230172, 1940.6033870046874, 1856.989172463136, 1845.4653988855412, 1753.0776197719865, 1755.711272710309, 1681.7835955899527, 1707.6841613702866, 1652.4052295270142], [1701.6553675521623, 1784.471381728342, 1865.2325687833718, 1939.9143165113187, 1858.9226253050535, 1775.6630761475608, 1718.8048262991522, 1688.8480130207547, 1669.545920837533, 1665.9753078941287, 1770.021305713873, 1781.1303466455836, 1862.4993484936458, 1852.0650543687825, 1940.6033870046874, 2042.981722697018, 1846.273443877875, 1853.4972925193267, 1758.2466027657113, 1754.1175320083855, 1691.868307198065, 1735.8915971340969, 1671.5028353936218], [1603.301410839015, 1717.1965576227726, 1776.5317172094474, 1858.4593546154258, 1933.262893573357, 1849.2748561852327, 1785.0118710302343, 1580.2151604898315, 1569.2522988043374, 1558.4202139618965, 1736.3699807869325, 1725.889523361323, 1762.968262569332, 1757.2588824082627, 1856.989172463136, 1846.273443877875, 2037.6548399539347, 1936.0786126819012, 1832.8103731210226, 1825.5626119696838, 1756.249342449969, 1762.0360424745056, 1770.659087475103], [1602.387833855805, 1703.133599698715, 1790.1917793690975, 1861.5888489587635, 1937.295866207142, 1853.0996730573572, 1763.4237169529683, 1588.788883367439, 1560.238598010752, 1565.0752956883036, 1704.9966718808387, 1696.546548927168, 1805.923193577066, 1772.0469056322443, 1845.4653988855412, 1853.4972925193267, 1936.0786126819012, 2046.395695442497, 1848.9858984970438, 1839.2782739887352, 1715.2899474687279, 1754.2011022742647, 1737.7146194361358], [1520.4553626364664, 1632.292080464108, 1708.9077864372427, 1770.0556134970134, 1848.613910867681, 1922.9663452458612, 1844.7038441468553, 1502.3823768974733, 1476.798027938541, 1483.2319982482243, 1662.314667589441, 1616.186402681872, 1689.6558704338834, 1726.3390139587775, 1753.0776197719865, 1758.2466027657113, 1832.8103731210226, 1848.9858984970438, 2026.5802695617165, 1915.751794168624, 1809.913132523509, 1814.5188643528231, 1825.7069003368074], [1521.8222725348844, 1629.792467289113, 1720.6997021090724, 1771.421336423656, 1842.9495542362777, 1917.274741768284, 1840.1737653677462, 1499.9890534064689, 1481.4138684990317, 1487.2625718217826, 1647.8465753715668, 1612.8357988901992, 1717.1759707662875, 1743.7819080657573, 1755.711272710309, 1754.1175320083855, 1825.5626119696838, 1839.2782739887352, 1915.751794168624, 2014.4460114255082, 1818.178474007554, 1811.288707598048, 1808.4012526467648], [1454.501500191734, 1563.5593659440472, 1622.9649418168606, 1690.4541940560632, 1750.156221203896, 1828.2303567108477, 1914.8954823306874, 1428.5057202690336, 1433.1188559561588, 1406.3169925481845, 1578.6107410380794, 1576.1182262602056, 1596.7983526446133, 1630.7289259569097, 1681.7835955899527, 1691.868307198065, 1756.249342449969, 1715.2899474687279, 1809.913132523509, 1818.178474007554, 1999.6280537896325, 1898.8699415699111, 1894.3588810204758], [1478.196898852258, 1573.4064322924687, 1640.575311103341, 1718.4229975230328, 1770.9503276830183, 1834.1064308273858, 1921.4287372235212, 1464.289431688507, 1457.5227717713838, 1426.957565007427, 1585.9298225831653, 1570.1037529751634, 1625.5707665290868, 1635.7210643618296, 1707.6841613702866, 1735.8915971340969, 1762.0360424745056, 1754.2011022742647, 1814.5188643528231, 1811.288707598048, 1898.8699415699111, 2013.7702802690183, 1900.7180003559329], [1433.1421402760143, 1534.5136454057235, 1601.940530323421, 1673.358156014707, 1757.5389774157175, 1832.912156971087, 1918.8096330694625, 1419.0556334051987, 1405.3044338602251, 1385.7451254670589, 1552.4541125589333, 1531.8015366734342, 1586.7905896671423, 1602.3396708179641, 1652.4052295270142, 1671.5028353936218, 1770.659087475103, 1737.7146194361358, 1825.7069003368074, 1808.4012526467648, 1894.3588810204758, 1900.7180003559329, 2008.1675669594229], [4.0087814108901885, 5.306127829877459, 5.381559882472022, 5.245885757782625, 4.94205675383133, 4.815816546941305, 3.711053374271748, 3.902695592569794, 3.76548731979259, 3.6590061542526797, 5.769505145104085, 5.510260468346487, 5.3869238697726995, 5.467427244452552, 5.319154715921473, 5.243924647101595, 4.812763990703133, 4.911749310881275, 5.158538174774463, 5.027275917426351, 3.5558598619532753, 3.5604253917520206, 3.4502852239612403]]}}