{"resp_b": 0.1, "restrained_fit": true, "exclude_hydrogens": true, "convergence_tolerance": 1e-06, "max_iter": 500, "resp_a": 0.0005, "charge_constraints": {"charge_sum_constraints": [], "charge_equivalence_constraints": [], "molecules": [{"qcmol": {"schema_name": "qcschema_molecule", "schema_version": 2, "validated": true, "symbols": ["C", "C", "C", "C", "C", "C", "C", "C", "H", "H", "H", "H", "H", "H", "H", "H", "H", "H", "H", "H", "H", "H", "H", "H", "H", "H"], "geometry": [[0.0, -0.0, 0.0], [2.893052785136257, 1.936831926478555e-16, 9.020797394382006e-16], [4.114085774200681, 2.6463112741558485, 1.9984014443252818e-15], [4.917337275365996, 3.6756176028616565, 2.591211183988637], [2.7722234992286747, 4.101452602123795, 4.485750314955576], [3.633889998312974, 5.170317922793727, 7.041925596283232], [4.823661902736623, 7.814580808098077, 7.0062585398260095], [3.0691365087056237, 9.90098548355138, 6.044978942127223], [-0.7773114515571523, 0.9572934799204906, 1.6359856378516273], [-0.7307322465949253, -1.9179171876931207, -0.006039880443350354], [-0.7245509043839053, 0.9455411428861806, -1.6721829178672087], [3.521162964385243, -1.0200759206001218, -1.667855760557116], [3.584101019606451, -1.0782916013525512, 1.6082743822128982], [2.8416359935530386, 3.9878392777246816, -0.9020387774528524], [5.796424819954364, 2.5942347691729135, -1.1770924093912554], [6.294529899479328, 2.389420285057545, 3.419550556497882], [5.910499816578734, 5.4453087634839, 2.2760278945514365], [1.8287775893021656, 2.315919849073903, 4.852673463247132], [1.3532941440709645, 5.331913269591853, 3.6512891941554164], [2.011870339271778, 5.206906138228677, 8.306215533359092], [4.978992300641615, 3.8602901646213597, 7.881585958483851], [5.403233151644004, 8.27200652877564, 8.923912383366504], [6.5458044736176175, 7.803029400984463, 5.888768699910846], [1.3164242534970496, 9.944333910985305, 7.114531327266708], [3.9569506011996127, 11.741534618630983, 6.2287894343364565], [2.5865182978614207, 9.647288916197368, 4.06810580007095]], "name": "C8H18", "identifiers": {"molecule_hash": "adb6eb3cdcc813c4c98ef81284bb7344ec7d6683", "molecular_formula": "C8H18"}, "molecular_charge": 0.0, "molecular_multiplicity": 1, "connectivity": [[0, 1, 1.0], [0, 8, 1.0], [0, 9, 1.0], [0, 10, 1.0], [1, 2, 1.0], [1, 11, 1.0], [1, 12, 1.0], [2, 3, 1.0], [2, 13, 1.0], [2, 14, 1.0], [3, 4, 1.0], [3, 15, 1.0], [3, 16, 1.0], [4, 5, 1.0], [4, 17, 1.0], [4, 18, 1.0], [5, 6, 1.0], [5, 19, 1.0], [5, 20, 1.0], [6, 7, 1.0], [6, 21, 1.0], [6, 22, 1.0], [7, 23, 1.0], [7, 24, 1.0], [7, 25, 1.0]], "fix_com": true, "fix_orientation": true, "provenance": {"creator": "QCElemental", "version": "v0.22.0", "routine": "qcelemental.molparse.from_schema"}, "id": "81149"}, "charge": 0, "optimize_geometry": false, "conformers": [], "conformer_generation_options": {"n_conformer_pool": 4000, "n_max_conformers": 0, "rms_tolerance": 0.05, "energy_window": 15, "keep_original_conformer": true}, "stage_1_unrestrained_charges": null, "stage_1_restrained_charges": null, "stage_2_unrestrained_charges": null, "stage_2_restrained_charges": null, "keep_original_orientation": false, "reorientations": [], "translations": [], "rotations": []}], "unconstrained_atoms": [{"index": 0, "molecule": {"qcmol": {"schema_name": "qcschema_molecule", "schema_version": 2, "validated": true, "symbols": ["C", "C", "C", "C", "C", "C", "C", "C", "H", "H", "H", "H", "H", "H", "H", "H", "H", "H", "H", "H", "H", "H", "H", "H", "H", "H"], "geometry": [[0.0, -0.0, 0.0], [2.893052785136257, 1.936831926478555e-16, 9.020797394382006e-16], [4.114085774200681, 2.6463112741558485, 1.9984014443252818e-15], [4.917337275365996, 3.6756176028616565, 2.591211183988637], [2.7722234992286747, 4.101452602123795, 4.485750314955576], [3.633889998312974, 5.170317922793727, 7.041925596283232], [4.823661902736623, 7.814580808098077, 7.0062585398260095], [3.0691365087056237, 9.90098548355138, 6.044978942127223], [-0.7773114515571523, 0.9572934799204906, 1.6359856378516273], [-0.7307322465949253, -1.9179171876931207, -0.006039880443350354], [-0.7245509043839053, 0.9455411428861806, -1.6721829178672087], [3.521162964385243, -1.0200759206001218, -1.667855760557116], [3.584101019606451, -1.0782916013525512, 1.6082743822128982], [2.8416359935530386, 3.9878392777246816, -0.9020387774528524], [5.796424819954364, 2.5942347691729135, -1.1770924093912554], [6.294529899479328, 2.389420285057545, 3.419550556497882], [5.910499816578734, 5.4453087634839, 2.2760278945514365], [1.8287775893021656, 2.315919849073903, 4.852673463247132], [1.3532941440709645, 5.331913269591853, 3.6512891941554164], [2.011870339271778, 5.206906138228677, 8.306215533359092], [4.978992300641615, 3.8602901646213597, 7.881585958483851], [5.403233151644004, 8.27200652877564, 8.923912383366504], [6.5458044736176175, 7.803029400984463, 5.888768699910846], [1.3164242534970496, 9.944333910985305, 7.114531327266708], [3.9569506011996127, 11.741534618630983, 6.2287894343364565], [2.5865182978614207, 9.647288916197368, 4.06810580007095]], "name": "C8H18", "identifiers": {"molecule_hash": "adb6eb3cdcc813c4c98ef81284bb7344ec7d6683", "molecular_formula": "C8H18"}, "molecular_charge": 0.0, "molecular_multiplicity": 1, "connectivity": [[0, 1, 1.0], [0, 8, 1.0], [0, 9, 1.0], [0, 10, 1.0], [1, 2, 1.0], [1, 11, 1.0], [1, 12, 1.0], [2, 3, 1.0], [2, 13, 1.0], [2, 14, 1.0], [3, 4, 1.0], [3, 15, 1.0], [3, 16, 1.0], [4, 5, 1.0], [4, 17, 1.0], [4, 18, 1.0], [5, 6, 1.0], [5, 19, 1.0], [5, 20, 1.0], [6, 7, 1.0], [6, 21, 1.0], [6, 22, 1.0], [7, 23, 1.0], [7, 24, 1.0], [7, 25, 1.0]], "fix_com": true, "fix_orientation": true, "provenance": {"creator": "QCElemental", "version": "v0.22.0", "routine": "qcelemental.molparse.from_schema"}, "id": "81149"}, "charge": 0, "optimize_geometry": false, "conformers": [], "conformer_generation_options": {"n_conformer_pool": 4000, "n_max_conformers": 0, "rms_tolerance": 0.05, "energy_window": 15, "keep_original_conformer": true}, "stage_1_unrestrained_charges": null, "stage_1_restrained_charges": null, "stage_2_unrestrained_charges": null, "stage_2_restrained_charges": null, "keep_original_orientation": false, "reorientations": [], "translations": [], "rotations": []}}, {"index": 1, "molecule": {"qcmol": {"schema_name": "qcschema_molecule", "schema_version": 2, "validated": true, "symbols": ["C", "C", "C", "C", "C", "C", "C", "C", "H", "H", "H", "H", "H", "H", "H", "H", "H", "H", "H", "H", "H", "H", "H", "H", "H", "H"], "geometry": [[0.0, -0.0, 0.0], [2.893052785136257, 1.936831926478555e-16, 9.020797394382006e-16], [4.114085774200681, 2.6463112741558485, 1.9984014443252818e-15], [4.917337275365996, 3.6756176028616565, 2.591211183988637], [2.7722234992286747, 4.101452602123795, 4.485750314955576], [3.633889998312974, 5.170317922793727, 7.041925596283232], [4.823661902736623, 7.814580808098077, 7.0062585398260095], [3.0691365087056237, 9.90098548355138, 6.044978942127223], [-0.7773114515571523, 0.9572934799204906, 1.6359856378516273], [-0.7307322465949253, -1.9179171876931207, -0.006039880443350354], [-0.7245509043839053, 0.9455411428861806, -1.6721829178672087], [3.521162964385243, -1.0200759206001218, -1.667855760557116], [3.584101019606451, -1.0782916013525512, 1.6082743822128982], [2.8416359935530386, 3.9878392777246816, -0.9020387774528524], [5.796424819954364, 2.5942347691729135, -1.1770924093912554], [6.294529899479328, 2.389420285057545, 3.419550556497882], [5.910499816578734, 5.4453087634839, 2.2760278945514365], [1.8287775893021656, 2.315919849073903, 4.852673463247132], [1.3532941440709645, 5.331913269591853, 3.6512891941554164], [2.011870339271778, 5.206906138228677, 8.306215533359092], [4.978992300641615, 3.8602901646213597, 7.881585958483851], [5.403233151644004, 8.27200652877564, 8.923912383366504], [6.5458044736176175, 7.803029400984463, 5.888768699910846], [1.3164242534970496, 9.944333910985305, 7.114531327266708], [3.9569506011996127, 11.741534618630983, 6.2287894343364565], [2.5865182978614207, 9.647288916197368, 4.06810580007095]], "name": "C8H18", "identifiers": {"molecule_hash": "adb6eb3cdcc813c4c98ef81284bb7344ec7d6683", "molecular_formula": "C8H18"}, "molecular_charge": 0.0, "molecular_multiplicity": 1, "connectivity": [[0, 1, 1.0], [0, 8, 1.0], [0, 9, 1.0], [0, 10, 1.0], [1, 2, 1.0], [1, 11, 1.0], [1, 12, 1.0], [2, 3, 1.0], [2, 13, 1.0], [2, 14, 1.0], [3, 4, 1.0], [3, 15, 1.0], [3, 16, 1.0], [4, 5, 1.0], [4, 17, 1.0], [4, 18, 1.0], [5, 6, 1.0], [5, 19, 1.0], [5, 20, 1.0], [6, 7, 1.0], [6, 21, 1.0], [6, 22, 1.0], [7, 23, 1.0], [7, 24, 1.0], [7, 25, 1.0]], "fix_com": true, "fix_orientation": true, "provenance": {"creator": "QCElemental", "version": "v0.22.0", "routine": "qcelemental.molparse.from_schema"}, "id": "81149"}, "charge": 0, "optimize_geometry": false, "conformers": [], "conformer_generation_options": {"n_conformer_pool": 4000, "n_max_conformers": 0, "rms_tolerance": 0.05, "energy_window": 15, "keep_original_conformer": true}, "stage_1_unrestrained_charges": null, "stage_1_restrained_charges": null, "stage_2_unrestrained_charges": null, "stage_2_restrained_charges": null, "keep_original_orientation": false, "reorientations": [], "translations": [], "rotations": []}}, {"index": 2, "molecule": {"qcmol": {"schema_name": "qcschema_molecule", "schema_version": 2, "validated": true, "symbols": ["C", "C", "C", "C", "C", "C", "C", "C", "H", "H", "H", "H", "H", "H", "H", "H", "H", "H", "H", "H", "H", "H", "H", "H", "H", "H"], "geometry": [[0.0, -0.0, 0.0], [2.893052785136257, 1.936831926478555e-16, 9.020797394382006e-16], [4.114085774200681, 2.6463112741558485, 1.9984014443252818e-15], [4.917337275365996, 3.6756176028616565, 2.591211183988637], [2.7722234992286747, 4.101452602123795, 4.485750314955576], [3.633889998312974, 5.170317922793727, 7.041925596283232], [4.823661902736623, 7.814580808098077, 7.0062585398260095], [3.0691365087056237, 9.90098548355138, 6.044978942127223], [-0.7773114515571523, 0.9572934799204906, 1.6359856378516273], [-0.7307322465949253, -1.9179171876931207, -0.006039880443350354], [-0.7245509043839053, 0.9455411428861806, -1.6721829178672087], [3.521162964385243, -1.0200759206001218, -1.667855760557116], [3.584101019606451, -1.0782916013525512, 1.6082743822128982], [2.8416359935530386, 3.9878392777246816, -0.9020387774528524], [5.796424819954364, 2.5942347691729135, -1.1770924093912554], [6.294529899479328, 2.389420285057545, 3.419550556497882], [5.910499816578734, 5.4453087634839, 2.2760278945514365], [1.8287775893021656, 2.315919849073903, 4.852673463247132], [1.3532941440709645, 5.331913269591853, 3.6512891941554164], [2.011870339271778, 5.206906138228677, 8.306215533359092], [4.978992300641615, 3.8602901646213597, 7.881585958483851], [5.403233151644004, 8.27200652877564, 8.923912383366504], [6.5458044736176175, 7.803029400984463, 5.888768699910846], [1.3164242534970496, 9.944333910985305, 7.114531327266708], [3.9569506011996127, 11.741534618630983, 6.2287894343364565], [2.5865182978614207, 9.647288916197368, 4.06810580007095]], "name": "C8H18", "identifiers": {"molecule_hash": "adb6eb3cdcc813c4c98ef81284bb7344ec7d6683", "molecular_formula": "C8H18"}, "molecular_charge": 0.0, "molecular_multiplicity": 1, "connectivity": [[0, 1, 1.0], [0, 8, 1.0], [0, 9, 1.0], [0, 10, 1.0], [1, 2, 1.0], [1, 11, 1.0], [1, 12, 1.0], [2, 3, 1.0], [2, 13, 1.0], [2, 14, 1.0], [3, 4, 1.0], [3, 15, 1.0], [3, 16, 1.0], [4, 5, 1.0], [4, 17, 1.0], [4, 18, 1.0], [5, 6, 1.0], [5, 19, 1.0], [5, 20, 1.0], [6, 7, 1.0], [6, 21, 1.0], [6, 22, 1.0], [7, 23, 1.0], [7, 24, 1.0], [7, 25, 1.0]], "fix_com": true, "fix_orientation": true, "provenance": {"creator": "QCElemental", "version": "v0.22.0", "routine": "qcelemental.molparse.from_schema"}, "id": "81149"}, "charge": 0, "optimize_geometry": false, "conformers": [], "conformer_generation_options": {"n_conformer_pool": 4000, "n_max_conformers": 0, "rms_tolerance": 0.05, "energy_window": 15, "keep_original_conformer": true}, "stage_1_unrestrained_charges": null, "stage_1_restrained_charges": null, "stage_2_unrestrained_charges": null, "stage_2_restrained_charges": null, "keep_original_orientation": false, "reorientations": [], "translations": [], "rotations": []}}, {"index": 3, "molecule": {"qcmol": {"schema_name": "qcschema_molecule", "schema_version": 2, "validated": true, "symbols": ["C", "C", "C", "C", "C", "C", "C", "C", "H", "H", "H", "H", "H", "H", "H", "H", "H", "H", "H", "H", "H", "H", "H", "H", "H", "H"], "geometry": [[0.0, -0.0, 0.0], [2.893052785136257, 1.936831926478555e-16, 9.020797394382006e-16], [4.114085774200681, 2.6463112741558485, 1.9984014443252818e-15], [4.917337275365996, 3.6756176028616565, 2.591211183988637], [2.7722234992286747, 4.101452602123795, 4.485750314955576], [3.633889998312974, 5.170317922793727, 7.041925596283232], [4.823661902736623, 7.814580808098077, 7.0062585398260095], [3.0691365087056237, 9.90098548355138, 6.044978942127223], [-0.7773114515571523, 0.9572934799204906, 1.6359856378516273], [-0.7307322465949253, -1.9179171876931207, -0.006039880443350354], [-0.7245509043839053, 0.9455411428861806, -1.6721829178672087], [3.521162964385243, -1.0200759206001218, -1.667855760557116], [3.584101019606451, -1.0782916013525512, 1.6082743822128982], [2.8416359935530386, 3.9878392777246816, -0.9020387774528524], [5.796424819954364, 2.5942347691729135, -1.1770924093912554], [6.294529899479328, 2.389420285057545, 3.419550556497882], [5.910499816578734, 5.4453087634839, 2.2760278945514365], [1.8287775893021656, 2.315919849073903, 4.852673463247132], [1.3532941440709645, 5.331913269591853, 3.6512891941554164], [2.011870339271778, 5.206906138228677, 8.306215533359092], [4.978992300641615, 3.8602901646213597, 7.881585958483851], [5.403233151644004, 8.27200652877564, 8.923912383366504], [6.5458044736176175, 7.803029400984463, 5.888768699910846], [1.3164242534970496, 9.944333910985305, 7.114531327266708], [3.9569506011996127, 11.741534618630983, 6.2287894343364565], [2.5865182978614207, 9.647288916197368, 4.06810580007095]], "name": "C8H18", "identifiers": {"molecule_hash": "adb6eb3cdcc813c4c98ef81284bb7344ec7d6683", "molecular_formula": "C8H18"}, "molecular_charge": 0.0, "molecular_multiplicity": 1, "connectivity": [[0, 1, 1.0], [0, 8, 1.0], [0, 9, 1.0], [0, 10, 1.0], [1, 2, 1.0], [1, 11, 1.0], [1, 12, 1.0], [2, 3, 1.0], [2, 13, 1.0], [2, 14, 1.0], [3, 4, 1.0], [3, 15, 1.0], [3, 16, 1.0], [4, 5, 1.0], [4, 17, 1.0], [4, 18, 1.0], [5, 6, 1.0], [5, 19, 1.0], [5, 20, 1.0], [6, 7, 1.0], [6, 21, 1.0], [6, 22, 1.0], [7, 23, 1.0], [7, 24, 1.0], [7, 25, 1.0]], "fix_com": true, "fix_orientation": true, "provenance": {"creator": "QCElemental", "version": "v0.22.0", "routine": "qcelemental.molparse.from_schema"}, "id": "81149"}, "charge": 0, "optimize_geometry": false, "conformers": [], "conformer_generation_options": {"n_conformer_pool": 4000, "n_max_conformers": 0, "rms_tolerance": 0.05, "energy_window": 15, "keep_original_conformer": true}, "stage_1_unrestrained_charges": null, "stage_1_restrained_charges": null, "stage_2_unrestrained_charges": null, "stage_2_restrained_charges": null, "keep_original_orientation": false, "reorientations": [], "translations": [], "rotations": []}}, {"index": 4, "molecule": {"qcmol": {"schema_name": "qcschema_molecule", "schema_version": 2, "validated": true, "symbols": ["C", "C", "C", "C", "C", "C", "C", "C", "H", "H", "H", "H", "H", "H", "H", "H", "H", "H", "H", "H", "H", "H", "H", "H", "H", "H"], "geometry": [[0.0, -0.0, 0.0], [2.893052785136257, 1.936831926478555e-16, 9.020797394382006e-16], [4.114085774200681, 2.6463112741558485, 1.9984014443252818e-15], [4.917337275365996, 3.6756176028616565, 2.591211183988637], [2.7722234992286747, 4.101452602123795, 4.485750314955576], [3.633889998312974, 5.170317922793727, 7.041925596283232], [4.823661902736623, 7.814580808098077, 7.0062585398260095], [3.0691365087056237, 9.90098548355138, 6.044978942127223], [-0.7773114515571523, 0.9572934799204906, 1.6359856378516273], [-0.7307322465949253, -1.9179171876931207, -0.006039880443350354], [-0.7245509043839053, 0.9455411428861806, -1.6721829178672087], [3.521162964385243, -1.0200759206001218, -1.667855760557116], [3.584101019606451, -1.0782916013525512, 1.6082743822128982], [2.8416359935530386, 3.9878392777246816, -0.9020387774528524], [5.796424819954364, 2.5942347691729135, -1.1770924093912554], [6.294529899479328, 2.389420285057545, 3.419550556497882], [5.910499816578734, 5.4453087634839, 2.2760278945514365], [1.8287775893021656, 2.315919849073903, 4.852673463247132], [1.3532941440709645, 5.331913269591853, 3.6512891941554164], [2.011870339271778, 5.206906138228677, 8.306215533359092], [4.978992300641615, 3.8602901646213597, 7.881585958483851], [5.403233151644004, 8.27200652877564, 8.923912383366504], [6.5458044736176175, 7.803029400984463, 5.888768699910846], [1.3164242534970496, 9.944333910985305, 7.114531327266708], [3.9569506011996127, 11.741534618630983, 6.2287894343364565], [2.5865182978614207, 9.647288916197368, 4.06810580007095]], "name": "C8H18", "identifiers": {"molecule_hash": "adb6eb3cdcc813c4c98ef81284bb7344ec7d6683", "molecular_formula": "C8H18"}, "molecular_charge": 0.0, "molecular_multiplicity": 1, "connectivity": [[0, 1, 1.0], [0, 8, 1.0], [0, 9, 1.0], [0, 10, 1.0], [1, 2, 1.0], [1, 11, 1.0], [1, 12, 1.0], [2, 3, 1.0], [2, 13, 1.0], [2, 14, 1.0], [3, 4, 1.0], [3, 15, 1.0], [3, 16, 1.0], [4, 5, 1.0], [4, 17, 1.0], [4, 18, 1.0], [5, 6, 1.0], [5, 19, 1.0], [5, 20, 1.0], [6, 7, 1.0], [6, 21, 1.0], [6, 22, 1.0], [7, 23, 1.0], [7, 24, 1.0], [7, 25, 1.0]], "fix_com": true, "fix_orientation": true, "provenance": {"creator": "QCElemental", "version": "v0.22.0", "routine": "qcelemental.molparse.from_schema"}, "id": "81149"}, "charge": 0, "optimize_geometry": false, "conformers": [], "conformer_generation_options": {"n_conformer_pool": 4000, "n_max_conformers": 0, "rms_tolerance": 0.05, "energy_window": 15, "keep_original_conformer": true}, "stage_1_unrestrained_charges": null, "stage_1_restrained_charges": null, "stage_2_unrestrained_charges": null, "stage_2_restrained_charges": null, "keep_original_orientation": false, "reorientations": [], "translations": [], "rotations": []}}, {"index": 5, "molecule": {"qcmol": {"schema_name": "qcschema_molecule", "schema_version": 2, "validated": true, "symbols": ["C", "C", "C", "C", "C", "C", "C", "C", "H", "H", "H", "H", "H", "H", "H", "H", "H", "H", "H", "H", "H", "H", "H", "H", "H", "H"], "geometry": [[0.0, -0.0, 0.0], [2.893052785136257, 1.936831926478555e-16, 9.020797394382006e-16], [4.114085774200681, 2.6463112741558485, 1.9984014443252818e-15], [4.917337275365996, 3.6756176028616565, 2.591211183988637], [2.7722234992286747, 4.101452602123795, 4.485750314955576], [3.633889998312974, 5.170317922793727, 7.041925596283232], [4.823661902736623, 7.814580808098077, 7.0062585398260095], [3.0691365087056237, 9.90098548355138, 6.044978942127223], [-0.7773114515571523, 0.9572934799204906, 1.6359856378516273], [-0.7307322465949253, -1.9179171876931207, -0.006039880443350354], [-0.7245509043839053, 0.9455411428861806, -1.6721829178672087], [3.521162964385243, -1.0200759206001218, -1.667855760557116], [3.584101019606451, -1.0782916013525512, 1.6082743822128982], [2.8416359935530386, 3.9878392777246816, -0.9020387774528524], [5.796424819954364, 2.5942347691729135, -1.1770924093912554], [6.294529899479328, 2.389420285057545, 3.419550556497882], [5.910499816578734, 5.4453087634839, 2.2760278945514365], [1.8287775893021656, 2.315919849073903, 4.852673463247132], [1.3532941440709645, 5.331913269591853, 3.6512891941554164], [2.011870339271778, 5.206906138228677, 8.306215533359092], [4.978992300641615, 3.8602901646213597, 7.881585958483851], [5.403233151644004, 8.27200652877564, 8.923912383366504], [6.5458044736176175, 7.803029400984463, 5.888768699910846], [1.3164242534970496, 9.944333910985305, 7.114531327266708], [3.9569506011996127, 11.741534618630983, 6.2287894343364565], [2.5865182978614207, 9.647288916197368, 4.06810580007095]], "name": "C8H18", "identifiers": {"molecule_hash": "adb6eb3cdcc813c4c98ef81284bb7344ec7d6683", "molecular_formula": "C8H18"}, "molecular_charge": 0.0, "molecular_multiplicity": 1, "connectivity": [[0, 1, 1.0], [0, 8, 1.0], [0, 9, 1.0], [0, 10, 1.0], [1, 2, 1.0], [1, 11, 1.0], [1, 12, 1.0], [2, 3, 1.0], [2, 13, 1.0], [2, 14, 1.0], [3, 4, 1.0], [3, 15, 1.0], [3, 16, 1.0], [4, 5, 1.0], [4, 17, 1.0], [4, 18, 1.0], [5, 6, 1.0], [5, 19, 1.0], [5, 20, 1.0], [6, 7, 1.0], [6, 21, 1.0], [6, 22, 1.0], [7, 23, 1.0], [7, 24, 1.0], [7, 25, 1.0]], "fix_com": true, "fix_orientation": true, "provenance": {"creator": "QCElemental", "version": "v0.22.0", "routine": "qcelemental.molparse.from_schema"}, "id": "81149"}, "charge": 0, "optimize_geometry": false, "conformers": [], "conformer_generation_options": {"n_conformer_pool": 4000, "n_max_conformers": 0, "rms_tolerance": 0.05, "energy_window": 15, "keep_original_conformer": true}, "stage_1_unrestrained_charges": null, "stage_1_restrained_charges": null, "stage_2_unrestrained_charges": null, "stage_2_restrained_charges": null, "keep_original_orientation": false, "reorientations": [], "translations": [], "rotations": []}}, {"index": 6, "molecule": {"qcmol": {"schema_name": "qcschema_molecule", "schema_version": 2, "validated": true, "symbols": ["C", "C", "C", "C", "C", "C", "C", "C", "H", "H", "H", "H", "H", "H", "H", "H", "H", "H", "H", "H", "H", "H", "H", "H", "H", "H"], "geometry": [[0.0, -0.0, 0.0], [2.893052785136257, 1.936831926478555e-16, 9.020797394382006e-16], [4.114085774200681, 2.6463112741558485, 1.9984014443252818e-15], [4.917337275365996, 3.6756176028616565, 2.591211183988637], [2.7722234992286747, 4.101452602123795, 4.485750314955576], [3.633889998312974, 5.170317922793727, 7.041925596283232], [4.823661902736623, 7.814580808098077, 7.0062585398260095], [3.0691365087056237, 9.90098548355138, 6.044978942127223], [-0.7773114515571523, 0.9572934799204906, 1.6359856378516273], [-0.7307322465949253, -1.9179171876931207, -0.006039880443350354], [-0.7245509043839053, 0.9455411428861806, -1.6721829178672087], [3.521162964385243, -1.0200759206001218, -1.667855760557116], [3.584101019606451, -1.0782916013525512, 1.6082743822128982], [2.8416359935530386, 3.9878392777246816, -0.9020387774528524], [5.796424819954364, 2.5942347691729135, -1.1770924093912554], [6.294529899479328, 2.389420285057545, 3.419550556497882], [5.910499816578734, 5.4453087634839, 2.2760278945514365], [1.8287775893021656, 2.315919849073903, 4.852673463247132], [1.3532941440709645, 5.331913269591853, 3.6512891941554164], [2.011870339271778, 5.206906138228677, 8.306215533359092], [4.978992300641615, 3.8602901646213597, 7.881585958483851], [5.403233151644004, 8.27200652877564, 8.923912383366504], [6.5458044736176175, 7.803029400984463, 5.888768699910846], [1.3164242534970496, 9.944333910985305, 7.114531327266708], [3.9569506011996127, 11.741534618630983, 6.2287894343364565], [2.5865182978614207, 9.647288916197368, 4.06810580007095]], "name": "C8H18", "identifiers": {"molecule_hash": "adb6eb3cdcc813c4c98ef81284bb7344ec7d6683", "molecular_formula": "C8H18"}, "molecular_charge": 0.0, "molecular_multiplicity": 1, "connectivity": [[0, 1, 1.0], [0, 8, 1.0], [0, 9, 1.0], [0, 10, 1.0], [1, 2, 1.0], [1, 11, 1.0], [1, 12, 1.0], [2, 3, 1.0], [2, 13, 1.0], [2, 14, 1.0], [3, 4, 1.0], [3, 15, 1.0], [3, 16, 1.0], [4, 5, 1.0], [4, 17, 1.0], [4, 18, 1.0], [5, 6, 1.0], [5, 19, 1.0], [5, 20, 1.0], [6, 7, 1.0], [6, 21, 1.0], [6, 22, 1.0], [7, 23, 1.0], [7, 24, 1.0], [7, 25, 1.0]], "fix_com": true, "fix_orientation": true, "provenance": {"creator": "QCElemental", "version": "v0.22.0", "routine": "qcelemental.molparse.from_schema"}, "id": "81149"}, "charge": 0, "optimize_geometry": false, "conformers": [], "conformer_generation_options": {"n_conformer_pool": 4000, "n_max_conformers": 0, "rms_tolerance": 0.05, "energy_window": 15, "keep_original_conformer": true}, "stage_1_unrestrained_charges": null, "stage_1_restrained_charges": null, "stage_2_unrestrained_charges": null, "stage_2_restrained_charges": null, "keep_original_orientation": false, "reorientations": [], "translations": [], "rotations": []}}, {"index": 7, "molecule": {"qcmol": {"schema_name": "qcschema_molecule", "schema_version": 2, "validated": true, "symbols": ["C", "C", "C", "C", "C", "C", "C", "C", "H", "H", "H", "H", "H", "H", "H", "H", "H", "H", "H", "H", "H", "H", "H", "H", "H", "H"], "geometry": [[0.0, -0.0, 0.0], [2.893052785136257, 1.936831926478555e-16, 9.020797394382006e-16], [4.114085774200681, 2.6463112741558485, 1.9984014443252818e-15], [4.917337275365996, 3.6756176028616565, 2.591211183988637], [2.7722234992286747, 4.101452602123795, 4.485750314955576], [3.633889998312974, 5.170317922793727, 7.041925596283232], [4.823661902736623, 7.814580808098077, 7.0062585398260095], [3.0691365087056237, 9.90098548355138, 6.044978942127223], [-0.7773114515571523, 0.9572934799204906, 1.6359856378516273], [-0.7307322465949253, -1.9179171876931207, -0.006039880443350354], [-0.7245509043839053, 0.9455411428861806, -1.6721829178672087], [3.521162964385243, -1.0200759206001218, -1.667855760557116], [3.584101019606451, -1.0782916013525512, 1.6082743822128982], [2.8416359935530386, 3.9878392777246816, -0.9020387774528524], [5.796424819954364, 2.5942347691729135, -1.1770924093912554], [6.294529899479328, 2.389420285057545, 3.419550556497882], [5.910499816578734, 5.4453087634839, 2.2760278945514365], [1.8287775893021656, 2.315919849073903, 4.852673463247132], [1.3532941440709645, 5.331913269591853, 3.6512891941554164], [2.011870339271778, 5.206906138228677, 8.306215533359092], [4.978992300641615, 3.8602901646213597, 7.881585958483851], [5.403233151644004, 8.27200652877564, 8.923912383366504], [6.5458044736176175, 7.803029400984463, 5.888768699910846], [1.3164242534970496, 9.944333910985305, 7.114531327266708], [3.9569506011996127, 11.741534618630983, 6.2287894343364565], [2.5865182978614207, 9.647288916197368, 4.06810580007095]], "name": "C8H18", "identifiers": {"molecule_hash": "adb6eb3cdcc813c4c98ef81284bb7344ec7d6683", "molecular_formula": "C8H18"}, "molecular_charge": 0.0, "molecular_multiplicity": 1, "connectivity": [[0, 1, 1.0], [0, 8, 1.0], [0, 9, 1.0], [0, 10, 1.0], [1, 2, 1.0], [1, 11, 1.0], [1, 12, 1.0], [2, 3, 1.0], [2, 13, 1.0], [2, 14, 1.0], [3, 4, 1.0], [3, 15, 1.0], [3, 16, 1.0], [4, 5, 1.0], [4, 17, 1.0], [4, 18, 1.0], [5, 6, 1.0], [5, 19, 1.0], [5, 20, 1.0], [6, 7, 1.0], [6, 21, 1.0], [6, 22, 1.0], [7, 23, 1.0], [7, 24, 1.0], [7, 25, 1.0]], "fix_com": true, "fix_orientation": true, "provenance": {"creator": "QCElemental", "version": "v0.22.0", "routine": "qcelemental.molparse.from_schema"}, "id": "81149"}, "charge": 0, "optimize_geometry": false, "conformers": [], "conformer_generation_options": {"n_conformer_pool": 4000, "n_max_conformers": 0, "rms_tolerance": 0.05, "energy_window": 15, "keep_original_conformer": true}, "stage_1_unrestrained_charges": null, "stage_1_restrained_charges": null, "stage_2_unrestrained_charges": null, "stage_2_restrained_charges": null, "keep_original_orientation": false, "reorientations": [], "translations": [], "rotations": []}}]}, "surface_constraints": {"matrix": [[533619197596685.2, 516590881228592.44, 497599898974244.75, 478700794958516.44, 465476665256082.7, 448089783604689.06, 434992043275401.7, 418922670750944.8, 537657208552492.4, 536966587156564.44, 536298987706058.06, 514510152502212.4, 515503858708464.0, 496216632641484.56, 495444413616552.0, 476963688851413.75, 473020472198068.3, 461197851643394.6, 471049396598062.7, 447087968147763.56, 442905131962991.06, 433303568355211.5, 436035177879412.3, 413867019507535.06, 422903289217758.5, 405828677422411.7], [516590881228592.44, 526904470753237.3, 513830405394185.6, 496041249297419.1, 476712072006010.2, 458767943318934.44, 441917949082903.0, 425001176040559.0, 513274792317836.4, 512850340672946.7, 512290943765893.25, 532984082949185.75, 534132009649866.3, 513596108436754.44, 513598905245465.7, 496805804515911.1, 493618441596735.1, 470203629757718.06, 479956130322675.9, 458006812218545.25, 455969872934793.5, 438518038106572.8, 442557645432859.44, 419396973158114.0, 428713231420443.94, 412125536098467.0], [497599898974244.75, 513830405394185.6, 525925787107813.7, 513581498379093.94, 495494696441589.06, 477824018734123.94, 457887040169189.6, 439040533339920.44, 497664267633866.5, 487023322638027.8, 493210959055899.44, 512760726326806.44, 513358951794975.6, 533566111711725.6, 533283523918575.4, 513962674850855.25, 514284016542952.06, 489458380298163.4, 498574519091632.1, 479152652269656.9, 475691533689652.8, 453662372909933.44, 458677640011288.8, 431658691465083.75, 441655480034372.9, 427713085749846.94], [478700794958516.44, 496041249297419.1, 513581498379093.94, 525817912135766.06, 513290859034953.25, 495338590138316.1, 477571348764753.56, 460517535793342.06, 479456206333478.94, 470693867065064.94, 470486467369345.25, 489250120562873.0, 498913505925289.7, 513581115150486.5, 513564322879585.75, 533985025398104.56, 533583328557284.0, 514502155996133.44, 513164778954173.6, 493848605072607.6, 493733877211146.2, 474488712701608.94, 477059192245317.9, 451984346672593.5, 465098808354921.8, 449593869224569.94], [465476665256082.7, 476712072006010.2, 495494696441589.06, 513290859034953.25, 525014829458787.1, 512546049956555.4, 495262471610343.4, 478872458529370.56, 469686834152376.75, 456910242960513.6, 458956289153282.0, 468352978582114.4, 475677946688257.94, 498279304537929.75, 490059612653287.06, 514245193290235.5, 513447353736527.94, 533607965660479.94, 532350815123303.4, 512773835404632.0, 512438315495739.0, 494818943304031.1, 491476165357400.5, 473187311818384.0, 481559045436809.4, 467389593484324.56], [448089783604689.06, 458767943318934.44, 477824018734123.94, 495338590138316.1, 512546049956555.4, 524542484115083.94, 512678610316994.8, 496071093726631.6, 453927843164693.8, 439519534533918.0, 440350473805635.75, 452674825933610.4, 455159429698458.1, 479553242043870.94, 474313373178362.94, 493548488721370.4, 494370940867870.75, 513722376303085.56, 512517770799551.7, 532225100229553.25, 531962359421846.9, 512444954605619.7, 512197804865132.75, 492283115477799.7, 493743231413885.94, 487134521089505.4], [434992043275401.7, 441917949082903.0, 457887040169189.6, 477571348764753.56, 495262471610343.4, 512678610316994.8, 525914826408233.4, 514954045037290.7, 442361887284806.1, 427550292217531.8, 427835728855094.75, 434336036500577.8, 439054838357218.5, 455336705857446.25, 454461542217665.75, 475193460014953.0, 478986840389472.7, 494440027268096.8, 493951631769156.06, 512782569435465.06, 512389610116138.7, 533141276988590.4, 532861791064743.2, 511202632881668.44, 511689710697546.0, 510281265061364.06], [418922670750944.8, 425001176040559.0, 439040533339920.44, 460517535793342.06, 478872458529370.56, 496071093726631.6, 514954045037290.7, 530941273931253.3, 423992987908634.6, 413950267725666.8, 412285213100405.5, 419409383033937.8, 421368313812932.5, 435623155869350.7, 433718104175574.5, 458209345641533.44, 463041345945708.3, 476408172734950.06, 480092638305939.2, 492917044342806.9, 494891601437357.3, 513721495314924.06, 513855843200624.5, 534228321997929.4, 535006581875703.3, 533110637263621.9], [537657208552492.4, 513274792317836.4, 497664267633866.5, 479456206333478.94, 469686834152376.75, 453927843164693.8, 442361887284806.1, 423992987908634.6, 562412682639254.25, 533924951833737.25, 533157978498485.94, 506059020268585.8, 508792418506540.94, 497472234954909.9, 495986193647009.44, 474944787360980.2, 474358070956192.4, 465331697295794.4, 476711785063253.8, 453491386715875.56, 447936502925548.44, 442083458518156.0, 445193989602374.5, 418577056111240.0, 425800905990952.1, 411752923156618.1], [536966587156564.44, 512850340672946.7, 487023322638027.8, 470693867065064.94, 456910242960513.6, 439519534533918.0, 427550292217531.8, 413950267725666.8, 533924951833737.25, 560995478980537.56, 531963651081807.94, 507516286556998.9, 515438156544793.6, 481331198949292.44, 482322053344986.3, 470047187047730.44, 466478909445837.9, 453503212808518.1, 461474563561599.56, 438362062315811.3, 433699388987646.25, 426116672291243.44, 426988613593964.94, 409028108554339.06, 420209387101206.25, 400239877886155.2], [536298987706058.06, 512290943765893.25, 493210959055899.44, 470486467369345.25, 458956289153282.0, 440350473805635.75, 427835728855094.75, 412285213100405.5, 533157978498485.94, 531963651081807.94, 559929492542469.4, 511902288063114.3, 504001930021563.2, 494205506262213.5, 491884403024654.06, 468783705798793.06, 460470878192375.7, 455481911157369.75, 465951755571031.2, 438669968068680.56, 434519479679437.06, 425981338183776.2, 429125254323402.0, 407836955560439.44, 416392533691432.7, 398827704329825.5], [514510152502212.4, 532984082949185.75, 512760726326806.44, 489250120562873.0, 468352978582114.4, 452674825933610.4, 434336036500577.8, 419409383033937.8, 506059020268585.8, 507516286556998.9, 511902288063114.3, 559154865796355.7, 532699363563687.44, 512433285383052.3, 511714723020121.6, 487622990139880.56, 486542523797133.56, 459568064503227.6, 470844012419532.75, 452797777680116.56, 452158431312826.7, 428920311257619.25, 434067807356769.2, 415353507250239.0, 423399746133909.94, 406211260959455.56], [515503858708464.0, 534132009649866.3, 513358951794975.6, 498913505925289.7, 475677946688257.94, 455159429698458.1, 439054838357218.5, 421368313812932.5, 508792418506540.94, 515438156544793.6, 504001930021563.2, 532699363563687.44, 562172172588443.2, 507757539029867.8, 509144529974813.2, 504343553330244.56, 497346934749480.9, 469173573683211.9, 478072825636937.0, 452222771138461.3, 451746716119523.8, 436885669957766.56, 439867908562387.56, 415234015451000.4, 425449067354806.9, 407985196100950.25], [496216632641484.56, 513596108436754.44, 533566111711725.6, 513581115150486.5, 498279304537929.75, 479553242043870.94, 455336705857446.25, 435623155869350.7, 497472234954909.9, 481331198949292.44, 494205506262213.5, 512433285383052.3, 507757539029867.8, 561364795669367.75, 533786920629214.7, 506905724810137.94, 512430754458764.1, 491327044605848.4, 504949931436739.4, 483597477464161.0, 477627069754326.0, 448990861760878.75, 455866317099813.6, 428151398152460.44, 436360284672494.7, 425868625330580.44], [495444413616552.0, 513598905245465.7, 533283523918575.4, 513564322879585.75, 490059612653287.06, 474313373178362.94, 454461542217665.75, 433718104175574.5, 495986193647009.44, 482322053344986.3, 491884403024654.06, 511714723020121.6, 509144529974813.2, 533786920629214.7, 560299421741937.6, 514136489656929.25, 512860991111270.5, 480217844520104.94, 491502357273003.6, 476947051792357.06, 472357739562248.56, 450766602792270.0, 456437137533461.56, 426091854596280.6, 435810020438170.75, 421814907955591.44], [476963688851413.75, 496805804515911.1, 513962674850855.25, 533985025398104.56, 514245193290235.5, 493548488721370.4, 475193460014953.0, 458209345641533.44, 474944787360980.2, 470047187047730.44, 468783705798793.06, 487622990139880.56, 504343553330244.56, 506905724810137.94, 514136489656929.25, 561801222237453.8, 534674530431628.9, 517279113618653.4, 508505961146979.56, 488019816888689.6, 494482913851765.7, 471078626347452.44, 475237185175259.8, 448176906383322.8, 464504057049768.75, 447131366797328.3], [473020472198068.3, 493618441596735.1, 514284016542952.06, 533583328557284.0, 513447353736527.94, 494370940867870.75, 478986840389472.7, 463041345945708.3, 474358070956192.4, 466478909445837.9, 460470878192375.7, 486542523797133.56, 497346934749480.9, 512430754458764.1, 512860991111270.5, 534674530431628.9, 560721312587848.8, 512917546216919.75, 509745215174450.0, 493224574558171.25, 489641955239029.7, 475902740964073.6, 479447769779732.75, 452975095613167.44, 468935929519848.0, 453042787155233.7], [461197851643394.6, 470203629757718.06, 489458380298163.4, 514502155996133.44, 533607965660479.94, 513722376303085.56, 494440027268096.8, 476408172734950.06, 465331697295794.4, 453503212808518.1, 455481911157369.75, 459568064503227.6, 469173573683211.9, 491327044605848.4, 480217844520104.94, 517279113618653.4, 512917546216919.75, 561392416689057.06, 533923844015795.3, 510756048562096.3, 512091159743438.2, 496810121194789.3, 487677326252476.75, 469003097764998.9, 480879950849954.6, 463684562279007.75], [471049396598062.7, 479956130322675.9, 498574519091632.1, 513164778954173.6, 532350815123303.4, 512517770799551.7, 493951631769156.06, 480092638305939.2, 476711785063253.8, 461474563561599.56, 465951755571031.2, 470844012419532.75, 478072825636937.0, 504949931436739.4, 491502357273003.6, 508505961146979.56, 509745215174450.0, 533923844015795.3, 559184789119954.8, 511238792847928.2, 508949944482638.2, 492684850388208.6, 488098588855004.94, 477198518321152.06, 483301346862614.3, 467428897121593.4], [447087968147763.56, 458006812218545.25, 479152652269656.9, 493848605072607.6, 512773835404632.0, 532225100229553.25, 512782569435465.06, 492917044342806.9, 453491386715875.56, 438362062315811.3, 438669968068680.56, 452797777680116.56, 452222771138461.3, 483597477464161.0, 476947051792357.06, 488019816888689.6, 493224574558171.25, 510756048562096.3, 511238792847928.2, 559312426553316.4, 532746941380524.3, 510142952392655.4, 511197351720775.6, 489987794164979.56, 489178148060971.1, 482246197808637.5], [442905131962991.06, 455969872934793.5, 475691533689652.8, 493733877211146.2, 512438315495739.0, 531962359421846.9, 512389610116138.7, 494891601437357.3, 447936502925548.44, 433699388987646.25, 434519479679437.06, 452158431312826.7, 451746716119523.8, 477627069754326.0, 472357739562248.56, 494482913851765.7, 489641955239029.7, 512091159743438.2, 508949944482638.2, 532746941380524.3, 558888952674040.44, 508483583419312.56, 509880677006653.06, 491786806572413.7, 490297536838440.4, 486948386371505.8], [433303568355211.5, 438518038106572.8, 453662372909933.44, 474488712701608.94, 494818943304031.1, 512444954605619.7, 533141276988590.4, 513721495314924.06, 442083458518156.0, 426116672291243.44, 425981338183776.2, 428920311257619.25, 436885669957766.56, 448990861760878.75, 450766602792270.0, 471078626347452.44, 475902740964073.6, 496810121194789.3, 492684850388208.6, 510142952392655.4, 508483583419312.56, 560620916995889.4, 532963059986675.7, 504400139300186.5, 512546174072067.75, 505493762272387.06], [436035177879412.3, 442557645432859.44, 458677640011288.8, 477059192245317.9, 491476165357400.5, 512197804865132.75, 532861791064743.2, 513855843200624.5, 445193989602374.5, 426988613593964.94, 429125254323402.0, 434067807356769.2, 439867908562387.56, 455866317099813.6, 456437137533461.56, 475237185175259.8, 479447769779732.75, 487677326252476.75, 488098588855004.94, 511197351720775.6, 509880677006653.06, 532963059986675.7, 559728979658345.25, 510125196735263.44, 502119843381043.9, 510975790256149.44], [413867019507535.06, 419396973158114.0, 431658691465083.75, 451984346672593.5, 473187311818384.0, 492283115477799.7, 511202632881668.44, 534228321997929.4, 418577056111240.0, 409028108554339.06, 407836955560439.44, 415353507250239.0, 415234015451000.4, 428151398152460.44, 426091854596280.6, 448176906383322.8, 452975095613167.44, 469003097764998.9, 477198518321152.06, 489987794164979.56, 491786806572413.7, 504400139300186.5, 510125196735263.44, 558837771190874.7, 530994298235971.6, 528516718880613.2], [422903289217758.5, 428713231420443.94, 441655480034372.9, 465098808354921.8, 481559045436809.4, 493743231413885.94, 511689710697546.0, 535006581875703.3, 425800905990952.1, 420209387101206.25, 416392533691432.7, 423399746133909.94, 425449067354806.9, 436360284672494.7, 435810020438170.75, 464504057049768.75, 468935929519848.0, 480879950849954.6, 483301346862614.3, 489178148060971.1, 490297536838440.4, 512546174072067.75, 502119843381043.9, 530994298235971.6, 560033253390527.5, 529931864961556.56], [405828677422411.7, 412125536098467.0, 427713085749846.94, 449593869224569.94, 467389593484324.56, 487134521089505.4, 510281265061364.06, 533110637263621.9, 411752923156618.1, 4002398778