{"resp_b": 0.1, "restrained_fit": true, "exclude_hydrogens": true, "convergence_tolerance": 1e-06, "max_iter": 500, "resp_a": 0.0005, "charge_constraints": {"charge_sum_constraints": [], "charge_equivalence_constraints": [], "molecules": [{"qcmol": {"schema_name": "qcschema_molecule", "schema_version": 2, "validated": true, "symbols": ["C", "C", "C", "C", "C", "C", "C", "C", "H", "H", "H", "H", "H", "H", "H", "H", "H", "H", "H", "H", "H", "H", "H", "H", "H", "H"], "geometry": [[0.0, -0.0, 0.0], [2.893052785136257, 1.936831926478555e-16, 9.020797394382006e-16], [4.114085774200681, 2.6463112741558485, 1.9984014443252818e-15], [4.917337275365996, 3.6756176028616565, 2.591211183988637], [2.7722234992286747, 4.101452602123795, 4.485750314955576], [3.633889998312974, 5.170317922793727, 7.041925596283232], [4.823661902736623, 7.814580808098077, 7.0062585398260095], [3.0691365087056237, 9.90098548355138, 6.044978942127223], [-0.7773114515571523, 0.9572934799204906, 1.6359856378516273], [-0.7307322465949253, -1.9179171876931207, -0.006039880443350354], [-0.7245509043839053, 0.9455411428861806, -1.6721829178672087], [3.521162964385243, -1.0200759206001218, -1.667855760557116], [3.584101019606451, -1.0782916013525512, 1.6082743822128982], [2.8416359935530386, 3.9878392777246816, -0.9020387774528524], [5.796424819954364, 2.5942347691729135, -1.1770924093912554], [6.294529899479328, 2.389420285057545, 3.419550556497882], [5.910499816578734, 5.4453087634839, 2.2760278945514365], [1.8287775893021656, 2.315919849073903, 4.852673463247132], [1.3532941440709645, 5.331913269591853, 3.6512891941554164], [2.011870339271778, 5.206906138228677, 8.306215533359092], [4.978992300641615, 3.8602901646213597, 7.881585958483851], [5.403233151644004, 8.27200652877564, 8.923912383366504], [6.5458044736176175, 7.803029400984463, 5.888768699910846], [1.3164242534970496, 9.944333910985305, 7.114531327266708], [3.9569506011996127, 11.741534618630983, 6.2287894343364565], [2.5865182978614207, 9.647288916197368, 4.06810580007095]], "name": "C8H18", "identifiers": {"molecule_hash": "adb6eb3cdcc813c4c98ef81284bb7344ec7d6683", "molecular_formula": "C8H18"}, "molecular_charge": 0.0, "molecular_multiplicity": 1, "connectivity": [[0, 1, 1.0], [0, 8, 1.0], [0, 9, 1.0], [0, 10, 1.0], [1, 2, 1.0], [1, 11, 1.0], [1, 12, 1.0], [2, 3, 1.0], [2, 13, 1.0], [2, 14, 1.0], [3, 4, 1.0], [3, 15, 1.0], [3, 16, 1.0], [4, 5, 1.0], [4, 17, 1.0], [4, 18, 1.0], [5, 6, 1.0], [5, 19, 1.0], [5, 20, 1.0], [6, 7, 1.0], [6, 21, 1.0], [6, 22, 1.0], [7, 23, 1.0], [7, 24, 1.0], [7, 25, 1.0]], "fix_com": true, "fix_orientation": true, "provenance": {"creator": "QCElemental", "version": "v0.22.0", "routine": "qcelemental.molparse.from_schema"}, "id": "81149"}, "charge": 0, "optimize_geometry": false, "conformers": [], "conformer_generation_options": {"n_conformer_pool": 4000, "n_max_conformers": 0, "rms_tolerance": 0.05, "energy_window": 15, "keep_original_conformer": true}, "stage_1_unrestrained_charges": null, "stage_1_restrained_charges": null, "stage_2_unrestrained_charges": null, "stage_2_restrained_charges": null, "keep_original_orientation": false, "reorientations": [], "translations": [], "rotations": []}], "unconstrained_atoms": [{"index": 0, "molecule": {"qcmol": {"schema_name": "qcschema_molecule", "schema_version": 2, "validated": true, "symbols": ["C", "C", "C", "C", "C", "C", "C", "C", "H", "H", "H", "H", "H", "H", "H", "H", "H", "H", "H", "H", "H", "H", "H", "H", "H", "H"], "geometry": [[0.0, -0.0, 0.0], [2.893052785136257, 1.936831926478555e-16, 9.020797394382006e-16], [4.114085774200681, 2.6463112741558485, 1.9984014443252818e-15], [4.917337275365996, 3.6756176028616565, 2.591211183988637], [2.7722234992286747, 4.101452602123795, 4.485750314955576], [3.633889998312974, 5.170317922793727, 7.041925596283232], [4.823661902736623, 7.814580808098077, 7.0062585398260095], [3.0691365087056237, 9.90098548355138, 6.044978942127223], [-0.7773114515571523, 0.9572934799204906, 1.6359856378516273], [-0.7307322465949253, -1.9179171876931207, -0.006039880443350354], [-0.7245509043839053, 0.9455411428861806, -1.6721829178672087], [3.521162964385243, -1.0200759206001218, -1.667855760557116], [3.584101019606451, -1.0782916013525512, 1.6082743822128982], [2.8416359935530386, 3.9878392777246816, -0.9020387774528524], [5.796424819954364, 2.5942347691729135, -1.1770924093912554], [6.294529899479328, 2.389420285057545, 3.419550556497882], [5.910499816578734, 5.4453087634839, 2.2760278945514365], [1.8287775893021656, 2.315919849073903, 4.852673463247132], [1.3532941440709645, 5.331913269591853, 3.6512891941554164], [2.011870339271778, 5.206906138228677, 8.306215533359092], [4.978992300641615, 3.8602901646213597, 7.881585958483851], [5.403233151644004, 8.27200652877564, 8.923912383366504], [6.5458044736176175, 7.803029400984463, 5.888768699910846], [1.3164242534970496, 9.944333910985305, 7.114531327266708], [3.9569506011996127, 11.741534618630983, 6.2287894343364565], [2.5865182978614207, 9.647288916197368, 4.06810580007095]], "name": "C8H18", "identifiers": {"molecule_hash": "adb6eb3cdcc813c4c98ef81284bb7344ec7d6683", "molecular_formula": "C8H18"}, "molecular_charge": 0.0, "molecular_multiplicity": 1, "connectivity": [[0, 1, 1.0], [0, 8, 1.0], [0, 9, 1.0], [0, 10, 1.0], [1, 2, 1.0], [1, 11, 1.0], [1, 12, 1.0], [2, 3, 1.0], [2, 13, 1.0], [2, 14, 1.0], [3, 4, 1.0], [3, 15, 1.0], [3, 16, 1.0], [4, 5, 1.0], [4, 17, 1.0], [4, 18, 1.0], [5, 6, 1.0], [5, 19, 1.0], [5, 20, 1.0], [6, 7, 1.0], [6, 21, 1.0], [6, 22, 1.0], [7, 23, 1.0], [7, 24, 1.0], [7, 25, 1.0]], "fix_com": true, "fix_orientation": true, "provenance": {"creator": "QCElemental", "version": "v0.22.0", "routine": "qcelemental.molparse.from_schema"}, "id": "81149"}, "charge": 0, "optimize_geometry": false, "conformers": [], "conformer_generation_options": {"n_conformer_pool": 4000, "n_max_conformers": 0, "rms_tolerance": 0.05, "energy_window": 15, "keep_original_conformer": true}, "stage_1_unrestrained_charges": null, "stage_1_restrained_charges": null, "stage_2_unrestrained_charges": null, "stage_2_restrained_charges": null, "keep_original_orientation": false, "reorientations": [], "translations": [], "rotations": []}}, {"index": 1, "molecule": {"qcmol": {"schema_name": "qcschema_molecule", "schema_version": 2, "validated": true, "symbols": ["C", "C", "C", "C", "C", "C", "C", "C", "H", "H", "H", "H", "H", "H", "H", "H", "H", "H", "H", "H", "H", "H", "H", "H", "H", "H"], "geometry": [[0.0, -0.0, 0.0], [2.893052785136257, 1.936831926478555e-16, 9.020797394382006e-16], [4.114085774200681, 2.6463112741558485, 1.9984014443252818e-15], [4.917337275365996, 3.6756176028616565, 2.591211183988637], [2.7722234992286747, 4.101452602123795, 4.485750314955576], [3.633889998312974, 5.170317922793727, 7.041925596283232], [4.823661902736623, 7.814580808098077, 7.0062585398260095], [3.0691365087056237, 9.90098548355138, 6.044978942127223], [-0.7773114515571523, 0.9572934799204906, 1.6359856378516273], [-0.7307322465949253, -1.9179171876931207, -0.006039880443350354], [-0.7245509043839053, 0.9455411428861806, -1.6721829178672087], [3.521162964385243, -1.0200759206001218, -1.667855760557116], [3.584101019606451, -1.0782916013525512, 1.6082743822128982], [2.8416359935530386, 3.9878392777246816, -0.9020387774528524], [5.796424819954364, 2.5942347691729135, -1.1770924093912554], [6.294529899479328, 2.389420285057545, 3.419550556497882], [5.910499816578734, 5.4453087634839, 2.2760278945514365], [1.8287775893021656, 2.315919849073903, 4.852673463247132], [1.3532941440709645, 5.331913269591853, 3.6512891941554164], [2.011870339271778, 5.206906138228677, 8.306215533359092], [4.978992300641615, 3.8602901646213597, 7.881585958483851], [5.403233151644004, 8.27200652877564, 8.923912383366504], [6.5458044736176175, 7.803029400984463, 5.888768699910846], [1.3164242534970496, 9.944333910985305, 7.114531327266708], [3.9569506011996127, 11.741534618630983, 6.2287894343364565], [2.5865182978614207, 9.647288916197368, 4.06810580007095]], "name": "C8H18", "identifiers": {"molecule_hash": "adb6eb3cdcc813c4c98ef81284bb7344ec7d6683", "molecular_formula": "C8H18"}, "molecular_charge": 0.0, "molecular_multiplicity": 1, "connectivity": [[0, 1, 1.0], [0, 8, 1.0], [0, 9, 1.0], [0, 10, 1.0], [1, 2, 1.0], [1, 11, 1.0], [1, 12, 1.0], [2, 3, 1.0], [2, 13, 1.0], [2, 14, 1.0], [3, 4, 1.0], [3, 15, 1.0], [3, 16, 1.0], [4, 5, 1.0], [4, 17, 1.0], [4, 18, 1.0], [5, 6, 1.0], [5, 19, 1.0], [5, 20, 1.0], [6, 7, 1.0], [6, 21, 1.0], [6, 22, 1.0], [7, 23, 1.0], [7, 24, 1.0], [7, 25, 1.0]], "fix_com": true, "fix_orientation": true, "provenance": {"creator": "QCElemental", "version": "v0.22.0", "routine": "qcelemental.molparse.from_schema"}, "id": "81149"}, "charge": 0, "optimize_geometry": false, "conformers": [], "conformer_generation_options": {"n_conformer_pool": 4000, "n_max_conformers": 0, "rms_tolerance": 0.05, "energy_window": 15, "keep_original_conformer": true}, "stage_1_unrestrained_charges": null, "stage_1_restrained_charges": null, "stage_2_unrestrained_charges": null, "stage_2_restrained_charges": null, "keep_original_orientation": false, "reorientations": [], "translations": [], "rotations": []}}, {"index": 2, "molecule": {"qcmol": {"schema_name": "qcschema_molecule", "schema_version": 2, "validated": true, "symbols": ["C", "C", "C", "C", "C", "C", "C", "C", "H", "H", "H", "H", "H", "H", "H", "H", "H", "H", "H", "H", "H", "H", "H", "H", "H", "H"], "geometry": [[0.0, -0.0, 0.0], [2.893052785136257, 1.936831926478555e-16, 9.020797394382006e-16], [4.114085774200681, 2.6463112741558485, 1.9984014443252818e-15], [4.917337275365996, 3.6756176028616565, 2.591211183988637], [2.7722234992286747, 4.101452602123795, 4.485750314955576], [3.633889998312974, 5.170317922793727, 7.041925596283232], [4.823661902736623, 7.814580808098077, 7.0062585398260095], [3.0691365087056237, 9.90098548355138, 6.044978942127223], [-0.7773114515571523, 0.9572934799204906, 1.6359856378516273], [-0.7307322465949253, -1.9179171876931207, -0.006039880443350354], [-0.7245509043839053, 0.9455411428861806, -1.6721829178672087], [3.521162964385243, -1.0200759206001218, -1.667855760557116], [3.584101019606451, -1.0782916013525512, 1.6082743822128982], [2.8416359935530386, 3.9878392777246816, -0.9020387774528524], [5.796424819954364, 2.5942347691729135, -1.1770924093912554], [6.294529899479328, 2.389420285057545, 3.419550556497882], [5.910499816578734, 5.4453087634839, 2.2760278945514365], [1.8287775893021656, 2.315919849073903, 4.852673463247132], [1.3532941440709645, 5.331913269591853, 3.6512891941554164], [2.011870339271778, 5.206906138228677, 8.306215533359092], [4.978992300641615, 3.8602901646213597, 7.881585958483851], [5.403233151644004, 8.27200652877564, 8.923912383366504], [6.5458044736176175, 7.803029400984463, 5.888768699910846], [1.3164242534970496, 9.944333910985305, 7.114531327266708], [3.9569506011996127, 11.741534618630983, 6.2287894343364565], [2.5865182978614207, 9.647288916197368, 4.06810580007095]], "name": "C8H18", "identifiers": {"molecule_hash": "adb6eb3cdcc813c4c98ef81284bb7344ec7d6683", "molecular_formula": "C8H18"}, "molecular_charge": 0.0, "molecular_multiplicity": 1, "connectivity": [[0, 1, 1.0], [0, 8, 1.0], [0, 9, 1.0], [0, 10, 1.0], [1, 2, 1.0], [1, 11, 1.0], [1, 12, 1.0], [2, 3, 1.0], [2, 13, 1.0], [2, 14, 1.0], [3, 4, 1.0], [3, 15, 1.0], [3, 16, 1.0], [4, 5, 1.0], [4, 17, 1.0], [4, 18, 1.0], [5, 6, 1.0], [5, 19, 1.0], [5, 20, 1.0], [6, 7, 1.0], [6, 21, 1.0], [6, 22, 1.0], [7, 23, 1.0], [7, 24, 1.0], [7, 25, 1.0]], "fix_com": true, "fix_orientation": true, "provenance": {"creator": "QCElemental", "version": "v0.22.0", "routine": "qcelemental.molparse.from_schema"}, "id": "81149"}, "charge": 0, "optimize_geometry": false, "conformers": [], "conformer_generation_options": {"n_conformer_pool": 4000, "n_max_conformers": 0, "rms_tolerance": 0.05, "energy_window": 15, "keep_original_conformer": true}, "stage_1_unrestrained_charges": null, "stage_1_restrained_charges": null, "stage_2_unrestrained_charges": null, "stage_2_restrained_charges": null, "keep_original_orientation": false, "reorientations": [], "translations": [], "rotations": []}}, {"index": 3, "molecule": {"qcmol": {"schema_name": "qcschema_molecule", "schema_version": 2, "validated": true, "symbols": ["C", "C", "C", "C", "C", "C", "C", "C", "H", "H", "H", "H", "H", "H", "H", "H", "H", "H", "H", "H", "H", "H", "H", "H", "H", "H"], "geometry": [[0.0, -0.0, 0.0], [2.893052785136257, 1.936831926478555e-16, 9.020797394382006e-16], [4.114085774200681, 2.6463112741558485, 1.9984014443252818e-15], [4.917337275365996, 3.6756176028616565, 2.591211183988637], [2.7722234992286747, 4.101452602123795, 4.485750314955576], [3.633889998312974, 5.170317922793727, 7.041925596283232], [4.823661902736623, 7.814580808098077, 7.0062585398260095], [3.0691365087056237, 9.90098548355138, 6.044978942127223], [-0.7773114515571523, 0.9572934799204906, 1.6359856378516273], [-0.7307322465949253, -1.9179171876931207, -0.006039880443350354], [-0.7245509043839053, 0.9455411428861806, -1.6721829178672087], [3.521162964385243, -1.0200759206001218, -1.667855760557116], [3.584101019606451, -1.0782916013525512, 1.6082743822128982], [2.8416359935530386, 3.9878392777246816, -0.9020387774528524], [5.796424819954364, 2.5942347691729135, -1.1770924093912554], [6.294529899479328, 2.389420285057545, 3.419550556497882], [5.910499816578734, 5.4453087634839, 2.2760278945514365], [1.8287775893021656, 2.315919849073903, 4.852673463247132], [1.3532941440709645, 5.331913269591853, 3.6512891941554164], [2.011870339271778, 5.206906138228677, 8.306215533359092], [4.978992300641615, 3.8602901646213597, 7.881585958483851], [5.403233151644004, 8.27200652877564, 8.923912383366504], [6.5458044736176175, 7.803029400984463, 5.888768699910846], [1.3164242534970496, 9.944333910985305, 7.114531327266708], [3.9569506011996127, 11.741534618630983, 6.2287894343364565], [2.5865182978614207, 9.647288916197368, 4.06810580007095]], "name": "C8H18", "identifiers": {"molecule_hash": "adb6eb3cdcc813c4c98ef81284bb7344ec7d6683", "molecular_formula": "C8H18"}, "molecular_charge": 0.0, "molecular_multiplicity": 1, "connectivity": [[0, 1, 1.0], [0, 8, 1.0], [0, 9, 1.0], [0, 10, 1.0], [1, 2, 1.0], [1, 11, 1.0], [1, 12, 1.0], [2, 3, 1.0], [2, 13, 1.0], [2, 14, 1.0], [3, 4, 1.0], [3, 15, 1.0], [3, 16, 1.0], [4, 5, 1.0], [4, 17, 1.0], [4, 18, 1.0], [5, 6, 1.0], [5, 19, 1.0], [5, 20, 1.0], [6, 7, 1.0], [6, 21, 1.0], [6, 22, 1.0], [7, 23, 1.0], [7, 24, 1.0], [7, 25, 1.0]], "fix_com": true, "fix_orientation": true, "provenance": {"creator": "QCElemental", "version": "v0.22.0", "routine": "qcelemental.molparse.from_schema"}, "id": "81149"}, "charge": 0, "optimize_geometry": false, "conformers": [], "conformer_generation_options": {"n_conformer_pool": 4000, "n_max_conformers": 0, "rms_tolerance": 0.05, "energy_window": 15, "keep_original_conformer": true}, "stage_1_unrestrained_charges": null, "stage_1_restrained_charges": null, "stage_2_unrestrained_charges": null, "stage_2_restrained_charges": null, "keep_original_orientation": false, "reorientations": [], "translations": [], "rotations": []}}, {"index": 4, "molecule": {"qcmol": {"schema_name": "qcschema_molecule", "schema_version": 2, "validated": true, "symbols": ["C", "C", "C", "C", "C", "C", "C", "C", "H", "H", "H", "H", "H", "H", "H", "H", "H", "H", "H", "H", "H", "H", "H", "H", "H", "H"], "geometry": [[0.0, -0.0, 0.0], [2.893052785136257, 1.936831926478555e-16, 9.020797394382006e-16], [4.114085774200681, 2.6463112741558485, 1.9984014443252818e-15], [4.917337275365996, 3.6756176028616565, 2.591211183988637], [2.7722234992286747, 4.101452602123795, 4.485750314955576], [3.633889998312974, 5.170317922793727, 7.041925596283232], [4.823661902736623, 7.814580808098077, 7.0062585398260095], [3.0691365087056237, 9.90098548355138, 6.044978942127223], [-0.7773114515571523, 0.9572934799204906, 1.6359856378516273], [-0.7307322465949253, -1.9179171876931207, -0.006039880443350354], [-0.7245509043839053, 0.9455411428861806, -1.6721829178672087], [3.521162964385243, -1.0200759206001218, -1.667855760557116], [3.584101019606451, -1.0782916013525512, 1.6082743822128982], [2.8416359935530386, 3.9878392777246816, -0.9020387774528524], [5.796424819954364, 2.5942347691729135, -1.1770924093912554], [6.294529899479328, 2.389420285057545, 3.419550556497882], [5.910499816578734, 5.4453087634839, 2.2760278945514365], [1.8287775893021656, 2.315919849073903, 4.852673463247132], [1.3532941440709645, 5.331913269591853, 3.6512891941554164], [2.011870339271778, 5.206906138228677, 8.306215533359092], [4.978992300641615, 3.8602901646213597, 7.881585958483851], [5.403233151644004, 8.27200652877564, 8.923912383366504], [6.5458044736176175, 7.803029400984463, 5.888768699910846], [1.3164242534970496, 9.944333910985305, 7.114531327266708], [3.9569506011996127, 11.741534618630983, 6.2287894343364565], [2.5865182978614207, 9.647288916197368, 4.06810580007095]], "name": "C8H18", "identifiers": {"molecule_hash": "adb6eb3cdcc813c4c98ef81284bb7344ec7d6683", "molecular_formula": "C8H18"}, "molecular_charge": 0.0, "molecular_multiplicity": 1, "connectivity": [[0, 1, 1.0], [0, 8, 1.0], [0, 9, 1.0], [0, 10, 1.0], [1, 2, 1.0], [1, 11, 1.0], [1, 12, 1.0], [2, 3, 1.0], [2, 13, 1.0], [2, 14, 1.0], [3, 4, 1.0], [3, 15, 1.0], [3, 16, 1.0], [4, 5, 1.0], [4, 17, 1.0], [4, 18, 1.0], [5, 6, 1.0], [5, 19, 1.0], [5, 20, 1.0], [6, 7, 1.0], [6, 21, 1.0], [6, 22, 1.0], [7, 23, 1.0], [7, 24, 1.0], [7, 25, 1.0]], "fix_com": true, "fix_orientation": true, "provenance": {"creator": "QCElemental", "version": "v0.22.0", "routine": "qcelemental.molparse.from_schema"}, "id": "81149"}, "charge": 0, "optimize_geometry": false, "conformers": [], "conformer_generation_options": {"n_conformer_pool": 4000, "n_max_conformers": 0, "rms_tolerance": 0.05, "energy_window": 15, "keep_original_conformer": true}, "stage_1_unrestrained_charges": null, "stage_1_restrained_charges": null, "stage_2_unrestrained_charges": null, "stage_2_restrained_charges": null, "keep_original_orientation": false, "reorientations": [], "translations": [], "rotations": []}}, {"index": 5, "molecule": {"qcmol": {"schema_name": "qcschema_molecule", "schema_version": 2, "validated": true, "symbols": ["C", "C", "C", "C", "C", "C", "C", "C", "H", "H", "H", "H", "H", "H", "H", "H", "H", "H", "H", "H", "H", "H", "H", "H", "H", "H"], "geometry": [[0.0, -0.0, 0.0], [2.893052785136257, 1.936831926478555e-16, 9.020797394382006e-16], [4.114085774200681, 2.6463112741558485, 1.9984014443252818e-15], [4.917337275365996, 3.6756176028616565, 2.591211183988637], [2.7722234992286747, 4.101452602123795, 4.485750314955576], [3.633889998312974, 5.170317922793727, 7.041925596283232], [4.823661902736623, 7.814580808098077, 7.0062585398260095], [3.0691365087056237, 9.90098548355138, 6.044978942127223], [-0.7773114515571523, 0.9572934799204906, 1.6359856378516273], [-0.7307322465949253, -1.9179171876931207, -0.006039880443350354], [-0.7245509043839053, 0.9455411428861806, -1.6721829178672087], [3.521162964385243, -1.0200759206001218, -1.667855760557116], [3.584101019606451, -1.0782916013525512, 1.6082743822128982], [2.8416359935530386, 3.9878392777246816, -0.9020387774528524], [5.796424819954364, 2.5942347691729135, -1.1770924093912554], [6.294529899479328, 2.389420285057545, 3.419550556497882], [5.910499816578734, 5.4453087634839, 2.2760278945514365], [1.8287775893021656, 2.315919849073903, 4.852673463247132], [1.3532941440709645, 5.331913269591853, 3.6512891941554164], [2.011870339271778, 5.206906138228677, 8.306215533359092], [4.978992300641615, 3.8602901646213597, 7.881585958483851], [5.403233151644004, 8.27200652877564, 8.923912383366504], [6.5458044736176175, 7.803029400984463, 5.888768699910846], [1.3164242534970496, 9.944333910985305, 7.114531327266708], [3.9569506011996127, 11.741534618630983, 6.2287894343364565], [2.5865182978614207, 9.647288916197368, 4.06810580007095]], "name": "C8H18", "identifiers": {"molecule_hash": "adb6eb3cdcc813c4c98ef81284bb7344ec7d6683", "molecular_formula": "C8H18"}, "molecular_charge": 0.0, "molecular_multiplicity": 1, "connectivity": [[0, 1, 1.0], [0, 8, 1.0], [0, 9, 1.0], [0, 10, 1.0], [1, 2, 1.0], [1, 11, 1.0], [1, 12, 1.0], [2, 3, 1.0], [2, 13, 1.0], [2, 14, 1.0], [3, 4, 1.0], [3, 15, 1.0], [3, 16, 1.0], [4, 5, 1.0], [4, 17, 1.0], [4, 18, 1.0], [5, 6, 1.0], [5, 19, 1.0], [5, 20, 1.0], [6, 7, 1.0], [6, 21, 1.0], [6, 22, 1.0], [7, 23, 1.0], [7, 24, 1.0], [7, 25, 1.0]], "fix_com": true, "fix_orientation": true, "provenance": {"creator": "QCElemental", "version": "v0.22.0", "routine": "qcelemental.molparse.from_schema"}, "id": "81149"}, "charge": 0, "optimize_geometry": false, "conformers": [], "conformer_generation_options": {"n_conformer_pool": 4000, "n_max_conformers": 0, "rms_tolerance": 0.05, "energy_window": 15, "keep_original_conformer": true}, "stage_1_unrestrained_charges": null, "stage_1_restrained_charges": null, "stage_2_unrestrained_charges": null, "stage_2_restrained_charges": null, "keep_original_orientation": false, "reorientations": [], "translations": [], "rotations": []}}, {"index": 6, "molecule": {"qcmol": {"schema_name": "qcschema_molecule", "schema_version": 2, "validated": true, "symbols": ["C", "C", "C", "C", "C", "C", "C", "C", "H", "H", "H", "H", "H", "H", "H", "H", "H", "H", "H", "H", "H", "H", "H", "H", "H", "H"], "geometry": [[0.0, -0.0, 0.0], [2.893052785136257, 1.936831926478555e-16, 9.020797394382006e-16], [4.114085774200681, 2.6463112741558485, 1.9984014443252818e-15], [4.917337275365996, 3.6756176028616565, 2.591211183988637], [2.7722234992286747, 4.101452602123795, 4.485750314955576], [3.633889998312974, 5.170317922793727, 7.041925596283232], [4.823661902736623, 7.814580808098077, 7.0062585398260095], [3.0691365087056237, 9.90098548355138, 6.044978942127223], [-0.7773114515571523, 0.9572934799204906, 1.6359856378516273], [-0.7307322465949253, -1.9179171876931207, -0.006039880443350354], [-0.7245509043839053, 0.9455411428861806, -1.6721829178672087], [3.521162964385243, -1.0200759206001218, -1.667855760557116], [3.584101019606451, -1.0782916013525512, 1.6082743822128982], [2.8416359935530386, 3.9878392777246816, -0.9020387774528524], [5.796424819954364, 2.5942347691729135, -1.1770924093912554], [6.294529899479328, 2.389420285057545, 3.419550556497882], [5.910499816578734, 5.4453087634839, 2.2760278945514365], [1.8287775893021656, 2.315919849073903, 4.852673463247132], [1.3532941440709645, 5.331913269591853, 3.6512891941554164], [2.011870339271778, 5.206906138228677, 8.306215533359092], [4.978992300641615, 3.8602901646213597, 7.881585958483851], [5.403233151644004, 8.27200652877564, 8.923912383366504], [6.5458044736176175, 7.803029400984463, 5.888768699910846], [1.3164242534970496, 9.944333910985305, 7.114531327266708], [3.9569506011996127, 11.741534618630983, 6.2287894343364565], [2.5865182978614207, 9.647288916197368, 4.06810580007095]], "name": "C8H18", "identifiers": {"molecule_hash": "adb6eb3cdcc813c4c98ef81284bb7344ec7d6683", "molecular_formula": "C8H18"}, "molecular_charge": 0.0, "molecular_multiplicity": 1, "connectivity": [[0, 1, 1.0], [0, 8, 1.0], [0, 9, 1.0], [0, 10, 1.0], [1, 2, 1.0], [1, 11, 1.0], [1, 12, 1.0], [2, 3, 1.0], [2, 13, 1.0], [2, 14, 1.0], [3, 4, 1.0], [3, 15, 1.0], [3, 16, 1.0], [4, 5, 1.0], [4, 17, 1.0], [4, 18, 1.0], [5, 6, 1.0], [5, 19, 1.0], [5, 20, 1.0], [6, 7, 1.0], [6, 21, 1.0], [6, 22, 1.0], [7, 23, 1.0], [7, 24, 1.0], [7, 25, 1.0]], "fix_com": true, "fix_orientation": true, "provenance": {"creator": "QCElemental", "version": "v0.22.0", "routine": "qcelemental.molparse.from_schema"}, "id": "81149"}, "charge": 0, "optimize_geometry": false, "conformers": [], "conformer_generation_options": {"n_conformer_pool": 4000, "n_max_conformers": 0, "rms_tolerance": 0.05, "energy_window": 15, "keep_original_conformer": true}, "stage_1_unrestrained_charges": null, "stage_1_restrained_charges": null, "stage_2_unrestrained_charges": null, "stage_2_restrained_charges": null, "keep_original_orientation": false, "reorientations": [], "translations": [], "rotations": []}}, {"index": 7, "molecule": {"qcmol": {"schema_name": "qcschema_molecule", "schema_version": 2, "validated": true, "symbols": ["C", "C", "C", "C", "C", "C", "C", "C", "H", "H", "H", "H", "H", "H", "H", "H", "H", "H", "H", "H", "H", "H", "H", "H", "H", "H"], "geometry": [[0.0, -0.0, 0.0], [2.893052785136257, 1.936831926478555e-16, 9.020797394382006e-16], [4.114085774200681, 2.6463112741558485, 1.9984014443252818e-15], [4.917337275365996, 3.6756176028616565, 2.591211183988637], [2.7722234992286747, 4.101452602123795, 4.485750314955576], [3.633889998312974, 5.170317922793727, 7.041925596283232], [4.823661902736623, 7.814580808098077, 7.0062585398260095], [3.0691365087056237, 9.90098548355138, 6.044978942127223], [-0.7773114515571523, 0.9572934799204906, 1.6359856378516273], [-0.7307322465949253, -1.9179171876931207, -0.006039880443350354], [-0.7245509043839053, 0.9455411428861806, -1.6721829178672087], [3.521162964385243, -1.0200759206001218, -1.667855760557116], [3.584101019606451, -1.0782916013525512, 1.6082743822128982], [2.8416359935530386, 3.9878392777246816, -0.9020387774528524], [5.796424819954364, 2.5942347691729135, -1.1770924093912554], [6.294529899479328, 2.389420285057545, 3.419550556497882], [5.910499816578734, 5.4453087634839, 2.2760278945514365], [1.8287775893021656, 2.315919849073903, 4.852673463247132], [1.3532941440709645, 5.331913269591853, 3.6512891941554164], [2.011870339271778, 5.206906138228677, 8.306215533359092], [4.978992300641615, 3.8602901646213597, 7.881585958483851], [5.403233151644004, 8.27200652877564, 8.923912383366504], [6.5458044736176175, 7.803029400984463, 5.888768699910846], [1.3164242534970496, 9.944333910985305, 7.114531327266708], [3.9569506011996127, 11.741534618630983, 6.2287894343364565], [2.5865182978614207, 9.647288916197368, 4.06810580007095]], "name": "C8H18", "identifiers": {"molecule_hash": "adb6eb3cdcc813c4c98ef81284bb7344ec7d6683", "molecular_formula": "C8H18"}, "molecular_charge": 0.0, "molecular_multiplicity": 1, "connectivity": [[0, 1, 1.0], [0, 8, 1.0], [0, 9, 1.0], [0, 10, 1.0], [1, 2, 1.0], [1, 11, 1.0], [1, 12, 1.0], [2, 3, 1.0], [2, 13, 1.0], [2, 14, 1.0], [3, 4, 1.0], [3, 15, 1.0], [3, 16, 1.0], [4, 5, 1.0], [4, 17, 1.0], [4, 18, 1.0], [5, 6, 1.0], [5, 19, 1.0], [5, 20, 1.0], [6, 7, 1.0], [6, 21, 1.0], [6, 22, 1.0], [7, 23, 1.0], [7, 24, 1.0], [7, 25, 1.0]], "fix_com": true, "fix_orientation": true, "provenance": {"creator": "QCElemental", "version": "v0.22.0", "routine": "qcelemental.molparse.from_schema"}, "id": "81149"}, "charge": 0, "optimize_geometry": false, "conformers": [], "conformer_generation_options": {"n_conformer_pool": 4000, "n_max_conformers": 0, "rms_tolerance": 0.05, "energy_window": 15, "keep_original_conformer": true}, "stage_1_unrestrained_charges": null, "stage_1_restrained_charges": null, "stage_2_unrestrained_charges": null, "stage_2_restrained_charges": null, "keep_original_orientation": false, "reorientations": [], "translations": [], "rotations": []}}]}, "surface_constraints": {"matrix": [[1965.857319485918, 1899.4536122874279, 1825.0970649101305, 1750.3877468112432, 1699.1169036116694, 1632.7088020268964, 1582.5085337861592, 1518.5991585549327, 1978.00845589848, 1973.7969431522765, 1973.764918074888, 1889.5513410361493, 1891.032362448433, 1818.025352016463, 1815.4608794834917, 1741.5352248809718, 1727.0500141452337, 1681.2380586020843, 1718.8868239525054, 1627.7872797064601, 1612.2663019871402, 1575.4574180293491, 1585.6559332012293, 1496.8057432641583, 1531.4958320000842, 1467.033883310667], [1899.4536122874279, 1941.459697792403, 1889.739808070468, 1818.4571020899755, 1743.3070594508504, 1674.458884542297, 1610.0033508586805, 1542.9698734929163, 1883.1919970483627, 1880.6137295464432, 1880.3878274650747, 1963.3095625229405, 1965.1386676515792, 1886.979827501534, 1887.3101942780106, 1818.6913582199165, 1807.2851150979, 1716.9122962043143, 1753.932303440394, 1670.415877542765, 1662.6795496966427, 1596.3732263525694, 1611.6077536607945, 1519.0732281789358, 1554.9867499923423, 1492.1262109222894], [1825.0970649101305, 1889.739808070468, 1938.428459588402, 1888.4135878270333, 1817.2196473043155, 1748.755223063697, 1672.3764065695018, 1597.621552202602, 1822.8283184272177, 1780.3923707639472, 1806.2671127422288, 1883.5229273795135, 1883.5533421727775, 1966.2800489895515, 1965.6705691904497, 1887.0489760537112, 1889.2621198210988, 1792.4875650842207, 1826.6287467315772, 1752.4154139483587, 1738.9361785572075, 1655.477428076728, 1674.513980649011, 1566.7072783659391, 1605.3557764163008, 1552.405586117478], [1750.3877468112432, 1818.4571020899755, 1888.4135878270333, 1935.815429842368, 1886.6784118044293, 1816.5675404953718, 1748.037222464259, 1679.447376258667, 1751.3507307130678, 1716.2037915011806, 1717.5292883321977, 1790.4487258693282, 1825.6207063021632, 1886.8723970283636, 1887.1034419547518, 1964.2381027343843, 1964.0617008309032, 1889.842805744345, 1883.571146596255, 1809.2823697123276, 1808.4419027388954, 1735.3924205345236, 1744.9119258076848, 1643.5544366114127, 1694.4074116980455, 1635.245371941111], [1699.1169036116694, 1743.3070594508504, 1817.2196473043155, 1886.6784118044293, 1933.3998204908216, 1884.7733813393852, 1817.899275595849, 1751.0296822762978, 1713.6415537611852, 1663.20482376128, 1672.9864292053228, 1710.0448127477582, 1735.9419643052015, 1826.2332920905517, 1795.2285542617426, 1887.5541768715998, 1885.5354703756852, 1965.1905942972978, 1959.0034158303786, 1883.7873307244035, 1882.0198084085043, 1815.2617098440603, 1801.8809533390265, 1725.4592467644852, 1758.5172047970846, 1703.9375090100848], [1632.7088020268964, 1674.458884542297, 1748.755223063697, 1816.5675404953718, 1884.7733813393852, 1933.108544706938, 1887.5544905230001, 1819.254891338871, 1653.2658874838728, 1597.3152357442418, 1602.372256025157, 1650.2024427939773, 1657.7168564890385, 1753.8738984342292, 1734.4984066409359, 1807.154147355306, 1811.1853288505608, 1887.8245950137207, 1881.9351037924528, 1960.9714648322943, 1959.450477207544, 1885.591108934648, 1883.7911885199292, 1800.3550079736153, 1807.1857082378058, 1781.099260503883], [1582.5085337861592, 1610.0033508586805, 1672.3764065695018, 1748.037222464259, 1817.899275595849, 1887.5544905230001, 1942.569128710802, 1895.5480926041346, 1608.8225490380466, 1551.4706422713716, 1554.6994262790713, 1580.3940716767406, 1596.2595080642816, 1661.4508615938248, 1658.8186393305632, 1736.5124374539355, 1752.0388935934986, 1813.3071345559313, 1810.3799746238158, 1885.672288439881, 1883.7529092787008, 1969.6776384642335, 1968.1123013863373, 1875.8477499410305, 1879.0085415533115, 1872.7348044837304], [1518.5991585549327, 1542.9698734929163, 1597.621552202602, 1679.447376258667, 1751.0296822762978, 1819.254891338871, 1895.5480926041346, 1955.7197159767907, 1536.3664346705464, 1497.0104232772096, 1492.8125918297255, 1521.1877802801382, 1526.7597407969906, 1583.7597609207842, 1577.0370427728558, 1668.3621944697659, 1687.9447737002945, 1740.2728722318502, 1753.3321390159597, 1805.2418650171962, 1812.4095926114444, 1889.556307236174, 1889.6464948254154, 1962.7885045212736, 1967.5099854797352, 1959.1106028746003], [1978.00845589848, 1883.1919970483627, 1822.8283184272177, 1751.3507307130678, 1713.6415537611852, 1653.2658874838728, 1608.8225490380466, 1536.3664346705464, 2070.664840913003, 1958.231466077745, 1958.1561156262014, 1853.5865097686797, 1861.7782856999654, 1820.5353565281353, 1814.9731073466278, 1731.967342559888, 1730.445143250898, 1695.7125482258296, 1739.019876406338, 1650.1469546174553, 1629.9573131925292, 1606.9298005781911, 1618.6293180760022, 1513.385711176444, 1540.9983758971148, 1487.938401889503], [1973.7969431522765, 1880.6137295464432, 1780.3923707639472, 1716.2037915011806, 1663.20482376128, 1597.3152357442418, 1551.4706422713716, 1497.0104232772096, 1958.231466077745, 2061.5906926529515, 1951.6350782527975, 1858.3940419970788, 1886.7903440877592, 1757.0768497379909, 1761.2566417761689, 1711.6254235183626, 1698.6021184580113, 1648.6974078713072, 1679.200787328449, 1591.8991039688176, 1574.9016912683403, 1545.6610769830593, 1548.365582946432, 1475.7155503754873, 1518.4309328756522, 1443.3418043662798], [1973.764918074888, 1880.3878274650747, 1806.2671127422288, 1717.5292883321977, 1672.9864292053228, 1602.372256025157, 1554.6994262790713, 1492.8125918297255, 1958.1561156262014, 1951.6350782527975, 2062.8379659088178, 1877.0679299749975, 1844.3432752191943, 1808.1842031813906, 1799.9270884083596, 1709.200367842507, 1677.8438264122, 1658.1620715797794, 1698.108399047254, 1595.2070215704143, 1579.3133375946672, 1547.023735969968, 1559.0544175237223, 1473.3030686647462, 1506.1642153070686, 1440.091136660156], [1889.5513410361493, 1963.3095625229405, 1883.5229273795135, 1790.4487258693282, 1710.0448127477582, 1650.2024427939773, 1580.3940716767406, 1521.1877802801382, 1853.5865097686797, 1858.3940419970788, 1877.0679299749975, 2062.1235227429825, 1958.2668685116128, 1880.534601674094, 1877.7133363738506, 1781.6763519370413, 1777.9843770965356, 1675.3701298690157, 1717.9213024122005, 1649.5844571129637, 1647.1909450665983, 1559.2776511944137, 1578.5875186495919, 1503.2498639397188, 1534.3495320301138, 1469.2359638828764], [1891.032362448433, 1965.1386676515792, 1883.5533421727775, 1825.6207063021632, 1735.9419643052015, 1657.7168564890385, 1596.2595080642816, 1526.7597407969906, 1861.7782856999654, 1886.7903440877592, 1844.3432752191943, 1958.2668685116128, 2068.488601748865, 1860.151801966073, 1865.945298590002, 1843.3403872319343, 1817.972015371307, 1709.5978169292243, 1743.4749767374112, 1645.6528331407585, 1643.6759034553297, 1587.2642562110454, 1598.4930720786078, 1501.0546658918352, 1540.2689527861023, 1474.259616080089], [1818.025352016463, 1886.979827501534, 1966.2800489895515, 1886.8723970283636, 1826.2332920905517, 1753.8738984342292, 1661.4508615938248, 1583.7597609207842, 1820.5353565281353, 1757.0768497379909, 1808.1842031813906, 1880.534601674094, 1860.151801966073, 2071.2197513004094, 1966.1571597279553, 1858.6804269601714, 1880.7961695614413, 1798.1034838373105, 1848.8611839089554, 1767.7629106397133, 1744.8546123874266, 1636.575631654166, 1662.5675641325688, 1552.6650482969371, 1584.5426599605973, 1544.697162801246], [1815.4608794834917, 1887.3101942780106, 1965.6705691904497, 1887.1034419547518, 1795.2285542617426, 1734.4984066409359, 1658.8186393305632, 1577.0370427728558, 1814.9731073466278, 1761.2566417761689, 1799.9270884083596, 1877.7133363738506, 1865.945298590002, 1966.1571597279553, 2068.215035186784, 1886.588256586689, 1882.4831504104343, 1756.1468368513997, 1798.4344768602475, 1743.2056743989779, 1725.3009806190948, 1643.9246078119734, 1665.6455770687405, 1545.4968422948787, 1582.7309005805769, 1529.7575462575942], [1741.5352248809718, 1818.6913582199165, 1887.0489760537112, 1964.2381027343843, 1887.5541768715998, 1807.154147355306, 1736.5124374539355, 1668.3621944697659, 1731.967342559888, 1711.6254235183626, 1709.200367842507, 1781.6763519370413, 1843.3403872319343, 1858.6804269601714, 1886.588256586689, 2067.6449977423003, 1964.999148853739, 1897.8711398326013, 1862.9552379251584, 1784.6590386366797, 1808.8121827075865, 1720.009033481166, 1735.6728155362996, 1626.984177317795, 1689.86030251414, 1623.6685101081448], [1727.0500141452337, 1807.2851150979, 1889.2621198210988, 1964.0617008309032, 1885.5354703756852, 1811.1853288505608, 1752.0388935934986, 1687.9447737002945, 1730.445143250898, 1698.6021184580113, 1677.8438264122, 1777.9843770965356, 1817.972015371307, 1880.7961695614413, 1882.4831504104343, 1964.999148853739, 2066.6283542750493, 1881.909016460451, 1868.904665307436, 1805.196465052428, 1791.2051653814433, 1739.5318468635521, 1752.5316103954933, 1646.161060225878, 1707.8107617416945, 1647.4237880891376], [1681.2380586020843, 1716.9122962043143, 1792.4875650842207, 1889.842805744345, 1965.1905942972978, 1887.8245950137207, 1813.3071345559313, 1740.2728722318502, 1695.7125482258296, 1648.6974078713072, 1658.1620715797794, 1675.3701298690157, 1709.5978169292243, 1798.1034838373105, 1756.1468368513997, 1897.8711398326013, 1881.909016460451, 2070.1228966709236, 1963.8170199044816, 1874.4375297374154, 1879.2493048111594, 1821.302087576442, 1786.0130112571774, 1708.5572336496334, 1754.5637115557774, 1688.4219787154752], [1718.8868239525054, 1753.932303440394, 1826.6287467315772, 1883.571146596255, 1959.0034158303786, 1881.9351037924528, 1810.3799746238158, 1753.3321390159597, 1739.019876406338, 1679.200787328449, 1698.108399047254, 1717.9213024122005, 1743.4749767374112, 1848.8611839089554, 1798.4344768602475, 1862.9552379251584, 1868.904665307436, 1963.8170199044816, 2059.36713693127, 1875.2873598543265, 1865.8515901730211, 1804.7324767030361, 1786.6609063401538, 1738.3292596292442, 1762.802024341606, 1702.044552270755], [1627.7872797064601, 1670.415877542765, 1752.4154139483587, 1809.2823697123276, 1883.7873307244035, 1960.9714648322943, 1885.672288439881, 1805.2418650171962, 1650.1469546174553, 1591.8991039688176, 1595.2070215704143, 1649.5844571129637, 1645.6528331407585, 1767.7629106397133, 1743.2056743989779, 1784.6590386366797, 1805.196465052428, 1874.4375297374154, 1875.2873598543265, 2063.340706101495, 1960.88442068232, 1874.3654880784227, 1877.456052540665, 1789.9858876334085, 1788.116862419421, 1760.555470053805], [1612.2663019871402, 1662.6795496966427, 1738.9361785572075, 1808.4419027388954, 1882.0198084085043, 1959.450477207544, 1883.7529092787008, 1812.4095926114444, 1629.9573131925292, 1574.9016912683403, 1579.3133375946672, 1647.1909450665983, 1643.6759034553297, 1744.8546123874266, 1725.3009806190948, 1808.8121827075865, 1791.2051653814433, 1879.2493048111594, 1865.8515901730211, 1960.88442068232, 2060.599844207288, 1867.665121213358, 1872.0757371398447, 1796.163479899245, 1791.909780064554, 1778.3828543342363], [1575.4574180293491, 1596.3732263525694, 1655.477428076728, 1735.3924205345236, 1815.2617098440603, 1885.591108934648, 1969.6776384642335, 1889.556307236174, 1606.9298005781911, 1545.6610769830593, 1547.023735969968, 1559.2776511944137, 1587.2642562110454, 1636.575631654166, 1643.9246078119734, 1720.009033481166, 1739.5318468635521, 1821.302087576442, 1804.7324767030361, 1874.3654880784227, 1867.665121213358, 2074.8453967303376, 1967.448557512727, 1848.6120080314427, 1881.2905566081754, 1852.8491238495683], [1585.6559332012293, 1611.6077536607945, 1674.513980649011, 1744.9119258076848, 1801.8809533390265, 1883.7911885199292, 1968.1123013863373, 1889.6464948254154, 1618.6293180760022, 1548.365582946432, 1559.0544175237223, 1578.5875186495919, 1598.4930720786078, 1662.5675641325688, 1665.6455770687405, 1735.6728155362996, 1752.5316103954933, 1786.0130112571774, 1786.6609063401538, 1877.456052540665, 1872.0757371398447, 1967.448557512727, 2071.0203603010805, 1870.2186119986352, 1840.4395088740719, 1873.8792791262244], [1496.8057432641583, 1519.0732281789358, 1566.7072783659391, 1643.5544366114127, 1725.4592467644852, 1800.3550079736153, 1875.8477499410305, 1962.7885045212736, 1513.385711176444, 1475.7155503754873, 1473.3030686647462, 1503.2498639397188, 1501.0546658918352, 1552.6650482969371, 1545.4968422948787, 1626.984177317795, 1646.161060225878, 1708.5572336496334, 1738.3292596292442, 1789.9858876334085, 1796.163479899245, 1848.6120080314427, 1870.2186119986352, 2052.1273097114713, 1946.324917053657, 1935.5472518895326], [1531.4958320000842, 1554.9867499923423, 1605.3557764163008, 1694.4074116980455, 1758.5172047970846, 1807.1857082378058, 1879.0085415533115, 1967.5099854797352, 1540.9983758971148, 1518.4309328756522, 1506.1642153070686, 1534.3495320301138, 1540.2689527861023, 1584.5426599605973, 1582.7309005805769, 1689.86030251414, 1707.8107617416945, 1754.5637115557774, 1762.802024341606, 1788.116862419421, 1791.909780064554, 1881.2905566081754, 1840.4395088740719, 1946.3249170536