{"resp_b": 0.1, "restrained_fit": true, "exclude_hydrogens": true, "convergence_tolerance": 1e-06, "max_iter": 500, "resp_a": 0.0005, "charge_constraints": {"charge_sum_constraints": [], "charge_equivalence_constraints": [], "molecules": [{"qcmol": {"schema_name": "qcschema_molecule", "schema_version": 2, "validated": true, "symbols": ["C", "C", "C", "C", "C", "C", "C", "C", "H", "H", "H", "H", "H", "H", "H", "H", "H", "H", "H", "H", "H", "H", "H", "H", "H", "H"], "geometry": [[0.0, -0.0, 0.0], [2.893052785136257, 1.936831926478555e-16, 9.020797394382006e-16], [4.114085774200681, 2.6463112741558485, 1.9984014443252818e-15], [4.917337275365996, 3.6756176028616565, 2.591211183988637], [2.7722234992286747, 4.101452602123795, 4.485750314955576], [3.633889998312974, 5.170317922793727, 7.041925596283232], [4.823661902736623, 7.814580808098077, 7.0062585398260095], [3.0691365087056237, 9.90098548355138, 6.044978942127223], [-0.7773114515571523, 0.9572934799204906, 1.6359856378516273], [-0.7307322465949253, -1.9179171876931207, -0.006039880443350354], [-0.7245509043839053, 0.9455411428861806, -1.6721829178672087], [3.521162964385243, -1.0200759206001218, -1.667855760557116], [3.584101019606451, -1.0782916013525512, 1.6082743822128982], [2.8416359935530386, 3.9878392777246816, -0.9020387774528524], [5.796424819954364, 2.5942347691729135, -1.1770924093912554], [6.294529899479328, 2.389420285057545, 3.419550556497882], [5.910499816578734, 5.4453087634839, 2.2760278945514365], [1.8287775893021656, 2.315919849073903, 4.852673463247132], [1.3532941440709645, 5.331913269591853, 3.6512891941554164], [2.011870339271778, 5.206906138228677, 8.306215533359092], [4.978992300641615, 3.8602901646213597, 7.881585958483851], [5.403233151644004, 8.27200652877564, 8.923912383366504], [6.5458044736176175, 7.803029400984463, 5.888768699910846], [1.3164242534970496, 9.944333910985305, 7.114531327266708], [3.9569506011996127, 11.741534618630983, 6.2287894343364565], [2.5865182978614207, 9.647288916197368, 4.06810580007095]], "name": "C8H18", "identifiers": {"molecule_hash": "adb6eb3cdcc813c4c98ef81284bb7344ec7d6683", "molecular_formula": "C8H18"}, "molecular_charge": 0.0, "molecular_multiplicity": 1, "connectivity": [[0, 1, 1.0], [0, 8, 1.0], [0, 9, 1.0], [0, 10, 1.0], [1, 2, 1.0], [1, 11, 1.0], [1, 12, 1.0], [2, 3, 1.0], [2, 13, 1.0], [2, 14, 1.0], [3, 4, 1.0], [3, 15, 1.0], [3, 16, 1.0], [4, 5, 1.0], [4, 17, 1.0], [4, 18, 1.0], [5, 6, 1.0], [5, 19, 1.0], [5, 20, 1.0], [6, 7, 1.0], [6, 21, 1.0], [6, 22, 1.0], [7, 23, 1.0], [7, 24, 1.0], [7, 25, 1.0]], "fix_com": true, "fix_orientation": true, "provenance": {"creator": "QCElemental", "version": "v0.22.0", "routine": "qcelemental.molparse.from_schema"}, "id": "81149"}, "charge": 0, "optimize_geometry": false, "conformers": [], "conformer_generation_options": {"n_conformer_pool": 4000, "n_max_conformers": 0, "rms_tolerance": 0.05, "energy_window": 15, "keep_original_conformer": true}, "stage_1_unrestrained_charges": null, "stage_1_restrained_charges": null, "stage_2_unrestrained_charges": null, "stage_2_restrained_charges": null, "keep_original_orientation": false, "reorientations": [], "translations": [], "rotations": []}], "unconstrained_atoms": [{"index": 0, "molecule": {"qcmol": {"schema_name": "qcschema_molecule", "schema_version": 2, "validated": true, "symbols": ["C", "C", "C", "C", "C", "C", "C", "C", "H", "H", "H", "H", "H", "H", "H", "H", "H", "H", "H", "H", "H", "H", "H", "H", "H", "H"], "geometry": [[0.0, -0.0, 0.0], [2.893052785136257, 1.936831926478555e-16, 9.020797394382006e-16], [4.114085774200681, 2.6463112741558485, 1.9984014443252818e-15], [4.917337275365996, 3.6756176028616565, 2.591211183988637], [2.7722234992286747, 4.101452602123795, 4.485750314955576], [3.633889998312974, 5.170317922793727, 7.041925596283232], [4.823661902736623, 7.814580808098077, 7.0062585398260095], [3.0691365087056237, 9.90098548355138, 6.044978942127223], [-0.7773114515571523, 0.9572934799204906, 1.6359856378516273], [-0.7307322465949253, -1.9179171876931207, -0.006039880443350354], [-0.7245509043839053, 0.9455411428861806, -1.6721829178672087], [3.521162964385243, -1.0200759206001218, -1.667855760557116], [3.584101019606451, -1.0782916013525512, 1.6082743822128982], [2.8416359935530386, 3.9878392777246816, -0.9020387774528524], [5.796424819954364, 2.5942347691729135, -1.1770924093912554], [6.294529899479328, 2.389420285057545, 3.419550556497882], [5.910499816578734, 5.4453087634839, 2.2760278945514365], [1.8287775893021656, 2.315919849073903, 4.852673463247132], [1.3532941440709645, 5.331913269591853, 3.6512891941554164], [2.011870339271778, 5.206906138228677, 8.306215533359092], [4.978992300641615, 3.8602901646213597, 7.881585958483851], [5.403233151644004, 8.27200652877564, 8.923912383366504], [6.5458044736176175, 7.803029400984463, 5.888768699910846], [1.3164242534970496, 9.944333910985305, 7.114531327266708], [3.9569506011996127, 11.741534618630983, 6.2287894343364565], [2.5865182978614207, 9.647288916197368, 4.06810580007095]], "name": "C8H18", "identifiers": {"molecule_hash": "adb6eb3cdcc813c4c98ef81284bb7344ec7d6683", "molecular_formula": "C8H18"}, "molecular_charge": 0.0, "molecular_multiplicity": 1, "connectivity": [[0, 1, 1.0], [0, 8, 1.0], [0, 9, 1.0], [0, 10, 1.0], [1, 2, 1.0], [1, 11, 1.0], [1, 12, 1.0], [2, 3, 1.0], [2, 13, 1.0], [2, 14, 1.0], [3, 4, 1.0], [3, 15, 1.0], [3, 16, 1.0], [4, 5, 1.0], [4, 17, 1.0], [4, 18, 1.0], [5, 6, 1.0], [5, 19, 1.0], [5, 20, 1.0], [6, 7, 1.0], [6, 21, 1.0], [6, 22, 1.0], [7, 23, 1.0], [7, 24, 1.0], [7, 25, 1.0]], "fix_com": true, "fix_orientation": true, "provenance": {"creator": "QCElemental", "version": "v0.22.0", "routine": "qcelemental.molparse.from_schema"}, "id": "81149"}, "charge": 0, "optimize_geometry": false, "conformers": [], "conformer_generation_options": {"n_conformer_pool": 4000, "n_max_conformers": 0, "rms_tolerance": 0.05, "energy_window": 15, "keep_original_conformer": true}, "stage_1_unrestrained_charges": null, "stage_1_restrained_charges": null, "stage_2_unrestrained_charges": null, "stage_2_restrained_charges": null, "keep_original_orientation": false, "reorientations": [], "translations": [], "rotations": []}}, {"index": 1, "molecule": {"qcmol": {"schema_name": "qcschema_molecule", "schema_version": 2, "validated": true, "symbols": ["C", "C", "C", "C", "C", "C", "C", "C", "H", "H", "H", "H", "H", "H", "H", "H", "H", "H", "H", "H", "H", "H", "H", "H", "H", "H"], "geometry": [[0.0, -0.0, 0.0], [2.893052785136257, 1.936831926478555e-16, 9.020797394382006e-16], [4.114085774200681, 2.6463112741558485, 1.9984014443252818e-15], [4.917337275365996, 3.6756176028616565, 2.591211183988637], [2.7722234992286747, 4.101452602123795, 4.485750314955576], [3.633889998312974, 5.170317922793727, 7.041925596283232], [4.823661902736623, 7.814580808098077, 7.0062585398260095], [3.0691365087056237, 9.90098548355138, 6.044978942127223], [-0.7773114515571523, 0.9572934799204906, 1.6359856378516273], [-0.7307322465949253, -1.9179171876931207, -0.006039880443350354], [-0.7245509043839053, 0.9455411428861806, -1.6721829178672087], [3.521162964385243, -1.0200759206001218, -1.667855760557116], [3.584101019606451, -1.0782916013525512, 1.6082743822128982], [2.8416359935530386, 3.9878392777246816, -0.9020387774528524], [5.796424819954364, 2.5942347691729135, -1.1770924093912554], [6.294529899479328, 2.389420285057545, 3.419550556497882], [5.910499816578734, 5.4453087634839, 2.2760278945514365], [1.8287775893021656, 2.315919849073903, 4.852673463247132], [1.3532941440709645, 5.331913269591853, 3.6512891941554164], [2.011870339271778, 5.206906138228677, 8.306215533359092], [4.978992300641615, 3.8602901646213597, 7.881585958483851], [5.403233151644004, 8.27200652877564, 8.923912383366504], [6.5458044736176175, 7.803029400984463, 5.888768699910846], [1.3164242534970496, 9.944333910985305, 7.114531327266708], [3.9569506011996127, 11.741534618630983, 6.2287894343364565], [2.5865182978614207, 9.647288916197368, 4.06810580007095]], "name": "C8H18", "identifiers": {"molecule_hash": "adb6eb3cdcc813c4c98ef81284bb7344ec7d6683", "molecular_formula": "C8H18"}, "molecular_charge": 0.0, "molecular_multiplicity": 1, "connectivity": [[0, 1, 1.0], [0, 8, 1.0], [0, 9, 1.0], [0, 10, 1.0], [1, 2, 1.0], [1, 11, 1.0], [1, 12, 1.0], [2, 3, 1.0], [2, 13, 1.0], [2, 14, 1.0], [3, 4, 1.0], [3, 15, 1.0], [3, 16, 1.0], [4, 5, 1.0], [4, 17, 1.0], [4, 18, 1.0], [5, 6, 1.0], [5, 19, 1.0], [5, 20, 1.0], [6, 7, 1.0], [6, 21, 1.0], [6, 22, 1.0], [7, 23, 1.0], [7, 24, 1.0], [7, 25, 1.0]], "fix_com": true, "fix_orientation": true, "provenance": {"creator": "QCElemental", "version": "v0.22.0", "routine": "qcelemental.molparse.from_schema"}, "id": "81149"}, "charge": 0, "optimize_geometry": false, "conformers": [], "conformer_generation_options": {"n_conformer_pool": 4000, "n_max_conformers": 0, "rms_tolerance": 0.05, "energy_window": 15, "keep_original_conformer": true}, "stage_1_unrestrained_charges": null, "stage_1_restrained_charges": null, "stage_2_unrestrained_charges": null, "stage_2_restrained_charges": null, "keep_original_orientation": false, "reorientations": [], "translations": [], "rotations": []}}, {"index": 2, "molecule": {"qcmol": {"schema_name": "qcschema_molecule", "schema_version": 2, "validated": true, "symbols": ["C", "C", "C", "C", "C", "C", "C", "C", "H", "H", "H", "H", "H", "H", "H", "H", "H", "H", "H", "H", "H", "H", "H", "H", "H", "H"], "geometry": [[0.0, -0.0, 0.0], [2.893052785136257, 1.936831926478555e-16, 9.020797394382006e-16], [4.114085774200681, 2.6463112741558485, 1.9984014443252818e-15], [4.917337275365996, 3.6756176028616565, 2.591211183988637], [2.7722234992286747, 4.101452602123795, 4.485750314955576], [3.633889998312974, 5.170317922793727, 7.041925596283232], [4.823661902736623, 7.814580808098077, 7.0062585398260095], [3.0691365087056237, 9.90098548355138, 6.044978942127223], [-0.7773114515571523, 0.9572934799204906, 1.6359856378516273], [-0.7307322465949253, -1.9179171876931207, -0.006039880443350354], [-0.7245509043839053, 0.9455411428861806, -1.6721829178672087], [3.521162964385243, -1.0200759206001218, -1.667855760557116], [3.584101019606451, -1.0782916013525512, 1.6082743822128982], [2.8416359935530386, 3.9878392777246816, -0.9020387774528524], [5.796424819954364, 2.5942347691729135, -1.1770924093912554], [6.294529899479328, 2.389420285057545, 3.419550556497882], [5.910499816578734, 5.4453087634839, 2.2760278945514365], [1.8287775893021656, 2.315919849073903, 4.852673463247132], [1.3532941440709645, 5.331913269591853, 3.6512891941554164], [2.011870339271778, 5.206906138228677, 8.306215533359092], [4.978992300641615, 3.8602901646213597, 7.881585958483851], [5.403233151644004, 8.27200652877564, 8.923912383366504], [6.5458044736176175, 7.803029400984463, 5.888768699910846], [1.3164242534970496, 9.944333910985305, 7.114531327266708], [3.9569506011996127, 11.741534618630983, 6.2287894343364565], [2.5865182978614207, 9.647288916197368, 4.06810580007095]], "name": "C8H18", "identifiers": {"molecule_hash": "adb6eb3cdcc813c4c98ef81284bb7344ec7d6683", "molecular_formula": "C8H18"}, "molecular_charge": 0.0, "molecular_multiplicity": 1, "connectivity": [[0, 1, 1.0], [0, 8, 1.0], [0, 9, 1.0], [0, 10, 1.0], [1, 2, 1.0], [1, 11, 1.0], [1, 12, 1.0], [2, 3, 1.0], [2, 13, 1.0], [2, 14, 1.0], [3, 4, 1.0], [3, 15, 1.0], [3, 16, 1.0], [4, 5, 1.0], [4, 17, 1.0], [4, 18, 1.0], [5, 6, 1.0], [5, 19, 1.0], [5, 20, 1.0], [6, 7, 1.0], [6, 21, 1.0], [6, 22, 1.0], [7, 23, 1.0], [7, 24, 1.0], [7, 25, 1.0]], "fix_com": true, "fix_orientation": true, "provenance": {"creator": "QCElemental", "version": "v0.22.0", "routine": "qcelemental.molparse.from_schema"}, "id": "81149"}, "charge": 0, "optimize_geometry": false, "conformers": [], "conformer_generation_options": {"n_conformer_pool": 4000, "n_max_conformers": 0, "rms_tolerance": 0.05, "energy_window": 15, "keep_original_conformer": true}, "stage_1_unrestrained_charges": null, "stage_1_restrained_charges": null, "stage_2_unrestrained_charges": null, "stage_2_restrained_charges": null, "keep_original_orientation": false, "reorientations": [], "translations": [], "rotations": []}}, {"index": 3, "molecule": {"qcmol": {"schema_name": "qcschema_molecule", "schema_version": 2, "validated": true, "symbols": ["C", "C", "C", "C", "C", "C", "C", "C", "H", "H", "H", "H", "H", "H", "H", "H", "H", "H", "H", "H", "H", "H", "H", "H", "H", "H"], "geometry": [[0.0, -0.0, 0.0], [2.893052785136257, 1.936831926478555e-16, 9.020797394382006e-16], [4.114085774200681, 2.6463112741558485, 1.9984014443252818e-15], [4.917337275365996, 3.6756176028616565, 2.591211183988637], [2.7722234992286747, 4.101452602123795, 4.485750314955576], [3.633889998312974, 5.170317922793727, 7.041925596283232], [4.823661902736623, 7.814580808098077, 7.0062585398260095], [3.0691365087056237, 9.90098548355138, 6.044978942127223], [-0.7773114515571523, 0.9572934799204906, 1.6359856378516273], [-0.7307322465949253, -1.9179171876931207, -0.006039880443350354], [-0.7245509043839053, 0.9455411428861806, -1.6721829178672087], [3.521162964385243, -1.0200759206001218, -1.667855760557116], [3.584101019606451, -1.0782916013525512, 1.6082743822128982], [2.8416359935530386, 3.9878392777246816, -0.9020387774528524], [5.796424819954364, 2.5942347691729135, -1.1770924093912554], [6.294529899479328, 2.389420285057545, 3.419550556497882], [5.910499816578734, 5.4453087634839, 2.2760278945514365], [1.8287775893021656, 2.315919849073903, 4.852673463247132], [1.3532941440709645, 5.331913269591853, 3.6512891941554164], [2.011870339271778, 5.206906138228677, 8.306215533359092], [4.978992300641615, 3.8602901646213597, 7.881585958483851], [5.403233151644004, 8.27200652877564, 8.923912383366504], [6.5458044736176175, 7.803029400984463, 5.888768699910846], [1.3164242534970496, 9.944333910985305, 7.114531327266708], [3.9569506011996127, 11.741534618630983, 6.2287894343364565], [2.5865182978614207, 9.647288916197368, 4.06810580007095]], "name": "C8H18", "identifiers": {"molecule_hash": "adb6eb3cdcc813c4c98ef81284bb7344ec7d6683", "molecular_formula": "C8H18"}, "molecular_charge": 0.0, "molecular_multiplicity": 1, "connectivity": [[0, 1, 1.0], [0, 8, 1.0], [0, 9, 1.0], [0, 10, 1.0], [1, 2, 1.0], [1, 11, 1.0], [1, 12, 1.0], [2, 3, 1.0], [2, 13, 1.0], [2, 14, 1.0], [3, 4, 1.0], [3, 15, 1.0], [3, 16, 1.0], [4, 5, 1.0], [4, 17, 1.0], [4, 18, 1.0], [5, 6, 1.0], [5, 19, 1.0], [5, 20, 1.0], [6, 7, 1.0], [6, 21, 1.0], [6, 22, 1.0], [7, 23, 1.0], [7, 24, 1.0], [7, 25, 1.0]], "fix_com": true, "fix_orientation": true, "provenance": {"creator": "QCElemental", "version": "v0.22.0", "routine": "qcelemental.molparse.from_schema"}, "id": "81149"}, "charge": 0, "optimize_geometry": false, "conformers": [], "conformer_generation_options": {"n_conformer_pool": 4000, "n_max_conformers": 0, "rms_tolerance": 0.05, "energy_window": 15, "keep_original_conformer": true}, "stage_1_unrestrained_charges": null, "stage_1_restrained_charges": null, "stage_2_unrestrained_charges": null, "stage_2_restrained_charges": null, "keep_original_orientation": false, "reorientations": [], "translations": [], "rotations": []}}, {"index": 4, "molecule": {"qcmol": {"schema_name": "qcschema_molecule", "schema_version": 2, "validated": true, "symbols": ["C", "C", "C", "C", "C", "C", "C", "C", "H", "H", "H", "H", "H", "H", "H", "H", "H", "H", "H", "H", "H", "H", "H", "H", "H", "H"], "geometry": [[0.0, -0.0, 0.0], [2.893052785136257, 1.936831926478555e-16, 9.020797394382006e-16], [4.114085774200681, 2.6463112741558485, 1.9984014443252818e-15], [4.917337275365996, 3.6756176028616565, 2.591211183988637], [2.7722234992286747, 4.101452602123795, 4.485750314955576], [3.633889998312974, 5.170317922793727, 7.041925596283232], [4.823661902736623, 7.814580808098077, 7.0062585398260095], [3.0691365087056237, 9.90098548355138, 6.044978942127223], [-0.7773114515571523, 0.9572934799204906, 1.6359856378516273], [-0.7307322465949253, -1.9179171876931207, -0.006039880443350354], [-0.7245509043839053, 0.9455411428861806, -1.6721829178672087], [3.521162964385243, -1.0200759206001218, -1.667855760557116], [3.584101019606451, -1.0782916013525512, 1.6082743822128982], [2.8416359935530386, 3.9878392777246816, -0.9020387774528524], [5.796424819954364, 2.5942347691729135, -1.1770924093912554], [6.294529899479328, 2.389420285057545, 3.419550556497882], [5.910499816578734, 5.4453087634839, 2.2760278945514365], [1.8287775893021656, 2.315919849073903, 4.852673463247132], [1.3532941440709645, 5.331913269591853, 3.6512891941554164], [2.011870339271778, 5.206906138228677, 8.306215533359092], [4.978992300641615, 3.8602901646213597, 7.881585958483851], [5.403233151644004, 8.27200652877564, 8.923912383366504], [6.5458044736176175, 7.803029400984463, 5.888768699910846], [1.3164242534970496, 9.944333910985305, 7.114531327266708], [3.9569506011996127, 11.741534618630983, 6.2287894343364565], [2.5865182978614207, 9.647288916197368, 4.06810580007095]], "name": "C8H18", "identifiers": {"molecule_hash": "adb6eb3cdcc813c4c98ef81284bb7344ec7d6683", "molecular_formula": "C8H18"}, "molecular_charge": 0.0, "molecular_multiplicity": 1, "connectivity": [[0, 1, 1.0], [0, 8, 1.0], [0, 9, 1.0], [0, 10, 1.0], [1, 2, 1.0], [1, 11, 1.0], [1, 12, 1.0], [2, 3, 1.0], [2, 13, 1.0], [2, 14, 1.0], [3, 4, 1.0], [3, 15, 1.0], [3, 16, 1.0], [4, 5, 1.0], [4, 17, 1.0], [4, 18, 1.0], [5, 6, 1.0], [5, 19, 1.0], [5, 20, 1.0], [6, 7, 1.0], [6, 21, 1.0], [6, 22, 1.0], [7, 23, 1.0], [7, 24, 1.0], [7, 25, 1.0]], "fix_com": true, "fix_orientation": true, "provenance": {"creator": "QCElemental", "version": "v0.22.0", "routine": "qcelemental.molparse.from_schema"}, "id": "81149"}, "charge": 0, "optimize_geometry": false, "conformers": [], "conformer_generation_options": {"n_conformer_pool": 4000, "n_max_conformers": 0, "rms_tolerance": 0.05, "energy_window": 15, "keep_original_conformer": true}, "stage_1_unrestrained_charges": null, "stage_1_restrained_charges": null, "stage_2_unrestrained_charges": null, "stage_2_restrained_charges": null, "keep_original_orientation": false, "reorientations": [], "translations": [], "rotations": []}}, {"index": 5, "molecule": {"qcmol": {"schema_name": "qcschema_molecule", "schema_version": 2, "validated": true, "symbols": ["C", "C", "C", "C", "C", "C", "C", "C", "H", "H", "H", "H", "H", "H", "H", "H", "H", "H", "H", "H", "H", "H", "H", "H", "H", "H"], "geometry": [[0.0, -0.0, 0.0], [2.893052785136257, 1.936831926478555e-16, 9.020797394382006e-16], [4.114085774200681, 2.6463112741558485, 1.9984014443252818e-15], [4.917337275365996, 3.6756176028616565, 2.591211183988637], [2.7722234992286747, 4.101452602123795, 4.485750314955576], [3.633889998312974, 5.170317922793727, 7.041925596283232], [4.823661902736623, 7.814580808098077, 7.0062585398260095], [3.0691365087056237, 9.90098548355138, 6.044978942127223], [-0.7773114515571523, 0.9572934799204906, 1.6359856378516273], [-0.7307322465949253, -1.9179171876931207, -0.006039880443350354], [-0.7245509043839053, 0.9455411428861806, -1.6721829178672087], [3.521162964385243, -1.0200759206001218, -1.667855760557116], [3.584101019606451, -1.0782916013525512, 1.6082743822128982], [2.8416359935530386, 3.9878392777246816, -0.9020387774528524], [5.796424819954364, 2.5942347691729135, -1.1770924093912554], [6.294529899479328, 2.389420285057545, 3.419550556497882], [5.910499816578734, 5.4453087634839, 2.2760278945514365], [1.8287775893021656, 2.315919849073903, 4.852673463247132], [1.3532941440709645, 5.331913269591853, 3.6512891941554164], [2.011870339271778, 5.206906138228677, 8.306215533359092], [4.978992300641615, 3.8602901646213597, 7.881585958483851], [5.403233151644004, 8.27200652877564, 8.923912383366504], [6.5458044736176175, 7.803029400984463, 5.888768699910846], [1.3164242534970496, 9.944333910985305, 7.114531327266708], [3.9569506011996127, 11.741534618630983, 6.2287894343364565], [2.5865182978614207, 9.647288916197368, 4.06810580007095]], "name": "C8H18", "identifiers": {"molecule_hash": "adb6eb3cdcc813c4c98ef81284bb7344ec7d6683", "molecular_formula": "C8H18"}, "molecular_charge": 0.0, "molecular_multiplicity": 1, "connectivity": [[0, 1, 1.0], [0, 8, 1.0], [0, 9, 1.0], [0, 10, 1.0], [1, 2, 1.0], [1, 11, 1.0], [1, 12, 1.0], [2, 3, 1.0], [2, 13, 1.0], [2, 14, 1.0], [3, 4, 1.0], [3, 15, 1.0], [3, 16, 1.0], [4, 5, 1.0], [4, 17, 1.0], [4, 18, 1.0], [5, 6, 1.0], [5, 19, 1.0], [5, 20, 1.0], [6, 7, 1.0], [6, 21, 1.0], [6, 22, 1.0], [7, 23, 1.0], [7, 24, 1.0], [7, 25, 1.0]], "fix_com": true, "fix_orientation": true, "provenance": {"creator": "QCElemental", "version": "v0.22.0", "routine": "qcelemental.molparse.from_schema"}, "id": "81149"}, "charge": 0, "optimize_geometry": false, "conformers": [], "conformer_generation_options": {"n_conformer_pool": 4000, "n_max_conformers": 0, "rms_tolerance": 0.05, "energy_window": 15, "keep_original_conformer": true}, "stage_1_unrestrained_charges": null, "stage_1_restrained_charges": null, "stage_2_unrestrained_charges": null, "stage_2_restrained_charges": null, "keep_original_orientation": false, "reorientations": [], "translations": [], "rotations": []}}, {"index": 6, "molecule": {"qcmol": {"schema_name": "qcschema_molecule", "schema_version": 2, "validated": true, "symbols": ["C", "C", "C", "C", "C", "C", "C", "C", "H", "H", "H", "H", "H", "H", "H", "H", "H", "H", "H", "H", "H", "H", "H", "H", "H", "H"], "geometry": [[0.0, -0.0, 0.0], [2.893052785136257, 1.936831926478555e-16, 9.020797394382006e-16], [4.114085774200681, 2.6463112741558485, 1.9984014443252818e-15], [4.917337275365996, 3.6756176028616565, 2.591211183988637], [2.7722234992286747, 4.101452602123795, 4.485750314955576], [3.633889998312974, 5.170317922793727, 7.041925596283232], [4.823661902736623, 7.814580808098077, 7.0062585398260095], [3.0691365087056237, 9.90098548355138, 6.044978942127223], [-0.7773114515571523, 0.9572934799204906, 1.6359856378516273], [-0.7307322465949253, -1.9179171876931207, -0.006039880443350354], [-0.7245509043839053, 0.9455411428861806, -1.6721829178672087], [3.521162964385243, -1.0200759206001218, -1.667855760557116], [3.584101019606451, -1.0782916013525512, 1.6082743822128982], [2.8416359935530386, 3.9878392777246816, -0.9020387774528524], [5.796424819954364, 2.5942347691729135, -1.1770924093912554], [6.294529899479328, 2.389420285057545, 3.419550556497882], [5.910499816578734, 5.4453087634839, 2.2760278945514365], [1.8287775893021656, 2.315919849073903, 4.852673463247132], [1.3532941440709645, 5.331913269591853, 3.6512891941554164], [2.011870339271778, 5.206906138228677, 8.306215533359092], [4.978992300641615, 3.8602901646213597, 7.881585958483851], [5.403233151644004, 8.27200652877564, 8.923912383366504], [6.5458044736176175, 7.803029400984463, 5.888768699910846], [1.3164242534970496, 9.944333910985305, 7.114531327266708], [3.9569506011996127, 11.741534618630983, 6.2287894343364565], [2.5865182978614207, 9.647288916197368, 4.06810580007095]], "name": "C8H18", "identifiers": {"molecule_hash": "adb6eb3cdcc813c4c98ef81284bb7344ec7d6683", "molecular_formula": "C8H18"}, "molecular_charge": 0.0, "molecular_multiplicity": 1, "connectivity": [[0, 1, 1.0], [0, 8, 1.0], [0, 9, 1.0], [0, 10, 1.0], [1, 2, 1.0], [1, 11, 1.0], [1, 12, 1.0], [2, 3, 1.0], [2, 13, 1.0], [2, 14, 1.0], [3, 4, 1.0], [3, 15, 1.0], [3, 16, 1.0], [4, 5, 1.0], [4, 17, 1.0], [4, 18, 1.0], [5, 6, 1.0], [5, 19, 1.0], [5, 20, 1.0], [6, 7, 1.0], [6, 21, 1.0], [6, 22, 1.0], [7, 23, 1.0], [7, 24, 1.0], [7, 25, 1.0]], "fix_com": true, "fix_orientation": true, "provenance": {"creator": "QCElemental", "version": "v0.22.0", "routine": "qcelemental.molparse.from_schema"}, "id": "81149"}, "charge": 0, "optimize_geometry": false, "conformers": [], "conformer_generation_options": {"n_conformer_pool": 4000, "n_max_conformers": 0, "rms_tolerance": 0.05, "energy_window": 15, "keep_original_conformer": true}, "stage_1_unrestrained_charges": null, "stage_1_restrained_charges": null, "stage_2_unrestrained_charges": null, "stage_2_restrained_charges": null, "keep_original_orientation": false, "reorientations": [], "translations": [], "rotations": []}}, {"index": 7, "molecule": {"qcmol": {"schema_name": "qcschema_molecule", "schema_version": 2, "validated": true, "symbols": ["C", "C", "C", "C", "C", "C", "C", "C", "H", "H", "H", "H", "H", "H", "H", "H", "H", "H", "H", "H", "H", "H", "H", "H", "H", "H"], "geometry": [[0.0, -0.0, 0.0], [2.893052785136257, 1.936831926478555e-16, 9.020797394382006e-16], [4.114085774200681, 2.6463112741558485, 1.9984014443252818e-15], [4.917337275365996, 3.6756176028616565, 2.591211183988637], [2.7722234992286747, 4.101452602123795, 4.485750314955576], [3.633889998312974, 5.170317922793727, 7.041925596283232], [4.823661902736623, 7.814580808098077, 7.0062585398260095], [3.0691365087056237, 9.90098548355138, 6.044978942127223], [-0.7773114515571523, 0.9572934799204906, 1.6359856378516273], [-0.7307322465949253, -1.9179171876931207, -0.006039880443350354], [-0.7245509043839053, 0.9455411428861806, -1.6721829178672087], [3.521162964385243, -1.0200759206001218, -1.667855760557116], [3.584101019606451, -1.0782916013525512, 1.6082743822128982], [2.8416359935530386, 3.9878392777246816, -0.9020387774528524], [5.796424819954364, 2.5942347691729135, -1.1770924093912554], [6.294529899479328, 2.389420285057545, 3.419550556497882], [5.910499816578734, 5.4453087634839, 2.2760278945514365], [1.8287775893021656, 2.315919849073903, 4.852673463247132], [1.3532941440709645, 5.331913269591853, 3.6512891941554164], [2.011870339271778, 5.206906138228677, 8.306215533359092], [4.978992300641615, 3.8602901646213597, 7.881585958483851], [5.403233151644004, 8.27200652877564, 8.923912383366504], [6.5458044736176175, 7.803029400984463, 5.888768699910846], [1.3164242534970496, 9.944333910985305, 7.114531327266708], [3.9569506011996127, 11.741534618630983, 6.2287894343364565], [2.5865182978614207, 9.647288916197368, 4.06810580007095]], "name": "C8H18", "identifiers": {"molecule_hash": "adb6eb3cdcc813c4c98ef81284bb7344ec7d6683", "molecular_formula": "C8H18"}, "molecular_charge": 0.0, "molecular_multiplicity": 1, "connectivity": [[0, 1, 1.0], [0, 8, 1.0], [0, 9, 1.0], [0, 10, 1.0], [1, 2, 1.0], [1, 11, 1.0], [1, 12, 1.0], [2, 3, 1.0], [2, 13, 1.0], [2, 14, 1.0], [3, 4, 1.0], [3, 15, 1.0], [3, 16, 1.0], [4, 5, 1.0], [4, 17, 1.0], [4, 18, 1.0], [5, 6, 1.0], [5, 19, 1.0], [5, 20, 1.0], [6, 7, 1.0], [6, 21, 1.0], [6, 22, 1.0], [7, 23, 1.0], [7, 24, 1.0], [7, 25, 1.0]], "fix_com": true, "fix_orientation": true, "provenance": {"creator": "QCElemental", "version": "v0.22.0", "routine": "qcelemental.molparse.from_schema"}, "id": "81149"}, "charge": 0, "optimize_geometry": false, "conformers": [], "conformer_generation_options": {"n_conformer_pool": 4000, "n_max_conformers": 0, "rms_tolerance": 0.05, "energy_window": 15, "keep_original_conformer": true}, "stage_1_unrestrained_charges": null, "stage_1_restrained_charges": null, "stage_2_unrestrained_charges": null, "stage_2_restrained_charges": null, "keep_original_orientation": false, "reorientations": [], "translations": [], "rotations": []}}]}, "surface_constraints": {"matrix": [[4776.951042840547, 4625.799709479467, 4458.203081690981, 4287.582143658544, 4165.000773219289, 4001.5762943475925, 3866.631933616076, 3710.0887166517764, 4815.628667146858, 4804.239562649782, 4800.415750636546, 4608.224102605989, 4614.004230969848, 4445.684966269867, 4440.731574857552, 4272.329195751547, 4237.384287646384, 4126.487186449436, 4215.4304559369975, 3995.401493445087, 3958.0061357013155, 3850.547975763743, 3870.8742244376986, 3663.0578493196745, 3742.509731196979, 3588.5007849086483], [4625.799709479467, 4718.207782117622, 4603.83423663207, 4447.175817130316, 4272.078450385645, 4104.72235005456, 3938.987946071383, 3775.407677575881, 4598.744793542402, 4591.05173045565, 4587.33860850594, 4772.674821066152, 4779.997492052018, 4601.029222223389, 4602.2465685294355, 4454.77472558643, 4427.105113938092, 4214.629097252711, 4302.241667673714, 4100.138273981572, 4081.491801384445, 3908.5329977442193, 3940.6321101409176, 3723.260860462336, 3805.6567789838396, 3655.9825153751003], [4458.203081690981, 4603.83423663207, 4714.583201304579, 4607.322789876236, 4446.50944285625, 4284.433697043174, 4095.2423280909697, 3915.203603671303, 4460.622174111199, 4362.4062392596215, 4418.354638656446, 4594.491366087785, 4597.262395669748, 4781.075140974833, 4780.825816368585, 4610.111047677053, 4614.891035001337, 4393.531023130135, 4475.271126169834, 4297.629843283566, 4266.660017741996, 4057.6085944845236, 4100.270342200347, 3847.876575249017, 3935.610993705956, 3809.32065506367], [4287.582143658544, 4447.175817130316, 4607.322789876236, 4719.410210877303, 4608.441069308909, 4447.852415817232, 4283.354398829602, 4119.035636631417, 4294.625608622453, 4214.225627206404, 4212.608325598095, 4387.570462444631, 4471.334183474426, 4606.066358702276, 4608.5442504163575, 4791.01111749396, 4790.138900632668, 4618.71549338254, 4607.550909919699, 4436.0244873583115, 4433.34830264183, 4256.240030098166, 4280.0010434461265, 4040.8218785326812, 4156.564039962652, 4017.136497523283], [4165.000773219289, 4272.078450385645, 4446.50944285625, 4608.441069308909, 4714.490668232385, 4603.646894174804, 4448.037287651389, 4294.230688797482, 4202.457734822706, 4085.796736340804, 4104.708023848571, 4198.286824324727, 4260.611019951262, 4471.856624721768, 4398.7142597934935, 4615.861733659373, 4611.231891816477, 4789.472729124615, 4780.870392998648, 4606.042000186839, 4601.6073765878455, 4444.033053062556, 4415.809073242591, 4241.949089702769, 4316.521373619213, 4188.444934829113], [4001.5762943475925, 4104.72235005456, 4284.433697043174, 4447.852415817232, 4603.646894174804, 4711.5369606071345, 4604.94428226263, 4452.720202839201, 4052.721120509734, 3921.8207748284945, 3931.0047260359597, 4050.0037530174914, 4070.3596169578254, 4299.246983703135, 4253.896782595944, 4432.085076332569, 4440.730784693499, 4612.636256461904, 4604.619206559918, 4780.614180206198, 4776.095154648416, 4602.287522380674, 4601.696445575044, 4418.731903067201, 4431.418707375789, 4370.250188939218], [3866.631933616076, 3938.987946071383, 4095.2423280909697, 4283.354398829602, 4448.037287651389, 4604.94428226263, 4721.822134191595, 4619.950719851359, 3930.4651643317898, 3796.4954964901026, 3800.2472171804884, 3870.336580066734, 3910.8693199200197, 4072.658692739049, 4064.2820088804906, 4262.240290058407, 4297.97633447408, 4441.671122184026, 4437.256946475457, 4606.98738814338, 4601.168237197758, 4785.283688181385, 4784.826010810955, 4586.748495086075, 4590.936479035507, 4575.408753994037], [3710.0887166517764, 3775.407677575881, 3915.203603671303, 4119.035636631417, 4294.230688797482, 4452.720202839201, 4619.950719851359, 4759.534442392951, 3755.0147617377925, 3660.020792049322, 3648.308840568005, 3725.01811575584, 3739.613879973045, 3886.6224351291116, 3866.973101351263, 4097.664359947964, 4141.162529389946, 4273.906038283377, 4306.400949712155, 4426.795510927994, 4442.6066710102705, 4608.18132920222, 4611.048548929103, 4789.007003957743, 4796.004711148909, 4775.433289225905], [4815.628667146858, 4598.744793542402, 4460.622174111199, 4294.625608622453, 4202.457734822706, 4052.721120509734, 3930.4651643317898, 3755.0147617377925, 5038.855997862779, 4779.7274210019195, 4774.758797365658, 4535.666832349522, 4556.811760324649, 4459.525874459051, 4446.43495384197, 4254.433365178448, 4248.657584907185, 4162.754224368695, 4266.191001482724, 4050.185814477515, 4003.2031290923924, 3924.0839571306037, 3950.901674486318, 3706.7107845441296, 3768.843470173241, 3639.830105275939], [4804.239562649782, 4591.05173045565, 4362.4062392596215, 4214.225627206404, 4085.796736340804, 3921.8207748284945, 3796.4954964901026, 3660.020792049322, 4779.7274210019195, 5014.215193428541, 4759.8887845957515, 4545.303483844663, 4612.091674724138, 4311.936434601365, 4322.465689474401, 4208.557620912972, 4177.319155350227, 4055.5672169116096, 4126.552978787318, 3913.8918723354386, 3873.1202745964542, 3784.0986274921975, 3786.610468808738, 3613.4822464143435, 3711.3710075118533, 3533.377766404754], [4800.415750636546, 4587.33860850594, 4418.354638656446, 4212.608325598095, 4104.708023848571, 3931.0047260359597, 3800.2472171804884, 3648.308840568005, 4774.758797365658, 4759.8887845957515, 5009.604148142486, 4585.056102854781, 4512.511481133838, 4425.933723128073, 4409.4184195910775, 4197.712447996035, 4123.765118859393, 4072.499981180565, 4167.8113785657815, 3920.881156476328, 3880.9537231529557, 3783.14966422591, 3805.348667233125, 3605.8676958033893, 3682.1699795498944, 3524.011368151457], [4608.224102605989, 4772.674821066152, 4594.491366087785, 4387.570462444631, 4198.286824324727, 4050.0037530174914, 3870.336580066734, 3725.01811575584, 4535.666832349522, 4545.303483844663, 4585.056102854781, 5004.677938405663, 4768.38884864306, 4590.977578373287, 4585.503913912105, 4374.564889214776, 4364.945788073434, 4119.679296960975, 4223.387717409553, 4052.1344820724594, 4047.713028773594, 3822.1739961320063, 3863.349051024204, 3685.9136165213245, 3758.267517231828, 3602.990701884355], [4614.004230969848, 4779.997492052018, 4597.262395669748, 4471.334183474426, 4260.611019951262, 4070.3596169578254, 3910.8693199200197, 3739.613879973045, 4556.811760324649, 4612.091674724138, 4512.511481133838, 4768.38884864306, 5024.787249722276, 4547.532384960458, 4559.817385633178, 4520.9161621600015, 4459.735242145158, 4204.510781812133, 4281.717721942761, 4048.0530685219046, 4040.7343124809545, 3891.4575104380847, 3914.206764895243, 3682.650002075515, 3772.6783891646496, 3616.0477065125274], [4445.684966269867, 4601.029222223389, 4781.075140974833, 4606.066358702276, 4471.856624721768, 4299.246983703135, 4072.658692739049, 3886.6224351291116, 4459.525874459051, 4311.936434601365, 4425.933723128073, 4590.977578373287, 4547.532384960458, 5025.001164451528, 4784.037329437452, 4545.79851614259, 4597.036407282129, 4411.866484571385, 4533.681145974576, 4334.172086019157, 4284.696973315032, 4015.781501132876, 4075.2018990955935, 3818.931029966348, 3890.978800368169, 3794.5552248355543], [4440.731574857552, 4602.2465685294355, 4780.825816368585, 4608.5442504163575, 4398.7142597934935, 4253.896782595944, 4064.2820088804906, 3866.973101351263, 4446.43495384197, 4322.465689474401, 4409.4184195910775, 4585.503913912105, 4559.817385633178, 4784.037329437452, 5021.301596397714, 4613.497754620217, 4604.169628696733, 4311.996453123954, 4411.888531948596, 4280.189591799081, 4236.93593686358, 4031.556830789481, 4079.192138054771, 3797.482059046356, 3882.551964008464, 3756.2690257389518], [4272.329195751547, 4454.77472558643, 4610.111047677053, 4791.01111749396, 4615.861733659373, 4432.085076332569, 4262.240290058407, 4097.664359947964, 4254.433365178448, 4208.557620912972, 4197.712447996035, 4374.564889214776, 4520.9161621600015, 4545.79851614259, 4613.497754620217, 5036.155314541174, 4799.366190866796, 4643.17184736194, 4564.0464700207685, 4386.668131585, 4438.81422977984, 4225.4550002380065, 4264.915543556381, 4006.816823722185, 4149.141757324608, 3994.2329074794293], [4237.384287646384, 4427.105113938092, 4614.891035001337, 4790.138900632668, 4611.231891816477, 4440.730784693499, 4297.97633447408, 4141.162529389946, 4248.657584907185, 4177.319155350227, 4123.765118859393, 4364.945788073434, 4459.735242145158, 4597.036407282129, 4604.169628696733, 4799.366190866796, 5032.703652827402, 4605.760545295501, 4578.704203311193, 4430.344070400163, 4399.064899847955, 4271.973072006632, 4303.983441946938, 4047.9366244935172, 4190.1491453869085, 4047.214906937506], [4126.487186449436, 4214.629097252711, 4393.531023130135, 4618.71549338254, 4789.472729124615, 4612.636256461904, 4441.671122184026, 4273.906038283377, 4162.754224368695, 4055.5672169116096, 4072.499981180565, 4119.679296960975, 4204.510781812133, 4411.866484571385, 4311.996453123954, 4643.17184736194, 4605.760545295501, 5033.817253342401, 4794.3748252554615, 4586.839558847196, 4596.129388993004, 4463.76163528072, 4383.197794174547, 4205.660671089402, 4313.107701590756, 4157.337674964695], [4215.4304559369975, 4302.241667673714, 4475.271126169834, 4607.550909919699, 4780.870392998648, 4604.619206559918, 4437.256946475457, 4306.400949712155, 4266.191001482724, 4126.552978787318, 4167.8113785657815, 4223.387717409553, 4281.717721942761, 4533.681145974576, 4411.888531948596, 4564.0464700207685, 4578.704203311193, 4794.3748252554615, 5019.520382719676, 4592.852461322696, 4573.041068309458, 4424.911811865614, 4386.413970245081, 4279.158618955097, 4332.47141164161, 4190.582905913771], [3995.401493445087, 4100.138273981572, 4297.629843283566, 4436.0244873583115, 4606.042000186839, 4780.614180206198, 4606.98738814338, 4426.795510927994, 4050.185814477515, 3913.8918723354386, 3920.881156476328, 4052.1344820724594, 4048.0530685219046, 4334.172086019157, 4280.189591799081, 4386.668131585, 4430.344070400163, 4586.839558847196, 4592.852461322696, 5021.833843836673, 4784.022833877447, 4583.6350457910885, 4593.2773090223145, 4400.609188783808, 4392.394927620954, 4330.040622147053], [3958.0061357013155, 4081.491801384445, 4266.660017741996, 4433.34830264183, 4601.6073765878455, 4776.095154648416, 4601.168237197758, 4442.6066710102705, 4003.2031290923924, 3873.1202745964542, 3880.9537231529557, 4047.713028773594, 4040.7343124809545, 4284.696973315032, 4236.93593686358, 4438.81422977984, 4399.064899847955, 4596.129388993004, 4573.041068309458, 4784.022833877447, 5013.529929104084, 4565.738459733224, 4579.793713943554, 4415.465671389164, 4401.583107118797, 4368.650909742914], [3850.547975763743, 3908.5329977442193, 4057.6085944845236, 4256.240030098166, 4444.033053062556, 4602.287522380674, 4785.283688181385, 4608.18132920222, 3924.0839571306037, 3784.0986274921975, 3783.14966422591, 3822.1739961320063, 3891.4575104380847, 4015.781501132876, 4031.556830789481, 4225.4550002380065, 4271.973072006632, 4463.76163528072, 4424.911811865614, 4583.6350457910885, 4565.738459733224, 5028.968540743626, 4784.2861497174235, 4525.840231584044, 4598.1127540181205, 4532.439491733475], [3870.8742244376986, 3940.6321101409176, 4100.270342200347, 4280.0010434461265, 4415.809073242591, 4601.696445575044, 4784.826010810955, 4611.048548929103, 3950.901674486318, 3786.610468808738, 3805.348667233125, 3863.349051024204, 3914.206764895243, 4075.2018990955935, 4079.192138054771, 4264.915543556381, 4303.983441946938, 4383.197794174547, 4386.413970245081, 4593.2773090223145, 4579.793713943554, 4784.2861497174235, 5025.468372732598, 4578.515502258788, 4506.284193258311, 4582.918084466941], [3663.0578493196745, 3723.260860462336, 3847.876575249017, 4040.8218785326812, 4241.949089702769, 4418.731903067201, 4586.748495086075, 4789.007003957743, 3706.7107845441296, 3613.4822464143435, 3605.8676958033893, 3685.9136165213245, 3682.650002075515, 3818.931029966348, 3797.482059046356, 4006.816823722185, 4047.9366244935172, 4205.660671089402, 4279.158618955097, 4400.609188783808, 4415.465671389164, 4525.840231584044, 4578.515502258788, 5007.354524912541, 4760.279609822764, 4735.325856295926], [3742.509731196979, 3805.6567789838396, 3935.610993705956, 4156.564039962652, 4316.521373619213, 4431.418707375789, 4590.936479035507, 4796.004711148909, 3768.843470173241, 3711.3710075118533, 3682.1699795498944, 3758.267517231828, 3772.6783891646496, 3890.978800368169, 3882.551964008464, 4149.141757324608, 4190.1491453869085, 4313.107701590756, 4332.47141164161, 4392.394927620954, 4401.583107118797, 4598.1127540181205, 4506.284193258311, 4760.279609822764, 5018.643034060015, 4747.5112052785635], [3588.5007849086483, 3655.9825153751003, 3809.32065506367, 4017.136497523283, 4188.444934829113, 4370.250188939218, 4575.408753994037, 4775.433289225905, 3639.830105275939, 3533.377766404754, 3524.011368151457, 3602.990701884355, 3616.0477065125274, 3794.5552248355543, 3756.2690257389518, 3994.2329074794293, 4047.214906937506, 4157.337674964695, 4190.5829