{"resp_b": 0.1, "restrained_fit": true, "exclude_hydrogens": true, "convergence_tolerance": 1e-06, "max_iter": 500, "resp_a": 0.0005, "charge_constraints": {"charge_sum_constraints": [], "charge_equivalence_constraints": [], "molecules": [{"qcmol": {"schema_name": "qcschema_molecule", "schema_version": 2, "validated": true, "symbols": ["C", "C", "C", "C", "C", "C", "C", "C", "H", "H", "H", "H", "H", "H", "H", "H", "H", "H", "H", "H", "H", "H", "H", "H", "H", "H"], "geometry": [[0.0, -0.0, 0.0], [2.893052785136257, 1.936831926478555e-16, 9.020797394382006e-16], [4.114085774200681, 2.6463112741558485, 1.9984014443252818e-15], [4.917337275365996, 3.6756176028616565, 2.591211183988637], [2.7722234992286747, 4.101452602123795, 4.485750314955576], [3.633889998312974, 5.170317922793727, 7.041925596283232], [4.823661902736623, 7.814580808098077, 7.0062585398260095], [3.0691365087056237, 9.90098548355138, 6.044978942127223], [-0.7773114515571523, 0.9572934799204906, 1.6359856378516273], [-0.7307322465949253, -1.9179171876931207, -0.006039880443350354], [-0.7245509043839053, 0.9455411428861806, -1.6721829178672087], [3.521162964385243, -1.0200759206001218, -1.667855760557116], [3.584101019606451, -1.0782916013525512, 1.6082743822128982], [2.8416359935530386, 3.9878392777246816, -0.9020387774528524], [5.796424819954364, 2.5942347691729135, -1.1770924093912554], [6.294529899479328, 2.389420285057545, 3.419550556497882], [5.910499816578734, 5.4453087634839, 2.2760278945514365], [1.8287775893021656, 2.315919849073903, 4.852673463247132], [1.3532941440709645, 5.331913269591853, 3.6512891941554164], [2.011870339271778, 5.206906138228677, 8.306215533359092], [4.978992300641615, 3.8602901646213597, 7.881585958483851], [5.403233151644004, 8.27200652877564, 8.923912383366504], [6.5458044736176175, 7.803029400984463, 5.888768699910846], [1.3164242534970496, 9.944333910985305, 7.114531327266708], [3.9569506011996127, 11.741534618630983, 6.2287894343364565], [2.5865182978614207, 9.647288916197368, 4.06810580007095]], "name": "C8H18", "identifiers": {"molecule_hash": "adb6eb3cdcc813c4c98ef81284bb7344ec7d6683", "molecular_formula": "C8H18"}, "molecular_charge": 0.0, "molecular_multiplicity": 1, "connectivity": [[0, 1, 1.0], [0, 8, 1.0], [0, 9, 1.0], [0, 10, 1.0], [1, 2, 1.0], [1, 11, 1.0], [1, 12, 1.0], [2, 3, 1.0], [2, 13, 1.0], [2, 14, 1.0], [3, 4, 1.0], [3, 15, 1.0], [3, 16, 1.0], [4, 5, 1.0], [4, 17, 1.0], [4, 18, 1.0], [5, 6, 1.0], [5, 19, 1.0], [5, 20, 1.0], [6, 7, 1.0], [6, 21, 1.0], [6, 22, 1.0], [7, 23, 1.0], [7, 24, 1.0], [7, 25, 1.0]], "fix_com": true, "fix_orientation": true, "provenance": {"creator": "QCElemental", "version": "v0.22.0", "routine": "qcelemental.molparse.from_schema"}, "id": "81149"}, "charge": 0, "optimize_geometry": false, "conformers": [], "conformer_generation_options": {"n_conformer_pool": 4000, "n_max_conformers": 0, "rms_tolerance": 0.05, "energy_window": 15, "keep_original_conformer": true}, "stage_1_unrestrained_charges": null, "stage_1_restrained_charges": null, "stage_2_unrestrained_charges": null, "stage_2_restrained_charges": null, "keep_original_orientation": false, "reorientations": [], "translations": [], "rotations": []}], "unconstrained_atoms": [{"index": 0, "molecule": {"qcmol": {"schema_name": "qcschema_molecule", "schema_version": 2, "validated": true, "symbols": ["C", "C", "C", "C", "C", "C", "C", "C", "H", "H", "H", "H", "H", "H", "H", "H", "H", "H", "H", "H", "H", "H", "H", "H", "H", "H"], "geometry": [[0.0, -0.0, 0.0], [2.893052785136257, 1.936831926478555e-16, 9.020797394382006e-16], [4.114085774200681, 2.6463112741558485, 1.9984014443252818e-15], [4.917337275365996, 3.6756176028616565, 2.591211183988637], [2.7722234992286747, 4.101452602123795, 4.485750314955576], [3.633889998312974, 5.170317922793727, 7.041925596283232], [4.823661902736623, 7.814580808098077, 7.0062585398260095], [3.0691365087056237, 9.90098548355138, 6.044978942127223], [-0.7773114515571523, 0.9572934799204906, 1.6359856378516273], [-0.7307322465949253, -1.9179171876931207, -0.006039880443350354], [-0.7245509043839053, 0.9455411428861806, -1.6721829178672087], [3.521162964385243, -1.0200759206001218, -1.667855760557116], [3.584101019606451, -1.0782916013525512, 1.6082743822128982], [2.8416359935530386, 3.9878392777246816, -0.9020387774528524], [5.796424819954364, 2.5942347691729135, -1.1770924093912554], [6.294529899479328, 2.389420285057545, 3.419550556497882], [5.910499816578734, 5.4453087634839, 2.2760278945514365], [1.8287775893021656, 2.315919849073903, 4.852673463247132], [1.3532941440709645, 5.331913269591853, 3.6512891941554164], [2.011870339271778, 5.206906138228677, 8.306215533359092], [4.978992300641615, 3.8602901646213597, 7.881585958483851], [5.403233151644004, 8.27200652877564, 8.923912383366504], [6.5458044736176175, 7.803029400984463, 5.888768699910846], [1.3164242534970496, 9.944333910985305, 7.114531327266708], [3.9569506011996127, 11.741534618630983, 6.2287894343364565], [2.5865182978614207, 9.647288916197368, 4.06810580007095]], "name": "C8H18", "identifiers": {"molecule_hash": "adb6eb3cdcc813c4c98ef81284bb7344ec7d6683", "molecular_formula": "C8H18"}, "molecular_charge": 0.0, "molecular_multiplicity": 1, "connectivity": [[0, 1, 1.0], [0, 8, 1.0], [0, 9, 1.0], [0, 10, 1.0], [1, 2, 1.0], [1, 11, 1.0], [1, 12, 1.0], [2, 3, 1.0], [2, 13, 1.0], [2, 14, 1.0], [3, 4, 1.0], [3, 15, 1.0], [3, 16, 1.0], [4, 5, 1.0], [4, 17, 1.0], [4, 18, 1.0], [5, 6, 1.0], [5, 19, 1.0], [5, 20, 1.0], [6, 7, 1.0], [6, 21, 1.0], [6, 22, 1.0], [7, 23, 1.0], [7, 24, 1.0], [7, 25, 1.0]], "fix_com": true, "fix_orientation": true, "provenance": {"creator": "QCElemental", "version": "v0.22.0", "routine": "qcelemental.molparse.from_schema"}, "id": "81149"}, "charge": 0, "optimize_geometry": false, "conformers": [], "conformer_generation_options": {"n_conformer_pool": 4000, "n_max_conformers": 0, "rms_tolerance": 0.05, "energy_window": 15, "keep_original_conformer": true}, "stage_1_unrestrained_charges": null, "stage_1_restrained_charges": null, "stage_2_unrestrained_charges": null, "stage_2_restrained_charges": null, "keep_original_orientation": false, "reorientations": [], "translations": [], "rotations": []}}, {"index": 1, "molecule": {"qcmol": {"schema_name": "qcschema_molecule", "schema_version": 2, "validated": true, "symbols": ["C", "C", "C", "C", "C", "C", "C", "C", "H", "H", "H", "H", "H", "H", "H", "H", "H", "H", "H", "H", "H", "H", "H", "H", "H", "H"], "geometry": [[0.0, -0.0, 0.0], [2.893052785136257, 1.936831926478555e-16, 9.020797394382006e-16], [4.114085774200681, 2.6463112741558485, 1.9984014443252818e-15], [4.917337275365996, 3.6756176028616565, 2.591211183988637], [2.7722234992286747, 4.101452602123795, 4.485750314955576], [3.633889998312974, 5.170317922793727, 7.041925596283232], [4.823661902736623, 7.814580808098077, 7.0062585398260095], [3.0691365087056237, 9.90098548355138, 6.044978942127223], [-0.7773114515571523, 0.9572934799204906, 1.6359856378516273], [-0.7307322465949253, -1.9179171876931207, -0.006039880443350354], [-0.7245509043839053, 0.9455411428861806, -1.6721829178672087], [3.521162964385243, -1.0200759206001218, -1.667855760557116], [3.584101019606451, -1.0782916013525512, 1.6082743822128982], [2.8416359935530386, 3.9878392777246816, -0.9020387774528524], [5.796424819954364, 2.5942347691729135, -1.1770924093912554], [6.294529899479328, 2.389420285057545, 3.419550556497882], [5.910499816578734, 5.4453087634839, 2.2760278945514365], [1.8287775893021656, 2.315919849073903, 4.852673463247132], [1.3532941440709645, 5.331913269591853, 3.6512891941554164], [2.011870339271778, 5.206906138228677, 8.306215533359092], [4.978992300641615, 3.8602901646213597, 7.881585958483851], [5.403233151644004, 8.27200652877564, 8.923912383366504], [6.5458044736176175, 7.803029400984463, 5.888768699910846], [1.3164242534970496, 9.944333910985305, 7.114531327266708], [3.9569506011996127, 11.741534618630983, 6.2287894343364565], [2.5865182978614207, 9.647288916197368, 4.06810580007095]], "name": "C8H18", "identifiers": {"molecule_hash": "adb6eb3cdcc813c4c98ef81284bb7344ec7d6683", "molecular_formula": "C8H18"}, "molecular_charge": 0.0, "molecular_multiplicity": 1, "connectivity": [[0, 1, 1.0], [0, 8, 1.0], [0, 9, 1.0], [0, 10, 1.0], [1, 2, 1.0], [1, 11, 1.0], [1, 12, 1.0], [2, 3, 1.0], [2, 13, 1.0], [2, 14, 1.0], [3, 4, 1.0], [3, 15, 1.0], [3, 16, 1.0], [4, 5, 1.0], [4, 17, 1.0], [4, 18, 1.0], [5, 6, 1.0], [5, 19, 1.0], [5, 20, 1.0], [6, 7, 1.0], [6, 21, 1.0], [6, 22, 1.0], [7, 23, 1.0], [7, 24, 1.0], [7, 25, 1.0]], "fix_com": true, "fix_orientation": true, "provenance": {"creator": "QCElemental", "version": "v0.22.0", "routine": "qcelemental.molparse.from_schema"}, "id": "81149"}, "charge": 0, "optimize_geometry": false, "conformers": [], "conformer_generation_options": {"n_conformer_pool": 4000, "n_max_conformers": 0, "rms_tolerance": 0.05, "energy_window": 15, "keep_original_conformer": true}, "stage_1_unrestrained_charges": null, "stage_1_restrained_charges": null, "stage_2_unrestrained_charges": null, "stage_2_restrained_charges": null, "keep_original_orientation": false, "reorientations": [], "translations": [], "rotations": []}}, {"index": 2, "molecule": {"qcmol": {"schema_name": "qcschema_molecule", "schema_version": 2, "validated": true, "symbols": ["C", "C", "C", "C", "C", "C", "C", "C", "H", "H", "H", "H", "H", "H", "H", "H", "H", "H", "H", "H", "H", "H", "H", "H", "H", "H"], "geometry": [[0.0, -0.0, 0.0], [2.893052785136257, 1.936831926478555e-16, 9.020797394382006e-16], [4.114085774200681, 2.6463112741558485, 1.9984014443252818e-15], [4.917337275365996, 3.6756176028616565, 2.591211183988637], [2.7722234992286747, 4.101452602123795, 4.485750314955576], [3.633889998312974, 5.170317922793727, 7.041925596283232], [4.823661902736623, 7.814580808098077, 7.0062585398260095], [3.0691365087056237, 9.90098548355138, 6.044978942127223], [-0.7773114515571523, 0.9572934799204906, 1.6359856378516273], [-0.7307322465949253, -1.9179171876931207, -0.006039880443350354], [-0.7245509043839053, 0.9455411428861806, -1.6721829178672087], [3.521162964385243, -1.0200759206001218, -1.667855760557116], [3.584101019606451, -1.0782916013525512, 1.6082743822128982], [2.8416359935530386, 3.9878392777246816, -0.9020387774528524], [5.796424819954364, 2.5942347691729135, -1.1770924093912554], [6.294529899479328, 2.389420285057545, 3.419550556497882], [5.910499816578734, 5.4453087634839, 2.2760278945514365], [1.8287775893021656, 2.315919849073903, 4.852673463247132], [1.3532941440709645, 5.331913269591853, 3.6512891941554164], [2.011870339271778, 5.206906138228677, 8.306215533359092], [4.978992300641615, 3.8602901646213597, 7.881585958483851], [5.403233151644004, 8.27200652877564, 8.923912383366504], [6.5458044736176175, 7.803029400984463, 5.888768699910846], [1.3164242534970496, 9.944333910985305, 7.114531327266708], [3.9569506011996127, 11.741534618630983, 6.2287894343364565], [2.5865182978614207, 9.647288916197368, 4.06810580007095]], "name": "C8H18", "identifiers": {"molecule_hash": "adb6eb3cdcc813c4c98ef81284bb7344ec7d6683", "molecular_formula": "C8H18"}, "molecular_charge": 0.0, "molecular_multiplicity": 1, "connectivity": [[0, 1, 1.0], [0, 8, 1.0], [0, 9, 1.0], [0, 10, 1.0], [1, 2, 1.0], [1, 11, 1.0], [1, 12, 1.0], [2, 3, 1.0], [2, 13, 1.0], [2, 14, 1.0], [3, 4, 1.0], [3, 15, 1.0], [3, 16, 1.0], [4, 5, 1.0], [4, 17, 1.0], [4, 18, 1.0], [5, 6, 1.0], [5, 19, 1.0], [5, 20, 1.0], [6, 7, 1.0], [6, 21, 1.0], [6, 22, 1.0], [7, 23, 1.0], [7, 24, 1.0], [7, 25, 1.0]], "fix_com": true, "fix_orientation": true, "provenance": {"creator": "QCElemental", "version": "v0.22.0", "routine": "qcelemental.molparse.from_schema"}, "id": "81149"}, "charge": 0, "optimize_geometry": false, "conformers": [], "conformer_generation_options": {"n_conformer_pool": 4000, "n_max_conformers": 0, "rms_tolerance": 0.05, "energy_window": 15, "keep_original_conformer": true}, "stage_1_unrestrained_charges": null, "stage_1_restrained_charges": null, "stage_2_unrestrained_charges": null, "stage_2_restrained_charges": null, "keep_original_orientation": false, "reorientations": [], "translations": [], "rotations": []}}, {"index": 3, "molecule": {"qcmol": {"schema_name": "qcschema_molecule", "schema_version": 2, "validated": true, "symbols": ["C", "C", "C", "C", "C", "C", "C", "C", "H", "H", "H", "H", "H", "H", "H", "H", "H", "H", "H", "H", "H", "H", "H", "H", "H", "H"], "geometry": [[0.0, -0.0, 0.0], [2.893052785136257, 1.936831926478555e-16, 9.020797394382006e-16], [4.114085774200681, 2.6463112741558485, 1.9984014443252818e-15], [4.917337275365996, 3.6756176028616565, 2.591211183988637], [2.7722234992286747, 4.101452602123795, 4.485750314955576], [3.633889998312974, 5.170317922793727, 7.041925596283232], [4.823661902736623, 7.814580808098077, 7.0062585398260095], [3.0691365087056237, 9.90098548355138, 6.044978942127223], [-0.7773114515571523, 0.9572934799204906, 1.6359856378516273], [-0.7307322465949253, -1.9179171876931207, -0.006039880443350354], [-0.7245509043839053, 0.9455411428861806, -1.6721829178672087], [3.521162964385243, -1.0200759206001218, -1.667855760557116], [3.584101019606451, -1.0782916013525512, 1.6082743822128982], [2.8416359935530386, 3.9878392777246816, -0.9020387774528524], [5.796424819954364, 2.5942347691729135, -1.1770924093912554], [6.294529899479328, 2.389420285057545, 3.419550556497882], [5.910499816578734, 5.4453087634839, 2.2760278945514365], [1.8287775893021656, 2.315919849073903, 4.852673463247132], [1.3532941440709645, 5.331913269591853, 3.6512891941554164], [2.011870339271778, 5.206906138228677, 8.306215533359092], [4.978992300641615, 3.8602901646213597, 7.881585958483851], [5.403233151644004, 8.27200652877564, 8.923912383366504], [6.5458044736176175, 7.803029400984463, 5.888768699910846], [1.3164242534970496, 9.944333910985305, 7.114531327266708], [3.9569506011996127, 11.741534618630983, 6.2287894343364565], [2.5865182978614207, 9.647288916197368, 4.06810580007095]], "name": "C8H18", "identifiers": {"molecule_hash": "adb6eb3cdcc813c4c98ef81284bb7344ec7d6683", "molecular_formula": "C8H18"}, "molecular_charge": 0.0, "molecular_multiplicity": 1, "connectivity": [[0, 1, 1.0], [0, 8, 1.0], [0, 9, 1.0], [0, 10, 1.0], [1, 2, 1.0], [1, 11, 1.0], [1, 12, 1.0], [2, 3, 1.0], [2, 13, 1.0], [2, 14, 1.0], [3, 4, 1.0], [3, 15, 1.0], [3, 16, 1.0], [4, 5, 1.0], [4, 17, 1.0], [4, 18, 1.0], [5, 6, 1.0], [5, 19, 1.0], [5, 20, 1.0], [6, 7, 1.0], [6, 21, 1.0], [6, 22, 1.0], [7, 23, 1.0], [7, 24, 1.0], [7, 25, 1.0]], "fix_com": true, "fix_orientation": true, "provenance": {"creator": "QCElemental", "version": "v0.22.0", "routine": "qcelemental.molparse.from_schema"}, "id": "81149"}, "charge": 0, "optimize_geometry": false, "conformers": [], "conformer_generation_options": {"n_conformer_pool": 4000, "n_max_conformers": 0, "rms_tolerance": 0.05, "energy_window": 15, "keep_original_conformer": true}, "stage_1_unrestrained_charges": null, "stage_1_restrained_charges": null, "stage_2_unrestrained_charges": null, "stage_2_restrained_charges": null, "keep_original_orientation": false, "reorientations": [], "translations": [], "rotations": []}}, {"index": 4, "molecule": {"qcmol": {"schema_name": "qcschema_molecule", "schema_version": 2, "validated": true, "symbols": ["C", "C", "C", "C", "C", "C", "C", "C", "H", "H", "H", "H", "H", "H", "H", "H", "H", "H", "H", "H", "H", "H", "H", "H", "H", "H"], "geometry": [[0.0, -0.0, 0.0], [2.893052785136257, 1.936831926478555e-16, 9.020797394382006e-16], [4.114085774200681, 2.6463112741558485, 1.9984014443252818e-15], [4.917337275365996, 3.6756176028616565, 2.591211183988637], [2.7722234992286747, 4.101452602123795, 4.485750314955576], [3.633889998312974, 5.170317922793727, 7.041925596283232], [4.823661902736623, 7.814580808098077, 7.0062585398260095], [3.0691365087056237, 9.90098548355138, 6.044978942127223], [-0.7773114515571523, 0.9572934799204906, 1.6359856378516273], [-0.7307322465949253, -1.9179171876931207, -0.006039880443350354], [-0.7245509043839053, 0.9455411428861806, -1.6721829178672087], [3.521162964385243, -1.0200759206001218, -1.667855760557116], [3.584101019606451, -1.0782916013525512, 1.6082743822128982], [2.8416359935530386, 3.9878392777246816, -0.9020387774528524], [5.796424819954364, 2.5942347691729135, -1.1770924093912554], [6.294529899479328, 2.389420285057545, 3.419550556497882], [5.910499816578734, 5.4453087634839, 2.2760278945514365], [1.8287775893021656, 2.315919849073903, 4.852673463247132], [1.3532941440709645, 5.331913269591853, 3.6512891941554164], [2.011870339271778, 5.206906138228677, 8.306215533359092], [4.978992300641615, 3.8602901646213597, 7.881585958483851], [5.403233151644004, 8.27200652877564, 8.923912383366504], [6.5458044736176175, 7.803029400984463, 5.888768699910846], [1.3164242534970496, 9.944333910985305, 7.114531327266708], [3.9569506011996127, 11.741534618630983, 6.2287894343364565], [2.5865182978614207, 9.647288916197368, 4.06810580007095]], "name": "C8H18", "identifiers": {"molecule_hash": "adb6eb3cdcc813c4c98ef81284bb7344ec7d6683", "molecular_formula": "C8H18"}, "molecular_charge": 0.0, "molecular_multiplicity": 1, "connectivity": [[0, 1, 1.0], [0, 8, 1.0], [0, 9, 1.0], [0, 10, 1.0], [1, 2, 1.0], [1, 11, 1.0], [1, 12, 1.0], [2, 3, 1.0], [2, 13, 1.0], [2, 14, 1.0], [3, 4, 1.0], [3, 15, 1.0], [3, 16, 1.0], [4, 5, 1.0], [4, 17, 1.0], [4, 18, 1.0], [5, 6, 1.0], [5, 19, 1.0], [5, 20, 1.0], [6, 7, 1.0], [6, 21, 1.0], [6, 22, 1.0], [7, 23, 1.0], [7, 24, 1.0], [7, 25, 1.0]], "fix_com": true, "fix_orientation": true, "provenance": {"creator": "QCElemental", "version": "v0.22.0", "routine": "qcelemental.molparse.from_schema"}, "id": "81149"}, "charge": 0, "optimize_geometry": false, "conformers": [], "conformer_generation_options": {"n_conformer_pool": 4000, "n_max_conformers": 0, "rms_tolerance": 0.05, "energy_window": 15, "keep_original_conformer": true}, "stage_1_unrestrained_charges": null, "stage_1_restrained_charges": null, "stage_2_unrestrained_charges": null, "stage_2_restrained_charges": null, "keep_original_orientation": false, "reorientations": [], "translations": [], "rotations": []}}, {"index": 5, "molecule": {"qcmol": {"schema_name": "qcschema_molecule", "schema_version": 2, "validated": true, "symbols": ["C", "C", "C", "C", "C", "C", "C", "C", "H", "H", "H", "H", "H", "H", "H", "H", "H", "H", "H", "H", "H", "H", "H", "H", "H", "H"], "geometry": [[0.0, -0.0, 0.0], [2.893052785136257, 1.936831926478555e-16, 9.020797394382006e-16], [4.114085774200681, 2.6463112741558485, 1.9984014443252818e-15], [4.917337275365996, 3.6756176028616565, 2.591211183988637], [2.7722234992286747, 4.101452602123795, 4.485750314955576], [3.633889998312974, 5.170317922793727, 7.041925596283232], [4.823661902736623, 7.814580808098077, 7.0062585398260095], [3.0691365087056237, 9.90098548355138, 6.044978942127223], [-0.7773114515571523, 0.9572934799204906, 1.6359856378516273], [-0.7307322465949253, -1.9179171876931207, -0.006039880443350354], [-0.7245509043839053, 0.9455411428861806, -1.6721829178672087], [3.521162964385243, -1.0200759206001218, -1.667855760557116], [3.584101019606451, -1.0782916013525512, 1.6082743822128982], [2.8416359935530386, 3.9878392777246816, -0.9020387774528524], [5.796424819954364, 2.5942347691729135, -1.1770924093912554], [6.294529899479328, 2.389420285057545, 3.419550556497882], [5.910499816578734, 5.4453087634839, 2.2760278945514365], [1.8287775893021656, 2.315919849073903, 4.852673463247132], [1.3532941440709645, 5.331913269591853, 3.6512891941554164], [2.011870339271778, 5.206906138228677, 8.306215533359092], [4.978992300641615, 3.8602901646213597, 7.881585958483851], [5.403233151644004, 8.27200652877564, 8.923912383366504], [6.5458044736176175, 7.803029400984463, 5.888768699910846], [1.3164242534970496, 9.944333910985305, 7.114531327266708], [3.9569506011996127, 11.741534618630983, 6.2287894343364565], [2.5865182978614207, 9.647288916197368, 4.06810580007095]], "name": "C8H18", "identifiers": {"molecule_hash": "adb6eb3cdcc813c4c98ef81284bb7344ec7d6683", "molecular_formula": "C8H18"}, "molecular_charge": 0.0, "molecular_multiplicity": 1, "connectivity": [[0, 1, 1.0], [0, 8, 1.0], [0, 9, 1.0], [0, 10, 1.0], [1, 2, 1.0], [1, 11, 1.0], [1, 12, 1.0], [2, 3, 1.0], [2, 13, 1.0], [2, 14, 1.0], [3, 4, 1.0], [3, 15, 1.0], [3, 16, 1.0], [4, 5, 1.0], [4, 17, 1.0], [4, 18, 1.0], [5, 6, 1.0], [5, 19, 1.0], [5, 20, 1.0], [6, 7, 1.0], [6, 21, 1.0], [6, 22, 1.0], [7, 23, 1.0], [7, 24, 1.0], [7, 25, 1.0]], "fix_com": true, "fix_orientation": true, "provenance": {"creator": "QCElemental", "version": "v0.22.0", "routine": "qcelemental.molparse.from_schema"}, "id": "81149"}, "charge": 0, "optimize_geometry": false, "conformers": [], "conformer_generation_options": {"n_conformer_pool": 4000, "n_max_conformers": 0, "rms_tolerance": 0.05, "energy_window": 15, "keep_original_conformer": true}, "stage_1_unrestrained_charges": null, "stage_1_restrained_charges": null, "stage_2_unrestrained_charges": null, "stage_2_restrained_charges": null, "keep_original_orientation": false, "reorientations": [], "translations": [], "rotations": []}}, {"index": 6, "molecule": {"qcmol": {"schema_name": "qcschema_molecule", "schema_version": 2, "validated": true, "symbols": ["C", "C", "C", "C", "C", "C", "C", "C", "H", "H", "H", "H", "H", "H", "H", "H", "H", "H", "H", "H", "H", "H", "H", "H", "H", "H"], "geometry": [[0.0, -0.0, 0.0], [2.893052785136257, 1.936831926478555e-16, 9.020797394382006e-16], [4.114085774200681, 2.6463112741558485, 1.9984014443252818e-15], [4.917337275365996, 3.6756176028616565, 2.591211183988637], [2.7722234992286747, 4.101452602123795, 4.485750314955576], [3.633889998312974, 5.170317922793727, 7.041925596283232], [4.823661902736623, 7.814580808098077, 7.0062585398260095], [3.0691365087056237, 9.90098548355138, 6.044978942127223], [-0.7773114515571523, 0.9572934799204906, 1.6359856378516273], [-0.7307322465949253, -1.9179171876931207, -0.006039880443350354], [-0.7245509043839053, 0.9455411428861806, -1.6721829178672087], [3.521162964385243, -1.0200759206001218, -1.667855760557116], [3.584101019606451, -1.0782916013525512, 1.6082743822128982], [2.8416359935530386, 3.9878392777246816, -0.9020387774528524], [5.796424819954364, 2.5942347691729135, -1.1770924093912554], [6.294529899479328, 2.389420285057545, 3.419550556497882], [5.910499816578734, 5.4453087634839, 2.2760278945514365], [1.8287775893021656, 2.315919849073903, 4.852673463247132], [1.3532941440709645, 5.331913269591853, 3.6512891941554164], [2.011870339271778, 5.206906138228677, 8.306215533359092], [4.978992300641615, 3.8602901646213597, 7.881585958483851], [5.403233151644004, 8.27200652877564, 8.923912383366504], [6.5458044736176175, 7.803029400984463, 5.888768699910846], [1.3164242534970496, 9.944333910985305, 7.114531327266708], [3.9569506011996127, 11.741534618630983, 6.2287894343364565], [2.5865182978614207, 9.647288916197368, 4.06810580007095]], "name": "C8H18", "identifiers": {"molecule_hash": "adb6eb3cdcc813c4c98ef81284bb7344ec7d6683", "molecular_formula": "C8H18"}, "molecular_charge": 0.0, "molecular_multiplicity": 1, "connectivity": [[0, 1, 1.0], [0, 8, 1.0], [0, 9, 1.0], [0, 10, 1.0], [1, 2, 1.0], [1, 11, 1.0], [1, 12, 1.0], [2, 3, 1.0], [2, 13, 1.0], [2, 14, 1.0], [3, 4, 1.0], [3, 15, 1.0], [3, 16, 1.0], [4, 5, 1.0], [4, 17, 1.0], [4, 18, 1.0], [5, 6, 1.0], [5, 19, 1.0], [5, 20, 1.0], [6, 7, 1.0], [6, 21, 1.0], [6, 22, 1.0], [7, 23, 1.0], [7, 24, 1.0], [7, 25, 1.0]], "fix_com": true, "fix_orientation": true, "provenance": {"creator": "QCElemental", "version": "v0.22.0", "routine": "qcelemental.molparse.from_schema"}, "id": "81149"}, "charge": 0, "optimize_geometry": false, "conformers": [], "conformer_generation_options": {"n_conformer_pool": 4000, "n_max_conformers": 0, "rms_tolerance": 0.05, "energy_window": 15, "keep_original_conformer": true}, "stage_1_unrestrained_charges": null, "stage_1_restrained_charges": null, "stage_2_unrestrained_charges": null, "stage_2_restrained_charges": null, "keep_original_orientation": false, "reorientations": [], "translations": [], "rotations": []}}, {"index": 7, "molecule": {"qcmol": {"schema_name": "qcschema_molecule", "schema_version": 2, "validated": true, "symbols": ["C", "C", "C", "C", "C", "C", "C", "C", "H", "H", "H", "H", "H", "H", "H", "H", "H", "H", "H", "H", "H", "H", "H", "H", "H", "H"], "geometry": [[0.0, -0.0, 0.0], [2.893052785136257, 1.936831926478555e-16, 9.020797394382006e-16], [4.114085774200681, 2.6463112741558485, 1.9984014443252818e-15], [4.917337275365996, 3.6756176028616565, 2.591211183988637], [2.7722234992286747, 4.101452602123795, 4.485750314955576], [3.633889998312974, 5.170317922793727, 7.041925596283232], [4.823661902736623, 7.814580808098077, 7.0062585398260095], [3.0691365087056237, 9.90098548355138, 6.044978942127223], [-0.7773114515571523, 0.9572934799204906, 1.6359856378516273], [-0.7307322465949253, -1.9179171876931207, -0.006039880443350354], [-0.7245509043839053, 0.9455411428861806, -1.6721829178672087], [3.521162964385243, -1.0200759206001218, -1.667855760557116], [3.584101019606451, -1.0782916013525512, 1.6082743822128982], [2.8416359935530386, 3.9878392777246816, -0.9020387774528524], [5.796424819954364, 2.5942347691729135, -1.1770924093912554], [6.294529899479328, 2.389420285057545, 3.419550556497882], [5.910499816578734, 5.4453087634839, 2.2760278945514365], [1.8287775893021656, 2.315919849073903, 4.852673463247132], [1.3532941440709645, 5.331913269591853, 3.6512891941554164], [2.011870339271778, 5.206906138228677, 8.306215533359092], [4.978992300641615, 3.8602901646213597, 7.881585958483851], [5.403233151644004, 8.27200652877564, 8.923912383366504], [6.5458044736176175, 7.803029400984463, 5.888768699910846], [1.3164242534970496, 9.944333910985305, 7.114531327266708], [3.9569506011996127, 11.741534618630983, 6.2287894343364565], [2.5865182978614207, 9.647288916197368, 4.06810580007095]], "name": "C8H18", "identifiers": {"molecule_hash": "adb6eb3cdcc813c4c98ef81284bb7344ec7d6683", "molecular_formula": "C8H18"}, "molecular_charge": 0.0, "molecular_multiplicity": 1, "connectivity": [[0, 1, 1.0], [0, 8, 1.0], [0, 9, 1.0], [0, 10, 1.0], [1, 2, 1.0], [1, 11, 1.0], [1, 12, 1.0], [2, 3, 1.0], [2, 13, 1.0], [2, 14, 1.0], [3, 4, 1.0], [3, 15, 1.0], [3, 16, 1.0], [4, 5, 1.0], [4, 17, 1.0], [4, 18, 1.0], [5, 6, 1.0], [5, 19, 1.0], [5, 20, 1.0], [6, 7, 1.0], [6, 21, 1.0], [6, 22, 1.0], [7, 23, 1.0], [7, 24, 1.0], [7, 25, 1.0]], "fix_com": true, "fix_orientation": true, "provenance": {"creator": "QCElemental", "version": "v0.22.0", "routine": "qcelemental.molparse.from_schema"}, "id": "81149"}, "charge": 0, "optimize_geometry": false, "conformers": [], "conformer_generation_options": {"n_conformer_pool": 4000, "n_max_conformers": 0, "rms_tolerance": 0.05, "energy_window": 15, "keep_original_conformer": true}, "stage_1_unrestrained_charges": null, "stage_1_restrained_charges": null, "stage_2_unrestrained_charges": null, "stage_2_restrained_charges": null, "keep_original_orientation": false, "reorientations": [], "translations": [], "rotations": []}}]}, "surface_constraints": {"matrix": [[1964.3012870492132, 1899.9311598220384, 1828.625584826671, 1755.5366866278423, 1689.1931006548762, 1619.5479898660064, 1559.38022573024, 1496.0457618192156, 1978.4885820569698, 1968.1280287062193, 1972.8077375451337, 1888.094112997847, 1891.174703340531, 1821.384803800769, 1820.2725022562379, 1755.645118575702, 1737.824464850483, 1674.0568253199515, 1697.4413547776455, 1610.1552541868311, 1610.1171336839236, 1541.8422731409598, 1567.2698823034111, 1472.401359973425, 1503.1037445030559, 1452.576387180043], [1899.9311598220384, 1942.4758234726855, 1893.590995232172, 1822.0527826808104, 1740.2822526672298, 1668.1236130475877, 1599.2635683194628, 1531.5416202219321, 1885.4120912445144, 1877.0873459014426, 1881.6297416728346, 1962.351833162236, 1965.9248000456328, 1890.8319489605199, 1893.7031679613792, 1822.1562935561421, 1817.2298671584144, 1715.2187094266937, 1747.0676293421293, 1661.4257703911248, 1660.6749355112483, 1581.44096599965, 1603.84266522115, 1507.1734190828772, 1539.48953309248, 1484.5241688945582], [1828.625584826671, 1893.590995232172, 1943.0150729080592, 1891.9904151019762, 1821.0462719870113, 1756.8583233733068, 1678.0461178083983, 1604.9903201846262, 1828.3473761341402, 1780.5789664353385, 1809.9487706703171, 1885.7488200661248, 1887.623702609438, 1970.7204733864446, 1972.5353405594178, 1891.5246412887625, 1891.6960500870246, 1794.5680561183824, 1828.0103789566883, 1763.8747079749353, 1749.338651748731, 1659.1552960788456, 1679.5553114095812, 1572.2262021042275, 1612.8345149487645, 1562.0530235787776], [1755.5366866278423, 1822.0527826808104, 1891.9904151019762, 1937.1466864673716, 1887.8204957562816, 1818.876836784324, 1748.7717889232972, 1681.5561887450895, 1759.0311519887025, 1717.2103597167481, 1724.6048379627462, 1792.1280796623857, 1828.5623152261712, 1890.232934163458, 1892.6160450689451, 1966.3805294283377, 1964.6470903221257, 1889.9901608490786, 1884.426099043266, 1813.2326606733834, 1811.634257049737, 1735.026255399816, 1745.2067442010807, 1645.2646651976281, 1696.029620354099, 1638.9801206926818], [1689.1931006548762, 1740.2822526672298, 1821.0462719870113, 1887.8204957562816, 1932.6471467070414, 1885.1967326791555, 1815.78935040642, 1749.5555256561108, 1706.9706921858033, 1648.3436527069266, 1659.2433389233754, 1703.0718892416598, 1736.425007271312, 1837.1914952511909, 1800.1969418630783, 1889.77010813294, 1886.080371736172, 1962.943361289633, 1957.7710395998834, 1887.0062044971964, 1882.7541319532907, 1812.3096214617733, 1798.912760579749, 1723.7118381822556, 1756.3854680546717, 1703.6121251070576], [1619.5479898660064, 1668.1236130475877, 1756.8583233733068, 1818.876836784324, 1885.1967326791555, 1933.230096827867, 1885.0733972167266, 1817.1208036496482, 1650.2372652335846, 1574.6525360894234, 1583.1423853416209, 1632.3891529500568, 1656.557422431605, 1768.7562458202199, 1752.9837099174545, 1808.6862884928557, 1811.8498399848552, 1886.7202059381982, 1882.1811558631466, 1963.6122608285702, 1959.6889982730484, 1882.1106798239573, 1880.7228192850876, 1797.4481834413984, 1804.4751892260088, 1780.2623619256315], [1559.38022573024, 1599.2635683194628, 1678.0461178083983, 1748.7717889232972, 1815.78935040642, 1885.0733972167266, 1936.4609729707543, 1890.3345568661794, 1594.329293809285, 1519.1111047122388, 1522.4372173240351, 1561.1124759465156, 1591.2889085651793, 1677.1031206413325, 1672.7922692226423, 1737.5891412236736, 1751.7496288720354, 1810.5856271654602, 1806.5913447255252, 1885.2207533817136, 1881.9461390872705, 1962.1839562164203, 1961.3600838743678, 1870.3107796557813, 1873.1637761017128, 1869.0897488871547], [1496.0457618192156, 1531.5416202219321, 1604.9903201846262, 1681.5561887450895, 1749.5555256561108, 1817.1208036496482, 1890.3345568661794, 1949.7193441044278, 1525.613071951076, 1463.6432026604803, 1460.729230767196, 1497.6146458327835, 1521.8674797600495, 1599.2475267597247, 1596.46495546741, 1670.339199882564, 1689.7486687845458, 1738.3510120921026, 1749.7569580910704, 1804.4195967863368, 1810.8965678841842, 1883.040580202984, 1884.3815267812083, 1956.7059724425844, 1960.873405427431, 1954.5306597976053], [1978.4885820569698, 1885.4120912445144, 1828.3473761341402, 1759.0311519887025, 1706.9706921858033, 1650.2372652335846, 1594.329293809285, 1525.613071951076, 2074.103229374464, 1955.099864130497, 1958.486788211261, 1853.447099080634, 1863.4642511475558, 1824.91523417861, 1822.454211526916, 1753.1193099252991, 1738.8123742387763, 1691.1040811462076, 1716.2632450459464, 1646.3312869491099, 1640.9435089916199, 1579.7771072311937, 1607.0348267894326, 1498.7500157908103, 1526.740344033063, 1486.76316471773], [1968.1280287062193, 1877.0873459014426, 1780.5789664353385, 1717.2103597167481, 1648.3436527069266, 1574.6525360894234, 1519.1111047122388, 1463.6432026604803, 1955.099864130497, 2052.193743178878, 1945.8767218139283, 1852.085793850999, 1883.4036447640665, 1757.7384959798692, 1763.0603187260233, 1719.4806180337039, 1707.7082418529878, 1637.4732343669898, 1655.6412770812678, 1561.6847239056935, 1562.4692019739402, 1502.838056902394, 1522.6642262203898, 1441.9622408154594, 1476.6273048230937, 1418.400106953385], [1972.8077375451337, 1881.6297416728346, 1809.9487706703171, 1724.6048379627462, 1659.2433389233754, 1583.1423853416209, 1522.4372173240351, 1460.729230767196, 1958.486788211261, 1945.8767218139283, 2064.2040451509497, 1877.0660485912895, 1844.5393859508226, 1812.055800074225, 1802.8558343702607, 1729.432859906695, 1692.2491114179186, 1647.972048752259, 1669.1440526624792, 1569.9017530254612, 1573.7139360064098, 1501.4161222401856, 1532.7174622288262, 1438.6681100690541, 1467.468000169978, 1417.6566311400566], [1888.094112997847, 1962.351833162236, 1885.7488200661248, 1792.1280796623857, 1703.0718892416598, 1632.3891529500568, 1561.1124759465156, 1497.6146458327835, 1853.447099080634, 1852.085793850999, 1877.0660485912895, 2059.5277095087627, 1956.9159035788232, 1883.810793372629, 1881.889729342362, 1776.6089435240576, 1794.0420758788314, 1671.2446679996697, 1710.5232438897572, 1624.5090678127615, 1630.2664704540448, 1538.7220370274176, 1564.6720870173087, 1481.393941379791, 1504.1429217729751, 1447.676135702934], [1891.174703340531, 1965.9248000456328, 1887.623702609438, 1828.5623152261712, 1736.425007271312, 1656.557422431605, 1591.2889085651793, 1521.8674797600495, 1863.4642511475558, 1883.4036447640665, 1844.5393859508226, 1956.9159035788232, 2069.820977933616, 1863.53425337503, 1873.878234270502, 1844.5449480898696, 1825.1380880212814, 1711.1449045020925, 1742.2967016176292, 1642.8610233177646, 1646.3904213203975, 1578.6869565924246, 1595.5713757914925, 1495.9334165279108, 1531.9601347375399, 1472.6938388622243], [1821.384803800769, 1890.8319489605199, 1970.7204733864446, 1890.232934163458, 1837.1914952511909, 1768.7562458202199, 1677.1031206413325, 1599.2475267597247, 1824.91523417861, 1757.7384959798692, 1812.055800074225, 1883.810793372629, 1863.53425337503, 2075.9707725567687, 1973.1846567517966, 1856.1229838479846, 1882.6111721475693, 1806.0492538568112, 1864.0543268755432, 1787.795167721791, 1757.0319870473227, 1654.3138275436825, 1676.7920027470443, 1566.7260418729184, 1601.0728215890535, 1559.6751396016823], [1820.2725022562379, 1893.7031679613792, 1972.5353405594178, 1892.6160450689451, 1800.1969418630783, 1752.9837099174545, 1672.7922692226423, 1596.46495546741, 1822.454211526916, 1763.0603187260233, 1802.8558343702607, 1881.889729342362, 1873.878234270502, 1973.1846567517966, 2077.404903210017, 1900.4905099019288, 1879.9360536042948, 1757.3773472310484, 1794.2810596714723, 1769.8790326609674, 1750.1330598313593, 1653.1865511414214, 1676.8943487756032, 1560.4623864520795, 1605.0918605119653, 1553.3175038060383], [1755.645118575702, 1822.1562935561421, 1891.5246412887625, 1966.3805294283377, 1889.77010813294, 1808.6862884928557, 1737.5891412236736, 1670.339199882564, 1753.1193099252991, 1719.4806180337039, 1729.432859906695, 1776.6089435240576, 1844.5449480898696, 1856.1229838479846, 1900.4905099019288, 2070.394030537169, 1966.7193644526649, 1900.8998073515418, 1864.5492024100438, 1784.5933899693503, 1812.1393507586827, 1719.7515522599979, 1737.7124380805158, 1628.8383661012228, 1690.6489572778257, 1627.5162060192113], [1737.824464850483, 1817.2298671584144, 1891.6960500870246, 1964.6470903221257, 1886.080371736172, 1811.8498399848552, 1751.7496288720354, 1689.7486687845458, 1738.8123742387763, 1707.7082418529878, 1692.2491114179186, 1794.0420758788314, 1825.1380880212814, 1882.6111721475693, 1879.9360536042948, 1966.7193644526649, 2066.964614662251, 1880.628413345887, 1871.0593273615757, 1808.3536200565036, 1790.7464319012972, 1739.122871030191, 1750.8895160055847, 1648.3051837742419, 1709.757081322884, 1650.2337208237752], [1674.0568253199515, 1715.2187094266937, 1794.5680561183824, 1889.9901608490786, 1962.943361289633, 1886.7202059381982, 1810.5856271654602, 1738.3510120921026, 1691.1040811462076, 1637.4732343669898, 1647.972048752259, 1671.2446679996697, 1711.1449045020925, 1806.0492538568112, 1757.3773472310484, 1900.8998073515418, 1880.628413345887, 2066.8427532226024, 1960.9550000822433, 1875.2773424603395, 1878.367820713842, 1818.1975530562233, 1782.7768346061155, 1707.1577056840915, 1751.438153455508, 1687.4384354845686], [1697.4413547776455, 1747.0676293421293, 1828.0103789566883, 1884.426099043266, 1957.7710395998834, 1882.1811558631466, 1806.5913447255252, 1749.7569580910704, 1716.2632450459464, 1655.6412770812678, 1669.1440526624792, 1710.5232438897572, 1742.2967016176292, 1864.0543268755432, 1794.2810596714723, 1864.5492024100438, 1871.0593273615757, 1960.9550000822433, 2057.8270868862387, 1879.6415580855662, 1866.052159031796, 1800.0989219518578, 1781.0327824429032, 1734.2977334470136, 1759.0690830703973, 1699.1482737662056], [1610.1552541868311, 1661.4257703911248, 1763.8747079749353, 1813.2326606733834, 1887.0062044971964, 1963.6122608285702, 1885.2207533817136, 1804.4195967863368, 1646.3312869491099, 1561.6847239056935, 1569.9017530254612, 1624.5090678127615, 1642.8610233177646, 1787.795167721791, 1769.8790326609674, 1784.5933899693503, 1808.3536200565036, 1875.2773424603395, 1879.6415580855662, 2069.5963281788336, 1963.1286108148165, 1872.7391362506244, 1876.3844291447974, 1787.847511888699, 1786.6080554182333, 1760.9212777453793], [1610.1171336839236, 1660.6749355112483, 1749.338651748731, 1811.634257049737, 1882.7541319532907, 1959.6889982730484, 1881.9461390872705, 1810.8965678841842, 1640.9435089916199, 1562.4692019739402, 1573.7139360064098, 1630.2664704540448, 1646.3904213203975, 1757.0319870473227, 1750.1330598313593, 1812.1393507586827, 1790.7464319012972, 1878.367820713842, 1866.052159031796, 1963.1286108148165, 2061.556712557541, 1864.7181609950537, 1870.0341844761172, 1793.7378401059668, 1789.9634286535427, 1778.1268328447095], [1541.8422731409598, 1581.44096599965, 1659.1552960788456, 1735.026255399816, 1812.3096214617733, 1882.1106798239573, 1962.1839562164203, 1883.040580202984, 1579.7771072311937, 1502.838056902394, 1501.4161222401856, 1538.7220370274176, 1578.6869565924246, 1654.3138275436825, 1653.1865511414214, 1719.7515522599979, 1739.122871030191, 1818.1975530562233, 1800.0989219518578, 1872.7391362506244, 1864.7181609950537, 2065.669501582622, 1959.8486133300019, 1841.791313842072, 1873.6484503225215, 1847.9868444552988], [1567.2698823034111, 1603.84266522115, 1679.5553114095812, 1745.2067442010807, 1798.912760579749, 1880.7228192850876, 1961.3600838743678, 1884.3815267812083, 1607.0348267894326, 1522.6642262203898, 1532.7174622288262, 1564.6720870173087, 1595.5713757914925, 1676.7920027470443, 1676.8943487756032, 1737.7124380805158, 1750.8895160055847, 1782.7768346061155, 1781.0327824429032, 1876.3844291447974, 1870.0341844761172, 1959.8486133300019, 2063.319123895333, 1864.398736601406, 1834.7276135595507, 1870.1864690380423], [1472.401359973425, 1507.1734190828772, 1572.2262021042275, 1645.2646651976281, 1723.7118381822556, 1797.4481834413984, 1870.3107796557813, 1956.7059724425844, 1498.7500157908103, 1441.9622408154594, 1438.6681100690541, 1481.393941379791, 1495.9334165279108, 1566.7260418729184, 1560.4623864520795, 1628.8383661012228, 1648.3051837742419, 1707.1577056840915, 1734.2977334470136, 1787.847511888699, 1793.7378401059668, 1841.791313842072, 1864.398736601406, 2046.0587480516856, 1939.9252055414809, 1930.9210812709778], [1503.1037445030559, 1539.48953309248, 1612.8345149487645, 1696.029620354099, 1756.3854680546717, 1804.4751892260088, 1873.1637761017128, 1960.873405427431, 1526.740344033063, 1476.6273048230937, 1467.468000169978, 1504.1429217729751, 1531.9601347375399, 1601.0728215890535, 1605.0918605119653, 1690.6489572778257, 1709.757081322884, 1751.438153455508, 1759.0690830703973, 1786.6080554182333, 1789.9634286535427, 1873.6484503225215, 1834.7276135595507, 1939.92520