{"resp_b": 0.1, "restrained_fit": true, "exclude_hydrogens": true, "convergence_tolerance": 1e-06, "max_iter": 500, "resp_a": 0.0005, "charge_constraints": {"charge_sum_constraints": [], "charge_equivalence_constraints": [], "molecules": [{"qcmol": {"schema_name": "qcschema_molecule", "schema_version": 2, "validated": true, "symbols": ["C", "C", "C", "C", "C", "C", "C", "C", "H", "H", "H", "H", "H", "H", "H", "H", "H", "H", "H", "H", "H", "H", "H", "H", "H", "H"], "geometry": [[0.0, -0.0, 0.0], [2.893052785136257, 1.936831926478555e-16, 9.020797394382006e-16], [4.114085774200681, 2.6463112741558485, 1.9984014443252818e-15], [4.917337275365996, 3.6756176028616565, 2.591211183988637], [2.7722234992286747, 4.101452602123795, 4.485750314955576], [3.633889998312974, 5.170317922793727, 7.041925596283232], [4.823661902736623, 7.814580808098077, 7.0062585398260095], [3.0691365087056237, 9.90098548355138, 6.044978942127223], [-0.7773114515571523, 0.9572934799204906, 1.6359856378516273], [-0.7307322465949253, -1.9179171876931207, -0.006039880443350354], [-0.7245509043839053, 0.9455411428861806, -1.6721829178672087], [3.521162964385243, -1.0200759206001218, -1.667855760557116], [3.584101019606451, -1.0782916013525512, 1.6082743822128982], [2.8416359935530386, 3.9878392777246816, -0.9020387774528524], [5.796424819954364, 2.5942347691729135, -1.1770924093912554], [6.294529899479328, 2.389420285057545, 3.419550556497882], [5.910499816578734, 5.4453087634839, 2.2760278945514365], [1.8287775893021656, 2.315919849073903, 4.852673463247132], [1.3532941440709645, 5.331913269591853, 3.6512891941554164], [2.011870339271778, 5.206906138228677, 8.306215533359092], [4.978992300641615, 3.8602901646213597, 7.881585958483851], [5.403233151644004, 8.27200652877564, 8.923912383366504], [6.5458044736176175, 7.803029400984463, 5.888768699910846], [1.3164242534970496, 9.944333910985305, 7.114531327266708], [3.9569506011996127, 11.741534618630983, 6.2287894343364565], [2.5865182978614207, 9.647288916197368, 4.06810580007095]], "name": "C8H18", "identifiers": {"molecule_hash": "adb6eb3cdcc813c4c98ef81284bb7344ec7d6683", "molecular_formula": "C8H18"}, "molecular_charge": 0.0, "molecular_multiplicity": 1, "connectivity": [[0, 1, 1.0], [0, 8, 1.0], [0, 9, 1.0], [0, 10, 1.0], [1, 2, 1.0], [1, 11, 1.0], [1, 12, 1.0], [2, 3, 1.0], [2, 13, 1.0], [2, 14, 1.0], [3, 4, 1.0], [3, 15, 1.0], [3, 16, 1.0], [4, 5, 1.0], [4, 17, 1.0], [4, 18, 1.0], [5, 6, 1.0], [5, 19, 1.0], [5, 20, 1.0], [6, 7, 1.0], [6, 21, 1.0], [6, 22, 1.0], [7, 23, 1.0], [7, 24, 1.0], [7, 25, 1.0]], "fix_com": true, "fix_orientation": true, "provenance": {"creator": "QCElemental", "version": "v0.22.0", "routine": "qcelemental.molparse.from_schema"}, "id": "81149"}, "charge": 0, "optimize_geometry": false, "conformers": [], "conformer_generation_options": {"n_conformer_pool": 4000, "n_max_conformers": 0, "rms_tolerance": 0.05, "energy_window": 15, "keep_original_conformer": true}, "stage_1_unrestrained_charges": null, "stage_1_restrained_charges": null, "stage_2_unrestrained_charges": null, "stage_2_restrained_charges": null, "keep_original_orientation": false, "reorientations": [], "translations": [], "rotations": []}], "unconstrained_atoms": [{"index": 0, "molecule": {"qcmol": {"schema_name": "qcschema_molecule", "schema_version": 2, "validated": true, "symbols": ["C", "C", "C", "C", "C", "C", "C", "C", "H", "H", "H", "H", "H", "H", "H", "H", "H", "H", "H", "H", "H", "H", "H", "H", "H", "H"], "geometry": [[0.0, -0.0, 0.0], [2.893052785136257, 1.936831926478555e-16, 9.020797394382006e-16], [4.114085774200681, 2.6463112741558485, 1.9984014443252818e-15], [4.917337275365996, 3.6756176028616565, 2.591211183988637], [2.7722234992286747, 4.101452602123795, 4.485750314955576], [3.633889998312974, 5.170317922793727, 7.041925596283232], [4.823661902736623, 7.814580808098077, 7.0062585398260095], [3.0691365087056237, 9.90098548355138, 6.044978942127223], [-0.7773114515571523, 0.9572934799204906, 1.6359856378516273], [-0.7307322465949253, -1.9179171876931207, -0.006039880443350354], [-0.7245509043839053, 0.9455411428861806, -1.6721829178672087], [3.521162964385243, -1.0200759206001218, -1.667855760557116], [3.584101019606451, -1.0782916013525512, 1.6082743822128982], [2.8416359935530386, 3.9878392777246816, -0.9020387774528524], [5.796424819954364, 2.5942347691729135, -1.1770924093912554], [6.294529899479328, 2.389420285057545, 3.419550556497882], [5.910499816578734, 5.4453087634839, 2.2760278945514365], [1.8287775893021656, 2.315919849073903, 4.852673463247132], [1.3532941440709645, 5.331913269591853, 3.6512891941554164], [2.011870339271778, 5.206906138228677, 8.306215533359092], [4.978992300641615, 3.8602901646213597, 7.881585958483851], [5.403233151644004, 8.27200652877564, 8.923912383366504], [6.5458044736176175, 7.803029400984463, 5.888768699910846], [1.3164242534970496, 9.944333910985305, 7.114531327266708], [3.9569506011996127, 11.741534618630983, 6.2287894343364565], [2.5865182978614207, 9.647288916197368, 4.06810580007095]], "name": "C8H18", "identifiers": {"molecule_hash": "adb6eb3cdcc813c4c98ef81284bb7344ec7d6683", "molecular_formula": "C8H18"}, "molecular_charge": 0.0, "molecular_multiplicity": 1, "connectivity": [[0, 1, 1.0], [0, 8, 1.0], [0, 9, 1.0], [0, 10, 1.0], [1, 2, 1.0], [1, 11, 1.0], [1, 12, 1.0], [2, 3, 1.0], [2, 13, 1.0], [2, 14, 1.0], [3, 4, 1.0], [3, 15, 1.0], [3, 16, 1.0], [4, 5, 1.0], [4, 17, 1.0], [4, 18, 1.0], [5, 6, 1.0], [5, 19, 1.0], [5, 20, 1.0], [6, 7, 1.0], [6, 21, 1.0], [6, 22, 1.0], [7, 23, 1.0], [7, 24, 1.0], [7, 25, 1.0]], "fix_com": true, "fix_orientation": true, "provenance": {"creator": "QCElemental", "version": "v0.22.0", "routine": "qcelemental.molparse.from_schema"}, "id": "81149"}, "charge": 0, "optimize_geometry": false, "conformers": [], "conformer_generation_options": {"n_conformer_pool": 4000, "n_max_conformers": 0, "rms_tolerance": 0.05, "energy_window": 15, "keep_original_conformer": true}, "stage_1_unrestrained_charges": null, "stage_1_restrained_charges": null, "stage_2_unrestrained_charges": null, "stage_2_restrained_charges": null, "keep_original_orientation": false, "reorientations": [], "translations": [], "rotations": []}}, {"index": 1, "molecule": {"qcmol": {"schema_name": "qcschema_molecule", "schema_version": 2, "validated": true, "symbols": ["C", "C", "C", "C", "C", "C", "C", "C", "H", "H", "H", "H", "H", "H", "H", "H", "H", "H", "H", "H", "H", "H", "H", "H", "H", "H"], "geometry": [[0.0, -0.0, 0.0], [2.893052785136257, 1.936831926478555e-16, 9.020797394382006e-16], [4.114085774200681, 2.6463112741558485, 1.9984014443252818e-15], [4.917337275365996, 3.6756176028616565, 2.591211183988637], [2.7722234992286747, 4.101452602123795, 4.485750314955576], [3.633889998312974, 5.170317922793727, 7.041925596283232], [4.823661902736623, 7.814580808098077, 7.0062585398260095], [3.0691365087056237, 9.90098548355138, 6.044978942127223], [-0.7773114515571523, 0.9572934799204906, 1.6359856378516273], [-0.7307322465949253, -1.9179171876931207, -0.006039880443350354], [-0.7245509043839053, 0.9455411428861806, -1.6721829178672087], [3.521162964385243, -1.0200759206001218, -1.667855760557116], [3.584101019606451, -1.0782916013525512, 1.6082743822128982], [2.8416359935530386, 3.9878392777246816, -0.9020387774528524], [5.796424819954364, 2.5942347691729135, -1.1770924093912554], [6.294529899479328, 2.389420285057545, 3.419550556497882], [5.910499816578734, 5.4453087634839, 2.2760278945514365], [1.8287775893021656, 2.315919849073903, 4.852673463247132], [1.3532941440709645, 5.331913269591853, 3.6512891941554164], [2.011870339271778, 5.206906138228677, 8.306215533359092], [4.978992300641615, 3.8602901646213597, 7.881585958483851], [5.403233151644004, 8.27200652877564, 8.923912383366504], [6.5458044736176175, 7.803029400984463, 5.888768699910846], [1.3164242534970496, 9.944333910985305, 7.114531327266708], [3.9569506011996127, 11.741534618630983, 6.2287894343364565], [2.5865182978614207, 9.647288916197368, 4.06810580007095]], "name": "C8H18", "identifiers": {"molecule_hash": "adb6eb3cdcc813c4c98ef81284bb7344ec7d6683", "molecular_formula": "C8H18"}, "molecular_charge": 0.0, "molecular_multiplicity": 1, "connectivity": [[0, 1, 1.0], [0, 8, 1.0], [0, 9, 1.0], [0, 10, 1.0], [1, 2, 1.0], [1, 11, 1.0], [1, 12, 1.0], [2, 3, 1.0], [2, 13, 1.0], [2, 14, 1.0], [3, 4, 1.0], [3, 15, 1.0], [3, 16, 1.0], [4, 5, 1.0], [4, 17, 1.0], [4, 18, 1.0], [5, 6, 1.0], [5, 19, 1.0], [5, 20, 1.0], [6, 7, 1.0], [6, 21, 1.0], [6, 22, 1.0], [7, 23, 1.0], [7, 24, 1.0], [7, 25, 1.0]], "fix_com": true, "fix_orientation": true, "provenance": {"creator": "QCElemental", "version": "v0.22.0", "routine": "qcelemental.molparse.from_schema"}, "id": "81149"}, "charge": 0, "optimize_geometry": false, "conformers": [], "conformer_generation_options": {"n_conformer_pool": 4000, "n_max_conformers": 0, "rms_tolerance": 0.05, "energy_window": 15, "keep_original_conformer": true}, "stage_1_unrestrained_charges": null, "stage_1_restrained_charges": null, "stage_2_unrestrained_charges": null, "stage_2_restrained_charges": null, "keep_original_orientation": false, "reorientations": [], "translations": [], "rotations": []}}, {"index": 2, "molecule": {"qcmol": {"schema_name": "qcschema_molecule", "schema_version": 2, "validated": true, "symbols": ["C", "C", "C", "C", "C", "C", "C", "C", "H", "H", "H", "H", "H", "H", "H", "H", "H", "H", "H", "H", "H", "H", "H", "H", "H", "H"], "geometry": [[0.0, -0.0, 0.0], [2.893052785136257, 1.936831926478555e-16, 9.020797394382006e-16], [4.114085774200681, 2.6463112741558485, 1.9984014443252818e-15], [4.917337275365996, 3.6756176028616565, 2.591211183988637], [2.7722234992286747, 4.101452602123795, 4.485750314955576], [3.633889998312974, 5.170317922793727, 7.041925596283232], [4.823661902736623, 7.814580808098077, 7.0062585398260095], [3.0691365087056237, 9.90098548355138, 6.044978942127223], [-0.7773114515571523, 0.9572934799204906, 1.6359856378516273], [-0.7307322465949253, -1.9179171876931207, -0.006039880443350354], [-0.7245509043839053, 0.9455411428861806, -1.6721829178672087], [3.521162964385243, -1.0200759206001218, -1.667855760557116], [3.584101019606451, -1.0782916013525512, 1.6082743822128982], [2.8416359935530386, 3.9878392777246816, -0.9020387774528524], [5.796424819954364, 2.5942347691729135, -1.1770924093912554], [6.294529899479328, 2.389420285057545, 3.419550556497882], [5.910499816578734, 5.4453087634839, 2.2760278945514365], [1.8287775893021656, 2.315919849073903, 4.852673463247132], [1.3532941440709645, 5.331913269591853, 3.6512891941554164], [2.011870339271778, 5.206906138228677, 8.306215533359092], [4.978992300641615, 3.8602901646213597, 7.881585958483851], [5.403233151644004, 8.27200652877564, 8.923912383366504], [6.5458044736176175, 7.803029400984463, 5.888768699910846], [1.3164242534970496, 9.944333910985305, 7.114531327266708], [3.9569506011996127, 11.741534618630983, 6.2287894343364565], [2.5865182978614207, 9.647288916197368, 4.06810580007095]], "name": "C8H18", "identifiers": {"molecule_hash": "adb6eb3cdcc813c4c98ef81284bb7344ec7d6683", "molecular_formula": "C8H18"}, "molecular_charge": 0.0, "molecular_multiplicity": 1, "connectivity": [[0, 1, 1.0], [0, 8, 1.0], [0, 9, 1.0], [0, 10, 1.0], [1, 2, 1.0], [1, 11, 1.0], [1, 12, 1.0], [2, 3, 1.0], [2, 13, 1.0], [2, 14, 1.0], [3, 4, 1.0], [3, 15, 1.0], [3, 16, 1.0], [4, 5, 1.0], [4, 17, 1.0], [4, 18, 1.0], [5, 6, 1.0], [5, 19, 1.0], [5, 20, 1.0], [6, 7, 1.0], [6, 21, 1.0], [6, 22, 1.0], [7, 23, 1.0], [7, 24, 1.0], [7, 25, 1.0]], "fix_com": true, "fix_orientation": true, "provenance": {"creator": "QCElemental", "version": "v0.22.0", "routine": "qcelemental.molparse.from_schema"}, "id": "81149"}, "charge": 0, "optimize_geometry": false, "conformers": [], "conformer_generation_options": {"n_conformer_pool": 4000, "n_max_conformers": 0, "rms_tolerance": 0.05, "energy_window": 15, "keep_original_conformer": true}, "stage_1_unrestrained_charges": null, "stage_1_restrained_charges": null, "stage_2_unrestrained_charges": null, "stage_2_restrained_charges": null, "keep_original_orientation": false, "reorientations": [], "translations": [], "rotations": []}}, {"index": 3, "molecule": {"qcmol": {"schema_name": "qcschema_molecule", "schema_version": 2, "validated": true, "symbols": ["C", "C", "C", "C", "C", "C", "C", "C", "H", "H", "H", "H", "H", "H", "H", "H", "H", "H", "H", "H", "H", "H", "H", "H", "H", "H"], "geometry": [[0.0, -0.0, 0.0], [2.893052785136257, 1.936831926478555e-16, 9.020797394382006e-16], [4.114085774200681, 2.6463112741558485, 1.9984014443252818e-15], [4.917337275365996, 3.6756176028616565, 2.591211183988637], [2.7722234992286747, 4.101452602123795, 4.485750314955576], [3.633889998312974, 5.170317922793727, 7.041925596283232], [4.823661902736623, 7.814580808098077, 7.0062585398260095], [3.0691365087056237, 9.90098548355138, 6.044978942127223], [-0.7773114515571523, 0.9572934799204906, 1.6359856378516273], [-0.7307322465949253, -1.9179171876931207, -0.006039880443350354], [-0.7245509043839053, 0.9455411428861806, -1.6721829178672087], [3.521162964385243, -1.0200759206001218, -1.667855760557116], [3.584101019606451, -1.0782916013525512, 1.6082743822128982], [2.8416359935530386, 3.9878392777246816, -0.9020387774528524], [5.796424819954364, 2.5942347691729135, -1.1770924093912554], [6.294529899479328, 2.389420285057545, 3.419550556497882], [5.910499816578734, 5.4453087634839, 2.2760278945514365], [1.8287775893021656, 2.315919849073903, 4.852673463247132], [1.3532941440709645, 5.331913269591853, 3.6512891941554164], [2.011870339271778, 5.206906138228677, 8.306215533359092], [4.978992300641615, 3.8602901646213597, 7.881585958483851], [5.403233151644004, 8.27200652877564, 8.923912383366504], [6.5458044736176175, 7.803029400984463, 5.888768699910846], [1.3164242534970496, 9.944333910985305, 7.114531327266708], [3.9569506011996127, 11.741534618630983, 6.2287894343364565], [2.5865182978614207, 9.647288916197368, 4.06810580007095]], "name": "C8H18", "identifiers": {"molecule_hash": "adb6eb3cdcc813c4c98ef81284bb7344ec7d6683", "molecular_formula": "C8H18"}, "molecular_charge": 0.0, "molecular_multiplicity": 1, "connectivity": [[0, 1, 1.0], [0, 8, 1.0], [0, 9, 1.0], [0, 10, 1.0], [1, 2, 1.0], [1, 11, 1.0], [1, 12, 1.0], [2, 3, 1.0], [2, 13, 1.0], [2, 14, 1.0], [3, 4, 1.0], [3, 15, 1.0], [3, 16, 1.0], [4, 5, 1.0], [4, 17, 1.0], [4, 18, 1.0], [5, 6, 1.0], [5, 19, 1.0], [5, 20, 1.0], [6, 7, 1.0], [6, 21, 1.0], [6, 22, 1.0], [7, 23, 1.0], [7, 24, 1.0], [7, 25, 1.0]], "fix_com": true, "fix_orientation": true, "provenance": {"creator": "QCElemental", "version": "v0.22.0", "routine": "qcelemental.molparse.from_schema"}, "id": "81149"}, "charge": 0, "optimize_geometry": false, "conformers": [], "conformer_generation_options": {"n_conformer_pool": 4000, "n_max_conformers": 0, "rms_tolerance": 0.05, "energy_window": 15, "keep_original_conformer": true}, "stage_1_unrestrained_charges": null, "stage_1_restrained_charges": null, "stage_2_unrestrained_charges": null, "stage_2_restrained_charges": null, "keep_original_orientation": false, "reorientations": [], "translations": [], "rotations": []}}, {"index": 4, "molecule": {"qcmol": {"schema_name": "qcschema_molecule", "schema_version": 2, "validated": true, "symbols": ["C", "C", "C", "C", "C", "C", "C", "C", "H", "H", "H", "H", "H", "H", "H", "H", "H", "H", "H", "H", "H", "H", "H", "H", "H", "H"], "geometry": [[0.0, -0.0, 0.0], [2.893052785136257, 1.936831926478555e-16, 9.020797394382006e-16], [4.114085774200681, 2.6463112741558485, 1.9984014443252818e-15], [4.917337275365996, 3.6756176028616565, 2.591211183988637], [2.7722234992286747, 4.101452602123795, 4.485750314955576], [3.633889998312974, 5.170317922793727, 7.041925596283232], [4.823661902736623, 7.814580808098077, 7.0062585398260095], [3.0691365087056237, 9.90098548355138, 6.044978942127223], [-0.7773114515571523, 0.9572934799204906, 1.6359856378516273], [-0.7307322465949253, -1.9179171876931207, -0.006039880443350354], [-0.7245509043839053, 0.9455411428861806, -1.6721829178672087], [3.521162964385243, -1.0200759206001218, -1.667855760557116], [3.584101019606451, -1.0782916013525512, 1.6082743822128982], [2.8416359935530386, 3.9878392777246816, -0.9020387774528524], [5.796424819954364, 2.5942347691729135, -1.1770924093912554], [6.294529899479328, 2.389420285057545, 3.419550556497882], [5.910499816578734, 5.4453087634839, 2.2760278945514365], [1.8287775893021656, 2.315919849073903, 4.852673463247132], [1.3532941440709645, 5.331913269591853, 3.6512891941554164], [2.011870339271778, 5.206906138228677, 8.306215533359092], [4.978992300641615, 3.8602901646213597, 7.881585958483851], [5.403233151644004, 8.27200652877564, 8.923912383366504], [6.5458044736176175, 7.803029400984463, 5.888768699910846], [1.3164242534970496, 9.944333910985305, 7.114531327266708], [3.9569506011996127, 11.741534618630983, 6.2287894343364565], [2.5865182978614207, 9.647288916197368, 4.06810580007095]], "name": "C8H18", "identifiers": {"molecule_hash": "adb6eb3cdcc813c4c98ef81284bb7344ec7d6683", "molecular_formula": "C8H18"}, "molecular_charge": 0.0, "molecular_multiplicity": 1, "connectivity": [[0, 1, 1.0], [0, 8, 1.0], [0, 9, 1.0], [0, 10, 1.0], [1, 2, 1.0], [1, 11, 1.0], [1, 12, 1.0], [2, 3, 1.0], [2, 13, 1.0], [2, 14, 1.0], [3, 4, 1.0], [3, 15, 1.0], [3, 16, 1.0], [4, 5, 1.0], [4, 17, 1.0], [4, 18, 1.0], [5, 6, 1.0], [5, 19, 1.0], [5, 20, 1.0], [6, 7, 1.0], [6, 21, 1.0], [6, 22, 1.0], [7, 23, 1.0], [7, 24, 1.0], [7, 25, 1.0]], "fix_com": true, "fix_orientation": true, "provenance": {"creator": "QCElemental", "version": "v0.22.0", "routine": "qcelemental.molparse.from_schema"}, "id": "81149"}, "charge": 0, "optimize_geometry": false, "conformers": [], "conformer_generation_options": {"n_conformer_pool": 4000, "n_max_conformers": 0, "rms_tolerance": 0.05, "energy_window": 15, "keep_original_conformer": true}, "stage_1_unrestrained_charges": null, "stage_1_restrained_charges": null, "stage_2_unrestrained_charges": null, "stage_2_restrained_charges": null, "keep_original_orientation": false, "reorientations": [], "translations": [], "rotations": []}}, {"index": 5, "molecule": {"qcmol": {"schema_name": "qcschema_molecule", "schema_version": 2, "validated": true, "symbols": ["C", "C", "C", "C", "C", "C", "C", "C", "H", "H", "H", "H", "H", "H", "H", "H", "H", "H", "H", "H", "H", "H", "H", "H", "H", "H"], "geometry": [[0.0, -0.0, 0.0], [2.893052785136257, 1.936831926478555e-16, 9.020797394382006e-16], [4.114085774200681, 2.6463112741558485, 1.9984014443252818e-15], [4.917337275365996, 3.6756176028616565, 2.591211183988637], [2.7722234992286747, 4.101452602123795, 4.485750314955576], [3.633889998312974, 5.170317922793727, 7.041925596283232], [4.823661902736623, 7.814580808098077, 7.0062585398260095], [3.0691365087056237, 9.90098548355138, 6.044978942127223], [-0.7773114515571523, 0.9572934799204906, 1.6359856378516273], [-0.7307322465949253, -1.9179171876931207, -0.006039880443350354], [-0.7245509043839053, 0.9455411428861806, -1.6721829178672087], [3.521162964385243, -1.0200759206001218, -1.667855760557116], [3.584101019606451, -1.0782916013525512, 1.6082743822128982], [2.8416359935530386, 3.9878392777246816, -0.9020387774528524], [5.796424819954364, 2.5942347691729135, -1.1770924093912554], [6.294529899479328, 2.389420285057545, 3.419550556497882], [5.910499816578734, 5.4453087634839, 2.2760278945514365], [1.8287775893021656, 2.315919849073903, 4.852673463247132], [1.3532941440709645, 5.331913269591853, 3.6512891941554164], [2.011870339271778, 5.206906138228677, 8.306215533359092], [4.978992300641615, 3.8602901646213597, 7.881585958483851], [5.403233151644004, 8.27200652877564, 8.923912383366504], [6.5458044736176175, 7.803029400984463, 5.888768699910846], [1.3164242534970496, 9.944333910985305, 7.114531327266708], [3.9569506011996127, 11.741534618630983, 6.2287894343364565], [2.5865182978614207, 9.647288916197368, 4.06810580007095]], "name": "C8H18", "identifiers": {"molecule_hash": "adb6eb3cdcc813c4c98ef81284bb7344ec7d6683", "molecular_formula": "C8H18"}, "molecular_charge": 0.0, "molecular_multiplicity": 1, "connectivity": [[0, 1, 1.0], [0, 8, 1.0], [0, 9, 1.0], [0, 10, 1.0], [1, 2, 1.0], [1, 11, 1.0], [1, 12, 1.0], [2, 3, 1.0], [2, 13, 1.0], [2, 14, 1.0], [3, 4, 1.0], [3, 15, 1.0], [3, 16, 1.0], [4, 5, 1.0], [4, 17, 1.0], [4, 18, 1.0], [5, 6, 1.0], [5, 19, 1.0], [5, 20, 1.0], [6, 7, 1.0], [6, 21, 1.0], [6, 22, 1.0], [7, 23, 1.0], [7, 24, 1.0], [7, 25, 1.0]], "fix_com": true, "fix_orientation": true, "provenance": {"creator": "QCElemental", "version": "v0.22.0", "routine": "qcelemental.molparse.from_schema"}, "id": "81149"}, "charge": 0, "optimize_geometry": false, "conformers": [], "conformer_generation_options": {"n_conformer_pool": 4000, "n_max_conformers": 0, "rms_tolerance": 0.05, "energy_window": 15, "keep_original_conformer": true}, "stage_1_unrestrained_charges": null, "stage_1_restrained_charges": null, "stage_2_unrestrained_charges": null, "stage_2_restrained_charges": null, "keep_original_orientation": false, "reorientations": [], "translations": [], "rotations": []}}, {"index": 6, "molecule": {"qcmol": {"schema_name": "qcschema_molecule", "schema_version": 2, "validated": true, "symbols": ["C", "C", "C", "C", "C", "C", "C", "C", "H", "H", "H", "H", "H", "H", "H", "H", "H", "H", "H", "H", "H", "H", "H", "H", "H", "H"], "geometry": [[0.0, -0.0, 0.0], [2.893052785136257, 1.936831926478555e-16, 9.020797394382006e-16], [4.114085774200681, 2.6463112741558485, 1.9984014443252818e-15], [4.917337275365996, 3.6756176028616565, 2.591211183988637], [2.7722234992286747, 4.101452602123795, 4.485750314955576], [3.633889998312974, 5.170317922793727, 7.041925596283232], [4.823661902736623, 7.814580808098077, 7.0062585398260095], [3.0691365087056237, 9.90098548355138, 6.044978942127223], [-0.7773114515571523, 0.9572934799204906, 1.6359856378516273], [-0.7307322465949253, -1.9179171876931207, -0.006039880443350354], [-0.7245509043839053, 0.9455411428861806, -1.6721829178672087], [3.521162964385243, -1.0200759206001218, -1.667855760557116], [3.584101019606451, -1.0782916013525512, 1.6082743822128982], [2.8416359935530386, 3.9878392777246816, -0.9020387774528524], [5.796424819954364, 2.5942347691729135, -1.1770924093912554], [6.294529899479328, 2.389420285057545, 3.419550556497882], [5.910499816578734, 5.4453087634839, 2.2760278945514365], [1.8287775893021656, 2.315919849073903, 4.852673463247132], [1.3532941440709645, 5.331913269591853, 3.6512891941554164], [2.011870339271778, 5.206906138228677, 8.306215533359092], [4.978992300641615, 3.8602901646213597, 7.881585958483851], [5.403233151644004, 8.27200652877564, 8.923912383366504], [6.5458044736176175, 7.803029400984463, 5.888768699910846], [1.3164242534970496, 9.944333910985305, 7.114531327266708], [3.9569506011996127, 11.741534618630983, 6.2287894343364565], [2.5865182978614207, 9.647288916197368, 4.06810580007095]], "name": "C8H18", "identifiers": {"molecule_hash": "adb6eb3cdcc813c4c98ef81284bb7344ec7d6683", "molecular_formula": "C8H18"}, "molecular_charge": 0.0, "molecular_multiplicity": 1, "connectivity": [[0, 1, 1.0], [0, 8, 1.0], [0, 9, 1.0], [0, 10, 1.0], [1, 2, 1.0], [1, 11, 1.0], [1, 12, 1.0], [2, 3, 1.0], [2, 13, 1.0], [2, 14, 1.0], [3, 4, 1.0], [3, 15, 1.0], [3, 16, 1.0], [4, 5, 1.0], [4, 17, 1.0], [4, 18, 1.0], [5, 6, 1.0], [5, 19, 1.0], [5, 20, 1.0], [6, 7, 1.0], [6, 21, 1.0], [6, 22, 1.0], [7, 23, 1.0], [7, 24, 1.0], [7, 25, 1.0]], "fix_com": true, "fix_orientation": true, "provenance": {"creator": "QCElemental", "version": "v0.22.0", "routine": "qcelemental.molparse.from_schema"}, "id": "81149"}, "charge": 0, "optimize_geometry": false, "conformers": [], "conformer_generation_options": {"n_conformer_pool": 4000, "n_max_conformers": 0, "rms_tolerance": 0.05, "energy_window": 15, "keep_original_conformer": true}, "stage_1_unrestrained_charges": null, "stage_1_restrained_charges": null, "stage_2_unrestrained_charges": null, "stage_2_restrained_charges": null, "keep_original_orientation": false, "reorientations": [], "translations": [], "rotations": []}}, {"index": 7, "molecule": {"qcmol": {"schema_name": "qcschema_molecule", "schema_version": 2, "validated": true, "symbols": ["C", "C", "C", "C", "C", "C", "C", "C", "H", "H", "H", "H", "H", "H", "H", "H", "H", "H", "H", "H", "H", "H", "H", "H", "H", "H"], "geometry": [[0.0, -0.0, 0.0], [2.893052785136257, 1.936831926478555e-16, 9.020797394382006e-16], [4.114085774200681, 2.6463112741558485, 1.9984014443252818e-15], [4.917337275365996, 3.6756176028616565, 2.591211183988637], [2.7722234992286747, 4.101452602123795, 4.485750314955576], [3.633889998312974, 5.170317922793727, 7.041925596283232], [4.823661902736623, 7.814580808098077, 7.0062585398260095], [3.0691365087056237, 9.90098548355138, 6.044978942127223], [-0.7773114515571523, 0.9572934799204906, 1.6359856378516273], [-0.7307322465949253, -1.9179171876931207, -0.006039880443350354], [-0.7245509043839053, 0.9455411428861806, -1.6721829178672087], [3.521162964385243, -1.0200759206001218, -1.667855760557116], [3.584101019606451, -1.0782916013525512, 1.6082743822128982], [2.8416359935530386, 3.9878392777246816, -0.9020387774528524], [5.796424819954364, 2.5942347691729135, -1.1770924093912554], [6.294529899479328, 2.389420285057545, 3.419550556497882], [5.910499816578734, 5.4453087634839, 2.2760278945514365], [1.8287775893021656, 2.315919849073903, 4.852673463247132], [1.3532941440709645, 5.331913269591853, 3.6512891941554164], [2.011870339271778, 5.206906138228677, 8.306215533359092], [4.978992300641615, 3.8602901646213597, 7.881585958483851], [5.403233151644004, 8.27200652877564, 8.923912383366504], [6.5458044736176175, 7.803029400984463, 5.888768699910846], [1.3164242534970496, 9.944333910985305, 7.114531327266708], [3.9569506011996127, 11.741534618630983, 6.2287894343364565], [2.5865182978614207, 9.647288916197368, 4.06810580007095]], "name": "C8H18", "identifiers": {"molecule_hash": "adb6eb3cdcc813c4c98ef81284bb7344ec7d6683", "molecular_formula": "C8H18"}, "molecular_charge": 0.0, "molecular_multiplicity": 1, "connectivity": [[0, 1, 1.0], [0, 8, 1.0], [0, 9, 1.0], [0, 10, 1.0], [1, 2, 1.0], [1, 11, 1.0], [1, 12, 1.0], [2, 3, 1.0], [2, 13, 1.0], [2, 14, 1.0], [3, 4, 1.0], [3, 15, 1.0], [3, 16, 1.0], [4, 5, 1.0], [4, 17, 1.0], [4, 18, 1.0], [5, 6, 1.0], [5, 19, 1.0], [5, 20, 1.0], [6, 7, 1.0], [6, 21, 1.0], [6, 22, 1.0], [7, 23, 1.0], [7, 24, 1.0], [7, 25, 1.0]], "fix_com": true, "fix_orientation": true, "provenance": {"creator": "QCElemental", "version": "v0.22.0", "routine": "qcelemental.molparse.from_schema"}, "id": "81149"}, "charge": 0, "optimize_geometry": false, "conformers": [], "conformer_generation_options": {"n_conformer_pool": 4000, "n_max_conformers": 0, "rms_tolerance": 0.05, "energy_window": 15, "keep_original_conformer": true}, "stage_1_unrestrained_charges": null, "stage_1_restrained_charges": null, "stage_2_unrestrained_charges": null, "stage_2_restrained_charges": null, "keep_original_orientation": false, "reorientations": [], "translations": [], "rotations": []}}]}, "surface_constraints": {"matrix": [[220173200593966.1, 212958135585896.06, 204965691326649.56, 196773349780916.16, 189336974665001.4, 181530687235223.0, 174786658995682.25, 167687658558883.0, 221763421335555.44, 220602113015214.97, 221126668069104.3, 211631352117598.62, 211976642656934.56, 204154040224168.8, 204029478897743.62, 196785568470225.47, 194788054221748.47, 187640344042213.06, 190261425195535.62, 180477918957428.6, 180473597358573.12, 172820861175147.16, 175671029633265.94, 165037419072163.53, 168478771551376.8, 162815284742455.3], [212958135585896.06, 217726857228788.97, 212247489441407.34, 204228961935389.9, 195063475447314.38, 186975440078259.5, 179257113602835.6, 171666326427019.34, 211330739049369.6, 210397618416142.12, 210906781245550.2, 219954704244756.97, 220355185279268.5, 211938236964977.16, 212260067231349.47, 204240599360488.62, 203688378687995.22, 192254134387829.28, 195823998082522.62, 186224741146454.56, 186140514572674.8, 177259404646554.84, 179770417833987.44, 168934967518123.88, 172557175390106.1, 166396258944413.6], [204965691326649.56, 212247489441407.34, 217787291705851.3, 212068069864139.0, 204116135027038.16, 196921530388614.88, 188087684574660.03, 179899025680616.7, 204934510734342.94, 199580279487331.06, 202872247605972.06, 211368480868594.4, 211578629679865.22, 220892713951492.4, 221096141899285.06, 212015857239451.6, 212035074210897.72, 201148233146485.3, 204896707291713.0, 197708039374321.94, 196078651661191.06, 185970252289025.4, 188256885628073.47, 176226602609748.62, 180778238808100.66, 175086277890255.6], [196773349780916.16, 204228961935389.9, 212068069864139.0, 217129511431594.88, 211600671165216.0, 203872959216246.2, 196015077660010.22, 188481042692657.56, 197165006824511.16, 192477464281760.44, 193306298452397.1, 200874792466534.25, 204958588830151.47, 211871076966235.44, 212138194113593.5, 220406249490696.78, 220211960394478.38, 211843862249423.72, 211220201783225.22, 203240342465978.97, 203061137437583.9, 194474363564941.1, 195615515881006.5, 184413246161431.72, 190103311823720.56, 183708787516456.12], [189336974665001.4, 195063475447314.38, 204116135027038.16, 211600671165216.0, 216625162795788.2, 211306570231913.72, 203526883849764.78, 196102917116347.38, 191329558028513.72, 184758262615323.9, 185980012336681.0, 190892693622828.1, 194631110947036.16, 205925810290715.44, 201779234060218.88, 211819195196037.6, 211405629215713.56, 220020979451572.88, 219441230819330.88, 211509386069793.38, 211032794156629.72, 203136833836240.62, 201635245731091.6, 193206190395623.25, 196868469648317.28, 190953222623366.62], [181530687235223.0, 186975440078259.5, 196921530388614.88, 203872959216246.2, 211306570231913.72, 216690501022180.53, 211292746943818.47, 203676122884882.22, 184970518703503.2, 176498453541311.47, 177450119309022.28, 182970076923961.84, 185678988569356.56, 198255158769940.78, 196487311047161.84, 202730719031022.03, 203085287549687.66, 211477324995566.6, 210968560998671.7, 220095955044767.84, 219656215396147.3, 210960661830354.34, 210805106502894.47, 201471082268780.12, 202258711741977.7, 199544746268313.84], [174786658995682.25, 179257113602835.6, 188087684574660.03, 196015077660010.22, 203526883849764.78, 211292746943818.47, 217052639472734.6, 211882452101204.03, 178703964146095.84, 170272976848886.75, 170645854319353.88, 174980877821231.2, 178363228866352.66, 187981998659215.47, 187498870404702.94, 194761655819062.8, 196348805836046.06, 202943628463217.12, 202495875641893.28, 211309266796001.03, 210942226971293.34, 219935856013768.3, 219843517336697.75, 209638035071891.47, 209957827160403.2, 209501181343278.06], [167687658558883.0, 171666326427019.34, 179899025680616.7, 188481042692657.56, 196102917116347.38, 203676122884882.22, 211882452101204.03, 218538725566131.94, 171001737426613.62, 164055721120237.16, 163729162049787.56, 167863555204660.06, 170581964399071.06, 179255333295634.03, 178943504709902.84, 187223780094315.0, 189399249677701.78, 194847059201623.1, 196125481040563.66, 202252477270989.4, 202978470741038.56, 211064888400003.56, 211215198302855.78, 219321832329908.9, 219788954174302.9, 219078013232040.4], [221763421335555.44, 211330739049369.6, 204934510734342.94, 197165006824511.16, 191329558028513.72, 184970518703503.2, 178703964146095.84, 171001737426613.62, 232480620540742.2, 219141822304427.78, 219521473289682.06, 207747865951386.56, 208870664069019.62, 204549749217804.53, 204274059152724.44, 196502434676406.03, 194898754981902.06, 189551053884098.53, 192371036952850.47, 184532739136310.53, 183928810526139.06, 177072838856379.6, 180128131674921.53, 167990721735727.66, 171128098293515.12, 166647148820926.84], [220602113015214.97, 210397618416142.12, 199580279487331.06, 192477464281760.44, 184758262615323.9, 176498453541311.47, 170272976848886.75, 164055721120237.16, 219141822304427.78, 230024796366615.25, 218108030145049.28, 207595245947743.22, 211105590037979.1, 197020109391190.97, 197616724938853.2, 192732010049372.06, 191412422665906.97, 183539787613655.94, 185576154885107.25, 175044962178842.66, 175132837002173.53, 168448958846224.56, 170671274518844.38, 161625549066016.7, 165511081944281.5, 158984542529707.2], [221126668069104.3, 210906781245550.2, 202872247605972.06, 193306298452397.1, 185980012336681.0, 177450119309022.28, 170645854319353.88, 163729162049787.56, 219521473289682.06, 218108030145049.28, 231371034928292.3, 210395266178237.78, 206749412885750.34, 203108333896648.47, 202077283894541.97, 193847525950894.47, 189679660112787.4, 184716595368677.38, 187089681414149.47, 175966054561332.28, 176393303797792.72, 168289639912930.44, 171798177992855.16, 161256396308260.2, 164484495712875.16, 158901252703008.62], [211631352117598.62, 219954704244756.97, 211368480868594.4, 200874792466534.25, 190892693622828.1, 182970076923961.84, 174980877821231.2, 167863555204660.06, 207747865951386.56, 207595245947743.22, 210395266178237.78, 230846886586134.56, 219345399439231.53, 211151284371623.34, 210935892980568.7, 199135320898220.5, 201089332143322.88, 187325232591101.2, 191727884948580.56, 182086856132944.1, 182732123038532.75, 172471173244781.62, 175379914920320.84, 166045432296989.66, 168595272554883.2, 162266074373296.84], [211976642656934.56, 220355185279268.5, 211578629679865.22, 204958588830151.47, 194631110947036.16, 185678988569356.56, 178363228866352.66, 170581964399071.06, 208870664069019.62, 211105590037979.1, 206749412885750.34, 219345399439231.53, 232000623108415.44, 208878528569471.88, 210037930527606.47, 206750085800371.88, 204574771030126.22, 191797499356042.06, 195289225544123.4, 184143840941025.06, 184539363952816.38, 176950677102549.44, 178843286517170.16, 167675086376826.62, 171713216611596.3, 165070226424780.97], [204154040224168.8, 211938236964977.16, 220892713951492.4, 211871076966235.44, 205925810290715.44, 198255158769940.78, 187981998659215.47, 179255333295634.03, 204549749217804.53, 197020109391190.97, 203108333896648.47, 211151284371623.34, 208878528569471.88, 232689929477030.62, 221168922151351.3, 208047748555005.84, 211016802781445.38, 202435115730364.97, 208936774611726.8, 200389259797051.22, 196941004163885.9, 185427606222187.97, 187947157559766.72, 175610114643559.22, 179459904853798.1, 174819732445447.8], [204029478897743.62, 212260067231349.47, 221096141899285.06, 212138194113593.5, 201779234060218.88, 196487311047161.84, 187498870404702.94, 178943504709902.84, 204274059152724.44, 197616724938853.2, 202077283894541.97, 210935892980568.7, 210037930527606.47, 221168922151351.3, 232850693144025.47, 213020811155248.28, 210716890034507.84, 196979670499063.72, 201116128709397.03, 198381148217227.16, 196167769123007.75, 185301310439745.75, 187958706039335.75, 174908090934757.6, 179910439731767.16, 174107202362291.1], [196785568470225.47, 204240599360488.62, 212015857239451.6, 220406249490696.78, 211819195196037.6, 202730719031022.03, 194761655819062.8, 187223780094315.0, 196502434676406.03, 192732010049372.06, 193847525950894.47, 199135320898220.5, 206750085800371.88, 208047748555005.84, 213020811155248.28, 232064834572009.44, 220444234323952.22, 213066679744591.22, 208992272340969.44, 200030233496461.1, 203117723046099.1, 192762276036379.12, 194775516092463.78, 182572095446738.88, 189500224985635.62, 182423844725356.5], [194788054221748.47, 203688378687995.22, 212035074210897.72, 220211960394478.38, 211405629215713.56, 203085287549687.66, 196348805836046.06, 189399249677701.78, 194898754981902.06, 191412422665906.97, 189679660112787.4, 201089332143322.88, 204574771030126.22, 211016802781445.38, 210716890034507.84, 220444234323952.22, 231680456470906.4, 210794574239522.44, 209721952409313.9, 202693416714164.47, 200719841259633.1, 194933489287110.72, 196252438161436.8, 184753978066481.38, 191641906937373.1, 184970116960676.3], [187640344042213.06, 192254134387829.28, 201148233146485.3, 211843862249423.72, 220020979451572.88, 211477324995566.6, 202943628463217.12, 194847059201623.1, 189551053884098.53, 183539787613655.94, 184716595368677.38, 187325232591101.2, 191797499356042.06, 202435115730364.97, 196979670499063.72, 213066679744591.22, 210794574239522.44, 231666777823397.12, 219798107975955.72, 210194701228562.75, 210541135777299.1, 203796810175636.5, 199826638509769.38, 191350714245671.62, 196313966710792.53, 189140381931754.22], [190261425195535.62, 195823998082522.62, 204896707291713.0, 211220201783225.22, 219441230819330.88, 210968560998671.7, 202495875641893.28, 196125481040563.66, 192371036952850.47, 185576154885107.25, 187089681414149.47, 191727884948580.56, 195289225544123.4, 208936774611726.8, 201116128709397.03, 208992272340969.44, 209721952409313.9, 219798107975955.72, 230656239927519.28, 210683898006593.28, 209160740829074.03, 201768130897667.38, 199631077468163.78, 194392724217125.78, 197169271187739.84, 190452857843107.44], [180477918957428.6, 186224741146454.56, 197708039374321.94, 203240342465978.97, 211509386069793.38, 220095955044767.84, 211309266796001.03, 202252477270989.4, 184532739136310.53, 175044962178842.66, 175966054561332.28, 182086856132944.1, 184143840941025.06, 200389259797051.22, 198381148217227.16, 200030233496461.1, 202693416714164.47, 210194701228562.75, 210683898006593.28, 231975421026087.44, 220041751891198.06, 209910232872218.62, 210318840281536.72, 200394969400791.47, 200256030123283.06, 197376851094746.44], [180473597358573.12, 186140514572674.8, 196078651661191.06, 203061137437583.9, 211032794156629.72, 219656215396147.3, 210942226971293.34, 202978470741038.56, 183928810526139.06, 175132837002173.53, 176393303797792.72, 182732123038532.75, 184539363952816.38, 196941004163885.9, 196167769123007.75, 203117723046099.1, 200719841259633.1, 210541135777299.1, 209160740829074.03, 220041751891198.06, 231074298525911.56, 209011201496950.1, 209607035643903.88, 201055203703976.25, 200632133863748.9, 199305386720697.5], [172820861175147.16, 177259404646554.84, 185970252289025.4, 194474363564941.1, 203136833836240.62, 210960661830354.34, 219935856013768.3, 211064888400003.56, 177072838856379.6, 168448958846224.56, 168289639912930.44, 172471173244781.62, 176950677102549.44, 185427606222187.97, 185301310439745.75, 192762276036379.12, 194933489287110.72, 203796810175636.5, 201768130897667.38, 209910232872218.62, 209011201496950.1, 231535264355240.1, 219674098399120.16, 206441345727834.4, 210012146193412.56, 207135836559886.38], [175671029633265.94, 179770417833987.44, 188256885628073.47, 195615515881006.5, 201635245731091.6, 210805106502894.47, 219843517336697.75, 211215198302855.78, 180128131674921.53, 170671274518844.38, 171798177992855.16, 175379914920320.84, 178843286517170.16, 187947157559766.72, 187958706039335.75, 194775516092463.78, 196252438161436.8, 199826638509769.38, 199631077468163.78, 210318840281536.72, 209607035643903.88, 219674098399120.16, 231271833049089.66, 208975379925627.7, 205649632411166.7, 209624105676545.66], [165037419072163.53, 168934967518123.88, 176226602609748.62, 184413246161431.72, 193206190395623.25, 201471082268780.12, 209638035071891.47, 219321832329908.9, 167990721735727.66, 161625549066016.7, 161256396308260.2, 166045432296989.66, 167675086376826.62, 175610114643559.22, 174908090934757.6, 182572095446738.88, 184753978066481.38, 191350714245671.62, 194392724217125.78, 200394969400791.47, 201055203703976.25, 206441345727834.4, 208975379925627.7, 229337137042976.03, 217440922652379.03, 216431675368737.47], [168478771551376.8, 172557175390106.1, 180778238808100.66, 190103311823720.56, 196868469648317.28, 202258711741977.7, 209957827160403.2, 219788954174302.9, 171128098293515.12, 165511081944281.5, 164484495712875.16, 168595272554883.2, 171713216611596.3, 179459904853798.1, 179910439731767.16, 189500224985635.62, 191641906937373.1, 196313966710792.53, 197169271187739.84, 200256030123283.06, 200632133863748.9, 210012146193412.56, 205649632411166.7, 217440922652379.03, 2300967806396