{"resp_b": 0.1, "restrained_fit": true, "exclude_hydrogens": true, "convergence_tolerance": 1e-06, "max_iter": 500, "resp_a": 0.0005, "charge_constraints": {"charge_sum_constraints": [], "charge_equivalence_constraints": [], "molecules": [{"qcmol": {"schema_name": "qcschema_molecule", "schema_version": 2, "validated": true, "symbols": ["C", "C", "C", "C", "C", "C", "C", "C", "H", "H", "H", "H", "H", "H", "H", "H", "H", "H", "H", "H", "H", "H", "H", "H", "H", "H"], "geometry": [[0.0, -0.0, 0.0], [2.893052785136257, 1.936831926478555e-16, 9.020797394382006e-16], [4.114085774200681, 2.6463112741558485, 1.9984014443252818e-15], [4.917337275365996, 3.6756176028616565, 2.591211183988637], [2.7722234992286747, 4.101452602123795, 4.485750314955576], [3.633889998312974, 5.170317922793727, 7.041925596283232], [4.823661902736623, 7.814580808098077, 7.0062585398260095], [3.0691365087056237, 9.90098548355138, 6.044978942127223], [-0.7773114515571523, 0.9572934799204906, 1.6359856378516273], [-0.7307322465949253, -1.9179171876931207, -0.006039880443350354], [-0.7245509043839053, 0.9455411428861806, -1.6721829178672087], [3.521162964385243, -1.0200759206001218, -1.667855760557116], [3.584101019606451, -1.0782916013525512, 1.6082743822128982], [2.8416359935530386, 3.9878392777246816, -0.9020387774528524], [5.796424819954364, 2.5942347691729135, -1.1770924093912554], [6.294529899479328, 2.389420285057545, 3.419550556497882], [5.910499816578734, 5.4453087634839, 2.2760278945514365], [1.8287775893021656, 2.315919849073903, 4.852673463247132], [1.3532941440709645, 5.331913269591853, 3.6512891941554164], [2.011870339271778, 5.206906138228677, 8.306215533359092], [4.978992300641615, 3.8602901646213597, 7.881585958483851], [5.403233151644004, 8.27200652877564, 8.923912383366504], [6.5458044736176175, 7.803029400984463, 5.888768699910846], [1.3164242534970496, 9.944333910985305, 7.114531327266708], [3.9569506011996127, 11.741534618630983, 6.2287894343364565], [2.5865182978614207, 9.647288916197368, 4.06810580007095]], "name": "C8H18", "identifiers": {"molecule_hash": "adb6eb3cdcc813c4c98ef81284bb7344ec7d6683", "molecular_formula": "C8H18"}, "molecular_charge": 0.0, "molecular_multiplicity": 1, "connectivity": [[0, 1, 1.0], [0, 8, 1.0], [0, 9, 1.0], [0, 10, 1.0], [1, 2, 1.0], [1, 11, 1.0], [1, 12, 1.0], [2, 3, 1.0], [2, 13, 1.0], [2, 14, 1.0], [3, 4, 1.0], [3, 15, 1.0], [3, 16, 1.0], [4, 5, 1.0], [4, 17, 1.0], [4, 18, 1.0], [5, 6, 1.0], [5, 19, 1.0], [5, 20, 1.0], [6, 7, 1.0], [6, 21, 1.0], [6, 22, 1.0], [7, 23, 1.0], [7, 24, 1.0], [7, 25, 1.0]], "fix_com": true, "fix_orientation": true, "provenance": {"creator": "QCElemental", "version": "v0.22.0", "routine": "qcelemental.molparse.from_schema"}, "id": "81149"}, "charge": 0, "optimize_geometry": false, "conformers": [], "conformer_generation_options": {"n_conformer_pool": 4000, "n_max_conformers": 0, "rms_tolerance": 0.05, "energy_window": 15, "keep_original_conformer": true}, "stage_1_unrestrained_charges": null, "stage_1_restrained_charges": null, "stage_2_unrestrained_charges": null, "stage_2_restrained_charges": null, "keep_original_orientation": false, "reorientations": [], "translations": [], "rotations": []}], "unconstrained_atoms": [{"index": 0, "molecule": {"qcmol": {"schema_name": "qcschema_molecule", "schema_version": 2, "validated": true, "symbols": ["C", "C", "C", "C", "C", "C", "C", "C", "H", "H", "H", "H", "H", "H", "H", "H", "H", "H", "H", "H", "H", "H", "H", "H", "H", "H"], "geometry": [[0.0, -0.0, 0.0], [2.893052785136257, 1.936831926478555e-16, 9.020797394382006e-16], [4.114085774200681, 2.6463112741558485, 1.9984014443252818e-15], [4.917337275365996, 3.6756176028616565, 2.591211183988637], [2.7722234992286747, 4.101452602123795, 4.485750314955576], [3.633889998312974, 5.170317922793727, 7.041925596283232], [4.823661902736623, 7.814580808098077, 7.0062585398260095], [3.0691365087056237, 9.90098548355138, 6.044978942127223], [-0.7773114515571523, 0.9572934799204906, 1.6359856378516273], [-0.7307322465949253, -1.9179171876931207, -0.006039880443350354], [-0.7245509043839053, 0.9455411428861806, -1.6721829178672087], [3.521162964385243, -1.0200759206001218, -1.667855760557116], [3.584101019606451, -1.0782916013525512, 1.6082743822128982], [2.8416359935530386, 3.9878392777246816, -0.9020387774528524], [5.796424819954364, 2.5942347691729135, -1.1770924093912554], [6.294529899479328, 2.389420285057545, 3.419550556497882], [5.910499816578734, 5.4453087634839, 2.2760278945514365], [1.8287775893021656, 2.315919849073903, 4.852673463247132], [1.3532941440709645, 5.331913269591853, 3.6512891941554164], [2.011870339271778, 5.206906138228677, 8.306215533359092], [4.978992300641615, 3.8602901646213597, 7.881585958483851], [5.403233151644004, 8.27200652877564, 8.923912383366504], [6.5458044736176175, 7.803029400984463, 5.888768699910846], [1.3164242534970496, 9.944333910985305, 7.114531327266708], [3.9569506011996127, 11.741534618630983, 6.2287894343364565], [2.5865182978614207, 9.647288916197368, 4.06810580007095]], "name": "C8H18", "identifiers": {"molecule_hash": "adb6eb3cdcc813c4c98ef81284bb7344ec7d6683", "molecular_formula": "C8H18"}, "molecular_charge": 0.0, "molecular_multiplicity": 1, "connectivity": [[0, 1, 1.0], [0, 8, 1.0], [0, 9, 1.0], [0, 10, 1.0], [1, 2, 1.0], [1, 11, 1.0], [1, 12, 1.0], [2, 3, 1.0], [2, 13, 1.0], [2, 14, 1.0], [3, 4, 1.0], [3, 15, 1.0], [3, 16, 1.0], [4, 5, 1.0], [4, 17, 1.0], [4, 18, 1.0], [5, 6, 1.0], [5, 19, 1.0], [5, 20, 1.0], [6, 7, 1.0], [6, 21, 1.0], [6, 22, 1.0], [7, 23, 1.0], [7, 24, 1.0], [7, 25, 1.0]], "fix_com": true, "fix_orientation": true, "provenance": {"creator": "QCElemental", "version": "v0.22.0", "routine": "qcelemental.molparse.from_schema"}, "id": "81149"}, "charge": 0, "optimize_geometry": false, "conformers": [], "conformer_generation_options": {"n_conformer_pool": 4000, "n_max_conformers": 0, "rms_tolerance": 0.05, "energy_window": 15, "keep_original_conformer": true}, "stage_1_unrestrained_charges": null, "stage_1_restrained_charges": null, "stage_2_unrestrained_charges": null, "stage_2_restrained_charges": null, "keep_original_orientation": false, "reorientations": [], "translations": [], "rotations": []}}, {"index": 1, "molecule": {"qcmol": {"schema_name": "qcschema_molecule", "schema_version": 2, "validated": true, "symbols": ["C", "C", "C", "C", "C", "C", "C", "C", "H", "H", "H", "H", "H", "H", "H", "H", "H", "H", "H", "H", "H", "H", "H", "H", "H", "H"], "geometry": [[0.0, -0.0, 0.0], [2.893052785136257, 1.936831926478555e-16, 9.020797394382006e-16], [4.114085774200681, 2.6463112741558485, 1.9984014443252818e-15], [4.917337275365996, 3.6756176028616565, 2.591211183988637], [2.7722234992286747, 4.101452602123795, 4.485750314955576], [3.633889998312974, 5.170317922793727, 7.041925596283232], [4.823661902736623, 7.814580808098077, 7.0062585398260095], [3.0691365087056237, 9.90098548355138, 6.044978942127223], [-0.7773114515571523, 0.9572934799204906, 1.6359856378516273], [-0.7307322465949253, -1.9179171876931207, -0.006039880443350354], [-0.7245509043839053, 0.9455411428861806, -1.6721829178672087], [3.521162964385243, -1.0200759206001218, -1.667855760557116], [3.584101019606451, -1.0782916013525512, 1.6082743822128982], [2.8416359935530386, 3.9878392777246816, -0.9020387774528524], [5.796424819954364, 2.5942347691729135, -1.1770924093912554], [6.294529899479328, 2.389420285057545, 3.419550556497882], [5.910499816578734, 5.4453087634839, 2.2760278945514365], [1.8287775893021656, 2.315919849073903, 4.852673463247132], [1.3532941440709645, 5.331913269591853, 3.6512891941554164], [2.011870339271778, 5.206906138228677, 8.306215533359092], [4.978992300641615, 3.8602901646213597, 7.881585958483851], [5.403233151644004, 8.27200652877564, 8.923912383366504], [6.5458044736176175, 7.803029400984463, 5.888768699910846], [1.3164242534970496, 9.944333910985305, 7.114531327266708], [3.9569506011996127, 11.741534618630983, 6.2287894343364565], [2.5865182978614207, 9.647288916197368, 4.06810580007095]], "name": "C8H18", "identifiers": {"molecule_hash": "adb6eb3cdcc813c4c98ef81284bb7344ec7d6683", "molecular_formula": "C8H18"}, "molecular_charge": 0.0, "molecular_multiplicity": 1, "connectivity": [[0, 1, 1.0], [0, 8, 1.0], [0, 9, 1.0], [0, 10, 1.0], [1, 2, 1.0], [1, 11, 1.0], [1, 12, 1.0], [2, 3, 1.0], [2, 13, 1.0], [2, 14, 1.0], [3, 4, 1.0], [3, 15, 1.0], [3, 16, 1.0], [4, 5, 1.0], [4, 17, 1.0], [4, 18, 1.0], [5, 6, 1.0], [5, 19, 1.0], [5, 20, 1.0], [6, 7, 1.0], [6, 21, 1.0], [6, 22, 1.0], [7, 23, 1.0], [7, 24, 1.0], [7, 25, 1.0]], "fix_com": true, "fix_orientation": true, "provenance": {"creator": "QCElemental", "version": "v0.22.0", "routine": "qcelemental.molparse.from_schema"}, "id": "81149"}, "charge": 0, "optimize_geometry": false, "conformers": [], "conformer_generation_options": {"n_conformer_pool": 4000, "n_max_conformers": 0, "rms_tolerance": 0.05, "energy_window": 15, "keep_original_conformer": true}, "stage_1_unrestrained_charges": null, "stage_1_restrained_charges": null, "stage_2_unrestrained_charges": null, "stage_2_restrained_charges": null, "keep_original_orientation": false, "reorientations": [], "translations": [], "rotations": []}}, {"index": 2, "molecule": {"qcmol": {"schema_name": "qcschema_molecule", "schema_version": 2, "validated": true, "symbols": ["C", "C", "C", "C", "C", "C", "C", "C", "H", "H", "H", "H", "H", "H", "H", "H", "H", "H", "H", "H", "H", "H", "H", "H", "H", "H"], "geometry": [[0.0, -0.0, 0.0], [2.893052785136257, 1.936831926478555e-16, 9.020797394382006e-16], [4.114085774200681, 2.6463112741558485, 1.9984014443252818e-15], [4.917337275365996, 3.6756176028616565, 2.591211183988637], [2.7722234992286747, 4.101452602123795, 4.485750314955576], [3.633889998312974, 5.170317922793727, 7.041925596283232], [4.823661902736623, 7.814580808098077, 7.0062585398260095], [3.0691365087056237, 9.90098548355138, 6.044978942127223], [-0.7773114515571523, 0.9572934799204906, 1.6359856378516273], [-0.7307322465949253, -1.9179171876931207, -0.006039880443350354], [-0.7245509043839053, 0.9455411428861806, -1.6721829178672087], [3.521162964385243, -1.0200759206001218, -1.667855760557116], [3.584101019606451, -1.0782916013525512, 1.6082743822128982], [2.8416359935530386, 3.9878392777246816, -0.9020387774528524], [5.796424819954364, 2.5942347691729135, -1.1770924093912554], [6.294529899479328, 2.389420285057545, 3.419550556497882], [5.910499816578734, 5.4453087634839, 2.2760278945514365], [1.8287775893021656, 2.315919849073903, 4.852673463247132], [1.3532941440709645, 5.331913269591853, 3.6512891941554164], [2.011870339271778, 5.206906138228677, 8.306215533359092], [4.978992300641615, 3.8602901646213597, 7.881585958483851], [5.403233151644004, 8.27200652877564, 8.923912383366504], [6.5458044736176175, 7.803029400984463, 5.888768699910846], [1.3164242534970496, 9.944333910985305, 7.114531327266708], [3.9569506011996127, 11.741534618630983, 6.2287894343364565], [2.5865182978614207, 9.647288916197368, 4.06810580007095]], "name": "C8H18", "identifiers": {"molecule_hash": "adb6eb3cdcc813c4c98ef81284bb7344ec7d6683", "molecular_formula": "C8H18"}, "molecular_charge": 0.0, "molecular_multiplicity": 1, "connectivity": [[0, 1, 1.0], [0, 8, 1.0], [0, 9, 1.0], [0, 10, 1.0], [1, 2, 1.0], [1, 11, 1.0], [1, 12, 1.0], [2, 3, 1.0], [2, 13, 1.0], [2, 14, 1.0], [3, 4, 1.0], [3, 15, 1.0], [3, 16, 1.0], [4, 5, 1.0], [4, 17, 1.0], [4, 18, 1.0], [5, 6, 1.0], [5, 19, 1.0], [5, 20, 1.0], [6, 7, 1.0], [6, 21, 1.0], [6, 22, 1.0], [7, 23, 1.0], [7, 24, 1.0], [7, 25, 1.0]], "fix_com": true, "fix_orientation": true, "provenance": {"creator": "QCElemental", "version": "v0.22.0", "routine": "qcelemental.molparse.from_schema"}, "id": "81149"}, "charge": 0, "optimize_geometry": false, "conformers": [], "conformer_generation_options": {"n_conformer_pool": 4000, "n_max_conformers": 0, "rms_tolerance": 0.05, "energy_window": 15, "keep_original_conformer": true}, "stage_1_unrestrained_charges": null, "stage_1_restrained_charges": null, "stage_2_unrestrained_charges": null, "stage_2_restrained_charges": null, "keep_original_orientation": false, "reorientations": [], "translations": [], "rotations": []}}, {"index": 3, "molecule": {"qcmol": {"schema_name": "qcschema_molecule", "schema_version": 2, "validated": true, "symbols": ["C", "C", "C", "C", "C", "C", "C", "C", "H", "H", "H", "H", "H", "H", "H", "H", "H", "H", "H", "H", "H", "H", "H", "H", "H", "H"], "geometry": [[0.0, -0.0, 0.0], [2.893052785136257, 1.936831926478555e-16, 9.020797394382006e-16], [4.114085774200681, 2.6463112741558485, 1.9984014443252818e-15], [4.917337275365996, 3.6756176028616565, 2.591211183988637], [2.7722234992286747, 4.101452602123795, 4.485750314955576], [3.633889998312974, 5.170317922793727, 7.041925596283232], [4.823661902736623, 7.814580808098077, 7.0062585398260095], [3.0691365087056237, 9.90098548355138, 6.044978942127223], [-0.7773114515571523, 0.9572934799204906, 1.6359856378516273], [-0.7307322465949253, -1.9179171876931207, -0.006039880443350354], [-0.7245509043839053, 0.9455411428861806, -1.6721829178672087], [3.521162964385243, -1.0200759206001218, -1.667855760557116], [3.584101019606451, -1.0782916013525512, 1.6082743822128982], [2.8416359935530386, 3.9878392777246816, -0.9020387774528524], [5.796424819954364, 2.5942347691729135, -1.1770924093912554], [6.294529899479328, 2.389420285057545, 3.419550556497882], [5.910499816578734, 5.4453087634839, 2.2760278945514365], [1.8287775893021656, 2.315919849073903, 4.852673463247132], [1.3532941440709645, 5.331913269591853, 3.6512891941554164], [2.011870339271778, 5.206906138228677, 8.306215533359092], [4.978992300641615, 3.8602901646213597, 7.881585958483851], [5.403233151644004, 8.27200652877564, 8.923912383366504], [6.5458044736176175, 7.803029400984463, 5.888768699910846], [1.3164242534970496, 9.944333910985305, 7.114531327266708], [3.9569506011996127, 11.741534618630983, 6.2287894343364565], [2.5865182978614207, 9.647288916197368, 4.06810580007095]], "name": "C8H18", "identifiers": {"molecule_hash": "adb6eb3cdcc813c4c98ef81284bb7344ec7d6683", "molecular_formula": "C8H18"}, "molecular_charge": 0.0, "molecular_multiplicity": 1, "connectivity": [[0, 1, 1.0], [0, 8, 1.0], [0, 9, 1.0], [0, 10, 1.0], [1, 2, 1.0], [1, 11, 1.0], [1, 12, 1.0], [2, 3, 1.0], [2, 13, 1.0], [2, 14, 1.0], [3, 4, 1.0], [3, 15, 1.0], [3, 16, 1.0], [4, 5, 1.0], [4, 17, 1.0], [4, 18, 1.0], [5, 6, 1.0], [5, 19, 1.0], [5, 20, 1.0], [6, 7, 1.0], [6, 21, 1.0], [6, 22, 1.0], [7, 23, 1.0], [7, 24, 1.0], [7, 25, 1.0]], "fix_com": true, "fix_orientation": true, "provenance": {"creator": "QCElemental", "version": "v0.22.0", "routine": "qcelemental.molparse.from_schema"}, "id": "81149"}, "charge": 0, "optimize_geometry": false, "conformers": [], "conformer_generation_options": {"n_conformer_pool": 4000, "n_max_conformers": 0, "rms_tolerance": 0.05, "energy_window": 15, "keep_original_conformer": true}, "stage_1_unrestrained_charges": null, "stage_1_restrained_charges": null, "stage_2_unrestrained_charges": null, "stage_2_restrained_charges": null, "keep_original_orientation": false, "reorientations": [], "translations": [], "rotations": []}}, {"index": 4, "molecule": {"qcmol": {"schema_name": "qcschema_molecule", "schema_version": 2, "validated": true, "symbols": ["C", "C", "C", "C", "C", "C", "C", "C", "H", "H", "H", "H", "H", "H", "H", "H", "H", "H", "H", "H", "H", "H", "H", "H", "H", "H"], "geometry": [[0.0, -0.0, 0.0], [2.893052785136257, 1.936831926478555e-16, 9.020797394382006e-16], [4.114085774200681, 2.6463112741558485, 1.9984014443252818e-15], [4.917337275365996, 3.6756176028616565, 2.591211183988637], [2.7722234992286747, 4.101452602123795, 4.485750314955576], [3.633889998312974, 5.170317922793727, 7.041925596283232], [4.823661902736623, 7.814580808098077, 7.0062585398260095], [3.0691365087056237, 9.90098548355138, 6.044978942127223], [-0.7773114515571523, 0.9572934799204906, 1.6359856378516273], [-0.7307322465949253, -1.9179171876931207, -0.006039880443350354], [-0.7245509043839053, 0.9455411428861806, -1.6721829178672087], [3.521162964385243, -1.0200759206001218, -1.667855760557116], [3.584101019606451, -1.0782916013525512, 1.6082743822128982], [2.8416359935530386, 3.9878392777246816, -0.9020387774528524], [5.796424819954364, 2.5942347691729135, -1.1770924093912554], [6.294529899479328, 2.389420285057545, 3.419550556497882], [5.910499816578734, 5.4453087634839, 2.2760278945514365], [1.8287775893021656, 2.315919849073903, 4.852673463247132], [1.3532941440709645, 5.331913269591853, 3.6512891941554164], [2.011870339271778, 5.206906138228677, 8.306215533359092], [4.978992300641615, 3.8602901646213597, 7.881585958483851], [5.403233151644004, 8.27200652877564, 8.923912383366504], [6.5458044736176175, 7.803029400984463, 5.888768699910846], [1.3164242534970496, 9.944333910985305, 7.114531327266708], [3.9569506011996127, 11.741534618630983, 6.2287894343364565], [2.5865182978614207, 9.647288916197368, 4.06810580007095]], "name": "C8H18", "identifiers": {"molecule_hash": "adb6eb3cdcc813c4c98ef81284bb7344ec7d6683", "molecular_formula": "C8H18"}, "molecular_charge": 0.0, "molecular_multiplicity": 1, "connectivity": [[0, 1, 1.0], [0, 8, 1.0], [0, 9, 1.0], [0, 10, 1.0], [1, 2, 1.0], [1, 11, 1.0], [1, 12, 1.0], [2, 3, 1.0], [2, 13, 1.0], [2, 14, 1.0], [3, 4, 1.0], [3, 15, 1.0], [3, 16, 1.0], [4, 5, 1.0], [4, 17, 1.0], [4, 18, 1.0], [5, 6, 1.0], [5, 19, 1.0], [5, 20, 1.0], [6, 7, 1.0], [6, 21, 1.0], [6, 22, 1.0], [7, 23, 1.0], [7, 24, 1.0], [7, 25, 1.0]], "fix_com": true, "fix_orientation": true, "provenance": {"creator": "QCElemental", "version": "v0.22.0", "routine": "qcelemental.molparse.from_schema"}, "id": "81149"}, "charge": 0, "optimize_geometry": false, "conformers": [], "conformer_generation_options": {"n_conformer_pool": 4000, "n_max_conformers": 0, "rms_tolerance": 0.05, "energy_window": 15, "keep_original_conformer": true}, "stage_1_unrestrained_charges": null, "stage_1_restrained_charges": null, "stage_2_unrestrained_charges": null, "stage_2_restrained_charges": null, "keep_original_orientation": false, "reorientations": [], "translations": [], "rotations": []}}, {"index": 5, "molecule": {"qcmol": {"schema_name": "qcschema_molecule", "schema_version": 2, "validated": true, "symbols": ["C", "C", "C", "C", "C", "C", "C", "C", "H", "H", "H", "H", "H", "H", "H", "H", "H", "H", "H", "H", "H", "H", "H", "H", "H", "H"], "geometry": [[0.0, -0.0, 0.0], [2.893052785136257, 1.936831926478555e-16, 9.020797394382006e-16], [4.114085774200681, 2.6463112741558485, 1.9984014443252818e-15], [4.917337275365996, 3.6756176028616565, 2.591211183988637], [2.7722234992286747, 4.101452602123795, 4.485750314955576], [3.633889998312974, 5.170317922793727, 7.041925596283232], [4.823661902736623, 7.814580808098077, 7.0062585398260095], [3.0691365087056237, 9.90098548355138, 6.044978942127223], [-0.7773114515571523, 0.9572934799204906, 1.6359856378516273], [-0.7307322465949253, -1.9179171876931207, -0.006039880443350354], [-0.7245509043839053, 0.9455411428861806, -1.6721829178672087], [3.521162964385243, -1.0200759206001218, -1.667855760557116], [3.584101019606451, -1.0782916013525512, 1.6082743822128982], [2.8416359935530386, 3.9878392777246816, -0.9020387774528524], [5.796424819954364, 2.5942347691729135, -1.1770924093912554], [6.294529899479328, 2.389420285057545, 3.419550556497882], [5.910499816578734, 5.4453087634839, 2.2760278945514365], [1.8287775893021656, 2.315919849073903, 4.852673463247132], [1.3532941440709645, 5.331913269591853, 3.6512891941554164], [2.011870339271778, 5.206906138228677, 8.306215533359092], [4.978992300641615, 3.8602901646213597, 7.881585958483851], [5.403233151644004, 8.27200652877564, 8.923912383366504], [6.5458044736176175, 7.803029400984463, 5.888768699910846], [1.3164242534970496, 9.944333910985305, 7.114531327266708], [3.9569506011996127, 11.741534618630983, 6.2287894343364565], [2.5865182978614207, 9.647288916197368, 4.06810580007095]], "name": "C8H18", "identifiers": {"molecule_hash": "adb6eb3cdcc813c4c98ef81284bb7344ec7d6683", "molecular_formula": "C8H18"}, "molecular_charge": 0.0, "molecular_multiplicity": 1, "connectivity": [[0, 1, 1.0], [0, 8, 1.0], [0, 9, 1.0], [0, 10, 1.0], [1, 2, 1.0], [1, 11, 1.0], [1, 12, 1.0], [2, 3, 1.0], [2, 13, 1.0], [2, 14, 1.0], [3, 4, 1.0], [3, 15, 1.0], [3, 16, 1.0], [4, 5, 1.0], [4, 17, 1.0], [4, 18, 1.0], [5, 6, 1.0], [5, 19, 1.0], [5, 20, 1.0], [6, 7, 1.0], [6, 21, 1.0], [6, 22, 1.0], [7, 23, 1.0], [7, 24, 1.0], [7, 25, 1.0]], "fix_com": true, "fix_orientation": true, "provenance": {"creator": "QCElemental", "version": "v0.22.0", "routine": "qcelemental.molparse.from_schema"}, "id": "81149"}, "charge": 0, "optimize_geometry": false, "conformers": [], "conformer_generation_options": {"n_conformer_pool": 4000, "n_max_conformers": 0, "rms_tolerance": 0.05, "energy_window": 15, "keep_original_conformer": true}, "stage_1_unrestrained_charges": null, "stage_1_restrained_charges": null, "stage_2_unrestrained_charges": null, "stage_2_restrained_charges": null, "keep_original_orientation": false, "reorientations": [], "translations": [], "rotations": []}}, {"index": 6, "molecule": {"qcmol": {"schema_name": "qcschema_molecule", "schema_version": 2, "validated": true, "symbols": ["C", "C", "C", "C", "C", "C", "C", "C", "H", "H", "H", "H", "H", "H", "H", "H", "H", "H", "H", "H", "H", "H", "H", "H", "H", "H"], "geometry": [[0.0, -0.0, 0.0], [2.893052785136257, 1.936831926478555e-16, 9.020797394382006e-16], [4.114085774200681, 2.6463112741558485, 1.9984014443252818e-15], [4.917337275365996, 3.6756176028616565, 2.591211183988637], [2.7722234992286747, 4.101452602123795, 4.485750314955576], [3.633889998312974, 5.170317922793727, 7.041925596283232], [4.823661902736623, 7.814580808098077, 7.0062585398260095], [3.0691365087056237, 9.90098548355138, 6.044978942127223], [-0.7773114515571523, 0.9572934799204906, 1.6359856378516273], [-0.7307322465949253, -1.9179171876931207, -0.006039880443350354], [-0.7245509043839053, 0.9455411428861806, -1.6721829178672087], [3.521162964385243, -1.0200759206001218, -1.667855760557116], [3.584101019606451, -1.0782916013525512, 1.6082743822128982], [2.8416359935530386, 3.9878392777246816, -0.9020387774528524], [5.796424819954364, 2.5942347691729135, -1.1770924093912554], [6.294529899479328, 2.389420285057545, 3.419550556497882], [5.910499816578734, 5.4453087634839, 2.2760278945514365], [1.8287775893021656, 2.315919849073903, 4.852673463247132], [1.3532941440709645, 5.331913269591853, 3.6512891941554164], [2.011870339271778, 5.206906138228677, 8.306215533359092], [4.978992300641615, 3.8602901646213597, 7.881585958483851], [5.403233151644004, 8.27200652877564, 8.923912383366504], [6.5458044736176175, 7.803029400984463, 5.888768699910846], [1.3164242534970496, 9.944333910985305, 7.114531327266708], [3.9569506011996127, 11.741534618630983, 6.2287894343364565], [2.5865182978614207, 9.647288916197368, 4.06810580007095]], "name": "C8H18", "identifiers": {"molecule_hash": "adb6eb3cdcc813c4c98ef81284bb7344ec7d6683", "molecular_formula": "C8H18"}, "molecular_charge": 0.0, "molecular_multiplicity": 1, "connectivity": [[0, 1, 1.0], [0, 8, 1.0], [0, 9, 1.0], [0, 10, 1.0], [1, 2, 1.0], [1, 11, 1.0], [1, 12, 1.0], [2, 3, 1.0], [2, 13, 1.0], [2, 14, 1.0], [3, 4, 1.0], [3, 15, 1.0], [3, 16, 1.0], [4, 5, 1.0], [4, 17, 1.0], [4, 18, 1.0], [5, 6, 1.0], [5, 19, 1.0], [5, 20, 1.0], [6, 7, 1.0], [6, 21, 1.0], [6, 22, 1.0], [7, 23, 1.0], [7, 24, 1.0], [7, 25, 1.0]], "fix_com": true, "fix_orientation": true, "provenance": {"creator": "QCElemental", "version": "v0.22.0", "routine": "qcelemental.molparse.from_schema"}, "id": "81149"}, "charge": 0, "optimize_geometry": false, "conformers": [], "conformer_generation_options": {"n_conformer_pool": 4000, "n_max_conformers": 0, "rms_tolerance": 0.05, "energy_window": 15, "keep_original_conformer": true}, "stage_1_unrestrained_charges": null, "stage_1_restrained_charges": null, "stage_2_unrestrained_charges": null, "stage_2_restrained_charges": null, "keep_original_orientation": false, "reorientations": [], "translations": [], "rotations": []}}, {"index": 7, "molecule": {"qcmol": {"schema_name": "qcschema_molecule", "schema_version": 2, "validated": true, "symbols": ["C", "C", "C", "C", "C", "C", "C", "C", "H", "H", "H", "H", "H", "H", "H", "H", "H", "H", "H", "H", "H", "H", "H", "H", "H", "H"], "geometry": [[0.0, -0.0, 0.0], [2.893052785136257, 1.936831926478555e-16, 9.020797394382006e-16], [4.114085774200681, 2.6463112741558485, 1.9984014443252818e-15], [4.917337275365996, 3.6756176028616565, 2.591211183988637], [2.7722234992286747, 4.101452602123795, 4.485750314955576], [3.633889998312974, 5.170317922793727, 7.041925596283232], [4.823661902736623, 7.814580808098077, 7.0062585398260095], [3.0691365087056237, 9.90098548355138, 6.044978942127223], [-0.7773114515571523, 0.9572934799204906, 1.6359856378516273], [-0.7307322465949253, -1.9179171876931207, -0.006039880443350354], [-0.7245509043839053, 0.9455411428861806, -1.6721829178672087], [3.521162964385243, -1.0200759206001218, -1.667855760557116], [3.584101019606451, -1.0782916013525512, 1.6082743822128982], [2.8416359935530386, 3.9878392777246816, -0.9020387774528524], [5.796424819954364, 2.5942347691729135, -1.1770924093912554], [6.294529899479328, 2.389420285057545, 3.419550556497882], [5.910499816578734, 5.4453087634839, 2.2760278945514365], [1.8287775893021656, 2.315919849073903, 4.852673463247132], [1.3532941440709645, 5.331913269591853, 3.6512891941554164], [2.011870339271778, 5.206906138228677, 8.306215533359092], [4.978992300641615, 3.8602901646213597, 7.881585958483851], [5.403233151644004, 8.27200652877564, 8.923912383366504], [6.5458044736176175, 7.803029400984463, 5.888768699910846], [1.3164242534970496, 9.944333910985305, 7.114531327266708], [3.9569506011996127, 11.741534618630983, 6.2287894343364565], [2.5865182978614207, 9.647288916197368, 4.06810580007095]], "name": "C8H18", "identifiers": {"molecule_hash": "adb6eb3cdcc813c4c98ef81284bb7344ec7d6683", "molecular_formula": "C8H18"}, "molecular_charge": 0.0, "molecular_multiplicity": 1, "connectivity": [[0, 1, 1.0], [0, 8, 1.0], [0, 9, 1.0], [0, 10, 1.0], [1, 2, 1.0], [1, 11, 1.0], [1, 12, 1.0], [2, 3, 1.0], [2, 13, 1.0], [2, 14, 1.0], [3, 4, 1.0], [3, 15, 1.0], [3, 16, 1.0], [4, 5, 1.0], [4, 17, 1.0], [4, 18, 1.0], [5, 6, 1.0], [5, 19, 1.0], [5, 20, 1.0], [6, 7, 1.0], [6, 21, 1.0], [6, 22, 1.0], [7, 23, 1.0], [7, 24, 1.0], [7, 25, 1.0]], "fix_com": true, "fix_orientation": true, "provenance": {"creator": "QCElemental", "version": "v0.22.0", "routine": "qcelemental.molparse.from_schema"}, "id": "81149"}, "charge": 0, "optimize_geometry": false, "conformers": [], "conformer_generation_options": {"n_conformer_pool": 4000, "n_max_conformers": 0, "rms_tolerance": 0.05, "energy_window": 15, "keep_original_conformer": true}, "stage_1_unrestrained_charges": null, "stage_1_restrained_charges": null, "stage_2_unrestrained_charges": null, "stage_2_restrained_charges": null, "keep_original_orientation": false, "reorientations": [], "translations": [], "rotations": []}}]}, "surface_constraints": {"matrix": [[4761.251505433397, 4614.067238713165, 4451.397351648393, 4288.560280846307, 4137.814389154326, 3975.382098415263, 3836.742425004566, 3692.6118045664502, 4800.382146800649, 4782.6416937581525, 4788.660972045436, 4592.109000182393, 4602.88127035917, 4438.451288724951, 4434.134550816178, 4292.373329041511, 4251.742166815976, 4105.945295839386, 4161.560046685176, 3955.217167661911, 3954.636798838353, 3797.7447593769884, 3858.0273914399504, 3641.2962514205133, 3714.174610838583, 3594.3685221837595], [4614.067238713165, 4706.883321715175, 4595.845372553609, 4438.3869655466315, 4253.131982316512, 4085.660302518978, 3926.8722232453274, 3772.2784616532767, 4587.387894989501, 4572.564314619947, 4578.958864931768, 4758.160504801552, 4769.838780437322, 4593.682516295009, 4598.4091361208175, 4442.683651134126, 4432.439997475579, 4198.013700439792, 4274.316392158182, 4071.9728410653834, 4070.4070057529534, 3887.7916892408093, 3940.447543913599, 3719.985721183942, 3795.5087802214166, 3665.605858620083], [4451.397351648393, 4595.845372553609, 4704.968600539984, 4594.706173099253, 4436.9426690882965, 4289.824378144676, 4108.646365783862, 3942.5628777096417, 4455.829131454409, 4350.03414693602, 4414.338701234193, 4583.850001028202, 4590.648367317903, 4772.682783771904, 4774.702252506084, 4597.787048114982, 4598.886323717003, 4379.086368475392, 4459.903845311441, 4308.803749236093, 4275.68454459598, 4067.5278182191673, 4115.376682715503, 3871.5182625901193, 3965.7761585464086, 3846.1873049110795], [4288.560280846307, 4438.3869655466315, 4594.706173099253, 4701.392723046668, 4592.047658269206, 4434.797218202308, 4274.81006837753, 4123.493041135463, 4300.677768267406, 4208.236493313298, 4221.338281439063, 4373.703349135511, 4461.529355258769, 4593.925601783373, 4597.942871838741, 4773.981743191022, 4769.598912734348, 4600.789130137566, 4591.0849618534785, 4424.24439891875, 4422.1132744884735, 4246.158338622707, 4270.317133628244, 4045.1037778372743, 4162.971059267775, 4028.955409497656], [4137.814389154326, 4253.131982316512, 4436.9426690882965, 4592.047658269206, 4695.145925738935, 4586.756837712793, 4429.289469196166, 4281.975777329343, 4182.104431004652, 4050.1550815690152, 4072.5514487211785, 4169.5949224241685, 4250.798724643695, 4477.787826275433, 4390.480378354005, 4601.321159981684, 4592.240690865391, 4768.6920891782265, 4760.467574591058, 4593.95570115637, 4586.007239225266, 4424.916312304145, 4394.7158045198585, 4229.033206666718, 4304.449770235998, 4181.046133702645], [3975.382098415263, 4085.660302518978, 4289.824378144676, 4434.797218202308, 4586.756837712793, 4694.77339263345, 4585.33661070789, 4435.534916544605, 4050.4888555731723, 3876.4523783083537, 3894.222691372428, 4004.705555623156, 4064.067355094, 4320.317501779519, 4282.790912125647, 4415.668605761982, 4422.233918434859, 4594.111320131645, 4586.134562390469, 4768.588313564603, 4761.459572390748, 4582.113231045665, 4580.990133226966, 4398.287110059669, 4413.02242421417, 4358.082469209045], [3836.742425004566, 3926.8722232453274, 4108.646365783862, 4274.81006837753, 4429.289469196166, 4585.33661070789, 4698.18451483054, 4599.079946216183, 3922.2273200828813, 3748.0223127645404, 3753.405620056008, 3839.1618308705065, 3913.3517613677795, 4108.455732474643, 4097.775271163019, 4252.738599506644, 4285.060848289468, 4420.887899358532, 4414.241894293949, 4590.082520030005, 4584.026807303493, 4761.3566418236105, 4760.43437635042, 4562.878303018843, 4567.861794778363, 4559.743773885262], [3692.6118045664502, 3772.2784616532767, 3942.5628777096417, 4123.493041135463, 4281.975777329343, 4435.534916544605, 4599.079946216183, 4737.771921131445, 3765.389123858057, 3622.106850931638, 3612.664627460444, 3693.5993011614883, 3753.8957113209917, 3930.6427177567375, 3923.6349513838036, 4101.046322245473, 4145.050217412881, 4258.933405080035, 4288.721958367343, 4409.891757664797, 4426.561009949157, 4586.265628472668, 4590.053312794079, 4764.707701287731, 4772.252716931615, 4759.68148744054], [4800.382146800649, 4587.387894989501, 4455.829131454409, 4300.677768267406, 4182.104431004652, 4050.4888555731723, 3922.2273200828813, 3765.389123858057, 5026.65272828535, 4759.281040170996, 4761.9300015240415, 4518.530976887679, 4545.283575276621, 4451.171690575752, 4444.438523725421, 4290.438683440245, 4257.717526784319, 4147.875695963042, 4207.804917103611, 4043.756890446575, 4029.9588455850003, 3890.522419257333, 3955.383630392407, 3706.0649570109726, 3773.054985905361, 3678.762801740915], [4782.6416937581525, 4572.564314619947, 4350.03414693602, 4208.236493313298, 4050.1550815690152, 3876.4523783083537, 3748.0223127645404, 3622.106850931638, 4759.281040170996, 4989.796843613669, 4739.956712455643, 4519.796253460119, 4595.436452415073, 4299.943548025895, 4310.6782246963085, 4217.0618970377955, 4190.461997376559, 4028.4901815079097, 4071.2745858519024, 3847.604540560696, 3848.163086144298, 3711.41847732172, 3759.04202427666, 3575.022548052256, 3658.235923288425, 3519.0071025086645], [4788.660972045436, 4578.958864931768, 4414.338701234193, 4221.338281439063, 4072.5514487211785, 3894.222691372428, 3753.405620056008, 3612.664627460444, 4761.9300015240415, 4739.956712455643, 5007.743407886577, 4573.310178999963, 4501.7111181363925, 4423.436229068237, 4400.048308662465, 4235.761633867558, 4149.210344328378, 4049.755485900931, 4100.3130223590915, 3864.337913180751, 3873.945593054804, 3705.807368677854, 3779.899334505297, 3564.9981772772708, 3633.2235771024007, 3514.776092101572], [4592.109000182393, 4758.160504801552, 4583.850001028202, 4373.703349135511, 4169.5949224241685, 4004.705555623156, 3839.1618308705065, 3693.5993011614883, 4518.530976887679, 4519.796253460119, 4573.310178999963, 4989.974660300968, 4753.9391879233535, 4583.589299383485, 4577.97726808679, 4341.097967215431, 4383.719146751705, 4097.772729251175, 4191.938427207364, 3988.1799130939626, 4001.867827627876, 3788.8862842672306, 3850.260760991559, 3660.4017952605045, 3712.917016487628, 3579.626634282301], [4602.88127035917, 4769.838780437322, 4590.648367317903, 4461.529355258769, 4250.798724643695, 4064.067355094, 3913.3517613677795, 3753.8957113209917, 4545.283575276621, 4595.436452415073, 4501.7111181363925, 4753.9391879233535, 5020.268418200368, 4538.665368219122, 4560.416539780988, 4503.449789365117, 4458.990630511869, 4194.846007879332, 4269.704271946173, 4033.380106153361, 4042.124751902592, 3886.854785240096, 3926.138086639096, 3697.6667922283477, 3782.159150367534, 3641.366173978552], [4438.451288724951, 4593.682516295009, 4772.682783771904, 4593.925601783373, 4477.787826275433, 4320.317501779519, 4108.455732474643, 3930.6427177567375, 4451.171690575752, 4299.943548025895, 4423.436229068237, 4583.589299383485, 4538.665368219122, 5021.1339742290675, 4779.339672888917, 4518.47068899211, 4580.228015794694, 4408.805965027643, 4548.573855210609, 4367.670435087396, 4296.294489081152, 4058.105205974742, 4110.714137965961, 3860.053163894987, 3939.429500973155, 3841.821699998975], [4434.134550816178, 4598.4091361208175, 4774.702252506084, 4597.942871838741, 4390.480378354005, 4282.790912125647, 4097.775271163019, 3923.6349513838036, 4444.438523725421, 4310.6782246963085, 4400.048308662465, 4577.97726808679, 4560.416539780988, 4779.339672888917, 5020.291167306395, 4620.023214945771, 4573.220719767405, 4293.910409081101, 4383.054055629265, 4325.180485812663, 4279.732181967718, 4054.7520507731974, 4110.5901874825, 3844.6370527979657, 3948.5572319689772, 3826.677443664931], [4292.373329041511, 4442.683651134126, 4597.787048114982, 4773.981743191022, 4601.321159981684, 4415.668605761982, 4252.738599506644, 4101.046322245473, 4290.438683440245, 4217.0618970377955, 4235.761633867558, 4341.097967215431, 4503.449789365117, 4518.47068899211, 4620.023214945771, 5021.468022299827, 4779.820473982659, 4630.956267581272, 4549.0302840271615, 4361.608199370018, 4428.253574506309, 4213.8706242221815, 4256.794099910467, 4010.0117322643127, 4154.001845581062, 4005.8743176578655], [4251.742166815976, 4432.439997475579, 4598.886323717003, 4769.598912734348, 4592.240690865391, 4422.233918434859, 4285.060848289468, 4145.050217412881, 4257.717526784319, 4190.461997376559, 4149.210344328378, 4383.719146751705, 4458.990630511869, 4580.228015794694, 4573.220719767405, 4779.820473982659, 5012.176825911778, 4583.323268180088, 4563.734045563396, 4416.53383647386, 4376.706759756878, 4259.355331035391, 4286.721673395904, 4054.5430979694956, 4197.751749543485, 4057.0976958551796], [4105.945295839386, 4198.013700439792, 4379.086368475392, 4600.789130137566, 4768.6920891782265, 4594.111320131645, 4420.887899358532, 4258.933405080035, 4147.875695963042, 4028.4901815079097, 4049.755485900931, 4097.772729251175, 4194.846007879332, 4408.805965027643, 4293.910409081101, 4630.956267581272, 4583.323268180088, 5014.819817636638, 4770.6518831603325, 4570.833134098783, 4579.404609374572, 4442.74696051403, 4360.681903823352, 4192.380454676232, 4296.224021815735, 4146.2224289285505], [4161.560046685176, 4274.316392158182, 4459.903845311441, 4591.0849618534785, 4760.467574591058, 4586.134562390469, 4414.241894293949, 4288.721958367343, 4207.804917103611, 4071.2745858519024, 4100.3130223590915, 4191.938427207364, 4269.704271946173, 4548.573855210609, 4383.054055629265, 4549.0302840271615, 4563.734045563396, 4770.6518831603325, 5001.736082474869, 4582.521266461887, 4553.06515619193, 4402.880463639641, 4358.74707352849, 4260.281129370524, 4317.378320223055, 4175.902183546168], [3955.217167661911, 4071.9728410653834, 4308.803749236093, 4424.24439891875, 4593.95570115637, 4768.588313564603, 4590.082520030005, 4409.891757664797, 4043.756890446575, 3847.604540560696, 3864.337913180751, 3988.1799130939626, 4033.380106153361, 4367.670435087396, 4325.180485812663, 4361.608199370018, 4416.53383647386, 4570.833134098783, 4582.521266461887, 5019.464607487571, 4772.295843455444, 4564.676961587886, 4575.614175273224, 4379.297698346458, 4374.616850659403, 4316.699989914426], [3954.636798838353, 4070.4070057529534, 4275.68454459598, 4422.1132744884735, 4586.007239225266, 4761.459572390748, 4584.026807303493, 4426.561009949157, 4029.9588455850003, 3848.163086144298, 3873.945593054804, 4001.867827627876, 4042.124751902592, 4296.294489081152, 4279.732181967718, 4428.253574506309, 4376.706759756878, 4579.404609374572, 4553.06515619193, 4772.295843455444, 5004.77300739016, 4547.173953112782, 4562.207022540016, 4394.957118117592, 4383.843529077612, 4358.7002789348], [3797.7447593769884, 3887.7916892408093, 4067.5278182191673, 4246.158338622707, 4424.916312304145, 4582.113231045665, 4761.3566418236105, 4586.265628472668, 3890.522419257333, 3711.41847732172, 3705.807368677854, 3788.8862842672306, 3886.854785240096, 4058.105205974742, 4054.7520507731974, 4213.8706242221815, 4259.355331035391, 4442.74696051403, 4402.880463639641, 4564.676961587886, 4547.173953112782, 5006.546007391259, 4760.408390206486, 4500.165332004414, 4572.730784908617, 4514.755404314718], [3858.0273914399504, 3940.447543913599, 4115.376682715503, 4270.317133628244, 4394.7158045198585, 4580.990133226966, 4760.43437635042, 4590.053312794079, 3955.383630392407, 3759.04202427666, 3779.899334505297, 3850.260760991559, 3926.138086639096, 4110.714137965961, 4110.5901874825, 4256.794099910467, 4286.721673395904, 4360.681903823352, 4358.74707352849, 4575.614175273224, 4562.207022540016, 4760.408390206486, 5001.67682812244, 4553.749446883631, 4482.963447178123, 4566.647387361188], [3641.2962514205133, 3719.985721183942, 3871.5182625901193, 4045.1037778372743, 4229.033206666718, 4398.287110059669, 4562.878303018843, 4764.707701287731, 3706.0649570109726, 3575.022548052256, 3564.9981772772708, 3660.4017952605045, 3697.6667922283477, 3860.053163894987, 3844.6370527979657, 4010.0117322643127, 4054.5430979694956, 4192.380454676232, 4260.281129370524, 4379.297698346458, 4394.957118117592, 4500.165332004414, 4553.749446883631, 4982.409996120582, 4734.510028241165, 4716.374385990072], [3714.174610838583, 3795.5087802214166, 3965.7761585464086, 4162.971059267775, 4304.449770235998, 4413.02242421417, 4567.861794778363, 4772.252716931615, 3773.054985905361, 3658.235923288425, 3633.2235771024007, 3712.917016487628, 3782.159150367534, 3939.429500973155, 3948.5572319689772, 4154.001845581062, 4197.751749543485, 4296.224021815735, 4317.378320223055, 4374.616850659403, 4383.843529077612, 4572.730784908617, 4482.963447178123, 4734.510028241165, 4994.266817317468, 4729.817446811344], [3594.3685221837595, 3665.605858620083, 3846.1873049110795, 4028.955409497656, 4181.046133702645, 4358.082469209045, 4559.743773885262, 4759.68148744054, 3678.762801740915, 3519.0071025086645, 3514.776092101572, 3579.626634282301, 3641.366173978552, 3841.821699998975, 3826.677443664931, 4005.8743176578655, 4057.0976958551796, 4146.2224289285505, 4175.902183546168