{"resp_b": 0.1, "restrained_fit": true, "exclude_hydrogens": true, "convergence_tolerance": 1e-06, "max_iter": 500, "resp_a": 0.0005, "charge_constraints": {"charge_sum_constraints": [], "charge_equivalence_constraints": [], "molecules": [{"qcmol": {"schema_name": "qcschema_molecule", "schema_version": 2, "validated": true, "symbols": ["C", "C", "C", "C", "C", "O", "H", "H", "H", "H", "H", "H", "H", "H", "H", "H", "H", "H"], "geometry": [[0.0, 0.0, 0.0], [2.8908846796042176, -4.683400828836664e-17, 1.1147769694963897e-15], [4.096288566033367, 2.6333244064711914, 1.1102230246251565e-16], [3.5898793221393843, 4.184567004536145, -2.387947383956515], [5.013408977451821, 6.690349565194975, -2.43412441724986], [7.650982936176836, 6.394338557361647, -2.3705253094494547], [-0.7296067311157125, -1.9124505503400093, 0.1396620392029137], [-0.7686505310245082, 0.8253236547015422, -1.7127617911635995], [-0.7369111139160873, 1.0656151752372551, 1.5934634276220245], [3.550014739216726, -1.0146492811102723, 1.6602961895211976], [3.572633869114668, -1.0604671213481127, -1.6251066647443904], [6.123924069832458, 2.438433700526898, 0.23274379117840477], [3.426544833156353, 3.6849466602882974, 1.6374813210542114], [1.584728459732081, 4.590298849034392, -2.5760714747655573], [4.114586294424418, 3.0861464060073365, -4.051326053764361], [4.4557251867313905, 7.782432927111958, -4.085880682630349], [4.539872262523755, 7.801221045656247, -0.7817314032717837], [8.189319105469536, 5.571641908844204, -3.8664763530483035]], "name": "C5H12O", "identifiers": {"molecule_hash": "fa4c90d2f8ad601e79a1a4b37b6dfb5232c9911f", "molecular_formula": "C5H12O"}, "molecular_charge": 0.0, "molecular_multiplicity": 1, "connectivity": [[0, 1, 1.0], [0, 6, 1.0], [0, 7, 1.0], [0, 8, 1.0], [1, 2, 1.0], [1, 9, 1.0], [1, 10, 1.0], [2, 3, 1.0], [2, 11, 1.0], [2, 12, 1.0], [3, 4, 1.0], [3, 13, 1.0], [3, 14, 1.0], [4, 5, 1.0], [4, 15, 1.0], [4, 16, 1.0], [5, 17, 1.0]], "fix_com": true, "fix_orientation": true, "provenance": {"creator": "QCElemental", "version": "v0.22.0", "routine": "qcelemental.molparse.from_schema"}, "id": "30837"}, "charge": 0, "optimize_geometry": false, "conformers": [], "conformer_generation_options": {"n_conformer_pool": 4000, "n_max_conformers": 0, "rms_tolerance": 0.05, "energy_window": 15, "keep_original_conformer": true}, "stage_1_unrestrained_charges": null, "stage_1_restrained_charges": null, "stage_2_unrestrained_charges": null, "stage_2_restrained_charges": null, "keep_original_orientation": false, "reorientations": [], "translations": [], "rotations": []}], "unconstrained_atoms": [{"index": 0, "molecule": {"qcmol": {"schema_name": "qcschema_molecule", "schema_version": 2, "validated": true, "symbols": ["C", "C", "C", "C", "C", "O", "H", "H", "H", "H", "H", "H", "H", "H", "H", "H", "H", "H"], "geometry": [[0.0, 0.0, 0.0], [2.8908846796042176, -4.683400828836664e-17, 1.1147769694963897e-15], [4.096288566033367, 2.6333244064711914, 1.1102230246251565e-16], [3.5898793221393843, 4.184567004536145, -2.387947383956515], [5.013408977451821, 6.690349565194975, -2.43412441724986], [7.650982936176836, 6.394338557361647, -2.3705253094494547], [-0.7296067311157125, -1.9124505503400093, 0.1396620392029137], [-0.7686505310245082, 0.8253236547015422, -1.7127617911635995], [-0.7369111139160873, 1.0656151752372551, 1.5934634276220245], [3.550014739216726, -1.0146492811102723, 1.6602961895211976], [3.572633869114668, -1.0604671213481127, -1.6251066647443904], [6.123924069832458, 2.438433700526898, 0.23274379117840477], [3.426544833156353, 3.6849466602882974, 1.6374813210542114], [1.584728459732081, 4.590298849034392, -2.5760714747655573], [4.114586294424418, 3.0861464060073365, -4.051326053764361], [4.4557251867313905, 7.782432927111958, -4.085880682630349], [4.539872262523755, 7.801221045656247, -0.7817314032717837], [8.189319105469536, 5.571641908844204, -3.8664763530483035]], "name": "C5H12O", "identifiers": {"molecule_hash": "fa4c90d2f8ad601e79a1a4b37b6dfb5232c9911f", "molecular_formula": "C5H12O"}, "molecular_charge": 0.0, "molecular_multiplicity": 1, "connectivity": [[0, 1, 1.0], [0, 6, 1.0], [0, 7, 1.0], [0, 8, 1.0], [1, 2, 1.0], [1, 9, 1.0], [1, 10, 1.0], [2, 3, 1.0], [2, 11, 1.0], [2, 12, 1.0], [3, 4, 1.0], [3, 13, 1.0], [3, 14, 1.0], [4, 5, 1.0], [4, 15, 1.0], [4, 16, 1.0], [5, 17, 1.0]], "fix_com": true, "fix_orientation": true, "provenance": {"creator": "QCElemental", "version": "v0.22.0", "routine": "qcelemental.molparse.from_schema"}, "id": "30837"}, "charge": 0, "optimize_geometry": false, "conformers": [], "conformer_generation_options": {"n_conformer_pool": 4000, "n_max_conformers": 0, "rms_tolerance": 0.05, "energy_window": 15, "keep_original_conformer": true}, "stage_1_unrestrained_charges": null, "stage_1_restrained_charges": null, "stage_2_unrestrained_charges": null, "stage_2_restrained_charges": null, "keep_original_orientation": false, "reorientations": [], "translations": [], "rotations": []}}, {"index": 1, "molecule": {"qcmol": {"schema_name": "qcschema_molecule", "schema_version": 2, "validated": true, "symbols": ["C", "C", "C", "C", "C", "O", "H", "H", "H", "H", "H", "H", "H", "H", "H", "H", "H", "H"], "geometry": [[0.0, 0.0, 0.0], [2.8908846796042176, -4.683400828836664e-17, 1.1147769694963897e-15], [4.096288566033367, 2.6333244064711914, 1.1102230246251565e-16], [3.5898793221393843, 4.184567004536145, -2.387947383956515], [5.013408977451821, 6.690349565194975, -2.43412441724986], [7.650982936176836, 6.394338557361647, -2.3705253094494547], [-0.7296067311157125, -1.9124505503400093, 0.1396620392029137], [-0.7686505310245082, 0.8253236547015422, -1.7127617911635995], [-0.7369111139160873, 1.0656151752372551, 1.5934634276220245], [3.550014739216726, -1.0146492811102723, 1.6602961895211976], [3.572633869114668, -1.0604671213481127, -1.6251066647443904], [6.123924069832458, 2.438433700526898, 0.23274379117840477], [3.426544833156353, 3.6849466602882974, 1.6374813210542114], [1.584728459732081, 4.590298849034392, -2.5760714747655573], [4.114586294424418, 3.0861464060073365, -4.051326053764361], [4.4557251867313905, 7.782432927111958, -4.085880682630349], [4.539872262523755, 7.801221045656247, -0.7817314032717837], [8.189319105469536, 5.571641908844204, -3.8664763530483035]], "name": "C5H12O", "identifiers": {"molecule_hash": "fa4c90d2f8ad601e79a1a4b37b6dfb5232c9911f", "molecular_formula": "C5H12O"}, "molecular_charge": 0.0, "molecular_multiplicity": 1, "connectivity": [[0, 1, 1.0], [0, 6, 1.0], [0, 7, 1.0], [0, 8, 1.0], [1, 2, 1.0], [1, 9, 1.0], [1, 10, 1.0], [2, 3, 1.0], [2, 11, 1.0], [2, 12, 1.0], [3, 4, 1.0], [3, 13, 1.0], [3, 14, 1.0], [4, 5, 1.0], [4, 15, 1.0], [4, 16, 1.0], [5, 17, 1.0]], "fix_com": true, "fix_orientation": true, "provenance": {"creator": "QCElemental", "version": "v0.22.0", "routine": "qcelemental.molparse.from_schema"}, "id": "30837"}, "charge": 0, "optimize_geometry": false, "conformers": [], "conformer_generation_options": {"n_conformer_pool": 4000, "n_max_conformers": 0, "rms_tolerance": 0.05, "energy_window": 15, "keep_original_conformer": true}, "stage_1_unrestrained_charges": null, "stage_1_restrained_charges": null, "stage_2_unrestrained_charges": null, "stage_2_restrained_charges": null, "keep_original_orientation": false, "reorientations": [], "translations": [], "rotations": []}}, {"index": 2, "molecule": {"qcmol": {"schema_name": "qcschema_molecule", "schema_version": 2, "validated": true, "symbols": ["C", "C", "C", "C", "C", "O", "H", "H", "H", "H", "H", "H", "H", "H", "H", "H", "H", "H"], "geometry": [[0.0, 0.0, 0.0], [2.8908846796042176, -4.683400828836664e-17, 1.1147769694963897e-15], [4.096288566033367, 2.6333244064711914, 1.1102230246251565e-16], [3.5898793221393843, 4.184567004536145, -2.387947383956515], [5.013408977451821, 6.690349565194975, -2.43412441724986], [7.650982936176836, 6.394338557361647, -2.3705253094494547], [-0.7296067311157125, -1.9124505503400093, 0.1396620392029137], [-0.7686505310245082, 0.8253236547015422, -1.7127617911635995], [-0.7369111139160873, 1.0656151752372551, 1.5934634276220245], [3.550014739216726, -1.0146492811102723, 1.6602961895211976], [3.572633869114668, -1.0604671213481127, -1.6251066647443904], [6.123924069832458, 2.438433700526898, 0.23274379117840477], [3.426544833156353, 3.6849466602882974, 1.6374813210542114], [1.584728459732081, 4.590298849034392, -2.5760714747655573], [4.114586294424418, 3.0861464060073365, -4.051326053764361], [4.4557251867313905, 7.782432927111958, -4.085880682630349], [4.539872262523755, 7.801221045656247, -0.7817314032717837], [8.189319105469536, 5.571641908844204, -3.8664763530483035]], "name": "C5H12O", "identifiers": {"molecule_hash": "fa4c90d2f8ad601e79a1a4b37b6dfb5232c9911f", "molecular_formula": "C5H12O"}, "molecular_charge": 0.0, "molecular_multiplicity": 1, "connectivity": [[0, 1, 1.0], [0, 6, 1.0], [0, 7, 1.0], [0, 8, 1.0], [1, 2, 1.0], [1, 9, 1.0], [1, 10, 1.0], [2, 3, 1.0], [2, 11, 1.0], [2, 12, 1.0], [3, 4, 1.0], [3, 13, 1.0], [3, 14, 1.0], [4, 5, 1.0], [4, 15, 1.0], [4, 16, 1.0], [5, 17, 1.0]], "fix_com": true, "fix_orientation": true, "provenance": {"creator": "QCElemental", "version": "v0.22.0", "routine": "qcelemental.molparse.from_schema"}, "id": "30837"}, "charge": 0, "optimize_geometry": false, "conformers": [], "conformer_generation_options": {"n_conformer_pool": 4000, "n_max_conformers": 0, "rms_tolerance": 0.05, "energy_window": 15, "keep_original_conformer": true}, "stage_1_unrestrained_charges": null, "stage_1_restrained_charges": null, "stage_2_unrestrained_charges": null, "stage_2_restrained_charges": null, "keep_original_orientation": false, "reorientations": [], "translations": [], "rotations": []}}, {"index": 3, "molecule": {"qcmol": {"schema_name": "qcschema_molecule", "schema_version": 2, "validated": true, "symbols": ["C", "C", "C", "C", "C", "O", "H", "H", "H", "H", "H", "H", "H", "H", "H", "H", "H", "H"], "geometry": [[0.0, 0.0, 0.0], [2.8908846796042176, -4.683400828836664e-17, 1.1147769694963897e-15], [4.096288566033367, 2.6333244064711914, 1.1102230246251565e-16], [3.5898793221393843, 4.184567004536145, -2.387947383956515], [5.013408977451821, 6.690349565194975, -2.43412441724986], [7.650982936176836, 6.394338557361647, -2.3705253094494547], [-0.7296067311157125, -1.9124505503400093, 0.1396620392029137], [-0.7686505310245082, 0.8253236547015422, -1.7127617911635995], [-0.7369111139160873, 1.0656151752372551, 1.5934634276220245], [3.550014739216726, -1.0146492811102723, 1.6602961895211976], [3.572633869114668, -1.0604671213481127, -1.6251066647443904], [6.123924069832458, 2.438433700526898, 0.23274379117840477], [3.426544833156353, 3.6849466602882974, 1.6374813210542114], [1.584728459732081, 4.590298849034392, -2.5760714747655573], [4.114586294424418, 3.0861464060073365, -4.051326053764361], [4.4557251867313905, 7.782432927111958, -4.085880682630349], [4.539872262523755, 7.801221045656247, -0.7817314032717837], [8.189319105469536, 5.571641908844204, -3.8664763530483035]], "name": "C5H12O", "identifiers": {"molecule_hash": "fa4c90d2f8ad601e79a1a4b37b6dfb5232c9911f", "molecular_formula": "C5H12O"}, "molecular_charge": 0.0, "molecular_multiplicity": 1, "connectivity": [[0, 1, 1.0], [0, 6, 1.0], [0, 7, 1.0], [0, 8, 1.0], [1, 2, 1.0], [1, 9, 1.0], [1, 10, 1.0], [2, 3, 1.0], [2, 11, 1.0], [2, 12, 1.0], [3, 4, 1.0], [3, 13, 1.0], [3, 14, 1.0], [4, 5, 1.0], [4, 15, 1.0], [4, 16, 1.0], [5, 17, 1.0]], "fix_com": true, "fix_orientation": true, "provenance": {"creator": "QCElemental", "version": "v0.22.0", "routine": "qcelemental.molparse.from_schema"}, "id": "30837"}, "charge": 0, "optimize_geometry": false, "conformers": [], "conformer_generation_options": {"n_conformer_pool": 4000, "n_max_conformers": 0, "rms_tolerance": 0.05, "energy_window": 15, "keep_original_conformer": true}, "stage_1_unrestrained_charges": null, "stage_1_restrained_charges": null, "stage_2_unrestrained_charges": null, "stage_2_restrained_charges": null, "keep_original_orientation": false, "reorientations": [], "translations": [], "rotations": []}}, {"index": 4, "molecule": {"qcmol": {"schema_name": "qcschema_molecule", "schema_version": 2, "validated": true, "symbols": ["C", "C", "C", "C", "C", "O", "H", "H", "H", "H", "H", "H", "H", "H", "H", "H", "H", "H"], "geometry": [[0.0, 0.0, 0.0], [2.8908846796042176, -4.683400828836664e-17, 1.1147769694963897e-15], [4.096288566033367, 2.6333244064711914, 1.1102230246251565e-16], [3.5898793221393843, 4.184567004536145, -2.387947383956515], [5.013408977451821, 6.690349565194975, -2.43412441724986], [7.650982936176836, 6.394338557361647, -2.3705253094494547], [-0.7296067311157125, -1.9124505503400093, 0.1396620392029137], [-0.7686505310245082, 0.8253236547015422, -1.7127617911635995], [-0.7369111139160873, 1.0656151752372551, 1.5934634276220245], [3.550014739216726, -1.0146492811102723, 1.6602961895211976], [3.572633869114668, -1.0604671213481127, -1.6251066647443904], [6.123924069832458, 2.438433700526898, 0.23274379117840477], [3.426544833156353, 3.6849466602882974, 1.6374813210542114], [1.584728459732081, 4.590298849034392, -2.5760714747655573], [4.114586294424418, 3.0861464060073365, -4.051326053764361], [4.4557251867313905, 7.782432927111958, -4.085880682630349], [4.539872262523755, 7.801221045656247, -0.7817314032717837], [8.189319105469536, 5.571641908844204, -3.8664763530483035]], "name": "C5H12O", "identifiers": {"molecule_hash": "fa4c90d2f8ad601e79a1a4b37b6dfb5232c9911f", "molecular_formula": "C5H12O"}, "molecular_charge": 0.0, "molecular_multiplicity": 1, "connectivity": [[0, 1, 1.0], [0, 6, 1.0], [0, 7, 1.0], [0, 8, 1.0], [1, 2, 1.0], [1, 9, 1.0], [1, 10, 1.0], [2, 3, 1.0], [2, 11, 1.0], [2, 12, 1.0], [3, 4, 1.0], [3, 13, 1.0], [3, 14, 1.0], [4, 5, 1.0], [4, 15, 1.0], [4, 16, 1.0], [5, 17, 1.0]], "fix_com": true, "fix_orientation": true, "provenance": {"creator": "QCElemental", "version": "v0.22.0", "routine": "qcelemental.molparse.from_schema"}, "id": "30837"}, "charge": 0, "optimize_geometry": false, "conformers": [], "conformer_generation_options": {"n_conformer_pool": 4000, "n_max_conformers": 0, "rms_tolerance": 0.05, "energy_window": 15, "keep_original_conformer": true}, "stage_1_unrestrained_charges": null, "stage_1_restrained_charges": null, "stage_2_unrestrained_charges": null, "stage_2_restrained_charges": null, "keep_original_orientation": false, "reorientations": [], "translations": [], "rotations": []}}]}, "surface_constraints": {"matrix": [[155973436511407.56, 151112360072026.66, 144843281816601.44, 138245032446739.38, 130607431175810.4, 124800998083942.22, 156419493353155.22, 156522695688533.62, 156616999070571.38, 150433485585217.6, 150571711554132.47, 143623163019174.2, 144873877662869.47, 139165263409702.03, 136812594415991.56, 130500644163431.33, 128455459362478.73, 121783396469823.36], [151112360072026.66, 155223716756147.62, 150800840565964.56, 144626856729038.6, 137305218295366.11, 131984759063613.94, 149346696193407.66, 149361416360829.78, 149452495967863.62, 157152125848975.9, 157400480177120.56, 150575607944659.16, 150599745840059.25, 145187682415843.38, 143391369662425.7, 137250010997728.84, 134769597404447.58, 129324411422944.5], [144843281816601.44, 150800840565964.56, 154828015979955.12, 150462053878817.84, 144380494138704.75, 140344634672445.05, 141631121416101.4, 142954949127091.5, 143849909372364.2, 150240423434809.28, 150596692068101.8, 157073727683923.03, 157161540477773.25, 150154669208963.34, 150147112403295.2, 143024297321313.2, 142716956601860.25, 137533982130608.17], [138245032446739.38, 144626856729038.6, 150462053878817.84, 154486471234228.25, 150167916661440.6, 145891142006519.7, 134989926574614.02, 136942665988117.92, 136682443208976.98, 144331167024480.7, 143482733078496.28, 150242015684060.6, 150312715356511.25, 156794008299160.16, 156652192897020.38, 149200091960131.72, 149203980937997.6, 143579779493659.62], [130607431175810.4, 137305218295366.11, 144380494138704.75, 150167916661440.6, 154396909690454.75, 152019556599538.25, 127321578412945.02, 128708471077560.03, 129598800208488.6, 137411382437589.42, 135430217350203.88, 143798243055146.84, 144586941282585.6, 150069798469430.75, 149801560025232.4, 155855940095967.38, 155783342212767.12, 150290331937628.72], [124800998083942.22, 131984759063613.94, 140344634672445.05, 145891142006519.7, 152019556599538.25, 158646449206964.28, 122049157414038.81, 122313311311254.3, 123583917009703.72, 132206524910019.9, 129591514895841.36, 140965805870918.78, 140730716410480.83, 143307494960410.53, 146486468026442.62, 150763617688318.97, 150729249096275.12, 158199153508326.66], [156419493353155.22, 149346696193407.66, 141631121416101.4, 134989926574614.02, 127321578412945.02, 122049157414038.81, 163627000094731.44, 154575306141646.8, 154558879205470.1, 149392138638918.1, 147671128660194.2, 140932978507134.16, 140287613792328.73, 135888474046492.19, 133659269549531.34, 127123967066957.45, 124892949830092.84, 119158775064129.28], [156522695688533.62, 149361416360829.78, 142954949127091.5, 136942665988117.92, 128708471077560.03, 122313311311254.3, 154575306141646.8, 163891297749834.88, 154743558040631.78, 147587358793254.84, 148343460031298.7, 140959286249438.44, 143233760416816.25, 138589608751112.39, 135797649884953.1, 128481721572480.6, 126755221632231.22, 119401502135811.4], [156616999070571.38, 149452495967863.62, 143849909372364.2, 136682443208976.98, 129598800208488.6, 123583917009703.72, 154558879205470.1, 154743558040631.78, 164233961413667.78, 147056382743694.22, 148318933081084.22, 142253940498909.9, 145167406137780.2, 137223703129811.47, 134780655339256.31, 129632478420090.0, 127876485068787.36, 120069128414538.02], [150433485585217.6, 157152125848975.9, 150240423434809.28, 144331167024480.7, 137411382437589.42, 132206524910019.9, 149392138638918.1, 147587358793254.84, 147056382743694.22, 165755549300197.06, 156843311406643.03, 150037856022852.97, 147793191084173.94, 144980315469162.25, 142862141944679.94, 138313934785933.92, 134220879761781.88, 129328441241772.55], [150571711554132.47, 157400480177120.56, 150596692068101.8, 143482733078496.28, 135430217350203.88, 129591514895841.36, 147671128660194.2, 148343460031298.7, 148318933081084.22, 156843311406643.03, 166179209461176.6, 149229168431769.12, 150386798737595.3, 144212902219176.12, 142057190330810.72, 135508923786857.16, 132674346921657.5, 127600997527428.1], [143623163019174.2, 150575607944659.16, 157073727683923.03, 150242015684060.6, 143798243055146.84, 140965805870918.78, 140932978507134.16, 140959286249438.44, 142253940498909.9, 150037856022852.97, 149229168431769.12, 165770101937568.9, 156970105294595.1, 147479422192254.62, 150664900347267.66, 142091530724788.84, 141304988088741.53, 138191422634000.0], [144873877662869.47, 150599745840059.25, 157161540477773.25, 150312715356511.25, 144586941282585.6, 140730716410480.83, 140287613792328.73, 143233760416816.25, 145167406137780.2, 147793191084173.94, 150386798737595.3, 156970105294595.1, 166068895106389.72, 149605309568141.7, 148066100396168.0, 142270417883359.88, 144022050696571.47, 137394477861241.47], [139165263409702.03, 145187682415843.38, 150154669208963.34, 156794008299160.16, 150069798469430.75, 143307494960410.53, 135888474046492.19, 138589608751112.39, 137223703129811.47, 144980315469162.25, 144212902219176.12, 147479422192254.62, 149605309568141.7, 165598359034216.2, 156549711220382.9, 148776507437650.1, 149552878805937.12, 141022644197937.72], [136812594415991.56, 143391369662425.7, 150147112403295.2, 156652192897020.38, 149801560025232.4, 146486468026442.62, 133659269549531.34, 135797649884953.1, 134780655339256.31, 142862141944679.94, 142057190330810.72, 150664900347267.66, 148066100396168.0, 156549711220382.9, 165295707303419.6, 147669744880578.12, 147164912015459.06, 144242700424325.94], [130500644163431.33, 137250010997728.84, 143024297321313.2, 149200091960131.72, 155855940095967.38, 150763617688318.97, 127123967066957.45, 128481721572480.6, 129632478420090.0, 138313934785933.92, 135508923786857.16, 142091530724788.84, 142270417883359.88, 148776507437650.1, 147669744880578.12, 163948029057486.38, 154778288064298.1, 149275680848512.9], [128455459362478.73, 134769597404447.58, 142716956601860.25, 149203980937997.6, 155783342212767.12, 150729249096275.12, 124892949830092.84, 126755221632231.22, 127876485068787.36, 134220879761781.88, 132674346921657.5, 141304988088741.53, 144022050696571.47, 149552878805937.12, 147164912015459.06, 154778288064298.1, 163720491676089.3, 147980638200205.25], [121783396469823.36, 129324411422944.5, 137533982130608.17, 143579779493659.62, 150290331937628.72, 158199153508326.66, 119158775064129.28, 119401502135811.4, 120069128414538.02, 129328441241772.55, 127600997527428.1, 138191422634000.0, 137394477861241.47, 141022644197937.72, 144242700424325.94, 149275680848512.9, 147980638200205.25, 163626759527496.34], [714798896341.7477, 811276427677.1658, 485135097585.05927, 551109600540.2217, 132587130332.83502, -1474749951106.654, 628742649415.6337, 846964548213.3475, 596018203660.0371, 747510400740.8234, 1138621780365.4536, 282093016056.90076, 320205386413.1664, 1067039622486.5782, 432921617701.3106, 728878355867.7549, 351026234494.15186, 317561394076.3687]]}}