{"resp_b": 0.1, "restrained_fit": true, "exclude_hydrogens": true, "convergence_tolerance": 1e-06, "max_iter": 500, "resp_a": 0.0005, "charge_constraints": {"charge_sum_constraints": [], "charge_equivalence_constraints": [], "molecules": [{"qcmol": {"schema_name": "qcschema_molecule", "schema_version": 2, "validated": true, "symbols": ["C", "C", "C", "C", "C", "O", "H", "H", "H", "H", "H", "H", "H", "H", "H", "H", "H", "H"], "geometry": [[0.0, 0.0, 0.0], [2.8908846796042176, -4.683400828836664e-17, 1.1147769694963897e-15], [4.096288566033367, 2.6333244064711914, 1.1102230246251565e-16], [3.5898793221393843, 4.184567004536145, -2.387947383956515], [5.013408977451821, 6.690349565194975, -2.43412441724986], [7.650982936176836, 6.394338557361647, -2.3705253094494547], [-0.7296067311157125, -1.9124505503400093, 0.1396620392029137], [-0.7686505310245082, 0.8253236547015422, -1.7127617911635995], [-0.7369111139160873, 1.0656151752372551, 1.5934634276220245], [3.550014739216726, -1.0146492811102723, 1.6602961895211976], [3.572633869114668, -1.0604671213481127, -1.6251066647443904], [6.123924069832458, 2.438433700526898, 0.23274379117840477], [3.426544833156353, 3.6849466602882974, 1.6374813210542114], [1.584728459732081, 4.590298849034392, -2.5760714747655573], [4.114586294424418, 3.0861464060073365, -4.051326053764361], [4.4557251867313905, 7.782432927111958, -4.085880682630349], [4.539872262523755, 7.801221045656247, -0.7817314032717837], [8.189319105469536, 5.571641908844204, -3.8664763530483035]], "name": "C5H12O", "identifiers": {"molecule_hash": "fa4c90d2f8ad601e79a1a4b37b6dfb5232c9911f", "molecular_formula": "C5H12O"}, "molecular_charge": 0.0, "molecular_multiplicity": 1, "connectivity": [[0, 1, 1.0], [0, 6, 1.0], [0, 7, 1.0], [0, 8, 1.0], [1, 2, 1.0], [1, 9, 1.0], [1, 10, 1.0], [2, 3, 1.0], [2, 11, 1.0], [2, 12, 1.0], [3, 4, 1.0], [3, 13, 1.0], [3, 14, 1.0], [4, 5, 1.0], [4, 15, 1.0], [4, 16, 1.0], [5, 17, 1.0]], "fix_com": true, "fix_orientation": true, "provenance": {"creator": "QCElemental", "version": "v0.22.0", "routine": "qcelemental.molparse.from_schema"}, "id": "30837"}, "charge": 0, "optimize_geometry": false, "conformers": [], "conformer_generation_options": {"n_conformer_pool": 4000, "n_max_conformers": 0, "rms_tolerance": 0.05, "energy_window": 15, "keep_original_conformer": true}, "stage_1_unrestrained_charges": null, "stage_1_restrained_charges": null, "stage_2_unrestrained_charges": null, "stage_2_restrained_charges": null, "keep_original_orientation": false, "reorientations": [], "translations": [], "rotations": []}], "unconstrained_atoms": [{"index": 0, "molecule": {"qcmol": {"schema_name": "qcschema_molecule", "schema_version": 2, "validated": true, "symbols": ["C", "C", "C", "C", "C", "O", "H", "H", "H", "H", "H", "H", "H", "H", "H", "H", "H", "H"], "geometry": [[0.0, 0.0, 0.0], [2.8908846796042176, -4.683400828836664e-17, 1.1147769694963897e-15], [4.096288566033367, 2.6333244064711914, 1.1102230246251565e-16], [3.5898793221393843, 4.184567004536145, -2.387947383956515], [5.013408977451821, 6.690349565194975, -2.43412441724986], [7.650982936176836, 6.394338557361647, -2.3705253094494547], [-0.7296067311157125, -1.9124505503400093, 0.1396620392029137], [-0.7686505310245082, 0.8253236547015422, -1.7127617911635995], [-0.7369111139160873, 1.0656151752372551, 1.5934634276220245], [3.550014739216726, -1.0146492811102723, 1.6602961895211976], [3.572633869114668, -1.0604671213481127, -1.6251066647443904], [6.123924069832458, 2.438433700526898, 0.23274379117840477], [3.426544833156353, 3.6849466602882974, 1.6374813210542114], [1.584728459732081, 4.590298849034392, -2.5760714747655573], [4.114586294424418, 3.0861464060073365, -4.051326053764361], [4.4557251867313905, 7.782432927111958, -4.085880682630349], [4.539872262523755, 7.801221045656247, -0.7817314032717837], [8.189319105469536, 5.571641908844204, -3.8664763530483035]], "name": "C5H12O", "identifiers": {"molecule_hash": "fa4c90d2f8ad601e79a1a4b37b6dfb5232c9911f", "molecular_formula": "C5H12O"}, "molecular_charge": 0.0, "molecular_multiplicity": 1, "connectivity": [[0, 1, 1.0], [0, 6, 1.0], [0, 7, 1.0], [0, 8, 1.0], [1, 2, 1.0], [1, 9, 1.0], [1, 10, 1.0], [2, 3, 1.0], [2, 11, 1.0], [2, 12, 1.0], [3, 4, 1.0], [3, 13, 1.0], [3, 14, 1.0], [4, 5, 1.0], [4, 15, 1.0], [4, 16, 1.0], [5, 17, 1.0]], "fix_com": true, "fix_orientation": true, "provenance": {"creator": "QCElemental", "version": "v0.22.0", "routine": "qcelemental.molparse.from_schema"}, "id": "30837"}, "charge": 0, "optimize_geometry": false, "conformers": [], "conformer_generation_options": {"n_conformer_pool": 4000, "n_max_conformers": 0, "rms_tolerance": 0.05, "energy_window": 15, "keep_original_conformer": true}, "stage_1_unrestrained_charges": null, "stage_1_restrained_charges": null, "stage_2_unrestrained_charges": null, "stage_2_restrained_charges": null, "keep_original_orientation": false, "reorientations": [], "translations": [], "rotations": []}}, {"index": 1, "molecule": {"qcmol": {"schema_name": "qcschema_molecule", "schema_version": 2, "validated": true, "symbols": ["C", "C", "C", "C", "C", "O", "H", "H", "H", "H", "H", "H", "H", "H", "H", "H", "H", "H"], "geometry": [[0.0, 0.0, 0.0], [2.8908846796042176, -4.683400828836664e-17, 1.1147769694963897e-15], [4.096288566033367, 2.6333244064711914, 1.1102230246251565e-16], [3.5898793221393843, 4.184567004536145, -2.387947383956515], [5.013408977451821, 6.690349565194975, -2.43412441724986], [7.650982936176836, 6.394338557361647, -2.3705253094494547], [-0.7296067311157125, -1.9124505503400093, 0.1396620392029137], [-0.7686505310245082, 0.8253236547015422, -1.7127617911635995], [-0.7369111139160873, 1.0656151752372551, 1.5934634276220245], [3.550014739216726, -1.0146492811102723, 1.6602961895211976], [3.572633869114668, -1.0604671213481127, -1.6251066647443904], [6.123924069832458, 2.438433700526898, 0.23274379117840477], [3.426544833156353, 3.6849466602882974, 1.6374813210542114], [1.584728459732081, 4.590298849034392, -2.5760714747655573], [4.114586294424418, 3.0861464060073365, -4.051326053764361], [4.4557251867313905, 7.782432927111958, -4.085880682630349], [4.539872262523755, 7.801221045656247, -0.7817314032717837], [8.189319105469536, 5.571641908844204, -3.8664763530483035]], "name": "C5H12O", "identifiers": {"molecule_hash": "fa4c90d2f8ad601e79a1a4b37b6dfb5232c9911f", "molecular_formula": "C5H12O"}, "molecular_charge": 0.0, "molecular_multiplicity": 1, "connectivity": [[0, 1, 1.0], [0, 6, 1.0], [0, 7, 1.0], [0, 8, 1.0], [1, 2, 1.0], [1, 9, 1.0], [1, 10, 1.0], [2, 3, 1.0], [2, 11, 1.0], [2, 12, 1.0], [3, 4, 1.0], [3, 13, 1.0], [3, 14, 1.0], [4, 5, 1.0], [4, 15, 1.0], [4, 16, 1.0], [5, 17, 1.0]], "fix_com": true, "fix_orientation": true, "provenance": {"creator": "QCElemental", "version": "v0.22.0", "routine": "qcelemental.molparse.from_schema"}, "id": "30837"}, "charge": 0, "optimize_geometry": false, "conformers": [], "conformer_generation_options": {"n_conformer_pool": 4000, "n_max_conformers": 0, "rms_tolerance": 0.05, "energy_window": 15, "keep_original_conformer": true}, "stage_1_unrestrained_charges": null, "stage_1_restrained_charges": null, "stage_2_unrestrained_charges": null, "stage_2_restrained_charges": null, "keep_original_orientation": false, "reorientations": [], "translations": [], "rotations": []}}, {"index": 2, "molecule": {"qcmol": {"schema_name": "qcschema_molecule", "schema_version": 2, "validated": true, "symbols": ["C", "C", "C", "C", "C", "O", "H", "H", "H", "H", "H", "H", "H", "H", "H", "H", "H", "H"], "geometry": [[0.0, 0.0, 0.0], [2.8908846796042176, -4.683400828836664e-17, 1.1147769694963897e-15], [4.096288566033367, 2.6333244064711914, 1.1102230246251565e-16], [3.5898793221393843, 4.184567004536145, -2.387947383956515], [5.013408977451821, 6.690349565194975, -2.43412441724986], [7.650982936176836, 6.394338557361647, -2.3705253094494547], [-0.7296067311157125, -1.9124505503400093, 0.1396620392029137], [-0.7686505310245082, 0.8253236547015422, -1.7127617911635995], [-0.7369111139160873, 1.0656151752372551, 1.5934634276220245], [3.550014739216726, -1.0146492811102723, 1.6602961895211976], [3.572633869114668, -1.0604671213481127, -1.6251066647443904], [6.123924069832458, 2.438433700526898, 0.23274379117840477], [3.426544833156353, 3.6849466602882974, 1.6374813210542114], [1.584728459732081, 4.590298849034392, -2.5760714747655573], [4.114586294424418, 3.0861464060073365, -4.051326053764361], [4.4557251867313905, 7.782432927111958, -4.085880682630349], [4.539872262523755, 7.801221045656247, -0.7817314032717837], [8.189319105469536, 5.571641908844204, -3.8664763530483035]], "name": "C5H12O", "identifiers": {"molecule_hash": "fa4c90d2f8ad601e79a1a4b37b6dfb5232c9911f", "molecular_formula": "C5H12O"}, "molecular_charge": 0.0, "molecular_multiplicity": 1, "connectivity": [[0, 1, 1.0], [0, 6, 1.0], [0, 7, 1.0], [0, 8, 1.0], [1, 2, 1.0], [1, 9, 1.0], [1, 10, 1.0], [2, 3, 1.0], [2, 11, 1.0], [2, 12, 1.0], [3, 4, 1.0], [3, 13, 1.0], [3, 14, 1.0], [4, 5, 1.0], [4, 15, 1.0], [4, 16, 1.0], [5, 17, 1.0]], "fix_com": true, "fix_orientation": true, "provenance": {"creator": "QCElemental", "version": "v0.22.0", "routine": "qcelemental.molparse.from_schema"}, "id": "30837"}, "charge": 0, "optimize_geometry": false, "conformers": [], "conformer_generation_options": {"n_conformer_pool": 4000, "n_max_conformers": 0, "rms_tolerance": 0.05, "energy_window": 15, "keep_original_conformer": true}, "stage_1_unrestrained_charges": null, "stage_1_restrained_charges": null, "stage_2_unrestrained_charges": null, "stage_2_restrained_charges": null, "keep_original_orientation": false, "reorientations": [], "translations": [], "rotations": []}}, {"index": 3, "molecule": {"qcmol": {"schema_name": "qcschema_molecule", "schema_version": 2, "validated": true, "symbols": ["C", "C", "C", "C", "C", "O", "H", "H", "H", "H", "H", "H", "H", "H", "H", "H", "H", "H"], "geometry": [[0.0, 0.0, 0.0], [2.8908846796042176, -4.683400828836664e-17, 1.1147769694963897e-15], [4.096288566033367, 2.6333244064711914, 1.1102230246251565e-16], [3.5898793221393843, 4.184567004536145, -2.387947383956515], [5.013408977451821, 6.690349565194975, -2.43412441724986], [7.650982936176836, 6.394338557361647, -2.3705253094494547], [-0.7296067311157125, -1.9124505503400093, 0.1396620392029137], [-0.7686505310245082, 0.8253236547015422, -1.7127617911635995], [-0.7369111139160873, 1.0656151752372551, 1.5934634276220245], [3.550014739216726, -1.0146492811102723, 1.6602961895211976], [3.572633869114668, -1.0604671213481127, -1.6251066647443904], [6.123924069832458, 2.438433700526898, 0.23274379117840477], [3.426544833156353, 3.6849466602882974, 1.6374813210542114], [1.584728459732081, 4.590298849034392, -2.5760714747655573], [4.114586294424418, 3.0861464060073365, -4.051326053764361], [4.4557251867313905, 7.782432927111958, -4.085880682630349], [4.539872262523755, 7.801221045656247, -0.7817314032717837], [8.189319105469536, 5.571641908844204, -3.8664763530483035]], "name": "C5H12O", "identifiers": {"molecule_hash": "fa4c90d2f8ad601e79a1a4b37b6dfb5232c9911f", "molecular_formula": "C5H12O"}, "molecular_charge": 0.0, "molecular_multiplicity": 1, "connectivity": [[0, 1, 1.0], [0, 6, 1.0], [0, 7, 1.0], [0, 8, 1.0], [1, 2, 1.0], [1, 9, 1.0], [1, 10, 1.0], [2, 3, 1.0], [2, 11, 1.0], [2, 12, 1.0], [3, 4, 1.0], [3, 13, 1.0], [3, 14, 1.0], [4, 5, 1.0], [4, 15, 1.0], [4, 16, 1.0], [5, 17, 1.0]], "fix_com": true, "fix_orientation": true, "provenance": {"creator": "QCElemental", "version": "v0.22.0", "routine": "qcelemental.molparse.from_schema"}, "id": "30837"}, "charge": 0, "optimize_geometry": false, "conformers": [], "conformer_generation_options": {"n_conformer_pool": 4000, "n_max_conformers": 0, "rms_tolerance": 0.05, "energy_window": 15, "keep_original_conformer": true}, "stage_1_unrestrained_charges": null, "stage_1_restrained_charges": null, "stage_2_unrestrained_charges": null, "stage_2_restrained_charges": null, "keep_original_orientation": false, "reorientations": [], "translations": [], "rotations": []}}, {"index": 4, "molecule": {"qcmol": {"schema_name": "qcschema_molecule", "schema_version": 2, "validated": true, "symbols": ["C", "C", "C", "C", "C", "O", "H", "H", "H", "H", "H", "H", "H", "H", "H", "H", "H", "H"], "geometry": [[0.0, 0.0, 0.0], [2.8908846796042176, -4.683400828836664e-17, 1.1147769694963897e-15], [4.096288566033367, 2.6333244064711914, 1.1102230246251565e-16], [3.5898793221393843, 4.184567004536145, -2.387947383956515], [5.013408977451821, 6.690349565194975, -2.43412441724986], [7.650982936176836, 6.394338557361647, -2.3705253094494547], [-0.7296067311157125, -1.9124505503400093, 0.1396620392029137], [-0.7686505310245082, 0.8253236547015422, -1.7127617911635995], [-0.7369111139160873, 1.0656151752372551, 1.5934634276220245], [3.550014739216726, -1.0146492811102723, 1.6602961895211976], [3.572633869114668, -1.0604671213481127, -1.6251066647443904], [6.123924069832458, 2.438433700526898, 0.23274379117840477], [3.426544833156353, 3.6849466602882974, 1.6374813210542114], [1.584728459732081, 4.590298849034392, -2.5760714747655573], [4.114586294424418, 3.0861464060073365, -4.051326053764361], [4.4557251867313905, 7.782432927111958, -4.085880682630349], [4.539872262523755, 7.801221045656247, -0.7817314032717837], [8.189319105469536, 5.571641908844204, -3.8664763530483035]], "name": "C5H12O", "identifiers": {"molecule_hash": "fa4c90d2f8ad601e79a1a4b37b6dfb5232c9911f", "molecular_formula": "C5H12O"}, "molecular_charge": 0.0, "molecular_multiplicity": 1, "connectivity": [[0, 1, 1.0], [0, 6, 1.0], [0, 7, 1.0], [0, 8, 1.0], [1, 2, 1.0], [1, 9, 1.0], [1, 10, 1.0], [2, 3, 1.0], [2, 11, 1.0], [2, 12, 1.0], [3, 4, 1.0], [3, 13, 1.0], [3, 14, 1.0], [4, 5, 1.0], [4, 15, 1.0], [4, 16, 1.0], [5, 17, 1.0]], "fix_com": true, "fix_orientation": true, "provenance": {"creator": "QCElemental", "version": "v0.22.0", "routine": "qcelemental.molparse.from_schema"}, "id": "30837"}, "charge": 0, "optimize_geometry": false, "conformers": [], "conformer_generation_options": {"n_conformer_pool": 4000, "n_max_conformers": 0, "rms_tolerance": 0.05, "energy_window": 15, "keep_original_conformer": true}, "stage_1_unrestrained_charges": null, "stage_1_restrained_charges": null, "stage_2_unrestrained_charges": null, "stage_2_restrained_charges": null, "keep_original_orientation": false, "reorientations": [], "translations": [], "rotations": []}}]}, "surface_constraints": {"matrix": [[1865.2134548806998, 1807.0820913349191, 1732.113090730494, 1653.2078238830363, 1561.8735231666024, 1492.437009315902, 1870.547648447464, 1871.781786099528, 1872.9095508429402, 1798.9637610259704, 1800.6167302302624, 1717.522150112165, 1732.4789745583876, 1664.212505295923, 1636.0778226690554, 1560.5965297919206, 1536.1393103178139, 1456.3507951063432], [1807.0820913349191, 1856.2478694028168, 1803.3567494101678, 1729.524956765293, 1641.9690311004672, 1578.344075011968, 1785.9673469495228, 1786.1433755732899, 1787.2325778524898, 1879.3088239120505, 1882.2787662908918, 1800.6633070844828, 1800.9519455186312, 1736.231636486509, 1714.7502275027039, 1641.3088522904957, 1611.646867886208, 1546.5301301343604], [1732.113090730494, 1803.3567494101678, 1851.5158555904816, 1799.305362729385, 1726.578848547971, 1678.315853196045, 1693.7004167372138, 1709.531256410745, 1720.2339340873843, 1796.654992709487, 1800.915441335386, 1878.3712817847247, 1879.4213723596085, 1795.6294994723169, 1795.5391307944817, 1710.3607209197346, 1706.6854458086616, 1644.7045475012403], [1653.2078238830363, 1729.524956765293, 1799.305362729385, 1847.4315057113395, 1795.7879546299412, 1744.64401245107, 1614.2817016408887, 1637.6332626645305, 1634.5216552097593, 1725.9890040949776, 1715.8427619939773, 1796.6740442320408, 1797.5194777932707, 1875.0262753801908, 1873.3303592645611, 1784.2142205796079, 1784.2606956783955, 1717.003488538887], [1561.8735231666024, 1641.9690311004672, 1726.578848547971, 1795.7879546299412, 1846.3605446424804, 1817.9308958896954, 1522.5797362441745, 1539.1645617024976, 1549.811932016051, 1643.2386261819436, 1619.5466573956749, 1719.6158497768758, 1729.0476822699427, 1794.6146163274886, 1791.4068649074868, 1863.8084384567, 1862.9402466719735, 1797.2518916596987], [1492.437009315902, 1578.344075011968, 1678.315853196045, 1744.64401245107, 1817.9308958896954, 1897.178811417338, 1459.529139746593, 1462.687733177022, 1477.8827341571896, 1580.9960641572152, 1549.724301271771, 1685.7438986444663, 1682.932971408822, 1713.7474138420973, 1751.7632548739061, 1802.9117308924738, 1802.5007241211963, 1891.829791156549], [1870.547648447464, 1785.9673469495228, 1693.7004167372138, 1614.2817016408887, 1522.5797362441745, 1459.529139746593, 1956.7388611743522, 1848.4938769785529, 1848.2974688190664, 1786.5108564893044, 1765.9299063617932, 1685.3514814730784, 1677.6340315294176, 1625.0271696985337, 1598.3688272357049, 1520.2166747667013, 1493.537137689345, 1424.9642588090494], [1871.781786099528, 1786.1433755732899, 1709.531256410745, 1637.6332626645305, 1539.1645617024976, 1462.687733177022, 1848.4938769785529, 1959.8994380187435, 1850.505939292127, 1764.92830786923, 1773.9701952771397, 1685.6659356074724, 1712.8653653703466, 1657.3283550738565, 1623.9403923201169, 1536.4530030321944, 1515.8067638873313, 1427.866663029034], [1872.9095508429402, 1787.2325778524898, 1720.2339340873843, 1634.5216552097593, 1549.811932016051, 1477.8827341571896, 1848.2974688190664, 1850.505939292127, 1963.997284364837, 1758.5784745470255, 1773.676860494736, 1701.1483693769162, 1735.9893446242559, 1640.9943307536255, 1611.778933800824, 1550.2146283657444, 1529.2158272340846, 1435.8508644411886], [1798.9637610259704, 1879.3088239120505, 1796.654992709487, 1725.9890040949776, 1643.2386261819436, 1580.9960641572152, 1786.5108564893044, 1764.92830786923, 1758.5784745470255, 1982.1931607702204, 1875.6158541966684, 1794.2326378071698, 1767.389584187244, 1733.7519542316988, 1708.4215035124075, 1654.0318818580135, 1605.085002048446, 1546.5783405253667], [1800.6167302302624, 1882.2787662908918, 1800.915441335386, 1715.8427619939773, 1619.5466573956749, 1549.724301271771, 1765.9299063617932, 1773.9701952771397, 1773.676860494736, 1875.6158541966684, 1987.2594792300108, 1784.5619325702219, 1798.4055089783485, 1724.5744565327934, 1698.7951854300602, 1620.487865907717, 1586.59066350298, 1525.9205103023896], [1717.522150112165, 1800.6633070844828, 1878.3712817847247, 1796.6740442320408, 1719.6158497768758, 1685.7438986444663, 1685.3514814730784, 1685.6659356074724, 1701.1483693769162, 1794.2326378071698, 1784.5619325702219, 1982.367157532782, 1877.132097897698, 1763.6375916773313, 1801.731147815714, 1699.2060787627677, 1689.8002358044405, 1652.5663502984235], [1732.4789745583876, 1800.9519455186312, 1879.4213723596085, 1797.5194777932707, 1729.0476822699427, 1682.932971408822, 1677.6340315294176, 1712.8653653703466, 1735.9893446242559, 1767.389584187244, 1798.4055089783485, 1877.132097897698, 1985.940251611633, 1789.059820446132, 1770.6533577145349, 1701.3454069428115, 1722.2924692092772, 1643.036450462507], [1664.212505295923, 1736.231636486509, 1795.6294994723169, 1875.0262753801908, 1794.6146163274886, 1713.7474138420973, 1625.0271696985337, 1657.3283550738565, 1640.9943307536255, 1733.7519542316988, 1724.5744565327934, 1763.6375916773313, 1789.059820446132, 1980.3134056330773, 1872.1048446752282, 1779.1487896235283, 1788.4329901110805, 1686.4239149058888], [1636.0778226690554, 1714.7502275027039, 1795.5391307944817, 1873.3303592645611, 1791.4068649074868, 1751.7632548739061, 1598.3688272357049, 1623.9403923201169, 1611.778933800824, 1708.4215035124075, 1698.7951854300602, 1801.731147815714, 1770.6533577145349, 1872.1048446752282, 1976.694099096891, 1765.9135319749798, 1759.876385012875, 1724.9310847078482], [1560.5965297919206, 1641.3088522904957, 1710.3607209197346, 1784.2142205796079, 1863.8084384567, 1802.9117308924738, 1520.2166747667013, 1536.4530030321944, 1550.2146283657444, 1654.0318818580135, 1620.487865907717, 1699.2060787627677, 1701.3454069428115, 1779.1487896235283, 1765.9135319749798, 1960.5779788506834, 1850.921310784703, 1785.1181857338306], [1536.1393103178139, 1611.646867886208, 1706.6854458086616, 1784.2606956783955, 1862.9402466719735, 1802.5007241211963, 1493.537137689345, 1515.8067638873313, 1529.2158272340846, 1605.085002048446, 1586.59066350298, 1689.8002358044405, 1722.2924692092772, 1788.4329901110805, 1759.876385012875, 1850.921310784703, 1957.8569030242872, 1769.6313537942588], [1456.3507951063432, 1546.5301301343604, 1644.7045475012403, 1717.003488538887, 1797.2518916596987, 1891.829791156549, 1424.9642588090494, 1427.866663029034, 1435.8508644411886, 1546.5783405253667, 1525.9205103023896, 1652.5663502984235, 1643.036450462507, 1686.4239149058888, 1724.9310847078482, 1785.1181857338306, 1769.6313537942588, 1956.7359767637586], [9.772738737526414, 11.113890154513566, 6.284012559410751, 7.8291660933831295, 1.8474310115430264, -21.789605860691466, 8.469090590058112, 11.844287036644687, 7.927914762093213, 9.968479421570642, 16.141599008286477, 3.275412532223142, 3.4487653451860427, 16.061826420582488, 5.743030983754006, 10.58517840739915, 5.383163348734445, 2.779615485510586]]}}