{"resp_b": 0.1, "restrained_fit": true, "exclude_hydrogens": true, "convergence_tolerance": 1e-06, "max_iter": 500, "resp_a": 0.0005, "charge_constraints": {"charge_sum_constraints": [], "charge_equivalence_constraints": [], "molecules": [{"qcmol": {"schema_name": "qcschema_molecule", "schema_version": 2, "validated": true, "symbols": ["C", "C", "C", "C", "C", "O", "H", "H", "H", "H", "H", "H", "H", "H", "H", "H", "H", "H"], "geometry": [[0.0, 0.0, 0.0], [2.8908846796042176, -4.683400828836664e-17, 1.1147769694963897e-15], [4.096288566033367, 2.6333244064711914, 1.1102230246251565e-16], [3.5898793221393843, 4.184567004536145, -2.387947383956515], [5.013408977451821, 6.690349565194975, -2.43412441724986], [7.650982936176836, 6.394338557361647, -2.3705253094494547], [-0.7296067311157125, -1.9124505503400093, 0.1396620392029137], [-0.7686505310245082, 0.8253236547015422, -1.7127617911635995], [-0.7369111139160873, 1.0656151752372551, 1.5934634276220245], [3.550014739216726, -1.0146492811102723, 1.6602961895211976], [3.572633869114668, -1.0604671213481127, -1.6251066647443904], [6.123924069832458, 2.438433700526898, 0.23274379117840477], [3.426544833156353, 3.6849466602882974, 1.6374813210542114], [1.584728459732081, 4.590298849034392, -2.5760714747655573], [4.114586294424418, 3.0861464060073365, -4.051326053764361], [4.4557251867313905, 7.782432927111958, -4.085880682630349], [4.539872262523755, 7.801221045656247, -0.7817314032717837], [8.189319105469536, 5.571641908844204, -3.8664763530483035]], "name": "C5H12O", "identifiers": {"molecule_hash": "fa4c90d2f8ad601e79a1a4b37b6dfb5232c9911f", "molecular_formula": "C5H12O"}, "molecular_charge": 0.0, "molecular_multiplicity": 1, "connectivity": [[0, 1, 1.0], [0, 6, 1.0], [0, 7, 1.0], [0, 8, 1.0], [1, 2, 1.0], [1, 9, 1.0], [1, 10, 1.0], [2, 3, 1.0], [2, 11, 1.0], [2, 12, 1.0], [3, 4, 1.0], [3, 13, 1.0], [3, 14, 1.0], [4, 5, 1.0], [4, 15, 1.0], [4, 16, 1.0], [5, 17, 1.0]], "fix_com": true, "fix_orientation": true, "provenance": {"creator": "QCElemental", "version": "v0.22.0", "routine": "qcelemental.molparse.from_schema"}, "id": "30837"}, "charge": 0, "optimize_geometry": false, "conformers": [], "conformer_generation_options": {"n_conformer_pool": 4000, "n_max_conformers": 0, "rms_tolerance": 0.05, "energy_window": 15, "keep_original_conformer": true}, "stage_1_unrestrained_charges": null, "stage_1_restrained_charges": null, "stage_2_unrestrained_charges": null, "stage_2_restrained_charges": null, "keep_original_orientation": false, "reorientations": [], "translations": [], "rotations": []}], "unconstrained_atoms": [{"index": 0, "molecule": {"qcmol": {"schema_name": "qcschema_molecule", "schema_version": 2, "validated": true, "symbols": ["C", "C", "C", "C", "C", "O", "H", "H", "H", "H", "H", "H", "H", "H", "H", "H", "H", "H"], "geometry": [[0.0, 0.0, 0.0], [2.8908846796042176, -4.683400828836664e-17, 1.1147769694963897e-15], [4.096288566033367, 2.6333244064711914, 1.1102230246251565e-16], [3.5898793221393843, 4.184567004536145, -2.387947383956515], [5.013408977451821, 6.690349565194975, -2.43412441724986], [7.650982936176836, 6.394338557361647, -2.3705253094494547], [-0.7296067311157125, -1.9124505503400093, 0.1396620392029137], [-0.7686505310245082, 0.8253236547015422, -1.7127617911635995], [-0.7369111139160873, 1.0656151752372551, 1.5934634276220245], [3.550014739216726, -1.0146492811102723, 1.6602961895211976], [3.572633869114668, -1.0604671213481127, -1.6251066647443904], [6.123924069832458, 2.438433700526898, 0.23274379117840477], [3.426544833156353, 3.6849466602882974, 1.6374813210542114], [1.584728459732081, 4.590298849034392, -2.5760714747655573], [4.114586294424418, 3.0861464060073365, -4.051326053764361], [4.4557251867313905, 7.782432927111958, -4.085880682630349], [4.539872262523755, 7.801221045656247, -0.7817314032717837], [8.189319105469536, 5.571641908844204, -3.8664763530483035]], "name": "C5H12O", "identifiers": {"molecule_hash": "fa4c90d2f8ad601e79a1a4b37b6dfb5232c9911f", "molecular_formula": "C5H12O"}, "molecular_charge": 0.0, "molecular_multiplicity": 1, "connectivity": [[0, 1, 1.0], [0, 6, 1.0], [0, 7, 1.0], [0, 8, 1.0], [1, 2, 1.0], [1, 9, 1.0], [1, 10, 1.0], [2, 3, 1.0], [2, 11, 1.0], [2, 12, 1.0], [3, 4, 1.0], [3, 13, 1.0], [3, 14, 1.0], [4, 5, 1.0], [4, 15, 1.0], [4, 16, 1.0], [5, 17, 1.0]], "fix_com": true, "fix_orientation": true, "provenance": {"creator": "QCElemental", "version": "v0.22.0", "routine": "qcelemental.molparse.from_schema"}, "id": "30837"}, "charge": 0, "optimize_geometry": false, "conformers": [], "conformer_generation_options": {"n_conformer_pool": 4000, "n_max_conformers": 0, "rms_tolerance": 0.05, "energy_window": 15, "keep_original_conformer": true}, "stage_1_unrestrained_charges": null, "stage_1_restrained_charges": null, "stage_2_unrestrained_charges": null, "stage_2_restrained_charges": null, "keep_original_orientation": false, "reorientations": [], "translations": [], "rotations": []}}, {"index": 1, "molecule": {"qcmol": {"schema_name": "qcschema_molecule", "schema_version": 2, "validated": true, "symbols": ["C", "C", "C", "C", "C", "O", "H", "H", "H", "H", "H", "H", "H", "H", "H", "H", "H", "H"], "geometry": [[0.0, 0.0, 0.0], [2.8908846796042176, -4.683400828836664e-17, 1.1147769694963897e-15], [4.096288566033367, 2.6333244064711914, 1.1102230246251565e-16], [3.5898793221393843, 4.184567004536145, -2.387947383956515], [5.013408977451821, 6.690349565194975, -2.43412441724986], [7.650982936176836, 6.394338557361647, -2.3705253094494547], [-0.7296067311157125, -1.9124505503400093, 0.1396620392029137], [-0.7686505310245082, 0.8253236547015422, -1.7127617911635995], [-0.7369111139160873, 1.0656151752372551, 1.5934634276220245], [3.550014739216726, -1.0146492811102723, 1.6602961895211976], [3.572633869114668, -1.0604671213481127, -1.6251066647443904], [6.123924069832458, 2.438433700526898, 0.23274379117840477], [3.426544833156353, 3.6849466602882974, 1.6374813210542114], [1.584728459732081, 4.590298849034392, -2.5760714747655573], [4.114586294424418, 3.0861464060073365, -4.051326053764361], [4.4557251867313905, 7.782432927111958, -4.085880682630349], [4.539872262523755, 7.801221045656247, -0.7817314032717837], [8.189319105469536, 5.571641908844204, -3.8664763530483035]], "name": "C5H12O", "identifiers": {"molecule_hash": "fa4c90d2f8ad601e79a1a4b37b6dfb5232c9911f", "molecular_formula": "C5H12O"}, "molecular_charge": 0.0, "molecular_multiplicity": 1, "connectivity": [[0, 1, 1.0], [0, 6, 1.0], [0, 7, 1.0], [0, 8, 1.0], [1, 2, 1.0], [1, 9, 1.0], [1, 10, 1.0], [2, 3, 1.0], [2, 11, 1.0], [2, 12, 1.0], [3, 4, 1.0], [3, 13, 1.0], [3, 14, 1.0], [4, 5, 1.0], [4, 15, 1.0], [4, 16, 1.0], [5, 17, 1.0]], "fix_com": true, "fix_orientation": true, "provenance": {"creator": "QCElemental", "version": "v0.22.0", "routine": "qcelemental.molparse.from_schema"}, "id": "30837"}, "charge": 0, "optimize_geometry": false, "conformers": [], "conformer_generation_options": {"n_conformer_pool": 4000, "n_max_conformers": 0, "rms_tolerance": 0.05, "energy_window": 15, "keep_original_conformer": true}, "stage_1_unrestrained_charges": null, "stage_1_restrained_charges": null, "stage_2_unrestrained_charges": null, "stage_2_restrained_charges": null, "keep_original_orientation": false, "reorientations": [], "translations": [], "rotations": []}}, {"index": 2, "molecule": {"qcmol": {"schema_name": "qcschema_molecule", "schema_version": 2, "validated": true, "symbols": ["C", "C", "C", "C", "C", "O", "H", "H", "H", "H", "H", "H", "H", "H", "H", "H", "H", "H"], "geometry": [[0.0, 0.0, 0.0], [2.8908846796042176, -4.683400828836664e-17, 1.1147769694963897e-15], [4.096288566033367, 2.6333244064711914, 1.1102230246251565e-16], [3.5898793221393843, 4.184567004536145, -2.387947383956515], [5.013408977451821, 6.690349565194975, -2.43412441724986], [7.650982936176836, 6.394338557361647, -2.3705253094494547], [-0.7296067311157125, -1.9124505503400093, 0.1396620392029137], [-0.7686505310245082, 0.8253236547015422, -1.7127617911635995], [-0.7369111139160873, 1.0656151752372551, 1.5934634276220245], [3.550014739216726, -1.0146492811102723, 1.6602961895211976], [3.572633869114668, -1.0604671213481127, -1.6251066647443904], [6.123924069832458, 2.438433700526898, 0.23274379117840477], [3.426544833156353, 3.6849466602882974, 1.6374813210542114], [1.584728459732081, 4.590298849034392, -2.5760714747655573], [4.114586294424418, 3.0861464060073365, -4.051326053764361], [4.4557251867313905, 7.782432927111958, -4.085880682630349], [4.539872262523755, 7.801221045656247, -0.7817314032717837], [8.189319105469536, 5.571641908844204, -3.8664763530483035]], "name": "C5H12O", "identifiers": {"molecule_hash": "fa4c90d2f8ad601e79a1a4b37b6dfb5232c9911f", "molecular_formula": "C5H12O"}, "molecular_charge": 0.0, "molecular_multiplicity": 1, "connectivity": [[0, 1, 1.0], [0, 6, 1.0], [0, 7, 1.0], [0, 8, 1.0], [1, 2, 1.0], [1, 9, 1.0], [1, 10, 1.0], [2, 3, 1.0], [2, 11, 1.0], [2, 12, 1.0], [3, 4, 1.0], [3, 13, 1.0], [3, 14, 1.0], [4, 5, 1.0], [4, 15, 1.0], [4, 16, 1.0], [5, 17, 1.0]], "fix_com": true, "fix_orientation": true, "provenance": {"creator": "QCElemental", "version": "v0.22.0", "routine": "qcelemental.molparse.from_schema"}, "id": "30837"}, "charge": 0, "optimize_geometry": false, "conformers": [], "conformer_generation_options": {"n_conformer_pool": 4000, "n_max_conformers": 0, "rms_tolerance": 0.05, "energy_window": 15, "keep_original_conformer": true}, "stage_1_unrestrained_charges": null, "stage_1_restrained_charges": null, "stage_2_unrestrained_charges": null, "stage_2_restrained_charges": null, "keep_original_orientation": false, "reorientations": [], "translations": [], "rotations": []}}, {"index": 3, "molecule": {"qcmol": {"schema_name": "qcschema_molecule", "schema_version": 2, "validated": true, "symbols": ["C", "C", "C", "C", "C", "O", "H", "H", "H", "H", "H", "H", "H", "H", "H", "H", "H", "H"], "geometry": [[0.0, 0.0, 0.0], [2.8908846796042176, -4.683400828836664e-17, 1.1147769694963897e-15], [4.096288566033367, 2.6333244064711914, 1.1102230246251565e-16], [3.5898793221393843, 4.184567004536145, -2.387947383956515], [5.013408977451821, 6.690349565194975, -2.43412441724986], [7.650982936176836, 6.394338557361647, -2.3705253094494547], [-0.7296067311157125, -1.9124505503400093, 0.1396620392029137], [-0.7686505310245082, 0.8253236547015422, -1.7127617911635995], [-0.7369111139160873, 1.0656151752372551, 1.5934634276220245], [3.550014739216726, -1.0146492811102723, 1.6602961895211976], [3.572633869114668, -1.0604671213481127, -1.6251066647443904], [6.123924069832458, 2.438433700526898, 0.23274379117840477], [3.426544833156353, 3.6849466602882974, 1.6374813210542114], [1.584728459732081, 4.590298849034392, -2.5760714747655573], [4.114586294424418, 3.0861464060073365, -4.051326053764361], [4.4557251867313905, 7.782432927111958, -4.085880682630349], [4.539872262523755, 7.801221045656247, -0.7817314032717837], [8.189319105469536, 5.571641908844204, -3.8664763530483035]], "name": "C5H12O", "identifiers": {"molecule_hash": "fa4c90d2f8ad601e79a1a4b37b6dfb5232c9911f", "molecular_formula": "C5H12O"}, "molecular_charge": 0.0, "molecular_multiplicity": 1, "connectivity": [[0, 1, 1.0], [0, 6, 1.0], [0, 7, 1.0], [0, 8, 1.0], [1, 2, 1.0], [1, 9, 1.0], [1, 10, 1.0], [2, 3, 1.0], [2, 11, 1.0], [2, 12, 1.0], [3, 4, 1.0], [3, 13, 1.0], [3, 14, 1.0], [4, 5, 1.0], [4, 15, 1.0], [4, 16, 1.0], [5, 17, 1.0]], "fix_com": true, "fix_orientation": true, "provenance": {"creator": "QCElemental", "version": "v0.22.0", "routine": "qcelemental.molparse.from_schema"}, "id": "30837"}, "charge": 0, "optimize_geometry": false, "conformers": [], "conformer_generation_options": {"n_conformer_pool": 4000, "n_max_conformers": 0, "rms_tolerance": 0.05, "energy_window": 15, "keep_original_conformer": true}, "stage_1_unrestrained_charges": null, "stage_1_restrained_charges": null, "stage_2_unrestrained_charges": null, "stage_2_restrained_charges": null, "keep_original_orientation": false, "reorientations": [], "translations": [], "rotations": []}}, {"index": 4, "molecule": {"qcmol": {"schema_name": "qcschema_molecule", "schema_version": 2, "validated": true, "symbols": ["C", "C", "C", "C", "C", "O", "H", "H", "H", "H", "H", "H", "H", "H", "H", "H", "H", "H"], "geometry": [[0.0, 0.0, 0.0], [2.8908846796042176, -4.683400828836664e-17, 1.1147769694963897e-15], [4.096288566033367, 2.6333244064711914, 1.1102230246251565e-16], [3.5898793221393843, 4.184567004536145, -2.387947383956515], [5.013408977451821, 6.690349565194975, -2.43412441724986], [7.650982936176836, 6.394338557361647, -2.3705253094494547], [-0.7296067311157125, -1.9124505503400093, 0.1396620392029137], [-0.7686505310245082, 0.8253236547015422, -1.7127617911635995], [-0.7369111139160873, 1.0656151752372551, 1.5934634276220245], [3.550014739216726, -1.0146492811102723, 1.6602961895211976], [3.572633869114668, -1.0604671213481127, -1.6251066647443904], [6.123924069832458, 2.438433700526898, 0.23274379117840477], [3.426544833156353, 3.6849466602882974, 1.6374813210542114], [1.584728459732081, 4.590298849034392, -2.5760714747655573], [4.114586294424418, 3.0861464060073365, -4.051326053764361], [4.4557251867313905, 7.782432927111958, -4.085880682630349], [4.539872262523755, 7.801221045656247, -0.7817314032717837], [8.189319105469536, 5.571641908844204, -3.8664763530483035]], "name": "C5H12O", "identifiers": {"molecule_hash": "fa4c90d2f8ad601e79a1a4b37b6dfb5232c9911f", "molecular_formula": "C5H12O"}, "molecular_charge": 0.0, "molecular_multiplicity": 1, "connectivity": [[0, 1, 1.0], [0, 6, 1.0], [0, 7, 1.0], [0, 8, 1.0], [1, 2, 1.0], [1, 9, 1.0], [1, 10, 1.0], [2, 3, 1.0], [2, 11, 1.0], [2, 12, 1.0], [3, 4, 1.0], [3, 13, 1.0], [3, 14, 1.0], [4, 5, 1.0], [4, 15, 1.0], [4, 16, 1.0], [5, 17, 1.0]], "fix_com": true, "fix_orientation": true, "provenance": {"creator": "QCElemental", "version": "v0.22.0", "routine": "qcelemental.molparse.from_schema"}, "id": "30837"}, "charge": 0, "optimize_geometry": false, "conformers": [], "conformer_generation_options": {"n_conformer_pool": 4000, "n_max_conformers": 0, "rms_tolerance": 0.05, "energy_window": 15, "keep_original_conformer": true}, "stage_1_unrestrained_charges": null, "stage_1_restrained_charges": null, "stage_2_unrestrained_charges": null, "stage_2_restrained_charges": null, "keep_original_orientation": false, "reorientations": [], "translations": [], "rotations": []}}]}, "surface_constraints": {"matrix": [[4531.852602372079, 4397.905615962648, 4236.131940797894, 4055.2910264792736, 3845.7060197491523, 3696.521768289466, 4553.625375736511, 4555.643686274431, 4561.940134543207, 4385.235046618024, 4383.8528517590785, 4210.776644112823, 4244.619857550165, 4083.346654316988, 4020.5365857024867, 3843.5159238452916, 3788.497242438285, 3610.780406381778], [4397.905615962648, 4504.670579001745, 4394.799698051155, 4230.002281453602, 4032.821088588451, 3900.1276682715093, 4358.548197713976, 4358.145645982048, 4364.175835902359, 4563.219192192338, 4564.117036152545, 4397.781780363515, 4396.146054540943, 4248.990792227287, 4202.705878999703, 4033.3245335611664, 3965.200582667635, 3826.888886914503], [4236.131940797894, 4394.799698051155, 4510.184040376172, 4394.679562171797, 4237.588243753083, 4144.145238642216, 4155.0983739527555, 4190.13743397064, 4218.0036355952125, 4385.25087071016, 4389.573300741338, 4580.3915764989015, 4580.727596138797, 4387.9820982834, 4393.1756533388625, 4204.344484175534, 4195.497440390072, 4071.104645164512], [4055.2910264792736, 4230.002281453602, 4394.679562171797, 4506.191336128599, 4398.302126644067, 4300.360718991122, 3971.0710043040954, 4023.622854357885, 4018.389016973371, 4227.512417877213, 4199.354839469352, 4396.484319090792, 4396.415307553484, 4571.5140943150445, 4572.90030800819, 4377.135149970447, 4376.851688387244, 4245.387767565802], [3845.7060197491523, 4032.821088588451, 4237.588243753083, 4398.302126644067, 4520.743534380106, 4475.492999890894, 3758.5101695326175, 3795.7845872302814, 3822.7669703583488, 4039.2453017935954, 3980.0766712745185, 4229.967465054451, 4250.042757811627, 4397.595985478873, 4395.698119783753, 4566.318754083006, 4563.603389693408, 4445.216970495565], [3696.521768289466, 3900.1276682715093, 4144.145238642216, 4300.360718991122, 4475.492999890894, 4667.638522106468, 3623.2046643724525, 3628.9126851375454, 3666.324207791787, 3909.1412855832195, 3832.0668301633095, 4170.133288001632, 4161.6021525379665, 4232.242273564388, 4324.153026976815, 4447.331101793663, 4445.331561499648, 4683.0043618617465], [4553.625375736511, 4358.548197713976, 4155.0983739527555, 3971.0710043040954, 3758.5101695326175, 3623.2046643724525, 4760.0990923892095, 4512.532471431277, 4515.803754033415, 4365.059077511545, 4314.262279673616, 4143.225661421649, 4125.456447362443, 3998.2686989925037, 3938.8333224559324, 3752.46938415408, 3693.4476083516147, 3540.4509275171695], [4555.643686274431, 4358.145645982048, 4190.13743397064, 4023.622854357885, 3795.7845872302814, 3628.9126851375454, 4512.532471431277, 4765.984624568341, 4518.953055714166, 4315.661734411574, 4330.50566527191, 4143.578461357479, 4204.197835976764, 4072.89605109236, 3995.082047777843, 3790.3306305750193, 3743.9493281926134, 3544.413832106948], [4561.940134543207, 4364.175835902359, 4218.0036355952125, 4018.389016973371, 3822.7669703583488, 3666.324207791787, 4515.803754033415, 4518.953055714166, 4782.37307695615, 4304.110253063379, 4333.828823910544, 4181.055461500193, 4263.346613383462, 4034.4290050420673, 3970.2595634302, 3824.704774899187, 3776.9541858719576, 3566.788245797828], [4385.235046618024, 4563.219192192338, 4385.25087071016, 4227.512417877213, 4039.2453017935954, 3909.1412855832195, 4365.059077511545, 4315.661734411574, 4304.110253063379, 4804.17796232211, 4555.638720388406, 4387.9584558373945, 4324.856574827674, 4249.522285333895, 4194.113180740079, 4065.790271856632, 3952.2345902963284, 3830.446768607181], [4383.8528517590785, 4564.117036152545, 4389.573300741338, 4199.354839469352, 3980.0766712745185, 3832.0668301633095, 4314.262279673616, 4330.50566527191, 4333.828823910544, 4555.638720388406, 4804.231030281666, 4362.468954282538, 4389.504002212817, 4224.43905366842, 4166.824309172696, 3983.8635462719913, 3905.9087600592725, 3775.6273864774093], [4210.776644112823, 4397.781780363515, 4580.3915764989015, 4396.484319090792, 4229.967465054451, 4170.133288001632, 4143.225661421649, 4143.578461357479, 4181.055461500193, 4387.9584558373945, 4362.468954282538, 4828.612254229594, 4584.846984433203, 4320.308841865338, 4416.116350682609, 4187.233337285169, 4163.777974850336, 4098.864485819273], [4244.619857550165, 4396.146054540943, 4580.727596138797, 4396.415307553484, 4250.042757811627, 4161.6021525379665, 4125.456447362443, 4204.197835976764, 4263.346613383462, 4324.856574827674, 4389.504002212817, 4584.846984433203, 4831.884926919253, 4378.181054462599, 4340.674256417819, 4189.624886378858, 4239.130576445996, 4073.0383080692327], [4083.346654316988, 4248.990792227287, 4387.9820982834, 4571.5140943150445, 4397.595985478873, 4232.242273564388, 3998.2686989925037, 4072.89605109236, 4034.4290050420673, 4249.522285333895, 4224.43905366842, 4320.308841865338, 4378.181054462599, 4816.188212216473, 4571.8273209265535, 4366.116810350878, 4389.494890227119, 4175.216703350217], [4020.5365857024867, 4202.705878999703, 4393.1756533388625, 4572.90030800819, 4395.698119783753, 4324.153026976815, 3938.8333224559324, 3995.082047777843, 3970.2595634302, 4194.113180740079, 4166.824309172696, 4416.116350682609, 4340.674256417819, 4571.8273209265535, 4819.051328903194, 4342.544836434475, 4327.491748632631, 4269.552318259431], [3843.5159238452916, 4033.3245335611664, 4204.344484175534, 4377.135149970447, 4566.318754083006, 4447.331101793663, 3752.46938415408, 3790.3306305750193, 3824.704774899187, 4065.790271856632, 3983.8635462719913, 4187.233337285169, 4189.624886378858, 4366.116810350878, 4342.544836434475, 4793.463574676999, 4542.419779756956, 4422.875830552124], [3788.497242438285, 3965.200582667635, 4195.497440390072, 4376.851688387244, 4563.603389693408, 4445.331561499648, 3693.4476083516147, 3743.9493281926134, 3776.9541858719576, 3952.2345902963284, 3905.9087600592725, 4163.777974850336, 4239.130576445996, 4389.494890227119, 4327.491748632631, 4542.419779756956, 4787.041485179394, 4384.950384347065], [3610.780406381778, 3826.888886914503, 4071.104645164512, 4245.387767565802, 4445.216970495565, 4683.0043618617465, 3540.4509275171695, 3544.413832106948, 3566.788245797828, 3830.446768607181, 3775.6273864774093, 4098.864485819273, 4073.0383080692327, 4175.216703350217, 4269.552318259431, 4422.875830552124, 4384.950384347065, 4856.341974704544], [17.08685989844761, 19.471605286646735, 8.429037281293548, 14.932635441863454, 6.4836356164962705, -41.755068262178455, 14.182821612491349, 21.813346851361697, 13.475152965692084, 17.138025365303495, 30.779341771595504, 0.6580297621238008, 0.7668920281795368, 32.81735583705979, 9.157498629787645, 27.93319458446301, 13.280293984728939, 12.356579124224254]]}}