{"resp_b": 0.1, "restrained_fit": true, "exclude_hydrogens": true, "convergence_tolerance": 1e-06, "max_iter": 500, "resp_a": 0.0005, "charge_constraints": {"charge_sum_constraints": [], "charge_equivalence_constraints": [], "molecules": [{"qcmol": {"schema_name": "qcschema_molecule", "schema_version": 2, "validated": true, "symbols": ["C", "C", "C", "C", "C", "O", "H", "H", "H", "H", "H", "H", "H", "H", "H", "H", "H", "H"], "geometry": [[0.0, 0.0, 0.0], [2.8908846796042176, -4.683400828836664e-17, 1.1147769694963897e-15], [4.096288566033367, 2.6333244064711914, 1.1102230246251565e-16], [3.5898793221393843, 4.184567004536145, -2.387947383956515], [5.013408977451821, 6.690349565194975, -2.43412441724986], [7.650982936176836, 6.394338557361647, -2.3705253094494547], [-0.7296067311157125, -1.9124505503400093, 0.1396620392029137], [-0.7686505310245082, 0.8253236547015422, -1.7127617911635995], [-0.7369111139160873, 1.0656151752372551, 1.5934634276220245], [3.550014739216726, -1.0146492811102723, 1.6602961895211976], [3.572633869114668, -1.0604671213481127, -1.6251066647443904], [6.123924069832458, 2.438433700526898, 0.23274379117840477], [3.426544833156353, 3.6849466602882974, 1.6374813210542114], [1.584728459732081, 4.590298849034392, -2.5760714747655573], [4.114586294424418, 3.0861464060073365, -4.051326053764361], [4.4557251867313905, 7.782432927111958, -4.085880682630349], [4.539872262523755, 7.801221045656247, -0.7817314032717837], [8.189319105469536, 5.571641908844204, -3.8664763530483035]], "name": "C5H12O", "identifiers": {"molecule_hash": "fa4c90d2f8ad601e79a1a4b37b6dfb5232c9911f", "molecular_formula": "C5H12O"}, "molecular_charge": 0.0, "molecular_multiplicity": 1, "connectivity": [[0, 1, 1.0], [0, 6, 1.0], [0, 7, 1.0], [0, 8, 1.0], [1, 2, 1.0], [1, 9, 1.0], [1, 10, 1.0], [2, 3, 1.0], [2, 11, 1.0], [2, 12, 1.0], [3, 4, 1.0], [3, 13, 1.0], [3, 14, 1.0], [4, 5, 1.0], [4, 15, 1.0], [4, 16, 1.0], [5, 17, 1.0]], "fix_com": true, "fix_orientation": true, "provenance": {"creator": "QCElemental", "version": "v0.22.0", "routine": "qcelemental.molparse.from_schema"}, "id": "30837"}, "charge": 0, "optimize_geometry": false, "conformers": [], "conformer_generation_options": {"n_conformer_pool": 4000, "n_max_conformers": 0, "rms_tolerance": 0.05, "energy_window": 15, "keep_original_conformer": true}, "stage_1_unrestrained_charges": null, "stage_1_restrained_charges": null, "stage_2_unrestrained_charges": null, "stage_2_restrained_charges": null, "keep_original_orientation": false, "reorientations": [], "translations": [], "rotations": []}], "unconstrained_atoms": [{"index": 0, "molecule": {"qcmol": {"schema_name": "qcschema_molecule", "schema_version": 2, "validated": true, "symbols": ["C", "C", "C", "C", "C", "O", "H", "H", "H", "H", "H", "H", "H", "H", "H", "H", "H", "H"], "geometry": [[0.0, 0.0, 0.0], [2.8908846796042176, -4.683400828836664e-17, 1.1147769694963897e-15], [4.096288566033367, 2.6333244064711914, 1.1102230246251565e-16], [3.5898793221393843, 4.184567004536145, -2.387947383956515], [5.013408977451821, 6.690349565194975, -2.43412441724986], [7.650982936176836, 6.394338557361647, -2.3705253094494547], [-0.7296067311157125, -1.9124505503400093, 0.1396620392029137], [-0.7686505310245082, 0.8253236547015422, -1.7127617911635995], [-0.7369111139160873, 1.0656151752372551, 1.5934634276220245], [3.550014739216726, -1.0146492811102723, 1.6602961895211976], [3.572633869114668, -1.0604671213481127, -1.6251066647443904], [6.123924069832458, 2.438433700526898, 0.23274379117840477], [3.426544833156353, 3.6849466602882974, 1.6374813210542114], [1.584728459732081, 4.590298849034392, -2.5760714747655573], [4.114586294424418, 3.0861464060073365, -4.051326053764361], [4.4557251867313905, 7.782432927111958, -4.085880682630349], [4.539872262523755, 7.801221045656247, -0.7817314032717837], [8.189319105469536, 5.571641908844204, -3.8664763530483035]], "name": "C5H12O", "identifiers": {"molecule_hash": "fa4c90d2f8ad601e79a1a4b37b6dfb5232c9911f", "molecular_formula": "C5H12O"}, "molecular_charge": 0.0, "molecular_multiplicity": 1, "connectivity": [[0, 1, 1.0], [0, 6, 1.0], [0, 7, 1.0], [0, 8, 1.0], [1, 2, 1.0], [1, 9, 1.0], [1, 10, 1.0], [2, 3, 1.0], [2, 11, 1.0], [2, 12, 1.0], [3, 4, 1.0], [3, 13, 1.0], [3, 14, 1.0], [4, 5, 1.0], [4, 15, 1.0], [4, 16, 1.0], [5, 17, 1.0]], "fix_com": true, "fix_orientation": true, "provenance": {"creator": "QCElemental", "version": "v0.22.0", "routine": "qcelemental.molparse.from_schema"}, "id": "30837"}, "charge": 0, "optimize_geometry": false, "conformers": [], "conformer_generation_options": {"n_conformer_pool": 4000, "n_max_conformers": 0, "rms_tolerance": 0.05, "energy_window": 15, "keep_original_conformer": true}, "stage_1_unrestrained_charges": null, "stage_1_restrained_charges": null, "stage_2_unrestrained_charges": null, "stage_2_restrained_charges": null, "keep_original_orientation": false, "reorientations": [], "translations": [], "rotations": []}}, {"index": 1, "molecule": {"qcmol": {"schema_name": "qcschema_molecule", "schema_version": 2, "validated": true, "symbols": ["C", "C", "C", "C", "C", "O", "H", "H", "H", "H", "H", "H", "H", "H", "H", "H", "H", "H"], "geometry": [[0.0, 0.0, 0.0], [2.8908846796042176, -4.683400828836664e-17, 1.1147769694963897e-15], [4.096288566033367, 2.6333244064711914, 1.1102230246251565e-16], [3.5898793221393843, 4.184567004536145, -2.387947383956515], [5.013408977451821, 6.690349565194975, -2.43412441724986], [7.650982936176836, 6.394338557361647, -2.3705253094494547], [-0.7296067311157125, -1.9124505503400093, 0.1396620392029137], [-0.7686505310245082, 0.8253236547015422, -1.7127617911635995], [-0.7369111139160873, 1.0656151752372551, 1.5934634276220245], [3.550014739216726, -1.0146492811102723, 1.6602961895211976], [3.572633869114668, -1.0604671213481127, -1.6251066647443904], [6.123924069832458, 2.438433700526898, 0.23274379117840477], [3.426544833156353, 3.6849466602882974, 1.6374813210542114], [1.584728459732081, 4.590298849034392, -2.5760714747655573], [4.114586294424418, 3.0861464060073365, -4.051326053764361], [4.4557251867313905, 7.782432927111958, -4.085880682630349], [4.539872262523755, 7.801221045656247, -0.7817314032717837], [8.189319105469536, 5.571641908844204, -3.8664763530483035]], "name": "C5H12O", "identifiers": {"molecule_hash": "fa4c90d2f8ad601e79a1a4b37b6dfb5232c9911f", "molecular_formula": "C5H12O"}, "molecular_charge": 0.0, "molecular_multiplicity": 1, "connectivity": [[0, 1, 1.0], [0, 6, 1.0], [0, 7, 1.0], [0, 8, 1.0], [1, 2, 1.0], [1, 9, 1.0], [1, 10, 1.0], [2, 3, 1.0], [2, 11, 1.0], [2, 12, 1.0], [3, 4, 1.0], [3, 13, 1.0], [3, 14, 1.0], [4, 5, 1.0], [4, 15, 1.0], [4, 16, 1.0], [5, 17, 1.0]], "fix_com": true, "fix_orientation": true, "provenance": {"creator": "QCElemental", "version": "v0.22.0", "routine": "qcelemental.molparse.from_schema"}, "id": "30837"}, "charge": 0, "optimize_geometry": false, "conformers": [], "conformer_generation_options": {"n_conformer_pool": 4000, "n_max_conformers": 0, "rms_tolerance": 0.05, "energy_window": 15, "keep_original_conformer": true}, "stage_1_unrestrained_charges": null, "stage_1_restrained_charges": null, "stage_2_unrestrained_charges": null, "stage_2_restrained_charges": null, "keep_original_orientation": false, "reorientations": [], "translations": [], "rotations": []}}, {"index": 2, "molecule": {"qcmol": {"schema_name": "qcschema_molecule", "schema_version": 2, "validated": true, "symbols": ["C", "C", "C", "C", "C", "O", "H", "H", "H", "H", "H", "H", "H", "H", "H", "H", "H", "H"], "geometry": [[0.0, 0.0, 0.0], [2.8908846796042176, -4.683400828836664e-17, 1.1147769694963897e-15], [4.096288566033367, 2.6333244064711914, 1.1102230246251565e-16], [3.5898793221393843, 4.184567004536145, -2.387947383956515], [5.013408977451821, 6.690349565194975, -2.43412441724986], [7.650982936176836, 6.394338557361647, -2.3705253094494547], [-0.7296067311157125, -1.9124505503400093, 0.1396620392029137], [-0.7686505310245082, 0.8253236547015422, -1.7127617911635995], [-0.7369111139160873, 1.0656151752372551, 1.5934634276220245], [3.550014739216726, -1.0146492811102723, 1.6602961895211976], [3.572633869114668, -1.0604671213481127, -1.6251066647443904], [6.123924069832458, 2.438433700526898, 0.23274379117840477], [3.426544833156353, 3.6849466602882974, 1.6374813210542114], [1.584728459732081, 4.590298849034392, -2.5760714747655573], [4.114586294424418, 3.0861464060073365, -4.051326053764361], [4.4557251867313905, 7.782432927111958, -4.085880682630349], [4.539872262523755, 7.801221045656247, -0.7817314032717837], [8.189319105469536, 5.571641908844204, -3.8664763530483035]], "name": "C5H12O", "identifiers": {"molecule_hash": "fa4c90d2f8ad601e79a1a4b37b6dfb5232c9911f", "molecular_formula": "C5H12O"}, "molecular_charge": 0.0, "molecular_multiplicity": 1, "connectivity": [[0, 1, 1.0], [0, 6, 1.0], [0, 7, 1.0], [0, 8, 1.0], [1, 2, 1.0], [1, 9, 1.0], [1, 10, 1.0], [2, 3, 1.0], [2, 11, 1.0], [2, 12, 1.0], [3, 4, 1.0], [3, 13, 1.0], [3, 14, 1.0], [4, 5, 1.0], [4, 15, 1.0], [4, 16, 1.0], [5, 17, 1.0]], "fix_com": true, "fix_orientation": true, "provenance": {"creator": "QCElemental", "version": "v0.22.0", "routine": "qcelemental.molparse.from_schema"}, "id": "30837"}, "charge": 0, "optimize_geometry": false, "conformers": [], "conformer_generation_options": {"n_conformer_pool": 4000, "n_max_conformers": 0, "rms_tolerance": 0.05, "energy_window": 15, "keep_original_conformer": true}, "stage_1_unrestrained_charges": null, "stage_1_restrained_charges": null, "stage_2_unrestrained_charges": null, "stage_2_restrained_charges": null, "keep_original_orientation": false, "reorientations": [], "translations": [], "rotations": []}}, {"index": 3, "molecule": {"qcmol": {"schema_name": "qcschema_molecule", "schema_version": 2, "validated": true, "symbols": ["C", "C", "C", "C", "C", "O", "H", "H", "H", "H", "H", "H", "H", "H", "H", "H", "H", "H"], "geometry": [[0.0, 0.0, 0.0], [2.8908846796042176, -4.683400828836664e-17, 1.1147769694963897e-15], [4.096288566033367, 2.6333244064711914, 1.1102230246251565e-16], [3.5898793221393843, 4.184567004536145, -2.387947383956515], [5.013408977451821, 6.690349565194975, -2.43412441724986], [7.650982936176836, 6.394338557361647, -2.3705253094494547], [-0.7296067311157125, -1.9124505503400093, 0.1396620392029137], [-0.7686505310245082, 0.8253236547015422, -1.7127617911635995], [-0.7369111139160873, 1.0656151752372551, 1.5934634276220245], [3.550014739216726, -1.0146492811102723, 1.6602961895211976], [3.572633869114668, -1.0604671213481127, -1.6251066647443904], [6.123924069832458, 2.438433700526898, 0.23274379117840477], [3.426544833156353, 3.6849466602882974, 1.6374813210542114], [1.584728459732081, 4.590298849034392, -2.5760714747655573], [4.114586294424418, 3.0861464060073365, -4.051326053764361], [4.4557251867313905, 7.782432927111958, -4.085880682630349], [4.539872262523755, 7.801221045656247, -0.7817314032717837], [8.189319105469536, 5.571641908844204, -3.8664763530483035]], "name": "C5H12O", "identifiers": {"molecule_hash": "fa4c90d2f8ad601e79a1a4b37b6dfb5232c9911f", "molecular_formula": "C5H12O"}, "molecular_charge": 0.0, "molecular_multiplicity": 1, "connectivity": [[0, 1, 1.0], [0, 6, 1.0], [0, 7, 1.0], [0, 8, 1.0], [1, 2, 1.0], [1, 9, 1.0], [1, 10, 1.0], [2, 3, 1.0], [2, 11, 1.0], [2, 12, 1.0], [3, 4, 1.0], [3, 13, 1.0], [3, 14, 1.0], [4, 5, 1.0], [4, 15, 1.0], [4, 16, 1.0], [5, 17, 1.0]], "fix_com": true, "fix_orientation": true, "provenance": {"creator": "QCElemental", "version": "v0.22.0", "routine": "qcelemental.molparse.from_schema"}, "id": "30837"}, "charge": 0, "optimize_geometry": false, "conformers": [], "conformer_generation_options": {"n_conformer_pool": 4000, "n_max_conformers": 0, "rms_tolerance": 0.05, "energy_window": 15, "keep_original_conformer": true}, "stage_1_unrestrained_charges": null, "stage_1_restrained_charges": null, "stage_2_unrestrained_charges": null, "stage_2_restrained_charges": null, "keep_original_orientation": false, "reorientations": [], "translations": [], "rotations": []}}, {"index": 4, "molecule": {"qcmol": {"schema_name": "qcschema_molecule", "schema_version": 2, "validated": true, "symbols": ["C", "C", "C", "C", "C", "O", "H", "H", "H", "H", "H", "H", "H", "H", "H", "H", "H", "H"], "geometry": [[0.0, 0.0, 0.0], [2.8908846796042176, -4.683400828836664e-17, 1.1147769694963897e-15], [4.096288566033367, 2.6333244064711914, 1.1102230246251565e-16], [3.5898793221393843, 4.184567004536145, -2.387947383956515], [5.013408977451821, 6.690349565194975, -2.43412441724986], [7.650982936176836, 6.394338557361647, -2.3705253094494547], [-0.7296067311157125, -1.9124505503400093, 0.1396620392029137], [-0.7686505310245082, 0.8253236547015422, -1.7127617911635995], [-0.7369111139160873, 1.0656151752372551, 1.5934634276220245], [3.550014739216726, -1.0146492811102723, 1.6602961895211976], [3.572633869114668, -1.0604671213481127, -1.6251066647443904], [6.123924069832458, 2.438433700526898, 0.23274379117840477], [3.426544833156353, 3.6849466602882974, 1.6374813210542114], [1.584728459732081, 4.590298849034392, -2.5760714747655573], [4.114586294424418, 3.0861464060073365, -4.051326053764361], [4.4557251867313905, 7.782432927111958, -4.085880682630349], [4.539872262523755, 7.801221045656247, -0.7817314032717837], [8.189319105469536, 5.571641908844204, -3.8664763530483035]], "name": "C5H12O", "identifiers": {"molecule_hash": "fa4c90d2f8ad601e79a1a4b37b6dfb5232c9911f", "molecular_formula": "C5H12O"}, "molecular_charge": 0.0, "molecular_multiplicity": 1, "connectivity": [[0, 1, 1.0], [0, 6, 1.0], [0, 7, 1.0], [0, 8, 1.0], [1, 2, 1.0], [1, 9, 1.0], [1, 10, 1.0], [2, 3, 1.0], [2, 11, 1.0], [2, 12, 1.0], [3, 4, 1.0], [3, 13, 1.0], [3, 14, 1.0], [4, 5, 1.0], [4, 15, 1.0], [4, 16, 1.0], [5, 17, 1.0]], "fix_com": true, "fix_orientation": true, "provenance": {"creator": "QCElemental", "version": "v0.22.0", "routine": "qcelemental.molparse.from_schema"}, "id": "30837"}, "charge": 0, "optimize_geometry": false, "conformers": [], "conformer_generation_options": {"n_conformer_pool": 4000, "n_max_conformers": 0, "rms_tolerance": 0.05, "energy_window": 15, "keep_original_conformer": true}, "stage_1_unrestrained_charges": null, "stage_1_restrained_charges": null, "stage_2_unrestrained_charges": null, "stage_2_restrained_charges": null, "keep_original_orientation": false, "reorientations": [], "translations": [], "rotations": []}}]}, "surface_constraints": {"matrix": [[1864.8475621254165, 1806.29414547378, 1731.8422424012758, 1651.666526570727, 1558.2342877811811, 1489.1540192499945, 1869.688428528362, 1871.7062370285846, 1873.0234012973658, 1798.0222484841925, 1799.2989249478155, 1717.2934857818823, 1732.845362258526, 1662.9954109167502, 1633.8666507896232, 1556.568706791204, 1532.4800409400739, 1449.4615147497148], [1806.29414547378, 1854.6599926367048, 1802.4699565375051, 1728.906321519375, 1639.788176696937, 1576.5444161407356, 1785.1758616055627, 1785.9085420645965, 1787.027155641563, 1877.2365996111907, 1879.5576648040055, 1799.6909844291283, 1800.0200253691473, 1736.3577208911415, 1713.8469408797478, 1639.2422512819624, 1609.2575100356755, 1541.0675144265176], [1731.8422424012758, 1802.4699565375051, 1850.9580188293241, 1799.1093740390218, 1726.2305131081869, 1679.0164371491073, 1693.3377602435257, 1709.495856946098, 1720.3383314531236, 1795.5136036669824, 1799.1815675068624, 1877.307554726121, 1878.5625706394862, 1795.7422985856356, 1794.9439848747684, 1710.3387215274865, 1706.2297224694235, 1642.0940508831516], [1651.666526570727, 1728.906321519375, 1799.1093740390218, 1847.062201810273, 1795.2866128876526, 1745.287616017983, 1612.429247268197, 1635.7885880401038, 1632.8276168525924, 1725.3439840490887, 1714.8704568767087, 1796.3350882834968, 1797.297985281624, 1874.827654316068, 1871.9998747396771, 1784.2632505883082, 1783.9281215203173, 1714.8196012566905], [1558.2342877811811, 1639.788176696937, 1726.2305131081869, 1795.2866128876526, 1845.6100238373137, 1817.757942729711, 1518.6282066411034, 1534.9684093802468, 1545.9236557004472, 1640.709465810657, 1616.7526327111843, 1719.4003446304944, 1729.3302233987447, 1794.3474750098655, 1790.2527392496752, 1863.4672347143985, 1862.0902893333043, 1796.2450815876953], [1489.1540192499945, 1576.5444161407356, 1679.0164371491073, 1745.287616017983, 1817.757942729711, 1894.0145598172792, 1455.8397483284634, 1459.1242935687706, 1474.1704893957385, 1578.6475340978989, 1547.332368742022, 1686.7549682519327, 1684.5286611510296, 1715.482419588544, 1751.9421432711506, 1803.5470084404244, 1802.638470700274, 1889.1152217462345], [1869.688428528362, 1785.1758616055627, 1693.3377602435257, 1612.429247268197, 1518.6282066411034, 1455.8397483284634, 1954.2479518249781, 1848.2276708690683, 1848.3251090029967, 1785.6664899856526, 1765.0828561280712, 1684.835867990129, 1678.2774405957377, 1623.4453680642994, 1595.769009646787, 1515.5608127781616, 1489.844247342468, 1417.8191898808486], [1871.7062370285846, 1785.9085420645965, 1709.495856946098, 1635.7885880401038, 1534.9684093802468, 1459.1242935687706, 1848.2276708690683, 1959.1391473625972, 1851.0694781328207, 1764.9163230465301, 1773.3429797136696, 1686.035817417288, 1713.2080510944706, 1655.9223416902635, 1621.0041986734873, 1531.8946351947402, 1511.4495337425294, 1420.383797540148], [1873.0234012973658, 1787.027155641563, 1720.3383314531236, 1632.8276168525924, 1545.9236557004472, 1474.1704893957385, 1848.3251090029967, 1851.0694781328207, 1963.5562695232684, 1758.3824561497145, 1773.207370833927, 1701.2146277678294, 1736.963136664652, 1639.171189077076, 1609.580909082103, 1545.8897409154101, 1525.2762245866084, 1428.961468577256], [1798.0222484841925, 1877.2365996111907, 1795.5136036669824, 1725.3439840490887, 1640.709465810657, 1578.6475340978989, 1785.6664899856526, 1764.9163230465301, 1758.3824561497145, 1978.5007732918493, 1872.7082559966723, 1792.987591807222, 1766.4147776281852, 1733.945431395477, 1707.6004805179666, 1651.7223239417547, 1602.0222628706942, 1540.988368872894], [1799.2989249478155, 1879.5576648040055, 1799.1815675068624, 1714.8704568767087, 1616.7526327111843, 1547.332368742022, 1765.0828561280712, 1773.3429797136696, 1773.207370833927, 1872.7082559966723, 1982.2381663003114, 1783.2534505192305, 1796.402059227113, 1724.7121643214155, 1697.768962696196, 1617.678823958454, 1583.7144543485845, 1519.291585117848], [1717.2934857818823, 1799.6909844291283, 1877.307554726121, 1796.3350882834968, 1719.4003446304944, 1686.7549682519327, 1684.835867990129, 1686.035817417288, 1701.2146277678294, 1792.987591807222, 1783.2534505192305, 1979.7656519316017, 1876.0930193795482, 1763.5018541481331, 1801.5466375439003, 1699.426025239106, 1689.153442959782, 1650.527511941558], [1732.845362258526, 1800.0200253691473, 1878.5625706394862, 1797.297985281624, 1729.3302233987447, 1684.5286611510296, 1678.2774405957377, 1713.2080510944706, 1736.963136664652, 1766.4147776281852, 1796.402059227113, 1876.0930193795482, 1983.710875892959, 1789.2700005684633, 1770.0068509561577, 1701.7042776204394, 1722.6958174672345, 1641.20880837566], [1662.9954109167502, 1736.3577208911415, 1795.7422985856356, 1874.827654316068, 1794.3474750098655, 1715.482419588544, 1623.4453680642994, 1655.9223416902635, 1639.171189077076, 1733.945431395477, 1724.7121643214155, 1763.5018541481331, 1789.2700005684633, 1979.3083888561719, 1871.3471471475718, 1779.0481262997698, 1788.7844826539501, 1684.9512657986897], [1633.8666507896232, 1713.8469408797478, 1794.9439848747684, 1871.9998747396771, 1790.2527392496752, 1751.9421432711506, 1595.769009646787, 1621.0041986734873, 1609.580909082103, 1707.6004805179666, 1697.768962696196, 1801.5466375439003, 1770.0068509561577, 1871.3471471475718, 1973.2499756339425, 1765.676279898423, 1758.9749817165189, 1721.7134784806353], [1556.568706791204, 1639.2422512819624, 1710.3387215274865, 1784.2632505883082, 1863.4672347143985, 1803.5470084404244, 1515.5608127781616, 1531.8946351947402, 1545.8897409154101, 1651.7223239417547, 1617.678823958454, 1699.426025239106, 1701.7042776204394, 1779.0481262997698, 1765.676279898423, 1959.5319094695885, 1851.1659692050596, 1785.4406853475707], [1532.4800409400739, 1609.2575100356755, 1706.2297224694235, 1783.9281215203173, 1862.0902893333043, 1802.638470700274, 1489.844247342468, 1511.4495337425294, 1525.2762245866084, 1602.0222628706942, 1583.7144543485845, 1689.153442959782, 1722.6958174672345, 1788.7844826539501, 1758.9749817165189, 1851.1659692050596, 1955.8379641706183, 1769.4175621993325], [1449.4615147497148, 1541.0675144265176, 1642.0940508831516, 1714.8196012566905, 1796.2450815876953, 1889.1152217462345, 1417.8191898808486, 1420.383797540148, 1428.961468577256, 1540.988368872894, 1519.291585117848, 1650.527511941558, 1641.20880837566, 1684.9512657986897, 1721.7134784806353, 1785.4406853475707, 1769.4175621993325, 1951.5020093575692], [5.102737723197077, 5.9544886051956025, 1.9893099099404181, 3.581246565650739, 0.21441895499182642, -18.276591515172274, 4.260251298769719, 6.605633489225749, 3.857182486747312, 5.358367039003076, 9.578678790414028, -0.6034422128027879, -0.37441268582663534, 9.540212393776168, 1.7652741330843893, 8.022093062624677, 3.123542760239553, 2.7116054007862758]]}}