{"resp_b": 0.1, "restrained_fit": true, "exclude_hydrogens": true, "convergence_tolerance": 1e-06, "max_iter": 500, "resp_a": 0.0005, "charge_constraints": {"charge_sum_constraints": [], "charge_equivalence_constraints": [], "molecules": [{"qcmol": {"schema_name": "qcschema_molecule", "schema_version": 2, "validated": true, "symbols": ["C", "C", "C", "C", "C", "O", "H", "H", "H", "H", "H", "H", "H", "H", "H", "H", "H", "H"], "geometry": [[0.0, 0.0, 0.0], [2.8908846796042176, -4.683400828836664e-17, 1.1147769694963897e-15], [4.096288566033367, 2.6333244064711914, 1.1102230246251565e-16], [3.5898793221393843, 4.184567004536145, -2.387947383956515], [5.013408977451821, 6.690349565194975, -2.43412441724986], [7.650982936176836, 6.394338557361647, -2.3705253094494547], [-0.7296067311157125, -1.9124505503400093, 0.1396620392029137], [-0.7686505310245082, 0.8253236547015422, -1.7127617911635995], [-0.7369111139160873, 1.0656151752372551, 1.5934634276220245], [3.550014739216726, -1.0146492811102723, 1.6602961895211976], [3.572633869114668, -1.0604671213481127, -1.6251066647443904], [6.123924069832458, 2.438433700526898, 0.23274379117840477], [3.426544833156353, 3.6849466602882974, 1.6374813210542114], [1.584728459732081, 4.590298849034392, -2.5760714747655573], [4.114586294424418, 3.0861464060073365, -4.051326053764361], [4.4557251867313905, 7.782432927111958, -4.085880682630349], [4.539872262523755, 7.801221045656247, -0.7817314032717837], [8.189319105469536, 5.571641908844204, -3.8664763530483035]], "name": "C5H12O", "identifiers": {"molecule_hash": "fa4c90d2f8ad601e79a1a4b37b6dfb5232c9911f", "molecular_formula": "C5H12O"}, "molecular_charge": 0.0, "molecular_multiplicity": 1, "connectivity": [[0, 1, 1.0], [0, 6, 1.0], [0, 7, 1.0], [0, 8, 1.0], [1, 2, 1.0], [1, 9, 1.0], [1, 10, 1.0], [2, 3, 1.0], [2, 11, 1.0], [2, 12, 1.0], [3, 4, 1.0], [3, 13, 1.0], [3, 14, 1.0], [4, 5, 1.0], [4, 15, 1.0], [4, 16, 1.0], [5, 17, 1.0]], "fix_com": true, "fix_orientation": true, "provenance": {"creator": "QCElemental", "version": "v0.22.0", "routine": "qcelemental.molparse.from_schema"}, "id": "30837"}, "charge": 0, "optimize_geometry": false, "conformers": [], "conformer_generation_options": {"n_conformer_pool": 4000, "n_max_conformers": 0, "rms_tolerance": 0.05, "energy_window": 15, "keep_original_conformer": true}, "stage_1_unrestrained_charges": null, "stage_1_restrained_charges": null, "stage_2_unrestrained_charges": null, "stage_2_restrained_charges": null, "keep_original_orientation": false, "reorientations": [], "translations": [], "rotations": []}], "unconstrained_atoms": [{"index": 0, "molecule": {"qcmol": {"schema_name": "qcschema_molecule", "schema_version": 2, "validated": true, "symbols": ["C", "C", "C", "C", "C", "O", "H", "H", "H", "H", "H", "H", "H", "H", "H", "H", "H", "H"], "geometry": [[0.0, 0.0, 0.0], [2.8908846796042176, -4.683400828836664e-17, 1.1147769694963897e-15], [4.096288566033367, 2.6333244064711914, 1.1102230246251565e-16], [3.5898793221393843, 4.184567004536145, -2.387947383956515], [5.013408977451821, 6.690349565194975, -2.43412441724986], [7.650982936176836, 6.394338557361647, -2.3705253094494547], [-0.7296067311157125, -1.9124505503400093, 0.1396620392029137], [-0.7686505310245082, 0.8253236547015422, -1.7127617911635995], [-0.7369111139160873, 1.0656151752372551, 1.5934634276220245], [3.550014739216726, -1.0146492811102723, 1.6602961895211976], [3.572633869114668, -1.0604671213481127, -1.6251066647443904], [6.123924069832458, 2.438433700526898, 0.23274379117840477], [3.426544833156353, 3.6849466602882974, 1.6374813210542114], [1.584728459732081, 4.590298849034392, -2.5760714747655573], [4.114586294424418, 3.0861464060073365, -4.051326053764361], [4.4557251867313905, 7.782432927111958, -4.085880682630349], [4.539872262523755, 7.801221045656247, -0.7817314032717837], [8.189319105469536, 5.571641908844204, -3.8664763530483035]], "name": "C5H12O", "identifiers": {"molecule_hash": "fa4c90d2f8ad601e79a1a4b37b6dfb5232c9911f", "molecular_formula": "C5H12O"}, "molecular_charge": 0.0, "molecular_multiplicity": 1, "connectivity": [[0, 1, 1.0], [0, 6, 1.0], [0, 7, 1.0], [0, 8, 1.0], [1, 2, 1.0], [1, 9, 1.0], [1, 10, 1.0], [2, 3, 1.0], [2, 11, 1.0], [2, 12, 1.0], [3, 4, 1.0], [3, 13, 1.0], [3, 14, 1.0], [4, 5, 1.0], [4, 15, 1.0], [4, 16, 1.0], [5, 17, 1.0]], "fix_com": true, "fix_orientation": true, "provenance": {"creator": "QCElemental", "version": "v0.22.0", "routine": "qcelemental.molparse.from_schema"}, "id": "30837"}, "charge": 0, "optimize_geometry": false, "conformers": [], "conformer_generation_options": {"n_conformer_pool": 4000, "n_max_conformers": 0, "rms_tolerance": 0.05, "energy_window": 15, "keep_original_conformer": true}, "stage_1_unrestrained_charges": null, "stage_1_restrained_charges": null, "stage_2_unrestrained_charges": null, "stage_2_restrained_charges": null, "keep_original_orientation": false, "reorientations": [], "translations": [], "rotations": []}}, {"index": 1, "molecule": {"qcmol": {"schema_name": "qcschema_molecule", "schema_version": 2, "validated": true, "symbols": ["C", "C", "C", "C", "C", "O", "H", "H", "H", "H", "H", "H", "H", "H", "H", "H", "H", "H"], "geometry": [[0.0, 0.0, 0.0], [2.8908846796042176, -4.683400828836664e-17, 1.1147769694963897e-15], [4.096288566033367, 2.6333244064711914, 1.1102230246251565e-16], [3.5898793221393843, 4.184567004536145, -2.387947383956515], [5.013408977451821, 6.690349565194975, -2.43412441724986], [7.650982936176836, 6.394338557361647, -2.3705253094494547], [-0.7296067311157125, -1.9124505503400093, 0.1396620392029137], [-0.7686505310245082, 0.8253236547015422, -1.7127617911635995], [-0.7369111139160873, 1.0656151752372551, 1.5934634276220245], [3.550014739216726, -1.0146492811102723, 1.6602961895211976], [3.572633869114668, -1.0604671213481127, -1.6251066647443904], [6.123924069832458, 2.438433700526898, 0.23274379117840477], [3.426544833156353, 3.6849466602882974, 1.6374813210542114], [1.584728459732081, 4.590298849034392, -2.5760714747655573], [4.114586294424418, 3.0861464060073365, -4.051326053764361], [4.4557251867313905, 7.782432927111958, -4.085880682630349], [4.539872262523755, 7.801221045656247, -0.7817314032717837], [8.189319105469536, 5.571641908844204, -3.8664763530483035]], "name": "C5H12O", "identifiers": {"molecule_hash": "fa4c90d2f8ad601e79a1a4b37b6dfb5232c9911f", "molecular_formula": "C5H12O"}, "molecular_charge": 0.0, "molecular_multiplicity": 1, "connectivity": [[0, 1, 1.0], [0, 6, 1.0], [0, 7, 1.0], [0, 8, 1.0], [1, 2, 1.0], [1, 9, 1.0], [1, 10, 1.0], [2, 3, 1.0], [2, 11, 1.0], [2, 12, 1.0], [3, 4, 1.0], [3, 13, 1.0], [3, 14, 1.0], [4, 5, 1.0], [4, 15, 1.0], [4, 16, 1.0], [5, 17, 1.0]], "fix_com": true, "fix_orientation": true, "provenance": {"creator": "QCElemental", "version": "v0.22.0", "routine": "qcelemental.molparse.from_schema"}, "id": "30837"}, "charge": 0, "optimize_geometry": false, "conformers": [], "conformer_generation_options": {"n_conformer_pool": 4000, "n_max_conformers": 0, "rms_tolerance": 0.05, "energy_window": 15, "keep_original_conformer": true}, "stage_1_unrestrained_charges": null, "stage_1_restrained_charges": null, "stage_2_unrestrained_charges": null, "stage_2_restrained_charges": null, "keep_original_orientation": false, "reorientations": [], "translations": [], "rotations": []}}, {"index": 2, "molecule": {"qcmol": {"schema_name": "qcschema_molecule", "schema_version": 2, "validated": true, "symbols": ["C", "C", "C", "C", "C", "O", "H", "H", "H", "H", "H", "H", "H", "H", "H", "H", "H", "H"], "geometry": [[0.0, 0.0, 0.0], [2.8908846796042176, -4.683400828836664e-17, 1.1147769694963897e-15], [4.096288566033367, 2.6333244064711914, 1.1102230246251565e-16], [3.5898793221393843, 4.184567004536145, -2.387947383956515], [5.013408977451821, 6.690349565194975, -2.43412441724986], [7.650982936176836, 6.394338557361647, -2.3705253094494547], [-0.7296067311157125, -1.9124505503400093, 0.1396620392029137], [-0.7686505310245082, 0.8253236547015422, -1.7127617911635995], [-0.7369111139160873, 1.0656151752372551, 1.5934634276220245], [3.550014739216726, -1.0146492811102723, 1.6602961895211976], [3.572633869114668, -1.0604671213481127, -1.6251066647443904], [6.123924069832458, 2.438433700526898, 0.23274379117840477], [3.426544833156353, 3.6849466602882974, 1.6374813210542114], [1.584728459732081, 4.590298849034392, -2.5760714747655573], [4.114586294424418, 3.0861464060073365, -4.051326053764361], [4.4557251867313905, 7.782432927111958, -4.085880682630349], [4.539872262523755, 7.801221045656247, -0.7817314032717837], [8.189319105469536, 5.571641908844204, -3.8664763530483035]], "name": "C5H12O", "identifiers": {"molecule_hash": "fa4c90d2f8ad601e79a1a4b37b6dfb5232c9911f", "molecular_formula": "C5H12O"}, "molecular_charge": 0.0, "molecular_multiplicity": 1, "connectivity": [[0, 1, 1.0], [0, 6, 1.0], [0, 7, 1.0], [0, 8, 1.0], [1, 2, 1.0], [1, 9, 1.0], [1, 10, 1.0], [2, 3, 1.0], [2, 11, 1.0], [2, 12, 1.0], [3, 4, 1.0], [3, 13, 1.0], [3, 14, 1.0], [4, 5, 1.0], [4, 15, 1.0], [4, 16, 1.0], [5, 17, 1.0]], "fix_com": true, "fix_orientation": true, "provenance": {"creator": "QCElemental", "version": "v0.22.0", "routine": "qcelemental.molparse.from_schema"}, "id": "30837"}, "charge": 0, "optimize_geometry": false, "conformers": [], "conformer_generation_options": {"n_conformer_pool": 4000, "n_max_conformers": 0, "rms_tolerance": 0.05, "energy_window": 15, "keep_original_conformer": true}, "stage_1_unrestrained_charges": null, "stage_1_restrained_charges": null, "stage_2_unrestrained_charges": null, "stage_2_restrained_charges": null, "keep_original_orientation": false, "reorientations": [], "translations": [], "rotations": []}}, {"index": 3, "molecule": {"qcmol": {"schema_name": "qcschema_molecule", "schema_version": 2, "validated": true, "symbols": ["C", "C", "C", "C", "C", "O", "H", "H", "H", "H", "H", "H", "H", "H", "H", "H", "H", "H"], "geometry": [[0.0, 0.0, 0.0], [2.8908846796042176, -4.683400828836664e-17, 1.1147769694963897e-15], [4.096288566033367, 2.6333244064711914, 1.1102230246251565e-16], [3.5898793221393843, 4.184567004536145, -2.387947383956515], [5.013408977451821, 6.690349565194975, -2.43412441724986], [7.650982936176836, 6.394338557361647, -2.3705253094494547], [-0.7296067311157125, -1.9124505503400093, 0.1396620392029137], [-0.7686505310245082, 0.8253236547015422, -1.7127617911635995], [-0.7369111139160873, 1.0656151752372551, 1.5934634276220245], [3.550014739216726, -1.0146492811102723, 1.6602961895211976], [3.572633869114668, -1.0604671213481127, -1.6251066647443904], [6.123924069832458, 2.438433700526898, 0.23274379117840477], [3.426544833156353, 3.6849466602882974, 1.6374813210542114], [1.584728459732081, 4.590298849034392, -2.5760714747655573], [4.114586294424418, 3.0861464060073365, -4.051326053764361], [4.4557251867313905, 7.782432927111958, -4.085880682630349], [4.539872262523755, 7.801221045656247, -0.7817314032717837], [8.189319105469536, 5.571641908844204, -3.8664763530483035]], "name": "C5H12O", "identifiers": {"molecule_hash": "fa4c90d2f8ad601e79a1a4b37b6dfb5232c9911f", "molecular_formula": "C5H12O"}, "molecular_charge": 0.0, "molecular_multiplicity": 1, "connectivity": [[0, 1, 1.0], [0, 6, 1.0], [0, 7, 1.0], [0, 8, 1.0], [1, 2, 1.0], [1, 9, 1.0], [1, 10, 1.0], [2, 3, 1.0], [2, 11, 1.0], [2, 12, 1.0], [3, 4, 1.0], [3, 13, 1.0], [3, 14, 1.0], [4, 5, 1.0], [4, 15, 1.0], [4, 16, 1.0], [5, 17, 1.0]], "fix_com": true, "fix_orientation": true, "provenance": {"creator": "QCElemental", "version": "v0.22.0", "routine": "qcelemental.molparse.from_schema"}, "id": "30837"}, "charge": 0, "optimize_geometry": false, "conformers": [], "conformer_generation_options": {"n_conformer_pool": 4000, "n_max_conformers": 0, "rms_tolerance": 0.05, "energy_window": 15, "keep_original_conformer": true}, "stage_1_unrestrained_charges": null, "stage_1_restrained_charges": null, "stage_2_unrestrained_charges": null, "stage_2_restrained_charges": null, "keep_original_orientation": false, "reorientations": [], "translations": [], "rotations": []}}, {"index": 4, "molecule": {"qcmol": {"schema_name": "qcschema_molecule", "schema_version": 2, "validated": true, "symbols": ["C", "C", "C", "C", "C", "O", "H", "H", "H", "H", "H", "H", "H", "H", "H", "H", "H", "H"], "geometry": [[0.0, 0.0, 0.0], [2.8908846796042176, -4.683400828836664e-17, 1.1147769694963897e-15], [4.096288566033367, 2.6333244064711914, 1.1102230246251565e-16], [3.5898793221393843, 4.184567004536145, -2.387947383956515], [5.013408977451821, 6.690349565194975, -2.43412441724986], [7.650982936176836, 6.394338557361647, -2.3705253094494547], [-0.7296067311157125, -1.9124505503400093, 0.1396620392029137], [-0.7686505310245082, 0.8253236547015422, -1.7127617911635995], [-0.7369111139160873, 1.0656151752372551, 1.5934634276220245], [3.550014739216726, -1.0146492811102723, 1.6602961895211976], [3.572633869114668, -1.0604671213481127, -1.6251066647443904], [6.123924069832458, 2.438433700526898, 0.23274379117840477], [3.426544833156353, 3.6849466602882974, 1.6374813210542114], [1.584728459732081, 4.590298849034392, -2.5760714747655573], [4.114586294424418, 3.0861464060073365, -4.051326053764361], [4.4557251867313905, 7.782432927111958, -4.085880682630349], [4.539872262523755, 7.801221045656247, -0.7817314032717837], [8.189319105469536, 5.571641908844204, -3.8664763530483035]], "name": "C5H12O", "identifiers": {"molecule_hash": "fa4c90d2f8ad601e79a1a4b37b6dfb5232c9911f", "molecular_formula": "C5H12O"}, "molecular_charge": 0.0, "molecular_multiplicity": 1, "connectivity": [[0, 1, 1.0], [0, 6, 1.0], [0, 7, 1.0], [0, 8, 1.0], [1, 2, 1.0], [1, 9, 1.0], [1, 10, 1.0], [2, 3, 1.0], [2, 11, 1.0], [2, 12, 1.0], [3, 4, 1.0], [3, 13, 1.0], [3, 14, 1.0], [4, 5, 1.0], [4, 15, 1.0], [4, 16, 1.0], [5, 17, 1.0]], "fix_com": true, "fix_orientation": true, "provenance": {"creator": "QCElemental", "version": "v0.22.0", "routine": "qcelemental.molparse.from_schema"}, "id": "30837"}, "charge": 0, "optimize_geometry": false, "conformers": [], "conformer_generation_options": {"n_conformer_pool": 4000, "n_max_conformers": 0, "rms_tolerance": 0.05, "energy_window": 15, "keep_original_conformer": true}, "stage_1_unrestrained_charges": null, "stage_1_restrained_charges": null, "stage_2_unrestrained_charges": null, "stage_2_restrained_charges": null, "keep_original_orientation": false, "reorientations": [], "translations": [], "rotations": []}}]}, "surface_constraints": {"matrix": [[378507107806520.06, 367181098367732.25, 353633583258194.25, 338865952434095.56, 322235608181132.44, 310950081141691.25, 380426647650180.06, 380605964233801.1, 381070719942932.4, 365891583273912.6, 366147050596810.9, 351376709346733.25, 354248688373825.06, 340999475852430.25, 335951574004512.06, 322173292433822.1, 317287779001569.56, 304925046545345.5], [367181098367732.25, 375732837936165.3, 366510312190448.3, 352782877434697.0, 337003524658593.6, 327153674874174.1, 363913318833574.3, 363915054710344.1, 364371580293779.06, 380410560069692.94, 380945101840920.25, 366726317091792.8, 366681136753062.06, 354064552113599.7, 350537487266434.2, 336848679198139.9, 331325214813656.4, 322205689620393.7], [353633583258194.25, 366510312190448.3, 375914167006850.8, 366287551336001.56, 353445378760854.44, 346257180289813.06, 346915358691385.7, 349906115617454.9, 352122152431511.5, 365565751670000.06, 366255025802264.56, 381806147480666.2, 381924927746955.25, 365724404422067.75, 366172020977314.25, 350559505581544.1, 350015071679421.25, 341083074075917.6], [338865952434095.56, 352782877434697.0, 366287551336001.56, 375430395930487.44, 366623846519087.56, 358559220101865.4, 331943346612239.4, 336484349446563.3, 335823776838291.25, 352337661598473.25, 350373656497628.5, 366476730478776.56, 366541065251296.8, 380932089513427.94, 381066995986426.8, 364913462946274.5, 364976680453082.7, 354664180344425.44], [322235608181132.44, 337003524658593.6, 353445378760854.44, 366623846519087.56, 376970819168461.44, 373307553372557.56, 315055156364350.56, 318351231574412.9, 320473666434865.8, 337324759802275.75, 332882342763543.06, 352887573244305.1, 354445966174535.06, 366516158199324.6, 366448093821666.56, 380788500852932.25, 380747512503119.25, 371024512471504.4], [310950081141691.25, 327153674874174.1, 346257180289813.06, 358559220101865.4, 373307553372557.56, 389610158900396.5, 305008410085371.94, 305415801712629.56, 308591142015312.9, 328101348872727.3, 321754695236220.56, 348523023825893.4, 347632880047991.94, 352765305972572.3, 360305731693126.8, 370789119149345.7, 370847494955009.44, 390780366024435.7], [380426647650180.06, 363913318833574.3, 346915358691385.7, 331943346612239.4, 315055156364350.56, 305008410085371.94, 398047137459297.0, 377053240913814.56, 377239455753696.5, 364187368374600.4, 360247035304543.1, 345803550671113.4, 344280277568909.44, 334050758147544.44, 329276793043543.25, 314647905229316.75, 309397044197712.8, 299189707055063.56], [380605964233801.1, 363915054710344.1, 349906115617454.9, 336484349446563.3, 318351231574412.9, 305415801712629.56, 377053240913814.56, 398541267077272.2, 377558130280588.4, 360062082752718.5, 361650716555196.0, 345708846505486.2, 351051759769592.9, 340383258031448.75, 334203226680043.25, 318185096857952.3, 313804817221828.25, 299507959316066.1], [381070719942932.4, 364371580293779.06, 352122152431511.5, 335823776838291.25, 320473666434865.8, 308591142015312.9, 377239455753696.5, 377558130280588.4, 399826689138580.1, 359063478282572.1, 361896643397644.6, 348964730733296.0, 355747557334950.8, 337011109611670.9, 331610097556037.1, 320859898578221.75, 316494314465358.4, 301344012032330.9], [365891583273912.6, 380410560069692.94, 365565751670000.06, 352337661598473.25, 337324759802275.75, 328101348872727.3, 364187368374600.4, 360062082752718.5, 359063478282572.1, 400530596698299.7, 380020752634008.94, 365868054431931.4, 360530437880997.94, 353744827469902.2, 349704464992334.7, 338923201755519.9, 330161207726399.06, 322724878802413.1], [366147050596810.9, 380945101840920.25, 366255025802264.56, 350373656497628.5, 332882342763543.06, 321754695236220.56, 360247035304543.1, 361650716555196.0, 361896643397644.6, 380020752634008.94, 401516389752859.7, 363798718193017.3, 366281165366868.4, 352034564982617.3, 347654302212687.0, 333194555098953.94, 326515186494418.06, 318403739994414.1], [351376709346733.25, 366726317091792.8, 381806147480666.2, 366476730478776.56, 352887573244305.1, 348523023825893.4, 345803550671113.4, 345708846505486.2, 348964730733296.0, 365868054431931.4, 363798718193017.3, 402800618262703.7, 382253913002876.75, 360170405141556.6, 367959245021293.3, 349188790998994.8, 347502376331768.7, 343384044317817.9], [354248688373825.06, 366681136753062.06, 381924927746955.25, 366541065251296.8, 354445966174535.06, 347632880047991.94, 344280277568909.44, 351051759769592.9, 355747557334950.8, 360530437880997.94, 366281165366868.4, 382253913002876.75, 403294802971532.0, 364953604161796.5, 361908877786996.3, 349293545817974.0, 353617254667526.75, 341211100606810.4], [340999475852430.25, 354064552113599.7, 365724404422067.75, 380932089513427.94, 366516158199324.6, 352765305972572.3, 334050758147544.44, 340383258031448.75, 337011109611670.9, 353744827469902.2, 352034564982617.3, 360170405141556.6, 364953604161796.5, 401651923783907.0, 380988005160742.4, 364063458963552.1, 365800052960762.44, 348783017056928.3], [335951574004512.06, 350537487266434.2, 366172020977314.25, 381066995986426.8, 366448093821666.56, 360305731693126.8, 329276793043543.25, 334203226680043.25, 331610097556037.1, 349704464992334.7, 347654302212687.0, 367959245021293.3, 361908877786996.3, 380988005160742.4, 401949314765045.6, 362079871748785.44, 360909917490758.6, 356522024384253.06], [322173292433822.1, 336848679198139.9, 350559505581544.1, 364913462946274.5, 380788500852932.25, 370789119149345.7, 314647905229316.75, 318185096857952.3, 320859898578221.75, 338923201755519.9, 333194555098953.94, 349188790998994.8, 349293545817974.0, 364063458963552.1, 362079871748785.44, 400102430287543.0, 378923461115615.56, 368889708800529.56], [317287779001569.56, 331325214813656.4, 350015071679421.25, 364976680453082.7, 380747512503119.25, 370847494955009.44, 309397044197712.8, 313804817221828.25, 316494314465358.4, 330161207726399.06, 326515186494418.06, 347502376331768.7, 353617254667526.75, 365800052960762.44, 360909917490758.6, 378923461115615.56, 399951212636763.25, 365859779436738.25], [304925046545345.5, 322205689620393.7, 341083074075917.6, 354664180344425.44, 371024512471504.4, 390780366024435.7, 299189707055063.56, 299507959316066.1, 301344012032330.9, 322724878802413.1, 318403739994414.1, 343384044317817.9, 341211100606810.4, 348783017056928.3, 356522024384253.06, 368889708800529.56, 365859779436738.25, 405478517481021.44], [1020905722566.9021, 1153252114465.3967, 623719982995.1455, 984105836124.2273, 517045139761.1105, -1977173039871.9292, 875120088159.7719, 1318660716185.1716, 769974850432.0801, 981121271491.0134, 1793356373423.6216, 175229104061.5263, 259906938562.5063, 1857096193511.9128, 791112848946.1001, 1619019676069.2654, 786664421587.7437, 1717831482297.6548]]}}