{"resp_b": 0.1, "restrained_fit": true, "exclude_hydrogens": true, "convergence_tolerance": 1e-06, "max_iter": 500, "resp_a": 0.0005, "charge_constraints": {"charge_sum_constraints": [], "charge_equivalence_constraints": [], "molecules": [{"qcmol": {"schema_name": "qcschema_molecule", "schema_version": 2, "validated": true, "symbols": ["C", "C", "C", "C", "C", "O", "H", "H", "H", "H", "H", "H", "H", "H", "H", "H", "H", "H"], "geometry": [[0.0, 0.0, 0.0], [2.8908846796042176, -4.683400828836664e-17, 1.1147769694963897e-15], [4.096288566033367, 2.6333244064711914, 1.1102230246251565e-16], [3.5898793221393843, 4.184567004536145, -2.387947383956515], [5.013408977451821, 6.690349565194975, -2.43412441724986], [7.650982936176836, 6.394338557361647, -2.3705253094494547], [-0.7296067311157125, -1.9124505503400093, 0.1396620392029137], [-0.7686505310245082, 0.8253236547015422, -1.7127617911635995], [-0.7369111139160873, 1.0656151752372551, 1.5934634276220245], [3.550014739216726, -1.0146492811102723, 1.6602961895211976], [3.572633869114668, -1.0604671213481127, -1.6251066647443904], [6.123924069832458, 2.438433700526898, 0.23274379117840477], [3.426544833156353, 3.6849466602882974, 1.6374813210542114], [1.584728459732081, 4.590298849034392, -2.5760714747655573], [4.114586294424418, 3.0861464060073365, -4.051326053764361], [4.4557251867313905, 7.782432927111958, -4.085880682630349], [4.539872262523755, 7.801221045656247, -0.7817314032717837], [8.189319105469536, 5.571641908844204, -3.8664763530483035]], "name": "C5H12O", "identifiers": {"molecule_hash": "fa4c90d2f8ad601e79a1a4b37b6dfb5232c9911f", "molecular_formula": "C5H12O"}, "molecular_charge": 0.0, "molecular_multiplicity": 1, "connectivity": [[0, 1, 1.0], [0, 6, 1.0], [0, 7, 1.0], [0, 8, 1.0], [1, 2, 1.0], [1, 9, 1.0], [1, 10, 1.0], [2, 3, 1.0], [2, 11, 1.0], [2, 12, 1.0], [3, 4, 1.0], [3, 13, 1.0], [3, 14, 1.0], [4, 5, 1.0], [4, 15, 1.0], [4, 16, 1.0], [5, 17, 1.0]], "fix_com": true, "fix_orientation": true, "provenance": {"creator": "QCElemental", "version": "v0.22.0", "routine": "qcelemental.molparse.from_schema"}, "id": "30837"}, "charge": 0, "optimize_geometry": false, "conformers": [], "conformer_generation_options": {"n_conformer_pool": 4000, "n_max_conformers": 0, "rms_tolerance": 0.05, "energy_window": 15, "keep_original_conformer": true}, "stage_1_unrestrained_charges": null, "stage_1_restrained_charges": null, "stage_2_unrestrained_charges": null, "stage_2_restrained_charges": null, "keep_original_orientation": false, "reorientations": [], "translations": [], "rotations": []}], "unconstrained_atoms": [{"index": 0, "molecule": {"qcmol": {"schema_name": "qcschema_molecule", "schema_version": 2, "validated": true, "symbols": ["C", "C", "C", "C", "C", "O", "H", "H", "H", "H", "H", "H", "H", "H", "H", "H", "H", "H"], "geometry": [[0.0, 0.0, 0.0], [2.8908846796042176, -4.683400828836664e-17, 1.1147769694963897e-15], [4.096288566033367, 2.6333244064711914, 1.1102230246251565e-16], [3.5898793221393843, 4.184567004536145, -2.387947383956515], [5.013408977451821, 6.690349565194975, -2.43412441724986], [7.650982936176836, 6.394338557361647, -2.3705253094494547], [-0.7296067311157125, -1.9124505503400093, 0.1396620392029137], [-0.7686505310245082, 0.8253236547015422, -1.7127617911635995], [-0.7369111139160873, 1.0656151752372551, 1.5934634276220245], [3.550014739216726, -1.0146492811102723, 1.6602961895211976], [3.572633869114668, -1.0604671213481127, -1.6251066647443904], [6.123924069832458, 2.438433700526898, 0.23274379117840477], [3.426544833156353, 3.6849466602882974, 1.6374813210542114], [1.584728459732081, 4.590298849034392, -2.5760714747655573], [4.114586294424418, 3.0861464060073365, -4.051326053764361], [4.4557251867313905, 7.782432927111958, -4.085880682630349], [4.539872262523755, 7.801221045656247, -0.7817314032717837], [8.189319105469536, 5.571641908844204, -3.8664763530483035]], "name": "C5H12O", "identifiers": {"molecule_hash": "fa4c90d2f8ad601e79a1a4b37b6dfb5232c9911f", "molecular_formula": "C5H12O"}, "molecular_charge": 0.0, "molecular_multiplicity": 1, "connectivity": [[0, 1, 1.0], [0, 6, 1.0], [0, 7, 1.0], [0, 8, 1.0], [1, 2, 1.0], [1, 9, 1.0], [1, 10, 1.0], [2, 3, 1.0], [2, 11, 1.0], [2, 12, 1.0], [3, 4, 1.0], [3, 13, 1.0], [3, 14, 1.0], [4, 5, 1.0], [4, 15, 1.0], [4, 16, 1.0], [5, 17, 1.0]], "fix_com": true, "fix_orientation": true, "provenance": {"creator": "QCElemental", "version": "v0.22.0", "routine": "qcelemental.molparse.from_schema"}, "id": "30837"}, "charge": 0, "optimize_geometry": false, "conformers": [], "conformer_generation_options": {"n_conformer_pool": 4000, "n_max_conformers": 0, "rms_tolerance": 0.05, "energy_window": 15, "keep_original_conformer": true}, "stage_1_unrestrained_charges": null, "stage_1_restrained_charges": null, "stage_2_unrestrained_charges": null, "stage_2_restrained_charges": null, "keep_original_orientation": false, "reorientations": [], "translations": [], "rotations": []}}, {"index": 1, "molecule": {"qcmol": {"schema_name": "qcschema_molecule", "schema_version": 2, "validated": true, "symbols": ["C", "C", "C", "C", "C", "O", "H", "H", "H", "H", "H", "H", "H", "H", "H", "H", "H", "H"], "geometry": [[0.0, 0.0, 0.0], [2.8908846796042176, -4.683400828836664e-17, 1.1147769694963897e-15], [4.096288566033367, 2.6333244064711914, 1.1102230246251565e-16], [3.5898793221393843, 4.184567004536145, -2.387947383956515], [5.013408977451821, 6.690349565194975, -2.43412441724986], [7.650982936176836, 6.394338557361647, -2.3705253094494547], [-0.7296067311157125, -1.9124505503400093, 0.1396620392029137], [-0.7686505310245082, 0.8253236547015422, -1.7127617911635995], [-0.7369111139160873, 1.0656151752372551, 1.5934634276220245], [3.550014739216726, -1.0146492811102723, 1.6602961895211976], [3.572633869114668, -1.0604671213481127, -1.6251066647443904], [6.123924069832458, 2.438433700526898, 0.23274379117840477], [3.426544833156353, 3.6849466602882974, 1.6374813210542114], [1.584728459732081, 4.590298849034392, -2.5760714747655573], [4.114586294424418, 3.0861464060073365, -4.051326053764361], [4.4557251867313905, 7.782432927111958, -4.085880682630349], [4.539872262523755, 7.801221045656247, -0.7817314032717837], [8.189319105469536, 5.571641908844204, -3.8664763530483035]], "name": "C5H12O", "identifiers": {"molecule_hash": "fa4c90d2f8ad601e79a1a4b37b6dfb5232c9911f", "molecular_formula": "C5H12O"}, "molecular_charge": 0.0, "molecular_multiplicity": 1, "connectivity": [[0, 1, 1.0], [0, 6, 1.0], [0, 7, 1.0], [0, 8, 1.0], [1, 2, 1.0], [1, 9, 1.0], [1, 10, 1.0], [2, 3, 1.0], [2, 11, 1.0], [2, 12, 1.0], [3, 4, 1.0], [3, 13, 1.0], [3, 14, 1.0], [4, 5, 1.0], [4, 15, 1.0], [4, 16, 1.0], [5, 17, 1.0]], "fix_com": true, "fix_orientation": true, "provenance": {"creator": "QCElemental", "version": "v0.22.0", "routine": "qcelemental.molparse.from_schema"}, "id": "30837"}, "charge": 0, "optimize_geometry": false, "conformers": [], "conformer_generation_options": {"n_conformer_pool": 4000, "n_max_conformers": 0, "rms_tolerance": 0.05, "energy_window": 15, "keep_original_conformer": true}, "stage_1_unrestrained_charges": null, "stage_1_restrained_charges": null, "stage_2_unrestrained_charges": null, "stage_2_restrained_charges": null, "keep_original_orientation": false, "reorientations": [], "translations": [], "rotations": []}}, {"index": 2, "molecule": {"qcmol": {"schema_name": "qcschema_molecule", "schema_version": 2, "validated": true, "symbols": ["C", "C", "C", "C", "C", "O", "H", "H", "H", "H", "H", "H", "H", "H", "H", "H", "H", "H"], "geometry": [[0.0, 0.0, 0.0], [2.8908846796042176, -4.683400828836664e-17, 1.1147769694963897e-15], [4.096288566033367, 2.6333244064711914, 1.1102230246251565e-16], [3.5898793221393843, 4.184567004536145, -2.387947383956515], [5.013408977451821, 6.690349565194975, -2.43412441724986], [7.650982936176836, 6.394338557361647, -2.3705253094494547], [-0.7296067311157125, -1.9124505503400093, 0.1396620392029137], [-0.7686505310245082, 0.8253236547015422, -1.7127617911635995], [-0.7369111139160873, 1.0656151752372551, 1.5934634276220245], [3.550014739216726, -1.0146492811102723, 1.6602961895211976], [3.572633869114668, -1.0604671213481127, -1.6251066647443904], [6.123924069832458, 2.438433700526898, 0.23274379117840477], [3.426544833156353, 3.6849466602882974, 1.6374813210542114], [1.584728459732081, 4.590298849034392, -2.5760714747655573], [4.114586294424418, 3.0861464060073365, -4.051326053764361], [4.4557251867313905, 7.782432927111958, -4.085880682630349], [4.539872262523755, 7.801221045656247, -0.7817314032717837], [8.189319105469536, 5.571641908844204, -3.8664763530483035]], "name": "C5H12O", "identifiers": {"molecule_hash": "fa4c90d2f8ad601e79a1a4b37b6dfb5232c9911f", "molecular_formula": "C5H12O"}, "molecular_charge": 0.0, "molecular_multiplicity": 1, "connectivity": [[0, 1, 1.0], [0, 6, 1.0], [0, 7, 1.0], [0, 8, 1.0], [1, 2, 1.0], [1, 9, 1.0], [1, 10, 1.0], [2, 3, 1.0], [2, 11, 1.0], [2, 12, 1.0], [3, 4, 1.0], [3, 13, 1.0], [3, 14, 1.0], [4, 5, 1.0], [4, 15, 1.0], [4, 16, 1.0], [5, 17, 1.0]], "fix_com": true, "fix_orientation": true, "provenance": {"creator": "QCElemental", "version": "v0.22.0", "routine": "qcelemental.molparse.from_schema"}, "id": "30837"}, "charge": 0, "optimize_geometry": false, "conformers": [], "conformer_generation_options": {"n_conformer_pool": 4000, "n_max_conformers": 0, "rms_tolerance": 0.05, "energy_window": 15, "keep_original_conformer": true}, "stage_1_unrestrained_charges": null, "stage_1_restrained_charges": null, "stage_2_unrestrained_charges": null, "stage_2_restrained_charges": null, "keep_original_orientation": false, "reorientations": [], "translations": [], "rotations": []}}, {"index": 3, "molecule": {"qcmol": {"schema_name": "qcschema_molecule", "schema_version": 2, "validated": true, "symbols": ["C", "C", "C", "C", "C", "O", "H", "H", "H", "H", "H", "H", "H", "H", "H", "H", "H", "H"], "geometry": [[0.0, 0.0, 0.0], [2.8908846796042176, -4.683400828836664e-17, 1.1147769694963897e-15], [4.096288566033367, 2.6333244064711914, 1.1102230246251565e-16], [3.5898793221393843, 4.184567004536145, -2.387947383956515], [5.013408977451821, 6.690349565194975, -2.43412441724986], [7.650982936176836, 6.394338557361647, -2.3705253094494547], [-0.7296067311157125, -1.9124505503400093, 0.1396620392029137], [-0.7686505310245082, 0.8253236547015422, -1.7127617911635995], [-0.7369111139160873, 1.0656151752372551, 1.5934634276220245], [3.550014739216726, -1.0146492811102723, 1.6602961895211976], [3.572633869114668, -1.0604671213481127, -1.6251066647443904], [6.123924069832458, 2.438433700526898, 0.23274379117840477], [3.426544833156353, 3.6849466602882974, 1.6374813210542114], [1.584728459732081, 4.590298849034392, -2.5760714747655573], [4.114586294424418, 3.0861464060073365, -4.051326053764361], [4.4557251867313905, 7.782432927111958, -4.085880682630349], [4.539872262523755, 7.801221045656247, -0.7817314032717837], [8.189319105469536, 5.571641908844204, -3.8664763530483035]], "name": "C5H12O", "identifiers": {"molecule_hash": "fa4c90d2f8ad601e79a1a4b37b6dfb5232c9911f", "molecular_formula": "C5H12O"}, "molecular_charge": 0.0, "molecular_multiplicity": 1, "connectivity": [[0, 1, 1.0], [0, 6, 1.0], [0, 7, 1.0], [0, 8, 1.0], [1, 2, 1.0], [1, 9, 1.0], [1, 10, 1.0], [2, 3, 1.0], [2, 11, 1.0], [2, 12, 1.0], [3, 4, 1.0], [3, 13, 1.0], [3, 14, 1.0], [4, 5, 1.0], [4, 15, 1.0], [4, 16, 1.0], [5, 17, 1.0]], "fix_com": true, "fix_orientation": true, "provenance": {"creator": "QCElemental", "version": "v0.22.0", "routine": "qcelemental.molparse.from_schema"}, "id": "30837"}, "charge": 0, "optimize_geometry": false, "conformers": [], "conformer_generation_options": {"n_conformer_pool": 4000, "n_max_conformers": 0, "rms_tolerance": 0.05, "energy_window": 15, "keep_original_conformer": true}, "stage_1_unrestrained_charges": null, "stage_1_restrained_charges": null, "stage_2_unrestrained_charges": null, "stage_2_restrained_charges": null, "keep_original_orientation": false, "reorientations": [], "translations": [], "rotations": []}}, {"index": 4, "molecule": {"qcmol": {"schema_name": "qcschema_molecule", "schema_version": 2, "validated": true, "symbols": ["C", "C", "C", "C", "C", "O", "H", "H", "H", "H", "H", "H", "H", "H", "H", "H", "H", "H"], "geometry": [[0.0, 0.0, 0.0], [2.8908846796042176, -4.683400828836664e-17, 1.1147769694963897e-15], [4.096288566033367, 2.6333244064711914, 1.1102230246251565e-16], [3.5898793221393843, 4.184567004536145, -2.387947383956515], [5.013408977451821, 6.690349565194975, -2.43412441724986], [7.650982936176836, 6.394338557361647, -2.3705253094494547], [-0.7296067311157125, -1.9124505503400093, 0.1396620392029137], [-0.7686505310245082, 0.8253236547015422, -1.7127617911635995], [-0.7369111139160873, 1.0656151752372551, 1.5934634276220245], [3.550014739216726, -1.0146492811102723, 1.6602961895211976], [3.572633869114668, -1.0604671213481127, -1.6251066647443904], [6.123924069832458, 2.438433700526898, 0.23274379117840477], [3.426544833156353, 3.6849466602882974, 1.6374813210542114], [1.584728459732081, 4.590298849034392, -2.5760714747655573], [4.114586294424418, 3.0861464060073365, -4.051326053764361], [4.4557251867313905, 7.782432927111958, -4.085880682630349], [4.539872262523755, 7.801221045656247, -0.7817314032717837], [8.189319105469536, 5.571641908844204, -3.8664763530483035]], "name": "C5H12O", "identifiers": {"molecule_hash": "fa4c90d2f8ad601e79a1a4b37b6dfb5232c9911f", "molecular_formula": "C5H12O"}, "molecular_charge": 0.0, "molecular_multiplicity": 1, "connectivity": [[0, 1, 1.0], [0, 6, 1.0], [0, 7, 1.0], [0, 8, 1.0], [1, 2, 1.0], [1, 9, 1.0], [1, 10, 1.0], [2, 3, 1.0], [2, 11, 1.0], [2, 12, 1.0], [3, 4, 1.0], [3, 13, 1.0], [3, 14, 1.0], [4, 5, 1.0], [4, 15, 1.0], [4, 16, 1.0], [5, 17, 1.0]], "fix_com": true, "fix_orientation": true, "provenance": {"creator": "QCElemental", "version": "v0.22.0", "routine": "qcelemental.molparse.from_schema"}, "id": "30837"}, "charge": 0, "optimize_geometry": false, "conformers": [], "conformer_generation_options": {"n_conformer_pool": 4000, "n_max_conformers": 0, "rms_tolerance": 0.05, "energy_window": 15, "keep_original_conformer": true}, "stage_1_unrestrained_charges": null, "stage_1_restrained_charges": null, "stage_2_unrestrained_charges": null, "stage_2_restrained_charges": null, "keep_original_orientation": false, "reorientations": [], "translations": [], "rotations": []}}]}, "surface_constraints": {"matrix": [[378518979845522.7, 367192618953146.7, 353644681079818.06, 338876556300400.1, 322245679619959.9, 310959825907373.7, 380438579497031.3, 380617902106481.94, 381082666786531.8, 365903062984763.1, 366158538087152.3, 351387749125191.9, 354259819592430.0, 341010122887170.0, 335962094612260.1, 322183350596029.0, 317297674180801.2, 304934623123779.75], [367192618953146.7, 375744628320059.25, 366521813415536.2, 352793947678303.0, 337014088498081.94, 327163938101469.0, 363924736528834.5, 363926473212961.06, 364383008215948.2, 380422496246497.94, 380957055277200.8, 366737823969828.0, 366692643079271.2, 354075659412037.1, 350548496210796.0, 336859232540549.25, 331335589685492.7, 322215814022714.3], [353644681079818.06, 366521813415536.2, 375925962586186.75, 366299042993189.6, 353456464487599.0, 346268048781644.44, 346926254607813.75, 349917112897620.56, 352133174415113.06, 365577221890290.56, 366266517594428.3, 381818125903453.5, 381936913533281.8, 365735877855714.7, 366183507601411.2, 350570497153798.8, 350026042707012.7, 341093794685892.94], [338876556300400.1, 352793947678303.0, 366299042993189.6, 375442170534035.4, 366635341363856.25, 358570462593545.2, 331953733012900.9, 336494876089426.5, 335834263497952.25, 352348723544120.5, 350384670442201.06, 366488225605400.56, 366552566915407.3, 380944035273269.75, 381078945877126.1, 364924902772718.5, 364988121179533.0, 354675307906989.06], [322245679619959.9, 337014088498081.94, 353456464487599.0, 366635341363856.25, 376982634789817.6, 373319256058137.8, 315065003902142.0, 318361175326302.56, 320483663289935.06, 337335339244907.44, 332892790668782.94, 352898659832397.1, 354457072606437.75, 366527647842158.94, 366459582037809.8, 380800434597813.0, 380759443845171.56, 371036142138767.9], [310959825907373.7, 327163938101469.0, 346268048781644.44, 358570462593545.2, 373319256058137.8, 389622374973097.25, 305017978189296.5, 305425374002059.2, 308600791443466.44, 328111642757067.3, 321764790349704.25, 348534009114440.75, 347643759115184.94, 352776353001078.9, 360317032401215.6, 370800740936941.94, 370859119087774.5, 390792617752491.25], [380438579497031.3, 363924736528834.5, 346926254607813.75, 331953733012900.9, 315065003902142.0, 305017978189296.5, 398059623002581.3, 377065065602420.1, 377251282385064.1, 364198782504504.2, 360258341158806.3, 345814441331397.94, 344291102582882.06, 334061174396080.06, 329287108810328.2, 314657721558226.8, 309406694181145.06, 299199116910481.6], [380617902106481.94, 363926473212961.06, 349917112897620.56, 336494876089426.5, 318361175326302.56, 305425374002059.2, 377065065602420.1, 398553769749623.8, 377569966450039.9, 360073376755515.94, 361662052426437.7, 345719730849862.6, 351062828112894.25, 340393875422704.8, 334213686619553.6, 318195015639370.3, 313814597688572.6, 299517359956475.9], [381082666786531.8, 364383008215948.2, 352133174415113.06, 335834263497952.25, 320483663289935.06, 308600791443466.44, 377251282385064.1, 377569966450039.9, 399839217178768.56, 359074754548651.9, 361908000275408.9, 348975653554427.2, 355758698680664.6, 337021614965725.4, 331620458816772.06, 320869908067953.06, 316504156876453.5, 301353461878046.94], [365903062984763.1, 380422496246497.94, 365577221890290.56, 352348723544120.5, 337335339244907.44, 328111642757067.3, 364198782504504.2, 360073376755515.94, 359074754548651.9, 400543163140252.5, 380032675983623.75, 365879531760544.1, 360541744859434.8, 353755932390690.1, 349715456914650.7, 338933822531884.0, 330171559103492.4, 322735017808119.9], [366158538087152.3, 380957055277200.8, 366266517594428.3, 350384670442201.06, 332892790668782.94, 321764790349704.25, 360258341158806.3, 361662052426437.7, 361908000275408.9, 380032675983623.75, 401528989640441.25, 363810121862562.0, 366292648593349.6, 352045642058370.1, 347665245148308.7, 333205014074384.75, 326525422874594.9, 318413746096949.2], [351387749125191.9, 366737823969828.0, 381818125903453.5, 366488225605400.56, 352898659832397.1, 348534009114440.75, 345814441331397.94, 345719730849862.6, 348975653554427.2, 365879531760544.1, 363810121862562.0, 402813253822102.75, 382265907481816.4, 360181686225363.9, 367970784003464.7, 349199748050354.2, 347513287928533.94, 343394889593472.9], [354259819592430.0, 366692643079271.2, 381936913533281.8, 366552566915407.3, 354457072606437.75, 347643759115184.94, 344291102582882.06, 351062828112894.25, 355758698680664.6, 360541744859434.8, 366292648593349.6, 382265907481816.4, 403307461381911.75, 364965073582531.0, 361920224960160.0, 349304496959736.9, 353628327295113.0, 341221790099774.8], [341010122887170.0, 354075659412037.1, 365735877855714.7, 380944035273269.75, 366527647842158.94, 352776353001078.9, 334061174396080.06, 340393875422704.8, 337021614965725.4, 353755932390690.1, 352045642058370.1, 360181686225363.9, 364965073582531.0, 401664518018613.94, 380999950318287.06, 364074876903281.5, 365811521226729.9, 348793944767069.44], [335962094612260.1, 350548496210796.0, 366183507601411.2, 381078945877126.1, 366459582037809.8, 360317032401215.6, 329287108810328.2, 334213686619553.6, 331620458816772.06, 349715456914650.7, 347665245148308.7, 367970784003464.7, 361920224960160.0, 380999950318287.06, 401961919284419.25, 362091217103023.5, 360921230284145.06, 356533215433898.44], [322183350596029.0, 336859232540549.25, 350570497153798.8, 364924902772718.5, 380800434597813.0, 370800740936941.94, 314657721558226.8, 318195015639370.3, 320869908067953.06, 338933822531884.0, 333205014074384.75, 349199748050354.2, 349304496959736.9, 364074876903281.5, 362091217103023.5, 400114968472650.0, 378935333024329.9, 368901272958694.5], [317297674180801.2, 331335589685492.7, 350026042707012.7, 364988121179533.0, 380759443845171.56, 370859119087774.5, 309406694181145.06, 313814597688572.6, 316504156876453.5, 330171559103492.4, 326525422874594.9, 347513287928533.94, 353628327295113.0, 365811521226729.9, 360921230284145.06, 378935333024329.9, 399963743687396.75, 365871235449523.2], [304934623123779.75, 322215814022714.3, 341093794685892.94, 354675307906989.06, 371036142138767.9, 390792617752491.25, 299199116910481.6, 299517359956475.9, 301353461878046.94, 322735017808119.9, 318413746096949.2, 343394889593472.9, 341221790099774.8, 348793944767069.44, 356533215433898.44, 368901272958694.5, 365871235449523.2, 405491228800615.1], [1246478840327.073, 1382119665627.2, 650512293231.7739, 1129494519926.618, 509869015812.4325, -2669218669319.015, 1047161598628.7908, 1630439030541.801, 950524166858.0361, 1138825807012.776, 2244463869194.7866, 64556614038.98634, 148570204180.6166, 2320178918799.8174, 830376751947.323, 1944211057657.9236, 853126080253.0099, 1519212960972.5664]]}}