{"resp_b": 0.1, "restrained_fit": true, "exclude_hydrogens": true, "convergence_tolerance": 1e-06, "max_iter": 500, "resp_a": 0.0005, "charge_constraints": {"charge_sum_constraints": [], "charge_equivalence_constraints": [], "molecules": [{"qcmol": {"schema_name": "qcschema_molecule", "schema_version": 2, "validated": true, "symbols": ["C", "C", "C", "C", "O", "H", "H", "H", "H", "H", "H", "H", "H", "H", "H"], "geometry": [[0.0, -0.0, 0.0], [2.887936061508155, 4.757302928981404e-17, -5.959776879736871e-16], [3.999571537674342, 2.66791710193066, 1.1102230246251565e-15], [6.869815905024504, 2.7178018456888093, 0.011427539241017914], [7.731449191477781, 1.6161799471355238, 2.2690944756054194], [-0.7415983895422316, -1.9128732013426488, -0.004138096211447451], [-0.7471846015559594, 0.9629006902499184, -1.6529059128055648], [-0.7395004165795495, 0.9515017841309024, 1.6620867419391527], [3.5695919881153473, -1.0170598694561228, -1.6530342470808685], [3.581041673236241, -1.0161312292447817, 1.6387493630911019], [3.3290357085342057, 3.700421767283858, 1.6442711602170907], [3.344874488212937, 3.6942800542444747, -1.6582314679666907], [7.596687375493584, 1.6898070045445568, -1.6172855753617066], [7.530479065386219, 4.660254892797637, -0.13624698681296254], [9.519544656742468, 1.5757142072875394, 2.2754371428399995]], "name": "C4H10O", "identifiers": {"molecule_hash": "d9ac43a06ad5f66cd815fa1859f0afdf5db320fe", "molecular_formula": "C4H10O"}, "molecular_charge": 0.0, "molecular_multiplicity": 1, "connectivity": [[0, 1, 1.0], [0, 5, 1.0], [0, 6, 1.0], [0, 7, 1.0], [1, 2, 1.0], [1, 8, 1.0], [1, 9, 1.0], [2, 3, 1.0], [2, 10, 1.0], [2, 11, 1.0], [3, 4, 1.0], [3, 12, 1.0], [3, 13, 1.0], [4, 14, 1.0]], "fix_com": true, "fix_orientation": true, "provenance": {"creator": "QCElemental", "version": "v0.22.0", "routine": "qcelemental.molparse.from_schema"}, "id": "16543"}, "charge": 0, "optimize_geometry": false, "conformers": [], "conformer_generation_options": {"n_conformer_pool": 4000, "n_max_conformers": 0, "rms_tolerance": 0.05, "energy_window": 15, "keep_original_conformer": true}, "stage_1_unrestrained_charges": null, "stage_1_restrained_charges": null, "stage_2_unrestrained_charges": null, "stage_2_restrained_charges": null, "keep_original_orientation": false, "reorientations": [], "translations": [], "rotations": []}], "unconstrained_atoms": [{"index": 0, "molecule": {"qcmol": {"schema_name": "qcschema_molecule", "schema_version": 2, "validated": true, "symbols": ["C", "C", "C", "C", "O", "H", "H", "H", "H", "H", "H", "H", "H", "H", "H"], "geometry": [[0.0, -0.0, 0.0], [2.887936061508155, 4.757302928981404e-17, -5.959776879736871e-16], [3.999571537674342, 2.66791710193066, 1.1102230246251565e-15], [6.869815905024504, 2.7178018456888093, 0.011427539241017914], [7.731449191477781, 1.6161799471355238, 2.2690944756054194], [-0.7415983895422316, -1.9128732013426488, -0.004138096211447451], [-0.7471846015559594, 0.9629006902499184, -1.6529059128055648], [-0.7395004165795495, 0.9515017841309024, 1.6620867419391527], [3.5695919881153473, -1.0170598694561228, -1.6530342470808685], [3.581041673236241, -1.0161312292447817, 1.6387493630911019], [3.3290357085342057, 3.700421767283858, 1.6442711602170907], [3.344874488212937, 3.6942800542444747, -1.6582314679666907], [7.596687375493584, 1.6898070045445568, -1.6172855753617066], [7.530479065386219, 4.660254892797637, -0.13624698681296254], [9.519544656742468, 1.5757142072875394, 2.2754371428399995]], "name": "C4H10O", "identifiers": {"molecule_hash": "d9ac43a06ad5f66cd815fa1859f0afdf5db320fe", "molecular_formula": "C4H10O"}, "molecular_charge": 0.0, "molecular_multiplicity": 1, "connectivity": [[0, 1, 1.0], [0, 5, 1.0], [0, 6, 1.0], [0, 7, 1.0], [1, 2, 1.0], [1, 8, 1.0], [1, 9, 1.0], [2, 3, 1.0], [2, 10, 1.0], [2, 11, 1.0], [3, 4, 1.0], [3, 12, 1.0], [3, 13, 1.0], [4, 14, 1.0]], "fix_com": true, "fix_orientation": true, "provenance": {"creator": "QCElemental", "version": "v0.22.0", "routine": "qcelemental.molparse.from_schema"}, "id": "16543"}, "charge": 0, "optimize_geometry": false, "conformers": [], "conformer_generation_options": {"n_conformer_pool": 4000, "n_max_conformers": 0, "rms_tolerance": 0.05, "energy_window": 15, "keep_original_conformer": true}, "stage_1_unrestrained_charges": null, "stage_1_restrained_charges": null, "stage_2_unrestrained_charges": null, "stage_2_restrained_charges": null, "keep_original_orientation": false, "reorientations": [], "translations": [], "rotations": []}}, {"index": 1, "molecule": {"qcmol": {"schema_name": "qcschema_molecule", "schema_version": 2, "validated": true, "symbols": ["C", "C", "C", "C", "O", "H", "H", "H", "H", "H", "H", "H", "H", "H", "H"], "geometry": [[0.0, -0.0, 0.0], [2.887936061508155, 4.757302928981404e-17, -5.959776879736871e-16], [3.999571537674342, 2.66791710193066, 1.1102230246251565e-15], [6.869815905024504, 2.7178018456888093, 0.011427539241017914], [7.731449191477781, 1.6161799471355238, 2.2690944756054194], [-0.7415983895422316, -1.9128732013426488, -0.004138096211447451], [-0.7471846015559594, 0.9629006902499184, -1.6529059128055648], [-0.7395004165795495, 0.9515017841309024, 1.6620867419391527], [3.5695919881153473, -1.0170598694561228, -1.6530342470808685], [3.581041673236241, -1.0161312292447817, 1.6387493630911019], [3.3290357085342057, 3.700421767283858, 1.6442711602170907], [3.344874488212937, 3.6942800542444747, -1.6582314679666907], [7.596687375493584, 1.6898070045445568, -1.6172855753617066], [7.530479065386219, 4.660254892797637, -0.13624698681296254], [9.519544656742468, 1.5757142072875394, 2.2754371428399995]], "name": "C4H10O", "identifiers": {"molecule_hash": "d9ac43a06ad5f66cd815fa1859f0afdf5db320fe", "molecular_formula": "C4H10O"}, "molecular_charge": 0.0, "molecular_multiplicity": 1, "connectivity": [[0, 1, 1.0], [0, 5, 1.0], [0, 6, 1.0], [0, 7, 1.0], [1, 2, 1.0], [1, 8, 1.0], [1, 9, 1.0], [2, 3, 1.0], [2, 10, 1.0], [2, 11, 1.0], [3, 4, 1.0], [3, 12, 1.0], [3, 13, 1.0], [4, 14, 1.0]], "fix_com": true, "fix_orientation": true, "provenance": {"creator": "QCElemental", "version": "v0.22.0", "routine": "qcelemental.molparse.from_schema"}, "id": "16543"}, "charge": 0, "optimize_geometry": false, "conformers": [], "conformer_generation_options": {"n_conformer_pool": 4000, "n_max_conformers": 0, "rms_tolerance": 0.05, "energy_window": 15, "keep_original_conformer": true}, "stage_1_unrestrained_charges": null, "stage_1_restrained_charges": null, "stage_2_unrestrained_charges": null, "stage_2_restrained_charges": null, "keep_original_orientation": false, "reorientations": [], "translations": [], "rotations": []}}, {"index": 2, "molecule": {"qcmol": {"schema_name": "qcschema_molecule", "schema_version": 2, "validated": true, "symbols": ["C", "C", "C", "C", "O", "H", "H", "H", "H", "H", "H", "H", "H", "H", "H"], "geometry": [[0.0, -0.0, 0.0], [2.887936061508155, 4.757302928981404e-17, -5.959776879736871e-16], [3.999571537674342, 2.66791710193066, 1.1102230246251565e-15], [6.869815905024504, 2.7178018456888093, 0.011427539241017914], [7.731449191477781, 1.6161799471355238, 2.2690944756054194], [-0.7415983895422316, -1.9128732013426488, -0.004138096211447451], [-0.7471846015559594, 0.9629006902499184, -1.6529059128055648], [-0.7395004165795495, 0.9515017841309024, 1.6620867419391527], [3.5695919881153473, -1.0170598694561228, -1.6530342470808685], [3.581041673236241, -1.0161312292447817, 1.6387493630911019], [3.3290357085342057, 3.700421767283858, 1.6442711602170907], [3.344874488212937, 3.6942800542444747, -1.6582314679666907], [7.596687375493584, 1.6898070045445568, -1.6172855753617066], [7.530479065386219, 4.660254892797637, -0.13624698681296254], [9.519544656742468, 1.5757142072875394, 2.2754371428399995]], "name": "C4H10O", "identifiers": {"molecule_hash": "d9ac43a06ad5f66cd815fa1859f0afdf5db320fe", "molecular_formula": "C4H10O"}, "molecular_charge": 0.0, "molecular_multiplicity": 1, "connectivity": [[0, 1, 1.0], [0, 5, 1.0], [0, 6, 1.0], [0, 7, 1.0], [1, 2, 1.0], [1, 8, 1.0], [1, 9, 1.0], [2, 3, 1.0], [2, 10, 1.0], [2, 11, 1.0], [3, 4, 1.0], [3, 12, 1.0], [3, 13, 1.0], [4, 14, 1.0]], "fix_com": true, "fix_orientation": true, "provenance": {"creator": "QCElemental", "version": "v0.22.0", "routine": "qcelemental.molparse.from_schema"}, "id": "16543"}, "charge": 0, "optimize_geometry": false, "conformers": [], "conformer_generation_options": {"n_conformer_pool": 4000, "n_max_conformers": 0, "rms_tolerance": 0.05, "energy_window": 15, "keep_original_conformer": true}, "stage_1_unrestrained_charges": null, "stage_1_restrained_charges": null, "stage_2_unrestrained_charges": null, "stage_2_restrained_charges": null, "keep_original_orientation": false, "reorientations": [], "translations": [], "rotations": []}}, {"index": 3, "molecule": {"qcmol": {"schema_name": "qcschema_molecule", "schema_version": 2, "validated": true, "symbols": ["C", "C", "C", "C", "O", "H", "H", "H", "H", "H", "H", "H", "H", "H", "H"], "geometry": [[0.0, -0.0, 0.0], [2.887936061508155, 4.757302928981404e-17, -5.959776879736871e-16], [3.999571537674342, 2.66791710193066, 1.1102230246251565e-15], [6.869815905024504, 2.7178018456888093, 0.011427539241017914], [7.731449191477781, 1.6161799471355238, 2.2690944756054194], [-0.7415983895422316, -1.9128732013426488, -0.004138096211447451], [-0.7471846015559594, 0.9629006902499184, -1.6529059128055648], [-0.7395004165795495, 0.9515017841309024, 1.6620867419391527], [3.5695919881153473, -1.0170598694561228, -1.6530342470808685], [3.581041673236241, -1.0161312292447817, 1.6387493630911019], [3.3290357085342057, 3.700421767283858, 1.6442711602170907], [3.344874488212937, 3.6942800542444747, -1.6582314679666907], [7.596687375493584, 1.6898070045445568, -1.6172855753617066], [7.530479065386219, 4.660254892797637, -0.13624698681296254], [9.519544656742468, 1.5757142072875394, 2.2754371428399995]], "name": "C4H10O", "identifiers": {"molecule_hash": "d9ac43a06ad5f66cd815fa1859f0afdf5db320fe", "molecular_formula": "C4H10O"}, "molecular_charge": 0.0, "molecular_multiplicity": 1, "connectivity": [[0, 1, 1.0], [0, 5, 1.0], [0, 6, 1.0], [0, 7, 1.0], [1, 2, 1.0], [1, 8, 1.0], [1, 9, 1.0], [2, 3, 1.0], [2, 10, 1.0], [2, 11, 1.0], [3, 4, 1.0], [3, 12, 1.0], [3, 13, 1.0], [4, 14, 1.0]], "fix_com": true, "fix_orientation": true, "provenance": {"creator": "QCElemental", "version": "v0.22.0", "routine": "qcelemental.molparse.from_schema"}, "id": "16543"}, "charge": 0, "optimize_geometry": false, "conformers": [], "conformer_generation_options": {"n_conformer_pool": 4000, "n_max_conformers": 0, "rms_tolerance": 0.05, "energy_window": 15, "keep_original_conformer": true}, "stage_1_unrestrained_charges": null, "stage_1_restrained_charges": null, "stage_2_unrestrained_charges": null, "stage_2_restrained_charges": null, "keep_original_orientation": false, "reorientations": [], "translations": [], "rotations": []}}]}, "surface_constraints": {"matrix": [[270642924805644.7, 262028105177550.2, 251727618638365.34, 240603809383732.34, 233223128787672.0, 272385451153775.8, 272200666697061.97, 272219254107323.16, 261264090815198.84, 261096800505774.78, 250893746043112.56, 250979549897262.4, 239349041337030.78, 237651400433332.38, 230176765334406.4], [262028105177550.2, 268236121847477.3, 261208581048046.38, 251437813152612.47, 243596149531321.0, 259960504815504.4, 259574286751310.16, 259782899968493.16, 271969138175529.03, 271764226795396.6, 260904319584931.06, 261017367304498.25, 251099575888019.8, 248663789453589.22, 240463255052453.12], [251727618638365.34, 261208581048046.38, 268316962864026.7, 261725020256757.78, 255202850600953.47, 248408887348998.44, 249834691869921.7, 248157772137769.25, 260761874579648.25, 260689113982686.78, 272299252041644.25, 272439649828127.1, 260581072239743.88, 260500923881162.66, 253337625059062.25], [240603809383732.34, 251437813152612.47, 261725020256757.78, 269467286213517.72, 266449861011062.53, 236159738494822.38, 240378330381944.06, 235737561865668.5, 251819750106167.66, 249235025503729.7, 261573924467139.28, 261563450582657.12, 272446225848763.75, 272279050561462.88, 264681598254148.7], [233223128787672.0, 243596149531321.0, 255202850600953.47, 266449861011062.53, 278358918583668.44, 229717997305143.12, 232863605523307.53, 227990251934515.7, 242071160828318.47, 242180083333915.7, 253339931026102.2, 255350692862360.4, 265170490317996.78, 264618489433732.78, 279284974665350.2], [272385451153775.8, 259960504815504.4, 248408887348998.44, 236159738494822.38, 229717997305143.12, 285691492817504.2, 269876121836918.9, 269718126574191.75, 258227620041602.9, 258056824775307.38, 249145893901235.56, 246134574447195.0, 233835460728223.25, 232675309659903.16, 226953461697613.34], [272200666697061.97, 259574286751310.16, 249834691869921.7, 240378330381944.06, 232863605523307.53, 269876121836918.9, 285380250463134.9, 269754017585349.03, 257054555455471.4, 256865932512433.47, 246289487836861.84, 250822201641901.44, 240006771055571.16, 238054702022864.66, 229963809471754.8], [272219254107323.16, 259782899968493.16, 248157772137769.25, 235737561865668.5, 227990251934515.7, 269718126574191.75, 269754017585349.03, 285373202297063.25, 258008837283673.97, 257976260340406.28, 248102276524031.28, 246838166722001.1, 234106937586710.78, 232628871216974.66, 224575723824897.9], [261264090815198.84, 271969138175529.03, 260761874579648.25, 251819750106167.66, 242071160828318.47, 258227620041602.9, 257054555455471.4, 258008837283673.97, 287075896066326.6, 271308237354884.78, 259112694181397.28, 257699160815835.3, 253136665325569.16, 249604420217274.28, 237719313029030.66], [261096800505774.78, 271764226795396.6, 260689113982686.78, 249235025503729.7, 242180083333915.7, 258056824775307.38, 256865932512433.47, 257976260340406.28, 271308237354884.78, 286525221842230.9, 258688111549100.94, 260314217648412.5, 248577060797936.03, 245041173437992.4, 239353187767354.75], [250893746043112.56, 260904319584931.06, 272299252041644.25, 261573924467139.28, 253339931026102.2, 249145893901235.56, 246289487836861.84, 248102276524031.28, 259112694181397.28, 258688111549100.94, 287581791947692.94, 272106066492783.7, 256454964301779.84, 262387062119497.78, 251080139788153.28], [250979549897262.4, 261017367304498.25, 272439649828127.1, 261563450582657.12, 255350692862360.4, 246134574447195.0, 250822201641901.44, 246838166722001.1, 257699160815835.3, 260314217648412.5, 272106066492783.7, 287955479990113.8, 260389153205212.6, 256465256134692.22, 254884334012305.44], [239349041337030.78, 251099575888019.8, 260581072239743.88, 272446225848763.75, 265170490317996.78, 233835460728223.25, 240006771055571.16, 234106937586710.78, 253136665325569.16, 248577060797936.03, 256454964301779.84, 260389153205212.6, 286814053758257.25, 270945684469291.78, 260708520036909.1], [237651400433332.38, 248663789453589.22, 260500923881162.66, 272279050561462.88, 264618489433732.78, 232675309659903.16, 238054702022864.66, 232628871216974.66, 249604420217274.28, 245041173437992.4, 262387062119497.78, 256465256134692.22, 270945684469291.78, 286448076269617.44, 262895709842311.1], [230176765334406.4, 240463255052453.12, 253337625059062.25, 264681598254148.7, 279284974665350.2, 226953461697613.34, 229963809471754.8, 224575723824897.9, 237719313029030.66, 239353187767354.75, 251080139788153.28, 254884334012305.44, 260708520036909.1, 262895709842311.1, 290265433520254.06], [1648503947171.7437, 1879062790505.1316, 1855440484394.834, 573539859672.8579, -2602974968542.4346, 1521002854238.9053, 1694726154512.1484, 1558658553545.7646, 1987741420511.602, 1869552209145.5195, 2223966684523.9434, 2407715971357.0605, 650637351950.7657, 1729920521098.4458, 789146047510.0316]]}}