{"resp_b": 0.1, "restrained_fit": true, "exclude_hydrogens": true, "convergence_tolerance": 1e-06, "max_iter": 500, "resp_a": 0.0005, "charge_constraints": {"charge_sum_constraints": [], "charge_equivalence_constraints": [], "molecules": [{"qcmol": {"schema_name": "qcschema_molecule", "schema_version": 2, "validated": true, "symbols": ["C", "C", "C", "C", "O", "H", "H", "H", "H", "H", "H", "H", "H", "H", "H"], "geometry": [[0.0, -0.0, 0.0], [2.887936061508155, 4.757302928981404e-17, -5.959776879736871e-16], [3.999571537674342, 2.66791710193066, 1.1102230246251565e-15], [6.869815905024504, 2.7178018456888093, 0.011427539241017914], [7.731449191477781, 1.6161799471355238, 2.2690944756054194], [-0.7415983895422316, -1.9128732013426488, -0.004138096211447451], [-0.7471846015559594, 0.9629006902499184, -1.6529059128055648], [-0.7395004165795495, 0.9515017841309024, 1.6620867419391527], [3.5695919881153473, -1.0170598694561228, -1.6530342470808685], [3.581041673236241, -1.0161312292447817, 1.6387493630911019], [3.3290357085342057, 3.700421767283858, 1.6442711602170907], [3.344874488212937, 3.6942800542444747, -1.6582314679666907], [7.596687375493584, 1.6898070045445568, -1.6172855753617066], [7.530479065386219, 4.660254892797637, -0.13624698681296254], [9.519544656742468, 1.5757142072875394, 2.2754371428399995]], "name": "C4H10O", "identifiers": {"molecule_hash": "d9ac43a06ad5f66cd815fa1859f0afdf5db320fe", "molecular_formula": "C4H10O"}, "molecular_charge": 0.0, "molecular_multiplicity": 1, "connectivity": [[0, 1, 1.0], [0, 5, 1.0], [0, 6, 1.0], [0, 7, 1.0], [1, 2, 1.0], [1, 8, 1.0], [1, 9, 1.0], [2, 3, 1.0], [2, 10, 1.0], [2, 11, 1.0], [3, 4, 1.0], [3, 12, 1.0], [3, 13, 1.0], [4, 14, 1.0]], "fix_com": true, "fix_orientation": true, "provenance": {"creator": "QCElemental", "version": "v0.22.0", "routine": "qcelemental.molparse.from_schema"}, "id": "16543"}, "charge": 0, "optimize_geometry": false, "conformers": [], "conformer_generation_options": {"n_conformer_pool": 4000, "n_max_conformers": 0, "rms_tolerance": 0.05, "energy_window": 15, "keep_original_conformer": true}, "stage_1_unrestrained_charges": null, "stage_1_restrained_charges": null, "stage_2_unrestrained_charges": null, "stage_2_restrained_charges": null, "keep_original_orientation": false, "reorientations": [], "translations": [], "rotations": []}], "unconstrained_atoms": [{"index": 0, "molecule": {"qcmol": {"schema_name": "qcschema_molecule", "schema_version": 2, "validated": true, "symbols": ["C", "C", "C", "C", "O", "H", "H", "H", "H", "H", "H", "H", "H", "H", "H"], "geometry": [[0.0, -0.0, 0.0], [2.887936061508155, 4.757302928981404e-17, -5.959776879736871e-16], [3.999571537674342, 2.66791710193066, 1.1102230246251565e-15], [6.869815905024504, 2.7178018456888093, 0.011427539241017914], [7.731449191477781, 1.6161799471355238, 2.2690944756054194], [-0.7415983895422316, -1.9128732013426488, -0.004138096211447451], [-0.7471846015559594, 0.9629006902499184, -1.6529059128055648], [-0.7395004165795495, 0.9515017841309024, 1.6620867419391527], [3.5695919881153473, -1.0170598694561228, -1.6530342470808685], [3.581041673236241, -1.0161312292447817, 1.6387493630911019], [3.3290357085342057, 3.700421767283858, 1.6442711602170907], [3.344874488212937, 3.6942800542444747, -1.6582314679666907], [7.596687375493584, 1.6898070045445568, -1.6172855753617066], [7.530479065386219, 4.660254892797637, -0.13624698681296254], [9.519544656742468, 1.5757142072875394, 2.2754371428399995]], "name": "C4H10O", "identifiers": {"molecule_hash": "d9ac43a06ad5f66cd815fa1859f0afdf5db320fe", "molecular_formula": "C4H10O"}, "molecular_charge": 0.0, "molecular_multiplicity": 1, "connectivity": [[0, 1, 1.0], [0, 5, 1.0], [0, 6, 1.0], [0, 7, 1.0], [1, 2, 1.0], [1, 8, 1.0], [1, 9, 1.0], [2, 3, 1.0], [2, 10, 1.0], [2, 11, 1.0], [3, 4, 1.0], [3, 12, 1.0], [3, 13, 1.0], [4, 14, 1.0]], "fix_com": true, "fix_orientation": true, "provenance": {"creator": "QCElemental", "version": "v0.22.0", "routine": "qcelemental.molparse.from_schema"}, "id": "16543"}, "charge": 0, "optimize_geometry": false, "conformers": [], "conformer_generation_options": {"n_conformer_pool": 4000, "n_max_conformers": 0, "rms_tolerance": 0.05, "energy_window": 15, "keep_original_conformer": true}, "stage_1_unrestrained_charges": null, "stage_1_restrained_charges": null, "stage_2_unrestrained_charges": null, "stage_2_restrained_charges": null, "keep_original_orientation": false, "reorientations": [], "translations": [], "rotations": []}}, {"index": 1, "molecule": {"qcmol": {"schema_name": "qcschema_molecule", "schema_version": 2, "validated": true, "symbols": ["C", "C", "C", "C", "O", "H", "H", "H", "H", "H", "H", "H", "H", "H", "H"], "geometry": [[0.0, -0.0, 0.0], [2.887936061508155, 4.757302928981404e-17, -5.959776879736871e-16], [3.999571537674342, 2.66791710193066, 1.1102230246251565e-15], [6.869815905024504, 2.7178018456888093, 0.011427539241017914], [7.731449191477781, 1.6161799471355238, 2.2690944756054194], [-0.7415983895422316, -1.9128732013426488, -0.004138096211447451], [-0.7471846015559594, 0.9629006902499184, -1.6529059128055648], [-0.7395004165795495, 0.9515017841309024, 1.6620867419391527], [3.5695919881153473, -1.0170598694561228, -1.6530342470808685], [3.581041673236241, -1.0161312292447817, 1.6387493630911019], [3.3290357085342057, 3.700421767283858, 1.6442711602170907], [3.344874488212937, 3.6942800542444747, -1.6582314679666907], [7.596687375493584, 1.6898070045445568, -1.6172855753617066], [7.530479065386219, 4.660254892797637, -0.13624698681296254], [9.519544656742468, 1.5757142072875394, 2.2754371428399995]], "name": "C4H10O", "identifiers": {"molecule_hash": "d9ac43a06ad5f66cd815fa1859f0afdf5db320fe", "molecular_formula": "C4H10O"}, "molecular_charge": 0.0, "molecular_multiplicity": 1, "connectivity": [[0, 1, 1.0], [0, 5, 1.0], [0, 6, 1.0], [0, 7, 1.0], [1, 2, 1.0], [1, 8, 1.0], [1, 9, 1.0], [2, 3, 1.0], [2, 10, 1.0], [2, 11, 1.0], [3, 4, 1.0], [3, 12, 1.0], [3, 13, 1.0], [4, 14, 1.0]], "fix_com": true, "fix_orientation": true, "provenance": {"creator": "QCElemental", "version": "v0.22.0", "routine": "qcelemental.molparse.from_schema"}, "id": "16543"}, "charge": 0, "optimize_geometry": false, "conformers": [], "conformer_generation_options": {"n_conformer_pool": 4000, "n_max_conformers": 0, "rms_tolerance": 0.05, "energy_window": 15, "keep_original_conformer": true}, "stage_1_unrestrained_charges": null, "stage_1_restrained_charges": null, "stage_2_unrestrained_charges": null, "stage_2_restrained_charges": null, "keep_original_orientation": false, "reorientations": [], "translations": [], "rotations": []}}, {"index": 2, "molecule": {"qcmol": {"schema_name": "qcschema_molecule", "schema_version": 2, "validated": true, "symbols": ["C", "C", "C", "C", "O", "H", "H", "H", "H", "H", "H", "H", "H", "H", "H"], "geometry": [[0.0, -0.0, 0.0], [2.887936061508155, 4.757302928981404e-17, -5.959776879736871e-16], [3.999571537674342, 2.66791710193066, 1.1102230246251565e-15], [6.869815905024504, 2.7178018456888093, 0.011427539241017914], [7.731449191477781, 1.6161799471355238, 2.2690944756054194], [-0.7415983895422316, -1.9128732013426488, -0.004138096211447451], [-0.7471846015559594, 0.9629006902499184, -1.6529059128055648], [-0.7395004165795495, 0.9515017841309024, 1.6620867419391527], [3.5695919881153473, -1.0170598694561228, -1.6530342470808685], [3.581041673236241, -1.0161312292447817, 1.6387493630911019], [3.3290357085342057, 3.700421767283858, 1.6442711602170907], [3.344874488212937, 3.6942800542444747, -1.6582314679666907], [7.596687375493584, 1.6898070045445568, -1.6172855753617066], [7.530479065386219, 4.660254892797637, -0.13624698681296254], [9.519544656742468, 1.5757142072875394, 2.2754371428399995]], "name": "C4H10O", "identifiers": {"molecule_hash": "d9ac43a06ad5f66cd815fa1859f0afdf5db320fe", "molecular_formula": "C4H10O"}, "molecular_charge": 0.0, "molecular_multiplicity": 1, "connectivity": [[0, 1, 1.0], [0, 5, 1.0], [0, 6, 1.0], [0, 7, 1.0], [1, 2, 1.0], [1, 8, 1.0], [1, 9, 1.0], [2, 3, 1.0], [2, 10, 1.0], [2, 11, 1.0], [3, 4, 1.0], [3, 12, 1.0], [3, 13, 1.0], [4, 14, 1.0]], "fix_com": true, "fix_orientation": true, "provenance": {"creator": "QCElemental", "version": "v0.22.0", "routine": "qcelemental.molparse.from_schema"}, "id": "16543"}, "charge": 0, "optimize_geometry": false, "conformers": [], "conformer_generation_options": {"n_conformer_pool": 4000, "n_max_conformers": 0, "rms_tolerance": 0.05, "energy_window": 15, "keep_original_conformer": true}, "stage_1_unrestrained_charges": null, "stage_1_restrained_charges": null, "stage_2_unrestrained_charges": null, "stage_2_restrained_charges": null, "keep_original_orientation": false, "reorientations": [], "translations": [], "rotations": []}}, {"index": 3, "molecule": {"qcmol": {"schema_name": "qcschema_molecule", "schema_version": 2, "validated": true, "symbols": ["C", "C", "C", "C", "O", "H", "H", "H", "H", "H", "H", "H", "H", "H", "H"], "geometry": [[0.0, -0.0, 0.0], [2.887936061508155, 4.757302928981404e-17, -5.959776879736871e-16], [3.999571537674342, 2.66791710193066, 1.1102230246251565e-15], [6.869815905024504, 2.7178018456888093, 0.011427539241017914], [7.731449191477781, 1.6161799471355238, 2.2690944756054194], [-0.7415983895422316, -1.9128732013426488, -0.004138096211447451], [-0.7471846015559594, 0.9629006902499184, -1.6529059128055648], [-0.7395004165795495, 0.9515017841309024, 1.6620867419391527], [3.5695919881153473, -1.0170598694561228, -1.6530342470808685], [3.581041673236241, -1.0161312292447817, 1.6387493630911019], [3.3290357085342057, 3.700421767283858, 1.6442711602170907], [3.344874488212937, 3.6942800542444747, -1.6582314679666907], [7.596687375493584, 1.6898070045445568, -1.6172855753617066], [7.530479065386219, 4.660254892797637, -0.13624698681296254], [9.519544656742468, 1.5757142072875394, 2.2754371428399995]], "name": "C4H10O", "identifiers": {"molecule_hash": "d9ac43a06ad5f66cd815fa1859f0afdf5db320fe", "molecular_formula": "C4H10O"}, "molecular_charge": 0.0, "molecular_multiplicity": 1, "connectivity": [[0, 1, 1.0], [0, 5, 1.0], [0, 6, 1.0], [0, 7, 1.0], [1, 2, 1.0], [1, 8, 1.0], [1, 9, 1.0], [2, 3, 1.0], [2, 10, 1.0], [2, 11, 1.0], [3, 4, 1.0], [3, 12, 1.0], [3, 13, 1.0], [4, 14, 1.0]], "fix_com": true, "fix_orientation": true, "provenance": {"creator": "QCElemental", "version": "v0.22.0", "routine": "qcelemental.molparse.from_schema"}, "id": "16543"}, "charge": 0, "optimize_geometry": false, "conformers": [], "conformer_generation_options": {"n_conformer_pool": 4000, "n_max_conformers": 0, "rms_tolerance": 0.05, "energy_window": 15, "keep_original_conformer": true}, "stage_1_unrestrained_charges": null, "stage_1_restrained_charges": null, "stage_2_unrestrained_charges": null, "stage_2_restrained_charges": null, "keep_original_orientation": false, "reorientations": [], "translations": [], "rotations": []}}]}, "surface_constraints": {"matrix": [[1822.8324012563253, 1761.2955512553026, 1683.117123623375, 1600.8904134337083, 1543.9482650057814, 1830.7894871099509, 1828.935495568346, 1829.7959086829098, 1754.182338169285, 1753.0088167171389, 1674.1361516489233, 1674.7358713019314, 1590.0474088597005, 1577.5894201580036, 1518.8631781391307], [1761.2955512553026, 1808.2040736943668, 1752.8364800670051, 1679.7036695790432, 1618.5466850119556, 1742.1760043820077, 1739.3271273477098, 1741.5844508460334, 1833.0575471182656, 1831.9568214338208, 1747.1069509083043, 1748.0578279481522, 1675.0301137019856, 1657.024397595146, 1591.9302920378834], [1683.117123623375, 1752.8364800670051, 1801.010222212832, 1750.8334219085389, 1698.1432443457738, 1655.9569980388114, 1666.0169801849656, 1654.9208791884812, 1747.890907716728, 1747.773214250776, 1825.8076192120513, 1826.7559415931596, 1740.3854051907515, 1738.8822071686716, 1679.1639784193562], [1600.8904134337083, 1679.7036695790432, 1750.8334219085389, 1804.3525854364648, 1775.6433666394378, 1566.6479336868251, 1596.00778477827, 1564.244653278693, 1680.7993437499038, 1662.952258990756, 1746.5637580865705, 1746.6686243989004, 1822.9965064551266, 1820.7885777407475, 1756.0283955833904], [1543.9482650057814, 1618.5466850119556, 1698.1432443457738, 1775.6433666394378, 1854.0595831014934, 1516.4687067668556, 1538.8124748119233, 1505.3294089756284, 1606.5222922513049, 1607.770996723336, 1682.304381437122, 1696.2943237863055, 1763.9311135981766, 1759.1998069568285, 1850.5255568796772], [1830.7894871099509, 1742.1760043820077, 1655.9569980388114, 1566.6479336868251, 1516.4687067668556, 1920.4721848079323, 1808.2861775424483, 1807.5481206818652, 1728.3443163333177, 1727.0007401876724, 1657.8857095308415, 1637.2856030828511, 1548.8234813790316, 1540.0746651480624, 1493.7478274295995], [1828.935495568346, 1739.3271273477098, 1666.0169801849656, 1596.00778477827, 1538.8124748119233, 1808.2861775424483, 1917.083817946866, 1807.3204175513297, 1720.210827998851, 1718.694845420923, 1638.4765296649239, 1669.7901198260397, 1591.2006978964473, 1577.1667524405748, 1514.9875039681654], [1829.7959086829098, 1741.5844508460334, 1654.9208791884812, 1564.244653278693, 1505.3294089756284, 1807.5481206818652, 1807.3204175513297, 1918.4818447357402, 1727.4713225451899, 1727.2832869700899, 1651.6778806592415, 1642.7237311993795, 1550.9453276871232, 1540.183940458521, 1478.0612517873856], [1754.182338169285, 1833.0575471182656, 1747.890907716728, 1680.7993437499038, 1606.5222922513049, 1728.3443163333177, 1720.210827998851, 1727.4713225451899, 1937.9458997531644, 1826.9221685287027, 1732.9669468152877, 1723.0515139447875, 1687.493186042448, 1662.0333916720554, 1571.8791302239438], [1753.0088167171389, 1831.9568214338208, 1747.773214250776, 1662.952258990756, 1607.770996723336, 1727.0007401876724, 1718.694845420923, 1727.2832869700899, 1826.9221685287027, 1934.9438233700362, 1729.9164237760235, 1742.0542761522422, 1656.0923167875978, 1630.3786006725295, 1583.4714839252208], [1674.1361516489233, 1747.1069509083043, 1825.8076192120513, 1746.5637580865705, 1682.304381437122, 1657.8857095308415, 1638.4765296649239, 1651.6778806592415, 1732.9669468152877, 1729.9164237760235, 1929.6124846673254, 1821.1319078697863, 1708.0312957077967, 1749.4036100873675, 1660.9000660308056], [1674.7358713019314, 1748.0578279481522, 1826.7559415931596, 1746.6686243989004, 1696.2943237863055, 1637.2856030828511, 1669.7901198260397, 1642.7237311993795, 1723.0515139447875, 1742.0542761522422, 1821.1319078697863, 1931.8864704678513, 1736.6917044710174, 1707.6117841008872, 1687.1883055424196], [1590.0474088597005, 1675.0301137019856, 1740.3854051907515, 1822.9965064551266, 1763.9311135981766, 1548.8234813790316, 1591.2006978964473, 1550.9453276871232, 1687.493186042448, 1656.0923167875978, 1708.0312957077967, 1736.6917044710174, 1921.6408692058021, 1808.953471464882, 1726.5156335958632], [1577.5894201580036, 1657.024397595146, 1738.8822071686716, 1820.7885777407475, 1759.1998069568285, 1540.0746651480624, 1577.1667524405748, 1540.183940458521, 1662.0333916720554, 1630.3786006725295, 1749.4036100873675, 1707.6117841008872, 1808.953471464882, 1916.9582947297401, 1741.0634816853249], [1518.8631781391307, 1591.9302920378834, 1679.1639784193562, 1756.0283955833904, 1850.5255568796772, 1493.7478274295995, 1514.9875039681654, 1478.0612517873856, 1571.8791302239438, 1583.4714839252208, 1660.9000660308056, 1687.1883055424196, 1726.5156335958632, 1741.0634816853249, 1917.692760940258], [10.343734559223815, 12.008392446426559, 11.62189447825685, 2.3895475891369506, -21.447035337130835, 9.541064485375447, 10.540102465307532, 9.690490101029337, 12.899581664765726, 11.89314131685193, 14.213607357277008, 15.465691866408893, 3.4808228232637095, 11.007003975203116, 3.167118924689282]]}}