{"resp_b": 0.1, "restrained_fit": true, "exclude_hydrogens": true, "convergence_tolerance": 1e-06, "max_iter": 500, "resp_a": 0.0005, "charge_constraints": {"charge_sum_constraints": [], "charge_equivalence_constraints": [], "molecules": [{"qcmol": {"schema_name": "qcschema_molecule", "schema_version": 2, "validated": true, "symbols": ["C", "C", "C", "C", "O", "H", "H", "H", "H", "H", "H", "H", "H", "H", "H"], "geometry": [[0.0, -0.0, 0.0], [2.887936061508155, 4.757302928981404e-17, -5.959776879736871e-16], [3.999571537674342, 2.66791710193066, 1.1102230246251565e-15], [6.869815905024504, 2.7178018456888093, 0.011427539241017914], [7.731449191477781, 1.6161799471355238, 2.2690944756054194], [-0.7415983895422316, -1.9128732013426488, -0.004138096211447451], [-0.7471846015559594, 0.9629006902499184, -1.6529059128055648], [-0.7395004165795495, 0.9515017841309024, 1.6620867419391527], [3.5695919881153473, -1.0170598694561228, -1.6530342470808685], [3.581041673236241, -1.0161312292447817, 1.6387493630911019], [3.3290357085342057, 3.700421767283858, 1.6442711602170907], [3.344874488212937, 3.6942800542444747, -1.6582314679666907], [7.596687375493584, 1.6898070045445568, -1.6172855753617066], [7.530479065386219, 4.660254892797637, -0.13624698681296254], [9.519544656742468, 1.5757142072875394, 2.2754371428399995]], "name": "C4H10O", "identifiers": {"molecule_hash": "d9ac43a06ad5f66cd815fa1859f0afdf5db320fe", "molecular_formula": "C4H10O"}, "molecular_charge": 0.0, "molecular_multiplicity": 1, "connectivity": [[0, 1, 1.0], [0, 5, 1.0], [0, 6, 1.0], [0, 7, 1.0], [1, 2, 1.0], [1, 8, 1.0], [1, 9, 1.0], [2, 3, 1.0], [2, 10, 1.0], [2, 11, 1.0], [3, 4, 1.0], [3, 12, 1.0], [3, 13, 1.0], [4, 14, 1.0]], "fix_com": true, "fix_orientation": true, "provenance": {"creator": "QCElemental", "version": "v0.22.0", "routine": "qcelemental.molparse.from_schema"}, "id": "16543"}, "charge": 0, "optimize_geometry": false, "conformers": [], "conformer_generation_options": {"n_conformer_pool": 4000, "n_max_conformers": 0, "rms_tolerance": 0.05, "energy_window": 15, "keep_original_conformer": true}, "stage_1_unrestrained_charges": null, "stage_1_restrained_charges": null, "stage_2_unrestrained_charges": null, "stage_2_restrained_charges": null, "keep_original_orientation": false, "reorientations": [], "translations": [], "rotations": []}], "unconstrained_atoms": [{"index": 0, "molecule": {"qcmol": {"schema_name": "qcschema_molecule", "schema_version": 2, "validated": true, "symbols": ["C", "C", "C", "C", "O", "H", "H", "H", "H", "H", "H", "H", "H", "H", "H"], "geometry": [[0.0, -0.0, 0.0], [2.887936061508155, 4.757302928981404e-17, -5.959776879736871e-16], [3.999571537674342, 2.66791710193066, 1.1102230246251565e-15], [6.869815905024504, 2.7178018456888093, 0.011427539241017914], [7.731449191477781, 1.6161799471355238, 2.2690944756054194], [-0.7415983895422316, -1.9128732013426488, -0.004138096211447451], [-0.7471846015559594, 0.9629006902499184, -1.6529059128055648], [-0.7395004165795495, 0.9515017841309024, 1.6620867419391527], [3.5695919881153473, -1.0170598694561228, -1.6530342470808685], [3.581041673236241, -1.0161312292447817, 1.6387493630911019], [3.3290357085342057, 3.700421767283858, 1.6442711602170907], [3.344874488212937, 3.6942800542444747, -1.6582314679666907], [7.596687375493584, 1.6898070045445568, -1.6172855753617066], [7.530479065386219, 4.660254892797637, -0.13624698681296254], [9.519544656742468, 1.5757142072875394, 2.2754371428399995]], "name": "C4H10O", "identifiers": {"molecule_hash": "d9ac43a06ad5f66cd815fa1859f0afdf5db320fe", "molecular_formula": "C4H10O"}, "molecular_charge": 0.0, "molecular_multiplicity": 1, "connectivity": [[0, 1, 1.0], [0, 5, 1.0], [0, 6, 1.0], [0, 7, 1.0], [1, 2, 1.0], [1, 8, 1.0], [1, 9, 1.0], [2, 3, 1.0], [2, 10, 1.0], [2, 11, 1.0], [3, 4, 1.0], [3, 12, 1.0], [3, 13, 1.0], [4, 14, 1.0]], "fix_com": true, "fix_orientation": true, "provenance": {"creator": "QCElemental", "version": "v0.22.0", "routine": "qcelemental.molparse.from_schema"}, "id": "16543"}, "charge": 0, "optimize_geometry": false, "conformers": [], "conformer_generation_options": {"n_conformer_pool": 4000, "n_max_conformers": 0, "rms_tolerance": 0.05, "energy_window": 15, "keep_original_conformer": true}, "stage_1_unrestrained_charges": null, "stage_1_restrained_charges": null, "stage_2_unrestrained_charges": null, "stage_2_restrained_charges": null, "keep_original_orientation": false, "reorientations": [], "translations": [], "rotations": []}}, {"index": 1, "molecule": {"qcmol": {"schema_name": "qcschema_molecule", "schema_version": 2, "validated": true, "symbols": ["C", "C", "C", "C", "O", "H", "H", "H", "H", "H", "H", "H", "H", "H", "H"], "geometry": [[0.0, -0.0, 0.0], [2.887936061508155, 4.757302928981404e-17, -5.959776879736871e-16], [3.999571537674342, 2.66791710193066, 1.1102230246251565e-15], [6.869815905024504, 2.7178018456888093, 0.011427539241017914], [7.731449191477781, 1.6161799471355238, 2.2690944756054194], [-0.7415983895422316, -1.9128732013426488, -0.004138096211447451], [-0.7471846015559594, 0.9629006902499184, -1.6529059128055648], [-0.7395004165795495, 0.9515017841309024, 1.6620867419391527], [3.5695919881153473, -1.0170598694561228, -1.6530342470808685], [3.581041673236241, -1.0161312292447817, 1.6387493630911019], [3.3290357085342057, 3.700421767283858, 1.6442711602170907], [3.344874488212937, 3.6942800542444747, -1.6582314679666907], [7.596687375493584, 1.6898070045445568, -1.6172855753617066], [7.530479065386219, 4.660254892797637, -0.13624698681296254], [9.519544656742468, 1.5757142072875394, 2.2754371428399995]], "name": "C4H10O", "identifiers": {"molecule_hash": "d9ac43a06ad5f66cd815fa1859f0afdf5db320fe", "molecular_formula": "C4H10O"}, "molecular_charge": 0.0, "molecular_multiplicity": 1, "connectivity": [[0, 1, 1.0], [0, 5, 1.0], [0, 6, 1.0], [0, 7, 1.0], [1, 2, 1.0], [1, 8, 1.0], [1, 9, 1.0], [2, 3, 1.0], [2, 10, 1.0], [2, 11, 1.0], [3, 4, 1.0], [3, 12, 1.0], [3, 13, 1.0], [4, 14, 1.0]], "fix_com": true, "fix_orientation": true, "provenance": {"creator": "QCElemental", "version": "v0.22.0", "routine": "qcelemental.molparse.from_schema"}, "id": "16543"}, "charge": 0, "optimize_geometry": false, "conformers": [], "conformer_generation_options": {"n_conformer_pool": 4000, "n_max_conformers": 0, "rms_tolerance": 0.05, "energy_window": 15, "keep_original_conformer": true}, "stage_1_unrestrained_charges": null, "stage_1_restrained_charges": null, "stage_2_unrestrained_charges": null, "stage_2_restrained_charges": null, "keep_original_orientation": false, "reorientations": [], "translations": [], "rotations": []}}, {"index": 2, "molecule": {"qcmol": {"schema_name": "qcschema_molecule", "schema_version": 2, "validated": true, "symbols": ["C", "C", "C", "C", "O", "H", "H", "H", "H", "H", "H", "H", "H", "H", "H"], "geometry": [[0.0, -0.0, 0.0], [2.887936061508155, 4.757302928981404e-17, -5.959776879736871e-16], [3.999571537674342, 2.66791710193066, 1.1102230246251565e-15], [6.869815905024504, 2.7178018456888093, 0.011427539241017914], [7.731449191477781, 1.6161799471355238, 2.2690944756054194], [-0.7415983895422316, -1.9128732013426488, -0.004138096211447451], [-0.7471846015559594, 0.9629006902499184, -1.6529059128055648], [-0.7395004165795495, 0.9515017841309024, 1.6620867419391527], [3.5695919881153473, -1.0170598694561228, -1.6530342470808685], [3.581041673236241, -1.0161312292447817, 1.6387493630911019], [3.3290357085342057, 3.700421767283858, 1.6442711602170907], [3.344874488212937, 3.6942800542444747, -1.6582314679666907], [7.596687375493584, 1.6898070045445568, -1.6172855753617066], [7.530479065386219, 4.660254892797637, -0.13624698681296254], [9.519544656742468, 1.5757142072875394, 2.2754371428399995]], "name": "C4H10O", "identifiers": {"molecule_hash": "d9ac43a06ad5f66cd815fa1859f0afdf5db320fe", "molecular_formula": "C4H10O"}, "molecular_charge": 0.0, "molecular_multiplicity": 1, "connectivity": [[0, 1, 1.0], [0, 5, 1.0], [0, 6, 1.0], [0, 7, 1.0], [1, 2, 1.0], [1, 8, 1.0], [1, 9, 1.0], [2, 3, 1.0], [2, 10, 1.0], [2, 11, 1.0], [3, 4, 1.0], [3, 12, 1.0], [3, 13, 1.0], [4, 14, 1.0]], "fix_com": true, "fix_orientation": true, "provenance": {"creator": "QCElemental", "version": "v0.22.0", "routine": "qcelemental.molparse.from_schema"}, "id": "16543"}, "charge": 0, "optimize_geometry": false, "conformers": [], "conformer_generation_options": {"n_conformer_pool": 4000, "n_max_conformers": 0, "rms_tolerance": 0.05, "energy_window": 15, "keep_original_conformer": true}, "stage_1_unrestrained_charges": null, "stage_1_restrained_charges": null, "stage_2_unrestrained_charges": null, "stage_2_restrained_charges": null, "keep_original_orientation": false, "reorientations": [], "translations": [], "rotations": []}}, {"index": 3, "molecule": {"qcmol": {"schema_name": "qcschema_molecule", "schema_version": 2, "validated": true, "symbols": ["C", "C", "C", "C", "O", "H", "H", "H", "H", "H", "H", "H", "H", "H", "H"], "geometry": [[0.0, -0.0, 0.0], [2.887936061508155, 4.757302928981404e-17, -5.959776879736871e-16], [3.999571537674342, 2.66791710193066, 1.1102230246251565e-15], [6.869815905024504, 2.7178018456888093, 0.011427539241017914], [7.731449191477781, 1.6161799471355238, 2.2690944756054194], [-0.7415983895422316, -1.9128732013426488, -0.004138096211447451], [-0.7471846015559594, 0.9629006902499184, -1.6529059128055648], [-0.7395004165795495, 0.9515017841309024, 1.6620867419391527], [3.5695919881153473, -1.0170598694561228, -1.6530342470808685], [3.581041673236241, -1.0161312292447817, 1.6387493630911019], [3.3290357085342057, 3.700421767283858, 1.6442711602170907], [3.344874488212937, 3.6942800542444747, -1.6582314679666907], [7.596687375493584, 1.6898070045445568, -1.6172855753617066], [7.530479065386219, 4.660254892797637, -0.13624698681296254], [9.519544656742468, 1.5757142072875394, 2.2754371428399995]], "name": "C4H10O", "identifiers": {"molecule_hash": "d9ac43a06ad5f66cd815fa1859f0afdf5db320fe", "molecular_formula": "C4H10O"}, "molecular_charge": 0.0, "molecular_multiplicity": 1, "connectivity": [[0, 1, 1.0], [0, 5, 1.0], [0, 6, 1.0], [0, 7, 1.0], [1, 2, 1.0], [1, 8, 1.0], [1, 9, 1.0], [2, 3, 1.0], [2, 10, 1.0], [2, 11, 1.0], [3, 4, 1.0], [3, 12, 1.0], [3, 13, 1.0], [4, 14, 1.0]], "fix_com": true, "fix_orientation": true, "provenance": {"creator": "QCElemental", "version": "v0.22.0", "routine": "qcelemental.molparse.from_schema"}, "id": "16543"}, "charge": 0, "optimize_geometry": false, "conformers": [], "conformer_generation_options": {"n_conformer_pool": 4000, "n_max_conformers": 0, "rms_tolerance": 0.05, "energy_window": 15, "keep_original_conformer": true}, "stage_1_unrestrained_charges": null, "stage_1_restrained_charges": null, "stage_2_unrestrained_charges": null, "stage_2_restrained_charges": null, "keep_original_orientation": false, "reorientations": [], "translations": [], "rotations": []}}]}, "surface_constraints": {"matrix": [[4415.246086954138, 4275.625526700577, 4107.456650038462, 3924.213409239311, 3806.0397403058455, 4441.440596500523, 4442.779373776605, 4440.706944434622, 4264.55401555778, 4260.984054234592, 4093.4966053680496, 4096.215609273896, 3903.18448085539, 3876.2649850559324, 3751.0607902406973], [4275.625526700577, 4377.184382479838, 4262.624243762902, 4104.382234781477, 3979.97837236757, 4240.524933778577, 4237.8937418060095, 4239.465639162249, 4438.993918988268, 4434.036446676022, 4257.032013641776, 4259.272082369392, 4098.790995664054, 4060.2348783302323, 3922.6271620820344], [4107.456650038462, 4262.624243762902, 4378.0149898416485, 4272.162439962037, 4168.925532231112, 4051.7866142361318, 4077.779518753681, 4049.929719331309, 4256.4616963383005, 4254.241314846814, 4441.449109293905, 4444.374132604395, 4254.558935178004, 4253.529059287323, 4132.800741537307], [3924.213409239311, 4104.382234781477, 4272.162439962037, 4399.581870821928, 4351.59877360968, 3849.4937305583267, 3920.987402689006, 3844.5875758204043, 4111.973655251271, 4069.370238250292, 4268.743884853112, 4269.35563901528, 4448.561777132731, 4446.349136742044, 4323.7447879479305], [3806.0397403058455, 3979.97837236757, 4168.925532231112, 4351.59877360968, 4539.271343683767, 3746.894205511641, 3799.245109137475, 3720.3252121343753, 3957.54310188642, 3957.7135579898963, 4138.7194463272035, 4171.931474413675, 4331.371775900851, 4323.736453173548, 4558.075963543857], [4441.440596500523, 4240.524933778577, 4051.7866142361318, 3849.4937305583267, 3746.894205511641, 4653.005200330669, 4403.414312208072, 4399.090768193374, 4214.080563605478, 4210.796506647603, 4063.0160499806093, 4016.631654351872, 3810.800146490747, 3792.450264086491, 3696.2912260814524], [4442.779373776605, 4237.8937418060095, 4077.779518753681, 3920.987402689006, 3799.245109137475, 4403.414312208072, 4657.665413799441, 4403.1125726369755, 4198.410792119567, 4195.004647539772, 4019.646796431274, 4094.046981161062, 3914.499754084127, 3883.2142953103607, 3747.553074142798], [4440.706944434622, 4239.465639162249, 4049.929719331309, 3844.5875758204043, 3720.3252121343753, 4399.090768193374, 4403.1125726369755, 4652.133729001496, 4212.450630473745, 4210.850228552185, 4049.070654421538, 4029.8238052244883, 3817.1992384939404, 3793.857294216337, 3659.2949053799152], [4264.55401555778, 4438.993918988268, 4256.4616963383005, 4111.973655251271, 3957.54310188642, 4214.080563605478, 4198.410792119567, 4212.450630473745, 4684.011171359442, 4428.3953123056235, 4228.891258114859, 4206.971629261027, 4132.552687783537, 4076.8456978650256, 3880.195779376498], [4260.984054234592, 4434.036446676022, 4254.241314846814, 4069.370238250292, 3957.7135579898963, 4210.796506647603, 4195.004647539772, 4210.850228552185, 4428.3953123056235, 4670.996753020834, 4222.088473567097, 4247.35604236373, 4058.666591822679, 4002.5054365923033, 3904.2457611664113], [4093.4966053680496, 4257.032013641776, 4441.449109293905, 4268.743884853112, 4138.7194463272035, 4063.0160499806093, 4019.646796431274, 4049.070654421538, 4228.891258114859, 4222.088473567097, 4685.887518930992, 4438.907450632735, 4187.842986520014, 4282.530187557753, 4094.7296068249516], [4096.215609273896, 4259.272082369392, 4444.374132604395, 4269.35563901528, 4171.931474413675, 4016.631654351872, 4094.046981161062, 4029.8238052244883, 4206.971629261027, 4247.35604236373, 4438.907450632735, 4693.568760785238, 4251.298868638803, 4188.566811210681, 4155.700047033765], [3903.18448085539, 4098.790995664054, 4254.558935178004, 4448.561777132731, 4331.371775900851, 3810.800146490747, 3914.499754084127, 3817.1992384939404, 4132.552687783537, 4058.666591822679, 4187.842986520014, 4251.298868638803, 4680.54198367111, 4426.763769057033, 4261.051069363265], [3876.2649850559324, 4060.2348783302323, 4253.529059287323, 4446.349136742044, 4323.736453173548, 3792.450264086491, 3883.2142953103607, 3793.857294216337, 4076.8456978650256, 4002.5054365923033, 4282.530187557753, 4188.566811210681, 4426.763769057033, 4675.616613762937, 4299.302147974366], [3751.0607902406973, 3922.6271620820344, 4132.800741537307, 4323.7447879479305, 4558.075963543857, 3696.2912260814524, 3747.553074142798, 3659.2949053799152, 3880.195779376498, 3904.2457611664113, 4094.7296068249516, 4155.700047033765, 4261.051069363265, 4299.302147974366, 4733.987655523704], [19.058571815844218, 21.284207684386608, 22.735172380458167, 7.980496580315328, -40.07238160668433, 16.797879392117967, 21.282872034493288, 17.459926405464078, 22.05947078751201, 19.841023887118585, 27.34282070973734, 29.924222952706355, 10.040348659861369, 28.79054947917701, 13.092560112791428]]}}