{"resp_b": 0.1, "restrained_fit": true, "exclude_hydrogens": true, "convergence_tolerance": 1e-06, "max_iter": 500, "resp_a": 0.001, "charge_constraints": {"charge_sum_constraints": [{"atoms": [{"index": 0, "molecule": {"qcmol": {"schema_name": "qcschema_molecule", "schema_version": 2, "validated": true, "symbols": ["C", "C", "C", "C", "O", "H", "H", "H", "H", "H", "H", "H", "H", "H", "H"], "geometry": [[0.0, -0.0, 0.0], [2.887936061508155, 4.757302928981404e-17, -5.959776879736871e-16], [3.999571537674342, 2.66791710193066, 1.1102230246251565e-15], [6.869815905024504, 2.7178018456888093, 0.011427539241017914], [7.731449191477781, 1.6161799471355238, 2.2690944756054194], [-0.7415983895422316, -1.9128732013426488, -0.004138096211447451], [-0.7471846015559594, 0.9629006902499184, -1.6529059128055648], [-0.7395004165795495, 0.9515017841309024, 1.6620867419391527], [3.5695919881153473, -1.0170598694561228, -1.6530342470808685], [3.581041673236241, -1.0161312292447817, 1.6387493630911019], [3.3290357085342057, 3.700421767283858, 1.6442711602170907], [3.344874488212937, 3.6942800542444747, -1.6582314679666907], [7.596687375493584, 1.6898070045445568, -1.6172855753617066], [7.530479065386219, 4.660254892797637, -0.13624698681296254], [9.519544656742468, 1.5757142072875394, 2.2754371428399995]], "name": "C4H10O", "identifiers": {"molecule_hash": "d9ac43a06ad5f66cd815fa1859f0afdf5db320fe", "molecular_formula": "C4H10O"}, "molecular_charge": 0.0, "molecular_multiplicity": 1, "connectivity": [[0, 1, 1.0], [0, 5, 1.0], [0, 6, 1.0], [0, 7, 1.0], [1, 2, 1.0], [1, 8, 1.0], [1, 9, 1.0], [2, 3, 1.0], [2, 10, 1.0], [2, 11, 1.0], [3, 4, 1.0], [3, 12, 1.0], [3, 13, 1.0], [4, 14, 1.0]], "fix_com": true, "fix_orientation": true, "provenance": {"creator": "QCElemental", "version": "v0.22.0", "routine": "qcelemental.molparse.from_schema"}, "id": "16543"}, "charge": 0, "optimize_geometry": false, "conformers": [], "conformer_generation_options": {"n_conformer_pool": 4000, "n_max_conformers": 0, "rms_tolerance": 0.05, "energy_window": 15, "keep_original_conformer": true}, "stage_1_unrestrained_charges": null, "stage_1_restrained_charges": null, "stage_2_unrestrained_charges": null, "stage_2_restrained_charges": null, "keep_original_orientation": false, "reorientations": [], "translations": [], "rotations": []}}], "charge": -0.23834092838087256}, {"atoms": [{"index": 1, "molecule": {"qcmol": {"schema_name": "qcschema_molecule", "schema_version": 2, "validated": true, "symbols": ["C", "C", "C", "C", "O", "H", "H", "H", "H", "H", "H", "H", "H", "H", "H"], "geometry": [[0.0, -0.0, 0.0], [2.887936061508155, 4.757302928981404e-17, -5.959776879736871e-16], [3.999571537674342, 2.66791710193066, 1.1102230246251565e-15], [6.869815905024504, 2.7178018456888093, 0.011427539241017914], [7.731449191477781, 1.6161799471355238, 2.2690944756054194], [-0.7415983895422316, -1.9128732013426488, -0.004138096211447451], [-0.7471846015559594, 0.9629006902499184, -1.6529059128055648], [-0.7395004165795495, 0.9515017841309024, 1.6620867419391527], [3.5695919881153473, -1.0170598694561228, -1.6530342470808685], [3.581041673236241, -1.0161312292447817, 1.6387493630911019], [3.3290357085342057, 3.700421767283858, 1.6442711602170907], [3.344874488212937, 3.6942800542444747, -1.6582314679666907], [7.596687375493584, 1.6898070045445568, -1.6172855753617066], [7.530479065386219, 4.660254892797637, -0.13624698681296254], [9.519544656742468, 1.5757142072875394, 2.2754371428399995]], "name": "C4H10O", "identifiers": {"molecule_hash": "d9ac43a06ad5f66cd815fa1859f0afdf5db320fe", "molecular_formula": "C4H10O"}, "molecular_charge": 0.0, "molecular_multiplicity": 1, "connectivity": [[0, 1, 1.0], [0, 5, 1.0], [0, 6, 1.0], [0, 7, 1.0], [1, 2, 1.0], [1, 8, 1.0], [1, 9, 1.0], [2, 3, 1.0], [2, 10, 1.0], [2, 11, 1.0], [3, 4, 1.0], [3, 12, 1.0], [3, 13, 1.0], [4, 14, 1.0]], "fix_com": true, "fix_orientation": true, "provenance": {"creator": "QCElemental", "version": "v0.22.0", "routine": "qcelemental.molparse.from_schema"}, "id": "16543"}, "charge": 0, "optimize_geometry": false, "conformers": [], "conformer_generation_options": {"n_conformer_pool": 4000, "n_max_conformers": 0, "rms_tolerance": 0.05, "energy_window": 15, "keep_original_conformer": true}, "stage_1_unrestrained_charges": null, "stage_1_restrained_charges": null, "stage_2_unrestrained_charges": null, "stage_2_restrained_charges": null, "keep_original_orientation": false, "reorientations": [], "translations": [], "rotations": []}}], "charge": 0.24845031245221222}, {"atoms": [{"index": 2, "molecule": {"qcmol": {"schema_name": "qcschema_molecule", "schema_version": 2, "validated": true, "symbols": ["C", "C", "C", "C", "O", "H", "H", "H", "H", "H", "H", "H", "H", "H", "H"], "geometry": [[0.0, -0.0, 0.0], [2.887936061508155, 4.757302928981404e-17, -5.959776879736871e-16], [3.999571537674342, 2.66791710193066, 1.1102230246251565e-15], [6.869815905024504, 2.7178018456888093, 0.011427539241017914], [7.731449191477781, 1.6161799471355238, 2.2690944756054194], [-0.7415983895422316, -1.9128732013426488, -0.004138096211447451], [-0.7471846015559594, 0.9629006902499184, -1.6529059128055648], [-0.7395004165795495, 0.9515017841309024, 1.6620867419391527], [3.5695919881153473, -1.0170598694561228, -1.6530342470808685], [3.581041673236241, -1.0161312292447817, 1.6387493630911019], [3.3290357085342057, 3.700421767283858, 1.6442711602170907], [3.344874488212937, 3.6942800542444747, -1.6582314679666907], [7.596687375493584, 1.6898070045445568, -1.6172855753617066], [7.530479065386219, 4.660254892797637, -0.13624698681296254], [9.519544656742468, 1.5757142072875394, 2.2754371428399995]], "name": "C4H10O", "identifiers": {"molecule_hash": "d9ac43a06ad5f66cd815fa1859f0afdf5db320fe", "molecular_formula": "C4H10O"}, "molecular_charge": 0.0, "molecular_multiplicity": 1, "connectivity": [[0, 1, 1.0], [0, 5, 1.0], [0, 6, 1.0], [0, 7, 1.0], [1, 2, 1.0], [1, 8, 1.0], [1, 9, 1.0], [2, 3, 1.0], [2, 10, 1.0], [2, 11, 1.0], [3, 4, 1.0], [3, 12, 1.0], [3, 13, 1.0], [4, 14, 1.0]], "fix_com": true, "fix_orientation": true, "provenance": {"creator": "QCElemental", "version": "v0.22.0", "routine": "qcelemental.molparse.from_schema"}, "id": "16543"}, "charge": 0, "optimize_geometry": false, "conformers": [], "conformer_generation_options": {"n_conformer_pool": 4000, "n_max_conformers": 0, "rms_tolerance": 0.05, "energy_window": 15, "keep_original_conformer": true}, "stage_1_unrestrained_charges": null, "stage_1_restrained_charges": null, "stage_2_unrestrained_charges": null, "stage_2_restrained_charges": null, "keep_original_orientation": false, "reorientations": [], "translations": [], "rotations": []}}], "charge": -0.11171180264839889}, {"atoms": [{"index": 3, "molecule": {"qcmol": {"schema_name": "qcschema_molecule", "schema_version": 2, "validated": true, "symbols": ["C", "C", "C", "C", "O", "H", "H", "H", "H", "H", "H", "H", "H", "H", "H"], "geometry": [[0.0, -0.0, 0.0], [2.887936061508155, 4.757302928981404e-17, -5.959776879736871e-16], [3.999571537674342, 2.66791710193066, 1.1102230246251565e-15], [6.869815905024504, 2.7178018456888093, 0.011427539241017914], [7.731449191477781, 1.6161799471355238, 2.2690944756054194], [-0.7415983895422316, -1.9128732013426488, -0.004138096211447451], [-0.7471846015559594, 0.9629006902499184, -1.6529059128055648], [-0.7395004165795495, 0.9515017841309024, 1.6620867419391527], [3.5695919881153473, -1.0170598694561228, -1.6530342470808685], [3.581041673236241, -1.0161312292447817, 1.6387493630911019], [3.3290357085342057, 3.700421767283858, 1.6442711602170907], [3.344874488212937, 3.6942800542444747, -1.6582314679666907], [7.596687375493584, 1.6898070045445568, -1.6172855753617066], [7.530479065386219, 4.660254892797637, -0.13624698681296254], [9.519544656742468, 1.5757142072875394, 2.2754371428399995]], "name": "C4H10O", "identifiers": {"molecule_hash": "d9ac43a06ad5f66cd815fa1859f0afdf5db320fe", "molecular_formula": "C4H10O"}, "molecular_charge": 0.0, "molecular_multiplicity": 1, "connectivity": [[0, 1, 1.0], [0, 5, 1.0], [0, 6, 1.0], [0, 7, 1.0], [1, 2, 1.0], [1, 8, 1.0], [1, 9, 1.0], [2, 3, 1.0], [2, 10, 1.0], [2, 11, 1.0], [3, 4, 1.0], [3, 12, 1.0], [3, 13, 1.0], [4, 14, 1.0]], "fix_com": true, "fix_orientation": true, "provenance": {"creator": "QCElemental", "version": "v0.22.0", "routine": "qcelemental.molparse.from_schema"}, "id": "16543"}, "charge": 0, "optimize_geometry": false, "conformers": [], "conformer_generation_options": {"n_conformer_pool": 4000, "n_max_conformers": 0, "rms_tolerance": 0.05, "energy_window": 15, "keep_original_conformer": true}, "stage_1_unrestrained_charges": null, "stage_1_restrained_charges": null, "stage_2_unrestrained_charges": null, "stage_2_restrained_charges": null, "keep_original_orientation": false, "reorientations": [], "translations": [], "rotations": []}}], "charge": 0.3524190540248559}, {"atoms": [{"index": 4, "molecule": {"qcmol": {"schema_name": "qcschema_molecule", "schema_version": 2, "validated": true, "symbols": ["C", "C", "C", "C", "O", "H", "H", "H", "H", "H", "H", "H", "H", "H", "H"], "geometry": [[0.0, -0.0, 0.0], [2.887936061508155, 4.757302928981404e-17, -5.959776879736871e-16], [3.999571537674342, 2.66791710193066, 1.1102230246251565e-15], [6.869815905024504, 2.7178018456888093, 0.011427539241017914], [7.731449191477781, 1.6161799471355238, 2.2690944756054194], [-0.7415983895422316, -1.9128732013426488, -0.004138096211447451], [-0.7471846015559594, 0.9629006902499184, -1.6529059128055648], [-0.7395004165795495, 0.9515017841309024, 1.6620867419391527], [3.5695919881153473, -1.0170598694561228, -1.6530342470808685], [3.581041673236241, -1.0161312292447817, 1.6387493630911019], [3.3290357085342057, 3.700421767283858, 1.6442711602170907], [3.344874488212937, 3.6942800542444747, -1.6582314679666907], [7.596687375493584, 1.6898070045445568, -1.6172855753617066], [7.530479065386219, 4.660254892797637, -0.13624698681296254], [9.519544656742468, 1.5757142072875394, 2.2754371428399995]], "name": "C4H10O", "identifiers": {"molecule_hash": "d9ac43a06ad5f66cd815fa1859f0afdf5db320fe", "molecular_formula": "C4H10O"}, "molecular_charge": 0.0, "molecular_multiplicity": 1, "connectivity": [[0, 1, 1.0], [0, 5, 1.0], [0, 6, 1.0], [0, 7, 1.0], [1, 2, 1.0], [1, 8, 1.0], [1, 9, 1.0], [2, 3, 1.0], [2, 10, 1.0], [2, 11, 1.0], [3, 4, 1.0], [3, 12, 1.0], [3, 13, 1.0], [4, 14, 1.0]], "fix_com": true, "fix_orientation": true, "provenance": {"creator": "QCElemental", "version": "v0.22.0", "routine": "qcelemental.molparse.from_schema"}, "id": "16543"}, "charge": 0, "optimize_geometry": false, "conformers": [], "conformer_generation_options": {"n_conformer_pool": 4000, "n_max_conformers": 0, "rms_tolerance": 0.05, "energy_window": 15, "keep_original_conformer": true}, "stage_1_unrestrained_charges": null, "stage_1_restrained_charges": null, "stage_2_unrestrained_charges": null, "stage_2_restrained_charges": null, "keep_original_orientation": false, "reorientations": [], "translations": [], "rotations": []}}], "charge": -0.7216199395514402}, {"atoms": [{"index": 5, "molecule": {"qcmol": {"schema_name": "qcschema_molecule", "schema_version": 2, "validated": true, "symbols": ["C", "C", "C", "C", "O", "H", "H", "H", "H", "H", "H", "H", "H", "H", "H"], "geometry": [[0.0, -0.0, 0.0], [2.887936061508155, 4.757302928981404e-17, -5.959776879736871e-16], [3.999571537674342, 2.66791710193066, 1.1102230246251565e-15], [6.869815905024504, 2.7178018456888093, 0.011427539241017914], [7.731449191477781, 1.6161799471355238, 2.2690944756054194], [-0.7415983895422316, -1.9128732013426488, -0.004138096211447451], [-0.7471846015559594, 0.9629006902499184, -1.6529059128055648], [-0.7395004165795495, 0.9515017841309024, 1.6620867419391527], [3.5695919881153473, -1.0170598694561228, -1.6530342470808685], [3.581041673236241, -1.0161312292447817, 1.6387493630911019], [3.3290357085342057, 3.700421767283858, 1.6442711602170907], [3.344874488212937, 3.6942800542444747, -1.6582314679666907], [7.596687375493584, 1.6898070045445568, -1.6172855753617066], [7.530479065386219, 4.660254892797637, -0.13624698681296254], [9.519544656742468, 1.5757142072875394, 2.2754371428399995]], "name": "C4H10O", "identifiers": {"molecule_hash": "d9ac43a06ad5f66cd815fa1859f0afdf5db320fe", "molecular_formula": "C4H10O"}, "molecular_charge": 0.0, "molecular_multiplicity": 1, "connectivity": [[0, 1, 1.0], [0, 5, 1.0], [0, 6, 1.0], [0, 7, 1.0], [1, 2, 1.0], [1, 8, 1.0], [1, 9, 1.0], [2, 3, 1.0], [2, 10, 1.0], [2, 11, 1.0], [3, 4, 1.0], [3, 12, 1.0], [3, 13, 1.0], [4, 14, 1.0]], "fix_com": true, "fix_orientation": true, "provenance": {"creator": "QCElemental", "version": "v0.22.0", "routine": "qcelemental.molparse.from_schema"}, "id": "16543"}, "charge": 0, "optimize_geometry": false, "conformers": [], "conformer_generation_options": {"n_conformer_pool": 4000, "n_max_conformers": 0, "rms_tolerance": 0.05, "energy_window": 15, "keep_original_conformer": true}, "stage_1_unrestrained_charges": null, "stage_1_restrained_charges": null, "stage_2_unrestrained_charges": null, "stage_2_restrained_charges": null, "keep_original_orientation": false, "reorientations": [], "translations": [], "rotations": []}}], "charge": 0.05197337735090948}, {"atoms": [{"index": 6, "molecule": {"qcmol": {"schema_name": "qcschema_molecule", "schema_version": 2, "validated": true, "symbols": ["C", "C", "C", "C", "O", "H", "H", "H", "H", "H", "H", "H", "H", "H", "H"], "geometry": [[0.0, -0.0, 0.0], [2.887936061508155, 4.757302928981404e-17, -5.959776879736871e-16], [3.999571537674342, 2.66791710193066, 1.1102230246251565e-15], [6.869815905024504, 2.7178018456888093, 0.011427539241017914], [7.731449191477781, 1.6161799471355238, 2.2690944756054194], [-0.7415983895422316, -1.9128732013426488, -0.004138096211447451], [-0.7471846015559594, 0.9629006902499184, -1.6529059128055648], [-0.7395004165795495, 0.9515017841309024, 1.6620867419391527], [3.5695919881153473, -1.0170598694561228, -1.6530342470808685], [3.581041673236241, -1.0161312292447817, 1.6387493630911019], [3.3290357085342057, 3.700421767283858, 1.6442711602170907], [3.344874488212937, 3.6942800542444747, -1.6582314679666907], [7.596687375493584, 1.6898070045445568, -1.6172855753617066], [7.530479065386219, 4.660254892797637, -0.13624698681296254], [9.519544656742468, 1.5757142072875394, 2.2754371428399995]], "name": "C4H10O", "identifiers": {"molecule_hash": "d9ac43a06ad5f66cd815fa1859f0afdf5db320fe", "molecular_formula": "C4H10O"}, "molecular_charge": 0.0, "molecular_multiplicity": 1, "connectivity": [[0, 1, 1.0], [0, 5, 1.0], [0, 6, 1.0], [0, 7, 1.0], [1, 2, 1.0], [1, 8, 1.0], [1, 9, 1.0], [2, 3, 1.0], [2, 10, 1.0], [2, 11, 1.0], [3, 4, 1.0], [3, 12, 1.0], [3, 13, 1.0], [4, 14, 1.0]], "fix_com": true, "fix_orientation": true, "provenance": {"creator": "QCElemental", "version": "v0.22.0", "routine": "qcelemental.molparse.from_schema"}, "id": "16543"}, "charge": 0, "optimize_geometry": false, "conformers": [], "conformer_generation_options": {"n_conformer_pool": 4000, "n_max_conformers": 0, "rms_tolerance": 0.05, "energy_window": 15, "keep_original_conformer": true}, "stage_1_unrestrained_charges": null, "stage_1_restrained_charges": null, "stage_2_unrestrained_charges": null, "stage_2_restrained_charges": null, "keep_original_orientation": false, "reorientations": [], "translations": [], "rotations": []}}], "charge": 0.05291916337070021}, {"atoms": [{"index": 7, "molecule": {"qcmol": {"schema_name": "qcschema_molecule", "schema_version": 2, "validated": true, "symbols": ["C", "C", "C", "C", "O", "H", "H", "H", "H", "H", "H", "H", "H", "H", "H"], "geometry": [[0.0, -0.0, 0.0], [2.887936061508155, 4.757302928981404e-17, -5.959776879736871e-16], [3.999571537674342, 2.66791710193066, 1.1102230246251565e-15], [6.869815905024504, 2.7178018456888093, 0.011427539241017914], [7.731449191477781, 1.6161799471355238, 2.2690944756054194], [-0.7415983895422316, -1.9128732013426488, -0.004138096211447451], [-0.7471846015559594, 0.9629006902499184, -1.6529059128055648], [-0.7395004165795495, 0.9515017841309024, 1.6620867419391527], [3.5695919881153473, -1.0170598694561228, -1.6530342470808685], [3.581041673236241, -1.0161312292447817, 1.6387493630911019], [3.3290357085342057, 3.700421767283858, 1.6442711602170907], [3.344874488212937, 3.6942800542444747, -1.6582314679666907], [7.596687375493584, 1.6898070045445568, -1.6172855753617066], [7.530479065386219, 4.660254892797637, -0.13624698681296254], [9.519544656742468, 1.5757142072875394, 2.2754371428399995]], "name": "C4H10O", "identifiers": {"molecule_hash": "d9ac43a06ad5f66cd815fa1859f0afdf5db320fe", "molecular_formula": "C4H10O"}, "molecular_charge": 0.0, "molecular_multiplicity": 1, "connectivity": [[0, 1, 1.0], [0, 5, 1.0], [0, 6, 1.0], [0, 7, 1.0], [1, 2, 1.0], [1, 8, 1.0], [1, 9, 1.0], [2, 3, 1.0], [2, 10, 1.0], [2, 11, 1.0], [3, 4, 1.0], [3, 12, 1.0], [3, 13, 1.0], [4, 14, 1.0]], "fix_com": true, "fix_orientation": true, "provenance": {"creator": "QCElemental", "version": "v0.22.0", "routine": "qcelemental.molparse.from_schema"}, "id": "16543"}, "charge": 0, "optimize_geometry": false, "conformers": [], "conformer_generation_options": {"n_conformer_pool": 4000, "n_max_conformers": 0, "rms_tolerance": 0.05, "energy_window": 15, "keep_original_conformer": true}, "stage_1_unrestrained_charges": null, "stage_1_restrained_charges": null, "stage_2_unrestrained_charges": null, "stage_2_restrained_charges": null, "keep_original_orientation": false, "reorientations": [], "translations": [], "rotations": []}}], "charge": 0.04785857371710493}, {"atoms": [{"index": 8, "molecule": {"qcmol": {"schema_name": "qcschema_molecule", "schema_version": 2, "validated": true, "symbols": ["C", "C", "C", "C", "O", "H", "H", "H", "H", "H", "H", "H", "H", "H", "H"], "geometry": [[0.0, -0.0, 0.0], [2.887936061508155, 4.757302928981404e-17, -5.959776879736871e-16], [3.999571537674342, 2.66791710193066, 1.1102230246251565e-15], [6.869815905024504, 2.7178018456888093, 0.011427539241017914], [7.731449191477781, 1.6161799471355238, 2.2690944756054194], [-0.7415983895422316, -1.9128732013426488, -0.004138096211447451], [-0.7471846015559594, 0.9629006902499184, -1.6529059128055648], [-0.7395004165795495, 0.9515017841309024, 1.6620867419391527], [3.5695919881153473, -1.0170598694561228, -1.6530342470808685], [3.581041673236241, -1.0161312292447817, 1.6387493630911019], [3.3290357085342057, 3.700421767283858, 1.6442711602170907], [3.344874488212937, 3.6942800542444747, -1.6582314679666907], [7.596687375493584, 1.6898070045445568, -1.6172855753617066], [7.530479065386219, 4.660254892797637, -0.13624698681296254], [9.519544656742468, 1.5757142072875394, 2.2754371428399995]], "name": "C4H10O", "identifiers": {"molecule_hash": "d9ac43a06ad5f66cd815fa1859f0afdf5db320fe", "molecular_formula": "C4H10O"}, "molecular_charge": 0.0, "molecular_multiplicity": 1, "connectivity": [[0, 1, 1.0], [0, 5, 1.0], [0, 6, 1.0], [0, 7, 1.0], [1, 2, 1.0], [1, 8, 1.0], [1, 9, 1.0], [2, 3, 1.0], [2, 10, 1.0], [2, 11, 1.0], [3, 4, 1.0], [3, 12, 1.0], [3, 13, 1.0], [4, 14, 1.0]], "fix_com": true, "fix_orientation": true, "provenance": {"creator": "QCElemental", "version": "v0.22.0", "routine": "qcelemental.molparse.from_schema"}, "id": "16543"}, "charge": 0, "optimize_geometry": false, "conformers": [], "conformer_generation_options": {"n_conformer_pool": 4000, "n_max_conformers": 0, "rms_tolerance": 0.05, "energy_window": 15, "keep_original_conformer": true}, "stage_1_unrestrained_charges": null, "stage_1_restrained_charges": null, "stage_2_unrestrained_charges": null, "stage_2_restrained_charges": null, "keep_original_orientation": false, "reorientations": [], "translations": [], "rotations": []}}], "charge": -0.05012089066511712}, {"atoms": [{"index": 9, "molecule": {"qcmol": {"schema_name": "qcschema_molecule", "schema_version": 2, "validated": true, "symbols": ["C", "C", "C", "C", "O", "H", "H", "H", "H", "H", "H", "H", "H", "H", "H"], "geometry": [[0.0, -0.0, 0.0], [2.887936061508155, 4.757302928981404e-17, -5.959776879736871e-16], [3.999571537674342, 2.66791710193066, 1.1102230246251565e-15], [6.869815905024504, 2.7178018456888093, 0.011427539241017914], [7.731449191477781, 1.6161799471355238, 2.2690944756054194], [-0.7415983895422316, -1.9128732013426488, -0.004138096211447451], [-0.7471846015559594, 0.9629006902499184, -1.6529059128055648], [-0.7395004165795495, 0.9515017841309024, 1.6620867419391527], [3.5695919881153473, -1.0170598694561228, -1.6530342470808685], [3.581041673236241, -1.0161312292447817, 1.6387493630911019], [3.3290357085342057, 3.700421767283858, 1.6442711602170907], [3.344874488212937, 3.6942800542444747, -1.6582314679666907], [7.596687375493584, 1.6898070045445568, -1.6172855753617066], [7.530479065386219, 4.660254892797637, -0.13624698681296254], [9.519544656742468, 1.5757142072875394, 2.2754371428399995]], "name": "C4H10O", "identifiers": {"molecule_hash": "d9ac43a06ad5f66cd815fa1859f0afdf5db320fe", "molecular_formula": "C4H10O"}, "molecular_charge": 0.0, "molecular_multiplicity": 1, "connectivity": [[0, 1, 1.0], [0, 5, 1.0], [0, 6, 1.0], [0, 7, 1.0], [1, 2, 1.0], [1, 8, 1.0], [1, 9, 1.0], [2, 3, 1.0], [2, 10, 1.0], [2, 11, 1.0], [3, 4, 1.0], [3, 12, 1.0], [3, 13, 1.0], [4, 14, 1.0]], "fix_com": true, "fix_orientation": true, "provenance": {"creator": "QCElemental", "version": "v0.22.0", "routine": "qcelemental.molparse.from_schema"}, "id": "16543"}, "charge": 0, "optimize_geometry": false, "conformers": [], "conformer_generation_options": {"n_conformer_pool": 4000, "n_max_conformers": 0, "rms_tolerance": 0.05, "energy_window": 15, "keep_original_conformer": true}, "stage_1_unrestrained_charges": null, "stage_1_restrained_charges": null, "stage_2_unrestrained_charges": null, "stage_2_restrained_charges": null, "keep_original_orientation": false, "reorientations": [], "translations": [], "rotations": []}}], "charge": -0.052740196413949045}, {"atoms": [{"index": 10, "molecule": {"qcmol": {"schema_name": "qcschema_molecule", "schema_version": 2, "validated": true, "symbols": ["C", "C", "C", "C", "O", "H", "H", "H", "H", "H", "H", "H", "H", "H", "H"], "geometry": [[0.0, -0.0, 0.0], [2.887936061508155, 4.757302928981404e-17, -5.959776879736871e-16], [3.999571537674342, 2.66791710193066, 1.1102230246251565e-15], [6.869815905024504, 2.7178018456888093, 0.011427539241017914], [7.731449191477781, 1.6161799471355238, 2.2690944756054194], [-0.7415983895422316, -1.9128732013426488, -0.004138096211447451], [-0.7471846015559594, 0.9629006902499184, -1.6529059128055648], [-0.7395004165795495, 0.9515017841309024, 1.6620867419391527], [3.5695919881153473, -1.0170598694561228, -1.6530342470808685], [3.581041673236241, -1.0161312292447817, 1.6387493630911019], [3.3290357085342057, 3.700421767283858, 1.6442711602170907], [3.344874488212937, 3.6942800542444747, -1.6582314679666907], [7.596687375493584, 1.6898070045445568, -1.6172855753617066], [7.530479065386219, 4.660254892797637, -0.13624698681296254], [9.519544656742468, 1.5757142072875394, 2.2754371428399995]], "name": "C4H10O", "identifiers": {"molecule_hash": "d9ac43a06ad5f66cd815fa1859f0afdf5db320fe", "molecular_formula": "C4H10O"}, "molecular_charge": 0.0, "molecular_multiplicity": 1, "connectivity": [[0, 1, 1.0], [0, 5, 1.0], [0, 6, 1.0], [0, 7, 1.0], [1, 2, 1.0], [1, 8, 1.0], [1, 9, 1.0], [2, 3, 1.0], [2, 10, 1.0], [2, 11, 1.0], [3, 4, 1.0], [3, 12, 1.0], [3, 13, 1.0], [4, 14, 1.0]], "fix_com": true, "fix_orientation": true, "provenance": {"creator": "QCElemental", "version": "v0.22.0", "routine": "qcelemental.molparse.from_schema"}, "id": "16543"}, "charge": 0, "optimize_geometry": false, "conformers": [], "conformer_generation_options": {"n_conformer_pool": 4000, "n_max_conformers": 0, "rms_tolerance": 0.05, "energy_window": 15, "keep_original_conformer": true}, "stage_1_unrestrained_charges": null, "stage_1_restrained_charges": null, "stage_2_unrestrained_charges": null, "stage_2_restrained_charges": null, "keep_original_orientation": false, "reorientations": [], "translations": [], "rotations": []}}], "charge": 0.019120850899387205}, {"atoms": [{"index": 11, "molecule": {"qcmol": {"schema_name": "qcschema_molecule", "schema_version": 2, "validated": true, "symbols": ["C", "C", "C", "C", "O", "H", "H", "H", "H", "H", "H", "H", "H", "H", "H"], "geometry": [[0.0, -0.0, 0.0], [2.887936061508155, 4.757302928981404e-17, -5.959776879736871e-16], [3.999571537674342, 2.66791710193066, 1.1102230246251565e-15], [6.869815905024504, 2.7178018456888093, 0.011427539241017914], [7.731449191477781, 1.6161799471355238, 2.2690944756054194], [-0.7415983895422316, -1.9128732013426488, -0.004138096211447451], [-0.7471846015559594, 0.9629006902499184, -1.6529059128055648], [-0.7395004165795495, 0.9515017841309024, 1.6620867419391527], [3.5695919881153473, -1.0170598694561228, -1.6530342470808685], [3.581041673236241, -1.0161312292447817, 1.6387493630911019], [3.3290357085342057, 3.700421767283858, 1.6442711602170907], [3.344874488212937, 3.6942800542444747, -1.6582314679666907], [7.596687375493584, 1.6898070045445568, -1.6172855753617066], [7.530479065386219, 4.660254892797637, -0.13624698681296254], [9.519544656742468, 1.5757142072875394, 2.2754371428399995]], "name": "C4H10O", "identifiers": {"molecule_hash": "d9ac43a06ad5f66cd815fa1859f0afdf5db320fe", "molecular_formula": "C4H10O"}, "molecular_charge": 0.0, "molecular_multiplicity": 1, "connectivity": [[0, 1, 1.0], [0, 5, 1.0], [0, 6, 1.0], [0, 7, 1.0], [1, 2, 1.0], [1, 8, 1.0], [1, 9, 1.0], [2, 3, 1.0], [2, 10, 1.0], [2, 11, 1.0], [3, 4, 1.0], [3, 12, 1.0], [3, 13, 1.0], [4, 14, 1.0]], "fix_com": true, "fix_orientation": true, "provenance": {"creator": "QCElemental", "version": "v0.22.0", "routine": "qcelemental.molparse.from_schema"}, "id": "16543"}, "charge": 0, "optimize_geometry": false, "conformers": [], "conformer_generation_options": {"n_conformer_pool": 4000, "n_max_conformers": 0, "rms_tolerance": 0.05, "energy_window": 15, "keep_original_conformer": true}, "stage_1_unrestrained_charges": null, "stage_1_restrained_charges": null, "stage_2_unrestrained_charges": null, "stage_2_restrained_charges": null, "keep_original_orientation": false, "reorientations": [], "translations": [], "rotations": []}}], "charge": 0.015609624768503721}, {"atoms": [{"index": 12, "molecule": {"qcmol": {"schema_name": "qcschema_molecule", "schema_version": 2, "validated": true, "symbols": ["C", "C", "C", "C", "O", "H", "H", "H", "H", "H", "H", "H", "H", "H", "H"], "geometry": [[0.0, -0.0, 0.0], [2.887936061508155, 4.757302928981404e-17, -5.959776879736871e-16], [3.999571537674342, 2.66791710193066, 1.1102230246251565e-15], [6.869815905024504, 2.7178018456888093, 0.011427539241017914], [7.731449191477781, 1.6161799471355238, 2.2690944756054194], [-0.7415983895422316, -1.9128732013426488, -0.004138096211447451], [-0.7471846015559594, 0.9629006902499184, -1.6529059128055648], [-0.7395004165795495, 0.9515017841309024, 1.6620867419391527], [3.5695919881153473, -1.0170598694561228, -1.6530342470808685], [3.581041673236241, -1.0161312292447817, 1.6387493630911019], [3.3290357085342057, 3.700421767283858, 1.6442711602170907], [3.344874488212937, 3.6942800542444747, -1.6582314679666907], [7.596687375493584, 1.6898070045445568, -1.6172855753617066], [7.530479065386219, 4.660254892797637, -0.13624698681296254], [9.519544656742468, 1.5757142072875394, 2.2754371428399995]], "name": "C4H10O", "identifiers": {"molecule_hash": "d9ac43a06ad5f66cd815fa1859f0afdf5db320fe", "molecular_formula": "C4H10O"}, "molecular_charge": 0.0, "molecular_multiplicity": 1, "connectivity": [[0, 1, 1.0], [0, 5, 1.0], [0, 6, 1.0], [0, 7, 1.0], [1, 2, 1.0], [1, 8, 1.0], [1, 9, 1.0], [2, 3, 1.0], [2, 10, 1.0], [2, 11, 1.0], [3, 4, 1.0], [3, 12, 1.0], [3, 13, 1.0], [4, 14, 1.0]], "fix_com": true, "fix_orientation": true, "provenance": {"creator": "QCElemental", "version": "v0.22.0", "routine": "qcelemental.molparse.from_schema"}, "id": "16543"}, "charge": 0, "optimize_geometry": false, "conformers": [], "conformer_generation_options": {"n_conformer_pool": 4000, "n_max_conformers": 0, "rms_tolerance": 0.05, "energy_window": 15, "keep_original_conformer": true}, "stage_1_unrestrained_charges": null, "stage_1_restrained_charges": null, "stage_2_unrestrained_charges": null, "stage_2_restrained_charges": null, "keep_original_orientation": false, "reorientations": [], "translations": [], "rotations": []}}], "charge": -0.014551685230194678}, {"atoms": [{"index": 13, "molecule": {"qcmol": {"schema_name": "qcschema_molecule", "schema_version": 2, "validated": true, "symbols": ["C", "C", "C", "C", "O", "H", "H", "H", "H", "H", "H", "H", "H", "H", "H"], "geometry": [[0.0, -0.0, 0.0], [2.887936061508155, 4.757302928981404e-17, -5.959776879736871e-16], [3.999571537674342, 2.66791710193066, 1.1102230246251565e-15], [6.869815905024504, 2.7178018456888093, 0.011427539241017914], [7.731449191477781, 1.6161799471355238, 2.2690944756054194], [-0.7415983895422316, -1.9128732013426488, -0.004138096211447451], [-0.7471846015559594, 0.9629006902499184, -1.6529059128055648], [-0.7395004165795495, 0.9515017841309024, 1.6620867419391527], [3.5695919881153473, -1.0170598694561228, -1.6530342470808685], [3.581041673236241, -1.0161312292447817, 1.6387493630911019], [3.3290357085342057, 3.700421767283858, 1.6442711602170907], [3.344874488212937, 3.6942800542444747, -1.6582314679666907], [7.596687375493584, 1.6898070045445568, -1.6172855753617066], [7.530479065386219, 4.660254892797637, -0.13624698681296254], [9.519544656742468, 1.5757142072875394, 2.2754371428399995]], "name": "C4H10O", "identifiers": {"molecule_hash": "d9ac43a06ad5f66cd815fa1859f0afdf5db320fe", "molecular_formula": "C4H10O"}, "molecular_charge": 0.0, "molecular_multiplicity": 1, "connectivity": [[0, 1, 1.0], [0, 5, 1.0], [0, 6, 1.0], [0, 7, 1.0], [1, 2, 1.0], [1, 8, 1.0], [1, 9, 1.0], [2, 3, 1.0], [2, 10, 1.0], [2, 11, 1.0], [3, 4, 1.0], [3, 12, 1.0], [3, 13, 1.0], [4, 14, 1.0]], "fix_com": true, "fix_orientation": true, "provenance": {"creator": "QCElemental", "version": "v0.22.0", "routine": "qcelemental.molparse.from_schema"}, "id": "16543"}, "charge": 0, "optimize_geometry": false, "conformers": [], "conformer_generation_options": {"n_conformer_pool": 4000, "n_max_conformers": 0, "rms_tolerance": 0.05, "energy_window": 15, "keep_original_conformer": true}, "stage_1_unrestrained_charges": null, "stage_1_restrained_charges": null, "stage_2_unrestrained_charges": null, "stage_2_restrained_charges": null, "keep_original_orientation": false, "reorientations": [], "translations": [], "rotations": []}}], "charge": -0.02293111591801658}, {"atoms": [{"index": 14, "molecule": {"qcmol": {"schema_name": "qcschema_molecule", "schema_version": 2, "validated": true, "symbols": ["C", "C", "C", "C", "O", "H", "H", "H", "H", "H", "H", "H", "H", "H", "H"], "geometry": [[0.0, -0.0, 0.0], [2.887936061508155, 4.757302928981404e-17, -5.959776879736871e-16], [3.999571537674342, 2.66791710193066, 1.1102230246251565e-15], [6.869815905024504, 2.7178018456888093, 0.011427539241017914], [7.731449191477781, 1.6161799471355238, 2.2690944756054194], [-0.7415983895422316, -1.9128732013426488, -0.004138096211447451], [-0.7471846015559594, 0.9629006902499184, -1.6529059128055648], [-0.7395004165795495, 0.9515017841309024, 1.6620867419391527], [3.5695919881153473, -1.0170598694561228, -1.6530342470808685], [3.581041673236241, -1.0161312292447817, 1.6387493630911019], [3.3290357085342057, 3.700421767283858, 1.6442711602170907], [3.344874488212937, 3.6942800542444747, -1.6582314679666907], [7.596687375493584, 1.6898070045445568, -1.6172855753617066], [7.530479065386219, 4.660254892797637, -0.13624698681296254], [9.519544656742468, 1.5757142072875394, 2.2754371428399995]], "name": "C4H10O", "identifiers": {"molecule_hash": "d9ac43a06ad5f66cd815fa1859f0afdf5db320fe", "molecular_formula": "C4H10O"}, "molecular_charge": 0.0, "molecular_multiplicity": 1, "connectivity": [[0, 1, 1.0], [0, 5, 1.0], [0, 6, 1.0], [0, 7, 1.0], [1, 2, 1.0], [1, 8, 1.0], [1, 9, 1.0], [2, 3, 1.0], [2, 10, 1.0], [2, 11, 1.0], [3, 4, 1.0], [3, 12, 1.0], [3, 13, 1.0], [4, 14, 1.0]], "fix_com": true, "fix_orientation": true, "provenance": {"creator": "QCElemental", "version": "v0.22.0", "routine": "qcelemental.molparse.from_schema"}, "id": "16543"}, "charge": 0, "optimize_geometry": false, "conformers": [], "conformer_generation_options": {"n_conformer_pool": 4000, "n_max_conformers": 0, "rms_tolerance": 0.05, "energy_window": 15, "keep_original_conformer": true}, "stage_1_unrestrained_charges": null, "stage_1_restrained_charges": null, "stage_2_unrestrained_charges": null, "stage_2_restrained_charges": null, "keep_original_orientation": false, "reorientations": [], "translations": [], "rotations": []}}], "charge": 0.4246393167383116}], "charge_equivalence_constraints": [], "molecules": [{"qcmol": {"schema_name": "qcschema_molecule", "schema_version": 2, "validated": true, "symbols": ["C", "C", "C", "C", "O", "H", "H", "H", "H", "H", "H", "H", "H", "H", "H"], "geometry": [[0.0, -0.0, 0.0], [2.887936061508155, 4.757302928981404e-17, -5.959776879736871e-16], [3.999571537674342, 2.66791710193066, 1.1102230246251565e-15], [6.869815905024504, 2.7178018456888093, 0.011427539241017914], [7.731449191477781, 1.6161799471355238, 2.2690944756054194], [-0.7415983895422316, -1.9128732013426488, -0.004138096211447451], [-0.7471846015559594, 0.9629006902499184, -1.6529059128055648], [-0.7395004165795495, 0.9515017841309024, 1.6620867419391527], [3.5695919881153473, -1.0170598694561228, -1.6530342470808685], [3.581041673236241, -1.0161312292447817, 1.6387493630911019], [3.3290357085342057, 3.700421767283858, 1.6442711602170907], [3.344874488212937, 3.6942800542444747, -1.6582314679666907], [7.596687375493584, 1.6898070045445568, -1.6172855753617066], [7.530479065386219, 4.660254892797637, -0.13624698681296254], [9.519544656742468, 1.5757142072875394, 2.2754371428399995]], "name": "C4H10O", "identifiers": {"molecule_hash": "d9ac43a06ad5f66cd815fa1859f0afdf5db320fe", "molecular_formula": "C4H10O"}, "molecular_charge": 0.0, "molecular_multiplicity": 1, "connectivity": [[0, 1, 1.0], [0, 5, 1.0], [0, 6, 1.0], [0, 7, 1.0], [1, 2, 1.0], [1, 8, 1.0], [1, 9, 1.0], [2, 3, 1.0], [2, 10, 1.0], [2, 11, 1.0], [3, 4, 1.0], [3, 12, 1.0], [3, 13, 1.0], [4, 14, 1.0]], "fix_com": true, "fix_orientation": true, "provenance": {"creator": "QCElemental", "version": "v0.22.0", "routine": "qcelemental.molparse.from_schema"}, "id": "16543"}, "charge": 0, "optimize_geometry": false, "conformers": [], "conformer_generation_options": {"n_conformer_pool": 4000, "n_max_conformers": 0, "rms_tolerance": 0.05, "energy_window": 15, "keep_original_conformer": true}, "stage_1_unrestrained_charges": null, "stage_1_restrained_charges": null, "stage_2_unrestrained_charges": null, "stage_2_restrained_charges": null, "keep_original_orientation": false, "reorientations": [], "translations": [], "rotations": []}], "unconstrained_atoms": []}, "surface_constraints": {"matrix": [[109822459558792.67, 106115445371116.2, 101456591287967.14, 96426493926568.38, 93119153344352.77, 110299656651080.84, 110203122790775.86, 110253465762169.55, 105668745063910.36, 105628453727324.98, 100927485005088.2, 101018990909345.06, 95736484654721.36, 94974664377907.25, 91474717363131.06], [106115445371116.2, 108915005889399.58, 105654745703461.47, 101238634219535.4, 97713953761534.03, 104982263732135.77, 104816428303023.4, 104954729448456.94, 110366453468064.72, 110323787322225.95, 105321617570921.6, 105418155476185.8, 100932841704476.78, 99838341144334.81, 95947310412193.25], [101456591287967.14, 105654745703461.47, 108638195080632.64, 105611566704217.98, 102587285945877.23, 99822497723994.0, 100424363306200.94, 99784072777262.67, 105323022869793.03, 105338344757489.77, 110125009971396.08, 110236609485165.16, 104978505061430.52, 104858490505702.81, 101296020573706.31], [96426493926568.38, 101238634219535.4, 105611566704217.98, 108808490820524.16, 107200430048916.84, 94351393474189.83, 96109163759100.1, 94223176524204.88, 101283302888813.95, 100233887036143.67, 105357535350024.38, 105429932770592.66, 109911388443324.25, 109740356732567.84, 106040460511894.86], [93119153344352.77, 97713953761534.03, 102587285945877.23, 107200430048916.84, 111850590657636.77, 91457521616887.4, 92756830847483.77, 90785491795276.7, 97003889704040.77, 97059533773411.36, 101647905335247.14, 102562239905992.81, 106488334939270.33, 106176994930123.77, 111736220775408.67], [110299656651080.84, 104982263732135.77, 99822497723994.0, 94351393474189.83, 91457521616887.4, 115640439522826.1, 108969460631507.77, 108934595892742.6, 104145957163029.4, 104100238571800.52, 99939859958928.97, 98779332956715.56, 93234410359756.39, 92694031247378.1, 89952844341672.28], [110203122790775.86, 104816428303023.4, 100424363306200.94, 96109163759100.1, 92756830847483.77, 108969460631507.77, 115466842811366.81, 108929219735984.14, 103658656058134.4, 103603988306609.16, 98774535734761.34, 100705817854896.8, 95784577829360.67, 94921119403949.64, 91213477468373.55], [110253465762169.55, 104954729448456.94, 99784072777262.67, 94223176524204.88, 90785491795276.7, 108934595892742.6, 108929219735984.14, 115543241034740.45, 104100238065649.25, 104112845724381.44, 99610818103817.45, 99119551329715.23, 93380580004584.98, 92726578442953.97, 89006929758054.64], [105668745063910.36, 110366453468064.72, 105323022869793.03, 101283302888813.95, 97003889704040.77, 104145957163029.4, 103658656058134.4, 104100238065649.25, 116570755814449.31, 109993544780602.8, 104436132573588.75, 103896969346117.98, 101646618086902.7, 100110731255890.36, 94745829467610.86], [105628453727324.98, 110323787322225.95, 105338344757489.77, 100233887036143.67, 97059533773411.36, 104100238571800.52, 103603988306609.16, 104112845724381.44, 109993544780602.8, 116435448597460.58, 104304970949620.92, 105027763793694.95, 99799578012110.89, 98253990767560.14, 95404638187174.1], [100927485005088.2, 105321617570921.6, 110125009971396.08, 105357535350024.38, 101647905335247.14, 99939859958928.97, 98774535734761.34, 99610818103817.45, 104436132573588.75, 104304970949620.92, 116316790583780.56, 109908121427532.8, 103065393965148.28, 105489126948137.66, 100172000669597.34], [101018990909345.06, 105418155476185.8, 110236609485165.16, 105429932770592.66, 102562239905992.81, 98779332956715.56, 100705817854896.8, 99119551329715.23, 103896969346117.98, 105027763793694.95, 109908121427532.8, 116564867429691.81, 104828469749386.27, 103063518011845.0, 101794552048010.84], [95736484654721.36, 100932841704476.78, 104978505061430.52, 109911388443324.25, 106488334939270.33, 93234410359756.39, 95784577829360.67, 93380580004584.98, 101646618086902.7, 99799578012110.89, 103065393965148.28, 104828469749386.27, 115762856542046.4, 109049918383462.16, 104292503285398.28], [94974664377907.25, 99838341144334.81, 104858490505702.81, 109740356732567.84, 106176994930123.77, 92694031247378.1, 94921119403949.64, 92726578442953.97, 100110731255890.36, 98253990767560.14, 105489126948137.66, 103063518011845.0, 109049918383462.16, 115405814579816.4, 105173702374482.77], [91474717363131.06, 95947310412193.25, 101296020573706.31, 106040460511894.86, 111736220775408.67, 89952844341672.28, 91213477468373.55, 89006929758054.64, 94745829467610.86, 95404638187174.1, 100172000669597.34, 101794552048010.84, 104292503285398.28, 105173702374482.77, 115711255776109.5], [394672378896.5448, 451648288669.7766, 475158099449.9958, 70280335649.83287, -1277618724558.1265, 344418700076.62067, 443240595946.5902, 354368814272.63293, 477241552671.2262, 414141344893.28064, 599547363925.8345, 662580332543.4321, 156384489724.36298, 642168139023.1965, 151552264607.97858]]}}