{"resp_b": 0.1, "restrained_fit": true, "exclude_hydrogens": true, "convergence_tolerance": 1e-06, "max_iter": 500, "resp_a": 0.0005, "charge_constraints": {"charge_sum_constraints": [], "charge_equivalence_constraints": [], "molecules": [{"qcmol": {"schema_name": "qcschema_molecule", "schema_version": 2, "validated": true, "symbols": ["C", "C", "C", "C", "O", "H", "H", "H", "H", "H", "H", "H", "H", "H", "H"], "geometry": [[0.0, -0.0, 0.0], [2.887936061508155, 4.757302928981404e-17, -5.959776879736871e-16], [3.999571537674342, 2.66791710193066, 1.1102230246251565e-15], [6.869815905024504, 2.7178018456888093, 0.011427539241017914], [7.731449191477781, 1.6161799471355238, 2.2690944756054194], [-0.7415983895422316, -1.9128732013426488, -0.004138096211447451], [-0.7471846015559594, 0.9629006902499184, -1.6529059128055648], [-0.7395004165795495, 0.9515017841309024, 1.6620867419391527], [3.5695919881153473, -1.0170598694561228, -1.6530342470808685], [3.581041673236241, -1.0161312292447817, 1.6387493630911019], [3.3290357085342057, 3.700421767283858, 1.6442711602170907], [3.344874488212937, 3.6942800542444747, -1.6582314679666907], [7.596687375493584, 1.6898070045445568, -1.6172855753617066], [7.530479065386219, 4.660254892797637, -0.13624698681296254], [9.519544656742468, 1.5757142072875394, 2.2754371428399995]], "name": "C4H10O", "identifiers": {"molecule_hash": "d9ac43a06ad5f66cd815fa1859f0afdf5db320fe", "molecular_formula": "C4H10O"}, "molecular_charge": 0.0, "molecular_multiplicity": 1, "connectivity": [[0, 1, 1.0], [0, 5, 1.0], [0, 6, 1.0], [0, 7, 1.0], [1, 2, 1.0], [1, 8, 1.0], [1, 9, 1.0], [2, 3, 1.0], [2, 10, 1.0], [2, 11, 1.0], [3, 4, 1.0], [3, 12, 1.0], [3, 13, 1.0], [4, 14, 1.0]], "fix_com": true, "fix_orientation": true, "provenance": {"creator": "QCElemental", "version": "v0.22.0", "routine": "qcelemental.molparse.from_schema"}, "id": "16543"}, "charge": 0, "optimize_geometry": false, "conformers": [], "conformer_generation_options": {"n_conformer_pool": 4000, "n_max_conformers": 0, "rms_tolerance": 0.05, "energy_window": 15, "keep_original_conformer": true}, "stage_1_unrestrained_charges": null, "stage_1_restrained_charges": null, "stage_2_unrestrained_charges": null, "stage_2_restrained_charges": null, "keep_original_orientation": false, "reorientations": [], "translations": [], "rotations": []}], "unconstrained_atoms": [{"index": 0, "molecule": {"qcmol": {"schema_name": "qcschema_molecule", "schema_version": 2, "validated": true, "symbols": ["C", "C", "C", "C", "O", "H", "H", "H", "H", "H", "H", "H", "H", "H", "H"], "geometry": [[0.0, -0.0, 0.0], [2.887936061508155, 4.757302928981404e-17, -5.959776879736871e-16], [3.999571537674342, 2.66791710193066, 1.1102230246251565e-15], [6.869815905024504, 2.7178018456888093, 0.011427539241017914], [7.731449191477781, 1.6161799471355238, 2.2690944756054194], [-0.7415983895422316, -1.9128732013426488, -0.004138096211447451], [-0.7471846015559594, 0.9629006902499184, -1.6529059128055648], [-0.7395004165795495, 0.9515017841309024, 1.6620867419391527], [3.5695919881153473, -1.0170598694561228, -1.6530342470808685], [3.581041673236241, -1.0161312292447817, 1.6387493630911019], [3.3290357085342057, 3.700421767283858, 1.6442711602170907], [3.344874488212937, 3.6942800542444747, -1.6582314679666907], [7.596687375493584, 1.6898070045445568, -1.6172855753617066], [7.530479065386219, 4.660254892797637, -0.13624698681296254], [9.519544656742468, 1.5757142072875394, 2.2754371428399995]], "name": "C4H10O", "identifiers": {"molecule_hash": "d9ac43a06ad5f66cd815fa1859f0afdf5db320fe", "molecular_formula": "C4H10O"}, "molecular_charge": 0.0, "molecular_multiplicity": 1, "connectivity": [[0, 1, 1.0], [0, 5, 1.0], [0, 6, 1.0], [0, 7, 1.0], [1, 2, 1.0], [1, 8, 1.0], [1, 9, 1.0], [2, 3, 1.0], [2, 10, 1.0], [2, 11, 1.0], [3, 4, 1.0], [3, 12, 1.0], [3, 13, 1.0], [4, 14, 1.0]], "fix_com": true, "fix_orientation": true, "provenance": {"creator": "QCElemental", "version": "v0.22.0", "routine": "qcelemental.molparse.from_schema"}, "id": "16543"}, "charge": 0, "optimize_geometry": false, "conformers": [], "conformer_generation_options": {"n_conformer_pool": 4000, "n_max_conformers": 0, "rms_tolerance": 0.05, "energy_window": 15, "keep_original_conformer": true}, "stage_1_unrestrained_charges": null, "stage_1_restrained_charges": null, "stage_2_unrestrained_charges": null, "stage_2_restrained_charges": null, "keep_original_orientation": false, "reorientations": [], "translations": [], "rotations": []}}, {"index": 1, "molecule": {"qcmol": {"schema_name": "qcschema_molecule", "schema_version": 2, "validated": true, "symbols": ["C", "C", "C", "C", "O", "H", "H", "H", "H", "H", "H", "H", "H", "H", "H"], "geometry": [[0.0, -0.0, 0.0], [2.887936061508155, 4.757302928981404e-17, -5.959776879736871e-16], [3.999571537674342, 2.66791710193066, 1.1102230246251565e-15], [6.869815905024504, 2.7178018456888093, 0.011427539241017914], [7.731449191477781, 1.6161799471355238, 2.2690944756054194], [-0.7415983895422316, -1.9128732013426488, -0.004138096211447451], [-0.7471846015559594, 0.9629006902499184, -1.6529059128055648], [-0.7395004165795495, 0.9515017841309024, 1.6620867419391527], [3.5695919881153473, -1.0170598694561228, -1.6530342470808685], [3.581041673236241, -1.0161312292447817, 1.6387493630911019], [3.3290357085342057, 3.700421767283858, 1.6442711602170907], [3.344874488212937, 3.6942800542444747, -1.6582314679666907], [7.596687375493584, 1.6898070045445568, -1.6172855753617066], [7.530479065386219, 4.660254892797637, -0.13624698681296254], [9.519544656742468, 1.5757142072875394, 2.2754371428399995]], "name": "C4H10O", "identifiers": {"molecule_hash": "d9ac43a06ad5f66cd815fa1859f0afdf5db320fe", "molecular_formula": "C4H10O"}, "molecular_charge": 0.0, "molecular_multiplicity": 1, "connectivity": [[0, 1, 1.0], [0, 5, 1.0], [0, 6, 1.0], [0, 7, 1.0], [1, 2, 1.0], [1, 8, 1.0], [1, 9, 1.0], [2, 3, 1.0], [2, 10, 1.0], [2, 11, 1.0], [3, 4, 1.0], [3, 12, 1.0], [3, 13, 1.0], [4, 14, 1.0]], "fix_com": true, "fix_orientation": true, "provenance": {"creator": "QCElemental", "version": "v0.22.0", "routine": "qcelemental.molparse.from_schema"}, "id": "16543"}, "charge": 0, "optimize_geometry": false, "conformers": [], "conformer_generation_options": {"n_conformer_pool": 4000, "n_max_conformers": 0, "rms_tolerance": 0.05, "energy_window": 15, "keep_original_conformer": true}, "stage_1_unrestrained_charges": null, "stage_1_restrained_charges": null, "stage_2_unrestrained_charges": null, "stage_2_restrained_charges": null, "keep_original_orientation": false, "reorientations": [], "translations": [], "rotations": []}}, {"index": 2, "molecule": {"qcmol": {"schema_name": "qcschema_molecule", "schema_version": 2, "validated": true, "symbols": ["C", "C", "C", "C", "O", "H", "H", "H", "H", "H", "H", "H", "H", "H", "H"], "geometry": [[0.0, -0.0, 0.0], [2.887936061508155, 4.757302928981404e-17, -5.959776879736871e-16], [3.999571537674342, 2.66791710193066, 1.1102230246251565e-15], [6.869815905024504, 2.7178018456888093, 0.011427539241017914], [7.731449191477781, 1.6161799471355238, 2.2690944756054194], [-0.7415983895422316, -1.9128732013426488, -0.004138096211447451], [-0.7471846015559594, 0.9629006902499184, -1.6529059128055648], [-0.7395004165795495, 0.9515017841309024, 1.6620867419391527], [3.5695919881153473, -1.0170598694561228, -1.6530342470808685], [3.581041673236241, -1.0161312292447817, 1.6387493630911019], [3.3290357085342057, 3.700421767283858, 1.6442711602170907], [3.344874488212937, 3.6942800542444747, -1.6582314679666907], [7.596687375493584, 1.6898070045445568, -1.6172855753617066], [7.530479065386219, 4.660254892797637, -0.13624698681296254], [9.519544656742468, 1.5757142072875394, 2.2754371428399995]], "name": "C4H10O", "identifiers": {"molecule_hash": "d9ac43a06ad5f66cd815fa1859f0afdf5db320fe", "molecular_formula": "C4H10O"}, "molecular_charge": 0.0, "molecular_multiplicity": 1, "connectivity": [[0, 1, 1.0], [0, 5, 1.0], [0, 6, 1.0], [0, 7, 1.0], [1, 2, 1.0], [1, 8, 1.0], [1, 9, 1.0], [2, 3, 1.0], [2, 10, 1.0], [2, 11, 1.0], [3, 4, 1.0], [3, 12, 1.0], [3, 13, 1.0], [4, 14, 1.0]], "fix_com": true, "fix_orientation": true, "provenance": {"creator": "QCElemental", "version": "v0.22.0", "routine": "qcelemental.molparse.from_schema"}, "id": "16543"}, "charge": 0, "optimize_geometry": false, "conformers": [], "conformer_generation_options": {"n_conformer_pool": 4000, "n_max_conformers": 0, "rms_tolerance": 0.05, "energy_window": 15, "keep_original_conformer": true}, "stage_1_unrestrained_charges": null, "stage_1_restrained_charges": null, "stage_2_unrestrained_charges": null, "stage_2_restrained_charges": null, "keep_original_orientation": false, "reorientations": [], "translations": [], "rotations": []}}, {"index": 3, "molecule": {"qcmol": {"schema_name": "qcschema_molecule", "schema_version": 2, "validated": true, "symbols": ["C", "C", "C", "C", "O", "H", "H", "H", "H", "H", "H", "H", "H", "H", "H"], "geometry": [[0.0, -0.0, 0.0], [2.887936061508155, 4.757302928981404e-17, -5.959776879736871e-16], [3.999571537674342, 2.66791710193066, 1.1102230246251565e-15], [6.869815905024504, 2.7178018456888093, 0.011427539241017914], [7.731449191477781, 1.6161799471355238, 2.2690944756054194], [-0.7415983895422316, -1.9128732013426488, -0.004138096211447451], [-0.7471846015559594, 0.9629006902499184, -1.6529059128055648], [-0.7395004165795495, 0.9515017841309024, 1.6620867419391527], [3.5695919881153473, -1.0170598694561228, -1.6530342470808685], [3.581041673236241, -1.0161312292447817, 1.6387493630911019], [3.3290357085342057, 3.700421767283858, 1.6442711602170907], [3.344874488212937, 3.6942800542444747, -1.6582314679666907], [7.596687375493584, 1.6898070045445568, -1.6172855753617066], [7.530479065386219, 4.660254892797637, -0.13624698681296254], [9.519544656742468, 1.5757142072875394, 2.2754371428399995]], "name": "C4H10O", "identifiers": {"molecule_hash": "d9ac43a06ad5f66cd815fa1859f0afdf5db320fe", "molecular_formula": "C4H10O"}, "molecular_charge": 0.0, "molecular_multiplicity": 1, "connectivity": [[0, 1, 1.0], [0, 5, 1.0], [0, 6, 1.0], [0, 7, 1.0], [1, 2, 1.0], [1, 8, 1.0], [1, 9, 1.0], [2, 3, 1.0], [2, 10, 1.0], [2, 11, 1.0], [3, 4, 1.0], [3, 12, 1.0], [3, 13, 1.0], [4, 14, 1.0]], "fix_com": true, "fix_orientation": true, "provenance": {"creator": "QCElemental", "version": "v0.22.0", "routine": "qcelemental.molparse.from_schema"}, "id": "16543"}, "charge": 0, "optimize_geometry": false, "conformers": [], "conformer_generation_options": {"n_conformer_pool": 4000, "n_max_conformers": 0, "rms_tolerance": 0.05, "energy_window": 15, "keep_original_conformer": true}, "stage_1_unrestrained_charges": null, "stage_1_restrained_charges": null, "stage_2_unrestrained_charges": null, "stage_2_restrained_charges": null, "keep_original_orientation": false, "reorientations": [], "translations": [], "rotations": []}}]}, "surface_constraints": {"matrix": [[109816734210899.72, 106109914541158.0, 101451304179823.97, 96421464287095.2, 93114288618020.19, 110293906439433.08, 110197376976012.92, 110247717029738.88, 105663237296810.52, 105622948330822.3, 100922228009164.44, 101013728396195.48, 95731497820731.75, 94969706343945.08, 91469933326825.58], [106109914541158.0, 108909330120097.22, 105649240337225.38, 101233359330407.61, 97708856357936.3, 104976791687477.44, 104810964846760.19, 104949258380359.81, 110360701692751.05, 110318038229045.95, 105316129336290.1, 105412662362990.39, 100927587539065.94, 99833139250909.44, 95942302043584.23], [101451304179823.97, 105649240337225.38, 108632534448291.55, 105606063558068.5, 102581939817433.64, 99817301323525.84, 100419127416546.89, 99778868763686.55, 105317534331877.78, 105332855920748.69, 110119271741362.92, 110230865604767.31, 104973034516168.06, 104853026526739.2, 101290742248866.45], [96421464287095.2, 101233359330407.61, 105606063558068.5, 108802820493141.31, 107194842588719.31, 94346475373204.47, 96104145742887.3, 94218258952687.94, 101278027455739.8, 100228666994946.05, 105352045118689.75, 105424439162381.33, 109905660502271.83, 109734637657653.4, 106034933065264.03], [93114288618020.19, 97708856357936.3, 102581939817433.64, 107194842588719.31, 111844759475929.56, 91452744509250.42, 92751978991512.7, 90780748550440.75, 96998833568894.77, 97054468026728.64, 101642613379478.64, 102556894848745.61, 106482784493497.1, 106171460662491.84, 111730394900911.66], [110293906439433.08, 104976791687477.44, 99817301323525.84, 94346475373204.47, 91452744509250.42, 115634411487102.97, 108963778927692.75, 108928916050632.2, 104140525238910.3, 104094810699752.77, 99934666550323.22, 98774191676874.84, 93229556285877.48, 92689197096936.19, 89948139363819.45], [110197376976012.92, 104810964846760.19, 100419127416546.89, 96104145742887.3, 92751978991512.7, 108963778927692.75, 115460821907204.7, 108923539368896.11, 103653254569689.55, 103598588412534.1, 98769388179779.25, 100700569818167.47, 95779586908569.72, 94916155478362.84, 91208697232343.67], [110247717029738.88, 104949258380359.81, 99778868763686.55, 94218258952687.94, 90780748550440.75, 108928916050632.2, 108923539368896.11, 115537215353503.97, 104094812887973.11, 104107420100830.02, 99605621072761.6, 99114385252787.11, 93375712574910.17, 92721734078552.17, 89002277962379.19], [105663237296810.52, 110360701692751.05, 105317534331877.78, 101278027455739.8, 96998833568894.77, 104140525238910.3, 103653254569689.55, 104094812887973.11, 116564680409536.6, 109987812389346.62, 104430689684471.16, 103891553527223.53, 101641326551341.95, 100105518380017.77, 94740888910486.39], [105622948330822.3, 110318038229045.95, 105332855920748.69, 100228666994946.05, 97054468026728.64, 104094810699752.77, 103598588412534.1, 104107420100830.02, 109987812389346.62, 116429381289160.16, 104299533682808.6, 105022290940154.83, 99794389044108.58, 98248876024896.25, 95399653833838.23], [100922228009164.44, 105316129336290.1, 110119271741362.92, 105352045118689.75, 101642613379478.64, 99934666550323.22, 98769388179779.25, 99605621072761.6, 104430689684471.16, 104299533682808.6, 116310729774765.62, 109902394610364.94, 103060017982039.86, 105483629682766.4, 100166788010034.53], [101013728396195.48, 105412662362990.39, 110230865604767.31, 105424439162381.33, 102556894848745.61, 98774191676874.84, 100700569818167.47, 99114385252787.11, 103891553527223.53, 105022290940154.83, 109902394610364.94, 116558793871258.1, 104823007305124.94, 103058147696678.86, 101789249183982.77], [95731497820731.75, 100927587539065.94, 104973034516168.06, 109905660502271.83, 106482784493497.1, 93229556285877.48, 95779586908569.72, 93375712574910.17, 101641326551341.95, 99794389044108.58, 103060017982039.86, 104823007305124.94, 115756823792363.27, 109044235113543.88, 104287068243803.47], [94969706343945.08, 99833139250909.44, 104853026526739.2, 109734637657653.4, 106171460662491.84, 92689197096936.19, 94916155478362.84, 92721734078552.17, 100105518380017.77, 98248876024896.25, 105483629682766.4, 103058147696678.86, 109044235113543.88, 115399800070257.17, 105168217832062.42], [91469933326825.58, 95942302043584.23, 101290742248866.45, 106034933065264.03, 111730394900911.66, 89948139363819.45, 91208697232343.67, 89002277962379.19, 94740888910486.39, 95399653833838.23, 100166788010034.53, 101789249183982.77, 104287068243803.47, 105168217832062.42, 115705222274176.78], [335354151010.1885, 386544005222.43243, 402427896149.3291, 60246739373.59829, -1057633758112.1852, 300508060642.61505, 360141640136.0895, 309322592721.3823, 412217115968.43024, 355148033489.8695, 504156518659.12164, 559985287349.7107, 134739000344.50453, 517500070842.0033, 209143227747.42294]]}}