{"resp_b": 0.1, "restrained_fit": true, "exclude_hydrogens": true, "convergence_tolerance": 1e-06, "max_iter": 500, "resp_a": 0.0005, "charge_constraints": {"charge_sum_constraints": [], "charge_equivalence_constraints": [], "molecules": [{"qcmol": {"schema_name": "qcschema_molecule", "schema_version": 2, "validated": true, "symbols": ["C", "C", "C", "C", "O", "O", "H", "H", "H", "H", "H", "H", "H", "H"], "geometry": [[-0.0, 0.0, 0.0], [2.8864677182562577, -2.145213475170059e-16, -5.73096679086629e-17], [3.9678741095238155, 2.693775509982041, 1.1102230246251565e-15], [6.812561476346866, 2.7148407611971574, 0.06471181868659814], [8.078057756221057, 3.417919143448759, 1.7808767968631827], [7.822953638412129, 1.8139004144466833, -2.0601825021882187], [-0.7435457487978279, 0.9499792703939063, 1.659917029368642], [-0.7299937212320211, -1.9159831494393282, -0.005215495831236094], [-0.7411041633115434, 0.9575797883175163, -1.6572304759855387], [3.5733084205106143, -1.002051585272954, 1.6555356471568223], [3.583074228619138, -1.01117965099278, -1.6408781912838173], [3.355054331510501, 3.683571865205119, -1.689315992116243], [3.3160676367474053, 3.7351827981405186, 1.6347130416705848], [9.613771598582936, 1.8522573880280193, -1.8868955118804909]], "name": "C4H8O2", "identifiers": {"molecule_hash": "808afb147600659d99bffd5af6ce9895826b3568", "molecular_formula": "C4H8O2"}, "molecular_charge": 0.0, "molecular_multiplicity": 1, "connectivity": [[0, 1, 1.0], [0, 6, 1.0], [0, 7, 1.0], [0, 8, 1.0], [1, 2, 1.0], [1, 9, 1.0], [1, 10, 1.0], [2, 3, 1.0], [2, 11, 1.0], [2, 12, 1.0], [3, 4, 2.0], [3, 5, 1.0], [5, 13, 1.0]], "fix_com": true, "fix_orientation": true, "provenance": {"creator": "QCElemental", "version": "v0.22.0", "routine": "qcelemental.molparse.from_schema"}, "id": "93986"}, "charge": 0, "optimize_geometry": false, "conformers": [], "conformer_generation_options": {"n_conformer_pool": 4000, "n_max_conformers": 0, "rms_tolerance": 0.05, "energy_window": 15, "keep_original_conformer": true}, "stage_1_unrestrained_charges": null, "stage_1_restrained_charges": null, "stage_2_unrestrained_charges": null, "stage_2_restrained_charges": null, "keep_original_orientation": false, "reorientations": [], "translations": [], "rotations": []}], "unconstrained_atoms": [{"index": 0, "molecule": {"qcmol": {"schema_name": "qcschema_molecule", "schema_version": 2, "validated": true, "symbols": ["C", "C", "C", "C", "O", "O", "H", "H", "H", "H", "H", "H", "H", "H"], "geometry": [[-0.0, 0.0, 0.0], [2.8864677182562577, -2.145213475170059e-16, -5.73096679086629e-17], [3.9678741095238155, 2.693775509982041, 1.1102230246251565e-15], [6.812561476346866, 2.7148407611971574, 0.06471181868659814], [8.078057756221057, 3.417919143448759, 1.7808767968631827], [7.822953638412129, 1.8139004144466833, -2.0601825021882187], [-0.7435457487978279, 0.9499792703939063, 1.659917029368642], [-0.7299937212320211, -1.9159831494393282, -0.005215495831236094], [-0.7411041633115434, 0.9575797883175163, -1.6572304759855387], [3.5733084205106143, -1.002051585272954, 1.6555356471568223], [3.583074228619138, -1.01117965099278, -1.6408781912838173], [3.355054331510501, 3.683571865205119, -1.689315992116243], [3.3160676367474053, 3.7351827981405186, 1.6347130416705848], [9.613771598582936, 1.8522573880280193, -1.8868955118804909]], "name": "C4H8O2", "identifiers": {"molecule_hash": "808afb147600659d99bffd5af6ce9895826b3568", "molecular_formula": "C4H8O2"}, "molecular_charge": 0.0, "molecular_multiplicity": 1, "connectivity": [[0, 1, 1.0], [0, 6, 1.0], [0, 7, 1.0], [0, 8, 1.0], [1, 2, 1.0], [1, 9, 1.0], [1, 10, 1.0], [2, 3, 1.0], [2, 11, 1.0], [2, 12, 1.0], [3, 4, 2.0], [3, 5, 1.0], [5, 13, 1.0]], "fix_com": true, "fix_orientation": true, "provenance": {"creator": "QCElemental", "version": "v0.22.0", "routine": "qcelemental.molparse.from_schema"}, "id": "93986"}, "charge": 0, "optimize_geometry": false, "conformers": [], "conformer_generation_options": {"n_conformer_pool": 4000, "n_max_conformers": 0, "rms_tolerance": 0.05, "energy_window": 15, "keep_original_conformer": true}, "stage_1_unrestrained_charges": null, "stage_1_restrained_charges": null, "stage_2_unrestrained_charges": null, "stage_2_restrained_charges": null, "keep_original_orientation": false, "reorientations": [], "translations": [], "rotations": []}}, {"index": 1, "molecule": {"qcmol": {"schema_name": "qcschema_molecule", "schema_version": 2, "validated": true, "symbols": ["C", "C", "C", "C", "O", "O", "H", "H", "H", "H", "H", "H", "H", "H"], "geometry": [[-0.0, 0.0, 0.0], [2.8864677182562577, -2.145213475170059e-16, -5.73096679086629e-17], [3.9678741095238155, 2.693775509982041, 1.1102230246251565e-15], [6.812561476346866, 2.7148407611971574, 0.06471181868659814], [8.078057756221057, 3.417919143448759, 1.7808767968631827], [7.822953638412129, 1.8139004144466833, -2.0601825021882187], [-0.7435457487978279, 0.9499792703939063, 1.659917029368642], [-0.7299937212320211, -1.9159831494393282, -0.005215495831236094], [-0.7411041633115434, 0.9575797883175163, -1.6572304759855387], [3.5733084205106143, -1.002051585272954, 1.6555356471568223], [3.583074228619138, -1.01117965099278, -1.6408781912838173], [3.355054331510501, 3.683571865205119, -1.689315992116243], [3.3160676367474053, 3.7351827981405186, 1.6347130416705848], [9.613771598582936, 1.8522573880280193, -1.8868955118804909]], "name": "C4H8O2", "identifiers": {"molecule_hash": "808afb147600659d99bffd5af6ce9895826b3568", "molecular_formula": "C4H8O2"}, "molecular_charge": 0.0, "molecular_multiplicity": 1, "connectivity": [[0, 1, 1.0], [0, 6, 1.0], [0, 7, 1.0], [0, 8, 1.0], [1, 2, 1.0], [1, 9, 1.0], [1, 10, 1.0], [2, 3, 1.0], [2, 11, 1.0], [2, 12, 1.0], [3, 4, 2.0], [3, 5, 1.0], [5, 13, 1.0]], "fix_com": true, "fix_orientation": true, "provenance": {"creator": "QCElemental", "version": "v0.22.0", "routine": "qcelemental.molparse.from_schema"}, "id": "93986"}, "charge": 0, "optimize_geometry": false, "conformers": [], "conformer_generation_options": {"n_conformer_pool": 4000, "n_max_conformers": 0, "rms_tolerance": 0.05, "energy_window": 15, "keep_original_conformer": true}, "stage_1_unrestrained_charges": null, "stage_1_restrained_charges": null, "stage_2_unrestrained_charges": null, "stage_2_restrained_charges": null, "keep_original_orientation": false, "reorientations": [], "translations": [], "rotations": []}}, {"index": 2, "molecule": {"qcmol": {"schema_name": "qcschema_molecule", "schema_version": 2, "validated": true, "symbols": ["C", "C", "C", "C", "O", "O", "H", "H", "H", "H", "H", "H", "H", "H"], "geometry": [[-0.0, 0.0, 0.0], [2.8864677182562577, -2.145213475170059e-16, -5.73096679086629e-17], [3.9678741095238155, 2.693775509982041, 1.1102230246251565e-15], [6.812561476346866, 2.7148407611971574, 0.06471181868659814], [8.078057756221057, 3.417919143448759, 1.7808767968631827], [7.822953638412129, 1.8139004144466833, -2.0601825021882187], [-0.7435457487978279, 0.9499792703939063, 1.659917029368642], [-0.7299937212320211, -1.9159831494393282, -0.005215495831236094], [-0.7411041633115434, 0.9575797883175163, -1.6572304759855387], [3.5733084205106143, -1.002051585272954, 1.6555356471568223], [3.583074228619138, -1.01117965099278, -1.6408781912838173], [3.355054331510501, 3.683571865205119, -1.689315992116243], [3.3160676367474053, 3.7351827981405186, 1.6347130416705848], [9.613771598582936, 1.8522573880280193, -1.8868955118804909]], "name": "C4H8O2", "identifiers": {"molecule_hash": "808afb147600659d99bffd5af6ce9895826b3568", "molecular_formula": "C4H8O2"}, "molecular_charge": 0.0, "molecular_multiplicity": 1, "connectivity": [[0, 1, 1.0], [0, 6, 1.0], [0, 7, 1.0], [0, 8, 1.0], [1, 2, 1.0], [1, 9, 1.0], [1, 10, 1.0], [2, 3, 1.0], [2, 11, 1.0], [2, 12, 1.0], [3, 4, 2.0], [3, 5, 1.0], [5, 13, 1.0]], "fix_com": true, "fix_orientation": true, "provenance": {"creator": "QCElemental", "version": "v0.22.0", "routine": "qcelemental.molparse.from_schema"}, "id": "93986"}, "charge": 0, "optimize_geometry": false, "conformers": [], "conformer_generation_options": {"n_conformer_pool": 4000, "n_max_conformers": 0, "rms_tolerance": 0.05, "energy_window": 15, "keep_original_conformer": true}, "stage_1_unrestrained_charges": null, "stage_1_restrained_charges": null, "stage_2_unrestrained_charges": null, "stage_2_restrained_charges": null, "keep_original_orientation": false, "reorientations": [], "translations": [], "rotations": []}}]}, "surface_constraints": {"matrix": [[477154907983118.7, 462306805249636.75, 444927838428149.8, 424570649134922.56, 414010843099471.5, 411615070417574.06, 479793681940491.9, 479903842053087.0, 479977873558287.8, 460773781905962.4, 460539044108742.44, 442992186323333.56, 445023209760086.56, 394324927943224.06], [462306805249636.75, 473111691558902.56, 460910872350466.0, 444196694992532.9, 432900255885291.2, 434639846418124.75, 458199567249469.7, 458347696798241.0, 458446238064781.75, 479524263452736.1, 479226995043531.6, 460250535549426.06, 460240022117171.94, 417291691219168.8], [444927838428149.8, 460910872350466.0, 473447509375836.56, 461657109230639.5, 452117886641297.0, 452300289906320.2, 440220470867046.7, 438531448777957.7, 440908469890649.1, 460101556936692.1, 459906185742788.5, 480498738335199.6, 480579132656556.75, 436902621503345.56], [424570649134922.56, 444196694992532.9, 461657109230639.5, 473304750670931.8, 474191669317590.4, 470642510323945.0, 421874515861634.4, 418544934381660.3, 416116495039698.9, 444565259224837.0, 442267646762864.1, 461953649657556.5, 461990670225973.94, 468332477674969.44], [414010843099471.5, 432900255885291.2, 452117886641297.0, 474191669317590.4, 493810349013104.25, 460253444560187.25, 413465991781728.5, 409999214011079.94, 402228835701997.06, 434544743852412.94, 428106207274928.44, 449857797134214.06, 449102417202614.1, 466108786085365.94], [411615070417574.06, 434639846418124.75, 452300289906320.2, 470642510323945.0, 460253444560187.25, 491082961728397.5, 407639237924302.8, 403600432355312.7, 404039771902041.6, 434238852755315.0, 436333729679258.44, 449797134990188.2, 450879896397514.56, 492249181659924.75], [479793681940491.9, 458199567249469.7, 440220470867046.7, 421874515861634.4, 413465991781728.5, 407639237924302.8, 502632985329536.0, 475521060478217.7, 475314905307078.94, 455118860302268.5, 453357343565487.44, 437017668900734.5, 439739647071661.9, 391697352473125.44], [479903842053087.0, 458347696798241.0, 438531448777957.7, 418544934381660.3, 409999214011079.94, 403600432355312.7, 475521060478217.7, 502925500376294.1, 475301161430606.6, 457101648921919.0, 453182349154293.94, 436068316765870.1, 437232149934344.2, 387470809843388.9], [479977873558287.8, 458446238064781.75, 440908469890649.1, 416116495039698.9, 402228835701997.06, 404039771902041.6, 475314905307078.94, 475301161430606.6, 503268772666852.3, 451728262349951.6, 456711069338386.2, 439878772720730.06, 443425092516918.4, 384805237229825.94], [460773781905962.4, 479524263452736.1, 460101556936692.1, 444565259224837.0, 434544743852412.94, 434238852755315.0, 455118860302268.5, 457101648921919.0, 451728262349951.6, 505679680826260.4, 478244365427464.56, 452568017118299.75, 459458689703638.6, 417054086955063.94], [460539044108742.44, 479226995043531.6, 459906185742788.5, 442267646762864.1, 428106207274928.44, 436333729679258.44, 453357343565487.44, 453182349154293.94, 456711069338386.2, 478244365427464.56, 504900496960220.5, 461063943625811.7, 452326667421834.25, 417423351491116.4], [442992186323333.56, 460250535549426.06, 480498738335199.6, 461953649657556.5, 449857797134214.06, 449797134990188.2, 437017668900734.5, 436068316765870.1, 439878772720730.06, 452568017118299.75, 461063943625811.7, 507168598524878.6, 479815775193990.5, 431176863136439.6], [445023209760086.56, 460240022117171.94, 480579132656556.75, 461990670225973.94, 449102417202614.1, 450879896397514.56, 439739647071661.9, 437232149934344.2, 443425092516918.4, 459458689703638.6, 452326667421834.25, 479815775193990.5, 507389746824948.75, 431874150682681.94], [394324927943224.06, 417291691219168.8, 436902621503345.56, 468332477674969.44, 466108786085365.94, 492249181659924.75, 391697352473125.44, 387470809843388.9, 384805237229825.94, 417054086955063.94, 417423351491116.4, 431176863136439.6, 431874150682681.94, 510331095495805.7], [4004189892337.669, 3311543200497.933, 1621241757204.3342, -3062146717275.5312, -10340175624184.367, 884342791445.2557, 3383148809280.14, 3583889651674.325, 5608403168700.808, 2788801481231.956, 4149986028067.23, 2864457069337.364, 2970382914191.7207, 1438397858514.8022]]}}