{"resp_b": 0.1, "restrained_fit": true, "exclude_hydrogens": true, "convergence_tolerance": 1e-06, "max_iter": 500, "resp_a": 0.0005, "charge_constraints": {"charge_sum_constraints": [], "charge_equivalence_constraints": [], "molecules": [{"qcmol": {"schema_name": "qcschema_molecule", "schema_version": 2, "validated": true, "symbols": ["C", "C", "C", "C", "O", "O", "H", "H", "H", "H", "H", "H", "H", "H"], "geometry": [[-0.0, 0.0, 0.0], [2.8864677182562577, -2.145213475170059e-16, -5.73096679086629e-17], [3.9678741095238155, 2.693775509982041, 1.1102230246251565e-15], [6.812561476346866, 2.7148407611971574, 0.06471181868659814], [8.078057756221057, 3.417919143448759, 1.7808767968631827], [7.822953638412129, 1.8139004144466833, -2.0601825021882187], [-0.7435457487978279, 0.9499792703939063, 1.659917029368642], [-0.7299937212320211, -1.9159831494393282, -0.005215495831236094], [-0.7411041633115434, 0.9575797883175163, -1.6572304759855387], [3.5733084205106143, -1.002051585272954, 1.6555356471568223], [3.583074228619138, -1.01117965099278, -1.6408781912838173], [3.355054331510501, 3.683571865205119, -1.689315992116243], [3.3160676367474053, 3.7351827981405186, 1.6347130416705848], [9.613771598582936, 1.8522573880280193, -1.8868955118804909]], "name": "C4H8O2", "identifiers": {"molecule_hash": "808afb147600659d99bffd5af6ce9895826b3568", "molecular_formula": "C4H8O2"}, "molecular_charge": 0.0, "molecular_multiplicity": 1, "connectivity": [[0, 1, 1.0], [0, 6, 1.0], [0, 7, 1.0], [0, 8, 1.0], [1, 2, 1.0], [1, 9, 1.0], [1, 10, 1.0], [2, 3, 1.0], [2, 11, 1.0], [2, 12, 1.0], [3, 4, 2.0], [3, 5, 1.0], [5, 13, 1.0]], "fix_com": true, "fix_orientation": true, "provenance": {"creator": "QCElemental", "version": "v0.22.0", "routine": "qcelemental.molparse.from_schema"}, "id": "93986"}, "charge": 0, "optimize_geometry": false, "conformers": [], "conformer_generation_options": {"n_conformer_pool": 4000, "n_max_conformers": 0, "rms_tolerance": 0.05, "energy_window": 15, "keep_original_conformer": true}, "stage_1_unrestrained_charges": null, "stage_1_restrained_charges": null, "stage_2_unrestrained_charges": null, "stage_2_restrained_charges": null, "keep_original_orientation": false, "reorientations": [], "translations": [], "rotations": []}], "unconstrained_atoms": [{"index": 0, "molecule": {"qcmol": {"schema_name": "qcschema_molecule", "schema_version": 2, "validated": true, "symbols": ["C", "C", "C", "C", "O", "O", "H", "H", "H", "H", "H", "H", "H", "H"], "geometry": [[-0.0, 0.0, 0.0], [2.8864677182562577, -2.145213475170059e-16, -5.73096679086629e-17], [3.9678741095238155, 2.693775509982041, 1.1102230246251565e-15], [6.812561476346866, 2.7148407611971574, 0.06471181868659814], [8.078057756221057, 3.417919143448759, 1.7808767968631827], [7.822953638412129, 1.8139004144466833, -2.0601825021882187], [-0.7435457487978279, 0.9499792703939063, 1.659917029368642], [-0.7299937212320211, -1.9159831494393282, -0.005215495831236094], [-0.7411041633115434, 0.9575797883175163, -1.6572304759855387], [3.5733084205106143, -1.002051585272954, 1.6555356471568223], [3.583074228619138, -1.01117965099278, -1.6408781912838173], [3.355054331510501, 3.683571865205119, -1.689315992116243], [3.3160676367474053, 3.7351827981405186, 1.6347130416705848], [9.613771598582936, 1.8522573880280193, -1.8868955118804909]], "name": "C4H8O2", "identifiers": {"molecule_hash": "808afb147600659d99bffd5af6ce9895826b3568", "molecular_formula": "C4H8O2"}, "molecular_charge": 0.0, "molecular_multiplicity": 1, "connectivity": [[0, 1, 1.0], [0, 6, 1.0], [0, 7, 1.0], [0, 8, 1.0], [1, 2, 1.0], [1, 9, 1.0], [1, 10, 1.0], [2, 3, 1.0], [2, 11, 1.0], [2, 12, 1.0], [3, 4, 2.0], [3, 5, 1.0], [5, 13, 1.0]], "fix_com": true, "fix_orientation": true, "provenance": {"creator": "QCElemental", "version": "v0.22.0", "routine": "qcelemental.molparse.from_schema"}, "id": "93986"}, "charge": 0, "optimize_geometry": false, "conformers": [], "conformer_generation_options": {"n_conformer_pool": 4000, "n_max_conformers": 0, "rms_tolerance": 0.05, "energy_window": 15, "keep_original_conformer": true}, "stage_1_unrestrained_charges": null, "stage_1_restrained_charges": null, "stage_2_unrestrained_charges": null, "stage_2_restrained_charges": null, "keep_original_orientation": false, "reorientations": [], "translations": [], "rotations": []}}, {"index": 1, "molecule": {"qcmol": {"schema_name": "qcschema_molecule", "schema_version": 2, "validated": true, "symbols": ["C", "C", "C", "C", "O", "O", "H", "H", "H", "H", "H", "H", "H", "H"], "geometry": [[-0.0, 0.0, 0.0], [2.8864677182562577, -2.145213475170059e-16, -5.73096679086629e-17], [3.9678741095238155, 2.693775509982041, 1.1102230246251565e-15], [6.812561476346866, 2.7148407611971574, 0.06471181868659814], [8.078057756221057, 3.417919143448759, 1.7808767968631827], [7.822953638412129, 1.8139004144466833, -2.0601825021882187], [-0.7435457487978279, 0.9499792703939063, 1.659917029368642], [-0.7299937212320211, -1.9159831494393282, -0.005215495831236094], [-0.7411041633115434, 0.9575797883175163, -1.6572304759855387], [3.5733084205106143, -1.002051585272954, 1.6555356471568223], [3.583074228619138, -1.01117965099278, -1.6408781912838173], [3.355054331510501, 3.683571865205119, -1.689315992116243], [3.3160676367474053, 3.7351827981405186, 1.6347130416705848], [9.613771598582936, 1.8522573880280193, -1.8868955118804909]], "name": "C4H8O2", "identifiers": {"molecule_hash": "808afb147600659d99bffd5af6ce9895826b3568", "molecular_formula": "C4H8O2"}, "molecular_charge": 0.0, "molecular_multiplicity": 1, "connectivity": [[0, 1, 1.0], [0, 6, 1.0], [0, 7, 1.0], [0, 8, 1.0], [1, 2, 1.0], [1, 9, 1.0], [1, 10, 1.0], [2, 3, 1.0], [2, 11, 1.0], [2, 12, 1.0], [3, 4, 2.0], [3, 5, 1.0], [5, 13, 1.0]], "fix_com": true, "fix_orientation": true, "provenance": {"creator": "QCElemental", "version": "v0.22.0", "routine": "qcelemental.molparse.from_schema"}, "id": "93986"}, "charge": 0, "optimize_geometry": false, "conformers": [], "conformer_generation_options": {"n_conformer_pool": 4000, "n_max_conformers": 0, "rms_tolerance": 0.05, "energy_window": 15, "keep_original_conformer": true}, "stage_1_unrestrained_charges": null, "stage_1_restrained_charges": null, "stage_2_unrestrained_charges": null, "stage_2_restrained_charges": null, "keep_original_orientation": false, "reorientations": [], "translations": [], "rotations": []}}, {"index": 2, "molecule": {"qcmol": {"schema_name": "qcschema_molecule", "schema_version": 2, "validated": true, "symbols": ["C", "C", "C", "C", "O", "O", "H", "H", "H", "H", "H", "H", "H", "H"], "geometry": [[-0.0, 0.0, 0.0], [2.8864677182562577, -2.145213475170059e-16, -5.73096679086629e-17], [3.9678741095238155, 2.693775509982041, 1.1102230246251565e-15], [6.812561476346866, 2.7148407611971574, 0.06471181868659814], [8.078057756221057, 3.417919143448759, 1.7808767968631827], [7.822953638412129, 1.8139004144466833, -2.0601825021882187], [-0.7435457487978279, 0.9499792703939063, 1.659917029368642], [-0.7299937212320211, -1.9159831494393282, -0.005215495831236094], [-0.7411041633115434, 0.9575797883175163, -1.6572304759855387], [3.5733084205106143, -1.002051585272954, 1.6555356471568223], [3.583074228619138, -1.01117965099278, -1.6408781912838173], [3.355054331510501, 3.683571865205119, -1.689315992116243], [3.3160676367474053, 3.7351827981405186, 1.6347130416705848], [9.613771598582936, 1.8522573880280193, -1.8868955118804909]], "name": "C4H8O2", "identifiers": {"molecule_hash": "808afb147600659d99bffd5af6ce9895826b3568", "molecular_formula": "C4H8O2"}, "molecular_charge": 0.0, "molecular_multiplicity": 1, "connectivity": [[0, 1, 1.0], [0, 6, 1.0], [0, 7, 1.0], [0, 8, 1.0], [1, 2, 1.0], [1, 9, 1.0], [1, 10, 1.0], [2, 3, 1.0], [2, 11, 1.0], [2, 12, 1.0], [3, 4, 2.0], [3, 5, 1.0], [5, 13, 1.0]], "fix_com": true, "fix_orientation": true, "provenance": {"creator": "QCElemental", "version": "v0.22.0", "routine": "qcelemental.molparse.from_schema"}, "id": "93986"}, "charge": 0, "optimize_geometry": false, "conformers": [], "conformer_generation_options": {"n_conformer_pool": 4000, "n_max_conformers": 0, "rms_tolerance": 0.05, "energy_window": 15, "keep_original_conformer": true}, "stage_1_unrestrained_charges": null, "stage_1_restrained_charges": null, "stage_2_unrestrained_charges": null, "stage_2_restrained_charges": null, "keep_original_orientation": false, "reorientations": [], "translations": [], "rotations": []}}]}, "surface_constraints": {"matrix": [[4490.394673187455, 4350.662642626518, 4187.1132039515, 3995.536220543986, 3896.1598656951496, 3873.6146990621073, 4515.227577971409, 4516.264255712246, 4516.960903199482, 4336.235717671773, 4334.026649690448, 4168.897668880818, 4188.010436349144, 3710.901048602093], [4350.662642626518, 4452.344954798481, 4337.525857907031, 4180.232568872385, 4073.923901088293, 4090.2958548895117, 4312.0103885993, 4313.4043700488055, 4314.331702678335, 4512.6921884263475, 4509.894665645716, 4331.311587514425, 4331.2126358148935, 3927.036253360128], [4187.1132039515, 4337.525857907031, 4455.505252981076, 4344.548503050392, 4254.777112869798, 4256.493555952396, 4142.813319623645, 4126.9184434790095, 4149.287575794466, 4329.9095691640905, 4328.070987042477, 4521.862759110649, 4522.61928880757, 4111.589700247025], [3995.536220543986, 4180.232568872385, 4344.548503050392, 4454.161739959405, 4462.50833460083, 4429.107960893867, 3970.1631793608403, 3938.8300553943523, 3915.9759093831913, 4183.7011599019315, 4162.078741533574, 4347.339187923289, 4347.687565547145, 4407.368808359096], [3896.1598656951496, 4073.923901088293, 4254.777112869798, 4462.50833460083, 4647.13518276936, 4331.338872460815, 3891.0318720158452, 3858.407734474223, 3785.282150071434, 4089.399702002627, 4028.808051839492, 4233.5080081460965, 4226.399640145746, 4386.442146555845], [3873.6146990621073, 4090.2958548895117, 4256.493555952396, 4429.107960893867, 4331.338872460815, 4621.4683152029875, 3836.1985952685345, 3798.191471458418, 3802.3248765632393, 4086.5226919804722, 4106.236799513424, 4232.936889415358, 4243.126005643569, 4632.443388696143], [4515.227577971409, 4312.0103885993, 4142.813319623645, 3970.1631793608403, 3891.0318720158452, 3836.1985952685345, 4730.163030999171, 4475.018913081408, 4473.078776943367, 4283.0185838062025, 4266.441270542593, 4112.673134634158, 4138.28828065259, 3686.1729675015354], [4516.264255712246, 4313.4043700488055, 4126.9184434790095, 3938.8300553943523, 3858.407734474223, 3798.191471458418, 4475.018913081408, 4732.915777231464, 4472.949465860893, 4301.677907773926, 4264.794501903594, 4103.738751341022, 4114.690852342875, 3646.399248062524], [4516.960903199482, 4314.331702678335, 4149.287575794466, 3915.9759093831913, 3785.282150071434, 3802.3248765632393, 4473.078776943367, 4472.949465860893, 4736.146113636505, 4251.110572543337, 4298.002464492858, 4139.598021889553, 4172.9701998610735, 3621.3130845016776], [4336.235717671773, 4512.6921884263475, 4329.9095691640905, 4183.7011599019315, 4089.399702002627, 4086.5226919804722, 4283.0185838062025, 4301.677907773926, 4251.110572543337, 4758.834792891844, 4500.64736209663, 4259.012611748523, 4323.860134836046, 3924.800646377402], [4334.026649690448, 4509.894665645716, 4328.070987042477, 4162.078741533574, 4028.808051839492, 4106.236799513424, 4266.441270542593, 4264.794501903594, 4298.002464492858, 4500.64736209663, 4751.502071407515, 4338.966563165216, 4256.741698686634, 3928.2754156984074], [4168.897668880818, 4331.311587514425, 4521.862759110649, 4347.339187923289, 4233.5080081460965, 4232.936889415358, 4112.673134634158, 4103.738751341022, 4139.598021889553, 4259.012611748523, 4338.966563165216, 4772.846700062872, 4515.435510584382, 4057.7058584767688], [4188.010436349144, 4331.2126358148935, 4522.61928880757, 4347.687565547145, 4226.399640145746, 4243.126005643569, 4138.28828065259, 4114.690852342875, 4172.9701998610735, 4323.860134836046, 4256.741698686634, 4515.435510584382, 4774.927754827095, 4064.2675218173144], [3710.901048602093, 3927.036253360128, 4111.589700247025, 4407.368808359096, 4386.442146555845, 4632.443388696143, 3686.1729675015354, 3646.399248062524, 3621.3130845016776, 3924.800646377402, 3928.2754156984074, 4057.7058584767688, 4064.2675218173144, 4802.608125153902], [37.682707478999916, 31.164332418108184, 15.257140022425105, -28.81715513704059, -97.30902072686393, 8.32235913792537, 31.83835315236767, 33.72734647847452, 52.77950670085554, 26.244958913142984, 39.05476831237122, 26.956719487253185, 27.953495305005383, 13.536429695010646]]}}