{"resp_b": 0.1, "restrained_fit": true, "exclude_hydrogens": true, "convergence_tolerance": 1e-06, "max_iter": 500, "resp_a": 0.0005, "charge_constraints": {"charge_sum_constraints": [], "charge_equivalence_constraints": [], "molecules": [{"qcmol": {"schema_name": "qcschema_molecule", "schema_version": 2, "validated": true, "symbols": ["C", "C", "C", "C", "O", "O", "H", "H", "H", "H", "H", "H", "H", "H"], "geometry": [[-0.0, 0.0, 0.0], [2.8864677182562577, -2.145213475170059e-16, -5.73096679086629e-17], [3.9678741095238155, 2.693775509982041, 1.1102230246251565e-15], [6.812561476346866, 2.7148407611971574, 0.06471181868659814], [8.078057756221057, 3.417919143448759, 1.7808767968631827], [7.822953638412129, 1.8139004144466833, -2.0601825021882187], [-0.7435457487978279, 0.9499792703939063, 1.659917029368642], [-0.7299937212320211, -1.9159831494393282, -0.005215495831236094], [-0.7411041633115434, 0.9575797883175163, -1.6572304759855387], [3.5733084205106143, -1.002051585272954, 1.6555356471568223], [3.583074228619138, -1.01117965099278, -1.6408781912838173], [3.355054331510501, 3.683571865205119, -1.689315992116243], [3.3160676367474053, 3.7351827981405186, 1.6347130416705848], [9.613771598582936, 1.8522573880280193, -1.8868955118804909]], "name": "C4H8O2", "identifiers": {"molecule_hash": "808afb147600659d99bffd5af6ce9895826b3568", "molecular_formula": "C4H8O2"}, "molecular_charge": 0.0, "molecular_multiplicity": 1, "connectivity": [[0, 1, 1.0], [0, 6, 1.0], [0, 7, 1.0], [0, 8, 1.0], [1, 2, 1.0], [1, 9, 1.0], [1, 10, 1.0], [2, 3, 1.0], [2, 11, 1.0], [2, 12, 1.0], [3, 4, 2.0], [3, 5, 1.0], [5, 13, 1.0]], "fix_com": true, "fix_orientation": true, "provenance": {"creator": "QCElemental", "version": "v0.22.0", "routine": "qcelemental.molparse.from_schema"}, "id": "93986"}, "charge": 0, "optimize_geometry": false, "conformers": [], "conformer_generation_options": {"n_conformer_pool": 4000, "n_max_conformers": 0, "rms_tolerance": 0.05, "energy_window": 15, "keep_original_conformer": true}, "stage_1_unrestrained_charges": null, "stage_1_restrained_charges": null, "stage_2_unrestrained_charges": null, "stage_2_restrained_charges": null, "keep_original_orientation": false, "reorientations": [], "translations": [], "rotations": []}], "unconstrained_atoms": [{"index": 0, "molecule": {"qcmol": {"schema_name": "qcschema_molecule", "schema_version": 2, "validated": true, "symbols": ["C", "C", "C", "C", "O", "O", "H", "H", "H", "H", "H", "H", "H", "H"], "geometry": [[-0.0, 0.0, 0.0], [2.8864677182562577, -2.145213475170059e-16, -5.73096679086629e-17], [3.9678741095238155, 2.693775509982041, 1.1102230246251565e-15], [6.812561476346866, 2.7148407611971574, 0.06471181868659814], [8.078057756221057, 3.417919143448759, 1.7808767968631827], [7.822953638412129, 1.8139004144466833, -2.0601825021882187], [-0.7435457487978279, 0.9499792703939063, 1.659917029368642], [-0.7299937212320211, -1.9159831494393282, -0.005215495831236094], [-0.7411041633115434, 0.9575797883175163, -1.6572304759855387], [3.5733084205106143, -1.002051585272954, 1.6555356471568223], [3.583074228619138, -1.01117965099278, -1.6408781912838173], [3.355054331510501, 3.683571865205119, -1.689315992116243], [3.3160676367474053, 3.7351827981405186, 1.6347130416705848], [9.613771598582936, 1.8522573880280193, -1.8868955118804909]], "name": "C4H8O2", "identifiers": {"molecule_hash": "808afb147600659d99bffd5af6ce9895826b3568", "molecular_formula": "C4H8O2"}, "molecular_charge": 0.0, "molecular_multiplicity": 1, "connectivity": [[0, 1, 1.0], [0, 6, 1.0], [0, 7, 1.0], [0, 8, 1.0], [1, 2, 1.0], [1, 9, 1.0], [1, 10, 1.0], [2, 3, 1.0], [2, 11, 1.0], [2, 12, 1.0], [3, 4, 2.0], [3, 5, 1.0], [5, 13, 1.0]], "fix_com": true, "fix_orientation": true, "provenance": {"creator": "QCElemental", "version": "v0.22.0", "routine": "qcelemental.molparse.from_schema"}, "id": "93986"}, "charge": 0, "optimize_geometry": false, "conformers": [], "conformer_generation_options": {"n_conformer_pool": 4000, "n_max_conformers": 0, "rms_tolerance": 0.05, "energy_window": 15, "keep_original_conformer": true}, "stage_1_unrestrained_charges": null, "stage_1_restrained_charges": null, "stage_2_unrestrained_charges": null, "stage_2_restrained_charges": null, "keep_original_orientation": false, "reorientations": [], "translations": [], "rotations": []}}, {"index": 1, "molecule": {"qcmol": {"schema_name": "qcschema_molecule", "schema_version": 2, "validated": true, "symbols": ["C", "C", "C", "C", "O", "O", "H", "H", "H", "H", "H", "H", "H", "H"], "geometry": [[-0.0, 0.0, 0.0], [2.8864677182562577, -2.145213475170059e-16, -5.73096679086629e-17], [3.9678741095238155, 2.693775509982041, 1.1102230246251565e-15], [6.812561476346866, 2.7148407611971574, 0.06471181868659814], [8.078057756221057, 3.417919143448759, 1.7808767968631827], [7.822953638412129, 1.8139004144466833, -2.0601825021882187], [-0.7435457487978279, 0.9499792703939063, 1.659917029368642], [-0.7299937212320211, -1.9159831494393282, -0.005215495831236094], [-0.7411041633115434, 0.9575797883175163, -1.6572304759855387], [3.5733084205106143, -1.002051585272954, 1.6555356471568223], [3.583074228619138, -1.01117965099278, -1.6408781912838173], [3.355054331510501, 3.683571865205119, -1.689315992116243], [3.3160676367474053, 3.7351827981405186, 1.6347130416705848], [9.613771598582936, 1.8522573880280193, -1.8868955118804909]], "name": "C4H8O2", "identifiers": {"molecule_hash": "808afb147600659d99bffd5af6ce9895826b3568", "molecular_formula": "C4H8O2"}, "molecular_charge": 0.0, "molecular_multiplicity": 1, "connectivity": [[0, 1, 1.0], [0, 6, 1.0], [0, 7, 1.0], [0, 8, 1.0], [1, 2, 1.0], [1, 9, 1.0], [1, 10, 1.0], [2, 3, 1.0], [2, 11, 1.0], [2, 12, 1.0], [3, 4, 2.0], [3, 5, 1.0], [5, 13, 1.0]], "fix_com": true, "fix_orientation": true, "provenance": {"creator": "QCElemental", "version": "v0.22.0", "routine": "qcelemental.molparse.from_schema"}, "id": "93986"}, "charge": 0, "optimize_geometry": false, "conformers": [], "conformer_generation_options": {"n_conformer_pool": 4000, "n_max_conformers": 0, "rms_tolerance": 0.05, "energy_window": 15, "keep_original_conformer": true}, "stage_1_unrestrained_charges": null, "stage_1_restrained_charges": null, "stage_2_unrestrained_charges": null, "stage_2_restrained_charges": null, "keep_original_orientation": false, "reorientations": [], "translations": [], "rotations": []}}, {"index": 2, "molecule": {"qcmol": {"schema_name": "qcschema_molecule", "schema_version": 2, "validated": true, "symbols": ["C", "C", "C", "C", "O", "O", "H", "H", "H", "H", "H", "H", "H", "H"], "geometry": [[-0.0, 0.0, 0.0], [2.8864677182562577, -2.145213475170059e-16, -5.73096679086629e-17], [3.9678741095238155, 2.693775509982041, 1.1102230246251565e-15], [6.812561476346866, 2.7148407611971574, 0.06471181868659814], [8.078057756221057, 3.417919143448759, 1.7808767968631827], [7.822953638412129, 1.8139004144466833, -2.0601825021882187], [-0.7435457487978279, 0.9499792703939063, 1.659917029368642], [-0.7299937212320211, -1.9159831494393282, -0.005215495831236094], [-0.7411041633115434, 0.9575797883175163, -1.6572304759855387], [3.5733084205106143, -1.002051585272954, 1.6555356471568223], [3.583074228619138, -1.01117965099278, -1.6408781912838173], [3.355054331510501, 3.683571865205119, -1.689315992116243], [3.3160676367474053, 3.7351827981405186, 1.6347130416705848], [9.613771598582936, 1.8522573880280193, -1.8868955118804909]], "name": "C4H8O2", "identifiers": {"molecule_hash": "808afb147600659d99bffd5af6ce9895826b3568", "molecular_formula": "C4H8O2"}, "molecular_charge": 0.0, "molecular_multiplicity": 1, "connectivity": [[0, 1, 1.0], [0, 6, 1.0], [0, 7, 1.0], [0, 8, 1.0], [1, 2, 1.0], [1, 9, 1.0], [1, 10, 1.0], [2, 3, 1.0], [2, 11, 1.0], [2, 12, 1.0], [3, 4, 2.0], [3, 5, 1.0], [5, 13, 1.0]], "fix_com": true, "fix_orientation": true, "provenance": {"creator": "QCElemental", "version": "v0.22.0", "routine": "qcelemental.molparse.from_schema"}, "id": "93986"}, "charge": 0, "optimize_geometry": false, "conformers": [], "conformer_generation_options": {"n_conformer_pool": 4000, "n_max_conformers": 0, "rms_tolerance": 0.05, "energy_window": 15, "keep_original_conformer": true}, "stage_1_unrestrained_charges": null, "stage_1_restrained_charges": null, "stage_2_unrestrained_charges": null, "stage_2_restrained_charges": null, "keep_original_orientation": false, "reorientations": [], "translations": [], "rotations": []}}]}, "surface_constraints": {"matrix": [[477131562498007.2, 462284186412120.0, 444906069841425.4, 424549877328784.56, 413990568720912.7, 411594956794216.2, 479770209706853.06, 479880364224523.3, 479954385692524.75, 460751237965271.3, 460516511291646.3, 442970538981281.2, 445001410151298.6, 394305659567597.4], [462284186412120.0, 473088544012374.4, 460888321660216.75, 444174961167040.1, 432879050979399.1, 434618610623593.44, 458177151452576.94, 458325272184431.9, 458423805414460.6, 479500801693044.25, 479203548344584.94, 460228017546715.56, 460217503908159.0, 417271299406539.25], [444906069841425.4, 460888321660216.75, 473424345346996.7, 461634521862142.56, 452095769262915.9, 452278156035160.2, 440198945781128.06, 438510014545519.06, 440886863567701.44, 460079044922450.1, 459883684809662.94, 480475230443190.0, 480555617963845.44, 436881244760179.8], [424549877328784.56, 444174961167040.1, 461634521862142.56, 473281592888639.0, 474168470320328.06, 470619480100590.0, 421853862103125.8, 418524500443517.5, 416096109466303.44, 444543511686032.44, 442246000924245.9, 461931048290370.94, 461968066359421.5, 468309563431688.9], [413990568720912.7, 432879050979399.1, 452095769262915.9, 474168470320328.06, 493786190760082.8, 460230924793419.56, 413445717731508.7, 409979174546460.56, 402209130563855.3, 434523445725100.6, 428085225474848.75, 449835788144305.8, 449080474334570.44, 466085981123319.75], [411594956794216.2, 434618610623593.44, 452278156035160.2, 470619480100590.0, 460230924793419.56, 491058930930105.94, 407619299466894.06, 403580772006982.7, 404019984757853.1, 434217669055730.25, 436312405311121.25, 449775128631541.9, 450857795594754.7, 492225097750439.75], [479770209706853.06, 458177151452576.94, 440198945781128.06, 421853862103125.8, 413445717731508.7, 407619299466894.06, 502608400084042.44, 475497799152642.1, 475291646570839.6, 455096596511991.9, 453335152437499.25, 436996340227582.1, 439718134935774.44, 391678185435242.0], [479880364224523.3, 458325272184431.9, 438510014545519.06, 418524500443517.5, 409979174546460.56, 403580772006982.7, 475497799152642.1, 502900899347785.75, 475277906089322.6, 457079265687926.5, 453160178206024.56, 436047012698092.75, 437210767007003.6, 387451941837916.4], [479954385692524.75, 458423805414460.6, 440886863567701.44, 416096109466303.44, 402209130563855.3, 404019984757853.1, 475291646570839.6, 475277906089322.6, 503244138774138.7, 451706176429812.3, 456688730753775.75, 439857264255103.94, 443403289660762.6, 384786397626854.56], [460751237965271.3, 479500801693044.25, 460079044922450.1, 444543511686032.44, 434523445725100.6, 434217669055730.25, 455096596511991.9, 457079265687926.5, 451706176429812.3, 505654939226124.1, 478220966310963.56, 452545829921558.94, 459436248163874.8, 417033732912391.8], [460516511291646.3, 479203548344584.94, 459883684809662.94, 442246000924245.9, 428085225474848.75, 436312405311121.25, 453335152437499.25, 453160178206024.56, 456688730753775.75, 478220966310963.56, 504875794190167.2, 461041407275306.9, 452304521359825.0, 417402943929761.3], [442970538981281.2, 460228017546715.56, 480475230443190.0, 461931048290370.94, 449835788144305.8, 449775128631541.9, 436996340227582.1, 436047012698092.75, 439857264255103.94, 452545829921558.94, 461041407275306.9, 507143788487479.75, 479792298003258.6, 431155769290624.7], [445001410151298.6, 460217503908159.0, 480555617963845.44, 461968066359421.5, 449080474334570.44, 450857795594754.7, 439718134935774.44, 437210767007003.6, 443403289660762.6, 459436248163874.8, 452304521359825.0, 479792298003258.6, 507364917530496.9, 431852993757274.0], [394305659567597.4, 417271299406539.25, 436881244760179.8, 468309563431688.9, 466085981123319.75, 492225097750439.75, 391678185435242.0, 387451941837916.4, 384786397626854.56, 417033732912391.8, 417402943929761.3, 431155769290624.7, 431852993757274.0, 510306129134181.44], [3426559965888.599, 2780230400024.4854, 1278930069787.7615, -2420254402387.4365, -8319052287705.571, 732217010561.4077, 2978739129743.1006, 3175793009797.8276, 4664677328550.688, 2406843297130.792, 3414228082501.853, 2241725942871.096, 2289869499779.393, 1697095642134.3848]]}}