{"resp_b": 0.1, "restrained_fit": true, "exclude_hydrogens": true, "convergence_tolerance": 1e-06, "max_iter": 500, "resp_a": 0.0005, "charge_constraints": {"charge_sum_constraints": [], "charge_equivalence_constraints": [], "molecules": [{"qcmol": {"schema_name": "qcschema_molecule", "schema_version": 2, "validated": true, "symbols": ["C", "C", "C", "C", "O", "O", "H", "H", "H", "H", "H", "H", "H", "H"], "geometry": [[-0.0, 0.0, 0.0], [2.8864677182562577, -2.145213475170059e-16, -5.73096679086629e-17], [3.9678741095238155, 2.693775509982041, 1.1102230246251565e-15], [6.812561476346866, 2.7148407611971574, 0.06471181868659814], [8.078057756221057, 3.417919143448759, 1.7808767968631827], [7.822953638412129, 1.8139004144466833, -2.0601825021882187], [-0.7435457487978279, 0.9499792703939063, 1.659917029368642], [-0.7299937212320211, -1.9159831494393282, -0.005215495831236094], [-0.7411041633115434, 0.9575797883175163, -1.6572304759855387], [3.5733084205106143, -1.002051585272954, 1.6555356471568223], [3.583074228619138, -1.01117965099278, -1.6408781912838173], [3.355054331510501, 3.683571865205119, -1.689315992116243], [3.3160676367474053, 3.7351827981405186, 1.6347130416705848], [9.613771598582936, 1.8522573880280193, -1.8868955118804909]], "name": "C4H8O2", "identifiers": {"molecule_hash": "808afb147600659d99bffd5af6ce9895826b3568", "molecular_formula": "C4H8O2"}, "molecular_charge": 0.0, "molecular_multiplicity": 1, "connectivity": [[0, 1, 1.0], [0, 6, 1.0], [0, 7, 1.0], [0, 8, 1.0], [1, 2, 1.0], [1, 9, 1.0], [1, 10, 1.0], [2, 3, 1.0], [2, 11, 1.0], [2, 12, 1.0], [3, 4, 2.0], [3, 5, 1.0], [5, 13, 1.0]], "fix_com": true, "fix_orientation": true, "provenance": {"creator": "QCElemental", "version": "v0.22.0", "routine": "qcelemental.molparse.from_schema"}, "id": "93986"}, "charge": 0, "optimize_geometry": false, "conformers": [], "conformer_generation_options": {"n_conformer_pool": 4000, "n_max_conformers": 0, "rms_tolerance": 0.05, "energy_window": 15, "keep_original_conformer": true}, "stage_1_unrestrained_charges": null, "stage_1_restrained_charges": null, "stage_2_unrestrained_charges": null, "stage_2_restrained_charges": null, "keep_original_orientation": false, "reorientations": [], "translations": [], "rotations": []}], "unconstrained_atoms": [{"index": 0, "molecule": {"qcmol": {"schema_name": "qcschema_molecule", "schema_version": 2, "validated": true, "symbols": ["C", "C", "C", "C", "O", "O", "H", "H", "H", "H", "H", "H", "H", "H"], "geometry": [[-0.0, 0.0, 0.0], [2.8864677182562577, -2.145213475170059e-16, -5.73096679086629e-17], [3.9678741095238155, 2.693775509982041, 1.1102230246251565e-15], [6.812561476346866, 2.7148407611971574, 0.06471181868659814], [8.078057756221057, 3.417919143448759, 1.7808767968631827], [7.822953638412129, 1.8139004144466833, -2.0601825021882187], [-0.7435457487978279, 0.9499792703939063, 1.659917029368642], [-0.7299937212320211, -1.9159831494393282, -0.005215495831236094], [-0.7411041633115434, 0.9575797883175163, -1.6572304759855387], [3.5733084205106143, -1.002051585272954, 1.6555356471568223], [3.583074228619138, -1.01117965099278, -1.6408781912838173], [3.355054331510501, 3.683571865205119, -1.689315992116243], [3.3160676367474053, 3.7351827981405186, 1.6347130416705848], [9.613771598582936, 1.8522573880280193, -1.8868955118804909]], "name": "C4H8O2", "identifiers": {"molecule_hash": "808afb147600659d99bffd5af6ce9895826b3568", "molecular_formula": "C4H8O2"}, "molecular_charge": 0.0, "molecular_multiplicity": 1, "connectivity": [[0, 1, 1.0], [0, 6, 1.0], [0, 7, 1.0], [0, 8, 1.0], [1, 2, 1.0], [1, 9, 1.0], [1, 10, 1.0], [2, 3, 1.0], [2, 11, 1.0], [2, 12, 1.0], [3, 4, 2.0], [3, 5, 1.0], [5, 13, 1.0]], "fix_com": true, "fix_orientation": true, "provenance": {"creator": "QCElemental", "version": "v0.22.0", "routine": "qcelemental.molparse.from_schema"}, "id": "93986"}, "charge": 0, "optimize_geometry": false, "conformers": [], "conformer_generation_options": {"n_conformer_pool": 4000, "n_max_conformers": 0, "rms_tolerance": 0.05, "energy_window": 15, "keep_original_conformer": true}, "stage_1_unrestrained_charges": null, "stage_1_restrained_charges": null, "stage_2_unrestrained_charges": null, "stage_2_restrained_charges": null, "keep_original_orientation": false, "reorientations": [], "translations": [], "rotations": []}}, {"index": 1, "molecule": {"qcmol": {"schema_name": "qcschema_molecule", "schema_version": 2, "validated": true, "symbols": ["C", "C", "C", "C", "O", "O", "H", "H", "H", "H", "H", "H", "H", "H"], "geometry": [[-0.0, 0.0, 0.0], [2.8864677182562577, -2.145213475170059e-16, -5.73096679086629e-17], [3.9678741095238155, 2.693775509982041, 1.1102230246251565e-15], [6.812561476346866, 2.7148407611971574, 0.06471181868659814], [8.078057756221057, 3.417919143448759, 1.7808767968631827], [7.822953638412129, 1.8139004144466833, -2.0601825021882187], [-0.7435457487978279, 0.9499792703939063, 1.659917029368642], [-0.7299937212320211, -1.9159831494393282, -0.005215495831236094], [-0.7411041633115434, 0.9575797883175163, -1.6572304759855387], [3.5733084205106143, -1.002051585272954, 1.6555356471568223], [3.583074228619138, -1.01117965099278, -1.6408781912838173], [3.355054331510501, 3.683571865205119, -1.689315992116243], [3.3160676367474053, 3.7351827981405186, 1.6347130416705848], [9.613771598582936, 1.8522573880280193, -1.8868955118804909]], "name": "C4H8O2", "identifiers": {"molecule_hash": "808afb147600659d99bffd5af6ce9895826b3568", "molecular_formula": "C4H8O2"}, "molecular_charge": 0.0, "molecular_multiplicity": 1, "connectivity": [[0, 1, 1.0], [0, 6, 1.0], [0, 7, 1.0], [0, 8, 1.0], [1, 2, 1.0], [1, 9, 1.0], [1, 10, 1.0], [2, 3, 1.0], [2, 11, 1.0], [2, 12, 1.0], [3, 4, 2.0], [3, 5, 1.0], [5, 13, 1.0]], "fix_com": true, "fix_orientation": true, "provenance": {"creator": "QCElemental", "version": "v0.22.0", "routine": "qcelemental.molparse.from_schema"}, "id": "93986"}, "charge": 0, "optimize_geometry": false, "conformers": [], "conformer_generation_options": {"n_conformer_pool": 4000, "n_max_conformers": 0, "rms_tolerance": 0.05, "energy_window": 15, "keep_original_conformer": true}, "stage_1_unrestrained_charges": null, "stage_1_restrained_charges": null, "stage_2_unrestrained_charges": null, "stage_2_restrained_charges": null, "keep_original_orientation": false, "reorientations": [], "translations": [], "rotations": []}}, {"index": 2, "molecule": {"qcmol": {"schema_name": "qcschema_molecule", "schema_version": 2, "validated": true, "symbols": ["C", "C", "C", "C", "O", "O", "H", "H", "H", "H", "H", "H", "H", "H"], "geometry": [[-0.0, 0.0, 0.0], [2.8864677182562577, -2.145213475170059e-16, -5.73096679086629e-17], [3.9678741095238155, 2.693775509982041, 1.1102230246251565e-15], [6.812561476346866, 2.7148407611971574, 0.06471181868659814], [8.078057756221057, 3.417919143448759, 1.7808767968631827], [7.822953638412129, 1.8139004144466833, -2.0601825021882187], [-0.7435457487978279, 0.9499792703939063, 1.659917029368642], [-0.7299937212320211, -1.9159831494393282, -0.005215495831236094], [-0.7411041633115434, 0.9575797883175163, -1.6572304759855387], [3.5733084205106143, -1.002051585272954, 1.6555356471568223], [3.583074228619138, -1.01117965099278, -1.6408781912838173], [3.355054331510501, 3.683571865205119, -1.689315992116243], [3.3160676367474053, 3.7351827981405186, 1.6347130416705848], [9.613771598582936, 1.8522573880280193, -1.8868955118804909]], "name": "C4H8O2", "identifiers": {"molecule_hash": "808afb147600659d99bffd5af6ce9895826b3568", "molecular_formula": "C4H8O2"}, "molecular_charge": 0.0, "molecular_multiplicity": 1, "connectivity": [[0, 1, 1.0], [0, 6, 1.0], [0, 7, 1.0], [0, 8, 1.0], [1, 2, 1.0], [1, 9, 1.0], [1, 10, 1.0], [2, 3, 1.0], [2, 11, 1.0], [2, 12, 1.0], [3, 4, 2.0], [3, 5, 1.0], [5, 13, 1.0]], "fix_com": true, "fix_orientation": true, "provenance": {"creator": "QCElemental", "version": "v0.22.0", "routine": "qcelemental.molparse.from_schema"}, "id": "93986"}, "charge": 0, "optimize_geometry": false, "conformers": [], "conformer_generation_options": {"n_conformer_pool": 4000, "n_max_conformers": 0, "rms_tolerance": 0.05, "energy_window": 15, "keep_original_conformer": true}, "stage_1_unrestrained_charges": null, "stage_1_restrained_charges": null, "stage_2_unrestrained_charges": null, "stage_2_restrained_charges": null, "keep_original_orientation": false, "reorientations": [], "translations": [], "rotations": []}}]}, "surface_constraints": {"matrix": [[1830.5485051596543, 1770.329369884555, 1693.6660982230553, 1606.1846103827947, 1559.60332470186, 1549.8703582829132, 1837.7027495436287, 1836.9202916384966, 1836.5450001441297, 1763.677328661462, 1761.902056811818, 1681.3118842454471, 1690.648588385199, 1472.660040723398], [1770.329369884555, 1818.0149272142323, 1762.0550776284026, 1689.8586352484317, 1637.6049795044742, 1648.4462311763418, 1750.203754324306, 1749.9712455270144, 1749.6414758720393, 1844.0367456398817, 1841.4563497109843, 1754.0672429696663, 1754.8152038335377, 1568.8395641120399], [1693.6660982230553, 1762.0550776284026, 1810.7769660159852, 1759.4414000405243, 1716.416102288042, 1714.5547821144476, 1671.7986288867849, 1664.2547650176825, 1672.9338252590348, 1758.6085249670275, 1755.9908315039793, 1834.1206441541847, 1835.260905173788, 1642.215274581318], [1606.1846103827947, 1689.8586352484317, 1759.4414000405243, 1806.1538128516274, 1804.3924504508923, 1787.2054163035134, 1592.4468555758947, 1578.8115469054756, 1568.2893963736208, 1691.322405326307, 1680.0660398431123, 1755.5597268875104, 1756.3246772670134, 1763.9625099806938], [1559.60332470186, 1637.6049795044742, 1716.416102288042, 1804.3924504508923, 1878.7113801156656, 1739.936544429361, 1554.5246200478434, 1540.1516000161942, 1510.878956718386, 1641.2350187047603, 1616.0820478033893, 1703.4525616371884, 1701.9347928259601, 1747.7670701407167], [1549.8703582829132, 1648.4462311763418, 1714.5547821144476, 1787.2054163035134, 1739.936544429361, 1862.1697844983569, 1531.3404177440561, 1515.749948054628, 1514.1604857669834, 1649.2199184104804, 1655.1255705901729, 1699.6563491166369, 1703.4140428195565, 1852.5021838421526], [1837.7027495436287, 1750.203754324306, 1671.7986288867849, 1592.4468555758947, 1554.5246200478434, 1531.3404177440561, 1925.8707254695798, 1815.5394738569844, 1814.5549693741866, 1737.3917724080522, 1729.6332828884504, 1654.4618503151905, 1666.9088094746535, 1459.2254622226603], [1836.9202916384966, 1749.9712455270144, 1664.2547650176825, 1578.8115469054756, 1540.1516000161942, 1515.749948054628, 1815.5394738569844, 1924.3401184796262, 1813.3670436737377, 1744.4998463769725, 1728.3171946848868, 1650.2263314490838, 1655.7589859441784, 1443.4088118072223], [1836.5450001441297, 1749.6414758720393, 1672.9338252590348, 1568.2893963736208, 1510.878956718386, 1514.1604857669834, 1814.5549693741866, 1813.3670436737377, 1923.908479129853, 1722.7202397740114, 1741.6566801100773, 1664.571865619008, 1679.9523017739018, 1431.3762410721956], [1763.677328661462, 1844.0367456398817, 1758.6085249670275, 1691.322405326307, 1641.2350187047603, 1649.2199184104804, 1737.3917724080522, 1744.4998463769725, 1722.7202397740114, 1949.2448396585999, 1837.4076504406291, 1723.295093942485, 1750.9979501944522, 1569.6628564871457], [1761.902056811818, 1841.4563497109843, 1755.9908315039793, 1680.0660398431123, 1616.0820478033893, 1655.1255705901729, 1729.6332828884504, 1728.3171946848868, 1741.6566801100773, 1837.4076504406291, 1943.4616251055577, 1755.368321907554, 1721.4585710257256, 1569.2623214332978], [1681.3118842454471, 1754.0672429696663, 1834.1206441541847, 1755.5597268875104, 1703.4525616371884, 1699.6563491166369, 1654.4618503151905, 1650.2263314490838, 1664.571865619008, 1723.295093942485, 1755.368321907554, 1934.812460556324, 1828.4529191456993, 1616.0728240537471], [1690.648588385199, 1754.8152038335377, 1835.260905173788, 1756.3246772670134, 1701.9347928259601, 1703.4140428195565, 1666.9088094746535, 1655.7589859441784, 1679.9523017739018, 1750.9979501944522, 1721.4585710257256, 1828.4529191456993, 1937.356194666003, 1618.6049994992666], [1472.660040723398, 1568.8395641120399, 1642.215274581318, 1763.9625099806938, 1747.7670701407167, 1852.5021838421526, 1459.2254622226603, 1443.4088118072223, 1431.3762410721956, 1569.6628564871457, 1569.2623214332978, 1616.0728240537471, 1618.6049994992666, 1906.795875676108], [12.204970058080374, 9.977546988674078, 3.6596523407504247, -12.209531129416739, -38.47685703530343, 1.0081874439316258, 10.150977949248754, 10.915067291475545, 17.13970355421387, 9.149445607673929, 12.252621462108, 7.722177567624942, 7.744587481838626, 4.88883082955188]]}}