{"resp_b": 0.1, "restrained_fit": true, "exclude_hydrogens": true, "convergence_tolerance": 1e-06, "max_iter": 500, "resp_a": 0.0005, "charge_constraints": {"charge_sum_constraints": [], "charge_equivalence_constraints": [], "molecules": [{"qcmol": {"schema_name": "qcschema_molecule", "schema_version": 2, "validated": true, "symbols": ["C", "C", "C", "C", "O", "O", "H", "H", "H", "H", "H", "H", "H", "H"], "geometry": [[-0.0, 0.0, 0.0], [2.8864677182562577, -2.145213475170059e-16, -5.73096679086629e-17], [3.9678741095238155, 2.693775509982041, 1.1102230246251565e-15], [6.812561476346866, 2.7148407611971574, 0.06471181868659814], [8.078057756221057, 3.417919143448759, 1.7808767968631827], [7.822953638412129, 1.8139004144466833, -2.0601825021882187], [-0.7435457487978279, 0.9499792703939063, 1.659917029368642], [-0.7299937212320211, -1.9159831494393282, -0.005215495831236094], [-0.7411041633115434, 0.9575797883175163, -1.6572304759855387], [3.5733084205106143, -1.002051585272954, 1.6555356471568223], [3.583074228619138, -1.01117965099278, -1.6408781912838173], [3.355054331510501, 3.683571865205119, -1.689315992116243], [3.3160676367474053, 3.7351827981405186, 1.6347130416705848], [9.613771598582936, 1.8522573880280193, -1.8868955118804909]], "name": "C4H8O2", "identifiers": {"molecule_hash": "808afb147600659d99bffd5af6ce9895826b3568", "molecular_formula": "C4H8O2"}, "molecular_charge": 0.0, "molecular_multiplicity": 1, "connectivity": [[0, 1, 1.0], [0, 6, 1.0], [0, 7, 1.0], [0, 8, 1.0], [1, 2, 1.0], [1, 9, 1.0], [1, 10, 1.0], [2, 3, 1.0], [2, 11, 1.0], [2, 12, 1.0], [3, 4, 2.0], [3, 5, 1.0], [5, 13, 1.0]], "fix_com": true, "fix_orientation": true, "provenance": {"creator": "QCElemental", "version": "v0.22.0", "routine": "qcelemental.molparse.from_schema"}, "id": "93986"}, "charge": 0, "optimize_geometry": false, "conformers": [], "conformer_generation_options": {"n_conformer_pool": 4000, "n_max_conformers": 0, "rms_tolerance": 0.05, "energy_window": 15, "keep_original_conformer": true}, "stage_1_unrestrained_charges": null, "stage_1_restrained_charges": null, "stage_2_unrestrained_charges": null, "stage_2_restrained_charges": null, "keep_original_orientation": false, "reorientations": [], "translations": [], "rotations": []}], "unconstrained_atoms": [{"index": 0, "molecule": {"qcmol": {"schema_name": "qcschema_molecule", "schema_version": 2, "validated": true, "symbols": ["C", "C", "C", "C", "O", "O", "H", "H", "H", "H", "H", "H", "H", "H"], "geometry": [[-0.0, 0.0, 0.0], [2.8864677182562577, -2.145213475170059e-16, -5.73096679086629e-17], [3.9678741095238155, 2.693775509982041, 1.1102230246251565e-15], [6.812561476346866, 2.7148407611971574, 0.06471181868659814], [8.078057756221057, 3.417919143448759, 1.7808767968631827], [7.822953638412129, 1.8139004144466833, -2.0601825021882187], [-0.7435457487978279, 0.9499792703939063, 1.659917029368642], [-0.7299937212320211, -1.9159831494393282, -0.005215495831236094], [-0.7411041633115434, 0.9575797883175163, -1.6572304759855387], [3.5733084205106143, -1.002051585272954, 1.6555356471568223], [3.583074228619138, -1.01117965099278, -1.6408781912838173], [3.355054331510501, 3.683571865205119, -1.689315992116243], [3.3160676367474053, 3.7351827981405186, 1.6347130416705848], [9.613771598582936, 1.8522573880280193, -1.8868955118804909]], "name": "C4H8O2", "identifiers": {"molecule_hash": "808afb147600659d99bffd5af6ce9895826b3568", "molecular_formula": "C4H8O2"}, "molecular_charge": 0.0, "molecular_multiplicity": 1, "connectivity": [[0, 1, 1.0], [0, 6, 1.0], [0, 7, 1.0], [0, 8, 1.0], [1, 2, 1.0], [1, 9, 1.0], [1, 10, 1.0], [2, 3, 1.0], [2, 11, 1.0], [2, 12, 1.0], [3, 4, 2.0], [3, 5, 1.0], [5, 13, 1.0]], "fix_com": true, "fix_orientation": true, "provenance": {"creator": "QCElemental", "version": "v0.22.0", "routine": "qcelemental.molparse.from_schema"}, "id": "93986"}, "charge": 0, "optimize_geometry": false, "conformers": [], "conformer_generation_options": {"n_conformer_pool": 4000, "n_max_conformers": 0, "rms_tolerance": 0.05, "energy_window": 15, "keep_original_conformer": true}, "stage_1_unrestrained_charges": null, "stage_1_restrained_charges": null, "stage_2_unrestrained_charges": null, "stage_2_restrained_charges": null, "keep_original_orientation": false, "reorientations": [], "translations": [], "rotations": []}}, {"index": 1, "molecule": {"qcmol": {"schema_name": "qcschema_molecule", "schema_version": 2, "validated": true, "symbols": ["C", "C", "C", "C", "O", "O", "H", "H", "H", "H", "H", "H", "H", "H"], "geometry": [[-0.0, 0.0, 0.0], [2.8864677182562577, -2.145213475170059e-16, -5.73096679086629e-17], [3.9678741095238155, 2.693775509982041, 1.1102230246251565e-15], [6.812561476346866, 2.7148407611971574, 0.06471181868659814], [8.078057756221057, 3.417919143448759, 1.7808767968631827], [7.822953638412129, 1.8139004144466833, -2.0601825021882187], [-0.7435457487978279, 0.9499792703939063, 1.659917029368642], [-0.7299937212320211, -1.9159831494393282, -0.005215495831236094], [-0.7411041633115434, 0.9575797883175163, -1.6572304759855387], [3.5733084205106143, -1.002051585272954, 1.6555356471568223], [3.583074228619138, -1.01117965099278, -1.6408781912838173], [3.355054331510501, 3.683571865205119, -1.689315992116243], [3.3160676367474053, 3.7351827981405186, 1.6347130416705848], [9.613771598582936, 1.8522573880280193, -1.8868955118804909]], "name": "C4H8O2", "identifiers": {"molecule_hash": "808afb147600659d99bffd5af6ce9895826b3568", "molecular_formula": "C4H8O2"}, "molecular_charge": 0.0, "molecular_multiplicity": 1, "connectivity": [[0, 1, 1.0], [0, 6, 1.0], [0, 7, 1.0], [0, 8, 1.0], [1, 2, 1.0], [1, 9, 1.0], [1, 10, 1.0], [2, 3, 1.0], [2, 11, 1.0], [2, 12, 1.0], [3, 4, 2.0], [3, 5, 1.0], [5, 13, 1.0]], "fix_com": true, "fix_orientation": true, "provenance": {"creator": "QCElemental", "version": "v0.22.0", "routine": "qcelemental.molparse.from_schema"}, "id": "93986"}, "charge": 0, "optimize_geometry": false, "conformers": [], "conformer_generation_options": {"n_conformer_pool": 4000, "n_max_conformers": 0, "rms_tolerance": 0.05, "energy_window": 15, "keep_original_conformer": true}, "stage_1_unrestrained_charges": null, "stage_1_restrained_charges": null, "stage_2_unrestrained_charges": null, "stage_2_restrained_charges": null, "keep_original_orientation": false, "reorientations": [], "translations": [], "rotations": []}}, {"index": 2, "molecule": {"qcmol": {"schema_name": "qcschema_molecule", "schema_version": 2, "validated": true, "symbols": ["C", "C", "C", "C", "O", "O", "H", "H", "H", "H", "H", "H", "H", "H"], "geometry": [[-0.0, 0.0, 0.0], [2.8864677182562577, -2.145213475170059e-16, -5.73096679086629e-17], [3.9678741095238155, 2.693775509982041, 1.1102230246251565e-15], [6.812561476346866, 2.7148407611971574, 0.06471181868659814], [8.078057756221057, 3.417919143448759, 1.7808767968631827], [7.822953638412129, 1.8139004144466833, -2.0601825021882187], [-0.7435457487978279, 0.9499792703939063, 1.659917029368642], [-0.7299937212320211, -1.9159831494393282, -0.005215495831236094], [-0.7411041633115434, 0.9575797883175163, -1.6572304759855387], [3.5733084205106143, -1.002051585272954, 1.6555356471568223], [3.583074228619138, -1.01117965099278, -1.6408781912838173], [3.355054331510501, 3.683571865205119, -1.689315992116243], [3.3160676367474053, 3.7351827981405186, 1.6347130416705848], [9.613771598582936, 1.8522573880280193, -1.8868955118804909]], "name": "C4H8O2", "identifiers": {"molecule_hash": "808afb147600659d99bffd5af6ce9895826b3568", "molecular_formula": "C4H8O2"}, "molecular_charge": 0.0, "molecular_multiplicity": 1, "connectivity": [[0, 1, 1.0], [0, 6, 1.0], [0, 7, 1.0], [0, 8, 1.0], [1, 2, 1.0], [1, 9, 1.0], [1, 10, 1.0], [2, 3, 1.0], [2, 11, 1.0], [2, 12, 1.0], [3, 4, 2.0], [3, 5, 1.0], [5, 13, 1.0]], "fix_com": true, "fix_orientation": true, "provenance": {"creator": "QCElemental", "version": "v0.22.0", "routine": "qcelemental.molparse.from_schema"}, "id": "93986"}, "charge": 0, "optimize_geometry": false, "conformers": [], "conformer_generation_options": {"n_conformer_pool": 4000, "n_max_conformers": 0, "rms_tolerance": 0.05, "energy_window": 15, "keep_original_conformer": true}, "stage_1_unrestrained_charges": null, "stage_1_restrained_charges": null, "stage_2_unrestrained_charges": null, "stage_2_restrained_charges": null, "keep_original_orientation": false, "reorientations": [], "translations": [], "rotations": []}}]}, "surface_constraints": {"matrix": [[470926737731042.56, 456482710779384.06, 439276524607240.06, 418939769166631.8, 408656323786108.44, 406386318730549.94, 473516806639577.06, 473704669262171.56, 473502411151320.6, 455163087622856.06, 454883503859339.7, 437247521496100.8, 439487323463728.8, 389298820323748.1], [456482710779384.06, 467319622453115.44, 455248675089121.5, 438705424482633.7, 427193284215961.5, 430126943658908.4, 452439102422692.94, 452684190207653.5, 452546509443540.4, 473753762269550.56, 473394227441348.5, 454470151349571.4, 454590490809626.1, 412980442943477.44], [439276524607240.06, 455248675089121.5, 467557415461980.9, 456010082133670.1, 446916025279894.5, 446922181917641.3, 434627418110899.4, 433048559057318.0, 435150636651596.75, 454595186646217.9, 454288710344600.75, 474333975142511.0, 474579195825469.06, 431949854288665.0], [418939769166631.8, 438705424482633.7, 456010082133670.1, 467564263684374.9, 468492480318480.2, 465082345053936.44, 416139158011346.3, 413030492909113.1, 410441814868553.1, 439186552244817.06, 436793176853043.3, 456263977651400.3, 456419609449394.6, 462782755798145.9], [408656323786108.44, 427193284215961.5, 446916025279894.5, 468492480318480.2, 487196206806083.6, 455253210484951.2, 407922947405272.75, 404657892235616.8, 397328385223811.7, 428197537801993.5, 422278472491795.25, 444891014619872.4, 444497272784395.3, 460344077836116.6], [406386318730549.94, 430126943658908.4, 446922181917641.3, 465082345053936.44, 455253210484951.2, 484581319303169.6, 402330392176256.5, 398582450926852.75, 398274055442772.25, 430416490413164.7, 432199178225638.6, 444357317519821.4, 445226607105906.75, 486171716730579.2], [473516806639577.06, 452439102422692.94, 434627418110899.4, 416139158011346.3, 407922947405272.75, 402330392176256.5, 495755912220577.6, 469416543422809.8, 469029068930805.2, 449623070457788.0, 447825090722816.6, 431305483049766.0, 434340740854260.6, 386411670560476.44], [473704669262171.56, 452684190207653.5, 433048559057318.0, 413030492909113.1, 404657892235616.8, 398582450926852.75, 469416543422809.8, 496211122772560.5, 469084102731079.56, 451635214477299.8, 447817589651080.56, 430513029399235.56, 431851684311206.1, 382519154315838.5], [473502411151320.6, 452546509443540.4, 435150636651596.75, 410441814868553.1, 397328385223811.7, 398274055442772.25, 469029068930805.2, 469084102731079.56, 495914587544099.44, 446224687856520.3, 451023358357729.0, 434052184629262.8, 437774924648516.0, 379500029968268.3], [455163087622856.06, 473753762269550.56, 454595186646217.9, 439186552244817.06, 428197537801993.5, 430416490413164.7, 449623070457788.0, 451635214477299.8, 446224687856520.3, 499416625291633.44, 472610238910362.3, 447136751990384.3, 453852896034983.4, 413280803621324.25], [454883503859339.7, 473394227441348.5, 454288710344600.75, 436793176853043.3, 422278472491795.25, 432199178225638.6, 447825090722816.6, 447817589651080.56, 451023358357729.0, 472610238910362.3, 498538843762230.06, 455295354920154.2, 446919129653011.56, 413451515962075.3], [437247521496100.8, 454470151349571.4, 474333975142511.0, 456263977651400.3, 444891014619872.4, 444357317519821.4, 431305483049766.0, 430513029399235.56, 434052184629262.8, 447136751990384.3, 455295354920154.2, 500173519609918.25, 473765654861422.8, 426343475503724.3], [439487323463728.8, 454590490809626.1, 474579195825469.06, 456419609449394.6, 444497272784395.3, 445226607105906.75, 434340740854260.6, 431851684311206.1, 437774924648516.0, 453852896034983.4, 446919129653011.56, 473765654861422.8, 500770570088290.7, 426936205684562.75], [389298820323748.1, 412980442943477.44, 431949854288665.0, 462782755798145.9, 460344077836116.6, 486171716730579.2, 386411670560476.44, 382519154315838.5, 379500029968268.3, 413280803621324.25, 413451515962075.3, 426343475503724.3, 426936205684562.75, 503644891702895.6], [3178730228103.6245, 2690375007391.8916, 1195533748789.0198, -2406964191329.285, -8532520030050.055, 999097454479.4968, 2694800192337.0645, 2863440029675.6396, 4395177557257.136, 2491004890198.6816, 3294666166370.582, 2122010972909.7295, 2133844475936.748, 1961585886622.3015]]}}