{"resp_b": 0.1, "restrained_fit": true, "exclude_hydrogens": true, "convergence_tolerance": 1e-06, "max_iter": 500, "resp_a": 0.0005, "charge_constraints": {"charge_sum_constraints": [], "charge_equivalence_constraints": [], "molecules": [{"qcmol": {"schema_name": "qcschema_molecule", "schema_version": 2, "validated": true, "symbols": ["C", "C", "C", "C", "O", "O", "H", "H", "H", "H", "H", "H", "H", "H"], "geometry": [[-0.0, 0.0, 0.0], [2.8864677182562577, -2.145213475170059e-16, -5.73096679086629e-17], [3.9678741095238155, 2.693775509982041, 1.1102230246251565e-15], [6.812561476346866, 2.7148407611971574, 0.06471181868659814], [8.078057756221057, 3.417919143448759, 1.7808767968631827], [7.822953638412129, 1.8139004144466833, -2.0601825021882187], [-0.7435457487978279, 0.9499792703939063, 1.659917029368642], [-0.7299937212320211, -1.9159831494393282, -0.005215495831236094], [-0.7411041633115434, 0.9575797883175163, -1.6572304759855387], [3.5733084205106143, -1.002051585272954, 1.6555356471568223], [3.583074228619138, -1.01117965099278, -1.6408781912838173], [3.355054331510501, 3.683571865205119, -1.689315992116243], [3.3160676367474053, 3.7351827981405186, 1.6347130416705848], [9.613771598582936, 1.8522573880280193, -1.8868955118804909]], "name": "C4H8O2", "identifiers": {"molecule_hash": "808afb147600659d99bffd5af6ce9895826b3568", "molecular_formula": "C4H8O2"}, "molecular_charge": 0.0, "molecular_multiplicity": 1, "connectivity": [[0, 1, 1.0], [0, 6, 1.0], [0, 7, 1.0], [0, 8, 1.0], [1, 2, 1.0], [1, 9, 1.0], [1, 10, 1.0], [2, 3, 1.0], [2, 11, 1.0], [2, 12, 1.0], [3, 4, 2.0], [3, 5, 1.0], [5, 13, 1.0]], "fix_com": true, "fix_orientation": true, "provenance": {"creator": "QCElemental", "version": "v0.22.0", "routine": "qcelemental.molparse.from_schema"}, "id": "93986"}, "charge": 0, "optimize_geometry": false, "conformers": [], "conformer_generation_options": {"n_conformer_pool": 4000, "n_max_conformers": 0, "rms_tolerance": 0.05, "energy_window": 15, "keep_original_conformer": true}, "stage_1_unrestrained_charges": null, "stage_1_restrained_charges": null, "stage_2_unrestrained_charges": null, "stage_2_restrained_charges": null, "keep_original_orientation": false, "reorientations": [], "translations": [], "rotations": []}], "unconstrained_atoms": [{"index": 0, "molecule": {"qcmol": {"schema_name": "qcschema_molecule", "schema_version": 2, "validated": true, "symbols": ["C", "C", "C", "C", "O", "O", "H", "H", "H", "H", "H", "H", "H", "H"], "geometry": [[-0.0, 0.0, 0.0], [2.8864677182562577, -2.145213475170059e-16, -5.73096679086629e-17], [3.9678741095238155, 2.693775509982041, 1.1102230246251565e-15], [6.812561476346866, 2.7148407611971574, 0.06471181868659814], [8.078057756221057, 3.417919143448759, 1.7808767968631827], [7.822953638412129, 1.8139004144466833, -2.0601825021882187], [-0.7435457487978279, 0.9499792703939063, 1.659917029368642], [-0.7299937212320211, -1.9159831494393282, -0.005215495831236094], [-0.7411041633115434, 0.9575797883175163, -1.6572304759855387], [3.5733084205106143, -1.002051585272954, 1.6555356471568223], [3.583074228619138, -1.01117965099278, -1.6408781912838173], [3.355054331510501, 3.683571865205119, -1.689315992116243], [3.3160676367474053, 3.7351827981405186, 1.6347130416705848], [9.613771598582936, 1.8522573880280193, -1.8868955118804909]], "name": "C4H8O2", "identifiers": {"molecule_hash": "808afb147600659d99bffd5af6ce9895826b3568", "molecular_formula": "C4H8O2"}, "molecular_charge": 0.0, "molecular_multiplicity": 1, "connectivity": [[0, 1, 1.0], [0, 6, 1.0], [0, 7, 1.0], [0, 8, 1.0], [1, 2, 1.0], [1, 9, 1.0], [1, 10, 1.0], [2, 3, 1.0], [2, 11, 1.0], [2, 12, 1.0], [3, 4, 2.0], [3, 5, 1.0], [5, 13, 1.0]], "fix_com": true, "fix_orientation": true, "provenance": {"creator": "QCElemental", "version": "v0.22.0", "routine": "qcelemental.molparse.from_schema"}, "id": "93986"}, "charge": 0, "optimize_geometry": false, "conformers": [], "conformer_generation_options": {"n_conformer_pool": 4000, "n_max_conformers": 0, "rms_tolerance": 0.05, "energy_window": 15, "keep_original_conformer": true}, "stage_1_unrestrained_charges": null, "stage_1_restrained_charges": null, "stage_2_unrestrained_charges": null, "stage_2_restrained_charges": null, "keep_original_orientation": false, "reorientations": [], "translations": [], "rotations": []}}, {"index": 1, "molecule": {"qcmol": {"schema_name": "qcschema_molecule", "schema_version": 2, "validated": true, "symbols": ["C", "C", "C", "C", "O", "O", "H", "H", "H", "H", "H", "H", "H", "H"], "geometry": [[-0.0, 0.0, 0.0], [2.8864677182562577, -2.145213475170059e-16, -5.73096679086629e-17], [3.9678741095238155, 2.693775509982041, 1.1102230246251565e-15], [6.812561476346866, 2.7148407611971574, 0.06471181868659814], [8.078057756221057, 3.417919143448759, 1.7808767968631827], [7.822953638412129, 1.8139004144466833, -2.0601825021882187], [-0.7435457487978279, 0.9499792703939063, 1.659917029368642], [-0.7299937212320211, -1.9159831494393282, -0.005215495831236094], [-0.7411041633115434, 0.9575797883175163, -1.6572304759855387], [3.5733084205106143, -1.002051585272954, 1.6555356471568223], [3.583074228619138, -1.01117965099278, -1.6408781912838173], [3.355054331510501, 3.683571865205119, -1.689315992116243], [3.3160676367474053, 3.7351827981405186, 1.6347130416705848], [9.613771598582936, 1.8522573880280193, -1.8868955118804909]], "name": "C4H8O2", "identifiers": {"molecule_hash": "808afb147600659d99bffd5af6ce9895826b3568", "molecular_formula": "C4H8O2"}, "molecular_charge": 0.0, "molecular_multiplicity": 1, "connectivity": [[0, 1, 1.0], [0, 6, 1.0], [0, 7, 1.0], [0, 8, 1.0], [1, 2, 1.0], [1, 9, 1.0], [1, 10, 1.0], [2, 3, 1.0], [2, 11, 1.0], [2, 12, 1.0], [3, 4, 2.0], [3, 5, 1.0], [5, 13, 1.0]], "fix_com": true, "fix_orientation": true, "provenance": {"creator": "QCElemental", "version": "v0.22.0", "routine": "qcelemental.molparse.from_schema"}, "id": "93986"}, "charge": 0, "optimize_geometry": false, "conformers": [], "conformer_generation_options": {"n_conformer_pool": 4000, "n_max_conformers": 0, "rms_tolerance": 0.05, "energy_window": 15, "keep_original_conformer": true}, "stage_1_unrestrained_charges": null, "stage_1_restrained_charges": null, "stage_2_unrestrained_charges": null, "stage_2_restrained_charges": null, "keep_original_orientation": false, "reorientations": [], "translations": [], "rotations": []}}, {"index": 2, "molecule": {"qcmol": {"schema_name": "qcschema_molecule", "schema_version": 2, "validated": true, "symbols": ["C", "C", "C", "C", "O", "O", "H", "H", "H", "H", "H", "H", "H", "H"], "geometry": [[-0.0, 0.0, 0.0], [2.8864677182562577, -2.145213475170059e-16, -5.73096679086629e-17], [3.9678741095238155, 2.693775509982041, 1.1102230246251565e-15], [6.812561476346866, 2.7148407611971574, 0.06471181868659814], [8.078057756221057, 3.417919143448759, 1.7808767968631827], [7.822953638412129, 1.8139004144466833, -2.0601825021882187], [-0.7435457487978279, 0.9499792703939063, 1.659917029368642], [-0.7299937212320211, -1.9159831494393282, -0.005215495831236094], [-0.7411041633115434, 0.9575797883175163, -1.6572304759855387], [3.5733084205106143, -1.002051585272954, 1.6555356471568223], [3.583074228619138, -1.01117965099278, -1.6408781912838173], [3.355054331510501, 3.683571865205119, -1.689315992116243], [3.3160676367474053, 3.7351827981405186, 1.6347130416705848], [9.613771598582936, 1.8522573880280193, -1.8868955118804909]], "name": "C4H8O2", "identifiers": {"molecule_hash": "808afb147600659d99bffd5af6ce9895826b3568", "molecular_formula": "C4H8O2"}, "molecular_charge": 0.0, "molecular_multiplicity": 1, "connectivity": [[0, 1, 1.0], [0, 6, 1.0], [0, 7, 1.0], [0, 8, 1.0], [1, 2, 1.0], [1, 9, 1.0], [1, 10, 1.0], [2, 3, 1.0], [2, 11, 1.0], [2, 12, 1.0], [3, 4, 2.0], [3, 5, 1.0], [5, 13, 1.0]], "fix_com": true, "fix_orientation": true, "provenance": {"creator": "QCElemental", "version": "v0.22.0", "routine": "qcelemental.molparse.from_schema"}, "id": "93986"}, "charge": 0, "optimize_geometry": false, "conformers": [], "conformer_generation_options": {"n_conformer_pool": 4000, "n_max_conformers": 0, "rms_tolerance": 0.05, "energy_window": 15, "keep_original_conformer": true}, "stage_1_unrestrained_charges": null, "stage_1_restrained_charges": null, "stage_2_unrestrained_charges": null, "stage_2_restrained_charges": null, "keep_original_orientation": false, "reorientations": [], "translations": [], "rotations": []}}]}, "surface_constraints": {"matrix": [[477428710193560.1, 463020481970955.75, 445651729768212.1, 424533308623190.0, 413360087654472.6, 411483538834089.56, 479924974956601.6, 479965252449694.56, 480259937127027.25, 461553164708774.44, 461452557247842.94, 443541208716138.6, 445718576306544.5, 393943996301469.4], [463020481970955.75, 473927555166485.94, 461877557125633.4, 444563826404072.3, 434170049722394.44, 432919374152222.3, 458756453479392.56, 458856574089038.1, 459151338692158.75, 480337321085436.56, 480264604078747.9, 461095368203904.2, 461164268179254.2, 415703484074652.44], [445651729768212.1, 461877557125633.4, 474199430349518.9, 462147723984004.3, 452149592673392.25, 452209683889370.75, 440812573367959.25, 439046710421537.44, 441535598668960.6, 461118692981620.0, 461124097745798.56, 481283183661528.06, 481485670544535.56, 436860392754676.94], [424533308623190.0, 444563826404072.3, 462147723984004.3, 473242718917807.4, 473524828471905.25, 469910137736130.0, 421551299869895.56, 418201230449115.56, 416077088989469.6, 444907753228298.44, 443103772328639.6, 462711909227186.0, 462792168731648.8, 467490377052222.06], [413360087654472.6, 434170049722394.44, 452149592673392.25, 473524828471905.25, 492186262075826.6, 459349036320012.7, 413255872302022.7, 406707962264739.8, 402036206381769.4, 435284598758483.1, 432851747426022.0, 449373925569021.0, 449213237155510.3, 465001755206344.1], [411483538834089.56, 432919374152222.3, 452209683889370.75, 469910137736130.0, 459349036320012.7, 489073519283950.06, 406463969876003.75, 406088026715736.9, 403245744339487.44, 433500963314758.1, 431634461562312.44, 451094723948333.8, 451502148356347.75, 490115800534281.0], [479924974956601.6, 458756453479392.56, 440812573367959.25, 421551299869895.56, 413255872302022.7, 406463969876003.75, 502668990070178.8, 475488717700338.7, 475457866753935.25, 455719363969236.06, 454113457149383.44, 437421636405777.25, 440291054221216.25, 390480806212370.7], [479965252449694.56, 458856574089038.1, 439046710421537.44, 418201230449115.56, 406707962264739.8, 406088026715736.9, 475488717700338.7, 502781083331886.0, 475377230458307.1, 457678385599373.56, 453816144540746.75, 436418331964224.2, 437751238296809.3, 388954112186394.1], [480259937127027.25, 459151338692158.75, 441535598668960.6, 416077088989469.6, 402036206381769.4, 403245744339487.44, 475457866753935.25, 475377230458307.1, 503651793650971.9, 452451515887316.9, 457544386957427.3, 440321221848182.44, 444052570763421.8, 384043070256691.3], [461553164708774.44, 480337321085436.56, 461118692981620.0, 444907753228298.44, 435284598758483.1, 433500963314758.1, 455719363969236.06, 457678385599373.56, 452451515887316.9, 506618021382825.9, 479316872127582.06, 453416753584300.1, 460219561281200.56, 416081301559444.6], [461452557247842.94, 480264604078747.9, 461124097745798.56, 443103772328639.6, 432851747426022.0, 431634461562312.44, 454113457149383.44, 453816144540746.75, 457544386957427.3, 479316872127582.06, 506351623017078.5, 461957319079317.75, 453333342489794.5, 413636724121766.9], [443541208716138.6, 461095368203904.2, 481283183661528.06, 462711909227186.0, 449373925569021.0, 451094723948333.8, 437421636405777.25, 436418331964224.2, 440321221848182.44, 453416753584300.1, 461957319079317.75, 508169373829180.6, 480995918954064.94, 432373036227819.7], [445718576306544.5, 461164268179254.2, 481485670544535.56, 462792168731648.8, 449213237155510.3, 451502148356347.75, 440291054221216.25, 437751238296809.3, 444052570763421.8, 460219561281200.56, 453333342489794.5, 480995918954064.94, 508697356513683.5, 432592762483819.94], [393943996301469.4, 415703484074652.44, 436860392754676.94, 467490377052222.06, 465001755206344.1, 490115800534281.0, 390480806212370.7, 388954112186394.1, 384043070256691.3, 416081301559444.6, 413636724121766.9, 432373036227819.7, 432592762483819.94, 507642696827551.2], [3039714644187.7656, 2229366808402.607, 1633494971692.2979, -2090723148690.2825, -8577277527051.995, 1735851453709.4807, 2173991314213.421, 3254965818640.788, 4364327391948.843, 1731393306775.2695, 2028916450489.0637, 2926653953883.109, 2962426951115.5234, 2346881932699.732]]}}