{"resp_b": 0.1, "restrained_fit": true, "exclude_hydrogens": true, "convergence_tolerance": 1e-06, "max_iter": 500, "resp_a": 0.0005, "charge_constraints": {"charge_sum_constraints": [], "charge_equivalence_constraints": [], "molecules": [{"qcmol": {"schema_name": "qcschema_molecule", "schema_version": 2, "validated": true, "symbols": ["C", "C", "C", "C", "O", "O", "H", "H", "H", "H", "H", "H", "H", "H"], "geometry": [[-0.0, 0.0, 0.0], [2.8864677182562577, -2.145213475170059e-16, -5.73096679086629e-17], [3.9678741095238155, 2.693775509982041, 1.1102230246251565e-15], [6.812561476346866, 2.7148407611971574, 0.06471181868659814], [8.078057756221057, 3.417919143448759, 1.7808767968631827], [7.822953638412129, 1.8139004144466833, -2.0601825021882187], [-0.7435457487978279, 0.9499792703939063, 1.659917029368642], [-0.7299937212320211, -1.9159831494393282, -0.005215495831236094], [-0.7411041633115434, 0.9575797883175163, -1.6572304759855387], [3.5733084205106143, -1.002051585272954, 1.6555356471568223], [3.583074228619138, -1.01117965099278, -1.6408781912838173], [3.355054331510501, 3.683571865205119, -1.689315992116243], [3.3160676367474053, 3.7351827981405186, 1.6347130416705848], [9.613771598582936, 1.8522573880280193, -1.8868955118804909]], "name": "C4H8O2", "identifiers": {"molecule_hash": "808afb147600659d99bffd5af6ce9895826b3568", "molecular_formula": "C4H8O2"}, "molecular_charge": 0.0, "molecular_multiplicity": 1, "connectivity": [[0, 1, 1.0], [0, 6, 1.0], [0, 7, 1.0], [0, 8, 1.0], [1, 2, 1.0], [1, 9, 1.0], [1, 10, 1.0], [2, 3, 1.0], [2, 11, 1.0], [2, 12, 1.0], [3, 4, 2.0], [3, 5, 1.0], [5, 13, 1.0]], "fix_com": true, "fix_orientation": true, "provenance": {"creator": "QCElemental", "version": "v0.22.0", "routine": "qcelemental.molparse.from_schema"}, "id": "93986"}, "charge": 0, "optimize_geometry": false, "conformers": [], "conformer_generation_options": {"n_conformer_pool": 4000, "n_max_conformers": 0, "rms_tolerance": 0.05, "energy_window": 15, "keep_original_conformer": true}, "stage_1_unrestrained_charges": null, "stage_1_restrained_charges": null, "stage_2_unrestrained_charges": null, "stage_2_restrained_charges": null, "keep_original_orientation": false, "reorientations": [], "translations": [], "rotations": []}], "unconstrained_atoms": [{"index": 0, "molecule": {"qcmol": {"schema_name": "qcschema_molecule", "schema_version": 2, "validated": true, "symbols": ["C", "C", "C", "C", "O", "O", "H", "H", "H", "H", "H", "H", "H", "H"], "geometry": [[-0.0, 0.0, 0.0], [2.8864677182562577, -2.145213475170059e-16, -5.73096679086629e-17], [3.9678741095238155, 2.693775509982041, 1.1102230246251565e-15], [6.812561476346866, 2.7148407611971574, 0.06471181868659814], [8.078057756221057, 3.417919143448759, 1.7808767968631827], [7.822953638412129, 1.8139004144466833, -2.0601825021882187], [-0.7435457487978279, 0.9499792703939063, 1.659917029368642], [-0.7299937212320211, -1.9159831494393282, -0.005215495831236094], [-0.7411041633115434, 0.9575797883175163, -1.6572304759855387], [3.5733084205106143, -1.002051585272954, 1.6555356471568223], [3.583074228619138, -1.01117965099278, -1.6408781912838173], [3.355054331510501, 3.683571865205119, -1.689315992116243], [3.3160676367474053, 3.7351827981405186, 1.6347130416705848], [9.613771598582936, 1.8522573880280193, -1.8868955118804909]], "name": "C4H8O2", "identifiers": {"molecule_hash": "808afb147600659d99bffd5af6ce9895826b3568", "molecular_formula": "C4H8O2"}, "molecular_charge": 0.0, "molecular_multiplicity": 1, "connectivity": [[0, 1, 1.0], [0, 6, 1.0], [0, 7, 1.0], [0, 8, 1.0], [1, 2, 1.0], [1, 9, 1.0], [1, 10, 1.0], [2, 3, 1.0], [2, 11, 1.0], [2, 12, 1.0], [3, 4, 2.0], [3, 5, 1.0], [5, 13, 1.0]], "fix_com": true, "fix_orientation": true, "provenance": {"creator": "QCElemental", "version": "v0.22.0", "routine": "qcelemental.molparse.from_schema"}, "id": "93986"}, "charge": 0, "optimize_geometry": false, "conformers": [], "conformer_generation_options": {"n_conformer_pool": 4000, "n_max_conformers": 0, "rms_tolerance": 0.05, "energy_window": 15, "keep_original_conformer": true}, "stage_1_unrestrained_charges": null, "stage_1_restrained_charges": null, "stage_2_unrestrained_charges": null, "stage_2_restrained_charges": null, "keep_original_orientation": false, "reorientations": [], "translations": [], "rotations": []}}, {"index": 1, "molecule": {"qcmol": {"schema_name": "qcschema_molecule", "schema_version": 2, "validated": true, "symbols": ["C", "C", "C", "C", "O", "O", "H", "H", "H", "H", "H", "H", "H", "H"], "geometry": [[-0.0, 0.0, 0.0], [2.8864677182562577, -2.145213475170059e-16, -5.73096679086629e-17], [3.9678741095238155, 2.693775509982041, 1.1102230246251565e-15], [6.812561476346866, 2.7148407611971574, 0.06471181868659814], [8.078057756221057, 3.417919143448759, 1.7808767968631827], [7.822953638412129, 1.8139004144466833, -2.0601825021882187], [-0.7435457487978279, 0.9499792703939063, 1.659917029368642], [-0.7299937212320211, -1.9159831494393282, -0.005215495831236094], [-0.7411041633115434, 0.9575797883175163, -1.6572304759855387], [3.5733084205106143, -1.002051585272954, 1.6555356471568223], [3.583074228619138, -1.01117965099278, -1.6408781912838173], [3.355054331510501, 3.683571865205119, -1.689315992116243], [3.3160676367474053, 3.7351827981405186, 1.6347130416705848], [9.613771598582936, 1.8522573880280193, -1.8868955118804909]], "name": "C4H8O2", "identifiers": {"molecule_hash": "808afb147600659d99bffd5af6ce9895826b3568", "molecular_formula": "C4H8O2"}, "molecular_charge": 0.0, "molecular_multiplicity": 1, "connectivity": [[0, 1, 1.0], [0, 6, 1.0], [0, 7, 1.0], [0, 8, 1.0], [1, 2, 1.0], [1, 9, 1.0], [1, 10, 1.0], [2, 3, 1.0], [2, 11, 1.0], [2, 12, 1.0], [3, 4, 2.0], [3, 5, 1.0], [5, 13, 1.0]], "fix_com": true, "fix_orientation": true, "provenance": {"creator": "QCElemental", "version": "v0.22.0", "routine": "qcelemental.molparse.from_schema"}, "id": "93986"}, "charge": 0, "optimize_geometry": false, "conformers": [], "conformer_generation_options": {"n_conformer_pool": 4000, "n_max_conformers": 0, "rms_tolerance": 0.05, "energy_window": 15, "keep_original_conformer": true}, "stage_1_unrestrained_charges": null, "stage_1_restrained_charges": null, "stage_2_unrestrained_charges": null, "stage_2_restrained_charges": null, "keep_original_orientation": false, "reorientations": [], "translations": [], "rotations": []}}, {"index": 2, "molecule": {"qcmol": {"schema_name": "qcschema_molecule", "schema_version": 2, "validated": true, "symbols": ["C", "C", "C", "C", "O", "O", "H", "H", "H", "H", "H", "H", "H", "H"], "geometry": [[-0.0, 0.0, 0.0], [2.8864677182562577, -2.145213475170059e-16, -5.73096679086629e-17], [3.9678741095238155, 2.693775509982041, 1.1102230246251565e-15], [6.812561476346866, 2.7148407611971574, 0.06471181868659814], [8.078057756221057, 3.417919143448759, 1.7808767968631827], [7.822953638412129, 1.8139004144466833, -2.0601825021882187], [-0.7435457487978279, 0.9499792703939063, 1.659917029368642], [-0.7299937212320211, -1.9159831494393282, -0.005215495831236094], [-0.7411041633115434, 0.9575797883175163, -1.6572304759855387], [3.5733084205106143, -1.002051585272954, 1.6555356471568223], [3.583074228619138, -1.01117965099278, -1.6408781912838173], [3.355054331510501, 3.683571865205119, -1.689315992116243], [3.3160676367474053, 3.7351827981405186, 1.6347130416705848], [9.613771598582936, 1.8522573880280193, -1.8868955118804909]], "name": "C4H8O2", "identifiers": {"molecule_hash": "808afb147600659d99bffd5af6ce9895826b3568", "molecular_formula": "C4H8O2"}, "molecular_charge": 0.0, "molecular_multiplicity": 1, "connectivity": [[0, 1, 1.0], [0, 6, 1.0], [0, 7, 1.0], [0, 8, 1.0], [1, 2, 1.0], [1, 9, 1.0], [1, 10, 1.0], [2, 3, 1.0], [2, 11, 1.0], [2, 12, 1.0], [3, 4, 2.0], [3, 5, 1.0], [5, 13, 1.0]], "fix_com": true, "fix_orientation": true, "provenance": {"creator": "QCElemental", "version": "v0.22.0", "routine": "qcelemental.molparse.from_schema"}, "id": "93986"}, "charge": 0, "optimize_geometry": false, "conformers": [], "conformer_generation_options": {"n_conformer_pool": 4000, "n_max_conformers": 0, "rms_tolerance": 0.05, "energy_window": 15, "keep_original_conformer": true}, "stage_1_unrestrained_charges": null, "stage_1_restrained_charges": null, "stage_2_unrestrained_charges": null, "stage_2_restrained_charges": null, "keep_original_orientation": false, "reorientations": [], "translations": [], "rotations": []}}]}, "surface_constraints": {"matrix": [[4483.675849075081, 4348.363999485638, 4185.248873093668, 3986.918728028771, 3881.9871116605896, 3864.364567957333, 4507.119010093357, 4507.497166220517, 4510.264708277416, 4334.584010381756, 4333.639148557861, 4165.42868983549, 4185.87691522159, 3699.6451183530958], [4348.363999485638, 4450.795666634825, 4337.630517562184, 4175.032085297434, 4077.4206154501544, 4065.6759174664467, 4308.319220353358, 4309.25941523371, 4312.027669293563, 4510.991731611554, 4510.308767801865, 4330.284728273516, 4330.93179657889, 3903.9961867460356], [4185.248873093668, 4337.630517562184, 4453.3488986869215, 4340.167697603152, 4246.272182660222, 4246.836553070065, 4139.803139146462, 4123.218477887398, 4146.593380811069, 4330.503824857849, 4330.554515937002, 4519.8745170730435, 4521.776156545325, 4102.686720293589], [3986.918728028771, 4175.032085297434, 4340.167697603152, 4444.364060847562, 4447.013346811734, 4413.066766524256, 3958.9136222035613, 3927.451504458035, 3907.50415034496, 4178.262274171018, 4161.320632702286, 4345.466101460935, 4346.219866137761, 4390.342012786183], [3881.9871116605896, 4077.4206154501544, 4246.272182660222, 4447.013346811734, 4622.268356935771, 4313.884218968089, 3881.0082475000554, 3819.514060360313, 3775.6415202156963, 4087.8880796407543, 4065.040163486289, 4220.204882252321, 4218.696441109293, 4366.9705363472], [3864.364567957333, 4065.6759174664467, 4246.836553070065, 4413.066766524256, 4313.884218968089, 4593.035807461524, 3817.2237933488495, 3813.6931079437722, 3787.0012715141347, 4071.137920459002, 4053.6099113545984, 4236.365787024211, 4240.191321968332, 4602.824128352309], [4507.119010093357, 4308.319220353358, 4139.803139146462, 3958.9136222035613, 3881.0082475000554, 3817.2237933488495, 4720.7149019556055, 4465.456646130597, 4465.167019933875, 4279.797030479036, 4264.715236112605, 4107.958273291027, 4134.906063220089, 3667.1207197246504], [4507.497166220517, 4309.25941523371, 4123.218477887398, 3927.451504458035, 3819.514060360313, 3813.6931079437722, 4465.456646130597, 4721.767338925089, 4464.409643903312, 4298.194984609807, 4261.9234992679185, 4098.534716903277, 4111.052475231236, 3652.782929937989], [4510.264708277416, 4312.027669293563, 4146.593380811069, 3907.50415034496, 3775.6415202156963, 3787.0012715141347, 4465.167019933875, 4464.409643903312, 4729.9446176456995, 4249.107382584665, 4296.936269237857, 4135.189556105703, 4170.231186844236, 3606.6628750452314], [4334.584010381756, 4510.991731611554, 4330.503824857849, 4178.262274171018, 4087.8880796407543, 4071.137920459002, 4279.797030479036, 4298.194984609807, 4249.107382584665, 4757.801711161313, 4501.408362349109, 4258.17220433544, 4322.059948253047, 3907.5446341388615], [4333.639148557861, 4510.308767801865, 4330.554515937002, 4161.320632702286, 4065.040163486289, 4053.6099113545984, 4264.715236112605, 4261.9234992679185, 4296.936269237857, 4501.408362349109, 4755.299762647398, 4338.379603677259, 4257.388800701805, 3884.587599742983], [4165.42868983549, 4330.284728273516, 4519.8745170730435, 4345.466101460935, 4220.204882252321, 4236.365787024211, 4107.958273291027, 4098.534716903277, 4135.189556105703, 4258.17220433544, 4338.379603677259, 4772.370773377024, 4517.176714670318, 4060.5447246280373], [4185.87691522159, 4330.93179657889, 4521.776156545325, 4346.219866137761, 4218.696441109293, 4240.191321968332, 4134.906063220089, 4111.052475231236, 4170.231186844236, 4322.059948253047, 4257.388800701805, 4517.176714670318, 4777.329238844526, 4062.6077241242883], [3699.6451183530958, 3903.9961867460356, 4102.686720293589, 4390.342012786183, 4366.9705363472, 4602.824128352309, 3667.1207197246504, 3652.782929937989, 3606.6628750452314, 3907.5446341388615, 3884.587599742983, 4060.5447246280373, 4062.6077241242883, 4767.424399254554], [25.069665628540402, 18.128288918271117, 12.365586023917295, -15.19460692907053, -65.79304953240037, 14.796147563845603, 19.09506200612298, 26.903127185642745, 35.034354310912754, 14.285509640815233, 16.68635321988505, 21.915568809845308, 21.490472283875317, 23.608974400732976]]}}