{"resp_b": 0.1, "restrained_fit": true, "exclude_hydrogens": true, "convergence_tolerance": 1e-06, "max_iter": 500, "resp_a": 0.0005, "charge_constraints": {"charge_sum_constraints": [], "charge_equivalence_constraints": [], "molecules": [{"qcmol": {"schema_name": "qcschema_molecule", "schema_version": 2, "validated": true, "symbols": ["C", "C", "C", "C", "O", "O", "H", "H", "H", "H", "H", "H", "H", "H"], "geometry": [[-0.0, 0.0, 0.0], [2.8864677182562577, -2.145213475170059e-16, -5.73096679086629e-17], [3.9678741095238155, 2.693775509982041, 1.1102230246251565e-15], [6.812561476346866, 2.7148407611971574, 0.06471181868659814], [8.078057756221057, 3.417919143448759, 1.7808767968631827], [7.822953638412129, 1.8139004144466833, -2.0601825021882187], [-0.7435457487978279, 0.9499792703939063, 1.659917029368642], [-0.7299937212320211, -1.9159831494393282, -0.005215495831236094], [-0.7411041633115434, 0.9575797883175163, -1.6572304759855387], [3.5733084205106143, -1.002051585272954, 1.6555356471568223], [3.583074228619138, -1.01117965099278, -1.6408781912838173], [3.355054331510501, 3.683571865205119, -1.689315992116243], [3.3160676367474053, 3.7351827981405186, 1.6347130416705848], [9.613771598582936, 1.8522573880280193, -1.8868955118804909]], "name": "C4H8O2", "identifiers": {"molecule_hash": "808afb147600659d99bffd5af6ce9895826b3568", "molecular_formula": "C4H8O2"}, "molecular_charge": 0.0, "molecular_multiplicity": 1, "connectivity": [[0, 1, 1.0], [0, 6, 1.0], [0, 7, 1.0], [0, 8, 1.0], [1, 2, 1.0], [1, 9, 1.0], [1, 10, 1.0], [2, 3, 1.0], [2, 11, 1.0], [2, 12, 1.0], [3, 4, 2.0], [3, 5, 1.0], [5, 13, 1.0]], "fix_com": true, "fix_orientation": true, "provenance": {"creator": "QCElemental", "version": "v0.22.0", "routine": "qcelemental.molparse.from_schema"}, "id": "93986"}, "charge": 0, "optimize_geometry": false, "conformers": [], "conformer_generation_options": {"n_conformer_pool": 4000, "n_max_conformers": 0, "rms_tolerance": 0.05, "energy_window": 15, "keep_original_conformer": true}, "stage_1_unrestrained_charges": null, "stage_1_restrained_charges": null, "stage_2_unrestrained_charges": null, "stage_2_restrained_charges": null, "keep_original_orientation": false, "reorientations": [], "translations": [], "rotations": []}], "unconstrained_atoms": [{"index": 0, "molecule": {"qcmol": {"schema_name": "qcschema_molecule", "schema_version": 2, "validated": true, "symbols": ["C", "C", "C", "C", "O", "O", "H", "H", "H", "H", "H", "H", "H", "H"], "geometry": [[-0.0, 0.0, 0.0], [2.8864677182562577, -2.145213475170059e-16, -5.73096679086629e-17], [3.9678741095238155, 2.693775509982041, 1.1102230246251565e-15], [6.812561476346866, 2.7148407611971574, 0.06471181868659814], [8.078057756221057, 3.417919143448759, 1.7808767968631827], [7.822953638412129, 1.8139004144466833, -2.0601825021882187], [-0.7435457487978279, 0.9499792703939063, 1.659917029368642], [-0.7299937212320211, -1.9159831494393282, -0.005215495831236094], [-0.7411041633115434, 0.9575797883175163, -1.6572304759855387], [3.5733084205106143, -1.002051585272954, 1.6555356471568223], [3.583074228619138, -1.01117965099278, -1.6408781912838173], [3.355054331510501, 3.683571865205119, -1.689315992116243], [3.3160676367474053, 3.7351827981405186, 1.6347130416705848], [9.613771598582936, 1.8522573880280193, -1.8868955118804909]], "name": "C4H8O2", "identifiers": {"molecule_hash": "808afb147600659d99bffd5af6ce9895826b3568", "molecular_formula": "C4H8O2"}, "molecular_charge": 0.0, "molecular_multiplicity": 1, "connectivity": [[0, 1, 1.0], [0, 6, 1.0], [0, 7, 1.0], [0, 8, 1.0], [1, 2, 1.0], [1, 9, 1.0], [1, 10, 1.0], [2, 3, 1.0], [2, 11, 1.0], [2, 12, 1.0], [3, 4, 2.0], [3, 5, 1.0], [5, 13, 1.0]], "fix_com": true, "fix_orientation": true, "provenance": {"creator": "QCElemental", "version": "v0.22.0", "routine": "qcelemental.molparse.from_schema"}, "id": "93986"}, "charge": 0, "optimize_geometry": false, "conformers": [], "conformer_generation_options": {"n_conformer_pool": 4000, "n_max_conformers": 0, "rms_tolerance": 0.05, "energy_window": 15, "keep_original_conformer": true}, "stage_1_unrestrained_charges": null, "stage_1_restrained_charges": null, "stage_2_unrestrained_charges": null, "stage_2_restrained_charges": null, "keep_original_orientation": false, "reorientations": [], "translations": [], "rotations": []}}, {"index": 1, "molecule": {"qcmol": {"schema_name": "qcschema_molecule", "schema_version": 2, "validated": true, "symbols": ["C", "C", "C", "C", "O", "O", "H", "H", "H", "H", "H", "H", "H", "H"], "geometry": [[-0.0, 0.0, 0.0], [2.8864677182562577, -2.145213475170059e-16, -5.73096679086629e-17], [3.9678741095238155, 2.693775509982041, 1.1102230246251565e-15], [6.812561476346866, 2.7148407611971574, 0.06471181868659814], [8.078057756221057, 3.417919143448759, 1.7808767968631827], [7.822953638412129, 1.8139004144466833, -2.0601825021882187], [-0.7435457487978279, 0.9499792703939063, 1.659917029368642], [-0.7299937212320211, -1.9159831494393282, -0.005215495831236094], [-0.7411041633115434, 0.9575797883175163, -1.6572304759855387], [3.5733084205106143, -1.002051585272954, 1.6555356471568223], [3.583074228619138, -1.01117965099278, -1.6408781912838173], [3.355054331510501, 3.683571865205119, -1.689315992116243], [3.3160676367474053, 3.7351827981405186, 1.6347130416705848], [9.613771598582936, 1.8522573880280193, -1.8868955118804909]], "name": "C4H8O2", "identifiers": {"molecule_hash": "808afb147600659d99bffd5af6ce9895826b3568", "molecular_formula": "C4H8O2"}, "molecular_charge": 0.0, "molecular_multiplicity": 1, "connectivity": [[0, 1, 1.0], [0, 6, 1.0], [0, 7, 1.0], [0, 8, 1.0], [1, 2, 1.0], [1, 9, 1.0], [1, 10, 1.0], [2, 3, 1.0], [2, 11, 1.0], [2, 12, 1.0], [3, 4, 2.0], [3, 5, 1.0], [5, 13, 1.0]], "fix_com": true, "fix_orientation": true, "provenance": {"creator": "QCElemental", "version": "v0.22.0", "routine": "qcelemental.molparse.from_schema"}, "id": "93986"}, "charge": 0, "optimize_geometry": false, "conformers": [], "conformer_generation_options": {"n_conformer_pool": 4000, "n_max_conformers": 0, "rms_tolerance": 0.05, "energy_window": 15, "keep_original_conformer": true}, "stage_1_unrestrained_charges": null, "stage_1_restrained_charges": null, "stage_2_unrestrained_charges": null, "stage_2_restrained_charges": null, "keep_original_orientation": false, "reorientations": [], "translations": [], "rotations": []}}, {"index": 2, "molecule": {"qcmol": {"schema_name": "qcschema_molecule", "schema_version": 2, "validated": true, "symbols": ["C", "C", "C", "C", "O", "O", "H", "H", "H", "H", "H", "H", "H", "H"], "geometry": [[-0.0, 0.0, 0.0], [2.8864677182562577, -2.145213475170059e-16, -5.73096679086629e-17], [3.9678741095238155, 2.693775509982041, 1.1102230246251565e-15], [6.812561476346866, 2.7148407611971574, 0.06471181868659814], [8.078057756221057, 3.417919143448759, 1.7808767968631827], [7.822953638412129, 1.8139004144466833, -2.0601825021882187], [-0.7435457487978279, 0.9499792703939063, 1.659917029368642], [-0.7299937212320211, -1.9159831494393282, -0.005215495831236094], [-0.7411041633115434, 0.9575797883175163, -1.6572304759855387], [3.5733084205106143, -1.002051585272954, 1.6555356471568223], [3.583074228619138, -1.01117965099278, -1.6408781912838173], [3.355054331510501, 3.683571865205119, -1.689315992116243], [3.3160676367474053, 3.7351827981405186, 1.6347130416705848], [9.613771598582936, 1.8522573880280193, -1.8868955118804909]], "name": "C4H8O2", "identifiers": {"molecule_hash": "808afb147600659d99bffd5af6ce9895826b3568", "molecular_formula": "C4H8O2"}, "molecular_charge": 0.0, "molecular_multiplicity": 1, "connectivity": [[0, 1, 1.0], [0, 6, 1.0], [0, 7, 1.0], [0, 8, 1.0], [1, 2, 1.0], [1, 9, 1.0], [1, 10, 1.0], [2, 3, 1.0], [2, 11, 1.0], [2, 12, 1.0], [3, 4, 2.0], [3, 5, 1.0], [5, 13, 1.0]], "fix_com": true, "fix_orientation": true, "provenance": {"creator": "QCElemental", "version": "v0.22.0", "routine": "qcelemental.molparse.from_schema"}, "id": "93986"}, "charge": 0, "optimize_geometry": false, "conformers": [], "conformer_generation_options": {"n_conformer_pool": 4000, "n_max_conformers": 0, "rms_tolerance": 0.05, "energy_window": 15, "keep_original_conformer": true}, "stage_1_unrestrained_charges": null, "stage_1_restrained_charges": null, "stage_2_unrestrained_charges": null, "stage_2_restrained_charges": null, "keep_original_orientation": false, "reorientations": [], "translations": [], "rotations": []}}]}, "surface_constraints": {"matrix": [[194989697312995.8, 188660024577473.22, 180822041632801.0, 171483952089502.47, 166255637037091.1, 165437128364520.72, 195590045648662.0, 195581992290033.1, 195814559135673.53, 187755435005381.28, 187755617088147.7, 179523364213424.56, 180458598394022.44, 157200342745653.75], [188660024577473.22, 193673078492082.1, 188077471072531.4, 180381524048628.47, 175440033153787.88, 174839002337155.2, 186359072943144.06, 186379877683087.97, 186595530278646.62, 196241155233573.44, 196245285243359.2, 187269625968396.56, 187282362874372.94, 166537778750053.44], [180822041632801.0, 188077471072531.4, 193454514714635.66, 188097240029983.94, 183190591294443.6, 183213795591643.9, 178366753516234.38, 177577948403980.53, 178720310019064.9, 187498101839633.53, 187522811118555.34, 196059414734237.7, 196123937353124.7, 175501382877736.88], [171483952089502.47, 180381524048628.47, 188097240029983.94, 193099040014923.38, 192626317654045.1, 190951389985322.28, 169902637264445.7, 168421934716211.22, 167569879273238.1, 180304894885209.2, 179544399078350.4, 187827639843328.72, 187857861279363.66, 188562499441947.78], [166255637037091.1, 175440033153787.88, 183190591294443.6, 192626317654045.1, 200448190024445.47, 185598258163857.34, 165931265777009.88, 163082541437548.9, 161179847812218.6, 175732725084182.38, 174724277977048.1, 181497265874760.44, 181426046086690.9, 186787094585344.2], [165437128364520.72, 174839002337155.2, 183213795591643.9, 190951389985322.28, 185598258163857.34, 198968536082689.0, 163024615237293.97, 162847045586368.28, 161668958295227.8, 174885389365651.72, 174096479480295.56, 182278470325284.0, 182479548523660.44, 197823802284645.03], [195590045648662.0, 186359072943144.06, 178366753516234.38, 169902637264445.7, 165931265777009.88, 163024615237293.97, 204905299345931.22, 193162464999885.6, 193280866729859.44, 184778607272607.44, 184153495694849.88, 176540118781415.62, 177778345482744.16, 155500517917854.0], [195581992290033.1, 186379877683087.97, 177577948403980.53, 168421934716211.22, 163082541437548.9, 162847045586368.28, 193162464999885.6, 204906726153518.3, 193209417444977.03, 185633139417625.03, 183974268005788.3, 176105319304339.2, 176662147234488.53, 154853456158267.16], [195814559135673.53, 186595530278646.62, 178720310019064.9, 167569879273238.1, 161179847812218.6, 161668958295227.8, 193280866729859.44, 193209417444977.03, 205467157330919.7, 183449700305071.62, 185697236771727.34, 177829591619661.88, 179430179792276.06, 152841252076489.88], [187755435005381.28, 196241155233573.44, 187498101839633.53, 180304894885209.2, 175732725084182.38, 174885389365651.72, 184778607272607.44, 185633139417625.03, 183449700305071.62, 207393525052289.16, 195625201355687.8, 183729356542560.16, 186613566517296.56, 166513857103762.38], [187755617088147.7, 196245285243359.2, 187522811118555.34, 179544399078350.4, 174724277977048.1, 174096479480295.56, 184153495694849.88, 183974268005788.3, 185697236771727.34, 195625201355687.8, 207341533210468.78, 187400053581294.06, 183692223547121.44, 165499122148333.06], [179523364213424.56, 187269625968396.56, 196059414734237.7, 187827639843328.72, 181497265874760.44, 182278470325284.0, 176540118781415.62, 176105319304339.2, 177829591619661.88, 183729356542560.16, 187400053581294.06, 207117221834686.4, 195560979864783.16, 173206628534549.56], [180458598394022.44, 187282362874372.94, 196123937353124.7, 187857861279363.66, 181426046086690.9, 182479548523660.44, 177778345482744.16, 176662147234488.53, 179430179792276.06, 186613566517296.56, 183692223547121.44, 195560979864783.16, 207293011666839.84, 173336662239233.06], [157200342745653.75, 166537778750053.44, 175501382877736.88, 188562499441947.78, 186787094585344.2, 197823802284645.03, 155500517917854.0, 154853456158267.16, 152841252076489.88, 166513857103762.38, 165499122148333.06, 173206628534549.56, 173336662239233.06, 203745921477531.53], [1187625211309.285, 796595905815.8204, 524807036149.7781, -1176292349319.103, -4089377113177.9453, 449321172774.898, 811961156423.5637, 1281959921257.3193, 1758108325830.227, 565384140738.0168, 691704075701.262, 1106403840110.6816, 1119129685657.802, 724907551281.624]]}}