{"resp_b": 0.1, "restrained_fit": true, "exclude_hydrogens": true, "convergence_tolerance": 1e-06, "max_iter": 500, "resp_a": 0.0005, "charge_constraints": {"charge_sum_constraints": [], "charge_equivalence_constraints": [], "molecules": [{"qcmol": {"schema_name": "qcschema_molecule", "schema_version": 2, "validated": true, "symbols": ["C", "C", "C", "C", "O", "O", "H", "H", "H", "H", "H", "H", "H", "H"], "geometry": [[-0.0, 0.0, 0.0], [2.8864677182562577, -2.145213475170059e-16, -5.73096679086629e-17], [3.9678741095238155, 2.693775509982041, 1.1102230246251565e-15], [6.812561476346866, 2.7148407611971574, 0.06471181868659814], [8.078057756221057, 3.417919143448759, 1.7808767968631827], [7.822953638412129, 1.8139004144466833, -2.0601825021882187], [-0.7435457487978279, 0.9499792703939063, 1.659917029368642], [-0.7299937212320211, -1.9159831494393282, -0.005215495831236094], [-0.7411041633115434, 0.9575797883175163, -1.6572304759855387], [3.5733084205106143, -1.002051585272954, 1.6555356471568223], [3.583074228619138, -1.01117965099278, -1.6408781912838173], [3.355054331510501, 3.683571865205119, -1.689315992116243], [3.3160676367474053, 3.7351827981405186, 1.6347130416705848], [9.613771598582936, 1.8522573880280193, -1.8868955118804909]], "name": "C4H8O2", "identifiers": {"molecule_hash": "808afb147600659d99bffd5af6ce9895826b3568", "molecular_formula": "C4H8O2"}, "molecular_charge": 0.0, "molecular_multiplicity": 1, "connectivity": [[0, 1, 1.0], [0, 6, 1.0], [0, 7, 1.0], [0, 8, 1.0], [1, 2, 1.0], [1, 9, 1.0], [1, 10, 1.0], [2, 3, 1.0], [2, 11, 1.0], [2, 12, 1.0], [3, 4, 2.0], [3, 5, 1.0], [5, 13, 1.0]], "fix_com": true, "fix_orientation": true, "provenance": {"creator": "QCElemental", "version": "v0.22.0", "routine": "qcelemental.molparse.from_schema"}, "id": "93986"}, "charge": 0, "optimize_geometry": false, "conformers": [], "conformer_generation_options": {"n_conformer_pool": 4000, "n_max_conformers": 0, "rms_tolerance": 0.05, "energy_window": 15, "keep_original_conformer": true}, "stage_1_unrestrained_charges": null, "stage_1_restrained_charges": null, "stage_2_unrestrained_charges": null, "stage_2_restrained_charges": null, "keep_original_orientation": false, "reorientations": [], "translations": [], "rotations": []}], "unconstrained_atoms": [{"index": 0, "molecule": {"qcmol": {"schema_name": "qcschema_molecule", "schema_version": 2, "validated": true, "symbols": ["C", "C", "C", "C", "O", "O", "H", "H", "H", "H", "H", "H", "H", "H"], "geometry": [[-0.0, 0.0, 0.0], [2.8864677182562577, -2.145213475170059e-16, -5.73096679086629e-17], [3.9678741095238155, 2.693775509982041, 1.1102230246251565e-15], [6.812561476346866, 2.7148407611971574, 0.06471181868659814], [8.078057756221057, 3.417919143448759, 1.7808767968631827], [7.822953638412129, 1.8139004144466833, -2.0601825021882187], [-0.7435457487978279, 0.9499792703939063, 1.659917029368642], [-0.7299937212320211, -1.9159831494393282, -0.005215495831236094], [-0.7411041633115434, 0.9575797883175163, -1.6572304759855387], [3.5733084205106143, -1.002051585272954, 1.6555356471568223], [3.583074228619138, -1.01117965099278, -1.6408781912838173], [3.355054331510501, 3.683571865205119, -1.689315992116243], [3.3160676367474053, 3.7351827981405186, 1.6347130416705848], [9.613771598582936, 1.8522573880280193, -1.8868955118804909]], "name": "C4H8O2", "identifiers": {"molecule_hash": "808afb147600659d99bffd5af6ce9895826b3568", "molecular_formula": "C4H8O2"}, "molecular_charge": 0.0, "molecular_multiplicity": 1, "connectivity": [[0, 1, 1.0], [0, 6, 1.0], [0, 7, 1.0], [0, 8, 1.0], [1, 2, 1.0], [1, 9, 1.0], [1, 10, 1.0], [2, 3, 1.0], [2, 11, 1.0], [2, 12, 1.0], [3, 4, 2.0], [3, 5, 1.0], [5, 13, 1.0]], "fix_com": true, "fix_orientation": true, "provenance": {"creator": "QCElemental", "version": "v0.22.0", "routine": "qcelemental.molparse.from_schema"}, "id": "93986"}, "charge": 0, "optimize_geometry": false, "conformers": [], "conformer_generation_options": {"n_conformer_pool": 4000, "n_max_conformers": 0, "rms_tolerance": 0.05, "energy_window": 15, "keep_original_conformer": true}, "stage_1_unrestrained_charges": null, "stage_1_restrained_charges": null, "stage_2_unrestrained_charges": null, "stage_2_restrained_charges": null, "keep_original_orientation": false, "reorientations": [], "translations": [], "rotations": []}}, {"index": 1, "molecule": {"qcmol": {"schema_name": "qcschema_molecule", "schema_version": 2, "validated": true, "symbols": ["C", "C", "C", "C", "O", "O", "H", "H", "H", "H", "H", "H", "H", "H"], "geometry": [[-0.0, 0.0, 0.0], [2.8864677182562577, -2.145213475170059e-16, -5.73096679086629e-17], [3.9678741095238155, 2.693775509982041, 1.1102230246251565e-15], [6.812561476346866, 2.7148407611971574, 0.06471181868659814], [8.078057756221057, 3.417919143448759, 1.7808767968631827], [7.822953638412129, 1.8139004144466833, -2.0601825021882187], [-0.7435457487978279, 0.9499792703939063, 1.659917029368642], [-0.7299937212320211, -1.9159831494393282, -0.005215495831236094], [-0.7411041633115434, 0.9575797883175163, -1.6572304759855387], [3.5733084205106143, -1.002051585272954, 1.6555356471568223], [3.583074228619138, -1.01117965099278, -1.6408781912838173], [3.355054331510501, 3.683571865205119, -1.689315992116243], [3.3160676367474053, 3.7351827981405186, 1.6347130416705848], [9.613771598582936, 1.8522573880280193, -1.8868955118804909]], "name": "C4H8O2", "identifiers": {"molecule_hash": "808afb147600659d99bffd5af6ce9895826b3568", "molecular_formula": "C4H8O2"}, "molecular_charge": 0.0, "molecular_multiplicity": 1, "connectivity": [[0, 1, 1.0], [0, 6, 1.0], [0, 7, 1.0], [0, 8, 1.0], [1, 2, 1.0], [1, 9, 1.0], [1, 10, 1.0], [2, 3, 1.0], [2, 11, 1.0], [2, 12, 1.0], [3, 4, 2.0], [3, 5, 1.0], [5, 13, 1.0]], "fix_com": true, "fix_orientation": true, "provenance": {"creator": "QCElemental", "version": "v0.22.0", "routine": "qcelemental.molparse.from_schema"}, "id": "93986"}, "charge": 0, "optimize_geometry": false, "conformers": [], "conformer_generation_options": {"n_conformer_pool": 4000, "n_max_conformers": 0, "rms_tolerance": 0.05, "energy_window": 15, "keep_original_conformer": true}, "stage_1_unrestrained_charges": null, "stage_1_restrained_charges": null, "stage_2_unrestrained_charges": null, "stage_2_restrained_charges": null, "keep_original_orientation": false, "reorientations": [], "translations": [], "rotations": []}}, {"index": 2, "molecule": {"qcmol": {"schema_name": "qcschema_molecule", "schema_version": 2, "validated": true, "symbols": ["C", "C", "C", "C", "O", "O", "H", "H", "H", "H", "H", "H", "H", "H"], "geometry": [[-0.0, 0.0, 0.0], [2.8864677182562577, -2.145213475170059e-16, -5.73096679086629e-17], [3.9678741095238155, 2.693775509982041, 1.1102230246251565e-15], [6.812561476346866, 2.7148407611971574, 0.06471181868659814], [8.078057756221057, 3.417919143448759, 1.7808767968631827], [7.822953638412129, 1.8139004144466833, -2.0601825021882187], [-0.7435457487978279, 0.9499792703939063, 1.659917029368642], [-0.7299937212320211, -1.9159831494393282, -0.005215495831236094], [-0.7411041633115434, 0.9575797883175163, -1.6572304759855387], [3.5733084205106143, -1.002051585272954, 1.6555356471568223], [3.583074228619138, -1.01117965099278, -1.6408781912838173], [3.355054331510501, 3.683571865205119, -1.689315992116243], [3.3160676367474053, 3.7351827981405186, 1.6347130416705848], [9.613771598582936, 1.8522573880280193, -1.8868955118804909]], "name": "C4H8O2", "identifiers": {"molecule_hash": "808afb147600659d99bffd5af6ce9895826b3568", "molecular_formula": "C4H8O2"}, "molecular_charge": 0.0, "molecular_multiplicity": 1, "connectivity": [[0, 1, 1.0], [0, 6, 1.0], [0, 7, 1.0], [0, 8, 1.0], [1, 2, 1.0], [1, 9, 1.0], [1, 10, 1.0], [2, 3, 1.0], [2, 11, 1.0], [2, 12, 1.0], [3, 4, 2.0], [3, 5, 1.0], [5, 13, 1.0]], "fix_com": true, "fix_orientation": true, "provenance": {"creator": "QCElemental", "version": "v0.22.0", "routine": "qcelemental.molparse.from_schema"}, "id": "93986"}, "charge": 0, "optimize_geometry": false, "conformers": [], "conformer_generation_options": {"n_conformer_pool": 4000, "n_max_conformers": 0, "rms_tolerance": 0.05, "energy_window": 15, "keep_original_conformer": true}, "stage_1_unrestrained_charges": null, "stage_1_restrained_charges": null, "stage_2_unrestrained_charges": null, "stage_2_restrained_charges": null, "keep_original_orientation": false, "reorientations": [], "translations": [], "rotations": []}}]}, "surface_constraints": {"matrix": [[477411051230960.9, 463003369750764.8, 445635261846445.7, 424517546551470.4, 413344729478052.7, 411468213224817.3, 479907219799745.4, 479947490531992.75, 480242169472212.9, 461536109285050.44, 461435503101380.06, 443524836046929.94, 445702151831644.4, 393929292008541.5], [463003369750764.8, 473910048055907.8, 461860494153175.2, 444547404824744.9, 434154024655919.7, 432903353269674.3, 458739495013862.8, 458839610124098.2, 459134364350407.6, 480319580536486.06, 480246860604523.4, 461078331571936.4, 461147229544532.7, 415688095691130.1], [445635261846445.7, 461860494153175.2, 474181908871469.5, 462130645405000.8, 452132872929529.4, 452192972953071.25, 440796295414155.75, 439030420690156.75, 441519324517206.06, 461101661222323.4, 461107058861784.2, 481265396411547.0, 481467879604086.3, 436844237914059.94], [424517546551470.4, 444547404824744.9, 462130645405000.8, 473225223597034.25, 473507311839475.7, 469892763855992.25, 421535639582225.7, 418185604340504.6, 416061678337224.5, 444891344505756.75, 443087447190511.1, 462694805321406.7, 462775065093229.8, 467473081336019.0], [413344729478052.7, 434154024655919.7, 452132872929529.4, 473507311839475.7, 492168046021369.1, 459332042533683.7, 413240522160862.06, 406692732391898.2, 402021299599266.7, 435268592702536.3, 432835814636484.44, 449357265321640.25, 449196641976859.6, 464984543405675.25], [411468213224817.3, 432903353269674.3, 452192972953071.25, 469892763855992.25, 459332042533683.7, 489055433390361.3, 406448793474537.7, 406072810713683.1, 403230771146097.9, 433484903599752.56, 431618567115145.4, 451078097741889.9, 451485444661805.25, 490097663719334.2], [479907219799745.4, 458739495013862.8, 440796295414155.75, 421535639582225.7, 413240522160862.06, 406448793474537.7, 502650393005642.56, 475471114147234.25, 475440274084374.1, 455702517330726.6, 454096661392852.3, 437405502171821.75, 440274866110555.6, 390466195204317.9], [479947490531992.75, 458839610124098.2, 439030420690156.75, 418185604340504.6, 406692732391898.2, 406072810713683.1, 475471114147234.25, 502762468093631.6, 475359633234006.3, 457661509692268.94, 453799377267004.6, 436402138286376.7, 437735046392472.0, 388939486014980.56], [480242169472212.9, 459134364350407.6, 441519324517206.06, 416061678337224.5, 402021299599266.7, 403230771146097.9, 475440274084374.1, 475359633234006.3, 503633160358970.1, 452434751947606.06, 457527472966555.2, 440305041853883.0, 444036254345376.3, 384028779476677.06], [461536109285050.44, 480319580536486.06, 461101661222323.4, 444891344505756.75, 435268592702536.3, 433484903599752.56, 455702517330726.6, 457661509692268.94, 452434751947606.06, 506599315008550.0, 479299166477525.9, 453399988620055.9, 460202554769961.9, 416065901404062.75], [461435503101380.06, 480246860604523.4, 461107058861784.2, 443087447190511.1, 432835814636484.44, 431618567115145.4, 454096661392852.3, 453799377267004.6, 457527472966555.2, 479299166477525.9, 506332914924385.9, 461940246672214.3, 453316552545344.6, 413621498935195.1], [443524836046929.94, 461078331571936.4, 481265396411547.0, 462694805321406.7, 449357265321640.25, 451078097741889.9, 437405502171821.75, 436402138286376.7, 440305041853883.0, 453399988620055.9, 461940246672214.3, 508150590416607.2, 480978142266103.6, 432357079176794.44], [445702151831644.4, 461147229544532.7, 481467879604086.3, 462775065093229.8, 449196641976859.6, 451485444661805.25, 440274866110555.6, 437735046392472.0, 444036254345376.3, 460202554769961.9, 453316552545344.6, 480978142266103.6, 508678560425356.9, 432576751788194.75], [393929292008541.5, 415688095691130.1, 436844237914059.94, 467473081336019.0, 464984543405675.25, 490097663719334.2, 390466195204317.9, 388939486014980.56, 384028779476677.06, 416065901404062.75, 413621498935195.1, 432357079176794.44, 432576751788194.75, 507623901820969.8], [2669344731415.5996, 1930243230646.3457, 1316657209793.381, -1617885246182.8247, -7005484361780.454, 1575456559671.9675, 2033178630704.9253, 2864568961414.221, 3730363707978.1914, 1521069378902.3105, 1776704031559.4973, 2333521366638.5713, 2288259170074.5273, 2513825857489.0146]]}}