{"resp_b": 0.1, "restrained_fit": true, "exclude_hydrogens": true, "convergence_tolerance": 1e-06, "max_iter": 500, "resp_a": 0.0005, "charge_constraints": {"charge_sum_constraints": [], "charge_equivalence_constraints": [], "molecules": [{"qcmol": {"schema_name": "qcschema_molecule", "schema_version": 2, "validated": true, "symbols": ["C", "C", "C", "C", "N", "C", "C", "C", "C", "H", "H", "H", "H", "H", "H", "H", "H", "H", "H", "H", "H", "H", "H", "H", "H", "H", "H", "H"], "geometry": [[0.0, -0.0, 0.0], [2.890350054374074, 2.710256784461999e-16, -1.0823429205546116e-15], [4.086854581353856, 2.638367998181124, 2.7755575615628914e-16], [3.6384576427118307, 4.3033131802983675, 2.3340508147678607], [4.709462218638871, 3.408199762853237, 4.701754282314042], [3.0980268459003475, 1.9690574909931111, 6.3872217561551485], [4.427615027751871, 1.4156948687361932, 8.893028958926045], [5.315541602621724, 3.739106363020058, 10.376341572170311], [3.1848745017952735, 5.511230127896667, 11.193541682750972], [-0.7349920484747366, 1.0546629071579332, -1.6014274666834667], [-0.7289815895198362, -1.9134465441112374, -0.12783191663064544], [-0.7712862469947595, 0.8381448227047825, 1.7045454671816795], [3.545237138773738, -0.9934643751272141, -1.6752751044529632], [3.5823026381097196, -1.0828642504936532, 1.600435840200305], [3.4153907992617007, 3.6722307948378914, -1.6480778404811656], [6.1195973616684824, 2.4374502428815408, -0.25534693235523964], [1.632613985360998, 4.615661300154743, 2.6183445354432973], [4.444150899204892, 6.148302378101775, 1.9233205073375488], [6.349728979000114, 2.512151397037726, 4.407650901299479], [2.4619857117040276, 0.17637076573552046, 5.589241981366952], [1.4067281322104854, 3.075419495613728, 6.731227717087038], [3.149800411214587, 0.303950205205765, 10.060487418267545], [6.051758656545948, 0.206065001445082, 8.522337123460476], [6.314713440659741, 3.083208876806814, 12.04875155351209], [6.671231063626539, 4.7868459721190835, 9.253034405453137], [1.746112187579354, 4.507827300987442, 12.263577351953408], [3.9092445232132627, 7.015904646410916, 12.385765752535118], [2.275949234598621, 6.390835249960665, 9.580758773413862]], "name": "C8H19N", "identifiers": {"molecule_hash": "bb1431ee958ca08e6c789a18e69f341b8dd09801", "molecular_formula": "C8H19N"}, "molecular_charge": 0.0, "molecular_multiplicity": 1, "connectivity": [[0, 1, 1.0], [0, 9, 1.0], [0, 10, 1.0], [0, 11, 1.0], [1, 2, 1.0], [1, 12, 1.0], [1, 13, 1.0], [2, 3, 1.0], [2, 14, 1.0], [2, 15, 1.0], [3, 4, 1.0], [3, 16, 1.0], [3, 17, 1.0], [4, 5, 1.0], [4, 18, 1.0], [5, 6, 1.0], [5, 19, 1.0], [5, 20, 1.0], [6, 7, 1.0], [6, 21, 1.0], [6, 22, 1.0], [7, 8, 1.0], [7, 23, 1.0], [7, 24, 1.0], [8, 25, 1.0], [8, 26, 1.0], [8, 27, 1.0]], "fix_com": true, "fix_orientation": true, "provenance": {"creator": "QCElemental", "version": "v0.22.0", "routine": "qcelemental.molparse.from_schema"}, "id": "100665"}, "charge": 0, "optimize_geometry": false, "conformers": [], "conformer_generation_options": {"n_conformer_pool": 4000, "n_max_conformers": 0, "rms_tolerance": 0.05, "energy_window": 15, "keep_original_conformer": true}, "stage_1_unrestrained_charges": null, "stage_1_restrained_charges": null, "stage_2_unrestrained_charges": null, "stage_2_restrained_charges": null, "keep_original_orientation": false, "reorientations": [], "translations": [], "rotations": []}], "unconstrained_atoms": [{"index": 0, "molecule": {"qcmol": {"schema_name": "qcschema_molecule", "schema_version": 2, "validated": true, "symbols": ["C", "C", "C", "C", "N", "C", "C", "C", "C", "H", "H", "H", "H", "H", "H", "H", "H", "H", "H", "H", "H", "H", "H", "H", "H", "H", "H", "H"], "geometry": [[0.0, -0.0, 0.0], [2.890350054374074, 2.710256784461999e-16, -1.0823429205546116e-15], [4.086854581353856, 2.638367998181124, 2.7755575615628914e-16], [3.6384576427118307, 4.3033131802983675, 2.3340508147678607], [4.709462218638871, 3.408199762853237, 4.701754282314042], [3.0980268459003475, 1.9690574909931111, 6.3872217561551485], [4.427615027751871, 1.4156948687361932, 8.893028958926045], [5.315541602621724, 3.739106363020058, 10.376341572170311], [3.1848745017952735, 5.511230127896667, 11.193541682750972], [-0.7349920484747366, 1.0546629071579332, -1.6014274666834667], [-0.7289815895198362, -1.9134465441112374, -0.12783191663064544], [-0.7712862469947595, 0.8381448227047825, 1.7045454671816795], [3.545237138773738, -0.9934643751272141, -1.6752751044529632], [3.5823026381097196, -1.0828642504936532, 1.600435840200305], [3.4153907992617007, 3.6722307948378914, -1.6480778404811656], [6.1195973616684824, 2.4374502428815408, -0.25534693235523964], [1.632613985360998, 4.615661300154743, 2.6183445354432973], [4.444150899204892, 6.148302378101775, 1.9233205073375488], [6.349728979000114, 2.512151397037726, 4.407650901299479], [2.4619857117040276, 0.17637076573552046, 5.589241981366952], [1.4067281322104854, 3.075419495613728, 6.731227717087038], [3.149800411214587, 0.303950205205765, 10.060487418267545], [6.051758656545948, 0.206065001445082, 8.522337123460476], [6.314713440659741, 3.083208876806814, 12.04875155351209], [6.671231063626539, 4.7868459721190835, 9.253034405453137], [1.746112187579354, 4.507827300987442, 12.263577351953408], [3.9092445232132627, 7.015904646410916, 12.385765752535118], [2.275949234598621, 6.390835249960665, 9.580758773413862]], "name": "C8H19N", "identifiers": {"molecule_hash": "bb1431ee958ca08e6c789a18e69f341b8dd09801", "molecular_formula": "C8H19N"}, "molecular_charge": 0.0, "molecular_multiplicity": 1, "connectivity": [[0, 1, 1.0], [0, 9, 1.0], [0, 10, 1.0], [0, 11, 1.0], [1, 2, 1.0], [1, 12, 1.0], [1, 13, 1.0], [2, 3, 1.0], [2, 14, 1.0], [2, 15, 1.0], [3, 4, 1.0], [3, 16, 1.0], [3, 17, 1.0], [4, 5, 1.0], [4, 18, 1.0], [5, 6, 1.0], [5, 19, 1.0], [5, 20, 1.0], [6, 7, 1.0], [6, 21, 1.0], [6, 22, 1.0], [7, 8, 1.0], [7, 23, 1.0], [7, 24, 1.0], [8, 25, 1.0], [8, 26, 1.0], [8, 27, 1.0]], "fix_com": true, "fix_orientation": true, "provenance": {"creator": "QCElemental", "version": "v0.22.0", "routine": "qcelemental.molparse.from_schema"}, "id": "100665"}, "charge": 0, "optimize_geometry": false, "conformers": [], "conformer_generation_options": {"n_conformer_pool": 4000, "n_max_conformers": 0, "rms_tolerance": 0.05, "energy_window": 15, "keep_original_conformer": true}, "stage_1_unrestrained_charges": null, "stage_1_restrained_charges": null, "stage_2_unrestrained_charges": null, "stage_2_restrained_charges": null, "keep_original_orientation": false, "reorientations": [], "translations": [], "rotations": []}}, {"index": 1, "molecule": {"qcmol": {"schema_name": "qcschema_molecule", "schema_version": 2, "validated": true, "symbols": ["C", "C", "C", "C", "N", "C", "C", "C", "C", "H", "H", "H", "H", "H", "H", "H", "H", "H", "H", "H", "H", "H", "H", "H", "H", "H", "H", "H"], "geometry": [[0.0, -0.0, 0.0], [2.890350054374074, 2.710256784461999e-16, -1.0823429205546116e-15], [4.086854581353856, 2.638367998181124, 2.7755575615628914e-16], [3.6384576427118307, 4.3033131802983675, 2.3340508147678607], [4.709462218638871, 3.408199762853237, 4.701754282314042], [3.0980268459003475, 1.9690574909931111, 6.3872217561551485], [4.427615027751871, 1.4156948687361932, 8.893028958926045], [5.315541602621724, 3.739106363020058, 10.376341572170311], [3.1848745017952735, 5.511230127896667, 11.193541682750972], [-0.7349920484747366, 1.0546629071579332, -1.6014274666834667], [-0.7289815895198362, -1.9134465441112374, -0.12783191663064544], [-0.7712862469947595, 0.8381448227047825, 1.7045454671816795], [3.545237138773738, -0.9934643751272141, -1.6752751044529632], [3.5823026381097196, -1.0828642504936532, 1.600435840200305], [3.4153907992617007, 3.6722307948378914, -1.6480778404811656], [6.1195973616684824, 2.4374502428815408, -0.25534693235523964], [1.632613985360998, 4.615661300154743, 2.6183445354432973], [4.444150899204892, 6.148302378101775, 1.9233205073375488], [6.349728979000114, 2.512151397037726, 4.407650901299479], [2.4619857117040276, 0.17637076573552046, 5.589241981366952], [1.4067281322104854, 3.075419495613728, 6.731227717087038], [3.149800411214587, 0.303950205205765, 10.060487418267545], [6.051758656545948, 0.206065001445082, 8.522337123460476], [6.314713440659741, 3.083208876806814, 12.04875155351209], [6.671231063626539, 4.7868459721190835, 9.253034405453137], [1.746112187579354, 4.507827300987442, 12.263577351953408], [3.9092445232132627, 7.015904646410916, 12.385765752535118], [2.275949234598621, 6.390835249960665, 9.580758773413862]], "name": "C8H19N", "identifiers": {"molecule_hash": "bb1431ee958ca08e6c789a18e69f341b8dd09801", "molecular_formula": "C8H19N"}, "molecular_charge": 0.0, "molecular_multiplicity": 1, "connectivity": [[0, 1, 1.0], [0, 9, 1.0], [0, 10, 1.0], [0, 11, 1.0], [1, 2, 1.0], [1, 12, 1.0], [1, 13, 1.0], [2, 3, 1.0], [2, 14, 1.0], [2, 15, 1.0], [3, 4, 1.0], [3, 16, 1.0], [3, 17, 1.0], [4, 5, 1.0], [4, 18, 1.0], [5, 6, 1.0], [5, 19, 1.0], [5, 20, 1.0], [6, 7, 1.0], [6, 21, 1.0], [6, 22, 1.0], [7, 8, 1.0], [7, 23, 1.0], [7, 24, 1.0], [8, 25, 1.0], [8, 26, 1.0], [8, 27, 1.0]], "fix_com": true, "fix_orientation": true, "provenance": {"creator": "QCElemental", "version": "v0.22.0", "routine": "qcelemental.molparse.from_schema"}, "id": "100665"}, "charge": 0, "optimize_geometry": false, "conformers": [], "conformer_generation_options": {"n_conformer_pool": 4000, "n_max_conformers": 0, "rms_tolerance": 0.05, "energy_window": 15, "keep_original_conformer": true}, "stage_1_unrestrained_charges": null, "stage_1_restrained_charges": null, "stage_2_unrestrained_charges": null, "stage_2_restrained_charges": null, "keep_original_orientation": false, "reorientations": [], "translations": [], "rotations": []}}, {"index": 2, "molecule": {"qcmol": {"schema_name": "qcschema_molecule", "schema_version": 2, "validated": true, "symbols": ["C", "C", "C", "C", "N", "C", "C", "C", "C", "H", "H", "H", "H", "H", "H", "H", "H", "H", "H", "H", "H", "H", "H", "H", "H", "H", "H", "H"], "geometry": [[0.0, -0.0, 0.0], [2.890350054374074, 2.710256784461999e-16, -1.0823429205546116e-15], [4.086854581353856, 2.638367998181124, 2.7755575615628914e-16], [3.6384576427118307, 4.3033131802983675, 2.3340508147678607], [4.709462218638871, 3.408199762853237, 4.701754282314042], [3.0980268459003475, 1.9690574909931111, 6.3872217561551485], [4.427615027751871, 1.4156948687361932, 8.893028958926045], [5.315541602621724, 3.739106363020058, 10.376341572170311], [3.1848745017952735, 5.511230127896667, 11.193541682750972], [-0.7349920484747366, 1.0546629071579332, -1.6014274666834667], [-0.7289815895198362, -1.9134465441112374, -0.12783191663064544], [-0.7712862469947595, 0.8381448227047825, 1.7045454671816795], [3.545237138773738, -0.9934643751272141, -1.6752751044529632], [3.5823026381097196, -1.0828642504936532, 1.600435840200305], [3.4153907992617007, 3.6722307948378914, -1.6480778404811656], [6.1195973616684824, 2.4374502428815408, -0.25534693235523964], [1.632613985360998, 4.615661300154743, 2.6183445354432973], [4.444150899204892, 6.148302378101775, 1.9233205073375488], [6.349728979000114, 2.512151397037726, 4.407650901299479], [2.4619857117040276, 0.17637076573552046, 5.589241981366952], [1.4067281322104854, 3.075419495613728, 6.731227717087038], [3.149800411214587, 0.303950205205765, 10.060487418267545], [6.051758656545948, 0.206065001445082, 8.522337123460476], [6.314713440659741, 3.083208876806814, 12.04875155351209], [6.671231063626539, 4.7868459721190835, 9.253034405453137], [1.746112187579354, 4.507827300987442, 12.263577351953408], [3.9092445232132627, 7.015904646410916, 12.385765752535118], [2.275949234598621, 6.390835249960665, 9.580758773413862]], "name": "C8H19N", "identifiers": {"molecule_hash": "bb1431ee958ca08e6c789a18e69f341b8dd09801", "molecular_formula": "C8H19N"}, "molecular_charge": 0.0, "molecular_multiplicity": 1, "connectivity": [[0, 1, 1.0], [0, 9, 1.0], [0, 10, 1.0], [0, 11, 1.0], [1, 2, 1.0], [1, 12, 1.0], [1, 13, 1.0], [2, 3, 1.0], [2, 14, 1.0], [2, 15, 1.0], [3, 4, 1.0], [3, 16, 1.0], [3, 17, 1.0], [4, 5, 1.0], [4, 18, 1.0], [5, 6, 1.0], [5, 19, 1.0], [5, 20, 1.0], [6, 7, 1.0], [6, 21, 1.0], [6, 22, 1.0], [7, 8, 1.0], [7, 23, 1.0], [7, 24, 1.0], [8, 25, 1.0], [8, 26, 1.0], [8, 27, 1.0]], "fix_com": true, "fix_orientation": true, "provenance": {"creator": "QCElemental", "version": "v0.22.0", "routine": "qcelemental.molparse.from_schema"}, "id": "100665"}, "charge": 0, "optimize_geometry": false, "conformers": [], "conformer_generation_options": {"n_conformer_pool": 4000, "n_max_conformers": 0, "rms_tolerance": 0.05, "energy_window": 15, "keep_original_conformer": true}, "stage_1_unrestrained_charges": null, "stage_1_restrained_charges": null, "stage_2_unrestrained_charges": null, "stage_2_restrained_charges": null, "keep_original_orientation": false, "reorientations": [], "translations": [], "rotations": []}}, {"index": 3, "molecule": {"qcmol": {"schema_name": "qcschema_molecule", "schema_version": 2, "validated": true, "symbols": ["C", "C", "C", "C", "N", "C", "C", "C", "C", "H", "H", "H", "H", "H", "H", "H", "H", "H", "H", "H", "H", "H", "H", "H", "H", "H", "H", "H"], "geometry": [[0.0, -0.0, 0.0], [2.890350054374074, 2.710256784461999e-16, -1.0823429205546116e-15], [4.086854581353856, 2.638367998181124, 2.7755575615628914e-16], [3.6384576427118307, 4.3033131802983675, 2.3340508147678607], [4.709462218638871, 3.408199762853237, 4.701754282314042], [3.0980268459003475, 1.9690574909931111, 6.3872217561551485], [4.427615027751871, 1.4156948687361932, 8.893028958926045], [5.315541602621724, 3.739106363020058, 10.376341572170311], [3.1848745017952735, 5.511230127896667, 11.193541682750972], [-0.7349920484747366, 1.0546629071579332, -1.6014274666834667], [-0.7289815895198362, -1.9134465441112374, -0.12783191663064544], [-0.7712862469947595, 0.8381448227047825, 1.7045454671816795], [3.545237138773738, -0.9934643751272141, -1.6752751044529632], [3.5823026381097196, -1.0828642504936532, 1.600435840200305], [3.4153907992617007, 3.6722307948378914, -1.6480778404811656], [6.1195973616684824, 2.4374502428815408, -0.25534693235523964], [1.632613985360998, 4.615661300154743, 2.6183445354432973], [4.444150899204892, 6.148302378101775, 1.9233205073375488], [6.349728979000114, 2.512151397037726, 4.407650901299479], [2.4619857117040276, 0.17637076573552046, 5.589241981366952], [1.4067281322104854, 3.075419495613728, 6.731227717087038], [3.149800411214587, 0.303950205205765, 10.060487418267545], [6.051758656545948, 0.206065001445082, 8.522337123460476], [6.314713440659741, 3.083208876806814, 12.04875155351209], [6.671231063626539, 4.7868459721190835, 9.253034405453137], [1.746112187579354, 4.507827300987442, 12.263577351953408], [3.9092445232132627, 7.015904646410916, 12.385765752535118], [2.275949234598621, 6.390835249960665, 9.580758773413862]], "name": "C8H19N", "identifiers": {"molecule_hash": "bb1431ee958ca08e6c789a18e69f341b8dd09801", "molecular_formula": "C8H19N"}, "molecular_charge": 0.0, "molecular_multiplicity": 1, "connectivity": [[0, 1, 1.0], [0, 9, 1.0], [0, 10, 1.0], [0, 11, 1.0], [1, 2, 1.0], [1, 12, 1.0], [1, 13, 1.0], [2, 3, 1.0], [2, 14, 1.0], [2, 15, 1.0], [3, 4, 1.0], [3, 16, 1.0], [3, 17, 1.0], [4, 5, 1.0], [4, 18, 1.0], [5, 6, 1.0], [5, 19, 1.0], [5, 20, 1.0], [6, 7, 1.0], [6, 21, 1.0], [6, 22, 1.0], [7, 8, 1.0], [7, 23, 1.0], [7, 24, 1.0], [8, 25, 1.0], [8, 26, 1.0], [8, 27, 1.0]], "fix_com": true, "fix_orientation": true, "provenance": {"creator": "QCElemental", "version": "v0.22.0", "routine": "qcelemental.molparse.from_schema"}, "id": "100665"}, "charge": 0, "optimize_geometry": false, "conformers": [], "conformer_generation_options": {"n_conformer_pool": 4000, "n_max_conformers": 0, "rms_tolerance": 0.05, "energy_window": 15, "keep_original_conformer": true}, "stage_1_unrestrained_charges": null, "stage_1_restrained_charges": null, "stage_2_unrestrained_charges": null, "stage_2_restrained_charges": null, "keep_original_orientation": false, "reorientations": [], "translations": [], "rotations": []}}, {"index": 5, "molecule": {"qcmol": {"schema_name": "qcschema_molecule", "schema_version": 2, "validated": true, "symbols": ["C", "C", "C", "C", "N", "C", "C", "C", "C", "H", "H", "H", "H", "H", "H", "H", "H", "H", "H", "H", "H", "H", "H", "H", "H", "H", "H", "H"], "geometry": [[0.0, -0.0, 0.0], [2.890350054374074, 2.710256784461999e-16, -1.0823429205546116e-15], [4.086854581353856, 2.638367998181124, 2.7755575615628914e-16], [3.6384576427118307, 4.3033131802983675, 2.3340508147678607], [4.709462218638871, 3.408199762853237, 4.701754282314042], [3.0980268459003475, 1.9690574909931111, 6.3872217561551485], [4.427615027751871, 1.4156948687361932, 8.893028958926045], [5.315541602621724, 3.739106363020058, 10.376341572170311], [3.1848745017952735, 5.511230127896667, 11.193541682750972], [-0.7349920484747366, 1.0546629071579332, -1.6014274666834667], [-0.7289815895198362, -1.9134465441112374, -0.12783191663064544], [-0.7712862469947595, 0.8381448227047825, 1.7045454671816795], [3.545237138773738, -0.9934643751272141, -1.6752751044529632], [3.5823026381097196, -1.0828642504936532, 1.600435840200305], [3.4153907992617007, 3.6722307948378914, -1.6480778404811656], [6.1195973616684824, 2.4374502428815408, -0.25534693235523964], [1.632613985360998, 4.615661300154743, 2.6183445354432973], [4.444150899204892, 6.148302378101775, 1.9233205073375488], [6.349728979000114, 2.512151397037726, 4.407650901299479], [2.4619857117040276, 0.17637076573552046, 5.589241981366952], [1.4067281322104854, 3.075419495613728, 6.731227717087038], [3.149800411214587, 0.303950205205765, 10.060487418267545], [6.051758656545948, 0.206065001445082, 8.522337123460476], [6.314713440659741, 3.083208876806814, 12.04875155351209], [6.671231063626539, 4.7868459721190835, 9.253034405453137], [1.746112187579354, 4.507827300987442, 12.263577351953408], [3.9092445232132627, 7.015904646410916, 12.385765752535118], [2.275949234598621, 6.390835249960665, 9.580758773413862]], "name": "C8H19N", "identifiers": {"molecule_hash": "bb1431ee958ca08e6c789a18e69f341b8dd09801", "molecular_formula": "C8H19N"}, "molecular_charge": 0.0, "molecular_multiplicity": 1, "connectivity": [[0, 1, 1.0], [0, 9, 1.0], [0, 10, 1.0], [0, 11, 1.0], [1, 2, 1.0], [1, 12, 1.0], [1, 13, 1.0], [2, 3, 1.0], [2, 14, 1.0], [2, 15, 1.0], [3, 4, 1.0], [3, 16, 1.0], [3, 17, 1.0], [4, 5, 1.0], [4, 18, 1.0], [5, 6, 1.0], [5, 19, 1.0], [5, 20, 1.0], [6, 7, 1.0], [6, 21, 1.0], [6, 22, 1.0], [7, 8, 1.0], [7, 23, 1.0], [7, 24, 1.0], [8, 25, 1.0], [8, 26, 1.0], [8, 27, 1.0]], "fix_com": true, "fix_orientation": true, "provenance": {"creator": "QCElemental", "version": "v0.22.0", "routine": "qcelemental.molparse.from_schema"}, "id": "100665"}, "charge": 0, "optimize_geometry": false, "conformers": [], "conformer_generation_options": {"n_conformer_pool": 4000, "n_max_conformers": 0, "rms_tolerance": 0.05, "energy_window": 15, "keep_original_conformer": true}, "stage_1_unrestrained_charges": null, "stage_1_restrained_charges": null, "stage_2_unrestrained_charges": null, "stage_2_restrained_charges": null, "keep_original_orientation": false, "reorientations": [], "translations": [], "rotations": []}}, {"index": 6, "molecule": {"qcmol": {"schema_name": "qcschema_molecule", "schema_version": 2, "validated": true, "symbols": ["C", "C", "C", "C", "N", "C", "C", "C", "C", "H", "H", "H", "H", "H", "H", "H", "H", "H", "H", "H", "H", "H", "H", "H", "H", "H", "H", "H"], "geometry": [[0.0, -0.0, 0.0], [2.890350054374074, 2.710256784461999e-16, -1.0823429205546116e-15], [4.086854581353856, 2.638367998181124, 2.7755575615628914e-16], [3.6384576427118307, 4.3033131802983675, 2.3340508147678607], [4.709462218638871, 3.408199762853237, 4.701754282314042], [3.0980268459003475, 1.9690574909931111, 6.3872217561551485], [4.427615027751871, 1.4156948687361932, 8.893028958926045], [5.315541602621724, 3.739106363020058, 10.376341572170311], [3.1848745017952735, 5.511230127896667, 11.193541682750972], [-0.7349920484747366, 1.0546629071579332, -1.6014274666834667], [-0.7289815895198362, -1.9134465441112374, -0.12783191663064544], [-0.7712862469947595, 0.8381448227047825, 1.7045454671816795], [3.545237138773738, -0.9934643751272141, -1.6752751044529632], [3.5823026381097196, -1.0828642504936532, 1.600435840200305], [3.4153907992617007, 3.6722307948378914, -1.6480778404811656], [6.1195973616684824, 2.4374502428815408, -0.25534693235523964], [1.632613985360998, 4.615661300154743, 2.6183445354432973], [4.444150899204892, 6.148302378101775, 1.9233205073375488], [6.349728979000114, 2.512151397037726, 4.407650901299479], [2.4619857117040276, 0.17637076573552046, 5.589241981366952], [1.4067281322104854, 3.075419495613728, 6.731227717087038], [3.149800411214587, 0.303950205205765, 10.060487418267545], [6.051758656545948, 0.206065001445082, 8.522337123460476], [6.314713440659741, 3.083208876806814, 12.04875155351209], [6.671231063626539, 4.7868459721190835, 9.253034405453137], [1.746112187579354, 4.507827300987442, 12.263577351953408], [3.9092445232132627, 7.015904646410916, 12.385765752535118], [2.275949234598621, 6.390835249960665, 9.580758773413862]], "name": "C8H19N", "identifiers": {"molecule_hash": "bb1431ee958ca08e6c789a18e69f341b8dd09801", "molecular_formula": "C8H19N"}, "molecular_charge": 0.0, "molecular_multiplicity": 1, "connectivity": [[0, 1, 1.0], [0, 9, 1.0], [0, 10, 1.0], [0, 11, 1.0], [1, 2, 1.0], [1, 12, 1.0], [1, 13, 1.0], [2, 3, 1.0], [2, 14, 1.0], [2, 15, 1.0], [3, 4, 1.0], [3, 16, 1.0], [3, 17, 1.0], [4, 5, 1.0], [4, 18, 1.0], [5, 6, 1.0], [5, 19, 1.0], [5, 20, 1.0], [6, 7, 1.0], [6, 21, 1.0], [6, 22, 1.0], [7, 8, 1.0], [7, 23, 1.0], [7, 24, 1.0], [8, 25, 1.0], [8, 26, 1.0], [8, 27, 1.0]], "fix_com": true, "fix_orientation": true, "provenance": {"creator": "QCElemental", "version": "v0.22.0", "routine": "qcelemental.molparse.from_schema"}, "id": "100665"}, "charge": 0, "optimize_geometry": false, "conformers": [], "conformer_generation_options": {"n_conformer_pool": 4000, "n_max_conformers": 0, "rms_tolerance": 0.05, "energy_window": 15, "keep_original_conformer": true}, "stage_1_unrestrained_charges": null, "stage_1_restrained_charges": null, "stage_2_unrestrained_charges": null, "stage_2_restrained_charges": null, "keep_original_orientation": false, "reorientations": [], "translations": [], "rotations": []}}, {"index": 7, "molecule": {"qcmol": {"schema_name": "qcschema_molecule", "schema_version": 2, "validated": true, "symbols": ["C", "C", "C", "C", "N", "C", "C", "C", "C", "H", "H", "H", "H", "H", "H", "H", "H", "H", "H", "H", "H", "H", "H", "H", "H", "H", "H", "H"], "geometry": [[0.0, -0.0, 0.0], [2.890350054374074, 2.710256784461999e-16, -1.0823429205546116e-15], [4.086854581353856, 2.638367998181124, 2.7755575615628914e-16], [3.6384576427118307, 4.3033131802983675, 2.3340508147678607], [4.709462218638871, 3.408199762853237, 4.701754282314042], [3.0980268459003475, 1.9690574909931111, 6.3872217561551485], [4.427615027751871, 1.4156948687361932, 8.893028958926045], [5.315541602621724, 3.739106363020058, 10.376341572170311], [3.1848745017952735, 5.511230127896667, 11.193541682750972], [-0.7349920484747366, 1.0546629071579332, -1.6014274666834667], [-0.7289815895198362, -1.9134465441112374, -0.12783191663064544], [-0.7712862469947595, 0.8381448227047825, 1.7045454671816795], [3.545237138773738, -0.9934643751272141, -1.6752751044529632], [3.5823026381097196, -1.0828642504936532, 1.600435840200305], [3.4153907992617007, 3.6722307948378914, -1.6480778404811656], [6.1195973616684824, 2.4374502428815408, -0.25534693235523964], [1.632613985360998, 4.615661300154743, 2.6183445354432973], [4.444150899204892, 6.148302378101775, 1.9233205073375488], [6.349728979000114, 2.512151397037726, 4.407650901299479], [2.4619857117040276, 0.17637076573552046, 5.589241981366952], [1.4067281322104854, 3.075419495613728, 6.731227717087038], [3.149800411214587, 0.303950205205765, 10.060487418267545], [6.051758656545948, 0.206065001445082, 8.522337123460476], [6.314713440659741, 3.083208876806814, 12.04875155351209], [6.671231063626539, 4.7868459721190835, 9.253034405453137], [1.746112187579354, 4.507827300987442, 12.263577351953408], [3.9092445232132627, 7.015904646410916, 12.385765752535118], [2.275949234598621, 6.390835249960665, 9.580758773413862]], "name": "C8H19N", "identifiers": {"molecule_hash": "bb1431ee958ca08e6c789a18e69f341b8dd09801", "molecular_formula": "C8H19N"}, "molecular_charge": 0.0, "molecular_multiplicity": 1, "connectivity": [[0, 1, 1.0], [0, 9, 1.0], [0, 10, 1.0], [0, 11, 1.0], [1, 2, 1.0], [1, 12, 1.0], [1, 13, 1.0], [2, 3, 1.0], [2, 14, 1.0], [2, 15, 1.0], [3, 4, 1.0], [3, 16, 1.0], [3, 17, 1.0], [4, 5, 1.0], [4, 18, 1.0], [5, 6, 1.0], [5, 19, 1.0], [5, 20, 1.0], [6, 7, 1.0], [6, 21, 1.0], [6, 22, 1.0], [7, 8, 1.0], [7, 23, 1.0], [7, 24, 1.0], [8, 25, 1.0], [8, 26, 1.0], [8, 27, 1.0]], "fix_com": true, "fix_orientation": true, "provenance": {"creator": "QCElemental", "version": "v0.22.0", "routine": "qcelemental.molparse.from_schema"}, "id": "100665"}, "charge": 0, "optimize_geometry": false, "conformers": [], "conformer_generation_options": {"n_conformer_pool": 4000, "n_max_conformers": 0, "rms_tolerance": 0.05, "energy_window": 15, "keep_original_conformer": true}, "stage_1_unrestrained_charges": null, "stage_1_restrained_charges": null, "stage_2_unrestrained_charges": null, "stage_2_restrained_charges": null, "keep_original_orientation": false, "reorientations": [], "translations": [], "rotations": []}}, {"index": 8, "molecule": {"qcmol": {"schema_name": "qcschema_molecule", "schema_version": 2, "validated": true, "symbols": ["C", "C", "C", "C", "N", "C", "C", "C", "C", "H", "H", "H", "H", "H", "H", "H", "H", "H", "H", "H", "H", "H", "H", "H", "H", "H", "H", "H"], "geometry": [[0.0, -0.0, 0.0], [2.890350054374074, 2.710256784461999e-16, -1.0823429205546116e-15], [4.086854581353856, 2.638367998181124, 2.7755575615628914e-16], [3.6384576427118307, 4.3033131802983675, 2.3340508147678607], [4.709462218638871, 3.408199762853237, 4.701754282314042], [3.0980268459003475, 1.9690574909931111, 6.3872217561551485], [4.427615027751871, 1.4156948687361932, 8.893028958926045], [5.315541602621724, 3.739106363020058, 10.376341572170311], [3.1848745017952735, 5.511230127896667, 11.193541682750972], [-0.7349920484747366, 1.0546629071579332, -1.6014274666834667], [-0.7289815895198362, -1.9134465441112374, -0.12783191663064544], [-0.7712862469947595, 0.8381448227047825, 1.7045454671816795], [3.545237138773738, -0.9934643751272141, -1.6752751044529632], [3.5823026381097196, -1.0828642504936532, 1.600435840200305], [3.4153907992617007, 3.6722307948378914, -1.6480778404811656], [6.1195973616684824, 2.4374502428815408, -0.25534693235523964], [1.632613985360998, 4.615661300154743, 2.6183445354432973], [4.444150899204892, 6.148302378101775, 1.9233205073375488], [6.349728979000114, 2.512151397037726, 4.407650901299479], [2.4619857117040276, 0.17637076573552046, 5.589241981366952], [1.4067281322104854, 3.075419495613728, 6.731227717087038], [3.149800411214587, 0.303950205205765, 10.060487418267545], [6.051758656545948, 0.206065001445082, 8.522337123460476], [6.314713440659741, 3.083208876806814, 12.04875155351209], [6.671231063626539, 4.7868459721190835, 9.253034405453137], [1.746112187579354, 4.507827300987442, 12.263577351953408], [3.9092445232132627, 7.015904646410916, 12.385765752535118], [2.275949234598621, 6.390835249960665, 9.580758773413862]], "name": "C8H19N", "identifiers": {"molecule_hash": "bb1431ee958ca08e6c789a18e69f341b8dd09801", "molecular_formula": "C8H19N"}, "molecular_charge": 0.0, "molecular_multiplicity": 1, "connectivity": [[0, 1, 1.0], [0, 9, 1.0], [0, 10, 1.0], [0, 11, 1.0], [1, 2, 1.0], [1, 12, 1.0], [1, 13, 1.0], [2, 3, 1.0], [2, 14, 1.0], [2, 15, 1.0], [3, 4, 1.0], [3, 16, 1.0], [3, 17, 1.0], [4, 5, 1.0], [4, 18, 1.0], [5, 6, 1.0], [5, 19, 1.0], [5, 20, 1.0], [6, 7, 1.0], [6, 21, 1.0], [6, 22, 1.0], [7, 8, 1.0], [7, 23, 1.0], [7, 24, 1.0], [8, 25, 1.0], [8, 26, 1.0], [8, 27, 1.0]], "fix_com": true, "fix_orientation": true, "provenance": {"creator": "QCElemental", "version": "v0.22.0", "routine": "qcelemental.molparse.from_schema"}, "id": "100665"}, "charge": 0, "optimize_geometry": false, "conformers": [], "conformer_generation_options": {"n_conformer_pool": 4000, "n_max_conformers": 0, "rms_tolerance": 0.05, "energy_window": 15, "keep_original_conformer": true}, "stage_1_unrestrained_charges": null, "stage_1_restrained_charges": null, "stage_2_unrestrained_charges": null, "stage_2_restrained_charges": null, "keep_original_orientation": false, "reorientations": [], "translations": [], "rotations": []}}]}, "surface_constraints": {"matrix": [[748927268109504.6, 726783891287991.5, 703555824391609.1, 681063460431057.9, 662041155205311.2, 634959408853064.5, 600932531259641.5, 573504074607946.0, 570226235527437.4, 753055049273010.1, 752124271280615.8, 754359521595381.2, 724617280664161.4, 722761444320683.1, 704899123301974.6, 696048898740113.1, 689416803736643.1, 667564565062355.8, 654392717477345.1, 646136133047817.8, 625501641623804.4, 595971292185599.1, 598097981046014.8, 558321872577693.0, 566191662562414.8, 586198265971467.1, 557468858587965.7, 562742073209086.06], [726783891287991.5, 742531313370151.2, 727677712311951.4, 705519229952580.9, 682153857536313.0, 649319238572671.8, 616312299242034.0, 584609261864530.6, 574612366054563.6, 721111670569468.9, 720116993943184.8, 722235310511208.6, 751688326961172.8, 749945076891690.6, 727561033180904.9, 727122723866017.5, 709731542639056.1, 699445422554055.2, 678816509563366.2, 657403129007091.4, 637067406894653.2, 612589541028545.8, 616160166727574.1, 568340563120782.5, 580594990588103.2, 587242063516007.5, 562598482912083.7, 564487415884981.9], [703555824391609.1, 727677712311951.4, 748443352343339.5, 733741181955729.5, 713061728659529.0, 680388043712707.4, 646885286591975.0, 613204343029504.8, 600120596517849.8, 694511605300796.4, 696425626457962.8, 697772344581802.9, 726238033525429.4, 724951383815434.1, 759413779677042.2, 758854089361961.8, 733846124664885.6, 733802970610716.1, 712453053932149.6, 687994357557579.1, 668588966846354.4, 645388800464303.5, 645161070910218.8, 595866145454158.5, 610630043347578.1, 610135848347129.5, 587074034368965.1, 591134550528099.8], [681063460431057.9, 705519229952580.9, 733741181955729.5, 753391627037231.1, 738584269621334.1, 714541965873204.8, 683388507676824.1, 647011738633568.4, 632797204040659.4, 667901085443041.2, 673046175945039.6, 680566467679253.1, 703556728400508.5, 699157631867644.4, 734100475111775.1, 733890943793512.6, 764356349294580.8, 764113739295799.9, 738566744251890.0, 719974946534420.9, 708814444006332.4, 681245502079300.2, 685984258921037.1, 629633814628308.9, 642758969100197.2, 641357762692505.8, 620123429529687.0, 623884528660635.5], [662041155205311.2, 682153857536313.0, 713061728659529.0, 738584269621334.1, 755274551032369.8, 736742280860054.8, 710603105803400.5, 678701279911736.5, 660778426830979.6, 647585265899149.0, 654822780958057.5, 665484680373036.5, 680394069978429.2, 670841283407593.5, 712612540683475.8, 712321657763147.8, 739537204057498.1, 738027660735312.9, 765399028144679.5, 735490463687038.8, 737859289616442.4, 706028629395708.8, 714880844597500.6, 666090625165026.1, 675712476501689.5, 665372214883383.5, 648199014870174.4, 652854371391707.6], [634959408853064.5, 649319238572671.8, 680388043712707.4, 714541965873204.8, 736742280860054.8, 749456197781003.0, 729640364417112.2, 702111267494416.8, 682616753083685.8, 623311561125942.5, 627086300688024.2, 640929440154023.8, 643309044196572.2, 637835276070633.6, 678746089914398.1, 675458355338259.8, 717421899608701.9, 715286236824300.9, 737604955117211.9, 759617979019710.5, 759834813613094.8, 729865147523519.6, 729756618610284.0, 696205010301034.5, 696189046181091.6, 687565642594053.2, 667883882975220.1, 675077465415548.1], [600932531259641.5, 616312299242034.0, 646885286591975.0, 683388507676824.1, 710603105803400.5, 729640364417112.2, 744089863858378.9, 723809529191772.6, 700844863183189.9, 588121596265715.8, 591665950117557.4, 608797314417974.4, 611841032351771.2, 605095156617192.6, 645030859093289.0, 640541020060390.6, 687559494201436.5, 681486236125903.1, 709794346268390.8, 729959925782516.4, 728532803090948.6, 754529034525149.8, 754912582245849.9, 720846149848469.5, 722277480942626.9, 699018567416383.0, 689481432841209.6, 693740664918068.4], [573504074607946.0, 584609261864530.6, 613204343029504.8, 647011738633568.4, 678701279911736.5, 702111267494416.8, 723809529191772.6, 738645562482970.4, 724293778412637.4, 564354825761375.0, 562663466863498.2, 582592171154021.4, 581384965932372.6, 570655408307717.4, 612799930617975.8, 606489674554198.5, 649199129135868.1, 642043031629056.1, 672684057602097.8, 701178288478494.8, 702246942889389.4, 723357660980809.0, 723815271741470.1, 745740993357608.0, 747261215844626.5, 721330081597216.8, 718938176201176.4, 717486599553208.1], [570226235527437.4, 574612366054563.6, 600120596517849.8, 632797204040659.4, 660778426830979.6, 682616753083685.8, 700844863183189.9, 724293778412637.4, 748010685516247.9, 563337541106070.6, 560005544792558.7, 581730692048489.4, 570080418049268.5, 558983270846884.56, 601975078836262.6, 589796492558472.8, 639515744840108.4, 625358678289338.0, 649680909932595.4, 682441128081376.2, 683714131921212.1, 698776911695524.8, 693558234260731.0, 719822849199142.0, 721778602191453.0, 755113105243722.6, 752460094919707.1, 751077094450708.2], [753055049273010.1, 721111670569468.9, 694511605300796.4, 667901085443041.2, 647585265899149.0, 623311561125942.5, 588121596265715.8, 564354825761375.0, 563337541106070.6, 786524396168666.1, 745425883413653.6, 748454265855181.9, 714012302398157.4, 717118446300591.5, 697336258547033.6, 686714675465479.5, 672805313926020.2, 656136030864414.8, 637555493135595.0, 637772205647819.1, 613904965081569.9, 582156886366011.8, 582555155403917.4, 550409214800212.3, 556907043168816.9, 579173136508771.6, 553331336142742.9, 555080569152222.6], [752124271280615.8, 720116993943184.8, 696425626457962.8, 673046175945039.6, 654822780958057.5, 627086300688024.2, 591665950117557.4, 562663466863498.2, 560005544792558.7, 745425883413653.6, 784450058450550.6, 747812173419530.6, 715405558970738.2, 711250471492683.5, 698720507138130.2, 688327825368355.1, 684039692451369.4, 655679984585773.4, 649149442816592.8, 638426321427766.1, 618330530293233.9, 585963596526629.4, 590082294683853.2, 548444978671046.1, 552712289220827.75, 576853240111501.2, 544854264677300.44, 554545898934193.9], [754359521595381.2, 722235310511208.6, 697772344581802.9, 680566467679253.1, 665484680373036.5, 640929440154023.8, 608797314417974.4, 582592171154021.4, 581730692048489.4, 748454265855181.9, 747812173419530.6, 788050757339503.9, 718150132519728.4, 713705667528169.0, 697645246346236.5, 686444122567860.6, 693148659874944.8, 663678966828996.1, 655479121267586.6, 650857897626230.6, 633146019135015.2, 604546601729310.5, 605582884365601.4, 566166793265089.5, 575315542033923.4, 599436246153923.4, 568176130898655.9, 575145804511696.4], [724617280664161.4, 751688326961172.8, 726238033525429.4, 703556728400508.5, 680394069978429.2, 643309044196572.2, 611841032351771.2, 581384965932372.6, 570080418049268.5, 714012302398157.4, 715405558970738.2, 718150132519728.4, 789677774985612.9, 748456935031797.6, 719119901249987.8, 724374072495625.0, 711114014515569.0, 693765568475087.6, 678568260899116.0, 647519747755653.8, 630352536722703.2, 606604034315678.6, 613383371610149.8, 565025819201940.2, 579619873027658.1, 583015436373810.1, 558838345144020.6, 557843057437404.1], [722761444320683.1, 749945076891690.6, 724951383815434.1, 699157631867644.4, 670841283407593.5, 637835276070633.6, 605095156617192.6, 570655408307717.4, 558983270846884.56, 717118446300591.5, 711250471492683.5, 713705667528169.0, 748456935031797.6, 785698451272677.1, 721266727120967.5, 722704752569637.1, 699405205573011.6, 698771615472624.2, 667663404475741.9, 647299073210927.2, 623809901933221.5, 602266745938590.0, 606697922159430.8, 554518544623294.8, 566244688370442.1, 570257564684750.8, 547871970323529.06, 548129649728324.75], [704899123301974.6, 727561033180904.9, 759413779677042.2, 734100475111775.1, 712612540683475.8, 678746089914398.1, 645030859093289.0, 612799930617975.8, 601975078836262.6, 697336258547033.6, 698720507138130.2, 697645246346236.5, 719119901249987.8, 721266727120967.5, 799095415822142.0, 759228917154463.5, 729679038362738.4, 730628448194400.8, 713517859108030.8, 689442823415359.1, 663223368571710.5, 646473936988865.8, 638693445041441.5, 594241927965004.6, 610440621503087.0, 611429517093538.2, 588800806024399.6, 595387683440941.6], [696048898740113.1, 727122723866017.5, 758854089361961.8, 733890943793512.6, 712321657763147.8, 675458355338259.8, 640541020060390.6, 606489674554198.5, 589796492558472.8, 686714675465479.5, 688327825368355.1, 686444122567860.6, 724374072495625.0, 722704752569637.1, 759228917154463.5, 797490751655104.2, 726078657875853.9, 734116564425829.4, 711952853896627.6, 681690787275537.2, 663236025826677.4, 638370667317109.6, 638748571858565.5, 589663847227399.8, 606323237974416.8, 598996445388407.0, 576167543295172.1, 579433873523720.2], [689416803736643.1, 709731542639056.1, 733846124664885.6, 764356349294580.8, 739537204057498.1, 717421899608701.9, 687559494201436.5, 649199129135868.1, 639515744840108.4, 672805313926020.2, 684039692451369.4, 693148659874944.8, 711114014515569.0, 699405205573011.6, 729679038362738.4, 726078657875853.9, 803384176560302.4, 764970251496388.1, 732601600152466.0, 724820632977910.0, 710179515455683.1, 686419127655866.1, 691985410891391.4, 629683335207923.8, 641655237825773.8, 650927343707875.2, 626711137061732.0, 631276044138073.2], [667564565062355.8, 699445422554055.2, 733802970610716.1, 764113739295799.9, 738027660735312.9, 715286236824300.9, 681486236125903.1, 642043031629056.1, 625358678289338.0, 656136030864414.8, 655679984585773.4, 663678966828996.1, 693765568475087.6, 698771615472624.2, 730628448194400.8, 734116564425829.4, 764970251496388.1, 803024662447360.9, 736194984228891.9, 721677462957048.9, 711302478315793.5, 679817683939295.0, 684502923295367.5, 623473098781914.8, 638726135130448.2, 632740971549740.4, 613375721380646.9, 615052484953535.1], [654392717477345.1, 678816509563366.2, 712453053932149.6, 738566744251890.0, 765399028144679.5, 737604955117211.9, 709794346268390.8, 672684057602097.8, 649680909932595.4, 637555493135595.0, 649149442816592.8, 655479121267586.6, 678568260899116.0, 667663404475741.9, 713517859108030.8, 711952853896627.6, 732601600152466.0, 736194984228891.9, 799779027892018.6, 730556847954935.9, 737055735681863.6, 700931673275463.0, 721338228249431.1, 661081666332758.6, 669120709016659.1, 650128223443573.5, 638727363151028.6, 640624472851446.6], [646136133047817.8, 657403129007091.4, 687994357557579.1, 719974946534420.9, 735490463687038.8, 759617979019710.5, 729959925782516.4, 701178288478494.8, 682441128081376.2, 637772205647819.1, 638426321427766.1, 650857897626230.6, 647519747755653.8, 647299073210927.2, 689442823415359.1, 681690787275537.2, 724820632977910.0, 721677462957048.9, 730556847954935.9, 797192766415127.9, 760368248175643.5, 730803420247117.8, 722470983844979.4, 697931498100203.9, 691206402351348.1, 692544045221653.5, 665048336946377.1, 673086709060755.4], [625501641623804.4, 637067406894653.2, 668588966846354.4, 708814444006332.4, 737859289616442.4, 759834813613094.8, 728532803090948.6, 702246942889389.4, 683714131921212.1, 613904965081569.9, 618330530293233.9, 633146019135015.2, 630352536722703.2, 623809901933221.5, 663223368571710.5, 663236025826677.4, 710179515455683.1, 711302478315793.5, 737055735681863.6, 760368248175643.5, 797583825376624.5, 723862392732213.2, 723200090502226.2, 697621976435367.2, 695081519595977.4, 689113931591080.0, 667204950052570.9, 678260291312033.1], [595971292185599.1, 612589541028545.8, 645388800464303.5, 681245