{"resp_b": 0.1, "restrained_fit": true, "exclude_hydrogens": true, "convergence_tolerance": 1e-06, "max_iter": 500, "resp_a": 0.0005, "charge_constraints": {"charge_sum_constraints": [], "charge_equivalence_constraints": [], "molecules": [{"qcmol": {"schema_name": "qcschema_molecule", "schema_version": 2, "validated": true, "symbols": ["C", "C", "C", "C", "N", "C", "C", "C", "C", "H", "H", "H", "H", "H", "H", "H", "H", "H", "H", "H", "H", "H", "H", "H", "H", "H", "H", "H"], "geometry": [[0.0, -0.0, 0.0], [2.890350054374074, 2.710256784461999e-16, -1.0823429205546116e-15], [4.086854581353856, 2.638367998181124, 2.7755575615628914e-16], [3.6384576427118307, 4.3033131802983675, 2.3340508147678607], [4.709462218638871, 3.408199762853237, 4.701754282314042], [3.0980268459003475, 1.9690574909931111, 6.3872217561551485], [4.427615027751871, 1.4156948687361932, 8.893028958926045], [5.315541602621724, 3.739106363020058, 10.376341572170311], [3.1848745017952735, 5.511230127896667, 11.193541682750972], [-0.7349920484747366, 1.0546629071579332, -1.6014274666834667], [-0.7289815895198362, -1.9134465441112374, -0.12783191663064544], [-0.7712862469947595, 0.8381448227047825, 1.7045454671816795], [3.545237138773738, -0.9934643751272141, -1.6752751044529632], [3.5823026381097196, -1.0828642504936532, 1.600435840200305], [3.4153907992617007, 3.6722307948378914, -1.6480778404811656], [6.1195973616684824, 2.4374502428815408, -0.25534693235523964], [1.632613985360998, 4.615661300154743, 2.6183445354432973], [4.444150899204892, 6.148302378101775, 1.9233205073375488], [6.349728979000114, 2.512151397037726, 4.407650901299479], [2.4619857117040276, 0.17637076573552046, 5.589241981366952], [1.4067281322104854, 3.075419495613728, 6.731227717087038], [3.149800411214587, 0.303950205205765, 10.060487418267545], [6.051758656545948, 0.206065001445082, 8.522337123460476], [6.314713440659741, 3.083208876806814, 12.04875155351209], [6.671231063626539, 4.7868459721190835, 9.253034405453137], [1.746112187579354, 4.507827300987442, 12.263577351953408], [3.9092445232132627, 7.015904646410916, 12.385765752535118], [2.275949234598621, 6.390835249960665, 9.580758773413862]], "name": "C8H19N", "identifiers": {"molecule_hash": "bb1431ee958ca08e6c789a18e69f341b8dd09801", "molecular_formula": "C8H19N"}, "molecular_charge": 0.0, "molecular_multiplicity": 1, "connectivity": [[0, 1, 1.0], [0, 9, 1.0], [0, 10, 1.0], [0, 11, 1.0], [1, 2, 1.0], [1, 12, 1.0], [1, 13, 1.0], [2, 3, 1.0], [2, 14, 1.0], [2, 15, 1.0], [3, 4, 1.0], [3, 16, 1.0], [3, 17, 1.0], [4, 5, 1.0], [4, 18, 1.0], [5, 6, 1.0], [5, 19, 1.0], [5, 20, 1.0], [6, 7, 1.0], [6, 21, 1.0], [6, 22, 1.0], [7, 8, 1.0], [7, 23, 1.0], [7, 24, 1.0], [8, 25, 1.0], [8, 26, 1.0], [8, 27, 1.0]], "fix_com": true, "fix_orientation": true, "provenance": {"creator": "QCElemental", "version": "v0.22.0", "routine": "qcelemental.molparse.from_schema"}, "id": "100665"}, "charge": 0, "optimize_geometry": false, "conformers": [], "conformer_generation_options": {"n_conformer_pool": 4000, "n_max_conformers": 0, "rms_tolerance": 0.05, "energy_window": 15, "keep_original_conformer": true}, "stage_1_unrestrained_charges": null, "stage_1_restrained_charges": null, "stage_2_unrestrained_charges": null, "stage_2_restrained_charges": null, "keep_original_orientation": false, "reorientations": [], "translations": [], "rotations": []}], "unconstrained_atoms": [{"index": 0, "molecule": {"qcmol": {"schema_name": "qcschema_molecule", "schema_version": 2, "validated": true, "symbols": ["C", "C", "C", "C", "N", "C", "C", "C", "C", "H", "H", "H", "H", "H", "H", "H", "H", "H", "H", "H", "H", "H", "H", "H", "H", "H", "H", "H"], "geometry": [[0.0, -0.0, 0.0], [2.890350054374074, 2.710256784461999e-16, -1.0823429205546116e-15], [4.086854581353856, 2.638367998181124, 2.7755575615628914e-16], [3.6384576427118307, 4.3033131802983675, 2.3340508147678607], [4.709462218638871, 3.408199762853237, 4.701754282314042], [3.0980268459003475, 1.9690574909931111, 6.3872217561551485], [4.427615027751871, 1.4156948687361932, 8.893028958926045], [5.315541602621724, 3.739106363020058, 10.376341572170311], [3.1848745017952735, 5.511230127896667, 11.193541682750972], [-0.7349920484747366, 1.0546629071579332, -1.6014274666834667], [-0.7289815895198362, -1.9134465441112374, -0.12783191663064544], [-0.7712862469947595, 0.8381448227047825, 1.7045454671816795], [3.545237138773738, -0.9934643751272141, -1.6752751044529632], [3.5823026381097196, -1.0828642504936532, 1.600435840200305], [3.4153907992617007, 3.6722307948378914, -1.6480778404811656], [6.1195973616684824, 2.4374502428815408, -0.25534693235523964], [1.632613985360998, 4.615661300154743, 2.6183445354432973], [4.444150899204892, 6.148302378101775, 1.9233205073375488], [6.349728979000114, 2.512151397037726, 4.407650901299479], [2.4619857117040276, 0.17637076573552046, 5.589241981366952], [1.4067281322104854, 3.075419495613728, 6.731227717087038], [3.149800411214587, 0.303950205205765, 10.060487418267545], [6.051758656545948, 0.206065001445082, 8.522337123460476], [6.314713440659741, 3.083208876806814, 12.04875155351209], [6.671231063626539, 4.7868459721190835, 9.253034405453137], [1.746112187579354, 4.507827300987442, 12.263577351953408], [3.9092445232132627, 7.015904646410916, 12.385765752535118], [2.275949234598621, 6.390835249960665, 9.580758773413862]], "name": "C8H19N", "identifiers": {"molecule_hash": "bb1431ee958ca08e6c789a18e69f341b8dd09801", "molecular_formula": "C8H19N"}, "molecular_charge": 0.0, "molecular_multiplicity": 1, "connectivity": [[0, 1, 1.0], [0, 9, 1.0], [0, 10, 1.0], [0, 11, 1.0], [1, 2, 1.0], [1, 12, 1.0], [1, 13, 1.0], [2, 3, 1.0], [2, 14, 1.0], [2, 15, 1.0], [3, 4, 1.0], [3, 16, 1.0], [3, 17, 1.0], [4, 5, 1.0], [4, 18, 1.0], [5, 6, 1.0], [5, 19, 1.0], [5, 20, 1.0], [6, 7, 1.0], [6, 21, 1.0], [6, 22, 1.0], [7, 8, 1.0], [7, 23, 1.0], [7, 24, 1.0], [8, 25, 1.0], [8, 26, 1.0], [8, 27, 1.0]], "fix_com": true, "fix_orientation": true, "provenance": {"creator": "QCElemental", "version": "v0.22.0", "routine": "qcelemental.molparse.from_schema"}, "id": "100665"}, "charge": 0, "optimize_geometry": false, "conformers": [], "conformer_generation_options": {"n_conformer_pool": 4000, "n_max_conformers": 0, "rms_tolerance": 0.05, "energy_window": 15, "keep_original_conformer": true}, "stage_1_unrestrained_charges": null, "stage_1_restrained_charges": null, "stage_2_unrestrained_charges": null, "stage_2_restrained_charges": null, "keep_original_orientation": false, "reorientations": [], "translations": [], "rotations": []}}, {"index": 1, "molecule": {"qcmol": {"schema_name": "qcschema_molecule", "schema_version": 2, "validated": true, "symbols": ["C", "C", "C", "C", "N", "C", "C", "C", "C", "H", "H", "H", "H", "H", "H", "H", "H", "H", "H", "H", "H", "H", "H", "H", "H", "H", "H", "H"], "geometry": [[0.0, -0.0, 0.0], [2.890350054374074, 2.710256784461999e-16, -1.0823429205546116e-15], [4.086854581353856, 2.638367998181124, 2.7755575615628914e-16], [3.6384576427118307, 4.3033131802983675, 2.3340508147678607], [4.709462218638871, 3.408199762853237, 4.701754282314042], [3.0980268459003475, 1.9690574909931111, 6.3872217561551485], [4.427615027751871, 1.4156948687361932, 8.893028958926045], [5.315541602621724, 3.739106363020058, 10.376341572170311], [3.1848745017952735, 5.511230127896667, 11.193541682750972], [-0.7349920484747366, 1.0546629071579332, -1.6014274666834667], [-0.7289815895198362, -1.9134465441112374, -0.12783191663064544], [-0.7712862469947595, 0.8381448227047825, 1.7045454671816795], [3.545237138773738, -0.9934643751272141, -1.6752751044529632], [3.5823026381097196, -1.0828642504936532, 1.600435840200305], [3.4153907992617007, 3.6722307948378914, -1.6480778404811656], [6.1195973616684824, 2.4374502428815408, -0.25534693235523964], [1.632613985360998, 4.615661300154743, 2.6183445354432973], [4.444150899204892, 6.148302378101775, 1.9233205073375488], [6.349728979000114, 2.512151397037726, 4.407650901299479], [2.4619857117040276, 0.17637076573552046, 5.589241981366952], [1.4067281322104854, 3.075419495613728, 6.731227717087038], [3.149800411214587, 0.303950205205765, 10.060487418267545], [6.051758656545948, 0.206065001445082, 8.522337123460476], [6.314713440659741, 3.083208876806814, 12.04875155351209], [6.671231063626539, 4.7868459721190835, 9.253034405453137], [1.746112187579354, 4.507827300987442, 12.263577351953408], [3.9092445232132627, 7.015904646410916, 12.385765752535118], [2.275949234598621, 6.390835249960665, 9.580758773413862]], "name": "C8H19N", "identifiers": {"molecule_hash": "bb1431ee958ca08e6c789a18e69f341b8dd09801", "molecular_formula": "C8H19N"}, "molecular_charge": 0.0, "molecular_multiplicity": 1, "connectivity": [[0, 1, 1.0], [0, 9, 1.0], [0, 10, 1.0], [0, 11, 1.0], [1, 2, 1.0], [1, 12, 1.0], [1, 13, 1.0], [2, 3, 1.0], [2, 14, 1.0], [2, 15, 1.0], [3, 4, 1.0], [3, 16, 1.0], [3, 17, 1.0], [4, 5, 1.0], [4, 18, 1.0], [5, 6, 1.0], [5, 19, 1.0], [5, 20, 1.0], [6, 7, 1.0], [6, 21, 1.0], [6, 22, 1.0], [7, 8, 1.0], [7, 23, 1.0], [7, 24, 1.0], [8, 25, 1.0], [8, 26, 1.0], [8, 27, 1.0]], "fix_com": true, "fix_orientation": true, "provenance": {"creator": "QCElemental", "version": "v0.22.0", "routine": "qcelemental.molparse.from_schema"}, "id": "100665"}, "charge": 0, "optimize_geometry": false, "conformers": [], "conformer_generation_options": {"n_conformer_pool": 4000, "n_max_conformers": 0, "rms_tolerance": 0.05, "energy_window": 15, "keep_original_conformer": true}, "stage_1_unrestrained_charges": null, "stage_1_restrained_charges": null, "stage_2_unrestrained_charges": null, "stage_2_restrained_charges": null, "keep_original_orientation": false, "reorientations": [], "translations": [], "rotations": []}}, {"index": 2, "molecule": {"qcmol": {"schema_name": "qcschema_molecule", "schema_version": 2, "validated": true, "symbols": ["C", "C", "C", "C", "N", "C", "C", "C", "C", "H", "H", "H", "H", "H", "H", "H", "H", "H", "H", "H", "H", "H", "H", "H", "H", "H", "H", "H"], "geometry": [[0.0, -0.0, 0.0], [2.890350054374074, 2.710256784461999e-16, -1.0823429205546116e-15], [4.086854581353856, 2.638367998181124, 2.7755575615628914e-16], [3.6384576427118307, 4.3033131802983675, 2.3340508147678607], [4.709462218638871, 3.408199762853237, 4.701754282314042], [3.0980268459003475, 1.9690574909931111, 6.3872217561551485], [4.427615027751871, 1.4156948687361932, 8.893028958926045], [5.315541602621724, 3.739106363020058, 10.376341572170311], [3.1848745017952735, 5.511230127896667, 11.193541682750972], [-0.7349920484747366, 1.0546629071579332, -1.6014274666834667], [-0.7289815895198362, -1.9134465441112374, -0.12783191663064544], [-0.7712862469947595, 0.8381448227047825, 1.7045454671816795], [3.545237138773738, -0.9934643751272141, -1.6752751044529632], [3.5823026381097196, -1.0828642504936532, 1.600435840200305], [3.4153907992617007, 3.6722307948378914, -1.6480778404811656], [6.1195973616684824, 2.4374502428815408, -0.25534693235523964], [1.632613985360998, 4.615661300154743, 2.6183445354432973], [4.444150899204892, 6.148302378101775, 1.9233205073375488], [6.349728979000114, 2.512151397037726, 4.407650901299479], [2.4619857117040276, 0.17637076573552046, 5.589241981366952], [1.4067281322104854, 3.075419495613728, 6.731227717087038], [3.149800411214587, 0.303950205205765, 10.060487418267545], [6.051758656545948, 0.206065001445082, 8.522337123460476], [6.314713440659741, 3.083208876806814, 12.04875155351209], [6.671231063626539, 4.7868459721190835, 9.253034405453137], [1.746112187579354, 4.507827300987442, 12.263577351953408], [3.9092445232132627, 7.015904646410916, 12.385765752535118], [2.275949234598621, 6.390835249960665, 9.580758773413862]], "name": "C8H19N", "identifiers": {"molecule_hash": "bb1431ee958ca08e6c789a18e69f341b8dd09801", "molecular_formula": "C8H19N"}, "molecular_charge": 0.0, "molecular_multiplicity": 1, "connectivity": [[0, 1, 1.0], [0, 9, 1.0], [0, 10, 1.0], [0, 11, 1.0], [1, 2, 1.0], [1, 12, 1.0], [1, 13, 1.0], [2, 3, 1.0], [2, 14, 1.0], [2, 15, 1.0], [3, 4, 1.0], [3, 16, 1.0], [3, 17, 1.0], [4, 5, 1.0], [4, 18, 1.0], [5, 6, 1.0], [5, 19, 1.0], [5, 20, 1.0], [6, 7, 1.0], [6, 21, 1.0], [6, 22, 1.0], [7, 8, 1.0], [7, 23, 1.0], [7, 24, 1.0], [8, 25, 1.0], [8, 26, 1.0], [8, 27, 1.0]], "fix_com": true, "fix_orientation": true, "provenance": {"creator": "QCElemental", "version": "v0.22.0", "routine": "qcelemental.molparse.from_schema"}, "id": "100665"}, "charge": 0, "optimize_geometry": false, "conformers": [], "conformer_generation_options": {"n_conformer_pool": 4000, "n_max_conformers": 0, "rms_tolerance": 0.05, "energy_window": 15, "keep_original_conformer": true}, "stage_1_unrestrained_charges": null, "stage_1_restrained_charges": null, "stage_2_unrestrained_charges": null, "stage_2_restrained_charges": null, "keep_original_orientation": false, "reorientations": [], "translations": [], "rotations": []}}, {"index": 3, "molecule": {"qcmol": {"schema_name": "qcschema_molecule", "schema_version": 2, "validated": true, "symbols": ["C", "C", "C", "C", "N", "C", "C", "C", "C", "H", "H", "H", "H", "H", "H", "H", "H", "H", "H", "H", "H", "H", "H", "H", "H", "H", "H", "H"], "geometry": [[0.0, -0.0, 0.0], [2.890350054374074, 2.710256784461999e-16, -1.0823429205546116e-15], [4.086854581353856, 2.638367998181124, 2.7755575615628914e-16], [3.6384576427118307, 4.3033131802983675, 2.3340508147678607], [4.709462218638871, 3.408199762853237, 4.701754282314042], [3.0980268459003475, 1.9690574909931111, 6.3872217561551485], [4.427615027751871, 1.4156948687361932, 8.893028958926045], [5.315541602621724, 3.739106363020058, 10.376341572170311], [3.1848745017952735, 5.511230127896667, 11.193541682750972], [-0.7349920484747366, 1.0546629071579332, -1.6014274666834667], [-0.7289815895198362, -1.9134465441112374, -0.12783191663064544], [-0.7712862469947595, 0.8381448227047825, 1.7045454671816795], [3.545237138773738, -0.9934643751272141, -1.6752751044529632], [3.5823026381097196, -1.0828642504936532, 1.600435840200305], [3.4153907992617007, 3.6722307948378914, -1.6480778404811656], [6.1195973616684824, 2.4374502428815408, -0.25534693235523964], [1.632613985360998, 4.615661300154743, 2.6183445354432973], [4.444150899204892, 6.148302378101775, 1.9233205073375488], [6.349728979000114, 2.512151397037726, 4.407650901299479], [2.4619857117040276, 0.17637076573552046, 5.589241981366952], [1.4067281322104854, 3.075419495613728, 6.731227717087038], [3.149800411214587, 0.303950205205765, 10.060487418267545], [6.051758656545948, 0.206065001445082, 8.522337123460476], [6.314713440659741, 3.083208876806814, 12.04875155351209], [6.671231063626539, 4.7868459721190835, 9.253034405453137], [1.746112187579354, 4.507827300987442, 12.263577351953408], [3.9092445232132627, 7.015904646410916, 12.385765752535118], [2.275949234598621, 6.390835249960665, 9.580758773413862]], "name": "C8H19N", "identifiers": {"molecule_hash": "bb1431ee958ca08e6c789a18e69f341b8dd09801", "molecular_formula": "C8H19N"}, "molecular_charge": 0.0, "molecular_multiplicity": 1, "connectivity": [[0, 1, 1.0], [0, 9, 1.0], [0, 10, 1.0], [0, 11, 1.0], [1, 2, 1.0], [1, 12, 1.0], [1, 13, 1.0], [2, 3, 1.0], [2, 14, 1.0], [2, 15, 1.0], [3, 4, 1.0], [3, 16, 1.0], [3, 17, 1.0], [4, 5, 1.0], [4, 18, 1.0], [5, 6, 1.0], [5, 19, 1.0], [5, 20, 1.0], [6, 7, 1.0], [6, 21, 1.0], [6, 22, 1.0], [7, 8, 1.0], [7, 23, 1.0], [7, 24, 1.0], [8, 25, 1.0], [8, 26, 1.0], [8, 27, 1.0]], "fix_com": true, "fix_orientation": true, "provenance": {"creator": "QCElemental", "version": "v0.22.0", "routine": "qcelemental.molparse.from_schema"}, "id": "100665"}, "charge": 0, "optimize_geometry": false, "conformers": [], "conformer_generation_options": {"n_conformer_pool": 4000, "n_max_conformers": 0, "rms_tolerance": 0.05, "energy_window": 15, "keep_original_conformer": true}, "stage_1_unrestrained_charges": null, "stage_1_restrained_charges": null, "stage_2_unrestrained_charges": null, "stage_2_restrained_charges": null, "keep_original_orientation": false, "reorientations": [], "translations": [], "rotations": []}}, {"index": 5, "molecule": {"qcmol": {"schema_name": "qcschema_molecule", "schema_version": 2, "validated": true, "symbols": ["C", "C", "C", "C", "N", "C", "C", "C", "C", "H", "H", "H", "H", "H", "H", "H", "H", "H", "H", "H", "H", "H", "H", "H", "H", "H", "H", "H"], "geometry": [[0.0, -0.0, 0.0], [2.890350054374074, 2.710256784461999e-16, -1.0823429205546116e-15], [4.086854581353856, 2.638367998181124, 2.7755575615628914e-16], [3.6384576427118307, 4.3033131802983675, 2.3340508147678607], [4.709462218638871, 3.408199762853237, 4.701754282314042], [3.0980268459003475, 1.9690574909931111, 6.3872217561551485], [4.427615027751871, 1.4156948687361932, 8.893028958926045], [5.315541602621724, 3.739106363020058, 10.376341572170311], [3.1848745017952735, 5.511230127896667, 11.193541682750972], [-0.7349920484747366, 1.0546629071579332, -1.6014274666834667], [-0.7289815895198362, -1.9134465441112374, -0.12783191663064544], [-0.7712862469947595, 0.8381448227047825, 1.7045454671816795], [3.545237138773738, -0.9934643751272141, -1.6752751044529632], [3.5823026381097196, -1.0828642504936532, 1.600435840200305], [3.4153907992617007, 3.6722307948378914, -1.6480778404811656], [6.1195973616684824, 2.4374502428815408, -0.25534693235523964], [1.632613985360998, 4.615661300154743, 2.6183445354432973], [4.444150899204892, 6.148302378101775, 1.9233205073375488], [6.349728979000114, 2.512151397037726, 4.407650901299479], [2.4619857117040276, 0.17637076573552046, 5.589241981366952], [1.4067281322104854, 3.075419495613728, 6.731227717087038], [3.149800411214587, 0.303950205205765, 10.060487418267545], [6.051758656545948, 0.206065001445082, 8.522337123460476], [6.314713440659741, 3.083208876806814, 12.04875155351209], [6.671231063626539, 4.7868459721190835, 9.253034405453137], [1.746112187579354, 4.507827300987442, 12.263577351953408], [3.9092445232132627, 7.015904646410916, 12.385765752535118], [2.275949234598621, 6.390835249960665, 9.580758773413862]], "name": "C8H19N", "identifiers": {"molecule_hash": "bb1431ee958ca08e6c789a18e69f341b8dd09801", "molecular_formula": "C8H19N"}, "molecular_charge": 0.0, "molecular_multiplicity": 1, "connectivity": [[0, 1, 1.0], [0, 9, 1.0], [0, 10, 1.0], [0, 11, 1.0], [1, 2, 1.0], [1, 12, 1.0], [1, 13, 1.0], [2, 3, 1.0], [2, 14, 1.0], [2, 15, 1.0], [3, 4, 1.0], [3, 16, 1.0], [3, 17, 1.0], [4, 5, 1.0], [4, 18, 1.0], [5, 6, 1.0], [5, 19, 1.0], [5, 20, 1.0], [6, 7, 1.0], [6, 21, 1.0], [6, 22, 1.0], [7, 8, 1.0], [7, 23, 1.0], [7, 24, 1.0], [8, 25, 1.0], [8, 26, 1.0], [8, 27, 1.0]], "fix_com": true, "fix_orientation": true, "provenance": {"creator": "QCElemental", "version": "v0.22.0", "routine": "qcelemental.molparse.from_schema"}, "id": "100665"}, "charge": 0, "optimize_geometry": false, "conformers": [], "conformer_generation_options": {"n_conformer_pool": 4000, "n_max_conformers": 0, "rms_tolerance": 0.05, "energy_window": 15, "keep_original_conformer": true}, "stage_1_unrestrained_charges": null, "stage_1_restrained_charges": null, "stage_2_unrestrained_charges": null, "stage_2_restrained_charges": null, "keep_original_orientation": false, "reorientations": [], "translations": [], "rotations": []}}, {"index": 6, "molecule": {"qcmol": {"schema_name": "qcschema_molecule", "schema_version": 2, "validated": true, "symbols": ["C", "C", "C", "C", "N", "C", "C", "C", "C", "H", "H", "H", "H", "H", "H", "H", "H", "H", "H", "H", "H", "H", "H", "H", "H", "H", "H", "H"], "geometry": [[0.0, -0.0, 0.0], [2.890350054374074, 2.710256784461999e-16, -1.0823429205546116e-15], [4.086854581353856, 2.638367998181124, 2.7755575615628914e-16], [3.6384576427118307, 4.3033131802983675, 2.3340508147678607], [4.709462218638871, 3.408199762853237, 4.701754282314042], [3.0980268459003475, 1.9690574909931111, 6.3872217561551485], [4.427615027751871, 1.4156948687361932, 8.893028958926045], [5.315541602621724, 3.739106363020058, 10.376341572170311], [3.1848745017952735, 5.511230127896667, 11.193541682750972], [-0.7349920484747366, 1.0546629071579332, -1.6014274666834667], [-0.7289815895198362, -1.9134465441112374, -0.12783191663064544], [-0.7712862469947595, 0.8381448227047825, 1.7045454671816795], [3.545237138773738, -0.9934643751272141, -1.6752751044529632], [3.5823026381097196, -1.0828642504936532, 1.600435840200305], [3.4153907992617007, 3.6722307948378914, -1.6480778404811656], [6.1195973616684824, 2.4374502428815408, -0.25534693235523964], [1.632613985360998, 4.615661300154743, 2.6183445354432973], [4.444150899204892, 6.148302378101775, 1.9233205073375488], [6.349728979000114, 2.512151397037726, 4.407650901299479], [2.4619857117040276, 0.17637076573552046, 5.589241981366952], [1.4067281322104854, 3.075419495613728, 6.731227717087038], [3.149800411214587, 0.303950205205765, 10.060487418267545], [6.051758656545948, 0.206065001445082, 8.522337123460476], [6.314713440659741, 3.083208876806814, 12.04875155351209], [6.671231063626539, 4.7868459721190835, 9.253034405453137], [1.746112187579354, 4.507827300987442, 12.263577351953408], [3.9092445232132627, 7.015904646410916, 12.385765752535118], [2.275949234598621, 6.390835249960665, 9.580758773413862]], "name": "C8H19N", "identifiers": {"molecule_hash": "bb1431ee958ca08e6c789a18e69f341b8dd09801", "molecular_formula": "C8H19N"}, "molecular_charge": 0.0, "molecular_multiplicity": 1, "connectivity": [[0, 1, 1.0], [0, 9, 1.0], [0, 10, 1.0], [0, 11, 1.0], [1, 2, 1.0], [1, 12, 1.0], [1, 13, 1.0], [2, 3, 1.0], [2, 14, 1.0], [2, 15, 1.0], [3, 4, 1.0], [3, 16, 1.0], [3, 17, 1.0], [4, 5, 1.0], [4, 18, 1.0], [5, 6, 1.0], [5, 19, 1.0], [5, 20, 1.0], [6, 7, 1.0], [6, 21, 1.0], [6, 22, 1.0], [7, 8, 1.0], [7, 23, 1.0], [7, 24, 1.0], [8, 25, 1.0], [8, 26, 1.0], [8, 27, 1.0]], "fix_com": true, "fix_orientation": true, "provenance": {"creator": "QCElemental", "version": "v0.22.0", "routine": "qcelemental.molparse.from_schema"}, "id": "100665"}, "charge": 0, "optimize_geometry": false, "conformers": [], "conformer_generation_options": {"n_conformer_pool": 4000, "n_max_conformers": 0, "rms_tolerance": 0.05, "energy_window": 15, "keep_original_conformer": true}, "stage_1_unrestrained_charges": null, "stage_1_restrained_charges": null, "stage_2_unrestrained_charges": null, "stage_2_restrained_charges": null, "keep_original_orientation": false, "reorientations": [], "translations": [], "rotations": []}}, {"index": 7, "molecule": {"qcmol": {"schema_name": "qcschema_molecule", "schema_version": 2, "validated": true, "symbols": ["C", "C", "C", "C", "N", "C", "C", "C", "C", "H", "H", "H", "H", "H", "H", "H", "H", "H", "H", "H", "H", "H", "H", "H", "H", "H", "H", "H"], "geometry": [[0.0, -0.0, 0.0], [2.890350054374074, 2.710256784461999e-16, -1.0823429205546116e-15], [4.086854581353856, 2.638367998181124, 2.7755575615628914e-16], [3.6384576427118307, 4.3033131802983675, 2.3340508147678607], [4.709462218638871, 3.408199762853237, 4.701754282314042], [3.0980268459003475, 1.9690574909931111, 6.3872217561551485], [4.427615027751871, 1.4156948687361932, 8.893028958926045], [5.315541602621724, 3.739106363020058, 10.376341572170311], [3.1848745017952735, 5.511230127896667, 11.193541682750972], [-0.7349920484747366, 1.0546629071579332, -1.6014274666834667], [-0.7289815895198362, -1.9134465441112374, -0.12783191663064544], [-0.7712862469947595, 0.8381448227047825, 1.7045454671816795], [3.545237138773738, -0.9934643751272141, -1.6752751044529632], [3.5823026381097196, -1.0828642504936532, 1.600435840200305], [3.4153907992617007, 3.6722307948378914, -1.6480778404811656], [6.1195973616684824, 2.4374502428815408, -0.25534693235523964], [1.632613985360998, 4.615661300154743, 2.6183445354432973], [4.444150899204892, 6.148302378101775, 1.9233205073375488], [6.349728979000114, 2.512151397037726, 4.407650901299479], [2.4619857117040276, 0.17637076573552046, 5.589241981366952], [1.4067281322104854, 3.075419495613728, 6.731227717087038], [3.149800411214587, 0.303950205205765, 10.060487418267545], [6.051758656545948, 0.206065001445082, 8.522337123460476], [6.314713440659741, 3.083208876806814, 12.04875155351209], [6.671231063626539, 4.7868459721190835, 9.253034405453137], [1.746112187579354, 4.507827300987442, 12.263577351953408], [3.9092445232132627, 7.015904646410916, 12.385765752535118], [2.275949234598621, 6.390835249960665, 9.580758773413862]], "name": "C8H19N", "identifiers": {"molecule_hash": "bb1431ee958ca08e6c789a18e69f341b8dd09801", "molecular_formula": "C8H19N"}, "molecular_charge": 0.0, "molecular_multiplicity": 1, "connectivity": [[0, 1, 1.0], [0, 9, 1.0], [0, 10, 1.0], [0, 11, 1.0], [1, 2, 1.0], [1, 12, 1.0], [1, 13, 1.0], [2, 3, 1.0], [2, 14, 1.0], [2, 15, 1.0], [3, 4, 1.0], [3, 16, 1.0], [3, 17, 1.0], [4, 5, 1.0], [4, 18, 1.0], [5, 6, 1.0], [5, 19, 1.0], [5, 20, 1.0], [6, 7, 1.0], [6, 21, 1.0], [6, 22, 1.0], [7, 8, 1.0], [7, 23, 1.0], [7, 24, 1.0], [8, 25, 1.0], [8, 26, 1.0], [8, 27, 1.0]], "fix_com": true, "fix_orientation": true, "provenance": {"creator": "QCElemental", "version": "v0.22.0", "routine": "qcelemental.molparse.from_schema"}, "id": "100665"}, "charge": 0, "optimize_geometry": false, "conformers": [], "conformer_generation_options": {"n_conformer_pool": 4000, "n_max_conformers": 0, "rms_tolerance": 0.05, "energy_window": 15, "keep_original_conformer": true}, "stage_1_unrestrained_charges": null, "stage_1_restrained_charges": null, "stage_2_unrestrained_charges": null, "stage_2_restrained_charges": null, "keep_original_orientation": false, "reorientations": [], "translations": [], "rotations": []}}, {"index": 8, "molecule": {"qcmol": {"schema_name": "qcschema_molecule", "schema_version": 2, "validated": true, "symbols": ["C", "C", "C", "C", "N", "C", "C", "C", "C", "H", "H", "H", "H", "H", "H", "H", "H", "H", "H", "H", "H", "H", "H", "H", "H", "H", "H", "H"], "geometry": [[0.0, -0.0, 0.0], [2.890350054374074, 2.710256784461999e-16, -1.0823429205546116e-15], [4.086854581353856, 2.638367998181124, 2.7755575615628914e-16], [3.6384576427118307, 4.3033131802983675, 2.3340508147678607], [4.709462218638871, 3.408199762853237, 4.701754282314042], [3.0980268459003475, 1.9690574909931111, 6.3872217561551485], [4.427615027751871, 1.4156948687361932, 8.893028958926045], [5.315541602621724, 3.739106363020058, 10.376341572170311], [3.1848745017952735, 5.511230127896667, 11.193541682750972], [-0.7349920484747366, 1.0546629071579332, -1.6014274666834667], [-0.7289815895198362, -1.9134465441112374, -0.12783191663064544], [-0.7712862469947595, 0.8381448227047825, 1.7045454671816795], [3.545237138773738, -0.9934643751272141, -1.6752751044529632], [3.5823026381097196, -1.0828642504936532, 1.600435840200305], [3.4153907992617007, 3.6722307948378914, -1.6480778404811656], [6.1195973616684824, 2.4374502428815408, -0.25534693235523964], [1.632613985360998, 4.615661300154743, 2.6183445354432973], [4.444150899204892, 6.148302378101775, 1.9233205073375488], [6.349728979000114, 2.512151397037726, 4.407650901299479], [2.4619857117040276, 0.17637076573552046, 5.589241981366952], [1.4067281322104854, 3.075419495613728, 6.731227717087038], [3.149800411214587, 0.303950205205765, 10.060487418267545], [6.051758656545948, 0.206065001445082, 8.522337123460476], [6.314713440659741, 3.083208876806814, 12.04875155351209], [6.671231063626539, 4.7868459721190835, 9.253034405453137], [1.746112187579354, 4.507827300987442, 12.263577351953408], [3.9092445232132627, 7.015904646410916, 12.385765752535118], [2.275949234598621, 6.390835249960665, 9.580758773413862]], "name": "C8H19N", "identifiers": {"molecule_hash": "bb1431ee958ca08e6c789a18e69f341b8dd09801", "molecular_formula": "C8H19N"}, "molecular_charge": 0.0, "molecular_multiplicity": 1, "connectivity": [[0, 1, 1.0], [0, 9, 1.0], [0, 10, 1.0], [0, 11, 1.0], [1, 2, 1.0], [1, 12, 1.0], [1, 13, 1.0], [2, 3, 1.0], [2, 14, 1.0], [2, 15, 1.0], [3, 4, 1.0], [3, 16, 1.0], [3, 17, 1.0], [4, 5, 1.0], [4, 18, 1.0], [5, 6, 1.0], [5, 19, 1.0], [5, 20, 1.0], [6, 7, 1.0], [6, 21, 1.0], [6, 22, 1.0], [7, 8, 1.0], [7, 23, 1.0], [7, 24, 1.0], [8, 25, 1.0], [8, 26, 1.0], [8, 27, 1.0]], "fix_com": true, "fix_orientation": true, "provenance": {"creator": "QCElemental", "version": "v0.22.0", "routine": "qcelemental.molparse.from_schema"}, "id": "100665"}, "charge": 0, "optimize_geometry": false, "conformers": [], "conformer_generation_options": {"n_conformer_pool": 4000, "n_max_conformers": 0, "rms_tolerance": 0.05, "energy_window": 15, "keep_original_conformer": true}, "stage_1_unrestrained_charges": null, "stage_1_restrained_charges": null, "stage_2_unrestrained_charges": null, "stage_2_restrained_charges": null, "keep_original_orientation": false, "reorientations": [], "translations": [], "rotations": []}}]}, "surface_constraints": {"matrix": [[2003.8149727644873, 1939.724706734944, 1870.3138373393715, 1804.8794397962974, 1751.6807951766552, 1676.830981568977, 1584.211544260479, 1508.691295755154, 1497.7177100520464, 2012.1028389773867, 2010.4630498445401, 2013.709870417994, 1931.8190187023329, 1925.8759821419692, 1871.5082920864486, 1846.7207184365386, 1825.11205486583, 1765.0653196558644, 1728.9091285984423, 1706.118871501663, 1648.8145332681802, 1568.9489208657767, 1575.9899324410314, 1466.7844564839324, 1487.4402155814641, 1539.31368018972, 1460.9644065301022, 1475.7203218744507], [1939.724706734944, 1984.6988941259895, 1938.4712836021663, 1873.5386100025066, 1807.735574239738, 1717.1313734384755, 1627.1077770149839, 1539.743122153115, 1510.7225354166635, 1920.6853933683212, 1918.7380300885573, 1922.184486759671, 2008.5710238496288, 2003.1274370315978, 1935.3805866976775, 1933.8438336095783, 1882.4928296610742, 1853.6271255140648, 1795.9242703466016, 1738.0503468272059, 1681.4544696070184, 1615.1461683774305, 1626.015175315019, 1494.8572881729654, 1527.085430176313, 1543.275721611683, 1476.0638076922098, 1481.6812829464545], [1870.3138373393715, 1938.4712836021663, 1994.8821031828795, 1951.4096989694062, 1892.397959567902, 1802.090333435938, 1710.404438561101, 1617.2339960630907, 1579.727902774345, 1842.5157142056094, 1848.6368895586822, 1850.3969234153583, 1932.47033483799, 1928.504711957429, 2022.7811958668901, 2020.8954984226775, 1949.0199787147842, 1948.5183253719904, 1887.4786465617187, 1821.4788298139456, 1767.4888460228458, 1704.188889203692, 1704.9389944914872, 1569.3359954873192, 1607.9374815263932, 1604.9019807259094, 1542.2719578574938, 1553.6139711571311], [1804.8794397962974, 1873.5386100025066, 1951.4096989694062, 2006.1657469242728, 1963.5504221881233, 1897.3683515439773, 1812.1176920140779, 1710.885535985083, 1669.6079106556572, 1766.3026995085675, 1781.1167141131352, 1800.2923404926435, 1866.4307350245044, 1853.6744433392128, 1949.6059830283598, 1949.3016192012522, 2033.8716885400147, 2033.1442943840439, 1959.8474270054492, 1910.5521742199653, 1878.8724360797173, 1803.7195678154706, 1818.5042946744636, 1662.7291287957628, 1696.6646209997089, 1690.5840872855938, 1632.724523725428, 1643.207869564315], [1751.6807951766552, 1807.735574239738, 1892.397959567902, 1963.5504221881233, 2010.0618211117694, 1960.170454707469, 1888.9876085244985, 1799.846088088718, 1748.3356325709274, 1709.8127184757902, 1730.4019267436802, 1758.5375648346972, 1801.5962650931149, 1774.67438197855, 1888.3553753231688, 1888.0622123273538, 1963.566340131066, 1959.3163358071567, 2033.5967267346887, 1954.7407633159232, 1960.7034559591866, 1873.6810705621238, 1899.5842646878593, 1763.9982364222783, 1788.9120544487926, 1758.376803797732, 1711.1774100987695, 1724.4212094137067], [1676.830981568977, 1717.1313734384755, 1802.090333435938, 1897.3683515439773, 1960.170454707469, 1999.9093789927385, 1946.533511087039, 1868.2871099264398, 1811.1882853219188, 1642.9561041845604, 1654.0188550659223, 1690.7123687810206, 1699.5027121038588, 1684.2644810921747, 1795.124356800401, 1786.5784947765628, 1902.835779053109, 1896.9997162625466, 1958.6728310443311, 2026.12747976951, 2026.6231825148695, 1944.7034478669768, 1945.331472029495, 1850.700232981796, 1848.4345217065973, 1821.686315598304, 1767.647316154609, 1787.5040266555309], [1584.211544260479, 1627.1077770149839, 1710.404438561101, 1812.1176920140779, 1888.9876085244985, 1946.533511087039, 1990.712223991262, 1933.072444776514, 1865.157709192862, 1547.460724210868, 1557.6079672194655, 1603.79406606295, 1613.9092327654878, 1595.2173835062242, 1703.2899197323623, 1690.9369799548715, 1821.5695350964631, 1804.6171063724676, 1883.3288476456335, 1945.3419625076256, 1941.3696367645116, 2017.0896819639256, 2019.0664445601396, 1923.927478090101, 1924.807807567387, 1856.3285281110877, 1830.403020739147, 1841.909759777452], [1508.691295755154, 1539.743122153115, 1617.2339960630907, 1710.885535985083, 1799.846088088718, 1868.2871099264398, 1933.072444776514, 1976.9067010209662, 1933.1635500953926, 1481.95119580424, 1477.9602699790214, 1531.9259733077668, 1530.3229061554375, 1500.5688710071447, 1614.3271120578695, 1597.0302760773689, 1715.0390174563, 1695.3041010216998, 1780.4723678868654, 1863.3812453055157, 1866.540424662303, 1928.7684661320648, 1931.1184399969486, 1995.8474370977965, 1997.1813723673183, 1920.3896510620784, 1914.6024669760316, 1909.9234829994878], [1497.7177100520464, 1510.7225354166635, 1579.727902774345, 1669.6079106556572, 1748.3356325709274, 1811.1882853219188, 1865.157709192862, 1933.1635500953926, 1999.325265427018, 1476.9617348873264, 1468.6162045468088, 1527.5262429278275, 1497.9653323090097, 1467.1471769484344, 1583.2812870386456, 1549.9948967189125, 1685.653169879353, 1647.4470924899585, 1715.7714316497004, 1808.6423082861963, 1812.1848626496399, 1856.6744599044025, 1842.8597077488832, 1919.3192828706574, 1922.3569826790747, 2014.677274793756, 2007.8692905379435, 2003.681271236077], [2012.1028389773867, 1920.6853933683212, 1842.5157142056094, 1766.3026995085675, 1709.8127184757902, 1642.9561041845604, 1547.460724210868, 1481.95119580424, 1476.9617348873264, 2102.6504528636715, 1988.138115650496, 1993.6731128596582, 1899.1155334312186, 1907.0300996452474, 1847.9151780131942, 1818.2727604278086, 1777.3303423362026, 1731.5756630832968, 1680.875074884111, 1680.9416647951969, 1615.352840630725, 1529.704965892082, 1532.0325909999135, 1443.5322347112924, 1460.4323853375824, 1518.0524904115523, 1447.7068233420916, 1452.9297633013944], [2010.4630498445401, 1918.7380300885573, 1848.6368895586822, 1781.1167141131352, 1730.4019267436802, 1654.0188550659223, 1557.6079672194655, 1477.9602699790214, 1468.6162045468088, 1988.138115650496, 2099.0914228803517, 1992.7730214722924, 1903.8396757127612, 1891.4531097645463, 1852.5396502026865, 1823.6190995124057, 1808.4743195262886, 1731.0096010136222, 1713.2497539381538, 1683.7925513224116, 1628.1956460648769, 1540.3981515782796, 1552.7706091508126, 1438.8199956764624, 1449.6859137557756, 1512.3181125679757, 1425.717866531042, 1452.2019139214174], [2013.709870417994, 1922.184486759671, 1850.3969234153583, 1800.2923404926435, 1758.5375648346972, 1690.7123687810206, 1603.79406606295, 1531.9259733077668, 1527.5262429278275, 1993.6731128596582, 1992.7730214722924, 2103.028677007932, 1909.1585316767994, 1895.9251995285017, 1847.6602477332538, 1816.604573666207, 1831.781178668258, 1751.5983252489584, 1729.7223692956945, 1716.4606929260722, 1667.0546104589464, 1590.3453258463858, 1594.608210952276, 1486.6572717632075, 1510.9091734067313, 1573.8317725830746, 1488.3997181966756, 1507.862986994203], [1931.8190187023329, 2008.5710238496288, 1932.47033483799, 1866.4307350245044, 1801.5962650931149, 1699.5027121038588, 1613.9092327654878, 1530.3229061554375, 1497.9653323090097, 1899.1155334312186, 1903.8396757127612, 1909.1585316767994, 2112.9198415211304, 1996.876506223175, 1910.00157105026, 1924.193437503655, 1884.4757209285963, 1836.3520644485789, 1793.7774521342185, 1709.9417248527634, 1661.9533686588727, 1597.9141339276873, 1617.3078373978503, 1485.202673878542, 1523.9334005630037, 1531.4622325366186, 1465.4479349919725, 1463.280780744758], [1925.8759821419692, 2003.1274370315978, 1928.504711957429, 1853.6744433392128, 1774.67438197855, 1684.2644810921747, 1595.2173835062242, 1500.5688710071447, 1467.1471769484344, 1907.0300996452474, 1891.4531097645463, 1895.9251995285017, 1996.876506223175, 2100.470777772678, 1915.6798657361344, 1919.1921784127464, 1851.9398897559026, 1849.2062102995546, 1763.4155239643192, 1709.1078537343408, 1644.0761361963143, 1585.8566503708814, 1598.9204414991846, 1456.2820588553002, 1486.8504159630515, 1496.0065048346257, 1435.0629541843361, 1436.4267411684687], [1871.5082920864486, 1935.3805866976775, 2022.7811958668901, 1949.6059830283598, 1888.3553753231688, 1795.124356800401, 1703.2899197323623, 1614.3271120578695, 1583.2812870386456, 1847.9151780131942, 1852.5396502026865, 1847.6602477332538, 1910.00157105026, 1915.6798657361344, 2129.8017441034194, 2019.681476049538, 1935.0562047271014, 1937.034250089713, 1887.3922485371377, 1822.8154065204064, 1750.6499909475265, 1705.0462139117315, 1685.4796306938647, 1563.1981472833695, 1605.4333564172564, 1606.805916379086, 1545.7919525184254, 1563.6966267901514], [1846.7207184365386, 1933.8438336095783, 2020.8954984226775, 1949.3016192012522, 1888.0622123273538, 1786.5784947765628, 1690.9369799548715, 1597.0302760773689, 1549.9948967189125, 1818.2727604278086, 1823.6190995124057, 1816.604573666207, 1924.193437503655, 1919.1921784127464, 2019.681476049538, 2123.93474050155, 1925.3183373826116, 1946.891168851581, 1883.9746017488658, 1802.3540857885844, 1751.1424192648794, 1683.0677985708553, 1685.0726835860905, 1550.6449982496117, 1594.2776901069435, 1572.9910544019033, 1511.162842124385, 1520.3857585087906], [1825.11205486583, 1882.4928296610742, 1949.0199787147842, 2033.8716885400147, 1963.566340131066, 1902.835779053109, 1821.5695350964631, 1715.0390174563, 1685.653169879353, 1777.3303423362026, 1808.4743195262886, 1831.781178668258, 1884.4757209285963, 1851.9398897559026, 1935.0562047271014, 1925.3183373826116, 2138.2723988686917, 2033.369290517295, 1941.3566869131096, 1921.4137981379383, 1879.8904590367495, 1815.830976062969, 1833.2956817576057, 1661.4579853145, 1692.0597606960114, 1714.0831990876409, 1648.4401081603417, 1660.949206408712], [1765.0653196558644, 1853.6271255140648, 1948.5183253719904, 2033.1442943840439, 1959.3163358071567, 1896.9997162625466, 1804.6171063724676, 1695.3041010216998, 1647.4470924899585, 1731.5756630832968, 1731.0096010136222, 1751.5983252489584, 1836.3520644485789, 1849.2062102995546, 1937.034250089713, 1946.891168851581, 2033.369290517295, 2137.135625625865, 1950.7612077108831, 1912.8592268906323, 1883.3537452905389, 1797.5923563853821, 1812.0789030188162, 1644.3060311058318, 1683.454040651016, 1665.3304223953792, 1612.6677784645121, 1617.2873801890005], [1728.9091285984423, 1795.9242703466016, 1887.4786465617187, 1959.8474270054492, 2033.5967267346887, 1958.6728310443311, 1883.3288476456335, 1780.4723678868654, 1715.7714316497004, 1680.875074884111, 1713.2497539381538, 1729.7223692956945, 1793.7774521342185, 1763.4155239643192, 1887.3922485371377, 1883.9746017488658, 1941.3566869131096, 1950.7612077108831, 2123.0389859910256, 1937.4925000506037, 1954.7887358840578, 1856.2711687906005, 1913.819964764983, 1747.475327702853, 1768.1036952906952, 1714.7463999473896, 1683.2639864097023, 1689.2824365165043], [1706.118871501663, 1738.0503468272059, 1821.4788298139456, 1910.5521742199653, 1954.7407633159232, 2026.12747976951, 1945.3419625076256, 1863.3812453055157, 1808.6423082861963, 1680.9416647951969, 1683.7925513224116, 1716.4606929260722, 1709.9417248527634, 1709.1078537343408, 1822.8154065204064, 1802.3540857885844, 1921.4137981379383, 1912.8592268906323, 1937.4925000506037, 2128.081817327035, 2025.966172285403, 1945.3898514425064, 1923.4779339476108, 1853.0280561985319, 1832.2951797456917, 1833.2961868261887, 1758.1052368202954, 1780.025343054757], [1648.8145332681802, 1681.4544696070184, 1767.4888460228458, 1878.8724360797173, 1960.7034559591866, 2026.6231825148695, 1941.3696367645116, 1866.540424662303, 1812.1848626496399, 1615.35284063072