{"resp_b": 0.1, "restrained_fit": true, "exclude_hydrogens": true, "convergence_tolerance": 1e-06, "max_iter": 500, "resp_a": 0.0005, "charge_constraints": {"charge_sum_constraints": [], "charge_equivalence_constraints": [], "molecules": [{"qcmol": {"schema_name": "qcschema_molecule", "schema_version": 2, "validated": true, "symbols": ["C", "C", "C", "C", "N", "C", "C", "C", "C", "H", "H", "H", "H", "H", "H", "H", "H", "H", "H", "H", "H", "H", "H", "H", "H", "H", "H", "H"], "geometry": [[0.0, -0.0, 0.0], [2.890350054374074, 2.710256784461999e-16, -1.0823429205546116e-15], [4.086854581353856, 2.638367998181124, 2.7755575615628914e-16], [3.6384576427118307, 4.3033131802983675, 2.3340508147678607], [4.709462218638871, 3.408199762853237, 4.701754282314042], [3.0980268459003475, 1.9690574909931111, 6.3872217561551485], [4.427615027751871, 1.4156948687361932, 8.893028958926045], [5.315541602621724, 3.739106363020058, 10.376341572170311], [3.1848745017952735, 5.511230127896667, 11.193541682750972], [-0.7349920484747366, 1.0546629071579332, -1.6014274666834667], [-0.7289815895198362, -1.9134465441112374, -0.12783191663064544], [-0.7712862469947595, 0.8381448227047825, 1.7045454671816795], [3.545237138773738, -0.9934643751272141, -1.6752751044529632], [3.5823026381097196, -1.0828642504936532, 1.600435840200305], [3.4153907992617007, 3.6722307948378914, -1.6480778404811656], [6.1195973616684824, 2.4374502428815408, -0.25534693235523964], [1.632613985360998, 4.615661300154743, 2.6183445354432973], [4.444150899204892, 6.148302378101775, 1.9233205073375488], [6.349728979000114, 2.512151397037726, 4.407650901299479], [2.4619857117040276, 0.17637076573552046, 5.589241981366952], [1.4067281322104854, 3.075419495613728, 6.731227717087038], [3.149800411214587, 0.303950205205765, 10.060487418267545], [6.051758656545948, 0.206065001445082, 8.522337123460476], [6.314713440659741, 3.083208876806814, 12.04875155351209], [6.671231063626539, 4.7868459721190835, 9.253034405453137], [1.746112187579354, 4.507827300987442, 12.263577351953408], [3.9092445232132627, 7.015904646410916, 12.385765752535118], [2.275949234598621, 6.390835249960665, 9.580758773413862]], "name": "C8H19N", "identifiers": {"molecule_hash": "bb1431ee958ca08e6c789a18e69f341b8dd09801", "molecular_formula": "C8H19N"}, "molecular_charge": 0.0, "molecular_multiplicity": 1, "connectivity": [[0, 1, 1.0], [0, 9, 1.0], [0, 10, 1.0], [0, 11, 1.0], [1, 2, 1.0], [1, 12, 1.0], [1, 13, 1.0], [2, 3, 1.0], [2, 14, 1.0], [2, 15, 1.0], [3, 4, 1.0], [3, 16, 1.0], [3, 17, 1.0], [4, 5, 1.0], [4, 18, 1.0], [5, 6, 1.0], [5, 19, 1.0], [5, 20, 1.0], [6, 7, 1.0], [6, 21, 1.0], [6, 22, 1.0], [7, 8, 1.0], [7, 23, 1.0], [7, 24, 1.0], [8, 25, 1.0], [8, 26, 1.0], [8, 27, 1.0]], "fix_com": true, "fix_orientation": true, "provenance": {"creator": "QCElemental", "version": "v0.22.0", "routine": "qcelemental.molparse.from_schema"}, "id": "100665"}, "charge": 0, "optimize_geometry": false, "conformers": [], "conformer_generation_options": {"n_conformer_pool": 4000, "n_max_conformers": 0, "rms_tolerance": 0.05, "energy_window": 15, "keep_original_conformer": true}, "stage_1_unrestrained_charges": null, "stage_1_restrained_charges": null, "stage_2_unrestrained_charges": null, "stage_2_restrained_charges": null, "keep_original_orientation": false, "reorientations": [], "translations": [], "rotations": []}], "unconstrained_atoms": [{"index": 0, "molecule": {"qcmol": {"schema_name": "qcschema_molecule", "schema_version": 2, "validated": true, "symbols": ["C", "C", "C", "C", "N", "C", "C", "C", "C", "H", "H", "H", "H", "H", "H", "H", "H", "H", "H", "H", "H", "H", "H", "H", "H", "H", "H", "H"], "geometry": [[0.0, -0.0, 0.0], [2.890350054374074, 2.710256784461999e-16, -1.0823429205546116e-15], [4.086854581353856, 2.638367998181124, 2.7755575615628914e-16], [3.6384576427118307, 4.3033131802983675, 2.3340508147678607], [4.709462218638871, 3.408199762853237, 4.701754282314042], [3.0980268459003475, 1.9690574909931111, 6.3872217561551485], [4.427615027751871, 1.4156948687361932, 8.893028958926045], [5.315541602621724, 3.739106363020058, 10.376341572170311], [3.1848745017952735, 5.511230127896667, 11.193541682750972], [-0.7349920484747366, 1.0546629071579332, -1.6014274666834667], [-0.7289815895198362, -1.9134465441112374, -0.12783191663064544], [-0.7712862469947595, 0.8381448227047825, 1.7045454671816795], [3.545237138773738, -0.9934643751272141, -1.6752751044529632], [3.5823026381097196, -1.0828642504936532, 1.600435840200305], [3.4153907992617007, 3.6722307948378914, -1.6480778404811656], [6.1195973616684824, 2.4374502428815408, -0.25534693235523964], [1.632613985360998, 4.615661300154743, 2.6183445354432973], [4.444150899204892, 6.148302378101775, 1.9233205073375488], [6.349728979000114, 2.512151397037726, 4.407650901299479], [2.4619857117040276, 0.17637076573552046, 5.589241981366952], [1.4067281322104854, 3.075419495613728, 6.731227717087038], [3.149800411214587, 0.303950205205765, 10.060487418267545], [6.051758656545948, 0.206065001445082, 8.522337123460476], [6.314713440659741, 3.083208876806814, 12.04875155351209], [6.671231063626539, 4.7868459721190835, 9.253034405453137], [1.746112187579354, 4.507827300987442, 12.263577351953408], [3.9092445232132627, 7.015904646410916, 12.385765752535118], [2.275949234598621, 6.390835249960665, 9.580758773413862]], "name": "C8H19N", "identifiers": {"molecule_hash": "bb1431ee958ca08e6c789a18e69f341b8dd09801", "molecular_formula": "C8H19N"}, "molecular_charge": 0.0, "molecular_multiplicity": 1, "connectivity": [[0, 1, 1.0], [0, 9, 1.0], [0, 10, 1.0], [0, 11, 1.0], [1, 2, 1.0], [1, 12, 1.0], [1, 13, 1.0], [2, 3, 1.0], [2, 14, 1.0], [2, 15, 1.0], [3, 4, 1.0], [3, 16, 1.0], [3, 17, 1.0], [4, 5, 1.0], [4, 18, 1.0], [5, 6, 1.0], [5, 19, 1.0], [5, 20, 1.0], [6, 7, 1.0], [6, 21, 1.0], [6, 22, 1.0], [7, 8, 1.0], [7, 23, 1.0], [7, 24, 1.0], [8, 25, 1.0], [8, 26, 1.0], [8, 27, 1.0]], "fix_com": true, "fix_orientation": true, "provenance": {"creator": "QCElemental", "version": "v0.22.0", "routine": "qcelemental.molparse.from_schema"}, "id": "100665"}, "charge": 0, "optimize_geometry": false, "conformers": [], "conformer_generation_options": {"n_conformer_pool": 4000, "n_max_conformers": 0, "rms_tolerance": 0.05, "energy_window": 15, "keep_original_conformer": true}, "stage_1_unrestrained_charges": null, "stage_1_restrained_charges": null, "stage_2_unrestrained_charges": null, "stage_2_restrained_charges": null, "keep_original_orientation": false, "reorientations": [], "translations": [], "rotations": []}}, {"index": 1, "molecule": {"qcmol": {"schema_name": "qcschema_molecule", "schema_version": 2, "validated": true, "symbols": ["C", "C", "C", "C", "N", "C", "C", "C", "C", "H", "H", "H", "H", "H", "H", "H", "H", "H", "H", "H", "H", "H", "H", "H", "H", "H", "H", "H"], "geometry": [[0.0, -0.0, 0.0], [2.890350054374074, 2.710256784461999e-16, -1.0823429205546116e-15], [4.086854581353856, 2.638367998181124, 2.7755575615628914e-16], [3.6384576427118307, 4.3033131802983675, 2.3340508147678607], [4.709462218638871, 3.408199762853237, 4.701754282314042], [3.0980268459003475, 1.9690574909931111, 6.3872217561551485], [4.427615027751871, 1.4156948687361932, 8.893028958926045], [5.315541602621724, 3.739106363020058, 10.376341572170311], [3.1848745017952735, 5.511230127896667, 11.193541682750972], [-0.7349920484747366, 1.0546629071579332, -1.6014274666834667], [-0.7289815895198362, -1.9134465441112374, -0.12783191663064544], [-0.7712862469947595, 0.8381448227047825, 1.7045454671816795], [3.545237138773738, -0.9934643751272141, -1.6752751044529632], [3.5823026381097196, -1.0828642504936532, 1.600435840200305], [3.4153907992617007, 3.6722307948378914, -1.6480778404811656], [6.1195973616684824, 2.4374502428815408, -0.25534693235523964], [1.632613985360998, 4.615661300154743, 2.6183445354432973], [4.444150899204892, 6.148302378101775, 1.9233205073375488], [6.349728979000114, 2.512151397037726, 4.407650901299479], [2.4619857117040276, 0.17637076573552046, 5.589241981366952], [1.4067281322104854, 3.075419495613728, 6.731227717087038], [3.149800411214587, 0.303950205205765, 10.060487418267545], [6.051758656545948, 0.206065001445082, 8.522337123460476], [6.314713440659741, 3.083208876806814, 12.04875155351209], [6.671231063626539, 4.7868459721190835, 9.253034405453137], [1.746112187579354, 4.507827300987442, 12.263577351953408], [3.9092445232132627, 7.015904646410916, 12.385765752535118], [2.275949234598621, 6.390835249960665, 9.580758773413862]], "name": "C8H19N", "identifiers": {"molecule_hash": "bb1431ee958ca08e6c789a18e69f341b8dd09801", "molecular_formula": "C8H19N"}, "molecular_charge": 0.0, "molecular_multiplicity": 1, "connectivity": [[0, 1, 1.0], [0, 9, 1.0], [0, 10, 1.0], [0, 11, 1.0], [1, 2, 1.0], [1, 12, 1.0], [1, 13, 1.0], [2, 3, 1.0], [2, 14, 1.0], [2, 15, 1.0], [3, 4, 1.0], [3, 16, 1.0], [3, 17, 1.0], [4, 5, 1.0], [4, 18, 1.0], [5, 6, 1.0], [5, 19, 1.0], [5, 20, 1.0], [6, 7, 1.0], [6, 21, 1.0], [6, 22, 1.0], [7, 8, 1.0], [7, 23, 1.0], [7, 24, 1.0], [8, 25, 1.0], [8, 26, 1.0], [8, 27, 1.0]], "fix_com": true, "fix_orientation": true, "provenance": {"creator": "QCElemental", "version": "v0.22.0", "routine": "qcelemental.molparse.from_schema"}, "id": "100665"}, "charge": 0, "optimize_geometry": false, "conformers": [], "conformer_generation_options": {"n_conformer_pool": 4000, "n_max_conformers": 0, "rms_tolerance": 0.05, "energy_window": 15, "keep_original_conformer": true}, "stage_1_unrestrained_charges": null, "stage_1_restrained_charges": null, "stage_2_unrestrained_charges": null, "stage_2_restrained_charges": null, "keep_original_orientation": false, "reorientations": [], "translations": [], "rotations": []}}, {"index": 2, "molecule": {"qcmol": {"schema_name": "qcschema_molecule", "schema_version": 2, "validated": true, "symbols": ["C", "C", "C", "C", "N", "C", "C", "C", "C", "H", "H", "H", "H", "H", "H", "H", "H", "H", "H", "H", "H", "H", "H", "H", "H", "H", "H", "H"], "geometry": [[0.0, -0.0, 0.0], [2.890350054374074, 2.710256784461999e-16, -1.0823429205546116e-15], [4.086854581353856, 2.638367998181124, 2.7755575615628914e-16], [3.6384576427118307, 4.3033131802983675, 2.3340508147678607], [4.709462218638871, 3.408199762853237, 4.701754282314042], [3.0980268459003475, 1.9690574909931111, 6.3872217561551485], [4.427615027751871, 1.4156948687361932, 8.893028958926045], [5.315541602621724, 3.739106363020058, 10.376341572170311], [3.1848745017952735, 5.511230127896667, 11.193541682750972], [-0.7349920484747366, 1.0546629071579332, -1.6014274666834667], [-0.7289815895198362, -1.9134465441112374, -0.12783191663064544], [-0.7712862469947595, 0.8381448227047825, 1.7045454671816795], [3.545237138773738, -0.9934643751272141, -1.6752751044529632], [3.5823026381097196, -1.0828642504936532, 1.600435840200305], [3.4153907992617007, 3.6722307948378914, -1.6480778404811656], [6.1195973616684824, 2.4374502428815408, -0.25534693235523964], [1.632613985360998, 4.615661300154743, 2.6183445354432973], [4.444150899204892, 6.148302378101775, 1.9233205073375488], [6.349728979000114, 2.512151397037726, 4.407650901299479], [2.4619857117040276, 0.17637076573552046, 5.589241981366952], [1.4067281322104854, 3.075419495613728, 6.731227717087038], [3.149800411214587, 0.303950205205765, 10.060487418267545], [6.051758656545948, 0.206065001445082, 8.522337123460476], [6.314713440659741, 3.083208876806814, 12.04875155351209], [6.671231063626539, 4.7868459721190835, 9.253034405453137], [1.746112187579354, 4.507827300987442, 12.263577351953408], [3.9092445232132627, 7.015904646410916, 12.385765752535118], [2.275949234598621, 6.390835249960665, 9.580758773413862]], "name": "C8H19N", "identifiers": {"molecule_hash": "bb1431ee958ca08e6c789a18e69f341b8dd09801", "molecular_formula": "C8H19N"}, "molecular_charge": 0.0, "molecular_multiplicity": 1, "connectivity": [[0, 1, 1.0], [0, 9, 1.0], [0, 10, 1.0], [0, 11, 1.0], [1, 2, 1.0], [1, 12, 1.0], [1, 13, 1.0], [2, 3, 1.0], [2, 14, 1.0], [2, 15, 1.0], [3, 4, 1.0], [3, 16, 1.0], [3, 17, 1.0], [4, 5, 1.0], [4, 18, 1.0], [5, 6, 1.0], [5, 19, 1.0], [5, 20, 1.0], [6, 7, 1.0], [6, 21, 1.0], [6, 22, 1.0], [7, 8, 1.0], [7, 23, 1.0], [7, 24, 1.0], [8, 25, 1.0], [8, 26, 1.0], [8, 27, 1.0]], "fix_com": true, "fix_orientation": true, "provenance": {"creator": "QCElemental", "version": "v0.22.0", "routine": "qcelemental.molparse.from_schema"}, "id": "100665"}, "charge": 0, "optimize_geometry": false, "conformers": [], "conformer_generation_options": {"n_conformer_pool": 4000, "n_max_conformers": 0, "rms_tolerance": 0.05, "energy_window": 15, "keep_original_conformer": true}, "stage_1_unrestrained_charges": null, "stage_1_restrained_charges": null, "stage_2_unrestrained_charges": null, "stage_2_restrained_charges": null, "keep_original_orientation": false, "reorientations": [], "translations": [], "rotations": []}}, {"index": 3, "molecule": {"qcmol": {"schema_name": "qcschema_molecule", "schema_version": 2, "validated": true, "symbols": ["C", "C", "C", "C", "N", "C", "C", "C", "C", "H", "H", "H", "H", "H", "H", "H", "H", "H", "H", "H", "H", "H", "H", "H", "H", "H", "H", "H"], "geometry": [[0.0, -0.0, 0.0], [2.890350054374074, 2.710256784461999e-16, -1.0823429205546116e-15], [4.086854581353856, 2.638367998181124, 2.7755575615628914e-16], [3.6384576427118307, 4.3033131802983675, 2.3340508147678607], [4.709462218638871, 3.408199762853237, 4.701754282314042], [3.0980268459003475, 1.9690574909931111, 6.3872217561551485], [4.427615027751871, 1.4156948687361932, 8.893028958926045], [5.315541602621724, 3.739106363020058, 10.376341572170311], [3.1848745017952735, 5.511230127896667, 11.193541682750972], [-0.7349920484747366, 1.0546629071579332, -1.6014274666834667], [-0.7289815895198362, -1.9134465441112374, -0.12783191663064544], [-0.7712862469947595, 0.8381448227047825, 1.7045454671816795], [3.545237138773738, -0.9934643751272141, -1.6752751044529632], [3.5823026381097196, -1.0828642504936532, 1.600435840200305], [3.4153907992617007, 3.6722307948378914, -1.6480778404811656], [6.1195973616684824, 2.4374502428815408, -0.25534693235523964], [1.632613985360998, 4.615661300154743, 2.6183445354432973], [4.444150899204892, 6.148302378101775, 1.9233205073375488], [6.349728979000114, 2.512151397037726, 4.407650901299479], [2.4619857117040276, 0.17637076573552046, 5.589241981366952], [1.4067281322104854, 3.075419495613728, 6.731227717087038], [3.149800411214587, 0.303950205205765, 10.060487418267545], [6.051758656545948, 0.206065001445082, 8.522337123460476], [6.314713440659741, 3.083208876806814, 12.04875155351209], [6.671231063626539, 4.7868459721190835, 9.253034405453137], [1.746112187579354, 4.507827300987442, 12.263577351953408], [3.9092445232132627, 7.015904646410916, 12.385765752535118], [2.275949234598621, 6.390835249960665, 9.580758773413862]], "name": "C8H19N", "identifiers": {"molecule_hash": "bb1431ee958ca08e6c789a18e69f341b8dd09801", "molecular_formula": "C8H19N"}, "molecular_charge": 0.0, "molecular_multiplicity": 1, "connectivity": [[0, 1, 1.0], [0, 9, 1.0], [0, 10, 1.0], [0, 11, 1.0], [1, 2, 1.0], [1, 12, 1.0], [1, 13, 1.0], [2, 3, 1.0], [2, 14, 1.0], [2, 15, 1.0], [3, 4, 1.0], [3, 16, 1.0], [3, 17, 1.0], [4, 5, 1.0], [4, 18, 1.0], [5, 6, 1.0], [5, 19, 1.0], [5, 20, 1.0], [6, 7, 1.0], [6, 21, 1.0], [6, 22, 1.0], [7, 8, 1.0], [7, 23, 1.0], [7, 24, 1.0], [8, 25, 1.0], [8, 26, 1.0], [8, 27, 1.0]], "fix_com": true, "fix_orientation": true, "provenance": {"creator": "QCElemental", "version": "v0.22.0", "routine": "qcelemental.molparse.from_schema"}, "id": "100665"}, "charge": 0, "optimize_geometry": false, "conformers": [], "conformer_generation_options": {"n_conformer_pool": 4000, "n_max_conformers": 0, "rms_tolerance": 0.05, "energy_window": 15, "keep_original_conformer": true}, "stage_1_unrestrained_charges": null, "stage_1_restrained_charges": null, "stage_2_unrestrained_charges": null, "stage_2_restrained_charges": null, "keep_original_orientation": false, "reorientations": [], "translations": [], "rotations": []}}, {"index": 5, "molecule": {"qcmol": {"schema_name": "qcschema_molecule", "schema_version": 2, "validated": true, "symbols": ["C", "C", "C", "C", "N", "C", "C", "C", "C", "H", "H", "H", "H", "H", "H", "H", "H", "H", "H", "H", "H", "H", "H", "H", "H", "H", "H", "H"], "geometry": [[0.0, -0.0, 0.0], [2.890350054374074, 2.710256784461999e-16, -1.0823429205546116e-15], [4.086854581353856, 2.638367998181124, 2.7755575615628914e-16], [3.6384576427118307, 4.3033131802983675, 2.3340508147678607], [4.709462218638871, 3.408199762853237, 4.701754282314042], [3.0980268459003475, 1.9690574909931111, 6.3872217561551485], [4.427615027751871, 1.4156948687361932, 8.893028958926045], [5.315541602621724, 3.739106363020058, 10.376341572170311], [3.1848745017952735, 5.511230127896667, 11.193541682750972], [-0.7349920484747366, 1.0546629071579332, -1.6014274666834667], [-0.7289815895198362, -1.9134465441112374, -0.12783191663064544], [-0.7712862469947595, 0.8381448227047825, 1.7045454671816795], [3.545237138773738, -0.9934643751272141, -1.6752751044529632], [3.5823026381097196, -1.0828642504936532, 1.600435840200305], [3.4153907992617007, 3.6722307948378914, -1.6480778404811656], [6.1195973616684824, 2.4374502428815408, -0.25534693235523964], [1.632613985360998, 4.615661300154743, 2.6183445354432973], [4.444150899204892, 6.148302378101775, 1.9233205073375488], [6.349728979000114, 2.512151397037726, 4.407650901299479], [2.4619857117040276, 0.17637076573552046, 5.589241981366952], [1.4067281322104854, 3.075419495613728, 6.731227717087038], [3.149800411214587, 0.303950205205765, 10.060487418267545], [6.051758656545948, 0.206065001445082, 8.522337123460476], [6.314713440659741, 3.083208876806814, 12.04875155351209], [6.671231063626539, 4.7868459721190835, 9.253034405453137], [1.746112187579354, 4.507827300987442, 12.263577351953408], [3.9092445232132627, 7.015904646410916, 12.385765752535118], [2.275949234598621, 6.390835249960665, 9.580758773413862]], "name": "C8H19N", "identifiers": {"molecule_hash": "bb1431ee958ca08e6c789a18e69f341b8dd09801", "molecular_formula": "C8H19N"}, "molecular_charge": 0.0, "molecular_multiplicity": 1, "connectivity": [[0, 1, 1.0], [0, 9, 1.0], [0, 10, 1.0], [0, 11, 1.0], [1, 2, 1.0], [1, 12, 1.0], [1, 13, 1.0], [2, 3, 1.0], [2, 14, 1.0], [2, 15, 1.0], [3, 4, 1.0], [3, 16, 1.0], [3, 17, 1.0], [4, 5, 1.0], [4, 18, 1.0], [5, 6, 1.0], [5, 19, 1.0], [5, 20, 1.0], [6, 7, 1.0], [6, 21, 1.0], [6, 22, 1.0], [7, 8, 1.0], [7, 23, 1.0], [7, 24, 1.0], [8, 25, 1.0], [8, 26, 1.0], [8, 27, 1.0]], "fix_com": true, "fix_orientation": true, "provenance": {"creator": "QCElemental", "version": "v0.22.0", "routine": "qcelemental.molparse.from_schema"}, "id": "100665"}, "charge": 0, "optimize_geometry": false, "conformers": [], "conformer_generation_options": {"n_conformer_pool": 4000, "n_max_conformers": 0, "rms_tolerance": 0.05, "energy_window": 15, "keep_original_conformer": true}, "stage_1_unrestrained_charges": null, "stage_1_restrained_charges": null, "stage_2_unrestrained_charges": null, "stage_2_restrained_charges": null, "keep_original_orientation": false, "reorientations": [], "translations": [], "rotations": []}}, {"index": 6, "molecule": {"qcmol": {"schema_name": "qcschema_molecule", "schema_version": 2, "validated": true, "symbols": ["C", "C", "C", "C", "N", "C", "C", "C", "C", "H", "H", "H", "H", "H", "H", "H", "H", "H", "H", "H", "H", "H", "H", "H", "H", "H", "H", "H"], "geometry": [[0.0, -0.0, 0.0], [2.890350054374074, 2.710256784461999e-16, -1.0823429205546116e-15], [4.086854581353856, 2.638367998181124, 2.7755575615628914e-16], [3.6384576427118307, 4.3033131802983675, 2.3340508147678607], [4.709462218638871, 3.408199762853237, 4.701754282314042], [3.0980268459003475, 1.9690574909931111, 6.3872217561551485], [4.427615027751871, 1.4156948687361932, 8.893028958926045], [5.315541602621724, 3.739106363020058, 10.376341572170311], [3.1848745017952735, 5.511230127896667, 11.193541682750972], [-0.7349920484747366, 1.0546629071579332, -1.6014274666834667], [-0.7289815895198362, -1.9134465441112374, -0.12783191663064544], [-0.7712862469947595, 0.8381448227047825, 1.7045454671816795], [3.545237138773738, -0.9934643751272141, -1.6752751044529632], [3.5823026381097196, -1.0828642504936532, 1.600435840200305], [3.4153907992617007, 3.6722307948378914, -1.6480778404811656], [6.1195973616684824, 2.4374502428815408, -0.25534693235523964], [1.632613985360998, 4.615661300154743, 2.6183445354432973], [4.444150899204892, 6.148302378101775, 1.9233205073375488], [6.349728979000114, 2.512151397037726, 4.407650901299479], [2.4619857117040276, 0.17637076573552046, 5.589241981366952], [1.4067281322104854, 3.075419495613728, 6.731227717087038], [3.149800411214587, 0.303950205205765, 10.060487418267545], [6.051758656545948, 0.206065001445082, 8.522337123460476], [6.314713440659741, 3.083208876806814, 12.04875155351209], [6.671231063626539, 4.7868459721190835, 9.253034405453137], [1.746112187579354, 4.507827300987442, 12.263577351953408], [3.9092445232132627, 7.015904646410916, 12.385765752535118], [2.275949234598621, 6.390835249960665, 9.580758773413862]], "name": "C8H19N", "identifiers": {"molecule_hash": "bb1431ee958ca08e6c789a18e69f341b8dd09801", "molecular_formula": "C8H19N"}, "molecular_charge": 0.0, "molecular_multiplicity": 1, "connectivity": [[0, 1, 1.0], [0, 9, 1.0], [0, 10, 1.0], [0, 11, 1.0], [1, 2, 1.0], [1, 12, 1.0], [1, 13, 1.0], [2, 3, 1.0], [2, 14, 1.0], [2, 15, 1.0], [3, 4, 1.0], [3, 16, 1.0], [3, 17, 1.0], [4, 5, 1.0], [4, 18, 1.0], [5, 6, 1.0], [5, 19, 1.0], [5, 20, 1.0], [6, 7, 1.0], [6, 21, 1.0], [6, 22, 1.0], [7, 8, 1.0], [7, 23, 1.0], [7, 24, 1.0], [8, 25, 1.0], [8, 26, 1.0], [8, 27, 1.0]], "fix_com": true, "fix_orientation": true, "provenance": {"creator": "QCElemental", "version": "v0.22.0", "routine": "qcelemental.molparse.from_schema"}, "id": "100665"}, "charge": 0, "optimize_geometry": false, "conformers": [], "conformer_generation_options": {"n_conformer_pool": 4000, "n_max_conformers": 0, "rms_tolerance": 0.05, "energy_window": 15, "keep_original_conformer": true}, "stage_1_unrestrained_charges": null, "stage_1_restrained_charges": null, "stage_2_unrestrained_charges": null, "stage_2_restrained_charges": null, "keep_original_orientation": false, "reorientations": [], "translations": [], "rotations": []}}, {"index": 7, "molecule": {"qcmol": {"schema_name": "qcschema_molecule", "schema_version": 2, "validated": true, "symbols": ["C", "C", "C", "C", "N", "C", "C", "C", "C", "H", "H", "H", "H", "H", "H", "H", "H", "H", "H", "H", "H", "H", "H", "H", "H", "H", "H", "H"], "geometry": [[0.0, -0.0, 0.0], [2.890350054374074, 2.710256784461999e-16, -1.0823429205546116e-15], [4.086854581353856, 2.638367998181124, 2.7755575615628914e-16], [3.6384576427118307, 4.3033131802983675, 2.3340508147678607], [4.709462218638871, 3.408199762853237, 4.701754282314042], [3.0980268459003475, 1.9690574909931111, 6.3872217561551485], [4.427615027751871, 1.4156948687361932, 8.893028958926045], [5.315541602621724, 3.739106363020058, 10.376341572170311], [3.1848745017952735, 5.511230127896667, 11.193541682750972], [-0.7349920484747366, 1.0546629071579332, -1.6014274666834667], [-0.7289815895198362, -1.9134465441112374, -0.12783191663064544], [-0.7712862469947595, 0.8381448227047825, 1.7045454671816795], [3.545237138773738, -0.9934643751272141, -1.6752751044529632], [3.5823026381097196, -1.0828642504936532, 1.600435840200305], [3.4153907992617007, 3.6722307948378914, -1.6480778404811656], [6.1195973616684824, 2.4374502428815408, -0.25534693235523964], [1.632613985360998, 4.615661300154743, 2.6183445354432973], [4.444150899204892, 6.148302378101775, 1.9233205073375488], [6.349728979000114, 2.512151397037726, 4.407650901299479], [2.4619857117040276, 0.17637076573552046, 5.589241981366952], [1.4067281322104854, 3.075419495613728, 6.731227717087038], [3.149800411214587, 0.303950205205765, 10.060487418267545], [6.051758656545948, 0.206065001445082, 8.522337123460476], [6.314713440659741, 3.083208876806814, 12.04875155351209], [6.671231063626539, 4.7868459721190835, 9.253034405453137], [1.746112187579354, 4.507827300987442, 12.263577351953408], [3.9092445232132627, 7.015904646410916, 12.385765752535118], [2.275949234598621, 6.390835249960665, 9.580758773413862]], "name": "C8H19N", "identifiers": {"molecule_hash": "bb1431ee958ca08e6c789a18e69f341b8dd09801", "molecular_formula": "C8H19N"}, "molecular_charge": 0.0, "molecular_multiplicity": 1, "connectivity": [[0, 1, 1.0], [0, 9, 1.0], [0, 10, 1.0], [0, 11, 1.0], [1, 2, 1.0], [1, 12, 1.0], [1, 13, 1.0], [2, 3, 1.0], [2, 14, 1.0], [2, 15, 1.0], [3, 4, 1.0], [3, 16, 1.0], [3, 17, 1.0], [4, 5, 1.0], [4, 18, 1.0], [5, 6, 1.0], [5, 19, 1.0], [5, 20, 1.0], [6, 7, 1.0], [6, 21, 1.0], [6, 22, 1.0], [7, 8, 1.0], [7, 23, 1.0], [7, 24, 1.0], [8, 25, 1.0], [8, 26, 1.0], [8, 27, 1.0]], "fix_com": true, "fix_orientation": true, "provenance": {"creator": "QCElemental", "version": "v0.22.0", "routine": "qcelemental.molparse.from_schema"}, "id": "100665"}, "charge": 0, "optimize_geometry": false, "conformers": [], "conformer_generation_options": {"n_conformer_pool": 4000, "n_max_conformers": 0, "rms_tolerance": 0.05, "energy_window": 15, "keep_original_conformer": true}, "stage_1_unrestrained_charges": null, "stage_1_restrained_charges": null, "stage_2_unrestrained_charges": null, "stage_2_restrained_charges": null, "keep_original_orientation": false, "reorientations": [], "translations": [], "rotations": []}}, {"index": 8, "molecule": {"qcmol": {"schema_name": "qcschema_molecule", "schema_version": 2, "validated": true, "symbols": ["C", "C", "C", "C", "N", "C", "C", "C", "C", "H", "H", "H", "H", "H", "H", "H", "H", "H", "H", "H", "H", "H", "H", "H", "H", "H", "H", "H"], "geometry": [[0.0, -0.0, 0.0], [2.890350054374074, 2.710256784461999e-16, -1.0823429205546116e-15], [4.086854581353856, 2.638367998181124, 2.7755575615628914e-16], [3.6384576427118307, 4.3033131802983675, 2.3340508147678607], [4.709462218638871, 3.408199762853237, 4.701754282314042], [3.0980268459003475, 1.9690574909931111, 6.3872217561551485], [4.427615027751871, 1.4156948687361932, 8.893028958926045], [5.315541602621724, 3.739106363020058, 10.376341572170311], [3.1848745017952735, 5.511230127896667, 11.193541682750972], [-0.7349920484747366, 1.0546629071579332, -1.6014274666834667], [-0.7289815895198362, -1.9134465441112374, -0.12783191663064544], [-0.7712862469947595, 0.8381448227047825, 1.7045454671816795], [3.545237138773738, -0.9934643751272141, -1.6752751044529632], [3.5823026381097196, -1.0828642504936532, 1.600435840200305], [3.4153907992617007, 3.6722307948378914, -1.6480778404811656], [6.1195973616684824, 2.4374502428815408, -0.25534693235523964], [1.632613985360998, 4.615661300154743, 2.6183445354432973], [4.444150899204892, 6.148302378101775, 1.9233205073375488], [6.349728979000114, 2.512151397037726, 4.407650901299479], [2.4619857117040276, 0.17637076573552046, 5.589241981366952], [1.4067281322104854, 3.075419495613728, 6.731227717087038], [3.149800411214587, 0.303950205205765, 10.060487418267545], [6.051758656545948, 0.206065001445082, 8.522337123460476], [6.314713440659741, 3.083208876806814, 12.04875155351209], [6.671231063626539, 4.7868459721190835, 9.253034405453137], [1.746112187579354, 4.507827300987442, 12.263577351953408], [3.9092445232132627, 7.015904646410916, 12.385765752535118], [2.275949234598621, 6.390835249960665, 9.580758773413862]], "name": "C8H19N", "identifiers": {"molecule_hash": "bb1431ee958ca08e6c789a18e69f341b8dd09801", "molecular_formula": "C8H19N"}, "molecular_charge": 0.0, "molecular_multiplicity": 1, "connectivity": [[0, 1, 1.0], [0, 9, 1.0], [0, 10, 1.0], [0, 11, 1.0], [1, 2, 1.0], [1, 12, 1.0], [1, 13, 1.0], [2, 3, 1.0], [2, 14, 1.0], [2, 15, 1.0], [3, 4, 1.0], [3, 16, 1.0], [3, 17, 1.0], [4, 5, 1.0], [4, 18, 1.0], [5, 6, 1.0], [5, 19, 1.0], [5, 20, 1.0], [6, 7, 1.0], [6, 21, 1.0], [6, 22, 1.0], [7, 8, 1.0], [7, 23, 1.0], [7, 24, 1.0], [8, 25, 1.0], [8, 26, 1.0], [8, 27, 1.0]], "fix_com": true, "fix_orientation": true, "provenance": {"creator": "QCElemental", "version": "v0.22.0", "routine": "qcelemental.molparse.from_schema"}, "id": "100665"}, "charge": 0, "optimize_geometry": false, "conformers": [], "conformer_generation_options": {"n_conformer_pool": 4000, "n_max_conformers": 0, "rms_tolerance": 0.05, "energy_window": 15, "keep_original_conformer": true}, "stage_1_unrestrained_charges": null, "stage_1_restrained_charges": null, "stage_2_unrestrained_charges": null, "stage_2_restrained_charges": null, "keep_original_orientation": false, "reorientations": [], "translations": [], "rotations": []}}]}, "surface_constraints": {"matrix": [[2002.117689922, 1939.401506362762, 1869.561384360694, 1805.655255354006, 1752.553230237946, 1669.2068621852231, 1577.6584845684492, 1493.6355357461657, 1470.2576738446153, 2007.012072187601, 2008.7620836168373, 2014.2962250378541, 1933.716123528588, 1924.4718335251127, 1868.89575485784, 1845.5783473387116, 1826.957170802464, 1764.1225505826392, 1731.5366653782621, 1681.5200580594928, 1648.831485550447, 1565.2656957106235, 1572.9026549598689, 1450.3682984994712, 1477.8318394350888, 1500.8938450066903, 1435.2777708397334, 1447.6236375181518], [1939.401506362762, 1985.2627520408166, 1938.7063448161766, 1877.741447351223, 1813.0958768169687, 1717.2616698064123, 1622.5173048603558, 1531.4612724821322, 1493.6114566788085, 1917.6474803271267, 1918.8327359728278, 1923.8336580463535, 2011.036964588036, 2002.2212840198697, 1932.9027985804842, 1933.0264035184127, 1888.902113457351, 1856.0345031690154, 1802.220523396188, 1727.6052443232325, 1690.3827625389938, 1609.0952321422687, 1620.9907343874333, 1487.85424432393, 1521.755620704429, 1520.655065304175, 1457.4119786798115, 1464.7105623382627], [1869.561384360694, 1938.7063448161766, 1995.2060671747065, 1956.3465713310495, 1898.9327197587209, 1804.8923377581284, 1701.9283706494648, 1606.7698235077246, 1560.5386867189834, 1838.9479779028154, 1848.2453907147328, 1851.216228891915, 1934.5588471826243, 1927.2917405110713, 2020.4006731417676, 2019.569095775197, 1955.8988473612333, 1952.2142307036447, 1893.9047915750468, 1818.131082057748, 1781.1523572390774, 1687.3071233698304, 1697.0094499976426, 1564.7280098970773, 1597.0416292543998, 1584.0292064048645, 1517.482929211545, 1535.0333122411512], [1805.655255354006, 1877.741447351223, 1956.3465713310495, 2015.8552938154141, 1974.2762561179898, 1907.4686658791254, 1809.9775780131422, 1711.9676940461443, 1670.0286127091556, 1764.078331074464, 1781.1407185735657, 1802.0474581990084, 1872.9419227052783, 1856.8643781263572, 1952.2875569344346, 1952.6819505058322, 2045.4498017428937, 2041.2951282569218, 1970.1831353101907, 1925.1649606208025, 1891.790611431524, 1796.4308734514789, 1807.6622130655542, 1667.5450991589407, 1695.8808558850087, 1695.748393264117, 1628.8668547641048, 1642.4628269657214], [1752.553230237946, 1813.0958768169687, 1898.9327197587209, 1974.2762561179898, 2019.391651120071, 1969.2569462387758, 1896.7937290623775, 1807.660237569386, 1757.586975882413, 1707.8818518096398, 1729.8649492946554, 1759.9434722187261, 1810.2398250392278, 1778.4722814981064, 1892.9426450439285, 1893.3265230733484, 1976.6917236150066, 1969.1238265625093, 2042.3922512811043, 1966.6890781831057, 1965.5230637997659, 1885.6701283988834, 1900.0617521267015, 1769.9608078972815, 1796.5487459763663, 1768.9902356801178, 1721.4314872384468, 1732.1258787695906], [1669.2068621852231, 1717.2616698064123, 1804.8923377581284, 1907.4686658791254, 1969.2569462387758, 2008.2152414421162, 1951.9878419249746, 1869.6373708003698, 1807.4910259321298, 1630.6651404255708, 1645.0125052180454, 1682.833772839168, 1703.876638534581, 1683.4832731636589, 1795.481041031326, 1787.4701098079433, 1915.6197125430294, 1907.4113008001812, 1966.0237778928474, 2037.8388872305434, 2031.1407190029831, 1950.57333370144, 1949.952859617073, 1851.68817065791, 1850.9948780461411, 1816.4803800666805, 1762.8909641437463, 1782.478905106683], [1577.6584845684492, 1622.5173048603558, 1701.9283706494648, 1809.9775780131422, 1896.7937290623775, 1951.9878419249746, 1992.9952067371937, 1931.80050651209, 1861.4194387031473, 1535.7425543267473, 1555.591902769349, 1596.4975431913451, 1613.8938589354195, 1589.9075244377118, 1688.324945086068, 1679.5508659387135, 1821.3772901967588, 1795.344257584645, 1891.3487444513253, 1952.5184629502046, 1945.0752310707774, 2020.1415658011504, 2019.7488225316895, 1921.9598638571601, 1924.272015252961, 1851.9621054876152, 1825.365067287924, 1838.2189393010572], [1493.6355357461657, 1531.4612724821322, 1606.7698235077246, 1711.9676940461443, 1807.660237569386, 1869.6373708003698, 1931.80050651209, 1972.9402709648593, 1927.8904180109748, 1457.7444116881636, 1467.6677877522106, 1516.1023454572937, 1529.569629839084, 1491.093008254781, 1593.4179896747003, 1585.5461074631164, 1721.6906820399595, 1692.777209378119, 1793.630567037863, 1868.7935339562837, 1859.3607667344836, 1928.1872109535002, 1928.4949657634038, 1991.0191749971823, 1993.6933074879948, 1915.2026136956881, 1907.8107376738212, 1905.6487064647017], [1470.2576738446153, 1493.6114566788085, 1560.5386867189834, 1670.0286127091556, 1757.586975882413, 1807.4910259321298, 1861.4194387031473, 1927.8904180109748, 1991.83187861211, 1435.603292331248, 1447.9703045693313, 1499.1225730212627, 1492.2004345986993, 1447.7378481517007, 1546.5921029575236, 1531.3315439695618, 1695.309043507492, 1645.8183360702658, 1739.492628952438, 1802.1342933180208, 1799.0616112118719, 1853.072780549207, 1839.1049342602826, 1914.229817228485, 1918.0884755803093, 2007.1209824955638, 1998.2143915817715, 1997.0399893181382], [2007.012072187601, 1917.6474803271267, 1838.9479779028154, 1764.078331074464, 1707.8818518096398, 1630.6651404255708, 1535.7425543267473, 1457.7444116881636, 1435.603292331248, 2093.03305953198, 1983.5254413518824, 1990.9403324319965, 1898.8902721008253, 1903.2125458664684, 1842.4790332637585, 1814.414484288045, 1775.6274077441838, 1727.9448052093053, 1682.1603057622813, 1645.2437068694283, 1616.0058074541046, 1519.5591506517744, 1528.6075980471544, 1419.227662835159, 1441.7036454673744, 1463.0495583611682, 1406.1977845959304, 1411.8317553067109], [2008.7620836168373, 1918.8327359728278, 1848.2453907147328, 1781.1407185735657, 1729.8649492946554, 1645.0125052180454, 1555.591902769349, 1467.6677877522106, 1447.9703045693313, 1983.5254413518824, 2096.49830298006, 1993.0620653264657, 1906.198702854297, 1890.9610215209739, 1850.6227970874518, 1823.3965302239035, 1808.8957791528853, 1729.747718872049, 1714.525395356459, 1657.932973399343, 1621.864457641537, 1546.6826734789613, 1552.5929989548538, 1424.109662220683, 1446.4383638107952, 1479.643458874359, 1410.601991451035, 1429.5584028667226], [2014.2962250378541, 1923.8336580463535, 1851.216228891915, 1802.0474581990084, 1759.9434722187261, 1682.833772839168, 1596.4975431913451, 1516.1023454572937, 1499.1225730212627, 1990.9403324319965, 1993.0620653264657, 2106.2458250713958, 1912.9766164985604, 1896.3666047911083, 1846.7309451464134, 1816.8119864424507, 1834.8799398050865, 1751.1261349056847, 1732.086258562077, 1692.9257238645666, 1665.129232021778, 1585.605913879084, 1590.5559961759695, 1468.9480192671977, 1501.1166294349077, 1533.897017204191, 1462.5756280511712, 1478.6158209349996], [1933.716123528588, 2011.036964588036, 1934.5588471826243, 1872.9419227052783, 1810.2398250392278, 1703.876638534581, 1613.8938589354195, 1529.569629839084, 1492.2004345986993, 1898.8902721008253, 1906.198702854297, 1912.9766164985604, 2115.9970582072838, 1998.4738455038316, 1909.9616170934135, 1924.5225962599063, 1893.0047487677045, 1840.59988037555, 1803.6174052119084, 1707.386911376081, 1671.8551223791276, 1598.2318967332926, 1612.196829247103, 1483.8580333686962, 1526.6998918943088, 1521.7109456069686, 1459.636762956302, 1457.7156940356992], [1924.4718335251127, 2002.2212840198697, 1927.2917405110713, 1856.8643781263572, 1778.4722814981064, 1683.4832731636589, 1589.9075244377118, 1491.093008254781, 1447.7378481517007, 1903.2125458664684, 1890.9610215209739, 1896.3666047911083, 1998.4738455038316, 2097.1815214571343, 1911.0167758676018, 1917.793152508977, 1858.1718087298655, 1850.7693740473, 1768.0093722406098, 1695.9935017328391, 1654.5247290386174, 1579.0788769458572, 1594.2223369256847, 1448.7365076213807, 1480.1976614956895, 1471.2526226573127, 1412.7323355065075, 1417.3944376369632], [1868.89575485784, 1932.9027985804842, 2020.4006731417676, 1952.2875569344346, 1892.9426450439285, 1795.481041031326, 1688.324945086068, 1593.4179896747003, 1546.5921029575236, 1842.4790332637585, 1850.6227970874518, 1846.7309451464134, 1909.9616170934135, 1911.0167758676018, 2123.383965331197, 2016.0959794152147, 1939.1425812436207, 1939.3167618803009, 1890.1053002756184, 1813.8464386340336, 1768.3434827038566, 1676.8099830787778, 1676.9090028656744, 1551.3674199753293, 1584.5479174737739, 1565.0201682945105, 1500.2453194791367, 1529.1651453447228], [1845.5783473387116, 1933.0264035184127, 2019.569095775197, 1952.6819505058322, 1893.3265230733484, 1787.4701098079433, 1679.5508659387135, 1585.5461074631164, 1531.3315439695618, 1814.414484288045, 1823.3965302239035, 1816.8119864424507, 1924.5225962599063, 1917.793152508977, 2016.0959794152147, 2120.0579539929886, 1930.971068245215, 1949.3461087620465, 1890.319847887661, 1795.9890870667143, 1764.5956715746502, 1659.6505937512015, 1676.055721957735, 1547.6776908605013, 1579.6386700511955, 1554.9769177039086, 1485.5120176929986, 1502.6019683693396], [1826.957170802464, 1888.902113457351, 1955.8988473612333, 2045.4498017428937, 1976.6917236150066, 1915.6197125430294, 1821.3772901967588, 1721.6906820399595, 1695.309043507492, 1775.6274077441838, 1808.8957791528853, 1834.8799398050865, 1893.0047487677045, 1858.1718087298655, 1939.1425812436207, 1930.971068245215, 2150.795308588292, 2043.265664688917, 1954.4812523146231, 1941.9451841154312, 1892.652801430445, 1813.7244158100057, 1817.0176142853154, 1669.0376906580032, 1698.5984003274357, 1730.4735432367033, 1655.7724049488884, 1668.0015606219781], [1764.1225505826392, 1856.0345031690154, 1952.2142307036447, 2041.2951282569218, 1969.1238265625093, 1907.4113008001812, 1795.344257584645, 1692.777209378119, 1645.8183360702658, 1727.9448052093053, 1729.747718872049, 1751.1261349056847, 1840.59988037555, 1850.7693740473, 1939.3167618803009, 1949.3461087620465, 2043.265664688917, 2143.3064745227043, 1960.3678441851296, 1933.6167039404334, 1898.0217536082732, 1775.7760063192925, 1793.30261307285, 1650.6395541645284, 1675.1785543914334, 1673.580268426444, 1602.3216058139403, 1615.1564910454542], [1731.5366653782621, 1802.220523396188, 1893.9047915750468, 1970.1831353101907, 2042.3922512811043, 1966.0237778928474, 1891.3487444513253, 1793.630567037863, 1739.492628952438, 1682.1603057622813, 1714.525395356459, 1732.086258562077, 1803.6174052119084, 1768.0093722406098, 1890.1053002756184, 1890.319847887661, 1954.4812523146231, 1960.3678441851296, 2129.0209490288703, 1950.8777367320758, 1953.2969580585768, 1873.1215154076358, 1907.2256397445203, 1756.5035168004547, 1779.7101645932996, 1742.6874993293638, 1710.9865253493638, 1712.4356376266946], [1681.5200580594928, 1727.6052443232325, 1818.131082057748, 1925.1649606208025, 1966.6890781831057, 2037.8388872305434, 1952.5184629502046, 1868.7935339562837, 1802.1342933180208, 1645.2437068694283, 1657.932973399343, 1692.9257238645666, 1707.386911376081, 1695.9935017328391, 1813.8464386340336, 1795.9890870667143, 1941.9451841154312, 1933.6167039404334, 1950.8777367320758, 2143.5299825433644, 2034.1606974375673, 1945.5132759591472, 1933.6451962527549, 1865.052945051995, 1838.562647363824, 1824.6229078858803, 1745.3522552294291, 1772.7161116110785], [1648.831485550447, 1690.3827625389938, 1781.1523572390774, 1891.790611431524, 1965.5230637997659, 2031.1407190029831, 1945.0752310707774, 1859.3607667344836, 1799.0616112118719, 1616.005807454