{"resp_b": 0.1, "restrained_fit": true, "exclude_hydrogens": true, "convergence_tolerance": 1e-06, "max_iter": 500, "resp_a": 0.0005, "charge_constraints": {"charge_sum_constraints": [], "charge_equivalence_constraints": [], "molecules": [{"qcmol": {"schema_name": "qcschema_molecule", "schema_version": 2, "validated": true, "symbols": ["C", "C", "C", "C", "N", "C", "C", "C", "C", "H", "H", "H", "H", "H", "H", "H", "H", "H", "H", "H", "H", "H", "H", "H", "H", "H", "H", "H"], "geometry": [[0.0, -0.0, 0.0], [2.890350054374074, 2.710256784461999e-16, -1.0823429205546116e-15], [4.086854581353856, 2.638367998181124, 2.7755575615628914e-16], [3.6384576427118307, 4.3033131802983675, 2.3340508147678607], [4.709462218638871, 3.408199762853237, 4.701754282314042], [3.0980268459003475, 1.9690574909931111, 6.3872217561551485], [4.427615027751871, 1.4156948687361932, 8.893028958926045], [5.315541602621724, 3.739106363020058, 10.376341572170311], [3.1848745017952735, 5.511230127896667, 11.193541682750972], [-0.7349920484747366, 1.0546629071579332, -1.6014274666834667], [-0.7289815895198362, -1.9134465441112374, -0.12783191663064544], [-0.7712862469947595, 0.8381448227047825, 1.7045454671816795], [3.545237138773738, -0.9934643751272141, -1.6752751044529632], [3.5823026381097196, -1.0828642504936532, 1.600435840200305], [3.4153907992617007, 3.6722307948378914, -1.6480778404811656], [6.1195973616684824, 2.4374502428815408, -0.25534693235523964], [1.632613985360998, 4.615661300154743, 2.6183445354432973], [4.444150899204892, 6.148302378101775, 1.9233205073375488], [6.349728979000114, 2.512151397037726, 4.407650901299479], [2.4619857117040276, 0.17637076573552046, 5.589241981366952], [1.4067281322104854, 3.075419495613728, 6.731227717087038], [3.149800411214587, 0.303950205205765, 10.060487418267545], [6.051758656545948, 0.206065001445082, 8.522337123460476], [6.314713440659741, 3.083208876806814, 12.04875155351209], [6.671231063626539, 4.7868459721190835, 9.253034405453137], [1.746112187579354, 4.507827300987442, 12.263577351953408], [3.9092445232132627, 7.015904646410916, 12.385765752535118], [2.275949234598621, 6.390835249960665, 9.580758773413862]], "name": "C8H19N", "identifiers": {"molecule_hash": "bb1431ee958ca08e6c789a18e69f341b8dd09801", "molecular_formula": "C8H19N"}, "molecular_charge": 0.0, "molecular_multiplicity": 1, "connectivity": [[0, 1, 1.0], [0, 9, 1.0], [0, 10, 1.0], [0, 11, 1.0], [1, 2, 1.0], [1, 12, 1.0], [1, 13, 1.0], [2, 3, 1.0], [2, 14, 1.0], [2, 15, 1.0], [3, 4, 1.0], [3, 16, 1.0], [3, 17, 1.0], [4, 5, 1.0], [4, 18, 1.0], [5, 6, 1.0], [5, 19, 1.0], [5, 20, 1.0], [6, 7, 1.0], [6, 21, 1.0], [6, 22, 1.0], [7, 8, 1.0], [7, 23, 1.0], [7, 24, 1.0], [8, 25, 1.0], [8, 26, 1.0], [8, 27, 1.0]], "fix_com": true, "fix_orientation": true, "provenance": {"creator": "QCElemental", "version": "v0.22.0", "routine": "qcelemental.molparse.from_schema"}, "id": "100665"}, "charge": 0, "optimize_geometry": false, "conformers": [], "conformer_generation_options": {"n_conformer_pool": 4000, "n_max_conformers": 0, "rms_tolerance": 0.05, "energy_window": 15, "keep_original_conformer": true}, "stage_1_unrestrained_charges": null, "stage_1_restrained_charges": null, "stage_2_unrestrained_charges": null, "stage_2_restrained_charges": null, "keep_original_orientation": false, "reorientations": [], "translations": [], "rotations": []}], "unconstrained_atoms": [{"index": 0, "molecule": {"qcmol": {"schema_name": "qcschema_molecule", "schema_version": 2, "validated": true, "symbols": ["C", "C", "C", "C", "N", "C", "C", "C", "C", "H", "H", "H", "H", "H", "H", "H", "H", "H", "H", "H", "H", "H", "H", "H", "H", "H", "H", "H"], "geometry": [[0.0, -0.0, 0.0], [2.890350054374074, 2.710256784461999e-16, -1.0823429205546116e-15], [4.086854581353856, 2.638367998181124, 2.7755575615628914e-16], [3.6384576427118307, 4.3033131802983675, 2.3340508147678607], [4.709462218638871, 3.408199762853237, 4.701754282314042], [3.0980268459003475, 1.9690574909931111, 6.3872217561551485], [4.427615027751871, 1.4156948687361932, 8.893028958926045], [5.315541602621724, 3.739106363020058, 10.376341572170311], [3.1848745017952735, 5.511230127896667, 11.193541682750972], [-0.7349920484747366, 1.0546629071579332, -1.6014274666834667], [-0.7289815895198362, -1.9134465441112374, -0.12783191663064544], [-0.7712862469947595, 0.8381448227047825, 1.7045454671816795], [3.545237138773738, -0.9934643751272141, -1.6752751044529632], [3.5823026381097196, -1.0828642504936532, 1.600435840200305], [3.4153907992617007, 3.6722307948378914, -1.6480778404811656], [6.1195973616684824, 2.4374502428815408, -0.25534693235523964], [1.632613985360998, 4.615661300154743, 2.6183445354432973], [4.444150899204892, 6.148302378101775, 1.9233205073375488], [6.349728979000114, 2.512151397037726, 4.407650901299479], [2.4619857117040276, 0.17637076573552046, 5.589241981366952], [1.4067281322104854, 3.075419495613728, 6.731227717087038], [3.149800411214587, 0.303950205205765, 10.060487418267545], [6.051758656545948, 0.206065001445082, 8.522337123460476], [6.314713440659741, 3.083208876806814, 12.04875155351209], [6.671231063626539, 4.7868459721190835, 9.253034405453137], [1.746112187579354, 4.507827300987442, 12.263577351953408], [3.9092445232132627, 7.015904646410916, 12.385765752535118], [2.275949234598621, 6.390835249960665, 9.580758773413862]], "name": "C8H19N", "identifiers": {"molecule_hash": "bb1431ee958ca08e6c789a18e69f341b8dd09801", "molecular_formula": "C8H19N"}, "molecular_charge": 0.0, "molecular_multiplicity": 1, "connectivity": [[0, 1, 1.0], [0, 9, 1.0], [0, 10, 1.0], [0, 11, 1.0], [1, 2, 1.0], [1, 12, 1.0], [1, 13, 1.0], [2, 3, 1.0], [2, 14, 1.0], [2, 15, 1.0], [3, 4, 1.0], [3, 16, 1.0], [3, 17, 1.0], [4, 5, 1.0], [4, 18, 1.0], [5, 6, 1.0], [5, 19, 1.0], [5, 20, 1.0], [6, 7, 1.0], [6, 21, 1.0], [6, 22, 1.0], [7, 8, 1.0], [7, 23, 1.0], [7, 24, 1.0], [8, 25, 1.0], [8, 26, 1.0], [8, 27, 1.0]], "fix_com": true, "fix_orientation": true, "provenance": {"creator": "QCElemental", "version": "v0.22.0", "routine": "qcelemental.molparse.from_schema"}, "id": "100665"}, "charge": 0, "optimize_geometry": false, "conformers": [], "conformer_generation_options": {"n_conformer_pool": 4000, "n_max_conformers": 0, "rms_tolerance": 0.05, "energy_window": 15, "keep_original_conformer": true}, "stage_1_unrestrained_charges": null, "stage_1_restrained_charges": null, "stage_2_unrestrained_charges": null, "stage_2_restrained_charges": null, "keep_original_orientation": false, "reorientations": [], "translations": [], "rotations": []}}, {"index": 1, "molecule": {"qcmol": {"schema_name": "qcschema_molecule", "schema_version": 2, "validated": true, "symbols": ["C", "C", "C", "C", "N", "C", "C", "C", "C", "H", "H", "H", "H", "H", "H", "H", "H", "H", "H", "H", "H", "H", "H", "H", "H", "H", "H", "H"], "geometry": [[0.0, -0.0, 0.0], [2.890350054374074, 2.710256784461999e-16, -1.0823429205546116e-15], [4.086854581353856, 2.638367998181124, 2.7755575615628914e-16], [3.6384576427118307, 4.3033131802983675, 2.3340508147678607], [4.709462218638871, 3.408199762853237, 4.701754282314042], [3.0980268459003475, 1.9690574909931111, 6.3872217561551485], [4.427615027751871, 1.4156948687361932, 8.893028958926045], [5.315541602621724, 3.739106363020058, 10.376341572170311], [3.1848745017952735, 5.511230127896667, 11.193541682750972], [-0.7349920484747366, 1.0546629071579332, -1.6014274666834667], [-0.7289815895198362, -1.9134465441112374, -0.12783191663064544], [-0.7712862469947595, 0.8381448227047825, 1.7045454671816795], [3.545237138773738, -0.9934643751272141, -1.6752751044529632], [3.5823026381097196, -1.0828642504936532, 1.600435840200305], [3.4153907992617007, 3.6722307948378914, -1.6480778404811656], [6.1195973616684824, 2.4374502428815408, -0.25534693235523964], [1.632613985360998, 4.615661300154743, 2.6183445354432973], [4.444150899204892, 6.148302378101775, 1.9233205073375488], [6.349728979000114, 2.512151397037726, 4.407650901299479], [2.4619857117040276, 0.17637076573552046, 5.589241981366952], [1.4067281322104854, 3.075419495613728, 6.731227717087038], [3.149800411214587, 0.303950205205765, 10.060487418267545], [6.051758656545948, 0.206065001445082, 8.522337123460476], [6.314713440659741, 3.083208876806814, 12.04875155351209], [6.671231063626539, 4.7868459721190835, 9.253034405453137], [1.746112187579354, 4.507827300987442, 12.263577351953408], [3.9092445232132627, 7.015904646410916, 12.385765752535118], [2.275949234598621, 6.390835249960665, 9.580758773413862]], "name": "C8H19N", "identifiers": {"molecule_hash": "bb1431ee958ca08e6c789a18e69f341b8dd09801", "molecular_formula": "C8H19N"}, "molecular_charge": 0.0, "molecular_multiplicity": 1, "connectivity": [[0, 1, 1.0], [0, 9, 1.0], [0, 10, 1.0], [0, 11, 1.0], [1, 2, 1.0], [1, 12, 1.0], [1, 13, 1.0], [2, 3, 1.0], [2, 14, 1.0], [2, 15, 1.0], [3, 4, 1.0], [3, 16, 1.0], [3, 17, 1.0], [4, 5, 1.0], [4, 18, 1.0], [5, 6, 1.0], [5, 19, 1.0], [5, 20, 1.0], [6, 7, 1.0], [6, 21, 1.0], [6, 22, 1.0], [7, 8, 1.0], [7, 23, 1.0], [7, 24, 1.0], [8, 25, 1.0], [8, 26, 1.0], [8, 27, 1.0]], "fix_com": true, "fix_orientation": true, "provenance": {"creator": "QCElemental", "version": "v0.22.0", "routine": "qcelemental.molparse.from_schema"}, "id": "100665"}, "charge": 0, "optimize_geometry": false, "conformers": [], "conformer_generation_options": {"n_conformer_pool": 4000, "n_max_conformers": 0, "rms_tolerance": 0.05, "energy_window": 15, "keep_original_conformer": true}, "stage_1_unrestrained_charges": null, "stage_1_restrained_charges": null, "stage_2_unrestrained_charges": null, "stage_2_restrained_charges": null, "keep_original_orientation": false, "reorientations": [], "translations": [], "rotations": []}}, {"index": 2, "molecule": {"qcmol": {"schema_name": "qcschema_molecule", "schema_version": 2, "validated": true, "symbols": ["C", "C", "C", "C", "N", "C", "C", "C", "C", "H", "H", "H", "H", "H", "H", "H", "H", "H", "H", "H", "H", "H", "H", "H", "H", "H", "H", "H"], "geometry": [[0.0, -0.0, 0.0], [2.890350054374074, 2.710256784461999e-16, -1.0823429205546116e-15], [4.086854581353856, 2.638367998181124, 2.7755575615628914e-16], [3.6384576427118307, 4.3033131802983675, 2.3340508147678607], [4.709462218638871, 3.408199762853237, 4.701754282314042], [3.0980268459003475, 1.9690574909931111, 6.3872217561551485], [4.427615027751871, 1.4156948687361932, 8.893028958926045], [5.315541602621724, 3.739106363020058, 10.376341572170311], [3.1848745017952735, 5.511230127896667, 11.193541682750972], [-0.7349920484747366, 1.0546629071579332, -1.6014274666834667], [-0.7289815895198362, -1.9134465441112374, -0.12783191663064544], [-0.7712862469947595, 0.8381448227047825, 1.7045454671816795], [3.545237138773738, -0.9934643751272141, -1.6752751044529632], [3.5823026381097196, -1.0828642504936532, 1.600435840200305], [3.4153907992617007, 3.6722307948378914, -1.6480778404811656], [6.1195973616684824, 2.4374502428815408, -0.25534693235523964], [1.632613985360998, 4.615661300154743, 2.6183445354432973], [4.444150899204892, 6.148302378101775, 1.9233205073375488], [6.349728979000114, 2.512151397037726, 4.407650901299479], [2.4619857117040276, 0.17637076573552046, 5.589241981366952], [1.4067281322104854, 3.075419495613728, 6.731227717087038], [3.149800411214587, 0.303950205205765, 10.060487418267545], [6.051758656545948, 0.206065001445082, 8.522337123460476], [6.314713440659741, 3.083208876806814, 12.04875155351209], [6.671231063626539, 4.7868459721190835, 9.253034405453137], [1.746112187579354, 4.507827300987442, 12.263577351953408], [3.9092445232132627, 7.015904646410916, 12.385765752535118], [2.275949234598621, 6.390835249960665, 9.580758773413862]], "name": "C8H19N", "identifiers": {"molecule_hash": "bb1431ee958ca08e6c789a18e69f341b8dd09801", "molecular_formula": "C8H19N"}, "molecular_charge": 0.0, "molecular_multiplicity": 1, "connectivity": [[0, 1, 1.0], [0, 9, 1.0], [0, 10, 1.0], [0, 11, 1.0], [1, 2, 1.0], [1, 12, 1.0], [1, 13, 1.0], [2, 3, 1.0], [2, 14, 1.0], [2, 15, 1.0], [3, 4, 1.0], [3, 16, 1.0], [3, 17, 1.0], [4, 5, 1.0], [4, 18, 1.0], [5, 6, 1.0], [5, 19, 1.0], [5, 20, 1.0], [6, 7, 1.0], [6, 21, 1.0], [6, 22, 1.0], [7, 8, 1.0], [7, 23, 1.0], [7, 24, 1.0], [8, 25, 1.0], [8, 26, 1.0], [8, 27, 1.0]], "fix_com": true, "fix_orientation": true, "provenance": {"creator": "QCElemental", "version": "v0.22.0", "routine": "qcelemental.molparse.from_schema"}, "id": "100665"}, "charge": 0, "optimize_geometry": false, "conformers": [], "conformer_generation_options": {"n_conformer_pool": 4000, "n_max_conformers": 0, "rms_tolerance": 0.05, "energy_window": 15, "keep_original_conformer": true}, "stage_1_unrestrained_charges": null, "stage_1_restrained_charges": null, "stage_2_unrestrained_charges": null, "stage_2_restrained_charges": null, "keep_original_orientation": false, "reorientations": [], "translations": [], "rotations": []}}, {"index": 3, "molecule": {"qcmol": {"schema_name": "qcschema_molecule", "schema_version": 2, "validated": true, "symbols": ["C", "C", "C", "C", "N", "C", "C", "C", "C", "H", "H", "H", "H", "H", "H", "H", "H", "H", "H", "H", "H", "H", "H", "H", "H", "H", "H", "H"], "geometry": [[0.0, -0.0, 0.0], [2.890350054374074, 2.710256784461999e-16, -1.0823429205546116e-15], [4.086854581353856, 2.638367998181124, 2.7755575615628914e-16], [3.6384576427118307, 4.3033131802983675, 2.3340508147678607], [4.709462218638871, 3.408199762853237, 4.701754282314042], [3.0980268459003475, 1.9690574909931111, 6.3872217561551485], [4.427615027751871, 1.4156948687361932, 8.893028958926045], [5.315541602621724, 3.739106363020058, 10.376341572170311], [3.1848745017952735, 5.511230127896667, 11.193541682750972], [-0.7349920484747366, 1.0546629071579332, -1.6014274666834667], [-0.7289815895198362, -1.9134465441112374, -0.12783191663064544], [-0.7712862469947595, 0.8381448227047825, 1.7045454671816795], [3.545237138773738, -0.9934643751272141, -1.6752751044529632], [3.5823026381097196, -1.0828642504936532, 1.600435840200305], [3.4153907992617007, 3.6722307948378914, -1.6480778404811656], [6.1195973616684824, 2.4374502428815408, -0.25534693235523964], [1.632613985360998, 4.615661300154743, 2.6183445354432973], [4.444150899204892, 6.148302378101775, 1.9233205073375488], [6.349728979000114, 2.512151397037726, 4.407650901299479], [2.4619857117040276, 0.17637076573552046, 5.589241981366952], [1.4067281322104854, 3.075419495613728, 6.731227717087038], [3.149800411214587, 0.303950205205765, 10.060487418267545], [6.051758656545948, 0.206065001445082, 8.522337123460476], [6.314713440659741, 3.083208876806814, 12.04875155351209], [6.671231063626539, 4.7868459721190835, 9.253034405453137], [1.746112187579354, 4.507827300987442, 12.263577351953408], [3.9092445232132627, 7.015904646410916, 12.385765752535118], [2.275949234598621, 6.390835249960665, 9.580758773413862]], "name": "C8H19N", "identifiers": {"molecule_hash": "bb1431ee958ca08e6c789a18e69f341b8dd09801", "molecular_formula": "C8H19N"}, "molecular_charge": 0.0, "molecular_multiplicity": 1, "connectivity": [[0, 1, 1.0], [0, 9, 1.0], [0, 10, 1.0], [0, 11, 1.0], [1, 2, 1.0], [1, 12, 1.0], [1, 13, 1.0], [2, 3, 1.0], [2, 14, 1.0], [2, 15, 1.0], [3, 4, 1.0], [3, 16, 1.0], [3, 17, 1.0], [4, 5, 1.0], [4, 18, 1.0], [5, 6, 1.0], [5, 19, 1.0], [5, 20, 1.0], [6, 7, 1.0], [6, 21, 1.0], [6, 22, 1.0], [7, 8, 1.0], [7, 23, 1.0], [7, 24, 1.0], [8, 25, 1.0], [8, 26, 1.0], [8, 27, 1.0]], "fix_com": true, "fix_orientation": true, "provenance": {"creator": "QCElemental", "version": "v0.22.0", "routine": "qcelemental.molparse.from_schema"}, "id": "100665"}, "charge": 0, "optimize_geometry": false, "conformers": [], "conformer_generation_options": {"n_conformer_pool": 4000, "n_max_conformers": 0, "rms_tolerance": 0.05, "energy_window": 15, "keep_original_conformer": true}, "stage_1_unrestrained_charges": null, "stage_1_restrained_charges": null, "stage_2_unrestrained_charges": null, "stage_2_restrained_charges": null, "keep_original_orientation": false, "reorientations": [], "translations": [], "rotations": []}}, {"index": 5, "molecule": {"qcmol": {"schema_name": "qcschema_molecule", "schema_version": 2, "validated": true, "symbols": ["C", "C", "C", "C", "N", "C", "C", "C", "C", "H", "H", "H", "H", "H", "H", "H", "H", "H", "H", "H", "H", "H", "H", "H", "H", "H", "H", "H"], "geometry": [[0.0, -0.0, 0.0], [2.890350054374074, 2.710256784461999e-16, -1.0823429205546116e-15], [4.086854581353856, 2.638367998181124, 2.7755575615628914e-16], [3.6384576427118307, 4.3033131802983675, 2.3340508147678607], [4.709462218638871, 3.408199762853237, 4.701754282314042], [3.0980268459003475, 1.9690574909931111, 6.3872217561551485], [4.427615027751871, 1.4156948687361932, 8.893028958926045], [5.315541602621724, 3.739106363020058, 10.376341572170311], [3.1848745017952735, 5.511230127896667, 11.193541682750972], [-0.7349920484747366, 1.0546629071579332, -1.6014274666834667], [-0.7289815895198362, -1.9134465441112374, -0.12783191663064544], [-0.7712862469947595, 0.8381448227047825, 1.7045454671816795], [3.545237138773738, -0.9934643751272141, -1.6752751044529632], [3.5823026381097196, -1.0828642504936532, 1.600435840200305], [3.4153907992617007, 3.6722307948378914, -1.6480778404811656], [6.1195973616684824, 2.4374502428815408, -0.25534693235523964], [1.632613985360998, 4.615661300154743, 2.6183445354432973], [4.444150899204892, 6.148302378101775, 1.9233205073375488], [6.349728979000114, 2.512151397037726, 4.407650901299479], [2.4619857117040276, 0.17637076573552046, 5.589241981366952], [1.4067281322104854, 3.075419495613728, 6.731227717087038], [3.149800411214587, 0.303950205205765, 10.060487418267545], [6.051758656545948, 0.206065001445082, 8.522337123460476], [6.314713440659741, 3.083208876806814, 12.04875155351209], [6.671231063626539, 4.7868459721190835, 9.253034405453137], [1.746112187579354, 4.507827300987442, 12.263577351953408], [3.9092445232132627, 7.015904646410916, 12.385765752535118], [2.275949234598621, 6.390835249960665, 9.580758773413862]], "name": "C8H19N", "identifiers": {"molecule_hash": "bb1431ee958ca08e6c789a18e69f341b8dd09801", "molecular_formula": "C8H19N"}, "molecular_charge": 0.0, "molecular_multiplicity": 1, "connectivity": [[0, 1, 1.0], [0, 9, 1.0], [0, 10, 1.0], [0, 11, 1.0], [1, 2, 1.0], [1, 12, 1.0], [1, 13, 1.0], [2, 3, 1.0], [2, 14, 1.0], [2, 15, 1.0], [3, 4, 1.0], [3, 16, 1.0], [3, 17, 1.0], [4, 5, 1.0], [4, 18, 1.0], [5, 6, 1.0], [5, 19, 1.0], [5, 20, 1.0], [6, 7, 1.0], [6, 21, 1.0], [6, 22, 1.0], [7, 8, 1.0], [7, 23, 1.0], [7, 24, 1.0], [8, 25, 1.0], [8, 26, 1.0], [8, 27, 1.0]], "fix_com": true, "fix_orientation": true, "provenance": {"creator": "QCElemental", "version": "v0.22.0", "routine": "qcelemental.molparse.from_schema"}, "id": "100665"}, "charge": 0, "optimize_geometry": false, "conformers": [], "conformer_generation_options": {"n_conformer_pool": 4000, "n_max_conformers": 0, "rms_tolerance": 0.05, "energy_window": 15, "keep_original_conformer": true}, "stage_1_unrestrained_charges": null, "stage_1_restrained_charges": null, "stage_2_unrestrained_charges": null, "stage_2_restrained_charges": null, "keep_original_orientation": false, "reorientations": [], "translations": [], "rotations": []}}, {"index": 6, "molecule": {"qcmol": {"schema_name": "qcschema_molecule", "schema_version": 2, "validated": true, "symbols": ["C", "C", "C", "C", "N", "C", "C", "C", "C", "H", "H", "H", "H", "H", "H", "H", "H", "H", "H", "H", "H", "H", "H", "H", "H", "H", "H", "H"], "geometry": [[0.0, -0.0, 0.0], [2.890350054374074, 2.710256784461999e-16, -1.0823429205546116e-15], [4.086854581353856, 2.638367998181124, 2.7755575615628914e-16], [3.6384576427118307, 4.3033131802983675, 2.3340508147678607], [4.709462218638871, 3.408199762853237, 4.701754282314042], [3.0980268459003475, 1.9690574909931111, 6.3872217561551485], [4.427615027751871, 1.4156948687361932, 8.893028958926045], [5.315541602621724, 3.739106363020058, 10.376341572170311], [3.1848745017952735, 5.511230127896667, 11.193541682750972], [-0.7349920484747366, 1.0546629071579332, -1.6014274666834667], [-0.7289815895198362, -1.9134465441112374, -0.12783191663064544], [-0.7712862469947595, 0.8381448227047825, 1.7045454671816795], [3.545237138773738, -0.9934643751272141, -1.6752751044529632], [3.5823026381097196, -1.0828642504936532, 1.600435840200305], [3.4153907992617007, 3.6722307948378914, -1.6480778404811656], [6.1195973616684824, 2.4374502428815408, -0.25534693235523964], [1.632613985360998, 4.615661300154743, 2.6183445354432973], [4.444150899204892, 6.148302378101775, 1.9233205073375488], [6.349728979000114, 2.512151397037726, 4.407650901299479], [2.4619857117040276, 0.17637076573552046, 5.589241981366952], [1.4067281322104854, 3.075419495613728, 6.731227717087038], [3.149800411214587, 0.303950205205765, 10.060487418267545], [6.051758656545948, 0.206065001445082, 8.522337123460476], [6.314713440659741, 3.083208876806814, 12.04875155351209], [6.671231063626539, 4.7868459721190835, 9.253034405453137], [1.746112187579354, 4.507827300987442, 12.263577351953408], [3.9092445232132627, 7.015904646410916, 12.385765752535118], [2.275949234598621, 6.390835249960665, 9.580758773413862]], "name": "C8H19N", "identifiers": {"molecule_hash": "bb1431ee958ca08e6c789a18e69f341b8dd09801", "molecular_formula": "C8H19N"}, "molecular_charge": 0.0, "molecular_multiplicity": 1, "connectivity": [[0, 1, 1.0], [0, 9, 1.0], [0, 10, 1.0], [0, 11, 1.0], [1, 2, 1.0], [1, 12, 1.0], [1, 13, 1.0], [2, 3, 1.0], [2, 14, 1.0], [2, 15, 1.0], [3, 4, 1.0], [3, 16, 1.0], [3, 17, 1.0], [4, 5, 1.0], [4, 18, 1.0], [5, 6, 1.0], [5, 19, 1.0], [5, 20, 1.0], [6, 7, 1.0], [6, 21, 1.0], [6, 22, 1.0], [7, 8, 1.0], [7, 23, 1.0], [7, 24, 1.0], [8, 25, 1.0], [8, 26, 1.0], [8, 27, 1.0]], "fix_com": true, "fix_orientation": true, "provenance": {"creator": "QCElemental", "version": "v0.22.0", "routine": "qcelemental.molparse.from_schema"}, "id": "100665"}, "charge": 0, "optimize_geometry": false, "conformers": [], "conformer_generation_options": {"n_conformer_pool": 4000, "n_max_conformers": 0, "rms_tolerance": 0.05, "energy_window": 15, "keep_original_conformer": true}, "stage_1_unrestrained_charges": null, "stage_1_restrained_charges": null, "stage_2_unrestrained_charges": null, "stage_2_restrained_charges": null, "keep_original_orientation": false, "reorientations": [], "translations": [], "rotations": []}}, {"index": 7, "molecule": {"qcmol": {"schema_name": "qcschema_molecule", "schema_version": 2, "validated": true, "symbols": ["C", "C", "C", "C", "N", "C", "C", "C", "C", "H", "H", "H", "H", "H", "H", "H", "H", "H", "H", "H", "H", "H", "H", "H", "H", "H", "H", "H"], "geometry": [[0.0, -0.0, 0.0], [2.890350054374074, 2.710256784461999e-16, -1.0823429205546116e-15], [4.086854581353856, 2.638367998181124, 2.7755575615628914e-16], [3.6384576427118307, 4.3033131802983675, 2.3340508147678607], [4.709462218638871, 3.408199762853237, 4.701754282314042], [3.0980268459003475, 1.9690574909931111, 6.3872217561551485], [4.427615027751871, 1.4156948687361932, 8.893028958926045], [5.315541602621724, 3.739106363020058, 10.376341572170311], [3.1848745017952735, 5.511230127896667, 11.193541682750972], [-0.7349920484747366, 1.0546629071579332, -1.6014274666834667], [-0.7289815895198362, -1.9134465441112374, -0.12783191663064544], [-0.7712862469947595, 0.8381448227047825, 1.7045454671816795], [3.545237138773738, -0.9934643751272141, -1.6752751044529632], [3.5823026381097196, -1.0828642504936532, 1.600435840200305], [3.4153907992617007, 3.6722307948378914, -1.6480778404811656], [6.1195973616684824, 2.4374502428815408, -0.25534693235523964], [1.632613985360998, 4.615661300154743, 2.6183445354432973], [4.444150899204892, 6.148302378101775, 1.9233205073375488], [6.349728979000114, 2.512151397037726, 4.407650901299479], [2.4619857117040276, 0.17637076573552046, 5.589241981366952], [1.4067281322104854, 3.075419495613728, 6.731227717087038], [3.149800411214587, 0.303950205205765, 10.060487418267545], [6.051758656545948, 0.206065001445082, 8.522337123460476], [6.314713440659741, 3.083208876806814, 12.04875155351209], [6.671231063626539, 4.7868459721190835, 9.253034405453137], [1.746112187579354, 4.507827300987442, 12.263577351953408], [3.9092445232132627, 7.015904646410916, 12.385765752535118], [2.275949234598621, 6.390835249960665, 9.580758773413862]], "name": "C8H19N", "identifiers": {"molecule_hash": "bb1431ee958ca08e6c789a18e69f341b8dd09801", "molecular_formula": "C8H19N"}, "molecular_charge": 0.0, "molecular_multiplicity": 1, "connectivity": [[0, 1, 1.0], [0, 9, 1.0], [0, 10, 1.0], [0, 11, 1.0], [1, 2, 1.0], [1, 12, 1.0], [1, 13, 1.0], [2, 3, 1.0], [2, 14, 1.0], [2, 15, 1.0], [3, 4, 1.0], [3, 16, 1.0], [3, 17, 1.0], [4, 5, 1.0], [4, 18, 1.0], [5, 6, 1.0], [5, 19, 1.0], [5, 20, 1.0], [6, 7, 1.0], [6, 21, 1.0], [6, 22, 1.0], [7, 8, 1.0], [7, 23, 1.0], [7, 24, 1.0], [8, 25, 1.0], [8, 26, 1.0], [8, 27, 1.0]], "fix_com": true, "fix_orientation": true, "provenance": {"creator": "QCElemental", "version": "v0.22.0", "routine": "qcelemental.molparse.from_schema"}, "id": "100665"}, "charge": 0, "optimize_geometry": false, "conformers": [], "conformer_generation_options": {"n_conformer_pool": 4000, "n_max_conformers": 0, "rms_tolerance": 0.05, "energy_window": 15, "keep_original_conformer": true}, "stage_1_unrestrained_charges": null, "stage_1_restrained_charges": null, "stage_2_unrestrained_charges": null, "stage_2_restrained_charges": null, "keep_original_orientation": false, "reorientations": [], "translations": [], "rotations": []}}, {"index": 8, "molecule": {"qcmol": {"schema_name": "qcschema_molecule", "schema_version": 2, "validated": true, "symbols": ["C", "C", "C", "C", "N", "C", "C", "C", "C", "H", "H", "H", "H", "H", "H", "H", "H", "H", "H", "H", "H", "H", "H", "H", "H", "H", "H", "H"], "geometry": [[0.0, -0.0, 0.0], [2.890350054374074, 2.710256784461999e-16, -1.0823429205546116e-15], [4.086854581353856, 2.638367998181124, 2.7755575615628914e-16], [3.6384576427118307, 4.3033131802983675, 2.3340508147678607], [4.709462218638871, 3.408199762853237, 4.701754282314042], [3.0980268459003475, 1.9690574909931111, 6.3872217561551485], [4.427615027751871, 1.4156948687361932, 8.893028958926045], [5.315541602621724, 3.739106363020058, 10.376341572170311], [3.1848745017952735, 5.511230127896667, 11.193541682750972], [-0.7349920484747366, 1.0546629071579332, -1.6014274666834667], [-0.7289815895198362, -1.9134465441112374, -0.12783191663064544], [-0.7712862469947595, 0.8381448227047825, 1.7045454671816795], [3.545237138773738, -0.9934643751272141, -1.6752751044529632], [3.5823026381097196, -1.0828642504936532, 1.600435840200305], [3.4153907992617007, 3.6722307948378914, -1.6480778404811656], [6.1195973616684824, 2.4374502428815408, -0.25534693235523964], [1.632613985360998, 4.615661300154743, 2.6183445354432973], [4.444150899204892, 6.148302378101775, 1.9233205073375488], [6.349728979000114, 2.512151397037726, 4.407650901299479], [2.4619857117040276, 0.17637076573552046, 5.589241981366952], [1.4067281322104854, 3.075419495613728, 6.731227717087038], [3.149800411214587, 0.303950205205765, 10.060487418267545], [6.051758656545948, 0.206065001445082, 8.522337123460476], [6.314713440659741, 3.083208876806814, 12.04875155351209], [6.671231063626539, 4.7868459721190835, 9.253034405453137], [1.746112187579354, 4.507827300987442, 12.263577351953408], [3.9092445232132627, 7.015904646410916, 12.385765752535118], [2.275949234598621, 6.390835249960665, 9.580758773413862]], "name": "C8H19N", "identifiers": {"molecule_hash": "bb1431ee958ca08e6c789a18e69f341b8dd09801", "molecular_formula": "C8H19N"}, "molecular_charge": 0.0, "molecular_multiplicity": 1, "connectivity": [[0, 1, 1.0], [0, 9, 1.0], [0, 10, 1.0], [0, 11, 1.0], [1, 2, 1.0], [1, 12, 1.0], [1, 13, 1.0], [2, 3, 1.0], [2, 14, 1.0], [2, 15, 1.0], [3, 4, 1.0], [3, 16, 1.0], [3, 17, 1.0], [4, 5, 1.0], [4, 18, 1.0], [5, 6, 1.0], [5, 19, 1.0], [5, 20, 1.0], [6, 7, 1.0], [6, 21, 1.0], [6, 22, 1.0], [7, 8, 1.0], [7, 23, 1.0], [7, 24, 1.0], [8, 25, 1.0], [8, 26, 1.0], [8, 27, 1.0]], "fix_com": true, "fix_orientation": true, "provenance": {"creator": "QCElemental", "version": "v0.22.0", "routine": "qcelemental.molparse.from_schema"}, "id": "100665"}, "charge": 0, "optimize_geometry": false, "conformers": [], "conformer_generation_options": {"n_conformer_pool": 4000, "n_max_conformers": 0, "rms_tolerance": 0.05, "energy_window": 15, "keep_original_conformer": true}, "stage_1_unrestrained_charges": null, "stage_1_restrained_charges": null, "stage_2_unrestrained_charges": null, "stage_2_restrained_charges": null, "keep_original_orientation": false, "reorientations": [], "translations": [], "rotations": []}}]}, "surface_constraints": {"matrix": [[739243914310806.1, 717496931334494.2, 694376753743298.2, 672466803966473.5, 653810972101975.2, 624052094950096.1, 591246732107700.6, 561367635707684.75, 553406586855951.2, 742347860652397.0, 742555861239493.2, 745361786704958.4, 716147557059512.1, 713048933429650.8, 695026248310305.6, 686999792936916.6, 680882448983219.0, 658627624948656.5, 647159977648615.8, 628680743296037.5, 617595116668509.6, 587257587297137.0, 589969713211304.2, 545988676677370.06, 556275986116811.8, 565173914808850.5, 541333207220996.94, 545620186133401.75], [717496931334494.2, 733058255005898.2, 718250863855395.6, 697461144450443.5, 674908047390822.5, 640697830915024.2, 606821681381005.0, 574536977652379.9, 561282424890439.25, 711139568157883.6, 711170512979797.6, 713685572038617.4, 742785907117223.1, 739779514359608.8, 717138326834720.2, 717591921853902.1, 702151959887853.9, 690941142455775.5, 672240194568553.2, 644582679375174.5, 631968178560386.2, 602460502610666.1, 606744453769632.6, 559116208466757.3, 571778459518543.2, 571767552908322.1, 548757029241322.8, 551186189524357.7], [694376753743298.2, 718250863855395.6, 738572307735277.5, 725323454869178.6, 705680552283825.0, 672125649131177.8, 635475034282427.5, 601911855576907.9, 585679751580772.1, 684584262856990.9, 687550012489116.9, 689289587155205.0, 717536374108664.1, 715039569343986.4, 748329319427100.6, 748529416938169.5, 725855456950009.0, 724969167021325.4, 705401155988539.4, 677068548953752.9, 664646585303466.4, 630762451260345.6, 634229291866966.4, 587128642412187.1, 599341174378120.6, 594975460263453.1, 570694817773645.4, 576843929032625.4], [672466803966473.5, 697461144450443.5, 725323454869178.6, 745839538772265.4, 731736793776387.1, 707913618353515.2, 673398419481997.8, 639161876156772.0, 624775616286749.2, 658557076895585.6, 664361323442361.5, 672414402922341.4, 696359485864639.1, 690824278900689.0, 724844946265974.1, 725205389174545.2, 757007742893812.1, 755903335399088.2, 731857355693060.8, 714441233575471.1, 703632982802823.2, 669209942258520.5, 673165929914482.2, 623636701194765.4, 634440804343597.8, 634957751299214.4, 610662573900500.8, 615431322370540.1], [653810972101975.2, 674908047390822.5, 705680552283825.0, 731736793776387.1, 747810988604706.1, 729580199226059.0, 704005936517023.6, 673083282672786.5, 655765574991265.2, 638658679663778.4, 646258311624034.9, 657509681618415.8, 674295350046897.4, 663184986715243.9, 704603960110477.4, 704814059329281.5, 733172405970131.2, 730923293211599.8, 757863500240506.9, 728817322418684.2, 729594948658359.5, 700769961387959.1, 705928306664456.1, 660222410860260.6, 670286330015568.1, 660742235286395.1, 643695944446874.8, 647267496308167.8], [624052094950096.1, 640697830915024.2, 672125649131177.8, 707913618353515.2, 729580199226059.0, 741842991822713.5, 722035257198516.8, 693907946586423.1, 672746646098864.0, 610905757779455.4, 615906596715225.1, 629931695193397.9, 636327065601806.9, 628986100156595.0, 669665095381288.0, 666835262754753.6, 711459507027689.0, 708818828238468.0, 730103460564845.5, 752316116340790.0, 751208877750097.0, 722250669462740.9, 722194988546061.6, 688172588156588.0, 688666915557580.4, 677077292275296.8, 657804513316170.4, 664679218509511.1], [591246732107700.6, 606821681381005.0, 635475034282427.5, 673398419481997.8, 704005936517023.6, 722035257198516.8, 735744360657468.6, 715013839276752.5, 691229206243857.5, 576750307206110.8, 583795818372551.0, 598900216002197.5, 604079050147886.2, 595381852139921.1, 631345721022022.6, 628344394711474.9, 677978529211399.6, 668982207738094.8, 703687775125400.4, 722340812236994.0, 720803166453511.6, 745860055984162.1, 746287153942841.8, 712327034579747.4, 713734111521528.1, 689234263469270.0, 679545887042368.8, 683978450129893.0], [561367635707684.75, 574536977652379.9, 601911855576907.9, 639161876156772.0, 673083282672786.5, 693907946586423.1, 715013839276752.5, 729168051176648.2, 714149694611315.0, 548988050916554.1, 552435511997276.1, 570197854270262.1, 574141192705584.1, 560180319431021.9, 597737647376523.2, 595077156331988.8, 643100438631363.2, 632991705305674.4, 669306304568739.4, 693765749340330.8, 691386214387289.4, 714315505136005.4, 715060585714901.1, 736368443916987.8, 737834620005517.2, 711363794902570.6, 708302133211120.1, 707361817884894.0], [553406586855951.2, 561282424890439.25, 585679751580772.1, 624775616286749.2, 655765574991265.2, 672746646098864.0, 691229206243857.5, 714149694611315.0, 736528393696458.8, 541479516056573.5, 545841656442323.56, 564533188891812.5, 560993813031847.5, 544866396623257.75, 581154387240824.8, 575829702624874.1, 634548265905890.6, 616746332369124.1, 650155377558921.8, 670991669241404.0, 670789919504588.2, 688925839745713.2, 684411995523134.5, 710139280034782.5, 712021279295153.2, 743653803030803.5, 740086131025124.4, 739486106261952.5], [742347860652397.0, 711139568157883.6, 684584262856990.9, 658557076895585.6, 638658679663778.4, 610905757779455.4, 576750307206110.8, 548988050916554.1, 541479516056573.5, 773978139847872.0, 735179423523886.2, 738565888959425.0, 705179692652774.5, 706782046981517.5, 686654315128485.0, 676923278659835.4, 663435992889458.0, 646494330154101.9, 630183339388293.2, 616365814463564.9, 606440332091203.1, 571293671449418.8, 574569883218614.1, 535288656669854.75, 543765260558592.6, 552114498369163.7, 531403609801059.3, 533220933550653.56], [742555861239493.2, 711170512979797.6, 687550012489116.9, 664361323442361.5, 646258311624034.9, 615906596715225.1, 583795818372551.0, 552435511997276.1, 545841656442323.56, 735179423523886.2, 774284217962607.6, 739002010833391.6, 707304376458598.6, 702160418425298.2, 689241464499177.5, 679801867084381.8, 675134384596951.1, 646863751844843.5, 641532451475683.4, 620824455040312.0, 608335480587777.6, 581036935928233.9, 583162304727685.5, 536869392588159.3, 545327575996034.7, 558060620754871.94, 532775847856618.6, 539613431249857.75], [745361786704958.4, 713685572038617.4, 689289587155205.0, 672414402922341.4, 657509681618415.8, 629931695193397.9, 598900216002197.5, 570197854270262.1, 564533188891812.5, 738565888959425.0, 739002010833391.6, 779442247112859.8, 710390464828727.8, 704729907118511.8, 688595834567306.1, 678019729461931.8, 685080436362953.2, 655064039946846.2, 648278209951203.5, 633737765417414.2, 624489938126384.5, 595539512659193.8, 597171720551790.4, 553382149421437.2, 565368982860844.2, 577775314769545.8, 551979220493777.25, 557532378789164.1], [716147557059512.1, 742785907117223.1, 717536374108664.1, 696359485864639.1, 674295350046897.4, 636327065601806.9, 604079050147886.2, 574141192705584.1, 560993813031847.5, 705179692652774.5, 707304376458598.6, 710390464828727.8, 780502889862386.4, 739221876999490.8, 709773495551901.2, 715342198004891.0, 704287135124066.1, 686040958864738.2, 673144413103691.8, 637761451777874.2, 625735708096693.0, 598891038864264.9, 603926853944067.5, 557952976843968.5, 573836096523976.4, 572352749515030.6, 549763557727982.8, 548857097290465.5], [713048933429650.8, 739779514359608.8, 715039569343986.4, 690824278900689.0, 663184986715243.9, 628986100156595.0, 595381852139921.1, 560180319431021.9, 544866396623257.75, 706782046981517.5, 702160418425298.2, 704729907118511.8, 739221876999490.8, 774077795439625.6, 710136768789801.0, 713045948349891.2, 691900938103392.5, 689976457701345.5, 660666714880794.8, 633583900878103.1, 619383348932443.5, 591891268628114.8, 597408197215550.9, 545150376846951.5, 556948874156581.06, 554081716768954.4, 532732289562602.44, 534144909535722.5], [695026248310305.6, 717138326834720.2, 748329319427100.6, 724844946265974.1, 704603960110477.4, 669665095381288.0, 631345721022022.6, 597737647376523.2, 581154387240824.8, 686654315128485.0, 689241464499177.5, 688595834567306.1, 709773495551901.2, 710136768789801.0, 785873934075854.1, 747985692963826.2, 720736873705052.9, 721282866738302.6, 705267116996804.4, 676517703967838.5, 660857671839139.9, 627795729255154.0, 627642336844433.6, 582882515824517.1, 595526787492926.6, 588611074488746.1, 564880812854490.5, 575195548821769.4], [686999792936916.6, 717591921853902.1, 748529416938169.5, 725205389174545.2, 704814059329281.5, 666835262754753.6, 628344394711474.9, 595077156331988.8, 575829702624874.1, 676923278659835.4, 679801867084381.8, 678019729461931.8, 715342198004891.0, 713045948349891.2, 747985692963826.2, 785982292627374.8, 718089583154558.0, 725036802742211.8, 705180248749752.6, 670044445424292.6, 659534535271370.9, 621610714607840.1, 627671046744052.9, 581787046790122.5, 593886801582393.5, 585201980244895.6, 559747621782871.7, 565720229523445.0], [680882448983219.0, 702151959887853.9, 725855456950009.0, 757007742893812.1, 733172405970131.2, 711459507027689.0, 677978529211399.6, 643100438631363.2, 634548265905890.6, 663435992889458.0, 675134384596951.1, 685080436362953.2, 704287135124066.1, 691900938103392.5, 720736873705052.9, 718089583154558.0, 795422796168447.4, 757176801141785.9, 726582829876758.1, 721097099953680.9, 704677105217431.8, 675940696986358.4, 676948520344709.6, 624492518216648.5, 635751005491840.4, 648310207491966.6, 620983656296434.9, 625394024451610.2], [658627624948656.5, 690941142455775.5, 724969167021325.4, 755903335399088.2, 730923293211599.8, 708818828238468.0, 668982207738094.8, 632991705305674.4, 616746332369124.1, 646494330154101.9, 646863751844843.5, 655064039946846.2, 686040958864738.2, 689976457701345.5, 721282866738302.6, 725036802742211.8, 757176801141785.9, 793448779594546.2, 729236235121822.8, 718435674787503.0, 706754422235733.8, 662564356695177.2, 668855627183783.8, 618179411245892.9, 627734048227896.4, 627679855551987.4, 601698406055427.8, 606244965315517.6], [647159977648615.8, 672240194568553.2, 705401155988539.4, 731857355693060.8, 757863500240506.9, 730103460564845.5, 703687775125400.4, 669306304568739.4, 650155377558921.8, 630183339388293.2, 641532451475683.4, 648278209951203.5, 673144413103691.8, 660666714880794.8, 705267116996804.4, 705180248749752.6, 726582829876758.1, 729236235121822.8, 790846243615924.5, 724678785379532.0, 726788299047337.8, 697933674811567.9, 710255236603019.8, 656593015109488.1, 665445711776847.1, 651895275284784.2, 640742075327523.5, 641078513152728.0], [628680743296037.5, 644582679375174.5, 677068548953752.9, 714441233575471.1, 728817322418684.2, 752316116340790.0, 722340812236994.0, 693765749340330.8, 670991669241404.0, 616365814463564.9, 620824455040312.0, 633737765417414.2, 637761451777874.2, 633583900878103.1, 676517703967838.5, 670044445424292.6, 721097099953680.9, 718435674787503.0, 724678785379532.0, 789853333864755.1, 752199931921894.8, 720712363289546.5, 716389852982194.1, 693078113551683.0, 684460344294780.4, 680194812461594.9, 651512102526493.2, 661420036153388.5], [617595116668509.6, 631968178560386.2, 664646585303466.4, 703632982802823.2, 729594948658359.5, 751208877750097.0, 720803166453511.6, 691386214387289.4, 670789919504588.2, 606440332091203.1, 608335480587777.6, 624489938126384.5, 625735708096693.0, 619383348932443.5, 660857671839139.9, 659534535271370.9, 704677105217431.8, 706754422235733.8, 726788299047337.8, 752199931921894.8, 787092099909658.2, 717931170171629.2, 716703214056814.0, 684722175756215.4, 685696379307054.5, 674347369539044.8, 655620474144568.1, 664213650820749.9], [587257587297137.0, 602460502610666.1, 63076245126034