{"resp_b": 0.1, "restrained_fit": true, "exclude_hydrogens": true, "convergence_tolerance": 1e-06, "max_iter": 500, "resp_a": 0.0005, "charge_constraints": {"charge_sum_constraints": [], "charge_equivalence_constraints": [], "molecules": [{"qcmol": {"schema_name": "qcschema_molecule", "schema_version": 2, "validated": true, "symbols": ["C", "C", "C", "C", "N", "C", "C", "C", "C", "H", "H", "H", "H", "H", "H", "H", "H", "H", "H", "H", "H", "H", "H", "H", "H", "H", "H", "H"], "geometry": [[0.0, -0.0, 0.0], [2.890350054374074, 2.710256784461999e-16, -1.0823429205546116e-15], [4.086854581353856, 2.638367998181124, 2.7755575615628914e-16], [3.6384576427118307, 4.3033131802983675, 2.3340508147678607], [4.709462218638871, 3.408199762853237, 4.701754282314042], [3.0980268459003475, 1.9690574909931111, 6.3872217561551485], [4.427615027751871, 1.4156948687361932, 8.893028958926045], [5.315541602621724, 3.739106363020058, 10.376341572170311], [3.1848745017952735, 5.511230127896667, 11.193541682750972], [-0.7349920484747366, 1.0546629071579332, -1.6014274666834667], [-0.7289815895198362, -1.9134465441112374, -0.12783191663064544], [-0.7712862469947595, 0.8381448227047825, 1.7045454671816795], [3.545237138773738, -0.9934643751272141, -1.6752751044529632], [3.5823026381097196, -1.0828642504936532, 1.600435840200305], [3.4153907992617007, 3.6722307948378914, -1.6480778404811656], [6.1195973616684824, 2.4374502428815408, -0.25534693235523964], [1.632613985360998, 4.615661300154743, 2.6183445354432973], [4.444150899204892, 6.148302378101775, 1.9233205073375488], [6.349728979000114, 2.512151397037726, 4.407650901299479], [2.4619857117040276, 0.17637076573552046, 5.589241981366952], [1.4067281322104854, 3.075419495613728, 6.731227717087038], [3.149800411214587, 0.303950205205765, 10.060487418267545], [6.051758656545948, 0.206065001445082, 8.522337123460476], [6.314713440659741, 3.083208876806814, 12.04875155351209], [6.671231063626539, 4.7868459721190835, 9.253034405453137], [1.746112187579354, 4.507827300987442, 12.263577351953408], [3.9092445232132627, 7.015904646410916, 12.385765752535118], [2.275949234598621, 6.390835249960665, 9.580758773413862]], "name": "C8H19N", "identifiers": {"molecule_hash": "bb1431ee958ca08e6c789a18e69f341b8dd09801", "molecular_formula": "C8H19N"}, "molecular_charge": 0.0, "molecular_multiplicity": 1, "connectivity": [[0, 1, 1.0], [0, 9, 1.0], [0, 10, 1.0], [0, 11, 1.0], [1, 2, 1.0], [1, 12, 1.0], [1, 13, 1.0], [2, 3, 1.0], [2, 14, 1.0], [2, 15, 1.0], [3, 4, 1.0], [3, 16, 1.0], [3, 17, 1.0], [4, 5, 1.0], [4, 18, 1.0], [5, 6, 1.0], [5, 19, 1.0], [5, 20, 1.0], [6, 7, 1.0], [6, 21, 1.0], [6, 22, 1.0], [7, 8, 1.0], [7, 23, 1.0], [7, 24, 1.0], [8, 25, 1.0], [8, 26, 1.0], [8, 27, 1.0]], "fix_com": true, "fix_orientation": true, "provenance": {"creator": "QCElemental", "version": "v0.22.0", "routine": "qcelemental.molparse.from_schema"}, "id": "100665"}, "charge": 0, "optimize_geometry": false, "conformers": [], "conformer_generation_options": {"n_conformer_pool": 4000, "n_max_conformers": 0, "rms_tolerance": 0.05, "energy_window": 15, "keep_original_conformer": true}, "stage_1_unrestrained_charges": null, "stage_1_restrained_charges": null, "stage_2_unrestrained_charges": null, "stage_2_restrained_charges": null, "keep_original_orientation": false, "reorientations": [], "translations": [], "rotations": []}], "unconstrained_atoms": [{"index": 0, "molecule": {"qcmol": {"schema_name": "qcschema_molecule", "schema_version": 2, "validated": true, "symbols": ["C", "C", "C", "C", "N", "C", "C", "C", "C", "H", "H", "H", "H", "H", "H", "H", "H", "H", "H", "H", "H", "H", "H", "H", "H", "H", "H", "H"], "geometry": [[0.0, -0.0, 0.0], [2.890350054374074, 2.710256784461999e-16, -1.0823429205546116e-15], [4.086854581353856, 2.638367998181124, 2.7755575615628914e-16], [3.6384576427118307, 4.3033131802983675, 2.3340508147678607], [4.709462218638871, 3.408199762853237, 4.701754282314042], [3.0980268459003475, 1.9690574909931111, 6.3872217561551485], [4.427615027751871, 1.4156948687361932, 8.893028958926045], [5.315541602621724, 3.739106363020058, 10.376341572170311], [3.1848745017952735, 5.511230127896667, 11.193541682750972], [-0.7349920484747366, 1.0546629071579332, -1.6014274666834667], [-0.7289815895198362, -1.9134465441112374, -0.12783191663064544], [-0.7712862469947595, 0.8381448227047825, 1.7045454671816795], [3.545237138773738, -0.9934643751272141, -1.6752751044529632], [3.5823026381097196, -1.0828642504936532, 1.600435840200305], [3.4153907992617007, 3.6722307948378914, -1.6480778404811656], [6.1195973616684824, 2.4374502428815408, -0.25534693235523964], [1.632613985360998, 4.615661300154743, 2.6183445354432973], [4.444150899204892, 6.148302378101775, 1.9233205073375488], [6.349728979000114, 2.512151397037726, 4.407650901299479], [2.4619857117040276, 0.17637076573552046, 5.589241981366952], [1.4067281322104854, 3.075419495613728, 6.731227717087038], [3.149800411214587, 0.303950205205765, 10.060487418267545], [6.051758656545948, 0.206065001445082, 8.522337123460476], [6.314713440659741, 3.083208876806814, 12.04875155351209], [6.671231063626539, 4.7868459721190835, 9.253034405453137], [1.746112187579354, 4.507827300987442, 12.263577351953408], [3.9092445232132627, 7.015904646410916, 12.385765752535118], [2.275949234598621, 6.390835249960665, 9.580758773413862]], "name": "C8H19N", "identifiers": {"molecule_hash": "bb1431ee958ca08e6c789a18e69f341b8dd09801", "molecular_formula": "C8H19N"}, "molecular_charge": 0.0, "molecular_multiplicity": 1, "connectivity": [[0, 1, 1.0], [0, 9, 1.0], [0, 10, 1.0], [0, 11, 1.0], [1, 2, 1.0], [1, 12, 1.0], [1, 13, 1.0], [2, 3, 1.0], [2, 14, 1.0], [2, 15, 1.0], [3, 4, 1.0], [3, 16, 1.0], [3, 17, 1.0], [4, 5, 1.0], [4, 18, 1.0], [5, 6, 1.0], [5, 19, 1.0], [5, 20, 1.0], [6, 7, 1.0], [6, 21, 1.0], [6, 22, 1.0], [7, 8, 1.0], [7, 23, 1.0], [7, 24, 1.0], [8, 25, 1.0], [8, 26, 1.0], [8, 27, 1.0]], "fix_com": true, "fix_orientation": true, "provenance": {"creator": "QCElemental", "version": "v0.22.0", "routine": "qcelemental.molparse.from_schema"}, "id": "100665"}, "charge": 0, "optimize_geometry": false, "conformers": [], "conformer_generation_options": {"n_conformer_pool": 4000, "n_max_conformers": 0, "rms_tolerance": 0.05, "energy_window": 15, "keep_original_conformer": true}, "stage_1_unrestrained_charges": null, "stage_1_restrained_charges": null, "stage_2_unrestrained_charges": null, "stage_2_restrained_charges": null, "keep_original_orientation": false, "reorientations": [], "translations": [], "rotations": []}}, {"index": 1, "molecule": {"qcmol": {"schema_name": "qcschema_molecule", "schema_version": 2, "validated": true, "symbols": ["C", "C", "C", "C", "N", "C", "C", "C", "C", "H", "H", "H", "H", "H", "H", "H", "H", "H", "H", "H", "H", "H", "H", "H", "H", "H", "H", "H"], "geometry": [[0.0, -0.0, 0.0], [2.890350054374074, 2.710256784461999e-16, -1.0823429205546116e-15], [4.086854581353856, 2.638367998181124, 2.7755575615628914e-16], [3.6384576427118307, 4.3033131802983675, 2.3340508147678607], [4.709462218638871, 3.408199762853237, 4.701754282314042], [3.0980268459003475, 1.9690574909931111, 6.3872217561551485], [4.427615027751871, 1.4156948687361932, 8.893028958926045], [5.315541602621724, 3.739106363020058, 10.376341572170311], [3.1848745017952735, 5.511230127896667, 11.193541682750972], [-0.7349920484747366, 1.0546629071579332, -1.6014274666834667], [-0.7289815895198362, -1.9134465441112374, -0.12783191663064544], [-0.7712862469947595, 0.8381448227047825, 1.7045454671816795], [3.545237138773738, -0.9934643751272141, -1.6752751044529632], [3.5823026381097196, -1.0828642504936532, 1.600435840200305], [3.4153907992617007, 3.6722307948378914, -1.6480778404811656], [6.1195973616684824, 2.4374502428815408, -0.25534693235523964], [1.632613985360998, 4.615661300154743, 2.6183445354432973], [4.444150899204892, 6.148302378101775, 1.9233205073375488], [6.349728979000114, 2.512151397037726, 4.407650901299479], [2.4619857117040276, 0.17637076573552046, 5.589241981366952], [1.4067281322104854, 3.075419495613728, 6.731227717087038], [3.149800411214587, 0.303950205205765, 10.060487418267545], [6.051758656545948, 0.206065001445082, 8.522337123460476], [6.314713440659741, 3.083208876806814, 12.04875155351209], [6.671231063626539, 4.7868459721190835, 9.253034405453137], [1.746112187579354, 4.507827300987442, 12.263577351953408], [3.9092445232132627, 7.015904646410916, 12.385765752535118], [2.275949234598621, 6.390835249960665, 9.580758773413862]], "name": "C8H19N", "identifiers": {"molecule_hash": "bb1431ee958ca08e6c789a18e69f341b8dd09801", "molecular_formula": "C8H19N"}, "molecular_charge": 0.0, "molecular_multiplicity": 1, "connectivity": [[0, 1, 1.0], [0, 9, 1.0], [0, 10, 1.0], [0, 11, 1.0], [1, 2, 1.0], [1, 12, 1.0], [1, 13, 1.0], [2, 3, 1.0], [2, 14, 1.0], [2, 15, 1.0], [3, 4, 1.0], [3, 16, 1.0], [3, 17, 1.0], [4, 5, 1.0], [4, 18, 1.0], [5, 6, 1.0], [5, 19, 1.0], [5, 20, 1.0], [6, 7, 1.0], [6, 21, 1.0], [6, 22, 1.0], [7, 8, 1.0], [7, 23, 1.0], [7, 24, 1.0], [8, 25, 1.0], [8, 26, 1.0], [8, 27, 1.0]], "fix_com": true, "fix_orientation": true, "provenance": {"creator": "QCElemental", "version": "v0.22.0", "routine": "qcelemental.molparse.from_schema"}, "id": "100665"}, "charge": 0, "optimize_geometry": false, "conformers": [], "conformer_generation_options": {"n_conformer_pool": 4000, "n_max_conformers": 0, "rms_tolerance": 0.05, "energy_window": 15, "keep_original_conformer": true}, "stage_1_unrestrained_charges": null, "stage_1_restrained_charges": null, "stage_2_unrestrained_charges": null, "stage_2_restrained_charges": null, "keep_original_orientation": false, "reorientations": [], "translations": [], "rotations": []}}, {"index": 2, "molecule": {"qcmol": {"schema_name": "qcschema_molecule", "schema_version": 2, "validated": true, "symbols": ["C", "C", "C", "C", "N", "C", "C", "C", "C", "H", "H", "H", "H", "H", "H", "H", "H", "H", "H", "H", "H", "H", "H", "H", "H", "H", "H", "H"], "geometry": [[0.0, -0.0, 0.0], [2.890350054374074, 2.710256784461999e-16, -1.0823429205546116e-15], [4.086854581353856, 2.638367998181124, 2.7755575615628914e-16], [3.6384576427118307, 4.3033131802983675, 2.3340508147678607], [4.709462218638871, 3.408199762853237, 4.701754282314042], [3.0980268459003475, 1.9690574909931111, 6.3872217561551485], [4.427615027751871, 1.4156948687361932, 8.893028958926045], [5.315541602621724, 3.739106363020058, 10.376341572170311], [3.1848745017952735, 5.511230127896667, 11.193541682750972], [-0.7349920484747366, 1.0546629071579332, -1.6014274666834667], [-0.7289815895198362, -1.9134465441112374, -0.12783191663064544], [-0.7712862469947595, 0.8381448227047825, 1.7045454671816795], [3.545237138773738, -0.9934643751272141, -1.6752751044529632], [3.5823026381097196, -1.0828642504936532, 1.600435840200305], [3.4153907992617007, 3.6722307948378914, -1.6480778404811656], [6.1195973616684824, 2.4374502428815408, -0.25534693235523964], [1.632613985360998, 4.615661300154743, 2.6183445354432973], [4.444150899204892, 6.148302378101775, 1.9233205073375488], [6.349728979000114, 2.512151397037726, 4.407650901299479], [2.4619857117040276, 0.17637076573552046, 5.589241981366952], [1.4067281322104854, 3.075419495613728, 6.731227717087038], [3.149800411214587, 0.303950205205765, 10.060487418267545], [6.051758656545948, 0.206065001445082, 8.522337123460476], [6.314713440659741, 3.083208876806814, 12.04875155351209], [6.671231063626539, 4.7868459721190835, 9.253034405453137], [1.746112187579354, 4.507827300987442, 12.263577351953408], [3.9092445232132627, 7.015904646410916, 12.385765752535118], [2.275949234598621, 6.390835249960665, 9.580758773413862]], "name": "C8H19N", "identifiers": {"molecule_hash": "bb1431ee958ca08e6c789a18e69f341b8dd09801", "molecular_formula": "C8H19N"}, "molecular_charge": 0.0, "molecular_multiplicity": 1, "connectivity": [[0, 1, 1.0], [0, 9, 1.0], [0, 10, 1.0], [0, 11, 1.0], [1, 2, 1.0], [1, 12, 1.0], [1, 13, 1.0], [2, 3, 1.0], [2, 14, 1.0], [2, 15, 1.0], [3, 4, 1.0], [3, 16, 1.0], [3, 17, 1.0], [4, 5, 1.0], [4, 18, 1.0], [5, 6, 1.0], [5, 19, 1.0], [5, 20, 1.0], [6, 7, 1.0], [6, 21, 1.0], [6, 22, 1.0], [7, 8, 1.0], [7, 23, 1.0], [7, 24, 1.0], [8, 25, 1.0], [8, 26, 1.0], [8, 27, 1.0]], "fix_com": true, "fix_orientation": true, "provenance": {"creator": "QCElemental", "version": "v0.22.0", "routine": "qcelemental.molparse.from_schema"}, "id": "100665"}, "charge": 0, "optimize_geometry": false, "conformers": [], "conformer_generation_options": {"n_conformer_pool": 4000, "n_max_conformers": 0, "rms_tolerance": 0.05, "energy_window": 15, "keep_original_conformer": true}, "stage_1_unrestrained_charges": null, "stage_1_restrained_charges": null, "stage_2_unrestrained_charges": null, "stage_2_restrained_charges": null, "keep_original_orientation": false, "reorientations": [], "translations": [], "rotations": []}}, {"index": 3, "molecule": {"qcmol": {"schema_name": "qcschema_molecule", "schema_version": 2, "validated": true, "symbols": ["C", "C", "C", "C", "N", "C", "C", "C", "C", "H", "H", "H", "H", "H", "H", "H", "H", "H", "H", "H", "H", "H", "H", "H", "H", "H", "H", "H"], "geometry": [[0.0, -0.0, 0.0], [2.890350054374074, 2.710256784461999e-16, -1.0823429205546116e-15], [4.086854581353856, 2.638367998181124, 2.7755575615628914e-16], [3.6384576427118307, 4.3033131802983675, 2.3340508147678607], [4.709462218638871, 3.408199762853237, 4.701754282314042], [3.0980268459003475, 1.9690574909931111, 6.3872217561551485], [4.427615027751871, 1.4156948687361932, 8.893028958926045], [5.315541602621724, 3.739106363020058, 10.376341572170311], [3.1848745017952735, 5.511230127896667, 11.193541682750972], [-0.7349920484747366, 1.0546629071579332, -1.6014274666834667], [-0.7289815895198362, -1.9134465441112374, -0.12783191663064544], [-0.7712862469947595, 0.8381448227047825, 1.7045454671816795], [3.545237138773738, -0.9934643751272141, -1.6752751044529632], [3.5823026381097196, -1.0828642504936532, 1.600435840200305], [3.4153907992617007, 3.6722307948378914, -1.6480778404811656], [6.1195973616684824, 2.4374502428815408, -0.25534693235523964], [1.632613985360998, 4.615661300154743, 2.6183445354432973], [4.444150899204892, 6.148302378101775, 1.9233205073375488], [6.349728979000114, 2.512151397037726, 4.407650901299479], [2.4619857117040276, 0.17637076573552046, 5.589241981366952], [1.4067281322104854, 3.075419495613728, 6.731227717087038], [3.149800411214587, 0.303950205205765, 10.060487418267545], [6.051758656545948, 0.206065001445082, 8.522337123460476], [6.314713440659741, 3.083208876806814, 12.04875155351209], [6.671231063626539, 4.7868459721190835, 9.253034405453137], [1.746112187579354, 4.507827300987442, 12.263577351953408], [3.9092445232132627, 7.015904646410916, 12.385765752535118], [2.275949234598621, 6.390835249960665, 9.580758773413862]], "name": "C8H19N", "identifiers": {"molecule_hash": "bb1431ee958ca08e6c789a18e69f341b8dd09801", "molecular_formula": "C8H19N"}, "molecular_charge": 0.0, "molecular_multiplicity": 1, "connectivity": [[0, 1, 1.0], [0, 9, 1.0], [0, 10, 1.0], [0, 11, 1.0], [1, 2, 1.0], [1, 12, 1.0], [1, 13, 1.0], [2, 3, 1.0], [2, 14, 1.0], [2, 15, 1.0], [3, 4, 1.0], [3, 16, 1.0], [3, 17, 1.0], [4, 5, 1.0], [4, 18, 1.0], [5, 6, 1.0], [5, 19, 1.0], [5, 20, 1.0], [6, 7, 1.0], [6, 21, 1.0], [6, 22, 1.0], [7, 8, 1.0], [7, 23, 1.0], [7, 24, 1.0], [8, 25, 1.0], [8, 26, 1.0], [8, 27, 1.0]], "fix_com": true, "fix_orientation": true, "provenance": {"creator": "QCElemental", "version": "v0.22.0", "routine": "qcelemental.molparse.from_schema"}, "id": "100665"}, "charge": 0, "optimize_geometry": false, "conformers": [], "conformer_generation_options": {"n_conformer_pool": 4000, "n_max_conformers": 0, "rms_tolerance": 0.05, "energy_window": 15, "keep_original_conformer": true}, "stage_1_unrestrained_charges": null, "stage_1_restrained_charges": null, "stage_2_unrestrained_charges": null, "stage_2_restrained_charges": null, "keep_original_orientation": false, "reorientations": [], "translations": [], "rotations": []}}, {"index": 5, "molecule": {"qcmol": {"schema_name": "qcschema_molecule", "schema_version": 2, "validated": true, "symbols": ["C", "C", "C", "C", "N", "C", "C", "C", "C", "H", "H", "H", "H", "H", "H", "H", "H", "H", "H", "H", "H", "H", "H", "H", "H", "H", "H", "H"], "geometry": [[0.0, -0.0, 0.0], [2.890350054374074, 2.710256784461999e-16, -1.0823429205546116e-15], [4.086854581353856, 2.638367998181124, 2.7755575615628914e-16], [3.6384576427118307, 4.3033131802983675, 2.3340508147678607], [4.709462218638871, 3.408199762853237, 4.701754282314042], [3.0980268459003475, 1.9690574909931111, 6.3872217561551485], [4.427615027751871, 1.4156948687361932, 8.893028958926045], [5.315541602621724, 3.739106363020058, 10.376341572170311], [3.1848745017952735, 5.511230127896667, 11.193541682750972], [-0.7349920484747366, 1.0546629071579332, -1.6014274666834667], [-0.7289815895198362, -1.9134465441112374, -0.12783191663064544], [-0.7712862469947595, 0.8381448227047825, 1.7045454671816795], [3.545237138773738, -0.9934643751272141, -1.6752751044529632], [3.5823026381097196, -1.0828642504936532, 1.600435840200305], [3.4153907992617007, 3.6722307948378914, -1.6480778404811656], [6.1195973616684824, 2.4374502428815408, -0.25534693235523964], [1.632613985360998, 4.615661300154743, 2.6183445354432973], [4.444150899204892, 6.148302378101775, 1.9233205073375488], [6.349728979000114, 2.512151397037726, 4.407650901299479], [2.4619857117040276, 0.17637076573552046, 5.589241981366952], [1.4067281322104854, 3.075419495613728, 6.731227717087038], [3.149800411214587, 0.303950205205765, 10.060487418267545], [6.051758656545948, 0.206065001445082, 8.522337123460476], [6.314713440659741, 3.083208876806814, 12.04875155351209], [6.671231063626539, 4.7868459721190835, 9.253034405453137], [1.746112187579354, 4.507827300987442, 12.263577351953408], [3.9092445232132627, 7.015904646410916, 12.385765752535118], [2.275949234598621, 6.390835249960665, 9.580758773413862]], "name": "C8H19N", "identifiers": {"molecule_hash": "bb1431ee958ca08e6c789a18e69f341b8dd09801", "molecular_formula": "C8H19N"}, "molecular_charge": 0.0, "molecular_multiplicity": 1, "connectivity": [[0, 1, 1.0], [0, 9, 1.0], [0, 10, 1.0], [0, 11, 1.0], [1, 2, 1.0], [1, 12, 1.0], [1, 13, 1.0], [2, 3, 1.0], [2, 14, 1.0], [2, 15, 1.0], [3, 4, 1.0], [3, 16, 1.0], [3, 17, 1.0], [4, 5, 1.0], [4, 18, 1.0], [5, 6, 1.0], [5, 19, 1.0], [5, 20, 1.0], [6, 7, 1.0], [6, 21, 1.0], [6, 22, 1.0], [7, 8, 1.0], [7, 23, 1.0], [7, 24, 1.0], [8, 25, 1.0], [8, 26, 1.0], [8, 27, 1.0]], "fix_com": true, "fix_orientation": true, "provenance": {"creator": "QCElemental", "version": "v0.22.0", "routine": "qcelemental.molparse.from_schema"}, "id": "100665"}, "charge": 0, "optimize_geometry": false, "conformers": [], "conformer_generation_options": {"n_conformer_pool": 4000, "n_max_conformers": 0, "rms_tolerance": 0.05, "energy_window": 15, "keep_original_conformer": true}, "stage_1_unrestrained_charges": null, "stage_1_restrained_charges": null, "stage_2_unrestrained_charges": null, "stage_2_restrained_charges": null, "keep_original_orientation": false, "reorientations": [], "translations": [], "rotations": []}}, {"index": 6, "molecule": {"qcmol": {"schema_name": "qcschema_molecule", "schema_version": 2, "validated": true, "symbols": ["C", "C", "C", "C", "N", "C", "C", "C", "C", "H", "H", "H", "H", "H", "H", "H", "H", "H", "H", "H", "H", "H", "H", "H", "H", "H", "H", "H"], "geometry": [[0.0, -0.0, 0.0], [2.890350054374074, 2.710256784461999e-16, -1.0823429205546116e-15], [4.086854581353856, 2.638367998181124, 2.7755575615628914e-16], [3.6384576427118307, 4.3033131802983675, 2.3340508147678607], [4.709462218638871, 3.408199762853237, 4.701754282314042], [3.0980268459003475, 1.9690574909931111, 6.3872217561551485], [4.427615027751871, 1.4156948687361932, 8.893028958926045], [5.315541602621724, 3.739106363020058, 10.376341572170311], [3.1848745017952735, 5.511230127896667, 11.193541682750972], [-0.7349920484747366, 1.0546629071579332, -1.6014274666834667], [-0.7289815895198362, -1.9134465441112374, -0.12783191663064544], [-0.7712862469947595, 0.8381448227047825, 1.7045454671816795], [3.545237138773738, -0.9934643751272141, -1.6752751044529632], [3.5823026381097196, -1.0828642504936532, 1.600435840200305], [3.4153907992617007, 3.6722307948378914, -1.6480778404811656], [6.1195973616684824, 2.4374502428815408, -0.25534693235523964], [1.632613985360998, 4.615661300154743, 2.6183445354432973], [4.444150899204892, 6.148302378101775, 1.9233205073375488], [6.349728979000114, 2.512151397037726, 4.407650901299479], [2.4619857117040276, 0.17637076573552046, 5.589241981366952], [1.4067281322104854, 3.075419495613728, 6.731227717087038], [3.149800411214587, 0.303950205205765, 10.060487418267545], [6.051758656545948, 0.206065001445082, 8.522337123460476], [6.314713440659741, 3.083208876806814, 12.04875155351209], [6.671231063626539, 4.7868459721190835, 9.253034405453137], [1.746112187579354, 4.507827300987442, 12.263577351953408], [3.9092445232132627, 7.015904646410916, 12.385765752535118], [2.275949234598621, 6.390835249960665, 9.580758773413862]], "name": "C8H19N", "identifiers": {"molecule_hash": "bb1431ee958ca08e6c789a18e69f341b8dd09801", "molecular_formula": "C8H19N"}, "molecular_charge": 0.0, "molecular_multiplicity": 1, "connectivity": [[0, 1, 1.0], [0, 9, 1.0], [0, 10, 1.0], [0, 11, 1.0], [1, 2, 1.0], [1, 12, 1.0], [1, 13, 1.0], [2, 3, 1.0], [2, 14, 1.0], [2, 15, 1.0], [3, 4, 1.0], [3, 16, 1.0], [3, 17, 1.0], [4, 5, 1.0], [4, 18, 1.0], [5, 6, 1.0], [5, 19, 1.0], [5, 20, 1.0], [6, 7, 1.0], [6, 21, 1.0], [6, 22, 1.0], [7, 8, 1.0], [7, 23, 1.0], [7, 24, 1.0], [8, 25, 1.0], [8, 26, 1.0], [8, 27, 1.0]], "fix_com": true, "fix_orientation": true, "provenance": {"creator": "QCElemental", "version": "v0.22.0", "routine": "qcelemental.molparse.from_schema"}, "id": "100665"}, "charge": 0, "optimize_geometry": false, "conformers": [], "conformer_generation_options": {"n_conformer_pool": 4000, "n_max_conformers": 0, "rms_tolerance": 0.05, "energy_window": 15, "keep_original_conformer": true}, "stage_1_unrestrained_charges": null, "stage_1_restrained_charges": null, "stage_2_unrestrained_charges": null, "stage_2_restrained_charges": null, "keep_original_orientation": false, "reorientations": [], "translations": [], "rotations": []}}, {"index": 7, "molecule": {"qcmol": {"schema_name": "qcschema_molecule", "schema_version": 2, "validated": true, "symbols": ["C", "C", "C", "C", "N", "C", "C", "C", "C", "H", "H", "H", "H", "H", "H", "H", "H", "H", "H", "H", "H", "H", "H", "H", "H", "H", "H", "H"], "geometry": [[0.0, -0.0, 0.0], [2.890350054374074, 2.710256784461999e-16, -1.0823429205546116e-15], [4.086854581353856, 2.638367998181124, 2.7755575615628914e-16], [3.6384576427118307, 4.3033131802983675, 2.3340508147678607], [4.709462218638871, 3.408199762853237, 4.701754282314042], [3.0980268459003475, 1.9690574909931111, 6.3872217561551485], [4.427615027751871, 1.4156948687361932, 8.893028958926045], [5.315541602621724, 3.739106363020058, 10.376341572170311], [3.1848745017952735, 5.511230127896667, 11.193541682750972], [-0.7349920484747366, 1.0546629071579332, -1.6014274666834667], [-0.7289815895198362, -1.9134465441112374, -0.12783191663064544], [-0.7712862469947595, 0.8381448227047825, 1.7045454671816795], [3.545237138773738, -0.9934643751272141, -1.6752751044529632], [3.5823026381097196, -1.0828642504936532, 1.600435840200305], [3.4153907992617007, 3.6722307948378914, -1.6480778404811656], [6.1195973616684824, 2.4374502428815408, -0.25534693235523964], [1.632613985360998, 4.615661300154743, 2.6183445354432973], [4.444150899204892, 6.148302378101775, 1.9233205073375488], [6.349728979000114, 2.512151397037726, 4.407650901299479], [2.4619857117040276, 0.17637076573552046, 5.589241981366952], [1.4067281322104854, 3.075419495613728, 6.731227717087038], [3.149800411214587, 0.303950205205765, 10.060487418267545], [6.051758656545948, 0.206065001445082, 8.522337123460476], [6.314713440659741, 3.083208876806814, 12.04875155351209], [6.671231063626539, 4.7868459721190835, 9.253034405453137], [1.746112187579354, 4.507827300987442, 12.263577351953408], [3.9092445232132627, 7.015904646410916, 12.385765752535118], [2.275949234598621, 6.390835249960665, 9.580758773413862]], "name": "C8H19N", "identifiers": {"molecule_hash": "bb1431ee958ca08e6c789a18e69f341b8dd09801", "molecular_formula": "C8H19N"}, "molecular_charge": 0.0, "molecular_multiplicity": 1, "connectivity": [[0, 1, 1.0], [0, 9, 1.0], [0, 10, 1.0], [0, 11, 1.0], [1, 2, 1.0], [1, 12, 1.0], [1, 13, 1.0], [2, 3, 1.0], [2, 14, 1.0], [2, 15, 1.0], [3, 4, 1.0], [3, 16, 1.0], [3, 17, 1.0], [4, 5, 1.0], [4, 18, 1.0], [5, 6, 1.0], [5, 19, 1.0], [5, 20, 1.0], [6, 7, 1.0], [6, 21, 1.0], [6, 22, 1.0], [7, 8, 1.0], [7, 23, 1.0], [7, 24, 1.0], [8, 25, 1.0], [8, 26, 1.0], [8, 27, 1.0]], "fix_com": true, "fix_orientation": true, "provenance": {"creator": "QCElemental", "version": "v0.22.0", "routine": "qcelemental.molparse.from_schema"}, "id": "100665"}, "charge": 0, "optimize_geometry": false, "conformers": [], "conformer_generation_options": {"n_conformer_pool": 4000, "n_max_conformers": 0, "rms_tolerance": 0.05, "energy_window": 15, "keep_original_conformer": true}, "stage_1_unrestrained_charges": null, "stage_1_restrained_charges": null, "stage_2_unrestrained_charges": null, "stage_2_restrained_charges": null, "keep_original_orientation": false, "reorientations": [], "translations": [], "rotations": []}}, {"index": 8, "molecule": {"qcmol": {"schema_name": "qcschema_molecule", "schema_version": 2, "validated": true, "symbols": ["C", "C", "C", "C", "N", "C", "C", "C", "C", "H", "H", "H", "H", "H", "H", "H", "H", "H", "H", "H", "H", "H", "H", "H", "H", "H", "H", "H"], "geometry": [[0.0, -0.0, 0.0], [2.890350054374074, 2.710256784461999e-16, -1.0823429205546116e-15], [4.086854581353856, 2.638367998181124, 2.7755575615628914e-16], [3.6384576427118307, 4.3033131802983675, 2.3340508147678607], [4.709462218638871, 3.408199762853237, 4.701754282314042], [3.0980268459003475, 1.9690574909931111, 6.3872217561551485], [4.427615027751871, 1.4156948687361932, 8.893028958926045], [5.315541602621724, 3.739106363020058, 10.376341572170311], [3.1848745017952735, 5.511230127896667, 11.193541682750972], [-0.7349920484747366, 1.0546629071579332, -1.6014274666834667], [-0.7289815895198362, -1.9134465441112374, -0.12783191663064544], [-0.7712862469947595, 0.8381448227047825, 1.7045454671816795], [3.545237138773738, -0.9934643751272141, -1.6752751044529632], [3.5823026381097196, -1.0828642504936532, 1.600435840200305], [3.4153907992617007, 3.6722307948378914, -1.6480778404811656], [6.1195973616684824, 2.4374502428815408, -0.25534693235523964], [1.632613985360998, 4.615661300154743, 2.6183445354432973], [4.444150899204892, 6.148302378101775, 1.9233205073375488], [6.349728979000114, 2.512151397037726, 4.407650901299479], [2.4619857117040276, 0.17637076573552046, 5.589241981366952], [1.4067281322104854, 3.075419495613728, 6.731227717087038], [3.149800411214587, 0.303950205205765, 10.060487418267545], [6.051758656545948, 0.206065001445082, 8.522337123460476], [6.314713440659741, 3.083208876806814, 12.04875155351209], [6.671231063626539, 4.7868459721190835, 9.253034405453137], [1.746112187579354, 4.507827300987442, 12.263577351953408], [3.9092445232132627, 7.015904646410916, 12.385765752535118], [2.275949234598621, 6.390835249960665, 9.580758773413862]], "name": "C8H19N", "identifiers": {"molecule_hash": "bb1431ee958ca08e6c789a18e69f341b8dd09801", "molecular_formula": "C8H19N"}, "molecular_charge": 0.0, "molecular_multiplicity": 1, "connectivity": [[0, 1, 1.0], [0, 9, 1.0], [0, 10, 1.0], [0, 11, 1.0], [1, 2, 1.0], [1, 12, 1.0], [1, 13, 1.0], [2, 3, 1.0], [2, 14, 1.0], [2, 15, 1.0], [3, 4, 1.0], [3, 16, 1.0], [3, 17, 1.0], [4, 5, 1.0], [4, 18, 1.0], [5, 6, 1.0], [5, 19, 1.0], [5, 20, 1.0], [6, 7, 1.0], [6, 21, 1.0], [6, 22, 1.0], [7, 8, 1.0], [7, 23, 1.0], [7, 24, 1.0], [8, 25, 1.0], [8, 26, 1.0], [8, 27, 1.0]], "fix_com": true, "fix_orientation": true, "provenance": {"creator": "QCElemental", "version": "v0.22.0", "routine": "qcelemental.molparse.from_schema"}, "id": "100665"}, "charge": 0, "optimize_geometry": false, "conformers": [], "conformer_generation_options": {"n_conformer_pool": 4000, "n_max_conformers": 0, "rms_tolerance": 0.05, "energy_window": 15, "keep_original_conformer": true}, "stage_1_unrestrained_charges": null, "stage_1_restrained_charges": null, "stage_2_unrestrained_charges": null, "stage_2_restrained_charges": null, "keep_original_orientation": false, "reorientations": [], "translations": [], "rotations": []}}]}, "surface_constraints": {"matrix": [[304883110833007.44, 295332691357350.94, 284697430522825.0, 274965769825658.66, 266879259201710.34, 254187212498076.6, 240246211794858.03, 227451213477336.12, 223891167531832.62, 305628407637024.5, 305894909905625.6, 306737674349569.2, 294466915170978.06, 293059197209795.94, 284596008978979.0, 281045366680095.0, 278209690519212.12, 268641190139182.88, 263678789984044.2, 256062312178364.53, 251084359131797.88, 238359022060012.72, 239521985332850.2, 220862469060840.9, 225044693535099.8, 228556509686542.66, 218564367837943.44, 220444397257574.7], [295332691357350.94, 302316475255671.7, 295226860803549.8, 285943109280500.2, 276098805052321.2, 261505109421733.97, 247077434392774.8, 233211417588229.44, 227447566713898.88, 292019963043839.56, 292200460483104.56, 292962025067823.7, 306241378044453.2, 304898927178702.1, 294343089129407.2, 294361923881097.2, 287642679616953.5, 282637597708742.1, 274442675272555.06, 263080252363378.5, 257411909899711.62, 245033526945632.38, 246844960038972.62, 226570925181762.38, 231733510642466.53, 231565808382913.5, 221935057338194.3, 223046483585611.62], [284697430522825.0, 295226860803549.8, 303830663067904.56, 297913122746253.06, 289170125629136.5, 274849593006691.38, 259170231864867.97, 244679474402897.38, 237639316521514.8, 280035556224781.3, 281451433934642.38, 281903852969436.25, 294595277384642.6, 293488638884976.3, 307667296405900.9, 307540683220233.3, 297844948701585.25, 297283836566582.06, 288404460479861.1, 276865598382486.78, 271234405971760.56, 256943731786193.3, 258421154810566.78, 238277327137387.1, 243198132422935.7, 241216492041981.2, 231082736976575.53, 233755300729234.62], [274965769825658.66, 285943109280500.2, 297913122746253.06, 306975120185249.06, 300643446048280.94, 290469960773058.0, 275624013696974.12, 260699021159926.78, 254312456903656.0, 268634357234463.47, 271232698233263.6, 274416401973098.78, 285212197683260.7, 282763996348704.3, 297295007355912.3, 297355080597359.75, 311481784532023.56, 310849099025971.44, 300020124463801.6, 293164761949573.0, 288082465635562.44, 273561144664691.6, 275271438441033.88, 253934328269426.38, 258249360829462.5, 258229103884736.56, 248044292586494.38, 250114682646879.72], [266879259201710.34, 276098805052321.2, 289170125629136.5, 300643446048280.94, 307513629508255.25, 299879093173822.44, 288844367929749.94, 275271085110897.12, 267645827375325.78, 260076623552271.06, 263424259733768.9, 268004662092880.3, 275663875989471.6, 270826349305162.8, 288257938381728.2, 288316486353968.0, 301011275762386.06, 299858820886084.9, 311016148881309.5, 299488054123792.6, 299310490169365.56, 287150466511161.9, 289342026978441.06, 269530211802381.0, 273579080139315.1, 269382346887300.66, 262140008672763.12, 263768557762246.94], [254187212498076.6, 261505109421733.97, 274849593006691.38, 290469960773058.0, 299879093173822.44, 305811664335034.94, 297249336944210.1, 284708995193078.4, 275245284661884.6, 248317985779912.03, 250502870063448.44, 256262349446161.28, 259466831986526.4, 256361356121796.5, 273416410177479.22, 272196596074902.7, 291711231519918.5, 290461216675125.7, 299386729746054.5, 310322757425439.1, 309302755517096.75, 297033929279917.8, 296939446083874.2, 281975686216918.06, 281870153351020.6, 276614205682352.0, 268453532112173.72, 271436414368417.84], [240246211794858.03, 247077434392774.8, 259170231864867.97, 275624013696974.12, 288844367929749.94, 297249336944210.1, 303493953111933.56, 294175216450944.2, 283457558863002.0, 233863168348706.7, 236885870305988.2, 243115056085281.56, 245764267692722.8, 242111634725345.97, 257098665120448.7, 255762647335437.66, 277360035160093.94, 273395619829017.5, 288015174511657.56, 297330136468305.9, 296196671949329.8, 307627804395602.06, 307568000302459.06, 292676676733108.5, 293028786641552.1, 282017417895360.5, 277967157525847.88, 279924572255474.22], [227451213477336.12, 233211417588229.44, 244679474402897.38, 260699021159926.78, 275271085110897.12, 284708995193078.4, 294175216450944.2, 300440001861130.4, 293579783829615.2, 221985633580159.8, 223496804235289.1, 230872498842164.16, 232923367634647.78, 227064151421845.44, 242646237165434.06, 241447587595835.75, 262179713524666.8, 257776623249531.03, 273134597326476.66, 284580502916862.5, 283144069132604.1, 293624979471283.44, 293671843579807.25, 303193059882667.6, 303600294957305.75, 291647693675601.0, 290522031229511.1, 290192792383597.06], [223891167531832.62, 227447566713898.88, 237639316521514.8, 254312456903656.0, 267645827375325.78, 275245284661884.6, 283457558863002.0, 293579783829615.2, 303316795014816.9, 218613923370516.03, 220497218498271.56, 228286750835559.06, 227232692946558.28, 220461947254154.1, 235515510034518.9, 233191715795725.6, 258162255105077.53, 250625642736655.88, 264890333304880.84, 274429586373375.78, 273961638340094.1, 282186521002733.56, 280059536189268.22, 291499539226389.3, 292087154423871.5, 305645039392192.94, 304288710431842.0, 304109870173109.0], [305628407637024.5, 292019963043839.56, 280035556224781.3, 268634357234463.47, 260076623552271.06, 248317985779912.03, 233863168348706.7, 221985633580159.8, 218613923370516.03, 318727686644163.4, 302051845312374.56, 303181008212044.0, 289163608715266.1, 289821838839011.2, 280573181392069.8, 276299680594031.94, 270393107463547.8, 263131963987895.72, 256159694197860.1, 250538064640429.28, 246085547176005.84, 231398752972693.44, 232776641193682.4, 216120295401403.3, 219543011903964.16, 222793501056344.7, 214136000534969.53, 214993935842096.4], [305894909905625.6, 292200460483104.56, 281451433934642.38, 271232698233263.6, 263424259733768.9, 250502870063448.44, 236885870305988.2, 223496804235289.1, 220497218498271.56, 302051845312374.56, 319255403664006.2, 303504114343569.25, 290276527191923.0, 287956144280310.1, 281813400448440.1, 277667543324166.8, 275459318121455.8, 263406604860642.5, 261088264743588.28, 252470436204676.97, 246977820008558.38, 235529144570731.38, 236429188759147.78, 216863762413944.47, 220264047978887.88, 225320481619018.4, 214806700668884.25, 217693406782771.7], [306737674349569.2, 292962025067823.7, 281903852969436.25, 274416401973098.78, 268004662092880.3, 256262349446161.28, 243115056085281.56, 230872498842164.16, 228286750835559.06, 303181008212044.0, 303504114343569.25, 320739810645605.9, 291308717856554.2, 288779306608265.2, 281220770580532.97, 276664859664714.7, 279416222238973.56, 266662110979291.03, 263762481038741.56, 257799216105467.1, 253566200964525.03, 241456449478057.34, 242210276032744.12, 223691831281853.84, 228590544424831.0, 233582286389407.94, 222721319821330.53, 225163906792289.16], [294466915170978.06, 306241378044453.2, 294595277384642.6, 285212197683260.7, 275663875989471.6, 259466831986526.4, 245764267692722.8, 232923367634647.78, 227232692946558.28, 289163608715266.1, 290276527191923.0, 291308717856554.2, 322224732650990.75, 304328262918499.8, 290849639523746.25, 293066951340460.25, 288267368531353.6, 280287143855386.22, 274655396372898.9, 260001387956430.34, 254590518947631.2, 243379272696755.22, 245505846224771.75, 225962391563496.53, 232486443814256.6, 231726582051645.34, 222273839458484.44, 221981308121514.3], [293059197209795.94, 304898927178702.1, 293488638884976.3, 282763996348704.3, 270826349305162.8, 256361356121796.5, 242111634725345.97, 227064151421845.44, 220461947254154.1, 289821838839011.2, 287956144280310.1, 288779306608265.2, 304328262918499.8, 319359508364009.9, 291010283764572.56, 292042139261456.0, 282963115849145.75, 281835924758435.1, 269233032071277.16, 258266437155465.03, 251951467240684.47, 240462655807547.8, 242768686201701.03, 220614090517946.6, 225405071877101.75, 224042810236506.75, 215131264937495.53, 215841196293683.5], [284596008978979.0, 294343089129407.2, 307667296405900.9, 297295007355912.3, 288257938381728.2, 273416410177479.22, 257098665120448.7, 242646237165434.06, 235515510034518.9, 280573181392069.8, 281813400448440.1, 281220770580532.97, 290849639523746.25, 291010283764572.56, 323349613385004.3, 307011784331343.6, 295293296885206.1, 295319803002338.8, 287825873948045.44, 276213122721111.16, 269283815794865.7, 255345202329372.5, 255360189588160.16, 236242755293272.2, 241295583797320.03, 238321774332540.22, 228457778757554.88, 232861671722681.9], [281045366680095.0, 294361923881097.2, 307540683220233.3, 297355080597359.75, 288316486353968.0, 272196596074902.7, 255762647335437.66, 241447587595835.75, 233191715795725.6, 276299680594031.94, 277667543324166.8, 276664859664714.7, 293066951340460.25, 292042139261456.0, 307011784331343.6, 322843176608982.44, 294048929676002.2, 296847041934905.75, 287858623257301.4, 273493843172012.4, 268713237522809.5, 252732259665180.97, 255230381160357.84, 235680962968150.62, 240548070368146.5, 236792468794375.78, 226214271646649.88, 228816720943086.06], [278209690519212.12, 287642679616953.5, 297844948701585.25, 311481784532023.56, 301011275762386.06, 291711231519918.5, 277360035160093.94, 262179713524666.8, 258162255105077.53, 270393107463547.8, 275459318121455.8, 279416222238973.56, 288267368531353.6, 282963115849145.75, 295293296885206.1, 294048929676002.2, 327523833626407.5, 311149177923881.4, 297628988878247.4, 295720070687076.0, 288213785909332.06, 276194682375672.22, 276696177426452.9, 254161680658744.53, 258663262683149.0, 263517165466808.22, 252141556319947.94, 254003813156757.88], [268641190139182.88, 282637597708742.1, 297283836566582.06, 310849099025971.44, 299858820886084.9, 290461216675125.7, 273395619829017.5, 257776623249531.03, 250625642736655.88, 263131963987895.72, 263406604860642.5, 266662110979291.03, 280287143855386.22, 281835924758435.1, 295319803002338.8, 296847041934905.75, 311149177923881.4, 326383416732973.94, 298525479460083.06, 294451808730364.8, 289031332516419.3, 270415801300106.5, 273084732507923.34, 251359885538628.47, 255096715933751.5, 254853253274758.7, 244001920905914.12, 245956402009091.66], [263678789984044.2, 274442675272555.06, 288404460479861.1, 300020124463801.6, 311016148881309.5, 299386729746054.5, 288015174511657.56, 273134597326476.66, 264890333304880.84, 256159694197860.1, 261088264743588.28, 263762481038741.56, 274655396372898.9, 269233032071277.16, 287825873948045.44, 287858623257301.4, 297628988878247.4, 298525479460083.06, 324207980013299.3, 297080256362653.2, 297448720550561.3, 285239536566530.7, 290432914964994.1, 267480892527701.62, 271014863380788.5, 265376862035462.47, 260549363610214.72, 260770030733718.16], [256062312178364.53, 263080252363378.5, 276865598382486.78, 293164761949573.0, 299488054123792.6, 310322757425439.1, 297330136468305.9, 284580502916862.5, 274429586373375.78, 250538064640429.28, 252470436204676.97, 257799216105467.1, 260001387956430.34, 258266437155465.03, 276213122721111.16, 273493843172012.4, 295720070687076.0, 294451808730364.8, 297080256362653.2, 326417427709452.2, 309762631892649.06, 296263394901527.7, 294456081940142.94, 284010862848903.8, 279976992207052.8, 277854178316673.66, 265782769829376.28, 269949764844854.72], [251084359131797.88, 257411909899711.62, 271234405971760.56, 288082465635562.44, 299310490169365.56, 309302755517096.75, 296196671949329.8, 283144069132604.1, 273961638340094.1, 246085547176005.84, 246977820008558.38, 253566200964525.03, 254590518947631.2, 251951467240684.47, 269283815794865.7, 268713237522809.5, 28821378590