{"resp_b": 0.1, "restrained_fit": true, "exclude_hydrogens": true, "convergence_tolerance": 1e-06, "max_iter": 500, "resp_a": 0.0005, "charge_constraints": {"charge_sum_constraints": [], "charge_equivalence_constraints": [], "molecules": [{"qcmol": {"schema_name": "qcschema_molecule", "schema_version": 2, "validated": true, "symbols": ["C", "C", "C", "C", "C", "C", "C", "C", "O", "H", "H", "H", "H", "H", "H", "H", "H", "H", "H", "H", "H", "H", "H", "H", "H"], "geometry": [[0.0, 0.0, 0.0], [2.8886939207229623, -5.451186811383522e-16, -5.074578282552231e-16], [4.000030825375198, 2.671659901248975, 2.220446049250313e-16], [6.888563792224213, 2.791148399214042, 0.18605724668862367], [8.292935761086675, 1.7240901285275307, -2.1074554661501943], [11.158260751989413, 2.0561020644703087, -1.9127431259953127], [12.566696779127565, 0.9690237271052855, -4.202656815908627], [15.375193992714301, 1.40370936477933, -4.027173054927617], [16.926384040215783, -0.21816072208130777, -4.109086439020701], [-0.7416762547168316, 0.9564158333169793, 1.6580886762996487], [-0.74317967406882, -1.912043321744381, -0.0036460799103433805], [-0.740360262129634, 0.9609246226293082, -1.6563641608446142], [3.5700645584558863, -1.0170188905080906, 1.6524732339970538], [3.5563379170653437, -1.0432888632258188, -1.6372433404960762], [3.206286835910599, 3.7103166356742205, 1.5869550329305095], [3.3859648167702914, 3.663754722270321, -1.6951052022706494], [7.443011524138686, 4.754740552320057, 0.440759639325621], [7.501393334469314, 1.7988152757179832, 1.8807159035132153], [7.869412970817081, -0.27223877101415017, -2.33038300563976], [7.618006465090714, 2.6561231803156833, -3.8132382187268923], [11.839267584133918, 1.1407235548145305, -0.20328955416336514], [11.601683896828158, 4.055131614018802, -1.7200182637182166], [12.239609454527635, -1.043443156534551, -4.39456343368546], [11.894835388679407, 1.889923941408975, -5.91685806664292], [15.94957834383585, 3.382277524596572, -3.803726116358855]], "name": "C8H16O", "identifiers": {"molecule_hash": "dea79a527dbbd1b1571af8d5b032576871894946", "molecular_formula": "C8H16O"}, "molecular_charge": 0.0, "molecular_multiplicity": 1, "connectivity": [[0, 1, 1.0], [0, 9, 1.0], [0, 10, 1.0], [0, 11, 1.0], [1, 2, 1.0], [1, 12, 1.0], [1, 13, 1.0], [2, 3, 1.0], [2, 14, 1.0], [2, 15, 1.0], [3, 4, 1.0], [3, 16, 1.0], [3, 17, 1.0], [4, 5, 1.0], [4, 18, 1.0], [4, 19, 1.0], [5, 6, 1.0], [5, 20, 1.0], [5, 21, 1.0], [6, 7, 1.0], [6, 22, 1.0], [6, 23, 1.0], [7, 8, 2.0], [7, 24, 1.0]], "fix_com": true, "fix_orientation": true, "provenance": {"creator": "QCElemental", "version": "v0.22.0", "routine": "qcelemental.molparse.from_schema"}, "id": "122474"}, "charge": 0, "optimize_geometry": false, "conformers": [], "conformer_generation_options": {"n_conformer_pool": 4000, "n_max_conformers": 0, "rms_tolerance": 0.05, "energy_window": 15, "keep_original_conformer": true}, "stage_1_unrestrained_charges": null, "stage_1_restrained_charges": null, "stage_2_unrestrained_charges": null, "stage_2_restrained_charges": null, "keep_original_orientation": false, "reorientations": [], "translations": [], "rotations": []}], "unconstrained_atoms": [{"index": 0, "molecule": {"qcmol": {"schema_name": "qcschema_molecule", "schema_version": 2, "validated": true, "symbols": ["C", "C", "C", "C", "C", "C", "C", "C", "O", "H", "H", "H", "H", "H", "H", "H", "H", "H", "H", "H", "H", "H", "H", "H", "H"], "geometry": [[0.0, 0.0, 0.0], [2.8886939207229623, -5.451186811383522e-16, -5.074578282552231e-16], [4.000030825375198, 2.671659901248975, 2.220446049250313e-16], [6.888563792224213, 2.791148399214042, 0.18605724668862367], [8.292935761086675, 1.7240901285275307, -2.1074554661501943], [11.158260751989413, 2.0561020644703087, -1.9127431259953127], [12.566696779127565, 0.9690237271052855, -4.202656815908627], [15.375193992714301, 1.40370936477933, -4.027173054927617], [16.926384040215783, -0.21816072208130777, -4.109086439020701], [-0.7416762547168316, 0.9564158333169793, 1.6580886762996487], [-0.74317967406882, -1.912043321744381, -0.0036460799103433805], [-0.740360262129634, 0.9609246226293082, -1.6563641608446142], [3.5700645584558863, -1.0170188905080906, 1.6524732339970538], [3.5563379170653437, -1.0432888632258188, -1.6372433404960762], [3.206286835910599, 3.7103166356742205, 1.5869550329305095], [3.3859648167702914, 3.663754722270321, -1.6951052022706494], [7.443011524138686, 4.754740552320057, 0.440759639325621], [7.501393334469314, 1.7988152757179832, 1.8807159035132153], [7.869412970817081, -0.27223877101415017, -2.33038300563976], [7.618006465090714, 2.6561231803156833, -3.8132382187268923], [11.839267584133918, 1.1407235548145305, -0.20328955416336514], [11.601683896828158, 4.055131614018802, -1.7200182637182166], [12.239609454527635, -1.043443156534551, -4.39456343368546], [11.894835388679407, 1.889923941408975, -5.91685806664292], [15.94957834383585, 3.382277524596572, -3.803726116358855]], "name": "C8H16O", "identifiers": {"molecule_hash": "dea79a527dbbd1b1571af8d5b032576871894946", "molecular_formula": "C8H16O"}, "molecular_charge": 0.0, "molecular_multiplicity": 1, "connectivity": [[0, 1, 1.0], [0, 9, 1.0], [0, 10, 1.0], [0, 11, 1.0], [1, 2, 1.0], [1, 12, 1.0], [1, 13, 1.0], [2, 3, 1.0], [2, 14, 1.0], [2, 15, 1.0], [3, 4, 1.0], [3, 16, 1.0], [3, 17, 1.0], [4, 5, 1.0], [4, 18, 1.0], [4, 19, 1.0], [5, 6, 1.0], [5, 20, 1.0], [5, 21, 1.0], [6, 7, 1.0], [6, 22, 1.0], [6, 23, 1.0], [7, 8, 2.0], [7, 24, 1.0]], "fix_com": true, "fix_orientation": true, "provenance": {"creator": "QCElemental", "version": "v0.22.0", "routine": "qcelemental.molparse.from_schema"}, "id": "122474"}, "charge": 0, "optimize_geometry": false, "conformers": [], "conformer_generation_options": {"n_conformer_pool": 4000, "n_max_conformers": 0, "rms_tolerance": 0.05, "energy_window": 15, "keep_original_conformer": true}, "stage_1_unrestrained_charges": null, "stage_1_restrained_charges": null, "stage_2_unrestrained_charges": null, "stage_2_restrained_charges": null, "keep_original_orientation": false, "reorientations": [], "translations": [], "rotations": []}}, {"index": 1, "molecule": {"qcmol": {"schema_name": "qcschema_molecule", "schema_version": 2, "validated": true, "symbols": ["C", "C", "C", "C", "C", "C", "C", "C", "O", "H", "H", "H", "H", "H", "H", "H", "H", "H", "H", "H", "H", "H", "H", "H", "H"], "geometry": [[0.0, 0.0, 0.0], [2.8886939207229623, -5.451186811383522e-16, -5.074578282552231e-16], [4.000030825375198, 2.671659901248975, 2.220446049250313e-16], [6.888563792224213, 2.791148399214042, 0.18605724668862367], [8.292935761086675, 1.7240901285275307, -2.1074554661501943], [11.158260751989413, 2.0561020644703087, -1.9127431259953127], [12.566696779127565, 0.9690237271052855, -4.202656815908627], [15.375193992714301, 1.40370936477933, -4.027173054927617], [16.926384040215783, -0.21816072208130777, -4.109086439020701], [-0.7416762547168316, 0.9564158333169793, 1.6580886762996487], [-0.74317967406882, -1.912043321744381, -0.0036460799103433805], [-0.740360262129634, 0.9609246226293082, -1.6563641608446142], [3.5700645584558863, -1.0170188905080906, 1.6524732339970538], [3.5563379170653437, -1.0432888632258188, -1.6372433404960762], [3.206286835910599, 3.7103166356742205, 1.5869550329305095], [3.3859648167702914, 3.663754722270321, -1.6951052022706494], [7.443011524138686, 4.754740552320057, 0.440759639325621], [7.501393334469314, 1.7988152757179832, 1.8807159035132153], [7.869412970817081, -0.27223877101415017, -2.33038300563976], [7.618006465090714, 2.6561231803156833, -3.8132382187268923], [11.839267584133918, 1.1407235548145305, -0.20328955416336514], [11.601683896828158, 4.055131614018802, -1.7200182637182166], [12.239609454527635, -1.043443156534551, -4.39456343368546], [11.894835388679407, 1.889923941408975, -5.91685806664292], [15.94957834383585, 3.382277524596572, -3.803726116358855]], "name": "C8H16O", "identifiers": {"molecule_hash": "dea79a527dbbd1b1571af8d5b032576871894946", "molecular_formula": "C8H16O"}, "molecular_charge": 0.0, "molecular_multiplicity": 1, "connectivity": [[0, 1, 1.0], [0, 9, 1.0], [0, 10, 1.0], [0, 11, 1.0], [1, 2, 1.0], [1, 12, 1.0], [1, 13, 1.0], [2, 3, 1.0], [2, 14, 1.0], [2, 15, 1.0], [3, 4, 1.0], [3, 16, 1.0], [3, 17, 1.0], [4, 5, 1.0], [4, 18, 1.0], [4, 19, 1.0], [5, 6, 1.0], [5, 20, 1.0], [5, 21, 1.0], [6, 7, 1.0], [6, 22, 1.0], [6, 23, 1.0], [7, 8, 2.0], [7, 24, 1.0]], "fix_com": true, "fix_orientation": true, "provenance": {"creator": "QCElemental", "version": "v0.22.0", "routine": "qcelemental.molparse.from_schema"}, "id": "122474"}, "charge": 0, "optimize_geometry": false, "conformers": [], "conformer_generation_options": {"n_conformer_pool": 4000, "n_max_conformers": 0, "rms_tolerance": 0.05, "energy_window": 15, "keep_original_conformer": true}, "stage_1_unrestrained_charges": null, "stage_1_restrained_charges": null, "stage_2_unrestrained_charges": null, "stage_2_restrained_charges": null, "keep_original_orientation": false, "reorientations": [], "translations": [], "rotations": []}}, {"index": 2, "molecule": {"qcmol": {"schema_name": "qcschema_molecule", "schema_version": 2, "validated": true, "symbols": ["C", "C", "C", "C", "C", "C", "C", "C", "O", "H", "H", "H", "H", "H", "H", "H", "H", "H", "H", "H", "H", "H", "H", "H", "H"], "geometry": [[0.0, 0.0, 0.0], [2.8886939207229623, -5.451186811383522e-16, -5.074578282552231e-16], [4.000030825375198, 2.671659901248975, 2.220446049250313e-16], [6.888563792224213, 2.791148399214042, 0.18605724668862367], [8.292935761086675, 1.7240901285275307, -2.1074554661501943], [11.158260751989413, 2.0561020644703087, -1.9127431259953127], [12.566696779127565, 0.9690237271052855, -4.202656815908627], [15.375193992714301, 1.40370936477933, -4.027173054927617], [16.926384040215783, -0.21816072208130777, -4.109086439020701], [-0.7416762547168316, 0.9564158333169793, 1.6580886762996487], [-0.74317967406882, -1.912043321744381, -0.0036460799103433805], [-0.740360262129634, 0.9609246226293082, -1.6563641608446142], [3.5700645584558863, -1.0170188905080906, 1.6524732339970538], [3.5563379170653437, -1.0432888632258188, -1.6372433404960762], [3.206286835910599, 3.7103166356742205, 1.5869550329305095], [3.3859648167702914, 3.663754722270321, -1.6951052022706494], [7.443011524138686, 4.754740552320057, 0.440759639325621], [7.501393334469314, 1.7988152757179832, 1.8807159035132153], [7.869412970817081, -0.27223877101415017, -2.33038300563976], [7.618006465090714, 2.6561231803156833, -3.8132382187268923], [11.839267584133918, 1.1407235548145305, -0.20328955416336514], [11.601683896828158, 4.055131614018802, -1.7200182637182166], [12.239609454527635, -1.043443156534551, -4.39456343368546], [11.894835388679407, 1.889923941408975, -5.91685806664292], [15.94957834383585, 3.382277524596572, -3.803726116358855]], "name": "C8H16O", "identifiers": {"molecule_hash": "dea79a527dbbd1b1571af8d5b032576871894946", "molecular_formula": "C8H16O"}, "molecular_charge": 0.0, "molecular_multiplicity": 1, "connectivity": [[0, 1, 1.0], [0, 9, 1.0], [0, 10, 1.0], [0, 11, 1.0], [1, 2, 1.0], [1, 12, 1.0], [1, 13, 1.0], [2, 3, 1.0], [2, 14, 1.0], [2, 15, 1.0], [3, 4, 1.0], [3, 16, 1.0], [3, 17, 1.0], [4, 5, 1.0], [4, 18, 1.0], [4, 19, 1.0], [5, 6, 1.0], [5, 20, 1.0], [5, 21, 1.0], [6, 7, 1.0], [6, 22, 1.0], [6, 23, 1.0], [7, 8, 2.0], [7, 24, 1.0]], "fix_com": true, "fix_orientation": true, "provenance": {"creator": "QCElemental", "version": "v0.22.0", "routine": "qcelemental.molparse.from_schema"}, "id": "122474"}, "charge": 0, "optimize_geometry": false, "conformers": [], "conformer_generation_options": {"n_conformer_pool": 4000, "n_max_conformers": 0, "rms_tolerance": 0.05, "energy_window": 15, "keep_original_conformer": true}, "stage_1_unrestrained_charges": null, "stage_1_restrained_charges": null, "stage_2_unrestrained_charges": null, "stage_2_restrained_charges": null, "keep_original_orientation": false, "reorientations": [], "translations": [], "rotations": []}}, {"index": 3, "molecule": {"qcmol": {"schema_name": "qcschema_molecule", "schema_version": 2, "validated": true, "symbols": ["C", "C", "C", "C", "C", "C", "C", "C", "O", "H", "H", "H", "H", "H", "H", "H", "H", "H", "H", "H", "H", "H", "H", "H", "H"], "geometry": [[0.0, 0.0, 0.0], [2.8886939207229623, -5.451186811383522e-16, -5.074578282552231e-16], [4.000030825375198, 2.671659901248975, 2.220446049250313e-16], [6.888563792224213, 2.791148399214042, 0.18605724668862367], [8.292935761086675, 1.7240901285275307, -2.1074554661501943], [11.158260751989413, 2.0561020644703087, -1.9127431259953127], [12.566696779127565, 0.9690237271052855, -4.202656815908627], [15.375193992714301, 1.40370936477933, -4.027173054927617], [16.926384040215783, -0.21816072208130777, -4.109086439020701], [-0.7416762547168316, 0.9564158333169793, 1.6580886762996487], [-0.74317967406882, -1.912043321744381, -0.0036460799103433805], [-0.740360262129634, 0.9609246226293082, -1.6563641608446142], [3.5700645584558863, -1.0170188905080906, 1.6524732339970538], [3.5563379170653437, -1.0432888632258188, -1.6372433404960762], [3.206286835910599, 3.7103166356742205, 1.5869550329305095], [3.3859648167702914, 3.663754722270321, -1.6951052022706494], [7.443011524138686, 4.754740552320057, 0.440759639325621], [7.501393334469314, 1.7988152757179832, 1.8807159035132153], [7.869412970817081, -0.27223877101415017, -2.33038300563976], [7.618006465090714, 2.6561231803156833, -3.8132382187268923], [11.839267584133918, 1.1407235548145305, -0.20328955416336514], [11.601683896828158, 4.055131614018802, -1.7200182637182166], [12.239609454527635, -1.043443156534551, -4.39456343368546], [11.894835388679407, 1.889923941408975, -5.91685806664292], [15.94957834383585, 3.382277524596572, -3.803726116358855]], "name": "C8H16O", "identifiers": {"molecule_hash": "dea79a527dbbd1b1571af8d5b032576871894946", "molecular_formula": "C8H16O"}, "molecular_charge": 0.0, "molecular_multiplicity": 1, "connectivity": [[0, 1, 1.0], [0, 9, 1.0], [0, 10, 1.0], [0, 11, 1.0], [1, 2, 1.0], [1, 12, 1.0], [1, 13, 1.0], [2, 3, 1.0], [2, 14, 1.0], [2, 15, 1.0], [3, 4, 1.0], [3, 16, 1.0], [3, 17, 1.0], [4, 5, 1.0], [4, 18, 1.0], [4, 19, 1.0], [5, 6, 1.0], [5, 20, 1.0], [5, 21, 1.0], [6, 7, 1.0], [6, 22, 1.0], [6, 23, 1.0], [7, 8, 2.0], [7, 24, 1.0]], "fix_com": true, "fix_orientation": true, "provenance": {"creator": "QCElemental", "version": "v0.22.0", "routine": "qcelemental.molparse.from_schema"}, "id": "122474"}, "charge": 0, "optimize_geometry": false, "conformers": [], "conformer_generation_options": {"n_conformer_pool": 4000, "n_max_conformers": 0, "rms_tolerance": 0.05, "energy_window": 15, "keep_original_conformer": true}, "stage_1_unrestrained_charges": null, "stage_1_restrained_charges": null, "stage_2_unrestrained_charges": null, "stage_2_restrained_charges": null, "keep_original_orientation": false, "reorientations": [], "translations": [], "rotations": []}}, {"index": 4, "molecule": {"qcmol": {"schema_name": "qcschema_molecule", "schema_version": 2, "validated": true, "symbols": ["C", "C", "C", "C", "C", "C", "C", "C", "O", "H", "H", "H", "H", "H", "H", "H", "H", "H", "H", "H", "H", "H", "H", "H", "H"], "geometry": [[0.0, 0.0, 0.0], [2.8886939207229623, -5.451186811383522e-16, -5.074578282552231e-16], [4.000030825375198, 2.671659901248975, 2.220446049250313e-16], [6.888563792224213, 2.791148399214042, 0.18605724668862367], [8.292935761086675, 1.7240901285275307, -2.1074554661501943], [11.158260751989413, 2.0561020644703087, -1.9127431259953127], [12.566696779127565, 0.9690237271052855, -4.202656815908627], [15.375193992714301, 1.40370936477933, -4.027173054927617], [16.926384040215783, -0.21816072208130777, -4.109086439020701], [-0.7416762547168316, 0.9564158333169793, 1.6580886762996487], [-0.74317967406882, -1.912043321744381, -0.0036460799103433805], [-0.740360262129634, 0.9609246226293082, -1.6563641608446142], [3.5700645584558863, -1.0170188905080906, 1.6524732339970538], [3.5563379170653437, -1.0432888632258188, -1.6372433404960762], [3.206286835910599, 3.7103166356742205, 1.5869550329305095], [3.3859648167702914, 3.663754722270321, -1.6951052022706494], [7.443011524138686, 4.754740552320057, 0.440759639325621], [7.501393334469314, 1.7988152757179832, 1.8807159035132153], [7.869412970817081, -0.27223877101415017, -2.33038300563976], [7.618006465090714, 2.6561231803156833, -3.8132382187268923], [11.839267584133918, 1.1407235548145305, -0.20328955416336514], [11.601683896828158, 4.055131614018802, -1.7200182637182166], [12.239609454527635, -1.043443156534551, -4.39456343368546], [11.894835388679407, 1.889923941408975, -5.91685806664292], [15.94957834383585, 3.382277524596572, -3.803726116358855]], "name": "C8H16O", "identifiers": {"molecule_hash": "dea79a527dbbd1b1571af8d5b032576871894946", "molecular_formula": "C8H16O"}, "molecular_charge": 0.0, "molecular_multiplicity": 1, "connectivity": [[0, 1, 1.0], [0, 9, 1.0], [0, 10, 1.0], [0, 11, 1.0], [1, 2, 1.0], [1, 12, 1.0], [1, 13, 1.0], [2, 3, 1.0], [2, 14, 1.0], [2, 15, 1.0], [3, 4, 1.0], [3, 16, 1.0], [3, 17, 1.0], [4, 5, 1.0], [4, 18, 1.0], [4, 19, 1.0], [5, 6, 1.0], [5, 20, 1.0], [5, 21, 1.0], [6, 7, 1.0], [6, 22, 1.0], [6, 23, 1.0], [7, 8, 2.0], [7, 24, 1.0]], "fix_com": true, "fix_orientation": true, "provenance": {"creator": "QCElemental", "version": "v0.22.0", "routine": "qcelemental.molparse.from_schema"}, "id": "122474"}, "charge": 0, "optimize_geometry": false, "conformers": [], "conformer_generation_options": {"n_conformer_pool": 4000, "n_max_conformers": 0, "rms_tolerance": 0.05, "energy_window": 15, "keep_original_conformer": true}, "stage_1_unrestrained_charges": null, "stage_1_restrained_charges": null, "stage_2_unrestrained_charges": null, "stage_2_restrained_charges": null, "keep_original_orientation": false, "reorientations": [], "translations": [], "rotations": []}}, {"index": 5, "molecule": {"qcmol": {"schema_name": "qcschema_molecule", "schema_version": 2, "validated": true, "symbols": ["C", "C", "C", "C", "C", "C", "C", "C", "O", "H", "H", "H", "H", "H", "H", "H", "H", "H", "H", "H", "H", "H", "H", "H", "H"], "geometry": [[0.0, 0.0, 0.0], [2.8886939207229623, -5.451186811383522e-16, -5.074578282552231e-16], [4.000030825375198, 2.671659901248975, 2.220446049250313e-16], [6.888563792224213, 2.791148399214042, 0.18605724668862367], [8.292935761086675, 1.7240901285275307, -2.1074554661501943], [11.158260751989413, 2.0561020644703087, -1.9127431259953127], [12.566696779127565, 0.9690237271052855, -4.202656815908627], [15.375193992714301, 1.40370936477933, -4.027173054927617], [16.926384040215783, -0.21816072208130777, -4.109086439020701], [-0.7416762547168316, 0.9564158333169793, 1.6580886762996487], [-0.74317967406882, -1.912043321744381, -0.0036460799103433805], [-0.740360262129634, 0.9609246226293082, -1.6563641608446142], [3.5700645584558863, -1.0170188905080906, 1.6524732339970538], [3.5563379170653437, -1.0432888632258188, -1.6372433404960762], [3.206286835910599, 3.7103166356742205, 1.5869550329305095], [3.3859648167702914, 3.663754722270321, -1.6951052022706494], [7.443011524138686, 4.754740552320057, 0.440759639325621], [7.501393334469314, 1.7988152757179832, 1.8807159035132153], [7.869412970817081, -0.27223877101415017, -2.33038300563976], [7.618006465090714, 2.6561231803156833, -3.8132382187268923], [11.839267584133918, 1.1407235548145305, -0.20328955416336514], [11.601683896828158, 4.055131614018802, -1.7200182637182166], [12.239609454527635, -1.043443156534551, -4.39456343368546], [11.894835388679407, 1.889923941408975, -5.91685806664292], [15.94957834383585, 3.382277524596572, -3.803726116358855]], "name": "C8H16O", "identifiers": {"molecule_hash": "dea79a527dbbd1b1571af8d5b032576871894946", "molecular_formula": "C8H16O"}, "molecular_charge": 0.0, "molecular_multiplicity": 1, "connectivity": [[0, 1, 1.0], [0, 9, 1.0], [0, 10, 1.0], [0, 11, 1.0], [1, 2, 1.0], [1, 12, 1.0], [1, 13, 1.0], [2, 3, 1.0], [2, 14, 1.0], [2, 15, 1.0], [3, 4, 1.0], [3, 16, 1.0], [3, 17, 1.0], [4, 5, 1.0], [4, 18, 1.0], [4, 19, 1.0], [5, 6, 1.0], [5, 20, 1.0], [5, 21, 1.0], [6, 7, 1.0], [6, 22, 1.0], [6, 23, 1.0], [7, 8, 2.0], [7, 24, 1.0]], "fix_com": true, "fix_orientation": true, "provenance": {"creator": "QCElemental", "version": "v0.22.0", "routine": "qcelemental.molparse.from_schema"}, "id": "122474"}, "charge": 0, "optimize_geometry": false, "conformers": [], "conformer_generation_options": {"n_conformer_pool": 4000, "n_max_conformers": 0, "rms_tolerance": 0.05, "energy_window": 15, "keep_original_conformer": true}, "stage_1_unrestrained_charges": null, "stage_1_restrained_charges": null, "stage_2_unrestrained_charges": null, "stage_2_restrained_charges": null, "keep_original_orientation": false, "reorientations": [], "translations": [], "rotations": []}}, {"index": 6, "molecule": {"qcmol": {"schema_name": "qcschema_molecule", "schema_version": 2, "validated": true, "symbols": ["C", "C", "C", "C", "C", "C", "C", "C", "O", "H", "H", "H", "H", "H", "H", "H", "H", "H", "H", "H", "H", "H", "H", "H", "H"], "geometry": [[0.0, 0.0, 0.0], [2.8886939207229623, -5.451186811383522e-16, -5.074578282552231e-16], [4.000030825375198, 2.671659901248975, 2.220446049250313e-16], [6.888563792224213, 2.791148399214042, 0.18605724668862367], [8.292935761086675, 1.7240901285275307, -2.1074554661501943], [11.158260751989413, 2.0561020644703087, -1.9127431259953127], [12.566696779127565, 0.9690237271052855, -4.202656815908627], [15.375193992714301, 1.40370936477933, -4.027173054927617], [16.926384040215783, -0.21816072208130777, -4.109086439020701], [-0.7416762547168316, 0.9564158333169793, 1.6580886762996487], [-0.74317967406882, -1.912043321744381, -0.0036460799103433805], [-0.740360262129634, 0.9609246226293082, -1.6563641608446142], [3.5700645584558863, -1.0170188905080906, 1.6524732339970538], [3.5563379170653437, -1.0432888632258188, -1.6372433404960762], [3.206286835910599, 3.7103166356742205, 1.5869550329305095], [3.3859648167702914, 3.663754722270321, -1.6951052022706494], [7.443011524138686, 4.754740552320057, 0.440759639325621], [7.501393334469314, 1.7988152757179832, 1.8807159035132153], [7.869412970817081, -0.27223877101415017, -2.33038300563976], [7.618006465090714, 2.6561231803156833, -3.8132382187268923], [11.839267584133918, 1.1407235548145305, -0.20328955416336514], [11.601683896828158, 4.055131614018802, -1.7200182637182166], [12.239609454527635, -1.043443156534551, -4.39456343368546], [11.894835388679407, 1.889923941408975, -5.91685806664292], [15.94957834383585, 3.382277524596572, -3.803726116358855]], "name": "C8H16O", "identifiers": {"molecule_hash": "dea79a527dbbd1b1571af8d5b032576871894946", "molecular_formula": "C8H16O"}, "molecular_charge": 0.0, "molecular_multiplicity": 1, "connectivity": [[0, 1, 1.0], [0, 9, 1.0], [0, 10, 1.0], [0, 11, 1.0], [1, 2, 1.0], [1, 12, 1.0], [1, 13, 1.0], [2, 3, 1.0], [2, 14, 1.0], [2, 15, 1.0], [3, 4, 1.0], [3, 16, 1.0], [3, 17, 1.0], [4, 5, 1.0], [4, 18, 1.0], [4, 19, 1.0], [5, 6, 1.0], [5, 20, 1.0], [5, 21, 1.0], [6, 7, 1.0], [6, 22, 1.0], [6, 23, 1.0], [7, 8, 2.0], [7, 24, 1.0]], "fix_com": true, "fix_orientation": true, "provenance": {"creator": "QCElemental", "version": "v0.22.0", "routine": "qcelemental.molparse.from_schema"}, "id": "122474"}, "charge": 0, "optimize_geometry": false, "conformers": [], "conformer_generation_options": {"n_conformer_pool": 4000, "n_max_conformers": 0, "rms_tolerance": 0.05, "energy_window": 15, "keep_original_conformer": true}, "stage_1_unrestrained_charges": null, "stage_1_restrained_charges": null, "stage_2_unrestrained_charges": null, "stage_2_restrained_charges": null, "keep_original_orientation": false, "reorientations": [], "translations": [], "rotations": []}}]}, "surface_constraints": {"matrix": [[335807560019564.0, 325196277529854.56, 313144354080318.3, 300692228747276.5, 291724068391817.25, 276220751787442.84, 264299990871876.84, 256808728741811.78, 249549217522578.12, 336186553160688.4, 337974080121392.75, 337339271707178.7, 323586711807241.75, 323823698749452.44, 309220006626980.8, 314301427307572.2, 297634462794249.0, 298607755726729.5, 290520267800644.94, 296351086937147.75, 275727919337697.78, 271726792847221.66, 265307325051815.97, 256823169988479.25, 254931045357904.44], [325196277529854.56, 332924529638567.2, 324751030146471.8, 313183302839952.3, 303237988060395.56, 285641841995142.06, 272963379861796.12, 264079001111316.03, 256623381398545.4, 320857583650032.94, 322727036392005.8, 322125621754930.0, 336664002719172.6, 337055712200224.75, 323920681942046.06, 324555218345660.8, 310066709061898.5, 312341551482873.4, 303626500761935.3, 307030094818290.7, 283828541514670.4, 281301618096945.62, 274668106533046.2, 265132320153487.97, 260943823324013.03], [313144354080318.3, 324751030146471.8, 334157374394399.06, 326291852367500.75, 314136485219922.3, 296919354347142.75, 284771992989915.25, 276055728465269.34, 268064023800964.8, 309828312728094.8, 309354474948317.6, 308360066242851.7, 323539832707460.9, 323746688101326.7, 338564320162774.3, 339177389845749.06, 326482425214098.75, 326354502974827.5, 315004642623663.94, 315251698279493.25, 292725702378715.56, 294512569285438.75, 286976960129746.5, 276530443799083.44, 273135364707337.9], [300692228747276.5, 313183302839952.3, 326291852367500.75, 334556269304717.5, 325907390065683.25, 313595477368756.4, 303381008616801.06, 292976607645558.9, 284592453376853.7, 297710803542546.4, 295261627039063.9, 297025146899744.7, 309159240263607.44, 313781776604965.2, 326036169312262.94, 326372848766302.1, 339303628342604.5, 339634975363104.8, 326088384964084.2, 325667669494140.4, 311443740547996.9, 310588844791502.6, 305919844577563.75, 297329480373400.4, 289023094701028.9], [291724068391817.25, 303237988060395.56, 314136485219922.3, 325907390065683.25, 334166046369103.9, 325357647374212.56, 313111286129079.5, 301049144072140.3, 294161649559877.4, 288201298332286.6, 287342242333292.3, 288537313128267.06, 300730137095832.75, 303455369762666.7, 310619465292174.9, 313354961244473.9, 325342265412704.8, 326028624891141.5, 339550655305723.4, 338994961095089.9, 325166501179506.75, 324258630103038.2, 313061037585120.9, 308976710711944.2, 294479071735003.25], [276220751787442.84, 285641841995142.06, 296919354347142.75, 313595477368756.4, 325357647374212.56, 332808127605921.7, 323999442700847.4, 312378316985441.7, 303102278405385.6, 273284744625547.5, 273449072735517.12, 272707455772615.3, 282597115078947.4, 284680812781268.25, 290833875791134.56, 296028092329909.4, 316014618677948.44, 312796855896177.56, 325877558482966.94, 325467027149757.44, 337552405203389.1, 336635968220046.56, 322906263304336.1, 322770684264274.75, 308226150762831.8], [264299990871876.84, 272963379861796.12, 284771992989915.25, 303381008616801.06, 313111286129079.5, 323999442700847.4, 332562522662356.44, 324680388165384.1, 315592045098400.8, 260749805054786.66, 262717173402615.3, 260994905834542.66, 268072581477106.44, 272975202073791.3, 277563339359316.22, 284363411805035.4, 308277111990877.6, 303492005715718.75, 311526038644670.25, 311357313006335.56, 323608913346244.75, 322730397078031.6, 336893954485316.3, 336352476532766.06, 321554407948032.9], [256808728741811.78, 264079001111316.03, 276055728465269.34, 292976607645558.9, 301049144072140.3, 312378316985441.7, 324680388165384.1, 334251610762025.6, 331708602352698.8, 253239562386583.44, 256565870738563.78, 253427762122512.4, 259393604900202.6, 262872552673173.28, 268387554142439.6, 277580033749264.06, 299163058006363.1, 291772940223688.25, 296818339819640.9, 300507561004995.2, 310093394869159.6, 311103772782910.56, 324288359416002.8, 323363648453960.8, 336735838152405.2], [249549217522578.12, 256623381398545.4, 268064023800964.8, 284592453376853.7, 294161649559877.4, 303102278405385.6, 315592045098400.8, 331708602352698.8, 343275145292101.25, 246234925323981.9, 249560274402507.5, 245955594611777.75, 252625143828998.78, 255145848158428.97, 260572079057656.0, 269266833092724.56, 289800574417041.94, 283141875689639.9, 290990912430196.94, 295770150375240.9, 301320693372562.44, 299349141675410.7, 312611133593209.4, 312192132706508.25, 326584350583232.2], [336186553160688.4, 320857583650032.94, 309828312728094.8, 297710803542546.4, 288201298332286.6, 273284744625547.5, 260749805054786.66, 253239562386583.44, 246234925323981.9, 350309385958464.8, 333443948431102.44, 333038020133393.4, 317251762645466.06, 317178238803873.94, 306849322372765.94, 310510329848605.25, 295446006836326.44, 295747551144806.94, 285606278265586.4, 293510548786633.5, 273936136651744.7, 268647656485606.47, 260509588671828.6, 254247398167798.4, 251334994129222.8], [337974080121392.75, 322727036392005.8, 309354474948317.6, 295261627039063.9, 287342242333292.3, 273449072735517.12, 262717173402615.3, 256565870738563.78, 249560274402507.5, 333443948431102.44, 354148062073947.3, 334386109282302.56, 322190319298523.25, 317853892247605.4, 305105632959746.6, 311404738594027.75, 291070542971956.44, 292291969434872.06, 286854287550674.6, 290752968187180.75, 272707228558943.84, 269619301866695.72, 263806415400274.25, 254763756350315.03, 255414821553455.6], [337339271707178.7, 322125621754930.0, 308360066242851.7, 297025146899744.7, 288537313128267.06, 272707455772615.3, 260994905834542.66, 253427762122512.4, 245955594611777.75, 333038020133393.4, 334386109282302.56, 352577526218318.4, 317128571241238.7, 322115382857304.3, 301795807177514.94, 310073550662626.06, 294456535161198.75, 294942304842458.4, 286906250868413.9, 294186942350895.4, 272418282440224.97, 267526811208217.66, 262588242039356.8, 253385340160784.16, 251832334308512.38], [323586711807241.75, 336664002719172.6, 323539832707460.9, 309159240263607.44, 300730137095832.75, 282597115078947.4, 268072581477106.44, 259393604900202.6, 252625143828998.78, 317251762645466.06, 322190319298523.25, 317128571241238.7, 353558543791900.3, 335960248989082.3, 324054218846584.94, 320513735541302.7, 303251293135852.6, 307976858514729.94, 301213554054161.1, 305998534498338.56, 281670396600119.0, 278539925142976.62, 268994250648517.38, 259562296945593.56, 255851963814113.06], [323823698749452.44, 337055712200224.75, 323746688101326.7, 313781776604965.2, 303455369762666.7, 284680812781268.25, 272975202073791.3, 262872552673173.28, 255145848158428.97, 317178238803873.94, 317853892247605.4, 322115382857304.3, 335960248989082.3, 354738173847979.8, 319963739111913.3, 320965002841247.6, 311222374992699.7, 313700217967987.94, 304719220587999.3, 307062468410118.75, 282615045678052.8, 278923345101916.78, 275565961839614.03, 265941306368980.5, 259032624263354.84], [309220006626980.8, 323920681942046.06, 338564320162774.3, 326036169312262.94, 310619465292174.9, 290833875791134.56, 277563339359316.22, 268387554142439.6, 260572079057656.0, 306849322372765.94, 305105632959746.6, 301795807177514.94, 324054218846584.94, 319963739111913.3, 356001094669022.3, 338668787705475.06, 323080078668651.9, 328210865156316.2, 313288368718818.56, 309873385772204.3, 285020539592908.9, 289272234650407.3, 280583328381418.84, 268244246904752.94, 265098888749797.9], [314301427307572.2, 324555218345660.8, 339177389845749.06, 326372848766302.1, 313354961244473.9, 296028092329909.4, 284363411805035.4, 277580033749264.06, 269266833092724.56, 310510329848605.25, 311404738594027.75, 310073550662626.06, 320513735541302.7, 320965002841247.6, 338668787705475.06, 357535399121547.5, 328847551102439.75, 320887703161443.75, 313244671486516.25, 314960741576993.94, 290033659987537.9, 295098615105311.5, 285921108827268.94, 275461614372965.88, 276199525188591.16], [297634462794249.0, 310066709061898.5, 326482425214098.75, 339303628342604.5, 325342265412704.8, 316014618677948.44, 308277111990877.6, 299163058006363.1, 289800574417041.94, 295446006836326.44, 291070542971956.44, 294456535161198.75, 303251293135852.6, 311222374992699.7, 323080078668651.9, 328847551102439.75, 356781270178741.1, 339833129441484.6, 321211381230874.4, 322562867319366.06, 313567724771016.25, 313315302290740.7, 310700136114283.1, 303372386484523.5, 297098611164756.75], [298607755726729.5, 312341551482873.4, 326354502974827.5, 339634975363104.8, 326028624891141.5, 312796855896177.56, 303492005715718.75, 291772940223688.25, 283141875689639.9, 295747551144806.94, 292291969434872.06, 294942304842458.4, 307976858514729.94, 313700217967987.94, 328210865156316.2, 320887703161443.75, 339833129441484.6, 357447252788580.06, 325644905323012.8, 323033385545452.8, 311312844453660.8, 307714115046828.3, 308391840342610.06, 296831970542050.06, 287049665891934.9], [290520267800644.94, 303626500761935.3, 315004642623663.94, 326088384964084.2, 339550655305723.4, 325877558482966.94, 311526038644670.25, 296818339819640.9, 290990912430196.94, 285606278265586.4, 286854287550674.6, 286906250868413.9, 301213554054161.1, 304719220587999.3, 313288368718818.56, 313244671486516.25, 321211381230874.4, 325644905323012.8, 357807067428126.44, 339724755866398.0, 325294722889093.56, 322836492154892.7, 311933184709438.1, 307415217988926.75, 287575545155955.9], [296351086937147.75, 307030094818290.7, 315251698279493.25, 325667669494140.4, 338994961095089.9, 325467027149757.44, 311357313006335.56, 300507561004995.2, 295770150375240.9, 293510548786633.5, 290752968187180.75, 294186942350895.4, 305998534498338.56, 307062468410118.75, 309873385772204.3, 314960741576993.94, 322562867319366.06, 323033385545452.8, 339724755866398.0, 356512073087388.8, 323346274624076.5, 324083909350295.25, 309298318893980.1, 306839624432107.2, 292647058687271.44], [275727919337697.78, 283828541514670.4, 292725702378715.56, 311443740547996.9, 325166501179506.75, 337552405203389.1, 323608913346244.75, 310093394869159.6, 301320693372562.44, 273936136651744.7, 272707228558943.84, 272418282440224.97, 281670396600119.0, 282615045678052.8, 285020539592908.9, 290033659987537.9, 313567724771016.25, 311312844453660.8, 325294722889093.56, 323346274624076.5, 355061769876467.8, 336681410560139.2, 320093529205557.8, 322122214097192.56, 304082501165962.94], [271726792847221.66, 281301618096945.62, 294512569285438.75, 310588844791502.6, 324258630103038.2, 336635968220046.56, 322730397078031.6, 311103772782910.56, 299349141675410.7, 268647656485606.47, 269619301866695.72, 267526811208217.66, 278539925142976.62, 278923345101916.78, 289272234650407.3, 295098615105311.5, 313315302290740.7, 307714115046828.3, 322836492154892.7, 324083909350295.25, 336681410560139.2, 353393340622515.94, 319013868780718.75, 320248616786408.8, 310201450483023.0], [265307325051815.97, 274668106533046.2, 286976960129746.5, 305919844577563.75, 313061037585120.9, 322906263304336.1, 336893954485316.3, 324288359416002.8, 312611133593209.4, 260509588671828.6, 263806415400274.25, 262588242039356.8, 268994250648517.38, 275565961839614.03, 280583328381418.84, 285921108827268.94, 310700136114283.1, 308391840342610.06, 311933184709438.1, 309298318893980.1, 320093529205557.8, 319013868780718.75, 354530254864925.2, 335662162319904.1, 320382115245625.3], [256823169988479.25, 265132320153487.97, 276530443799083.44, 297329480373400.4, 308976710711944.2, 322770684264274.75, 336352476532766.06, 323363648453960.8, 312192132706508.25, 254247398167798.4, 254763756350315.03, 253385340160784.16, 259562296945593.56, 265941306368980.5, 268244246904752.94, 275461614372965.88, 303372386484523.5, 296831970542050.06, 307415217988926.75, 306839624432107.2, 322122214097192.56, 320248616786408.8, 335662162319904.1, 353379255845152.56, 318456416298207.44], [254931045357904.44, 260943823324013.03, 273135364707337.9, 289023094701028.9, 294479071735003.25, 308226150762831.8, 321554407948032.9, 336735838152405.2, 326584350583232.2, 251334994129222.8, 255414821553455.6, 251832334308512.38, 255851963814113.06, 259032624263354.84, 265098888749797.9, 276199525188591.16, 297098611164756.75, 287049665891934.9, 287575545155955.9, 292647058687271.44, 304082501165962.94, 310201450483023.0, 320382115245625.3, 318456416298207.44, 353069940811045.4], [5788971456450.711, 6435032473273.555, 6689314774425.121, 6924651530351.615, 6175677618292.692, 6969670581387.2, 5820705689035.794, 279432280403.0005, -8074897160568.05, 5595340549051.171, 5371158242474.917, 5854460305789.991, 6185349793548.123, 6807273589526.219, 6753404222104.644, 6614102745207.161, 7189813994318.982, 7258078268335.098, 5944789842130.072, 5080830787011.237, 6995643758091.566, 8361463897901.0625, 7611793274993.205, 7277621787566.489, 3787040277785.1455]]}}