{"resp_b": 0.1, "restrained_fit": true, "exclude_hydrogens": true, "convergence_tolerance": 1e-06, "max_iter": 500, "resp_a": 0.0005, "charge_constraints": {"charge_sum_constraints": [], "charge_equivalence_constraints": [], "molecules": [{"qcmol": {"schema_name": "qcschema_molecule", "schema_version": 2, "validated": true, "symbols": ["C", "C", "C", "C", "C", "C", "C", "C", "O", "H", "H", "H", "H", "H", "H", "H", "H", "H", "H", "H", "H", "H", "H", "H", "H"], "geometry": [[0.0, 0.0, 0.0], [2.8886939207229623, -5.451186811383522e-16, -5.074578282552231e-16], [4.000030825375198, 2.671659901248975, 2.220446049250313e-16], [6.888563792224213, 2.791148399214042, 0.18605724668862367], [8.292935761086675, 1.7240901285275307, -2.1074554661501943], [11.158260751989413, 2.0561020644703087, -1.9127431259953127], [12.566696779127565, 0.9690237271052855, -4.202656815908627], [15.375193992714301, 1.40370936477933, -4.027173054927617], [16.926384040215783, -0.21816072208130777, -4.109086439020701], [-0.7416762547168316, 0.9564158333169793, 1.6580886762996487], [-0.74317967406882, -1.912043321744381, -0.0036460799103433805], [-0.740360262129634, 0.9609246226293082, -1.6563641608446142], [3.5700645584558863, -1.0170188905080906, 1.6524732339970538], [3.5563379170653437, -1.0432888632258188, -1.6372433404960762], [3.206286835910599, 3.7103166356742205, 1.5869550329305095], [3.3859648167702914, 3.663754722270321, -1.6951052022706494], [7.443011524138686, 4.754740552320057, 0.440759639325621], [7.501393334469314, 1.7988152757179832, 1.8807159035132153], [7.869412970817081, -0.27223877101415017, -2.33038300563976], [7.618006465090714, 2.6561231803156833, -3.8132382187268923], [11.839267584133918, 1.1407235548145305, -0.20328955416336514], [11.601683896828158, 4.055131614018802, -1.7200182637182166], [12.239609454527635, -1.043443156534551, -4.39456343368546], [11.894835388679407, 1.889923941408975, -5.91685806664292], [15.94957834383585, 3.382277524596572, -3.803726116358855]], "name": "C8H16O", "identifiers": {"molecule_hash": "dea79a527dbbd1b1571af8d5b032576871894946", "molecular_formula": "C8H16O"}, "molecular_charge": 0.0, "molecular_multiplicity": 1, "connectivity": [[0, 1, 1.0], [0, 9, 1.0], [0, 10, 1.0], [0, 11, 1.0], [1, 2, 1.0], [1, 12, 1.0], [1, 13, 1.0], [2, 3, 1.0], [2, 14, 1.0], [2, 15, 1.0], [3, 4, 1.0], [3, 16, 1.0], [3, 17, 1.0], [4, 5, 1.0], [4, 18, 1.0], [4, 19, 1.0], [5, 6, 1.0], [5, 20, 1.0], [5, 21, 1.0], [6, 7, 1.0], [6, 22, 1.0], [6, 23, 1.0], [7, 8, 2.0], [7, 24, 1.0]], "fix_com": true, "fix_orientation": true, "provenance": {"creator": "QCElemental", "version": "v0.22.0", "routine": "qcelemental.molparse.from_schema"}, "id": "122474"}, "charge": 0, "optimize_geometry": false, "conformers": [], "conformer_generation_options": {"n_conformer_pool": 4000, "n_max_conformers": 0, "rms_tolerance": 0.05, "energy_window": 15, "keep_original_conformer": true}, "stage_1_unrestrained_charges": null, "stage_1_restrained_charges": null, "stage_2_unrestrained_charges": null, "stage_2_restrained_charges": null, "keep_original_orientation": false, "reorientations": [], "translations": [], "rotations": []}], "unconstrained_atoms": [{"index": 0, "molecule": {"qcmol": {"schema_name": "qcschema_molecule", "schema_version": 2, "validated": true, "symbols": ["C", "C", "C", "C", "C", "C", "C", "C", "O", "H", "H", "H", "H", "H", "H", "H", "H", "H", "H", "H", "H", "H", "H", "H", "H"], "geometry": [[0.0, 0.0, 0.0], [2.8886939207229623, -5.451186811383522e-16, -5.074578282552231e-16], [4.000030825375198, 2.671659901248975, 2.220446049250313e-16], [6.888563792224213, 2.791148399214042, 0.18605724668862367], [8.292935761086675, 1.7240901285275307, -2.1074554661501943], [11.158260751989413, 2.0561020644703087, -1.9127431259953127], [12.566696779127565, 0.9690237271052855, -4.202656815908627], [15.375193992714301, 1.40370936477933, -4.027173054927617], [16.926384040215783, -0.21816072208130777, -4.109086439020701], [-0.7416762547168316, 0.9564158333169793, 1.6580886762996487], [-0.74317967406882, -1.912043321744381, -0.0036460799103433805], [-0.740360262129634, 0.9609246226293082, -1.6563641608446142], [3.5700645584558863, -1.0170188905080906, 1.6524732339970538], [3.5563379170653437, -1.0432888632258188, -1.6372433404960762], [3.206286835910599, 3.7103166356742205, 1.5869550329305095], [3.3859648167702914, 3.663754722270321, -1.6951052022706494], [7.443011524138686, 4.754740552320057, 0.440759639325621], [7.501393334469314, 1.7988152757179832, 1.8807159035132153], [7.869412970817081, -0.27223877101415017, -2.33038300563976], [7.618006465090714, 2.6561231803156833, -3.8132382187268923], [11.839267584133918, 1.1407235548145305, -0.20328955416336514], [11.601683896828158, 4.055131614018802, -1.7200182637182166], [12.239609454527635, -1.043443156534551, -4.39456343368546], [11.894835388679407, 1.889923941408975, -5.91685806664292], [15.94957834383585, 3.382277524596572, -3.803726116358855]], "name": "C8H16O", "identifiers": {"molecule_hash": "dea79a527dbbd1b1571af8d5b032576871894946", "molecular_formula": "C8H16O"}, "molecular_charge": 0.0, "molecular_multiplicity": 1, "connectivity": [[0, 1, 1.0], [0, 9, 1.0], [0, 10, 1.0], [0, 11, 1.0], [1, 2, 1.0], [1, 12, 1.0], [1, 13, 1.0], [2, 3, 1.0], [2, 14, 1.0], [2, 15, 1.0], [3, 4, 1.0], [3, 16, 1.0], [3, 17, 1.0], [4, 5, 1.0], [4, 18, 1.0], [4, 19, 1.0], [5, 6, 1.0], [5, 20, 1.0], [5, 21, 1.0], [6, 7, 1.0], [6, 22, 1.0], [6, 23, 1.0], [7, 8, 2.0], [7, 24, 1.0]], "fix_com": true, "fix_orientation": true, "provenance": {"creator": "QCElemental", "version": "v0.22.0", "routine": "qcelemental.molparse.from_schema"}, "id": "122474"}, "charge": 0, "optimize_geometry": false, "conformers": [], "conformer_generation_options": {"n_conformer_pool": 4000, "n_max_conformers": 0, "rms_tolerance": 0.05, "energy_window": 15, "keep_original_conformer": true}, "stage_1_unrestrained_charges": null, "stage_1_restrained_charges": null, "stage_2_unrestrained_charges": null, "stage_2_restrained_charges": null, "keep_original_orientation": false, "reorientations": [], "translations": [], "rotations": []}}, {"index": 1, "molecule": {"qcmol": {"schema_name": "qcschema_molecule", "schema_version": 2, "validated": true, "symbols": ["C", "C", "C", "C", "C", "C", "C", "C", "O", "H", "H", "H", "H", "H", "H", "H", "H", "H", "H", "H", "H", "H", "H", "H", "H"], "geometry": [[0.0, 0.0, 0.0], [2.8886939207229623, -5.451186811383522e-16, -5.074578282552231e-16], [4.000030825375198, 2.671659901248975, 2.220446049250313e-16], [6.888563792224213, 2.791148399214042, 0.18605724668862367], [8.292935761086675, 1.7240901285275307, -2.1074554661501943], [11.158260751989413, 2.0561020644703087, -1.9127431259953127], [12.566696779127565, 0.9690237271052855, -4.202656815908627], [15.375193992714301, 1.40370936477933, -4.027173054927617], [16.926384040215783, -0.21816072208130777, -4.109086439020701], [-0.7416762547168316, 0.9564158333169793, 1.6580886762996487], [-0.74317967406882, -1.912043321744381, -0.0036460799103433805], [-0.740360262129634, 0.9609246226293082, -1.6563641608446142], [3.5700645584558863, -1.0170188905080906, 1.6524732339970538], [3.5563379170653437, -1.0432888632258188, -1.6372433404960762], [3.206286835910599, 3.7103166356742205, 1.5869550329305095], [3.3859648167702914, 3.663754722270321, -1.6951052022706494], [7.443011524138686, 4.754740552320057, 0.440759639325621], [7.501393334469314, 1.7988152757179832, 1.8807159035132153], [7.869412970817081, -0.27223877101415017, -2.33038300563976], [7.618006465090714, 2.6561231803156833, -3.8132382187268923], [11.839267584133918, 1.1407235548145305, -0.20328955416336514], [11.601683896828158, 4.055131614018802, -1.7200182637182166], [12.239609454527635, -1.043443156534551, -4.39456343368546], [11.894835388679407, 1.889923941408975, -5.91685806664292], [15.94957834383585, 3.382277524596572, -3.803726116358855]], "name": "C8H16O", "identifiers": {"molecule_hash": "dea79a527dbbd1b1571af8d5b032576871894946", "molecular_formula": "C8H16O"}, "molecular_charge": 0.0, "molecular_multiplicity": 1, "connectivity": [[0, 1, 1.0], [0, 9, 1.0], [0, 10, 1.0], [0, 11, 1.0], [1, 2, 1.0], [1, 12, 1.0], [1, 13, 1.0], [2, 3, 1.0], [2, 14, 1.0], [2, 15, 1.0], [3, 4, 1.0], [3, 16, 1.0], [3, 17, 1.0], [4, 5, 1.0], [4, 18, 1.0], [4, 19, 1.0], [5, 6, 1.0], [5, 20, 1.0], [5, 21, 1.0], [6, 7, 1.0], [6, 22, 1.0], [6, 23, 1.0], [7, 8, 2.0], [7, 24, 1.0]], "fix_com": true, "fix_orientation": true, "provenance": {"creator": "QCElemental", "version": "v0.22.0", "routine": "qcelemental.molparse.from_schema"}, "id": "122474"}, "charge": 0, "optimize_geometry": false, "conformers": [], "conformer_generation_options": {"n_conformer_pool": 4000, "n_max_conformers": 0, "rms_tolerance": 0.05, "energy_window": 15, "keep_original_conformer": true}, "stage_1_unrestrained_charges": null, "stage_1_restrained_charges": null, "stage_2_unrestrained_charges": null, "stage_2_restrained_charges": null, "keep_original_orientation": false, "reorientations": [], "translations": [], "rotations": []}}, {"index": 2, "molecule": {"qcmol": {"schema_name": "qcschema_molecule", "schema_version": 2, "validated": true, "symbols": ["C", "C", "C", "C", "C", "C", "C", "C", "O", "H", "H", "H", "H", "H", "H", "H", "H", "H", "H", "H", "H", "H", "H", "H", "H"], "geometry": [[0.0, 0.0, 0.0], [2.8886939207229623, -5.451186811383522e-16, -5.074578282552231e-16], [4.000030825375198, 2.671659901248975, 2.220446049250313e-16], [6.888563792224213, 2.791148399214042, 0.18605724668862367], [8.292935761086675, 1.7240901285275307, -2.1074554661501943], [11.158260751989413, 2.0561020644703087, -1.9127431259953127], [12.566696779127565, 0.9690237271052855, -4.202656815908627], [15.375193992714301, 1.40370936477933, -4.027173054927617], [16.926384040215783, -0.21816072208130777, -4.109086439020701], [-0.7416762547168316, 0.9564158333169793, 1.6580886762996487], [-0.74317967406882, -1.912043321744381, -0.0036460799103433805], [-0.740360262129634, 0.9609246226293082, -1.6563641608446142], [3.5700645584558863, -1.0170188905080906, 1.6524732339970538], [3.5563379170653437, -1.0432888632258188, -1.6372433404960762], [3.206286835910599, 3.7103166356742205, 1.5869550329305095], [3.3859648167702914, 3.663754722270321, -1.6951052022706494], [7.443011524138686, 4.754740552320057, 0.440759639325621], [7.501393334469314, 1.7988152757179832, 1.8807159035132153], [7.869412970817081, -0.27223877101415017, -2.33038300563976], [7.618006465090714, 2.6561231803156833, -3.8132382187268923], [11.839267584133918, 1.1407235548145305, -0.20328955416336514], [11.601683896828158, 4.055131614018802, -1.7200182637182166], [12.239609454527635, -1.043443156534551, -4.39456343368546], [11.894835388679407, 1.889923941408975, -5.91685806664292], [15.94957834383585, 3.382277524596572, -3.803726116358855]], "name": "C8H16O", "identifiers": {"molecule_hash": "dea79a527dbbd1b1571af8d5b032576871894946", "molecular_formula": "C8H16O"}, "molecular_charge": 0.0, "molecular_multiplicity": 1, "connectivity": [[0, 1, 1.0], [0, 9, 1.0], [0, 10, 1.0], [0, 11, 1.0], [1, 2, 1.0], [1, 12, 1.0], [1, 13, 1.0], [2, 3, 1.0], [2, 14, 1.0], [2, 15, 1.0], [3, 4, 1.0], [3, 16, 1.0], [3, 17, 1.0], [4, 5, 1.0], [4, 18, 1.0], [4, 19, 1.0], [5, 6, 1.0], [5, 20, 1.0], [5, 21, 1.0], [6, 7, 1.0], [6, 22, 1.0], [6, 23, 1.0], [7, 8, 2.0], [7, 24, 1.0]], "fix_com": true, "fix_orientation": true, "provenance": {"creator": "QCElemental", "version": "v0.22.0", "routine": "qcelemental.molparse.from_schema"}, "id": "122474"}, "charge": 0, "optimize_geometry": false, "conformers": [], "conformer_generation_options": {"n_conformer_pool": 4000, "n_max_conformers": 0, "rms_tolerance": 0.05, "energy_window": 15, "keep_original_conformer": true}, "stage_1_unrestrained_charges": null, "stage_1_restrained_charges": null, "stage_2_unrestrained_charges": null, "stage_2_restrained_charges": null, "keep_original_orientation": false, "reorientations": [], "translations": [], "rotations": []}}, {"index": 3, "molecule": {"qcmol": {"schema_name": "qcschema_molecule", "schema_version": 2, "validated": true, "symbols": ["C", "C", "C", "C", "C", "C", "C", "C", "O", "H", "H", "H", "H", "H", "H", "H", "H", "H", "H", "H", "H", "H", "H", "H", "H"], "geometry": [[0.0, 0.0, 0.0], [2.8886939207229623, -5.451186811383522e-16, -5.074578282552231e-16], [4.000030825375198, 2.671659901248975, 2.220446049250313e-16], [6.888563792224213, 2.791148399214042, 0.18605724668862367], [8.292935761086675, 1.7240901285275307, -2.1074554661501943], [11.158260751989413, 2.0561020644703087, -1.9127431259953127], [12.566696779127565, 0.9690237271052855, -4.202656815908627], [15.375193992714301, 1.40370936477933, -4.027173054927617], [16.926384040215783, -0.21816072208130777, -4.109086439020701], [-0.7416762547168316, 0.9564158333169793, 1.6580886762996487], [-0.74317967406882, -1.912043321744381, -0.0036460799103433805], [-0.740360262129634, 0.9609246226293082, -1.6563641608446142], [3.5700645584558863, -1.0170188905080906, 1.6524732339970538], [3.5563379170653437, -1.0432888632258188, -1.6372433404960762], [3.206286835910599, 3.7103166356742205, 1.5869550329305095], [3.3859648167702914, 3.663754722270321, -1.6951052022706494], [7.443011524138686, 4.754740552320057, 0.440759639325621], [7.501393334469314, 1.7988152757179832, 1.8807159035132153], [7.869412970817081, -0.27223877101415017, -2.33038300563976], [7.618006465090714, 2.6561231803156833, -3.8132382187268923], [11.839267584133918, 1.1407235548145305, -0.20328955416336514], [11.601683896828158, 4.055131614018802, -1.7200182637182166], [12.239609454527635, -1.043443156534551, -4.39456343368546], [11.894835388679407, 1.889923941408975, -5.91685806664292], [15.94957834383585, 3.382277524596572, -3.803726116358855]], "name": "C8H16O", "identifiers": {"molecule_hash": "dea79a527dbbd1b1571af8d5b032576871894946", "molecular_formula": "C8H16O"}, "molecular_charge": 0.0, "molecular_multiplicity": 1, "connectivity": [[0, 1, 1.0], [0, 9, 1.0], [0, 10, 1.0], [0, 11, 1.0], [1, 2, 1.0], [1, 12, 1.0], [1, 13, 1.0], [2, 3, 1.0], [2, 14, 1.0], [2, 15, 1.0], [3, 4, 1.0], [3, 16, 1.0], [3, 17, 1.0], [4, 5, 1.0], [4, 18, 1.0], [4, 19, 1.0], [5, 6, 1.0], [5, 20, 1.0], [5, 21, 1.0], [6, 7, 1.0], [6, 22, 1.0], [6, 23, 1.0], [7, 8, 2.0], [7, 24, 1.0]], "fix_com": true, "fix_orientation": true, "provenance": {"creator": "QCElemental", "version": "v0.22.0", "routine": "qcelemental.molparse.from_schema"}, "id": "122474"}, "charge": 0, "optimize_geometry": false, "conformers": [], "conformer_generation_options": {"n_conformer_pool": 4000, "n_max_conformers": 0, "rms_tolerance": 0.05, "energy_window": 15, "keep_original_conformer": true}, "stage_1_unrestrained_charges": null, "stage_1_restrained_charges": null, "stage_2_unrestrained_charges": null, "stage_2_restrained_charges": null, "keep_original_orientation": false, "reorientations": [], "translations": [], "rotations": []}}, {"index": 4, "molecule": {"qcmol": {"schema_name": "qcschema_molecule", "schema_version": 2, "validated": true, "symbols": ["C", "C", "C", "C", "C", "C", "C", "C", "O", "H", "H", "H", "H", "H", "H", "H", "H", "H", "H", "H", "H", "H", "H", "H", "H"], "geometry": [[0.0, 0.0, 0.0], [2.8886939207229623, -5.451186811383522e-16, -5.074578282552231e-16], [4.000030825375198, 2.671659901248975, 2.220446049250313e-16], [6.888563792224213, 2.791148399214042, 0.18605724668862367], [8.292935761086675, 1.7240901285275307, -2.1074554661501943], [11.158260751989413, 2.0561020644703087, -1.9127431259953127], [12.566696779127565, 0.9690237271052855, -4.202656815908627], [15.375193992714301, 1.40370936477933, -4.027173054927617], [16.926384040215783, -0.21816072208130777, -4.109086439020701], [-0.7416762547168316, 0.9564158333169793, 1.6580886762996487], [-0.74317967406882, -1.912043321744381, -0.0036460799103433805], [-0.740360262129634, 0.9609246226293082, -1.6563641608446142], [3.5700645584558863, -1.0170188905080906, 1.6524732339970538], [3.5563379170653437, -1.0432888632258188, -1.6372433404960762], [3.206286835910599, 3.7103166356742205, 1.5869550329305095], [3.3859648167702914, 3.663754722270321, -1.6951052022706494], [7.443011524138686, 4.754740552320057, 0.440759639325621], [7.501393334469314, 1.7988152757179832, 1.8807159035132153], [7.869412970817081, -0.27223877101415017, -2.33038300563976], [7.618006465090714, 2.6561231803156833, -3.8132382187268923], [11.839267584133918, 1.1407235548145305, -0.20328955416336514], [11.601683896828158, 4.055131614018802, -1.7200182637182166], [12.239609454527635, -1.043443156534551, -4.39456343368546], [11.894835388679407, 1.889923941408975, -5.91685806664292], [15.94957834383585, 3.382277524596572, -3.803726116358855]], "name": "C8H16O", "identifiers": {"molecule_hash": "dea79a527dbbd1b1571af8d5b032576871894946", "molecular_formula": "C8H16O"}, "molecular_charge": 0.0, "molecular_multiplicity": 1, "connectivity": [[0, 1, 1.0], [0, 9, 1.0], [0, 10, 1.0], [0, 11, 1.0], [1, 2, 1.0], [1, 12, 1.0], [1, 13, 1.0], [2, 3, 1.0], [2, 14, 1.0], [2, 15, 1.0], [3, 4, 1.0], [3, 16, 1.0], [3, 17, 1.0], [4, 5, 1.0], [4, 18, 1.0], [4, 19, 1.0], [5, 6, 1.0], [5, 20, 1.0], [5, 21, 1.0], [6, 7, 1.0], [6, 22, 1.0], [6, 23, 1.0], [7, 8, 2.0], [7, 24, 1.0]], "fix_com": true, "fix_orientation": true, "provenance": {"creator": "QCElemental", "version": "v0.22.0", "routine": "qcelemental.molparse.from_schema"}, "id": "122474"}, "charge": 0, "optimize_geometry": false, "conformers": [], "conformer_generation_options": {"n_conformer_pool": 4000, "n_max_conformers": 0, "rms_tolerance": 0.05, "energy_window": 15, "keep_original_conformer": true}, "stage_1_unrestrained_charges": null, "stage_1_restrained_charges": null, "stage_2_unrestrained_charges": null, "stage_2_restrained_charges": null, "keep_original_orientation": false, "reorientations": [], "translations": [], "rotations": []}}, {"index": 5, "molecule": {"qcmol": {"schema_name": "qcschema_molecule", "schema_version": 2, "validated": true, "symbols": ["C", "C", "C", "C", "C", "C", "C", "C", "O", "H", "H", "H", "H", "H", "H", "H", "H", "H", "H", "H", "H", "H", "H", "H", "H"], "geometry": [[0.0, 0.0, 0.0], [2.8886939207229623, -5.451186811383522e-16, -5.074578282552231e-16], [4.000030825375198, 2.671659901248975, 2.220446049250313e-16], [6.888563792224213, 2.791148399214042, 0.18605724668862367], [8.292935761086675, 1.7240901285275307, -2.1074554661501943], [11.158260751989413, 2.0561020644703087, -1.9127431259953127], [12.566696779127565, 0.9690237271052855, -4.202656815908627], [15.375193992714301, 1.40370936477933, -4.027173054927617], [16.926384040215783, -0.21816072208130777, -4.109086439020701], [-0.7416762547168316, 0.9564158333169793, 1.6580886762996487], [-0.74317967406882, -1.912043321744381, -0.0036460799103433805], [-0.740360262129634, 0.9609246226293082, -1.6563641608446142], [3.5700645584558863, -1.0170188905080906, 1.6524732339970538], [3.5563379170653437, -1.0432888632258188, -1.6372433404960762], [3.206286835910599, 3.7103166356742205, 1.5869550329305095], [3.3859648167702914, 3.663754722270321, -1.6951052022706494], [7.443011524138686, 4.754740552320057, 0.440759639325621], [7.501393334469314, 1.7988152757179832, 1.8807159035132153], [7.869412970817081, -0.27223877101415017, -2.33038300563976], [7.618006465090714, 2.6561231803156833, -3.8132382187268923], [11.839267584133918, 1.1407235548145305, -0.20328955416336514], [11.601683896828158, 4.055131614018802, -1.7200182637182166], [12.239609454527635, -1.043443156534551, -4.39456343368546], [11.894835388679407, 1.889923941408975, -5.91685806664292], [15.94957834383585, 3.382277524596572, -3.803726116358855]], "name": "C8H16O", "identifiers": {"molecule_hash": "dea79a527dbbd1b1571af8d5b032576871894946", "molecular_formula": "C8H16O"}, "molecular_charge": 0.0, "molecular_multiplicity": 1, "connectivity": [[0, 1, 1.0], [0, 9, 1.0], [0, 10, 1.0], [0, 11, 1.0], [1, 2, 1.0], [1, 12, 1.0], [1, 13, 1.0], [2, 3, 1.0], [2, 14, 1.0], [2, 15, 1.0], [3, 4, 1.0], [3, 16, 1.0], [3, 17, 1.0], [4, 5, 1.0], [4, 18, 1.0], [4, 19, 1.0], [5, 6, 1.0], [5, 20, 1.0], [5, 21, 1.0], [6, 7, 1.0], [6, 22, 1.0], [6, 23, 1.0], [7, 8, 2.0], [7, 24, 1.0]], "fix_com": true, "fix_orientation": true, "provenance": {"creator": "QCElemental", "version": "v0.22.0", "routine": "qcelemental.molparse.from_schema"}, "id": "122474"}, "charge": 0, "optimize_geometry": false, "conformers": [], "conformer_generation_options": {"n_conformer_pool": 4000, "n_max_conformers": 0, "rms_tolerance": 0.05, "energy_window": 15, "keep_original_conformer": true}, "stage_1_unrestrained_charges": null, "stage_1_restrained_charges": null, "stage_2_unrestrained_charges": null, "stage_2_restrained_charges": null, "keep_original_orientation": false, "reorientations": [], "translations": [], "rotations": []}}, {"index": 6, "molecule": {"qcmol": {"schema_name": "qcschema_molecule", "schema_version": 2, "validated": true, "symbols": ["C", "C", "C", "C", "C", "C", "C", "C", "O", "H", "H", "H", "H", "H", "H", "H", "H", "H", "H", "H", "H", "H", "H", "H", "H"], "geometry": [[0.0, 0.0, 0.0], [2.8886939207229623, -5.451186811383522e-16, -5.074578282552231e-16], [4.000030825375198, 2.671659901248975, 2.220446049250313e-16], [6.888563792224213, 2.791148399214042, 0.18605724668862367], [8.292935761086675, 1.7240901285275307, -2.1074554661501943], [11.158260751989413, 2.0561020644703087, -1.9127431259953127], [12.566696779127565, 0.9690237271052855, -4.202656815908627], [15.375193992714301, 1.40370936477933, -4.027173054927617], [16.926384040215783, -0.21816072208130777, -4.109086439020701], [-0.7416762547168316, 0.9564158333169793, 1.6580886762996487], [-0.74317967406882, -1.912043321744381, -0.0036460799103433805], [-0.740360262129634, 0.9609246226293082, -1.6563641608446142], [3.5700645584558863, -1.0170188905080906, 1.6524732339970538], [3.5563379170653437, -1.0432888632258188, -1.6372433404960762], [3.206286835910599, 3.7103166356742205, 1.5869550329305095], [3.3859648167702914, 3.663754722270321, -1.6951052022706494], [7.443011524138686, 4.754740552320057, 0.440759639325621], [7.501393334469314, 1.7988152757179832, 1.8807159035132153], [7.869412970817081, -0.27223877101415017, -2.33038300563976], [7.618006465090714, 2.6561231803156833, -3.8132382187268923], [11.839267584133918, 1.1407235548145305, -0.20328955416336514], [11.601683896828158, 4.055131614018802, -1.7200182637182166], [12.239609454527635, -1.043443156534551, -4.39456343368546], [11.894835388679407, 1.889923941408975, -5.91685806664292], [15.94957834383585, 3.382277524596572, -3.803726116358855]], "name": "C8H16O", "identifiers": {"molecule_hash": "dea79a527dbbd1b1571af8d5b032576871894946", "molecular_formula": "C8H16O"}, "molecular_charge": 0.0, "molecular_multiplicity": 1, "connectivity": [[0, 1, 1.0], [0, 9, 1.0], [0, 10, 1.0], [0, 11, 1.0], [1, 2, 1.0], [1, 12, 1.0], [1, 13, 1.0], [2, 3, 1.0], [2, 14, 1.0], [2, 15, 1.0], [3, 4, 1.0], [3, 16, 1.0], [3, 17, 1.0], [4, 5, 1.0], [4, 18, 1.0], [4, 19, 1.0], [5, 6, 1.0], [5, 20, 1.0], [5, 21, 1.0], [6, 7, 1.0], [6, 22, 1.0], [6, 23, 1.0], [7, 8, 2.0], [7, 24, 1.0]], "fix_com": true, "fix_orientation": true, "provenance": {"creator": "QCElemental", "version": "v0.22.0", "routine": "qcelemental.molparse.from_schema"}, "id": "122474"}, "charge": 0, "optimize_geometry": false, "conformers": [], "conformer_generation_options": {"n_conformer_pool": 4000, "n_max_conformers": 0, "rms_tolerance": 0.05, "energy_window": 15, "keep_original_conformer": true}, "stage_1_unrestrained_charges": null, "stage_1_restrained_charges": null, "stage_2_unrestrained_charges": null, "stage_2_restrained_charges": null, "keep_original_orientation": false, "reorientations": [], "translations": [], "rotations": []}}]}, "surface_constraints": {"matrix": [[817247328158495.4, 792971028795043.2, 765557376793186.4, 737245324519170.0, 717053177336586.0, 681253941293171.9, 653934306382055.2, 637767925879338.1, 622789489528811.8, 819125644903431.8, 823790446088349.8, 822704423956670.2, 790054452440692.1, 791252690868143.1, 757232893155005.8, 768903177012649.8, 730636618069025.6, 732987512943063.9, 714788974325597.2, 728716940683750.5, 680983136041258.4, 670826062825191.5, 656907984657531.9, 636614192624769.6, 634382229802777.8], [792971028795043.2, 810039148070895.0, 791594507140059.5, 765402189056830.8, 743046874023056.8, 702497916592296.9, 673507876868282.2, 654167093052220.1, 638860839329940.1, 783881529659041.8, 788640139913745.1, 787699277359401.0, 819404575228126.1, 821084916015704.8, 790730099059010.5, 791800217244841.9, 758772450004742.6, 764157362507956.1, 744682120442887.8, 752733796829446.4, 699142340699953.1, 692594699183388.1, 678253520659035.5, 655337451092352.8, 647889704371453.0], [765557376793186.4, 791594507140059.5, 812515548017892.9, 794657087147214.4, 767696356198298.6, 728352423353421.5, 700656816620174.1, 681910029234026.9, 665572272217842.6, 758511126245277.9, 758035735578616.4, 756025396884026.8, 789669032746277.6, 790751772744833.1, 823750543664447.5, 824734143862547.4, 795643255567457.4, 795447222598141.4, 770670894004096.1, 771260082372390.6, 719584802339677.0, 723230527857083.1, 706549809955348.8, 681649604640312.1, 676360917386591.6], [737245324519170.0, 765402189056830.8, 794657087147214.4, 813004271695922.0, 794018124832333.6, 766476673398150.0, 743485186935051.0, 720968318527617.5, 703949306504854.5, 730818707736134.2, 725677930986057.5, 730083848869046.5, 756831011717415.2, 768046257735500.0, 795008610945024.4, 795568355730028.9, 824537906906738.2, 825266139821274.0, 795385991235812.1, 794439632935989.9, 762784262888341.5, 760277687881048.0, 750377859898186.9, 729858782848249.1, 713413761062180.1], [717053177336586.0, 743046874023056.8, 767696356198298.6, 794018124832333.6, 813011058899047.1, 793536026873759.4, 766165212394289.4, 740009152045523.0, 726719866854468.9, 709259843718925.9, 707757003536916.6, 710895717618623.2, 737759722203111.6, 744539022533364.8, 760497876564144.2, 766690587206895.2, 793321631888082.4, 794874706317304.8, 826384689942629.1, 825026106977569.1, 794396331833183.4, 791971750030132.8, 767170482237541.4, 757242644570058.0, 726478164436596.1], [681253941293171.9, 702497916592296.9, 728352423353421.5, 766476673398150.0, 793536026873759.4, 810664974101412.9, 791110666858961.1, 766300215989296.2, 747815785389452.9, 674685738553272.6, 675590873245823.6, 674248576485472.5, 695805185600713.9, 700960782149924.4, 714863667415780.2, 726894263945608.4, 772778253560417.1, 765092190011976.8, 795725584116660.2, 794693111525305.6, 822915728824030.4, 820506469970244.5, 789834820826540.2, 789029357450292.6, 758770962342458.6], [653934306382055.2, 673507876868282.2, 700656816620174.1, 743485186935051.0, 766165212394289.4, 791110666858961.1, 810332413724174.5, 793980619301359.1, 776521353093165.0, 645834093812168.9, 651024332396474.0, 647267002033992.9, 662392845962376.8, 674238977590978.8, 684373657816445.1, 700152132961391.5, 755385915564752.9, 744140153072026.2, 763530679035139.8, 762979415383875.4, 791648261215945.2, 789242539499539.0, 821684235767500.9, 819840105357413.6, 789317274653223.0], [637767925879338.1, 654167093052220.1, 681910029234026.9, 720968318527617.5, 740009152045523.0, 766300215989296.2, 793980619301359.1, 816398645031344.6, 814027807992583.1, 629500260269813.4, 638058801318241.8, 630839772625441.5, 643496442498454.8, 651920165410517.2, 664413534405838.4, 686033295402959.8, 735897052652068.2, 718313004337250.1, 731068821054240.5, 739489780426327.0, 762427621096116.5, 764420872693514.6, 794520551051401.9, 792004625933107.8, 825151803445835.6], [622789489528811.8, 638860839329940.1, 665572272217842.6, 703949306504854.5, 726719866854468.9, 747815785389452.9, 776521353093165.0, 814027807992583.1, 843055705917318.5, 615054204329142.4, 623704516993595.1, 615198598846757.8, 629767474887532.6, 635883354887482.2, 648270896416133.0, 669080346207583.2, 716580856291485.2, 700539324669101.2, 720215445666430.2, 731112776168651.8, 745024892386180.5, 739939519249716.9, 770952331204632.4, 769779622741891.0, 805282142695896.9], [819125644903431.8, 783881529659041.8, 758511126245277.9, 730818707736134.2, 709259843718925.9, 674685738553272.6, 645834093812168.9, 629500260269813.4, 615054204329142.4, 852673445459536.5, 814475597189390.8, 813758700123657.1, 776328530255352.1, 776694713180049.2, 752273648648571.5, 760722578189874.6, 725963913803529.2, 726829869205000.6, 703706254582408.8, 722545884003793.8, 677112049639664.5, 663865838274161.5, 645796891912320.9, 630833081498636.9, 625950212255423.5], [823790446088349.8, 788640139913745.1, 758035735578616.4, 725677930986057.5, 707757003536916.6, 675590873245823.6, 651024332396474.0, 638058801318241.8, 623704516993595.1, 814475597189390.8, 862619297523089.8, 817549373308191.4, 788138106006520.9, 778622164810720.2, 748857159802233.8, 763496569301728.2, 716349458593259.9, 719248876280257.5, 707059461358050.8, 716586349056322.6, 674691288745414.8, 666640550383671.9, 654224574593921.8, 632484213195333.8, 636430212219878.4], [822704423956670.2, 787699277359401.0, 756025396884026.8, 730083848869046.5, 710895717618623.2, 674248576485472.5, 647267002033992.9, 630839772625441.5, 615198598846757.8, 813758700123657.1, 817549373308191.4, 859886763435363.5, 776850939299376.6, 789135476464790.8, 741392061557463.5, 760660671835993.2, 724576265295121.0, 725760413645034.4, 707558177789274.2, 724960997930118.0, 674479674604762.9, 662181353527494.8, 651574624489237.5, 629583676396194.2, 628145065814330.0], [790054452440692.1, 819404575228126.1, 789669032746277.6, 756831011717415.2, 737759722203111.6, 695805185600713.9, 662392845962376.8, 643496442498454.8, 629767474887532.6, 776328530255352.1, 788138106006520.9, 776850939299376.6, 859375593040536.5, 819247289661185.2, 792010776817021.8, 783298225872984.2, 743594602566613.1, 754845698466710.1, 739609798636203.5, 750814136640749.9, 694527682271889.1, 686502899111799.2, 665260348172519.9, 642488722128707.6, 636148520234103.2], [791252690868143.1, 821084916015704.8, 790751772744833.1, 768046257735500.0, 744539022533364.8, 700960782149924.4, 674238977590978.8, 651920165410517.2, 635883354887482.2, 776694713180049.2, 778622164810720.2, 789135476464790.8, 819247289661185.2, 863721012264998.9, 783030209378294.0, 784862101265737.6, 762782103138633.4, 768587240766076.5, 748164393186381.5, 753826124915762.2, 696870893677439.4, 687636758124966.0, 681211190513660.2, 657871814257767.4, 643924797935873.5], [757232893155005.8, 790730099059010.5, 823750543664447.5, 795008610945024.4, 760497876564144.2, 714863667415780.2, 684373657816445.1, 664413534405838.4, 648270896416133.0, 752273648648571.5, 748857159802233.8, 741392061557463.5, 792010776817021.8, 783030209378294.0, 865622564100070.9, 824509413542673.6, 788595708340257.6, 800643662105214.6, 767772747251997.8, 759745510271604.0, 702060835651865.4, 711730981654351.2, 692124791037533.5, 662678157501835.9, 657854090916520.5], [768903177012649.8, 791800217244841.9, 824734143862547.4, 795568355730028.9, 766690587206895.2, 726894263945608.4, 700152132961391.5, 686033295402959.8, 669080346207583.2, 760722578189874.6, 763496569301728.2, 760660671835993.2, 783298225872984.2, 784862101265737.6, 824509413542673.6, 868026076430471.0, 801780935294328.0, 783439994940558.6, 767477360228954.0, 771456015272700.4, 713899196420415.1, 725159129457741.8, 704357005889652.9, 679547502920132.5, 684061434771208.6], [730636618069025.6, 758772450004742.6, 795643255567457.4, 824537906906738.2, 793321631888082.4, 772778253560417.1, 755385915564752.9, 735897052652068.2, 716580856291485.2, 725963913803529.2, 716349458593259.9, 724576265295121.0, 743594602566613.1, 762782103138633.4, 788595708340257.6, 801780935294328.0, 865715155055080.8, 826282710999554.5, 784699478844615.1, 787646097417817.0, 768504229338008.8, 767387151669406.5, 762045881694890.8, 744337982615966.4, 732975857946487.6], [732987512943063.9, 764157362507956.1, 795447222598141.4, 825266139821274.0, 794874706317304.8, 765092190011976.8, 744140153072026.2, 718313004337250.1, 700539324669101.2, 726829869205000.6, 719248876280257.5, 725760413645034.4, 754845698466710.1, 768587240766076.5, 800643662105214.6, 783439994940558.6, 826282710999554.5, 867023540548160.6, 794783234760643.0, 789051987175486.8, 762962442884539.5, 753982029888992.1, 756623035098730.9, 729109233226475.4, 708895541861035.9], [714788974325597.2, 744682120442887.8, 770670894004096.1, 795385991235812.1, 826384689942629.1, 795725584116660.2, 763530679035139.8, 731068821054240.5, 720215445666430.2, 703706254582408.8, 707059461358050.8, 707558177789274.2, 739609798636203.5, 748164393186381.5, 767772747251997.8, 767477360228954.0, 784699478844615.1, 794783234760643.0, 869579195280463.2, 827758548235050.6, 795583406321370.4, 789623050816186.9, 765599310242475.5, 754632209762711.4, 710895609980397.5], [728716940683750.5, 752733796829446.4, 771260082372390.6, 794439632935989.9, 825026106977569.1, 794693111525305.6, 762979415383875.4, 739489780426327.0, 731112776168651.8, 722545884003793.8, 716586349056322.6, 724960997930118.0, 750814136640749.9, 753826124915762.2, 759745510271604.0, 771456015272700.4, 787646097417817.0, 789051987175486.8, 827758548235050.6, 866347170598410.2, 791059531938146.2, 792452902393034.2, 759297548263551.2, 753169945158115.1, 722933138463984.6], [680983136041258.4, 699142340699953.1, 719584802339677.0, 762784262888341.5, 794396331833183.4, 822915728824030.4, 791648261215945.2, 762427621096116.5, 745024892386180.5, 677112049639664.5, 674691288745414.8, 674479674604762.9, 694527682271889.1, 696870893677439.4, 702060835651865.4, 713899196420415.1, 768504229338008.8, 762962442884539.5, 795583406321370.4, 791059531938146.2, 864887378306056.9, 821836682006335.6, 784649651043285.9, 788999383531475.5, 750292254791320.5], [670826062825191.5, 692594699183388.1, 723230527857083.1, 760277687881048.0, 791971750030132.8, 820506469970244.5, 789242539499539.0, 764420872693514.6, 739939519249716.9, 663865838274161.5, 666640550383671.9, 662181353527494.8, 686502899111799.2, 687636758124966.0, 711730981654351.2, 725159129457741.8, 767387151669406.5, 753982029888992.1, 789623050816186.9, 792452902393034.2, 821836682006335.6, 860440076643952.9, 781736194643353.9, 784179685813900.0, 764493619703086.8], [656907984657531.9, 678253520659035.5, 706549809955348.8, 750377859898186.9, 767170482237541.4, 789834820826540.2, 821684235767500.9, 794520551051401.9, 770952331204632.4, 645796891912320.9, 654224574593921.8, 651574624489237.5, 665260348172519.9, 681211190513660.2, 692124791037533.5, 704357005889652.9, 762045881694890.8, 756623035098730.9, 765599310242475.5, 759297548263551.2, 784649651043285.9, 781736194643353.9, 863945080075402.8, 819566821839011.0, 787779058068201.6], [636614192624769.6, 655337451092352.8, 681649604640312.1, 729858782848249.1, 757242644570058.0, 789029357450292.6, 819840105357413.6, 792004625933107.8, 769779622741891.0, 630833081498636.9, 632484213195333.8, 629583676396194.2, 642488722128707.6, 657871814257767.4, 662678157501835.9, 679547502920132.5, 744337982615966.4, 729109233226475.4, 754632209762711.4, 753169945158115.1, 788999383531475.5, 784179685813900.0, 819566821839011.0, 860000501577211.2, 783039087350730.0], [634382229802777.8, 647889704371453.0, 676360917386591.6, 713413761062180.1, 726478164436596.1, 758770962342458.6, 789317274653223.0, 825151803445835.6, 805282142695896.9, 625950212255423.5, 636430212219878.4, 628145065814330.0, 636148520234103.2, 643924797935873.5, 657854090916520.5, 684061434771208.6, 732975857946487.6, 708895541861035.9, 710895609980397.5, 722933138463984.6, 750292254791320.5, 764493619703086.8, 787779058068201.6, 783039087350730.0, 866119001898491.1], [12877652975833.207, 14259397719032.768, 14709575950704.545, 15109341271816.252, 13209666329806.723, 14850666082691.44, 11911928903615.146, -874920029082.9143, -19695313203855.527, 12477646247657.785, 11874273311016.252, 13138060266689.979, 13689202587261.055, 15200148914154.105, 15000344247719.086, 14455556561654.506, 15734028786657.26, 16015204658047.465, 12711781797221.256, 10710205963391.072, 14948745352401.396, 18217428026721.2, 16150573637409.545, 15238788082360.453, 7136391280654.878]]}}