{"resp_b": 0.1, "restrained_fit": true, "exclude_hydrogens": true, "convergence_tolerance": 1e-06, "max_iter": 500, "resp_a": 0.0005, "charge_constraints": {"charge_sum_constraints": [], "charge_equivalence_constraints": [], "molecules": [{"qcmol": {"schema_name": "qcschema_molecule", "schema_version": 2, "validated": true, "symbols": ["C", "C", "C", "C", "C", "C", "C", "C", "O", "H", "H", "H", "H", "H", "H", "H", "H", "H", "H", "H", "H", "H", "H", "H", "H"], "geometry": [[0.0, 0.0, 0.0], [2.8886939207229623, -5.451186811383522e-16, -5.074578282552231e-16], [4.000030825375198, 2.671659901248975, 2.220446049250313e-16], [6.888563792224213, 2.791148399214042, 0.18605724668862367], [8.292935761086675, 1.7240901285275307, -2.1074554661501943], [11.158260751989413, 2.0561020644703087, -1.9127431259953127], [12.566696779127565, 0.9690237271052855, -4.202656815908627], [15.375193992714301, 1.40370936477933, -4.027173054927617], [16.926384040215783, -0.21816072208130777, -4.109086439020701], [-0.7416762547168316, 0.9564158333169793, 1.6580886762996487], [-0.74317967406882, -1.912043321744381, -0.0036460799103433805], [-0.740360262129634, 0.9609246226293082, -1.6563641608446142], [3.5700645584558863, -1.0170188905080906, 1.6524732339970538], [3.5563379170653437, -1.0432888632258188, -1.6372433404960762], [3.206286835910599, 3.7103166356742205, 1.5869550329305095], [3.3859648167702914, 3.663754722270321, -1.6951052022706494], [7.443011524138686, 4.754740552320057, 0.440759639325621], [7.501393334469314, 1.7988152757179832, 1.8807159035132153], [7.869412970817081, -0.27223877101415017, -2.33038300563976], [7.618006465090714, 2.6561231803156833, -3.8132382187268923], [11.839267584133918, 1.1407235548145305, -0.20328955416336514], [11.601683896828158, 4.055131614018802, -1.7200182637182166], [12.239609454527635, -1.043443156534551, -4.39456343368546], [11.894835388679407, 1.889923941408975, -5.91685806664292], [15.94957834383585, 3.382277524596572, -3.803726116358855]], "name": "C8H16O", "identifiers": {"molecule_hash": "dea79a527dbbd1b1571af8d5b032576871894946", "molecular_formula": "C8H16O"}, "molecular_charge": 0.0, "molecular_multiplicity": 1, "connectivity": [[0, 1, 1.0], [0, 9, 1.0], [0, 10, 1.0], [0, 11, 1.0], [1, 2, 1.0], [1, 12, 1.0], [1, 13, 1.0], [2, 3, 1.0], [2, 14, 1.0], [2, 15, 1.0], [3, 4, 1.0], [3, 16, 1.0], [3, 17, 1.0], [4, 5, 1.0], [4, 18, 1.0], [4, 19, 1.0], [5, 6, 1.0], [5, 20, 1.0], [5, 21, 1.0], [6, 7, 1.0], [6, 22, 1.0], [6, 23, 1.0], [7, 8, 2.0], [7, 24, 1.0]], "fix_com": true, "fix_orientation": true, "provenance": {"creator": "QCElemental", "version": "v0.22.0", "routine": "qcelemental.molparse.from_schema"}, "id": "122474"}, "charge": 0, "optimize_geometry": false, "conformers": [], "conformer_generation_options": {"n_conformer_pool": 4000, "n_max_conformers": 0, "rms_tolerance": 0.05, "energy_window": 15, "keep_original_conformer": true}, "stage_1_unrestrained_charges": null, "stage_1_restrained_charges": null, "stage_2_unrestrained_charges": null, "stage_2_restrained_charges": null, "keep_original_orientation": false, "reorientations": [], "translations": [], "rotations": []}], "unconstrained_atoms": [{"index": 0, "molecule": {"qcmol": {"schema_name": "qcschema_molecule", "schema_version": 2, "validated": true, "symbols": ["C", "C", "C", "C", "C", "C", "C", "C", "O", "H", "H", "H", "H", "H", "H", "H", "H", "H", "H", "H", "H", "H", "H", "H", "H"], "geometry": [[0.0, 0.0, 0.0], [2.8886939207229623, -5.451186811383522e-16, -5.074578282552231e-16], [4.000030825375198, 2.671659901248975, 2.220446049250313e-16], [6.888563792224213, 2.791148399214042, 0.18605724668862367], [8.292935761086675, 1.7240901285275307, -2.1074554661501943], [11.158260751989413, 2.0561020644703087, -1.9127431259953127], [12.566696779127565, 0.9690237271052855, -4.202656815908627], [15.375193992714301, 1.40370936477933, -4.027173054927617], [16.926384040215783, -0.21816072208130777, -4.109086439020701], [-0.7416762547168316, 0.9564158333169793, 1.6580886762996487], [-0.74317967406882, -1.912043321744381, -0.0036460799103433805], [-0.740360262129634, 0.9609246226293082, -1.6563641608446142], [3.5700645584558863, -1.0170188905080906, 1.6524732339970538], [3.5563379170653437, -1.0432888632258188, -1.6372433404960762], [3.206286835910599, 3.7103166356742205, 1.5869550329305095], [3.3859648167702914, 3.663754722270321, -1.6951052022706494], [7.443011524138686, 4.754740552320057, 0.440759639325621], [7.501393334469314, 1.7988152757179832, 1.8807159035132153], [7.869412970817081, -0.27223877101415017, -2.33038300563976], [7.618006465090714, 2.6561231803156833, -3.8132382187268923], [11.839267584133918, 1.1407235548145305, -0.20328955416336514], [11.601683896828158, 4.055131614018802, -1.7200182637182166], [12.239609454527635, -1.043443156534551, -4.39456343368546], [11.894835388679407, 1.889923941408975, -5.91685806664292], [15.94957834383585, 3.382277524596572, -3.803726116358855]], "name": "C8H16O", "identifiers": {"molecule_hash": "dea79a527dbbd1b1571af8d5b032576871894946", "molecular_formula": "C8H16O"}, "molecular_charge": 0.0, "molecular_multiplicity": 1, "connectivity": [[0, 1, 1.0], [0, 9, 1.0], [0, 10, 1.0], [0, 11, 1.0], [1, 2, 1.0], [1, 12, 1.0], [1, 13, 1.0], [2, 3, 1.0], [2, 14, 1.0], [2, 15, 1.0], [3, 4, 1.0], [3, 16, 1.0], [3, 17, 1.0], [4, 5, 1.0], [4, 18, 1.0], [4, 19, 1.0], [5, 6, 1.0], [5, 20, 1.0], [5, 21, 1.0], [6, 7, 1.0], [6, 22, 1.0], [6, 23, 1.0], [7, 8, 2.0], [7, 24, 1.0]], "fix_com": true, "fix_orientation": true, "provenance": {"creator": "QCElemental", "version": "v0.22.0", "routine": "qcelemental.molparse.from_schema"}, "id": "122474"}, "charge": 0, "optimize_geometry": false, "conformers": [], "conformer_generation_options": {"n_conformer_pool": 4000, "n_max_conformers": 0, "rms_tolerance": 0.05, "energy_window": 15, "keep_original_conformer": true}, "stage_1_unrestrained_charges": null, "stage_1_restrained_charges": null, "stage_2_unrestrained_charges": null, "stage_2_restrained_charges": null, "keep_original_orientation": false, "reorientations": [], "translations": [], "rotations": []}}, {"index": 1, "molecule": {"qcmol": {"schema_name": "qcschema_molecule", "schema_version": 2, "validated": true, "symbols": ["C", "C", "C", "C", "C", "C", "C", "C", "O", "H", "H", "H", "H", "H", "H", "H", "H", "H", "H", "H", "H", "H", "H", "H", "H"], "geometry": [[0.0, 0.0, 0.0], [2.8886939207229623, -5.451186811383522e-16, -5.074578282552231e-16], [4.000030825375198, 2.671659901248975, 2.220446049250313e-16], [6.888563792224213, 2.791148399214042, 0.18605724668862367], [8.292935761086675, 1.7240901285275307, -2.1074554661501943], [11.158260751989413, 2.0561020644703087, -1.9127431259953127], [12.566696779127565, 0.9690237271052855, -4.202656815908627], [15.375193992714301, 1.40370936477933, -4.027173054927617], [16.926384040215783, -0.21816072208130777, -4.109086439020701], [-0.7416762547168316, 0.9564158333169793, 1.6580886762996487], [-0.74317967406882, -1.912043321744381, -0.0036460799103433805], [-0.740360262129634, 0.9609246226293082, -1.6563641608446142], [3.5700645584558863, -1.0170188905080906, 1.6524732339970538], [3.5563379170653437, -1.0432888632258188, -1.6372433404960762], [3.206286835910599, 3.7103166356742205, 1.5869550329305095], [3.3859648167702914, 3.663754722270321, -1.6951052022706494], [7.443011524138686, 4.754740552320057, 0.440759639325621], [7.501393334469314, 1.7988152757179832, 1.8807159035132153], [7.869412970817081, -0.27223877101415017, -2.33038300563976], [7.618006465090714, 2.6561231803156833, -3.8132382187268923], [11.839267584133918, 1.1407235548145305, -0.20328955416336514], [11.601683896828158, 4.055131614018802, -1.7200182637182166], [12.239609454527635, -1.043443156534551, -4.39456343368546], [11.894835388679407, 1.889923941408975, -5.91685806664292], [15.94957834383585, 3.382277524596572, -3.803726116358855]], "name": "C8H16O", "identifiers": {"molecule_hash": "dea79a527dbbd1b1571af8d5b032576871894946", "molecular_formula": "C8H16O"}, "molecular_charge": 0.0, "molecular_multiplicity": 1, "connectivity": [[0, 1, 1.0], [0, 9, 1.0], [0, 10, 1.0], [0, 11, 1.0], [1, 2, 1.0], [1, 12, 1.0], [1, 13, 1.0], [2, 3, 1.0], [2, 14, 1.0], [2, 15, 1.0], [3, 4, 1.0], [3, 16, 1.0], [3, 17, 1.0], [4, 5, 1.0], [4, 18, 1.0], [4, 19, 1.0], [5, 6, 1.0], [5, 20, 1.0], [5, 21, 1.0], [6, 7, 1.0], [6, 22, 1.0], [6, 23, 1.0], [7, 8, 2.0], [7, 24, 1.0]], "fix_com": true, "fix_orientation": true, "provenance": {"creator": "QCElemental", "version": "v0.22.0", "routine": "qcelemental.molparse.from_schema"}, "id": "122474"}, "charge": 0, "optimize_geometry": false, "conformers": [], "conformer_generation_options": {"n_conformer_pool": 4000, "n_max_conformers": 0, "rms_tolerance": 0.05, "energy_window": 15, "keep_original_conformer": true}, "stage_1_unrestrained_charges": null, "stage_1_restrained_charges": null, "stage_2_unrestrained_charges": null, "stage_2_restrained_charges": null, "keep_original_orientation": false, "reorientations": [], "translations": [], "rotations": []}}, {"index": 2, "molecule": {"qcmol": {"schema_name": "qcschema_molecule", "schema_version": 2, "validated": true, "symbols": ["C", "C", "C", "C", "C", "C", "C", "C", "O", "H", "H", "H", "H", "H", "H", "H", "H", "H", "H", "H", "H", "H", "H", "H", "H"], "geometry": [[0.0, 0.0, 0.0], [2.8886939207229623, -5.451186811383522e-16, -5.074578282552231e-16], [4.000030825375198, 2.671659901248975, 2.220446049250313e-16], [6.888563792224213, 2.791148399214042, 0.18605724668862367], [8.292935761086675, 1.7240901285275307, -2.1074554661501943], [11.158260751989413, 2.0561020644703087, -1.9127431259953127], [12.566696779127565, 0.9690237271052855, -4.202656815908627], [15.375193992714301, 1.40370936477933, -4.027173054927617], [16.926384040215783, -0.21816072208130777, -4.109086439020701], [-0.7416762547168316, 0.9564158333169793, 1.6580886762996487], [-0.74317967406882, -1.912043321744381, -0.0036460799103433805], [-0.740360262129634, 0.9609246226293082, -1.6563641608446142], [3.5700645584558863, -1.0170188905080906, 1.6524732339970538], [3.5563379170653437, -1.0432888632258188, -1.6372433404960762], [3.206286835910599, 3.7103166356742205, 1.5869550329305095], [3.3859648167702914, 3.663754722270321, -1.6951052022706494], [7.443011524138686, 4.754740552320057, 0.440759639325621], [7.501393334469314, 1.7988152757179832, 1.8807159035132153], [7.869412970817081, -0.27223877101415017, -2.33038300563976], [7.618006465090714, 2.6561231803156833, -3.8132382187268923], [11.839267584133918, 1.1407235548145305, -0.20328955416336514], [11.601683896828158, 4.055131614018802, -1.7200182637182166], [12.239609454527635, -1.043443156534551, -4.39456343368546], [11.894835388679407, 1.889923941408975, -5.91685806664292], [15.94957834383585, 3.382277524596572, -3.803726116358855]], "name": "C8H16O", "identifiers": {"molecule_hash": "dea79a527dbbd1b1571af8d5b032576871894946", "molecular_formula": "C8H16O"}, "molecular_charge": 0.0, "molecular_multiplicity": 1, "connectivity": [[0, 1, 1.0], [0, 9, 1.0], [0, 10, 1.0], [0, 11, 1.0], [1, 2, 1.0], [1, 12, 1.0], [1, 13, 1.0], [2, 3, 1.0], [2, 14, 1.0], [2, 15, 1.0], [3, 4, 1.0], [3, 16, 1.0], [3, 17, 1.0], [4, 5, 1.0], [4, 18, 1.0], [4, 19, 1.0], [5, 6, 1.0], [5, 20, 1.0], [5, 21, 1.0], [6, 7, 1.0], [6, 22, 1.0], [6, 23, 1.0], [7, 8, 2.0], [7, 24, 1.0]], "fix_com": true, "fix_orientation": true, "provenance": {"creator": "QCElemental", "version": "v0.22.0", "routine": "qcelemental.molparse.from_schema"}, "id": "122474"}, "charge": 0, "optimize_geometry": false, "conformers": [], "conformer_generation_options": {"n_conformer_pool": 4000, "n_max_conformers": 0, "rms_tolerance": 0.05, "energy_window": 15, "keep_original_conformer": true}, "stage_1_unrestrained_charges": null, "stage_1_restrained_charges": null, "stage_2_unrestrained_charges": null, "stage_2_restrained_charges": null, "keep_original_orientation": false, "reorientations": [], "translations": [], "rotations": []}}, {"index": 3, "molecule": {"qcmol": {"schema_name": "qcschema_molecule", "schema_version": 2, "validated": true, "symbols": ["C", "C", "C", "C", "C", "C", "C", "C", "O", "H", "H", "H", "H", "H", "H", "H", "H", "H", "H", "H", "H", "H", "H", "H", "H"], "geometry": [[0.0, 0.0, 0.0], [2.8886939207229623, -5.451186811383522e-16, -5.074578282552231e-16], [4.000030825375198, 2.671659901248975, 2.220446049250313e-16], [6.888563792224213, 2.791148399214042, 0.18605724668862367], [8.292935761086675, 1.7240901285275307, -2.1074554661501943], [11.158260751989413, 2.0561020644703087, -1.9127431259953127], [12.566696779127565, 0.9690237271052855, -4.202656815908627], [15.375193992714301, 1.40370936477933, -4.027173054927617], [16.926384040215783, -0.21816072208130777, -4.109086439020701], [-0.7416762547168316, 0.9564158333169793, 1.6580886762996487], [-0.74317967406882, -1.912043321744381, -0.0036460799103433805], [-0.740360262129634, 0.9609246226293082, -1.6563641608446142], [3.5700645584558863, -1.0170188905080906, 1.6524732339970538], [3.5563379170653437, -1.0432888632258188, -1.6372433404960762], [3.206286835910599, 3.7103166356742205, 1.5869550329305095], [3.3859648167702914, 3.663754722270321, -1.6951052022706494], [7.443011524138686, 4.754740552320057, 0.440759639325621], [7.501393334469314, 1.7988152757179832, 1.8807159035132153], [7.869412970817081, -0.27223877101415017, -2.33038300563976], [7.618006465090714, 2.6561231803156833, -3.8132382187268923], [11.839267584133918, 1.1407235548145305, -0.20328955416336514], [11.601683896828158, 4.055131614018802, -1.7200182637182166], [12.239609454527635, -1.043443156534551, -4.39456343368546], [11.894835388679407, 1.889923941408975, -5.91685806664292], [15.94957834383585, 3.382277524596572, -3.803726116358855]], "name": "C8H16O", "identifiers": {"molecule_hash": "dea79a527dbbd1b1571af8d5b032576871894946", "molecular_formula": "C8H16O"}, "molecular_charge": 0.0, "molecular_multiplicity": 1, "connectivity": [[0, 1, 1.0], [0, 9, 1.0], [0, 10, 1.0], [0, 11, 1.0], [1, 2, 1.0], [1, 12, 1.0], [1, 13, 1.0], [2, 3, 1.0], [2, 14, 1.0], [2, 15, 1.0], [3, 4, 1.0], [3, 16, 1.0], [3, 17, 1.0], [4, 5, 1.0], [4, 18, 1.0], [4, 19, 1.0], [5, 6, 1.0], [5, 20, 1.0], [5, 21, 1.0], [6, 7, 1.0], [6, 22, 1.0], [6, 23, 1.0], [7, 8, 2.0], [7, 24, 1.0]], "fix_com": true, "fix_orientation": true, "provenance": {"creator": "QCElemental", "version": "v0.22.0", "routine": "qcelemental.molparse.from_schema"}, "id": "122474"}, "charge": 0, "optimize_geometry": false, "conformers": [], "conformer_generation_options": {"n_conformer_pool": 4000, "n_max_conformers": 0, "rms_tolerance": 0.05, "energy_window": 15, "keep_original_conformer": true}, "stage_1_unrestrained_charges": null, "stage_1_restrained_charges": null, "stage_2_unrestrained_charges": null, "stage_2_restrained_charges": null, "keep_original_orientation": false, "reorientations": [], "translations": [], "rotations": []}}, {"index": 4, "molecule": {"qcmol": {"schema_name": "qcschema_molecule", "schema_version": 2, "validated": true, "symbols": ["C", "C", "C", "C", "C", "C", "C", "C", "O", "H", "H", "H", "H", "H", "H", "H", "H", "H", "H", "H", "H", "H", "H", "H", "H"], "geometry": [[0.0, 0.0, 0.0], [2.8886939207229623, -5.451186811383522e-16, -5.074578282552231e-16], [4.000030825375198, 2.671659901248975, 2.220446049250313e-16], [6.888563792224213, 2.791148399214042, 0.18605724668862367], [8.292935761086675, 1.7240901285275307, -2.1074554661501943], [11.158260751989413, 2.0561020644703087, -1.9127431259953127], [12.566696779127565, 0.9690237271052855, -4.202656815908627], [15.375193992714301, 1.40370936477933, -4.027173054927617], [16.926384040215783, -0.21816072208130777, -4.109086439020701], [-0.7416762547168316, 0.9564158333169793, 1.6580886762996487], [-0.74317967406882, -1.912043321744381, -0.0036460799103433805], [-0.740360262129634, 0.9609246226293082, -1.6563641608446142], [3.5700645584558863, -1.0170188905080906, 1.6524732339970538], [3.5563379170653437, -1.0432888632258188, -1.6372433404960762], [3.206286835910599, 3.7103166356742205, 1.5869550329305095], [3.3859648167702914, 3.663754722270321, -1.6951052022706494], [7.443011524138686, 4.754740552320057, 0.440759639325621], [7.501393334469314, 1.7988152757179832, 1.8807159035132153], [7.869412970817081, -0.27223877101415017, -2.33038300563976], [7.618006465090714, 2.6561231803156833, -3.8132382187268923], [11.839267584133918, 1.1407235548145305, -0.20328955416336514], [11.601683896828158, 4.055131614018802, -1.7200182637182166], [12.239609454527635, -1.043443156534551, -4.39456343368546], [11.894835388679407, 1.889923941408975, -5.91685806664292], [15.94957834383585, 3.382277524596572, -3.803726116358855]], "name": "C8H16O", "identifiers": {"molecule_hash": "dea79a527dbbd1b1571af8d5b032576871894946", "molecular_formula": "C8H16O"}, "molecular_charge": 0.0, "molecular_multiplicity": 1, "connectivity": [[0, 1, 1.0], [0, 9, 1.0], [0, 10, 1.0], [0, 11, 1.0], [1, 2, 1.0], [1, 12, 1.0], [1, 13, 1.0], [2, 3, 1.0], [2, 14, 1.0], [2, 15, 1.0], [3, 4, 1.0], [3, 16, 1.0], [3, 17, 1.0], [4, 5, 1.0], [4, 18, 1.0], [4, 19, 1.0], [5, 6, 1.0], [5, 20, 1.0], [5, 21, 1.0], [6, 7, 1.0], [6, 22, 1.0], [6, 23, 1.0], [7, 8, 2.0], [7, 24, 1.0]], "fix_com": true, "fix_orientation": true, "provenance": {"creator": "QCElemental", "version": "v0.22.0", "routine": "qcelemental.molparse.from_schema"}, "id": "122474"}, "charge": 0, "optimize_geometry": false, "conformers": [], "conformer_generation_options": {"n_conformer_pool": 4000, "n_max_conformers": 0, "rms_tolerance": 0.05, "energy_window": 15, "keep_original_conformer": true}, "stage_1_unrestrained_charges": null, "stage_1_restrained_charges": null, "stage_2_unrestrained_charges": null, "stage_2_restrained_charges": null, "keep_original_orientation": false, "reorientations": [], "translations": [], "rotations": []}}, {"index": 5, "molecule": {"qcmol": {"schema_name": "qcschema_molecule", "schema_version": 2, "validated": true, "symbols": ["C", "C", "C", "C", "C", "C", "C", "C", "O", "H", "H", "H", "H", "H", "H", "H", "H", "H", "H", "H", "H", "H", "H", "H", "H"], "geometry": [[0.0, 0.0, 0.0], [2.8886939207229623, -5.451186811383522e-16, -5.074578282552231e-16], [4.000030825375198, 2.671659901248975, 2.220446049250313e-16], [6.888563792224213, 2.791148399214042, 0.18605724668862367], [8.292935761086675, 1.7240901285275307, -2.1074554661501943], [11.158260751989413, 2.0561020644703087, -1.9127431259953127], [12.566696779127565, 0.9690237271052855, -4.202656815908627], [15.375193992714301, 1.40370936477933, -4.027173054927617], [16.926384040215783, -0.21816072208130777, -4.109086439020701], [-0.7416762547168316, 0.9564158333169793, 1.6580886762996487], [-0.74317967406882, -1.912043321744381, -0.0036460799103433805], [-0.740360262129634, 0.9609246226293082, -1.6563641608446142], [3.5700645584558863, -1.0170188905080906, 1.6524732339970538], [3.5563379170653437, -1.0432888632258188, -1.6372433404960762], [3.206286835910599, 3.7103166356742205, 1.5869550329305095], [3.3859648167702914, 3.663754722270321, -1.6951052022706494], [7.443011524138686, 4.754740552320057, 0.440759639325621], [7.501393334469314, 1.7988152757179832, 1.8807159035132153], [7.869412970817081, -0.27223877101415017, -2.33038300563976], [7.618006465090714, 2.6561231803156833, -3.8132382187268923], [11.839267584133918, 1.1407235548145305, -0.20328955416336514], [11.601683896828158, 4.055131614018802, -1.7200182637182166], [12.239609454527635, -1.043443156534551, -4.39456343368546], [11.894835388679407, 1.889923941408975, -5.91685806664292], [15.94957834383585, 3.382277524596572, -3.803726116358855]], "name": "C8H16O", "identifiers": {"molecule_hash": "dea79a527dbbd1b1571af8d5b032576871894946", "molecular_formula": "C8H16O"}, "molecular_charge": 0.0, "molecular_multiplicity": 1, "connectivity": [[0, 1, 1.0], [0, 9, 1.0], [0, 10, 1.0], [0, 11, 1.0], [1, 2, 1.0], [1, 12, 1.0], [1, 13, 1.0], [2, 3, 1.0], [2, 14, 1.0], [2, 15, 1.0], [3, 4, 1.0], [3, 16, 1.0], [3, 17, 1.0], [4, 5, 1.0], [4, 18, 1.0], [4, 19, 1.0], [5, 6, 1.0], [5, 20, 1.0], [5, 21, 1.0], [6, 7, 1.0], [6, 22, 1.0], [6, 23, 1.0], [7, 8, 2.0], [7, 24, 1.0]], "fix_com": true, "fix_orientation": true, "provenance": {"creator": "QCElemental", "version": "v0.22.0", "routine": "qcelemental.molparse.from_schema"}, "id": "122474"}, "charge": 0, "optimize_geometry": false, "conformers": [], "conformer_generation_options": {"n_conformer_pool": 4000, "n_max_conformers": 0, "rms_tolerance": 0.05, "energy_window": 15, "keep_original_conformer": true}, "stage_1_unrestrained_charges": null, "stage_1_restrained_charges": null, "stage_2_unrestrained_charges": null, "stage_2_restrained_charges": null, "keep_original_orientation": false, "reorientations": [], "translations": [], "rotations": []}}, {"index": 6, "molecule": {"qcmol": {"schema_name": "qcschema_molecule", "schema_version": 2, "validated": true, "symbols": ["C", "C", "C", "C", "C", "C", "C", "C", "O", "H", "H", "H", "H", "H", "H", "H", "H", "H", "H", "H", "H", "H", "H", "H", "H"], "geometry": [[0.0, 0.0, 0.0], [2.8886939207229623, -5.451186811383522e-16, -5.074578282552231e-16], [4.000030825375198, 2.671659901248975, 2.220446049250313e-16], [6.888563792224213, 2.791148399214042, 0.18605724668862367], [8.292935761086675, 1.7240901285275307, -2.1074554661501943], [11.158260751989413, 2.0561020644703087, -1.9127431259953127], [12.566696779127565, 0.9690237271052855, -4.202656815908627], [15.375193992714301, 1.40370936477933, -4.027173054927617], [16.926384040215783, -0.21816072208130777, -4.109086439020701], [-0.7416762547168316, 0.9564158333169793, 1.6580886762996487], [-0.74317967406882, -1.912043321744381, -0.0036460799103433805], [-0.740360262129634, 0.9609246226293082, -1.6563641608446142], [3.5700645584558863, -1.0170188905080906, 1.6524732339970538], [3.5563379170653437, -1.0432888632258188, -1.6372433404960762], [3.206286835910599, 3.7103166356742205, 1.5869550329305095], [3.3859648167702914, 3.663754722270321, -1.6951052022706494], [7.443011524138686, 4.754740552320057, 0.440759639325621], [7.501393334469314, 1.7988152757179832, 1.8807159035132153], [7.869412970817081, -0.27223877101415017, -2.33038300563976], [7.618006465090714, 2.6561231803156833, -3.8132382187268923], [11.839267584133918, 1.1407235548145305, -0.20328955416336514], [11.601683896828158, 4.055131614018802, -1.7200182637182166], [12.239609454527635, -1.043443156534551, -4.39456343368546], [11.894835388679407, 1.889923941408975, -5.91685806664292], [15.94957834383585, 3.382277524596572, -3.803726116358855]], "name": "C8H16O", "identifiers": {"molecule_hash": "dea79a527dbbd1b1571af8d5b032576871894946", "molecular_formula": "C8H16O"}, "molecular_charge": 0.0, "molecular_multiplicity": 1, "connectivity": [[0, 1, 1.0], [0, 9, 1.0], [0, 10, 1.0], [0, 11, 1.0], [1, 2, 1.0], [1, 12, 1.0], [1, 13, 1.0], [2, 3, 1.0], [2, 14, 1.0], [2, 15, 1.0], [3, 4, 1.0], [3, 16, 1.0], [3, 17, 1.0], [4, 5, 1.0], [4, 18, 1.0], [4, 19, 1.0], [5, 6, 1.0], [5, 20, 1.0], [5, 21, 1.0], [6, 7, 1.0], [6, 22, 1.0], [6, 23, 1.0], [7, 8, 2.0], [7, 24, 1.0]], "fix_com": true, "fix_orientation": true, "provenance": {"creator": "QCElemental", "version": "v0.22.0", "routine": "qcelemental.molparse.from_schema"}, "id": "122474"}, "charge": 0, "optimize_geometry": false, "conformers": [], "conformer_generation_options": {"n_conformer_pool": 4000, "n_max_conformers": 0, "rms_tolerance": 0.05, "energy_window": 15, "keep_original_conformer": true}, "stage_1_unrestrained_charges": null, "stage_1_restrained_charges": null, "stage_2_unrestrained_charges": null, "stage_2_restrained_charges": null, "keep_original_orientation": false, "reorientations": [], "translations": [], "rotations": []}}]}, "surface_constraints": {"matrix": [[817217569788230.1, 792942157481723.0, 765529507219643.4, 737218493919530.2, 717027065453245.0, 681229112865474.0, 653910475212585.6, 637744671871601.9, 622766800065843.4, 819095819054501.4, 823760445975886.0, 822674467617079.9, 790025682800795.6, 791223884824435.0, 757205336389841.5, 768875170600768.2, 730610037351445.5, 732960848953186.9, 714762936116034.0, 728690415338769.6, 680958312175713.6, 670801601714548.0, 656884091384445.2, 636590955493677.9, 634359067659798.5], [792942157481723.0, 810009658529635.9, 791565692669890.4, 765374330289619.4, 743019819186357.0, 702472319512145.6, 673483345075206.1, 654143263386404.4, 638837588883897.1, 783852989699227.5, 788611423437023.9, 787670598513520.1, 819374739651394.5, 821055027724609.2, 790701319263057.8, 791771391573056.4, 758744841673403.6, 764129550913800.6, 744655006065389.5, 752706396025250.0, 699116855324916.6, 692569451128599.1, 678228856582807.9, 655313547075003.8, 647866076311093.1], [765529507219643.4, 791565692669890.4, 812485974855719.5, 794628164879606.0, 767668414179910.1, 728325901781775.0, 700631314223961.8, 681885211450655.8, 665548069602366.1, 758483514715907.0, 758008144376672.0, 755997866649365.9, 789640283730986.5, 790722992315979.1, 823720565271296.0, 824704121769832.8, 795614298549821.4, 795418272530020.6, 770642840818765.8, 771232020634735.5, 719558593550516.8, 723204180986321.5, 706524125043788.2, 681624766258239.4, 676336279509884.9], [737218493919530.2, 765374330289619.4, 794628164879606.0, 812974679836629.0, 793989222024211.9, 766448772790394.6, 743458134482951.8, 720942091808132.5, 703923716814928.4, 730792107575937.5, 725651519323114.0, 730057287808283.2, 756803455407795.1, 768018306713490.8, 794979679438850.8, 795539396431551.5, 824507898666161.9, 825236099105885.9, 795357036727556.1, 794410713712067.9, 762756495944356.4, 760250003269900.0, 750350582648119.0, 729832202774732.4, 713387793867158.0], [717027065453245.0, 743019819186357.0, 767668414179910.1, 793989222024211.9, 812981462493901.0, 793507138716269.2, 766137316579674.5, 739982206659686.8, 726693418981424.1, 709234009031562.6, 707731212794407.6, 710869851832307.8, 737732858440603.1, 744511908580922.9, 760470207344142.9, 766662678954824.5, 793292758033905.6, 794845769340742.5, 826354604899930.4, 824996072380991.1, 794367415217842.4, 791942918120081.9, 767142570539024.1, 757215051247590.1, 726451696243257.9], [681229112865474.0, 702472319512145.6, 728325901781775.0, 766448772790394.6, 793507138716269.2, 810635460389386.1, 791081861590638.8, 766272311349352.0, 747788570367238.4, 674661142452695.0, 675566225439156.2, 674224032670307.5, 695779827158284.5, 700935235711039.9, 714837647108261.2, 726867790477783.5, 772750126964002.9, 765064347385723.8, 795696614670253.1, 794664181172233.0, 822885771532618.0, 820476596369413.4, 789806067635760.4, 789000622006432.5, 758743312141166.6], [653910475212585.6, 673483345075206.1, 700631314223961.8, 743458134482951.8, 766137316579674.5, 791081861590638.8, 810302906732996.6, 793951706666925.0, 776493076190524.4, 645810542093673.9, 651000584685767.1, 647243442681809.2, 662368712208034.9, 674214421081891.1, 684348769951703.4, 700126633352992.4, 755358419598666.1, 744113109491874.1, 763502882217696.5, 762951617509288.6, 791619438245056.5, 789213800520589.1, 821654323244774.0, 819810245670969.0, 789288530543181.0], [637744671871601.9, 654143263386404.4, 681885211450655.8, 720942091808132.5, 739982206659686.8, 766272311349352.0, 793951706666925.0, 816368915407070.8, 813998165136404.5, 629477290970645.9, 638035519800725.8, 630816787364654.8, 643472996852964.6, 651896422123374.5, 664389385281707.8, 686008303087633.4, 735870266511647.8, 718286922509153.8, 731042191036489.9, 739462843347677.5, 762399856111552.4, 764393036343979.0, 794491626551088.9, 791975779539672.6, 825121753319320.2], [622766800065843.4, 638837588883897.1, 665548069602366.1, 703923716814928.4, 726693418981424.1, 747788570367238.4, 776493076190524.4, 813998165136404.5, 843025007505268.9, 615031780707557.0, 623681781696635.1, 615176194833159.1, 629744551578591.4, 635860220235057.5, 648247356525981.0, 669055990849456.2, 716554794710792.1, 700513903564565.4, 720189221535454.2, 731086155590928.2, 744997784173699.2, 739912598452381.5, 770924260240345.6, 769751575429667.4, 805252816497639.2], [819095819054501.4, 783852989699227.5, 758483514715907.0, 730792107575937.5, 709234009031562.6, 674661142452695.0, 645810542093673.9, 629477290970645.9, 615031780707557.0, 852642402261230.4, 814445934851164.4, 813729070392026.2, 776300274207931.5, 776666422415872.8, 752246271507052.1, 760694878813223.6, 725937506819975.0, 726803417690642.1, 703680611924767.6, 722519575359885.4, 677087362285530.5, 663841628090715.9, 645773384529961.2, 630810037143974.9, 625927339981155.2], [823760445975886.0, 788611423437023.9, 758008144376672.0, 725651519323114.0, 707731212794407.6, 675566225439156.2, 651000584685767.1, 638035519800725.8, 623681781696635.1, 814445934851164.4, 862587881521445.4, 817519601793228.9, 788109393077827.1, 778593819844920.4, 748829920570297.0, 763468766988686.2, 716323392472359.0, 719222721146533.4, 707033684033709.2, 716560246349496.0, 674666664376027.8, 666616211785271.2, 654200759817289.1, 632461098838778.8, 636406957081793.4], [822674467617079.9, 787670598513520.1, 755997866649365.9, 730057287808283.2, 710869851832307.8, 674224032670307.5, 647243442681809.2, 630816787364654.8, 615176194833159.1, 813729070392026.2, 817519601793228.9, 859855452920331.4, 776822648389003.8, 789106758206957.1, 741365072540071.0, 760632939457572.0, 724549910519567.5, 725734026196915.0, 707532422688303.9, 724934637331057.8, 674455123539789.5, 662157235878260.4, 651550958582305.5, 629560729735461.5, 628122146171557.9], [790025682800795.6, 819374739651394.5, 789640283730986.5, 756803455407795.1, 737732858440603.1, 695779827158284.5, 662368712208034.9, 643472996852964.6, 629744551578591.4, 776300274207931.5, 788109393077827.1, 776822648389003.8, 859344297147873.5, 819217462621666.1, 791981949503630.6, 783269706211527.6, 743567538185865.4, 754818205365324.1, 739582874381529.1, 750786807993672.2, 694502352058281.4, 686477875584915.6, 665236147628140.0, 642465279503891.2, 636125316169922.8], [791223884824435.0, 821055027724609.2, 790722992315979.1, 768018306713490.8, 744511908580922.9, 700935235711039.9, 674214421081891.1, 651896422123374.5, 635860220235057.5, 776666422415872.8, 778593819844920.4, 789106758206957.1, 819217462621666.1, 863689576208746.1, 783001703542099.2, 784833540535337.9, 762754356811723.0, 768559275660167.5, 748137150394990.2, 753798669922185.6, 696845485410843.1, 687611678581462.0, 681186425141089.5, 657847817833660.0, 643901317900678.5], [757205336389841.5, 790701319263057.8, 823720565271296.0, 794979679438850.8, 760470207344142.9, 714837647108261.2, 684348769951703.4, 664389385281707.8, 648247356525981.0, 752246271507052.1, 748829920570297.0, 741365072540071.0, 791981949503630.6, 783001703542099.2, 865591066087748.2, 824479403163126.6, 788567003237003.1, 800614528023748.6, 767744808277330.0, 759717885812084.4, 702035265010661.8, 711705063612888.9, 692099652400549.6, 662654031512245.1, 657830162778698.2], [768875170600768.2, 791771391573056.4, 824704121769832.8, 795539396431551.5, 766662678954824.5, 726867790477783.5, 700126633352992.4, 686008303087633.4, 669055990849456.2, 760694878813223.6, 763468766988686.2, 760632939457572.0, 783269706211527.6, 784833540535337.9, 824479403163126.6, 867994474014717.2, 801751750332302.0, 783411478214338.0, 767449419624745.6, 771427947309738.0, 713873198716092.4, 725132705995199.6, 704331381416479.0, 679522728862522.0, 684036487768743.5], [730610037351445.5, 758744841673403.6, 795614298549821.4, 824507898666161.9, 793292758033905.6, 772750126964002.9, 755358419598666.1, 735870266511647.8, 716554794710792.1, 725937506819975.0, 716323392472359.0, 724549910519567.5, 743567538185865.4, 762754356811723.0, 788567003237003.1, 801751750332302.0, 865683653649570.8, 826252636456721.2, 784670910947678.0, 787617434856624.8, 768476272109282.6, 767359207981329.0, 762018158479858.6, 744310869307112.2, 732949157247236.1], [732960848953186.9, 764129550913800.6, 795418272530020.6, 825236099105885.9, 794845769340742.5, 765064347385723.8, 744113109491874.1, 718286922509153.8, 700513903564565.4, 726803417690642.1, 719222721146533.4, 725734026196915.0, 754818205365324.1, 768559275660167.5, 800614528023748.6, 783411478214338.0, 826252636456721.2, 866991974872656.4, 794754306124431.0, 789023245379033.2, 762934664595141.8, 753954581343986.8, 756595572152066.1, 729082711694855.6, 708869799127715.9], [714762936116034.0, 744655006065389.5, 770642840818765.8, 795357036727556.1, 826354604899930.4, 795696614670253.1, 763502882217696.5, 731042191036489.9, 720189221535454.2, 703680611924767.6, 707033684033709.2, 707532422688303.9, 739582874381529.1, 748137150394990.2, 767744808277330.0, 767449419624745.6, 784670910947678.0, 794754306124431.0, 869547536305543.8, 827728412116787.2, 795554445151700.4, 789594298204186.4, 765571474308767.4, 754604712284218.4, 710869693565607.1], [728690415338769.6, 752706396025250.0, 771232020634735.5, 794410713712067.9, 824996072380991.1, 794664181172233.0, 762951617509288.6, 739462843347677.5, 731086155590928.2, 722519575359885.4, 716560246349496.0, 724934637331057.8, 750786807993672.2, 753798669922185.6, 759717885812084.4, 771427947309738.0, 787617434856624.8, 789023245379033.2, 827728412116787.2, 866315630908545.5, 791030739591276.1, 792424066181719.6, 759269894746488.9, 753142474521589.0, 722906797261771.0], [680958312175713.6, 699116855324916.6, 719558593550516.8, 762756495944356.4, 794367415217842.4, 822885771532618.0, 791619438245056.5, 762399856111552.4, 744997784173699.2, 677087362285530.5, 674666664376027.8, 674455123539789.5, 694502352058281.4, 696845485410843.1, 702035265010661.8, 713873198716092.4, 768476272109282.6, 762934664595141.8, 795554445151700.4, 791030739591276.1, 864855897176502.5, 821806760984069.8, 784621089614243.1, 788970651850591.5, 750264903640693.9], [670801601714548.0, 692569451128599.1, 723204180986321.5, 760250003269900.0, 791942918120081.9, 820476596369413.4, 789213800520589.1, 764393036343979.0, 739912598452381.5, 663841628090715.9, 666616211785271.2, 662157235878260.4, 686477875584915.6, 687611678581462.0, 711705063612888.9, 725132705995199.6, 767359207981329.0, 753954581343986.8, 789594298204186.4, 792424066181719.6, 821806760984069.8, 860408748220800.1, 781707718419641.5, 784151139156465.1, 764465753548661.6], [656884091384445.2, 678228856582807.9, 706524125043788.2, 750350582648119.0, 767142570539024.1, 789806067635760.4, 821654323244774.0, 794491626551088.9, 770924260240345.6, 645773384529961.2, 654200759817289.1, 651550958582305.5, 665236147628140.0, 681186425141089.5, 692099652400549.6, 704331381416479.0, 762018158479858.6, 756595572152066.1, 765571474308767.4, 759269894746488.9, 784621089614243.1, 781707718419641.5, 863913637479362.0, 819536981208581.0, 787750383818011.9], [636590955493677.9, 655313547075003.8, 681624766258239.4, 729832202774732.4, 757215051247590.1, 789000622006432.5, 819810245670969.0, 791975779539672.6, 769751575429667.4, 630810037143974.9, 632461098838778.8, 629560729735461.5, 642465279503891.2, 657847817833660.0, 662654031512245.1, 679522728862522.0, 744310869307112.2, 729082711694855.6, 754604712284218.4, 753142474521589.0, 788970651850591.5, 784151139156465.1, 819536981208581.0, 859969171946262.0, 783010576428673.0], [634359067659798.5, 647866076311093.1, 676336279509884.9, 713387793867158.0, 726451696243257.9, 758743312141166.6, 789288530543181.0, 825121753319320.2, 805252816497639.2, 625927339981155.2, 636406957081793.4, 628122146171557.9, 636125316169922.8, 643901317900678.5, 657830162778698.2, 684036487768743.5, 732949157247236.1, 708869799127715.9, 710869693565607.1, 722906797261771.0, 750264903640693.9, 764465753548661.6, 787750383818011.9, 783010576428673.0, 866087457366947.4], [11425460271312.836, 12591138709593.23, 12893254262370.965, 12967929190358.43, 11545554666184.459, 12297663017844.17, 9638629912758.879, -618184677179.025, -15483306103607.82, 11104102771070.285, 10630705093133.883, 11599022327740.053, 12306456701681.824, 13251287636369.146, 13247350534336.121, 12710767429710.44, 13235944288185.844, 13656032019520.066, 11404256335475.115, 9821571777753.957, 12386044981014.814, 14779850774170.744, 12855863375784.135, 12180957705060.027, 5402196662774.799]]}}