{"resp_b": 0.1, "restrained_fit": true, "exclude_hydrogens": true, "convergence_tolerance": 1e-06, "max_iter": 500, "resp_a": 0.0005, "charge_constraints": {"charge_sum_constraints": [], "charge_equivalence_constraints": [], "molecules": [{"qcmol": {"schema_name": "qcschema_molecule", "schema_version": 2, "validated": true, "symbols": ["C", "C", "C", "C", "C", "C", "C", "C", "O", "H", "H", "H", "H", "H", "H", "H", "H", "H", "H", "H", "H", "H", "H", "H", "H"], "geometry": [[0.0, 0.0, 0.0], [2.8886939207229623, -5.451186811383522e-16, -5.074578282552231e-16], [4.000030825375198, 2.671659901248975, 2.220446049250313e-16], [6.888563792224213, 2.791148399214042, 0.18605724668862367], [8.292935761086675, 1.7240901285275307, -2.1074554661501943], [11.158260751989413, 2.0561020644703087, -1.9127431259953127], [12.566696779127565, 0.9690237271052855, -4.202656815908627], [15.375193992714301, 1.40370936477933, -4.027173054927617], [16.926384040215783, -0.21816072208130777, -4.109086439020701], [-0.7416762547168316, 0.9564158333169793, 1.6580886762996487], [-0.74317967406882, -1.912043321744381, -0.0036460799103433805], [-0.740360262129634, 0.9609246226293082, -1.6563641608446142], [3.5700645584558863, -1.0170188905080906, 1.6524732339970538], [3.5563379170653437, -1.0432888632258188, -1.6372433404960762], [3.206286835910599, 3.7103166356742205, 1.5869550329305095], [3.3859648167702914, 3.663754722270321, -1.6951052022706494], [7.443011524138686, 4.754740552320057, 0.440759639325621], [7.501393334469314, 1.7988152757179832, 1.8807159035132153], [7.869412970817081, -0.27223877101415017, -2.33038300563976], [7.618006465090714, 2.6561231803156833, -3.8132382187268923], [11.839267584133918, 1.1407235548145305, -0.20328955416336514], [11.601683896828158, 4.055131614018802, -1.7200182637182166], [12.239609454527635, -1.043443156534551, -4.39456343368546], [11.894835388679407, 1.889923941408975, -5.91685806664292], [15.94957834383585, 3.382277524596572, -3.803726116358855]], "name": "C8H16O", "identifiers": {"molecule_hash": "dea79a527dbbd1b1571af8d5b032576871894946", "molecular_formula": "C8H16O"}, "molecular_charge": 0.0, "molecular_multiplicity": 1, "connectivity": [[0, 1, 1.0], [0, 9, 1.0], [0, 10, 1.0], [0, 11, 1.0], [1, 2, 1.0], [1, 12, 1.0], [1, 13, 1.0], [2, 3, 1.0], [2, 14, 1.0], [2, 15, 1.0], [3, 4, 1.0], [3, 16, 1.0], [3, 17, 1.0], [4, 5, 1.0], [4, 18, 1.0], [4, 19, 1.0], [5, 6, 1.0], [5, 20, 1.0], [5, 21, 1.0], [6, 7, 1.0], [6, 22, 1.0], [6, 23, 1.0], [7, 8, 2.0], [7, 24, 1.0]], "fix_com": true, "fix_orientation": true, "provenance": {"creator": "QCElemental", "version": "v0.22.0", "routine": "qcelemental.molparse.from_schema"}, "id": "122474"}, "charge": 0, "optimize_geometry": false, "conformers": [], "conformer_generation_options": {"n_conformer_pool": 4000, "n_max_conformers": 0, "rms_tolerance": 0.05, "energy_window": 15, "keep_original_conformer": true}, "stage_1_unrestrained_charges": null, "stage_1_restrained_charges": null, "stage_2_unrestrained_charges": null, "stage_2_restrained_charges": null, "keep_original_orientation": false, "reorientations": [], "translations": [], "rotations": []}], "unconstrained_atoms": [{"index": 0, "molecule": {"qcmol": {"schema_name": "qcschema_molecule", "schema_version": 2, "validated": true, "symbols": ["C", "C", "C", "C", "C", "C", "C", "C", "O", "H", "H", "H", "H", "H", "H", "H", "H", "H", "H", "H", "H", "H", "H", "H", "H"], "geometry": [[0.0, 0.0, 0.0], [2.8886939207229623, -5.451186811383522e-16, -5.074578282552231e-16], [4.000030825375198, 2.671659901248975, 2.220446049250313e-16], [6.888563792224213, 2.791148399214042, 0.18605724668862367], [8.292935761086675, 1.7240901285275307, -2.1074554661501943], [11.158260751989413, 2.0561020644703087, -1.9127431259953127], [12.566696779127565, 0.9690237271052855, -4.202656815908627], [15.375193992714301, 1.40370936477933, -4.027173054927617], [16.926384040215783, -0.21816072208130777, -4.109086439020701], [-0.7416762547168316, 0.9564158333169793, 1.6580886762996487], [-0.74317967406882, -1.912043321744381, -0.0036460799103433805], [-0.740360262129634, 0.9609246226293082, -1.6563641608446142], [3.5700645584558863, -1.0170188905080906, 1.6524732339970538], [3.5563379170653437, -1.0432888632258188, -1.6372433404960762], [3.206286835910599, 3.7103166356742205, 1.5869550329305095], [3.3859648167702914, 3.663754722270321, -1.6951052022706494], [7.443011524138686, 4.754740552320057, 0.440759639325621], [7.501393334469314, 1.7988152757179832, 1.8807159035132153], [7.869412970817081, -0.27223877101415017, -2.33038300563976], [7.618006465090714, 2.6561231803156833, -3.8132382187268923], [11.839267584133918, 1.1407235548145305, -0.20328955416336514], [11.601683896828158, 4.055131614018802, -1.7200182637182166], [12.239609454527635, -1.043443156534551, -4.39456343368546], [11.894835388679407, 1.889923941408975, -5.91685806664292], [15.94957834383585, 3.382277524596572, -3.803726116358855]], "name": "C8H16O", "identifiers": {"molecule_hash": "dea79a527dbbd1b1571af8d5b032576871894946", "molecular_formula": "C8H16O"}, "molecular_charge": 0.0, "molecular_multiplicity": 1, "connectivity": [[0, 1, 1.0], [0, 9, 1.0], [0, 10, 1.0], [0, 11, 1.0], [1, 2, 1.0], [1, 12, 1.0], [1, 13, 1.0], [2, 3, 1.0], [2, 14, 1.0], [2, 15, 1.0], [3, 4, 1.0], [3, 16, 1.0], [3, 17, 1.0], [4, 5, 1.0], [4, 18, 1.0], [4, 19, 1.0], [5, 6, 1.0], [5, 20, 1.0], [5, 21, 1.0], [6, 7, 1.0], [6, 22, 1.0], [6, 23, 1.0], [7, 8, 2.0], [7, 24, 1.0]], "fix_com": true, "fix_orientation": true, "provenance": {"creator": "QCElemental", "version": "v0.22.0", "routine": "qcelemental.molparse.from_schema"}, "id": "122474"}, "charge": 0, "optimize_geometry": false, "conformers": [], "conformer_generation_options": {"n_conformer_pool": 4000, "n_max_conformers": 0, "rms_tolerance": 0.05, "energy_window": 15, "keep_original_conformer": true}, "stage_1_unrestrained_charges": null, "stage_1_restrained_charges": null, "stage_2_unrestrained_charges": null, "stage_2_restrained_charges": null, "keep_original_orientation": false, "reorientations": [], "translations": [], "rotations": []}}, {"index": 1, "molecule": {"qcmol": {"schema_name": "qcschema_molecule", "schema_version": 2, "validated": true, "symbols": ["C", "C", "C", "C", "C", "C", "C", "C", "O", "H", "H", "H", "H", "H", "H", "H", "H", "H", "H", "H", "H", "H", "H", "H", "H"], "geometry": [[0.0, 0.0, 0.0], [2.8886939207229623, -5.451186811383522e-16, -5.074578282552231e-16], [4.000030825375198, 2.671659901248975, 2.220446049250313e-16], [6.888563792224213, 2.791148399214042, 0.18605724668862367], [8.292935761086675, 1.7240901285275307, -2.1074554661501943], [11.158260751989413, 2.0561020644703087, -1.9127431259953127], [12.566696779127565, 0.9690237271052855, -4.202656815908627], [15.375193992714301, 1.40370936477933, -4.027173054927617], [16.926384040215783, -0.21816072208130777, -4.109086439020701], [-0.7416762547168316, 0.9564158333169793, 1.6580886762996487], [-0.74317967406882, -1.912043321744381, -0.0036460799103433805], [-0.740360262129634, 0.9609246226293082, -1.6563641608446142], [3.5700645584558863, -1.0170188905080906, 1.6524732339970538], [3.5563379170653437, -1.0432888632258188, -1.6372433404960762], [3.206286835910599, 3.7103166356742205, 1.5869550329305095], [3.3859648167702914, 3.663754722270321, -1.6951052022706494], [7.443011524138686, 4.754740552320057, 0.440759639325621], [7.501393334469314, 1.7988152757179832, 1.8807159035132153], [7.869412970817081, -0.27223877101415017, -2.33038300563976], [7.618006465090714, 2.6561231803156833, -3.8132382187268923], [11.839267584133918, 1.1407235548145305, -0.20328955416336514], [11.601683896828158, 4.055131614018802, -1.7200182637182166], [12.239609454527635, -1.043443156534551, -4.39456343368546], [11.894835388679407, 1.889923941408975, -5.91685806664292], [15.94957834383585, 3.382277524596572, -3.803726116358855]], "name": "C8H16O", "identifiers": {"molecule_hash": "dea79a527dbbd1b1571af8d5b032576871894946", "molecular_formula": "C8H16O"}, "molecular_charge": 0.0, "molecular_multiplicity": 1, "connectivity": [[0, 1, 1.0], [0, 9, 1.0], [0, 10, 1.0], [0, 11, 1.0], [1, 2, 1.0], [1, 12, 1.0], [1, 13, 1.0], [2, 3, 1.0], [2, 14, 1.0], [2, 15, 1.0], [3, 4, 1.0], [3, 16, 1.0], [3, 17, 1.0], [4, 5, 1.0], [4, 18, 1.0], [4, 19, 1.0], [5, 6, 1.0], [5, 20, 1.0], [5, 21, 1.0], [6, 7, 1.0], [6, 22, 1.0], [6, 23, 1.0], [7, 8, 2.0], [7, 24, 1.0]], "fix_com": true, "fix_orientation": true, "provenance": {"creator": "QCElemental", "version": "v0.22.0", "routine": "qcelemental.molparse.from_schema"}, "id": "122474"}, "charge": 0, "optimize_geometry": false, "conformers": [], "conformer_generation_options": {"n_conformer_pool": 4000, "n_max_conformers": 0, "rms_tolerance": 0.05, "energy_window": 15, "keep_original_conformer": true}, "stage_1_unrestrained_charges": null, "stage_1_restrained_charges": null, "stage_2_unrestrained_charges": null, "stage_2_restrained_charges": null, "keep_original_orientation": false, "reorientations": [], "translations": [], "rotations": []}}, {"index": 2, "molecule": {"qcmol": {"schema_name": "qcschema_molecule", "schema_version": 2, "validated": true, "symbols": ["C", "C", "C", "C", "C", "C", "C", "C", "O", "H", "H", "H", "H", "H", "H", "H", "H", "H", "H", "H", "H", "H", "H", "H", "H"], "geometry": [[0.0, 0.0, 0.0], [2.8886939207229623, -5.451186811383522e-16, -5.074578282552231e-16], [4.000030825375198, 2.671659901248975, 2.220446049250313e-16], [6.888563792224213, 2.791148399214042, 0.18605724668862367], [8.292935761086675, 1.7240901285275307, -2.1074554661501943], [11.158260751989413, 2.0561020644703087, -1.9127431259953127], [12.566696779127565, 0.9690237271052855, -4.202656815908627], [15.375193992714301, 1.40370936477933, -4.027173054927617], [16.926384040215783, -0.21816072208130777, -4.109086439020701], [-0.7416762547168316, 0.9564158333169793, 1.6580886762996487], [-0.74317967406882, -1.912043321744381, -0.0036460799103433805], [-0.740360262129634, 0.9609246226293082, -1.6563641608446142], [3.5700645584558863, -1.0170188905080906, 1.6524732339970538], [3.5563379170653437, -1.0432888632258188, -1.6372433404960762], [3.206286835910599, 3.7103166356742205, 1.5869550329305095], [3.3859648167702914, 3.663754722270321, -1.6951052022706494], [7.443011524138686, 4.754740552320057, 0.440759639325621], [7.501393334469314, 1.7988152757179832, 1.8807159035132153], [7.869412970817081, -0.27223877101415017, -2.33038300563976], [7.618006465090714, 2.6561231803156833, -3.8132382187268923], [11.839267584133918, 1.1407235548145305, -0.20328955416336514], [11.601683896828158, 4.055131614018802, -1.7200182637182166], [12.239609454527635, -1.043443156534551, -4.39456343368546], [11.894835388679407, 1.889923941408975, -5.91685806664292], [15.94957834383585, 3.382277524596572, -3.803726116358855]], "name": "C8H16O", "identifiers": {"molecule_hash": "dea79a527dbbd1b1571af8d5b032576871894946", "molecular_formula": "C8H16O"}, "molecular_charge": 0.0, "molecular_multiplicity": 1, "connectivity": [[0, 1, 1.0], [0, 9, 1.0], [0, 10, 1.0], [0, 11, 1.0], [1, 2, 1.0], [1, 12, 1.0], [1, 13, 1.0], [2, 3, 1.0], [2, 14, 1.0], [2, 15, 1.0], [3, 4, 1.0], [3, 16, 1.0], [3, 17, 1.0], [4, 5, 1.0], [4, 18, 1.0], [4, 19, 1.0], [5, 6, 1.0], [5, 20, 1.0], [5, 21, 1.0], [6, 7, 1.0], [6, 22, 1.0], [6, 23, 1.0], [7, 8, 2.0], [7, 24, 1.0]], "fix_com": true, "fix_orientation": true, "provenance": {"creator": "QCElemental", "version": "v0.22.0", "routine": "qcelemental.molparse.from_schema"}, "id": "122474"}, "charge": 0, "optimize_geometry": false, "conformers": [], "conformer_generation_options": {"n_conformer_pool": 4000, "n_max_conformers": 0, "rms_tolerance": 0.05, "energy_window": 15, "keep_original_conformer": true}, "stage_1_unrestrained_charges": null, "stage_1_restrained_charges": null, "stage_2_unrestrained_charges": null, "stage_2_restrained_charges": null, "keep_original_orientation": false, "reorientations": [], "translations": [], "rotations": []}}, {"index": 3, "molecule": {"qcmol": {"schema_name": "qcschema_molecule", "schema_version": 2, "validated": true, "symbols": ["C", "C", "C", "C", "C", "C", "C", "C", "O", "H", "H", "H", "H", "H", "H", "H", "H", "H", "H", "H", "H", "H", "H", "H", "H"], "geometry": [[0.0, 0.0, 0.0], [2.8886939207229623, -5.451186811383522e-16, -5.074578282552231e-16], [4.000030825375198, 2.671659901248975, 2.220446049250313e-16], [6.888563792224213, 2.791148399214042, 0.18605724668862367], [8.292935761086675, 1.7240901285275307, -2.1074554661501943], [11.158260751989413, 2.0561020644703087, -1.9127431259953127], [12.566696779127565, 0.9690237271052855, -4.202656815908627], [15.375193992714301, 1.40370936477933, -4.027173054927617], [16.926384040215783, -0.21816072208130777, -4.109086439020701], [-0.7416762547168316, 0.9564158333169793, 1.6580886762996487], [-0.74317967406882, -1.912043321744381, -0.0036460799103433805], [-0.740360262129634, 0.9609246226293082, -1.6563641608446142], [3.5700645584558863, -1.0170188905080906, 1.6524732339970538], [3.5563379170653437, -1.0432888632258188, -1.6372433404960762], [3.206286835910599, 3.7103166356742205, 1.5869550329305095], [3.3859648167702914, 3.663754722270321, -1.6951052022706494], [7.443011524138686, 4.754740552320057, 0.440759639325621], [7.501393334469314, 1.7988152757179832, 1.8807159035132153], [7.869412970817081, -0.27223877101415017, -2.33038300563976], [7.618006465090714, 2.6561231803156833, -3.8132382187268923], [11.839267584133918, 1.1407235548145305, -0.20328955416336514], [11.601683896828158, 4.055131614018802, -1.7200182637182166], [12.239609454527635, -1.043443156534551, -4.39456343368546], [11.894835388679407, 1.889923941408975, -5.91685806664292], [15.94957834383585, 3.382277524596572, -3.803726116358855]], "name": "C8H16O", "identifiers": {"molecule_hash": "dea79a527dbbd1b1571af8d5b032576871894946", "molecular_formula": "C8H16O"}, "molecular_charge": 0.0, "molecular_multiplicity": 1, "connectivity": [[0, 1, 1.0], [0, 9, 1.0], [0, 10, 1.0], [0, 11, 1.0], [1, 2, 1.0], [1, 12, 1.0], [1, 13, 1.0], [2, 3, 1.0], [2, 14, 1.0], [2, 15, 1.0], [3, 4, 1.0], [3, 16, 1.0], [3, 17, 1.0], [4, 5, 1.0], [4, 18, 1.0], [4, 19, 1.0], [5, 6, 1.0], [5, 20, 1.0], [5, 21, 1.0], [6, 7, 1.0], [6, 22, 1.0], [6, 23, 1.0], [7, 8, 2.0], [7, 24, 1.0]], "fix_com": true, "fix_orientation": true, "provenance": {"creator": "QCElemental", "version": "v0.22.0", "routine": "qcelemental.molparse.from_schema"}, "id": "122474"}, "charge": 0, "optimize_geometry": false, "conformers": [], "conformer_generation_options": {"n_conformer_pool": 4000, "n_max_conformers": 0, "rms_tolerance": 0.05, "energy_window": 15, "keep_original_conformer": true}, "stage_1_unrestrained_charges": null, "stage_1_restrained_charges": null, "stage_2_unrestrained_charges": null, "stage_2_restrained_charges": null, "keep_original_orientation": false, "reorientations": [], "translations": [], "rotations": []}}, {"index": 4, "molecule": {"qcmol": {"schema_name": "qcschema_molecule", "schema_version": 2, "validated": true, "symbols": ["C", "C", "C", "C", "C", "C", "C", "C", "O", "H", "H", "H", "H", "H", "H", "H", "H", "H", "H", "H", "H", "H", "H", "H", "H"], "geometry": [[0.0, 0.0, 0.0], [2.8886939207229623, -5.451186811383522e-16, -5.074578282552231e-16], [4.000030825375198, 2.671659901248975, 2.220446049250313e-16], [6.888563792224213, 2.791148399214042, 0.18605724668862367], [8.292935761086675, 1.7240901285275307, -2.1074554661501943], [11.158260751989413, 2.0561020644703087, -1.9127431259953127], [12.566696779127565, 0.9690237271052855, -4.202656815908627], [15.375193992714301, 1.40370936477933, -4.027173054927617], [16.926384040215783, -0.21816072208130777, -4.109086439020701], [-0.7416762547168316, 0.9564158333169793, 1.6580886762996487], [-0.74317967406882, -1.912043321744381, -0.0036460799103433805], [-0.740360262129634, 0.9609246226293082, -1.6563641608446142], [3.5700645584558863, -1.0170188905080906, 1.6524732339970538], [3.5563379170653437, -1.0432888632258188, -1.6372433404960762], [3.206286835910599, 3.7103166356742205, 1.5869550329305095], [3.3859648167702914, 3.663754722270321, -1.6951052022706494], [7.443011524138686, 4.754740552320057, 0.440759639325621], [7.501393334469314, 1.7988152757179832, 1.8807159035132153], [7.869412970817081, -0.27223877101415017, -2.33038300563976], [7.618006465090714, 2.6561231803156833, -3.8132382187268923], [11.839267584133918, 1.1407235548145305, -0.20328955416336514], [11.601683896828158, 4.055131614018802, -1.7200182637182166], [12.239609454527635, -1.043443156534551, -4.39456343368546], [11.894835388679407, 1.889923941408975, -5.91685806664292], [15.94957834383585, 3.382277524596572, -3.803726116358855]], "name": "C8H16O", "identifiers": {"molecule_hash": "dea79a527dbbd1b1571af8d5b032576871894946", "molecular_formula": "C8H16O"}, "molecular_charge": 0.0, "molecular_multiplicity": 1, "connectivity": [[0, 1, 1.0], [0, 9, 1.0], [0, 10, 1.0], [0, 11, 1.0], [1, 2, 1.0], [1, 12, 1.0], [1, 13, 1.0], [2, 3, 1.0], [2, 14, 1.0], [2, 15, 1.0], [3, 4, 1.0], [3, 16, 1.0], [3, 17, 1.0], [4, 5, 1.0], [4, 18, 1.0], [4, 19, 1.0], [5, 6, 1.0], [5, 20, 1.0], [5, 21, 1.0], [6, 7, 1.0], [6, 22, 1.0], [6, 23, 1.0], [7, 8, 2.0], [7, 24, 1.0]], "fix_com": true, "fix_orientation": true, "provenance": {"creator": "QCElemental", "version": "v0.22.0", "routine": "qcelemental.molparse.from_schema"}, "id": "122474"}, "charge": 0, "optimize_geometry": false, "conformers": [], "conformer_generation_options": {"n_conformer_pool": 4000, "n_max_conformers": 0, "rms_tolerance": 0.05, "energy_window": 15, "keep_original_conformer": true}, "stage_1_unrestrained_charges": null, "stage_1_restrained_charges": null, "stage_2_unrestrained_charges": null, "stage_2_restrained_charges": null, "keep_original_orientation": false, "reorientations": [], "translations": [], "rotations": []}}, {"index": 5, "molecule": {"qcmol": {"schema_name": "qcschema_molecule", "schema_version": 2, "validated": true, "symbols": ["C", "C", "C", "C", "C", "C", "C", "C", "O", "H", "H", "H", "H", "H", "H", "H", "H", "H", "H", "H", "H", "H", "H", "H", "H"], "geometry": [[0.0, 0.0, 0.0], [2.8886939207229623, -5.451186811383522e-16, -5.074578282552231e-16], [4.000030825375198, 2.671659901248975, 2.220446049250313e-16], [6.888563792224213, 2.791148399214042, 0.18605724668862367], [8.292935761086675, 1.7240901285275307, -2.1074554661501943], [11.158260751989413, 2.0561020644703087, -1.9127431259953127], [12.566696779127565, 0.9690237271052855, -4.202656815908627], [15.375193992714301, 1.40370936477933, -4.027173054927617], [16.926384040215783, -0.21816072208130777, -4.109086439020701], [-0.7416762547168316, 0.9564158333169793, 1.6580886762996487], [-0.74317967406882, -1.912043321744381, -0.0036460799103433805], [-0.740360262129634, 0.9609246226293082, -1.6563641608446142], [3.5700645584558863, -1.0170188905080906, 1.6524732339970538], [3.5563379170653437, -1.0432888632258188, -1.6372433404960762], [3.206286835910599, 3.7103166356742205, 1.5869550329305095], [3.3859648167702914, 3.663754722270321, -1.6951052022706494], [7.443011524138686, 4.754740552320057, 0.440759639325621], [7.501393334469314, 1.7988152757179832, 1.8807159035132153], [7.869412970817081, -0.27223877101415017, -2.33038300563976], [7.618006465090714, 2.6561231803156833, -3.8132382187268923], [11.839267584133918, 1.1407235548145305, -0.20328955416336514], [11.601683896828158, 4.055131614018802, -1.7200182637182166], [12.239609454527635, -1.043443156534551, -4.39456343368546], [11.894835388679407, 1.889923941408975, -5.91685806664292], [15.94957834383585, 3.382277524596572, -3.803726116358855]], "name": "C8H16O", "identifiers": {"molecule_hash": "dea79a527dbbd1b1571af8d5b032576871894946", "molecular_formula": "C8H16O"}, "molecular_charge": 0.0, "molecular_multiplicity": 1, "connectivity": [[0, 1, 1.0], [0, 9, 1.0], [0, 10, 1.0], [0, 11, 1.0], [1, 2, 1.0], [1, 12, 1.0], [1, 13, 1.0], [2, 3, 1.0], [2, 14, 1.0], [2, 15, 1.0], [3, 4, 1.0], [3, 16, 1.0], [3, 17, 1.0], [4, 5, 1.0], [4, 18, 1.0], [4, 19, 1.0], [5, 6, 1.0], [5, 20, 1.0], [5, 21, 1.0], [6, 7, 1.0], [6, 22, 1.0], [6, 23, 1.0], [7, 8, 2.0], [7, 24, 1.0]], "fix_com": true, "fix_orientation": true, "provenance": {"creator": "QCElemental", "version": "v0.22.0", "routine": "qcelemental.molparse.from_schema"}, "id": "122474"}, "charge": 0, "optimize_geometry": false, "conformers": [], "conformer_generation_options": {"n_conformer_pool": 4000, "n_max_conformers": 0, "rms_tolerance": 0.05, "energy_window": 15, "keep_original_conformer": true}, "stage_1_unrestrained_charges": null, "stage_1_restrained_charges": null, "stage_2_unrestrained_charges": null, "stage_2_restrained_charges": null, "keep_original_orientation": false, "reorientations": [], "translations": [], "rotations": []}}, {"index": 6, "molecule": {"qcmol": {"schema_name": "qcschema_molecule", "schema_version": 2, "validated": true, "symbols": ["C", "C", "C", "C", "C", "C", "C", "C", "O", "H", "H", "H", "H", "H", "H", "H", "H", "H", "H", "H", "H", "H", "H", "H", "H"], "geometry": [[0.0, 0.0, 0.0], [2.8886939207229623, -5.451186811383522e-16, -5.074578282552231e-16], [4.000030825375198, 2.671659901248975, 2.220446049250313e-16], [6.888563792224213, 2.791148399214042, 0.18605724668862367], [8.292935761086675, 1.7240901285275307, -2.1074554661501943], [11.158260751989413, 2.0561020644703087, -1.9127431259953127], [12.566696779127565, 0.9690237271052855, -4.202656815908627], [15.375193992714301, 1.40370936477933, -4.027173054927617], [16.926384040215783, -0.21816072208130777, -4.109086439020701], [-0.7416762547168316, 0.9564158333169793, 1.6580886762996487], [-0.74317967406882, -1.912043321744381, -0.0036460799103433805], [-0.740360262129634, 0.9609246226293082, -1.6563641608446142], [3.5700645584558863, -1.0170188905080906, 1.6524732339970538], [3.5563379170653437, -1.0432888632258188, -1.6372433404960762], [3.206286835910599, 3.7103166356742205, 1.5869550329305095], [3.3859648167702914, 3.663754722270321, -1.6951052022706494], [7.443011524138686, 4.754740552320057, 0.440759639325621], [7.501393334469314, 1.7988152757179832, 1.8807159035132153], [7.869412970817081, -0.27223877101415017, -2.33038300563976], [7.618006465090714, 2.6561231803156833, -3.8132382187268923], [11.839267584133918, 1.1407235548145305, -0.20328955416336514], [11.601683896828158, 4.055131614018802, -1.7200182637182166], [12.239609454527635, -1.043443156534551, -4.39456343368546], [11.894835388679407, 1.889923941408975, -5.91685806664292], [15.94957834383585, 3.382277524596572, -3.803726116358855]], "name": "C8H16O", "identifiers": {"molecule_hash": "dea79a527dbbd1b1571af8d5b032576871894946", "molecular_formula": "C8H16O"}, "molecular_charge": 0.0, "molecular_multiplicity": 1, "connectivity": [[0, 1, 1.0], [0, 9, 1.0], [0, 10, 1.0], [0, 11, 1.0], [1, 2, 1.0], [1, 12, 1.0], [1, 13, 1.0], [2, 3, 1.0], [2, 14, 1.0], [2, 15, 1.0], [3, 4, 1.0], [3, 16, 1.0], [3, 17, 1.0], [4, 5, 1.0], [4, 18, 1.0], [4, 19, 1.0], [5, 6, 1.0], [5, 20, 1.0], [5, 21, 1.0], [6, 7, 1.0], [6, 22, 1.0], [6, 23, 1.0], [7, 8, 2.0], [7, 24, 1.0]], "fix_com": true, "fix_orientation": true, "provenance": {"creator": "QCElemental", "version": "v0.22.0", "routine": "qcelemental.molparse.from_schema"}, "id": "122474"}, "charge": 0, "optimize_geometry": false, "conformers": [], "conformer_generation_options": {"n_conformer_pool": 4000, "n_max_conformers": 0, "rms_tolerance": 0.05, "energy_window": 15, "keep_original_conformer": true}, "stage_1_unrestrained_charges": null, "stage_1_restrained_charges": null, "stage_2_unrestrained_charges": null, "stage_2_restrained_charges": null, "keep_original_orientation": false, "reorientations": [], "translations": [], "rotations": []}}]}, "surface_constraints": {"matrix": [[1967.6020000026501, 1906.4919558131971, 1835.8406384750647, 1761.3926596805888, 1706.2893327997115, 1611.70523333331, 1536.0843449114607, 1484.7297707971422, 1443.2525471677345, 1971.3082204541245, 1979.4825389067146, 1975.277066165505, 1897.5912242670581, 1898.544808174309, 1813.8109145097083, 1842.334435048308, 1743.2787064810389, 1749.720279194847, 1699.2128085682111, 1733.4307824315943, 1610.0503320137602, 1585.8371590348283, 1541.8801597638342, 1493.7764961195585, 1468.8953270916768], [1906.4919558131971, 1952.826133488231, 1904.8794116211488, 1837.4564129427513, 1777.7906654764167, 1671.776066470296, 1592.524607801859, 1533.2453420051434, 1490.4916859124908, 1882.4311342474507, 1891.5780859586894, 1887.5463273976463, 1975.2043965954056, 1976.6451292326312, 1900.4602820172292, 1902.6013096341514, 1819.3603847606612, 1833.115666412134, 1779.7334451938093, 1800.6983506265994, 1662.1008728605036, 1647.0157219973123, 1602.6263998483778, 1548.2671723533244, 1510.4210225170436], [1835.8406384750647, 1904.8794116211488, 1959.7146669298231, 1914.4786724616, 1843.4473878264082, 1741.048480885321, 1665.192469478861, 1607.4430739795832, 1561.8828397592906, 1817.520723866259, 1813.0998567545996, 1806.7505116118496, 1898.417151532366, 1898.6878559791137, 1985.6313259107426, 1987.7163812034034, 1915.5435524356244, 1915.0325919179618, 1847.6731768876105, 1851.3572271578032, 1716.9675913107715, 1728.5217219231388, 1678.8230356501504, 1617.4541125417184, 1585.8275265999298], [1761.3926596805888, 1837.4564129427513, 1914.4786724616, 1963.6393975739281, 1913.2672953825213, 1840.8230718312918, 1777.140172168066, 1710.6354513456379, 1662.903945184432, 1744.8725344641068, 1728.3500108595592, 1738.2652659756784, 1814.825122027932, 1841.0654005453923, 1913.4084538942466, 1913.8951822944293, 1991.1561654041027, 1993.252079739367, 1913.2990573275397, 1912.6675307189028, 1828.8984533178673, 1824.557536432251, 1792.7438031437189, 1741.6827609390407, 1683.8277759391156], [1706.2893327997115, 1777.7906654764167, 1843.4473878264082, 1913.2672953825213, 1961.798047813543, 1909.9338019260233, 1837.119322763896, 1763.3331667580062, 1723.9334963096337, 1686.0040683515554, 1679.0382502596672, 1686.0232867021302, 1763.5388383561146, 1779.2217931471282, 1823.6768808625097, 1838.2241953610596, 1909.9002695365832, 1913.9684997523732, 1991.940129784449, 1991.0241428618253, 1908.46564107596, 1904.2172755788945, 1837.9587713814542, 1813.0515074064585, 1722.942953851726], [1611.70523333331, 1671.776066470296, 1741.048480885321, 1840.8230718312918, 1909.9338019260233, 1952.7978354089507, 1900.4694839791694, 1831.1048536511305, 1777.893277845167, 1595.6618218138271, 1592.7121105570698, 1589.1299549674345, 1653.7542876701486, 1666.7064318771668, 1706.3623774144141, 1735.370866233093, 1855.370132130899, 1836.3296126901516, 1912.2518327104801, 1911.5323592311493, 1979.719272158981, 1975.866848375192, 1895.0242369119514, 1892.3996767775682, 1806.2004241168129], [1536.0843449114607, 1592.524607801859, 1665.192469478861, 1777.140172168066, 1837.119322763896, 1900.4694839791694, 1949.3191066105428, 1901.7503560664952, 1850.1325043708478, 1516.2095725417314, 1523.593753517671, 1514.8128385779012, 1564.2612583494172, 1593.3282630565775, 1624.516512298601, 1661.637183746134, 1804.9719206831298, 1777.6770811420608, 1827.9718259639885, 1828.684037452298, 1897.6345279487002, 1893.8090067684618, 1975.5513194902908, 1970.1061389428153, 1882.7255813743704], [1484.7297707971422, 1533.2453420051434, 1607.4430739795832, 1710.6354513456379, 1763.3331667580062, 1831.1048536511305, 1901.7503560664952, 1956.6080488668947, 1942.590619042249, 1465.9942705438198, 1479.1218940146973, 1462.523201723909, 1506.5850263795357, 1526.5009153512167, 1564.8041740920414, 1614.2617807801105, 1745.020176971726, 1703.6697673771123, 1739.918820627394, 1761.4360257750666, 1818.4232298187862, 1824.454849981616, 1900.1078927409276, 1892.9131077086183, 1970.5387113174156], [1443.2525471677345, 1490.4916859124908, 1561.8828397592906, 1662.903945184432, 1723.9334963096337, 1777.893277845167, 1850.1325043708478, 1942.590619042249, 2008.4218250767503, 1425.6442849525383, 1439.251622393603, 1420.0325000871044, 1467.718735870167, 1481.8497753694871, 1520.614466360782, 1566.7747254554806, 1691.23404471086, 1655.6912753165334, 1707.6450119114368, 1733.1247516465994, 1767.5167654975182, 1757.0837338231177, 1834.5307815784197, 1829.881055281418, 1913.1270439360046], [1971.3082204541245, 1882.4311342474507, 1817.520723866259, 1744.8725344641068, 1686.0040683515554, 1595.6618218138271, 1516.2095725417314, 1465.9942705438198, 1425.6442849525383, 2055.420934017849, 1954.4238025732295, 1951.5390785770908, 1861.9228183359423, 1861.0514205222173, 1800.4032656466989, 1821.7172914637458, 1732.4462104186757, 1733.2051695047148, 1670.4741085229944, 1716.3966209776993, 1601.125111863348, 1569.3734572581934, 1514.4858595117614, 1478.6490209223284, 1451.4244456226259], [1979.4825389067146, 1891.5780859586894, 1813.0998567545996, 1728.3500108595592, 1679.0382502596672, 1592.7121105570698, 1523.593753517671, 1479.1218940146973, 1439.251622393603, 1954.4238025732295, 2072.4313862067797, 1957.620424602305, 1889.0282405625435, 1863.584784336539, 1789.469695385645, 1824.9298579053202, 1703.215594534662, 1711.7022171455694, 1676.1754766682548, 1699.500839517748, 1589.074972893811, 1570.5725718709414, 1530.555701429503, 1478.4652309010678, 1466.5344949231226], [1975.277066165505, 1887.5463273976463, 1806.7505116118496, 1738.2652659756784, 1686.0232867021302, 1589.1299549674345, 1514.8128385779012, 1462.523201723909, 1420.0325000871044, 1951.5390785770908, 1957.620424602305, 2062.354239309282, 1859.1073739110716, 1887.774474969655, 1769.9231149715158, 1816.2823120698329, 1722.066925203329, 1727.0709424322279, 1677.070603134722, 1718.9894756526242, 1588.8992610825162, 1558.8138436764243, 1523.3631423029863, 1472.6579563910318, 1447.7101954252353], [1897.5912242670581, 1975.2043965954056, 1898.417151532366, 1814.825122027932, 1763.5388383561146, 1653.7542876701486, 1564.2612583494172, 1506.5850263795357, 1467.718735870167, 1861.9228183359423, 1889.0282405625435, 1859.1073739110716, 2073.838125251804, 1971.0625924485519, 1901.7301907716537, 1879.550672611697, 1781.0182909218888, 1808.3684402310291, 1765.4416687565918, 1795.8485417074653, 1648.6289961574005, 1630.4957622191944, 1569.860833171033, 1516.2599894992395, 1481.4293138190685], [1898.544808174309, 1976.6451292326312, 1898.6878559791137, 1841.0654005453923, 1779.2217931471282, 1666.7064318771668, 1593.3282630565775, 1526.5009153512167, 1481.8497753694871, 1861.0514205222173, 1863.584784336539, 1887.774474969655, 1971.0625924485519, 2078.7101342805563, 1877.1030361215787, 1881.2650526406146, 1826.1234724096787, 1841.484609741742, 1786.9602568660223, 1800.1519018881875, 1655.9681958889546, 1633.4974092613284, 1608.4908586012052, 1554.2455669460728, 1500.0177640060033], [1813.8109145097083, 1900.4602820172292, 1985.6313259107426, 1913.4084538942466, 1823.6768808625097, 1706.3623774144141, 1624.516512298601, 1564.8041740920414, 1520.614466360782, 1800.4032656466989, 1789.469695385645, 1769.9231149715158, 1901.7301907716537, 1877.1030361215787, 2087.0097244635895, 1985.153171437858, 1897.020648484942, 1925.679676823231, 1838.474489742364, 1821.0563717577568, 1672.3940743570693, 1698.8452034834897, 1642.8239514277839, 1570.4370398032547, 1541.0434579868993], [1842.334435048308, 1902.6013096341514, 1987.7163812034034, 1913.8951822944293, 1838.2241953610596, 1735.370866233093, 1661.637183746134, 1614.2617807801105, 1566.7747254554806, 1821.7172914637458, 1824.9298579053202, 1816.2823120698329, 1879.550672611697, 1881.2650526406146, 1985.153171437858, 2092.812961878216, 1927.6197514798887, 1882.8558358167188, 1836.3856054997102, 1849.2846700983303, 1700.5466271863638, 1732.2197272226397, 1672.0126858513704, 1609.7012420141657, 1600.8596283233135], [1743.2787064810389, 1819.3603847606612, 1915.5435524356244, 1991.1561654041027, 1909.9002695365832, 1855.370132130899, 1804.9719206831298, 1745.020176971726, 1691.23404471086, 1732.4462104186757, 1703.215594534662, 1722.066925203329, 1781.0182909218888, 1826.1234724096787, 1897.020648484942, 1927.6197514798887, 2092.3242273420856, 1994.3196075233682, 1884.8547470290764, 1894.1779702519864, 1841.8729243043272, 1841.592636567763, 1819.7749257959554, 1775.9408410917326, 1729.0915034050522], [1749.720279194847, 1833.115666412134, 1915.0325919179618, 1993.252079739367, 1913.9684997523732, 1836.3296126901516, 1777.6770811420608, 1703.6697673771123, 1655.6912753165334, 1733.2051695047148, 1711.7022171455694, 1727.0709424322279, 1808.3684402310291, 1841.484609741742, 1925.679676823231, 1882.8558358167188, 1994.3196075233682, 2096.7560784371926, 1911.2748703565514, 1896.8751540717583, 1829.0226252306272, 1807.517609883362, 1806.635026978161, 1738.6114657982664, 1671.6416834604634], [1699.2128085682111, 1779.7334451938093, 1847.6731768876105, 1913.2990573275397, 1991.940129784449, 1912.2518327104801, 1827.9718259639885, 1739.918820627394, 1707.6450119114368, 1670.4741085229944, 1676.1754766682548, 1677.070603134722, 1765.4416687565918, 1786.9602568660223, 1838.474489742364, 1836.3856054997102, 1884.8547470290764, 1911.2748703565514, 2096.505536703029, 1994.1545631735996, 1908.040144965948, 1895.7573585689963, 1830.870659474669, 1804.7018835144158, 1684.0356443901107], [1733.4307824315943, 1800.6983506265994, 1851.3572271578032, 1912.6675307189028, 1991.0241428618253, 1911.5323592311493, 1828.684037452298, 1761.4360257750666, 1733.1247516465994, 1716.3966209776993, 1699.500839517748, 1718.9894756526242, 1795.8485417074653, 1800.1519018881875, 1821.0563717577568, 1849.2846700983303, 1894.1779702519864, 1896.8751540717583, 1994.1545631735996, 2094.0418169029563, 1899.1981751474157, 1903.1843099706678, 1818.4811326162894, 1802.787060037847, 1713.934243243729], [1610.0503320137602, 1662.1008728605036, 1716.9675913107715, 1828.8984533178673, 1908.46564107596, 1979.719272158981, 1897.6345279487002, 1818.4232298187862, 1767.5167654975182, 1601.125111863348, 1589.074972893811, 1588.8992610825162, 1648.6289961574005, 1655.9681958889546, 1672.3940743570693, 1700.5466271863638, 1841.8729243043272, 1829.0226252306272, 1908.040144965948, 1899.1981751474157, 2080.756640176139, 1975.5693373901588, 1877.285009385255, 1888.4153316436984, 1784.1568525666285], [1585.8371590348283, 1647.0157219973123, 1728.5217219231388, 1824.557536432251, 1904.2172755788945, 1975.866848375192, 1893.8090067684618, 1824.454849981616, 1757.0837338231177, 1569.3734572581934, 1570.5725718709414, 1558.8138436764243, 1630.4957622191944, 1633.4974092613284, 1698.8452034834897, 1732.2197272226397, 1841.592636567763, 1807.517609883362, 1895.7573585689963, 1903.1843099706678, 1975.5693373901588, 2074.105934547884, 1873.3961731311065, 1878.025913006739, 1818.1552434960179], [1541.8801597638342, 1602.6263998483778, 1678.8230356501504, 1792.7438031437189, 1837.9587713814542, 1895.0242369119514, 1975.5513194902908, 1900.1078927409276, 1834.5307815784197, 1514.4858595117614, 1530.555701429503, 1523.3631423029863, 1569.860833171033, 1608.4908586012052, 1642.8239514277839, 1672.0126858513704, 1819.7749257959554, 1806.635026978161, 1830.870659474669, 1818.4811326162894, 1877.285009385255, 1873.3961731311065, 2079.005129159174, 1967.1979606406037, 1875.303163702638], [1493.7764961195585, 1548.2671723533244, 1617.4541125417184, 1741.6827609390407, 1813.0515074064585, 1892.3996767775682, 1970.1061389428153, 1892.9131077086183, 1829.881055281418, 1478.6490209223284, 1478.4652309010678, 1472.6579563910318, 1516.2599894992395, 1554.2455669460728, 1570.4370398032547, 1609.7012420141657, 1775.9408410917326, 1738.6114657982664, 1804.7018835144158, 1802.787060037847, 1888.4153316436984, 1878.025913006739, 1967.1979606406037, 2067.286492652936, 1863.605987087211], [1468.8953270916768, 1510.4210225170436, 1585.8275265999298, 1683.8277759391156, 1722.942953851726, 1806.2004241168129, 1882.7255813743704, 1970.5387113174156, 1913.1270439360046, 1451.4244456226259, 1466.5344949231226, 1447.7101954252353, 1481.4293138190685, 1500.0177640060033, 1541.0434579868993, 1600.8596283233135, 1729.0915034050522, 1671.6416834604634, 1684.0356443901107, 1713.934243243729, 1784.1568525666285, 1818.1552434960179, 1875.303163702638, 1863.605987087211, 2063.7442578788614], [30.66242008219545, 33.86251019381322, 35.326436826015275, 36.85047460404831, 31.71565495270062, 37.12035367876758, 32.75731285742706, 3.555236269784923, -44.06976831191783, 29.563097257412508, 28.671548209797756, 31.081573322407362, 32.165089244517205, 35.97627598925911, 35.231405850168876, 35.20277581875165, 39.21441600071379, 38.45752312935612, 28.907462754361656, 25.594566476795535, 36.73124037577874, 44.79738121260236, 43.241399625732825, 40.04877648123673, 25.052072634767562]]}}