{"resp_b": 0.1, "restrained_fit": true, "exclude_hydrogens": true, "convergence_tolerance": 1e-06, "max_iter": 500, "resp_a": 0.0005, "charge_constraints": {"charge_sum_constraints": [], "charge_equivalence_constraints": [], "molecules": [{"qcmol": {"schema_name": "qcschema_molecule", "schema_version": 2, "validated": true, "symbols": ["C", "C", "C", "C", "C", "C", "C", "C", "O", "H", "H", "H", "H", "H", "H", "H", "H", "H", "H", "H", "H", "H", "H", "H", "H"], "geometry": [[0.0, 0.0, 0.0], [2.8886939207229623, -5.451186811383522e-16, -5.074578282552231e-16], [4.000030825375198, 2.671659901248975, 2.220446049250313e-16], [6.888563792224213, 2.791148399214042, 0.18605724668862367], [8.292935761086675, 1.7240901285275307, -2.1074554661501943], [11.158260751989413, 2.0561020644703087, -1.9127431259953127], [12.566696779127565, 0.9690237271052855, -4.202656815908627], [15.375193992714301, 1.40370936477933, -4.027173054927617], [16.926384040215783, -0.21816072208130777, -4.109086439020701], [-0.7416762547168316, 0.9564158333169793, 1.6580886762996487], [-0.74317967406882, -1.912043321744381, -0.0036460799103433805], [-0.740360262129634, 0.9609246226293082, -1.6563641608446142], [3.5700645584558863, -1.0170188905080906, 1.6524732339970538], [3.5563379170653437, -1.0432888632258188, -1.6372433404960762], [3.206286835910599, 3.7103166356742205, 1.5869550329305095], [3.3859648167702914, 3.663754722270321, -1.6951052022706494], [7.443011524138686, 4.754740552320057, 0.440759639325621], [7.501393334469314, 1.7988152757179832, 1.8807159035132153], [7.869412970817081, -0.27223877101415017, -2.33038300563976], [7.618006465090714, 2.6561231803156833, -3.8132382187268923], [11.839267584133918, 1.1407235548145305, -0.20328955416336514], [11.601683896828158, 4.055131614018802, -1.7200182637182166], [12.239609454527635, -1.043443156534551, -4.39456343368546], [11.894835388679407, 1.889923941408975, -5.91685806664292], [15.94957834383585, 3.382277524596572, -3.803726116358855]], "name": "C8H16O", "identifiers": {"molecule_hash": "dea79a527dbbd1b1571af8d5b032576871894946", "molecular_formula": "C8H16O"}, "molecular_charge": 0.0, "molecular_multiplicity": 1, "connectivity": [[0, 1, 1.0], [0, 9, 1.0], [0, 10, 1.0], [0, 11, 1.0], [1, 2, 1.0], [1, 12, 1.0], [1, 13, 1.0], [2, 3, 1.0], [2, 14, 1.0], [2, 15, 1.0], [3, 4, 1.0], [3, 16, 1.0], [3, 17, 1.0], [4, 5, 1.0], [4, 18, 1.0], [4, 19, 1.0], [5, 6, 1.0], [5, 20, 1.0], [5, 21, 1.0], [6, 7, 1.0], [6, 22, 1.0], [6, 23, 1.0], [7, 8, 2.0], [7, 24, 1.0]], "fix_com": true, "fix_orientation": true, "provenance": {"creator": "QCElemental", "version": "v0.22.0", "routine": "qcelemental.molparse.from_schema"}, "id": "122474"}, "charge": 0, "optimize_geometry": false, "conformers": [], "conformer_generation_options": {"n_conformer_pool": 4000, "n_max_conformers": 0, "rms_tolerance": 0.05, "energy_window": 15, "keep_original_conformer": true}, "stage_1_unrestrained_charges": null, "stage_1_restrained_charges": null, "stage_2_unrestrained_charges": null, "stage_2_restrained_charges": null, "keep_original_orientation": false, "reorientations": [], "translations": [], "rotations": []}], "unconstrained_atoms": [{"index": 0, "molecule": {"qcmol": {"schema_name": "qcschema_molecule", "schema_version": 2, "validated": true, "symbols": ["C", "C", "C", "C", "C", "C", "C", "C", "O", "H", "H", "H", "H", "H", "H", "H", "H", "H", "H", "H", "H", "H", "H", "H", "H"], "geometry": [[0.0, 0.0, 0.0], [2.8886939207229623, -5.451186811383522e-16, -5.074578282552231e-16], [4.000030825375198, 2.671659901248975, 2.220446049250313e-16], [6.888563792224213, 2.791148399214042, 0.18605724668862367], [8.292935761086675, 1.7240901285275307, -2.1074554661501943], [11.158260751989413, 2.0561020644703087, -1.9127431259953127], [12.566696779127565, 0.9690237271052855, -4.202656815908627], [15.375193992714301, 1.40370936477933, -4.027173054927617], [16.926384040215783, -0.21816072208130777, -4.109086439020701], [-0.7416762547168316, 0.9564158333169793, 1.6580886762996487], [-0.74317967406882, -1.912043321744381, -0.0036460799103433805], [-0.740360262129634, 0.9609246226293082, -1.6563641608446142], [3.5700645584558863, -1.0170188905080906, 1.6524732339970538], [3.5563379170653437, -1.0432888632258188, -1.6372433404960762], [3.206286835910599, 3.7103166356742205, 1.5869550329305095], [3.3859648167702914, 3.663754722270321, -1.6951052022706494], [7.443011524138686, 4.754740552320057, 0.440759639325621], [7.501393334469314, 1.7988152757179832, 1.8807159035132153], [7.869412970817081, -0.27223877101415017, -2.33038300563976], [7.618006465090714, 2.6561231803156833, -3.8132382187268923], [11.839267584133918, 1.1407235548145305, -0.20328955416336514], [11.601683896828158, 4.055131614018802, -1.7200182637182166], [12.239609454527635, -1.043443156534551, -4.39456343368546], [11.894835388679407, 1.889923941408975, -5.91685806664292], [15.94957834383585, 3.382277524596572, -3.803726116358855]], "name": "C8H16O", "identifiers": {"molecule_hash": "dea79a527dbbd1b1571af8d5b032576871894946", "molecular_formula": "C8H16O"}, "molecular_charge": 0.0, "molecular_multiplicity": 1, "connectivity": [[0, 1, 1.0], [0, 9, 1.0], [0, 10, 1.0], [0, 11, 1.0], [1, 2, 1.0], [1, 12, 1.0], [1, 13, 1.0], [2, 3, 1.0], [2, 14, 1.0], [2, 15, 1.0], [3, 4, 1.0], [3, 16, 1.0], [3, 17, 1.0], [4, 5, 1.0], [4, 18, 1.0], [4, 19, 1.0], [5, 6, 1.0], [5, 20, 1.0], [5, 21, 1.0], [6, 7, 1.0], [6, 22, 1.0], [6, 23, 1.0], [7, 8, 2.0], [7, 24, 1.0]], "fix_com": true, "fix_orientation": true, "provenance": {"creator": "QCElemental", "version": "v0.22.0", "routine": "qcelemental.molparse.from_schema"}, "id": "122474"}, "charge": 0, "optimize_geometry": false, "conformers": [], "conformer_generation_options": {"n_conformer_pool": 4000, "n_max_conformers": 0, "rms_tolerance": 0.05, "energy_window": 15, "keep_original_conformer": true}, "stage_1_unrestrained_charges": null, "stage_1_restrained_charges": null, "stage_2_unrestrained_charges": null, "stage_2_restrained_charges": null, "keep_original_orientation": false, "reorientations": [], "translations": [], "rotations": []}}, {"index": 1, "molecule": {"qcmol": {"schema_name": "qcschema_molecule", "schema_version": 2, "validated": true, "symbols": ["C", "C", "C", "C", "C", "C", "C", "C", "O", "H", "H", "H", "H", "H", "H", "H", "H", "H", "H", "H", "H", "H", "H", "H", "H"], "geometry": [[0.0, 0.0, 0.0], [2.8886939207229623, -5.451186811383522e-16, -5.074578282552231e-16], [4.000030825375198, 2.671659901248975, 2.220446049250313e-16], [6.888563792224213, 2.791148399214042, 0.18605724668862367], [8.292935761086675, 1.7240901285275307, -2.1074554661501943], [11.158260751989413, 2.0561020644703087, -1.9127431259953127], [12.566696779127565, 0.9690237271052855, -4.202656815908627], [15.375193992714301, 1.40370936477933, -4.027173054927617], [16.926384040215783, -0.21816072208130777, -4.109086439020701], [-0.7416762547168316, 0.9564158333169793, 1.6580886762996487], [-0.74317967406882, -1.912043321744381, -0.0036460799103433805], [-0.740360262129634, 0.9609246226293082, -1.6563641608446142], [3.5700645584558863, -1.0170188905080906, 1.6524732339970538], [3.5563379170653437, -1.0432888632258188, -1.6372433404960762], [3.206286835910599, 3.7103166356742205, 1.5869550329305095], [3.3859648167702914, 3.663754722270321, -1.6951052022706494], [7.443011524138686, 4.754740552320057, 0.440759639325621], [7.501393334469314, 1.7988152757179832, 1.8807159035132153], [7.869412970817081, -0.27223877101415017, -2.33038300563976], [7.618006465090714, 2.6561231803156833, -3.8132382187268923], [11.839267584133918, 1.1407235548145305, -0.20328955416336514], [11.601683896828158, 4.055131614018802, -1.7200182637182166], [12.239609454527635, -1.043443156534551, -4.39456343368546], [11.894835388679407, 1.889923941408975, -5.91685806664292], [15.94957834383585, 3.382277524596572, -3.803726116358855]], "name": "C8H16O", "identifiers": {"molecule_hash": "dea79a527dbbd1b1571af8d5b032576871894946", "molecular_formula": "C8H16O"}, "molecular_charge": 0.0, "molecular_multiplicity": 1, "connectivity": [[0, 1, 1.0], [0, 9, 1.0], [0, 10, 1.0], [0, 11, 1.0], [1, 2, 1.0], [1, 12, 1.0], [1, 13, 1.0], [2, 3, 1.0], [2, 14, 1.0], [2, 15, 1.0], [3, 4, 1.0], [3, 16, 1.0], [3, 17, 1.0], [4, 5, 1.0], [4, 18, 1.0], [4, 19, 1.0], [5, 6, 1.0], [5, 20, 1.0], [5, 21, 1.0], [6, 7, 1.0], [6, 22, 1.0], [6, 23, 1.0], [7, 8, 2.0], [7, 24, 1.0]], "fix_com": true, "fix_orientation": true, "provenance": {"creator": "QCElemental", "version": "v0.22.0", "routine": "qcelemental.molparse.from_schema"}, "id": "122474"}, "charge": 0, "optimize_geometry": false, "conformers": [], "conformer_generation_options": {"n_conformer_pool": 4000, "n_max_conformers": 0, "rms_tolerance": 0.05, "energy_window": 15, "keep_original_conformer": true}, "stage_1_unrestrained_charges": null, "stage_1_restrained_charges": null, "stage_2_unrestrained_charges": null, "stage_2_restrained_charges": null, "keep_original_orientation": false, "reorientations": [], "translations": [], "rotations": []}}, {"index": 2, "molecule": {"qcmol": {"schema_name": "qcschema_molecule", "schema_version": 2, "validated": true, "symbols": ["C", "C", "C", "C", "C", "C", "C", "C", "O", "H", "H", "H", "H", "H", "H", "H", "H", "H", "H", "H", "H", "H", "H", "H", "H"], "geometry": [[0.0, 0.0, 0.0], [2.8886939207229623, -5.451186811383522e-16, -5.074578282552231e-16], [4.000030825375198, 2.671659901248975, 2.220446049250313e-16], [6.888563792224213, 2.791148399214042, 0.18605724668862367], [8.292935761086675, 1.7240901285275307, -2.1074554661501943], [11.158260751989413, 2.0561020644703087, -1.9127431259953127], [12.566696779127565, 0.9690237271052855, -4.202656815908627], [15.375193992714301, 1.40370936477933, -4.027173054927617], [16.926384040215783, -0.21816072208130777, -4.109086439020701], [-0.7416762547168316, 0.9564158333169793, 1.6580886762996487], [-0.74317967406882, -1.912043321744381, -0.0036460799103433805], [-0.740360262129634, 0.9609246226293082, -1.6563641608446142], [3.5700645584558863, -1.0170188905080906, 1.6524732339970538], [3.5563379170653437, -1.0432888632258188, -1.6372433404960762], [3.206286835910599, 3.7103166356742205, 1.5869550329305095], [3.3859648167702914, 3.663754722270321, -1.6951052022706494], [7.443011524138686, 4.754740552320057, 0.440759639325621], [7.501393334469314, 1.7988152757179832, 1.8807159035132153], [7.869412970817081, -0.27223877101415017, -2.33038300563976], [7.618006465090714, 2.6561231803156833, -3.8132382187268923], [11.839267584133918, 1.1407235548145305, -0.20328955416336514], [11.601683896828158, 4.055131614018802, -1.7200182637182166], [12.239609454527635, -1.043443156534551, -4.39456343368546], [11.894835388679407, 1.889923941408975, -5.91685806664292], [15.94957834383585, 3.382277524596572, -3.803726116358855]], "name": "C8H16O", "identifiers": {"molecule_hash": "dea79a527dbbd1b1571af8d5b032576871894946", "molecular_formula": "C8H16O"}, "molecular_charge": 0.0, "molecular_multiplicity": 1, "connectivity": [[0, 1, 1.0], [0, 9, 1.0], [0, 10, 1.0], [0, 11, 1.0], [1, 2, 1.0], [1, 12, 1.0], [1, 13, 1.0], [2, 3, 1.0], [2, 14, 1.0], [2, 15, 1.0], [3, 4, 1.0], [3, 16, 1.0], [3, 17, 1.0], [4, 5, 1.0], [4, 18, 1.0], [4, 19, 1.0], [5, 6, 1.0], [5, 20, 1.0], [5, 21, 1.0], [6, 7, 1.0], [6, 22, 1.0], [6, 23, 1.0], [7, 8, 2.0], [7, 24, 1.0]], "fix_com": true, "fix_orientation": true, "provenance": {"creator": "QCElemental", "version": "v0.22.0", "routine": "qcelemental.molparse.from_schema"}, "id": "122474"}, "charge": 0, "optimize_geometry": false, "conformers": [], "conformer_generation_options": {"n_conformer_pool": 4000, "n_max_conformers": 0, "rms_tolerance": 0.05, "energy_window": 15, "keep_original_conformer": true}, "stage_1_unrestrained_charges": null, "stage_1_restrained_charges": null, "stage_2_unrestrained_charges": null, "stage_2_restrained_charges": null, "keep_original_orientation": false, "reorientations": [], "translations": [], "rotations": []}}, {"index": 3, "molecule": {"qcmol": {"schema_name": "qcschema_molecule", "schema_version": 2, "validated": true, "symbols": ["C", "C", "C", "C", "C", "C", "C", "C", "O", "H", "H", "H", "H", "H", "H", "H", "H", "H", "H", "H", "H", "H", "H", "H", "H"], "geometry": [[0.0, 0.0, 0.0], [2.8886939207229623, -5.451186811383522e-16, -5.074578282552231e-16], [4.000030825375198, 2.671659901248975, 2.220446049250313e-16], [6.888563792224213, 2.791148399214042, 0.18605724668862367], [8.292935761086675, 1.7240901285275307, -2.1074554661501943], [11.158260751989413, 2.0561020644703087, -1.9127431259953127], [12.566696779127565, 0.9690237271052855, -4.202656815908627], [15.375193992714301, 1.40370936477933, -4.027173054927617], [16.926384040215783, -0.21816072208130777, -4.109086439020701], [-0.7416762547168316, 0.9564158333169793, 1.6580886762996487], [-0.74317967406882, -1.912043321744381, -0.0036460799103433805], [-0.740360262129634, 0.9609246226293082, -1.6563641608446142], [3.5700645584558863, -1.0170188905080906, 1.6524732339970538], [3.5563379170653437, -1.0432888632258188, -1.6372433404960762], [3.206286835910599, 3.7103166356742205, 1.5869550329305095], [3.3859648167702914, 3.663754722270321, -1.6951052022706494], [7.443011524138686, 4.754740552320057, 0.440759639325621], [7.501393334469314, 1.7988152757179832, 1.8807159035132153], [7.869412970817081, -0.27223877101415017, -2.33038300563976], [7.618006465090714, 2.6561231803156833, -3.8132382187268923], [11.839267584133918, 1.1407235548145305, -0.20328955416336514], [11.601683896828158, 4.055131614018802, -1.7200182637182166], [12.239609454527635, -1.043443156534551, -4.39456343368546], [11.894835388679407, 1.889923941408975, -5.91685806664292], [15.94957834383585, 3.382277524596572, -3.803726116358855]], "name": "C8H16O", "identifiers": {"molecule_hash": "dea79a527dbbd1b1571af8d5b032576871894946", "molecular_formula": "C8H16O"}, "molecular_charge": 0.0, "molecular_multiplicity": 1, "connectivity": [[0, 1, 1.0], [0, 9, 1.0], [0, 10, 1.0], [0, 11, 1.0], [1, 2, 1.0], [1, 12, 1.0], [1, 13, 1.0], [2, 3, 1.0], [2, 14, 1.0], [2, 15, 1.0], [3, 4, 1.0], [3, 16, 1.0], [3, 17, 1.0], [4, 5, 1.0], [4, 18, 1.0], [4, 19, 1.0], [5, 6, 1.0], [5, 20, 1.0], [5, 21, 1.0], [6, 7, 1.0], [6, 22, 1.0], [6, 23, 1.0], [7, 8, 2.0], [7, 24, 1.0]], "fix_com": true, "fix_orientation": true, "provenance": {"creator": "QCElemental", "version": "v0.22.0", "routine": "qcelemental.molparse.from_schema"}, "id": "122474"}, "charge": 0, "optimize_geometry": false, "conformers": [], "conformer_generation_options": {"n_conformer_pool": 4000, "n_max_conformers": 0, "rms_tolerance": 0.05, "energy_window": 15, "keep_original_conformer": true}, "stage_1_unrestrained_charges": null, "stage_1_restrained_charges": null, "stage_2_unrestrained_charges": null, "stage_2_restrained_charges": null, "keep_original_orientation": false, "reorientations": [], "translations": [], "rotations": []}}, {"index": 4, "molecule": {"qcmol": {"schema_name": "qcschema_molecule", "schema_version": 2, "validated": true, "symbols": ["C", "C", "C", "C", "C", "C", "C", "C", "O", "H", "H", "H", "H", "H", "H", "H", "H", "H", "H", "H", "H", "H", "H", "H", "H"], "geometry": [[0.0, 0.0, 0.0], [2.8886939207229623, -5.451186811383522e-16, -5.074578282552231e-16], [4.000030825375198, 2.671659901248975, 2.220446049250313e-16], [6.888563792224213, 2.791148399214042, 0.18605724668862367], [8.292935761086675, 1.7240901285275307, -2.1074554661501943], [11.158260751989413, 2.0561020644703087, -1.9127431259953127], [12.566696779127565, 0.9690237271052855, -4.202656815908627], [15.375193992714301, 1.40370936477933, -4.027173054927617], [16.926384040215783, -0.21816072208130777, -4.109086439020701], [-0.7416762547168316, 0.9564158333169793, 1.6580886762996487], [-0.74317967406882, -1.912043321744381, -0.0036460799103433805], [-0.740360262129634, 0.9609246226293082, -1.6563641608446142], [3.5700645584558863, -1.0170188905080906, 1.6524732339970538], [3.5563379170653437, -1.0432888632258188, -1.6372433404960762], [3.206286835910599, 3.7103166356742205, 1.5869550329305095], [3.3859648167702914, 3.663754722270321, -1.6951052022706494], [7.443011524138686, 4.754740552320057, 0.440759639325621], [7.501393334469314, 1.7988152757179832, 1.8807159035132153], [7.869412970817081, -0.27223877101415017, -2.33038300563976], [7.618006465090714, 2.6561231803156833, -3.8132382187268923], [11.839267584133918, 1.1407235548145305, -0.20328955416336514], [11.601683896828158, 4.055131614018802, -1.7200182637182166], [12.239609454527635, -1.043443156534551, -4.39456343368546], [11.894835388679407, 1.889923941408975, -5.91685806664292], [15.94957834383585, 3.382277524596572, -3.803726116358855]], "name": "C8H16O", "identifiers": {"molecule_hash": "dea79a527dbbd1b1571af8d5b032576871894946", "molecular_formula": "C8H16O"}, "molecular_charge": 0.0, "molecular_multiplicity": 1, "connectivity": [[0, 1, 1.0], [0, 9, 1.0], [0, 10, 1.0], [0, 11, 1.0], [1, 2, 1.0], [1, 12, 1.0], [1, 13, 1.0], [2, 3, 1.0], [2, 14, 1.0], [2, 15, 1.0], [3, 4, 1.0], [3, 16, 1.0], [3, 17, 1.0], [4, 5, 1.0], [4, 18, 1.0], [4, 19, 1.0], [5, 6, 1.0], [5, 20, 1.0], [5, 21, 1.0], [6, 7, 1.0], [6, 22, 1.0], [6, 23, 1.0], [7, 8, 2.0], [7, 24, 1.0]], "fix_com": true, "fix_orientation": true, "provenance": {"creator": "QCElemental", "version": "v0.22.0", "routine": "qcelemental.molparse.from_schema"}, "id": "122474"}, "charge": 0, "optimize_geometry": false, "conformers": [], "conformer_generation_options": {"n_conformer_pool": 4000, "n_max_conformers": 0, "rms_tolerance": 0.05, "energy_window": 15, "keep_original_conformer": true}, "stage_1_unrestrained_charges": null, "stage_1_restrained_charges": null, "stage_2_unrestrained_charges": null, "stage_2_restrained_charges": null, "keep_original_orientation": false, "reorientations": [], "translations": [], "rotations": []}}, {"index": 5, "molecule": {"qcmol": {"schema_name": "qcschema_molecule", "schema_version": 2, "validated": true, "symbols": ["C", "C", "C", "C", "C", "C", "C", "C", "O", "H", "H", "H", "H", "H", "H", "H", "H", "H", "H", "H", "H", "H", "H", "H", "H"], "geometry": [[0.0, 0.0, 0.0], [2.8886939207229623, -5.451186811383522e-16, -5.074578282552231e-16], [4.000030825375198, 2.671659901248975, 2.220446049250313e-16], [6.888563792224213, 2.791148399214042, 0.18605724668862367], [8.292935761086675, 1.7240901285275307, -2.1074554661501943], [11.158260751989413, 2.0561020644703087, -1.9127431259953127], [12.566696779127565, 0.9690237271052855, -4.202656815908627], [15.375193992714301, 1.40370936477933, -4.027173054927617], [16.926384040215783, -0.21816072208130777, -4.109086439020701], [-0.7416762547168316, 0.9564158333169793, 1.6580886762996487], [-0.74317967406882, -1.912043321744381, -0.0036460799103433805], [-0.740360262129634, 0.9609246226293082, -1.6563641608446142], [3.5700645584558863, -1.0170188905080906, 1.6524732339970538], [3.5563379170653437, -1.0432888632258188, -1.6372433404960762], [3.206286835910599, 3.7103166356742205, 1.5869550329305095], [3.3859648167702914, 3.663754722270321, -1.6951052022706494], [7.443011524138686, 4.754740552320057, 0.440759639325621], [7.501393334469314, 1.7988152757179832, 1.8807159035132153], [7.869412970817081, -0.27223877101415017, -2.33038300563976], [7.618006465090714, 2.6561231803156833, -3.8132382187268923], [11.839267584133918, 1.1407235548145305, -0.20328955416336514], [11.601683896828158, 4.055131614018802, -1.7200182637182166], [12.239609454527635, -1.043443156534551, -4.39456343368546], [11.894835388679407, 1.889923941408975, -5.91685806664292], [15.94957834383585, 3.382277524596572, -3.803726116358855]], "name": "C8H16O", "identifiers": {"molecule_hash": "dea79a527dbbd1b1571af8d5b032576871894946", "molecular_formula": "C8H16O"}, "molecular_charge": 0.0, "molecular_multiplicity": 1, "connectivity": [[0, 1, 1.0], [0, 9, 1.0], [0, 10, 1.0], [0, 11, 1.0], [1, 2, 1.0], [1, 12, 1.0], [1, 13, 1.0], [2, 3, 1.0], [2, 14, 1.0], [2, 15, 1.0], [3, 4, 1.0], [3, 16, 1.0], [3, 17, 1.0], [4, 5, 1.0], [4, 18, 1.0], [4, 19, 1.0], [5, 6, 1.0], [5, 20, 1.0], [5, 21, 1.0], [6, 7, 1.0], [6, 22, 1.0], [6, 23, 1.0], [7, 8, 2.0], [7, 24, 1.0]], "fix_com": true, "fix_orientation": true, "provenance": {"creator": "QCElemental", "version": "v0.22.0", "routine": "qcelemental.molparse.from_schema"}, "id": "122474"}, "charge": 0, "optimize_geometry": false, "conformers": [], "conformer_generation_options": {"n_conformer_pool": 4000, "n_max_conformers": 0, "rms_tolerance": 0.05, "energy_window": 15, "keep_original_conformer": true}, "stage_1_unrestrained_charges": null, "stage_1_restrained_charges": null, "stage_2_unrestrained_charges": null, "stage_2_restrained_charges": null, "keep_original_orientation": false, "reorientations": [], "translations": [], "rotations": []}}, {"index": 6, "molecule": {"qcmol": {"schema_name": "qcschema_molecule", "schema_version": 2, "validated": true, "symbols": ["C", "C", "C", "C", "C", "C", "C", "C", "O", "H", "H", "H", "H", "H", "H", "H", "H", "H", "H", "H", "H", "H", "H", "H", "H"], "geometry": [[0.0, 0.0, 0.0], [2.8886939207229623, -5.451186811383522e-16, -5.074578282552231e-16], [4.000030825375198, 2.671659901248975, 2.220446049250313e-16], [6.888563792224213, 2.791148399214042, 0.18605724668862367], [8.292935761086675, 1.7240901285275307, -2.1074554661501943], [11.158260751989413, 2.0561020644703087, -1.9127431259953127], [12.566696779127565, 0.9690237271052855, -4.202656815908627], [15.375193992714301, 1.40370936477933, -4.027173054927617], [16.926384040215783, -0.21816072208130777, -4.109086439020701], [-0.7416762547168316, 0.9564158333169793, 1.6580886762996487], [-0.74317967406882, -1.912043321744381, -0.0036460799103433805], [-0.740360262129634, 0.9609246226293082, -1.6563641608446142], [3.5700645584558863, -1.0170188905080906, 1.6524732339970538], [3.5563379170653437, -1.0432888632258188, -1.6372433404960762], [3.206286835910599, 3.7103166356742205, 1.5869550329305095], [3.3859648167702914, 3.663754722270321, -1.6951052022706494], [7.443011524138686, 4.754740552320057, 0.440759639325621], [7.501393334469314, 1.7988152757179832, 1.8807159035132153], [7.869412970817081, -0.27223877101415017, -2.33038300563976], [7.618006465090714, 2.6561231803156833, -3.8132382187268923], [11.839267584133918, 1.1407235548145305, -0.20328955416336514], [11.601683896828158, 4.055131614018802, -1.7200182637182166], [12.239609454527635, -1.043443156534551, -4.39456343368546], [11.894835388679407, 1.889923941408975, -5.91685806664292], [15.94957834383585, 3.382277524596572, -3.803726116358855]], "name": "C8H16O", "identifiers": {"molecule_hash": "dea79a527dbbd1b1571af8d5b032576871894946", "molecular_formula": "C8H16O"}, "molecular_charge": 0.0, "molecular_multiplicity": 1, "connectivity": [[0, 1, 1.0], [0, 9, 1.0], [0, 10, 1.0], [0, 11, 1.0], [1, 2, 1.0], [1, 12, 1.0], [1, 13, 1.0], [2, 3, 1.0], [2, 14, 1.0], [2, 15, 1.0], [3, 4, 1.0], [3, 16, 1.0], [3, 17, 1.0], [4, 5, 1.0], [4, 18, 1.0], [4, 19, 1.0], [5, 6, 1.0], [5, 20, 1.0], [5, 21, 1.0], [6, 7, 1.0], [6, 22, 1.0], [6, 23, 1.0], [7, 8, 2.0], [7, 24, 1.0]], "fix_com": true, "fix_orientation": true, "provenance": {"creator": "QCElemental", "version": "v0.22.0", "routine": "qcelemental.molparse.from_schema"}, "id": "122474"}, "charge": 0, "optimize_geometry": false, "conformers": [], "conformer_generation_options": {"n_conformer_pool": 4000, "n_max_conformers": 0, "rms_tolerance": 0.05, "energy_window": 15, "keep_original_conformer": true}, "stage_1_unrestrained_charges": null, "stage_1_restrained_charges": null, "stage_2_unrestrained_charges": null, "stage_2_restrained_charges": null, "keep_original_orientation": false, "reorientations": [], "translations": [], "rotations": []}}]}, "surface_constraints": {"matrix": [[805574695298682.2, 781927987920977.1, 755202637916187.9, 726973279456698.9, 706291958878737.2, 669619999548032.4, 640262856601238.8, 621243394569123.6, 606663106370734.4, 808314106932214.8, 811759794697241.1, 810216600379191.9, 779340902597988.9, 779997486981642.8, 747159513712257.1, 758632306426494.4, 720535491038506.5, 722917050636712.0, 704187041666591.6, 717726148365351.0, 670068039286846.0, 659497713607563.1, 643042050247587.6, 623811143057237.9, 615940349959270.1], [781927987920977.1, 798947318234215.2, 781065447320365.8, 755659097533283.0, 733413010645421.4, 692440843506837.9, 661767646078653.2, 639721275320915.4, 624780614743800.6, 773797254310612.0, 777556182562312.5, 776167848968821.9, 808441304977291.4, 809375805027054.6, 780122957740744.5, 781165907448370.8, 749339240885535.1, 754531674940341.6, 735087547055673.4, 743132552630245.9, 689738063093776.1, 682962832244452.2, 666410370003222.4, 644527896139777.1, 631719108388063.5], [755202637916187.9, 781065447320365.8, 801864672795189.1, 784811588403315.4, 758686215243814.8, 719371270374279.4, 690071759509729.1, 668838737180465.2, 653027679800079.5, 748957933429134.4, 747598262080479.0, 745274658846532.9, 779491111463816.6, 779855633881372.5, 812664552341226.1, 813758657038115.4, 785853736918305.5, 785485939593117.2, 761512755202638.4, 762692279303268.4, 711145667594245.6, 714965486763181.4, 696081469253014.8, 671568185295463.6, 661533680956952.9], [726973279456698.9, 755659097533283.0, 784811588403315.4, 803469620561422.2, 785192321453602.8, 757961912596295.0, 733582692476335.6, 709073367417362.5, 692643105431177.9, 721241793157044.4, 715082003566313.2, 719219296232297.5, 747607536949186.1, 758103929107005.5, 785032336469511.2, 785603515369320.6, 814869256176696.2, 815353528330997.4, 786383918416527.9, 785832532478520.4, 754927422011307.4, 752344585983322.4, 740504156488542.5, 720221380240332.9, 700124207027430.1], [706291958878737.2, 733413010645421.4, 758686215243814.8, 785192321453602.8, 804216978167331.2, 784841990388254.1, 757132547611916.9, 730014145903143.1, 717121165370799.6, 698920881452612.8, 696533485994957.0, 699492695018077.1, 728448121939634.5, 734747361850048.1, 751717644979306.4, 757713495136578.5, 784556034935187.9, 785944934922897.6, 817108793840055.4, 816354476237999.1, 785906314442732.6, 783537271031643.4, 758359029533771.1, 748453091753780.9, 715845223408143.8], [669619999548032.4, 692440843506837.9, 719371270374279.4, 757961912596295.0, 784841990388254.1, 801534987342715.1, 781625475392454.4, 756515299266119.0, 738512253675802.5, 663750150795663.8, 662963102565731.1, 661804578718858.6, 685826641454844.4, 691005003488040.9, 706261261976289.4, 717958072165043.1, 764420027154063.8, 756628487112394.6, 786783297682440.9, 786238345178889.4, 813667962197205.9, 811509307319148.0, 780506837211582.8, 779280101837211.1, 748816723978877.2], [640262856601238.8, 661767646078653.2, 690071759509729.1, 733582692476335.6, 757132547611916.9, 781625475392454.4, 799834582558612.5, 783047298919388.8, 766244516428705.4, 632796926948362.5, 636112730627608.8, 632815159924258.6, 650981084634165.0, 662658797814815.1, 674454224786281.0, 689318917789268.5, 745126129969992.9, 734128408848737.9, 754673985176621.5, 754574233304707.9, 782229837915561.0, 780122717574507.1, 811065890900600.6, 808770723406189.8, 778095457007888.6], [621243394569123.6, 639721275320915.4, 668838737180465.2, 709073367417362.5, 730014145903143.1, 756515299266119.0, 783047298919388.8, 804547585010911.4, 802273263128574.2, 614180107650033.1, 619836163540061.2, 613286466525634.9, 629517469631293.2, 637504553812440.1, 652303891353876.9, 672273645502922.4, 723236456613293.1, 706390078802399.6, 721832423662936.2, 729886663093943.6, 753184770787368.2, 755026509646440.1, 783544541808449.8, 780805127063431.4, 812813444336345.8], [606663106370734.4, 624780614743800.6, 653027679800079.5, 692643105431177.9, 717121165370799.6, 738512253675802.5, 766244516428705.4, 802273263128574.2, 829823262970366.4, 599996873179766.5, 605899054487283.4, 598150072919927.8, 616075489179504.9, 621726634873763.1, 636865597507924.2, 655800262694885.4, 704372274224596.1, 689706327993381.2, 711770541875814.2, 721235420935094.5, 735974705340405.5, 731229052876365.2, 761271442348421.5, 759591586437101.1, 793780897844672.2], [808314106932214.8, 773797254310612.0, 748957933429134.4, 721241793157044.4, 698920881452612.8, 663750150795663.8, 632796926948362.5, 614180107650033.1, 599996873179766.5, 842149333032838.1, 803495273722242.5, 802319683983232.5, 766666480923737.8, 766512562997257.6, 742704660800654.4, 751478629313750.1, 716995295151126.5, 717133375705339.5, 693418430629966.4, 711645266962894.6, 667028381791797.9, 653371134005628.9, 632493543151070.0, 618234340892479.1, 609327300078273.9], [811759794697241.1, 777556182562312.5, 747598262080479.0, 715082003566313.2, 696533485994957.0, 662963102565731.1, 636112730627608.8, 619836163540061.2, 605899054487283.4, 803495273722242.5, 849369540647499.6, 805024165023618.8, 777418347925826.0, 767650245984354.0, 738827392184204.6, 753144553512866.1, 705764604704030.8, 708957892588699.6, 695987009660560.9, 705389644848574.4, 662553471817249.8, 654261715822888.1, 639378236342613.9, 618445523884603.1, 615836748816039.8], [810216600379191.9, 776167848968821.9, 745274658846532.9, 719219296232297.5, 699492695018077.1, 661804578718858.6, 632815159924258.6, 613286466525634.9, 598150072919927.8, 802319683983232.5, 805024165023618.8, 845741839711445.4, 765826247182881.2, 777440332560142.9, 731327210296517.5, 749809628147240.5, 713509010998686.1, 715366964134285.5, 696578725623292.8, 713217962381032.0, 662866176240559.0, 649851638713136.8, 636655562998776.2, 616393789906164.4, 608369638586896.8], [779340902597988.9, 808441304977291.4, 779491111463816.6, 747607536949186.1, 728448121939634.5, 685826641454844.4, 650981084634165.0, 629517469631293.2, 616075489179504.9, 766666480923737.8, 777418347925826.0, 765826247182881.2, 847779042592596.5, 807967812810270.5, 781663625844371.9, 773140636566158.6, 735004036858935.8, 745670337484836.6, 730094142281939.8, 741834808934997.5, 684886808055248.8, 676910494698854.5, 653820336247954.5, 632109891806300.6, 620483931734000.0], [779997486981642.8, 809375805027054.6, 779855633881372.5, 758103929107005.5, 734747361850048.1, 691005003488040.9, 662658797814815.1, 637504553812440.1, 621726634873763.1, 766512562997257.6, 767650245984354.0, 777440332560142.9, 807967812810270.5, 850442594084475.6, 772228567299920.4, 773928824326001.8, 753110030901991.0, 758871702915295.2, 738696303970835.2, 743627142405087.0, 687779523672830.1, 678086791480525.4, 669451272699582.0, 647420383518868.0, 627982195625497.5], [747159513712257.1, 780122957740744.5, 812664552341226.1, 785032336469511.2, 751717644979306.4, 706261261976289.4, 674454224786281.0, 652303891353876.9, 636865597507924.2, 742704660800654.4, 738827392184204.6, 731327210296517.5, 781663625844371.9, 772228567299920.4, 853141817808640.0, 813522398142353.0, 779167245743404.8, 790168584201416.4, 758799663524418.1, 751657603693777.9, 693886162258150.1, 703856168228524.5, 682286852520001.2, 653296177962660.4, 643996980264211.1], [758632306426494.4, 781165907448370.8, 813758657038115.4, 785603515369320.6, 757713495136578.5, 717958072165043.1, 689318917789268.5, 672273645502922.4, 655800262694885.4, 751478629313750.1, 753144553512866.1, 749809628147240.5, 773140636566158.6, 773928824326001.8, 813522398142353.0, 855809900787493.8, 791406526540410.0, 773935743138581.0, 758256184260185.6, 763055426775276.6, 705417855764158.4, 717208306211852.4, 693910560318706.8, 669052887019131.9, 668186958218290.8], [720535491038506.5, 749339240885535.1, 785853736918305.5, 814869256176696.2, 784556034935187.9, 764420027154063.8, 745126129969992.9, 723236456613293.1, 704372274224596.1, 716995295151126.5, 705764604704030.8, 713509010998686.1, 735004036858935.8, 753110030901991.0, 779167245743404.8, 791406526540410.0, 855187115842159.1, 816501581931315.1, 775888789463163.6, 779079225456875.4, 760908110095287.4, 759807250525876.5, 751757409568237.0, 734202120459507.0, 718800279497325.9], [722917050636712.0, 754531674940341.6, 785485939593117.2, 815353528330997.4, 785944934922897.6, 756628487112394.6, 734128408848737.9, 706390078802399.6, 689706327993381.2, 717133375705339.5, 708957892588699.6, 715366964134285.5, 745670337484836.6, 758871702915295.2, 790168584201416.4, 773935743138581.0, 816501581931315.1, 855983335198856.1, 785952514947945.2, 780279436540970.1, 755450468324047.1, 746036798473000.1, 746357546141880.1, 719401440361989.2, 695314556122678.8], [704187041666591.6, 735087547055673.4, 761512755202638.4, 786383918416527.9, 817108793840055.4, 786783297682440.9, 754673985176621.5, 721832423662936.2, 711770541875814.2, 693418430629966.4, 695987009660560.9, 696578725623292.8, 730094142281939.8, 738696303970835.2, 758799663524418.1, 758256184260185.6, 775888789463163.6, 785952514947945.2, 859075696824173.1, 818947445291681.0, 786613461874601.4, 781197978005146.8, 756743374924181.8, 746250473329953.5, 701120927962278.8], [717726148365351.0, 743132552630245.9, 762692279303268.4, 785832532478520.4, 816354476237999.1, 786238345178889.4, 754574233304707.9, 729886663093943.6, 721235420935094.5, 711645266962894.6, 705389644848574.4, 713217962381032.0, 741834808934997.5, 743627142405087.0, 751657603693777.9, 763055426775276.6, 779079225456875.4, 780279436540970.1, 818947445291681.0, 857126688171482.8, 783035026277806.9, 783886200928265.9, 751439863860363.2, 745202975969002.0, 712936249877243.5], [670068039286846.0, 689738063093776.1, 711145667594245.6, 754927422011307.4, 785906314442732.6, 813667962197205.9, 782229837915561.0, 753184770787368.2, 735974705340405.5, 667028381791797.9, 662553471817249.8, 662866176240559.0, 684886808055248.8, 687779523672830.1, 693886162258150.1, 705417855764158.4, 760908110095287.4, 755450468324047.1, 786613461874601.4, 783035026277806.9, 854872284559929.0, 813001693055118.0, 775221975495199.1, 779434160751103.6, 741580995215986.5], [659497713607563.1, 682962832244452.2, 714965486763181.4, 752344585983322.4, 783537271031643.4, 811509307319148.0, 780122717574507.1, 755026509646440.1, 731229052876365.2, 653371134005628.9, 654261715822888.1, 649851638713136.8, 676910494698854.5, 678086791480525.4, 703856168228524.5, 717208306211852.4, 759807250525876.5, 746036798473000.1, 781197978005146.8, 783886200928265.9, 813001693055118.0, 850952428220396.1, 773053534727430.9, 774648016572654.1, 754655895487932.2], [643042050247587.6, 666410370003222.4, 696081469253014.8, 740504156488542.5, 758359029533771.1, 780506837211582.8, 811065890900600.6, 783544541808449.8, 761271442348421.5, 632493543151070.0, 639378236342613.9, 636655562998776.2, 653820336247954.5, 669451272699582.0, 682286852520001.2, 693910560318706.8, 751757409568237.0, 746357546141880.1, 756743374924181.8, 751439863860363.2, 775221975495199.1, 773053534727430.9, 852379926374418.5, 808723152568050.0, 776081368493030.6], [623811143057237.9, 644527896139777.1, 671568185295463.6, 720221380240332.9, 748453091753780.9, 779280101837211.1, 808770723406189.8, 780805127063431.4, 759591586437101.1, 618234340892479.1, 618445523884603.1, 616393789906164.4, 632109891806300.6, 647420383518868.0, 653296177962660.4, 669052887019131.9, 734202120459507.0, 719401440361989.2, 746250473329953.5, 745202975969002.0, 779434160751103.6, 774648016572654.1, 808723152568050.0, 847401136843773.4, 771692031052292.1], [615940349959270.1, 631719108388063.5, 661533680956952.9, 700124207027430.1, 715845223408143.8, 748816723978877.2, 778095457007888.6, 812813444336345.8, 793780897844672.2, 609327300078273.9, 615836748816039.8, 608369638586896.8, 620483931734000.0, 627982195625497.5, 643996980264211.1, 668186958218290.8, 718800279497325.9, 695314556122678.8, 701120927962278.8, 712936249877243.5, 741580995215986.5, 754655895487932.2, 776081368493030.6, 771692031052292.1, 852047616660218.0], [10772162866089.596, 11693972128254.645, 11932415651607.932, 12030899245258.648, 10554892353469.043, 11694420209149.709, 9444813394793.066, -279184428051.2339, -15259544411832.543, 10498403532830.98, 10113440647218.627, 10957133592745.125, 11319663850343.814, 12331652184813.084, 12065895121491.262, 11883943664253.646, 12566349204068.531, 12425963843854.316, 9957074346692.969, 8954106751893.365, 11768218776869.559, 14226871790614.545, 12465246191840.975, 11909455377291.537, 6280520599467.727]]}}