{"resp_b": 0.1, "restrained_fit": true, "exclude_hydrogens": true, "convergence_tolerance": 1e-06, "max_iter": 500, "resp_a": 0.0005, "charge_constraints": {"charge_sum_constraints": [], "charge_equivalence_constraints": [], "molecules": [{"qcmol": {"schema_name": "qcschema_molecule", "schema_version": 2, "validated": true, "symbols": ["C", "C", "C", "C", "C", "C", "C", "C", "O", "H", "H", "H", "H", "H", "H", "H", "H", "H", "H", "H", "H", "H", "H", "H", "H"], "geometry": [[0.0, 0.0, 0.0], [2.8886939207229623, -5.451186811383522e-16, -5.074578282552231e-16], [4.000030825375198, 2.671659901248975, 2.220446049250313e-16], [6.888563792224213, 2.791148399214042, 0.18605724668862367], [8.292935761086675, 1.7240901285275307, -2.1074554661501943], [11.158260751989413, 2.0561020644703087, -1.9127431259953127], [12.566696779127565, 0.9690237271052855, -4.202656815908627], [15.375193992714301, 1.40370936477933, -4.027173054927617], [16.926384040215783, -0.21816072208130777, -4.109086439020701], [-0.7416762547168316, 0.9564158333169793, 1.6580886762996487], [-0.74317967406882, -1.912043321744381, -0.0036460799103433805], [-0.740360262129634, 0.9609246226293082, -1.6563641608446142], [3.5700645584558863, -1.0170188905080906, 1.6524732339970538], [3.5563379170653437, -1.0432888632258188, -1.6372433404960762], [3.206286835910599, 3.7103166356742205, 1.5869550329305095], [3.3859648167702914, 3.663754722270321, -1.6951052022706494], [7.443011524138686, 4.754740552320057, 0.440759639325621], [7.501393334469314, 1.7988152757179832, 1.8807159035132153], [7.869412970817081, -0.27223877101415017, -2.33038300563976], [7.618006465090714, 2.6561231803156833, -3.8132382187268923], [11.839267584133918, 1.1407235548145305, -0.20328955416336514], [11.601683896828158, 4.055131614018802, -1.7200182637182166], [12.239609454527635, -1.043443156534551, -4.39456343368546], [11.894835388679407, 1.889923941408975, -5.91685806664292], [15.94957834383585, 3.382277524596572, -3.803726116358855]], "name": "C8H16O", "identifiers": {"molecule_hash": "dea79a527dbbd1b1571af8d5b032576871894946", "molecular_formula": "C8H16O"}, "molecular_charge": 0.0, "molecular_multiplicity": 1, "connectivity": [[0, 1, 1.0], [0, 9, 1.0], [0, 10, 1.0], [0, 11, 1.0], [1, 2, 1.0], [1, 12, 1.0], [1, 13, 1.0], [2, 3, 1.0], [2, 14, 1.0], [2, 15, 1.0], [3, 4, 1.0], [3, 16, 1.0], [3, 17, 1.0], [4, 5, 1.0], [4, 18, 1.0], [4, 19, 1.0], [5, 6, 1.0], [5, 20, 1.0], [5, 21, 1.0], [6, 7, 1.0], [6, 22, 1.0], [6, 23, 1.0], [7, 8, 2.0], [7, 24, 1.0]], "fix_com": true, "fix_orientation": true, "provenance": {"creator": "QCElemental", "version": "v0.22.0", "routine": "qcelemental.molparse.from_schema"}, "id": "122474"}, "charge": 0, "optimize_geometry": false, "conformers": [], "conformer_generation_options": {"n_conformer_pool": 4000, "n_max_conformers": 0, "rms_tolerance": 0.05, "energy_window": 15, "keep_original_conformer": true}, "stage_1_unrestrained_charges": null, "stage_1_restrained_charges": null, "stage_2_unrestrained_charges": null, "stage_2_restrained_charges": null, "keep_original_orientation": false, "reorientations": [], "translations": [], "rotations": []}], "unconstrained_atoms": [{"index": 0, "molecule": {"qcmol": {"schema_name": "qcschema_molecule", "schema_version": 2, "validated": true, "symbols": ["C", "C", "C", "C", "C", "C", "C", "C", "O", "H", "H", "H", "H", "H", "H", "H", "H", "H", "H", "H", "H", "H", "H", "H", "H"], "geometry": [[0.0, 0.0, 0.0], [2.8886939207229623, -5.451186811383522e-16, -5.074578282552231e-16], [4.000030825375198, 2.671659901248975, 2.220446049250313e-16], [6.888563792224213, 2.791148399214042, 0.18605724668862367], [8.292935761086675, 1.7240901285275307, -2.1074554661501943], [11.158260751989413, 2.0561020644703087, -1.9127431259953127], [12.566696779127565, 0.9690237271052855, -4.202656815908627], [15.375193992714301, 1.40370936477933, -4.027173054927617], [16.926384040215783, -0.21816072208130777, -4.109086439020701], [-0.7416762547168316, 0.9564158333169793, 1.6580886762996487], [-0.74317967406882, -1.912043321744381, -0.0036460799103433805], [-0.740360262129634, 0.9609246226293082, -1.6563641608446142], [3.5700645584558863, -1.0170188905080906, 1.6524732339970538], [3.5563379170653437, -1.0432888632258188, -1.6372433404960762], [3.206286835910599, 3.7103166356742205, 1.5869550329305095], [3.3859648167702914, 3.663754722270321, -1.6951052022706494], [7.443011524138686, 4.754740552320057, 0.440759639325621], [7.501393334469314, 1.7988152757179832, 1.8807159035132153], [7.869412970817081, -0.27223877101415017, -2.33038300563976], [7.618006465090714, 2.6561231803156833, -3.8132382187268923], [11.839267584133918, 1.1407235548145305, -0.20328955416336514], [11.601683896828158, 4.055131614018802, -1.7200182637182166], [12.239609454527635, -1.043443156534551, -4.39456343368546], [11.894835388679407, 1.889923941408975, -5.91685806664292], [15.94957834383585, 3.382277524596572, -3.803726116358855]], "name": "C8H16O", "identifiers": {"molecule_hash": "dea79a527dbbd1b1571af8d5b032576871894946", "molecular_formula": "C8H16O"}, "molecular_charge": 0.0, "molecular_multiplicity": 1, "connectivity": [[0, 1, 1.0], [0, 9, 1.0], [0, 10, 1.0], [0, 11, 1.0], [1, 2, 1.0], [1, 12, 1.0], [1, 13, 1.0], [2, 3, 1.0], [2, 14, 1.0], [2, 15, 1.0], [3, 4, 1.0], [3, 16, 1.0], [3, 17, 1.0], [4, 5, 1.0], [4, 18, 1.0], [4, 19, 1.0], [5, 6, 1.0], [5, 20, 1.0], [5, 21, 1.0], [6, 7, 1.0], [6, 22, 1.0], [6, 23, 1.0], [7, 8, 2.0], [7, 24, 1.0]], "fix_com": true, "fix_orientation": true, "provenance": {"creator": "QCElemental", "version": "v0.22.0", "routine": "qcelemental.molparse.from_schema"}, "id": "122474"}, "charge": 0, "optimize_geometry": false, "conformers": [], "conformer_generation_options": {"n_conformer_pool": 4000, "n_max_conformers": 0, "rms_tolerance": 0.05, "energy_window": 15, "keep_original_conformer": true}, "stage_1_unrestrained_charges": null, "stage_1_restrained_charges": null, "stage_2_unrestrained_charges": null, "stage_2_restrained_charges": null, "keep_original_orientation": false, "reorientations": [], "translations": [], "rotations": []}}, {"index": 1, "molecule": {"qcmol": {"schema_name": "qcschema_molecule", "schema_version": 2, "validated": true, "symbols": ["C", "C", "C", "C", "C", "C", "C", "C", "O", "H", "H", "H", "H", "H", "H", "H", "H", "H", "H", "H", "H", "H", "H", "H", "H"], "geometry": [[0.0, 0.0, 0.0], [2.8886939207229623, -5.451186811383522e-16, -5.074578282552231e-16], [4.000030825375198, 2.671659901248975, 2.220446049250313e-16], [6.888563792224213, 2.791148399214042, 0.18605724668862367], [8.292935761086675, 1.7240901285275307, -2.1074554661501943], [11.158260751989413, 2.0561020644703087, -1.9127431259953127], [12.566696779127565, 0.9690237271052855, -4.202656815908627], [15.375193992714301, 1.40370936477933, -4.027173054927617], [16.926384040215783, -0.21816072208130777, -4.109086439020701], [-0.7416762547168316, 0.9564158333169793, 1.6580886762996487], [-0.74317967406882, -1.912043321744381, -0.0036460799103433805], [-0.740360262129634, 0.9609246226293082, -1.6563641608446142], [3.5700645584558863, -1.0170188905080906, 1.6524732339970538], [3.5563379170653437, -1.0432888632258188, -1.6372433404960762], [3.206286835910599, 3.7103166356742205, 1.5869550329305095], [3.3859648167702914, 3.663754722270321, -1.6951052022706494], [7.443011524138686, 4.754740552320057, 0.440759639325621], [7.501393334469314, 1.7988152757179832, 1.8807159035132153], [7.869412970817081, -0.27223877101415017, -2.33038300563976], [7.618006465090714, 2.6561231803156833, -3.8132382187268923], [11.839267584133918, 1.1407235548145305, -0.20328955416336514], [11.601683896828158, 4.055131614018802, -1.7200182637182166], [12.239609454527635, -1.043443156534551, -4.39456343368546], [11.894835388679407, 1.889923941408975, -5.91685806664292], [15.94957834383585, 3.382277524596572, -3.803726116358855]], "name": "C8H16O", "identifiers": {"molecule_hash": "dea79a527dbbd1b1571af8d5b032576871894946", "molecular_formula": "C8H16O"}, "molecular_charge": 0.0, "molecular_multiplicity": 1, "connectivity": [[0, 1, 1.0], [0, 9, 1.0], [0, 10, 1.0], [0, 11, 1.0], [1, 2, 1.0], [1, 12, 1.0], [1, 13, 1.0], [2, 3, 1.0], [2, 14, 1.0], [2, 15, 1.0], [3, 4, 1.0], [3, 16, 1.0], [3, 17, 1.0], [4, 5, 1.0], [4, 18, 1.0], [4, 19, 1.0], [5, 6, 1.0], [5, 20, 1.0], [5, 21, 1.0], [6, 7, 1.0], [6, 22, 1.0], [6, 23, 1.0], [7, 8, 2.0], [7, 24, 1.0]], "fix_com": true, "fix_orientation": true, "provenance": {"creator": "QCElemental", "version": "v0.22.0", "routine": "qcelemental.molparse.from_schema"}, "id": "122474"}, "charge": 0, "optimize_geometry": false, "conformers": [], "conformer_generation_options": {"n_conformer_pool": 4000, "n_max_conformers": 0, "rms_tolerance": 0.05, "energy_window": 15, "keep_original_conformer": true}, "stage_1_unrestrained_charges": null, "stage_1_restrained_charges": null, "stage_2_unrestrained_charges": null, "stage_2_restrained_charges": null, "keep_original_orientation": false, "reorientations": [], "translations": [], "rotations": []}}, {"index": 2, "molecule": {"qcmol": {"schema_name": "qcschema_molecule", "schema_version": 2, "validated": true, "symbols": ["C", "C", "C", "C", "C", "C", "C", "C", "O", "H", "H", "H", "H", "H", "H", "H", "H", "H", "H", "H", "H", "H", "H", "H", "H"], "geometry": [[0.0, 0.0, 0.0], [2.8886939207229623, -5.451186811383522e-16, -5.074578282552231e-16], [4.000030825375198, 2.671659901248975, 2.220446049250313e-16], [6.888563792224213, 2.791148399214042, 0.18605724668862367], [8.292935761086675, 1.7240901285275307, -2.1074554661501943], [11.158260751989413, 2.0561020644703087, -1.9127431259953127], [12.566696779127565, 0.9690237271052855, -4.202656815908627], [15.375193992714301, 1.40370936477933, -4.027173054927617], [16.926384040215783, -0.21816072208130777, -4.109086439020701], [-0.7416762547168316, 0.9564158333169793, 1.6580886762996487], [-0.74317967406882, -1.912043321744381, -0.0036460799103433805], [-0.740360262129634, 0.9609246226293082, -1.6563641608446142], [3.5700645584558863, -1.0170188905080906, 1.6524732339970538], [3.5563379170653437, -1.0432888632258188, -1.6372433404960762], [3.206286835910599, 3.7103166356742205, 1.5869550329305095], [3.3859648167702914, 3.663754722270321, -1.6951052022706494], [7.443011524138686, 4.754740552320057, 0.440759639325621], [7.501393334469314, 1.7988152757179832, 1.8807159035132153], [7.869412970817081, -0.27223877101415017, -2.33038300563976], [7.618006465090714, 2.6561231803156833, -3.8132382187268923], [11.839267584133918, 1.1407235548145305, -0.20328955416336514], [11.601683896828158, 4.055131614018802, -1.7200182637182166], [12.239609454527635, -1.043443156534551, -4.39456343368546], [11.894835388679407, 1.889923941408975, -5.91685806664292], [15.94957834383585, 3.382277524596572, -3.803726116358855]], "name": "C8H16O", "identifiers": {"molecule_hash": "dea79a527dbbd1b1571af8d5b032576871894946", "molecular_formula": "C8H16O"}, "molecular_charge": 0.0, "molecular_multiplicity": 1, "connectivity": [[0, 1, 1.0], [0, 9, 1.0], [0, 10, 1.0], [0, 11, 1.0], [1, 2, 1.0], [1, 12, 1.0], [1, 13, 1.0], [2, 3, 1.0], [2, 14, 1.0], [2, 15, 1.0], [3, 4, 1.0], [3, 16, 1.0], [3, 17, 1.0], [4, 5, 1.0], [4, 18, 1.0], [4, 19, 1.0], [5, 6, 1.0], [5, 20, 1.0], [5, 21, 1.0], [6, 7, 1.0], [6, 22, 1.0], [6, 23, 1.0], [7, 8, 2.0], [7, 24, 1.0]], "fix_com": true, "fix_orientation": true, "provenance": {"creator": "QCElemental", "version": "v0.22.0", "routine": "qcelemental.molparse.from_schema"}, "id": "122474"}, "charge": 0, "optimize_geometry": false, "conformers": [], "conformer_generation_options": {"n_conformer_pool": 4000, "n_max_conformers": 0, "rms_tolerance": 0.05, "energy_window": 15, "keep_original_conformer": true}, "stage_1_unrestrained_charges": null, "stage_1_restrained_charges": null, "stage_2_unrestrained_charges": null, "stage_2_restrained_charges": null, "keep_original_orientation": false, "reorientations": [], "translations": [], "rotations": []}}, {"index": 3, "molecule": {"qcmol": {"schema_name": "qcschema_molecule", "schema_version": 2, "validated": true, "symbols": ["C", "C", "C", "C", "C", "C", "C", "C", "O", "H", "H", "H", "H", "H", "H", "H", "H", "H", "H", "H", "H", "H", "H", "H", "H"], "geometry": [[0.0, 0.0, 0.0], [2.8886939207229623, -5.451186811383522e-16, -5.074578282552231e-16], [4.000030825375198, 2.671659901248975, 2.220446049250313e-16], [6.888563792224213, 2.791148399214042, 0.18605724668862367], [8.292935761086675, 1.7240901285275307, -2.1074554661501943], [11.158260751989413, 2.0561020644703087, -1.9127431259953127], [12.566696779127565, 0.9690237271052855, -4.202656815908627], [15.375193992714301, 1.40370936477933, -4.027173054927617], [16.926384040215783, -0.21816072208130777, -4.109086439020701], [-0.7416762547168316, 0.9564158333169793, 1.6580886762996487], [-0.74317967406882, -1.912043321744381, -0.0036460799103433805], [-0.740360262129634, 0.9609246226293082, -1.6563641608446142], [3.5700645584558863, -1.0170188905080906, 1.6524732339970538], [3.5563379170653437, -1.0432888632258188, -1.6372433404960762], [3.206286835910599, 3.7103166356742205, 1.5869550329305095], [3.3859648167702914, 3.663754722270321, -1.6951052022706494], [7.443011524138686, 4.754740552320057, 0.440759639325621], [7.501393334469314, 1.7988152757179832, 1.8807159035132153], [7.869412970817081, -0.27223877101415017, -2.33038300563976], [7.618006465090714, 2.6561231803156833, -3.8132382187268923], [11.839267584133918, 1.1407235548145305, -0.20328955416336514], [11.601683896828158, 4.055131614018802, -1.7200182637182166], [12.239609454527635, -1.043443156534551, -4.39456343368546], [11.894835388679407, 1.889923941408975, -5.91685806664292], [15.94957834383585, 3.382277524596572, -3.803726116358855]], "name": "C8H16O", "identifiers": {"molecule_hash": "dea79a527dbbd1b1571af8d5b032576871894946", "molecular_formula": "C8H16O"}, "molecular_charge": 0.0, "molecular_multiplicity": 1, "connectivity": [[0, 1, 1.0], [0, 9, 1.0], [0, 10, 1.0], [0, 11, 1.0], [1, 2, 1.0], [1, 12, 1.0], [1, 13, 1.0], [2, 3, 1.0], [2, 14, 1.0], [2, 15, 1.0], [3, 4, 1.0], [3, 16, 1.0], [3, 17, 1.0], [4, 5, 1.0], [4, 18, 1.0], [4, 19, 1.0], [5, 6, 1.0], [5, 20, 1.0], [5, 21, 1.0], [6, 7, 1.0], [6, 22, 1.0], [6, 23, 1.0], [7, 8, 2.0], [7, 24, 1.0]], "fix_com": true, "fix_orientation": true, "provenance": {"creator": "QCElemental", "version": "v0.22.0", "routine": "qcelemental.molparse.from_schema"}, "id": "122474"}, "charge": 0, "optimize_geometry": false, "conformers": [], "conformer_generation_options": {"n_conformer_pool": 4000, "n_max_conformers": 0, "rms_tolerance": 0.05, "energy_window": 15, "keep_original_conformer": true}, "stage_1_unrestrained_charges": null, "stage_1_restrained_charges": null, "stage_2_unrestrained_charges": null, "stage_2_restrained_charges": null, "keep_original_orientation": false, "reorientations": [], "translations": [], "rotations": []}}, {"index": 4, "molecule": {"qcmol": {"schema_name": "qcschema_molecule", "schema_version": 2, "validated": true, "symbols": ["C", "C", "C", "C", "C", "C", "C", "C", "O", "H", "H", "H", "H", "H", "H", "H", "H", "H", "H", "H", "H", "H", "H", "H", "H"], "geometry": [[0.0, 0.0, 0.0], [2.8886939207229623, -5.451186811383522e-16, -5.074578282552231e-16], [4.000030825375198, 2.671659901248975, 2.220446049250313e-16], [6.888563792224213, 2.791148399214042, 0.18605724668862367], [8.292935761086675, 1.7240901285275307, -2.1074554661501943], [11.158260751989413, 2.0561020644703087, -1.9127431259953127], [12.566696779127565, 0.9690237271052855, -4.202656815908627], [15.375193992714301, 1.40370936477933, -4.027173054927617], [16.926384040215783, -0.21816072208130777, -4.109086439020701], [-0.7416762547168316, 0.9564158333169793, 1.6580886762996487], [-0.74317967406882, -1.912043321744381, -0.0036460799103433805], [-0.740360262129634, 0.9609246226293082, -1.6563641608446142], [3.5700645584558863, -1.0170188905080906, 1.6524732339970538], [3.5563379170653437, -1.0432888632258188, -1.6372433404960762], [3.206286835910599, 3.7103166356742205, 1.5869550329305095], [3.3859648167702914, 3.663754722270321, -1.6951052022706494], [7.443011524138686, 4.754740552320057, 0.440759639325621], [7.501393334469314, 1.7988152757179832, 1.8807159035132153], [7.869412970817081, -0.27223877101415017, -2.33038300563976], [7.618006465090714, 2.6561231803156833, -3.8132382187268923], [11.839267584133918, 1.1407235548145305, -0.20328955416336514], [11.601683896828158, 4.055131614018802, -1.7200182637182166], [12.239609454527635, -1.043443156534551, -4.39456343368546], [11.894835388679407, 1.889923941408975, -5.91685806664292], [15.94957834383585, 3.382277524596572, -3.803726116358855]], "name": "C8H16O", "identifiers": {"molecule_hash": "dea79a527dbbd1b1571af8d5b032576871894946", "molecular_formula": "C8H16O"}, "molecular_charge": 0.0, "molecular_multiplicity": 1, "connectivity": [[0, 1, 1.0], [0, 9, 1.0], [0, 10, 1.0], [0, 11, 1.0], [1, 2, 1.0], [1, 12, 1.0], [1, 13, 1.0], [2, 3, 1.0], [2, 14, 1.0], [2, 15, 1.0], [3, 4, 1.0], [3, 16, 1.0], [3, 17, 1.0], [4, 5, 1.0], [4, 18, 1.0], [4, 19, 1.0], [5, 6, 1.0], [5, 20, 1.0], [5, 21, 1.0], [6, 7, 1.0], [6, 22, 1.0], [6, 23, 1.0], [7, 8, 2.0], [7, 24, 1.0]], "fix_com": true, "fix_orientation": true, "provenance": {"creator": "QCElemental", "version": "v0.22.0", "routine": "qcelemental.molparse.from_schema"}, "id": "122474"}, "charge": 0, "optimize_geometry": false, "conformers": [], "conformer_generation_options": {"n_conformer_pool": 4000, "n_max_conformers": 0, "rms_tolerance": 0.05, "energy_window": 15, "keep_original_conformer": true}, "stage_1_unrestrained_charges": null, "stage_1_restrained_charges": null, "stage_2_unrestrained_charges": null, "stage_2_restrained_charges": null, "keep_original_orientation": false, "reorientations": [], "translations": [], "rotations": []}}, {"index": 5, "molecule": {"qcmol": {"schema_name": "qcschema_molecule", "schema_version": 2, "validated": true, "symbols": ["C", "C", "C", "C", "C", "C", "C", "C", "O", "H", "H", "H", "H", "H", "H", "H", "H", "H", "H", "H", "H", "H", "H", "H", "H"], "geometry": [[0.0, 0.0, 0.0], [2.8886939207229623, -5.451186811383522e-16, -5.074578282552231e-16], [4.000030825375198, 2.671659901248975, 2.220446049250313e-16], [6.888563792224213, 2.791148399214042, 0.18605724668862367], [8.292935761086675, 1.7240901285275307, -2.1074554661501943], [11.158260751989413, 2.0561020644703087, -1.9127431259953127], [12.566696779127565, 0.9690237271052855, -4.202656815908627], [15.375193992714301, 1.40370936477933, -4.027173054927617], [16.926384040215783, -0.21816072208130777, -4.109086439020701], [-0.7416762547168316, 0.9564158333169793, 1.6580886762996487], [-0.74317967406882, -1.912043321744381, -0.0036460799103433805], [-0.740360262129634, 0.9609246226293082, -1.6563641608446142], [3.5700645584558863, -1.0170188905080906, 1.6524732339970538], [3.5563379170653437, -1.0432888632258188, -1.6372433404960762], [3.206286835910599, 3.7103166356742205, 1.5869550329305095], [3.3859648167702914, 3.663754722270321, -1.6951052022706494], [7.443011524138686, 4.754740552320057, 0.440759639325621], [7.501393334469314, 1.7988152757179832, 1.8807159035132153], [7.869412970817081, -0.27223877101415017, -2.33038300563976], [7.618006465090714, 2.6561231803156833, -3.8132382187268923], [11.839267584133918, 1.1407235548145305, -0.20328955416336514], [11.601683896828158, 4.055131614018802, -1.7200182637182166], [12.239609454527635, -1.043443156534551, -4.39456343368546], [11.894835388679407, 1.889923941408975, -5.91685806664292], [15.94957834383585, 3.382277524596572, -3.803726116358855]], "name": "C8H16O", "identifiers": {"molecule_hash": "dea79a527dbbd1b1571af8d5b032576871894946", "molecular_formula": "C8H16O"}, "molecular_charge": 0.0, "molecular_multiplicity": 1, "connectivity": [[0, 1, 1.0], [0, 9, 1.0], [0, 10, 1.0], [0, 11, 1.0], [1, 2, 1.0], [1, 12, 1.0], [1, 13, 1.0], [2, 3, 1.0], [2, 14, 1.0], [2, 15, 1.0], [3, 4, 1.0], [3, 16, 1.0], [3, 17, 1.0], [4, 5, 1.0], [4, 18, 1.0], [4, 19, 1.0], [5, 6, 1.0], [5, 20, 1.0], [5, 21, 1.0], [6, 7, 1.0], [6, 22, 1.0], [6, 23, 1.0], [7, 8, 2.0], [7, 24, 1.0]], "fix_com": true, "fix_orientation": true, "provenance": {"creator": "QCElemental", "version": "v0.22.0", "routine": "qcelemental.molparse.from_schema"}, "id": "122474"}, "charge": 0, "optimize_geometry": false, "conformers": [], "conformer_generation_options": {"n_conformer_pool": 4000, "n_max_conformers": 0, "rms_tolerance": 0.05, "energy_window": 15, "keep_original_conformer": true}, "stage_1_unrestrained_charges": null, "stage_1_restrained_charges": null, "stage_2_unrestrained_charges": null, "stage_2_restrained_charges": null, "keep_original_orientation": false, "reorientations": [], "translations": [], "rotations": []}}, {"index": 6, "molecule": {"qcmol": {"schema_name": "qcschema_molecule", "schema_version": 2, "validated": true, "symbols": ["C", "C", "C", "C", "C", "C", "C", "C", "O", "H", "H", "H", "H", "H", "H", "H", "H", "H", "H", "H", "H", "H", "H", "H", "H"], "geometry": [[0.0, 0.0, 0.0], [2.8886939207229623, -5.451186811383522e-16, -5.074578282552231e-16], [4.000030825375198, 2.671659901248975, 2.220446049250313e-16], [6.888563792224213, 2.791148399214042, 0.18605724668862367], [8.292935761086675, 1.7240901285275307, -2.1074554661501943], [11.158260751989413, 2.0561020644703087, -1.9127431259953127], [12.566696779127565, 0.9690237271052855, -4.202656815908627], [15.375193992714301, 1.40370936477933, -4.027173054927617], [16.926384040215783, -0.21816072208130777, -4.109086439020701], [-0.7416762547168316, 0.9564158333169793, 1.6580886762996487], [-0.74317967406882, -1.912043321744381, -0.0036460799103433805], [-0.740360262129634, 0.9609246226293082, -1.6563641608446142], [3.5700645584558863, -1.0170188905080906, 1.6524732339970538], [3.5563379170653437, -1.0432888632258188, -1.6372433404960762], [3.206286835910599, 3.7103166356742205, 1.5869550329305095], [3.3859648167702914, 3.663754722270321, -1.6951052022706494], [7.443011524138686, 4.754740552320057, 0.440759639325621], [7.501393334469314, 1.7988152757179832, 1.8807159035132153], [7.869412970817081, -0.27223877101415017, -2.33038300563976], [7.618006465090714, 2.6561231803156833, -3.8132382187268923], [11.839267584133918, 1.1407235548145305, -0.20328955416336514], [11.601683896828158, 4.055131614018802, -1.7200182637182166], [12.239609454527635, -1.043443156534551, -4.39456343368546], [11.894835388679407, 1.889923941408975, -5.91685806664292], [15.94957834383585, 3.382277524596572, -3.803726116358855]], "name": "C8H16O", "identifiers": {"molecule_hash": "dea79a527dbbd1b1571af8d5b032576871894946", "molecular_formula": "C8H16O"}, "molecular_charge": 0.0, "molecular_multiplicity": 1, "connectivity": [[0, 1, 1.0], [0, 9, 1.0], [0, 10, 1.0], [0, 11, 1.0], [1, 2, 1.0], [1, 12, 1.0], [1, 13, 1.0], [2, 3, 1.0], [2, 14, 1.0], [2, 15, 1.0], [3, 4, 1.0], [3, 16, 1.0], [3, 17, 1.0], [4, 5, 1.0], [4, 18, 1.0], [4, 19, 1.0], [5, 6, 1.0], [5, 20, 1.0], [5, 21, 1.0], [6, 7, 1.0], [6, 22, 1.0], [6, 23, 1.0], [7, 8, 2.0], [7, 24, 1.0]], "fix_com": true, "fix_orientation": true, "provenance": {"creator": "QCElemental", "version": "v0.22.0", "routine": "qcelemental.molparse.from_schema"}, "id": "122474"}, "charge": 0, "optimize_geometry": false, "conformers": [], "conformer_generation_options": {"n_conformer_pool": 4000, "n_max_conformers": 0, "rms_tolerance": 0.05, "energy_window": 15, "keep_original_conformer": true}, "stage_1_unrestrained_charges": null, "stage_1_restrained_charges": null, "stage_2_unrestrained_charges": null, "stage_2_restrained_charges": null, "keep_original_orientation": false, "reorientations": [], "translations": [], "rotations": []}}]}, "surface_constraints": {"matrix": [[330758550121592.94, 320485835668469.7, 308609191193475.94, 296094287566489.9, 286831205997524.6, 270931299158423.44, 258219288143135.16, 249586382565299.78, 242613997708347.97, 331381563335386.25, 332755678530768.94, 332048748304004.2, 318989601121030.0, 319149905172664.94, 304906029668990.06, 309700749165773.2, 293049281234143.7, 294132189853813.9, 285641624984381.75, 291393759083638.9, 270653050941763.75, 266582767887069.9, 259193638455182.56, 251107267509542.44, 246924470950924.0], [320485835668469.7, 328274746287414.94, 320214792251084.2, 308880840437961.0, 298850851938486.9, 281029469864670.88, 267707144231816.56, 257742096166114.3, 250555136448733.22, 316441145901156.8, 317978759634502.8, 317301031730614.8, 332036584363923.6, 332278781785069.2, 319471919314729.8, 319831829399566.44, 305838882755663.2, 308151154143028.94, 299177429215212.25, 302701725052227.25, 279403018876780.78, 276867141229196.28, 269405315139523.84, 260267395714976.56, 253905184940153.22], [308609191193475.94, 320214792251084.2, 329432728223284.56, 321828459813170.2, 309887937824838.0, 292674385465445.25, 279922810077126.1, 270214923914275.03, 262556164430544.1, 305529553504679.06, 304786411839670.56, 303719065743600.7, 319128466758184.9, 319173984511117.9, 333789377222968.8, 334139869745541.6, 322007470876069.56, 321921564627723.75, 310598308056182.06, 311217632009670.0, 288626322595935.5, 290568575339166.1, 282214148883711.0, 271897924933335.03, 266581212774162.84], [296094287566489.9, 308880840437961.0, 321828459813170.2, 330092501364115.0, 321624827978770.9, 309446776297590.44, 298741511373618.75, 287561824006732.5, 279538039303382.53, 293317148682946.56, 290539739858137.06, 292206539284504.6, 305076500243492.75, 309487522655796.56, 321648547728621.0, 321730360524189.9, 334718143113319.6, 335070453100281.2, 321630162300771.8, 321524000170925.2, 307442240316130.44, 306712486162950.8, 301364525791503.1, 292781079673420.75, 283055324235570.2], [286831205997524.6, 298850851938486.9, 309887937824838.0, 321624827978770.9, 329782955047612.9, 321064438959280.25, 308824148750571.94, 296420502585033.44, 289797363105750.5, 283421097936558.44, 282250232418117.25, 283424466732650.6, 296455157928644.4, 299091405933081.2, 306564482160104.56, 309009916492583.06, 321058828510139.06, 321742691270473.4, 334849908820575.6, 334695925228985.4, 320817639859564.1, 320103463276824.56, 308965249141976.3, 304778310688561.6, 289630747869481.4], [270931299158423.44, 281029469864670.88, 292674385465445.25, 309446776297590.44, 321064438959280.25, 328269968190920.1, 319473444736228.44, 307813072301722.06, 298868126590454.3, 268234245745663.0, 267738483136157.0, 267136397701405.66, 278000040874476.47, 280177227570215.62, 286843589591218.25, 291719956767278.4, 311892166966191.7, 308691462643339.3, 321454104070921.75, 321333150776713.75, 332795527982125.6, 332147907541720.56, 318558092185551.2, 318116887018245.0, 303626503478233.06], [258219288143135.16, 267707144231816.56, 279922810077126.1, 298741511373618.75, 308824148750571.94, 319473444736228.44, 327685181030584.8, 319688747678005.2, 311011650703738.25, 254878166953673.72, 256119564596212.12, 254643564965815.72, 262956072378786.22, 267842244966712.53, 273085090112237.22, 279325151027202.5, 303420084213828.25, 298831795212905.5, 307286408902068.7, 307406184104857.1, 318996883241446.0, 318353786411237.1, 332094884847524.7, 331179531254594.6, 316490625833319.56], [249586382565299.78, 257742096166114.3, 270214923914275.03, 287561824006732.5, 296420502585033.44, 307813072301722.06, 319688747678005.2, 328910442329236.6, 326554066277179.4, 246436764549459.0, 248643668541469.62, 245853461935100.28, 253260511461568.8, 256608358017876.94, 263047243325483.06, 271361142074892.62, 293341935690259.75, 286390878156305.06, 292484476549523.6, 296101664786394.94, 305681249725303.3, 306695193257933.44, 319412650796648.94, 318203186304496.7, 331252203640866.1], [242613997708347.97, 250555136448733.22, 262556164430544.1, 279538039303382.53, 289797363105750.5, 298868126590454.3, 311011650703738.25, 326554066277179.4, 337620439603968.2, 239653875227165.53, 241941427931762.9, 238710695204316.38, 246727039527273.34, 249102418827197.16, 255618881792998.7, 263378485333924.28, 284300335874635.0, 278325535822510.28, 287059229294046.75, 291342527262286.9, 297123816914406.3, 295370025515363.2, 308388936873155.3, 307607315781617.1, 321601154388341.2], [331381563335386.25, 316441145901156.8, 305529553504679.06, 293317148682946.56, 283421097936558.44, 268234245745663.0, 254878166953673.72, 246436764549459.0, 239653875227165.53, 345521107195911.4, 328543229571693.7, 328058319190754.0, 312993677292144.44, 312847147953538.1, 302652198969713.3, 306234937056447.1, 291228227992768.7, 291355911055133.6, 280810493900261.75, 288530129753692.25, 269152569324752.8, 263815074148014.94, 254588476201529.56, 248564174673593.3, 243987426892844.3], [332755678530768.94, 317978759634502.8, 304786411839670.56, 290539739858137.06, 282250232418117.25, 267738483136157.0, 256119564596212.12, 248643668541469.62, 241941427931762.9, 328543229571693.7, 348380584314720.56, 329080610496511.3, 317550127429023.75, 313273004815128.56, 300814234696811.25, 306774990006969.06, 286314560748023.56, 287741283249784.8, 281768994520576.2, 285690072730062.75, 267127005216403.0, 264016718331294.97, 257289949068982.2, 248533373205540.2, 246527585301877.28], [332048748304004.2, 317301031730614.8, 303719065743600.7, 292206539284504.6, 283424466732650.6, 267136397701405.66, 254643564965815.72, 245853461935100.28, 238710695204316.38, 328058319190754.0, 329080610496511.3, 346686631651345.44, 312520344948628.94, 317339425908665.8, 297528376954412.0, 305321296328314.94, 289483561206127.25, 290324807195024.1, 281919482806212.6, 288966172371348.6, 267097567996630.47, 262040145739238.47, 256080956644045.5, 247557268774743.56, 243363263287785.8], [318989601121030.0, 332036584363923.6, 319128466758184.9, 305076500243492.75, 296455157928644.4, 278000040874476.47, 262956072378786.22, 253260511461568.8, 246727039527273.34, 312993677292144.44, 317550127429023.75, 312520344948628.94, 348617153689776.75, 331340340619796.9, 319685372136853.6, 315956941407466.56, 299393509955050.7, 303991122705710.94, 296775034929178.9, 301886545278132.2, 277138455138079.03, 274090166704798.88, 263897400761376.56, 254886965785234.94, 249031683744836.06], [319149905172664.94, 332278781785069.2, 319173984511117.9, 309487522655796.56, 299091405933081.2, 280177227570215.62, 267842244966712.53, 256608358017876.94, 249102418827197.16, 312847147953538.1, 313273004815128.56, 317339425908665.8, 331340340619796.9, 349436158931493.56, 315545452685396.3, 316245231492599.25, 306975832228813.9, 309557959398303.8, 300392221553521.0, 302609857864181.8, 278372067147195.7, 274594638088309.56, 270391156960995.28, 261272384799002.22, 252156401811035.56], [304906029668990.06, 319471919314729.8, 333789377222968.8, 321648547728621.0, 306564482160104.56, 286843589591218.25, 273085090112237.22, 263047243325483.06, 255618881792998.7, 302652198969713.3, 300814234696811.25, 297528376954412.0, 319685372136853.6, 315545452685396.3, 350831332126205.0, 333708983113263.25, 318893696841286.56, 323711364310835.06, 309052001907591.44, 306124007371562.75, 281133446820068.72, 285579904024716.9, 276162606107725.56, 263994242007699.4, 259052927584225.72], [309700749165773.2, 319831829399566.44, 334139869745541.6, 321730360524189.9, 309009916492583.06, 291719956767278.4, 279325151027202.5, 271361142074892.62, 263378485333924.28, 306234937056447.1, 306774990006969.06, 305321296328314.94, 315956941407466.56, 316245231492599.25, 333708983113263.25, 351806839870595.6, 324037492318548.75, 316512546540210.06, 308700868118718.7, 310869254570352.0, 285865890168666.5, 291190219257419.06, 281069298469037.3, 270594662286356.88, 269108108592290.34], [293049281234143.7, 305838882755663.2, 322007470876069.56, 334718143113319.6, 321058828510139.06, 311892166966191.7, 303420084213828.25, 293341935690259.75, 284300335874635.0, 291228227992768.7, 286314560748023.56, 289483561206127.25, 299393509955050.7, 306975832228813.9, 318893696841286.56, 324037492318548.75, 351724751700512.6, 335249911969118.5, 316848599537351.6, 318415885606147.3, 309623275087241.06, 309576120051861.75, 305908521682132.5, 298539945191267.44, 290664213552107.4], [294132189853813.9, 308151154143028.94, 321921564627723.75, 335070453100281.2, 321742691270473.4, 308691462643339.3, 298831795212905.5, 286390878156305.06, 278325535822510.28, 291355911055133.6, 287741283249784.8, 290324807195024.1, 303991122705710.94, 309557959398303.8, 323711364310835.06, 316512546540210.06, 335249911969118.5, 352469713922346.0, 321289882235651.5, 318869202856151.44, 307463199634438.06, 303848099344977.6, 303699706127907.4, 292264820941246.4, 281006840145977.34], [285641624984381.75, 299177429215212.25, 310598308056182.06, 321630162300771.8, 334849908820575.6, 321454104070921.75, 307286408902068.7, 292484476549523.6, 287059229294046.75, 280810493900261.75, 281768994520576.2, 281919482806212.6, 296775034929178.9, 300392221553521.0, 309052001907591.44, 308700868118718.7, 316848599537351.6, 321289882235651.5, 352427602384466.4, 335222155179010.56, 320746124656664.6, 318681336101970.56, 307773698511167.25, 303374674476124.3, 283090308910196.2], [291393759083638.9, 302701725052227.25, 311217632009670.0, 321524000170925.2, 334695925228985.4, 321333150776713.75, 307406184104857.1, 296101664786394.94, 291342527262286.9, 288530129753692.25, 285690072730062.75, 288966172371348.6, 301886545278132.2, 302609857864181.8, 306124007371562.75, 310869254570352.0, 318415885606147.3, 318869202856151.44, 335222155179010.56, 352013438704144.5, 319259717162925.8, 319929807881953.25, 305691007501426.9, 303052875608532.0, 288116455976648.0], [270653050941763.75, 279403018876780.78, 288626322595935.5, 307442240316130.44, 320817639859564.1, 332795527982125.6, 318996883241446.0, 305681249725303.3, 297123816914406.3, 269152569324752.8, 267127005216403.0, 267097567996630.47, 277138455138079.03, 278372067147195.7, 281133446820068.72, 285865890168666.5, 309623275087241.06, 307463199634438.06, 320746124656664.6, 319259717162925.8, 349780157539278.44, 332097892452243.5, 315576135106757.8, 317447071300039.6, 299920885813715.56], [266582767887069.9, 276867141229196.28, 290568575339166.1, 306712486162950.8, 320103463276824.56, 332147907541720.56, 318353786411237.1, 306695193257933.44, 295370025515363.2, 263815074148014.94, 264016718331294.97, 262040145739238.47, 274090166704798.88, 274594638088309.56, 285579904024716.9, 291190219257419.06, 309576120051861.75, 303848099344977.6, 318681336101970.56, 319929807881953.25, 332097892452243.5, 348662117696561.2, 314922315563421.1, 315700622813384.75, 305636119126724.6], [259193638455182.56, 269405315139523.84, 282214148883711.0, 301364525791503.1, 308965249141976.3, 318558092185551.2, 332094884847524.7, 319412650796648.94, 308388936873155.3, 254588476201529.56, 257289949068982.2, 256080956644045.5, 263897400761376.56, 270391156960995.28, 276162606107725.56, 281069298469037.3, 305908521682132.5, 303699706127907.4, 307773698511167.25, 305691007501426.9, 315576135106757.8, 314922315563421.1, 349485720902468.44, 330690670891255.44, 315242939785861.0], [251107267509542.44, 260267395714976.56, 271897924933335.03, 292781079673420.75, 304778310688561.6, 318116887018245.0, 331179531254594.6, 318203186304496.7, 307607315781617.1, 248564174673593.3, 248533373205540.2, 247557268774743.56, 254886965785234.94, 261272384799002.22, 263994242007699.4, 270594662286356.88, 298539945191267.44, 292264820941246.4, 303374674476124.3, 303052875608532.0, 317447071300039.6, 315700622813384.75, 330690670891255.44, 347515780984867.2, 313276601660380.7], [246924470950924.0, 253905184940153.22, 266581212774162.84, 283055324235570.2, 289630747869481.4, 303626503478233.06, 316490625833319.56, 331252203640866.1, 321601154388341.2, 243987426892844.3, 246527585301877.28, 243363263287785.8, 249031683744836.06, 252156401811035.56, 259052927584225.72, 269108108592290.34, 290664213552107.4, 281006840145977.34, 283090308910196.2, 288116455976648.0, 299920885813715.56, 305636119126724.6, 315242939785861.0, 313276601660380.7, 346920255990235.8], [4746764053956.601, 5191050659173.933, 5348885448847.6875, 5444278988949.286, 4873577345563.308, 5427412758174.648, 4576052164998.985, 370134662894.7881, -6336601959648.091, 4614879017758.661, 4467824235003.358, 4788741073500.313, 5023586767221.874, 5441104312970.598, 5368321439562.155, 5346069542969.443, 5663904286984.162, 5572925566763.374, 4617739649852.807, 4165055464712.604, 5437027010289.737, 6461274033721.874, 5862897516963.493, 5647568550684.997, 3250954763620.6323]]}}